Line,Location,State,Season,Soil_Type,Irrigation,Rainfall_mm,Temp_C,Humidity_pct,SNP_001,SNP_002,SNP_003,SNP_004,SNP_005,SNP_006,SNP_007,SNP_008,SNP_009,SNP_010,SNP_011,SNP_012,SNP_013,SNP_014,SNP_015,SNP_016,SNP_017,SNP_018,SNP_019,SNP_020,SNP_021,SNP_022,SNP_023,SNP_024,SNP_025,SNP_026,SNP_027,SNP_028,SNP_029,SNP_030,SNP_031,SNP_032,SNP_033,SNP_034,SNP_035,SNP_036,SNP_037,SNP_038,SNP_039,SNP_040,SNP_041,SNP_042,SNP_043,SNP_044,SNP_045,SNP_046,SNP_047,SNP_048,SNP_049,SNP_050,SNP_051,SNP_052,SNP_053,SNP_054,SNP_055,SNP_056,SNP_057,SNP_058,SNP_059,SNP_060,SNP_061,SNP_062,SNP_063,SNP_064,SNP_065,SNP_066,SNP_067,SNP_068,SNP_069,SNP_070,SNP_071,SNP_072,SNP_073,SNP_074,SNP_075,SNP_076,SNP_077,SNP_078,SNP_079,SNP_080,SNP_081,SNP_082,SNP_083,SNP_084,SNP_085,SNP_086,SNP_087,SNP_088,SNP_089,SNP_090,SNP_091,SNP_092,SNP_093,SNP_094,SNP_095,SNP_096,SNP_097,SNP_098,SNP_099,SNP_100,SNP_101,SNP_102,SNP_103,SNP_104,SNP_105,SNP_106,SNP_107,SNP_108,SNP_109,SNP_110,SNP_111,SNP_112,SNP_113,SNP_114,SNP_115,SNP_116,SNP_117,SNP_118,SNP_119,SNP_120,SNP_121,SNP_122,SNP_123,SNP_124,SNP_125,SNP_126,SNP_127,SNP_128,SNP_129,SNP_130,SNP_131,SNP_132,SNP_133,SNP_134,SNP_135,SNP_136,SNP_137,SNP_138,SNP_139,SNP_140,SNP_141,SNP_142,SNP_143,SNP_144,SNP_145,SNP_146,SNP_147,SNP_148,SNP_149,SNP_150,SNP_151,SNP_152,SNP_153,SNP_154,SNP_155,SNP_156,SNP_157,SNP_158,SNP_159,SNP_160,SNP_161,SNP_162,SNP_163,SNP_164,SNP_165,SNP_166,SNP_167,SNP_168,SNP_169,SNP_170,SNP_171,SNP_172,SNP_173,SNP_174,SNP_175,SNP_176,SNP_177,SNP_178,SNP_179,SNP_180,SNP_181,SNP_182,SNP_183,SNP_184,SNP_185,SNP_186,SNP_187,SNP_188,SNP_189,SNP_190,SNP_191,SNP_192,SNP_193,SNP_194,SNP_195,SNP_196,SNP_197,SNP_198,SNP_199,SNP_200,SNP_201,SNP_202,SNP_203,SNP_204,SNP_205,SNP_206,SNP_207,SNP_208,SNP_209,SNP_210,SNP_211,SNP_212,SNP_213,SNP_214,SNP_215,SNP_216,SNP_217,SNP_218,SNP_219,SNP_220,SNP_221,SNP_222,SNP_223,SNP_224,SNP_225,SNP_226,SNP_227,SNP_228,SNP_229,SNP_230,SNP_231,SNP_232,SNP_233,SNP_234,SNP_235,SNP_236,SNP_237,SNP_238,SNP_239,SNP_240,SNP_241,SNP_242,SNP_243,SNP_244,SNP_245,SNP_246,SNP_247,SNP_248,SNP_249,SNP_250,SNP_251,SNP_252,SNP_253,SNP_254,SNP_255,SNP_256,SNP_257,SNP_258,SNP_259,SNP_260,SNP_261,SNP_262,SNP_263,SNP_264,SNP_265,SNP_266,SNP_267,SNP_268,SNP_269,SNP_270,SNP_271,SNP_272,SNP_273,SNP_274,SNP_275,SNP_276,SNP_277,SNP_278,SNP_279,SNP_280,SNP_281,SNP_282,SNP_283,SNP_284,SNP_285,SNP_286,SNP_287,SNP_288,SNP_289,SNP_290,SNP_291,SNP_292,SNP_293,SNP_294,SNP_295,SNP_296,SNP_297,SNP_298,SNP_299,SNP_300,Yield_t_ha,Disease_Resistance,Drought_Tolerance,Grain_Quality,Maturity_Period
L0001,Coimbatore,Tamil Nadu,Kharif,Red Loamy,Rainfed,650,29.5,68,AC,TT,GG,AG,GG,CC,GG,TT,CC,CC,AT,CT,CC,AT,GT,GG,CG,TT,TT,AA,CC,TT,GT,CC,TT,CT,GT,TT,GG,AA,TT,CC,AA,CC,AG,GG,GG,CC,GG,CC,GT,CT,AA,NN,AG,GG,TT,AT,CC,AA,GG,AA,AA,GG,CC,TT,AA,AC,GG,AA,AA,TT,TT,GG,TT,AT,CC,GG,TT,GG,AA,GG,CC,AG,GG,AA,TT,AG,TT,TT,AG,GT,GG,CC,AA,GG,AA,TT,CC,GT,CC,TT,CT,TT,TT,GG,TT,CC,GT,CC,CC,CC,AG,AA,TT,TT,CC,AA,AA,AA,CC,GG,TT,CC,TT,AA,AA,AT,CC,AG,CC,GG,CC,GG,TT,AG,CT,CC,CC,CC,AA,TT,CC,AA,CC,CC,AA,TT,AA,AA,CG,CC,CC,GG,AA,AG,AA,AC,GT,CC,CC,AA,AA,AA,TT,AG,AA,TT,CT,GG,AC,TT,TT,TT,NN,AA,TT,NN,AA,TT,CG,CC,AG,CC,CC,CC,CG,CC,AA,AG,GG,CC,TT,CC,GG,GT,CG,AA,AA,AG,TT,CC,GG,AA,AC,CC,GG,GG,AC,GG,TT,AA,AA,CC,GG,AT,CC,AA,TT,GG,TT,TT,AA,GG,GT,AT,CG,AT,GT,AA,GG,AG,TT,AA,TT,CC,TT,AA,CC,TT,GG,AA,CG,AA,CC,AT,TT,TT,GG,TT,AA,CC,AG,GG,CC,CC,GG,CC,GG,TT,AA,CC,TT,GG,CC,GG,AA,GG,CC,AA,CC,AT,AA,AC,CC,AC,TT,AA,GG,AA,AA,AC,AA,AG,AA,AG,AA,TT,CG,AA,AA,CC,AC,CC,AA,AA,CG,GG,GG,TT,AA,AG,TT,TT,TT,AA,AT,GG,GG,AA,2.05,Resistant,Medium,Standard,Medium
L0002,Coimbatore,Tamil Nadu,Kharif,Red Loamy,Rainfed,650,29.5,68,AA,CT,GG,AG,GG,CC,GG,TT,CC,CG,AA,CT,CC,TT,GT,NN,GG,TT,TT,AA,CC,TT,GT,TT,AT,CC,TT,TT,GG,AC,TT,CT,AA,CC,GG,GG,GG,CC,GG,CC,TT,TT,AA,GG,AA,AG,TT,TT,CC,AA,GT,AA,NN,GG,CC,GT,AA,CC,TT,AA,AA,GT,TT,AA,TT,TT,CC,GG,TT,GT,AA,GG,CC,AA,GG,AA,AA,GG,TT,TT,GG,GT,GT,CC,AA,GG,AA,AA,CC,GT,CC,TT,CT,TT,TT,GG,TT,CC,TT,CC,CC,CC,GG,AA,TT,TT,CC,AA,AA,AA,CT,GG,TT,CC,NN,AA,AA,TT,CG,AG,CC,GG,CC,TT,TT,AG,CC,CG,CC,CC,AA,TT,CC,AA,CC,CC,AA,TT,AG,AA,NN,CT,CC,GG,AA,AG,AT,CC,GT,CC,CC,AA,AG,GG,TT,GG,AC,TT,TT,AG,CC,TT,GT,TT,CC,AA,TT,TT,AA,AT,GG,CC,AG,CC,CC,CC,GG,CC,AA,GG,AG,CC,TT,CG,GT,TT,CG,AT,AA,AA,TT,CC,GG,AC,AC,CC,GG,GG,AA,GG,TT,AA,AA,NN,GG,AA,CC,AA,AT,GT,TT,AT,AT,CG,GT,AA,CC,TT,TT,AA,GG,AA,CT,AA,TT,CC,TT,AC,CC,CT,GG,AG,CG,AG,CC,TT,CT,GT,GG,TT,AA,AC,NN,NN,CC,CG,GG,CC,GG,AT,AA,CC,TT,GG,CC,CG,AA,AG,CC,AA,CC,NN,AG,CC,CC,AC,AT,AA,GG,AT,AC,AA,AA,GG,AA,AA,AG,TT,GG,AC,AA,CC,AC,TT,AA,AA,GG,AG,CG,TT,AA,AA,TT,TT,TT,NN,TT,GG,GG,AA,4.14,Susceptible,Medium,Standard,Late
L0003,Coimbatore,Tamil Nadu,Kharif,Red Loamy,Rainfed,650,29.5,68,AC,TT,GG,AG,CG,CC,GT,TT,CC,CG,AA,CT,CC,AT,TT,GG,CG,TT,TT,AA,CC,TT,GT,CT,TT,CC,TT,AT,GT,AA,TT,CT,AA,CC,GG,GG,GG,CC,GG,CC,TT,CT,AC,TT,AA,AG,CT,TT,CC,AA,GG,AA,AA,GG,CC,TT,AA,AA,GG,AC,AA,TT,TT,AA,TT,TT,CC,GT,CT,GG,AA,GG,CC,AA,GG,AC,AA,GG,TT,TT,GG,GG,GG,CC,AA,GG,AA,AA,CC,GT,AC,NN,CC,TT,TT,GG,CT,CC,TT,CC,CT,GG,AG,AG,TT,TT,CC,AA,AG,AA,CC,GG,TT,CC,GT,AA,AA,AT,CC,GG,CG,GG,CC,GT,TT,AA,CC,CC,CC,CC,AA,TT,CC,AA,CC,CC,AA,TT,AA,AA,GG,CC,CG,GG,AA,NN,AA,CC,GT,CC,CC,AA,AG,AG,TT,GG,AC,TT,CT,AG,CC,GT,GT,TT,CC,AT,GT,CT,AA,TT,GG,CC,GG,CC,CC,CC,CG,CC,AA,GG,AA,CC,TT,CC,GG,TT,CC,AT,AA,AA,TT,CC,GG,AA,AC,CC,GG,GG,AA,GG,TT,AA,AA,CC,GG,AT,CC,AA,AT,GG,TT,TT,AT,GG,GT,AA,CC,AT,TT,AA,GG,AA,CT,AC,TT,CC,TT,AC,CC,TT,GG,AA,CC,AG,CC,TT,TT,TT,GG,TT,AC,AC,AG,GG,CG,CG,GG,CC,GG,AA,AA,CG,TT,GG,CC,CG,AT,AG,CC,AA,CC,AA,AA,CC,GG,AC,TT,AA,GG,AA,AA,AC,AA,GG,AA,AA,AA,NN,GG,AA,AA,CC,AC,CT,AA,AG,GG,GG,GG,TT,AA,AA,TT,TT,TT,AG,AT,GG,GG,AA,4.37,Moderate,Low,Premium,Medium
L0004,Coimbatore,Tamil Nadu,Kharif,Red Loamy,Rainfed,650,29.5,68,CC,TT,GG,AG,CG,CC,GG,TT,CC,GG,AA,CT,CC,TT,TT,GT,CG,TT,TT,AG,CC,TT,GT,CC,TT,CC,GT,TT,GG,AA,TT,CT,AA,CC,GG,CG,GG,CC,GT,CC,TT,CT,AA,TT,AA,GG,TT,TT,CC,CC,GG,AA,AA,GG,CC,GT,AA,AA,GT,AC,AA,TT,TT,AA,CC,TT,CC,GG,TT,GG,AA,GT,CC,AA,GG,CC,AA,GG,TT,TT,GG,GG,GT,NN,AA,GG,AA,AA,CC,TT,CC,TT,CT,TT,TT,GG,TT,CC,GT,CC,CC,CG,AG,AA,AT,TT,CC,AG,AA,AC,CT,GG,TT,CC,NN,CC,AA,TT,CG,GG,CC,GG,CT,GG,TT,AG,CC,CC,CC,CC,AA,TT,CC,AA,CC,CC,AA,TT,AA,AA,GG,CC,CC,GG,AA,AA,AA,CC,GG,CC,CC,AG,AA,GG,TT,AG,AC,GG,CT,GG,CC,TT,TT,TT,CC,AA,GT,TT,AA,AT,GG,CC,GG,TT,CC,CC,CG,AC,AA,AG,AA,CC,TT,CC,GG,GT,CG,AT,AA,AG,TT,CC,GG,AA,AC,CC,GG,GG,AA,GG,TT,AA,AA,CG,GG,AA,AC,AA,AT,GG,TT,TT,AT,GG,GT,AT,CG,AT,TT,AA,GG,NN,CT,AC,TT,CC,TT,AA,CC,TT,GG,AG,CG,GG,CC,TT,CT,GT,GG,AT,AA,NN,GG,GG,CC,CC,GG,CC,GG,TT,AA,CC,GT,GG,CC,CC,AA,AG,CC,AA,CC,AA,AA,AC,GG,CC,TT,AA,CG,AA,AA,AC,AA,AA,AG,GG,AA,TT,GG,AC,AA,CC,AA,TT,GG,AA,GG,GG,CG,TT,AT,AA,TT,TT,TT,AA,AT,GG,GG,AA,2.71,Susceptible,High,Standard,Early
L0005,Coimbatore,Tamil Nadu,Kharif,Red Loamy,Rainfed,650,29.5,68,AC,CT,GG,AG,GG,CC,GG,TT,CC,CG,AA,CC,CC,TT,NN,GT,GG,TT,TT,AA,CC,GT,TT,CC,TT,CC,GT,TT,GG,AA,TT,CC,AA,CC,GG,CG,GG,CC,GG,CC,TT,CT,AA,TT,AA,GG,TT,TT,CC,NN,GG,AA,AA,GG,CC,TT,AA,AA,GG,AC,AA,TT,TT,AA,TT,TT,CC,GG,TT,GG,AA,GG,CC,AA,GG,AA,AT,GG,TT,TT,GG,GG,GG,AC,NN,GG,AA,AA,CC,GT,AC,TT,CC,TT,TT,GG,CT,CC,GT,CT,CC,CC,AG,AA,AT,GT,CG,AA,GG,AA,CC,GG,TT,CC,TT,AA,AC,AT,CG,GG,CG,GG,CC,GG,TT,AG,CC,CC,AC,CC,AA,TT,CC,AA,CC,CC,AA,TT,AA,AA,CG,CC,CC,GG,AA,AA,AA,AC,GG,CC,CG,AA,AA,GG,TT,AG,AA,GT,TT,AG,CC,TT,TT,CT,CC,AA,GT,TT,TT,AT,GG,CC,AA,CC,CC,AC,GG,CC,AA,GG,AA,CC,TT,CC,GG,TT,GG,AA,AA,AG,TT,CC,GG,CC,CC,CC,GG,GG,AA,GG,TT,CC,AA,CC,GG,AA,AC,AT,AT,GG,TT,AT,AA,GG,TT,AA,CG,AT,TT,AA,GG,AA,CC,AA,TT,CC,CT,AA,CC,CC,GG,AG,NN,GG,CC,TT,CT,GT,GG,AT,CC,CC,AG,GG,CC,CC,GG,CC,GG,AT,AA,CC,TT,GG,CC,CC,AA,GG,NN,NN,CC,AA,AA,AC,CC,CC,TT,AA,GG,AA,AA,AC,AA,AG,AG,AA,AA,AT,GG,AA,AG,CC,AC,CC,AA,AG,GG,GG,CG,TT,AA,AA,TT,TT,TT,AA,TT,GG,GG,AA,5.97,Susceptible,Low,Premium,Early
L0006,Coimbatore,Tamil Nadu,Kharif,Red Loamy,Rainfed,650,29.5,68,CC,TT,AG,GG,GG,CC,GG,TT,CC,CG,AA,CC,CG,NN,GT,GG,CG,TT,TT,AG,CC,TT,TT,CC,TT,CC,GT,TT,GT,AA,TT,CC,AA,AC,GG,CG,GG,CC,GG,CC,TT,CT,AA,TT,AA,GG,TT,TT,CC,AC,GG,AT,AA,GG,CT,TT,AT,AC,GT,AC,AA,TT,TT,GG,TT,AT,CC,GG,TT,GT,AA,GG,NN,AA,AA,AA,AT,GG,TT,TT,GG,GG,GG,CC,AA,GG,AG,AA,CC,TT,CC,TT,CT,TT,GT,AG,CT,CC,GT,CC,CT,CG,AG,AA,TT,TT,CC,AA,GG,AA,CT,GG,NN,CG,TT,AC,AC,TT,CG,AA,CC,GG,CC,GG,TT,AG,CC,CC,CC,CC,AG,GT,CC,AA,CC,CC,AA,AT,AA,AA,GG,NN,CC,GG,AA,AA,AA,CC,GT,CC,CC,AA,AA,GG,TT,AG,AC,TT,CT,GG,AA,TT,GT,TT,CC,AA,GT,TT,AT,TT,GG,CC,NN,CT,AA,CC,GG,CC,AA,GG,AG,CC,TT,CC,GT,TT,GG,NN,NN,AG,TT,CC,GG,AC,CC,CC,GG,GG,AA,GG,TT,CC,AA,CC,GG,NN,CC,AA,AT,GG,TT,AT,AA,GG,GT,AT,CC,TT,GT,AA,GG,AA,CC,AA,TT,CC,TT,AA,CC,TT,GG,AA,CC,AA,AC,AT,TT,GG,GG,TT,AC,CC,AG,GG,CC,CG,GG,CC,GG,TT,AA,CC,TT,AG,GG,CC,AA,GG,CG,AA,CC,AA,AA,CC,CG,AC,TT,AA,GG,AA,AC,AC,AA,AG,AA,AG,AA,AT,GG,AC,GG,CC,AC,CC,AA,AA,CG,GG,GG,GT,AA,AA,TT,TT,TT,AA,AA,GG,GG,AA,3.99,Susceptible,High,Standard,Medium
L0007,Coimbatore,Tamil Nadu,Kharif,Red Loamy,Rainfed,650,29.5,68,CC,TT,GG,AG,GG,CC,GG,TT,CC,CG,AA,CT,CC,AT,GT,GG,CC,TT,TT,AG,CC,TT,TT,CC,TT,CC,TT,TT,GG,AA,TT,CC,AG,AC,AG,GG,GG,CG,GG,CC,TT,CT,AA,TT,AG,GG,TT,TT,CC,CC,GG,AT,AA,GG,CT,TT,AA,AC,GG,AC,AA,TT,AT,AG,CT,AT,CC,GG,TT,GG,AG,GG,CC,AA,GG,CC,AT,GG,TT,TT,GG,GG,GG,CC,AA,GG,AA,AA,CC,TT,CC,TT,CC,AT,GG,GG,TT,CC,GT,CC,CC,CC,NN,AA,TT,GT,CG,AA,AG,AA,CC,GG,TT,CC,TT,AC,AA,TT,CC,AG,CC,GG,CC,GT,TT,AA,CC,CC,CC,CG,AA,TT,CC,AA,CC,CC,AA,TT,AA,AA,GG,CT,CC,GG,AA,AG,AT,AC,TT,CC,CC,AA,AA,AG,GT,AG,AA,GT,CT,GG,CC,TT,TT,TT,CG,TT,TT,TT,AA,AT,GG,CG,AA,CT,CC,CC,GG,AC,AA,GG,AG,CC,TT,CC,GG,TT,GG,AA,AA,AA,TT,CC,GG,AC,CC,CG,GG,GG,AC,GG,TT,AA,AA,CC,NN,AA,CC,AA,AA,GG,TT,AT,NN,GG,TT,AT,CC,AT,GT,AA,GG,AA,TT,AA,TT,CC,CT,AC,CC,TT,CG,AG,CG,AA,CC,TT,TT,TT,GG,TT,AA,CC,AA,GT,CC,CC,GG,CC,GG,AA,AA,CC,TT,GG,CG,CC,AA,GG,CG,AT,CG,AA,AA,AC,CC,CC,AT,AA,GG,AA,AC,AA,AA,NN,AA,AA,AA,TT,GG,AA,AG,AC,AC,CT,AA,AA,GG,GG,GG,GT,AT,AA,TT,TT,TT,AA,TT,GG,GG,AC,1.02,Resistant,Medium,Premium,Late
L0008,Coimbatore,Tamil Nadu,Kharif,Red Loamy,Rainfed,650,29.5,68,AA,TT,GG,AA,GG,CG,GG,TT,CG,CC,AA,CT,CC,TT,TT,GG,GG,TT,TT,AA,CC,TT,GT,CC,TT,CC,TT,TT,GG,AA,TT,CC,AA,CC,GG,CC,GG,CG,GG,CC,TT,CT,AC,TT,NN,AG,TT,TT,NN,AC,GG,AT,AA,CG,CT,TT,AT,AC,GT,AA,AA,TT,AT,AG,TT,TT,CC,GG,CT,GG,AA,GG,CC,AA,GG,AC,AT,GG,TT,TT,GG,GG,GG,CC,AA,GG,AA,AA,CC,TT,CC,TT,CT,TT,TT,GG,CT,AC,NN,CT,CC,CG,GG,AA,TT,TT,CC,AA,AG,AA,NN,GG,TT,CC,TT,AA,AA,TT,CC,AG,CG,GG,CC,GG,CT,AA,CC,CC,CC,CC,AA,TT,CC,AA,NN,CC,AA,TT,AA,AT,GG,CC,CC,GG,AA,AA,AA,AC,GG,CC,CC,AA,AA,GG,TT,GG,AA,GT,TT,AG,CC,TT,TT,NN,CC,AA,TT,CT,AA,TT,GG,CC,AA,CT,CC,CC,CC,CC,AA,GG,AA,CC,NN,CC,GG,TT,GG,AT,AA,AA,TT,CC,GG,AA,AA,CC,CG,GG,AC,GG,TT,AC,AA,CG,GG,AA,CC,AA,AA,GG,GT,TT,AT,GG,TT,AA,CC,TT,TT,AA,GG,NN,CT,AC,TT,CC,CC,CC,CC,CT,GG,AG,CC,AG,CC,TT,TT,GT,GG,TT,AA,CC,AG,GG,CC,CC,GG,CC,GG,TT,GG,CC,GG,GG,CC,CC,AA,NN,CC,AT,CG,AA,AA,CC,NN,AC,NN,AA,GG,AA,CC,AA,AC,GG,GG,AA,NN,AT,CG,CC,AA,AA,AA,CT,AA,AG,GG,AG,CG,GG,AA,AA,TT,TT,TT,AA,TT,GG,GG,AA,5.34,Susceptible,Medium,Poor,Early
L0009,Coimbatore,Tamil Nadu,Kharif,Red Loamy,Rainfed,650,29.5,68,AC,CT,NN,AA,NN,CC,GT,TT,CC,CG,AA,CC,CC,TT,GT,GG,GG,TT,TT,AA,CC,GT,TT,CT,TT,CC,TT,TT,GG,AA,TT,CT,AA,CC,GG,CG,GG,CG,NN,CC,TT,TT,NN,GT,AG,AG,CT,NN,CC,AC,GG,AT,AA,NN,CT,GT,AT,AA,TT,AA,AA,TT,AT,AA,TT,TT,CC,GG,TT,NN,AA,GG,CC,AG,AG,AA,AT,GG,TT,TT,GG,GT,GT,CC,AA,GG,AA,AA,CC,TT,CC,TT,CC,TT,TT,GG,CT,CC,GT,CC,CC,CC,AA,AA,NN,TT,CC,AA,GG,AC,CT,GG,GT,CC,TT,AC,AA,AT,CG,NN,CC,GG,CT,GG,CT,AG,CT,CC,CC,CC,AA,TT,CC,AA,CC,CC,AA,TT,AG,AA,GG,CT,CG,GG,AG,AA,AA,CC,GT,CC,CC,AA,AG,GG,TT,GG,AC,TT,TT,AG,AC,TT,GT,TT,GG,AT,TT,TT,AT,TT,GG,CC,AG,TT,CC,CC,GG,CC,AA,GG,AG,CC,TT,CC,GT,TT,CG,AA,AA,AA,TT,CC,GG,AC,AA,CC,GG,GG,AC,GG,TT,AA,AA,CG,GG,AA,CC,AA,AT,GG,TT,AT,AT,GG,TT,AT,CC,TT,TT,AA,GG,AA,TT,AA,TT,CC,TT,AC,CC,CT,GG,AG,CC,GG,CC,TT,TT,TT,GG,TT,AA,CC,GG,GG,CC,CG,GG,CC,GG,AA,AA,CG,TT,GG,CG,CC,AA,GG,CG,AA,CC,AT,AA,AC,GG,CC,TT,AA,GG,AA,AC,AC,AA,AG,AA,AA,AA,TT,CG,AA,NN,AA,AA,CT,AA,GG,GG,GG,GG,TT,AA,AA,TT,TT,TT,AA,AT,GG,CG,AA,4.27,Moderate,High,Poor,Early
L0010,Coimbatore,Tamil Nadu,Kharif,Red Loamy,Rainfed,650,29.5,68,AC,TT,GG,AA,GG,CC,GG,TT,CC,CC,AA,CC,CC,TT,TT,GG,CG,TT,TT,AA,CC,GT,TT,CT,TT,CC,TT,TT,GG,AA,TT,CC,AA,CC,AG,GG,GT,CG,GG,CC,TT,CC,AA,GT,AA,GG,TT,TT,CC,AA,GG,AA,AG,GG,CC,TT,AA,AC,GT,AA,AG,GT,NN,AG,CT,TT,CC,GG,TT,GG,AA,GT,CC,AA,AA,CC,TT,GG,TT,TT,GG,GG,GT,CC,AT,GG,AA,AA,CC,GT,CC,TT,CC,TT,TT,AG,TT,CC,GT,CC,CC,CG,GG,AG,TT,TT,CC,AA,GG,AA,CC,GT,NN,CC,TT,AA,AA,TT,CC,GG,CC,AG,CC,GT,TT,AA,CC,CC,AC,CC,AA,TT,AC,AA,CC,CC,AA,TT,AA,AT,GG,TT,CC,GG,AA,AA,AA,CC,GG,CG,CC,AA,AA,GG,GT,AG,AA,TT,CC,GG,CC,GT,TT,TT,CG,AT,GT,TT,AT,TT,GG,CC,AA,CT,CC,CC,CC,CC,AA,GG,AG,CC,TT,CC,TT,GT,GG,AT,AA,AA,TT,CC,CG,AA,CC,CG,GG,GG,AC,NN,TT,AA,AA,CC,GG,AT,CC,AA,AT,GG,TT,AT,AT,GG,GT,AT,CG,TT,GT,AA,GG,AA,TT,AA,TT,CG,TT,AA,CC,TT,GG,AA,CG,GG,CC,TT,CC,TT,GG,TT,AA,AC,AA,GG,CC,CC,GG,CC,GG,AA,AA,CG,GT,GG,CC,CC,AT,AG,CC,AT,CC,AT,AA,AC,CG,CC,AT,AA,GG,AA,AA,AC,AA,GG,AG,AA,AA,TT,GG,AC,AA,AA,CC,CT,AA,AA,GG,GG,GG,TT,AA,AA,TT,TT,TT,GG,TT,GG,GG,AC,3.47,Resistant,Medium,Premium,Late
L0011,Coimbatore,Tamil Nadu,Kharif,Red Loamy,Rainfed,650,29.5,68,CC,TT,GG,AA,GG,CC,GG,TT,CC,CG,AA,CT,CG,TT,TT,GG,GG,TT,TT,AG,CC,GT,GT,CC,AT,TT,TT,TT,GG,AA,TT,CT,AA,CC,GG,GG,GG,CC,GG,AC,TT,TT,AA,GT,AG,GG,TT,AT,CG,AC,GG,AA,AA,GG,CC,GT,AA,AA,TT,AA,AA,GT,TT,GG,CC,TT,CC,GG,TT,GT,AG,GG,AC,AA,GG,AC,AA,GG,TT,TT,GG,GG,GG,CC,AA,GG,AG,AT,CC,GT,CC,GT,CT,AT,TT,GG,TT,AA,TT,CC,CC,CC,AG,AA,AT,TT,CC,AA,AG,AA,CC,GG,NN,CC,GT,AA,AA,TT,CC,GG,CC,GG,CC,GG,TT,AA,CT,CC,CC,CG,AA,TT,CC,AA,CC,CC,AA,TT,AA,AA,GG,CC,CC,GG,AA,AG,AA,CC,TT,CG,CC,AA,AG,GG,NN,AG,AC,TT,CT,GG,CC,GT,GT,TT,CC,AT,TT,TT,AA,TT,GG,CG,AG,CT,CC,CC,CC,CC,AA,GG,AG,CC,TT,CC,GG,TT,GG,AT,AA,AG,NN,CC,GG,AA,AC,CC,GG,GG,AC,CG,TT,AC,AA,CC,GT,AT,AC,AA,AA,GG,GT,TT,AA,GG,GG,AT,CC,AT,GT,AA,GG,AA,CT,AA,TT,CC,TT,AA,CC,CT,GG,AA,CG,GG,NN,TT,TT,GT,GG,TT,AA,CC,AA,GG,CC,CG,GG,CG,GG,AT,AG,CC,TT,GG,CC,CC,AA,AG,CC,AA,CC,AA,AA,CC,NN,AC,TT,AA,GG,AA,AA,AA,NN,AG,GG,AA,AA,TT,GG,AC,AA,CC,AA,CT,AA,AA,GG,GG,GG,TT,AT,AG,GT,TT,TT,AG,AA,GG,GG,AA,3.31,Moderate,High,Premium,Early
L0012,Coimbatore,Tamil Nadu,Kharif,Red Loamy,Rainfed,650,29.5,68,AA,CT,GG,AA,CG,CC,GG,TT,CC,GG,AA,CC,CC,TT,TT,GG,GG,TT,TT,AA,CC,TT,TT,CC,TT,CC,TT,TT,GT,AA,TT,CC,AA,CC,GG,GG,GG,CC,GG,CC,TT,CT,AA,TT,AG,AG,TT,TT,CC,CC,GG,AA,AG,GG,CC,GG,AA,AA,GG,AC,AG,GT,AT,AG,CT,TT,CC,GG,TT,GG,AA,GG,CC,AA,AG,AA,AA,GG,TT,TT,GG,GG,GG,CC,AA,GG,AA,AT,CC,TT,CC,TT,CT,TT,TT,GG,CT,CC,TT,CC,CT,CG,AG,AA,TT,GT,CC,AA,AG,AA,CC,GG,TT,CC,TT,AA,AA,TT,CG,AG,CC,GG,CC,GT,TT,AG,CC,CC,CC,CC,AA,GT,CC,AA,CC,CT,AA,TT,AA,AA,GG,CC,CC,GG,AA,GG,AA,AC,GT,CC,CG,AA,AG,GG,TT,GG,CC,TT,CT,GG,CC,GT,TT,CT,CG,AA,TT,TT,AA,TT,GG,CC,AA,TT,CC,CC,CG,CC,AA,GG,AG,CC,TT,CC,GT,GG,CG,TT,AA,AA,TT,CC,GG,AC,CC,CC,GG,GG,AA,GG,TT,AC,NN,CC,GG,AA,CC,AA,AA,GG,TT,AT,AA,GG,GT,AA,CC,TT,GT,AA,GG,AA,TT,AA,TT,CC,TT,AA,AC,TT,CC,GG,CG,AA,CC,TT,CT,GT,GG,AT,AC,CC,AA,GG,CG,CC,GG,CC,GG,TT,AA,CC,TT,GG,CC,CC,AT,GG,CC,AA,CC,AT,AA,AC,CG,AC,AA,AA,GG,AA,AA,AA,AA,GG,AA,AA,AA,TT,GG,CC,AA,AA,AC,CC,AG,AA,GG,NN,GG,GT,AA,AA,TT,TT,TT,AA,TT,GG,GG,AA,4.01,Moderate,High,Poor,Late
L0013,Coimbatore,Tamil Nadu,Kharif,Red Loamy,Rainfed,650,29.5,68,AA,TT,GG,AG,CG,CC,GG,TT,CC,CG,AA,CC,CC,TT,GT,GG,GG,TT,TT,AA,CG,TT,TT,CC,TT,CC,TT,TT,GG,AA,TT,CC,AA,CC,GG,GG,GG,CC,GG,CC,GT,CT,AA,GT,AG,AG,NN,TT,CC,AA,GT,AA,AA,GG,CC,TT,AA,AC,GT,AA,AA,TT,TT,AG,TT,TT,CC,GG,CT,GG,AA,GG,CC,AA,AG,AC,AT,GG,TT,TT,GG,GT,GG,CC,AA,GG,AA,AA,CG,TT,CC,TT,CC,TT,TT,GG,CT,CC,TT,CC,CC,CC,AG,AA,TT,TT,CC,AA,GG,AA,CC,GG,TT,CC,TT,AA,AC,TT,CC,AG,CC,GG,CC,GT,TT,AA,CC,CC,AC,CC,AA,TT,CC,AA,CC,CC,AA,TT,AA,AA,GG,CC,CC,GG,AA,AG,AA,CC,GT,CC,CG,AA,GG,AG,TT,AG,AC,TT,CC,GG,CC,TT,TT,TT,CC,AA,GG,TT,AA,TT,CG,CC,AA,CT,CC,CC,GG,CC,AA,GG,AA,CC,TT,CC,TT,TT,CC,AT,AA,GG,TT,CC,CG,AA,CC,CC,NN,AG,AC,GG,TT,CC,AA,CC,GG,AA,CC,AT,AT,GT,TT,AT,AA,GG,GG,AT,CC,TT,GT,AA,GG,AA,CT,AA,TT,CC,TT,CC,CC,TT,GG,GG,CC,AA,CC,AT,CT,TT,GG,TT,AA,NN,AG,GG,CC,CC,GG,CC,GG,TT,AG,CG,TT,GG,CC,CG,AT,GG,CC,AT,CC,AT,AA,CC,CC,AC,AT,AA,GG,AA,AA,AA,AA,AG,GG,AG,AA,TT,CG,AC,AA,AA,AC,CT,AA,AA,GG,AG,GG,TT,AA,AA,GT,TT,TT,AA,AT,GG,GG,AA,4.46,Moderate,High,Standard,Medium
L0014,Coimbatore,Tamil Nadu,Kharif,Red Loamy,Rainfed,650,29.5,68,AC,TT,GG,AA,GG,CC,GG,TT,CC,CG,AA,CC,GG,TT,TT,GG,CG,TT,TT,AG,CC,TT,GT,CC,TT,CT,TT,TT,GG,AA,TT,CT,AA,CC,GG,CG,GG,CG,GG,CC,TT,CT,AA,TT,AG,AG,TT,TT,CC,AC,GG,AA,AA,GG,CC,GT,AT,AC,GG,AC,AA,TT,TT,AG,TT,NN,CC,GG,TT,TT,GG,GG,CC,AG,GG,AA,TT,GG,TT,TT,AG,GG,GT,CC,AA,GG,AA,AT,CC,TT,AA,TT,TT,AT,TT,GG,TT,CC,GG,NN,CT,CC,AG,AA,TT,GT,CC,AA,AA,AA,CT,GG,TT,CC,TT,AA,AA,AT,CC,AG,CC,GG,CC,GG,CT,AA,CT,CC,CC,CC,AA,TT,CC,AC,CC,CC,AA,AT,AA,AT,GG,CC,CC,GG,AA,AG,AA,CC,GT,CC,CG,AA,AA,GG,TT,GG,AC,TT,TT,AA,CC,TT,TT,TT,CC,AT,TT,TT,AA,TT,CG,CC,AG,CC,AC,CC,CG,CC,AA,GG,AA,CC,TT,CC,GG,TT,GG,TT,AG,AA,TT,CC,GG,AC,CC,NN,GG,AG,CC,GG,TT,AC,AA,CC,GT,AA,AC,AA,AT,GG,TT,AA,AA,CG,GT,AA,CC,AT,GG,AA,GG,AA,CT,AA,TT,CC,TT,AC,CC,CT,CC,AA,CG,GG,CC,AA,CT,GT,GG,AT,AA,AC,AA,GG,CC,CC,GG,CC,GT,AT,AA,CC,GT,AG,CC,CC,AA,AG,CG,AT,CC,AA,AA,CC,CG,CC,TT,AA,GG,NN,AA,AC,AA,GG,AA,AA,AA,TT,GG,AA,AA,CC,AC,NN,AA,AA,GG,GG,GG,TT,AT,AA,TT,TT,TT,GG,TT,CG,GG,AA,5.69,Moderate,Low,Poor,Early
L0015,Coimbatore,Tamil Nadu,Kharif,Red Loamy,Rainfed,650,29.5,68,AA,TT,AG,AA,GG,CC,GT,TT,CC,CG,AA,CC,CC,AT,TT,GG,CG,TT,TT,AA,CG,TT,GT,CC,TT,CC,GT,TT,GT,AA,TT,CC,AA,CC,GG,CG,GG,CG,GG,CC,TT,CT,CC,TT,AG,GG,TT,TT,CC,AC,GG,AA,AA,GG,CC,TT,AA,AC,GT,NN,AA,GT,TT,NN,TT,TT,CC,GG,TT,GG,AA,GG,CC,AA,GG,AC,AT,GG,TT,TT,GG,GG,GG,CC,AA,GG,AA,AT,CG,GT,CC,TT,CT,TT,TT,AG,TT,AC,TT,CC,CC,CG,AA,AA,AT,TT,CC,AA,AG,AA,CC,GG,TT,CC,GT,NN,AA,TT,CC,GG,CC,GG,CC,GT,CT,AA,CC,CC,CC,CC,AA,TT,CC,AA,AC,CC,AA,TT,AA,AA,GG,CT,CC,GG,AA,GG,AA,CC,GG,CC,CG,AA,GG,AG,TT,GG,AC,TT,TT,GG,AC,TT,GT,TT,GG,AT,TT,TT,AA,TT,GG,CG,AA,CC,CC,CC,GG,CC,AA,GG,AA,CC,TT,CC,GT,TT,GG,NN,AA,AA,TT,CC,GG,AA,AC,CC,GG,GG,AA,GG,TT,CC,AA,CC,GG,AT,CC,AA,AT,GG,TT,TT,AA,GG,GT,TT,GG,TT,GT,AA,GG,AA,CT,AA,TT,CC,TT,AC,CC,TT,NN,AG,CC,AG,CC,TT,TT,GT,GG,TT,AC,AC,AA,GG,CC,NN,CG,CC,GG,TT,AG,CC,GT,GG,CC,CG,AA,GG,CG,NN,CC,AA,AA,CC,CC,AC,TT,AA,GG,AA,AA,AA,AA,AG,AG,AA,AA,AT,GG,AA,AA,CC,AC,CC,AA,AA,GG,GG,GG,GT,AT,AG,TT,TT,TT,AA,AT,GG,CG,AA,4.12,Susceptible,Low,Premium,Medium
L0016,Coimbatore,Tamil Nadu,Kharif,Red Loamy,Rainfed,650,29.5,68,AC,CT,AG,AG,GG,CC,GG,AT,CC,CG,AA,CC,CC,TT,GT,GG,CC,TT,TT,AG,CC,GT,GT,CT,AT,CC,GT,TT,GG,AA,TT,CC,AA,CC,GG,GG,GG,CC,NN,CC,TT,CT,AA,GT,AG,AG,TT,TT,CC,AA,GT,AA,AG,GG,CC,GG,AA,AA,GT,AC,AG,TT,AT,AA,TT,TT,CC,GT,TT,GT,AG,GG,CC,AA,AG,AA,AA,GG,TT,TT,GG,GG,GG,CC,AA,GG,NN,AA,CC,GT,CC,TT,CC,TT,TT,GG,TT,CC,GT,CC,NN,CC,AG,AA,AT,TT,NN,AA,AA,AA,CT,GG,TT,CC,GT,AC,AA,TT,CC,AG,CC,GG,CC,GG,CT,AA,CT,CC,CC,CC,AA,TT,AC,AA,CC,CC,AA,TT,AA,AT,GG,CC,CC,GG,AA,AA,AA,CC,GG,NN,CG,AA,AA,GG,TT,AG,AA,TT,CT,AG,CC,GT,TT,CT,NN,AT,GG,TT,NN,TT,GG,CC,AG,TT,CC,AC,CG,CC,AA,GG,AA,CC,TT,CG,GT,TT,CG,AT,AA,AA,TT,NN,GG,AA,CC,CC,GG,AG,CC,GG,TT,AA,AA,CC,GG,NN,AC,AA,AA,GT,TT,AA,AT,GG,TT,AT,CC,TT,NN,AA,GG,AA,TT,AA,TT,CC,CT,AA,AC,CT,CG,AG,CC,GG,CC,TT,TT,GG,GG,AT,AA,AC,AG,GG,CC,CG,GG,CC,GG,AT,AA,CC,TT,GG,CC,CG,AT,AG,CG,AT,CC,AA,AA,AC,CG,AC,TT,AA,GG,AA,AA,AC,AA,GG,AG,AG,AA,AA,GG,AA,AA,AC,AC,CT,AA,AG,GG,GG,GG,TT,AA,AA,TT,AT,TT,AA,TT,GG,GG,AA,2.62,Moderate,High,Poor,Late
L0017,Coimbatore,Tamil Nadu,Kharif,Red Loamy,Rainfed,650,29.5,68,AA,TT,AG,AA,GG,NN,GT,TT,CC,CG,AA,CC,CG,TT,NN,GG,GG,TT,TT,AA,CG,GG,TT,CT,TT,NN,TT,TT,GT,AA,TT,CT,AA,AC,GG,GG,GG,GG,GG,CC,TT,CT,AA,GT,AG,GG,TT,TT,CC,AC,TT,AA,AA,GG,CC,GT,AA,AA,GT,CC,AG,TT,AT,AG,TT,NN,CC,GG,TT,GT,AG,GG,CC,AA,AG,AC,AT,GG,TT,TT,AG,GG,GG,CC,AA,GG,AA,AA,CG,TT,CC,TT,CC,TT,GT,GG,CC,CC,TT,CT,CT,CC,GG,AG,AT,TT,CG,AG,AG,AA,CC,GG,TT,CG,TT,AC,AA,TT,CG,GG,CC,AG,CT,GT,TT,AA,CT,CC,CC,CC,AG,TT,CC,AA,CC,CC,AA,TT,AA,AA,CG,CT,CG,GG,AA,GG,AA,CC,GG,CC,CC,AG,AA,GG,TT,AG,AC,TT,TT,GG,CC,GG,GT,TT,CG,AA,TT,TT,AA,TT,GG,CC,AG,CC,CC,CC,GG,CC,AA,GG,AA,CC,TT,CG,GT,TT,GG,TT,AA,AA,TT,CC,GG,AA,CC,CG,GG,GG,AA,GG,NN,AA,AG,CC,GG,AA,CC,AA,AA,GG,TT,AT,AT,GG,GT,AT,CG,AT,TT,AA,GG,AA,CT,AA,TT,CG,CT,NN,CC,TT,GG,AA,CC,AG,CC,TT,TT,TT,GG,AT,AA,AA,AA,GG,CC,GG,GG,CC,GT,AT,AA,CC,TT,GG,CC,CG,AA,GG,CC,AA,CC,AA,AA,CC,CC,AC,TT,AA,GG,AT,AA,AC,AA,AA,AG,AA,AA,TT,GG,AA,AA,AC,AA,CC,AG,AA,GG,GG,GG,TT,AT,AA,TT,TT,TT,AA,TT,GG,GG,AA,4.98,Susceptible,Medium,Premium,Medium
L0018,Coimbatore,Tamil Nadu,Kharif,Red Loamy,Rainfed,650,29.5,68,CC,TT,AA,AG,CG,CC,GG,AT,CC,CG,AA,CC,NN,AT,TT,GG,CC,TT,TT,AA,CC,TT,GT,CC,NN,CC,GT,TT,GT,AA,TT,CC,AA,CC,GG,GG,GG,CC,GG,CC,TT,CT,AA,TT,AG,GG,TT,TT,CC,AC,GG,AA,AA,GG,CC,TT,AA,AA,GT,AC,AA,TT,AT,AA,CT,TT,CC,GG,TT,GT,AA,GG,CC,AA,GG,AC,AA,GG,TT,TT,GG,GG,GG,CC,AT,GG,AA,TT,CC,GG,CC,TT,CC,TT,GT,GG,TT,CC,TT,CC,CT,CC,GG,AA,TT,TT,CG,AA,AG,AA,CC,GG,GT,CC,GT,AA,AC,TT,CC,GG,CG,AG,CC,GG,TT,AA,CC,CC,CC,CC,AA,TT,CC,AA,CC,CC,AA,TT,AA,AT,CG,CC,CC,GG,AA,AG,AA,CC,GT,CC,CC,AG,NN,GG,GT,AG,CC,TT,TT,GG,AC,GT,TT,CT,CC,AT,TT,TT,AT,NN,GG,CC,AA,CT,CC,CC,GG,CC,AA,GG,GG,CC,TT,CC,GT,GT,GG,TT,AG,AG,TT,CC,CG,AC,CC,CC,GG,GG,AA,GG,TT,AC,AA,CC,GT,AA,AC,AA,AA,GG,TT,NN,AA,GG,GT,AT,CC,AT,TT,AA,GG,NN,TT,AA,TT,CC,TT,AA,CC,CC,GG,AA,CG,AA,CC,NN,CT,TT,GG,TT,AC,AC,AG,GG,CC,CG,NN,CC,NN,TT,AA,CG,GT,GG,CC,GG,AA,AG,CC,AT,CC,AA,NN,CC,CG,CC,TT,AA,GG,AA,AA,AC,AA,AG,GG,NN,AA,TT,GG,AA,AA,CC,AA,CT,AA,AA,GG,GG,GG,TT,AA,AA,TT,TT,TT,AA,AA,GG,GG,AA,1.37,Susceptible,Low,Standard,Medium
L0019,Coimbatore,Tamil Nadu,Kharif,Red Loamy,Rainfed,650,29.5,68,NN,TT,NN,GG,GG,CC,GG,AT,CC,CC,AA,CC,CC,TT,TT,GG,GG,TT,TT,AA,CC,TT,GG,CT,TT,CC,GT,TT,GG,AA,TT,CC,AA,CC,GG,CG,GG,GG,GG,CC,TT,CT,AC,GT,AA,GG,TT,TT,CG,AC,GG,AT,AA,GG,CT,GG,AA,AA,TT,AC,AA,TT,NN,AA,TT,AT,CC,GG,TT,GG,AG,GG,AC,AA,AG,AC,AA,GG,TT,TT,GG,GT,GG,CC,AA,GG,AA,AA,CC,TT,AC,GT,CT,TT,TT,AG,TT,CC,GT,CC,CC,GG,AG,AG,TT,TT,CC,AA,AG,AC,CT,GG,TT,CC,TT,AC,AC,TT,CC,GG,CG,AG,CC,GG,TT,AA,CT,CC,CC,CC,AA,NN,CC,AA,CC,CC,AA,AT,AA,AT,GG,TT,CC,GG,AA,AA,AA,CC,GG,CC,CG,AA,AA,GG,TT,GG,AC,GG,TT,AG,AC,TT,GT,CT,CC,AT,NN,TT,AT,TT,GG,CC,AA,CC,AC,CC,GG,CC,AA,AG,AA,CC,TT,CC,GT,GT,GG,AA,AA,AG,TT,CC,GG,AA,CC,NN,GG,AG,AA,CG,TT,AA,AA,CC,GG,AT,AC,AA,AA,GG,TT,AT,AA,GG,TT,AA,CC,TT,GT,AA,GG,AA,CT,AA,TT,CC,CT,AA,CC,TT,CG,AG,CG,GG,CC,TT,CT,TT,GG,TT,AA,AC,AA,GG,CC,CG,GG,CC,GG,AA,AA,CC,TT,GG,CC,CC,AT,NN,CC,AA,CC,TT,AA,CC,CG,AC,TT,AA,GG,AA,AC,AA,AA,AA,GG,AA,AA,AT,GG,AC,AG,CC,AC,CT,AG,AA,GG,NN,GG,TT,AA,AA,TT,TT,TT,AG,AA,GG,GG,AA,3.3,Susceptible,Low,Standard,Early
L0020,Coimbatore,Tamil Nadu,Kharif,Red Loamy,Rainfed,650,29.5,68,AA,CT,AG,AG,GG,CC,GG,TT,CC,CG,AT,CC,CG,AT,TT,GG,CG,TT,TT,AG,CC,GT,TT,CC,TT,CC,TT,TT,GG,AA,TT,CT,AA,CC,GG,GG,GG,GG,GG,CC,TT,CT,AA,GT,AG,AG,TT,TT,CC,AA,GG,NN,GG,GG,CC,TT,AA,AC,GG,AC,AA,TT,TT,AG,TT,AT,CC,GG,TT,GG,AG,GG,CC,AA,GG,AA,AT,GG,TT,TT,GG,GG,GT,CC,AT,GG,AA,AA,CC,GT,CC,TT,CT,TT,TT,GG,TT,CC,GT,CC,CC,CC,AG,AA,TT,TT,CC,AG,AA,AA,CC,GG,TT,CC,GG,NN,AA,TT,CC,AA,CC,GG,CC,GG,TT,GG,CT,CC,CC,CC,AA,TT,CC,AA,CC,CC,AG,AT,AA,AA,GG,CC,CC,GG,AA,AG,AA,AC,GG,CC,CC,AA,AG,GG,TT,GG,AA,TT,TT,GG,AC,GT,TT,TT,CC,AT,GT,TT,AA,TT,CG,CG,AG,CC,CC,CC,CG,CC,AA,GG,AG,CC,TT,CC,NN,TT,GG,AA,AA,AG,GT,CC,GG,AC,CC,CC,GG,GG,AC,GG,TT,AA,AG,CC,NN,AA,CC,AA,AT,GG,TT,AT,AA,GG,GG,AT,CC,AT,TT,AA,GG,AA,TT,AA,AT,CC,CT,AC,CC,TT,GG,GG,CC,AG,CC,TT,NN,GT,GG,TT,AA,AA,AG,GG,CC,CG,GG,CC,GG,TT,AA,CC,TT,GG,CC,CC,AA,GG,CC,AT,CC,AT,AA,AC,CC,AC,AT,AA,GG,AA,AC,AC,AC,AA,AA,AA,AA,TT,GG,AA,AA,AC,AA,TT,AA,AA,GG,GG,GG,TT,AA,AG,TT,TT,TT,AG,AT,CG,CG,AA,4.65,Susceptible,Medium,Poor,Late
L0021,Coimbatore,Tamil Nadu,Kharif,Red Loamy,Rainfed,650,29.5,68,AC,TT,AG,AA,GG,CC,GG,TT,CC,CC,AT,CC,CC,TT,TT,GG,CG,TT,TT,AA,CC,TT,TT,CC,TT,CC,TT,TT,GG,AA,TT,CC,AA,CC,GG,GG,GG,CC,GG,CC,TT,TT,AC,TT,AA,AG,TT,TT,CC,AC,GG,AA,AA,GG,CC,TT,AA,AA,GT,AA,AA,TT,AT,AG,TT,TT,CC,GG,TT,GT,AG,GT,CC,AA,GG,AC,AA,AG,TT,TT,GG,GG,GG,CC,AA,GG,AA,AA,CC,GT,CC,TT,TT,TT,TT,GG,TT,CC,GT,CT,CC,CG,GG,AA,TT,TT,CC,AA,AA,AA,CC,GG,TT,CC,TT,AC,AA,TT,CC,GG,CC,GG,CC,GT,TT,AA,CC,CC,CC,CC,AA,TT,CC,AC,CC,CC,AA,TT,AA,AA,GG,CT,CC,GG,NN,NN,AA,CC,GT,CC,CC,GG,AG,GG,TT,AG,AC,GT,CT,GG,CC,TT,GT,TT,GG,AA,TT,CT,AT,TT,GG,CC,NN,CT,CC,CC,GG,CC,AA,GG,AA,CC,TT,CG,GG,TT,GG,TT,AG,AA,TT,AC,GG,AC,CC,CC,GG,GG,AC,GG,TT,AC,AA,CC,GG,AA,AC,AA,TT,GG,TT,TT,AA,GG,TT,AA,CC,TT,GT,AT,GG,AA,CT,AA,TT,CC,NN,AC,CC,TT,CG,AG,CC,AG,CC,TT,TT,GT,CG,NN,AC,CC,AA,GG,CC,CC,GG,CG,GG,TT,AA,CC,TT,GG,CC,CG,AT,GG,CC,AA,CC,AA,AA,NN,CG,CC,AT,AA,GG,AA,AC,AA,AC,AG,AG,AA,AA,AT,GG,AA,AA,AC,AA,TT,AA,AA,GG,GG,GG,TT,AA,AA,TT,TT,TT,AG,TT,NN,CG,AC,3.66,Resistant,Medium,Premium,Late
L0022,Coimbatore,Tamil Nadu,Kharif,Red Loamy,Rainfed,650,29.5,68,AA,TT,NN,AA,GG,CC,GG,TT,CC,NN,AA,CC,CG,TT,TT,GG,GG,TT,TT,AA,CC,GT,TT,CT,TT,CC,GT,TT,GG,AA,TT,CT,NN,AC,AG,GG,GG,CC,GG,CC,TT,CT,AA,TT,AG,GG,TT,AT,CC,AC,GG,AA,AA,GG,CT,GT,AA,AA,TT,AC,AA,TT,TT,AA,TT,AA,CC,GG,CT,GG,AA,GG,CC,AA,GG,CC,AT,GG,TT,TT,GG,GG,GT,CC,AA,GG,AA,AA,CC,TT,CC,TT,CC,TT,GT,GG,CT,CC,GT,CC,CC,GG,GG,AA,AT,TT,CC,AA,AA,AC,CC,NN,TT,CG,TT,AA,AC,TT,CG,GG,CC,GG,CC,GT,CT,AG,TT,CC,CC,CG,AA,TT,AC,AA,CC,CC,AA,TT,AA,AA,GG,CT,CC,GG,AA,AA,AA,AC,GT,CC,CC,AA,AA,GG,TT,GG,CC,GT,CT,AG,AC,TT,GG,TT,CC,AA,TT,TT,AT,TT,GG,CG,AA,CT,CC,AC,GG,CC,AA,GG,AA,CC,TT,CG,GT,GT,GG,AA,AA,AA,TT,CC,GG,AA,AC,CC,GG,GG,AA,NN,TT,AC,AA,CC,GT,AT,CC,AA,AT,GG,TT,TT,AA,GG,GT,AA,CC,AT,TT,AA,GG,AA,CT,AA,TT,CC,TT,AC,CC,CT,GG,AG,CC,AG,CC,AT,TT,TT,GG,TT,AC,CC,AA,GG,CC,CC,GG,CC,GG,AT,AA,CC,TT,GG,CC,CC,AA,AG,CC,AA,CC,AT,AA,CC,CG,AC,TT,AA,GG,AA,AA,AA,AA,AG,AA,AG,AA,AT,GG,AC,AG,AC,AA,TT,AA,GG,GG,GG,GG,TT,AA,AA,GT,TT,TT,AG,TT,GG,GG,AA,5.32,Susceptible,High,Standard,Late
L0023,Coimbatore,Tamil Nadu,Kharif,Red Loamy,Rainfed,650,29.5,68,AC,CC,AG,AG,CC,CC,GT,TT,CC,CG,AA,CT,CC,AT,GT,GG,NN,TT,TT,AG,CC,TT,GG,CC,TT,CC,TT,TT,GG,AA,TT,CT,AA,CC,GG,CG,GG,CC,GG,CC,TT,TT,AA,TT,AG,AG,TT,AT,CC,AA,GT,AA,AA,GG,CC,TT,AA,AA,GT,AC,AA,TT,TT,AA,TT,AT,CC,GG,TT,GT,AA,GG,CC,AA,GG,AC,AT,GG,TT,TT,GG,TT,GT,CC,AA,GG,AA,AA,CC,TT,CC,TT,CC,TT,GT,NN,CC,CC,GT,CC,CC,CC,AG,AA,TT,TT,GG,AA,AA,AC,CC,GG,TT,CC,TT,AA,AA,TT,CC,AG,CG,GG,CC,GG,TT,AA,CT,CG,CC,CG,AA,TT,CC,AA,CC,CC,AG,TT,AA,AT,GG,CC,CC,GG,AG,AA,AA,CC,GG,CC,CC,AA,AA,AG,GT,AG,AA,GT,CT,GG,AC,TT,GT,TT,CC,AT,TT,TT,AA,TT,GG,CC,AG,CT,CC,CC,GG,CC,AA,GG,AG,CC,TT,CC,TT,NN,CG,AT,AA,AG,TT,AC,CG,AA,CC,CC,GG,GG,AC,GG,TT,AA,AA,CC,GG,AT,AC,AA,AA,GT,GT,TT,TT,CG,GT,AT,CG,TT,TT,AA,GG,AA,CC,AC,TT,CC,TT,AC,AC,TT,GG,NN,CC,AA,CC,TT,CT,GT,GG,TT,AA,AA,AA,GT,CC,CC,GG,CC,GG,AT,AA,GG,TT,AG,CG,CC,AA,GG,CC,AT,CC,AA,AA,CC,CG,AC,TT,AG,GG,AA,AA,AA,AC,AG,AA,AA,AA,TT,CG,AC,AG,AC,AC,CT,AA,AA,CG,GG,GG,TT,AA,AG,GT,TT,TT,AG,TT,GG,CG,NN,6.63,Susceptible,High,Poor,Early
L0024,Coimbatore,Tamil Nadu,Kharif,Red Loamy,Rainfed,650,29.5,68,AC,TT,AG,AG,GG,CC,GT,TT,CC,CC,AA,CC,CG,TT,TT,GG,GG,TT,AT,GG,CC,TT,TT,CC,TT,CC,TT,TT,GG,AA,TT,CC,AA,CC,GG,GG,GG,CC,GG,CC,TT,CT,AA,GG,AA,AA,TT,TT,CC,CC,GT,AT,AA,GG,CC,TT,AA,AA,GT,AA,AA,TT,TT,NN,TT,AT,CC,GG,TT,GT,AA,GT,CC,AA,GG,AA,AT,GG,GT,TT,GG,GG,GG,CC,AA,GG,AA,AA,CC,GT,CC,TT,CT,TT,GG,GG,TT,AC,GT,CC,CT,CG,AG,AA,TT,TT,CC,AG,AA,AA,CC,GG,TT,CG,TT,AA,AA,TT,CC,AG,CC,AG,CC,GT,TT,GG,CC,CC,AC,CC,AA,TT,CC,AA,CC,CC,AA,TT,AA,AA,GG,CT,CC,GG,AA,AG,AA,CC,GT,CC,CC,AA,AA,AG,TT,AG,AA,TT,CT,GG,AA,TT,TT,TT,CG,TT,GT,TT,AA,TT,NN,CC,AG,CT,CC,CC,GG,CC,AA,GG,AG,AC,TT,CC,GG,NN,GG,TT,AA,AA,TT,AC,GG,AC,AC,CC,GG,GG,AC,GG,TT,AC,AA,CC,GT,AA,CC,AA,AT,GT,TT,TT,AA,GG,GT,AA,CC,AT,TT,AT,GG,AA,CT,AA,TT,CC,TT,AA,CC,TT,GG,AG,CC,AA,CC,TT,TT,TT,GG,TT,AA,AC,AG,GG,CC,CG,GG,CC,GG,AT,AA,CC,TT,GG,CC,CC,AA,AG,CC,NN,CC,TT,AA,AC,CC,AA,TT,AA,GG,AA,AA,AA,AA,AA,AG,AA,AA,TT,GG,AA,AA,CC,AA,CT,AA,AA,GG,AG,GG,TT,AT,AA,TT,TT,AT,AG,TT,GG,CG,AA,5.22,Susceptible,High,Poor,Late
L0025,Coimbatore,Tamil Nadu,Kharif,Red Loamy,Rainfed,650,29.5,68,AC,TT,GG,AA,NN,CC,GG,TT,CC,CG,AT,CC,CC,TT,TT,GG,GG,TT,TT,AA,CC,TT,GT,CC,TT,CC,TT,TT,GG,AA,TT,CT,AA,CC,GG,GG,GG,CG,GG,CC,TT,TT,AC,TT,AA,GG,TT,TT,CC,AC,GG,AA,AA,GG,CT,TT,AA,AA,GT,AA,AA,GT,TT,AA,TT,TT,CC,GG,TT,GT,AA,GG,CC,AA,GG,AC,AA,GG,GT,TT,GG,GG,GG,CC,AA,GG,AA,AT,CC,GT,CC,TT,CC,AT,GT,GG,TT,CC,GT,CC,TT,CG,GG,AA,AT,GT,CG,AA,AG,AA,CT,GG,GT,CC,NN,AA,AA,TT,CC,GG,CC,AG,CC,GT,NN,AA,CT,CC,AC,CC,AA,TT,CC,AA,CC,CC,AA,TT,AA,AA,GG,CC,CC,GG,AA,AA,AA,CC,GT,CC,CC,AA,AA,GG,TT,GG,AC,TT,NN,GG,AC,GT,TT,TT,CG,TT,GT,TT,AT,TT,GG,CG,AA,CT,CC,CC,CG,CC,AA,GG,AG,CC,TT,CG,GG,TT,GG,TT,AA,AA,TT,CC,GG,AA,CC,CC,GG,GG,AA,GG,TT,AC,AA,CC,GG,AT,AC,AA,TT,GG,GT,AT,AA,GG,GT,AA,CG,AT,TT,AA,GG,AA,CT,AC,TT,CC,TT,AC,AC,TT,GG,AG,CC,AG,CC,TT,CT,GT,GG,TT,AA,AC,AA,GG,CC,CC,GG,CG,GG,TT,AA,CC,GT,GG,CC,CC,AA,GG,CC,AA,CG,AA,AA,CC,CC,AC,TT,AA,GG,AA,AC,AC,AA,GG,AA,AG,AA,TT,CG,AA,AG,AC,AA,TT,AA,AA,GG,GG,GG,TT,AA,AA,GT,NN,TT,AG,AT,GG,GG,AC,3.3,Resistant,Medium,Standard,Medium
L0026,Coimbatore,Tamil Nadu,Kharif,Red Loamy,Rainfed,650,29.5,68,AA,TT,GG,AG,GG,CC,GG,AT,CC,CC,AA,CC,CC,AT,GT,GG,CG,TT,TT,AA,CG,TT,GT,CC,TT,CT,GT,TT,GG,NN,TT,CC,AA,CC,GG,GG,GG,GG,GG,CC,TT,CT,AA,TT,AA,GG,TT,AT,CC,AA,GT,AA,AA,GG,CT,TT,AA,AA,GG,AA,AG,GT,AT,AA,TT,AT,CC,GG,TT,GT,AA,GG,CC,AA,GG,AC,AT,AG,TT,TT,GG,GT,GG,AC,AA,GG,AA,AA,CC,TT,CC,GT,CT,TT,GT,GG,TT,CC,TT,CC,CC,CG,GG,AG,AT,TT,GG,AA,AA,AC,CC,GG,TT,CC,GT,AA,AA,TT,CG,GG,CC,GG,CC,GG,NN,AA,CC,CC,CC,CC,AA,TT,CC,AA,CC,CC,AA,AT,AA,NN,CG,CT,CC,GG,AA,AG,AT,AA,GT,CC,CC,AA,AA,GG,TT,GG,AA,GT,CT,AG,AC,GT,TT,CT,CG,AA,GT,TT,AA,TT,GG,CC,AA,CC,CC,CC,GG,CC,AA,GG,AG,CC,TT,CC,GT,TT,GG,AA,AA,AA,TT,CC,CG,AA,CC,CG,GG,GG,AC,GG,TT,AA,AA,CC,GT,AA,CC,AA,AA,GG,TT,TT,AA,GG,GT,AA,CC,TT,GT,AA,GG,AA,NN,AA,TT,CC,TT,AA,CC,TT,CG,AG,CC,AA,CC,TT,CT,GT,GG,TT,AA,AA,AA,GG,CC,GG,GG,CG,GG,TT,AA,CC,TT,GG,CC,CC,AT,NN,CC,AA,CC,AA,AA,CC,CG,CC,TT,AA,GG,AA,AA,CC,AA,AG,AA,AA,AA,TT,CG,AC,AA,AC,AC,TT,AA,AA,GG,GG,GG,TT,AA,AA,TT,TT,NN,AG,TT,GG,GG,AA,1.1,Susceptible,Low,Poor,Late
L0027,Coimbatore,Tamil Nadu,Kharif,Red Loamy,Rainfed,650,29.5,68,AA,CT,GG,AG,GG,CC,GT,TT,NN,CC,AA,CC,CC,TT,TT,GG,GG,TT,TT,AA,CC,GT,GG,CC,TT,CC,TT,TT,GT,AA,TT,CC,AA,CC,GG,CC,GG,CC,GG,CC,TT,TT,AA,TT,AA,GG,TT,NN,CC,NN,GG,AA,AA,GG,CC,TT,AA,AA,GT,AA,AA,TT,AT,AA,TT,TT,CC,GG,TT,TT,AA,GG,CC,AA,GG,AA,AT,AG,GT,TT,GG,TT,GG,CC,AA,GG,AG,AA,CC,TT,AC,TT,CC,TT,TT,AA,CT,CC,GT,CC,CC,CC,AG,AA,TT,NN,CC,AA,AG,AA,CC,GG,TT,CC,TT,AA,AA,TT,CC,GG,CC,GG,CC,GT,TT,AA,CC,CC,AC,CC,AA,TT,CC,AA,CC,CC,AA,AT,NN,AA,GG,CC,CC,GG,AA,AG,AA,AC,GG,CC,CC,AA,GG,AG,TT,AG,AA,GG,CC,GG,CC,GT,TT,TT,CC,AT,TT,TT,AA,AT,GG,CG,AG,CT,AC,CC,GG,AA,AA,GG,AA,CC,TT,CC,GT,TT,GG,TT,AA,AA,TT,CC,CG,AC,CC,CC,GG,GG,AC,GG,TT,CC,AG,CC,GG,AA,AC,AA,AA,GG,GT,AT,AA,GG,GG,AA,CC,TT,TT,AA,GG,AA,TT,AA,TT,CC,CT,AA,CC,TT,CG,AA,CG,GG,CC,AT,TT,TT,GG,NN,AA,AC,AA,GG,CC,GG,GG,CC,GG,TT,AA,CC,TT,GG,CC,CC,AT,AG,CC,NN,CC,AA,AA,AA,CG,CC,TT,AA,GG,AA,AA,AC,AA,AG,AG,AG,AG,TT,GG,AC,AG,AC,AA,TT,AA,AA,GG,GG,GG,TT,AA,AA,NN,TT,TT,AA,TT,GG,GG,AC,2.88,Resistant,Medium,Premium,Early
L0028,Coimbatore,Tamil Nadu,Kharif,Red Loamy,Rainfed,650,29.5,68,AC,TT,AG,AA,GG,CC,GG,AT,CC,CC,AA,CC,CG,AT,GT,GG,CG,TT,TT,AA,CC,TT,TT,CC,TT,CC,TT,TT,GG,AA,CT,CC,AG,CC,GG,CG,GG,CC,GG,CC,TT,TT,AA,TT,AA,GG,TT,TT,CC,AC,GG,AA,AA,GG,CC,TT,AT,AA,GT,AC,NN,TT,AT,AA,TT,AT,CC,GG,TT,GT,AA,GG,CC,AA,GG,CC,AA,GG,TT,TT,GG,TT,GT,CC,AA,GG,AA,TT,CC,GG,CC,TT,NN,TT,TT,GG,TT,CC,TT,CC,CT,CG,GG,AA,TT,TT,CG,AA,AG,AA,TT,GG,TT,CC,TT,AA,AA,TT,CC,AG,CG,GG,CC,GG,TT,AA,CT,CC,CC,CC,AA,TT,CC,AA,CC,CT,AA,TT,AA,AT,GG,CT,CC,GG,AA,AA,AA,CC,GT,CC,CC,AA,AG,AG,TT,GG,AC,TT,CT,GG,CC,GT,GT,TT,CG,AA,TT,TT,AT,AT,GG,CC,AA,CT,CC,CC,CC,CC,AA,GG,AG,CC,TT,CC,GT,TT,GG,AT,AA,AA,TT,CC,CG,AC,CC,CC,GG,NN,AC,GG,TT,AA,AA,CC,GG,AA,CC,AA,AA,GG,TT,TT,AA,GG,TT,AT,CC,AT,GT,AA,GG,AA,TT,AA,TT,CC,TT,AA,CC,TT,GG,AA,CG,AG,AC,TT,TT,GG,CG,TT,AA,CC,AA,GG,CG,GG,GG,CC,GG,AT,AA,CC,TT,GG,CC,CC,AA,GG,CC,TT,CC,AA,AA,AC,CC,CC,TT,AA,GG,AA,AA,AC,AA,GG,AG,AA,AA,TT,GG,AC,AA,AC,AA,TT,AA,AA,NN,GG,GG,TT,AA,AA,TT,TT,TT,AA,TT,GG,GG,AA,3.13,Susceptible,High,Premium,Medium
L0029,Coimbatore,Tamil Nadu,Kharif,Red Loamy,Rainfed,650,29.5,68,AC,TT,GG,AG,CG,CC,GG,AT,CC,CC,AA,TT,CG,TT,GT,GG,GG,TT,TT,AA,CG,TT,GT,CC,TT,CC,TT,AT,GG,AA,TT,NN,NN,CC,AG,CG,GG,CG,GG,CC,TT,CT,AA,TT,AA,AG,TT,AT,CC,AA,GG,AT,AA,GG,CT,TT,AA,AA,GG,AC,AA,GG,AT,AA,TT,TT,CC,GG,TT,GG,GG,GG,AC,AA,GG,AA,AA,GG,TT,TT,GG,GG,GG,CC,AA,GG,AA,AA,CC,TT,CC,TT,CC,TT,GT,GG,TT,CC,GT,CC,CC,CG,GG,AA,TT,GT,CG,AA,GG,AA,CT,GG,TT,CC,TT,AA,AC,TT,GG,AG,CC,GG,CC,GG,CT,AA,CC,CC,CC,CC,AA,TT,CC,AA,CC,CT,AG,TT,AG,TT,GG,CC,CC,GG,AG,AG,AA,AC,GG,CC,CG,AG,AG,AG,TT,GG,AA,GT,CT,GG,CC,GT,TT,TT,CC,AT,TT,TT,TT,TT,GG,CC,AG,CT,CC,CC,CG,CC,AT,GG,GG,CC,TT,CC,GG,TT,GG,AT,AA,AA,GT,AC,GG,AA,AC,CC,GG,GG,AC,GG,TT,AA,AA,CC,GG,AA,AC,AT,AA,GT,GT,AT,AA,GG,GT,AT,CC,TT,TT,AA,GG,AA,CT,AA,TT,CC,TT,AA,CC,CT,CG,AA,CC,AA,CC,TT,CT,GT,GG,TT,AA,AC,AA,GG,CC,CG,GG,CC,GG,TT,AA,CC,TT,GG,CC,CC,AT,GG,CG,AA,CC,AA,AA,CC,CG,AC,TT,AA,GG,AA,AA,AA,AC,GG,AA,AG,AA,AT,GG,AA,GG,CC,AA,CT,AA,AA,GG,GG,GG,TT,AA,AA,TT,TT,TT,AA,AT,GG,GG,AA,3.04,Susceptible,Low,Poor,Early
L0030,Coimbatore,Tamil Nadu,Kharif,Red Loamy,Rainfed,650,29.5,68,AC,TT,AG,AA,GG,CC,GT,TT,NN,GG,AA,CC,CG,TT,GT,GT,GG,TT,TT,AA,CC,GG,GG,CC,TT,CC,GT,TT,GG,AA,TT,CC,AA,CC,GG,CG,GG,CG,GG,CC,TT,CT,AA,TT,AA,GG,TT,TT,CG,AC,TT,AA,NN,CG,CC,TT,AA,AA,TT,AA,AA,TT,TT,AA,CT,AT,CC,GG,TT,GG,AG,GG,CC,AA,GG,CC,TT,GG,TT,TT,GG,GG,GG,CC,AA,GG,AA,AT,CC,TT,CC,TT,CC,TT,TT,GG,NN,CC,GT,CT,CT,CC,AG,AA,TT,TT,CG,AG,AG,AA,CT,GG,TT,CC,TT,AA,AA,TT,CC,AG,CC,GG,CC,GG,TT,AA,CC,CG,CC,CC,AA,TT,CC,AA,AC,CC,AA,AT,AA,AA,GG,CC,NN,GG,AA,AG,AA,CC,GG,CC,CC,AA,AG,GG,TT,GG,AA,TT,TT,GG,AC,TT,TT,TT,CC,AT,GT,TT,AA,AT,GG,CC,AG,CT,CC,CC,CG,CC,AA,GG,AG,CC,TT,CC,GT,TT,NN,TT,AA,AG,TT,AC,CG,AA,CC,CC,GG,GG,CC,GG,TT,AA,AG,CC,GT,AA,AC,AA,AT,GT,GT,AT,AT,GG,GT,AA,CC,TT,TT,AA,GG,AA,TT,AA,TT,CC,TT,AA,AC,TT,GG,AG,CG,AG,AC,AT,CT,TT,GG,TT,AC,CC,AA,GG,CG,GG,GG,CC,GG,AT,AA,CC,TT,GG,CC,CC,AA,AG,CC,AA,CC,AT,AA,AA,CC,AC,TT,AA,CG,AA,AA,AA,AA,AG,AG,AA,AA,TT,GG,AA,AA,AC,AA,CT,AG,AG,GG,GG,GG,TT,AT,AA,TT,TT,TT,AA,TT,GG,GG,AA,4.32,Susceptible,High,Standard,Early
L0031,Coimbatore,Tamil Nadu,Kharif,Red Loamy,Rainfed,650,29.5,68,AA,TT,AG,AA,CG,CC,GG,AT,CC,GG,AA,CC,GG,AT,TT,GG,CG,TT,TT,AA,CC,TT,TT,CC,TT,CC,TT,TT,GG,AA,TT,CC,AA,CC,GG,GG,GG,CG,GG,CC,TT,CT,AA,GT,AA,GG,CT,TT,CC,CC,GG,AT,AG,CG,CC,GT,AA,AA,GG,AA,AA,TT,AT,AA,TT,AT,CC,GG,TT,GG,AA,GG,CC,AG,GG,AC,AA,GG,TT,TT,GG,GG,GT,CC,AA,GG,AA,TT,CC,GT,CC,TT,CC,TT,GT,GG,CT,CC,TT,CC,CC,CC,AG,AA,TT,TT,CG,AA,AG,AA,CC,GG,TT,CG,TT,AA,AA,TT,CG,AG,CC,GG,CC,TT,TT,AA,CC,CC,CC,CC,AA,TT,CC,AA,CC,CC,AA,AT,AG,AT,GG,CT,CC,GG,AA,AA,AA,CC,GG,CC,CC,AA,AA,GG,GT,AG,AC,TT,CT,AG,CC,NN,GT,TT,CG,AT,TT,CT,AA,AT,GG,CC,AA,CC,CC,AC,CG,CC,AA,GG,AA,CC,TT,CC,GG,GT,CG,TT,AA,AA,TT,CC,GG,AA,CC,CC,CG,GG,AA,GG,TT,AC,AA,CC,GG,AA,CC,AA,TT,TT,TT,AA,AT,GG,GG,AT,CC,TT,TT,AA,GG,AA,CT,AC,TT,CC,NN,AA,AC,TT,GG,AA,CC,AG,CC,TT,CT,GG,GG,TT,AC,CC,AA,GG,CC,CC,GG,CG,GG,TT,AA,CC,TT,GG,CG,CC,AA,AG,CG,AA,CC,AA,AA,CC,GG,AC,TT,AA,GG,AA,AA,AA,AA,AG,AA,AA,AA,TT,CG,AA,AA,CC,AC,CT,AA,AG,GG,GG,GG,TT,AA,AG,GT,TT,TT,AG,AT,GG,GG,AA,3.41,Moderate,Low,Premium,Late
L0032,Coimbatore,Tamil Nadu,Kharif,Red Loamy,Rainfed,650,29.5,68,AA,CT,AG,AG,GG,CC,GG,AA,CC,CG,AA,CT,CC,TT,TT,GT,GG,TT,TT,AA,CG,TT,GT,CC,TT,CC,GT,TT,GG,AA,TT,CC,AA,CC,GG,CG,GG,CC,GG,CC,TT,CC,AA,TT,AG,GG,TT,AT,CC,CC,GG,AA,AA,GG,CC,TT,AA,AA,TT,AC,AG,GT,TT,AG,TT,AT,CC,GG,TT,GG,AA,GG,CC,AA,GG,AA,AA,GG,TT,TT,GG,GT,GG,CC,AT,GG,AA,AT,CC,GT,CC,GT,CT,TT,TT,GG,NN,CC,TT,CC,CT,CG,GG,AA,TT,TT,CC,AG,AG,AA,CC,GG,TT,CC,TT,AA,AA,TT,CG,AG,CC,GG,CC,GT,TT,AA,CC,CC,CC,CC,AA,TT,CC,AA,CC,CC,AA,TT,AA,AA,GG,CC,CC,GG,AA,AG,AA,CC,GG,CC,CG,AG,AA,GG,GT,GG,AA,TT,TT,GG,CC,TT,TT,TT,CG,AA,TT,TT,AT,AT,GG,CC,GG,CT,CC,CC,GG,CC,AT,AG,AA,CC,TT,CC,GG,TT,GG,AA,AA,AA,TT,CC,GG,AC,AC,CG,GG,GG,AA,CG,TT,AC,AA,CC,GG,AT,AC,AA,AT,GG,TT,TT,AT,GG,GG,AA,CC,TT,GG,AA,GG,AA,CC,AC,TT,CG,TT,AA,CC,TT,CG,AA,CC,AG,CC,TT,NN,TT,GG,TT,AA,AA,GG,GG,CC,CG,GG,CC,GG,TT,AA,CG,NN,AG,CC,CC,AA,GG,CC,AT,CG,AA,AA,CC,CG,AA,TT,AA,GG,AA,AA,AC,AA,GG,AA,AG,AA,TT,GG,AA,AG,AC,CC,CT,AA,AA,GG,GG,GG,TT,AA,AA,GT,TT,TT,AA,TT,GG,GG,AA,2.05,Susceptible,High,Standard,Late
L0033,Coimbatore,Tamil Nadu,Kharif,Red Loamy,Rainfed,650,29.5,68,AC,TT,NN,AA,GG,CC,GG,TT,CC,CG,AA,CC,CG,TT,TT,GG,CC,TT,TT,AA,CG,GT,TT,CT,TT,CC,TT,TT,GG,AA,TT,CC,AA,CC,GG,CG,GG,CC,GG,CC,TT,TT,AC,GT,AA,GG,CT,NN,CC,CC,GG,AA,AA,GG,CC,GT,AT,CC,GT,AC,GG,GT,TT,AA,TT,TT,CC,GG,TT,GG,AA,NN,CC,AA,AG,AC,AT,GG,TT,TT,GG,GG,GG,CC,AT,GG,AA,AT,CC,GT,CC,TT,CT,TT,TT,AG,TT,CC,TT,CC,NN,GG,AG,AA,AT,TT,CC,AA,AG,AA,CC,GG,GT,CG,TT,NN,AA,TT,CC,GG,CG,GG,CT,TT,TT,AA,CC,CC,CC,CC,AA,GT,CC,AA,CC,CT,AA,TT,AG,AA,CG,CC,CC,GG,AA,AG,AA,CC,NN,CC,CC,AA,AA,GG,TT,GG,AC,GT,CC,AG,CC,TT,TT,TT,CG,AA,TT,TT,AT,TT,GG,CC,AA,CC,AC,CC,GG,CC,AA,GG,AA,CC,TT,CC,GG,GT,GG,AA,AA,AA,TT,AC,GG,AA,CC,CC,GG,GG,AC,GG,TT,AA,AG,CC,GG,TT,CC,AA,AT,GG,TT,AT,AT,GG,GG,AA,CG,AT,GT,AA,GG,AA,CT,AA,TT,CC,CT,AA,CC,TT,CG,AA,CC,AA,AC,TT,TT,GG,CG,TT,AA,AC,AG,GG,CC,CG,GG,NN,GG,AT,AA,CC,TT,GG,CC,CC,AA,GG,CC,AA,CC,AA,AA,CC,CC,CC,TT,AA,GG,AA,AA,AA,AA,AG,AG,AA,AA,NN,CG,AC,AG,CC,AA,TT,AA,AA,GG,GG,GG,TT,AA,AA,GT,TT,TT,AA,TT,GG,GG,AA,3.95,Susceptible,Low,Premium,Late
L0034,Coimbatore,Tamil Nadu,Kharif,Red Loamy,Rainfed,650,29.5,68,AA,TT,GG,AG,CG,CC,GG,TT,CC,CG,AA,CC,CC,AT,GT,GT,CC,TT,TT,GG,CC,TT,TT,CC,TT,CT,GT,TT,GG,AA,TT,CC,AA,CC,GG,GG,GG,CC,GG,CC,GT,TT,AA,GT,AA,GG,TT,AT,CG,AC,GG,AA,AA,GG,CC,NN,AA,AA,GG,AA,AA,TT,AT,AA,TT,TT,CC,GG,NN,GG,AA,GG,CC,AA,GG,AC,AT,GG,GT,TT,GG,GG,GG,AC,AA,GG,AG,TT,CC,TT,CC,TT,CT,AT,TT,GG,CT,CC,GT,CC,CT,GG,AG,AA,TT,TT,GG,AA,AA,AA,CT,GG,TT,CC,TT,AA,AA,TT,CG,GG,CG,GG,CT,TT,CT,NN,CC,CC,CC,CC,AA,TT,CC,AA,AC,CT,AA,TT,AA,AA,GG,CC,CC,GG,AA,GG,AA,CC,GG,CC,CC,AA,AA,GG,TT,AG,AA,GG,CT,GG,AC,TT,TT,CC,CC,AT,TT,TT,AA,AT,GG,CC,AA,CC,CC,AC,CG,AC,AA,GG,AA,CC,TT,CG,GG,TT,GG,TT,AA,AA,TT,CC,GG,AA,CC,CC,GG,GG,AA,CG,TT,AC,AG,CC,GG,AA,CC,AA,AA,GT,TT,TT,AT,GG,GG,AA,CC,TT,TT,AA,GG,AG,TT,AA,TT,CC,TT,CC,CC,TT,GG,AG,CG,AG,CC,TT,CT,GT,GG,TT,AA,AC,AA,GG,CG,CC,GG,CC,GG,AT,NN,CC,TT,GG,CC,CC,AT,GG,CC,AA,CC,AA,AA,AC,GG,AC,TT,AA,GG,AA,AA,AA,AA,AG,AG,AA,AA,TT,CG,AA,AA,AC,AA,CT,AA,AA,GG,GG,GG,TT,AT,AA,GT,TT,TT,AA,TT,GG,GG,AA,2.59,Resistant,Low,Poor,Late
L0035,Coimbatore,Tamil Nadu,Kharif,Red Loamy,Rainfed,650,29.5,68,AA,CT,AG,AG,GG,CC,GG,TT,CC,GG,AA,CC,CG,TT,GG,GT,GG,TT,TT,AA,CC,GT,NN,CC,TT,CC,TT,TT,GG,AA,TT,CT,AG,CC,GG,GG,GG,NN,GG,CC,TT,CT,AA,TT,AA,AG,TT,AA,CC,AC,GT,AA,AG,GG,CT,GT,AA,AC,GG,AC,AA,TT,AT,AG,CT,TT,CC,GG,TT,GG,AA,GG,CC,AA,GG,AC,TT,GG,TT,TT,GG,GG,GT,AC,AA,GG,AA,AA,CG,TT,CC,TT,CT,TT,TT,AG,TT,CC,TT,CC,CC,CG,GG,AA,AT,TT,CC,AA,GG,AA,CC,GG,TT,CC,GT,AA,AC,TT,CG,GG,CC,GG,CC,GG,CT,NN,CC,CC,CC,CG,AA,TT,CC,AA,CC,CC,AA,TT,AA,AA,GG,CC,CC,GG,AA,GG,AT,NN,NN,CC,CC,AG,AA,AG,TT,GG,AC,TT,TT,GG,CC,GT,TT,TT,CG,AA,GT,CT,AA,TT,GG,CC,AA,CT,CC,CC,GG,CC,AA,GG,NN,CC,TT,CC,GG,GT,GG,AT,AA,AA,TT,CC,GG,AC,AC,CC,GG,GG,AA,GG,TT,AA,AA,CC,GG,AA,CC,AA,AT,GG,TT,TT,AA,GG,GG,AT,CC,AT,TT,AA,GG,AA,TT,AA,TT,CC,TT,AA,CC,CT,CG,AA,CC,AG,CC,AT,CC,GT,GG,TT,AA,AC,AA,GG,CC,CG,GG,CC,GG,AT,AA,CC,GT,AG,CC,CC,AA,GG,CC,AT,CC,AA,AA,AA,CC,AC,TT,AA,GG,AA,AC,CC,AA,GG,AG,AG,AA,TT,GG,AC,AG,CC,AA,CT,AA,AA,GG,AG,GG,TT,AA,AA,TT,TT,TT,AG,TT,GG,GG,AC,3.39,Resistant,Medium,Standard,Early
L0036,Coimbatore,Tamil Nadu,Kharif,Red Loamy,Rainfed,650,29.5,68,CC,TT,AG,AA,GG,CC,GT,TT,CC,CG,AT,CT,CG,AT,TT,GG,GG,TT,TT,AG,CC,TT,TT,CT,TT,CC,GT,TT,GG,AA,TT,CT,AA,CC,GG,GG,GG,CC,GG,CC,TT,CT,AA,TT,AA,GG,TT,TT,CC,AC,GG,AA,NN,GG,CC,GT,AA,AC,GT,AA,AA,TT,AT,AG,CT,TT,CC,GG,TT,GG,AG,GG,CC,AA,GG,AA,AT,GG,TT,NN,GG,GT,GG,CC,AA,GG,AA,AT,CC,GG,CC,TT,CC,TT,GT,AG,CT,AC,GT,CC,CC,CC,AG,AA,TT,TT,CC,AA,AA,AC,CC,GG,GT,CC,GT,AC,AA,TT,CC,AG,CC,GG,CC,GG,TT,AA,CT,CC,AC,CC,AA,TT,CC,AA,CC,CT,AA,TT,AA,AA,GG,CC,CC,GG,AA,AG,AA,AC,GG,CC,CC,AA,AA,GG,TT,AG,AC,TT,CT,GG,AC,GT,TT,CT,CG,AA,GG,CT,AA,TT,GG,CC,AG,TT,CC,AC,GG,CC,AA,GG,AG,CC,TT,CC,GG,GG,CG,AT,AA,AA,NN,CC,GG,AA,CC,CC,GG,GG,AA,GG,TT,AA,AG,GG,GG,AA,AA,AT,AT,GG,TT,TT,AT,GG,TT,AA,CC,TT,TT,AA,GG,AA,TT,AA,TT,CC,TT,AC,CC,TT,CG,GG,CG,AG,CC,TT,TT,GT,GG,TT,AC,AA,AA,GG,CC,CG,GG,CC,GG,TT,AA,CG,GT,GG,CC,GG,AA,GG,CG,AT,CC,AT,AG,AC,CG,AC,TT,AA,GG,AA,AA,AC,AA,AG,GG,AG,AA,TT,CC,AA,AG,AC,AC,NN,AG,AA,GG,GG,NN,TT,AA,GG,TT,TT,TT,GG,TT,GG,GG,AA,0.4,Susceptible,High,Standard,Medium
L0037,Coimbatore,Tamil Nadu,Kharif,Red Loamy,Rainfed,650,29.5,68,AA,TT,AG,GG,CG,CC,GG,TT,NN,CC,AA,CC,CC,TT,TT,GG,GG,TT,TT,NN,CG,GT,TT,CT,TT,CC,GT,TT,GG,AA,CT,CC,AA,CC,GG,CG,GG,CC,GG,CC,GT,TT,AC,TT,AA,GG,TT,TT,CC,AC,GG,AA,AG,GG,NN,TT,TT,CC,GG,AA,AA,GT,TT,AG,CT,TT,CC,GG,TT,GT,AA,GG,CC,AG,AG,AA,AT,GG,TT,TT,GG,GT,GT,CC,AA,GG,AA,AA,CC,GG,CC,TT,CC,TT,TT,GG,TT,CC,GT,CC,CC,CG,AG,AA,TT,TT,CG,AA,AG,AA,NN,GG,TT,CC,GT,AA,AA,TT,CC,AG,CG,GG,CC,GT,CT,AG,CT,CC,CC,CC,AA,TT,CC,AA,CC,CT,AA,TT,AA,AA,GG,CC,CC,GG,AA,AA,AA,CC,GG,CG,CG,AA,AA,NN,GG,GG,AC,TT,TT,AG,CC,GT,TT,TT,CG,AA,TT,CT,TT,TT,CG,CC,AG,CC,CC,CC,CG,CC,AA,AG,AA,CC,TT,CC,GG,TT,CG,TT,AA,AG,TT,CC,CG,AA,CC,CC,CG,GG,AA,GG,TT,AC,AA,CC,GG,AA,CC,AA,AT,GG,TT,AT,AT,GG,GG,NN,CG,AT,GT,AA,GG,AA,CT,AA,TT,CC,TT,AA,AC,CT,GG,AA,CC,AG,CC,AT,TT,TT,GG,TT,AA,CC,AG,GG,CC,CC,GG,CC,GG,TT,AG,CC,TT,GG,CC,CC,AA,AG,CC,AA,CC,TT,AA,AC,CC,CC,TT,AA,GG,AA,AA,AA,AC,AG,AG,AA,AA,TT,CG,NN,AG,AC,AA,CC,AA,AA,GG,GG,GG,TT,AT,AA,TT,TT,TT,AA,TT,GG,GG,AA,2.78,Resistant,Low,Premium,Early
L0038,Coimbatore,Tamil Nadu,Kharif,Red Loamy,Rainfed,650,29.5,68,AC,TT,GG,AA,GG,CC,GG,TT,CG,CG,AT,CC,CC,TT,NN,GG,CG,TT,TT,AG,CG,TT,GT,CC,TT,CC,TT,TT,GG,AA,TT,CC,AA,CC,GG,GG,GG,CC,GG,CC,TT,TT,AA,GG,AG,GG,TT,TT,CC,AC,GT,AA,AA,GG,CT,TT,AA,AC,GG,AA,AG,TT,AT,AG,TT,AT,CT,GG,TT,GG,AG,GG,CC,AA,GG,AA,AA,GG,TT,TT,AG,TT,GG,CC,AT,GG,AA,AA,CC,TT,AC,TT,CT,TT,GT,AG,TT,CC,TT,CT,CT,CG,AA,AA,AT,TT,CC,AA,AG,AA,CC,GG,GT,CC,TT,AA,NN,TT,CC,GG,CC,GG,CC,GG,TT,AA,CT,CC,CC,CC,AA,TT,AC,AA,CC,CC,AA,TT,AA,AA,GG,CC,CC,GG,AA,AG,AA,CC,GT,CC,CC,AA,GG,GG,TT,AG,AA,TT,CT,GG,AC,TT,TT,TT,CG,AA,GT,TT,AT,TT,GG,CC,AG,CT,CC,CC,CG,CC,AA,GG,AA,CC,TT,CC,GG,GT,CG,TT,AA,AA,TT,AC,CG,AA,CC,CC,GG,GG,AA,GG,TT,AC,AA,CC,GG,AA,CC,AA,AT,GG,TT,TT,AA,GG,GT,AA,CG,TT,TT,AA,GG,AA,TT,AA,TT,CC,TT,AA,AC,CT,GG,AG,CG,AG,CC,AT,CT,GT,GG,TT,AC,CC,AA,GG,CC,CG,GG,CC,GG,AT,AA,CC,TT,GG,CC,CC,AT,AG,CG,AA,CC,AT,AA,AC,CC,CC,TT,AA,GG,AA,AA,AC,AA,GG,AA,AA,AA,TT,CG,AA,AG,AC,AA,CT,AA,AA,GG,GG,CG,TT,AT,AA,GT,TT,TT,AA,TT,GG,CG,AA,5.65,Susceptible,High,Standard,Late
L0039,Coimbatore,Tamil Nadu,Kharif,Red Loamy,Rainfed,650,29.5,68,AA,TT,GG,AA,CG,CC,GG,TT,CC,GG,AA,CT,CG,AT,TT,GG,GG,TT,AT,AG,CC,TT,NN,CC,TT,CC,TT,TT,GT,AA,TT,CC,AA,CC,GG,GG,GG,NN,GT,CC,TT,CT,AA,TT,AA,AG,CT,TT,CC,AC,GG,AT,AA,GG,CT,GT,AA,AC,GT,AA,NN,TT,AT,AA,TT,TT,CC,GG,TT,GT,AG,GG,CC,AA,GG,AC,AT,NN,TT,TT,GG,GG,GG,AC,AA,GG,AA,AT,CC,NN,CC,TT,CC,TT,TT,GG,TT,CC,GT,CC,CC,CC,GG,AA,TT,TT,CC,AG,AG,AA,CC,GG,TT,CC,TT,AA,AC,TT,CC,AA,CC,GG,CC,GG,TT,AG,CC,CC,CC,CC,AA,TT,CC,AA,CC,CC,AA,TT,AA,AA,GG,CC,CG,GG,AA,GG,AA,NN,GG,CG,CC,AA,AG,GG,GT,GG,AC,TT,TT,GG,CC,TT,TT,CT,CC,AT,TT,TT,AT,TT,GG,NN,AG,CC,CC,CC,GG,CC,AA,GG,AA,CC,NN,CG,GT,TT,GG,AT,AA,NN,TT,CC,GG,AC,AC,CC,GG,GG,AC,GG,TT,AA,AA,CC,GT,AA,AC,AA,AT,GG,TT,AT,AA,GG,TT,AT,CC,TT,GT,AA,GG,AA,TT,AA,TT,CC,TT,AC,CC,TT,CG,AA,CC,AG,CC,TT,TT,GG,GG,TT,NN,NN,AA,GG,CC,CC,GG,CG,GG,TT,AG,CC,GT,GG,CC,CC,AT,GG,CG,AA,CC,AA,AA,CC,CC,CC,TT,AG,GG,AA,AA,AA,AA,AG,AG,AA,AA,TT,GG,AA,AG,AC,AA,CT,AA,AA,GG,AG,GG,TT,AA,AA,TT,TT,TT,AG,AT,GG,NN,AA,3.64,Susceptible,Low,Poor,Medium
L0040,Coimbatore,Tamil Nadu,Kharif,Red Loamy,Rainfed,650,29.5,68,AC,TT,GG,GG,GG,CC,GT,AT,CC,CC,AT,CT,CG,AT,GT,GG,CG,TT,TT,AA,CG,GG,TT,CC,TT,CC,GT,TT,GG,AA,TT,CC,AA,CC,GG,CG,GG,CC,GG,CC,TT,CT,AC,GT,AG,AA,TT,AT,CC,AA,TT,AT,AA,GG,CC,TT,AA,AA,TT,AA,AA,TT,TT,AG,TT,TT,CC,GG,NN,TT,AA,GG,CC,AA,AG,AA,AT,GG,TT,TT,GG,GT,NN,NN,AT,GG,AA,AA,CC,GT,CC,TT,CT,TT,GT,GG,TT,CC,TT,CC,CT,CC,GG,AA,TT,TT,CC,AA,AA,AA,CC,GG,GT,CC,TT,AC,AA,TT,CC,AG,CC,AG,TT,NN,TT,AA,CC,CC,CC,CC,AA,GT,CC,AA,CC,CC,AA,TT,AA,AT,GG,CC,CC,GG,AA,AA,AA,CC,GT,NN,CC,AA,AG,GG,GT,GG,AA,GT,CT,GG,AA,GT,TT,TT,CC,AT,GT,TT,AA,AT,GG,CC,AG,CC,AC,CC,CG,CC,AA,GG,AA,CC,TT,CC,GG,GT,CG,TT,AA,AA,TT,AC,CG,NN,CC,CC,GG,AG,AA,GG,TT,CC,AA,CC,GG,AT,CC,AA,AA,GG,GT,AT,AA,CG,GG,TT,CC,TT,GG,AA,GG,AA,CT,AA,NN,CG,TT,AA,CC,CT,CG,AA,CC,AG,CC,AT,CT,GT,GG,TT,AA,AC,AG,GG,CC,CC,GG,CC,GG,AT,AA,CG,GT,GG,CC,CC,AT,GG,CG,AT,CC,AA,AA,CC,CG,AC,AT,NN,GG,AA,AA,AA,AA,GG,GG,AG,AA,TT,GG,AA,AA,AC,AA,CC,AG,AA,GG,GG,GG,TT,AA,AA,TT,TT,AT,AA,AT,GG,GG,AA,1.82,Susceptible,Medium,Poor,Early
L0041,Coimbatore,Tamil Nadu,Kharif,Red Loamy,Rainfed,650,29.5,68,AC,TT,AG,AG,CG,CG,GG,TT,CC,CG,AT,TT,CG,TT,GT,GT,CC,TT,TT,AA,CC,TT,GT,CC,AT,CC,GT,TT,GG,AA,TT,CC,AA,CC,GG,GG,GG,CG,GG,CC,TT,CT,AC,GG,AA,AA,TT,TT,CC,AA,GT,AA,AA,CG,CC,TT,AT,AA,GT,AA,AA,TT,TT,AG,TT,TT,CC,GG,TT,GG,AA,GT,CC,AA,GG,AC,AT,GG,TT,TT,GG,TT,GG,CC,AA,GG,AA,AA,CC,TT,CC,TT,CC,AT,GT,GG,TT,CC,TT,CC,CC,CC,AA,AA,AT,TT,CC,AA,AG,AC,CC,GG,TT,CC,TT,AA,AA,TT,CC,AG,CC,AG,CC,GG,CT,AA,CC,CC,CC,CC,AA,TT,CC,AA,CC,CT,AA,TT,AG,AT,GG,CT,CC,GG,GG,AG,AA,CC,NN,CC,CG,AA,AG,GG,TT,AG,AA,GG,CT,GG,AC,TT,GT,CC,CC,AT,TT,TT,AA,TT,GG,CG,AA,CC,CC,CC,GG,CC,AA,GG,AA,CC,TT,CC,GG,TT,GG,AT,AA,AA,TT,CC,GG,AA,CC,CC,GG,GG,AA,GG,TT,AA,AA,CG,GG,AA,CC,AA,AA,GT,TT,AT,AA,GG,GG,AA,CG,AT,GT,AT,GG,AA,CT,AA,TT,CC,TT,AA,AC,TT,GG,AA,CC,AA,CC,TT,TT,TT,GG,AT,AA,CC,AG,GG,CC,CC,GG,CC,GT,TT,AA,CG,GT,GG,CG,CG,AA,GG,CC,AA,CC,AA,AA,AC,GG,CC,TT,AA,GG,AT,AC,AA,AC,AG,AG,AA,AA,TT,GG,CC,AA,AC,AA,CT,AA,AA,CG,GG,CG,TT,AA,AG,TT,TT,TT,AG,TT,GG,GG,AC,2.84,Resistant,Low,Poor,Early
L0042,Coimbatore,Tamil Nadu,Kharif,Red Loamy,Rainfed,650,29.5,68,CC,TT,GG,AG,GG,CC,GT,TT,CC,CC,AA,CC,CC,AT,TT,GG,GG,TT,TT,AA,CC,TT,GG,CC,TT,CC,TT,TT,GT,AA,TT,CT,AA,CC,GG,GG,GT,CC,NN,CC,GT,TT,AA,TT,AA,GG,TT,TT,CC,AC,GT,AA,AA,GG,CC,GT,AA,AC,GT,AA,AA,TT,TT,AA,TT,TT,CC,GG,TT,GG,AA,GG,CC,AG,GG,AC,AT,GG,TT,TT,GG,GG,GG,CC,AA,GG,AG,AA,CC,GT,CC,TT,CC,TT,GT,GG,TT,CC,TT,CC,CT,CG,AG,AA,TT,TT,CC,AA,AG,AA,CC,GG,TT,CC,TT,AC,AA,TT,CG,AG,CC,GG,CC,GG,TT,AG,CC,CC,CC,CC,AA,TT,CC,AA,CC,CC,AA,TT,AA,AA,GG,CC,CC,GG,AA,AA,AA,AC,GT,CC,CC,AA,AG,GG,TT,GG,AC,TT,CT,GG,AC,TT,TT,TT,CG,AT,TT,TT,AA,AT,GG,CC,AA,TT,CC,CC,CG,AC,AA,GG,AA,CC,TT,CC,GG,GT,GG,AT,AA,AA,TT,CC,CG,AC,CC,CC,GG,GG,CC,GG,TT,AA,AA,CC,GG,AA,CC,AA,AA,GT,TT,TT,AT,GG,GG,AA,CG,AT,GT,AT,GG,AG,CT,AC,TT,CG,TT,AA,CC,TT,GG,AG,CG,AA,CC,TT,TT,GG,GG,TT,AC,AC,AA,GG,CG,CC,GG,CC,GG,AT,GG,CG,GT,GG,CC,CC,AA,AG,CC,AA,CC,AA,AA,CC,CC,CC,TT,AG,GG,AA,AC,AA,AA,AG,NN,GG,AA,TT,GG,AA,AG,AC,AA,TT,AA,AA,GG,GG,NN,TT,AT,AA,TT,TT,TT,AA,AT,GG,GG,AC,2.55,Resistant,High,Poor,Early
L0043,Coimbatore,Tamil Nadu,Kharif,Red Loamy,Rainfed,650,29.5,68,AA,TT,AG,AA,GG,CC,GG,TT,CC,CG,AA,CT,CC,TT,GT,NN,CG,TT,AT,AA,CC,TT,TT,CC,TT,CC,TT,TT,GG,AA,TT,CC,AA,CC,GG,GG,GG,CG,GG,CC,GT,TT,AA,GT,AA,AG,TT,AT,CC,CC,GG,AA,NN,GG,CT,TT,AT,AA,GT,AC,NN,TT,TT,AG,CT,AT,CC,GG,TT,GG,AA,GT,CC,AA,GG,AA,TT,AG,TT,TT,GG,GG,GG,CC,AA,GG,AA,AA,CG,TT,CC,TT,CT,AT,TT,GG,CT,CC,TT,CC,CC,CG,AG,AA,TT,TT,CC,AA,AG,AA,CC,GG,TT,GG,GT,AA,AA,TT,CC,GG,CC,GG,CC,GG,TT,AA,CC,CC,CC,CC,AA,TT,CC,AA,CC,CC,AA,AT,AA,AA,GG,CC,CC,GG,AA,AG,AA,CC,GG,CC,CC,AA,AG,AG,GT,AG,CC,TT,CT,GG,NN,TT,GT,TT,CC,AA,GT,TT,AA,AT,CG,NN,AA,CC,CC,CC,GG,CC,AT,GG,AG,CC,TT,CC,GG,TT,GG,AT,AG,AA,TT,AC,GG,AA,CC,CC,GG,GG,AA,CG,TT,AA,AA,CC,GG,AT,AC,AA,AA,GT,TT,AA,AA,GG,TT,AT,CG,AT,GT,AA,GG,AA,CT,AC,TT,CG,NN,AA,CC,TT,GG,AA,CC,AG,CC,TT,TT,GT,GG,TT,AA,CC,AA,GG,CG,CG,GG,CC,GG,TT,AA,CC,GT,GG,CC,CC,AA,GG,CC,AA,CC,AA,AA,CC,CG,CC,AT,AA,GG,AA,AA,CC,AA,AA,AA,AA,AA,AT,GG,AC,AG,AC,AC,TT,AA,AA,GG,AG,GG,TT,AA,AA,TT,TT,TT,AA,AT,GG,GG,AA,5.61,Resistant,Low,Poor,Medium
L0044,Coimbatore,Tamil Nadu,Kharif,Red Loamy,Rainfed,650,29.5,68,AC,TT,AG,AA,CG,CC,GG,AT,CC,CG,AA,CC,GG,TT,TT,GT,GG,TT,TT,AG,CC,TT,TT,CC,TT,CT,GT,AT,GG,AA,CT,CT,AA,CC,AG,CG,GG,CC,GG,CC,GT,CT,AA,GT,AA,AG,TT,TT,CC,AA,GG,AT,GG,GG,CC,TT,AT,AC,GT,CC,AA,NN,TT,AG,CT,AT,CC,GG,TT,GT,AA,GG,CC,AA,GG,AC,TT,GG,TT,NN,GG,TT,GT,CC,AT,GG,AA,AA,CC,TT,CC,TT,TT,TT,TT,GG,TT,CC,GT,CC,CC,CC,AG,AA,TT,TT,CC,AA,AA,AC,CC,GG,TT,CG,TT,AA,AA,TT,CG,GG,CC,GG,CT,GG,CT,AG,CC,CC,CC,CC,AA,TT,CC,NN,CC,CT,AA,TT,AA,AA,CG,CT,CG,GG,AA,AA,AA,AC,GT,CC,CC,AA,GG,GG,GT,GG,AC,TT,TT,GG,CC,TT,GT,TT,CC,AT,TT,TT,AA,TT,GG,CC,AA,TT,CC,CC,GG,CC,AA,GG,AG,CC,TT,GG,GT,GT,GG,TT,AA,AA,TT,CC,GG,AA,AC,CC,GG,GG,AC,GG,TT,AA,AA,CC,GG,AT,AC,AA,AT,GT,TT,AT,AA,CG,GT,AT,CG,AT,GT,AA,GG,AA,CT,AC,AT,CC,TT,AC,AC,TT,GG,GG,CC,AA,CC,TT,CT,GT,GG,TT,AA,NN,AA,GG,CC,CC,GG,CC,GG,TT,AA,CC,TT,AG,CC,CC,AT,AG,CC,AA,CC,AA,AA,CC,CC,AC,AT,AA,GG,AA,AC,NN,AC,AA,AA,AA,AA,TT,GG,AC,AG,CC,CC,TT,AA,AG,GG,GG,GG,TT,AA,AA,TT,TT,TT,AA,AT,GG,CG,AA,3.66,Moderate,High,Standard,Medium
L0045,Coimbatore,Tamil Nadu,Kharif,Red Loamy,Rainfed,650,29.5,68,AC,TT,GG,AG,GG,CC,GG,TT,CC,CC,AA,CT,CG,AT,TT,GT,GG,TT,TT,AA,CG,TT,TT,CC,TT,CC,TT,TT,NN,AA,TT,CT,AA,CC,GG,CC,GG,CG,GG,CC,TT,TT,AA,TT,AA,GG,TT,TT,NN,AA,GG,AA,AA,GG,CC,TT,AA,AA,GG,AC,AA,TT,TT,AA,TT,AT,CC,GG,TT,GG,AA,GT,CC,AG,GG,AC,AA,GG,TT,TT,GG,GG,GG,CC,AA,GG,AA,AA,CC,TT,CC,TT,CC,AT,TT,GG,TT,CC,TT,CC,CT,CC,AG,AA,TT,TT,CC,NN,AG,AA,CC,GG,GT,CG,TT,AA,AC,TT,CC,GG,CG,AG,CC,GT,TT,AA,CC,CC,AC,CC,AA,TT,CC,AA,CC,CC,AA,TT,AA,AA,GG,CT,CC,GG,AA,AG,AT,CC,GG,CC,CC,AA,AA,GG,TT,GG,AA,TT,CC,GG,AC,TT,TT,TT,CC,AA,TT,TT,AA,AT,NN,CC,AA,CT,CC,CC,CG,CC,AA,GG,AG,AC,TT,CC,GT,TT,CG,TT,AA,AA,TT,CC,GG,AA,AC,CC,GG,GG,AA,GG,TT,AC,AA,CG,GG,TT,AC,AA,TT,GG,GG,TT,AT,CC,GG,AA,CC,TT,TT,AA,GG,AA,TT,AA,TT,CC,TT,AC,CC,TT,CG,NN,CG,AG,CC,TT,CT,TT,GG,TT,AC,CC,AA,GG,CC,CC,GG,CC,GG,TT,AA,CC,GT,GG,CC,CG,AT,AG,CG,AA,CC,AA,AA,CC,CC,AC,TT,AA,GG,AA,AA,AA,AA,AA,AA,AG,AA,TT,CG,AA,AG,CC,AA,TT,AG,AG,GG,GG,GG,GT,AA,AG,TT,TT,TT,AG,AT,GG,GG,AA,2.4,Susceptible,High,Premium,Early
L0046,Coimbatore,Tamil Nadu,Kharif,Red Loamy,Rainfed,650,29.5,68,AA,TT,GG,NN,GG,CC,GG,TT,CC,GG,AA,CT,CG,TT,TT,GG,GG,TT,TT,AA,CC,TT,GT,CC,TT,CC,TT,TT,GG,AA,TT,CC,AA,CC,GG,CG,GG,CC,GG,CC,TT,CT,AC,GT,AA,AG,TT,AT,CC,AA,GG,AA,AG,GG,CC,GT,AA,AA,GT,AA,AA,GT,TT,NN,TT,TT,CC,GG,TT,GG,AA,NN,CC,AA,AG,AC,AA,GG,TT,TT,GG,GG,GT,CC,AA,AG,AA,AT,CC,GT,CC,TT,CC,AT,TT,GG,TT,NN,GT,CC,CT,CG,AG,AA,AT,TT,CC,AA,AA,AA,CC,GG,GT,CC,GT,NN,AA,TT,CG,AA,CC,GG,CC,GG,TT,AA,CC,CC,CC,CC,AA,TT,CC,AA,CC,CC,AA,TT,AA,AA,GG,CC,NN,GG,AA,AG,AA,CC,GG,CC,NN,AA,AG,GG,TT,NN,AC,GG,TT,AG,AA,TT,GT,TT,CC,AA,TT,TT,AT,AA,GG,CC,AA,CT,NN,CC,CG,CC,AA,GG,AA,CC,TT,CC,GT,TT,GG,TT,AA,AG,TT,CC,GG,AA,CC,CC,GG,GG,AC,GG,TT,AC,AA,CC,GT,AA,CC,AA,AT,GG,TT,TT,AT,GG,GG,AT,CC,TT,GT,AA,GG,AA,CT,AA,TT,CC,CC,AC,CC,CT,GG,AA,CC,NN,CC,AT,CT,GT,GG,TT,AC,CC,AA,GG,CC,CC,CG,CC,GG,AT,AA,CC,TT,GG,CC,CC,AA,GG,CC,AA,NN,AA,AA,CC,CG,AA,TT,AA,GG,AA,AC,AC,AA,AG,AA,AA,AA,AT,GG,AA,AA,AC,AA,CT,AA,AA,CG,GG,GG,GT,AA,AA,TT,TT,TT,GG,TT,GG,GG,AA,4.57,Susceptible,High,Poor,Early
L0047,Coimbatore,Tamil Nadu,Kharif,Red Loamy,Rainfed,650,29.5,68,AA,CT,GG,AA,GG,CC,GG,AT,CC,CG,AA,CC,CG,TT,TT,GG,CG,TT,TT,GG,CC,TT,GT,CC,TT,CC,TT,TT,NN,AA,CC,CT,AA,CC,GG,GG,GG,CC,GG,CC,TT,TT,AA,TT,AG,AG,TT,NN,CC,AC,GG,AT,AG,GG,CC,TT,AT,AC,GT,AA,AA,GT,TT,AA,TT,TT,CC,GG,TT,GT,GG,GT,AC,AA,GG,AC,AA,GG,TT,TT,GG,GG,GT,CC,AA,GG,AA,AT,CC,GT,AC,TT,CT,TT,GT,GG,TT,CC,TT,CT,CC,CG,AG,AG,TT,TT,CC,AA,AA,AA,CC,GG,TT,CC,GT,AC,AA,TT,CG,GG,CC,GG,CC,GT,CT,AG,CC,CC,CC,NN,AA,GT,CC,AA,CC,CC,AA,TT,AA,TT,GG,NN,CC,GG,NN,GG,AA,CC,GT,CC,CC,AA,AG,GG,GT,AG,AA,TT,TT,GG,CC,GG,TT,TT,CC,AT,GT,CT,AA,NN,GG,CC,AA,CC,CC,CC,GG,CC,AT,GG,AA,CC,GT,CG,GT,TT,GG,AT,AA,AG,TT,CC,GG,AC,AC,CG,GG,GG,AC,CG,TT,AA,AA,CG,GG,AT,AC,AA,AA,GG,TT,TT,AA,GG,GT,AA,CC,AT,GT,AA,GG,AA,TT,AA,TT,CC,TT,AC,CC,CT,GG,AG,CG,AG,CC,TT,TT,GT,NN,TT,AC,AC,AA,GG,CC,CG,GG,CC,GG,AT,AA,CC,TT,AG,CC,CG,AT,GG,CC,AT,CC,AA,AA,NN,CC,CC,TT,AA,GG,AA,AA,AC,AA,AG,AG,AA,AA,TT,GG,AA,AA,CC,AC,CT,AA,AA,GG,AG,GG,TT,AT,AA,GT,TT,TT,AA,TT,GG,GG,AA,6.62,Susceptible,Low,Standard,Late
L0048,Coimbatore,Tamil Nadu,Kharif,Red Loamy,Rainfed,650,29.5,68,AA,TT,AG,AG,GG,CC,GT,TT,CC,CC,TT,CC,CG,AT,GT,GT,GG,TT,TT,AA,CC,GT,GT,CT,TT,CC,TT,TT,GG,AA,TT,CC,AA,CC,GG,CG,GG,GG,GG,CC,TT,CT,AA,TT,AA,AG,TT,AT,CC,AC,GG,AA,AA,GG,CT,GT,AA,AC,GG,AA,AG,TT,AT,GG,CT,TT,CC,GG,TT,GG,AA,GG,CC,AA,GG,AC,AA,GG,TT,TT,GG,GG,GT,CC,AA,GG,AA,AA,CC,GT,CC,TT,CC,TT,TT,GG,CT,CC,GG,NN,CC,CG,AA,AA,AT,NN,CC,AA,AG,NN,CT,GG,TT,CG,GT,AA,AA,TT,CG,AA,CC,GG,CC,TT,TT,AG,NN,CC,CC,CC,AA,TT,CC,AA,CC,CT,AA,TT,AA,AT,CG,CC,CG,GG,AA,GG,AA,CC,GT,CC,CC,AA,AG,GG,GT,NN,AC,TT,TT,GG,AC,TT,GT,TT,CC,AA,GT,TT,AA,TT,CG,CC,AA,CT,CC,CC,CG,AC,AA,GG,AG,CC,TT,CC,GT,TT,GG,AA,AA,AA,TT,CC,GG,AA,AC,CG,GG,GG,AA,CG,TT,AA,AA,CC,GG,AA,CC,AT,AT,GG,GT,TT,AT,GG,GT,AT,CC,TT,GT,AA,GG,AA,TT,AA,TT,CC,CT,AA,AC,CT,GG,AA,CG,AG,AC,TT,NN,NN,GG,TT,AA,CC,AA,GG,CC,CC,GG,CC,GG,TT,AA,CC,TT,AG,CG,CC,AA,GG,CC,TT,CG,AA,AA,AC,CC,AA,TT,AA,GG,AA,AA,AA,AA,AG,AA,AG,AA,TT,GG,AA,AG,AA,AC,TT,AA,AG,GG,GG,GG,TT,AA,AA,TT,TT,TT,AG,AT,GG,GG,AA,2.45,Susceptible,Medium,Poor,Early
L0049,Coimbatore,Tamil Nadu,Kharif,Red Loamy,Rainfed,650,29.5,68,CC,CT,GG,AA,CG,CC,GT,AT,CC,CG,AA,CC,CG,TT,TT,GG,CG,TT,TT,AA,CC,GT,TT,CC,TT,CC,GT,TT,GT,AA,TT,CT,AG,CC,GG,GG,GG,CC,GG,CC,TT,CC,AA,TT,AG,GG,TT,TT,CC,AC,GG,AT,AG,GG,CT,TT,AA,AA,GG,AA,AA,TT,AT,GG,TT,TT,CC,GG,NN,TT,AA,GG,CC,AA,GG,AA,AT,GG,TT,TT,GG,NN,GT,CC,AA,GG,AA,AA,CG,GT,CC,TT,CT,AT,TT,AG,TT,AC,GT,CC,CC,NN,GG,AA,TT,GT,CC,NN,AA,AA,CC,GG,TT,CC,GT,AA,AA,TT,CC,AG,CG,GG,CC,GG,TT,AA,CC,CC,AC,CC,AA,TT,NN,AA,CC,CC,AA,TT,AA,AA,GG,CC,CC,GG,AA,AG,AT,CC,NN,CC,CC,AA,AA,GG,GT,GG,AA,TT,CT,AG,CC,TT,TT,CT,CG,AT,GT,TT,AA,TT,GG,CC,AA,CT,CC,CC,GG,CC,AA,GG,AA,CC,TT,CC,GT,TT,CG,TT,AA,AG,TT,CC,CG,AC,CC,CC,CG,GG,AC,CG,CT,CC,AA,CC,GG,AA,AC,AA,AT,GG,TT,TT,AT,GG,GT,AT,CC,TT,TT,NN,GG,AA,TT,AA,TT,CC,TT,AA,CC,TT,CG,AG,CC,AG,AC,TT,TT,TT,GG,TT,AA,AC,AA,GG,CC,CG,GG,CC,GG,TT,AA,CG,GT,GG,CC,CC,AA,AG,CC,AA,CC,AA,AA,AC,CG,AC,TT,AA,NN,AA,AA,AC,AA,NN,AG,AA,AG,AT,GG,CC,AA,AC,AA,TT,AA,AA,CG,GG,GG,GT,AT,AA,TT,TT,TT,AG,TT,GG,GG,AA,2.12,Moderate,Medium,Premium,Medium
L0050,Coimbatore,Tamil Nadu,Kharif,Red Loamy,Rainfed,650,29.5,68,AC,TT,GG,AA,GG,CC,GT,TT,CC,CG,AA,CT,CG,AT,TT,GG,GG,TT,TT,AA,CC,GT,GT,CC,TT,CC,GT,NN,GG,AA,TT,CC,AA,CC,GG,GG,GG,CG,GG,NN,TT,CC,AA,GT,AA,GG,TT,TT,CG,AC,GG,AA,AA,GG,CC,TT,AA,AA,GT,AC,AA,GT,TT,AA,TT,TT,CC,GG,TT,GG,AA,GG,CC,AA,GG,AC,AT,GG,TT,TT,GG,GT,GG,CC,AT,GG,AA,AT,CC,GT,AA,TT,CT,TT,GT,GG,TT,CC,GT,CC,CC,CC,AG,AA,AT,TT,CC,AA,AA,AC,CT,GG,TT,CC,TT,AA,AA,TT,CC,NN,CG,GG,CC,TT,TT,AA,CC,CC,AC,CC,AA,TT,CC,AA,CC,CC,AA,TT,AA,NN,CG,CC,CC,GG,AG,AG,AA,CC,GG,CC,CG,AA,AA,GG,TT,GG,AC,TT,TT,GG,AC,TT,TT,TT,CC,AA,TT,CT,AT,TT,GG,CC,AG,CC,CC,CC,GG,CC,AA,GG,GG,CC,TT,NN,GG,TT,GG,AT,AA,AG,TT,CC,GG,AC,AC,CC,GG,GG,AA,GG,TT,AC,AA,CC,GG,AA,CC,AA,AA,GT,TT,AA,AT,CG,GG,AT,CG,TT,TT,AA,GG,AA,CC,AA,TT,CC,CT,AC,CC,CT,CC,AG,CC,GG,CC,TT,CT,TT,GG,TT,AA,AC,AA,GG,CC,CG,GG,CC,GG,AT,AA,CC,TT,GG,CG,CC,AA,AG,CC,AT,CC,AA,AA,AC,CG,AC,AT,AA,GG,AA,AA,AA,AA,AG,AA,AA,AA,TT,GG,AA,AG,NN,AC,TT,AA,AA,GG,GG,GG,TT,AA,AG,TT,TT,TT,AG,TT,GG,CG,AA,4.73,Susceptible,Medium,Standard,Late
L0051,Coimbatore,Tamil Nadu,Kharif,Red Loamy,Rainfed,650,29.5,68,AC,CT,AG,AA,GG,CC,GG,TT,CC,CG,AT,CC,CG,AT,TT,GG,CG,TT,TT,GG,CG,TT,GT,CT,TT,CC,TT,TT,GG,AA,CT,CC,AA,CC,GG,GG,GG,CG,GG,CC,TT,TT,AA,GT,AA,AG,TT,TT,CC,AC,GG,AA,AA,GG,CC,TT,AA,AC,GG,AC,AA,TT,AA,AA,CT,TT,CC,GG,CC,GG,AA,GT,CC,AA,AA,AA,AT,GG,TT,TT,GG,GG,GG,CC,TT,GG,AA,AA,CC,GT,CC,TT,CC,TT,TT,GG,TT,CC,GT,CC,CT,CC,AG,AA,TT,TT,CC,AA,AG,AA,CC,NN,TT,CC,TT,AC,AC,TT,CG,GG,CC,AG,CC,GG,TT,AA,CC,CC,CC,CC,AA,TT,AC,AA,CC,CT,AA,AT,AA,AA,CG,NN,CC,GG,AG,AA,AA,CC,GG,CC,CC,AG,AG,AG,GT,GG,AC,TT,TT,GG,CC,GT,GT,TT,CC,AT,TT,TT,AA,TT,GG,CC,AA,CC,CC,CC,CG,CC,AA,GG,GG,NN,TT,CC,GT,TT,GG,AT,AA,AA,TT,AC,GG,AA,CC,CC,GG,AG,AC,NN,CT,AC,AG,CG,GG,AA,CC,AA,TT,GT,TT,AA,AA,GG,GG,AA,CG,AT,GG,AA,GG,AA,CT,AA,TT,CC,TT,AC,NN,TT,GG,GG,CC,AG,CC,TT,TT,TT,GG,TT,AA,CC,AA,GG,CC,CG,GG,CC,GG,TT,AG,CC,GT,GG,CG,CC,AA,GG,CC,AA,CC,AA,AA,CC,CC,AC,TT,AA,GG,AA,AA,AC,AA,GG,AA,AA,AA,TT,GG,AA,AA,AC,AA,CC,AA,NN,GG,GG,GG,TT,AA,AA,TT,TT,NN,AA,TT,GG,GG,AA,1.67,Susceptible,Low,Standard,Medium
L0052,Coimbatore,Tamil Nadu,Kharif,Red Loamy,Rainfed,650,29.5,68,AC,TT,GG,AG,GG,CC,GG,AT,CC,CG,AA,CT,CG,TT,TT,GG,CG,TT,TT,AA,CC,TT,TT,CC,TT,NN,TT,AT,GT,AA,TT,CC,AG,CC,GG,GG,GT,CC,GG,CC,TT,TT,AA,TT,AA,GG,TT,TT,CG,AC,GT,AA,AG,GG,CT,GT,AT,AC,GT,AA,AG,TT,TT,GG,CT,TT,CC,GG,TT,GT,AG,GG,NN,AA,GG,AC,AT,GG,TT,TT,GG,GG,GG,CC,AA,GG,AA,AA,CG,TT,CC,TT,CC,TT,GT,GG,CT,AC,TT,CT,CC,GG,GG,AA,TT,TT,CG,AA,AA,AA,CT,GG,TT,CC,TT,AA,AA,TT,CC,GG,CC,GG,CT,GG,TT,AA,TT,CG,CC,CG,AA,TT,CC,AA,CC,CC,AA,TT,AG,AT,GG,CT,CC,GG,AA,AA,AA,CC,GG,CC,CC,AA,AG,GG,GT,GG,AA,TT,TT,AG,CC,GT,TT,CC,CC,AT,TT,TT,AA,TT,GG,CC,AA,NN,AC,CC,CG,CC,AA,GG,AA,CC,TT,CC,GT,GT,CG,AT,AA,AA,TT,CC,CG,AA,CC,CC,GG,GG,AA,GG,TT,AA,AG,CC,GG,AA,CC,AT,AT,GG,TT,AT,AT,CG,GT,AT,CG,NN,GT,AA,GG,AA,CT,AA,TT,CC,TT,AC,CC,TT,GG,AA,CC,GG,CC,TT,CT,GT,GG,TT,AC,AC,AG,GG,NN,CC,GG,CC,GG,AT,AG,CG,TT,GG,CC,CC,AA,AG,CG,AT,CC,AT,AA,AC,CC,AA,TT,AA,GG,AA,AA,CC,AA,AG,AG,AA,AA,TT,GG,AA,AA,CC,AA,TT,AA,AA,GG,GG,GG,TT,AA,AA,TT,TT,TT,AA,TT,GG,GG,AA,5.88,Moderate,High,Premium,Early
L0053,Coimbatore,Tamil Nadu,Kharif,Red Loamy,Rainfed,650,29.5,68,AC,TT,AG,AG,CG,NN,GT,AT,CC,CG,AA,CC,CC,TT,TT,GT,CG,TT,TT,AA,CC,TT,TT,CC,AT,CC,TT,TT,GG,AA,TT,CC,AA,CC,GG,GG,GG,CC,GG,CC,TT,CC,AC,TT,AG,GG,TT,TT,CC,AA,GG,AT,AA,GG,CC,TT,AT,AA,GT,AA,AA,GT,AT,AA,TT,TT,CC,GG,TT,GT,GG,GG,AC,AA,AA,AC,AA,GG,TT,TT,GG,GT,GT,CC,AA,AG,AA,AA,CC,GT,CC,TT,CC,AT,GT,AG,CT,CC,TT,CC,CT,CC,AA,AA,TT,TT,CC,AA,AA,AC,CC,GG,TT,NN,TT,AA,AA,TT,CG,GG,CC,AG,CC,GG,TT,AA,CC,CC,CC,CC,AA,TT,CC,AA,CC,CC,AA,TT,AA,AA,GG,CC,CC,GG,AA,AA,AA,CC,GG,CC,CC,AA,NN,AG,TT,GG,AC,GT,CC,GG,AA,TT,GT,TT,CG,AA,TT,TT,AA,TT,GG,CC,AG,CC,CC,CC,CG,CC,AA,GG,AA,CC,TT,GG,GG,TT,CG,AT,AA,AG,TT,CC,GG,AA,CC,CC,GG,AG,AA,GG,TT,NN,GG,CG,GG,AA,CC,AA,TT,GT,TT,AA,AA,GG,GT,AT,CC,AT,GT,AA,GG,AA,CT,AC,TT,CG,TT,AA,CC,TT,GG,AA,CC,AG,CC,TT,TT,GG,GG,TT,AC,CC,AA,GG,CC,CC,GG,CC,GG,AT,AG,CG,TT,GG,CC,CC,AA,GG,CC,TT,CC,AA,AA,AC,CC,AA,TT,AA,CG,AT,AA,AC,AA,AA,AA,AA,AA,TT,GG,AC,AA,CC,AA,CT,AA,AG,GG,GG,GG,TT,AA,AG,TT,TT,AT,AA,AA,GG,CG,AA,3.51,Susceptible,Medium,Poor,Early
L0054,Coimbatore,Tamil Nadu,Kharif,Red Loamy,Rainfed,650,29.5,68,AC,TT,GG,GG,CG,CC,GG,AT,CC,CG,AA,CC,CC,AT,TT,GG,GG,TT,TT,AA,CC,TT,TT,CC,TT,CC,TT,AT,GT,AC,TT,CT,AA,CC,GG,GG,GG,CG,GG,CC,TT,CT,AA,TT,AG,AG,TT,AT,CC,AC,GG,AA,AA,GG,CC,GT,AA,AC,GG,AC,AG,TT,AT,AG,TT,AT,CC,NN,TT,GG,AG,GG,CC,AA,AG,AC,TT,GG,TT,TT,GG,GT,GG,CC,AA,GG,AA,AA,CC,GT,CC,TT,CC,TT,TT,GG,TT,CC,TT,CC,CT,CC,GG,AG,TT,TT,CC,AG,AA,AA,CC,GT,TT,CC,TT,AA,AA,TT,CC,AG,CG,GG,CC,GG,TT,AA,CC,CC,CC,CC,AA,TT,AC,AA,CC,CC,AA,AT,AA,AA,GG,CC,CC,GG,AG,AG,AA,CC,GG,CC,CG,AA,AA,AG,TT,GG,AC,TT,TT,GG,CC,GT,GT,CT,CC,AA,TT,TT,AT,TT,CG,CC,AG,CC,CC,CC,CG,AC,AA,GG,AA,CC,TT,CC,GG,TT,CG,AT,AG,AG,TT,CC,GG,AA,AC,CG,GG,NN,AC,GG,TT,AA,AA,CG,GG,AA,AC,AA,AA,GT,TT,AT,AA,GG,GT,AA,CC,TT,GT,AA,GG,AG,CT,AA,TT,CC,TT,AA,CC,TT,GG,AG,CC,GG,AC,TT,TT,TT,GG,TT,AA,AA,AG,GG,CC,CG,GG,CC,GG,AT,AG,CC,TT,GG,CC,CC,AT,AG,CC,AA,CC,AA,AA,CC,CC,NN,TT,AA,GG,AA,AA,AC,AA,NN,AG,AA,AA,AA,CG,AC,AA,CC,AA,CT,AA,AA,GG,GG,GG,TT,AA,AA,GG,TT,TT,GG,TT,GG,GG,AA,3.61,Susceptible,Low,Premium,Early
L0055,Coimbatore,Tamil Nadu,Kharif,Red Loamy,Rainfed,650,29.5,68,AC,TT,GG,AA,CG,CC,GT,TT,CC,CC,AA,CC,CG,AT,TT,GG,GG,TT,TT,AG,CC,TT,GT,CC,TT,CC,NN,TT,GT,AA,TT,CT,AA,CC,GG,GG,GG,CG,GG,AC,GT,CT,NN,TT,AA,GG,TT,TT,CC,AC,GG,AA,AA,GG,CC,TT,AA,AA,TT,AC,AG,TT,AT,AA,TT,AA,CC,GG,TT,GG,AG,GG,CC,AA,AG,AC,AA,GG,TT,NN,GG,GG,GG,CC,AA,GG,AA,AA,CC,TT,CC,TT,CC,TT,TT,GG,TT,CC,TT,CT,CT,CC,AG,AA,TT,TT,CG,AA,AG,AA,CC,GG,TT,CG,TT,AC,CC,TT,CC,GG,CC,GG,CC,GG,CT,AA,CC,CC,CC,CC,AA,TT,CC,NN,CC,CT,AA,AT,AA,NN,GG,CC,CC,GG,AG,GG,AT,CC,GG,CC,CG,AA,AA,GG,GG,GG,AC,TT,CT,GG,CC,TT,GT,TT,CC,AT,TT,TT,AA,TT,GG,CC,AG,CC,CC,CC,CG,CC,AA,AG,AA,CC,TT,CC,TT,TT,GG,TT,AA,AA,TT,CC,CG,CC,AC,CC,GG,GG,AA,GG,TT,AA,NN,CC,GG,AA,AC,AA,AT,GG,TT,AT,AA,GG,TT,AA,CC,TT,GT,AA,GG,AA,TT,AC,TT,CC,NN,AA,AC,TT,GG,AA,CC,AG,CC,AT,TT,GT,GG,TT,AC,AC,AA,GG,CC,CC,GG,CC,GG,AT,AA,CC,TT,GG,CC,CC,AA,GG,CC,AA,CC,AA,AA,AC,CC,AC,TT,AA,GG,AA,AA,AC,AA,AG,AA,AG,AA,TT,GG,AA,AG,CC,AA,CT,AA,AA,GG,AG,GG,TT,AT,AA,GT,TT,TT,AA,AT,GG,GG,AA,3.04,Resistant,Low,Premium,Medium
L0056,Coimbatore,Tamil Nadu,Kharif,Red Loamy,Rainfed,650,29.5,68,AC,TT,GG,AA,GG,CC,GT,AT,CC,CC,AT,CT,CG,TT,TT,GG,GG,TT,TT,AA,CG,GT,GG,CC,TT,CC,TT,TT,GT,AA,CT,CC,AA,AC,GG,GG,GG,CC,GT,CC,TT,CT,AA,NN,AA,GG,TT,TT,CC,AC,GG,AT,AG,GG,CC,GT,AT,AA,TT,AC,AA,TT,TT,AA,CT,TT,CT,GG,TT,GG,AG,GG,CC,AA,NN,AA,AA,GG,TT,NN,GG,GG,GG,CC,AT,GG,AA,AT,CC,GG,CC,GT,CC,TT,TT,GG,CT,CC,GT,CC,CT,CG,AG,AA,TT,TT,CC,AA,AG,AA,CT,GG,TT,CC,TT,CC,AA,TT,CC,GG,CG,GG,CC,GG,CT,AG,CC,CC,AC,CC,AG,TT,CC,AA,CC,CC,AA,TT,AA,AA,GG,CC,CC,GG,AA,AG,AT,CC,GG,CC,CG,AG,AG,GG,TT,GG,AA,TT,TT,GG,AA,TT,TT,TT,CG,NN,TT,TT,AA,AT,GG,CC,AA,CC,AC,CC,CG,CC,AA,GG,AG,CC,TT,CG,GT,TT,GG,TT,AA,AA,TT,CC,GG,AA,CC,CC,GG,GG,CC,GG,TT,AC,AG,CC,GT,AA,AC,AA,NN,GT,TT,AT,AA,CG,TT,AT,CC,TT,GT,AA,AG,AA,TT,AA,TT,CC,TT,AA,CC,TT,CG,GG,CC,AA,CC,TT,TT,GT,GG,TT,AA,AC,AG,GG,CC,CG,GG,CC,GG,AT,AA,CC,TT,GG,CC,CG,AA,GG,CC,NN,CC,AT,AA,AC,CG,AC,AT,AA,GG,AA,AA,AA,AA,AG,AA,AA,AA,TT,GG,AC,GG,CC,CC,TT,AA,AA,GG,GG,GG,TT,AT,AA,TT,TT,TT,AA,AT,GG,GG,AA,2.95,Moderate,Low,Poor,Early
L0057,Coimbatore,Tamil Nadu,Kharif,Red Loamy,Rainfed,650,29.5,68,AA,NN,GG,AG,GG,CC,GG,TT,CC,CC,AA,CC,CC,TT,GT,GG,GG,TT,TT,GG,CC,GT,TT,CC,TT,CC,TT,TT,GG,AA,NN,CT,AA,CC,NN,GG,GG,CG,GG,CC,TT,TT,AA,GT,AA,GG,TT,TT,CC,CC,GG,AA,AA,GG,CT,TT,AA,AA,GT,AA,AG,TT,AT,AA,TT,TT,CC,GT,TT,GT,AA,GG,CC,AA,GG,AC,AT,GG,TT,TT,GG,GG,GG,CC,AT,GG,AA,AA,CC,TT,CC,TT,CC,TT,TT,GG,TT,AC,GT,CC,CC,CC,AG,AA,TT,TT,CG,AA,AA,AA,CC,GG,TT,CC,GT,AA,AA,TT,CC,AG,CG,AG,CC,GT,TT,AG,CT,CC,CC,CC,AA,TT,CC,AA,NN,CT,AA,TT,AG,AA,GG,CC,CC,GG,AA,NN,AA,AC,GG,CC,CC,AA,AG,GG,TT,GG,AA,TT,TT,GG,CC,TT,TT,TT,CC,AT,TT,TT,AA,TT,GG,CG,AG,TT,CC,CC,GG,CC,AA,GG,AA,CC,TT,NN,TT,TT,GG,AT,AA,AA,TT,CC,CG,AC,CC,CC,GG,AG,AC,GG,TT,AA,AA,CC,GG,AA,CC,AT,AA,GG,TT,AT,AT,GG,GG,AA,CC,TT,GT,AA,GG,AA,TT,AA,TT,CG,TT,AA,CC,TT,CG,AA,CC,NN,AC,TT,TT,GT,GG,TT,AA,CC,GG,GT,CC,CC,GG,CC,GG,AA,AA,CC,GT,GG,CC,CG,AA,GG,CC,AT,CC,TT,AA,CC,CG,AC,AT,AA,GG,AA,AA,AA,AA,GG,GG,AA,AA,AT,GG,AA,AG,AC,AA,CT,AG,AG,GG,AG,GG,GT,AT,AA,TT,TT,TT,AG,AT,GG,CG,AA,3.82,Susceptible,High,Premium,Medium
L0058,Coimbatore,Tamil Nadu,Kharif,Red Loamy,Rainfed,650,29.5,68,CC,CT,GG,AA,GG,CC,GT,AT,CC,CG,AA,CC,CG,TT,TT,GG,CC,TT,TT,AA,CG,TT,GG,CC,TT,CC,TT,TT,GG,AA,TT,CC,AA,CC,GG,GG,GG,CG,GG,CC,TT,CT,AA,TT,AA,GG,TT,AT,CC,CC,GG,AA,AA,GG,CC,TT,AA,AA,GT,AC,AA,GT,TT,AG,TT,TT,CC,GG,TT,GT,GG,GG,CC,AA,GG,AC,AT,GG,TT,TT,GG,GG,GT,CC,AA,GG,AA,AA,CC,TT,CC,TT,CC,TT,TT,GG,TT,CC,GT,CC,CC,CC,AA,AA,TT,TT,CC,AA,AG,AA,CT,GG,TT,CG,TT,AA,AA,TT,CC,GG,CC,GG,CC,TT,TT,AA,CC,CG,CC,CG,AA,TT,CC,AA,CC,CC,AA,TT,AG,AA,GG,TT,CC,GG,AA,AG,AA,CC,GG,CC,CC,AA,AA,AG,TT,GG,CC,GT,CT,GG,AC,TT,GT,TT,CG,AT,TT,TT,AT,TT,NN,CC,AG,CC,CC,CC,GG,CC,AA,GG,AA,CC,TT,CC,GG,TT,CG,TT,AA,AA,TT,CC,GG,AA,CC,CC,GG,GG,CC,GG,TT,AA,AA,CC,GG,AT,CC,AA,AT,GG,TT,TT,AA,GG,TT,AT,CC,AT,GG,AA,GG,AA,CC,AA,TT,CC,TT,AA,CC,CT,GG,AG,CC,AA,CC,TT,CT,TT,GG,AT,AC,CC,AA,GT,CC,CG,GG,GG,GG,TT,AA,CC,TT,GG,GG,CC,AT,AG,CC,AA,CC,AA,AA,CC,CC,CC,TT,AA,GG,AA,NN,AA,AA,GG,AG,AA,AA,TT,GG,AA,AA,AC,AA,CT,AA,AG,GG,GG,GG,TT,AA,AG,TT,TT,TT,AA,TT,GG,GG,AA,2.84,Susceptible,Low,Poor,Late
L0059,Coimbatore,Tamil Nadu,Kharif,Red Loamy,Rainfed,650,29.5,68,AC,TT,AG,AG,GG,CG,GT,AT,CC,CC,AA,CC,CC,AT,TT,GG,GG,TT,TT,AA,CC,TT,GT,CC,TT,CC,TT,TT,GT,AA,TT,CC,AA,CC,AG,GG,GG,CG,GG,CC,TT,CT,AA,TT,AA,GG,TT,TT,CC,AC,GT,AA,AA,CG,CC,TT,AA,AA,GT,AC,AA,TT,TT,AG,TT,TT,NN,GG,TT,GT,GG,GT,CC,AA,GG,AA,AA,GG,TT,TT,GG,GG,GT,CC,TT,GG,AA,AA,CG,TT,AC,TT,CT,TT,GT,GG,TT,AC,GT,CC,CC,CC,AG,AG,TT,NN,CC,AA,AA,AA,CT,GG,TT,CC,TT,AA,AC,TT,CC,NN,CC,AG,TT,GT,TT,AA,CC,CC,CC,CC,AA,TT,CC,AA,CC,CC,AA,AT,AG,AA,CG,CC,CC,GG,AG,GG,AA,CC,GT,CC,CC,AA,AG,AG,TT,GG,AA,TT,TT,GG,CC,TT,TT,CT,CG,AA,GT,TT,AA,TT,CC,CC,AG,CT,CC,CC,GG,CC,AA,GG,AA,CC,TT,CC,GG,TT,CG,TT,AA,AA,NN,CC,GG,AC,CC,CC,GG,GG,AC,GG,TT,AA,AA,CC,GT,TT,CC,AA,AA,GT,NN,TT,AT,GG,GG,AT,CG,TT,TT,AA,GG,AA,TT,AA,TT,CC,TT,AA,CC,TT,GG,AG,CC,AG,CC,TT,TT,GT,GG,TT,AA,AC,AG,GG,CC,CC,GG,GG,GG,AT,AA,CG,GG,GG,CC,CC,AA,GG,CC,AT,CC,AA,AA,NN,CC,AC,TT,AA,GG,AA,AA,AC,AA,GG,AG,AA,AA,TT,GG,AA,AA,CC,AA,CT,AG,AA,GG,GG,GG,TT,AA,AA,GT,TT,AT,AA,TT,GG,GG,AA,3.22,Susceptible,High,Poor,Late
L0060,Coimbatore,Tamil Nadu,Kharif,Red Loamy,Rainfed,650,29.5,68,AA,CT,GG,GG,GG,CC,NN,TT,CC,CG,AA,NN,CC,AT,TT,GG,GG,TT,TT,AA,CC,TT,GT,CC,TT,CC,TT,TT,GG,AA,TT,CC,AA,CC,GG,GG,GG,CG,GG,CC,TT,CT,AA,TT,AG,AG,TT,TT,CC,AC,GG,AA,AA,GG,CT,TT,AA,AA,GG,AC,AG,TT,TT,AG,CT,AT,CC,GG,TT,GT,AA,GG,CC,AA,GG,AA,AA,GG,TT,CT,GG,NN,GG,CC,AA,GG,AA,AA,CC,GG,CC,TT,TT,TT,TT,AG,TT,CC,TT,CC,CT,CC,AG,AA,TT,TT,CG,AG,AG,AA,CT,GT,GT,CC,TT,AA,AA,TT,CC,GG,GG,GG,CT,GT,CT,AA,CC,CC,CC,CG,AA,TT,AC,AA,CC,CC,AA,TT,AA,AA,GG,CC,CC,GG,AA,NN,AA,AC,GG,CC,CC,AA,AA,GG,GT,GG,AA,GT,TT,GG,CC,GT,TT,TT,CC,AT,GT,TT,AT,TT,CG,CC,AA,CC,CC,CC,CG,CC,AA,GG,AA,CC,TT,CC,GT,TT,GG,AT,AA,AA,TT,CC,GG,CC,AC,CC,GG,GG,AC,GG,TT,AA,AA,CG,GG,AT,CC,AA,AA,GT,TT,TT,AT,CG,GT,AA,CC,AT,TT,AA,GG,AG,CT,AA,TT,CC,CT,AC,AA,TT,GG,AG,CC,AG,CC,AT,CT,TT,CG,TT,AA,CC,AG,GG,CC,CC,GG,CG,GG,TT,AA,CC,TT,GG,CC,CC,AA,GG,CC,AA,CC,AA,AA,AC,CC,CC,TT,AA,GG,AA,AA,AC,AA,AG,GG,AG,AA,TT,GG,AA,AA,CC,AA,CT,AG,AA,GG,GG,GG,GT,AT,AA,GT,TT,TT,GG,AT,GG,GG,AC,3.51,Resistant,Low,Standard,Late
L0061,Coimbatore,Tamil Nadu,Kharif,Red Loamy,Rainfed,650,29.5,68,AC,CT,GG,AG,GG,CC,GT,NN,CC,CG,AA,CT,CG,AT,TT,GG,CG,NN,TT,AA,CG,TT,GT,CC,TT,CC,TT,TT,GG,AA,TT,CT,AA,CC,AG,GG,GG,CC,GT,CC,TT,CT,AA,GT,AA,AG,TT,AT,CC,CC,GT,TT,AA,GG,CC,GT,AA,AC,GT,AA,AA,TT,TT,AA,TT,TT,CC,GG,TT,GG,AA,GG,CC,AA,AG,CC,AT,GG,TT,TT,GG,GG,GT,CC,AA,GG,AA,AA,CC,GT,AC,TT,TT,TT,TT,GG,TT,CC,TT,CC,CT,GG,AG,AG,AT,TT,CG,AA,AA,AA,CC,GG,TT,CG,TT,AC,AA,TT,CG,GG,CG,GG,CC,GT,TT,AA,CC,NN,CC,CC,AA,TT,CC,AA,CC,CC,AG,TT,AA,AA,GG,CC,CC,GG,NN,AG,AA,AC,GG,CC,CC,AA,AA,AG,TT,GG,AA,GG,CT,AG,CC,TT,TT,TT,CC,AT,GT,TT,AA,TT,GG,CC,AA,CC,CC,CC,GG,CC,AA,GG,AA,CC,TT,CC,GG,TT,GG,AT,AA,AA,TT,CC,CG,AA,AC,CC,GG,GG,CC,GG,TT,AA,AA,CC,GT,AA,AA,AT,AT,GG,TT,TT,AT,GG,GG,AT,CG,AT,GT,AA,GG,AA,TT,AA,TT,CC,TT,AA,CC,CT,CG,AA,CC,NN,CC,TT,TT,TT,GG,TT,AA,AC,AA,GT,CC,CC,GG,CG,GG,AA,AA,CG,TT,GG,CC,NN,AT,GG,CG,AA,CC,AA,AA,CC,CC,AC,AT,AA,CG,AA,AA,AC,AA,AG,AA,AA,AA,TT,GG,AA,AG,CC,AA,CT,AA,AA,GG,GG,GG,TT,AA,AA,GT,NN,TT,AA,TT,GG,GG,AC,4.48,Resistant,Low,Standard,Late
L0062,Coimbatore,Tamil Nadu,Kharif,Red Loamy,Rainfed,650,29.5,68,AA,CT,GG,AG,GG,CC,GG,NN,CC,CG,AT,CC,GG,TT,TT,GG,GG,TT,TT,AG,CG,TT,GT,CT,TT,CC,TT,AT,GG,AA,TT,CC,AA,CC,AG,GG,GG,CC,GG,CC,TT,CC,AA,TT,AG,GG,TT,AT,CC,AC,GG,AA,AG,GG,CC,TT,AA,AA,GG,AC,AA,GT,TT,AA,TT,AT,CC,GG,TT,GG,AA,GG,CC,AA,GG,AC,AT,GG,TT,TT,GG,GG,GG,AC,AA,GG,AA,AA,CC,GT,AC,TT,CC,AT,TT,GG,CT,CC,TT,CC,CT,GG,AA,AA,AT,TT,CC,AA,AG,AA,CC,GG,TT,CC,GT,AA,AA,TT,CC,GG,CC,GG,CC,GT,TT,AA,CC,CC,CC,GG,AA,GT,CC,AA,CC,CT,AA,TT,AG,AT,CG,CC,CC,GG,AA,AA,AA,CC,GG,CC,CC,AA,AG,AG,TT,AG,AA,GT,TT,AG,AC,TT,TT,TT,GG,AT,GT,CT,AA,TT,CC,CG,AA,CC,CC,CC,NN,CC,AT,GG,AA,CC,TT,CC,GG,NN,GG,AT,AA,AA,GT,CC,GG,AA,CC,CC,GG,GG,AC,GG,TT,AA,AA,CC,GG,AA,CC,AA,TT,GG,TT,AT,AT,GG,TT,AT,NN,TT,TT,AA,AG,AA,TT,AA,TT,CC,TT,AA,CC,TT,GG,AG,CC,AG,CC,TT,CC,GT,GG,TT,AA,AC,AG,GG,CC,CG,GG,CC,GG,TT,AA,CC,GT,GG,CC,CG,TT,GG,CC,AA,CC,AT,AA,AC,CC,CC,TT,AA,GG,AA,AC,AC,AA,AG,AA,AA,AA,TT,GG,AA,AA,CC,AA,CT,AA,AG,GG,GG,GG,GT,AA,AA,TT,TT,TT,AG,TT,GG,GG,AA,4.34,Susceptible,Low,Poor,Medium
L0063,Coimbatore,Tamil Nadu,Kharif,Red Loamy,Rainfed,650,29.5,68,CC,TT,GG,GG,GG,CG,GG,TT,CC,CG,AA,CC,CC,AT,TT,GG,CG,TT,TT,AA,CC,GT,TT,CC,AT,CC,GT,TT,GG,AA,TT,CC,AA,CC,GG,GG,GG,GG,GG,CC,TT,TT,AC,TT,AG,AG,CT,TT,CC,CC,GG,AA,AA,GG,CC,GT,AT,AA,TT,AA,AA,TT,TT,AG,TT,TT,CC,GG,TT,GT,AG,GG,AC,AG,AG,AA,AT,GG,TT,TT,GG,GG,GG,CC,AA,GG,AA,AA,CC,TT,AC,TT,CT,TT,TT,GG,TT,CC,TT,CC,CC,CG,AA,AA,TT,TT,NN,AA,AA,AC,CC,GG,TT,CC,TT,AC,AC,TT,CC,AG,CC,GG,CC,GG,CT,AG,CC,CC,CC,CC,AA,TT,CC,AA,AC,CC,AA,AT,AA,AA,CG,CT,CC,GG,AA,AA,AA,CC,GG,CC,CC,AA,AG,GG,TT,GG,AA,GT,CT,AG,AC,GT,TT,TT,CC,AA,GT,CT,AT,TT,GG,CC,AA,CT,CC,CC,GG,CC,AA,GG,AA,CC,TT,CC,GT,GT,GG,AT,AA,AA,TT,CC,GG,AA,AC,CC,GG,GG,AC,GG,TT,AC,AA,CC,GG,AA,CC,AA,AT,GG,NN,TT,AA,GG,GG,AT,CC,TT,TT,AA,GG,AA,CT,AA,TT,CC,TT,AA,CC,TT,CG,AG,CC,GG,CC,AT,TT,GG,GG,TT,AC,AC,AA,GG,CG,CG,GG,CC,GG,AT,AA,CC,GT,GG,CC,CC,AA,GG,CG,AT,CC,AA,AG,AA,CC,AC,TT,AA,GG,AA,AA,AC,AA,AG,AG,AG,AA,AT,GG,AA,AG,AC,AA,TT,AA,AA,GG,GG,GG,TT,AA,AA,GT,TT,TT,AA,AT,GG,GG,AC,2.7,Resistant,Low,Poor,Early
L0064,Coimbatore,Tamil Nadu,Kharif,Red Loamy,Rainfed,650,29.5,68,NN,TT,AG,AA,GG,CC,GG,TT,CC,GG,AA,CC,CC,TT,TT,GG,GG,TT,TT,AA,CC,TT,TT,CC,TT,CC,TT,TT,GT,AA,TT,CC,AA,CC,GG,GG,GG,NN,GG,CC,TT,CC,AA,TT,AA,GG,CT,TT,CC,CC,GG,AA,AG,GG,CT,TT,AT,AA,GT,AA,AA,TT,TT,AA,TT,TT,CC,GG,TT,GG,AG,GG,CC,AA,GG,AA,AA,GG,TT,TT,GG,GG,GG,CC,AA,GG,AA,AA,CC,GT,AC,TT,CC,TT,TT,GG,TT,CC,GT,CT,CT,CC,AA,AA,AA,TT,CG,AA,AG,AA,CC,GG,TT,CC,TT,AA,AA,TT,CG,GG,CC,GG,CC,GT,TT,GG,CT,CC,CC,CC,AA,TT,CC,AA,CC,CC,AA,TT,AA,AT,GG,CC,CC,GG,AA,GG,AT,CC,GG,CC,CG,AA,AG,GG,GT,GG,AC,TT,TT,AG,CC,TT,GT,TT,CC,AT,TT,TT,AA,TT,GG,CC,NN,CT,CC,CC,CG,CC,AA,GG,AA,CC,TT,CC,GG,GT,GG,TT,AA,AG,TT,NN,CG,AC,AC,CC,GG,GG,AA,CC,TT,AA,AA,CC,GG,AA,CC,AA,AA,GG,GT,AA,AT,GG,GG,AA,CC,AA,TT,AA,GG,AA,TT,AA,TT,CC,TT,AC,CC,CT,CG,AG,CC,AG,CC,TT,TT,GT,GG,TT,AA,AC,AG,GG,CC,CC,GG,CG,GG,TT,NN,CC,GT,GG,CC,CC,AA,AG,CC,AT,CC,AT,NN,CC,CC,AC,TT,AA,GG,AA,AC,AC,AA,AA,GG,NN,AA,AT,GG,AC,AG,AA,AA,NN,AA,NN,GG,GG,GG,TT,AA,AG,TT,TT,TT,AA,AT,GG,GG,AA,5.14,Susceptible,High,Premium,Late
L0065,Coimbatore,Tamil Nadu,Kharif,Red Loamy,Rainfed,650,29.5,68,CC,TT,GG,GG,GG,CC,GG,TT,CC,GG,AA,CC,CC,TT,TT,GT,GG,TT,TT,AA,CG,TT,GT,CC,AT,CC,GT,TT,GT,AA,CT,CT,AG,CC,GG,GG,GG,CC,GG,CC,NN,TT,AA,TT,AA,GG,TT,NN,CC,AC,GG,AA,AA,GG,CT,GT,AA,CC,GT,AC,AA,TT,AT,AA,TT,AT,CC,GG,TT,GG,AA,GG,CC,AA,GG,AC,AT,GG,TT,TT,GG,GG,GG,CC,AT,GG,NN,AA,CC,GT,AC,TT,CT,TT,GT,GG,CT,CC,TT,CT,CC,CG,AA,AA,TT,TT,NN,AA,AA,AA,CC,GG,GT,CC,GG,AC,AC,TT,CC,NN,CC,GG,CC,GG,TT,AA,CC,CC,CC,CC,AA,TT,CC,AA,CC,CC,AA,TT,AG,AA,GG,CC,CC,GG,AA,AG,AA,CC,GG,CC,CC,AG,AG,GG,TT,GG,CC,TT,CT,GG,NN,GT,TT,NN,GG,AA,GT,TT,AA,TT,GG,CC,AA,CT,CC,CC,GG,CC,AT,GG,AA,CC,TT,CC,GG,TT,GG,TT,AA,AG,TT,CC,CG,AC,CC,CC,GG,GG,AC,GG,TT,AC,AA,CC,GG,AA,CC,AT,AA,GT,TT,TT,AT,GG,TT,AT,CC,AT,TT,AT,GG,AA,TT,AA,NN,CG,TT,AC,CC,TT,CG,GG,CG,AG,CC,TT,NN,NN,GG,TT,AC,AC,AG,GG,CC,CG,GG,CC,GT,AT,AA,NN,TT,GG,CC,CC,AA,GG,CC,AA,CC,AA,AA,AC,CG,AC,TT,AA,GG,AA,AA,AA,AA,AG,AG,AA,AA,TT,GG,AC,GG,CC,CC,CT,AA,AG,GG,GG,GG,TT,NN,AA,GT,AT,TT,AA,TT,GG,CG,AA,5.22,Susceptible,Medium,Standard,Early
L0066,Coimbatore,Tamil Nadu,Kharif,Red Loamy,Rainfed,650,29.5,68,AA,TT,AA,AG,GG,CC,GG,TT,CC,CC,AA,CT,CC,TT,TT,GT,CG,TT,TT,AA,CC,GT,GT,CC,TT,CC,TT,TT,GG,AA,TT,CC,AA,CC,GG,GG,GG,CG,GG,AC,TT,CC,AA,GT,AA,AG,TT,TT,CC,AA,GG,AT,AA,GG,CC,TT,NN,AC,GG,CC,AG,TT,AT,AA,TT,AT,CC,GG,TT,GG,AA,GT,CC,AG,GG,AC,AA,GG,TT,CT,GG,GG,GG,CC,AT,AG,AA,AT,CC,TT,CC,TT,CC,TT,GT,GG,CT,CC,TT,CC,CC,CC,AG,AA,TT,TT,CC,AA,AA,AC,CC,GG,TT,CC,TT,AA,AA,TT,CG,AG,CG,GG,CC,GT,TT,AG,CC,CC,AC,CC,AA,TT,CC,AA,CC,CC,AA,TT,AA,AA,GG,CC,CC,GG,AA,AA,AA,AC,GG,CC,CC,AA,AG,GG,TT,GG,AC,TT,CT,GG,AC,GT,GT,TT,CG,AT,GT,TT,AA,AT,CG,CC,AA,CT,CC,CC,CG,CC,AA,GG,AG,CC,TT,CC,GT,TT,GG,TT,AA,AG,TT,AC,GG,AC,CC,CC,GG,GG,AA,GG,CT,AC,AA,CC,GT,AT,AC,AA,AT,GT,TT,AT,TT,GG,GG,AA,CG,TT,GG,AA,GG,AA,TT,AA,AT,CG,TT,AA,CC,CT,CG,GG,CC,AG,CC,TT,TT,GT,GG,TT,AA,AC,AG,GG,CC,CC,GG,CC,GG,AT,AG,CG,TT,GG,CC,CC,AA,GG,CC,AA,CC,AA,AA,CC,CG,CC,TT,AA,CG,AA,AA,AC,AA,AG,AG,AA,AA,AT,GG,AA,AA,AC,AA,CC,AA,AA,CG,GG,GG,GT,AA,AG,TT,TT,TT,AG,AA,GG,GG,AA,5.16,Moderate,Medium,Poor,Late
L0067,Coimbatore,Tamil Nadu,Kharif,Red Loamy,Rainfed,650,29.5,68,AA,CT,GG,AG,CG,CC,GT,TT,CC,CG,AA,CC,CC,TT,GG,GT,GG,TT,TT,AG,CG,GT,TT,CT,TT,CC,TT,TT,GG,AA,TT,CC,AA,CC,GG,GG,GG,CC,GG,CC,TT,TT,AA,TT,AA,AA,CT,AT,CC,CC,GG,AA,AA,GG,CT,GG,AA,AC,GT,CC,AA,GT,AT,AG,CT,AT,CC,GG,TT,GT,AA,GG,CC,AA,AG,AA,AA,GG,TT,CT,GG,GG,GG,CC,AA,GG,AA,AT,CC,GT,CC,TT,CC,TT,GT,GG,TT,AC,TT,CC,CC,CC,GG,AA,TT,TT,CC,AA,GG,AA,CC,GT,TT,CC,TT,AA,AA,TT,CC,AG,CC,AG,CC,GT,TT,AA,CC,CC,CC,CC,AA,TT,CC,AA,CC,CT,AA,TT,AA,AA,CG,CC,CC,GG,AA,AA,AA,CC,NN,CC,CC,AA,AA,AG,TT,GG,AA,TT,CT,GG,AA,GT,GT,TT,CC,AA,TT,TT,AA,TT,GG,CG,AG,CC,CC,CC,GG,CC,AA,NN,AG,CC,TT,CC,TT,GT,GG,AT,AA,AA,TT,CC,GG,AC,CC,CC,GG,GG,AA,CG,CT,AA,AA,CC,NN,AT,AC,NN,TT,GG,TT,TT,AT,CG,GT,AT,CC,AT,GG,AA,GG,AG,CT,AA,TT,CC,CT,AA,CC,TT,GG,AA,CC,AG,AC,AT,TT,GT,GG,AT,AA,AA,AA,GG,CC,CG,GG,CC,GG,TT,AA,CC,TT,GG,CC,CG,AT,GG,CC,AA,CC,AA,AA,AC,CG,AC,TT,AA,GG,AA,NN,CC,AA,GG,GG,GG,AA,TT,GG,CC,AG,CC,AA,TT,AG,AA,GG,AG,NN,TT,AA,AA,GT,AT,TT,AA,TT,GG,CG,AA,2.93,Moderate,Low,Poor,Late
L0068,Coimbatore,Tamil Nadu,Kharif,Red Loamy,Rainfed,650,29.5,68,AA,TT,GG,GG,GG,CG,GG,TT,CC,CC,NN,CC,CC,TT,TT,GG,CG,TT,TT,AA,CC,GT,GT,CC,TT,CC,GT,TT,GG,AA,TT,CC,AA,CC,GG,GG,GG,CC,GG,CC,TT,TT,AC,GT,AA,GG,TT,TT,CC,AC,GG,AA,AA,GG,CC,GT,AA,AA,GG,AC,AA,TT,AT,AA,TT,AA,CC,GG,TT,TT,AG,GT,CC,AA,GG,AC,AT,GG,TT,TT,GG,GG,GG,CC,AA,GG,AG,AA,CC,TT,AC,TT,CT,TT,GT,GG,TT,CC,GT,CC,NN,CG,AA,AA,TT,TT,CC,GG,AG,AA,CC,GG,TT,GG,TT,AC,AA,TT,CC,GG,CC,GG,CC,GG,CT,AA,CC,CC,CC,CC,AG,TT,CC,AA,CC,CC,AA,TT,AA,AA,GG,CC,CC,GG,AA,AA,AA,CC,GG,CC,CC,AA,AA,GG,TT,GG,AA,TT,CT,GG,CC,GT,GT,TT,CC,AA,TT,CT,AT,AT,GG,CC,AA,CC,CC,CC,CG,AC,AA,GG,AG,CC,TT,CG,GT,TT,GG,AT,AA,AA,TT,CC,GG,AC,CC,CG,GG,GG,AC,GG,TT,AC,AA,CG,GG,AA,NN,AA,AT,GG,TT,TT,AA,GG,GT,AA,GG,TT,GT,AA,GG,AG,TT,AA,TT,CC,CT,AA,CC,TT,GG,AG,CG,AG,CC,TT,TT,TT,CG,TT,AC,AC,AA,GT,CC,CC,NN,CG,GG,TT,AG,CC,TT,AG,CC,CC,AA,GG,CG,AT,CC,AA,AA,AC,CC,CC,TT,AA,GG,AA,AA,AC,AC,AG,AA,AG,AA,AT,GG,CC,AG,CC,AC,CT,AA,AA,GG,GG,GG,TT,AA,AA,TT,TT,TT,AG,TT,GG,CG,AC,3.48,Resistant,Low,Premium,Late
L0069,Coimbatore,Tamil Nadu,Kharif,Red Loamy,Rainfed,650,29.5,68,AA,TT,GG,AG,CG,CC,GG,AT,CC,CG,AA,CT,CC,TT,TT,GG,GG,TT,TT,AG,CC,TT,TT,CT,TT,CC,GT,AT,GG,AA,TT,CC,AA,CC,GG,CG,GG,CC,GT,CC,TT,NN,AC,TT,AA,AG,CT,TT,CC,AC,GG,AA,AA,GG,CC,GT,AA,AA,NN,AC,AA,TT,TT,AA,CT,AT,CC,GG,TT,GG,AG,GG,CC,AA,AG,AA,AT,NN,TT,TT,GG,GG,GT,CC,AT,GG,AG,AA,CC,TT,AC,TT,TT,AT,GT,GG,TT,CC,GT,CC,CC,CC,GG,AA,AT,TT,CC,AA,AA,AA,CT,GG,TT,CC,GT,AA,AA,TT,CC,GG,CC,AG,CC,GG,TT,AA,CC,NN,CC,CC,AA,GT,CC,AA,CC,CC,AA,TT,AG,AT,GG,CT,CC,AG,AG,AA,AA,AC,GG,CC,CC,AG,AG,GG,TT,GG,AC,TT,CT,GG,CC,GG,TT,CT,CC,AT,GT,TT,AA,TT,GG,CC,AA,NN,CC,AC,GG,AC,AT,GG,AG,CC,TT,CG,TT,TT,GG,AT,AA,AA,TT,NN,GG,AA,CC,CC,GG,GG,AC,GG,TT,AA,AA,CC,GG,AA,CC,AA,AT,GG,TT,AT,AT,GG,TT,AA,CC,TT,TT,AA,GG,AA,CT,AA,TT,CC,TT,AA,AC,CT,CG,AA,CC,AG,CC,TT,TT,TT,GG,TT,AA,AC,AG,GG,CC,CC,CG,CG,GG,AA,AA,CC,GT,GG,CC,CC,AA,AG,CG,AA,CC,AA,AA,AC,CG,AC,AT,AA,GG,AA,AA,AA,AA,GG,GG,AA,AA,TT,GG,AA,AA,CC,AC,CT,AG,AG,GG,GG,GG,TT,AA,AA,GT,TT,TT,AG,AT,GG,GG,AA,3.43,Moderate,Low,Poor,Medium
L0070,Coimbatore,Tamil Nadu,Kharif,Red Loamy,Rainfed,650,29.5,68,AA,TT,GG,AG,GG,CC,GT,TT,CC,CG,AT,CC,CG,TT,TT,GT,GG,TT,TT,AA,CC,TT,TT,CC,TT,CC,TT,TT,GG,AA,CT,CC,AA,CC,GG,GG,NN,CC,GG,CC,TT,CC,AC,TT,AA,GG,TT,TT,CC,AC,TT,AA,AG,GG,CC,TT,AT,AA,GT,AA,AG,GT,TT,AG,TT,TT,CC,GG,TT,GG,AG,GG,CC,AA,AG,AC,AA,NN,TT,CT,GG,GG,GT,NN,AA,GG,AA,AT,CC,TT,NN,TT,CC,AT,GT,GG,TT,CC,GG,CC,NN,CC,GG,AG,AT,TT,CC,NN,AA,AC,CC,GG,TT,GG,TT,AA,AA,AT,CC,AG,CG,GG,CC,GT,TT,AG,CC,CC,CC,CC,AA,TT,CC,AA,CC,CC,AA,TT,AA,AT,GG,CC,CG,GG,AA,AA,AT,NN,GG,CC,CC,AA,AG,GG,GT,GG,AC,TT,TT,AG,AC,GG,GT,TT,CC,AA,GT,TT,AA,TT,GG,CC,AA,TT,CC,CC,GG,CC,AA,GG,GG,CC,TT,CG,NN,TT,GG,TT,AA,AA,TT,CC,GG,AA,AC,CC,GG,AG,AA,GG,TT,AC,AA,CC,GT,AT,CC,AA,AT,GG,GT,TT,TT,CG,TT,AA,CC,TT,TT,AA,GG,AA,TT,AA,TT,CC,TT,AA,CC,TT,GG,AA,CC,AG,AC,TT,TT,GT,GG,TT,AA,CC,AG,GG,CC,CG,GG,CC,GG,TT,AA,CG,GT,GG,CC,CC,AA,GG,CG,AT,CG,AT,AA,AA,CC,CC,AT,AA,CG,AA,AA,AC,AA,AG,AG,AA,AA,TT,GG,AA,AG,AC,AA,TT,AA,AA,GG,GG,GG,TT,AT,AA,TT,TT,TT,AA,AT,GG,CG,AA,2.66,Moderate,High,Standard,Early
L0071,Coimbatore,Tamil Nadu,Kharif,Red Loamy,Rainfed,650,29.5,68,AA,CT,AG,AA,GG,CC,GG,TT,CC,CC,AA,CC,CG,AT,TT,TT,GG,TT,TT,GG,CC,GT,GT,CC,TT,CC,TT,TT,GG,AA,TT,CT,AA,CC,GG,GG,GG,CC,GG,CC,TT,CT,AA,TT,AA,AG,TT,TT,CC,AC,GG,AT,AA,GG,CC,TT,AA,AC,GT,AC,AA,TT,AT,AG,TT,AT,CC,GG,TT,GT,AA,NN,CC,AA,GG,AA,AA,GG,GT,TT,GG,GT,GG,CC,AT,GG,AG,AA,CC,TT,CC,TT,CT,TT,TT,GG,CT,CC,GT,CC,CC,CC,AG,AA,TT,TT,CC,AA,GG,AA,CC,GG,TT,CC,NN,AA,AA,TT,CC,AG,CC,GG,CC,GT,TT,AA,CT,CC,CC,CC,AA,NN,CC,AC,CC,CC,AA,TT,AA,AA,GG,CT,CC,GG,AA,AG,AA,CC,NN,CC,CC,AA,AA,AG,TT,GG,AA,TT,TT,GG,CC,NN,TT,CT,CG,AT,TT,TT,AA,TT,GG,CC,AA,CC,CC,AC,GG,CC,AA,AG,AG,CC,TT,CC,GG,TT,CG,AT,AA,AG,TT,AC,GG,AA,CC,CG,GG,GG,AC,CG,NN,AC,AA,CC,GG,AA,CC,AA,AT,GG,GG,TT,AA,CG,GT,AT,CC,AT,GT,AA,GG,AA,CT,AA,TT,CC,TT,AC,AC,TT,GG,AA,CC,AG,CC,TT,TT,TT,GG,TT,AA,CC,AG,GG,CC,CG,GG,CC,GG,TT,AA,CC,TT,GG,CC,CC,AA,GG,CG,AT,CC,AA,AA,CC,CC,AA,TT,AG,GG,AA,AC,AC,AA,AA,AA,AA,AA,AT,GG,AA,AA,AA,AC,TT,AA,AA,GG,GG,GG,TT,AA,AA,TT,NN,TT,GG,TT,GG,GG,AA,3.82,Susceptible,Low,Poor,Early
L0072,Coimbatore,Tamil Nadu,Kharif,Red Loamy,Rainfed,650,29.5,68,CC,TT,GG,AG,GG,CC,GT,AT,CC,CC,AA,CC,CG,TT,TT,GG,GG,TT,TT,AG,CC,GT,TT,CC,TT,CC,TT,TT,GG,AA,TT,CC,AA,CC,GG,GG,GG,CC,GG,NN,TT,CT,AC,TT,AA,AG,TT,TT,CC,AC,GT,AA,AG,GG,CT,GT,AA,AC,GT,AA,AA,GT,TT,AA,TT,AT,CC,GG,CT,GG,AA,GG,CC,AA,GG,AA,AT,GG,TT,TT,NN,GT,GG,CC,AA,GG,AA,AA,CC,GG,AC,TT,CC,TT,TT,AG,TT,CC,GT,CC,CT,CC,AG,AA,TT,TT,NN,AA,AG,AC,CC,GG,GT,CC,TT,AC,AA,TT,CC,GG,CC,GG,CC,GT,TT,AA,CC,CC,CC,CC,AA,GT,AC,AA,CC,CC,AA,TT,AA,AA,GG,CC,CC,GG,AA,AA,AT,CC,GT,CC,CC,AA,AG,AG,TT,NN,AC,TT,CT,GG,AC,GG,TT,TT,CG,AA,GT,TT,AT,NN,GG,CC,AA,CT,CC,CC,CG,CC,AT,AG,AG,CC,TT,CC,GG,TT,GG,TT,AA,AA,TT,CC,GG,AC,CC,CC,GG,GG,AA,GG,NN,AA,AA,CC,GG,AA,CC,AA,AA,GG,TT,AT,AT,GG,TT,AT,CC,AA,TT,AA,GG,AA,CT,AA,TT,CC,TT,AC,CC,TT,GG,AA,CC,AG,AC,TT,TT,GT,GG,TT,AA,AC,AA,GG,CC,GG,GG,CC,GG,TT,AA,CG,GT,GG,CC,CC,AA,AG,CC,AA,CC,AA,AA,CC,GG,AA,TT,AA,GG,AA,AA,AA,AA,GG,AG,AG,AA,TT,GG,AA,AA,CC,AC,CT,AA,AA,GG,GG,GG,TT,AA,AA,GT,TT,TT,AA,AA,GG,GG,AA,3.89,Moderate,High,Standard,Late
L0073,Coimbatore,Tamil Nadu,Kharif,Red Loamy,Rainfed,650,29.5,68,AA,TT,GG,AG,GG,CC,GG,AA,CC,CG,NN,CC,CC,TT,GT,GG,CG,TT,TT,AA,CC,GG,TT,CT,TT,CC,TT,TT,GG,AA,TT,CT,AA,AC,GG,CG,GG,CG,GG,CC,TT,CC,AA,TT,AA,AG,TT,TT,CC,AA,NN,AT,AA,GG,CC,TT,AA,AC,GG,AC,NN,GG,AT,AA,TT,TT,CC,GG,TT,GG,AG,GG,CC,AA,GG,AA,AT,GG,TT,TT,GG,GG,GG,CC,AA,GG,AA,AA,CC,TT,CC,TT,CT,TT,TT,GG,TT,CC,GT,CC,CC,CG,AG,NN,TT,GT,CC,AA,AA,AA,CT,GG,TT,CC,TT,AC,AA,NN,CC,AG,CC,GG,CC,GG,CT,AG,CC,CC,CC,CC,AA,TT,CC,AA,CC,CC,AA,TT,AG,AA,CG,CC,CC,GG,AA,AG,AA,AC,TT,CC,CC,AA,GG,GG,GT,GG,AA,TT,TT,GG,CC,TT,TT,TT,CC,AA,TT,CT,AT,TT,GG,CC,AG,CC,CC,CC,CG,AC,AA,GG,AG,CC,TT,CG,GT,GT,GG,AT,AA,AG,TT,AC,NN,AA,CC,CC,GG,GG,AA,GG,CT,CC,AG,CC,GT,AT,CC,AA,AT,GT,TT,TT,AA,GG,GT,AA,CC,AT,TT,AA,GG,AA,TT,AA,TT,CG,TT,AA,CC,CT,GG,AG,CC,GG,CC,TT,TT,TT,GG,TT,AA,AC,AG,GG,CC,CC,GG,CG,GG,TT,AA,CG,GT,GG,CC,CC,AA,AG,CC,AA,CC,AA,AA,CC,GG,CC,TT,AA,GG,AA,AA,AA,AA,AA,AG,AA,AA,TT,GG,AA,AG,AC,AA,CT,AA,AA,GG,AG,GG,TT,AT,AA,TT,TT,TT,AG,TT,GG,GG,AA,2.01,Susceptible,Low,Standard,Late
L0074,Coimbatore,Tamil Nadu,Kharif,Red Loamy,Rainfed,650,29.5,68,AA,CT,GG,AA,GG,CC,TT,TT,CC,CG,AA,CC,CC,TT,TT,GG,GG,TT,TT,AA,CG,TT,TT,CC,AT,CC,TT,TT,GG,AA,TT,CT,AA,CC,GG,GG,GG,CG,GG,AC,TT,CT,AA,TT,AG,AG,TT,AT,CC,CC,GG,AT,AA,GG,CC,TT,NN,AC,GT,AC,AA,TT,AT,AA,TT,TT,CC,GG,TT,GT,AA,GG,CC,AA,AG,CC,TT,GG,GT,TT,GG,GT,GT,CC,AA,GG,AA,AA,CC,NN,CC,NN,CC,TT,TT,GG,TT,CC,TT,CC,CT,GG,AG,AA,TT,TT,CC,AA,AA,AC,CT,GG,TT,CC,TT,AA,AA,TT,CC,GG,CC,GG,CC,GG,TT,AA,CC,CC,CC,CC,AA,TT,AC,AA,CC,CC,AA,TT,AA,AA,GG,CC,CC,GG,AA,AG,NN,CC,GG,CC,CG,AG,AG,GG,TT,GG,AA,GT,CT,GG,AC,TT,GT,CT,CG,AA,GT,TT,AT,TT,CG,CC,AA,CT,CC,AC,GG,CC,AA,GG,AG,CC,TT,CG,GG,TT,GG,AA,AA,AA,TT,AC,GG,AA,CC,CC,GG,GG,AC,GG,TT,AC,AA,CC,GG,AA,AC,AA,AA,GG,TT,TT,AT,CG,GT,TT,CC,AT,GT,AT,GG,AA,CT,AA,TT,CC,CT,AA,CC,TT,GG,AG,CC,AG,CC,TT,TT,TT,GG,TT,AA,CC,AA,GG,CC,CC,GG,CC,GG,AT,AA,CC,GT,GG,CC,CC,AT,AG,CC,AT,CG,AT,AA,AC,GG,AC,TT,AG,GG,AA,AC,AA,AC,AA,AA,AA,AA,TT,GG,AA,AG,AC,AA,CC,AA,AA,GG,GG,GG,TT,AA,AA,TT,TT,NN,AA,TT,GG,GG,AA,1.59,Moderate,Medium,Standard,Early
L0075,Coimbatore,Tamil Nadu,Kharif,Red Loamy,Rainfed,650,29.5,68,AC,CC,GG,AG,GG,CC,GT,TT,CC,CG,AA,CC,CC,TT,TT,GG,GG,NN,TT,AG,CC,GT,GG,CC,TT,CC,TT,TT,GG,AA,TT,CC,AA,CC,GG,GG,GG,CC,GG,CC,TT,CC,AA,NN,AA,AG,CC,TT,CC,NN,GT,AT,AG,GG,CT,TT,AA,AA,GG,AC,AA,TT,AT,AA,TT,AT,CC,GG,TT,GG,AA,GG,CC,AA,AG,AA,AT,GG,GT,TT,GG,GG,GG,CC,AT,GG,AA,AA,CC,TT,AA,TT,CT,AT,TT,GG,TT,CC,GT,CC,CC,CC,AA,AA,TT,TT,CC,AA,AG,AA,CC,GG,TT,CC,TT,AA,AA,AT,CC,AG,CC,GG,CC,GG,TT,AG,CT,CC,CC,CG,AA,TT,CC,AA,CC,CC,AA,TT,AA,AA,GG,CT,CC,GG,AA,GG,AA,CC,GG,CC,CC,AG,AG,AG,NN,GG,AA,TT,CT,GG,CC,TT,GT,TT,CC,AA,TT,TT,AA,AT,CG,CC,GG,CC,AC,CC,CG,CC,AA,GG,GG,CC,TT,CC,GT,GT,CG,TT,AA,AG,TT,CC,GG,AA,CC,CC,GG,GG,AA,GG,TT,AA,AA,CC,GT,NN,AC,AA,AT,GG,TT,AA,AA,GG,GG,AT,CG,AT,GG,AA,GG,AA,CC,AA,TT,CC,TT,AC,CC,CT,NN,AA,CC,AG,CC,TT,TT,GG,GG,TT,AA,AC,AA,GG,CC,CG,GG,CC,GG,TT,AA,CC,GT,GG,CC,CG,AA,GG,CC,AA,CG,AA,AA,CC,CC,AC,TT,AA,CG,AA,AA,AA,AA,AA,GG,AG,AA,AT,CG,CC,AA,CC,AA,TT,AA,AG,CG,GG,GG,GT,AA,AA,GT,AT,TT,AG,AT,GG,GG,AA,4.67,Susceptible,Low,Premium,Early
L0076,Coimbatore,Tamil Nadu,Kharif,Red Loamy,Rainfed,650,29.5,68,AC,TT,AG,AG,GG,CC,GG,TT,CC,NN,AA,CC,GG,TT,GT,TT,NN,TT,TT,AA,GG,TT,TT,CT,TT,CC,TT,TT,GT,AA,TT,CC,AA,CC,GG,GG,GT,CC,GG,CC,TT,TT,AC,TT,AA,AA,TT,TT,CC,CC,TT,AA,NN,GG,NN,TT,AA,AA,GT,AC,AA,TT,TT,AA,TT,TT,CC,GG,TT,GT,AG,GG,CC,AA,GG,AC,NN,GG,TT,TT,GG,GT,GT,CC,AA,AG,AA,AA,CC,TT,CC,TT,CT,TT,TT,GG,TT,CC,GT,CT,CC,CG,AG,AA,TT,TT,CC,AA,AG,CC,CT,GG,TT,CG,TT,NN,AA,TT,CC,AG,CC,GG,CC,GT,CT,AA,CC,CC,CC,CC,AA,TT,AC,AC,CC,CC,AA,TT,AA,AA,GG,CT,CC,GG,AA,AA,AA,CC,GG,CC,CC,AG,GG,GG,TT,GG,AC,NN,CT,GG,CC,TT,TT,TT,CC,AT,TT,TT,AA,TT,GG,CC,AA,CT,AC,CC,CG,CC,AA,GG,AA,CC,TT,CC,GG,TT,CG,TT,AA,AA,TT,CC,GG,NN,CC,CC,GG,GG,AA,GG,TT,AC,AA,CC,GG,AA,NN,AA,AT,GT,TT,AT,AA,GG,GT,AA,CG,AT,GT,AA,GG,AA,TT,AA,TT,CC,TT,AA,CC,CT,GG,AA,NN,AA,AC,TT,CT,GT,GG,TT,AC,AC,AG,GG,CG,CG,GG,CC,GG,TT,AA,NN,TT,GG,CC,CC,AT,AA,CG,AA,CC,AT,AA,AC,CG,CC,TT,AA,GG,AA,AC,AC,AC,GG,AA,NN,AA,TT,CG,CC,AA,CC,AC,TT,AG,AG,GG,GG,GG,TT,AA,AA,GT,TT,TT,AA,AT,GG,GG,AA,6.7,Susceptible,Low,Poor,Late
L0077,Coimbatore,Tamil Nadu,Kharif,Red Loamy,Rainfed,650,29.5,68,AC,CT,AG,AG,CG,CC,GG,AA,CC,CC,AA,CC,CC,AT,TT,GT,GG,TT,TT,AA,CC,TT,TT,CC,TT,CC,TT,AT,GG,AA,TT,CC,AG,CC,GG,GG,GG,GG,GG,CC,TT,TT,CC,TT,AA,GG,TT,TT,CC,AA,GG,AA,AA,GG,CT,TT,AA,AA,GT,AA,AG,TT,TT,AA,TT,AT,CT,GG,TT,GG,AA,GG,CC,AA,AG,NN,AT,AA,TT,TT,AG,GT,GT,CC,AA,NN,AA,AT,CC,TT,AC,TT,CC,TT,TT,GG,CT,AC,GT,CC,CC,CG,AA,AA,TT,TT,CC,AA,GG,AA,CC,GG,TT,CG,TT,AA,AA,TT,CC,AG,CC,GG,CT,GT,TT,AA,CC,CC,CC,CC,AA,TT,AC,AA,CC,CC,AA,TT,AA,AA,GG,CC,CC,AG,AA,AA,AA,CC,GG,CC,CC,AA,AG,GG,GT,AA,AA,TT,CT,AG,CC,TT,GG,TT,CC,AT,GT,TT,AA,TT,GG,CC,GG,CT,CC,CC,CG,CC,AA,GG,AA,CC,TT,CC,GG,TT,GG,AT,AA,NN,TT,AC,CC,AA,CC,CC,GG,GG,AA,GG,TT,AA,AA,CC,GG,NN,AC,AT,AA,GG,TT,AT,AA,CG,GG,AA,CC,TT,TT,AA,GG,AA,CT,AC,TT,CC,TT,AC,CC,TT,GG,AG,CC,AG,CC,AT,CT,TT,GG,TT,AA,AC,AA,GG,CC,CG,GG,CC,GG,TT,AA,CC,GT,GG,CC,CG,AT,AG,CC,AA,CC,AA,AA,AC,CG,CC,TT,AA,GG,AA,AA,AA,AA,AG,AA,AA,AA,AT,CG,AC,AA,NN,AA,TT,NN,AA,GG,AG,GG,TT,AT,AA,TT,TT,TT,GG,AT,GG,GG,AA,4.19,Susceptible,High,Premium,Late
L0078,Coimbatore,Tamil Nadu,Kharif,Red Loamy,Rainfed,650,29.5,68,AC,CT,GG,AA,GG,CC,GG,AT,CC,NN,AA,CT,CG,TT,TT,TT,CG,TT,TT,AG,CC,TT,TT,CC,TT,CC,TT,AT,NN,AA,TT,CT,AG,CC,GG,CG,GG,CC,GG,CC,TT,TT,AA,TT,AA,AA,TT,AT,CC,AC,GG,AA,AA,GG,CC,TT,AA,AA,GT,AC,AG,TT,AT,AA,TT,TT,CC,GG,TT,GT,AA,GG,CC,AG,AG,AA,AA,GG,TT,TT,GG,GT,GT,CC,AA,GG,AA,AA,CC,GT,CC,TT,CT,TT,TT,AG,TT,CC,TT,CT,CC,CC,AA,AA,AT,TT,CG,AA,AG,AA,TT,GG,TT,CC,TT,AA,AA,TT,CG,AG,CC,AG,CC,GG,TT,AA,CT,CC,CC,CC,NN,GT,CC,AA,CC,CC,AG,TT,AA,AA,CG,CC,CC,GG,AA,AG,AA,CC,TT,CC,CC,AA,AA,GG,TT,GG,AA,GT,CT,GG,AC,TT,TT,CT,CC,TT,TT,TT,NN,TT,GG,CC,AA,CC,CC,CC,CG,CC,AA,GG,AA,CC,TT,CC,GG,GT,GG,TT,AA,AA,NN,CC,GG,AA,AC,CC,GG,GG,AC,GG,TT,AA,AA,CC,GG,AT,CC,AA,AT,GG,TT,AA,TT,GG,GT,AA,CC,AT,GG,AA,GG,AA,TT,AA,TT,NN,CT,AA,CC,CT,GG,AG,CC,AG,CC,TT,TT,GT,GG,TT,AA,AC,AA,GG,CC,CG,GG,CC,GG,AA,AA,CC,GT,GG,CC,CC,AA,GG,CC,AA,CC,AA,AA,AC,CG,AC,TT,AA,GG,AA,AA,AA,AA,GG,AG,AA,AA,TT,GG,AA,AA,AC,AA,TT,GG,AA,GG,GG,GG,TT,AA,AA,GT,TT,TT,AG,AT,GG,CG,AC,3.94,Resistant,Low,Poor,Medium
L0079,Coimbatore,Tamil Nadu,Kharif,Red Loamy,Rainfed,650,29.5,68,CC,TT,AG,AG,GG,CG,GT,AT,CC,CG,AA,CC,CC,TT,TT,GG,GG,TT,TT,AG,CC,TT,TT,CC,TT,CC,TT,TT,GG,AA,TT,CC,AA,CC,AG,GG,GG,CG,GG,CC,TT,CC,AA,TT,AA,AG,TT,TT,CC,AC,GT,AT,AA,GG,CC,TT,AT,AC,TT,AA,AA,GG,TT,AG,TT,TT,CC,GG,TT,GG,AA,GG,CC,AA,GG,AA,AA,GG,TT,CT,GG,GT,GT,CC,AA,GG,AA,AA,CC,GT,AC,TT,CC,TT,GT,AG,TT,CC,GT,CC,CC,CG,AA,AA,TT,TT,CC,AA,GG,AA,CT,GG,TT,CC,TT,AA,AC,TT,CG,NN,CC,GG,CC,GT,TT,AA,TT,CC,CC,CC,NN,TT,CC,AA,CC,CT,AA,AT,AA,AA,CG,CC,CC,GG,AA,AG,AA,NN,GT,NN,CG,NN,AG,GG,GT,GG,AA,TT,CT,GG,CC,GT,TT,CT,CC,AA,NN,TT,AT,TT,CG,CC,AG,CC,CC,CC,GG,CC,AA,GG,AG,AC,TT,CC,GG,TT,GG,AT,AG,AA,TT,CC,GG,AA,CC,NN,GG,GG,AA,GG,TT,CC,AA,CC,GG,AA,NN,AA,AA,GT,TT,TT,AA,GG,GG,AA,CG,AT,GT,AA,GG,AA,TT,AA,TT,CC,TT,AA,CC,TT,GG,AG,CG,AG,AA,TT,CT,GT,GG,TT,AA,AC,AA,GT,CC,CC,GG,CC,GG,AT,AA,CC,TT,GG,CC,CC,AT,GG,CC,AA,CC,AA,AA,CC,CG,AC,NN,AA,GG,AA,AA,CC,AA,GG,AA,AA,AG,TT,GG,AC,AA,CC,AA,CT,AA,AA,GG,GG,GG,GT,AA,AA,GG,TT,TT,AA,AT,GG,GG,AA,5.35,Moderate,High,Poor,Medium
L0080,Coimbatore,Tamil Nadu,Kharif,Red Loamy,Rainfed,650,29.5,68,AC,CT,AG,AA,GG,CC,GT,AT,CC,CC,AA,CC,CG,AT,TT,GG,CG,TT,TT,AG,CC,TT,TT,NN,TT,CC,TT,NN,GG,AA,TT,CC,AA,CC,GG,GG,GT,CC,GT,CC,TT,TT,AC,GT,AA,GG,CT,TT,CC,AC,GT,AA,AG,GG,CC,TT,AA,AA,GG,AA,AG,TT,TT,AG,TT,TT,CC,GG,TT,GG,AA,NN,CC,AA,GG,AA,AT,GG,TT,TT,GG,GG,GG,CC,AA,GG,AA,AA,CC,TT,CC,TT,TT,TT,TT,GG,CT,CC,TT,CC,CC,CG,AG,AA,TT,GT,NN,AG,AA,AC,CC,GG,TT,CC,GT,AA,AA,TT,CG,AG,CC,GG,CC,GG,CT,AG,CC,CC,CC,CC,AA,TT,CC,AA,CC,CC,AA,TT,AA,AT,GG,CT,CC,GG,AA,AG,AA,CC,GG,CC,CC,AA,AG,GG,GT,GG,AC,TT,TT,AG,CC,TT,TT,TT,CC,TT,TT,TT,AT,AT,GG,CC,AA,NN,CC,AC,GG,CC,AA,GG,AA,CC,TT,CC,GT,GT,GG,AT,AA,AA,NN,AC,GG,AA,CC,CG,GG,GG,AA,GG,TT,AC,AG,GG,GG,AA,CC,AA,AA,GT,TT,AT,AT,GG,TT,AT,CC,AT,GT,AA,GG,AA,TT,AA,TT,CC,TT,AA,CC,TT,GG,AA,CG,AG,AC,TT,TT,GT,GG,TT,AC,AC,AG,GG,CC,CC,CG,CC,GG,AT,AG,CC,TT,GG,CC,CC,AA,GG,CC,AA,CC,AA,AA,CC,CC,CC,TT,AA,GG,AA,AC,AA,AA,GG,AA,AA,AA,TT,CG,AC,AA,AC,CC,CC,AA,AA,GG,GG,CG,GT,AA,AA,GT,AT,TT,AA,TT,GG,CG,AA,2.12,Susceptible,Low,Poor,Early
L0081,Coimbatore,Tamil Nadu,Kharif,Red Loamy,Rainfed,650,29.5,68,AC,TT,GG,AA,GG,CC,GG,TT,CC,CC,AA,CC,CC,TT,GT,GT,GG,TT,TT,AG,CC,TT,TT,CC,TT,CC,GT,TT,GG,AA,CT,CT,AA,AA,GG,GG,GG,GG,GG,CC,TT,TT,AA,GT,AG,NN,TT,TT,CC,AC,GT,AA,AA,CG,CC,TT,AA,AC,GT,AA,AA,TT,TT,GG,CT,AT,CC,GG,TT,GG,AG,GT,CC,AA,GG,AC,AT,GG,GT,TT,GG,GG,GG,CC,AA,GG,AA,AA,CC,GG,CC,TT,CC,TT,GT,GG,CT,CC,GT,CT,CC,CC,GG,AA,TT,TT,CC,AA,AA,AA,CT,GG,TT,CC,TT,AC,AA,TT,CC,AA,CC,GG,CC,GT,TT,AG,CC,CC,CC,CC,AA,TT,CC,AA,CC,CC,AA,TT,AG,AA,GG,CC,CC,GG,AA,AA,AA,CC,GG,CC,CC,AG,AG,AG,GT,GG,AA,TT,CT,GG,CC,GG,GT,TT,CC,TT,TT,CC,AA,TT,GG,CC,AG,CC,CC,CC,NN,CC,AA,GG,AG,CC,TT,CC,GG,TT,GG,TT,AA,GG,GG,CC,CG,CC,CC,CC,GG,GG,AC,CG,TT,AA,AA,CC,GT,AT,CC,AA,AA,GT,TT,TT,AT,CG,GT,TT,CC,AT,GT,NN,GG,AA,NN,AA,TT,CC,TT,AA,CC,CT,CG,AG,CC,AA,CC,TT,CT,GT,GG,AT,AA,AC,AA,GG,CC,CG,GG,CC,GG,AT,AG,CC,TT,GG,CC,NN,AA,GG,CG,AA,CC,AA,AA,CC,CC,AC,TT,AG,GG,AA,AC,AA,AA,AA,GG,AG,AA,TT,GG,AA,AA,CC,AA,CT,AA,AA,GG,GG,GG,GT,AA,AA,GT,TT,TT,AG,TT,GG,GG,AA,8.89,Susceptible,Low,Premium,Medium
L0082,Coimbatore,Tamil Nadu,Kharif,Red Loamy,Rainfed,650,29.5,68,AC,TT,GG,AG,GG,CC,GG,TT,CC,GG,AA,CC,CC,AT,TT,GG,CG,TT,TT,AA,CC,GT,TT,CC,TT,CC,GT,TT,GT,AA,TT,CT,AA,CC,AG,CC,GG,CC,GG,CC,TT,TT,AA,TT,AA,AG,TT,AT,CC,CC,GG,AT,AA,GG,CC,TT,AA,AA,GT,AA,AG,TT,AT,AG,CT,AA,CC,GG,TT,GT,AA,GG,CC,AA,GG,AC,AT,GG,TT,TT,GG,NN,GG,CC,AT,GG,AA,AA,CC,TT,AC,TT,CC,TT,TT,AG,TT,CC,TT,CC,CT,CG,GG,AA,TT,GT,CG,AA,AG,AA,CT,GG,TT,CC,GT,AA,AA,TT,CG,AG,CC,GG,CC,GG,TT,AG,CT,CC,CC,CC,AA,TT,CC,AA,CC,CC,NN,TT,AA,AA,GG,CT,CC,AG,AA,AG,AA,CC,GG,CG,CC,AA,AA,GG,NN,GG,AA,TT,TT,GG,CC,GT,GG,TT,CC,AA,GT,TT,AT,TT,GG,CC,AA,TT,CC,CC,CG,CC,AA,GG,AG,CC,TT,CC,GG,GT,GG,TT,AA,AG,TT,CC,GG,AA,CC,CC,GG,GG,AC,GG,TT,CC,AA,CC,GG,AA,AC,AA,AT,GG,GT,AA,AA,CG,GT,AT,CC,TT,TT,AA,GG,AA,TT,AA,TT,CC,CT,AA,AC,TT,GG,AA,CG,AA,NN,TT,CT,TT,GG,AT,AA,CC,AA,GG,CC,CC,GG,CC,GG,AT,AG,CC,TT,GG,CC,CC,AA,AG,CC,AA,CC,AA,AA,CC,CG,AC,TT,AA,GG,AA,AC,AA,AC,AG,AG,AG,AA,TT,GG,NN,AG,CC,AA,CT,AA,AA,CG,GG,GG,TT,AA,AA,TT,TT,TT,AG,AT,GG,CG,AA,2.88,Susceptible,High,Premium,Medium
L0083,Coimbatore,Tamil Nadu,Kharif,Red Loamy,Rainfed,650,29.5,68,AC,TT,GG,AA,GG,CC,GT,AT,CC,CG,AA,CC,CG,TT,GG,GG,GG,TT,TT,AG,CC,GT,GT,CT,TT,CC,TT,TT,GG,AA,TT,CC,AA,CC,AG,CG,GG,GG,NN,AC,TT,TT,AA,GT,AG,AG,TT,TT,CC,AC,GG,AA,AA,GG,CC,TT,AA,AA,GT,AC,AA,TT,AA,AG,TT,AA,CC,GG,CT,GG,AA,GT,CC,AA,GG,AA,NN,GG,TT,TT,GG,GG,NN,AC,AT,GG,AA,AA,CC,TT,AC,TT,CT,TT,GT,GG,CT,CC,GG,CC,CC,CC,GG,AA,TT,TT,CG,AA,GG,AA,CC,GG,TT,CC,TT,AA,AA,TT,CC,GG,CG,GG,CC,GG,TT,AG,CC,CC,CC,CC,AA,TT,AC,AA,CC,NN,AA,TT,AA,AA,GG,CC,CC,GG,AA,GG,AT,CC,GG,CC,CC,AA,AG,GG,TT,GG,NN,TT,CC,AG,AC,TT,GT,TT,CC,AT,TT,TT,AA,TT,GG,CC,AA,CC,AC,CC,CG,CC,AA,GG,AA,CC,TT,CC,GT,GT,CG,AT,AA,AA,TT,CC,GG,AC,AC,CG,GG,GG,AA,GG,CT,AC,AA,CC,GG,AA,CC,AA,AA,GG,TT,TT,AA,CG,GT,AT,CC,TT,GT,AA,GG,AA,TT,AC,TT,CC,CT,AA,CC,TT,GG,AA,CG,AG,AC,TT,TT,GT,GG,TT,AA,AC,AG,GG,CC,GG,GG,CC,GG,AT,AA,CG,TT,GG,CC,CC,AT,AG,CC,AA,CC,AA,AA,AC,CC,AC,AT,AA,GG,AA,AA,AA,AA,AA,AG,AA,AA,TT,GG,AA,AA,AC,AC,CT,AG,AG,GG,GG,NN,TT,AT,AA,TT,TT,TT,GG,TT,GG,GG,AA,3.05,Susceptible,Low,Poor,Medium
L0084,Coimbatore,Tamil Nadu,Kharif,Red Loamy,Rainfed,650,29.5,68,AA,TT,AG,AA,GG,CC,GG,AT,CC,CG,AA,CC,CC,AT,TT,GG,GG,TT,TT,AA,CC,TT,TT,CC,AT,CC,TT,TT,GG,AA,TT,CT,AA,CC,GG,CG,GG,GG,GG,CC,TT,CT,AA,TT,AA,GG,TT,TT,CC,AC,GT,AA,AG,GG,CT,TT,AT,AA,GT,AA,AG,GT,TT,AG,TT,AT,CC,TT,TT,GG,AG,GG,AC,AA,AG,CC,AA,GG,TT,TT,GG,GT,GT,CC,AA,GG,AA,AA,CC,TT,AC,TT,CT,AT,GT,GG,TT,CC,GG,CC,CC,CC,AG,AA,TT,TT,CC,AA,GG,AA,CC,GG,GT,CC,TT,AA,AC,TT,CC,NN,CG,NN,CC,TT,TT,AG,CC,CC,CC,CG,AA,TT,CC,AA,CC,CT,AA,AT,AA,AA,GG,CC,CC,GG,AA,AA,AA,CC,GT,CC,CC,AA,AG,GG,GT,GG,CC,TT,CT,AG,CC,GT,TT,TT,CC,AA,GT,CT,AA,AT,GG,CC,GG,CT,CC,CC,CG,CC,AA,GG,AG,CC,TT,CC,GG,TT,CG,AT,AA,AG,TT,CC,GG,AA,CC,CC,GG,GG,AA,GG,CT,AA,AA,CG,GT,AT,CC,AA,AT,GT,TT,AT,AT,CG,TT,AT,CC,TT,GT,AA,GG,AA,TT,AA,TT,CC,TT,AA,CC,CT,CG,AA,CG,AG,AC,TT,CT,GT,GG,TT,AA,AC,AA,GG,CC,CG,GG,CC,GG,AT,AA,CC,GT,GG,CC,CG,AA,GG,CC,AA,CC,AA,NN,AA,CC,CC,TT,AA,GG,AA,AA,AA,NN,GG,AG,AG,AA,TT,GG,AA,GG,AC,AA,TT,AA,AA,GG,GG,GG,TT,NN,AG,TT,TT,TT,AG,NN,GG,CG,NN,3.89,Susceptible,High,Premium,Late
L0085,Coimbatore,Tamil Nadu,Kharif,Red Loamy,Rainfed,650,29.5,68,AC,TT,AG,AG,GG,NN,GT,TT,CC,CG,AT,CT,CG,TT,TT,GG,GG,TT,TT,AG,CC,NN,TT,CC,AT,CC,GT,TT,GG,AA,CT,CT,AA,CC,GG,GG,GG,GG,GG,CC,TT,TT,AA,TT,AA,GG,TT,TT,CC,AC,GG,AA,AA,GG,CT,GT,AT,AA,TT,AC,AG,GT,TT,AA,TT,NN,CC,GG,TT,GT,AA,GG,CC,AA,GG,AC,AA,AG,GT,TT,GG,GG,GG,CC,AA,GG,NN,AA,CC,GT,CC,TT,CC,TT,TT,GG,TT,CC,TT,CC,CT,CC,GG,AA,TT,TT,CG,AA,AG,AA,CC,GG,TT,CC,GT,AA,CC,TT,CC,GG,CC,GG,CC,GT,TT,AG,CC,CC,CC,CC,AA,TT,CC,AA,CC,CC,AA,TT,AG,AT,CG,CC,CG,GG,AA,GG,AA,CC,GT,CC,CC,AA,AA,GG,GT,GG,AA,TT,TT,GG,AC,TT,GT,TT,CC,AA,GT,TT,AT,AT,GG,CG,AA,CC,CC,CC,GG,CC,AA,GG,AG,CC,TT,CC,GT,GT,GG,TT,NN,GG,TT,CC,GG,AC,CC,CC,GG,GG,AC,GG,TT,AA,AA,CC,GT,AA,CC,AA,AT,GG,GT,TT,AA,GG,GT,AT,CG,TT,GT,AA,GG,AA,CT,AA,TT,CC,TT,AC,CC,NN,CG,AA,CC,AG,CC,TT,TT,TT,CG,TT,AC,AA,AG,GG,CC,GG,GG,CC,GT,TT,AA,CC,GT,GG,CC,CC,AA,GG,CG,AT,CC,AT,AA,CC,CG,AC,AT,AA,GG,AA,AA,AA,AA,GG,GG,AA,AA,TT,GG,AA,AA,AC,AA,TT,AG,NN,GG,GG,GG,TT,AT,AG,TT,TT,TT,AA,TT,GG,GG,AA,4.19,Susceptible,Low,Standard,Medium
L0086,Coimbatore,Tamil Nadu,Kharif,Red Loamy,Rainfed,650,29.5,68,AA,TT,GG,AA,CC,CC,GT,TT,CC,CG,AA,CC,CC,TT,TT,GG,GG,TT,TT,AA,CC,TT,GT,CC,TT,CC,TT,TT,GG,AA,CT,CC,AA,CC,GG,GG,GG,CG,GG,CC,TT,CC,AA,TT,AG,GG,TT,AT,CC,AC,GG,AT,NN,CG,CC,TT,AA,AA,GT,AA,AG,TT,AT,AA,CC,TT,CC,GG,TT,GT,AG,GG,CC,AA,AG,AC,AT,GG,GT,TT,GG,GG,GG,CC,AA,GG,AA,AA,CC,TT,CC,TT,CT,NN,TT,AG,CT,CC,GT,CC,CT,CG,GG,AA,TT,TT,CC,AA,AA,AA,CT,GG,TT,CC,TT,AA,AA,TT,CC,GG,CC,AG,CC,GG,TT,AG,CC,CC,CC,CC,AA,TT,CC,AA,CC,CC,AA,TT,AA,AT,CG,CC,CC,GG,AG,AA,AA,AC,GG,CC,CG,AG,AG,GG,TT,GG,AA,TT,TT,GG,AC,TT,GT,CT,CC,AA,TT,CT,AA,TT,NN,CC,AA,CT,CC,CC,CG,NN,AA,GG,GG,CC,TT,CC,GG,TT,CG,TT,AA,AG,TT,CC,GG,AA,CC,CC,GG,AG,AC,GG,TT,AC,AA,CC,GG,AA,CC,AA,AA,GG,GG,AT,AA,GG,GT,AT,CC,TT,TT,AT,GG,AA,CT,AA,TT,CC,TT,AA,AC,CT,CG,AG,CC,AG,CC,TT,TT,TT,GG,TT,AC,CC,AA,GT,CC,CG,CG,CC,GT,AT,GG,CC,GT,GG,CC,CG,AT,NN,CC,AA,CG,AA,AA,AC,CC,CC,TT,AA,GG,AA,AA,AC,AA,AG,AA,AG,AA,TT,CG,AA,GG,AC,AA,TT,AA,AA,GG,GG,GG,TT,AA,AA,TT,NN,AT,AA,AT,GG,GG,AA,3.34,Moderate,High,Standard,Early
L0087,Coimbatore,Tamil Nadu,Kharif,Red Loamy,Rainfed,650,29.5,68,AC,TT,AG,GG,CC,CC,GG,TT,CC,CG,AA,CT,GG,TT,TT,GT,CG,TT,TT,AA,CC,TT,TT,CC,TT,CC,TT,TT,GG,AA,TT,CC,AA,AC,GG,CG,GG,CG,GG,CC,TT,CC,AA,GT,AG,GG,CT,AT,CC,AC,GG,AA,AA,GG,CT,GT,AA,AA,TT,AA,AG,TT,TT,AA,TT,TT,CC,NN,TT,GT,AA,GG,CC,AA,AA,AC,AA,AG,TT,TT,GG,GG,GG,CC,AA,GG,AG,AA,CC,GG,AC,TT,TT,AT,GT,GG,TT,CC,TT,CC,CC,CC,GG,AA,NN,TT,CC,AA,AA,AA,CT,GG,TT,CC,TT,AA,AA,TT,CC,AG,CC,AG,CC,GT,TT,AA,CC,CC,AC,CC,AA,TT,CC,AA,CC,CC,AA,TT,AA,AA,GG,CT,CC,GG,AG,AG,AA,CC,GG,CC,CC,AA,AA,AG,GT,GG,CC,TT,CT,GG,AC,TT,TT,TT,CG,TT,GT,CC,AA,TT,CC,CC,GG,CC,CC,CC,CG,CC,AA,GG,NN,CC,TT,CC,GG,TT,CG,AT,AA,AA,TT,CC,GG,AA,CC,CC,GG,GG,AA,GG,TT,AA,AA,CC,GG,AA,CC,AA,AA,GT,TT,AT,AA,CG,GG,AT,CC,AT,TT,AA,GG,AA,TT,AC,TT,CC,CT,CC,CC,TT,GG,AG,CC,AG,CC,TT,CT,TT,GG,TT,AA,AC,AA,GG,CC,CG,GG,CC,GG,AT,AA,CG,TT,GG,CC,CC,AA,GG,CC,AA,CC,AA,AA,AC,GG,AA,TT,AA,GG,AA,AA,AC,AA,AA,GG,AA,AA,TT,GG,AC,AG,AC,AA,TT,NN,AG,GG,GG,GG,TT,AT,AA,TT,TT,TT,AA,TT,CG,CG,AA,4.94,Susceptible,High,Standard,Late
L0088,Coimbatore,Tamil Nadu,Kharif,Red Loamy,Rainfed,650,29.5,68,AA,TT,AG,GG,GG,CC,GG,AT,CC,CC,AA,CC,CG,TT,TT,GG,GG,TT,TT,GG,CC,GG,TT,CC,TT,CC,TT,TT,GT,AA,TT,CT,AA,CC,GG,GG,GG,GG,GG,CC,TT,CT,AC,TT,AA,GG,TT,TT,CC,AA,GG,AA,AG,GG,CT,TT,AA,AC,GT,AC,AA,GG,TT,AG,TT,TT,CC,GG,TT,GT,AA,GG,CC,AA,GG,AA,AT,GG,TT,TT,AG,GG,GG,CC,AT,AG,AG,AA,CC,TT,AA,TT,CC,TT,TT,GG,TT,AC,GT,CC,CT,CC,AG,AA,AT,TT,CC,AG,AG,AA,TT,GG,TT,CG,TT,AA,AA,AT,CG,AG,GG,GG,CC,GT,TT,AG,CT,CG,CC,CC,AA,TT,AC,AA,CC,NN,AA,TT,AA,AA,GG,CC,CG,GG,AA,AA,AA,CC,GT,CC,CG,NN,AA,GG,GT,GG,AC,TT,CT,GG,CC,TT,GT,TT,CC,AA,GT,TT,AT,AT,CG,CC,AG,CT,CC,CC,GG,CC,AA,GG,AG,CC,GT,CC,GG,TT,GG,AT,AA,AA,TT,CC,GG,AA,CC,CC,GG,GG,AA,GG,TT,AC,AA,CC,GG,AA,AC,AA,TT,GG,TT,AT,AA,CG,GT,AA,CC,AT,GG,AA,GG,AA,TT,AA,TT,CC,CT,AC,CC,TT,GG,AA,CC,AA,CC,TT,TT,GT,GG,TT,AC,AA,AA,GT,CC,CG,GG,CC,GG,TT,AG,CC,GG,GG,CC,CG,AA,GG,CG,AA,CC,AT,AA,CC,CC,AC,TT,AA,GG,AA,AA,AC,AA,AG,AG,AA,AA,TT,GG,AA,AA,AC,AA,CT,AA,AA,GG,GG,CG,GT,AA,AA,GT,TT,TT,AG,AT,GG,GG,AA,1.86,Susceptible,High,Premium,Medium
L0089,Coimbatore,Tamil Nadu,Kharif,Red Loamy,Rainfed,650,29.5,68,AA,TT,GG,AG,CG,CC,GG,TT,CC,CC,AA,CC,CC,AT,TT,GG,CC,TT,TT,AA,CC,TT,GG,CC,AA,CC,TT,TT,GG,AA,TT,CT,AA,CC,GG,GG,GG,CC,GG,AC,TT,CT,NN,TT,AA,AG,NN,TT,CC,AC,GT,AA,AA,GG,CT,GT,AA,AA,GT,AA,AG,GT,AA,AA,TT,TT,CC,GG,TT,GG,AG,GG,NN,AA,AG,AA,AT,GG,TT,TT,GG,GT,GG,CC,AA,AG,AA,AA,CC,GT,CC,TT,CT,TT,TT,GG,TT,CC,GT,CT,CT,CG,AG,AG,TT,TT,CC,AA,AG,AA,CC,GG,TT,CC,TT,AA,AA,TT,CC,GG,CC,GG,CC,GT,TT,AA,CC,NN,CC,CC,AA,TT,CC,AA,CC,TT,AA,TT,AA,AA,CG,CT,CC,GG,AA,AG,AA,CC,GG,CC,CC,AA,AA,GG,TT,GG,AA,GT,CT,GG,CC,TT,GT,CT,CC,AT,NN,CT,AT,TT,GG,CC,AG,CC,CC,CC,GG,CC,AA,GG,AG,CC,TT,CC,TT,GG,GG,TT,AA,AA,TT,CC,GG,AC,AA,CC,GG,GG,AC,GG,TT,AA,AA,CC,GG,AA,AC,AA,AT,GT,TT,AT,AT,GG,GG,AA,CC,TT,GT,AA,GG,AA,CT,AA,TT,CC,TT,AA,AC,TT,CG,AG,CC,AA,CC,TT,TT,TT,GG,TT,AA,CC,AG,GG,CC,CG,GG,CG,GG,TT,AA,CC,GT,GG,CG,CC,AA,GG,CG,AA,CC,AA,AA,AA,CG,AC,TT,AA,GG,AA,AA,CC,AA,AG,AA,AA,AG,TT,CG,AA,AG,AC,AA,TT,AA,AA,GG,GG,GG,GT,AT,AA,TT,TT,TT,AG,AT,GG,GG,AA,4.91,Susceptible,Low,Standard,Late
L0090,Coimbatore,Tamil Nadu,Kharif,Red Loamy,Rainfed,650,29.5,68,AA,TT,GG,GG,GG,CC,GG,NN,CC,GG,AA,CC,CG,TT,TT,GG,GG,TT,TT,NN,CG,TT,GT,CC,TT,CC,TT,TT,GT,AA,CT,CC,AA,CC,AG,CG,GG,CG,GG,CC,TT,CC,AA,GT,AA,GG,TT,TT,CC,AC,GG,AA,AA,GG,CC,TT,AA,AC,GG,AA,AA,TT,AA,AA,TT,AT,CC,GG,TT,GG,AA,GT,CC,AA,AG,AA,AA,GG,TT,TT,GG,GG,GG,CC,AT,GG,AA,AA,CC,TT,AC,TT,CC,TT,TT,GG,TT,CC,GT,CT,CC,CC,AG,AA,AT,TT,CG,AG,AG,AC,CC,GG,TT,CC,TT,AA,AA,TT,CC,GG,CG,GG,CC,GG,TT,AA,CT,CC,CC,CC,AA,TT,NN,AA,CC,CC,AA,TT,AA,AA,GG,CC,CC,GG,AA,GG,AA,CC,TT,CC,CC,AA,AA,GG,TT,GG,AA,TT,TT,GG,CC,GT,GT,TT,CC,NN,TT,CT,AA,TT,GG,CC,AG,CT,CC,CC,CG,CC,AT,AG,GG,CC,TT,CC,TT,GT,CG,TT,AA,AG,TT,AC,GG,AA,CC,CC,GG,GG,AA,GG,TT,AA,AA,CC,GT,AA,AC,AA,AA,GG,TT,TT,AT,CG,GT,AT,CC,AT,TT,AA,GG,AA,TT,AA,TT,CC,TT,AC,CC,TT,CG,AG,CG,AG,CC,TT,TT,GT,CG,TT,AC,AC,AA,NN,CC,CG,GG,CC,GG,AT,AA,CG,TT,GG,CC,CG,AA,AG,CC,AA,CC,AA,AA,AA,GG,AA,TT,AA,GG,AA,AC,AC,AC,GG,AG,AG,AA,TT,NN,AA,AG,AC,AA,CC,AA,AA,CG,GG,GG,TT,AA,AA,GT,TT,TT,AA,AT,GG,GG,AA,2.39,Moderate,Medium,Premium,Medium
L0091,Coimbatore,Tamil Nadu,Kharif,Red Loamy,Rainfed,650,29.5,68,AC,TT,AG,GG,GG,CC,TT,TT,CC,GG,AA,CC,CG,TT,TT,GG,GG,TT,TT,AA,CG,GT,GT,CT,TT,CC,TT,TT,GT,AA,TT,CT,AA,CC,AG,GG,GG,CC,GG,CC,TT,CT,AA,GT,AG,GG,TT,TT,CC,AA,GG,AA,AA,GG,CC,TT,AA,NN,GG,AA,NN,TT,AT,AA,CT,TT,CC,GG,TT,GG,AG,GG,CC,AA,GG,AC,AA,GG,GT,TT,GG,GG,GG,CC,AA,GG,AA,AT,CC,GG,CC,TT,CC,TT,TT,AG,TT,CC,TT,CC,CT,CG,GG,AA,AT,GT,CC,AA,AA,AA,TT,GT,TT,CG,TT,AC,AC,TT,CC,GG,CC,GG,CC,GG,CT,AG,NN,CC,AC,CC,AA,TT,CC,AA,CC,CC,AG,TT,AA,AA,GG,CC,CC,GG,AG,AA,AA,CC,GG,CC,CC,AA,AA,AG,GT,GG,AA,GT,CT,GG,CC,TT,TT,TT,CC,AA,GT,TT,AT,TT,CG,CC,AA,CC,CC,CC,CG,CC,AA,GG,AA,CC,TT,CC,GT,TT,GG,AA,AA,AA,NN,CC,GG,AA,CC,CC,GG,GG,AC,GG,TT,AA,AA,CC,TT,AA,AC,AA,AT,GT,GT,TT,NN,GG,TT,AA,CC,AT,TT,AA,GG,AG,CT,AA,TT,CC,CT,AC,CC,CT,GG,AA,CG,GG,CC,TT,TT,GT,GG,TT,AC,AC,AA,GG,CC,CG,GG,CC,GG,TT,AA,CG,NN,GG,CG,CG,AA,GG,CG,AA,CC,AT,AA,AC,CG,CC,TT,AA,GG,AA,AA,CC,AA,AG,GG,AA,AA,TT,GG,AA,AG,CC,AA,CT,GG,AG,GG,GG,CG,TT,AA,AG,TT,TT,TT,GG,AT,GG,CG,AA,1.48,Susceptible,Low,Standard,Early
L0092,Coimbatore,Tamil Nadu,Kharif,Red Loamy,Rainfed,650,29.5,68,AA,TT,AG,AA,CG,CC,GT,TT,CC,CG,AA,CT,CG,AT,GG,GG,GG,TT,TT,AA,CC,TT,GT,CC,AT,CC,NN,TT,GT,AA,TT,CC,AA,CC,GG,CG,GG,CC,GG,CC,TT,TT,AA,GT,AA,GG,TT,TT,CC,CC,TT,AT,AA,GG,CC,TT,AA,AA,TT,AA,AA,TT,TT,AA,TT,AT,CC,GG,TT,GG,AA,GT,CC,AA,GG,AC,AT,GG,TT,TT,GG,GG,GG,CC,AA,GG,AA,AT,CC,GT,CC,TT,CT,TT,GT,GG,CT,AC,TT,CC,CC,CC,AG,AG,AT,TT,CC,AG,AG,AA,CT,GG,TT,CG,TT,AA,AC,TT,CC,GG,CC,GG,CT,GT,TT,AA,CC,CC,NN,CC,AA,TT,CC,AC,CC,CC,AA,TT,AA,TT,GG,CT,CC,GG,AA,AA,AT,CC,GT,CC,CC,AA,AA,GG,GT,GG,AA,TT,NN,GG,AC,GT,TT,TT,CC,AA,GT,TT,AA,AT,GG,CC,AA,CT,CC,CC,CG,CC,AA,GG,GG,AC,TT,CC,GG,TT,GG,AT,AA,AG,GT,AC,CG,AA,CC,CC,CG,GG,AC,GG,TT,AA,AG,CC,GT,AA,AC,AA,AT,GG,TT,TT,AA,GG,GG,AT,CG,TT,GG,AA,GG,AA,CT,AA,TT,CC,TT,AC,CC,CT,GG,AA,CC,GG,CC,TT,CT,GT,GG,TT,AC,AC,AG,NN,CC,CC,GG,CC,GG,AA,AA,CG,GT,GG,CG,CC,TT,GG,CG,AA,CC,AT,AG,AC,CG,NN,TT,AA,GG,AA,AA,AA,AC,GG,GG,AG,AG,AT,CG,AC,AG,AC,AA,CT,AA,AA,GG,GG,GG,TT,AT,AA,TT,TT,TT,AA,TT,GG,GG,AA,4.33,Susceptible,High,Premium,Late
L0093,Coimbatore,Tamil Nadu,Kharif,Red Loamy,Rainfed,650,29.5,68,AC,TT,GG,AG,GG,CC,GT,AT,CC,CC,AA,CT,CC,AT,TT,GG,GG,TT,TT,AA,CC,TT,GG,CC,TT,CC,TT,TT,NN,AA,NN,CC,AA,CC,AG,CG,GG,CC,GG,CC,TT,TT,AA,TT,AA,GG,TT,TT,CC,CC,GG,AA,AA,GG,CT,GG,AA,AC,TT,AC,AA,TT,TT,AA,TT,AA,CC,GG,TT,GT,AG,GG,CC,AA,GG,AA,AT,GG,TT,TT,GG,GT,GG,CC,AT,GG,AA,AA,CC,TT,CC,GT,CC,TT,TT,GG,CT,CC,NN,CC,CC,GG,GG,AA,TT,GT,CC,AA,AG,AA,CC,GT,TT,CG,TT,AC,AA,TT,CC,AG,CC,GG,CC,GG,CT,AA,CT,CC,CC,CC,AA,GT,CC,AA,CC,CT,AA,AT,AA,AA,GG,CT,CC,GG,AG,AA,AA,AC,GG,CC,CC,AA,AA,GG,TT,GG,AC,GT,CT,GG,CC,TT,TT,TT,CC,AT,TT,TT,AT,AA,GG,CC,AA,TT,CC,CC,GG,CC,AT,GG,GG,CC,TT,CG,NN,TT,NN,AT,AA,AA,TT,CC,CG,AA,CC,CC,CG,AG,CC,CG,TT,AA,AG,CC,GG,AA,AC,AA,AA,GG,GT,AA,AT,CC,GT,AA,CC,NN,GT,AA,GG,AA,TT,NN,TT,CC,TT,AC,CC,TT,GG,AG,CG,AG,CC,TT,CT,GT,CG,TT,AA,AA,GG,GG,CC,CC,GG,CC,GG,TT,AA,CC,GT,GG,CC,CC,AA,AG,CC,AT,CC,AA,AA,AA,CG,AA,TT,AA,GG,AA,AA,AA,CC,AG,AA,AA,AA,TT,GG,AA,AA,CC,AA,CT,AA,AG,GG,AG,CG,TT,AT,AA,TT,TT,TT,AA,AT,GG,GG,AA,4.12,Moderate,High,Standard,Medium
L0094,Coimbatore,Tamil Nadu,Kharif,Red Loamy,Rainfed,650,29.5,68,AC,CT,GG,AA,GG,CC,GG,TT,CC,CC,AA,CT,CC,TT,TT,GT,CG,AT,TT,GG,CG,GT,TT,CC,TT,CC,TT,TT,GG,AA,TT,CT,AA,CC,GG,CG,GG,GG,GG,CC,TT,TT,AA,TT,AA,AG,TT,AT,CC,AA,GT,AA,AA,GG,CT,TT,AA,AC,GT,AA,AA,TT,TT,AG,TT,TT,CC,GG,TT,TT,AA,GG,CC,AA,AG,CC,AA,GG,TT,TT,GG,GT,GG,CC,AA,GG,AA,AA,NN,TT,AC,TT,CC,TT,TT,NN,TT,AC,TT,CC,CC,CC,AG,AA,NN,TT,CC,AA,AG,AA,CT,GG,TT,CC,GT,AA,AA,AT,CC,AA,CC,GG,CC,TT,CT,AG,CC,CC,CC,CC,AA,TT,CC,NN,CC,CC,AA,TT,AA,AA,GG,CT,CC,GG,AA,GG,AA,CC,GG,CC,CC,AA,AA,AA,TT,GG,AA,TT,CT,GG,AC,GT,TT,TT,CC,AT,TT,TT,AT,TT,GG,CC,AG,CT,CC,CC,GG,CC,AA,GG,AA,CC,TT,CC,GT,TT,CG,AT,AA,AG,TT,CC,GG,AA,CC,CC,GG,GG,AC,CG,TT,AA,AG,CC,GG,AA,CC,AA,AT,GG,TT,AA,AA,NN,TT,AA,CC,TT,TT,AA,GG,AA,TT,AA,TT,CC,CT,AA,AC,CT,CG,AG,CC,AG,CC,TT,CT,GT,CG,TT,AA,AA,AG,NN,CC,GG,GG,CC,GG,AA,AA,CC,GT,GG,CG,NN,AA,GG,CG,AA,CC,AA,AA,CC,CG,CC,TT,AA,CG,AA,AA,CC,CC,AG,AA,AG,AA,TT,GG,AA,AA,CC,AA,TT,AA,AA,GG,GG,GG,TT,AT,AA,TT,TT,TT,GG,AT,GG,GG,AA,3.98,Susceptible,Low,Poor,Late
L0095,Coimbatore,Tamil Nadu,Kharif,Red Loamy,Rainfed,650,29.5,68,AA,TT,GG,AG,GG,CC,GG,AT,CC,CC,AA,CC,CG,TT,GT,GG,GG,TT,TT,AA,CG,TT,TT,CT,TT,CC,TT,TT,GG,AA,TT,CT,AA,CC,GG,CG,GG,CC,GG,CC,TT,CT,AA,TT,AG,GG,TT,TT,CC,AC,GG,AT,AA,GG,CC,TT,AT,AC,GT,AC,AA,TT,AT,AA,TT,TT,CC,GG,NN,GG,AA,GG,CC,AA,AA,CC,AT,AG,TT,TT,GG,GG,GG,CC,AA,GG,AG,AA,CC,GT,AA,TT,CT,TT,TT,AG,TT,NN,TT,CC,CT,CG,GG,AA,TT,TT,CC,AA,AG,AA,CT,GG,TT,CC,GT,AA,AA,TT,CC,GG,CC,AG,CC,GT,TT,AA,CC,CC,CC,CC,AA,TT,CC,AA,AC,CC,AA,TT,AA,AA,CG,CC,CC,GG,AG,GG,AA,CC,GG,CC,CC,AA,NN,GG,GT,GG,AA,TT,TT,GG,AC,TT,NN,TT,CC,AT,GT,CC,AT,AT,CG,CC,AA,CC,CC,CC,GG,CC,AT,GG,GG,CC,TT,CC,GG,GT,GG,AT,AA,AA,TT,AC,GG,AA,CC,CC,GG,GG,AC,GG,NN,AA,AA,CC,GG,AA,CC,AT,AA,GG,TT,TT,AA,GG,TT,AT,CG,TT,TT,AT,GG,AA,TT,AA,TT,CC,TT,CC,CC,TT,CG,GG,GG,AG,CC,TT,CT,TT,GG,TT,AA,AA,AG,GG,CC,CC,GG,CC,GG,TT,AA,CC,TT,GG,CC,CC,AA,GG,CC,AA,CC,AT,AA,NN,CC,CC,TT,AA,GG,AA,AA,AC,AA,AA,AA,AA,AA,TT,CG,AC,AA,AC,AC,TT,GG,AA,GG,AG,GG,TT,AT,AA,GT,TT,TT,AG,AT,NN,CG,AA,2.54,Susceptible,Medium,Premium,Early
L0096,Coimbatore,Tamil Nadu,Kharif,Red Loamy,Rainfed,650,29.5,68,AC,CT,GG,AG,GG,CC,GT,AT,CC,GG,AA,CC,CC,AT,TT,GG,CG,TT,TT,AA,CC,TT,GT,CT,TT,CC,GG,AT,GG,AC,TT,CC,AA,CC,GG,GG,GG,CG,GG,CC,TT,CT,AA,TT,AA,AA,TT,TT,CC,AC,GG,AA,AG,GG,CT,GT,AT,AA,GG,AC,AG,GT,TT,AA,TT,AT,CC,GG,TT,GG,AA,GG,CC,AA,GG,AA,TT,GG,TT,TT,GG,GT,GT,CC,AA,GG,AA,AA,CG,TT,CC,TT,CC,TT,GT,GG,TT,CC,GT,CC,CC,GG,AG,AA,TT,TT,CC,AA,AG,AA,NN,GG,TT,CC,TT,AA,AA,TT,CC,GG,CG,GG,CC,GG,CC,AA,CC,CC,CC,CC,AA,GT,CC,AA,CC,CT,AG,TT,AA,AT,GG,CC,CC,NN,AA,AA,AA,AA,GG,CC,CC,AA,AA,GG,TT,GG,AA,GT,TT,AG,AC,TT,GT,TT,CC,AA,GT,TT,AA,TT,GG,CC,AA,CC,CC,CC,CG,CC,AT,GG,AG,CC,TT,CC,GT,TT,CC,AT,AA,AA,TT,CC,CG,AC,AC,CC,GG,GG,NN,GG,TT,AA,AA,CC,GG,AA,AC,AA,AT,GG,TT,AT,AA,GG,GT,AT,CG,NN,GG,AA,GG,AA,TT,AA,TT,CC,TT,AA,CC,TT,GG,AG,CC,GG,CC,TT,CC,TT,GG,TT,AA,AC,AG,GG,CC,CG,GG,CC,GG,TT,NN,CC,TT,GG,CC,CC,AA,AA,CC,AA,CC,AA,AA,AA,CC,AC,TT,AA,GG,AA,AA,CC,AA,AG,AA,AA,AA,TT,GG,AA,AG,CC,AC,TT,AA,AA,GG,GG,GG,TT,AT,AA,GT,TT,TT,AG,AT,GG,GG,AA,3.02,Susceptible,Low,Poor,Medium
L0097,Coimbatore,Tamil Nadu,Kharif,Red Loamy,Rainfed,650,29.5,68,AA,TT,GG,AA,GG,CC,GG,AT,CC,CG,AA,CC,CG,AT,GT,GG,GG,TT,TT,AA,CC,GT,TT,CT,TT,CC,TT,TT,GG,AA,TT,CC,AA,CC,GG,GG,GG,CG,NN,CC,TT,CT,AA,TT,AA,AG,TT,TT,CC,CC,GT,AT,AA,GG,CC,TT,AA,AA,GG,AC,AA,TT,TT,AG,TT,AT,CC,GG,TT,GG,AA,GG,CC,AA,GG,AA,TT,GG,TT,TT,AG,GG,GG,CC,AA,GG,AG,AA,CG,TT,CC,TT,CT,AT,TT,NN,TT,CC,TT,CC,CT,CC,GG,AA,TT,TT,CC,AA,AG,AA,CC,GG,TT,CG,GT,AA,AA,TT,CC,AG,CC,GG,CC,GG,TT,AA,CT,CC,CC,CC,AA,TT,CC,AA,CC,CT,AA,TT,AA,AT,GG,CC,CC,GG,AA,AG,AA,CC,TT,CC,CC,AA,AG,GG,TT,GG,AA,TT,CT,GG,CC,TT,TT,TT,CG,AA,GT,CT,AA,TT,GG,NN,AA,CT,CC,CC,GG,CC,AA,GG,AG,CC,TT,CC,GT,TT,CG,AT,AA,AA,TT,CC,CC,AC,AC,CC,GG,GG,AA,GG,TT,AC,AG,CC,GG,AA,CC,AA,TT,GG,TT,AT,AT,GG,GG,AT,CC,TT,GT,AA,GG,AA,TT,AA,TT,CC,CT,AA,CC,TT,CG,AG,CC,AG,CC,TT,TT,TT,GG,TT,AA,AA,AG,GG,CC,CC,GG,NN,GG,AA,AG,CG,TT,GG,CC,CG,AA,GG,CG,AA,CC,AA,AA,AC,CC,AC,TT,AA,GG,AA,AC,AA,AC,GG,AA,AG,AA,AT,GG,AC,AA,CC,AA,CT,AA,AA,GG,GG,GG,TT,AT,AA,GT,TT,TT,AA,TT,GG,CG,AA,2.5,Resistant,High,Poor,Medium
L0098,Coimbatore,Tamil Nadu,Kharif,Red Loamy,Rainfed,650,29.5,68,AA,TT,GG,AA,GG,CC,GG,TT,CC,CG,AA,CC,CC,AT,GT,NN,GG,TT,TT,AG,CC,TT,GT,CT,TT,CC,TT,TT,GG,AA,TT,CC,AG,AC,GG,CG,GG,CG,GG,AC,TT,CT,AA,GT,AG,AG,TT,TT,CC,AC,GT,AA,AG,GG,CC,GT,AA,AA,GG,AC,AA,TT,AA,AG,TT,AT,CT,GG,TT,GG,AG,GG,CC,AA,GG,CC,AT,GG,TT,NN,GG,GG,GG,CC,AA,GG,AA,AA,CC,TT,CC,NN,TT,AT,TT,GG,TT,CC,TT,CC,CT,GG,AG,AA,AT,TT,CC,AA,AG,AA,CC,GG,TT,CC,TT,AA,AC,TT,CC,GG,CG,AG,CC,GG,TT,AA,CC,CG,AC,CC,AA,TT,CC,AA,CC,CC,AA,TT,AA,AA,GG,CC,CC,GG,AA,AA,AA,CC,GT,CC,CC,AA,AA,GG,TT,AG,AC,GT,CC,GG,CC,GT,TT,TT,CC,AA,GT,TT,AT,TT,GG,CC,AG,CC,CC,CC,CG,CC,AA,GG,AA,CC,TT,CC,GT,GT,GG,AT,AA,AG,GT,AC,CG,AA,CC,CC,GG,GG,AA,GG,TT,AA,AA,CC,GT,AA,CC,AA,TT,GT,TT,AT,AA,GG,GG,AT,CG,AT,GG,AA,GG,AA,TT,AA,TT,CG,TT,AC,NN,CT,CG,GG,CG,AG,AC,AT,TT,TT,GG,TT,AA,AC,AG,GG,CC,CC,GG,CC,GG,AA,AG,CC,GG,AG,GG,CG,AA,NN,CG,AA,CC,AA,AA,AC,CG,AC,AT,AG,GG,AA,NN,AC,AA,GG,GG,AG,AA,AT,GG,AC,AA,AA,AA,TT,GG,AA,CG,GG,GG,TT,AA,AG,GT,TT,TT,AG,TT,GG,GG,AA,3.3,Susceptible,Low,Premium,Medium
L0099,Coimbatore,Tamil Nadu,Kharif,Red Loamy,Rainfed,650,29.5,68,AC,CC,GG,GG,GG,CC,GG,AT,CC,GG,AA,CC,CG,AT,TT,GG,GG,AT,TT,AG,GG,TT,TT,CT,TT,CC,TT,AT,GG,AA,TT,CC,AA,CC,GG,CG,GG,CC,GG,CC,TT,TT,AA,TT,AG,GG,TT,AA,CC,AC,GG,AA,AA,GG,CT,TT,AA,AA,TT,AA,AA,TT,AT,AG,TT,AT,CC,GG,TT,GG,AG,GG,CC,AA,AG,CC,AT,GG,GT,TT,GG,GG,GG,CC,AA,GG,AA,AT,CC,GT,AC,TT,CC,AT,GT,GG,TT,AC,TT,CC,CC,CG,GG,AA,TT,TT,CC,AA,AG,AA,CT,GG,TT,CC,TT,AA,AC,TT,CC,AG,CG,GG,CC,GT,CT,AA,CT,CC,CC,CC,AA,TT,CC,AA,CC,CC,AA,TT,AA,AA,GG,CT,CC,GG,AA,AA,AA,CC,GG,CG,CG,AA,AG,GG,TT,GG,AC,TT,CT,GG,CC,TT,TT,CT,CC,AT,TT,TT,AA,TT,GG,CC,AA,CC,CC,CC,CC,CC,AA,GG,GG,CC,TT,CC,GG,TT,GG,AT,NN,AG,TT,AC,GG,AA,AC,CC,GG,GG,AA,GG,TT,AA,AA,CG,GG,AT,CC,AA,AT,GG,TT,TT,AA,GG,GT,AA,CC,TT,GT,AA,GG,AA,CT,AA,TT,CC,TT,NN,CC,TT,CG,AA,CG,AG,CC,TT,TT,TT,CG,TT,AA,AA,AG,GG,NN,CC,GG,CC,GG,AT,AA,CC,TT,GG,CC,CG,AA,GG,CC,AA,CC,AA,AA,AC,GG,CC,TT,AA,GG,AA,AA,AC,AA,AG,AG,AA,AA,AT,NN,CC,AG,AC,AC,TT,AA,AG,GG,GG,GG,TT,AA,AA,TT,TT,TT,AA,AT,GG,CG,AA,2.54,Susceptible,Low,Premium,Medium
L0100,Coimbatore,Tamil Nadu,Kharif,Red Loamy,Rainfed,650,29.5,68,CC,CT,GG,NN,GG,CC,GT,TT,CC,CC,AA,CC,CC,TT,TT,GG,CG,TT,TT,AA,CC,TT,TT,CT,AT,CC,TT,TT,GG,AA,TT,CT,AA,CC,GG,CG,GG,CG,GG,CC,TT,CT,AA,TT,AA,AG,TT,AT,CC,NN,GT,AA,AA,GG,CC,TT,AA,AA,GG,CC,AA,TT,TT,AG,CT,AT,CC,GG,TT,GT,AG,GT,CC,AG,GG,AA,AT,GG,GG,TT,GG,TT,GG,CC,AT,GG,AA,AA,CC,TT,AC,TT,TT,TT,NN,GG,TT,AC,NN,CC,CC,CC,GG,AA,NN,GT,CC,AA,GG,AA,CC,GG,TT,CC,TT,AA,AA,TT,CC,AG,CC,GG,CC,GG,TT,AA,CC,CC,AC,CC,AA,TT,AC,AA,CC,CT,AA,TT,AA,TT,GG,CC,CC,GG,AA,AA,AT,CC,GG,CC,CC,AA,AA,GG,GT,AG,AA,NN,CT,GG,CC,TT,TT,TT,CC,AT,GT,TT,AA,TT,GG,CC,AA,CT,CC,CC,GG,CC,AA,GG,AG,CC,TT,CG,GT,TT,GG,AT,AA,AA,TT,AC,GG,AA,NN,CC,GG,GG,AC,GG,TT,AA,AA,CC,GG,AA,CC,AA,AA,GG,TT,AA,AA,GG,GG,AA,CC,TT,GT,AA,GG,AA,CT,AA,AT,CC,TT,AA,CC,CT,GG,GG,CC,AA,CC,TT,TT,TT,GG,TT,AC,AC,AG,GG,CC,GG,GG,CG,GG,AA,AA,CC,TT,GG,CG,CC,AA,AG,CC,AT,CG,AT,AA,AC,CG,CC,TT,AA,CG,AA,AA,AA,AA,AG,AA,AG,AA,TT,GG,AC,AA,AC,AC,CC,AA,AA,GG,GG,CG,TT,AA,AG,GT,AT,TT,AG,TT,GG,GG,AA,4.4,Susceptible,High,Poor,Medium
L0101,Coimbatore,Tamil Nadu,Kharif,Red Loamy,Rainfed,650,29.5,68,AA,TT,GG,AA,GG,CC,GT,TT,CC,CG,AA,CC,CG,AT,TT,GG,GG,AT,TT,AA,CC,TT,GT,CC,TT,CT,GT,TT,GT,AA,CT,CC,AA,CC,GG,CC,GG,CG,GG,CC,TT,CT,AA,TT,AA,AG,CT,AT,CC,AA,GG,AT,AG,GG,CT,TT,AA,AA,GT,AA,AA,TT,AT,AA,TT,AT,CC,GG,TT,TT,GG,GG,AC,AA,GG,AC,AT,GG,TT,TT,GG,GG,GT,CC,AT,GG,AA,AA,CC,TT,CC,TT,CT,TT,TT,GG,TT,CC,GT,CC,CC,CG,AA,AG,AT,TT,CC,AA,AA,AA,CT,GG,NN,CC,GT,AA,AA,TT,CC,AA,CC,AA,CC,GT,TT,AA,CC,CC,AC,CG,AA,GT,AC,AA,NN,CT,AA,TT,AA,AA,GG,CC,CC,AG,AA,AG,AA,AA,GT,CC,CG,AA,GG,GG,TT,GG,AC,TT,TT,GG,AA,GT,GT,TT,CC,AA,TT,CT,AA,TT,GG,NN,AG,CC,CC,CC,GG,CC,AA,GG,AG,CC,TT,CC,NN,TT,GG,AT,AA,AA,TT,CC,GG,CC,CC,CC,NN,AG,AC,GG,TT,AC,AA,CC,GG,AA,CC,AA,AT,GG,TT,TT,AA,GG,GT,AA,CG,AT,TT,AA,GG,AA,TT,AA,TT,CC,TT,AC,CC,TT,CG,NN,CC,AA,AC,TT,CT,TT,GG,TT,AA,AC,AA,GG,CC,CC,NN,CC,GG,TT,AG,CC,TT,GG,CC,CC,AA,GG,CC,AA,CC,AA,AG,CC,GG,AC,AT,AA,GG,AA,AC,AC,AA,AA,AG,AA,AA,AT,GG,AA,AG,AC,AC,CT,AA,AA,CG,GG,GG,TT,AT,AA,TT,TT,TT,NN,TT,GG,CG,AA,2.7,Susceptible,Medium,Poor,Medium
L0102,Coimbatore,Tamil Nadu,Kharif,Red Loamy,Rainfed,650,29.5,68,AC,TT,GG,AA,GG,CC,GG,TT,CC,CC,AA,CT,CC,TT,TT,GG,CC,TT,NN,AA,CG,NN,GT,CC,TT,CC,GT,TT,GG,AA,TT,CT,AA,CC,GG,CG,GG,CG,GG,CC,TT,TT,AC,TT,AA,AA,TT,AT,CC,CC,GG,AT,AG,GG,CC,GT,AT,AC,GT,NN,AA,TT,AT,AA,CT,TT,CT,GG,TT,GG,AA,GG,CC,AA,AG,CC,AA,GG,GT,TT,GG,GG,GG,CC,AT,GG,AA,AT,CC,GT,AC,TT,CC,TT,GT,GG,CT,CC,TT,CC,CT,CC,AA,AA,TT,TT,CG,NN,AG,AA,CC,GG,TT,CC,TT,AC,NN,TT,CC,NN,CG,GG,CC,GT,TT,AG,CC,CG,AC,CG,AA,GT,CC,AA,CC,CT,AA,AT,AA,AT,GG,CC,CC,GG,AG,AA,AA,CC,GG,CC,CC,AA,AA,GG,TT,GG,AC,TT,TT,GG,CC,GT,TT,TT,CC,AT,GT,TT,AA,TT,GG,CG,AA,CT,CC,CC,GG,CC,AA,GG,AG,AC,TT,CC,GG,TT,GG,AT,AA,AA,TT,CC,GG,AA,CC,CC,GG,GG,AA,GG,TT,AC,AA,CC,GT,AA,CC,AA,AA,GG,TT,AA,AT,GG,GG,AA,CC,TT,NN,AA,GG,AA,CT,AA,TT,CC,TT,AC,CC,TT,CG,AA,CC,NN,CC,TT,TT,TT,GG,TT,AA,AC,AG,GG,CG,CC,GG,CC,GG,TT,AA,CC,GG,GG,CC,CC,AA,AG,CC,AA,CC,AA,AA,AC,GG,AC,TT,AA,GG,AA,AA,AC,AA,AG,AG,AA,AA,TT,GG,AA,AA,CC,AC,CT,AA,AA,GG,GG,GG,GT,AA,AA,GT,TT,TT,AA,TT,GG,GG,AC,3.22,Resistant,Medium,Poor,Late
L0103,Coimbatore,Tamil Nadu,Kharif,Red Loamy,Rainfed,650,29.5,68,AA,TT,AG,AG,CG,CC,GT,NN,CC,CC,AA,CC,CC,TT,TT,GG,GG,TT,TT,AA,CC,GT,GT,CC,AT,CC,TT,TT,GG,AC,TT,CC,AG,CC,AG,CG,GG,GG,GG,CC,TT,TT,AA,GT,AA,AG,TT,TT,CC,AC,GT,AT,AA,GG,TT,TT,AA,AC,GT,AA,AA,TT,AA,AG,TT,AA,CC,GG,NN,TT,AA,GG,CC,AA,GG,CC,AA,GG,TT,TT,GG,GG,GG,AC,AA,GG,AA,AT,CC,TT,CC,TT,CT,TT,TT,GG,CT,CC,GT,CC,CC,CG,GG,AA,TT,TT,CG,AG,AA,AA,CC,GG,TT,CC,TT,AC,AC,TT,CC,GG,CC,GG,CC,GG,TT,AA,CT,CC,CC,CC,AA,TT,CC,AA,CC,CC,AA,TT,AA,AA,GG,CC,CC,GG,AA,AA,AA,CC,GG,CC,CC,AA,AA,GG,TT,NN,AC,GT,TT,GG,NN,GT,TT,TT,CG,AA,GT,TT,AT,AA,GG,CC,AG,TT,CC,CC,GG,CC,AA,GG,GG,CC,TT,CC,GG,TT,GG,AT,AA,AG,TT,CC,GG,AA,CC,CC,GG,AA,AA,GG,TT,AA,AA,CC,GG,AA,CC,AA,AT,GG,TT,TT,TT,CC,TT,AT,CC,AT,TT,NN,GG,AA,TT,AA,TT,CC,TT,AA,CC,TT,GG,AG,NN,AA,CC,TT,TT,NN,GG,AT,AA,CC,AG,GG,CC,CG,GG,CC,GG,AT,AA,CC,TT,GG,CC,CG,AA,GG,CC,AA,CC,AA,AA,CC,CC,AA,TT,AA,GG,AA,AA,AA,AA,AA,AG,AA,AA,AT,CC,AA,AG,CC,AA,CT,AG,AG,GG,GG,GG,TT,AA,AG,GG,TT,TT,AG,AT,GG,GG,AA,5.26,Susceptible,High,Poor,Medium
L0104,Coimbatore,Tamil Nadu,Kharif,Red Loamy,Rainfed,650,29.5,68,AC,TT,GG,AG,GG,CC,GG,TT,CC,GG,AA,CC,CC,AT,TT,GG,GG,TT,TT,AA,CC,TT,TT,CC,TT,CC,TT,TT,GG,AA,TT,CT,AA,CC,GG,GG,GG,CC,GG,NN,TT,CT,AC,TT,AG,AG,TT,TT,CC,CC,GT,AA,AG,GG,CC,GT,AA,AA,GT,AC,AA,GT,AT,NN,CT,AT,CT,GG,CT,GT,AG,GG,CC,AG,GG,AC,AT,GG,TT,TT,GG,GG,GT,CC,AA,AG,AA,AA,CC,GT,CC,TT,CT,TT,GT,GG,TT,CC,TT,CC,CC,CG,AA,AA,AT,TT,CC,AA,AG,AA,NN,GT,TT,CC,GT,AC,AA,TT,CG,GG,NN,AG,CC,GG,TT,AA,TT,CC,CC,CC,AA,TT,CC,AA,CC,CC,AA,TT,AA,NN,GG,CC,CG,GG,AG,AG,AA,CC,GG,CC,CC,AA,AA,GG,GT,GG,AA,GT,TT,AG,AC,TT,TT,CT,CC,AT,GG,TT,AT,TT,GG,CC,AA,CT,CC,CC,CG,AC,AA,GG,AG,CC,TT,CC,GG,TT,GG,TT,AA,AG,TT,CC,CC,AA,CC,CC,GG,GG,AC,GG,NN,AA,AA,CC,GG,AT,AC,AT,AA,GT,GT,AA,AT,CG,GG,AT,CC,TT,TT,AA,GG,AA,TT,AA,TT,CC,TT,AA,CC,CT,GG,AG,CC,AG,CC,AT,CT,TT,GG,TT,AA,AC,AA,GT,CC,CC,GG,CC,GT,TT,AA,CC,TT,GG,CC,CG,AA,AG,CG,AA,CG,TT,AA,CC,CG,CC,AT,AA,GG,AA,AA,AA,AA,AG,AG,AG,AA,TT,GG,AA,AA,CC,AA,CT,AA,AA,GG,GG,GG,GT,AA,AA,TT,TT,TT,AG,AT,GG,GG,AA,3.09,Susceptible,High,Poor,Early
L0105,Coimbatore,Tamil Nadu,Kharif,Red Loamy,Rainfed,650,29.5,68,AC,CT,GG,AG,GG,CC,GG,TT,CC,GG,AA,CC,CG,TT,GT,GG,CG,TT,TT,AA,CC,TT,TT,CC,TT,CT,TT,AT,GG,AA,TT,CC,AA,CC,GG,CC,GG,CC,GG,CC,TT,NN,AA,GT,AA,AG,TT,TT,CC,AC,GT,TT,AG,GG,CC,TT,AA,AA,GT,AC,AG,TT,TT,AA,TT,TT,CC,GG,TT,GT,AA,GG,CC,AA,GG,AC,AT,GG,TT,TT,GG,GG,GG,CC,AA,GG,AA,AA,CC,GT,CC,TT,CC,TT,TT,GG,CT,CC,GG,CC,CC,CC,GG,AA,TT,GT,CC,AG,AG,CC,CT,GG,GT,CC,TT,AA,AA,TT,CC,NN,CC,AG,CT,TT,TT,AA,CC,CC,AC,CC,AG,GT,CC,AA,CC,CT,AA,TT,AG,AA,GG,CT,CC,GG,AA,AA,AA,CC,GT,CC,NN,AA,AG,AG,TT,GG,AA,TT,CT,GG,CC,TT,TT,TT,CC,TT,TT,TT,AA,TT,GG,CG,AA,CC,CC,CC,CG,CC,AA,GG,AA,CC,TT,CC,GT,TT,GG,AT,NN,AA,TT,AA,CG,AA,CC,CC,GG,GG,AA,GG,TT,AA,AA,CC,GT,AA,CC,AA,AA,GG,TT,AA,AT,GG,GT,AA,CC,AT,TT,AA,AG,AA,TT,AA,TT,CC,TT,AC,CC,CT,GG,AA,CG,AA,CC,TT,TT,GT,GG,TT,AA,CC,AG,GG,CC,CC,GG,CC,GG,TT,AA,CC,TT,GG,CC,CC,AA,GG,CC,AA,CC,AA,AA,CC,CC,AC,TT,AA,GG,AA,AA,AC,AC,AG,AA,AA,AA,TT,GG,AA,AG,CC,AA,TT,AA,AG,GG,GG,GG,TT,AT,AA,GG,TT,TT,AA,AT,GG,GG,AA,4.27,Susceptible,Medium,Standard,Late
L0106,Coimbatore,Tamil Nadu,Kharif,Red Loamy,Rainfed,650,29.5,68,AC,CC,GG,AG,GG,CC,GG,TT,CC,CC,AA,CT,CC,TT,TT,GG,CG,TT,TT,AA,CC,TT,GT,CC,AT,CC,TT,TT,GG,AA,TT,CT,AA,CC,GG,CG,GG,CG,GG,CC,TT,TT,AA,TT,AA,AA,TT,AT,CC,AA,GT,AT,AA,GG,CC,TT,AA,AA,GG,AA,NN,TT,AT,AG,TT,TT,CC,GG,TT,GG,AG,GG,CC,AA,GG,AC,AT,GG,GT,TT,GG,GG,GG,CC,AT,GG,AG,AA,CC,GT,CC,TT,CC,TT,TT,GG,TT,CC,GT,CC,CC,CG,GG,AA,AT,TT,CC,AA,GG,AC,CC,GG,TT,CC,TT,AA,AA,TT,CG,AG,GG,GG,CC,GT,CT,AA,CC,CC,CC,CC,AA,TT,CC,AA,CC,CC,AA,TT,AA,AA,GG,CC,CC,GG,AA,AG,AA,CC,GT,CC,CC,AA,AA,AG,GT,GG,AA,TT,TT,AG,CC,TT,TT,TT,CG,AT,TT,TT,AA,TT,GG,NN,NN,CC,CC,CC,CC,CC,AA,GG,AA,CC,TT,CG,GG,TT,GG,TT,AG,AA,TT,CC,GG,AA,CC,CC,GG,GG,AA,CG,TT,AA,AG,CC,GT,NN,AC,AT,AT,GT,TT,TT,AA,CG,GG,AA,CC,TT,TT,AA,GG,AA,TT,AA,TT,CC,TT,CC,CC,CT,CG,AG,CC,AA,AC,TT,TT,GT,GG,TT,AC,CC,AA,GG,CC,CG,GG,CG,GG,AT,AG,CC,GT,GG,CG,CC,AT,AA,CC,AA,CC,AA,AA,AC,CG,CC,AT,AA,GG,AA,AA,AA,AC,GG,AA,AA,AA,TT,GG,AC,AA,AA,AC,TT,AA,AG,NN,GG,GG,GT,NN,AA,TT,TT,TT,AA,AT,GG,GG,AA,3.44,Susceptible,Low,Poor,Late
L0107,Coimbatore,Tamil Nadu,Kharif,Red Loamy,Rainfed,650,29.5,68,AC,TT,GG,AA,GG,CC,GT,TT,CC,CC,AA,CC,CG,AT,TT,GG,CG,TT,TT,GG,CC,GT,TT,CC,TT,CC,TT,TT,GG,AA,TT,CC,AA,CC,GG,GG,GG,CC,GG,CC,TT,CT,AA,TT,NN,AG,CT,TT,CC,CC,GG,AA,AA,GG,CC,TT,AT,CC,GT,AC,AA,TT,TT,AA,TT,AA,CC,GG,TT,GG,AA,GG,CC,AA,AG,AC,TT,GG,TT,TT,GG,GG,NN,CC,TT,AG,AA,AA,CC,GT,CC,TT,CC,TT,TT,GG,TT,CC,TT,CT,TT,CC,AG,AA,TT,TT,CC,AA,AA,AC,CT,GG,TT,CC,TT,AC,AC,TT,CG,GG,GG,GG,CC,GG,CT,AG,CC,CC,AC,CC,AA,TT,AC,AA,CC,CC,AA,TT,AA,AT,GG,CT,CG,GG,AA,AG,AT,CC,GG,CC,CC,AG,AA,GG,TT,GG,AC,TT,TT,GG,AC,TT,TT,TT,CC,AA,TT,CT,AA,TT,GG,CC,AA,CT,CC,CC,CG,AC,AA,GG,AG,CC,TT,CC,GG,TT,GG,AT,AA,AA,TT,AC,GG,AA,CC,CG,GG,GG,AA,GG,TT,AA,AA,CC,GT,AA,AC,AA,AT,GG,TT,TT,AT,GG,GT,AT,CC,TT,GG,AA,GG,AA,CT,AA,TT,CC,TT,AC,AC,CT,GG,AA,CC,AA,CC,TT,CT,TT,GG,TT,AA,AC,AA,GG,CC,CG,GG,CC,GG,TT,AA,CG,GG,GG,CC,CC,AA,GG,CC,AA,CC,AA,AA,AC,CC,AC,TT,AA,GG,AA,AC,AA,AA,AG,AG,GG,AA,TT,GG,AA,AA,AC,NN,CC,AA,AA,GG,GG,GG,TT,AA,AA,TT,TT,AT,AG,TT,GG,GG,AA,2.54,Moderate,Medium,Poor,Late
L0108,Coimbatore,Tamil Nadu,Kharif,Red Loamy,Rainfed,650,29.5,68,AA,TT,GG,AA,GG,CC,GG,TT,CC,CG,AA,CC,CC,TT,TT,NN,GG,TT,TT,AG,CC,TT,GT,CC,AT,CC,TT,TT,GG,AA,CT,CC,AA,CC,AG,GG,GG,CG,GG,AC,TT,CT,CC,TT,AA,GG,TT,TT,CC,AC,GT,AA,AA,GG,CC,TT,AA,AA,GT,AA,AA,NN,TT,AA,TT,TT,CC,GG,TT,GG,AA,GT,CC,AA,AG,AA,AA,GG,TT,TT,GG,GT,GG,CC,AA,GG,AA,AT,CC,GT,CC,TT,CC,TT,TT,GG,TT,CC,TT,CC,CC,CC,AG,AA,TT,TT,CC,AA,AA,AA,CT,GG,TT,CG,GT,AA,AA,TT,CC,AG,CC,GG,CC,GG,CT,AA,CC,CC,CC,CC,AG,TT,AC,AA,CC,CC,AG,AT,AA,AT,GG,CT,CC,GG,AA,AG,AT,NN,NN,CC,CC,AA,AA,GG,GT,GG,AC,TT,TT,GG,CC,GT,GT,CT,CG,AA,TT,CC,AA,AA,GG,CC,AA,CC,AC,CC,CG,CC,AA,GG,AA,CC,TT,CC,GG,TT,CG,AT,AA,AA,TT,CC,GG,AA,AC,CC,GG,GG,AA,CG,TT,AC,AA,CC,GG,AA,CC,AT,AT,GT,TT,NN,TT,GG,GT,AT,CC,AT,GT,AA,GG,AA,CT,AA,TT,CC,CT,AA,CC,TT,GG,AG,CC,AA,CC,AT,CT,GT,GG,TT,AC,AC,AG,GG,CC,CC,GG,CC,GG,AT,AA,CG,TT,GG,CG,CC,AA,GG,CC,AA,CC,AT,AA,CC,CC,CC,TT,AA,CG,AT,AA,AA,AC,AG,AG,AG,AA,TT,CG,AC,AG,CC,AA,CT,AA,AA,GG,GG,GG,TT,AA,AA,GT,TT,TT,AA,AT,GG,GG,AA,3.19,Susceptible,Low,Premium,Early
L0109,Coimbatore,Tamil Nadu,Kharif,Red Loamy,Rainfed,650,29.5,68,AC,TT,GG,AG,NN,CC,GG,TT,CC,CC,AA,CC,CG,TT,GG,GG,CG,TT,TT,AG,CC,GT,GT,CC,AT,CC,TT,AT,GG,AA,TT,CC,AA,CC,GG,GG,GG,CG,GG,CC,TT,TT,AC,TT,AG,AG,TT,AT,CC,AC,GG,TT,AA,GG,CC,TT,AT,AA,TT,AC,AG,GG,AT,AG,CT,AT,CC,GG,TT,GT,AG,GG,AC,AA,GG,AC,TT,GG,TT,TT,GG,NN,GG,CC,AA,GG,AA,AA,CC,GT,AA,TT,CT,TT,TT,AG,CT,AC,GT,CC,CT,CG,AG,AA,TT,TT,CC,AA,AG,AC,CC,GG,TT,CC,GT,AA,AC,TT,CC,AG,CC,GG,CT,GT,TT,AA,CC,CC,CC,CC,AA,TT,CC,AA,CC,CT,AG,TT,AA,AT,GG,CC,CC,GG,AA,AG,AA,CC,GT,CC,CC,AA,AA,AG,GT,AG,AC,GT,CT,GG,NN,TT,TT,TT,CC,AT,TT,TT,AA,NN,GG,CC,AA,NN,CC,CC,CG,CC,AT,GG,AA,CC,TT,CC,GT,TT,GG,TT,AA,AA,TT,CC,GG,AC,CC,CC,GG,GG,AC,CG,TT,AA,AA,CC,GG,AA,CC,AA,AT,GG,TT,AT,AA,CG,TT,AT,CC,AT,GT,AA,GG,AA,CT,AA,TT,CC,TT,AA,CC,CT,GG,AA,CC,AA,CC,AT,TT,NN,GG,TT,AA,CC,AA,GG,CC,CG,GG,CC,GG,AT,AA,CC,TT,GG,CC,GG,AA,AG,CG,AA,CC,AA,AA,CC,CG,AC,AT,AA,GG,AA,AA,CC,AC,GG,AG,AG,AA,TT,GG,AA,AG,CC,AC,CC,AA,NN,CG,GG,GG,TT,AA,AA,TT,TT,TT,AG,TT,GG,CG,AA,3.51,Susceptible,Medium,Poor,Late
L0110,Coimbatore,Tamil Nadu,Kharif,Red Loamy,Rainfed,650,29.5,68,AC,TT,GG,AG,GG,CG,GG,AT,CC,CG,AA,CC,CG,TT,NN,NN,GG,TT,TT,AA,CC,TT,TT,CC,TT,CC,TT,TT,GG,AA,TT,CC,AA,CC,GG,CG,GG,CC,GG,CC,TT,CT,AA,GG,AA,AA,CT,TT,CC,AC,GG,AA,AA,GG,CC,GT,AA,AA,GT,AC,AA,TT,AT,AA,CT,TT,CC,GG,TT,GG,AA,GG,CC,AA,GG,AC,AA,AG,TT,TT,GG,GG,GG,CC,AA,GG,AA,AA,CC,TT,CC,TT,CC,AT,TT,GG,TT,AC,GG,CC,CC,CC,AG,AA,AT,TT,CG,AA,AA,AA,NN,GG,TT,NN,TT,AC,AA,TT,CG,AG,CC,GG,CC,GT,TT,AG,CT,CC,CC,CC,AA,TT,CC,AA,CC,CC,AA,TT,AG,TT,GG,CT,CC,GG,AA,NN,AA,CC,GG,CG,CC,AG,NN,GG,TT,GG,AA,GT,NN,GG,CC,TT,GG,CT,CC,AA,GG,NN,AA,TT,CG,CC,AA,CT,CC,NN,GG,AC,AA,GG,AG,CC,TT,CG,TT,GT,GG,TT,AA,AG,TT,AC,GG,AC,CC,CC,GG,GG,AA,GG,TT,AA,AA,CC,GG,AA,CC,AA,AA,GT,TT,TT,AA,CG,GT,AT,CC,AT,TT,AA,GG,AA,TT,AA,TT,CC,TT,AA,AC,TT,GG,AG,CC,GG,CC,TT,TT,TT,GG,NN,AC,AC,AA,GT,CC,CC,GG,CC,GG,TT,AG,CG,TT,GG,CC,CC,AA,GG,CG,AA,CC,AA,AA,CC,CC,AA,TT,AA,GG,AA,AA,AC,AA,GG,AG,AA,AA,TT,GG,AA,AA,AA,AA,CC,AA,AA,GG,GG,CG,TT,AT,AA,GT,TT,TT,AG,AT,GG,GG,AA,2.92,Susceptible,Low,Premium,Medium
L0111,Coimbatore,Tamil Nadu,Kharif,Red Loamy,Rainfed,650,29.5,68,AC,TT,GG,AG,GG,CC,GT,TT,CC,CG,AA,CC,CC,AT,GT,GT,CC,TT,TT,GG,CC,TT,TT,CT,TT,CC,TT,AT,GG,AA,TT,CC,AA,AC,AG,GG,GG,CG,GG,CC,TT,CT,AC,GT,AA,AA,TT,AT,CC,CC,TT,AT,AA,GG,CC,GT,AA,AA,GT,AA,AA,GT,NN,AA,TT,TT,CC,GG,TT,GG,AA,GG,CC,AA,AG,AC,AA,NN,TT,TT,NN,GT,GG,CC,AA,GG,AA,AA,CC,GG,CC,TT,CT,AT,NN,GG,CT,CC,TT,CC,CC,CG,NN,AG,AA,TT,CC,AA,AA,AC,TT,GG,TT,CG,GT,AC,AA,TT,CC,GG,CC,AG,CC,GT,TT,AA,CC,CG,CC,CC,AA,TT,CC,AA,CC,CT,AA,TT,AA,AA,GG,CC,CC,GG,AA,AG,AA,CC,GT,CC,CC,AA,AA,GG,TT,GG,CC,GT,CC,GG,CC,TT,TT,TT,GG,AA,TT,TT,AA,AA,GG,CC,AA,CT,CC,AC,CG,AC,AT,GG,GG,CC,TT,CC,TT,TT,CG,TT,AG,AA,TT,CC,GG,AA,NN,CC,NN,AG,CC,GG,TT,AC,AA,CC,GG,AA,AC,AT,AT,GG,TT,TT,AA,GG,GT,AA,CG,TT,TT,AA,GG,AG,CT,AA,TT,CC,TT,AC,CC,TT,GG,GG,CG,AG,CC,TT,TT,GT,GG,TT,AA,CC,AG,GG,CC,CG,GG,CC,GG,TT,AA,CC,TT,GG,CC,NN,AA,GG,CC,AA,CC,AT,AA,CC,CG,CC,TT,AA,CG,AA,AA,AA,AA,GG,AA,AA,AA,TT,GG,AC,AG,AC,AA,TT,AG,AG,GG,GG,GG,TT,AA,AG,TT,TT,TT,AA,AT,GG,GG,AA,3.43,Susceptible,Medium,Poor,Medium
L0112,Coimbatore,Tamil Nadu,Kharif,Red Loamy,Rainfed,650,29.5,68,AA,TT,GG,AG,GG,CC,GT,TT,CC,CC,AA,CT,CC,TT,GT,GG,GG,TT,TT,AA,CC,GT,GT,CC,TT,CC,TT,TT,GG,AA,CT,CT,AA,CC,GG,GG,GG,CC,GG,CC,TT,TT,AA,TT,AA,AA,CT,AT,CC,AC,GG,AA,AA,GG,CT,TT,AA,AC,TT,AC,AG,GT,TT,AG,TT,TT,CC,GG,TT,TT,AG,GG,CC,AA,GG,AC,AT,GG,TT,CC,GG,GG,GT,CC,AT,GG,AA,AA,NN,GT,CC,TT,TT,TT,TT,AG,TT,CC,TT,CT,CT,CC,AA,AA,TT,TT,CG,AA,GG,AA,CC,GG,TT,CC,TT,AA,AA,TT,CC,GG,CG,GG,CC,GT,TT,AA,CC,CC,CC,CC,AG,TT,CC,AA,AC,CC,AG,AT,AA,AA,CG,CC,CG,GG,AA,AA,AA,CC,GG,CC,CC,AG,GG,AG,TT,GG,AC,TT,CT,GG,AC,GT,GT,TT,CG,AA,TT,TT,AA,AT,GG,CC,AG,CC,CC,CC,GG,CC,AA,GG,AG,CC,NN,CC,GT,TT,GG,AT,AA,AA,TT,CC,GG,AA,AC,CC,GG,GG,AA,GG,TT,AC,AA,CC,GG,AA,AC,AT,AA,GG,TT,TT,AA,NN,GT,AA,CG,TT,TT,AA,GG,AA,CT,AA,TT,CC,TT,AC,CC,TT,CG,AG,CC,AA,CC,TT,TT,GG,GG,TT,AA,CC,AA,GG,CC,CC,GG,CC,GG,AT,AA,CC,GG,GG,CC,CC,AA,GG,CG,AA,CC,AA,AA,CC,CC,AC,AT,AA,GG,AA,NN,AA,AA,GG,GG,AA,AA,AT,GG,AA,AG,AC,AC,CT,AA,AA,GG,GG,GG,GT,NN,AG,GT,TT,AT,AA,TT,GG,GG,AC,5.4,Resistant,Medium,Poor,Early
L0113,Coimbatore,Tamil Nadu,Kharif,Red Loamy,Rainfed,650,29.5,68,AC,TT,GG,AG,GG,CG,GG,AT,CC,CC,AA,CT,CC,TT,TT,GG,CG,TT,TT,AG,CC,GT,TT,CC,TT,CC,TT,TT,GG,AA,TT,CT,AA,CC,GG,GG,GG,GG,GG,CC,TT,CC,AA,GT,AA,GG,CT,TT,CC,AA,GG,AA,AA,GG,CC,TT,AA,AA,GG,AC,AA,GT,AT,AA,TT,TT,CC,GG,TT,GG,AA,GG,CC,AA,AG,CC,TT,GG,TT,TT,GG,GT,GT,CC,AT,GG,AA,AA,CC,GT,AC,TT,CC,AT,TT,GG,TT,CC,NN,CC,CT,CG,GG,AA,TT,NN,CC,AA,AA,AA,NN,GG,TT,CC,TT,AA,AA,TT,CC,GG,CC,GG,CC,GG,TT,AA,CC,CC,AC,CC,AA,TT,CC,AC,CC,CT,AA,TT,AG,AA,GG,CT,CC,GG,AA,AA,AA,CC,GT,CC,CC,AA,AA,GG,TT,GG,AC,NN,NN,GG,CC,TT,TT,CT,CC,AA,GG,TT,AT,TT,CG,CC,AG,TT,CC,CC,CG,AC,AA,GG,AG,CC,TT,CC,GT,TT,GG,TT,AA,AA,TT,CC,GG,AA,AC,CC,GG,NN,CC,GG,TT,CC,AA,CC,GG,AT,AC,AA,TT,GG,TT,AT,AA,GG,GG,AT,CC,TT,GT,AA,GG,AA,CC,AA,TT,CC,TT,AA,AC,TT,GG,AG,CC,AA,AC,TT,TT,GT,NN,TT,AA,CC,AA,GG,CC,CC,GG,CG,GG,AT,AA,CC,TT,GG,CC,CC,AA,AG,CG,AA,CC,AT,AA,CC,CC,AC,TT,AA,GG,AA,AA,AA,AA,AA,AG,AA,AA,TT,GG,AA,GG,AA,AA,TT,AA,AA,GG,GG,GG,TT,AA,AA,GT,TT,TT,GG,NN,GG,GG,AA,1.78,Susceptible,Medium,Premium,Medium
L0114,Coimbatore,Tamil Nadu,Kharif,Red Loamy,Rainfed,650,29.5,68,AA,TT,AG,AG,GG,CC,GT,AT,CC,CC,AA,CT,CG,TT,TT,GG,GG,TT,TT,AA,CC,TT,TT,CC,TT,CC,TT,TT,GG,AC,TT,CC,AA,CC,GG,GG,GG,CC,GG,CC,TT,CT,AA,TT,GG,AG,TT,AT,CC,CC,GT,AA,AA,GG,CC,TT,AA,AA,GG,AA,AA,GT,AT,AG,TT,TT,CC,GG,TT,GG,AA,TT,CC,AA,AG,AA,TT,GG,TT,TT,GG,GG,GT,CC,AA,GG,AG,AT,CC,TT,CC,TT,CC,TT,TT,GG,TT,CC,GT,CC,TT,CC,GG,AA,TT,TT,CC,AA,AG,AA,CC,GG,TT,CG,TT,AA,AC,TT,CC,GG,CC,GG,CT,GT,CT,AA,CC,CC,CC,CC,AA,TT,CC,AA,AC,CC,AG,TT,AA,AA,GG,CT,CC,GG,AA,AG,AA,CC,GG,CC,CC,AA,AA,AA,TT,AG,AA,GT,TT,GG,NN,GT,GT,TT,CG,AA,GT,CT,AA,TT,GG,CC,AA,CC,CC,CC,CG,AC,AA,GG,AA,CC,TT,CC,GT,TT,CC,TT,AA,AA,TT,CC,GG,CC,CC,CC,GG,GG,CC,GG,TT,AA,AA,CC,GG,AA,CC,AA,AA,GG,TT,AT,AT,GG,TT,AT,CC,AA,TT,AA,GG,AA,TT,AA,TT,CC,TT,AC,CC,TT,CG,AG,CC,AG,CC,TT,TT,GG,GG,TT,AA,CC,AA,GG,CC,CC,GG,CC,GG,TT,AA,CG,TT,GG,CC,CG,AA,GG,CC,AA,CC,AA,AA,AC,CC,AC,TT,AA,GG,AA,AC,AA,AA,GG,AA,AA,AA,AT,GG,AA,NN,AA,CC,CC,AA,AA,GG,GG,GG,TT,AA,GG,TT,TT,TT,AA,AT,GG,CG,AC,2.85,Resistant,Low,Standard,Medium
L0115,Coimbatore,Tamil Nadu,Kharif,Red Loamy,Rainfed,650,29.5,68,AA,TT,AG,AG,GG,CC,GG,AT,CC,GG,AT,CC,GG,TT,TT,GG,CG,TT,TT,AA,CC,TT,GG,CC,TT,CC,TT,TT,GG,AA,CT,CT,AA,CC,GG,CC,GG,CG,GT,CC,TT,CC,AA,TT,AG,GG,CT,TT,CC,CC,GG,AA,AA,GG,CT,TT,AA,AA,GG,AC,AG,TT,TT,AA,TT,TT,CC,GG,TT,GG,AG,GG,CC,AG,AG,AC,AT,GG,TT,TT,GG,GG,GT,CC,AA,GG,AA,AA,CC,GT,AC,TT,CC,TT,TT,AG,TT,CC,GG,CC,CC,CC,GG,AA,AT,TT,CG,AA,AG,AC,CC,GG,GT,CC,TT,AA,AA,AT,CG,AG,CC,GG,CC,GT,CT,AA,CC,CC,AC,CC,AA,TT,AC,AA,CC,CC,AA,TT,AA,AA,GG,CC,CC,GG,AA,AG,AA,CC,GG,CC,CC,AA,AA,GG,TT,GG,AA,TT,TT,GG,CC,GT,GT,TT,CC,AA,TT,TT,AT,TT,GG,CC,AG,CC,CC,CC,GG,CC,AA,NN,AA,CC,TT,CG,TT,TT,GG,TT,AA,AG,TT,AC,GG,AA,CC,CC,GG,GG,AC,CC,TT,AA,GG,NN,GG,NN,CC,AA,AA,GT,TT,AT,AT,CG,GT,AA,CC,NN,GT,AA,GG,AA,TT,AC,TT,CC,CT,AA,CC,TT,GG,AG,CC,AG,CC,TT,CT,TT,GG,TT,AC,AC,AA,GG,CC,CC,GG,CC,GG,TT,AA,CG,GT,GG,CC,CC,AT,GG,CG,AT,CC,AA,AA,CC,CC,AC,TT,AA,GG,AA,AA,AA,AC,GG,AA,AA,AA,TT,GG,AA,AA,CC,AA,TT,AA,AA,GG,GG,GG,TT,AT,AA,TT,TT,TT,AG,TT,GG,CG,AA,4.28,Susceptible,Low,Standard,Late
L0116,Coimbatore,Tamil Nadu,Kharif,Red Loamy,Rainfed,650,29.5,68,AA,TT,GG,AG,GG,CC,GG,AT,CC,CG,AT,CT,CC,AT,TT,GT,CG,TT,TT,AA,CG,GT,TT,CT,TT,CC,TT,TT,GG,AA,TT,CC,AA,CC,GG,GG,GG,CC,GG,CC,TT,TT,AA,GT,AA,AG,TT,AT,CG,CC,GT,AA,AA,GG,CT,TT,AA,AC,TT,AA,AA,TT,AT,AA,TT,TT,CC,GG,TT,GG,AA,GG,CC,AA,AG,AC,AT,GG,TT,TT,AG,GG,GG,CC,AT,GG,AG,AA,CC,GG,CC,TT,CT,AT,TT,GG,CT,CC,TT,CT,CT,CG,GG,AA,AT,TT,CC,AA,AG,AA,CC,GT,TT,CG,TT,AA,AA,TT,GG,GG,CC,GG,CC,GG,TT,AG,CC,CC,CC,CC,AA,TT,AC,AA,CC,CT,AA,TT,AA,AA,GG,CC,CC,GG,AA,AA,AA,CC,GG,CC,CC,AA,AA,AG,TT,AG,AA,TT,CT,GG,CC,TT,TT,CT,CG,AT,GT,TT,AT,TT,GG,CC,AA,CT,CC,AC,CG,CC,NN,GG,AG,CC,TT,CC,TT,TT,GG,AT,AA,AA,TT,CC,GG,AC,AC,CC,GG,GG,AA,GG,NN,AA,AG,CC,GT,AA,AC,AA,AT,GG,TT,TT,AT,CG,GG,AA,CC,TT,GT,AA,GG,AA,TT,AA,TT,CC,TT,AA,CC,TT,GG,AA,CC,AG,CC,AT,TT,TT,GG,TT,AA,CC,AA,GG,CC,CC,GG,CC,GG,TT,AA,CC,GT,AG,CC,CC,AT,GG,CC,AA,CC,AT,AA,CC,CG,AC,AT,AA,GG,AT,AA,AA,AA,GG,AA,AA,AA,TT,CG,AA,AA,AC,AA,TT,AA,AA,GG,GG,CG,TT,AA,AA,TT,TT,TT,NN,AT,GG,NN,AA,3.35,Susceptible,High,Standard,Medium
L0117,Coimbatore,Tamil Nadu,Kharif,Red Loamy,Rainfed,650,29.5,68,AC,CT,GG,AG,GG,CC,GG,AA,CC,CG,AA,CC,CG,TT,TT,GT,CG,TT,AT,NN,CC,GT,GT,CC,TT,CC,TT,TT,GG,AA,TT,CC,AA,CC,GG,GG,GG,CC,GG,CC,TT,CT,AA,GT,AA,NN,TT,TT,CC,AC,GT,AA,AA,GG,CC,GG,AA,AA,GT,AA,AA,GT,AT,AG,TT,TT,CC,GG,TT,GG,AA,GT,CC,AA,AG,AA,AA,GG,TT,TT,GG,GG,GG,CC,AA,GG,AA,AT,CC,GG,CC,TT,CT,AT,GT,AG,CT,CC,TT,CC,CT,CC,GG,AG,TT,TT,CC,AA,AG,AA,CT,GG,TT,CC,GT,AC,AA,TT,CC,GG,CC,AG,CC,GG,NN,AA,CC,CC,CC,CG,AA,GT,CC,AA,CC,CC,AA,TT,AA,AA,GG,CC,CC,GG,AA,GG,AT,CC,GG,CC,CC,AA,AA,GG,GT,GG,AA,GG,CC,GG,CC,TT,GG,CT,CC,AT,GT,TT,AA,TT,GG,CC,AG,CT,CC,CC,GG,CC,NN,GG,AA,CC,TT,CC,GT,GT,GG,AA,AA,AA,TT,CC,CG,AA,CC,CC,GG,GG,AC,GG,TT,AC,AA,CC,GT,AA,CC,AA,AA,GT,TT,AT,AA,GG,TT,AT,NN,TT,NN,AA,GG,AA,CT,AA,TT,CC,CT,AA,CC,CT,GG,AG,CC,GG,CC,TT,TT,GT,GG,AT,AA,CC,AA,GG,CC,CG,GG,CC,GG,AT,AA,CC,TT,GG,CC,CC,AA,AG,CG,AT,CC,AA,AA,CC,CG,CC,TT,AA,GG,AA,AA,CC,AA,AG,AG,AA,AA,TT,GG,CC,AA,CC,CC,CT,AA,AA,GG,GG,GG,TT,AT,AG,TT,NN,TT,AG,TT,GG,GG,AA,1.6,Susceptible,Medium,Premium,Medium
L0118,Coimbatore,Tamil Nadu,Kharif,Red Loamy,Rainfed,650,29.5,68,AC,TT,GG,AG,GG,CC,GT,TT,CC,CC,AT,CC,CG,AT,TT,GT,GG,TT,TT,AA,CC,GT,TT,CT,NN,CC,TT,TT,TT,AA,TT,CC,AG,CC,GG,CG,GG,CC,GG,CC,TT,CT,AA,GT,AA,GG,TT,TT,NN,CC,GT,AA,AG,GG,CC,TT,AA,AA,GT,AA,AA,TT,AT,AA,NN,TT,CC,GG,TT,GG,AA,GG,CC,AG,AG,AC,AT,GG,TT,TT,GG,GT,GG,CC,AA,GG,AA,AA,CC,TT,CC,TT,CT,AA,TT,AG,TT,CC,TT,CC,CC,CG,GG,NN,TT,TT,CC,AA,AG,AA,CC,GG,TT,NN,TT,AA,AA,TT,CC,GG,CG,GG,CT,GT,TT,AA,CT,CC,CC,GG,AA,NN,CC,AA,CC,CC,AA,AT,AA,AA,CG,CC,CC,AG,AA,GG,AA,CC,GT,CC,CC,AG,AG,AG,GT,GG,AC,TT,CT,AG,CC,GT,TT,CT,NN,AT,TT,TT,AA,TT,GG,CC,AG,CT,CC,CC,CG,CC,AA,GG,AA,CC,TT,CC,GT,TT,GG,TT,AA,GG,TT,CC,CG,AA,AC,CC,GG,GG,AA,GG,TT,AA,AA,CC,GG,AT,AA,AT,AA,GG,TT,TT,AT,GG,GT,AA,CC,TT,TT,AA,GG,AA,TT,AC,TT,CC,CT,AC,CC,TT,GG,AG,CG,GG,AC,TT,TT,TT,GG,TT,AA,CC,AA,GG,CC,CG,GG,CC,GG,TT,AA,CC,TT,NN,CG,CC,AA,AG,CC,AT,CC,AA,AA,AC,CG,AC,AT,AA,CG,AA,AA,AA,AA,GG,AA,AA,AA,TT,GG,AA,AA,AC,AC,CT,AA,AA,GG,GG,GG,GT,AT,AG,TT,TT,TT,AG,TT,GG,CG,AA,4.72,Susceptible,High,Premium,Medium
L0119,Coimbatore,Tamil Nadu,Kharif,Red Loamy,Rainfed,650,29.5,68,AA,TT,GG,GG,GG,CC,GG,AT,CC,CG,TT,CC,CG,TT,GT,GG,GG,TT,TT,AA,CC,GT,TT,CC,TT,CC,TT,TT,NN,AA,TT,CC,AA,CC,GG,GG,GG,CG,GG,CC,TT,CC,AA,TT,AG,GG,TT,TT,CC,AA,GG,AT,AG,GG,CC,TT,AA,AC,GT,AC,AA,TT,AA,AG,TT,AT,CC,GT,TT,GG,AG,GG,CC,AA,AG,AC,AT,AG,GT,TT,GG,GG,GT,CC,AA,GG,AA,AT,CC,GT,CC,TT,TT,AT,TT,GG,NN,CC,GT,CC,CC,CG,GG,AG,TT,TT,CC,AA,AA,AA,CC,GG,TT,CC,TT,NN,AA,AT,CC,AG,CG,GG,CT,GG,TT,AA,CT,CC,CC,CC,AA,TT,CC,AA,CC,CC,AA,TT,AA,AA,CC,CC,CC,AG,AA,AG,AA,CC,GG,CC,CC,AA,AA,NN,GT,GG,AC,TT,CT,GG,AA,TT,TT,CT,CC,AA,GT,CT,AA,AT,GG,NN,AG,CT,CC,CC,CC,CC,AA,GG,AG,CC,TT,CG,GG,TT,GG,AT,AA,AG,TT,CC,GG,AA,CC,CC,GG,GG,AA,GG,TT,AA,AG,CC,GG,AA,CC,AA,AA,GG,GT,TT,AT,NN,GT,AT,CC,TT,TT,AA,GG,AA,TT,AA,TT,NN,CT,AA,CC,CT,GG,GG,CC,AG,CC,TT,TT,GT,GG,AT,AA,CC,AA,GG,CC,CG,GG,CG,NN,TT,AA,CG,GG,GG,CC,CG,AA,GG,CC,AA,CC,AA,AA,AC,CC,CC,TT,AA,GG,AA,AA,AA,NN,GG,AA,AA,AA,TT,GG,AC,AG,AC,AC,TT,AA,AA,GG,AG,GG,TT,AA,AA,TT,TT,TT,AA,AA,GG,GG,AA,1.71,Susceptible,Medium,Poor,Early
L0120,Coimbatore,Tamil Nadu,Kharif,Red Loamy,Rainfed,650,29.5,68,AC,TT,GG,AG,GG,CC,GG,AT,CG,CC,AA,CC,CC,TT,TT,GT,CG,TT,TT,AA,CC,GT,GT,CT,TT,CC,TT,TT,GG,NN,TT,CC,AG,CC,GG,GG,GT,GG,GG,CC,TT,CT,NN,TT,AA,GG,TT,AT,CC,AC,GT,AA,GG,GG,CC,GT,AA,AC,GT,AA,AA,TT,AT,AG,TT,AT,CT,GG,TT,GG,AA,GT,AC,AA,GG,AC,AA,GG,TT,TT,GG,GG,GG,CC,AA,GG,AA,AT,CG,GT,AC,TT,CC,TT,TT,GG,TT,AC,GT,CC,CC,GG,GG,AG,AT,TT,CC,NN,AG,AA,CC,GG,TT,CG,GT,AA,AA,TT,CG,GG,CC,AG,CC,GG,CT,AA,CC,CC,AC,CC,AA,TT,CC,AA,CC,CC,AA,AT,AA,AA,GG,CC,CC,AG,AA,AG,AA,CC,GT,CC,CC,AA,AA,AG,GT,GG,AC,TT,TT,GG,CC,GG,TT,TT,CC,AA,TT,CT,AA,AT,GG,CC,GG,CC,CC,CC,GG,CC,AA,GG,GG,CC,TT,CC,GT,GT,CG,AT,AA,AG,TT,CC,CG,AA,CC,CG,GG,GG,CC,GG,TT,AA,AA,CC,GG,AT,AC,AA,AT,GG,TT,AT,AA,GG,GG,AT,CG,TT,GT,AA,GG,AA,TT,AA,TT,CC,TT,AA,CC,TT,GG,GG,CC,AG,NN,TT,CT,GT,GG,TT,AA,AC,AA,GG,CC,CC,GG,CC,GG,TT,NN,CC,TT,GG,CC,CC,AA,AG,CG,AA,CC,AA,AA,AC,CG,CC,TT,AA,GG,AA,AC,AA,AA,NN,AA,AA,AA,TT,CC,AC,AG,CC,AA,CT,AA,AA,GG,GG,GG,TT,AT,AA,GT,TT,TT,AG,TT,GG,CG,AA,3.12,Moderate,Low,Premium,Late
L0121,Coimbatore,Tamil Nadu,Kharif,Red Loamy,Rainfed,650,29.5,68,AC,TT,GG,AA,GG,CC,GG,TT,CC,CC,AA,CC,GG,TT,GT,GG,CG,TT,NN,GG,CG,TT,TT,CC,TT,CC,TT,TT,GT,AA,TT,CC,NN,CC,GG,GG,GG,CG,GG,CC,TT,CT,AA,GT,AA,GG,TT,AT,CC,AC,GG,AA,AA,GG,CC,TT,AT,AA,GT,AC,AG,TT,TT,AA,TT,TT,CC,GG,TT,GT,AG,GG,CC,AA,GG,AA,AA,GG,GT,TT,GG,GT,GT,CC,AA,GG,AA,AA,CC,NN,CC,NN,CT,AT,GG,NN,CT,CC,GT,CC,CT,CG,GG,AA,AT,TT,CG,AA,AA,AC,CC,GG,TT,CC,TT,CC,AA,AT,GG,AG,CG,GG,CC,GG,TT,AG,CC,CC,AC,CC,NN,GG,CC,AA,CC,CC,AA,TT,AA,AT,CG,CC,CC,AG,AA,AG,AA,CC,GG,CC,CC,AA,AG,AG,TT,GG,AC,TT,CC,GG,CC,GT,TT,TT,CC,AA,TT,TT,AT,TT,GG,CC,AA,CC,CC,CC,CG,AC,AA,GG,AA,AC,TT,CC,GT,TT,GG,TT,AA,AA,TT,CC,GG,AA,CC,CC,GG,GG,AA,GG,TT,AC,AA,CC,GG,AT,CC,AA,AT,GT,TT,TT,AT,GG,GG,AT,CC,AT,GT,AA,GG,AA,TT,AA,TT,CC,CT,AC,CC,TT,GG,AG,CG,AA,CC,TT,CT,GT,GG,TT,AA,AC,AG,GG,CC,CC,GG,CC,GT,AA,AA,CC,TT,GG,CC,CG,AT,AG,GG,AA,CC,AA,AA,CC,CG,AC,TT,AA,GG,AA,AC,AA,AA,AA,NN,AA,AA,AT,GG,AA,GG,CC,CC,TT,AG,AA,GG,GG,NN,TT,AA,AA,GT,TT,TT,GG,AT,GG,GG,AA,2.98,Susceptible,High,Premium,Early
L0122,Coimbatore,Tamil Nadu,Kharif,Red Loamy,Rainfed,650,29.5,68,AC,TT,GG,AA,GG,CC,GG,AT,CC,CG,AA,CT,CC,AT,TT,GT,CG,TT,TT,AG,CC,TT,GT,CC,TT,CC,TT,TT,GG,AA,TT,CC,AA,CC,GG,CG,GG,CG,GG,CC,TT,CT,AA,TT,AA,AG,TT,TT,CC,CC,GG,AT,NN,GG,CC,GT,AT,AC,GG,AC,AA,NN,TT,AA,TT,AT,CC,GG,TT,GT,AA,GG,CC,AA,AA,AC,AA,GG,TT,TT,GG,GG,GG,CC,NN,GG,AA,AA,CC,GG,CC,TT,CT,TT,TT,GG,TT,CC,GT,CC,CC,CG,GG,AA,TT,TT,CC,AA,AG,AA,CT,GG,TT,CC,TT,AA,AC,TT,CC,AG,CG,GG,CC,GG,CC,AA,CC,CC,CC,CC,AA,TT,CC,AA,CC,CC,AA,TT,AA,AT,CG,CT,CC,GG,AA,AG,AT,AC,NN,CC,CG,AA,AA,GG,TT,GG,AC,GT,CT,GG,CC,GT,GT,TT,CC,AA,TT,CT,AA,TT,CG,CC,AA,TT,CC,CC,GG,CC,AA,AG,AA,CC,TT,CC,GT,NN,GG,AT,AA,AG,TT,CC,GG,AA,CC,CG,GG,GG,AA,CG,TT,AA,AA,CC,GT,AA,CC,AA,AT,GG,GT,AT,AA,GG,GG,AA,NN,TT,TT,AA,GG,AA,CT,AA,TT,CC,CT,AA,CC,CT,GG,GG,CC,AG,AC,TT,CC,GT,GG,TT,AA,AC,AA,GG,CC,CG,GG,CC,GG,AT,AA,CG,TT,GG,CC,NN,AA,GG,CC,AA,CC,AA,AA,AC,CC,AC,AT,AA,GG,AA,AA,CC,AA,AA,NN,AA,AA,AT,GG,AA,AA,AC,AC,TT,AA,AA,GG,GG,GG,TT,AA,AA,GT,TT,TT,AG,TT,GG,GG,AA,3.61,Moderate,Medium,Standard,Early
L0123,Coimbatore,Tamil Nadu,Kharif,Red Loamy,Rainfed,650,29.5,68,AC,TT,GG,AG,GG,CC,GT,AT,CC,CG,AA,CT,CG,AT,TT,GG,GG,TT,TT,AG,CG,TT,TT,CC,NN,CC,TT,TT,GG,AA,TT,CC,AA,CC,AG,CG,GG,CC,GG,CC,TT,TT,AA,GT,AA,GG,TT,AT,CC,AC,GT,AT,AA,GG,CT,TT,AA,AC,GT,AC,AA,TT,AT,AA,TT,AT,CC,GG,TT,GG,AA,GG,CC,AA,GG,AA,TT,NN,TT,TT,GG,GG,TT,CC,AT,GG,AA,AA,CC,TT,AC,TT,CT,AT,TT,GG,TT,NN,TT,CC,CT,GG,GG,AA,TT,TT,CG,AA,AA,AA,CC,GG,TT,CC,TT,AA,AA,TT,CG,GG,CC,GG,CC,GG,CT,AG,CC,CC,CC,CG,AA,TT,NN,AA,CC,CT,AA,AT,AA,AT,GG,CC,CC,GG,AG,AA,AA,CC,GT,CG,CC,AA,AG,GG,TT,GG,AA,TT,CT,GG,CC,GT,TT,TT,CC,AT,TT,NN,AA,AT,GG,CC,AG,CT,CC,AC,GG,CC,AA,GG,AG,CC,TT,CC,GT,TT,CG,AT,AA,AA,TT,CC,GG,AA,AC,CC,GG,GG,AA,GG,TT,AA,AA,CC,GG,NN,CC,AA,AA,GG,TT,AT,AA,CG,GT,AA,CG,TT,GT,AA,GG,AA,CT,AC,TT,CC,CT,AC,CC,TT,GG,AA,CC,AA,CC,TT,CC,GT,GG,TT,AA,CC,AA,GG,CC,CG,GG,CC,GG,AT,AG,CG,TT,GG,CC,CC,AA,GG,CG,AT,CC,AA,AA,AC,CC,AA,TT,AA,GG,AA,AA,AA,AA,AG,AG,AA,AA,AT,GG,AA,AA,AA,AA,CT,AA,AA,GG,GG,GG,TT,AA,AA,TT,TT,TT,AA,TT,GG,CG,AA,3.3,Moderate,Low,Standard,Early
L0124,Coimbatore,Tamil Nadu,Kharif,Red Loamy,Rainfed,650,29.5,68,AC,TT,GG,AG,GG,CC,TT,AT,CC,CC,AA,CC,CC,TT,TT,GT,GG,TT,TT,AA,CC,GT,GT,CC,TT,CC,TT,TT,GG,AA,CT,CC,AA,CC,GG,GG,GG,GG,GG,CC,TT,CT,AA,GT,AA,AG,TT,TT,CC,AA,GT,AT,AA,GG,CT,TT,AA,AC,GT,AA,AA,TT,TT,AG,TT,AT,CC,GG,CT,GT,AA,GG,AC,AA,GG,AC,AT,GG,TT,TT,GG,GT,GG,CC,AA,GG,AA,AA,CC,TT,CC,TT,CT,TT,GT,GG,TT,CC,TT,CC,CT,GG,AG,AA,TT,TT,CG,AA,AA,AA,CC,GG,TT,CC,TT,AA,AA,TT,CC,AG,CC,GG,CT,GG,CT,AG,CC,CC,CC,CC,AA,GT,CC,AA,CC,CC,AG,TT,AA,AT,GG,CC,CC,GG,AA,AA,AA,AC,GT,CG,CC,AG,AA,GG,GT,GG,NN,TT,CT,GG,AC,GT,TT,TT,CC,AA,TT,TT,AT,TT,GG,CC,AG,CC,AC,CC,GG,CC,AA,GG,GG,CC,GT,CC,GT,TT,CG,TT,AA,AA,TT,CC,GG,AC,CC,CC,GG,AG,AC,GG,TT,AC,AA,CC,GG,AT,CC,AA,AA,GG,TT,TT,AT,CG,GT,AT,CC,AT,TT,AA,GG,AA,TT,AA,TT,CC,TT,AC,CC,TT,GG,AG,CG,AA,CC,TT,CT,TT,GG,TT,AA,AC,GG,GG,CC,CG,GG,CG,GG,AA,AA,CG,TT,AG,CG,GG,AA,GG,CC,AT,CC,AA,AA,AC,CC,CC,AT,AA,GG,AT,AA,CC,AA,GG,GG,AA,AA,TT,CG,AC,AA,AC,AA,CT,AA,AA,GG,GG,GG,TT,AA,AG,GT,TT,TT,AA,TT,GG,CG,AA,4.0,Susceptible,Low,Poor,Late
L0125,Coimbatore,Tamil Nadu,Kharif,Red Loamy,Rainfed,650,29.5,68,AC,CT,AG,AG,GG,CG,GG,AT,CC,CC,AA,CC,CG,TT,TT,GG,GG,TT,AT,AG,GG,TT,GT,TT,TT,CC,TT,AT,GT,AA,TT,CC,AA,CC,GG,GG,GG,CC,GG,CC,TT,CT,AA,GT,AG,GG,TT,AT,CC,AC,GT,AA,AA,GG,CT,GT,AA,AA,GT,NN,AA,TT,AT,GG,TT,AA,CC,GG,TT,GG,AG,GT,CC,AA,AG,AC,AA,GG,GT,TT,GG,GG,GG,CC,AT,GG,AG,AA,CC,GG,CC,GT,CT,TT,GT,GG,TT,CC,TT,CC,CC,CG,AG,AA,TT,TT,CC,AA,AG,AA,CT,GG,TT,CC,TT,AC,AA,TT,CC,GG,CC,AG,CT,TT,TT,AG,CT,CC,CC,CC,AA,TT,CC,AA,CC,CC,AA,TT,AA,AT,GG,CC,CC,AG,AG,AG,AA,CC,GT,CC,CC,AA,AG,AG,TT,GG,AA,TT,CT,GG,AC,TT,TT,TT,CC,AA,GT,TT,AT,TT,GG,CC,AA,TT,AC,CC,GG,CC,AA,GG,AA,CC,TT,CC,GT,TT,CG,TT,AA,AA,TT,CC,GG,AA,AC,CG,GG,GG,AA,GG,CT,AC,AA,CC,GG,AT,AC,AT,AA,GG,TT,AT,AT,GG,GT,AT,CG,AT,TT,AA,NN,AA,TT,AA,TT,CC,TT,CC,CC,TT,CC,AA,CC,AG,CC,TT,CT,GG,GG,TT,AA,AC,AA,GG,CC,CG,GG,CC,GG,AT,AA,GG,GT,GG,CC,CC,AA,AG,CC,AT,CC,AA,AA,AC,CC,CC,TT,AA,CG,AA,AA,AA,AA,AG,AA,AG,AA,TT,GG,AA,AG,CC,AA,CT,NN,AA,GG,GG,GG,TT,AA,AA,TT,TT,TT,AG,AA,GG,GG,AA,2.99,Moderate,High,Standard,Late
L0126,Coimbatore,Tamil Nadu,Kharif,Red Loamy,Rainfed,650,29.5,68,CC,TT,AG,AG,GG,CC,GT,TT,CC,GG,AA,CC,GG,TT,GT,GG,CG,TT,TT,AA,CC,TT,GT,CC,TT,CC,TT,TT,GG,AC,TT,CC,AA,CC,GG,GG,GG,CG,GG,CC,TT,TT,AA,TT,AG,GG,TT,TT,CC,AC,GG,AA,AG,GG,CC,TT,AA,AA,GG,AA,AA,GT,TT,AA,TT,AT,CC,GG,TT,GG,AA,GG,CC,AA,GG,AC,AT,GG,TT,TT,AG,GG,GT,AC,AA,GG,AA,AA,CG,GT,CC,TT,CC,AT,TT,AG,CT,CC,TT,CC,CC,CC,GG,AA,TT,TT,CC,AA,AA,AA,CC,GG,TT,CC,TT,AA,CC,TT,CC,AG,CC,GG,CC,GG,TT,AA,CC,CC,CC,CG,AA,GT,CC,AA,CC,CC,AA,AT,AA,AA,GG,CC,CC,GG,AA,AG,AA,CC,GG,CC,CC,AA,AA,GG,TT,AG,AC,GT,TT,GG,CC,TT,GT,TT,CG,AA,GT,TT,AT,TT,GG,CC,AA,CC,CC,CC,GG,CC,AA,GG,AA,CC,TT,CC,GT,TT,GG,TT,AA,AG,TT,CC,CG,AA,CC,CC,GG,GG,CC,GG,TT,AA,AG,CC,GG,AT,CC,AA,AA,GG,TT,TT,AA,GG,GG,AT,CG,AT,GT,AA,GG,AG,CC,AC,TT,CC,TT,AC,CC,TT,GG,AA,CC,AA,CC,TT,TT,GT,GG,TT,AA,CC,AA,NN,CC,CC,GG,CG,GG,AT,AA,CC,TT,AG,CC,CG,AA,AG,CC,AT,CG,AA,AA,CC,CC,AC,TT,AA,GG,AA,AA,AC,AA,GG,AA,AA,AA,TT,CG,AA,AA,CC,AA,TT,AA,AA,GG,AG,GG,TT,AT,AA,TT,TT,TT,AG,AT,CG,GG,AA,5.68,Susceptible,Medium,Premium,Medium
L0127,Coimbatore,Tamil Nadu,Kharif,Red Loamy,Rainfed,650,29.5,68,AC,TT,GG,AA,CG,CG,GG,TT,CC,CC,AA,CC,CG,TT,TT,TT,GG,TT,TT,AA,CC,GT,GT,CC,TT,CC,GG,TT,GG,AC,TT,CC,AA,CC,GG,GG,GG,CC,GG,CC,TT,TT,AA,TT,AG,GG,TT,AA,CC,AC,GG,AT,AA,GG,CT,TT,AA,AC,GG,AC,AA,TT,NN,GG,TT,AT,CC,GG,TT,GG,AG,GT,AC,AA,GG,AA,AA,GG,TT,TT,GG,GG,GG,CC,AT,GG,AA,AA,NN,TT,CC,TT,CC,TT,GT,GG,CT,CC,TT,CC,CT,CG,AG,AA,AT,TT,CC,AA,AA,AA,CC,GG,TT,CC,TT,AA,AC,TT,CC,AG,CC,GG,CC,TT,NN,AG,CC,CC,CC,CC,AA,TT,CC,AA,CC,CC,AA,TT,AA,AT,CG,CC,CC,GG,AG,AG,AA,AC,GT,CC,CC,AA,AA,GG,GG,AG,AC,NN,TT,AG,CC,TT,GT,CT,CG,AT,TT,TT,AT,TT,GG,CC,AA,CC,CC,CC,GG,CC,AA,GG,AA,CC,TT,CC,GT,GT,GG,AT,AA,AG,TT,CC,CG,AA,CC,CC,GG,GG,AA,CG,TT,AC,AA,CC,GG,AT,AC,AA,AT,GG,TT,TT,AA,GG,GT,AA,CC,AT,GG,AA,GG,AA,TT,AC,TT,CC,TT,AC,CC,CT,GG,AG,CC,AA,AC,TT,CT,GT,GG,TT,AA,AC,AA,GG,CC,CC,GG,CC,GG,TT,AA,CG,TT,AG,NN,CC,AT,GG,CG,AT,CG,AA,AA,CC,CC,AC,AT,AA,GG,AA,AA,AC,AA,AA,AA,AA,AA,TT,GG,AC,AG,AC,AA,CT,AA,AA,GG,GG,GG,TT,AT,AA,GT,TT,TT,AA,TT,GG,GG,AC,2.61,Moderate,Low,Premium,Late
L0128,Coimbatore,Tamil Nadu,Kharif,Red Loamy,Rainfed,650,29.5,68,AC,TT,GG,AG,GG,CC,GG,TT,CC,CC,AA,CC,CC,TT,TT,GG,GG,TT,TT,AA,CC,TT,TT,CT,TT,CC,GT,AT,GT,AA,TT,CC,AA,CC,GG,GG,GG,CG,GG,CC,TT,TT,AA,TT,AA,GG,CT,AT,CC,AA,GG,NN,AA,GG,CC,GT,AA,AA,GG,AA,AA,GT,AT,AA,TT,AT,CC,GG,TT,GT,AA,GG,CC,AA,GG,AA,AT,AG,GT,TT,GG,TT,GG,CC,AA,GG,AA,AA,CG,GT,CC,TT,CC,TT,TT,GG,TT,AC,GT,NN,CT,CC,AG,AA,TT,TT,CC,AA,AA,AA,NN,GG,GG,CG,TT,AA,AA,TT,CC,GG,CC,GG,CC,GG,TT,AG,CT,CC,CC,CC,AA,TT,AC,AA,CC,CC,AA,TT,AA,AA,GG,CC,CC,GG,AA,AA,AA,AC,GG,CC,CG,AA,AA,GG,TT,GG,AA,TT,TT,GG,AC,TT,GT,TT,CC,AT,TT,NN,AT,AT,GG,CC,AA,CT,AC,CC,GG,CC,AA,GG,AG,CC,TT,CC,GG,GT,GG,TT,AA,AA,GT,CC,GG,AA,AC,CC,GG,GG,AA,GG,TT,CC,AA,CG,GG,AA,AC,AA,AA,GG,TT,AT,AA,CG,GT,AT,CC,AT,TT,AA,GG,AA,NN,AA,TT,CC,CT,AC,CC,TT,NN,AG,CC,AG,AC,TT,TT,TT,GG,TT,AA,CC,AA,GG,CG,CC,GG,CC,GG,TT,AG,CC,TT,GG,CC,CG,AA,AG,CC,AT,CC,AA,AA,CC,CG,NN,AT,AA,GG,AA,AA,CC,AA,AG,AA,AA,AA,TT,GG,AC,AG,CC,AA,TT,AG,AA,GG,GG,GG,TT,AA,AA,TT,TT,TT,AG,TT,GG,GG,AA,1.94,Moderate,High,Premium,Medium
L0129,Coimbatore,Tamil Nadu,Kharif,Red Loamy,Rainfed,650,29.5,68,AC,CT,GG,AG,GG,CC,GG,AT,CC,CG,AA,CC,CG,AT,TT,GT,CG,TT,TT,AA,CC,GG,TT,CC,AT,CC,GT,AT,GT,AA,TT,CC,AA,CC,GG,GG,GG,CC,GG,CC,TT,TT,AA,TT,AA,AG,TT,AT,CC,AC,GG,AA,AG,GG,CT,GG,AA,AA,TT,AA,AG,TT,AT,AG,TT,TT,CT,GG,TT,GT,AG,GT,CC,AA,GG,AA,AT,GG,TT,TT,GG,GG,GT,NN,AA,GG,AA,AA,CC,TT,AC,TT,CT,TT,TT,GG,TT,CC,TT,CC,CC,GG,NN,AA,TT,TT,CG,AA,AG,AA,CT,GG,GT,CC,TT,AC,NN,TT,CC,AG,CG,GG,CT,GT,TT,AA,CC,CC,CC,CC,AA,TT,CC,AA,CC,CC,AA,TT,AA,AA,GG,CC,CC,GG,AA,GG,AA,CC,GT,CC,CC,AA,NN,GG,TT,GG,AA,GT,CT,AG,CC,GT,TT,TT,CC,AT,TT,CT,AA,AA,GG,CC,AG,CC,CC,CC,GG,AC,AA,GG,AG,AC,TT,CC,GG,TT,CG,AT,AA,AG,TT,CC,GG,AA,CC,CC,GG,GG,AC,GG,TT,AA,AG,CC,GG,AT,CC,AA,AA,GT,TT,AT,AT,CG,GG,AA,CC,TT,GT,AA,GG,AA,TT,AA,TT,CC,CT,AA,CC,TT,GG,AG,CC,AA,AC,TT,TT,TT,GG,AT,AA,NN,AG,GG,CC,CC,GG,CC,GG,TT,AA,CC,TT,GG,CC,CC,AA,GG,CC,AA,CG,AA,AA,AC,CC,NN,TT,AA,GG,AT,AA,AA,AA,GG,AG,AA,AA,TT,GG,AC,AG,AC,AC,TT,AA,AA,GG,GG,GG,TT,AA,AA,GT,TT,TT,AA,TT,GG,GG,AA,1.33,Susceptible,Low,Poor,Medium
L0130,Coimbatore,Tamil Nadu,Kharif,Red Loamy,Rainfed,650,29.5,68,AC,CT,AG,AG,GG,CC,TT,AT,CC,CC,AA,CC,CC,TT,TT,GG,GG,TT,TT,AA,CC,TT,GG,CT,TT,CC,GT,AT,GG,AA,TT,CC,AA,CC,GG,GG,GG,CC,GG,CC,TT,TT,AA,TT,GG,AG,CT,TT,CC,AA,GT,AA,AG,GG,CC,GG,AT,AA,GG,AA,AA,GT,AT,AA,TT,TT,CC,GG,TT,GG,AG,GG,CC,AA,AA,CC,AT,AG,TT,TT,GG,GG,GG,CC,AT,GG,AA,AA,CC,GT,CC,TT,CC,TT,TT,GG,CT,CC,TT,CC,CC,CG,AG,AA,AT,TT,CC,AA,AG,AA,CT,GG,NN,CG,GT,AA,AA,TT,CC,GG,CC,GG,CC,TT,CT,AA,CT,CG,AC,CC,AA,TT,CC,AA,CC,CT,AA,TT,AA,AA,GG,CC,CC,GG,AG,AA,AA,CC,GG,CC,CG,AG,AA,GG,TT,GG,AC,TT,CT,GG,CC,GT,TT,TT,CC,AA,GT,TT,AA,TT,GG,CC,AG,CT,CC,CC,GG,CC,AA,GG,AG,CC,TT,CC,GT,TT,GG,AT,AA,AA,TT,CC,GG,AA,NN,NN,GG,GG,AC,GG,TT,AC,AA,CC,GG,AA,CC,AA,AT,GG,GT,TT,AA,GG,GG,AT,CC,AT,GT,NN,GG,AA,TT,AC,TT,CC,TT,CC,CC,TT,GG,AG,CC,AG,CC,TT,TT,GT,GG,TT,AA,CC,AG,GT,CC,CG,GG,CC,GG,TT,AG,CC,GT,GG,CC,CC,AA,AG,CC,AA,CC,AA,AA,AC,CG,AC,TT,AA,GG,AA,AA,AC,NN,AA,GG,AG,AA,TT,GG,AC,AG,AC,NN,TT,AA,AA,GG,GG,GG,TT,AA,AA,TT,TT,AT,AG,TT,GG,GG,AA,3.52,Susceptible,High,Standard,Medium
L0131,Coimbatore,Tamil Nadu,Kharif,Red Loamy,Rainfed,650,29.5,68,AA,TT,GG,AG,GG,CC,GG,AT,NN,CG,AA,CT,CG,AT,TT,GG,CG,TT,TT,AA,CC,GT,GT,CC,TT,CC,TT,TT,GG,AA,TT,CT,AA,CC,GG,CG,GG,CC,GG,CC,TT,TT,AA,TT,AA,AG,TT,AT,CC,CC,GG,AA,AG,GG,CC,GT,AA,AC,GT,AA,AA,TT,TT,AA,TT,AT,CC,GG,CT,GG,AA,GG,CC,AA,GG,CC,AA,GG,TT,TT,GG,GG,GG,CC,AA,GG,AA,AA,CC,TT,AC,TT,CT,TT,TT,GG,TT,CC,TT,CT,CT,CG,AG,AA,TT,GT,CC,AA,AA,AA,CC,GG,TT,CC,TT,AA,AA,TT,CG,GG,CG,GG,CC,GT,TT,AA,CC,CC,CC,CC,AG,TT,CC,AC,CC,CC,AA,TT,AA,AA,GG,CC,CC,GG,AG,AA,AA,CC,TT,CC,CC,AA,NN,GG,TT,AG,AA,TT,TT,GG,CC,GT,TT,TT,GG,AA,TT,TT,AA,AT,GG,CC,AG,CT,CC,CC,CG,AC,AA,GG,AA,NN,TT,CG,TT,TT,GG,AT,AA,AA,TT,CC,GG,AA,AC,CC,GG,GG,AA,GG,TT,AC,AG,CC,GG,AT,CC,AA,AA,GG,TT,AT,NN,GG,GG,AA,CC,AT,GT,AA,GG,AA,TT,AA,TT,CC,TT,AA,CC,CT,CG,AG,CG,AG,CC,TT,CT,GT,GG,TT,AC,AC,AG,GG,CC,CC,GG,CC,GG,TT,AG,CC,GT,GG,CC,CG,AA,AG,CC,AT,CC,AA,AA,CC,CC,NN,TT,AA,GG,AA,AA,AA,AA,AA,AG,AG,AA,TT,GG,AA,AA,AA,AA,CT,AA,AG,CG,GG,CG,TT,AA,NN,TT,NN,TT,AA,AT,GG,GG,AC,4.45,Moderate,Medium,Standard,Late
L0132,Coimbatore,Tamil Nadu,Kharif,Red Loamy,Rainfed,650,29.5,68,AC,TT,GG,AA,GG,CC,GT,AT,CC,CG,AA,CT,CC,AT,TT,GG,GG,TT,AT,AG,CC,TT,GT,CC,TT,CC,TT,TT,NN,AA,TT,CC,AA,CC,AG,GG,GG,CG,GG,CC,TT,CT,AA,TT,AG,AG,TT,TT,CG,AC,GG,AA,AG,GG,NN,TT,AA,AA,GG,AA,AA,TT,NN,AA,TT,AT,CC,NN,TT,GG,AA,GG,CC,AA,GG,AA,TT,GG,GT,TT,GG,GG,GT,CC,AA,GG,AA,AA,CC,GT,CC,TT,CC,TT,TT,GG,TT,CC,GG,CC,CC,CC,AG,AA,TT,TT,CC,AA,AG,AC,CC,GG,TT,CG,TT,AA,AA,TT,CC,GG,CC,GG,CC,GG,TT,NN,CC,CC,CC,CC,AA,GT,CC,AA,CC,CC,AA,TT,AA,AT,CG,CC,CC,GG,AA,AA,AA,AC,GG,CC,CC,AA,AA,AG,TT,GG,AC,TT,TT,AG,CC,TT,TT,TT,CG,AT,TT,TT,AA,TT,GG,CC,AA,CC,CC,CC,CC,AC,AA,GG,GG,CC,TT,CC,GT,GT,GG,AA,AA,AA,TT,CC,GG,AA,CC,CC,CG,GG,AC,GG,CT,AA,AA,CC,GG,AA,CC,AT,TT,GT,TT,AT,AT,CG,GT,AA,CC,AT,GG,AA,GG,AA,CC,AA,TT,CC,TT,AA,CC,TT,GG,AA,CC,AG,AC,TT,TT,GT,GG,TT,AA,CC,AA,GG,CC,CC,GG,CC,GG,TT,AA,CC,TT,GG,CC,CC,AA,GG,CG,AA,CC,AA,NN,AA,CG,AC,AT,AA,CG,AA,AA,AC,AA,GG,AA,AG,AA,AT,GG,AA,AG,AC,AA,CT,AA,AG,CG,GG,GG,TT,AA,NN,GT,TT,TT,AA,TT,GG,GG,AA,3.63,Susceptible,Medium,Standard,Early
L0133,Coimbatore,Tamil Nadu,Kharif,Red Loamy,Rainfed,650,29.5,68,NN,TT,GG,AG,GG,CG,GG,AT,CC,CG,AA,CC,CG,TT,GT,NN,GG,TT,TT,AG,CC,TT,GT,CC,TT,CT,TT,AT,GT,AA,TT,CC,AA,CC,NN,GG,GG,CC,GG,AC,TT,CT,AC,TT,AA,AG,TT,TT,CC,AC,GG,AT,AA,GG,CC,GT,AT,AA,GG,AA,AA,TT,AT,AA,TT,TT,CC,GG,TT,GT,AA,GG,CC,AA,GG,AC,AT,GG,GT,TT,GG,GG,GG,CC,AA,GG,AA,AA,CC,TT,CC,TT,CT,TT,TT,AG,TT,CC,TT,CT,CT,CC,AG,AA,AT,GT,GG,AA,AG,AA,CC,GG,GT,CG,TT,AA,AC,AT,CC,GG,CC,GG,CC,GG,CT,AA,CC,CC,NN,NN,AA,TT,CC,AA,CC,CC,AA,TT,AA,AA,GG,CC,CC,AA,AA,GG,AT,CC,GT,CC,CC,AG,AA,GG,GT,GG,AC,TT,CT,GG,AC,GG,GT,TT,CC,AA,TT,TT,AA,AT,CG,CC,AA,CC,CC,CC,GG,CC,AA,GG,AG,CC,TT,GG,GT,TT,GG,AT,AA,AA,TT,CC,GG,AC,AC,CG,GG,AG,AC,GG,TT,CC,AA,CC,GG,AA,NN,AA,AT,GT,TT,AT,AT,GG,GT,AA,CG,AT,GT,AA,GG,AA,CT,AA,TT,CC,TT,AA,CC,CT,GG,GG,NN,AA,CC,TT,CT,TT,GG,NN,AA,AC,AG,GG,CC,CC,GG,CC,GG,TT,AA,CC,GT,GG,CG,CG,AA,GG,CC,AA,CC,AA,AA,CC,CG,CC,NN,AA,GG,AT,AC,AC,AA,GG,AA,AA,AG,TT,GG,AC,AA,AC,AA,CT,AA,AA,GG,GG,GG,TT,AT,AG,TT,TT,TT,AA,TT,GG,CG,AA,3.01,Moderate,Low,Poor,Early
L0134,Coimbatore,Tamil Nadu,Kharif,Red Loamy,Rainfed,650,29.5,68,CC,CT,AG,AG,GG,CC,GT,TT,CC,CG,AA,CT,CC,TT,TT,GT,GG,TT,TT,AA,CC,TT,TT,CC,AT,CC,TT,TT,GG,AA,CT,CC,AA,CC,GG,CC,GG,CG,GG,CC,TT,TT,AA,TT,AG,AG,CT,TT,CC,AC,GG,AA,NN,GG,CC,TT,AA,AC,GT,CC,AG,GT,AT,AA,TT,AT,CC,GG,TT,GG,GG,GG,CC,AA,GG,AC,AA,GG,TT,TT,GG,GG,GT,CC,AA,GG,GG,AT,CC,GT,NN,TT,CC,TT,TT,GG,TT,CC,GT,CT,CC,CC,AG,AG,AT,GT,CC,AA,AA,AA,CT,GG,GT,CG,TT,AC,AA,TT,CC,AG,CC,GG,CT,GG,TT,AA,CC,CC,CC,CC,AA,TT,NN,AA,CC,CC,AA,TT,AG,NN,GG,CC,CC,GG,AA,AG,AA,AC,GT,CC,CC,AA,AG,GG,TT,GG,CC,TT,CT,NN,CC,TT,TT,CC,CC,AA,TT,TT,AA,TT,GG,CC,AG,CT,CC,NN,GG,CC,AA,GG,AG,CC,TT,CC,GT,TT,GG,TT,NN,AA,GT,NN,GG,AA,CC,CC,GG,GG,AA,GG,TT,AA,AG,CC,GT,AT,CC,AA,AA,GG,GT,AT,AT,CG,GT,AT,CC,TT,TT,AA,GG,AG,CT,AA,TT,CG,TT,AA,CC,TT,GG,AA,CC,AA,CC,TT,TT,TT,GG,TT,AA,CC,AA,GG,CC,CC,GG,CC,GG,AT,AA,CC,TT,GG,CC,CC,AA,GG,CC,AA,CC,AA,AG,AC,CG,CC,TT,AA,CG,AA,AA,AC,AC,AG,AA,GG,AA,TT,GG,AA,AA,AC,AA,TT,AA,AA,GG,GG,GG,TT,AA,AA,TT,TT,TT,AA,AT,GG,GG,AA,4.89,Susceptible,Medium,Standard,Medium
L0135,Coimbatore,Tamil Nadu,Kharif,Red Loamy,Rainfed,650,29.5,68,NN,TT,GG,GG,NN,CC,GG,AT,CC,NN,AA,CC,CC,AT,TT,GG,GG,TT,TT,AG,CC,TT,TT,CT,TT,CC,GT,TT,GT,AA,TT,CC,AA,CC,GG,GG,GG,CG,GG,CC,GT,CT,AA,TT,AG,AG,TT,AT,CC,CC,GG,AA,AA,GG,CT,TT,AA,AA,TT,CC,AA,TT,AT,AA,CT,AT,CC,GG,TT,GT,AG,GG,CC,AA,GG,AA,AT,GG,TT,TT,GG,GT,GT,CC,AA,GG,AA,AT,CC,GT,CC,TT,CC,AT,TT,GG,CT,CC,GG,CC,CT,CC,GG,AA,AT,TT,CG,AG,AG,AA,CT,GG,TT,CC,TT,AA,AA,AT,CC,NN,CG,GG,CC,GT,TT,AG,CC,CC,CC,CC,AA,TT,AC,NN,CC,CC,AA,TT,AG,AT,GG,CC,CC,GG,AA,AG,AA,CC,GG,CG,CC,AA,AA,GG,TT,AG,AA,GT,CT,GG,AA,TT,TT,TT,CG,AA,TT,TT,AA,TT,GG,CG,AA,CC,CC,CC,CG,CC,AA,GG,AA,CC,TT,CC,TT,GT,GG,TT,AG,AA,TT,CC,GG,AC,AC,CC,GG,GG,AC,GG,TT,AA,AA,CC,GG,AT,AC,AA,AA,GG,TT,TT,AT,CG,GG,AA,CC,TT,TT,AA,GG,AA,TT,AA,TT,CC,TT,AA,AC,CT,GG,AA,CG,AG,CC,TT,CT,GG,GG,TT,AA,CC,AG,GT,CC,CC,GG,CC,GG,AT,AA,CC,GT,GG,CC,CC,AA,AG,GG,AA,CC,AA,AA,CC,CC,CC,TT,AA,GG,AA,AA,AC,AA,AA,AG,AA,AA,AT,GG,AA,AA,AC,AA,CC,AA,AG,GG,GG,GG,TT,AT,AG,TT,TT,TT,AG,AT,GG,NN,AA,2.57,Moderate,Low,Poor,Medium
L0136,Coimbatore,Tamil Nadu,Kharif,Red Loamy,Rainfed,650,29.5,68,AC,TT,GG,AG,GG,CC,TT,TT,CC,CG,AA,CC,NN,TT,GT,GG,CG,TT,TT,AA,CC,GT,TT,CC,AT,CC,GT,AT,GG,AA,TT,CC,AG,CC,AG,CG,GG,GG,GG,AC,TT,TT,AC,TT,AA,GG,CT,AA,CC,AC,GT,AA,AG,GG,CC,TT,AA,AA,GT,AA,AA,TT,TT,AG,TT,TT,CC,GG,TT,GG,GG,GG,CC,AG,GG,AC,AT,GG,GT,TT,GG,TT,GG,CC,AA,GG,AA,AA,CC,GT,CC,TT,CT,TT,GT,GG,CT,AC,NN,CC,CC,CC,AG,AG,TT,TT,CG,AA,AG,AA,CC,GG,TT,CC,TT,AA,AA,TT,CC,AG,CG,GG,CC,GG,CT,AG,CT,CC,CC,CC,AG,TT,CC,AA,CC,CC,AA,TT,AA,AA,GG,CT,NN,GG,AA,AA,AA,CC,GT,CC,CC,AG,AG,AG,GT,GG,AA,TT,CT,GG,CC,TT,GG,TT,CC,AA,TT,CT,AT,NN,CG,CC,AA,CC,CC,CC,CG,AC,AT,GG,AA,CC,TT,CC,GT,TT,CG,TT,AA,AA,TT,CC,GG,AC,CC,CC,GG,AG,AC,GG,TT,AC,AA,CC,GG,AA,CC,AA,TT,GT,TT,AT,AT,GG,TT,AA,CC,TT,TT,AA,GG,AA,CT,AA,TT,CC,TT,AA,CC,TT,GG,AA,CC,AA,AC,TT,TT,TT,GG,TT,AC,CC,AG,GT,CC,GG,GG,CC,GG,TT,AA,CG,TT,AG,CC,CC,AT,GG,CG,AT,CC,AA,AA,AC,GG,AC,TT,AA,GG,AA,AC,AC,AC,AG,AG,AA,AA,TT,CG,AA,AG,AA,AA,CT,AG,AG,GG,GG,GG,GT,AA,AA,GT,AT,TT,AG,TT,GG,GG,AC,3.66,Resistant,Low,Premium,Medium
L0137,Coimbatore,Tamil Nadu,Kharif,Red Loamy,Rainfed,650,29.5,68,CC,TT,GG,AA,GG,CC,GT,TT,CC,CC,AA,CC,CC,TT,TT,GG,GG,TT,TT,AA,CG,GT,NN,CC,TT,CC,TT,AT,GT,AA,CT,CT,AA,CC,GG,GG,GG,CC,GG,CC,TT,CT,AA,TT,AG,AG,TT,TT,CC,CC,TT,AT,AA,NN,CT,TT,AA,AA,GT,AC,AA,TT,AT,AG,TT,AT,CC,GG,TT,GG,AA,GG,CC,AA,GG,CC,AT,GG,TT,TT,GG,GT,GG,CC,AA,GG,AA,AT,CC,GT,CC,TT,CC,TT,TT,AG,TT,CC,GT,CC,CC,CG,AG,AA,TT,TT,CC,AA,AA,AA,CC,GG,TT,CC,GT,AC,AA,TT,CC,AA,CG,AG,CC,TT,TT,AA,CC,CC,CC,NN,AA,TT,CC,AA,CC,CC,AA,TT,AA,TT,GG,CC,CC,GG,AG,AA,AA,CC,GT,CC,CC,AA,GG,AG,TT,AG,AC,GT,CC,GG,CC,TT,TT,TT,CC,AT,TT,TT,AT,TT,GG,CC,AA,CT,AC,CC,GG,CC,AA,GG,AG,CC,TT,CC,GG,TT,GG,AA,AA,AA,TT,CC,GG,CC,CC,CC,GG,GG,CC,GG,TT,AA,AA,CC,GG,AT,CC,AA,AT,GG,TT,AT,AA,GG,TT,AT,CC,AT,TT,AT,GG,AA,TT,AA,TT,NN,TT,AA,CC,CT,GG,AG,CC,GG,AC,TT,CT,TT,GG,AT,AC,AA,AA,GG,CC,CG,GG,CC,GG,AT,AA,CG,TT,GG,CG,CC,AA,GG,CC,AT,CC,AA,AA,AC,CG,CC,TT,AA,GG,AA,AC,CC,AA,AA,GG,AA,AA,AT,GG,AC,AA,AA,AC,CC,AG,AG,GG,GG,NN,GT,AA,AG,TT,TT,TT,AA,TT,GG,GG,AA,3.01,Susceptible,Medium,Standard,Late
L0138,Coimbatore,Tamil Nadu,Kharif,Red Loamy,Rainfed,650,29.5,68,AC,TT,GG,AG,GG,CC,NN,TT,CC,CC,AA,CC,CC,AT,GT,GG,GG,TT,TT,AA,CC,TT,TT,CT,TT,CC,GT,TT,GG,AA,TT,CC,AA,CC,GG,CG,GG,CG,GG,CC,TT,CC,AA,TT,AA,GG,TT,AT,CC,AC,GG,AT,AA,GG,CC,TT,AA,AA,GT,AA,AA,TT,TT,AA,TT,AT,CC,GG,CT,GG,AG,GG,CC,AA,AA,AA,AA,GG,TT,TT,GG,GT,GG,NN,AA,GG,AA,AA,CC,GT,AC,TT,CC,TT,TT,AG,CT,CC,TT,CC,CC,CC,AG,AA,AT,TT,CC,AA,AG,AC,CC,GG,TT,CC,TT,AA,AC,TT,CG,GG,CG,GG,CC,GT,CC,AA,CC,CC,AC,CC,AA,TT,AC,AA,CC,CC,AA,AT,AA,AA,GG,CC,CC,GG,AA,AA,AA,AC,GG,CC,CC,AA,AA,GG,TT,AG,AA,TT,CC,AG,AC,TT,GT,TT,CC,AA,GT,TT,TT,NN,GG,CC,AA,CC,CC,AC,GG,CC,AA,GG,AG,CC,TT,CC,TT,TT,GG,TT,AA,AA,TT,CC,GG,AA,AA,CC,GG,GG,AC,GG,TT,CC,AA,CC,GG,AT,CC,AA,AA,GG,TT,TT,AT,CG,GT,AT,CG,AT,GT,AA,GG,AA,TT,AC,TT,CC,TT,AC,CC,TT,GG,AG,CG,AG,AC,TT,TT,GT,GG,NN,AA,CC,AA,GG,CC,CG,GG,CC,GG,AT,AA,CC,GT,GG,CC,CC,AA,AG,CC,AT,CC,AA,AA,CC,CC,CC,TT,AA,NN,AA,AA,AC,AA,GG,AA,AA,AA,AT,CG,AA,GG,CC,AC,CT,AA,AA,GG,GG,CG,TT,AA,AA,GT,TT,TT,AG,TT,GG,CG,AC,3.75,Resistant,Low,Standard,Medium
L0139,Coimbatore,Tamil Nadu,Kharif,Red Loamy,Rainfed,650,29.5,68,AA,CT,GG,AG,GG,CG,GT,TT,CC,CG,AA,CC,CG,TT,TT,GT,GG,TT,TT,AA,CC,TT,TT,CC,TT,CC,TT,TT,GG,AA,TT,CC,AA,CC,GG,GG,GG,CC,GG,CC,TT,CT,AA,TT,AA,AA,CT,TT,CC,CC,GG,AA,AG,GG,CC,GT,AA,AC,GT,AC,AG,TT,TT,NN,TT,TT,CT,GG,TT,GG,GG,GT,CC,AG,GG,AA,AT,GG,GT,TT,AG,GT,GG,CC,AA,GG,AA,AA,CC,GG,CC,GT,NN,TT,GT,GG,TT,CC,GT,CC,CC,CC,AA,AG,TT,TT,CC,AA,AG,AC,TT,GG,TT,CC,GT,AA,AA,TT,CG,GG,CC,GG,CC,GT,TT,AA,CT,CC,AC,CC,AA,TT,CC,AA,CC,CC,AA,TT,AG,AA,GG,CC,CC,GG,AA,AG,AA,CC,GG,CG,CC,AA,AG,AG,TT,GG,AA,GT,TT,AG,AC,GG,TT,TT,CC,AA,GT,TT,AT,TT,GG,CC,AG,TT,CC,CC,CG,CC,AA,GG,AA,CC,TT,CC,GT,GT,GG,TT,AG,AA,TT,AC,GG,NN,CC,CC,GG,GG,AA,GG,TT,AA,AA,CC,GG,AA,AA,AA,AT,GG,TT,AT,AA,CG,GT,AA,GG,TT,TT,AA,GG,NN,CT,CC,TT,CC,CT,AA,CC,TT,NN,AA,CG,AG,AC,TT,TT,GG,NN,TT,AA,AC,AA,GG,CC,CG,NN,CC,GG,NN,AG,CC,TT,AG,CC,CC,AA,AG,CG,AA,CC,AA,AA,CC,CG,CC,TT,AG,GG,AA,AA,AA,AA,GG,AG,AG,AA,AT,NN,AA,AA,CC,AA,TT,AA,AA,GG,GG,GG,TT,AA,AA,GT,TT,TT,AA,TT,GG,CG,AA,4.46,Susceptible,High,Poor,Medium
L0140,Coimbatore,Tamil Nadu,Kharif,Red Loamy,Rainfed,650,29.5,68,AA,TT,GG,AA,GG,CC,GG,TT,CC,CC,AA,CC,CG,AT,TT,GT,CG,TT,TT,AA,CC,GG,GT,CC,TT,CC,TT,AT,NN,AA,TT,CC,AA,CC,AG,CG,GG,CG,GG,CC,TT,CT,AC,TT,NN,AG,TT,TT,CC,AC,GG,AA,AA,GG,CC,GG,AA,AA,TT,AA,AA,TT,TT,AG,TT,AT,CC,GG,TT,GG,AA,GG,CC,AA,GG,CC,AT,GG,TT,TT,GG,GG,GG,CC,AA,GG,AA,AA,CC,GT,AC,TT,CC,AT,TT,AG,TT,CC,GT,CC,CT,CG,AA,AG,TT,TT,CC,AG,AA,AA,CC,GG,GT,CG,GT,AA,AA,TT,CC,AG,CC,GG,CC,GT,TT,AG,CT,CC,CC,CC,AA,TT,CC,AA,CC,CC,AA,TT,AG,AA,NN,CC,CG,GG,NN,GG,AT,CC,GT,CC,CC,AA,AG,GG,TT,AG,AA,GT,CT,GG,AA,TT,TT,TT,CC,AA,GT,TT,AA,TT,CG,CC,AA,TT,CC,CC,CG,CC,AA,GG,AG,NN,TT,CC,GG,TT,CG,AA,AA,AA,TT,CC,GG,AA,CC,CC,GG,GG,CC,CG,TT,AC,AA,CC,GG,AA,CC,AA,AA,GG,TT,AA,AA,GG,TT,AA,CG,TT,TT,AA,GG,AA,CT,AA,TT,CG,CT,AC,CC,CT,CG,AG,CG,AA,CC,TT,TT,TT,GG,TT,AC,AC,AA,GG,CC,CC,GG,CC,GT,AT,AA,CC,GT,GG,CC,CC,AA,GG,CC,AA,CC,NN,AA,CC,CG,AC,TT,AA,GG,AA,AA,AA,AA,AA,AA,AG,AA,TT,CG,AA,AG,CC,AA,NN,AA,AG,GG,GG,GG,TT,AA,AA,GT,TT,TT,AA,AT,GG,GG,AA,3.31,Susceptible,High,Poor,Late
L0141,Coimbatore,Tamil Nadu,Kharif,Red Loamy,Rainfed,650,29.5,68,AA,TT,GG,AG,GG,CC,GG,TT,CC,CC,AT,CC,CG,TT,TT,GG,CG,TT,NN,AA,CC,TT,GT,CC,TT,CC,TT,TT,GG,AA,TT,CT,AA,CC,GG,CG,GG,CC,GT,CC,TT,CT,AA,TT,GG,GG,TT,TT,CC,AC,GG,AA,AA,GG,CC,TT,AT,CC,GG,AC,AA,TT,AT,AG,TT,AT,CC,GG,TT,GG,AA,GG,CC,AA,AG,AC,AA,GG,TT,TT,GG,GG,GT,CC,AA,GG,AA,AA,CC,GT,AC,TT,CC,TT,TT,GG,TT,CC,GT,CC,CC,CC,AA,AA,AT,TT,CC,AA,AA,AA,CC,GG,TT,CC,TT,AC,AA,TT,CG,GG,CC,GG,CC,GG,TT,AA,CT,CC,AC,CC,AA,TT,AC,AA,CC,CC,AA,TT,AA,AA,GG,CT,CG,GG,AG,AG,AA,CC,GT,CG,CC,AA,AG,GG,TT,GG,AC,TT,CT,GG,AC,GT,GT,TT,CG,AA,TT,TT,AA,TT,GG,CG,AA,CT,CC,CC,CG,CC,AA,GG,AA,CC,TT,CG,TT,TT,GG,TT,AA,AA,TT,CC,CC,AC,CC,CC,GG,GG,AC,GG,TT,AA,AA,CC,GT,AT,CC,AA,TT,GG,TT,AT,TT,GG,GG,TT,CG,AT,TT,AA,GG,AA,TT,AA,TT,CC,CT,AA,CC,TT,GG,AG,CC,AA,CC,TT,TT,GT,GG,TT,AA,CC,AA,GG,CC,CG,GG,CC,GG,AT,AA,CC,TT,GG,CC,CC,AA,NN,CC,AA,CC,AT,AA,AC,CG,CC,AT,AA,GG,AA,AA,AC,AA,GG,AG,AA,AA,TT,GG,AC,AA,CC,AA,TT,AA,AA,GG,GG,GG,TT,AA,AG,GT,TT,TT,AG,TT,GG,GG,AA,2.48,Susceptible,Medium,Standard,Late
L0142,Coimbatore,Tamil Nadu,Kharif,Red Loamy,Rainfed,650,29.5,68,AA,TT,GG,AA,CG,CC,GG,TT,CC,CC,AA,CT,CG,TT,TT,GG,GG,TT,TT,AG,CC,GT,GT,CC,NN,CC,GT,TT,GG,AA,TT,CC,AA,NN,GG,GG,GG,CC,GG,CC,TT,TT,AA,TT,AA,AA,TT,TT,CC,CC,GG,AA,AA,GG,CC,TT,AA,CC,GG,AA,AA,TT,TT,AA,TT,AT,CC,GG,TT,GG,AA,GT,AC,AG,GG,AA,AA,GG,TT,TT,GG,TT,GT,CC,AA,GG,AA,AA,CC,TT,CC,TT,CT,AT,TT,GG,TT,CC,GT,CC,CT,CC,AG,AA,TT,TT,CG,AA,AA,AA,NN,GG,TT,CC,TT,AA,AA,TT,CC,AG,CG,AG,NN,GG,CT,AG,CC,CC,CC,CC,AA,TT,CC,AA,CC,CT,AA,AT,AA,AA,GG,CC,CC,GG,AA,AA,AA,CC,GG,CC,CC,AA,AG,NN,TT,GG,AC,TT,TT,GG,CC,GT,GT,TT,CC,AA,TT,TT,AA,TT,CC,CC,AA,CC,CC,CC,GG,CC,AA,AG,NN,AC,TT,CC,TT,GT,GG,AT,AA,GG,TT,CC,CG,AA,CC,CC,GG,GG,AA,GG,TT,AA,AG,CC,GG,AA,AC,AA,AT,NN,TT,AT,AA,GG,GT,AA,GG,TT,TT,AA,AG,AA,NN,NN,TT,CC,TT,AA,CC,CT,GG,GG,CC,AA,CC,TT,CT,GT,GG,TT,AA,CC,AA,GG,CC,CC,GG,CC,GG,AT,AA,CC,TT,GG,CC,CC,AA,GG,CC,TT,CC,AA,AA,CC,CG,CC,AT,AA,GG,AA,AA,AC,AC,GG,AA,AG,AA,AT,GG,AC,NN,NN,AC,CC,AA,AA,GG,GG,GG,TT,AA,NN,TT,TT,TT,AG,TT,GG,GG,AA,3.72,Moderate,Low,Poor,Medium
L0143,Coimbatore,Tamil Nadu,Kharif,Red Loamy,Rainfed,650,29.5,68,AC,TT,GG,AA,GG,CC,GT,AT,NN,CG,AT,CC,CC,TT,GT,GG,GG,TT,TT,AA,CG,TT,GT,CT,TT,CC,TT,TT,GG,AA,CT,CC,AA,CC,GG,GG,GG,CC,GG,CC,TT,CT,AA,GT,AA,GG,TT,TT,NN,AC,GG,AT,AA,GG,CC,TT,AA,AC,GT,AC,AA,TT,AT,AA,TT,TT,CC,GG,TT,GG,AA,GG,CC,AA,GG,AA,AT,GG,TT,CT,GG,GG,GG,CC,AT,GG,AA,AA,CC,GG,CC,GT,CC,TT,GT,GG,TT,CC,GG,CC,CC,CG,AG,AG,TT,TT,CC,AA,AA,AA,TT,GG,TT,CG,TT,AC,AA,TT,CG,AG,NN,GG,CC,TT,CC,AA,CC,CC,CC,CC,AA,GT,AC,AA,CC,CC,AA,AT,AA,NN,GG,CC,CC,GG,AA,GG,AA,CC,GG,CC,CC,AA,AA,AA,TT,GG,AC,TT,TT,GG,CC,TT,GT,TT,CC,AA,GT,TT,AA,TT,GG,CC,AA,TT,CC,CC,GG,CC,AA,GG,GG,CC,TT,CC,NN,GT,GG,AT,GG,AA,TT,CC,CG,AC,AC,NN,GG,GG,AC,GG,TT,AA,AG,CC,GT,AA,CC,AA,TT,GG,TT,TT,AT,GG,TT,AT,CC,TT,NN,AA,GG,AA,CT,AA,TT,CC,TT,AA,CC,CT,GG,AG,CC,AG,CC,TT,TT,GT,GG,TT,AA,AC,GG,GG,CC,CG,GG,CC,GG,AT,AA,CC,TT,GG,CC,CG,AA,GG,CC,NN,CC,AT,AA,CC,CG,AC,TT,AA,GG,AA,AA,AA,AA,GG,AA,AA,AA,TT,GG,AA,NN,CC,AA,CT,AG,AA,GG,GG,GG,TT,AA,AA,TT,TT,TT,AG,TT,GG,GG,AA,2.55,Moderate,Low,Standard,Late
L0144,Coimbatore,Tamil Nadu,Kharif,Red Loamy,Rainfed,650,29.5,68,AC,TT,AG,AA,GG,CG,GT,TT,CC,CC,AA,CC,CC,TT,GT,GG,GG,TT,TT,AG,CC,TT,GT,CC,TT,CC,TT,TT,GT,AA,TT,CC,AA,CC,AG,CG,GG,CC,GG,CC,TT,TT,AA,GT,AA,AG,TT,TT,CC,AC,GG,AA,AA,GG,CT,TT,AA,AA,GT,AA,AA,GT,AA,GG,TT,AT,CC,GG,TT,GG,AG,GG,CC,AA,GG,AC,AA,AG,TT,NN,GG,GG,GG,CC,AA,GG,AA,AA,CC,GT,CC,TT,CT,TT,GT,GG,TT,CC,GT,CC,CC,CC,AG,AA,TT,TT,CC,AA,GG,AC,CC,GG,TT,CG,TT,AA,AA,TT,CG,GG,CG,AG,CC,GT,TT,AA,CC,CC,CC,CC,AA,TT,CC,AA,CC,CC,AA,TT,AA,AA,GG,CT,CC,GG,AG,AG,AA,CC,GG,CC,CG,AA,AA,AG,TT,GG,AA,TT,TT,GG,AC,GT,GT,TT,CC,AT,TT,CC,AA,TT,GG,CG,AA,CT,CC,CC,CC,CC,AT,GG,AG,CC,TT,CC,GT,NN,GG,AT,AA,AG,TT,NN,CG,AC,CC,CC,GG,GG,AC,GG,TT,AA,AA,CC,GG,AT,CC,AA,AA,GG,GT,TT,AA,GG,TT,AT,CC,AT,TT,AA,GG,AA,CT,NN,TT,CC,TT,AA,CC,CT,CC,AG,CC,AG,AC,TT,TT,GT,GG,TT,AA,CC,AA,GG,CC,CG,GG,CC,GG,AA,AA,CC,TT,GG,CC,CC,AA,GG,CG,AA,CC,AA,AA,CC,GG,AC,TT,AG,GG,AA,AA,AC,AA,GG,AA,AG,AA,TT,GG,AA,AA,CC,AA,CT,AA,AG,GG,GG,GG,TT,AT,AG,TT,TT,TT,AA,AA,GG,GG,NN,2.14,Susceptible,Low,Standard,Early
L0145,Coimbatore,Tamil Nadu,Kharif,Red Loamy,Rainfed,650,29.5,68,AC,TT,GG,AA,GG,CG,GG,AT,CG,CG,AA,TT,CC,TT,TT,NN,CG,TT,TT,AG,CG,TT,TT,CC,TT,CC,TT,TT,GG,AC,TT,CT,AA,AC,GG,GG,GG,CG,GG,CC,TT,CT,AA,TT,AG,AG,TT,TT,CC,AC,GT,AT,AA,GG,CC,GT,AA,AA,GT,AC,AA,GT,TT,AA,TT,AT,CC,GG,TT,GG,GG,GG,CC,AA,AG,AC,TT,GG,NN,TT,GG,GT,GG,NN,AA,GG,AA,AT,CG,TT,CC,TT,CT,TT,TT,GG,TT,CC,TT,CC,CC,CG,AA,AA,TT,TT,CC,AA,AG,AA,CC,GG,GT,CC,TT,AC,AA,TT,CG,AG,CG,GG,CT,GG,TT,AA,CC,CC,CC,CC,AA,TT,CC,AA,CC,CC,AA,AT,AA,AT,GG,CT,CC,GG,AA,AG,AA,CC,GT,CC,CC,AA,AA,AG,TT,GG,AA,GT,TT,GG,CC,TT,GT,TT,CC,AA,TT,TT,AT,TT,GG,CC,AA,NN,CC,CC,CG,AC,AA,GG,AG,CC,TT,CC,GG,TT,GG,AT,AA,AA,TT,CC,GG,AA,CC,CC,GG,GG,AA,CG,TT,AC,GG,CC,GG,AA,AC,AA,AA,GT,TT,AT,AA,GG,GG,AT,CC,TT,GT,AA,GG,AA,CT,AA,TT,CC,TT,NN,CC,TT,GG,AA,CC,AA,CC,TT,CT,NN,GG,AT,NN,CC,AG,GG,CC,CC,GG,CC,GG,TT,AA,CC,TT,GG,CC,CG,AA,AG,CC,AT,CC,AT,AA,AC,CC,CC,TT,AA,GG,AA,AA,CC,AA,AG,GG,AA,AA,TT,GG,AA,AG,AA,AA,CT,AA,AA,CG,GG,CG,TT,AA,AA,TT,TT,TT,AA,NN,GG,GG,AA,3.26,Susceptible,Medium,Standard,Early
L0146,Coimbatore,Tamil Nadu,Kharif,Red Loamy,Rainfed,650,29.5,68,AA,CT,GG,GG,GG,CC,GT,TT,CC,CG,AT,CC,CC,TT,TT,GG,GG,TT,TT,AA,CC,TT,GT,CC,TT,CC,GT,AT,GG,AA,TT,CT,AG,CC,GG,GG,GG,CC,GG,CC,TT,CC,AC,TT,AG,AG,TT,AT,CC,AA,GG,AA,AA,GG,CC,GT,AA,AC,TT,AA,AG,TT,TT,AA,CT,AT,CC,GG,TT,GT,AG,GG,NN,AA,GG,AA,AT,GG,TT,TT,GG,GG,GT,AC,AA,GG,AA,TT,CC,GT,CC,TT,CT,TT,TT,GG,CT,CC,NN,CC,CT,CC,GG,AA,AT,TT,CC,AA,AG,CC,TT,GG,TT,CC,GT,AA,AC,TT,CC,AG,CC,GG,CC,GT,TT,AA,CC,CC,CC,CC,AA,TT,CC,AA,CC,CT,AA,AT,AA,AA,GG,CC,CC,GG,AG,AA,AA,CC,GG,CC,CC,AG,AG,AG,GT,GG,AA,NN,TT,GG,CC,TT,TT,TT,CC,AA,GT,TT,AA,AT,CG,CC,AA,CT,CC,CC,GG,AA,AA,AG,AG,CC,TT,CC,GG,TT,CG,AT,AA,AA,TT,CC,GG,AA,AC,CC,GG,GG,AA,GG,TT,AC,AA,CC,GG,AA,AC,AA,AA,GG,GT,TT,AA,GG,GT,AA,CG,AA,TT,AT,GG,AA,CT,AA,TT,CC,CT,AA,CC,TT,GG,GG,CG,GG,CC,AT,TT,TT,GG,NN,AC,AC,AA,GG,CC,CC,GG,CG,GG,TT,AA,CG,TT,GG,CG,CC,AT,GG,CG,AT,CC,AA,AA,AA,CC,AA,TT,AA,GG,AA,AA,AC,AA,GG,GG,AA,AA,TT,GG,AA,AA,CC,AA,CT,AA,AA,GG,GG,GG,TT,AA,AG,TT,TT,TT,AA,TT,GG,GG,AA,2.46,Moderate,High,Standard,Early
L0147,Coimbatore,Tamil Nadu,Kharif,Red Loamy,Rainfed,650,29.5,68,AC,TT,GG,AG,GG,CG,NN,TT,CC,CG,AT,NN,CG,TT,TT,GG,GG,TT,AT,AA,GG,GT,GT,CC,TT,CC,GT,TT,GG,AA,TT,CT,AA,CC,GG,CG,GG,CG,GG,CC,TT,CT,AA,GT,AG,GG,TT,TT,CC,AA,GG,AT,AA,GG,CT,TT,AT,AA,GG,AA,AA,TT,AA,AG,TT,TT,CC,GG,CT,GT,AA,GT,CC,AA,GG,AC,AT,GG,TT,TT,GG,GG,GG,CC,AA,GG,AA,AA,CC,GT,CC,TT,TT,AT,GT,GG,TT,CC,TT,CC,CC,GG,GG,AA,TT,TT,CC,AG,AG,AA,CT,GG,TT,CC,NN,AA,AA,TT,CC,AG,CC,GG,CC,GG,TT,AA,CT,CC,CC,CC,AA,TT,CC,AA,CC,CC,AA,TT,AA,AA,GG,CC,CG,GG,AA,AA,AA,AC,GG,CC,CG,AA,NN,GG,TT,AG,AA,TT,CT,GG,CC,GT,TT,TT,CC,TT,TT,CT,AT,NN,GG,CC,AA,CT,CC,CC,CG,AC,AA,GG,AG,CC,TT,CC,GG,TT,GG,AA,AA,AA,TT,CC,NN,CC,CC,CC,GG,GG,CC,GG,TT,AA,AA,CC,GG,AA,AC,AA,AA,GG,TT,TT,AT,GG,GG,AT,CC,TT,TT,AA,GG,AA,TT,AA,TT,CC,TT,AC,CC,CT,GG,AA,CG,AA,CC,TT,TT,GT,GG,AT,AC,NN,AA,GG,CC,CG,NN,CC,GG,TT,AA,CC,TT,GG,CC,CC,AA,AG,CC,AT,CC,AA,AA,CC,CC,AC,TT,AA,GG,AA,NN,AA,AA,GG,AG,AG,AA,TT,GG,AA,AA,CC,AA,TT,AA,AA,GG,GG,CG,GT,AA,AG,TT,TT,AT,AA,AT,GG,GG,AC,0.74,Resistant,High,Premium,Early
L0148,Coimbatore,Tamil Nadu,Kharif,Red Loamy,Rainfed,650,29.5,68,AA,TT,GG,AA,GG,CC,GG,TT,CC,CC,AA,CT,CG,TT,TT,GG,CG,TT,AT,AA,CC,GT,GT,CC,TT,CC,TT,TT,GT,AA,TT,CT,AA,CC,AG,GG,GG,CC,GG,CC,TT,CT,AA,TT,AA,GG,TT,AT,CC,AC,GG,AA,AA,GG,CT,GT,AA,AC,TT,AC,AA,GT,AA,AG,TT,AT,CC,GG,TT,GG,AG,GG,CC,AG,GG,AA,AA,GG,TT,TT,AG,GG,GG,CC,AT,GG,AA,AT,CC,TT,CC,TT,CC,TT,TT,GG,TT,CC,TT,CC,CC,CG,AG,AA,TT,TT,CG,AA,AA,AA,CC,GG,TT,CG,TT,AA,AA,TT,GG,GG,CC,AG,CT,GG,CT,AA,CC,CC,CC,CC,AA,TT,CC,AA,CC,CC,AA,TT,AA,AA,GG,CT,CC,AG,AA,AA,AA,CC,GG,CC,CC,AA,AA,GG,GG,GG,AC,TT,CC,GG,AC,GT,GT,TT,CC,AA,GT,TT,TT,AT,GG,CC,AA,CT,CC,CC,GG,CC,AA,GG,GG,CC,TT,CC,GT,TT,CG,TT,AA,AA,TT,CC,GG,AC,CC,CC,GG,GG,AA,GG,TT,AC,AG,CG,GG,AA,CC,AA,NN,GG,TT,AT,AT,CG,GG,AA,CG,TT,TT,AA,GG,AA,TT,AA,TT,CC,CT,AA,CC,CT,GG,AA,CC,GG,CC,TT,CT,GG,GG,AT,AA,AC,AG,GG,CC,CG,GG,CC,GG,AT,AA,CG,TT,GG,CG,CC,AA,AG,CC,AA,CC,AA,AA,CC,CC,AA,TT,AG,GG,AA,AA,AC,AA,AG,AA,AA,AA,AT,GG,AA,AA,AA,AC,CT,AA,AA,CG,GG,GG,TT,AA,AA,TT,TT,TT,NN,TT,GG,GG,AA,3.4,Susceptible,Low,Premium,Medium
L0149,Coimbatore,Tamil Nadu,Kharif,Red Loamy,Rainfed,650,29.5,68,CC,TT,GG,AG,GG,CC,GG,TT,CC,CG,AA,CC,CG,TT,TT,GG,GG,TT,TT,AA,CC,GT,GG,CC,TT,CC,GG,TT,GT,AA,TT,CC,AA,CC,GG,GG,GG,CC,GG,CC,TT,CT,AC,TT,AG,GG,TT,AT,CC,AC,GG,AA,AG,GG,CC,TT,AA,AC,GT,AA,AA,TT,TT,AG,CT,AT,CC,GG,TT,GG,AG,GT,CC,AA,GG,AA,AA,GG,TT,TT,AG,NN,GG,CC,AA,GG,AA,AT,CC,TT,AC,TT,CC,TT,TT,AA,TT,AC,TT,CT,CC,CC,AG,AA,TT,TT,CC,AA,AA,AA,CC,GG,TT,CC,TT,AA,AA,TT,CG,AG,CC,AG,CC,GT,TT,AG,CC,CC,CC,CC,AA,GT,CC,AA,CC,CC,AG,TT,AA,AA,GG,CC,CC,GG,AA,AA,AA,CC,GT,CC,CC,AA,AG,GG,TT,GG,AC,TT,TT,GG,CC,GT,TT,TT,CC,AT,GT,TT,AT,AA,GG,CC,AG,TT,CC,CC,GG,CC,AA,GG,AG,CC,TT,CC,GG,TT,GG,TT,AA,AG,TT,CC,GG,AA,AC,CC,GG,GG,AA,GG,TT,AA,AA,CC,GG,AA,AA,AA,AA,GG,TT,AT,AA,CG,GT,AA,CG,AT,GT,AA,GG,AA,TT,AC,TT,CC,TT,AC,CC,CT,GG,GG,CC,AA,CC,TT,CC,GG,GG,TT,AA,AC,AA,GG,CG,CC,GG,CC,GG,AT,AA,CC,TT,GG,CC,CC,AA,GG,CC,AA,CC,AA,NN,AC,CG,CC,AT,AA,GG,AA,AA,AA,AA,AG,AA,AG,AA,AA,GG,AC,AA,AC,AC,CT,AG,AA,CG,GG,GG,TT,AA,AA,TT,TT,AT,AA,AT,GG,GG,AA,1.8,Susceptible,High,Standard,Medium
L0150,Coimbatore,Tamil Nadu,Kharif,Red Loamy,Rainfed,650,29.5,68,AA,TT,AG,AG,GG,CC,GG,AT,CC,CC,AA,CC,CG,TT,GT,GT,CG,TT,AT,AA,CC,GT,NN,CT,AT,CC,NN,TT,GG,AC,TT,CC,AA,CC,GG,GG,GG,NN,GG,CC,TT,CT,AA,TT,AA,GG,TT,TT,CC,AC,GG,AA,AA,GG,CC,GT,AA,AC,NN,AA,AA,TT,NN,AA,TT,TT,CC,GG,TT,TT,AA,GG,CC,AA,GG,AA,TT,GG,TT,CT,GG,NN,GG,CC,AA,GG,AA,AA,CC,GT,CC,TT,CC,TT,TT,GG,TT,CC,TT,CC,CT,CG,GG,AA,AT,GG,CC,AA,NN,AA,CC,GG,TT,CC,TT,AA,AA,TT,CG,AG,CC,GG,CC,GT,CT,AG,CC,CC,AC,CC,AA,TT,CC,AA,CC,CT,AA,AT,AA,AA,GG,CT,CC,GG,AA,GG,AA,CC,GG,CC,CC,AG,AG,GG,GT,GG,AA,GT,CC,GG,AC,TT,TT,CT,CC,AA,TT,TT,AA,AT,GG,CC,AG,TT,CC,CC,CC,CC,AA,AG,AG,CC,TT,CC,GT,GT,CG,AA,AA,AA,TT,AC,CG,AA,CC,CC,GG,GG,AA,GG,TT,AA,AA,CC,GG,AT,AA,AA,AT,GG,TT,AT,AT,GG,TT,AT,CG,TT,TT,AA,GG,AA,TT,AA,AT,CC,TT,AA,CC,TT,CG,AA,CC,AG,AC,TT,CT,GT,CG,NN,AC,CC,AA,GG,CC,CG,GG,CC,GG,TT,AA,CC,GT,GG,CC,CC,AA,GG,CC,AA,CC,AT,AA,AC,CG,CC,TT,AA,GG,AA,AA,AC,AA,GG,AA,AA,AA,TT,CG,AC,AA,AC,AA,CT,AA,AG,GG,GG,GG,TT,AT,AG,TT,TT,TT,AG,TT,GG,GG,AA,3.87,Resistant,Medium,Standard,Late
L0151,Coimbatore,Tamil Nadu,Kharif,Red Loamy,Rainfed,650,29.5,68,AC,TT,GG,AA,CG,CC,GG,TT,CC,GG,AA,CC,CC,TT,TT,GG,GG,TT,TT,AA,CC,GT,GT,CC,TT,CC,GT,AT,GG,AA,TT,CT,AA,CC,GG,GG,GG,CG,GG,CC,TT,CT,AA,GT,AG,GG,NN,AT,CC,AC,GT,AA,AG,GG,CT,TT,AA,CC,GT,AC,AG,TT,TT,GG,TT,AT,CC,GG,TT,GT,AG,GT,CC,AA,GG,AC,AA,GG,TT,TT,NN,GG,GT,CC,AA,GG,AA,AA,CG,GT,CC,TT,CT,TT,GT,AG,TT,CC,TT,CC,CT,CG,AG,AA,TT,TT,CC,AA,AG,AC,CT,GG,TT,GG,TT,AA,AC,TT,GG,GG,CG,GG,CC,GG,CT,AG,CC,CC,AC,CC,AA,TT,CC,AA,AC,CC,AA,AT,AA,AA,CG,CC,CG,GG,AA,AA,AA,CC,GG,CG,CC,AA,AA,NN,GT,GG,AC,TT,CC,GG,AC,TT,TT,TT,CC,AA,TT,TT,AT,AA,GG,CC,GG,CT,CC,CC,CG,CC,NN,GG,AG,CC,TT,CG,GG,TT,GG,AT,AA,AA,TT,CC,GG,AA,CC,CC,GG,GG,NN,GG,TT,AC,AA,CC,GG,AA,CC,AA,AA,GG,TT,AT,AA,GG,GG,AT,CG,TT,GT,AA,GG,AG,CT,AA,TT,CC,TT,AA,CC,TT,GG,AA,CG,AG,CC,TT,TT,GT,GG,TT,CC,CC,AA,GG,CC,CG,GG,CC,GG,AT,AA,CC,TT,GG,CC,CC,AA,GG,CC,AA,CC,AA,AA,CC,CC,AC,AT,AA,GG,AA,AA,AA,AC,AG,AA,AA,AA,TT,GG,AC,AG,AA,AA,TT,AA,AG,GG,GG,GG,TT,AT,AA,GT,TT,TT,AG,TT,GG,GG,AA,2.37,Susceptible,Medium,Standard,Medium
L0152,Coimbatore,Tamil Nadu,Kharif,Red Loamy,Rainfed,650,29.5,68,AA,TT,AG,AA,CG,CC,GG,AT,CC,CG,AA,CC,CG,NN,TT,GG,CG,TT,TT,AA,CC,GT,TT,CT,TT,CC,TT,TT,GG,AA,TT,CC,AA,CC,GG,GG,GG,GG,GT,CC,TT,CC,AA,TT,AG,GG,TT,TT,CC,AC,GG,AA,AA,GG,CC,TT,AA,AC,GT,AA,AA,GT,AT,AG,TT,AT,CC,GG,NN,GT,AA,GG,CC,AA,AA,AA,AT,GG,TT,TT,GG,GG,TT,CC,AT,GG,AA,AA,CC,GT,CC,TT,CT,AT,GT,GG,TT,CC,GT,CC,CT,CC,GG,AA,AT,TT,CC,AA,AA,AA,CT,GG,TT,CC,TT,AC,AA,TT,CC,GG,NN,GG,CC,GG,CT,AA,CC,CC,CC,CG,AA,TT,CC,AA,CC,CC,AA,AT,AA,AA,GG,CC,CC,GG,AA,AA,AA,AC,GT,CC,CC,AA,AG,GG,TT,GG,AA,GT,CT,GG,AC,TT,GT,TT,CG,AA,TT,TT,AT,AT,GG,CG,AG,TT,CC,AC,CG,CC,AA,GG,AA,CC,TT,CG,GG,TT,CG,AT,AA,AA,TT,AC,CG,AC,CC,CC,GG,GG,AA,GG,TT,AC,AA,CC,NN,AA,CC,AA,AT,GT,GT,AT,AT,CC,GT,AA,CG,AT,GT,AA,GG,AA,CT,AA,TT,CC,CT,AA,CC,CT,GG,AG,CG,AA,CC,TT,TT,TT,GG,TT,AA,AC,AG,GG,CC,CG,CG,CC,GG,AA,AA,CC,TT,GG,CC,CC,AA,AG,CG,AT,CC,AT,AA,CC,CC,AC,AA,AA,GG,AA,AC,AC,AA,GG,AA,AA,AA,AT,CG,AC,AA,CC,AA,CT,AA,AA,GG,GG,GG,TT,AA,AA,TT,TT,TT,AG,TT,GG,GG,AC,3.69,Resistant,High,Standard,Early
L0153,Coimbatore,Tamil Nadu,Kharif,Red Loamy,Rainfed,650,29.5,68,AC,TT,GG,AG,GG,CC,GG,TT,CC,CC,AA,CT,CC,TT,TT,GG,GG,TT,TT,AA,CC,GT,TT,CC,TT,CT,TT,AT,GG,AA,TT,CC,AA,CC,GG,GG,GG,CC,GG,CC,TT,CT,AA,TT,AA,AG,TT,NN,CC,CC,GG,AT,AG,GG,CT,TT,AA,AA,GT,AA,AA,GT,AA,AG,TT,TT,CC,GG,TT,GG,AA,GG,CC,AA,GG,AA,AA,GG,GT,TT,GG,GG,GG,CC,AT,GG,AA,AA,CC,TT,CC,GT,CT,AT,GT,GG,TT,AC,GT,CT,CT,GG,AG,AA,AT,TT,CC,AA,AG,AA,CC,GG,TT,CC,TT,AC,AA,TT,CC,GG,CG,GG,CT,GT,TT,AG,CC,CC,CC,CC,AA,TT,CC,AA,CC,CC,AA,TT,AA,AA,GG,CC,CC,GG,AA,GG,AA,AC,GG,CC,CC,AA,AG,GG,GT,AG,AA,TT,TT,AG,AC,GG,GT,TT,CC,AA,GT,CT,AA,TT,NN,CG,NN,CC,CC,CC,CG,CC,AA,GG,AA,CC,TT,CC,TT,TT,GG,TT,AA,AA,TT,CC,GG,AA,CC,CC,GG,GG,AC,GG,CT,AA,AA,CG,GG,AA,CC,AA,AA,GG,TT,TT,TT,CG,GG,AA,CG,AT,TT,AA,GG,AA,CT,AA,TT,CG,CT,AA,CC,TT,GG,AA,CC,AA,AC,TT,CT,TT,GG,TT,CC,CC,AA,GG,CC,CG,GG,CC,GG,AA,AG,CC,GT,GG,CC,CC,AA,GG,CC,AA,CC,AA,AA,CC,CG,AC,AT,AA,GG,AA,AA,AC,AA,AA,AG,AG,AG,AT,CG,AA,GG,AC,AC,CT,AA,AG,GG,GG,CG,TT,AA,AG,TT,TT,TT,AG,AT,GG,CG,AA,3.6,Susceptible,Low,Standard,Late
L0154,Coimbatore,Tamil Nadu,Kharif,Red Loamy,Rainfed,650,29.5,68,AA,CT,GG,AA,GG,CC,GG,AT,CC,CG,AA,CC,CG,TT,GG,GG,GG,TT,TT,AA,CC,GT,GT,CT,AT,CC,GT,AT,GG,AA,CT,CC,AA,CC,GG,CC,GG,CG,GG,CC,NN,CT,AA,GT,AA,AG,TT,TT,CC,AA,GG,AA,AG,GG,TT,TT,AT,CC,GT,AC,AA,TT,TT,GG,CT,AT,CC,GG,TT,GG,AG,GG,CC,AA,GG,AC,AT,GG,GT,TT,GG,GG,GG,CC,AA,GG,AA,AA,CC,GT,CC,TT,CC,TT,GG,GG,TT,CC,TT,CC,CC,CC,AG,AA,TT,TT,CC,AA,AG,AA,CT,GG,TT,CC,GT,AA,AA,TT,CC,AG,CG,GG,CC,GT,TT,AA,CT,CC,AC,CC,AA,TT,AC,AA,CC,CC,AA,TT,AA,AA,GG,CC,CC,GG,AA,AA,AA,AC,GG,CC,CC,AA,AG,GG,TT,AA,AC,TT,TT,GG,AA,TT,TT,TT,CC,TT,TT,TT,AA,TT,GG,CC,GG,CC,CC,CC,GG,AC,AA,GG,AA,CC,TT,CC,TT,GT,GG,AT,AA,NN,TT,CC,GG,AA,AA,CC,GG,GG,AA,GG,TT,AC,AA,CC,TT,AA,AC,AA,AT,GT,TT,TT,AT,GG,GG,AT,CC,AT,TT,AA,GG,AA,TT,AA,TT,CG,TT,AC,CC,TT,GG,GG,CC,AG,CC,AT,CT,GG,GG,TT,AA,AC,AG,GG,CC,CC,GG,CG,GG,NN,GG,CG,TT,GG,CC,CC,AA,GG,CC,AA,CC,AA,AA,CC,CG,CC,TT,AA,GG,AA,AA,CC,AA,AG,AG,AA,AA,TT,GG,AA,AG,CC,AA,NN,AA,AA,GG,GG,GG,TT,AA,AG,TT,TT,TT,AG,TT,GG,CG,AA,2.27,Susceptible,Medium,Poor,Late
L0155,Coimbatore,Tamil Nadu,Kharif,Red Loamy,Rainfed,650,29.5,68,AC,TT,GG,AG,GG,CG,GT,AA,CC,CG,AA,CC,CC,TT,GT,GG,GG,TT,TT,AA,CC,TT,TT,CC,AT,CC,GT,TT,GG,AA,TT,CC,AA,CC,AG,GG,GG,CG,GG,CC,TT,TT,AA,TT,AA,GG,TT,TT,CC,CC,GG,AT,AA,GG,CC,TT,AA,AA,TT,AC,AA,TT,TT,AA,TT,AT,CC,GG,TT,GG,AA,GG,CC,AA,AG,AA,AT,GG,GT,TT,GG,GG,NN,CC,AT,GG,AA,AA,CC,GT,AC,TT,CT,TT,TT,GG,TT,AC,GT,CC,CC,GG,GG,AA,TT,TT,CG,AA,GG,AC,CC,GG,TT,CG,GT,AC,AA,TT,CC,GG,CG,AG,CC,GG,CC,AA,CT,CC,CC,CC,AA,GT,CC,AA,CC,CC,AA,TT,AA,AA,GG,NN,CC,GG,AA,AA,AA,CC,GG,CC,CC,AA,AA,GG,TT,NN,CC,GG,CT,AG,CC,GT,GT,TT,CC,AA,TT,TT,AA,TT,CG,CC,AA,CT,CC,CC,GG,AC,AA,GG,AG,CC,TT,CC,GG,GT,GG,TT,AA,AA,TT,AC,CG,AA,CC,CC,GG,GG,AA,GG,TT,AA,AA,CC,GT,AA,CC,AA,AA,GG,TT,TT,AT,GG,TT,AA,CG,TT,GG,AA,GG,AA,CT,AC,TT,CC,TT,AA,CC,CC,CG,AG,CC,GG,CC,TT,TT,GT,GG,TT,AA,CC,AA,GG,CC,CC,GG,CC,GG,AT,AA,CC,GT,GG,CC,CC,AA,AG,CC,AA,CC,AA,AA,CC,CC,CC,TT,AA,GG,AA,AA,AC,AA,GG,GG,AG,AA,TT,GG,AC,AG,CC,AC,TT,AA,AA,GG,AG,GG,TT,AT,AA,TT,TT,TT,AA,AT,GG,GG,AA,3.67,Moderate,Low,Premium,Early
L0156,Coimbatore,Tamil Nadu,Kharif,Red Loamy,Rainfed,650,29.5,68,AA,TT,GG,AA,CC,GG,GG,TT,CC,CG,AA,CT,CC,TT,TT,GT,GG,TT,TT,AA,CG,TT,TT,CT,TT,CC,TT,TT,GG,AA,TT,CC,AG,CC,GG,CG,GG,CG,GG,CC,TT,CT,AA,GT,AA,GG,TT,TT,CC,AC,GG,AA,GG,GG,CC,TT,AA,AC,GT,AA,AA,TT,NN,AA,TT,TT,CC,GG,TT,GT,AG,GG,AC,AA,GG,AC,AA,GG,TT,TT,GG,GT,GG,CC,AA,GG,AA,AT,CC,TT,CC,TT,CT,TT,TT,GG,TT,CC,TT,CC,CC,CC,AG,AA,TT,TT,CC,AA,AA,AC,CT,GG,TT,CC,TT,AA,AA,TT,CG,AG,CC,AG,CC,GG,NN,AA,CC,CC,CC,CC,AA,TT,CC,AA,CC,CT,AA,TT,AA,AT,CG,CC,CG,GG,AG,AG,AT,CC,GG,CC,CG,AA,AA,GG,GG,GG,NN,TT,CT,GG,AC,TT,TT,TT,CG,AA,TT,TT,AT,TT,CG,CC,AG,CC,AC,CC,GG,AC,AA,GG,GG,CC,NN,CC,GT,TT,CG,AA,AA,AA,TT,CC,GG,AA,CC,CG,GG,GG,AC,GG,TT,AA,AA,CC,GT,AA,CC,AT,AA,GT,NN,TT,AT,GG,GG,AA,CC,TT,GT,AA,GG,AA,CT,AA,TT,CC,TT,AA,AC,TT,GG,AA,CC,AG,CC,TT,CT,GT,GG,TT,AA,AC,AA,GG,CC,CC,GG,CC,GG,AT,AA,CC,TT,GG,CC,CG,AA,GG,CC,AT,CC,AA,AA,CC,CG,CC,TT,AA,GG,AA,CC,AA,AA,NN,AA,AA,AA,TT,GG,AA,AG,AC,CC,CT,AA,AA,GG,AG,CG,TT,AT,AA,GT,TT,TT,AA,TT,GG,GG,AC,3.1,Resistant,Medium,Standard,Early
L0157,Coimbatore,Tamil Nadu,Kharif,Red Loamy,Rainfed,650,29.5,68,CC,TT,GG,AG,CG,CC,GT,TT,CC,CG,AA,TT,CC,AT,TT,GG,CG,TT,TT,AG,CC,TT,GT,CC,TT,CC,GT,AT,GG,AA,TT,CC,AA,CC,GG,CG,GG,CC,GG,AC,TT,TT,AA,GT,AA,AG,TT,AT,CC,CC,GT,AA,AG,GG,TT,NN,AT,AC,GG,AA,AA,TT,TT,AG,TT,AT,CC,GG,CT,GG,AA,GG,AC,AG,GG,AA,TT,GG,TT,TT,NN,GG,GT,CC,AA,GG,AA,AT,CC,GT,CC,TT,CT,TT,GT,GG,CT,CC,GG,CC,CC,CC,GG,AA,TT,GT,CC,AA,GG,AA,CC,GG,TT,CC,TT,AA,AA,TT,CC,AG,CC,GG,CC,GG,TT,AG,CT,CG,CC,CC,AA,TT,AC,AA,CC,CC,AA,TT,AA,AA,GG,CT,CC,GG,AA,AA,AA,CC,GT,CC,CC,AA,AA,GG,TT,GG,AC,TT,TT,GG,CC,TT,GT,TT,NN,AA,GT,TT,AA,TT,GG,CC,AA,CT,CC,CC,CC,CC,AA,GG,AG,CC,TT,CC,GT,TT,GG,NN,AA,AG,TT,CC,GG,AC,CC,CC,GG,AG,AC,GG,TT,AC,AA,CC,GG,AA,CC,AA,TT,GT,TT,TT,AT,GG,GG,AA,CC,AT,TT,AA,GG,AA,CT,AA,TT,CC,TT,AC,CC,TT,GG,AA,CC,AG,CC,TT,CT,GT,GG,TT,AA,CC,AG,GT,CC,CC,GG,NN,GG,AT,AG,CC,TT,GG,CC,CC,AA,GG,CG,AT,CC,AT,AG,CC,CC,AC,TT,AA,GG,AA,AC,AA,AA,NN,AG,GG,NN,TT,CG,AA,AA,CC,AC,CT,AA,AG,GG,GG,GG,GT,AA,AA,TT,TT,TT,AG,TT,GG,GG,AA,5.03,Susceptible,High,Premium,Early
L0158,Coimbatore,Tamil Nadu,Kharif,Red Loamy,Rainfed,650,29.5,68,AC,CT,GG,AG,GG,CC,GG,TT,CC,NN,AA,CC,CC,AT,GT,GG,GG,TT,TT,AA,CC,TT,TT,CC,TT,CC,TT,TT,GG,AA,TT,CC,AA,CC,AG,CG,GG,CC,GG,CC,TT,TT,AA,GT,AA,AG,TT,TT,CC,CC,GG,AA,GG,GG,CC,TT,AA,AA,GT,AA,AA,GT,NN,AG,TT,TT,CC,GG,CT,GG,AA,GT,CC,AA,GG,AA,TT,AG,GT,TT,GG,GT,GG,CC,AA,GG,AA,AA,CC,GG,AC,TT,CT,TT,GG,AG,TT,CC,TT,CC,CT,CG,GG,AA,AT,TT,CC,NN,AG,CC,CC,GG,TT,CC,TT,AA,AA,TT,NN,AG,CC,GG,CC,GT,TT,AA,CC,CC,CC,CC,AA,NN,CC,AA,CC,CC,AA,TT,AA,AA,GG,CC,CC,GG,AA,AG,AA,CC,GG,CC,CC,AA,GG,GG,TT,AA,AC,GG,CT,GG,CC,TT,TT,TT,CG,AT,TT,TT,AT,AT,GG,CC,AA,CC,CC,CC,CG,CC,AA,GG,AG,CC,TT,CC,GG,TT,GG,AT,AG,AG,TT,CC,GG,AA,AC,CC,GG,GG,AC,GG,TT,AA,AA,CC,GG,AA,CC,AA,AA,GG,TT,AT,AT,GG,GG,AT,CG,TT,TT,AA,GG,AA,TT,AA,TT,CC,TT,AA,CC,CT,GG,GG,CC,AG,AC,TT,TT,TT,GG,TT,AA,CC,AA,GG,CC,CG,GG,CC,GG,AA,AG,CC,TT,GG,CC,CC,AA,AG,CG,AA,CC,AT,AA,AC,CG,AC,TT,AA,GG,AA,AA,AC,AA,AA,AG,AG,AG,TT,GG,CC,AG,AC,AC,CT,AG,AG,GG,GG,GG,TT,AA,AG,TT,TT,TT,AA,TT,GG,GG,AA,2.7,Susceptible,Medium,Standard,Medium
L0159,Coimbatore,Tamil Nadu,Kharif,Red Loamy,Rainfed,650,29.5,68,AC,TT,GG,AA,GG,CC,GG,TT,CC,CG,AT,CC,CC,TT,TT,GG,GG,TT,NN,NN,CC,TT,GT,CC,TT,CT,TT,AT,GT,AA,TT,CC,AA,CC,GG,GG,GG,CC,GG,CC,TT,CT,AA,TT,AA,GG,TT,AA,CC,CC,GG,AT,AG,GG,CC,TT,AA,AA,GT,AC,AA,TT,TT,AG,TT,TT,NN,GG,TT,GG,AG,GG,CC,AG,GG,AC,AA,GG,TT,TT,GG,GT,GG,CC,AA,GG,AG,AA,CC,TT,AC,TT,CC,TT,GT,GG,TT,CC,GT,CC,CC,CC,GG,AA,AT,TT,CC,AA,AG,AA,CC,GG,TT,CC,TT,AA,AC,TT,CC,GG,CG,GG,CC,GG,TT,AG,CC,CC,CC,CC,AA,TT,CC,AA,AC,CC,AA,TT,AA,AA,GG,CT,CC,GG,AA,AG,AA,CC,GG,CC,CC,AA,AA,GG,GT,GG,AC,TT,CT,GG,CC,TT,TT,TT,CC,AT,GG,CT,AA,TT,GG,CC,AA,CT,CC,CC,GG,CC,AA,GG,AA,CC,TT,CG,GG,TT,GG,AT,AA,AA,TT,CC,CG,AA,CC,CC,GG,GG,AC,GG,NN,AC,AA,CC,GG,AA,CC,AA,AA,GG,GT,TT,AA,GG,GG,AA,CC,TT,TT,AA,GG,AA,TT,AA,TT,CC,CT,AA,CC,TT,GG,AG,CC,AA,CC,TT,CT,GT,GG,TT,AC,AC,AG,GG,CC,CG,GG,CC,GG,TT,AG,CG,TT,GG,CC,CG,TT,GG,CC,AA,CC,AA,AA,CC,CC,AA,TT,AA,GG,AA,AA,CC,AA,GG,GG,AG,AA,TT,GG,AC,AA,AC,AA,CT,AG,AA,GG,GG,GG,TT,AT,AA,TT,TT,TT,GG,AT,GG,GG,AA,3.81,Susceptible,High,Premium,Early
L0160,Coimbatore,Tamil Nadu,Kharif,Red Loamy,Rainfed,650,29.5,68,AC,CT,GG,AA,GG,NN,GG,TT,CC,GG,AA,CT,CC,AT,GT,GT,CG,TT,TT,AA,CC,TT,TT,CT,TT,CC,TT,TT,GG,AA,TT,CC,AA,CC,GG,GG,NN,CG,GG,AC,TT,CC,AC,TT,AA,GG,TT,TT,CC,AC,GG,AA,AG,GG,CC,TT,AA,AC,GT,AA,AA,TT,AT,AG,TT,TT,CC,GG,CT,GT,AA,GG,AC,AA,GG,CC,AT,GG,TT,TT,GG,GG,GG,CC,TT,NN,AA,AA,CG,GT,CC,TT,CC,AT,TT,GG,CT,CC,TT,CC,CC,CC,NN,AA,TT,TT,NN,AA,AA,AC,TT,GG,TT,CG,TT,AC,AC,TT,CC,GG,CC,GG,CC,GG,NN,AA,NN,CC,AC,CC,AA,TT,CC,AA,CC,CC,AA,AT,AA,AA,GG,CC,CC,GG,AA,AG,AA,CC,GG,CC,CC,AA,AG,GG,TT,GG,AC,GT,TT,GG,CC,TT,TT,TT,CG,AA,TT,TT,AA,AA,GG,CC,AA,CT,CC,CC,CC,CC,AA,GG,AG,CC,TT,CC,GG,TT,GG,AT,AA,AA,TT,CC,GG,AC,CC,CC,GG,GG,AC,GG,TT,AA,AA,CC,GG,AA,CC,AA,AT,GG,TT,TT,AT,GG,GT,AT,CC,AT,GG,AA,GG,AA,CT,AA,TT,CC,TT,AC,CC,CT,CG,AA,GG,GG,CC,TT,TT,TT,GG,TT,AA,CC,AA,GG,CC,CC,NN,CC,GG,TT,AA,CG,GT,GG,CG,CG,AT,GG,CC,AA,CC,AA,AA,AC,CC,CC,TT,NN,NN,AA,AA,CC,AA,AG,AA,AA,AA,TT,GG,NN,AG,AA,AC,TT,AG,GG,GG,GG,GG,TT,AA,AA,TT,TT,TT,GG,TT,GG,GG,AC,0.4,Resistant,Medium,Standard,Medium
L0161,Coimbatore,Tamil Nadu,Kharif,Red Loamy,Rainfed,650,29.5,68,CC,CT,GG,GG,GG,CC,GT,TT,CC,CC,AA,CC,CG,TT,GT,NN,GG,TT,TT,AA,CG,TT,TT,CT,TT,CC,TT,TT,GT,AA,TT,CT,AA,AC,GG,GG,GG,CG,GG,CC,TT,CT,AC,TT,AA,NN,TT,TT,CC,NN,GG,AA,AA,GG,CT,GT,AA,AA,GG,AA,AA,GT,AT,NN,TT,AT,CC,GG,TT,GG,AA,GT,CC,AA,AG,AA,AA,GG,TT,TT,GG,TT,GG,CC,AA,GG,AA,AA,CC,TT,CC,TT,CC,TT,GT,GG,TT,CC,TT,CC,CC,CG,AG,AA,AT,TT,CG,AA,AG,AA,CC,GG,TT,CC,TT,AA,AA,TT,CC,AG,CC,GG,CC,GT,CT,AA,CC,CC,CC,CC,AA,TT,AC,AA,CC,CC,AA,TT,AA,AA,GG,CC,CC,GG,NN,AA,AA,CC,GG,CC,CG,AA,AA,AG,TT,GG,AC,TT,NN,NN,AC,GT,GT,TT,CC,AT,TT,TT,AA,TT,GG,CG,AA,TT,CC,CC,GG,CC,AA,GG,GG,CC,NN,CC,GT,TT,CG,AT,AA,AA,TT,CC,GG,AA,CC,CC,GG,GG,AA,GG,CT,AC,AA,CC,GG,AT,AC,AA,AA,GG,TT,AT,TT,GG,TT,AA,CC,TT,GG,AA,GG,AA,CC,AA,TT,CC,TT,AC,CC,TT,GG,AA,CG,AA,CC,AT,TT,GT,GG,AT,AA,CC,AA,GG,CC,CG,GG,CC,GG,TT,AA,CC,GT,GG,CC,CC,AT,GG,CG,AA,CC,AA,AA,AC,CC,CC,TT,AA,NN,AA,CC,AA,AA,AG,AG,AA,AA,TT,GG,AA,AA,AC,AA,CT,AG,AA,GG,GG,GG,TT,AA,AA,TT,TT,TT,AA,AA,GG,GG,AA,2.88,Susceptible,High,Standard,Late
L0162,Coimbatore,Tamil Nadu,Kharif,Red Loamy,Rainfed,650,29.5,68,AA,TT,AG,AG,GG,CC,GG,AT,CC,CG,AA,CC,CG,TT,GT,GG,CG,TT,TT,AA,CG,TT,GT,CC,TT,CC,TT,TT,GT,AA,TT,CT,AA,CC,GG,CG,GG,CG,GG,CC,TT,TT,AC,TT,AA,GG,TT,AT,CC,AA,GT,AA,NN,GG,CT,TT,AT,AC,GT,AC,AA,GT,AT,AG,TT,AT,CC,GG,TT,GG,AA,GT,CC,AA,GG,AA,AT,AG,GT,TT,GG,GT,GG,CC,AA,GG,AA,AA,CC,TT,CC,TT,NN,TT,TT,GG,CT,CC,TT,CC,CC,CC,AG,AA,TT,TT,CC,AA,AA,AA,CT,GG,TT,CC,TT,AA,AA,TT,CG,GG,CC,GG,CC,GT,TT,AA,NN,CC,CC,CG,AA,TT,CC,AA,CC,CC,AA,TT,AA,AT,GG,TT,CC,GG,AA,AA,AA,CC,GT,CC,CC,AA,AA,GG,TT,GG,AC,TT,CT,GG,CC,GT,TT,TT,CG,AT,TT,TT,AT,TT,CG,CC,AA,TT,CC,CC,CG,CC,AA,GG,AA,CC,TT,CC,GT,NN,GG,TT,AA,AA,TT,CC,GG,AC,CC,CG,GG,GG,AA,GG,TT,AA,AA,CC,GG,AA,CC,NN,AT,GG,TT,AT,AT,GG,GG,AT,NN,TT,GT,AA,GG,AA,CT,AA,TT,CC,TT,AC,AC,TT,CC,AA,CC,AA,CC,TT,CT,TT,GG,TT,AA,AC,AA,GG,CG,CC,GG,CC,GG,NN,AA,CC,TT,GG,CC,CG,AA,GG,CC,AT,CC,NN,AA,AC,CC,CC,TT,AA,GG,AA,AA,AC,AC,AG,AG,AA,AG,AT,CG,AC,GG,AC,AA,CT,AA,AA,GG,GG,GG,GT,AA,AA,TT,TT,TT,AA,TT,GG,GG,AA,1.98,Moderate,High,Standard,Late
L0163,Coimbatore,Tamil Nadu,Kharif,Red Loamy,Rainfed,650,29.5,68,AA,TT,GG,AG,GG,CC,GG,AT,CC,CG,AA,CC,CC,TT,TT,GT,CG,AT,TT,AA,CC,GT,GT,CC,TT,CC,TT,TT,GG,AA,TT,CT,AA,CC,GG,CG,GG,CC,GG,CC,TT,TT,AA,TT,AG,AG,TT,AT,CC,AC,GG,AA,AA,GG,CT,TT,AA,AA,GT,AA,AA,TT,TT,AA,TT,TT,CC,NN,TT,GG,AA,GT,AC,AA,GG,AC,AT,GG,NN,TT,GG,GT,GT,CC,AA,GG,AA,AA,CC,GT,AC,TT,TT,TT,TT,GG,CT,CC,GG,CC,CT,CC,AG,AA,NN,TT,NN,AA,AA,CC,CT,GG,TT,CG,NN,AA,AC,TT,CG,AG,CG,AG,CC,GG,CT,AA,CC,CC,CC,CG,AA,TT,CC,AA,CC,CC,AG,TT,AA,AT,GG,CC,CC,NN,AA,AG,AT,AC,GG,CC,CC,AA,AA,GG,TT,GG,AA,TT,TT,GG,AC,TT,GT,TT,CC,AA,TT,CT,AT,TT,CG,CC,AA,CT,CC,CC,CG,CC,AA,GG,GG,CC,TT,CC,GT,TT,GG,TT,AA,AA,TT,CC,GG,AA,AC,CG,GG,GG,AC,GG,TT,AA,AA,CC,GG,NN,CC,AA,AA,GG,TT,TT,AA,GG,GG,AA,CC,AA,TT,AA,GG,AG,CT,AA,TT,CC,TT,AA,CC,TT,GG,AA,CC,GG,CC,TT,TT,TT,GG,TT,AA,CC,AG,GG,CC,CC,GG,CC,GG,AT,AA,CG,TT,GG,CC,CC,AA,AG,CC,NN,CC,AA,AA,CC,CC,AC,TT,AA,GG,AA,AA,AA,AA,AA,AA,AA,AA,TT,GG,AA,AA,CC,AA,TT,AA,AA,GG,GG,GG,NN,AA,AA,NN,TT,TT,AG,TT,GG,GG,AA,3.67,Susceptible,Medium,Premium,Early
L0164,Coimbatore,Tamil Nadu,Kharif,Red Loamy,Rainfed,650,29.5,68,AA,CT,GG,AA,GG,CC,GT,TT,CC,CG,AA,CT,CC,TT,TT,GG,GG,TT,TT,AA,CC,GT,GT,CC,TT,CT,TT,TT,GG,AA,TT,CC,AA,CC,GG,GG,GG,NN,GG,CC,TT,TT,AA,TT,AA,GG,TT,TT,CC,AA,GG,AA,AG,GG,CC,TT,AA,AA,TT,AA,AA,TT,AT,NN,TT,TT,CC,GG,TT,GT,AA,GG,CC,AG,GG,CC,AA,AG,GT,TT,GG,GG,GG,CC,AA,GG,AG,AA,CC,TT,CC,TT,CC,TT,TT,GG,CT,CC,TT,CC,CT,CC,AG,AA,TT,TT,CC,AA,AG,AA,CT,GG,TT,CG,TT,AA,AA,AT,CC,GG,CG,GG,CC,GG,TT,AA,CC,CC,CC,CC,AA,TT,CC,AA,CC,CC,AA,NN,AA,AA,GG,TT,CC,GG,AA,AG,AA,CC,GG,CC,CC,AA,AG,GG,TT,AG,CC,TT,TT,GG,NN,TT,TT,TT,CC,AA,TT,TT,AT,AT,GG,CC,AG,CT,CC,CC,CG,CC,AA,GG,AG,CC,TT,CC,GG,TT,CG,AT,AG,AA,TT,CC,CC,AA,CC,CC,GG,GG,AC,GG,TT,AC,AA,CC,GG,AT,CC,AA,AT,GG,TT,AA,AT,CG,GT,AA,CC,TT,GG,AA,GG,AA,TT,AC,NN,CC,TT,CC,CC,TT,NN,AG,CC,GG,CC,TT,CT,TT,NN,TT,AA,AA,AG,GG,CC,CC,CG,CC,GG,TT,GG,CG,TT,GG,CC,CG,AA,GG,CC,AA,CC,AT,AA,CC,CG,AC,TT,AA,GG,AA,AA,AA,AC,GG,AA,AA,AG,TT,GG,AC,AA,AC,AA,CT,AG,AG,CG,GG,GG,TT,AT,AA,TT,TT,TT,AG,AT,GG,GG,AA,2.17,Susceptible,High,Premium,Medium
L0165,Coimbatore,Tamil Nadu,Kharif,Red Loamy,Rainfed,650,29.5,68,AA,TT,GG,AA,GG,CC,GT,TT,CC,CG,AA,CC,CG,TT,GG,GT,CG,TT,TT,AA,CG,TT,GG,CC,TT,CC,TT,TT,GG,AA,CT,CT,AA,CC,AG,CG,GG,CC,GT,CC,TT,TT,AA,TT,AA,GG,TT,TT,CC,AC,GT,AA,AA,GG,CC,TT,AA,AC,GT,AA,AG,TT,AT,AG,TT,TT,CC,GG,NN,GT,AG,GG,CC,AA,AA,AC,AT,AG,TT,TT,GG,GT,GG,CC,AA,AG,AA,AA,CC,GG,AC,TT,CC,NN,NN,GG,TT,CC,TT,CC,NN,CC,AG,AA,AT,TT,CC,AA,AA,AA,CC,GG,TT,CC,GT,AA,AC,TT,CC,GG,CC,GG,CC,GT,TT,AA,CC,CC,AC,CC,AA,TT,CC,AA,CC,CC,AA,TT,AG,AA,GG,CC,CC,GG,AA,GG,AA,CC,GG,NN,CC,AA,AA,GG,TT,GG,AA,TT,TT,GG,CC,TT,TT,CT,CG,AA,NN,TT,AA,TT,GG,CC,AG,CC,CC,CC,GG,CC,AA,AG,AG,CC,TT,CC,GT,GT,CG,AT,AA,AG,TT,CC,GG,AA,CC,CC,GG,GG,AA,GG,TT,AC,AA,CC,GG,AT,CC,AT,AT,GG,TT,AA,AT,GG,GG,AA,CC,TT,TT,AA,GG,AA,CT,AA,TT,CC,TT,AA,CC,TT,CG,AG,CG,AG,CC,AT,NN,GT,GG,TT,AC,AC,AG,GG,CC,CG,GG,CC,GG,AT,AA,CG,GG,NN,CC,CC,AA,GG,CC,AA,CC,AT,AA,AC,CC,AC,TT,AA,GG,AA,AA,AA,AA,AG,AA,AA,AA,TT,GG,AA,AG,CC,AC,TT,AA,AA,GG,GG,GG,GT,AA,AA,GT,TT,TT,AA,TT,GG,CG,AA,3.96,Susceptible,Low,Premium,Medium
L0166,Coimbatore,Tamil Nadu,Kharif,Red Loamy,Rainfed,650,29.5,68,AC,TT,GG,AG,GG,CC,GG,TT,CC,CG,AT,CC,CC,TT,TT,GT,CG,TT,TT,AA,NN,GT,TT,CC,TT,CC,TT,TT,GG,AA,TT,CT,AA,CC,GG,GG,GG,CG,GG,CC,TT,TT,AA,GT,AG,AG,TT,AT,CG,CC,GT,AT,AA,GG,CT,TT,AA,AA,GG,AC,AA,GT,AT,GG,CC,TT,CC,GG,TT,GG,AA,GG,CC,AA,GG,AC,AT,GG,TT,TT,GG,GG,TT,CC,AA,AG,AA,AA,CC,GT,NN,TT,TT,TT,GT,AG,CT,CC,TT,CC,CC,CC,GG,AA,TT,TT,CC,AA,AG,AA,CC,NN,TT,CC,TT,AA,AA,TT,CC,GG,CC,GG,CC,GT,TT,AA,CT,CC,CC,CC,AG,TT,AC,AA,CC,CC,AA,AT,AA,AT,NN,CC,CC,AG,AA,AA,AA,CC,GG,CC,CG,AA,AA,GG,GT,GG,AC,TT,CT,AG,CC,TT,TT,TT,CC,AT,GT,TT,AA,TT,GG,CG,AA,TT,CC,CC,GG,CC,AA,GG,GG,CC,TT,CC,TT,TT,GG,NN,AA,AA,TT,CC,CC,AA,CC,CC,GG,AG,AC,GG,TT,AC,AG,CC,GG,AA,AC,AA,AA,GG,TT,AT,AT,GG,GT,AT,CC,AT,GT,AA,GG,AA,CC,AA,TT,CC,CT,AA,CC,TT,CG,AA,NN,AG,CC,TT,CT,GG,GG,TT,AA,CC,AA,GG,CC,CG,GG,CC,GG,AT,AA,CC,TT,GG,CG,CC,AA,GG,CC,AA,CC,TT,AA,AA,GG,AC,TT,AA,CG,AT,AC,CC,AA,GG,AG,AA,AA,TT,CG,AA,AA,AC,AA,CT,AG,AA,GG,NN,GG,TT,AT,AA,TT,TT,TT,AG,TT,GG,CG,AA,2.51,Moderate,High,Poor,Medium
L0167,Coimbatore,Tamil Nadu,Kharif,Red Loamy,Rainfed,650,29.5,68,CC,TT,GG,GG,GG,CG,GG,TT,CC,CG,TT,CT,CG,AT,GT,GT,CG,TT,TT,AG,CG,GT,TT,CC,TT,CC,TT,TT,GG,NN,TT,CC,AA,CC,GG,GG,GG,CC,GG,CC,TT,TT,AC,GT,AA,AG,TT,AT,CC,AA,GT,AA,AA,GG,CC,GT,AA,AC,GT,AC,AA,TT,AT,GG,TT,TT,CC,GG,TT,GG,AG,GG,CC,AA,GG,AA,AA,GG,TT,TT,AG,GT,GG,CC,AA,AG,AA,AA,CC,TT,CC,TT,CT,TT,GT,GG,TT,CC,TT,CC,CC,CC,GG,AA,TT,TT,GG,AA,AA,AC,CC,GG,GT,CC,TT,AC,AA,AT,CC,GG,CC,GG,CC,GG,NN,AA,CC,CC,CC,CC,AA,TT,AC,AA,AC,CC,AA,AT,AA,AA,CG,CC,CC,GG,AA,GG,AA,AC,GG,CC,CC,AA,AA,GG,TT,GG,AA,TT,TT,GG,AC,GT,TT,TT,CC,AT,TT,CT,AA,AT,GG,CC,GG,CC,CC,CC,GG,CC,AA,GG,AA,CC,TT,CC,TT,TT,GG,TT,AA,AA,TT,CC,GG,AA,AC,CC,GG,GG,AA,GG,TT,AC,AG,CC,GG,AT,CC,AA,AA,GG,TT,TT,AT,CG,GT,AA,CC,AT,GT,AA,GG,AA,TT,AC,TT,CC,CT,AA,CC,TT,GG,AG,CC,AG,AC,TT,TT,TT,GG,AT,AA,AC,AA,NN,CC,GG,GG,CC,GG,TT,AA,CC,GT,GG,CG,CG,AA,GG,CC,AA,CC,AA,AA,AC,CG,CC,TT,AA,GG,AA,AC,AC,AA,GG,GG,AA,AA,TT,GG,AA,AG,AC,AA,TT,AG,AA,GG,GG,GG,GT,AA,AA,TT,AT,TT,AG,TT,GG,GG,AA,2.29,Susceptible,Low,Poor,Early
L0168,Coimbatore,Tamil Nadu,Kharif,Red Loamy,Rainfed,650,29.5,68,CC,TT,GG,AA,GG,CC,GG,AT,CC,CC,AT,CC,CC,TT,TT,GG,GG,TT,TT,AA,CC,GT,GT,CT,TT,CC,TT,TT,GG,AA,TT,CC,AA,CC,GG,GG,GG,CG,GG,CC,TT,TT,AA,TT,AG,GG,TT,AT,CC,AC,GG,AA,AG,GG,CT,GT,AA,AA,GT,AC,AA,TT,AT,AA,TT,TT,NN,GG,TT,GT,AG,GG,CC,AA,GG,AA,AT,GG,TT,TT,GG,GG,GG,CC,AT,GG,AG,AA,CG,GG,CC,TT,CC,AT,NN,GG,CT,CC,TT,CC,CT,CC,AG,AA,TT,TT,CC,AG,AG,AA,CC,GG,GT,CG,TT,AA,AA,TT,CC,AG,GG,GG,CC,GT,CT,GG,CC,CC,CC,CC,AA,TT,CC,AA,CC,CC,AA,TT,AA,AA,GG,CC,CC,GG,AA,AA,AA,CC,GG,CC,CC,AA,AA,GG,GT,AG,AC,GT,CT,GG,CC,GT,TT,TT,CG,AA,TT,TT,AA,TT,GG,CC,AA,CC,CC,CC,GG,CC,AA,GG,AG,CC,TT,CC,GT,TT,GG,AT,AA,AA,TT,CC,CG,AC,CC,CC,GG,AG,AA,GG,TT,CC,AG,CC,GG,AA,CC,AA,AT,GT,TT,TT,AA,GG,GG,AA,CG,AT,GT,NN,GG,AA,CT,AC,TT,CC,TT,AA,CC,CT,GG,AG,CC,AG,CC,TT,CT,GT,CG,TT,AC,AA,AA,GT,CC,CC,GG,CC,GG,TT,AA,CC,TT,AG,CC,CC,AA,GG,CC,AT,CC,AA,AA,AA,CG,AC,AT,AA,GG,AA,NN,NN,AA,GG,AA,AA,AA,TT,GG,AC,AA,AA,AA,CT,AG,AA,GG,AG,GG,TT,AT,AA,TT,TT,TT,AA,NN,GG,GG,AA,4.41,Susceptible,Low,Standard,Medium
L0169,Coimbatore,Tamil Nadu,Kharif,Red Loamy,Rainfed,650,29.5,68,AC,TT,GG,AG,GG,CC,GG,TT,CC,CC,AA,CC,CC,TT,GT,NN,GG,TT,AT,AA,CC,TT,GT,CC,TT,CC,TT,AT,GG,AA,TT,NN,AG,CC,AG,GG,GG,CC,GG,CC,TT,TT,AA,TT,AG,NN,TT,AT,CC,AC,GT,AA,AG,GG,CC,TT,AT,AC,GT,AA,AA,TT,TT,AA,CT,AA,CC,GG,TT,GG,AA,GG,CC,AA,GG,AA,AT,GG,GT,TT,GG,GG,NN,CC,AA,GG,AA,AT,CC,TT,CC,TT,CC,AT,TT,GG,TT,CC,TT,CC,CT,CC,GG,AA,AT,TT,CC,AA,AG,AA,CC,GG,TT,CG,TT,AA,AC,TT,CC,NN,CG,GG,CC,GT,CT,AA,CC,CC,CC,CC,AA,GT,CC,AA,CC,CC,AA,TT,AA,AA,GG,CC,CC,GG,AA,AG,AA,AC,GT,CC,CC,AG,AA,GG,TT,GG,NN,TT,CT,GG,CC,TT,GT,TT,CC,AT,GT,TT,AA,AT,GG,CC,AA,CT,CC,CC,GG,CC,AA,GG,AA,CC,TT,CC,GG,TT,CC,AT,NN,AA,TT,AC,CG,AA,CC,CC,GG,GG,AA,GG,TT,AA,AG,CC,GG,AA,CC,AA,AT,GG,TT,NN,AT,GG,GT,AA,CG,AT,TT,AA,GG,AA,TT,AA,TT,CG,TT,NN,CC,CT,GG,AA,CC,AG,CC,TT,CT,TT,GG,TT,AA,CC,AA,GG,CC,CG,GG,CC,GG,AT,AA,NN,GT,GG,CC,CC,AT,GG,CG,AT,CC,AA,AA,CC,CG,AC,AT,AA,GG,AA,AA,AA,AA,GG,AA,AA,AA,AT,GG,AA,GG,AC,AA,TT,AA,AA,CG,GG,GG,TT,AT,AA,TT,TT,AT,AG,AT,GG,CG,AA,1.15,Susceptible,Low,Premium,Late
L0170,Coimbatore,Tamil Nadu,Kharif,Red Loamy,Rainfed,650,29.5,68,AC,TT,AG,AG,GG,CC,GT,TT,CC,CG,AA,CC,CC,TT,TT,GT,CG,TT,TT,AA,CC,TT,GG,CC,TT,CC,TT,AT,GT,AA,TT,CC,AA,CC,GG,CC,GG,CC,GG,AC,TT,TT,AA,TT,AG,AG,TT,TT,CC,CC,GG,AA,AA,GG,CC,TT,AA,CC,TT,AA,AG,GT,AT,AG,TT,AT,CC,GG,TT,GG,AA,GT,CC,AA,GG,AA,AT,GG,TT,TT,GG,GG,GG,CC,AA,GG,AA,AA,CC,GG,AC,TT,CC,AT,GT,AG,TT,CC,GT,CC,CC,CG,AG,AA,TT,TT,CG,AA,AG,AA,CC,GG,GT,CG,GT,AA,AA,TT,CC,GG,CC,AG,CC,GG,TT,AA,CC,CC,CC,CC,AA,NN,CC,AA,CC,CC,AA,TT,AA,TT,GG,CT,CC,GG,AA,AG,AA,AC,GG,CC,CC,AA,AG,GG,TT,GG,AC,TT,CT,GG,CC,TT,GG,TT,CC,AT,TT,TT,AT,AA,GG,CC,AA,CC,CC,CC,GG,CC,AA,GG,AG,AC,TT,GG,GT,GG,GG,AT,NN,AA,TT,CC,GG,AA,CC,CC,GG,GG,AC,GG,TT,AA,AA,CC,GT,AA,CC,AA,AT,GG,TT,AT,AA,NN,GG,AT,CC,TT,GG,AA,GG,AA,TT,AA,TT,CC,TT,AA,CC,CC,GG,AA,CC,GG,AC,TT,TT,TT,GG,TT,AC,AC,AA,GT,CC,CG,GG,CG,GG,AT,AA,CG,TT,GG,CC,CC,AA,AG,CC,AA,CG,AA,AA,CC,CG,CC,TT,AA,GG,AA,AA,AA,AC,GG,GG,AA,AA,TT,CG,AA,AG,AC,AA,TT,AA,AA,GG,GG,GG,GT,AA,AA,TT,TT,TT,AG,AA,GG,GG,AA,3.04,Susceptible,Low,Premium,Late
L0171,Coimbatore,Tamil Nadu,Kharif,Red Loamy,Rainfed,650,29.5,68,AC,TT,GG,AA,GG,CC,GG,TT,CC,CC,AA,CT,CC,TT,TT,GG,CG,TT,TT,AA,CC,TT,GT,CC,AT,CC,TT,TT,GG,AA,TT,CT,AA,CC,GG,GG,GG,CC,GG,CC,TT,CC,AA,TT,AA,AG,CT,TT,CC,AC,GT,AA,AA,GG,CC,GT,AA,AC,TT,CC,AA,TT,TT,AG,TT,TT,CC,GT,TT,GG,AA,GG,CC,AA,GG,AC,AA,GG,TT,TT,GG,GG,GG,CC,AA,GG,AA,AA,CG,GT,CC,TT,CC,AT,TT,GG,TT,CC,GG,CC,CC,CC,AG,AA,AT,TT,CC,AG,AG,AA,CC,GG,TT,CG,TT,AA,AA,TT,CG,AG,CC,GG,CC,GT,CT,AG,CC,CC,CC,CC,AG,TT,CC,NN,CC,CC,AG,TT,AA,AA,GG,NN,CC,GG,AA,GG,AA,CC,GT,CC,CG,AA,AA,GG,TT,AG,AC,GT,TT,AG,AC,TT,TT,TT,CC,AT,GT,CT,AT,TT,GG,CC,AA,CT,CC,CC,GG,CC,AA,GG,AG,CC,TT,CC,GG,TT,GG,AA,AA,AA,TT,CC,CC,AA,CC,CC,GG,GG,AC,CC,TT,AA,AA,CG,GG,AT,AA,AA,AT,GG,TT,AT,AA,CG,GT,AA,CC,TT,TT,AA,GG,AA,TT,AA,NN,CC,TT,AA,CC,CT,CG,AA,CC,GG,NN,TT,CC,GT,GG,TT,AA,CC,AA,GG,CC,CC,GG,CC,GG,TT,AA,CC,GT,GG,CC,CC,AA,GG,CC,AA,CC,AA,AA,CC,CC,CC,TT,AA,GG,AA,AA,AC,AA,AG,AA,AA,AA,TT,GG,AA,AA,AA,CC,CT,AG,AA,GG,GG,CG,TT,AT,AA,TT,TT,TT,AA,AT,GG,GG,AA,4.05,Susceptible,Medium,Poor,Medium
L0172,Coimbatore,Tamil Nadu,Kharif,Red Loamy,Rainfed,650,29.5,68,CC,TT,GG,AA,GG,CC,GG,TT,CC,CC,AA,CC,CG,TT,TT,GG,GG,NN,TT,AA,CG,GT,GT,CC,TT,CC,TT,AT,GG,AA,TT,CC,AA,CC,GG,GG,GG,NN,GG,CC,NN,CC,AA,TT,AA,GG,TT,TT,CC,AC,GT,AT,GG,GG,CT,GT,AA,AA,TT,CC,AA,GT,AT,AA,TT,TT,CC,GT,TT,GT,AG,GG,CC,AA,AG,AC,AA,GG,TT,TT,GG,GG,GG,CC,AT,GG,AA,AT,CC,GT,CC,TT,CT,TT,TT,GG,TT,CC,TT,CC,CC,GG,AG,AA,AT,TT,CG,NN,AG,AA,CC,GG,TT,CG,TT,AA,AA,TT,CC,AG,CG,AG,CC,GG,CT,AA,CT,CC,CC,CC,AA,TT,CC,AA,CC,CC,AA,TT,AA,AA,GG,CT,CC,GG,AA,AG,AA,CC,GG,CC,CC,AA,AA,GG,TT,GG,AA,GT,CT,GG,AC,TT,TT,TT,CC,AA,GT,TT,AA,TT,CG,CC,AA,TT,AC,CC,CG,CC,AA,GG,AG,CC,TT,CC,GT,GT,GG,TT,AA,AG,TT,CC,GG,AC,CC,CC,GG,GG,AA,GG,TT,AA,AA,CC,GG,AT,CC,AA,AT,GT,TT,TT,AA,CG,TT,AT,CC,TT,TT,AA,GG,AA,TT,AA,TT,CC,TT,AA,CC,TT,CG,AA,CG,GG,AC,TT,TT,TT,GG,TT,AA,CC,AA,GT,CC,CG,GG,CG,GG,AT,AA,CC,GT,GG,CC,CC,AA,GG,CC,AA,CC,AT,AA,NN,CC,CC,TT,AA,GG,AA,AA,AC,AA,AG,AA,AG,AA,TT,GG,AC,AG,AC,AA,CT,AA,AA,CG,GG,GG,NN,AT,AA,TT,TT,TT,AG,TT,GG,GG,AA,3.97,Susceptible,Medium,Poor,Early
L0173,Coimbatore,Tamil Nadu,Kharif,Red Loamy,Rainfed,650,29.5,68,AA,TT,GG,AA,GG,CC,GG,TT,CC,CC,AA,CT,CG,TT,TT,GG,GG,TT,TT,AA,CC,GT,TT,CC,AT,CC,GT,TT,GG,AA,TT,CC,AA,CC,AG,GG,GG,CC,GG,AC,TT,CT,AA,TT,AA,GG,TT,TT,CG,AC,GG,NN,AA,GG,CT,TT,AA,AA,GG,NN,AA,TT,AA,NN,TT,AT,CC,GG,TT,NN,AA,GG,NN,AA,AG,AC,AT,GG,GT,TT,GG,GG,GG,CC,AA,GG,AA,AA,CC,NN,CC,TT,CT,TT,TT,GG,TT,CC,GG,NN,CC,CC,AG,AA,TT,TT,CC,AA,AG,AA,CC,GG,TT,CC,TT,AC,AA,AT,CG,AG,CC,GG,CC,GG,CT,AA,CC,CC,AC,CG,AA,TT,AC,AA,CC,CC,AA,TT,AA,AA,GG,CC,CC,AG,AA,GG,AA,CC,GG,CC,CC,AA,AA,AG,TT,GG,AA,TT,CT,GG,CC,GT,TT,CT,CG,AA,TT,TT,AT,AA,CG,CC,AA,NN,CC,CC,GG,CC,AA,GG,AG,CC,TT,CC,GG,TT,GG,TT,AA,AA,TT,AA,GG,AA,CC,CC,GG,GG,AA,GG,NN,CC,AA,CC,GG,AT,CC,AA,AT,GG,TT,AT,AT,NN,TT,AA,CC,TT,TT,NN,GG,AA,TT,AC,TT,CC,CT,AC,CC,TT,CG,AG,CC,GG,CC,TT,CT,TT,GG,TT,AC,AC,AA,GG,CC,CC,GG,CC,GG,AT,AG,CC,GT,GG,CC,CC,AA,GG,CG,NN,CC,AA,AG,AC,CC,CC,TT,AA,CG,AA,AA,AA,AA,AA,AG,AG,AA,TT,GG,AA,AG,AC,AA,TT,AG,AA,CG,AG,GG,TT,AA,AA,TT,TT,TT,AG,TT,GG,GG,AA,0.4,Moderate,Low,Premium,Early
L0174,Coimbatore,Tamil Nadu,Kharif,Red Loamy,Rainfed,650,29.5,68,AC,CT,GG,AG,GG,CC,GG,TT,CC,CG,AA,CC,CC,TT,TT,GG,CG,NN,TT,AA,CC,GT,TT,CC,TT,CC,GT,TT,GT,AA,TT,CC,AA,CC,GG,CG,GG,CG,GG,CC,TT,TT,AC,TT,AA,AG,TT,TT,CC,AC,GG,AT,AA,GG,CT,TT,AA,AA,GG,AA,AA,NN,AT,AG,TT,AT,CC,GG,TT,GG,AA,GG,CC,AA,GG,AC,AT,GG,TT,TT,GG,GG,GG,CC,AT,GG,AA,AA,CC,TT,CC,TT,CC,TT,TT,GG,CT,CC,TT,CC,CC,CG,AG,AA,TT,TT,CC,AA,AA,AC,CC,GG,TT,CC,TT,AC,AA,TT,CG,GG,CC,GG,CC,GG,CT,AA,CC,CC,CC,CC,AA,TT,CC,AA,CC,CT,AA,TT,AA,AA,GG,CC,CC,AG,AA,GG,AA,AC,GG,CC,CC,AG,AG,GG,TT,GG,AC,TT,TT,GG,CC,TT,TT,TT,CC,AA,GT,TT,TT,TT,GG,CC,AA,CC,CC,CC,CG,CC,AA,GG,GG,CC,TT,CC,GT,GT,CG,AT,AA,AG,TT,CC,CG,AA,AA,CC,GG,AG,AC,NN,CT,AC,AA,GG,GG,AA,AC,AA,AA,GT,TT,TT,AT,CG,GT,AA,CG,AT,GT,AA,GG,AA,CT,AA,TT,CC,TT,AC,CC,TT,GG,AG,CC,AG,CC,TT,CT,GT,GG,TT,AA,AC,AA,GG,CC,CC,GG,CC,GG,AT,AA,CC,TT,GG,CC,CG,AT,GG,CG,AA,CC,AT,AA,AC,CC,AC,TT,AA,GG,AA,AA,CC,AA,GG,AA,AA,AA,AT,GG,AA,NN,AC,AA,TT,AA,AA,GG,GG,CG,TT,AA,AG,GT,TT,TT,AG,NN,GG,CG,AA,3.97,Susceptible,Low,Standard,Late
L0175,Coimbatore,Tamil Nadu,Kharif,Red Loamy,Rainfed,650,29.5,68,AC,TT,GG,AG,GG,CC,GT,TT,CC,GG,AA,CC,CG,TT,GT,GG,CG,TT,TT,GG,CC,GT,GT,CC,TT,CC,TT,TT,TT,AA,TT,CT,AA,CC,GG,CG,GG,CC,GG,CC,TT,TT,CC,TT,AA,AA,TT,TT,CG,AA,GG,AA,AG,GG,CC,GT,AT,AC,GG,AA,AA,GT,AT,NN,TT,TT,CC,GT,CT,GG,GG,GG,CC,AA,GG,AA,AT,GG,TT,TT,GG,GG,GG,CC,AA,GG,NN,AA,CC,GG,CC,TT,CC,TT,TT,GG,CT,CC,TT,CC,CC,CG,AG,AA,AT,TT,CG,AA,AA,AC,CC,GT,TT,CC,GT,AA,AA,TT,CC,GG,CG,GG,CC,GG,CT,AA,CT,CC,CC,CC,AA,TT,CC,AA,CC,CC,AA,TT,AA,AA,CG,CT,CC,GG,AA,GG,AA,CC,GG,CC,CC,AG,AA,AA,TT,GG,AA,GT,CC,GG,AC,GT,GT,CT,CC,AT,TT,TT,AA,TT,GG,CC,AG,CT,CC,AC,CG,CC,AA,GG,AG,CC,TT,CG,GG,GT,GG,NN,AA,AG,TT,CC,GG,AA,CC,CC,CC,AG,AC,GG,TT,AA,GG,CC,GT,AA,CC,AA,AT,GG,TT,TT,AA,GG,TT,TT,CG,AT,TT,AA,GG,AG,TT,AA,TT,CC,CT,AC,CC,TT,CG,GG,CC,GG,CC,TT,TT,GT,GG,AT,AA,CC,AG,GG,CC,CG,GG,CC,GG,TT,AA,CC,TT,AG,CC,CC,AT,AA,CG,AA,CC,AA,AA,CC,CC,CC,AT,AA,GG,AA,AA,CC,AA,AG,NN,AG,AA,TT,GG,AA,AG,AC,AA,CT,AA,AA,GG,AG,GG,TT,AA,AA,TT,TT,TT,AG,AT,GG,GG,AA,5.07,Moderate,Low,Poor,Early
L0176,Coimbatore,Tamil Nadu,Kharif,Red Loamy,Rainfed,650,29.5,68,AA,TT,GG,AG,GG,CC,GG,TT,CC,CG,AA,CT,CC,TT,TT,GT,CG,TT,TT,AA,CG,GT,GT,CC,AT,CC,TT,AT,GG,AA,TT,CT,AA,CC,AG,GG,GG,CG,GG,CC,TT,CT,AA,GT,AA,AG,TT,AT,CC,AA,GG,AT,AG,GG,CT,GT,AA,AA,TT,AA,AA,TT,AT,AG,TT,AA,CC,GG,TT,GT,AA,GG,CC,AA,GG,AC,AT,GG,TT,TT,GG,GG,NN,CC,AA,GG,AA,AA,CC,GT,CC,TT,CT,TT,GT,GG,NN,CC,TT,CC,CC,CG,AG,AA,TT,GT,CC,AA,AG,AC,CC,GG,TT,CG,GT,AA,AA,AT,CC,GG,CC,GG,CC,GT,CT,GG,CC,CC,CC,CC,AA,TT,CC,AA,CC,CC,AA,AT,AA,AA,GG,CC,CG,GG,AA,AG,AA,CC,GG,CC,CC,AA,AA,GG,TT,GG,AA,TT,TT,GG,AA,TT,TT,TT,CG,AA,GT,TT,AT,TT,CG,CC,AA,CC,AC,CC,CG,CC,AA,GG,GG,CC,TT,CC,GG,TT,GG,AT,AA,AA,TT,CC,GG,AA,CC,CC,GG,GG,AA,GG,TT,AA,AA,CC,GG,AT,CC,AA,AA,NN,TT,AT,AA,GG,GT,AA,CG,AT,GT,AA,GG,AA,TT,AA,TT,CC,TT,AA,AC,TT,GG,AA,CC,AG,CC,TT,CT,GT,GG,TT,AA,CC,AG,GT,CC,CG,GG,CC,GG,TT,AA,CG,GT,GG,CC,CC,AA,GG,CG,AA,CG,AA,AA,CC,CC,AC,TT,AA,CG,AA,AA,AC,AA,NN,AG,AA,AA,TT,NN,NN,AG,CC,AA,TT,AA,AA,GG,GG,GG,GT,AA,AA,TT,TT,AT,AA,TT,GG,GG,AA,3.46,Susceptible,Low,Poor,Late
L0177,Coimbatore,Tamil Nadu,Kharif,Red Loamy,Rainfed,650,29.5,68,AC,TT,GG,AA,GG,CC,GG,AT,CC,CC,AA,NN,CC,AT,GT,GG,CG,TT,TT,AA,CG,TT,GT,CC,TT,CC,TT,TT,GT,AA,TT,CC,AA,CC,GG,GG,GG,CC,GG,CC,TT,CT,AA,GT,AA,AA,TT,TT,CC,AA,GG,AA,AA,GG,CC,TT,AA,AA,GT,AA,AA,GT,AT,AA,TT,AT,CC,GG,TT,GG,AA,TT,CC,AA,GG,AC,AT,GG,TT,TT,GG,GG,GT,CC,AA,GG,AA,AA,CC,GT,CC,TT,CC,TT,TT,GG,TT,CC,TT,CT,CC,CC,AA,AA,TT,TT,CC,AA,AA,AA,CC,GG,TT,CC,GT,AA,AA,TT,CC,GG,CC,GG,CC,GG,CT,AA,CC,CC,CC,CC,AA,TT,CC,AA,CC,CC,AA,TT,AA,AT,CG,CC,CC,GG,AA,AA,AT,CC,GG,CC,CC,AA,AA,AA,GT,GG,AC,TT,TT,AG,CC,TT,TT,TT,CC,AA,TT,CT,AA,AT,GG,CC,AG,NN,AC,CC,GG,CC,AA,GG,AG,CC,TT,CC,GT,TT,CG,AT,AA,AG,TT,CC,GG,AA,CC,CC,CG,GG,AA,GG,TT,AA,AA,CG,GT,AA,AC,AA,AT,GG,GT,AT,AA,CG,TT,AT,CC,AT,GT,AA,GG,AA,TT,AA,TT,CC,CT,AC,CC,TT,CG,AG,CG,GG,AC,TT,TT,GT,GG,TT,AA,CC,AA,GG,CC,CG,GG,CC,GG,AA,AA,CC,NN,GG,CC,CC,AA,GG,CC,AT,CC,AA,AA,AC,CC,AC,AT,NN,GG,AA,AC,AC,AA,GG,AA,AA,AA,TT,GG,AA,AG,CC,AC,CC,AG,AA,CG,GG,GG,GT,AA,AA,GT,TT,TT,AG,TT,GG,GG,AA,3.94,Susceptible,Low,Poor,Early
L0178,Coimbatore,Tamil Nadu,Kharif,Red Loamy,Rainfed,650,29.5,68,CC,TT,GG,AG,GG,CC,GG,TT,CC,CG,AA,CC,CG,AT,NN,GG,GG,TT,TT,AA,CC,GT,GG,CT,TT,CC,TT,NN,GG,AA,TT,TT,AA,CC,GG,GG,GG,CC,GG,CC,TT,CT,AA,TT,AA,AG,TT,AT,CG,NN,GT,AA,AA,GG,CT,TT,AA,AA,GG,AA,AA,TT,TT,GG,TT,TT,CC,GG,CT,GG,AG,GG,CC,AA,GG,AA,AT,AG,GT,TT,GG,GT,GG,CC,AT,AG,AA,AT,CG,GT,AC,TT,CT,TT,TT,GG,TT,CC,TT,CC,CC,CC,AG,AA,TT,TT,CC,AA,AG,AA,CT,GG,TT,CC,GT,AA,AA,TT,CC,AG,CC,AG,CC,GT,CT,AA,CT,CC,CC,CC,AG,GT,AC,AA,AC,CC,AA,TT,AG,AA,GG,CC,CC,GG,AA,AA,AA,CC,GG,CC,CC,AA,AA,GG,TT,AG,AA,GT,CT,GG,CC,TT,TT,CT,CG,AT,TT,TT,AT,TT,GG,NN,AA,TT,CC,CC,CG,CC,AA,GG,AG,CC,TT,CC,GG,GT,GG,TT,AG,AA,TT,CC,GG,AC,CC,CC,GG,GG,AA,GG,TT,AA,AG,CG,GG,AA,AC,AA,AA,GG,TT,TT,AA,CG,GT,AA,CC,TT,GG,AA,GG,AA,NN,AA,AT,CG,CT,AA,CC,CT,GG,NN,CG,AA,CC,TT,TT,GT,GG,AT,AC,CC,AA,GG,CC,CC,GG,CC,GG,TT,GG,CC,TT,GG,CG,CG,AA,GG,CC,AA,CC,AA,AG,CC,CG,AC,TT,AA,GG,AA,AA,NN,AA,GG,AA,AA,AA,TT,GG,AC,AG,AC,AA,CT,AG,AA,GG,GG,GG,TT,AA,AA,GT,TT,TT,AA,TT,GG,GG,AA,4.24,Susceptible,High,Poor,Medium
L0179,Coimbatore,Tamil Nadu,Kharif,Red Loamy,Rainfed,650,29.5,68,CC,TT,GG,AG,GG,CC,GG,AT,CC,CC,AA,CT,CG,TT,TT,GT,CG,TT,TT,AA,CC,GT,TT,CC,AT,CC,TT,TT,GG,AA,TT,CC,AA,CC,GG,GG,GG,CG,GG,CC,TT,CT,AC,TT,AG,GG,CT,TT,CC,AA,TT,AA,GG,GG,CT,TT,AA,AA,GT,AA,AG,TT,TT,AG,CT,AT,CC,GG,TT,TT,AA,GG,CC,AA,GG,CC,AT,GG,TT,TT,GG,GG,GG,CC,AT,GG,AA,AT,CC,GG,CC,TT,CT,TT,GT,GG,TT,CC,GT,CC,CC,CG,AA,AA,TT,TT,CG,AA,AA,AA,CC,GG,TT,CC,TT,AA,AA,TT,CC,GG,CG,GG,CT,GG,TT,AA,CT,CC,CC,CC,AA,GT,CC,AC,CC,CC,AA,TT,AA,AA,CG,CC,CC,GG,AA,AG,AA,CC,GG,CC,CC,AA,GG,AG,GT,AG,AC,TT,CT,GG,CC,TT,GT,TT,CC,AT,TT,TT,AA,TT,GG,CG,AG,TT,CC,CC,CG,CC,AA,GG,AG,CC,TT,CC,GT,GG,GG,AT,AA,AA,TT,CC,GG,AA,AC,CC,GG,GG,NN,GG,TT,AA,AA,CC,GG,AT,AC,AA,TT,GG,TT,AT,AA,CG,GT,AA,CC,TT,GT,AA,GG,AA,TT,AA,TT,CG,CT,AA,CC,CT,GG,AG,CC,AG,CC,AT,CT,TT,GG,TT,AC,CC,AG,GT,CC,CC,GG,CG,GG,TT,AA,CG,GG,GG,CC,CG,AA,GG,CC,AA,CC,AT,AA,AC,CG,CC,TT,AA,GG,AA,AA,AC,AC,AG,AG,AA,AA,TT,CG,AA,AA,AC,AC,CT,AA,AG,GG,GG,GG,GT,AA,AA,TT,NN,TT,AA,AT,GG,NN,AA,3.16,Moderate,High,Premium,Late
L0180,Coimbatore,Tamil Nadu,Kharif,Red Loamy,Rainfed,650,29.5,68,CC,TT,AA,AG,GG,CC,GG,TT,CC,GG,AA,CC,CC,TT,GT,GG,GG,TT,TT,AA,CC,TT,GT,TT,TT,CC,TT,TT,GT,AA,TT,CC,AA,CC,GG,GG,NN,CG,GG,CC,TT,CT,AA,NN,AA,GG,TT,AT,CC,AC,GT,AT,AA,GG,CC,GT,AA,AC,TT,AC,GG,GT,AT,AG,CT,TT,CC,GG,TT,GG,AG,GG,CC,AA,GG,AC,AA,GG,TT,TT,GG,GT,GG,AC,AA,GG,NN,AT,CC,TT,CC,GT,CT,TT,TT,GG,TT,CC,GT,CT,CC,GG,GG,AA,TT,TT,CG,AG,AA,AA,CC,GG,TT,CC,TT,AA,AA,TT,CG,AG,CG,AG,CC,GT,CT,AG,CC,CC,CC,CC,AA,TT,CC,NN,CC,CC,AA,TT,AA,AA,GG,CC,CC,GG,AA,AA,AT,CC,GT,CC,CC,AA,AA,AG,GT,GG,AC,TT,CC,AG,AC,GT,GT,NN,CC,AA,GT,TT,AA,TT,GG,CC,AA,CT,CC,CC,CC,AC,NN,GG,AG,CC,TT,CC,GG,TT,GG,AT,AA,AG,TT,CC,CG,CC,CC,CC,GG,GG,AC,GG,TT,AA,AA,CC,GT,AA,AC,AT,AT,GG,TT,AT,AT,GG,GT,AA,CC,TT,TT,AA,GG,AA,CT,AA,TT,CG,TT,AC,CC,CC,CC,AA,CC,AG,CC,TT,TT,TT,GG,TT,AA,AC,AA,GG,CC,CG,GG,CC,GG,AT,AA,CG,TT,GG,CC,CC,AA,GG,CG,AA,CG,AT,AA,AC,NN,CC,TT,AA,GG,AA,AA,AC,AC,NN,AG,AA,AA,TT,CG,AA,AA,CC,AC,TT,AA,AA,CG,GG,GG,GT,AA,AG,TT,TT,TT,AG,TT,GG,GG,AA,4.43,Susceptible,High,Standard,Early
L0181,Coimbatore,Tamil Nadu,Kharif,Red Loamy,Rainfed,650,29.5,68,AC,TT,GG,AG,GG,CC,GG,TT,CC,CG,AA,CC,CC,AT,TT,GG,GG,TT,TT,AA,CG,GT,GT,CT,TT,CC,TT,TT,GG,AA,TT,CC,AA,CC,GG,GG,GG,CC,GG,CC,TT,CC,AC,TT,AA,AG,TT,TT,CC,AC,GG,AA,AA,GG,CC,GT,AT,AA,GG,AA,AA,GT,AT,AG,TT,AT,CC,GG,TT,GT,GG,GG,CC,AA,GG,CC,AT,NN,TT,TT,GG,GG,GG,AC,AA,GG,AA,AT,CC,GT,CC,TT,CT,TT,TT,GG,TT,CC,TT,CT,CC,CG,GG,AA,TT,TT,CC,AG,AA,AA,CC,GG,TT,CG,TT,AA,AC,TT,CC,AA,CC,GG,CC,GT,CT,AA,CC,CC,CC,CG,AA,TT,CC,NN,CC,CC,AA,TT,AA,AA,GG,CC,CC,GG,AA,AA,AA,CC,GG,CC,CC,AA,AA,GG,TT,GG,CC,GT,CT,GG,CC,GT,TT,TT,CC,AT,GT,TT,AA,TT,GG,CC,AG,TT,CC,CC,GG,CC,AA,AG,AA,CC,TT,CC,GT,TT,CG,AT,AA,AA,TT,CC,GG,AA,CC,CC,GG,GG,AA,CC,TT,AA,AA,CC,GG,AA,CC,AT,AA,GG,TT,TT,AT,GG,GG,AA,CC,TT,GT,AA,GG,AA,CT,AA,TT,CG,TT,AC,CC,TT,GG,AA,CC,AG,AC,TT,NN,GT,GG,TT,AC,AC,AA,GG,CC,CG,GG,CC,GG,AT,AG,CG,TT,GG,CC,CC,AA,AG,CG,AA,CC,AA,AA,CC,CG,AC,TT,AA,GG,AA,AA,AC,AC,GG,AG,AA,AA,TT,GG,AA,AG,CC,AA,CT,AA,AA,GG,GG,GG,TT,AA,AA,TT,TT,NN,AA,AT,GG,NN,AC,4.0,Resistant,High,Standard,Medium
L0182,Coimbatore,Tamil Nadu,Kharif,Red Loamy,Rainfed,650,29.5,68,AA,TT,GG,AA,GG,CC,GT,AT,CC,CC,AA,CT,CC,AT,GT,GG,GG,TT,AT,AG,CC,NN,GT,CC,AA,CC,TT,TT,GG,AA,CT,CT,AA,CC,GG,GG,GG,CG,GG,CC,TT,CT,AC,TT,AA,GG,TT,TT,CC,CC,GG,AA,AG,GG,TT,TT,AA,AA,GT,AA,AA,GT,AT,AA,TT,AT,CC,GG,TT,GG,AA,GG,CC,AG,GG,AC,AA,GG,TT,TT,GG,GG,GT,CC,AA,AG,AA,AA,CC,GT,CC,TT,CT,TT,TT,GG,TT,CC,TT,CC,CT,CC,AG,AG,TT,TT,CC,AA,AG,AC,CC,GG,TT,CC,TT,AC,AA,AT,CC,GG,CC,GG,CC,GG,TT,AA,CC,CC,CC,CC,AA,TT,CC,AC,CC,CC,AA,TT,AG,AA,GG,CC,CC,GG,AA,AA,TT,AC,GG,CC,CC,AA,AG,GG,GT,AG,AC,TT,TT,AG,CC,TT,TT,TT,CC,AT,TT,CT,AA,AT,GG,CC,AA,CC,CC,CC,GG,CC,AA,GG,AA,CC,TT,CC,GT,TT,CG,TT,AA,AA,TT,CC,CG,AA,CC,CC,GG,GG,AC,GG,TT,NN,AA,CC,GT,AA,AC,AA,AA,GG,GT,AT,AA,GG,GT,AA,CC,AT,GG,AA,GG,AA,TT,AC,TT,CC,TT,AC,CC,TT,GG,AG,CG,AG,CC,TT,CT,GT,GG,TT,AA,CC,AA,GT,CC,CG,GG,CC,GG,TT,AA,CC,GT,GG,CC,CC,AA,AG,CC,AA,CC,AA,AA,CC,CG,AC,AT,AA,GG,AA,AA,AA,AA,AG,AA,AG,AA,AT,GG,AA,AG,CC,NN,CT,AA,AG,GG,GG,GG,TT,AA,AA,TT,TT,TT,AG,TT,GG,CG,AA,3.0,Susceptible,Low,Premium,Early
L0183,Coimbatore,Tamil Nadu,Kharif,Red Loamy,Rainfed,650,29.5,68,AA,TT,AG,AG,GG,CC,GT,AT,CC,CG,AA,CC,CC,TT,GG,GG,CG,TT,TT,AG,CC,TT,GT,CC,TT,NN,GT,TT,GG,AA,CT,CT,AA,CC,GG,GG,GG,CG,GG,CC,TT,TT,AA,TT,AA,AG,TT,TT,CC,NN,GG,AA,AA,GG,CC,TT,AA,AA,GT,AC,NN,TT,TT,AG,TT,AA,CC,GG,TT,GG,AG,GG,CC,AA,GG,AC,AA,GG,TT,CT,AA,GG,GG,CC,AA,GG,AA,AA,CC,GG,AC,TT,CC,TT,TT,GG,TT,AC,TT,CC,CT,CG,AG,AA,TT,TT,CC,AA,GG,AA,CT,GG,TT,CC,GT,AA,AA,TT,GG,GG,CC,GG,CC,GG,TT,AA,CC,CC,CC,CC,AA,TT,CC,AA,CC,CC,AA,AT,AA,AA,GG,TT,CC,GG,AA,AG,AA,CC,GT,CC,CC,AG,GG,GG,TT,GG,AC,TT,TT,GG,CC,GG,TT,CT,CC,AA,TT,TT,AT,TT,GG,CC,AG,CT,NN,CC,GG,CC,AA,GG,AA,CC,TT,CC,TT,TT,CG,TT,NN,AA,TT,CC,CG,AA,AC,CC,GG,GG,AA,GG,TT,AC,AA,CC,GG,AA,AC,AA,AT,GG,GT,AT,AT,GG,GT,AA,CG,TT,GG,AA,GG,AA,CT,AC,TT,CC,TT,AA,NN,TT,GG,AA,CG,AG,CC,TT,CT,TT,GG,AT,AA,CC,AA,GG,CC,CG,GG,CC,GG,AT,AA,CC,TT,GG,CC,CG,AA,AG,CG,AA,CC,AA,AA,CC,CC,AC,TT,AA,GG,AA,AC,AA,AC,GG,AA,AG,AA,TT,GG,AA,AA,AC,CC,NN,AA,AA,GG,GG,CG,TT,AA,AA,TT,TT,TT,AG,TT,GG,CG,AA,2.23,Moderate,High,Standard,Medium
L0184,Coimbatore,Tamil Nadu,Kharif,Red Loamy,Rainfed,650,29.5,68,AC,TT,GG,AG,GG,CC,TT,TT,CC,CC,AA,CC,CG,TT,TT,GG,GG,TT,TT,AA,CC,GG,GT,CT,TT,CC,TT,AT,GG,AA,TT,CT,AA,CC,AG,GG,GG,CC,GG,CC,TT,TT,AA,TT,AA,GG,TT,TT,CC,AC,GG,AA,AA,GG,CT,GT,AA,AA,GG,AA,AG,TT,TT,AA,CT,TT,CC,GG,TT,GG,AG,GG,AC,NN,GG,AA,AT,AG,TT,TT,GG,GG,GT,CC,AA,GG,AA,AA,CC,GT,CC,TT,CT,TT,TT,GG,TT,CC,TT,CC,CC,CG,AG,AA,TT,TT,CC,AA,AA,AC,CT,GG,TT,CG,TT,AC,AC,TT,CC,AA,CG,GG,CC,GT,TT,AG,CC,CC,CC,NN,AA,TT,CC,AA,CC,CT,AA,TT,AA,AA,GG,CT,CC,GG,AA,AG,NN,CC,TT,CC,CC,AA,AG,AG,TT,GG,AC,TT,TT,GG,AC,GG,TT,TT,CG,AA,TT,TT,AT,NN,GG,CC,AG,TT,AC,CC,GG,CC,AA,GG,AG,CC,TT,CC,GG,TT,GG,TT,AA,AA,TT,CC,GG,CC,AC,CC,GG,AG,AA,CG,TT,AC,AA,CC,GG,AA,CC,AA,AA,GT,TT,TT,AA,CG,GT,AT,CC,AT,TT,AA,GG,AA,TT,AA,TT,CC,TT,AA,CC,CT,CG,AA,CC,AG,AC,AT,CT,GT,GG,TT,AA,AC,AA,GG,CC,CC,GG,CC,GG,AT,AA,CC,TT,GG,CG,CC,AA,GG,CC,AA,CC,AA,AA,AA,CG,AC,TT,AA,GG,AA,AC,AC,AA,GG,AG,AA,AA,TT,GG,AA,AG,NN,AA,TT,AA,AA,CG,AA,GG,TT,AA,AA,TT,TT,TT,AA,AT,GG,GG,AA,1.66,Susceptible,High,Poor,Medium
L0185,Coimbatore,Tamil Nadu,Kharif,Red Loamy,Rainfed,650,29.5,68,AC,TT,GG,AA,GG,CC,GT,TT,CC,CG,AA,CC,CC,AT,GT,GG,GG,TT,TT,AA,CC,TT,GG,CC,TT,CC,TT,TT,GG,AA,TT,CT,AA,CC,GG,GG,GG,CC,GG,CC,TT,CT,AA,GT,AA,GG,TT,TT,CC,CC,GG,AA,AA,GG,NN,GT,AA,AA,GT,AC,AA,TT,AT,AA,TT,TT,CC,GG,CT,GG,AA,GG,CC,AA,GG,AC,TT,GG,TT,TT,GG,GG,GG,CC,AA,GG,AA,AA,CC,GT,CC,TT,CT,TT,TT,AG,CC,CC,TT,CT,CT,CC,GG,AA,TT,TT,CC,AA,AA,AA,CT,GG,TT,CC,TT,AA,AA,AT,CC,NN,CC,AG,CC,GT,CT,AA,CT,CC,CC,CC,AA,TT,AC,AA,CC,CC,AA,TT,AA,AA,GG,CC,CC,GG,AA,AG,AA,AC,GG,CC,NN,AA,AG,GG,TT,GG,CC,TT,CT,GG,AA,TT,TT,TT,CC,AA,TT,TT,AT,AT,CG,CC,AA,CC,AC,AA,GG,NN,AA,GG,AG,CC,TT,CG,GT,GT,CG,TT,AG,AA,TT,CC,GG,AA,AC,CC,NN,GG,AA,GG,TT,AA,AA,CC,GT,AA,CC,AA,AA,GG,TT,AT,AT,CG,GG,AT,CC,AT,GG,AA,GG,AA,TT,AA,TT,CC,TT,AA,CC,CT,GG,AA,CC,GG,CC,TT,CT,TT,GG,TT,AC,CC,AA,GG,CC,CC,GG,CC,GG,TT,AG,NN,TT,GG,CC,CC,AA,GG,CC,AT,CC,AA,AA,CC,CC,CC,TT,AA,GG,AA,NN,AA,AA,AG,AG,AA,AA,TT,GG,AC,AA,AC,AC,CT,AA,AA,GG,GG,GG,GT,AA,AA,TT,TT,TT,AA,AT,GG,GG,AC,4.71,Resistant,Low,Poor,Medium
L0186,Coimbatore,Tamil Nadu,Kharif,Red Loamy,Rainfed,650,29.5,68,AC,TT,AG,AA,GG,CC,GG,AT,CC,CC,AA,CC,CG,TT,TT,GG,GG,TT,TT,AA,CC,TT,TT,CC,TT,CC,GT,TT,GG,AA,TT,NN,AA,CC,GG,GG,GG,CC,GG,CC,GT,TT,AA,GT,AA,AG,TT,AT,CC,AC,GG,AT,AA,GG,CC,GT,AA,AC,TT,AA,AA,TT,TT,GG,TT,AT,CC,GG,TT,GG,AG,GG,CC,AG,GG,CC,AT,GG,GT,TT,GG,GG,GG,CC,AA,GG,AA,AA,CC,TT,CC,TT,CT,TT,GT,GG,CT,CC,TT,CT,CC,CG,AG,AA,TT,TT,CC,AA,AG,AA,CC,GG,TT,CC,TT,AA,AA,AT,CC,NN,CG,AA,CC,GG,CT,AA,CC,CC,CC,CC,AA,GT,AC,AA,CC,CC,AA,TT,AA,AT,GG,CT,CG,GG,AA,AA,AA,NN,GT,CC,CG,AA,AA,AG,TT,GG,CC,TT,CT,GG,AC,TT,TT,TT,CC,AA,GT,TT,AA,TT,GG,CC,AA,CC,CC,CC,CG,CC,AA,GG,AG,CC,TT,CC,GG,TT,CC,AT,AA,AG,TT,CC,GG,AA,CC,CC,GG,GG,AA,GG,TT,AA,AG,CC,GT,AT,CC,AA,AT,GT,TT,AT,AT,GG,GG,TT,CC,AA,GT,AA,GG,AA,CT,AA,TT,CC,TT,AC,CC,TT,CG,AG,CC,AG,AC,AT,TT,TT,GG,AT,AA,CC,AG,GG,CC,CG,CG,CC,GG,TT,AA,CC,GG,GG,CC,CG,AA,GG,CC,AA,CG,AA,AA,CC,CC,AC,AT,AA,CG,AA,AA,AA,AA,AA,AG,AA,AA,TT,GG,AC,AG,AC,AA,NN,AA,AG,GG,GG,GG,NN,AA,AA,TT,TT,TT,AG,TT,GG,GG,AA,7.51,Moderate,Low,Poor,Medium
L0187,Coimbatore,Tamil Nadu,Kharif,Red Loamy,Rainfed,650,29.5,68,AC,TT,AG,AG,GG,CC,GG,AT,CC,GG,AA,CT,CC,AT,TT,GG,GG,TT,TT,AA,CC,GG,TT,CT,TT,CC,TT,TT,GG,AA,TT,CC,AA,CC,GG,CC,GG,GG,GG,CC,TT,CT,AA,TT,AG,GG,TT,AT,CC,AA,GG,AA,AA,GG,CC,TT,TT,AC,GG,AC,AA,TT,TT,AG,TT,TT,CC,GG,TT,GG,AA,GG,CC,AA,GG,AA,AA,GG,NN,TT,GG,GG,GG,CC,AT,GG,AA,AA,CC,TT,CC,TT,CC,TT,GT,GG,TT,CC,TT,CC,CT,CC,AA,AA,TT,TT,CC,AA,GG,AC,CT,GG,TT,CC,TT,AC,AA,TT,CC,GG,CC,GG,CC,GG,CT,AA,CC,CG,CC,CC,NN,TT,AC,AA,CC,CT,AA,TT,AA,AA,CG,CC,CC,GG,AA,AA,AA,CC,GG,CC,CG,AA,AG,GG,TT,AA,AC,TT,TT,GG,CC,GG,GT,TT,CC,AT,TT,TT,NN,AT,CG,NN,AA,CT,CC,CC,GG,CC,AA,AG,AA,CC,TT,CC,GT,GT,CG,TT,AA,AA,TT,AA,GG,AA,AC,CC,GG,GG,AA,GG,TT,AA,AG,CC,GG,AA,AC,AA,AA,GG,TT,AT,AT,GG,GT,AA,CC,TT,TT,AA,GG,AA,CT,AA,TT,CC,NN,AC,CC,TT,GG,GG,CC,AG,CC,TT,TT,TT,GG,TT,AA,AC,GG,GG,CC,CG,GG,CC,GG,AT,AA,CC,TT,GG,CC,CC,AA,GG,CC,AA,CG,AA,AA,AC,CC,AA,TT,AA,GG,AA,AA,AA,AC,AA,AG,AG,AA,TT,CG,AC,AG,AC,AC,CT,AA,AA,CG,AG,GG,TT,AA,AA,TT,TT,TT,AG,AT,GG,CG,AA,3.18,Susceptible,High,Premium,Early
L0188,Coimbatore,Tamil Nadu,Kharif,Red Loamy,Rainfed,650,29.5,68,AA,TT,GG,AG,GG,CC,GG,TT,CC,CG,AA,CC,CC,TT,TT,GG,GG,TT,TT,AG,CC,TT,TT,CT,TT,CC,TT,TT,GG,AA,TT,CC,AA,CC,GG,GG,GG,CC,GG,CC,TT,CT,AA,GT,AA,AA,TT,AT,CC,AC,GG,AA,AA,GG,CC,GT,AT,AC,GT,AA,AA,GT,AT,AG,TT,AT,CC,GG,TT,GT,AA,TT,CC,AA,AG,AC,AA,GG,TT,TT,GG,GG,GG,CC,AT,AG,AA,AA,CG,GT,CC,TT,CC,TT,GT,AG,TT,CC,TT,CC,CC,GG,GG,GG,TT,TT,CC,AA,AA,NN,CC,GG,TT,CC,TT,AC,AC,TT,CC,AG,CC,GG,CT,GG,TT,AG,CC,CC,CC,CC,AA,GT,AC,AA,CC,CT,AA,TT,AG,AA,CG,CC,CC,GG,AG,AG,AA,CC,GT,CC,CG,AG,AG,NN,TT,GG,AC,TT,CT,GG,CC,GT,TT,CT,CG,AA,GT,TT,AA,TT,CG,CC,AG,CT,CC,CC,CG,CC,AA,GG,AG,CC,TT,CG,GT,TT,GG,AT,AA,AG,TT,CC,CG,AA,AC,CC,GG,GG,CC,CG,TT,AA,AA,CG,GG,AT,CC,AA,AT,GG,TT,AT,AA,GG,TT,AT,CG,AT,GT,AA,GG,AG,CT,AA,TT,CC,TT,AA,CC,TT,GG,AG,CG,AG,AC,TT,TT,TT,GG,TT,AA,AC,AG,NN,CC,CG,GG,CC,GG,AA,NN,CG,TT,GG,CC,CC,AT,AG,CG,AT,CC,AT,AA,CC,CG,AC,TT,AA,GG,AA,AC,AC,AC,GG,AG,AA,AA,TT,GG,AA,AA,AC,AC,CT,AG,AA,GG,GG,GG,TT,AA,GG,TT,TT,TT,AG,TT,GG,GG,AA,2.4,Susceptible,Low,Poor,Early
L0189,Coimbatore,Tamil Nadu,Kharif,Red Loamy,Rainfed,650,29.5,68,AC,TT,GG,AA,CG,CC,GT,TT,CC,GG,AT,CT,CC,TT,GT,GG,GG,TT,TT,AA,CG,TT,GT,CT,TT,CC,TT,AT,GG,AA,TT,CC,AA,CC,AA,GG,GG,NN,GG,CC,NN,CT,AA,TT,AA,GG,TT,TT,CC,CC,GG,AT,AA,GG,CC,TT,AA,AA,TT,CC,AA,TT,TT,AG,TT,AT,CC,GG,TT,GT,AG,GG,CC,AA,GG,AA,AA,GG,TT,TT,GG,GG,GG,CC,AA,GG,AA,AA,CG,GT,CC,GG,CC,TT,TT,GG,CT,CC,GT,CC,CC,CG,AA,AA,TT,TT,CG,AA,AA,AA,CT,GG,TT,CG,GT,AA,AA,TT,CC,AG,CC,AG,CC,GG,NN,AA,CC,CC,CC,CC,AA,TT,CC,AA,CC,CC,AA,TT,AA,AT,GG,CC,CC,GG,AA,AG,AA,NN,GG,CC,CC,AA,AG,GG,GT,GG,AA,TT,CT,GG,AC,TT,GT,CT,CC,AA,GT,CT,AA,TT,GG,CC,AA,CT,CC,CC,GG,CC,AA,GG,AG,CC,TT,CC,GT,TT,CG,AA,AA,AA,TT,CC,CG,AC,CC,CC,GG,GG,AA,CG,TT,AA,AA,CG,GG,AT,AC,AA,AT,GG,TT,TT,AA,CG,GG,AT,CC,TT,GG,AT,GG,AA,CC,AA,TT,CC,CT,AA,CC,TT,GG,AA,CC,AG,CC,TT,CT,TT,GG,TT,AA,CC,AG,GG,CC,CG,GG,CG,GG,AA,AA,CC,TT,GG,CG,CC,AA,GG,CC,AA,CC,AA,AA,AC,CC,CC,TT,AA,CG,AA,AA,AC,AA,AG,GG,AA,AA,TT,GG,AA,AG,AC,AC,TT,AG,AG,GG,GG,GG,TT,AA,AA,TT,TT,TT,AA,AT,GG,GG,AA,4.06,Susceptible,Low,Standard,Late
L0190,Coimbatore,Tamil Nadu,Kharif,Red Loamy,Rainfed,650,29.5,68,AA,TT,AG,GG,GG,CG,GG,TT,CC,GG,AA,CT,CC,AT,TT,GG,GG,TT,TT,AA,CC,TT,GT,CT,TT,CC,TT,TT,GG,AA,CT,CC,AA,CC,GG,CG,GG,GG,GG,CC,TT,CT,AA,TT,AG,AG,TT,TT,CC,AC,GT,AA,AG,GG,CT,GG,AT,AA,GT,AA,AA,TT,AT,AG,TT,TT,CC,GG,TT,GG,AA,GT,NN,AA,GG,AC,AA,AG,GT,TT,GG,GG,GG,CC,AA,GG,AA,AT,CC,GT,AC,TT,CT,TT,GT,GG,TT,CC,GT,CT,CT,CG,AG,AA,TT,TT,CC,AA,AA,AA,TT,GG,TT,CC,TT,AA,AA,TT,CC,GG,CC,GG,CT,GT,TT,AA,CC,CC,CC,CC,AA,TT,CC,AA,CC,CT,AA,TT,AA,AA,CC,CT,CC,GG,AG,AA,AA,CC,GG,CC,CC,AA,AA,GG,GT,GG,AA,TT,TT,GG,CC,GT,TT,CT,CG,AA,TT,TT,AA,AT,GG,NN,AG,CC,CC,CC,CC,CC,AA,GG,GG,CC,TT,CG,GT,TT,GG,TT,AG,AA,TT,CC,GG,AC,CC,CC,GG,NN,AA,GG,TT,AA,AA,CC,GG,AA,CC,AT,AA,GT,TT,AT,AT,GG,GT,AT,CC,TT,TT,AA,GG,AA,TT,AA,TT,CC,TT,AA,CC,TT,GG,AA,CG,AG,CC,TT,CC,TT,GG,TT,AC,CC,AG,GG,CC,CC,GG,CC,GG,AT,AA,CC,TT,GG,CC,CC,AA,GG,CC,AT,CC,AA,AA,CC,CC,CC,TT,AA,GG,AA,AA,AA,AA,NN,AA,AA,AA,TT,GG,AA,AA,AC,AC,CT,AA,AA,GG,NN,GG,TT,AA,AA,TT,TT,TT,AG,AT,GG,CG,AA,4.8,Susceptible,Low,Poor,Medium
L0191,Coimbatore,Tamil Nadu,Kharif,Red Loamy,Rainfed,650,29.5,68,AA,TT,GG,AG,GG,CG,GG,TT,CC,CC,AA,CT,CG,AT,NN,GG,GG,TT,TT,AA,CC,TT,GT,CC,TT,CC,TT,TT,GT,AA,TT,CC,AG,CC,GG,CC,GG,CG,GG,CC,TT,TT,AA,GT,AG,GG,CT,TT,CC,AC,GG,AA,AG,GG,CC,GT,AA,AA,GG,AC,AA,GT,TT,AG,TT,TT,CC,NN,TT,GG,AG,GG,CC,AA,AG,NN,AA,GG,TT,TT,GG,GG,GG,CC,AT,GG,AG,AA,CG,GG,NN,TT,CT,TT,TT,GG,TT,CC,TT,CC,CT,GG,AG,AG,AT,TT,CC,AA,AG,AA,CC,GG,TT,CC,TT,AA,AA,TT,CG,GG,CG,GG,CC,GG,TT,AA,CC,CC,CC,CC,AA,TT,CC,AA,CC,CC,AA,TT,AA,AA,GG,CC,CC,GG,AA,AG,AA,CC,GG,CC,CG,AA,AG,GG,GT,GG,AA,GT,TT,GG,AC,TT,TT,TT,CC,AA,TT,TT,AA,TT,GG,CG,AG,CC,CC,CC,CG,CC,AA,GG,AA,CC,TT,CG,GT,GT,GG,AA,AA,AA,TT,CC,GG,AC,CC,CC,GG,GG,AA,GG,TT,AC,AA,CC,GT,AT,AC,AA,AT,GG,TT,AT,AA,CG,GG,AT,CC,AT,TT,AA,GG,AA,TT,AA,TT,CC,TT,AA,CC,TT,CG,AG,CG,AG,CC,TT,TT,GT,GG,TT,AA,CC,AA,GG,NN,CG,GG,CC,GG,AT,AG,GG,GT,GG,CG,CC,AA,AG,CC,TT,CC,AT,AA,CC,CC,AC,AT,AG,GG,AA,AA,AC,AA,AG,AG,AA,AA,TT,GG,AA,AA,CC,AC,CT,AG,NN,CG,GG,GG,TT,AA,AA,GT,TT,TT,GG,AT,GG,GG,AC,3.67,Moderate,Low,Standard,Early
L0192,Coimbatore,Tamil Nadu,Kharif,Red Loamy,Rainfed,650,29.5,68,AA,TT,AA,AA,GG,CC,GG,TT,CC,CG,AT,CC,GG,TT,GT,GG,CG,TT,TT,AA,CG,TT,GT,CC,TT,CC,TT,TT,GG,AA,TT,CC,AA,CC,GG,CG,GG,CC,GG,AA,TT,CC,AA,TT,AA,GG,TT,TT,CC,AC,GG,AA,AG,GG,CC,TT,AT,AC,GT,AA,AA,TT,TT,AG,TT,TT,CC,GG,TT,GG,AA,GG,CC,AA,GG,AA,AT,GG,GT,TT,GG,GT,GT,CC,AT,AA,AA,AA,CG,TT,CC,TT,CT,TT,GT,GG,TT,CC,TT,CC,CT,CC,AG,AG,AT,NN,CC,AA,GG,AA,CC,GG,TT,CG,TT,AC,AA,TT,CC,GG,CC,GG,CT,GT,NN,AA,CT,CC,CC,CC,AA,TT,AC,AA,CC,CC,AA,TT,AA,AA,GG,CC,CC,GG,AG,AG,AA,CC,NN,CC,CC,AA,AA,AG,GT,GG,CC,GT,CT,GG,CC,TT,GT,TT,CC,AA,TT,TT,AT,TT,GG,CC,AG,CC,CC,CC,GG,AC,AA,AG,AG,CC,TT,CC,TT,TT,GG,TT,AA,AG,TT,NN,GG,AA,CC,NN,GG,GG,AA,GG,TT,AC,AA,CC,GG,TT,AA,AA,AT,GG,TT,TT,AA,GG,GT,AA,CG,NN,GT,AA,GG,AA,NN,AA,AT,CC,TT,AA,CC,CT,GG,AA,CC,GG,CC,TT,CT,TT,GG,TT,AA,AC,AA,GG,CC,CG,GG,CC,GG,AT,AA,CC,GT,GG,CC,GG,NN,AG,CC,TT,CC,AT,AA,AC,CC,AC,TT,AA,GG,AA,AA,AA,AA,AG,GG,AA,AG,TT,GG,NN,AG,AC,AA,TT,AA,AA,CG,GG,CG,TT,AA,AG,GT,TT,TT,AA,AT,GG,CG,AA,4.39,Susceptible,Medium,Premium,Late
L0193,Coimbatore,Tamil Nadu,Kharif,Red Loamy,Rainfed,650,29.5,68,AA,CT,AG,AG,GG,CC,GG,TT,CC,CG,AA,CC,CG,AT,TT,GT,CG,TT,TT,NN,CC,TT,TT,CT,TT,CC,TT,TT,GG,AA,TT,CC,AA,CC,GG,GG,GG,CC,GG,CC,TT,TT,AA,TT,AG,GG,TT,AT,CC,CC,GG,AA,AG,GG,CC,TT,AA,AC,GT,AC,AG,GT,AT,AA,TT,AA,CC,GG,TT,GG,AG,GG,CC,AA,GG,AC,AA,GG,TT,TT,AG,GG,GG,CC,AA,GG,AA,AA,CC,GT,CC,TT,CC,TT,TT,AG,CT,CC,GT,CC,CC,NN,AG,AA,TT,TT,CC,AA,AA,AA,CC,GG,TT,CC,TT,AA,AA,TT,CG,GG,CC,GG,CC,GT,TT,AA,CC,CC,CC,CC,AA,TT,CC,AA,CC,CC,AA,AT,AA,AA,CG,CC,CC,GG,AG,GG,AA,AC,TT,CG,CC,AA,GG,GG,TT,GG,CC,TT,CT,GG,AC,TT,NN,TT,CG,AT,TT,TT,AA,TT,GG,CC,AA,CT,CC,CC,CG,CC,AA,GG,AG,CC,GT,CC,GG,TT,GG,AT,AG,AG,TT,AC,GG,AC,CC,NN,GG,GG,AA,GG,TT,AC,AA,CC,GG,AA,AC,AT,AA,GT,TT,AT,AT,CG,TT,AT,GG,TT,GT,AA,GG,AA,TT,AA,TT,CC,TT,AC,CC,TT,GG,AG,CC,AG,CC,TT,TT,GG,GG,TT,AA,AC,AG,GG,CC,CG,GG,CC,GG,TT,AA,CC,GT,GG,CC,CC,AT,GG,CC,AA,CG,AA,AA,AC,CG,AC,AT,NN,GG,AA,AA,AA,AC,GG,AG,AA,AA,AT,GG,AC,AG,CC,CC,CT,AG,AA,GG,GG,GG,TT,AT,AA,GG,TT,TT,AA,TT,GG,GG,AA,4.52,Moderate,High,Poor,Late
L0194,Coimbatore,Tamil Nadu,Kharif,Red Loamy,Rainfed,650,29.5,68,AC,TT,AG,AG,CG,CC,GT,AT,CC,CC,AA,CT,CG,AT,GT,GG,CG,TT,TT,AA,CC,GT,GT,CC,TT,CC,TT,TT,GG,AA,TT,CC,AA,AC,GG,GG,GT,CG,GG,AC,TT,CC,AA,TT,AA,GG,TT,TT,CC,AC,GG,AA,AA,GG,CC,TT,AA,AC,GG,AA,AA,TT,TT,AG,TT,TT,CC,GG,TT,GG,AG,GG,CC,AA,GG,AA,AA,GG,GT,NN,GG,GT,GG,CC,AA,AG,AA,AT,CC,GT,CC,TT,CC,TT,TT,AG,TT,CC,TT,CC,CC,CC,AG,AA,TT,TT,CC,AA,AG,AC,CC,GG,TT,CC,GT,AA,AA,TT,CG,AG,CC,AG,CC,GT,TT,AG,CT,CC,CC,CC,AA,TT,AC,AA,CC,CC,AA,AT,AA,AA,CG,CC,CC,GG,AA,AA,AA,CC,GG,CG,CG,AA,AA,GG,NN,GG,CC,GT,CC,GG,CC,TT,TT,TT,CG,AA,GT,TT,AA,TT,CG,CC,AG,CC,CC,CC,CG,CC,AA,GG,GG,CC,TT,CC,GG,TT,CG,AT,AA,AG,TT,CC,GG,AA,CC,CC,GG,GG,AC,GG,TT,AC,AG,CC,GT,AA,AC,AA,AT,GG,TT,TT,AA,CC,GG,AT,CG,TT,GT,AA,GG,AA,TT,AA,TT,CC,CT,AA,CC,TT,GG,AG,CC,AA,CC,TT,TT,TT,GG,TT,AC,CC,AA,GG,CC,CC,GG,CC,GG,TT,AG,CC,TT,GG,CC,CC,AT,GG,CG,AA,CC,AA,AA,AC,CG,CC,TT,AG,GG,AA,AA,AA,AA,AG,AG,AG,AA,TT,GG,AA,AA,AC,AA,CT,AA,AA,GG,GG,CG,GT,AA,AA,TT,TT,TT,AA,TT,GG,GG,AA,3.58,Moderate,Low,Premium,Medium
L0195,Coimbatore,Tamil Nadu,Kharif,Red Loamy,Rainfed,650,29.5,68,AC,TT,GG,GG,GG,CC,GT,TT,CC,CC,AA,CC,CC,TT,TT,GT,GG,TT,TT,AA,CG,TT,TT,CC,TT,CC,TT,TT,GT,NN,CT,TT,AA,CC,GG,CG,GG,CG,GG,CC,TT,TT,AA,TT,AA,AG,TT,TT,CC,AC,GT,AA,AA,GG,CC,TT,AA,AC,GG,AA,AA,GT,AT,AA,CT,AA,CT,GG,TT,GT,AG,GG,CC,AA,GG,AC,TT,GG,TT,TT,NN,GT,GG,CC,AA,GG,AA,AA,CC,GG,AC,TT,CC,TT,TT,GG,TT,AC,TT,CC,CC,CC,AG,AA,TT,TT,CC,AA,AA,AA,TT,GG,TT,CC,TT,AA,AA,TT,CC,AG,CG,GG,CC,GG,TT,AA,CC,CC,AC,CG,AA,NN,CC,AA,CC,CT,AA,NN,AG,AA,CG,CT,CC,GG,AA,AA,AA,CC,GT,CC,CC,AA,AA,NN,GT,GG,AA,TT,TT,AA,AC,TT,TT,TT,CC,AA,GT,TT,AA,TT,GG,CC,AG,CT,CC,CC,GG,CC,AA,GG,AA,CC,TT,CG,GG,GT,GG,AT,AA,AA,TT,CC,GG,AC,CC,CG,GG,GG,AA,GG,TT,AC,AA,CG,GT,AT,AC,AA,AA,GT,TT,TT,AT,GG,TT,AA,CG,AT,TT,AA,GG,AA,CC,NN,TT,CC,TT,AA,CC,TT,GG,AG,CC,GG,CC,TT,TT,GT,GG,TT,AC,CC,AA,TT,CC,GG,GG,CC,GG,AA,AG,CC,TT,GG,CC,CC,NN,GG,CC,AT,CC,AA,AA,AC,CC,AC,TT,AG,GG,AA,AA,AA,AA,NN,AA,AA,AA,TT,GG,AA,GG,CC,AA,TT,AG,AA,CG,NN,GG,TT,AA,AA,TT,TT,TT,AA,AT,GG,CG,AC,3.84,Moderate,Medium,Poor,Late
L0196,Coimbatore,Tamil Nadu,Kharif,Red Loamy,Rainfed,650,29.5,68,AA,TT,GG,AA,CG,CC,GG,AT,CC,CC,AA,CT,CG,AA,TT,GG,GG,TT,TT,AA,CC,TT,GT,CC,AT,CC,TT,TT,GG,AA,TT,CC,AA,CC,AG,CG,GG,CC,GG,CC,TT,CT,AA,TT,AG,GG,TT,TT,CC,CC,GG,AA,AG,GG,CT,TT,AT,AA,TT,AC,AA,TT,AT,AA,TT,AT,CC,GG,TT,GG,AA,GG,CC,AA,GG,AA,AT,GG,TT,TT,GG,GG,GG,CC,AA,GG,AA,AA,CC,TT,CC,TT,CC,TT,TT,GG,TT,CC,TT,CC,CT,CC,GG,AA,TT,TT,CC,AA,GG,AA,CT,GG,TT,CC,GT,AA,AA,TT,GG,GG,CC,GG,CC,GG,CT,AA,CT,CC,CC,CC,AA,TT,CC,AA,CC,CC,AA,AT,AA,AT,GG,CT,CC,GG,NN,AA,NN,CC,GT,CC,CC,AG,NN,AG,GT,GG,AA,GT,TT,GG,AC,TT,TT,TT,CC,AT,GT,TT,AA,TT,GG,NN,AA,CC,CC,CC,CC,CC,AA,GG,GG,CC,TT,CG,GT,TT,CG,AT,AA,AA,TT,AC,GG,AA,CC,CC,GG,AG,AC,GG,TT,AA,AG,CC,GG,AA,CC,AA,AT,GT,GT,TT,NN,GG,GT,AT,CG,TT,GT,AT,GG,AA,CT,AA,TT,CC,TT,AC,CC,TT,GG,NN,CG,GG,CC,TT,TT,GT,GG,TT,AA,AC,AA,GG,CC,CG,GG,CC,GT,TT,AG,CC,TT,NN,CC,CC,AA,GG,CC,AT,CC,AA,AA,AC,CC,AC,TT,GG,GG,AA,AA,AC,AA,AG,GG,AA,AA,TT,CG,AA,AA,AC,AA,CT,AG,AA,GG,GG,GG,TT,TT,AA,TT,TT,TT,AA,AA,GG,GG,AA,3.56,Susceptible,Low,Poor,Early
L0197,Coimbatore,Tamil Nadu,Kharif,Red Loamy,Rainfed,650,29.5,68,AC,CC,GG,AA,GG,CC,GT,AT,CC,CC,AA,CT,CG,TT,TT,GG,GG,TT,TT,AA,CG,TT,TT,CT,TT,CC,TT,TT,GT,AA,TT,CT,AA,CC,GG,GG,GG,CC,GG,CC,TT,CC,AC,GT,AA,GG,TT,NN,CC,AC,GT,AA,AG,GG,CT,GT,AA,AC,GT,AA,AA,TT,AT,AG,TT,TT,CC,GG,TT,GT,AA,GG,CC,AA,GG,CC,AT,GG,TT,TT,GG,GG,GT,CC,AA,GG,AA,AA,CC,TT,CC,TT,TT,TT,GG,AG,CT,CC,GT,CC,CC,CG,AG,AA,TT,TT,CC,AA,AG,AC,CC,GG,TT,CC,TT,AA,AC,TT,CC,AA,CG,GG,CC,NN,TT,NN,CC,CC,CC,CC,AA,TT,CC,AA,CC,CC,AA,TT,AA,AA,CG,CT,CC,GG,AA,AG,AA,CC,GT,CC,CG,AA,AG,GG,TT,GG,CC,GT,TT,GG,AC,GG,TT,TT,CC,AT,TT,CT,AA,TT,GG,CC,AA,CT,CC,CC,GG,CC,AA,AG,GG,CC,TT,CC,GG,TT,GG,AT,AA,AA,TT,CC,GG,AA,AC,CC,NN,GG,AC,GG,TT,AA,AA,CC,GG,AA,CC,AA,AT,GT,TT,AT,AA,GG,GT,AA,CG,NN,GT,AA,GG,AA,TT,AA,AT,CC,CT,AA,CC,TT,GG,AG,CC,AG,CC,TT,TT,TT,GG,TT,AA,CC,AG,GG,CG,CG,GG,CC,GG,AT,AA,CC,TT,GG,CC,CC,AA,GG,CC,AT,CC,AA,AA,CC,CC,AC,TT,AA,GG,AA,AA,AC,AA,AG,AG,AA,AA,AT,GG,AC,GG,CC,AC,TT,AA,AA,GG,AG,GG,TT,AT,AA,GG,TT,TT,AA,AT,GG,GG,AA,3.03,Susceptible,Low,Premium,Medium
L0198,Coimbatore,Tamil Nadu,Kharif,Red Loamy,Rainfed,650,29.5,68,AC,TT,GG,AG,GG,CC,GG,AT,CC,GG,AA,CC,CG,TT,TT,GG,CC,TT,TT,AA,CC,TT,GT,CC,AT,CC,TT,TT,GG,AA,TT,CC,AA,CC,GG,GG,GG,CG,GG,CC,TT,TT,AC,GT,AA,AG,TT,AT,CG,AC,GG,AA,AA,CG,CC,TT,AA,AA,GG,AA,AA,TT,TT,AG,TT,TT,CC,GG,TT,GT,AG,GG,CC,AA,GG,AA,AT,NN,TT,TT,GG,GG,GG,CC,AA,GG,AG,AA,CC,GT,AC,TT,CT,TT,TT,GG,CT,NN,TT,CC,CC,CC,GG,AA,TT,TT,CC,AA,AG,AA,CT,GG,TT,CC,GT,AA,AA,TT,CC,GG,CG,NN,CC,GT,CT,AA,CC,CC,CC,CC,AA,TT,CC,AA,CC,CT,AA,TT,AA,AA,CC,CC,CC,GG,AA,AA,AA,CC,GG,CC,CC,AA,AG,AG,GT,GG,AC,GT,CT,GG,AC,TT,TT,CT,CG,AA,TT,TT,AA,TT,NN,CC,AA,CT,AA,NN,GG,CC,AA,GG,AA,CC,TT,NN,TT,GT,GG,AT,AA,AA,TT,CC,GG,AA,AC,CC,GG,GG,AA,GG,CT,AC,AG,CC,GT,AA,CC,AA,AA,GT,TT,AA,TT,CG,GG,TT,CC,AA,TT,AA,GG,AA,TT,AA,TT,CC,TT,AA,CC,TT,CG,AA,CC,AG,CC,TT,CT,GT,GG,TT,AA,AA,AG,GG,CC,CC,GG,CC,GG,TT,AA,CG,TT,GG,CC,CG,AT,GG,CC,AT,CG,AA,AA,AC,CG,AC,TT,AG,GG,AA,NN,CC,AA,AG,AA,AA,AA,AT,GG,AA,AG,CC,AA,CT,AA,AA,GG,GG,NN,TT,AA,AA,TT,NN,TT,AA,TT,GG,CG,AA,5.13,Susceptible,Low,Poor,Late
L0199,Coimbatore,Tamil Nadu,Kharif,Red Loamy,Rainfed,650,29.5,68,AA,NN,GG,AA,CG,CC,GG,NN,CC,CG,AA,CC,CC,AT,TT,GG,GG,TT,TT,AG,CC,GT,GT,CT,TT,CC,TT,TT,GG,AA,TT,CT,AG,CC,GG,GG,GG,CG,GT,AC,TT,CT,AA,NN,AA,AG,TT,TT,CC,AC,GG,AA,AA,GG,CC,GG,AA,AA,GG,AA,AA,TT,AT,AA,TT,AT,CC,GG,TT,TT,AA,GG,CC,AA,AG,AA,TT,GG,TT,TT,GG,GG,GT,CC,AA,GG,AA,AA,NN,GT,AC,TT,CT,TT,GT,GG,TT,CC,GT,CC,CC,GG,AG,AG,TT,TT,NN,AG,AG,AC,CC,GG,TT,CC,TT,CC,AC,TT,CC,GG,GG,GG,CC,GG,TT,AG,CC,CC,CC,CC,AA,TT,CC,AA,CC,NN,AA,AA,AA,AA,GG,CC,CC,GG,AA,AA,AT,CC,GG,CC,CC,AA,GG,GG,TT,GG,AA,GT,CT,GG,CC,GG,GT,CT,CC,AT,GT,TT,NN,TT,CG,CG,AA,CT,CC,CC,CG,CC,AA,GG,AA,CC,TT,CC,GT,TT,GG,TT,AA,AG,TT,AC,CG,AA,CC,CG,GG,GG,NN,GG,TT,AC,AA,CC,GG,AA,AA,AA,AT,GG,TT,AT,AT,GG,GG,AT,CC,AT,TT,AA,GG,AA,TT,AA,TT,CC,TT,AC,CC,TT,GG,AA,CG,AG,CC,AT,TT,TT,GG,TT,AC,CC,AG,GG,CC,CG,GG,CC,GG,TT,AG,CG,TT,GG,CG,CG,AT,GG,CC,AA,CC,AT,AA,AC,CC,AC,TT,AA,GG,AA,AA,AC,AC,AA,AA,AG,AA,TT,GG,AA,AA,AA,AA,CT,GG,AA,GG,AG,CG,TT,AT,AA,TT,TT,TT,GG,AT,GG,GG,AA,4.45,Susceptible,Medium,Standard,Late
L0200,Coimbatore,Tamil Nadu,Kharif,Red Loamy,Rainfed,650,29.5,68,AA,CC,AG,AG,GG,CC,GG,TT,CC,CG,AA,CC,CC,TT,GT,GG,GG,TT,TT,AA,CG,TT,GT,CC,TT,CC,TT,TT,GG,AA,TT,CC,AA,CC,GG,CG,GG,CC,GG,CC,TT,CT,AC,TT,AA,AA,CT,TT,CC,AA,GT,AA,GG,GG,CC,TT,AA,AC,TT,AA,NN,TT,TT,AG,TT,TT,CC,GG,TT,GG,AG,GG,AC,AA,AG,CC,AT,GG,TT,TT,GG,GT,GG,CC,AT,GG,AA,AA,CC,TT,AC,TT,CT,AT,GT,GG,TT,CC,TT,CC,CC,CG,GG,AA,TT,TT,CC,AA,AA,AC,CT,GG,TT,CC,GT,AC,AA,AT,CC,GG,CC,GG,CC,GG,TT,AG,CC,CC,AC,CC,AG,TT,CC,AA,CC,TT,AA,TT,AA,AA,CG,CT,CC,GG,AG,GG,AA,CC,GG,CC,CG,AA,AA,GG,TT,GG,AC,TT,TT,GG,CC,TT,TT,TT,CG,AA,TT,TT,AA,TT,CG,CC,GG,CT,CC,CC,CG,CC,AA,GG,AA,CC,TT,CC,GG,GT,NN,AT,AA,AA,GT,AC,GG,AA,CC,CC,GG,GG,AC,NN,TT,AA,AA,CC,GG,AA,AC,AA,AA,GG,GT,NN,AA,GG,GT,AT,CC,AT,NN,AA,GG,AA,TT,AA,TT,CG,CT,AC,AC,CT,GG,AG,CG,AG,CC,TT,TT,TT,GG,TT,AC,AC,AG,GG,CC,CC,GG,CG,GG,AT,AA,CC,GT,GG,CG,CG,AA,GG,CC,AA,CG,AA,AA,CC,CG,NN,TT,AA,GG,AT,AA,AC,AA,GG,AA,AG,AA,AT,GG,AC,AA,CC,AA,TT,AA,AG,GG,GG,CG,TT,TT,AA,GT,TT,TT,AA,TT,CG,GG,AA,3.62,Susceptible,High,Poor,Early
L0201,Coimbatore,Tamil Nadu,Kharif,Red Loamy,Rainfed,650,29.5,68,AA,TT,GG,AG,GG,CC,GT,TT,CC,GG,AA,CC,CG,AT,GT,GT,CC,TT,TT,AA,CC,TT,GT,CC,NN,CC,TT,TT,GG,AA,TT,CC,AA,CC,GG,GG,GG,CG,GG,CC,TT,CT,AA,GT,AA,AG,TT,TT,CC,AA,GG,AA,AA,GG,TT,TT,NN,AC,TT,AA,GG,TT,TT,AA,TT,TT,CT,GG,CT,NN,AA,GG,AC,AA,AG,AC,AA,GG,TT,TT,GG,GT,GG,CC,AA,GG,AA,AA,CC,GT,CC,TT,CT,TT,GT,GG,TT,CC,TT,CC,CC,GG,AG,AA,TT,TT,CG,AA,AG,AA,CC,GG,TT,CC,GT,AC,AA,AT,CC,GG,CC,GG,CC,GG,CT,AA,CC,CC,CC,CC,AA,TT,CC,AA,CC,CT,AA,AT,AA,AA,GG,TT,CC,GG,AA,GG,AT,CC,GG,CC,CC,AA,AA,GG,TT,GG,AC,TT,TT,GG,AC,TT,TT,TT,CC,AA,TT,TT,AA,TT,CG,CC,AA,CT,CC,CC,GG,AC,AA,GG,AA,CC,TT,CC,GG,TT,CG,TT,AA,AG,TT,CC,GG,AA,CC,CC,GG,GG,AA,GG,TT,AC,AA,CC,GT,AA,AC,AA,AA,GT,TT,TT,AA,CG,TT,AT,CC,AA,GT,AA,GG,AA,CT,AA,TT,CC,TT,AA,AC,TT,GG,AA,CC,AG,CC,AT,CT,GT,GG,TT,AC,CC,AG,GG,CC,CG,GG,CC,GG,AT,AA,CC,TT,GG,CC,CG,AA,GG,CC,AA,CC,AA,AA,CC,CC,CC,TT,AA,CG,AA,AA,AA,AA,AG,GG,AA,AA,TT,CG,AA,AG,AC,AA,CT,AA,AA,GG,GG,GG,TT,AA,AA,GT,TT,TT,AG,TT,GG,GG,AA,4.04,Susceptible,Medium,Poor,Medium
L0202,Coimbatore,Tamil Nadu,Kharif,Red Loamy,Rainfed,650,29.5,68,AC,CT,NN,AA,GG,CG,GG,TT,CC,CC,AA,CC,CC,TT,TT,GT,CC,TT,TT,AA,CC,TT,GG,CC,TT,CC,TT,TT,GG,AA,TT,CC,AA,CC,GG,GG,GG,CG,GG,CC,TT,CT,AA,GT,AG,AG,TT,TT,CC,AC,GG,AT,AG,GG,CC,TT,AA,AC,GT,AA,AA,TT,TT,AG,TT,TT,CC,GG,TT,GG,AG,GG,CC,AA,GG,AC,AT,GG,TT,TT,GG,GG,GG,CC,AT,GG,AA,AA,CC,TT,CC,TT,CT,TT,TT,GG,TT,CC,TT,CC,CT,CC,GG,NN,TT,GT,CC,AA,AG,AA,CT,GG,TT,CC,GT,NN,AC,TT,CG,GG,CC,GG,CT,GG,TT,AA,CC,CC,AC,CG,AA,TT,CC,AA,CC,CC,AA,TT,AA,AA,GG,CC,CC,GG,AA,AG,AA,CC,GG,CC,CC,AA,AG,AG,GT,GG,AC,GT,CT,AG,AC,TT,GT,TT,CC,AT,TT,TT,AA,AT,CG,NN,AA,TT,AC,CC,GG,CC,AA,GG,AG,CC,TT,CC,GT,TT,CG,TT,AA,AA,TT,CC,GG,AA,AC,CC,GG,GG,AA,CG,TT,AA,NN,CC,GG,AA,CC,AA,AT,GT,TT,TT,AT,GG,GT,AA,CC,TT,TT,AA,AA,AA,CT,AA,TT,CC,TT,AC,CC,TT,GG,AA,CC,AG,CC,TT,TT,TT,GG,TT,AA,AC,AA,GG,CC,CC,GG,CC,GG,TT,AA,CG,TT,GG,CC,CC,AA,AG,CG,AA,CG,AA,AG,AC,CG,AA,TT,AA,GG,AA,AA,AA,AC,GG,AG,AA,AA,AT,GG,AA,AA,CC,NN,CT,AA,AA,CG,GG,CG,TT,AA,AG,GT,TT,TT,NN,TT,GG,GG,AA,0.4,Susceptible,High,Standard,Late
L0203,Coimbatore,Tamil Nadu,Kharif,Red Loamy,Rainfed,650,29.5,68,AA,TT,GG,NN,CG,CC,GG,TT,CC,CG,AA,CC,CC,TT,TT,TT,GG,TT,TT,AA,CG,TT,GG,CT,AT,CC,TT,TT,GT,AA,TT,CC,AG,CC,GG,GG,GG,GG,GG,CC,TT,TT,AA,TT,AA,GG,TT,TT,CC,AC,GG,AA,AG,GG,CT,TT,AT,AC,GT,AC,AA,TT,AT,AG,TT,TT,CC,GG,CT,GG,AA,GG,CC,AA,GG,AC,AA,GG,TT,TT,GG,GT,GG,CC,AA,GG,AA,AA,CC,GG,CC,TT,CT,TT,TT,GG,TT,CC,GT,CT,TT,CC,GG,AA,TT,TT,CG,AG,AG,AA,CC,GG,TT,CC,TT,AA,AC,TT,CC,AG,CG,AG,CT,GG,TT,AG,CC,CC,CC,CC,AA,TT,CC,AA,CC,CC,AA,TT,AA,AA,GG,CC,CC,GG,AA,AA,AA,CC,GG,CC,CC,AG,AA,GG,TT,GG,AA,GT,CT,GG,CC,TT,GT,TT,CG,AA,GT,NN,AT,TT,GG,CC,AG,CT,CC,CC,GG,CC,AA,GG,AA,CC,TT,CC,GG,GT,GG,TT,AA,AA,TT,AC,GG,AA,CC,CG,GG,GG,AC,GG,TT,CC,AA,NN,GG,AA,CC,AT,TT,GG,TT,TT,AA,CC,GT,AT,CG,AT,TT,AA,GG,AA,TT,AC,TT,CC,CT,AA,CC,CT,CC,AG,CC,AG,CC,TT,TT,TT,GG,TT,AC,AC,AA,GT,CC,CC,GG,CG,GG,AT,AA,CC,GT,GG,CC,CC,AT,GG,CC,AT,CC,AA,AA,CC,CG,AC,TT,AA,GG,AA,AA,AC,AC,AA,AG,AG,AA,TT,GG,AA,AG,AC,AA,CT,AA,AA,CC,GG,GG,TT,AA,AA,TT,TT,TT,AA,AA,GG,GG,AA,5.29,Susceptible,Medium,Premium,Medium
L0204,Coimbatore,Tamil Nadu,Kharif,Red Loamy,Rainfed,650,29.5,68,AA,TT,GG,GG,GG,CC,TT,TT,CC,CC,AA,CT,CC,NN,TT,GT,CG,AT,TT,AA,CG,TT,TT,CC,TT,CC,TT,TT,GG,AA,TT,CT,AA,CC,GG,CG,GG,CC,GG,CC,TT,CT,AA,GT,AG,AA,TT,AT,CC,CC,GT,AT,AG,GG,CT,TT,AA,AC,GG,AC,AG,TT,TT,AG,CT,AT,CC,GG,TT,GT,AG,GG,CC,AA,GG,AC,TT,GG,GT,TT,GG,GT,GT,CC,AT,GG,NN,AA,CC,TT,CC,TT,CC,TT,TT,GG,TT,CC,GT,CC,CC,CG,GG,AA,TT,TT,CC,AA,AA,AA,CT,GG,GT,CG,GG,AA,AA,TT,CC,AG,CC,AG,CC,GT,TT,AA,CC,CC,CC,CC,AA,TT,CC,AA,CC,CC,AA,TT,AA,AA,GG,CC,CC,GG,AG,AA,AA,CC,GT,CC,CC,AA,AA,GG,GT,AG,NN,GT,CT,GG,AA,TT,GT,TT,CC,AT,GT,CT,AA,TT,GG,CC,AA,CT,CC,CC,CG,CC,AA,GG,AA,CC,TT,CC,GG,TT,CC,AT,AA,GG,TT,CC,GG,AC,CC,CC,GG,GG,NN,GG,TT,AC,AA,CC,GG,AA,CC,AA,AT,TT,TT,TT,AT,GG,GT,AA,CC,TT,TT,AA,GG,AA,CT,AA,TT,CC,NN,AA,CC,TT,CG,AG,CC,AG,CC,TT,TT,GG,GG,TT,AA,AC,AA,GG,CC,CC,GG,CC,GG,NN,AA,CG,GG,GG,CC,CG,AA,GG,CC,AT,CG,AA,AA,AC,CG,NN,TT,AA,GG,AA,AC,AC,AA,GG,AG,AA,AA,TT,GG,AA,AA,AC,AA,TT,AA,AA,CG,GG,GG,TT,AA,AG,GT,TT,TT,AA,TT,GG,GG,AA,4.73,Susceptible,Medium,Poor,Late
L0205,Coimbatore,Tamil Nadu,Kharif,Red Loamy,Rainfed,650,29.5,68,AA,TT,GG,AG,GG,CG,GG,TT,CC,CC,AT,CC,CG,TT,TT,GG,GG,TT,TT,AA,CG,TT,TT,CT,TT,CC,TT,TT,GT,AA,TT,CC,AG,CC,GG,CG,GG,CC,GG,CC,TT,TT,AC,GT,AA,GG,TT,AT,CG,AC,GG,AA,AA,GG,TT,GT,AA,AC,GG,AC,AG,TT,AT,AA,TT,AA,CC,GG,TT,GG,NN,GG,CC,AA,AG,AC,AT,GG,TT,TT,AG,GG,GT,CC,AA,GG,AA,AA,CC,TT,AC,TT,CC,TT,GT,GG,TT,CC,GT,CT,CC,CG,AG,AA,TT,TT,CG,AA,AG,AA,CT,GG,GT,CC,TT,AC,AA,TT,CC,AG,CC,NN,CC,GG,TT,AA,CC,CC,CC,CG,AA,TT,AC,AA,CC,CC,AA,TT,AA,AA,GG,CC,CC,GG,AA,AG,AT,AC,GT,CC,CC,AA,AG,AG,TT,GG,AC,NN,TT,GG,NN,TT,TT,TT,CC,AA,TT,CT,AT,AT,CG,CC,AA,TT,CC,CC,CG,CC,AA,GG,AA,CC,TT,CG,GG,TT,GG,AA,AA,AG,TT,CC,GG,AC,CC,CC,GG,GG,AA,GG,TT,AA,AA,CG,GT,AA,AC,AA,AA,GG,NN,AT,TT,GG,GG,AT,CC,AT,GT,AA,GG,AG,CT,AC,TT,CC,CT,AA,NN,CT,CG,AG,CC,AA,CC,TT,TT,GT,GG,TT,NN,CC,AA,GG,CC,CG,GG,CC,GG,TT,AA,CG,GT,GG,CC,CC,AT,AG,CC,AA,CC,AA,AA,CC,CG,AA,TT,AA,GG,AA,AA,AA,AA,AG,AG,AG,AA,TT,CG,AA,AA,AC,AA,CT,AA,AA,CC,GG,GG,GT,AA,AA,GT,TT,TT,AA,AA,GG,GG,AA,4.43,Susceptible,High,Premium,Late
L0206,Coimbatore,Tamil Nadu,Kharif,Red Loamy,Rainfed,650,29.5,68,AC,TT,GG,AG,GG,CC,GG,TT,CC,CC,AA,CC,CC,AT,TT,GG,GG,TT,TT,AA,CC,TT,TT,CC,TT,CC,TT,AT,GG,AA,TT,CC,AA,CC,GG,CG,GG,CG,NN,CC,GT,CT,AA,TT,AA,AG,TT,AA,CC,AC,GT,AA,GG,NN,CT,TT,AA,AC,TT,AA,GG,TT,AA,AA,TT,AT,CC,GG,TT,GT,AG,GG,CC,AG,AG,AA,AT,GG,TT,TT,GG,GG,GG,CC,AA,GG,AG,AA,CC,TT,AC,TT,CC,AT,TT,NN,TT,CC,TT,CC,CC,CG,GG,AA,TT,TT,CC,AA,AA,AA,CC,GG,GT,CG,TT,AA,AA,TT,CC,GG,CC,GG,CC,GT,NN,AA,CC,CC,CC,CC,AG,TT,AC,AA,CC,CT,AA,TT,AA,AA,NN,CC,CC,GG,AA,AA,AA,CC,GG,CC,CC,GG,AA,AG,TT,GG,AA,GT,CT,GG,AC,GT,GT,TT,CG,AA,TT,TT,NN,TT,GG,CG,AA,CC,CC,CC,CG,CC,AT,GG,AG,CC,TT,CC,GG,TT,GG,AT,AA,AA,TT,CC,GG,AA,AC,CC,GG,GG,AC,CG,TT,AA,AA,CG,GT,AT,AC,AT,TT,GT,TT,AT,AT,CC,TT,AT,CC,AT,TT,AA,GG,AG,TT,AC,TT,CC,TT,AA,CC,TT,GG,GG,CC,AG,CC,AT,CT,GT,GG,TT,AA,AA,GG,GG,CC,CC,NN,CC,GG,AT,AA,CC,TT,GG,CC,CC,AA,GG,CC,AA,CC,AA,AA,CC,CG,CC,TT,AA,GG,AA,AA,AA,AA,AG,AA,AA,AA,TT,CG,AC,AA,AC,AA,CT,AA,AA,GG,GG,GG,GT,AA,AG,TT,TT,TT,AA,AT,GG,GG,AC,3.42,Resistant,Low,Standard,Late
L0207,Coimbatore,Tamil Nadu,Kharif,Red Loamy,Rainfed,650,29.5,68,AA,CT,AG,AA,GG,CC,GT,AT,CC,CC,AA,CT,CG,TT,TT,GG,GG,TT,TT,AA,CC,TT,TT,CC,TT,CC,TT,TT,GG,AA,TT,CT,AA,CC,GG,GG,GG,CC,GG,CC,TT,CT,AA,TT,AG,GG,TT,TT,CC,AC,GG,AT,AG,GG,CC,TT,AT,AA,GT,AA,AA,TT,AT,AA,TT,TT,CC,GG,TT,GG,AA,GG,CC,AA,AG,AA,NN,GG,TT,CC,AG,GG,GG,CC,AA,GG,AG,AT,CC,TT,CC,TT,CT,TT,TT,GG,TT,CC,GT,CC,CT,CC,AG,AA,TT,TT,NN,AA,AA,AA,CC,GG,GT,CG,NN,CC,AA,TT,NN,AG,CC,GG,CC,NN,TT,NN,CT,CC,CC,CC,AA,TT,CC,AA,CC,CT,AA,TT,AA,AA,GG,NN,CC,GG,AA,AA,AA,CC,TT,CC,CC,AA,AA,GG,TT,GG,AA,TT,CT,GG,CC,TT,TT,TT,CC,AA,TT,TT,AA,TT,GG,CC,AA,CT,AC,CC,GG,CC,AA,GG,GG,CC,TT,CC,GG,GT,GG,TT,AA,AA,TT,AC,GG,AC,CC,CC,GG,GG,CC,CG,TT,AC,AA,CC,GG,AA,AC,AA,AA,GT,TT,AT,AT,GG,GT,AT,CG,AT,TT,AA,GG,AA,CT,AA,TT,CC,TT,AA,CC,CT,CG,AG,CC,AA,CC,TT,CT,TT,GG,TT,AA,AC,AA,GG,CC,GG,GG,CC,GG,NN,AA,CC,GT,GG,CC,GG,AA,AG,CG,AA,CC,AA,AA,CC,CC,AC,AT,NN,GG,AA,AA,AA,AA,AA,AA,AA,AA,TT,GG,AC,NN,AA,AA,CT,AA,AA,GG,GG,GG,GT,AT,GG,TT,TT,TT,AG,TT,GG,GG,AA,2.72,Resistant,Medium,Premium,Medium
L0208,Coimbatore,Tamil Nadu,Kharif,Red Loamy,Rainfed,650,29.5,68,AC,TT,GG,AA,GG,NN,GT,AT,CC,CG,AA,CT,CG,TT,GT,GG,CC,TT,AT,AA,CC,TT,TT,CC,TT,CC,TT,TT,GG,AA,TT,CC,AA,CC,GG,CG,GG,CC,GG,CC,GT,TT,AC,GT,AA,NN,TT,TT,CC,AA,GG,AA,AA,GG,CC,GT,NN,AA,GG,AC,AA,TT,TT,AG,TT,TT,CC,GG,TT,GG,AA,NN,AA,AA,AG,AC,AA,GG,TT,TT,GG,GG,NN,CC,AT,GG,AA,TT,CC,GG,AC,TT,CT,TT,GT,GG,TT,AC,TT,CC,CC,CG,AA,NN,AA,TT,CC,AA,AA,AC,CC,GG,TT,CC,TT,AA,AA,TT,CC,GG,CG,AG,CC,GT,TT,AA,CC,CC,CC,CG,AG,TT,CC,AA,CC,CC,AA,TT,AA,AA,GG,CT,CC,GG,AA,AG,AA,CC,GG,CC,CC,AA,AA,GG,TT,GG,AC,TT,CT,GG,CC,TT,TT,NN,GG,AA,TT,TT,AA,TT,GG,CC,AA,CC,CC,CC,CG,CC,AA,GG,AA,CC,TT,CC,GG,TT,GG,AA,AA,AA,NN,CC,GG,AC,AA,CC,GG,AG,AA,CG,TT,AA,AA,CC,GG,AA,CC,AA,AT,GG,TT,AT,AA,GG,GT,AT,CC,TT,GT,AA,GG,AA,TT,AA,TT,CG,CT,CC,CC,CT,CC,AA,CC,GG,CC,NN,CC,GT,GG,TT,AA,AC,AG,GG,CC,CC,GG,CC,GG,AA,AA,CG,GT,GG,CC,CG,AA,GG,CG,AT,CC,AA,AA,AC,CG,AC,TT,AA,GG,AA,AA,AA,AA,AG,AA,AA,AA,TT,GG,AC,AG,AC,AC,CT,AG,AG,GG,AG,GG,TT,AA,AG,GT,AT,TT,GG,AT,GG,GG,AA,4.13,Resistant,Medium,Premium,Late
L0209,Coimbatore,Tamil Nadu,Kharif,Red Loamy,Rainfed,650,29.5,68,AA,CC,GG,GG,GG,CC,GT,TT,CC,CG,AA,NN,CC,TT,GT,GT,GG,TT,TT,AG,CG,GT,GG,CT,TT,CC,GT,TT,GG,AA,TT,CC,AA,CC,GG,GG,GG,CG,GG,CC,TT,TT,AA,GT,GG,AG,TT,TT,CC,CC,GG,AA,GG,GG,CC,TT,AA,AA,GT,CC,AA,TT,TT,AA,TT,TT,CC,GG,TT,GG,AA,GG,CC,NN,GG,AC,TT,GG,TT,TT,GG,GG,GT,CC,AA,GG,AA,AA,CC,GT,CC,TT,TT,TT,TT,GG,CT,CC,TT,CC,CC,CG,AG,AA,AT,TT,CC,AA,AA,AA,CC,GG,TT,CC,TT,AC,AA,TT,CC,AG,CC,GG,CC,GG,CT,AA,CT,CC,CC,CG,AA,TT,CC,AA,CC,CT,NN,TT,AA,AT,GG,CT,CC,GG,AA,AA,AT,CC,GT,CC,CC,AA,AG,AG,TT,GG,AC,TT,CC,GG,CC,TT,GT,TT,CC,TT,TT,TT,AA,AT,GG,CC,AA,CT,CC,CC,GG,CC,AT,GG,AG,CC,TT,NN,TT,GT,GG,AT,AA,AA,TT,CC,GG,AA,CC,CC,GG,GG,AC,GG,CT,AA,AA,CG,GG,AA,CC,AT,AA,GT,GT,TT,AT,CG,GT,AA,CC,AT,TT,AA,GG,AA,CT,AA,TT,CC,TT,AC,CC,TT,CG,GG,GG,GG,AC,TT,CT,GG,GG,TT,AC,CC,AA,GG,CC,CC,GG,CC,GG,AA,AG,CC,TT,GG,CC,GG,AT,GG,CC,AT,CC,AA,AA,AC,CC,CC,TT,AA,GG,AA,NN,AA,AA,AG,AA,GG,AA,AT,GG,AA,AA,CC,AC,TT,AG,AG,GG,GG,CG,TT,AT,AG,GG,TT,TT,AG,TT,GG,GG,AA,3.32,Moderate,High,Standard,Early
L0210,Coimbatore,Tamil Nadu,Kharif,Red Loamy,Rainfed,650,29.5,68,AC,TT,GG,AG,GG,CC,TT,AT,CC,CC,AA,CC,CC,TT,GT,GG,CG,TT,TT,AA,CC,TT,GG,CC,TT,CC,TT,TT,GG,NN,TT,CC,AA,CC,GG,GG,GG,CG,GG,AC,TT,CT,AA,TT,AA,GG,TT,TT,CC,AC,GG,AA,AA,GG,CC,TT,AA,AA,GT,AA,AG,TT,TT,AA,TT,TT,CC,GG,TT,GG,AA,GG,CC,AA,GG,AA,AT,GG,GT,TT,GG,GG,GG,CC,AT,GG,AA,AA,CC,GT,AC,GT,CC,TT,TT,GG,TT,AC,GG,CC,CC,CG,AG,AA,TT,TT,CG,AA,AA,AA,CC,GG,TT,CC,TT,AC,AA,TT,CG,GG,CC,AG,CC,GT,TT,AG,CC,CC,CC,CC,AA,TT,CC,AA,CC,CC,AA,TT,GG,AA,GG,CC,CC,GG,AA,AG,AA,AC,GG,CC,CC,AA,GG,GG,TT,GG,AA,GT,CT,GG,AA,TT,GT,TT,CC,AA,TT,TT,AA,AT,CG,CC,AG,CC,CC,AC,GG,CC,AA,GG,GG,AC,TT,CC,GG,TT,GG,AT,AA,AG,TT,AC,CG,AC,CC,CC,GG,GG,AA,GG,TT,AA,AG,CC,GT,AA,CC,AA,AA,GG,TT,TT,AT,CG,GT,AA,CG,TT,GT,AA,GG,AA,TT,AA,TT,CC,TT,AA,CC,TT,GG,AG,CC,GG,AC,TT,TT,GG,GG,AT,AA,CC,AG,GT,CC,CG,NN,CC,GG,TT,AG,CC,GT,GG,CC,CC,AA,GG,CC,AT,CC,AT,AG,CC,CG,AA,TT,AA,GG,AA,AA,AC,AC,AA,AA,AA,AG,TT,CG,CC,AG,AA,CC,CT,AA,AA,GG,GG,GG,TT,AA,AG,TT,TT,AT,AA,AT,GG,GG,AA,4.03,Moderate,Medium,Poor,Late
L0211,Coimbatore,Tamil Nadu,Kharif,Red Loamy,Rainfed,650,29.5,68,AC,TT,GG,AG,CG,CC,GG,TT,CC,CC,AA,CT,NN,AT,TT,GG,GG,TT,AT,AA,CC,TT,TT,CT,TT,CC,TT,TT,GG,AA,TT,CC,AA,CC,GG,GG,GG,CC,GG,AC,TT,TT,AA,GT,AG,GG,TT,TT,CC,AC,GG,AA,AG,GG,TT,TT,AA,AC,TT,AC,AA,TT,TT,AG,TT,AT,CC,GG,TT,GT,AA,GG,CC,AA,GG,AA,AT,GG,TT,TT,NN,GG,GG,CC,NN,GG,AA,AA,CC,TT,AC,TT,CT,TT,TT,GG,CT,AC,TT,CC,CC,CC,GG,AG,AT,TT,CC,AA,AA,AA,CC,GG,TT,CG,TT,AC,AA,TT,CC,AG,CC,GG,CC,GG,CC,AA,CC,CC,CC,CC,AA,TT,CC,AA,CC,CC,AA,TT,AA,AA,CG,CC,CC,GG,AA,AG,AA,CC,GG,CC,CC,AG,AG,GG,GT,GG,CC,TT,TT,GG,CC,GT,TT,TT,CC,AA,TT,TT,TT,TT,CG,CC,AG,CT,CC,AC,GG,CC,AA,GG,GG,CC,TT,CC,GG,NN,GG,TT,AA,AA,TT,CC,GG,AA,CC,CC,GG,AG,AC,NN,TT,AC,AA,CC,GG,AA,CC,AT,AT,GT,GT,AT,AT,CG,GG,AA,CC,TT,TT,AA,GG,AA,CC,AC,TT,CC,TT,AA,CC,TT,CG,AG,GG,AG,CC,TT,TT,TT,GG,TT,AA,AC,AA,GG,CC,CC,GG,CG,GG,AT,AA,CC,GT,GG,CC,CC,AT,AG,CC,AA,CG,AA,AA,AC,CG,AC,TT,AA,GG,AA,AA,AC,AA,AG,AG,AA,AA,NN,GG,AA,AG,CC,AA,CC,AA,AA,CG,GG,GG,TT,AT,AA,TT,TT,TT,AA,TT,GG,GG,AA,4.25,Susceptible,Low,Standard,Late
L0212,Coimbatore,Tamil Nadu,Kharif,Red Loamy,Rainfed,650,29.5,68,AC,CT,AG,GG,GG,NN,GT,TT,CC,CG,AA,NN,CC,AT,TT,GG,NN,TT,TT,AG,CC,TT,GT,CC,TT,CC,GT,NN,GT,AA,TT,CC,AA,CC,GG,CG,GG,CC,GG,AC,TT,CT,AA,GT,AA,AG,TT,TT,CG,AC,GG,AA,AG,GG,NN,TT,AT,AC,GG,AC,AG,GT,TT,AA,TT,TT,CC,GG,TT,GG,AA,GT,CC,AA,GG,AC,AT,GG,TT,TT,GG,GT,GT,CC,AT,GG,AG,AA,CG,TT,NN,TT,CC,TT,GT,GG,TT,AC,GT,CC,CC,CG,AG,AA,TT,TT,CG,AG,AA,AA,CC,GG,TT,CC,TT,AA,AC,TT,CG,AG,CC,GG,CC,GT,TT,AA,CC,CG,CC,CC,AA,TT,CC,AC,CC,CC,AA,TT,AA,AA,GG,CC,CC,GG,AA,AA,AA,CC,GG,CC,CC,AA,AG,GG,TT,GG,AA,TT,TT,GG,AC,GT,GT,TT,CC,AA,TT,TT,AT,AT,GG,NN,AA,CC,CC,AC,GG,CC,AA,AG,AA,CC,TT,NN,GT,GT,GG,TT,AA,AA,TT,AC,GG,AC,CC,CC,NN,GG,AC,GG,TT,AA,AA,CC,GG,AA,AC,AA,TT,GG,TT,TT,AT,CG,GG,AT,CG,TT,GT,AA,GG,AA,TT,AA,TT,CC,TT,AC,CC,NN,GG,AG,CG,AA,CC,TT,TT,GG,GG,TT,AC,AA,NN,GT,CC,CG,GG,CC,GG,AT,AA,CC,TT,GG,CG,CC,AT,GG,CC,AA,CC,AA,AA,AC,CC,CC,TT,AA,GG,AA,AA,AA,AA,GG,GG,AG,AA,TT,GG,AA,AA,AA,AA,CT,AG,AA,CG,AG,CG,TT,AT,AG,TT,TT,TT,AA,TT,GG,CG,AA,2.25,Susceptible,Medium,Poor,Late
L0213,Coimbatore,Tamil Nadu,Kharif,Red Loamy,Rainfed,650,29.5,68,AA,TT,AG,AA,GG,CC,GT,AT,CC,CC,AA,CT,CC,TT,TT,GT,CG,TT,TT,NN,CC,TT,GT,CC,TT,CC,TT,TT,GG,AA,CT,CC,AA,NN,GG,GG,GG,CG,GG,NN,TT,CC,AA,TT,AA,AG,TT,TT,CC,CC,GG,AA,AA,GG,CC,GT,AA,AC,GT,AC,AG,TT,TT,AA,TT,TT,CC,GG,TT,GG,GG,GG,CC,AA,NN,AC,AA,GG,NN,TT,GG,GG,GT,CC,AA,GG,AA,AA,CC,TT,CC,TT,CC,AT,TT,AG,TT,AC,TT,CC,CC,CC,GG,AA,AT,TT,CG,AA,AA,AC,CC,GG,TT,CG,NN,AA,AA,TT,CC,GG,CC,GG,CC,GT,TT,AA,CT,CC,CC,CC,AA,GT,CC,AA,AC,CC,AA,AT,AA,AA,CG,CC,CC,GG,AA,AA,AA,AC,GG,CC,CG,AA,AA,AG,TT,AG,AA,TT,CT,AG,AC,TT,GT,TT,CC,AA,TT,TT,AA,TT,GG,CC,AA,CC,CC,CC,GG,CC,AA,GG,AA,CC,TT,CC,NN,TT,GG,AT,AA,AA,TT,AC,GG,AA,CC,CC,GG,GG,CC,GG,TT,AA,AA,CG,GG,AT,AA,AA,AT,GT,TT,AA,AA,GG,TT,AT,CC,TT,GT,AA,GG,AA,TT,AA,TT,CC,CT,AC,CC,TT,CG,GG,CG,NN,AC,TT,CT,TT,GG,TT,AA,AC,AA,GG,CC,CC,GG,CC,GG,TT,AA,CC,TT,AG,NN,CC,AA,GG,CC,AA,CC,AA,AA,CC,CC,AC,AT,AA,GG,AA,AA,AA,AA,GG,AG,AA,AA,TT,GG,AA,GG,CC,AA,TT,AA,AA,GG,GG,GG,TT,AA,AA,GT,TT,AT,GG,TT,NN,GG,AA,4.08,Moderate,High,Poor,Late
L0214,Coimbatore,Tamil Nadu,Kharif,Red Loamy,Rainfed,650,29.5,68,AC,CT,GG,AG,GG,CG,GG,TT,CC,CG,AA,CC,CC,TT,TT,GG,CG,NN,AT,AA,CC,TT,TT,CC,TT,CT,TT,NN,GG,AA,TT,CC,AA,CC,AG,GG,GG,CG,GG,CC,TT,TT,AA,TT,AA,AA,TT,AT,CG,AC,GG,NN,AG,GG,CC,TT,AA,AA,GT,AA,AA,TT,AT,AA,TT,AA,CC,GG,TT,GT,AG,GG,CC,AA,GG,AA,AA,GG,TT,TT,GG,GG,GG,CC,AA,AG,AA,AA,CG,TT,CC,GT,CT,TT,TT,GG,TT,CC,TT,CC,CC,CG,AG,AA,TT,TT,CC,AA,AA,AC,CC,GG,GT,CC,GG,AC,AA,TT,CC,GG,CC,GG,CC,GT,CT,AA,CC,CC,CC,CG,AA,TT,CC,AA,CC,CC,AA,TT,AA,AA,CG,CC,CC,GG,AA,GG,AA,CC,GT,CC,CC,AA,AA,GG,TT,GG,AA,GT,TT,GG,CC,TT,GT,TT,CC,AT,TT,NN,AA,TT,GG,CC,AA,CT,AA,CC,CG,CC,AT,GG,AA,CC,TT,CG,GT,GT,CC,TT,AA,AA,TT,CC,GG,AA,AC,CC,CG,GG,AA,GG,TT,AA,AA,CC,GG,AA,CC,AA,AT,GG,TT,TT,AT,GG,GT,TT,CG,NN,GT,AA,GG,AA,CC,AA,AT,CC,TT,AC,AC,CC,GG,GG,CG,AG,CC,TT,TT,GT,GG,TT,AA,CC,AG,GG,CC,NN,GG,CC,GG,AT,AA,CC,GT,GG,CC,CC,AA,GG,CC,AA,CC,AT,AA,CC,CG,CC,TT,AA,GG,AA,AA,AA,CC,GG,AA,AG,AA,TT,GG,AA,AA,CC,AA,CT,AA,AA,GG,GG,GG,TT,AT,AA,TT,TT,TT,AA,TT,GG,NN,AA,3.21,Resistant,Low,Poor,Late
L0215,Coimbatore,Tamil Nadu,Kharif,Red Loamy,Rainfed,650,29.5,68,CC,TT,AG,AA,GG,CC,GG,TT,CC,GG,AA,CC,CC,AT,TT,GG,CG,TT,TT,AA,CC,TT,GT,CC,AT,CC,TT,TT,GG,AA,TT,TT,AA,NN,GG,GG,GG,CC,GG,CC,TT,CT,AA,GT,GG,AG,TT,NN,CC,CC,GG,AT,AA,GG,CC,TT,AA,AC,GT,AC,AA,TT,AT,AG,CT,TT,CC,GG,TT,GG,AA,GT,CC,AA,AG,AA,AA,GG,TT,TT,GG,GG,GT,CC,TT,GG,AA,AA,CC,GT,CC,TT,CT,TT,GG,GG,TT,AC,GT,CC,CC,CC,AG,AA,TT,TT,CC,AA,AA,AC,CT,GG,TT,CG,TT,AA,AA,TT,CC,AA,CC,GG,CC,TT,TT,AA,CT,CC,CC,CC,AA,TT,CC,AA,CC,CT,AA,TT,AA,AA,GG,CC,CC,GG,AG,AG,AA,AC,GT,CG,CC,AA,AA,GG,TT,GG,AC,TT,TT,GG,AC,TT,TT,CT,CG,AA,GT,TT,AA,TT,CG,CC,AG,CT,CC,CC,GG,CC,AA,GG,AA,CC,TT,CC,GG,TT,GG,AT,AA,AA,TT,CC,CG,AA,AA,CC,GG,GG,NN,GG,TT,AA,AA,CG,GG,AA,AC,AT,AA,GT,TT,TT,AA,GG,GT,AT,CC,AT,TT,AA,GG,AA,TT,AA,TT,CC,CT,AC,CC,TT,GG,AA,NN,AA,CC,TT,TT,GG,GG,TT,AA,CC,AG,GG,CC,GG,GG,CC,GG,AT,NN,CG,GT,GG,CC,CC,AT,GG,CC,AA,CC,AA,AA,AC,CC,AC,TT,AA,GG,AA,AA,AA,AC,GG,AA,AA,AA,TT,GG,AC,AA,AA,CC,CT,AG,NN,GG,GG,GG,TT,AT,AG,TT,TT,AT,AG,AT,GG,GG,AA,2.97,Susceptible,High,Poor,Late
L0216,Coimbatore,Tamil Nadu,Kharif,Red Loamy,Rainfed,650,29.5,68,AA,TT,GG,AA,CG,CC,TT,TT,CC,CG,AT,CC,CG,TT,GT,GG,CG,NN,TT,AA,CC,TT,GG,CC,TT,CC,TT,TT,GG,AA,TT,CC,AA,CC,GG,GG,GT,CC,GG,CC,TT,CC,AA,TT,AA,GG,TT,TT,CC,AC,GT,AT,AG,GG,CC,TT,AA,AC,GT,AA,AA,TT,TT,AG,CC,AT,CC,GG,TT,GG,AG,GG,CC,AA,GG,AA,AT,GG,TT,TT,GG,GT,GG,CC,AA,GG,AA,AA,CC,GT,CC,TT,CT,AT,GT,GG,TT,CC,TT,CC,TT,CG,GG,AA,AT,TT,CG,AA,AA,AA,CC,GG,TT,CC,TT,AA,AA,TT,CC,AG,CG,GG,CC,GG,TT,AG,CC,CC,CC,GG,AA,TT,CC,AA,CC,CC,AA,AT,AA,AT,GG,CC,CC,GG,NN,AA,AA,AA,GG,CC,CC,AG,AA,GG,TT,AG,AA,TT,TT,GG,AA,GT,GT,TT,CC,AA,GT,TT,AT,TT,GG,CC,AA,CC,CC,CC,GG,CC,AA,GG,AG,CC,TT,CC,GG,TT,GG,AT,AA,AA,TT,AC,CG,AC,CC,CC,GG,GG,AA,GG,TT,CC,AA,CG,GG,AA,CC,AT,AT,GG,TT,AT,AA,GG,GT,AT,CC,AT,TT,AA,GG,AA,TT,AA,TT,CC,CT,AC,CC,TT,NN,GG,CC,AG,CC,TT,CT,TT,GG,AT,AA,AA,AA,GG,CC,CC,GG,CC,GG,TT,AA,CG,GT,GG,CG,CC,AA,GG,CC,AA,CG,AA,AA,CC,CC,CC,NN,AA,GG,AA,AC,AC,AC,AG,AG,AG,AA,AT,CG,AC,AG,AC,AC,CT,AA,AA,GG,GG,GG,TT,AA,AA,TT,TT,TT,AA,AA,CG,CG,AA,3.32,Moderate,High,Poor,Medium
L0217,Coimbatore,Tamil Nadu,Kharif,Red Loamy,Rainfed,650,29.5,68,AA,NN,GG,AG,GG,CC,NN,TT,CC,CG,AT,CC,CC,TT,TT,GG,CG,TT,TT,AA,CC,TT,GG,CC,TT,CT,TT,TT,NN,AA,TT,CC,AA,CC,AA,NN,GG,CC,GG,CC,TT,CC,AA,TT,AG,AG,TT,TT,CG,AA,GG,AA,AA,GG,CC,GT,AA,AA,GT,AA,AA,GT,TT,AA,TT,AT,CC,GG,TT,GG,AA,GG,AC,AA,GG,AC,AA,GG,TT,TT,GG,GG,GG,CC,AA,GG,AA,AA,CC,GT,CC,TT,CC,TT,TT,GG,CT,CC,TT,CC,CC,CG,GG,AA,TT,TT,CC,AA,AA,AA,CT,GG,TT,CC,TT,AA,AA,TT,CC,AG,CC,GG,CC,TT,CC,AA,CC,CC,CC,CC,AA,TT,CC,AA,CC,TT,AA,AT,AG,AT,NN,CT,CC,AG,AA,GG,AA,CC,GG,CC,CG,AA,AG,GG,TT,AG,CC,TT,CC,GG,CC,TT,GT,TT,CG,AT,TT,CT,AT,TT,GG,CC,AA,CC,CC,CC,CG,CC,AA,GG,AA,CC,TT,CC,GG,TT,GG,TT,AA,AG,TT,CC,CG,AC,CC,CC,GG,GG,AA,CC,TT,AC,AA,CC,GG,AA,AC,AA,AA,GG,TT,AT,AT,GG,TT,AA,CC,TT,GT,AA,GG,AA,NN,AC,TT,CC,TT,NN,CC,CT,CG,AA,CC,GG,AC,TT,TT,GG,GG,AT,AA,AC,AA,GT,CC,CC,GG,CC,GG,AA,AA,CC,GG,GG,CC,CC,AA,AG,CC,TT,CC,AA,AA,CC,CC,AC,TT,AG,GG,AA,AA,AA,AA,AG,AG,AA,AA,TT,GG,AA,AG,CC,AA,CT,AA,AA,GG,AG,GG,GT,AT,AA,TT,TT,TT,AG,TT,GG,GG,AA,6.06,Susceptible,Low,Standard,Late
L0218,Coimbatore,Tamil Nadu,Kharif,Red Loamy,Rainfed,650,29.5,68,CC,TT,AG,AG,GG,CC,GG,TT,CC,CG,AT,CC,CG,TT,TT,GG,GG,AT,TT,AA,CC,TT,GT,CC,TT,CC,GT,TT,GG,AA,TT,CT,AA,CC,GG,GG,GG,CG,GG,AC,TT,TT,AA,GT,AA,GG,TT,NN,CG,AC,TT,AT,AA,GG,CC,GT,AT,AA,GT,AA,AA,TT,AT,AG,NN,TT,CC,GG,TT,GG,AA,GT,AC,AA,GG,CC,AA,GG,TT,TT,GG,GG,GG,CC,AA,GG,AA,AA,CC,GT,CC,TT,CC,TT,TT,GG,CT,AA,GT,CC,CC,GG,AG,AA,TT,TT,CC,AA,AG,AA,CT,GG,TT,CC,TT,AA,AC,TT,CC,AG,CC,AG,CC,GT,CT,AG,CC,CC,CC,CC,AA,TT,CC,AA,CC,CT,AG,TT,AG,AT,GG,CC,CC,GG,AA,AA,AT,CC,GG,CC,CC,AA,GG,AG,TT,GG,AC,TT,TT,AA,AC,TT,TT,TT,CC,TT,TT,CT,AT,AT,GG,CC,AA,CC,CC,CC,GG,CC,NN,GG,NN,AC,TT,CG,GG,GT,GG,AT,AG,AG,TT,CC,CG,AA,CC,CC,GG,GG,AA,GG,TT,AC,AA,CC,GT,AA,AC,AA,AA,GT,TT,TT,AA,CG,TT,AA,CC,AT,TT,AT,GG,AA,TT,AA,TT,CC,TT,AC,CC,TT,CG,AA,CC,AA,CC,TT,CC,GT,GG,AT,AC,AC,AA,GG,CC,CG,CC,CC,GG,AA,AA,CG,GT,AG,CC,CC,AT,GG,CC,AA,CC,AA,NN,CC,CC,CC,TT,AA,GG,AA,AA,AA,AA,GG,AG,AG,AA,TT,GG,AA,AA,CC,AA,TT,AA,AA,GG,GG,GG,TT,AT,AA,TT,TT,AT,AA,TT,GG,CG,AA,2.87,Susceptible,Low,Premium,Medium
L0219,Coimbatore,Tamil Nadu,Kharif,Red Loamy,Rainfed,650,29.5,68,AC,TT,GG,GG,GG,CC,GT,TT,CC,CG,AA,CT,CC,TT,TT,GT,CC,TT,TT,AG,CG,GT,TT,CC,TT,CC,TT,TT,GG,AA,TT,TT,AA,CC,GG,GG,GG,CG,GG,CC,TT,CT,AA,GT,AG,GG,CT,AT,CC,CC,GT,AT,GG,GG,CC,TT,AA,AC,GG,AC,NN,GT,AT,AA,TT,TT,CC,GT,TT,GG,AA,GG,CC,AA,AG,AA,AT,GG,TT,TT,GG,GG,NN,CC,AT,GG,AA,AT,CC,GG,CC,TT,CC,AT,TT,GG,TT,CC,GT,CC,CT,CG,AA,AA,AT,TT,CC,AG,AA,AC,TT,GG,TT,CC,TT,AA,AA,AT,CC,GG,CC,GG,CC,GT,CT,AA,CC,CC,CC,CC,AA,TT,CC,AA,CC,CC,AA,TT,AG,AA,GG,CC,CC,GG,AA,AA,AA,AC,GG,CC,CG,AA,AG,AG,TT,GG,AA,TT,TT,AG,CC,TT,GT,TT,CC,AA,TT,CT,AA,TT,CG,CC,AG,CT,CC,CC,GG,CC,AA,GG,AA,CC,TT,CC,GG,TT,GG,TT,AG,AG,TT,CC,GG,AA,CC,CC,GG,GG,AC,CG,TT,AA,AG,CG,GG,AT,CC,AA,AA,GG,TT,TT,AA,CG,GT,AT,CC,TT,TT,AA,GG,AA,CT,AA,TT,CC,TT,AC,CC,TT,CG,AG,CC,AG,CC,TT,CT,GT,NN,TT,AC,AC,AA,GG,CC,CG,GG,CC,GG,AT,AA,CG,GT,GG,CC,CC,NN,GG,CC,AA,CC,AA,AA,CC,CC,CC,TT,AA,GG,AA,AA,AA,AA,NN,AA,AG,AG,TT,GG,AA,AG,NN,AA,CT,AA,AA,CG,GG,GG,TT,AA,AA,GT,TT,TT,AG,AT,GG,GG,AC,3.01,Resistant,Low,Premium,Late
L0220,Coimbatore,Tamil Nadu,Kharif,Red Loamy,Rainfed,650,29.5,68,AA,TT,GG,AA,GG,CC,GT,TT,CC,GG,AT,CC,GG,TT,GT,GT,GG,TT,TT,AA,CC,GT,TT,CC,TT,CT,TT,TT,GG,AC,CT,CT,AA,CC,GG,CG,GG,CG,GG,CC,TT,TT,AA,TT,GG,AG,CT,TT,CC,AA,GT,AA,AA,GG,CT,TT,AA,AA,TT,AC,AA,TT,AT,AA,TT,AT,CC,GG,TT,GG,NN,GG,CC,AA,AG,AC,AA,GG,GT,TT,GG,NN,GG,CC,AA,GG,AA,AA,CC,GT,CC,TT,CC,TT,TT,GG,TT,CC,TT,CC,CC,CG,GG,AA,TT,TT,CC,AA,AG,AA,CT,GG,TT,CC,TT,AC,AC,TT,CC,AG,CC,GG,CC,NN,TT,AA,CC,CC,CC,CC,AA,TT,CC,AA,CC,CC,AA,TT,NN,AA,GG,CC,CC,GG,AA,GG,AA,CC,GG,CC,CC,AA,AG,AG,GT,AG,AC,TT,TT,AG,AC,TT,TT,TT,CC,AT,TT,TT,AA,TT,GG,CC,AG,CT,CC,CC,CG,CC,AA,GG,AG,CC,TT,CC,GG,GT,CG,AT,NN,AA,TT,CC,CG,AA,CC,NN,GG,GG,AC,GG,TT,AA,AA,CC,GG,AA,CC,AA,AT,GT,TT,TT,AT,CG,GT,AA,CC,TT,TT,AA,GG,AA,TT,AC,TT,CC,TT,AA,CC,TT,CG,AA,CG,GG,CC,TT,TT,GT,GG,TT,AA,AC,AG,GG,CC,CG,GG,CG,GG,AT,AG,CG,TT,GG,CC,CC,AA,AG,CC,AA,CC,AA,AA,AC,CC,NN,TT,AA,GG,AA,AA,AC,AA,AG,AA,AA,AA,TT,CG,AC,AA,AA,AC,CC,AA,AG,GG,GG,GG,TT,AA,AA,TT,TT,TT,AA,TT,GG,CG,AA,1.28,Susceptible,Medium,Poor,Late
L0221,Coimbatore,Tamil Nadu,Kharif,Red Loamy,Rainfed,650,29.5,68,AA,TT,GG,AG,GG,CG,TT,TT,CC,GG,AA,CT,CG,TT,TT,GG,GG,TT,TT,AA,CC,TT,GG,CC,TT,CC,GT,TT,NN,AA,TT,CC,AA,CC,GG,GG,GG,CG,GG,CC,TT,CT,AC,TT,AG,AG,TT,AT,CC,CC,GG,AA,AA,GG,CC,TT,AA,AC,GG,AA,AA,TT,AA,AA,CT,NN,CC,GG,TT,GG,AA,GG,CC,AA,AG,AC,AT,GG,GG,TT,GG,GT,TT,CC,AT,GG,AA,AA,CC,GT,CC,TT,CC,TT,TT,GG,TT,CC,TT,CC,CC,CC,AG,AG,TT,TT,CC,AG,AA,AA,CT,NN,TT,CC,TT,AA,AA,TT,CC,GG,CC,GG,CC,GG,CT,AA,CT,CC,CC,CC,AG,GT,CC,AA,NN,CC,AA,TT,AG,AA,CG,CC,CC,GG,AA,AG,AA,CC,GG,CC,CC,AA,AG,GG,TT,AG,AC,TT,CT,GG,AC,GG,GT,TT,CC,AA,TT,TT,AA,AT,GG,CG,AA,CT,CC,CC,CG,CC,NN,GG,AA,CC,TT,CG,GG,TT,GG,TT,AA,AA,TT,CC,GG,AA,AA,CG,GG,GG,AC,GG,TT,AA,AA,CC,GG,AA,CC,AA,AT,GT,TT,TT,NN,GG,TT,AT,CG,AT,TT,AA,GG,AA,CT,AA,TT,CC,TT,AA,CC,CT,CG,AG,CG,AA,AA,TT,CT,GT,GG,TT,AA,CC,AG,GG,CC,CC,GG,CC,GG,AT,AG,CC,TT,GG,CC,CC,AT,GG,CC,AA,CC,AA,AA,CC,CC,AC,TT,AA,GG,AA,AC,AA,AA,AA,AA,AA,AA,AA,GG,AA,AG,CC,AC,CC,AA,AA,GG,GG,GG,TT,AA,AA,GT,TT,TT,AG,AA,GG,CG,AA,2.44,Susceptible,Medium,Poor,Early
L0222,Coimbatore,Tamil Nadu,Kharif,Red Loamy,Rainfed,650,29.5,68,AC,TT,GG,AG,GG,CC,GT,TT,CC,CG,AA,CC,CC,AT,GT,GG,GG,TT,TT,AG,CC,GT,TT,CC,TT,CC,GT,TT,GG,AA,TT,CT,AA,CC,GG,GG,GG,CC,GG,CC,TT,TT,AA,GT,AA,GG,TT,AT,CC,CC,GG,AA,AG,GG,CC,TT,AA,CC,GG,AA,AG,TT,AT,AA,TT,AT,CC,GG,CT,GT,AA,GG,CC,AA,GG,CC,AA,GG,GT,TT,GG,TT,GG,CC,AT,GG,AA,AA,CC,TT,AC,TT,CC,TT,TT,GG,CT,CC,TT,NN,CT,CG,AG,AG,AT,GT,CC,AA,AG,AA,CT,GG,TT,CC,TT,AA,AA,TT,CC,AA,CC,GG,CC,GG,TT,AA,CC,CC,CC,CC,AA,TT,AC,AA,CC,CC,AG,TT,AA,AA,GG,CT,CC,GG,AA,AA,AA,CC,GT,CC,CC,AA,AG,GG,TT,NN,AC,GT,CT,GG,CC,NN,TT,TT,CC,AA,TT,TT,AT,TT,GG,CC,AA,TT,CC,CC,CG,CC,AA,GG,AG,CC,TT,CC,GT,TT,GG,AT,AA,AA,TT,CC,GG,AC,CC,CG,GG,AG,CC,GG,TT,AC,AA,CC,GG,AA,AC,AA,AT,GT,TT,AT,AT,CG,GG,TT,CC,AT,GT,AA,GG,AA,TT,AA,TT,CC,TT,AA,CC,TT,CG,GG,CC,AG,CC,TT,CT,GG,GG,AT,AA,CC,AA,GT,CC,CC,GG,CC,GT,AT,AA,CG,TT,AG,CC,CG,AA,GG,CC,AA,CG,AA,AA,NN,CG,AC,TT,AA,GG,AA,AA,AC,AC,AG,AA,AA,AA,TT,GG,AA,AG,AC,AA,CT,AA,AA,GG,GG,GG,TT,AA,AA,TT,TT,TT,AA,AT,GG,GG,AA,2.86,Susceptible,High,Premium,Medium
L0223,Coimbatore,Tamil Nadu,Kharif,Red Loamy,Rainfed,650,29.5,68,AC,CT,GG,AG,GG,CC,GG,TT,CC,CG,AA,CT,CG,TT,TT,GG,GG,TT,TT,AA,CC,TT,GT,CC,TT,CC,TT,TT,GG,AA,CT,CC,AA,CC,GG,GG,GG,CC,GG,AC,TT,TT,AA,TT,AG,GG,CT,TT,CC,AA,GT,AT,AA,GG,CT,TT,AA,AA,GG,AC,AA,TT,AA,AG,TT,AT,CC,GG,TT,GT,AA,GG,AC,AA,GG,AA,AA,NN,TT,TT,GG,GG,GG,CC,AA,GG,AA,AA,CC,GT,CC,TT,CT,AT,GT,GG,CT,CC,GT,CC,CC,GG,GG,AA,TT,TT,CC,AA,AA,AA,CT,GG,TT,CG,TT,AA,AA,TT,CC,AG,CC,AG,CC,GG,CT,AA,CC,CC,AC,CC,AA,TT,CC,AC,CC,CC,AA,TT,AA,AA,CG,CT,CC,GG,AA,AG,AA,CC,GT,CG,CC,AA,AG,GG,TT,GG,AC,TT,TT,GG,AA,GT,TT,TT,CG,AA,TT,TT,AA,TT,GG,CC,AG,TT,AC,CC,GG,CC,AA,GG,AA,CC,TT,CC,GG,TT,GG,TT,AA,AA,TT,CC,CG,AC,CC,CC,GG,GG,AA,GG,TT,AC,AG,CC,GG,AA,CC,AA,AT,GG,TT,TT,AT,CG,GT,AT,CC,TT,GT,AT,GG,AA,TT,AA,TT,CC,TT,AA,CC,TT,GG,AA,CG,AG,AC,TT,CT,TT,GG,TT,AA,CC,AA,GG,CC,CG,GG,CC,GG,TT,AA,CC,TT,GG,CC,CC,AA,GG,CC,AA,CC,AA,AA,AC,CC,AC,NN,AA,GG,AA,NN,AC,NN,AA,AA,AG,AG,AT,GG,AA,AG,AA,AC,TT,AA,AA,CG,GG,CG,GT,AT,AA,GT,TT,TT,AG,AT,GG,GG,AA,3.58,Susceptible,Medium,Poor,Medium
L0224,Coimbatore,Tamil Nadu,Kharif,Red Loamy,Rainfed,650,29.5,68,AC,TT,GG,GG,CG,CC,GT,AT,CC,CG,AT,CC,CC,AT,TT,GG,CG,TT,TT,AA,CC,TT,TT,CC,AT,CC,TT,AT,GG,AC,TT,CT,AA,CC,GG,CG,GT,CC,GG,CC,TT,CT,AA,TT,AA,AA,TT,AT,CC,AC,GT,AA,AA,GG,CT,TT,AT,AA,GG,AC,AA,TT,AA,AA,TT,TT,CC,GG,TT,GG,AG,GG,AC,AA,GG,CC,AT,AG,TT,TT,NN,GG,GG,CC,AT,GG,AA,AA,CC,GT,AC,TT,CT,TT,GT,GG,NN,CC,GT,CC,CC,CG,GG,AA,TT,TT,CC,AA,AG,AA,CC,GG,TT,CC,TT,AA,AC,TT,CG,GG,CC,AG,CC,GT,TT,AG,CC,CC,CC,CC,AA,TT,CC,AA,CC,CC,AA,TT,AA,AT,GG,CC,CG,GG,AA,AG,AA,CC,GT,CC,CC,AA,AA,GG,TT,GG,AC,TT,NN,GG,AA,GT,GG,CT,CC,AT,TT,TT,AA,TT,CG,CC,AA,CC,CC,AC,CG,CC,AA,GG,AG,AC,TT,CG,GG,GT,CC,TT,AA,AA,TT,CC,GG,AA,AC,CC,GG,GG,AA,GG,TT,AC,AG,CG,GG,AT,CC,AA,AA,GG,TT,AT,AA,GG,GT,AA,CC,NN,TT,AA,GG,AG,CT,AA,TT,CG,TT,AA,AC,TT,GG,AA,CC,GG,CC,TT,TT,GT,GG,TT,AA,AC,AA,GG,CC,CC,GG,CC,GG,AA,AA,CC,GT,GG,CG,CC,AA,AG,CG,AT,CC,AT,AA,AC,CG,AC,TT,AA,GG,AA,AA,AA,AA,AG,AG,AG,AA,AT,CG,AC,AA,AA,AA,CT,AA,AA,CG,GG,GG,TT,AA,AA,TT,TT,TT,AA,AT,GG,GG,AA,3.93,Susceptible,Low,Poor,Late
L0225,Coimbatore,Tamil Nadu,Kharif,Red Loamy,Rainfed,650,29.5,68,CC,TT,GG,AG,GG,CC,GG,AT,CC,CC,AA,CC,NN,TT,GT,GG,GG,TT,TT,AA,CG,TT,GT,CC,TT,CT,TT,TT,GG,AC,CT,CC,AA,NN,GG,CG,GG,CC,GG,CC,TT,TT,AA,GT,AA,GG,CT,TT,CC,AC,GT,AA,AA,GG,CC,TT,AA,AA,GG,AC,AA,TT,AT,AA,TT,TT,CC,GG,TT,GG,AG,GG,CC,AA,GG,AC,AA,GG,TT,TT,AG,GG,GG,CC,AA,GG,AA,AA,CG,GG,AC,TT,CC,TT,GT,GG,CC,CC,GT,CC,CC,CC,AG,AA,AT,TT,GG,AA,GG,AA,TT,GG,TT,CC,TT,AA,AA,AT,CC,AG,CG,AG,CC,GG,CT,AG,CC,CC,CC,CC,AA,TT,AC,AA,CC,CC,AA,TT,AA,AA,GG,CC,CC,NN,AA,AG,AA,CC,GG,CC,CC,AA,AA,GG,TT,GG,AC,TT,CT,GG,CC,TT,TT,TT,CC,AT,GT,TT,AA,AA,GG,CC,AA,CT,AC,AC,GG,CC,AA,GG,AG,CC,TT,CC,GT,TT,CG,AT,AA,AA,TT,CC,GG,AA,CC,CC,GG,GG,AA,GG,TT,AC,AA,CC,GG,AA,AC,AA,AA,GG,TT,TT,AA,CG,GT,NN,CC,TT,TT,AA,AG,AA,TT,AC,TT,CG,TT,AC,CC,TT,GG,AA,CC,AG,CC,TT,CT,GT,GG,TT,AA,CC,AA,GG,CC,CC,GG,CG,GG,AT,AA,CC,TT,GG,CC,CC,AA,AG,NN,AT,CG,AA,AA,AC,CG,CC,AT,AA,GG,AA,AA,AA,AA,GG,AA,AA,AA,AT,GG,AA,AA,AC,AA,CT,AA,AA,GG,GG,GG,TT,AT,AG,TT,TT,TT,AA,TT,GG,GG,AA,3.29,Susceptible,Low,Standard,Medium
L0226,Coimbatore,Tamil Nadu,Kharif,Red Loamy,Rainfed,650,29.5,68,AC,CC,GG,AG,GG,CC,GT,TT,CC,CG,AA,CC,CG,TT,TT,GG,GG,TT,TT,AA,CC,GT,TT,CC,TT,CC,TT,TT,GG,AA,TT,CC,AA,CC,AG,GG,GG,CC,GG,CC,TT,CT,AA,GT,AA,GG,TT,AT,CC,AC,GT,AA,AA,GG,CT,TT,AT,AA,GT,AC,AA,TT,AT,AA,NN,AT,CC,GG,TT,GG,AA,GG,CC,AA,AG,CC,AA,GG,TT,TT,GG,GT,GT,CC,AA,GG,AA,AT,CC,TT,NN,TT,CC,AT,TT,GG,TT,CC,TT,CC,CC,CC,AG,AG,TT,GT,CC,AA,AG,AC,CC,GG,TT,CC,TT,AA,AA,TT,CC,AG,CC,GG,CT,GG,TT,AG,CT,CC,CC,CC,AA,GT,AC,AA,AC,CC,AA,TT,AA,AT,GG,CT,CC,GG,AA,AG,AT,CC,GT,CC,CC,NN,AG,GG,GT,AA,AA,TT,CT,GG,NN,TT,TT,TT,CC,AT,GT,TT,AA,TT,GG,CG,AG,CT,CC,CC,CC,CC,AA,GG,AA,CC,TT,CC,GG,TT,CG,TT,AA,AG,TT,AC,GG,AA,CC,CC,GG,GG,CC,GG,TT,AA,AA,CC,GT,AA,CC,AA,AT,GG,TT,TT,AT,GG,GG,TT,CC,TT,GT,AA,GG,AA,CT,AA,TT,CC,CT,AA,CC,CT,GG,AG,CC,AG,AC,AT,CC,GT,GG,TT,AA,CC,AA,GG,CC,CC,GG,CC,GG,AA,AA,CC,TT,GG,CC,CG,AA,AG,CC,AT,CC,AA,NN,CC,CC,CC,TT,AA,GG,AA,AA,AA,AA,NN,AG,AG,AG,TT,CG,AC,GG,CC,AA,TT,AA,AA,GG,GG,GG,TT,AA,AA,GT,TT,TT,AG,AT,GG,GG,AA,2.89,Susceptible,Medium,Premium,Medium
L0227,Coimbatore,Tamil Nadu,Kharif,Red Loamy,Rainfed,650,29.5,68,AA,TT,AG,AA,GG,CC,GG,AT,CC,CG,AA,CT,CC,AT,TT,GG,CG,TT,TT,AA,CC,TT,GT,CC,TT,CC,GT,TT,GG,AA,TT,CT,AA,CC,GG,CG,GG,CC,GG,CC,TT,CT,AA,TT,AG,GG,NN,TT,CC,AC,GG,AT,AA,GG,CC,GT,AA,AC,GT,AA,AA,TT,TT,AA,TT,TT,CC,GG,TT,GG,AG,GG,CC,AA,AG,AC,AA,GG,TT,CT,GG,GT,GG,CC,AT,GG,AA,AA,CC,TT,CC,TT,CT,TT,TT,GG,TT,AC,TT,CC,CT,CC,GG,AG,TT,TT,CG,AA,AA,AA,CT,GG,TT,CG,TT,AC,AA,AT,CC,GG,CG,AG,CC,GT,TT,AA,CC,CC,AC,CC,AG,TT,CC,AA,AC,CC,AA,AT,AA,AA,GG,CC,CC,GG,AA,AG,AA,CC,GG,CC,CC,AA,AG,GG,TT,GG,AC,TT,CT,AG,AC,TT,GT,TT,CC,AT,TT,TT,AA,TT,GG,CC,AA,CT,CC,CC,CG,CC,AA,GG,AA,CC,TT,CC,TT,TT,GG,AT,AA,AA,TT,AC,GG,AA,CC,CC,GG,GG,AC,GG,TT,AA,AA,CC,GG,AA,CC,AT,AA,GT,TT,AT,AT,CG,GT,AA,CC,AA,TT,AA,GG,AA,CC,AA,TT,CC,TT,AA,CC,TT,GG,AA,CC,AG,CC,TT,CT,NN,GG,TT,AC,CC,AA,GG,CC,NN,GG,CC,GG,TT,AA,GG,TT,GG,CC,CC,AA,GG,CC,AA,CC,AT,AG,AC,CC,AA,TT,AA,GG,AA,AC,AA,AA,GG,AA,AG,AA,TT,GG,AA,AG,AC,AC,CC,AA,AA,GG,GG,GG,TT,AT,AA,TT,TT,TT,AA,AA,GG,GG,AA,3.27,Resistant,Medium,Standard,Medium
L0228,Coimbatore,Tamil Nadu,Kharif,Red Loamy,Rainfed,650,29.5,68,AC,TT,GG,AA,GG,CC,GT,TT,CC,CG,AA,CC,CC,TT,TT,GT,CG,TT,TT,AA,CG,GT,GT,CC,TT,CC,GT,TT,GG,AC,CT,CT,AA,CC,GG,GG,GG,GG,GG,CC,TT,CC,AA,TT,AA,GG,TT,TT,CC,AA,GT,AA,AA,GG,CT,TT,AA,AA,GT,AA,AA,TT,AT,GG,CT,AT,CC,GG,TT,GG,AA,GG,CC,AA,GG,AA,AA,GG,GT,TT,GG,GT,GG,CC,AA,GG,AA,AA,CC,GG,CC,TT,CC,TT,TT,GG,TT,CC,TT,CT,CC,CG,AG,AA,TT,TT,CG,AA,AG,AA,NN,GG,GT,CC,TT,AA,AA,TT,CG,AA,CC,GG,CC,GG,CT,AA,CC,CC,CC,CC,AA,TT,CC,AA,CC,CC,AA,TT,AA,AT,CG,CT,CC,GG,AA,AA,AA,CC,GG,CC,CC,AA,AA,GG,TT,GG,AC,GG,CC,AG,CC,TT,TT,TT,CC,AA,NN,TT,AT,TT,CG,CC,AG,CT,CC,CC,CG,CC,AA,GG,AG,CC,TT,CC,GG,TT,CG,TT,AA,AA,TT,CC,GG,AA,NN,CC,GG,GG,AC,GG,TT,AC,AA,CC,NN,AT,CC,AA,TT,GT,TT,AT,AA,CG,GG,AA,CG,TT,TT,AA,GG,AG,TT,AA,TT,CC,TT,AC,CC,TT,GG,NN,CG,AG,AA,TT,TT,GT,GG,TT,AA,AC,NN,GG,CC,CG,GG,CG,GT,TT,AA,CC,TT,GG,CC,CC,AA,GG,CC,AT,CC,AT,AA,CC,CG,CC,TT,AA,GG,AA,AA,AA,AA,GG,AA,AG,AA,TT,GG,AA,AA,AC,AA,CT,AA,AA,GG,GG,GG,TT,AA,AA,TT,TT,TT,AA,TT,GG,GG,AC,4.07,Moderate,Low,Premium,Late
L0229,Coimbatore,Tamil Nadu,Kharif,Red Loamy,Rainfed,650,29.5,68,AA,TT,AG,GG,GG,CC,GG,TT,CC,CC,AA,CC,GG,TT,TT,GG,GG,TT,TT,AA,CG,GT,GT,CC,AT,CC,GT,TT,GT,NN,TT,CT,AA,CC,AG,CG,GG,CG,GG,CC,TT,CT,AA,TT,AG,GG,TT,TT,CC,AC,GT,AT,AA,GG,CT,NN,AA,AA,TT,AA,AA,GT,AT,AA,CT,TT,CC,GG,TT,GG,AG,GG,CC,AA,AG,AC,AA,GG,TT,TT,AG,GT,GG,CC,AT,AG,GG,AA,CC,TT,AC,TT,CC,TT,GG,GG,TT,CC,GT,CC,CC,CG,AG,AG,TT,TT,CG,AA,AG,AA,CC,GG,GT,CG,TT,AA,AA,TT,CC,GG,CC,GG,CC,GG,CT,AA,CC,CC,CC,CC,AA,TT,CC,AA,CC,CC,AA,TT,AA,AA,GG,CC,CC,GG,AA,AA,AT,CC,GG,CC,CG,AA,AA,GG,TT,GG,AA,TT,TT,GG,CC,TT,TT,TT,CC,TT,TT,TT,AT,TT,GG,CC,AG,CT,CC,CC,CC,CC,AA,GG,AG,CC,GT,CC,GT,TT,CG,TT,AA,AA,TT,AA,GG,AA,CC,CC,GG,GG,AC,GG,TT,AA,AG,CC,GG,AA,CC,AA,TT,GG,GT,TT,AT,CG,GT,AA,NN,TT,GT,AA,GG,AA,CT,AA,TT,CC,CT,AC,AC,CC,CG,AA,CC,AG,AC,TT,TT,GT,GG,TT,AC,CC,AG,GT,CC,CG,GG,CC,NN,TT,AA,CC,NN,GG,CC,CG,AA,GG,CC,AA,CC,AT,AA,AA,CG,CC,TT,AA,CG,AA,AA,AA,AA,AG,AG,AG,AA,TT,GG,AA,AG,AC,AC,CT,AA,AA,CG,GG,GG,TT,AA,AG,GT,TT,TT,AA,AT,GG,NN,AA,0.4,Susceptible,Medium,Standard,Early
L0230,Coimbatore,Tamil Nadu,Kharif,Red Loamy,Rainfed,650,29.5,68,AA,TT,GG,AG,GG,CC,GT,TT,CC,CC,AA,CT,CG,TT,TT,GG,CC,TT,TT,AA,CC,TT,TT,CT,TT,CC,TT,TT,GT,AA,TT,CT,AA,CC,GG,GG,GG,CG,GG,CC,TT,CT,AC,TT,AA,AG,TT,AT,CG,AC,GT,AA,AA,NN,CC,GT,AA,AA,GT,AC,AG,NN,AT,AA,CT,AT,CC,GG,TT,GG,AG,GG,CC,AG,GG,AA,AT,GG,TT,TT,GG,GG,GG,CC,AA,AG,AA,AT,CG,GT,CC,TT,CC,TT,TT,GG,CT,AC,TT,CC,CT,CC,AA,AA,TT,TT,CC,AG,AG,AC,CT,GG,TT,CC,TT,AA,AA,TT,NN,GG,CG,GG,CC,GT,CT,AA,CT,CC,AC,CC,AA,TT,CC,AA,CC,CT,AA,TT,AA,AA,GG,CT,CC,AG,AA,AA,AA,CC,GT,CC,CC,AG,AG,AG,GT,GG,AA,TT,CT,GG,CC,TT,GT,TT,CC,NN,GT,TT,NN,AT,GG,CG,AA,CC,AC,CC,GG,CC,AA,GG,AG,CC,TT,CC,GT,TT,GG,NN,AA,AA,TT,CC,GG,AA,CC,CC,GG,GG,AA,GG,TT,NN,AA,CC,GG,AA,AC,AA,AT,GG,GT,AA,AA,CG,GG,AT,CC,AT,TT,AA,GG,AA,CT,AA,TT,CC,CT,AC,CC,CT,GG,AA,GG,AG,AC,TT,CC,GT,GG,TT,AA,CC,AA,GT,CC,CC,GG,CC,GG,AT,AA,CC,NN,GG,CC,CC,AA,AG,CG,AA,CG,AT,AA,AA,CG,AC,TT,AA,GG,AA,AA,AA,AC,AG,AG,AA,AG,TT,GG,AC,AA,CC,AC,TT,AG,AG,GG,GG,GG,TT,AT,NN,TT,TT,TT,AA,TT,GG,CG,AA,4.29,Moderate,Low,Standard,Late
L0231,Coimbatore,Tamil Nadu,Kharif,Red Loamy,Rainfed,650,29.5,68,AA,NN,GG,AA,GG,CC,GG,TT,CG,CC,AA,CC,CC,AT,GT,TT,GG,TT,TT,AG,CC,TT,GT,CT,TT,CC,TT,TT,GG,AA,TT,CT,AA,CC,GG,GG,GG,CG,GG,CC,TT,TT,AA,GG,AA,GG,TT,NN,CC,CC,GG,AT,AA,GG,NN,GT,AA,AC,TT,AC,AA,TT,TT,AA,TT,AT,CC,GG,TT,GG,AA,GG,CC,AA,GG,AA,AT,NN,TT,TT,GG,GT,GG,CC,AA,GG,AA,AA,CC,GG,CC,TT,CC,TT,GT,AG,CT,CC,TT,CC,CC,CG,AA,AA,AT,TT,CG,AA,AA,AA,CC,GG,TT,CG,NN,AA,AA,TT,CC,AG,CC,GG,CC,GG,NN,AA,CC,CC,CC,CC,AA,TT,AC,AA,CC,NN,AA,AT,AG,AA,CG,CC,CC,GG,AA,AA,AA,CC,GG,CC,CC,AA,AA,AA,GT,GG,CC,TT,TT,GG,CC,TT,GT,TT,CG,AT,TT,CT,AA,AT,CG,CC,AA,CT,CC,CC,GG,CC,AA,GG,AA,CC,TT,CC,GT,TT,GG,AA,AA,AG,TT,CC,CG,AA,CC,CC,GG,GG,AC,GG,TT,AA,AA,CC,GG,AT,CC,AA,AT,GT,TT,AT,AT,GG,GT,AT,CC,TT,TT,AA,GG,AA,CT,AC,TT,CC,CT,AA,NN,TT,GG,GG,CC,AG,CC,TT,TT,GT,NN,TT,AC,CC,AA,GG,CC,GG,GG,CG,GG,AT,AA,CC,TT,GG,CG,CG,AT,GG,CG,AT,CG,AA,AA,AC,GG,AA,TT,AA,CC,AA,AA,AA,AA,GG,AG,AA,AA,AT,GG,CC,AA,AC,AC,TT,AG,AA,GG,GG,GG,TT,AT,AA,TT,TT,TT,AG,AT,GG,GG,AA,6.16,Susceptible,Low,Premium,Medium
L0232,Coimbatore,Tamil Nadu,Kharif,Red Loamy,Rainfed,650,29.5,68,AA,TT,GG,AA,GG,CC,GG,AT,CC,CG,AA,CC,NN,TT,GT,GT,GG,TT,TT,AA,CC,TT,GT,CC,TT,CC,TT,TT,GG,AA,TT,CC,AA,CC,GG,GG,GG,CG,GG,CC,TT,CC,AA,TT,AA,GG,TT,TT,CC,CC,GT,AA,AA,GG,CC,NN,AT,AA,GG,AA,NN,GT,TT,AA,TT,AT,CT,GG,NN,GG,AA,GG,CC,AA,GG,CC,AA,NN,TT,TT,GG,GT,GG,CC,AT,AG,AA,AA,CG,TT,CC,TT,CC,TT,GT,GG,TT,AC,GT,CC,CC,CC,AA,AA,TT,TT,CC,GG,GG,AA,CT,GG,TT,CG,TT,AA,AA,TT,CG,GG,CG,GG,CC,GG,TT,AA,CC,CC,AC,CC,AA,TT,AC,AC,CC,CC,AA,AT,AA,AT,CG,CC,CC,GG,AG,AG,AA,CC,GT,CC,CC,AA,AA,GG,TT,GG,AC,TT,TT,GG,AC,TT,TT,TT,CC,AT,TT,TT,AA,NN,GG,CC,AA,CT,AC,CC,GG,AC,AA,GG,AA,CC,TT,CC,GT,TT,GG,AT,AA,AA,TT,CC,GG,AA,CC,CC,GG,GG,AA,GG,TT,AA,AA,CC,GG,AA,CC,AT,AT,GT,TT,TT,TT,CG,GT,AA,CG,TT,GT,AA,GG,AA,CT,AA,TT,CC,TT,AA,AC,TT,CG,AA,CC,AA,CC,TT,CT,TT,GG,TT,AC,AC,AG,GG,CC,CC,GG,CG,GG,TT,AA,CC,TT,AG,CC,CC,AA,AG,CC,AA,CC,AT,AA,AC,CC,CC,TT,AA,GG,AA,AC,AA,AA,GG,AG,AG,AA,AT,CG,AC,AA,CC,AA,TT,AA,AG,GG,GG,GG,TT,AA,AA,GT,TT,TT,AG,TT,GG,GG,AA,3.38,Moderate,Medium,Poor,Late
L0233,Coimbatore,Tamil Nadu,Kharif,Red Loamy,Rainfed,650,29.5,68,AC,TT,AG,AG,GG,CG,GG,AT,CC,GG,AA,CC,CC,AT,TT,GG,CG,TT,TT,AA,CC,GT,GG,CC,TT,CC,NN,TT,GG,AA,TT,CC,AA,CC,GG,GG,GG,CC,GG,CC,TT,CT,AA,TT,AA,GG,CT,TT,CC,CC,GG,AA,AG,GG,CC,TT,AA,AA,GT,AA,AA,TT,TT,AG,CT,AT,CT,GT,TT,GT,AA,GG,CC,AA,AA,AC,AT,GG,NN,TT,GG,GT,GT,CC,AA,NN,AA,AT,CC,TT,AC,TT,CC,AT,TT,GG,TT,CC,GG,CC,CC,CG,AG,AA,TT,TT,CC,AA,AA,AC,CT,NN,TT,CC,GT,AA,AC,TT,CC,AG,CC,GG,CC,GG,CT,AA,CT,CC,CC,CC,AA,TT,AC,AA,CC,CT,AA,TT,AA,AA,GG,CC,CC,GG,AA,GG,AA,CC,GG,CC,CC,AG,AG,AG,TT,GG,AA,TT,CT,GG,CC,GT,TT,TT,CC,AA,TT,TT,AA,TT,GG,CC,AA,CT,CC,CC,GG,AC,AA,GG,AG,CC,TT,CC,GT,GT,GG,TT,AA,AA,TT,AC,GG,AA,CC,CG,CG,GG,AC,GG,TT,AA,AA,CG,GG,AA,AC,AA,AA,GG,TT,AT,AT,GG,TT,AT,CG,AT,TT,AA,AG,AA,CT,AA,TT,CC,NN,AA,CC,CT,CG,AG,CC,NN,CC,TT,TT,NN,GG,NN,AA,AC,AA,GG,CC,NN,GG,CG,GG,AA,AG,CC,TT,GG,CC,CG,NN,GG,CC,AA,CG,AA,AA,AC,CC,CC,TT,AA,GG,AA,AA,AA,AA,AG,GG,AG,AG,TT,NN,AA,AA,AC,AC,TT,AA,NN,GG,GG,NN,TT,AT,AG,GT,TT,AT,AA,TT,GG,GG,AA,3.8,Moderate,High,Premium,Late
L0234,Coimbatore,Tamil Nadu,Kharif,Red Loamy,Rainfed,650,29.5,68,AA,TT,GG,AG,CG,CC,GG,TT,CC,GG,AA,CC,CG,TT,TT,GG,CG,TT,TT,AA,CC,TT,GT,CC,TT,CT,TT,TT,GG,AA,TT,CC,AA,CC,GG,GG,GG,CC,GG,AC,TT,TT,AA,TT,AG,GG,TT,AT,CC,AC,GG,AT,AA,GG,CC,NN,AA,AA,GG,AA,GG,TT,AA,NN,TT,TT,CC,GG,TT,GG,AG,GG,CC,AA,AG,AA,AT,GG,GT,TT,GG,GG,GG,CC,AA,GG,AA,AA,CC,NN,AC,GT,CC,TT,GT,GG,CT,CC,TT,CC,CC,CC,GG,AA,AT,TT,CC,AA,AA,AA,CC,GG,TT,CC,TT,AA,AA,TT,CG,AG,CC,AG,CT,GT,TT,AA,CC,NN,CC,CC,AG,GT,CC,AA,CC,CT,AA,TT,AA,AA,GG,CT,CC,GG,AG,AG,AA,CC,GG,CC,CC,AA,GG,GG,GG,AG,AA,TT,CT,GG,NN,GT,GT,TT,CG,AA,GT,TT,NN,TT,GG,CC,AA,CT,CC,CC,GG,CC,AA,GG,AA,CC,TT,CC,GG,GT,CG,AT,AA,AG,TT,CC,CG,AA,AC,CC,GG,GG,AA,GG,TT,NN,AA,CG,GG,AA,CC,AA,AT,GT,GT,TT,AA,GG,GT,AA,CC,AT,TT,AA,GG,AA,CT,AA,TT,CC,TT,AA,CC,TT,CG,GG,CG,AG,CC,TT,CT,GT,GG,TT,AC,AC,AG,GG,CC,CC,CG,CC,GG,TT,AA,CG,GT,GG,CC,CC,AA,GG,CC,TT,CC,AA,AA,CC,CC,CC,TT,AA,GG,AA,AA,AC,AA,GG,AG,AG,AA,TT,CG,AA,AA,CC,AC,CC,AA,AA,GG,GG,GG,TT,AA,AA,TT,TT,TT,AA,AT,NN,GG,AA,4.32,Moderate,Medium,Premium,Early
L0235,Coimbatore,Tamil Nadu,Kharif,Red Loamy,Rainfed,650,29.5,68,AC,TT,AG,AA,GG,NN,GT,TT,CC,CC,AA,CC,CG,TT,TT,GG,CG,TT,AT,AA,CC,TT,GT,CC,TT,CT,TT,TT,GT,AA,CT,CC,AA,CC,AG,CG,GT,CG,GG,CC,TT,CT,AA,TT,AG,GG,TT,TT,CC,AC,GT,AA,AG,GG,CT,TT,AA,AA,GT,AC,NN,TT,AT,AG,CC,AT,CC,GG,TT,GT,AA,GG,CC,AA,AG,AC,AT,GG,TT,TT,GG,GT,GT,CC,AA,GG,NN,AA,CC,GT,AC,GT,CC,TT,GT,GG,TT,CC,TT,CC,CC,CG,GG,AA,TT,NN,CC,AA,AG,AA,CT,GG,TT,CC,TT,AA,AA,TT,CG,GG,CC,AG,CC,GG,TT,AA,CT,CC,CC,CC,AA,TT,CC,AA,CC,CC,AG,AT,AA,AA,GG,CC,CC,GG,AA,AA,AA,AC,GG,CC,CC,AA,AA,GG,TT,GG,AC,TT,CT,GG,CC,TT,GT,CT,CC,AA,TT,TT,AA,NN,CG,CC,NN,CC,CC,CC,CG,CC,AA,GG,AA,CC,TT,CG,GG,TT,CG,AA,AA,AG,TT,AC,GG,AA,AC,CC,GG,GG,AC,GG,TT,AA,AA,CC,GG,AT,AC,AA,AT,GG,TT,AT,AA,CG,TT,AA,CC,TT,GT,AA,GG,NN,TT,AA,TT,NN,CT,AA,CC,TT,GG,AA,CG,AA,AC,TT,TT,GT,GG,TT,AA,AC,AA,GT,CC,NN,GG,CC,GG,AT,AA,CG,TT,GG,CC,CC,NN,AG,GG,AT,CC,AA,AA,CC,CC,AA,TT,AA,GG,AA,AA,AC,AA,AA,GG,AA,AA,AT,GG,AA,AG,CC,AC,CC,AG,AG,GG,AG,GG,GT,AA,AG,TT,NN,TT,AA,AT,GG,GG,AA,3.73,Susceptible,Medium,Premium,Late
L0236,Coimbatore,Tamil Nadu,Kharif,Red Loamy,Rainfed,650,29.5,68,AC,TT,GG,AG,CG,CC,GG,TT,CC,NN,AA,CC,CG,TT,TT,GT,GG,TT,AT,AG,CC,TT,GT,TT,TT,CC,TT,TT,GG,AA,TT,CT,AA,CC,GG,CG,GG,CG,GG,CC,TT,TT,AA,TT,AA,GG,TT,TT,CC,AC,GG,AA,AA,GG,CC,TT,AA,AA,TT,AA,AA,TT,AT,AA,TT,TT,CC,GG,TT,GG,AA,GG,CC,AA,GG,AA,TT,GG,TT,NN,GG,GG,GG,CC,AT,GG,AA,AT,CG,GT,AC,TT,CT,TT,GT,GG,TT,CC,GT,CC,CC,CC,AA,NN,AT,TT,CC,AG,GG,AA,CC,GG,TT,CG,TT,AA,AA,AT,CC,GG,CG,GG,CC,GT,TT,GG,CC,CC,CC,CC,AA,GT,CC,AC,CC,CT,AA,AT,AG,AT,CG,CT,CC,GG,AG,AG,AT,CC,GG,CC,CC,AA,AA,GG,TT,GG,AC,TT,CT,GG,CC,TT,GT,TT,CC,AT,TT,TT,AA,AT,GG,CC,AG,CC,CC,CC,GG,CC,AA,GG,AA,CC,TT,CC,TT,GT,GG,TT,AA,AA,TT,CC,GG,AC,CC,CC,GG,GG,AC,GG,CT,AC,AA,CG,GG,AA,CC,AA,AA,GT,TT,TT,AT,CC,GT,AT,CG,TT,TT,AA,GG,AA,TT,AC,AT,CC,TT,AA,CC,TT,GG,GG,NN,AG,CC,TT,CT,TT,GG,TT,AA,AC,AA,GG,CC,CG,GG,CC,GG,AT,AA,CC,GT,GG,CC,CC,AA,GG,CG,AA,CC,AA,AA,CC,CG,CC,TT,AA,GG,AA,AA,AC,AC,AG,AG,AA,AA,TT,GG,AA,AA,AC,AA,CT,AA,AA,GG,GG,GG,TT,AT,AA,TT,TT,TT,AA,AT,GG,GG,AA,2.49,Susceptible,Low,Premium,Medium
L0237,Coimbatore,Tamil Nadu,Kharif,Red Loamy,Rainfed,650,29.5,68,AC,TT,GG,AG,GG,CC,GG,TT,CC,CG,AA,CC,CG,TT,TT,GG,GG,TT,TT,AG,CC,GT,GT,CC,TT,CC,TT,AT,GG,AA,TT,CT,AA,CC,GG,GG,GT,CC,GG,CC,TT,TT,AA,TT,AA,GG,TT,AA,CC,CC,GT,AA,AA,GG,CC,GT,AA,AA,GG,AC,AA,TT,TT,AG,CT,AA,CC,GG,TT,GT,AG,GG,CC,AA,AG,AA,AA,GG,TT,TT,GG,GG,GG,CC,AT,GG,AA,AA,CC,GG,CC,TT,CT,TT,TT,GG,CT,CC,GT,CC,CT,CG,GG,AA,TT,TT,CC,AA,GG,AC,CT,GG,GT,CC,GT,AC,AA,TT,CG,AG,CC,GG,CC,GG,TT,AA,CC,CC,CC,CC,AA,TT,CC,AA,CC,CC,AA,AT,AA,AA,GG,CC,CC,GG,AG,GG,AA,NN,GG,CC,CG,AA,AG,GG,TT,GG,AA,TT,CC,AG,CC,TT,GT,TT,GG,AT,NN,TT,AA,TT,GG,CC,AA,CT,CC,CC,CG,CC,AA,GG,AG,CC,TT,CC,GG,GT,GG,AT,AA,AA,TT,CC,CG,AA,CC,CC,GG,AG,AA,GG,TT,AA,AA,CG,GG,AA,AC,AT,AA,GG,TT,TT,AA,GG,TT,AA,CC,TT,GT,AA,GG,AA,CT,AA,TT,CC,TT,AA,CC,TT,CG,GG,CC,GG,CC,TT,CC,GT,CG,TT,AC,CC,AA,GT,NN,CG,GG,CC,GG,AT,AA,CC,GT,GG,CC,CG,AT,GG,CC,AT,CC,AA,AA,CC,CG,AC,TT,AA,GG,AA,AC,AA,AA,AG,GG,AA,AA,TT,GG,AA,AA,CC,AA,CT,AG,AA,GG,GG,GG,TT,AT,AA,GT,TT,TT,AA,TT,GG,GG,AA,4.53,Moderate,Medium,Standard,Late
L0238,Coimbatore,Tamil Nadu,Kharif,Red Loamy,Rainfed,650,29.5,68,AC,TT,GG,AG,GG,CC,GG,TT,CC,CG,AA,CC,CG,AT,TT,GG,GG,TT,TT,AG,CC,GT,GT,CC,TT,CC,TT,TT,GT,AA,TT,CC,AA,CC,AG,CG,GG,CG,GG,CC,TT,TT,AA,TT,AG,GG,TT,TT,CC,AC,GG,AT,AG,GG,CC,TT,AA,AC,GT,AA,AA,TT,TT,AA,TT,AT,CC,GG,TT,GG,AA,GT,CC,AA,GG,CC,AT,GG,TT,TT,AG,GG,GG,CC,AA,AG,AG,AA,CC,GT,CC,TT,CC,TT,GT,GG,NN,CC,TT,CC,TT,CC,AG,AA,AT,TT,CC,AA,AG,AA,CT,GG,TT,CG,GG,AA,AA,TT,NN,AG,CC,GG,CC,GT,TT,AA,CC,CC,CC,CC,AA,TT,AC,AA,CC,CC,AA,TT,AA,AA,GG,CC,CG,GG,AA,GG,AA,CC,NN,CC,CC,AG,AA,AA,TT,GG,AC,NN,CT,GG,CC,TT,GT,TT,CC,AT,GT,TT,AT,AT,GG,CC,AG,TT,CC,CC,CG,AC,AA,GG,AG,CC,TT,CC,GG,TT,GG,TT,AA,AA,TT,CC,GG,AA,CC,CC,GG,GG,AC,GG,TT,CC,AA,CC,TT,AT,CC,AA,AT,GG,TT,TT,AA,CG,GT,TT,CC,AT,GG,AA,GG,AA,TT,AC,TT,CC,TT,AA,CC,TT,CG,AA,CC,AG,CC,TT,TT,TT,GG,TT,AC,CC,AA,GG,CC,CC,GG,CC,GG,TT,AA,CG,GT,GG,CC,CC,AA,GG,CC,AT,CC,AA,AA,AC,CG,CC,TT,AG,CG,AA,AA,AA,AA,AA,AA,AA,AA,AT,GG,AC,AG,AC,AC,TT,AA,AA,GG,GG,GG,TT,AT,AG,TT,TT,TT,AG,AT,GG,GG,AA,2.94,Susceptible,High,Premium,Late
L0239,Coimbatore,Tamil Nadu,Kharif,Red Loamy,Rainfed,650,29.5,68,AC,CT,GG,AA,GG,CC,GG,AT,CC,CG,AA,CT,CC,TT,GT,GG,CC,TT,TT,AG,CC,TT,GT,CT,TT,CC,TT,TT,GT,AA,TT,CT,AA,CC,GG,CG,GG,CC,GG,CC,TT,CT,AA,GT,AA,AA,CT,TT,CC,CC,GG,AA,AA,NN,CT,TT,AA,AC,GT,AA,AA,TT,AA,AA,TT,TT,CC,GG,CC,TT,AG,GG,CC,NN,GG,CC,AT,GG,TT,TT,GG,GG,TT,CC,AA,GG,AA,AA,CC,TT,CC,TT,CC,AT,TT,NN,TT,AC,GT,CC,CC,GG,GG,AA,AT,TT,CC,AA,AA,AA,CC,GG,TT,CC,GT,AA,AA,TT,CC,AG,CC,GG,CC,GT,CC,AA,CC,CC,AC,CC,AA,TT,CC,AA,CC,CT,AA,TT,AA,AA,GG,TT,CC,GG,AA,GG,AT,CC,GG,CG,CC,AA,AA,GG,TT,AG,AA,TT,CT,GG,CC,TT,TT,TT,CC,AT,GT,TT,AA,AT,GG,CC,AA,CC,CC,AC,GG,CC,AA,GG,AG,CC,TT,CC,GG,GT,GG,TT,AA,AA,TT,CC,GG,AA,CC,CC,GG,GG,AA,GG,TT,AA,AG,CC,GG,AA,NN,AA,AA,GG,TT,AT,AT,GG,GG,TT,CC,AT,GG,AA,GG,AA,CT,AA,TT,CC,TT,AA,CC,TT,CG,AA,CC,AA,CC,AT,CT,TT,GG,TT,AA,AC,AG,GG,CC,GG,GG,CC,GT,AT,AA,CC,TT,AG,CC,CG,AA,GG,CC,AA,CC,AA,AG,AC,GG,AC,TT,AA,GG,AA,AA,AC,AC,GG,AG,AA,AA,TT,GG,AA,AG,AC,CC,TT,AA,AG,GG,GG,GG,TT,AT,AG,GT,TT,TT,AA,AA,GG,GG,AC,1.35,Moderate,Low,Poor,Late
L0240,Coimbatore,Tamil Nadu,Kharif,Red Loamy,Rainfed,650,29.5,68,AC,TT,GG,AG,GG,CC,NN,AT,CC,CG,AT,TT,CG,AT,TT,GG,GG,TT,TT,AA,CC,TT,TT,CT,AT,CC,TT,AT,GG,AC,TT,CT,AA,CC,GG,CG,GG,CC,GG,CC,TT,TT,AA,GT,AA,GG,TT,TT,CC,AA,GG,AA,AA,GG,CC,TT,AA,AC,GG,AA,AA,TT,TT,GG,CT,TT,CC,GG,TT,GG,AG,GG,AC,AA,GG,AC,AT,GG,TT,TT,GG,GT,GG,CC,AT,GG,AA,AA,CG,TT,CC,TT,CC,TT,TT,GG,CT,CC,GT,CT,CC,CC,GG,AA,AT,TT,CC,AA,AG,AC,CC,GG,TT,CC,GT,AC,AA,TT,CC,AA,CC,GG,CC,GT,TT,AA,CC,CC,CC,CC,AG,TT,AC,AA,CC,CT,AA,TT,AG,AA,GG,CC,NN,GG,AA,AG,AA,CC,GT,CC,CC,AA,AA,GG,GT,GG,AA,GT,CC,GG,CC,TT,TT,TT,CC,AT,GG,CT,AT,TT,GG,CC,AA,CT,CC,CC,GG,CC,AA,GG,AA,CC,TT,CG,GG,TT,CG,AT,AA,AA,GT,CC,CG,AA,CC,CC,GG,GG,AC,GG,TT,AA,AA,CC,GG,AT,CC,AA,AA,GG,TT,AT,NN,CG,GG,TT,CC,AT,GT,AA,GG,AA,TT,AA,TT,CC,TT,AC,CC,CT,GG,AA,CC,AG,CC,TT,TT,GT,GG,TT,AA,CC,AA,GG,CC,CG,CG,CC,GG,TT,AA,CC,GT,GG,CC,CG,AT,GG,CG,AT,CG,AA,AA,CC,CG,AC,TT,AA,GG,AT,AA,AA,AA,AA,GG,AG,AA,TT,GG,AA,AG,AC,AA,CC,AA,NN,GG,GG,GG,TT,AA,AG,TT,TT,TT,AG,TT,GG,GG,AA,6.65,Susceptible,High,Premium,Early
L0241,Coimbatore,Tamil Nadu,Kharif,Red Loamy,Rainfed,650,29.5,68,AA,TT,GG,AA,GG,CC,GG,AT,CC,CC,AA,CC,CC,TT,TT,GG,GG,TT,AT,AA,CG,TT,GT,CC,TT,CC,TT,TT,GG,AA,TT,TT,AA,CC,GG,GG,GG,GG,GG,AC,TT,CT,AA,TT,AG,AG,TT,TT,CG,AA,GG,AA,AA,CG,CC,TT,AA,AC,GT,AA,AA,TT,TT,AA,TT,AT,CC,GG,TT,GT,AG,GG,CC,AA,GG,AC,AT,GG,TT,TT,GG,GG,GG,CC,AA,GG,AA,AT,CC,GG,CC,TT,CC,AT,GT,AG,CT,CC,TT,CC,CT,CC,AG,AA,TT,TT,CC,AA,AA,AA,CC,GG,TT,CC,NN,AC,AA,TT,GG,GG,CG,GG,CT,GT,TT,AA,CC,CC,CC,CG,AA,TT,CC,AA,CC,CT,AG,AT,AG,AA,GG,TT,CC,GG,AA,AA,AA,CC,GG,CC,CG,AA,GG,AG,TT,GG,AC,GT,CT,GG,CC,GT,TT,TT,CC,AA,TT,TT,AA,TT,GG,CC,AA,CT,CC,CC,GG,CC,AA,GG,AA,CC,TT,CC,GG,GT,CG,TT,AA,AA,TT,CC,GG,CC,CC,CC,GG,GG,AA,GG,TT,AC,AA,CC,GG,AT,CC,AA,AT,GT,TT,AT,AT,CG,GG,NN,CC,TT,TT,AA,GG,AG,CT,AA,TT,CC,TT,AA,CC,TT,GG,AA,CC,GG,CC,TT,TT,TT,GG,TT,AC,AC,AA,GG,CC,CC,GG,CG,GG,TT,AA,CC,TT,AG,GG,CC,NN,GG,CC,AT,CG,AA,AA,AC,CC,CC,TT,AA,GG,AA,AA,CC,AA,AG,AG,AA,AA,NN,GG,AC,GG,NN,AA,CT,AA,AA,GG,AG,GG,TT,AA,AG,TT,NN,AT,GG,AT,CG,GG,AA,5.08,Susceptible,High,Poor,Late
L0242,Coimbatore,Tamil Nadu,Kharif,Red Loamy,Rainfed,650,29.5,68,AC,TT,GG,AA,GG,CG,GG,TT,CC,CG,AT,CC,CG,TT,GT,GT,GG,TT,TT,AA,CC,TT,GT,CC,TT,CC,TT,TT,GG,AA,TT,CC,AA,AC,GG,GG,GG,CG,GG,CC,TT,TT,AA,TT,AA,AG,TT,TT,CC,AC,GG,AT,AG,GG,CC,TT,AA,AA,GG,AA,AA,TT,AT,GG,CT,TT,CC,GG,TT,GT,AA,GG,CC,AA,AG,AA,AT,GG,GT,TT,GG,GG,GG,CC,AA,GG,AA,AA,CC,GG,CC,TT,TT,TT,TT,GG,CT,CC,TT,CC,CT,CC,AG,AA,TT,GT,CC,AA,AG,AA,CC,GG,TT,CC,TT,AA,AC,TT,CG,GG,CC,AA,CC,GG,TT,AA,CC,CC,CC,NN,AA,GT,CC,AA,CC,CC,AA,TT,AA,AA,GG,CC,CC,GG,AA,GG,AA,AC,GG,CC,CC,AG,AA,GG,TT,GG,AA,TT,CT,AG,CC,TT,TT,CT,CC,AA,GT,TT,AA,AT,GG,CC,AA,CC,CC,AC,GG,CC,AA,GG,AG,CC,TT,CC,GT,GT,GG,AT,AA,AA,TT,NN,GG,AA,AC,CG,GG,GG,CC,GG,TT,AC,AA,CC,GT,AA,AA,AA,AA,GG,TT,AT,AT,GG,GT,AA,CG,AT,GT,AA,GG,AG,CT,AA,NN,CC,CT,AA,CC,NN,GG,AA,CC,AG,AC,AT,NN,TT,GG,TT,AA,AA,AA,GG,CC,CG,GG,CC,GG,AT,AA,CC,TT,GG,CC,CG,AA,GG,CC,AA,CC,AA,AA,NN,CC,CC,TT,AA,GG,AA,AA,AC,AC,AG,AA,AG,AA,TT,CG,CC,AG,AA,AC,CT,AA,AA,GG,GG,GG,TT,AA,AA,TT,TT,TT,AG,AT,GG,GG,AA,3.1,Susceptible,Medium,Standard,Early
L0243,Coimbatore,Tamil Nadu,Kharif,Red Loamy,Rainfed,650,29.5,68,AC,TT,GG,AG,GG,CC,GG,TT,CC,CG,TT,CC,CC,TT,TT,GG,CG,TT,TT,AG,CC,TT,TT,CT,TT,CC,TT,TT,GG,AA,TT,CC,AA,CC,GG,CG,GG,CC,GT,CC,TT,TT,AA,TT,AA,GG,CT,AT,NN,AA,GT,AT,AA,GG,CC,TT,AA,CC,GT,AA,AA,TT,TT,AG,TT,TT,CC,GG,TT,GT,AA,GG,CC,AA,GG,AC,TT,GG,TT,TT,NN,GG,GG,CC,AA,GG,AG,AA,CC,TT,AC,TT,CC,TT,TT,GG,TT,CC,TT,CC,CT,CC,GG,AG,AT,TT,CC,AG,AG,AA,CC,GG,GT,CG,TT,AA,AA,TT,CG,GG,CC,GG,CT,GT,TT,AG,CC,CC,AC,CC,AA,TT,CC,AA,AC,CC,AA,AT,AA,AA,GG,CC,CC,GG,AA,AG,AA,CC,GG,CC,CC,AG,AG,GG,GT,GG,AA,TT,TT,AG,AC,GT,GT,CC,CC,AA,GT,TT,AT,NN,GG,CC,AG,CC,CC,CC,CG,AC,AA,GG,AA,CC,TT,CG,GT,GT,CG,TT,AA,AG,TT,CC,GG,AA,AC,CC,GG,GG,AC,CG,TT,AA,AA,NN,GG,AA,AC,AA,AA,GG,TT,TT,AT,CG,GT,AT,CC,AA,GT,AA,GG,AA,TT,AA,TT,CC,CT,AC,CC,CT,GG,AA,CC,AG,CC,TT,TT,TT,GG,AT,AA,CC,AG,GG,CC,CG,GG,CG,GG,AT,AG,CC,TT,GG,CG,CC,AA,GG,GG,AT,CC,AA,AA,CC,CC,CC,AT,AA,GG,AA,AA,AC,AC,GG,AA,AG,AA,TT,CG,AC,AG,AA,AA,CT,NN,AA,CG,GG,GG,TT,AA,AA,GT,TT,TT,AG,AT,GG,GG,AA,5.01,Susceptible,Low,Premium,Late
L0244,Coimbatore,Tamil Nadu,Kharif,Red Loamy,Rainfed,650,29.5,68,AA,TT,GG,AG,GG,CC,GG,TT,CC,CC,AA,CT,CG,AT,TT,GT,GG,TT,TT,AA,CC,GT,GT,CC,TT,CC,TT,TT,GT,AA,CT,NN,AA,CC,GG,GG,GG,CC,GG,AC,GT,TT,AC,TT,AA,GG,TT,AT,CC,AC,GG,AT,AA,GG,CT,GT,AA,AC,GT,AC,AG,TT,TT,AA,TT,TT,CT,GG,TT,GG,AG,GG,CC,AA,AA,AA,AA,GG,TT,TT,GG,GG,GG,CC,AA,GG,AA,AT,CC,TT,CC,TT,CT,TT,TT,GG,CT,CC,TT,CC,CT,CC,AG,AA,TT,TT,CC,AA,AG,AC,CT,GG,TT,CG,TT,CC,AA,TT,CC,NN,CG,GG,CC,NN,TT,AG,CC,CC,CC,CC,AA,TT,AC,AA,CC,CC,AA,TT,AA,AA,GG,CC,CC,GG,AA,AG,AA,CC,GG,CC,CG,AA,AA,GG,TT,GG,AC,TT,CT,GG,CC,GT,TT,CT,CC,TT,GT,TT,AT,TT,GG,CC,AA,TT,CC,CC,CG,CC,AA,GG,GG,AC,TT,CC,GT,TT,GG,AT,AA,AG,TT,CC,CG,AA,AC,CC,GG,GG,CC,GG,TT,AA,AA,CC,GT,AT,CC,TT,AA,GG,GT,AA,AT,GG,GG,AA,CC,AT,GT,AA,GG,NN,TT,AA,TT,CC,TT,AA,AC,TT,GG,AG,CC,AG,CC,TT,CT,GT,GG,TT,AA,AC,AG,GG,CC,CC,GG,CC,GG,AT,AA,CC,NN,AG,CC,CC,AA,AG,CC,AT,CC,AT,AA,CC,CG,AC,TT,AA,GG,AA,AA,AC,AC,AA,AG,AA,AA,TT,CG,AC,AA,AC,AC,TT,AG,AA,GG,GG,CG,TT,AT,AA,GT,TT,TT,AA,TT,GG,GG,AA,6.28,Resistant,High,Premium,Early
L0245,Coimbatore,Tamil Nadu,Kharif,Red Loamy,Rainfed,650,29.5,68,AA,TT,GG,AA,GG,CC,GT,AT,CC,GG,AA,CC,CG,TT,TT,GG,CG,AT,TT,AA,CC,TT,TT,CC,TT,CC,TT,TT,GG,AA,CT,CT,AG,CC,GG,GG,GG,CG,GG,CC,TT,CT,AA,GT,AA,NN,TT,TT,CC,AC,GT,AT,AA,GG,CT,GG,AA,AC,GG,AC,AA,GT,TT,AG,TT,AT,CC,GG,NN,GT,AA,GG,CC,AA,AG,AA,AT,GG,TT,NN,AG,GG,GG,CC,AT,GG,AG,AT,CG,TT,AC,TT,CC,AT,GT,GG,CT,CC,GT,CC,CT,CC,AG,AA,AT,TT,CC,AG,AA,AA,CT,GG,TT,CC,TT,AA,AA,TT,CC,GG,CG,GG,CC,GG,TT,AA,CT,CC,CC,CC,AA,TT,CC,AA,CC,CT,AG,TT,AG,NN,GG,CT,CG,NN,AA,AG,AA,CC,GG,CC,CC,AA,AG,GG,TT,GG,AC,GT,TT,AG,AC,TT,TT,CT,CG,AA,GT,TT,AT,TT,GG,CC,AG,CC,CC,CC,GG,CC,AA,GG,NN,CC,TT,CC,GT,TT,GG,AT,AA,AA,TT,CC,CG,AA,CC,CC,GG,GG,AA,GG,TT,AA,AA,CC,GG,AA,CC,AA,AT,GG,TT,AT,AA,GG,NN,AA,CC,AA,TT,AT,GG,AA,CT,AA,TT,CC,CT,AC,AC,CT,GG,AG,CC,GG,CC,TT,TT,GT,NN,TT,AC,AA,AG,GG,CC,CC,CG,CC,GG,AT,GG,CG,GT,GG,CC,GG,AA,AA,CC,TT,CC,AA,AA,AC,GG,CC,TT,AA,GG,AA,AC,AA,AA,GG,AG,AA,AA,TT,GG,AC,AG,AC,AA,CC,AA,AA,GG,GG,GG,TT,AA,AA,GG,TT,TT,AA,TT,GG,GG,AA,3.8,Susceptible,Medium,Poor,Late
L0246,Coimbatore,Tamil Nadu,Kharif,Red Loamy,Rainfed,650,29.5,68,AA,CC,GG,GG,GG,CC,GG,TT,CC,CG,AA,CT,NN,TT,TT,GT,GG,TT,AT,AG,CC,TT,GT,CT,TT,CC,GT,TT,GG,AA,TT,CT,AA,CC,GG,GG,GG,GG,GG,CC,GT,TT,AA,GT,AA,AG,TT,AT,CC,AC,GG,AA,AA,GG,CT,TT,AA,AA,TT,AC,AA,TT,TT,GG,CT,TT,CC,GG,TT,GT,AG,GG,AC,AG,AG,AC,AA,GG,TT,TT,GG,GG,GG,CC,AA,GG,AA,AT,CC,TT,CC,GT,NN,TT,TT,GG,TT,CC,TT,CC,CT,CC,AA,AA,TT,TT,CG,AA,AG,AA,TT,GG,TT,CC,TT,AA,AA,TT,CG,GG,CG,GG,CC,GT,TT,AG,CT,CC,CC,CC,AA,TT,CC,AA,CC,CC,AA,AT,AA,AA,GG,CC,CC,GG,AG,AA,AA,CC,GT,CC,CC,AA,AG,GG,TT,GG,CC,GG,NN,AG,AA,GT,TT,TT,CC,AA,GT,CT,AA,TT,GG,CC,AG,CT,CC,CC,CG,AC,AA,GG,AA,CC,TT,CG,TT,TT,GG,AA,AA,AG,TT,CC,GG,AC,AC,CC,GG,GG,AC,GG,TT,AC,AA,CC,GG,AA,AC,AA,AA,GG,TT,AT,AA,CG,TT,AT,CG,TT,GG,AA,GG,AA,NN,AA,TT,CC,CC,AA,CC,CC,CG,AA,CC,GG,CC,TT,TT,TT,GG,TT,AA,CC,AA,GG,CC,CC,GG,CC,GG,AT,AA,CG,TT,GG,CC,GG,AA,GG,CC,AT,CC,AA,AA,CC,CG,AC,TT,AA,GG,AA,AC,AA,AA,GG,AA,AA,AA,TT,GG,AA,AG,AC,AC,TT,AA,AA,GG,NN,GG,TT,AA,AA,TT,TT,TT,AG,TT,GG,GG,AA,1.56,Moderate,Medium,Poor,Medium
L0247,Coimbatore,Tamil Nadu,Kharif,Red Loamy,Rainfed,650,29.5,68,AC,TT,GG,AA,GG,CC,NN,TT,CC,GG,AA,CC,CC,AT,TT,GG,GG,TT,TT,AA,CC,TT,GT,CC,TT,CC,TT,TT,GG,AA,TT,CT,AA,CC,GG,GG,GG,CC,GG,CC,TT,TT,AC,TT,AA,AG,TT,TT,CC,CC,GG,AA,AG,GG,CT,TT,AA,AC,GT,AA,AA,TT,AT,NN,TT,TT,CC,GG,TT,GT,AA,GG,CC,AA,GG,AA,AA,GG,TT,TT,GG,GT,GT,CC,AA,GG,AA,AA,CC,TT,CC,TT,CC,TT,NN,GG,TT,CC,GT,CC,CC,CG,AG,AA,TT,TT,CC,AA,AG,AA,CT,GG,TT,NN,TT,AA,AA,TT,CC,GG,CC,AG,CT,GG,TT,AA,CC,CC,CC,CC,AA,TT,CC,AA,CC,CC,AA,AT,AA,AA,GG,CC,CC,GG,AG,AA,AT,CC,NN,CC,CC,AA,AA,GG,TT,AG,AA,TT,TT,GG,CC,GG,TT,TT,CG,AT,GT,TT,AA,TT,CG,CC,AA,CT,CC,CC,GG,CC,AA,GG,GG,CC,TT,CC,GG,TT,GG,TT,AA,AA,NN,CC,CC,AA,CC,CC,GG,GG,AC,GG,TT,AA,AA,CC,GG,AA,AC,AA,AT,TT,GT,TT,AA,GG,GG,AA,CC,AT,TT,AA,GG,AA,CT,AA,TT,CG,TT,AC,CC,TT,GG,AG,CC,AG,CC,NN,TT,TT,GG,TT,AA,AC,AG,GG,CC,CG,GG,CC,NN,NN,AA,CC,TT,GG,CC,CC,AA,AG,CC,AT,CC,AA,AA,AC,CC,CC,TT,AA,GG,AA,AC,AA,AA,GG,AG,AA,AA,TT,GG,AC,AA,AC,AC,CT,AA,AA,GG,GG,GG,TT,AT,AG,TT,TT,TT,AA,AT,GG,GG,AA,2.54,Moderate,High,Poor,Early
L0248,Coimbatore,Tamil Nadu,Kharif,Red Loamy,Rainfed,650,29.5,68,AA,CT,GG,AG,GG,CC,GT,TT,CC,CG,AA,CC,CG,AT,TT,GG,GG,TT,TT,AG,CC,TT,TT,CC,TT,CC,TT,TT,GT,AA,TT,CC,AA,CC,AG,GG,GG,CC,GG,CC,TT,TT,AA,GT,GG,GG,TT,TT,CC,CC,GG,AA,AG,GG,CT,TT,AA,AC,GG,AA,AA,TT,AA,AA,TT,TT,CC,GG,TT,GT,AG,GG,CC,AA,GG,AA,AT,GG,TT,TT,GG,GG,GG,CC,AT,GG,AA,AA,CC,GG,CC,TT,CC,AT,TT,GG,CT,AC,TT,CC,CC,CG,GG,AA,TT,TT,CG,AA,GG,AA,TT,GG,TT,CC,TT,AA,NN,TT,GG,GG,CC,GG,CC,GG,TT,AA,CT,CC,CC,CC,AA,GT,CC,AA,CC,CC,AG,TT,AA,AA,GG,CT,CC,GG,AA,AG,AA,CC,GG,CC,CC,AA,NN,GG,GT,AG,AA,TT,TT,GG,AC,GT,TT,TT,CC,AA,GT,TT,AT,TT,GG,CC,AG,CC,CC,CC,GG,CC,AA,NN,AA,CC,TT,CC,GG,GT,GG,AT,AA,AA,TT,CC,CG,AA,CC,CC,GG,GG,AC,GG,NN,AA,AA,CC,GG,AA,CC,AA,AA,GT,GT,TT,AT,CG,GT,AT,CC,AT,TT,AA,GG,AA,CT,AA,NN,CC,TT,AA,CC,TT,GG,AA,CC,AG,AC,TT,TT,TT,GG,AT,AA,AA,AA,GG,NN,CC,GG,CC,GG,AT,AA,CC,TT,GG,CC,NN,AT,GG,CC,AT,CC,AA,AG,CC,CC,CC,TT,AA,GG,AA,AC,AC,AA,GG,AG,AA,AA,AT,GG,AC,AA,CC,AC,CT,AA,AA,GG,AG,GG,TT,AT,AA,TT,TT,TT,AA,TT,GG,CG,AA,2.93,Susceptible,Low,Poor,Early
L0249,Coimbatore,Tamil Nadu,Kharif,Red Loamy,Rainfed,650,29.5,68,AA,TT,GG,GG,GG,CC,GG,AT,CC,CG,AA,CT,CC,TT,TT,GT,GG,TT,TT,AG,CC,TT,TT,CC,TT,CC,TT,TT,GG,AA,TT,CC,AA,CC,GG,GG,GG,CG,GG,AC,TT,CC,AA,TT,AG,GG,TT,TT,CC,AC,GG,AT,AG,GG,CT,GT,AA,AA,GT,AC,AA,TT,TT,AG,TT,AT,CC,GG,TT,GT,AA,GT,CC,AA,AG,AA,AT,GG,GT,TT,GG,GG,GG,CC,AA,GG,AA,AT,CC,TT,CC,TT,NN,TT,NN,GG,TT,CC,GT,CC,TT,CC,GG,GG,AT,TT,CC,AA,AG,AA,CC,NN,TT,CC,TT,AA,AA,TT,CC,AG,CC,GG,CC,GG,TT,AG,CC,CC,CC,CC,AA,GT,CC,AA,CC,CT,AA,TT,AG,AA,GG,CC,NN,GG,AA,AA,AT,CC,GG,CC,CG,AA,AA,GG,TT,GG,AC,GT,TT,GG,CC,GT,GT,CC,CC,AT,TT,TT,AT,TT,GG,CG,AG,CC,AC,CC,CG,CC,AA,GG,AG,CC,TT,CC,GT,TT,GG,AT,AA,AA,TT,CC,GG,AC,AA,CC,GG,GG,AC,GG,TT,AA,AA,CC,GG,AT,CC,AA,AA,GG,TT,AT,TT,GG,TT,AA,CC,TT,GT,AA,GG,AA,CT,AC,TT,CC,CT,AA,CC,TT,CG,AA,CC,AA,CC,TT,CC,TT,GG,TT,AC,CC,AG,GG,CC,GG,GG,CC,GG,TT,AA,CC,GT,GG,CC,CG,AA,AG,CC,AA,CG,AT,AA,CC,CC,AC,TT,AA,GG,AA,AA,AA,CC,AA,AG,AA,AA,TT,CG,NN,AG,CC,AA,CC,AA,AA,GG,GG,GG,GT,AA,AG,TT,NN,AT,AG,TT,GG,CG,AA,4.77,Moderate,High,Premium,Early
L0250,Coimbatore,Tamil Nadu,Kharif,Red Loamy,Rainfed,650,29.5,68,AC,TT,GG,AG,GG,CC,GG,AT,CC,GG,AA,CC,CC,AT,TT,GT,CG,TT,TT,NN,CC,GT,GT,CC,TT,CC,TT,TT,GG,AA,TT,CT,AA,AC,AG,GG,GT,CC,GG,CC,TT,TT,AA,TT,AG,GG,TT,TT,CC,CC,GT,AA,AA,GG,CC,TT,AT,AA,GT,AA,AA,GT,TT,AA,TT,TT,CC,GG,TT,GT,AG,TT,CC,AA,AG,AC,TT,GG,TT,TT,GG,GG,GG,CC,AT,AG,AA,AA,CC,TT,CC,TT,CT,TT,TT,AG,TT,CC,GT,CC,CC,CG,AA,AA,TT,TT,CC,NN,AG,AA,CT,GG,TT,CC,TT,AA,AA,TT,CC,AG,CC,GG,CC,GG,CC,AA,CC,CC,CC,CC,AA,TT,CC,AA,CC,CC,AA,TT,AA,AA,GG,CC,CC,GG,NN,AG,AT,CC,GT,CC,CG,AA,AG,GG,TT,GG,AC,GT,TT,GG,AA,GT,GT,NN,CC,AT,TT,TT,TT,TT,CG,CC,AG,CT,CC,CC,CG,AC,AA,GG,AG,CC,TT,CC,GT,TT,CG,TT,AA,AG,TT,CC,GG,AC,CC,CG,NN,AG,CC,GG,TT,AC,AA,CC,GG,AA,CC,AA,AA,GG,TT,AT,AT,NN,GT,AT,CG,TT,GG,AA,AG,AG,TT,AC,TT,CC,TT,AC,CC,CT,GG,AA,CG,AA,CC,TT,CT,GT,GG,TT,AA,CC,AA,GG,CC,CG,GG,CC,GG,AT,AA,CC,TT,AG,CC,CC,AA,GG,CC,AT,CC,AA,AA,CC,CC,AC,TT,AA,CG,AA,AA,CC,AA,GG,AA,AA,AA,TT,GG,AA,AA,AC,CC,CT,AA,AG,GG,GG,CG,GT,AA,AG,GT,TT,TT,AA,AT,GG,CG,AC,2.84,Resistant,Medium,Poor,Early
L0251,Coimbatore,Tamil Nadu,Kharif,Red Loamy,Rainfed,650,29.5,68,CC,TT,AG,AG,GG,CC,GG,AT,CC,GG,AA,CC,CG,TT,TT,GT,CG,TT,TT,AA,CG,NN,TT,CC,TT,CC,GT,TT,GT,AA,TT,CC,AG,CC,GG,GG,NN,CG,GG,CC,TT,TT,AA,TT,AG,AG,TT,TT,CC,AA,GG,AA,AA,GG,CC,GT,AA,AA,GT,AC,AG,GT,TT,AA,TT,TT,CC,GG,TT,GT,AA,GG,CC,AA,GG,AA,AT,GG,TT,TT,GG,GG,GT,CC,AA,GG,AA,AA,CC,GG,AC,TT,CC,TT,TT,GG,TT,CC,TT,CC,CC,CC,GG,AA,TT,TT,CC,AA,AG,AA,CC,GG,TT,CG,TT,AA,AA,TT,CG,AG,CC,GG,CC,GG,CT,AA,CC,CC,CC,CC,AA,TT,CC,AA,CC,CC,AA,TT,AA,AA,GG,CC,CC,GG,AA,AG,AT,CC,GG,CC,CC,AA,AG,GG,TT,AG,AA,TT,CT,GG,AC,GG,TT,TT,CC,AA,TT,TT,AA,TT,CG,CC,AG,CC,AC,CC,GG,CC,AA,AG,AG,CC,TT,NN,GG,TT,NN,AT,AA,AA,TT,CC,CG,AC,CC,CC,GG,GG,AC,GG,TT,AA,AA,CC,GT,AA,CC,AT,AT,GT,TT,TT,AA,GG,GG,AA,CC,TT,TT,AA,GG,AA,TT,AA,TT,CG,TT,NN,CC,TT,CG,AA,CC,AG,CC,TT,CT,TT,GG,TT,AA,AA,AA,GG,CG,CG,CG,CC,GG,AT,AA,CG,TT,GG,CC,CC,AT,GG,CC,AA,CC,AA,AA,CC,CG,CC,TT,AA,GG,AA,AC,AA,AA,AG,AA,AA,AA,TT,GG,AA,AG,CC,AC,CT,AA,AG,GG,GG,CG,TT,AA,AA,GT,TT,TT,AG,TT,GG,CG,AC,2.66,Resistant,Low,Poor,Medium
L0252,Coimbatore,Tamil Nadu,Kharif,Red Loamy,Rainfed,650,29.5,68,AA,TT,GG,AG,GG,CC,GT,TT,CC,GG,NN,CC,CG,TT,TT,GT,GG,TT,TT,AA,CG,TT,TT,CC,TT,CC,TT,TT,GT,AA,TT,CT,AA,CC,GG,GG,GG,CC,GG,CC,TT,CT,AC,TT,AA,AG,TT,TT,CC,CC,GT,AA,AA,GG,NN,TT,AA,AC,GT,AC,AG,TT,TT,AA,NN,TT,CC,GG,TT,GG,AA,GT,CC,AA,GG,AA,AT,GG,TT,TT,GG,GG,GG,CC,AA,GG,NN,AT,CC,TT,CC,TT,CC,TT,TT,GG,TT,CC,TT,CC,CC,CG,AA,AG,AT,TT,CC,AA,AG,NN,CC,GG,GT,CG,NN,NN,AA,TT,CC,GG,CC,GG,TT,GG,TT,AG,CC,CC,CC,CC,AA,TT,AC,AA,CC,CC,AA,TT,AA,AA,GG,CC,CC,GG,AG,AA,AA,CC,GG,CC,GG,AA,AA,AG,TT,GG,AA,TT,CT,GG,CC,GT,GT,TT,CC,AA,GG,TT,AA,AT,GG,CC,AA,CT,CC,CC,GG,CC,AA,GG,GG,CC,TT,CC,TT,GT,GG,TT,AA,AA,TT,CC,GG,AA,AC,CC,GG,AG,AC,GG,TT,AA,AA,CC,GG,AA,AC,AA,AT,GG,TT,TT,AA,GG,TT,AA,CC,TT,GG,AA,GG,AA,CT,AA,TT,CG,CT,AC,CC,CC,CC,GG,CC,AG,CC,TT,CT,GT,GG,TT,AC,CC,AG,GG,CC,CG,GG,CC,GG,AT,AA,CC,GT,GG,CC,CC,AA,AG,CC,TT,CG,AT,AA,CC,GG,AA,TT,AA,GG,AA,AA,AA,AA,AG,AA,AA,AA,AT,CG,AC,AA,AA,AA,TT,AA,AA,GG,AG,GG,TT,AA,AA,TT,TT,TT,AA,AT,GG,GG,AA,2.15,Susceptible,Medium,Premium,Early
L0253,Coimbatore,Tamil Nadu,Kharif,Red Loamy,Rainfed,650,29.5,68,CC,CT,GG,AG,GG,CC,GG,AT,CC,CG,AA,NN,CC,TT,TT,GG,GG,TT,TT,AG,CC,TT,GT,CC,TT,CC,TT,TT,GG,AA,TT,CT,AA,CC,GG,GG,GG,CC,GG,AC,TT,CT,AA,TT,AA,GG,TT,AT,CC,AC,GT,TT,AA,GG,CC,GT,AA,CC,GT,AA,AA,TT,AT,AG,CT,AT,CC,GG,TT,TT,AA,GG,CC,AA,GG,AA,AA,GG,TT,TT,GG,GG,GG,CC,AA,GG,AA,AA,CC,TT,CC,TT,CC,NN,GT,GG,TT,CC,TT,CC,TT,CC,GG,AA,AT,TT,CC,AA,AA,AA,CC,GG,TT,CC,TT,AC,AA,TT,CC,AG,CC,AG,CC,GT,CT,GG,CC,CC,CC,CC,AA,TT,CC,AA,CC,CC,AA,TT,AA,AA,CG,CC,CC,GG,AA,AG,AA,CC,GT,CC,CC,AA,GG,AG,TT,GG,AC,TT,CT,GG,CC,GG,TT,TT,CG,AA,TT,CT,AA,TT,GG,CC,AA,CC,CC,CC,GG,CC,AA,GG,AG,CC,TT,CC,GG,TT,GG,TT,AA,AG,TT,CC,CC,AA,AC,CC,GG,AG,AA,GG,TT,AC,AA,CC,GG,TT,AA,AA,AA,GG,TT,AT,AT,GG,GG,AT,CC,AT,GT,AA,GG,AA,TT,AA,TT,CG,TT,AA,CC,TT,GG,AA,CC,GG,CC,TT,TT,GT,GG,TT,AA,CC,AA,GG,CC,CG,GG,CC,GG,TT,AA,CC,GT,AG,CC,CC,AT,AG,CC,AT,CC,AA,AA,AC,CC,AC,TT,AA,GG,AA,AA,AA,AA,GG,AG,AA,AA,TT,GG,NN,AA,AC,AA,CT,AA,AA,GG,GG,GG,TT,AA,AA,TT,TT,TT,AA,TT,GG,GG,AA,5.47,Susceptible,Low,Standard,Medium
L0254,Coimbatore,Tamil Nadu,Kharif,Red Loamy,Rainfed,650,29.5,68,AA,CT,AG,AG,GG,CC,GG,TT,CC,CG,NN,CC,GG,AT,TT,GG,GG,TT,TT,AA,CC,TT,TT,CT,TT,CC,TT,TT,GG,AA,TT,CT,AA,CC,GG,GG,GG,CG,GG,CC,TT,TT,AC,TT,AA,GG,TT,AT,CC,AC,GG,AA,AA,GG,CC,TT,AA,AA,TT,AA,AA,TT,TT,AA,TT,TT,CC,GG,TT,GT,AA,GG,AC,AA,AG,AA,AA,GG,TT,TT,GG,GG,GG,CC,AT,GG,AA,AA,CC,GT,AC,GT,CT,TT,TT,GG,TT,CC,TT,CT,CT,GG,AG,AA,TT,TT,CC,AA,AG,AC,CC,GT,TT,CC,TT,AC,AA,TT,CC,GG,CC,AG,CT,GG,CC,AA,CT,CC,AC,CC,AA,TT,AC,AA,CC,CC,AA,TT,AA,AA,GG,CC,CC,GG,AA,AG,AA,AC,GG,CC,CC,AA,AG,GG,TT,GG,AC,GT,CC,GG,CC,TT,GT,TT,NN,AA,GG,TT,TT,TT,CG,CC,AA,CT,CC,CC,GG,CC,AA,GG,AG,CC,TT,CC,GG,GT,GG,AT,AA,AG,TT,CC,GG,AA,CC,CC,GG,GG,AA,GG,TT,AC,AA,CC,GG,AA,AC,AA,AA,GG,TT,AA,AA,GG,GG,AT,CC,TT,TT,AA,GG,AA,CT,AA,TT,CC,CT,AC,CC,TT,GG,AA,CC,AG,CC,TT,CT,GT,GG,AT,AC,AC,AG,GG,CC,CC,GG,CC,GG,AT,AA,CG,GT,GG,CC,CG,AA,GG,CC,AA,CC,AA,AA,CC,GG,CC,TT,AA,GG,AA,AC,AA,AA,GG,NN,AA,AA,TT,GG,AC,AA,CC,NN,TT,AA,AA,GG,GG,CG,TT,AT,AA,TT,TT,TT,AG,AA,GG,CG,AA,4.21,Susceptible,Medium,Premium,Medium
L0255,Coimbatore,Tamil Nadu,Kharif,Red Loamy,Rainfed,650,29.5,68,CC,CT,GG,AG,GG,CG,GT,TT,CC,CC,AA,CT,CC,TT,GT,GG,CG,TT,NN,AA,CC,GT,GT,CC,TT,CC,TT,TT,TT,AA,CT,CT,AA,CC,GG,GG,GG,CC,GG,AC,TT,CC,AA,TT,AA,AG,TT,TT,CC,CC,GT,AA,AA,GG,CC,TT,AA,AA,GG,AA,AG,TT,TT,AG,TT,AT,CC,GT,TT,GG,AA,GG,CC,AA,GG,AC,AT,GG,TT,TT,GG,GT,GG,CC,AT,GG,AA,AA,CC,TT,CC,TT,CC,TT,TT,GG,NN,CC,GT,CC,CC,CG,AG,AA,TT,TT,CC,AG,AA,AA,TT,GG,GT,CC,GT,AA,AA,TT,CC,GG,CC,GG,CC,GT,TT,AG,CC,CG,CC,CC,AA,TT,CC,AA,CC,CC,AA,TT,AG,AA,CC,CC,CC,GG,AA,AA,AA,CC,GG,CC,CC,AA,AA,GG,TT,AG,AA,GT,CT,AG,CC,GG,TT,TT,CC,AA,TT,TT,AT,TT,GG,CC,AG,CC,CC,AC,GG,CC,AA,GG,GG,CC,TT,CC,GT,TT,GG,TT,AA,AA,TT,NN,GG,AA,CC,CC,CG,GG,AA,GG,NN,AC,AA,CC,GG,AA,CC,AA,AT,GG,TT,AT,AA,GG,GT,AT,CC,TT,GT,AA,GG,AA,CT,AA,TT,CC,CT,AC,CC,CC,GG,NN,CG,AG,CC,AT,TT,GT,GG,TT,AA,AC,AA,GT,CC,GG,GG,CC,GG,AA,AG,CC,GT,GG,CC,CC,AA,AG,CC,AT,CC,AA,AA,AC,CC,NN,TT,AA,GG,AA,AA,AC,AA,GG,AA,AA,AA,TT,GG,CC,AA,AC,AA,CT,AG,AA,GG,GG,CG,TT,AT,AA,TT,TT,TT,AG,AT,GG,GG,AC,4.39,Resistant,Medium,Standard,Late
L0256,Coimbatore,Tamil Nadu,Kharif,Red Loamy,Rainfed,650,29.5,68,CC,TT,GG,AA,GG,CC,GT,TT,CC,CC,AT,CC,CG,AT,TT,GT,CC,TT,TT,GG,CC,GT,TT,CC,TT,CT,TT,TT,GG,AA,TT,CC,AA,CC,GG,GG,GG,CG,GG,CC,TT,CT,AC,TT,AA,AG,TT,AT,CC,CC,GT,AA,AA,GG,CT,TT,AA,AA,GT,AA,AA,TT,TT,AA,TT,AT,CC,GG,TT,GG,AA,GG,CC,AA,GG,AA,AA,GG,TT,TT,GG,GG,GG,CC,AA,GG,AA,AA,CC,TT,CC,NN,CT,TT,TT,GG,TT,NN,TT,CT,CC,CC,AG,AA,TT,TT,CC,AA,AG,AA,CT,GG,TT,CC,TT,AC,AA,TT,CC,GG,CC,GG,CC,GT,CT,AA,NN,CC,CC,CC,AA,TT,CC,AA,CC,CC,AA,AT,AA,AA,GG,CC,CC,GG,AA,GG,AT,CC,GT,CC,CG,AA,AA,AG,TT,AG,AC,TT,CC,GG,AC,GG,TT,CT,CC,AT,GT,CT,AA,TT,GG,CC,NN,NN,AC,CC,CG,CC,AA,GG,AG,CC,NN,CG,GG,TT,GG,TT,AA,AG,TT,CC,CG,AC,CC,CC,GG,GG,AA,CG,TT,AC,AA,CC,GT,AT,AA,AT,AT,GG,TT,TT,AT,GG,GG,AT,CC,TT,GT,AA,GG,AA,CT,AA,TT,CC,CT,AC,CC,CT,GG,AA,CC,AG,CC,TT,TT,GT,GG,TT,AA,CC,AA,GG,CC,CC,GG,CC,GG,AT,AG,CG,TT,GG,CC,CC,AA,GG,CG,AA,CC,AT,AA,CC,CC,AA,TT,AA,GG,AA,AA,AA,AA,AA,AG,AA,AA,TT,GG,CC,AG,CC,AC,CT,AA,AG,GG,GG,GG,GT,AT,AA,TT,TT,TT,GG,TT,GG,CG,AA,5.8,Susceptible,Low,Poor,Late
L0257,Coimbatore,Tamil Nadu,Kharif,Red Loamy,Rainfed,650,29.5,68,AA,CT,AG,NN,GG,CG,GG,TT,CG,GG,AA,CC,CG,AT,TT,GT,CG,TT,TT,AG,CC,GT,TT,CT,AT,CC,TT,TT,GG,AA,TT,CC,AA,CC,GG,CG,NN,CC,GT,AC,TT,CT,AA,TT,AA,GG,TT,TT,CC,AC,GG,NN,AG,GG,CC,GT,AA,AC,GG,AA,AA,TT,TT,AA,TT,AT,CC,GT,TT,GG,AG,GG,CC,AA,GG,NN,AT,AG,TT,TT,GG,GG,GG,CC,AT,GG,AA,AA,CC,TT,CC,TT,CT,TT,GG,GG,CT,CC,TT,CC,CC,CG,GG,AG,AT,TT,CC,AA,AG,AA,CC,GT,TT,CC,TT,AA,AA,TT,CC,GG,CG,GG,CC,GG,CT,AA,CT,CC,AC,CC,AA,GT,CC,AA,CC,CT,AA,TT,AA,AT,GG,CC,CC,GG,AG,AG,AA,AC,GT,CG,GG,AA,AA,GG,TT,AG,AA,GT,CC,AG,CC,TT,TT,TT,CG,AT,TT,TT,NN,TT,GG,CG,AA,CC,CC,CC,CG,CC,AA,GG,AA,CC,TT,CG,NN,TT,NN,TT,AA,AG,TT,CC,CC,AA,CC,CC,GG,GG,AC,GG,TT,AC,AA,CC,GG,AT,CC,AA,AA,GG,TT,AA,AT,GG,GT,AA,CG,AT,GT,AA,GG,AA,TT,AC,TT,CC,CT,NN,CC,CT,GG,NN,CC,AG,CC,TT,TT,TT,CG,AT,AA,AC,AA,GG,CG,CG,GG,CC,GG,AT,AA,CC,TT,GG,CC,CC,AA,AG,CC,AA,CG,AA,AA,CC,CC,AC,TT,AA,GG,AA,AA,AC,AA,AG,AG,AA,AA,AT,GG,AA,AA,AC,AC,CT,AA,AA,GG,GG,GG,TT,AA,AA,TT,TT,TT,AG,AT,GG,CG,AA,6.19,Susceptible,Low,Premium,Medium
L0258,Coimbatore,Tamil Nadu,Kharif,Red Loamy,Rainfed,650,29.5,68,AC,TT,AG,AA,GG,CC,GT,TT,CC,CC,AA,CC,CG,TT,TT,TT,GG,TT,TT,AG,CG,GT,TT,CC,TT,CC,GT,TT,GG,AA,TT,CC,AA,CC,AG,GG,GG,CC,GG,CC,TT,CT,AA,TT,AA,AG,TT,TT,CC,CC,GG,AA,AA,GG,CC,TT,AT,AA,GT,AC,AG,TT,TT,AA,NN,TT,CC,GG,TT,GG,AG,GG,CC,AA,GG,AA,AT,GG,TT,TT,GG,GG,GT,CC,AA,GG,AA,AA,CC,GT,CC,TT,CC,TT,TT,GG,TT,CC,GT,CC,TT,CC,GG,AA,TT,TT,NN,AA,AA,AA,CT,GG,TT,CC,TT,AA,AA,TT,CG,GG,CC,AG,CC,GG,TT,AG,CT,CC,CC,CC,AA,TT,CC,AA,CC,CT,AA,TT,AG,AA,GG,CT,CC,AG,AG,AG,AA,AC,GG,CC,CC,AG,AG,AG,TT,GG,AA,GT,CT,GG,AC,GT,TT,CT,CC,AA,GT,TT,AA,TT,CG,CC,AG,CT,CC,CC,GG,CC,AA,GG,GG,CC,TT,CG,GG,GT,GG,AT,NN,AG,TT,CC,GG,AA,CC,CC,GG,GG,NN,CC,TT,AA,AA,CC,GG,AA,CC,AA,AT,GT,TT,TT,AT,CG,TT,AA,CC,AT,TT,AA,GG,AA,CC,AC,TT,CC,TT,AC,AA,TT,GG,AG,CG,AG,AC,TT,TT,GT,GG,TT,AA,AC,AA,GG,CC,CC,GG,CC,GG,TT,AA,CC,GT,GG,CC,CC,AA,GG,CC,AA,CC,AT,NN,AC,CC,AC,TT,AG,GG,AA,AA,AA,AA,AG,AG,AG,AA,TT,GG,AC,AA,CC,AC,CC,AA,AA,GG,GG,GG,TT,AA,AA,GT,TT,TT,AG,TT,GG,CG,AA,3.12,Susceptible,High,Poor,Early
L0259,Coimbatore,Tamil Nadu,Kharif,Red Loamy,Rainfed,650,29.5,68,CC,CT,AG,GG,GG,CC,GG,AA,CC,CG,AT,CC,CG,TT,TT,GT,GG,TT,AT,AA,CC,GT,GG,CT,TT,CC,TT,TT,GT,AA,TT,CT,AA,CC,GG,GG,GG,GG,GG,CC,TT,CT,AA,TT,AA,AG,TT,TT,CG,CC,GG,AA,AA,GG,CC,TT,AA,AC,GG,AA,AA,TT,AT,AG,TT,TT,CC,GG,CT,GG,AG,GG,CC,AA,AG,AA,AA,AG,TT,TT,GG,GG,GG,CC,AA,GG,AA,AA,CC,TT,AC,TT,CT,NN,GT,GG,TT,CC,TT,CC,CC,CC,AG,NN,TT,TT,CC,AA,GG,AC,NN,GT,TT,CC,GT,AA,AA,TT,CC,GG,CC,GG,CC,GT,CT,AA,CC,CC,CC,CC,AA,TT,CC,AA,CC,CC,AA,TT,AG,AA,GG,CC,CC,NN,AA,AG,AT,CC,GG,CC,CC,AA,AA,GG,GT,AG,AA,GT,TT,AG,AC,TT,GT,CT,CC,AA,GT,CT,AA,AT,GG,CC,AA,CT,CC,AC,GG,CC,AA,GG,AA,CC,TT,CC,GT,TT,CC,AA,AG,AA,GT,CC,GG,AA,CC,CC,GG,GG,CC,GG,TT,AA,AG,CC,GT,AT,CC,AA,NN,GG,TT,AT,AT,CG,GG,AA,CG,AT,GT,AA,GG,AA,TT,AA,TT,CC,TT,AA,CC,TT,GG,AA,CC,AG,CC,AT,CT,TT,GG,TT,AA,CC,AG,GG,CC,CG,GG,CC,GG,NN,AG,CC,GT,GG,CC,CC,AA,AG,CC,AA,CG,AT,AA,CC,CC,CC,TT,AG,GG,AA,AA,AC,AA,AG,AA,AA,AG,TT,GG,AA,AG,AA,AA,CC,AG,AA,CG,GG,GG,TT,AA,AG,TT,TT,TT,AA,AT,GG,GG,AA,2.74,Susceptible,Medium,Standard,Early
L0260,Coimbatore,Tamil Nadu,Kharif,Red Loamy,Rainfed,650,29.5,68,CC,TT,GG,AA,GG,CC,GT,TT,CC,GG,AT,CT,GG,AT,TT,GG,CC,TT,TT,AA,CC,TT,GT,CC,TT,CC,TT,TT,GT,AA,CT,CT,AA,CC,NN,GG,GG,CC,GT,CC,TT,TT,AA,TT,AG,GG,TT,TT,CC,CC,GG,AA,AA,GG,CC,TT,AA,AA,GG,AA,AA,TT,AT,AA,CT,AT,CC,GG,TT,NN,NN,GG,CC,NN,AG,AA,AA,GG,TT,TT,GG,TT,GG,CC,AT,GG,AA,AA,CC,GT,CC,GT,CC,TT,GT,GG,CT,CC,TT,CC,CC,CC,AG,AA,TT,GT,CC,AA,AA,AA,CT,GG,TT,CC,GT,AA,AA,TT,CC,AA,CG,AG,CC,GG,CT,AA,CC,CC,CC,CC,AG,TT,CC,AC,CC,CC,AA,TT,AA,AA,CG,CT,CG,GG,AA,AG,AA,CC,TT,CC,CC,AA,AA,GG,TT,GG,AC,TT,CC,AG,CC,GG,TT,TT,CC,AA,TT,TT,AA,AA,GG,CC,AG,CT,CC,CC,CC,CC,AA,GG,GG,CC,GT,CC,TT,TT,CG,TT,AA,AG,TT,CC,GG,AA,AC,CC,GG,GG,AA,GG,TT,AC,AA,CC,NN,AA,CC,AA,AT,GT,GT,AT,AT,GG,GT,AA,CC,AT,TT,AA,GG,AA,CT,AA,TT,CC,CT,AC,CC,CT,GG,AG,CC,AG,CC,TT,TT,GT,GG,TT,AC,CC,AG,GG,CC,CC,GG,CG,GG,AT,NN,CG,NN,GG,CC,CG,AA,AG,CC,AA,CG,AA,AA,CC,CC,CC,AT,AG,GG,AA,AC,AA,AA,AG,AA,AA,AA,TT,CG,AA,AG,CC,AA,CT,AG,AA,GG,GG,GG,TT,AA,AA,TT,TT,TT,AA,AT,GG,GG,AA,2.7,Susceptible,Low,Standard,Late
L0261,Coimbatore,Tamil Nadu,Kharif,Red Loamy,Rainfed,650,29.5,68,CC,TT,GG,AA,GG,CC,GT,TT,CC,GG,AA,CC,CG,TT,GT,GG,GG,TT,AT,AG,CC,TT,TT,CC,AT,CC,GT,TT,GG,AA,TT,CC,AA,CC,AG,GG,GG,CC,GG,CC,GT,CC,AA,TT,AG,GG,CT,TT,CC,AC,GG,AA,AA,GG,CT,TT,AA,AA,GG,AA,AA,TT,AT,AG,TT,TT,NN,GG,TT,GG,AA,GG,CC,AG,GG,AA,AA,GG,TT,TT,GG,GT,GG,CC,AA,GG,AA,AT,CC,TT,CC,TT,CC,TT,GT,GG,CT,CC,TT,CC,CT,CG,AA,AA,TT,TT,CG,AA,AA,AA,CC,NN,TT,CC,TT,AA,AA,TT,CG,AG,CG,GG,CC,TT,TT,AG,CC,CC,CC,CC,AG,TT,CC,AA,CC,CC,AA,AT,AG,AA,GG,CT,CC,GG,AA,AA,AA,CC,GT,CC,CC,GG,AG,GG,TT,GG,AA,TT,CT,GG,AC,TT,TT,CT,CC,AA,TT,TT,AA,TT,GG,CC,AA,CT,CC,AC,CG,AC,AA,AG,AG,CC,TT,CC,GT,TT,GG,AT,AA,AA,TT,CC,GG,AA,AC,CC,GG,GG,AA,GG,TT,AA,AA,CC,GT,AT,CC,AA,AT,GT,TT,TT,AT,CG,GT,TT,CC,TT,TT,AA,GG,AA,TT,AA,TT,CC,TT,AC,CC,TT,GG,AG,CC,GG,CC,TT,CT,TT,GG,TT,AC,CC,AG,NN,CG,CG,GG,CC,GG,AT,AA,CC,GG,GG,CC,CC,AA,GG,CC,AA,CC,AA,AA,CC,CG,NN,TT,AA,GG,AA,AA,AA,AA,AA,AA,AA,AA,TT,CG,AA,AG,AC,AA,CT,AA,AA,GG,GG,CG,TT,AA,GG,TT,TT,TT,AA,NN,GG,GG,AA,1.38,Resistant,High,Standard,Late
L0262,Coimbatore,Tamil Nadu,Kharif,Red Loamy,Rainfed,650,29.5,68,AC,TT,AA,GG,GG,CC,GG,AT,CC,NN,AA,CC,CC,TT,TT,GG,CG,TT,TT,AA,CC,GT,TT,CC,TT,CC,TT,AT,GG,AA,TT,CC,AA,CC,GG,GG,GG,CC,GG,CC,TT,TT,AA,TT,AA,GG,TT,TT,CC,AA,GG,AA,AA,GG,CC,TT,AA,AA,TT,AA,AA,TT,TT,AA,TT,AT,CC,GG,TT,GG,AA,GG,CC,AA,GG,AA,AA,GG,NN,TT,AG,GT,GT,CC,AT,GG,AA,AT,CC,GG,CC,TT,CC,AT,GT,GG,TT,CC,TT,CC,CC,CC,AG,AA,TT,TT,GG,NN,AA,AA,CC,GG,TT,CC,TT,AA,AA,TT,CC,GG,CG,GG,CC,GG,TT,AA,CC,CC,CC,CC,AA,TT,CC,AA,CC,CC,AA,AT,AA,AT,GG,CC,CC,GG,AA,AG,AA,AC,GG,CG,CC,AA,AA,GG,TT,NN,AA,GT,CT,GG,CC,GT,TT,NN,CG,AT,GT,TT,AA,TT,GG,CC,AG,CC,CC,CC,NN,CC,AA,GG,AA,CC,TT,CC,TT,TT,GG,TT,AA,AA,TT,AC,GG,AC,AC,CC,GG,GG,CC,GG,TT,AC,AA,CC,GG,AT,NN,AA,AA,GG,GT,TT,AA,GG,TT,AT,CC,AA,GT,AA,GG,AG,TT,AA,TT,CC,CT,AA,CC,TT,GG,AA,CC,AG,CC,AT,TT,GG,GG,TT,AA,CC,AG,GG,CC,CG,GG,CC,GG,AT,AA,CC,GG,GG,CG,CC,AA,GG,CG,AA,CC,AT,NN,AC,CG,AC,TT,AA,GG,AA,AA,AA,AA,AA,AG,NN,AA,TT,GG,AA,AA,AC,AC,CT,AA,AA,GG,GG,GG,TT,AA,AA,TT,TT,TT,AG,AT,GG,GG,AA,3.04,Susceptible,Low,Premium,Early
L0263,Coimbatore,Tamil Nadu,Kharif,Red Loamy,Rainfed,650,29.5,68,AA,TT,AG,NN,GG,CC,GG,TT,CC,CG,AA,CC,CC,TT,TT,GG,CC,TT,TT,AA,CC,TT,GT,CC,TT,CC,TT,TT,GG,AA,TT,CC,AA,CC,GG,CG,GG,CG,GG,CC,TT,CT,AA,GT,AA,GG,TT,TT,CG,AA,GG,AT,AA,GG,CT,TT,AT,AA,GG,AC,AA,TT,TT,AG,TT,TT,CC,GG,TT,GT,AA,GG,AC,AA,GG,AC,AA,GG,TT,TT,GG,GT,GG,CC,AT,GG,AA,AA,CC,GT,CC,TT,TT,TT,GT,GG,TT,CC,TT,CC,CC,CG,AA,AA,TT,TT,CG,AA,AG,AA,CC,GG,TT,CC,TT,AC,AA,TT,CC,AG,CG,AA,CC,GG,TT,AA,CT,CC,CC,CC,AG,TT,CC,AA,CC,CC,NN,TT,AA,AA,GG,CC,CC,GG,AA,AG,AA,CC,GG,CC,CC,AA,AG,AG,NN,AG,AC,TT,CT,GG,AC,TT,GT,TT,NN,AA,GT,NN,AA,TT,GG,CC,AA,TT,CC,AC,CG,CC,AA,GG,NN,CC,TT,CC,GT,TT,GG,AT,AA,AG,TT,AC,GG,AA,CC,CC,GG,GG,AC,GG,TT,AA,AA,CC,GG,AA,AC,AA,AA,GG,TT,TT,AT,GG,GT,AA,CC,AT,TT,AA,GG,AA,CT,AA,TT,CG,TT,AA,CC,CT,GG,AA,CC,NN,CC,TT,CT,TT,GG,TT,AA,AC,AG,GG,CC,CC,GG,CC,GG,TT,AG,CG,GT,GG,CC,NN,AT,GG,CC,AT,CC,AA,AA,CC,CC,AA,TT,AA,GG,AA,AA,AC,AC,NN,AG,AG,AA,AT,CC,AA,NN,AC,AA,CT,AG,AA,CG,GG,GG,TT,AA,AA,TT,NN,TT,AG,TT,GG,CG,AC,3.56,Moderate,High,Standard,Late
L0264,Coimbatore,Tamil Nadu,Kharif,Red Loamy,Rainfed,650,29.5,68,AC,TT,GG,AA,GG,CC,GG,TT,CC,CG,AA,CT,CG,AT,TT,GT,CG,TT,TT,AA,CC,TT,GT,CC,TT,CC,TT,TT,GG,AA,TT,CC,AA,CC,GG,GG,GG,CG,GG,CC,TT,TT,AA,TT,AA,GG,TT,TT,CC,AC,GG,AT,AA,GG,CC,TT,AA,CC,GT,AA,AA,TT,AT,AG,TT,AT,CC,GG,TT,GT,GG,GG,CC,AA,AG,AA,AA,GG,TT,TT,GG,GT,GG,CC,AA,GG,AA,AA,CC,TT,CC,TT,CC,TT,GT,GG,TT,CC,GG,CC,CC,CC,AG,AA,TT,TT,CC,AA,AG,AA,CC,GG,TT,CC,TT,AA,AC,TT,CC,AG,CC,GG,CC,TT,TT,AA,CC,CC,CC,CC,AA,TT,CC,AA,CC,CC,AA,TT,AG,AA,CG,CC,CC,GG,AG,AA,TT,CC,GG,CC,CC,AA,AA,GG,GT,GG,AC,TT,TT,GG,AC,GG,TT,TT,CC,AA,TT,CT,AA,TT,GG,CC,AA,CC,CC,CC,CC,CC,AA,GG,AG,CC,TT,CG,GG,TT,CG,TT,AA,AA,TT,AC,GG,AA,CC,CC,GG,GG,AC,CG,TT,AC,AA,CC,GG,AT,CC,AA,AA,TT,GT,AT,AA,GG,GG,AA,CC,AA,TT,AA,GG,AA,CT,AC,TT,CC,NN,AA,CC,TT,CG,AG,CC,AG,CC,TT,TT,TT,GG,TT,AA,AC,AA,GT,CC,CG,GG,CC,GG,AT,AG,CG,GT,GG,CC,CC,AA,GG,CC,AT,CC,AT,AA,AC,CC,AC,AT,AA,GG,AA,AA,AC,AA,AG,AA,GG,AA,AT,GG,AA,AA,CC,CC,TT,AA,AA,GG,AG,CG,TT,AA,AA,TT,TT,TT,AA,AT,GG,CG,AC,2.56,Resistant,Low,Standard,Late
L0265,Coimbatore,Tamil Nadu,Kharif,Red Loamy,Rainfed,650,29.5,68,AC,CT,GG,AG,GG,CG,GT,TT,CC,GG,AA,CT,CC,TT,TT,GG,CG,TT,TT,AG,CC,GT,TT,CC,TT,CC,TT,TT,GT,AA,TT,TT,AA,CC,GG,GG,GG,CC,GG,CC,TT,CT,AA,GT,AG,AG,TT,TT,CC,AC,GG,AA,AG,GG,CT,TT,AT,AA,GT,AA,AA,TT,TT,AG,TT,TT,CC,GG,TT,GT,AA,GG,CC,AA,GG,AC,AT,GG,TT,TT,AG,GG,GG,CC,AA,GG,NN,AA,CC,GT,CC,TT,CT,TT,TT,GG,TT,AA,TT,CC,CC,CG,AG,AA,TT,TT,NN,AA,GG,AA,CT,GG,TT,CC,TT,CC,AA,TT,CC,NN,CC,GG,CC,GT,TT,AG,CC,CC,CC,CC,AG,TT,CC,AA,CC,CT,AA,TT,AG,AT,CG,CT,NN,GG,AG,GG,AA,CC,GT,CC,CG,AA,AA,GG,TT,AG,AC,TT,TT,GG,CC,GT,GT,TT,CC,AA,TT,CT,AA,TT,GG,CC,AA,CT,CC,CC,GG,AA,AA,GG,GG,CC,TT,CC,GG,TT,GG,AA,AA,AA,TT,AC,CG,AC,CC,CC,GG,GG,AC,GG,TT,AA,AA,CC,GG,AA,AC,AA,AA,GG,GT,TT,AA,CG,GG,TT,CG,TT,TT,AA,GG,AA,TT,AA,TT,CC,TT,AC,CC,TT,CG,AA,CG,AA,CC,TT,CT,GT,CG,TT,AA,CC,AA,GG,CC,CC,GG,CC,GG,TT,AG,GG,TT,GG,CC,CG,AA,GG,CC,AA,CC,AA,AA,CC,CG,AC,TT,AA,CG,AA,AA,AA,AA,AG,AG,AG,AA,TT,CG,AC,AG,CC,CC,TT,AA,AA,GG,GG,GG,TT,AT,AG,TT,TT,TT,AG,AT,GG,GG,AA,2.53,Moderate,High,Standard,Early
L0266,Coimbatore,Tamil Nadu,Kharif,Red Loamy,Rainfed,650,29.5,68,AC,CT,GG,AA,GG,CC,GG,TT,CC,CC,AA,CC,CG,TT,GT,GT,GG,TT,TT,AA,CC,TT,TT,CC,TT,CC,TT,TT,GG,AA,CT,CC,AA,CC,GG,GG,GG,CC,GG,CC,TT,CT,AA,TT,AA,AG,TT,TT,CC,AA,GT,AA,AA,GG,CT,GT,AA,AC,GG,AC,AA,GT,AT,AG,TT,AT,CC,GG,TT,GG,AA,GG,AC,AA,GG,AA,AA,GG,TT,TT,GG,GG,GG,AC,AA,GG,AG,AA,CC,TT,CC,TT,CC,AT,TT,GG,TT,CC,TT,CC,CC,CG,AG,AA,TT,TT,CC,AG,AA,AA,CT,GG,TT,CG,GT,AC,AA,TT,CG,GG,CG,AG,CC,GT,CT,AA,CC,CC,CC,CC,AA,TT,CC,AA,CC,CC,AA,TT,AA,AA,GG,CT,CC,GG,AA,NN,AA,CC,GG,CC,CC,AA,AG,AA,TT,AG,AA,TT,CT,GG,CC,GT,NN,CT,CC,AA,TT,TT,AA,NN,GG,CC,AA,CC,CC,NN,CG,CC,AA,GG,AG,CC,TT,CC,GT,TT,GG,TT,AA,GG,TT,CC,GG,AA,CC,CC,GG,GG,AA,GG,TT,AC,AG,CC,GG,AA,CC,AA,AA,GG,TT,TT,AA,GG,TT,TT,CC,AT,TT,AA,GG,AG,CC,AA,TT,CC,CT,AA,CC,TT,CG,AA,CC,AA,AC,TT,CT,TT,GG,TT,AA,AC,NN,GG,CC,CG,GG,CC,GG,AA,AG,CC,GG,GG,CC,CC,AA,AG,CG,AA,NN,AA,AA,CC,GG,AC,TT,AA,GG,AA,AA,AA,AA,AA,AG,AG,AA,TT,GG,AA,AG,CC,AA,CT,AG,AA,GG,GG,CG,TT,AA,AA,TT,TT,TT,AG,TT,GG,GG,AA,5.46,Susceptible,Low,Poor,Late
L0267,Coimbatore,Tamil Nadu,Kharif,Red Loamy,Rainfed,650,29.5,68,NN,CT,GG,AA,GG,CC,GG,TT,CC,CC,AA,CC,CC,TT,TT,GG,CG,TT,TT,AA,CG,TT,GT,CC,TT,CC,GT,TT,GG,AA,TT,CC,AA,AC,GG,GG,GG,CG,GG,CC,TT,CT,AC,GT,AA,AG,TT,TT,CC,AC,GG,AA,AG,GG,CC,TT,AT,AC,TT,AC,AA,TT,AT,AA,TT,TT,CT,NN,TT,GG,AG,GG,CC,AA,AG,AA,TT,GG,TT,TT,GG,GG,GG,CC,AT,GG,AG,AA,CC,NN,AC,GT,CT,AT,TT,GG,TT,CC,TT,CC,CC,CG,AG,AA,TT,TT,CG,AA,NN,AA,CC,GG,TT,CG,GT,NN,AA,TT,CG,GG,CC,GG,CC,GG,CT,AA,CC,CC,CC,CC,NN,TT,CC,AA,CC,CC,AA,TT,AA,AT,GG,CT,CC,GG,AA,AA,AA,AC,GT,NN,CC,AA,AA,GG,TT,AG,NN,TT,TT,GG,AC,TT,TT,TT,CG,AT,GT,CT,AA,AT,CG,CC,AG,CT,CC,CC,CC,CC,AA,GG,AG,CC,TT,CC,GG,GT,GG,AT,AA,AG,TT,CC,GG,AC,CC,CC,GG,GG,AA,GG,TT,CC,AG,CC,GT,AA,CC,AA,TT,GT,GT,TT,AA,CG,GT,AT,CC,TT,GG,AT,GG,NN,CT,AA,TT,CC,CT,AA,CC,TT,CC,AA,CC,GG,NN,AT,CT,TT,GG,TT,AC,AC,AA,GG,CC,CG,GG,CC,GG,TT,AA,CC,GT,GG,CC,CC,AA,GG,CC,AT,CC,AT,AA,AA,CC,AC,AT,AA,GG,AA,AA,AA,AA,GG,AG,AA,AA,TT,CG,AA,AA,CC,AC,CT,AA,AA,GG,GG,GG,TT,TT,AA,GT,TT,TT,AG,TT,GG,GG,AA,1.14,Susceptible,Low,Poor,Medium
L0268,Coimbatore,Tamil Nadu,Kharif,Red Loamy,Rainfed,650,29.5,68,AC,TT,GG,AG,GG,CC,GT,AT,CC,GG,AA,CT,CG,TT,TT,GG,GG,TT,AT,AA,CC,TT,GT,CC,AT,CC,TT,TT,GG,AA,TT,CC,AA,CC,GG,CG,GG,CG,GG,CC,TT,TT,AA,TT,AA,AG,TT,TT,CC,AA,GG,AA,AG,GG,CC,GT,AA,AC,GG,AA,AA,TT,AT,AA,TT,AT,CC,GG,TT,GT,AG,GG,CC,AA,GG,AA,AT,GG,TT,TT,GG,GT,GT,CC,TT,GG,AA,AA,CC,TT,CC,TT,CT,TT,TT,GG,TT,CC,GG,CC,CC,CG,AG,AA,TT,TT,CC,AG,AG,AA,CT,GG,TT,CC,TT,AA,AC,TT,CC,AG,CC,GG,CC,GT,TT,AA,CC,CC,AC,CC,AA,TT,CC,AA,CC,CC,AA,TT,AA,AA,GG,CC,CC,GG,AA,AA,AA,CC,GG,CC,CC,AG,AA,GG,TT,GG,AA,TT,CT,GG,AC,TT,TT,TT,CG,AA,TT,TT,AA,TT,GG,CC,AA,CT,CC,CC,GG,AC,AA,GG,AA,CC,TT,CC,GG,TT,CG,AT,AG,GG,TT,CC,GG,AA,AC,NN,CG,GG,AC,CG,TT,AA,AA,CC,GG,AA,AC,AA,AA,GT,TT,TT,AT,GG,TT,AA,CC,AT,TT,AA,GG,AA,CT,AA,TT,CG,TT,AC,CC,TT,CG,AG,CC,AG,CC,AT,CT,GT,GG,AT,AC,AC,AG,GG,CC,CG,GG,CC,GG,AA,AA,CC,TT,GG,CC,CC,AA,GG,CC,AT,CC,AA,AA,CC,CC,AC,TT,AA,CG,AA,AA,AA,AA,GG,AA,AA,AA,TT,CG,AA,AA,CC,AC,CT,AG,AG,GG,GG,GG,GT,AA,AA,TT,TT,TT,AA,TT,GG,CG,AA,3.75,Moderate,High,Poor,Late
L0269,Coimbatore,Tamil Nadu,Kharif,Red Loamy,Rainfed,650,29.5,68,AA,TT,GG,AA,GG,CC,GT,TT,CG,CG,AA,CT,CC,AA,GT,GT,CG,TT,AT,AA,CC,TT,GT,CC,TT,CC,TT,TT,GG,AA,TT,CT,AA,CC,GG,CG,GG,CC,GG,CC,TT,CT,AA,GT,AG,AA,TT,TT,CC,AC,GG,AA,AG,GG,CT,TT,AT,CC,TT,NN,AA,TT,TT,AA,TT,TT,CC,GG,TT,GG,AA,GT,CC,AG,AG,AA,AT,GG,GT,TT,GG,GG,GG,CC,AA,GG,AA,TT,CC,GT,CC,TT,CC,TT,TT,GG,TT,CC,TT,CC,CT,CG,GG,AA,TT,TT,CC,AA,AG,AA,CC,GG,TT,CC,TT,AC,AA,TT,CG,AG,CC,AG,CC,GT,TT,AA,CC,CC,CC,CC,AA,TT,CC,AA,CC,CC,AA,TT,AA,AA,GG,CT,CC,GG,AA,AG,AA,AC,TT,CC,CC,AA,AG,AG,TT,GG,AC,TT,TT,AG,CC,GT,TT,TT,CC,AT,TT,TT,AA,AT,GG,CC,GG,CT,AC,AC,CG,CC,AA,GG,AA,CC,TT,CC,GT,TT,CG,NN,AA,AA,TT,CC,CG,AA,AC,CC,CG,GG,AC,GG,TT,AA,AA,CG,GG,NN,CC,AA,AT,GT,TT,AT,AT,CG,GG,AA,CC,AT,TT,AA,GG,AA,CT,AA,TT,CC,TT,AC,AC,TT,CG,AA,NN,GG,CC,AT,TT,GT,GG,TT,NN,AC,AG,GT,CC,CC,GG,CC,GG,AT,AG,CC,GT,GG,CC,CC,AA,GG,CC,AT,CC,AA,AG,AC,CC,CC,TT,AA,GG,AA,AA,AA,AA,GG,GG,AA,AA,TT,GG,AC,AG,NN,AA,TT,AA,GG,GG,GG,GG,TT,AA,AA,GT,TT,AT,AA,TT,GG,GG,AA,3.54,Susceptible,High,Poor,Late
L0270,Coimbatore,Tamil Nadu,Kharif,Red Loamy,Rainfed,650,29.5,68,AC,TT,GG,AA,GG,CC,GG,TT,CC,CG,AA,CC,CG,TT,TT,GG,GG,TT,TT,AG,CC,TT,GT,CC,TT,CC,TT,TT,GG,AA,CT,CC,AA,CC,GG,GG,GG,CC,GG,CC,TT,CC,AC,TT,AA,AG,CT,AT,CC,CC,GG,AA,AA,NN,CC,NN,AA,AA,GG,AC,GG,TT,NN,GG,TT,TT,CC,GG,TT,GG,AA,GT,CC,AA,GG,AC,AA,GG,TT,TT,GG,GG,GG,CC,NN,GG,AA,AA,CG,TT,CC,GG,CC,TT,GT,GG,CT,CC,TT,CC,CT,CC,GG,AA,TT,TT,CC,AA,AA,AC,CT,GG,TT,CC,GT,AA,AA,TT,CC,AG,GG,GG,CC,GG,TT,AG,CC,CC,CC,CC,AA,TT,CC,AA,CC,CC,AG,TT,AA,AA,GG,CC,CC,GG,AA,AA,AA,CC,GG,CC,CC,AA,AG,AG,GT,GG,AA,TT,CT,GG,CC,TT,GT,TT,CG,AT,GT,TT,AT,TT,GG,CC,AA,CT,CC,CC,CG,CC,AA,GG,AA,CC,TT,CG,GT,GG,GG,AT,AA,AG,TT,AC,GG,AC,AC,CC,GG,GG,AA,GG,TT,AA,AA,CC,GG,AA,CC,AA,AT,GG,GT,TT,AA,CG,GT,TT,CG,AT,GT,AA,GG,AA,TT,AA,TT,CC,TT,AC,CC,TT,GG,AG,CC,AG,CC,TT,CT,TT,GG,AT,AA,AC,AA,GG,CC,CG,GG,CC,GG,TT,AA,CC,GT,GG,CG,CC,AA,AG,GG,AT,CG,AA,AA,AC,CC,AC,TT,AA,GG,AA,AC,AC,AA,GG,GG,AG,AA,TT,GG,AC,AA,CC,AC,CT,AA,AA,GG,GG,GG,TT,AA,AA,GT,TT,TT,AG,TT,GG,GG,AA,5.22,Susceptible,Medium,Standard,Early
L0271,Coimbatore,Tamil Nadu,Kharif,Red Loamy,Rainfed,650,29.5,68,AA,TT,GG,AA,GG,CC,GT,TT,CC,CC,AA,CT,GG,AT,GT,GG,CG,AT,TT,AA,CC,TT,GT,CC,AT,CC,TT,AT,GG,AA,TT,CC,AA,CC,GG,GG,GG,CG,GG,CC,TT,TT,AC,GG,AA,AG,CT,AA,CC,AC,NN,AA,NN,GG,CC,TT,AA,AC,GT,AA,AA,TT,TT,AA,TT,TT,CC,GG,TT,GG,AA,GG,CC,AA,GG,AC,AA,NN,TT,TT,GG,GG,GT,CC,AT,GG,AA,AT,CC,TT,AC,TT,CC,TT,TT,GG,TT,AC,GT,CC,CC,CC,AG,AA,TT,TT,CG,AA,AA,AA,CC,GG,TT,CC,TT,AA,AA,TT,CC,GG,NN,GG,CC,GG,TT,AA,CC,CC,CC,CC,AA,TT,CC,AA,CC,CC,AA,AT,AA,AA,GG,CT,CC,GG,AA,AA,AA,CC,GT,CC,CC,AA,AA,GG,TT,GG,AA,TT,CT,GG,AC,GT,TT,CT,CC,TT,TT,TT,AT,TT,GG,CC,AG,CC,CC,CC,GG,CC,AA,GG,AA,CC,TT,CC,TT,TT,GG,TT,AA,AA,TT,AC,GG,AC,CC,CC,GG,GG,CC,GG,TT,AC,AA,CC,GG,AA,AC,AA,AA,GG,TT,AT,AA,GG,GG,TT,CC,TT,TT,AA,GG,AA,TT,AA,TT,CC,TT,AC,CC,CT,CG,AA,CC,AG,CC,TT,CT,GG,GG,TT,AA,CC,AG,GG,CC,CG,GG,CG,GG,TT,AA,CC,TT,GG,CG,CC,AA,GG,CC,AA,CC,AT,AA,CC,CG,CC,TT,AA,CG,AA,AA,AA,AA,AA,AA,AA,AA,TT,CG,AA,NN,CC,AA,CT,AA,AA,GG,AG,CG,TT,AT,AA,GT,TT,TT,GG,TT,GG,GG,AA,5.95,Moderate,Low,Standard,Medium
L0272,Coimbatore,Tamil Nadu,Kharif,Red Loamy,Rainfed,650,29.5,68,AC,TT,GG,AA,GG,CC,GG,TT,CC,CG,AA,CC,CC,AT,TT,GG,CG,TT,TT,AA,CC,TT,GT,CC,AT,CC,TT,TT,GG,AA,TT,CC,AA,AC,GG,CG,GG,CC,GG,CC,TT,TT,AA,TT,AG,AA,TT,TT,CC,AA,GG,AA,AG,GG,CT,GT,AA,AA,GT,AA,AA,TT,AT,AG,TT,AT,CC,GG,TT,GG,AA,GG,CC,AA,AG,AA,AA,AG,TT,TT,GG,GG,GG,CC,AA,GG,AA,AA,CC,GT,AC,GT,CC,TT,GT,GG,TT,CC,TT,CC,CT,CG,GG,AA,TT,TT,CC,AA,GG,AA,CC,GT,TT,CG,TT,AA,AA,TT,CC,GG,CC,GG,CC,GG,CC,AA,CC,CC,CC,CC,AA,TT,CC,AA,CC,TT,AA,TT,AA,AA,GG,CC,CC,GG,AG,GG,AT,CC,GG,CC,CC,AA,AA,AG,TT,GG,AA,TT,TT,AG,CC,TT,TT,TT,CG,AT,GT,TT,AA,AT,GG,CC,AG,CC,CC,CC,CG,CC,AA,GG,NN,CC,TT,CC,GT,NN,GG,AT,AA,AA,TT,CC,GG,AA,CC,CC,GG,GG,AC,GG,TT,AC,AA,CG,GG,AA,CC,AA,AA,GT,GT,AT,AA,NN,GT,AA,CG,AT,NN,AA,GG,AA,TT,AC,TT,CC,CT,AA,CC,CT,CC,AA,CG,AG,CC,TT,CT,TT,CG,TT,AA,CC,AA,GG,CC,CG,GG,CC,GG,AT,AA,CC,GG,GG,CC,CC,AA,AA,CC,AT,CC,AT,AA,AC,CG,AC,TT,AA,GG,AA,AA,NN,AA,AG,AG,AA,AA,TT,GG,AC,AA,CC,AA,CT,AA,AA,GG,GG,GG,TT,AA,AA,TT,TT,TT,GG,TT,GG,GG,AA,5.04,Moderate,Low,Poor,Early
L0273,Coimbatore,Tamil Nadu,Kharif,Red Loamy,Rainfed,650,29.5,68,AC,TT,GG,AA,GG,CC,GT,TT,CC,GG,AA,CC,CG,TT,TT,GG,GG,TT,TT,AA,CC,TT,GT,CT,TT,CC,NN,TT,GG,AA,TT,CC,AA,CC,NN,GG,GG,CG,GG,CC,TT,CT,AA,GT,AA,GG,TT,TT,CC,CC,GG,AA,AA,GG,CT,TT,AA,AC,GG,AA,AA,TT,TT,AG,TT,AT,CC,GG,TT,GT,AG,GG,AC,AG,AG,AA,AT,NN,GT,TT,GG,GG,GT,CC,AA,GG,AG,AA,CC,GG,CC,TT,TT,TT,GT,AG,CT,CC,GT,CT,CT,CC,AG,AA,TT,TT,CG,AA,AA,AA,CC,GG,TT,CC,TT,CC,AA,TT,CC,AG,CC,GG,CC,GT,NN,NN,CT,CC,CC,CG,AA,TT,AC,AC,CC,CC,AA,TT,GG,AT,GG,CT,CC,GG,AG,AG,AA,CC,GG,CC,CC,AA,AG,GG,TT,GG,AA,TT,TT,AG,CC,TT,TT,TT,CC,AA,TT,TT,AA,TT,GG,CC,AA,CT,AC,CC,GG,CC,AA,GG,AA,CC,TT,CC,GG,TT,GG,TT,AA,AA,GT,CC,CG,AC,AC,CC,GG,GG,CC,CG,TT,CC,AG,CC,GG,AA,CC,AA,AA,GG,TT,AT,AA,GG,GG,AT,CC,AT,GG,AA,GG,AA,CT,AA,AT,CC,TT,AA,AC,CC,GG,AA,CC,AG,AC,TT,TT,TT,GG,TT,AC,CC,AA,GG,CC,CC,GG,CC,GG,TT,AA,CC,TT,GG,CC,CC,AA,GG,CC,AT,CC,AA,AA,AC,CG,AC,TT,AA,GG,AA,CC,AA,AC,GG,AA,AA,AA,AT,GG,AA,AA,CC,AC,TT,AG,AA,GG,GG,GG,TT,AA,AA,TT,TT,AT,AG,TT,GG,GG,AA,4.31,Susceptible,High,Premium,Medium
L0274,Coimbatore,Tamil Nadu,Kharif,Red Loamy,Rainfed,650,29.5,68,AC,TT,GG,AA,GG,CC,GG,AT,CC,CG,AA,CC,CC,AT,TT,NN,NN,TT,TT,AA,CC,TT,GT,NN,TT,CC,TT,AT,GG,AA,TT,CC,AA,CC,GG,GG,GG,CC,GT,AC,TT,CT,AA,TT,AA,AA,TT,AT,CC,CC,GG,AA,AA,GG,CC,TT,AA,AC,GT,AA,AA,TT,TT,GG,TT,TT,CC,GG,TT,GT,AA,GT,CC,AA,GG,AA,AT,GG,TT,TT,GG,GG,GG,CC,AA,AG,AA,AT,CC,GG,CC,TT,NN,AT,GT,AG,TT,CC,TT,CT,CT,CC,AG,AG,AT,GT,CC,AA,GG,AC,CT,GG,TT,CC,TT,AA,AA,TT,CC,NN,CC,AG,CC,GG,TT,AG,CC,CC,CC,CG,AA,NN,CC,AA,CC,NN,AA,TT,AA,AA,GG,CT,CC,GG,AA,AG,AA,CC,GG,CC,CC,AA,AG,GG,TT,GG,CC,TT,CT,GG,AC,TT,GT,TT,GG,AA,GT,TT,AT,TT,GG,CG,AG,CT,CC,CC,CG,CC,AA,GG,AA,CC,TT,CC,GT,TT,GG,TT,AA,GG,TT,CC,GG,AA,AC,CC,GG,GG,AC,GG,TT,AC,AA,CC,GG,AA,CC,AT,AA,GT,TT,TT,AA,GG,GG,AT,CC,NN,TT,AA,GG,AA,TT,AA,TT,CC,TT,AC,AC,TT,GG,NN,CC,AA,AC,TT,CT,GT,GG,AT,CC,AC,AA,GG,CC,CG,GG,CC,GG,AT,AA,CC,GT,GG,CG,CC,AA,NN,CG,AT,CC,AA,AA,CC,CG,AC,TT,AA,GG,AA,AA,AA,AA,AG,AG,AG,AA,TT,NN,AA,GG,CC,NN,TT,AA,AA,GG,GG,GG,TT,AA,AG,TT,TT,TT,AG,TT,GG,GG,AA,5.55,Susceptible,High,Poor,Early
L0275,Coimbatore,Tamil Nadu,Kharif,Red Loamy,Rainfed,650,29.5,68,AC,TT,GG,AG,GG,CC,GG,TT,CC,CG,AA,CC,CG,AA,TT,GG,GG,TT,TT,AA,CC,TT,TT,CC,AT,CC,TT,TT,GG,AA,NN,CT,AA,CC,GG,GG,GG,CG,GG,CC,TT,TT,AA,TT,AA,AA,TT,TT,CC,CC,GG,AA,AA,CG,CC,GT,AA,AC,GT,AA,AG,TT,TT,AA,TT,TT,CC,GG,TT,GG,AG,GG,CC,AA,GG,AA,AA,GG,TT,TT,GG,GG,GG,AC,AA,GG,AA,AT,CC,GG,NN,GT,CC,TT,GG,AG,TT,CC,TT,CT,CT,CG,GG,AA,TT,TT,CC,AG,AG,AA,TT,GG,TT,NN,TT,AA,AA,TT,NN,AG,NN,GG,CC,GT,TT,AA,CT,CC,CC,CC,AA,TT,CC,AA,CC,CC,AA,TT,AA,AA,GG,CC,CC,GG,AA,NN,AA,AC,GT,CC,CG,AA,AA,GG,TT,GG,AA,TT,TT,GG,AC,GT,TT,TT,CC,AA,GT,TT,AT,AT,GG,CC,AG,CT,CC,CC,CG,CC,AA,GG,AA,CC,TT,CC,GT,TT,GG,TT,AA,AA,TT,CC,GG,AA,AC,CC,GG,GG,AA,GG,TT,AC,AA,CC,GG,AT,AC,AA,AT,GG,TT,AA,AA,CG,TT,AA,CG,AT,TT,AA,GG,AA,TT,CC,TT,CC,CT,AA,CC,TT,GG,AG,CG,AG,CC,TT,TT,GT,GG,TT,AC,AA,AA,GG,NN,CG,GG,CC,GG,AT,AA,CG,GT,GG,CG,CC,AT,GG,CC,AT,CC,AA,AG,CC,CC,CC,TT,AA,GG,AA,AA,AA,AA,GG,AA,AG,AA,TT,NN,AA,AG,CC,AA,CT,AG,AG,GG,GG,CG,TT,AT,AA,GT,TT,TT,AG,TT,GG,GG,AA,3.04,Susceptible,High,Poor,Medium
L0276,Coimbatore,Tamil Nadu,Kharif,Red Loamy,Rainfed,650,29.5,68,AA,TT,AG,AG,GG,CC,GT,AT,CC,CG,AA,CC,CG,AT,TT,GT,CG,TT,TT,AG,CC,TT,GG,CC,TT,CC,TT,TT,GG,AA,TT,CT,AA,AC,AG,GG,GT,CG,GG,CC,TT,TT,AC,TT,AA,GG,TT,TT,CC,CC,GG,AA,AA,GG,CT,GT,AA,AA,GT,AC,AA,TT,TT,AA,TT,AT,CC,GG,TT,GT,AA,GG,CC,AA,AG,AC,AA,GG,GT,TT,AG,GG,GG,CC,AA,GG,AA,AT,CC,TT,AC,TT,CC,TT,TT,GG,TT,CC,GT,CT,TT,CG,AA,AA,TT,TT,CC,AA,AG,AC,CT,GG,TT,CC,TT,AA,AC,TT,CC,GG,CC,GG,CC,GG,TT,AA,CC,CC,CC,CC,AA,NN,CC,AA,CC,CC,AA,TT,AA,AA,GG,CC,CC,GG,AA,AA,AA,CC,GG,CC,CC,AA,AA,GG,TT,GG,AA,TT,CT,GG,CC,GT,GT,TT,CC,AA,TT,TT,AA,TT,GG,CC,AG,CC,CC,CC,GG,NN,AA,GG,AG,CC,TT,CC,GT,NN,CG,AT,AA,AA,TT,CC,GG,AA,CC,CC,GG,GG,AC,NN,TT,AC,AA,CC,GG,AA,CC,AT,AT,GG,TT,AT,AT,CG,GG,AT,CC,AT,NN,AA,GG,AA,TT,AC,TT,CC,TT,AA,CC,TT,GG,AA,CC,AG,NN,AT,TT,GT,GG,TT,AA,AC,AG,GG,CC,CC,GG,CG,GG,AT,AA,CC,GT,GG,CC,CG,NN,AG,CC,AA,CC,AA,AA,CC,CG,CC,AT,AA,GG,AA,AA,AC,AA,GG,AA,AA,AA,TT,GG,AA,NN,AC,AA,TT,AA,AG,GG,GG,GG,TT,AA,AG,TT,TT,TT,AA,NN,GG,GG,AC,5.23,Resistant,Low,Premium,Late
L0277,Coimbatore,Tamil Nadu,Kharif,Red Loamy,Rainfed,650,29.5,68,CC,NN,GG,AA,GG,CC,GG,TT,CC,GG,AA,CC,CC,AT,TT,GT,CG,TT,NN,AA,CC,TT,TT,CC,TT,CC,TT,AT,GG,AA,TT,CC,AA,AC,GG,CG,GG,GG,GG,CC,TT,CT,AA,TT,AG,AG,TT,TT,CC,CC,GG,AA,AA,GG,CC,GT,AA,AC,NN,AC,AA,TT,AA,AA,TT,TT,CC,GG,CT,GT,AG,GG,CC,AA,AG,AC,AT,GG,TT,CT,GG,GG,TT,CC,AA,GG,AA,AA,CC,TT,CC,TT,CT,TT,TT,GG,TT,NN,TT,CC,CC,CC,AG,AA,AT,TT,CC,NN,GG,AA,CT,GG,TT,CC,TT,AA,AA,TT,CC,AA,CC,GG,CC,GG,CC,AA,CC,CC,CC,CC,AA,TT,CC,AA,CC,CT,AA,AT,AA,AA,GG,CC,CC,GG,AA,AG,AA,CC,GG,CC,CC,AA,AA,GG,TT,GG,AC,TT,CT,GG,CC,TT,TT,TT,CC,AA,GT,TT,AA,TT,GG,CG,AA,TT,CC,CC,CG,CC,AA,GG,AG,CC,TT,CC,GT,TT,GG,TT,AG,AG,TT,AC,GG,AA,AC,CG,GG,GG,AA,GG,TT,AA,AA,CC,GG,AA,CC,AA,AT,NN,TT,TT,TT,GG,GT,AT,CG,AA,TT,AA,GG,AA,TT,AA,TT,CC,TT,AC,CC,TT,GG,AA,CC,AA,AC,TT,CT,GT,GG,NN,AC,AC,AG,GG,CC,CC,GG,CC,GG,AA,AA,CC,GT,GG,CC,CC,AA,GG,CC,TT,CC,AA,AA,AC,CC,CC,AT,AA,GG,AA,AA,AC,AA,AG,AA,AA,AA,AT,GG,AA,AA,AC,AA,CT,AA,AA,GG,GG,GG,TT,AA,AA,GT,AT,AT,AG,TT,GG,GG,AC,4.58,Resistant,Medium,Standard,Early
L0278,Coimbatore,Tamil Nadu,Kharif,Red Loamy,Rainfed,650,29.5,68,AC,TT,GG,AA,GG,CC,GG,AT,CG,GG,AT,CT,CC,TT,TT,GT,GG,TT,TT,AA,CC,GT,GT,CT,TT,CT,GT,TT,GG,AA,TT,CC,AA,CC,GG,GG,GG,CG,GG,CC,TT,CT,AA,TT,AA,GG,TT,TT,CC,AC,GG,AA,AA,GG,CT,TT,AA,AC,GG,CC,AA,GT,AT,AA,TT,TT,CC,GG,TT,GT,AA,GT,CC,AA,GG,AC,AA,GG,TT,TT,GG,GG,GG,CC,AA,GG,AA,AA,CC,TT,CC,TT,CC,TT,TT,AG,CT,AC,GT,CC,CC,CC,AA,AA,AT,TT,CC,AA,AG,AA,CC,GG,TT,CC,TT,AA,AA,TT,CC,GG,CG,GG,CT,GT,CT,AG,NN,CC,NN,CC,AA,TT,CC,AA,CC,CC,AA,TT,AG,AA,GG,CC,CC,GG,AA,AA,AT,CC,GT,CC,CC,AG,GG,GG,GT,GG,AC,TT,TT,GG,AC,TT,TT,TT,CC,AA,TT,TT,TT,TT,GG,CC,AA,CT,CC,CC,GG,CC,AA,GG,AG,CC,TT,CC,GG,TT,GG,AT,AA,AA,TT,CC,GG,AC,AC,CC,GG,GG,AA,GG,TT,AC,AA,CC,GG,AA,CC,AA,AT,GT,TT,TT,AA,CG,TT,AT,CC,TT,TT,AA,GG,AA,TT,AA,TT,CG,TT,AC,CC,TT,CG,GG,CC,AA,CC,TT,CT,TT,CG,TT,AA,CC,AA,GG,CC,CG,GG,CC,GG,TT,AA,CC,TT,GG,CC,CC,AA,GG,CC,AA,CG,AA,AA,CC,CC,AC,TT,AA,GG,AA,AA,AA,AA,GG,AG,AA,AA,TT,GG,AA,AG,CC,AA,TT,AA,AA,GG,GG,GG,TT,AA,AA,TT,TT,TT,AG,TT,GG,GG,AA,1.74,Moderate,Medium,Standard,Late
L0279,Coimbatore,Tamil Nadu,Kharif,Red Loamy,Rainfed,650,29.5,68,AA,CT,GG,GG,CC,CG,GG,TT,CC,CG,AA,CT,CC,AT,TT,GG,NN,TT,TT,AA,CC,TT,GT,CC,TT,CC,TT,TT,GT,AA,TT,CC,AA,CC,GG,CG,GG,CC,GG,CC,NN,TT,AA,TT,AG,GG,TT,TT,CC,AC,GG,AA,AG,GG,CC,GT,AT,AA,GT,CC,AA,TT,AT,AG,TT,TT,CC,GG,TT,GG,AG,GG,CC,AA,AG,AA,TT,GG,TT,TT,GG,GG,GT,CC,TT,GG,AA,AA,CC,GT,CC,TT,CC,TT,TT,GG,TT,CC,TT,NN,CC,CC,AG,AA,TT,TT,CG,AA,AA,AC,CC,GG,TT,CC,TT,AA,AA,TT,CC,GG,CC,AG,CC,GG,TT,AG,CC,CC,CC,CG,AA,TT,CC,AA,CC,CC,AA,AT,AA,AA,NN,CT,CC,GG,AA,AA,AA,CC,GT,CC,CC,AA,AA,AG,TT,NN,CC,GT,TT,GG,AC,GT,TT,TT,CC,AT,TT,CT,AA,TT,GG,CC,AG,CC,CC,CC,GG,CC,AA,GG,AG,CC,TT,CC,GT,TT,CG,AT,AA,AA,TT,CC,CG,AA,CC,CC,GG,GG,AC,GG,TT,AA,AG,CC,GG,AT,AC,AA,AA,NN,TT,AT,AA,GG,GG,AA,CG,AT,NN,AA,GG,AA,TT,AA,TT,CC,TT,AA,CC,TT,GG,AA,CC,NN,AC,TT,TT,GG,GG,TT,AA,CC,AG,GG,CC,CG,GG,CC,GG,TT,AA,CC,TT,GG,CC,CG,AA,GG,CG,AA,CC,AT,AA,AA,GG,AC,TT,NN,GG,AA,AA,AA,AA,GG,AG,AG,AA,AT,CG,AC,AA,CC,AC,CT,AA,GG,GG,GG,GG,TT,AA,AA,TT,TT,TT,AA,AT,GG,GG,AA,3.28,Susceptible,Low,Poor,Medium
L0280,Coimbatore,Tamil Nadu,Kharif,Red Loamy,Rainfed,650,29.5,68,AA,NN,GG,AG,CG,CC,GT,TT,CC,CG,AA,CC,CC,TT,TT,TT,CG,TT,TT,GG,CG,GT,GT,CC,TT,CC,TT,TT,GG,AA,TT,CC,AA,CC,GG,CG,GG,CG,GG,CC,TT,CT,AA,TT,AG,AG,TT,AT,CC,CC,GT,AA,AA,GG,CC,GT,AA,AA,GG,AA,AA,TT,AT,AG,TT,TT,CC,GG,TT,GG,AG,GT,CC,AA,AG,AA,AT,GG,TT,TT,GG,GG,GG,CC,AA,GG,AA,AA,CC,GG,CC,TT,CT,AA,TT,AG,TT,CC,GT,CC,CT,CG,GG,AA,TT,TT,CC,AA,AA,AA,CC,GG,TT,CC,TT,AA,AC,TT,CC,GG,CC,GG,CC,GT,CT,AA,CC,CC,CC,CC,AA,TT,CC,AA,CC,CC,AA,TT,AA,AA,GG,CC,CC,GG,AA,AG,AT,NN,GG,NN,CC,AA,AG,AG,GT,GG,AC,GT,CC,GG,AC,TT,GT,TT,CC,AT,GT,TT,AA,TT,GG,CC,AA,CT,CC,CC,GG,CC,AA,NN,AA,CC,TT,CC,TT,GT,CG,TT,AA,AA,TT,CC,GG,AC,AC,CC,CG,GG,AC,CG,TT,CC,AA,CC,GG,AA,AC,AA,AT,GG,TT,TT,TT,GG,GG,AT,CC,AT,TT,AA,GG,AA,TT,AA,TT,CC,CT,AA,AC,TT,GG,AG,CC,GG,CC,AT,CT,GT,GG,TT,AA,CC,AA,GG,CC,NN,CG,CC,GG,TT,AG,CC,GT,GG,CC,CC,AA,GG,CC,AA,CC,AA,AG,AC,CG,CC,TT,AA,GG,AA,AA,AA,AA,GG,AG,AG,AA,AT,CG,AA,AA,AC,AC,TT,AA,AG,CG,GG,CG,TT,AA,AA,TT,TT,TT,AG,AT,GG,GG,AA,3.88,Moderate,Low,Standard,Medium
L0281,Coimbatore,Tamil Nadu,Kharif,Red Loamy,Rainfed,650,29.5,68,AA,CT,GG,AG,GG,CC,GT,TT,CC,CC,AA,CC,CG,AT,TT,GG,CG,TT,TT,AG,CC,GT,TT,CT,TT,CC,TT,TT,GG,AA,TT,CC,AA,CC,GG,GG,GT,CG,GG,CC,TT,CT,AC,TT,AA,GG,TT,TT,CG,AA,GG,AT,AA,GG,CC,TT,AA,AA,GG,AA,AA,TT,TT,AA,TT,AT,CC,GG,TT,GT,AA,GG,CC,AA,GG,AC,AA,GG,TT,TT,GG,GG,GT,CC,AA,GG,AA,AT,CC,GG,AC,TT,CC,NN,TT,GG,CT,CC,TT,CC,CC,CG,AG,AA,TT,TT,CC,AA,AG,AC,CC,GG,GG,CC,TT,AC,AC,TT,CC,AG,CC,GG,CT,GG,CT,AG,CC,CC,CC,CG,AA,TT,CC,AA,NN,CC,AA,TT,AA,AA,GG,CT,CC,GG,AA,AG,AT,CC,GT,CC,CC,AA,AA,AG,TT,GG,CC,TT,CT,GG,CC,GT,TT,TT,CC,AA,TT,TT,AA,AT,GG,CC,AG,CC,CC,CC,GG,CC,AA,GG,AG,CC,TT,CC,GG,TT,CG,AT,AA,AG,TT,CC,GG,AC,AC,CC,GG,GG,AA,GG,TT,AA,AA,CG,GG,AA,AC,AA,AA,NN,TT,AA,AT,CG,GG,AA,CC,TT,GT,AA,GG,AA,CT,AA,TT,CC,TT,AC,CC,TT,CG,AA,CG,AG,CC,TT,CT,TT,GG,TT,AC,AC,AA,GG,CG,CG,GG,CG,GT,TT,NN,CC,GT,GG,CC,CC,AT,GG,CC,AA,CC,NN,AG,CC,CC,AC,AT,AA,GG,AA,AA,AC,AA,AG,AA,AG,AA,TT,GG,AC,AA,AC,AA,CT,AA,AG,GG,AG,GG,TT,AT,AA,TT,TT,TT,GG,TT,GG,GG,AA,4.73,Susceptible,Low,Premium,Late
L0282,Coimbatore,Tamil Nadu,Kharif,Red Loamy,Rainfed,650,29.5,68,AC,TT,GG,AG,GG,CC,GT,TT,CC,CG,AA,CC,CC,TT,TT,GG,CG,TT,TT,AA,CC,TT,GG,CC,AT,CC,TT,AT,GG,AA,TT,CT,AA,CC,AG,GG,GG,CC,GG,CC,TT,TT,AA,TT,AA,AG,CC,TT,CC,AA,GT,AA,AG,GG,CC,TT,AA,AC,GG,AC,AA,TT,AT,AG,TT,AT,CC,GG,TT,GT,AA,GG,CC,AA,GG,CC,AA,GG,NN,TT,GG,GG,GG,CC,AA,GG,AA,AA,CC,GT,CC,TT,CT,TT,TT,GG,TT,CC,GT,CT,CC,CG,GG,AA,TT,TT,CC,AA,AG,AC,CT,GG,GT,NN,TT,AA,AA,TT,CG,AG,CC,GG,CC,GT,CT,AA,CC,CC,CC,CC,AA,TT,CC,AA,CC,CT,AA,AT,AA,AA,GG,CC,CC,GG,NN,AG,AA,CC,TT,CC,CC,AA,AA,GG,TT,GG,AA,TT,TT,GG,CC,GT,TT,TT,CC,AA,TT,TT,AA,TT,CG,CG,AA,CC,CC,CC,CG,CC,AA,GG,AA,CC,TT,CC,GG,TT,CG,AT,AA,AA,TT,CC,GG,AA,CC,CC,GG,GG,NN,CG,TT,AA,AA,CC,GG,AA,AA,AT,AA,GT,TT,TT,AA,CG,TT,TT,CG,TT,TT,AT,GG,AA,TT,AA,TT,CC,TT,CC,CC,CT,CG,AA,CC,GG,CC,TT,TT,GT,GG,TT,AC,AC,AA,GG,CC,CG,GG,CC,GT,AA,AA,CC,GG,GG,CC,CC,AA,AG,CC,AA,CC,AA,NN,CC,CC,CC,AT,AA,GG,AA,AA,AA,AA,GG,AA,AA,AA,AT,GG,AC,GG,AA,AA,TT,AA,AA,GG,GG,GG,TT,AA,AA,TT,TT,TT,AA,AT,CG,GG,AA,4.22,Moderate,Low,Standard,Medium
L0283,Coimbatore,Tamil Nadu,Kharif,Red Loamy,Rainfed,650,29.5,68,CC,TT,GG,AA,GG,CC,TT,AT,CC,CC,AA,CC,GG,TT,GT,GT,CC,TT,TT,AA,CC,TT,TT,CC,TT,CC,TT,TT,GG,AA,CT,CC,AA,CC,GG,GG,GG,CC,GG,CC,TT,TT,AC,TT,AA,GG,TT,TT,CC,AC,GT,AA,AG,GG,CC,TT,AA,AA,GG,CC,AG,TT,AT,AG,CT,TT,CC,GG,TT,GG,AG,GT,CC,AA,AG,AA,AA,GG,TT,TT,GG,GG,GG,CC,AT,GG,AA,NN,CC,GT,AC,TT,CT,AT,TT,GG,TT,AC,TT,CC,CC,CG,NN,AA,TT,TT,CC,AA,AG,AC,CC,GG,TT,GG,GT,CC,AA,TT,CC,NN,CC,AG,CC,GT,TT,AG,CT,CC,CC,CC,AA,TT,CC,AA,CC,CT,AA,TT,AA,AA,GG,CC,CG,GG,AA,AA,AA,CC,GG,CC,CC,AA,AG,GG,GT,GG,AA,GT,CC,GG,AC,NN,GT,TT,CC,AA,TT,TT,AT,TT,GG,CC,AA,TT,CC,CC,GG,CC,AA,GG,AA,CC,TT,CC,GG,GT,GG,NN,AA,AA,TT,CC,GG,AA,AC,CC,GG,GG,AA,GG,TT,AA,AA,CC,GG,AA,CC,AA,TT,GT,TT,TT,TT,CC,GT,AT,CG,AT,GT,AA,GG,AG,TT,AA,TT,CC,TT,AA,AC,TT,CG,AA,CC,AA,CC,TT,TT,GG,GG,TT,AA,AC,AA,GG,CC,CG,GG,CC,GG,AA,AA,CG,TT,GG,CG,CG,AA,GG,GG,AA,CC,AA,AA,CC,CC,AC,TT,AG,GG,AA,AA,NN,AA,AG,NN,AA,AA,AT,GG,CC,AA,CC,AA,TT,AA,AA,CG,GG,GG,TT,AA,AA,GT,TT,TT,AA,TT,GG,GG,AA,2.87,Moderate,High,Standard,Late
L0284,Coimbatore,Tamil Nadu,Kharif,Red Loamy,Rainfed,650,29.5,68,NN,TT,GG,AG,GG,CC,GT,AT,CC,CG,AA,CC,GG,AT,TT,GT,CG,TT,NN,AA,CC,TT,TT,CC,AT,CC,TT,TT,GG,AA,NN,CC,AA,CC,GG,GG,GG,CC,GG,AC,TT,TT,AA,NN,AG,GG,TT,TT,CC,AA,GG,AA,AA,GG,CT,TT,AA,AA,GG,AC,NN,TT,TT,AA,TT,AT,CC,GG,TT,TT,AG,NN,CC,AA,AG,AA,AT,GG,GT,TT,GG,GG,GG,CC,AT,GG,AA,AA,CC,GT,CC,TT,CT,TT,GT,AG,TT,CC,GG,CC,CC,CC,AA,AG,TT,TT,CG,AG,AG,AA,CC,GG,TT,CG,TT,AA,AA,AT,CC,AG,CG,GG,CC,GG,TT,AA,CC,CC,CC,CC,AA,TT,CC,AA,CC,CC,AA,TT,AA,AT,CG,CC,CC,GG,AG,AG,AA,CC,GG,CC,CC,AA,AG,GG,TT,GG,AC,TT,TT,GG,CC,TT,GG,TT,CG,AT,TT,TT,AA,TT,GG,CC,AA,CT,CC,CC,GG,CC,AA,AG,AA,CC,TT,CG,GG,GT,CG,TT,AA,AA,TT,AC,GG,AC,CC,CG,GG,AA,AA,GG,TT,AA,AA,CC,GG,AA,CC,AA,AA,GG,TT,AA,TT,GG,GT,AA,CC,AT,TT,AA,AG,NN,TT,AC,TT,CC,TT,AC,AA,CT,GG,AA,CC,GG,CC,AT,TT,TT,GG,TT,AC,CC,AA,GG,CC,CC,GG,CC,GG,AT,AA,CC,GT,GG,CC,CC,AT,AG,CC,AT,CC,AT,AA,AC,CG,AA,TT,AA,GG,AA,AA,AC,AC,GG,AG,AG,AA,AA,GG,AA,AG,CC,AA,CT,AA,AA,GG,GG,GG,TT,AA,AA,TT,TT,TT,AA,TT,GG,GG,AA,3.68,Susceptible,High,Premium,Medium
L0285,Coimbatore,Tamil Nadu,Kharif,Red Loamy,Rainfed,650,29.5,68,AA,CT,GG,GG,GG,CC,GG,TT,CC,CG,AT,CT,CG,TT,GT,GT,GG,TT,TT,AG,CC,TT,GT,CT,AT,CC,GT,TT,GG,AA,TT,CC,AA,CC,GG,GG,GG,NN,GG,AC,TT,CT,AA,TT,AA,AG,TT,TT,NN,AC,GT,AA,AA,GG,CC,TT,AT,AC,GG,AA,AA,TT,AT,AA,TT,AT,CC,GG,TT,GG,AG,GG,CC,AA,GG,AC,AT,GG,GT,CT,GG,GG,GG,AC,AA,GG,AA,AA,CC,GT,CC,TT,CT,TT,TT,GG,TT,CC,TT,CC,CC,CC,AG,AA,AT,TT,CG,AG,AG,AC,CC,GG,TT,CG,TT,AA,AA,TT,CC,AG,CC,GG,CC,GT,NN,AA,CC,CC,CC,CC,AA,TT,CC,AA,AC,CC,AA,TT,AA,AA,GG,CC,CC,GG,AA,AG,AA,AC,GG,CC,CC,AA,AA,GG,GT,GG,AA,TT,CT,GG,CC,GT,GG,TT,CG,AT,TT,TT,AA,NN,GG,CC,AA,CT,CC,CC,GG,CC,AA,GG,AG,CC,GT,CC,GG,TT,GG,AA,AA,AA,TT,AC,GG,AA,NN,CC,GG,GG,CC,GG,TT,AC,AA,CC,GG,AA,CC,AT,AT,GT,GT,TT,AA,GG,GT,AA,CC,AT,TT,AA,AG,AA,CT,AA,NN,CC,TT,AC,CC,TT,GG,AA,CC,AG,AC,TT,TT,GT,GG,TT,AA,AC,AA,GG,CC,CG,GG,CC,GG,TT,AA,CC,GT,GG,CC,CC,AA,AG,CC,AA,CC,AA,AA,CC,CC,AC,TT,AA,GG,AA,AA,AA,AA,AG,GG,AA,AA,TT,GG,AC,AA,CC,AA,TT,AG,AA,CG,GG,GG,TT,AT,AA,TT,TT,NN,AA,AT,GG,GG,AA,2.5,Resistant,Low,Premium,Early
L0286,Coimbatore,Tamil Nadu,Kharif,Red Loamy,Rainfed,650,29.5,68,NN,TT,GG,GG,NN,CG,GG,TT,CC,CC,AA,CC,CG,TT,TT,GT,CC,TT,TT,GG,CC,GT,TT,CC,TT,CC,TT,TT,GG,AA,TT,CC,AA,CC,GG,GG,GG,CC,GG,CC,TT,CT,AC,GT,AG,AA,TT,TT,CC,CC,GG,AA,AG,GG,CT,TT,AA,AA,GG,AA,AA,TT,AT,AG,TT,TT,CC,GG,TT,GT,GG,GG,CC,AA,AG,AC,NN,GG,TT,TT,GG,GT,GG,CC,AA,GG,AA,AT,CC,GT,CC,TT,CT,TT,NN,GG,TT,CC,TT,CC,CT,CG,AA,AA,TT,GT,CC,AA,GG,AC,CC,GG,TT,CC,TT,AA,AC,TT,CG,GG,CC,GG,CC,GT,CT,AA,CT,CC,AA,CC,AA,TT,CC,AA,CC,CC,AA,TT,AA,AT,NN,CC,CC,GG,AA,AG,AA,AC,GG,CG,CC,NN,AA,GG,GT,AG,AA,GT,TT,GG,CC,GT,TT,TT,NN,AA,TT,TT,AA,AT,GG,CC,AA,CT,CC,AC,GG,CC,AA,GG,AG,CC,TT,CC,GG,TT,CG,AT,AA,AG,TT,CC,GG,AA,CC,CC,GG,GG,AA,GG,TT,AC,AA,CC,GG,TT,CC,AA,AT,GG,TT,AT,AT,CG,GT,AA,CC,TT,TT,AA,GG,AA,TT,AC,TT,NN,TT,AC,CC,TT,GG,AG,CC,AG,CC,TT,TT,TT,GG,TT,AA,CC,AG,GG,CC,CG,GG,CC,GG,AA,AA,CC,TT,GG,CC,CC,AA,GG,CC,AA,CC,AA,AA,CC,CC,AC,TT,AA,GG,AA,AA,AA,AA,GG,AA,AA,AA,TT,GG,AA,AA,CC,AC,CT,NN,AA,GG,NN,GG,TT,AA,AG,TT,TT,NN,AG,TT,GG,CG,AA,3.01,Resistant,High,Poor,Late
L0287,Coimbatore,Tamil Nadu,Kharif,Red Loamy,Rainfed,650,29.5,68,AA,TT,GG,AA,GG,CG,GT,TT,CC,CC,AA,CC,CC,AT,TT,GG,GG,TT,TT,AG,CC,GT,GT,CC,TT,CC,TT,TT,GG,AA,TT,CC,AA,CC,GG,CG,GG,CC,GG,CC,GT,CT,AA,TT,AA,GG,CT,TT,CC,CC,TT,AA,AG,GG,CC,TT,AA,AC,GT,CC,AA,TT,TT,AG,TT,TT,CT,GG,TT,GT,AA,GG,CC,NN,GG,CC,AT,GG,TT,TT,GG,GG,GG,CC,AT,GG,AA,AA,CC,GT,AC,TT,NN,TT,TT,GG,TT,CC,TT,CC,CT,GG,GG,AG,AT,TT,CG,AA,AG,AA,CC,GG,TT,CC,GT,AA,AA,TT,GG,GG,GG,GG,CC,GG,TT,AA,CT,CC,CC,CC,AA,TT,CC,AA,CC,CC,AA,TT,AA,AA,NN,CC,CG,GG,AA,AG,AA,AC,GG,CC,CC,AG,AG,GG,TT,AG,AC,TT,CC,AG,AC,TT,TT,TT,CC,AT,TT,TT,AA,TT,GG,CC,AA,CC,CC,CC,GG,CC,AA,GG,AA,CC,TT,CC,GT,TT,CG,TT,AA,NN,TT,CC,GG,AC,NN,CC,GG,GG,AA,CG,TT,AC,AA,CC,GG,AA,CC,AA,AA,GT,TT,AT,AA,GG,GG,AA,CC,TT,TT,AA,GG,AA,CT,AA,TT,CC,TT,AA,CC,CT,GG,AG,CC,AA,CC,TT,CT,NN,GG,TT,AC,CC,AG,GG,CC,CG,GG,CG,GG,TT,AA,CG,GT,GG,CC,CC,AA,GG,CC,AT,CC,AA,AA,AC,CC,CC,TT,AA,GG,AT,AA,CC,AA,GG,AG,AG,AA,TT,GG,AA,AG,AC,AA,TT,AA,AA,GG,GG,GG,TT,AA,AA,TT,TT,NN,AA,TT,GG,GG,AA,3.44,Resistant,High,Standard,Medium
L0288,Coimbatore,Tamil Nadu,Kharif,Red Loamy,Rainfed,650,29.5,68,AC,TT,GG,AA,GG,CC,GT,TT,CG,CC,AA,CT,CG,AT,TT,GG,CG,TT,TT,AG,CG,GT,GT,CC,AT,CC,TT,TT,GG,AA,TT,CC,AA,AC,GG,GG,GG,CG,GG,AC,TT,CT,AC,TT,AA,GG,TT,AT,CC,AC,GT,AA,AG,GG,CC,GT,AA,AC,GT,AA,AA,TT,AA,GG,TT,TT,CC,GT,TT,GT,AA,GT,CC,AA,AG,AC,AT,GG,TT,TT,GG,GG,GG,CC,AT,GG,AA,AA,CC,TT,CC,TT,CT,TT,TT,GG,TT,AC,TT,CC,CT,CC,GG,AA,TT,TT,CC,AG,GG,AC,CT,GG,GT,CG,GT,AC,AC,AT,CC,AG,CG,AG,NN,NN,CT,AA,CC,CC,CC,CC,AA,TT,CC,AA,CC,CC,AA,TT,AA,AT,CG,CC,NN,GG,AA,AG,AA,CC,GT,CC,CG,AA,AG,GG,GG,GG,AC,GT,TT,AG,AC,GG,GT,TT,CC,AT,TT,TT,AA,TT,CG,CC,AA,CC,CC,CC,CG,CC,AA,GG,AA,CC,TT,CC,GT,GT,GG,AT,AG,AA,TT,CC,GG,AC,AA,CC,GG,GG,AA,GG,TT,AA,AA,CC,GG,AA,CC,AA,AA,GG,GT,TT,AT,GG,GT,TT,CG,TT,GT,AA,GG,AA,CT,AA,TT,CC,TT,AA,AC,CT,GG,AA,CC,AA,CC,AT,CT,GT,GG,TT,AC,CC,AA,GG,CC,CG,GG,CC,GG,AA,AA,CC,TT,GG,CC,CC,AA,AG,CG,AA,CC,AA,AA,CC,CC,CC,TT,AA,GG,AA,AA,AA,AC,AG,AA,AG,AA,AA,GG,AA,AA,CC,AC,CT,AA,AA,CG,GG,GG,GT,NN,AG,GG,TT,TT,AA,AT,GG,GG,AA,3.67,Moderate,Low,Standard,Early
L0289,Coimbatore,Tamil Nadu,Kharif,Red Loamy,Rainfed,650,29.5,68,AA,TT,GG,AA,GG,CC,TT,AT,CC,CC,AA,CC,CG,AT,TT,GG,CG,TT,TT,AA,CC,GT,GG,CC,TT,CC,GT,TT,GG,AA,TT,CT,AA,CC,GG,GG,GG,GG,GG,CC,TT,TT,AA,GT,GG,GG,TT,AT,CC,AA,GG,AA,AA,GG,CT,TT,AA,AA,TT,AC,AG,TT,TT,AG,CT,TT,CC,GG,TT,GT,AA,GT,AC,AA,GG,AA,AT,GG,TT,TT,AG,GT,GG,CC,AA,GG,AA,AA,CC,TT,AC,TT,CT,TT,GT,AG,TT,CC,GT,CC,NN,CG,AG,AA,AT,TT,CG,AA,AA,AC,CC,GG,TT,CC,GT,CC,AC,TT,CC,AG,CC,GG,CC,GT,CT,AA,CT,CC,CC,CC,AA,TT,CC,AA,CC,CC,AA,TT,AA,AA,GG,CC,CC,GG,AA,AA,AA,CC,GG,CC,CC,AG,AG,GG,GT,GG,AC,GT,CT,GG,AC,TT,TT,CT,CG,AA,NN,TT,AA,NN,GG,CC,AG,CC,CC,CC,CG,CC,AA,GG,AA,CC,GT,CC,GT,TT,GG,AT,AA,AA,TT,CC,GG,AA,AA,CC,GG,GG,AA,GG,TT,AC,AA,CC,GT,AT,AC,AA,AT,GG,TT,TT,TT,GG,TT,AT,CC,AA,TT,AA,GG,AA,TT,AC,TT,CC,TT,AA,CC,TT,GG,AA,CC,GG,CC,TT,TT,TT,GG,TT,AC,AC,AA,GT,NN,CC,GG,CC,GG,TT,AA,CC,GG,GG,CC,CG,AA,GG,CC,AT,CC,AA,AA,CC,CG,AA,TT,AG,GG,AA,AA,AC,AA,AG,AG,AA,AA,TT,GG,AA,AG,CC,AA,TT,AA,AG,GG,GG,GG,GG,AT,AA,TT,TT,TT,AG,TT,GG,GG,AA,3.23,Susceptible,Low,Poor,Late
L0290,Coimbatore,Tamil Nadu,Kharif,Red Loamy,Rainfed,650,29.5,68,AC,TT,GG,AA,GG,CC,GT,TT,CC,NN,AA,CC,GG,AT,TT,GG,CG,TT,TT,AA,NN,GT,GT,TT,TT,CC,TT,TT,GG,AA,TT,CC,AA,CC,AG,GG,GG,CC,GG,CC,TT,CT,AA,TT,AG,GG,TT,AT,CC,CC,NN,AA,AA,GG,CC,TT,AA,AA,GT,AA,AG,GT,AA,AA,TT,TT,CC,GG,CT,GG,AA,NN,CC,NN,AA,AC,AT,GG,TT,TT,GG,TT,GT,CC,AT,GG,AA,AT,CC,GT,CC,TT,CC,TT,GG,GG,CT,CC,TT,CC,CC,CC,AG,AG,AT,TT,CC,AA,AG,AA,TT,GG,TT,CC,TT,AA,AA,TT,CC,GG,CC,GG,CC,GG,TT,AA,CC,CC,CC,CC,AA,TT,CC,AA,NN,CC,AA,TT,AA,AT,GG,CC,CC,GG,AA,GG,AA,CC,GG,CC,CC,AA,AA,GG,GG,GG,CC,NN,CC,GG,AC,TT,TT,TT,CC,AA,TT,TT,AA,TT,GG,CC,AA,CC,CC,CC,CG,CC,AA,GG,AA,CC,TT,CC,GT,TT,GG,TT,AA,AG,TT,AC,GG,AA,NN,CC,GG,GG,AA,GG,TT,AC,AA,CC,GG,AT,CC,AA,AT,GG,TT,TT,AA,CG,GG,AA,CC,TT,TT,AA,AG,AA,CT,AA,TT,CC,TT,AA,CC,TT,GG,AA,CC,AA,AC,TT,CT,GT,GG,TT,AA,CC,AA,GG,CC,CC,GG,CC,GG,AT,AA,CC,GT,GG,CG,CC,AT,GG,CC,AA,CC,AA,AA,CC,CG,AC,TT,AA,GG,AA,AA,AA,AA,AG,AA,AG,AA,AT,GG,AC,AA,CC,AA,CT,AA,AA,GG,GG,GG,TT,AA,AA,TT,TT,TT,AG,AT,GG,CG,AA,4.83,Susceptible,Low,Poor,Medium
L0291,Coimbatore,Tamil Nadu,Kharif,Red Loamy,Rainfed,650,29.5,68,CC,TT,GG,NN,GG,CC,GG,AT,CC,CC,AA,CT,CC,AT,TT,GG,GG,TT,TT,AA,CC,GT,TT,CC,AT,CC,GT,TT,GG,AA,TT,CC,AA,CC,GG,CG,GG,CC,GG,CC,TT,CT,AA,TT,AA,GG,TT,TT,CC,AC,GT,AA,AA,GG,CT,TT,AA,AA,GT,CC,AA,GT,AT,AG,TT,TT,CC,GG,TT,GG,AG,GT,AC,AA,AG,AA,AT,GG,TT,TT,GG,TT,GT,CC,AA,GG,AG,AA,CC,GT,CC,TT,CC,TT,GT,GG,CT,CC,GG,CC,CT,CC,GG,AA,TT,TT,CC,AA,AA,AA,CC,GG,TT,CC,NN,AA,AA,TT,CC,AG,CG,GG,CT,GG,CT,AA,CC,CC,CC,CC,AA,TT,CC,AA,CC,CC,AA,TT,AA,AA,GG,CC,CC,GG,AG,AA,AA,CC,GT,CC,CC,AA,AG,GG,TT,AG,AC,GG,TT,GG,CC,GT,TT,TT,CC,AA,GT,TT,AA,TT,GG,CG,GG,CC,CC,CC,GG,CC,AA,GG,AA,CC,TT,CC,GG,TT,CG,AT,AA,AA,TT,CC,GG,AA,CC,CC,GG,GG,AA,CG,TT,AA,AA,CC,GT,AA,CC,AA,AA,GG,TT,TT,AT,CG,GT,AT,CC,AT,GG,AA,GG,AA,CT,AA,TT,CC,CT,AC,CC,CT,GG,GG,CC,AG,AC,TT,CT,GT,GG,TT,AA,CC,AA,GG,CC,CG,GG,CC,GG,TT,AA,CG,GT,GG,CC,CG,AT,GG,CC,AA,NN,AA,AA,AC,CG,CC,AT,AG,GG,AA,AC,AA,AA,GG,AG,AA,AA,TT,GG,AA,AA,AC,AC,NN,AA,AA,GG,GG,GG,GT,AA,AG,TT,TT,TT,AG,AT,GG,GG,AA,2.78,Moderate,Low,Premium,Early
L0292,Coimbatore,Tamil Nadu,Kharif,Red Loamy,Rainfed,650,29.5,68,AA,TT,GG,AG,GG,CC,GT,TT,CC,CC,AA,CT,CC,AT,TT,GG,GG,TT,TT,AG,CC,TT,GT,CC,TT,CC,TT,TT,GG,AA,TT,NN,AA,CC,GG,GG,GG,GG,GG,CC,TT,CT,AC,TT,AG,GG,TT,AT,CC,AA,GG,AA,GG,GG,CC,GT,AA,AA,GG,AA,AA,TT,TT,AA,TT,TT,CC,GG,CT,GG,AA,GG,CC,AA,AG,AC,AA,GG,TT,TT,GG,GG,GG,CC,AA,GG,AA,AT,CC,GT,CC,TT,CC,TT,GT,AG,TT,CC,GG,CT,CC,CG,AG,AA,AT,TT,CC,AG,GG,AC,CC,GG,TT,CG,TT,AA,AA,TT,CC,AA,CG,AA,CC,GG,CT,AG,CC,CC,CC,CC,AA,TT,CC,AA,CC,CC,AA,TT,AA,AT,GG,CC,CC,GG,AG,AG,AA,AC,GG,CC,CC,AG,AA,GG,GT,GG,AC,TT,TT,GG,AA,GT,GT,TT,CC,AT,TT,TT,AA,AT,GG,CC,AA,CT,CC,AC,GG,CC,AA,GG,AG,CC,TT,CC,GT,GT,GG,TT,AA,AA,TT,CC,GG,AC,AC,CC,GG,GG,AC,GG,CT,AA,GG,CC,GG,AA,AC,AA,AT,GT,TT,TT,AA,CG,GG,AT,CG,TT,GG,AA,GG,AA,TT,AA,TT,CC,CT,AA,AA,CT,CG,AG,GG,AG,CC,TT,TT,GT,GG,TT,AA,CC,AG,GG,CC,CG,GG,CC,GG,AT,AA,CC,TT,GG,CG,CG,AA,GG,CG,AA,CC,AA,AA,AA,CC,AC,TT,AA,GG,AA,AA,NN,AA,GG,AA,AA,AA,AT,CG,AC,AG,AA,CC,TT,AA,AA,GG,GG,CG,TT,AT,NN,TT,TT,TT,AA,TT,GG,CG,AA,4.86,Susceptible,Low,Standard,Early
L0293,Coimbatore,Tamil Nadu,Kharif,Red Loamy,Rainfed,650,29.5,68,AC,TT,GG,AA,GG,CC,GT,AA,CC,GG,AA,CC,GG,TT,TT,GG,GG,TT,TT,AA,CC,TT,TT,CT,AT,CC,TT,TT,GG,AA,TT,CC,AA,CC,GG,CG,GG,GG,GG,CC,TT,CC,AA,TT,AA,AG,CT,TT,CC,AA,GG,AA,AA,GG,CT,TT,AA,AA,GT,CC,AA,TT,AT,AG,CT,AT,CC,GG,TT,GG,AA,GG,CC,AA,GG,AC,AA,GG,TT,TT,GG,GG,GT,CC,AA,GG,NN,AA,CC,GT,CC,TT,CT,TT,TT,GG,TT,CC,TT,CC,CC,CG,AG,AA,TT,TT,CC,AG,AG,AA,CC,GG,TT,CG,TT,AA,AA,TT,CC,AG,CC,GG,CT,GG,CT,AA,CT,CC,NN,CG,AA,GT,CC,AA,CC,CT,AA,TT,AA,AA,NN,CT,CC,GG,AA,AA,AT,CC,GG,CC,CG,AA,AA,GG,GT,GG,AC,GT,TT,AG,CC,GT,TT,TT,CC,AA,TT,TT,AA,AT,CG,CC,AA,CC,CC,CC,GG,AC,AA,GG,AA,CC,GT,CC,GT,TT,CG,TT,AA,AA,TT,AC,GG,AC,CC,CC,GG,GG,CC,CG,TT,AA,AA,CC,GG,AT,CC,AA,TT,GG,GT,TT,AT,GG,GT,AT,CG,AT,GT,AA,GG,AA,CC,AA,TT,NN,CT,AA,CC,TT,GG,AA,CC,AG,CC,TT,TT,GT,GG,TT,AC,AC,AA,GG,CC,CG,GG,CC,GG,AT,AA,CC,TT,GG,CC,CC,AT,GG,CC,AT,CC,AA,AA,CC,CG,CC,TT,AA,GG,AA,AA,AC,AA,AA,GG,AA,AA,TT,GG,AA,AG,AA,AA,CT,AG,AA,GG,GG,GG,TT,AA,AA,TT,TT,TT,AG,AT,GG,GG,AC,3.46,Resistant,Low,Standard,Early
L0294,Coimbatore,Tamil Nadu,Kharif,Red Loamy,Rainfed,650,29.5,68,CC,TT,AA,GG,CG,CC,GT,TT,CC,CC,AT,CC,CG,TT,TT,GG,CG,TT,TT,AA,CC,TT,GT,CC,TT,CC,GT,TT,TT,AA,TT,CT,AA,CC,GG,CG,GG,CC,GG,CC,TT,CT,AC,TT,AA,GG,CT,TT,CC,AA,GG,AT,AA,GG,CC,GT,AA,AC,GT,AA,AA,GT,TT,AA,TT,TT,CC,GG,CT,GG,AA,GG,CC,AA,GG,AC,AT,GG,TT,TT,AG,GT,GG,CC,AT,GG,AG,AA,CG,TT,CC,TT,CC,TT,GT,GG,TT,CC,GT,CC,CC,CG,AG,AG,TT,TT,CG,AG,AG,AA,CC,GG,GT,CC,TT,AA,AC,TT,CG,AG,CG,GG,CC,GG,CT,AA,CC,CC,CC,CC,AA,TT,CC,AA,CC,CC,AA,TT,AA,AT,GG,CC,CC,GG,AA,AA,AT,AC,GG,CG,CG,AA,AG,GG,GT,GG,AA,TT,CT,GG,CC,TT,GG,TT,CC,AT,TT,TT,AA,AT,CG,CC,AA,CC,CC,CC,CG,AC,AA,GG,AA,CC,TT,CC,GT,GT,CG,AT,AA,AG,TT,CC,CG,NN,CC,CC,GG,GG,CC,GG,TT,AC,AA,CC,GG,AT,CC,AA,AT,GT,TT,TT,AT,CG,GG,AT,CC,AA,TT,AA,GG,AA,CT,AA,TT,CC,TT,AA,CC,CT,CG,AA,NN,NN,CC,TT,CT,TT,GG,TT,AA,NN,AG,GG,CC,CG,GG,CC,GG,AA,NN,CG,GT,GG,CC,CG,AA,GG,CG,AA,CG,AT,AA,CC,CC,AC,TT,AA,GG,AA,AA,AA,AA,GG,AG,AA,AA,TT,GG,AA,AA,CC,AA,CT,AA,AA,GG,GG,GG,TT,AA,AA,GT,TT,TT,AG,AT,GG,GG,AA,4.49,Susceptible,Low,Premium,Early
L0295,Coimbatore,Tamil Nadu,Kharif,Red Loamy,Rainfed,650,29.5,68,AA,TT,AA,AA,GG,CC,GT,TT,CC,GG,AA,CC,CC,AT,TT,GG,CG,TT,TT,AA,CC,TT,GT,CC,NN,CC,TT,AT,GT,AA,TT,CC,AA,AC,GG,CG,GG,CC,GG,CC,TT,CT,AA,GT,AA,AG,TT,AA,CC,CC,GG,AA,AG,GG,CC,TT,AT,AA,GT,AC,AA,TT,TT,AA,TT,NN,CC,GG,TT,GG,AA,GG,CC,AA,GG,AA,AA,GG,TT,TT,GG,GT,GT,CC,AA,GG,AG,AT,CC,TT,NN,GT,CT,TT,TT,GG,TT,CC,GT,CC,CC,CC,AA,AA,TT,TT,CC,AA,AG,CC,TT,GG,TT,CC,TT,AA,AA,TT,CC,GG,CG,AG,CC,GG,TT,AA,CC,CC,CC,CC,AA,TT,CC,AA,CC,CT,AA,TT,AA,AA,GG,CC,CG,GG,AA,AG,AA,AC,GT,CC,CC,AA,AA,GG,TT,GG,AA,GT,TT,GG,AC,GT,TT,CT,CC,AA,TT,TT,AA,TT,GG,CC,AG,CT,CC,AC,GG,CC,AA,GG,AA,CC,TT,CC,GT,GT,GG,AT,AA,AG,TT,AC,GG,AA,CC,CC,GG,GG,AC,GG,TT,AA,AA,CC,GG,AT,CC,AA,AT,GG,TT,AT,AT,GG,GT,AT,CC,AT,GG,AA,GG,AA,CT,AA,TT,CC,CT,AC,CC,TT,GG,AA,CC,AA,CC,TT,TT,TT,GG,AT,AC,AA,AA,NN,CC,CC,GG,CC,GG,TT,AG,CC,TT,GG,CC,CC,AA,GG,CC,TT,CC,AA,AA,AC,CC,CC,TT,AA,GG,AA,AA,AA,AA,GG,AA,AA,AA,TT,GG,AA,GG,AC,AA,TT,AA,AA,GG,GG,GG,GT,AT,AA,TT,TT,TT,GG,AT,GG,GG,AA,3.62,Susceptible,High,Poor,Medium
L0296,Coimbatore,Tamil Nadu,Kharif,Red Loamy,Rainfed,650,29.5,68,AA,CT,NN,AA,GG,CC,GG,AT,CC,CG,AT,CC,CG,AT,TT,GG,GG,TT,TT,AA,CC,TT,GT,CT,TT,CC,TT,TT,GG,AA,CT,CC,AA,CC,GG,CG,GG,CC,GG,CC,TT,TT,AA,GT,GG,GG,TT,TT,CC,CC,GG,AA,AG,GG,CT,TT,AT,CC,GG,AA,AG,TT,TT,AG,TT,AT,CC,GG,TT,GG,NN,GG,CC,AA,GG,AC,AA,GG,TT,TT,GG,GG,GG,CC,AA,GG,AA,AA,CC,TT,AA,TT,CC,TT,GT,GG,TT,CC,TT,CC,CT,CC,AG,AA,AA,TT,CG,AA,AG,AA,CT,GG,GT,CG,GT,AA,AA,TT,CC,GG,CC,GG,CC,GG,TT,AG,TT,CC,CC,CC,AA,TT,CC,AA,CC,CT,AG,TT,AA,AA,CG,CT,CC,GG,AA,AA,AT,CC,GG,CC,CC,AG,AA,AG,TT,GG,AC,NN,CC,GG,AC,TT,TT,TT,CC,AA,TT,CT,AA,TT,GG,CG,AA,CT,CC,CC,GG,CC,AA,GG,GG,CC,NN,CG,GG,TT,CG,TT,AA,NN,TT,CC,CG,AC,CC,CC,GG,GG,AC,GG,TT,AC,AA,CG,GG,AA,AC,AA,AT,GG,TT,TT,AA,CG,GG,AA,CC,AT,GG,AA,AG,AA,CT,AA,TT,CC,TT,AA,CC,TT,GG,GG,CC,AA,AC,AT,CT,TT,GG,TT,AC,CC,AG,GG,CC,CC,GG,CC,GG,AT,AA,CC,GT,GG,CC,CC,AA,AG,CC,AT,CC,AA,AA,AC,CC,AC,TT,AA,GG,AA,AA,AA,AC,AA,AG,AG,AA,TT,GG,AA,AA,CC,AC,CC,AA,AA,GG,GG,GG,TT,AT,AA,TT,TT,AT,AG,TT,GG,GG,NN,3.66,Susceptible,High,Premium,Medium
L0297,Coimbatore,Tamil Nadu,Kharif,Red Loamy,Rainfed,650,29.5,68,AC,CT,GG,GG,GG,CC,GT,TT,CC,CG,AA,CC,CC,TT,GT,GG,GG,TT,TT,AG,CC,TT,GT,CC,TT,CC,GT,TT,GT,AA,TT,CC,AA,CC,GG,CG,GG,CC,GG,CC,TT,CT,AA,TT,AG,AG,TT,TT,CC,CC,GT,AA,AA,GG,CC,GT,AA,AA,GT,AA,AA,GT,TT,AA,TT,AT,CC,GG,TT,GT,AG,GG,CC,AA,GG,AC,AT,GG,TT,TT,GG,GG,GG,CC,AA,GG,AA,AA,CC,TT,CC,TT,CC,TT,GT,GG,TT,CC,GT,CC,CT,CG,AG,AA,TT,TT,CC,AA,AA,AA,CC,GG,TT,CC,TT,AC,AA,TT,CG,GG,CC,GG,NN,GG,TT,AA,CC,CC,CC,CC,AA,TT,CC,AA,CC,CT,AA,TT,AA,AA,GG,CC,CC,GG,AA,GG,AA,CC,TT,NN,CC,AA,AA,GG,TT,GG,CC,TT,TT,GG,CC,TT,TT,TT,CG,AA,TT,TT,AA,TT,GG,CC,AG,CC,AC,CC,GG,CC,AA,GG,AA,CC,TT,CC,GT,GT,GG,AT,AA,AG,NN,CC,GG,CC,CC,CG,GG,GG,AC,GG,TT,AA,AG,CC,GG,AA,AC,AT,AA,GT,GT,TT,TT,GG,NN,AA,CG,TT,TT,AA,NN,AA,CT,AA,TT,CC,TT,AA,CC,TT,GG,AA,CC,AG,CC,TT,CT,TT,GG,TT,AA,CC,AA,GT,CC,CG,GG,CC,GT,TT,NN,CC,TT,GG,CG,CC,AT,GG,CC,AA,CC,NN,AA,CC,GG,CC,TT,AA,GG,AT,AA,AC,AA,AA,AA,AA,AA,TT,CG,AA,AA,CC,AA,CT,AG,AA,GG,GG,GG,GT,AT,AA,TT,TT,TT,AA,TT,GG,GG,AA,3.99,Susceptible,Low,Standard,Early
L0298,Coimbatore,Tamil Nadu,Kharif,Red Loamy,Rainfed,650,29.5,68,AA,TT,GG,AG,CG,CG,GG,TT,CC,CG,AT,CC,CG,TT,TT,GG,CG,TT,TT,AA,CC,GT,GT,CC,TT,CC,TT,TT,GG,AA,TT,CT,AA,CC,GG,GG,GG,CC,GG,CC,TT,CT,AA,TT,AG,GG,TT,TT,CC,CC,GG,AT,AA,GG,TT,GT,AA,AA,GT,AA,AA,TT,TT,AA,TT,TT,CC,GG,TT,GG,AG,GG,CC,AG,AG,AA,AT,GG,TT,TT,GG,GG,GT,AC,AT,NN,AA,AA,CC,TT,CC,TT,CT,TT,GT,GG,CC,CC,GT,CT,CC,CG,AG,AA,NN,TT,CC,AA,AG,CC,CC,GG,GT,CG,TT,AA,AA,TT,CC,GG,CG,GG,CC,GT,TT,AA,CC,CC,CC,CC,AG,TT,CC,AA,CC,CC,AA,TT,AA,AA,CG,CT,CC,GG,AA,AA,AT,AC,GT,CC,NN,AA,AA,AG,GT,GG,AA,TT,CT,GG,CC,TT,TT,CT,CC,AA,TT,TT,AA,AT,GG,CC,AA,CC,CC,CC,GG,CC,AA,GG,AG,CC,TT,CG,TT,GT,GG,TT,AA,AA,NN,CC,GG,AA,CC,CC,CG,GG,AC,GG,TT,AC,AA,CC,GG,AA,CC,AA,AT,GG,TT,AT,AA,GG,GT,AT,CG,TT,TT,AT,GG,NN,CT,AA,TT,CC,TT,AA,CC,TT,CG,AA,CC,AA,AC,TT,TT,GT,GG,AT,CC,AC,AA,GG,CC,CG,GG,CC,GT,TT,AA,CC,TT,GG,CG,CC,AA,GG,CC,AA,CC,AT,NN,AC,CC,AC,TT,AA,GG,AA,AA,AC,AC,AG,AG,AA,AA,TT,GG,AC,AA,AC,AC,CT,AA,AA,GG,GG,GG,TT,AT,AA,GG,TT,TT,AG,AT,GG,CG,AA,6.54,Susceptible,Medium,Standard,Medium
L0299,Coimbatore,Tamil Nadu,Kharif,Red Loamy,Rainfed,650,29.5,68,AA,TT,GG,AA,CG,CC,GT,TT,CC,CC,AA,CC,CC,TT,TT,GG,GG,TT,TT,AG,CC,TT,GT,CC,AT,CC,GT,TT,GG,AA,TT,CT,AA,CC,GG,CG,GG,CG,GT,CC,TT,CT,AA,TT,AA,GG,CT,TT,CC,AA,GT,AA,AG,GG,CC,TT,TT,AC,GT,AC,AA,TT,TT,AA,TT,TT,CC,GG,TT,GG,AA,GT,CC,AA,GG,AC,AA,GG,TT,TT,AG,GG,GG,CC,AA,GG,AA,AA,CC,GT,CC,TT,TT,TT,NN,GG,TT,CC,TT,CC,CC,CC,AG,AA,AT,TT,CC,AA,GG,AA,CT,GG,GT,CC,GT,AA,AA,TT,CG,GG,CC,GG,CC,GT,TT,AA,CC,CC,CC,CC,AA,TT,CC,AA,NN,CC,AA,TT,AG,AA,GG,CT,CC,GG,AA,AG,AA,CC,NN,CC,CC,AG,AA,NN,GT,GG,AA,GT,TT,AG,CC,TT,TT,TT,CC,TT,TT,CT,AT,TT,GG,CC,AG,NN,CC,CC,CG,AC,AA,GG,AA,CC,TT,CG,GG,TT,CG,TT,AA,AA,TT,CC,GG,AC,CC,CC,GG,GG,AA,GG,TT,AC,AA,CC,GG,AA,AC,AA,AT,GG,GT,TT,AT,CC,GG,AA,CC,TT,GG,AT,GG,AA,CT,AA,TT,CC,TT,CC,AC,TT,GG,AA,CC,AG,CC,TT,TT,TT,GG,AT,AA,CC,AA,GG,CC,CG,GG,CC,GG,TT,AA,CG,TT,GG,CC,CC,AT,GG,CG,AA,CC,AT,AA,AA,CG,AC,TT,AA,GG,AA,AC,AA,AA,GG,AG,AA,AA,TT,GG,AA,AA,AC,AA,TT,AA,AA,GG,GG,GG,TT,AA,AG,TT,TT,TT,AG,AT,GG,GG,AA,4.16,Susceptible,Medium,Premium,Early
L0300,Coimbatore,Tamil Nadu,Kharif,Red Loamy,Rainfed,650,29.5,68,AC,TT,GG,AG,GG,CC,GG,TT,CC,CG,AA,CT,CC,AT,TT,GG,GG,TT,TT,AA,CG,GT,GG,CC,TT,CC,GT,TT,GT,AA,TT,CC,AA,CC,GG,GG,GG,CG,GG,CC,TT,CC,AA,TT,AG,GG,TT,TT,CC,AC,GT,AA,AA,GG,CC,GT,AA,AA,GT,AA,AA,TT,AT,AA,TT,TT,NN,GG,TT,GT,AA,GG,CC,AA,GG,AC,AT,AG,TT,TT,GG,GG,GG,CC,AA,GG,AA,AA,CC,GT,CC,TT,CC,TT,TT,GG,TT,CC,GT,CC,CC,CG,GG,NN,TT,TT,CC,AA,AG,AA,CC,GG,TT,CC,NN,AA,NN,TT,CC,AG,CC,GG,CT,GG,CT,AA,CC,CC,CC,CC,AA,GT,CC,AA,CC,CC,AA,TT,AA,AA,GG,CC,CC,GG,AG,AG,AA,CC,GG,CC,CC,AG,AA,GG,TT,GG,AA,GT,CT,GG,CC,GT,TT,TT,CG,AA,GG,TT,AA,AT,GG,CC,AA,CC,CC,CC,GG,CC,AA,GG,AA,CC,TT,CC,GT,TT,GG,TT,AA,AA,GT,AC,GG,AC,AC,CC,GG,GG,AC,GG,TT,AA,AA,CC,GG,AA,AC,AA,AA,GG,TT,TT,TT,GG,GG,AT,CC,TT,GT,AA,GG,AA,TT,AA,TT,CG,TT,AC,CC,TT,CC,AA,CC,AG,CC,TT,CT,GT,GG,TT,AA,AC,AA,GG,CC,CC,GG,CC,GG,TT,AG,CC,TT,GG,CC,CC,TT,GG,CC,AA,CG,AT,AA,AC,CG,CC,TT,AA,GG,AA,AA,CC,AA,AA,AG,AA,AA,TT,NN,AA,AA,AC,AA,TT,AA,AG,GG,GG,GG,GG,AT,NN,TT,TT,AT,AG,TT,CG,CG,AC,3.23,Resistant,Medium,Standard,Early
L0301,Coimbatore,Tamil Nadu,Kharif,Red Loamy,Rainfed,650,29.5,68,AC,TT,GG,AA,GG,CC,GG,AT,CC,CG,AA,CC,CC,AT,TT,GG,GG,TT,TT,AA,CC,TT,TT,CC,TT,CC,TT,TT,GG,AA,TT,CC,AA,CC,GG,GG,GG,CG,GG,CC,TT,CC,AC,TT,AA,AG,TT,TT,CC,AA,GT,AA,AA,GG,CC,TT,AA,AA,GG,AC,AA,TT,NN,AA,TT,TT,CC,GG,TT,GT,AG,GG,CC,NN,AG,AC,AA,GG,TT,TT,GG,GG,GG,CC,AT,GG,AA,AA,CC,TT,CC,TT,CT,AT,GT,GG,TT,CC,TT,CC,CT,GG,AG,AA,AT,TT,CC,NN,AA,AC,CC,GG,TT,CC,TT,AA,AA,TT,CC,GG,CC,GG,CC,GG,TT,AA,CC,CC,CC,CC,AA,TT,CC,AA,CC,CC,AA,TT,AA,TT,CG,CC,CC,GG,AA,AA,AA,AC,GG,CC,CG,AG,AG,GG,TT,GG,AC,TT,TT,GG,CC,TT,GT,CT,CG,AA,TT,CT,TT,TT,GG,CC,AA,CC,AC,NN,CC,CC,AA,GG,AA,AC,TT,CC,GT,TT,CG,TT,AA,AA,TT,CC,CG,AA,AC,CC,GG,GG,AA,CG,TT,AA,AA,CC,GG,AA,CC,AA,AA,GT,TT,TT,AA,CG,GT,AA,CG,AT,GT,AA,GG,AA,CT,AA,TT,CC,TT,AA,CC,TT,GG,AG,CG,AA,CC,AT,CT,GT,GG,NN,AA,AC,AG,GG,CC,CC,GG,CC,GG,AA,AA,CC,TT,GG,CC,CC,AA,GG,CC,AT,CC,AT,AA,AC,CC,CC,TT,AA,GG,AA,AA,AA,AA,AG,AG,GG,AA,AT,GG,AA,AG,AC,AA,TT,AA,AG,GG,GG,GG,TT,AA,AG,GT,TT,TT,AA,TT,GG,GG,AA,3.49,Susceptible,Low,Standard,Early
L0302,Coimbatore,Tamil Nadu,Kharif,Red Loamy,Rainfed,650,29.5,68,AA,TT,GG,AA,GG,NN,GG,AT,CC,CC,AA,CT,CC,TT,GT,GT,CG,TT,TT,AG,CC,TT,TT,CC,TT,CC,TT,TT,GG,AA,CT,CC,NN,CC,GG,CG,GG,CG,GG,CC,TT,NN,AA,GT,AA,AG,TT,TT,CC,AC,GG,AT,AG,GG,CC,TT,AA,AA,GG,AA,AA,TT,TT,AA,TT,TT,CC,GG,TT,GT,AA,GT,CC,AG,GG,AA,AA,GG,TT,TT,GG,GT,GG,NN,AA,GG,AA,AA,CG,TT,NN,GT,CC,TT,TT,GG,TT,CC,GT,CC,CC,CC,AA,AA,AT,TT,CG,AG,AA,AA,CC,GG,TT,CC,TT,AA,AA,TT,CG,GG,CC,GG,CT,GG,CT,AG,CT,CC,CC,CC,AA,TT,CC,AC,CC,CC,AA,AT,AA,AA,CG,CT,CC,GG,AA,AG,AA,CC,GG,NN,CC,AA,AA,GG,TT,GG,AA,TT,CT,GG,CC,TT,GT,TT,CG,AT,GT,TT,AA,NN,GG,CC,GG,CT,CC,CC,CC,CC,AA,AG,AA,CC,TT,CG,GG,TT,GG,AT,AA,AA,TT,CC,GG,AA,CC,CC,GG,GG,AC,GG,TT,AA,AA,CC,GG,AA,CC,AA,AT,GG,TT,TT,AT,GG,GG,AT,CC,TT,GT,AA,GG,AA,TT,AA,TT,CG,TT,AA,CC,CT,CC,AG,CC,AG,CC,TT,CT,GT,GG,AT,AA,CC,AA,GT,CG,CC,GG,CC,GG,AA,AA,CC,TT,GG,CC,GG,AT,GG,CC,AA,CC,AA,AA,AC,CC,AC,TT,AA,GG,AA,AA,AC,AA,AG,AA,GG,AA,TT,GG,AA,AG,CC,AA,CT,AA,AA,GG,AG,GG,TT,AA,AA,GT,TT,TT,AG,AT,GG,GG,AA,2.62,Susceptible,High,Premium,Early
L0303,Coimbatore,Tamil Nadu,Kharif,Red Loamy,Rainfed,650,29.5,68,AA,TT,GG,AG,GG,CC,GG,TT,CC,CG,AA,CC,CC,TT,TT,GT,CG,TT,TT,AG,CC,GT,GT,CC,TT,CC,TT,AT,GG,AA,CT,CC,AG,CC,GG,GG,GG,CG,GG,CC,TT,CT,AA,TT,AG,AG,TT,TT,CG,AC,GG,AA,AA,GG,CT,TT,AA,AA,GG,AC,AA,TT,TT,AG,TT,TT,CC,GG,TT,GT,AG,GT,CC,AA,GG,AA,TT,GG,TT,TT,GG,GG,GG,CC,AT,AG,AA,AA,CC,TT,CC,GT,CC,TT,TT,AG,TT,CC,GT,CC,CC,CG,GG,AA,AT,TT,CC,AG,AA,AA,CT,GG,TT,CC,GT,AA,AA,AT,CG,AG,CC,AG,CC,GG,TT,AA,CT,CC,CC,CC,AA,GT,AC,AA,CC,CC,AA,AT,AA,AA,NN,CT,CC,GG,AA,GG,AA,CC,GG,CC,CC,AA,AA,GG,GT,GG,AA,TT,CT,NN,CC,TT,TT,TT,CC,AT,TT,TT,AA,TT,GG,CC,AG,CT,CC,CC,CG,CC,AA,GG,GG,CC,TT,CC,GT,GT,GG,AT,AA,AA,TT,AA,GG,AC,CC,CC,GG,GG,AA,GG,TT,AA,AA,CC,GG,AA,AA,AA,AA,GG,TT,TT,AA,GG,GT,AT,CC,TT,GT,AA,GG,AA,CC,AC,TT,CG,CT,AA,CC,TT,GG,AG,CG,AG,CC,TT,CC,TT,GG,TT,AA,AC,AA,GG,CC,CG,GG,CC,GG,TT,AA,CC,TT,GG,CG,CC,AA,AG,CC,AA,CC,AA,AA,AC,GG,AC,TT,AA,GG,AA,AA,AA,AC,AG,AG,AG,AA,TT,GG,AA,AG,AA,AC,CC,AG,AG,GG,GG,GG,GG,AT,AA,GT,TT,TT,AA,AT,GG,GG,AA,1.93,Susceptible,High,Standard,Early
L0304,Coimbatore,Tamil Nadu,Kharif,Red Loamy,Rainfed,650,29.5,68,AC,CT,GG,AA,CG,CG,GG,AA,CC,CG,AA,CT,CC,TT,GT,GG,CG,TT,TT,AG,CC,TT,TT,CC,TT,CC,TT,TT,GT,AA,TT,CC,AA,CC,AG,GG,GG,CC,GG,CC,TT,CT,AC,TT,AA,GG,TT,TT,CC,CC,GG,AA,AA,GG,CC,GG,AA,AC,GT,AA,AA,GG,AA,AA,TT,AT,CC,GT,TT,GG,AA,GG,CC,AA,AG,AA,AA,GG,TT,TT,GG,GG,GG,CC,AA,GG,AA,AA,CG,GT,CC,GT,NN,TT,TT,GG,TT,CC,TT,CC,TT,CG,AG,AA,TT,TT,CC,AA,AA,AA,CC,GG,TT,CC,TT,AA,AA,TT,CC,GG,CC,GG,CC,GG,TT,AA,CC,CC,CC,CG,AA,TT,CC,AA,CC,CC,AA,TT,AA,AA,GG,CT,CC,GG,AA,AA,AT,CC,GG,CC,CC,AG,GG,GG,TT,AG,AC,GT,CT,GG,CC,TT,TT,TT,NN,AA,TT,CT,AT,AT,GG,CC,AA,CT,CC,CC,CG,CC,AA,AG,AA,CC,TT,CG,GT,TT,GG,TT,AA,AA,TT,CC,GG,AC,CC,CC,GG,GG,AA,GG,TT,AA,AA,CC,GT,NN,AC,AA,AA,GG,GT,AT,AT,GG,GT,AA,CC,AA,GT,AT,GG,AA,CC,AA,TT,CC,CT,AA,CC,TT,GG,AG,NN,AG,CC,AT,TT,GT,GG,TT,AA,CC,AA,GG,CC,CG,GG,CC,GG,TT,AG,CC,TT,GG,CC,CC,AA,GG,CC,AT,CC,AA,AG,AA,CC,AC,TT,AA,CG,AA,NN,AC,AA,AG,AG,AA,AA,AT,GG,AA,GG,AC,AA,TT,AA,AA,GG,GG,GG,TT,AT,AA,TT,TT,TT,AA,TT,GG,GG,AA,3.19,Resistant,Medium,Standard,Medium
L0305,Coimbatore,Tamil Nadu,Kharif,Red Loamy,Rainfed,650,29.5,68,AC,TT,GG,AG,GG,CC,GT,TT,CC,GG,NN,CC,CC,AT,TT,GG,GG,TT,TT,AA,CC,GT,GT,CC,TT,CC,TT,AT,GG,AA,TT,TT,AA,CC,GG,GG,GT,CC,GG,CC,TT,CT,AA,TT,AA,AG,CT,TT,CG,AC,NN,AT,AA,GG,CC,TT,AA,AA,GG,AC,AA,TT,TT,AA,TT,AT,CC,GG,TT,GG,AA,GG,CC,AA,GG,AA,AA,AG,TT,TT,GG,GT,GG,CC,AT,GG,AA,AA,CC,GT,AC,TT,CC,AT,GT,GG,CT,AC,GG,CC,CC,GG,GG,AA,TT,TT,CC,NN,AG,AC,CT,GG,TT,CC,GT,AA,AA,TT,CC,GG,CC,GG,CC,GG,CC,AA,CC,CC,CC,CC,AA,TT,AC,AA,CC,CC,AA,TT,AA,AT,GG,CC,CC,GG,AA,AG,AA,NN,GT,CC,CC,AA,AG,GG,TT,GG,AA,TT,TT,AG,CC,TT,TT,CT,CG,AA,TT,TT,AT,AT,GG,CC,AA,CC,CC,CC,GG,CC,AA,GG,NN,CC,TT,CC,GT,TT,GG,AT,AA,NN,TT,CC,CG,AC,AC,CG,GG,GG,AA,GG,TT,AA,AA,CC,GT,AA,AC,AA,AA,GG,TT,AT,AA,GG,GT,AT,CG,TT,GT,AA,GG,AA,TT,AA,TT,CC,CT,AC,CC,CC,GG,GG,CC,AA,CC,TT,TT,GT,GG,TT,AA,AC,AG,GG,CG,CC,GG,CC,GG,TT,AA,CG,TT,AA,CC,CG,AA,GG,CC,AT,CC,AT,AA,AC,CC,AC,TT,AA,GG,AA,AA,AA,AA,AA,AA,AA,AA,TT,GG,AA,GG,CC,AA,CT,AA,AA,CG,AG,CG,TT,AA,AG,TT,TT,TT,AA,TT,GG,GG,AC,5.19,Resistant,Low,Standard,Early
L0306,Coimbatore,Tamil Nadu,Kharif,Red Loamy,Rainfed,650,29.5,68,AC,CT,AG,AA,GG,CC,GG,AT,CC,CG,AA,CC,CG,TT,TT,GG,GG,TT,TT,AA,CC,GT,GT,CT,NN,CC,TT,TT,GG,AA,TT,CC,AA,CC,GG,GG,GG,CG,GG,CC,TT,TT,AA,TT,AA,GG,TT,TT,CC,AC,GG,AA,AA,GG,CC,TT,AA,AA,TT,AA,AA,TT,AA,AA,TT,TT,CC,GG,TT,GG,AA,GG,CC,AG,GG,AC,AA,AG,NN,TT,GG,GG,GG,CC,AT,AG,AA,AA,CC,TT,AC,TT,CC,TT,TT,AG,CT,CC,GG,CC,CC,CG,AG,AA,AT,TT,CC,AA,AG,AA,CC,NN,TT,CC,TT,AA,AA,TT,CC,GG,CC,GG,CC,GG,TT,AA,CT,CC,CC,CC,AA,TT,AC,AA,CC,CT,AA,TT,AA,AA,GG,CC,CC,GG,AA,AG,AA,CC,GT,CC,CC,AA,AA,AG,GT,GG,CC,TT,CT,GG,CC,TT,TT,TT,CC,AT,GT,TT,AA,TT,GG,CC,AA,CC,CC,CC,CG,CC,AA,GG,AA,CC,TT,CC,GG,GT,CG,AT,AA,AA,TT,AC,CG,AA,CC,CG,GG,GG,AA,CC,TT,AA,AA,CC,GG,AT,CC,AA,AA,GG,TT,AT,AA,GG,GG,AA,CC,AT,GT,AA,GG,AA,CT,AA,TT,CC,TT,AA,CC,TT,CG,AA,CC,AA,CC,TT,TT,GT,GG,TT,AC,CC,AG,GG,CC,CC,GG,CC,GG,AA,NN,CC,GT,GG,CC,CC,AT,AA,CC,AA,CC,AA,AA,AC,CG,AC,TT,AA,CG,AA,AA,AC,AA,GG,AG,AG,AA,TT,GG,AA,AA,CC,AC,CT,AA,AA,GG,GG,GG,TT,AA,AA,GT,TT,TT,GG,TT,GG,GG,AA,3.44,Susceptible,Low,Premium,Early
L0307,Coimbatore,Tamil Nadu,Kharif,Red Loamy,Rainfed,650,29.5,68,AC,TT,GG,AG,GG,CG,GT,TT,CC,CC,AA,CT,CG,TT,TT,GG,CG,AT,AT,AG,CC,TT,GT,TT,AT,CC,NN,AT,GG,AA,TT,CC,AA,CC,GG,CG,GT,CG,GG,CC,TT,CC,AC,GT,AG,AG,TT,TT,CC,AC,GT,AA,AA,GG,CT,GT,AT,AC,GT,AC,AG,NN,AT,AG,TT,AT,CC,GG,TT,GT,AA,GG,CC,AA,GG,AA,TT,GG,TT,TT,GG,GG,GG,CC,AA,GG,AA,AA,CC,TT,AC,TT,CT,TT,TT,GG,CC,CC,GG,CC,CC,NN,AG,AA,AT,TT,CG,AA,AG,AC,TT,GG,TT,CC,GT,AC,AA,TT,CC,GG,CC,GG,CC,GT,CT,AA,CT,CC,CC,CC,AA,TT,CC,AA,CC,CC,AA,AA,AA,AT,GG,CC,CC,GG,AA,AG,AA,CC,GT,CC,CC,GG,GG,GG,GT,GG,AA,GT,CT,GG,CC,GG,GT,TT,CG,AA,TT,TT,AT,TT,GG,CC,AA,CT,CC,CC,CG,CC,AA,GG,AA,CC,TT,CC,GG,GT,CG,TT,AA,AA,TT,CC,CG,AC,AC,CC,GG,GG,AA,GG,TT,AC,AA,CG,GG,AT,CC,AA,AA,GG,TT,AT,AT,CG,GT,AT,CC,TT,GT,AA,GG,AA,CT,AA,TT,CC,TT,AC,CC,CC,GG,AA,CC,AA,AC,TT,CT,TT,GG,TT,AA,CC,AA,GG,CC,CC,NN,CC,GT,AA,AG,CC,GT,GG,CG,CG,AT,GG,NN,AA,CC,AA,AA,CC,CC,AC,AT,AA,GG,AA,AA,CC,AA,GG,AA,AA,AA,AT,GG,AC,AG,AC,AA,CC,AA,AA,GG,AG,GG,TT,AA,GG,TT,TT,TT,AG,TT,GG,GG,AA,4.91,Susceptible,High,Premium,Late
L0308,Coimbatore,Tamil Nadu,Kharif,Red Loamy,Rainfed,650,29.5,68,CC,TT,AG,AG,GG,CC,GG,TT,CC,GG,AA,CT,CG,TT,TT,GG,CC,TT,TT,AG,CC,TT,TT,CT,TT,CC,TT,TT,TT,AA,TT,CT,AA,CC,GG,CG,GG,CC,GG,CC,TT,CC,AA,TT,AA,GG,TT,AA,CC,AC,GG,AA,AA,GG,CC,TT,AA,AA,TT,AC,AA,TT,AT,AA,TT,TT,CC,GG,TT,GT,AG,GG,CC,AA,NN,AA,AA,GG,TT,TT,GG,GG,GT,CC,NN,GG,AA,AT,CC,GG,CC,TT,CT,TT,GT,GG,TT,CC,GT,CC,CT,CG,GG,AA,TT,TT,CC,AA,GG,AA,CC,GG,GT,CC,TT,AC,AA,TT,CG,GG,CC,GG,CC,GG,TT,GG,CC,CC,CC,CC,AA,TT,AC,AA,CC,CC,AG,TT,AA,AA,GG,CT,CC,GG,AA,AA,AA,CC,GG,CC,CC,AA,AG,AG,TT,GG,AC,TT,TT,GG,CC,TT,GT,CT,CG,AT,GT,TT,AA,AT,CG,CC,AG,CC,CC,CC,CG,CC,AA,GG,AG,CC,TT,CG,GT,TT,GG,TT,AA,AA,GT,CC,CG,AA,AC,CG,GG,GG,AC,GG,TT,AC,AA,CC,GG,AT,CC,AA,AT,GG,TT,TT,AA,CG,GG,AA,CC,AA,TT,AA,GG,AA,CT,AA,TT,CC,TT,AA,CC,TT,CG,AG,CC,AA,CC,TT,CT,TT,GG,TT,AC,CC,AA,GG,CC,CG,GG,CC,GG,TT,AA,CG,GG,GG,CC,CC,AT,GG,CG,AT,CC,AA,AA,AC,CC,AC,TT,NN,GG,AA,AC,AC,AA,AG,AA,AA,AA,AT,GG,AA,AA,CC,CC,CT,AA,AA,GG,GG,GG,TT,AA,AA,TT,TT,TT,AA,TT,GG,CG,AA,2.49,Susceptible,Medium,Premium,Medium
L0309,Coimbatore,Tamil Nadu,Kharif,Red Loamy,Rainfed,650,29.5,68,AC,CT,GG,AA,GG,CC,GG,TT,CC,GG,AT,CC,CC,AT,TT,GT,GG,TT,TT,AG,CC,TT,TT,CC,TT,CC,TT,TT,GG,AA,CT,CC,AA,CC,GG,GG,GG,NN,GG,CC,TT,CT,AA,TT,AA,AG,TT,AT,CC,AA,GG,AA,AA,GG,CC,TT,AA,AA,TT,AA,AA,TT,TT,AA,TT,AT,CC,GG,TT,GG,AA,GT,CC,AA,AG,AA,AA,GG,TT,TT,GG,GT,GG,CC,AA,GG,AA,AA,CC,TT,CC,TT,CC,AT,TT,GG,TT,CC,TT,CC,NN,CG,GG,AA,TT,TT,CG,AA,AA,AA,CT,GG,TT,CG,TT,AA,AA,AT,CC,GG,CC,AG,CC,GT,CT,AA,CT,CC,CC,CC,AA,TT,CC,AA,CC,CC,AA,TT,AA,AT,GG,CC,CC,GG,AA,AA,AA,CC,GG,CC,CC,AG,AG,GG,TT,GG,AA,TT,TT,GG,CC,TT,GT,TT,CG,AT,TT,TT,AA,AT,GG,CC,AA,CT,NN,AC,GG,CC,AT,GG,AA,AC,TT,CC,NN,TT,GG,AT,AA,AG,TT,CC,GG,AC,CC,CC,GG,GG,AC,GG,TT,AC,AA,NN,GG,AA,AA,AA,TT,GG,TT,AT,NN,GG,GG,AT,CC,AT,TT,AA,GG,AA,CT,AA,TT,CC,TT,AA,CC,TT,CG,AA,CC,AA,AC,TT,TT,GG,GG,TT,AA,AC,AG,GG,CC,CC,GG,CC,GG,AT,AA,CC,TT,GG,CC,CG,AA,GG,CC,AA,CG,AA,AA,AA,CG,CC,TT,AA,GG,AA,AC,AC,AA,AA,GG,AG,AA,AT,GG,AA,AA,CC,AA,TT,AA,AA,GG,AG,GG,TT,AA,AA,TT,TT,TT,AG,AA,GG,GG,AA,5.43,Susceptible,Medium,Premium,Late
L0310,Coimbatore,Tamil Nadu,Kharif,Red Loamy,Rainfed,650,29.5,68,AA,TT,GG,NN,GG,CG,GT,TT,CC,CG,AA,CC,CC,TT,TT,GG,CG,TT,TT,AG,CC,TT,TT,CC,TT,CC,GT,AT,GG,AA,TT,TT,AA,CC,GG,GG,GG,CG,GT,CC,TT,TT,AC,TT,AG,AG,CT,TT,CC,CC,GG,TT,AA,GG,CC,TT,AT,AA,GT,AC,AA,GT,TT,AG,TT,TT,CC,GG,TT,TT,AA,GG,CC,NN,AG,AC,AA,GG,TT,TT,GG,GG,GT,CC,AA,GG,AA,AA,CG,TT,CC,TT,CC,TT,TT,AG,CT,CC,GT,CC,CC,CC,GG,AA,TT,TT,CG,AA,AG,AC,CT,GG,TT,CG,TT,AC,AA,TT,CC,AG,CC,GG,CT,GT,TT,AA,CC,CC,AC,CC,AA,TT,CC,AA,CC,CT,AA,AT,AG,AA,GG,CC,CC,GG,AA,AG,AT,CC,GT,CC,CC,AA,AA,GG,GT,AG,CC,TT,TT,GG,CC,GT,TT,TT,GG,AA,NN,TT,TT,TT,GG,CC,AA,CT,CC,AA,CG,CC,AA,GG,AG,CC,TT,CC,GG,GG,GG,AT,AA,NN,TT,AC,GG,AA,AC,NN,GG,GG,AC,GG,TT,AA,AA,CC,GG,AA,CC,AA,AT,GT,TT,AA,AA,GG,TT,AT,GG,AT,GT,AA,GG,AA,TT,AA,TT,CC,NN,AA,CC,CT,CG,AA,CG,AG,CC,NN,CT,GT,GG,AT,AA,CC,AG,GG,CC,CC,GG,CC,GG,AT,AA,CC,TT,GG,CC,CC,AA,GG,CC,AT,CC,AA,AA,AC,CC,CC,AT,AA,GG,AA,AC,AA,AA,GG,AG,AG,AA,AT,CG,AA,AG,AC,AC,CT,AA,AA,GG,GG,GG,TT,AA,AA,TT,TT,TT,AA,TT,GG,GG,AA,2.61,Moderate,High,Poor,Medium
L0311,Coimbatore,Tamil Nadu,Kharif,Red Loamy,Rainfed,650,29.5,68,CC,CT,GG,AG,GG,CC,GT,AT,CC,CC,AA,CC,CG,TT,GT,GG,CG,TT,TT,AA,CC,GT,TT,CC,TT,CC,GT,AT,GG,AA,TT,CC,AA,CC,GG,GG,GG,CC,GG,CC,TT,TT,AA,TT,AA,GG,TT,TT,CC,CC,GT,AA,AA,GG,CC,TT,AT,AC,GT,AA,AA,TT,AT,GG,TT,TT,CC,GG,TT,GT,AA,GG,AC,AA,GG,AA,AA,GG,GT,TT,GG,GG,GG,CC,AT,GG,AA,AT,CC,GT,AC,TT,CC,TT,TT,GG,CT,AC,GT,CC,CC,CG,AA,AA,TT,TT,GG,AA,AA,AC,CT,GG,TT,CC,GT,AA,AA,TT,CG,GG,CC,GG,CC,GT,TT,AA,CC,CC,CC,CC,AA,TT,AC,AC,CC,CT,AA,TT,AG,AA,CG,CC,CC,GG,AA,AA,AA,CC,GG,NN,CG,AA,AA,GG,TT,AG,AC,TT,CT,AG,CC,TT,GT,TT,CC,AA,GT,TT,AA,AT,GG,CC,AA,TT,CC,CC,CG,CC,AA,GG,AA,CC,TT,CG,GT,TT,GG,AT,AA,NN,GT,AC,GG,AC,CC,CG,NN,GG,AA,GG,TT,AA,AA,CC,GG,AT,CC,AT,AT,GG,TT,TT,AA,GG,GT,AA,CC,TT,GT,AT,GG,AA,TT,AA,TT,CC,TT,AA,CC,CT,GG,AA,CC,GG,CC,TT,CT,GT,GG,TT,AC,AC,AG,GG,CC,CC,GG,CC,GG,TT,AA,CC,GT,GG,CC,CG,AA,GG,CC,TT,CC,AA,AA,AC,CG,AA,TT,AA,GG,AA,AA,AC,AC,AG,AG,AA,AG,TT,GG,CC,AA,AC,AC,CT,AA,AA,CG,GG,GG,TT,AA,AA,TT,TT,TT,GG,TT,GG,CG,NN,1.46,Susceptible,High,Premium,Late
L0312,Coimbatore,Tamil Nadu,Kharif,Red Loamy,Rainfed,650,29.5,68,AC,TT,GG,AG,NN,CC,GG,TT,CC,CG,AA,CC,CG,TT,GT,GT,CG,TT,TT,AA,CC,NN,TT,CC,AT,CC,TT,AT,GG,AA,CC,CT,AA,AC,AG,CG,GG,CG,GG,CC,TT,TT,AA,TT,AG,GG,TT,AT,CC,AC,GG,AA,AA,GG,CC,TT,AA,AC,GT,AC,AA,GT,TT,AA,TT,TT,CC,GG,TT,GT,AG,TT,CC,AA,AG,AC,AA,AG,TT,TT,GG,GG,GG,CC,AA,GG,AA,AA,CC,GG,AC,TT,CC,TT,TT,GG,TT,CC,GT,CC,CC,CG,AG,AA,TT,TT,CC,AA,AA,AC,CC,GG,TT,CC,TT,AA,AC,TT,CG,GG,CC,GG,CT,GG,CT,AG,CC,CC,CC,CC,AA,TT,CC,AA,CC,CC,AA,TT,AA,AT,GG,CC,CC,GG,AA,AG,AA,CC,GG,CC,CC,AA,AG,GG,TT,GG,CC,TT,TT,GG,CC,GT,GT,TT,CG,AA,GT,TT,AA,TT,CG,CC,AG,CC,CC,CC,CG,AC,AA,GG,AG,CC,TT,CC,GT,TT,CC,AT,AA,NN,TT,CC,CG,AC,AC,CC,GG,GG,AA,CG,TT,AC,AG,NN,GT,AA,AC,AA,TT,GT,TT,AT,AA,GG,GT,AA,CG,AT,TT,AA,GG,AA,TT,AA,TT,CC,CT,AA,CC,TT,CC,AG,CC,AA,CC,AA,TT,TT,GG,TT,AA,AC,AA,GG,CC,CG,CG,CC,GG,TT,AA,CG,GT,GG,CC,CC,AT,GG,CC,AA,CC,AA,AG,AC,CC,CC,TT,AA,GG,AA,AA,AC,AA,AG,AG,AA,AA,AT,CG,AC,GG,CC,AC,TT,AA,AA,GG,GG,GG,TT,NN,AA,TT,NN,TT,AA,TT,NN,GG,AA,3.08,Susceptible,Low,Premium,Medium
L0313,Coimbatore,Tamil Nadu,Kharif,Red Loamy,Rainfed,650,29.5,68,AA,TT,GG,AG,CG,CC,GT,TT,CG,CG,AT,CC,GG,AT,TT,GG,GG,TT,TT,AG,CG,TT,GT,CT,TT,NN,TT,AT,GG,AA,TT,CC,AA,CC,GG,GG,GT,CC,GG,CC,TT,CT,AA,TT,AA,AG,TT,TT,CC,AC,GT,AA,AA,CG,CT,TT,AA,AA,GT,AC,AA,TT,AT,AA,TT,AA,CC,GG,TT,GT,AA,GT,CC,AA,AG,AC,AA,GG,TT,TT,GG,GG,GT,CC,AA,GG,AA,AA,CC,GG,CC,TT,CC,AT,TT,GG,TT,AC,GT,CC,CC,CC,GG,AA,TT,GT,CC,AA,AG,AC,CC,GG,TT,CC,TT,AA,AA,TT,CC,GG,CG,GG,CC,GG,TT,AG,CT,CC,CC,CC,AA,TT,CC,AA,CC,CT,AA,TT,AG,AT,GG,CC,CC,GG,AA,AG,AT,AA,GG,CC,GG,AA,AA,AG,TT,NN,AA,TT,CT,GG,AA,GT,TT,TT,CC,AA,GT,TT,AA,TT,GG,CC,AG,CT,CC,CC,GG,CC,TT,GG,AA,CC,TT,CC,GT,TT,GG,TT,AG,AA,TT,AC,GG,AA,AC,CC,GG,AG,AC,CG,TT,AC,AA,CG,GG,AA,AC,AA,AA,GG,TT,TT,AT,CC,GG,AT,CC,AT,GT,AA,GG,AA,CT,AA,TT,CG,TT,AC,CC,CT,GG,AA,CC,GG,CC,TT,TT,TT,GG,TT,AA,CC,AG,GG,CG,CC,GG,CG,GG,TT,AG,CC,TT,GG,CC,CG,AA,GG,CC,AA,CC,AA,AA,CC,CC,AA,TT,AA,GG,AA,AC,AC,AC,GG,GG,AA,AA,TT,CG,AC,AG,AC,AA,TT,AA,AG,GG,AG,GG,TT,AA,AA,TT,TT,TT,NN,TT,GG,GG,AA,2.85,Susceptible,High,Poor,Late
L0314,Coimbatore,Tamil Nadu,Kharif,Red Loamy,Rainfed,650,29.5,68,AA,TT,GG,AG,GG,CC,GT,AT,CC,CC,AA,CT,GG,TT,TT,GG,GG,TT,TT,AA,CC,GT,TT,CC,TT,CC,TT,TT,GG,AA,TT,CC,AA,CC,GG,CG,GG,CG,GG,CC,TT,CT,AC,GT,AA,AG,TT,AT,CC,CC,GT,AA,AA,GG,CC,TT,AA,AA,GT,AC,AG,GT,AT,AA,TT,TT,CC,GG,NN,TT,GG,GG,CC,AA,GG,AC,AT,NN,TT,CT,GG,GG,GG,CC,AA,GG,AA,AA,CC,GT,AC,TT,CT,TT,TT,GG,TT,CC,TT,CC,CT,CC,AA,AA,TT,TT,CC,AA,AA,AA,CC,GG,GT,CC,TT,AA,AA,TT,CC,GG,CC,GG,CC,GT,TT,AG,CC,CC,CC,CC,AA,TT,CC,AA,AC,CC,AA,TT,AA,AA,GG,CC,CC,GG,AA,AA,AT,CC,GG,CC,CC,GG,AA,GG,TT,GG,AA,TT,CC,GG,CC,GT,TT,CT,CG,AT,TT,CT,AT,TT,GG,CC,AA,CC,CC,CC,GG,CC,AA,GG,AG,CC,TT,CC,GT,TT,CG,AT,AA,AA,GT,CC,GG,AA,CC,NN,GG,GG,AC,GG,TT,AC,AA,CG,GG,AT,CC,AA,AT,GG,TT,AT,AA,GG,GG,AT,CC,TT,GT,AA,GG,AA,CT,AA,AT,CC,CT,AA,CC,TT,GG,AA,CC,AA,CC,TT,TT,TT,GG,TT,AA,CC,AA,GG,CC,CC,GG,CC,GG,TT,AA,CC,GT,GG,CG,CC,AA,GG,CC,AT,CC,AA,AA,CC,GG,AC,AT,AA,GG,AA,AA,AC,AC,GG,AG,AA,AA,AT,GG,AA,AA,AC,AC,CT,AA,AA,GG,AG,GG,TT,AA,AG,TT,TT,TT,AG,AT,GG,GG,AA,4.22,Resistant,Low,Standard,Medium
L0315,Coimbatore,Tamil Nadu,Kharif,Red Loamy,Rainfed,650,29.5,68,AC,CT,GG,NN,CG,CC,GG,TT,CC,GG,AA,CC,CG,TT,TT,GG,GG,TT,TT,AG,CG,GT,GT,CC,TT,CC,TT,TT,GT,AA,TT,CC,AA,CC,GG,GG,GG,CC,GG,CC,TT,CT,AA,TT,AA,AG,TT,AT,CC,CC,GG,NN,AA,GG,CC,TT,AA,AC,GT,AA,AA,GT,AT,AG,TT,TT,CC,GG,TT,GG,AA,NN,AC,AA,GG,AA,AT,GG,TT,TT,GG,GT,GG,CC,AT,GG,AA,AA,CG,TT,CC,TT,CC,TT,TT,GG,TT,CC,GT,NN,CC,GG,AA,AA,TT,TT,CG,AG,AA,AA,CT,GG,TT,CC,TT,AA,AA,TT,CC,AG,CC,GG,CC,GT,TT,NN,CT,CC,AC,GG,AA,TT,NN,AA,CC,CT,AA,AT,AA,AA,GG,CT,CC,NN,AG,AA,AA,CC,GG,CC,CC,AA,AG,NN,TT,GG,AA,GT,CC,AG,AC,TT,GT,TT,CC,AT,TT,TT,AA,TT,GG,CC,AA,CT,CC,NN,CG,CC,AA,GG,GG,CC,TT,CC,GG,GT,GG,AA,AA,AG,TT,CC,CG,AA,AC,CG,GG,GG,AC,CG,CT,AA,AA,CC,GG,AA,CC,AA,AA,GG,TT,AT,AT,GG,GG,AA,CC,AT,TT,AA,GG,AG,TT,AA,TT,CC,TT,AA,CC,NN,CG,AG,CC,AG,CC,TT,CT,TT,GG,TT,AC,CC,AG,GG,CC,CC,GG,CC,GG,AT,AA,CC,GT,GG,CC,CC,AA,GG,CC,TT,CC,AT,AA,CC,CG,CC,TT,AA,GG,AA,AA,CC,AA,GG,AG,AG,AA,TT,GG,AA,GG,CC,AC,TT,AA,AA,CG,GG,GG,TT,AT,AA,TT,TT,TT,AG,TT,GG,CG,AA,4.45,Susceptible,Medium,Standard,Early
L0316,Coimbatore,Tamil Nadu,Kharif,Red Loamy,Rainfed,650,29.5,68,AA,TT,GG,AA,GG,CC,TT,TT,CC,CG,AT,CC,CG,TT,TT,GG,CG,TT,TT,AA,CC,TT,GG,CC,TT,NN,TT,TT,GG,AC,TT,CT,AA,CC,GG,GG,GG,CC,GG,AC,TT,TT,AA,NN,AA,AG,TT,TT,CC,AA,GT,AT,AA,CG,CC,TT,AT,AA,GG,AA,AG,TT,AT,AA,CT,TT,CC,GG,TT,GG,AA,GT,CC,AG,GG,AC,AA,GG,TT,TT,GG,GT,TT,CC,AA,GG,AA,AA,CC,TT,AC,TT,CC,TT,TT,GG,CT,CC,TT,CC,CC,CG,AG,AA,AT,TT,CC,AA,GG,AA,CC,GG,TT,CC,GT,AA,AA,AT,CG,GG,CC,AG,CC,GT,CT,AA,CT,CC,CC,CG,AA,TT,CC,AA,CC,CC,AA,TT,AA,AA,GG,CC,CC,GG,AA,AG,AA,CC,GT,CC,CG,AA,AA,GG,TT,GG,CC,GT,CT,NN,AA,TT,TT,TT,CC,AA,GT,TT,AA,TT,GG,CC,AG,TT,CC,CC,GG,CC,AA,GG,AG,CC,TT,CC,GT,TT,GG,TT,AA,AG,TT,CC,CG,AA,CC,CC,GG,GG,AC,CC,TT,AA,AA,CG,GG,AT,CC,AA,AA,GT,GT,TT,AT,CG,TT,AT,CC,AT,TT,AA,GG,AA,CT,AA,TT,CC,TT,AA,CC,CT,CC,GG,CG,AG,CC,TT,TT,TT,GG,TT,AA,CC,AA,GG,CC,CC,GG,CC,GG,AT,AA,CC,TT,GG,CG,CG,AA,GG,CC,AT,CC,AA,AA,AC,CG,CC,TT,AA,GG,AA,AA,CC,AC,AG,GG,AG,AA,TT,GG,AA,AG,AA,AC,CT,GG,AG,GG,GG,GG,TT,AT,GG,TT,TT,AT,AG,AA,GG,GG,AA,4.5,Susceptible,High,Poor,Medium
L0317,Coimbatore,Tamil Nadu,Kharif,Red Loamy,Rainfed,650,29.5,68,AA,CT,GG,AG,GG,CG,GT,AT,CC,CG,AA,CC,CC,TT,TT,GG,CG,TT,TT,AG,CC,NN,TT,CC,TT,CC,TT,TT,GG,AA,TT,CC,NN,CC,GG,GG,GG,CG,GG,CC,GT,CT,AA,GT,AG,GG,TT,TT,CG,AA,GG,AA,AG,GG,CC,TT,AA,AA,GT,AC,AA,TT,TT,AG,TT,AT,CC,GG,CT,GG,AG,GT,CC,AA,GG,AC,AT,AG,TT,TT,GG,GT,GG,CC,AA,GG,AG,AA,CC,TT,CC,TT,CT,TT,TT,AG,TT,CC,GG,CC,CT,GG,GG,AA,TT,TT,CG,AA,AG,AC,CT,GG,TT,CC,TT,AC,AA,TT,CC,AG,CC,AG,CC,GT,CC,AA,CC,CC,CC,CC,AA,TT,CC,AA,CC,CT,AA,TT,AA,AA,CG,CT,CC,GG,AA,AA,AA,AC,GG,CC,CC,AG,AA,GG,TT,GG,AC,GT,CC,AG,CC,TT,TT,TT,NN,AT,TT,CT,TT,TT,GG,CC,AG,CC,CC,CC,GG,CC,AA,GG,AG,CC,TT,CC,GG,TT,CG,AT,AG,AA,TT,CC,GG,AA,CC,CC,GG,GG,AA,GG,TT,AC,AA,NN,GG,AA,CC,AA,AA,GG,TT,AT,AA,CG,GG,AA,CC,AT,GT,AA,GG,AA,TT,AA,TT,CC,CT,AC,CC,CT,GG,AA,CC,AG,AC,TT,TT,TT,GG,NN,AC,CC,AG,GG,CC,CC,GG,CC,GG,TT,AA,CC,GT,GG,CC,CG,AA,NN,CC,NN,CC,AT,AA,AC,CC,AA,TT,AA,GG,AA,AA,AC,AC,AG,AG,AA,AA,TT,GG,CC,AG,AC,AA,TT,AG,AA,GG,GG,GG,TT,AT,AG,TT,TT,TT,AG,AA,GG,GG,AC,4.41,Resistant,Low,Premium,Late
L0318,Coimbatore,Tamil Nadu,Kharif,Red Loamy,Rainfed,650,29.5,68,NN,CT,AG,AA,GG,CC,GT,AT,CC,CG,AT,TT,CG,AT,TT,GT,GG,TT,TT,AG,CC,GT,GG,CT,TT,CC,TT,TT,GT,AA,TT,NN,AA,CC,GG,GG,GG,CC,NN,CC,TT,CT,AA,TT,AA,AG,CT,TT,CC,AC,GG,NN,AA,GG,CC,TT,AA,AC,GT,AA,AA,TT,AT,AA,TT,TT,CC,GG,TT,GT,AA,GT,CC,AA,GG,AA,TT,GG,TT,TT,GG,GG,GG,CC,AA,AG,AA,AT,CC,GT,AC,TT,CT,TT,TT,AG,TT,CC,TT,CC,CC,GG,AG,AA,TT,TT,CC,AA,GG,AA,CT,GG,TT,CC,TT,AC,AC,TT,CC,GG,CC,GG,CC,GT,CT,NN,CC,CC,CC,CC,AA,TT,CC,AA,CC,CT,AA,TT,AA,NN,CG,CT,CC,GG,AA,AA,AA,CC,GG,CC,CC,AA,AA,GG,GT,GG,AA,TT,CT,GG,AC,GT,NN,CT,CC,AT,TT,TT,AA,AT,GG,CG,AG,CT,CC,CC,GG,CC,AA,GG,AG,CC,TT,CC,GT,TT,CC,TT,AA,AA,TT,CC,GG,AA,AC,CG,GG,GG,AC,CG,TT,AA,AG,CG,GT,AA,CC,AA,AA,GT,TT,AT,AA,GG,GT,AT,GG,AT,TT,AA,GG,AA,CT,AA,TT,CC,TT,AA,AC,CT,GG,AA,CG,AG,CC,AT,CT,TT,GG,TT,AA,AA,AG,GG,NN,CC,GG,CC,GG,TT,AA,CC,TT,GG,CG,CG,AA,AG,CG,AT,CC,AA,AA,AC,CG,CC,TT,AA,GG,AA,AA,AA,AA,GG,AA,AG,AA,TT,GG,AA,AA,AA,AA,CT,AA,AA,GG,GG,CG,TT,AT,AA,TT,TT,TT,AA,TT,GG,GG,AA,2.7,Moderate,Low,Poor,Early
L0319,Coimbatore,Tamil Nadu,Kharif,Red Loamy,Rainfed,650,29.5,68,AC,TT,GG,AG,GG,CC,GG,TT,CC,CC,AA,CC,GG,AT,TT,GG,GG,TT,TT,AA,CC,GT,TT,CC,AT,CC,TT,AT,GG,AA,TT,CC,AA,CC,GG,CG,GG,CC,GG,CC,TT,CC,AA,GT,AA,GG,TT,TT,CC,AC,GT,AA,AG,GG,CT,TT,AA,AA,GG,AC,AA,TT,AT,AA,TT,TT,CC,GG,TT,GG,AA,GG,CC,AA,GG,CC,AT,GG,GT,TT,GG,GG,GG,CC,AA,GG,AA,AA,CC,GT,CC,TT,CT,TT,GT,GG,TT,CC,TT,CC,CC,CG,GG,AA,TT,TT,CG,AA,AA,AA,CT,GG,TT,CG,GT,AC,AA,TT,CG,GG,CC,GG,CT,GG,CT,AA,CC,CC,CC,CC,AA,GT,CC,AA,AC,CC,AA,TT,AA,AA,CG,CC,CC,GG,AA,AA,AA,CC,GG,CC,CC,AG,AA,GG,TT,GG,AA,TT,TT,GG,CC,TT,GT,CT,CC,AT,TT,TT,AA,TT,GG,CC,AA,CC,CC,CC,CG,CC,AA,GG,AG,CC,TT,CC,GT,TT,CG,AT,AA,AG,TT,AC,CG,AA,AC,CC,GG,GG,AC,GG,TT,AC,AA,CC,GG,AA,AC,AT,AT,GG,TT,TT,AA,GG,GT,AA,CC,TT,TT,AA,GG,AA,CT,AA,TT,CC,TT,AA,AC,TT,CC,GG,CC,AA,CC,TT,TT,GT,GG,TT,AA,AC,AG,GG,CC,CG,GG,CC,GG,AT,AA,CC,TT,GG,CG,CC,AT,GG,CC,AA,CC,AA,AA,AC,GG,AC,TT,AA,GG,AA,AA,AA,AA,GG,GG,AG,AG,AT,GG,AC,AG,CC,AA,CC,AA,AG,NN,GG,GG,GT,AA,AA,TT,TT,TT,AA,TT,GG,GG,AA,4.53,Moderate,Low,Premium,Early
L0320,Coimbatore,Tamil Nadu,Kharif,Red Loamy,Rainfed,650,29.5,68,AA,TT,GG,AA,GG,NN,GG,AA,NN,GG,AA,CC,CG,TT,TT,GT,GG,TT,TT,AG,CC,TT,GT,CC,NN,CC,GT,TT,GG,AA,NN,CC,AA,CC,GG,GG,GG,CC,GG,CC,GT,CT,AA,TT,AA,AG,TT,AT,CC,CC,GT,AT,AA,GG,CC,GT,AA,AA,GT,AC,AA,TT,AA,GG,CT,NN,CC,GG,TT,GG,AG,GG,CC,AA,GG,AC,AT,GG,TT,TT,GG,GG,GT,CC,AA,NN,AA,AT,CC,GG,CC,TT,CT,TT,GT,GG,TT,CC,TT,CT,TT,CC,GG,AA,TT,TT,CC,AA,GG,AA,CC,GG,TT,CC,GT,AA,AC,TT,CC,AG,CC,GG,CC,GG,CT,AA,CC,CC,CC,CC,AA,TT,AA,AA,CC,CC,AA,TT,AA,AA,GG,CT,CC,GG,AA,GG,AA,CC,GG,CC,CC,AA,AG,AG,GT,GG,CC,GT,CT,AG,AC,GG,TT,TT,CC,AT,GT,TT,AA,AT,CG,CC,AA,CC,CC,CC,CG,CC,AT,GG,AA,CC,TT,CC,GT,TT,GG,AT,AA,AA,GT,CC,CG,AA,CC,CC,GG,GG,AC,CC,TT,AC,AA,CC,GG,AA,AC,AA,AT,GG,GT,AT,AA,GG,GG,AA,CC,AT,TT,AA,GG,AG,TT,AA,TT,CG,TT,AC,CC,TT,GG,AG,CC,AA,NN,TT,CT,GT,GG,TT,CC,CC,AG,GG,CC,CC,GG,CG,GG,TT,AA,CC,TT,AG,CC,CC,AT,AG,CC,AA,CC,AA,AA,CC,CG,AC,TT,AA,GG,AA,AA,AA,AA,AG,AG,AG,AA,TT,GG,AA,AG,AA,AA,TT,AA,AA,GG,AG,GG,GT,AA,GG,TT,TT,TT,AG,TT,GG,CG,AA,1.4,Susceptible,Low,Poor,Early
L0321,Coimbatore,Tamil Nadu,Kharif,Red Loamy,Rainfed,650,29.5,68,AC,TT,GG,AA,GG,CG,GG,AT,CC,CG,AA,CC,CC,AT,TT,GG,CG,TT,TT,NN,CC,TT,GG,CC,TT,CC,GT,TT,GG,AA,TT,CT,AA,CC,GG,CG,GG,CC,GG,CC,TT,TT,AC,GT,AG,GG,CT,TT,CG,CC,GT,AA,AG,GG,CC,NN,AT,AC,NN,AA,AA,GT,TT,AA,CT,TT,CC,GG,TT,GT,AA,GG,CC,AA,GG,AC,AT,GG,TT,TT,GG,GG,GG,CC,AA,GG,AA,AA,CC,GT,CC,TT,CT,NN,TT,GG,TT,CC,TT,CC,CC,GG,AA,AA,AT,TT,CC,AA,AG,AA,CC,GG,TT,CC,TT,AA,AA,TT,CC,AG,CG,GG,CC,GG,TT,AG,CC,CC,CC,CC,AA,TT,CC,AA,CC,CC,AA,TT,AG,AT,GG,CT,CC,GG,AA,AA,AA,AC,GG,CC,CC,NN,AA,AG,TT,GG,AC,TT,TT,GG,CC,GG,NN,TT,CG,AT,TT,CT,AT,AT,CG,CG,GG,CC,CC,CC,GG,CC,AA,GG,AG,CC,TT,CC,GT,TT,GG,TT,AA,AA,TT,CC,GG,AA,AC,CC,GG,GG,AC,GG,TT,AC,AA,CC,GG,AT,CC,AA,AA,GT,TT,AA,AA,NN,GT,AA,CC,TT,GT,AA,GG,AA,TT,AA,TT,CC,CT,AC,CC,TT,CG,AG,CC,GG,CC,TT,CT,TT,GG,TT,AA,CC,AA,GG,CC,CC,GG,CC,GG,TT,GG,CC,GT,GG,CG,CC,AA,AG,CC,AT,CC,AA,AA,AC,CC,AC,TT,AG,GG,AA,CC,AA,AA,AG,AA,AA,AA,TT,GG,AA,AG,AC,AA,CT,AA,AA,GG,AG,GG,TT,AA,AA,TT,TT,TT,AG,TT,GG,GG,AA,3.79,Susceptible,Medium,Premium,Early
L0322,Coimbatore,Tamil Nadu,Kharif,Red Loamy,Rainfed,650,29.5,68,AA,CT,GG,AG,GG,CC,GT,TT,CC,CG,TT,CT,CC,TT,TT,GT,CG,TT,TT,AA,CC,TT,GT,CC,TT,CT,TT,TT,GG,AA,TT,CT,AG,CC,GG,GG,GG,CC,GG,CC,TT,TT,AA,TT,AA,GG,TT,AT,CC,AC,GG,AA,AA,GG,CT,TT,AA,AA,GT,AA,AA,TT,AT,AA,CT,TT,CC,GG,TT,GG,AG,GG,CC,AA,GG,AC,AA,GG,TT,TT,GG,TT,GG,CC,AA,GG,AA,AA,CC,GT,CC,TT,CC,TT,GT,GG,CC,CC,TT,CC,CC,CG,GG,AA,AT,TT,CC,AA,AA,AA,CC,GG,TT,CG,NN,AA,AA,TT,CC,GG,CC,GG,CC,GG,TT,AA,CC,CC,CC,CC,AA,TT,CC,AA,CC,CC,AA,TT,AA,AA,CG,CT,CC,GG,AG,AG,AA,CC,GG,CC,CC,AA,AA,GG,TT,NN,AC,TT,CT,AG,CC,TT,GT,TT,CC,AT,TT,TT,AA,AT,GG,CC,AG,CC,CC,CC,GG,CC,AA,GG,AG,CC,TT,CC,GT,GT,CC,AT,AA,AG,TT,NN,GG,AA,AC,CC,GG,AG,AC,GG,TT,AC,AA,CC,GT,AA,CC,AA,AA,GG,GT,TT,AA,CG,GT,AA,CC,AT,TT,AA,GG,AG,TT,AC,TT,CC,TT,AC,CC,CT,CC,AA,CC,AG,CC,TT,TT,GT,GG,TT,AA,AC,GG,GG,CC,CC,GG,CC,GG,AT,AA,CG,TT,GG,CC,CG,AA,AG,CC,AA,CG,AT,AA,CC,CC,CC,NN,AA,GG,NN,AA,AC,AA,GG,AG,AG,AG,TT,GG,AA,AG,NN,AA,TT,AA,AG,GG,GG,GG,TT,AA,AA,TT,TT,TT,AA,TT,GG,GG,AA,5.05,Susceptible,Medium,Premium,Early
L0323,Coimbatore,Tamil Nadu,Kharif,Red Loamy,Rainfed,650,29.5,68,AA,TT,GG,AG,GG,CC,GT,TT,CC,CG,AT,CC,CC,AT,TT,GG,GG,TT,TT,AG,CC,TT,TT,CC,TT,CC,TT,AT,GG,AA,TT,CC,AA,CC,GG,CG,GG,CC,GG,CC,TT,CT,AA,GT,AA,AG,TT,TT,CC,CC,NN,AA,AA,GG,NN,TT,AA,AA,GT,AA,AG,GT,AT,GG,CT,TT,CC,GG,TT,GG,AA,GG,CC,AA,GG,AA,AA,GG,TT,TT,GG,GG,GG,CC,AT,GG,AA,AT,CC,TT,AC,TT,CC,TT,GG,GG,TT,CC,GT,CC,CT,CC,GG,AA,TT,TT,CC,AA,AG,AA,CC,GG,TT,CG,TT,AA,AA,TT,CG,AG,CC,GG,CC,GG,CT,AA,CC,CC,CC,CC,AG,TT,CC,AA,CC,CC,AA,AA,AA,AA,GG,CC,CC,GG,AG,AA,AT,AC,TT,CC,CC,AA,NN,GG,TT,GG,AA,GT,TT,GG,CC,GT,GT,TT,CC,AA,TT,TT,AA,AT,GG,CC,AA,CC,CC,AC,GG,CC,AA,GG,AA,CC,TT,CG,GG,GT,CG,AT,AA,AG,TT,CC,GG,AA,CC,CG,GG,GG,AC,GG,TT,AC,AG,CC,GG,AA,CC,AA,AT,GG,TT,AT,TT,CG,TT,AT,CC,TT,GT,AA,GG,AA,TT,AA,TT,CC,TT,AA,NN,TT,CG,AG,CG,GG,CC,TT,NN,GT,GG,TT,AA,CC,AG,GG,CC,CC,CG,CC,GG,TT,AA,NN,TT,GG,CC,CC,AA,AG,CC,AT,CC,AA,AA,CC,CC,AA,TT,AA,CG,AA,AA,AC,AA,AG,AG,AA,AA,TT,GG,AC,AG,AC,CC,CT,AA,AA,CG,GG,GG,TT,AA,AA,GT,TT,TT,AG,AT,GG,GG,AA,3.25,Susceptible,Low,Premium,Early
L0324,Coimbatore,Tamil Nadu,Kharif,Red Loamy,Rainfed,650,29.5,68,AC,TT,GG,AG,GG,CC,GG,AT,CC,CC,AA,CC,CC,TT,TT,GG,CG,TT,TT,AA,CC,GT,TT,CC,TT,CC,TT,TT,GG,AA,CT,CC,AA,CC,GG,GG,GG,CC,GG,CC,TT,CT,AA,TT,GG,GG,CT,TT,CG,AA,GG,AA,AA,GG,CT,TT,AA,AC,GT,NN,AG,GT,AT,AA,CT,TT,CC,GG,TT,TT,AG,GT,CC,AA,GG,AA,AA,GG,TT,TT,GG,GT,GG,CC,NN,AG,AA,AA,CC,GT,CC,TT,CC,TT,TT,GG,TT,AC,GT,CC,CC,CC,GG,AA,TT,TT,CC,AA,AA,AA,CC,GG,TT,GG,TT,AC,AC,TT,CC,GG,CC,GG,CC,GT,CT,AA,CC,CC,CC,CC,AA,TT,CC,AA,CC,CC,AA,TT,AG,AA,GG,CC,CC,GG,AA,AG,AA,CC,GG,CC,CC,AA,AG,GG,TT,AG,CC,TT,CT,GG,AC,GT,TT,TT,CG,AT,GT,CC,AA,TT,GG,CC,AA,CT,CC,CC,CG,AC,AA,GG,GG,CC,TT,CG,GG,GT,GG,AT,AA,AA,TT,CC,GG,AA,CC,CG,CG,GG,AA,GG,TT,AC,AA,CC,GG,AA,AC,AA,AA,GT,NN,TT,AA,GG,GT,AT,CC,TT,GG,AA,GG,AA,NN,NN,TT,CG,NN,AA,CC,NN,GG,AG,CC,AA,CC,TT,TT,TT,GG,TT,AA,AC,AA,GG,CC,CG,GG,CG,GG,AT,AA,CC,TT,GG,CC,CG,AA,AG,CC,AA,CC,AA,AA,CC,CG,CC,TT,AA,CG,AA,AA,AA,AA,GG,AA,AA,AA,TT,GG,CC,AG,CC,AA,CC,AA,AA,GG,GG,GG,TT,AA,AA,TT,TT,TT,AA,TT,GG,CG,AA,3.0,Moderate,Low,Standard,Late
L0325,Coimbatore,Tamil Nadu,Kharif,Red Loamy,Rainfed,650,29.5,68,AA,TT,AG,AG,CG,CC,GT,AT,CC,CG,AA,CC,CG,TT,GG,GG,GG,TT,TT,AA,CC,TT,TT,NN,TT,CC,TT,TT,GG,AA,CC,CC,AA,CC,GG,GG,GG,CG,NN,CC,TT,TT,AC,TT,AA,NN,TT,AT,CC,NN,GG,AT,AA,GG,CC,GG,AA,AA,GT,CC,AA,TT,AA,AA,CT,TT,CC,GG,TT,GT,AA,GG,AC,AA,NN,AC,AT,GG,TT,TT,GG,GG,GG,CC,AA,GG,AA,AT,CC,GT,CC,TT,TT,TT,GT,GG,TT,CC,TT,CC,CC,CC,GG,AA,TT,TT,CC,NN,AG,AA,CC,GG,TT,CC,TT,AA,NN,TT,CC,AG,CC,GG,CC,GG,CT,AA,CC,CC,CC,CC,AA,TT,CC,AA,CC,CC,AG,AT,AA,AA,GG,CC,CC,GG,AA,GG,AA,CC,GT,CC,CG,AA,AA,GG,TT,GG,AA,TT,TT,GG,AC,TT,GT,CT,CG,TT,TT,CT,AA,AT,GG,CG,AG,CT,CC,CC,GG,CC,AA,GG,AG,CC,TT,CC,GG,GT,GG,AA,AG,AA,TT,CC,CG,AA,CC,CC,GG,GG,AA,CG,TT,AA,AA,CC,GG,AT,CC,AA,AT,GT,TT,AT,AA,CG,GG,AA,CC,AT,GT,AA,GG,AA,TT,AA,TT,GG,TT,AA,CC,TT,CG,AG,CG,GG,CC,TT,TT,TT,GG,TT,AA,AC,AG,NN,CG,GG,GG,CC,GG,TT,AA,CC,TT,GG,CC,CC,AA,GG,CC,NN,CC,AA,GG,CC,CC,AC,TT,AA,GG,AA,AC,AA,AA,GG,NN,AA,AA,AT,GG,AA,GG,AA,AA,TT,AA,AA,GG,GG,GG,GT,AA,AG,TT,TT,TT,AA,AT,GG,GG,AA,2.66,Moderate,Low,Poor,Early
L0326,Coimbatore,Tamil Nadu,Kharif,Red Loamy,Rainfed,650,29.5,68,AC,TT,GG,GG,CG,CG,GG,TT,CC,CG,AA,CT,CG,AT,TT,GG,CG,TT,TT,AA,CC,GT,GG,CT,TT,CC,GT,TT,GG,AA,TT,CC,AA,CC,GG,GG,GG,CG,GG,CC,TT,TT,AA,GG,AG,AG,TT,TT,CC,AC,GG,AA,AG,GG,CT,GT,AA,AC,GT,NN,AG,TT,TT,AA,TT,AT,CC,GG,TT,GG,AA,GG,CC,AA,GG,AC,AA,GG,TT,TT,GG,GT,GG,CC,AA,GG,AA,AA,CC,TT,CC,TT,CT,TT,GT,GG,TT,CC,TT,CC,CC,CG,GG,AA,TT,GT,CC,AA,AA,AC,CC,GG,TT,CC,TT,AA,AA,TT,CC,AG,CC,GG,CT,GT,TT,AA,CC,CC,CC,CC,AA,GT,AC,AC,CC,CC,AA,TT,AA,AT,GG,CC,CC,GG,AA,AA,AA,CC,GG,CC,CC,AA,AA,GG,TT,GG,AC,TT,TT,GG,AC,TT,GT,TT,CC,AA,TT,CT,AA,TT,GG,CC,AA,CC,CC,CC,CG,CC,AA,GG,AG,CC,TT,CC,GT,TT,CG,AT,AG,AA,TT,CC,GG,AA,AC,CC,GG,GG,AA,GG,TT,AC,AA,CC,GG,AA,CC,AT,AT,GG,TT,AT,AT,GG,GG,AT,CG,AT,TT,AA,GG,AA,CT,AA,TT,CC,TT,AC,CC,TT,GG,AA,CC,AG,CC,TT,CT,GT,GG,AT,AA,AC,AG,NN,CC,CG,GG,CC,GG,AT,AA,CC,TT,GG,CC,CC,AT,GG,CC,AA,CC,AA,AA,AC,CG,NN,NN,AA,CG,AA,AA,AC,AA,AG,AA,AG,AA,TT,GG,AC,AA,AC,AA,CC,NN,AA,NN,GG,GG,TT,AA,AA,GG,TT,TT,AA,NN,GG,GG,AA,3.16,Susceptible,Medium,Standard,Medium
L0327,Coimbatore,Tamil Nadu,Kharif,Red Loamy,Rainfed,650,29.5,68,AA,TT,GG,AG,CG,CG,GG,AA,CC,GG,AA,CC,CC,AT,TT,GG,CG,TT,TT,GG,CC,TT,TT,CC,TT,CT,TT,AT,GG,AA,TT,NN,AA,CC,GG,GG,GG,CC,GG,CC,TT,CT,AA,GT,AA,AG,TT,AT,CC,AA,GT,AA,AA,GG,CC,TT,AA,AA,GT,AA,AA,TT,AT,AG,TT,TT,CC,GG,TT,GG,AA,GG,AC,AA,GG,AA,AT,GG,GT,TT,AG,GT,GG,NN,TT,GG,AA,AA,CG,GG,AC,TT,CT,TT,GT,AG,TT,CC,TT,CT,CC,GG,AG,AA,AT,TT,CC,AA,AA,AA,CT,GT,TT,CG,TT,AA,AA,TT,CC,AG,CC,AG,CC,GT,CT,AG,CC,CC,CC,CC,AA,TT,CC,AA,CC,CC,AA,TT,AG,AA,GG,CC,CC,GG,AA,AG,AT,CC,GG,CC,CC,AA,AG,GG,TT,AG,AA,TT,TT,GG,AC,NN,TT,TT,CG,AA,TT,TT,AT,TT,GG,CC,AG,NN,CC,CC,CG,CC,AA,GG,AG,CC,TT,CC,GG,TT,GG,AT,AA,AA,TT,CC,GG,AA,CC,CC,GG,GG,AA,GG,TT,AC,AA,CG,GG,AA,AC,NN,AT,GG,TT,TT,AA,GG,GG,AT,CG,TT,TT,AA,GG,AA,TT,AA,TT,CC,CC,AA,CC,TT,GG,AA,CC,AG,CC,TT,CT,TT,GG,TT,CC,CC,AA,GG,CC,CG,GG,CC,GG,TT,AA,CG,GT,GG,CC,CC,AT,AG,CG,AT,CC,AT,AA,CC,CG,AA,TT,AA,GG,AA,AA,CC,AC,GG,AG,AA,AA,TT,GG,AC,AG,CC,NN,CT,AA,AA,GG,AG,GG,TT,AA,AA,GT,TT,TT,AG,AT,GG,CG,AA,3.33,Susceptible,Low,Poor,Late
L0328,Coimbatore,Tamil Nadu,Kharif,Red Loamy,Rainfed,650,29.5,68,AA,TT,GG,GG,GG,CC,GT,AT,CC,GG,AA,CC,CG,AT,GT,GG,GG,TT,TT,AA,CG,GT,GT,CT,TT,CC,TT,TT,GG,AA,CT,CC,AA,CC,GG,GG,GG,CG,GG,CC,TT,CT,AA,TT,AA,AG,TT,AT,CC,CC,GG,AT,AA,GG,CC,GT,AA,AC,TT,AA,AA,TT,TT,GG,TT,TT,CC,GG,TT,GG,AA,GG,CC,AA,GG,AC,AT,GG,TT,TT,GG,GG,GT,CC,AA,GG,AA,AT,CG,GT,CC,TT,CC,NN,TT,GG,CT,CC,GT,CC,CC,CC,AG,AA,TT,TT,CC,AA,GG,AA,TT,GG,TT,CC,GT,AA,AA,TT,CC,AG,CC,AG,CC,GG,CT,AA,CT,CC,CC,CG,AA,TT,AC,AA,CC,CT,AA,TT,AG,AA,CG,CT,CC,GG,AA,AA,AT,CC,GG,CC,CC,AA,AG,AG,TT,GG,AA,TT,TT,GG,CC,TT,TT,CT,CC,AT,GT,TT,AA,TT,GG,CC,AG,TT,CC,CC,GG,AC,AA,GG,AA,CC,TT,CG,GT,GT,GG,AA,AA,AA,TT,AC,GG,AA,AC,CC,GG,GG,AA,GG,TT,NN,AA,CC,GG,AT,CC,AA,AA,GG,TT,TT,AT,GG,TT,AT,CG,TT,TT,AA,GG,AA,CT,AA,TT,CC,TT,AA,CC,TT,GG,AG,CC,GG,CC,TT,TT,TT,GG,TT,AA,CC,AG,GG,CC,CG,GG,CC,GG,AA,AA,CC,TT,GG,CC,CC,AA,GG,CC,AA,CG,AA,AA,CC,CC,CC,TT,AA,GG,AA,NN,AC,AA,AA,AG,AA,AA,TT,GG,AC,AA,AC,AC,TT,AA,AA,GG,GG,GG,TT,AA,AA,GT,TT,TT,GG,AT,GG,GG,AA,4.67,Susceptible,High,Poor,Early
L0329,Coimbatore,Tamil Nadu,Kharif,Red Loamy,Rainfed,650,29.5,68,NN,TT,AG,AG,CG,CC,GG,NN,CG,CG,AA,CC,CC,AT,TT,GT,CG,TT,TT,AA,CG,GT,TT,CC,TT,CC,TT,TT,GT,AA,TT,CC,AA,CC,GG,GG,NN,GG,GG,CC,TT,CT,AA,TT,AA,AG,TT,TT,CC,AC,GG,AA,AA,GG,CC,TT,AA,AC,GG,AC,AG,TT,AT,AG,CT,TT,CC,GG,TT,GG,AA,GG,CC,AA,GG,AC,AA,GG,TT,TT,GG,GG,GT,CC,AA,GG,AA,AA,CC,TT,CC,TT,CT,TT,TT,GG,TT,CC,GT,CC,CC,CG,GG,AA,TT,TT,CC,AA,AG,AC,CT,GG,TT,CG,TT,AA,AA,TT,CC,GG,CC,GG,CC,GG,TT,GG,CC,NN,CC,CC,AA,TT,CC,AA,CC,CC,AA,AT,AA,AT,GG,CC,CC,GG,AA,AG,AA,CC,GT,CC,CC,AG,AA,GG,TT,GG,AA,TT,CC,GG,AC,TT,GT,TT,CC,AA,TT,TT,AT,TT,GG,CC,AA,CT,CC,CC,CG,CC,AA,GG,AA,CC,TT,CC,GG,TT,GG,TT,AA,AA,TT,CC,CG,AA,CC,CC,GG,AG,AA,GG,NN,AA,AA,CC,GG,AA,AC,AA,AT,GG,GT,TT,AT,GG,TT,AA,CG,TT,TT,AA,GG,AG,TT,AA,TT,CC,TT,AA,CC,NN,GG,AA,CG,AG,NN,TT,TT,TT,GG,TT,AC,CC,AA,GT,CC,CC,GG,CC,GG,TT,AA,CG,GT,GG,CC,CC,AA,GG,CG,AT,CC,AA,AA,AA,CG,AC,TT,AA,GG,AA,AC,AC,AA,AG,GG,AA,AA,TT,GG,AC,AG,AC,CC,CT,AA,AA,GG,GG,GG,TT,AA,AG,GT,TT,TT,AA,AA,GG,GG,AA,2.56,Susceptible,Medium,Standard,Early
L0330,Coimbatore,Tamil Nadu,Kharif,Red Loamy,Rainfed,650,29.5,68,AC,TT,AG,AG,GG,CC,GG,AT,CC,CC,AA,CC,CG,AT,GT,GG,CG,TT,TT,AA,CC,TT,TT,CC,TT,CC,TT,TT,GG,AA,TT,CT,AA,CC,GG,GG,GG,CG,GG,CC,TT,TT,AC,GG,AG,AG,TT,TT,CC,AC,NN,AA,AA,GG,CC,GT,AA,AA,GT,NN,AA,TT,TT,GG,TT,AT,CC,GG,TT,GG,GG,GG,CC,AA,GG,AA,AT,GG,TT,TT,GG,GG,GG,CC,AA,GG,AA,AT,CC,TT,CC,TT,CC,TT,TT,AG,TT,CC,NN,CC,CC,CG,AG,AA,AT,TT,CG,AA,AA,AA,CC,GG,TT,CC,TT,AC,AA,TT,CG,AG,CC,GG,CC,GT,CC,AA,CC,CC,CC,CC,AA,TT,AC,AA,CC,CT,AA,TT,AA,AA,GG,CT,CG,NN,AA,AG,AA,CC,GG,CC,CC,AA,AA,AG,TT,AG,AC,TT,CT,GG,AC,GT,TT,TT,CC,AA,GT,TT,AA,AT,GG,CC,AG,CT,AC,CC,CG,CC,AA,GG,AG,CC,TT,CC,GG,TT,GG,TT,AA,AA,TT,AC,CG,AA,CC,CC,GG,GG,AC,GG,TT,CC,AG,CC,GG,AA,AA,AA,AT,GG,TT,AT,AA,GG,GG,AA,CC,NN,TT,AA,GG,AA,CT,AA,TT,CC,TT,AC,AC,TT,GG,AG,CC,AG,CC,TT,CT,GT,GG,TT,AA,AC,AA,GG,CG,CC,GG,CC,GG,AT,AA,CC,TT,GG,CC,CC,AA,AG,CC,AA,CC,AA,AA,AC,CC,CC,AT,AA,GG,AT,AA,AA,AA,GG,AA,AG,AA,TT,GG,AC,AA,NN,AC,CT,AA,AA,GG,GG,CG,GT,AA,AA,TT,TT,TT,AG,TT,GG,GG,AA,2.73,Susceptible,Low,Poor,Late
L0331,Coimbatore,Tamil Nadu,Kharif,Red Loamy,Rainfed,650,29.5,68,AA,TT,AG,AG,CG,CC,GG,TT,CC,CG,AA,CC,CC,AT,GG,GG,CG,TT,TT,AA,CC,TT,TT,CC,TT,CC,TT,NN,NN,NN,TT,CC,AA,CC,GG,CG,NN,CG,GG,CC,TT,CC,AA,TT,AG,GG,CT,TT,CC,CC,GT,AA,AA,GG,CC,TT,AA,AA,NN,AA,AA,GT,TT,AA,TT,TT,CC,GG,TT,GG,AA,GG,CC,AA,AA,AC,AT,GG,TT,TT,GG,GG,GG,CC,AT,GG,AA,AA,CC,GG,AC,TT,CT,TT,TT,GG,CT,CC,TT,CC,CT,CC,AG,AA,TT,TT,CG,AA,AG,AC,CC,GG,GT,CC,TT,AC,AC,NN,CC,GG,CC,GG,CC,GT,CT,AG,CC,CC,CC,CC,AA,TT,CC,AA,AC,CC,AA,TT,AG,AA,GG,CC,CC,GG,AA,AG,AA,NN,GT,CC,CC,AG,AA,AG,TT,GG,AA,TT,TT,GG,CC,GG,GT,CT,CG,AA,TT,TT,AA,TT,GG,CC,AG,CC,CC,CC,CG,CC,AA,GG,AA,CC,TT,CC,GT,GT,GG,AT,AA,AA,TT,AC,GG,AA,CC,CC,GG,GG,AA,GG,TT,AC,AG,CC,GT,AA,CC,AT,TT,GT,TT,TT,AA,GG,GG,AT,CC,AT,TT,AA,GG,AA,TT,AA,TT,CC,TT,AA,CC,TT,GG,AA,CC,GG,AC,TT,CT,TT,GG,TT,AA,AC,AG,GG,CC,CC,GG,CC,GG,AA,AA,CC,GT,GG,CG,CG,AA,GG,CG,AA,CC,AT,AA,AA,CC,AA,TT,AA,GG,AA,AA,AA,AC,GG,AA,AA,AA,TT,GG,AA,AA,AC,AA,TT,AA,AG,GG,GG,CG,TT,TT,AA,TT,TT,TT,NN,AA,GG,NN,AC,5.7,Moderate,Low,Premium,Late
L0332,Coimbatore,Tamil Nadu,Kharif,Red Loamy,Rainfed,650,29.5,68,AC,TT,GG,AG,GG,CC,GG,AT,CC,CC,AT,CC,CC,TT,GT,GT,CG,NN,TT,AG,CC,TT,TT,CT,TT,CC,TT,AT,GG,AA,TT,CT,AA,CC,GG,CG,GG,CC,GG,CC,TT,CT,AA,TT,AA,GG,TT,TT,CC,CC,TT,AT,AA,GG,CC,TT,AA,AA,GT,AA,AA,TT,AT,AG,TT,TT,CC,GT,CT,GG,AA,GG,CC,AG,GG,AA,AT,GG,GT,TT,GG,GG,GG,CC,AA,GG,AA,AA,CC,TT,AC,TT,CT,TT,GT,GG,CT,CC,GT,CC,TT,CG,NN,AA,TT,TT,CC,AA,AA,AA,CT,GG,TT,CC,TT,AA,AA,TT,CC,AG,CG,NN,TT,GT,TT,AG,TT,CC,AC,CC,AG,TT,CC,AA,CC,CC,AG,TT,AA,AT,CG,CC,CC,GG,AA,GG,AT,CC,GG,CG,CC,AA,AA,AG,TT,GG,NN,TT,CT,GG,CC,GT,TT,TT,CC,AA,TT,NN,AA,TT,GG,CC,AG,CT,CC,CC,GG,CC,AA,GG,AA,CC,TT,CC,GG,TT,CG,AT,AG,AA,TT,AC,GG,AC,CC,CC,GG,GG,AC,NN,TT,CC,AA,CG,GG,AT,AC,AT,AT,GG,GT,AT,AA,GG,GT,AA,CG,AT,GT,AA,GG,AA,CT,AA,TT,CC,TT,AA,CC,CT,CG,AA,CC,AA,AC,TT,TT,TT,GG,TT,AC,CC,AA,GG,CC,CC,GG,CG,GG,AT,AA,CG,GT,GG,CC,CG,AA,GG,CG,AT,CC,AA,AA,AC,CC,AC,AT,AA,GG,AA,AA,AA,AA,GG,AA,AG,AA,TT,GG,AC,AG,CC,AA,CT,AA,AA,GG,GG,CG,TT,AA,AG,TT,TT,TT,GG,AA,GG,GG,AA,3.37,Moderate,High,Premium,Medium
L0333,Coimbatore,Tamil Nadu,Kharif,Red Loamy,Rainfed,650,29.5,68,AA,CT,GG,AA,GG,CC,GT,AT,CC,CG,AA,CC,CG,TT,GG,GG,GG,TT,TT,AA,CC,GT,GT,CT,TT,CC,TT,TT,GG,NN,TT,CT,AA,AC,GG,CG,GG,CC,GG,CC,TT,CT,AC,TT,AG,GG,TT,AT,CG,AA,NN,AA,AA,CG,CT,TT,AA,CC,GG,AA,AA,TT,TT,AG,TT,AA,CC,GT,TT,GT,AA,GG,CC,AG,AG,AA,AA,GG,TT,TT,GG,GT,GG,CC,AA,GG,AA,AA,CC,GT,AC,NN,CT,TT,TT,GG,TT,CC,GG,CC,CC,CG,AG,AA,TT,TT,CG,AA,GG,AA,CC,GG,TT,CG,TT,AA,AA,TT,CG,GG,CC,GG,CC,GT,CC,AA,CC,CC,AC,CC,AA,TT,AC,AA,CC,CC,AG,TT,AA,AA,GG,CC,CC,GG,AA,GG,AA,CC,GG,CC,CC,AG,AA,GG,TT,AG,AC,GT,TT,AG,AC,GT,TT,CC,CG,AA,TT,TT,AA,TT,GG,CC,AG,CT,CC,CC,CG,CC,AA,GG,GG,CC,TT,CG,GG,TT,CG,AT,NN,AA,GT,CC,GG,AA,CC,CC,GG,GG,AA,GG,TT,AC,AA,CG,GT,AA,CC,NN,TT,GG,TT,TT,AA,GG,GT,AA,CG,TT,GT,AA,GG,AA,TT,AC,TT,CC,CC,AA,CC,TT,CG,AG,CC,AG,AC,AT,TT,GT,NN,TT,AA,CC,AA,GG,CC,CG,GG,CG,GG,AT,AA,CC,TT,GG,CC,CC,AT,GG,CC,AT,CC,AT,AA,AA,CC,AA,TT,AA,NN,AA,AC,CC,AC,AA,AG,AG,AA,TT,GG,AA,AG,AC,AC,TT,AA,AA,GG,GG,GG,GT,AT,AG,GT,TT,TT,AA,TT,NN,GG,AA,2.72,Susceptible,Low,Standard,Late
L0334,Coimbatore,Tamil Nadu,Kharif,Red Loamy,Rainfed,650,29.5,68,AC,TT,GG,AG,CG,CC,TT,TT,CC,CG,AA,CC,CG,AT,TT,GG,NN,TT,TT,AG,CC,GT,GT,CC,TT,CC,TT,TT,GG,AA,TT,CT,AG,CC,GG,CG,GG,GG,GG,CC,TT,TT,AA,TT,AG,GG,TT,TT,CC,AC,GG,AA,AG,GG,CC,TT,AA,AC,GT,AC,AA,GT,TT,AA,CT,TT,CC,GG,TT,GG,AA,TT,CC,AA,AG,AA,AA,GG,TT,TT,GG,GG,GT,CC,AA,GG,AA,AA,CC,TT,CC,TT,CC,TT,TT,GG,TT,AC,GG,CC,CT,CG,AA,AA,NN,TT,CC,AA,AA,AC,TT,GG,TT,CC,TT,CC,AA,TT,CG,AG,CG,GG,CC,GG,TT,AA,CC,CC,CC,CC,AG,GT,CC,AA,CC,CC,AA,TT,AA,AA,GG,CC,CC,GG,AA,AA,NN,CC,GG,CC,CC,AA,AG,GG,TT,GG,AA,TT,TT,GG,AC,GT,TT,CT,CC,AT,TT,TT,AA,TT,GG,CC,AG,CC,CC,CC,GG,CC,AA,AG,GG,CC,TT,CC,GT,TT,GG,AA,AA,AA,TT,CC,GG,AA,CC,CG,GG,GG,CC,NN,TT,CC,AA,CC,GG,AA,CC,AA,AA,GG,TT,TT,AT,GG,GT,AT,CC,AT,TT,AA,GG,AA,TT,AA,TT,CC,TT,CC,CC,CT,GG,AG,CG,AG,CC,TT,TT,GT,GG,TT,AA,AC,AA,GG,CC,CC,GG,CC,GG,AT,AA,CC,GT,GG,CC,CC,AA,GG,CG,AT,CC,AA,AA,AC,CC,CC,TT,AA,CG,AA,AA,AA,AA,AA,AG,AA,AA,AT,GG,AA,AG,AA,AC,TT,AA,AA,GG,GG,GG,TT,AA,AG,TT,TT,TT,AG,AT,NN,GG,NN,3.54,Susceptible,Low,Standard,Early
L0335,Coimbatore,Tamil Nadu,Kharif,Red Loamy,Rainfed,650,29.5,68,AC,TT,AG,AA,GG,CG,GG,TT,CC,GG,AA,CC,CG,TT,TT,GT,CG,TT,TT,AG,CC,TT,GT,CC,TT,CC,GT,TT,GT,AA,TT,TT,AA,CC,GG,CC,GG,GG,GG,CC,TT,TT,AA,TT,AA,GG,TT,TT,CC,CC,GT,TT,AA,CG,CC,GG,AA,AC,GG,AA,AA,TT,TT,NN,TT,AA,CC,GG,TT,GG,AA,GG,CC,AG,GG,AA,AT,AG,GG,TT,GG,GG,GT,CC,AT,GG,AA,AA,CC,GT,CC,TT,CC,TT,TT,AG,CT,CC,TT,CT,CC,CC,AG,AA,TT,TT,CC,NN,AG,AA,CC,GG,TT,CC,GT,AA,AA,TT,CC,GG,CC,GG,CT,GG,TT,AA,CT,CC,CC,CC,AA,GT,CC,AA,CC,CT,AA,TT,AA,AA,GG,CC,CC,GG,AG,AA,AA,CC,GG,CC,CC,AA,AA,GG,TT,GG,AA,TT,TT,GG,CC,GT,TT,TT,CC,AT,GT,TT,AA,TT,CG,CC,AA,CT,CC,CC,GG,CC,AA,GG,AG,CC,TT,CC,GT,TT,CG,AT,AA,AA,TT,AC,GG,AA,CC,CC,GG,AG,AC,GG,TT,AC,AA,CC,GG,AA,CC,AA,TT,GG,TT,AT,AA,CG,GT,AT,CC,AT,TT,AA,GG,AA,CT,AA,TT,CC,CT,AA,CC,TT,GG,AA,CC,AG,CC,TT,TT,TT,GG,TT,AA,AA,AA,GG,CC,GG,GG,CC,GG,NN,AA,CG,GT,GG,CG,CC,AA,AA,CC,TT,CC,AA,AA,AA,CC,CC,TT,AG,CG,AA,AA,AC,AA,AG,GG,AG,AA,TT,GG,AC,AG,AC,AC,CT,AA,AA,GG,AG,GG,TT,AA,AA,TT,TT,TT,AG,TT,GG,GG,AA,6.25,Susceptible,High,Premium,Late
L0336,Coimbatore,Tamil Nadu,Kharif,Red Loamy,Rainfed,650,29.5,68,AA,CT,GG,AA,GG,CC,NN,TT,CC,CC,AA,NN,CC,AT,GT,GT,GG,TT,TT,GG,CC,GG,GT,CT,TT,CC,TT,TT,GT,AA,TT,CC,AA,CC,GG,GG,GT,CC,GG,CC,TT,TT,AA,GT,AA,GG,TT,TT,CC,AC,NN,AA,AG,GG,CC,TT,AA,CC,GT,AA,NN,TT,TT,AA,CT,TT,CC,GT,TT,GT,AA,GG,CC,AG,GG,AC,AT,GG,TT,TT,GG,GG,GT,CC,AT,GG,AA,AA,CC,TT,CC,TT,CC,TT,GG,GG,TT,AC,TT,CC,CC,GG,AG,AG,AT,GT,CC,AG,AA,AA,CC,GG,TT,CG,TT,AA,AA,TT,CG,GG,CG,GG,CC,GG,TT,AG,CC,CC,CC,CC,AA,TT,CC,AA,CC,NN,AA,TT,AA,AA,GG,CC,CC,GG,AG,AA,AA,CC,GG,CC,CG,AA,AA,NN,GT,GG,AA,TT,TT,GG,CC,TT,GT,CT,CG,AA,TT,TT,AA,TT,CG,CC,AA,CT,CC,CC,CG,CC,AA,GG,AA,CC,TT,CC,GG,TT,GG,TT,AA,AG,GT,CC,GG,AA,AC,CC,GG,GG,AA,GG,TT,AA,AG,CC,GG,AA,CC,AA,AA,TT,TT,TT,AT,CC,GT,AA,CG,TT,GT,AA,GG,AA,TT,AA,TT,CG,CT,AC,CC,TT,GG,AG,CG,AG,CC,TT,TT,TT,GG,TT,AA,AC,AG,GG,CC,GG,GG,CG,GG,AT,AA,CC,GG,GG,CC,CC,AA,AG,CG,AA,CC,AA,AG,CC,CC,AA,TT,AA,GG,AA,AA,AA,AA,AG,AA,AA,AA,TT,GG,AC,AG,CC,AC,CT,AA,AA,GG,GG,GG,TT,AA,AA,GT,TT,TT,AA,TT,NN,GG,NN,4.38,Susceptible,High,Premium,Medium
L0337,Coimbatore,Tamil Nadu,Kharif,Red Loamy,Rainfed,650,29.5,68,AC,TT,GG,AG,GG,CC,GG,AT,CC,CC,AA,CC,CG,TT,GT,GG,CC,TT,TT,AG,CC,GT,TT,CC,TT,CC,TT,TT,GG,AA,TT,CC,AA,CC,NN,NN,GG,CC,GG,CC,TT,TT,AC,TT,AA,GG,TT,AT,CC,AA,GG,AA,AA,GG,CC,TT,AT,AA,GT,AC,AA,TT,AT,AG,TT,TT,CC,GG,TT,GG,AA,NN,CC,AA,AG,AA,AT,GG,TT,TT,GG,GG,GG,CC,AA,GG,NN,AA,CC,GT,CC,TT,CT,TT,TT,GG,TT,CC,TT,CC,CT,CC,GG,AA,TT,TT,CC,AA,AG,AC,CT,GG,TT,CC,TT,AA,AA,TT,CG,GG,CC,GG,CC,GT,TT,AG,CC,CC,CC,CC,AG,TT,CC,AA,CC,CT,AA,TT,AA,AA,GG,CT,CC,GG,AA,AA,AA,CC,GT,CC,CC,AA,AG,GG,TT,GG,AA,TT,CT,GG,CC,TT,TT,TT,CG,AA,TT,TT,AT,TT,GG,CG,AA,CT,CC,CC,CG,CC,AA,GG,AA,CC,TT,CG,GT,TT,GG,TT,AA,AG,TT,CC,GG,AA,CC,CC,GG,GG,AA,GG,TT,AA,AA,CC,GG,AA,AC,AA,AA,GT,GG,TT,AT,GG,GT,AT,GG,AT,GT,AA,GG,AA,CT,AA,NN,CC,TT,AA,CC,TT,GG,AA,CC,AG,AC,TT,TT,TT,CG,TT,AC,CC,AA,GT,CC,CG,GG,CC,GG,AA,AG,CC,TT,GG,CC,CC,AA,GG,CC,AA,CC,AT,AA,CC,CC,AC,TT,AA,GG,AA,AA,AA,AA,GG,AA,AA,AG,TT,NN,AC,AG,AC,AA,TT,AG,AA,GG,AG,CG,TT,AA,AA,TT,TT,TT,AA,TT,GG,GG,AA,3.81,Susceptible,Medium,Premium,Early
L0338,Coimbatore,Tamil Nadu,Kharif,Red Loamy,Rainfed,650,29.5,68,AA,TT,GG,AA,GG,CC,GG,TT,CC,GG,AA,CC,CC,TT,TT,GG,GG,TT,TT,AA,CG,TT,GT,CC,TT,CC,TT,TT,GG,AA,TT,CT,AA,CC,GG,GG,GG,CC,GG,AC,TT,CC,NN,TT,AA,GG,TT,TT,CC,AC,GG,AA,AA,GG,CC,TT,AA,AA,GG,AA,NN,TT,TT,AG,TT,AT,CC,GG,TT,GG,AG,GG,CC,AA,GG,AC,AT,GG,TT,TT,GG,GT,GG,CC,AA,GG,AA,AA,CC,TT,CC,TT,CC,TT,GT,AG,CT,CC,GG,CC,CT,GG,GG,AA,TT,TT,CC,AA,AA,AA,CC,GG,TT,CG,TT,AC,AA,TT,CG,AA,CG,GG,CC,GG,CT,AG,CC,CC,CC,CG,AA,TT,CC,AA,CC,CT,NN,TT,AA,AA,GG,CC,CC,NN,AA,AA,AA,CC,GG,CC,CC,AA,AG,GG,NN,GG,AA,TT,TT,GG,CC,TT,TT,TT,CG,AA,TT,TT,AA,TT,GG,CG,AG,TT,CC,CC,CC,CC,AA,GG,AA,CC,TT,CG,GG,NN,GG,TT,AA,AA,TT,CC,GG,AA,AC,CC,GG,GG,AC,GG,TT,AC,AA,CC,GG,AA,CC,AA,TT,GT,TT,AT,AA,CG,GG,AA,CC,AA,TT,AA,GG,AA,TT,AA,TT,CC,TT,AC,CC,TT,GG,AG,CG,AG,CC,TT,TT,GT,GG,AT,AA,CC,NN,GG,CC,CG,GG,CC,GG,TT,AG,CC,GT,AG,CC,CC,AA,GG,CC,AA,CC,AA,AA,AC,CC,AC,TT,AA,GG,AA,AA,NN,AA,GG,AA,AA,AA,TT,CG,AA,AA,AC,AC,CT,AA,AA,GG,GG,CG,TT,TT,AA,TT,TT,TT,AA,TT,GG,GG,AA,3.1,Moderate,High,Standard,Medium
L0339,Coimbatore,Tamil Nadu,Kharif,Red Loamy,Rainfed,650,29.5,68,AA,TT,GG,AG,GG,CC,GG,AT,CC,CG,AA,CC,CC,TT,TT,GG,CG,TT,TT,AG,CC,TT,GT,CC,TT,CT,GT,TT,GG,AC,TT,CT,AA,CC,AG,GG,GG,CC,GG,CC,TT,CT,AA,TT,AG,GG,TT,TT,CC,AA,GG,AA,AA,GG,CT,TT,AT,CC,TT,AA,AG,TT,TT,AA,NN,TT,CC,GG,TT,GG,AA,GG,CC,AA,GG,CC,AA,GG,TT,TT,GG,GG,GT,CC,AA,GG,AG,AA,CC,TT,CC,TT,CT,TT,GT,GG,CT,CC,TT,CT,CT,CC,AG,AG,TT,TT,CC,AA,GG,AA,CC,GG,GT,CC,TT,AA,AA,TT,CC,AG,CC,AG,CC,GG,CT,AA,CC,CC,AC,CC,AA,TT,CC,AA,CC,CC,AA,TT,AA,AA,GG,CC,CC,GG,AA,AG,AA,AC,NN,CC,CG,AA,AG,GG,NN,GG,AA,TT,CT,GG,AC,TT,GT,CT,CC,AT,TT,TT,AT,TT,GG,CC,AG,CT,CC,CC,GG,CC,AA,GG,AG,CC,TT,CC,GG,TT,GG,AT,AA,AG,TT,AC,GG,AA,AA,CC,GG,GG,AC,GG,TT,AA,AA,CC,GG,AT,AC,AA,AA,GG,TT,TT,AA,GG,GT,AA,CC,TT,GT,AA,GG,AA,TT,AC,TT,CC,CT,AC,CC,CT,CG,AG,CC,AG,CC,NN,TT,TT,GG,TT,AC,AA,AA,GG,CC,CG,GG,CC,GG,AT,AA,CC,TT,GG,CC,CC,AT,AG,CC,AA,CC,AA,AA,CC,CG,AC,AT,AA,GG,AA,CC,CC,AA,AG,AG,AA,AA,TT,GG,AC,AA,CC,NN,CT,AA,AA,GG,GG,GG,GG,AA,GG,TT,TT,TT,AA,AT,GG,GG,AA,3.57,Susceptible,High,Premium,Early
L0340,Coimbatore,Tamil Nadu,Kharif,Red Loamy,Rainfed,650,29.5,68,NN,CC,GG,AG,CC,CC,GG,TT,CG,GG,AA,CC,CG,AT,TT,GG,GG,AT,TT,AA,CC,TT,GT,CC,TT,CC,TT,TT,GG,AA,TT,CC,AA,CC,GG,GG,GG,CG,GG,CC,TT,CC,AA,NN,AG,GG,TT,AT,CG,AC,GG,AA,AG,GG,CT,TT,AT,AC,GG,AC,AA,TT,TT,AA,NN,TT,CC,GG,TT,TT,AA,GG,CC,AA,GG,AC,AT,GG,TT,TT,GG,GG,GG,CC,AA,AG,AA,AA,CC,NN,CC,TT,TT,TT,TT,GG,TT,CC,GT,CC,CC,CG,NN,AA,TT,TT,CG,AA,AG,AA,CC,GG,NN,CG,TT,AA,AA,TT,CG,AG,CC,GG,CC,GG,CT,AA,CC,CC,CC,CC,AA,TT,CC,AA,CC,CT,AA,AT,AA,AA,GG,CC,CC,GG,AA,AG,AT,AC,GG,CC,CC,AG,AA,GG,TT,GG,AC,GT,CT,NN,CC,TT,TT,TT,CC,AT,GT,NN,AA,AT,GG,CC,AA,CC,CC,CC,GG,CC,AA,GG,NN,CC,TT,CG,GT,GT,CG,TT,AA,AA,TT,CC,GG,AC,AC,CC,CG,GG,AA,GG,TT,AA,AA,CC,GG,AA,CC,AA,AA,GG,TT,TT,AA,CG,GT,AA,CC,TT,GT,AA,GG,AA,TT,AA,TT,CC,TT,AA,CC,TT,NN,AG,CC,AG,CC,TT,TT,GG,GG,TT,AA,AC,AA,GT,CC,CC,CG,CC,GT,AT,AA,CG,TT,GG,CC,CC,AA,GG,CC,AA,CC,AA,AA,AA,CG,CC,TT,AA,GG,AA,AA,AC,AC,AG,AA,AG,AA,AT,GG,AA,GG,AC,AA,CT,AA,AA,GG,GG,CG,TT,AA,AA,GT,TT,TT,AA,TT,GG,GG,AC,3.95,Resistant,Low,Premium,Early
L0341,Coimbatore,Tamil Nadu,Kharif,Red Loamy,Rainfed,650,29.5,68,AC,TT,GG,AA,CG,CC,GT,TT,CC,GG,AT,CT,CG,TT,GT,GT,GG,TT,TT,AA,CC,TT,TT,CC,TT,CC,NN,TT,TT,AA,TT,CC,AG,CC,GG,GG,GG,CC,GG,CC,TT,CT,AA,TT,AG,AG,TT,TT,CC,CC,GT,AA,AA,GG,CT,TT,AA,AA,GG,AC,AA,TT,TT,AG,TT,AT,CC,GG,TT,GG,AG,GG,CC,AA,GG,AC,AT,GG,TT,TT,GG,GT,GT,CC,AT,GG,AA,AA,CC,GT,AC,TT,CC,TT,TT,GG,TT,AC,TT,NN,CC,CG,AG,AA,TT,TT,CC,AA,AA,AA,TT,GG,TT,CC,TT,AC,AA,AT,CC,GG,CC,GG,CC,GG,TT,AA,CC,CC,AA,CC,AA,TT,CC,AA,CC,CC,AG,TT,AA,AA,GG,CT,CC,GG,AA,AG,AA,CC,GG,CC,CG,AA,AG,AG,TT,GG,AA,TT,CC,AG,AA,TT,GT,CT,CG,AA,GT,CT,AA,TT,GG,CC,AA,CT,CC,CC,CG,AC,AA,GG,AA,CC,TT,CC,GG,GT,GG,TT,AA,AG,TT,CC,GG,AA,CC,CC,GG,GG,AC,GG,TT,AA,AA,CG,GT,AT,AC,AA,AA,GG,TT,TT,AT,GG,GG,AA,CC,TT,TT,AT,GG,AA,TT,AC,TT,CG,TT,CC,CC,TT,CG,AG,CG,AG,CC,TT,TT,TT,GG,TT,AC,AC,AA,GG,CC,CG,GG,CC,GG,AA,AA,CG,GG,GG,CC,CC,AA,GG,CG,TT,CC,AA,AA,CC,CC,AC,AA,AA,GG,AA,AA,AA,AA,AG,AA,AA,AG,AT,GG,AA,AA,CC,AA,CT,NN,AA,CG,GG,GG,TT,AA,AG,TT,TT,TT,AG,AT,GG,GG,AA,3.04,Susceptible,High,Poor,Late
L0342,Coimbatore,Tamil Nadu,Kharif,Red Loamy,Rainfed,650,29.5,68,CC,TT,GG,GG,CG,CC,GG,AT,CC,CG,AA,CT,CG,AT,TT,GT,GG,TT,TT,AA,CC,GG,TT,CC,TT,CC,TT,AT,GG,AA,TT,CT,AA,CC,GG,GG,GG,CG,GG,CC,TT,TT,AA,TT,AG,AG,TT,TT,CC,CC,GT,AA,AA,GG,CC,TT,AT,AA,GT,AC,AA,TT,TT,AG,TT,AT,CC,GG,TT,GT,AA,GG,CC,AA,AG,AC,AA,GG,TT,TT,AG,GT,GG,CC,NN,GG,AA,AA,CC,GG,AC,GT,CC,TT,GT,AG,TT,CC,TT,CC,CT,CC,AA,AG,TT,TT,CC,AA,AA,AC,CC,GG,GT,CC,TT,AC,AA,TT,CC,GG,NN,AG,CT,GG,TT,AG,CT,CC,CC,CG,AA,TT,CC,AA,CC,CC,AA,TT,AA,AT,GG,CC,CC,GG,AA,AG,AA,CC,GG,CC,NN,GG,AA,AG,TT,GG,AC,TT,CC,GG,CC,GG,GT,TT,CC,AA,TT,TT,AA,AT,GG,CC,AG,CC,CC,CC,GG,CC,AA,GG,AG,CC,TT,CC,TT,TT,GG,TT,AA,AA,TT,AC,CG,AA,CC,CC,GG,GG,NN,GG,TT,AC,AA,CC,GG,AA,CC,AA,AT,GG,GT,TT,AT,GG,TT,AT,CC,TT,TT,NN,GG,AA,CT,AA,TT,CC,CT,AA,CC,TT,GG,AG,CC,AG,CC,TT,CC,GG,GG,TT,AA,AC,AA,GG,CC,CG,GG,CC,GG,AT,AA,CC,TT,AG,CC,CC,AA,GG,CC,AT,CC,AA,AA,AA,CC,AC,TT,AA,GG,AA,AA,AA,AA,GG,AA,AG,AA,TT,GG,AC,GG,CC,AA,CT,AA,AA,GG,GG,GG,TT,AA,AA,GT,TT,TT,AG,TT,GG,GG,AA,4.34,Susceptible,Medium,Standard,Early
L0343,Coimbatore,Tamil Nadu,Kharif,Red Loamy,Rainfed,650,29.5,68,AA,TT,AG,AA,GG,CC,NN,TT,CC,CG,AA,CC,CC,TT,TT,GG,CG,TT,TT,AG,CG,GT,GT,CT,TT,CC,TT,TT,GG,AA,TT,CC,AA,CC,AG,GG,GG,CG,GG,CC,TT,CT,AA,GT,AG,AG,TT,TT,CC,AC,GG,AA,AA,GG,CT,TT,NN,AA,GG,CC,AG,TT,TT,AA,TT,TT,CT,GG,TT,GT,AA,GG,CC,AA,GG,CC,AT,GG,TT,TT,GG,GG,GG,CC,AA,AG,AA,AA,CC,GT,CC,TT,CT,TT,TT,GG,CT,AC,TT,CT,CC,GG,AG,AA,TT,TT,CC,AA,AA,AA,CC,GG,TT,CC,TT,AC,AC,TT,CG,AG,CC,GG,CT,GT,CC,AG,CT,CC,CC,CC,AA,TT,AC,AA,CC,CT,AA,TT,AA,AA,GG,CC,CC,GG,AA,AG,AA,CC,GG,CC,CC,NN,AA,GG,TT,AG,AA,GT,TT,AA,CC,TT,GT,TT,GG,AA,TT,TT,AA,TT,GG,CC,AA,TT,NN,CC,CG,CC,AA,GG,AG,CC,TT,CC,GG,TT,CG,TT,AG,AG,TT,CC,GG,AA,AC,CC,GG,GG,AC,GG,TT,AC,AA,CC,GG,AT,AC,AA,AA,GT,TT,AA,AT,GG,TT,AT,CC,AT,TT,AA,GG,AA,TT,AA,AT,CC,TT,AA,CC,CT,GG,AA,CC,GG,CC,AT,CT,TT,GG,TT,AA,AA,AA,GG,CG,CC,GG,CC,GG,TT,AA,CC,TT,GG,CC,GG,AT,GG,CC,AA,NN,AA,AA,AC,CG,AC,TT,AG,GG,AA,AA,AA,AA,GG,AA,AA,AA,TT,GG,AA,AG,CC,AC,CT,AA,AG,CC,GG,GG,TT,AT,AA,GT,TT,AT,AG,TT,GG,GG,AA,6.92,Susceptible,High,Standard,Late
L0344,Coimbatore,Tamil Nadu,Kharif,Red Loamy,Rainfed,650,29.5,68,AC,TT,GG,GG,GG,CG,GG,TT,CC,CG,AA,CC,CG,TT,TT,GG,CG,TT,TT,AA,CC,NN,GT,CC,TT,CC,GT,TT,GG,AA,TT,CC,AA,NN,GG,CG,GG,CC,GG,CC,NN,CT,AA,GT,AG,AA,CT,AT,CC,AC,GG,AA,AA,GG,CC,GT,AA,AC,GT,AC,AA,TT,TT,AA,TT,AT,CT,GG,TT,GG,AA,GT,CC,AA,GG,AC,AA,GG,TT,TT,AG,GG,GG,CC,AT,GG,AA,AA,CC,TT,CC,TT,CC,TT,GT,GG,CT,NN,GG,CC,CT,CG,AG,AG,TT,TT,CC,AA,AA,AA,CC,GG,GT,CG,GT,AA,AA,TT,CG,GG,CC,GG,CC,TT,TT,AA,CC,CC,CC,CC,AG,TT,AC,AA,CC,CC,AA,TT,AA,AT,GG,CC,CC,GG,AA,AG,AA,CC,GT,CC,CC,AA,AG,GG,TT,GG,AA,GT,TT,GG,AC,TT,TT,TT,CG,AT,TT,CT,AT,TT,GG,CC,AG,TT,CC,CC,GG,AC,AA,AA,AG,NN,GT,CC,TT,GT,CG,AA,AA,AA,TT,CC,CG,AA,CC,CC,GG,GG,AA,GG,TT,AC,AA,CC,GG,AT,NN,AA,AT,GG,TT,AT,AA,CG,GT,AT,CC,AA,TT,AA,GG,AA,CT,AA,TT,CC,CT,CC,CC,CT,GG,AG,CC,GG,NN,TT,TT,GT,GG,TT,AC,CC,AG,GG,CC,CC,GG,CC,GG,TT,AA,NN,TT,GG,CC,CC,AA,AG,CC,AA,CG,AA,AA,AC,CC,NN,TT,AA,CG,AA,AA,AC,AA,AA,AG,AA,AA,TT,GG,AA,AG,AC,AC,CT,AA,AA,GG,AG,GG,TT,AA,AA,GT,TT,TT,AA,AT,GG,GG,AA,2.77,Susceptible,High,Poor,Late
L0345,Coimbatore,Tamil Nadu,Kharif,Red Loamy,Rainfed,650,29.5,68,AC,TT,AG,AG,GG,CG,GT,TT,CC,CG,AA,TT,CC,AT,TT,GG,GG,TT,TT,NN,CG,TT,TT,CC,AT,CC,TT,TT,GT,AA,CT,CC,AA,CC,GG,CG,GG,CG,GG,CC,TT,CC,AA,TT,AG,GG,CT,TT,CC,AC,GG,AA,AG,GG,CT,TT,AT,AC,NN,AA,AA,TT,AT,AG,TT,TT,CT,GG,TT,GT,AA,GG,CC,AA,GG,AA,AT,GG,GT,TT,AG,GT,GT,CC,AT,GG,AA,AA,CG,GT,CC,GT,CC,TT,TT,AA,CT,CC,GT,CC,CT,CG,AG,AA,AT,TT,CC,AA,AA,NN,TT,GT,TT,CC,GT,AA,AA,TT,NN,GG,CC,AG,CC,GT,CT,GG,CC,CC,CC,CC,AA,TT,CC,AA,CC,CC,AA,AT,AA,AA,GG,CC,CC,AG,AA,AA,AA,AC,GG,CC,GG,AA,AA,AG,GT,GG,AA,GT,CT,GG,CC,GT,TT,TT,GG,AT,TT,TT,AA,NN,GG,CC,AG,CT,CC,CC,CG,CC,AA,GG,AA,NN,TT,CC,GG,TT,NN,AT,NN,AA,TT,AC,GG,AA,CC,CC,GG,NN,AC,GG,TT,AA,AA,NN,GG,AT,CC,AA,AA,GG,TT,AT,AA,GG,NN,AT,CC,AT,GT,AA,GG,AG,TT,AA,TT,CG,TT,AC,CC,TT,GG,AA,GG,AG,CC,TT,CC,TT,GG,TT,AC,AC,AG,GG,CC,CC,GG,CC,GG,TT,AA,CC,TT,GG,CC,CC,AA,GG,CC,AA,CG,AA,AA,AC,CG,AC,TT,AA,GG,AA,AA,AA,AA,GG,AG,AA,AA,AT,CG,AA,AG,AC,AA,TT,AA,AA,GG,GG,GG,GT,AA,AG,TT,TT,TT,GG,TT,GG,CG,AA,3.82,Moderate,Low,Standard,Early
L0346,Coimbatore,Tamil Nadu,Kharif,Red Loamy,Rainfed,650,29.5,68,AA,TT,GG,AA,GG,CC,GG,TT,CC,GG,AA,TT,CG,TT,GT,GG,GG,TT,TT,AA,CC,TT,TT,CC,TT,CT,TT,AT,GG,AA,TT,CC,AA,CC,GG,GG,GG,CC,GG,CC,TT,CT,AA,GT,AA,AG,CT,TT,CC,AC,GT,AA,AA,GG,CT,GT,AA,AA,GT,AA,AA,TT,AT,AA,TT,TT,CC,GG,TT,GG,AA,GG,CC,AA,AG,AA,AT,AG,TT,CT,GG,GG,GG,CC,AT,GG,AA,AA,CG,GG,AA,TT,CC,AT,TT,GG,NN,CC,TT,CC,CC,CC,AG,AG,TT,TT,CG,AA,GG,AC,CC,GG,TT,CC,TT,AA,AA,TT,CG,GG,CC,GG,CC,GT,TT,AG,CC,NN,AC,CG,AA,GT,CC,AA,CC,CC,AA,TT,AA,AA,GG,CC,CC,GG,AA,GG,AA,CC,GT,CC,CC,AA,AA,GG,GT,GG,AA,TT,CT,GG,AC,TT,GT,TT,CG,AT,TT,TT,AA,TT,GG,CC,AG,CC,CC,CC,GG,CC,AA,AG,GG,CC,TT,CC,GT,GT,GG,AT,AA,AG,TT,CC,CG,AA,CC,CC,GG,GG,AA,GG,TT,AA,AA,CG,GG,AA,CC,AA,AT,GG,TT,TT,AT,CG,NN,AA,CC,AT,NN,AA,GG,AG,TT,AC,TT,CC,TT,AC,CC,TT,CG,AG,CC,AA,CC,TT,TT,TT,GG,TT,AC,AA,AA,GG,CC,CC,GG,CC,GG,TT,AA,CC,GT,GG,CG,CG,AA,GG,CC,AT,CC,AA,AA,CC,CC,AC,TT,AA,GG,AA,AA,AA,AA,GG,AG,AG,AA,TT,GG,AA,AA,AC,AA,CT,AA,AA,GG,AG,GG,TT,AA,AA,GT,TT,TT,AG,AA,GG,GG,AA,4.74,Resistant,Low,Poor,Medium
L0347,Coimbatore,Tamil Nadu,Kharif,Red Loamy,Rainfed,650,29.5,68,AC,CT,AG,AA,GG,CC,GG,TT,CC,CC,AA,CC,CG,AT,TT,GT,NN,TT,TT,AA,CC,TT,TT,CC,TT,CC,GT,TT,GG,AA,TT,CC,AA,CC,GG,GG,GG,CC,GG,CC,TT,TT,AA,TT,AG,GG,TT,AT,CG,CC,GG,AA,AA,GG,NN,TT,AA,AC,GT,AA,AA,TT,TT,AA,TT,TT,CC,GG,TT,GG,AG,GT,CC,AA,GG,AA,AT,GG,TT,TT,GG,GG,GG,CC,AA,GG,AA,AA,CC,TT,CC,GT,CC,TT,GG,GG,CT,CC,TT,CC,CC,CC,GG,AG,AA,TT,CC,AA,AG,AA,CC,GG,TT,CC,TT,AA,AA,TT,CG,AG,CG,GG,CC,GG,TT,AA,CC,CC,CC,CC,AG,TT,CC,AA,CC,CT,AA,AT,AA,AA,CG,CC,CC,GG,AA,AG,AT,CC,GG,CC,CC,AA,AG,GG,TT,GG,AC,TT,TT,GG,CC,GT,GT,TT,CC,AT,TT,TT,AA,TT,CG,CC,AA,TT,CC,NN,GG,CC,AT,AG,AA,CC,TT,CG,GT,TT,GG,AA,AA,AA,GT,CC,GG,AA,CC,CC,GG,GG,AC,GG,TT,AC,AG,CC,GG,AA,CC,AA,AT,GG,TT,TT,AA,GG,GT,AA,CC,TT,TT,AA,GG,AG,TT,AA,TT,CC,TT,AA,AC,TT,CG,AA,CC,AA,CC,TT,NN,GT,GG,TT,AA,CC,AG,GG,CC,CC,GG,CC,GG,AA,AA,CG,TT,GG,CC,CC,AA,GG,CC,AT,CC,AT,AA,AC,CG,AC,TT,AA,GG,AA,AA,AC,AA,AG,AA,AA,AA,TT,GG,CC,AA,CC,AA,TT,AG,AG,CG,AG,GG,TT,NN,AA,GT,TT,TT,AG,TT,GG,GG,AA,2.9,Susceptible,High,Premium,Early
L0348,Coimbatore,Tamil Nadu,Kharif,Red Loamy,Rainfed,650,29.5,68,AC,CT,GG,AA,GG,CC,GT,TT,CC,CG,AT,CC,CG,TT,TT,GG,CG,TT,AT,AG,CC,TT,GT,CC,TT,CC,TT,TT,GG,AA,CT,CC,AA,AC,AG,GG,GG,CC,GG,CC,TT,CT,AC,TT,AG,GG,TT,TT,CC,AA,GG,AT,AA,GG,CC,GT,AA,AA,GT,AC,AA,TT,TT,AA,TT,NN,CC,GG,TT,GT,AG,GG,CC,AA,GG,CC,AA,GG,NN,TT,GG,GT,GG,CC,AT,GG,AA,AA,CC,TT,AC,TT,NN,TT,GT,AG,TT,CC,TT,CC,CC,CC,GG,AA,TT,TT,CC,AA,AG,AC,CC,GG,TT,CC,TT,AA,AC,TT,CC,GG,CC,GG,CC,GT,TT,AA,CT,CC,CC,CC,AA,TT,CC,AA,AC,CC,AA,TT,AG,AT,CG,CT,CC,GG,AA,GG,AT,CC,GG,CC,CC,AA,AG,GG,GT,GG,AA,GT,CT,NN,CC,TT,TT,TT,CC,AA,TT,TT,AA,TT,GG,CG,AA,CC,CC,CC,GG,CC,AA,AG,AA,CC,GT,CG,GT,TT,CC,TT,AA,AG,TT,CC,GG,AA,CC,CC,GG,GG,AA,CG,TT,AC,GG,CC,GG,AA,AC,AT,AT,GG,TT,AA,AT,GG,TT,AT,CC,AA,TT,AA,GG,AA,TT,AA,TT,CC,TT,AC,CC,CT,NN,AG,CC,AG,AC,TT,CT,TT,GG,TT,AC,CC,AA,GG,CC,CC,GG,CC,GG,TT,AA,CC,TT,GG,CC,CG,AA,GG,CC,AA,CC,AA,AA,CC,CC,CC,TT,AA,GG,AA,AA,CC,AA,GG,AG,AA,AA,AT,CG,AC,AG,AC,AA,CT,AA,AG,GG,GG,GG,TT,AA,AA,TT,TT,TT,AG,TT,GG,CG,AA,3.52,Moderate,Medium,Premium,Late
L0349,Coimbatore,Tamil Nadu,Kharif,Red Loamy,Rainfed,650,29.5,68,CC,TT,AG,AG,CC,CC,GG,TT,CC,CC,AA,CT,CG,TT,TT,GG,GG,TT,TT,AA,CC,GT,TT,CC,AT,CC,TT,TT,GG,AA,CT,CT,AA,CC,GG,GG,GT,CC,GG,CC,TT,CT,AA,GT,AA,AG,TT,TT,CC,AC,GT,AT,AA,GG,CC,GT,AT,AC,GG,AC,AA,TT,AT,AA,CC,TT,CC,GG,TT,GG,AA,GG,CC,AA,GG,AC,AT,GG,TT,TT,AG,NN,GG,CC,AA,GG,AA,AA,CC,GT,NN,GT,CT,TT,GT,GG,TT,CC,TT,CC,CC,NN,GG,AA,TT,TT,CC,AA,AG,AA,CT,GG,NN,CC,TT,AA,AA,TT,CC,GG,CG,GG,CC,GG,TT,AG,CC,CG,CC,CC,AA,TT,CC,AA,CC,CC,AA,TT,AA,AA,GG,CC,CC,GG,AA,AG,AA,CC,GG,CC,CC,AA,AA,GG,NN,GG,AC,GT,CT,GG,AC,GT,GG,CT,CC,AA,GT,TT,TT,TT,CG,CC,AG,CT,CC,CC,CC,AC,NN,GG,AA,CC,TT,CC,GG,TT,GG,NN,AA,AA,TT,CC,GG,AC,CC,CC,GG,GG,AC,CG,TT,AA,AG,CC,GG,AA,AC,AA,AT,GT,TT,TT,AA,CG,TT,AA,CC,AT,GG,AA,GG,AA,TT,AA,TT,CC,TT,AC,CC,TT,CG,AG,CC,GG,CC,TT,TT,TT,GG,TT,AA,AC,AG,GG,CC,CC,GG,CC,GG,TT,AA,CG,GG,GG,NN,CC,AT,AG,CG,AT,CC,AA,AA,AC,CC,CC,TT,AA,GG,AA,AA,AC,AA,AA,AA,AA,AA,TT,GG,CC,AG,CC,AA,CT,AG,AG,GG,GG,GG,TT,AT,AA,TT,TT,TT,AG,AT,GG,GG,AA,4.08,Moderate,Medium,Premium,Early
L0350,Coimbatore,Tamil Nadu,Kharif,Red Loamy,Rainfed,650,29.5,68,CC,CT,NN,AA,GG,CG,GT,TT,CC,CG,AA,CT,CG,TT,GT,GG,CG,TT,TT,AG,CG,GT,GG,CC,TT,CC,TT,TT,GG,AA,TT,CC,AA,CC,GG,GG,GG,CG,GG,CC,TT,CT,AC,TT,AA,AG,TT,NN,CC,AC,GG,AA,AG,GG,CT,TT,AT,AA,GG,AC,AA,TT,AA,GG,TT,AT,CC,GG,TT,GT,AA,GG,CC,AA,GG,AC,AT,GG,TT,TT,GG,GT,GG,CC,AT,GG,AA,AA,CC,GT,CC,TT,TT,TT,TT,GG,CT,CC,TT,CC,CC,CG,AG,AG,TT,TT,CC,AG,AG,AA,CC,GG,TT,CG,GT,NN,AC,TT,CC,GG,CC,AG,CC,GG,CC,AG,CT,CC,NN,CC,AA,TT,CC,AA,CC,CC,AA,TT,AG,AA,GG,CC,CC,GG,AA,GG,AA,AC,GG,CC,CC,AG,AA,AG,GT,GG,AA,TT,TT,AG,CC,GT,TT,TT,CC,AT,GT,TT,AA,TT,GG,CC,AA,CT,CC,CC,CG,AC,AA,GG,AA,CC,TT,CC,GG,TT,CC,AA,AA,AA,TT,CC,CG,AC,AC,CC,CG,GG,CC,GG,TT,AC,AG,CC,GG,AA,CC,AA,AA,GG,TT,AT,AT,GG,GG,AT,CG,AA,TT,NN,GG,NN,TT,AA,TT,CC,TT,AA,CC,TT,CG,AG,CC,AA,CC,TT,TT,TT,GG,TT,AA,CC,AA,GG,CC,CG,GG,CG,GG,AA,AG,CG,TT,GG,CC,CG,AA,AG,CG,AT,CC,AA,AA,NN,GG,AC,TT,AA,GG,AA,AC,AC,AA,AA,AA,AA,AA,TT,GG,AA,AA,CC,AC,TT,AA,AG,GG,GG,GG,TT,AT,AA,GT,TT,TT,GG,TT,GG,GG,AA,2.24,Moderate,Low,Standard,Late
L0351,Coimbatore,Tamil Nadu,Kharif,Red Loamy,Rainfed,650,29.5,68,AA,CT,GG,GG,GG,CG,GG,TT,CC,CG,AA,CT,CC,AT,TT,TT,GG,TT,TT,AG,CC,GT,TT,TT,TT,CC,TT,AT,GT,AA,TT,CT,AA,AC,AG,GG,GG,CC,GG,CC,TT,TT,NN,TT,AG,GG,TT,TT,CC,AC,GG,AA,AA,GG,CC,GT,AA,AA,GT,AC,AA,GT,AT,AA,CC,TT,CC,GG,TT,GG,AA,GG,CC,AA,GG,AA,AT,GG,GT,TT,GG,GG,GT,CC,AA,GG,NN,AT,CC,GT,AC,TT,CC,NN,TT,GG,CT,CC,TT,CT,CT,CG,AA,AA,TT,TT,CC,AA,AG,AC,CC,GG,TT,CC,TT,AA,AA,TT,CC,AG,CG,GG,CC,GT,CT,AA,CC,CC,CC,CC,AA,TT,CC,AA,CC,CC,AG,AT,AA,AA,GG,CC,NN,GG,AG,AA,AT,CC,GG,CC,GG,AG,AA,GG,TT,GG,AA,TT,CT,GG,CC,TT,TT,TT,CC,AA,GG,TT,AT,AT,GG,CC,AG,CT,CC,CC,CG,CC,AA,GG,AA,CC,TT,CC,GT,TT,GG,TT,AA,AG,TT,CC,CG,AA,AC,CC,GG,GG,AC,GG,TT,AC,AA,CC,GG,AT,AC,AA,AA,GT,TT,TT,AA,GG,GT,AA,CC,AT,GT,AA,GG,AA,TT,AA,TT,CC,TT,AC,CC,TT,CG,AA,CC,AG,AC,TT,TT,GT,GG,TT,AA,CC,AG,GG,CC,CC,GG,CC,GG,TT,AA,CG,GT,GG,CC,CC,AA,GG,CC,AA,CC,AA,AA,CC,CC,AC,TT,AA,GG,AA,AA,AA,AA,AA,AA,AA,AA,TT,CG,AA,AA,CC,AA,CC,AA,AA,GG,GG,GG,TT,AA,AA,TT,TT,TT,AG,AT,CG,CG,AA,5.62,Susceptible,Low,Premium,Early
L0352,Coimbatore,Tamil Nadu,Kharif,Red Loamy,Rainfed,650,29.5,68,AC,TT,GG,AA,GG,CC,GT,TT,CC,GG,AA,CC,GG,TT,TT,GG,GG,TT,TT,AA,CC,TT,GG,CC,TT,CC,GT,TT,GG,AA,TT,NN,AA,CC,GG,CG,GG,CG,GG,CC,TT,CT,AA,GT,AA,GG,TT,AT,CC,AC,GT,AA,AG,GG,CC,TT,AA,AC,GG,AA,AA,TT,TT,AG,TT,TT,CC,GG,TT,GG,AA,GG,CC,AA,GG,CC,AA,GG,TT,TT,GG,GG,GT,CC,AT,GG,AA,AA,CC,GG,CC,TT,CC,TT,TT,AG,CT,CC,GT,CC,CC,CG,GG,AA,TT,TT,CG,AA,NN,AA,CT,GG,TT,CG,TT,AA,AA,AT,CC,AG,CC,AG,CC,GT,TT,AA,CC,CC,CC,CC,AA,GT,CC,NN,CC,CC,AA,TT,AA,AA,CG,CC,CC,GG,AA,AG,AA,AC,GG,CC,CC,AA,AA,GG,TT,AG,CC,TT,CT,GG,AC,TT,GT,TT,CG,AA,TT,TT,AA,NN,NN,CC,AG,CC,CC,CC,GG,CC,AA,GG,AG,CC,TT,CC,GT,GT,GG,TT,AA,AA,TT,CC,GG,AC,CC,CC,CG,GG,AA,GG,TT,AC,AA,CC,GG,AA,AC,AA,AA,GG,TT,AT,AT,CG,GT,AA,CC,TT,GG,AA,GG,AA,TT,AA,TT,NN,CT,AA,CC,CT,GG,GG,CG,AG,CC,TT,TT,TT,CG,TT,AA,AC,AG,GG,CG,CC,GG,CG,GT,AT,AG,CC,GG,GG,CG,CG,AA,GG,CC,AT,CC,AA,AA,AC,CG,AC,AT,AA,GG,AA,AA,AC,AA,GG,AA,AA,AA,TT,CG,AA,AG,CC,AC,CC,AA,AA,GG,GG,CG,GT,TT,AA,TT,TT,TT,AA,TT,GG,CG,AA,3.24,Susceptible,Medium,Premium,Medium
L0353,Coimbatore,Tamil Nadu,Kharif,Red Loamy,Rainfed,650,29.5,68,AC,TT,GG,AG,GG,CC,TT,TT,CC,CG,AA,CC,GG,TT,TT,GT,GG,TT,TT,AA,CC,TT,TT,CC,TT,CC,TT,TT,GT,AA,TT,CT,AA,CC,AG,GG,GG,CG,GG,CC,TT,CT,AA,TT,AA,AG,TT,AT,CC,AA,GG,AA,AA,GG,CC,NN,AA,AC,GT,AA,AA,TT,AA,AG,CT,AT,CC,GG,TT,GG,AA,GG,CC,AA,GG,AC,AT,AG,TT,TT,GG,GG,GG,CC,AA,GG,AA,AA,CC,GG,CC,TT,CC,TT,NN,GG,TT,CC,TT,CC,NN,CG,GG,AA,AT,TT,CC,AA,AG,AA,CT,GG,GT,CC,TT,AA,AC,TT,CC,AG,CC,GG,CC,GG,TT,AA,NN,CC,CC,CC,AA,TT,CC,AA,CC,CT,AA,TT,AA,AT,GG,CC,CC,GG,AA,AA,AA,AC,GT,CC,CC,AA,AA,AG,GT,AG,AC,GT,NN,GG,AC,GT,TT,CT,CC,AT,TT,TT,AA,AT,GG,CC,AA,TT,CC,CC,GG,AC,AA,GG,GG,CC,TT,CC,GG,TT,GG,TT,AA,AA,TT,CC,CG,AA,CC,CC,GG,GG,AC,GG,TT,AA,AA,CC,GG,AA,AC,AA,AT,GG,TT,TT,AA,GG,GG,AT,CC,TT,GT,AA,GG,AG,TT,AA,TT,CG,CT,AA,CC,TT,GG,AA,CC,AG,AC,TT,CT,TT,GG,TT,AA,AC,AA,GG,CC,CC,GG,CC,GG,TT,AA,GG,GT,AG,CC,CC,AA,GG,CC,AT,CC,AT,AA,AC,CG,AC,TT,AG,GG,AT,AA,AA,AA,AA,AA,AA,AG,TT,GG,AA,GG,AC,AA,TT,GG,AA,GG,AG,GG,TT,AA,AG,GT,TT,TT,AG,AT,GG,GG,AA,0.89,Susceptible,High,Poor,Medium
L0354,Coimbatore,Tamil Nadu,Kharif,Red Loamy,Rainfed,650,29.5,68,AA,CT,GG,AA,GG,CC,GG,AA,CG,CC,AA,TT,CC,AT,GT,GG,CG,TT,TT,AA,NN,GT,TT,CT,TT,CT,TT,TT,GG,AA,TT,CC,AA,AC,GG,GG,GG,GG,GG,CC,TT,TT,AC,GT,AA,AG,TT,TT,CC,CC,GG,AA,AA,GG,CT,TT,AT,CC,TT,AA,AA,TT,TT,AA,TT,TT,CC,GT,TT,GG,AA,GG,AC,AA,GG,AA,AT,GG,TT,TT,GG,GG,GT,CC,AA,GG,AG,AT,CC,TT,AA,TT,CT,AT,TT,GG,CT,CC,GG,CC,CC,CG,GG,AA,TT,TT,CC,NN,AA,AC,CC,GG,TT,CC,TT,AA,AA,TT,CC,GG,CC,AG,CC,GG,TT,AG,CC,CC,AC,NN,AA,TT,AC,AA,CC,CC,AA,TT,AA,NN,GG,CC,CC,GG,AA,AG,AA,CC,GT,CC,CC,AG,NN,GG,TT,AA,AA,TT,CT,GG,CC,TT,TT,CT,CC,AT,TT,TT,AT,TT,GG,CC,AA,NN,CC,CC,CG,CC,AA,GG,AA,CC,TT,CG,NN,TT,CG,TT,NN,AA,TT,CC,GG,AC,AC,CC,GG,GG,AC,GG,TT,AA,AA,CC,GG,AA,AC,AA,AA,NN,TT,AT,AT,GG,TT,AA,CC,AT,TT,AA,GG,AA,TT,AA,TT,CC,TT,CC,CC,TT,CG,GG,CC,GG,CC,TT,TT,TT,GG,TT,AA,CC,AA,GT,CC,CC,GG,CC,GG,AT,AA,CG,TT,AG,CC,CC,AA,AG,CC,NN,NN,AA,AA,AC,CC,AA,TT,AA,GG,AA,AA,AC,AA,GG,AA,AA,AA,AT,GG,AC,NN,CC,AA,CT,AA,AA,CG,GG,GG,GT,AA,AA,TT,TT,TT,AA,AT,GG,GG,AA,1.94,Moderate,High,Standard,Medium
L0355,Coimbatore,Tamil Nadu,Kharif,Red Loamy,Rainfed,650,29.5,68,AA,TT,AG,GG,GG,CC,GT,TT,CC,CC,AA,CC,CC,AA,GT,GG,GG,TT,TT,AA,CG,TT,TT,CC,TT,CC,GT,TT,GT,AA,TT,CC,AA,CC,GG,GG,GG,CG,GG,CC,TT,CT,AC,TT,AA,GG,TT,TT,CC,AC,GG,AA,AG,GG,CT,TT,AA,AC,TT,AA,AA,NN,TT,AA,TT,TT,CC,GG,TT,GT,AA,GG,CC,AA,AG,AC,AT,AG,TT,TT,GG,GG,GT,CC,AA,GG,AA,AT,CC,GT,AC,TT,CT,TT,TT,GG,TT,CC,TT,CT,CC,CC,GG,AA,AT,TT,CC,AA,AA,AA,CC,GG,NN,CG,GT,AA,AA,TT,CG,AG,CC,GG,CC,GG,TT,AA,CC,CC,CC,CC,AA,NN,CC,AA,CC,CC,AA,TT,AG,AA,GG,CC,CC,GG,AG,AG,AA,CC,GG,CC,CC,AA,AG,GG,GG,GG,AC,GT,TT,GG,AC,TT,GT,TT,CC,AT,GT,CT,AA,TT,CG,CC,AG,CT,CC,CC,GG,CC,AA,GG,AA,CC,TT,CG,GG,TT,CG,AT,AG,AA,GT,CC,CG,AA,CC,CC,GG,GG,AA,GG,TT,AC,AA,CC,GT,AT,CC,AA,AT,GT,TT,TT,AA,GG,GG,AA,CC,AT,GT,AT,AG,AA,CT,AA,TT,GG,CT,AA,CC,TT,CG,AA,NN,GG,CC,TT,CT,GG,GG,TT,AA,AA,AG,GT,CC,CC,GG,CC,GG,TT,AG,CC,GT,GG,CC,CG,AT,GG,CG,AT,CG,AA,AA,AC,CC,AC,TT,AA,GG,AA,AA,AC,AA,AG,AG,AA,AA,TT,GG,AC,AG,AC,AA,CC,AA,AA,GG,GG,GG,TT,AA,AA,TT,TT,TT,AG,TT,GG,GG,AA,5.08,Susceptible,Medium,Standard,Early
L0356,Coimbatore,Tamil Nadu,Kharif,Red Loamy,Rainfed,650,29.5,68,CC,CT,AG,AA,GG,CG,GG,TT,CC,CC,AA,CC,CC,AT,TT,GG,CG,TT,TT,AA,CG,TT,TT,CC,TT,CC,TT,TT,GG,AA,CT,CC,AG,CC,GG,GG,GG,CG,GG,CC,TT,TT,AA,TT,AA,GG,TT,AA,CC,AC,GG,AA,AA,GG,CT,TT,AA,AA,GG,AA,AA,GT,AT,AA,TT,TT,CC,GG,TT,GG,AA,GG,CC,AA,GG,AA,AT,AG,TT,TT,GG,GG,GG,CC,AA,GG,AA,AA,CC,TT,CC,GT,TT,TT,GT,AG,CT,CC,GT,CC,CC,CG,AG,AA,TT,TT,CC,AA,AA,AA,CC,GT,GT,CC,TT,AA,AA,TT,NN,AG,CG,NN,CC,GT,TT,AA,CC,CC,CC,CC,AA,TT,CC,AA,CC,CC,AA,TT,AG,AA,GG,CC,CC,GG,AA,GG,AA,CC,GT,CC,CG,AA,AA,AG,TT,GG,AA,GT,TT,GG,CC,TT,GT,TT,CC,AT,TT,TT,AA,TT,CG,CC,AA,CC,CC,CC,CG,AC,AA,GG,AG,CC,TT,CC,TT,TT,GG,TT,AA,AA,GT,CC,GG,AA,CC,CC,GG,GG,AA,GG,TT,AC,AA,CC,GT,AA,AC,AA,AT,GT,GT,TT,AT,CG,TT,AT,CG,TT,GT,AA,GG,AA,TT,AC,TT,CG,TT,AA,CC,TT,GG,NN,CG,GG,CC,AT,TT,GT,GG,TT,AA,NN,AA,GG,CC,CC,GG,CC,GG,AT,AA,CG,TT,GG,CC,CG,AT,AG,CC,AT,CC,AA,AA,AC,CG,CC,TT,AA,GG,AA,AA,AC,AA,GG,AG,AA,AA,TT,GG,AC,AA,AC,NN,TT,AA,AA,GG,AG,GG,GT,AA,AA,TT,TT,TT,NN,TT,NN,CG,AA,3.95,Moderate,Low,Premium,Early
L0357,Coimbatore,Tamil Nadu,Kharif,Red Loamy,Rainfed,650,29.5,68,AA,TT,GG,AG,GG,CC,GT,TT,CC,CC,AA,CT,CG,AT,TT,GG,GG,TT,TT,AA,CC,GG,GG,CT,TT,CC,TT,TT,GT,AA,TT,CC,AA,CC,GG,GG,GG,CC,GG,CC,GT,TT,AA,TT,AA,GG,TT,TT,CC,AA,GG,AA,AA,GG,CT,TT,AA,AA,TT,AC,AA,TT,TT,AA,TT,TT,CC,GG,TT,GG,AA,GG,NN,AA,GG,CC,AT,GG,GT,CT,GG,GG,GT,CC,AA,GG,AA,AT,CC,TT,CC,TT,CC,TT,GT,AG,TT,AC,GT,CC,CC,CC,AA,AA,TT,TT,CG,AA,AA,AA,CT,GG,TT,CC,TT,AA,AA,TT,CC,GG,CC,AG,CC,GG,TT,AA,CC,CC,CC,CC,AA,TT,CC,AA,CC,CC,AA,TT,AA,AA,CG,CC,CG,GG,AA,GG,AA,AA,GG,CC,CC,AG,AA,AG,TT,GG,AC,TT,CT,GG,AC,TT,TT,TT,CC,AT,TT,TT,AA,TT,GG,CC,AG,CC,AC,AC,GG,CC,AA,GG,GG,AC,TT,CC,GT,GT,GG,NN,AA,AA,TT,CC,GG,AA,AC,CC,GG,GG,AA,GG,TT,AA,AA,CC,GG,AA,CC,AA,TT,GT,TT,TT,AA,GG,GG,AT,CC,AT,GT,AA,GG,AG,TT,AC,TT,CC,CT,AA,CC,TT,CC,NN,CC,AG,AA,TT,CC,TT,GG,TT,AA,CC,AA,GT,CC,CC,GG,CC,GG,TT,AA,CC,GT,GG,CC,CC,AA,GG,CC,AT,CC,AA,AA,CC,CC,AC,TT,AA,GG,AA,AA,AA,AA,GG,AA,AA,AA,TT,GG,AC,AG,CC,AC,CT,AA,AA,CG,GG,CG,TT,AT,AA,TT,TT,TT,AA,TT,GG,GG,AC,3.86,Resistant,Low,Standard,Early
L0358,Coimbatore,Tamil Nadu,Kharif,Red Loamy,Rainfed,650,29.5,68,AC,TT,GG,AG,CG,CC,GT,AT,CC,GG,AA,CC,GG,TT,GT,GG,CC,TT,TT,AG,CC,GT,GT,CC,TT,CC,TT,TT,GG,AA,TT,CC,AA,CC,GG,GG,GG,CC,GG,AC,TT,TT,AA,TT,AG,GG,TT,AT,CC,AC,GG,AA,AG,GG,CC,TT,AA,AA,GT,AA,AA,TT,AA,AA,NN,TT,CC,GG,TT,GT,AG,GG,CC,AA,GG,AC,AA,GG,GT,TT,GG,GG,GG,CC,AT,GG,AA,AA,CC,TT,CC,GT,CC,TT,GT,GG,TT,NN,GT,CC,CC,CC,AG,AA,TT,TT,NN,AA,AA,AC,CC,GG,TT,CC,TT,AA,AA,TT,CG,NN,CC,GG,CC,GT,TT,AA,CC,CC,CC,CC,AA,TT,CC,AA,CC,CC,AA,AT,AA,AA,GG,CT,CC,GG,AA,GG,AA,CC,GT,CC,CC,AG,AA,GG,TT,GG,AA,GT,TT,GG,CC,GT,TT,TT,CC,AA,TT,TT,AA,TT,GG,CC,AG,CC,CC,AC,CG,CC,AA,GG,AG,CC,TT,CC,GT,TT,GG,AT,AA,AA,TT,CC,GG,AA,CC,CC,GG,GG,AA,GG,TT,AA,AA,CC,GG,AT,AC,AA,AA,NN,TT,AT,AA,GG,GT,AA,CC,AT,TT,AA,GG,AA,TT,AA,TT,CC,CT,AA,CC,CT,GG,AG,CC,AA,CC,TT,TT,TT,GG,TT,AC,CC,AA,GG,CC,CC,GG,CC,GG,TT,AA,NN,GT,GG,CC,CG,AA,GG,CC,AT,CC,AA,AA,CC,CG,CC,TT,AA,GG,AA,AC,AC,AA,AA,GG,AA,AG,TT,GG,AA,GG,CC,AC,CT,AA,AA,GG,GG,CC,NN,AA,AA,TT,TT,TT,AG,AT,GG,GG,AC,0.41,Resistant,Low,Standard,Late
L0359,Coimbatore,Tamil Nadu,Kharif,Red Loamy,Rainfed,650,29.5,68,AC,CT,GG,NN,GG,CC,GT,AT,CC,CG,AA,CC,CG,TT,TT,GG,GG,TT,TT,AA,CC,GT,TT,CC,TT,CC,TT,AT,GT,AA,CC,CC,AA,CC,GG,CG,GT,CG,GG,CC,TT,TT,AA,GT,AA,GG,TT,TT,CC,CC,GG,AA,AG,GG,CC,TT,AA,AA,TT,AC,AA,TT,AT,GG,TT,TT,CC,NN,TT,GG,AG,NN,CC,AA,GG,AA,AT,AG,TT,TT,GG,GG,GT,CC,AA,GG,AA,AA,CC,GG,CC,TT,CC,AT,TT,GG,TT,CC,GG,CC,CT,CC,AG,AA,TT,TT,CC,AA,AG,AA,CC,GG,TT,CG,NN,AC,AC,TT,CC,GG,CG,GG,NN,GG,CT,AG,CC,CC,CC,CC,NN,TT,CC,AA,CC,CT,AA,AT,AA,AA,CG,CT,CC,GG,AA,AA,AA,CC,GG,CC,CC,AA,AG,GG,GT,AG,CC,GT,TT,AG,AC,TT,TT,TT,CC,AA,TT,TT,AT,AT,CG,CC,AA,CC,CC,CC,CG,CC,AA,GG,AA,CC,TT,CC,GT,GT,GG,AT,AA,NN,TT,AA,GG,AC,CC,CC,GG,AG,AA,GG,TT,AA,AG,CG,GG,AA,CC,AA,AA,GG,TT,AT,AT,CG,GT,AT,CG,TT,TT,AA,GG,AA,TT,AA,TT,CC,TT,AC,CC,TT,CG,AA,CC,GG,AC,TT,TT,GG,GG,TT,AA,AA,AA,GG,CC,CC,GG,CC,GG,TT,AA,CC,GT,GG,CC,CG,AA,GG,NN,AA,CC,AA,AA,AA,CG,CC,TT,AA,GG,AA,AA,AA,AA,GG,AA,AA,AA,TT,CG,NN,AG,AC,AA,TT,NN,AA,GG,GG,GG,TT,AT,AG,TT,NN,TT,AG,AT,GG,GG,AA,3.2,Moderate,Low,Standard,Medium
L0360,Coimbatore,Tamil Nadu,Kharif,Red Loamy,Rainfed,650,29.5,68,AA,TT,AG,AG,GG,CC,GT,AT,CC,CC,AT,CC,CC,AT,TT,GG,GG,TT,TT,AA,CG,TT,GG,CC,TT,CC,TT,AT,GG,AA,TT,CT,AA,CC,GG,GG,GG,CG,GG,CC,TT,TT,AA,GT,AA,GG,TT,TT,CC,NN,GG,AT,GG,GG,CT,GT,AA,AC,GT,AA,AA,TT,AT,AG,TT,TT,CC,GT,CT,GT,AG,GG,CC,AA,GG,AA,NN,GG,TT,TT,AG,GG,GG,CC,AA,GG,AA,AA,CC,TT,CC,TT,NN,TT,GT,GG,TT,CC,GT,CC,CT,CC,AA,AA,AT,TT,CC,AA,AA,AA,CC,GG,TT,CC,GT,AC,AA,TT,CC,GG,CC,AG,CC,GG,TT,AA,CC,CC,CC,CC,AG,TT,CC,AA,CC,CC,AG,TT,AA,AA,GG,CC,CC,AG,AA,AG,AA,CC,GT,CC,CC,AA,AG,GG,TT,AG,AA,GT,CT,AG,CC,TT,TT,TT,CC,AA,TT,TT,AA,AT,GG,CC,AG,CT,CC,CC,CG,AC,AA,GG,AA,CC,TT,CG,GG,GT,GG,TT,AA,NN,TT,CC,GG,CC,CC,CC,GG,GG,AA,GG,TT,AA,AG,GG,GT,AA,AA,AA,AT,GG,GT,TT,AA,CG,GG,AT,CG,TT,GT,AA,GG,AA,CC,AA,TT,CC,TT,AA,CC,TT,CC,AG,CG,AA,AC,TT,TT,TT,GG,TT,AA,CC,AA,GT,CC,CG,GG,CC,GG,TT,NN,CC,GT,GG,CC,CC,AA,GG,CC,AA,CG,AA,AA,AA,CG,CC,TT,AA,GG,AA,AA,AA,AA,AA,AG,AG,AA,AT,GG,AC,AG,AA,AC,TT,AA,AA,GG,GG,GG,GT,AT,AA,TT,TT,TT,AG,AT,GG,CG,AA,0.4,Susceptible,Medium,Premium,Early
L0361,Coimbatore,Tamil Nadu,Kharif,Red Loamy,Rainfed,650,29.5,68,AC,TT,AG,AA,GG,CC,GG,AT,CC,CG,AA,CC,CC,AT,GT,GG,GG,TT,TT,AA,CC,TT,TT,CT,TT,CC,TT,TT,GG,AA,TT,CC,AA,CC,GG,GG,GG,CG,GG,CC,TT,CT,AC,TT,NN,AG,TT,TT,CC,AC,GG,AT,AA,GG,CC,TT,AA,AA,GG,AC,AG,TT,TT,AA,TT,AT,CC,GG,TT,GG,AA,GG,CC,AA,AG,AC,AA,GG,TT,TT,GG,GG,GG,CC,AA,GG,AA,AA,CC,GT,AC,TT,CT,TT,TT,GG,CT,CC,TT,CC,CC,CC,AA,AA,TT,TT,CG,AA,AG,AA,CC,GG,TT,CC,TT,AC,AA,TT,CG,AG,CG,GG,CC,GG,TT,AA,CC,CC,AC,CC,AA,TT,CC,AA,CC,CT,AA,TT,AA,AA,CG,CC,CC,GG,AG,AA,AA,NN,GG,CC,CC,AA,AG,GG,GT,GG,AA,TT,CC,NN,CC,GT,TT,CT,CC,AA,GT,CT,AT,TT,GG,CC,AA,CT,CC,CC,GG,CC,AA,GG,AG,CC,NN,CC,GT,GT,GG,TT,AA,AA,TT,CC,GG,AA,CC,CC,GG,GG,AA,GG,TT,AA,AA,CC,GG,AA,CC,AT,AA,GG,TT,TT,AT,GG,TT,AT,CG,AA,GT,AA,GG,AA,TT,AA,TT,CC,TT,AA,CC,CT,GG,AA,CC,AA,CC,TT,CT,TT,GG,TT,AA,AA,AG,GG,CC,CG,GG,CC,GG,AT,AG,CC,TT,GG,CC,CC,AT,GG,CG,TT,CC,AT,AA,AC,CC,AC,TT,AA,GG,AA,AA,AA,AC,GG,AA,AA,AA,AT,CG,AA,GG,CC,AA,CC,AA,AA,GG,GG,GG,TT,AT,AG,GT,TT,TT,AA,AT,GG,GG,AA,4.02,Susceptible,Medium,Standard,Early
L0362,Coimbatore,Tamil Nadu,Kharif,Red Loamy,Rainfed,650,29.5,68,CC,TT,GG,AG,GG,CG,GG,TT,CC,CC,AA,NN,CC,AT,GT,GT,GG,TT,TT,AG,CG,TT,TT,CC,TT,CC,TT,AT,GT,AA,TT,CT,AA,CC,GG,GG,GG,CC,GG,AC,TT,CT,AA,TT,AA,AG,TT,TT,CC,CC,GG,AA,AA,GG,CC,GT,AA,AA,TT,AC,AG,TT,TT,AA,CT,TT,CC,GG,TT,GG,AA,GG,CC,AA,GG,AC,AT,GG,TT,TT,GG,GT,GG,CC,AT,GG,AG,AA,CC,NN,CC,TT,CT,AT,TT,AG,TT,CC,GG,CC,CC,CC,AG,AA,TT,TT,CG,AA,GG,AA,CT,GG,NN,CG,TT,AA,AC,TT,CC,GG,CC,GG,CC,GT,TT,AG,CC,CC,CC,CC,AA,GT,AC,AA,CC,CT,AA,TT,AA,AA,GG,CC,NN,GG,NN,AA,AA,CC,GT,CC,CG,AG,AG,GG,TT,AG,CC,GT,NN,GG,AC,GT,GT,TT,CG,AT,GT,TT,AA,TT,CG,CC,AA,CT,CC,CC,GG,CC,AA,GG,AA,CC,TT,CC,GT,TT,GG,AT,AG,AA,TT,CC,GG,AA,CC,CC,GG,GG,NN,GG,TT,AA,AA,CC,GG,AA,CC,AA,AT,GG,TT,TT,AT,GG,GT,AT,CG,NN,TT,AA,GG,AA,CT,AA,TT,CG,CT,AC,CC,CT,GG,AG,CC,AG,CC,TT,TT,TT,NN,TT,AA,AA,AA,GG,CC,CC,NN,CC,GG,AT,AA,CG,TT,GG,CC,CG,AT,GG,CC,AA,CC,AA,AG,CC,CG,CC,TT,AA,CG,AA,AA,AA,AA,AG,AG,AA,AA,TT,GG,AA,AG,CC,CC,CT,AA,AG,GG,AG,GG,TT,AA,AG,TT,TT,TT,AG,AT,GG,GG,AA,1.79,Susceptible,Medium,Poor,Late
L0363,Coimbatore,Tamil Nadu,Kharif,Red Loamy,Rainfed,650,29.5,68,AC,TT,AG,AG,GG,CC,GG,AA,CC,CC,AT,CC,CC,AT,TT,GT,GG,TT,AT,AA,CG,TT,TT,CT,TT,CC,TT,TT,GG,AA,TT,CC,AA,CC,GG,CC,GG,CC,GG,CC,TT,TT,AA,TT,AA,GG,TT,TT,CC,AC,GG,AA,AA,GG,CT,GT,AA,AC,GG,AA,AG,TT,AA,AA,CT,AA,CC,GG,TT,GG,AA,GG,CC,AA,AG,AA,AA,NN,GG,TT,GG,GG,GG,CC,AA,GG,AA,AA,CC,TT,CC,TT,CT,TT,TT,AG,TT,CC,TT,CC,CC,CG,GG,AA,AT,TT,CC,AA,AA,AA,CT,GG,TT,CC,TT,AA,AA,AT,CC,GG,CG,GG,CC,GT,TT,AA,CC,CC,CC,CC,NN,TT,CC,AA,CC,CC,AA,TT,AA,AA,GG,CC,CC,GG,AA,AG,AA,CC,GT,CC,CG,AA,AA,GG,TT,GG,AC,TT,TT,AG,CC,GT,GT,TT,CC,AA,TT,TT,AA,AT,GG,CC,AA,CT,CC,AC,GG,CC,AA,GG,AA,CC,TT,CC,GT,TT,GG,AT,AA,GG,TT,CC,CG,AA,AC,CG,GG,GG,AC,GG,TT,CC,AA,CC,GG,AA,AC,AA,AA,GG,NN,AT,AA,CG,GG,AA,CG,TT,GT,AA,GG,AA,CC,AA,TT,CG,TT,AA,NN,TT,CG,GG,CC,GG,CC,TT,TT,GT,GG,AT,AA,AC,AG,GG,CC,CC,GG,CC,GG,TT,AA,CC,TT,GG,CC,CG,AA,GG,CC,AT,CC,AT,AA,AC,CG,CC,TT,AA,NN,AA,AA,AC,AA,GG,AA,AA,AG,AT,GG,AA,NN,CC,AA,TT,AA,AA,GG,NN,GG,TT,AT,AA,TT,TT,TT,AG,AT,GG,CG,AA,2.8,Moderate,Low,Premium,Late
L0364,Coimbatore,Tamil Nadu,Kharif,Red Loamy,Rainfed,650,29.5,68,AA,TT,GG,AG,GG,CC,GT,TT,CC,GG,AA,CC,CC,AT,GT,GG,CG,TT,TT,AA,CC,TT,GT,CC,AT,CC,TT,TT,GG,AA,TT,CC,AA,CC,GG,GG,GG,CC,GG,CC,TT,CT,AA,GT,AG,GG,NN,TT,CC,AC,GT,AA,AA,GG,CC,GT,AA,AC,GT,AA,AG,TT,TT,AG,CT,TT,CC,GG,TT,GT,AA,GG,CC,AA,GG,AC,TT,GG,GT,TT,GG,GG,GT,CC,AT,GG,AA,AA,CC,NN,CC,TT,TT,AT,GT,GG,TT,CC,TT,CC,CC,CC,GG,AA,TT,TT,CC,AA,AA,AC,CC,GG,TT,CC,GT,AA,AC,TT,CG,GG,CG,GG,CC,TT,TT,AG,CC,CC,CC,CC,AG,TT,CC,AA,CC,CC,AA,TT,AG,AA,GG,CC,CC,AG,AA,AG,AA,CC,GG,CC,CC,AA,AG,GG,TT,GG,AA,GT,CC,GG,CC,TT,TT,TT,GG,AA,TT,CT,AA,AT,CG,CC,AA,CC,CC,CC,CC,AC,AA,GG,AA,CC,TT,CC,GT,TT,GG,TT,AA,AG,TT,CC,GG,AA,CC,CC,GG,GG,AC,GG,CT,AA,AA,CC,GG,AA,AC,AA,AT,GG,GT,AT,AA,GG,TT,AA,CC,AT,TT,AA,AG,AA,TT,AA,TT,CC,TT,AC,CC,CT,CG,AG,CC,AA,CC,TT,CT,NN,GG,NN,AC,AC,AG,GG,CC,CG,GG,CC,GG,TT,AA,CC,TT,GG,CC,CC,AT,GG,CG,AT,CC,AA,AA,CC,CG,CC,TT,AA,GG,AA,AA,AC,AC,AG,AG,AA,AA,AT,CG,AA,AA,CC,AA,CT,AA,AA,GG,GG,GG,TT,AT,NN,GT,TT,TT,AG,AT,GG,GG,AA,1.07,Susceptible,Medium,Premium,Late
L0365,Coimbatore,Tamil Nadu,Kharif,Red Loamy,Rainfed,650,29.5,68,AA,TT,AG,AA,CG,CC,GT,AT,CG,CC,AA,CC,CC,TT,TT,GG,CG,TT,AT,AA,CC,GT,GG,CC,TT,CC,TT,TT,GG,AA,TT,CT,AA,CC,GG,CG,GG,CC,GG,NN,TT,CT,AA,TT,AA,AG,TT,TT,CC,CC,GG,AT,AA,GG,NN,TT,AA,AA,GT,NN,AA,GT,AT,AG,TT,TT,CC,GG,TT,GG,AA,GG,CC,AA,NN,AA,TT,GG,TT,TT,GG,GG,GT,CC,AT,GG,AA,AT,CC,GT,CC,TT,CT,TT,GT,GG,TT,CC,TT,CC,CC,CC,AG,AA,AT,TT,CC,AA,AG,AA,NN,GG,TT,CG,TT,AA,AA,TT,CG,AG,CC,GG,CT,TT,TT,AA,CC,CC,CC,CG,AG,TT,CC,AA,CC,TT,AA,TT,AA,AA,GG,CT,CC,AG,AA,AG,AA,CC,GG,CC,CC,AA,AG,GG,TT,GG,CC,TT,CC,GG,AC,TT,TT,CT,CC,AT,TT,TT,AA,AT,GG,CC,AA,CT,AC,CC,GG,CC,AA,GG,AG,CC,TT,CC,GT,TT,GG,AT,AA,AA,TT,CC,CG,AA,CC,CC,GG,AG,AA,GG,CT,AA,AA,CC,GT,AA,CC,AA,AA,GG,TT,AT,AA,CG,TT,AA,CG,AT,TT,AA,GG,AA,CT,AA,TT,CC,TT,AA,AC,TT,CG,AA,CC,AA,CC,TT,CC,GT,GG,TT,AC,AA,AG,GG,CC,CG,GG,CC,GG,TT,AG,CC,GT,GG,CC,CC,AA,GG,CC,AA,CG,AA,AA,AC,CG,CC,TT,AA,GG,AA,AA,AC,AA,AG,AG,AA,AA,TT,GG,AA,AG,AC,AA,TT,AA,AA,CG,AG,GG,GT,AA,AA,GT,TT,AT,GG,AA,GG,GG,AA,2.11,Susceptible,High,Poor,Late
L0366,Coimbatore,Tamil Nadu,Kharif,Red Loamy,Rainfed,650,29.5,68,CC,TT,AG,AA,GG,CC,GT,AT,CC,CG,AA,CC,CC,TT,TT,TT,CG,TT,TT,AG,CC,TT,TT,CT,TT,CC,TT,AT,GG,AA,TT,CC,AA,CC,GG,CG,GG,CG,GG,CC,TT,CT,AA,TT,AA,AA,CT,TT,CC,CC,GT,AA,AG,GG,TT,GT,AA,AC,GT,AC,AG,TT,TT,AA,TT,TT,CC,GG,TT,GG,AA,GG,CC,AA,GG,CC,TT,GG,TT,TT,GG,GG,GG,CC,AA,GG,AG,AT,CC,TT,CC,TT,CC,TT,GT,GG,CT,AC,GG,NN,CT,CC,AG,AA,TT,TT,CC,AA,AA,AA,CT,NN,TT,CG,TT,AC,AA,TT,CC,GG,CC,GG,CC,GG,CT,AA,CC,CC,CC,CC,AA,GT,NN,AA,CC,CC,AA,TT,AG,AA,GG,CT,CC,GG,AA,AG,AA,CC,GG,CC,CG,AG,AA,GG,TT,AG,AA,TT,CT,GG,CC,GG,TT,TT,CC,AT,TT,CT,AA,AA,GG,CC,AA,CT,CC,CC,GG,AC,AA,GG,AG,CC,TT,CC,GG,TT,GG,AT,AG,AG,TT,AC,GG,AC,AC,CC,GG,GG,AA,CG,TT,AC,AA,CC,GG,AT,CC,AA,AA,GG,GT,TT,AT,GG,GG,AT,CC,TT,TT,AA,AG,AA,TT,AA,TT,CC,TT,AA,CC,TT,CG,AA,CC,GG,CC,TT,CT,TT,GG,TT,AA,CC,AA,GT,CC,CC,GG,CG,GG,TT,AA,CG,GT,GG,CC,CC,AA,GG,CC,AT,CC,AA,AA,CC,CG,AC,TT,AA,GG,AA,AA,AC,AA,AG,AG,AA,AA,TT,CG,AA,AA,AC,AC,CT,AA,AG,GG,AG,GG,TT,AA,AA,GT,TT,TT,GG,TT,GG,GG,AA,5.41,Moderate,Low,Standard,Early
L0367,Coimbatore,Tamil Nadu,Kharif,Red Loamy,Rainfed,650,29.5,68,AA,TT,GG,AA,GG,CC,GG,AT,CC,CG,AA,CT,CC,AA,TT,GG,GG,TT,TT,AA,CC,TT,GT,TT,TT,CC,TT,TT,GT,AA,TT,CT,AA,CC,AG,CC,GG,CG,GG,CC,TT,CT,AA,TT,AA,AA,TT,AT,CC,AC,GT,AT,AA,GG,CC,TT,AA,AA,GG,AC,AA,TT,TT,AG,TT,TT,CC,GG,TT,GG,AA,GT,CC,AA,GG,AC,AA,GG,TT,TT,GG,GG,GG,CC,AA,GG,AA,AA,CC,GT,AC,GG,CC,TT,TT,GG,TT,CC,GG,CC,CC,CC,AG,AA,TT,TT,CC,AA,AA,AA,CT,GG,TT,CC,TT,AA,AA,TT,CG,AA,CC,AG,CC,GG,TT,AA,CT,CC,CC,CC,AA,GT,CC,AA,CC,CT,AA,AT,AA,AT,GG,CC,CC,GG,AA,AA,AA,CC,GT,CC,CC,AA,AA,GG,TT,GG,AA,TT,TT,GG,AC,TT,GG,TT,CC,AT,TT,TT,AT,TT,GG,CC,AA,CT,CC,CC,GG,CC,AA,GG,GG,CC,TT,CC,GT,GG,GG,TT,AA,AG,TT,CC,GG,AA,CC,CC,GG,AA,AA,GG,TT,AC,AA,CC,GG,AT,AC,AA,TT,GG,TT,TT,AT,CG,TT,AA,CC,TT,TT,AA,GG,AA,TT,CC,TT,CC,TT,AC,CC,CT,CG,AG,CC,AG,AC,TT,CT,GT,GG,TT,AC,AC,AG,GG,CG,CG,CG,CC,GG,AT,AG,CC,GT,GG,CC,CG,AA,AG,CG,AA,CC,AA,AA,CC,CC,CC,TT,AG,GG,AT,AC,AA,AA,AG,GG,AA,AA,AT,GG,AC,GG,AC,AC,TT,AG,AA,GG,GG,GG,TT,AA,AG,GT,NN,TT,AG,TT,GG,CG,AA,3.14,Susceptible,High,Poor,Early
L0368,Coimbatore,Tamil Nadu,Kharif,Red Loamy,Rainfed,650,29.5,68,AC,TT,GG,AA,GG,CC,GG,NN,CC,CC,AA,CC,CG,TT,TT,GT,CG,TT,TT,AA,CC,GT,TT,CC,TT,CC,TT,TT,GT,AA,TT,CC,AG,CC,AG,CG,GG,CC,GG,CC,NN,TT,AA,TT,AG,AG,TT,TT,CC,CC,GG,AA,AG,GG,CC,TT,AA,AC,GG,AA,AA,TT,AT,AA,TT,TT,CC,GG,NN,GG,AA,GG,CC,AA,AG,AC,AT,GG,TT,TT,GG,GG,GG,CC,AT,GG,AA,AA,CC,TT,CC,TT,CT,AT,TT,GG,TT,AC,GT,CC,CT,CC,GG,AA,AT,TT,CC,NN,GG,AA,CC,GG,TT,CG,TT,AC,AA,TT,CC,GG,CC,GG,CC,GT,TT,AA,CT,CC,CC,CC,AA,TT,CC,AA,CC,CT,AA,AT,AA,AA,GG,CC,CC,GG,AG,AG,AT,AC,GG,CC,CC,AG,AG,GG,TT,AG,AA,GT,TT,AA,CC,TT,GT,TT,CC,AA,TT,CT,AA,TT,NN,CC,AG,CC,AC,CC,GG,CC,AA,GG,AA,CC,TT,CG,GG,TT,GG,AT,AA,AA,TT,AC,GG,AC,AC,CC,GG,AG,AA,GG,NN,AC,AA,CC,GT,AA,AC,AA,TT,GG,GT,AA,AA,GG,GT,AA,CC,AT,GG,AA,GG,AA,TT,AA,TT,CC,TT,AA,AC,TT,GG,AG,CC,AG,CC,TT,CT,TT,GG,TT,AA,AC,AG,GG,CG,CC,GG,CC,GG,TT,AA,CC,GG,GG,CC,CC,AA,GG,CC,AT,CC,AA,AA,CC,CC,AA,TT,AA,GG,AA,AC,AC,AA,GG,GG,AG,AA,AT,GG,AA,AG,AC,AA,CT,AA,AA,GG,GG,GG,TT,AA,AA,TT,TT,TT,AG,AT,GG,GG,AA,3.6,Susceptible,Medium,Standard,Medium
L0369,Coimbatore,Tamil Nadu,Kharif,Red Loamy,Rainfed,650,29.5,68,AA,CT,GG,AA,GG,CC,GT,AT,CC,CC,AA,CT,CC,TT,TT,GG,GG,AT,TT,AA,CC,GT,TT,CC,TT,CT,TT,TT,GG,AA,TT,CC,AA,AC,GG,GG,GG,CC,GG,CC,TT,CT,AA,TT,AG,AA,TT,TT,CC,CC,GG,AT,AA,GG,CC,GT,AA,AA,TT,AC,AA,TT,TT,AG,TT,TT,CC,GG,TT,GG,AA,GT,CC,AA,GG,NN,AA,GG,TT,TT,GG,GT,GT,CC,AT,GG,AA,AA,CG,TT,CC,TT,CC,TT,GT,GG,TT,CC,GT,CC,CC,CC,AG,AA,AT,TT,CC,AG,AA,AA,CC,GG,TT,CC,GG,AA,AC,TT,CG,GG,CC,GG,CC,GG,TT,AA,CC,CC,CC,CC,AA,GT,AC,AA,CC,CC,AA,AT,AA,AA,GG,CT,CC,GG,AA,AA,AA,CC,GG,CC,CC,AA,AA,AG,TT,AG,AC,TT,CT,AG,AC,TT,GT,TT,CC,AA,TT,TT,AA,TT,NN,CC,AG,CT,CC,CC,CC,CC,AA,GG,GG,CC,TT,CG,GT,GT,GG,AT,AA,AA,TT,AC,GG,AA,CC,CC,GG,GG,AA,CG,TT,AA,AG,CC,GG,AA,CC,AA,AT,GT,TT,TT,AA,CC,GT,AA,CG,TT,GT,AA,GG,AA,CT,AA,TT,CC,CC,AA,CC,CT,CG,AA,CC,GG,CC,TT,CT,GT,GG,TT,AA,AC,AG,GG,CC,NN,GG,CC,GG,AT,AG,CC,TT,GG,CC,CC,AT,GG,CC,AT,CC,AA,AA,CC,CC,CC,TT,AA,GG,AA,AA,AA,AC,GG,AG,AA,AA,TT,GG,AA,AG,CC,AA,CT,AA,AA,GG,GG,GG,GG,AA,AA,GT,TT,AT,AG,TT,GG,GG,NN,2.14,Moderate,High,Standard,Medium
L0370,Coimbatore,Tamil Nadu,Kharif,Red Loamy,Rainfed,650,29.5,68,AA,TT,GG,GG,GG,CC,GT,TT,CC,CC,AA,CC,CC,TT,TT,GT,CG,TT,TT,AA,CC,TT,GT,CC,TT,CC,GT,TT,GG,AA,TT,CT,AA,CC,GG,GG,GG,CG,GG,CC,TT,TT,AA,TT,AG,GG,TT,AA,CC,AC,TT,AA,AA,GG,CC,GT,AA,AC,GT,AC,AA,TT,AA,AG,CT,AT,CC,GG,TT,GT,AG,GG,CC,AA,AG,AA,AA,GG,TT,TT,GG,GG,GT,CC,AT,GG,AA,AA,CC,TT,AA,TT,CC,TT,TT,GG,TT,CC,GT,CC,CT,CG,AG,AA,TT,TT,CC,AA,AA,AA,CT,GG,TT,CG,GT,CC,AC,TT,CC,GG,CC,GG,CC,GG,CT,AA,CT,CC,CC,CC,AA,TT,CC,AA,CC,CT,AA,TT,AA,AA,GG,CC,CC,GG,AA,AG,AA,AC,GG,CC,CC,AA,AA,AG,TT,NN,AC,TT,TT,AG,AA,TT,GT,TT,CC,AA,TT,TT,AA,TT,GG,CC,AG,CT,CC,CC,CG,AC,AA,GG,AA,CC,TT,CC,GT,TT,GG,TT,AA,AA,TT,CC,GG,AA,CC,CC,CG,GG,AA,GG,TT,AA,AA,CG,GG,AT,AA,AA,AA,GT,TT,TT,AT,CG,TT,AA,CG,TT,TT,AA,GG,AA,CC,AA,TT,CC,TT,AA,CC,TT,GG,GG,CC,AA,AC,TT,CT,TT,GG,TT,AA,AA,AA,GG,CC,CG,GG,CG,GG,TT,AG,CG,TT,GG,CG,CC,AA,AG,CC,AT,CC,AA,AA,AC,CC,CC,TT,AA,CG,AA,AA,AA,NN,AA,AA,AA,AA,TT,GG,AC,AG,AC,AA,CT,AA,AA,GG,GG,GG,GT,AA,AG,TT,TT,TT,GG,TT,CG,GG,AA,5.16,Susceptible,Low,Poor,Late
L0371,Coimbatore,Tamil Nadu,Kharif,Red Loamy,Rainfed,650,29.5,68,CC,TT,AG,AG,CG,NN,GG,TT,CC,CC,AA,CC,CG,NN,GT,GG,CG,TT,TT,AA,CC,GT,GT,CC,TT,CC,GT,TT,GG,AA,TT,CC,AA,CC,GG,CG,NN,CC,GG,CC,TT,TT,AA,GG,AA,GG,TT,TT,CC,CC,GG,AA,AA,GG,CC,TT,AA,AA,GT,AA,AG,TT,TT,AA,TT,TT,CC,GG,TT,GT,AG,GG,AC,AA,GG,AA,AA,GG,TT,TT,GG,GG,GT,CC,AT,GG,AA,AT,CG,GG,AA,NN,CC,TT,TT,AG,TT,CC,GT,CT,CC,CC,AG,AA,TT,TT,CC,AA,AA,AA,CT,GG,TT,CC,GT,AA,AC,TT,CC,AG,CG,GG,CC,GG,TT,AA,CC,CC,AC,CC,AA,TT,CC,AA,CC,TT,AA,TT,AA,AA,CG,CT,CC,AG,AA,GG,AA,CC,GT,CC,CG,AA,AA,GG,TT,GG,AA,TT,CT,GG,CC,GT,GT,TT,CG,TT,TT,CT,AA,TT,GG,CC,AG,CT,CC,CC,CC,CC,AA,GG,AA,CC,TT,CC,GT,TT,GG,TT,AA,AG,TT,CC,GG,AA,CC,CC,GG,GG,AC,CG,TT,AA,AA,CC,GG,AA,CC,AA,AA,GG,TT,AA,AA,CG,TT,AA,CG,TT,GT,AA,GG,AA,CT,AA,TT,CC,TT,AA,CC,TT,GG,AG,CC,AG,CC,TT,CT,GT,GG,TT,AA,AC,AA,GG,NN,CG,GG,CC,GG,TT,AA,CG,GT,GG,CG,CC,AA,AG,CC,AA,CC,AA,AA,AC,CG,CC,AT,AA,GG,AA,AA,AA,AA,AA,AG,GG,AA,TT,CG,AC,AA,AA,AC,CT,AA,AA,GG,GG,GG,TT,AA,AA,GT,TT,TT,NN,AT,GG,CG,AA,4.52,Susceptible,Low,Premium,Early
L0372,Coimbatore,Tamil Nadu,Kharif,Red Loamy,Rainfed,650,29.5,68,AC,TT,GG,AG,GG,CC,GG,TT,CC,GG,AA,CT,GG,AT,TT,GG,GG,TT,TT,AA,CG,TT,GT,CC,TT,CC,TT,TT,GG,AA,TT,CC,AA,CC,GG,GG,GG,CC,GG,CC,TT,TT,AA,TT,AA,GG,TT,TT,CC,CC,GG,AA,AA,GG,CC,TT,AA,AC,GT,AC,AA,TT,TT,AG,TT,AT,CC,GG,TT,GT,AA,GG,CC,AA,GG,AC,AT,GG,TT,TT,GG,GG,GG,CC,AA,GG,AA,AA,CC,TT,AC,TT,CC,TT,TT,GG,TT,CC,TT,CC,CC,NN,AA,AG,TT,TT,CG,AA,AG,AA,CC,GG,TT,CG,GT,AC,AC,TT,CC,AG,CC,GG,CC,GT,TT,AA,CC,CC,CC,CC,AA,TT,CC,AA,CC,CC,AA,TT,AA,AA,GG,CC,CC,GG,AG,AG,AA,AC,GG,CC,CC,AA,AA,GG,TT,GG,AC,TT,TT,GG,AC,GT,TT,TT,CG,NN,GT,TT,AA,TT,CG,CC,AG,CC,CC,CC,GG,AC,AA,GG,AA,CC,TT,CC,GT,TT,GG,AT,AA,AA,TT,CC,GG,AC,CC,CC,GG,GG,CC,GG,TT,AA,AA,CC,GT,AA,AC,TT,AA,GG,TT,AT,AA,GG,GT,AT,CC,AT,GT,AA,GG,AA,CT,CC,TT,CC,TT,AA,CC,TT,CG,GG,NN,AG,CC,TT,CT,TT,GG,TT,AA,AC,NN,GG,NN,GG,GG,CC,GG,TT,AA,CC,GT,GG,CC,CC,AA,AG,CG,AT,CC,AT,AA,CC,CC,AC,TT,AA,CG,AA,AA,AA,AA,AG,AG,AG,AA,AT,GG,AA,GG,CC,AC,CC,AA,AA,GG,GG,GG,TT,AA,AA,TT,TT,TT,AA,TT,GG,GG,AA,4.62,Susceptible,Low,Standard,Medium
L0373,Coimbatore,Tamil Nadu,Kharif,Red Loamy,Rainfed,650,29.5,68,CC,TT,GG,AA,GG,CG,GG,TT,CC,CG,AT,CT,CG,AT,GT,GG,GG,NN,TT,AA,CG,TT,TT,CC,NN,CC,GT,TT,GT,AA,TT,CC,AA,CC,GG,CG,GG,CG,GG,CC,TT,CC,AA,NN,AA,AG,TT,TT,CC,AA,GG,AA,AA,GG,CC,TT,AT,AA,TT,AA,AG,TT,AT,AA,NN,AT,CC,GG,TT,GG,NN,GG,CC,AA,GG,CC,AA,AG,TT,TT,GG,GG,GG,CC,AA,GG,AA,TT,CC,GG,CC,TT,CC,AT,TT,GG,TT,AC,GT,CC,CC,CG,GG,AA,TT,TT,CC,AG,AG,AA,CC,GG,TT,NN,TT,AA,AA,TT,CC,GG,CC,GG,CC,TT,NN,AA,CC,CC,CC,NN,AA,TT,CC,AA,CC,CC,AG,TT,GG,AT,GG,CC,CC,GG,AG,AA,AA,CC,GG,CC,CC,AG,AA,GG,GT,GG,AC,GG,TT,GG,AC,GT,TT,TT,CC,AT,TT,TT,AA,AT,GG,CC,AG,CT,CC,AC,CC,CC,AA,AG,AA,NN,TT,CC,GG,TT,GG,TT,AG,AA,TT,AC,GG,AA,CC,CC,GG,GG,AC,GG,TT,AA,AA,CC,GG,AA,CC,AA,AT,GG,TT,AT,AA,GG,GT,AT,CG,TT,GT,AA,GG,AA,CT,AA,TT,CC,CT,CC,CC,CT,GG,AG,CC,GG,AC,TT,NN,NN,GG,TT,AC,CC,AA,GG,CC,GG,GG,CC,GG,TT,AA,CC,TT,GG,CC,CG,NN,GG,CC,AA,CC,AA,AA,AA,CC,AC,TT,AA,GG,AA,AA,AA,AC,AA,AG,AA,AG,TT,CG,AA,AG,AC,AC,CT,AG,AA,GG,GG,CG,TT,AA,AA,GT,TT,TT,GG,TT,CG,GG,AC,0.78,Resistant,Medium,Poor,Late
L0374,Coimbatore,Tamil Nadu,Kharif,Red Loamy,Rainfed,650,29.5,68,AA,TT,AG,AA,GG,CC,GG,AT,CC,CG,AA,CC,CG,TT,TT,GG,CG,TT,TT,AA,CC,TT,TT,CT,TT,CC,TT,AT,GG,AA,TT,CT,AA,CC,AG,CG,GG,CG,GG,AC,TT,TT,AC,TT,AA,GG,TT,AT,CC,AC,GT,AA,AA,GG,CC,TT,AT,AA,GG,AA,AA,GT,TT,AA,TT,TT,CC,GG,TT,GT,AA,GG,CC,AA,GG,AC,AA,GG,TT,TT,GG,GT,GG,NN,AT,GG,AA,AA,CC,TT,CC,TT,CC,TT,TT,GG,CT,CC,GT,CC,CC,CC,GG,AG,TT,TT,CC,AA,AA,AA,CC,GG,TT,CG,TT,AA,AA,AT,CG,AG,CC,GG,CC,GG,CT,NN,CT,CC,CC,CC,AA,TT,CC,AA,CC,CC,AA,TT,AA,AA,CG,CC,CC,GG,AA,AG,NN,CC,GG,CC,CC,AG,AA,AG,TT,GG,AA,TT,TT,GG,AA,TT,TT,TT,CC,TT,TT,TT,AA,AT,GG,CC,AA,CT,CC,CC,CG,CC,AA,GG,AA,CC,TT,CC,GG,TT,GG,TT,AA,AA,TT,CC,CG,AC,CC,CC,GG,GG,CC,GG,TT,AA,AA,CC,NN,NN,CC,AA,AT,GG,GG,TT,AA,GG,GT,AT,CC,TT,TT,AA,GG,AA,CT,AA,TT,CC,CT,AA,CC,TT,GG,GG,CC,AG,CC,TT,CT,TT,CG,TT,AA,AC,AA,GG,CC,CC,GG,CC,GG,AT,AA,CC,GT,GG,CC,CC,AA,GG,CC,AA,CC,AA,AA,AC,CC,CC,TT,AA,GG,AA,AA,AA,AA,GG,GG,AA,AA,TT,GG,AA,AA,AC,AA,TT,AA,AA,GG,GG,CG,TT,AT,AG,GT,TT,TT,AA,AT,GG,CG,AA,3.24,Susceptible,Medium,Poor,Early
L0375,Coimbatore,Tamil Nadu,Kharif,Red Loamy,Rainfed,650,29.5,68,AC,TT,GG,AG,GG,CC,TT,TT,CC,CG,AA,CC,CG,TT,TT,GG,GG,TT,TT,AA,CC,GT,GT,CC,TT,CC,GT,TT,GG,AA,TT,CC,AA,CC,GG,GG,GG,CC,GG,CC,TT,CT,AA,TT,AA,AG,TT,TT,CC,CC,GG,AT,AA,GG,CT,TT,AA,AA,GG,AA,AG,TT,TT,AG,TT,TT,CC,GG,TT,GG,AG,GG,CC,AA,GG,CC,AT,GG,TT,TT,GG,GG,GT,CC,AA,GG,AA,AA,CG,GT,CC,TT,CT,TT,GG,GG,TT,CC,TT,CC,CC,CG,GG,AA,TT,TT,CC,AA,AG,AC,CT,GG,TT,CG,TT,AC,AA,TT,CG,GG,CC,GG,CC,GT,TT,AA,CC,CC,CC,CC,AA,TT,CC,AC,AC,TT,AA,TT,AA,AA,CG,CT,CC,GG,AG,AA,AA,CC,GT,CG,CC,AG,AA,GG,GT,GG,AA,GG,TT,GG,AC,TT,GT,CT,CG,AT,GT,TT,AA,TT,CG,CC,AG,CC,CC,AC,CG,CC,AA,GG,AA,CC,TT,CC,GT,TT,GG,TT,AA,AA,TT,CC,GG,AC,AC,CC,GG,GG,AA,GG,TT,AA,AA,CG,GG,AA,CC,AA,AT,GT,TT,TT,AA,GG,GT,AA,CC,TT,NN,AA,GG,AA,TT,AA,TT,CC,TT,AA,AC,TT,GG,AG,CC,AA,CC,TT,TT,TT,GG,TT,AA,CC,GG,GG,CC,CG,GG,NN,GG,AA,AA,CC,GT,GG,CC,CG,AT,AG,CC,AA,CC,AT,AA,AC,CC,AC,AT,AG,GG,AA,AC,AC,AA,GG,AG,AA,AA,TT,GG,AA,AG,AC,AC,CT,AA,AA,GG,GG,GG,GT,AT,AA,GT,TT,TT,AG,AT,GG,GG,AA,1.75,Susceptible,Low,Standard,Medium
L0376,Coimbatore,Tamil Nadu,Kharif,Red Loamy,Rainfed,650,29.5,68,AC,TT,GG,AA,CG,CC,GG,TT,CC,GG,AA,CC,CG,TT,TT,TT,CG,TT,TT,AG,CC,GT,GT,CC,AT,CC,GT,AT,GG,AC,TT,CC,AA,CC,GG,CG,GG,CC,GG,CC,TT,CT,AC,TT,AA,GG,TT,TT,CC,CC,GT,AA,AA,GG,CC,TT,AA,AC,TT,AA,AA,TT,TT,AA,CT,AT,CC,GG,CT,GG,AG,GT,CC,AA,AG,CC,AT,GG,GT,TT,GG,TT,GG,AC,AA,GG,AA,AA,CC,NN,CC,TT,CC,TT,TT,GG,CC,AC,GT,CC,CT,CC,AA,AA,TT,TT,CC,AA,AG,CC,CC,GG,TT,CC,TT,AA,AC,TT,CC,AG,CC,GG,CC,GG,CT,AG,CC,CC,CC,CC,AA,GT,CC,AA,CC,CC,AA,TT,AA,AT,GG,CC,CC,GG,AA,AA,AA,CC,GG,CC,CC,AA,AA,GG,TT,NN,AA,TT,CT,GG,CC,TT,TT,TT,CC,AA,TT,TT,AT,TT,GG,CC,AA,CT,CC,CC,GG,AC,AA,GG,AG,CC,TT,CG,GG,GG,CG,AA,AA,AA,TT,AC,GG,AC,AC,CC,GG,AG,AC,GG,TT,AA,AA,CC,GG,AT,AC,AA,AT,GG,TT,AT,AT,GG,GG,AA,CC,AT,GT,AA,GG,AA,TT,AA,TT,CC,TT,AA,CC,CC,GG,AG,CC,GG,CC,TT,CT,GT,GG,TT,AA,CC,AA,GG,CC,CC,GG,CC,GT,TT,AA,CC,TT,GG,CC,CC,AA,GG,CG,AA,CC,AA,AA,CC,CG,CC,TT,AA,GG,AA,AA,AA,AA,AG,NN,AA,AA,TT,GG,AA,AA,CC,AA,TT,AG,AG,GG,GG,GG,TT,AA,AG,GT,TT,AT,AG,AT,GG,GG,AA,4.1,Moderate,Medium,Standard,Medium
L0377,Coimbatore,Tamil Nadu,Kharif,Red Loamy,Rainfed,650,29.5,68,AC,CT,GG,AA,GG,CC,GG,TT,CC,CC,AA,CC,CG,AT,TT,GG,CC,TT,AT,AA,CC,GT,GT,CC,TT,CT,TT,AT,GG,AA,TT,CC,AA,AC,GG,GG,GG,CC,GG,CC,TT,TT,AC,NN,AG,NN,TT,TT,CC,CC,GG,AT,AA,GG,CT,TT,AA,AA,GT,AC,AA,TT,AT,AA,TT,TT,CC,GG,TT,GG,AA,GG,CC,AA,NN,AC,NN,GG,TT,TT,GG,GG,GT,CC,AA,GG,AA,TT,CG,TT,CC,TT,CT,TT,TT,AG,TT,CC,TT,CC,CT,CC,AA,AG,TT,GT,CC,AA,AG,AA,CT,GG,TT,CC,GT,AA,AA,TT,CC,AG,CC,AG,CC,GT,CT,GG,CT,CC,CC,CC,AG,TT,CC,AA,CC,CT,AA,TT,AA,AT,CG,CT,CC,GG,AA,AA,AA,CC,GG,CC,CC,AG,AA,AG,TT,AG,AC,TT,CC,GG,CC,GT,GT,TT,CG,AA,GT,TT,AT,TT,GG,CC,AA,TT,CC,CC,GG,CC,AT,GG,AG,CC,TT,CC,GT,GT,GG,TT,AA,AA,TT,CC,GG,AA,CC,CC,GG,GG,AC,GG,TT,AA,AA,CC,GG,AA,AC,AA,AT,GG,TT,TT,AT,CG,GT,AT,CG,TT,GT,AA,GG,AA,TT,AA,TT,CG,TT,AA,CC,CT,GG,AG,CC,AG,AC,TT,TT,GG,GG,TT,AC,CC,AA,GG,CC,CC,GG,CC,GG,AT,AA,CG,TT,GG,CC,CC,AT,GG,CG,AA,CG,AA,AA,CC,CG,CC,TT,AA,CG,AA,AA,AC,AA,GG,AA,AG,AA,TT,GG,AA,AG,AC,AA,CT,AG,AA,GG,GG,GG,GT,AT,AG,TT,TT,TT,GG,AT,GG,GG,AA,2.71,Moderate,High,Premium,Late
L0378,Coimbatore,Tamil Nadu,Kharif,Red Loamy,Rainfed,650,29.5,68,AA,CT,GG,AG,GG,CC,GG,AT,CC,GG,AA,CC,CC,TT,TT,GG,GG,TT,TT,AG,CC,TT,TT,CC,TT,CC,TT,AT,GG,AA,CT,CC,AA,CC,AG,GG,GG,CG,GG,CC,TT,TT,AA,TT,AG,AG,TT,TT,CC,AC,GG,AA,AA,GG,CT,TT,AA,AA,GG,AA,AG,TT,TT,AA,TT,TT,CC,GG,CT,GG,AA,GG,CC,AA,GG,AA,AA,GG,TT,TT,GG,TT,GT,CC,AA,GG,AA,AA,CC,GT,CC,TT,CT,TT,NN,GG,CC,CC,GT,CC,CT,CG,AG,AG,TT,TT,CC,AA,AA,AA,CC,GG,TT,CG,GT,AA,AA,TT,CG,GG,CC,GG,CC,GG,TT,AA,CC,CC,CC,CC,AA,TT,CC,AA,CC,CC,AA,TT,AG,AT,CG,CC,CC,GG,AA,AG,AT,CC,GG,CC,CG,AA,AG,AG,TT,GG,AA,GT,CT,GG,CC,TT,GT,CT,CC,AT,TT,TT,AT,TT,CG,CG,AG,CC,CC,AC,GG,CC,AA,GG,GG,CC,TT,CC,GG,TT,GG,AT,AA,AA,GT,CC,GG,AC,CC,CC,GG,GG,AA,CG,TT,NN,AA,CC,GG,AA,AC,AA,AT,GG,TT,AT,AA,GG,GT,AA,CC,AT,GT,AA,GG,AA,CT,AC,TT,CC,CT,AA,CC,TT,CG,AG,NN,GG,CC,TT,CT,TT,GG,TT,AA,AC,AA,GT,CC,CG,GG,CC,GG,TT,AG,CG,GG,GG,CG,CG,AA,GG,CG,AA,CC,AA,AA,AC,CG,CC,TT,AA,GG,AA,AA,AC,AA,GG,AG,AG,AA,TT,GG,AA,AA,AC,AA,CT,AG,AA,GG,AG,CG,TT,AT,AA,TT,TT,TT,GG,AT,GG,GG,AA,5.74,Moderate,Medium,Standard,Early
L0379,Coimbatore,Tamil Nadu,Kharif,Red Loamy,Rainfed,650,29.5,68,AC,TT,GG,AG,GG,CC,GG,AT,CC,CC,AA,CC,CG,TT,TT,GG,GG,NN,TT,AG,CC,TT,GT,CC,TT,CC,TT,TT,GG,AA,TT,TT,AA,CC,GG,GG,GG,CC,GG,CC,TT,TT,AA,GT,GG,AG,TT,TT,CC,AC,GG,AA,AA,CG,CC,TT,AT,AC,GG,AA,AG,TT,AT,AA,TT,TT,CC,GG,TT,GG,AA,GG,CC,AA,GG,AC,AA,GG,TT,TT,GG,GG,GT,CC,AA,GG,AA,AT,CC,TT,AC,GT,CC,TT,GT,AG,TT,CC,GG,CC,CT,CG,AG,AA,TT,TT,CC,AA,AG,AA,CT,GG,TT,CC,TT,AA,AA,TT,CG,NN,CG,GG,CC,GG,TT,AA,CC,CC,CC,CC,AA,GT,CC,AA,CC,CC,AA,TT,AA,AA,GG,CC,CC,GG,AG,GG,AA,CC,GT,CG,CC,AA,AA,GG,GT,GG,AA,TT,CT,GG,CC,GG,TT,TT,CG,AT,TT,TT,AT,TT,GG,CG,AA,CT,CC,CC,GG,CC,AT,GG,AA,CC,TT,CC,GG,TT,GG,AA,AA,AA,TT,CC,GG,AC,AC,CC,NN,AG,AA,GG,TT,AC,AA,CC,GG,AT,CC,AA,AA,GT,TT,TT,AT,GG,GT,AA,CG,AA,TT,AA,GG,AA,CT,AC,TT,CC,TT,AA,CC,TT,GG,AG,CG,AG,CC,TT,CT,NN,GG,TT,AC,AC,AA,GG,CC,CC,GG,CC,GG,TT,AG,CC,TT,GG,CC,CC,AT,GG,CC,AA,CC,AA,AA,CC,CC,AC,TT,AA,GG,AA,AA,AA,AA,AA,AA,AA,AA,AT,GG,AA,AG,CC,AA,TT,AG,AA,GG,AG,GG,GT,AA,AA,GT,TT,TT,AG,AT,GG,CG,AA,2.34,Moderate,Medium,Premium,Early
L0380,Coimbatore,Tamil Nadu,Kharif,Red Loamy,Rainfed,650,29.5,68,AA,CT,GG,GG,GG,CC,TT,AT,CC,NN,AA,CC,CC,TT,TT,GG,GG,TT,TT,AA,CC,TT,TT,CC,TT,CC,TT,AT,GG,AA,TT,TT,AA,CC,GG,GG,GG,CG,GG,CC,TT,TT,AA,TT,AG,GG,TT,TT,NN,CC,GG,AA,AG,GG,CC,TT,AA,AC,TT,AA,AA,NN,AA,AA,CT,AT,CC,GG,TT,GG,AG,GG,CC,NN,AG,AA,AT,GG,GT,TT,GG,GT,GG,CC,AT,GG,AG,AA,CC,TT,AC,GT,CT,TT,TT,AG,CT,CC,GT,CT,CC,NN,GG,AA,AT,TT,NN,AA,AG,AA,CT,GG,TT,CG,TT,AC,CC,TT,CC,AA,CC,AG,CC,GT,CT,AA,CC,CC,AC,CC,AA,TT,CC,AA,CC,CC,AA,TT,AA,AA,GG,CC,CC,GG,AA,AA,AA,CC,GT,CC,CC,AA,AG,AG,TT,AG,AA,TT,TT,GG,AC,TT,GT,TT,CG,AA,TT,TT,AA,TT,GG,CC,AG,CT,CC,CC,CC,CC,AA,GG,AG,CC,TT,CC,GT,TT,GG,AT,AA,AA,TT,CC,GG,AC,CC,CC,GG,GG,AC,GG,TT,AA,AA,CC,GG,AA,CC,AA,TT,GG,TT,TT,AA,GG,GT,AT,CC,AT,TT,AA,GG,AA,CT,AA,AT,CG,TT,AA,AC,CT,GG,AG,CG,AG,CC,TT,TT,TT,GG,AT,AA,CC,AA,GG,CC,GG,GG,CC,GG,TT,AA,CC,TT,GG,CC,CG,AA,GG,CG,AT,CC,AA,AA,CC,CG,CC,TT,AA,GG,AA,AA,AC,AA,GG,GG,AG,AA,TT,CG,AC,AA,AC,AA,CT,AA,AA,GG,GG,GG,TT,TT,AA,TT,TT,TT,GG,TT,GG,GG,AA,2.78,Susceptible,Low,Poor,Late
L0381,Coimbatore,Tamil Nadu,Kharif,Red Loamy,Rainfed,650,29.5,68,AC,CT,GG,AA,GG,CC,GG,TT,CC,CC,TT,CT,CC,TT,TT,GG,CG,TT,AT,AA,CC,GG,GT,CC,TT,CC,TT,TT,GT,AA,TT,CT,AA,CC,GG,CC,GG,CC,GG,CC,TT,CC,AA,GT,AA,GG,TT,TT,CG,AA,GG,AA,AG,GG,CT,TT,AA,AC,GT,AA,AA,TT,TT,GG,TT,TT,CC,GG,TT,GG,AA,GG,CC,AA,AG,CC,AT,GG,TT,TT,GG,GT,TT,CC,AA,GG,AA,AT,CC,TT,CC,TT,TT,TT,TT,GG,TT,CC,TT,CC,CC,CC,AA,AA,TT,TT,CC,AA,GG,AC,CC,GG,TT,CC,GT,AA,AA,TT,CC,AG,CC,GG,CC,GG,TT,AA,CT,CC,CC,CC,AA,TT,CC,AA,CC,CC,AA,TT,AA,AA,GG,CC,CC,GG,AA,AG,AA,AC,GG,CG,CC,AA,AA,AG,TT,GG,AA,TT,CC,AG,AA,TT,TT,TT,CG,AA,GT,TT,AA,TT,GG,CC,AG,TT,CC,CC,GG,CC,AA,GG,AG,AC,TT,CC,GT,TT,GG,AT,NN,AA,TT,CC,GG,AA,CC,CC,GG,GG,CC,GG,TT,AA,AA,CC,GT,AT,AC,AA,AA,GG,TT,TT,NN,CG,GG,AT,CC,AT,TT,AA,GG,AA,TT,AC,TT,CC,TT,AA,CC,TT,GG,GG,CG,AG,CC,TT,TT,GT,GG,TT,AC,CC,AA,GG,CC,CC,GG,CC,GG,AT,NN,CC,TT,GG,CC,CC,AA,GG,CC,AT,CC,AT,AA,AC,CG,AA,TT,AA,CG,AA,AA,AA,AA,GG,AA,AG,AA,TT,GG,AC,AG,CC,AA,TT,AA,AA,GG,AG,GG,TT,AA,NN,TT,TT,TT,AG,TT,GG,GG,AA,3.48,Susceptible,High,Standard,Medium
L0382,Coimbatore,Tamil Nadu,Kharif,Red Loamy,Rainfed,650,29.5,68,CC,TT,GG,AG,GG,CC,GG,AT,CC,CC,AA,CC,CC,TT,TT,GG,GG,TT,TT,AA,NN,GT,GT,CC,TT,CT,TT,TT,GG,AA,TT,CT,AA,CC,AG,CG,GG,CG,GG,CC,TT,TT,AC,TT,AA,GG,TT,TT,CC,AC,GT,AA,AA,GG,CC,GT,AA,AC,TT,AA,AA,TT,TT,AG,TT,TT,CC,GG,TT,GT,GG,GG,CC,AA,GG,AA,AA,GG,TT,TT,GG,GG,GG,AC,AA,GG,AA,AA,CG,TT,CC,TT,CC,AT,TT,AG,TT,AC,GT,CC,CT,CG,GG,AA,TT,TT,CC,AA,AG,AC,CC,GG,TT,CC,GT,AA,AA,AT,CC,GG,CC,GG,CC,GG,TT,AA,CC,CC,CC,NN,NN,TT,CC,AA,CC,CC,AA,TT,AA,AT,CG,NN,CC,GG,AA,AG,AA,CC,GG,CC,CC,AG,AA,GG,TT,GG,AA,GT,TT,GG,CC,TT,TT,CT,CC,AT,TT,TT,AA,TT,GG,CC,AA,TT,CC,CC,GG,CC,AA,AG,AG,CC,TT,CC,GG,TT,CG,TT,AA,AA,GT,CC,CG,AA,AC,CG,GG,GG,AC,GG,TT,AA,AA,CC,GG,AA,AC,AA,AA,GT,GT,TT,AA,CG,GT,AA,CC,TT,GT,AA,GG,AA,TT,AA,TT,CC,TT,AA,CC,TT,GG,AA,CC,GG,CC,TT,CT,GT,GG,TT,AA,AA,AA,GT,CC,CG,GG,CC,GG,TT,AA,CC,GT,GG,CG,CC,AA,GG,CC,AA,CC,AA,AA,CC,CC,CC,AT,AA,GG,AA,AA,AC,AA,GG,AA,AA,AA,TT,GG,AA,AA,AC,AC,TT,AG,AA,GG,GG,GG,TT,AT,AA,GT,TT,TT,AA,TT,GG,GG,AA,3.0,Moderate,High,Standard,Early
L0383,Coimbatore,Tamil Nadu,Kharif,Red Loamy,Rainfed,650,29.5,68,AA,TT,GG,AA,GG,CG,GG,AT,CC,CG,AT,CT,CC,AT,TT,GT,GG,TT,TT,AA,CC,GG,TT,CC,TT,CC,TT,TT,GT,AA,TT,CT,AA,CC,GG,NN,GG,CG,GG,CC,TT,NN,NN,TT,AG,GG,TT,TT,CC,AA,GT,AA,AA,GG,CC,TT,AA,AC,NN,AC,AA,TT,TT,AA,TT,AT,CC,GG,TT,GG,AG,GG,CC,AA,AG,AA,AT,GG,TT,TT,GG,TT,GG,CC,AA,GG,AA,AA,CC,GT,CC,TT,CC,AT,TT,GG,TT,CC,GT,CC,CT,GG,GG,AA,AT,TT,CC,AA,AA,AA,CT,GG,TT,CC,TT,AA,NN,TT,CC,GG,CG,GG,CT,GG,TT,AA,CC,CC,CC,CC,AA,TT,CC,AA,CC,CC,AA,TT,AA,AA,GG,CC,CC,GG,AA,AG,AT,AC,GT,CC,CC,AA,AA,GG,TT,GG,CC,GT,TT,GG,CC,GT,TT,TT,GG,AT,TT,TT,AT,AT,GG,CC,AG,CC,CC,NN,GG,AC,AA,GG,AA,CC,TT,CG,GT,TT,GG,AT,AA,AG,TT,CC,CG,AA,CC,CC,GG,GG,AA,GG,TT,AC,AA,CC,GG,AT,CC,AA,TT,GG,GT,TT,AA,GG,TT,AA,CC,TT,GG,AA,GG,AA,CT,AA,TT,CC,TT,CC,CC,TT,CG,AA,CG,AG,CC,TT,TT,TT,GG,TT,AA,AC,AG,GG,CC,CC,GG,CC,GG,AT,AA,CC,GT,GG,CC,CC,AA,GG,CC,AT,CC,AA,AA,AC,CC,AA,TT,AA,GG,AA,AA,CC,AA,AG,AA,AG,AA,TT,GG,AA,AA,AC,CC,CC,AA,AA,GG,GG,GG,TT,AA,AA,TT,TT,TT,AG,AT,GG,NN,AA,4.73,Susceptible,Medium,Premium,Early
L0384,Coimbatore,Tamil Nadu,Kharif,Red Loamy,Rainfed,650,29.5,68,AA,TT,GG,AA,GG,CC,TT,TT,CC,CC,AA,CT,CC,TT,TT,GT,GG,TT,TT,AG,GG,TT,GT,CT,TT,CC,GT,NN,GG,AA,TT,CC,AA,CC,GG,CG,GG,CG,GG,CC,NN,TT,AA,GT,AA,GG,TT,TT,CC,AC,GG,AA,AA,GG,CC,GT,AA,CC,GT,AC,AA,GT,AT,AG,CT,AT,CC,GG,TT,GG,AA,GT,CC,AA,GG,AA,AA,GG,TT,NN,GG,GG,GG,CC,AA,GG,AA,AA,CG,GT,CC,TT,CT,AT,TT,GG,CT,CC,TT,CC,CT,CC,AG,AG,TT,TT,CC,AA,AG,AC,CC,GG,GT,CC,TT,AA,AA,TT,CG,AG,CG,GG,CC,TT,CT,AA,NN,CC,AC,CC,AA,GT,NN,NN,CC,CC,AA,TT,AA,AA,GG,CT,CC,GG,AG,AA,AA,CC,GT,CG,CC,AA,AA,GG,TT,GG,AC,GT,CT,GG,CC,GT,TT,TT,CC,AA,TT,TT,AT,AT,GG,CG,AA,CC,CC,CC,GG,CC,AA,GG,GG,CC,TT,CC,GG,GT,CC,TT,AA,AG,TT,CC,GG,AC,AC,CC,CG,GG,AA,CG,TT,AC,AA,CC,GT,AA,CC,AA,AA,GG,TT,AT,AT,NN,GT,AT,CC,AT,TT,AA,GG,AA,CT,AA,AT,CC,TT,AA,CC,TT,GG,AG,CG,GG,CC,AT,CC,TT,GG,TT,AC,CC,AG,NN,CG,CC,GG,CC,GG,AA,AA,CC,GT,GG,CC,CG,AA,GG,NN,AA,CG,NN,AA,CC,CG,AC,TT,AA,GG,AA,NN,AC,AA,AG,GG,AA,AA,TT,GG,AA,AA,AC,AA,CT,AA,AA,GG,AG,GG,TT,AA,AA,TT,TT,TT,AA,AT,GG,CG,AC,4.11,Resistant,Low,Premium,Medium
L0385,Coimbatore,Tamil Nadu,Kharif,Red Loamy,Rainfed,650,29.5,68,AA,TT,GG,AG,CG,CG,TT,TT,CC,CG,AA,TT,CG,TT,TT,GG,CC,TT,TT,AA,CG,TT,GT,CC,TT,CC,GT,TT,GG,AA,CT,CC,AA,CC,GG,GG,GG,CC,GG,CC,TT,CT,AA,TT,AA,AG,NN,TT,CC,AA,GG,AA,AA,GG,CC,TT,AA,AA,TT,CC,AA,TT,AT,AA,TT,TT,CC,GG,TT,GG,AA,GG,CC,AA,GG,AA,AA,GG,GT,TT,GG,GG,GT,CC,AA,GG,AA,AT,CC,GG,AC,TT,CC,AT,TT,GG,CT,CC,TT,CC,CC,CC,AG,NN,TT,TT,CG,AA,AG,AA,CT,GG,TT,CC,TT,CC,AA,AT,CC,GG,CC,GG,CC,GT,NN,AA,CC,CC,CC,CG,AA,TT,CC,AA,CC,CT,AA,TT,AA,TT,GG,CC,CC,GG,AA,AG,AA,CC,NN,CC,CC,AA,AA,GG,TT,GG,AC,NN,TT,GG,AA,GT,GT,NN,CG,AA,TT,TT,AT,TT,GG,CC,AG,CT,CC,CC,GG,CC,AA,GG,AA,CC,TT,CC,GT,GT,GG,TT,AG,AG,TT,CC,CG,AA,AC,CC,GG,GG,AA,GG,TT,AC,AA,CC,GT,AA,CC,AA,AA,GG,TT,AT,AT,CG,NN,AA,CC,TT,TT,AA,GG,AA,TT,AA,TT,CG,CC,AA,CC,CT,GG,AA,CC,AA,AC,TT,CT,GT,GG,TT,AC,CC,AA,GT,CC,CC,GG,CC,GG,AA,AA,CC,GT,GG,CC,CC,AT,AG,CC,AT,CC,AT,AA,CC,CC,AC,AT,AA,GG,AA,AA,AA,AA,AG,AG,AG,AA,TT,GG,CC,AG,AA,AC,TT,AA,AA,CG,GG,GG,TT,AA,AA,TT,TT,TT,AA,TT,GG,GG,AA,4.06,Susceptible,Low,Poor,Late
L0386,Coimbatore,Tamil Nadu,Kharif,Red Loamy,Rainfed,650,29.5,68,AA,TT,GG,AA,GG,CC,GG,TT,CC,CG,AT,CC,CC,TT,TT,GT,CG,TT,TT,AA,CC,TT,GT,CC,TT,CC,TT,TT,GG,AA,TT,CC,AA,CC,GG,GG,GG,CC,GG,CC,TT,TT,AA,TT,AA,AA,TT,TT,CC,AC,GG,AA,AA,GG,CC,TT,AA,AA,GT,AC,AA,TT,AA,AA,TT,AT,CC,GG,TT,GG,AA,GG,CC,AA,AG,AC,AA,GG,GT,NN,GG,GG,GT,CC,NN,GG,NN,AT,CC,TT,CC,TT,CT,TT,TT,GG,CT,CC,TT,CC,CC,CG,AG,AA,AT,TT,CC,AA,AG,AA,CT,GG,TT,CC,TT,AA,AA,TT,CC,AG,CC,GG,CC,GG,CT,AA,CC,CC,CC,CC,AA,TT,CC,AC,CC,CC,AA,TT,AA,AT,CC,CT,NN,GG,AG,AG,AA,CC,GG,CC,CC,AA,AA,AG,TT,GG,AA,GT,TT,GG,AA,GT,TT,TT,CG,AA,TT,NN,AA,AT,GG,CC,AA,CT,CC,CC,GG,CC,AA,GG,AA,CC,TT,CG,GT,TT,CG,AT,AA,AA,TT,AC,GG,AA,AC,CC,GG,GG,AC,CG,TT,AA,AG,CC,GG,NN,AA,AA,AA,GT,TT,AA,AT,CG,TT,AA,CC,AT,GT,AA,GG,AA,TT,AA,TT,CC,TT,AC,CC,CT,GG,AG,CG,AG,AC,TT,TT,TT,GG,TT,AC,AA,AA,GG,CC,CC,GG,CC,GG,AA,AA,CC,GG,GG,CC,CG,AA,GG,CG,AT,CG,AA,AA,AC,CG,CC,NN,AA,GG,AT,AA,AA,AA,GG,AG,AA,AA,TT,GG,AA,AG,AC,AA,TT,AA,AG,GG,GG,CG,TT,AT,AG,TT,TT,TT,AG,TT,GG,GG,AA,2.26,Susceptible,Low,Poor,Late
L0387,Coimbatore,Tamil Nadu,Kharif,Red Loamy,Rainfed,650,29.5,68,AA,TT,GG,AG,GG,CC,GG,TT,CC,CG,AT,CC,CC,TT,TT,GG,CG,TT,NN,AA,CC,TT,GG,CC,TT,CC,TT,TT,GG,AA,CT,CC,AA,CC,GG,CG,GG,CC,GG,CC,TT,TT,AA,GT,AA,GG,TT,TT,CC,CC,GG,AA,AA,GG,NN,TT,AA,AA,GT,AC,AA,TT,AA,AA,TT,AT,CC,GG,TT,GG,AG,GG,CC,AA,GG,AA,AT,GG,TT,TT,GG,GG,GT,CC,AT,GG,AA,TT,CC,GG,CC,TT,NN,AT,GG,GG,CT,CC,TT,CT,CC,CC,AG,AA,TT,TT,CC,AG,AG,AA,CC,GG,TT,CC,TT,AA,AA,TT,CG,AA,CC,AG,CC,GT,TT,AA,CC,CC,CC,CC,AA,GT,CC,AA,CC,CC,AA,TT,AG,AA,GG,CT,CC,AG,AA,AA,AA,CC,GT,CC,CC,AA,AA,GG,TT,AG,AA,GT,TT,GG,CC,GT,TT,TT,CC,AA,GT,TT,AT,AT,GG,CC,AG,CC,CC,CC,GG,NN,AA,GG,AG,AC,TT,CC,GG,GT,CG,TT,AA,AA,TT,CC,GG,AA,CC,CC,GG,GG,AA,GG,TT,AA,AA,CC,GG,AA,CC,AA,AA,GG,GT,TT,AT,GG,GG,AA,CC,AT,GT,AA,GG,AA,TT,AA,TT,CC,CT,AC,NN,TT,GG,NN,GG,AG,CC,TT,TT,GG,GG,TT,AA,AC,AA,GG,CC,GG,GG,CC,GG,AT,AA,CC,TT,GG,CC,CC,TT,GG,NN,AA,CG,AA,AA,CC,CC,CC,TT,AA,CG,AA,AC,AA,AA,AA,AA,AA,AA,AT,GG,CC,AG,AA,AC,CT,AA,AG,GG,GG,GG,TT,AA,AA,GT,TT,TT,AA,TT,GG,GG,AA,2.25,Susceptible,Low,Premium,Late
L0388,Coimbatore,Tamil Nadu,Kharif,Red Loamy,Rainfed,650,29.5,68,AC,TT,AG,AG,GG,CC,GG,TT,CC,CC,AA,CC,CC,TT,TT,GG,CC,TT,TT,AA,CG,TT,GT,CC,TT,CC,GT,TT,GT,AA,TT,CT,AA,CC,GG,CG,GG,CC,GG,CC,TT,TT,AA,TT,AA,GG,TT,TT,CC,CC,GT,AA,AA,GG,CT,TT,AA,AC,GT,AA,AG,TT,TT,AA,CT,TT,CC,GG,TT,GG,AG,GG,CC,AA,AG,AC,TT,GG,NN,TT,GG,GG,GT,CC,AA,GG,AA,AA,CC,GT,CC,TT,CC,TT,GT,GG,CC,CC,TT,CT,CC,CG,AG,AA,AT,TT,CG,AA,AG,AC,TT,GG,TT,CG,GT,AC,AA,TT,CC,AG,CG,GG,CC,TT,CT,AA,CC,NN,CC,CC,AA,TT,CC,AA,CC,CC,AA,TT,AA,AA,GG,CT,CC,GG,AA,AA,AA,CC,TT,CG,CC,NN,AG,AG,TT,GG,AC,GT,NN,GG,CC,TT,TT,TT,CG,AA,TT,TT,AA,TT,GG,CG,AA,CC,CC,CC,CG,CC,AA,GG,GG,CC,TT,CC,GT,TT,CG,TT,AA,AG,TT,AC,CG,AC,NN,CC,GG,AA,AC,GG,TT,AC,AA,CC,GG,AA,AC,AA,AT,GT,GT,AA,AA,GG,GT,AT,CC,TT,TT,AA,GG,AA,CT,AA,TT,CC,CT,AA,AC,CC,GG,GG,CC,AA,CC,TT,CT,TT,GG,TT,AA,CC,AA,GG,CC,CC,GG,CC,GG,AA,AA,CC,TT,GG,CC,CG,AA,GG,CC,AT,CC,AA,AA,CC,CC,CC,AT,AA,GG,AA,AA,AA,AA,AG,AG,AA,AA,TT,GG,AA,AA,AC,AC,CC,AA,AG,GG,GG,CG,TT,AA,AA,TT,TT,TT,AG,AA,GG,CG,AA,6.5,Moderate,Low,Premium,Late
L0389,Coimbatore,Tamil Nadu,Kharif,Red Loamy,Rainfed,650,29.5,68,AA,CT,GG,AA,GG,CC,GG,NN,CC,CG,AA,CC,CC,AT,GT,GT,CG,TT,TT,AG,NN,TT,TT,CT,TT,CC,TT,AT,GG,AA,CT,CC,NN,CC,GG,GG,GG,CC,GG,CC,TT,CC,AC,TT,AA,GG,TT,TT,CC,CC,GG,AT,AG,GG,CC,GT,AA,AC,TT,AA,AA,TT,TT,AA,TT,TT,CC,GG,TT,GG,AG,GT,CC,AA,GG,AA,AA,GG,TT,CT,GG,GG,GT,CC,AA,GG,AA,AA,CC,GT,AC,TT,CT,TT,GT,AG,CT,AA,GT,CC,CT,CG,AG,AA,TT,TT,CC,AA,GG,AC,CT,GG,TT,CC,TT,AC,AA,TT,CC,AG,CC,GG,CC,GG,CT,AA,CC,CC,AC,CC,AA,TT,CC,AA,CC,CC,AA,TT,AA,AT,GG,CC,CC,AG,AA,GG,AA,CC,GG,CC,CC,AA,AG,GG,NN,AG,AA,GT,CT,GG,CC,TT,GT,CT,CG,TT,GT,TT,AT,TT,GG,CC,AG,CT,CC,CC,CG,CC,AA,GG,AG,CC,TT,CG,GG,TT,CG,AT,AA,AG,TT,CC,CG,AA,CC,CC,GG,GG,AC,GG,TT,AA,AA,CC,GG,AA,CC,AA,AT,GG,TT,AT,AA,CG,GT,AT,CC,AA,TT,AA,GG,AG,CC,AA,TT,CC,TT,AC,CC,CT,CG,AA,CC,GG,CC,TT,CT,TT,GG,AT,AA,AC,AA,GG,CC,CG,GG,CC,GG,TT,AA,CC,TT,GG,CC,CG,AT,GG,CC,AT,CC,AA,AA,CC,CG,AC,AT,AA,GG,AA,AA,AC,AA,AA,AA,NN,AA,TT,GG,AA,AA,AC,AC,CC,AA,AA,GG,GG,GG,TT,AA,AG,TT,TT,TT,AA,AT,GG,CG,AA,4.06,Resistant,Medium,Standard,Medium
L0390,Coimbatore,Tamil Nadu,Kharif,Red Loamy,Rainfed,650,29.5,68,AC,CT,GG,NN,GG,CC,GG,TT,CC,CC,AT,NN,CG,TT,GT,GT,CC,TT,AT,AA,CC,TT,TT,CC,AT,CC,GT,TT,GG,AA,TT,CC,AA,CC,GG,GG,GG,CC,GG,CC,TT,CT,AA,GT,AA,AG,TT,TT,CC,AA,GT,AA,AA,GG,CC,TT,AA,AA,GT,AA,AG,TT,NN,AG,TT,AT,CC,GG,TT,GT,AA,GT,CC,AA,AG,AC,AT,AG,TT,TT,GG,GG,GT,CC,AT,AG,AA,AA,CC,GT,CC,TT,CC,TT,GT,AG,TT,CC,TT,CC,CC,CC,GG,AA,AT,GT,CC,AA,AA,AC,TT,GG,TT,CC,TT,NN,AC,TT,CC,GG,CC,AG,CC,GG,TT,AA,CT,CC,CC,CC,AA,TT,CC,AA,CC,CT,AG,TT,AA,AT,GG,CC,CC,GG,AA,AG,AA,CC,GT,CC,CC,AA,AA,AG,TT,GG,AC,TT,TT,GG,CC,GT,TT,TT,GG,TT,TT,TT,AT,AT,CG,CC,AA,CT,CC,CC,CG,CC,AA,GG,GG,CC,TT,CC,GT,GT,GG,AT,AA,AA,TT,CC,GG,AA,CC,CC,GG,GG,NN,GG,TT,AA,AA,CC,GG,AA,CC,AT,AT,GG,TT,TT,AA,GG,GT,AA,CC,TT,GT,AA,GG,AA,TT,AA,TT,CG,TT,AC,AC,TT,CG,AA,CG,AG,AC,TT,CT,TT,GG,TT,AC,AC,AA,GG,CC,CG,GG,CC,GG,TT,AG,CC,TT,GG,CC,CC,AA,GG,CC,AA,CC,AA,AA,AC,CC,AC,TT,AA,GG,AA,AA,AA,AA,AG,AA,AA,AA,AT,GG,AA,AA,CC,AC,CT,AA,AA,GG,GG,GG,TT,AA,AA,GG,TT,TT,AA,TT,GG,GG,AA,3.23,Susceptible,High,Poor,Medium
L0391,Coimbatore,Tamil Nadu,Kharif,Red Loamy,Rainfed,650,29.5,68,AA,NN,AG,AG,GG,CC,GT,TT,CC,GG,AA,CT,CC,AT,TT,GG,GG,TT,TT,AA,CC,TT,GT,CT,TT,NN,TT,AT,GG,AA,TT,CT,AA,CC,GG,GG,GG,CG,GG,CC,TT,TT,AC,TT,AA,GG,TT,AT,CC,AC,GG,AA,AA,GG,CC,NN,AA,AC,GG,AA,AG,GT,AT,AA,CT,AT,CC,GG,TT,GG,AA,GG,CC,AA,GG,AC,AT,GG,TT,TT,GG,GG,GT,CC,AT,GG,AA,AA,CC,TT,CC,GT,CT,TT,GT,GG,TT,CC,TT,CC,CC,CC,GG,AA,TT,TT,CC,AA,AG,AC,CC,GG,TT,CG,GT,AA,AA,TT,CC,AG,CG,GG,CT,GT,NN,AA,CC,CC,CC,CC,AA,TT,CC,AA,CC,CC,AA,AT,AA,AT,GG,CC,CG,GG,AA,GG,AA,CC,GT,CG,CC,AA,AA,GG,TT,GG,AA,TT,CT,GG,CC,GT,GG,TT,CC,NN,GT,TT,AT,TT,CG,CC,AG,CT,CC,AC,CG,CC,AA,NN,AA,CC,TT,CC,GT,TT,CG,TT,AA,AA,NN,CC,GG,AA,CC,CC,GG,GG,AC,GG,TT,AC,AA,CC,GG,AT,AC,AA,AT,GT,TT,AA,TT,CG,GG,AA,CC,TT,GT,AA,GG,AA,TT,AA,TT,CG,CT,AC,CC,TT,NN,AA,CC,AG,CC,TT,CT,GT,GG,AT,AA,AC,AG,GG,CC,CC,GG,CC,GG,TT,AA,CC,TT,GG,CC,CC,AA,GG,CC,AA,CC,AA,AA,AC,GG,CC,TT,AA,GG,AA,AC,AC,AA,AG,AA,AA,AA,TT,CG,NN,AA,AC,AC,CT,AG,AG,GG,GG,GG,TT,AT,AG,TT,TT,TT,AG,AT,GG,CG,AA,0.7,Moderate,Low,Premium,Late
L0392,Coimbatore,Tamil Nadu,Kharif,Red Loamy,Rainfed,650,29.5,68,AA,TT,GG,AG,GG,CC,GT,TT,CC,CG,AA,CC,CC,TT,TT,GG,GG,TT,AT,AA,CC,GT,TT,CC,TT,CC,TT,TT,GG,AA,TT,CC,AA,CC,GG,CG,GG,CG,GT,CC,TT,CT,AA,GT,NN,AG,TT,AT,CG,CC,GG,AT,AA,GG,CC,GT,AT,AA,GT,AA,AA,TT,TT,AA,CT,NN,CC,GG,TT,GG,AG,GG,CC,AA,AG,CC,AT,GG,TT,TT,GG,GG,GG,CC,AT,GG,AG,AT,CC,GT,AC,TT,CT,TT,NN,GG,TT,CC,TT,CC,TT,GG,GG,AA,AT,TT,CC,AA,AA,AA,CC,GG,TT,CG,GT,AA,AA,AT,CC,AG,CC,GG,CC,GT,TT,AA,CT,CC,NN,CC,AA,TT,AC,AA,CC,CT,AA,TT,AG,AT,GG,CC,CC,GG,AA,AG,AA,AC,GG,CC,NN,AA,AG,GG,NN,GG,AA,TT,CT,AG,AC,GT,TT,TT,NN,AT,TT,TT,AA,AT,CG,CC,AA,CC,CC,CC,GG,AC,AA,GG,GG,CC,TT,CG,GG,GT,CG,AT,AA,AG,TT,AC,GG,AA,CC,CC,GG,GG,AA,GG,TT,AA,AA,NN,GG,AA,CC,AT,TT,GG,TT,TT,TT,GG,GT,AA,CG,TT,GT,AA,GG,AA,TT,AA,TT,CC,TT,AA,CC,TT,CG,AG,CC,GG,CC,TT,TT,GT,GG,TT,AA,CC,AA,GG,CC,CG,GG,CC,GG,TT,AA,CC,TT,GG,CG,CC,AA,GG,CC,AT,CC,AA,AA,AA,CG,CC,TT,AA,GG,AA,AA,AC,AA,AG,AA,AA,AA,TT,GG,AC,AG,AC,AA,CT,AA,AA,GG,GG,GG,TT,AT,AA,GT,TT,TT,AA,TT,GG,GG,AC,3.98,Resistant,Low,Poor,Medium
L0393,Coimbatore,Tamil Nadu,Kharif,Red Loamy,Rainfed,650,29.5,68,AA,TT,GG,AG,GG,CC,GG,AT,CC,CG,AA,CC,CC,AT,TT,GG,CG,TT,TT,AA,CC,GT,GT,CT,TT,CC,TT,TT,GG,AA,TT,TT,AG,CC,GG,GG,GG,CG,GG,AC,GT,CT,AA,GT,AA,GG,TT,TT,CC,CC,GG,AT,AA,GG,CT,TT,AA,AC,NN,AA,AG,TT,AT,AG,TT,TT,CC,GG,TT,GG,AA,GG,CC,AA,NN,CC,AA,AG,TT,NN,GG,GT,GG,CC,AA,GG,AA,AA,CC,TT,AC,TT,TT,TT,GT,GG,CT,CC,TT,CC,CC,CG,GG,AA,TT,TT,CC,AA,AG,AC,CC,GG,TT,CC,TT,AC,AA,TT,CC,AG,CC,AG,NN,GG,TT,AG,CC,CC,CC,CG,AA,TT,CC,AA,CC,CT,AA,TT,AA,AA,GG,CC,CC,GG,AA,AA,AA,AC,GG,CC,CC,AA,AG,GG,GT,GG,AC,GT,TT,GG,CC,GT,TT,TT,CG,AA,NN,TT,AT,AT,GG,CC,AA,CT,CC,CC,GG,CC,AA,AG,AG,CC,TT,CC,GG,TT,GG,AT,AA,AG,TT,AC,CG,AA,CC,CC,GG,GG,AA,GG,TT,AA,AA,CC,GG,AA,CC,AT,AT,GG,NN,TT,AT,GG,GT,AT,CG,AT,TT,AA,GG,AA,CT,AA,TT,CC,CT,AA,CC,CT,GG,AG,CC,AA,CC,TT,CC,GT,GG,TT,AA,AA,AG,GG,CC,CG,GG,CC,GG,AT,AA,CC,GT,GG,CG,CC,AA,GG,CC,AA,CG,AA,AG,CC,CC,AC,TT,AA,GG,AA,AC,CC,AA,AG,AA,AA,AA,TT,GG,AA,AA,CC,AA,CC,AA,AG,GG,GG,GG,GT,AA,AA,TT,TT,TT,AA,AT,GG,GG,AA,3.37,Resistant,High,Standard,Early
L0394,Coimbatore,Tamil Nadu,Kharif,Red Loamy,Rainfed,650,29.5,68,AC,TT,GG,GG,GG,CC,GG,TT,CC,GG,AA,CT,CC,TT,TT,GG,GG,TT,TT,GG,CC,GT,TT,CC,TT,CC,TT,TT,GG,AA,TT,CT,AA,CC,GG,GG,GG,CC,GG,CC,TT,CT,AA,GT,AG,GG,TT,AT,CC,AC,GG,AA,AA,GG,CC,TT,AA,AA,TT,AA,AG,GT,TT,AG,TT,TT,CC,GG,TT,GG,AG,GG,CC,AA,AG,AA,AA,GG,GT,TT,GG,GG,GG,AC,AA,GG,AA,AT,CC,TT,CC,TT,CC,TT,GG,AG,TT,CC,GT,CT,CC,CC,GG,AA,TT,TT,CC,AA,AG,AC,CT,GG,GT,CG,TT,AA,AA,TT,CC,AG,CC,AA,CC,GT,TT,AA,CC,CC,CC,CC,AA,TT,AC,AA,CC,CC,AA,AT,AA,TT,CG,CT,CC,GG,AA,AA,AA,AC,GT,CC,CC,AG,AA,AG,TT,GG,CC,GT,TT,GG,CC,GT,GT,TT,CC,AT,TT,CT,AA,TT,GG,CC,AG,CT,AC,CC,CG,CC,AA,GG,AA,CC,TT,CG,GT,TT,CG,AT,AA,AA,TT,CC,GG,AA,CC,CC,GG,GG,AC,GG,CT,AA,AA,CC,GT,TT,AC,AA,AT,GG,TT,TT,AT,GG,GT,AA,CC,AT,TT,AA,GG,AA,CT,AC,TT,NN,TT,AC,CC,CT,GG,AA,NN,AG,CC,TT,CT,TT,GG,TT,AA,CC,AA,GG,CC,CC,GG,CC,GG,AT,AA,CC,TT,GG,CG,CC,AA,AG,CG,AA,CC,AT,AA,CC,CC,CC,TT,AA,GG,AA,AA,AC,AA,AG,AA,AA,AA,TT,GG,AA,AG,CC,AC,CT,AG,AA,GG,GG,GG,TT,AA,AG,TT,TT,TT,AG,AA,GG,GG,AA,4.04,Susceptible,High,Premium,Early
L0395,Coimbatore,Tamil Nadu,Kharif,Red Loamy,Rainfed,650,29.5,68,AC,NN,GG,AA,GG,CC,GG,TT,CC,CG,AA,CT,CC,TT,TT,GG,GG,TT,TT,AA,CG,TT,TT,CC,TT,CC,TT,AT,GG,AA,TT,CC,AA,CC,GG,CG,GG,CG,GG,CC,TT,CC,AA,TT,AG,AG,TT,TT,CC,AC,GG,AA,AA,GG,CC,TT,AT,AC,GT,AA,AA,TT,TT,GG,TT,AT,CC,GG,TT,GG,AA,GG,CC,AA,GG,AC,AA,AG,TT,TT,GG,GG,GG,CC,AA,GG,AA,AA,CC,TT,CC,TT,CC,TT,TT,GG,CT,CC,GT,CC,CC,CG,GG,AA,TT,TT,CC,AA,GG,AA,CT,GG,TT,CG,GG,AA,AA,TT,CC,GG,CC,GG,CC,GT,CT,AA,CC,CC,CC,CG,AA,TT,AC,AA,CC,CT,AA,TT,AA,AT,GG,CT,CC,GG,AA,AA,AA,CC,GT,CC,CC,AA,AA,AG,TT,GG,AC,TT,CT,GG,CC,TT,GT,TT,CC,AA,GG,CT,AA,TT,GG,CC,AA,CT,CC,CC,CG,CC,AA,GG,AG,CC,TT,CC,GT,TT,CG,TT,AA,AA,TT,CC,GG,AA,AC,CC,GG,AG,CC,GG,TT,AA,AA,CC,GG,AA,AC,AA,AT,GG,TT,AT,AT,GG,GG,AT,CC,AT,TT,AA,GG,AA,TT,AA,TT,CC,TT,AA,CC,CT,GG,AA,CC,AA,AC,TT,TT,GT,GG,TT,CC,CC,AA,GG,CC,CG,GG,CC,GG,NN,AA,CC,GT,GG,CC,CG,AA,GG,CC,NN,CC,AA,AG,AC,CG,AC,TT,AA,GG,AA,AA,CC,AA,GG,AA,AA,AA,AT,GG,AC,AG,CC,AC,TT,AA,AA,GG,GG,CG,TT,AA,AA,TT,AT,TT,AA,AT,GG,CG,AA,2.85,Susceptible,Medium,Premium,Medium
L0396,Coimbatore,Tamil Nadu,Kharif,Red Loamy,Rainfed,650,29.5,68,AA,CT,GG,AG,GG,CC,GG,AT,CC,CG,AA,CC,CC,TT,TT,GG,CG,TT,TT,AG,CC,GT,TT,CC,TT,CC,GT,AT,GG,AA,NN,CT,AA,CC,GG,GG,GG,CG,GG,CC,TT,TT,AA,TT,AA,GG,CT,TT,CC,AC,GG,AT,AA,GG,CC,GT,AA,AA,GT,AA,AA,TT,AT,AG,TT,AA,CC,GT,TT,GT,AA,GT,CC,AA,AG,AA,TT,GG,TT,TT,GG,GG,GT,CC,AA,GG,AG,AA,CC,GT,CC,TT,CC,TT,GT,GG,CT,CC,TT,CT,CT,CC,AA,AA,TT,TT,CC,AA,AG,AC,TT,GG,TT,CC,GT,AA,AA,TT,CC,GG,CG,GG,CC,GT,TT,AA,CC,CC,CC,CC,AA,TT,CC,AA,CC,CC,AA,TT,AA,AA,GG,CT,CC,GG,GG,AG,AA,CC,GT,CC,CC,AA,GG,AG,TT,GG,AC,TT,CT,AG,CC,TT,GG,CT,CC,NN,GT,CT,AA,NN,GG,CC,AG,TT,CC,CC,CG,CC,AA,AG,AA,CC,TT,CG,GG,TT,GG,AT,AA,AA,TT,CC,GG,AC,CC,CC,GG,GG,AA,GG,TT,AC,AA,CC,GG,AA,CC,AA,AA,GG,TT,TT,AA,CC,GT,AT,CG,TT,GT,AA,GG,AA,CC,AA,TT,CC,TT,AA,AC,CT,CG,AG,CC,AA,AC,AT,TT,GG,GG,NN,AA,CC,AG,GT,CC,GG,GG,CC,GG,AT,AG,CG,TT,GG,CC,CC,AA,AG,CC,AA,CC,AA,AA,NN,CC,AC,TT,AA,GG,AA,AA,AC,AA,GG,AG,AG,AA,TT,GG,AA,GG,AC,AA,NN,AA,AA,GG,GG,GG,TT,AT,AA,TT,TT,TT,AA,AT,GG,GG,AA,3.98,Susceptible,High,Premium,Late
L0397,Coimbatore,Tamil Nadu,Kharif,Red Loamy,Rainfed,650,29.5,68,AC,CT,AG,AG,GG,CC,GG,TT,CC,CC,AA,CT,CG,AT,GT,GT,CG,TT,TT,AG,CG,NN,GG,CC,AT,CC,TT,TT,GG,AA,TT,CC,AA,CC,GG,CG,GG,CG,GG,CC,TT,CT,AA,GT,AA,AG,TT,TT,CC,AA,GG,AT,AA,GG,CC,GG,AT,AA,GG,AC,AA,TT,TT,AA,TT,TT,CC,GG,NN,GT,AA,GG,CC,AA,GG,AA,TT,GG,TT,TT,GG,GT,TT,CC,AA,GG,AA,AT,CC,TT,CC,TT,CT,AT,GG,GG,TT,CC,TT,CT,CC,CC,AG,AA,TT,GT,CG,AG,AG,AA,CC,GG,TT,CC,TT,AA,AC,TT,CC,GG,CC,GG,CC,GT,TT,AG,CC,CC,CC,CC,AA,TT,CC,AA,CC,CC,AA,AT,AA,AT,GG,TT,CC,GG,AA,AA,AA,CC,TT,CC,CC,AA,AA,GG,GT,GG,AA,TT,CT,GG,CC,GT,TT,TT,CC,AA,TT,TT,AT,TT,GG,CC,AA,CC,CC,CC,CG,CC,AA,GG,AA,CC,TT,CC,GG,TT,GG,TT,AG,GG,TT,CC,CG,AC,CC,CC,GG,AG,AC,GG,TT,NN,AA,CC,GG,AA,AC,AA,AT,GG,TT,TT,AT,GG,GT,AT,CG,AA,GG,AA,AG,AA,TT,AA,TT,CC,CT,AC,CC,TT,CG,GG,CC,AA,CC,TT,CT,TT,GG,TT,AA,CC,AG,GG,CC,CG,NN,CC,GG,AT,AA,CC,TT,GG,CC,CC,AT,AG,CC,AT,CG,AA,AA,AC,CC,AC,TT,AA,GG,AA,AA,AA,AA,GG,AG,AA,AA,AT,GG,AA,AA,CC,AA,CT,AA,AA,GG,GG,GG,GT,AT,AG,TT,TT,TT,AA,TT,GG,GG,AA,8.09,Susceptible,Low,Standard,Medium
L0398,Coimbatore,Tamil Nadu,Kharif,Red Loamy,Rainfed,650,29.5,68,AC,CT,AG,AA,GG,CC,GG,TT,CC,CG,AA,CC,GG,TT,TT,GG,GG,TT,TT,AA,CG,TT,GT,CC,NN,CT,TT,TT,GG,AA,CT,CC,AA,CC,GG,GG,GG,CC,GG,CC,TT,NN,AA,GT,AA,GG,TT,TT,CG,AC,GG,TT,AA,NN,CC,GT,AA,AC,GG,AC,AA,GT,AA,AA,TT,AT,CC,GG,TT,GG,AA,GG,CC,AA,GG,AA,AA,GG,TT,TT,GG,GG,GG,CC,AA,GG,AA,AA,CC,GT,CC,TT,CC,TT,GT,GG,TT,CC,GT,CC,CC,NN,GG,AA,TT,TT,CC,AA,AG,AA,CC,GG,TT,CG,GT,AA,AA,AT,CC,GG,CC,AA,CC,GG,TT,AA,CC,CC,CC,CC,AA,TT,AC,AA,CC,CC,AA,TT,AA,AT,GG,CC,CG,GG,AA,NN,AA,CC,GG,CC,CC,AA,AA,AG,TT,GG,AA,TT,CT,GG,CC,TT,NN,TT,GG,AT,TT,CC,AA,NN,GG,CC,AA,CT,CC,CC,GG,CC,AA,GG,AA,CC,TT,NN,GT,NN,GG,AA,AA,AA,TT,AC,CG,AC,AC,CC,GG,GG,AA,CG,TT,AC,AA,CC,GG,AA,AC,AA,AA,GG,TT,AT,AT,GG,TT,AA,GG,TT,GT,AA,GG,AA,CT,AA,TT,CC,TT,AC,CC,TT,GG,NN,CG,AG,CC,TT,CT,NN,GG,TT,AA,AC,AA,GG,CC,CG,GG,CC,GG,TT,AG,CC,TT,GG,CC,CC,AA,GG,CC,AT,CC,AA,AA,AC,CC,AC,AT,AA,GG,AA,AA,AC,AA,GG,AA,AA,AA,AT,GG,AC,GG,AC,AC,TT,AA,AA,GG,GG,GG,TT,AA,AG,TT,TT,TT,AG,TT,GG,GG,CC,3.02,Resistant,Medium,Standard,Early
L0399,Coimbatore,Tamil Nadu,Kharif,Red Loamy,Rainfed,650,29.5,68,AA,NN,GG,AA,GG,CC,TT,TT,CC,CC,AA,CT,CG,AT,TT,GG,GG,TT,TT,AG,CC,TT,GT,NN,TT,CC,TT,TT,GG,AA,TT,CT,AA,CC,AG,GG,GG,CG,GG,CC,TT,CT,AA,GT,AG,AG,TT,AT,CC,CC,GG,AA,AA,GG,CT,TT,AA,AA,TT,AC,AG,GT,AT,AA,CT,TT,CC,GG,TT,GT,AA,GG,CC,AA,AG,NN,AT,NN,TT,TT,GG,TT,GT,CC,AT,GG,AA,AA,CG,GT,CC,TT,CC,TT,TT,GG,TT,CC,GT,CC,CT,CC,AG,AA,AT,TT,CC,AA,AA,AA,CC,GG,TT,CG,TT,AC,AA,TT,CC,AG,CC,GG,CC,GG,TT,GG,CT,CC,CC,CC,NN,TT,CC,AA,CC,CC,AA,TT,AG,AT,GG,CC,CC,GG,AA,AA,AA,NN,GT,CC,CC,AA,AA,GG,TT,GG,AC,TT,CT,GG,AC,TT,GT,TT,CG,TT,GT,TT,AT,TT,CG,CC,AG,CT,CC,CC,CG,CC,AA,GG,AG,CC,TT,CC,GG,TT,CG,AT,AA,AA,TT,CC,GG,AA,CC,CG,GG,GG,AA,GG,TT,NN,AG,CG,GG,AA,CC,AA,AA,TT,TT,TT,AA,GG,GT,AA,CC,AA,TT,AA,GG,AA,TT,AA,TT,CC,TT,AA,CC,CT,GG,AG,CG,AG,CC,TT,TT,TT,GG,TT,AA,CC,AG,GG,CC,CG,GG,CC,GG,AT,AG,CG,GT,GG,CC,CC,AT,AG,CG,AT,CG,AA,AA,CC,CC,AA,TT,AA,GG,AA,AA,AC,AA,AG,AA,GG,AA,AT,GG,AA,AG,AC,AC,CT,AA,AA,GG,GG,GG,GT,AT,AA,TT,TT,TT,AG,TT,GG,GG,AA,1.67,Susceptible,Medium,Poor,Early
L0400,Coimbatore,Tamil Nadu,Kharif,Red Loamy,Rainfed,650,29.5,68,CC,TT,GG,GG,CG,CC,GG,TT,CC,CC,AA,CC,CC,TT,GT,GT,GG,TT,TT,AA,CC,TT,TT,CT,TT,CC,TT,TT,GG,AA,TT,CC,AA,CC,GG,GG,GT,CC,GG,CC,TT,CT,AA,GT,AG,AG,TT,TT,CC,AC,GT,AA,AG,GG,CC,TT,AA,NN,GT,AC,AA,NN,AT,AA,TT,TT,CT,GG,CT,GG,AA,GT,CC,AA,GG,AC,AA,GG,TT,TT,GG,GG,GG,CC,AA,GG,AA,AA,CC,GT,CC,TT,CC,TT,GT,AG,TT,CC,GT,CC,CC,CC,AG,AA,TT,TT,CC,AA,AA,AA,CT,GG,TT,CG,TT,AA,AA,TT,CG,GG,CC,NN,CC,GT,CT,AA,CC,CC,CC,CC,AG,TT,CC,AA,CC,CC,AA,TT,AA,AA,GG,CC,CC,GG,AA,AG,AA,CC,GT,CG,CC,AA,AG,GG,TT,GG,CC,TT,TT,GG,AC,TT,TT,TT,CC,AA,GT,CT,AA,TT,GG,CC,AG,TT,CC,CC,CG,CC,AA,AG,AG,CC,TT,CC,TT,GT,GG,AT,AA,GG,TT,CC,CG,AA,CC,CC,GG,GG,AA,GG,TT,AC,AA,CG,GG,AA,CC,AA,AT,GT,TT,TT,AA,CC,GT,AT,CC,AT,TT,AA,GG,AA,TT,AA,TT,CG,CT,AA,CC,CT,GG,AG,CG,NN,CC,TT,TT,GT,GG,TT,AA,CC,AG,GG,CC,CC,GG,CC,GG,AT,AA,CC,TT,GG,CG,CC,AT,GG,CG,AA,CG,AA,AA,CC,GG,AA,TT,AA,GG,AA,AA,AA,AC,GG,AG,AA,AG,TT,GG,AA,AG,AC,AA,TT,AA,AA,GG,GG,GG,TT,AA,AA,TT,TT,TT,AA,AT,GG,GG,AA,4.09,Moderate,Medium,Poor,Medium
L0401,Coimbatore,Tamil Nadu,Kharif,Red Loamy,Rainfed,650,29.5,68,AA,TT,GG,AG,GG,CC,GT,TT,CC,CG,AA,CC,CC,AT,TT,GT,GG,TT,TT,AA,CC,GT,GG,CT,NN,CC,TT,TT,GT,AA,TT,CC,AA,CC,GG,GG,GG,CC,GG,CC,TT,TT,AA,TT,AA,GG,CT,AT,CC,AC,GT,AA,AA,CG,CT,TT,AA,AA,GT,AC,AA,TT,TT,AG,TT,TT,CC,GG,TT,GG,AA,GG,CC,AA,GG,CC,AA,GG,NN,TT,GG,GG,GT,CC,AT,GG,AA,AA,CC,GT,CC,TT,CC,TT,TT,GG,CT,CC,GG,TT,CT,GG,AA,AA,AT,TT,CC,AA,GG,AA,CT,GG,TT,CC,TT,AA,AA,AT,CC,GG,CC,GG,CC,GG,CT,AA,CC,CC,CC,CG,AA,TT,CC,AA,CC,CC,AA,TT,AA,AT,GG,CC,CC,GG,AA,AA,AA,CC,GT,CC,CC,AA,AG,AG,TT,GG,AA,TT,TT,GG,AC,TT,GT,NN,CG,AT,TT,TT,AT,AT,GG,CG,AA,CT,CC,CC,CG,CC,AA,AG,AG,CC,TT,CC,GG,TT,CG,AT,AA,AA,TT,AC,CG,AA,AC,CC,CG,GG,AC,GG,TT,AC,AA,CG,GG,AA,CC,AA,AT,GG,TT,AT,AA,GG,GT,AA,CC,AT,GT,AA,GG,AA,CT,AA,TT,CG,TT,AC,CC,NN,CG,NN,CC,AA,CC,TT,TT,GT,NN,TT,AA,CC,AA,GG,CC,CC,GG,CC,GG,TT,AA,NN,TT,GG,CC,CC,AT,GG,CC,AA,CC,AA,AA,CC,CG,AC,TT,AA,GG,AA,AC,AA,AA,GG,GG,AG,AG,TT,CG,AA,AG,AC,AC,TT,AA,AA,GG,GG,CG,TT,AA,NN,TT,TT,TT,AG,AT,GG,GG,AA,6.79,Moderate,Medium,Premium,Early
L0402,Coimbatore,Tamil Nadu,Kharif,Red Loamy,Rainfed,650,29.5,68,AA,TT,GG,AG,GG,CC,GG,TT,CC,CC,NN,CC,CG,AT,TT,GG,GG,TT,TT,AG,CC,GT,GG,CC,TT,CC,TT,TT,GG,AA,TT,CC,AA,CC,GG,GG,GG,CC,GG,CC,GT,TT,AA,TT,AG,AG,TT,TT,CC,AA,GG,AA,AG,GG,CT,GT,AA,AA,GT,AC,AG,TT,AT,AG,TT,AA,CC,GG,TT,TT,AA,GG,CC,AA,GG,AA,AA,GG,TT,TT,GG,GT,GG,CC,AA,AG,AA,AA,CC,TT,AC,TT,CC,TT,GT,GG,TT,CC,GT,CC,CT,CG,AG,AA,AT,TT,CC,AA,AA,AA,CT,GG,TT,CC,GT,AA,AA,TT,CC,AG,CG,GG,CC,GT,TT,AA,CC,CC,CC,CC,AA,TT,CC,AA,NN,CC,AA,TT,AA,AA,GG,CC,CC,GG,AA,AG,AA,CC,GG,CC,GG,AA,AG,GG,GT,GG,AC,NN,CC,AG,AC,GT,TT,CT,CC,AA,TT,TT,AA,TT,NN,CC,AA,CC,CC,CC,CG,CC,AA,GG,AA,CC,TT,CC,GT,TT,GG,AT,AA,AG,TT,CC,CC,AC,CC,CC,GG,GG,AA,GG,TT,CC,AA,CC,GG,AA,CC,AA,AA,GT,TT,AT,AA,GG,GT,AA,CG,TT,GG,AA,AG,AA,CT,AA,TT,CC,TT,CC,CC,TT,CG,NN,CG,AG,CC,TT,TT,NN,GG,TT,AC,AC,AA,GG,CC,CC,GG,CC,GG,AA,AA,CC,GT,GG,CC,CC,AA,AG,CG,AA,CC,AA,AA,AC,CG,AA,TT,AA,GG,AA,AC,AC,AA,GG,AG,AA,AG,AT,GG,AA,AG,CC,AA,TT,AA,AA,GG,GG,NN,TT,AT,AG,GT,TT,TT,AA,TT,GG,CG,AC,5.5,Resistant,Low,Poor,Late
L0403,Coimbatore,Tamil Nadu,Kharif,Red Loamy,Rainfed,650,29.5,68,AC,TT,GG,AG,GG,CC,GG,TT,CG,CG,AA,CC,CC,TT,TT,GG,GG,TT,TT,AA,CG,TT,NN,CC,TT,CC,TT,TT,GG,AA,TT,CC,AG,CC,GG,GG,GG,CC,GG,CC,TT,CT,AA,TT,AA,AG,TT,TT,CC,CC,GG,AA,AG,GG,CC,NN,AT,AA,GG,AA,AG,TT,AT,AA,TT,TT,CC,GG,TT,GT,AA,GG,CC,AA,AA,AC,AA,GG,TT,TT,GG,GG,GG,CC,AA,GG,AA,AA,CC,GT,CC,TT,CC,TT,GT,GG,TT,CC,GT,CC,CC,CG,AG,AA,AT,TT,CG,AA,AA,AA,CC,GG,TT,CC,TT,AA,AA,TT,CC,AG,CC,GG,CT,GG,TT,AA,CT,CC,CC,CC,NN,TT,AC,AA,CC,CC,NN,TT,AA,AT,GG,CC,CC,GG,AA,AG,AA,CC,GG,CC,CC,AA,AG,GG,TT,GG,NN,TT,CT,AG,CC,GT,GT,TT,CC,AA,TT,TT,NN,AT,GG,CC,GG,CT,CC,CC,GG,CC,AA,GG,AA,CC,TT,CC,GT,TT,CG,AT,AA,AA,TT,CC,GG,AA,CC,CC,GG,GG,AC,CG,TT,AC,AA,CC,GG,AA,AA,AA,AA,GG,TT,AT,AA,GG,GT,AA,CG,TT,GT,AA,GG,AA,CT,AA,TT,CC,TT,AC,CC,TT,GG,AG,CC,AG,CC,TT,TT,GT,GG,TT,AA,AC,AA,GG,CC,CG,GG,CC,GG,AA,AG,CC,TT,GG,CC,CG,AA,GG,CC,TT,CC,AT,AA,AC,GG,CC,TT,AA,GG,AA,AA,AA,AA,GG,AG,AG,AA,TT,GG,AA,AG,AC,AC,CC,AA,AA,GG,GG,GG,TT,AA,AA,GT,TT,AT,AG,TT,GG,GG,AC,2.91,Resistant,High,Standard,Early
L0404,Coimbatore,Tamil Nadu,Kharif,Red Loamy,Rainfed,650,29.5,68,AA,TT,GG,AG,GG,CC,GG,TT,CC,CC,AT,CT,CG,AT,TT,GT,CG,TT,TT,AG,CG,GT,GT,CC,TT,CT,GT,AT,GG,AA,TT,CT,AA,CC,GG,GG,GG,GG,GG,CC,TT,CC,AA,TT,AG,GG,TT,TT,CC,AC,GG,AA,AG,GG,CC,TT,AT,AA,GT,AC,AA,TT,AT,GG,TT,AT,CC,GG,TT,GG,AG,GG,CC,AA,AG,AC,AT,AG,GG,TT,GG,GG,GG,CC,TT,GG,AA,AA,CC,GT,AC,TT,CC,TT,TT,GG,TT,CC,GT,CC,CC,CC,GG,AG,TT,TT,CG,AA,AG,AA,CC,GG,TT,CC,GT,CC,AA,TT,CC,AG,GG,GG,CC,GG,TT,AA,CC,CC,AC,CC,AA,TT,CC,AA,CC,CC,AA,AT,AA,AT,GG,NN,CG,GG,AA,AA,TT,CC,GT,CC,CC,AG,AA,AG,TT,GG,AC,TT,TT,AG,AC,TT,TT,TT,CC,TT,TT,CT,AA,NN,GG,CG,GG,CT,CC,AC,CG,CC,AA,GG,AA,CC,TT,CC,GT,GT,GG,AA,AA,AA,TT,CC,CG,AC,CC,CC,GG,GG,AA,GG,TT,CC,AG,CG,GG,AA,CC,AA,AT,GG,TT,TT,AA,CG,GG,AA,CC,TT,GT,AA,GG,AA,CT,AC,TT,CC,TT,AC,AC,TT,CG,AA,CC,AG,CC,TT,CC,TT,GG,TT,AC,AA,AA,GG,CC,CG,GG,CG,GG,TT,AA,CC,GT,GG,CG,CG,AT,NN,CG,AA,CC,AA,AA,CC,CG,AC,TT,AG,GG,AA,AA,AC,AA,AA,AG,AG,AA,TT,GG,AA,AA,AC,AA,CT,AA,AA,GG,GG,GG,TT,AA,AG,TT,TT,TT,AG,TT,GG,GG,AA,1.47,Susceptible,Medium,Standard,Late
L0405,Coimbatore,Tamil Nadu,Kharif,Red Loamy,Rainfed,650,29.5,68,AA,TT,NN,GG,GG,CC,GT,AA,CC,CG,AA,CC,CC,TT,GT,GT,GG,TT,TT,AA,CC,TT,GG,CT,TT,CC,GT,TT,GG,AA,TT,CC,AA,CC,GG,GG,GG,CG,GG,CC,TT,TT,AC,TT,AA,AG,TT,TT,CC,AC,GT,AT,AA,GG,CC,TT,NN,AA,TT,AA,AA,GT,AT,AA,TT,AT,CC,GG,TT,GT,AA,GG,CC,AA,GG,AA,AA,GG,TT,TT,AG,GG,GG,CC,AA,GG,AA,AA,CC,GT,AC,TT,CT,TT,GT,GG,CT,CC,GT,NN,CC,CC,AA,AA,AT,TT,CC,AA,AA,NN,CT,GG,GT,CG,GT,AA,AA,TT,CG,GG,CC,AG,CC,GT,CT,AG,CC,CC,CC,CC,AA,TT,CC,AA,CC,CC,AA,TT,AG,AA,GG,CC,CC,GG,AG,AG,AT,CC,GT,CG,CC,AA,AA,GG,TT,AG,AA,GT,CT,AG,AA,TT,TT,TT,CC,AA,TT,TT,AT,TT,NN,CG,AA,TT,CC,CC,GG,CC,AA,GG,AA,CC,TT,CC,GG,GT,GG,AT,AA,AA,TT,CC,GG,AA,CC,CC,GG,GG,AA,GG,TT,AA,AG,CC,GG,AA,AC,AT,AA,GG,TT,TT,AA,CG,TT,AA,CG,AT,GT,AA,GG,AA,CT,AA,TT,CC,TT,AA,CC,TT,CC,AA,CC,AG,AA,TT,CT,TT,GG,TT,AC,AC,AG,GG,CG,GG,GG,CC,GG,AA,AA,CC,TT,AG,CG,CC,AA,GG,CC,AA,CC,AT,AA,CC,CG,AA,TT,AA,GG,AA,AC,AA,AA,AA,AA,AA,AA,TT,GG,AA,AA,AC,AA,TT,AG,AG,NN,GG,GG,TT,AA,AA,GT,TT,TT,AA,TT,GG,GG,AA,3.03,Susceptible,High,Poor,Medium
L0406,Coimbatore,Tamil Nadu,Kharif,Red Loamy,Rainfed,650,29.5,68,AC,CT,GG,AG,GG,CC,GG,TT,CG,GG,AA,CC,CC,TT,TT,GG,GG,TT,TT,AA,CG,TT,TT,CC,TT,CC,TT,TT,GG,AC,TT,CC,AA,CC,GG,CG,GG,CG,GG,CC,TT,CT,AA,TT,AA,GG,TT,TT,CC,AC,GT,AA,AG,CG,CC,GT,AA,AA,GT,AC,AA,TT,AA,AG,TT,AT,CC,GG,TT,GT,AG,GG,CC,AA,AG,AA,AT,GG,TT,TT,GG,GG,GT,CC,AA,GG,AA,AA,CG,GT,CC,GT,CT,AT,GG,GG,CT,CC,GT,CC,CC,CG,GG,AG,TT,GT,CC,AG,AG,AC,CT,GG,TT,CC,TT,AA,AA,TT,CC,GG,CC,GG,CC,GG,TT,AA,CC,CC,CC,CC,AA,GT,CC,AA,CC,CC,AA,TT,AA,AA,GG,CC,CC,GG,AA,GG,AA,CC,GT,CC,CC,AA,AA,GG,TT,GG,AC,GT,CT,GG,CC,GT,GT,TT,CC,NN,TT,TT,AA,AT,GG,CC,AG,CT,CC,CC,GG,CC,AA,GG,AG,CC,TT,CG,NN,TT,GG,AT,AA,AA,TT,CC,NN,AC,CC,CC,GG,GG,AC,CG,NN,AA,AA,CG,GG,AA,CC,AA,TT,GT,TT,TT,AT,GG,GG,AA,CC,AT,GT,AA,GG,AA,CT,AA,TT,CC,TT,AC,AC,CT,GG,AG,CC,AG,CC,TT,TT,TT,GG,TT,AA,CC,AA,GG,CG,CC,GG,CC,GG,TT,AA,CG,TT,GG,CC,NN,AA,AG,GG,AA,CC,AT,AG,AC,CC,CC,TT,AA,GG,AA,AC,AC,AA,AA,AG,AA,AA,AT,GG,AA,AA,AA,AA,CC,AA,AG,GG,GG,CG,TT,AA,AA,TT,TT,TT,AG,TT,GG,CG,AC,2.49,Resistant,Medium,Premium,Early
L0407,Coimbatore,Tamil Nadu,Kharif,Red Loamy,Rainfed,650,29.5,68,AA,TT,GG,AA,GG,CC,GG,TT,NN,CC,AA,CC,CC,TT,TT,GG,CG,TT,AT,AA,CC,GT,TT,NN,AT,CC,TT,TT,GG,AA,TT,CT,AA,CC,GG,CG,GG,GG,GG,CC,TT,TT,AC,TT,AG,AG,CC,TT,CC,CC,GT,AA,AA,GG,CC,TT,AA,AC,GT,AA,AA,TT,AT,AG,TT,TT,CC,GG,CT,TT,AA,GG,CC,AA,GG,AC,TT,GG,TT,TT,GG,GG,GG,CC,AA,GG,AG,AA,CC,TT,AC,TT,CC,TT,TT,GG,TT,CC,GG,CC,CC,CC,AA,AA,TT,TT,CG,NN,AG,AC,CC,GT,TT,CC,TT,AC,NN,TT,CC,GG,CC,GG,CC,GG,TT,AA,CC,CC,CC,CC,AG,TT,CC,AA,CC,CC,AA,NN,AA,AT,CG,CT,CC,GG,AG,AG,AA,AC,GG,CC,CC,AA,AA,AG,TT,AG,AA,TT,TT,GG,CC,TT,TT,TT,NN,AA,GT,TT,AA,TT,GG,CC,AA,CT,CC,CC,CG,CC,AA,GG,AA,CC,TT,CC,GG,GT,GG,AT,AA,AA,TT,CC,GG,AA,CC,CC,GG,GG,AC,GG,TT,AA,AA,CC,GT,AA,CC,AA,AT,GG,TT,TT,AT,GG,GG,AA,CC,AT,TT,AA,GG,AA,TT,AC,TT,CG,NN,AA,CC,CT,GG,AA,CC,AG,CC,AT,TT,GT,GG,TT,AA,AC,AA,GG,CC,GG,GG,CC,GG,AT,AG,CG,TT,GG,CG,CC,AA,GG,CG,AA,CC,AA,AA,CC,GG,CC,TT,AA,GG,AA,AA,AA,AA,AG,GG,AG,AA,TT,GG,AA,AA,AC,CC,CT,AA,AG,GG,GG,GG,TT,AA,AA,TT,TT,TT,AG,AT,GG,CG,AA,3.13,Susceptible,Low,Standard,Medium
L0408,Coimbatore,Tamil Nadu,Kharif,Red Loamy,Rainfed,650,29.5,68,AC,CT,GG,AA,CG,CC,NN,TT,CC,CG,AA,CC,CG,AT,NN,GT,GG,TT,TT,AA,CG,GT,GT,CC,TT,CC,GT,TT,GG,AA,TT,CC,AG,CC,GG,CG,GG,CG,GG,CC,TT,TT,NN,TT,AA,AG,CT,TT,CC,CC,GT,AA,AA,GG,CT,TT,AA,AA,GT,AA,AG,TT,TT,AA,TT,TT,CC,GG,TT,GG,AA,GG,CC,AA,GG,AA,AT,AG,TT,NN,AG,GG,GG,CC,AT,GG,AA,AA,GG,GT,CC,TT,CC,TT,GT,NN,TT,CC,TT,CT,CC,CG,AA,AA,TT,TT,CC,AA,AA,AA,CT,GG,TT,CG,GT,NN,AA,TT,CC,GG,CC,AG,CT,GT,CT,GG,CT,CC,AC,CC,AA,TT,CC,AA,CC,CC,AA,TT,AA,AT,GG,CC,CC,NN,AA,GG,AA,CC,GG,CC,CC,AG,AA,GG,TT,GG,AA,TT,TT,GG,AC,TT,GT,TT,CC,AT,GT,TT,AA,AT,GG,CC,AG,CT,CC,CC,CC,CC,AA,GG,AG,CC,TT,CC,GT,TT,GG,AT,AA,AG,TT,CC,GG,AA,CC,CC,GG,GG,AA,CG,TT,CC,AA,CC,GG,AT,AC,AA,AT,GT,TT,TT,TT,GG,GG,AA,CC,AT,TT,AA,GG,AA,TT,AC,TT,CC,TT,AA,CC,TT,GG,GG,CC,AG,CC,TT,TT,TT,GG,TT,AA,AC,AA,GG,CC,CC,NN,CC,GG,AT,NN,CG,TT,GG,CC,CC,AA,GG,CC,AA,CC,AA,AA,CC,CC,AC,TT,AA,GG,AA,AA,AC,AC,AA,AG,AA,AA,AT,GG,AA,AG,AC,AA,CT,AA,AA,GG,GG,GG,TT,AA,AA,TT,TT,TT,GG,TT,GG,GG,NN,5.11,Susceptible,Low,Poor,Late
L0409,Coimbatore,Tamil Nadu,Kharif,Red Loamy,Rainfed,650,29.5,68,CC,CT,GG,AG,GG,CC,GT,AT,CC,CG,AA,CT,GG,TT,TT,TT,GG,TT,TT,AA,CC,GT,TT,CC,TT,CC,TT,TT,GT,AA,TT,CC,AA,CC,GG,GG,GG,CG,GG,CC,TT,TT,AA,TT,AA,GG,TT,AT,CC,AA,GT,AT,AA,GG,NN,GT,AA,AC,GG,CC,AA,GT,TT,AA,TT,TT,CC,GG,TT,GG,AG,GG,CC,AA,GG,AA,AA,GG,TT,TT,GG,GG,GG,CC,AA,GG,AA,AA,CG,GT,CC,TT,CT,AT,TT,GG,CT,AC,TT,CC,TT,CG,AG,AA,AT,TT,CC,AA,AA,AA,CC,GG,TT,CC,GT,AA,AA,TT,CC,GG,CC,GG,CC,GG,CT,AA,TT,CC,CC,CC,AA,TT,CC,AA,CC,CC,AA,TT,AA,AA,GG,CC,CC,GG,AA,AA,AT,CC,GT,CC,CC,AA,AA,GG,TT,GG,AA,GT,TT,GG,CC,TT,TT,TT,CC,AA,GG,TT,AT,TT,GG,CC,AA,CC,CC,CC,GG,CC,AA,GG,AA,CC,TT,CG,GT,TT,GG,AT,AA,AA,TT,CC,GG,AC,AC,CC,GG,GG,AC,GG,TT,AC,AA,CC,GT,AA,CC,AA,AA,GG,TT,TT,AA,CG,GG,NN,CG,TT,TT,AA,GG,AA,NN,AA,TT,CC,TT,AC,CC,TT,GG,AG,CG,AG,CC,TT,CT,TT,CG,TT,AC,AC,AA,GG,CC,CG,GG,CC,GG,AT,AA,CC,TT,GG,CC,CC,AA,AA,CG,AA,CC,AA,AA,CC,CC,CC,TT,AA,GG,AA,AA,AC,AA,AG,AA,AA,NN,TT,GG,CC,AG,AA,AC,TT,AA,AA,GG,GG,GG,TT,AA,AG,GT,TT,TT,AA,NN,GG,CG,AA,4.6,Moderate,Low,Premium,Early
L0410,Coimbatore,Tamil Nadu,Kharif,Red Loamy,Rainfed,650,29.5,68,AC,TT,AG,AG,GG,CC,GT,AT,CC,GG,AA,CC,CG,TT,TT,GG,GG,TT,NN,AA,CC,TT,NN,NN,NN,CC,TT,AT,GT,AC,TT,CC,AA,CC,GG,CG,GG,CG,GG,CC,TT,CC,AA,TT,AG,AG,TT,TT,CC,CC,GG,AT,AA,GG,CT,TT,AA,CC,GG,AA,AG,TT,TT,AA,TT,TT,CC,GG,TT,GT,AG,GG,CC,AA,GG,CC,AA,GG,TT,TT,GG,GG,GG,CC,AT,GG,AA,AA,CC,TT,CC,GT,CT,TT,TT,GG,CT,CC,GG,CT,CC,CG,AG,AA,TT,TT,CG,AA,AA,AA,CC,GG,TT,CG,GT,AA,AA,TT,CC,AA,CC,AG,CT,GT,TT,AA,CC,CC,CC,CC,AA,TT,CC,AA,CC,CC,AA,AT,AA,TT,CG,CT,GG,GG,AA,AG,AA,CC,GG,CC,CG,AG,AG,GG,TT,AG,AC,GT,TT,GG,AC,TT,GT,TT,CC,AT,TT,TT,AA,TT,NN,CC,AA,CT,CC,AC,GG,CC,AT,GG,GG,CC,TT,CC,TT,TT,GG,AT,AA,AA,TT,AA,GG,AA,AC,CC,GG,GG,AA,GG,TT,AC,AA,CC,GG,AA,AC,AT,AT,NN,TT,AT,AA,GG,GG,AT,CG,AA,TT,AA,GG,AA,TT,AA,AT,CC,TT,AC,CC,TT,GG,GG,CC,AG,CC,TT,CT,NN,GG,TT,AC,AC,AG,GG,CC,CG,CG,CG,GG,AT,AA,CC,GT,GG,CC,CC,AT,AG,GG,AA,CC,AT,AA,AC,CG,AC,TT,AA,GG,AA,AC,CC,AA,AG,AG,AA,AA,TT,GG,AC,AG,AA,AC,CT,AA,AA,GG,GG,GG,TT,NN,AA,GT,TT,TT,AG,TT,GG,GG,AA,3.18,Susceptible,Medium,Standard,Medium
L0411,Coimbatore,Tamil Nadu,Kharif,Red Loamy,Rainfed,650,29.5,68,AC,TT,GG,AG,CG,CC,GG,AT,CC,CC,AA,CT,CC,AT,TT,GG,CG,TT,TT,AA,CG,TT,GT,CC,AT,CC,TT,TT,GG,AA,TT,CT,AA,CC,GG,GG,GG,CC,GG,CC,TT,TT,AA,TT,AA,AG,TT,TT,CC,AC,GG,AA,AA,GG,CC,TT,AA,AC,GG,AA,AA,TT,TT,AA,NN,AT,CC,GG,TT,GG,AA,GT,CC,AG,AA,AC,TT,GG,TT,TT,GG,GG,GG,CC,AA,AG,AA,AA,CC,TT,CC,GT,CC,TT,GT,GG,CT,AC,GG,CC,CC,CC,GG,AA,AT,TT,CG,AA,AG,AA,CC,GG,TT,CC,TT,AA,AC,TT,CC,GG,CC,GG,CC,GG,NN,AA,CC,CC,CC,CC,AA,TT,CC,AA,CC,CT,AA,TT,AA,AA,GG,CC,CG,AG,AA,AG,AA,CC,GG,CC,CC,NN,AG,GG,TT,GG,AA,TT,CT,GG,AC,GT,NN,TT,CC,AA,TT,NN,AA,AT,CG,CC,AG,CT,CC,AC,CG,CC,AT,GG,GG,CC,TT,NN,GT,GT,GG,AT,AA,AA,TT,CC,GG,AC,CC,CC,GG,GG,AC,GG,TT,AA,AA,CC,GT,AA,AC,AA,AA,GT,GT,TT,AA,CG,GG,AA,CG,TT,TT,AA,GG,AA,TT,AA,TT,CC,CT,AA,NN,TT,GG,AG,CC,AA,AC,TT,CC,GG,GG,TT,AC,AC,AG,GG,CC,CC,GG,CC,GG,TT,AA,CC,GT,GG,CC,CC,AA,GG,CG,NN,CC,AT,AA,CC,CC,AA,TT,AA,GG,AA,AA,AA,AA,GG,AG,NN,AA,AT,GG,AA,AG,CC,AA,CC,AA,AA,GG,AG,GG,TT,AA,AA,TT,TT,TT,AG,TT,GG,GG,AA,5.73,Susceptible,Low,Standard,Medium
L0412,Coimbatore,Tamil Nadu,Kharif,Red Loamy,Rainfed,650,29.5,68,AC,TT,GG,AA,CG,CC,GG,TT,CC,CG,AA,CT,CG,TT,TT,GT,GG,TT,TT,AG,CC,TT,TT,CT,TT,CC,TT,TT,GG,AA,TT,CC,AA,CC,GG,GG,GG,NN,GG,CC,TT,TT,AA,TT,AG,GG,TT,TT,CC,AC,GT,AA,AG,GG,CC,TT,AT,AC,GT,AA,AA,GT,TT,AA,TT,TT,CC,GG,TT,GT,AA,GT,CC,AA,GG,AA,TT,GG,TT,TT,GG,GG,GG,CC,TT,GG,AA,AA,CC,GT,AC,TT,CT,AT,TT,GG,CT,CC,GT,CC,CT,CC,AA,AA,TT,TT,CC,AA,GG,AC,CC,GG,TT,CC,TT,AC,AA,TT,CC,AG,CG,GG,CC,GG,CT,AG,CC,CC,CC,CC,AA,NN,CC,AA,CC,CC,AA,AA,AA,AA,GG,CC,CC,GG,AA,AG,AA,CC,GG,CC,CC,AA,AG,GG,TT,AA,NN,TT,TT,GG,CC,TT,TT,TT,CC,AT,TT,TT,AT,TT,CG,CC,AG,TT,CC,CC,CG,CC,AA,GG,AA,CC,TT,CC,GG,GT,CC,AT,AA,AA,TT,CC,GG,AA,CC,NN,GG,GG,AC,CG,TT,AA,AA,CC,GG,AA,CC,AA,AA,GG,TT,AT,AA,GG,GT,TT,CG,AT,TT,AA,GG,AA,CT,AA,TT,CC,CT,AC,AC,TT,CG,AG,CG,GG,CC,TT,CC,TT,GG,TT,AA,AC,AA,GG,CC,CC,GG,CC,GG,AA,AG,CG,TT,GG,CC,CC,AA,GG,CC,AA,CC,AT,AG,CC,CC,AC,AT,AA,GG,AA,AA,AA,AA,AG,GG,AA,AA,TT,NN,AC,AA,CC,AA,CT,AA,AA,GG,AG,GG,TT,AT,AG,TT,TT,TT,AA,TT,GG,NN,AA,4.53,Resistant,Medium,Premium,Early
L0413,Coimbatore,Tamil Nadu,Kharif,Red Loamy,Rainfed,650,29.5,68,CC,TT,AG,AA,GG,CC,GT,TT,CC,CG,AA,CC,CC,TT,TT,GG,GG,TT,TT,AA,CC,TT,TT,TT,TT,CC,TT,TT,GT,AA,TT,CC,AA,CC,GG,GG,GG,CC,GG,CC,TT,TT,AA,TT,AA,GG,CT,TT,CC,AC,GG,AT,AA,GG,CC,TT,AA,AA,TT,AA,AA,TT,TT,AG,TT,TT,CT,GG,TT,GG,AA,GG,CC,AA,AG,AA,AT,AG,GT,TT,AG,GG,GT,CC,AA,GG,AA,AA,CG,TT,CC,TT,CC,TT,TT,GG,TT,CC,GT,CT,CT,GG,AG,AA,TT,TT,CC,AG,AA,AA,CC,GG,TT,NN,TT,AA,AA,TT,GG,GG,CC,GG,CC,GT,TT,AA,CC,CC,CC,CG,AA,TT,AC,AA,CC,CT,AA,TT,AA,AT,GG,CC,NN,GG,AA,AG,AA,CC,GG,CC,CC,AG,AG,GG,TT,GG,AA,TT,TT,GG,AC,GT,GT,TT,CC,AA,GT,TT,AA,AA,GG,CC,AA,CC,CC,NN,CC,CC,AA,GG,AA,CC,TT,CG,GG,TT,GG,TT,AA,AG,TT,CC,GG,AA,CC,CC,GG,GG,AA,CG,TT,AA,AA,CC,GT,AT,CC,AA,AT,GG,GT,AT,AA,GG,NN,AA,CC,AT,GG,AA,GG,AA,NN,AA,TT,CC,TT,AA,CC,CT,CG,AA,CC,AA,CC,TT,NN,GT,GG,TT,AA,AC,AG,GG,CC,CC,GG,CC,GG,AT,AA,CC,GT,GG,CC,CC,AA,AG,CG,AT,CC,AA,AA,AC,GG,AC,TT,AA,GG,AA,AA,CC,AA,AG,AG,AG,AA,TT,GG,AA,AG,CC,AA,CT,AG,NN,GG,GG,GG,TT,AA,AA,GT,TT,TT,AA,TT,GG,CG,AA,4.94,Susceptible,Medium,Premium,Early
L0414,Coimbatore,Tamil Nadu,Kharif,Red Loamy,Rainfed,650,29.5,68,AA,TT,AG,AG,GG,CC,GG,AT,CC,CG,AA,CT,CC,TT,GT,GG,CG,TT,TT,AA,CG,TT,GT,CC,TT,CC,TT,TT,GG,AA,TT,CC,AA,NN,GG,CG,GG,CG,GG,CC,TT,CT,AA,TT,AA,GG,TT,TT,CC,AC,GG,AA,AA,GG,CC,TT,AA,AA,NN,NN,AA,TT,AT,AA,TT,TT,CC,GG,TT,NN,AA,GG,AC,AA,GG,AC,AA,GG,GT,TT,GG,GG,GG,CC,AA,GG,NN,AA,CC,GT,CC,TT,CT,TT,TT,GG,TT,CC,GT,CC,CC,CG,GG,AA,TT,TT,CC,AA,AG,AC,CC,GG,TT,CC,TT,AC,AA,TT,CC,AA,CC,GG,CC,GT,TT,AG,CT,CC,CC,CC,AA,TT,CC,AA,CC,CC,AA,TT,AA,AT,GG,CC,CC,GG,AA,AG,AT,CC,GG,CC,CC,AA,AG,GG,GT,GG,AC,TT,CC,GG,CC,GT,GG,CT,CC,AA,GT,TT,AA,TT,CG,CC,AA,CC,AC,CC,GG,CC,AA,GG,AA,CC,TT,CG,GT,TT,CG,AT,AA,AA,TT,AC,GG,AA,AC,CC,GG,GG,AC,GG,CT,AC,AA,CC,GG,AA,AA,AA,AT,GG,TT,AT,AT,CG,GG,AT,CG,AA,TT,AA,GG,AA,TT,AA,TT,CC,TT,AC,CC,TT,GG,AA,CG,AG,CC,AT,CT,TT,GG,AT,AA,CC,AA,GG,CC,CC,GG,CC,GG,AT,AA,CC,TT,GG,CC,CC,AA,AG,CC,NN,CC,AT,AA,AC,CC,AC,TT,AA,GG,AA,AA,AC,AA,GG,AA,AA,AA,TT,GG,AA,AG,CC,AA,TT,AA,AA,GG,AG,GG,TT,AA,AA,TT,TT,TT,AA,AT,GG,CG,AA,4.14,Susceptible,High,Premium,Late
L0415,Coimbatore,Tamil Nadu,Kharif,Red Loamy,Rainfed,650,29.5,68,AA,CT,GG,AG,GG,CC,GG,TT,CC,CC,AA,CC,CG,AT,GT,GG,CG,TT,TT,AA,CC,TT,TT,CC,TT,CC,TT,TT,GT,AA,TT,CC,AA,CC,GG,GG,GG,CG,GG,CC,TT,CT,AA,TT,AA,AG,TT,TT,CC,AC,GT,AA,AG,GG,CT,TT,AA,AC,TT,AC,AG,TT,TT,AG,CT,AT,CC,GG,TT,GG,AA,GG,CC,AA,GG,AC,AA,GG,TT,TT,GG,GG,GG,CC,AT,GG,AG,TT,CC,TT,CC,TT,CC,TT,NN,GG,TT,CC,TT,CC,CT,CG,GG,AA,TT,TT,CG,AA,AG,AA,CT,GG,TT,CG,TT,AA,AA,TT,CG,GG,CC,AG,CC,GG,CT,AA,CC,CC,CC,CC,AG,TT,CC,AA,CC,CC,AA,TT,AA,AA,NN,CC,CC,GG,AA,AG,AT,CC,GG,CC,CC,AA,AA,GG,TT,GG,AA,GT,TT,AA,AC,TT,GT,CT,CC,AT,GG,TT,AA,TT,GG,CG,AA,CT,CC,CC,GG,CC,AA,GG,AG,CC,GT,CC,GG,GT,GG,AT,AA,AA,TT,CC,CG,AA,CC,CC,GG,GG,AA,GG,TT,AA,AA,CC,GG,AT,CC,AA,AT,GT,TT,AA,AT,GG,TT,AT,CC,TT,TT,AA,AG,AG,TT,NN,TT,CC,TT,AC,CC,TT,GG,AG,CC,AG,AC,TT,CT,TT,GG,TT,AC,AA,AG,GG,CC,CC,GG,CC,GG,TT,AA,CC,GG,GG,CG,CC,AT,GG,GG,AA,CG,AA,AA,CC,CG,AA,TT,AA,CG,AA,AA,AC,AA,AG,AG,AG,AG,TT,GG,AC,AA,NN,AA,CT,AG,AA,GG,NN,CG,TT,AT,AG,TT,TT,TT,AG,AT,GG,GG,AA,3.58,Susceptible,Low,Standard,Late
L0416,Coimbatore,Tamil Nadu,Kharif,Red Loamy,Rainfed,650,29.5,68,AC,TT,GG,AA,GG,CG,GG,AA,CC,CG,AA,CC,GG,TT,GT,GG,CG,TT,TT,AA,CC,TT,TT,CT,TT,CC,TT,AT,GG,AA,TT,CT,AA,CC,GG,CG,GG,CC,GG,CC,TT,TT,AA,GT,AA,GG,TT,TT,CC,AC,GT,AA,AA,GG,CC,GT,AA,AC,GG,AC,AA,TT,TT,AG,TT,TT,CC,GG,CT,GT,AG,GG,CC,AA,GG,AC,AA,GG,TT,TT,GG,GT,GG,CC,AT,GG,AA,AT,CC,TT,AC,TT,CT,TT,GT,GG,TT,CC,TT,NN,CT,GG,AG,AG,AT,TT,CC,AG,AG,AA,CC,GG,GT,CC,TT,AA,AA,TT,GG,GG,CC,GG,CC,GG,CT,AA,CC,CC,CC,CC,AG,TT,CC,AA,CC,CC,AA,AT,AA,AA,GG,CT,CC,NN,AG,AA,AA,CC,GT,CC,CC,AG,AG,GG,TT,GG,AC,GT,CT,GG,CC,GT,TT,CT,CC,AA,TT,CT,AA,TT,GG,CC,AA,CT,CC,CC,CG,CC,NN,GG,AA,CC,TT,CC,GG,GT,CG,AT,AA,AA,TT,AC,GG,AA,CC,CC,GG,GG,AC,GG,TT,AA,AA,CC,GG,TT,AC,AA,AT,GG,TT,TT,AA,CG,GT,AT,NN,TT,GT,AA,GG,AA,CT,AA,TT,CC,TT,AA,CC,CT,GG,GG,CC,GG,CC,TT,TT,GT,GG,TT,AA,CC,AA,GG,CC,CC,GG,CC,GG,TT,AA,CC,GT,AG,CC,CC,AT,GG,CC,AA,CC,AA,AA,AC,CC,CC,AT,AA,CG,AA,AA,AA,AC,AG,AG,AA,AA,AT,CG,AA,AA,CC,AA,TT,AA,AA,GG,GG,NN,GT,AT,AA,TT,TT,TT,AA,AT,GG,GG,AA,3.02,Moderate,Medium,Standard,Early
L0417,Coimbatore,Tamil Nadu,Kharif,Red Loamy,Rainfed,650,29.5,68,NN,TT,AG,AG,GG,CC,GG,TT,CC,CG,AA,CC,CC,TT,TT,GG,CC,TT,TT,AA,CC,TT,TT,CC,TT,CC,TT,TT,GT,AA,CT,CT,AA,CC,AG,GG,GG,CG,GG,CC,TT,TT,AA,TT,AA,GG,TT,TT,CC,CC,GG,AA,AG,GG,CT,TT,AA,AA,GT,AA,AG,TT,TT,AA,TT,TT,CC,GG,TT,GG,AG,GG,CC,AA,GG,AC,AA,GG,TT,TT,GG,GG,GG,CC,AA,GG,AA,AA,CC,GT,CC,TT,CT,TT,GT,AG,TT,CC,TT,CC,CC,CC,AG,AA,TT,GT,CC,AA,AG,AA,CC,GG,TT,CG,TT,AA,AA,TT,CG,GG,CG,GG,CC,GT,CT,AA,CC,CG,CC,CC,AG,GT,CC,AC,CC,CC,AA,AT,AG,AA,GG,CC,CC,GG,AA,AG,AA,AC,GG,CC,CC,AA,AA,GG,TT,GG,AA,GT,CT,GG,CC,GT,NN,CT,CC,AT,GT,TT,AA,TT,GG,CC,AA,CT,CC,CC,GG,CC,AA,GG,GG,CC,TT,CC,TT,TT,NN,TT,AA,AA,TT,CC,GG,AA,AA,CC,GG,GG,AA,CG,TT,AA,AA,CG,GG,AA,AC,AA,AT,GG,TT,AT,AT,GG,GT,AA,CC,TT,TT,AA,GG,AA,TT,AA,TT,CC,CC,AC,AC,TT,GG,NN,GG,GG,AC,TT,TT,GT,GG,TT,AA,CC,AA,GG,CC,CG,GG,CC,GG,AT,AG,CC,TT,GG,CC,CC,AA,GG,CG,AA,CG,AT,AA,AC,GG,NN,TT,AA,GG,AA,AC,AC,AA,AG,AG,AA,AA,AT,CG,AC,AG,NN,AA,TT,AA,NN,GG,GG,GG,GT,AA,AA,TT,TT,TT,AG,TT,GG,GG,AA,3.25,Susceptible,Low,Premium,Late
L0418,Coimbatore,Tamil Nadu,Kharif,Red Loamy,Rainfed,650,29.5,68,AA,TT,AG,AG,GG,CC,GT,TT,CC,CC,AA,CC,CC,AA,GT,GG,CG,TT,TT,AA,CC,GT,GT,CC,AT,CC,TT,AT,GG,AA,TT,CC,AA,CC,GG,GG,GG,CG,GG,CC,TT,TT,AA,TT,AA,GG,CT,TT,CC,AC,GG,AA,GG,GG,CT,NN,AA,AC,GT,AA,AA,GT,AT,AA,NN,TT,CC,GG,TT,GG,AA,GT,CC,AA,GG,CC,AA,GG,TT,TT,AG,GG,GG,CC,AA,GG,AA,AA,CC,GT,CC,TT,CC,TT,GT,GG,TT,CC,TT,CC,CC,CG,GG,AA,TT,TT,CC,AA,AA,AA,CT,GG,TT,CC,TT,AA,AC,TT,CG,AG,CC,AG,CC,GG,TT,AG,CC,CC,CC,CC,AA,TT,CC,AA,CC,CC,AA,TT,AA,AA,GG,CC,CC,GG,AA,AA,AT,CC,GG,CC,CC,AA,AG,GG,TT,GG,AA,TT,CT,AG,CC,TT,TT,TT,CC,AA,TT,TT,AA,TT,GG,CC,AA,TT,CC,CC,GG,CC,AA,GG,NN,CC,TT,CC,GG,TT,CG,AA,AA,AA,TT,CC,GG,AA,CC,NN,GG,GG,AC,GG,TT,AC,AA,CC,GG,AA,CC,AA,AA,GG,TT,TT,AA,CG,GT,AA,CG,AA,GT,AT,GG,AA,CC,AA,TT,CC,CT,AC,CC,TT,CG,AG,NN,GG,CC,TT,TT,TT,GG,TT,AA,AC,AG,GG,CC,CG,GG,CC,GT,TT,AA,CC,TT,GG,CC,CC,AT,GG,CC,AA,CC,AA,AA,CC,CC,CC,TT,AA,GG,AA,AA,AA,NN,GG,NN,AG,AA,TT,GG,AA,AA,AC,AA,CT,AA,AA,CG,GG,GG,TT,AA,AA,GT,TT,TT,NN,TT,GG,GG,AC,2.02,Resistant,High,Premium,Early
L0419,Coimbatore,Tamil Nadu,Kharif,Red Loamy,Rainfed,650,29.5,68,AC,TT,GG,GG,CG,CC,GT,TT,CC,CG,AA,CC,CC,AT,GT,GT,GG,TT,TT,AA,CC,TT,TT,CC,TT,CC,TT,TT,NN,AA,TT,CC,AA,CC,GG,GG,GG,CC,GG,CC,NN,TT,AA,GT,AG,GG,TT,AT,CG,AC,GG,AA,AA,GG,CC,TT,AT,AA,GG,AC,GG,TT,TT,NN,TT,TT,CC,GG,TT,GG,AG,GG,CC,AA,GG,AC,AT,GG,TT,TT,GG,GG,GT,CC,AA,GG,AA,AT,CC,TT,CC,GT,TT,TT,GT,AG,CC,AC,TT,CT,CT,GG,AG,AA,TT,TT,CG,AA,AA,AA,CT,GG,NN,CG,TT,AA,AC,TT,CC,AG,CC,GG,CC,GG,CC,AG,CC,CC,AC,CC,AA,TT,AC,AA,CC,CC,AA,AT,AA,AA,GG,CC,CC,GG,AA,AA,AA,AC,GG,CC,CC,AA,AA,GG,GT,GG,AA,TT,CT,GG,AC,GG,TT,TT,CC,AA,TT,TT,TT,AT,CG,CC,AG,CC,CC,AC,CG,CC,AA,GG,AA,CC,TT,CC,GT,GT,GG,AT,AA,AA,TT,CC,GG,AA,CC,CG,GG,GG,AA,CG,TT,CC,AA,CC,GG,AA,AC,AA,AT,GG,TT,TT,AT,GG,GT,AT,CC,TT,TT,AA,GG,AA,TT,CC,TT,CC,TT,AC,CC,TT,GG,AG,CG,AG,CC,TT,CT,GT,GG,TT,AC,CC,AA,GG,CC,CC,GG,CC,GG,AT,AA,CC,GG,GG,CC,CG,AA,AA,CG,AA,CC,AA,AA,AA,CG,AC,TT,AA,GG,AA,AC,AC,AA,AA,AA,AA,AA,TT,GG,AA,AG,AC,AA,CC,AA,AA,GG,AG,GG,TT,AA,AG,TT,TT,TT,AA,AA,GG,GG,AA,6.48,Susceptible,Low,Standard,Medium
L0420,Coimbatore,Tamil Nadu,Kharif,Red Loamy,Rainfed,650,29.5,68,AA,TT,AG,AA,GG,CC,GG,TT,CC,CG,AA,CC,CC,TT,TT,GG,GG,TT,TT,AA,CC,TT,TT,CC,TT,CC,TT,AT,GG,AA,TT,CC,AG,CC,GG,CG,GG,CG,GG,CC,TT,CT,AA,TT,AA,GG,TT,TT,CC,AA,GG,AA,AA,GG,CC,TT,AA,AC,GG,AA,AG,TT,AT,AA,TT,AT,CC,GG,TT,GT,AG,GG,CC,AA,GG,AC,AT,GG,TT,TT,GG,GG,GG,CC,AT,GG,AA,AA,NN,TT,AC,TT,CT,TT,GG,GG,TT,CC,GT,CC,CT,NN,AG,AA,TT,TT,CC,AA,AG,AA,CT,GG,TT,CC,GT,AC,AA,TT,CC,AA,CC,GG,CC,TT,TT,AA,CC,CC,AC,CC,AA,TT,CC,AA,CC,NN,NN,TT,AG,AA,GG,CC,CC,GG,AG,AA,AA,CC,GG,CC,CC,AA,AG,GG,TT,GG,AA,GT,CC,GG,CC,TT,NN,CT,CC,AT,GT,TT,AA,NN,GG,CC,AG,CC,CC,CC,CG,CC,AA,GG,AG,CC,TT,CC,GT,TT,CG,AT,AG,AA,GT,CC,GG,AA,CC,CC,GG,AG,AA,GG,CT,AA,AA,CC,GG,AT,CC,AA,AT,GG,TT,AA,TT,GG,GT,AT,CC,AT,TT,AT,GG,AA,TT,AA,TT,CC,TT,AC,CC,CT,GG,AA,CG,AG,CC,TT,TT,TT,GG,TT,AA,CC,AA,GG,CC,CC,GG,CC,GG,AT,AA,CG,GT,GG,CC,CC,AA,AG,CG,AT,CG,AA,AA,CC,CG,AA,NN,AA,GG,AA,AA,AC,AC,AG,AA,AA,AA,AT,GG,AA,AA,CC,NN,CT,AA,AA,GG,GG,GG,TT,AA,AA,TT,TT,TT,AG,AA,GG,CG,AA,3.61,Susceptible,Low,Standard,Late
L0421,Coimbatore,Tamil Nadu,Kharif,Red Loamy,Rainfed,650,29.5,68,CC,TT,GG,GG,GG,CG,GT,AT,CC,CG,AA,NN,CC,TT,TT,GT,GG,TT,TT,AA,CC,GT,GT,CC,TT,CC,TT,AT,GG,AA,CT,CC,AA,AC,GG,GG,NN,CG,GG,CC,TT,CT,AA,TT,AG,GG,TT,AA,CC,CC,GG,AT,AA,GG,CT,GT,AA,AC,GG,AA,AG,TT,AT,AA,TT,TT,CC,GG,TT,GG,AA,GG,CC,AA,AG,AC,AT,GG,TT,TT,GG,GT,GT,CC,AT,AG,AA,AT,CC,TT,CC,GT,CC,AT,TT,GG,CT,NN,GT,CC,CT,GG,AA,AA,NN,TT,CC,AA,GG,AA,CC,GG,GT,CC,GT,AA,AA,TT,CC,GG,CG,GG,CT,GT,NN,AA,CC,CC,CC,CC,AA,TT,CC,AA,CC,CC,AA,TT,AA,AA,GG,NN,CC,GG,AA,AG,AA,AC,GG,CC,CC,AG,GG,AG,TT,AG,AA,TT,TT,GG,CC,GG,GT,TT,GG,AA,GT,TT,AT,TT,GG,CC,GG,CT,CC,CC,CG,CC,AA,GG,AG,CC,TT,CG,GG,TT,GG,AT,AA,AG,TT,CC,GG,AA,AC,CC,GG,GG,AC,GG,TT,AA,AA,CC,GT,AT,CC,AA,AT,GT,TT,AA,AA,GG,GG,AT,CC,TT,GT,AA,GG,NN,TT,AC,TT,CG,CT,AA,AC,CT,GG,AG,CC,AA,CC,AT,TT,GT,GG,TT,AA,CC,AA,GT,CC,CG,GG,CC,GG,TT,AA,CC,TT,GG,CC,CG,AA,AG,CC,NN,CC,AA,AA,AA,CC,CC,AT,AA,GG,AA,AA,AA,AA,AA,AG,AG,AA,AT,CG,AC,AG,AC,AA,CT,AA,AA,GG,GG,GG,NN,AA,AA,TT,TT,TT,AA,TT,GG,GG,AA,4.44,Moderate,Medium,Premium,Late
L0422,Coimbatore,Tamil Nadu,Kharif,Red Loamy,Rainfed,650,29.5,68,AA,TT,GG,AG,GG,CC,GG,TT,CC,CC,AA,CC,CG,TT,TT,GG,GG,TT,TT,AA,CC,GT,TT,CC,TT,CC,TT,TT,GG,AA,TT,CC,AA,CC,GG,GG,GG,CC,GG,NN,TT,TT,AA,GT,AA,GG,TT,TT,CC,AC,GT,AA,NN,GG,CC,GT,AA,AC,GG,AA,AA,NN,AT,GG,TT,AT,CT,GT,TT,GG,GG,GG,CC,AA,GG,AA,TT,AG,TT,TT,GG,GG,GT,CC,AT,GG,AA,AA,CC,TT,CC,TT,CC,AT,TT,GG,CT,CC,TT,CC,CC,GG,GG,AA,TT,TT,NN,AA,AG,AC,CC,GG,TT,CC,TT,AC,AA,TT,CG,GG,CC,GG,CC,GT,TT,AA,CC,CC,AC,CC,AA,GT,AC,AC,AC,CT,AA,TT,AA,AT,GG,CC,CC,GG,AG,AA,AA,CC,GG,CC,CC,AA,AA,AG,TT,GG,AA,NN,TT,GG,CC,TT,TT,TT,CC,AA,TT,TT,AA,TT,GG,CC,AA,CC,CC,CC,GG,CC,AA,GG,NN,CC,TT,CC,GT,GT,GG,TT,AA,GG,TT,NN,GG,AA,AC,CC,GG,GG,AC,GG,TT,AC,AA,CC,GT,TT,CC,AT,AT,GG,TT,TT,AT,GG,GT,AA,CC,AT,GT,AA,GG,AA,CT,AA,TT,CC,CT,AC,CC,TT,CG,AG,CC,GG,CC,TT,TT,TT,GG,TT,AA,AC,AG,GG,CC,CC,GG,CC,GG,AT,AG,CC,TT,GG,CC,CC,AA,GG,CC,AA,CC,AT,AA,CC,CC,AC,TT,AA,GG,AA,AA,AC,AA,GG,GG,AA,AA,AT,CG,AA,AG,CC,AC,TT,AA,AA,GG,GG,GG,TT,AT,NN,GT,TT,TT,AG,TT,GG,GG,AA,5.49,Susceptible,Low,Premium,Medium
L0423,Coimbatore,Tamil Nadu,Kharif,Red Loamy,Rainfed,650,29.5,68,AA,TT,AG,AG,GG,CC,GG,TT,CC,CC,AA,CT,CC,AT,GG,GG,GG,TT,TT,AA,CG,TT,GT,CC,TT,CC,TT,TT,GG,AA,CT,CC,AA,CC,GG,GG,GG,CC,GG,CC,TT,CT,AA,TT,AG,GG,TT,TT,CC,CC,GG,AA,AA,GG,CC,GT,AA,AA,TT,AA,AA,GT,TT,AG,TT,AT,CC,GG,TT,GT,AA,GG,CC,AA,GG,AC,AT,AG,TT,TT,NN,GG,GG,CC,AT,GG,AA,TT,CC,GT,AA,TT,CC,TT,GT,GG,TT,CC,GT,CC,CT,CC,AG,AA,TT,TT,CC,AA,AG,AA,CC,GG,TT,CC,GT,NN,AC,TT,CC,GG,CC,GG,CC,GG,CT,AG,CT,CC,CC,CC,AA,TT,CC,AA,CC,CC,AA,TT,AA,AA,GG,CC,CC,GG,AG,AA,AA,CC,TT,CC,CC,AA,AG,AG,GT,GG,AC,GT,CT,AG,CC,TT,GT,TT,CC,AA,TT,CT,AA,AT,GG,CC,AG,CC,CC,CC,CG,CC,AA,GG,AA,CC,GT,CC,GG,GT,GG,TT,AA,AA,GT,CC,CG,AA,CC,CC,GG,GG,AC,GG,TT,AC,AA,CC,GT,AA,CC,AA,AA,TT,TT,TT,AA,GG,GT,AA,CC,AT,TT,AA,GG,AA,TT,AA,TT,CC,CT,AC,CC,TT,GG,AA,CC,GG,CC,TT,TT,GT,GG,TT,AA,AA,AG,GG,CC,CC,GG,CC,NN,AT,AA,CC,GT,GG,CC,CC,AA,GG,CC,AA,CC,AA,AA,CC,CC,AC,AT,AG,GG,AA,AC,AA,AA,GG,AA,AA,NN,AT,GG,AA,AA,CC,AC,CT,AA,AA,GG,GG,CG,GG,AT,AA,TT,TT,TT,AG,TT,GG,GG,AA,3.84,Susceptible,Low,Standard,Early
L0424,Coimbatore,Tamil Nadu,Kharif,Red Loamy,Rainfed,650,29.5,68,AA,TT,GG,AA,CG,CC,GG,TT,CC,CG,AA,CC,CG,TT,GT,GT,GG,TT,TT,AA,CG,TT,NN,CC,TT,CC,TT,AT,GG,AA,TT,CC,AA,CC,GG,GG,GG,CG,GG,CC,TT,TT,AC,GT,AG,AG,TT,TT,CC,CC,GT,AA,AA,GG,CC,TT,AA,AC,GG,CC,AA,GT,AT,AA,CT,TT,CC,GG,TT,GG,AA,GG,CC,AA,GG,AA,AA,GG,TT,TT,GG,GG,GG,CC,AA,GG,AA,AA,CC,GG,CC,TT,CC,TT,GT,GG,TT,CC,TT,CC,CT,NN,AA,AA,AT,TT,CC,AA,AA,AC,CT,GG,TT,CG,TT,AC,AC,AT,CC,AG,CG,AG,NN,NN,TT,AG,CC,CC,CC,CC,AA,NN,CC,AA,CC,CC,AA,TT,NN,AA,GG,CC,CC,GG,AA,AG,AA,CC,GG,CC,CC,AA,AA,GG,GT,GG,AC,TT,CT,GG,CC,TT,TT,TT,CC,AT,GT,TT,AA,TT,GG,CC,AG,CT,CC,CC,CG,CC,AA,GG,AG,CC,TT,CC,GT,TT,GG,AT,AA,AA,GT,CC,GG,AC,CC,CC,GG,GG,CC,GG,TT,AA,AA,CC,GG,AA,CC,AA,AA,GG,TT,TT,AA,GG,GT,AA,CC,TT,GT,AA,GG,AG,CT,AA,TT,CC,CT,AC,CC,CT,CC,AG,CC,AG,CC,AT,CT,GT,GG,TT,AA,AA,AA,GG,CC,CC,GG,CC,GG,AT,AA,CC,TT,GG,CG,CC,AT,GG,CC,AA,CC,AT,AA,AC,CC,AC,TT,AA,CG,AA,AA,AA,AA,AG,AA,AA,AA,AT,CG,AA,AA,CC,AA,TT,AG,AA,GG,GG,GG,GT,AA,AA,TT,AT,TT,AG,TT,GG,GG,AA,3.55,Susceptible,Medium,Standard,Early
L0425,Coimbatore,Tamil Nadu,Kharif,Red Loamy,Rainfed,650,29.5,68,AA,TT,GG,AG,GG,NN,GT,AT,CC,CG,AA,CC,CC,TT,GT,GT,CG,TT,TT,AG,CC,TT,GT,CC,TT,CC,TT,AT,GT,AA,TT,CT,AA,CC,AG,CG,GG,CC,GG,CC,TT,TT,AA,TT,AG,AG,TT,AT,CC,AC,GG,AA,AA,GG,TT,TT,AA,AC,GG,AC,AA,TT,AA,AA,TT,TT,CC,GG,TT,GG,AA,GG,AC,AA,AG,AA,AT,GG,TT,TT,GG,GG,GG,CC,AA,GG,AA,AA,CC,GT,CC,NN,CT,AT,TT,GG,TT,CC,TT,CC,CC,CC,AG,AA,TT,TT,CG,AA,GG,AA,TT,GG,NN,CC,TT,AC,AA,TT,CC,AG,CC,AG,CC,GG,TT,AG,CT,CC,AC,CC,AA,TT,CC,AA,CC,CC,AA,TT,AA,AA,GG,NN,CC,AG,AA,AG,AA,AC,GG,CC,CC,AA,AA,AG,TT,GG,AC,TT,CT,AA,CC,GT,TT,TT,CG,AA,TT,TT,AT,TT,GG,CC,AA,CC,CC,CC,CG,CC,AA,GG,AG,AC,TT,CG,GT,TT,GG,AT,AA,AG,GT,AC,CG,AC,AC,CC,GG,AG,AA,GG,TT,AC,AA,CC,GG,AT,CC,AA,AA,GG,TT,AT,AA,GG,GG,AT,CC,TT,TT,AA,GG,AA,TT,AA,TT,CC,TT,AC,CC,TT,GG,AG,CC,AG,AC,TT,TT,GT,GG,TT,AA,AC,AG,GG,CC,CC,GG,CC,GG,AT,AA,CC,TT,GG,CC,CC,AA,GG,CG,AT,CC,AT,AA,CC,CC,AC,AT,AA,GG,AA,AA,AA,AA,AG,AG,AA,AA,TT,GG,AC,AA,AC,AA,CC,AA,AA,GG,GG,GG,TT,AA,AA,TT,AT,TT,AG,TT,GG,CG,AA,3.97,Susceptible,Low,Poor,Early
L0426,Coimbatore,Tamil Nadu,Kharif,Red Loamy,Rainfed,650,29.5,68,AA,TT,AG,AG,GG,CC,GG,TT,CC,GG,AA,CC,CC,TT,TT,GG,CG,TT,TT,AA,CC,GG,TT,CC,AT,CC,GT,TT,GT,AA,TT,CC,AA,CC,GG,CG,GG,CC,GG,CC,TT,CT,AA,GT,AA,AG,TT,AT,CC,AA,GG,AA,AA,GG,TT,TT,AA,AC,GT,AA,AA,TT,AT,AG,TT,TT,CC,GG,TT,GT,AA,GG,CC,AA,AG,AA,AA,GG,TT,TT,GG,GT,GG,CC,TT,GG,AA,AA,GG,TT,CC,TT,CC,TT,TT,GG,CT,CC,TT,CT,CC,CG,AG,AA,TT,TT,CG,AA,AG,AA,CC,GG,TT,CC,GT,AA,AC,TT,CG,GG,CC,GG,CC,GG,TT,AA,CC,CC,AC,CC,AA,TT,CC,AA,CC,CC,AG,TT,AA,AA,GG,CC,CG,GG,AG,AA,AA,CC,GG,CC,CG,AG,AA,GG,TT,GG,AA,TT,CT,GG,CC,GT,GT,TT,CC,AT,GT,TT,TT,TT,GG,CC,AA,CT,CC,CC,GG,AC,AA,GG,AA,CC,TT,CG,GG,TT,CG,AT,AG,AA,TT,CC,GG,AC,AC,CC,GG,GG,CC,GG,TT,AC,AA,CC,GG,AA,CC,AA,AT,GT,TT,TT,AA,GG,GT,AA,CC,AT,TT,AT,GG,AA,CC,AA,TT,NN,CT,AA,NN,TT,GG,AG,CC,AG,AC,TT,TT,GT,GG,AT,AA,CC,AA,GG,CC,CG,GG,CC,GG,TT,AG,CG,TT,GG,CC,CC,AT,GG,CC,AA,CC,AA,AA,AA,CG,AA,TT,AG,GG,AA,AA,AC,AA,GG,GG,AA,AA,TT,GG,AA,AA,AC,AC,TT,AA,AA,GG,GG,GG,TT,AA,AA,GT,TT,TT,AG,TT,GG,CG,AA,2.85,Susceptible,Medium,Premium,Medium
L0427,Coimbatore,Tamil Nadu,Kharif,Red Loamy,Rainfed,650,29.5,68,AA,TT,AG,AA,GG,CC,GG,AT,CC,CG,AA,CC,CC,TT,GT,GG,GG,TT,TT,AA,CG,TT,TT,CT,TT,CC,TT,AT,GT,AC,TT,CC,AA,AC,GG,GG,GG,CG,GG,CC,TT,CT,AA,GT,AG,GG,TT,TT,CC,AC,GG,AT,AA,GG,CT,TT,AA,AA,GG,AA,AA,TT,TT,GG,TT,TT,CC,GG,TT,GG,AG,GG,CC,AA,NN,AC,AA,AG,TT,TT,GG,GG,GG,CC,AA,GG,AA,AT,CC,TT,CC,GT,CT,AT,TT,GG,TT,AC,TT,CC,CC,GG,AG,AA,TT,TT,CG,AA,GG,AA,CC,GG,GT,CC,GT,AA,AA,TT,CC,AG,CC,GG,CT,GT,TT,NN,CC,CC,CC,CG,AA,TT,CC,AA,CC,CC,AA,AT,NN,AA,GG,CC,CC,GG,AA,AA,AT,CC,GG,CC,CC,AA,AG,AG,TT,GG,NN,TT,CT,GG,AC,TT,GT,TT,CG,AT,GT,TT,AT,TT,GG,CC,AA,TT,CC,CC,GG,AC,AA,GG,AA,CC,TT,CC,GG,TT,CG,AT,AA,AA,TT,CC,GG,AC,AC,CC,GG,AG,AC,GG,CT,AC,AA,CG,GG,AT,NN,AT,AT,GG,TT,NN,AA,CG,GG,AA,CC,TT,GT,AA,GG,AA,CT,CC,TT,CC,TT,AA,CC,CT,CG,AA,CC,AG,CC,AT,CC,GT,GG,TT,AC,AC,AA,GG,NN,CC,GG,CC,GG,AT,AA,CG,TT,AG,CC,CC,AA,AG,CC,AT,CG,AA,AA,AC,CC,CC,TT,AA,GG,AA,AA,AA,AA,AG,AA,AA,AA,AT,NN,AA,AA,AA,AA,TT,AA,AA,GG,GG,GG,TT,AT,AG,TT,TT,TT,GG,TT,GG,GG,AC,2.93,Resistant,High,Standard,Early
L0428,Coimbatore,Tamil Nadu,Kharif,Red Loamy,Rainfed,650,29.5,68,AA,TT,AG,AG,GG,CG,GT,AT,NN,CG,AA,CC,CC,TT,TT,GG,GG,AT,AT,AA,CG,TT,TT,CT,AT,CC,TT,AT,TT,AA,TT,CC,AA,CC,GG,GG,GG,CC,GG,CC,GT,TT,AA,GT,AG,AA,TT,TT,CC,CC,GT,AT,AA,GG,NN,TT,AA,AA,GT,AC,AA,TT,AT,AG,CT,AT,CC,GG,TT,GT,AG,GG,CC,AA,GG,CC,AA,GG,TT,TT,GG,GG,GG,CC,AT,GG,AG,AA,CC,TT,CC,TT,CT,TT,TT,GG,NN,CC,TT,CT,CC,GG,AG,AA,AT,TT,CC,AA,AG,AC,CC,GG,TT,CC,TT,AA,AA,TT,CG,AG,CC,GG,CC,GG,TT,GG,CC,CC,CC,CC,AG,TT,CC,AA,CC,CC,AA,TT,AA,AA,GG,CC,CC,GG,AA,AA,AT,CC,GT,CC,CC,AA,AA,GG,GT,GG,CC,GT,CC,GG,CC,GT,GT,TT,CC,AT,TT,TT,AA,TT,GG,CC,AA,CT,CC,CC,CC,CC,AA,GG,AA,CC,TT,CC,GG,TT,GG,AT,NN,AA,TT,CC,GG,AA,CC,CC,GG,GG,AC,GG,TT,AA,AG,CC,GG,AT,CC,AA,AT,GT,GG,AT,AA,CG,GG,AT,CG,AT,GT,AA,AG,AA,CC,AA,TT,CC,TT,AC,CC,CT,CC,AG,CC,GG,CC,AT,CT,TT,GG,TT,AA,AA,AG,GT,CC,CC,GG,CG,GG,NN,AA,CC,TT,GG,CC,CC,AT,GG,CC,AA,CC,AT,AA,CC,CG,CC,AA,AA,GG,AA,AA,AA,AA,AG,AG,AG,AA,TT,GG,AA,AA,CC,AA,TT,AA,AA,GG,GG,GG,TT,AA,AG,GT,TT,TT,AG,TT,GG,GG,AA,4.55,Resistant,Medium,Standard,Early
L0429,Coimbatore,Tamil Nadu,Kharif,Red Loamy,Rainfed,650,29.5,68,AA,TT,GG,AG,GG,CG,GG,TT,CC,CC,AT,CT,CG,AT,TT,TT,GG,TT,TT,AA,CC,GT,GG,CT,TT,CC,TT,TT,GT,AA,CT,CC,AA,CC,GG,CG,GG,CC,GG,AC,TT,TT,AA,TT,AG,GG,CT,NN,CG,AA,GT,AA,AG,GG,CT,TT,AA,AC,GG,AA,AA,TT,AT,AG,TT,TT,CC,GG,TT,GG,AA,GG,CC,AA,GG,AC,TT,GG,TT,TT,GG,GG,GT,CC,AA,GG,AA,AA,CC,GT,CC,TT,CC,TT,TT,GG,TT,CC,TT,CC,CC,CG,AG,AA,NN,TT,CC,AA,GG,AC,CT,GG,TT,CC,GG,CC,AC,TT,NN,AA,CC,GG,CC,GT,TT,AA,CC,CC,CC,CC,AA,TT,CC,AA,CC,CC,AA,TT,AA,AA,GG,CC,CC,GG,AA,AG,AA,AC,GT,CC,CC,AA,GG,GG,GT,NN,AA,NN,TT,GG,CC,TT,TT,CT,CC,AT,TT,TT,AA,TT,CG,CC,AG,CT,CC,CC,CG,CC,AA,GG,GG,CC,TT,CC,GG,GT,CC,AA,NN,AG,TT,CC,CG,AA,CC,CC,CG,GG,AA,GG,TT,AA,AA,CC,GG,AA,CC,AA,AT,GG,TT,AA,AA,GG,GG,AT,CC,TT,GT,AA,GG,AA,TT,AA,AT,CC,TT,CC,NN,TT,GG,AG,CC,AG,AC,TT,TT,GG,GG,TT,AC,CC,AA,GG,CC,CC,GG,CG,GG,TT,AA,CC,GT,GG,CC,CC,AA,GG,CC,AT,CC,AA,AA,CC,CC,AC,TT,AA,GG,AA,AA,AA,AA,GG,AG,GG,AA,TT,GG,AA,AG,AC,AA,CT,AA,AA,GG,AG,GG,TT,AA,AA,TT,TT,TT,AG,AA,GG,GG,AC,3.18,Resistant,High,Premium,Late
L0430,Coimbatore,Tamil Nadu,Kharif,Red Loamy,Rainfed,650,29.5,68,AA,TT,AA,AG,GG,CC,GT,AT,CC,GG,TT,CT,CG,TT,TT,GG,GG,TT,TT,AG,CC,GT,GT,CT,TT,CC,TT,TT,GT,AA,CT,CC,AA,CC,GG,CG,GG,CG,GG,CC,TT,TT,AA,TT,AA,AG,CT,TT,CC,NN,GG,AA,AG,GG,CC,GT,AA,AC,TT,AC,AG,TT,AA,AA,TT,AA,CC,GG,TT,GT,AG,GG,AC,AA,AG,AA,AA,GG,TT,TT,GG,GT,GG,CC,AA,GG,AA,AA,CC,TT,CC,TT,CC,TT,GT,GG,TT,CC,TT,CC,CC,CG,GG,AA,TT,TT,CC,AA,NN,AA,CC,GG,TT,GG,GT,AA,AA,TT,CC,GG,CC,GG,CC,GG,TT,AA,CT,CC,CC,CC,AA,TT,CC,AA,CC,CT,AA,AA,AA,AA,GG,CC,CC,GG,AA,AA,AA,CC,GG,CC,CG,AA,AA,AA,GT,GG,AC,GG,CT,GG,CC,TT,GT,TT,CG,AA,GT,TT,AA,TT,GG,CC,AG,TT,CC,CC,GG,CC,AA,GG,AG,CC,TT,GG,GG,TT,GG,TT,AG,AA,TT,AC,CG,AA,CC,CC,GG,GG,AC,CG,TT,AA,NN,GG,GT,AT,CC,AA,AT,GG,TT,TT,AA,CG,GT,AT,CC,AT,TT,AA,GG,AA,CT,AA,TT,GG,TT,AC,CC,TT,CG,AA,CC,AA,CC,TT,TT,GT,GG,AT,AA,AC,AG,GG,CC,CC,GG,CC,GG,AT,AG,CC,GT,GG,CC,CC,AA,GG,NN,AT,CC,AA,AA,CC,CC,AC,TT,AA,GG,AA,AA,AA,AA,AG,AA,NN,AA,TT,GG,AA,AG,AC,AC,TT,AA,AG,GG,GG,GG,TT,AT,AA,TT,TT,AT,AG,TT,GG,GG,AA,2.15,Susceptible,High,Premium,Medium
L0431,Coimbatore,Tamil Nadu,Kharif,Red Loamy,Rainfed,650,29.5,68,AA,TT,GG,AA,GG,GG,GG,AT,CC,CC,AA,CC,GG,TT,GT,GT,GG,TT,AT,AG,CC,TT,TT,CC,TT,CC,GT,TT,GG,AA,CT,CC,AA,CC,GG,CG,GG,CG,GG,CC,TT,TT,AA,TT,AG,AG,TT,TT,CC,AC,GG,AA,AA,GG,CC,GT,AA,AC,TT,AA,AG,TT,TT,AG,TT,AT,CC,GT,TT,GG,AA,GG,AC,AG,GG,CC,AA,GG,GT,TT,GG,GT,GT,CC,AA,GG,AA,TT,CC,GT,AC,GT,CC,TT,TT,GG,CT,CC,GT,CT,CC,GG,AA,AG,TT,TT,CC,AA,AA,AA,CT,GG,TT,CC,TT,AA,AA,TT,CC,AG,CC,AG,CC,GT,CT,AA,CC,CC,CC,CC,AA,TT,CC,AA,CC,CC,AA,AT,AA,AA,GG,CC,CC,GG,AA,AG,AA,CC,GT,CC,CC,AA,AG,AG,TT,GG,AC,GT,TT,GG,CC,GT,TT,TT,CC,AA,GT,CT,AA,TT,GG,CC,GG,CC,CC,CC,CG,CC,AA,GG,AG,CC,TT,CG,GG,TT,GG,AT,AA,AA,GT,CC,GG,AA,AC,CC,NN,GG,AC,GG,TT,AA,AA,CC,GG,AT,CC,AA,AT,GG,GT,TT,NN,GG,GT,AA,CG,TT,GG,AA,GG,AA,TT,NN,TT,CC,CT,AA,CC,TT,GG,AG,CC,AG,CC,TT,TT,TT,GG,TT,AA,AC,AG,GG,CC,CG,GG,CC,GG,AT,AA,CC,GT,GG,CC,CC,AT,GG,CG,AA,CC,AT,AA,CC,CC,CC,AT,AA,GG,AA,AA,CC,AA,GG,AA,AA,AA,TT,GG,AA,AG,CC,AA,CT,AG,AG,GG,GG,GG,TT,AT,AA,TT,TT,TT,AA,TT,GG,GG,AA,3.97,Moderate,Low,Poor,Early
L0432,Coimbatore,Tamil Nadu,Kharif,Red Loamy,Rainfed,650,29.5,68,AA,TT,GG,AG,GG,CC,GG,TT,CC,CC,AA,CC,CC,AT,GT,GG,GG,TT,TT,AG,CC,TT,TT,CC,TT,CC,GT,TT,GG,AA,TT,TT,AA,CC,GG,GG,GT,CC,GG,CC,TT,CT,AC,TT,AA,GG,TT,TT,CG,AC,GG,AA,AG,GG,CT,GT,AA,AA,TT,AA,AA,GT,AA,AG,TT,TT,CC,GG,TT,GG,AA,GG,CC,AA,GG,AA,AT,GG,TT,TT,GG,GT,GT,CC,AA,GG,AA,TT,CC,GT,CC,GT,CC,AT,TT,GG,TT,CC,GT,NN,CC,CC,AG,AA,TT,TT,CC,AA,AA,AA,CT,GG,TT,GG,TT,AC,AC,TT,CC,GG,CC,GG,CC,TT,CT,AA,CC,NN,CC,CC,AA,TT,AC,AA,NN,CC,AA,TT,AA,AT,GG,CC,CC,NN,AA,AA,AA,AC,GT,CC,CC,AG,AA,GG,GT,GG,AC,GT,CC,GG,CC,GT,TT,TT,CC,AT,TT,TT,AA,AT,GG,CC,AA,CT,CC,CC,GG,CC,AA,GG,AG,CC,TT,GG,GG,TT,GG,TT,AA,AA,TT,AC,GG,AA,CC,CC,GG,GG,AC,CG,TT,AC,AA,CC,GG,AT,AA,AA,AA,GG,TT,TT,AT,GG,GT,AA,CG,AT,GT,AA,GG,AA,TT,AA,NN,CC,TT,AC,CC,CT,GG,AG,CC,AG,AC,TT,TT,TT,GG,TT,AA,CC,AA,GT,CC,CC,GG,NN,GG,AT,AG,CC,GT,GG,CC,CG,AT,GG,CG,TT,CG,AA,AA,AC,CC,AA,TT,AG,GG,AA,AA,AC,AA,GG,GG,AA,AA,AT,CG,AC,AA,CC,AA,CT,AG,AG,GG,GG,GG,TT,AA,AG,TT,TT,TT,AG,TT,GG,GG,AC,0.47,Resistant,Low,Premium,Late
L0433,Coimbatore,Tamil Nadu,Kharif,Red Loamy,Rainfed,650,29.5,68,AA,TT,GG,AA,GG,CC,GT,TT,CC,CC,AA,CC,CG,TT,TT,GG,GG,TT,TT,AA,CC,TT,TT,CC,TT,CC,TT,AT,GT,AC,TT,CC,AA,CC,GG,CG,GG,CC,GG,CC,TT,CT,AA,GT,GG,GG,TT,TT,CC,AC,GG,AA,AA,GG,CC,TT,AA,AA,GG,AC,AA,TT,AT,AG,TT,AT,CC,GG,TT,GT,GG,GT,AC,AA,AG,AA,TT,GG,TT,TT,GG,NN,GG,CC,AA,GG,AA,AA,CC,TT,CC,TT,CC,TT,TT,GG,TT,CC,GT,CC,CC,CC,AA,AA,TT,TT,CC,AA,AA,AA,CT,GG,TT,CG,TT,AA,AC,TT,CC,GG,CC,GG,CC,GG,TT,AG,CC,CC,CC,CC,AA,TT,CC,AA,CC,CC,AA,AT,AA,AA,GG,CC,CC,GG,AA,AA,AA,NN,TT,CC,CC,AG,AA,GG,GT,GG,AC,GT,CT,GG,CC,TT,TT,TT,CC,AA,GT,CT,AA,AT,GG,CC,AG,CC,CC,CC,GG,CC,AA,GG,AG,CC,TT,CC,GG,TT,GG,AT,AA,AG,TT,CC,GG,AA,CC,CC,GG,GG,AA,GG,TT,AA,AG,CC,GG,AA,CC,AT,AA,GG,TT,AT,AT,CG,GG,AA,CC,TT,GG,AA,GG,AA,CT,AA,TT,CC,TT,AA,CC,CC,GG,AG,CC,GG,CC,TT,TT,TT,GG,TT,AA,AC,AA,GG,CG,CC,GG,CG,GG,AT,AA,CC,TT,NN,CC,CC,AA,AG,CG,AA,CG,AT,AA,CC,CC,CC,TT,AA,GG,AA,AA,AC,AA,AG,AA,AA,AA,AT,CG,AA,AG,AC,AC,TT,AA,AA,GG,GG,CC,TT,AT,AA,GT,TT,TT,GG,NN,GG,GG,AA,2.4,Susceptible,Low,Premium,Medium
L0434,Coimbatore,Tamil Nadu,Kharif,Red Loamy,Rainfed,650,29.5,68,AA,TT,AG,GG,GG,CC,GG,TT,CC,CC,AA,CC,CG,TT,TT,GG,CC,TT,TT,AA,CC,TT,TT,CC,TT,CC,TT,AT,GG,AA,TT,CC,AA,CC,GG,CG,GG,CC,GG,CC,TT,TT,AC,TT,AA,AG,CT,TT,CG,AA,GG,AA,AA,GG,CT,TT,AA,AC,GG,AC,AG,GT,AT,NN,TT,TT,CC,GG,TT,GT,AA,GG,AC,AA,AG,AA,AT,GG,TT,TT,AG,NN,GG,CC,AT,GG,AA,AA,CG,TT,AC,TT,CC,NN,GT,GG,TT,CC,TT,CC,CC,CC,GG,AA,TT,TT,CC,AA,AG,AA,TT,GT,TT,CC,TT,AA,AA,TT,CC,AG,CC,GG,CC,GT,TT,AG,CC,CC,CC,NN,AA,TT,AC,AA,CC,CC,AA,AT,AA,AA,GG,CC,CC,GG,AA,AA,AA,CC,GG,CC,CG,AA,AA,GG,TT,GG,AA,TT,TT,AG,NN,TT,TT,CT,CC,AT,GT,TT,TT,TT,GG,CC,GG,CC,CC,CC,NN,CC,AA,GG,GG,AC,TT,CC,GT,TT,GG,TT,AA,GG,TT,AC,GG,AA,CC,CC,GG,GG,AC,GG,TT,AA,AA,CC,GG,AT,AC,AT,AT,GG,TT,TT,AA,CG,GG,AA,CG,AA,GG,AA,GG,AA,TT,AC,TT,CC,TT,AC,CC,TT,CG,AA,CC,AG,CC,TT,TT,TT,GG,TT,AA,CC,AG,GG,CC,CG,GG,CC,GG,TT,AG,GG,TT,GG,CC,CC,AA,AG,CC,AA,CC,AA,AA,CC,GG,AC,TT,AA,GG,AA,AC,AA,AA,NN,GG,AG,AA,TT,CG,AC,AA,CC,AA,CT,AA,AA,CG,GG,GG,TT,AT,AA,GT,TT,TT,AG,AT,GG,GG,AC,4.9,Resistant,Low,Poor,Late
L0435,Coimbatore,Tamil Nadu,Kharif,Red Loamy,Rainfed,650,29.5,68,AA,CT,AG,GG,GG,CC,GG,TT,CC,CG,AT,CC,NN,TT,TT,GG,GG,TT,TT,AA,CG,TT,TT,CC,TT,CC,TT,TT,GG,AA,TT,CC,AA,CC,GG,GG,GG,CC,GG,CC,TT,CT,AC,TT,AA,AG,TT,AT,CG,CC,GG,NN,AA,GG,CC,TT,AA,CC,TT,AA,AA,TT,AT,AA,CT,TT,CC,GG,TT,GG,AG,GG,CC,AA,GG,AA,AA,GG,TT,TT,GG,GG,GG,NN,AA,AG,AG,AT,CC,NN,AC,TT,CC,TT,TT,GG,TT,AC,TT,CC,CT,CG,GG,AA,TT,TT,CG,AA,AG,AC,CC,GG,TT,CC,TT,AA,AA,TT,CC,GG,CC,GG,CC,GT,CT,AA,CC,CC,CC,CC,AA,TT,AC,AA,CC,CC,AA,TT,AA,AT,GG,NN,NN,GG,AA,AA,AA,CC,GT,CC,CC,AA,AG,AG,TT,GG,AA,GG,CT,GG,CC,TT,TT,CT,CC,AA,GG,TT,AA,TT,GG,CC,AG,CC,CC,CC,CG,CC,AA,GG,AG,CC,TT,CC,GG,TT,GG,AT,AA,AG,TT,CC,GG,AA,CC,CC,GG,GG,AC,GG,TT,AC,AA,CG,GG,AT,CC,AA,AA,GG,GT,AT,AA,GG,GT,AA,CC,AT,GG,AA,GG,AA,CT,AA,TT,CC,TT,AA,CC,TT,GG,AG,CC,AA,AC,TT,TT,NN,GG,AT,NN,AC,AA,GG,CC,CG,GG,CC,GG,AA,AA,CC,GT,GG,CG,CC,AA,GG,CG,AT,CC,AT,AA,CC,CC,AC,TT,AA,GG,AA,CC,AA,AA,AG,AG,AG,AA,NN,GG,AC,AG,AC,AC,NN,AA,AA,GG,GG,GG,TT,AT,AA,GG,TT,TT,AG,TT,GG,NN,AA,2.53,Susceptible,Low,Standard,Early
L0436,Coimbatore,Tamil Nadu,Kharif,Red Loamy,Rainfed,650,29.5,68,AA,TT,AG,AA,GG,CC,GT,TT,CC,CC,AA,CC,CG,AT,TT,GT,CG,TT,TT,AG,CG,GT,GG,CC,TT,CC,TT,TT,GG,AA,TT,CC,AA,CC,GG,CG,GG,CG,GG,CC,TT,CC,AA,TT,AG,AA,CT,TT,CC,AC,GT,AT,AA,GG,CT,TT,AA,AA,TT,AC,AA,GT,TT,AA,CT,AT,CC,GG,TT,GG,AA,GG,CC,AG,GG,AC,TT,GG,TT,TT,GG,GG,GT,AC,AA,AG,AA,AA,CC,GT,CC,TT,CC,TT,NN,GG,TT,AC,TT,CT,CC,CC,GG,AA,AT,TT,CC,AA,GG,AA,CC,GT,GT,CC,TT,AA,AA,TT,CC,GG,CC,NN,CC,GT,TT,AA,CC,CC,CC,CC,AA,TT,AC,AA,CC,CC,AA,AT,AA,AA,CG,CC,CC,GG,AA,AA,AA,AC,GG,CC,CC,AG,GG,GG,GT,GG,AC,GT,CT,AG,AC,TT,TT,TT,CG,AA,TT,TT,AA,TT,GG,CC,AG,CT,AC,CC,CG,CC,AA,GG,AG,CC,TT,CC,GT,TT,CG,TT,AA,GG,TT,CC,GG,AA,CC,CC,GG,GG,AA,GG,TT,AA,AA,CC,NN,AA,AC,AA,AA,GG,TT,TT,AT,CG,GG,AA,CC,TT,GT,AA,GG,AA,TT,AA,AT,CC,TT,AA,CC,CT,CG,AA,CG,AG,CC,TT,TT,GT,GG,AT,AC,CC,AA,GG,CC,CG,GG,CC,GG,AT,AA,CC,TT,GG,CC,CG,AA,GG,CG,AA,CG,NN,AG,CC,CG,AC,TT,AA,GG,AA,AA,AA,AA,NN,AA,AA,AG,TT,GG,AA,AG,AC,AA,CT,AA,AA,GG,GG,GG,TT,AT,AA,GT,TT,TT,GG,TT,GG,GG,AA,5.52,Susceptible,Medium,Poor,Late
L0437,Coimbatore,Tamil Nadu,Kharif,Red Loamy,Rainfed,650,29.5,68,AC,CT,GG,AA,GG,CC,GT,AT,CC,CC,AA,CT,GG,TT,GT,GG,GG,TT,TT,AA,CC,GT,TT,CT,AT,CC,TT,TT,GG,AA,TT,CT,AA,CC,GG,GG,GG,CC,GG,CC,TT,TT,AA,NN,AA,AG,CT,AT,CC,AC,GG,AA,AA,GG,CC,TT,AA,AA,GT,AA,AA,TT,TT,AA,TT,TT,CC,GG,TT,GG,AA,GG,CC,AG,GG,AA,AA,AG,TT,TT,GG,TT,GT,CC,AA,GG,AA,AA,CC,GG,CC,TT,CC,TT,TT,GG,TT,CC,TT,CC,CT,CC,GG,AA,TT,TT,CC,AA,AA,AA,CC,GG,TT,CC,TT,AA,AC,TT,CC,GG,CC,GG,CT,GG,CT,AA,CC,CC,CC,CC,AA,TT,CC,AA,CC,CC,AA,TT,AA,AA,GG,CC,CC,NN,AA,NN,AA,CC,GG,CG,CC,AA,AG,AG,TT,AG,AC,GT,CT,GG,CC,GT,TT,TT,CG,AA,TT,TT,AT,TT,GG,CC,AA,CT,CC,CC,CG,CC,AA,GG,AG,CC,TT,CC,GT,TT,CG,TT,AA,NN,TT,AC,GG,AA,CC,CC,GG,GG,AC,GG,CT,AA,AA,CG,GG,AT,CC,AA,AA,GG,TT,TT,AT,GG,GG,AT,CC,TT,TT,AA,GG,AA,CT,AA,TT,CG,TT,AA,CC,TT,GG,AA,CC,GG,CC,TT,CC,GT,NN,TT,AA,NN,AA,GG,CC,CC,GG,CC,GG,TT,AA,CC,TT,GG,CC,CC,AT,GG,CG,AA,CC,AA,AA,AA,CC,AC,TT,AA,GG,AA,AA,AA,AA,GG,AG,GG,AA,AT,GG,AA,AG,CC,AA,TT,AG,AA,GG,GG,GG,GT,AA,AA,TT,TT,TT,AG,TT,GG,GG,AA,5.14,Moderate,Medium,Standard,Early
L0438,Coimbatore,Tamil Nadu,Kharif,Red Loamy,Rainfed,650,29.5,68,CC,TT,GG,AA,GG,CC,GT,TT,CC,CC,AA,CC,CG,AT,TT,GT,GG,NN,TT,AA,CC,GT,GG,CC,TT,CC,GT,TT,GG,AA,TT,CC,AA,CC,GG,GG,GG,CC,GG,CC,TT,CT,AA,TT,AG,AA,TT,AT,CC,AA,GT,AT,AA,GG,CC,TT,AA,AC,GT,AA,AA,TT,TT,AG,TT,AT,CC,GG,TT,GG,AA,GT,CC,AA,GG,AA,AA,GG,TT,CT,NN,GT,GT,CC,AA,GG,AA,AA,CC,GT,AC,TT,CT,TT,TT,GG,TT,CC,GT,CC,CC,CG,AG,NN,TT,TT,CC,AA,AG,AC,CT,GG,TT,CC,TT,AA,AC,TT,CC,GG,CG,GG,CT,GT,CT,AA,CT,CC,NN,CC,AA,TT,CC,AA,CC,CC,AA,TT,AA,AA,GG,CT,CC,GG,AA,AG,AA,CC,GG,CC,CG,AA,AA,GG,TT,AG,AC,TT,CT,GG,AC,TT,GT,TT,GG,AT,GT,TT,AA,TT,GG,CC,AG,CC,AC,CC,CG,CC,AA,GG,AG,CC,TT,CC,GT,NN,CG,AT,AA,AA,TT,CC,GG,AA,AC,CG,GG,GG,AA,GG,CT,AC,AA,CC,GG,AA,AC,AA,AA,GG,TT,TT,AA,GG,GG,AT,CC,TT,TT,AA,GG,AA,TT,AA,NN,CC,CT,AC,AC,TT,CC,AG,CC,AG,NN,TT,TT,TT,GG,TT,AA,AC,AG,GG,CC,CG,GG,CC,GG,TT,AA,CC,GG,GG,CC,CG,AA,GG,CC,AT,CC,AT,AA,AC,CC,AC,TT,AA,GG,AA,AA,AC,AA,AG,GG,AA,AA,AT,GG,AC,AG,AA,AA,TT,AA,AA,GG,GG,GG,TT,AA,AA,GT,TT,TT,AG,TT,GG,GG,AA,3.42,Moderate,Low,Poor,Late
L0439,Coimbatore,Tamil Nadu,Kharif,Red Loamy,Rainfed,650,29.5,68,CC,TT,GG,AG,GG,CC,GT,TT,CC,GG,AA,CC,NN,TT,TT,GG,GG,TT,TT,AA,CC,GT,TT,CC,TT,CC,TT,TT,GG,AA,TT,CT,AA,CC,GG,GG,GG,CG,GG,CC,TT,TT,AA,TT,AA,AG,TT,TT,CC,AC,GT,AT,AA,GG,CT,TT,AT,AA,GT,CC,AA,TT,TT,AA,TT,AT,CC,GG,TT,GG,AG,GT,CC,AA,AG,AA,AA,AG,GT,TT,GG,GG,GG,CC,AA,GG,AA,AA,NN,GT,CC,TT,CT,NN,TT,GG,TT,AC,TT,CC,TT,CC,AG,AA,TT,TT,CG,AA,AG,AA,CT,GG,TT,CC,TT,AA,AA,TT,CC,AG,CC,AG,CC,GG,TT,GG,CT,CC,CC,CG,AA,TT,CC,AA,CC,CT,AA,TT,AA,AT,GG,CC,CC,GG,AG,AA,AA,CC,GG,CC,CG,AA,AA,GG,TT,GG,AC,GT,TT,GG,AC,TT,TT,TT,CC,AA,GT,TT,AA,TT,GG,CC,AA,CC,CC,CC,GG,CC,AA,GG,AA,CC,TT,CC,GG,TT,GG,AT,AA,AA,TT,CC,GG,AA,CC,CC,GG,GG,AC,GG,TT,AC,AA,CC,GG,AA,CC,AA,AT,GT,TT,TT,TT,GG,TT,AT,CC,AA,GT,AA,GG,AA,TT,AA,AT,CC,TT,AA,CC,CT,CG,GG,CG,GG,AC,TT,CT,TT,GG,AT,AA,AC,AA,GG,CC,CG,GG,CC,GG,TT,AA,CC,TT,GG,CG,CC,AA,AG,CG,AA,CG,AA,AA,AC,CC,AC,NN,AA,GG,AA,AA,AA,AA,AG,AG,AA,AA,TT,GG,AC,AG,CC,AC,CT,AA,AA,GG,GG,CG,TT,AT,AG,TT,TT,TT,AA,TT,GG,CG,AA,4.54,Susceptible,Medium,Poor,Early
L0440,Coimbatore,Tamil Nadu,Kharif,Red Loamy,Rainfed,650,29.5,68,AC,TT,NN,GG,GG,CC,GG,TT,CC,NN,AT,CC,CG,TT,TT,GG,CC,TT,TT,AG,CC,TT,GT,CT,TT,CC,GT,TT,GG,AA,TT,CC,AA,CC,GG,GG,GG,CG,GG,AC,TT,CT,AC,TT,AG,GG,TT,TT,CC,CC,GT,AA,AA,GG,CC,TT,AA,AA,GG,AA,AA,NN,AT,AA,CT,TT,CC,GG,TT,GT,AA,GG,CC,NN,AG,AA,AA,GG,TT,TT,GG,GT,GG,CC,AA,GG,AA,AA,CG,TT,CC,TT,CC,TT,TT,GG,CC,CC,TT,CC,CC,CC,GG,AG,TT,TT,CC,AA,AA,AA,CC,GG,GT,CC,GT,AA,AA,TT,CC,GG,CG,GG,CC,NN,TT,AA,CC,CC,CC,CC,AA,TT,AC,AA,CC,CC,AA,NN,AA,AA,GG,CT,CC,GG,AA,AA,AA,AC,GT,CC,CC,AA,AA,AG,TT,AG,AA,GG,TT,GG,CC,TT,GT,TT,CC,AA,TT,TT,AT,TT,CG,CC,GG,TT,CC,CC,CG,CC,AA,GG,AG,CC,TT,CC,GT,TT,CG,TT,AA,AA,TT,CC,GG,AA,CC,CC,GG,GG,AC,GG,TT,AC,AA,CC,GT,AA,AC,AT,AT,GG,TT,AA,AT,GG,GT,AA,CC,NN,GT,AA,GG,AA,TT,AA,TT,CC,TT,AA,CC,TT,GG,AA,CG,GG,CC,NN,CT,GT,GG,TT,AC,AA,AG,GG,CC,CC,GG,CC,GG,AT,AA,CC,GT,GG,CC,CC,AA,GG,CG,AT,CG,AA,AA,AC,CG,AC,TT,AA,CG,AA,AC,AC,AA,AG,AG,AA,AG,TT,GG,AA,AG,CC,AA,CT,AA,AA,GG,GG,GG,GT,AA,AA,TT,TT,TT,AG,AT,GG,GG,AC,2.53,Resistant,High,Premium,Late
L0441,Coimbatore,Tamil Nadu,Kharif,Red Loamy,Rainfed,650,29.5,68,NN,CT,GG,AG,GG,CC,GG,AT,CC,GG,AA,CT,CC,TT,TT,GT,GG,TT,TT,AA,CC,TT,GT,CC,TT,CT,GT,TT,GG,AA,TT,CC,AA,CC,GG,GG,GG,CG,NN,AC,TT,CC,AA,TT,AA,AA,TT,AT,CC,AA,GG,TT,AA,GG,CC,TT,AA,CC,GT,AA,AG,TT,AT,AA,TT,AT,CC,GG,TT,GG,AA,GT,CC,AA,AG,AC,AT,GG,TT,TT,GG,GT,GG,CC,AA,GG,AA,AA,CC,GT,CC,TT,CC,TT,GT,GG,TT,CC,GT,CT,CC,GG,GG,AA,TT,TT,CC,AA,AG,AA,CC,GG,TT,CC,TT,AA,AA,AT,CC,AG,CC,AG,CC,GG,CT,AA,CC,CC,CC,CC,NN,TT,CC,AA,CC,CC,AA,AT,AA,AA,GG,CT,CC,GG,AA,AA,AA,CC,GT,CC,CC,AA,NN,GG,GT,GG,AA,TT,TT,GG,CC,TT,GT,TT,CC,AA,GT,CT,AT,AA,GG,CC,AA,CT,CC,CC,CG,AC,AT,GG,AG,NN,TT,CC,TT,GT,CG,AT,AA,AA,TT,CC,GG,AA,CC,CC,GG,GG,AC,GG,TT,AC,AA,CC,GT,AA,AC,AA,AA,GG,TT,TT,AT,CG,GT,AT,CG,AT,GT,AA,GG,AA,TT,AA,TT,CC,TT,AC,CC,CT,GG,AG,CG,NN,CC,TT,CT,GT,GG,TT,AA,AC,AG,GG,CC,CG,GG,CC,GG,AT,AA,CC,TT,GG,NN,CC,AA,GG,CC,AA,CC,AA,AA,CC,CC,CC,TT,AA,GG,AA,AA,AA,AC,AG,AG,AA,AA,TT,GG,AA,NN,AC,AA,CT,AA,AA,GG,GG,GG,GT,AA,AA,TT,TT,AT,AA,TT,CG,GG,AC,1.72,Resistant,Medium,Poor,Early
L0442,Coimbatore,Tamil Nadu,Kharif,Red Loamy,Rainfed,650,29.5,68,NN,CT,GG,AA,CG,CC,GG,TT,CC,GG,AA,CC,CG,TT,NN,GG,GG,TT,TT,AA,CG,GT,TT,CT,TT,CC,TT,TT,GG,AA,TT,CC,AA,CC,GG,CG,GG,CC,GG,CC,TT,CC,AA,GT,AA,AG,CC,TT,CC,AC,GG,AA,AG,GG,CC,NN,AT,AC,TT,AA,AG,TT,TT,AG,TT,AT,CC,GG,TT,TT,AA,GG,CC,AA,GG,AA,AT,GG,TT,TT,GG,GG,GG,CC,AA,GG,AA,AA,CC,GG,AC,TT,CC,TT,TT,AA,TT,CC,GT,CC,CC,CC,AG,AA,TT,GT,CG,AG,AA,AA,TT,GG,TT,CC,TT,AA,AA,TT,CC,AG,CC,GG,TT,GG,CT,AA,CC,NN,AC,CC,AA,TT,CC,AA,CC,CC,AA,TT,AA,AA,GG,CT,CC,GG,AA,GG,AA,AC,GT,CC,CC,AA,AA,GG,GT,GG,AA,GT,TT,GG,AC,TT,GG,CT,CC,TT,TT,TT,AA,TT,GG,CG,AA,CC,AC,CC,CG,CC,AA,GG,AA,CC,TT,CG,GT,TT,CG,AT,AA,AA,TT,CC,CC,AA,CC,CG,GG,GG,CC,GG,TT,AA,AA,CC,GG,AA,AC,AT,AA,GT,NN,TT,AT,GG,GT,AA,CC,TT,GT,AA,AG,AA,TT,AA,TT,CC,TT,AA,CC,TT,NN,AA,CG,AA,CC,TT,TT,GT,GG,TT,AA,AC,AG,GG,CC,CG,GG,CG,GG,AT,NN,CC,TT,AG,CG,CC,AT,GG,CC,AA,CG,AT,AA,AC,GG,AC,AT,AA,GG,AA,AA,AA,AA,AG,AG,AA,AA,TT,GG,AA,GG,AA,AA,TT,AA,AA,GG,GG,CC,TT,AA,AA,TT,TT,TT,AG,TT,GG,GG,AA,3.91,Susceptible,Low,Standard,Late
L0443,Coimbatore,Tamil Nadu,Kharif,Red Loamy,Rainfed,650,29.5,68,AC,TT,AG,AA,GG,CC,GG,TT,CC,GG,AA,CC,GG,TT,TT,GG,CC,TT,TT,AG,CC,TT,GT,CT,TT,CC,TT,AT,GG,AC,TT,CC,AA,CC,GG,CG,GT,CC,GG,CC,TT,CT,AA,TT,AG,GG,TT,TT,CC,AC,GG,AA,AA,GG,CT,TT,AA,AA,TT,AC,AG,GT,AT,GG,CT,AT,CC,GG,CT,GT,AA,GG,CC,AA,AG,AC,AT,GG,TT,TT,GG,GT,GG,CC,AA,AG,AA,AA,CC,TT,AC,GT,CT,TT,TT,GG,TT,CC,GG,CC,CC,CG,AG,AA,TT,TT,CC,AA,AG,AC,CT,GG,TT,CG,GT,CC,AA,TT,CC,GG,CC,GG,CC,GT,TT,AG,CC,CC,CC,CC,AG,GT,CC,AA,CC,CC,AA,TT,AA,AA,GG,CC,CC,GG,AG,AG,AA,AC,GG,CC,CC,AA,AA,AG,TT,GG,AC,TT,CT,GG,AC,NN,TT,CT,CC,AA,GT,TT,AA,AT,GG,CC,AA,CC,CC,AC,CG,CC,AA,GG,AA,CC,TT,CC,GT,TT,GG,TT,AA,AA,TT,CC,GG,AA,AC,CC,GG,AG,AC,GG,TT,AC,AA,CC,GT,AT,CC,AA,AT,GG,TT,AT,AT,NN,GT,AA,CC,AT,TT,AA,GG,AA,TT,AA,TT,CC,CT,AA,AC,TT,GG,AA,CG,AG,CC,TT,TT,GT,GG,TT,AA,NN,AG,GG,CC,CC,GG,CC,GG,TT,AG,CG,GT,GG,CC,CG,AA,GG,CC,AT,CC,AA,AA,AC,CG,AC,TT,AA,GG,AA,AA,AA,AA,NN,AA,AA,AA,AT,GG,AA,AA,CC,AC,CT,AA,AG,GG,GG,GG,TT,AA,NN,GT,TT,TT,AA,AT,GG,GG,AA,4.01,Susceptible,Low,Poor,Late
L0444,Coimbatore,Tamil Nadu,Kharif,Red Loamy,Rainfed,650,29.5,68,AC,CT,GG,AA,GG,CC,NN,TT,CC,CG,AA,CC,CC,AT,TT,GG,GG,TT,TT,AA,CC,TT,TT,CT,TT,CC,NN,TT,GG,AA,TT,CC,AA,CC,GG,GG,GG,GG,GG,CC,TT,CT,AC,TT,AA,AG,TT,AT,CC,CC,GG,AA,AA,GG,CT,GT,AT,CC,GG,AA,AA,TT,TT,AA,TT,AT,NN,GG,TT,GG,AA,GG,AC,AA,GG,AC,AT,GG,GT,TT,GG,GG,GG,CC,AT,GG,AA,AT,CC,GT,AC,TT,CC,AT,TT,GG,CT,CC,GT,CC,CC,CC,GG,AA,TT,TT,CC,NN,AG,AA,NN,GG,TT,CC,TT,AA,AA,TT,CC,GG,CC,GG,CC,GT,TT,AA,CC,CC,CC,CC,AG,TT,AC,AA,CC,CC,AA,TT,AG,AA,GG,CT,CC,GG,AA,GG,AA,AC,GT,CC,CC,AA,AA,GG,TT,GG,AA,TT,NN,GG,CC,TT,TT,TT,CC,AA,TT,TT,AA,TT,GG,CC,AG,TT,CC,CC,CG,CC,AA,GG,AG,CC,TT,CC,GT,TT,GG,AT,AA,AG,TT,CC,GG,AC,AC,CC,GG,GG,AC,GG,TT,AC,AA,CC,GG,AT,AA,AA,AT,GT,TT,TT,AT,GG,GT,AA,CC,NN,TT,AA,GG,AA,TT,AA,TT,CC,CC,AA,CC,TT,GG,AG,CG,AA,AC,TT,TT,TT,GG,TT,AA,CC,AA,GG,CC,CC,GG,CC,GG,AT,AA,NN,NN,GG,CC,CC,AT,AG,CC,AA,CC,AA,AA,AC,CG,CC,TT,AA,GG,AA,AC,AC,AA,GG,AA,AA,AA,AT,GG,AA,AA,CC,AC,CT,AA,AA,GG,AG,GG,TT,AT,AA,GG,TT,TT,AA,AT,GG,GG,AA,4.58,Susceptible,High,Standard,Late
L0445,Coimbatore,Tamil Nadu,Kharif,Red Loamy,Rainfed,650,29.5,68,AC,TT,AG,NN,GG,CC,GG,TT,CC,CC,AA,CT,CG,TT,GT,GG,GG,TT,TT,AG,CC,TT,GG,CT,TT,CC,GT,TT,GG,AA,TT,CC,AA,CC,GG,GG,GG,CG,GG,CC,TT,CT,AA,TT,AA,GG,TT,AT,CC,AA,GG,AA,AA,GG,CC,TT,AA,AC,GG,AC,AA,GT,AT,AG,CT,TT,CC,GG,TT,GT,AA,GG,CC,AA,GG,AC,AT,NN,TT,TT,GG,GG,GG,CC,AA,AG,AA,AA,CC,GG,AC,TT,CC,AT,TT,GG,TT,CC,TT,CC,CC,CC,AG,AA,TT,TT,CC,AA,AG,AC,CC,GG,TT,CC,TT,AA,AA,TT,CC,AA,CG,GG,CC,GG,CT,AA,NN,CC,CC,CC,AA,TT,CC,AA,CC,CC,AA,TT,AG,AT,GG,CC,CC,GG,AG,AG,AA,CC,GG,CC,CC,AA,AG,GG,TT,GG,AC,TT,CT,GG,AC,TT,GT,CT,CC,AA,TT,TT,AA,TT,GG,CC,AG,CT,CC,AC,CC,CC,AA,GG,GG,CC,TT,CC,GG,TT,GG,TT,AA,NN,GT,CC,GG,AA,AA,CC,GG,GG,NN,GG,TT,AC,AA,CC,GG,AA,CC,AA,AT,GG,TT,AT,AA,CG,GT,AT,CC,TT,GG,AA,GG,AA,TT,AA,TT,CC,TT,AA,CC,CT,GG,AA,CC,AG,CC,TT,TT,GT,GG,TT,AA,AC,AG,GG,CC,CC,GG,CC,GG,TT,AA,CC,GT,GG,CC,CG,AA,GG,CC,AT,CC,AT,AA,CC,GG,AC,TT,AG,NN,AA,AA,CC,AC,AG,AG,AA,AA,TT,GG,AC,AG,AC,AA,CT,AG,AA,GG,GG,GG,TT,AA,AA,GT,TT,TT,AG,AT,GG,CG,AA,4.1,Susceptible,Low,Standard,Early
L0446,Coimbatore,Tamil Nadu,Kharif,Red Loamy,Rainfed,650,29.5,68,CC,TT,GG,AG,GG,CC,GG,TT,CC,CC,AA,CT,CC,TT,TT,GT,CG,TT,TT,AA,CC,GT,GT,CC,TT,CC,TT,AT,GG,AA,TT,CC,AA,CC,GG,GG,GG,CG,GG,CC,TT,CT,AA,TT,AG,AA,TT,TT,CC,AC,GG,AA,AG,GG,CC,TT,AT,CC,GG,AC,AA,GT,TT,AA,TT,AT,CC,GG,TT,GG,AA,GG,CC,AA,GG,AC,AT,GG,GT,TT,GG,GG,TT,CC,AT,GG,AG,AA,CC,GT,AC,TT,CT,TT,TT,GG,TT,CC,GT,CC,CT,CC,AG,AG,AT,TT,CC,AA,AA,AA,CC,GG,TT,CC,TT,AA,AC,TT,CC,AG,CC,GG,CC,GT,TT,AG,CC,CC,CC,CC,AA,TT,AC,AA,CC,CT,AA,TT,AA,AA,GG,CT,CC,GG,AA,AG,AA,CC,GG,CC,CG,AG,AA,AG,TT,GG,AA,TT,CT,GG,CC,TT,TT,TT,CC,AA,TT,CT,AA,TT,GG,CC,AA,CT,CC,CC,CG,CC,AA,GG,AA,CC,TT,CC,GT,TT,GG,TT,AG,AG,TT,CC,GG,AA,AC,CC,GG,GG,AC,GG,TT,AC,AA,CC,GG,AA,CC,AA,AT,GG,GT,AA,AT,GG,GT,AT,CC,TT,TT,AA,GG,AA,TT,AC,AT,CC,TT,AC,CC,CT,GG,AG,CC,GG,CC,TT,TT,GT,GG,TT,AA,AA,NN,GG,CC,CC,GG,CC,GG,AT,AA,CC,TT,GG,CC,CC,AA,GG,CC,AA,CC,AT,AA,CC,CC,AC,TT,AA,GG,AA,AA,AC,AA,GG,AG,AA,AA,TT,GG,AA,AA,AC,AA,CC,AA,AA,GG,GG,GG,TT,AA,AA,TT,TT,TT,AG,AA,GG,GG,AA,5.04,Susceptible,Medium,Poor,Medium
L0447,Coimbatore,Tamil Nadu,Kharif,Red Loamy,Rainfed,650,29.5,68,AC,TT,GG,AG,GG,CC,GG,AT,CC,CC,AA,CC,CC,AT,TT,GG,GG,TT,TT,AG,CG,TT,GG,CC,TT,CC,TT,AT,GT,AA,TT,CT,AA,CC,GG,GG,GG,CC,GG,CC,TT,CC,AC,TT,AA,AG,TT,TT,CC,AA,GT,AT,AA,GG,CC,TT,AA,AA,GG,AC,AA,TT,TT,AA,TT,TT,CC,GG,TT,GG,AA,GG,CC,AA,GG,AC,AA,GG,GT,TT,GG,GG,GG,CC,AA,GG,AG,AA,CC,GT,CC,TT,CC,TT,GT,GG,TT,CC,TT,CC,CC,CG,GG,AA,AT,TT,CC,AA,AG,AA,CC,GG,TT,CG,GG,AA,AA,TT,CG,GG,CC,AG,CC,NN,TT,AA,CC,CC,CC,CC,AA,TT,AC,AA,CC,CC,AA,AT,AA,AA,CG,CC,CG,GG,AG,GG,AA,AC,GT,CC,CC,AA,AA,GG,TT,GG,AC,GT,TT,GG,AC,GT,GG,TT,CG,AA,GG,CT,AA,AT,GG,CC,AG,CC,CC,CC,CG,AC,AA,GG,AG,CC,TT,CG,GG,TT,GG,TT,AA,AA,TT,CC,GG,AA,CC,CC,GG,GG,AC,GG,TT,AC,AA,CC,GT,AA,CC,AA,AT,GG,TT,AT,AA,CG,TT,AT,CC,TT,GT,AA,GG,AA,TT,AA,TT,CC,CT,AC,CC,CT,CG,AG,CC,AA,CC,TT,TT,TT,GG,TT,AA,AA,AA,GT,CC,CG,GG,CC,GG,AT,AA,CC,TT,GG,CC,CC,AA,AG,CC,AA,CC,AA,AA,CC,CC,AC,TT,AA,NN,AA,AA,AA,AA,AG,AG,AA,AA,TT,GG,AA,AA,CC,AA,CT,AA,AA,CC,GG,CG,TT,AA,AA,TT,TT,TT,AG,AT,GG,CG,AA,2.55,Susceptible,Low,Premium,Early
L0448,Coimbatore,Tamil Nadu,Kharif,Red Loamy,Rainfed,650,29.5,68,AC,CC,GG,AA,NN,CC,GG,TT,CC,CG,AT,CC,CG,TT,TT,GG,CC,TT,TT,AG,CG,TT,GT,CT,TT,CC,TT,TT,GG,AA,TT,CC,AA,CC,GG,CG,GG,CG,GG,CC,TT,CT,AA,GT,AA,GG,TT,TT,CC,AC,GG,AA,AA,GG,CC,TT,AA,AC,GG,AC,AA,GT,TT,AA,TT,TT,CC,GG,CT,GT,AA,GT,CC,AA,GG,AC,AT,AG,GT,TT,GG,GG,GG,CC,AT,GG,AA,AA,CG,GG,CC,TT,CC,TT,TT,AG,TT,CC,GT,CT,CC,CG,NN,AG,TT,TT,CG,AA,AG,AA,CC,GG,TT,CG,GT,AA,AC,TT,CC,AG,CC,GG,CC,GT,CT,AA,CC,CC,CC,CC,AA,TT,CC,AA,CC,CC,AA,TT,AA,AA,GG,CT,CC,GG,AA,AG,AA,CC,GT,CC,CC,AA,AA,AG,TT,GG,AA,TT,CT,GG,CC,GT,TT,TT,CC,TT,NN,TT,AT,AT,GG,CG,AG,TT,CC,AC,GG,CC,AT,GG,AG,CC,TT,CG,GT,TT,CG,AT,AA,AA,TT,CC,GG,AC,AC,CC,GG,GG,AC,GG,TT,AC,AG,CC,GG,AA,CC,AA,AT,GG,TT,AT,AT,GG,TT,AA,CG,TT,GT,AA,GG,AA,TT,AA,TT,CC,TT,AA,CC,TT,GG,AG,CG,AG,CC,TT,CT,TT,GG,AT,AC,CC,AG,GG,CC,CC,GG,CC,GG,TT,AA,CC,TT,GG,CC,CG,AA,GG,CC,AA,CG,AA,AA,AC,GG,CC,TT,AA,NN,AA,AA,AC,AA,AG,AG,AG,AA,TT,GG,AA,AA,CC,AA,CT,AA,AA,CG,GG,GG,TT,AT,AG,GT,TT,TT,AA,AT,GG,GG,AA,3.74,Susceptible,Medium,Premium,Late
L0449,Coimbatore,Tamil Nadu,Kharif,Red Loamy,Rainfed,650,29.5,68,AC,TT,GG,GG,GG,CC,GG,AT,NN,CC,AA,CT,CG,TT,GG,GG,GG,TT,TT,AA,CC,NN,NN,CC,TT,CC,TT,NN,GT,AA,TT,CC,NN,CC,GG,GG,GG,GG,GG,CC,TT,TT,AA,TT,AA,AA,TT,AT,CC,CC,GG,AA,AA,GG,CC,TT,AA,AA,GG,AC,AA,TT,AA,AG,TT,TT,CC,GG,TT,GT,GG,GG,CC,AA,GG,AA,TT,GG,TT,TT,AG,GG,GG,CC,AA,GG,AA,AA,CC,GT,AC,TT,CC,TT,TT,GG,CT,CC,TT,CC,CC,CC,AA,AA,TT,TT,CC,AA,AA,AA,CC,GG,TT,CC,TT,AA,AC,TT,CC,GG,CG,GG,CC,GG,TT,AG,CT,CC,CC,CC,AA,TT,AC,AA,CC,CC,AA,AT,AA,AT,NN,CC,CC,GG,AA,AG,AT,CC,GG,CC,CC,AA,AA,GG,TT,GG,AC,TT,TT,AG,CC,TT,GT,CT,CC,AA,GG,TT,AA,TT,GG,CG,AG,CC,AC,CC,GG,CC,AA,AG,AA,CC,TT,CC,GG,GT,GG,AA,AA,AA,TT,CC,GG,AC,CC,CC,GG,GG,AA,CG,TT,AA,AG,CG,GG,AT,CC,AA,AA,GG,TT,TT,AA,CG,GT,AT,CC,AA,GT,AA,GG,AA,TT,AA,TT,CC,TT,CC,CC,TT,GG,AG,CC,AA,CC,TT,TT,GT,GG,NN,AC,CC,AA,GG,CC,CC,GG,CC,GT,TT,AA,CC,GT,GG,CC,CC,AA,AG,CC,AA,CC,AT,AA,AA,CG,AC,TT,AA,GG,AA,AA,AA,AA,GG,AG,AA,AA,TT,GG,AC,AG,CC,AC,CT,AA,AA,GG,AG,CG,TT,NN,AA,TT,TT,TT,AA,TT,GG,GG,AA,2.17,Susceptible,Medium,Poor,Early
L0450,Coimbatore,Tamil Nadu,Kharif,Red Loamy,Rainfed,650,29.5,68,AA,CT,GG,AA,GG,CC,GG,TT,CC,CC,AA,CC,CG,TT,TT,GG,CG,TT,TT,AG,CG,GT,TT,NN,TT,CT,TT,TT,GT,AA,NN,CT,AA,CC,NN,CG,GG,CC,GG,CC,TT,TT,AA,TT,AA,GG,TT,AT,CC,AC,GG,AA,AA,GG,CT,TT,AA,AA,TT,AA,AA,GT,AT,AG,TT,AA,CC,GG,TT,GG,AA,GG,CC,AA,GG,AA,AA,GG,TT,TT,GG,GG,GT,CC,AA,NN,AA,AA,CC,TT,CC,TT,TT,TT,GT,GG,TT,CC,TT,CT,CC,CC,GG,AA,TT,GT,CC,AA,AA,AA,CC,GG,TT,CG,TT,AA,AA,TT,CC,GG,CC,GG,CC,GG,CT,AG,CC,CC,AC,CC,AA,TT,CC,AA,CC,CT,AA,TT,AA,AT,GG,CT,CC,GG,AA,AG,AA,AC,GG,CC,CC,AA,AA,AG,GT,GG,CC,TT,CC,GG,AC,GG,TT,TT,CG,AT,GT,TT,AT,AT,GG,CC,AG,CC,CC,CC,GG,CC,AA,GG,AG,CC,TT,CC,GG,GT,GG,AA,NN,AG,TT,CC,GG,AA,AC,CC,GG,GG,AA,GG,TT,AC,AA,CC,GG,AA,CC,AA,AA,GG,TT,TT,AA,CG,GT,AA,CC,TT,GT,AA,GG,AA,TT,AA,TT,CC,TT,AC,CC,CT,GG,AG,CC,AG,CC,NN,CT,TT,GG,TT,AC,AC,AG,GG,CC,CG,GG,CC,GG,AA,AA,CG,GT,GG,CC,CC,AA,AG,CG,AT,CC,AA,AA,AC,GG,CC,TT,AA,GG,AA,AA,AC,AA,AA,AA,AG,AA,AT,GG,AA,NN,AC,AA,CT,AA,AA,CG,GG,GG,TT,AT,AG,GT,TT,TT,AA,TT,GG,NN,AA,2.89,Susceptible,Low,Standard,Late
L0451,Coimbatore,Tamil Nadu,Kharif,Red Loamy,Rainfed,650,29.5,68,CC,TT,GG,AG,GG,CC,GG,AT,CC,CG,AA,CC,CG,TT,TT,GT,GG,TT,TT,AA,CC,TT,GT,CC,TT,CC,GT,TT,GT,AA,TT,CC,AA,CC,GG,GG,GG,CC,GG,CC,TT,CT,NN,TT,GG,GG,CT,TT,CC,CC,GG,AA,AA,NN,CC,GT,AA,AC,TT,AC,AA,TT,AT,AG,TT,TT,CC,GG,TT,GT,AG,GT,CC,AA,GG,AC,AA,GG,TT,TT,GG,GG,GG,CC,AA,GG,AA,AA,CC,GT,CC,TT,CC,TT,TT,GG,TT,CC,GT,CC,CC,GG,AG,AA,TT,TT,CC,AA,AG,AA,TT,GG,TT,CC,TT,AA,AA,TT,CC,AG,CC,GG,CC,GG,TT,AA,CC,CC,CC,CG,AA,TT,CC,AA,CC,CC,AA,TT,AA,NN,GG,CC,CC,GG,AG,AA,AT,CC,GG,CC,CC,AA,AA,GG,TT,GG,AA,TT,CT,AG,NN,GT,GT,CT,CG,AA,TT,CT,AT,TT,CG,CC,AA,CC,CC,CC,GG,CC,AA,GG,GG,CC,TT,CG,GT,GG,GG,AT,NN,AA,TT,AC,GG,AA,CC,CC,GG,NN,AC,CG,TT,AA,AA,CC,GT,AA,AC,AA,AA,GT,TT,TT,AA,GG,GG,AT,CC,TT,TT,AA,GG,AA,CC,AA,TT,CC,NN,AC,CC,CT,CG,GG,CC,AA,CC,AT,CT,GT,CG,TT,AC,AA,AA,GG,CC,CG,GG,CG,GG,AT,AA,CC,GG,GG,CC,CC,AA,GG,CC,AT,CC,AA,AA,AC,CC,AC,TT,AA,GG,AA,AA,AC,AA,AG,AA,AG,AG,AT,GG,AC,AG,AC,AA,TT,AG,AG,GG,AG,GG,TT,AT,AA,NN,TT,TT,AA,AT,GG,CG,AA,2.43,Susceptible,Medium,Standard,Medium
L0452,Coimbatore,Tamil Nadu,Kharif,Red Loamy,Rainfed,650,29.5,68,AA,TT,GG,GG,GG,CC,GG,TT,CC,CC,AA,CT,CC,AT,TT,GT,CG,TT,TT,AA,CG,TT,TT,CC,TT,CT,TT,TT,GG,AA,CT,CC,AA,CC,GG,CC,GG,CC,GG,CC,TT,TT,AA,TT,AG,GG,TT,TT,CC,CC,GG,AA,AA,GG,CC,GT,AA,AA,TT,AA,AA,GT,TT,AG,TT,TT,NN,GG,CT,GG,AA,GG,CC,AA,GG,AC,AA,GG,NN,TT,GG,GG,GT,CC,AA,GG,AA,AA,CG,TT,AC,TT,CC,TT,NN,GG,TT,CC,GT,CC,CC,CC,GG,AA,TT,TT,CC,NN,NN,CC,CC,GG,TT,CC,TT,AA,AA,TT,CC,AG,CC,GG,CC,GT,CT,AA,CC,CC,CC,CG,AA,TT,CC,AA,CC,CC,AA,AA,AA,AT,GG,CC,CC,GG,AA,AG,AA,CC,GT,CC,CC,AA,AG,GG,GT,GG,AA,TT,CT,NN,CC,GT,GT,CT,CG,AA,GT,CT,TT,TT,GG,CC,GG,CT,CC,CC,GG,CC,AA,GG,AA,CC,TT,CC,GG,GT,GG,TT,AG,AG,TT,AC,GG,AA,CC,CC,GG,GG,AA,GG,TT,AA,AA,CC,GT,AA,CC,AT,AT,GG,GT,TT,AA,GG,GG,AT,CC,AT,TT,AA,GG,AA,TT,AA,TT,CC,TT,CC,CC,TT,GG,AA,CC,AA,CC,AT,TT,GT,GG,AT,AC,CC,GG,GG,CC,CC,GG,CC,GG,AT,AA,CC,GG,GG,CC,CC,AA,GG,CC,AA,CC,AA,AA,AC,GG,CC,TT,AG,GG,AA,AA,AC,AA,GG,AG,AG,AA,TT,GG,AA,AA,CC,AC,TT,GG,AG,GG,GG,GG,TT,AT,AG,TT,TT,TT,AG,AT,GG,GG,AA,4.35,Resistant,Medium,Premium,Medium
L0453,Coimbatore,Tamil Nadu,Kharif,Red Loamy,Rainfed,650,29.5,68,CC,TT,GG,AG,GG,CC,GG,TT,CC,CC,AA,CC,CG,AA,TT,GG,CG,TT,TT,AA,CC,GT,GT,CC,TT,CC,TT,TT,GG,AA,TT,CC,AA,CC,AG,GG,GG,CG,GG,CC,TT,NN,AA,GT,AG,GG,TT,AT,NN,NN,GG,AT,AG,GG,CC,TT,AA,AA,GT,AC,AA,TT,TT,AA,TT,TT,CC,GG,TT,GT,AA,GT,CC,AA,AG,AC,AT,GG,TT,TT,GG,GT,GG,CC,AA,GG,AA,NN,CC,GG,CC,GT,CC,TT,TT,GG,CT,AC,GG,CC,CC,CC,AG,AA,TT,TT,CC,AA,AG,CC,CT,GG,TT,CC,TT,AA,AC,TT,CC,GG,CC,GG,CC,TT,CC,AG,CT,CC,CC,CG,AA,TT,AC,AA,CC,CC,AA,TT,AA,AA,GG,CC,CC,GG,AA,AG,AA,AC,GG,CG,CC,AG,AG,GG,GT,GG,AC,GT,CC,GG,AC,TT,TT,TT,CG,TT,GT,CT,AA,AT,CG,CC,AG,CT,CC,AC,CC,CC,AA,GG,AG,CC,TT,CC,GT,GT,GG,TT,AA,GG,TT,AC,GG,AA,CC,CG,GG,AG,AC,GG,TT,AC,AG,CC,GG,AA,CC,AA,AA,GG,TT,TT,AT,GG,GT,AT,CC,AT,GT,AA,GG,AA,TT,AA,TT,CC,CT,AC,CC,TT,CG,AA,CC,AG,CC,TT,CC,TT,GG,TT,AA,CC,AA,GG,CG,CC,GG,CC,GG,TT,AA,CC,GT,GG,CC,CC,AA,GG,CC,NN,CC,AA,AA,CC,GG,CC,TT,AA,GG,AA,AA,AC,AA,AG,AA,AG,AA,TT,GG,AA,AA,CC,AA,TT,AA,AA,GG,GG,GG,TT,NN,AA,GT,TT,AT,AA,TT,GG,GG,AA,6.29,Susceptible,Medium,Poor,Medium
L0454,Coimbatore,Tamil Nadu,Kharif,Red Loamy,Rainfed,650,29.5,68,AC,CT,GG,GG,CG,CC,GT,TT,CC,CC,AA,CC,CG,TT,TT,GG,CG,TT,TT,AA,CC,GT,TT,CT,TT,CT,TT,TT,GG,AA,TT,CC,AA,CC,GG,CG,GG,CC,GG,CC,TT,CT,AA,TT,AG,GG,TT,TT,CC,AA,GT,AT,AA,GG,CT,TT,AA,AA,GT,AA,AA,TT,AA,AG,TT,TT,NN,GG,TT,GT,AG,GG,CC,AG,GG,AA,AA,GG,TT,TT,GG,GG,GG,CC,AT,GG,AA,AT,CC,GT,CC,TT,CC,TT,TT,GG,TT,CC,GG,CC,CT,CC,GG,AG,TT,TT,CC,AA,AA,AA,CC,GG,TT,CC,TT,AA,AC,TT,CG,GG,CG,GG,NN,GT,TT,AA,CT,CC,CC,CC,AA,TT,CC,AA,CC,CT,AA,TT,NN,AT,NN,CC,CC,GG,AA,AA,AA,CC,GT,CG,CC,AA,AA,NN,TT,AG,AA,GT,CC,GG,AC,GT,TT,TT,CG,AA,TT,TT,AA,TT,GG,CC,AG,CC,CC,CC,GG,CC,AA,GG,AG,CC,TT,CC,GG,TT,NN,AT,AA,AA,TT,AC,NN,AA,CC,CG,GG,GG,AC,GG,TT,AC,AA,CC,GG,AA,AA,AA,AA,GG,TT,AA,AA,GG,GT,AA,CC,NN,GG,AA,GG,AA,CT,AA,TT,CC,TT,AA,CC,CT,GG,AA,CG,AG,CC,TT,CT,GT,GG,TT,AA,AC,AA,GG,CC,CC,GG,CC,GG,AT,AA,CC,GT,GG,CC,CC,AA,GG,CG,AA,CG,AT,AA,AC,CC,CC,AT,AA,GG,AA,AA,AA,AA,AG,AA,AA,AA,TT,GG,AC,AA,AC,AC,CT,AA,AA,GG,GG,GG,TT,AA,AA,TT,TT,TT,AA,TT,GG,CG,AA,1.28,Susceptible,Medium,Standard,Early
L0455,Coimbatore,Tamil Nadu,Kharif,Red Loamy,Rainfed,650,29.5,68,AA,TT,GG,AA,GG,CC,GG,TT,CC,CG,AA,CC,CG,AT,TT,GG,CG,NN,TT,AA,CC,TT,GT,CC,AA,CC,TT,NN,GG,AA,CT,CC,AA,CC,GG,GG,GG,CC,GG,CC,TT,CT,AA,TT,AG,AG,TT,AT,CC,AC,GT,AA,AG,GG,CC,GT,AA,AA,GT,AA,AA,GT,AT,AG,TT,AA,CC,GG,TT,GG,AA,GG,CC,AA,GG,AA,AA,GG,TT,TT,GG,GT,GG,CC,AA,GG,AA,AA,CC,GT,CC,TT,CT,TT,TT,GG,TT,CC,GT,CC,CT,GG,NN,AA,AT,TT,CG,AG,AG,AA,CT,GG,TT,CC,TT,NN,AA,TT,CC,AG,NN,AG,CC,GG,TT,AG,CC,CC,CC,CC,AA,TT,CC,AA,CC,CC,AA,AT,AG,AA,GG,CC,CC,GG,AA,AG,AA,AC,GG,CC,CC,AA,AG,AG,TT,GG,NN,GT,CT,GG,AC,GT,GT,TT,CC,AT,GT,TT,AT,TT,CG,CC,AA,CT,AC,CC,GG,AC,AA,GG,AG,CC,TT,CG,GT,NN,GG,AT,AA,AG,TT,CC,GG,AA,CC,CC,GG,AG,AC,GG,TT,AA,AA,CC,GG,AT,CC,AA,AT,GG,TT,AT,AT,GG,GG,AA,CG,AT,GG,AA,GG,AA,TT,AA,TT,CC,CT,AA,CC,CT,CG,AG,CC,AG,CC,AT,CC,GT,NN,TT,AA,NN,AA,GG,CC,CC,GG,CC,NN,AT,AA,CC,TT,GG,CC,CC,AA,GG,CC,AA,CC,AT,AA,AA,CG,AC,TT,AA,GG,AA,AC,AC,AA,AA,AA,AA,AA,TT,CG,AA,AG,CC,AA,CT,AA,AG,GG,GG,GG,TT,AA,AG,TT,TT,TT,AA,AT,GG,CG,NN,3.88,Susceptible,Medium,Poor,Late
L0456,Coimbatore,Tamil Nadu,Kharif,Red Loamy,Rainfed,650,29.5,68,AC,TT,GG,AG,GG,CC,GG,TT,CC,CC,AA,CT,CC,TT,TT,GT,CG,TT,TT,AA,CG,NN,TT,CC,TT,CC,TT,AT,GG,AA,TT,CC,AA,CC,GG,CG,GG,CG,GG,CC,TT,CT,AC,TT,AA,GG,TT,TT,CC,CC,NN,AA,AA,CG,CT,TT,AA,CC,GT,AC,AA,TT,TT,AG,TT,TT,CC,GG,TT,GG,AG,GG,AC,AA,GG,NN,AA,GG,TT,TT,GG,GG,GT,CC,AA,GG,AA,AA,CC,TT,AC,TT,CC,TT,TT,GG,TT,CC,TT,CT,CT,CG,AG,AA,TT,GT,CC,AA,AG,AA,CC,GG,TT,CC,GT,CC,AC,TT,CC,AG,CC,AG,CC,GG,TT,AG,CT,CC,CC,CC,AG,TT,CC,AA,CC,CC,AA,TT,AA,AT,GG,TT,CC,GG,AA,GG,AA,CC,NN,CC,CG,AA,AA,GG,GT,GG,AC,TT,TT,GG,CC,GT,TT,TT,CC,AA,GT,CT,AA,TT,GG,CC,AG,NN,CC,CC,CG,CC,NN,AG,AA,CC,TT,CC,NN,TT,CG,TT,AA,AA,TT,CC,CG,AA,AC,CC,GG,GG,AA,GG,TT,AC,AA,CG,GG,AT,CC,AA,AA,GG,TT,AT,AA,CG,GT,AA,CC,AT,GT,AA,GG,AA,TT,AA,TT,CC,TT,AC,CC,TT,GG,AA,CG,AG,CC,TT,TT,GG,GG,TT,AA,AC,AA,GG,CC,CC,GG,CC,GG,AT,AA,CC,GT,GG,CC,CC,AT,AG,GG,TT,CC,AA,AA,CC,CG,AC,TT,AA,GG,AA,AA,AA,AA,AG,AA,AG,AA,AT,GG,AA,AG,CC,AC,TT,AA,AA,CG,GG,GG,TT,AA,GG,GT,TT,TT,AA,AT,CG,CG,AA,5.92,Susceptible,High,Standard,Early
L0457,Coimbatore,Tamil Nadu,Kharif,Red Loamy,Rainfed,650,29.5,68,AA,TT,GG,AA,GG,CC,GG,TT,CC,CC,AT,CT,CC,AA,TT,GG,GG,TT,NN,AG,CG,GT,TT,CC,TT,CC,TT,TT,GG,AA,TT,CT,AA,CC,GG,GG,GG,CG,GG,CC,TT,TT,AA,TT,AA,AA,TT,TT,CC,AC,GG,AA,AA,GG,CC,TT,AA,AC,GG,AC,AA,TT,AT,AG,CT,TT,CC,GG,TT,GG,NN,GG,CC,AA,GG,CC,AA,GG,TT,TT,GG,GG,GG,CC,AA,GG,AA,AT,CC,GT,CC,TT,CC,TT,TT,AG,CT,AC,GT,CC,CC,CC,AG,AA,TT,TT,CC,AG,AG,AA,CT,GG,TT,CG,GT,AA,AC,TT,CC,AG,CG,GG,CC,GT,CT,AG,CC,CC,AC,CC,AA,TT,CC,AA,CC,TT,AA,NN,AG,AA,GG,CC,CC,GG,AA,GG,AA,CC,GG,CC,CC,AA,AG,AG,TT,GG,CC,GT,TT,GG,CC,TT,GT,CT,CG,AA,TT,TT,AA,AT,GG,CC,AA,CT,CC,CC,GG,CC,AA,GG,AA,CC,TT,CC,GT,TT,GG,AA,AG,AG,TT,CC,CG,AA,CC,CC,GG,GG,AC,GG,TT,AC,AA,CC,GG,AA,AC,AA,AA,GT,TT,AT,AT,CG,TT,AT,CC,AT,TT,AA,GG,AA,TT,AA,TT,CC,CT,AC,AC,TT,CG,AG,CG,GG,CC,TT,TT,TT,GG,TT,AC,AC,AG,GG,CC,CG,GG,CC,GG,TT,AA,CC,GT,GG,CC,CC,AT,GG,CC,AT,CC,AA,AA,AC,CG,CC,TT,AG,GG,AA,AC,AC,AA,AA,AA,AA,AA,AT,GG,AA,AA,AA,AC,TT,AA,AG,GG,AG,GG,TT,AT,AA,GT,TT,TT,AA,TT,GG,GG,AA,2.59,Susceptible,Low,Poor,Medium
L0458,Coimbatore,Tamil Nadu,Kharif,Red Loamy,Rainfed,650,29.5,68,AC,TT,GG,AG,GG,GG,GG,TT,CC,CC,AA,CC,CG,AT,TT,NN,GG,TT,TT,AG,CC,TT,GG,CC,TT,CC,GT,TT,GG,AA,TT,CC,AG,CC,GG,CG,NN,CC,GG,CC,TT,CT,AA,TT,AG,GG,TT,TT,CC,AC,GT,AA,AG,GG,CC,GT,AA,AA,GG,AC,AA,GT,TT,AG,TT,AA,CC,GG,TT,GG,AG,GG,CC,AA,GG,AA,TT,GG,TT,TT,GG,GT,GG,CC,AA,AG,AA,AA,CC,GT,AC,NN,CC,TT,TT,GG,CC,CC,GT,CC,CC,CC,AG,AA,TT,TT,CC,AA,AG,AA,CC,GG,TT,CC,GT,AA,AA,TT,CC,AA,CC,GG,CC,GT,CT,AA,NN,CC,CC,CC,AA,TT,CC,AA,CC,CC,AA,TT,AA,AA,GG,CC,CC,GG,AA,AA,AA,CC,GG,CC,CC,AA,AA,GG,GT,GG,CC,TT,CT,GG,CC,TT,TT,CT,CC,AT,GT,TT,AA,AA,GG,CC,AA,CC,CC,CC,CG,CC,AA,GG,AA,CC,TT,CC,GT,GT,GG,TT,NN,AA,TT,AA,CG,AA,CC,CC,GG,GG,AC,GG,TT,AA,AA,CC,GG,AT,AC,AA,AT,GG,GT,TT,AA,CG,GG,AA,CC,TT,GT,AA,GG,AA,TT,AA,TT,CC,CT,AA,CC,CT,CG,AA,CC,AA,CC,TT,TT,TT,GG,TT,AA,AC,AA,GG,CC,CC,GG,CC,GG,TT,AG,CC,TT,GG,CG,CC,AT,GG,CC,AA,CC,AT,AA,CC,CG,AC,TT,AG,GG,AA,AA,AA,AA,AG,AG,AA,AA,TT,GG,AC,AG,AC,AA,TT,AA,AA,NN,AG,GG,TT,AA,AA,GT,TT,TT,AA,AA,GG,NN,AA,6.47,Susceptible,Low,Premium,Medium
L0459,Coimbatore,Tamil Nadu,Kharif,Red Loamy,Rainfed,650,29.5,68,AC,TT,GG,AA,GG,CC,GT,AA,CC,CG,AA,CC,CC,TT,TT,GG,GG,TT,TT,AA,CG,GT,GT,CC,TT,CC,TT,TT,GG,AA,TT,CT,AA,CC,GG,GG,GG,GG,GG,CC,TT,CT,AA,TT,AA,GG,CT,TT,CC,AC,GT,AA,AA,GG,CT,TT,AA,AC,GT,AA,AA,GT,AT,AA,TT,AT,CC,GG,TT,GG,GG,GT,CC,AA,GG,CC,AT,AG,GT,TT,GG,GG,GT,CC,AT,GG,AA,AA,CC,TT,CC,TT,CC,TT,TT,GG,TT,AC,TT,CT,CC,CC,GG,AA,AT,TT,CC,AA,AG,AA,CT,GG,GT,CC,NN,AA,AC,TT,CC,GG,CC,GG,CC,GG,TT,AG,CC,CC,AC,CC,AA,TT,CC,AA,CC,CC,AA,NN,AA,AT,GG,CC,CC,GG,AG,GG,AA,CC,GG,CC,CC,AA,AA,GG,TT,AG,AA,TT,CT,AG,CC,TT,GT,TT,CC,AT,TT,CT,AT,TT,GG,CG,AG,CC,CC,CC,GG,CC,AA,AG,AA,CC,TT,CG,GT,GT,CG,TT,AA,AA,GT,CC,GG,AA,AC,NN,GG,GG,AA,GG,CT,AA,AA,CC,GG,AA,CC,AA,AT,GT,TT,TT,AA,GG,GT,AT,CC,TT,GT,AA,GG,AA,TT,AA,NN,CC,TT,AC,CC,TT,CG,GG,CC,AG,CC,AT,TT,TT,GG,TT,AA,AC,AA,GG,CC,CG,GG,CC,GG,TT,AA,CG,GT,GG,CG,CC,AT,AG,CG,AA,CG,AT,AA,CC,NN,AA,TT,AA,CG,AA,AC,AC,AA,AG,AG,NN,AA,AT,GG,AC,GG,AC,AA,CT,AA,AA,CG,AG,GG,TT,AA,AG,TT,TT,TT,AG,AT,GG,CG,AA,2.68,Susceptible,Low,Premium,Early
L0460,Coimbatore,Tamil Nadu,Kharif,Red Loamy,Rainfed,650,29.5,68,AC,TT,GG,AA,GG,CC,NN,TT,CC,CC,AA,CT,NN,TT,TT,TT,GG,AT,TT,AA,CC,GT,TT,CC,TT,CC,TT,TT,GG,AA,TT,CC,NN,CC,GG,CG,GG,CC,GG,CC,TT,TT,AC,GT,GG,GG,CT,TT,CC,AC,GT,AA,AG,GG,CC,GT,AT,CC,GT,AC,AA,TT,TT,AA,CT,AT,CC,GG,TT,GT,AG,GG,NN,AA,AG,CC,AT,GG,GT,TT,GG,GT,GT,CC,AA,GG,AA,AT,CC,TT,AC,TT,TT,TT,TT,AG,TT,AC,TT,CC,TT,GG,AG,AA,TT,TT,CC,AA,AA,AA,CC,GG,TT,CC,TT,AC,AA,AT,CC,GG,CC,GG,CC,GT,TT,AA,CC,CC,CC,CC,AA,TT,CC,AA,CC,CC,AA,AT,AA,AA,GG,CC,CC,GG,AA,AA,AT,CC,GG,CC,CC,NN,AA,GG,GT,GG,AA,TT,TT,GG,AC,TT,GG,CT,CG,AT,TT,CT,AA,TT,GG,NN,AG,CT,CC,CC,GG,CC,AA,GG,NN,AC,TT,CC,GG,TT,GG,AA,AA,AA,TT,CC,CG,AA,CC,CC,GG,GG,AA,GG,TT,AA,AA,CC,GG,AA,CC,AA,AT,GT,TT,TT,AA,GG,GG,AT,CC,AT,TT,AA,GG,AG,TT,AA,TT,CC,TT,AA,AC,CT,GG,AA,CC,AG,CC,TT,TT,GG,NN,TT,AA,AC,AA,GG,CG,CC,GG,CG,GG,AT,AA,CC,GT,GG,CC,GG,AA,GG,CC,TT,CC,AA,AA,AA,CG,CC,TT,AA,GG,AA,AC,AA,AA,AG,AG,AG,AA,TT,GG,AC,GG,AC,AA,CT,AA,AA,NN,AA,GG,TT,AA,NN,GT,TT,AT,AA,AT,GG,GG,AA,2.9,Susceptible,High,Premium,Late
L0461,Coimbatore,Tamil Nadu,Kharif,Red Loamy,Rainfed,650,29.5,68,AC,TT,GG,AA,GG,CC,TT,AT,CC,CC,AA,CT,CG,AT,GT,GG,GG,TT,TT,AA,CC,GT,TT,CC,TT,CC,GT,TT,GG,AA,TT,CC,AA,CC,GG,GG,GG,CC,GG,CC,TT,CT,AA,GT,AG,GG,NN,AT,CC,AC,GG,AA,AA,GG,CC,GT,AA,AA,GG,AA,AA,TT,AT,GG,CT,AT,CC,GG,TT,GT,AA,GG,CC,AA,GG,AC,AA,GG,TT,TT,GG,GG,GG,CC,AA,GG,AA,AA,CC,GT,CC,TT,CT,TT,TT,GG,TT,CC,GT,CC,TT,CG,AG,AA,TT,TT,CC,AA,AG,AA,CC,GG,TT,CC,TT,AA,AA,TT,CC,AA,CC,AG,CC,GT,TT,GG,CC,CC,CC,CC,AA,TT,CC,AA,CC,CC,AA,TT,AG,AA,CG,CC,CC,GG,AA,AA,AA,AC,GG,CC,CC,AA,AA,GG,TT,GG,AC,TT,CT,AG,CC,GT,TT,TT,CC,AT,TT,TT,AA,AA,CG,CC,AG,TT,CC,CC,CG,CC,AA,GG,AG,CC,TT,CC,TT,TT,GG,TT,AA,AA,TT,CC,GG,AA,CC,CC,GG,GG,CC,GG,TT,NN,AA,CC,GG,AA,CC,AA,AT,GG,TT,TT,AA,GG,TT,AT,CC,AT,GT,AA,GG,AA,CT,AC,TT,CG,TT,CC,AC,CT,GG,AA,CC,GG,CC,TT,TT,TT,GG,TT,AA,AC,AA,GG,CC,CG,GG,CC,GG,NN,AA,CG,TT,GG,CC,CC,AT,GG,CC,AA,NN,AA,AA,CC,CC,AA,TT,AA,GG,AA,AA,AA,AA,AG,AA,AA,AA,TT,GG,AA,AA,CC,AA,TT,AA,AA,GG,GG,GG,TT,AT,AG,TT,TT,TT,AA,TT,GG,GG,AA,0.5,Moderate,High,Premium,Late
L0462,Coimbatore,Tamil Nadu,Kharif,Red Loamy,Rainfed,650,29.5,68,AA,TT,AG,AA,GG,CC,GT,TT,CC,GG,AT,CC,CG,TT,TT,GG,CG,TT,TT,AA,CC,TT,GT,CC,TT,CC,TT,TT,GG,AA,TT,CC,AA,CC,GG,GG,GG,CG,GG,CC,TT,CT,AC,TT,AA,AG,TT,TT,CC,AC,GT,NN,AA,GG,CC,GT,AA,AC,GT,AC,AA,TT,AA,AA,CC,TT,CC,GG,TT,GG,AG,GG,CC,AA,GG,AC,AT,GG,TT,TT,GG,GT,GT,CC,AA,GG,AA,AA,CC,GT,CC,TT,CC,TT,TT,AG,TT,AC,TT,CC,TT,CG,GG,AA,TT,TT,CG,AG,AG,AA,CC,GG,TT,CC,TT,AA,AA,TT,CC,GG,CG,GG,CC,GG,TT,AG,CC,CC,CC,CG,AA,TT,CC,AA,CC,CC,AA,AT,AA,AT,GG,CT,CC,GG,AA,AA,AA,CC,GG,CC,CC,AA,AA,GG,NN,GG,AC,GT,TT,AG,AA,GT,TT,CT,CC,AA,TT,TT,AA,TT,GG,CC,AA,CT,CC,CC,CG,CC,AA,GG,AG,CC,TT,CC,GG,TT,CG,AT,AA,NN,GT,CC,GG,AA,CC,CC,CG,GG,AA,GG,TT,AC,AA,CC,GG,AA,AC,AA,AT,GG,TT,TT,AA,GG,GG,AT,CC,TT,TT,AA,GG,AA,TT,AA,TT,CC,CT,AA,CC,CT,GG,AA,CG,GG,AC,TT,TT,GT,GG,TT,AA,AC,AA,GG,CC,CC,GG,CC,GG,AT,AA,CC,TT,GG,CC,CC,AT,AG,CG,NN,CC,AA,AA,CC,CG,CC,AT,AA,GG,AA,AA,AC,AA,GG,AG,AA,AA,TT,CC,AC,AA,AC,AC,TT,AA,AA,CG,GG,CG,TT,AT,AG,TT,TT,TT,AA,AT,GG,CG,AA,2.91,Susceptible,Medium,Poor,Medium
L0463,Coimbatore,Tamil Nadu,Kharif,Red Loamy,Rainfed,650,29.5,68,AA,NN,GG,AG,GG,CG,GG,TT,CC,GG,AA,CC,CG,TT,GT,GT,CG,TT,TT,AG,CC,TT,TT,CC,AT,CC,GT,AT,GG,AA,TT,CC,AA,CC,AG,GG,GG,CG,GG,CC,TT,TT,AC,TT,AA,AA,TT,AT,CG,AC,GG,AA,AG,GG,CT,TT,AA,AA,TT,AA,AA,TT,TT,AG,TT,AT,CC,GG,TT,TT,AG,GT,CC,AA,GG,AA,AT,GG,TT,TT,GG,TT,GT,NN,AA,GG,AG,AA,CC,GT,AC,TT,CT,TT,TT,GG,CT,AC,GT,CT,CT,CC,AA,AG,AT,TT,CG,AG,AG,AA,CT,GG,TT,CC,TT,AA,AA,TT,CG,AG,CG,AG,CC,GT,TT,AA,CC,CC,CC,CC,AA,GT,CC,AA,CC,CT,AA,TT,AA,AT,GG,CC,CC,GG,AA,AA,AA,CC,GT,CC,CC,AA,AA,AG,TT,GG,AA,GT,CT,AG,NN,GG,GG,CT,CC,AA,TT,TT,AT,TT,GG,CC,AA,CT,CC,CC,GG,CC,AA,GG,AG,CC,TT,CC,GT,TT,GG,AT,AA,AA,TT,CC,GG,AA,AC,NN,GG,GG,AC,GG,TT,AA,AA,CG,GT,AT,AC,AA,AT,GG,GT,AT,AT,GG,GG,AT,CC,TT,TT,AA,GG,AA,CT,AA,TT,CC,TT,AA,CC,TT,GG,AA,CC,AG,CC,TT,CT,GG,GG,TT,AA,AC,AG,GG,CC,GG,GG,CC,GG,AT,AA,CC,GT,GG,CG,CC,AA,GG,CG,AT,CC,AT,AA,AA,CC,AC,TT,AA,GG,AA,AC,AA,AC,GG,AG,AA,AA,AT,CG,AC,AG,AC,AA,TT,AA,AA,CG,GG,GG,TT,AT,AA,GG,TT,TT,AG,AT,GG,GG,AA,4.21,Susceptible,Medium,Poor,Early
L0464,Coimbatore,Tamil Nadu,Kharif,Red Loamy,Rainfed,650,29.5,68,AA,CT,GG,AG,GG,CC,GG,TT,CC,CC,AA,CT,CG,TT,GT,GT,CC,TT,TT,GG,CC,TT,GT,CC,TT,CC,TT,AT,GG,AA,CT,CC,NN,CC,GG,GG,NN,CG,GG,CC,GT,TT,AC,TT,AA,GG,TT,TT,CC,CC,GG,AA,AA,GG,CT,TT,AA,CC,GG,AA,AA,GT,AT,AA,TT,AT,CC,GG,TT,GG,AA,GG,CC,AA,AG,AC,AA,AG,TT,TT,AG,GG,GG,CC,AA,GG,AA,AT,CC,TT,CC,TT,CC,TT,TT,GG,CT,AC,GG,CC,CC,CC,GG,AG,TT,TT,CC,AA,GG,AA,CC,GG,TT,CG,TT,AA,CC,TT,CC,GG,CG,GG,CC,GG,TT,AA,CC,CC,CC,CC,AA,TT,CC,AA,CC,CC,AA,AT,AA,AA,GG,CT,CC,GG,AA,AG,AA,CC,GG,CC,CG,AG,AG,GG,GT,GG,AC,TT,TT,GG,AC,TT,TT,TT,CG,AT,GT,TT,AT,TT,CG,CC,AG,CT,CC,CC,CG,CC,AA,GG,AG,AC,TT,CC,GT,TT,GG,TT,NN,AA,TT,CC,CG,AC,CC,CC,GG,AG,AA,GG,TT,AA,AA,CC,GT,AA,AC,AA,AA,GT,GT,AT,NN,GG,GG,AA,CC,AT,GT,AA,GG,AA,CT,AA,TT,CC,TT,AC,CC,CT,GG,GG,CC,GG,CC,TT,TT,GT,GG,TT,AA,NN,AA,GG,CC,CC,GG,CC,GG,AT,AG,CC,TT,GG,CG,CC,AA,AG,CC,AA,CC,AT,AA,AC,CG,AC,AA,AA,GG,AA,AA,AA,AA,AA,AA,AA,AA,AT,GG,AA,AG,CC,AA,CT,AA,AA,GG,GG,GG,GT,AA,AA,GT,TT,TT,AG,AT,GG,GG,AA,3.06,Moderate,High,Standard,Medium
L0465,Coimbatore,Tamil Nadu,Kharif,Red Loamy,Rainfed,650,29.5,68,AA,TT,GG,AA,CG,CC,GG,TT,CC,CC,AT,CC,GG,TT,GT,GG,GG,TT,TT,AA,CC,TT,NN,CT,TT,CC,TT,AT,GT,AA,TT,CC,AA,AC,GG,CG,GG,CG,GG,CC,TT,TT,AA,TT,AG,GG,TT,AT,CC,AA,GG,NN,AA,GG,CT,NN,AA,AA,GG,AC,AG,TT,AT,AA,TT,TT,CC,GG,TT,GT,AA,GG,CC,AA,GG,AA,AA,GG,TT,TT,GG,GT,GG,CC,AT,GG,AG,AA,CC,GG,AC,TT,CT,TT,TT,GG,TT,CC,GT,CC,CT,CC,AG,AA,TT,TT,CC,AA,AG,AA,CT,GG,GT,CG,TT,AC,AA,TT,CG,GG,CG,GG,CC,GT,TT,AA,CC,CC,CC,CG,AA,TT,CC,AC,CC,CC,AA,TT,AA,AA,GG,CT,CC,GG,AG,AG,AA,CC,TT,CC,CC,AA,AA,GG,TT,GG,AC,TT,CT,GG,CC,TT,TT,CT,CC,AT,TT,TT,AA,AT,CC,CC,AA,CT,CC,CC,CC,CC,AA,GG,AG,CC,TT,CC,GG,GT,GG,TT,AA,NN,TT,AC,CG,AA,CC,CC,GG,GG,CC,GG,TT,AC,AA,CC,GG,AA,AA,AA,AA,GT,TT,TT,AT,GG,GG,AT,CG,AT,GT,AA,GG,AA,TT,AA,TT,CC,CT,AA,CC,CT,GG,AA,CC,AA,CC,AT,TT,TT,GG,TT,AA,CC,AG,GG,CC,CC,GG,CC,GG,AT,AA,CC,TT,GG,CC,NN,AA,GG,CC,AA,CC,AA,AA,AC,CC,AC,TT,AA,GG,AA,AA,AA,AA,AA,AG,AA,AA,AT,GG,AA,AG,AC,AC,CT,AG,AA,GG,GG,GG,GT,AA,AA,TT,TT,TT,GG,TT,GG,GG,AA,2.94,Susceptible,Medium,Premium,Medium
L0466,Coimbatore,Tamil Nadu,Kharif,Red Loamy,Rainfed,650,29.5,68,AC,CC,GG,GG,GG,CC,GG,TT,CC,CC,AA,CC,CC,TT,TT,GT,CG,TT,TT,AA,CC,TT,TT,CT,TT,CC,TT,TT,GG,AA,CT,CC,AA,CC,AG,GG,NN,CG,GG,CC,TT,CT,AA,TT,AG,GG,TT,TT,CC,AA,GG,AT,AA,GG,CC,GT,AA,AC,TT,AC,NN,TT,AT,AA,CT,TT,CC,GG,TT,GT,AA,GG,AC,AA,AA,AA,AA,GG,TT,TT,GG,GT,GG,CC,AA,AG,AA,AA,CC,GT,CC,TT,TT,TT,TT,GG,TT,CC,TT,CC,CT,CG,GG,AA,TT,GT,CC,AG,AG,AA,CC,GG,TT,CC,TT,NN,AA,TT,CC,AA,CC,GG,CC,GG,TT,AG,CC,CC,CC,CC,NN,TT,CC,AA,CC,CC,AA,TT,AA,NN,GG,CC,CC,GG,AA,AG,AA,CC,GG,CC,CC,AG,AA,GG,TT,GG,AC,TT,CT,GG,CC,TT,TT,TT,CC,AA,GT,TT,AA,AT,CG,CC,AG,TT,CC,CC,GG,AC,AT,GG,GG,CC,TT,CC,GT,GT,GG,TT,AA,AA,TT,CC,GG,AC,CC,CC,GG,GG,CC,GG,TT,AA,AA,CC,GG,AA,AA,AA,AT,GT,NN,AT,AT,GG,GT,AT,CC,TT,GT,AA,GG,AA,CT,AC,TT,CC,CT,AA,AC,TT,GG,AG,CC,AG,CC,TT,TT,TT,GG,TT,CC,CC,AA,GG,CC,CG,GG,CC,GG,AT,AA,CG,TT,GG,CC,CC,AA,GG,CC,AA,CC,AA,AA,CC,CC,AC,TT,AA,GG,AA,AA,AA,AA,GG,AA,AA,AA,TT,CG,AA,AA,CC,AC,CT,AA,AG,GG,GG,GG,TT,AT,AG,TT,TT,TT,AG,TT,GG,NN,AC,1.42,Resistant,High,Premium,Medium
L0467,Coimbatore,Tamil Nadu,Kharif,Red Loamy,Rainfed,650,29.5,68,AA,CT,GG,GG,NN,CC,GG,AT,CC,CG,AA,CC,CG,TT,TT,GG,CG,TT,TT,AA,CC,TT,TT,CT,TT,CC,TT,AT,GT,AA,TT,CC,AA,CC,AA,GG,GG,CG,GT,CC,TT,TT,AA,TT,AA,AG,TT,AT,CG,AC,GT,AA,AA,GG,CC,TT,AA,AA,GG,AC,AG,TT,AT,AA,TT,AT,CC,GG,TT,GT,AA,GG,CC,AA,AG,AA,AA,GG,GT,TT,GG,GG,GG,CC,AT,GG,AA,AA,CC,GT,CC,TT,CC,AT,TT,GG,CT,CC,GT,CC,CC,CC,AG,AA,AT,TT,CC,AG,GG,AA,TT,GG,TT,CC,TT,AA,AA,TT,CC,AG,CC,NN,CT,GT,TT,AA,CT,CC,CC,CG,AA,TT,CC,AA,CC,CC,AA,TT,AA,AA,CG,CC,CC,GG,AA,AG,AA,CC,GG,CC,CC,AA,AG,AG,TT,AG,AC,TT,TT,AG,AC,GG,TT,TT,CC,AT,GT,TT,AA,AT,GG,CC,AA,CC,CC,AC,GG,CC,AA,GG,AA,CC,TT,CC,GT,TT,CG,AT,AA,AG,TT,AC,GG,AA,AC,CG,GG,GG,AC,GG,TT,AA,NN,CC,GG,AA,CC,AA,AT,GG,GT,AT,AT,GG,TT,AA,CC,AT,TT,AA,GG,AA,TT,AA,TT,CG,TT,AA,CC,NN,GG,AA,CG,AG,CC,TT,CT,GG,GG,TT,AA,AC,NN,GG,CC,CC,GG,CC,GG,AT,AA,CC,TT,GG,CC,CC,AA,GG,CC,AT,CC,AA,AA,AC,CC,AC,TT,AA,GG,AA,AA,CC,AA,GG,AA,AA,AA,AA,GG,AA,GG,CC,AA,CC,AA,AA,GG,GG,GG,GT,AA,AA,GT,AT,TT,GG,AT,GG,GG,AA,4.97,Susceptible,Medium,Poor,Medium
L0468,Coimbatore,Tamil Nadu,Kharif,Red Loamy,Rainfed,650,29.5,68,AA,TT,AG,AA,NN,CC,GG,AT,NN,CC,AA,NN,CG,AT,TT,GG,CC,NN,TT,AA,CC,TT,TT,CT,TT,CC,GT,TT,GG,AC,TT,CC,AA,CC,AG,CG,GG,GG,GG,CC,TT,CT,AA,TT,AA,GG,TT,AT,CC,AA,GT,AT,AA,GG,CC,NN,AA,AC,GG,CC,AA,TT,AT,GG,TT,TT,CC,GG,TT,GT,AA,GT,CC,AA,AG,AA,AT,AG,TT,TT,GG,GG,GG,CC,AA,GG,AA,AT,CG,GT,AC,TT,CT,TT,GT,GG,TT,CC,GT,CC,CC,CC,AA,AA,TT,TT,CC,AA,AG,AA,CC,GG,TT,CC,GT,AA,AA,TT,CC,AG,CC,GG,CC,GG,TT,AA,CC,CC,CC,NN,AA,GT,CC,AA,CC,CC,AA,TT,AA,AA,CG,CC,CC,GG,NN,AG,AA,CC,GG,CC,CG,AA,AA,GG,TT,GG,AC,GT,CT,GG,CC,TT,GT,TT,CC,NN,GT,TT,AA,TT,GG,CC,AG,CT,CC,CC,CG,CC,AA,GG,AA,CC,TT,GG,GG,GT,CG,AT,AA,AA,TT,CC,GG,AC,CC,CC,GG,GG,AA,CG,TT,AC,AA,CC,GG,AA,AC,AT,AT,GG,TT,TT,AA,GG,TT,AT,CC,TT,GT,AA,GG,AA,TT,AA,TT,CC,TT,AC,CC,NN,GG,AA,CC,AG,CC,TT,TT,GT,GG,TT,AA,AC,AA,GG,CC,CC,GG,CC,GG,TT,AA,CC,GT,GG,CC,CC,AT,GG,CC,AA,CG,AA,AA,AA,CG,AC,TT,AA,GG,AA,AA,AC,AA,AG,AA,AA,AA,AA,GG,AA,AG,CC,AA,TT,AA,AA,GG,GG,GG,TT,AA,AG,TT,TT,TT,AA,TT,GG,GG,AA,2.46,Moderate,Medium,Premium,Late
L0469,Coimbatore,Tamil Nadu,Kharif,Red Loamy,Rainfed,650,29.5,68,AC,TT,GG,AG,GG,CC,GG,TT,CC,GG,AA,CC,CG,TT,TT,GG,CG,TT,TT,AA,CC,GT,TT,CC,AT,CC,GT,TT,GG,AA,TT,CC,AA,CC,GG,CG,GG,GG,GG,CC,TT,CT,AA,GT,AA,GG,TT,AT,CC,AC,GG,AT,AG,NN,CC,TT,TT,AC,GT,AC,AA,TT,TT,AG,TT,AT,CC,GG,TT,GG,AG,GG,CC,AA,GG,AA,AT,GG,TT,TT,GG,GG,GG,CC,AA,GG,AA,AA,CC,TT,CC,TT,CC,TT,GT,GG,TT,CC,TT,CC,TT,CC,AG,NN,TT,TT,CC,AA,GG,AA,CC,GG,TT,CC,GT,AA,AA,TT,CC,GG,CC,GG,CC,GT,TT,AA,CC,CG,CC,CC,AA,TT,CC,AA,AC,CT,AA,TT,AA,AA,GG,CC,CC,GG,AA,NN,AA,CC,GG,CG,CG,AA,AG,AG,TT,GG,AA,GT,TT,GG,AA,GT,NN,TT,CC,AT,TT,CT,AT,AT,CG,CC,AG,CC,CC,CC,CG,CC,AA,GG,AA,CC,TT,CC,GT,GT,GG,TT,AA,AA,TT,CC,CG,AC,CC,CC,GG,GG,AC,GG,TT,AA,AG,CG,GG,AA,AC,AA,AT,GT,TT,TT,AT,GG,GT,AT,CC,TT,TT,AA,GG,AA,TT,AA,TT,CC,TT,AA,CC,TT,GG,GG,CC,AG,CC,TT,CT,TT,GG,TT,AA,AA,AG,GG,CC,CC,GG,CC,GG,TT,AA,CC,TT,GG,CC,CC,AA,NN,CG,AT,NN,AA,AA,AA,CC,CC,TT,AG,GG,AA,AA,AA,AA,GG,AA,AA,AA,AA,GG,AA,AG,AA,AA,CC,AA,AA,GG,GG,GG,TT,AA,AA,GT,TT,TT,AG,TT,GG,GG,AA,2.85,Susceptible,Low,Standard,Late
L0470,Coimbatore,Tamil Nadu,Kharif,Red Loamy,Rainfed,650,29.5,68,CC,TT,GG,AG,CG,CG,GG,TT,CC,CG,AA,NN,CC,TT,TT,GG,GG,TT,TT,AA,CC,TT,GT,CT,TT,CC,TT,TT,GG,AA,TT,CC,AG,CC,AG,GG,GG,CC,GG,CC,TT,TT,AA,TT,AA,AG,TT,TT,CC,AA,GG,AT,AA,GG,CC,TT,AA,AA,TT,AC,AA,TT,TT,GG,CT,AT,CC,GG,NN,GT,AG,GG,CC,AA,GG,AC,AA,GG,TT,TT,GG,GG,GT,CC,AA,GG,AA,AT,CC,GT,CC,TT,CC,TT,TT,GG,TT,AC,TT,CC,CC,CG,AG,AA,TT,TT,CC,AA,AG,AA,CC,GG,TT,CC,TT,AC,AA,AT,CC,NN,CG,GG,CT,GT,CC,AA,CC,CC,AC,CC,AA,GT,AC,AA,CC,CC,AA,TT,AA,AA,GG,CC,CC,GG,AA,AA,AT,CC,GG,NN,CC,AA,AA,GG,TT,GG,CC,TT,TT,GG,CC,GG,TT,TT,CC,AT,TT,CT,AA,TT,CC,CC,AA,CT,AC,CC,CG,CC,AA,GG,AA,CC,GT,CC,GT,TT,CG,AT,AA,AG,TT,CC,GG,AA,CC,CC,GG,GG,AC,GG,TT,AC,AG,CC,GG,AT,CC,AA,AA,GG,TT,AT,AA,GG,GT,TT,CG,AT,TT,AA,GG,AA,CT,AA,TT,CC,NN,AA,CC,TT,CG,AG,CC,AG,CC,TT,CT,TT,GG,TT,CC,CC,AA,GG,CC,CG,GG,CC,GG,TT,AA,CC,GT,GG,CC,CC,AA,GG,CG,AA,CC,AA,AA,AC,CC,AA,TT,AA,GG,AA,AA,AC,AA,AG,AG,AG,AA,TT,GG,AA,AG,AC,AA,TT,AA,AA,CG,GG,GG,GT,AA,AA,TT,TT,TT,AA,TT,GG,GG,AA,3.76,Susceptible,Low,Standard,Late
L0471,Coimbatore,Tamil Nadu,Kharif,Red Loamy,Rainfed,650,29.5,68,AA,TT,GG,AG,GG,CC,NN,TT,CC,CG,AA,CC,CC,TT,TT,GG,GG,TT,TT,AA,CC,TT,TT,CC,AT,CC,TT,TT,GG,AA,TT,CC,AA,CC,GG,GG,GG,CG,GG,CC,TT,CT,AA,TT,AA,AG,TT,TT,CC,AA,GG,AT,AA,GG,CC,GT,AA,CC,GG,AC,AA,TT,TT,AA,TT,TT,CC,GG,CT,GG,GG,GG,CC,AA,AG,AA,AA,AG,TT,TT,GG,GT,GG,CC,AA,GG,AA,NN,CG,GT,AC,TT,CC,TT,GT,GG,CT,CC,TT,CC,TT,CC,AG,AA,TT,TT,CC,AA,GG,AA,CC,GG,TT,CC,TT,AA,AA,TT,CC,AA,CG,GG,CC,GT,TT,AA,CC,CC,CC,CC,AA,GT,AC,AA,CC,CT,NN,TT,AA,AA,GG,CC,CC,GG,AA,AG,AA,CC,GG,CC,CC,AA,AA,GG,GT,AG,AC,TT,CT,GG,CC,TT,TT,TT,CG,AT,NN,TT,AA,TT,GG,CC,AA,CC,CC,CC,NN,CC,AA,GG,AG,CC,TT,CG,GT,GT,GG,AT,AA,AA,TT,CC,GG,AA,CC,CC,GG,GG,AA,CG,TT,AA,AA,CC,GG,AA,CC,AA,AT,GG,TT,TT,AA,CG,GT,AT,CC,TT,GT,AA,GG,AA,CT,AA,TT,CC,TT,AC,CC,TT,GG,AA,CC,NN,CC,TT,CT,GT,GG,TT,AC,AC,AA,GG,CC,CG,GG,CC,GG,AT,AA,CC,TT,GG,CC,CG,NN,GG,CC,AT,GG,AA,AA,CC,CG,AC,TT,AA,GG,AA,AA,AA,AA,AA,AG,AG,AA,TT,GG,AA,AG,AC,AA,TT,AA,AA,CG,GG,NN,TT,TT,AA,GG,TT,TT,AG,TT,GG,GG,AA,4.19,Susceptible,Medium,Premium,Early
L0472,Coimbatore,Tamil Nadu,Kharif,Red Loamy,Rainfed,650,29.5,68,NN,TT,GG,AA,GG,CC,GT,TT,CC,CC,AA,CC,CG,TT,TT,GG,CC,TT,TT,AA,CC,TT,GG,CT,AT,CC,TT,TT,GG,AA,TT,CC,AA,CC,AG,GG,GG,CC,GG,CC,TT,TT,AA,TT,GG,GG,TT,AT,CC,AC,GG,AA,AG,GG,CC,GG,AA,AA,GG,AA,AA,TT,TT,AG,TT,TT,CC,GG,TT,GG,AG,NN,CC,AA,GG,AC,AA,GG,TT,TT,GG,GG,NN,CC,AA,GG,AA,AA,CC,GT,CC,TT,CC,TT,GT,GG,CT,CC,TT,CC,CC,CG,AG,AA,TT,TT,CG,AA,AA,AA,CC,NN,TT,CC,TT,AC,AC,TT,CG,GG,CC,AG,CC,GG,TT,AA,CC,CC,AC,CC,AA,TT,CC,AA,CC,CT,AA,NN,AA,AA,GG,CC,CC,GG,AA,AA,AA,CC,GG,CC,CG,AA,AA,GG,GT,GG,AA,GT,CT,GG,CC,GT,TT,TT,CG,AA,TT,TT,AA,TT,GG,CC,AG,CC,CC,CC,CG,CC,NN,GG,AA,NN,TT,CC,GT,TT,GG,AT,AA,NN,TT,AC,CG,AA,CC,CC,GG,AA,AA,CG,TT,AC,AA,CC,GG,AA,CC,AA,AA,GT,TT,AT,AA,GG,GG,TT,CC,AT,TT,AA,GG,AA,TT,AA,TT,CC,TT,AA,CC,TT,GG,AA,NN,AG,CC,AT,TT,TT,CG,AT,AC,CC,AA,GG,CC,CG,GG,CC,GG,TT,AA,CG,GG,GG,CC,CC,NN,AG,CG,AA,CG,AT,AA,CC,CC,AA,TT,AA,GG,AA,AC,AC,AA,GG,AA,AA,AA,AA,GG,AC,NN,AC,NN,CT,AA,AA,GG,GG,GG,TT,AA,AA,GT,TT,TT,AG,TT,GG,GG,AA,6.8,Susceptible,Low,Premium,Medium
L0473,Coimbatore,Tamil Nadu,Kharif,Red Loamy,Rainfed,650,29.5,68,AC,TT,GG,AG,GG,CC,NN,TT,CC,GG,TT,CC,CG,AT,GT,GG,CG,TT,TT,AG,CG,GT,GT,CC,TT,CC,TT,AT,GG,AA,TT,CC,AA,CC,GG,CG,GG,CG,GG,CC,TT,TT,AA,TT,AA,AG,TT,TT,CC,AA,GT,AT,AG,GG,TT,TT,AA,AA,GT,AA,AG,GT,TT,AA,TT,TT,CC,GG,CT,GG,GG,GG,CC,AA,GG,AC,AT,GG,TT,TT,GG,GG,GG,CC,AA,GG,AA,AA,CC,GG,CC,TT,CC,TT,NN,GG,TT,CC,GT,CT,TT,CC,AG,AA,AT,TT,CC,AA,AA,AC,CC,GG,TT,CC,TT,AA,AA,TT,CG,AG,NN,GG,CT,GT,CT,AG,NN,CC,CC,CC,AG,TT,CC,AA,CC,CC,AA,TT,AG,AT,GG,CC,CC,AG,AA,AG,AA,CC,GT,NN,CC,NN,AG,GG,TT,GG,AA,GT,CT,GG,CC,TT,TT,TT,CC,AA,GT,TT,AT,AT,GG,CC,AA,CC,CC,CC,CG,CC,AA,GG,AA,CC,TT,CC,GT,GT,CC,TT,AA,AA,TT,CC,GG,AA,AC,CC,GG,AA,AC,GG,TT,AA,AG,CC,GG,AT,AC,AA,AA,GG,TT,TT,AT,GG,TT,AA,CG,AT,GG,AT,GG,AA,CT,AA,TT,CC,CT,AA,CC,TT,CG,AA,CG,AG,CC,TT,TT,TT,GG,TT,AA,CC,AG,GG,NN,CG,GG,CC,GG,AT,AA,CC,TT,GG,CC,CG,AT,GG,CC,AT,CC,AA,AA,CC,CC,NN,NN,AA,GG,AA,AC,AC,AA,GG,AG,AG,AA,AT,CG,AA,AG,AC,AA,TT,AA,AG,GG,GG,GG,TT,AT,AA,TT,TT,TT,AG,TT,GG,GG,AA,4.2,Susceptible,Low,Poor,Early
L0474,Coimbatore,Tamil Nadu,Kharif,Red Loamy,Rainfed,650,29.5,68,AA,TT,GG,AA,GG,CC,GG,TT,CC,CG,AA,CC,CG,TT,TT,GG,CG,TT,TT,AG,GG,TT,TT,CC,TT,CC,TT,TT,GG,AA,TT,CC,AA,CC,GG,GG,GG,CC,GT,CC,TT,TT,AA,TT,AG,AG,TT,TT,CC,CC,GG,AA,AG,GG,CT,TT,AA,AC,GT,CC,AG,TT,TT,AA,NN,TT,CC,GG,TT,GG,GG,GG,AC,AA,GG,AC,AA,GG,TT,TT,GG,GG,NN,CC,AA,GG,AA,AA,CC,TT,CC,TT,CT,TT,TT,GG,TT,CC,TT,CC,CC,CC,AA,AA,TT,TT,CC,AA,AG,AA,TT,GG,TT,CC,TT,AA,AC,TT,CC,GG,CG,GG,CT,GT,TT,AA,CC,CC,CC,CC,AA,TT,CC,AA,CC,CT,AA,TT,AA,TT,GG,CC,CC,GG,AA,AG,AA,CC,GG,CC,CC,AG,AA,GG,GT,GG,AA,GT,CT,GG,CC,TT,TT,TT,CC,AA,TT,TT,AA,AT,GG,CC,AG,CT,CC,CC,GG,CC,AA,GG,AG,CC,TT,CC,GG,GT,CG,TT,AA,GG,TT,CC,GG,AA,AC,CC,GG,GG,AA,GG,TT,NN,AG,CC,GG,AA,AC,AA,AT,GT,TT,AT,AT,GG,GT,AA,CC,AA,TT,AA,GG,AA,TT,AA,TT,CC,CT,AC,CC,CT,GG,AA,CG,AG,AC,AT,CT,TT,GG,TT,AC,AC,GG,GG,CC,CC,GG,CC,GG,AA,AA,CC,GT,GG,CG,CC,AA,GG,CC,AA,CC,AA,AA,CC,GG,AC,TT,AA,CG,AA,AA,AA,AA,AG,AG,NN,AA,AT,CG,AA,AG,CC,AA,CT,AA,AG,CG,GG,GG,TT,AT,AA,TT,TT,TT,AA,AT,GG,GG,AC,4.81,Resistant,Medium,Premium,Early
L0475,Coimbatore,Tamil Nadu,Kharif,Red Loamy,Rainfed,650,29.5,68,NN,TT,GG,AA,GG,CC,GG,TT,CC,CG,AA,CC,CG,AT,GT,GG,CG,TT,TT,AA,CC,GT,GT,CC,TT,CC,TT,AT,GG,AA,TT,CT,AA,CC,GG,GG,GG,CC,GG,CC,TT,CT,AA,GT,AG,GG,TT,TT,CC,AA,GG,AA,AG,GG,CT,GT,AA,AA,GT,AC,GG,TT,NN,AA,TT,TT,CC,GG,TT,GT,AG,GT,CC,AA,AG,AA,TT,GG,TT,TT,GG,GG,GG,CC,AT,GG,AA,AA,CG,TT,AC,TT,CC,AT,TT,AG,TT,CC,GT,TT,CT,CC,GG,AA,TT,TT,CC,AA,AA,AA,NN,GG,TT,CC,TT,AC,AA,TT,CC,AA,CG,GG,CC,GG,TT,AG,CC,CC,CC,CC,AA,TT,CC,AA,CC,CC,AA,TT,AA,AA,GG,CC,CC,GG,AA,AG,AA,CC,GG,CC,CC,AA,GG,GG,TT,AG,AA,TT,TT,AG,NN,TT,GT,TT,CC,AT,GT,TT,AA,TT,GG,CC,AA,CC,CC,CC,GG,CC,AA,GG,AA,CC,TT,CC,GG,GG,GG,TT,AA,AA,TT,CC,CC,AC,AC,CC,CG,GG,AA,GG,TT,AA,AA,CC,GG,AA,AC,AA,AT,GG,TT,AT,AT,CC,GT,AT,CC,TT,TT,AA,GG,AA,TT,AA,TT,CC,TT,AA,CC,TT,CG,GG,CC,GG,NN,TT,TT,TT,GG,TT,AA,AC,AG,GG,CC,CC,GG,CC,GG,AT,AA,CC,GT,GG,CG,CC,AA,AG,CC,AA,CC,AA,AA,CC,CG,AC,TT,AA,GG,AA,AA,AA,AA,AG,AG,AA,AA,TT,GG,AC,AG,AC,AA,TT,AG,AA,GG,AG,CG,GT,AA,AA,GT,TT,TT,AA,TT,GG,GG,AC,4.97,Resistant,Low,Premium,Early
L0476,Coimbatore,Tamil Nadu,Kharif,Red Loamy,Rainfed,650,29.5,68,AA,CC,AG,AG,CG,CC,TT,TT,CC,CC,AA,TT,CG,TT,GT,GG,CG,TT,TT,AA,CG,TT,TT,CC,TT,CC,TT,TT,GG,AA,TT,CT,AA,CC,GG,CG,NN,CG,GG,CC,TT,CT,AA,TT,AG,AG,TT,AT,CC,AC,GG,AT,AA,GG,CC,TT,AA,AA,NN,AA,AA,GT,TT,AG,TT,TT,CC,GG,TT,GG,AA,GG,CC,AA,AG,AC,TT,GG,TT,TT,GG,GG,GG,CC,AA,GG,AA,AT,CC,GG,AC,TT,CT,TT,GT,GG,TT,CC,TT,CC,CC,CG,GG,AG,TT,TT,CC,AA,AA,AA,CC,GG,GT,CG,TT,AA,AA,TT,CC,GG,CG,AG,CC,GG,CT,AA,CC,CC,CC,CG,AA,TT,CC,AA,CC,CC,AA,TT,AA,AT,GG,CC,CC,GG,AA,AG,AA,CC,GT,CC,CC,AA,AA,AG,TT,AG,AC,GT,CT,GG,AC,TT,TT,TT,CC,TT,GT,TT,AA,TT,CG,NN,AG,CC,AC,CC,GG,AC,AA,GG,AA,CC,TT,CC,GG,GT,CG,AT,NN,AA,TT,CC,GG,AA,CC,GG,GG,GG,AA,GG,TT,AA,AG,CC,GG,AA,AC,AA,NN,GG,TT,TT,AT,GG,GT,AA,CG,AT,TT,AA,GG,AA,CC,AA,TT,CC,TT,AA,CC,TT,CG,AA,CC,AA,CC,TT,TT,TT,GG,TT,AA,AC,AA,GT,CC,CG,GG,CC,GG,AT,AA,CC,TT,GG,CC,CG,AA,AG,CC,AT,CC,AA,AA,CC,CC,AC,TT,AA,GG,AA,AA,AA,AA,AA,AG,AA,AA,TT,GG,AA,AA,AC,AA,CC,AA,AG,GG,GG,GG,TT,AT,AA,TT,AT,TT,AA,TT,GG,GG,AC,3.6,Resistant,Low,Poor,Early
L0477,Coimbatore,Tamil Nadu,Kharif,Red Loamy,Rainfed,650,29.5,68,AA,TT,GG,AG,GG,CC,GT,AT,CC,CG,AT,CC,CC,AT,TT,GG,CG,TT,AT,AG,CC,TT,TT,CC,TT,CC,NN,TT,GT,AA,TT,CC,AA,CC,GG,GG,GG,CG,GG,CC,TT,TT,AC,TT,AA,GG,TT,AT,CC,AC,GG,AA,AA,GG,CC,TT,AA,AA,GT,AA,AA,TT,TT,AA,TT,TT,CC,GG,TT,GG,AA,GT,CC,AA,AG,AA,NN,GG,GT,TT,GG,GG,GG,CC,AA,GG,AG,AA,CC,GT,CC,TT,CT,TT,TT,GG,TT,CC,GG,CC,CT,CC,AA,AA,TT,TT,CC,AG,AG,AA,CC,GG,GT,CC,TT,AA,AA,TT,CC,GG,CG,AG,CC,TT,CT,AG,CT,CC,CC,CC,AA,TT,AC,AA,CC,CT,AG,TT,AG,AA,CG,CC,CC,GG,AA,AG,AA,AC,GG,CC,CC,AA,GG,AG,GT,AG,AC,GT,CT,GG,AC,GT,TT,TT,CC,AA,TT,TT,AA,AT,GG,CC,GG,TT,CC,CC,GG,CC,AT,GG,AA,CC,TT,CC,GG,TT,CG,AT,AA,AA,TT,CC,GG,AA,CC,CC,GG,GG,AC,CG,TT,AA,AA,CC,GT,AA,AC,AA,TT,GG,GT,TT,AA,GG,TT,AT,CG,TT,TT,AA,GG,AA,TT,AA,TT,CC,TT,AA,CC,TT,CG,AA,CC,AG,CC,TT,TT,TT,GG,TT,AC,CC,AG,GT,CC,CC,GG,CC,GG,AT,AA,CC,TT,GG,CC,CC,AA,GG,CC,AT,CG,AA,AG,AC,CG,CC,TT,AA,GG,AA,AA,AA,AA,AG,AA,AA,AA,TT,GG,AC,AA,CC,AA,TT,AA,AA,GG,GG,GG,TT,AA,AA,TT,TT,TT,AG,AT,GG,GG,AA,2.89,Moderate,High,Standard,Late
L0478,Coimbatore,Tamil Nadu,Kharif,Red Loamy,Rainfed,650,29.5,68,AC,TT,AA,AG,GG,CC,GG,TT,CC,CG,AA,CT,CG,TT,TT,GG,CG,TT,TT,AA,CG,GT,GT,CC,AT,CC,TT,TT,GG,AA,TT,CC,AA,AC,AG,CG,GG,CC,GG,CC,NN,TT,AC,TT,AA,GG,TT,AT,CC,AC,GG,AA,AG,GG,CC,TT,AT,AA,GG,AA,AG,GT,TT,AA,TT,TT,CC,GG,TT,GG,AG,GG,CC,GG,GG,AC,AT,GG,TT,TT,GG,GT,GG,CC,AA,GG,AA,AT,CC,TT,CC,TT,CC,TT,TT,GG,TT,CC,TT,CC,CC,CG,AG,AA,TT,TT,CC,AA,AA,AA,CT,GG,TT,CG,TT,AA,AA,TT,CC,GG,CC,GG,CC,GT,TT,AA,CT,CC,CC,CC,AA,TT,CC,AA,CC,CT,AA,TT,AA,AA,CG,CC,CC,GG,AA,AG,AA,CC,GG,CC,CC,AG,AA,AG,GT,GG,AC,TT,TT,GG,CC,TT,TT,TT,CG,TT,GT,TT,AA,TT,GG,CC,AG,CC,CC,CC,GG,CC,AA,GG,AA,CC,TT,CC,GT,TT,CG,AA,AA,AG,TT,CC,GG,AC,AC,CC,GG,GG,AA,GG,TT,AC,AA,CC,GG,AA,NN,AT,AA,GG,TT,TT,AA,CG,TT,AT,CG,AA,GT,AA,GG,AA,TT,AA,TT,CC,CT,AC,CC,CT,CG,GG,CC,AA,CC,TT,CT,TT,GG,TT,AA,CC,AA,GG,CC,GG,GG,CG,GT,TT,AA,CC,TT,GG,CC,CC,AA,NN,CC,AA,CC,AA,AA,AC,CC,AC,TT,AA,GG,AA,AA,AA,AA,NN,GG,AA,AA,AT,GG,AA,AA,AC,AC,CT,AA,AA,GG,GG,CG,TT,AA,NN,TT,TT,TT,AA,TT,GG,GG,AA,4.49,Susceptible,High,Premium,Late
L0479,Coimbatore,Tamil Nadu,Kharif,Red Loamy,Rainfed,650,29.5,68,AA,CC,GG,AA,GG,CC,GG,TT,CC,GG,AA,CC,CG,AT,TT,GG,CG,TT,TT,AG,CC,TT,TT,TT,TT,CC,TT,TT,GG,AA,TT,CT,AA,CC,GG,CG,GG,CC,GG,CC,TT,TT,AA,TT,AA,GG,TT,TT,CC,CC,GG,AA,AA,GG,CT,TT,AA,AC,GT,AC,AA,TT,AT,AA,TT,TT,CC,GG,CT,GT,AA,GG,CC,AA,AG,AC,AT,AG,TT,TT,AG,NN,GG,CC,AA,GG,AA,AT,CC,GG,AC,TT,CT,TT,GT,GG,TT,CC,TT,CC,CC,CC,GG,AA,AT,TT,CC,AA,AG,AA,CC,GG,TT,CG,TT,AC,AA,TT,CC,GG,CC,GG,CC,GG,TT,AA,TT,CC,AC,CC,AA,TT,CC,AA,CC,CT,AA,TT,AA,AT,NN,CC,CC,GG,AA,AA,AA,AC,GG,CC,CC,AA,AA,GG,GT,GG,AC,TT,TT,GG,CC,GT,GT,TT,CC,AA,GT,TT,AA,AT,GG,NN,AA,CT,AC,CC,CG,CC,AA,GG,AG,CC,TT,CC,GG,GT,GG,AT,AA,AA,GT,CC,GG,AA,CC,CG,GG,AG,AC,CG,TT,AC,AA,CC,GG,AA,AC,AA,AT,GG,GT,TT,AA,CG,GT,AT,CC,TT,GT,AA,GG,AG,TT,AA,TT,CC,TT,AA,NN,TT,GG,AG,CC,GG,CC,TT,TT,GT,GG,TT,AC,AC,AG,GG,CC,CG,GG,CC,GG,AT,AA,CC,TT,GG,CC,CC,AA,GG,CC,AA,CC,AT,AA,AC,CG,AC,TT,AA,GG,AA,AA,AA,AA,AA,AG,AG,AA,TT,GG,AC,AA,CC,AA,CC,AA,AG,GG,GG,GG,TT,AA,GG,TT,TT,TT,AG,TT,GG,GG,AA,3.33,Susceptible,High,Premium,Early
L0480,Coimbatore,Tamil Nadu,Kharif,Red Loamy,Rainfed,650,29.5,68,AA,TT,AG,AA,GG,CC,GG,AT,CC,CG,AT,CC,CC,TT,GT,GG,GG,TT,TT,AA,CC,GT,TT,CC,TT,CC,TT,AT,GG,AA,TT,CC,AA,CC,GG,CG,GG,CC,GG,CC,TT,TT,AA,TT,AA,AG,TT,TT,CC,CC,GT,AA,AA,GG,CC,TT,AT,AC,GT,CC,AA,TT,AA,AA,CT,AT,CC,GG,TT,GT,AG,GT,AC,AA,GG,AC,AT,GG,TT,TT,GG,GT,GG,CC,AA,GG,AA,AA,CC,TT,AC,TT,CC,AT,GT,GG,TT,CC,TT,CC,CC,CG,AG,AA,TT,GT,CC,AA,AA,AA,CC,GG,TT,CG,TT,AA,AC,TT,CG,AG,CC,GG,CT,GG,CT,AA,NN,CC,NN,CC,AA,TT,CC,AA,CC,CT,AA,TT,AA,AA,CG,CT,CC,GG,AA,AA,AA,CC,GG,CC,CC,AG,AG,AG,TT,GG,AA,GT,CT,GG,CC,GT,GT,CT,CC,AA,TT,TT,AT,AT,GG,CC,AA,CT,CC,CC,GG,CC,AA,GG,AA,CC,TT,CC,GG,GT,GG,TT,AA,AA,TT,CC,GG,AC,CC,CC,GG,GG,AC,CG,TT,AA,AA,NN,GG,AA,CC,AA,AT,GT,TT,AT,AT,NN,GG,AA,CC,AA,NN,AA,GG,AA,TT,AC,TT,CC,CT,AA,CC,CC,GG,AG,CG,GG,CC,TT,TT,TT,GG,TT,AA,CC,AA,GG,CC,CC,GG,CC,GG,TT,AA,CC,GT,GG,CC,CC,AA,GG,CC,AA,CC,AT,AA,CC,CC,AC,TT,NN,GG,AA,AA,AA,CC,AG,AG,AA,AA,NN,GG,AC,AG,CC,AA,CT,AA,AA,GG,AG,CG,TT,AA,AA,TT,AT,TT,AA,TT,GG,GG,AA,0.4,Susceptible,Low,Standard,Medium
L0481,Coimbatore,Tamil Nadu,Kharif,Red Loamy,Rainfed,650,29.5,68,AC,TT,GG,AA,CG,CC,GT,AA,CC,CG,AA,CC,CC,AT,TT,GG,GG,TT,TT,AG,CC,GT,TT,CC,TT,CC,TT,TT,GG,AA,TT,CC,AA,CC,GG,GG,GG,CG,GG,CC,TT,TT,AC,TT,AA,GG,TT,AT,CC,NN,GG,AA,AG,GG,CC,TT,AA,AA,GT,AC,NN,TT,AT,AG,TT,TT,CC,GG,TT,GG,GG,GG,AC,AA,AG,AA,AA,GG,TT,TT,GG,GG,GG,CC,AT,GG,AA,AA,CC,GT,CC,TT,CT,TT,TT,GG,TT,CC,TT,CC,CT,CG,AA,AA,TT,TT,CC,NN,AA,AA,CC,GG,TT,CC,TT,AC,AA,TT,CG,AG,CG,GG,CT,GG,TT,AA,CC,CC,CC,CG,AA,TT,CC,AA,CC,NN,AA,TT,AA,TT,GG,CC,CC,GG,AA,AA,AA,NN,GT,NN,CC,AA,AG,AG,TT,AG,AC,TT,CT,AA,AC,TT,TT,TT,CC,AA,TT,TT,AA,TT,GG,CC,AG,CC,CC,CC,CG,CC,AA,AG,AG,CC,TT,CC,TT,TT,CG,AT,AG,AA,TT,CC,GG,AC,CC,CC,GG,GG,AA,GG,TT,AA,AG,CC,GT,AA,CC,AA,AA,GG,TT,TT,AT,GG,GT,AT,CC,TT,GG,AA,GG,AA,CT,AC,TT,CC,CT,AA,AC,TT,CG,AG,CC,AA,CC,TT,TT,TT,GG,TT,AC,NN,AG,GG,CC,CC,GG,CC,GG,TT,AA,CG,TT,GG,CC,CC,AA,GG,CC,AA,CC,NN,AA,AA,CC,CC,TT,AA,CG,AA,AA,AA,AC,AG,AA,AA,AA,TT,GG,AA,AA,AC,AC,CT,GG,AA,NN,GG,GG,TT,AA,AA,TT,TT,TT,AG,TT,GG,CG,AA,2.36,Susceptible,Low,Standard,Early
L0482,Coimbatore,Tamil Nadu,Kharif,Red Loamy,Rainfed,650,29.5,68,AA,CT,GG,AA,GG,CC,GT,TT,CC,CG,AA,CC,CG,TT,TT,GG,GG,TT,TT,AA,CG,TT,TT,CC,TT,CC,TT,TT,GT,AA,CT,CC,AA,CC,GG,GG,GG,CC,GG,CC,TT,TT,AA,GT,AA,AG,TT,TT,CC,AC,GG,AA,AA,GG,CT,GT,AA,AA,GT,AC,AA,GT,AA,AA,TT,AT,CC,GG,TT,GG,AG,GG,CC,AG,GG,CC,AT,AG,TT,TT,GG,GG,GG,CC,AT,GG,AA,AA,CG,TT,CC,TT,CC,TT,GT,GG,CC,CC,NN,CT,CC,CG,AG,AA,TT,TT,CC,AA,AA,AA,TT,GG,TT,CC,TT,AC,AA,TT,CC,GG,CC,AG,CC,TT,TT,AA,CC,CC,CC,CC,AA,TT,CC,AA,CC,CC,AA,NN,AG,AA,GG,CC,CC,GG,AG,AG,AA,CC,GG,CC,CC,AA,AA,AG,GT,GG,AC,GT,TT,GG,CC,GT,GT,CT,CC,AT,TT,TT,AA,TT,GG,CG,AG,CC,CC,CC,CG,CC,AA,GG,AA,CC,TT,CC,TT,GT,GG,TT,AA,AA,GT,CC,GG,AA,CC,CC,GG,GG,AC,GG,TT,AA,AA,CC,GT,AA,AC,AA,AA,GG,TT,AT,AT,GG,NN,AA,CC,AT,TT,AA,GG,AA,CT,AA,TT,CC,CT,AA,CC,CT,GG,AA,CC,AA,CC,TT,CT,GT,GG,TT,AA,CC,AA,GG,CC,CC,GG,CC,GG,NN,AA,CG,TT,AG,CC,CC,AA,GG,CC,AA,CC,AA,AA,CC,CC,CC,TT,NN,GG,AA,AA,AC,AC,AG,AA,AA,AA,TT,CG,AA,AG,AC,AC,CT,AA,AA,GG,GG,GG,TT,AA,AA,TT,TT,TT,AG,TT,GG,CG,AA,5.15,Susceptible,Low,Standard,Late
L0483,Coimbatore,Tamil Nadu,Kharif,Red Loamy,Rainfed,650,29.5,68,AC,TT,AA,AA,GG,CG,GG,TT,CC,CG,AT,CC,CG,TT,TT,GT,GG,TT,TT,AG,CC,TT,GT,CC,TT,CC,TT,TT,GG,AA,TT,CC,AA,CC,GG,GG,NN,NN,GG,CC,TT,CT,AA,GT,AG,GG,TT,TT,CG,CC,GG,AA,AA,GG,CC,GT,AA,AC,GT,NN,AG,TT,AA,AG,TT,AT,CC,GG,TT,GT,GG,GG,CC,AA,AG,AC,AT,GG,TT,TT,GG,GG,GT,CC,AA,GG,AA,AT,CG,GG,AC,TT,CT,AT,TT,GG,CT,CC,GT,CC,CC,CG,GG,AA,AT,TT,CC,AA,GG,AA,CT,GG,TT,CC,GT,AA,AC,TT,CC,GG,CC,AG,CC,TT,CT,AA,CC,CC,CC,CC,AA,TT,CC,AA,CC,CC,AA,TT,AA,TT,GG,CC,CC,GG,AA,AG,NN,AC,GG,CC,CC,AA,AA,AG,TT,GG,CC,TT,NN,GG,CC,TT,GT,TT,CC,AA,TT,TT,AA,NN,GG,CC,AA,CC,AC,CC,CG,CC,AA,GG,AG,CC,TT,CC,GG,TT,GG,AT,AA,AA,TT,CC,GG,AC,AC,CC,GG,GG,AC,GG,TT,AA,AA,CC,GG,AA,CC,AA,AA,GT,TT,TT,AT,GG,GT,AT,CC,TT,TT,AA,GG,AA,NN,AA,TT,CG,TT,AA,CC,TT,CG,AG,CC,AG,AC,TT,TT,GT,GG,TT,AA,AC,GG,GG,CC,CC,GG,CC,GG,NN,AA,CG,TT,GG,GG,CC,AT,GG,CG,AA,CC,AA,AA,CC,CC,AC,TT,AA,GG,AA,AA,AC,AA,AG,AG,AA,AA,AT,GG,AA,AA,CC,AC,TT,AA,AA,GG,GG,CG,TT,AT,AA,TT,TT,TT,AA,AT,GG,GG,AA,4.53,Susceptible,Low,Premium,Late
L0484,Coimbatore,Tamil Nadu,Kharif,Red Loamy,Rainfed,650,29.5,68,AA,TT,GG,AG,GG,CG,GG,AT,CC,GG,AA,CC,CC,TT,TT,GT,CG,TT,TT,AA,CC,GT,GG,CC,TT,CC,TT,TT,GG,AC,TT,CC,AG,CC,GG,GG,GG,CG,GG,CC,TT,CC,AA,TT,AA,AG,TT,AT,CG,AA,GT,AT,AA,GG,CT,GT,AA,AC,GT,AA,AA,TT,AT,AA,TT,TT,CC,GG,TT,GG,AG,GG,CC,AA,AA,AC,AT,AG,TT,TT,GG,GG,GG,CC,AT,GG,AA,NN,CG,GG,CC,TT,CC,TT,GT,GG,TT,AC,TT,CC,CC,CG,AG,AA,TT,TT,CC,AA,AA,AA,CT,GG,TT,CC,TT,AA,AA,TT,CC,GG,CC,AG,CC,GG,CT,AA,CC,CC,AC,CC,AA,TT,CC,AA,AC,CC,AG,AT,AG,AA,GG,NN,CC,GG,AA,AA,AA,CC,GT,CC,NN,AG,AA,GG,TT,AG,AA,TT,TT,GG,AC,TT,GT,CT,CC,AA,TT,TT,AA,TT,GG,CC,AA,CT,AC,CC,CG,CC,NN,GG,AG,CC,TT,CG,GT,GG,CG,TT,AA,AA,TT,CC,GG,AA,CC,CC,GG,GG,CC,GG,TT,AC,AA,CC,TT,AA,AC,AA,AT,GG,TT,TT,AA,CG,GT,AT,CC,AT,GT,AA,GG,AG,TT,AA,TT,CC,TT,AA,CC,TT,GG,AG,CC,AG,CC,TT,TT,TT,GG,TT,AC,CC,GG,GT,CC,CC,GG,CC,GG,AT,AA,CC,GG,GG,CC,CC,AT,GG,CG,AA,CC,AA,AA,AC,CG,AC,TT,AA,GG,AA,AA,AC,AA,GG,AA,AA,AA,AT,GG,CC,AA,AC,AC,CT,AA,AA,CG,GG,GG,TT,AT,AG,TT,TT,TT,AG,TT,GG,CG,AA,3.42,Susceptible,Low,Poor,Early
L0485,Coimbatore,Tamil Nadu,Kharif,Red Loamy,Rainfed,650,29.5,68,CC,TT,AG,AG,GG,CC,GG,NN,CC,CG,AA,CT,CC,TT,GT,GG,CG,TT,TT,AG,CC,GT,GT,CC,TT,CC,GT,TT,GG,AA,CT,CC,NN,CC,GG,GG,GG,CG,GG,CC,TT,TT,AA,TT,AA,AG,TT,AT,CC,AA,GG,AA,AA,GG,CC,TT,AA,AA,GT,AA,AA,TT,AT,AA,TT,AT,CC,GG,TT,GT,GG,GT,CC,AG,GG,AA,AA,GG,GT,TT,GG,GT,GG,CC,AA,AG,AA,AA,CC,TT,CC,TT,CC,TT,TT,GG,TT,CC,TT,CC,CT,CC,GG,AG,TT,TT,CC,AA,AA,AA,CT,GT,TT,CC,TT,AC,AA,TT,CC,AA,CC,GG,CC,GG,TT,AA,CT,CC,AC,CC,AA,TT,CC,AA,CC,CC,AA,TT,AA,AT,GG,CC,CC,GG,AA,GG,AA,CC,GT,CC,CG,AA,AA,GG,TT,AA,AA,TT,TT,GG,CC,TT,TT,TT,CC,AT,TT,TT,AA,TT,CG,CC,AA,CC,CC,CC,GG,CC,AA,AG,AA,CC,TT,CG,GT,TT,GG,TT,AA,AA,TT,CC,CG,AC,AC,CC,GG,GG,AC,GG,TT,CC,AA,CC,GG,AA,AC,AA,AA,GG,TT,TT,NN,GG,GG,AT,GG,AT,GT,NN,GG,AG,TT,AA,TT,CC,CT,AC,CC,TT,GG,AG,CC,AG,AC,TT,NN,GT,GG,TT,AC,CC,AA,GG,CC,CC,GG,CC,GG,AT,AA,CC,TT,GG,CG,CC,AA,AG,CC,AT,CC,AT,AG,AC,CC,AA,AT,AA,GG,AA,AA,AC,AA,GG,AA,AA,AA,TT,GG,NN,AG,AA,AC,CC,AA,AG,CC,GG,GG,TT,AT,AG,GT,TT,TT,AG,AT,GG,GG,AA,2.65,Susceptible,Medium,Standard,Medium
L0486,Coimbatore,Tamil Nadu,Kharif,Red Loamy,Rainfed,650,29.5,68,AC,CT,AG,AG,GG,CC,GG,TT,CC,CC,AA,CC,CC,TT,GT,GG,GG,TT,TT,AA,CG,GT,GG,CC,TT,CC,TT,TT,GG,AA,TT,CC,AA,CC,GG,GG,GG,CC,GG,CC,TT,CT,AA,TT,AA,GG,CT,TT,CC,AC,GG,NN,AA,GG,CC,GT,AT,AA,GG,AC,AA,GT,AT,AA,TT,AT,CC,GG,TT,GG,GG,GG,CC,AA,GG,AC,AA,GG,TT,TT,GG,TT,GG,CC,AA,GG,AG,NN,NN,GG,CC,TT,CC,TT,GT,GG,TT,CC,GT,CC,CC,CC,GG,AA,TT,TT,CC,AA,AA,AA,TT,GG,TT,CC,TT,AA,AA,AT,CC,AG,CG,GG,CC,GG,TT,AA,CC,CC,CC,CC,AA,TT,CC,AA,CC,CC,AA,TT,AA,AA,GG,CC,CC,GG,AA,AG,AT,CC,GG,CC,CC,AA,AA,AG,TT,GG,AC,GT,TT,GG,AC,TT,TT,TT,CC,AA,TT,TT,AA,TT,GG,CC,AG,TT,CC,CC,CG,CC,AA,GG,AA,CC,TT,CG,GT,GT,CG,AT,AA,AA,TT,CC,NN,CC,CC,CC,GG,GG,CC,GG,TT,AA,AA,CG,GG,AT,CC,AA,AT,GG,TT,TT,AA,GG,GG,AT,CG,TT,TT,AA,GG,AA,CT,AA,TT,CC,CT,AA,CC,CT,GG,AA,CC,GG,CC,TT,TT,GT,GG,TT,AA,AC,GG,GG,CC,CG,GG,CC,GG,TT,AA,CC,TT,GG,CC,CG,AA,GG,CC,AT,CC,AT,AA,CC,CC,AC,TT,AA,NN,AA,AC,AA,AA,AG,AG,AA,AA,TT,GG,AA,AA,AC,AA,CT,AG,AA,GG,AG,GG,TT,AA,AA,TT,TT,TT,GG,TT,GG,GG,AC,2.4,Resistant,High,Poor,Early
L0487,Coimbatore,Tamil Nadu,Kharif,Red Loamy,Rainfed,650,29.5,68,CC,TT,NN,AG,GG,CC,GT,TT,CC,CC,AA,CT,CG,AT,TT,GG,GG,TT,TT,AA,CC,TT,GT,CC,TT,CC,TT,TT,GG,AA,TT,CC,AA,AC,AG,GG,GG,CG,GG,CC,TT,TT,AA,GT,AA,AG,TT,TT,CC,AA,GG,AA,GG,CG,CT,TT,AA,CC,GT,AC,AA,TT,TT,GG,TT,TT,CC,GG,TT,GT,AG,GG,CC,AA,GG,CC,AT,GG,TT,TT,GG,GG,GG,CC,AA,GG,AG,AA,NN,TT,AC,TT,CT,TT,TT,AG,CT,CC,GT,CC,CC,CG,GG,AA,AT,TT,CC,AA,GG,AC,CT,GG,GT,CC,TT,AA,AA,TT,GG,AG,CC,GG,CC,GT,CT,AA,CC,CC,CC,CC,AA,TT,CC,AA,CC,CC,AA,AA,AA,AT,CG,TT,CC,GG,AA,AA,AA,AC,GG,CC,CC,AA,AA,GG,TT,GG,AA,GT,CT,GG,AC,GT,TT,TT,CC,AT,GT,TT,AA,TT,GG,CC,AA,CC,CC,CC,CG,CC,AA,GG,AG,CC,GT,CC,GG,TT,GG,TT,AG,AG,TT,CC,GG,AA,AC,CC,GG,GG,AA,CG,TT,AA,AA,CG,GG,AA,AC,AA,AA,GT,TT,AT,AT,GG,GG,AA,CC,TT,TT,AA,GG,AA,TT,AA,TT,CG,TT,AC,AC,TT,CG,AA,CC,AG,CC,TT,TT,TT,GG,TT,AA,CC,AG,GG,CC,CG,GG,CC,GG,TT,AA,CC,TT,GG,CC,CC,AA,GG,CG,TT,CC,AA,AA,AA,CC,NN,TT,AA,GG,NN,AA,AA,AA,AG,AG,AG,AA,TT,CC,AA,AA,AC,AC,TT,AA,AA,GG,GG,GG,TT,AA,AA,TT,TT,TT,AA,AT,GG,GG,AA,4.27,Susceptible,Low,Poor,Medium
L0488,Coimbatore,Tamil Nadu,Kharif,Red Loamy,Rainfed,650,29.5,68,AC,TT,GG,AA,GG,CC,GG,TT,CC,CG,AT,CC,CG,AT,TT,GT,GG,TT,TT,AG,CC,TT,TT,CC,TT,CC,TT,TT,GG,AA,TT,CC,AG,CC,GG,GG,GG,CG,GG,CC,TT,TT,AA,TT,AA,AG,TT,AT,CC,AC,GG,NN,AA,GG,CC,TT,AT,AA,GG,AA,AA,TT,TT,AG,TT,TT,CC,GG,TT,GG,AG,GG,CC,AA,GG,CC,AA,GG,TT,TT,GG,GT,GG,CC,AA,GG,AA,AA,CC,GG,CC,GT,CC,AT,TT,GG,TT,CC,GT,CT,CC,GG,AA,AG,TT,TT,CC,AA,AA,AA,CT,GG,TT,CG,TT,AA,AC,AT,CC,GG,CG,GG,CC,GG,TT,AA,CC,CC,CC,CC,AA,TT,CC,AA,CC,CT,AA,TT,AA,AT,GG,CC,CC,GG,AA,GG,AA,CC,GT,CC,CC,AA,AA,AG,TT,AG,AA,TT,TT,AG,CC,TT,GG,CT,CC,TT,TT,TT,AA,TT,GG,CG,AG,NN,CC,AA,CG,CC,AA,GG,AG,CC,TT,CG,GG,TT,GG,TT,AA,AA,TT,CC,GG,AA,AC,CC,GG,GG,AA,CG,TT,AC,AA,CG,GG,AA,CC,AT,AT,GG,GT,AT,AA,CG,TT,AT,CC,AT,GT,AA,GG,AA,CT,AA,TT,CC,TT,AA,CC,CT,GG,AG,CC,AA,CC,TT,TT,GG,GG,TT,AC,AC,AA,GG,CC,CC,GG,CC,GG,AT,AA,CG,TT,GG,CC,CC,AT,GG,CC,AA,CC,AA,AA,AC,CG,CC,AT,AA,GG,AA,AA,AC,AA,AG,AG,AA,AA,TT,GG,AA,AA,CC,AA,CC,AA,AA,GG,NN,GG,GT,AA,AA,TT,TT,TT,GG,TT,GG,GG,AA,4.89,Susceptible,Low,Premium,Early
L0489,Coimbatore,Tamil Nadu,Kharif,Red Loamy,Rainfed,650,29.5,68,AA,TT,NN,AG,GG,CC,GG,AA,CC,GG,AA,CC,CC,TT,TT,GG,CG,TT,TT,AA,NN,GT,GT,CC,TT,CC,GT,TT,GT,AA,TT,CC,AA,CC,GG,GG,GG,CC,GG,AC,TT,CT,AA,TT,AA,AG,TT,AT,CC,AA,GT,AA,AA,GG,CC,TT,AA,CC,GT,AC,AA,TT,TT,AG,TT,TT,CC,GG,TT,GG,AG,GG,CC,AA,GG,AC,AA,GG,TT,TT,GG,GG,GG,CC,AA,GG,AA,AA,CC,GG,AC,TT,CT,TT,TT,GG,TT,CC,TT,CC,CT,CC,AG,AG,TT,TT,CC,AA,GG,AA,CC,GG,TT,CC,GT,AA,AA,TT,CG,AA,CC,GG,CC,TT,CT,AA,CC,CC,CC,CC,AA,TT,CC,NN,CC,CC,AG,TT,AA,AA,CG,CC,CG,AG,AA,AG,AA,CC,GG,CC,CC,AA,AA,GG,TT,GG,CC,TT,CT,GG,AC,GT,GT,TT,CG,AA,TT,TT,AA,NN,GG,CC,AA,CC,AC,CC,GG,CC,AA,GG,AG,CC,TT,CC,GT,TT,GG,AT,AA,AG,TT,CC,GG,AC,AC,CG,GG,GG,AC,GG,TT,AC,AA,CC,GG,AT,AC,AT,AA,GG,TT,TT,AA,CG,GG,AT,GG,AT,GG,AA,GG,AA,TT,AA,NN,CC,TT,AA,CC,CT,CG,AG,CC,AG,CC,TT,TT,TT,NN,TT,AA,AC,AG,GG,CC,CG,GG,CC,GG,AT,AA,CC,GT,GG,CC,CC,AA,AG,CC,AA,CC,AA,AA,AC,CG,CC,TT,AA,GG,AA,AA,AC,AA,AA,AG,AG,AA,TT,GG,AA,GG,AA,AA,TT,AA,AA,GG,GG,GG,TT,AT,AA,TT,TT,TT,AA,AT,GG,GG,AA,2.74,Susceptible,Low,Premium,Late
L0490,Coimbatore,Tamil Nadu,Kharif,Red Loamy,Rainfed,650,29.5,68,AC,TT,AG,AA,GG,CC,GG,AT,CC,CC,AA,CC,CG,AA,TT,GG,CG,TT,TT,AA,CG,GT,TT,CT,TT,CC,TT,TT,GG,AA,TT,CC,AA,AC,GG,GG,GG,CC,GG,CC,TT,TT,AA,GT,AA,AG,CT,TT,CC,AC,GT,AA,AA,GG,CC,GT,AA,AA,GT,AC,AA,TT,TT,AA,TT,TT,CC,GG,TT,GG,AG,GT,CC,AA,AA,AA,AT,GG,GT,TT,GG,GT,GG,CC,AT,GG,AA,AA,CC,GT,CC,TT,CC,TT,TT,GG,CT,CC,GT,CT,CT,CG,AG,AA,TT,TT,CC,AA,AA,CC,CT,GG,TT,CC,TT,AA,CC,TT,CG,GG,CC,AG,CC,GG,CT,AA,CC,CC,AC,CC,AA,TT,AC,AA,CC,CC,AA,TT,AA,AA,CG,CC,CC,GG,AA,AG,AA,CC,GG,CC,CG,AA,AG,GG,TT,AG,CC,GT,TT,GG,CC,TT,TT,TT,CC,AA,TT,TT,AT,TT,CG,CC,AA,CT,CC,CC,GG,CC,AA,AG,AA,CC,TT,CC,GG,TT,GG,AT,AG,AA,GT,CC,GG,AA,AC,CC,GG,GG,AA,GG,TT,AC,AA,CC,GG,AA,CC,AA,AT,GG,TT,TT,AA,CG,GT,AT,CC,TT,TT,AT,GG,AA,CT,AA,TT,CC,TT,AA,AC,CT,CG,AG,CC,GG,CC,TT,CT,GG,GG,NN,AA,CC,AG,GG,CC,CC,GG,CC,GG,TT,AA,CG,TT,GG,CC,CC,AA,AG,CC,AT,CC,AA,AA,CC,CG,AC,AT,AA,GG,AA,AA,CC,AA,AG,GG,AA,AA,TT,CG,AA,AG,NN,CC,TT,AA,AA,GG,GG,GG,TT,AA,AA,GT,TT,TT,AA,TT,GG,GG,AA,5.37,Moderate,Medium,Poor,Medium
L0491,Coimbatore,Tamil Nadu,Kharif,Red Loamy,Rainfed,650,29.5,68,AA,TT,AG,GG,GG,CC,GT,AA,CC,CG,AA,CC,CC,TT,TT,GG,GG,TT,TT,AA,CC,TT,TT,CT,TT,CC,TT,TT,GG,NN,CT,CC,AA,CC,GG,CG,GG,CG,GG,CC,TT,CT,AA,TT,AA,AG,TT,AT,CC,AC,GG,AT,AA,GG,NN,GT,AA,AA,TT,AA,AA,GT,TT,AG,TT,TT,CC,GG,TT,GG,AG,GG,CC,AA,AG,AA,AT,GG,NN,TT,GG,GG,GT,CC,AA,AG,AA,AA,CC,TT,CC,TT,CC,TT,TT,GG,TT,CC,GT,CT,CC,CC,AG,AA,AT,NN,CG,AG,AA,AA,CT,GG,TT,CC,TT,CC,AA,TT,CC,GG,CC,GG,CC,GG,TT,AG,CC,CC,CC,CC,AA,TT,CC,AA,CC,CT,AA,AT,AA,TT,GG,CC,CC,GG,AA,AG,AA,CC,GG,CC,CC,AA,AA,GG,TT,GG,AC,TT,TT,GG,AC,GT,TT,TT,CG,AT,TT,TT,AT,TT,GG,CC,AA,CC,CC,CC,GG,CC,AA,GG,AA,CC,TT,CG,GG,TT,NN,AT,AA,AA,TT,CC,GG,AC,CC,CC,CG,GG,AA,GG,TT,AC,AG,CC,GG,AA,CC,AT,NN,GT,GT,TT,AT,GG,GT,AA,CG,TT,TT,AA,GG,AA,CT,AA,TT,CC,TT,AC,CC,TT,CG,AA,CC,GG,CC,AT,CT,GT,GG,TT,AA,AC,AG,GG,CC,CG,GG,CC,GG,AA,AA,CC,GT,GG,CC,CC,AA,AG,CG,AT,CC,AA,AA,AA,CC,CC,TT,AA,GG,AA,AA,AA,AA,AG,GG,AG,AA,TT,GG,AA,AA,AC,NN,CT,AA,AG,GG,GG,GG,TT,AT,AA,GT,TT,TT,GG,TT,GG,GG,AC,5.14,Resistant,Medium,Poor,Early
L0492,Coimbatore,Tamil Nadu,Kharif,Red Loamy,Rainfed,650,29.5,68,AC,TT,GG,AA,NN,CC,GG,AT,CC,GG,AA,CC,NN,TT,TT,GG,GG,AT,TT,AG,CC,TT,GG,CC,TT,CC,TT,TT,GG,AA,TT,CC,AA,CC,AG,GG,GG,CC,GG,CC,TT,TT,AA,GG,AA,AG,TT,AT,CC,CC,GG,AA,AA,GG,CC,TT,AA,AA,GG,AA,AG,TT,TT,AG,TT,AT,CC,GG,TT,GT,AG,GT,CC,AA,AG,AA,TT,GG,TT,TT,AG,GG,GG,CC,AA,GG,AA,AA,CC,TT,CC,TT,CT,TT,GG,GG,CT,CC,TT,CT,CC,CC,AG,AA,AT,TT,CC,AA,AA,AA,CC,GG,TT,CG,GT,AA,AA,TT,CG,AG,CC,GG,CC,GT,CT,AA,CC,CC,CC,CG,AA,TT,CC,AA,CC,CT,AA,TT,AA,AT,GG,CC,CC,GG,AA,GG,AA,CC,GT,CC,CC,AA,AA,AG,TT,AG,AA,GG,CT,AG,CC,TT,GT,TT,CG,TT,GT,TT,AT,TT,CG,CC,AA,CC,CC,CC,CG,CC,AA,GG,AG,CC,TT,CC,GG,TT,CG,AA,AA,AA,TT,AC,GG,AC,CC,CG,GG,GG,AC,GG,TT,AA,AA,CC,TT,AA,CC,AA,AA,GG,TT,TT,AT,GG,GT,AA,CG,AT,GT,AA,GG,AA,TT,AA,TT,CC,TT,AA,CC,CT,GG,AA,CG,AG,CC,TT,TT,GT,GG,TT,AA,AC,NN,GG,CC,CC,GG,CC,GG,NN,AA,CC,TT,GG,CC,CC,AA,GG,CG,AT,CC,TT,AA,CC,GG,AC,AT,AA,GG,AA,AA,AC,AA,GG,AG,AA,AA,TT,GG,AA,AA,AC,AA,TT,AA,AA,GG,GG,GG,TT,AA,AA,TT,TT,TT,AA,TT,GG,GG,AA,6.16,Moderate,Low,Premium,Medium
L0493,Coimbatore,Tamil Nadu,Kharif,Red Loamy,Rainfed,650,29.5,68,AC,CT,GG,AG,GG,CC,GG,TT,CC,CG,AA,CC,CC,AT,GT,GT,GG,TT,TT,AG,CC,GT,GT,CC,TT,CC,TT,TT,GG,AA,TT,CT,AA,CC,NN,CG,GG,CC,GG,CC,TT,CT,AA,TT,AA,AA,CT,AT,CC,AA,GG,TT,AA,GG,CC,TT,AA,AC,GT,AA,AA,TT,AT,AA,TT,AT,CC,GG,TT,GG,AA,GG,CC,AA,GG,AC,TT,GG,TT,TT,GG,GT,GG,AC,AA,GG,AA,AA,NN,GT,CC,TT,CT,TT,TT,GG,CT,CC,GT,CC,CC,CG,GG,AA,TT,TT,CC,AA,AA,AA,TT,GG,TT,CC,TT,AA,AA,TT,CC,GG,CC,AG,CC,GT,CT,AA,CC,CC,CC,CC,AG,GT,CC,AA,CC,CT,AA,AT,AA,AT,CG,CC,CC,GG,AA,AA,AA,CC,GT,CC,CC,AA,AA,GG,TT,GG,AC,GT,TT,GG,AC,TT,TT,TT,CG,AT,TT,TT,AT,AT,GG,CC,AG,CC,CC,AC,GG,CC,AA,GG,GG,CC,GT,CC,GG,GT,GG,TT,AA,AA,TT,CC,GG,AA,CC,CC,GG,GG,NN,GG,TT,AC,AA,CC,GG,AA,AC,AA,AA,GG,TT,AA,AA,GG,GT,TT,CC,AT,GT,AA,GG,AA,CT,AA,TT,CC,TT,AA,AC,TT,CG,AA,CG,AG,CC,AT,CT,GT,GG,AT,AA,AA,AA,GG,CC,CG,GG,CC,GT,TT,AA,CC,GT,AG,CC,CC,AA,GG,CC,AT,CC,AA,AA,CC,CG,AA,TT,AA,GG,AA,AA,AC,NN,AG,AG,AG,AA,TT,CG,AA,AA,AA,AC,CC,AA,AG,GG,GG,GG,TT,AT,AA,GT,TT,TT,AA,AT,GG,GG,AC,2.73,Resistant,Low,Poor,Medium
L0494,Coimbatore,Tamil Nadu,Kharif,Red Loamy,Rainfed,650,29.5,68,AA,TT,GG,GG,GG,CC,GT,AT,CC,CC,AA,CC,CG,TT,GT,GG,GG,TT,TT,AA,CC,TT,GG,CT,TT,CC,GT,TT,GG,AA,TT,CC,AA,CC,GG,CG,GG,CC,GG,AC,TT,CT,AA,TT,AA,AG,CT,TT,CC,AC,GT,AA,AA,GG,CC,TT,AA,AA,GT,AA,AA,GT,TT,AA,TT,TT,NN,GG,TT,GT,GG,GG,CC,AA,GG,AA,AA,GG,TT,TT,GG,GT,GG,AC,AT,GG,AA,AA,CC,GT,AC,TT,CC,TT,TT,GG,TT,CC,GT,CC,CC,CC,AG,AA,TT,TT,CC,AA,GG,AC,CC,GG,TT,CC,TT,AA,AA,TT,CG,AG,CG,GG,CT,GT,CT,AA,CC,CC,CC,CC,AA,TT,AC,AA,CC,CC,AA,AT,AA,AA,GG,CT,CC,GG,AA,AG,AA,CC,GT,NN,CC,AA,AA,GG,TT,AG,AC,GG,TT,GG,CC,TT,GT,TT,CG,AA,GT,TT,AT,TT,GG,CC,AA,CC,CC,CC,CC,CC,AA,AG,AA,CC,TT,CC,GG,TT,GG,TT,AA,AA,TT,AC,GG,AC,CC,CC,GG,GG,CC,NN,TT,AC,AG,CG,GT,AA,AC,AA,AA,GG,TT,TT,AT,GG,GT,AT,CC,TT,GT,AA,GG,AA,TT,AA,TT,CC,TT,AC,AA,CT,GG,AA,CC,GG,AC,TT,CT,GT,GG,AT,AA,CC,AA,GG,CC,CC,CG,CC,GG,AT,AA,CC,GT,GG,CC,CC,AT,GG,CG,AT,NN,AT,AA,AC,CG,AC,TT,AG,GG,AA,AA,AA,AA,GG,AG,AA,AA,TT,CG,AA,AA,AC,AC,CT,AA,AA,CG,GG,GG,TT,AA,AA,NN,TT,TT,AG,AT,GG,GG,AA,1.76,Susceptible,Low,Premium,Medium
L0495,Coimbatore,Tamil Nadu,Kharif,Red Loamy,Rainfed,650,29.5,68,CC,TT,GG,AG,GG,CC,GT,AT,CC,CC,AA,CT,CG,TT,TT,GG,CG,TT,TT,AG,CC,GG,TT,CC,AT,CC,GT,NN,GT,AA,TT,CC,AA,CC,GG,CG,GG,CC,GG,CC,TT,CT,AA,TT,AA,GG,TT,TT,CC,CC,GG,AA,AA,GG,CC,TT,AA,AC,GG,AA,AG,GT,AT,AA,TT,TT,CC,GG,TT,GG,AA,GT,AC,AA,GG,AA,AT,GG,GT,TT,GG,GT,NN,CC,AT,GG,AA,AA,CG,GT,CC,TT,CT,AT,TT,GG,TT,CC,TT,CC,CC,CG,AG,AG,TT,TT,CC,AA,AG,AA,CT,GG,TT,CC,TT,AC,AA,AT,CC,AA,CC,NN,CT,GG,TT,AA,CC,CC,CC,CC,AA,TT,CC,AA,CC,CC,AA,TT,AA,AA,GG,CT,CC,GG,AG,AG,AA,CC,TT,CC,CC,AA,AA,AG,TT,NN,AC,TT,TT,GG,AC,TT,TT,TT,CG,AA,NN,TT,AT,TT,GG,CC,AA,TT,CC,CC,GG,CC,AA,GG,GG,CC,TT,CG,GT,TT,CG,TT,AA,AA,TT,CC,GG,AA,CC,CC,GG,GG,AA,GG,TT,AA,AA,CC,GG,NN,CC,AA,TT,GT,TT,TT,AA,CG,GT,AA,CC,TT,NN,AA,GG,AA,CC,AA,AT,CC,CT,AA,CC,TT,CG,AA,CC,AA,NN,TT,CT,GT,GG,AT,AA,AC,AA,GG,CC,CC,GG,CC,GG,AT,AA,CC,TT,GG,CC,CC,AA,GG,CC,AT,CG,AA,AG,AC,CG,CC,TT,AA,GG,AA,AA,AA,CC,AA,AA,AA,AA,AT,GG,AA,AG,AC,AA,TT,AA,NN,GG,AG,GG,TT,AA,AA,TT,TT,TT,AA,TT,GG,GG,NN,1.51,Susceptible,Medium,Poor,Early
L0496,Coimbatore,Tamil Nadu,Kharif,Red Loamy,Rainfed,650,29.5,68,AA,TT,GG,AG,CG,CC,GT,TT,CC,CG,AA,CC,CC,TT,TT,GG,CG,TT,TT,AG,CC,TT,GT,NN,TT,CC,GT,TT,GG,AA,NN,CC,AA,CC,GG,CG,GG,CG,NN,CC,TT,TT,AC,GT,AG,AG,TT,TT,CC,CC,GT,AA,AA,GG,CT,TT,AA,AC,GT,AA,AA,GT,TT,AG,TT,TT,CC,GG,TT,GT,AA,GT,AC,AA,GG,AA,AA,AG,GT,TT,GG,GG,GG,CC,AT,GG,AA,AA,CC,GT,CC,TT,CT,AT,GT,GG,TT,CC,GT,CC,CC,CC,AG,AA,TT,TT,CG,AG,AG,AA,CC,GG,TT,CC,TT,AC,AA,TT,CG,AG,CC,GG,CC,TT,CT,AG,CC,CC,CC,CC,AA,GT,CC,AA,CC,CT,AA,TT,AA,AT,GG,CC,CC,GG,AA,GG,AA,CC,GG,CC,CC,AA,AA,GG,GT,GG,AC,TT,CT,GG,AC,TT,GT,TT,CC,AA,GT,TT,AA,TT,GG,CC,AG,TT,CC,CC,GG,CC,AT,GG,AA,AC,TT,CC,GT,TT,GG,TT,AA,AA,TT,CC,GG,AA,CC,CC,GG,GG,AA,GG,TT,CC,AA,CG,GG,AA,AC,AA,TT,GG,TT,TT,AT,CG,GG,TT,CC,TT,GG,AA,GG,AA,CT,AA,AT,CC,TT,AC,AC,TT,CG,AG,CG,AG,CC,TT,CT,GG,GG,TT,AA,AC,AG,GG,CG,CG,NN,CC,NN,TT,AA,CG,TT,GG,CC,CC,AA,GG,CC,AT,CC,AA,AA,CC,CG,AC,TT,AA,GG,AA,AA,AA,AA,AG,AG,AA,AA,TT,GG,AA,AG,AA,AA,TT,AA,AA,GG,GG,GG,GT,AA,AA,GT,TT,TT,AA,AT,GG,GG,AC,1.24,Susceptible,High,Poor,Late
L0497,Coimbatore,Tamil Nadu,Kharif,Red Loamy,Rainfed,650,29.5,68,AC,TT,AG,AG,GG,CC,GT,TT,CC,CC,NN,TT,CG,TT,TT,GG,GG,TT,TT,AA,CC,TT,TT,CC,AT,CC,TT,TT,GG,AA,CT,CC,AA,NN,GG,CG,GG,GG,GG,CC,NN,TT,AA,TT,AG,GG,TT,TT,CC,AA,GT,AA,AA,GG,CC,TT,AA,AA,GG,AC,AA,TT,TT,AA,NN,TT,CC,GG,TT,GG,AA,GT,CC,AA,AG,AA,AT,AG,TT,NN,AG,GT,GG,CC,AA,GG,AA,AA,CC,TT,CC,TT,CC,TT,TT,GG,TT,AA,GG,CC,CC,CC,GG,AG,TT,TT,CG,AG,AA,AA,CT,GG,TT,CG,TT,AC,AA,TT,CC,AG,CC,GG,CC,GG,TT,AG,CC,CC,AC,CG,AA,TT,CC,AA,CC,CC,AA,AT,AA,AA,GG,CC,CC,GG,AA,AA,AA,AC,GG,CC,GG,AA,GG,AG,TT,AG,AC,TT,CC,GG,AC,GT,TT,TT,CC,TT,TT,CT,AT,TT,GG,CC,AA,CC,CC,CC,CG,CC,AA,AG,AG,CC,TT,CC,TT,GT,GG,AT,AA,AA,TT,CC,GG,AA,CC,CC,GG,GG,AC,GG,TT,AC,AA,CC,GG,AT,AC,AA,AT,GG,TT,AA,AT,GG,GG,AT,CG,TT,TT,AA,GG,AA,CT,AA,AT,CC,TT,AA,AC,NN,GG,AG,CC,AA,CC,TT,TT,TT,GG,TT,AA,AC,AA,GG,CC,CC,GG,CC,GG,AT,AG,CG,GT,GG,CC,CC,AA,AG,CC,AT,CG,AT,AA,AA,CG,CC,TT,AA,GG,AA,AA,AA,AA,GG,AG,AG,AA,TT,NN,NN,AG,AC,AA,TT,AA,AA,GG,GG,GG,GT,AT,AA,GT,TT,TT,AG,AT,NN,GG,AA,4.42,Moderate,Low,Standard,Early
L0498,Coimbatore,Tamil Nadu,Kharif,Red Loamy,Rainfed,650,29.5,68,AC,TT,GG,AA,GG,CC,GG,TT,CC,CG,AA,CC,CG,TT,GG,GG,GG,TT,TT,AA,CC,TT,TT,CC,TT,CC,TT,TT,GT,AA,TT,CC,AA,CC,GG,GG,GG,CG,GG,CC,TT,CT,AA,TT,AA,GG,CT,TT,CC,AA,GG,AA,AA,GG,CT,TT,AA,AA,GT,AC,AA,TT,TT,AA,TT,TT,CC,GG,TT,GG,AA,GG,CC,AA,AG,AC,AT,GG,GT,TT,GG,GG,GG,CC,AA,GG,AA,AA,CC,GT,AC,TT,CC,TT,GG,AG,TT,AC,GT,CT,CC,CC,AA,AA,TT,TT,CC,AA,AA,AA,CC,GG,TT,CG,TT,AA,AC,TT,CC,NN,CG,GG,CC,GG,CT,AA,CC,CC,CC,CG,AA,GT,CC,AA,CC,CC,AA,TT,AA,AT,GG,CC,CC,GG,AA,NN,AA,CC,GG,CC,CC,AG,GG,GG,GG,GG,AC,TT,TT,GG,CC,TT,TT,CT,CG,TT,GT,TT,AA,TT,GG,CC,AA,CC,AC,CC,GG,CC,AT,GG,AG,CC,TT,CC,GT,TT,GG,AT,AA,AG,TT,CC,GG,AA,CC,CC,GG,GG,CC,GG,TT,NN,AA,CC,GG,AT,AC,AA,AT,GG,TT,TT,AT,CG,GT,AT,CC,AT,TT,AA,GG,AA,TT,AC,TT,CC,TT,AA,CC,TT,CG,AG,CC,GG,AA,AT,TT,GT,GG,TT,AA,AC,AA,GG,CC,CC,GG,CC,GG,AT,AA,CC,GT,AG,CC,CC,AA,GG,CG,AT,CG,AA,AA,AC,CG,AC,NN,AA,GG,AA,AA,AC,AA,GG,AA,AG,AA,AT,GG,AC,AG,CC,AA,TT,AA,AG,CG,GG,GG,TT,AA,AA,TT,TT,AT,AG,AT,CG,GG,AC,6.99,Resistant,Low,Premium,Early
L0499,Coimbatore,Tamil Nadu,Kharif,Red Loamy,Rainfed,650,29.5,68,AA,TT,AG,AG,GG,CC,GT,TT,CC,CG,AA,CC,CG,TT,GT,GG,GG,TT,TT,AA,CC,TT,GG,CT,TT,CC,TT,TT,GT,AC,TT,CC,AA,CC,GG,GG,GG,CC,GG,CC,TT,CT,AA,TT,AA,AG,TT,AT,CC,AC,GG,AA,AA,GG,CC,GT,AT,AC,GT,CC,AA,GT,AT,AG,TT,TT,CC,GG,TT,GG,GG,GG,CC,AA,GG,AC,TT,GG,TT,TT,GG,GG,GG,CC,AA,GG,AA,AA,CC,TT,CC,TT,CT,AT,TT,GG,CT,CC,GT,CC,CC,CG,AG,AG,TT,TT,CC,AA,AG,AC,CT,GG,TT,CC,TT,AA,AA,AT,CC,GG,GG,AG,CC,GG,CT,AA,CC,CC,CC,CC,AA,GG,CC,AA,CC,CC,AA,AT,AA,AA,GG,CC,CC,GG,AA,AG,AA,AC,GG,CC,CC,AA,AA,GG,GT,GG,AA,TT,TT,GG,CC,TT,TT,TT,CC,TT,TT,TT,AA,TT,GG,CC,AG,CC,CC,CC,GG,CC,AA,GG,AG,CC,TT,CG,GT,TT,GG,TT,AA,AA,NN,CC,GG,CC,CC,CC,GG,GG,AA,GG,TT,AA,AA,CG,GG,AT,NN,AA,AT,GT,TT,AA,AA,CG,GT,AA,CC,AT,TT,AA,GG,AA,TT,AA,TT,CC,TT,AC,AC,TT,GG,AA,CC,AG,CC,TT,CT,TT,GG,AT,AA,AC,AA,GG,CC,CC,GG,CC,GG,TT,AA,CC,GG,GG,CC,CC,AT,GG,CC,AA,CC,AA,AA,CC,CC,AC,TT,AA,GG,AA,AA,AA,AA,AG,AA,AA,NN,AT,GG,AC,AA,AA,AA,NN,NN,AG,GG,GG,CG,GT,AA,AA,TT,TT,TT,AG,AT,CG,GG,AA,5.32,Susceptible,Low,Poor,Early
L0500,Coimbatore,Tamil Nadu,Kharif,Red Loamy,Rainfed,650,29.5,68,AC,TT,GG,GG,GG,CC,GT,TT,CC,CG,AA,CC,CG,TT,TT,GG,GG,TT,TT,AA,CC,TT,NN,CT,TT,CC,GT,AT,GG,AA,TT,TT,AA,CC,GG,CG,GG,CC,GG,CC,TT,CT,AA,TT,AA,GG,TT,TT,CC,CC,GG,AA,AA,GG,CC,TT,AA,AA,GT,AC,AA,TT,TT,AA,CT,TT,CC,GG,TT,GG,AG,GG,CC,AA,NN,AA,TT,AG,TT,TT,GG,GG,GG,CC,TT,GG,AA,AA,CC,TT,CC,TT,CT,TT,TT,GG,TT,CC,GT,CC,CC,CC,GG,AA,TT,TT,CC,AG,AA,NN,CC,GG,TT,CC,TT,AA,AA,TT,CG,GG,CC,AG,CC,GT,CT,AA,CT,CC,AC,CC,AA,TT,CC,AA,CC,CC,AA,AT,AA,AA,GG,CC,CC,GG,AA,AA,AA,CC,GG,CG,CC,AA,AG,AA,TT,GG,AA,GT,CC,GG,CC,GT,TT,TT,CC,AT,TT,TT,AA,AT,CG,CC,AG,CC,CC,CC,GG,CC,AA,GG,AA,CC,TT,CC,GG,GT,CG,AT,AA,AA,TT,CC,CG,AA,CC,CC,GG,GG,AC,GG,NN,AC,AG,CG,GG,TT,AC,AA,AA,GG,GT,TT,AA,GG,GG,AA,CC,AT,TT,AA,GG,AA,TT,AA,TT,CC,TT,AA,AC,CT,GG,AG,CC,GG,CC,TT,CT,TT,GG,TT,AA,CC,AA,GG,CC,CG,GG,CC,GG,AT,AA,CC,TT,GG,CC,CC,AT,GG,CC,AA,CC,AA,AA,AC,CC,CC,TT,AA,GG,AA,AC,AC,AA,AG,AG,AG,AA,TT,GG,AC,AA,AC,AA,CT,AA,AA,GG,GG,GG,TT,AA,AG,TT,TT,TT,AA,TT,GG,CG,AC,1.33,Resistant,Low,Standard,Early
L0501,Coimbatore,Tamil Nadu,Kharif,Red Loamy,Rainfed,650,29.5,68,AC,TT,GG,GG,GG,CG,GG,TT,CC,CG,AA,CC,CG,AT,TT,GT,GG,TT,TT,AA,CG,TT,GT,CC,TT,CC,TT,AT,GT,AA,TT,CC,AG,CC,GG,CG,GG,CC,GG,CC,TT,CT,AA,GT,AA,AG,TT,TT,CC,AC,NN,AA,AA,GG,CC,TT,AA,AC,GT,AC,AA,TT,AA,AA,CT,AT,CC,GG,TT,GT,AA,GG,CC,AA,GG,AA,AT,GG,TT,TT,AG,GG,GG,CC,AA,GG,AG,AA,CC,GT,CC,TT,CT,TT,GG,GG,TT,CC,GG,CC,CT,CG,AG,AA,TT,TT,CC,AA,GG,AA,CC,GG,TT,CC,TT,AA,AA,TT,CG,GG,CC,GG,CT,GT,TT,AA,CT,CC,AC,CC,AA,TT,CC,AA,CC,CC,AA,TT,AA,AT,GG,CT,CC,AG,AA,AG,AT,CC,GG,CC,CG,AA,AA,GG,TT,AG,AC,GT,TT,GG,AC,TT,TT,TT,CG,AT,NN,TT,AA,TT,CG,CG,AA,CT,CC,CC,GG,CC,AA,GG,AG,CC,TT,CC,TT,GT,GG,AT,AA,AA,TT,CC,CG,AA,CC,CC,GG,GG,AA,GG,TT,AA,AA,CC,GG,AT,CC,AA,AT,GG,GT,AT,AT,NN,TT,AA,CC,TT,TT,AA,GG,AA,NN,AA,TT,CC,TT,AC,CC,TT,GG,AA,CC,AG,CC,TT,TT,GT,NN,TT,AA,CC,GG,GG,CG,CG,GG,CC,GG,AT,AA,CC,GT,AG,CC,CG,AA,GG,CC,AA,CC,AA,AA,AC,CC,CC,TT,AA,GG,NN,AA,AC,AA,GG,AG,AA,AA,TT,GG,AA,AG,CC,AA,TT,AG,AA,GG,GG,GG,TT,AA,AA,TT,AT,TT,GG,TT,GG,CG,AA,2.59,Susceptible,Medium,Poor,Medium
L0502,Coimbatore,Tamil Nadu,Kharif,Red Loamy,Rainfed,650,29.5,68,AA,TT,GG,AG,GG,CC,GT,TT,CC,CC,AA,CT,CC,NN,TT,GG,GG,TT,TT,AA,CC,TT,GG,CC,AT,CC,TT,TT,GG,AA,NN,CC,AA,CC,AG,GG,GG,CG,GG,NN,TT,CT,AA,TT,AA,NN,TT,TT,CC,CC,GT,AT,AA,GG,CC,GT,AA,AC,GT,AA,AA,GT,AT,AA,CT,TT,CC,GG,TT,GG,AA,GG,CC,AA,GG,AC,AA,GG,TT,TT,GG,GG,GG,CC,AA,GG,AA,AA,CC,GT,CC,TT,CT,TT,TT,GG,TT,CC,TT,CC,CT,CC,AG,AG,TT,GT,CC,AG,AG,AC,CC,GG,TT,CC,TT,NN,AC,TT,CC,AG,CC,GG,CT,GG,CT,AA,CT,CC,CC,CC,AA,TT,CC,AA,CC,CC,AA,TT,AA,AT,GG,CT,CC,AG,AG,AG,AA,CC,GG,CG,CC,AA,AA,GG,TT,AG,AA,GG,CC,GG,AC,GG,TT,CT,CG,AA,GT,TT,AA,TT,CG,CC,AA,CC,CC,CC,GG,CC,AA,GG,AA,CC,TT,CC,GG,TT,CG,TT,AA,AG,TT,CC,CG,AA,CC,CC,GG,GG,AA,GG,TT,AA,AA,CC,GG,AA,CC,AA,AA,GG,GT,AA,AT,CG,TT,AA,CC,TT,GG,AA,AG,AA,CT,AA,TT,CC,TT,AC,CC,CT,GG,AG,CC,AG,CC,TT,CT,GT,GG,NN,AA,AC,AA,TT,CC,CG,GG,CC,GG,AT,AA,CC,GG,GG,CC,CC,AA,GG,CC,AA,CC,AA,AG,CC,CC,AC,TT,AA,NN,AA,AC,AA,AA,AA,AA,AA,AG,TT,GG,AC,AA,CC,AA,TT,AG,AA,GG,GG,GG,TT,AT,AA,GT,TT,TT,AG,TT,GG,GG,AA,3.69,Susceptible,Low,Standard,Early
L0503,Coimbatore,Tamil Nadu,Kharif,Red Loamy,Rainfed,650,29.5,68,AC,TT,AG,AA,GG,CG,GG,TT,CC,CC,AA,CT,CC,TT,TT,GG,GG,TT,TT,AG,CC,TT,GT,CT,TT,CC,GG,NN,GT,AA,TT,CT,AA,CC,AG,CG,GG,CG,GG,CC,TT,CT,AA,TT,AG,AG,TT,AT,CC,AA,GG,AA,AA,GG,CT,TT,AA,AC,GT,AA,AA,TT,AT,AG,TT,AT,NN,GG,TT,GT,AA,GG,CC,AA,AG,AA,AA,GG,TT,TT,GG,GG,GG,CC,AT,GG,AA,AT,CC,TT,AA,TT,CC,TT,TT,GG,TT,CC,TT,CC,CT,CG,GG,AA,TT,TT,CG,AA,AA,CC,CT,GG,GT,CC,NN,AA,AA,TT,CG,GG,CC,GG,CC,GT,CT,AA,CC,CC,CC,CC,AA,TT,CC,AA,CC,CT,AA,TT,AA,AT,GG,CC,CC,GG,AA,AG,AT,CC,GT,CC,CC,AA,AA,GG,GT,GG,AA,TT,CT,GG,CC,GG,GG,TT,CC,AA,GT,TT,AA,TT,GG,CC,AA,CT,CC,CC,GG,CC,AA,GG,AA,CC,TT,CC,GG,TT,GG,TT,AA,AA,TT,AC,CC,AA,CC,CC,GG,GG,AA,GG,TT,AA,AA,CC,GG,NN,CC,AA,AT,GG,TT,AT,AT,GG,TT,AA,CC,TT,TT,AA,GG,AA,TT,CC,TT,CC,CC,AA,CC,CT,GG,AA,CC,GG,CC,TT,TT,TT,CG,AT,AA,AA,AG,GG,NN,CC,GG,CC,GG,AT,AG,CC,GT,GG,CC,CG,AA,GG,CC,AA,CC,AT,AA,AC,CC,CC,TT,AA,GG,AA,AA,AC,AA,AG,GG,AG,AA,TT,GG,AC,GG,AC,NN,TT,AA,AG,GG,GG,GG,TT,AA,AA,TT,TT,TT,AA,AT,GG,GG,AA,1.27,Susceptible,Low,Premium,Late
L0504,Coimbatore,Tamil Nadu,Kharif,Red Loamy,Rainfed,650,29.5,68,AA,TT,GG,AG,GG,CC,GG,TT,CC,CC,AA,CC,GG,TT,TT,GG,CG,TT,TT,AA,CC,GT,TT,CC,TT,CT,GT,TT,GG,AA,TT,CC,AA,AC,GG,CG,GG,GG,GG,CC,TT,TT,AC,GT,AG,GG,TT,AT,CC,CC,GG,AA,AA,GG,CC,TT,AA,AA,GG,AA,AA,TT,TT,AA,TT,TT,CC,GG,TT,GT,AG,GG,CC,AA,AG,AC,AT,GG,TT,TT,AG,GG,GG,CC,AA,GG,AA,AA,CC,TT,CC,TT,CC,AA,GT,GG,CT,CC,TT,CC,CC,CC,AA,AA,TT,GT,CC,AA,AA,AA,CT,GG,GT,CG,GG,AA,AC,TT,CC,AG,CC,AG,CC,GT,TT,AG,CC,CC,CC,CC,AA,TT,CC,AA,AC,CT,AA,TT,AA,AA,GG,CC,CC,GG,AG,AA,AA,AC,NN,CC,CC,AG,AG,AG,TT,GG,AA,GT,TT,GG,CC,TT,TT,TT,CC,AA,NN,TT,NN,TT,GG,CC,AA,CC,CC,CC,GG,CC,AA,GG,AG,CC,TT,CC,GG,GT,GG,AT,AA,AA,TT,NN,GG,AC,AC,CC,GG,GG,AC,GG,TT,AC,AA,CC,GG,AA,AC,AA,AA,GG,GT,AA,AA,GG,GT,TT,CC,AT,TT,AA,GG,AA,CT,AA,TT,CC,TT,CC,CC,TT,CC,AG,NN,AG,CC,TT,CT,GG,GG,TT,AA,CC,NN,GT,CC,GG,CG,CC,GT,TT,AA,CG,TT,NN,CC,CG,AA,GG,CG,AA,CG,AA,AG,CC,CC,AC,AT,AG,GG,AA,AA,NN,AA,AG,GG,AA,AA,TT,GG,AA,AG,AC,AA,CT,AG,AA,GG,GG,CG,TT,AA,AA,TT,TT,AT,AA,AT,GG,CG,CC,4.05,Resistant,High,Premium,Early
L0505,Coimbatore,Tamil Nadu,Kharif,Red Loamy,Rainfed,650,29.5,68,AC,CT,GG,AG,CG,CC,GG,TT,CC,CC,AA,CC,CG,TT,TT,GT,GG,TT,TT,AA,CG,TT,TT,CC,TT,CC,TT,TT,GG,AA,TT,CC,AA,CC,GG,CG,GG,CC,GG,CC,TT,CC,AC,TT,AG,GG,TT,TT,CC,AC,GG,AA,AA,GG,CC,TT,AA,AC,GT,AC,AA,GT,AT,AG,TT,TT,CC,GG,TT,TT,AA,GG,CC,AA,GG,AC,AA,GG,GT,TT,GG,GT,GG,CC,AA,GG,AA,AA,CC,GT,NN,TT,CT,AT,TT,AG,TT,CC,GT,CC,CT,CC,AG,AA,AT,TT,CG,AA,AA,AA,CC,GG,TT,CG,TT,AC,AA,TT,CG,GG,CG,GG,CC,GG,CT,AA,CC,CC,CC,CC,AA,TT,CC,AA,CC,CT,AA,TT,AA,AT,GG,CC,CG,GG,AA,AG,AA,CC,GG,CC,CC,AA,AG,GG,TT,AG,AA,TT,CT,GG,AC,TT,GT,TT,CG,AA,TT,CT,AA,TT,GG,CG,AA,CC,CC,CC,GG,CC,AA,AG,AG,CC,TT,CC,GG,TT,CG,TT,AA,AA,GT,AC,CG,AA,CC,CC,GG,GG,AA,GG,CT,AA,AA,CC,GG,AA,AC,AA,AA,GG,TT,AT,AA,GG,GT,AA,CC,AT,GT,AA,GG,AA,TT,AA,TT,CG,TT,AA,CC,CT,GG,AA,CG,GG,CC,TT,TT,TT,GG,TT,AA,AC,AA,GG,CC,CC,GG,CC,GG,TT,AG,CC,GT,GG,CC,CC,AT,GG,CG,AT,CG,AA,AA,AC,CC,AA,TT,AA,CG,AA,AC,AC,AA,AG,AA,AA,AA,TT,GG,AA,AG,CC,CC,CT,AA,AG,GG,GG,GG,TT,AT,NN,TT,TT,TT,AA,TT,GG,GG,AA,4.16,Resistant,Low,Premium,Early
L0506,Coimbatore,Tamil Nadu,Kharif,Red Loamy,Rainfed,650,29.5,68,AA,CT,GG,AA,GG,CC,GG,TT,CC,CG,AT,CT,CC,TT,TT,GT,CG,TT,NN,AA,CG,TT,GG,CC,TT,NN,TT,TT,NN,AA,TT,CC,AA,CC,AG,GG,GG,CC,GG,CC,TT,CT,AA,TT,AA,AG,TT,TT,CC,AC,GG,AT,AA,GG,CC,GT,AA,AC,TT,AA,AA,TT,TT,AA,TT,TT,CC,GG,TT,GG,GG,GG,CC,AA,GG,AC,AA,GG,TT,TT,GG,GG,GG,AC,AT,GG,AA,AA,CC,GT,CC,TT,CT,TT,TT,GG,TT,AC,GT,CC,CC,GG,AG,AA,TT,TT,CG,AA,AA,AA,CT,GG,TT,CC,GT,AC,AA,TT,CG,AG,CC,GG,NN,NN,TT,AA,CC,CC,CC,CG,AA,TT,CC,AA,CC,CC,AA,TT,AA,AA,GG,CC,CC,AG,AA,AA,AA,AC,GG,CC,CC,AA,AG,AG,TT,GG,AA,GT,TT,AG,AA,TT,TT,CT,CG,AT,GT,TT,AA,AT,GG,CC,AA,NN,CC,CC,GG,CC,AA,GG,GG,CC,TT,CC,GG,GT,CG,AT,AA,AA,GT,CC,GG,AC,AC,CC,GG,GG,AC,CG,TT,AC,AA,CC,GG,AT,AC,AA,AT,GG,NN,TT,AA,GG,GT,TT,CG,TT,GT,AA,GG,AA,TT,AA,TT,CC,TT,AC,CC,TT,GG,AG,CC,AG,AC,AT,TT,GG,GG,TT,AA,AC,AA,GG,CC,CC,GG,CC,GG,AT,AA,CC,TT,GG,CC,CC,AA,GG,CC,AT,CC,AA,AA,AC,CC,CC,TT,AA,CG,AA,AA,AA,AA,AG,AA,AG,AG,TT,GG,AC,AA,AC,CC,CT,AG,AA,GG,GG,GG,TT,TT,AA,TT,TT,TT,AA,TT,GG,GG,AC,3.54,Resistant,Medium,Poor,Medium
L0507,Coimbatore,Tamil Nadu,Kharif,Red Loamy,Rainfed,650,29.5,68,CC,CT,AG,AA,GG,CC,TT,AT,CC,CC,AA,CC,CG,TT,TT,GG,GG,TT,TT,AA,CG,GT,GT,CT,TT,CC,TT,AA,GG,AA,CT,CC,AA,CC,GG,GG,GG,CG,GG,CC,TT,TT,AA,TT,AG,AG,TT,TT,CC,AC,GG,AA,AA,GG,CC,TT,AA,AC,GT,AC,AA,GT,AT,AA,TT,AT,CC,GG,TT,GG,AA,GG,CC,AA,GG,CC,AA,AG,TT,TT,AG,GT,GG,CC,AT,GG,AG,AT,CC,TT,CC,TT,CC,AT,TT,GG,TT,AC,TT,CC,CT,CC,AG,AA,TT,TT,CC,AA,AA,AA,NN,GG,TT,CC,TT,AC,AC,TT,CG,GG,CC,AG,CC,TT,TT,AA,CC,CC,AC,CC,AA,TT,CC,AA,CC,CT,AA,TT,AA,AA,GG,CC,CC,GG,AA,AA,AT,CC,GG,CC,CC,AA,AG,GG,GT,GG,AA,TT,CT,AG,CC,GT,TT,TT,CC,AA,GG,TT,AT,TT,GG,CC,AA,CC,CC,CC,GG,AC,AA,GG,AA,CC,TT,CG,GG,TT,CC,AA,AA,AG,TT,CC,GG,AA,NN,CC,GG,GG,AC,GG,TT,AA,AG,CC,GG,AA,CC,AA,AA,GG,TT,AT,AA,CG,GT,AA,CC,TT,GG,AA,GG,AA,CT,AA,TT,CC,TT,AA,AC,TT,GG,AA,NN,AA,AC,TT,CT,GT,GG,TT,AA,CC,AA,GG,CC,CC,GG,CC,GG,TT,AA,CG,TT,GG,CC,CC,AA,AG,CC,AT,CC,AT,AA,AC,CC,AC,TT,AA,GG,AA,AA,AC,AC,GG,AA,AA,AA,AT,GG,AA,AG,AC,AC,CT,AA,AA,GG,GG,GG,TT,AA,AA,TT,TT,TT,NN,TT,GG,GG,AA,4.46,Susceptible,Low,Standard,Late
L0508,Coimbatore,Tamil Nadu,Kharif,Red Loamy,Rainfed,650,29.5,68,CC,CT,GG,AA,GG,CC,GG,TT,CC,CG,AA,CC,CG,TT,TT,GG,GG,TT,TT,AG,NN,TT,GT,CC,TT,CC,TT,TT,GT,AA,TT,CC,AA,CC,GG,GG,GG,CC,GG,CC,TT,TT,AA,GT,AG,AG,TT,TT,CC,AA,TT,AA,AA,GG,CT,TT,AT,AC,GG,AC,AA,GT,TT,AG,TT,AA,CC,GG,NN,GG,AA,GT,CC,AA,AG,AA,AA,GG,TT,TT,GG,GT,GG,CC,AT,GG,AA,AA,CC,GT,AC,TT,CC,TT,TT,GG,CT,CC,GG,TT,CC,CC,AG,AA,TT,TT,CG,AA,AG,AA,TT,GG,TT,CC,GT,AA,AA,TT,CC,AG,CC,AG,TT,GG,TT,AA,CC,CC,CC,CC,AA,GT,CC,AA,CC,CC,AA,TT,AA,AA,GG,CC,CC,GG,AA,AG,AA,CC,GG,CC,CC,AA,AG,AG,TT,GG,CC,TT,TT,GG,CC,TT,TT,TT,CG,AA,GT,TT,AA,TT,GG,CC,AA,CT,CC,CC,CG,CC,AA,GG,GG,CC,TT,CC,GG,GT,GG,AA,AA,AA,TT,CC,GG,AA,CC,CC,GG,GG,CC,GG,TT,AA,AA,CC,GG,AT,CC,AT,AT,GG,TT,TT,AA,CG,GG,AA,CC,TT,GT,AA,NN,AA,CT,AA,TT,NN,TT,AA,CC,CT,GG,AG,NN,AG,CC,TT,CT,TT,GG,AT,AA,CC,AG,GG,CC,CC,GG,CC,GG,TT,AG,CC,TT,GG,CC,CC,AA,GG,CC,AA,CC,AA,AA,CC,CG,AC,TT,NN,GG,AA,AA,AC,AA,AG,AA,AG,AG,TT,GG,AA,AA,CC,AC,CT,AA,AA,GG,AG,CG,TT,AT,AG,GT,TT,TT,AA,AT,GG,GG,AC,4.5,Resistant,High,Poor,Medium
L0509,Coimbatore,Tamil Nadu,Kharif,Red Loamy,Rainfed,650,29.5,68,AA,TT,GG,AG,GG,CG,GG,TT,CC,CC,AT,CC,CG,AT,TT,GG,NN,TT,TT,AA,CC,TT,TT,CC,TT,CC,TT,TT,GG,AA,TT,CT,AA,CC,GG,GG,GG,CC,GG,CC,TT,CT,AC,TT,AG,AG,TT,AT,CC,AC,GT,AA,AA,GG,CC,TT,AA,AA,GT,AA,AG,GT,NN,AG,TT,TT,CC,GG,TT,GG,GG,GG,AC,AA,GG,AC,TT,AG,TT,TT,GG,GG,GT,CC,AA,GG,AA,AA,CC,TT,CC,GT,CC,TT,TT,AG,TT,CC,GT,CT,CT,CC,AA,AA,TT,TT,CC,AA,AG,AA,CC,GG,TT,CC,GT,AC,AC,TT,CC,GG,CC,GG,CC,GT,TT,AA,CC,CC,CC,CC,AA,TT,CC,AA,CC,CC,AA,AT,AA,AA,GG,CT,CC,GG,AA,AG,AA,CC,GT,CC,CC,AG,AG,GG,GT,AG,AC,TT,TT,GG,AC,GT,TT,CT,CC,AT,GG,TT,AA,TT,GG,CC,GG,CT,CC,CC,CC,CC,AT,GG,GG,CC,TT,CG,TT,GG,CG,AT,AA,AA,GT,CC,GG,AA,AC,CC,GG,GG,AC,GG,CT,AC,NN,CG,TT,AA,AC,AA,AA,GG,GT,AT,AA,GG,GG,AT,CC,TT,GT,AA,GG,AA,CT,AA,TT,CC,CT,AA,CC,TT,GG,AG,CG,AG,CC,TT,TT,TT,GG,TT,AC,AA,AG,NN,CC,CG,GG,CC,GG,TT,AA,CC,TT,GG,CC,CG,AA,AG,CC,TT,CG,AA,AA,AC,CC,CC,TT,AA,GG,AA,AA,AA,AA,AA,GG,AA,AA,TT,GG,AA,AA,AC,AA,TT,AG,AG,GG,GG,GG,TT,AA,AA,TT,TT,TT,AG,TT,GG,GG,AA,3.64,Susceptible,Medium,Poor,Early
L0510,Coimbatore,Tamil Nadu,Kharif,Red Loamy,Rainfed,650,29.5,68,AA,CT,AG,AA,GG,CC,GG,TT,CC,CC,AA,CC,CG,TT,TT,GG,GG,TT,TT,AG,CC,GT,TT,CC,TT,CC,TT,TT,GG,AA,TT,CC,AA,CC,GG,GG,GG,CC,GG,CC,TT,CT,AA,TT,AA,AG,CT,AT,CC,CC,GG,TT,AG,GG,CT,TT,AT,AC,GT,AA,AG,TT,AA,AG,TT,TT,CC,NN,TT,GG,AA,GG,CC,AA,AG,AA,AA,GG,TT,TT,GG,GG,GG,CC,AA,GG,AA,AA,CC,TT,AC,TT,CT,AT,GT,GG,TT,CC,TT,CC,CC,CG,GG,AA,TT,TT,CC,AA,AA,AC,CC,GG,TT,CG,GT,NN,AC,AT,CG,AG,CG,GG,CC,GG,TT,AG,CT,CC,AC,CC,AA,TT,CC,AA,CC,CT,AA,TT,AA,AA,CG,CT,CC,GG,AA,AA,AA,CC,GG,NN,CC,AA,AG,AG,TT,AG,AC,TT,TT,GG,AC,TT,GT,TT,CC,AT,GG,TT,AA,TT,GG,CG,AA,CT,CC,AC,CG,CC,AA,GG,AG,CC,TT,CC,GG,TT,GG,AT,AA,AA,TT,CC,GG,AC,CC,CC,GG,GG,AC,GG,TT,AC,AA,CC,GG,AT,AC,AA,AA,GG,TT,TT,AA,GG,GG,AA,CG,TT,GG,AA,GG,AA,CT,AA,TT,CC,TT,AA,AC,TT,GG,AA,CC,AG,AC,TT,CT,TT,GG,TT,AA,CC,AA,GG,CC,CG,GG,CC,GG,TT,AA,CG,TT,GG,CC,CC,AA,NN,CC,AA,CC,AA,AA,AC,CC,AC,TT,AA,GG,AA,AA,AA,AA,AA,AA,AA,AA,TT,GG,AA,AA,AC,AA,TT,AA,AA,GG,GG,CG,GT,AA,AA,TT,TT,TT,AA,TT,GG,CG,AA,1.58,Susceptible,Medium,Poor,Early
L0511,Coimbatore,Tamil Nadu,Kharif,Red Loamy,Rainfed,650,29.5,68,AC,TT,AG,AA,GG,CC,GG,AT,CC,CC,AA,CC,CC,AT,TT,GT,GG,TT,TT,AA,CG,TT,GG,CC,NN,CC,TT,TT,GG,AA,TT,CC,AA,CC,GG,GG,GG,CC,GG,CC,TT,CC,AA,GT,AA,GG,TT,AT,CC,CC,TT,AA,AG,GG,CC,TT,AA,NN,GT,AC,AG,TT,TT,AA,TT,AT,CC,GG,TT,GG,AA,GG,AC,AA,GG,AC,AT,GG,GT,TT,AG,GG,GG,CC,TT,GG,AA,AA,CC,GT,CC,GT,CC,TT,TT,GG,TT,CC,TT,CC,CT,CC,GG,AA,TT,GT,CC,AA,AG,AA,CT,GG,TT,NN,TT,AA,AA,AT,CC,AG,NN,AG,CC,GG,TT,AG,CC,CC,CC,CC,AG,GT,CC,AA,CC,CC,AA,AT,AA,AA,GG,CC,CC,GG,AA,GG,AA,CC,GT,CC,CG,AA,AG,GG,GT,GG,AA,TT,TT,GG,AC,TT,TT,CT,CC,TT,TT,TT,AA,TT,GG,CG,AG,CT,CC,CC,GG,CC,AA,GG,AG,CC,TT,CC,GT,TT,CG,TT,AA,AA,TT,CC,GG,AA,CC,CC,GG,GG,AA,GG,TT,AC,AA,CC,GT,AA,CC,AA,AT,GT,TT,AT,AA,CG,GT,AA,CG,AA,GT,AA,GG,AA,CT,AA,TT,CC,TT,AA,AC,CT,GG,AG,CC,GG,CC,TT,TT,TT,GG,TT,AA,AC,AA,GT,CC,CC,GG,CC,GG,TT,AA,CC,GG,GG,CC,CG,AA,AA,CC,AT,CC,AA,AA,CC,CC,AC,TT,AA,GG,AA,AA,AC,AC,GG,AA,AG,AA,TT,GG,AA,NN,CC,AA,TT,AG,AA,CG,GG,GG,TT,AT,AA,TT,TT,TT,AA,AT,GG,GG,AA,1.84,Susceptible,Medium,Standard,Early
L0512,Coimbatore,Tamil Nadu,Kharif,Red Loamy,Rainfed,650,29.5,68,AC,TT,GG,AA,GG,CC,GG,TT,CC,CG,AA,CC,CG,AT,GT,GT,CG,NN,AT,AA,CC,TT,GT,CC,TT,CC,GT,AT,GG,AA,TT,CC,AA,CC,GG,CG,GG,CC,GG,CC,TT,CT,AA,GT,AA,GG,TT,AT,CC,AC,GG,AT,AA,GG,CC,TT,AA,AA,GT,AC,NN,TT,TT,AG,CT,TT,CC,GG,TT,GG,AA,GG,CC,AA,GG,AC,AT,GG,GT,TT,GG,GG,GG,NN,AA,GG,AG,AA,CC,GG,CC,NN,CT,TT,GT,GG,TT,CC,TT,CC,CT,CG,GG,AA,TT,TT,CC,AA,GG,AA,CT,GG,TT,CG,TT,AA,AA,TT,CC,GG,NN,AG,CC,GG,CT,AG,CT,CC,CC,CC,AG,TT,CC,AA,CC,CC,AA,TT,AG,AT,GG,CC,CC,GG,AA,AG,AA,CC,GT,CC,CC,AA,AG,GG,TT,GG,AC,TT,TT,GG,AA,TT,TT,TT,CC,TT,TT,TT,AT,TT,GG,CC,AA,CT,NN,AC,CC,CC,AA,GG,AG,CC,TT,CC,GT,GT,CG,TT,NN,AA,TT,AC,GG,AA,CC,CC,GG,GG,AC,GG,TT,AC,AA,CC,GG,AA,AA,AA,AA,GG,TT,AT,AA,CG,GG,AA,CC,TT,TT,AA,GG,AG,CT,AA,TT,CC,CT,AA,CC,CT,CG,GG,CC,AG,CC,NN,TT,TT,GG,TT,AA,CC,AG,GG,CC,CC,GG,CG,GG,TT,AA,CC,GT,GG,CC,CC,AA,GG,CC,AT,CC,AA,AA,NN,CC,AC,TT,AA,GG,AA,AC,AC,AA,AG,AG,AA,AA,AT,GG,AA,AG,AC,CC,CT,AA,AG,GG,GG,GG,TT,AT,AA,GT,TT,TT,AA,TT,GG,GG,AA,3.2,Moderate,Medium,Poor,Late
L0513,Coimbatore,Tamil Nadu,Kharif,Red Loamy,Rainfed,650,29.5,68,AC,TT,GG,GG,GG,CC,GG,TT,CC,CG,AA,CT,GG,AT,TT,GG,CG,TT,TT,AA,CC,GT,GT,CT,TT,CC,GT,TT,GG,AA,TT,CC,AA,CC,GG,GG,GG,CC,GG,CC,TT,TT,AA,TT,AA,GG,TT,TT,CC,CC,GG,AA,AA,CG,CT,TT,AT,AC,GT,AA,AA,GT,AT,AG,TT,TT,CC,GG,TT,GG,AG,GG,CC,AA,GG,AA,AT,AG,TT,TT,GG,TT,GT,CC,AA,GG,AA,AA,CG,TT,CC,TT,CT,TT,GT,GG,TT,CC,GT,CC,CC,CG,GG,AA,TT,TT,CG,AA,AG,AC,CT,GG,TT,CC,TT,CC,AA,TT,CC,GG,CC,GG,CC,GT,CC,AG,CC,CC,CC,CC,AA,TT,CC,AA,CC,CC,AG,TT,AA,AA,GG,CC,CC,GG,AA,AG,AT,CC,GG,CC,CG,AA,AG,GG,TT,GG,AC,TT,CT,GG,AC,TT,TT,TT,CC,AT,GT,CT,AT,TT,CG,CC,AA,TT,AC,CC,GG,CC,AA,GG,AG,CC,TT,CC,GG,TT,GG,AT,AA,AG,TT,CC,GG,AA,CC,CC,GG,GG,AA,GG,TT,AC,AA,CC,GG,AA,CC,AA,TT,GT,GT,AT,AT,GG,TT,AT,CG,NN,GT,AA,GG,AA,CT,AA,TT,CC,TT,AA,CC,TT,GG,AG,CG,AG,CC,TT,TT,TT,GG,TT,AA,AC,AA,GG,CC,CG,GG,CC,GG,TT,AA,CG,GT,GG,CC,CC,AT,GG,CG,AT,CC,AA,AA,CC,CG,AC,TT,AG,CG,AA,AA,AC,AA,GG,AA,AA,AA,TT,GG,AA,AA,AC,AC,CT,AA,AG,CG,GG,GG,TT,AA,AA,GT,TT,TT,AG,NN,NN,GG,AA,1.44,Susceptible,Low,Standard,Medium
L0514,Coimbatore,Tamil Nadu,Kharif,Red Loamy,Rainfed,650,29.5,68,AA,TT,GG,AA,GG,CC,GT,TT,CC,CG,AA,CC,CC,TT,NN,GT,GG,TT,TT,AA,CC,GT,TT,CT,TT,CC,GT,TT,GG,AA,TT,TT,AA,CC,GG,GG,GG,CG,GG,CC,TT,TT,AA,TT,AA,GG,TT,TT,CC,AC,GT,AT,GG,GG,CT,TT,AA,AC,GT,AC,AA,TT,AT,AA,TT,TT,CC,GG,TT,GT,AG,GG,CC,AA,AG,AC,TT,GG,TT,TT,GG,GG,GG,CC,AT,GG,AA,AT,CC,GT,CC,TT,CC,AT,GT,GG,CT,CC,GT,CC,CC,NN,AG,AA,TT,GT,CC,AA,AG,AA,CT,GG,TT,CC,GT,AA,AA,TT,CG,AG,CC,GG,CT,GG,TT,AA,CC,CC,CC,CC,AA,TT,CC,AA,CC,CC,AA,TT,AA,AT,CG,CC,CC,GG,AA,AG,AA,CC,GG,CC,CC,AG,GG,GG,TT,AG,AA,TT,CT,NN,CC,TT,TT,TT,NN,AT,TT,TT,AA,TT,CG,CC,AG,CT,CC,CC,GG,CC,AA,GG,AG,CC,TT,CG,GT,TT,CG,AA,AA,AG,TT,AA,GG,AA,CC,CC,GG,GG,AA,GG,TT,AA,AA,CC,GG,AT,AC,AA,AT,GG,GT,AT,AA,CG,GT,AA,CC,AT,GT,AT,GG,AA,TT,AC,TT,CC,TT,AA,CC,TT,GG,AA,CC,GG,CC,TT,TT,GT,GG,TT,AA,AC,AA,GT,CC,GG,GG,CG,GG,NN,AA,CG,GT,GG,CC,CC,AA,AG,CC,AA,CC,AT,AA,AA,NN,AC,TT,AA,GG,AA,AA,NN,AA,AG,AG,AA,AA,TT,GG,AC,AA,AC,AA,TT,AA,AA,GG,GG,GG,GT,AA,AA,GT,TT,TT,AG,AT,GG,GG,AA,3.26,Susceptible,Medium,Premium,Early
L0515,Coimbatore,Tamil Nadu,Kharif,Red Loamy,Rainfed,650,29.5,68,AA,TT,GG,AA,CG,CC,TT,AT,CC,CC,AA,CT,CC,AT,TT,GG,GG,TT,TT,AA,CC,GT,TT,CC,TT,CC,GT,TT,GG,AA,TT,CC,AA,CC,GG,GG,GG,CG,GG,CC,TT,NN,AC,GT,AG,AG,TT,TT,CG,AC,GG,AA,AG,GG,CC,TT,AA,CC,GT,AA,AA,TT,TT,AA,CT,TT,CC,GG,TT,GT,AA,GG,CC,AG,AG,CC,TT,GG,TT,TT,GG,GT,GG,CC,AA,AG,AA,AA,CC,TT,CC,TT,CT,TT,GT,AG,NN,CC,GT,CC,CC,CG,GG,AA,TT,TT,NN,AA,AA,AA,CC,GG,TT,CC,TT,AA,AA,AT,CC,GG,CC,GG,CC,GG,CT,AA,CC,CC,CC,CC,AA,TT,CC,AA,CC,CC,AA,TT,AA,AT,CC,CC,CC,AG,AA,AG,AA,CC,GG,NN,CC,AA,AA,NN,TT,GG,AA,TT,CT,AG,CC,TT,TT,TT,CG,AT,TT,TT,AA,AT,GG,CC,AA,CC,AC,AC,GG,CC,AA,GG,AG,CC,TT,CC,GG,TT,GG,AT,AA,AA,TT,AC,CG,AA,CC,CC,GG,GG,NN,GG,TT,AA,AA,CC,GG,AA,AC,AA,TT,TT,TT,AT,AT,CG,GT,AA,CC,AA,TT,AA,GG,AA,CT,AA,TT,CC,CT,AA,CC,TT,CG,AA,CC,AG,CC,TT,TT,GT,GG,TT,AC,AC,AA,GG,CC,CG,GG,CC,GG,AT,AA,CC,TT,GG,CC,CC,AT,GG,CG,AA,CC,AT,AA,AC,CG,AA,TT,AA,GG,AA,AC,AA,AA,AG,NN,AG,AA,TT,CG,AC,AA,CC,AC,TT,AA,AA,GG,GG,GG,TT,AA,GG,GG,TT,TT,AA,AT,GG,GG,AA,3.62,Moderate,Low,Premium,Early
L0516,Coimbatore,Tamil Nadu,Kharif,Red Loamy,Rainfed,650,29.5,68,CC,TT,GG,AG,GG,CC,GG,AT,CC,CG,AA,CT,CG,AT,TT,GT,GG,TT,TT,AA,CC,TT,GT,CC,NN,CC,TT,TT,GG,AC,CT,CC,AA,CC,GG,CG,GG,CC,GG,CC,TT,CT,AA,GT,NN,GG,TT,TT,CC,AC,GT,AA,AA,GG,CC,TT,AA,NN,GT,AC,AG,TT,AT,AA,TT,TT,CC,GT,TT,GG,AG,GT,CC,AG,GG,AA,AA,AG,GT,TT,GG,GT,GT,CC,AA,GG,AA,AA,CC,GT,CC,TT,CC,AT,GG,NN,TT,CC,TT,CC,TT,CG,GG,AG,AT,TT,CC,AA,AG,AC,CT,GG,TT,CG,GT,AA,AA,TT,CG,AG,CG,GG,CC,GG,CT,AA,CT,CC,CC,CC,AA,TT,CC,AA,CC,CC,AA,AT,AA,AA,GG,CC,CC,GG,AA,AG,AT,CC,GG,CC,CC,AA,AG,GG,NN,GG,AC,GT,TT,GG,AC,TT,TT,TT,CG,AA,TT,TT,AA,TT,GG,CC,GG,CT,CC,CC,GG,CC,NN,GG,GG,CC,TT,CC,TT,GT,CG,TT,AA,AA,TT,CC,GG,AA,CC,CC,GG,GG,AC,GG,TT,AC,AA,CC,GG,AT,NN,AA,AA,GT,TT,AA,AT,GG,NN,TT,CC,TT,TT,AA,GG,AA,CC,AA,TT,CG,TT,AA,CC,TT,CG,AG,CC,AA,CC,TT,TT,GT,GG,TT,AA,CC,AA,GG,CC,CC,GG,CG,GG,TT,AA,CG,GT,GG,CC,CC,AA,GG,CC,AT,CC,AA,AA,CC,NN,AC,TT,AA,GG,AA,CC,AC,AA,AG,AA,AG,AA,TT,GG,AC,AA,AC,AA,TT,AG,AA,CG,GG,GG,TT,AA,AG,TT,TT,TT,GG,AT,GG,GG,AA,1.81,Moderate,High,Standard,Early
L0517,Coimbatore,Tamil Nadu,Kharif,Red Loamy,Rainfed,650,29.5,68,AC,TT,GG,NN,GG,CC,TT,TT,CC,CG,AA,CC,CC,TT,TT,GT,CG,TT,TT,NN,CG,GT,GG,CT,TT,CC,TT,TT,GG,AA,TT,CC,AA,CC,AG,CG,GG,CC,GG,CC,TT,CC,AA,TT,AA,NN,TT,TT,CG,CC,GT,AT,AA,GG,CC,GG,AA,AA,GT,CC,AA,TT,AA,AG,CT,TT,CC,GG,TT,GG,AA,NN,CC,AA,AG,CC,AA,GG,TT,NN,GG,GT,GT,CC,AA,GG,AA,AT,CC,GT,CC,GT,CC,TT,GT,AG,TT,CC,GT,CC,TT,GG,GG,AG,TT,TT,CC,AA,GG,AA,CT,GG,TT,CC,TT,AA,AA,TT,CC,AG,CC,GG,CC,NN,TT,AA,CT,CC,CC,CG,AA,TT,CC,AA,CC,CC,AA,TT,AG,AA,GG,CT,NN,GG,AA,NN,AA,AC,GG,CC,CC,AG,AG,GG,TT,GG,AC,TT,TT,GG,AC,GT,GG,TT,CC,AT,GT,TT,AA,TT,GG,CC,AG,CC,AC,AC,CG,CC,AA,GG,AG,CC,TT,CC,GT,GT,GG,AT,AA,AA,TT,AC,GG,AA,AC,CC,GG,GG,AA,GG,TT,AA,AG,CC,GG,AT,CC,AA,AA,GG,GT,AT,AT,CC,GT,AT,CG,TT,GT,AA,GG,AA,CT,AA,TT,CC,TT,AC,CC,TT,GG,AG,CC,AG,AC,TT,TT,GT,GG,TT,AA,CC,AA,GG,CC,CG,GG,CG,NN,AT,AG,CC,TT,GG,CC,CC,AA,GG,CC,AA,CC,AA,AA,CC,CG,CC,TT,AA,GG,AA,AA,AC,AA,AG,AA,AA,AA,NN,CG,AA,AA,CC,AA,CT,AA,AA,GG,GG,GG,TT,AA,AA,GT,TT,NN,AG,TT,GG,GG,AA,1.58,Moderate,Low,Standard,Late
L0518,Coimbatore,Tamil Nadu,Kharif,Red Loamy,Rainfed,650,29.5,68,AC,CT,GG,GG,GG,CC,GT,TT,CC,CC,AA,CC,CC,TT,TT,GG,GG,AT,TT,AA,CC,TT,TT,CC,TT,CC,TT,TT,GG,AA,TT,CT,AA,CC,GG,CG,GG,CG,GG,CC,TT,CT,AA,TT,AA,GG,TT,TT,CC,AA,GG,AA,AG,GG,CC,TT,AT,CC,TT,AA,AG,GT,AA,AA,CT,AT,NN,GG,TT,GG,AG,GG,CC,AA,AG,AC,AA,AG,TT,TT,GG,GG,GG,CC,AA,GG,AA,AA,CC,GG,CC,TT,CT,TT,TT,GG,CT,CC,GT,CC,CT,CG,AG,AA,TT,TT,CC,AA,AG,AA,CT,GG,TT,CC,GT,AA,AA,TT,CC,GG,CC,GG,CC,GG,CT,AA,CT,CC,CC,CC,AA,TT,CC,AA,CC,CC,AA,TT,AA,AT,GG,CC,CC,GG,AG,AG,AA,CC,GG,CC,CC,AA,AG,GG,TT,GG,AA,GT,CT,GG,CC,GT,TT,TT,CC,AT,TT,TT,AA,TT,GG,CG,AA,CC,AC,CC,CG,CC,AA,GG,AG,CC,TT,CC,GT,TT,GG,AT,AA,AA,TT,CC,GG,AC,CC,CC,GG,GG,AA,GG,TT,AA,AA,CC,GG,AA,AC,NN,AT,GG,TT,AT,AA,GG,GG,AA,CG,AA,TT,AA,GG,AA,CT,AC,TT,CC,NN,AA,CC,TT,GG,AA,CC,AG,CC,TT,CT,GT,GG,TT,AA,AA,AG,GG,CC,CG,GG,CC,GG,TT,AA,CC,GT,GG,CC,CC,AA,GG,CC,AT,CC,AA,AA,NN,CG,AA,TT,NN,GG,AA,AA,AA,AA,GG,AA,AA,NN,AT,GG,AA,AG,CC,AA,CT,AA,AG,GG,GG,GG,TT,AT,AA,TT,TT,TT,AA,AT,GG,GG,AA,3.38,Susceptible,Low,Premium,Early
L0519,Coimbatore,Tamil Nadu,Kharif,Red Loamy,Rainfed,650,29.5,68,AC,TT,GG,GG,GG,CC,GG,TT,CC,CC,AT,CC,CC,AT,TT,GT,GG,TT,TT,AA,CC,TT,TT,CC,TT,CC,TT,TT,GG,AA,TT,CC,AA,CC,GG,GG,GG,GG,GT,CC,TT,CC,AA,NN,AA,AG,TT,TT,CC,AC,GT,AA,AA,GG,CT,GT,AA,AA,GG,AA,AG,GT,TT,AG,TT,AT,CC,GG,CT,GT,AA,GT,CC,AG,AG,AC,TT,GG,GT,TT,AG,GT,GG,CC,AA,GG,AA,AA,CC,TT,CC,TT,CT,AT,GT,GG,TT,CC,GT,CC,CT,CC,AA,AA,TT,TT,CG,AA,AG,AA,CC,GG,TT,CC,GT,AA,AA,TT,GG,AG,CC,GG,CC,GG,CT,NN,CC,CC,CC,CG,AG,TT,NN,AA,CC,CC,AA,TT,AA,AA,GG,CT,CC,GG,AA,AG,AA,CC,GG,CC,CC,AA,AG,GG,TT,AG,AA,TT,CC,GG,AC,TT,TT,TT,GG,TT,NN,TT,AA,AA,GG,CC,AA,CC,CC,AC,CG,AC,AA,GG,AG,CC,TT,CC,GG,TT,GG,AT,AA,AA,TT,AC,GG,AA,CC,CC,GG,GG,AA,GG,CT,AC,AA,CC,GG,AA,CC,AA,AA,GT,GT,TT,AA,CG,GT,AT,CC,TT,GT,AA,GG,AA,TT,AA,TT,CC,TT,AA,NN,TT,GG,AA,CG,AG,CC,AT,CT,TT,GG,TT,AA,AA,AA,GG,CC,CG,GG,CC,GG,TT,AA,CG,TT,GG,CC,CC,AT,GG,CC,AA,CC,AA,AG,AC,CC,AC,TT,AA,GG,AT,AA,AC,AA,AG,NN,AG,AA,TT,GG,AA,AA,CC,AA,CT,AA,AA,GG,GG,GG,TT,AA,AA,TT,TT,TT,AA,AA,GG,GG,AA,3.22,Susceptible,Low,Poor,Early
L0520,Coimbatore,Tamil Nadu,Kharif,Red Loamy,Rainfed,650,29.5,68,CC,TT,GG,AG,GG,CC,GG,TT,CC,CC,AA,CT,CC,TT,TT,GG,CG,TT,TT,AA,CC,TT,GT,CC,TT,CC,TT,TT,GT,AA,NN,CC,AA,NN,GG,GG,GG,CG,GG,CC,TT,CT,AA,GT,AA,AA,TT,TT,CC,AC,GT,AT,AA,NN,CT,TT,AT,AC,NN,AC,AG,TT,AT,AG,CT,TT,CC,GT,TT,GG,AA,GG,CC,AA,AG,AC,AA,GG,TT,TT,GG,GG,GG,CC,AA,GG,AA,AA,CC,TT,AA,TT,CC,AT,GT,GG,TT,CC,GT,CC,CT,CG,GG,AG,TT,TT,CG,AA,AG,AA,CC,GG,TT,CC,TT,AC,AA,TT,CC,AA,CC,GG,CC,GT,TT,AA,CT,CC,CC,CG,AG,TT,CC,AA,CC,TT,AG,TT,AA,AA,GG,CT,CC,GG,AA,AG,AA,CC,GT,CC,CC,AA,AG,GG,TT,GG,AA,GT,TT,GG,AC,GT,GT,CT,CG,TT,GT,TT,AA,TT,CG,CC,AG,CT,CC,CC,GG,CC,AA,GG,AA,CC,TT,CG,GT,TT,GG,TT,AA,AA,TT,CC,GG,AC,CC,CC,GG,GG,AC,GG,TT,AA,AA,CC,GG,AA,CC,AA,AA,GG,GT,TT,AA,GG,GG,AT,CC,AT,TT,AA,GG,AA,TT,AA,TT,CC,CT,AA,CC,TT,GG,AG,CG,AG,AC,TT,NN,NN,GG,TT,AA,AC,AG,GG,CC,CG,GG,CC,GG,AT,AA,CC,GG,NN,CC,CC,AA,GG,CC,AA,CC,AA,AA,AA,CG,CC,TT,AA,GG,AA,AC,AA,AC,AG,AG,AA,AA,AT,CG,AA,AG,AC,AC,CT,AG,AA,CG,AG,GG,TT,AA,AG,GT,TT,TT,AA,TT,GG,GG,AA,2.79,Susceptible,Medium,Poor,Early
L0521,Coimbatore,Tamil Nadu,Kharif,Red Loamy,Rainfed,650,29.5,68,AA,CT,GG,AG,GG,CC,GG,AT,CC,CC,AA,CC,CC,TT,TT,GG,CG,TT,TT,AG,CC,GT,TT,CC,TT,CC,TT,TT,GG,AA,TT,CT,AA,CC,GG,GG,GG,CC,GG,CC,TT,CT,AC,TT,AA,AG,TT,AT,CC,AC,NN,AA,AA,GG,CC,TT,AA,AC,GT,AA,AA,TT,AT,AA,TT,TT,CC,GG,TT,GG,NN,GG,CC,AA,GG,AA,AT,GG,TT,TT,GG,GT,GG,CC,TT,GG,AG,AA,CC,TT,CC,TT,CC,TT,GT,GG,TT,CC,TT,CC,CC,CG,GG,AA,TT,TT,CC,AG,GG,AA,CC,GG,TT,CC,GT,AA,AA,TT,CC,AG,CC,GG,CC,GG,CT,AA,CT,CC,CC,CC,AA,GT,CC,AA,CC,CC,AA,TT,AA,AA,CG,CC,CC,GG,AG,AG,AA,NN,GT,CC,CC,AG,AA,GG,TT,GG,AC,GT,TT,GG,CC,TT,GT,CT,CC,AT,GT,TT,AA,AT,GG,CC,AG,CC,CC,CC,CC,CC,AA,GG,AA,CC,TT,CC,GT,GT,GG,AA,AA,AG,NN,CC,GG,AA,AC,CC,GG,GG,AA,GG,TT,AA,AA,CC,GG,AA,CC,AA,AA,GT,TT,TT,AA,GG,GG,AA,CC,AT,TT,AA,GG,AA,TT,AA,TT,CG,TT,AA,CC,TT,CC,AA,CG,AG,CC,TT,NN,TT,GG,TT,AA,CC,NN,GG,CC,CG,GG,CC,NN,AT,AA,CC,TT,AG,NN,CC,AA,GG,CC,AT,CC,AA,AA,CC,CC,CC,TT,AA,GG,AA,AA,AA,AA,AG,AA,AA,NN,TT,CG,AC,AG,AA,AC,TT,AA,AA,GG,AG,GG,TT,AA,AA,TT,TT,TT,AA,AT,GG,GG,AA,3.2,Susceptible,Low,Standard,Medium
L0522,Coimbatore,Tamil Nadu,Kharif,Red Loamy,Rainfed,650,29.5,68,AA,TT,GG,AA,GG,CC,GT,AA,CC,GG,AA,CT,CG,TT,TT,GG,CG,TT,AT,AA,NN,TT,TT,CC,TT,CC,GT,AT,GG,AA,TT,CC,AA,CC,GG,CG,GG,CG,GT,NN,TT,CT,AA,NN,AA,NN,CT,TT,CC,AC,GT,AT,AA,GG,CT,TT,AA,AA,GT,AA,AA,GT,TT,AA,TT,TT,CC,GG,TT,GG,AA,GG,CC,AA,GG,AA,AT,GG,TT,TT,GG,GG,GT,CC,AA,GG,AA,AA,CC,TT,CC,TT,CC,NN,GT,GG,TT,AC,GT,CC,CT,CC,GG,AG,NN,TT,CC,AA,AA,AA,CT,GG,TT,CC,TT,AC,AA,AT,CC,AG,CG,GG,CC,GG,CT,AG,CC,CC,CC,CC,AA,TT,CC,AA,CC,CT,AA,TT,AG,AA,GG,CC,CG,GG,AA,AG,AA,CC,GG,CC,CC,AA,AG,GG,TT,GG,AA,GT,CT,GG,CC,GG,TT,TT,CC,AA,TT,TT,AA,TT,CG,CC,AA,TT,CC,CC,GG,CC,AA,GG,GG,NN,TT,CC,GT,GT,GG,AT,AA,AA,TT,CC,GG,AA,CC,CC,GG,GG,AC,CG,TT,AC,AA,CC,GG,AA,AC,AA,AA,GG,TT,AT,AA,GG,GT,AA,CC,AT,GG,AA,GG,AA,CT,AA,TT,CC,CT,AA,AC,CT,GG,AG,CC,AG,AC,TT,CT,GT,CG,TT,AA,AC,AG,GG,CC,CC,GG,CC,GG,AT,AA,CC,TT,GG,CC,CC,AA,GG,CC,AT,CC,AA,AA,AC,CG,AC,NN,AA,GG,AA,AC,CC,AA,AG,AG,AA,AA,AT,GG,AA,AA,AC,AA,TT,AA,AA,CG,GG,GG,TT,AA,AG,GT,TT,TT,AG,AT,GG,GG,AA,2.39,Moderate,High,Standard,Medium
L0523,Coimbatore,Tamil Nadu,Kharif,Red Loamy,Rainfed,650,29.5,68,CC,TT,GG,AA,GG,CC,GG,AA,CC,CC,AA,NN,CG,AT,TT,GT,GG,TT,TT,AG,CC,GT,GT,CC,TT,CC,TT,TT,GG,AA,TT,CC,AA,CC,GG,CC,GG,CG,GG,CC,GT,CT,AC,TT,AA,GG,TT,TT,CC,AC,GT,AA,AA,GG,CT,TT,AA,AA,GG,AC,AA,TT,TT,GG,TT,AA,CC,GG,TT,GG,AA,GG,CC,AA,GG,AC,AT,GG,TT,TT,GG,GT,GT,CC,AA,GG,AA,AT,CC,TT,AC,GT,TT,TT,GT,GG,TT,CC,GT,CT,CC,CC,AG,AG,TT,TT,CG,AA,AA,AA,CC,GG,TT,CC,TT,AA,AC,TT,CC,GG,CC,GG,CC,GG,CT,AA,CC,NN,CC,CC,AA,TT,CC,AA,CC,CC,AA,TT,AA,AA,GG,CC,CC,GG,AA,AG,AA,CC,GG,CC,CC,AA,AG,GG,TT,GG,CC,GT,TT,GG,CC,GT,TT,TT,CC,AT,TT,CT,AA,TT,GG,CC,AA,CC,CC,CC,GG,CC,AA,GG,AG,CC,TT,CC,GT,TT,GG,AA,AA,AG,TT,AC,GG,AC,AC,CC,CC,AG,AA,GG,TT,AC,AA,CG,GG,AT,AC,AA,AT,GG,TT,TT,AA,GG,TT,AT,CC,TT,TT,AT,GG,AG,TT,AA,TT,CC,TT,AA,CC,TT,CG,AG,CC,AA,CC,TT,TT,TT,GG,TT,AA,CC,AA,GG,CC,CG,GG,CC,GG,TT,AA,CG,TT,GG,CC,CC,AT,GG,CC,AA,NN,AA,AA,AC,CC,CC,TT,AA,GG,AA,AC,AC,AC,GG,AA,NN,AA,TT,GG,AC,AA,CC,AA,TT,AA,AA,GG,GG,GG,TT,AA,AA,TT,TT,TT,AG,AT,GG,CG,AA,6.39,Resistant,Low,Standard,Late
L0524,Coimbatore,Tamil Nadu,Kharif,Red Loamy,Rainfed,650,29.5,68,CC,TT,AG,AA,GG,CC,GG,AT,CC,CG,AT,CC,CG,TT,TT,GG,GG,AT,TT,AG,CC,GG,TT,CC,AT,CC,TT,AT,GG,AA,TT,CC,AG,CC,GG,GG,GG,CC,GG,CC,TT,CT,AA,GT,AG,GG,TT,TT,NN,AA,GG,AA,AG,GG,CC,TT,AA,AC,TT,AC,AG,TT,TT,AG,CT,AT,CC,GG,TT,GG,AG,GG,CC,AA,GG,AC,AT,AG,TT,TT,GG,GG,GT,CC,AT,GG,AA,AT,CC,TT,CC,TT,CT,TT,TT,GG,TT,CC,GG,CC,CC,CG,AG,AA,TT,TT,CC,AA,AA,AC,CC,GG,TT,CC,TT,AC,AA,TT,CG,AG,CG,GG,CC,GG,TT,AA,CC,CC,CC,CC,AA,TT,AC,AA,AC,CC,AA,TT,AA,AA,GG,CC,CC,GG,AA,AA,AA,AC,NN,CG,CC,AA,AA,GG,TT,GG,CC,TT,CT,GG,AC,TT,TT,TT,CC,AA,TT,TT,AA,TT,CG,CG,AA,CT,CC,CC,NN,CC,AA,GG,AG,CC,TT,CC,TT,GT,GG,AT,AA,AG,TT,AC,GG,AA,AC,CC,GG,GG,NN,GG,CT,AA,AA,CC,GG,AA,NN,AT,AA,GG,TT,AT,AA,GG,GT,AA,CC,AT,TT,AA,GG,AA,TT,AA,TT,CC,CC,AC,AC,TT,GG,AA,CC,AG,CC,AT,CT,GT,GG,TT,AC,CC,AA,GG,CC,CG,CG,CC,GG,TT,AA,CC,TT,GG,CG,CG,AA,GG,CC,AA,CC,AA,AA,CC,GG,NN,TT,AA,GG,AT,AA,AA,AA,AG,AA,AG,AA,TT,GG,AA,AG,CC,AA,TT,AA,AA,GG,GG,GG,TT,AT,AA,TT,AT,TT,AA,AT,GG,GG,AA,3.15,Moderate,Medium,Premium,Early
L0525,Coimbatore,Tamil Nadu,Kharif,Red Loamy,Rainfed,650,29.5,68,AA,TT,GG,AA,GG,CC,GT,TT,CC,CG,AA,CC,CC,TT,TT,GG,GG,TT,TT,AA,CC,TT,GT,CC,AT,CC,GT,AT,GG,AC,TT,CT,AA,CC,GG,GG,GG,CC,GG,NN,GT,CT,AA,TT,AA,GG,TT,TT,CC,AC,GG,AA,AA,GG,CC,GT,AA,AC,GG,AC,AA,TT,TT,AA,TT,AA,CC,GG,TT,GG,AA,TT,CC,AA,NN,AA,AT,GG,TT,TT,GG,GT,GG,CC,AA,GG,AA,AA,CC,GT,AC,TT,TT,TT,TT,GG,TT,CC,GT,CC,CT,CC,AG,AA,TT,TT,CG,AA,AG,AA,CC,GG,TT,CC,TT,AC,AC,TT,CG,GG,CC,GG,CC,GG,CT,AA,CT,CC,CC,CC,AA,TT,CC,AA,CC,NN,AA,AT,AA,AT,GG,CC,NN,GG,AA,GG,AA,CC,GG,CC,CG,AG,AG,GG,TT,AG,AC,TT,TT,GG,CC,NN,GT,TT,CC,AA,TT,CT,AA,TT,CG,CG,AG,CC,CC,CC,CG,CC,AA,GG,AA,AC,TT,CG,GG,TT,GG,TT,AA,AA,TT,CC,GG,AC,CC,CC,GG,GG,AC,GG,TT,AA,AA,NN,GG,AA,CC,AA,TT,GG,TT,TT,AA,CG,TT,AA,CC,AA,TT,AA,GG,AA,TT,AA,TT,CC,TT,AA,CC,TT,GG,AG,CG,GG,CC,TT,TT,TT,GG,TT,AC,AA,AA,GG,CG,CC,CG,CC,GG,AT,AG,CC,TT,GG,CC,CC,AT,GG,CC,AT,CC,AA,AA,NN,CG,AC,AT,AA,CG,AA,AA,AA,AC,AG,AA,AA,AA,AT,GG,AC,AA,AC,AA,TT,AA,AA,GG,GG,GG,TT,AA,AA,TT,TT,TT,AA,AT,GG,GG,AA,2.76,Resistant,Low,Premium,Medium
L0526,Coimbatore,Tamil Nadu,Kharif,Red Loamy,Rainfed,650,29.5,68,AA,TT,GG,AA,GG,CC,GG,AA,CC,CC,AA,CC,CC,TT,TT,GT,CG,TT,TT,AA,CC,TT,TT,CC,TT,CC,TT,TT,GG,AA,CT,NN,AG,CC,GG,GG,GG,GG,GG,CC,TT,TT,AA,TT,AA,AG,TT,AA,CC,CC,GG,AA,AA,GG,CC,TT,AA,CC,GT,AA,AA,TT,AT,AA,TT,TT,CC,GG,TT,GT,AA,GG,CC,AA,NN,CC,AT,GG,TT,TT,GG,TT,GT,CC,AT,GG,AA,AA,CC,GT,CC,TT,CT,TT,TT,GG,CC,CC,TT,CC,CC,CC,AA,AA,TT,TT,CC,AA,AG,AA,CC,GG,GT,CC,GT,AA,AA,TT,CG,AG,CC,AG,CT,GT,TT,AG,CC,CC,AC,CG,AA,TT,CC,AA,CC,CC,AA,AA,AA,AT,CG,CC,CC,GG,AA,AG,AT,CC,GT,CC,CC,AG,AG,GG,TT,GG,AA,TT,CT,GG,AC,GT,GT,CT,CC,AT,GT,TT,AT,AT,GG,CC,AG,CC,AC,CC,GG,AC,AA,GG,AA,CC,TT,CC,GG,TT,GG,TT,AA,AA,TT,CC,CG,AA,AC,CC,GG,GG,AA,GG,TT,AA,AA,CC,GT,AT,AC,AA,TT,GG,TT,AT,AA,CG,GT,TT,CG,AT,TT,AA,NN,AG,TT,AA,TT,CG,TT,AC,CC,TT,GG,AA,CC,AA,CC,TT,CC,GT,GG,TT,AA,AC,AA,GG,CC,CG,GG,CC,GG,AT,AA,CG,GT,GG,CC,CG,AA,GG,CC,AA,CC,AT,AA,CC,CC,CC,TT,AA,GG,AA,AA,AC,AA,AG,AG,AA,AA,TT,GG,AA,AA,AC,AA,TT,AG,AA,CG,GG,NN,NN,AA,AA,TT,TT,TT,AA,AT,GG,GG,AA,5.41,Susceptible,High,Standard,Late
L0527,Coimbatore,Tamil Nadu,Kharif,Red Loamy,Rainfed,650,29.5,68,AC,CT,GG,AG,GG,CC,GT,TT,CC,CG,AA,CC,CC,AT,TT,GG,CG,TT,TT,AA,CC,GG,GT,CC,TT,CC,TT,AA,GT,AA,TT,CT,AA,CC,GG,GG,GG,CG,GG,CC,TT,CC,AC,TT,AA,AA,TT,TT,CC,AA,GG,AA,AG,CG,CT,TT,AA,CC,GT,CC,AG,TT,TT,AA,TT,AT,CC,GG,TT,GT,AG,GT,CC,AA,GG,AA,AA,AG,TT,TT,GG,GG,GG,CC,AA,GG,AA,AA,CG,TT,AC,TT,CC,TT,GT,GG,CT,CC,GT,CC,CC,CG,GG,AG,AT,TT,CC,AA,AG,AA,CT,GG,TT,CG,TT,AA,AA,TT,CG,GG,CC,GG,CT,GG,TT,AG,CC,CC,CC,CC,AA,TT,CC,AA,CC,CC,AA,TT,AA,AA,GG,CC,CC,GG,AA,GG,AA,CC,GG,CC,CC,AA,AA,AG,GT,GG,AC,GT,CT,GG,AC,TT,GT,TT,CC,AA,TT,CT,AA,NN,GG,CC,AG,CC,CC,CC,CG,CC,AA,GG,AA,CC,TT,CG,GG,TT,GG,AT,AA,AA,TT,CC,CG,AA,AC,CC,GG,GG,AC,GG,TT,AA,AA,CC,GG,AT,AC,AA,AA,GT,TT,TT,AA,GG,NN,AA,CC,TT,TT,AT,GG,AG,CT,AA,TT,CC,CT,AA,CC,TT,NN,GG,CC,AG,CC,TT,TT,GT,GG,TT,AA,CC,AG,GT,CC,CG,GG,CC,GG,AA,AA,CC,TT,GG,CC,CG,AA,GG,CC,AT,CG,AA,AG,CC,CC,CC,TT,AA,GG,AA,AA,AA,AC,AG,AA,AG,AA,TT,CG,AC,AA,AC,AC,CT,AG,AA,GG,GG,GG,TT,AA,AG,GT,TT,TT,AA,AT,GG,GG,AA,4.07,Susceptible,Medium,Poor,Medium
L0528,Coimbatore,Tamil Nadu,Kharif,Red Loamy,Rainfed,650,29.5,68,AA,CT,GG,AA,GG,CC,GG,TT,CC,CC,AA,CC,CG,AT,TT,GG,GG,TT,TT,AA,CC,TT,GT,CC,TT,CC,TT,TT,GT,AA,TT,CC,AA,AC,GG,CG,GG,CC,GG,CC,TT,CT,NN,GT,AA,GG,TT,AT,CC,AC,GG,AA,AA,GG,CC,TT,AA,AA,GG,AA,AA,TT,AT,AA,TT,AT,CC,GG,TT,GG,AG,GG,CC,AA,GG,AC,AA,GG,TT,TT,GG,GG,GG,CC,AA,GG,AA,AT,CC,GT,CC,TT,CC,TT,TT,AG,CT,CC,TT,CC,CT,CC,AG,AA,TT,TT,CC,AA,AG,AA,CC,GG,TT,CG,TT,AA,AA,TT,CG,GG,CC,NN,CC,GT,TT,AG,CC,CC,CC,CC,AA,TT,CC,AA,CC,CC,AA,TT,AA,AT,GG,CC,CC,GG,AA,AA,AA,AC,GT,CG,GG,AA,AA,AG,TT,AG,AA,GG,TT,GG,CC,TT,TT,TT,GG,AA,TT,CC,AT,AT,CG,CC,AA,CC,CC,CC,GG,CC,AA,GG,AA,CC,TT,CC,GT,TT,CG,AA,AA,AA,TT,AC,GG,AA,CC,CC,GG,GG,CC,GG,TT,AC,AA,CC,GG,AA,AC,AA,AT,GG,GT,TT,AA,GG,GT,AT,CG,TT,GT,AA,GG,AA,TT,AA,TT,CC,TT,AA,CC,CT,GG,GG,CG,GG,CC,AT,TT,GT,GG,TT,AA,AC,AG,GG,CC,CC,GG,CC,GG,TT,AA,CC,GT,GG,CG,NN,AA,GG,CG,AA,CC,AA,AA,CC,CC,AC,AT,AA,GG,AA,AA,AA,AA,AA,AA,AA,AA,TT,GG,AA,AA,AC,AC,CT,AA,AA,GG,GG,GG,TT,AA,AG,TT,TT,TT,GG,TT,GG,GG,AA,2.92,Susceptible,Low,Premium,Medium
L0529,Coimbatore,Tamil Nadu,Kharif,Red Loamy,Rainfed,650,29.5,68,AA,TT,GG,AA,GG,CC,GT,AT,CC,CG,AA,NN,GG,TT,GT,GG,CG,TT,TT,AG,CC,GT,GT,CC,TT,CC,TT,AT,GG,AA,CT,CT,AA,CC,AG,GG,GG,CG,GG,CC,TT,NN,AA,TT,AG,GG,TT,AT,CC,CC,GG,AA,AA,GG,CC,TT,NN,AA,TT,AA,AG,TT,AT,AA,TT,TT,CC,GG,TT,GG,AA,GG,NN,AG,GG,AC,AT,GG,TT,TT,AG,GT,GT,CC,AA,GG,AA,AT,CC,TT,AC,TT,CT,TT,TT,GG,TT,AC,TT,CC,CT,GG,GG,AA,TT,TT,CC,AA,AG,AA,CT,GG,TT,CC,TT,AA,AA,TT,CC,AG,CG,AG,CC,TT,CT,AG,CC,CC,CC,CC,AA,TT,CC,AA,CC,CT,AA,AT,AA,AT,GG,CC,CC,GG,AA,AA,AA,CC,GG,CC,CC,AG,AG,GG,TT,NN,AC,GT,TT,GG,AC,TT,TT,TT,CG,AT,GT,TT,AA,AT,GG,CC,AG,CT,CC,CC,GG,CC,AT,GG,AG,CC,TT,CG,GT,TT,CG,AT,AA,AA,TT,AC,GG,AA,AC,CC,NN,GG,AA,GG,TT,AA,AA,CC,GG,AT,CC,AT,AT,GT,TT,AT,AA,NN,GG,AA,CC,AT,GT,AA,GG,AA,CT,AA,TT,CG,TT,AA,CC,TT,GG,AA,CC,AG,AC,TT,TT,GT,GG,NN,AA,AA,AA,GG,CC,CC,GG,CG,GT,AT,AA,CC,TT,GG,CG,CC,AA,AG,CC,AT,CC,AT,GG,CC,CC,AC,TT,AA,GG,AA,AA,AC,AA,AA,AA,AG,AA,TT,GG,AA,AG,CC,AA,CC,AA,AA,GG,GG,GG,TT,NN,AG,TT,TT,TT,AG,TT,GG,GG,AA,4.35,Susceptible,Low,Standard,Late
L0530,Coimbatore,Tamil Nadu,Kharif,Red Loamy,Rainfed,650,29.5,68,CC,TT,NN,AG,GG,CC,GG,TT,CC,CC,AA,CC,CC,TT,TT,GG,GG,TT,TT,AG,CC,TT,GT,CT,TT,CC,TT,TT,GG,AA,TT,CC,AG,CC,GG,CG,GG,CC,GG,CC,TT,NN,AA,TT,AA,GG,TT,AT,CC,CC,GG,AA,AA,GG,CT,TT,AT,AA,TT,AC,AG,TT,TT,AG,TT,AT,CC,GG,TT,GG,AG,GT,CC,AA,GG,AC,AT,AA,GT,TT,GG,GG,GT,CC,AA,GG,AA,AA,CC,GT,CC,TT,CT,AT,TT,NN,TT,CC,GT,CC,CC,CG,GG,AA,TT,TT,CC,AA,AG,AA,CC,GG,TT,CC,TT,AA,CC,TT,CG,AA,CC,AG,CC,GG,TT,AA,CT,CC,CC,CC,AA,TT,CC,AA,CC,CC,AA,AT,NN,AT,CG,CC,CC,GG,AA,AA,AA,CC,GG,CC,CG,AA,GG,GG,NN,GG,AC,GT,CT,AG,CC,GT,TT,CT,CC,AT,TT,TT,NN,TT,GG,CC,AA,TT,CC,CC,GG,AC,AT,GG,GG,CC,TT,CC,GT,TT,GG,TT,AA,AA,TT,CC,GG,AA,AC,CC,GG,GG,CC,GG,TT,AA,AA,CC,GG,AA,AC,AA,AT,GT,GT,AA,AT,GG,GG,AA,CG,TT,TT,AA,GG,AA,CT,AC,TT,CC,CT,AA,AC,TT,GG,AG,CC,GG,CC,TT,TT,GT,GG,TT,AA,NN,GG,GG,CC,CG,GG,CC,GG,AT,AA,CG,TT,AG,CC,CC,AA,GG,CC,AA,CC,AA,AA,CC,CG,AC,TT,AA,GG,AA,AA,AA,AA,GG,AG,AA,AA,TT,GG,AA,AG,AC,AC,CT,AA,AA,GG,GG,GG,TT,AT,AG,TT,TT,TT,AG,AT,GG,GG,AA,3.09,Susceptible,High,Premium,Early
L0531,Coimbatore,Tamil Nadu,Kharif,Red Loamy,Rainfed,650,29.5,68,AA,CT,AG,AG,GG,CC,GG,AT,CC,CC,AA,CC,GG,TT,TT,GG,CG,TT,TT,AA,CC,TT,GT,TT,TT,CC,TT,AT,GG,AA,TT,CC,AA,CC,GG,GG,GG,CG,GG,CC,TT,TT,AA,GG,AA,AG,CT,TT,CC,AC,GG,AA,AA,GG,CC,TT,AA,CC,GG,AC,AG,TT,TT,AA,TT,TT,CC,GG,TT,GG,AA,GG,CC,AA,GG,AA,TT,GG,TT,TT,GG,GG,GG,CC,AA,GG,AA,AA,CC,GT,AC,TT,CC,TT,TT,AG,TT,CC,TT,CC,CC,CC,AG,AA,TT,TT,CC,AA,GG,AA,CC,GT,TT,CG,TT,AA,AC,TT,CG,GG,CC,GG,CC,GT,TT,AA,CC,CC,CC,CC,AA,TT,CC,AA,CC,NN,NN,TT,AA,AT,CG,CT,CC,GG,AA,GG,AA,CC,GT,CC,CG,AA,AA,GG,TT,GG,AC,GG,CT,GG,CC,GT,TT,TT,CG,AT,GT,NN,TT,TT,GG,CC,AA,CC,CC,CC,GG,CC,AA,GG,AA,CC,TT,CC,TT,TT,CG,TT,AG,AA,TT,AC,GG,AC,AC,CC,GG,GG,AC,GG,TT,AA,AG,CC,GG,AA,AA,AT,AT,GG,TT,AA,AA,GG,GT,AA,CC,TT,GT,AA,GG,AA,TT,AA,TT,CC,TT,AA,CC,TT,GG,AG,NN,AA,CC,TT,CC,GT,GG,AT,AA,CC,AG,GG,CC,CC,GG,NN,GG,AT,AA,CC,TT,GG,CC,CG,AA,GG,CC,AA,CC,AA,AA,CC,CG,AC,TT,AA,GG,AA,AC,AC,AA,AG,AG,AG,AA,TT,GG,AA,AG,CC,AC,CC,AA,AA,GG,GG,GG,TT,AT,AA,GT,TT,TT,AG,AT,GG,GG,AA,3.89,Susceptible,Low,Premium,Early
L0532,Coimbatore,Tamil Nadu,Kharif,Red Loamy,Rainfed,650,29.5,68,AC,TT,NN,AA,GG,CC,GT,AA,CC,CC,AA,CC,CC,TT,GG,GG,GG,TT,TT,AA,CC,TT,TT,CC,AT,NN,GT,TT,GG,AA,TT,CT,AA,CC,GG,GG,GG,CC,GG,CC,TT,CT,AA,TT,AG,AA,TT,TT,CC,AC,GG,AA,AA,NN,CT,TT,AA,AA,GG,AA,AG,NN,TT,AG,TT,AA,CC,GG,TT,GG,AG,GT,CC,AA,NN,AC,AA,AG,TT,TT,GG,TT,GG,CC,AT,GG,AG,AA,CC,TT,AC,TT,CC,TT,GT,GG,TT,CC,TT,CC,CC,CC,AG,NN,TT,TT,CC,AA,AA,CC,CT,GG,TT,CC,GT,AA,AA,TT,CC,GG,CC,AG,CC,GT,TT,AG,CT,CC,CC,CC,AA,TT,AC,AA,AC,CC,AA,TT,AG,AA,GG,CC,CC,GG,AG,NN,AA,CC,GT,CC,CC,AA,AA,AG,GT,GG,AA,TT,CT,GG,CC,TT,GG,TT,CC,AA,GT,TT,AA,AT,GG,CC,AA,TT,CC,CC,GG,CC,AT,GG,GG,CC,TT,CC,GG,TT,GG,AT,AA,AA,TT,CC,GG,AA,AC,CC,GG,GG,AA,CG,NN,CC,AG,CC,GG,AA,CC,AA,AA,GG,TT,TT,AT,GG,GT,NN,CC,TT,GT,AA,GG,AA,TT,AA,TT,CC,CT,AA,CC,TT,CG,GG,CC,AG,CC,TT,TT,GT,GG,TT,AA,AC,AG,GT,CC,CC,GG,CC,GG,AT,AA,CC,TT,GG,CC,CC,AA,GG,CC,AT,CC,AA,AA,AC,CG,CC,NN,AA,GG,AA,AA,AC,AC,AG,AA,AG,NN,TT,GG,AA,AG,AA,AA,CC,AA,AA,GG,AG,CG,GT,AA,AA,GT,TT,TT,AA,AT,GG,GG,AA,2.05,Susceptible,High,Premium,Late
L0533,Coimbatore,Tamil Nadu,Kharif,Red Loamy,Rainfed,650,29.5,68,AA,TT,GG,AA,GG,CC,GG,AT,CC,CG,AA,CC,CC,AT,GT,GG,GG,TT,TT,NN,CC,TT,GT,CC,TT,CC,TT,TT,GG,AA,TT,CT,AA,CC,GG,GG,GG,CC,GT,AC,TT,TT,AA,GT,AA,GG,TT,TT,CC,AA,GT,AA,AG,GG,CT,TT,AT,AC,TT,AA,AG,TT,AT,AG,TT,TT,CC,GG,TT,GT,AA,GG,CC,AA,GG,AA,AA,GG,TT,TT,GG,GG,GG,AC,AA,GG,AG,AA,CC,TT,CC,TT,CT,TT,TT,GG,CT,CC,TT,CC,CT,CC,AG,AA,TT,TT,CC,AA,AA,CC,CC,GG,TT,CC,TT,AA,AA,TT,CC,AG,CC,GG,CC,GG,TT,AA,CC,CC,CC,CC,NN,TT,CC,AA,CC,CC,AG,TT,AA,AT,GG,CC,NN,GG,AA,AG,AA,CC,GT,CC,CC,AG,AA,GG,GT,AG,AC,GT,CT,GG,AC,GT,NN,TT,CC,AT,GT,TT,AA,AT,CG,CC,AG,CC,CC,CC,CG,CC,AA,GG,AG,CC,TT,CC,GG,GT,CG,AT,AG,AA,TT,CC,GG,AA,AC,CC,GG,GG,NN,GG,TT,NN,AA,CC,GG,AA,AC,AA,TT,GT,TT,TT,AA,CG,GT,AA,CC,TT,GT,AA,GG,AA,TT,AA,TT,CC,CC,AC,CC,CT,CG,AG,CC,AG,AC,TT,TT,TT,GG,TT,NN,CC,AG,GG,CC,CG,GG,CG,GG,AT,AA,NN,GT,GG,CC,CC,AA,AG,CC,AA,CC,AA,AA,AC,NN,AC,TT,AA,GG,AA,AC,AC,AA,AA,AG,AG,AA,TT,GG,AC,AA,CC,AA,TT,AA,AA,CG,GG,GG,TT,AA,AA,TT,TT,TT,AA,TT,GG,GG,AA,3.18,Susceptible,Medium,Premium,Late
L0534,Coimbatore,Tamil Nadu,Kharif,Red Loamy,Rainfed,650,29.5,68,AA,TT,GG,AA,GG,CC,GT,AT,CC,CG,AT,CC,CG,TT,TT,GT,GG,TT,TT,AA,CC,GT,TT,CT,TT,CC,TT,AT,GG,NN,TT,CT,AA,CC,GG,CG,GG,CC,GG,CC,TT,TT,AA,TT,NN,GG,TT,AT,CC,CC,GT,AA,AA,GG,CC,TT,AA,CC,TT,AA,AA,TT,TT,GG,CT,TT,CC,GG,TT,GT,AG,GG,CC,AA,GG,AC,AT,GG,TT,TT,GG,GT,GG,CC,AT,GG,AA,AA,CC,TT,CC,TT,CC,TT,GT,GG,TT,AC,TT,CC,CC,CC,AG,NN,TT,TT,CG,AA,AG,AC,CC,GG,TT,CC,GT,AA,CC,TT,CC,AA,CC,AG,CC,GT,TT,AA,CC,CC,CC,CC,AG,TT,CC,AA,CC,CT,AA,TT,AA,AA,GG,CC,CG,GG,AA,AG,AA,CC,GT,CC,CG,AA,AG,AG,GT,GG,CC,TT,CT,GG,CC,GT,GT,TT,CC,AT,GT,TT,AA,NN,GG,CC,AG,TT,CC,CC,CG,CC,AA,GG,AG,CC,TT,CG,GT,GT,GG,AA,AA,AA,TT,AC,CC,AA,CC,NN,GG,GG,AA,GG,TT,AA,AG,CC,GG,AA,AC,AT,AA,GT,NN,AA,AA,GG,GG,AA,CC,TT,GT,AA,GG,AA,CT,AA,TT,CC,TT,AA,CC,CC,CG,GG,CC,GG,CC,TT,TT,TT,GG,TT,AA,CC,NN,GG,CC,CC,GG,CC,GG,TT,AG,CC,GT,GG,CG,CC,AT,GG,CG,AA,CG,AT,AA,AC,GG,CC,TT,AA,GG,AA,AA,AC,AA,AG,AA,AG,AA,TT,CG,AC,GG,AC,AA,NN,AG,AA,GG,GG,GG,GT,AA,AA,TT,TT,AT,AG,TT,GG,GG,AA,3.31,Susceptible,High,Premium,Medium
L0535,Coimbatore,Tamil Nadu,Kharif,Red Loamy,Rainfed,650,29.5,68,AC,TT,GG,AA,GG,CG,GT,TT,CC,CG,AA,CT,CC,AT,GT,GT,CG,TT,TT,AA,CG,TT,GT,CC,TT,CC,TT,TT,GG,AA,TT,CC,AA,CC,GG,CG,GG,CC,GG,CC,TT,TT,AA,TT,AG,GG,TT,AT,CC,AC,GG,AA,AA,GG,CT,TT,AT,AA,GT,AA,AA,TT,AT,AA,CT,TT,CC,GG,TT,GT,AG,GG,AC,AA,GG,AA,AA,GG,TT,TT,GG,NN,GG,CC,AA,GG,AA,AA,CG,GT,CC,GT,CT,TT,TT,GG,CT,CC,GT,CC,CC,CC,NN,AA,TT,TT,CG,AA,AA,AA,CT,GG,TT,CC,GT,AA,AA,TT,CC,GG,CC,GG,CC,GG,CT,AA,CC,CC,CC,CC,AA,TT,CC,AA,CC,CC,AA,AT,AA,AA,GG,CC,CC,GG,AA,AA,AA,CC,GG,CC,CC,AA,AA,GG,TT,GG,AA,TT,CT,GG,NN,TT,GT,TT,CC,AT,TT,TT,AT,TT,GG,CC,AA,CT,CC,CC,GG,CC,AA,GG,AA,CC,GT,CC,TT,TT,GG,AT,AA,AA,TT,CC,GG,AA,CC,CC,GG,GG,AC,CG,TT,AC,AA,CC,GG,AA,CC,AA,AA,GG,TT,TT,AA,CC,GG,AA,CC,NN,GT,AA,GG,AA,CC,AA,TT,CC,CT,AC,CC,CT,CG,AA,CG,AA,CC,TT,TT,TT,CG,AT,AA,CC,AA,GG,CC,CG,GG,CG,GG,AT,AA,CC,GT,AG,CC,CG,AA,GG,CG,AT,CC,AA,AA,AC,CC,CC,AT,AG,CG,AA,AA,AA,AA,GG,AG,AA,AA,AT,CG,AA,AA,AC,AA,TT,AA,AA,CG,AG,GG,TT,AA,AA,TT,TT,TT,AG,AT,GG,CG,AA,4.57,Susceptible,Low,Standard,Late
L0536,Coimbatore,Tamil Nadu,Kharif,Red Loamy,Rainfed,650,29.5,68,AA,TT,AA,AG,CG,CC,GG,TT,CC,CC,AA,CC,CG,AT,TT,GG,GG,TT,TT,AA,CC,TT,TT,CT,TT,CC,TT,TT,GT,AA,TT,CC,AA,CC,AG,CG,NN,GG,GG,CC,TT,TT,AC,TT,AA,AG,TT,NN,CC,CC,GG,AT,AA,GG,CT,TT,AA,AA,GG,NN,AA,GT,AT,AA,TT,TT,CT,GG,TT,GG,AG,GT,CC,AA,GG,AC,AT,GG,TT,TT,GG,GT,GG,CC,AA,GG,AA,AA,CG,TT,CC,TT,CC,AA,TT,GG,CT,CC,GT,CT,CC,CC,AG,AA,AT,TT,CC,AA,AA,AA,CC,GG,TT,CC,TT,AC,AA,NN,CC,GG,CG,AG,CC,GG,CC,AA,CC,CC,CC,CC,AA,GT,AC,AA,CC,CC,AA,TT,AA,AA,GG,CT,CC,GG,AA,GG,AA,AC,GT,CC,CC,AA,AA,GG,TT,GG,CC,TT,CT,AG,CC,GT,GT,TT,CC,AA,TT,TT,AA,TT,GG,CC,AG,CC,AC,CC,CG,CC,AA,AG,AA,CC,TT,CC,GG,TT,CG,AT,AA,AG,TT,CC,CG,AA,CC,CC,CG,GG,CC,GG,TT,AA,AA,CC,GG,AA,AC,AA,AA,NN,TT,TT,AA,GG,GT,AA,CC,AT,TT,AA,GG,AA,TT,AA,TT,CC,TT,AA,CC,CT,GG,AA,CG,GG,CC,TT,TT,TT,GG,AT,AC,AC,AG,GT,CC,CC,GG,CC,NN,AT,AA,CC,TT,GG,GG,CG,AA,AG,CG,AT,CC,AA,AG,CC,CC,AA,AT,AA,GG,AA,AA,AC,AA,GG,GG,AA,AA,AT,GG,AA,AA,CC,AC,CT,AG,AA,GG,GG,GG,TT,NN,AA,GT,TT,TT,AG,AT,GG,NN,AA,5.51,Susceptible,Low,Standard,Early
L0537,Coimbatore,Tamil Nadu,Kharif,Red Loamy,Rainfed,650,29.5,68,AC,TT,GG,GG,GG,CC,GG,AT,CC,GG,AT,CC,CC,AT,GT,GT,GG,TT,TT,AA,CC,GT,TT,NN,TT,CC,GT,TT,GG,AA,TT,CT,AA,AC,AG,GG,GG,CG,GG,CC,TT,CC,AA,GT,AA,GG,TT,TT,CC,AC,GT,AA,AA,GG,CC,TT,AA,AA,GG,AC,AA,GT,AT,AG,TT,TT,NN,GG,TT,GG,GG,GT,AC,AA,GG,AA,AA,GG,TT,TT,GG,GG,GG,CC,AT,GG,AG,AA,CC,GG,AC,TT,CT,TT,GT,GG,TT,AC,GT,CC,CT,CC,GG,AA,TT,GT,CC,AA,AG,AA,CT,GG,GT,CG,TT,AA,NN,TT,CC,GG,CC,GG,CC,TT,CT,AA,CC,CC,CC,CC,AA,TT,CC,AA,CC,CC,AA,TT,AA,AA,GG,CC,CC,GG,AA,AG,AA,CC,GG,CC,CC,AA,AA,GG,TT,GG,CC,TT,CC,GG,CC,TT,TT,TT,CC,AA,GT,TT,AA,AT,GG,CC,AA,CC,CC,CC,GG,CC,AA,GG,AG,CC,TT,CG,GG,TT,CG,AT,AG,AG,TT,CC,GG,AC,CC,CC,GG,GG,AC,GG,TT,AC,AG,CC,GT,AA,NN,AA,AT,GG,TT,TT,AA,GG,GG,AT,NN,AA,TT,AA,GG,AA,NN,AA,TT,CC,CT,AA,CC,TT,CC,GG,CG,AG,CC,AT,TT,GT,GG,TT,AC,AC,AA,NN,CC,CC,GG,CC,GT,AA,AA,CC,GG,GG,CC,CC,AT,AG,CC,TT,CC,AT,AA,CC,CC,AC,TT,AA,GG,AA,NN,AC,AA,GG,AA,NN,AA,TT,GG,AA,AG,AA,AA,CC,AA,AG,GG,GG,GG,TT,AA,AA,TT,TT,TT,GG,AT,NN,GG,AA,2.25,Susceptible,Low,Premium,Late
L0538,Coimbatore,Tamil Nadu,Kharif,Red Loamy,Rainfed,650,29.5,68,AA,TT,AG,AG,GG,CC,GT,TT,CC,CC,AA,CC,CG,TT,TT,GT,CG,TT,TT,AA,CG,GG,GT,CC,TT,CT,TT,TT,GG,AA,TT,TT,AA,CC,AG,GG,GG,CC,GG,AC,TT,CT,AA,TT,AA,GG,CT,TT,CG,AA,GG,AT,AA,GG,CT,GT,AA,AC,GT,AA,AA,TT,TT,GG,TT,TT,CC,GG,TT,GG,AA,GG,CC,AA,AG,AC,AT,GG,TT,TT,GG,GT,GT,NN,AA,GG,AA,AA,CC,TT,CC,TT,CT,TT,GT,GG,CT,CC,GT,CC,TT,CC,AA,AA,TT,TT,CC,AG,GG,AA,CC,GG,TT,CC,TT,CC,AA,AT,CC,AG,CC,GG,TT,GG,TT,AA,CT,CC,AC,CC,AA,TT,CC,AA,CC,CT,AA,TT,AA,AA,CG,CC,CC,GG,AA,GG,AA,CC,GT,CC,CC,AG,AA,GG,GT,GG,AC,TT,NN,AA,AC,TT,TT,TT,CG,AT,TT,TT,AA,TT,GG,CC,AG,CC,CC,CC,CG,AC,AA,GG,AA,CC,TT,CG,GG,TT,GG,TT,AG,AA,TT,CC,GG,AA,NN,CC,GG,GG,AC,GG,TT,AA,AA,NN,GG,AA,AC,AA,AT,GG,TT,TT,AT,CG,GG,AA,CC,TT,TT,AA,GG,AG,TT,AC,TT,CC,TT,AA,CC,TT,CG,AG,CC,GG,CC,TT,CT,TT,GG,TT,AA,AC,AA,GG,CC,CC,GG,CG,GG,AT,AA,CC,TT,GG,CC,CC,AA,GG,CG,AA,CC,AA,AA,NN,CC,AC,TT,AA,GG,AA,AC,AC,AA,AA,AG,AA,AA,TT,GG,CC,AG,CC,CC,CT,AA,AA,NN,AG,GG,TT,AT,AA,TT,TT,TT,AA,AA,GG,GG,AA,5.91,Susceptible,Low,Standard,Late
L0539,Coimbatore,Tamil Nadu,Kharif,Red Loamy,Rainfed,650,29.5,68,CC,TT,AG,AG,GG,CC,GG,AT,CC,CG,AA,CC,CC,TT,TT,GT,CG,TT,TT,AA,CC,TT,GT,CC,AT,CC,GT,TT,GG,AC,TT,CC,AA,CC,GG,CG,GG,CC,GG,CC,TT,CT,AC,TT,AG,AG,CT,TT,NN,CC,GT,AT,GG,GG,CC,TT,AA,AA,GT,AA,AA,GT,AA,AG,TT,TT,CC,GG,CT,GG,NN,GT,CC,AA,GG,AC,AA,AA,TT,TT,GG,GT,GG,CC,AA,GG,AA,AT,CC,TT,AC,TT,CC,TT,TT,GG,NN,CC,TT,CC,CC,CG,AG,AA,TT,TT,CG,AA,AA,AA,CC,GG,TT,CC,GT,AC,AA,TT,CC,AG,CC,AG,CC,NN,TT,AG,CC,CC,CC,CC,AA,TT,CC,AA,CC,CC,AA,TT,AG,AT,GG,CT,CC,GG,NN,AA,AA,AC,GT,CC,CC,AA,AA,AG,TT,GG,AA,TT,CT,AG,AC,TT,GT,CT,CC,AA,GT,CT,AA,AT,GG,CC,AG,CC,CC,CC,CG,CC,AT,GG,AA,CC,TT,CG,GG,GT,GG,TT,AA,AA,TT,AC,GG,AA,AC,CC,GG,GG,AA,GG,TT,AA,AA,CC,GG,AT,CC,AA,AT,GG,TT,TT,AT,CG,GG,AA,CG,TT,GT,AA,GG,AA,TT,AA,TT,CC,TT,AC,AC,TT,GG,AG,CG,GG,CC,AT,TT,GT,GG,TT,CC,AA,AG,GG,CC,CC,GG,CC,GG,AT,GG,CC,GT,GG,CC,CC,AA,GG,CC,AA,CC,AA,AA,CC,CG,CC,TT,AA,GG,AA,AA,AA,AC,GG,AA,AA,AA,AT,GG,AC,GG,CC,AA,TT,AA,AA,GG,GG,GG,TT,AA,AA,TT,TT,TT,AG,TT,GG,GG,NN,1.58,Susceptible,Low,Poor,Late
L0540,Coimbatore,Tamil Nadu,Kharif,Red Loamy,Rainfed,650,29.5,68,AC,TT,GG,AG,GG,CC,GT,TT,CC,CG,AT,CT,CC,TT,GG,GG,CG,TT,TT,AA,CC,GT,TT,CC,TT,CC,GT,TT,GT,AA,TT,CC,AA,CC,GG,CG,GG,CC,GG,CC,TT,CC,AC,GT,AG,GG,TT,AA,CC,AA,GG,AT,AA,GG,CT,TT,AA,AA,GT,AC,AA,TT,TT,AA,TT,TT,CC,GG,CT,GG,AA,GG,CC,AA,GG,AC,AA,GG,GG,TT,AG,GG,GG,CC,AA,GG,AA,AA,CC,GT,AC,NN,CC,NN,TT,GG,CT,CC,TT,CC,CC,CC,AG,AA,NN,TT,CG,AA,GG,AC,CC,GG,TT,CC,TT,AA,AA,TT,CC,AG,CG,AG,CC,GG,TT,AA,NN,CC,CC,CC,AA,TT,CC,AA,CC,CC,AA,TT,AA,AA,GG,CC,CC,GG,AA,AA,AA,AC,GG,CC,CC,AG,AA,AG,GT,GG,AA,TT,CT,GG,CC,GT,TT,TT,CC,AA,TT,CT,AA,AT,GG,CC,AA,CC,CC,CC,CG,CC,AA,GG,AG,CC,TT,CC,GG,TT,GG,AT,AA,AA,TT,CC,GG,AA,CC,CC,GG,GG,AC,GG,TT,AC,AA,CC,GT,AT,CC,AT,AA,GG,TT,AT,AT,GG,GT,AA,CC,TT,GT,AA,GG,AA,TT,AA,NN,CC,CT,AA,AC,TT,GG,AG,CC,AG,CC,NN,TT,GT,GG,AT,AC,AC,AG,GG,CC,CC,GG,CC,GG,TT,AA,CC,TT,GG,CG,CC,AA,GG,CC,AT,CG,AA,AA,AC,CC,CC,TT,AA,GG,AA,AC,AC,AA,AG,AG,AA,AA,AT,GG,AA,AG,AA,AC,CT,AA,AG,GG,GG,GG,TT,AA,AG,TT,TT,TT,AA,AT,GG,GG,AA,3.85,Susceptible,Low,Premium,Early
L0541,Coimbatore,Tamil Nadu,Kharif,Red Loamy,Rainfed,650,29.5,68,AC,TT,GG,AG,GG,NN,GG,TT,CC,CG,AT,CC,CC,AT,TT,GG,CG,TT,TT,AA,CC,TT,GT,CT,TT,CC,TT,TT,GG,AA,TT,CC,AA,CC,GG,GG,GG,CC,GT,CC,TT,TT,AA,GT,AA,GG,TT,TT,CC,CC,GG,AA,AA,GG,CT,TT,AA,AA,GT,AA,AA,TT,TT,GG,TT,TT,CC,GG,TT,GG,AG,GG,CC,AA,GG,AA,AT,GG,TT,TT,GG,GG,GT,CC,AT,GG,AA,AA,CG,TT,CC,TT,CT,AT,TT,AG,TT,CC,GT,CC,CC,CC,GG,AA,TT,TT,CC,AA,GG,AA,CT,GG,TT,CG,GT,NN,AA,TT,CC,GG,CG,GG,CT,GG,TT,AG,CT,CC,AC,CC,AA,TT,CC,AA,CC,CC,AA,TT,AA,AA,CG,CC,CC,GG,AA,AG,AA,CC,GT,CG,CC,AA,AG,GG,GT,GG,NN,GT,TT,GG,AC,GT,TT,TT,CG,AA,GT,TT,AA,TT,GG,CC,AA,CT,CC,CC,GG,CC,AA,GG,AA,CC,NN,CG,GG,TT,CG,AA,AA,AA,TT,CC,GG,AA,CC,CC,GG,GG,CC,GG,TT,AA,AA,CC,GG,AA,CC,AA,AA,GG,TT,TT,AA,CG,GT,AA,GG,AT,TT,AA,GG,AA,CT,AA,TT,NN,TT,AA,CC,TT,GG,AG,CC,AA,CC,TT,TT,GT,GG,TT,AA,CC,GG,GG,CG,CC,GG,CC,GG,TT,AA,CC,GG,GG,CC,CC,AT,AG,CC,AA,CC,AA,AA,CC,GG,CC,TT,AA,GG,AA,AA,AC,AA,AA,AA,AG,AG,TT,GG,AA,AG,CC,AA,CT,GG,AA,CG,GG,GG,GT,AT,AG,TT,TT,TT,AG,TT,GG,GG,AA,2.97,Susceptible,High,Standard,Early
L0542,Coimbatore,Tamil Nadu,Kharif,Red Loamy,Rainfed,650,29.5,68,AA,CT,GG,AA,NN,CC,GT,TT,CC,CG,AA,CC,GG,AT,GT,GG,CG,TT,TT,AA,CC,GT,GT,CC,TT,CC,GT,TT,GT,AA,TT,CC,AA,CC,GG,GG,GT,CC,GG,CC,TT,CC,AA,GT,AA,GG,TT,TT,CC,AC,GG,AA,AA,CG,CT,TT,AA,AC,TT,AA,AA,TT,AT,AG,CT,AT,CC,GG,TT,GG,AA,GG,CC,AA,GG,AC,AT,GG,TT,TT,GG,GT,GT,CC,AA,GG,AA,AA,CC,GT,CC,TT,TT,TT,TT,AG,TT,NN,GT,CC,CC,CG,AG,AA,TT,TT,CC,AA,AG,AA,CT,GG,TT,CC,GT,CC,AA,TT,CG,AG,CC,GG,CC,GG,TT,AA,CC,CC,CC,CC,AG,TT,AC,AA,CC,NN,AA,TT,AA,AT,GG,CC,CC,GG,AA,AG,AA,CC,GG,CC,CC,AA,AG,GG,TT,AG,AC,TT,CT,AG,AC,GT,TT,CT,CC,AA,GT,TT,AA,TT,GG,CC,AG,CT,CC,CC,CG,CC,AT,GG,GG,CC,TT,CC,GT,TT,GG,AT,AA,AA,GT,CC,GG,AA,CC,CC,GG,GG,AA,GG,TT,AC,AG,CC,GG,AA,AC,AA,AT,GG,TT,AT,AA,CG,GT,AT,CC,TT,TT,AA,GG,AA,TT,AA,TT,CC,TT,AC,CC,TT,GG,AG,CC,GG,CC,TT,TT,GG,GG,TT,AA,AC,AG,GG,CC,CC,GG,CC,GG,AA,AA,CC,TT,GG,CC,NN,AA,GG,CC,TT,CC,AA,AA,CC,CC,AC,TT,AA,CG,AA,AC,NN,AA,AG,GG,AG,AA,TT,GG,AA,AG,AC,AC,CC,AA,AG,GG,GG,GG,GG,AT,AA,TT,TT,TT,GG,TT,GG,GG,AA,2.24,Susceptible,Medium,Poor,Late
L0543,Coimbatore,Tamil Nadu,Kharif,Red Loamy,Rainfed,650,29.5,68,AA,TT,AG,AA,GG,CC,GG,AT,CC,CG,AA,CC,CG,TT,TT,GG,CG,TT,AT,AA,CC,GT,GG,CC,TT,CC,GG,AT,TT,AA,CT,CC,AA,CC,GG,GG,GG,CC,GG,CC,TT,CC,AA,TT,AA,GG,CT,TT,CC,AC,GG,AA,AA,GG,CT,TT,AA,NN,GG,AA,AA,TT,AA,AA,TT,TT,CC,GG,TT,GG,AA,GG,CC,AA,AG,AA,TT,GG,TT,TT,GG,GG,GG,CC,AA,GG,AA,AA,CC,GT,CC,GT,CC,TT,GT,GG,CT,CC,TT,CC,CC,CG,AG,AA,TT,TT,CG,AA,AG,AC,CC,GG,TT,CG,GT,AA,AA,TT,GG,AG,CC,GG,CC,GT,CT,AG,CC,CC,CC,CC,AG,TT,CC,AA,CC,CC,AA,TT,AA,AA,GG,CC,CC,GG,AG,AA,AT,CC,GG,CC,CC,AG,AA,AG,GT,GG,AC,TT,TT,GG,CC,TT,TT,TT,CG,AT,GT,TT,AT,TT,NN,CC,AG,CT,CC,CC,GG,CC,AA,GG,AG,CC,TT,CC,GT,TT,CG,AA,AA,AA,GT,CC,GG,AA,CC,CC,CG,NN,CC,GG,TT,CC,AG,CC,GG,AA,CC,AA,AA,GT,GT,TT,AT,GG,GG,AA,CC,TT,GT,AA,GG,AA,CT,AA,TT,CC,TT,AA,CC,TT,GG,AG,CC,AG,CC,TT,TT,TT,GG,TT,AA,NN,AG,GG,CC,CG,GG,CC,GG,TT,AA,CC,TT,GG,CC,CC,AA,AG,CC,AA,CG,AA,AA,AC,CC,AC,TT,AA,CG,AA,AC,AA,AA,AG,AA,GG,AA,TT,GG,AA,AG,CC,AA,TT,AA,AA,GG,GG,CG,TT,AA,AA,TT,TT,TT,AG,AA,GG,GG,AA,1.75,Susceptible,Medium,Premium,Early
L0544,Coimbatore,Tamil Nadu,Kharif,Red Loamy,Rainfed,650,29.5,68,AA,TT,GG,AG,GG,CC,GT,AT,CC,CG,AT,CC,CG,AT,TT,GG,GG,TT,TT,AA,CC,GT,GT,CC,TT,CC,GT,TT,GG,AA,TT,CT,AA,AC,GG,CG,GG,CC,GG,CC,TT,CT,AA,TT,AA,AG,TT,TT,CC,AC,GT,AA,AA,GG,CT,TT,AA,AC,GT,AC,AG,TT,NN,AG,TT,TT,CC,GG,TT,GT,AG,GG,CC,AA,GG,AC,AT,GG,TT,TT,GG,GG,NN,CC,AT,GG,AA,AA,CC,GG,AC,TT,CC,AT,TT,GG,CT,CC,TT,CC,CC,CC,AG,AA,AT,TT,CG,AA,AG,AC,CC,GG,GT,CG,TT,AA,AA,NN,CG,GG,CC,GG,CC,GG,CT,AG,CC,CC,CC,CC,AG,TT,CC,AA,CC,CC,AA,TT,AA,AA,CC,CT,CC,GG,AA,AG,AA,CC,GG,CC,CC,AA,AG,AG,TT,GG,AA,GT,CC,GG,CC,TT,GT,CT,CC,AA,TT,CT,AT,TT,GG,CC,AA,CT,CC,CC,CG,CC,AT,GG,AG,CC,TT,CC,GT,TT,GG,AT,AA,AA,TT,CC,CG,AA,CC,CC,GG,AG,AC,GG,NN,AA,AA,CC,GG,AA,AC,AA,AT,GG,TT,TT,AA,GG,GG,AA,CG,TT,TT,AA,GG,AA,TT,AA,TT,CC,TT,AA,CC,TT,GG,AA,GG,GG,AC,TT,CT,GT,GG,TT,AC,AC,AA,NN,CC,CG,GG,CC,GT,AT,AA,CG,TT,GG,CG,CG,AA,AG,CG,AT,CC,AA,AA,AC,CG,AC,TT,AA,GG,AA,AA,AA,AA,AG,GG,AA,AA,AT,GG,AA,AA,AC,AA,CT,AA,AA,GG,GG,GG,TT,AT,AA,TT,TT,TT,AA,AT,GG,GG,AA,3.76,Susceptible,Low,Standard,Early
L0545,Coimbatore,Tamil Nadu,Kharif,Red Loamy,Rainfed,650,29.5,68,AC,TT,GG,AG,GG,CC,GG,AT,CC,CC,AA,CC,CC,TT,GT,GG,GG,TT,TT,AG,CC,GT,TT,CT,NN,CC,TT,TT,GG,AA,TT,CC,AA,CC,GG,GG,GG,GG,GG,CC,TT,CT,AC,TT,AG,GG,CT,TT,CC,AA,NN,AT,AA,GG,CC,TT,AA,AA,GG,AC,AG,GT,AT,AA,TT,AT,CC,GG,TT,TT,GG,GG,CC,AA,GG,AC,AT,GG,TT,TT,GG,GG,GG,CC,AA,GG,AA,AT,CC,GT,AC,GT,CT,TT,GT,GG,CT,AA,TT,CC,CC,CG,GG,AG,TT,TT,CC,AA,AA,AA,CC,GG,TT,CG,GT,AA,AA,TT,CG,GG,CC,AG,CC,GT,TT,AA,CC,NN,CC,CC,AA,TT,AC,AA,CC,CC,AA,TT,AG,AA,GG,CC,CC,GG,AA,AA,AA,CC,GT,CC,CC,AA,AA,NN,TT,GG,AC,TT,TT,GG,AA,GG,GG,TT,CG,AA,TT,TT,AA,TT,GG,CC,AA,CT,AC,CC,CG,CC,AA,GG,GG,CC,NN,CC,GT,TT,CG,TT,AA,AG,TT,CC,GG,AC,CC,CC,GG,GG,AC,GG,TT,AA,AA,CC,GG,AT,CC,AA,AA,TT,TT,TT,AA,GG,GT,TT,CG,AT,TT,AA,GG,AA,TT,AA,TT,CC,TT,AC,CC,CT,CG,AG,CC,GG,CC,TT,TT,GT,GG,TT,AA,AA,AG,GG,CC,CG,GG,CC,GG,AT,AG,CC,GT,GG,CG,CG,AA,GG,CC,TT,CC,AA,AA,AC,CC,CC,TT,AA,GG,AA,AA,CC,AC,AG,AA,AG,AA,AT,GG,AA,AG,AC,AA,CT,NN,AA,CG,AG,GG,GT,AA,AA,TT,NN,TT,AG,AT,GG,GG,AA,5.11,Susceptible,Medium,Standard,Late
L0546,Coimbatore,Tamil Nadu,Kharif,Red Loamy,Rainfed,650,29.5,68,AA,CT,AG,AA,GG,CC,GG,TT,CC,CG,AA,CC,CC,TT,TT,GG,GG,TT,TT,AA,CC,GT,GT,NN,TT,CC,TT,TT,GG,AC,TT,CT,AG,AC,GG,GG,GG,CG,GG,CC,TT,CT,AA,TT,AA,AG,TT,TT,CC,AC,GG,AA,AA,GG,CC,TT,AA,AA,GT,AA,AA,GT,AT,AA,TT,NN,CC,GG,CT,GT,AA,GG,CC,AA,NN,AA,AT,GG,GT,TT,GG,GG,GG,CC,AT,GG,AA,AA,CC,GT,CC,TT,CC,TT,GT,GG,TT,CC,GT,CC,CC,CC,AG,AA,TT,TT,CC,AG,AA,AA,CC,GG,TT,CC,GT,AC,AA,TT,CC,AA,CC,GG,CC,GG,TT,AG,CC,CC,CC,CG,AA,TT,AC,AA,CC,CC,AA,TT,AA,AA,GG,CC,CC,GG,AA,AG,AA,CC,GT,CC,CC,AG,AG,GG,TT,AG,AA,GT,TT,GG,CC,GT,GT,TT,CG,AA,TT,TT,AA,TT,NN,CC,AA,CC,CC,CC,NN,AC,AA,GG,AG,CC,TT,CC,GG,TT,CG,AT,AA,NN,TT,CC,GG,AA,AA,CC,GG,GG,CC,CG,TT,AC,AA,CG,GG,AA,CC,AA,AT,GG,TT,AT,AA,GG,GG,AT,CC,AT,GT,AA,GG,AA,TT,AC,TT,CC,CC,AC,AC,CT,CG,AA,CC,AG,AC,TT,TT,GT,GG,TT,NN,AC,AG,GG,CC,CG,GG,CC,GG,AT,AA,CC,TT,GG,CC,CG,AA,GG,CC,AA,CC,AT,AA,CC,CG,AC,TT,AA,GG,AA,AA,AC,AA,AG,AA,AA,AG,AT,GG,AA,AA,AC,AA,CT,AA,AG,GG,GG,GG,TT,AT,AA,GT,TT,AT,AA,TT,GG,GG,AA,2.32,Susceptible,Medium,Standard,Early
L0547,Coimbatore,Tamil Nadu,Kharif,Red Loamy,Rainfed,650,29.5,68,AA,TT,AG,AA,GG,CC,TT,TT,CC,CC,NN,CC,CC,AT,NN,GG,GG,TT,TT,AA,CC,TT,TT,CC,AT,CC,TT,AT,GG,AA,TT,CC,AA,NN,GG,GG,GG,CC,GG,AC,TT,TT,AA,TT,AA,AG,TT,TT,CC,AC,GG,AT,AG,GG,CC,GT,AA,NN,GT,AA,AG,TT,AT,AG,TT,TT,CC,GG,TT,GT,AA,GT,CC,NN,GG,AC,NN,GG,TT,TT,GG,GG,GT,CC,AA,GG,AA,AA,CC,GT,AC,TT,CC,TT,GT,GG,CT,NN,TT,CC,CC,CG,GG,AA,NN,TT,CC,AA,AA,AA,CC,GG,TT,CG,GT,AC,AA,TT,CG,AG,CG,GG,CC,GG,CT,AG,CT,CC,CC,CC,AA,TT,CC,AA,CC,CC,AA,TT,AA,AT,GG,CC,CC,GG,AA,AA,AA,CC,GT,CC,CG,AA,AG,GG,TT,GG,AA,NN,TT,GG,CC,GT,TT,TT,NN,AT,TT,TT,AA,TT,GG,CC,AA,CC,CC,CC,CG,CC,AA,GG,AG,CC,TT,CC,GG,GT,CC,AT,AA,AA,TT,AC,CG,AA,CC,CC,GG,GG,AA,GG,TT,AA,AA,CC,GG,AA,CC,AA,AT,GG,TT,TT,AT,GG,GT,AT,CC,AT,TT,AA,GG,AA,TT,AA,TT,CC,TT,AA,CC,TT,CG,AA,CC,AG,CC,TT,CT,TT,GG,AT,AC,CC,AA,GG,CC,CC,GG,CC,GG,TT,AG,CC,TT,GG,CC,CG,AA,AG,CC,AA,CC,AA,AA,AC,CG,AC,AT,AA,GG,AA,AA,AC,AA,AA,AG,AG,NN,TT,GG,AA,AA,CC,AA,CT,AA,AA,GG,GG,GG,TT,AA,AA,TT,TT,TT,AG,TT,GG,GG,AA,4.61,Moderate,Low,Standard,Medium
L0548,Coimbatore,Tamil Nadu,Kharif,Red Loamy,Rainfed,650,29.5,68,AA,CT,GG,AA,GG,CC,TT,TT,CC,CG,AA,TT,CG,TT,GT,GG,GG,TT,TT,AA,CC,GT,TT,CC,TT,CC,TT,TT,GG,AA,TT,CC,AA,CC,GG,CG,GG,CG,GG,CC,TT,TT,AC,TT,AA,GG,TT,NN,CC,NN,GT,AA,AA,GG,CC,TT,AA,AC,TT,AC,AA,TT,AT,AG,TT,AT,CC,GG,TT,GG,AG,GG,CC,AA,AG,AC,TT,GG,GT,TT,GG,GT,GG,CC,AA,GG,AA,AT,CC,TT,AC,TT,CC,AT,GT,GG,CT,AC,GG,CC,CC,CG,AG,AA,TT,TT,CG,NN,AA,AA,CT,GG,TT,CC,TT,AA,AA,TT,CC,GG,CG,GG,CC,GT,TT,AA,CC,CC,CC,CG,AA,TT,CC,NN,CC,CC,AA,TT,AA,AA,CG,CT,CC,GG,AA,AA,AT,AC,GT,CC,CC,AA,AA,GG,GG,GG,AA,GT,TT,GG,CC,GT,TT,CT,CG,AT,NN,CT,AA,TT,CG,CC,AA,TT,CC,CC,CG,CC,AA,GG,GG,CC,TT,CC,GG,TT,CG,TT,AA,AA,GT,CC,GG,AC,AC,CG,GG,GG,CC,GG,TT,AA,AA,CC,GT,AA,AC,AA,AA,GG,TT,TT,AA,GG,GG,AA,CG,AT,TT,AA,GG,AA,TT,AC,TT,CC,TT,AC,AC,CT,GG,AG,CC,AG,CC,TT,NN,GT,GG,TT,NN,CC,AG,GG,CG,CG,GG,CC,GG,TT,AA,CC,TT,GG,CG,CC,AT,GG,CG,AA,CC,AA,AA,CC,CG,AC,TT,AA,GG,AA,AA,AC,AA,AA,AG,NN,AA,TT,GG,AC,AA,AA,AA,CT,AA,AA,GG,GG,GG,TT,AA,AA,TT,TT,TT,AG,AT,GG,GG,AA,2.32,Susceptible,Medium,Premium,Medium
L0549,Coimbatore,Tamil Nadu,Kharif,Red Loamy,Rainfed,650,29.5,68,AA,TT,GG,AA,GG,CC,GG,TT,CC,CG,AA,CC,CC,AA,TT,GG,GG,TT,TT,AA,CC,GT,TT,CC,TT,CC,TT,TT,GT,AA,TT,CC,AA,CC,GG,GG,GG,CC,GG,CC,TT,TT,AA,TT,AG,GG,TT,TT,CC,AC,GT,AA,AA,GG,CT,TT,AT,AA,GG,AC,AA,TT,AT,AG,TT,AT,CC,GG,TT,GT,AA,GG,CC,AA,GG,AC,AA,GG,TT,TT,GG,GT,GG,CC,AA,GG,AG,AA,CC,GT,CC,TT,CT,TT,TT,GG,TT,AC,GT,CC,CC,CC,AA,AA,TT,TT,CC,AA,AA,AA,CT,GG,TT,CC,TT,AC,AA,TT,CC,GG,CG,AG,CC,GG,CT,AA,CC,CC,CC,CC,AA,TT,CC,AA,CC,CC,AA,TT,AA,AA,GG,CC,CC,GG,AA,AA,AA,AC,GG,CC,CC,AA,AA,NN,TT,AG,AC,TT,CT,GG,AC,TT,GT,TT,CC,TT,TT,TT,AA,TT,GG,CG,GG,CT,CC,CC,CG,AC,AA,NN,AG,CC,TT,CC,GT,TT,GG,TT,AA,AA,TT,CC,CG,AA,CC,CC,GG,GG,AC,GG,TT,AA,AA,CC,GG,AA,AC,AA,TT,GG,GT,TT,AA,GG,GT,TT,CC,TT,TT,AA,GG,AA,TT,AC,NN,CG,CT,AA,CC,CT,GG,AG,CC,AG,CC,TT,TT,TT,GG,TT,AA,AC,AG,GG,CC,CG,CG,CC,GG,TT,AA,CC,TT,GG,CC,CC,AA,GG,CC,AA,CC,AA,AA,AC,CC,CC,TT,AA,GG,AA,AA,AC,AA,AG,AA,AG,AA,AT,GG,NN,AA,AA,AA,CT,AA,AA,GG,GG,GG,TT,AT,AA,GT,AT,TT,AG,TT,GG,GG,AA,2.8,Susceptible,Low,Premium,Medium
L0550,Coimbatore,Tamil Nadu,Kharif,Red Loamy,Rainfed,650,29.5,68,AA,NN,AG,AG,GG,CC,GT,TT,CC,CG,AT,CC,CC,AT,TT,GT,GG,TT,TT,AA,CG,TT,GT,CC,TT,CC,NN,AT,GT,AA,TT,CC,AA,CC,GG,GG,GG,CG,GG,CC,TT,TT,AA,NN,AG,AG,TT,TT,CC,CC,GG,AA,GG,GG,CC,TT,AA,AA,TT,AC,AG,TT,TT,AA,CT,TT,CC,GG,TT,GG,AA,GG,CC,AA,GG,AC,AT,GG,TT,TT,GG,GG,GT,CC,AA,GG,AA,AA,CC,GT,CC,TT,CC,TT,TT,AG,TT,CC,GT,CC,CT,CC,AA,NN,TT,TT,CG,AA,AG,AA,CT,GG,GT,CC,TT,AC,AA,TT,CC,AG,CG,GG,CC,GT,TT,AA,CT,CC,CC,CC,AA,TT,AC,AA,CC,CC,AA,TT,AA,AA,GG,CC,CC,GG,AA,AG,AA,CC,GG,CC,CC,AA,AA,AG,GT,GG,AC,TT,TT,GG,CC,GT,TT,TT,CC,AA,GT,TT,AA,AT,CG,CC,AA,TT,NN,CC,NN,CC,AT,GG,AG,CC,TT,CG,GG,TT,CG,AA,AA,AA,TT,CC,GG,AC,CC,CC,GG,GG,AC,GG,TT,AA,AG,CC,GT,AA,CC,AA,AA,GG,TT,TT,AA,CC,GT,AT,CC,AT,GT,AA,GG,AA,TT,AA,TT,CC,TT,AA,CC,TT,CG,AG,NN,AA,AC,TT,CT,TT,GG,TT,AC,CC,AA,GG,CC,CG,GG,CC,GG,AT,AA,CC,TT,NN,CC,CG,AA,GG,CG,AA,CG,AA,AA,CC,CC,NN,TT,AA,GG,AA,AA,AA,AA,AG,AA,AG,AA,TT,CG,AC,AG,AC,AA,TT,AA,AA,GG,GG,GG,TT,AA,AA,TT,TT,TT,AA,TT,CG,GG,NN,4.44,Susceptible,High,Standard,Medium
L0551,Coimbatore,Tamil Nadu,Kharif,Red Loamy,Rainfed,650,29.5,68,AA,TT,GG,AG,GG,CG,GG,TT,CC,CG,AA,CT,CG,AA,TT,GG,CG,TT,TT,AG,CC,GT,GT,CT,TT,CC,TT,TT,GG,AC,CT,CT,AA,CC,GG,GG,GG,CC,GG,CC,TT,TT,AA,GT,AA,AG,TT,AT,CC,AC,GG,AA,AA,GG,CC,GT,AA,AC,GT,AA,AA,TT,AT,AA,CT,TT,CC,GG,TT,GG,AA,GG,CC,AA,AG,AA,AA,GG,GT,TT,GG,GG,GG,CC,AT,GG,AA,AA,CC,GT,CC,TT,CC,TT,TT,GG,TT,CC,GT,CC,CC,CG,GG,AA,AT,TT,CC,AA,AA,AA,CT,GG,GT,CG,TT,AA,AA,TT,CG,AA,CC,GG,NN,GT,TT,AA,CC,CC,AC,CC,AA,TT,NN,AA,CC,CC,AA,TT,AA,AT,GG,CC,CG,GG,AG,AG,AA,CC,GT,CC,CG,AA,AG,GG,TT,AG,AC,TT,CC,GG,CC,TT,TT,TT,CC,AA,GT,TT,AA,TT,GG,CC,AA,CT,CC,CC,CG,CC,AA,AG,NN,CC,TT,CG,GT,GT,GG,TT,AA,AA,TT,CC,CC,AA,CC,CC,GG,GG,CC,GG,TT,AA,AA,CG,GG,AA,CC,AA,AA,GG,TT,TT,TT,GG,GT,AA,CC,TT,TT,AA,GG,AA,CT,AA,TT,CC,CT,AA,CC,CT,CG,AG,CG,GG,CC,TT,CC,GT,NN,TT,AA,AC,AA,GT,CG,CG,GG,CC,GT,AT,AA,CC,GT,AG,CC,CC,AA,AG,CC,AT,CC,AA,AA,CC,CC,NN,TT,AG,GG,AA,AA,AC,AA,GG,AG,AG,AA,TT,NN,NN,AA,AC,AA,TT,AA,AA,GG,GG,GG,GT,AA,AA,TT,TT,TT,AA,AT,CG,GG,AA,5.88,Moderate,Medium,Poor,Late
L0552,Coimbatore,Tamil Nadu,Kharif,Red Loamy,Rainfed,650,29.5,68,AA,TT,AG,AG,CG,CG,GG,TT,CC,CC,AA,CT,CG,AT,TT,GG,CG,TT,TT,AG,CC,GT,GT,CT,NN,CC,GT,TT,GG,AA,TT,CC,AA,CC,AG,GG,GG,CC,GG,CC,TT,CT,AA,TT,AG,AG,TT,TT,CC,AA,GG,AT,AA,GG,CC,TT,AA,CC,GG,NN,AG,TT,TT,AG,CT,TT,CC,GG,TT,GG,AA,GG,CC,AG,GG,AA,AA,GG,TT,TT,GG,GG,GG,CC,AT,GG,AA,AA,CC,TT,AC,TT,CC,AT,TT,GG,CT,CC,TT,CC,CC,CC,AG,AA,TT,TT,CG,AG,AG,AA,CT,GG,TT,CC,TT,AA,AA,TT,CC,AG,GG,AG,CC,GG,TT,AG,CC,CC,CC,CC,AA,TT,AC,AA,CC,NN,AA,TT,AG,AA,NN,CC,CC,GG,AA,AG,AA,CC,GG,CC,CC,AA,AA,GG,TT,GG,AC,NN,CT,AG,CC,TT,TT,TT,NN,AA,TT,TT,AA,TT,GG,CC,AG,CT,CC,CC,CG,AC,AA,GG,AG,CC,TT,CC,GG,TT,GG,TT,AA,AG,TT,AC,GG,AA,AC,CC,GG,GG,AC,GG,TT,AA,AG,CC,GG,AA,AC,AA,AT,GT,TT,TT,AA,CC,GT,AA,CC,TT,GT,AA,GG,AA,TT,AA,TT,CG,TT,AA,CC,TT,CG,AG,CC,AG,CC,TT,TT,GT,GG,TT,AC,CC,AG,GG,CC,CG,GG,CC,GG,AT,AA,CC,TT,GG,CC,CC,AT,GG,CC,AT,CC,AT,AA,CC,CG,AC,TT,AA,GG,AA,AA,AA,AA,AG,AA,AA,AA,AT,GG,AA,AA,AC,AC,CT,AA,AA,GG,GG,GG,TT,AA,AA,TT,TT,TT,GG,TT,GG,GG,AA,5.0,Moderate,Medium,Poor,Medium
L0553,Coimbatore,Tamil Nadu,Kharif,Red Loamy,Rainfed,650,29.5,68,AC,CT,GG,AA,CG,CC,GG,TT,CC,CG,AA,CC,CC,TT,TT,GG,CG,TT,TT,AA,CC,GT,GT,CT,TT,CC,TT,TT,GG,AA,TT,CT,AA,AC,GG,GG,GG,CC,GG,CC,TT,TT,AA,TT,AG,AG,TT,AT,CC,AC,GG,AA,AA,GG,CT,TT,AA,AA,TT,CC,AA,TT,NN,AG,TT,AT,CC,GG,CT,GT,AG,GT,CC,AG,GG,AA,AT,GG,TT,TT,GG,GG,GG,CC,AA,GG,AA,AT,CC,GG,CC,TT,CT,TT,TT,AG,CT,CC,TT,CC,CC,CC,AA,AA,TT,TT,CC,AA,AG,AA,CT,GG,TT,CC,TT,AA,AA,TT,CG,AG,CC,GG,CC,GG,TT,AA,CC,CC,CC,CC,AA,TT,CC,AA,CC,CC,AA,TT,AA,AA,GG,CT,CC,GG,AA,AA,AA,CC,GG,CC,CC,AA,AG,GG,GT,GG,CC,NN,CT,AG,CC,GT,GT,TT,CG,AA,GT,TT,AT,AT,CG,CC,GG,CT,AC,CC,GG,AC,AA,GG,AG,NN,TT,NN,GG,TT,GG,AT,AA,AG,TT,CC,GG,AA,AC,NN,GG,AG,AC,GG,CT,AA,AG,CC,GT,TT,CC,AT,AT,GG,TT,AT,AA,GG,TT,TT,CC,TT,GT,AA,GG,AA,CT,AA,TT,CC,TT,AC,CC,TT,CG,AA,CC,AA,CC,TT,TT,TT,GG,TT,AA,AC,AA,GG,CC,CG,GG,CC,GG,TT,GG,CG,GT,GG,CC,CC,AT,GG,GG,AT,CC,AA,AA,CC,CG,AC,TT,AG,GG,AA,AA,AC,AC,AA,AG,AA,AA,AT,CG,CC,AA,CC,AA,CT,AA,AA,CG,GG,GG,GT,AA,AA,TT,TT,TT,AA,NN,GG,CG,AA,5.32,Susceptible,High,Premium,Late
L0554,Coimbatore,Tamil Nadu,Kharif,Red Loamy,Rainfed,650,29.5,68,NN,CT,GG,AA,GG,CC,GG,TT,CC,CC,AA,CT,CC,TT,TT,GG,CG,TT,TT,AA,CG,TT,GT,CC,TT,CC,GT,TT,GG,AA,TT,CC,AA,CC,AG,GG,GG,GG,GG,CC,TT,CT,AA,TT,AG,AG,TT,TT,CC,AA,GT,AA,AA,GG,CC,TT,AT,AC,GG,AC,GG,GT,TT,AG,TT,AT,NN,GG,CT,GG,AA,GG,CC,AA,GG,AA,AT,GG,TT,TT,GG,GT,GG,CC,AA,GG,AA,AT,CC,TT,CC,TT,CC,TT,GT,GG,TT,NN,GT,CC,CT,CG,AG,AA,TT,TT,CC,AA,AG,AA,CT,GT,TT,CC,GT,AA,AA,TT,CC,GG,CC,GG,CC,GG,TT,AA,CC,NN,CC,CC,AA,TT,CC,AA,CC,CT,AA,AT,AA,AA,CG,CC,CG,GG,AA,AG,AA,CC,GG,CG,CC,AG,AA,AG,TT,GG,AC,GT,TT,AG,AC,TT,GT,TT,CC,AT,TT,TT,AA,TT,NN,CC,AG,CT,CC,CC,CG,CC,AA,GG,AA,CC,TT,CG,GT,TT,GG,TT,NN,AA,TT,CC,CG,AC,AC,CC,GG,GG,CC,GG,TT,AC,AA,CC,GT,AA,AC,AA,NN,TT,GT,TT,AT,GG,GT,AA,CG,AT,TT,AA,GG,AA,CT,AA,TT,CC,CT,AC,CC,TT,GG,AG,CG,AG,CC,TT,CT,GT,GG,TT,CC,AA,AA,GT,CC,CC,GG,CC,GG,TT,AA,CC,TT,GG,CC,CG,AA,GG,CC,AT,CC,AA,AG,AC,CG,AC,TT,AA,GG,AA,AA,AC,AA,GG,AG,AA,AA,TT,GG,AA,GG,AC,AC,CT,AA,AA,GG,GG,GG,TT,AA,AA,GG,TT,TT,AA,AT,CG,CG,AA,3.95,Susceptible,High,Standard,Early
L0555,Coimbatore,Tamil Nadu,Kharif,Red Loamy,Rainfed,650,29.5,68,AA,TT,AG,AG,NN,CC,GG,AT,CC,CG,AA,CC,CC,TT,GT,GT,GG,TT,TT,AG,CC,GT,TT,CT,TT,CC,TT,TT,GG,AA,TT,CT,AA,CC,GG,GG,GG,CG,GG,CC,TT,TT,AA,TT,AA,AG,TT,AT,CC,AA,GT,AA,AA,GG,TT,GT,AA,CC,GT,AC,AA,GT,AT,AA,TT,TT,CC,GT,TT,GT,AA,GG,NN,AA,GG,AA,AT,GG,TT,TT,GG,GG,GG,CC,AA,GG,AA,AT,CC,GT,CC,GT,CC,TT,TT,GG,TT,AC,TT,CC,CC,CG,GG,AA,TT,TT,CC,AA,AG,AC,CT,GG,TT,CG,GT,AA,AA,TT,CC,GG,CC,GG,CT,GT,TT,AG,CC,CC,CC,CC,AA,TT,CC,AA,CC,CT,AA,TT,AA,AA,GG,CT,CC,AG,AA,GG,AA,CC,GG,CC,CC,AG,AG,GG,TT,GG,CC,TT,CT,GG,CC,GT,TT,TT,CG,NN,GT,TT,AA,AT,GG,CC,AA,CC,AC,CC,CG,CC,AA,GG,AG,CC,TT,CG,GT,GT,CG,TT,AA,AA,TT,AC,CG,AA,AA,CC,GG,GG,NN,GG,TT,AC,AG,CG,GG,AA,CC,AT,AA,GT,TT,AT,AA,GG,GT,AT,CC,AT,TT,AA,GG,AA,TT,AA,TT,CC,CC,AA,CC,TT,CC,AA,CC,GG,CC,TT,CT,TT,GG,TT,AA,CC,AG,GG,CC,CG,GG,CC,GG,TT,AA,CC,GT,GG,CC,NN,AA,GG,CC,AA,CC,AT,AA,CC,CG,CC,TT,AA,GG,AA,AA,AA,AA,AG,NN,AG,AA,AA,GG,AC,AA,AC,AA,TT,AA,AA,GG,GG,GG,GT,AT,AA,GT,TT,TT,AG,TT,GG,GG,AA,2.7,Susceptible,Low,Standard,Medium
L0556,Coimbatore,Tamil Nadu,Kharif,Red Loamy,Rainfed,650,29.5,68,AC,CT,GG,AG,GG,CC,GG,TT,CC,CG,AA,CT,CG,AT,TT,GG,GG,TT,TT,AA,CC,TT,GT,CT,TT,CC,TT,TT,GT,AA,TT,CC,AA,CC,AG,GG,GG,CG,GG,CC,NN,TT,AA,TT,AA,AG,TT,TT,CG,CC,GT,AA,AA,GG,CC,TT,AA,AA,GT,AA,AA,TT,AT,AA,TT,AT,CC,GG,TT,GG,AA,GG,CC,AA,AG,AA,AA,GG,TT,TT,AG,GG,GG,CC,AA,GG,AA,AT,CC,TT,CC,TT,CT,AT,TT,GG,TT,CC,GT,CC,CT,CG,GG,NN,TT,TT,CC,AA,AA,AA,CT,GG,TT,CC,GT,AA,AC,TT,CC,AG,CC,GG,CC,GT,NN,AA,CC,CC,CC,CC,AA,NN,CC,AC,CC,CT,AA,TT,AA,AA,GG,CC,CC,GG,AG,GG,AA,CC,GT,CC,CC,AA,AA,GG,TT,GG,AC,TT,CT,GG,NN,TT,TT,TT,CG,AA,TT,CT,AA,TT,GG,CC,AG,CT,CC,AC,CG,AC,AA,AG,AA,CC,TT,CC,GG,TT,GG,AT,AA,AG,TT,CC,CG,AA,CC,CC,CG,GG,AA,GG,TT,AC,AA,CC,GG,AT,CC,AA,AA,GT,TT,TT,AA,GG,GT,AT,CG,TT,TT,AA,GG,AA,TT,AC,TT,CC,TT,AA,CC,TT,CG,GG,CC,AG,AC,TT,CC,GT,GG,TT,AC,CC,AA,GG,CC,CG,GG,CG,GG,AT,AG,CG,TT,GG,CC,CC,AT,GG,CG,AA,CG,AA,AA,AA,CC,AC,TT,AA,GG,AA,AC,AC,AA,GG,AG,AA,AA,TT,GG,NN,AG,CC,CC,NN,AG,AA,GG,GG,GG,TT,AA,AA,TT,TT,TT,AG,TT,GG,GG,AA,4.04,Susceptible,Low,Poor,Late
L0557,Coimbatore,Tamil Nadu,Kharif,Red Loamy,Rainfed,650,29.5,68,AC,TT,GG,AA,GG,CC,GG,TT,CG,CG,AA,CC,CC,TT,TT,GT,GG,TT,TT,AA,CG,GG,GT,CC,TT,CC,GT,TT,GG,AA,TT,CC,AA,CC,GG,GG,GG,CG,GG,AC,TT,CT,AA,TT,AG,NN,TT,TT,CC,AC,GG,AA,AG,GG,CC,TT,AA,AC,GT,AA,AA,TT,AT,AA,TT,AA,CC,GG,TT,GT,AG,GG,CC,AA,GG,CC,AA,GG,TT,TT,GG,GT,GG,CC,AA,GG,AG,AA,CC,GT,AC,TT,CC,AT,GT,GG,TT,CC,TT,CC,CC,CC,GG,AA,TT,TT,GG,AA,GG,AA,CT,GG,TT,CC,TT,AC,AA,TT,CC,GG,CC,AG,CC,GG,NN,AA,CC,CC,AC,CC,AA,GT,CC,AA,CC,CT,AA,TT,AA,AA,GG,CC,CC,GG,AA,NN,AA,CC,GG,CC,CC,AG,AG,GG,GT,GG,AA,GT,CT,GG,AC,TT,TT,TT,CG,AT,GT,CT,AA,AT,CG,CC,AG,CC,AC,CC,GG,AC,AA,GG,AA,CC,TT,CC,GT,GT,GG,AA,AA,AA,TT,AC,NN,AA,CC,CC,GG,GG,AA,GG,TT,AA,AA,CC,GT,AT,AC,AA,AT,GT,TT,AT,AA,GG,GG,AT,CG,AT,TT,AA,GG,AA,TT,AA,TT,NN,TT,AC,CC,TT,CG,AG,CC,AG,CC,TT,TT,TT,GG,TT,AA,AC,AA,GG,CC,CC,GG,CC,GG,TT,AA,NN,GT,GG,CG,CG,AA,AG,CC,AA,CC,AA,AG,AC,CC,AC,TT,AA,GG,AA,AC,AC,AC,GG,AA,AA,NN,TT,GG,AC,AG,AC,AA,CT,AA,AA,CG,GG,GG,TT,NN,AA,TT,TT,TT,AA,AT,GG,GG,AA,0.82,Susceptible,Low,Poor,Late
L0558,Coimbatore,Tamil Nadu,Kharif,Red Loamy,Rainfed,650,29.5,68,AA,TT,GG,AA,GG,CC,GT,AT,CC,CC,AA,NN,CG,AT,TT,TT,GG,TT,TT,AG,CC,TT,GT,CT,TT,CC,TT,TT,GG,AA,TT,CC,AA,CC,GG,GG,GG,CG,GG,CC,TT,CT,AA,TT,AA,AA,TT,AT,CC,AA,GT,AA,AA,CG,CC,TT,AA,AA,GT,AA,AA,TT,TT,AA,TT,TT,CC,GT,NN,GG,GG,GG,CC,AA,GG,AA,AT,GG,TT,TT,GG,GT,GT,CC,AT,GG,AA,AA,CC,GT,CC,TT,CT,TT,TT,GG,TT,AC,GG,CC,CC,CG,AA,AG,TT,GT,CC,AA,AA,AA,CT,GG,GT,CG,GT,AC,AA,TT,CC,GG,CC,GG,CC,GG,TT,AG,CC,CC,AC,CC,AA,TT,CC,AA,CC,NN,AA,TT,AA,AA,GG,CC,CC,GG,AA,AG,AA,CC,GG,CC,CC,AA,AA,AG,GG,GG,AA,GG,CT,AG,AC,NN,GT,TT,CC,AA,GT,CT,AA,TT,GG,CC,AA,CT,CC,AC,CG,CC,AA,GG,AG,NN,NN,CC,GG,TT,GG,AT,AA,AA,GT,AC,GG,AA,CC,CC,GG,GG,AA,GG,TT,NN,AA,CC,GG,AA,AC,AT,AA,GG,TT,AT,AA,GG,TT,AA,CC,TT,GT,AA,GG,AA,TT,AA,TT,CC,CT,AA,CC,TT,CG,GG,CC,GG,CC,AT,CT,TT,GG,TT,AA,CC,AA,GG,CC,CC,GG,CC,GG,AT,AA,CC,GT,AG,CC,CC,AT,GG,CC,AA,CC,AT,AA,CC,CG,AC,TT,AA,GG,AA,CC,AC,AA,GG,AG,AA,AA,TT,GG,AA,AG,AC,AA,TT,AA,AG,GG,AG,GG,TT,AA,AG,TT,TT,TT,AG,TT,GG,GG,AA,2.58,Moderate,Medium,Poor,Early
L0559,Coimbatore,Tamil Nadu,Kharif,Red Loamy,Rainfed,650,29.5,68,AC,TT,GG,AG,GG,CC,GT,AT,CC,CC,AA,CC,CC,TT,TT,GG,GG,TT,TT,AA,CG,GT,GT,CC,TT,CT,TT,AT,GG,AA,TT,CC,AA,NN,GG,CG,GG,CG,GG,CC,TT,CT,AA,TT,AA,AG,TT,TT,CC,CC,GG,AA,AA,GG,CT,GT,AA,AC,TT,AC,AG,TT,TT,AG,TT,TT,CC,GG,TT,GG,AA,GG,CC,AA,GG,AC,AT,GG,TT,TT,GG,GG,GG,CC,AT,GG,AA,AT,CC,TT,AA,TT,CT,TT,TT,GG,TT,CC,TT,CT,CC,CG,GG,AA,TT,TT,CC,AA,GG,AA,CC,GG,GT,CC,GT,AA,AA,TT,CC,GG,CC,GG,CC,GG,CC,AA,CC,CC,CC,CC,AA,TT,CC,AA,CC,CC,AG,TT,AG,AA,GG,CC,CG,GG,AA,GG,AA,AC,GT,CC,CC,AA,AA,GG,TT,GG,AC,TT,TT,GG,CC,GT,GT,CT,CC,AT,GG,CT,AA,TT,GG,CC,GG,CT,AC,AC,GG,CC,AT,AG,AG,CC,TT,CC,GG,GT,CG,AA,AA,AA,TT,CC,CG,AA,CC,CC,GG,GG,CC,GG,TT,AA,AA,CC,GG,AA,AC,AA,AT,GG,GT,TT,AA,CG,GG,AA,CG,TT,GT,AA,GG,AA,TT,AA,TT,CC,TT,AA,CC,TT,CG,GG,CC,AA,CC,TT,TT,GT,GG,TT,AC,AC,AG,GG,CC,GG,GG,CC,GG,NN,AA,CC,GT,GG,CG,CG,AA,GG,CC,AT,CC,AA,AA,AC,CG,CC,TT,AG,GG,AA,AA,AA,AC,AG,AG,AA,AA,TT,CG,AC,AA,AC,AC,CT,AG,AA,GG,GG,GG,TT,AA,AA,GT,TT,TT,AA,TT,GG,GG,AA,4.26,Susceptible,Low,Standard,Early
L0560,Coimbatore,Tamil Nadu,Kharif,Red Loamy,Rainfed,650,29.5,68,CC,TT,AG,AG,CG,CC,NN,AT,CC,CG,AA,CT,CG,TT,TT,GG,CG,TT,TT,AA,CC,TT,GT,CC,TT,CC,GT,TT,GG,AA,TT,CC,AA,CC,GG,CG,GG,CC,GG,AC,TT,CT,AA,GT,AG,GG,TT,TT,CC,CC,GG,AA,AA,GG,CC,GT,AA,AA,GT,AA,AA,GT,AT,AA,CT,TT,CC,GG,TT,GG,AG,GG,CC,AA,GG,AA,AA,GG,GT,TT,GG,GG,GT,CC,AA,GG,AA,AA,CC,TT,AC,TT,CC,AT,TT,AG,TT,CC,GT,CC,CC,CC,GG,AA,TT,GT,CC,AA,AG,AA,CC,GG,TT,CC,TT,AC,AA,TT,CG,AA,CC,GG,CC,GT,CT,AG,CC,CC,CC,CC,AA,TT,CC,AA,CC,CC,AA,TT,AA,AA,CG,CC,CC,GG,AG,AG,AA,CC,GG,CC,CC,AA,AG,AG,TT,GG,NN,TT,TT,GG,AA,TT,GT,TT,CG,AT,TT,TT,NN,AT,GG,CC,AG,CC,CC,CC,GG,CC,AA,GG,AA,CC,TT,GG,TT,TT,GG,TT,AA,AG,TT,AC,GG,AC,CC,CC,GG,GG,AC,GG,TT,AC,AA,CC,GG,AA,AC,AA,AT,GG,GT,AT,AA,GG,GG,AT,CC,AT,TT,AA,GG,AG,CT,AA,TT,NN,TT,AC,CC,CC,CG,AA,CC,AG,CC,AA,CT,TT,GG,TT,AA,AC,NN,GG,CC,CG,GG,CC,GG,AT,AA,CG,NN,GG,CC,CG,AA,NN,CG,AA,CC,AA,AA,AC,CG,CC,TT,AA,GG,AA,AC,AA,AA,GG,AG,AA,AA,TT,GG,AA,AG,AC,AC,CC,AA,AA,CG,GG,CG,TT,AA,AA,TT,TT,TT,AA,NN,GG,GG,AC,2.24,Resistant,Low,Poor,Early
L0561,Coimbatore,Tamil Nadu,Kharif,Red Loamy,Rainfed,650,29.5,68,AC,CT,GG,GG,CG,CC,GG,TT,CC,CC,AT,CC,GG,TT,TT,NN,GG,TT,TT,AA,CG,GT,GT,CC,TT,CC,GT,TT,GT,AA,TT,CT,AA,CC,GG,GG,GG,CC,GG,CC,TT,CT,AA,TT,GG,AG,TT,TT,CC,CC,GG,AA,AG,GG,NN,TT,AA,AA,GG,AA,AA,TT,TT,AG,TT,TT,CC,NN,CT,GG,AG,GG,CC,AA,GG,AC,AT,GG,TT,TT,GG,GT,GG,CC,AT,GG,AA,AA,CC,TT,NN,TT,CC,TT,GT,GG,TT,CC,GT,CC,CC,CG,AG,AA,TT,TT,CC,AA,AA,AC,CC,GG,TT,CG,TT,AA,AA,TT,CC,AG,CC,GG,CT,GG,TT,AA,CC,CC,CC,CC,AA,TT,CC,AA,CC,CC,AA,AT,AA,AA,GG,CC,CC,AG,AA,AA,AA,CC,GG,CC,CG,AG,AG,GG,TT,AG,AC,TT,CT,GG,CC,TT,GG,TT,CC,AA,TT,CT,AA,AT,CG,CC,AG,CT,CC,CC,CC,CC,AA,GG,AG,CC,TT,CG,GT,TT,GG,AT,AA,NN,TT,CC,GG,AC,AC,CC,GG,GG,AA,GG,TT,AC,AA,CC,GT,AT,CC,NN,AA,GG,TT,TT,AT,GG,GG,AA,CC,TT,GT,AA,GG,AA,CT,AA,TT,CC,CT,AA,AC,TT,GG,AG,CC,AA,CC,AT,TT,GT,GG,TT,AA,AC,AG,GG,CC,CC,GG,CG,GG,AT,AA,GG,TT,GG,CC,CC,AA,NN,CC,AA,CC,AT,AA,CC,CC,AA,TT,AA,GG,AA,AA,AC,AA,GG,AA,AA,AA,AT,GG,AA,AG,AA,AA,CT,AA,AG,GG,GG,GG,TT,AA,AG,TT,TT,NN,AA,TT,GG,GG,AA,3.84,Moderate,High,Standard,Medium
L0562,Coimbatore,Tamil Nadu,Kharif,Red Loamy,Rainfed,650,29.5,68,CC,TT,GG,AG,GG,CC,GT,TT,CC,CC,AA,CC,CC,AT,TT,GG,GG,TT,TT,AA,NN,TT,TT,CC,TT,CC,GT,TT,GT,AA,TT,CT,AA,CC,GG,CG,GG,CG,GG,CC,TT,TT,AC,TT,AA,GG,CT,AT,CC,AA,GG,AA,AA,GG,CC,TT,AA,NN,TT,AC,AA,TT,TT,AG,TT,AT,CC,GG,TT,GT,AA,GG,CC,AA,GG,AA,AT,GG,TT,TT,GG,GG,GT,CC,AT,GG,AA,AA,CC,GT,CC,TT,CC,TT,NN,GG,TT,CC,GT,TT,NN,CC,AA,AA,TT,GT,CC,AA,AG,AA,CT,GG,NN,CC,TT,NN,AA,TT,CC,GG,CG,GG,CC,GG,TT,AA,CC,CC,NN,CC,AA,TT,CC,AC,CC,CC,AA,TT,AA,AT,GG,CC,CC,GG,AA,AG,AA,CC,GG,CC,CC,AA,AG,AG,NN,AG,AA,TT,TT,GG,AC,TT,TT,TT,CG,AA,GG,CT,AT,TT,GG,CG,AG,TT,AC,CC,GG,CC,AA,GG,GG,CC,TT,CC,TT,GT,CG,TT,AA,AA,TT,AA,GG,AA,CC,CC,GG,GG,AA,GG,TT,AC,AA,CG,GG,AA,AA,AA,AA,TT,TT,AT,AT,GG,GG,AT,CC,AT,GT,AA,GG,AA,CT,AA,TT,CC,TT,AA,CC,CC,GG,AA,CC,AG,CC,TT,TT,GG,GG,TT,AC,CC,AG,GG,CC,CG,GG,CC,GG,AT,AA,CC,TT,AG,CC,CG,AA,AG,CC,AA,CC,AA,AA,AA,CG,AA,TT,AG,GG,AA,AA,AA,AA,AG,AA,AA,AA,AT,CG,AC,AA,CC,AC,TT,AG,AA,GG,GG,GG,TT,AT,AG,GT,NN,TT,AG,TT,GG,GG,AA,4.9,Susceptible,High,Poor,Late
L0563,Coimbatore,Tamil Nadu,Kharif,Red Loamy,Rainfed,650,29.5,68,AC,TT,GG,AG,GG,CG,GG,AT,CC,CC,AA,CT,CC,TT,TT,GG,GG,TT,TT,GG,CC,GT,GT,CC,TT,CC,TT,TT,GG,AA,TT,CC,AA,CC,AG,GG,GG,GG,GG,CC,TT,CT,AA,GT,AA,AG,TT,AT,CC,AA,GT,AA,AA,GG,CC,TT,AT,AA,GG,CC,AA,NN,AA,AA,TT,TT,CT,GT,TT,GG,AA,GG,CC,AA,AG,CC,AA,GG,GT,TT,GG,GG,GT,CC,AA,GG,AA,AT,CC,GG,CC,TT,CT,TT,GG,GG,TT,CC,GT,CC,CT,CC,NN,AA,TT,TT,CG,AA,AA,AA,CT,GG,TT,CC,GT,AA,AA,TT,CC,AG,CG,AG,CC,GT,TT,AA,CC,CC,CC,CC,AA,TT,CC,NN,CC,CC,AA,TT,AA,AA,GG,CC,CG,GG,AA,AA,AA,CC,GT,CC,CC,AA,AA,GG,TT,GG,AA,TT,TT,GG,CC,TT,GT,TT,CG,AA,TT,TT,AA,TT,GG,CC,AA,CT,CC,CC,GG,CC,AA,GG,AG,CC,TT,CC,GG,TT,CG,AT,AA,AA,TT,AC,GG,AA,AC,GG,GG,GG,AA,GG,TT,AC,AA,CC,GG,AA,CC,AT,AA,GT,GT,TT,AA,CG,GT,AT,CG,TT,TT,AA,GG,AA,CC,AA,TT,CC,TT,AA,CC,TT,GG,AA,CG,AG,CC,TT,TT,GT,GG,AT,AC,AC,AA,GT,CC,CC,GG,CC,GT,TT,AA,CC,GT,GG,CC,CC,AA,GG,GG,AA,CG,AA,AA,CC,CG,CC,AT,AA,GG,AA,AA,AC,AA,AG,AG,AA,AA,TT,GG,AA,AA,CC,AC,TT,AA,AA,GG,GG,GG,TT,AT,AA,TT,TT,TT,AG,TT,GG,GG,AA,2.01,Susceptible,Low,Premium,Early
L0564,Coimbatore,Tamil Nadu,Kharif,Red Loamy,Rainfed,650,29.5,68,AA,TT,AG,AG,GG,CC,GT,TT,CC,CG,AA,CC,CC,TT,GT,GG,GG,TT,TT,AA,CC,GT,TT,CC,AA,CC,TT,AT,GG,AA,TT,CC,AA,CC,GG,CG,GG,CG,GG,CC,TT,TT,AA,TT,AG,GG,TT,TT,NN,AA,GT,AA,AA,GG,CC,TT,AT,AC,GT,AA,AA,TT,TT,AG,TT,TT,CT,GG,TT,GT,AA,GG,CC,AA,GG,AA,AT,AA,TT,TT,GG,GG,GG,CC,AA,GG,AA,AT,CC,GT,AC,TT,CC,TT,TT,GG,TT,NN,GT,CC,CC,CG,GG,AA,TT,TT,CC,AG,AA,AA,CC,GG,TT,CC,TT,AA,AA,TT,CC,GG,CC,AG,CC,GT,TT,GG,CC,CC,CC,CC,AA,GT,CC,AA,CC,CC,AA,TT,AA,AA,GG,CC,CC,GG,AA,AG,AA,CC,GG,CC,CC,AA,AA,AG,TT,GG,AA,TT,TT,AG,AA,TT,GT,CC,CC,TT,GT,CT,AA,TT,GG,CC,AG,CT,CC,CC,GG,CC,AA,GG,AA,CC,TT,CC,GT,TT,CG,AT,AA,AA,TT,CC,GG,AA,AC,CC,GG,GG,AC,GG,TT,AC,AA,CC,GG,AA,CC,AA,AA,GT,TT,AT,TT,GG,TT,AT,CC,TT,TT,AA,GG,AA,CT,AA,TT,CC,TT,AC,CC,TT,CG,AA,CC,AG,CC,TT,CT,TT,GG,TT,NN,AC,AA,GG,CC,CC,GG,CC,GG,TT,AA,NN,TT,GG,CG,CG,AA,GG,CC,AA,CC,AA,AA,AC,CG,AC,TT,AA,GG,AA,AA,AA,AC,GG,AG,AG,AG,AT,GG,AC,AA,AC,AC,CT,AG,AA,GG,GG,GG,TT,AA,AA,GT,TT,TT,AG,AT,GG,GG,AA,4.78,Susceptible,High,Poor,Medium
L0565,Coimbatore,Tamil Nadu,Kharif,Red Loamy,Rainfed,650,29.5,68,AC,TT,GG,AA,GG,CC,GG,TT,CC,CC,AA,CT,CG,TT,GT,GG,CG,TT,TT,AA,CC,TT,TT,CC,TT,CT,TT,TT,GT,AA,CT,CC,AA,CC,GG,GG,GG,GG,GG,CC,GT,TT,AA,TT,AA,GG,TT,TT,CC,AC,GG,AA,NN,GG,CC,TT,AA,AA,GT,AA,AA,GT,TT,AA,TT,AT,CC,GG,TT,GT,AG,GG,CC,AA,AG,AA,AT,GG,TT,TT,AG,GT,GT,CC,AA,GG,AA,AA,CC,GG,CC,TT,CC,TT,GT,AG,CT,CC,TT,CC,TT,CC,AA,AA,TT,TT,CC,AA,GG,AC,CC,GG,TT,CC,TT,AA,AA,TT,CC,AG,CG,AG,CC,GG,TT,AA,CC,CC,CC,CC,AA,GT,NN,AA,CC,CC,AA,TT,AA,AT,GG,CC,CC,GG,AA,AG,AA,CC,GG,CG,CC,AA,GG,GG,TT,GG,AC,TT,CT,GG,CC,TT,TT,TT,CC,AA,TT,TT,AT,TT,GG,CC,AA,TT,CC,CC,GG,CC,AA,GG,AG,CC,TT,CC,GT,TT,GG,AA,AA,AA,TT,CC,GG,AA,CC,CC,GG,GG,AC,GG,TT,AA,AA,CC,GG,AT,CC,AA,AA,GG,TT,TT,AT,GG,GG,AA,CC,AT,GT,AA,GG,AA,CT,AA,TT,NN,CT,AC,CC,TT,CG,AA,CC,GG,CC,TT,CC,TT,GG,TT,AA,CC,AG,GG,CC,GG,GG,CC,GG,AT,AA,CC,TT,GG,CC,CC,AA,GG,CG,AA,NN,AA,AA,AA,CG,CC,TT,AA,GG,AA,AA,AA,AA,AG,GG,AG,AG,TT,CG,CC,AG,CC,AA,CT,AA,AA,GG,GG,GG,TT,AA,AG,TT,TT,TT,AA,AT,GG,GG,AA,4.57,Resistant,High,Standard,Late
L0566,Coimbatore,Tamil Nadu,Kharif,Red Loamy,Rainfed,650,29.5,68,AC,TT,AG,AG,CG,CG,GG,AA,CC,CG,AA,CC,CC,TT,TT,GG,CG,TT,NN,AA,CC,GT,GT,CC,TT,CC,TT,TT,GG,AA,TT,CT,AA,CC,GG,GG,GG,CG,GG,CC,TT,CC,AA,GT,NN,GG,TT,TT,CC,AC,GG,AT,AA,GG,CC,TT,AA,AC,GG,AC,AA,GT,TT,AA,TT,TT,CC,GG,TT,GG,AA,GG,CC,AA,AG,CC,AA,GG,TT,TT,NN,GG,GG,CC,AA,GG,AA,AA,CC,GT,CC,TT,TT,TT,GT,GG,TT,CC,TT,CT,CC,CC,GG,AA,TT,TT,CC,AA,AA,CC,CC,GG,TT,CC,NN,AA,AA,TT,CC,GG,CG,GG,CC,GT,TT,AA,TT,CC,CC,CC,AA,GT,CC,AA,CC,CC,AG,TT,AA,NN,GG,CT,CC,GG,AA,GG,AA,CC,GG,CC,CG,AA,AA,GG,TT,GG,AC,GT,TT,GG,AA,TT,GT,TT,CC,AA,TT,TT,TT,TT,GG,CC,AA,CT,CC,AC,GG,NN,AA,GG,AG,CC,TT,CC,GT,TT,GG,AA,AA,AA,NN,CC,GG,AC,CC,CC,GG,GG,AC,GG,TT,AA,AG,CC,GG,AA,AC,AA,AA,GG,GT,AT,AT,GG,TT,TT,CC,TT,TT,AA,GG,AA,CT,AA,TT,CG,CT,AC,CC,NN,GG,AA,CC,AG,CC,TT,TT,TT,GG,TT,AC,CC,AA,GG,CC,GG,GG,CC,GG,AT,AG,CG,GT,GG,CC,CC,AT,AG,CC,AT,CG,AA,AA,CC,CG,CC,TT,AA,GG,AT,AA,AC,AA,AG,AA,AA,AA,TT,GG,AA,AG,AC,AA,CT,AA,AA,GG,GG,CG,TT,AA,AA,TT,TT,TT,AA,TT,GG,GG,NN,4.87,Moderate,High,Poor,Medium
L0567,Coimbatore,Tamil Nadu,Kharif,Red Loamy,Rainfed,650,29.5,68,CC,TT,AG,AG,GG,CC,GG,TT,CG,NN,AA,CC,CG,AT,NN,GG,CG,TT,TT,AA,CG,GT,GT,CC,TT,CC,GT,TT,GG,AA,TT,CT,AG,CC,GG,GG,GG,CC,GG,CC,TT,CT,AA,TT,AA,AG,TT,TT,CG,CC,GG,TT,AA,CG,CT,TT,AT,AA,GG,AA,AA,TT,TT,AA,TT,TT,CC,GG,TT,GT,AA,GG,CC,AA,AA,AA,AT,GG,TT,TT,GG,GT,GT,CC,AA,GG,AG,AA,CC,TT,CC,TT,CT,TT,TT,GG,TT,CC,TT,CC,CC,GG,GG,AA,TT,TT,CC,AA,GG,AA,CC,GG,TT,CC,TT,AC,AA,TT,CC,GG,CG,GG,CC,GG,CC,AA,CC,CC,CC,CC,AA,TT,CC,AA,CC,CC,AA,TT,AA,AT,GG,CT,CC,GG,AA,AG,AA,CC,GT,CG,CC,AA,AA,AG,TT,GG,AC,GT,TT,AG,CC,GT,TT,TT,CC,AA,TT,TT,AA,TT,CG,CC,AG,CC,CC,CC,CG,CC,AA,GG,AG,CC,TT,CC,TT,TT,GG,AA,AA,AG,TT,CC,CG,AA,CC,CG,GG,GG,AA,GG,TT,AA,AA,CC,GG,AA,CC,AA,AA,GT,TT,TT,AT,GG,GT,AA,CG,AT,TT,AT,GG,AG,CT,AA,TT,CC,TT,AC,CC,TT,GG,GG,CG,AA,AC,TT,TT,TT,GG,TT,AA,AC,AA,GG,CC,CG,GG,CC,GG,AT,AA,CC,TT,GG,CC,CG,AA,GG,CC,AA,CG,AA,AA,AC,CG,AC,TT,AA,GG,AA,AC,AA,AA,GG,AG,GG,AA,TT,GG,AC,AA,AC,AA,CT,AA,AA,GG,GG,GG,GT,AA,AA,TT,TT,TT,GG,AT,GG,GG,AA,3.52,Susceptible,Low,Poor,Early
L0568,Coimbatore,Tamil Nadu,Kharif,Red Loamy,Rainfed,650,29.5,68,AC,TT,GG,AA,GG,CC,GT,AT,CC,CG,AA,CC,CC,TT,GT,NN,CG,TT,TT,AA,CC,TT,GT,CC,TT,CC,TT,AT,GT,AA,TT,CC,AA,CC,GG,GG,GG,CG,GG,CC,TT,CT,AA,TT,AA,AA,TT,TT,CC,NN,GG,AA,AA,GG,CC,TT,AA,AC,TT,AC,AA,TT,TT,AA,TT,AT,CC,GG,TT,GG,AA,GG,CC,NN,GG,AA,NN,GG,TT,TT,GG,GG,GG,CC,AA,GG,AA,AT,CC,TT,AC,TT,CC,TT,TT,GG,TT,CC,TT,CT,CC,CC,AG,AA,AT,TT,CC,AA,GG,AA,CT,GG,TT,CC,TT,AC,AA,TT,CC,AG,CC,AG,CC,GG,TT,AA,CC,CC,CC,CC,AA,TT,CC,AA,CC,CC,AA,NN,AA,AA,GG,CC,CC,GG,AG,AA,AT,CC,GG,CC,CC,AA,AA,GG,TT,GG,AA,NN,TT,GG,NN,TT,GT,TT,CC,TT,GT,TT,AA,TT,GG,CC,AA,CC,CC,CC,GG,CC,AA,GG,AG,CC,TT,CG,GT,NN,GG,AA,AA,AA,TT,CC,GG,AA,CC,CC,GG,GG,AA,GG,TT,AA,AA,CC,GG,AA,CC,AA,AA,GG,TT,TT,AT,GG,GG,AA,CG,AT,TT,AA,GG,AA,CT,AA,TT,CC,TT,AC,CC,TT,CG,AG,CC,AA,CC,TT,TT,GT,GG,TT,AA,AC,NN,GG,CC,CC,GG,CC,GG,AA,AA,CC,GT,GG,CC,CG,AA,AG,CG,AA,CC,AA,AA,CC,CC,AC,TT,AA,GG,AA,AA,AA,AA,AG,AA,AA,AA,TT,GG,AA,AA,AC,AA,TT,AA,AA,GG,GG,NN,GT,AT,AG,TT,TT,TT,AG,TT,GG,GG,AA,4.52,Susceptible,Low,Poor,Early
L0569,Coimbatore,Tamil Nadu,Kharif,Red Loamy,Rainfed,650,29.5,68,AA,TT,AG,GG,GG,CC,GT,AT,CC,CC,AA,CC,CC,TT,TT,GG,GG,TT,TT,AA,CC,TT,GT,CT,TT,CC,TT,TT,GG,AA,TT,CC,AA,CC,GG,GG,GG,CG,GG,CC,TT,TT,AA,TT,AA,GG,TT,TT,CC,AA,GT,AA,AG,GG,CC,NN,NN,AA,GG,CC,AA,TT,NN,GG,TT,AA,CC,GG,CT,GG,AA,GG,CC,AA,NN,AA,AT,GG,TT,TT,AG,NN,GG,CC,AA,GG,AA,AA,CC,GT,CC,TT,CT,TT,TT,GG,CT,CC,GT,CT,CC,CG,GG,AA,TT,TT,CC,AA,AA,AA,CC,GG,TT,CG,TT,AA,AA,AT,CG,AG,CC,GG,CC,TT,CT,AG,CC,CC,CC,CC,AG,TT,CC,AA,CC,CC,AA,AT,AA,AA,GG,CC,NN,GG,AA,AG,AA,CC,GG,CC,CC,AA,AG,GG,GT,GG,AA,TT,CT,GG,CC,TT,TT,TT,CC,TT,TT,CT,AA,TT,GG,CC,AA,CT,CC,CC,GG,NN,AA,GG,AG,CC,TT,CC,GT,TT,GG,AT,AA,AA,TT,AC,GG,AC,AC,CC,GG,GG,AA,GG,TT,AA,AG,CC,GG,AA,CC,AT,AA,GT,TT,TT,TT,GG,GT,AA,CG,AT,TT,AA,GG,AA,TT,AA,TT,CC,TT,AC,AC,CT,CG,AA,CC,AG,AC,TT,TT,TT,GG,TT,AC,AC,AG,GG,CC,CC,GG,CC,GG,AA,AA,CC,TT,GG,CC,CC,AT,AG,CC,AT,CC,AA,AA,AC,GG,AC,AT,AA,GG,AT,AA,AA,AA,AG,AG,AG,AA,AT,GG,AA,AA,AC,AC,CT,AA,AA,GG,GG,GG,TT,AA,AA,TT,TT,TT,AA,TT,GG,GG,AA,4.24,Susceptible,Medium,Standard,Late
L0570,Coimbatore,Tamil Nadu,Kharif,Red Loamy,Rainfed,650,29.5,68,AC,TT,GG,AA,GG,CC,GT,TT,CC,CC,AA,CC,CG,TT,GT,GT,GG,TT,TT,AA,CC,TT,GG,CC,TT,CC,TT,TT,GG,AA,TT,CC,AA,CC,GG,GG,GG,CC,GG,AC,TT,CT,AC,GG,AA,GG,TT,AT,CC,AC,GT,AT,AG,GG,CT,TT,AA,AC,GT,AA,AA,TT,TT,AG,TT,AT,CT,GG,TT,GG,AG,GT,CC,AA,GG,AA,AA,GG,TT,TT,GG,GT,GT,NN,AT,GG,AA,AA,CC,TT,CC,TT,CT,AT,GT,GG,TT,CC,TT,CC,CC,CG,AG,AA,AT,TT,CC,AA,AG,AA,CC,GG,TT,GG,TT,AA,AA,TT,CC,GG,CC,GG,CC,GG,CT,AA,CC,CC,AC,CC,AA,TT,CC,AA,CC,CC,AA,TT,AA,AA,GG,CC,CC,GG,AG,AG,AA,CC,TT,CC,CC,AA,AA,GG,TT,NN,AC,TT,CT,AG,AA,GG,GG,TT,CG,AT,TT,CT,AA,TT,GG,CC,AG,TT,CC,CC,GG,CC,AA,GG,AA,CC,TT,CC,GT,TT,CG,AA,AG,AG,GT,CC,GG,AA,CC,CC,GG,GG,AA,GG,TT,AA,AA,CC,GT,AA,CC,AA,AA,GG,TT,TT,AT,GG,TT,TT,CG,TT,TT,AA,GG,AA,TT,AA,TT,CC,TT,AA,CC,TT,CG,AG,CC,GG,CC,AT,CT,GT,GG,TT,NN,CC,AA,GG,CC,CC,GG,CC,GG,AT,AG,CC,GT,GG,CC,CG,NN,AG,CC,AA,CC,AA,AA,AA,CC,AC,TT,AA,GG,AA,AA,AC,AA,GG,AG,AA,AA,TT,GG,AC,GG,AC,AC,CT,AA,AA,CG,GG,GG,TT,AA,AG,TT,TT,TT,AA,TT,CG,CG,AC,6.3,Resistant,Medium,Standard,Early
L0571,Coimbatore,Tamil Nadu,Kharif,Red Loamy,Rainfed,650,29.5,68,AA,TT,GG,AA,GG,CC,TT,AT,CC,NN,AA,CC,CG,TT,TT,GG,CG,TT,AT,AA,CG,TT,TT,NN,AT,CC,TT,TT,NN,AA,NN,CC,AA,CC,GG,CG,GG,CG,GG,NN,TT,CC,AC,GT,AG,AG,TT,AA,CG,CC,GG,AA,AA,NN,CT,GT,AT,AA,GG,AA,AA,TT,AA,AA,TT,TT,CC,GG,TT,GG,AG,GG,CC,AA,GG,AA,AA,GG,TT,TT,GG,GG,GG,CC,AA,GG,AA,AA,CC,GT,AC,TT,CC,TT,TT,GG,CT,CC,GT,CC,CC,CC,AA,AA,TT,TT,CC,AA,NN,AA,CC,GT,GT,CG,TT,AA,AA,TT,CG,GG,CC,GG,CC,GT,CT,AA,CC,CC,AC,CC,AA,TT,CC,AA,CC,CC,AA,TT,AA,AA,GG,CC,CC,GG,AA,AG,AA,CC,GG,CC,CC,AA,AA,GG,TT,GG,AA,GT,TT,GG,CC,TT,GT,TT,CC,TT,GT,TT,AA,TT,GG,CC,AA,CC,CC,CC,CG,AC,AA,GG,AG,CC,GT,CC,GT,TT,GG,AT,AA,AA,TT,AC,CG,AA,AC,CC,GG,GG,CC,GG,TT,AC,AG,CC,GG,TT,CC,AA,AA,GT,GT,AT,AA,GG,GT,AA,CC,TT,GT,AA,AG,AG,CT,AA,TT,CC,CT,CC,CC,TT,CG,AG,CC,AG,CC,TT,TT,GT,GG,TT,AC,CC,AA,GG,CC,CC,GG,CC,GG,AT,AA,CC,GT,AG,CC,CC,AA,GG,CG,AA,CC,AA,AA,CC,CC,CC,TT,AA,GG,AA,AA,AA,AA,GG,AA,AA,AA,AT,GG,AA,AG,CC,CC,CT,AA,AA,GG,GG,GG,TT,AA,AG,TT,TT,TT,AG,AT,GG,GG,AA,1.26,Susceptible,Low,Standard,Early
L0572,Coimbatore,Tamil Nadu,Kharif,Red Loamy,Rainfed,650,29.5,68,AC,TT,GG,AA,GG,CC,GT,TT,CC,CG,AA,CC,CG,TT,TT,GG,GG,TT,TT,AG,CC,TT,TT,CT,AT,CC,TT,TT,GG,AA,TT,CC,AA,CC,GG,GG,GG,CC,GG,CC,TT,CC,AA,GT,AA,GG,TT,TT,CC,AA,GT,AA,AG,GG,CT,TT,AA,AA,GT,CC,AG,TT,AT,AA,CT,AT,CC,GG,TT,GG,AA,GG,CC,AA,GG,AA,AT,GG,TT,TT,GG,GG,GG,CC,AA,GG,AA,AA,CC,GT,AC,TT,CC,TT,TT,GG,CC,CC,TT,CC,CT,CG,AA,AA,AA,TT,CG,AA,AG,AA,CC,GG,TT,CC,TT,AC,AA,TT,CC,GG,CC,GG,CC,GG,CT,AG,CC,CC,CC,CC,AA,TT,CC,AA,CC,CT,AA,AT,GG,AA,CG,CC,CC,GG,AA,GG,AA,AA,TT,CC,CC,AA,AG,AG,GT,GG,AA,TT,TT,AG,AC,TT,TT,TT,CC,AT,TT,TT,AA,AT,GG,CC,AA,CT,CC,CC,GG,CC,AA,GG,AA,CC,GT,CC,TT,TT,GG,AT,AA,AG,TT,CC,GG,AA,AC,CC,GG,GG,AC,GG,TT,AC,AA,CC,GG,AA,AA,AA,AT,GT,TT,NN,AT,CG,GT,AA,CC,AT,GT,AA,GG,AA,TT,AA,TT,CC,CC,AA,CC,TT,CG,AA,CC,AA,AC,TT,CT,GT,GG,TT,AA,CC,AG,GG,CC,CC,GG,CC,GG,AT,AG,CC,GT,GG,CG,CG,AT,GG,CC,NN,CC,AT,AA,CC,GG,AC,TT,AA,GG,AA,AA,AC,AA,GG,NN,AA,AA,TT,GG,AA,AG,AC,AA,CT,AG,AA,GG,GG,GG,TT,TT,AA,TT,TT,TT,AG,TT,GG,GG,AA,6.29,Moderate,Low,Standard,Early
L0573,Coimbatore,Tamil Nadu,Kharif,Red Loamy,Rainfed,650,29.5,68,AC,CT,AG,GG,GG,CC,GG,AT,CC,CG,AA,CC,CG,TT,TT,GG,GG,NN,TT,AA,CC,TT,GT,CC,TT,CC,TT,AA,GT,AC,TT,CC,AA,CC,GG,GG,GG,CG,GG,NN,TT,CT,AA,TT,AA,AA,TT,TT,CC,AA,GT,AA,AA,GG,CC,TT,AA,AA,GT,AC,AA,GT,TT,AA,TT,TT,CC,GT,TT,GT,AG,GG,CC,AA,AG,AA,AA,GG,TT,TT,GG,GG,GG,CC,AA,GG,AA,AA,CG,TT,CC,TT,CT,TT,GT,GG,TT,CC,GG,CC,CT,CC,AA,AA,TT,TT,CC,AA,AG,AC,CC,GG,TT,CC,TT,CC,AA,AT,CC,AG,CC,GG,CC,GG,TT,AA,CT,CC,CC,CC,AA,TT,AC,AA,CC,CC,AA,TT,NN,AT,CG,CC,CC,GG,AA,AG,AA,CC,GG,CC,CC,AA,AA,GG,GG,GG,CC,TT,NN,GG,CC,GT,TT,TT,CG,AA,GT,TT,AT,TT,NN,CC,AA,CC,CC,CC,GG,CC,AA,GG,NN,NN,TT,CG,GT,TT,GG,AA,AA,AA,TT,CC,GG,AA,CC,CC,GG,GG,AC,GG,TT,AC,AA,CC,GG,AA,CC,AA,AT,GG,TT,AT,AT,GG,GG,AA,CC,TT,TT,AA,GG,AA,CT,AC,TT,CC,CT,AA,CC,TT,GG,AA,CC,NN,AC,TT,CT,GT,GG,TT,AC,AC,AG,GG,CC,CG,GG,CC,GG,AT,AA,CC,GT,GG,CC,CG,AA,GG,GG,AA,CG,AA,AA,CC,CG,AA,AT,AA,GG,AA,AA,CC,AA,AG,AG,AA,AG,TT,GG,AA,AA,CC,AA,CT,AA,AA,CG,GG,CG,TT,AT,AA,NN,NN,TT,AG,AT,GG,CG,AC,3.03,Moderate,Medium,Poor,Early
L0574,Coimbatore,Tamil Nadu,Kharif,Red Loamy,Rainfed,650,29.5,68,AC,CT,AG,GG,GG,CG,GT,AT,CC,CC,AA,CC,CG,TT,GT,GT,GG,TT,TT,AG,CC,TT,GT,CC,TT,CT,TT,AT,GG,AA,TT,CT,AA,CC,GG,CG,GG,CC,GG,CC,TT,CT,AA,TT,AA,GG,TT,TT,CC,AA,GG,AA,AG,GG,CC,TT,AA,AC,TT,AA,NN,GT,AA,AA,TT,TT,CC,GG,TT,GG,AG,GG,CC,AA,GG,AA,TT,GG,TT,TT,GG,GT,GG,CC,AA,GG,AA,AA,CC,TT,CC,TT,CT,TT,GT,GG,TT,CC,GG,CC,CC,CG,NN,AA,TT,TT,CC,AA,AA,AA,CC,GG,TT,CC,GG,AA,AA,TT,CC,AG,CC,GG,CC,GG,TT,AG,CC,CC,CC,CC,AG,TT,CC,AA,AC,CC,AA,AT,AA,AA,GG,CC,CC,GG,AG,GG,AA,CC,GG,CC,CG,AA,AA,GG,TT,AG,AA,TT,CT,GG,AC,TT,TT,CT,CG,AA,GT,TT,AA,AT,GG,CC,GG,CT,CC,CC,GG,CC,AT,GG,AA,CC,TT,CC,TT,GT,GG,TT,AG,NN,TT,CC,GG,AA,CC,CC,GG,AG,AA,GG,TT,AC,AA,CC,GG,AA,AC,AA,AA,GT,TT,TT,AA,GG,GT,AA,CC,AA,TT,AA,GG,AA,CT,AA,TT,CC,TT,AA,CC,CT,GG,AG,CC,AA,CC,TT,CC,GT,GG,TT,AA,CC,AG,GG,CC,CG,GG,NN,GG,AT,AG,CG,TT,GG,CC,CG,AA,GG,CC,TT,CC,AA,AA,NN,CC,CC,TT,AA,GG,AA,AC,AA,AA,AG,AA,NN,AA,TT,CG,AA,GG,AC,AC,CT,AA,AA,GG,GG,GG,TT,AA,AA,TT,TT,TT,AG,AT,GG,GG,AA,0.84,Susceptible,Low,Poor,Early
L0575,Coimbatore,Tamil Nadu,Kharif,Red Loamy,Rainfed,650,29.5,68,AC,TT,AG,AG,GG,CC,GG,AT,CC,CC,AA,CT,CC,TT,GT,GT,CG,TT,TT,AA,CC,GT,GT,CC,TT,CC,GT,AT,GG,AA,TT,CC,AG,CC,AG,GG,GG,CC,GG,CC,TT,NN,AA,GT,AA,AG,TT,TT,CC,AC,GG,AT,AA,GG,CC,TT,AA,AA,GT,AA,AA,GT,AT,AA,TT,TT,CC,GG,TT,GT,AA,GT,CC,AA,GG,AC,AA,GG,TT,TT,GG,GG,GG,CC,AT,GG,AA,AA,CC,GG,CC,GT,CC,TT,GT,GG,TT,CC,GT,CC,CC,CC,AA,AA,TT,TT,CC,AA,AG,AA,CT,GG,TT,CC,TT,AA,AA,TT,CC,GG,CC,GG,CC,GT,TT,GG,CC,CC,CC,CC,AA,TT,CC,AA,CC,CT,AA,TT,AA,AA,GG,CC,CC,GG,AA,AG,AT,AC,GG,CC,CC,AG,AA,GG,TT,GG,AA,GT,CC,AG,CC,GT,TT,TT,CC,AA,TT,TT,AA,AT,GG,CC,AG,CT,CC,CC,CG,CC,AA,GG,AG,CC,TT,CC,GG,GT,GG,AT,AA,AA,TT,CC,CG,AA,CC,CC,GG,GG,CC,CG,CT,AC,AG,CC,GG,AA,CC,AT,AA,GT,TT,AT,AA,CG,GG,AT,CC,TT,TT,AA,GG,AA,CT,AA,NN,GG,CT,AC,CC,TT,GG,AG,CG,AG,AC,TT,TT,GT,GG,TT,AA,CC,AA,GT,CC,NN,GG,CG,GG,TT,AG,CC,GT,GG,CC,CC,AA,GG,NN,AA,CC,AA,AA,CC,CC,AA,TT,AA,CG,AA,AA,AA,AA,GG,AA,AA,AA,TT,GG,AC,AG,AA,AA,TT,AA,AA,GG,GG,GG,TT,AA,AG,TT,TT,TT,AA,NN,GG,CG,AC,0.53,Resistant,Medium,Standard,Late
L0576,Coimbatore,Tamil Nadu,Kharif,Red Loamy,Rainfed,650,29.5,68,AC,CT,AA,GG,GG,CG,GG,TT,CC,CC,AT,CC,CG,TT,GT,GG,GG,TT,TT,AA,CC,TT,GG,CT,TT,CC,TT,AT,GG,AA,CT,TT,AA,CC,GG,GG,GG,CG,GG,CC,TT,TT,AA,TT,AG,GG,TT,TT,CC,AC,GG,AA,AA,GG,CC,TT,AA,AC,GT,AC,AA,GG,TT,AA,TT,TT,CC,GG,TT,GT,AG,GT,CC,AA,AA,AC,AA,GG,TT,NN,GG,GT,GG,CC,AA,GG,AA,AA,CC,GT,CC,GT,CT,TT,GT,GG,TT,CC,GT,CC,CC,CC,GG,AA,TT,TT,CC,AA,AA,AA,CT,GG,TT,NN,TT,AC,AA,TT,CC,GG,CC,GG,CT,GG,CT,AA,CC,CC,CC,CC,AA,NN,CC,AA,CC,CC,AA,TT,AA,AA,GG,CC,CG,GG,AA,AA,AA,CC,GT,CC,CC,AA,AG,GG,TT,GG,AC,TT,TT,GG,CC,GG,TT,CT,CC,AA,TT,TT,AT,TT,NN,CC,AA,CT,CC,NN,GG,NN,AA,GG,AA,CC,TT,CG,GG,GT,CG,AT,AA,AG,TT,CC,GG,AA,CC,CC,GG,GG,NN,CG,CT,AA,AA,CC,GG,AA,CC,AA,AA,GG,TT,AT,AT,GG,GT,AA,CC,TT,GT,AA,GG,AA,TT,AA,TT,CC,CT,AA,AC,CT,GG,AG,CG,AG,CC,TT,TT,TT,GG,TT,AA,AC,AA,GG,CC,CC,GG,CC,GG,AA,AA,CC,TT,GG,CC,CC,AA,GG,CC,AA,CC,AA,AA,CC,CC,AC,TT,AA,GG,AA,AA,AC,AA,AG,AA,AA,AA,TT,GG,AC,AA,CC,AA,TT,AG,AA,GG,GG,GG,TT,AT,AA,TT,TT,TT,AA,TT,GG,CG,AA,5.64,Susceptible,Medium,Standard,Early
L0577,Coimbatore,Tamil Nadu,Kharif,Red Loamy,Rainfed,650,29.5,68,AC,TT,GG,GG,GG,CG,GG,AT,CC,CC,AA,CC,CG,AT,GG,GG,CC,TT,TT,AG,CC,GT,TT,CC,TT,CC,TT,AT,GT,AA,TT,CT,AA,CC,GG,GG,GG,CC,GG,CC,TT,TT,AC,GT,AA,AA,TT,TT,CC,AC,GG,AA,AA,GG,CC,TT,AA,AA,GG,AA,AA,TT,TT,AG,TT,TT,CC,GG,TT,GT,AG,GG,CC,AA,NN,AC,TT,GG,TT,TT,GG,GG,GG,CC,AA,GG,AG,AA,CC,TT,CC,TT,CC,TT,TT,GG,TT,CC,GT,CC,CC,CC,AG,AA,NN,TT,CC,AA,GG,AC,CC,GG,GT,CC,GT,AA,AA,TT,CC,AA,CC,GG,CC,GG,CT,AA,CT,CC,CC,CC,AA,TT,CC,AA,CC,CC,AA,TT,AA,AA,GG,CC,CC,GG,AG,AG,AA,CC,GT,CC,CC,AG,AA,GG,GT,GG,CC,GT,TT,GG,CC,GT,GT,TT,CG,AA,GT,TT,AA,TT,GG,CC,AA,CT,CC,CC,GG,AC,AA,GG,AA,CC,TT,CG,GG,TT,GG,TT,AA,AG,GT,CC,CG,AC,CC,CC,GG,GG,AC,GG,TT,AA,AG,CC,NN,AA,AA,AA,AA,GG,TT,TT,AA,GG,GT,AA,CC,AT,GT,AA,GG,AA,CT,AA,TT,CC,TT,AA,CC,TT,GG,AG,CC,AG,AC,AT,CT,GT,GG,TT,AA,AC,AA,GG,CC,CC,GG,CC,GG,AT,AA,CC,GT,GG,CG,CC,AT,NN,CG,AT,CC,AA,AG,AC,CC,AC,TT,AA,GG,AT,AA,AA,AA,AG,AG,AA,AA,TT,CG,CC,AA,CC,AA,TT,AA,AA,GG,GG,GG,TT,AA,AG,TT,TT,TT,AA,TT,NN,GG,AA,4.02,Susceptible,Medium,Poor,Medium
L0578,Coimbatore,Tamil Nadu,Kharif,Red Loamy,Rainfed,650,29.5,68,AC,NN,NN,AG,GG,CC,TT,AT,CC,GG,AA,CT,CG,TT,TT,GG,GG,TT,TT,AG,CC,GT,TT,CT,TT,CC,TT,TT,GG,AC,CT,CC,AG,CC,AG,GG,GG,CC,GG,CC,TT,CT,AA,GT,AG,AG,TT,TT,CC,AC,GT,AT,AA,GG,CC,TT,AA,CC,GT,AC,AA,TT,TT,AG,CT,AT,CT,GG,TT,GT,AG,GG,CC,AA,GG,AA,TT,GG,TT,TT,GG,GT,GT,CC,AT,GG,AA,AA,CC,TT,AC,TT,CC,TT,GT,GG,TT,CC,TT,CC,CC,CC,AG,AA,TT,TT,CG,AA,AG,AA,TT,GG,TT,CC,TT,AA,AC,TT,CG,GG,CG,GG,CC,GT,CC,AA,CC,CC,CC,CG,AA,TT,CC,AA,CC,CC,AA,TT,AA,AT,CG,CC,CC,AG,AA,AA,AA,CC,GG,CG,CC,AG,AG,AG,TT,AG,AA,TT,CT,AG,CC,GT,TT,CT,CC,AT,TT,TT,AT,TT,GG,CC,AG,CC,NN,CC,GG,CC,AA,GG,AA,CC,TT,CG,GG,TT,CG,TT,AG,AA,NN,CC,GG,AC,AC,CC,GG,GG,AA,GG,TT,AA,AA,CC,GG,AT,CC,AA,AT,GG,TT,TT,AT,GG,TT,AA,CC,TT,GT,AA,GG,AA,TT,AA,TT,CC,CT,CC,CC,TT,CG,AA,CC,AA,CC,TT,TT,GT,GG,TT,AC,AC,AA,GG,CC,CC,GG,CC,GG,NN,AA,CC,GT,GG,CC,CC,AT,AG,CC,AA,CC,AA,AA,CC,CG,AC,TT,AA,GG,AA,AA,AC,AA,AG,NN,AG,AA,AT,GG,AA,AG,CC,AA,CT,AA,AA,GG,GG,GG,TT,AT,AA,GT,NN,TT,GG,AT,GG,CG,AA,4.0,Susceptible,Low,Poor,Late
L0579,Coimbatore,Tamil Nadu,Kharif,Red Loamy,Rainfed,650,29.5,68,AC,TT,AG,GG,GG,CC,GT,TT,CC,CC,AA,CC,GG,AT,TT,GG,GG,TT,TT,AA,CC,GT,GT,CC,AT,CC,TT,AT,GG,AA,CT,CC,AA,CC,GG,CG,GG,CC,GG,CC,TT,CC,AA,TT,AA,AA,TT,TT,CC,AA,GG,AT,AA,GG,CC,TT,AA,AA,GT,AA,AA,TT,AT,GG,TT,TT,CC,GG,TT,GG,NN,GT,CC,AG,GG,AC,NN,GG,TT,TT,AG,GT,GT,CC,AA,AG,AA,AT,CC,GT,CC,TT,CT,TT,TT,NN,CT,CC,GG,CC,CC,CG,AG,AA,TT,TT,CG,AA,AG,CC,CC,GG,GT,CC,TT,AA,AA,TT,CC,AG,GG,AG,CC,GT,TT,AG,CC,CC,CC,CG,AA,TT,CC,AA,CC,CT,AA,AT,AA,AT,GG,CC,CC,GG,AA,AG,AA,AC,GT,CC,CG,AG,AA,AG,GT,AG,AA,GT,TT,GG,CC,GT,TT,CC,CC,AT,TT,TT,AA,NN,GG,CG,AA,CC,CC,CC,GG,CC,AA,GG,AG,CC,TT,CC,GT,TT,CG,TT,AA,AA,GT,CC,GG,AA,CC,CG,GG,GG,AA,GG,TT,AC,AG,GG,GG,AA,CC,AT,AT,GG,TT,TT,AT,CG,GT,AT,CG,AT,GT,AA,GG,AA,TT,AA,TT,CC,TT,AA,CC,CT,GG,GG,CC,AG,CC,TT,TT,GT,GG,TT,AA,CC,AA,GG,CC,CC,GG,CC,GG,TT,AG,CC,TT,GG,CC,CC,AA,AA,CC,AA,CC,AT,AA,CC,CC,CC,TT,AA,GG,AA,AA,AA,AA,AG,AG,AA,AA,TT,GG,AC,AG,AC,AA,TT,AA,AG,GG,GG,GG,TT,AT,AA,TT,AT,TT,AG,AT,GG,GG,AA,4.5,Susceptible,Low,Poor,Early
L0580,Coimbatore,Tamil Nadu,Kharif,Red Loamy,Rainfed,650,29.5,68,AC,TT,GG,AA,GG,CC,GG,TT,CC,CC,NN,CC,NN,TT,TT,GG,GG,TT,TT,AA,CC,TT,GT,CC,TT,CC,TT,TT,GG,AA,TT,CC,AA,CC,GG,GG,GG,CG,GG,CC,TT,CC,AA,TT,GG,GG,TT,TT,CC,CC,GT,AA,AA,GG,CC,GT,AT,AA,GT,AA,AA,TT,AT,AA,TT,TT,CC,GG,TT,GT,AG,GG,CC,AG,AA,CC,AA,GG,TT,TT,GG,TT,GG,CC,AT,GG,AA,AA,CC,GT,NN,GT,CC,TT,GT,GG,TT,AC,TT,CC,CT,CG,GG,AA,AT,TT,CC,AA,GG,AC,CC,GG,TT,CC,TT,AA,AA,TT,CC,GG,CC,GG,CC,GG,NN,AA,CC,CC,CC,CC,AG,TT,CC,AA,CC,CC,AA,TT,AA,AT,CG,CC,CC,GG,AA,AA,AA,CC,GG,CG,CC,AA,AG,GG,TT,GG,AC,TT,TT,GG,CC,GT,GT,TT,CC,AT,GT,TT,AA,TT,NN,CC,AA,CT,CC,CC,GG,CC,AA,GG,GG,CC,TT,CC,TT,TT,GG,NN,AA,AA,TT,CC,GG,AA,AC,CG,GG,GG,AA,GG,TT,AA,AA,CC,GG,AA,NN,AA,AT,GG,TT,NN,AT,NN,GG,AT,CC,TT,TT,AA,GG,AA,CT,AA,TT,CC,TT,AC,AC,CT,CG,AG,CC,AG,CC,TT,TT,GT,NN,TT,AA,AA,AG,GG,CC,CG,GG,CC,GG,TT,AA,CC,TT,GG,CC,CC,AA,AG,CG,AA,CC,AA,AA,AC,CG,AC,TT,AA,CG,AA,AA,CC,AC,AA,AA,AA,AA,AT,GG,AA,AA,AC,AC,TT,AA,AA,GG,GG,GG,TT,AA,AG,TT,TT,AT,AA,TT,GG,GG,AA,2.81,Moderate,High,Premium,Early
L0581,Coimbatore,Tamil Nadu,Kharif,Red Loamy,Rainfed,650,29.5,68,AA,CT,GG,AG,GG,CC,GG,TT,CC,CC,AA,CT,CG,AT,TT,GG,GG,TT,TT,AG,CG,TT,GT,CT,AT,CC,TT,TT,GG,AA,TT,CT,AA,NN,AG,GG,GT,CC,GG,CC,TT,TT,AA,TT,AA,AG,CT,AT,CC,AC,GG,AA,AG,GG,CC,TT,AT,AC,GT,AA,AA,GT,AT,AA,CT,AT,CC,NN,TT,GG,AG,GT,CC,AG,AG,CC,TT,GG,GG,TT,GG,GG,GG,CC,AA,GG,AG,AT,CC,GG,CC,TT,CC,TT,TT,GG,CT,AC,TT,CC,CC,CG,AG,AA,TT,TT,CG,AA,AG,AA,CT,GG,TT,CG,GT,CC,AA,TT,CC,GG,CC,GG,CC,GT,TT,AG,CC,CC,AC,CC,AA,TT,CC,AA,CC,CC,AA,NN,AA,AA,CG,NN,CC,GG,AA,AG,AA,CC,GG,CC,CC,AA,AA,GG,TT,GG,AA,TT,TT,GG,AC,GT,GT,TT,CG,AT,GT,TT,AA,AT,CG,CC,GG,TT,CC,CC,GG,CC,AA,GG,AG,CC,TT,CC,GT,GG,CG,TT,AA,AA,TT,CC,GG,AA,CC,CC,CG,GG,AA,GG,TT,AC,AA,CC,GG,AA,AC,AA,AT,GT,TT,AT,TT,GG,TT,AT,CG,TT,GT,AA,GG,AA,TT,AA,TT,CC,TT,AA,CC,CT,GG,AA,CC,GG,CC,AT,TT,TT,GG,TT,AC,AC,AA,GG,CC,CG,GG,CC,GG,AT,AA,CC,TT,GG,CC,CG,AT,GG,CC,AA,CC,AA,AA,CC,CG,AC,AT,AA,GG,AA,AA,AA,AA,AA,GG,AG,AA,AT,GG,AC,AA,CC,AA,TT,AG,AA,GG,GG,GG,GT,AA,AA,GT,TT,TT,AG,TT,GG,GG,AA,3.62,Susceptible,High,Poor,Late
L0582,Coimbatore,Tamil Nadu,Kharif,Red Loamy,Rainfed,650,29.5,68,AC,TT,NN,AG,GG,CC,GG,AT,CC,CC,AT,CC,CG,TT,TT,GT,GG,TT,NN,AA,CC,GT,GG,CT,TT,CC,TT,TT,GG,AA,TT,CC,AA,CC,GG,CG,GG,CC,GT,CC,TT,TT,AA,TT,AG,GG,TT,TT,CC,AA,GG,AA,AG,GG,CC,TT,AA,AA,GG,AC,AG,TT,AT,AA,TT,AT,CC,GG,TT,GG,AG,GT,CC,AA,AA,CC,AA,GG,GT,TT,GG,GG,GG,CC,AA,GG,AA,AT,CC,TT,CC,TT,CC,TT,TT,GG,TT,CC,GG,CC,CC,NN,AG,AA,TT,TT,CC,AA,GG,AA,CT,GG,TT,CG,TT,AA,AA,TT,CC,AG,CG,GG,CC,GT,TT,AA,CT,CC,CC,CC,NN,TT,CC,AA,CC,CC,AA,TT,AA,AT,GG,CC,CC,GG,AG,GG,AA,NN,GG,CC,CC,AA,AG,GG,TT,AG,NN,TT,CT,GG,CC,TT,TT,CT,CC,AA,TT,TT,AT,AT,GG,CC,AA,CT,CC,CC,CG,AC,AA,GG,GG,CC,TT,CC,GT,TT,GG,AA,AA,AA,TT,CC,GG,AC,AC,CC,GG,GG,AA,CG,TT,AA,AA,NN,GG,AT,AC,AA,AA,GG,TT,TT,AA,GG,GT,AA,CG,AT,TT,AA,GG,AA,TT,AA,TT,CC,CC,AA,CC,TT,GG,GG,CC,AG,CC,TT,TT,GT,GG,AT,AC,AC,AA,GG,CC,CG,GG,CC,GG,NN,AA,CC,TT,GG,CC,CC,AA,GG,CC,AT,CC,AA,AA,CC,CG,CC,TT,AA,CG,AA,AA,AA,AA,GG,AA,AG,AA,TT,GG,AA,AG,AC,AA,CC,AA,AA,GG,AG,GG,TT,AT,AG,TT,TT,TT,AA,AA,GG,GG,AA,1.41,Susceptible,High,Premium,Medium
L0583,Coimbatore,Tamil Nadu,Kharif,Red Loamy,Rainfed,650,29.5,68,AA,TT,AG,AG,GG,CC,GT,TT,CC,CC,AA,TT,CC,AT,GT,GG,NN,TT,TT,AA,CG,GT,GT,CT,TT,CC,NN,TT,GG,AA,TT,CT,AA,CC,GG,CG,GG,CC,GG,AC,TT,TT,AA,TT,AA,AG,TT,AT,CC,CC,GG,AA,AA,GG,CC,GT,AA,AA,GT,AA,AA,TT,TT,AG,TT,TT,CC,GG,TT,GT,AG,GT,CC,NN,GG,AA,AT,GG,TT,CT,GG,GT,GG,NN,AA,GG,AA,AA,CC,GT,CC,TT,CT,TT,TT,GG,TT,CC,TT,CC,CC,CG,GG,AA,TT,TT,CG,AG,AG,AA,CC,GG,TT,CC,GT,AA,AA,TT,CG,AG,CC,GG,CC,GT,TT,AA,CT,CC,AC,CC,AG,TT,CC,AA,CC,CT,AA,TT,AA,AT,NN,CT,CC,GG,AA,GG,AA,CC,GT,CC,CC,AA,AG,GG,TT,GG,AC,TT,TT,GG,AC,TT,TT,TT,CG,AA,GT,TT,AA,TT,GG,CG,AA,CT,CC,NN,CG,CC,AA,GG,AA,CC,TT,CC,GG,GT,GG,AA,AA,AG,TT,CC,GG,AA,CC,CC,GG,GG,AA,CG,CT,AA,AA,CC,GG,AA,AC,AA,AT,GG,TT,AT,AT,GG,GG,AA,CC,TT,GT,AA,GG,AA,TT,AA,TT,CC,CT,AA,CC,TT,GG,AG,CG,AG,CC,TT,CT,GT,GG,TT,AC,AC,AG,GG,CC,CC,GG,CC,GG,AT,AA,CG,GT,GG,CC,CC,AA,AG,CC,AA,CC,AA,AA,AC,CC,CC,TT,AA,GG,AA,AA,AA,AA,GG,GG,AA,AA,AT,GG,AA,AA,AA,AC,CT,AA,AA,GG,GG,GG,TT,AT,AA,TT,TT,TT,AG,TT,GG,GG,AA,5.76,Resistant,Medium,Poor,Late
L0584,Coimbatore,Tamil Nadu,Kharif,Red Loamy,Rainfed,650,29.5,68,AC,TT,GG,AA,GG,CC,GT,TT,CC,CG,NN,CC,CG,AT,TT,GG,GG,TT,TT,AA,CC,GT,GG,CT,TT,CC,GT,TT,GG,AA,CT,CT,AA,CC,NN,CG,GG,CC,GG,CC,TT,CT,AA,TT,AG,NN,TT,TT,CC,AC,GT,AA,AA,GG,CC,TT,AT,AC,TT,AC,AA,TT,TT,AA,TT,AA,CC,GG,TT,GT,AG,GT,CC,AA,GG,CC,AT,AG,TT,TT,GG,GT,GT,CC,AA,GG,AG,AA,CC,TT,CC,TT,CC,TT,GT,GG,TT,AC,GT,CT,CC,CG,AG,AA,TT,TT,CC,AA,AA,AA,CT,GG,TT,CC,GT,AA,AA,TT,CC,AA,CC,GG,CC,GG,TT,AA,CC,CC,CC,CG,AA,TT,AC,AA,CC,CT,AA,TT,AA,AA,GG,CT,CC,GG,AA,AA,AA,CC,GT,CC,CC,AA,AG,GG,TT,GG,AA,GT,CT,GG,CC,TT,TT,TT,CC,NN,TT,TT,AA,TT,GG,CC,AG,CC,CC,AC,GG,CC,AA,GG,AA,CC,TT,CC,GG,TT,GG,AT,AA,AA,TT,NN,CG,AC,AC,NN,GG,GG,AA,GG,TT,AA,AA,CC,GG,AT,CC,AT,TT,GT,GT,TT,TT,GG,GG,AT,CC,TT,TT,AA,GG,AA,TT,AA,TT,CC,CT,CC,CC,NN,GG,AA,CC,GG,AC,TT,TT,GT,GG,TT,AA,AC,AA,GG,CC,CG,GG,CC,GG,AT,AG,CC,TT,GG,CC,CC,AA,AG,CG,AA,CC,TT,AA,AC,CG,AC,TT,AA,GG,AA,AA,AC,AA,AG,AG,AA,AA,TT,GG,AA,GG,AA,AA,CT,AA,AA,GG,GG,NN,GT,AA,AG,GT,TT,TT,AG,AT,GG,GG,AA,5.09,Susceptible,Medium,Premium,Medium
L0585,Coimbatore,Tamil Nadu,Kharif,Red Loamy,Rainfed,650,29.5,68,AC,TT,GG,AG,GG,CC,GG,AT,CG,CC,AA,CC,CC,AA,TT,GG,GG,TT,TT,AG,CG,TT,TT,CT,TT,CC,GG,TT,GG,AA,TT,CC,AA,CC,GG,GG,GG,CG,GG,CC,TT,CT,AA,TT,AA,GG,TT,TT,CG,AA,GG,AT,AA,GG,CC,TT,AA,AC,GT,AC,AA,TT,AT,AA,CC,TT,CC,GG,TT,GG,AA,GG,CC,AA,AG,AA,AT,GG,TT,TT,GG,GG,GT,CC,AA,GG,AA,AA,CG,GT,AC,TT,CC,AA,GT,AG,CT,CC,GG,CC,CC,GG,AG,AA,AT,TT,CC,AA,AG,AA,CC,GG,GT,CC,GT,AA,AC,TT,CG,GG,CC,GG,CC,GT,CT,AA,CC,CC,CC,CC,AA,TT,CC,AA,CC,CC,AA,TT,AG,AA,GG,CT,CC,GG,AA,AA,AA,CC,GG,CC,CC,AA,AA,GG,TT,AG,AA,TT,CT,GG,CC,TT,GT,TT,GG,TT,GT,TT,TT,TT,CG,CC,AG,CC,CC,CC,CG,CC,AA,GG,AG,CC,TT,CC,GG,TT,GG,TT,AA,AA,TT,AC,GG,AC,CC,CC,GG,GG,AA,GG,TT,AA,AA,CC,GG,AA,CC,AA,AA,GG,GT,AT,AT,GG,GT,AT,CC,TT,TT,AA,GG,AA,CT,AA,TT,CG,TT,AA,CC,CC,CC,AG,CG,GG,CC,TT,CT,TT,GG,AT,AA,CC,AA,GG,CC,CG,GG,CC,GG,AT,AG,CG,GT,GG,CC,CC,AA,AA,CG,AA,CC,AA,AA,AC,CG,AC,TT,AA,GG,AA,AA,AA,AA,AA,AA,AA,AG,TT,GG,AA,AA,CC,AA,TT,AA,AG,GG,GG,GG,TT,AA,AA,GT,TT,TT,NN,NN,GG,GG,AA,2.48,Susceptible,Low,Premium,Early
L0586,Coimbatore,Tamil Nadu,Kharif,Red Loamy,Rainfed,650,29.5,68,AA,TT,GG,GG,GG,CC,GG,AT,CC,CC,AA,CC,CC,AT,GG,GG,GG,TT,TT,AA,CC,TT,TT,CC,TT,CC,TT,TT,GG,AA,TT,CC,AA,CC,GG,GG,GG,CG,GG,AC,TT,CT,AA,TT,AA,AG,TT,TT,CC,AC,GT,NN,AA,GG,CT,TT,AA,AA,GT,AA,AG,TT,TT,AG,CT,TT,CC,GG,TT,GT,AG,GG,CC,AA,AG,AA,AT,GG,GT,TT,GG,GT,GG,CC,AA,GG,AA,AA,CC,GT,CC,TT,CC,TT,TT,GG,CT,CC,GG,CC,CC,CC,AG,AA,TT,TT,CC,AA,AA,AA,CC,GG,GT,CC,TT,AA,AA,TT,CC,GG,CC,GG,CC,GT,TT,AA,CC,CC,CC,CC,AA,TT,CC,AA,CC,TT,AA,TT,AG,TT,GG,CC,CC,GG,AA,AG,AA,CC,TT,CG,CC,AA,AG,GG,TT,GG,AC,TT,CT,GG,CC,TT,TT,TT,CG,AT,TT,TT,AA,TT,GG,CC,AG,CC,CC,CC,CG,CC,AA,GG,AA,CC,TT,CG,GT,TT,GG,AA,AA,AG,TT,CC,GG,AA,CC,CC,GG,GG,AC,GG,TT,AA,AG,CC,GG,AA,AC,AA,AA,GG,TT,AT,AT,CG,GT,AA,CG,AA,TT,AA,GG,AA,CT,AA,TT,CC,TT,AA,CC,CT,NN,AA,CC,AG,CC,TT,TT,TT,GG,TT,AA,AC,AA,GG,CC,CC,GG,CC,GG,TT,AA,CC,TT,GG,CC,CC,AA,GG,CC,AT,CC,AA,AA,AC,CG,CC,TT,AA,GG,AA,AA,AC,NN,AA,AA,AA,AA,TT,GG,AA,AA,AA,AA,TT,AA,AA,CG,NN,GG,NN,AA,AA,TT,TT,TT,AA,AT,GG,NN,AA,4.89,Moderate,Low,Poor,Medium
L0587,Coimbatore,Tamil Nadu,Kharif,Red Loamy,Rainfed,650,29.5,68,AA,TT,GG,AA,GG,CC,GG,AA,CC,CG,AT,CC,CC,TT,GT,GT,GG,TT,TT,AA,CG,TT,TT,CT,TT,CC,TT,TT,GG,AA,TT,CC,AA,CC,GG,CC,GG,CG,GG,AC,TT,CC,AA,TT,AA,GG,TT,AT,CC,AC,GG,AA,AA,GG,CC,TT,AT,AA,GT,AC,AG,TT,TT,AA,TT,AT,CC,GG,TT,GT,AA,GG,CC,AA,AG,AA,AT,GG,TT,TT,GG,GG,GG,CC,TT,GG,AA,AA,CC,TT,CC,TT,CT,TT,TT,GG,TT,CC,GT,CT,CC,GG,GG,AA,AT,TT,CC,AA,AA,CC,CC,GG,GT,CC,TT,AA,AA,TT,CC,GG,CC,GG,CC,GG,TT,AA,CC,CC,CC,CG,AA,TT,CC,AA,CC,CC,AA,TT,AG,AA,GG,CC,CC,GG,AA,AA,AA,AC,GG,CC,CC,AA,AG,GG,TT,GG,AA,TT,CT,GG,AC,GT,TT,TT,CG,TT,TT,TT,AA,TT,GG,CC,AG,TT,CC,CC,CG,CC,AA,GG,AA,CC,TT,CC,TT,GT,GG,TT,AA,AA,GT,AC,GG,AA,CC,CG,GG,GG,AC,CG,TT,AA,AA,CC,GG,TT,AC,AA,AT,GG,TT,TT,AA,GG,TT,AA,CC,TT,GT,AA,GG,AG,TT,AC,TT,CC,TT,CC,CC,TT,CC,AG,CC,NN,CC,AT,TT,GT,GG,TT,AC,AC,AA,NN,CC,CG,GG,CC,GG,AT,AA,CG,GT,GG,CC,CG,AA,GG,CG,AT,CC,AA,AA,NN,CC,CC,TT,AA,GG,AA,AA,CC,AA,AA,AG,GG,AA,TT,GG,AA,AG,CC,AA,CT,AG,AA,GG,GG,GG,TT,AA,AG,GT,TT,TT,AG,TT,GG,GG,AA,4.24,Moderate,High,Standard,Medium
L0588,Coimbatore,Tamil Nadu,Kharif,Red Loamy,Rainfed,650,29.5,68,AA,TT,GG,NN,GG,CC,GG,TT,CC,CG,AT,TT,CG,AT,TT,GT,CC,TT,TT,AG,CC,GT,GT,NN,TT,CC,TT,NN,GT,AA,TT,CC,AA,CC,GG,GG,GG,CC,GG,CC,TT,CT,AC,TT,AG,AG,TT,TT,CC,AC,GG,AT,AA,GG,CC,GT,AA,AA,GG,AC,AA,GT,TT,AG,TT,TT,CT,GG,CT,GG,AG,GG,CC,AA,GG,AA,AA,GG,TT,NN,GG,GT,GG,CC,AA,GG,AA,AA,CG,GT,CC,TT,CC,TT,GT,GG,TT,CC,GT,CT,CC,CG,AA,AA,TT,TT,CC,AA,GG,AA,CC,GG,TT,CC,TT,AA,AC,TT,CG,GG,CG,AG,CC,GG,TT,AA,CC,CC,CC,CC,AA,TT,CC,AA,CC,CC,AA,TT,AA,AT,GG,CT,CC,GG,AA,AG,AA,AC,GG,CC,CC,AA,AG,AG,TT,GG,AA,GT,TT,GG,CC,GT,TT,CT,CC,AA,TT,TT,AT,TT,CG,CG,AG,CC,CC,CC,GG,CC,AA,GG,AA,CC,GT,CC,GT,TT,GG,TT,AA,AA,TT,CC,CG,AA,CC,CC,GG,GG,AC,GG,TT,AA,AA,CC,GG,AT,CC,AA,AA,GG,TT,AT,AT,GG,TT,AT,CG,TT,GG,AA,GG,AA,CT,AA,TT,CC,TT,NN,NN,CT,GG,AA,CC,GG,CC,TT,CT,TT,GG,AT,AA,AC,AA,GG,CC,CC,GG,CC,GG,AT,AA,CG,GT,GG,CC,CC,AT,GG,CG,AA,CC,AT,AA,CC,CG,AC,AT,AA,GG,AA,AC,AC,AA,GG,AA,AA,AA,AT,GG,AC,AA,CC,AC,CT,AA,AA,GG,GG,GG,GT,AA,AA,TT,TT,TT,AA,AT,GG,GG,NN,5.84,Moderate,Low,Standard,Medium
L0589,Coimbatore,Tamil Nadu,Kharif,Red Loamy,Rainfed,650,29.5,68,AC,TT,GG,AA,GG,CC,GG,TT,CC,CC,AA,CC,CG,AT,TT,GG,GG,TT,TT,AA,CC,GT,TT,CC,TT,CC,TT,TT,GG,AA,TT,CC,AA,CC,GG,CG,GG,CG,GG,CC,TT,CT,AC,TT,AA,AG,TT,TT,CC,CC,GG,AT,NN,GG,CC,GT,AA,NN,GT,AA,AG,TT,NN,AG,TT,AT,CC,GG,TT,GT,AA,GG,CC,AA,GG,AC,TT,GG,TT,TT,GG,TT,GT,CC,AT,GG,AA,AA,CG,GG,AC,TT,CT,AT,TT,AG,TT,CC,TT,CC,NN,CC,GG,AG,TT,TT,CC,AA,GG,AA,CT,GG,TT,CC,GT,AC,AA,TT,GG,AG,CG,GG,CT,GG,TT,AA,CC,CC,CC,CC,AA,TT,CC,AA,CC,CC,AG,TT,AA,AT,GG,CC,CC,GG,AG,AA,AT,CC,GT,CC,CG,AA,AG,AG,TT,AG,AC,GT,TT,GG,CC,TT,GG,CT,CC,AA,GT,CT,AA,TT,GG,CC,AG,CT,CC,CC,CC,CC,AA,GG,AG,CC,TT,CC,TT,TT,GG,AT,AA,AG,TT,CC,GG,AA,AC,CC,GG,GG,AC,GG,TT,AA,AA,CC,GG,AA,CC,AA,AT,GG,TT,AT,AA,GG,GG,AT,CC,TT,TT,AA,GG,AA,CT,AA,TT,CC,TT,AA,CC,CT,GG,AG,CG,GG,CC,TT,TT,GT,GG,TT,AC,AA,AA,GG,CC,CC,CG,NN,GG,TT,AA,CC,GT,GG,CC,CC,AT,GG,CC,AT,CC,AA,AA,AC,CC,CC,TT,AA,GG,AA,AA,AA,AA,AG,AG,AA,AA,AT,CG,AA,AA,AA,AC,TT,AA,AA,GG,NN,GG,TT,AA,AA,TT,TT,TT,GG,AT,GG,GG,AA,2.2,Susceptible,Low,Premium,Medium
L0590,Coimbatore,Tamil Nadu,Kharif,Red Loamy,Rainfed,650,29.5,68,AA,TT,AG,AA,GG,CG,GG,TT,CC,GG,NN,TT,CC,TT,TT,GT,CG,TT,TT,AG,CC,TT,TT,CC,TT,CC,TT,TT,NN,AA,TT,CT,AA,CC,GG,CG,GG,CC,GG,AC,TT,NN,AA,GT,AA,AG,CT,TT,CC,AC,GG,AA,AA,CG,CC,GT,AA,AC,GG,CC,NN,TT,AT,AG,TT,AT,CC,GG,CT,GG,AA,GT,CC,AA,GG,CC,AA,GG,TT,TT,AG,GT,NN,CC,AA,GG,AA,AA,CC,GT,CC,TT,CC,TT,GT,GG,NN,CC,GG,CC,CT,CG,GG,AA,TT,TT,CC,AA,AG,AA,CC,GG,TT,CC,TT,AA,AA,TT,CC,GG,CC,GG,CT,GT,CT,AA,CC,CC,CC,CC,AA,TT,CC,AA,CC,CC,AA,TT,AA,AA,GG,CC,CC,GG,AA,AG,AT,CC,GT,CC,CC,AG,AA,AG,TT,GG,AA,TT,TT,GG,CC,NN,GT,TT,GG,AA,TT,TT,AT,AT,GG,CC,AA,CC,CC,CC,GG,NN,AA,GG,AA,CC,TT,CC,GT,TT,GG,AA,AA,AA,TT,AC,GG,AA,CC,CC,GG,GG,AA,GG,TT,AA,AA,CC,GG,AA,AC,AA,AA,GG,TT,AT,AT,GG,GT,AT,CC,AT,TT,AA,GG,AA,CT,AA,TT,CC,TT,NN,CC,TT,CG,GG,CC,AG,CC,TT,TT,GT,GG,AT,AA,AC,AA,GG,CC,CG,GG,CC,GT,TT,AA,CG,TT,GG,CC,CG,AA,AA,CC,AT,CC,TT,AA,CC,CC,AC,TT,AA,CG,AA,AA,AC,AA,AG,GG,AG,AA,TT,CG,AA,AG,AC,AA,CC,AG,AA,GG,GG,GG,TT,AT,AG,GT,TT,TT,AG,AT,GG,GG,AC,4.28,Resistant,Medium,Premium,Late
L0591,Coimbatore,Tamil Nadu,Kharif,Red Loamy,Rainfed,650,29.5,68,AA,TT,GG,AA,GG,CG,GG,TT,CC,CC,AA,CC,CC,TT,TT,GG,GG,TT,TT,AA,CC,TT,TT,CC,TT,CC,TT,TT,GG,NN,TT,CC,AA,CC,GG,CG,GG,CG,GG,CC,TT,CT,AA,TT,NN,AG,TT,AA,CC,AA,GT,AA,AA,GG,CC,TT,AT,AA,GG,AC,AA,GT,TT,AA,TT,AT,CC,GG,CT,GT,AA,GG,CC,AA,GG,AC,NN,GG,GT,TT,GG,GT,GG,CC,AA,GG,AA,AT,CC,GT,CC,TT,CT,TT,GT,GG,TT,CC,TT,CC,CC,CG,GG,AA,AT,GT,CC,AA,AA,AA,TT,GG,TT,CC,TT,CC,AA,AT,CG,AA,CC,GG,CC,GT,TT,AA,CC,CC,CC,CC,AA,NN,CC,AA,NN,CC,AA,TT,AA,AA,GG,CT,CC,GG,AA,AA,AA,AC,GT,CC,CC,AA,AA,GG,TT,GG,AA,TT,CC,AA,AC,TT,GT,CT,CC,AA,TT,TT,AA,TT,GG,CC,AG,CC,CC,CC,CG,CC,AA,GG,AG,CC,TT,CG,GG,TT,GG,AT,AA,GG,TT,CC,GG,AA,CC,CC,GG,GG,AC,GG,TT,AC,AA,CC,GT,AA,AC,AA,AT,GT,GT,TT,AT,GG,NN,TT,CG,TT,TT,AA,GG,AA,TT,AC,TT,CC,TT,AA,CC,TT,CG,AG,CC,GG,CC,TT,CT,TT,GG,TT,AC,AC,GG,GG,CC,CC,GG,CC,GG,TT,AG,CC,GT,GG,NN,CG,AA,GG,CC,AA,CC,AA,AA,AC,CC,CC,TT,AA,GG,AA,AC,AC,AA,AG,AG,AA,AA,TT,GG,AC,AA,AC,AC,TT,AG,AA,GG,GG,NN,TT,AT,AA,GT,TT,TT,AA,TT,GG,GG,AA,5.08,Susceptible,Low,Poor,Early
L0592,Coimbatore,Tamil Nadu,Kharif,Red Loamy,Rainfed,650,29.5,68,CC,TT,AG,AG,GG,CC,GG,AT,CC,GG,AA,CT,CG,AT,TT,GG,GG,TT,TT,AG,CC,TT,TT,CC,TT,CC,TT,TT,GG,AA,TT,CC,AA,CC,GG,GG,GG,CC,GG,CC,TT,NN,AC,GT,AA,GG,TT,AA,CC,CC,GG,AA,AA,GG,CC,TT,AT,AC,GG,AA,AA,TT,TT,AG,TT,AT,CC,GG,TT,GG,AG,GG,CC,AA,AA,AC,AT,GG,GT,TT,GG,GT,GG,CC,AA,AG,AA,AT,CC,TT,CC,TT,NN,TT,TT,GG,CT,CC,TT,CC,CC,CC,AG,AA,TT,TT,CC,AA,GG,AC,CC,GG,TT,CG,TT,AA,AA,NN,CC,GG,CG,GG,CC,GG,TT,AG,CC,CC,CC,CG,AA,GT,AC,AA,CC,CT,AA,TT,AA,AA,GG,CC,CC,GG,AA,AG,AA,CC,GT,CC,CC,AA,AA,GG,TT,GG,CC,TT,CT,GG,CC,TT,TT,TT,CC,AT,TT,TT,AA,TT,GG,CC,AG,TT,CC,CC,GG,AC,AA,GG,AA,CC,TT,CC,GT,TT,GG,AT,AA,AA,TT,AC,GG,AA,CC,CC,GG,GG,AA,CG,TT,AC,AA,CC,GG,AA,CC,AA,AT,GG,TT,TT,AA,GG,GT,AA,CG,TT,GT,AA,GG,AA,CT,AA,TT,CC,CT,AC,CC,TT,GG,AG,CG,AG,CC,TT,TT,GT,GG,TT,AC,CC,AA,GG,CC,CC,GG,CC,GG,AT,AA,CG,TT,GG,CC,CC,AA,AG,CC,AA,CC,AA,AA,AC,CG,AC,AT,AA,GG,AA,AA,AC,AA,AG,AG,AA,NN,AT,GG,AC,AA,CC,AA,CT,AG,AA,GG,GG,CG,NN,AA,AG,GT,TT,TT,AG,AT,GG,GG,AA,4.09,Moderate,High,Standard,Medium
L0593,Coimbatore,Tamil Nadu,Kharif,Red Loamy,Rainfed,650,29.5,68,AC,TT,GG,AG,CG,CC,GT,TT,CC,GG,AA,CT,CC,TT,TT,GG,CG,TT,TT,AA,CC,TT,GT,CT,TT,CC,NN,TT,GG,AA,TT,CT,AA,AC,GG,CG,GG,CG,GG,CC,TT,TT,CC,NN,AA,GG,TT,AT,CC,NN,GG,AA,AG,NN,CC,TT,AT,AC,GT,AC,AA,TT,AT,AA,NN,AT,CC,GG,TT,GT,GG,GG,CC,AA,AG,AA,AA,GG,GT,CT,GG,GT,GG,CC,AA,GG,AA,AT,CG,TT,CC,TT,CT,TT,GT,GG,CT,CC,TT,CC,NN,CG,AA,AA,TT,TT,CC,AA,AA,AA,CC,GG,TT,CG,GT,AA,AA,TT,CG,NN,CG,NN,CC,GG,CC,AA,CT,CC,CC,CC,AA,TT,CC,AA,CC,CC,AA,NN,AA,AA,CG,CT,CC,GG,AA,AA,AA,AC,GT,CC,CG,AA,AG,GG,TT,GG,AA,TT,TT,GG,CC,TT,GT,TT,CC,AT,GG,TT,AA,AT,GG,CC,AA,TT,NN,CC,GG,CC,AA,GG,AA,CC,TT,CC,GG,GT,GG,TT,AA,AA,TT,CC,NN,AA,AC,CC,GG,NN,AA,GG,CT,NN,AA,CC,GG,AA,CC,AA,AA,GG,GT,AT,AA,CG,GT,AT,NN,AT,NN,AA,GG,AA,TT,AC,TT,CC,CT,AA,CC,TT,GG,AA,CC,AA,CC,TT,TT,GT,GG,TT,AA,CC,AA,GG,CC,CC,GG,CC,GG,AT,AA,CC,TT,GG,CG,CC,AA,GG,CC,AA,CC,AA,AA,CC,CC,NN,TT,AA,GG,AA,AA,AA,AA,AA,GG,AG,AA,AT,GG,CC,AA,AC,CC,CT,AA,AG,GG,GG,GG,TT,AA,AG,TT,TT,TT,AA,TT,GG,CG,AA,3.24,Resistant,Medium,Premium,Early
L0594,Coimbatore,Tamil Nadu,Kharif,Red Loamy,Rainfed,650,29.5,68,AA,TT,AA,AA,GG,CC,GG,TT,CC,CG,AT,CC,CC,AT,TT,GG,GG,TT,TT,AA,CC,TT,GG,CC,AT,CC,TT,TT,GG,AA,TT,CC,AA,CC,GG,CG,NN,GG,GG,CC,TT,TT,AA,NN,AA,NN,CT,TT,CC,CC,GG,AA,AG,GG,CT,TT,AA,AC,TT,AC,AG,TT,AT,AA,TT,TT,CC,GG,TT,GT,AA,GG,NN,AA,GG,AC,AA,GG,TT,TT,GG,GT,GG,CC,NN,GG,AA,AA,CC,TT,CC,TT,NN,AT,TT,GG,CT,CC,GT,CC,CC,CC,GG,AG,AT,TT,CG,AA,GG,AA,CT,GG,TT,CC,TT,AA,AA,TT,GG,GG,CG,GG,CC,GG,TT,AA,CC,CC,AC,CC,AA,TT,CC,AA,CC,CC,AA,NN,AA,AA,GG,CT,CC,GG,AA,AA,AA,CC,GG,CC,CC,AA,AG,GG,TT,GG,AA,TT,TT,GG,AC,GT,TT,TT,CG,AA,TT,CT,AT,TT,GG,CC,AA,NN,CC,CC,CG,CC,AA,GG,AA,CC,TT,CC,GT,GT,CG,TT,AG,AA,TT,CC,GG,AA,CC,CC,GG,GG,AA,GG,TT,AC,AA,CC,GG,AA,CC,AT,AT,GG,TT,AA,AT,GG,GT,AA,CC,AT,TT,AA,GG,AA,TT,AA,TT,CC,TT,AA,AA,TT,GG,AG,CC,AG,CC,TT,TT,GT,GG,TT,AA,CC,AA,GG,CC,CC,GG,CC,GG,AT,AG,CG,GT,AG,CC,CC,AA,GG,CC,AT,CC,AT,AG,CC,CG,AC,TT,AA,GG,AA,AC,AC,AA,AG,AG,AA,AA,AT,GG,AA,AA,AC,AA,CC,AA,AA,GG,GG,GG,TT,AA,AG,GT,TT,TT,AG,TT,GG,GG,AA,3.8,Susceptible,Medium,Poor,Medium
L0595,Coimbatore,Tamil Nadu,Kharif,Red Loamy,Rainfed,650,29.5,68,AA,TT,GG,AG,CG,CC,GG,TT,CC,CC,AA,TT,CC,TT,TT,GG,CG,TT,TT,AA,CG,TT,TT,CT,TT,CC,GT,TT,GG,AA,CT,CC,AA,CC,GG,CG,GG,CG,GG,CC,TT,TT,AA,TT,AA,GG,TT,TT,CC,AC,GG,AA,AG,GG,CC,GG,AA,AA,GG,AC,AG,TT,TT,AG,TT,TT,CC,GG,TT,GG,AA,GG,CC,AA,GG,AA,AT,GG,TT,TT,GG,TT,GG,NN,AA,GG,AA,AA,CC,TT,AC,TT,TT,TT,TT,AG,TT,AC,TT,CT,CC,CC,AG,AA,AT,TT,CC,AG,AG,AC,CC,GG,TT,CC,GT,AA,AA,TT,CC,GG,CC,GG,CC,GT,TT,AA,CT,CC,CC,CC,AG,TT,AC,AA,CC,CT,AA,TT,AA,AT,GG,CT,CG,AG,AA,GG,AA,AC,GG,CC,CC,AG,AG,AG,TT,GG,AC,TT,TT,AG,AA,TT,TT,TT,CG,TT,TT,TT,AA,TT,GG,CC,AA,CC,CC,CC,GG,CC,AA,GG,AA,CC,TT,CC,GT,TT,GG,AT,AG,AA,TT,CC,GG,AA,CC,CC,GG,GG,AA,GG,TT,AC,AA,CC,GG,AT,CC,AT,AT,GG,TT,AA,AT,CG,GG,AT,CG,TT,GT,AA,GG,AA,TT,AA,TT,CC,TT,AC,AC,TT,GG,GG,CC,AG,CC,TT,CT,GT,GG,TT,AA,AC,AA,GG,CC,CG,GG,CC,GG,NN,GG,CC,TT,GG,CC,CG,AA,GG,CC,AA,CG,AA,AA,AC,CC,AC,TT,AA,NN,AA,AA,AA,AA,GG,AG,AA,AA,TT,CG,AC,GG,CC,AA,TT,AA,AA,GG,GG,GG,TT,AA,AA,NN,TT,AT,AG,TT,GG,GG,AA,4.47,Moderate,High,Poor,Medium
L0596,Coimbatore,Tamil Nadu,Kharif,Red Loamy,Rainfed,650,29.5,68,CC,TT,GG,AA,GG,CC,GT,TT,CC,CG,AA,CT,CG,AT,TT,GG,GG,TT,TT,AG,CC,TT,GT,CC,TT,CC,TT,TT,GG,AA,TT,CC,AA,CC,GG,CG,GG,CG,GG,CC,NN,CT,AA,TT,AG,AA,TT,TT,CC,AC,GG,AA,NN,GG,CC,TT,AT,AA,GT,AC,AA,TT,AT,AA,TT,TT,CC,GG,TT,GT,AA,GG,CC,AA,GG,AA,AT,GG,TT,TT,GG,GT,GT,CC,AT,AG,AA,AT,CC,TT,CC,TT,CT,TT,TT,GG,TT,CC,TT,CC,CT,CC,AG,AA,TT,TT,CC,AA,AA,AC,CC,GG,TT,CC,TT,CC,AA,TT,CG,GG,CG,GG,CC,GG,TT,AA,CC,CC,CC,CC,AA,TT,AC,AA,CC,CT,AA,AT,AA,AA,GG,CC,CC,GG,AA,AA,AA,CC,GG,CG,CC,AA,AG,AG,GT,AG,AA,TT,CT,GG,AC,TT,GT,TT,CC,AA,GT,TT,AA,TT,GG,CC,AA,CC,AC,CC,GG,CC,AA,AG,AA,CC,TT,CC,GG,TT,GG,AT,AA,AG,TT,CC,CC,AA,CC,CC,GG,GG,AA,GG,TT,AC,AG,CC,GT,AA,CC,AA,AA,GT,TT,TT,AT,GG,GG,AA,CC,AT,GG,AA,GG,AA,CT,AC,TT,CC,CT,AA,CC,TT,GG,AA,CC,AA,CC,AT,TT,NN,GG,TT,AC,NN,AA,GG,CC,CG,GG,CC,GG,AT,AA,CC,GT,GG,CC,CC,AT,GG,CG,AT,CC,AA,AA,AC,CC,AC,TT,AA,GG,AA,AA,AC,AC,AG,AG,AA,AA,AA,GG,AC,AG,CC,AA,TT,AA,AA,GG,GG,GG,TT,AA,GG,TT,TT,TT,AG,TT,GG,GG,AA,2.88,Moderate,Low,Poor,Early
L0597,Coimbatore,Tamil Nadu,Kharif,Red Loamy,Rainfed,650,29.5,68,AC,TT,GG,AG,CG,CC,GT,AT,CC,CC,AA,CC,CC,TT,TT,GG,GG,TT,TT,AA,CC,GT,TT,CT,TT,CC,TT,TT,GG,AA,TT,CT,AA,CC,GG,CG,NN,CC,GG,CC,TT,NN,AA,TT,AA,GG,TT,TT,CC,AC,GG,AA,AG,GG,CT,TT,AT,AA,TT,AC,AA,GT,AT,AA,CT,AT,CC,GG,NN,GG,AG,GG,CC,AA,GG,AC,AT,GG,TT,TT,GG,GG,GG,CC,AA,GG,AA,AA,CC,GG,CC,TT,TT,TT,GT,GG,TT,CC,TT,CC,CC,CC,AG,AA,TT,TT,CC,AA,AG,AA,CT,GG,TT,CC,TT,AC,AA,TT,CC,GG,CC,GG,NN,GG,NN,AA,CT,CC,CC,CC,AA,TT,AC,AA,CC,CC,NN,TT,AA,AT,GG,CT,CC,GG,AA,AG,AA,CC,GT,CC,CG,AA,AA,GG,GT,GG,CC,TT,CT,NN,AC,TT,TT,TT,CC,TT,GT,CT,AT,TT,GG,CC,AG,CC,NN,AC,CG,CC,AA,GG,AG,CC,TT,CC,GG,TT,GG,TT,AA,AA,TT,CC,GG,AA,AC,CC,GG,GG,AC,GG,TT,AA,AA,CC,GG,AA,CC,AA,AA,GG,TT,AT,TT,GG,GG,AA,CG,TT,TT,AA,GG,AA,CT,AA,TT,CC,TT,AA,CC,TT,CG,NN,CC,AG,CC,AT,TT,GT,GG,TT,AA,AC,AA,GG,CC,GG,GG,CC,GG,AT,AA,CG,GT,GG,CC,CC,AA,GG,CC,AA,CC,AA,AA,AC,CC,AA,TT,AA,GG,AA,AA,CC,AA,AG,AG,AA,AA,TT,GG,AA,AA,AC,AC,TT,AA,AA,GG,GG,CG,GT,AA,AG,NN,TT,AT,AG,AT,GG,GG,AA,3.43,Susceptible,Medium,Standard,Early
L0598,Coimbatore,Tamil Nadu,Kharif,Red Loamy,Rainfed,650,29.5,68,AC,TT,GG,GG,CG,CC,GG,AT,CC,CC,AA,CC,CG,AT,TT,TT,CG,TT,TT,AA,CC,GT,TT,CC,TT,CC,TT,AT,GG,AA,TT,CC,AA,CC,AG,GG,GG,CC,GG,CC,TT,TT,AA,GT,AA,GG,TT,AT,CC,AC,GG,AA,AA,GG,CC,TT,AT,AA,TT,AC,AG,TT,TT,AG,CT,TT,CC,GG,TT,GG,AA,GG,CC,AA,GG,CC,AA,GG,TT,TT,GG,GG,GG,CC,AA,GG,AA,AA,CC,TT,CC,NN,TT,TT,TT,AG,CT,CC,TT,CC,CT,GG,AA,AA,NN,NN,CC,AA,GG,AC,CC,GT,NN,CG,TT,AA,AC,TT,CC,GG,CC,GG,CC,GG,CT,AA,CC,CC,CC,CC,AA,TT,CC,AA,CC,CC,AA,TT,AA,AA,GG,CC,CC,GG,AA,AA,AA,CC,GT,CC,CC,AA,AG,GG,TT,GG,AC,GT,CT,GG,AC,TT,TT,TT,CC,AA,TT,TT,AA,TT,CG,CC,AA,CT,CC,CC,GG,CC,AA,GG,GG,CC,TT,CG,GG,GT,CG,AT,AG,AA,TT,CC,GG,AA,AC,CC,GG,GG,AC,GG,TT,AA,GG,CC,GT,AA,AC,AA,NN,GG,TT,TT,AA,GG,GG,AA,CG,AT,TT,NN,GG,AA,TT,AA,TT,CC,TT,AA,CC,TT,GG,AG,CC,AG,CC,TT,TT,TT,GG,TT,AA,AA,AA,GG,CC,CG,GG,CC,GG,TT,AA,CG,TT,GG,CC,CC,AA,GG,CC,AT,CC,NN,AG,AC,CG,AC,TT,AA,CG,AA,AA,AA,AC,AG,AG,AA,AA,TT,GG,AA,AA,CC,AA,TT,AA,AA,CG,GG,GG,GT,AT,AA,TT,TT,TT,AA,TT,GG,GG,AA,2.98,Moderate,Medium,Standard,Early
L0599,Coimbatore,Tamil Nadu,Kharif,Red Loamy,Rainfed,650,29.5,68,AA,TT,GG,AG,CG,CC,GG,TT,CC,CG,AA,CC,CG,TT,TT,GG,GG,TT,TT,AA,CC,TT,TT,CC,TT,CC,TT,TT,GG,AA,TT,CC,AA,CC,GG,GG,GG,CC,GG,CC,TT,TT,AA,TT,AA,GG,TT,TT,CC,AC,GG,AA,AA,GG,CC,GT,AA,AA,GT,AC,AA,GG,AT,AA,CT,TT,CC,GG,TT,GT,AA,GG,CC,AG,GG,NN,AA,GG,TT,TT,GG,GG,GG,CC,AT,AG,AA,AA,CC,GT,AC,TT,NN,TT,TT,AG,TT,NN,TT,CC,CC,CC,AG,AA,AT,TT,CC,AA,AG,AA,CT,GG,GT,CC,GT,CC,AC,TT,CC,AG,CC,AA,CC,GG,CT,AG,CT,CC,CC,CC,AA,TT,CC,AA,CC,CT,AA,TT,AA,AT,GG,CC,CC,GG,AG,AG,NN,AC,GG,CC,CC,AA,AA,GG,TT,GG,AC,GT,CC,GG,CC,TT,TT,TT,CC,AT,GT,TT,AA,TT,GG,CC,AG,CC,CC,CC,CG,CC,AA,GG,AG,CC,TT,CC,GG,GT,GG,AT,AA,AA,TT,CC,GG,AA,AC,CC,GG,GG,AC,GG,TT,AA,AA,CC,GT,AA,AC,AA,AT,GG,GT,AT,TT,CG,TT,AT,CC,NN,TT,AA,GG,AA,CT,NN,TT,CC,TT,AA,CC,TT,CC,GG,CC,NN,CC,TT,CT,TT,GG,AT,AA,CC,AA,GG,CC,NN,GG,CC,GG,TT,AG,CC,TT,GG,CC,CC,AA,AG,GG,AT,CG,AT,AG,CC,CC,CC,TT,AA,GG,AA,AA,AC,AA,AG,AA,AA,NN,AT,GG,AA,AG,AC,AA,CT,AG,AG,GG,GG,GG,TT,AT,AA,TT,TT,TT,AG,AT,GG,GG,AA,4.22,Moderate,Low,Standard,Early
L0600,Coimbatore,Tamil Nadu,Kharif,Red Loamy,Rainfed,650,29.5,68,AA,TT,AG,AG,GG,CC,GT,TT,CC,CG,AA,CC,CC,AT,TT,GG,CC,TT,TT,AA,CC,TT,GT,CT,AT,CC,TT,AT,GT,AA,TT,CT,AG,AC,GG,CG,GG,CG,GG,CC,TT,TT,AA,TT,AA,GG,CT,TT,CC,AC,GG,AA,AA,GG,CT,TT,AA,AC,GT,AA,AG,GT,TT,AA,TT,TT,CC,GG,TT,GG,AG,GG,CC,AA,GG,CC,AA,AG,GT,TT,GG,GT,GT,CC,AA,GG,AA,AA,CC,GG,CC,TT,CC,TT,GT,GG,TT,CC,TT,CT,CT,CG,AG,AA,TT,TT,CC,AA,AG,AC,CC,GG,TT,CG,GT,AA,AA,TT,CC,GG,CG,GG,CC,TT,CT,AA,CC,CC,AC,CC,AA,TT,CC,AA,CC,CC,AA,TT,AA,NN,CG,CT,CC,GG,AG,AG,AT,CC,GG,CC,CC,AA,AA,GG,TT,GG,AC,TT,TT,GG,AC,TT,TT,TT,CG,AA,TT,TT,AT,TT,GG,CC,AA,CT,CC,AC,CC,AC,AA,NN,AG,CC,TT,CC,GT,TT,GG,AT,AA,AA,TT,CC,CG,AC,AC,CC,GG,GG,AA,GG,NN,AC,AA,CC,GG,AT,AC,AA,AT,GG,TT,AT,AT,GG,GT,AT,CC,AT,GT,AA,GG,AA,TT,AA,TT,CC,TT,AA,CC,TT,GG,AA,CG,AG,AC,TT,CT,TT,GG,TT,AA,AC,AG,GG,CC,CC,GG,CC,GG,AT,AA,CC,TT,GG,CC,CG,AA,AG,CG,AT,CC,AT,AA,AC,CG,AC,TT,AG,GG,AA,AA,AC,AC,GG,GG,AA,AA,TT,GG,AA,AA,AC,AA,CT,AA,AA,GG,NN,CG,TT,AA,AA,TT,TT,TT,AA,TT,GG,GG,AA,4.25,Susceptible,Medium,Standard,Late
L0601,Coimbatore,Tamil Nadu,Kharif,Red Loamy,Rainfed,650,29.5,68,AA,CT,GG,AG,GG,CG,GG,TT,CC,CG,AA,CC,CG,TT,TT,GT,CC,TT,TT,AA,CC,GT,GT,CC,TT,CC,GT,TT,GG,AA,TT,CT,AA,CC,AG,CG,GT,CG,GG,CC,TT,CT,AA,TT,AA,AA,TT,AT,CC,AA,GT,AA,AA,GG,CT,TT,AA,AC,GG,AC,AA,TT,AT,AA,TT,TT,CC,GG,TT,GT,AA,GG,CC,AA,GG,AC,AT,GG,TT,TT,GG,GG,GG,CC,AA,GG,AA,AA,CC,TT,AC,TT,CC,TT,TT,GG,CT,CC,TT,CC,CC,CG,GG,AA,TT,TT,CC,AA,AA,AA,CC,GG,TT,CG,GT,AA,AC,TT,CC,AA,CC,GG,CC,GT,CT,AA,CC,CC,CC,CC,AA,TT,CC,AA,CC,CT,AA,TT,AA,AA,GG,CT,CC,GG,AA,AA,AA,AA,GG,CC,CC,AA,AA,GG,TT,GG,AA,TT,CT,AG,CC,TT,TT,TT,CC,AA,TT,TT,NN,TT,GG,CC,AG,CC,CC,CC,CG,CC,AA,GG,AG,CC,TT,CG,GG,GT,NN,AT,AG,NN,TT,CC,GG,AA,CC,CC,GG,GG,AA,GG,TT,AA,AG,CC,GG,AA,AC,AA,AA,GG,TT,TT,AT,GG,NN,AT,CC,TT,GT,AA,GG,AA,NN,AA,TT,CC,TT,AC,CC,TT,GG,AG,CG,GG,CC,AT,CT,GG,GG,TT,AC,AC,AA,GG,CC,CC,GG,CC,GG,TT,AA,CC,TT,GG,CC,CC,AA,GG,CC,AA,CC,AA,AA,AC,CG,CC,TT,AA,GG,AA,AA,AA,AA,GG,AA,AA,AA,AA,GG,AA,AA,AA,AA,CC,AA,AA,GG,GG,GG,TT,AA,AA,TT,TT,TT,AA,TT,GG,CG,AA,3.29,Susceptible,Low,Poor,Late
L0602,Coimbatore,Tamil Nadu,Kharif,Red Loamy,Rainfed,650,29.5,68,AC,CT,GG,GG,GG,CC,GT,TT,CC,CG,TT,CC,CC,TT,TT,GG,GG,TT,TT,AA,CG,TT,GT,CC,AT,CC,TT,TT,GG,AA,TT,CC,AA,CC,GG,GG,GG,CG,GG,AC,NN,NN,AA,TT,AG,NN,TT,TT,CC,AC,GG,AA,NN,GG,CC,TT,AA,AA,GT,AC,AA,TT,AT,GG,TT,AT,CC,GG,TT,GG,AG,GG,CC,AA,GG,AA,AA,GG,TT,TT,AG,GT,GT,CC,AT,GG,AA,AA,CC,TT,CC,TT,CC,TT,TT,GG,CT,AC,TT,CC,CT,NN,AG,AA,TT,TT,CC,AA,AA,AC,CC,GG,TT,NN,GT,AA,AA,TT,CC,NN,CC,AG,CT,GG,CT,AA,CT,CG,CC,CC,AA,TT,CC,AA,CC,CT,AA,TT,AG,AA,GG,CC,CC,GG,AA,AG,AA,CC,GT,CC,CG,AG,AA,GG,TT,GG,AA,GT,TT,GG,AA,GT,GG,TT,CG,AT,TT,TT,AA,TT,GG,CC,AG,CC,CC,CC,NN,CC,AA,GG,AA,CC,TT,CC,GG,TT,GG,AT,AA,AA,TT,CC,CG,CC,CC,CC,GG,GG,AC,GG,TT,AA,AA,CC,NN,AA,CC,AA,AA,GG,TT,TT,AT,CG,GT,AT,CC,AT,TT,AA,GG,AA,CT,AA,TT,CC,TT,NN,AC,CC,GG,AG,CG,AG,AC,TT,TT,TT,GG,TT,AA,AC,AG,GG,NN,CG,GG,CC,GT,AT,AA,CC,GT,GG,CC,CC,AA,GG,CC,AT,CG,AT,AG,CC,CC,AA,TT,AA,GG,AA,AA,AC,AA,GG,AA,AG,AA,TT,GG,AA,AA,AC,AA,CC,AA,AG,GG,GG,CG,TT,AA,AA,TT,TT,TT,AA,NN,GG,GG,AC,5.8,Resistant,Low,Poor,Medium
L0603,Coimbatore,Tamil Nadu,Kharif,Red Loamy,Rainfed,650,29.5,68,AA,TT,GG,AA,GG,CC,GG,AT,CC,GG,AA,CC,CC,TT,GT,GG,GG,TT,TT,AA,CG,TT,GT,CC,TT,CC,TT,TT,GG,AA,TT,CC,AG,CC,GG,GG,GG,GG,GG,AC,TT,TT,AA,TT,AG,AG,TT,TT,CC,AA,GG,AA,AG,GG,CC,TT,AA,AA,GT,CC,AA,TT,TT,AG,TT,TT,CC,GG,TT,GT,AG,GG,CC,AA,GG,AC,AT,GG,TT,TT,GG,GG,GG,CC,AA,GG,AA,AT,CC,GT,CC,TT,CT,TT,GG,GG,TT,CC,TT,CC,CT,CC,GG,AA,TT,TT,CC,AG,GG,AA,CC,GG,TT,CC,GT,AA,AA,TT,CC,AG,CG,AG,CC,TT,TT,AA,CC,CC,CC,CC,AA,NN,CC,AA,CC,CC,AA,TT,AA,AT,GG,CC,CC,GG,AA,AG,AA,AC,GT,CC,CC,AA,AA,GG,TT,GG,AA,GT,CC,GG,AC,TT,TT,TT,CC,AA,GT,TT,AA,AT,GG,CG,AA,CT,AC,CC,CG,CC,AA,GG,AG,CC,TT,CC,GG,TT,GG,AT,AA,AA,GT,AC,CG,AA,CC,CC,GG,AG,AA,CG,CT,AA,AA,CC,GG,AA,AC,AA,AA,GG,TT,TT,AT,CG,GT,AA,CC,AT,GT,AA,GG,AA,TT,AA,TT,CG,TT,AA,CC,TT,CG,AA,CC,AG,CC,TT,TT,GT,GG,AT,AA,CC,AG,GT,CC,CC,GG,CC,GG,AT,AA,CC,TT,GG,CC,CG,AA,GG,CC,AA,CC,AT,NN,AC,CG,CC,AT,AA,GG,AA,AA,AC,AA,AG,AG,AA,AA,TT,GG,AA,AA,CC,AA,TT,AG,AG,GG,GG,GG,TT,AT,AA,GT,TT,TT,AG,TT,GG,GG,AA,3.24,Susceptible,High,Poor,Medium
L0604,Coimbatore,Tamil Nadu,Kharif,Red Loamy,Rainfed,650,29.5,68,AA,TT,GG,AA,GG,CG,GG,TT,CC,CG,AA,CC,CC,TT,TT,GG,CG,TT,AA,AA,CC,TT,TT,CC,TT,CC,GT,AT,GT,AA,TT,CC,AA,AC,GG,CG,GG,GG,GG,CC,TT,CT,AA,TT,AA,AA,TT,TT,CC,AC,GG,AA,AA,GG,CC,TT,AA,AC,GT,AC,AA,TT,TT,AG,TT,TT,CT,GG,TT,GT,AG,GG,CC,AA,GG,AC,TT,GG,TT,TT,GG,GT,GG,CC,AA,GG,AA,AA,CC,GG,CC,TT,CC,AT,GT,GG,TT,CC,TT,CC,CC,CC,AG,AA,TT,NN,CC,AA,NN,AC,CC,GG,TT,CC,TT,AA,AC,TT,GG,AG,CG,GG,CC,GG,TT,AA,CC,CC,CC,CG,AA,TT,AC,AA,CC,CC,AA,TT,AA,AA,GG,CC,CC,GG,AA,AG,AA,CC,GG,CC,CC,AA,AA,GG,TT,GG,CC,TT,CT,GG,CC,GT,TT,TT,CC,AA,GT,TT,AA,AT,GG,CC,AA,CC,CC,AC,CC,CC,AA,GG,AA,CC,TT,CC,GG,TT,GG,AT,AA,AA,GT,AC,GG,AC,CC,CC,GG,GG,CC,GG,TT,AC,AA,CC,GT,AA,AC,AA,AT,GG,TT,TT,AT,GG,GG,AT,CG,TT,GT,AA,GG,AA,CT,AA,TT,CC,TT,AC,AC,TT,GG,AA,CC,AG,CC,AT,NN,GG,GG,TT,AA,CC,AG,GG,CC,CC,GG,CC,GG,TT,AA,CC,GT,GG,CC,CC,TT,GG,CG,AA,CC,AT,AA,CC,CG,AC,TT,AA,GG,AT,AC,AA,AA,AG,AG,AA,AG,AT,GG,AA,AA,AC,AA,TT,AA,AA,GG,GG,GG,TT,AA,AA,GT,TT,TT,AG,TT,GG,GG,AA,2.22,Susceptible,Medium,Poor,Medium
L0605,Coimbatore,Tamil Nadu,Kharif,Red Loamy,Rainfed,650,29.5,68,AC,TT,GG,AA,CG,CC,GG,TT,CG,CG,AA,CC,CG,AA,TT,GG,GG,TT,TT,AA,CC,GG,GT,CC,TT,CC,TT,AT,GG,AA,TT,CC,AA,CC,GG,GG,GG,CC,GG,CC,TT,NN,AA,GT,AA,GG,CT,TT,CC,AC,GG,AA,AA,GG,CC,TT,AA,AC,GG,AA,AG,TT,AT,AA,TT,AT,CC,GG,TT,GT,AA,GG,CC,AA,GG,CC,AT,GG,TT,TT,GG,NN,GG,CC,AA,GG,AA,AT,CG,TT,CC,TT,NN,TT,GT,GG,CT,CC,GT,CC,CC,CG,AG,GG,TT,TT,CC,AA,AG,AC,CC,GG,TT,CC,TT,AA,AA,TT,CC,GG,CC,GG,CC,GT,TT,AA,CC,CC,NN,CC,AA,TT,CC,AA,CC,CC,AA,AT,AA,AA,GG,CT,CC,GG,AA,AG,AA,CC,GG,CC,CC,AA,NN,GG,TT,GG,AA,TT,CT,GG,AA,GT,TT,TT,CC,AA,GT,TT,AA,TT,GG,CC,AA,CT,CC,CC,CG,CC,AA,GG,AA,CC,TT,CC,GG,GG,GG,AT,AA,AG,TT,CC,CG,AA,CC,CC,GG,GG,AA,GG,TT,AA,AA,CC,GG,AA,CC,AA,AT,GT,TT,TT,TT,GG,TT,AT,CC,TT,TT,AA,AG,AA,TT,AA,TT,CG,TT,AA,CC,TT,GG,AA,CC,AA,CC,TT,CT,TT,GG,AT,AC,CC,AA,GT,CC,GG,GG,CC,GG,AT,AA,CC,TT,GG,CC,CG,AA,GG,CC,TT,CC,AA,AA,AC,CC,CC,TT,AA,GG,AA,AC,AC,AA,AA,AA,AG,AA,TT,CG,AC,AG,AC,AA,CT,AA,AG,GG,AG,GG,TT,AT,AA,GT,TT,TT,AA,TT,GG,CG,AA,3.91,Susceptible,Medium,Poor,Late
L0606,Coimbatore,Tamil Nadu,Kharif,Red Loamy,Rainfed,650,29.5,68,CC,CT,GG,AG,GG,CC,GT,AT,CC,CG,AA,CC,GG,TT,TT,GG,CG,NN,TT,AA,CG,TT,GT,CC,TT,CC,TT,TT,GT,AA,TT,CT,AA,CC,GG,CG,GG,CG,GG,CC,TT,TT,AA,TT,AA,GG,TT,TT,NN,CC,GT,AA,AG,GG,CT,TT,AA,AA,GG,AC,AA,TT,AT,AA,TT,TT,CC,GG,TT,GG,AA,GG,CC,AA,AG,AA,AA,GG,TT,TT,GG,TT,GG,CC,AA,GG,AA,AA,CG,TT,CC,TT,CT,TT,TT,AA,TT,CC,TT,CC,CT,CG,AG,AA,TT,TT,CC,AA,AG,AA,CC,GG,TT,CC,TT,AA,AA,TT,CC,AA,CC,GG,CC,GT,TT,AG,CC,CC,CC,CC,AG,TT,AC,AA,CC,CC,AG,AT,AA,AT,CG,CC,CC,NN,AA,GG,AA,AC,NN,CC,CC,AA,GG,GG,TT,GG,AC,TT,TT,AG,AC,TT,TT,TT,CC,AT,GT,TT,AA,AT,GG,CC,NN,CC,CC,CC,CG,CC,AA,GG,AG,CC,TT,CC,GT,TT,CG,AT,AA,AA,TT,AC,GG,AA,AC,CG,GG,GG,NN,GG,TT,AA,AA,CC,GG,AA,CC,AA,AA,GT,TT,NN,AA,CG,GT,AT,CC,AT,TT,AA,GG,AA,CT,AA,TT,CC,NN,AA,CC,CT,GG,GG,CC,AA,CC,TT,CT,GT,GG,TT,AA,AA,AG,GG,CC,CC,GG,CC,GG,AA,AG,CC,GT,GG,CC,CC,AA,AG,CC,AA,CG,AA,AA,AC,CC,CC,TT,AA,GG,AA,AA,AC,AA,AA,AA,AG,AA,TT,GG,AA,AA,AC,AA,TT,AA,AA,CG,GG,CG,GT,AA,AA,TT,TT,TT,AG,TT,GG,GG,AA,3.01,Susceptible,Low,Standard,Medium
L0607,Coimbatore,Tamil Nadu,Kharif,Red Loamy,Rainfed,650,29.5,68,AC,TT,GG,AG,GG,CC,GG,TT,CC,GG,AA,CT,CG,TT,TT,GG,GG,TT,TT,AA,CC,GG,TT,CC,TT,CC,TT,TT,GG,AA,TT,CC,AG,CC,GG,GG,GG,CG,GG,CC,GT,CT,AA,TT,AA,AG,CT,TT,CC,AC,GG,AA,AG,CG,CT,TT,AT,AC,GG,AA,AA,TT,TT,GG,TT,TT,CC,GG,CT,GG,AA,GG,CC,AA,AG,AA,AT,AG,GT,TT,GG,GG,GG,CC,AA,AG,AA,AA,CG,GT,CC,TT,CC,TT,GT,GG,TT,CC,TT,CC,CC,NN,AG,AA,TT,TT,CC,AA,AA,AA,CC,GG,GT,CC,GT,AA,AA,TT,CC,GG,CC,AG,CC,GT,CT,AA,CT,CC,NN,CC,AA,GT,CC,AC,CC,CC,AA,NN,AA,AA,GG,CC,CC,GG,AA,GG,AA,CC,GT,CC,NN,AA,NN,GG,GT,GG,AC,TT,CT,GG,NN,TT,TT,TT,CG,AT,GT,CC,AA,TT,GG,CC,AA,CT,CC,CC,CG,CC,AA,GG,GG,CC,TT,CC,GT,GT,CG,NN,AA,AA,TT,CC,CG,AC,CC,CG,GG,GG,AC,CG,TT,AC,AA,CC,GG,AA,CC,AA,AT,GT,GT,AA,AA,CG,GT,AT,CG,AT,TT,AA,GG,AA,CT,AA,TT,CC,TT,AA,CC,CT,GG,AG,CC,AG,AC,TT,TT,TT,GG,TT,AA,AC,AA,GG,CC,CG,GG,NN,GG,TT,AA,CC,TT,GG,CC,CC,AA,GG,CC,AA,CC,AA,AA,CC,CG,AC,TT,AA,GG,AA,AA,AA,AA,GG,AA,AA,AA,TT,GG,AA,AG,CC,AA,CT,AA,AG,GG,GG,GG,GT,AA,AA,GT,TT,TT,AG,TT,GG,CG,AA,3.93,Resistant,Medium,Standard,Early
L0608,Coimbatore,Tamil Nadu,Kharif,Red Loamy,Rainfed,650,29.5,68,AC,TT,AA,AG,GG,CG,GG,TT,CC,GG,AT,CT,CG,AT,TT,GG,GG,TT,TT,AA,CC,TT,TT,CC,TT,CC,TT,TT,GG,AA,TT,CT,AG,CC,GG,CG,GG,CG,GG,CC,TT,CT,AC,TT,AA,AG,TT,AT,CC,AC,GG,NN,AA,GG,CC,TT,AA,AC,GG,AC,AA,TT,TT,AA,TT,AT,CC,GG,TT,GG,AA,GG,CC,AA,GG,AC,AT,GG,TT,TT,GG,GG,GT,CC,AA,GG,AA,AA,CC,TT,CC,TT,CT,TT,TT,GG,CT,CC,TT,CC,CT,GG,AG,AA,TT,GT,CC,AA,AA,AA,CC,GG,TT,CG,TT,AC,AA,TT,CC,GG,CC,GG,CC,GT,CT,AA,TT,CC,CC,CC,AG,TT,CC,AA,CC,CC,AA,TT,GG,AT,NN,CT,CC,GG,AG,AG,AA,CC,NN,CC,CC,AA,AA,AG,TT,GG,AC,TT,CT,GG,AC,TT,TT,TT,CG,AT,TT,CT,AT,AT,GG,CC,AA,NN,CC,CC,GG,CC,AA,GG,AG,CC,TT,CC,GG,TT,GG,AT,AA,AG,TT,CC,GG,AA,AC,CC,GG,NN,AA,GG,TT,AC,AA,CG,GG,AA,CC,AA,AA,GG,TT,AT,AA,GG,GT,AA,CC,AT,TT,AA,GG,AA,TT,AA,TT,CC,CT,NN,CC,TT,GG,AA,CC,GG,AC,TT,CT,TT,GG,AT,AA,CC,AA,GG,CC,CG,GG,CG,GG,AT,AA,CC,TT,GG,NN,CC,AA,GG,CC,TT,CC,AA,AG,AC,CC,AC,TT,AA,GG,AA,NN,AC,AA,AG,AG,AG,AA,TT,GG,AA,AA,CC,AA,CT,AG,AA,GG,GG,CG,TT,AA,AA,TT,TT,TT,AG,TT,GG,GG,AC,5.2,Resistant,High,Poor,Late
L0609,Coimbatore,Tamil Nadu,Kharif,Red Loamy,Rainfed,650,29.5,68,AC,CC,GG,AA,GG,CC,GG,TT,CC,CG,AA,CT,CC,TT,TT,GG,GG,TT,AT,AG,CC,TT,TT,CC,TT,CC,TT,TT,GG,AA,NN,TT,AA,CC,GG,GG,GG,CC,GG,CC,TT,CT,AC,NN,AA,GG,TT,AT,CC,AA,GG,AT,AA,GG,CC,TT,AT,AA,TT,AA,AA,TT,TT,AG,TT,TT,CC,GG,TT,GG,NN,GT,CC,AA,AG,AA,AT,GG,GT,CT,GG,GT,GG,CC,AA,GG,NN,AA,CC,TT,NN,TT,CT,TT,TT,GG,CT,CC,TT,CT,CC,CC,AG,AA,TT,GT,CC,AA,AG,AA,CT,GG,GT,CG,TT,AA,AA,AT,CC,AG,CG,GG,CC,GT,CC,AG,CC,CC,CC,CC,AA,TT,CC,AA,CC,CC,NN,AT,AA,AA,GG,CT,CG,GG,AA,AG,AA,CC,GT,CC,CC,AA,AG,GG,GT,AG,AC,TT,TT,GG,AC,TT,TT,NN,CC,AA,TT,TT,AA,AT,GG,CC,AG,CT,AC,CC,GG,AC,AA,GG,AG,CC,TT,CC,TT,NN,NN,AA,AA,AG,TT,CC,GG,AA,AA,CC,GG,GG,AC,GG,TT,AC,AG,CG,GG,AA,CC,AA,AA,GG,TT,TT,AA,GG,GT,AA,CG,AT,GG,AA,GG,AA,TT,AA,TT,CC,TT,AC,AC,TT,GG,AG,CG,AG,AA,TT,CT,GG,GG,TT,AA,CC,AA,GG,CC,GG,GG,CC,GG,AT,AA,CC,TT,GG,CC,CC,AA,GG,CC,AT,NN,AA,AA,CC,CC,AC,TT,AA,GG,AA,CC,AC,AA,GG,AG,AA,AA,TT,GG,AA,AG,CC,AC,TT,AA,NN,CG,GG,GG,GT,AT,AA,GT,TT,TT,AA,TT,NN,GG,AA,4.7,Susceptible,Low,Poor,Early
L0610,Coimbatore,Tamil Nadu,Kharif,Red Loamy,Rainfed,650,29.5,68,AC,TT,GG,AA,GG,CC,GT,TT,CC,CG,AA,CC,GG,TT,GT,GT,CG,AT,TT,AA,CC,TT,TT,CC,TT,CC,TT,TT,GG,AC,TT,CC,AA,CC,GG,GG,GG,CC,GG,CC,TT,CT,AA,GT,AA,AG,CT,TT,CC,AC,GG,AT,AG,GG,CT,GT,AA,AC,GG,AC,AA,TT,TT,AA,CC,AT,CC,GG,TT,GT,GG,GG,CC,AA,GG,AC,AT,AG,TT,TT,GG,GT,GG,CC,AA,GG,AA,AA,CC,TT,CC,TT,CC,AT,TT,GG,CT,CC,TT,CC,CT,NN,GG,AA,AT,TT,CC,AA,GG,NN,CC,GG,TT,CC,TT,CC,AA,TT,CC,GG,CG,GG,CC,GT,TT,AG,CC,CC,CC,CG,AA,TT,CC,AA,CC,CC,AG,TT,AA,AT,GG,CC,CC,GG,AA,AG,AT,CC,TT,CC,CC,AA,AA,NN,GT,GG,AA,TT,CT,AG,CC,TT,TT,CT,CG,AT,TT,CT,AA,TT,GG,CC,AG,CT,CC,CC,GG,CC,AA,GG,AG,CC,TT,CC,TT,GG,CC,AT,AA,AG,TT,CC,GG,AA,CC,CC,GG,GG,AC,CG,NN,AA,AA,CC,GG,AT,AC,AA,AA,GG,TT,TT,AA,GG,GT,AA,CG,TT,TT,AA,GG,AA,CC,AA,TT,CC,TT,AC,CC,TT,CG,AA,CG,AA,CC,TT,CT,TT,GG,TT,AC,AC,AA,GG,CG,CG,GG,CC,GG,AT,AA,CC,TT,GG,NN,CC,AA,GG,CG,AT,CC,AA,AA,AC,CC,CC,TT,AA,CG,AA,AC,AC,AC,AG,AG,AA,AA,TT,GG,AC,AA,AC,AA,CT,AG,AA,GG,GG,GG,TT,AA,AA,GT,TT,TT,AG,TT,GG,CG,AA,4.99,Moderate,High,Premium,Late
L0611,Coimbatore,Tamil Nadu,Kharif,Red Loamy,Rainfed,650,29.5,68,AA,TT,GG,AG,GG,CC,GG,TT,CC,CG,AA,CC,CC,AT,GT,GT,CG,TT,TT,AA,CC,GT,TT,CT,TT,CC,TT,AT,GG,AA,TT,CC,AA,CC,GG,GG,GG,CC,GG,CC,TT,TT,AC,GT,AA,GG,CT,AT,CC,AA,GG,AA,AA,GG,CC,TT,AT,AC,GG,AA,AA,TT,AA,AA,TT,TT,CT,GG,TT,TT,AG,GG,AC,AA,GG,AC,AT,GG,TT,TT,GG,GG,GG,CC,AA,GG,AA,AA,CG,GT,CC,TT,CT,TT,GT,GG,TT,AC,GT,CT,CC,CC,AG,AA,TT,TT,CG,AA,GG,AC,CC,GG,TT,CC,TT,AA,AA,TT,CC,AG,CC,GG,CC,GG,CT,AA,CC,CC,AC,CG,AA,TT,CC,AA,CC,CC,AA,AT,AG,AT,GG,CT,CC,GG,AA,GG,AT,CC,GT,CC,CC,AA,AA,GG,GT,GG,CC,GT,TT,GG,CC,GG,TT,TT,CC,AA,GG,TT,AT,AA,GG,CC,AG,CT,CC,CC,CG,CC,AA,GG,AA,CC,TT,CC,GG,GT,GG,AT,AA,AA,TT,CC,GG,AA,CC,CC,GG,GG,AC,GG,TT,AA,AA,CG,TT,AT,AC,AA,AT,GT,GT,TT,AA,CG,TT,AT,CC,TT,GT,AA,GG,AA,TT,AA,TT,CC,TT,AA,CC,TT,CC,AG,NN,AG,CC,AT,TT,TT,CG,TT,AA,CC,NN,GG,CC,CC,GG,CC,GG,AT,AA,CC,GT,GG,CC,CC,AA,GG,CC,AT,CG,AA,AA,CC,CG,AA,TT,AA,GG,AA,AC,AA,AA,GG,GG,AA,AA,AT,GG,AC,AA,CC,AA,CT,AA,AA,GG,GG,GG,GT,AA,AA,GT,TT,TT,AG,AT,GG,GG,AA,3.32,Moderate,Low,Standard,Early
L0612,Coimbatore,Tamil Nadu,Kharif,Red Loamy,Rainfed,650,29.5,68,AC,TT,GG,GG,GG,CC,GT,AT,CC,CC,AA,CT,CC,TT,TT,GG,NN,TT,TT,AG,CC,TT,TT,CT,TT,CC,GT,TT,GT,AA,CT,CC,AA,CC,GG,CG,GG,CC,GG,CC,TT,TT,AA,GT,AA,AG,TT,TT,CC,CC,GG,AA,AA,GG,CT,TT,AA,AC,GT,AA,AG,TT,AT,AA,TT,AT,CC,GG,CT,GG,AG,GG,CC,AA,AG,AA,AA,GG,GT,TT,GG,GG,GG,CC,AA,GG,AA,AA,CC,TT,AC,TT,CC,TT,TT,GG,CT,CC,TT,CC,CT,GG,AA,AA,TT,TT,CC,AA,AA,AA,TT,GG,TT,CG,TT,AC,AC,AT,CC,GG,CC,GG,CC,GG,TT,GG,CC,CC,CC,CC,AG,GG,CC,AA,CC,CC,AA,TT,AA,AA,GG,CC,CC,GG,AA,AA,AA,CC,GG,CC,CC,AA,AA,NN,GT,AG,AA,GT,CC,AG,AC,TT,GT,TT,CG,AA,NN,TT,NN,AT,GG,CC,AG,CC,CC,CC,CC,CC,AA,AG,AG,CC,TT,CC,GG,GG,CG,AT,AA,AA,TT,AC,GG,AC,CC,CC,CG,GG,AA,GG,TT,AA,AA,CC,GT,AA,AC,AA,AA,GT,TT,AT,AT,GG,TT,AT,CC,TT,TT,AA,GG,AG,TT,AA,TT,CC,TT,AC,CC,TT,CG,AG,CC,AG,CC,TT,TT,GT,GG,TT,AC,AC,AA,GG,CC,CC,GG,CC,GG,TT,AA,CC,TT,AG,CC,CC,AA,GG,CC,AA,CC,AA,AA,AC,CC,AC,AT,AA,CG,AA,AA,AA,AA,AA,AG,AA,AA,AT,GG,AC,AA,AC,AA,TT,AG,AG,GG,GG,CG,TT,AA,AA,GT,AT,TT,AG,TT,GG,CG,AA,3.59,Moderate,Low,Poor,Medium
L0613,Coimbatore,Tamil Nadu,Kharif,Red Loamy,Rainfed,650,29.5,68,AC,TT,GG,AA,CG,CC,GT,AT,CC,GG,AA,CC,GG,AT,TT,GT,GG,TT,TT,AA,CG,TT,GG,CC,TT,CC,TT,TT,NN,AA,TT,CC,AA,CC,AG,CG,GG,CC,GG,CC,TT,CT,AA,TT,AG,AG,TT,TT,CC,AC,GG,AA,AG,GG,CC,TT,AA,NN,GG,AC,AG,TT,AT,AG,TT,AT,CC,GG,TT,GG,AG,GT,CC,AA,GG,CC,AA,GG,TT,TT,GG,GG,TT,CC,AA,GG,AA,AA,CC,GT,AC,TT,CC,TT,TT,GG,TT,CC,GT,CC,NN,NN,AG,AA,TT,TT,CC,AA,AG,AA,TT,GT,TT,CC,TT,AA,AA,TT,CG,GG,CG,GG,CC,GG,CT,AG,CT,CC,AC,CC,AA,TT,CC,AA,CC,TT,AA,TT,AA,AA,GG,CT,CC,GG,AA,GG,AA,CC,GT,CC,CC,AA,AA,GG,TT,GG,AA,TT,CC,GG,AC,GT,TT,TT,CC,AA,GT,TT,AT,TT,GG,CC,AG,CT,AC,CC,CG,CC,AA,GG,AG,CC,TT,CG,GG,GG,GG,AT,AA,AA,TT,CC,CG,AC,CC,CC,GG,GG,AC,GG,TT,AA,AG,CC,GG,AA,AC,AA,AA,GT,TT,AT,AA,GG,TT,AA,CC,AT,TT,AA,GG,AA,TT,AA,TT,CC,TT,AA,CC,TT,GG,AA,CG,AG,CC,TT,CT,TT,GG,TT,AA,AC,AA,GG,CC,CC,GG,CC,GG,AT,AA,CG,GT,GG,CC,CC,AA,GG,CC,AA,CC,AA,AA,CC,CG,AC,AT,AA,GG,AA,AA,AA,AA,GG,AG,AA,AA,TT,GG,AC,AG,CC,AA,CT,AG,AA,GG,GG,GG,TT,AT,AA,TT,TT,TT,AA,AA,GG,GG,AA,1.64,Susceptible,Medium,Standard,Medium
L0614,Coimbatore,Tamil Nadu,Kharif,Red Loamy,Rainfed,650,29.5,68,AC,NN,AG,AA,GG,CC,GG,TT,CC,CC,AA,CC,CC,NN,GT,GT,GG,TT,TT,AG,CG,GG,NN,CT,TT,CC,TT,TT,GG,AA,CT,TT,AA,CC,GG,GG,GG,CC,GG,CC,TT,TT,AA,TT,AG,GG,TT,TT,CC,AC,GT,AT,AG,GG,TT,TT,AA,AA,GT,AA,AG,TT,AA,AG,TT,AT,CC,NN,TT,GG,AA,GG,CC,AA,GG,AA,AT,GG,TT,TT,GG,GG,GT,CC,AA,GG,AA,AA,CC,GT,CC,TT,CT,TT,GG,GG,TT,CC,GT,CC,CC,CG,GG,AA,TT,GT,CG,AA,AA,AC,CC,GG,TT,CG,GT,AA,AA,TT,CC,GG,CC,GG,CC,GG,TT,AA,CC,CC,CC,CG,AA,TT,CC,AA,CC,CC,NN,TT,AA,AA,GG,CT,CG,GG,AA,AG,AA,CC,GG,CC,CC,AA,AG,AG,GT,GG,AC,TT,TT,GG,CC,TT,TT,TT,CC,AT,GT,TT,AA,TT,GG,CC,AG,CC,CC,CC,GG,CC,AA,GG,AA,CC,TT,CG,GG,TT,GG,NN,AA,AA,TT,AC,CG,AC,NN,CC,CG,GG,AA,GG,TT,CC,AA,CC,GG,AA,AC,TT,AT,GT,TT,AT,AA,CG,GT,AT,CC,TT,GG,AA,GG,NN,CT,AA,TT,CC,TT,AA,CC,CT,CG,AA,CC,GG,CC,TT,CT,GT,CG,TT,AC,AC,AA,GG,CC,CG,GG,CC,GG,TT,AA,CC,TT,GG,CC,CG,AT,GG,CC,AA,CC,AA,AA,AC,CC,CC,TT,AA,GG,AA,NN,AC,AA,AG,GG,AA,AA,TT,GG,AA,AA,CC,AA,CT,AG,NN,GG,AG,GG,TT,AT,AA,TT,TT,TT,AA,TT,GG,GG,AA,2.12,Susceptible,Low,Standard,Medium
L0615,Coimbatore,Tamil Nadu,Kharif,Red Loamy,Rainfed,650,29.5,68,CC,TT,GG,AA,GG,CC,TT,TT,CC,CC,AA,CC,CC,TT,GT,GT,GG,TT,TT,AA,CC,TT,GT,CT,TT,CC,GT,TT,GG,AA,TT,TT,AA,CC,GG,GG,GG,CC,GG,CC,TT,TT,AC,GT,AA,AG,TT,TT,CC,CC,GG,AA,AA,GG,CC,GT,AA,AA,GG,AA,AA,TT,TT,AG,CT,AT,CC,GG,TT,GG,AA,GG,CC,AA,GG,AA,AA,NN,TT,TT,GG,GT,GG,CC,AT,GG,AA,AA,CC,GG,AC,TT,CT,AT,TT,GG,TT,CC,TT,CC,CC,GG,AG,AA,AA,TT,GG,AA,AG,AA,CC,GG,TT,CC,TT,CC,AC,TT,CC,AG,CC,GG,CC,NN,TT,AA,CC,CC,CC,CC,AA,TT,CC,AA,CC,CC,AA,AT,AA,AA,GG,CT,CC,GG,AA,GG,AA,AC,GG,CC,CC,AA,AA,GG,TT,GG,AC,TT,TT,GG,CC,GT,GT,CT,CG,AA,TT,TT,AA,TT,GG,CC,AG,TT,CC,CC,CG,CC,AA,GG,AG,CC,TT,CC,GG,TT,GG,AT,AA,AA,TT,CC,GG,AA,AC,CC,GG,GG,AC,GG,TT,AA,AA,CC,GT,AA,AC,AA,AA,GG,TT,TT,AT,GG,GG,AA,CC,AT,GT,AA,GG,AA,TT,AA,TT,CC,CT,AA,NN,TT,CG,AA,CC,AG,CC,TT,TT,GT,GG,TT,AA,AC,AG,GG,CC,CG,GG,CC,GG,AT,AA,CC,TT,GG,CC,CC,AA,GG,CC,AA,CC,AA,AA,CC,CG,AA,TT,AA,GG,AA,AA,AA,AA,AG,AA,AA,AA,AT,GG,AA,AG,AC,AC,TT,AA,AA,CG,GG,CG,TT,AA,AA,GT,TT,TT,AG,AA,GG,GG,AA,4.02,Susceptible,High,Premium,Late
L0616,Coimbatore,Tamil Nadu,Kharif,Red Loamy,Rainfed,650,29.5,68,CC,CT,GG,AG,GG,CC,GT,TT,CC,CG,AT,CC,CC,TT,TT,GG,GG,TT,TT,AG,CC,TT,GT,CT,TT,CC,TT,TT,GG,AA,TT,CC,AA,CC,GG,GG,GG,CG,GG,CC,TT,TT,AA,TT,AG,AG,CT,TT,CG,AC,GG,AA,AG,GG,CC,TT,AA,AC,TT,AC,AA,GT,AT,AA,TT,TT,CC,GG,TT,GG,AA,GG,AC,AA,AG,AA,AT,GG,TT,CT,GG,GT,GG,CC,AA,GG,AA,AA,CC,TT,AC,TT,CC,TT,TT,GG,TT,CC,GG,CC,CC,CG,AA,AA,AT,TT,CC,AA,AG,AC,CT,GG,GT,CG,TT,AA,AA,TT,CC,AA,CC,GG,CT,GG,TT,AA,CC,CC,CC,CC,AA,TT,CC,AA,CC,CC,AA,TT,AG,AT,GG,CC,CC,GG,AA,AA,AA,AC,GT,CC,CC,AA,AG,AA,TT,GG,AA,GT,TT,GG,CC,GT,GG,TT,CG,AT,GT,TT,AA,TT,CG,CC,AA,CC,CC,CC,GG,NN,AA,GG,GG,CC,TT,CC,GG,TT,GG,TT,AA,AA,TT,CC,CG,AA,CC,CC,GG,GG,CC,GG,TT,AC,AA,CC,GG,AT,CC,AA,AA,GG,GT,TT,AA,CG,GG,AA,CC,TT,TT,AA,GG,AA,TT,AA,TT,CC,CT,AA,CC,TT,GG,AA,CG,GG,AA,TT,CC,GG,GG,TT,AA,AC,AA,GG,CG,CC,GG,CC,GG,AA,AA,CC,GG,GG,CC,CC,AA,GG,CC,AA,CC,AT,AA,CC,CC,CC,AA,AA,GG,AA,AC,AA,AA,AG,AG,AA,AA,TT,GG,AA,AA,AA,AA,TT,AA,AG,GG,GG,GG,GT,AA,AA,TT,TT,TT,GG,TT,CG,CG,AC,2.13,Resistant,Low,Premium,Early
L0617,Coimbatore,Tamil Nadu,Kharif,Red Loamy,Rainfed,650,29.5,68,AA,CT,AG,AA,CG,CC,GG,TT,CC,CG,AA,CT,CC,AT,GT,GG,GG,TT,TT,AG,CG,GT,GG,CC,TT,CC,TT,TT,GG,AA,CT,CT,AA,CC,GG,GG,GG,CC,GG,CC,TT,CT,AC,GT,AG,GG,TT,AT,CC,CC,GG,AA,AA,GG,CT,TT,AA,AA,TT,AA,AA,TT,NN,AG,TT,TT,CC,GG,TT,TT,GG,GG,CC,AA,GG,AC,NN,GG,TT,TT,GG,GG,GT,CC,AA,GG,AA,AA,CC,NN,CC,TT,CC,TT,TT,GG,TT,CC,TT,CT,CC,CC,AG,AA,TT,GT,CG,AA,AA,AA,CT,GG,TT,CC,TT,AC,AA,TT,CC,AG,CC,GG,CC,GG,TT,AA,CC,CC,NN,CC,AA,NN,CC,AA,CC,CC,AA,AT,AA,AA,GG,CC,CC,GG,NN,AG,AT,CC,GT,CC,CC,AA,AG,AG,TT,GG,AC,GT,NN,GG,CC,GT,TT,TT,CC,AA,GT,TT,AA,TT,GG,CC,AG,TT,CC,CC,CC,CC,AA,GG,AG,CC,NN,CC,GT,GT,CG,AT,AA,AG,TT,CC,GG,AC,CC,CC,GG,GG,CC,GG,TT,AC,AA,CC,GG,AT,AC,AA,AA,GG,TT,AT,AT,GG,GT,AT,CC,TT,GT,AA,GG,AA,CT,AA,TT,CC,CT,AA,CC,TT,CG,AA,CC,AG,CC,TT,TT,TT,GG,TT,AC,CC,AA,GT,CC,CG,GG,CC,GG,AT,AA,CC,TT,GG,CG,CC,AT,GG,CC,AT,CC,AT,AA,CC,CG,AC,TT,AA,GG,AA,AA,AA,AA,AG,AG,GG,AA,TT,GG,AA,AA,AC,AC,CC,AG,AA,GG,GG,GG,TT,AA,AG,TT,TT,TT,AA,TT,GG,GG,AA,3.89,Moderate,High,Standard,Early
L0618,Coimbatore,Tamil Nadu,Kharif,Red Loamy,Rainfed,650,29.5,68,AA,NN,GG,AA,CG,CC,GG,TT,CC,CG,AA,CC,NN,TT,GT,GG,CG,TT,TT,AG,CC,TT,TT,CC,TT,CC,TT,TT,GG,AA,TT,CT,AA,CC,AG,CG,GG,CG,GG,CC,TT,CT,AA,TT,AA,GG,TT,AT,CC,CC,GG,AA,AA,GG,CC,GT,AA,AA,GT,AA,AA,TT,TT,AG,TT,TT,CC,GG,TT,GG,AG,GG,CC,AA,GG,AC,AT,AG,TT,TT,GG,GT,GT,CC,AA,GG,AA,AA,CC,GG,CC,TT,CT,AA,TT,GG,CC,CC,GT,CC,CT,CG,AG,AA,TT,TT,CC,AA,GG,AA,CC,GG,TT,CG,TT,AA,AC,TT,CG,GG,CC,GG,TT,GG,CT,AA,CC,CC,CC,CC,AA,TT,CC,AA,CC,CT,AA,AT,AA,AA,CG,CC,CC,GG,AA,AA,AA,CC,GG,CC,CG,AA,AA,GG,TT,GG,AA,TT,CC,AG,CC,TT,TT,TT,CG,AT,TT,TT,AA,TT,GG,CC,AA,CC,AC,AC,CC,AC,AA,GG,AG,CC,TT,CG,GG,GT,GG,AT,AA,AA,TT,AC,CG,AC,CC,CC,GG,AG,AA,GG,TT,AA,AA,CC,GG,AT,AC,AA,AA,GG,GT,AT,AA,GG,GT,TT,CC,TT,TT,NN,GG,AA,TT,AA,TT,CC,TT,AA,AC,TT,GG,AA,CG,GG,CC,AT,CC,TT,GG,TT,AA,AA,AA,GG,CC,CC,GG,CC,GG,AA,AG,CC,GT,GG,CG,CG,AA,AG,CC,AT,CC,AT,AA,CC,CC,CC,TT,AA,GG,AA,AA,AC,AA,AG,AA,GG,AA,TT,GG,AC,AG,CC,AC,CT,AA,AA,GG,GG,GG,GT,AA,AG,TT,TT,TT,AA,AT,CG,GG,AA,6.86,Moderate,Low,Premium,Early
L0619,Coimbatore,Tamil Nadu,Kharif,Red Loamy,Rainfed,650,29.5,68,AA,TT,AG,AG,GG,CC,GG,TT,CG,CC,AA,CT,CC,AT,GT,GT,GG,TT,TT,AA,CC,TT,GT,CC,TT,CT,GT,TT,GG,AA,TT,CC,AA,CC,GG,CG,GG,CC,GG,AC,TT,CT,AC,TT,AA,AG,TT,TT,CC,AC,GG,AA,AA,GG,CC,TT,AA,AA,GG,AC,NN,TT,AA,AG,CT,AT,CC,GG,TT,GG,AA,GG,CC,AA,AG,AC,AA,GG,TT,TT,GG,GT,GG,CC,AT,GG,AG,AT,CC,NN,CC,GT,CC,TT,TT,GG,TT,CC,TT,CC,CC,CC,AG,AG,TT,TT,CC,AG,AA,AA,CT,GG,TT,CG,TT,AA,AA,AT,CC,GG,CG,GG,CC,GT,TT,AA,CC,CC,CC,CC,AA,TT,CC,AA,CC,CC,AA,TT,AG,AA,GG,CT,CC,GG,AA,AG,AA,NN,GG,CC,CC,AG,AA,GG,TT,GG,AA,TT,TT,GG,AC,TT,GT,TT,CC,AA,GT,TT,AA,TT,GG,CC,AA,CC,CC,CC,CG,CC,AA,GG,AA,CC,TT,CG,GG,GT,CG,AT,AA,AA,TT,CC,GG,AA,AC,CC,GG,GG,AC,GG,TT,AC,AG,CC,GG,AT,CC,AA,AT,GT,GT,TT,AA,GG,TT,AT,CG,AA,GG,AA,GG,AA,CT,AA,TT,CC,TT,AA,CC,CT,GG,AA,CC,AA,CC,TT,CT,GT,GG,TT,AA,CC,AA,GG,CC,GG,GG,CC,GG,TT,NN,CC,TT,GG,CC,CC,AA,GG,CC,AA,CG,AT,AA,AC,CC,AC,TT,AA,GG,AA,AA,AC,AA,AA,GG,AG,AA,TT,GG,AA,AA,AC,NN,TT,AA,AA,GG,AG,GG,TT,AT,AA,TT,TT,TT,AA,TT,GG,CG,AA,0.4,Susceptible,Low,Poor,Early
L0620,Coimbatore,Tamil Nadu,Kharif,Red Loamy,Rainfed,650,29.5,68,AA,TT,GG,AA,GG,CC,GG,TT,CC,CC,AA,CC,GG,TT,TT,NN,GG,TT,TT,AG,CC,GT,GT,CC,TT,CT,GT,AT,GG,AA,TT,CT,AA,CC,GG,GG,GG,CC,GG,CC,TT,CC,AA,GG,AA,GG,CT,TT,CC,AA,GG,AA,AA,CG,CC,GT,AA,AC,GT,AC,GG,GT,AT,AA,TT,AT,CC,GG,TT,GT,AA,GT,AC,AA,GG,AA,AT,GG,GT,TT,GG,GG,GT,CC,AA,GG,AA,AT,CC,GG,CC,TT,CT,TT,TT,GG,CT,AC,GT,CC,CT,CG,GG,AA,TT,TT,CC,AG,GG,AA,CT,GG,TT,CC,TT,AC,AC,TT,CC,AG,CC,GG,CC,TT,CT,AA,CC,CC,CC,CC,AA,TT,CC,AA,CC,CT,AA,TT,AA,AA,GG,CT,CC,GG,AG,AA,AA,CC,GT,CC,CG,AA,AG,GG,GT,GG,AA,TT,CC,GG,AC,GT,GG,TT,CC,AT,TT,TT,AA,TT,GG,CG,AG,CC,CC,CC,GG,CC,AT,AG,AG,CC,TT,CC,GT,TT,GG,TT,AA,AA,TT,CC,GG,AA,AC,CC,GG,AG,AC,GG,TT,AA,AA,CC,GG,AA,AC,AT,TT,GT,TT,AT,AT,GG,TT,AA,CC,AT,GT,AA,GG,AA,CT,AA,TT,CC,TT,CC,CC,TT,CG,AA,CC,AA,CC,TT,TT,GT,GG,AT,AA,AC,AG,GG,CC,CC,GG,CC,GG,TT,AA,CC,GT,GG,CC,CC,AA,AA,NN,AA,CC,AA,AA,CC,CC,CC,TT,AA,GG,AA,AA,AA,AA,AG,AG,AA,AA,AT,GG,NN,AG,CC,AA,CT,AA,AA,GG,GG,GG,TT,AA,AA,TT,TT,NN,AG,AT,GG,GG,NN,4.54,Susceptible,Low,Premium,Late
L0621,Coimbatore,Tamil Nadu,Kharif,Red Loamy,Rainfed,650,29.5,68,AA,TT,GG,AG,GG,CC,GG,AT,CC,CC,AA,CC,CC,TT,GG,GT,CG,TT,TT,AA,CC,TT,GG,CC,TT,CC,TT,TT,GT,AA,TT,CC,AA,CC,GG,GG,GG,CC,GG,AC,TT,CT,AC,GT,AG,GG,TT,TT,CC,AA,GG,AT,AA,GG,CC,GT,AA,NN,GT,AA,AA,TT,TT,AG,TT,TT,CC,GG,TT,GG,AA,GG,CC,AA,AG,CC,AA,AA,TT,TT,GG,GG,GG,CC,AT,GG,AA,AA,CC,TT,AC,TT,CC,AT,TT,GG,TT,CC,GT,CC,CT,CC,GG,AA,TT,TT,CC,AA,GG,AA,CC,GG,TT,CC,TT,CC,AC,TT,CC,GG,CG,GG,CC,NN,CT,AA,CC,CC,CC,CC,AA,TT,CC,AA,CC,CC,AA,AT,AA,AT,GG,CT,CC,GG,AA,AG,AA,CC,GT,CC,CC,AA,AG,AA,GT,GG,AA,TT,TT,GG,CC,TT,GT,TT,CC,AA,GT,TT,AA,TT,GG,CG,AA,CT,CC,CC,GG,CC,AA,GG,AA,CC,TT,CG,GT,GT,GG,AT,AA,AA,TT,CC,CG,AA,CC,CC,GG,GG,AA,GG,TT,AC,AG,CC,GG,AA,CC,AA,TT,GT,TT,TT,AT,GG,GT,AA,CC,TT,TT,AA,GG,AA,CT,AA,NN,CC,TT,AA,CC,CT,CG,AG,CC,AG,CC,TT,CT,TT,GG,TT,AC,AC,AA,GG,CC,CC,GG,CC,GG,TT,AG,CC,TT,AG,CC,CC,AT,GG,CC,NN,CC,AA,AA,AC,CC,AC,AT,AA,GG,AA,AA,AA,AA,AA,AG,AG,AA,TT,GG,AC,AG,AC,AA,CT,AA,AA,CG,GG,GG,TT,AT,AG,TT,TT,TT,AA,TT,GG,GG,AA,5.23,Moderate,Low,Premium,Late
L0622,Coimbatore,Tamil Nadu,Kharif,Red Loamy,Rainfed,650,29.5,68,AA,TT,AG,AA,GG,CG,GT,AT,CC,CC,AT,CC,CG,AT,TT,NN,GG,TT,TT,AA,CG,TT,GT,CC,TT,CC,TT,TT,GG,AA,TT,TT,AG,CC,GG,CG,GG,CG,GG,CC,TT,CT,CC,GT,AG,GG,TT,AT,CC,AA,GG,NN,AA,GG,TT,TT,AA,AC,GG,AA,GG,TT,TT,AG,CT,AT,CC,NN,TT,GT,AA,GG,CC,AA,GG,AA,AA,GG,TT,TT,GG,GG,GG,CC,AA,GG,AA,AT,CC,GT,CC,TT,CT,AT,GT,GG,TT,CC,TT,CC,CC,CC,AG,AG,TT,TT,CC,AG,NN,AA,CC,GG,TT,CC,GT,AA,AA,TT,CG,GG,CC,AG,CC,TT,CT,AA,CC,NN,CC,CG,AG,TT,CC,AA,CC,CC,AA,AT,AA,AT,GG,CT,CC,GG,AA,GG,AT,CC,GT,CC,CC,AA,AA,GG,TT,AG,AC,TT,CT,GG,AA,TT,TT,CT,CC,AT,GT,TT,AA,TT,GG,CC,AA,CT,CC,CC,GG,CC,AA,GG,AA,CC,TT,CC,GG,TT,GG,TT,AA,AA,TT,CC,GG,AA,CC,CC,GG,GG,AC,GG,TT,NN,AA,CC,GG,AA,CC,AT,AA,GG,TT,TT,AT,GG,TT,AA,CC,TT,TT,AA,NN,AA,TT,AA,TT,CC,TT,AC,CC,TT,GG,AA,CC,AA,CC,AT,TT,TT,GG,TT,AA,AC,AG,GG,CC,CC,GG,CC,GG,TT,AA,CC,TT,GG,CC,CC,AA,GG,CC,AA,CC,AA,AA,CC,CC,CC,TT,AA,GG,AA,AA,AA,AA,GG,AG,AA,AA,NN,GG,CC,AG,AC,AA,TT,AA,AA,GG,GG,GG,TT,AA,AA,TT,TT,TT,AG,AT,GG,GG,AA,4.45,Susceptible,Medium,Poor,Late
L0623,Coimbatore,Tamil Nadu,Kharif,Red Loamy,Rainfed,650,29.5,68,AC,TT,AG,GG,GG,CG,GT,TT,CC,CC,AA,CC,CG,TT,TT,GG,CC,TT,TT,AA,CC,TT,TT,CC,TT,CC,NN,TT,GG,AA,TT,CT,AA,CC,GG,GG,GG,CC,GG,CC,TT,TT,AA,GT,AA,GG,TT,TT,CG,CC,GG,AT,NN,GG,CT,TT,AT,AC,GT,AA,AG,TT,TT,AA,CT,NN,CC,GG,TT,GT,AA,GG,CC,AA,GG,AC,AT,GG,TT,TT,GG,GG,GG,CC,AA,GG,AA,AA,CC,GT,AC,TT,CC,TT,TT,GG,TT,CC,TT,CC,CC,CG,GG,AA,TT,TT,CC,AA,AG,AC,CC,GG,TT,CG,TT,AA,AA,TT,CC,GG,CG,AG,CC,GG,TT,AA,CC,CC,CC,CC,AA,TT,CC,AA,CC,CC,AA,TT,AA,AT,CG,CC,CC,GG,AA,GG,AA,CC,GT,CC,CC,AA,AA,GG,TT,GG,NN,GT,CT,GG,AA,TT,GT,TT,CC,TT,TT,TT,AA,TT,GG,CC,AG,CC,CC,CC,CG,CC,AT,GG,NN,CC,TT,CC,TT,TT,CG,TT,AA,AA,TT,CC,GG,AA,CC,CG,GG,GG,AC,CG,TT,AC,AA,CC,GG,AA,CC,AA,AA,GT,GT,TT,AA,GG,GT,AT,CC,AT,TT,AA,GG,AA,TT,AA,NN,CC,CT,AA,CC,TT,CG,AA,CG,AG,CC,TT,CT,GT,GG,AT,AA,AC,AA,GG,CC,CG,GG,CC,GG,TT,AA,CC,GT,GG,CC,CC,AA,AG,CC,AA,CC,AA,AA,CC,CG,CC,TT,AA,GG,AA,AC,AA,AA,AG,AG,AA,AA,TT,GG,AC,AG,AC,AC,TT,AA,AA,GG,AA,GG,TT,AA,AA,TT,TT,TT,AA,AT,GG,GG,AA,4.16,Susceptible,Low,Poor,Early
L0624,Coimbatore,Tamil Nadu,Kharif,Red Loamy,Rainfed,650,29.5,68,AC,TT,AG,AG,GG,CC,GG,AT,CG,CG,AA,CT,CG,TT,TT,GG,GG,NN,TT,NN,CC,TT,GT,CT,TT,CC,TT,AT,GT,AA,CT,CC,AA,AC,GG,GG,GG,CG,GG,CC,TT,TT,AA,TT,AA,AG,TT,TT,CC,NN,GG,AA,AA,GG,CT,GG,AA,CC,GG,CC,AA,TT,AT,AA,CT,TT,CC,GG,TT,GT,AA,GT,CC,AA,AG,AC,AA,GG,GT,TT,GG,GG,GT,CC,AA,GG,AA,AA,CC,GT,CC,TT,CT,TT,GT,GG,TT,CC,GT,CC,CC,CG,AA,AA,TT,TT,CC,AA,AG,AA,CC,GG,TT,NN,TT,AA,AC,TT,CC,AG,CC,AG,CC,GT,TT,AA,CC,CC,CC,CC,AA,TT,CC,AA,CC,CC,AA,TT,AG,AA,GG,CT,NN,GG,AA,AG,AA,AC,GT,CC,CG,AG,AA,AG,TT,GG,AA,GT,TT,AG,CC,GT,TT,TT,CC,TT,GG,TT,AA,TT,GG,CC,AA,CT,CC,CC,GG,CC,AA,GG,AA,CC,TT,CG,GG,TT,NN,TT,AA,AA,TT,CC,GG,AA,CC,CC,GG,AG,AC,CG,TT,AA,AA,CG,NN,AA,CC,AA,AA,GT,GT,TT,AT,GG,GG,AA,CC,AT,GG,AA,GG,AA,TT,AA,TT,CC,TT,AA,CC,TT,GG,AG,CC,AG,CC,TT,TT,GT,CG,TT,AC,CC,AA,GG,CC,CG,GG,CC,GG,TT,AA,CC,TT,GG,CC,CC,AA,GG,CC,AA,CG,AT,AA,NN,CG,AC,TT,AA,GG,AA,AA,AA,AA,GG,AG,AG,AA,TT,GG,AA,AA,CC,AA,CC,AA,AG,GG,GG,GG,TT,AA,AA,GT,TT,TT,GG,TT,GG,GG,AA,3.4,Susceptible,Low,Poor,Early
L0625,Coimbatore,Tamil Nadu,Kharif,Red Loamy,Rainfed,650,29.5,68,CC,TT,GG,AA,GG,CC,GG,TT,CC,CC,AT,CC,CC,TT,TT,GT,GG,TT,TT,AG,CC,TT,TT,CC,TT,CC,TT,TT,GG,AA,TT,CC,AA,CC,GG,CG,GG,CC,GG,CC,TT,TT,AA,TT,AG,AG,TT,AT,CC,CC,GG,AA,AA,GG,CC,TT,AA,AA,GG,AC,AA,TT,TT,AG,TT,AT,CC,GG,TT,TT,AG,GG,CC,AA,GG,AA,AT,GG,TT,TT,AG,GT,GT,CC,AA,GG,AA,AA,CC,TT,CC,TT,TT,AT,GG,GG,TT,CC,GT,CC,CC,CG,GG,AA,TT,TT,CC,AA,AA,AA,CC,GG,TT,CC,TT,AC,AC,TT,CC,AG,CC,GG,CC,GT,CT,AA,CC,CC,CC,CC,AA,TT,CC,AA,AC,CT,AA,NN,AA,AA,GG,CT,CC,GG,AA,AA,AT,CC,GG,CG,CC,AA,AA,GG,TT,AG,AC,GT,CT,GG,CC,TT,TT,TT,CC,AT,GT,TT,AA,TT,GG,CC,AG,CC,AC,CC,CG,CC,AT,GG,AA,CC,TT,CG,TT,GT,CG,AT,NN,AA,TT,AC,GG,AC,AC,CC,CG,GG,AC,GG,TT,AA,AA,CC,GG,AA,CC,AT,TT,GG,TT,AT,AT,GG,TT,AA,CG,TT,TT,AA,NN,AA,TT,AC,TT,CC,TT,AA,AC,NN,CG,AG,CG,AA,CC,TT,TT,TT,GG,TT,AA,CC,AA,GG,CC,GG,GG,CC,GG,AT,AA,CC,TT,GG,CC,CG,AA,GG,CC,AT,CC,AA,AA,CC,CC,AA,TT,AA,GG,AA,AA,AC,AC,GG,AG,AA,AA,TT,GG,AC,AA,AA,AA,TT,AA,AA,CG,GG,GG,GT,AT,AA,GT,TT,TT,AA,TT,GG,GG,AA,2.68,Moderate,Low,Standard,Late
L0626,Coimbatore,Tamil Nadu,Kharif,Red Loamy,Rainfed,650,29.5,68,AA,TT,AG,AA,GG,CC,GG,AT,CC,CC,AA,CC,CG,AT,GT,GG,CG,TT,TT,AG,CG,TT,TT,CT,AT,CC,TT,AT,GG,AA,TT,CT,AA,CC,GG,CG,GG,CC,GG,CC,TT,TT,AC,TT,AA,GG,CT,TT,CC,AC,GG,AT,AA,GG,CC,TT,AA,NN,GT,AA,AA,GG,TT,NN,CT,AT,CC,NN,TT,GG,AA,GG,CC,AA,GG,AA,AA,GG,TT,TT,AG,GG,GT,CC,AT,GG,AA,AA,CC,TT,AC,TT,CT,TT,GT,AG,CT,CC,TT,CC,NN,CC,AG,AA,AT,GT,CC,AA,AA,AA,CC,GG,TT,CC,TT,AA,AA,TT,CC,AA,CC,AG,CC,GG,TT,AG,CC,CC,CC,CC,AA,TT,AC,AA,CC,CC,AA,TT,AA,AT,GG,CT,CC,NN,AA,AA,AA,CC,GG,CC,CC,AA,AG,GG,TT,GG,AA,TT,CT,GG,AC,TT,GT,TT,CC,AA,GT,TT,AA,AT,CG,CC,AA,CC,CC,CC,CG,CC,AT,AG,AA,CC,TT,CC,TT,TT,GG,TT,AA,AA,TT,CC,GG,CC,AC,CC,GG,GG,AC,NN,CT,AA,AG,CC,GG,AT,CC,AA,TT,GT,TT,AA,AT,CG,GG,AA,CC,TT,TT,AT,GG,AA,CT,AA,TT,CG,TT,AA,CC,TT,CG,AG,CC,AA,CC,TT,CT,GT,GG,TT,AA,CC,AA,GG,CC,CG,GG,CG,GG,TT,AA,CC,GT,GG,CG,CC,AA,GG,CG,AA,CC,AA,AA,AC,CC,AC,AT,AA,CG,AA,AA,AC,AA,AG,AG,AG,AA,AT,GG,AA,AA,CC,AA,TT,AA,AA,GG,GG,CG,GT,AT,AA,TT,TT,AT,AA,TT,GG,GG,AA,4.06,Susceptible,Low,Premium,Late
L0627,Coimbatore,Tamil Nadu,Kharif,Red Loamy,Rainfed,650,29.5,68,NN,TT,GG,AG,GG,CC,GG,TT,CC,CC,AA,CC,CG,TT,TT,GG,CG,TT,TT,AA,CC,TT,GT,CT,TT,CC,TT,AT,GT,AA,TT,CC,AA,AC,GG,GG,GG,CC,GG,CC,TT,CT,AA,TT,AA,GG,TT,NN,CC,AA,GT,AA,AG,GG,CT,TT,AA,AA,GT,AC,AA,TT,AT,AA,TT,TT,CC,GG,TT,GT,AA,GG,AC,AA,GG,AC,AT,GG,TT,TT,GG,GT,GG,AC,AT,GG,AA,AA,CG,GT,CC,TT,CC,TT,GT,GG,TT,CC,GT,CC,CC,CG,AG,AA,TT,TT,CC,AA,GG,AA,CC,GG,TT,CC,TT,AC,AA,TT,CC,AG,GG,AG,CC,GG,TT,AG,CC,CC,CC,CC,AA,TT,CC,AA,CC,CC,AA,AT,AA,TT,GG,CC,CC,GG,AA,GG,AA,AC,GT,CC,CC,AG,AG,AG,GT,AG,AA,TT,CT,GG,AC,TT,GT,TT,CC,AA,TT,TT,AA,TT,GG,CC,GG,TT,CC,AC,CG,CC,NN,GG,AA,CC,TT,CC,TT,TT,CG,AT,AA,AA,TT,CC,GG,AA,CC,CC,GG,GG,AA,CG,TT,AC,AA,CC,GG,AA,CC,AA,TT,GT,TT,AT,AA,GG,GG,AA,CG,AT,TT,AA,GG,AA,CC,AA,TT,CC,TT,AA,CC,CT,GG,AG,CC,AA,CC,TT,TT,TT,GG,TT,AA,CC,AG,GG,CC,GG,GG,CG,GG,AT,AA,CG,GT,GG,CC,CC,AA,GG,CC,AA,CC,AT,AA,CC,CC,AC,AT,AA,GG,AA,AA,AC,AA,GG,AA,AA,AA,TT,GG,AA,AG,CC,AC,TT,AA,AA,GG,GG,GG,TT,AA,AA,TT,TT,TT,AG,NN,GG,GG,AA,3.8,Susceptible,High,Standard,Medium
L0628,Coimbatore,Tamil Nadu,Kharif,Red Loamy,Rainfed,650,29.5,68,AA,TT,GG,GG,CG,CC,GG,TT,CC,CG,AA,CT,CG,TT,TT,GT,CG,TT,TT,AA,CC,TT,GT,CC,TT,CC,TT,TT,GG,AA,TT,CC,AA,CC,GG,GG,GG,CC,GG,CC,TT,TT,AA,NN,AA,AA,TT,TT,CC,AC,GG,AA,AG,GG,CC,GT,AT,AA,GT,AC,AG,TT,AT,AG,TT,AT,CC,GG,TT,TT,AA,GG,CC,AA,GG,AA,TT,GG,TT,TT,AG,GG,GG,CC,AA,GG,AA,AT,CC,TT,AC,TT,CC,TT,NN,GG,TT,CC,GT,CC,CT,CG,GG,AA,AT,TT,CC,AA,AA,AC,CC,GG,TT,CC,TT,AA,AA,TT,CC,AG,CC,GG,CC,GG,TT,AA,CC,CC,CC,CC,AA,TT,CC,AA,NN,CT,AA,TT,AA,AA,GG,CC,CC,GG,AA,AG,AA,CC,GG,CC,CC,AA,AA,GG,TT,GG,AA,GT,TT,GG,AC,TT,GG,TT,CC,TT,GG,TT,AA,TT,GG,CC,AA,CC,CC,CC,GG,CC,AA,AG,GG,AC,TT,CC,GG,TT,GG,TT,AA,AA,TT,CC,GG,AA,CC,NN,GG,GG,CC,CG,TT,AA,AG,CC,GG,AT,CC,AA,AA,GG,TT,TT,AT,CG,GT,AA,NN,AT,GT,AA,GG,AA,CT,AA,TT,CC,TT,AC,CC,TT,GG,AG,CC,AG,CC,TT,CT,NN,GG,TT,AC,AC,AA,GG,CC,CC,GG,CC,GG,AT,AA,CC,TT,GG,CC,CG,AA,GG,CC,AA,CC,AA,AA,AA,CG,AA,TT,AG,GG,AA,AC,AA,AA,GG,GG,AA,AA,TT,GG,AA,AG,AA,AC,CT,AA,AA,GG,GG,CG,GT,AA,AA,GT,TT,NN,AG,AT,GG,GG,AA,3.21,Moderate,Low,Poor,Early
L0629,Coimbatore,Tamil Nadu,Kharif,Red Loamy,Rainfed,650,29.5,68,AA,CT,GG,AA,GG,CG,GT,AT,CC,GG,AA,TT,CC,TT,TT,GG,GG,TT,TT,AA,CC,TT,TT,CC,TT,CT,GT,TT,GG,AC,TT,CC,AA,CC,GG,GG,GG,GG,GG,CC,TT,TT,AA,TT,AG,GG,NN,AT,CC,AC,GT,AA,AG,GG,CC,TT,AT,AA,GT,AC,AA,GT,TT,AG,TT,TT,CC,GG,TT,GT,AA,GT,CC,AA,AA,AA,AA,GG,TT,TT,GG,GG,NN,CC,AA,GG,AA,AA,CC,TT,CC,TT,TT,TT,GT,GG,TT,CC,GT,CC,CC,CG,AA,AA,TT,TT,CC,AA,AG,AA,CT,GG,TT,CC,TT,AA,AA,TT,GG,AA,CC,AG,CC,GG,TT,AA,CC,CC,CC,CC,AA,NN,AC,AA,CC,CC,AA,AT,AA,AA,CG,CC,CC,GG,AG,AG,AA,CC,GT,CC,CC,AA,AA,AG,GT,GG,AC,GT,CC,AG,CC,TT,GT,TT,CC,AT,TT,TT,AA,TT,GG,CC,AA,CC,CC,CC,CC,AC,AA,GG,AA,AC,TT,CC,GG,TT,GG,AA,AA,AA,GT,CC,GG,AA,CC,CG,GG,GG,AC,GG,TT,AC,AA,CC,GT,AA,CC,AA,AT,GG,TT,TT,AT,GG,GT,AA,CC,TT,TT,AA,GG,AA,TT,AA,TT,CG,CT,AC,AC,TT,GG,GG,CG,AG,AC,AT,CT,GT,GG,TT,AA,AC,AA,GG,CC,CG,GG,CC,GG,AT,AA,CC,TT,GG,CC,NN,AT,GG,CC,AA,CC,AA,AG,AA,CC,CC,AT,AA,GG,AA,AA,AA,AA,GG,AG,AA,AA,AT,CG,AA,AA,AC,AA,TT,AA,AA,GG,GG,GG,TT,AA,AA,TT,TT,TT,AG,TT,GG,GG,AA,2.27,Susceptible,Low,Premium,Early
L0630,Coimbatore,Tamil Nadu,Kharif,Red Loamy,Rainfed,650,29.5,68,AA,TT,GG,AA,GG,CC,GT,TT,CC,CC,AA,CC,CC,AT,TT,NN,GG,AT,TT,AA,CC,TT,TT,CT,TT,CT,TT,NN,GG,AA,NN,CC,AA,CC,GG,CG,GG,CG,GG,CC,TT,CT,AA,GT,AA,GG,TT,AT,CC,CC,GG,AA,AA,CG,CC,TT,AA,AA,GG,AC,AG,TT,TT,AG,TT,TT,CC,GG,TT,GG,AA,GG,CC,AA,GG,AA,AA,GG,TT,TT,GG,GT,GG,CC,AA,GG,AG,AT,CC,TT,CC,TT,CT,TT,TT,GG,TT,CC,TT,CC,CC,CG,GG,AA,TT,TT,CC,AA,AA,AC,CT,GG,TT,CC,TT,AC,AC,TT,CC,AA,CC,AG,CC,GT,TT,AA,CC,CC,CC,NN,AA,TT,CC,AA,CC,CC,AA,TT,AA,AA,CG,CC,CG,GG,AA,GG,AT,CC,GG,CC,CC,AA,AG,AG,GT,GG,AA,TT,CT,GG,CC,TT,TT,TT,CC,AA,TT,TT,AA,AT,GG,CC,AA,CT,CC,AC,CG,CC,AA,GG,AA,CC,TT,CG,GG,TT,CG,TT,AG,AA,TT,CC,GG,AA,CC,CC,GG,GG,AA,GG,TT,AC,AG,CC,GG,AA,CC,AA,AT,GG,TT,TT,AT,GG,TT,AA,CG,AT,TT,AA,GG,AA,CT,AA,TT,CC,CT,AA,CC,TT,GG,AG,CC,AA,CC,TT,TT,TT,GG,TT,AA,AC,AG,GG,CC,CC,GG,CC,GG,AT,AA,NN,GT,GG,CC,CC,AA,GG,CC,AA,CC,AA,AA,AC,CC,AA,TT,AA,CG,AA,AC,AC,AA,AG,AG,AA,AA,TT,GG,AA,GG,CC,AA,CT,AA,AA,GG,GG,GG,TT,AA,AA,TT,TT,TT,AG,TT,GG,GG,AA,4.55,Susceptible,Medium,Premium,Early
L0631,Coimbatore,Tamil Nadu,Kharif,Red Loamy,Rainfed,650,29.5,68,CC,CT,GG,AA,GG,CC,GG,TT,CC,CC,AA,CC,CG,TT,TT,GG,CG,TT,TT,AG,GG,TT,GT,CC,TT,CC,TT,TT,GG,AA,CT,CC,AA,CC,GG,GG,GG,CC,GG,CC,TT,TT,AA,GT,AA,AA,TT,TT,CC,AC,GG,AT,AA,GG,CT,TT,AA,AA,NN,AA,AA,TT,AT,AA,CT,AT,CC,GG,TT,GG,AG,GG,CC,AA,AG,AC,AA,GG,TT,TT,GG,GT,GG,CC,AT,GG,AA,AA,CC,GG,CC,TT,TT,TT,TT,GG,CT,CC,TT,CC,CC,CG,AG,AA,AT,TT,CC,AA,AA,AC,CC,GG,TT,GG,TT,AA,AA,AT,CG,GG,CG,NN,CC,TT,TT,AA,CC,CC,CC,CC,AA,GT,CC,AA,CC,CC,AA,TT,AG,AA,CG,CC,CC,GG,AA,AG,AA,CC,GT,CC,CC,AA,AA,GG,TT,GG,AA,TT,CC,GG,AA,GT,TT,TT,CG,AT,TT,CT,AA,TT,GG,CC,AG,CC,CC,CC,GG,CC,AA,GG,AG,CC,TT,CC,GG,GT,GG,TT,AA,AA,TT,AC,GG,AA,AA,CC,GG,GG,AA,GG,TT,AA,AA,CC,GG,AT,CC,AA,AT,GG,TT,AT,AT,CG,GG,AA,CC,TT,GT,AA,GG,AA,CT,AA,TT,CC,TT,NN,CC,TT,GG,AG,CC,GG,CC,TT,CT,GG,GG,AT,AA,AC,AA,GT,CC,CG,GG,CC,GG,AT,AA,CC,TT,GG,CC,CC,AT,GG,CC,AA,CG,AT,AA,CC,CG,AC,TT,AA,GG,AA,AA,AC,AA,GG,GG,AA,AA,AT,GG,AA,AA,AC,AA,CT,AA,AG,GG,GG,GG,GT,AA,AA,GT,TT,TT,NN,AT,GG,GG,AA,4.8,Susceptible,Low,Poor,Late
L0632,Coimbatore,Tamil Nadu,Kharif,Red Loamy,Rainfed,650,29.5,68,AA,TT,GG,AG,CG,CG,GT,TT,CC,CG,AA,CT,CC,TT,TT,GT,GG,TT,TT,AA,CG,GG,TT,CC,TT,CC,GT,AT,GG,AA,TT,CC,AA,CC,GG,GG,GG,CG,GG,CC,TT,CC,AA,TT,AA,GG,CT,TT,CC,AA,GT,TT,AA,GG,CC,TT,AA,CC,GG,AA,AG,TT,TT,AA,TT,TT,CC,GG,TT,GG,AA,GG,NN,AA,GG,AC,AT,GG,GT,TT,AG,GG,GG,CC,AT,GG,AG,AT,CC,GT,AC,TT,CC,TT,TT,GG,TT,CC,TT,CC,CC,CC,AG,AA,TT,GT,CC,AG,AA,AA,CC,GG,TT,CC,GT,AA,AA,TT,GG,GG,CC,GG,CT,GG,CT,AA,CC,CC,CC,CG,AA,TT,AC,AA,CC,CT,AA,TT,AG,AA,GG,CT,CC,GG,AA,AA,AA,CC,GG,CC,CC,AA,AA,GG,GT,GG,AA,TT,CC,GG,AC,TT,GT,TT,CC,AA,TT,TT,AA,AT,NN,CC,AA,CC,CC,CC,GG,CC,AA,GG,AG,CC,TT,CG,GT,TT,NN,AA,AA,AG,TT,CC,GG,AA,CC,CC,CC,AA,AC,GG,TT,NN,AA,CC,GG,AT,CC,AA,AT,GG,GT,TT,TT,CG,GG,AT,CG,AT,GG,AA,GG,AA,TT,AA,TT,CC,CT,AC,CC,CT,CG,AA,CG,AG,CC,AT,TT,GT,GG,TT,AA,CC,GG,GG,CC,GG,GG,CC,GG,TT,AA,CC,GT,GG,CC,GG,AA,GG,CG,AA,CC,AA,AA,AA,CC,CC,TT,AA,GG,AA,AC,AA,AC,AG,AG,AG,AA,TT,GG,AA,AG,CC,AA,CC,AG,AA,GG,GG,GG,TT,AA,AA,TT,TT,TT,GG,TT,GG,GG,AA,2.75,Susceptible,Medium,Standard,Early
L0633,Coimbatore,Tamil Nadu,Kharif,Red Loamy,Rainfed,650,29.5,68,AA,CT,AG,GG,GG,CC,GG,TT,CC,CC,AA,CC,CC,TT,TT,GG,GG,TT,TT,AG,CG,TT,GT,CC,TT,CC,GT,AT,GG,AA,TT,TT,AA,CC,GG,GG,GG,CG,GG,CC,TT,CT,AC,TT,AA,GG,TT,TT,CC,AC,GG,AA,AG,GG,CC,GT,AA,AC,GT,AC,AA,TT,AT,GG,TT,TT,CC,GG,TT,GT,AG,GG,CC,AA,GG,CC,AA,GG,TT,TT,GG,GG,TT,CC,TT,GG,AA,AA,CC,TT,CC,TT,CT,TT,GT,NN,TT,CC,GT,CT,CC,CG,GG,AA,TT,GT,CC,AA,AG,AA,CC,GG,TT,CC,GT,AA,AC,TT,CC,AG,CC,GG,CC,GG,CT,AA,CT,CC,CC,CC,AG,TT,AC,AA,CC,CC,AA,TT,AA,AA,GG,CC,CC,GG,AA,AG,AA,CC,GG,CC,CC,AG,AG,AG,GT,GG,AA,TT,CT,AG,AC,TT,GT,TT,CG,AT,GT,TT,AT,TT,CG,CC,AG,CT,CC,CC,GG,CC,AA,GG,AA,CC,TT,CC,GT,TT,GG,AT,AA,AA,TT,CC,GG,AA,CC,CC,GG,GG,AA,GG,NN,AA,AA,CC,GG,AA,CC,AT,AT,GG,TT,AT,AA,CG,GT,AT,CC,TT,GT,AA,GG,AA,CC,AC,TT,CC,TT,AC,CC,TT,GG,AA,CC,GG,CC,TT,TT,GT,GG,TT,AC,AC,AA,GG,CC,GG,GG,CC,GG,AA,AA,CC,GG,GG,CC,CC,AT,GG,CC,AA,CC,AT,AA,CC,CC,AC,TT,AA,GG,AA,AA,AC,AA,GG,AA,AA,AA,TT,GG,AA,AA,AC,NN,CT,AA,AA,CG,GG,GG,TT,AT,AG,TT,TT,TT,AG,AA,GG,GG,AA,3.87,Susceptible,Medium,Standard,Early
L0634,Coimbatore,Tamil Nadu,Kharif,Red Loamy,Rainfed,650,29.5,68,AC,TT,AG,AG,GG,CC,GT,TT,CC,CG,AA,CC,GG,TT,TT,GG,GG,TT,TT,AA,CC,TT,GT,CC,TT,CC,GT,TT,GG,AA,TT,CT,AA,CC,GG,GG,GG,CC,GG,CC,TT,TT,AA,GT,AA,AG,TT,TT,CC,AC,GT,AA,AG,GG,TT,TT,AA,AC,GG,AA,AA,TT,TT,AA,TT,TT,CT,GG,TT,GG,AA,GG,CC,AA,AG,CC,AT,GG,TT,TT,GG,GG,GG,CC,AA,GG,NN,AA,CC,GG,CC,TT,NN,TT,TT,GG,CT,CC,GG,CC,CC,CC,GG,AA,AT,TT,CC,AA,AG,AA,CC,GG,TT,NN,TT,AA,AA,TT,CC,AG,CC,GG,CT,GG,CC,AA,CT,CC,CC,CC,AA,TT,AC,AC,CC,CC,AA,TT,AA,AT,GG,CC,CC,GG,AA,AG,AA,CC,GT,CC,CC,AA,AA,GG,GG,GG,AA,NN,CT,GG,AC,TT,TT,CT,CG,AA,GT,TT,AA,TT,CG,CG,GG,CT,CC,CC,GG,CC,AA,GG,AA,CC,GT,CC,GT,TT,GG,AA,NN,AA,TT,CC,CG,AA,CC,CC,GG,GG,CC,GG,TT,AC,AG,CC,GG,AA,AC,AT,AT,GG,TT,TT,TT,GG,TT,AT,CG,TT,TT,AA,GG,AA,TT,AA,TT,CC,TT,AA,CC,TT,CG,AG,CC,AA,CC,TT,TT,GT,GG,TT,AA,AC,AA,NN,CC,CC,GG,CC,GG,TT,AG,CG,TT,AG,CC,CC,AT,GG,CG,AA,CC,AT,AA,AA,CC,AC,TT,AA,GG,AA,AA,AA,AA,GG,AG,AA,AA,AT,GG,AA,AA,AC,AC,CC,AA,AA,GG,GG,GG,TT,AA,AA,TT,TT,TT,AG,TT,GG,GG,AA,3.25,Susceptible,Low,Poor,Medium
L0635,Coimbatore,Tamil Nadu,Kharif,Red Loamy,Rainfed,650,29.5,68,AC,TT,AG,AA,GG,CC,GG,TT,CC,GG,AA,CC,CC,TT,TT,GG,GG,AT,TT,AA,CC,GT,GT,CC,TT,CC,TT,TT,GT,AA,TT,CT,AA,CC,GG,GG,GG,GG,GG,CC,TT,TT,CC,GT,AA,GG,TT,TT,CC,AC,GT,AT,AA,GG,CC,GT,AA,AA,GT,AA,AA,GT,TT,AA,CT,TT,CC,GG,TT,GT,AG,GT,CC,AG,GG,AC,AT,GG,TT,TT,GG,GT,GG,CC,AA,GG,AA,AA,CC,TT,CC,TT,CC,TT,GT,GG,TT,CC,GT,CC,CC,CG,GG,AA,TT,TT,CC,AA,AG,AA,CC,GG,TT,CC,GT,AC,AC,NN,CG,AG,CC,GG,CC,GG,CT,AG,CC,CC,CC,CC,AA,TT,CC,AA,CC,CT,AA,AT,AG,AT,NN,CT,CC,GG,AA,AA,AA,AC,GG,CC,CC,AG,AA,AG,TT,GG,NN,TT,CT,GG,CC,GT,TT,TT,CG,AA,TT,CT,AT,TT,CG,CC,AG,CC,CC,CC,CG,CC,AA,AG,AA,CC,TT,CC,GG,TT,GG,TT,AA,AA,TT,CC,GG,AA,CC,CC,GG,GG,AC,GG,TT,AA,AA,CC,GG,AA,CC,AA,AA,GG,GT,AT,AA,GG,GT,AA,CC,TT,GT,AA,GG,AA,CT,AA,AT,CC,TT,AC,CC,TT,GG,GG,CC,AA,AC,TT,TT,GT,GG,TT,AA,AA,AG,GG,CC,CC,GG,CC,GG,TT,AG,CC,GT,GG,CG,CC,AA,GG,CC,AA,CC,AA,AG,CC,CC,CC,TT,AA,CG,AA,AA,AC,AA,AG,NN,AA,AA,TT,GG,AA,AG,AC,AA,TT,AA,AA,CG,GG,GG,TT,AA,AG,TT,TT,TT,AG,AT,GG,CG,AA,4.01,Susceptible,Low,Premium,Early
L0636,Coimbatore,Tamil Nadu,Kharif,Red Loamy,Rainfed,650,29.5,68,AC,CT,GG,AG,GG,CC,GG,TT,CC,CG,AA,CC,CC,AT,TT,GG,GG,TT,TT,AG,CC,TT,TT,CT,AT,CC,TT,TT,GG,AA,TT,CC,AG,CC,GG,CG,GG,CC,GG,CC,TT,CC,AA,TT,NN,AG,TT,TT,NN,AC,GG,AA,AG,GG,CC,TT,AA,AA,GT,AC,AA,TT,AT,AA,TT,TT,CC,GG,TT,GT,AA,GG,CC,AA,AA,CC,AT,GG,GT,TT,GG,GG,GG,CC,AT,GG,AA,AA,CC,TT,CC,TT,CT,TT,TT,AG,TT,CC,TT,CC,CC,CC,GG,AA,TT,TT,CC,AA,AG,AA,CC,GG,TT,CC,TT,AC,AA,TT,CC,GG,CG,AG,CC,GG,TT,AA,CT,CC,CC,CC,AA,TT,CC,AA,CC,CC,AG,TT,AA,AA,GG,CC,CC,GG,AA,GG,AA,CC,GG,CC,CC,AG,AA,GG,GT,AG,AA,GG,TT,GG,AC,GG,TT,TT,CG,AT,TT,TT,AT,NN,GG,CC,AG,CT,CC,CC,GG,CC,AA,GG,AA,CC,TT,CC,GG,TT,GG,AT,AA,AA,TT,CC,GG,AA,CC,CC,GG,GG,CC,GG,TT,AA,AA,CC,GG,AT,CC,AA,AT,GT,TT,TT,AT,NN,GT,AA,CC,TT,TT,AA,GG,AG,TT,AA,TT,CC,TT,AC,CC,TT,CG,AG,CC,AG,CC,AT,CT,TT,GG,TT,AA,AC,AG,GG,CC,GG,GG,CC,GG,TT,AA,CC,TT,AG,NN,CC,AT,AG,CC,NN,CC,AA,AA,AC,CC,AC,TT,AA,GG,AA,AA,AC,AA,AG,AG,AA,AA,AT,GG,AC,GG,AC,AC,CT,AG,AA,GG,GG,CG,TT,AA,AA,GT,TT,TT,AG,TT,GG,GG,AA,2.5,Susceptible,High,Poor,Early
L0637,Coimbatore,Tamil Nadu,Kharif,Red Loamy,Rainfed,650,29.5,68,AA,TT,AG,AG,CG,CG,GT,TT,CC,GG,AA,CC,CG,AT,TT,GG,CG,TT,TT,AA,CC,GT,GG,CC,AT,CC,TT,TT,GG,AA,TT,CC,AG,CC,AG,GG,GG,CC,GG,CC,TT,CT,AA,TT,AG,AG,TT,TT,CC,AC,GG,AA,AA,GG,CC,TT,AT,AA,TT,AC,NN,TT,TT,AA,TT,AA,CC,GG,TT,GT,AG,GG,CC,AA,AG,AA,AT,GG,TT,TT,GG,GG,GG,CC,AT,GG,AA,AA,CC,TT,AC,TT,CT,TT,GG,GG,TT,AC,GT,CC,CT,CC,AG,AA,TT,TT,CC,AA,AA,AA,CC,GG,TT,CC,TT,AA,AC,TT,CC,AG,CC,GG,CC,GG,TT,AG,CC,CC,CC,CG,AG,GT,CC,AA,CC,CT,AA,TT,AA,AT,CG,CC,CC,GG,AA,AA,AA,AC,GG,CC,CC,AA,AA,GG,TT,AG,AA,TT,CT,GG,CC,TT,GT,TT,CC,AA,TT,TT,AT,TT,GG,NN,AA,CT,CC,CC,CG,AC,AA,GG,AG,CC,TT,CC,TT,TT,GG,TT,AG,AG,NN,CC,GG,CC,CC,CC,NN,GG,AC,GG,TT,AA,AA,CG,GG,AA,AC,AA,AT,GG,TT,TT,AA,GG,TT,TT,CC,AT,GT,AA,GG,AA,TT,AA,TT,CC,TT,NN,CC,TT,CC,AA,CG,AG,AC,TT,CT,GT,GG,TT,AC,CC,AG,GG,CC,CC,GG,CC,GG,AT,AA,CG,GT,GG,CC,CC,AA,GG,CC,AA,CC,AA,AA,AA,CG,CC,TT,AA,GG,AT,AA,AC,AA,GG,AG,AA,AA,TT,GG,AC,AA,CC,AC,TT,AA,AA,CG,GG,GG,GG,AA,AA,GT,TT,TT,AG,TT,GG,GG,AA,4.03,Susceptible,High,Standard,Late
L0638,Coimbatore,Tamil Nadu,Kharif,Red Loamy,Rainfed,650,29.5,68,AC,TT,GG,AA,GG,CC,NN,TT,CC,CG,AA,CC,CC,TT,GT,GG,GG,TT,TT,GG,CC,GT,GG,CT,TT,CC,GT,TT,GG,AA,TT,CC,AA,CC,GG,GG,GG,CG,GG,CC,TT,CC,AC,TT,AG,GG,TT,AT,CC,AA,GG,AA,AA,GG,CC,GT,AA,AA,TT,AC,AA,TT,TT,AG,CT,AT,CC,GG,TT,GG,AG,GG,CC,AA,AG,AA,NN,AG,GT,TT,GG,GG,GG,CC,AA,GG,AA,AA,CC,GT,AC,TT,CT,TT,GT,GG,TT,CC,TT,CC,CC,CC,GG,AA,TT,TT,CC,AG,AG,AA,CT,GG,TT,CC,TT,AC,AA,TT,CC,GG,CC,GG,CT,GT,CT,AA,CC,CC,CC,CC,AA,GT,CC,AA,CC,CC,AA,AT,AG,AA,NN,CC,CC,GG,AA,AG,AA,CC,GG,CC,CC,AG,AA,AG,TT,AG,AC,GG,TT,GG,CC,GT,GT,TT,CG,AA,GT,TT,AA,TT,GG,CC,AA,TT,CC,CC,NN,CC,AT,GG,AA,CC,TT,CC,GT,TT,CG,AT,AA,AA,TT,CC,GG,AA,AC,CC,GG,GG,AC,GG,TT,AA,AA,CG,GG,AA,CC,AA,AT,GT,TT,AT,AA,CG,GT,AA,CC,TT,TT,AA,GG,AA,TT,AC,TT,CC,TT,AA,CC,NN,CG,AG,CC,GG,AC,AT,CC,TT,GG,TT,AC,CC,AA,GG,CC,CG,GG,CC,GG,AT,AG,CC,TT,GG,CC,CC,AA,GG,CC,AA,CC,AA,AA,AC,CC,AC,AT,AA,GG,AA,AC,AC,AA,NN,GG,AA,AA,TT,GG,AA,AG,AA,AA,TT,AG,AA,GG,GG,GG,TT,AA,AA,GT,TT,TT,AA,AA,GG,GG,AA,4.1,Susceptible,Medium,Premium,Late
L0639,Coimbatore,Tamil Nadu,Kharif,Red Loamy,Rainfed,650,29.5,68,AA,TT,GG,AA,GG,CC,GG,TT,CC,CG,AA,CC,CC,TT,GT,GT,CC,TT,TT,AG,CC,TT,TT,CC,AT,CT,GT,TT,GG,AA,TT,CC,AA,AC,GG,GG,GG,GG,GG,CC,TT,TT,AA,GT,AA,AG,TT,TT,CC,AC,GG,AA,AA,GG,CT,TT,AA,NN,GT,AC,AA,TT,TT,GG,TT,TT,CC,GG,TT,GG,AG,GG,CC,AA,GG,AC,NN,GG,TT,TT,GG,GG,GG,CC,AA,GG,AA,AA,CC,GG,CC,TT,CC,TT,TT,AG,CT,CC,GT,CC,CC,CC,AA,AA,TT,TT,CC,AA,AA,AA,CT,GG,TT,CG,TT,AA,AA,TT,GG,AG,CC,AG,CC,GG,TT,AA,CC,CC,CC,CC,AA,TT,AC,AA,CC,CC,AA,TT,AA,AA,GG,CC,CC,GG,AG,AA,AT,CC,GT,CC,CC,AA,AG,AG,GT,AG,AC,TT,TT,GG,CC,TT,TT,TT,CC,AA,TT,TT,AA,TT,CG,CC,AA,CT,CC,NN,GG,AC,AA,GG,AA,CC,NN,CG,GT,TT,GG,AA,AA,NN,GT,CC,GG,AA,AC,CC,GG,AG,AA,GG,TT,AA,AA,CC,GG,AA,NN,AA,AA,GG,TT,AA,AA,GG,GG,AA,CC,TT,TT,AA,GG,AA,TT,AA,TT,CC,TT,AA,AC,TT,CC,AG,CC,AA,CC,NN,TT,TT,GG,TT,AA,CC,AG,GG,CC,CC,GG,CC,GG,AA,AG,CG,GG,GG,CC,CC,AA,GG,CC,AA,CC,AT,AA,CC,CG,AC,TT,AA,GG,AA,AC,AC,AA,GG,AG,AA,NN,TT,GG,AC,AA,CC,AA,TT,AA,AA,GG,AG,CG,TT,AT,AA,TT,TT,TT,AG,AT,GG,GG,AA,3.3,Susceptible,Medium,Standard,Medium
L0640,Coimbatore,Tamil Nadu,Kharif,Red Loamy,Rainfed,650,29.5,68,AC,TT,AG,AA,GG,CC,GG,AT,NN,CC,AA,CC,CC,TT,TT,GG,GG,TT,TT,AG,CC,TT,GT,CT,TT,CC,TT,TT,GG,AA,TT,CT,AA,CC,GG,GG,GT,CC,GG,CC,TT,CT,AA,GT,AG,GG,TT,TT,CC,NN,GT,AA,AA,GG,CC,TT,AA,AA,TT,AA,AA,TT,TT,AA,TT,AA,CC,GG,TT,TT,GG,GG,CC,AA,GG,AC,AT,GG,TT,TT,GG,GG,GT,CC,TT,GG,AA,AT,CC,GT,AC,TT,CC,AT,TT,GG,TT,CC,TT,CC,NN,CC,GG,AA,TT,TT,CG,AA,AA,AC,CT,GG,TT,CC,GT,AC,AA,TT,CC,AA,CG,GG,CC,GT,CT,AA,CC,CC,AC,CC,AA,TT,CC,AA,CC,CT,AA,TT,AA,AA,GG,CC,CC,GG,AA,AA,AA,AC,GG,CC,CC,AG,AA,GG,TT,GG,AA,GT,TT,GG,CC,GT,TT,TT,CC,AA,TT,TT,AA,NN,GG,CC,AG,CT,CC,CC,GG,CC,AA,GG,AA,CC,TT,CC,GG,TT,GG,AA,AA,AA,TT,CC,GG,AA,AA,CC,GG,GG,AA,GG,TT,AA,AA,CC,GG,AT,CC,AA,AA,GG,TT,TT,AT,GG,GG,TT,NN,AT,TT,AT,GG,AA,CC,AA,TT,CC,TT,AA,CC,TT,GG,AG,CG,AG,CC,AT,TT,GT,GG,TT,AA,AC,AG,GG,CC,CG,GG,CC,GG,TT,AA,CC,TT,GG,GG,CC,AA,AG,CC,AA,CC,AT,NN,AA,CC,CC,TT,NN,GG,AA,AA,AA,AA,AG,AG,AA,AA,TT,CG,AC,AG,AA,AC,TT,AA,AA,GG,GG,GG,TT,AA,AA,TT,NN,TT,GG,AT,CG,GG,AA,4.69,Susceptible,Low,Standard,Late
L0641,Coimbatore,Tamil Nadu,Kharif,Red Loamy,Rainfed,650,29.5,68,AC,TT,GG,AG,GG,CG,GT,AT,CC,CC,AA,CC,CC,TT,TT,GT,GG,TT,TT,AG,CC,TT,GT,CT,TT,CC,TT,TT,GT,AA,TT,CC,AA,AC,GG,GG,GG,CC,GG,CC,TT,TT,AC,TT,AA,AG,TT,TT,CC,AC,GG,AA,AA,GG,CC,TT,AA,AA,TT,AC,AG,TT,TT,AG,TT,AA,CC,GG,CT,GG,AA,GG,CC,AA,GG,AC,AT,GG,TT,TT,GG,GT,GG,CC,NN,GG,AG,AA,CC,GT,CC,TT,CT,TT,TT,GG,TT,CC,GT,CC,CC,CC,AA,AA,AT,GT,CC,AA,AG,AC,CC,GG,TT,CG,GT,AA,AC,TT,CC,AA,CC,GG,CC,GG,TT,AA,CC,CC,AC,CC,AG,TT,CC,AA,CC,CC,AA,TT,AA,AA,GG,CC,CC,GG,AA,AG,AA,CC,GG,CC,CC,AA,AA,AG,TT,GG,AC,TT,CT,GG,AC,GT,GT,CT,CG,AA,TT,TT,AT,AT,CG,CC,AA,CT,CC,AC,CG,AA,AA,GG,NN,CC,TT,CC,GG,TT,CG,TT,AA,AA,TT,NN,GG,AA,CC,CC,CG,GG,AC,GG,TT,AA,AA,CC,GG,AA,AA,AA,AA,GT,TT,AT,AA,CG,GT,AA,CG,TT,GT,AA,GG,AA,TT,AA,AT,CC,CT,AA,NN,CT,CG,AA,CC,AA,CC,AT,TT,GT,GG,TT,AA,AA,AA,GG,CC,CG,GG,CC,GG,TT,AA,CC,GT,GG,CC,CC,AA,GG,CC,AT,CC,AA,AA,AC,CC,CC,TT,AA,CG,AA,AA,AC,AA,AG,AA,AG,AA,TT,GG,AA,AA,CC,AA,CT,AA,AA,GG,AG,GG,TT,AA,AG,TT,TT,TT,AA,AA,GG,GG,AA,2.93,Susceptible,High,Poor,Medium
L0642,Coimbatore,Tamil Nadu,Kharif,Red Loamy,Rainfed,650,29.5,68,AC,TT,GG,AG,GG,CC,GT,TT,CC,CC,AA,CC,CC,TT,TT,GT,GG,TT,TT,AA,CC,GT,TT,CC,TT,CC,TT,TT,GT,AA,TT,CT,AG,CC,GG,GG,GG,CG,GG,CC,GT,TT,AA,TT,AA,GG,TT,TT,CC,CC,NN,AA,AA,GG,CC,TT,AA,AC,GG,AC,AA,TT,AA,AG,TT,TT,CC,GG,TT,GT,AG,GG,CC,AA,GG,AC,AT,GG,TT,TT,GG,GT,GG,CC,AT,GG,AA,AA,CC,GT,CC,TT,CC,TT,TT,GG,CT,CC,GT,CT,CT,NN,AA,AA,TT,TT,CC,NN,AA,AA,CC,GG,GT,CC,GT,AA,AA,TT,NN,AG,CC,GG,CC,GG,TT,AA,CT,CC,CC,CC,AA,TT,AA,AA,CC,CC,AA,TT,AA,AA,GG,CC,CC,GG,AA,AG,AA,CC,GG,CC,CC,AA,AA,GG,TT,GG,AA,TT,CT,GG,CC,GT,TT,TT,CC,AA,TT,TT,AA,TT,CG,CC,AG,CC,CC,CC,GG,CC,AA,GG,AG,CC,TT,CG,GT,NN,CG,AT,AA,AA,TT,AC,GG,AA,AC,CC,GG,GG,AC,NN,TT,AA,AA,CC,GG,AA,AA,AA,AA,GT,TT,TT,TT,CG,GG,AT,CG,AT,TT,AA,GG,AA,CT,AC,TT,CG,TT,AA,CC,TT,GG,AG,CG,AG,CC,TT,TT,GT,GG,TT,AA,CC,AG,GT,CC,CC,GG,CC,GG,AT,AA,CG,TT,GG,CC,CC,AA,GG,CC,AT,CC,AA,AG,CC,CC,AC,TT,AA,GG,AA,AA,AC,NN,GG,AA,AA,AA,TT,GG,AA,GG,AC,AC,TT,AA,NN,GG,GG,GG,TT,AA,AG,TT,TT,TT,AG,TT,GG,GG,AA,5.57,Resistant,Low,Premium,Early
L0643,Coimbatore,Tamil Nadu,Kharif,Red Loamy,Rainfed,650,29.5,68,AA,CT,GG,AG,GG,CC,GG,TT,CC,CG,AA,CT,CG,TT,GT,GG,CG,TT,TT,AA,CC,TT,GT,CT,TT,CC,TT,TT,GT,AA,TT,CT,AA,CC,AG,GG,GG,CG,GG,CC,TT,TT,AA,TT,AA,AG,TT,TT,CC,CC,GG,AT,AA,GG,CC,GT,AA,CC,GT,AA,AA,TT,NN,AG,TT,TT,CC,GG,TT,GT,AA,GT,CC,AA,GG,AA,AT,GG,TT,TT,GG,GG,GG,CC,AA,GG,AA,AA,CG,TT,CC,TT,CT,TT,TT,GG,CT,CC,GG,CC,CC,CC,AG,AA,AT,TT,CG,AA,AG,AA,CT,GG,TT,CC,TT,AC,AA,TT,CG,AG,CG,GG,CC,GG,CT,AG,CC,NN,CC,CG,AA,GT,CC,AA,CC,CC,AA,TT,AA,AA,CG,CC,CC,GG,AA,AG,AA,CC,GG,CC,NN,AA,AA,GG,GT,AG,AA,GT,CT,GG,CC,TT,GT,CT,CC,TT,GG,TT,AT,TT,CG,CC,GG,CC,CC,CC,GG,CC,AA,GG,AG,CC,TT,CG,GG,GT,CG,AT,AA,AG,TT,CC,GG,AA,CC,CC,GG,GG,AC,CG,TT,AA,AA,CC,GG,AA,CC,AA,AT,GG,TT,AT,AT,CG,TT,AA,CC,AT,GT,AA,GG,AA,TT,AA,TT,CC,CT,AA,CC,CT,GG,AG,NN,AG,AC,AT,TT,GT,GG,TT,AA,CC,AA,GG,CG,CG,GG,CC,GG,AT,AG,CG,TT,GG,CC,CC,AT,GG,CG,AA,CC,AA,AA,CC,CC,AA,AT,AA,GG,AA,AA,AC,AA,GG,GG,AG,AA,AT,GG,AC,AA,CC,AC,TT,AA,AG,GG,GG,GG,TT,AA,AA,TT,TT,TT,AA,TT,CG,GG,AA,5.88,Susceptible,Low,Premium,Medium
L0644,Coimbatore,Tamil Nadu,Kharif,Red Loamy,Rainfed,650,29.5,68,AC,TT,GG,AG,GG,CC,GG,TT,CC,CG,AA,CT,CC,AT,TT,GG,CG,TT,TT,AG,CC,GT,GT,CT,TT,CC,TT,TT,GT,AA,TT,CC,AA,CC,GG,GG,GG,CC,GG,CC,TT,CT,AA,TT,AA,AG,TT,TT,CG,CC,GT,AA,AA,GG,CC,TT,AT,AA,GG,AC,AA,GT,AT,AA,TT,TT,CC,GG,TT,GG,AG,NN,CC,AA,AG,AA,AT,GG,GG,TT,GG,GG,GT,CC,AA,GG,AA,AA,CC,GG,CC,TT,CT,TT,TT,GG,TT,CC,TT,CC,CC,CC,AG,AA,TT,TT,CC,AA,AA,AC,CC,GG,TT,CC,GT,AA,NN,TT,CC,GG,CG,GG,CT,GT,CT,AG,CT,CC,CC,CC,AG,TT,AC,AA,CC,CC,AA,TT,AA,AA,GG,CC,CC,GG,AA,AA,AA,CC,NN,CC,CC,AG,AA,GG,TT,AG,AC,TT,TT,AG,AC,GT,TT,CC,CG,AA,GT,CT,AT,TT,GG,CC,AA,TT,CC,CC,GG,AC,AA,NN,AA,CC,TT,CG,TT,TT,GG,AA,AA,AA,TT,CC,GG,AA,CC,CC,GG,AG,AA,GG,TT,AA,AA,CC,GG,AA,CC,AT,AT,GT,TT,AT,AA,CG,TT,AT,CC,AA,TT,AA,GG,AA,CT,AC,TT,CC,TT,AA,CC,TT,CG,AA,CC,AG,CC,TT,CT,GT,GG,TT,AC,AA,AG,GG,CC,CG,GG,CC,GG,TT,AA,CG,TT,GG,CC,CC,AA,GG,CC,AA,CC,AT,AA,AC,CC,CC,AT,AA,CG,AA,AC,AC,AA,GG,NN,AA,AA,TT,CG,AC,AA,AC,AA,CT,AA,AA,GG,GG,GG,TT,AT,AA,GT,TT,AT,AG,AT,GG,GG,AA,1.59,Moderate,High,Poor,Late
L0645,Coimbatore,Tamil Nadu,Kharif,Red Loamy,Rainfed,650,29.5,68,AA,TT,AG,AA,GG,CG,GT,TT,CC,CC,AA,CC,CC,TT,TT,GG,GG,TT,TT,AA,CC,GT,GT,CC,TT,CC,TT,TT,GG,AA,TT,NN,AA,CC,GG,GG,GG,GG,GG,AC,TT,CT,AA,TT,AA,GG,TT,TT,CC,AA,GG,AT,AA,GG,CC,TT,AA,AA,TT,AA,AA,TT,TT,AG,TT,AT,CC,GG,TT,GG,AG,GG,CC,AA,GG,AA,AT,GG,TT,TT,GG,GT,GG,CC,AT,GG,AA,AA,CC,GT,CC,TT,CT,AT,TT,GG,CT,AC,TT,CC,CT,CG,AG,AA,AT,TT,CC,AA,AG,AA,CC,GG,TT,CC,TT,AA,AA,TT,CC,AG,CG,AA,CC,TT,CT,AA,CC,CC,CC,CG,AA,TT,CC,AA,CC,CC,AA,TT,AG,AT,GG,CC,CC,GG,AG,AG,AA,CC,GG,CC,CC,AA,AG,GG,GT,GG,AC,GT,CT,GG,CC,TT,GG,TT,CC,AT,TT,TT,AA,TT,GG,CC,AA,CC,CC,CC,GG,CC,AA,GG,GG,CC,TT,CC,GG,TT,GG,AA,AG,AG,TT,CC,CG,AA,AC,CC,GG,GG,AA,GG,TT,NN,AA,CC,GG,AA,CC,AA,AT,GG,TT,AT,AT,GG,GT,AT,CG,TT,GT,AA,GG,AA,CT,AA,TT,CG,CT,AA,CC,TT,CG,AG,CC,AA,CC,TT,CT,TT,GG,TT,AC,AC,AA,GG,CC,CG,GG,CC,GG,AT,AG,CC,GT,GG,CC,CG,AA,AG,CC,AT,CC,AA,AA,AC,CG,AC,TT,AA,GG,AA,AC,AC,AA,GG,AA,AA,AG,AT,GG,AC,AA,AC,AC,CC,AA,AG,GG,AG,GG,TT,AT,NN,TT,TT,TT,AA,TT,GG,GG,AC,7.6,Resistant,Low,Premium,Late
L0646,Coimbatore,Tamil Nadu,Kharif,Red Loamy,Rainfed,650,29.5,68,AA,TT,NN,AA,NN,CC,GG,TT,CC,CG,AA,CC,CG,TT,TT,GG,GG,TT,TT,AG,CC,GT,GG,CT,TT,CC,TT,TT,GT,AA,TT,CT,AA,CC,GG,GG,GG,CC,GG,CC,TT,CT,AA,GT,AA,GG,TT,AT,CG,CC,GG,AT,AG,GG,CC,TT,AT,AA,GT,AA,AA,TT,TT,AG,TT,TT,CC,GG,TT,GG,AG,GG,CC,AA,GG,AC,AT,GG,TT,TT,AG,GG,GG,CC,AA,GG,AA,AA,CC,GT,AC,TT,CC,AT,TT,GG,TT,AC,TT,CC,CT,CC,GG,AA,AT,TT,CG,AA,AA,AC,CT,GG,TT,CC,TT,CC,NN,TT,CC,GG,CC,AG,CC,GG,TT,AA,CT,CC,CC,CC,AA,TT,AC,AA,CC,CC,AA,TT,AG,AA,GG,CC,CC,GG,AA,AA,AA,CC,GG,CC,CC,AA,AA,GG,TT,AG,AC,TT,CT,GG,CC,GT,TT,TT,CC,AT,GT,TT,AA,TT,GG,CG,AA,CC,AC,CC,CG,CC,AA,GG,AG,CC,TT,CC,GT,TT,CG,AA,AA,AG,TT,CC,GG,AA,AC,CC,GG,GG,NN,GG,TT,AA,AA,CC,GT,AA,CC,AA,AA,GT,TT,TT,AT,GG,GG,AA,GG,AT,TT,AA,GG,AA,TT,AA,TT,CC,TT,AA,CC,TT,CG,AG,CC,AA,AC,AT,TT,TT,GG,TT,AA,AC,AA,GT,CC,CG,GG,CC,GG,AA,AA,CC,TT,AG,CG,CC,AT,AG,CG,TT,CC,AT,AA,CC,CG,AC,TT,AA,GG,AA,AA,AC,AA,AG,AG,AA,AA,TT,GG,AC,GG,AC,AC,TT,AA,AA,GG,GG,GG,TT,AA,AA,TT,TT,AT,AA,TT,GG,GG,AC,5.44,Resistant,Medium,Standard,Early
L0647,Coimbatore,Tamil Nadu,Kharif,Red Loamy,Rainfed,650,29.5,68,AA,CT,GG,AA,CG,CC,GG,TT,CG,CC,AT,CC,CC,AA,TT,GG,CG,TT,TT,AA,CG,TT,TT,CC,AT,CC,TT,AT,GG,AA,TT,CC,AA,CC,GG,CC,GG,CG,GG,CC,TT,TT,AA,TT,AG,AG,TT,TT,CC,AA,GG,AA,AG,CG,CC,GT,AT,AC,GG,CC,AA,TT,AT,AA,TT,AT,CC,GG,TT,GT,AA,GT,CC,AA,AG,AA,AT,AG,TT,TT,AG,GG,GG,CC,AA,GG,AA,AA,CG,GT,CC,TT,CT,TT,TT,GG,TT,CC,GT,CC,CC,CC,AA,AA,TT,TT,CC,AG,AG,AA,CC,GG,TT,CC,TT,AA,AA,TT,CC,AG,CC,GG,CC,GG,CT,AA,CC,CC,CC,CC,AA,TT,CC,AA,CC,CC,AA,TT,AA,AA,CG,CT,CG,GG,AA,GG,AA,CC,GG,CC,CC,AA,AG,GG,GT,GG,AA,TT,TT,GG,CC,GT,TT,TT,CG,AT,TT,TT,AA,AT,GG,CC,AA,TT,CC,CC,GG,AC,AA,GG,AG,CC,TT,CC,GG,TT,GG,TT,AA,AG,TT,CC,GG,AA,CC,CC,GG,GG,AA,GG,TT,AA,AA,CG,GG,AA,AC,AA,AT,GT,TT,AT,AA,CG,GG,AT,GG,TT,GT,AA,GG,AA,CT,AC,TT,CC,TT,AC,CC,CT,GG,GG,CC,AG,AC,TT,CT,TT,CG,TT,AA,CC,AA,GT,CC,CC,GG,CC,NN,AT,AA,CG,TT,AG,CC,CC,AT,GG,GG,AA,CC,AA,AA,CC,CC,AC,TT,AG,GG,AA,AA,AC,AA,AA,AA,AA,AA,AT,GG,AA,AA,AC,AA,CT,AA,AA,GG,GG,GG,TT,AA,AA,GT,TT,TT,AG,AA,GG,CG,AA,2.41,Susceptible,Medium,Standard,Medium
L0648,Coimbatore,Tamil Nadu,Kharif,Red Loamy,Rainfed,650,29.5,68,AC,TT,GG,GG,CG,CG,GT,AT,CC,CC,AA,CC,CC,TT,TT,GG,NN,TT,TT,AG,CC,GT,GG,CC,TT,CC,TT,TT,GG,AA,TT,CC,AA,CC,GG,CC,GG,CG,GG,CC,TT,CC,AA,TT,AA,AG,TT,TT,CC,AC,GT,AT,AA,GG,CC,GT,AA,AA,GT,AA,AG,TT,AT,AG,TT,TT,CC,GG,CT,GT,AA,GG,CC,AA,GG,AC,TT,GG,TT,TT,GG,GT,GG,CC,AA,GG,AA,AA,CC,NN,CC,TT,CT,AA,TT,GG,TT,CC,NN,NN,CC,CG,AA,GG,AT,TT,CC,AA,GG,AA,CC,GG,TT,CC,GT,AA,AC,TT,CC,AA,CC,GG,CC,GG,TT,AG,CC,CC,CC,CG,AA,TT,CC,AA,CC,CC,AA,TT,AA,AT,GG,CT,CC,GG,AA,GG,AA,CC,GG,CC,CC,AG,AG,GG,TT,NN,AA,TT,CT,GG,AA,TT,GT,CT,CG,AA,NN,CT,AA,TT,GG,CC,AA,CC,CC,CC,CC,CC,AA,AG,AA,CC,TT,CC,GT,GG,GG,AT,AA,AG,TT,CC,GG,AA,CC,CC,GG,AG,AA,GG,TT,AC,AA,CC,GG,AA,CC,AA,AA,GT,TT,TT,AT,GG,TT,AA,CG,TT,TT,AA,GG,AA,CT,AA,TT,CC,TT,AA,CC,CC,CC,AG,CC,AA,CC,TT,CT,TT,GG,TT,AA,CC,AA,GG,CC,CC,GG,CC,GG,AT,AA,CC,TT,GG,CC,CC,AA,GG,GG,AA,CC,AA,AA,AC,CC,CC,TT,AA,GG,AA,AC,AA,AC,GG,AA,GG,AA,AA,CG,AA,GG,AA,AA,TT,AA,AA,GG,GG,GG,TT,AA,AA,GT,TT,TT,AG,TT,GG,GG,AA,4.11,Susceptible,Low,Poor,Early
L0649,Coimbatore,Tamil Nadu,Kharif,Red Loamy,Rainfed,650,29.5,68,AA,TT,GG,AG,GG,CC,GG,TT,CC,CC,AT,CC,CC,TT,TT,GG,CG,TT,TT,AA,CG,GT,GG,CC,TT,CC,TT,TT,NN,AA,CT,CT,AA,CC,GG,GG,GG,CC,GG,CC,TT,TT,AA,GT,AA,GG,TT,AT,CC,AC,GG,AA,AA,GG,CC,TT,AA,AA,TT,AA,AG,TT,TT,AA,CT,AT,CC,GG,TT,GG,AA,GG,CC,AA,AG,AC,AT,GG,TT,TT,GG,GG,GG,CC,AA,AG,AA,AA,CG,GT,AC,TT,CT,TT,GT,GG,TT,CC,GG,NN,CT,CC,GG,AG,TT,TT,CC,AA,AG,AA,CT,GG,TT,CC,TT,AA,AC,TT,CC,AG,CC,GG,CC,GG,TT,AA,CC,CC,CC,CC,AA,TT,CC,AC,CC,CC,AA,TT,AA,AA,GG,CT,CC,AG,AA,GG,AA,AC,GT,CC,CC,AA,AG,AG,NN,AG,AC,TT,CT,GG,CC,TT,TT,CT,NN,AA,TT,CT,AT,TT,CG,CC,AA,CT,CC,AC,GG,CC,AA,GG,AA,CC,TT,CC,GT,TT,CG,TT,AA,AG,TT,CC,CG,AC,AC,CC,CG,GG,AC,GG,TT,CC,AA,CC,GG,AA,CC,AT,AT,GG,TT,TT,AA,CG,GT,TT,CC,TT,GT,AA,NN,AG,CT,AC,TT,CC,TT,AA,CC,CT,GG,AG,CC,AG,AC,AT,TT,TT,GG,TT,AA,AC,AA,GG,CC,CG,GG,CC,GG,TT,AA,CC,GT,GG,CG,CC,AA,GG,CC,AA,CC,AA,AA,CC,CC,AC,TT,AA,GG,AA,AC,AC,AA,AG,AG,AA,AA,TT,NN,AC,AG,CC,AC,CT,AA,AG,GG,GG,GG,GT,AA,AG,GT,TT,TT,AA,TT,GG,GG,AA,4.57,Susceptible,Medium,Premium,Medium
L0650,Coimbatore,Tamil Nadu,Kharif,Red Loamy,Rainfed,650,29.5,68,AC,TT,AG,AA,GG,CC,GT,TT,CC,CG,AA,CC,CC,TT,TT,GG,CG,TT,TT,AG,CC,TT,TT,CC,TT,CT,TT,TT,GT,AA,TT,CT,AA,CC,GG,GG,GT,CC,GG,CC,TT,CC,AA,GT,AG,AG,CT,TT,CC,AA,GT,AT,AA,GG,CC,GT,AA,AA,GT,AC,AG,TT,TT,AG,TT,TT,CC,GG,TT,GT,AG,GG,CC,AA,AG,AA,AA,GG,GT,TT,GG,GG,GG,CC,AA,GG,AG,AA,CG,TT,CC,TT,CC,TT,TT,GG,CT,CC,TT,CC,CT,CC,GG,AA,AT,TT,CG,AA,AA,AA,CT,GG,TT,CC,TT,AC,AA,TT,CC,AG,CC,GG,CC,GG,CC,AA,CT,CG,CC,CC,AA,TT,CC,AA,CC,CC,NN,NN,AA,AA,GG,CC,CC,AG,AA,AG,AA,CC,GG,CC,CC,AA,AG,GG,TT,GG,AA,TT,TT,AG,CC,TT,TT,CC,CC,AA,GT,TT,AA,TT,GG,CC,AA,CT,AC,CC,CG,AC,AA,GG,AG,CC,TT,CC,GG,TT,GG,TT,AA,AG,TT,CC,GG,NN,CC,CC,GG,AG,AC,GG,TT,AA,AG,CC,GG,AA,CC,AA,AT,NN,GG,AT,AT,GG,TT,TT,CC,AA,TT,AA,GG,AA,TT,AA,TT,CC,TT,AA,CC,TT,CG,GG,CG,AG,CC,AT,TT,GT,GG,TT,AA,AC,AA,GG,CC,CC,GG,CG,GG,AT,AA,CC,TT,GG,CC,CG,AT,GG,CC,AA,CC,AA,AA,CC,CG,AC,TT,AA,GG,AA,AA,AC,AA,AG,AA,AA,AA,AT,CG,AC,AA,CC,AA,CT,AG,AG,GG,GG,GG,TT,AA,AA,TT,TT,TT,AG,AT,GG,GG,AC,5.19,Resistant,Low,Poor,Early
L0651,Coimbatore,Tamil Nadu,Kharif,Red Loamy,Rainfed,650,29.5,68,AA,TT,AG,AA,GG,CC,GG,TT,CC,CG,AA,CT,CC,AA,TT,GG,GG,TT,TT,AA,CG,GT,GT,CC,AT,CC,TT,TT,GG,AA,NN,CC,AA,CC,GG,CG,GG,CC,GG,CC,TT,CT,AA,TT,AA,GG,TT,AT,CC,CC,GG,AA,AA,GG,CC,TT,AA,AA,GT,AA,AA,TT,TT,AG,CT,TT,CC,NN,TT,GT,AG,GG,CC,AA,AG,AC,AT,GG,TT,TT,GG,GG,GG,CC,AA,GG,AA,AA,CC,GT,CC,TT,CC,TT,TT,GG,CT,CC,TT,CC,CC,CG,AG,AA,AT,TT,CG,AA,AA,AA,CC,GG,TT,CC,TT,AA,AA,TT,CC,AG,CG,GG,NN,GT,TT,AG,CC,CC,CC,CC,AA,GT,CC,AA,CC,CC,AA,TT,AA,AA,GG,CC,CC,GG,AA,AA,AA,CC,GT,CC,CC,AA,GG,GG,GT,AG,AC,TT,CT,GG,AC,TT,GT,TT,CC,AT,TT,TT,AA,AT,GG,CC,AG,CT,NN,CC,GG,CC,AA,GG,AG,CC,TT,CC,GT,TT,CG,AT,AA,AA,GT,AC,GG,NN,CC,CG,GG,GG,AA,GG,TT,AC,AA,CC,GG,AA,CC,AA,AA,GT,TT,TT,AA,CG,GT,AA,CC,TT,GT,AA,GG,AA,CT,AA,TT,CG,TT,NN,AC,TT,NN,AG,CC,AG,AC,TT,CT,GT,GG,TT,AA,AA,AG,GG,CC,CG,GG,CC,GG,TT,AG,CC,TT,GG,CC,CC,AA,GG,CC,AA,CC,AA,AA,CC,CC,AC,TT,AA,GG,AA,AA,AA,AA,AG,AA,AG,AA,AT,GG,AC,AG,AA,AC,CT,AA,AG,CG,GG,GG,TT,AT,AA,TT,TT,TT,AG,TT,GG,GG,AA,4.61,Susceptible,Medium,Premium,Early
L0652,Coimbatore,Tamil Nadu,Kharif,Red Loamy,Rainfed,650,29.5,68,AC,CT,AG,AG,CG,CC,GT,TT,CC,CG,AA,CT,CC,TT,TT,GG,CG,TT,TT,AA,CC,TT,GT,CC,TT,CT,TT,TT,GT,AA,TT,CC,AA,CC,GG,GG,GG,CG,GG,CC,TT,TT,AA,GT,AA,AG,TT,AT,NN,AA,GT,TT,AG,GG,CC,GT,AA,AA,GG,CC,AA,TT,AT,AG,TT,AT,CC,GG,TT,GG,AA,GG,CC,AA,GG,AA,TT,GG,TT,TT,GG,GG,GG,CC,AA,GG,AA,AA,CC,NN,CC,TT,CT,TT,TT,GG,TT,CC,TT,CC,CC,CC,GG,AA,TT,TT,CC,AA,GG,AA,TT,GT,GT,CG,TT,AA,AC,NN,CC,GG,CG,GG,CC,GG,TT,AA,CC,CC,CC,CC,AA,GT,CC,AA,CC,CT,AA,TT,AA,AA,GG,CT,CC,GG,AA,AA,AA,CC,GT,CC,CG,AG,AG,GG,NN,GG,AA,TT,CT,GG,AC,TT,TT,TT,CC,AA,TT,TT,AT,AT,GG,CC,AA,CC,AC,CC,CC,CC,AA,GG,AG,CC,TT,CC,GT,GG,GG,AT,AG,AA,TT,CC,GG,AA,CC,CC,GG,GG,AC,NN,TT,AA,AA,CC,TT,AT,CC,AA,TT,GT,TT,TT,AT,GG,GG,AT,CG,TT,TT,AA,GG,AA,CT,AA,TT,CC,CT,AC,CC,TT,CG,AG,CC,GG,CC,AT,TT,GT,GG,TT,AA,CC,AA,GG,CC,GG,GG,CC,GG,AT,AA,CC,TT,GG,CC,CG,AT,AG,CC,AA,CG,AA,NN,CC,CG,CC,TT,AA,GG,AA,AC,AA,AA,AG,AG,AA,AG,TT,CG,AA,AA,AC,CC,CT,AA,AA,CG,AG,GG,TT,AA,AA,GT,TT,TT,AA,TT,GG,CG,AA,2.74,Susceptible,Low,Poor,Late
L0653,Coimbatore,Tamil Nadu,Kharif,Red Loamy,Rainfed,650,29.5,68,AC,NN,AG,AG,GG,CC,GG,AT,CC,CC,AA,CT,CG,TT,GT,GG,CG,TT,AT,AG,CG,GG,GG,CT,TT,NN,TT,TT,GT,AA,TT,CC,AA,CC,GG,CG,GG,CG,GG,CC,TT,CT,AC,TT,AA,AG,TT,TT,CC,AC,GT,AT,AA,GG,CC,TT,AA,AC,GT,AA,AA,TT,AT,AA,TT,AA,CC,GG,TT,GG,AG,GG,CC,AG,GG,AA,AA,GG,TT,TT,GG,GG,GT,CC,AT,GG,AA,AA,CC,TT,CC,TT,CT,AT,GT,GG,CT,CC,GG,CT,TT,CC,AG,AA,TT,TT,CG,AA,AA,AA,CT,GG,TT,CC,TT,AA,AA,TT,CC,AG,CC,GG,CC,GT,TT,AA,CC,CC,CC,CC,AG,TT,CC,AA,CC,CC,NN,TT,AA,AA,GG,CT,CC,GG,AG,AG,TT,CC,GG,CC,CC,AG,AG,GG,GT,NN,AC,TT,CT,GG,CC,TT,GT,TT,CC,AT,TT,TT,AA,AT,CG,CC,AG,CC,CC,AC,GG,CC,NN,GG,AG,CC,TT,CC,GT,TT,CC,TT,AA,AA,TT,CC,CG,AA,CC,CC,GG,GG,AA,GG,TT,AA,AG,CC,GG,TT,CC,AA,AT,TT,TT,TT,AT,CG,NN,AA,CC,TT,GT,AA,GG,AA,CT,AA,TT,CC,CT,AA,CC,TT,CG,AG,CG,AG,CC,TT,TT,TT,GG,TT,AA,AC,AA,GG,CC,CG,GG,CC,GG,TT,AA,CC,TT,GG,CC,CG,AA,AG,CG,AT,CG,AA,AA,AA,CG,AC,TT,AA,GG,AA,AA,AA,AA,GG,AG,AA,AA,TT,GG,AC,AA,CC,AC,CT,AA,AA,GG,GG,GG,GT,AT,AA,TT,TT,TT,AA,AT,GG,GG,AA,3.87,Susceptible,Low,Standard,Late
L0654,Coimbatore,Tamil Nadu,Kharif,Red Loamy,Rainfed,650,29.5,68,AA,CT,GG,AG,GG,CC,GG,AT,CC,CG,AT,CC,GG,TT,GG,GG,GG,TT,TT,AA,CG,TT,TT,CC,TT,CC,TT,TT,GG,AA,CT,CC,NN,CC,AG,NN,GG,CG,GG,CC,TT,CT,CC,TT,AA,AG,TT,AT,CC,CC,GG,AA,AA,GG,CC,TT,AA,AC,GT,AC,AA,TT,AT,AG,CT,TT,CC,GG,TT,GT,AA,GG,CC,AA,GG,AC,TT,GG,TT,TT,GG,TT,GG,CC,TT,GG,AA,AA,CC,TT,CC,TT,CC,AT,TT,AG,TT,CC,TT,CC,CC,CG,GG,AA,AT,TT,CC,AA,AG,AC,TT,GG,TT,CC,TT,AA,AA,TT,CC,AG,CG,GG,CC,GG,CC,AG,CC,CC,CC,CC,AA,GT,CC,AA,CC,CC,AA,TT,AA,AA,GG,TT,CC,GG,AA,AG,AA,CC,GT,CC,CC,AG,AA,GG,GT,GG,AA,TT,CT,GG,CC,TT,GT,TT,CG,AT,GT,TT,AA,AT,GG,CC,AA,CT,CC,CC,CG,CC,AA,GG,AG,CC,TT,CG,GT,TT,CG,TT,AA,AA,TT,CC,GG,AC,CC,CC,GG,GG,AA,GG,TT,AC,AA,CC,GG,AA,CC,AA,AT,GT,TT,TT,AA,GG,GT,AA,CC,AT,TT,AA,GG,AA,TT,AC,TT,CC,TT,AC,CC,CT,GG,AA,CG,GG,CC,AT,CC,TT,GG,TT,AA,AC,AA,GG,CC,CC,GG,CG,GG,TT,AA,CC,TT,GG,CC,CC,AA,GG,CG,AT,CC,AA,AA,CC,CG,AA,AT,AG,GG,AA,AA,AC,AA,AG,AG,AA,AA,TT,GG,AA,AG,AC,AA,CT,AA,AA,GG,GG,CG,TT,AT,AA,GT,TT,TT,AA,AT,GG,GG,AA,1.62,Susceptible,Low,Poor,Medium
L0655,Coimbatore,Tamil Nadu,Kharif,Red Loamy,Rainfed,650,29.5,68,AA,TT,AG,AA,GG,CC,GG,TT,CC,GG,AA,CT,CG,TT,TT,GG,GG,TT,TT,AA,CC,TT,TT,CT,TT,CT,TT,TT,GG,AA,TT,CC,NN,CC,GG,GG,GG,CC,GT,CC,TT,TT,AC,TT,AG,AG,TT,TT,CC,AA,GT,AA,AA,GG,CT,GT,AA,CC,GT,AA,AA,TT,TT,AA,TT,AT,CC,GT,TT,GG,AG,GT,CC,AA,AG,AC,AT,GG,TT,TT,GG,GG,GG,CC,AA,GG,AA,AA,CG,GT,CC,TT,CT,TT,TT,GG,CT,CC,GT,CC,CT,CC,AG,AA,AA,TT,CC,AA,AA,AA,CC,GG,TT,CC,TT,AA,AC,TT,CG,AG,NN,GG,CC,GG,TT,AA,CC,CC,CC,CG,AA,TT,CC,AA,CC,CC,AA,TT,AG,AA,GG,CC,CC,GG,AA,AA,AA,CC,GG,CC,CC,AA,AG,GG,TT,AG,AA,TT,TT,GG,CC,GT,GT,TT,CC,AT,GG,TT,AA,TT,GG,CG,GG,CC,CC,CC,CG,CC,AA,GG,AG,CC,TT,CC,GG,GT,GG,NN,AA,AA,TT,CC,GG,AC,AC,CC,GG,GG,AC,CG,TT,AA,AG,CG,GG,AA,CC,AA,AA,GG,TT,AT,AT,GG,TT,AA,CC,TT,GT,AA,GG,AA,CT,AA,TT,CC,NN,AA,CC,TT,GG,AG,CC,AG,AC,AT,CT,GG,GG,AT,AA,AC,AA,GG,CC,CG,GG,CC,GG,AA,AA,CC,GT,GG,CC,CC,AA,GG,CC,AA,CC,AA,AA,AC,CC,CC,TT,AA,GG,AA,AC,AA,AA,GG,AA,AA,AA,AA,CG,AA,AG,AC,AA,TT,AA,AA,GG,GG,GG,GT,AA,AA,TT,TT,TT,NN,AT,GG,GG,AA,5.42,Susceptible,Low,Premium,Early
L0656,Coimbatore,Tamil Nadu,Kharif,Red Loamy,Rainfed,650,29.5,68,AA,TT,GG,GG,GG,CC,GT,AT,CC,CC,AT,CT,CC,TT,TT,GG,GG,TT,TT,AA,CC,GT,GT,NN,TT,CC,TT,TT,GG,AA,CT,CC,AA,CC,GG,GG,GG,CC,GG,CC,TT,TT,AA,GT,AA,NN,TT,AT,CC,CC,GT,AA,AG,GG,CC,GT,AA,AA,GT,AA,AA,GT,NN,AA,TT,AT,CC,GG,TT,GT,AA,GT,CC,AG,GG,AC,AA,GG,TT,TT,GG,GG,GG,CC,AA,GG,AA,AA,CC,GT,AC,TT,CT,TT,TT,GG,TT,CC,GT,CC,CC,CC,GG,AA,TT,TT,CG,AA,AA,AA,CC,GG,TT,CC,GT,AA,AA,TT,CC,GG,CC,AG,CC,TT,CT,AA,CT,CC,CC,CC,AA,GT,AC,AA,CC,CT,AA,TT,AA,AT,GG,CT,CC,GG,AA,GG,AA,CC,GT,CC,CC,AA,AG,AG,TT,GG,AA,TT,CT,AG,CC,TT,GT,TT,CG,AA,TT,CC,AA,TT,GG,CC,AA,CT,NN,CC,CG,AC,AA,GG,AG,CC,TT,CC,GT,GT,GG,TT,AA,AG,NN,AC,CG,AA,CC,CC,GG,GG,AA,GG,TT,NN,AG,NN,GG,AA,CC,AA,AA,GG,TT,TT,TT,GG,GG,AA,CC,AA,TT,AA,GG,AA,TT,AA,TT,CC,TT,AA,CC,CT,GG,AA,CC,AG,CC,TT,TT,TT,GG,TT,AA,CC,AG,GG,CC,CG,GG,CC,GT,AA,AA,CC,TT,GG,CC,CG,AA,GG,CC,AA,CC,AT,AA,CC,CC,CC,TT,AA,CG,AA,AA,AC,AA,AG,AA,AA,AA,TT,CG,AA,AG,CC,AA,CT,AG,AA,GG,GG,GG,TT,AT,GG,TT,TT,TT,AA,TT,GG,CG,AA,3.52,Susceptible,Medium,Premium,Late
L0657,Coimbatore,Tamil Nadu,Kharif,Red Loamy,Rainfed,650,29.5,68,AC,TT,GG,AG,CG,CC,GT,TT,CC,CG,AA,CT,CG,TT,TT,GG,CG,TT,TT,NN,CC,TT,TT,CC,TT,CC,TT,TT,GG,AA,TT,CT,AA,CC,GG,CG,GG,CC,GG,AC,TT,CC,AA,TT,GG,GG,TT,TT,CC,CC,GG,AA,AA,GG,CT,TT,AT,AC,GG,AA,AA,TT,AT,AA,TT,AT,CC,GG,TT,NN,AA,GG,CC,AA,GG,AA,AT,GG,TT,TT,GG,NN,GT,CC,AA,GG,AA,AT,CC,TT,CC,TT,CC,TT,TT,GG,CT,AC,GT,CC,CT,GG,AG,AA,NN,GT,CC,AA,GG,AA,CC,GG,TT,CC,TT,AA,AA,TT,CC,GG,CG,GG,CC,GT,TT,AA,CC,CC,CC,CC,AA,TT,CC,AA,CC,CC,AA,TT,AA,AA,CG,CT,CC,GG,AA,AG,AA,AC,GG,CC,CC,AA,AA,GG,TT,GG,AA,TT,TT,GG,AC,TT,TT,TT,GG,AA,GT,TT,AA,TT,GG,CC,AA,CC,CC,CC,GG,CC,AA,GG,AG,CC,TT,CC,GG,TT,GG,NN,AA,AG,TT,CC,GG,AC,CC,CC,GG,GG,AA,GG,TT,NN,AA,CC,GG,AA,CC,AA,AA,GG,GT,AA,AT,GG,TT,AA,CC,TT,GT,AA,GG,AA,TT,AA,TT,CC,TT,AA,CC,TT,GG,AA,CG,GG,CC,TT,CT,GT,GG,AT,AA,CC,AG,GG,CC,CC,GG,CC,GG,TT,AA,CG,TT,GG,CC,CC,AA,GG,CG,AA,CG,AT,AG,AC,CC,AC,TT,AA,GG,AA,AA,AA,AA,AA,AG,AG,AA,TT,GG,AA,AG,AC,AA,TT,AA,AA,GG,GG,GG,GT,AA,AA,TT,TT,TT,AA,TT,GG,NN,AA,5.33,Moderate,Medium,Premium,Medium
L0658,Coimbatore,Tamil Nadu,Kharif,Red Loamy,Rainfed,650,29.5,68,AA,TT,GG,AG,GG,CG,GT,TT,CC,CC,AA,CT,NN,AT,TT,GG,CG,TT,TT,AA,CC,TT,GT,CT,TT,CC,TT,TT,GG,AA,CT,CC,AA,CC,GG,GG,GG,CC,GG,AC,TT,CC,AC,TT,AA,GG,TT,TT,CC,NN,GT,AA,AG,GG,CC,TT,AA,AA,GT,NN,AA,TT,AT,AG,TT,AT,CC,GG,TT,GT,AG,GG,CC,AA,GG,AC,AT,GG,TT,TT,GG,NN,GG,CC,NN,GG,AA,AA,CC,TT,CC,TT,CC,TT,TT,GG,CT,CC,GT,CC,CT,CC,AG,AA,TT,TT,CG,AG,GG,AA,CC,GG,TT,CC,TT,AA,NN,TT,CC,AG,CC,GG,CT,GG,CT,AG,CC,CC,CC,CC,AA,TT,CC,AA,CC,CC,AA,TT,AG,AA,GG,CC,CC,GG,AG,AA,AA,CC,GG,CC,CG,AA,GG,AG,GT,GG,AC,TT,TT,AG,CC,GT,TT,TT,CG,AT,GT,TT,AA,TT,GG,CC,AG,CC,CC,CC,CG,CC,AA,GG,GG,CC,TT,CC,GG,TT,CG,TT,AA,AA,TT,CC,GG,AC,AC,CC,GG,GG,AC,GG,TT,AA,AA,CC,GT,AT,AC,AA,AA,GG,TT,AT,AT,CG,GT,AT,CG,TT,TT,AA,GG,AA,TT,AC,TT,CC,TT,AC,CC,TT,CG,AA,CC,GG,AC,TT,CT,GT,GG,TT,AA,CC,AA,GG,CC,CG,GG,CC,GG,AT,AA,CC,TT,GG,CC,CC,AA,AG,CC,AA,CC,AA,AA,CC,CC,AC,TT,NN,GG,AA,AA,AC,AA,AG,AG,AG,AA,TT,GG,AA,AA,AC,AA,TT,AG,AG,GG,GG,GG,TT,AT,AA,GT,TT,TT,AA,AA,GG,GG,AC,4.41,Resistant,Low,Premium,Medium
L0659,Coimbatore,Tamil Nadu,Kharif,Red Loamy,Rainfed,650,29.5,68,AC,TT,GG,AG,GG,CC,GG,AT,CC,CC,AA,CT,CC,AT,GT,GG,GG,TT,TT,AA,CG,TT,GT,CC,AT,CC,TT,AT,GG,AA,CT,CC,AA,AC,GG,CG,GG,CC,GG,CC,TT,CT,AA,TT,AA,AG,TT,TT,CC,AC,TT,AA,AA,GG,CC,GT,AA,AA,GG,AC,AA,GT,AT,AG,TT,TT,CC,GG,CT,GT,AA,GG,CC,AA,GG,AC,TT,GG,GT,TT,GG,GT,GG,CC,AA,GG,AA,NN,CC,NN,AC,TT,CT,TT,TT,GG,TT,CC,TT,CC,CC,CC,AG,AA,TT,TT,CC,AA,AG,AA,TT,GG,TT,CC,TT,AA,AA,TT,CG,GG,CC,GG,CC,GG,TT,AA,CC,CC,CC,CC,AA,TT,CC,AA,CC,CC,AA,TT,AA,AA,GG,CC,CC,GG,AA,AA,AA,AC,NN,CC,CG,NN,AG,AG,TT,AG,AC,TT,CC,GG,AC,TT,TT,TT,CC,TT,NN,TT,AT,AT,GG,CC,AA,CT,CC,CC,GG,CC,AA,AG,AG,CC,TT,GG,TT,TT,GG,AT,AA,AA,TT,AC,GG,AC,CC,CC,GG,GG,AA,GG,TT,AC,AA,CC,GT,AA,AC,AA,AA,GG,TT,AT,AT,GG,GT,AT,CG,TT,TT,AA,GG,AA,TT,AA,TT,CC,TT,AA,CC,CT,CG,AA,CC,AG,CC,TT,TT,TT,GG,TT,AA,CC,AA,GG,CC,CC,GG,CC,GG,AT,AA,CC,GT,GG,CC,CC,AA,GG,CG,TT,CC,AA,AA,CC,CC,CC,TT,AA,NN,AA,AA,AA,AA,AG,AG,AA,AA,TT,GG,AA,AG,AC,AA,TT,AA,AA,GG,GG,GG,TT,AA,AA,TT,TT,TT,AG,AT,GG,CG,AA,5.43,Moderate,Medium,Poor,Early
L0660,Coimbatore,Tamil Nadu,Kharif,Red Loamy,Rainfed,650,29.5,68,AC,TT,AG,NN,GG,CC,GG,AT,CC,CG,AA,CT,GG,TT,TT,GG,GG,AT,TT,AA,CG,GT,GG,CC,TT,CC,TT,TT,GG,AC,TT,CC,AG,CC,GG,CG,GG,CG,GG,CC,TT,TT,AA,GT,AA,GG,TT,TT,CG,AC,GG,AT,AA,GG,CT,TT,AA,AA,TT,AA,AA,TT,TT,AA,TT,TT,CC,GG,TT,GT,AG,GG,CC,AA,AG,AA,AT,GG,TT,TT,GG,GG,GG,CC,AA,GG,AA,AA,CC,GT,CC,TT,CT,AT,TT,GG,TT,AC,TT,CC,CC,CC,AG,AA,TT,GT,CC,AA,AG,AA,CT,GG,TT,CC,TT,AC,AC,TT,CG,AA,CG,AA,CC,GT,TT,AA,CT,CC,CC,NN,AA,TT,AA,AA,CC,CC,AA,TT,AA,AA,GG,CC,CC,GG,AA,AA,AA,AC,GT,CC,CC,AA,AG,GG,TT,AG,AA,TT,CT,GG,CC,GG,TT,TT,CC,AT,TT,TT,AA,TT,GG,CC,AA,CC,CC,CC,CG,CC,AA,GG,AG,CC,TT,CC,GG,TT,GG,TT,AA,AA,GT,CC,GG,AA,AC,CC,GG,AG,AA,CG,NN,AA,AG,CC,GG,AT,CC,AA,AT,GT,TT,TT,AT,GG,GG,AA,CC,AT,TT,AA,GG,AA,TT,AA,TT,CC,CT,AA,CC,TT,GG,AG,CC,AG,CC,NN,TT,TT,GG,TT,AA,CC,AA,GG,CC,CC,GG,CC,GG,TT,AA,CC,TT,GG,CC,CG,AT,GG,CC,AA,NN,AT,AA,CC,CC,AA,TT,AA,CC,AA,AC,AC,AC,AA,NN,AA,AA,TT,GG,AA,GG,AC,AA,TT,AA,AG,GG,GG,GG,TT,AA,AA,TT,TT,TT,GG,TT,GG,GG,AA,5.75,Susceptible,Medium,Premium,Early
L0661,Coimbatore,Tamil Nadu,Kharif,Red Loamy,Rainfed,650,29.5,68,AC,TT,GG,GG,GG,CC,GT,TT,CC,CC,AA,CC,CG,TT,TT,TT,GG,TT,TT,AA,CC,TT,TT,TT,TT,CC,NN,TT,GG,AA,CT,CT,AA,CC,GG,GG,GG,CG,GG,CC,TT,TT,AA,GT,AA,GG,TT,TT,CC,CC,GG,AA,AA,GG,CC,NN,AA,AA,GT,AA,AA,GT,TT,AA,TT,AT,CC,GG,TT,GT,AA,GG,CC,AA,NN,CC,AT,GG,TT,TT,GG,GG,GG,CC,AT,GG,AA,AA,CC,GT,CC,GT,CT,AA,TT,GG,TT,CC,GT,CC,CC,GG,AA,AA,TT,TT,CG,AA,AG,AA,NN,GG,TT,GG,TT,AA,AA,TT,CC,AG,CC,NN,CT,GG,TT,AA,CC,CC,CC,CC,AA,TT,AC,AA,CC,CC,AA,TT,AG,AA,GG,CC,CC,GG,AA,AG,AT,CC,GG,CC,CC,AA,GG,AG,GT,GG,AC,TT,CT,AG,AA,TT,NN,TT,CC,AT,TT,TT,AA,AT,GG,CC,AG,CC,CC,CC,GG,CC,AA,GG,GG,CC,TT,CC,GG,TT,GG,TT,AA,AA,TT,CC,CG,AA,CC,CC,GG,GG,AC,GG,TT,AC,AA,CC,GG,AA,AC,AA,AT,GG,TT,TT,AT,CG,GG,AT,CG,TT,GT,AA,GG,AA,TT,AA,TT,CG,CT,AA,CC,CC,GG,AA,CG,GG,CC,AT,TT,GT,GG,TT,AC,AC,AA,GG,CC,CG,GG,CC,GG,AT,AA,CC,TT,GG,CG,CC,AA,AG,CC,AT,CC,AT,AA,CC,CC,AC,TT,AG,GG,NN,AA,AA,AA,AG,AA,AG,AA,AT,GG,AA,AA,CC,AA,CT,AA,AA,GG,AA,GG,NN,AT,AA,TT,TT,TT,AA,TT,GG,CG,AA,3.18,Susceptible,Low,Poor,Medium
L0662,Coimbatore,Tamil Nadu,Kharif,Red Loamy,Rainfed,650,29.5,68,AC,TT,AG,AG,GG,CC,GT,AA,CC,CG,AT,CC,CC,TT,GT,GG,GG,TT,TT,AG,CC,GT,GG,CC,TT,CC,TT,AT,GG,AA,TT,TT,AA,CC,GG,GG,NN,CC,GG,CC,TT,TT,AA,GT,AA,GG,TT,TT,CC,AA,GG,AA,AA,GG,CC,GT,AA,AC,GG,AA,AA,TT,AT,GG,TT,AT,CC,GG,CT,GG,AA,GT,CC,AG,GG,AA,AA,GG,TT,TT,AG,GG,GG,CC,AA,GG,AA,AA,CC,GT,CC,TT,CC,TT,GT,GG,TT,CC,GG,CC,CT,CG,GG,AA,TT,TT,CC,AA,AA,AC,CC,GG,TT,CC,GT,AA,AA,TT,CC,AG,CG,GG,CC,GG,TT,NN,CC,CC,AC,CC,AA,TT,AC,AA,CC,CC,AA,TT,AG,AA,GG,CC,CC,GG,AA,AG,AA,CC,GG,CC,CC,GG,AA,GG,TT,GG,AC,TT,CT,AG,AC,GT,TT,TT,CG,AA,TT,TT,AA,AA,CG,CC,AG,CT,CC,NN,CG,CC,AA,GG,AA,CC,TT,CG,GT,TT,GG,AA,AA,AA,TT,CC,GG,AA,CC,CC,GG,GG,AC,CG,CT,AA,AA,CG,GG,AT,CC,AA,AA,GG,GT,AT,AA,GG,TT,TT,CG,AT,TT,AA,GG,AG,CT,AA,TT,CC,CT,AA,CC,TT,CG,AA,CC,AG,CC,TT,TT,TT,GG,TT,AA,AA,AA,GG,CC,CC,GG,CC,GG,TT,AA,CG,TT,GG,CC,CC,AA,AG,CC,AA,CC,AA,AA,AC,CC,CC,TT,AA,GG,AA,AA,AA,AA,GG,GG,AG,AA,TT,GG,AA,AA,AC,AC,CT,AA,AA,GG,GG,GG,TT,AA,AA,TT,TT,TT,AG,TT,GG,GG,AA,2.13,Moderate,Low,Standard,Early
L0663,Coimbatore,Tamil Nadu,Kharif,Red Loamy,Rainfed,650,29.5,68,AC,TT,GG,AG,CG,CC,GG,TT,CC,GG,AA,CC,GG,TT,TT,GG,GG,TT,NN,AA,CC,TT,GT,CC,TT,CC,TT,TT,GG,AA,TT,CT,AG,CC,GG,GG,GG,GG,GG,CC,TT,CT,AC,TT,AA,GG,TT,TT,CC,AC,GG,AA,AA,GG,CC,TT,AA,CC,GG,AA,AA,GT,AT,AA,NN,AT,CT,GG,CT,GG,AA,GG,CC,AA,GG,AA,AA,GG,TT,TT,AG,GG,GG,CC,AA,GG,AA,AA,CC,GG,AA,TT,CT,TT,TT,GG,TT,CC,TT,CT,CT,CC,AG,AA,TT,TT,CC,AA,AG,AA,CC,GG,TT,CC,GT,AC,AC,TT,CG,GG,CC,GG,CC,GG,CT,AA,CC,CC,CC,CC,AA,TT,CC,AA,CC,CC,AA,AT,AG,AA,GG,CC,CC,GG,AA,AA,AA,CC,GG,CG,CC,AA,AG,GG,TT,GG,AC,TT,TT,GG,CC,TT,TT,TT,CG,AT,TT,TT,AA,TT,GG,CC,AA,CC,AC,CC,CC,CC,AA,GG,AG,AC,TT,CC,GT,GT,GG,TT,AG,NN,TT,CC,GG,AA,CC,CC,GG,GG,AA,GG,TT,AC,AA,CC,GG,AT,CC,NN,TT,GG,TT,TT,AA,GG,GG,AT,CC,AA,TT,AA,GG,AA,CT,AA,TT,CC,CT,AC,CC,CT,GG,GG,CC,GG,AC,TT,TT,TT,GG,TT,AA,AC,AA,GG,CC,CC,GG,CC,GG,AT,AG,CC,TT,GG,CC,CG,AA,GG,CC,AA,CC,AA,AA,CC,CG,AC,AT,AA,GG,AA,AA,AC,AA,AG,AA,AA,AA,AT,CG,AA,AA,AC,AA,CT,AA,AA,CG,GG,CG,TT,AT,AA,TT,TT,TT,AG,AT,GG,NN,AA,6.5,Susceptible,Low,Premium,Early
L0664,Coimbatore,Tamil Nadu,Kharif,Red Loamy,Rainfed,650,29.5,68,CC,TT,GG,AA,GG,CC,GT,TT,CC,CC,AT,CC,CC,AT,TT,GG,GG,TT,TT,AA,CC,TT,GG,CC,TT,CC,TT,TT,GG,AA,NN,CC,AA,CC,GG,GG,GG,CC,GT,CC,TT,CT,AA,GT,AA,AG,TT,TT,CC,CC,GT,AA,AA,GG,CT,TT,AA,AA,TT,AA,AA,TT,AA,AA,TT,TT,CC,GG,TT,GT,AA,GG,CC,AG,AG,AC,AA,GG,TT,NN,GG,GG,GT,CC,TT,GG,AA,AA,CC,TT,CC,TT,CT,TT,TT,GG,TT,AC,TT,CC,CC,CC,AA,AA,AT,TT,CG,NN,AG,AA,TT,GG,TT,CC,TT,AA,AA,AT,CG,GG,CG,GG,CC,GG,TT,AA,CC,CC,AC,CC,AA,TT,CC,AA,CC,CC,AA,TT,AA,NN,CG,CC,CC,AG,AA,AA,AA,CC,GG,CC,CC,AA,AG,GG,TT,GG,AA,TT,TT,GG,CC,TT,TT,TT,CC,AT,TT,TT,AT,TT,CG,CG,AA,CT,CC,CC,CG,AC,AA,GG,AA,CC,TT,CG,GT,GT,CG,AT,AA,AA,TT,CC,GG,AA,CC,CC,GG,GG,AA,GG,TT,AA,AG,CG,NN,AA,CC,AA,AT,GG,TT,AT,AT,GG,GT,TT,CC,TT,TT,AA,GG,AA,TT,AA,TT,CC,TT,CC,CC,TT,CG,AG,CC,AG,CC,TT,TT,GT,GG,TT,AC,AC,AA,GT,CG,CC,GG,CC,GG,AT,AG,CG,TT,GG,CC,CC,AA,GG,CG,AA,CC,AA,AA,CC,CG,AC,TT,NN,GG,AA,AA,AC,AA,AG,AA,AG,AA,TT,GG,AA,AA,AC,AA,CT,AA,AG,GG,GG,GG,TT,AA,AA,TT,TT,TT,AG,TT,GG,GG,AA,1.63,Moderate,Medium,Poor,Early
L0665,Coimbatore,Tamil Nadu,Kharif,Red Loamy,Rainfed,650,29.5,68,AA,TT,AG,AG,GG,CC,NN,TT,CC,CC,TT,CC,CC,TT,GT,GT,GG,TT,TT,AA,CC,TT,TT,CC,TT,CC,GT,AT,GT,AA,TT,CC,AA,CC,GG,GG,GG,GG,GG,CC,NN,TT,AA,TT,AG,AA,TT,TT,CC,AA,GG,AA,AA,GG,CC,TT,AA,AC,TT,AC,AG,TT,AT,AG,CT,TT,CC,GG,TT,GT,GG,GG,CC,AA,GG,AC,AT,GG,TT,TT,GG,GT,GG,CC,AA,NN,AA,AT,CC,GT,CC,TT,CT,TT,TT,GG,TT,CC,TT,CC,CC,CC,GG,AA,TT,TT,CG,AA,GG,AA,CC,GT,TT,CC,TT,AA,AA,TT,CC,GG,CC,GG,CC,GG,TT,AA,CC,CC,AC,CC,AA,TT,AC,AA,CC,CC,AA,TT,AA,AT,GG,CT,CC,GG,AA,AG,AT,CC,GT,CC,CC,AG,AG,GG,TT,GG,AC,TT,TT,GG,AC,GT,GT,TT,CC,AT,TT,TT,AA,TT,GG,CC,AA,CT,AC,CC,GG,CC,AA,GG,AA,CC,TT,CC,GG,GT,GG,AA,AA,AA,TT,CC,GG,AC,CC,CC,GG,GG,AA,GG,TT,AA,AA,CC,GG,AA,CC,AA,AT,GG,TT,TT,AT,CG,GG,AT,GG,TT,TT,AA,GG,AA,CT,AA,TT,CC,TT,AA,CC,TT,CG,GG,CC,AG,AA,TT,TT,GT,GG,AT,AA,AC,NN,GG,CC,CC,GG,CC,GG,TT,AG,CC,TT,GG,CC,CC,AA,GG,CG,AA,CC,AT,AA,AC,CC,CC,AT,AA,GG,AA,AC,AA,AA,AG,AG,AA,AA,TT,GG,AA,GG,AC,AA,CT,AA,AA,GG,GG,GG,GT,AA,AG,TT,TT,TT,AG,TT,GG,GG,AA,1.53,Moderate,Medium,Poor,Early
L0666,Coimbatore,Tamil Nadu,Kharif,Red Loamy,Rainfed,650,29.5,68,AC,TT,GG,AG,GG,CC,GG,TT,CC,CG,AA,CC,CC,AT,NN,GT,CG,TT,TT,AA,CC,TT,GT,CC,TT,CC,TT,TT,GG,AA,CT,CC,AA,CC,GG,GG,GG,CC,GG,CC,TT,CT,AA,GG,AG,GG,CC,AT,CC,AC,GT,AA,AA,GG,CT,GG,AA,AA,GT,AC,AG,TT,TT,AA,TT,AT,CC,GT,TT,GG,AA,GG,CC,AA,GG,AC,AA,GG,TT,TT,GG,GT,GG,CC,AT,GG,AA,AT,CC,TT,AC,TT,CC,TT,TT,GG,CT,CC,GT,TT,CT,CC,AG,AA,TT,TT,CC,AA,AA,AA,CT,GG,TT,CC,TT,AA,AA,TT,CC,GG,CC,GG,CT,GG,TT,AG,CC,CC,AA,CC,AA,TT,CC,AA,CC,CT,AA,TT,AA,AT,GG,CC,CC,GG,AA,AA,AA,CC,GG,CC,CG,AG,AA,AG,TT,AG,CC,GT,CT,GG,CC,TT,TT,TT,CG,AA,TT,TT,AT,TT,GG,CC,AG,CT,CC,CC,GG,CC,AA,GG,AA,CC,TT,CG,GT,TT,GG,TT,AA,AA,GG,AA,GG,AA,CC,CC,GG,GG,AA,GG,TT,AA,AA,CC,GG,AA,AC,AA,TT,GT,TT,AA,AT,CG,GT,TT,CC,TT,GT,AA,GG,AA,CT,AA,AT,CG,CC,CC,CC,TT,GG,AA,CG,AA,CC,TT,CT,GT,GG,TT,AA,CC,AG,GG,CC,CC,GG,CC,GG,AT,AA,CC,TT,GG,CC,CC,AA,GG,CC,AT,CC,AT,AA,AC,CC,CC,TT,AA,GG,AA,AA,AC,AA,AG,AG,AG,AA,TT,GG,AA,AA,AC,AA,TT,AA,AA,GG,GG,GG,TT,AT,AA,TT,TT,TT,AA,AT,GG,CG,AA,8.69,Moderate,High,Standard,Late
L0667,Coimbatore,Tamil Nadu,Kharif,Red Loamy,Rainfed,650,29.5,68,AA,TT,GG,AA,NN,CC,GT,TT,CC,CG,AA,CC,CC,TT,TT,GG,CG,AT,TT,AG,CG,GG,GT,CC,TT,CC,TT,TT,GG,AA,TT,CC,AA,CC,AG,CG,GG,CC,GG,NN,TT,CC,AC,TT,AA,GG,TT,TT,CC,AA,GT,AA,AA,GG,CC,GT,NN,AC,GT,AA,AA,TT,TT,NN,TT,AT,CC,GG,TT,GT,AA,GG,CC,AG,AG,AC,TT,GG,TT,TT,GG,GT,GT,CC,AT,GG,AA,AT,CC,TT,CC,TT,CT,TT,TT,AG,TT,CC,NN,CC,CC,CC,GG,AA,AT,TT,CC,AA,AA,CC,NN,GG,TT,CC,TT,AA,AA,TT,CC,AG,CC,GG,CC,GT,TT,AG,CC,CC,CC,CC,NN,TT,CC,AA,CC,CC,AA,TT,AA,AA,GG,CT,CG,GG,AA,AG,AA,CC,GG,CC,CC,AG,AA,GG,TT,GG,AA,TT,CT,AA,AC,TT,TT,TT,CG,AA,GT,TT,AA,TT,GG,CC,AA,TT,CC,CC,CG,CC,NN,GG,AG,CC,TT,CG,GT,TT,GG,AA,AA,AA,GT,CC,GG,AA,CC,CC,GG,GG,AC,GG,TT,AC,AA,CG,GT,AT,AC,AA,AT,GT,TT,AT,AA,CG,GG,AA,CC,TT,TT,AA,GG,AA,TT,AA,TT,CC,TT,AA,CC,TT,CG,AG,CC,AG,AC,TT,CT,GT,GG,TT,AA,CC,AA,GG,CC,CC,GG,CC,GG,AT,AG,CC,GG,GG,CC,CC,AA,GG,CC,AA,CC,AA,AA,AC,CC,AC,TT,AA,GG,AA,AA,AA,AA,AG,GG,AA,AA,AT,GG,AA,AA,AC,AA,CT,AA,AA,GG,GG,GG,TT,AA,AA,GT,TT,TT,AG,AT,GG,GG,AA,2.48,Susceptible,High,Premium,Late
L0668,Coimbatore,Tamil Nadu,Kharif,Red Loamy,Rainfed,650,29.5,68,AC,TT,GG,AA,GG,CG,GG,TT,CC,GG,AA,CC,GG,AT,GT,GG,NN,TT,TT,AA,CC,GT,NN,CC,TT,CT,TT,TT,GG,AA,TT,CC,AA,CC,NN,CG,NN,CG,GG,CC,NN,NN,AA,TT,AA,GG,CT,TT,CC,AC,GT,AA,AA,GG,CT,TT,AT,AA,GT,AA,AG,TT,TT,AA,CT,TT,CC,GG,TT,GT,NN,GG,CC,AA,GG,AC,AA,GG,TT,TT,GG,GG,GG,CC,AA,GG,AA,AT,CC,TT,CC,TT,CC,AT,TT,GG,CT,CC,TT,CC,CC,CC,AG,AA,AT,TT,CC,AG,AA,AA,CC,GG,TT,GG,TT,AA,AA,TT,CG,AG,CC,GG,CT,TT,TT,AA,CC,CC,CC,CC,AA,TT,CC,AA,CC,CC,AA,AT,AG,AA,CG,CC,CC,GG,AA,AA,AA,CC,GT,CC,CC,AG,AG,GG,TT,GG,AA,TT,TT,GG,CC,GT,GT,TT,CG,AA,TT,TT,AA,TT,GG,CC,AG,CC,CC,CC,GG,CC,AA,GG,GG,CC,TT,CC,GG,TT,GG,AT,AA,AG,GT,CC,GG,AA,AC,CC,GG,GG,CC,GG,TT,AA,AA,CC,GG,AA,CC,AA,AA,GG,GT,TT,NN,CG,GT,AA,CG,TT,TT,AA,GG,AA,TT,AA,NN,CC,TT,AA,CC,CT,CC,AG,CC,AA,CC,TT,CT,TT,GG,TT,AA,CC,NN,GT,CC,CG,GG,CC,GG,TT,GG,CC,TT,GG,CC,CG,AA,GG,CG,AA,CG,AA,AA,CC,CC,CC,TT,AA,GG,AA,AC,AA,AA,AG,AG,AA,AA,TT,GG,AA,AG,CC,AA,CT,AA,AA,GG,GG,GG,TT,TT,NN,GT,NN,TT,AA,TT,GG,GG,AA,2.73,Resistant,Medium,Premium,Medium
L0669,Coimbatore,Tamil Nadu,Kharif,Red Loamy,Rainfed,650,29.5,68,CC,TT,AA,GG,GG,CC,GG,TT,CC,CC,AA,TT,CG,AT,TT,GG,CG,TT,TT,AA,CG,GT,TT,CC,TT,CC,TT,AT,GG,AA,CT,CC,AA,CC,GG,GG,GG,CC,GG,CC,TT,CT,AA,GT,AA,AG,TT,AT,CC,AC,GG,AA,AA,GG,CC,GT,AA,AA,GT,AA,AG,TT,TT,AG,TT,TT,CC,GG,TT,GG,AA,GT,CC,NN,AG,CC,AT,GG,TT,TT,GG,GG,GG,CC,AA,GG,AA,AA,GG,TT,CC,GT,CT,TT,GT,GG,TT,CC,TT,CC,CT,CC,AA,AA,AT,TT,CC,AG,AG,AA,CT,GG,TT,CC,TT,AC,AA,TT,CC,AG,CC,GG,CC,GG,NN,AA,CT,CC,CC,CC,AA,TT,CC,AA,CC,CC,AA,TT,AA,AA,GG,CT,CC,AG,AG,AA,AA,CC,GG,CC,CC,AA,AA,GG,TT,GG,AC,GT,TT,GG,AC,TT,TT,TT,CG,AA,TT,TT,TT,TT,CC,CC,AG,CT,CC,CC,CG,CC,AA,GG,AA,AC,TT,CC,GT,GG,GG,TT,AA,AG,TT,CC,GG,AA,CC,CC,GG,GG,AC,GG,TT,AA,AA,CC,GG,AA,AC,AT,AA,GG,TT,NN,AA,GG,GT,AT,CC,TT,TT,AA,GG,AA,CT,AC,TT,CC,CT,AC,CC,CT,CC,AG,CC,AG,CC,TT,CT,GT,GG,TT,AA,AC,AA,GG,CC,CC,GG,CC,GG,AT,AG,GG,NN,GG,CC,CC,AA,AG,CG,AA,CC,AA,AA,CC,CC,AA,TT,AA,GG,AA,AA,CC,AA,GG,NN,NN,NN,TT,CG,AA,AA,CC,AA,TT,AA,AG,GG,GG,GG,TT,AT,AA,TT,TT,TT,AA,TT,GG,GG,AC,3.34,Resistant,High,Poor,Early
L0670,Coimbatore,Tamil Nadu,Kharif,Red Loamy,Rainfed,650,29.5,68,AC,TT,AG,GG,CG,CC,GG,AT,CC,CG,AT,CC,CC,AT,TT,GT,GG,TT,TT,AA,CC,GT,GT,CC,TT,CC,GT,TT,GG,AA,TT,CC,AA,CC,GG,CG,GG,CG,GG,CC,TT,CT,AC,GT,AA,AG,TT,TT,CC,CC,GG,AA,AA,GG,CC,GT,AA,AC,GG,NN,AG,TT,AT,AG,CT,AT,CC,GG,TT,GT,AG,GG,CC,AA,GG,AC,TT,AG,TT,TT,GG,GG,GG,CC,AA,GG,AA,AA,CC,TT,AC,TT,CT,TT,TT,AG,TT,CC,TT,CC,CC,CC,GG,AG,TT,TT,CC,AA,GG,AA,CT,GG,NN,CC,TT,AA,AC,TT,CG,GG,CG,GG,CC,GG,CC,AA,CC,CC,CC,CG,AA,TT,CC,AA,CC,CC,AA,AT,AA,AA,GG,TT,CC,GG,AA,AA,AA,CC,GG,CC,CG,AG,AA,AG,TT,GG,CC,GT,TT,GG,AC,GT,TT,TT,NN,AA,TT,TT,AA,TT,CG,CC,AA,CC,CC,AC,GG,CC,AA,GG,AA,AC,TT,CC,GT,GT,GG,TT,AA,AG,GT,CC,GG,AA,CC,CC,GG,GG,AC,GG,TT,AC,AA,CC,GG,AA,AC,AA,AA,GG,TT,TT,AA,GG,TT,AA,CC,AT,GT,AA,GG,AG,TT,AA,TT,CC,CT,AC,CC,TT,CG,GG,CG,GG,CC,TT,CT,TT,GG,AT,AA,CC,AG,GG,CC,CG,GG,CC,GG,NN,AG,CC,TT,AG,CG,CG,AA,AG,CC,AA,CC,AA,AA,CC,CC,AC,TT,AA,GG,AA,AC,AC,AC,AG,AG,AA,AA,TT,CG,AA,AA,AC,AA,CT,AG,AA,CG,GG,GG,GT,AA,AA,TT,TT,TT,AG,AT,GG,GG,NN,3.77,Susceptible,Low,Poor,Medium
L0671,Coimbatore,Tamil Nadu,Kharif,Red Loamy,Rainfed,650,29.5,68,AC,TT,GG,GG,GG,CC,TT,TT,CC,GG,NN,CC,CG,AT,TT,GG,GG,TT,TT,AG,CC,GT,TT,CC,TT,CC,TT,TT,GG,AA,TT,CC,AG,CC,GG,CG,GG,CG,GG,CC,TT,TT,AC,TT,AA,GG,TT,TT,CC,AC,GG,AT,AA,GG,CC,GT,AA,AA,GG,AA,AG,TT,TT,AA,TT,AT,CC,GG,TT,GT,AG,GG,CC,AA,GG,AC,AA,GG,TT,TT,GG,GG,GG,CC,AA,AG,AA,AA,CC,GT,CC,TT,CT,TT,TT,GG,CC,AC,TT,CC,CC,CC,GG,AG,TT,TT,CC,AA,AG,AA,CT,GG,TT,CC,TT,AA,AA,TT,CG,GG,CC,AG,CC,GT,CT,AA,CC,CC,CC,CC,AA,TT,CC,AA,CC,CC,AA,TT,AA,AA,GG,CT,CC,GG,AA,AG,AA,CC,GT,CC,CC,AA,NN,AG,TT,GG,AA,TT,CT,GG,AC,TT,TT,TT,CC,AA,TT,TT,AT,TT,GG,CG,AA,CC,CC,CC,CG,CC,AA,GG,AA,CC,TT,CG,GG,GT,GG,AT,AA,AA,GT,CC,CG,AA,AC,CC,GG,GG,AC,GG,TT,AC,AA,CC,GG,AA,CC,NN,AT,GT,TT,TT,AA,GG,GT,AT,CG,AA,GT,AA,AG,AA,CT,AA,TT,CC,CC,AC,CC,TT,GG,AA,CG,GG,CC,TT,TT,TT,GG,NN,AA,AC,AA,GG,CC,CG,GG,CC,GG,TT,AA,CG,TT,GG,CC,CC,AT,AG,CC,AA,CG,TT,AA,AC,CC,CC,TT,AA,GG,AA,AA,AC,AA,AG,AA,AA,AA,TT,GG,AC,GG,CC,AC,TT,AA,AA,GG,GG,NN,TT,AA,AA,GT,TT,TT,AA,TT,GG,CG,AC,6.67,Resistant,Low,Standard,Medium
L0672,Coimbatore,Tamil Nadu,Kharif,Red Loamy,Rainfed,650,29.5,68,AA,TT,GG,AG,GG,CC,GG,AT,CC,CC,AT,CC,CG,AT,TT,GT,CC,TT,TT,AA,CC,GG,TT,CT,TT,CC,TT,TT,GG,AA,TT,CC,AA,CC,GG,CG,GG,CC,GG,CC,TT,CT,AA,TT,AG,GG,TT,AT,CC,AC,GG,AA,AA,GG,CC,TT,AA,AA,GT,NN,AA,TT,TT,AG,TT,TT,CC,GG,TT,GG,AG,GG,CC,NN,GG,AA,AA,AG,TT,TT,GG,GT,GG,CC,AA,GG,AA,AT,CC,GT,CC,TT,CC,TT,NN,GG,TT,AC,TT,CC,CT,CC,GG,AG,AT,TT,CC,AA,GG,AA,CT,GG,TT,CG,GG,CC,AA,TT,CC,AG,CG,GG,CC,GT,CT,AA,CC,CC,CC,CC,AA,TT,CC,AA,CC,CC,AA,TT,AG,TT,GG,CC,CC,GG,AA,AG,AA,AC,GG,CC,CC,AA,AA,GG,GT,GG,AC,TT,TT,GG,AC,TT,GT,CT,GG,TT,NN,TT,AA,TT,GG,CC,AG,TT,AC,CC,GG,CC,AA,GG,AG,CC,TT,CC,GT,GT,CC,TT,AA,AA,TT,AC,NN,AC,AC,CC,GG,GG,AC,GG,CT,AA,AA,CC,GG,AA,AC,AA,AT,GG,TT,AT,AT,CG,GG,AT,CC,TT,GT,AA,GG,AA,TT,AC,TT,CC,TT,AA,CC,TT,CG,AA,CG,AG,CC,TT,CT,GG,GG,TT,AA,AC,AA,GG,CC,CC,GG,CC,GG,AT,AG,CC,TT,GG,CC,CC,AA,GG,CG,AT,CC,AA,AA,NN,CG,AC,TT,AA,GG,AA,AA,AA,AA,AA,AA,AA,AA,AT,GG,AA,AA,AC,AC,CT,AA,GG,GG,GG,GG,TT,AA,AA,GT,TT,AT,AA,AT,GG,GG,AA,4.21,Moderate,Medium,Standard,Late
L0673,Coimbatore,Tamil Nadu,Kharif,Red Loamy,Rainfed,650,29.5,68,AA,TT,GG,AG,GG,CC,GT,NN,CC,CG,AA,CC,CG,TT,TT,NN,GG,TT,TT,AA,CC,TT,GT,CT,TT,CC,GT,TT,GG,AA,TT,CT,AA,CC,GG,GG,GG,CC,GG,CC,TT,TT,AA,TT,AA,AA,TT,TT,CC,AC,GG,AA,AG,GG,CC,GT,AA,CC,GT,AA,AA,TT,TT,AA,TT,TT,CC,GG,TT,GG,AA,GT,CC,AA,GG,AC,AA,GG,TT,TT,GG,GG,GG,CC,AA,GG,AA,AT,CC,GG,AC,TT,CT,TT,GT,GG,TT,CC,GT,CC,CC,CG,NN,NN,TT,TT,CC,AA,GG,AA,CC,GG,TT,CC,TT,AA,AC,TT,CC,AA,CC,AG,CC,GG,TT,AA,CC,CC,CC,CC,AA,TT,AC,AA,CC,CT,AA,TT,AA,AA,CG,CT,CC,GG,AA,AA,AA,CC,GG,CC,CC,AA,AA,GG,GT,GG,AA,GT,TT,NN,AC,TT,TT,TT,CC,AA,TT,TT,AA,AT,GG,CC,AA,CT,CC,AC,GG,NN,AT,GG,AG,CC,TT,CC,GT,TT,GG,AT,AA,AA,TT,CC,CG,AC,CC,CC,GG,AG,AC,GG,TT,AA,AA,CC,NN,TT,CC,AA,AA,GG,TT,NN,AA,GG,GG,AA,CG,AT,GT,NN,GG,AA,TT,AA,TT,CC,TT,AA,CC,CT,GG,AG,CC,AG,CC,AT,CT,TT,GG,TT,AC,CC,AG,GG,CC,CG,GG,CC,GG,AA,AG,CC,GG,GG,CC,CG,NN,GG,CC,AT,CC,AT,AA,AC,CC,CC,TT,AA,GG,AA,AA,AC,AA,AG,AA,AA,AA,AT,CG,AA,AA,NN,AA,TT,AA,AA,GG,AG,GG,TT,AA,AA,TT,TT,TT,AA,TT,GG,GG,AA,2.98,Susceptible,Medium,Poor,Early
L0674,Coimbatore,Tamil Nadu,Kharif,Red Loamy,Rainfed,650,29.5,68,AA,TT,GG,AG,GG,CG,GG,AT,CC,CG,AA,CC,GG,TT,TT,GG,GG,TT,AT,AA,CC,GT,GG,CC,TT,CC,TT,TT,GT,AA,TT,CC,AA,CC,AG,GG,GG,CC,GG,AC,TT,TT,AC,TT,AA,GG,TT,TT,CC,CC,GG,AA,AA,CG,CT,TT,AA,AA,GT,CC,AA,TT,AA,AA,CT,TT,CC,GG,TT,GG,AG,GG,CC,AA,GG,AC,TT,AG,TT,TT,GG,GG,GG,CC,AA,GG,AA,AA,CG,GT,CC,TT,CT,AT,TT,GG,CT,AC,GT,CC,CT,CC,AG,AG,TT,TT,CC,AA,AG,AA,NN,GG,TT,CC,TT,AA,AA,TT,CC,GG,CG,GG,CC,GT,TT,AA,CC,CC,AC,NN,AA,TT,CC,AA,CC,CC,AA,AT,AA,NN,GG,CT,CC,GG,AA,AA,AA,CC,GG,CC,CG,AG,AG,GG,TT,AG,AA,TT,CC,GG,CC,GT,TT,CT,CG,AT,GT,TT,AA,TT,GG,CC,AA,CT,CC,CC,GG,CC,AA,GG,AG,CC,TT,CC,GG,GG,GG,AA,AA,AG,TT,CC,GG,AA,AC,CC,GG,GG,AA,CG,NN,AC,AG,CC,GG,AT,CC,AA,AT,GT,TT,TT,AA,GG,GT,AA,CC,TT,TT,AA,NN,AA,TT,AC,TT,CC,TT,AA,AC,TT,GG,NN,CG,AA,CC,TT,CT,GT,GG,TT,AC,AC,AG,GG,CG,CG,GG,CC,GG,AA,AA,CC,GT,GG,CC,CC,AT,AG,CC,AA,CC,AA,AA,AC,CC,CC,TT,AA,GG,AA,AA,AA,AA,AG,AG,AA,AA,TT,NN,NN,AA,CC,AA,CC,AA,AA,CG,GG,GG,TT,AA,AA,TT,TT,TT,AA,TT,GG,GG,AC,3.6,Resistant,Low,Premium,Medium
L0675,Coimbatore,Tamil Nadu,Kharif,Red Loamy,Rainfed,650,29.5,68,AC,TT,GG,AA,GG,CG,GG,AT,CG,CG,AA,CC,CG,TT,TT,GG,GG,TT,TT,GG,CG,TT,GT,CT,TT,CT,TT,TT,GG,AA,TT,CC,AA,AC,GG,GG,GG,CG,GG,CC,TT,NN,AC,NN,AA,AG,CT,TT,CC,AA,GG,AA,AG,GG,CT,TT,AA,AA,GG,AA,AA,TT,AT,AG,TT,TT,CC,GG,TT,GT,AA,GG,CC,AG,AG,AC,TT,AG,TT,TT,GG,GG,GG,CC,AT,GG,AA,AA,CC,TT,AC,TT,CC,TT,TT,GG,TT,CC,TT,CC,CT,CC,AG,AA,TT,TT,CC,AA,AG,AA,CT,GG,TT,CC,TT,AA,AA,TT,CG,AG,CC,AG,CC,GG,TT,AA,CC,CC,CC,CC,AG,GT,CC,AA,AC,CC,AA,AT,AA,AA,GG,CC,CC,GG,AA,AA,AA,CC,GT,CC,CC,AA,AG,GG,TT,GG,CC,TT,TT,GG,AC,TT,GT,TT,CC,AT,TT,TT,AT,TT,GG,CC,AG,CC,CC,CC,CG,CC,AA,GG,AG,CC,TT,CC,GG,TT,GG,AA,AA,AG,TT,CC,GG,AC,CC,CC,GG,GG,AA,CG,TT,AA,AA,NN,GG,AA,AC,AA,AA,GT,TT,TT,AT,CG,GT,AT,GG,AT,TT,AA,GG,NN,TT,AA,AT,CC,TT,AA,CC,TT,GG,AG,CC,GG,CC,TT,TT,TT,GG,TT,AA,CC,AA,GG,CC,CG,GG,CC,GG,AT,AA,CC,GT,AG,CC,CG,AA,AG,CC,AT,CC,AA,AA,AC,CC,AC,TT,AA,CG,AA,AA,AC,AC,AG,AA,AA,AA,TT,GG,CC,AA,CC,AA,TT,AA,AG,CG,GG,GG,GT,AA,AA,TT,TT,TT,AG,TT,GG,GG,AA,4.19,Moderate,Low,Poor,Early
L0676,Coimbatore,Tamil Nadu,Kharif,Red Loamy,Rainfed,650,29.5,68,AC,CT,GG,AA,CG,CC,GG,AT,CC,CC,AT,CC,CG,NN,TT,GG,CG,TT,TT,AA,CC,TT,TT,CT,TT,CC,TT,TT,GG,AA,TT,CC,AA,CC,GG,GG,GG,CC,GG,CC,TT,TT,AA,TT,AA,GG,TT,TT,CC,CC,GT,AA,AA,GG,CC,TT,AA,AA,GT,AA,AA,TT,TT,GG,TT,AT,CC,GG,TT,GG,AA,GG,AC,AA,GG,AA,AT,GG,TT,TT,GG,GT,GG,CC,AT,GG,AA,AA,CC,TT,CC,TT,CT,AA,TT,AG,CT,CC,TT,CC,CC,CG,AA,AA,TT,TT,CC,AA,AA,AA,TT,GG,TT,CG,TT,AA,AA,TT,CG,AG,CC,GG,CC,GG,TT,AG,CC,CC,CC,CC,AA,TT,CC,AA,CC,CT,AA,TT,AG,AT,GG,CC,CC,GG,AA,GG,AA,CC,GT,CC,CC,AA,AG,AG,TT,GG,AA,TT,CT,AG,AC,TT,TT,TT,CC,AT,TT,TT,AA,TT,GG,CC,AA,CC,CC,CC,GG,CC,AT,GG,AA,CC,TT,CG,GT,TT,GG,AT,AA,AG,TT,CC,GG,AA,CC,CC,CG,GG,AC,GG,TT,AA,NN,CG,GG,AA,CC,AA,AT,GG,TT,TT,AA,CC,TT,AA,CG,TT,GT,AA,GG,AA,TT,AA,TT,CC,TT,AA,CC,CT,GG,AG,CG,AG,AC,TT,TT,TT,GG,TT,AA,AA,AA,GG,CC,CC,GG,CC,GG,NN,AA,CC,TT,GG,CC,CC,AA,AG,CC,AT,CC,AT,AG,CC,CG,CC,TT,AA,GG,AA,AA,AA,AA,AG,AG,AA,AA,TT,GG,AC,NN,CC,AA,CT,AA,AA,GG,GG,GG,GT,AT,AA,TT,TT,TT,AG,TT,GG,GG,AA,6.59,Moderate,Low,Standard,Late
L0677,Coimbatore,Tamil Nadu,Kharif,Red Loamy,Rainfed,650,29.5,68,AA,TT,GG,GG,GG,CC,GG,TT,CC,CG,AA,CC,CC,TT,TT,GG,GG,TT,TT,AA,CC,TT,TT,CC,TT,CC,TT,TT,GG,AA,TT,CC,AA,CC,GG,GG,GG,CC,GG,AC,TT,CT,AA,TT,AG,AG,TT,TT,CC,AC,GG,AA,AG,GG,CC,TT,AA,AC,GT,AC,AA,TT,AT,AG,TT,TT,CC,GG,CC,GG,AA,GG,CC,AA,GG,AC,AT,GG,TT,TT,GG,GT,GG,CC,AT,NN,AA,AA,CC,GG,CC,TT,CC,AT,TT,GG,TT,CC,GT,CT,CC,CC,AA,AA,AT,GT,CC,AA,AA,AA,CC,GT,TT,CC,TT,AA,AA,TT,CC,GG,CC,GG,CT,GT,CT,AA,TT,CC,AC,CC,AA,TT,CC,AA,CC,CC,AA,TT,GG,AA,GG,CC,CC,GG,AG,AG,AA,AC,GG,CC,NN,AA,AA,GG,TT,GG,AC,TT,CT,AG,CC,GT,GT,TT,CC,AT,TT,TT,AA,TT,GG,CG,AA,TT,CC,CC,CC,CC,AA,GG,AA,CC,TT,CC,GG,TT,GG,NN,AA,AG,TT,CC,GG,AA,AC,CC,GG,GG,AC,GG,TT,NN,AA,CC,GG,AA,AC,AA,TT,GG,GT,TT,AA,GG,GT,AT,CG,AT,TT,AA,GG,AA,CT,AA,TT,CC,TT,AC,CC,CT,CC,AG,CC,AA,CC,TT,CT,GT,GG,TT,AA,CC,AA,GG,CC,CC,GG,CC,GG,AT,AA,CC,TT,GG,CC,CC,AA,AG,CC,AA,CC,AA,AA,CC,CG,CC,AT,AA,GG,AA,AA,AA,AA,GG,AG,AA,AA,AT,GG,AA,AA,CC,AA,CT,AA,AA,GG,GG,GG,TT,AT,AA,TT,TT,TT,AA,NN,GG,CG,AA,4.41,Susceptible,High,Standard,Early
L0678,Coimbatore,Tamil Nadu,Kharif,Red Loamy,Rainfed,650,29.5,68,AA,CT,GG,AA,CG,CC,GG,AT,CC,CC,AA,CC,CG,AT,GT,GT,CC,TT,TT,AG,CC,TT,TT,CC,TT,CC,TT,TT,GG,AA,TT,CT,AA,CC,GG,GG,GG,CC,GG,NN,TT,TT,AA,TT,AA,AG,TT,NN,CC,AC,GG,AA,AA,GG,CT,TT,AA,AA,TT,AA,AA,TT,AA,AG,TT,TT,CC,GG,TT,GG,AG,GG,CC,AA,AG,AA,AT,GG,GT,TT,GG,GG,GG,CC,AA,GG,AA,AA,CC,GT,CC,TT,CT,NN,GT,GG,TT,CC,GT,CC,CC,CG,AA,AA,TT,TT,CG,AG,AG,AA,CT,GT,GT,CG,TT,AC,AA,TT,CC,AG,CC,AG,CC,GT,NN,AG,CT,CG,CC,CC,AG,GT,CC,AA,CC,CC,AA,TT,AA,AA,CG,CC,CC,GG,AA,AG,AA,AC,GG,CC,CC,AA,AG,GG,GT,AG,AA,TT,CT,AG,NN,GT,TT,TT,CC,AA,GT,CT,AT,TT,CG,CC,AA,CC,CC,CC,CG,CC,AA,GG,AA,CC,TT,NN,GG,TT,GG,AA,AA,AA,TT,CC,GG,AA,CC,CG,GG,GG,CC,GG,TT,AC,AA,CC,GG,AA,CC,AA,AA,GG,TT,AT,AT,GG,GG,AA,CC,AT,GG,AA,GG,AA,CT,AA,TT,CC,TT,AA,CC,TT,CG,AA,CC,GG,CC,TT,CT,TT,GG,TT,AA,AA,AG,GG,CC,GG,GG,CC,GG,AT,AA,CC,TT,GG,CC,CC,AA,AG,CC,AT,CC,AA,AA,CC,CC,NN,TT,AA,NN,AA,AA,AC,AA,AG,AA,AA,AA,AT,GG,AA,AA,AC,AA,CT,AA,AG,GG,GG,GG,TT,AA,AG,TT,TT,TT,AG,TT,GG,CG,AA,3.44,Susceptible,Low,Standard,Late
L0679,Coimbatore,Tamil Nadu,Kharif,Red Loamy,Rainfed,650,29.5,68,AA,TT,GG,AG,GG,CC,GG,AA,CC,GG,AA,CT,CC,TT,TT,GG,GG,TT,TT,AA,CC,TT,TT,CC,AT,CC,TT,TT,GT,AA,TT,CC,AG,CC,GG,CG,GG,CC,GG,CC,TT,CT,AA,TT,AA,GG,TT,AT,CC,CC,GG,AA,AG,GG,CT,TT,AA,AC,GT,AC,AA,TT,AT,AG,CT,AT,CC,GG,CT,GG,AG,GG,CC,AA,GG,AC,AT,GG,TT,TT,GG,GG,GG,CC,AA,NN,AA,AA,CC,GG,CC,TT,CC,TT,GT,GG,CC,CC,TT,CC,CC,CG,AG,AA,TT,TT,CC,AA,GG,AA,CC,GG,GT,CC,TT,AA,AA,TT,CC,AG,CC,GG,NN,GG,CT,AG,CT,CG,CC,CC,AA,TT,AC,AA,CC,CC,AA,AT,AA,AA,GG,CT,CC,AG,AA,AA,AA,AC,GT,CC,CC,AA,AA,GG,TT,GG,AA,TT,TT,GG,AA,GT,GT,TT,CC,AA,TT,TT,AT,TT,GG,NN,AG,NN,CC,CC,GG,CC,AA,GG,AG,CC,TT,CC,GG,TT,GG,TT,AA,AA,TT,CC,GG,AA,AC,CC,GG,GG,AA,CG,TT,AA,NN,CC,GG,AA,AA,AA,AT,GT,TT,AT,AA,CC,TT,TT,CC,TT,TT,AA,GG,AA,CT,AC,TT,CG,TT,AA,CC,TT,GG,AG,CC,AG,CC,TT,TT,GG,GG,TT,AA,CC,AA,GG,CC,CC,GG,CC,GG,TT,AA,CC,TT,AG,CC,CC,AA,AG,CC,AA,CC,AT,AA,AC,CG,AC,TT,AG,GG,AA,AA,AA,AA,GG,AA,AA,AA,TT,GG,AA,AG,CC,AA,TT,AA,AA,GG,GG,CC,TT,AT,AA,TT,TT,AT,AA,AT,GG,CG,AA,4.29,Susceptible,High,Standard,Late
L0680,Coimbatore,Tamil Nadu,Kharif,Red Loamy,Rainfed,650,29.5,68,AA,TT,GG,AG,GG,CC,NN,TT,CC,CC,AA,CT,CC,AT,TT,GG,GG,TT,TT,AA,CC,TT,GT,CC,TT,CT,TT,TT,GG,AA,TT,CC,AA,CC,GG,CG,GG,CC,GG,NN,TT,CT,AA,TT,AA,GG,CT,TT,CC,AC,GG,AA,AG,GG,CC,TT,AT,AA,GG,AC,AA,TT,TT,AA,TT,AT,CC,GG,TT,GG,AG,GG,CC,AA,AG,AC,AT,GG,TT,TT,GG,GG,GG,CC,AA,GG,AA,AA,CC,TT,CC,TT,CT,TT,GT,GG,TT,CC,GT,CT,CC,CG,AG,AA,AT,TT,CG,AA,AG,AC,CT,GG,TT,CC,GT,NN,AA,TT,CC,GG,CG,AG,CC,GT,CT,AA,CC,CC,CC,CC,AA,TT,CC,AA,CC,CC,AA,TT,AA,AA,GG,CT,NN,GG,AA,AG,AA,CC,GT,CC,CC,AA,AA,GG,TT,GG,AA,GT,NN,GG,CC,TT,GT,TT,CC,AT,GT,TT,AA,TT,GG,CC,AA,CC,CC,AC,GG,CC,AA,GG,AA,CC,TT,CC,GT,TT,GG,AT,AA,AA,TT,CC,CG,AA,CC,CC,GG,GG,AA,GG,TT,AA,AA,CC,GT,AA,AC,NN,TT,GG,GT,TT,AT,GG,GG,AA,CC,AT,GT,AA,GG,AA,TT,AC,TT,CC,CT,AC,CC,CC,GG,AG,CC,AG,CC,AT,CT,TT,GG,TT,AC,CC,AA,GG,CC,CG,GG,CC,GT,TT,AA,CC,GT,GG,CC,CC,AA,GG,CC,AA,CG,AA,AA,CC,CC,AC,TT,AA,GG,AA,AA,AA,AC,AA,AA,AG,AA,TT,GG,CC,AG,CC,AA,CT,AG,AA,GG,GG,CG,GT,AA,AG,TT,TT,TT,AA,AT,GG,CG,AA,4.57,Moderate,Low,Premium,Medium
L0681,Coimbatore,Tamil Nadu,Kharif,Red Loamy,Rainfed,650,29.5,68,AA,TT,GG,AG,GG,CC,GG,TT,CC,CC,AA,CT,CC,TT,GT,GG,GG,TT,TT,AA,CC,TT,TT,CC,TT,CC,TT,NN,GG,AA,TT,CT,AA,CC,GG,GG,GG,CC,GG,CC,TT,CT,AA,TT,AG,GG,TT,AT,CC,CC,GG,AA,AA,GG,CC,TT,AT,AA,GG,AA,AA,TT,TT,AA,TT,AT,CC,GG,TT,GG,NN,GG,CC,AA,AG,CC,AA,GG,TT,TT,GG,GT,GT,CC,AA,GG,AA,AT,CC,GG,CC,TT,CC,TT,GT,GG,CT,CC,TT,CT,CC,CC,AG,AA,TT,TT,CC,AG,AG,AA,CT,GG,GT,CC,TT,AA,AA,TT,CC,GG,CC,GG,CC,GG,CT,AA,CC,CC,CC,CC,NN,TT,CC,AA,CC,CC,AG,AT,AG,AT,CG,CC,CC,GG,AA,AA,AA,CC,NN,CC,CC,AA,AG,GG,TT,GG,AC,GT,TT,AG,CC,GT,TT,CT,CC,AA,TT,CT,AT,AT,GG,NN,AG,CC,CC,CC,GG,CC,AA,GG,AG,CC,TT,CC,GG,TT,CG,AT,AA,AA,TT,CC,NN,AA,CC,CC,GG,GG,AA,GG,TT,AC,AG,CC,GG,AT,CC,AT,AA,GG,TT,TT,AA,CC,GG,AA,CG,TT,TT,AA,GG,NN,TT,AA,TT,CC,CT,AA,CC,TT,GG,AG,CG,GG,CC,AT,TT,GT,GG,AT,AA,AC,AA,GG,CC,CC,GG,CC,GG,AA,AA,CC,GT,GG,CC,CG,AA,GG,CC,AA,CC,AA,AA,CC,NN,CC,TT,AA,GG,AA,AC,AA,AA,GG,AA,AA,AA,TT,CG,AC,NN,AC,AA,CC,AA,AG,GG,GG,GG,GT,AA,AA,TT,TT,TT,AG,TT,GG,GG,AC,4.22,Resistant,Low,Standard,Early
L0682,Coimbatore,Tamil Nadu,Kharif,Red Loamy,Rainfed,650,29.5,68,AC,TT,AG,AA,GG,CC,GT,NN,CC,GG,AA,NN,CC,AT,TT,GT,CG,TT,TT,GG,CC,GT,TT,NN,TT,CC,TT,TT,GG,AC,TT,CC,AA,AC,GG,GG,GG,CC,GG,CC,TT,TT,AC,GG,AA,NN,TT,TT,CC,CC,GG,AA,AA,GG,CT,GT,TT,AA,GT,AC,AA,TT,AT,AG,TT,AT,CC,GG,TT,GT,AA,GG,NN,NN,GG,AA,AT,GG,TT,TT,GG,GG,GG,CC,AT,GG,AA,AA,CC,GT,AC,TT,CT,TT,GT,GG,TT,CC,TT,CC,CC,CC,AA,AA,TT,TT,GG,AG,AG,AA,CC,GT,TT,CG,GT,AC,AA,TT,CC,AG,CC,GG,CC,GG,TT,AA,CC,CC,CC,CC,AA,TT,AC,AA,CC,CC,GG,TT,AA,AA,GG,CC,CC,GG,AA,AG,AA,AC,GG,CC,CC,AA,AA,AG,TT,GG,CC,TT,CT,AG,CC,GT,GT,CT,CC,TT,TT,CT,AT,TT,GG,CC,GG,CT,AC,CC,CG,AC,AA,GG,AA,CC,TT,CC,GG,TT,CG,AT,NN,AA,TT,CC,CG,AA,CC,CC,GG,GG,AA,GG,TT,AA,AA,CC,GG,NN,AC,AA,AA,GT,TT,AT,AA,NN,GG,AA,CC,AT,GT,AA,GG,AA,TT,AA,TT,CC,TT,AA,CC,TT,CG,AA,CG,AG,CC,AT,TT,GT,GG,TT,AA,CC,AG,GG,CC,CG,GG,CC,GG,AT,AG,CC,TT,GG,CG,CC,AT,GG,CC,AT,CG,AT,AA,CC,GG,AC,TT,NN,GG,AA,AA,AA,AA,GG,AA,AG,AA,AA,GG,AA,AA,CC,AA,CT,AG,AG,GG,GG,CG,GT,AA,AG,GG,TT,TT,AG,TT,GG,GG,AA,3.03,Moderate,Medium,Standard,Late
L0683,Coimbatore,Tamil Nadu,Kharif,Red Loamy,Rainfed,650,29.5,68,AC,CT,GG,AG,CG,CG,GT,TT,CC,CC,AT,CT,CG,TT,TT,GT,GG,TT,TT,AA,CG,TT,GT,CT,TT,CC,TT,TT,GT,AA,TT,CC,AA,CC,AG,GG,GG,CG,GG,CC,TT,CT,AA,TT,AA,GG,TT,AT,CC,AA,GT,AA,AA,GG,CC,TT,AA,AA,GG,AA,AA,TT,TT,AG,TT,TT,CC,GG,TT,GG,AA,GG,CC,AA,AG,AA,TT,AG,GT,TT,GG,GG,GT,CC,AA,GG,AA,AA,CC,GT,CC,TT,CT,AT,TT,GG,TT,CC,GT,CC,CC,CG,GG,AA,TT,NN,CC,AA,AG,AA,CT,GG,TT,CG,GT,AA,AA,TT,CC,AG,CG,GG,CC,GG,TT,AG,CC,CC,CC,CG,AA,TT,CC,AA,CC,CC,AA,TT,AA,AA,GG,CC,CC,GG,AA,AG,AA,CC,GT,CG,CC,AG,AA,AG,TT,AG,AA,TT,TT,GG,AA,TT,TT,NN,CC,AA,GT,TT,AA,TT,GG,CC,AG,CT,CC,CC,CG,CC,AA,GG,AA,CC,TT,CC,GT,TT,GG,AA,AA,AA,TT,AC,CG,NN,AC,CC,GG,NN,AC,GG,TT,AA,AA,CC,GG,AA,AC,AT,AA,GT,TT,TT,AA,GG,GG,TT,CG,TT,TT,AA,GG,AA,CT,AA,TT,CC,CT,AA,CC,TT,GG,AA,CC,AA,CC,TT,CT,GT,GG,TT,AA,AA,AG,GG,CC,CC,GG,CC,GT,TT,AA,CC,GG,GG,CC,CG,AT,GG,CC,TT,CC,AA,AA,CC,CC,AC,TT,AA,GG,AA,NN,AC,AA,AG,AA,AA,AG,TT,GG,AA,AA,AC,AA,TT,AA,AA,CG,GG,GG,TT,AA,AA,TT,TT,TT,AA,TT,GG,GG,AC,3.08,Resistant,High,Poor,Early
L0684,Coimbatore,Tamil Nadu,Kharif,Red Loamy,Rainfed,650,29.5,68,AA,TT,AG,AA,GG,CC,GG,TT,NN,CG,AA,CT,CG,TT,TT,GG,CG,TT,TT,AA,CC,TT,TT,CC,TT,CC,TT,AT,GG,AA,TT,CC,AA,CC,GG,CG,GG,CG,GG,CC,TT,CC,AC,GT,AA,GG,TT,AT,CC,AC,GG,AA,AA,GG,CC,TT,AA,AA,TT,CC,AA,TT,TT,AG,TT,TT,CC,GG,TT,GG,AA,GG,CC,AA,AG,AA,AT,GG,TT,TT,GG,GT,GG,CC,AA,GG,AA,AA,CC,TT,CC,TT,CC,TT,TT,GG,TT,CC,GT,CC,CT,CG,AA,AA,TT,TT,CG,AA,AG,AA,CC,GG,TT,CC,TT,AA,AC,TT,CC,GG,CC,AG,CT,GG,CT,AA,CC,CC,CC,CC,AA,TT,CC,AA,CC,CT,AA,TT,AA,AA,GG,CC,CC,GG,AA,AG,AA,CC,GG,CC,CC,AA,AA,GG,TT,AG,AC,GT,TT,GG,AC,GT,TT,TT,CC,AA,TT,TT,AA,AT,GG,CC,AA,CC,CC,CC,GG,CC,AT,GG,AG,CC,TT,CC,GG,GT,GG,AT,AA,AA,TT,AA,GG,AA,CC,CC,GG,GG,AA,GG,TT,AA,AG,CC,GT,AA,CC,AA,TT,GG,TT,TT,AT,GG,GG,AA,GG,TT,TT,AA,GG,AA,TT,AA,TT,CC,CT,AC,CC,TT,NN,AG,CC,AA,CC,TT,TT,TT,GG,AT,AC,AC,AA,TT,CC,NN,GG,CC,GG,AT,AG,CG,TT,GG,CC,CC,AA,GG,CC,AT,CC,NN,AA,CC,CC,AA,TT,AA,GG,AA,NN,AA,AA,AG,AA,AG,AA,TT,GG,AA,AA,CC,AA,CT,AA,AG,GG,GG,GG,TT,AT,AA,GT,TT,TT,AG,AA,GG,GG,AA,1.79,Moderate,Low,Standard,Early
L0685,Coimbatore,Tamil Nadu,Kharif,Red Loamy,Rainfed,650,29.5,68,AC,CT,NN,AG,GG,CC,GG,TT,CC,CC,AA,CT,CC,AT,TT,GG,CG,TT,TT,AG,CC,GT,TT,CC,AT,CC,TT,TT,GT,AA,TT,CC,AA,CC,GG,GG,GG,CC,GG,CC,TT,TT,AA,GG,AA,AG,TT,TT,CC,AC,GG,AA,AA,GG,CC,GT,AA,AA,GT,AC,AA,TT,TT,AA,CC,TT,CC,GG,TT,TT,AA,GT,CC,AA,AG,AC,AA,GG,TT,TT,GG,GG,GT,CC,AT,GG,AA,AA,NN,GT,CC,TT,CT,AT,GG,GG,TT,CC,GT,CC,CC,CC,AA,AA,AT,TT,CG,AA,AG,AC,CC,GG,TT,CC,TT,AC,AA,TT,CC,GG,CG,AG,CC,GT,TT,AA,CC,CC,AC,CC,AA,GT,CC,AA,CC,CC,AA,AT,AA,AA,CG,CC,CG,NN,AA,NN,AA,AC,GG,CC,CC,AA,AG,GG,GT,GG,AA,GT,TT,GG,CC,TT,TT,TT,CC,AT,TT,TT,AT,TT,GG,CC,AA,CC,AC,CC,CG,AC,AA,GG,AA,AC,TT,CC,GT,GT,GG,AT,AA,AA,TT,CC,GG,AA,CC,CC,GG,GG,AA,GG,TT,AA,AA,CC,GG,AT,AC,AT,AA,GT,TT,AT,AA,GG,GT,AA,CC,TT,GT,NN,GG,AA,TT,AA,TT,CC,TT,AC,CC,TT,CG,AG,CC,AG,AC,TT,TT,TT,GG,TT,AA,CC,AG,GG,CC,CG,GG,CC,GG,AT,AA,CC,NN,GG,CC,CC,AA,GG,CC,AT,CG,AA,AA,CC,CC,AC,TT,AA,GG,AA,AA,AA,AA,AG,AG,AA,AA,AT,GG,AC,AA,CC,AC,CT,AA,AG,CG,GG,GG,GT,AA,AG,TT,TT,AT,AG,TT,GG,GG,AA,2.41,Moderate,Low,Premium,Medium
L0686,Coimbatore,Tamil Nadu,Kharif,Red Loamy,Rainfed,650,29.5,68,AC,TT,GG,AA,GG,CC,GG,TT,CC,CG,AA,CC,CG,TT,GG,GT,GG,TT,TT,AA,CC,GT,GT,CT,TT,CC,TT,TT,GG,AA,TT,CC,AA,CC,GG,CG,GG,CG,GG,AC,TT,TT,AA,TT,GG,AG,TT,TT,CC,CC,GG,AA,NN,GG,CT,GT,AA,AC,GT,AA,AG,GT,TT,AG,CT,NN,CC,GG,TT,GG,AA,GG,CC,AA,GG,AA,AA,AG,GT,CT,GG,GG,GT,CC,AA,GG,AA,AA,CC,GT,CC,TT,CT,TT,GT,GG,TT,CC,TT,CC,CT,CG,AG,AA,TT,TT,CC,AA,AG,AA,CT,GG,TT,CC,GT,AA,AA,TT,CC,AG,CG,GG,CC,GT,TT,AG,CC,CC,CC,CC,AA,TT,CC,AA,CC,CC,AA,TT,AA,AA,GG,CT,CC,GG,AA,GG,AA,CC,GG,CC,CC,AA,AG,AG,TT,AG,AC,TT,CT,AG,NN,GT,GT,TT,CC,TT,GT,CT,AT,TT,GG,CC,AG,CC,CC,CC,GG,CC,AA,GG,AA,CC,TT,CC,GG,TT,GG,AA,AA,AG,TT,CC,CG,AC,AC,CC,GG,GG,AC,GG,CT,AA,AA,CC,GG,AA,CC,AT,AA,GG,TT,AT,AT,GG,TT,AT,CC,TT,TT,AA,GG,AA,TT,AA,TT,CC,TT,NN,CC,CT,GG,AG,CG,AA,CC,TT,TT,TT,GG,TT,AA,CC,AA,GG,CC,CG,GG,CC,GG,AT,AA,CC,TT,GG,CC,CC,AA,GG,CG,AT,CC,TT,AA,CC,CG,AC,TT,NN,CG,AA,AA,AA,AA,GG,NN,AG,AA,TT,GG,AA,AG,CC,AA,CT,AA,AA,GG,AG,GG,GT,AA,AA,TT,TT,TT,AG,TT,GG,GG,AA,3.22,Resistant,Low,Poor,Late
L0687,Coimbatore,Tamil Nadu,Kharif,Red Loamy,Rainfed,650,29.5,68,NN,CT,GG,AG,CG,CC,GG,TT,CC,CC,AA,CC,CC,TT,TT,GG,GG,TT,TT,AA,CC,GT,TT,CC,TT,CC,GT,AT,GT,AA,TT,CT,AA,CC,GG,CG,GG,CC,GG,CC,TT,TT,AC,TT,AA,GG,CT,AT,CC,NN,GT,AT,AA,GG,CT,TT,AA,AC,GT,AA,AA,TT,TT,AG,TT,AT,CT,GG,CT,TT,AA,GG,CC,AA,GG,AA,TT,AG,TT,TT,GG,GT,GG,CC,AT,GG,AA,AA,CC,TT,CC,TT,CC,TT,TT,GG,TT,CC,TT,CC,CC,NN,AG,AA,NN,TT,CG,AA,AA,AA,CT,GG,TT,CG,TT,AC,AC,TT,CC,AG,CC,GG,CC,GT,TT,AA,CC,CC,CC,CC,AG,GT,CC,AC,CC,CT,AG,TT,AG,AA,GG,CC,CC,GG,AA,AA,AA,AC,GT,CC,CC,AA,AA,GG,TT,GG,AA,GT,CT,AG,CC,GT,TT,CT,CC,AA,GT,TT,AA,TT,GG,CC,AG,CC,CC,CC,CG,CC,AA,GG,AA,CC,TT,CG,GT,TT,GG,TT,AA,AA,TT,CC,CG,CC,CC,CC,GG,AG,AA,GG,CT,AA,AA,CC,GT,AT,CC,AA,AA,GT,TT,TT,AA,GG,GT,AA,CC,AT,TT,AA,GG,AA,CC,AA,TT,CC,CC,CC,CC,TT,GG,AA,CC,GG,CC,AT,CT,GT,GG,TT,AA,CC,AG,GG,CC,CC,GG,CC,GG,AA,AG,CG,GT,GG,CC,CG,AA,AG,CG,AA,CC,AA,AA,AC,CC,AC,TT,AG,GG,AA,AA,AA,AA,AG,AG,AA,AA,AT,CG,AC,AA,AA,AA,TT,AA,AG,GG,GG,GG,TT,AA,AA,TT,TT,TT,AA,TT,GG,CG,AA,0.86,Susceptible,Medium,Standard,Late
L0688,Coimbatore,Tamil Nadu,Kharif,Red Loamy,Rainfed,650,29.5,68,AA,CT,GG,AG,GG,CG,GG,TT,CC,CG,AA,CC,CG,AT,GT,GT,GG,TT,TT,AA,CC,TT,GT,CC,TT,CC,TT,TT,GT,AA,TT,CC,AA,CC,GG,GG,GG,CC,GG,AC,TT,CC,AA,TT,AA,GG,CT,TT,CC,CC,GG,AT,AA,GG,CT,GT,AA,AC,GG,AC,AA,TT,TT,AA,TT,AT,CC,GG,TT,GT,NN,GG,CC,AA,GG,AA,AA,GG,TT,TT,AG,GT,GG,CC,AA,AG,AA,AT,CC,GT,CC,NN,CC,TT,NN,GG,TT,CC,TT,CC,CC,CC,AA,AA,TT,TT,CG,AA,AA,AA,CT,GG,TT,CG,GT,AC,AA,AT,CC,GG,CG,GG,CT,GG,TT,AA,CC,CC,CC,CC,AA,TT,CC,AA,CC,CT,AA,TT,AA,AT,CG,CC,CC,GG,AG,AG,AA,CC,GG,CC,CC,AA,AG,GG,GT,AG,AA,GT,TT,GG,CC,GT,TT,CT,GG,AA,TT,TT,AA,AA,GG,CC,AA,CC,CC,CC,GG,AC,AA,GG,AA,CC,TT,CC,GT,TT,GG,AA,AA,AG,TT,CC,CG,AA,AC,NN,GG,GG,AA,GG,TT,AC,AA,CC,GG,AA,AC,AA,AA,GT,GT,TT,AA,GG,TT,AA,CG,AT,TT,AA,GG,AA,TT,AA,AT,CC,CT,AA,CC,TT,GG,AG,CC,AG,AC,TT,TT,TT,GG,TT,AA,AC,AG,GG,CG,CC,GG,CC,GG,AT,AA,CC,GT,GG,CC,CC,AA,GG,CC,AT,NN,AA,AA,AC,CC,CC,AT,AA,GG,AA,AA,AA,AA,NN,AA,AA,AA,TT,GG,AA,AG,CC,AC,TT,AA,AA,GG,GG,GG,TT,AA,AA,TT,TT,TT,AA,AT,GG,GG,AA,3.76,Moderate,Low,Standard,Early
L0689,Coimbatore,Tamil Nadu,Kharif,Red Loamy,Rainfed,650,29.5,68,AA,TT,GG,AA,GG,CC,GG,AT,CC,CG,AA,CC,CC,AT,TT,GT,CG,TT,TT,AA,CC,TT,GT,CC,AT,CC,TT,TT,GT,AA,TT,CC,AA,AC,GG,NN,GG,CC,GG,CC,TT,TT,AA,TT,AG,GG,TT,TT,CC,CC,GT,AA,AA,GG,CT,GT,AT,AC,GT,AA,AA,TT,TT,AA,TT,TT,CC,GG,TT,GG,AG,GT,CC,AA,GG,AC,AA,GG,TT,TT,GG,GG,GT,CC,AT,GG,AA,AA,CG,GT,AC,TT,CC,TT,GT,AG,TT,CC,TT,CC,CC,CC,AG,AA,TT,TT,CC,AA,AA,AA,CC,GG,TT,CC,GT,AA,AA,TT,CG,AG,CC,GG,CT,GG,TT,AA,CC,CC,CC,CC,AA,TT,CC,AA,AC,CC,AA,TT,AA,AT,GG,CC,CC,GG,AA,AG,AA,CC,GG,CC,CC,AA,AG,GG,GT,GG,AA,TT,CT,GG,CC,TT,TT,TT,GG,AA,TT,TT,AA,TT,GG,CC,AA,CT,CC,CC,GG,CC,AA,GG,AG,CC,NN,CC,GG,GT,GG,NN,AA,NN,TT,CC,GG,AA,AC,CG,GG,NN,AC,GG,TT,AA,AA,CC,GG,AT,AA,AA,TT,GG,GT,AT,AA,CG,GT,NN,CC,TT,GT,AA,GG,AA,TT,AA,TT,CC,TT,AC,CC,TT,CG,AA,CG,GG,NN,TT,CC,GT,GG,TT,AC,AA,AA,GG,CC,CG,GG,CC,GG,AT,AA,CC,TT,GG,CC,CC,AT,AG,CG,AT,CC,AT,AA,AC,CC,CC,TT,AA,GG,AA,NN,AA,AA,AG,AA,AG,AA,TT,GG,AA,AG,CC,AC,TT,AA,AA,GG,AG,GG,TT,AA,AA,TT,TT,TT,AG,NN,CG,CG,AA,3.01,Moderate,High,Premium,Early
L0690,Coimbatore,Tamil Nadu,Kharif,Red Loamy,Rainfed,650,29.5,68,AA,TT,AG,AA,GG,CC,GG,TT,CC,CC,AA,CC,CC,TT,TT,GG,CG,TT,TT,AA,CG,GT,GT,CC,TT,CC,TT,TT,GT,AA,CT,CC,AA,AC,GG,GG,GG,CC,GG,CC,TT,TT,AA,TT,AG,GG,TT,AT,CC,AC,GG,AA,AA,GG,CC,GT,AA,AA,GT,AA,AG,GT,AT,AA,TT,TT,CC,GG,TT,GG,AG,GG,CC,NN,GG,AA,AA,GG,TT,TT,GG,GT,GG,CC,AT,GG,AA,AA,CC,GT,CC,GT,CC,TT,GT,GG,TT,CC,TT,CC,CT,GG,AG,AA,AT,TT,CC,AA,GG,AA,CC,GG,TT,CC,TT,AA,AA,TT,NN,AA,CC,AG,CC,GG,TT,GG,CC,CC,AA,CC,AA,TT,CC,AA,CC,CC,AA,AT,AG,TT,CG,CC,CG,GG,NN,GG,AA,CC,GT,CC,CC,AA,AA,GG,TT,GG,AA,TT,TT,GG,CC,GT,GT,TT,CC,AA,GG,TT,AA,AA,GG,CC,AA,CC,CC,CC,CG,CC,AA,GG,AA,CC,TT,CC,GT,TT,GG,AT,AG,AA,TT,CC,GG,AA,AA,CC,GG,GG,CC,GG,TT,AC,AA,CC,GG,TT,CC,AT,TT,GG,TT,AT,TT,CC,GG,AT,CC,AA,GT,AA,GG,AA,CT,AA,TT,CC,TT,AA,CC,TT,GG,AA,CC,GG,NN,TT,CT,GT,GG,TT,AA,AC,AG,GG,CC,CG,GG,CC,GG,AT,AG,CG,TT,GG,CC,CC,AA,AG,CC,AT,CC,AT,AG,CC,CG,CC,TT,AG,GG,AA,AA,AA,AA,GG,AG,AA,AA,TT,GG,AA,AG,AA,AA,TT,AA,AA,GG,GG,GG,TT,AT,AA,TT,TT,TT,AA,TT,GG,GG,AA,2.45,Susceptible,Low,Premium,Early
L0691,Coimbatore,Tamil Nadu,Kharif,Red Loamy,Rainfed,650,29.5,68,AC,TT,AG,AG,CG,CC,GG,TT,CC,CC,AA,CC,CG,TT,TT,GG,GG,TT,TT,AA,CC,TT,TT,CC,AT,CC,TT,AT,GT,AA,TT,CC,AA,CC,GG,GG,GG,CG,GG,CC,TT,CC,AA,TT,AA,GG,CT,TT,CC,AC,GG,AA,AA,GG,CC,TT,AA,AA,GT,CC,AA,TT,AA,AA,TT,AT,CT,GG,TT,GG,AG,GG,CC,AA,GG,AC,AA,GG,TT,TT,GG,GT,GG,CC,AT,GG,AA,AA,CC,GT,CC,GT,CC,TT,TT,GG,TT,CC,GT,CC,CC,CC,AA,AA,AT,TT,CG,AA,AG,AC,CT,GG,TT,CG,GT,AC,AA,TT,CC,GG,CC,AG,CC,GT,CT,AA,CT,CC,CC,CC,AA,TT,CC,AA,CC,NN,AA,TT,AG,AA,GG,CC,CC,GG,AA,AA,AA,CC,GG,CC,CC,AA,AA,GG,TT,AG,AC,TT,CT,AG,CC,GT,GT,TT,CC,AA,TT,CT,AA,TT,GG,CC,AA,CC,CC,CC,CG,CC,AA,GG,AG,CC,TT,CG,GT,TT,GG,TT,AA,AA,TT,CC,GG,AA,AA,CC,GG,GG,AC,CG,TT,AA,AA,CG,GG,AT,CC,AA,AT,GG,TT,AT,AT,GG,GG,TT,CC,TT,TT,AA,GG,AA,TT,CC,TT,CC,TT,AC,AC,TT,CG,AA,CC,AA,CC,TT,CT,TT,GG,TT,AA,CC,AA,GG,CC,CG,GG,CC,GG,AA,AG,CC,TT,GG,CC,CC,AA,GG,GG,AA,CC,AA,AA,AC,CG,CC,TT,AG,GG,AA,AC,AA,AA,AG,AA,AG,AA,TT,GG,CC,GG,AC,AC,TT,AA,AA,GG,GG,GG,TT,AA,AA,TT,TT,AT,AA,TT,GG,GG,AA,2.28,Moderate,Medium,Premium,Medium
L0692,Coimbatore,Tamil Nadu,Kharif,Red Loamy,Rainfed,650,29.5,68,CC,TT,GG,AA,GG,CC,TT,AT,CC,CC,AA,CC,CC,TT,TT,GT,CC,TT,AT,AG,CC,GT,TT,CC,TT,CT,TT,TT,GT,AA,TT,CC,AA,CC,GG,CG,GG,CC,GG,AC,TT,TT,AA,GT,AA,AG,TT,AT,CC,CC,GG,AA,AA,GG,CT,GT,AA,AA,GT,AA,GG,TT,TT,AG,TT,AT,CC,GG,TT,GT,AA,GG,CC,AA,GG,AA,NN,GG,TT,TT,GG,GG,GG,CC,AT,GG,AG,AA,CC,GG,CC,TT,CC,TT,TT,GG,TT,NN,TT,CC,CC,CC,AG,AA,TT,TT,CC,AA,AA,AA,TT,GG,TT,CC,TT,AC,AA,TT,CC,AG,CC,GG,CC,GG,CT,AA,CT,CC,CC,CC,AA,TT,CC,AA,NN,CC,AA,TT,AA,AA,GG,CC,CC,GG,AA,AA,AA,AC,GT,CC,CC,AA,AG,AG,TT,AG,AA,GT,TT,GG,CC,GT,TT,TT,CC,AT,TT,CT,AT,AT,CG,CC,AG,CC,AC,CC,GG,CC,NN,GG,AG,CC,TT,CG,GG,TT,GG,AT,AA,AA,TT,CC,GG,AA,CC,CC,GG,GG,AA,GG,TT,CC,AA,CC,GG,AT,AC,AA,AA,GG,TT,TT,AA,CG,GG,AA,CC,AT,GT,AA,GG,AA,CT,AA,AT,CC,CC,AA,CC,TT,GG,AA,CC,AG,AC,TT,TT,TT,GG,TT,AA,AA,AA,GG,CC,CG,GG,CC,GG,AA,AA,CC,TT,GG,CC,CC,AA,AA,CC,TT,CG,AA,AA,CC,CC,AA,TT,AA,NN,AA,AA,AC,AC,GG,AG,AG,AA,TT,GG,AC,AA,AC,AA,CT,AA,AA,CG,GG,GG,TT,AA,AA,GT,TT,TT,AA,NN,GG,GG,AA,4.1,Susceptible,Low,Standard,Late
L0693,Coimbatore,Tamil Nadu,Kharif,Red Loamy,Rainfed,650,29.5,68,AA,CT,GG,AA,GG,CC,GG,AT,CC,CG,AA,CT,CC,TT,TT,GG,GG,TT,TT,AA,CC,TT,GT,CT,AT,CC,TT,TT,GG,AA,TT,NN,AA,CC,GG,GG,GG,CG,GG,CC,GT,TT,AC,TT,AG,AA,TT,TT,CC,CC,GT,AA,AA,GG,CT,GT,AA,AA,GT,AA,AA,TT,AT,AA,TT,AT,CC,GG,TT,GG,GG,GG,CC,AG,AG,AC,AA,GG,TT,TT,GG,GT,GG,CC,AA,GG,AA,AA,CC,TT,AA,TT,CT,AT,TT,GG,TT,CC,GT,CC,CT,CC,AA,AA,TT,TT,CC,AA,AG,AA,CT,GG,GT,CC,TT,AA,AA,TT,GG,AG,CG,AG,CC,GG,CC,AA,CC,CC,CC,CC,AA,TT,CC,AA,CC,CC,AA,TT,AA,AA,GG,CC,CC,GG,AA,AG,AT,CC,GG,CC,CC,AA,AA,GG,TT,AG,AA,TT,TT,GG,CC,GT,GG,TT,CC,TT,GG,TT,AT,TT,GG,CC,AA,CC,CC,AC,GG,CC,AA,GG,AA,CC,TT,CC,GT,TT,GG,AT,AG,AA,TT,CC,GG,AA,AC,CC,GG,GG,AC,GG,TT,AC,AA,NN,GG,AT,AC,AA,AA,GT,TT,TT,AT,CG,GT,AA,CG,AT,TT,AA,GG,AA,TT,AA,TT,CC,TT,AA,CC,TT,GG,AG,CG,AA,CC,TT,TT,TT,GG,TT,AA,AC,AA,GG,CG,CG,GG,CG,NN,AT,AA,CC,GT,AG,CC,CC,AA,GG,CG,AA,CC,AT,AA,AC,CG,AC,TT,AA,GG,AA,AA,AC,AA,AG,AA,AG,AA,TT,GG,AA,AA,AC,AA,CT,AG,AA,CG,GG,GG,TT,AT,AA,GG,TT,TT,AG,TT,GG,CG,AA,2.44,Resistant,Low,Standard,Late
L0694,Coimbatore,Tamil Nadu,Kharif,Red Loamy,Rainfed,650,29.5,68,AC,TT,NN,AG,CG,CC,GG,TT,CC,CC,AA,CC,CC,TT,TT,GG,CG,TT,TT,AG,CC,TT,TT,CC,TT,CT,TT,TT,GG,AA,TT,CC,AA,CC,AA,GG,GG,CC,GG,CC,TT,CT,CC,TT,AA,AG,TT,AT,CC,AC,GT,AA,AG,GG,CC,TT,AA,AC,GT,AA,AA,TT,TT,AG,TT,AT,CC,GT,TT,GG,AG,GG,CC,AA,AG,AA,AT,GG,GT,TT,GG,GG,GG,CC,AT,GG,AA,AA,CC,GT,CC,TT,CT,TT,TT,GG,CT,CC,TT,CC,CT,CC,AG,AA,TT,TT,CC,AG,AA,AA,CC,GG,TT,CC,GT,AA,AA,TT,CC,GG,CG,GG,CC,GT,CT,AA,CC,CC,CC,CC,AA,TT,CC,AA,CC,CC,NN,AT,AA,AA,GG,CC,CC,GG,AA,AA,AT,AC,GG,CG,CC,AA,AG,GG,TT,AG,CC,TT,TT,AG,CC,GG,TT,TT,CG,AA,GG,CT,AA,TT,GG,CG,AA,CT,AC,CC,GG,CC,AA,GG,AG,CC,TT,CG,GG,TT,CG,TT,AA,AG,TT,CC,CC,AA,AC,CC,GG,GG,CC,CG,CT,AC,AG,CG,GT,AA,AC,AA,AA,GG,TT,TT,AT,GG,GG,AA,NN,TT,GG,AA,GG,AA,CT,AA,TT,CG,TT,AC,CC,TT,CG,GG,CG,AA,CC,TT,CT,TT,GG,TT,AA,CC,AG,GG,CC,CC,GG,CC,GG,TT,AA,CG,TT,GG,CC,CC,AT,GG,CC,AA,CC,AA,AA,AC,GG,AA,TT,AA,GG,AA,AA,CC,AA,GG,AA,AG,AA,TT,GG,AA,GG,AC,AC,CT,AA,AA,GG,GG,GG,TT,AA,AA,GT,TT,TT,AA,TT,GG,CG,AA,5.3,Moderate,High,Standard,Late
L0695,Coimbatore,Tamil Nadu,Kharif,Red Loamy,Rainfed,650,29.5,68,AA,TT,GG,GG,GG,CC,GG,TT,CC,CC,AA,TT,CC,TT,TT,GT,CG,TT,TT,AA,CG,GT,TT,CT,AT,CC,TT,TT,GG,AA,TT,CT,AA,CC,GG,GG,GG,CC,GG,CC,TT,TT,AA,GT,AA,GG,TT,TT,CC,CC,GG,AA,AG,GG,CC,TT,AA,AA,NN,AA,AA,TT,AT,GG,TT,TT,CC,GG,TT,GT,AG,GG,AC,AA,GG,AA,AA,GG,GT,TT,GG,GG,GG,CC,AA,GG,AA,AA,CC,GT,CC,GT,CC,TT,TT,GG,TT,CC,GT,CC,CC,CG,AA,AA,TT,TT,CC,AA,AG,AA,CC,GG,TT,CC,GT,CC,AC,TT,CC,AG,CC,GG,CC,GG,TT,AA,TT,CC,CC,CC,AA,TT,CC,AA,CC,CC,AA,TT,AA,AA,GG,CC,CC,GG,AA,AG,AA,CC,GG,CC,CC,AA,AG,GG,TT,GG,AA,TT,TT,GG,CC,GT,TT,TT,CC,AA,GT,CT,AA,TT,GG,CC,AA,CC,CC,CC,CC,CC,AA,GG,AA,CC,TT,CC,GG,GT,CG,TT,NN,AA,TT,CC,GG,NN,CC,CG,GG,GG,AA,GG,CC,AA,AA,CC,GG,AA,CC,AA,AA,GT,TT,TT,AT,CG,GT,TT,CG,TT,TT,AA,GG,AA,TT,AA,TT,CC,TT,AC,CC,CT,GG,GG,CG,AA,AC,TT,TT,TT,CG,TT,AA,AC,AA,GG,CC,CC,GG,CC,GG,TT,AA,CC,TT,GG,CC,CG,AA,GG,CC,AA,CC,AA,AA,CC,CC,CC,TT,AA,CG,AA,AA,AC,NN,AG,AA,AG,AA,AT,GG,AA,AA,CC,AC,TT,AG,AA,CC,GG,GG,GT,AA,AG,TT,TT,TT,AG,TT,GG,CG,AA,4.44,Moderate,High,Premium,Early
L0696,Coimbatore,Tamil Nadu,Kharif,Red Loamy,Rainfed,650,29.5,68,AC,TT,GG,AG,GG,CC,GT,TT,CC,CC,AA,CT,CG,NN,GT,GG,GG,TT,TT,AA,CC,TT,TT,CT,AT,CC,GT,TT,GG,AA,TT,CC,AA,CC,GG,CG,GG,CC,GG,CC,TT,CT,AA,NN,AA,GG,TT,TT,CC,CC,GG,AA,GG,GG,CT,TT,AA,AC,TT,AA,AA,NN,TT,AA,CT,TT,CC,GG,TT,GT,AG,GG,CC,AA,GG,AC,AA,GG,TT,TT,GG,GG,NN,CC,AA,GG,AA,AT,CC,TT,CC,TT,TT,TT,TT,GG,TT,AC,TT,CC,CC,CG,GG,AA,TT,TT,CC,AA,AG,AC,CC,GG,TT,CC,TT,AA,AA,TT,CC,GG,CC,GG,CC,GG,TT,AA,CC,CC,CC,CC,AA,TT,CC,AA,CC,CC,AA,TT,AA,AA,GG,CC,CC,GG,AA,AG,AA,CC,GG,CC,CC,AG,AA,GG,TT,GG,AC,GG,CT,GG,AC,GT,GT,TT,CC,AA,TT,TT,AT,TT,GG,CC,AA,CT,CC,CC,GG,AC,AA,GG,AG,CC,TT,CG,GT,GT,GG,AA,AA,AA,TT,AC,GG,AA,CC,CC,GG,GG,AA,GG,TT,AA,AA,CC,GG,AT,CC,AT,AT,GT,TT,AT,AT,CG,GT,AA,CC,NN,TT,AA,GG,AA,CC,AC,TT,CC,CT,AA,CC,CT,CC,AG,CC,GG,CC,TT,TT,GT,GG,TT,AA,CC,AG,GG,CC,GG,NN,CC,GG,NN,AA,CC,TT,GG,CG,CC,AA,GG,CC,AA,CC,AA,AA,AC,CG,CC,TT,AA,CG,AA,AA,AA,AA,GG,AG,AA,AA,TT,GG,CC,AA,AC,AA,TT,AA,NN,GG,GG,GG,TT,AA,AG,TT,TT,TT,AA,AT,GG,GG,AA,3.13,Moderate,High,Standard,Early
L0697,Coimbatore,Tamil Nadu,Kharif,Red Loamy,Rainfed,650,29.5,68,AC,TT,AG,AG,GG,CC,GG,AT,CC,CG,AA,CT,CC,TT,GT,GG,GG,TT,NN,AG,CG,TT,TT,CC,TT,CC,TT,AA,GG,AA,TT,CC,AA,CC,GG,GG,GG,CC,GG,CC,TT,TT,AA,TT,AG,AG,CT,AT,CC,AA,GG,AA,AA,NN,CC,TT,AA,AA,GT,AC,AG,TT,AT,AG,TT,TT,CC,GG,CT,GT,AG,GG,CC,AA,GG,AA,AT,GG,TT,TT,GG,GG,GG,CC,AA,GG,AA,AA,CC,GG,CC,NN,CC,AT,TT,GG,TT,CC,TT,CC,CC,CG,AG,AA,AT,TT,CC,AA,AG,AA,CT,GG,GT,CC,TT,AA,AC,TT,CC,GG,CG,GG,CC,GG,TT,AA,CC,CC,CC,CC,AA,TT,AC,AA,CC,CC,AA,TT,AA,AA,CG,CT,CC,GG,AA,GG,AA,AC,GG,CC,CC,AA,AA,AG,GT,NN,AA,TT,CT,GG,CC,TT,TT,CT,CC,AA,TT,TT,AT,TT,GG,CC,AA,CT,CC,CC,GG,CC,AA,GG,AG,CC,TT,CG,TT,GT,GG,TT,AA,AG,TT,CC,GG,AC,CC,CG,GG,GG,AA,GG,TT,CC,AA,CG,GG,AA,CC,AA,AA,GG,GT,AA,NN,GG,GT,AA,CC,TT,TT,AA,GG,AA,CT,AA,TT,CC,CT,AC,CC,TT,GG,GG,CG,GG,AC,TT,TT,TT,GG,AT,AA,CC,AG,GG,CC,CG,GG,CC,GG,AT,AA,CG,NN,GG,CC,CC,AA,AG,CC,AT,CC,AA,AA,CC,CC,AC,TT,AA,GG,AA,AA,AC,AA,AG,AG,AA,AA,TT,GG,AA,AA,CC,AA,TT,AG,AG,GG,AG,GG,GT,AA,AA,TT,TT,TT,AG,AT,GG,GG,AA,5.03,Susceptible,Medium,Standard,Early
L0698,Coimbatore,Tamil Nadu,Kharif,Red Loamy,Rainfed,650,29.5,68,AA,CT,GG,GG,GG,CC,GG,TT,CC,CG,AA,CT,CC,AT,TT,GG,GG,TT,TT,AA,NN,GT,TT,CC,AT,CC,TT,AT,GG,AA,CT,CC,AA,CC,GG,GG,GG,CC,GG,CC,TT,CT,AC,TT,AA,GG,TT,NN,GG,CC,GT,AA,AA,GG,CT,TT,AA,AA,GG,AA,AA,TT,TT,AA,TT,TT,CC,GG,TT,GG,AA,GG,CC,AA,AA,AA,AA,GG,TT,TT,GG,GG,GG,CC,AA,GG,AA,AA,CG,TT,AC,TT,CT,TT,TT,GG,TT,CC,TT,CC,CT,CG,AG,AA,TT,TT,CC,AA,AG,CC,CT,GG,GT,CC,TT,AA,AA,TT,CC,GG,CC,GG,CT,GG,CT,AG,CC,CC,AC,CC,AA,TT,CC,AA,CC,CC,AA,TT,AA,AA,GG,CC,CC,AG,AA,AG,AA,CC,GT,CC,CC,AA,AA,GG,GT,GG,AA,TT,CT,GG,CC,TT,NN,TT,CC,AA,TT,TT,AA,TT,CG,CC,AA,CT,CC,CC,GG,CC,AT,GG,AG,AC,TT,CC,GG,GG,GG,AT,AA,AA,TT,CC,GG,AA,CC,CC,GG,AG,AC,GG,TT,AC,AA,CC,TT,AT,AA,AA,AA,GG,TT,AT,AT,CG,GT,AT,CC,TT,TT,AA,GG,AA,TT,AA,TT,CC,TT,AA,CC,TT,CG,AA,CG,GG,CC,TT,CT,TT,GG,TT,AA,CC,AA,GG,CG,CG,GG,CC,GG,AT,AG,CC,TT,GG,CC,CC,AA,GG,GG,AT,CC,AA,AA,AC,GG,CC,TT,AA,GG,AA,AC,AC,AA,AG,AA,AA,AA,TT,GG,AA,AG,AC,AC,TT,AA,AA,GG,GG,GG,TT,AA,AA,GT,TT,TT,AA,TT,GG,GG,AA,2.39,Resistant,Medium,Premium,Early
L0699,Coimbatore,Tamil Nadu,Kharif,Red Loamy,Rainfed,650,29.5,68,AA,TT,GG,AG,GG,CC,GT,TT,CC,CG,AA,CC,CG,TT,GG,GG,CG,TT,TT,AA,CC,TT,GG,CC,TT,CT,TT,TT,GT,AA,TT,CC,AA,CC,GG,CG,GG,CC,GG,AC,TT,CT,AA,TT,AA,AG,TT,AT,CC,AC,GT,AT,AA,GG,CT,TT,AA,CC,GT,AA,AA,TT,TT,AA,TT,TT,CC,GG,TT,GT,AA,GG,CC,AA,GG,AC,AA,GG,GT,TT,GG,GG,GG,CC,AA,GG,AG,AT,CC,GT,AA,TT,CC,AT,TT,GG,TT,CC,GT,CC,CT,CG,AG,AA,AA,TT,CC,AA,AG,AC,CC,GG,TT,CC,TT,AA,AA,TT,CC,GG,CC,GG,CT,GT,CT,AA,CT,CC,CC,CC,AA,GT,CC,AA,CC,CC,AA,AT,AA,AA,GG,CT,CC,GG,AA,AG,AA,CC,GG,CC,CC,AA,AG,GG,TT,GG,AA,TT,TT,NN,CC,TT,GT,TT,CC,AT,GT,TT,AT,TT,GG,CC,AA,CT,CC,CC,GG,CC,AA,GG,AG,CC,GT,CG,GG,TT,GG,TT,AA,AA,TT,AC,GG,AA,AC,CC,GG,AG,AC,GG,TT,CC,AA,CC,GG,AA,NN,AA,AA,GG,TT,AA,AA,GG,TT,AT,CC,TT,TT,AA,GG,AA,TT,AA,TT,CC,TT,AA,CC,TT,CG,AA,CC,AA,CC,TT,TT,GT,GG,TT,AC,AC,AG,GG,CC,CC,GG,CG,GG,AT,AG,CC,TT,GG,CC,CG,AA,GG,CC,AT,CC,AT,NN,CC,CC,AC,TT,AA,CG,AA,AA,AA,AA,GG,AA,AA,AA,AT,GG,AC,AG,CC,AA,CC,AA,AA,GG,GG,GG,TT,AA,AG,TT,NN,TT,AG,TT,GG,GG,AC,2.85,Resistant,Medium,Premium,Late
L0700,Coimbatore,Tamil Nadu,Kharif,Red Loamy,Rainfed,650,29.5,68,AC,TT,GG,AG,GG,CC,GG,AT,CC,GG,AA,CC,CG,TT,TT,GG,GG,TT,TT,AA,CC,TT,GT,CC,TT,CC,TT,AT,GG,AA,CT,CC,AA,AC,GG,GG,GG,CC,GG,CC,TT,TT,AA,TT,AG,AG,TT,TT,CC,AA,GG,AA,AA,GG,CC,TT,AA,AA,GT,AA,NN,TT,AT,AA,CT,AT,CC,GG,TT,GG,AA,GG,CC,AA,GG,AA,AT,GG,GT,CT,GG,GT,GG,CC,AA,GG,AA,AA,CC,TT,CC,TT,CC,TT,TT,GG,TT,CC,GT,CC,CC,CC,AG,AG,TT,TT,CG,AA,NN,AA,CC,GG,TT,CC,TT,AC,AA,TT,CC,GG,NN,GG,CC,GG,CT,AG,CC,CC,AC,CC,AA,TT,CC,NN,CC,CC,AA,AT,AA,AA,GG,CT,CC,GG,AA,AG,AT,AC,GG,CC,CC,AA,AA,GG,TT,GG,AC,GT,TT,GG,AC,TT,GT,TT,CC,AT,TT,TT,AA,TT,GG,CC,AG,CC,AC,AC,GG,CC,AA,GG,AA,CC,TT,CC,GT,GT,CG,TT,AA,AA,TT,CC,GG,AC,CC,CC,GG,GG,AA,GG,TT,AA,AG,CC,GG,AA,AC,AA,NN,GG,TT,AT,AT,GG,GT,AA,CC,TT,TT,AA,GG,AA,TT,AC,TT,CC,TT,AA,CC,TT,GG,AA,CC,AA,CC,TT,CT,GT,GG,TT,AC,AC,AA,GT,CC,GG,GG,CC,GG,TT,AA,CC,TT,GG,CC,CC,AT,GG,CC,NN,CC,AA,AA,AC,CC,AC,TT,AA,GG,AA,AC,AC,AC,GG,AA,AA,AA,TT,GG,AA,AG,AC,AA,TT,AA,AA,GG,GG,GG,TT,AA,AA,TT,TT,TT,AA,AT,GG,GG,AA,3.18,Resistant,Low,Standard,Medium
L0701,Coimbatore,Tamil Nadu,Kharif,Red Loamy,Rainfed,650,29.5,68,CC,CT,GG,AG,GG,CG,GG,AT,CC,CG,AA,CT,CC,AT,TT,GT,CG,TT,AT,AA,CC,TT,GT,CC,TT,CC,TT,AT,GG,AA,TT,CC,AG,CC,GG,GG,GG,CG,GG,AC,TT,CT,AA,TT,AG,AA,CT,TT,CC,AC,GG,AA,AG,GG,CC,GT,AA,CC,GG,AC,AA,TT,AT,AA,TT,TT,CC,GG,TT,GT,AG,GT,CC,AA,GG,AA,AT,GG,TT,TT,GG,GG,GG,CC,AA,GG,AA,AA,CC,GT,AC,GT,CT,TT,TT,GG,CT,CC,GG,CC,CC,CC,GG,AG,TT,TT,CC,AG,AA,AA,CT,GG,TT,CC,TT,AC,AA,TT,CC,GG,CG,GG,CC,GG,TT,AA,CT,CC,CC,CC,AA,TT,CC,AA,CC,CC,AA,TT,NN,AA,GG,CC,CC,GG,AA,AG,AA,CC,GT,CC,CC,AA,AG,AG,GT,GG,AC,TT,TT,AG,CC,TT,TT,CT,CC,AA,TT,CT,AA,TT,GG,CC,AG,CC,CC,CC,GG,CC,AA,GG,AG,AC,TT,CC,GT,TT,GG,AT,AA,AG,TT,CC,GG,AA,CC,CC,GG,NN,AA,GG,TT,AA,AA,CC,GT,AA,AC,NN,TT,GG,TT,TT,AA,CG,GG,AA,CG,TT,GT,AA,GG,AA,CC,AA,TT,CC,TT,AA,CC,TT,GG,AA,CC,AG,CC,TT,TT,TT,GG,TT,AA,CC,AG,GG,CC,NN,GG,CC,GG,TT,AA,CC,TT,GG,CC,CC,AA,AG,CC,AT,NN,AT,AA,CC,CC,NN,TT,AA,GG,AA,AA,AC,AA,GG,AA,AA,AA,TT,CG,AC,AA,CC,AA,TT,AA,AA,GG,GG,GG,TT,AA,AG,TT,TT,TT,AA,TT,GG,GG,AA,5.5,Resistant,High,Poor,Early
L0702,Coimbatore,Tamil Nadu,Kharif,Red Loamy,Rainfed,650,29.5,68,AA,TT,GG,AA,GG,CC,GG,TT,CC,CG,AA,CC,CG,AT,TT,GG,GG,TT,TT,AA,CC,TT,TT,CC,TT,CC,TT,AT,GG,AA,TT,CT,AA,CC,GG,GG,GG,CG,GG,CC,TT,CC,AC,TT,AA,AG,TT,AT,CC,AC,GG,AA,AA,GG,CT,TT,AA,AA,GT,AC,AA,GT,TT,AG,TT,TT,CC,GG,TT,GT,AA,GG,CC,AA,AG,AA,AT,GG,TT,CT,GG,GG,GT,CC,AA,AG,AA,AA,CC,GT,AC,TT,CT,TT,GG,GG,TT,CC,TT,CC,CT,CC,AG,AA,TT,TT,CC,AA,GG,AA,CT,GG,TT,CG,GT,AA,AC,TT,CC,AG,CC,GG,CC,GT,NN,AG,CC,CC,CC,CC,AA,TT,CC,AA,CC,CC,AA,TT,AA,AA,GG,CC,CG,AG,AG,AG,AT,CC,GG,CC,CC,AA,AA,GG,TT,GG,AC,TT,TT,GG,AC,TT,GT,TT,CC,AT,TT,TT,AA,TT,GG,CC,AA,CT,CC,CC,GG,CC,AA,GG,AG,CC,TT,CC,GG,GT,CC,AT,AA,AA,TT,CC,GG,AC,CC,CC,GG,GG,AA,GG,TT,AA,AA,CC,GG,AA,AC,AA,TT,GG,TT,TT,AA,GG,GT,AT,CG,TT,TT,AA,GG,AA,CC,AA,TT,CC,TT,AA,AC,TT,GG,AA,CC,AA,CC,TT,CT,TT,GG,TT,AA,AC,AG,GG,CC,CG,GG,CG,GG,TT,AA,CC,GT,GG,CC,CC,AA,GG,CG,AA,CG,AT,AA,AC,CC,AA,TT,AA,GG,AA,AA,AA,AA,AG,AA,AA,AA,TT,GG,AA,AG,CC,AC,CT,AA,AA,GG,GG,GG,TT,TT,AG,TT,TT,TT,AA,TT,GG,CG,AA,3.88,Moderate,High,Poor,Late
L0703,Coimbatore,Tamil Nadu,Kharif,Red Loamy,Rainfed,650,29.5,68,AA,TT,AG,AA,GG,CC,GT,AT,CC,CG,AA,CC,CC,TT,TT,GT,GG,TT,AT,AA,CG,GT,TT,CC,TT,NN,GT,AT,GG,AA,TT,CT,AA,CC,GG,GG,GG,CG,GG,CC,TT,CT,AA,TT,AA,GG,TT,AT,CC,AC,GT,AA,AG,GG,CC,TT,AT,AA,GT,AC,AA,GT,TT,AG,TT,TT,CC,GT,TT,GG,AA,GG,AC,AA,AG,AC,AA,GG,TT,TT,GG,GG,GT,CC,AA,NN,AA,AT,NN,GT,CC,TT,CC,AT,TT,AG,TT,CC,GG,CC,CC,CC,AA,AA,AT,GT,CC,AA,AA,AA,CT,GG,TT,CC,TT,AA,AA,AT,CG,GG,GG,GG,CT,GT,CT,AA,CC,NN,CC,CG,AA,TT,CC,AA,CC,CC,AA,TT,AA,AA,GG,CC,CC,GG,AA,AA,AA,CC,GT,CC,CC,AA,AA,AG,TT,GG,AA,GT,TT,GG,CC,GT,GG,TT,CC,AA,TT,TT,AA,TT,CG,CC,AA,CC,CC,AC,CC,CC,AA,GG,AG,CC,TT,NN,TT,TT,GG,AT,AA,AA,TT,CC,CG,AA,AC,CC,GG,GG,AC,CG,TT,AC,AA,CC,GG,AT,NN,AA,TT,GG,TT,AT,AA,GG,TT,AA,GG,TT,TT,AA,GG,AA,TT,NN,TT,CC,TT,AA,CC,TT,CG,AG,CC,GG,CC,TT,CT,GT,GG,TT,AC,AC,AA,GG,CC,CC,GG,CC,GG,TT,AG,CC,GT,GG,CC,CC,AT,AG,CG,AA,CC,AA,AA,CC,CG,CC,TT,AA,GG,AA,AA,AA,AA,GG,AA,AG,AA,TT,CG,AC,AA,AC,AA,CT,AA,AA,CG,GG,GG,TT,AT,AA,TT,TT,TT,AG,AT,GG,GG,AA,1.79,Susceptible,Low,Premium,Medium
L0704,Coimbatore,Tamil Nadu,Kharif,Red Loamy,Rainfed,650,29.5,68,AA,TT,GG,AG,GG,GG,TT,AT,NN,CC,AA,CC,CC,AA,TT,GT,CG,NN,TT,AG,CC,TT,GT,CC,TT,CC,TT,AT,GG,AA,CT,CC,AA,CC,GG,CG,GG,CG,GT,CC,TT,CC,AA,TT,AA,GG,TT,AT,CC,CC,GG,AA,AG,GG,CT,GT,AA,AA,GT,AC,AG,TT,AT,AA,CT,AT,CC,GG,TT,GG,AA,GG,CC,AA,GG,AA,TT,GG,TT,TT,GG,GT,GG,CC,AA,GG,AA,AA,CC,GT,CC,GT,CC,TT,TT,AG,CT,AC,TT,CC,CC,CC,AG,NN,TT,TT,CC,AA,AG,AC,CC,GG,GT,CG,TT,AA,AA,TT,CC,GG,GG,GG,CC,GT,TT,AA,CT,CC,CC,CC,AA,TT,CC,AA,CC,CC,AA,TT,AA,AA,GG,CC,CC,GG,AA,AA,AA,AC,GT,CC,CC,AG,AG,AG,TT,AG,AC,TT,CC,GG,AC,GT,GT,TT,CC,AA,TT,TT,AA,TT,GG,CC,AA,CC,CC,CC,GG,CC,AA,GG,AG,CC,TT,CC,GG,TT,CG,TT,AG,AA,TT,AC,CG,AC,CC,CC,GG,GG,AC,GG,TT,AA,AA,CC,GG,AA,AC,AA,AT,GT,TT,AA,AT,CG,GG,AA,CG,TT,TT,AA,GG,AA,CT,AA,TT,CC,TT,AA,CC,TT,GG,AG,CC,AG,CC,TT,CT,TT,GG,TT,AA,CC,AG,GG,CG,CC,GG,CC,GG,TT,AA,CG,GT,GG,CC,CC,AA,GG,CC,AA,CG,AA,AA,AA,GG,AC,TT,AA,GG,AA,AA,AA,AC,AA,AG,AA,AA,TT,GG,AC,AG,AC,AA,TT,AG,AA,GG,GG,GG,TT,AA,AA,TT,TT,TT,AG,AT,GG,GG,AA,4.2,Susceptible,Medium,Premium,Late
L0705,Coimbatore,Tamil Nadu,Kharif,Red Loamy,Rainfed,650,29.5,68,AC,TT,AG,AA,GG,CC,GT,AT,CC,NN,AA,NN,CG,TT,TT,GG,GG,TT,TT,AA,CC,TT,GT,CC,TT,CT,TT,TT,GG,AA,TT,CC,AA,CC,GG,GG,GG,CC,GG,NN,TT,CC,AA,TT,AA,AG,CT,AT,CC,AC,GG,AA,AA,GG,CC,TT,AA,AA,GG,AC,AG,GT,AA,AA,TT,AT,CC,GG,TT,GG,AA,GT,CC,AA,GG,AC,AA,AG,TT,TT,GG,GT,GG,CC,AA,GG,AA,AA,CC,GT,AC,TT,CT,AT,TT,GG,TT,CC,GT,CT,CC,CG,AG,AA,TT,TT,CC,AA,GG,AA,CT,GG,TT,CC,GT,AA,AA,TT,CC,AG,CC,GG,CT,GT,CT,AG,CC,CC,CC,CC,AA,GT,AC,AA,CC,CC,AA,TT,AA,AA,GG,CC,CC,GG,AA,AA,AA,CC,GT,CC,CC,AA,AA,GG,TT,GG,AA,TT,CT,GG,AC,TT,GG,CC,CG,AT,TT,TT,AA,TT,GG,CC,AA,CC,CC,CC,GG,AC,AA,GG,AA,CC,TT,CC,TT,TT,CG,AT,AA,AA,TT,CC,CG,AA,CC,CC,GG,GG,AA,GG,TT,AA,AA,CC,GT,AA,AA,AA,AA,GG,TT,AT,AT,CG,GG,AT,CC,AT,TT,AA,GG,AA,CT,AA,TT,CC,CT,CC,CC,TT,GG,AA,CG,AA,AC,TT,TT,NN,GG,TT,AA,AA,AA,GG,CG,CC,GG,CC,GG,TT,AA,CC,GT,GG,CG,GG,AA,GG,NN,AA,CC,AA,AA,CC,CC,AA,TT,AA,GG,AA,AA,AA,AA,GG,AA,AG,AA,AT,GG,AA,AA,CC,AC,TT,AA,AA,GG,GG,GG,TT,AA,AA,GT,TT,TT,AA,TT,GG,GG,AA,3.42,Susceptible,Low,Standard,Late
L0706,Coimbatore,Tamil Nadu,Kharif,Red Loamy,Rainfed,650,29.5,68,AC,TT,AG,AG,GG,CC,GG,AT,CC,CG,AA,CC,CC,TT,GT,GT,CG,TT,TT,AA,CC,TT,GG,CC,TT,CC,TT,TT,GG,AA,TT,CC,AA,CC,GG,GG,GG,CG,GG,CC,TT,TT,AA,TT,AA,AG,TT,TT,CC,AA,GT,AA,AA,GG,NN,TT,AA,AC,GG,AC,AA,TT,AT,AG,CC,TT,CC,GG,TT,GG,NN,GG,CC,AA,AG,AA,AA,NN,TT,TT,NN,GG,GG,CC,AA,GG,AA,AT,CC,GT,CC,TT,NN,TT,TT,GG,TT,CC,TT,CC,CT,CG,GG,AA,AT,TT,CC,AG,NN,AA,CT,GG,TT,CC,TT,AA,AC,TT,CC,AG,CG,GG,CC,GT,TT,AA,CT,CC,CC,CC,AA,TT,CC,AA,CC,CC,AA,TT,AA,AA,GG,CC,CC,GG,AA,NN,AA,CC,GT,CC,CC,AG,AA,AG,TT,GG,AA,TT,CT,GG,AA,TT,TT,TT,GG,AT,TT,TT,AA,TT,GG,CC,AG,CT,CC,AC,GG,AC,AA,GG,AA,CC,TT,CC,GT,TT,GG,AT,AA,AA,TT,CC,CG,AA,CC,CC,GG,GG,AC,GG,TT,AA,AA,CC,GT,AA,CC,AA,AT,GT,TT,TT,AT,CG,TT,AA,CG,TT,GT,AA,GG,AA,TT,AA,TT,CG,CT,AA,CC,TT,GG,AA,CG,GG,CC,TT,CT,GT,GG,TT,AA,CC,AG,GG,CC,CC,GG,CC,GG,AT,AA,CC,TT,GG,CC,CG,AA,GG,CG,AA,CC,AT,AA,AC,GG,AA,TT,AA,GG,AA,AC,AC,AA,AA,AA,AA,AG,TT,GG,AC,AG,AC,AA,TT,AA,AG,GG,GG,GG,TT,AA,AG,TT,TT,TT,AA,TT,GG,CG,AA,4.28,Susceptible,High,Poor,Medium
L0707,Coimbatore,Tamil Nadu,Kharif,Red Loamy,Rainfed,650,29.5,68,AC,CT,AG,AA,GG,CC,GG,AT,CC,CG,AA,CC,CC,TT,TT,GT,GG,TT,TT,AA,CC,GT,TT,CT,AT,CC,TT,TT,GT,AA,TT,CC,AA,CC,GG,CG,GG,GG,GG,CC,TT,CT,AA,TT,AA,AG,CC,AT,CC,CC,GG,AT,AA,GG,CC,GT,AA,AA,GT,AA,AA,GT,TT,GG,TT,NN,CC,GG,TT,TT,AG,GG,CC,AA,AG,CC,AA,GG,TT,TT,GG,GG,GG,CC,AT,NN,AG,NN,CC,GT,CC,TT,CT,TT,GT,GG,CT,CC,TT,CT,CC,CG,AG,AA,TT,TT,CC,AG,AA,AA,CC,GG,TT,CC,TT,AA,AA,TT,CC,GG,CC,GG,CC,GT,TT,AG,CC,CG,AC,CG,AA,TT,CC,AA,CC,CC,NN,TT,AG,AT,GG,NN,CC,AG,AA,AA,AA,AC,GG,CC,CC,AG,AG,AG,TT,GG,AC,TT,CT,GG,CC,GG,TT,TT,CG,AA,GT,TT,AA,AT,GG,CC,AG,CC,NN,CC,CG,CC,AA,GG,AG,CC,TT,CC,GG,TT,GG,TT,AG,AA,TT,AC,GG,AC,CC,CC,GG,GG,AC,GG,TT,AC,AG,CC,GG,AA,AC,AT,AA,GT,GT,AT,AA,GG,TT,AA,CC,TT,GT,AA,GG,AA,TT,AA,TT,CC,CT,AA,CC,CT,CG,AG,CC,AG,CC,TT,CT,TT,GG,TT,AA,AA,AA,GG,CC,CC,GG,CC,GG,TT,AA,CC,TT,AG,CC,CC,AA,AG,CG,AA,CC,AT,AA,CC,CC,AC,TT,AA,GG,AA,AA,AA,NN,AG,AA,AG,AA,TT,GG,AC,AG,CC,AC,CT,AA,AA,GG,GG,GG,TT,AA,AG,TT,TT,TT,AG,AA,GG,GG,AC,6.01,Resistant,Low,Poor,Medium
L0708,Coimbatore,Tamil Nadu,Kharif,Red Loamy,Rainfed,650,29.5,68,AC,TT,GG,AG,GG,CC,GG,TT,CC,CC,AA,CC,CG,TT,GT,GG,GG,TT,TT,AA,CC,TT,TT,CC,TT,CC,GT,TT,GG,AA,CT,CC,AA,CC,GG,GG,GG,CC,GG,NN,TT,CT,AA,TT,AG,GG,TT,AT,CC,AA,GG,AA,AG,GG,CC,TT,AA,AA,GG,AC,AG,TT,AA,AA,TT,AT,CC,GG,TT,GT,AA,GG,CC,AA,GG,AA,AT,GG,TT,TT,GG,GG,GT,CC,AA,GG,AA,AA,CG,TT,CC,TT,CC,TT,GT,AG,TT,AC,GT,CC,NN,CC,AA,AA,TT,TT,CC,AA,AG,AA,CT,GG,TT,GG,TT,AC,AA,TT,CG,GG,CG,GG,CC,GT,CT,AA,CC,CC,CC,CC,AA,TT,CC,AA,CC,CC,AA,TT,AA,AT,GG,CC,CC,GG,AA,AG,AT,CC,GG,CC,CG,AG,AA,GG,GT,AG,CC,TT,CT,GG,AC,GT,TT,TT,CC,TT,TT,TT,AA,TT,GG,CC,AA,CC,CC,CC,GG,AC,AA,GG,AG,CC,TT,CC,NN,GT,GG,AT,AA,AG,TT,CC,GG,AA,AC,CC,GG,GG,AA,GG,TT,CC,AA,NN,GG,AA,CC,AA,AT,GT,GT,AT,AA,GG,GT,AT,CG,AT,GT,AA,GG,AA,CT,AA,TT,CC,TT,AA,CC,TT,CG,NN,CC,AG,CC,TT,CT,GT,GG,TT,AA,AC,AG,GG,CG,CC,GG,CC,GG,AT,AA,CG,TT,GG,CG,CC,AT,GG,CC,AA,CG,AA,AA,CC,CG,CC,TT,AA,GG,AA,AA,AA,AA,AG,AA,AA,AG,TT,GG,AA,AA,CC,AC,TT,AA,AA,GG,GG,GG,TT,AA,AG,TT,TT,TT,AG,TT,GG,GG,AA,2.86,Moderate,Low,Poor,Early
L0709,Coimbatore,Tamil Nadu,Kharif,Red Loamy,Rainfed,650,29.5,68,CC,CT,GG,AA,GG,CC,GT,TT,CC,CC,AA,CT,CG,AT,TT,GG,GG,TT,TT,NN,CC,GT,GT,CC,TT,CC,TT,AT,GG,AA,TT,CT,AG,CC,GG,GG,NN,NN,GG,CC,TT,CT,AA,GT,NN,AG,TT,AT,CC,AC,GG,AT,AA,GG,CT,TT,AA,AA,TT,AC,AG,GT,AT,AG,TT,AT,CC,GG,TT,GG,AA,GG,CC,AG,GG,AA,AT,GG,TT,TT,GG,GG,GT,CC,AT,GG,AA,AA,CC,GT,AC,TT,CC,TT,GT,AG,TT,CC,NN,CC,CC,CC,AA,AA,TT,TT,CC,AA,AA,AA,CC,GG,TT,CC,TT,AC,AA,AT,CG,GG,CC,GG,CC,GG,CT,AA,TT,CG,CC,CC,AA,TT,CC,AA,CC,CT,AA,TT,AA,AT,GG,CC,CC,GG,AA,AA,AT,CC,GG,CC,CC,AA,AA,GG,TT,AG,CC,TT,TT,GG,AC,TT,TT,TT,CG,AA,GT,TT,AA,AT,GG,CC,AA,CT,CC,CC,CG,AC,AA,GG,AG,CC,TT,CC,GT,GG,GG,AA,AA,AA,GT,CC,GG,AC,AC,CC,CG,GG,AC,GG,TT,AC,AA,CC,GG,AT,AA,AA,AT,GT,GG,AT,AT,GG,GG,AA,CC,AT,GT,AA,GG,AG,TT,AA,TT,CC,TT,AC,CC,TT,GG,AG,CG,AG,CC,TT,CT,GT,GG,TT,AA,AC,AA,GG,CC,CC,GG,CC,GG,TT,AA,CC,TT,GG,CC,CC,AT,GG,GG,AT,CG,AA,AA,AC,CC,CC,TT,AA,CG,AA,AA,AA,AA,GG,AG,AA,AA,TT,GG,AA,AA,CC,AC,CT,AA,AA,CG,GG,GG,GT,AA,AA,GT,TT,NN,AA,TT,GG,GG,AA,2.27,Susceptible,Medium,Poor,Early
L0710,Coimbatore,Tamil Nadu,Kharif,Red Loamy,Rainfed,650,29.5,68,AC,CT,GG,AG,GG,CC,GT,AT,CC,CG,AT,CC,CG,NN,TT,GG,GG,TT,TT,AA,CC,TT,TT,CC,TT,CC,GT,AA,GG,NN,TT,CC,AA,AC,GG,GG,GG,CC,NN,AC,TT,CT,AA,TT,NN,GG,TT,AT,CC,AC,GT,AA,AA,GG,CT,TT,AA,AA,GT,AA,AA,GT,AT,AG,TT,TT,CC,GG,TT,GG,AA,GG,CC,AA,GG,AA,AT,GG,TT,TT,GG,GT,GG,CC,AA,GG,AA,AA,CC,GT,CC,TT,CC,TT,GT,GG,TT,CC,GT,CC,CC,CC,AA,AA,TT,TT,CC,AA,NN,AA,CT,GT,TT,CG,TT,AA,AA,TT,CC,GG,CC,GG,CC,GG,CT,AA,CC,CC,AC,CC,AA,TT,AC,AA,CC,CC,AA,TT,AA,AA,GG,CC,CC,GG,AA,AG,AA,CC,GG,CC,CC,AA,AG,GG,TT,AG,AA,TT,CT,GG,AC,TT,TT,TT,CG,TT,GT,TT,AA,TT,GG,CC,AA,TT,CC,CC,CG,CC,AA,GG,AG,CC,TT,CC,GT,TT,GG,TT,AA,AA,TT,CC,GG,NN,CC,CC,GG,AG,AA,GG,TT,AC,AA,CC,GG,AA,AC,AA,AT,GG,TT,TT,TT,GG,GT,AA,CG,TT,GT,AA,AG,AA,TT,AA,TT,CC,CT,AA,CC,TT,GG,AA,CC,AG,CC,TT,TT,GT,GG,TT,AA,CC,AA,GG,CC,CG,GG,CC,GG,TT,AA,CC,TT,GG,CC,GG,AA,AG,CC,AT,CC,AA,AA,AC,CG,AC,AT,AA,GG,AA,AA,AC,AC,AA,AG,AG,AA,TT,CG,AA,AG,AA,AA,CT,AG,NN,GG,GG,GG,TT,AT,AA,TT,TT,TT,AG,TT,GG,GG,AA,1.01,Susceptible,Medium,Standard,Early
L0711,Coimbatore,Tamil Nadu,Kharif,Red Loamy,Rainfed,650,29.5,68,NN,CT,GG,AG,GG,CC,GT,TT,CC,CG,AA,CC,CG,AT,TT,GG,CG,TT,TT,AA,CC,TT,TT,CC,TT,CC,TT,AT,GG,AA,CT,CT,AA,CC,GG,GG,GG,CC,GG,CC,TT,TT,AA,TT,AA,GG,TT,AT,CC,AC,GG,AA,AG,GG,CC,TT,AA,AC,GG,AC,AA,TT,TT,AA,CT,TT,NN,GG,TT,GG,AG,GG,CC,AA,GG,AC,AT,GG,GT,TT,GG,GG,GG,CC,AA,GG,AA,AA,CC,GT,AC,TT,CC,AT,TT,GG,CT,AC,GT,CC,TT,CC,AA,AA,TT,TT,CC,AA,AG,AC,CC,GG,TT,CG,GT,AC,AA,TT,CC,GG,CG,GG,CC,GG,TT,AA,CC,CC,AC,CC,AG,TT,AC,AA,CC,CC,AA,AT,AG,AA,GG,CC,CC,GG,AA,AA,AA,CC,GG,CC,CC,AA,AA,GG,TT,AG,NN,TT,CT,GG,AC,GT,TT,TT,CC,AA,TT,TT,AT,AT,GG,CC,AA,CT,CC,CC,GG,NN,AA,AG,GG,AC,TT,CC,GT,GG,CG,AA,AA,AA,TT,CC,GG,AA,AC,CC,GG,GG,AA,GG,TT,AC,GG,CC,GG,AA,AC,AA,AA,GG,TT,TT,AA,GG,GG,AA,CC,TT,TT,AA,GG,AA,TT,AA,TT,CC,TT,AC,CC,TT,CG,AA,CG,AA,CC,TT,TT,GT,GG,TT,AA,CC,AA,GG,CC,CC,GG,CC,GG,AA,AG,CC,TT,GG,CC,CC,AA,GG,CC,AA,CG,AA,AA,AA,CG,AC,NN,AA,GG,AA,AA,AA,AA,AG,GG,AA,AA,TT,NN,AC,AA,CC,AC,TT,AA,AA,GG,GG,GG,GT,AA,AG,TT,TT,TT,AG,TT,GG,GG,AC,3.11,Resistant,High,Standard,Medium
L0712,Coimbatore,Tamil Nadu,Kharif,Red Loamy,Rainfed,650,29.5,68,AC,TT,AG,AA,CG,CG,GG,TT,CC,CG,AA,CC,CC,TT,TT,GG,GG,TT,TT,AA,CC,GT,TT,CT,TT,CC,GT,AT,GG,AA,TT,CT,AA,CC,GG,GG,GG,CC,GG,CC,TT,CC,AC,NN,AA,AG,CT,AT,CC,AC,GG,AA,AG,GG,CC,GT,AA,AA,GT,AC,AA,TT,TT,AA,TT,TT,CC,GG,TT,GT,AA,GG,CC,AA,AG,AA,AA,GG,TT,TT,GG,GG,GG,CC,AA,GG,AG,AA,CG,GT,AC,TT,CC,TT,TT,GG,CT,CC,TT,CC,CT,CC,GG,AA,TT,TT,CC,AA,AA,AA,CC,GG,TT,CC,TT,AA,AA,TT,CG,GG,CC,GG,CT,GG,CT,AG,CT,CC,CC,CC,AA,GT,CC,AA,NN,CC,AA,TT,AA,AT,GG,CC,CC,NN,AA,AA,AA,CC,GG,CC,CC,AA,AA,GG,TT,GG,AC,TT,TT,GG,AA,TT,TT,TT,CG,AT,TT,TT,AT,TT,GG,CC,AG,CC,CC,CC,CG,CC,AA,GG,GG,NN,TT,CC,GG,TT,NN,TT,AA,AA,TT,CC,GG,AA,AC,CC,GG,GG,AA,CG,TT,AA,AA,CC,GG,AA,CC,AA,AT,GT,GT,TT,AT,GG,GG,AT,CC,TT,GT,AA,GG,AA,TT,AA,TT,CC,TT,AA,CC,CT,GG,AG,CC,AA,CC,TT,TT,TT,GG,TT,AA,CC,AG,GG,CC,CC,GG,CC,NN,AT,AG,CC,TT,GG,CG,GG,AA,GG,CG,AA,CC,AA,AA,CC,CG,AC,TT,AA,GG,AA,AA,CC,AA,AA,AA,AG,AA,NN,CG,AA,AA,AC,AA,CT,AG,AA,GG,GG,GG,TT,AA,AA,TT,TT,TT,AG,NN,GG,GG,AA,3.88,Susceptible,Low,Poor,Early
L0713,Coimbatore,Tamil Nadu,Kharif,Red Loamy,Rainfed,650,29.5,68,AA,TT,GG,NN,GG,CC,GT,TT,CC,CC,AA,CC,CG,TT,TT,GG,GG,TT,TT,AG,CC,TT,TT,CT,TT,CC,GT,TT,GT,AA,TT,CC,AA,NN,GG,CG,GG,CC,GG,CC,TT,TT,AA,TT,AA,GG,TT,TT,CC,AC,GT,AA,AG,GG,CT,TT,AA,NN,TT,AA,AA,TT,TT,AA,TT,TT,CC,GG,TT,GG,AA,GG,CC,AA,GG,AA,AT,GG,TT,TT,GG,GG,GG,CC,AT,GG,AA,AA,CC,TT,CC,TT,CC,TT,TT,AG,CT,AC,GG,CC,CT,CG,AG,AA,TT,TT,CG,AA,AA,AA,CC,GG,TT,CG,TT,AC,AC,AT,CC,GG,NN,GG,CT,GG,TT,AA,CC,CC,CC,CC,AA,GT,CC,AA,CC,CC,AG,TT,AA,TT,GG,CT,CC,GG,AA,AA,NN,CC,GG,CC,CC,AA,GG,GG,TT,GG,AA,TT,TT,GG,AC,GG,TT,TT,CC,AT,TT,TT,AA,AT,GG,CC,AA,CT,AC,CC,GG,CC,AA,GG,AA,CC,TT,CC,GT,TT,GG,AT,AA,AA,TT,CC,GG,AC,CC,CC,NN,GG,AA,GG,TT,AC,AG,CC,GT,AA,CC,AA,AA,GT,TT,TT,AA,GG,GT,AA,CC,AT,TT,AA,GG,AA,TT,AA,TT,CC,TT,AC,AC,CT,CG,AG,CG,AA,CC,NN,TT,GT,GG,TT,AC,AC,NN,GG,CC,CC,GG,CC,GG,TT,AA,CC,TT,GG,CG,CC,AT,GG,CC,NN,CG,AA,AA,CC,CG,CC,TT,AA,GG,AA,AA,AA,AA,GG,AG,AA,AA,TT,GG,AC,GG,CC,CC,TT,AA,AA,CG,GG,GG,TT,AA,AG,TT,TT,TT,AA,AT,CG,GG,AA,2.97,Susceptible,High,Poor,Early
L0714,Coimbatore,Tamil Nadu,Kharif,Red Loamy,Rainfed,650,29.5,68,AA,TT,AG,AA,GG,CC,GT,AT,CC,CG,AA,CC,CC,TT,GT,GT,GG,TT,TT,AA,CC,GT,GT,CT,TT,CC,GT,TT,GG,AA,TT,CT,AA,CC,AG,GG,GG,CC,GG,CC,TT,CT,AA,GT,AA,GG,TT,TT,CC,AC,GT,AT,AA,GG,CC,TT,AA,AA,GT,AA,AA,TT,AT,AA,TT,TT,CC,GG,TT,GT,AA,GG,CC,AA,GG,AC,AA,AA,TT,CT,GG,GG,GG,AC,AT,GG,AA,AT,CG,GT,CC,TT,CT,TT,TT,GG,TT,CC,GT,CC,CC,CG,AG,AA,TT,TT,GG,AG,AG,AA,TT,GG,TT,CG,TT,AA,AA,TT,NN,GG,CC,AG,CC,GG,CT,AA,CT,CC,CC,NN,AA,TT,AA,AA,CC,CC,AA,TT,AA,AA,GG,CC,CC,GG,AA,GG,AA,CC,GT,CC,CC,AA,AA,AG,GT,GG,AA,TT,TT,GG,AC,GT,GT,CT,CC,AA,GT,CT,AA,TT,GG,CC,AG,CC,CC,CC,GG,CC,AA,GG,AA,CC,TT,CC,GT,TT,GG,AT,AA,AA,TT,CC,GG,AC,CC,CC,GG,GG,AC,GG,TT,AA,AG,CC,GT,AA,CC,AT,AT,GG,TT,AT,AT,GG,TT,AT,CC,TT,GT,AA,GG,AA,TT,AA,NN,CC,CT,AA,CC,TT,CC,AA,CC,AG,CC,TT,TT,GT,GG,AT,AA,CC,AG,GG,CC,CG,GG,CC,GT,AT,AA,CG,TT,GG,CC,CC,NN,GG,CC,AA,CG,AA,AA,AC,CC,CC,AT,AA,GG,AA,AA,AC,AA,AG,AG,AA,AA,TT,GG,AA,NN,AC,AC,CT,AA,AA,CG,GG,CG,TT,AT,AA,TT,TT,TT,AG,TT,GG,GG,AA,2.45,Resistant,Low,Premium,Early
L0715,Coimbatore,Tamil Nadu,Kharif,Red Loamy,Rainfed,650,29.5,68,CC,TT,GG,AG,GG,CC,GT,TT,CC,CC,AA,CC,CG,TT,TT,GG,CG,TT,TT,AA,CC,GT,GG,CT,TT,CC,GT,TT,GG,AA,TT,CT,AA,CC,GG,CG,NN,CG,GG,CC,TT,CC,AA,GT,AG,AG,TT,AT,CC,NN,GG,AA,AG,GG,CC,TT,AA,AC,GT,AC,AA,TT,TT,AA,TT,TT,CC,GG,TT,GG,AA,GG,CC,AA,GG,AA,AT,GG,GT,TT,GG,GG,GG,CC,AA,GG,AG,AA,CC,GT,AC,TT,CT,TT,TT,GG,TT,CC,GG,CC,NN,CG,GG,AA,TT,TT,CC,AA,AG,AA,CT,GG,TT,CC,TT,AC,AA,TT,CC,AA,CC,GG,CT,GG,CT,AA,CT,CC,CC,CC,AG,GT,AC,AA,CC,CT,AA,AT,AA,AA,GG,CT,CG,GG,AA,AG,AA,AC,GG,CC,CC,AA,AA,GG,TT,GG,CC,GT,CT,GG,AA,TT,TT,TT,CC,AT,GT,TT,AA,TT,GG,CG,AA,CC,CC,CC,GG,CC,AA,GG,AA,CC,TT,CC,GT,TT,GG,TT,AA,AA,TT,CC,GG,AA,CC,CC,GG,GG,AC,GG,TT,AA,AA,CC,GG,AT,CC,AT,AA,GG,TT,AT,AA,CG,GG,AT,CC,TT,GT,AA,GG,AA,TT,AA,TT,CC,TT,AA,CC,CT,GG,GG,CC,AA,CC,TT,TT,GT,CG,TT,AA,AC,AA,GG,CC,CC,GG,CC,GG,AT,AG,CC,TT,GG,CC,CC,AA,GG,CC,AA,CC,AA,AA,AA,CC,AC,TT,AA,GG,AA,AC,AA,AA,AG,AA,AG,AA,TT,GG,AA,AA,CC,AC,TT,AA,AG,GG,GG,GG,TT,AA,AG,GT,TT,AT,AG,TT,NN,NN,AA,4.05,Susceptible,High,Poor,Medium
L0716,Coimbatore,Tamil Nadu,Kharif,Red Loamy,Rainfed,650,29.5,68,AC,TT,GG,AA,GG,CC,GT,TT,CC,CC,AA,CT,CC,AT,TT,GG,CG,TT,TT,GG,CC,GT,GT,CC,TT,CC,TT,TT,GG,AA,CT,CC,AA,CC,GG,CG,GG,CC,GG,CC,TT,TT,AA,TT,AA,GG,TT,TT,CC,AA,GG,AA,AA,GG,CT,TT,AT,AA,GT,AA,AA,TT,AT,AA,CT,NN,CC,GG,TT,GG,AA,GG,CC,AA,GG,AC,AA,GG,TT,TT,GG,GT,GT,CC,AA,GG,AA,AA,CC,TT,AC,TT,CC,TT,TT,GG,TT,CC,GT,CC,CT,CG,AG,AA,TT,TT,CC,AA,GG,AC,TT,GG,TT,CC,TT,AA,AA,TT,CC,AG,CG,GG,CC,GT,CT,AA,TT,CG,CC,CC,AA,TT,CC,AA,CC,CT,AG,TT,AA,AA,GG,CC,CC,GG,AA,AA,AA,CC,GG,CC,CC,AA,AA,GG,TT,GG,AA,TT,CT,GG,CC,GT,TT,TT,CC,AA,GT,CT,AA,TT,GG,CG,AA,CC,CC,CC,GG,CC,AA,GG,AG,CC,TT,CC,GG,TT,GG,TT,AA,AA,GT,CC,GG,AC,AC,CC,GG,GG,AA,GG,TT,AA,AA,CG,GG,AA,AC,AA,TT,GT,TT,AT,AT,CG,GT,AA,CG,AT,TT,AA,GG,AA,TT,CC,TT,CG,CT,AC,AA,TT,CC,GG,CC,GG,CC,TT,CT,GT,CG,TT,AA,CC,AA,GG,CC,CC,GG,CC,GG,AT,AA,CG,GT,GG,CC,CC,AA,GG,CC,AT,CC,AA,AA,AC,GG,AC,TT,AA,GG,AA,AA,AA,AA,AG,AG,AA,AA,AT,CG,AA,AA,AC,AA,TT,AA,AA,GG,AG,GG,TT,AA,AG,TT,TT,TT,AA,TT,GG,GG,AA,4.47,Susceptible,Medium,Premium,Late
L0717,Coimbatore,Tamil Nadu,Kharif,Red Loamy,Rainfed,650,29.5,68,CC,TT,GG,AG,GG,CC,GG,TT,CC,CC,AA,CC,CC,AT,GT,GT,CG,TT,TT,AG,CG,TT,TT,CT,TT,CC,TT,TT,GG,AA,TT,CC,AA,CC,AG,GG,GG,CC,GG,CC,TT,CT,AA,TT,AA,AG,TT,TT,CC,CC,NN,AA,AA,GG,CC,TT,AA,AC,GG,AA,AG,TT,TT,AA,TT,AT,CC,GG,TT,GG,AG,GG,AC,AG,GG,AC,AA,GG,GT,CT,GG,GT,GG,NN,AA,AG,AA,AA,CC,GT,CC,TT,CT,AT,TT,GG,CT,CC,GG,CC,CT,CC,AG,AA,TT,TT,CC,AA,AG,AA,CT,GG,TT,CC,TT,AA,AA,AT,CC,AG,CC,AG,CC,GG,TT,AA,CC,CC,AC,CC,AA,GT,CC,AA,CC,CC,AA,TT,AA,AA,CG,CT,CC,GG,AA,GG,AA,CC,GG,CC,CC,NN,AG,GG,GT,GG,AA,TT,CT,GG,AC,GT,GT,TT,CC,AT,TT,TT,AT,TT,GG,CC,AA,CT,CC,CC,GG,CC,AA,GG,GG,CC,TT,CG,GT,TT,GG,AT,AA,AA,TT,CC,GG,AC,CC,CG,GG,GG,AC,CG,TT,AA,AA,CC,GG,AA,AC,AA,AT,GG,TT,AT,AA,GG,TT,TT,CG,TT,GT,AA,GG,AA,TT,AA,TT,CC,TT,AA,CC,TT,CG,AA,CC,AG,CC,TT,TT,GT,GG,TT,AA,CC,AA,GG,CC,CG,GG,CC,GG,AT,AA,CC,GT,GG,CC,CC,AA,AG,CC,AT,CG,AA,AA,CC,CC,CC,AT,AG,CG,AA,AA,AA,AA,GG,AG,AG,AA,TT,GG,AC,AG,CC,AA,TT,AA,AA,CG,GG,GG,TT,AA,AA,GT,AT,TT,AG,AT,GG,GG,AA,6.51,Resistant,High,Premium,Early
L0718,Coimbatore,Tamil Nadu,Kharif,Red Loamy,Rainfed,650,29.5,68,AA,TT,AG,AA,GG,CC,GT,TT,CC,CG,AT,NN,CC,AT,TT,GG,CC,TT,TT,AG,CG,GT,GT,CT,AT,CT,TT,TT,GG,AA,TT,CC,AA,CC,GG,CG,GG,CC,GG,CC,TT,CT,AC,TT,AG,GG,CT,TT,CC,CC,GG,AA,AA,GG,CC,TT,AA,AA,GT,AA,AA,TT,AT,AA,TT,TT,CC,GT,TT,GG,AG,GG,CC,AA,GG,AA,TT,GG,TT,TT,GG,GG,GT,CC,AA,GG,AA,AT,CC,GT,AC,TT,CT,NN,GT,GG,CT,AC,TT,CC,CT,CC,AG,AA,AT,GT,CC,AA,AA,AC,CC,GG,TT,CC,TT,AA,AA,TT,CC,AG,CG,GG,CT,GG,TT,AA,CC,CC,CC,CC,AA,GT,AC,AA,CC,NN,AA,NN,AA,AT,GG,CT,CC,GG,AA,AA,AA,AC,GG,CC,CC,AG,AG,GG,TT,AG,AC,GT,CC,AA,CC,TT,TT,TT,CC,TT,TT,TT,AA,TT,GG,CC,AG,CT,CC,CC,CG,CC,AA,GG,AG,CC,TT,CC,TT,TT,GG,TT,AA,AA,TT,CC,NN,AA,CC,CC,GG,GG,AA,CG,TT,AA,AG,CC,GG,AA,CC,AA,AA,GT,TT,AT,AT,GG,GG,AA,CC,AT,TT,AA,GG,AG,CT,AA,TT,CC,TT,AA,CC,TT,GG,AG,CC,AA,CC,TT,CT,GT,GG,TT,NN,AC,AA,GG,CC,NN,GG,CC,GG,TT,AA,CC,GT,GG,CC,CC,AA,AG,CC,AA,CC,AA,AA,CC,CC,CC,TT,AA,GG,AA,AA,AC,AA,GG,AA,AG,AA,TT,GG,AA,AG,AA,AA,TT,AA,AA,NN,GG,GG,TT,AT,AA,TT,TT,TT,AG,AT,GG,GG,AA,4.99,Susceptible,Low,Standard,Medium
L0719,Coimbatore,Tamil Nadu,Kharif,Red Loamy,Rainfed,650,29.5,68,AC,TT,GG,AA,CG,CC,GG,AT,CC,CG,AT,CC,CG,AT,GT,GG,GG,TT,TT,AA,CG,NN,NN,CT,AT,CC,TT,TT,GG,AA,TT,CC,AA,CC,GG,CG,GG,GG,GG,CC,TT,CC,AA,GT,AA,AG,TT,TT,CC,AA,GG,AA,AA,GG,CC,GT,AA,NN,GG,AC,AA,TT,TT,AA,TT,AT,CC,GG,TT,GT,AA,GG,CC,AA,GG,CC,AT,GG,TT,TT,GG,GT,GG,CC,AA,GG,AA,AA,CC,GT,AC,TT,CC,TT,GG,GG,TT,CC,GG,CC,NN,CC,AA,AA,AT,TT,CC,AA,AA,AA,CT,GG,TT,CC,GT,AC,AA,AT,CC,GG,CC,GG,CC,GG,CC,AG,CC,CC,CC,CC,AG,TT,CC,AA,CC,TT,AA,TT,AA,AA,GG,CC,CC,GG,AA,GG,AA,CC,GG,CC,CC,GG,GG,AG,GT,GG,AC,TT,TT,GG,AC,GT,GT,TT,CC,AT,TT,TT,AA,AT,CG,CG,AG,TT,CC,CC,CG,CC,AA,GG,AA,CC,TT,CC,TT,GT,CG,AT,AA,AG,TT,CC,CG,AA,CC,CC,GG,GG,AC,GG,TT,AC,AA,CC,TT,AA,CC,AA,AA,GG,GT,TT,AT,GG,GG,AA,CC,NN,GT,AA,GG,AA,TT,AA,TT,CC,CT,AA,CC,TT,GG,AG,CC,AG,CC,TT,TT,TT,GG,TT,AA,CC,AA,GG,CC,CC,GG,CC,GG,TT,AA,CC,TT,GG,CC,CG,AA,AG,CG,AA,CC,AA,AA,AC,CG,AC,TT,AA,GG,AA,AA,AA,AC,AA,AG,AG,AA,TT,GG,AC,AA,CC,AA,CT,AA,AA,GG,GG,CG,TT,AA,AA,GT,TT,TT,AA,TT,GG,GG,AA,3.11,Susceptible,Low,Poor,Early
L0720,Coimbatore,Tamil Nadu,Kharif,Red Loamy,Rainfed,650,29.5,68,AC,TT,GG,AG,GG,CC,GG,AT,CC,GG,AA,CC,CC,TT,TT,GG,GG,TT,TT,AG,CC,GT,GT,CT,TT,CT,TT,TT,GG,AA,CT,CT,AG,CC,GG,CC,GG,CG,GG,CC,TT,CT,AA,GG,AG,GG,TT,NN,CC,CC,GG,NN,AA,CG,CC,TT,AA,AA,GT,AC,AA,TT,AA,AG,TT,AT,CC,GG,TT,GT,AA,GG,CC,AA,GG,AA,AA,GG,GT,TT,GG,GT,GT,CC,AA,GG,AA,AA,CC,GT,CC,TT,CC,TT,TT,GG,CT,CC,TT,CC,CC,GG,AG,AA,TT,TT,CC,AA,AG,AA,CC,GG,TT,CC,TT,NN,AA,TT,CC,GG,CC,AG,CC,GG,TT,AA,CC,CC,CC,CC,AA,GG,CC,AA,CC,CC,NN,TT,AA,AA,CG,CT,CC,GG,AA,AG,AA,AC,GT,CC,CC,AG,GG,GG,TT,GG,AC,TT,CT,GG,CC,GG,GT,TT,CC,AT,GT,TT,AA,TT,CG,CC,NN,CT,CC,CC,CG,CC,AA,GG,AA,CC,TT,CC,GG,GT,GG,TT,AA,AA,TT,CC,GG,AA,AA,CC,GG,GG,AC,CG,TT,AA,AA,CC,GT,AT,CC,AA,AA,GG,TT,TT,AA,GG,GG,TT,CC,AT,TT,AT,GG,AA,CC,AA,TT,CC,TT,AA,CC,TT,NN,AG,CC,AG,AC,TT,TT,GT,GG,TT,AA,AC,AA,GG,CC,GG,GG,CG,GG,AT,AA,CC,TT,AG,CG,CC,AT,NN,CG,AA,CC,AA,AA,CC,GG,AC,TT,AG,GG,AA,AA,AC,AA,GG,GG,AG,AA,TT,CG,AA,AG,CC,AA,CT,AA,AA,GG,GG,CG,GT,AA,AG,TT,TT,TT,AG,AT,CG,GG,AA,4.18,Susceptible,Medium,Premium,Late
L0721,Coimbatore,Tamil Nadu,Kharif,Red Loamy,Rainfed,650,29.5,68,AA,TT,AG,AG,GG,CC,GT,TT,CG,CG,AT,CC,CG,TT,TT,GG,GG,TT,TT,AA,CC,NN,GT,CC,AT,CC,TT,TT,GG,AA,TT,CC,AA,CC,GG,CG,GG,CC,GG,CC,TT,CT,AA,TT,NN,AG,CT,TT,CC,AA,GG,AA,AA,GG,CC,TT,AA,AA,GG,AA,AA,TT,AT,AG,TT,AT,CC,GG,TT,GG,AG,GG,CC,AA,AA,AA,AT,GG,TT,TT,GG,GG,GG,CC,AT,GG,AA,AA,CC,TT,CC,TT,CT,TT,TT,GG,TT,CC,TT,CC,CC,CC,GG,AA,AT,GT,CC,AA,AG,CC,TT,GG,TT,CC,TT,AC,AA,AT,CC,GG,CG,GG,CC,GG,TT,AG,CT,CC,CC,CC,AA,TT,CC,AA,CC,CT,AA,TT,AA,AA,CG,CC,CC,GG,AA,AA,AA,AC,GG,CC,CC,AA,GG,GG,GT,AA,AA,TT,TT,GG,CC,TT,GT,TT,CG,TT,GT,CT,AT,NN,CG,CC,AG,CT,CC,CC,GG,CC,AA,AG,AG,CC,TT,CG,GT,GG,CG,AT,AA,AA,TT,CC,CG,AA,CC,CC,GG,GG,AA,GG,TT,AC,AA,CC,GT,AA,AC,AA,AT,GG,GT,AA,TT,GG,GT,AT,GG,AA,GG,AA,GG,AA,CT,AC,TT,CC,TT,NN,CC,TT,CG,AA,CC,AG,CC,TT,TT,TT,GG,TT,AA,CC,AG,NN,CG,GG,GG,CC,GG,AT,AA,CC,TT,GG,CC,CG,AT,AG,GG,AA,GG,AA,AA,CC,GG,CC,TT,NN,GG,AA,AA,AA,AC,AA,AA,AA,AA,AT,GG,AA,AG,AA,AA,TT,AA,AA,GG,GG,GG,GT,AA,AA,GT,TT,TT,AG,TT,GG,GG,AA,2.44,Susceptible,High,Premium,Early
L0722,Coimbatore,Tamil Nadu,Kharif,Red Loamy,Rainfed,650,29.5,68,AA,TT,GG,AA,GG,CC,GT,TT,CC,CG,AT,CT,CG,TT,TT,GG,GG,TT,TT,AA,CG,TT,GG,CC,TT,CC,TT,TT,GG,AC,TT,CT,AA,CC,GG,GG,GG,CG,GG,CC,GT,TT,AC,TT,AA,GG,TT,TT,CC,CC,GT,AA,AG,GG,CC,TT,AA,AA,GT,AC,AA,GT,AT,AG,TT,AA,CC,GG,TT,GT,AG,GT,CC,AA,AG,NN,AA,GG,GG,TT,GG,GT,GG,AC,AT,GG,AA,AA,CC,TT,AC,TT,CT,AT,GT,GG,TT,CC,GT,CC,CT,CG,GG,AA,TT,TT,CC,AA,AA,AC,CC,GG,TT,CC,TT,AA,AA,TT,CG,AA,CC,GG,CC,GT,TT,AA,CT,CC,CC,CC,AA,NN,CC,AA,CC,CC,AA,TT,AA,AA,CG,TT,CC,GG,AA,GG,AA,CC,GG,CC,CC,AA,AA,GG,TT,AG,AA,TT,CT,AA,CC,GT,GT,TT,CC,AA,GT,TT,AA,AT,GG,NN,AA,CT,CC,CC,GG,CC,AA,GG,AG,CC,TT,CG,GT,TT,GG,TT,AA,AG,TT,CC,CG,AA,CC,GG,GG,GG,AA,GG,TT,AA,AG,CC,GG,AT,CC,AA,AA,GG,TT,TT,AT,GG,GT,AA,CC,TT,GG,AA,GG,AA,CT,AC,TT,CC,TT,AA,CC,CT,CG,GG,CG,AG,AA,TT,TT,GT,GG,TT,AA,CC,AA,GG,CC,CG,GG,CC,GG,AT,AA,CC,TT,NN,CC,CG,AA,GG,CG,AA,CC,AA,AA,NN,CC,CC,TT,AG,GG,AA,AA,AC,AC,AG,AA,AA,AA,TT,GG,AA,AA,CC,AA,CT,AA,AA,GG,GG,GG,TT,AA,AG,TT,TT,TT,AG,AA,GG,GG,AA,2.97,Susceptible,High,Premium,Late
L0723,Coimbatore,Tamil Nadu,Kharif,Red Loamy,Rainfed,650,29.5,68,AC,CT,GG,GG,GG,CG,GT,AT,CC,CG,AA,CC,CG,AT,TT,GT,CG,TT,TT,AG,CC,TT,TT,CC,TT,CC,TT,AT,GG,AA,TT,CC,AA,CC,GG,GG,GG,CG,GG,CC,TT,TT,AA,TT,AA,AG,CT,TT,CC,CC,GT,AA,GG,GG,CC,TT,AA,AC,TT,AA,AA,TT,TT,AA,TT,AT,CC,GG,TT,TT,AG,GG,CC,AA,GG,AC,AA,GG,GT,TT,GG,GT,GT,CC,AA,GG,AA,AA,CC,TT,CC,TT,CC,TT,TT,GG,TT,CC,GT,CC,TT,CG,AA,AA,TT,TT,CG,AA,AG,AA,CC,GG,GT,CC,TT,AA,NN,AT,CC,AG,CC,GG,CC,GT,TT,AA,CC,CC,CC,CC,AA,TT,CC,AA,CC,CC,AA,TT,AA,AA,GG,CT,CC,GG,AA,GG,AA,AC,GG,CC,CC,AG,AA,GG,GT,AG,AC,GT,TT,GG,AC,TT,TT,TT,CC,AT,TT,TT,AA,AT,GG,CC,AA,CT,AC,CC,CG,CC,AA,GG,AG,CC,NN,CC,GT,TT,CG,AT,AG,AA,TT,CC,NN,AA,CC,CG,GG,GG,AA,GG,TT,AC,AG,CC,GG,AT,AA,AA,AA,GG,TT,TT,AT,CG,GT,AA,CC,AT,GT,AA,GG,AA,TT,AA,TT,CC,CT,AA,CC,TT,GG,GG,CG,AA,CC,TT,CT,GG,GG,TT,AA,AA,AA,GG,CC,GG,GG,GG,GG,TT,AG,CC,TT,GG,CC,CG,AA,GG,CC,AT,CG,AA,AA,CC,CC,AC,TT,AG,CG,AA,AC,AA,AA,GG,AA,AG,AA,TT,GG,AC,AA,CC,AC,TT,AA,AA,GG,GG,GG,TT,AA,AA,TT,TT,TT,GG,TT,GG,GG,AA,2.67,Susceptible,High,Poor,Late
L0724,Coimbatore,Tamil Nadu,Kharif,Red Loamy,Rainfed,650,29.5,68,AA,TT,GG,AA,CG,CC,GG,TT,CC,CG,AA,CC,CC,TT,TT,GG,CG,TT,TT,AA,CC,TT,GT,CC,TT,CC,TT,TT,GG,AA,CT,CC,AA,AC,AG,CG,GG,CG,GG,CC,TT,TT,AA,TT,GG,AG,TT,AT,CC,NN,GG,AT,AA,GG,CT,TT,AA,AA,GT,AC,AA,GT,TT,AA,CT,AT,CC,NN,NN,GT,AA,GG,CC,AA,GG,AC,AA,GG,TT,TT,GG,GT,GG,CC,AA,AG,AA,AA,CG,GT,CC,TT,CC,TT,NN,GG,TT,CC,GT,CC,CT,CG,GG,AA,TT,TT,CC,AA,AA,AA,CT,GG,TT,CC,TT,AC,AA,TT,CG,AG,CG,GG,CC,GG,CT,AA,CC,CC,CC,CC,AA,GT,CC,AA,CC,CC,AA,TT,AG,AA,GG,CC,CC,GG,AG,GG,AA,AA,GG,CC,CC,AA,AA,AG,TT,AG,CC,GT,TT,GG,CC,TT,TT,TT,CC,AA,TT,CT,AA,AT,CG,CC,AA,CT,CC,CC,GG,CC,AA,GG,AG,CC,TT,CC,GT,TT,CG,NN,AA,AA,TT,CC,GG,AA,CC,CC,GG,GG,AA,GG,CT,AC,AA,CG,GT,AA,CC,AA,AT,GT,GG,TT,AA,CG,GG,AT,CC,AT,TT,AA,GG,AA,TT,AA,TT,CC,TT,AC,CC,CT,CG,AG,CC,AA,CC,TT,CT,GT,GG,TT,AC,AA,AG,GG,CC,CC,GG,CC,GG,TT,AG,CG,TT,NN,CC,CG,AA,GG,CG,AT,CC,AA,AA,CC,CG,AC,TT,AA,GG,AA,AA,AC,AA,AA,AG,AA,AA,AT,GG,AA,AA,AC,AA,CT,AA,AG,GG,GG,GG,NN,AT,AA,TT,TT,AT,AA,AT,GG,GG,AA,2.02,Moderate,High,Poor,Early
L0725,Coimbatore,Tamil Nadu,Kharif,Red Loamy,Rainfed,650,29.5,68,CC,CT,GG,AA,GG,CC,GG,AA,CC,GG,AA,CC,CC,TT,TT,GG,GG,TT,TT,AG,CC,GT,GT,CC,TT,CC,TT,AT,GG,AA,CT,NN,AA,AC,AG,CG,GG,CG,GG,CC,TT,CT,AA,TT,AA,GG,TT,TT,CC,CC,GT,AT,AA,GG,CC,GT,AA,AA,GT,CC,AA,GT,AT,AA,TT,TT,CC,GG,TT,GG,AA,GG,CC,AA,GG,AC,TT,GG,TT,TT,GG,GG,GT,CC,TT,GG,AA,AA,CC,GT,AC,TT,CC,TT,TT,AG,TT,CC,TT,CC,CT,CC,GG,AA,AA,TT,CC,AA,AA,AA,CT,GG,TT,CC,TT,AA,AC,TT,CC,AA,CC,GG,CT,GG,TT,AA,CC,CC,CC,CC,AA,GT,CC,AA,CC,CC,AA,TT,AA,AA,GG,CC,CC,GG,AA,AG,AA,CC,GG,CC,CC,AA,GG,GG,GT,AG,AC,TT,CC,GG,CC,TT,GT,TT,CC,AT,GT,CT,AT,TT,CG,CC,AG,CT,CC,CC,CG,AC,AA,GG,NN,CC,TT,CC,GG,TT,GG,TT,AA,AA,TT,CC,CG,AA,AC,CC,CG,GG,AA,CG,CT,AA,AA,CC,GG,AA,CC,AA,AT,GG,TT,AT,AA,GG,GG,AA,CC,TT,GG,AA,GG,AA,TT,AA,TT,CC,CT,AC,CC,TT,CG,AG,CG,AG,CC,TT,CC,TT,GG,TT,AC,AC,AG,GG,CC,CG,GG,CC,GG,TT,AA,CC,GT,GG,CC,CC,AT,GG,CC,AA,CC,AA,AA,AC,CC,AC,TT,AA,GG,NN,AA,AC,AA,AA,AA,GG,AA,TT,CG,AA,AG,AC,AA,CT,AG,AG,GG,GG,GG,TT,AA,AA,GT,TT,TT,AA,AT,GG,CG,AA,1.43,Susceptible,High,Premium,Early
L0726,Coimbatore,Tamil Nadu,Kharif,Red Loamy,Rainfed,650,29.5,68,AA,CT,GG,AG,GG,CC,GG,TT,CC,CG,AA,CC,CG,AT,GG,GG,CG,TT,TT,GG,CC,TT,GG,CC,TT,CC,GT,TT,GG,NN,TT,CT,AA,CC,GG,GG,GG,CC,GG,AC,TT,CT,AA,GT,AA,NN,TT,TT,CC,AC,GG,AT,AA,GG,CT,TT,AA,AC,GT,AC,AA,GT,AT,AA,TT,AT,CC,GG,TT,GG,GG,GG,CC,AA,AG,AA,AT,GG,TT,TT,GG,GG,GT,AC,AT,GG,AA,AA,CC,TT,CC,TT,CT,TT,TT,GG,TT,CC,GT,CC,CC,CG,AG,AA,TT,GT,CC,AA,AA,NN,CT,GG,TT,CC,TT,AA,AA,TT,CC,GG,GG,GG,CC,GT,CT,AA,CC,CC,CC,CC,AA,TT,CC,AA,CC,CC,AA,TT,AG,AA,CG,CC,CC,GG,AG,AA,AA,AC,GG,CC,CC,AA,AG,AG,TT,GG,AA,GT,CT,GG,AC,GT,TT,CC,CC,AT,GT,TT,AA,TT,GG,CC,AA,TT,CC,CC,GG,CC,AA,GG,AA,CC,TT,CG,GT,GG,GG,TT,GG,AA,TT,CC,GG,AC,AC,CC,GG,GG,AA,GG,CT,AA,AA,CC,GG,AA,CC,TT,AT,NN,TT,AT,AT,GG,GT,AA,GG,TT,GT,AA,GG,AA,TT,AA,TT,CC,TT,AC,CC,TT,GG,AA,CC,AG,AC,NN,CT,GT,GG,TT,AA,CC,AG,GG,CC,CG,GG,CC,GG,TT,AA,CC,TT,GG,CC,CG,AA,AG,CC,AA,CC,AA,AA,AC,CC,CC,TT,AA,CG,AA,AA,AA,AA,GG,AG,AA,AG,AT,GG,AA,AG,AC,AA,CT,AA,AA,GG,GG,GG,GT,AA,AA,TT,TT,AT,AA,AT,GG,GG,AA,3.82,Susceptible,Medium,Poor,Medium
L0727,Coimbatore,Tamil Nadu,Kharif,Red Loamy,Rainfed,650,29.5,68,AA,TT,NN,AG,GG,CC,GT,TT,CC,CC,AA,CT,CG,TT,TT,GG,GG,TT,TT,AA,CC,TT,GG,CT,AT,CC,TT,TT,GT,AA,TT,CC,AA,CC,AG,CG,GG,CC,GG,CC,TT,TT,AA,TT,AA,GG,CT,TT,CC,AC,GG,NN,AA,NN,CC,GT,AA,AA,GG,AC,AA,TT,AT,AG,TT,NN,CT,GG,TT,GG,AA,GG,CC,AG,GG,AA,AA,GG,TT,TT,GG,GG,GG,CC,AA,GG,AA,AA,CC,GT,CC,TT,TT,TT,TT,GG,TT,CC,TT,CC,CC,CG,AG,AA,AA,TT,CC,AA,AA,AA,CT,GG,TT,CC,GT,AA,CC,TT,CC,AG,CG,GG,CT,GT,TT,AA,CC,CC,CC,CC,AA,TT,NN,AA,CC,CC,AA,TT,AA,AA,CG,CC,CC,GG,AA,AG,AA,AC,GG,CC,CC,AA,AA,GG,TT,GG,AA,TT,TT,AG,CC,GT,TT,TT,CC,AA,TT,TT,AA,TT,GG,CC,AG,CT,CC,CC,GG,CC,AA,AG,AG,CC,TT,CG,GT,TT,GG,TT,AA,AA,TT,AC,GG,AA,CC,CC,GG,GG,CC,GG,TT,AA,AA,CC,GG,AA,AA,AA,AT,GG,TT,TT,AA,CG,GG,AT,CC,AT,GT,AA,GG,AA,CT,AA,AT,CC,TT,CC,CC,TT,GG,AA,CC,AG,CC,AT,TT,TT,GG,AT,AA,AC,AG,GG,CG,GG,GG,CC,GG,TT,AA,CC,TT,GG,CG,CC,AA,AA,CC,AA,CC,AA,AA,AC,CC,CC,TT,AA,GG,AA,AA,AA,AA,AG,AG,AG,AA,TT,GG,AC,AG,AC,AA,CC,AA,AA,GG,GG,GG,TT,AA,AA,TT,TT,TT,AA,AA,GG,GG,AA,2.85,Susceptible,High,Premium,Late
L0728,Coimbatore,Tamil Nadu,Kharif,Red Loamy,Rainfed,650,29.5,68,AC,TT,GG,AG,GG,CC,GT,TT,CC,CG,AA,TT,CC,TT,TT,GG,CG,TT,TT,AA,CC,GT,TT,CC,TT,CC,TT,NN,GG,AA,TT,CC,AA,NN,GG,GG,GG,CG,GG,CC,TT,TT,AA,GG,AA,GG,CT,AA,CC,AA,GG,AA,AG,GG,CC,TT,AA,AA,GT,NN,AG,TT,TT,AA,TT,TT,CC,GG,TT,TT,AA,GG,CC,AA,GG,AC,AT,AG,TT,TT,GG,GT,GG,CC,AT,GG,AA,AA,CC,GT,CC,TT,CC,TT,TT,AG,TT,AC,GT,CC,CT,GG,AG,AG,TT,TT,CG,AA,AG,AA,CC,GG,TT,CG,TT,AA,AC,TT,CG,AG,CG,GG,CC,GG,CT,AG,CC,CG,AA,CG,AA,TT,CC,AA,CC,CC,AA,TT,AA,NN,GG,CC,CC,GG,AG,AG,AA,CC,GG,CC,CC,AA,AG,GG,GT,AG,AA,TT,TT,GG,CC,TT,TT,TT,CC,AA,GT,TT,AA,AT,GG,CC,AA,CC,CC,AC,GG,CC,AA,GG,AG,CC,TT,CC,GT,TT,CG,AT,AG,AA,TT,CC,GG,AC,CC,CC,GG,GG,AC,CG,TT,AA,AA,CC,GT,AA,CC,AA,TT,GG,TT,TT,AT,NN,GG,TT,CG,TT,TT,AA,GG,AA,TT,AA,TT,CC,TT,AC,AC,TT,CG,AA,CC,GG,CC,TT,TT,GT,GG,TT,AA,CC,AA,GG,CC,CC,GG,CC,GG,TT,AA,CC,TT,GG,CG,CC,AA,GG,CC,AT,CC,AA,AA,AA,CG,AC,TT,AA,CG,AA,AA,AA,AA,AG,AG,AA,AG,TT,GG,AC,AA,CC,AA,CC,AG,AA,CG,AG,GG,TT,AA,AG,TT,TT,TT,AA,TT,GG,CG,AA,2.62,Moderate,Low,Premium,Medium
L0729,Coimbatore,Tamil Nadu,Kharif,Red Loamy,Rainfed,650,29.5,68,AA,TT,GG,AA,GG,CC,TT,TT,CC,CC,AA,CC,GG,TT,TT,GG,GG,TT,TT,AG,CC,TT,GT,CC,TT,CC,TT,TT,GG,AA,TT,CT,AA,CC,AG,CC,GG,CG,GG,CC,TT,TT,AC,TT,AA,GG,TT,TT,CC,AC,GG,AT,AG,GG,CC,GT,AT,AA,GT,AA,AA,TT,AT,AA,TT,TT,CC,GG,TT,GG,AA,GG,CC,AA,AG,AC,TT,AG,GT,TT,GG,GT,GG,CC,AA,GG,AA,AA,CG,TT,CC,TT,CT,TT,TT,AG,CT,CC,GT,CC,CC,CG,AG,AA,AT,TT,CC,AA,GG,NN,CT,GG,TT,CC,TT,AA,AC,TT,NN,AG,CC,AG,CC,GT,CC,AA,CC,CC,CC,CC,AG,TT,CC,AA,CC,CT,AA,TT,AA,AA,GG,CC,CC,GG,AA,AA,TT,CC,GG,CC,CC,AA,AA,AG,GG,AG,AC,TT,CT,GG,AC,TT,TT,TT,CC,AA,TT,TT,AA,AT,CG,CC,AG,CC,CC,CC,CG,CC,AA,GG,AG,CC,GT,CC,GT,TT,GG,AT,AA,AG,TT,AC,GG,AA,CC,CG,GG,GG,AC,GG,TT,AA,AA,CC,GG,AA,AC,AA,TT,GT,TT,AT,NN,CG,GT,AT,CC,AT,GT,AA,GG,AA,CT,AC,TT,CG,CT,AC,CC,TT,GG,AA,CC,AG,CC,TT,TT,TT,GG,TT,AA,CC,AG,GG,CC,CG,GG,CC,GG,TT,AA,CC,GT,GG,CC,CG,AA,AG,CC,TT,CG,AT,AA,AC,CG,AC,TT,AA,GG,AA,AA,AC,AA,AG,AG,AA,AA,TT,CG,AA,AG,AA,AA,CT,AA,AA,CG,GG,CG,TT,AA,AA,GT,TT,TT,GG,AT,GG,CG,AA,4.64,Susceptible,Low,Standard,Medium
L0730,Coimbatore,Tamil Nadu,Kharif,Red Loamy,Rainfed,650,29.5,68,CC,TT,GG,GG,GG,CC,GG,TT,CC,CC,AA,CC,CC,TT,TT,GT,CG,TT,TT,AA,CC,GG,TT,CC,TT,CC,TT,AT,GG,AA,TT,CC,AA,CC,GG,GG,GG,CC,GG,CC,TT,CC,AA,NN,AA,AG,TT,AT,CC,AC,GT,AT,AG,GG,CT,TT,AA,AA,GG,AA,NN,TT,AT,AG,TT,NN,CC,GG,TT,GT,AA,GG,CC,AA,AG,AA,AT,GG,TT,TT,AG,GG,GT,CC,AA,GG,AG,AA,CC,TT,CC,TT,CT,TT,GT,GG,CT,CC,GT,CC,CT,CG,AG,AA,TT,TT,CC,NN,AG,AA,CC,GG,TT,CG,TT,AA,AA,TT,CC,AG,CC,AA,CC,GT,CT,AA,CC,CC,CC,CC,AA,TT,CC,AA,CC,CC,AA,AT,AA,AA,GG,CT,CC,GG,AA,AG,AA,AA,GT,CC,CC,AA,AG,GG,GT,GG,AA,TT,TT,GG,CC,GG,GT,TT,CC,AA,TT,TT,NN,AT,CG,CC,AA,CC,CC,CC,CC,CC,AA,GG,AA,CC,TT,GG,GG,TT,GG,AA,AA,AA,NN,CC,GG,AA,CC,CC,GG,GG,AC,CC,TT,AC,AA,CC,GG,TT,CC,AT,AT,GT,TT,AT,AT,CG,GT,AT,CC,TT,TT,NN,GG,AG,CT,AA,TT,CC,TT,AA,CC,TT,CG,AA,CC,AG,CC,TT,TT,TT,GG,TT,AC,AC,AA,NN,CC,CC,GG,CC,GG,AT,AA,CC,TT,GG,CC,CG,AA,GG,CC,AA,CG,AT,AA,CC,CG,AC,TT,AA,GG,AA,AA,CC,AA,AG,AA,AG,AA,TT,GG,AA,NN,CC,AA,CT,AA,AA,GG,GG,GG,TT,AT,AA,TT,TT,TT,AA,AA,GG,GG,AA,3.38,Susceptible,Low,Premium,Late
L0731,Coimbatore,Tamil Nadu,Kharif,Red Loamy,Rainfed,650,29.5,68,AC,TT,GG,AG,GG,CC,GG,AT,CC,CG,AA,CC,CC,TT,TT,GT,GG,TT,TT,AA,CG,TT,GT,CC,TT,CC,TT,TT,GG,AA,TT,CT,AA,CC,GG,GG,GG,CG,GG,AC,TT,TT,NN,TT,AA,AG,TT,TT,CC,AC,GG,AA,AA,GG,CC,NN,TT,AC,GT,AA,AA,GT,AT,AA,TT,TT,CC,GG,TT,GT,AA,GG,CC,AA,NN,AC,AA,GG,TT,TT,GG,GT,GG,CC,AT,NN,AA,AA,CG,TT,AC,TT,CT,TT,GT,GG,TT,CC,GT,CT,CT,CC,AA,AA,TT,TT,CC,AA,GG,AC,CT,GG,TT,CC,TT,AA,AA,TT,CC,GG,CC,AG,CC,GG,TT,AA,CC,CG,CC,CC,AA,TT,CC,AA,CC,CC,AA,AA,AA,AA,GG,CC,CC,GG,AA,NN,AA,CC,GG,CC,CC,GG,AG,GG,TT,GG,AA,TT,TT,AA,AC,TT,TT,TT,CC,AT,TT,TT,AA,TT,GG,CC,NN,CC,CC,CC,GG,CC,AA,GG,AG,CC,TT,CC,GG,GT,GG,AT,AG,NN,TT,CC,GG,AA,CC,CC,GG,GG,AC,GG,NN,AC,AG,CC,GG,AA,CC,AA,AT,GT,GT,AT,TT,GG,GG,AA,CC,TT,TT,AA,GG,AA,TT,AA,NN,CC,CT,AC,CC,TT,GG,AA,CC,AA,CC,TT,CT,GT,GG,TT,AC,CC,AG,GT,CG,CC,GG,CG,GG,AT,AG,CC,NN,GG,CC,CG,AA,AG,CC,AT,CC,AT,AA,CC,CC,AA,TT,AA,GG,AA,AA,AC,AA,GG,AG,NN,AA,TT,GG,NN,AA,AC,AA,TT,AA,AA,GG,GG,GG,TT,AT,AA,GT,TT,TT,AG,TT,GG,NN,AC,4.27,Resistant,Low,Poor,Early
L0732,Coimbatore,Tamil Nadu,Kharif,Red Loamy,Rainfed,650,29.5,68,AA,TT,GG,GG,GG,CG,GT,TT,CC,CG,AA,TT,CC,AT,TT,GG,CC,TT,TT,AA,CC,TT,TT,CC,TT,CC,TT,TT,GT,AA,TT,CC,AA,CC,GG,GG,GG,CG,GT,CC,TT,CT,AA,TT,AG,AA,TT,TT,CC,AC,GT,AA,AG,GG,CC,GT,AA,AC,GT,AA,AG,TT,TT,AA,TT,AT,CC,GG,CT,GG,AG,GG,CC,AA,AG,AC,TT,GG,TT,TT,GG,GG,GG,CC,AA,GG,AA,AA,CC,GT,CC,TT,CT,AT,GT,NN,TT,CC,TT,CT,CC,GG,AG,AA,AT,GT,CC,AA,AG,AA,CC,NN,TT,CC,TT,AA,AA,TT,CC,GG,CC,AG,CC,GT,TT,AA,CC,CC,CC,NN,AA,TT,CC,AA,CC,CC,AA,TT,AA,AA,GG,CC,CC,GG,AG,AG,AA,CC,GT,CC,CC,AA,AA,GG,TT,GG,CC,GT,CC,GG,CC,TT,TT,CT,CC,AT,GT,TT,AA,TT,CG,CC,AA,CC,AC,CC,CG,AC,AA,GG,AG,CC,TT,CC,NN,TT,CG,TT,AA,AG,TT,CC,NN,AA,CC,CC,GG,GG,AA,GG,TT,AA,AA,CC,GG,AT,CC,AA,AA,GT,TT,TT,AT,CG,GT,AT,CC,AT,TT,AA,GG,AA,CT,AA,TT,CC,CT,AC,CC,TT,CC,AA,CC,GG,CC,TT,TT,TT,GG,TT,AC,AA,AA,GG,CC,CG,GG,CC,GG,TT,AA,CC,GG,GG,CC,CC,AA,GG,CC,AA,CC,AT,AA,CC,CG,CC,TT,AA,GG,AA,AA,AC,AA,AA,AG,AA,AA,AT,CG,AA,AA,CC,AC,TT,AA,AG,GG,GG,GG,TT,AA,AA,TT,TT,TT,AG,TT,GG,GG,AA,4.0,Susceptible,Low,Poor,Late
L0733,Coimbatore,Tamil Nadu,Kharif,Red Loamy,Rainfed,650,29.5,68,AC,CT,GG,AG,GG,CC,GG,TT,CC,CC,AT,CC,CC,AT,TT,GG,CC,TT,TT,AG,CG,TT,GT,CC,TT,CC,GT,AT,GG,AA,TT,CT,AA,CC,GG,CG,GG,NN,GG,CC,TT,CT,AA,TT,AA,GG,TT,AT,CC,AA,GG,AT,AA,GG,CT,GT,AA,AA,TT,AA,AG,TT,AT,AA,TT,AT,CC,GG,TT,NN,AA,GG,CC,AA,AG,AA,TT,AG,TT,TT,AG,GG,GG,CC,AA,AG,AA,AA,CC,GG,AC,TT,TT,TT,TT,GG,CT,CC,TT,CC,CC,CC,AG,AA,AT,TT,CC,AG,AG,AA,CC,GT,TT,CC,GT,AA,AA,TT,CG,GG,CG,GG,CC,GG,CT,AA,CT,CC,CC,CC,AA,GT,CC,AA,CC,CT,AA,TT,AA,AT,GG,CC,CC,GG,AG,AG,AA,NN,GG,CC,CC,AA,AG,GG,TT,AG,AC,GT,CT,GG,AC,GT,TT,TT,CC,AA,TT,TT,AA,AT,GG,CC,AG,CC,CC,CC,GG,AC,AA,GG,AA,NN,TT,CC,GT,GT,CG,TT,AA,AA,TT,CC,GG,AA,CC,CC,GG,GG,AA,GG,TT,AA,AA,CG,GG,AT,CC,AA,AT,GG,TT,TT,AA,CG,GT,AA,CG,TT,GG,AA,GG,AA,TT,AA,TT,CC,TT,AA,CC,TT,CC,GG,CC,AA,CC,TT,TT,TT,GG,TT,AA,AA,GG,GG,CC,CC,GG,CC,GG,TT,AG,CC,GT,NN,CC,CG,AA,GG,CC,AT,CC,AA,AA,AC,CC,AC,TT,AA,GG,AA,AA,AA,AC,AG,AA,AA,AA,TT,CC,NN,AG,AC,AC,CT,AA,AA,GG,GG,GG,NN,AT,AA,TT,AT,TT,AG,TT,GG,GG,AA,2.64,Susceptible,Low,Poor,Medium
L0734,Coimbatore,Tamil Nadu,Kharif,Red Loamy,Rainfed,650,29.5,68,AC,CT,GG,GG,GG,CC,TT,AT,CC,CC,TT,CC,CC,TT,TT,GG,GG,TT,TT,AG,NN,TT,GG,CC,TT,CC,TT,AT,GT,AA,TT,CC,AA,CC,GG,CG,GG,CG,GG,CC,TT,CC,AA,TT,AA,GG,TT,TT,CC,AC,GG,AT,AA,GG,CC,GT,AA,AA,GG,AA,AA,TT,AT,AG,TT,TT,CC,GG,TT,GG,NN,GT,NN,AA,AG,AA,AT,GG,TT,TT,AG,GG,GG,CC,AA,GG,AG,AA,CC,TT,CC,TT,CT,TT,NN,GG,TT,CC,GT,CC,CT,CC,AG,AA,TT,TT,CC,AA,AG,AA,TT,GG,TT,CC,TT,AA,CC,TT,CC,AG,CC,GG,CC,TT,TT,AA,CC,CC,CC,CC,AA,TT,CC,AA,CC,CC,AA,TT,AA,AA,GG,CC,CC,GG,AA,AG,AA,AC,GG,CG,CC,AA,AG,GG,TT,GG,AA,NN,NN,GG,AC,TT,GT,TT,CC,AA,TT,CT,AT,AT,CG,CC,AA,CC,CC,CC,CG,CC,AA,GG,GG,CC,TT,CC,GG,TT,CG,TT,AA,AA,TT,CC,GG,AA,AC,CG,CG,GG,AC,GG,TT,AC,AA,CC,GG,AA,CC,AA,AT,GG,TT,TT,AA,CG,GG,AT,CC,AT,TT,AA,GG,AA,TT,AA,TT,CC,TT,AC,AC,TT,CG,AA,CC,GG,AC,TT,CC,GT,GG,AT,AC,AC,AA,GG,CC,CG,GG,CC,GG,TT,AA,CG,TT,GG,CC,CC,AA,AG,CC,AT,CC,AT,AA,AC,CC,CC,AT,AA,GG,AA,AA,AA,AC,AA,GG,AG,AA,TT,GG,AA,AA,AA,AA,TT,AA,AA,CG,GG,GG,TT,AA,AA,TT,TT,TT,AG,AT,GG,GG,AA,2.15,Susceptible,Low,Premium,Late
L0735,Coimbatore,Tamil Nadu,Kharif,Red Loamy,Rainfed,650,29.5,68,AC,CT,GG,AG,GG,CG,GG,AT,CC,GG,AA,TT,CG,AT,TT,GG,GG,AT,TT,AA,CG,TT,GT,CC,TT,CC,TT,TT,GG,AA,CT,CC,AA,AC,GG,GG,GG,CC,GG,CC,TT,CT,AA,TT,AA,GG,TT,TT,CC,AC,GG,AA,AA,NN,CT,TT,AA,AC,GT,AA,AA,TT,AT,GG,CT,TT,CC,GG,TT,GG,NN,GG,AC,AA,AG,AC,AT,GG,TT,CT,GG,GG,GG,CC,AA,GG,AA,AA,CC,GT,AC,TT,CC,TT,GT,GG,TT,CC,TT,CC,CC,CG,GG,AA,TT,GT,CG,AG,AA,AA,CC,GG,TT,CC,TT,AA,AA,TT,CC,GG,CC,GG,CC,GT,TT,NN,CC,CC,CC,CC,AA,TT,AC,AA,CC,CT,AA,TT,AA,AA,GG,CC,CC,GG,AA,AG,AA,CC,GG,CC,CC,AA,AG,GG,TT,GG,AA,TT,TT,AG,AA,TT,GT,TT,CC,AA,GG,TT,AA,TT,GG,CC,AA,CT,CC,CC,CG,CC,AA,GG,AG,CC,TT,CC,NN,TT,GG,NN,AA,AA,TT,CC,GG,AC,CC,CC,GG,AG,AA,GG,TT,AA,AA,CC,GT,AT,AC,AT,AT,NN,TT,AA,AT,GG,GG,AT,CC,TT,TT,AA,GG,AA,CT,AC,TT,CC,TT,AC,CC,CT,GG,GG,CC,AG,CC,TT,CT,GG,GG,TT,AC,AA,AG,GG,CC,CC,GG,CC,GG,AT,AA,CC,TT,GG,CC,CC,TT,AA,CC,AT,CC,AA,AA,CC,CC,AC,TT,AA,GG,AA,AC,AC,AA,GG,AA,AA,AA,TT,GG,AA,AA,AC,AA,NN,AA,AA,GG,GG,GG,GT,AA,AA,GG,TT,TT,AG,TT,GG,GG,AA,2.75,Moderate,High,Poor,Medium
L0736,Coimbatore,Tamil Nadu,Kharif,Red Loamy,Rainfed,650,29.5,68,AC,TT,GG,AA,GG,CC,GG,TT,CC,CC,AA,CT,CC,AT,GT,GG,CG,TT,TT,AG,CC,GT,GT,CC,TT,CC,TT,TT,GG,AA,TT,CC,AA,CC,NN,CG,GG,CC,GG,CC,TT,TT,AA,TT,AA,AG,TT,TT,CC,AC,GG,AA,AA,GG,CC,TT,AA,AC,TT,AA,AG,TT,AT,AA,TT,AT,CC,GG,TT,GG,AG,GT,AC,AA,GG,AC,AA,GG,TT,TT,GG,NN,GG,CC,AA,GG,AA,AA,CC,TT,AC,TT,CC,TT,GT,GG,TT,CC,TT,CC,CC,CC,NN,NN,TT,TT,CG,AA,AG,AA,CT,GG,GT,CC,TT,AC,AA,TT,CG,AG,CC,GG,CC,GG,CT,AA,CT,CC,AC,CC,AA,TT,CC,AA,CC,CC,AA,AT,AG,AA,GG,CC,CC,GG,AG,AA,AA,AC,GT,CC,CG,AA,AG,GG,GT,GG,AA,GT,CT,GG,AC,GT,TT,CT,CG,AA,TT,TT,AA,TT,CG,CC,AG,CT,CC,CC,GG,CC,AA,GG,AG,CC,TT,CC,GG,TT,GG,TT,AA,AG,TT,CC,GG,AA,AC,CC,GG,AG,AC,CG,TT,AA,AA,CG,GT,AT,AC,AA,AA,GG,TT,TT,AT,GG,GT,TT,CC,AT,TT,AA,AG,AA,TT,AC,TT,CC,TT,AC,CC,TT,GG,AG,NN,GG,CC,TT,CT,GT,GG,TT,AA,AA,AG,GG,CC,CC,GG,CC,GG,TT,AG,CG,GT,GG,CC,CC,TT,GG,CC,AA,CC,AT,AA,CC,CC,CC,AT,AA,CG,AA,AA,AC,AA,NN,AG,AA,AA,AT,GG,AA,AG,AA,AA,TT,AA,AA,GG,GG,GG,TT,AA,AA,TT,TT,TT,AA,TT,GG,CG,AA,4.37,Susceptible,Medium,Poor,Early
L0737,Coimbatore,Tamil Nadu,Kharif,Red Loamy,Rainfed,650,29.5,68,AC,TT,AG,AG,GG,CC,GG,TT,CC,CC,AT,CC,CG,AT,TT,GG,CG,TT,TT,AG,NN,TT,TT,CC,NN,CC,NN,TT,GG,AA,TT,CC,AA,CC,AG,GG,GT,CC,GG,CC,TT,TT,AC,GG,AA,GG,CT,TT,CC,AC,GG,AT,GG,GG,CT,GT,AA,AA,GG,AC,AA,TT,TT,AA,TT,TT,CC,GG,TT,GG,AG,GG,CC,AA,GG,AC,AA,GG,GT,TT,GG,GG,GG,CC,AA,NN,AA,AT,CC,GT,CC,TT,CC,TT,TT,GG,TT,AC,GT,CC,CT,NN,GG,AA,TT,TT,CC,AA,AA,AA,CC,GG,GT,CC,TT,AC,AA,TT,CC,GG,CC,GG,CC,GT,TT,AG,CC,CC,CC,CC,AA,TT,CC,AA,CC,CC,AA,TT,AA,AT,GG,CC,CC,GG,AG,AA,AA,CC,GG,CC,CC,AA,GG,AG,GT,GG,NN,GT,CT,AG,AC,TT,TT,TT,CG,AA,TT,CT,AT,AT,GG,CC,GG,CC,CC,CC,GG,CC,AA,GG,AG,CC,TT,CC,GT,GT,GG,TT,AA,AA,GT,AA,CG,AC,CC,CC,GG,GG,AA,GG,TT,AA,AA,CC,TT,AA,AC,AA,AA,GG,TT,TT,AT,GG,GT,AA,CC,TT,TT,AA,GG,AA,TT,AA,AT,CC,CT,AA,AC,TT,CG,AA,CG,AA,CC,TT,TT,TT,GG,AT,AC,CC,AA,GG,CC,CC,GG,CC,GG,AA,AG,CC,TT,GG,CC,CC,AA,GG,CC,AA,CC,AA,AA,AC,NN,CC,AT,AA,GG,AA,AA,AC,AA,AG,AG,AA,AA,TT,GG,AC,AG,CC,AA,CT,AG,AA,GG,GG,GG,TT,AA,AA,GT,TT,TT,AA,AT,CG,CG,AA,2.71,Moderate,Medium,Standard,Medium
L0738,Coimbatore,Tamil Nadu,Kharif,Red Loamy,Rainfed,650,29.5,68,AC,CC,AG,AG,GG,CC,GT,TT,CC,CG,AA,CC,CG,AT,GT,GG,GG,TT,TT,AA,CG,GT,TT,NN,TT,CC,TT,AT,GG,AC,TT,CC,AA,CC,GG,GG,GG,CC,GG,CC,TT,TT,AA,GT,AA,GG,TT,TT,CC,CC,GG,AA,AA,GG,CC,GT,AA,AC,GT,AA,AA,TT,AT,AA,TT,TT,CC,GG,TT,GT,AA,GG,CC,AA,GG,NN,AA,GG,TT,TT,GG,GG,GG,CC,AA,GG,AA,AA,CC,GT,CC,TT,CT,TT,TT,GG,CT,CC,GT,CC,CC,CG,GG,AA,AT,TT,CC,AA,AG,AA,CC,GG,TT,CC,GG,AA,AA,TT,CC,GG,CG,GG,CC,GG,TT,AA,CT,CC,CC,CC,AA,TT,CC,AA,CC,CC,AA,TT,AA,AT,GG,CC,CC,GG,AA,AA,AA,CC,GG,CC,CC,AA,AG,GG,TT,GG,AA,TT,CT,GG,AC,GT,NN,CT,CC,AA,GT,TT,AT,AT,GG,CC,AA,CC,CC,CC,GG,CC,AA,GG,AG,CC,TT,CC,GG,GT,GG,AA,AA,NN,TT,CC,GG,AC,AC,CC,GG,GG,CC,CG,TT,AC,AA,CG,GG,AT,CC,AA,AA,GT,TT,TT,AA,GG,GT,AT,CG,TT,GT,AA,GG,AA,TT,AA,TT,CC,TT,AC,CC,CT,GG,AG,CC,GG,CC,TT,TT,TT,GG,TT,AA,AC,AG,GG,CC,CG,GG,CG,GG,AT,AA,CG,TT,GG,CC,CG,AT,GG,CG,AA,CG,AA,AG,AC,CG,AA,TT,AA,GG,AA,AA,CC,AC,GG,AG,AG,AA,AT,GG,AA,AG,AC,AC,TT,AG,AA,CG,GG,GG,TT,AT,AA,TT,TT,TT,AG,TT,GG,GG,AA,1.98,Susceptible,High,Premium,Medium
L0739,Coimbatore,Tamil Nadu,Kharif,Red Loamy,Rainfed,650,29.5,68,AA,TT,GG,AG,CG,CC,GT,TT,CC,CG,AT,CT,CG,AT,GT,GG,CG,TT,TT,AA,CC,TT,TT,CC,AT,CC,NN,TT,GG,AA,TT,CC,AA,CC,GG,GG,GG,CC,GG,CC,TT,CT,AA,GT,AA,AA,TT,TT,CC,AC,GG,AA,AG,GG,CC,TT,AA,AC,GT,AC,AA,GT,AT,AG,TT,AT,CC,GG,TT,GT,AA,GG,CC,AA,GG,AA,AT,GG,TT,TT,GG,GG,GG,CC,AA,GG,AA,AA,CC,GT,CC,TT,CC,AT,GG,GG,TT,CC,TT,CT,CT,CG,AG,AA,TT,TT,CC,AA,AG,AA,CC,GG,TT,CG,GT,AC,AC,TT,CC,GG,CG,GG,CC,GT,TT,AG,CT,CC,CC,CG,AG,TT,CC,AA,CC,CC,AA,TT,AA,AT,GG,CC,CC,GG,AA,AG,AA,CC,GG,CC,CG,AA,AA,GG,TT,AG,AA,TT,TT,GG,AC,TT,TT,TT,CG,AT,GT,TT,AA,AT,GG,CC,AG,CT,CC,CC,CG,CC,AA,GG,GG,CC,TT,CG,GT,GT,GG,TT,AA,AA,TT,AC,GG,AC,AC,CG,GG,GG,NN,GG,CT,CC,AA,CC,GG,AT,CC,AT,AA,GG,TT,TT,AA,CG,TT,AA,CC,AT,TT,AA,GG,AA,TT,AA,TT,CC,TT,AA,CC,TT,GG,NN,CC,AA,AC,TT,TT,TT,GG,TT,AC,AC,AA,GG,CC,CC,GG,CC,GG,AT,AA,CG,GT,GG,CC,CC,AT,GG,CC,AT,CG,AA,AA,AA,CG,CC,TT,AG,GG,AA,AA,CC,AA,AG,AA,AG,AA,AA,GG,AA,AG,AC,AA,CT,AA,AA,GG,GG,GG,TT,AA,AG,GT,TT,TT,AA,TT,GG,GG,AA,3.7,Susceptible,Medium,Poor,Late
L0740,Coimbatore,Tamil Nadu,Kharif,Red Loamy,Rainfed,650,29.5,68,AC,TT,GG,AG,GG,CC,GT,AT,CC,CG,AA,CT,CC,TT,TT,GG,CG,TT,TT,AA,CC,GT,TT,CT,AT,CC,TT,TT,GG,AA,TT,CC,AA,CC,AG,GG,GG,CC,GG,AC,TT,TT,AA,TT,AG,GG,TT,TT,CG,AA,GT,AT,AA,GG,CC,TT,AA,AA,GG,NN,AG,TT,AT,AA,TT,TT,CC,GG,TT,GG,AG,GG,CC,AA,GG,AC,AT,AG,TT,TT,GG,GT,GG,CC,AT,AG,AA,AA,CC,TT,AA,TT,CT,AT,GT,GG,TT,CC,NN,CC,CC,CG,AG,AA,TT,GT,CG,AA,AG,AC,CC,GG,TT,CC,TT,AC,AC,TT,CC,GG,CC,GG,CC,GG,CT,AA,CT,CC,CC,CC,AA,TT,CC,AA,CC,CC,AA,TT,AA,AT,GG,CC,CC,GG,AA,AG,AA,CC,GG,CC,CG,AA,AA,GG,GT,AG,AA,GT,TT,GG,AC,GG,TT,CT,CC,AT,GT,TT,AA,TT,GG,CC,AA,CT,CC,CC,GG,AC,AA,AG,AA,CC,TT,CC,TT,GT,GG,AT,AA,AA,TT,CC,GG,AA,AC,CG,GG,GG,NN,GG,TT,AA,AA,CC,GT,AA,CC,AA,AT,GG,TT,TT,AT,GG,GT,AA,CC,AT,TT,AA,GG,AA,CT,AA,TT,CC,CT,AA,CC,CC,CG,AG,CC,AG,CC,TT,TT,TT,GG,TT,AA,AC,AA,GG,CC,CC,GG,CC,GG,AT,AA,CC,TT,GG,CC,CC,AA,GG,CC,TT,CG,AA,NN,AC,CG,CC,TT,AA,GG,AA,AA,AC,AA,GG,GG,AG,AA,TT,GG,AA,AA,AC,AA,TT,AA,AG,CG,GG,CG,TT,AA,AA,GT,TT,TT,AA,TT,GG,GG,AA,1.02,Moderate,Medium,Poor,Early
L0741,Coimbatore,Tamil Nadu,Kharif,Red Loamy,Rainfed,650,29.5,68,CC,TT,GG,AA,GG,CC,GT,TT,CG,CG,AA,CC,CG,TT,TT,GT,CG,TT,TT,AG,CC,TT,GG,CT,TT,CC,TT,AA,GG,AA,CT,CC,AA,CC,GG,GG,GG,CC,GT,CC,TT,TT,AC,TT,AA,GG,TT,TT,CC,AA,GG,AA,AG,GG,CT,TT,AA,AC,TT,AC,AA,TT,TT,GG,TT,TT,CC,GG,TT,GG,AA,GG,CC,AA,GG,AC,TT,GG,GT,TT,GG,GG,GG,CC,AT,AG,AA,AA,CC,TT,CC,TT,CT,TT,TT,GG,CT,CC,TT,CC,CT,CC,GG,AA,TT,TT,CC,AA,GG,AA,CC,GT,TT,CC,GT,NN,NN,TT,CC,AG,CG,GG,CC,GT,CT,AG,CC,CC,CC,CC,AA,TT,CC,AA,CC,CT,AA,TT,AA,AA,GG,CC,CC,AG,AG,AG,AT,CC,GG,CG,CC,AG,AA,GG,TT,GG,AC,GT,CC,GG,CC,TT,GT,TT,CC,AA,GT,TT,AA,NN,GG,CC,AG,CC,CC,AC,GG,CC,AA,GG,AG,CC,TT,CC,GG,TT,GG,AA,AA,AA,TT,CC,GG,AA,CC,CC,GG,AG,AA,GG,TT,AA,AA,CC,GG,AT,CC,AA,AT,GG,TT,TT,AA,GG,GT,AT,CC,TT,GT,AA,GG,AA,TT,AC,TT,CC,TT,CC,CC,NN,GG,AA,CG,AG,AC,TT,CT,GG,GG,AT,AA,CC,AA,GG,CC,CG,GG,CC,GG,TT,AA,CG,TT,GG,CC,CC,AA,AG,CC,AT,CG,AT,AA,CC,CC,CC,AT,AA,GG,AA,CC,AA,AA,AG,AG,AA,AA,AT,CG,NN,AA,AC,AA,CC,AG,AA,GG,GG,GG,TT,AA,AA,TT,TT,TT,AA,TT,GG,GG,AA,4.02,Susceptible,Low,Premium,Medium
L0742,Coimbatore,Tamil Nadu,Kharif,Red Loamy,Rainfed,650,29.5,68,AC,TT,AG,AG,GG,CC,GG,TT,CC,CC,AA,CC,CC,TT,TT,GG,GG,TT,TT,AA,CC,TT,GT,CC,TT,CC,GG,TT,GT,AA,TT,CT,AA,CC,GG,GG,GG,CC,GG,CC,TT,TT,AA,TT,AA,GG,CT,TT,CC,AA,TT,AT,AG,GG,CC,TT,AA,NN,GT,AA,AA,TT,AT,AA,TT,AA,CC,GG,TT,GT,AA,GG,CC,AA,AG,AA,AT,AG,NN,TT,GG,GT,GG,AC,AA,GG,AG,AT,CG,TT,CC,TT,NN,TT,TT,GG,TT,CC,GT,CC,CC,CG,GG,AA,TT,TT,CG,AA,AG,AA,CC,GG,TT,CC,GT,AC,AC,TT,CC,AG,CC,AG,CC,GG,TT,AA,CT,CC,CC,CC,AA,TT,CC,AA,CC,CC,AA,TT,AA,AA,GG,CT,CC,GG,AA,AA,AA,CC,GG,CC,CC,AA,AA,GG,TT,GG,CC,TT,TT,AG,CC,GT,TT,TT,CC,AA,TT,TT,AA,NN,CG,CG,AA,CT,CC,CC,CG,CC,AA,GG,AA,CC,TT,CC,GT,TT,GG,AT,AA,AA,TT,CC,GG,AA,CC,CC,GG,GG,AA,GG,TT,AA,AA,CC,GG,AT,CC,AT,AA,GG,TT,TT,AA,CG,GG,AA,CC,TT,GT,AA,GG,AA,CT,AA,TT,CC,CT,CC,CC,CT,CG,AG,CC,AG,AC,TT,TT,TT,GG,TT,AA,AA,GG,GT,CC,CC,GG,CC,GG,AA,AA,CC,TT,GG,CC,CG,AA,GG,CC,AT,CC,AA,AA,AC,CC,CC,TT,AA,NN,AA,AA,AA,AA,AG,AG,AA,AA,TT,GG,AC,AG,CC,AA,CT,AA,AG,GG,GG,GG,GT,AA,AA,NN,TT,TT,AA,TT,GG,GG,AA,1.42,Susceptible,High,Premium,Medium
L0743,Coimbatore,Tamil Nadu,Kharif,Red Loamy,Rainfed,650,29.5,68,AC,TT,GG,AA,GG,CC,GT,AT,CC,CC,AA,CC,CG,TT,GT,GG,CG,TT,TT,AA,CC,TT,TT,CC,TT,CC,TT,TT,GG,AA,CT,CC,AA,CC,GG,GG,GG,CC,GG,CC,TT,CT,AA,TT,AA,GG,TT,AT,CC,AC,GG,AA,AA,GG,CC,TT,AA,AC,GT,AC,AA,TT,TT,AA,TT,AT,CT,GG,CT,GT,AA,GG,CC,AA,GG,AC,AT,GG,TT,NN,GG,GT,GG,CC,AA,GG,AA,AT,CC,TT,CC,TT,CT,TT,TT,AG,TT,CC,TT,CC,CC,CG,GG,AG,TT,GT,CC,AA,AA,AA,CT,GG,TT,CC,TT,AC,AA,TT,CC,GG,NN,GG,CC,GT,TT,AA,CC,CC,CC,CC,AA,TT,CC,AA,CC,CT,AA,TT,AG,AA,CG,CC,CC,GG,AA,AG,AA,AC,GG,CC,CC,AA,AA,GG,TT,GG,AC,GT,CT,GG,AC,TT,TT,TT,CC,AT,GT,TT,AA,TT,GG,CC,AG,CT,CC,CC,GG,CC,AA,GG,AA,CC,TT,CC,GG,GT,CG,AT,AA,AA,TT,CC,NN,AA,CC,GG,GG,GG,AC,GG,TT,AA,AG,CC,GG,AT,CC,AT,AT,GT,TT,TT,AA,GG,GT,AA,CC,TT,GT,AA,GG,AA,CT,AA,TT,CC,TT,AC,CC,TT,GG,AG,CG,AG,AC,TT,TT,GG,CG,TT,AC,NN,AA,GG,CC,CC,GG,CC,GG,AA,AA,CC,TT,GG,CC,CC,AA,AA,CC,AA,CC,AA,AA,AA,GG,AC,TT,AG,NN,AA,AC,AA,AA,AG,AA,AG,AA,TT,GG,AA,AA,AC,AC,TT,AA,AA,GG,GG,GG,TT,AA,AA,TT,TT,TT,AG,TT,GG,CC,AA,2.15,Susceptible,High,Poor,Late
L0744,Coimbatore,Tamil Nadu,Kharif,Red Loamy,Rainfed,650,29.5,68,AC,TT,GG,GG,CG,CC,GT,TT,CC,CG,AA,CC,CC,AT,TT,GG,GG,TT,TT,AA,CC,TT,GT,CC,AT,CC,GT,AA,GG,AA,TT,CC,AA,AC,GG,GG,GG,CC,GG,CC,TT,TT,AC,NN,AA,GG,TT,TT,CC,AC,GG,AA,AA,GG,CC,GT,AA,AA,GT,AA,AG,GT,TT,AA,TT,AT,CC,GG,TT,GG,AA,GG,CC,AA,GG,AC,AT,GG,TT,TT,GG,GT,GT,CC,AA,GG,AG,AA,CC,GT,CC,GT,CC,TT,TT,GG,TT,NN,GT,CC,CC,CG,GG,AA,TT,TT,CC,AA,GG,AA,CT,GG,TT,CC,TT,AA,AA,AT,CC,AG,CC,AG,CT,GG,CT,AA,CC,CC,AC,CC,AA,TT,CC,AA,CC,CC,AA,TT,AA,AA,GG,CT,CC,GG,AA,AG,AA,AC,TT,CC,CC,AA,AA,GG,TT,GG,CC,GT,TT,GG,CC,GT,TT,TT,NN,AT,GT,CT,AT,TT,GG,CG,AA,CT,CC,CC,CC,CC,AA,AG,AA,CC,TT,CG,GG,GT,GG,TT,NN,AA,TT,CC,GG,AA,NN,CC,GG,GG,AA,GG,TT,AC,AA,CC,GG,NN,CC,AA,AA,GG,TT,AT,AT,GG,GT,AA,CG,NN,TT,AA,GG,AA,CT,AA,AT,CC,CT,AA,CC,TT,GG,AG,CC,AA,AC,TT,TT,GT,GG,TT,AA,CC,AG,GT,CC,CC,GG,CC,GG,AT,AA,CC,TT,GG,CC,CC,AA,AA,CC,AT,CC,AA,AA,AC,CC,AA,TT,AA,GG,AA,AC,AC,AC,GG,GG,AG,AA,TT,GG,AA,AA,CC,AC,TT,AG,AG,GG,GG,GG,TT,AA,AA,GT,TT,NN,AG,AT,GG,GG,AA,2.79,Susceptible,Medium,Premium,Early
L0745,Coimbatore,Tamil Nadu,Kharif,Red Loamy,Rainfed,650,29.5,68,AC,TT,GG,AA,GG,CG,GG,TT,CC,CG,AA,CC,CG,TT,TT,GT,GG,TT,TT,AA,CC,TT,TT,CC,TT,CC,TT,TT,GT,AA,TT,CT,NN,CC,GG,GG,GG,CC,GG,CC,TT,TT,AA,TT,AA,GG,TT,TT,CC,NN,GT,AA,AG,GG,CC,TT,AA,AA,GT,AA,AA,GT,TT,AA,TT,TT,CC,GG,CT,GG,AG,GG,AC,AA,AG,AA,AA,GG,TT,CT,GG,GT,GG,CC,AT,GG,AA,AA,CG,GT,CC,GT,CC,TT,GT,GG,TT,CC,TT,CC,CC,CC,GG,AA,TT,GT,GG,AA,AA,AC,CC,GG,TT,NN,TT,AC,AC,TT,CC,GG,CC,GG,CC,GG,CC,AA,CC,CC,CC,CC,AA,TT,AC,AA,CC,CT,AA,TT,AA,AA,GG,CC,CC,GG,AA,AA,AA,CC,GT,CC,CC,AA,AG,GG,GT,GG,NN,NN,TT,GG,CC,GT,TT,TT,GG,AT,TT,TT,AA,AT,GG,CC,AA,TT,CC,CC,CG,CC,AA,GG,AA,CC,TT,CC,GG,TT,GG,AA,AA,AG,TT,CC,GG,AA,AC,CC,GG,GG,AA,GG,TT,AC,AG,CC,GG,AA,CC,AA,AT,GG,TT,AA,AT,GG,TT,AT,CC,TT,GT,AA,GG,AA,TT,AA,TT,CC,CT,AA,CC,TT,CG,AA,CC,AG,CC,TT,TT,TT,GG,AT,AA,CC,AG,GG,CC,CG,GG,CC,GG,AA,AA,CG,TT,GG,CC,CC,AT,GG,CC,AT,CC,AA,AA,CC,GG,AC,TT,AA,GG,AA,AC,AA,AA,AG,AG,AA,AA,TT,CG,AC,AA,CC,CC,CT,AA,AA,CG,GG,GG,TT,AT,AA,GT,TT,TT,AA,AT,GG,GG,AA,3.56,Resistant,Medium,Standard,Early
L0746,Coimbatore,Tamil Nadu,Kharif,Red Loamy,Rainfed,650,29.5,68,CC,TT,GG,AA,GG,CG,GT,TT,CC,CC,AT,CT,CC,TT,TT,GG,CC,TT,TT,AA,CC,TT,TT,CC,TT,CC,TT,TT,GG,AA,CT,CC,AA,CC,GG,GG,GG,CG,GT,CC,TT,TT,AA,TT,AA,GG,TT,NN,CC,AC,GG,AA,AA,GG,CC,TT,AA,AA,GG,AA,AA,TT,AT,AA,TT,TT,TT,GG,CT,GG,AA,GT,CC,AA,GG,AC,AT,GG,TT,TT,AG,GG,GG,CC,AT,GG,AA,AA,CC,GT,CC,TT,CT,TT,TT,GG,TT,CC,GT,CC,CC,CC,AG,AA,TT,TT,CC,AA,AG,AA,CT,GG,TT,CC,TT,AA,AA,AT,CG,GG,CC,GG,CC,GG,CT,AA,CT,CC,CC,CC,AA,TT,CC,AA,CC,CC,AA,TT,AA,AA,GG,CC,CC,GG,AA,AA,TT,AC,GG,CC,CC,AA,AA,AG,GT,GG,CC,TT,TT,GG,CC,GT,TT,TT,CC,AT,GT,TT,AA,AA,CG,CC,GG,CC,CC,CC,CG,CC,AA,GG,AA,CC,TT,CC,GG,TT,GG,TT,AA,AA,TT,CC,GG,NN,CC,CC,GG,GG,CC,GG,TT,AA,AG,CC,GG,AT,AC,AA,AA,GT,TT,TT,TT,CG,GT,AA,CC,AT,TT,AA,GG,AA,TT,AA,TT,CG,TT,AC,CC,TT,NN,GG,CG,AG,AC,TT,CT,TT,GG,TT,AA,AC,AA,GG,CC,CG,GG,CC,GT,TT,AA,CC,TT,GG,CG,CC,NN,GG,NN,AA,CC,AA,AG,CC,CG,AA,TT,AA,GG,AA,AA,AC,AA,GG,AG,AA,AA,AT,GG,AA,AA,AC,AA,TT,AA,AA,GG,GG,GG,TT,AA,AA,GT,TT,TT,AG,TT,GG,GG,AC,1.52,Resistant,Low,Standard,Medium
L0747,Coimbatore,Tamil Nadu,Kharif,Red Loamy,Rainfed,650,29.5,68,AA,TT,GG,AG,CG,CC,GG,AT,CC,CC,AA,CC,CG,AT,GT,GG,GG,TT,TT,AA,CG,TT,TT,CC,TT,CC,TT,TT,GG,AC,TT,CT,AG,CC,GG,GG,GG,CG,GG,CC,TT,CT,AA,TT,AA,GG,TT,AA,CC,AA,GG,AA,AA,GG,CC,TT,AA,AA,TT,AC,AG,TT,TT,AA,TT,TT,CC,GG,TT,GG,AA,GT,AC,AA,GG,AA,AA,GG,TT,TT,GG,GG,GG,CC,AA,GG,AA,AT,CC,TT,AC,TT,CC,TT,TT,GG,TT,CC,GT,CC,CC,CC,GG,AA,TT,TT,CG,NN,AA,AC,CC,GG,TT,CC,TT,AA,AC,TT,NN,GG,CC,AG,TT,GT,CT,AA,CC,CC,AC,CC,AA,TT,CC,AA,CC,CC,AA,AT,AG,AA,GG,CT,CC,GG,AG,AA,AA,CC,NN,CC,CC,AA,AA,GG,TT,GG,AA,GT,TT,GG,AC,GT,GG,TT,CG,AA,GT,TT,AT,AT,CC,CC,AA,CT,AC,CC,CG,CC,AA,AG,AA,CC,TT,CC,GG,GT,GG,AT,AA,AG,GT,CC,GG,AA,AC,CC,GG,GG,AC,GG,TT,AA,AA,CC,GG,AA,CC,AA,TT,GG,GT,TT,AA,GG,GG,AT,CC,TT,GT,AA,NN,AA,TT,AA,TT,CC,CT,AA,CC,TT,CG,AG,NN,AG,CC,AT,TT,GT,CG,TT,AA,AC,AA,GG,CC,CG,GG,CC,GG,AT,AA,CC,GT,GG,CC,CG,AT,GG,CC,AA,CG,AT,AA,AC,GG,AC,TT,AA,CG,AA,AC,AA,AA,AG,GG,AA,AA,AT,CG,AA,AG,CC,AA,TT,AA,AA,GG,GG,GG,TT,AA,AA,TT,TT,TT,AG,TT,GG,GG,AA,3.19,Susceptible,Low,Premium,Early
L0748,Coimbatore,Tamil Nadu,Kharif,Red Loamy,Rainfed,650,29.5,68,AA,TT,AG,AG,GG,CC,GG,AT,CG,CC,NN,CC,CC,AT,TT,GG,GG,TT,TT,AA,CC,GG,TT,CC,TT,CC,GT,TT,GG,AA,TT,CC,AA,AC,GG,GG,GG,CC,GG,CC,TT,TT,AA,TT,AA,GG,TT,TT,CC,AC,GT,AA,AA,NN,CT,TT,AA,AA,GT,AA,AA,TT,AT,AG,TT,AT,CC,GG,CT,GT,AG,GG,CC,AA,GG,AC,AT,GG,TT,TT,GG,GG,GG,CC,AA,GG,AA,AT,CC,TT,CC,TT,CC,AT,TT,GG,TT,CC,GT,CC,CC,CG,AA,AA,AT,TT,CG,AA,AG,AA,CC,GG,TT,CG,NN,AA,AA,TT,CC,GG,CC,GG,CC,GG,TT,AA,CT,CC,CC,CC,AA,TT,CC,AA,CC,CC,AG,TT,AA,AA,GG,TT,CC,NN,AA,AA,AA,AC,GG,CC,CC,AA,NN,AA,TT,AG,AA,TT,CT,AG,AC,GT,GT,TT,CG,AA,TT,TT,AA,AT,GG,CC,AG,CC,CC,CC,CC,CC,AA,GG,AG,CC,TT,CG,GT,TT,CG,AA,AA,AA,TT,CC,GG,AC,CC,NN,GG,GG,AC,GG,TT,AC,AA,CC,GG,AA,CC,AA,AA,GG,TT,TT,AA,GG,GT,AA,CC,TT,GT,AA,GG,AA,CT,AA,TT,CC,TT,AC,CC,CT,GG,AG,CC,AA,CC,TT,TT,GT,GG,TT,AA,CC,AG,GG,CC,CG,GG,CC,GG,TT,GG,CC,TT,AG,CC,CC,AA,GG,CC,AT,CC,AA,AA,CC,CC,AC,TT,AA,GG,AA,AC,AA,AA,AG,AG,AG,AA,AT,CG,AC,AA,CC,AC,CT,NN,AA,GG,GG,GG,TT,AA,AG,TT,TT,TT,AG,TT,GG,GG,AA,0.87,Susceptible,Medium,Standard,Medium
L0749,Coimbatore,Tamil Nadu,Kharif,Red Loamy,Rainfed,650,29.5,68,AC,TT,AG,AG,GG,CC,GG,TT,CC,CC,AA,CT,CC,TT,GT,GG,CG,TT,TT,AG,CG,TT,GT,CC,TT,TT,GT,TT,GG,AA,TT,CC,AA,CC,GG,GG,GG,CG,GG,CC,TT,CT,AA,GT,AA,GG,TT,TT,CC,AC,GG,AA,AA,GG,CC,GT,TT,AA,GT,AA,AA,TT,AA,AG,TT,AT,NN,GG,TT,GG,AA,GG,NN,AA,GG,AA,AT,GG,GT,TT,GG,GG,GG,CC,AA,GG,AG,AA,CC,GG,AC,TT,TT,TT,TT,GG,CT,AC,GT,CC,CC,CC,GG,AA,TT,TT,CC,AA,AG,AA,CT,GG,GT,CG,GT,AA,AA,TT,CC,AG,CC,GG,CC,GT,CT,AA,CT,CC,CC,CG,AA,TT,CC,AA,CC,CT,AA,TT,AA,AT,CG,CT,CC,GG,AA,AA,AA,CC,GG,CC,CC,AA,AA,GG,TT,AG,AC,TT,TT,AG,CC,GT,GT,TT,CC,AA,GT,TT,TT,TT,CG,CC,NN,CC,CC,CC,CG,AC,AA,GG,AA,CC,TT,CG,GT,TT,GG,AA,AA,AA,GT,CC,CG,AC,CC,CC,GG,GG,AC,GG,CT,AC,AA,CG,GG,AA,CC,AA,AA,GT,TT,TT,AA,GG,GT,AA,CG,AA,GT,AA,GG,AA,CT,AA,TT,CC,CT,AC,CC,CT,CC,AA,CC,AG,CC,AT,TT,GT,GG,TT,AA,AC,AA,GG,CC,CG,GG,CC,GG,AA,AA,CC,TT,GG,CC,NN,AT,GG,CC,AT,CC,NN,AA,AC,CC,AC,TT,AA,GG,AA,AC,AA,AA,AG,AG,GG,AA,AT,GG,AC,GG,CC,AA,CC,AG,AA,GG,GG,GG,TT,AT,AA,TT,TT,TT,AA,AT,GG,GG,AA,3.01,Susceptible,Low,Premium,Late
L0750,Coimbatore,Tamil Nadu,Kharif,Red Loamy,Rainfed,650,29.5,68,AC,CT,GG,GG,GG,CC,GT,AT,CC,CC,AA,CC,CG,AT,TT,GT,CG,TT,TT,AG,CC,TT,GT,NN,TT,CC,TT,TT,GT,AA,TT,CT,AA,CC,GG,GG,GG,CC,GG,AC,TT,CT,AA,TT,AA,AG,TT,AT,CC,AC,GG,AA,AA,GG,CT,TT,AT,AA,TT,CC,AA,TT,AT,AG,TT,AT,CC,GG,TT,GG,AG,GG,CC,AA,GG,AA,AT,GG,TT,TT,GG,GG,GG,CC,AA,GG,AA,AA,CC,GT,CC,TT,CT,TT,TT,GG,TT,CC,TT,CC,CC,CC,GG,AA,TT,TT,CG,AG,AG,AC,CT,GT,TT,CC,TT,AA,AA,NN,CC,GG,CG,AG,CT,GT,TT,AG,CC,CC,CC,CC,AA,TT,CC,AA,CC,CC,AA,TT,NN,AA,GG,CT,CC,GG,NN,AG,AA,CC,GT,CC,CG,AA,AG,GG,TT,GG,AA,TT,CT,GG,AC,TT,GT,TT,CC,AA,GT,TT,AA,NN,GG,GG,AG,CT,AC,CC,GG,AC,AA,GG,AA,CC,TT,CC,TT,TT,CG,TT,AA,AA,TT,CC,GG,AA,CC,CC,GG,GG,AC,GG,TT,AC,AA,CC,GG,AT,AC,AA,AA,GG,TT,TT,AA,GG,TT,AA,CG,AA,GG,AA,GG,NN,TT,AA,TT,CC,CT,AA,CC,TT,CG,AA,CG,AG,CC,TT,TT,GT,GG,TT,AC,CC,AA,NN,CC,CG,GG,CC,GG,TT,AA,CC,TT,GG,CC,CG,AA,AG,CC,AA,CG,AA,AA,AC,CG,AC,AT,AA,GG,AA,AA,AC,AA,AG,AG,AA,AG,AA,GG,AC,AG,AC,AC,TT,GG,AG,GG,GG,CG,GT,AA,AG,TT,TT,TT,GG,TT,GG,GG,NN,4.67,Susceptible,Low,Poor,Late
L0751,Coimbatore,Tamil Nadu,Kharif,Red Loamy,Rainfed,650,29.5,68,AC,TT,GG,AA,GG,CC,GG,TT,CC,CC,AA,CC,CC,TT,TT,GG,GG,TT,TT,AG,NN,TT,GT,CC,TT,CC,TT,TT,GT,AA,TT,CC,AA,CC,GG,CG,GG,CC,GG,CC,GT,CT,AC,TT,AG,GG,TT,TT,CC,CC,GG,AA,AA,GG,CT,GT,AA,AC,GT,AA,AA,TT,AT,AA,TT,AT,CC,GG,TT,GG,AA,GG,CC,AA,GG,AA,TT,GG,TT,TT,GG,GT,GT,CC,AA,GG,AA,AA,CC,GG,NN,TT,CT,TT,GT,GG,TT,CC,GG,CC,CC,CG,GG,AA,AA,TT,CG,AA,AA,AA,CC,GG,TT,CC,GT,AC,AC,AT,CG,GG,CC,GG,CC,GG,CT,AA,CT,CC,CC,CC,AA,GT,CC,AA,CC,CC,AA,TT,AA,AA,CG,CT,CC,AG,AA,GG,AA,AC,GG,CC,CC,AG,AA,AG,TT,GG,AC,GT,CT,GG,AC,TT,TT,TT,CC,AA,TT,TT,AA,TT,GG,CC,AG,CT,CC,CC,CG,CC,AA,GG,AA,CC,TT,CC,GG,GT,GG,AT,AA,AG,GT,CC,GG,AA,CC,CC,GG,GG,AC,GG,TT,AA,AA,CG,GT,TT,AC,NN,TT,GG,TT,NN,TT,GG,GG,AT,CG,AT,TT,AA,GG,AA,TT,AA,TT,CC,CT,AA,CC,TT,GG,AG,CC,AG,CC,TT,TT,GT,GG,TT,AA,CC,AG,GG,CC,CC,GG,CC,GG,TT,AA,CC,NN,GG,CC,CC,AT,GG,CG,AT,CC,AA,AA,CC,CC,AC,TT,AA,CC,AA,AC,AC,AA,AG,AA,AG,AG,TT,GG,AA,AA,AC,AA,CT,AA,AA,GG,GG,GG,GT,AA,AA,TT,TT,TT,AA,AA,GG,GG,AA,4.19,Moderate,Medium,Standard,Early
L0752,Coimbatore,Tamil Nadu,Kharif,Red Loamy,Rainfed,650,29.5,68,AA,TT,GG,AG,NN,CC,GG,TT,CC,NN,AA,CT,CG,TT,TT,GG,GG,TT,NN,AA,CC,TT,GT,CT,AT,CC,TT,TT,GG,AA,TT,CC,AA,CC,GG,GG,GG,CC,GG,CC,TT,TT,AA,TT,AG,GG,TT,TT,CC,CC,GT,AA,AA,GG,CC,TT,AA,AA,GG,AC,AA,GT,TT,NN,TT,TT,CC,GG,TT,GT,AA,GG,CC,AA,GG,AC,AA,GG,TT,TT,GG,GG,GG,CC,AA,GG,AA,AA,CC,GT,AC,TT,CT,TT,TT,GG,TT,CC,GT,CC,CT,CC,AG,AA,TT,TT,CC,AA,GG,AA,TT,NN,GT,CC,GT,AA,AA,TT,CC,AG,CC,GG,CC,GT,NN,AA,CC,CC,CC,CC,AA,TT,CC,AA,CC,CC,AA,AT,AA,AA,GG,CC,CC,GG,AA,AG,AA,CC,GG,CC,CC,AA,AA,AA,GT,GG,AA,TT,TT,GG,AC,GT,TT,NN,CG,AA,GT,TT,AT,AT,GG,CC,AG,CC,CC,CC,GG,AC,AA,GG,AA,CC,TT,CC,GT,TT,CG,AT,AA,AG,TT,AC,GG,AA,CC,CC,GG,GG,AC,GG,TT,AA,AA,CC,GG,AA,CC,AA,AA,GG,GT,TT,AA,CG,GT,AT,CC,AT,TT,AA,GG,AA,CT,AA,TT,CC,CT,AC,CC,TT,CG,AG,CC,AG,CC,TT,TT,GG,GG,TT,AA,AC,AG,GG,CC,CC,GG,CC,GG,TT,AA,CC,GT,GG,CC,CC,AA,AG,CC,AA,CG,AA,AA,AC,GG,AC,TT,AA,GG,AT,AA,AA,AA,GG,AG,AA,AA,TT,GG,AC,AA,AC,AA,TT,AA,AA,GG,GG,CG,GT,AA,AA,TT,TT,TT,AG,TT,GG,GG,AA,3.46,Moderate,Low,Standard,Early
L0753,Coimbatore,Tamil Nadu,Kharif,Red Loamy,Rainfed,650,29.5,68,AA,CT,GG,AA,GG,CC,GT,TT,CC,CC,AA,CC,NN,TT,TT,GG,GG,TT,TT,AA,CG,TT,GG,NN,TT,CC,TT,AT,GT,AA,TT,CC,AA,CC,GG,GG,GT,CG,GG,CC,TT,CT,AA,TT,AG,AG,TT,AT,CC,AA,GG,AA,AG,NN,CT,GT,AA,AC,GG,AA,AA,TT,TT,GG,TT,TT,CC,GG,TT,GG,AG,GG,CC,AA,GG,AC,TT,GG,TT,TT,GG,GG,GG,CC,AA,GG,NN,AA,CC,TT,AC,TT,CT,TT,TT,GG,TT,CC,GG,CC,CT,CC,AG,AA,TT,TT,CC,AA,AA,AC,CT,GG,TT,CC,TT,AA,AC,TT,CC,AA,CG,GG,CC,GG,TT,AA,CT,CC,CC,CC,AA,TT,CC,AA,CC,NN,AA,TT,AA,AA,GG,CT,CG,GG,AA,AG,AA,AC,GG,CC,CC,AA,AA,AG,GT,GG,AA,TT,CC,GG,CC,TT,TT,CT,CG,AA,GT,TT,AA,AT,GG,CC,AG,CT,CC,CC,GG,AC,AA,GG,AG,CC,TT,CC,GG,TT,CG,TT,AA,AA,TT,AC,GG,AA,CC,CC,GG,GG,NN,GG,TT,AC,AA,CC,GT,AA,AC,AA,NN,GG,TT,AT,AT,CG,GT,AA,CG,AT,GT,AA,GG,AA,CT,AA,TT,CC,TT,AA,CC,TT,NN,AG,CC,AG,CC,TT,TT,TT,GG,TT,AA,CC,AG,GG,CC,CG,GG,CC,GG,TT,AG,CC,GT,GG,CC,CC,AA,GG,CG,AA,CG,AA,AA,CC,GG,AC,TT,AA,GG,AA,AA,AC,AA,AG,AA,AG,AA,TT,GG,NN,AG,CC,AA,TT,NN,AA,GG,GG,GG,TT,AA,AA,GT,TT,AT,AG,AT,GG,GG,AA,2.5,Susceptible,High,Standard,Early
L0754,Coimbatore,Tamil Nadu,Kharif,Red Loamy,Rainfed,650,29.5,68,AC,TT,GG,AG,GG,CC,GG,TT,CC,CG,AA,CT,CG,AT,TT,GG,GG,TT,TT,AG,CC,GT,GT,NN,TT,CC,TT,TT,GG,AA,TT,CC,AA,CC,GG,CG,GG,CG,GG,CC,TT,CT,AA,TT,AA,AG,TT,TT,CC,AC,GT,AA,AA,GG,CC,TT,AT,AA,TT,AC,AA,TT,TT,AA,TT,AA,CC,GG,TT,GG,AA,GG,CC,AA,GG,AC,AT,GG,TT,TT,GG,GG,GT,CC,AA,GG,AA,AA,CC,GT,CC,TT,CT,TT,GT,GG,CT,AC,GG,CT,CT,CG,GG,AA,TT,GT,CC,AA,AG,AA,CT,GG,GT,CC,TT,AA,AA,TT,CC,AG,CC,GG,CC,GG,TT,AA,CC,CC,CC,CC,AA,TT,CC,AA,CC,CC,AA,TT,AA,AA,CG,CC,CC,GG,AA,AG,AA,CC,GG,CC,NN,AA,AG,GG,TT,GG,AA,GT,CT,GG,AC,GT,NN,TT,CC,AA,GT,TT,AT,AT,CG,CC,GG,CC,CC,CC,CG,CC,AA,GG,AA,CC,TT,CC,TT,TT,CC,AA,AA,AA,TT,CC,GG,AA,AC,CG,GG,GG,CC,GG,TT,AA,AG,CG,GT,AA,AC,AA,TT,GT,TT,AA,AA,GG,GT,AA,CC,AT,TT,AA,AG,AA,TT,AA,TT,CC,CT,AA,CC,TT,CG,AG,CC,AG,CC,AT,TT,GT,GG,TT,AA,AC,AG,GG,CC,CG,GG,CC,GG,AT,AA,GG,TT,GG,CC,CC,AA,AG,CC,AA,CC,AA,AG,AC,NN,AC,AT,AA,CG,AA,AA,AA,AA,GG,AG,AA,AA,TT,GG,AA,AA,AA,AC,TT,AG,AA,GG,GG,GG,GT,AA,AG,TT,TT,TT,NN,NN,GG,GG,AA,5.19,Moderate,Medium,Poor,Late
L0755,Coimbatore,Tamil Nadu,Kharif,Red Loamy,Rainfed,650,29.5,68,AC,CT,GG,AG,GG,CC,GT,TT,CC,CG,AA,CC,CG,TT,TT,GG,GG,AT,TT,AA,CC,TT,GG,CC,AT,CC,TT,TT,GG,AA,TT,CC,AA,CC,GG,CG,GG,CG,GG,CC,TT,TT,AA,GT,GG,AG,TT,TT,CC,CC,TT,AA,AA,GG,CC,TT,AA,AA,GT,AA,AA,TT,AT,AG,TT,AT,CC,GG,TT,GG,AA,GG,AC,AA,AG,CC,AT,GG,TT,TT,NN,GT,GG,CC,AA,AG,AA,AA,CC,GG,CC,GT,CC,TT,TT,GG,TT,CC,TT,CC,CC,CC,GG,AA,TT,TT,CC,AA,GG,AA,CC,GG,TT,CC,TT,AA,AA,AT,CC,AG,CG,GG,CC,GT,TT,AA,CT,CG,CC,CC,AA,TT,CC,AA,CC,CC,AA,NN,AA,AA,GG,CC,CC,GG,AA,AA,AA,CC,GT,CC,CC,AA,AA,GG,TT,AG,AA,GT,CT,GG,CC,GT,GT,TT,CG,AA,TT,TT,AA,TT,GG,CC,AA,CT,CC,CC,GG,CC,AA,GG,AA,CC,TT,CC,TT,TT,GG,TT,AA,AA,TT,CC,GG,AC,AC,CC,GG,GG,AC,GG,TT,AA,AA,CC,GG,AA,AC,AA,TT,GG,GT,TT,AA,GG,GT,AT,CC,AT,GT,AA,GG,AA,CT,AA,TT,CC,CT,AC,CC,CT,CG,AA,CC,AA,CC,TT,TT,GG,CG,TT,AA,CC,AA,GG,CG,CG,GG,CC,GG,AT,AG,CC,TT,GG,CC,CC,AA,GG,CC,AA,CC,AA,AA,CC,CC,AC,TT,AA,GG,AA,AA,AC,AA,AG,AA,AA,AA,TT,CG,AC,AG,CC,AA,TT,AA,AA,GG,GG,GG,TT,AT,AG,TT,TT,TT,GG,TT,NN,CG,AA,1.78,Susceptible,High,Premium,Medium
L0756,Coimbatore,Tamil Nadu,Kharif,Red Loamy,Rainfed,650,29.5,68,AC,TT,AG,AA,GG,CC,GT,AT,CC,CG,AA,CC,CG,TT,GT,GG,GG,TT,TT,AA,CC,GT,GG,CC,TT,CC,TT,AT,GG,AA,TT,CT,AA,CC,GG,GG,GG,CG,GG,CC,TT,TT,AC,TT,AA,GG,TT,TT,CC,AA,GT,AT,AG,GG,CC,NN,AA,AC,GT,AC,AG,TT,AT,AG,TT,AT,CC,GG,TT,GT,AG,GG,CC,AA,GG,AC,NN,GG,TT,TT,GG,GG,GG,CC,AT,AG,AA,AA,CC,GT,AC,TT,CC,TT,NN,GG,CC,CC,GG,CC,CC,CG,GG,GG,TT,NN,CC,AA,AG,AC,CC,GG,TT,CC,TT,AC,AA,TT,CG,GG,CC,AG,CC,GT,TT,AG,CC,CC,CC,CC,AA,TT,CC,AA,CC,CC,AA,TT,AA,AA,GG,CC,CC,GG,AA,AG,AA,AC,GG,CC,CC,NN,AG,GG,TT,GG,AC,TT,TT,GG,CC,TT,TT,CC,CC,TT,TT,TT,AT,AT,CG,CC,AG,TT,CC,CC,CG,CC,AA,GG,AG,CC,TT,CG,TT,TT,GG,TT,AA,AG,TT,CC,GG,AA,CC,CG,GG,GG,AC,GG,TT,AC,AA,CC,GG,AA,AC,AA,AA,GT,TT,AT,AT,CG,GG,AT,CG,TT,TT,AA,GG,AA,TT,AA,TT,CG,CT,AA,CC,TT,CG,AA,CG,AG,CC,TT,TT,GG,GG,TT,CC,CC,AA,GG,CC,CG,GG,CC,GG,TT,AA,CG,TT,GG,CC,CC,AA,GG,CG,AT,CC,AA,AA,AC,CG,CC,TT,AA,GG,AA,AA,AA,AA,GG,AA,AA,AA,AT,GG,AA,AG,CC,AC,TT,AA,AA,GG,GG,GG,TT,AA,AA,GT,TT,TT,AG,TT,GG,GG,AA,5.03,Susceptible,High,Premium,Late
L0757,Coimbatore,Tamil Nadu,Kharif,Red Loamy,Rainfed,650,29.5,68,AC,TT,AG,AG,GG,CC,GG,TT,CC,GG,AT,CC,CG,AT,TT,GG,CG,TT,TT,AA,CC,TT,GT,CC,AT,CC,TT,TT,GG,AA,TT,CC,AA,CC,GG,CG,GG,CC,GG,CC,TT,CC,AA,TT,AA,AG,CT,AA,CC,AA,GG,AA,AG,GG,CC,TT,AA,AA,GT,AA,AG,TT,TT,AA,TT,AT,CC,GT,CT,GT,AA,GG,CC,AA,AG,AC,AA,GG,GT,TT,GG,GG,GG,CC,AA,AG,AA,AT,CC,TT,CC,TT,CC,TT,GT,GG,CT,NN,GT,CC,CC,CG,AA,NN,TT,TT,NN,AA,AA,AA,CC,GG,TT,CC,TT,AA,AA,TT,CC,GG,CC,GG,CC,GG,TT,AA,CT,CC,CC,CC,AA,TT,CC,AA,NN,CC,AA,TT,AG,AT,GG,CC,CC,GG,AA,AA,AA,AC,GG,CC,CC,AA,GG,GG,TT,AA,AA,TT,CT,GG,NN,TT,TT,TT,CC,AT,GT,TT,AA,TT,GG,CG,AG,CT,CC,CC,CG,CC,AA,GG,AA,AC,TT,CG,GG,GT,GG,TT,AA,AA,TT,CC,GG,AA,CC,CC,GG,GG,AC,GG,TT,AA,AA,CC,GG,AA,CC,AA,AT,TT,TT,TT,AA,GG,GT,AA,CC,AT,TT,AA,GG,AA,CT,AA,TT,CC,CT,AA,AC,TT,CG,AA,CG,AG,CC,TT,TT,GT,GG,TT,AA,CC,AA,GG,CC,CC,GG,CC,GG,TT,AA,CG,GT,GG,CC,CG,AA,AG,CC,AT,CC,AA,AA,CC,CC,CC,TT,AA,GG,AA,AA,AC,AA,AA,AG,AA,AA,TT,GG,AA,GG,CC,AA,TT,AA,AG,GG,GG,GG,GT,NN,AA,GG,TT,TT,AA,TT,GG,GG,AA,4.1,Susceptible,High,Poor,Late
L0758,Coimbatore,Tamil Nadu,Kharif,Red Loamy,Rainfed,650,29.5,68,AC,TT,GG,AG,GG,CC,GG,AT,CC,CC,AA,CC,CC,AT,TT,GT,CG,TT,TT,AA,CC,TT,TT,CC,TT,CC,TT,TT,GG,AA,TT,CC,AA,CC,GG,GG,GG,CG,GG,CC,TT,TT,AA,TT,AG,AG,TT,AT,CC,NN,GT,AA,AA,GG,CC,TT,AT,AA,GT,AC,AA,TT,AT,AA,CT,AT,CC,GG,TT,GT,AA,GG,CC,AA,AG,AA,AA,GG,TT,TT,GG,GT,GG,CC,AT,GG,AG,AA,CC,GT,CC,GT,CT,TT,TT,GG,TT,CC,GT,CC,CC,CC,AG,NN,NN,TT,CC,AA,AG,AA,CC,GG,TT,CC,TT,NN,AC,TT,CC,AG,CC,GG,CC,GG,TT,AA,CC,CC,CC,CC,AA,TT,CC,AA,CC,CC,AA,TT,AG,AA,GG,CT,CC,AG,AA,AA,AA,CC,GT,CC,CG,AA,AA,GG,GG,GG,AC,TT,TT,GG,CC,GG,GT,TT,CC,AA,TT,TT,AT,TT,GG,CG,AG,CC,CC,CC,CC,CC,AA,GG,AG,CC,TT,CC,GT,GT,GG,AT,AA,AA,NN,CC,GG,AC,CC,NN,GG,GG,AA,GG,TT,AC,AA,CC,GG,AT,CC,AT,AA,GG,TT,AT,AA,CG,GG,NN,CC,AA,GT,AA,GG,AA,TT,AA,TT,CC,TT,AC,CC,CT,CG,AG,CC,GG,AC,TT,TT,TT,CG,TT,AC,CC,GG,GG,CG,GG,GG,CC,GG,AA,AG,CC,GT,GG,CG,CC,AA,GG,CC,AT,CC,AT,AA,AC,NN,CC,TT,AA,CG,AA,AA,AC,AA,AG,GG,AA,AA,AT,GG,AA,AG,AC,AC,NN,AA,AA,GG,GG,CG,TT,AT,AA,GT,TT,TT,AA,AA,GG,CG,AC,3.45,Moderate,Low,Standard,Medium
L0759,Coimbatore,Tamil Nadu,Kharif,Red Loamy,Rainfed,650,29.5,68,AC,TT,GG,AA,GG,CC,TT,AT,CC,CC,AA,CC,CG,TT,TT,GG,CG,TT,TT,AA,CC,GT,TT,CC,TT,CC,TT,TT,GG,NN,TT,CC,AA,CC,GG,GG,GG,CG,GG,CC,TT,CT,AA,TT,AA,GG,TT,TT,CC,CC,GT,AA,AA,GG,CC,GT,AA,AA,GT,AA,AA,TT,AT,AA,TT,AT,CC,GG,TT,GT,AA,GT,AC,AA,GG,AC,AA,AG,TT,TT,GG,GG,GG,AC,AA,GG,AA,AT,CC,GT,AC,TT,CT,AT,TT,AG,TT,CC,TT,CT,CC,CG,AG,AA,TT,TT,CC,AA,AA,AA,CT,GG,GT,CC,GT,AA,AA,AT,CC,AG,CG,GG,CC,TT,TT,AA,CC,CC,CC,CC,AA,TT,CC,NN,CC,CC,AA,AA,AA,AA,GG,CC,CC,GG,AA,AG,AA,AC,GG,CC,CG,AA,AG,GG,TT,AG,AC,TT,TT,GG,CC,GG,TT,TT,CC,AA,TT,CT,TT,TT,GG,CC,AG,CC,AC,CC,GG,CC,AA,GG,AA,CC,TT,CC,NN,TT,GG,AT,AA,AA,TT,CC,GG,AA,CC,CC,GG,NN,AC,CG,TT,AC,AA,CC,GG,AT,AC,AA,AT,GT,TT,TT,AT,GG,GT,AT,CC,AT,TT,AA,GG,AA,CC,AA,TT,CC,TT,AC,CC,TT,CG,AA,CC,AG,AC,TT,TT,GT,GG,TT,AA,CC,AA,GG,CC,CG,GG,CC,GG,TT,AG,CC,TT,GG,CC,CC,AA,AG,CC,AA,CC,AA,AA,AC,CG,CC,TT,AA,GG,AA,AA,AA,AA,GG,GG,AA,AA,TT,GG,AA,AA,AC,AA,CT,AG,AA,CG,GG,GG,TT,AA,AG,TT,TT,TT,AG,AT,NN,GG,AA,4.11,Resistant,Medium,Premium,Late
L0760,Coimbatore,Tamil Nadu,Kharif,Red Loamy,Rainfed,650,29.5,68,AC,CC,GG,GG,GG,CG,GG,TT,CC,CG,AA,CC,CG,TT,TT,GG,CG,TT,TT,AG,CC,TT,GT,CC,TT,CC,TT,TT,GT,AA,TT,CC,AA,CC,GG,CG,GG,CG,GG,CC,NN,TT,AA,TT,AA,GG,CT,TT,CC,AC,GG,AT,AA,NN,CC,TT,NN,AC,TT,AA,AA,TT,AT,AA,TT,AT,CC,GG,TT,TT,NN,GG,CC,AA,AG,AA,AA,GG,TT,TT,GG,GG,GG,CC,AA,GG,AA,AA,CC,GT,AC,TT,CC,TT,GT,GG,TT,AA,TT,CC,CT,CC,AA,AA,AT,TT,CC,AA,AA,AC,CC,GT,TT,CC,TT,AC,AA,TT,CC,GG,CC,AG,CC,GG,TT,AA,CT,CC,CC,CC,AA,TT,AC,AA,CC,CC,AA,AT,AA,AA,GG,CC,CC,GG,AA,AG,AA,AC,GG,CC,CC,AA,NN,AG,TT,GG,AA,GT,CT,GG,CC,TT,TT,CT,CC,AT,GG,TT,AA,AT,GG,CC,AG,CC,CC,CC,CG,CC,AA,GG,GG,CC,TT,CC,GG,TT,GG,AA,AA,AA,TT,CC,GG,AC,AA,CC,GG,GG,AA,GG,TT,AA,AG,CC,GG,AT,AC,AA,AA,GG,GT,TT,AT,GG,GT,AA,CC,AT,TT,AA,GG,AA,TT,AA,TT,CC,TT,AA,CC,TT,CG,AA,CC,AA,CC,TT,CT,GT,GG,TT,AA,AC,AG,GT,CC,CG,GG,CC,GG,TT,AA,CG,TT,GG,CC,CC,AA,GG,CG,AA,CC,AA,AA,AC,GG,CC,TT,AA,GG,AA,AA,AA,AA,AG,AG,AA,AA,TT,GG,CC,AA,AA,AC,TT,AA,AA,GG,GG,GG,TT,AT,AA,TT,TT,TT,AG,AA,GG,GG,AA,1.66,Susceptible,Medium,Standard,Early
L0761,Coimbatore,Tamil Nadu,Kharif,Red Loamy,Rainfed,650,29.5,68,AC,CT,GG,AG,GG,CC,GG,TT,CC,CC,AT,CC,CC,AT,TT,GT,CG,TT,TT,AG,CG,TT,GT,CC,TT,CC,TT,TT,GG,AA,TT,CC,AA,CC,GG,GG,GG,CC,GG,CC,TT,CT,AA,TT,AA,GG,TT,TT,CC,AA,GG,AA,AG,GG,CT,TT,AA,AC,GG,AA,AA,TT,TT,AA,TT,TT,CC,GG,CT,GG,AG,GG,CC,AA,GG,AC,AA,GG,TT,TT,GG,GG,GG,CC,AT,GG,AA,AA,CC,GT,AC,TT,CT,TT,TT,GG,TT,CC,TT,CC,CC,CC,AG,AA,TT,TT,CG,AA,AA,AA,CC,GG,TT,CG,TT,CC,AA,TT,CC,GG,CG,GG,CT,GG,TT,AG,CC,CC,CC,CC,AA,TT,CC,AA,CC,CC,AA,AT,AA,AT,GG,CC,CG,GG,AA,AG,AT,CC,GG,CG,CC,AA,AG,GG,GT,GG,AA,GT,TT,GG,AC,GT,TT,TT,CG,AA,TT,TT,AA,TT,GG,CC,AG,CT,AC,AC,GG,CC,AA,AG,GG,CC,TT,CC,GG,GT,CG,AT,AA,AA,TT,CC,GG,AA,CC,CC,GG,GG,CC,GG,TT,AC,AA,CC,GG,AT,CC,AA,AT,GT,TT,AT,NN,GG,GT,AT,CG,AT,GG,AA,GG,AG,TT,AA,TT,CC,TT,AC,CC,TT,GG,AA,CC,AG,CC,TT,TT,GT,GG,TT,AA,AC,AA,GG,CC,CG,GG,CC,GG,AT,AA,CG,TT,GG,CC,CC,AT,GG,CG,AA,CC,AA,AA,CC,CG,CC,TT,AA,GG,AA,AA,AA,AA,AG,AG,AG,AA,TT,CG,AA,AA,CC,AA,CC,AA,AA,GG,AG,GG,TT,AA,AA,GT,TT,NN,GG,TT,GG,GG,AA,2.58,Susceptible,High,Standard,Early
L0762,Coimbatore,Tamil Nadu,Kharif,Red Loamy,Rainfed,650,29.5,68,AC,CT,GG,AA,GG,CC,GT,TT,CC,CC,AA,CC,CC,AT,GT,GG,CG,TT,TT,AA,CC,TT,GT,CT,TT,CC,GT,TT,GT,AC,TT,CC,AA,CC,GG,CG,GG,CC,GG,AC,TT,TT,AA,TT,GG,GG,CC,AT,CC,NN,GG,AT,AG,GG,CT,TT,AA,NN,GG,AC,AA,GT,AT,AG,TT,AA,CC,GG,TT,GT,AA,GG,CC,AA,GG,CC,AA,GG,TT,TT,GG,GG,GG,CC,AA,GG,AA,AT,CC,GG,AC,TT,CC,TT,TT,GG,TT,CC,TT,CC,CT,CC,AG,AA,TT,TT,CG,AA,AG,AA,CT,GG,GT,CC,TT,AA,AA,TT,CC,AA,CC,GG,CC,GT,TT,AG,CC,CC,CC,CC,AA,TT,CC,AA,CC,CC,AA,TT,AA,AA,NN,CC,CC,AG,AA,AG,AA,AC,GT,CC,CC,AA,AG,GG,TT,AG,AA,TT,CT,GG,CC,GT,GT,TT,CG,AA,TT,CT,AT,TT,GG,CC,AA,CT,CC,CC,GG,CC,AA,GG,AG,CC,TT,CG,GG,GT,GG,TT,AA,AA,TT,CC,CG,AA,CC,CC,GG,GG,CC,GG,TT,AA,AA,CC,GG,AT,CC,AA,AA,GG,TT,AT,AT,GG,GT,AT,CC,AT,TT,AA,GG,AA,CT,AA,TT,CC,TT,AC,CC,TT,GG,NN,CC,AG,CC,TT,TT,GT,GG,TT,AC,AC,AA,NN,CC,CG,GG,CC,GG,TT,AG,CC,TT,GG,CC,CC,AA,GG,CC,AA,CC,AT,AA,AA,CC,AC,AT,AA,GG,AA,CC,AC,AA,AG,AG,AG,AA,AT,GG,AC,AG,CC,AC,TT,AA,AA,GG,GG,GG,TT,AA,AG,TT,TT,TT,GG,AT,GG,CC,AA,3.36,Moderate,High,Premium,Late
L0763,Coimbatore,Tamil Nadu,Kharif,Red Loamy,Rainfed,650,29.5,68,AA,CT,GG,AG,GG,CC,GT,TT,CC,CC,AA,CT,CC,TT,GT,GG,GG,TT,TT,GG,CC,GT,GT,CC,TT,CC,TT,AT,GG,NN,TT,CC,AA,CC,GG,GG,GG,CC,GG,CC,TT,CT,AA,TT,AA,GG,TT,TT,CC,CC,GG,AA,AA,GG,CT,GT,AA,AA,TT,AA,AA,TT,TT,AG,CT,TT,CC,GG,NN,GT,AG,GG,CC,AA,GG,AC,AT,GG,TT,TT,GG,GG,GG,CC,AA,GG,AG,AA,CC,TT,AC,TT,CT,TT,GG,GG,CT,CC,TT,CC,CC,GG,AA,AG,TT,TT,CC,AA,AA,AA,CC,GG,TT,CC,NN,AA,AA,AT,CG,AG,CC,GG,CC,GG,TT,AG,CC,CG,CC,CC,AA,TT,CC,AA,CC,CT,AA,TT,AA,AA,GG,CC,CC,GG,AA,AG,AA,CC,GG,CC,CG,AA,AA,GG,TT,GG,AC,TT,TT,GG,AC,TT,TT,CT,CC,AT,TT,TT,AA,TT,GG,CC,AA,CC,CC,CC,NN,CC,AA,AA,AG,AC,TT,CC,GG,GT,GG,AT,AA,AG,TT,CC,GG,AA,CC,CC,GG,GG,AC,GG,CT,AA,AA,CC,GT,AT,AC,AA,AT,GT,TT,AT,AA,GG,GG,AA,CC,TT,TT,AA,GG,AA,TT,AC,AT,CG,NN,AA,CC,TT,GG,AA,CG,GG,CC,AT,TT,TT,GG,TT,AA,AC,AG,GG,CC,CC,GG,CC,GG,TT,AG,CC,GT,GG,CC,CC,AA,GG,CC,AA,CC,AT,AA,AA,CG,CC,TT,AA,GG,AA,AA,AC,AA,AG,AA,AA,AA,TT,CC,AA,AA,CC,AA,TT,AG,AA,GG,GG,CG,TT,AA,AG,TT,TT,TT,GG,AT,GG,CG,AA,4.8,Susceptible,Medium,Standard,Early
L0764,Coimbatore,Tamil Nadu,Kharif,Red Loamy,Rainfed,650,29.5,68,AA,TT,GG,AA,GG,CC,GT,TT,CC,GG,AA,CC,CG,TT,GT,GG,CG,TT,TT,AA,CC,TT,NN,CC,TT,CC,GT,TT,GG,AA,TT,CC,AA,CC,GG,GG,GG,CC,GG,CC,TT,NN,AA,TT,AA,GG,TT,TT,CC,CC,GT,AA,AA,GG,CC,TT,AT,AC,GG,AC,AA,TT,TT,AG,TT,TT,CT,GG,TT,GG,AG,GG,NN,AA,AG,AA,AT,GG,TT,TT,GG,GT,GG,CC,AT,GG,AA,AA,CC,GT,CC,TT,CC,TT,TT,GG,TT,CC,GT,CC,CT,CC,GG,AA,TT,TT,CC,AG,AG,AA,CC,GG,TT,CG,TT,AA,AC,TT,GG,AG,CC,GG,CC,GG,TT,AA,CC,CC,CC,CG,AA,TT,CC,AA,CC,TT,AA,TT,AA,AA,GG,CT,CC,GG,AA,AG,AA,CC,GG,CC,CC,AA,AA,GG,GT,GG,AC,TT,CT,AG,NN,TT,TT,TT,CC,AA,GT,TT,AA,TT,CG,CG,AA,CT,CC,CC,GG,CC,AT,GG,AG,CC,TT,CC,GT,TT,GG,TT,AA,AA,TT,AA,GG,AA,CC,CC,GG,GG,CC,GG,TT,NN,AA,CC,GG,AT,CC,AA,AA,GG,GT,TT,AT,GG,GT,AA,CC,AA,NN,AA,GG,AA,CT,AC,TT,CC,TT,AA,CC,CT,GG,AG,CC,AG,CC,TT,NN,TT,GG,TT,AC,AC,AA,GG,CC,CC,GG,CC,GT,AT,GG,CC,TT,GG,CC,CC,AA,GG,CG,AT,CC,AT,AA,CC,CG,AC,TT,AA,GG,AA,AA,AC,AA,AG,AG,AA,AA,TT,GG,AC,AG,AC,AC,TT,AG,AA,GG,GG,GG,TT,AA,AG,TT,TT,TT,GG,TT,GG,GG,AA,1.84,Susceptible,Medium,Poor,Early
L0765,Coimbatore,Tamil Nadu,Kharif,Red Loamy,Rainfed,650,29.5,68,AC,CT,AG,AA,GG,CC,GG,NN,CC,CC,AA,CC,CC,TT,TT,GG,GG,TT,TT,AA,GG,GT,GT,TT,TT,CC,TT,TT,GG,AA,TT,CT,AA,CC,AG,GG,GG,CC,GG,CC,TT,TT,AA,TT,AA,AA,TT,AA,CC,AC,GG,AA,AG,GG,CT,TT,AA,AC,TT,AC,AG,GT,TT,AA,TT,TT,CC,GG,TT,NN,GG,GG,CC,AA,AG,AC,AT,GG,GT,TT,GG,GG,GT,CC,AA,GG,AA,AA,CC,GT,CC,GT,CT,TT,GT,NN,CT,CC,GT,CC,CC,CG,GG,AA,TT,TT,CC,AA,AG,AA,CC,GG,TT,CC,TT,AA,AA,TT,CG,GG,CC,GG,CC,GT,CT,AA,CC,CC,AC,CC,NN,TT,CC,AA,CC,CT,AA,TT,AA,AA,CG,CC,CC,GG,AA,AG,AA,CC,GT,CC,CG,AA,AA,AG,TT,GG,AC,TT,CT,GG,CC,TT,TT,TT,CC,AT,TT,TT,AT,TT,GG,CC,AA,CC,AC,CC,GG,AC,AA,AG,AA,CC,TT,CC,TT,TT,GG,AT,AA,AG,TT,CC,GG,CC,AC,NN,GG,GG,AC,CG,TT,AA,AA,CC,GG,AA,CC,AA,AT,GG,TT,AT,AA,CG,GG,AT,CC,AT,GT,AA,GG,AG,CC,AA,TT,CC,TT,AA,CC,CT,GG,AA,CC,GG,CC,TT,TT,TT,GG,AT,AA,AC,AG,GG,CC,CG,GG,NN,GG,AA,AA,CC,TT,GG,CC,CC,AT,GG,CC,AA,CG,AA,AA,AC,CG,AC,TT,AA,GG,AA,AA,AC,AA,AA,AA,AA,AA,TT,GG,AA,AA,AC,AA,CC,AG,AA,CG,GG,GG,TT,TT,AA,TT,TT,TT,AA,AA,GG,GG,AA,5.61,Susceptible,Low,Poor,Early
L0766,Coimbatore,Tamil Nadu,Kharif,Red Loamy,Rainfed,650,29.5,68,AC,TT,GG,AG,GG,CC,GT,AT,CG,CG,AA,CC,CG,AT,TT,GT,GG,TT,TT,AA,CC,TT,GT,CC,TT,CC,TT,AT,GG,AA,TT,CT,AA,CC,AG,CG,GG,CC,GG,NN,TT,CT,AA,GT,AA,AG,TT,AT,CC,AC,GG,AA,AG,GG,TT,GT,AA,AA,TT,AA,AA,TT,AT,AA,TT,AT,CC,GG,TT,GG,AG,GG,CC,AA,AA,AA,AA,GG,GT,TT,GG,TT,GT,CC,AA,GG,AA,AA,CC,TT,AC,NN,CC,TT,GT,GG,TT,NN,TT,CC,CC,CC,AG,AA,TT,TT,CG,AA,AG,NN,CT,GG,TT,CC,TT,AA,AC,AT,CG,GG,CC,AG,CC,GT,TT,AG,CT,CC,CC,CC,AA,NN,CC,AA,CC,CC,AA,TT,AA,AA,CG,CC,CC,AG,AA,AA,AA,CC,GG,CC,CC,AA,AG,GG,TT,AG,AC,TT,TT,AG,CC,TT,GT,NN,CC,AT,TT,TT,AA,AT,GG,CC,AG,CT,CC,CC,GG,AC,AA,GG,GG,NN,TT,CC,GT,TT,GG,AT,AA,AA,TT,CC,CG,AA,AC,CC,NN,GG,AC,GG,TT,AC,NN,CC,GG,AA,CC,AA,TT,GG,TT,TT,AA,NN,GG,AA,CC,AT,GT,AA,GG,AA,CT,AA,TT,CC,TT,AA,CC,TT,GG,AG,CC,AG,NN,TT,CT,GT,GG,TT,AA,AC,AG,GT,CC,CG,GG,CG,GG,AT,AA,CG,TT,GG,CC,CC,AA,GG,CG,AA,CC,AA,AA,CC,CC,CC,TT,AA,GG,AA,AA,NN,AA,AG,AG,AA,NN,TT,GG,AA,AG,CC,AA,CT,AA,AA,GG,GG,GG,GT,AA,AA,GG,TT,AT,AA,TT,GG,CG,AC,1.7,Moderate,High,Standard,Late
L0767,Coimbatore,Tamil Nadu,Kharif,Red Loamy,Rainfed,650,29.5,68,AC,CT,GG,AA,GG,CC,GT,TT,CC,CG,AA,CC,CG,TT,GT,GG,GG,TT,TT,AG,CC,GG,TT,CC,TT,CC,TT,AA,GT,AA,CT,CC,AG,CC,GG,GG,GG,CC,GG,AC,TT,CT,AC,GT,AG,GG,TT,NN,CC,AA,GG,AA,AA,GG,CT,TT,AA,AC,GT,AC,AA,TT,AT,AA,TT,AT,CC,GG,TT,GT,AA,GG,CC,AA,GG,AC,AT,GG,GT,TT,GG,GG,GT,CC,AT,GG,AA,AT,CC,GG,AC,GT,CC,TT,GT,GG,TT,CC,GT,CC,CT,NN,GG,AA,TT,TT,CC,AA,AA,AC,CC,GG,TT,CC,TT,AA,AA,TT,CG,GG,CG,GG,CC,GT,CT,AA,CC,CC,CC,GG,AA,TT,CC,AA,CC,CT,AA,TT,AA,AT,GG,CT,CC,GG,AA,AG,AA,CC,GT,CC,CC,AA,AG,GG,TT,GG,AC,TT,CT,GG,AC,GT,GT,CT,CC,TT,TT,TT,AA,TT,CG,NN,AG,CT,CC,CC,CG,CC,AA,GG,AA,CC,TT,CC,GG,TT,GG,TT,AA,AA,TT,AC,GG,CC,CC,CC,GG,GG,NN,CG,TT,AA,AA,CG,GT,AA,CC,AA,AA,GG,GT,TT,AA,GG,GG,AT,CC,TT,GT,AA,GG,AA,TT,AC,TT,CG,CT,AC,AC,TT,GG,AG,CC,AG,CC,TT,TT,TT,CG,TT,AA,CC,AG,GT,CC,CC,GG,CC,GG,TT,AA,CC,TT,GG,CC,CC,AA,AG,CC,AA,CC,AA,AA,CC,CG,AC,TT,AA,GG,AA,AA,CC,AC,GG,AA,AA,AA,TT,GG,AA,AA,CC,NN,TT,AA,AA,GG,GG,GG,TT,AA,AA,TT,TT,TT,AG,NN,GG,GG,AA,1.55,Resistant,Low,Premium,Early
L0768,Coimbatore,Tamil Nadu,Kharif,Red Loamy,Rainfed,650,29.5,68,AA,TT,GG,AA,GG,CC,GT,TT,CC,CG,AA,CC,CG,AT,TT,GT,GG,TT,TT,AA,CC,TT,GT,CC,TT,CC,TT,TT,GG,AA,TT,CC,AG,CC,GG,GG,GG,CC,GG,CC,TT,TT,AA,TT,AA,GG,TT,TT,CC,AA,GG,AA,AG,CG,NN,TT,AA,AA,GG,AC,AG,TT,TT,AG,TT,TT,CC,GG,TT,GT,AG,GG,CC,AA,GG,AC,AT,GG,TT,TT,GG,GG,GG,CC,AA,GG,AA,AA,CC,TT,AC,TT,NN,TT,TT,AG,CC,CC,GT,CC,CT,CG,AG,AA,TT,TT,CC,AA,AG,AC,TT,GG,TT,NN,TT,AA,AA,TT,NN,AG,CG,AG,CC,GT,TT,AA,CC,CC,CC,CC,AA,TT,AC,AA,CC,CT,AA,TT,AG,AT,GG,CC,CC,GG,AA,AG,AT,AC,GG,CC,CC,AA,AA,GG,TT,GG,AC,TT,CT,GG,AC,GT,GT,TT,CC,AA,NN,TT,AT,TT,GG,CC,AA,CT,CC,CC,CG,AC,AA,GG,AA,CC,TT,CC,GG,GT,CG,TT,AA,AA,TT,CC,CG,AA,CC,CC,GG,NN,CC,CG,CT,AC,AA,CC,NN,AT,AC,AA,AA,GG,TT,TT,AT,GG,TT,AT,CC,TT,GT,AA,GG,AA,TT,AA,TT,CC,TT,CC,CC,CT,GG,AA,CG,AG,CC,TT,CT,GT,GG,TT,AA,AC,AG,GG,CC,CG,GG,CC,GG,TT,AA,CC,TT,GG,CC,CG,AA,GG,CC,AA,CC,AA,AA,AC,CC,CC,AT,AA,GG,AA,AA,AC,AC,AG,AG,GG,AA,AT,GG,AA,AG,AA,AC,TT,AA,AA,GG,GG,GG,TT,AA,AA,GT,TT,TT,AA,NN,GG,GG,AA,4.51,Susceptible,High,Premium,Medium
L0769,Coimbatore,Tamil Nadu,Kharif,Red Loamy,Rainfed,650,29.5,68,AC,TT,AG,AG,GG,CG,GT,TT,CC,CC,AA,CC,CC,TT,TT,GG,GG,TT,NN,AG,CG,GT,TT,CT,AA,CC,TT,TT,GG,AA,TT,CC,AA,CC,GG,CG,GT,GG,GG,CC,TT,CT,AA,GT,AA,AG,NN,AT,CC,AA,GT,AT,AG,GG,CC,TT,AA,AC,GG,AC,AA,GT,TT,AA,CT,TT,CC,GG,TT,GT,AG,GG,CC,AA,GG,AC,AT,GG,TT,TT,GG,GT,GG,CC,AA,GG,AG,AA,CG,NN,AC,TT,CC,AT,GT,GG,TT,CC,TT,CC,CC,CG,GG,AG,TT,TT,CC,AA,GG,AA,CC,GG,TT,CC,GT,AA,AA,TT,CC,AA,CC,GG,CC,GG,TT,AG,CC,CC,CC,CC,AA,GT,CC,AA,CC,CT,AA,TT,AG,AA,GG,CC,CC,GG,AA,GG,AA,AC,GG,CC,CC,AA,AG,GG,TT,GG,AA,TT,CT,GG,AC,TT,GT,TT,CC,AT,GT,TT,AA,AT,CG,CC,AG,TT,CC,AC,GG,AC,AA,AG,AA,CC,TT,CG,GT,TT,CG,TT,AA,AA,TT,AC,CG,AC,AC,CC,GG,GG,AA,GG,TT,AC,AA,CC,GG,AA,AC,AA,AT,GG,GT,AT,TT,GG,TT,AT,CC,TT,GG,AA,GG,AG,TT,AC,TT,CC,TT,AA,CC,CT,GG,AG,CG,AG,CC,TT,TT,GT,GG,TT,NN,AC,AG,GG,CC,CC,GG,CC,GG,AT,AA,CC,TT,GG,CC,CC,AA,GG,CC,AA,CC,AA,AA,AC,GG,CC,TT,AA,CG,AA,AA,AC,AA,AA,AA,AA,AA,TT,GG,AC,AA,CC,AC,TT,AA,AA,GG,GG,GG,TT,AA,AA,TT,TT,TT,AG,TT,GG,GG,AA,4.11,Susceptible,High,Poor,Early
L0770,Coimbatore,Tamil Nadu,Kharif,Red Loamy,Rainfed,650,29.5,68,AA,CT,GG,AA,GG,CG,GT,AA,CC,GG,AT,CT,CG,AT,TT,GG,CG,TT,TT,AA,CC,TT,TT,CC,TT,CT,TT,TT,GG,AA,TT,CC,AA,CC,GG,GG,GG,CC,GG,AC,GT,CC,AC,TT,AG,GG,TT,TT,CC,AC,GT,AA,AA,GG,CT,TT,AT,AA,GG,AC,AA,TT,TT,AA,TT,AT,CC,GG,TT,GG,AA,GT,CC,AA,AG,AA,AT,GG,TT,TT,GG,GG,GG,AC,AT,AG,NN,AA,CC,TT,CC,TT,CT,TT,TT,GG,CT,CC,TT,CC,CC,CG,AA,AA,TT,TT,CC,AA,AG,AA,CT,GG,TT,CC,TT,AC,AA,TT,CC,GG,CG,GG,CC,GG,CT,AA,CC,CC,CC,CC,AA,TT,CC,AA,CC,CC,AA,NN,AA,AA,GG,CT,CC,GG,AA,AA,AA,CC,GT,CC,CG,AA,AG,GG,GT,GG,AC,GG,TT,AG,CC,GT,TT,TT,CC,AA,GT,TT,AA,TT,CC,CC,AA,CC,CC,CC,CG,CC,NN,GG,AG,CC,TT,CG,GG,GT,GG,AT,AA,GG,TT,AC,CG,AA,CC,CC,GG,GG,AA,GG,TT,AA,AA,CC,GG,AA,CC,AA,AA,GG,TT,TT,AA,CG,GT,AT,CG,AT,GT,NN,GG,AA,CT,AA,TT,CC,TT,AC,CC,TT,GG,AG,CC,AA,CC,TT,TT,GT,GG,TT,AA,AA,AA,GG,CC,NN,GG,CC,GG,TT,AA,CC,GT,GG,CC,CC,AA,GG,CC,AA,CG,AA,AA,CC,CG,AA,TT,AA,GG,AA,AA,AA,AA,GG,NN,AG,AA,TT,GG,AA,AG,AC,AA,TT,AA,AA,GG,GG,GG,TT,AA,AA,GT,TT,TT,AA,AA,GG,GG,AA,5.47,Resistant,Low,Standard,Medium
L0771,Coimbatore,Tamil Nadu,Kharif,Red Loamy,Rainfed,650,29.5,68,AC,CT,GG,AG,CG,CC,GG,TT,CC,CG,AA,NN,CG,TT,GT,GG,GG,AT,TT,AA,CC,GT,GT,CC,AT,CC,NN,TT,GG,AA,TT,CT,AA,CC,GG,GG,GG,GG,GG,CC,TT,TT,AA,GT,AA,AG,TT,AT,CC,AC,GT,AA,AA,GG,CC,TT,AA,AA,GT,CC,AA,GT,TT,GG,TT,AT,CC,GT,TT,GG,AA,GG,CC,AA,GG,AC,AT,GG,TT,TT,GG,GG,GG,CC,AT,GG,AA,AA,CC,TT,CC,TT,CC,TT,GT,GG,TT,CC,TT,CT,CC,CG,AG,AA,TT,TT,CC,AA,AG,AA,CT,GG,GT,CC,TT,AA,AA,AT,CC,AG,GG,AG,CC,GG,CT,AA,CC,CC,CC,CC,AA,TT,CC,AA,CC,CT,AA,TT,AA,AA,GG,CC,CG,GG,AA,AA,AA,AC,GG,CC,CC,AA,AA,GG,GT,GG,AA,GT,TT,AG,CC,TT,TT,TT,NN,AA,TT,TT,AT,TT,GG,CC,AA,CT,CC,CC,GG,CC,AA,GG,GG,CC,TT,CC,NN,GT,GG,TT,AA,AA,GT,CC,GG,NN,CC,CC,GG,GG,AC,GG,TT,AC,AA,CC,GG,AA,AC,AA,AT,GT,GT,TT,AT,CG,GG,AA,CC,TT,TT,AA,GG,AA,TT,AC,TT,CC,CC,AA,CC,TT,GG,AG,CC,GG,CC,TT,TT,GT,GG,TT,AA,AC,AA,GG,CC,CG,GG,CC,GG,AT,AA,CG,GT,GG,CG,CC,AA,GG,CC,AA,CC,AA,AA,AC,GG,AA,TT,AA,GG,AA,AC,AA,AA,GG,AA,AA,AA,TT,GG,AA,AA,CC,AA,CT,AA,AG,GG,GG,GG,TT,AA,AA,TT,TT,NN,AG,TT,GG,NN,AA,4.3,Moderate,Low,Premium,Early
L0772,Coimbatore,Tamil Nadu,Kharif,Red Loamy,Rainfed,650,29.5,68,AC,TT,GG,AG,GG,CC,GG,TT,CC,CG,AA,CC,CC,AT,TT,GG,GG,TT,TT,AG,CG,TT,TT,CT,TT,CC,TT,TT,GG,AA,TT,CC,AA,CC,GG,GG,GG,CG,GG,CC,TT,CT,AA,GG,AG,AA,CT,TT,CC,AC,TT,AA,AA,CG,CC,TT,AA,AA,GT,AC,AG,GT,AA,GG,TT,TT,CT,GG,TT,GG,AA,GG,CC,AA,GG,AA,TT,GG,TT,TT,GG,GG,GT,CC,AA,GG,AA,AT,CG,TT,CC,TT,CT,AT,NN,GG,CT,CC,TT,CT,CC,CG,AG,AA,TT,GT,CC,AA,AG,CC,CT,GG,GT,CC,TT,AA,AA,TT,CG,GG,CC,GG,CC,GT,TT,AA,CC,CC,CC,CC,AA,TT,CC,AA,CC,CT,AA,TT,AA,AA,GG,CT,CC,GG,AA,AA,AA,CC,GT,CC,CC,AG,AA,GG,GT,GG,AA,TT,TT,GG,AC,TT,GT,TT,CG,AA,TT,TT,AA,TT,GG,NN,AG,TT,AC,CC,GG,CC,AA,GG,GG,AC,TT,CC,GG,TT,GG,TT,AA,AA,TT,CC,GG,AC,AC,CC,GG,GG,AC,GG,TT,AA,AA,CC,GG,AA,AC,TT,AA,GG,TT,TT,AT,CC,GT,AA,GG,NN,GT,AA,GG,AA,CT,NN,TT,CG,TT,CC,CC,CT,GG,AA,CC,AA,AC,TT,TT,TT,GG,TT,AC,AC,AA,GG,CC,CG,GG,CC,GG,AT,AA,CC,TT,AG,CC,CC,AA,AG,CC,AA,CC,AA,AA,AC,CG,CC,TT,AA,GG,AA,AA,AC,AA,GG,AG,AA,AA,TT,GG,AC,AG,CC,AA,TT,AG,AA,GG,GG,GG,TT,AA,AG,TT,TT,TT,AA,NN,GG,GG,AA,4.39,Susceptible,High,Poor,Medium
L0773,Coimbatore,Tamil Nadu,Kharif,Red Loamy,Rainfed,650,29.5,68,AC,TT,GG,AA,GG,CC,GG,TT,CC,NN,AA,CT,CC,TT,GG,GG,GG,AT,TT,AG,CC,GT,GG,CC,TT,CC,GT,TT,GT,AC,TT,CC,AG,CC,GG,GG,GG,CC,GG,CC,TT,TT,AA,TT,AG,GG,CT,TT,CC,AA,NN,AA,AG,GG,CC,TT,AA,AC,GT,AA,AA,GT,AT,AA,TT,TT,CC,GG,TT,GG,GG,GG,AC,NN,AG,AC,AA,GG,TT,TT,GG,GG,GG,AC,AA,GG,AA,AT,CC,TT,CC,TT,CC,TT,TT,GG,TT,CC,TT,NN,CC,CC,AG,AA,AT,GT,CC,AA,AG,AA,CT,GG,GT,CC,TT,AA,AA,TT,NN,GG,CG,AG,CT,GG,TT,AG,CC,CC,CC,CC,AA,TT,CC,AA,CC,CC,AA,AT,AA,AA,CG,CC,CC,AG,AA,AG,AA,CC,GT,CC,CG,AA,GG,GG,TT,GG,AC,TT,CC,GG,AC,TT,GT,TT,CG,AT,TT,TT,AT,AT,GG,CC,AA,TT,CC,CC,CG,CC,AA,NN,AG,CC,TT,CC,GT,TT,GG,AT,AA,AA,GT,CC,GG,AA,CC,CC,GG,GG,AC,GG,TT,AA,AA,CC,GG,AT,AC,AA,AT,GG,TT,TT,AT,GG,GG,AA,CG,TT,GT,AA,GG,AA,TT,AA,TT,CC,TT,AA,CC,TT,CG,AG,CC,AG,CC,TT,CT,TT,GG,TT,AA,AC,AA,NN,CC,CG,GG,CC,GG,TT,NN,CC,TT,GG,CC,CG,AA,GG,CC,AT,CC,AA,AA,AA,CG,AC,TT,AA,GG,AA,AA,AA,AC,AG,AG,AG,AA,TT,GG,AA,AA,CC,AA,CT,AA,AA,CG,GG,GG,GT,AT,AA,TT,TT,TT,GG,TT,GG,CC,AA,0.4,Susceptible,High,Premium,Early
L0774,Coimbatore,Tamil Nadu,Kharif,Red Loamy,Rainfed,650,29.5,68,AC,TT,AA,AG,CG,CC,GG,TT,CC,CG,AA,CC,CC,TT,TT,GT,CG,TT,AT,AG,CC,GT,GT,CC,TT,CC,TT,TT,GG,AA,TT,CT,AG,CC,GG,GG,GG,CC,GG,CC,TT,CT,AA,TT,AG,GG,TT,AT,CC,AC,GG,AA,AA,GG,NN,GT,AA,AC,GG,AC,AA,GT,TT,GG,TT,TT,CC,GG,TT,GG,AG,GG,CC,AA,AG,AA,AA,GG,TT,TT,GG,GT,GG,CC,AT,GG,AA,AA,CC,TT,CC,TT,TT,TT,TT,GG,TT,CC,GT,CC,CC,CC,AA,AA,AT,TT,CC,AA,AG,AA,CC,GG,GT,CC,GT,AA,AA,TT,CC,GG,CC,AG,CC,GT,CT,AA,CT,CC,CC,CC,AA,TT,AC,NN,CC,CT,AA,TT,AA,TT,GG,CC,CG,AG,AA,AG,NN,CC,GT,CC,CG,AA,AA,GG,TT,AG,CC,GT,CC,GG,CC,TT,GT,TT,CC,AA,GT,CT,AT,TT,CG,CC,AA,TT,CC,CC,CG,AC,AA,GG,AG,CC,TT,CC,GT,TT,GG,AT,AA,GG,TT,AC,CG,AA,AC,CC,CG,GG,AC,CG,TT,AA,AA,CC,GG,AA,AC,AA,AA,GT,TT,TT,AT,CG,GT,AT,CC,AT,GT,AA,GG,AA,TT,NN,TT,CC,TT,AA,CC,NN,GG,AG,CC,AG,CC,TT,CT,GT,GG,TT,AA,CC,AG,GG,CC,CG,GG,CG,GG,AT,AG,CC,TT,GG,CG,CC,AT,GG,CC,AT,CC,AA,AA,AA,CC,AC,AT,AA,GG,AA,AA,AC,AA,AG,AG,AA,AA,TT,GG,AA,AA,CC,AA,CC,AA,AA,GG,GG,GG,TT,AA,AA,GT,TT,TT,AG,AA,GG,CG,AA,4.07,Susceptible,High,Premium,Late
L0775,Coimbatore,Tamil Nadu,Kharif,Red Loamy,Rainfed,650,29.5,68,AA,CT,GG,AA,CG,CC,GG,TT,CC,CG,AA,CC,GG,TT,TT,GG,GG,TT,TT,AA,CC,TT,GT,CT,TT,CC,TT,TT,GG,AA,TT,CT,AA,CC,AG,GG,GG,CC,GG,CC,TT,CT,AA,GT,GG,AG,TT,AT,CC,AC,GT,AA,AG,GG,TT,GT,AA,AA,GG,AC,AA,GT,AT,AA,TT,AT,CC,GG,TT,GG,AA,GG,CC,AA,GG,AC,AT,GG,TT,TT,GG,GT,GT,CC,AA,GG,AA,AT,CG,GT,CC,TT,CC,TT,GT,AG,CT,CC,GT,CC,CT,NN,AA,AA,TT,GT,CC,GG,AA,AA,CT,GG,TT,CC,TT,AA,AA,TT,CG,AG,CG,GG,CC,GG,TT,AA,CC,CC,AC,CC,AA,TT,CC,AA,CC,CC,AA,TT,AA,AT,CG,CT,CG,GG,AA,AA,AA,CC,GT,CC,CC,AA,AA,AG,GT,AG,AA,TT,CT,AG,AA,GT,NN,TT,CC,AA,GT,TT,AA,TT,GG,CC,AA,CT,CC,CC,CG,CC,AA,GG,AA,CC,TT,CC,GT,TT,CG,AT,AG,AA,NN,CC,GG,AC,NN,CG,GG,GG,AA,GG,TT,AA,AA,CC,GG,AA,CC,AA,AA,GG,TT,TT,AA,GG,GT,AT,GG,AT,GT,AA,GG,AA,TT,AA,TT,CC,TT,AA,AC,TT,GG,AA,CC,AG,CC,TT,CT,TT,GG,NN,AA,AA,AA,GT,CC,CG,GG,CC,GG,AT,AG,CG,TT,GG,CC,CC,AA,GG,CC,AT,CC,AA,AA,CC,CC,AC,TT,AA,CG,AA,AC,AA,AC,GG,AG,AA,AA,TT,GG,AA,AG,AC,AA,CT,AG,AA,GG,GG,CC,TT,AT,AG,TT,TT,TT,AA,AT,GG,GG,AC,2.74,Resistant,Low,Poor,Early
L0776,Coimbatore,Tamil Nadu,Kharif,Red Loamy,Rainfed,650,29.5,68,AC,TT,AG,AG,GG,CC,GG,AT,CC,CG,AA,CC,CC,TT,TT,GT,GG,TT,TT,AA,CC,TT,TT,CT,TT,CC,TT,AT,GG,AA,TT,CC,NN,CC,GG,GG,GG,CC,GG,NN,TT,CT,AA,TT,AG,GG,TT,TT,CC,AC,GG,AA,AG,GG,CC,TT,AA,AA,GT,AA,AA,GT,AT,AG,TT,TT,CC,GG,TT,TT,AG,GG,CC,AG,GG,AA,AA,GG,TT,TT,GG,GG,GG,CC,AT,GG,AA,AA,CC,GT,CC,TT,CT,TT,TT,GG,CT,AC,TT,CC,CT,CG,GG,AA,TT,TT,CG,AA,AG,AA,CC,GG,TT,CC,TT,AA,AC,TT,CC,GG,CC,GG,CT,GT,CC,AA,CT,CC,AC,CC,AA,TT,CC,AA,CC,CC,AA,TT,AA,AA,GG,CC,CC,GG,AG,AA,AA,CC,GG,CC,CC,AA,AA,GG,TT,GG,AA,TT,CT,GG,CC,TT,GG,CT,CC,AT,GT,TT,AA,AT,GG,NN,AA,CT,CC,AC,CG,CC,AA,GG,AG,CC,TT,CG,TT,GT,GG,TT,AA,AG,TT,CC,GG,AA,CC,NN,GG,AG,AA,GG,TT,AA,AG,CC,GG,AA,CC,AA,AA,GT,TT,TT,AA,GG,GG,AT,CG,TT,GT,AA,GG,AA,CT,AA,AT,CC,TT,AC,AC,TT,GG,GG,CG,AG,AC,TT,TT,GT,GG,TT,AC,CC,AA,GG,CG,CC,GG,CC,GG,TT,AA,CC,TT,GG,CC,CC,AA,AG,CC,AT,CC,AA,AA,AC,CC,CC,AT,AA,NN,AA,AC,AC,AA,GG,AG,AA,AA,TT,GG,AA,AG,AC,AA,CC,AA,AA,CG,GG,GG,TT,AT,AG,TT,TT,TT,AA,AA,GG,GG,CC,4.22,Resistant,Low,Premium,Medium
L0777,Coimbatore,Tamil Nadu,Kharif,Red Loamy,Rainfed,650,29.5,68,AC,TT,GG,AA,GG,CC,GT,TT,CC,CC,AA,CT,CC,TT,GT,GG,CG,TT,AT,AA,CC,TT,GT,CC,AT,CC,TT,TT,GT,AC,TT,CC,AA,NN,GG,GG,GG,CC,NN,CC,TT,TT,AA,TT,AA,GG,CT,AT,CC,AC,GT,AA,AA,GG,CT,TT,AT,AA,GG,AA,AA,TT,TT,AA,CT,AT,CC,GG,TT,GT,AG,GG,NN,AA,GG,AC,AA,GG,TT,TT,GG,GT,NN,CC,AT,GG,AA,AA,CC,GT,CC,TT,CT,TT,TT,GG,TT,CC,GT,CC,CC,CG,GG,AA,TT,TT,CC,AG,AG,AA,CT,GG,TT,CC,TT,AA,AA,TT,CC,AA,CC,GG,CC,GG,CT,AA,CC,CC,CC,CC,AA,GT,CC,AC,CC,CC,AA,TT,AG,AA,GG,CC,CC,GG,AG,AA,AA,CC,GG,CC,CC,AA,AG,GG,TT,AG,AC,TT,TT,AG,CC,TT,TT,TT,CG,AT,GT,TT,AA,AT,GG,CC,AG,CC,CC,CC,GG,CC,AT,AG,AG,AC,TT,CG,GG,GT,GG,AA,AA,AA,TT,CC,GG,AC,AC,CC,GG,GG,AA,GG,TT,AA,AA,CC,GT,AT,NN,AA,AT,GT,TT,AT,AA,GG,GT,AA,CC,AT,TT,NN,GG,AA,TT,AA,TT,CC,TT,AC,CC,CT,CG,AG,CC,AA,CC,TT,TT,GG,GG,TT,AA,AA,AG,GG,CC,CC,GG,CC,GG,AT,AA,CG,TT,GG,CG,CC,AA,AG,CG,AA,CC,AA,AA,AC,CG,AC,TT,AA,GG,AA,AA,AA,AA,GG,AA,AA,AA,AT,GG,AA,AG,CC,AC,CT,NN,AA,GG,GG,GG,TT,NN,AA,TT,TT,TT,AG,TT,GG,GG,AA,3.34,Susceptible,Low,Standard,Medium
L0778,Coimbatore,Tamil Nadu,Kharif,Red Loamy,Rainfed,650,29.5,68,AC,TT,GG,GG,CG,CC,GG,TT,CC,CC,AA,CC,CC,AT,TT,GG,CG,TT,TT,AG,CC,GG,GT,NN,TT,CC,GG,TT,GG,AA,CT,CC,AA,CC,GG,CG,GG,CG,GG,CC,TT,TT,AA,GT,AA,AG,TT,AT,CC,CC,GT,NN,AA,GG,CC,TT,AA,AA,GT,AA,AA,TT,AT,AA,TT,TT,CC,GG,TT,GG,AG,GG,CC,AA,GG,AC,TT,GG,TT,TT,AG,GT,GG,CC,AA,AG,AA,AA,CC,GG,CC,TT,CT,TT,TT,GG,TT,CC,GG,CC,CC,CG,AA,AA,AT,TT,CG,AA,AA,AA,CT,GG,TT,NN,TT,AA,AA,TT,CC,AG,CG,GG,CC,GG,TT,AA,CC,CC,CC,CC,AA,TT,CC,AA,CC,CC,AA,TT,AA,AA,GG,CC,CG,GG,AG,AG,AA,CC,GG,CC,CC,AA,AA,GG,TT,AG,AC,TT,CT,GG,AC,GG,GT,TT,CC,AA,TT,TT,AA,TT,GG,NN,AG,CC,CC,CC,GG,CC,AA,GG,AA,CC,TT,CG,TT,GG,GG,AT,AA,AA,TT,CC,GG,AC,CC,CC,GG,GG,AC,CG,TT,AA,AA,CC,GG,AA,AC,AA,AA,GG,TT,AT,AA,GG,GG,TT,CG,AT,GT,AA,GG,AA,CT,AA,TT,CC,TT,AA,CC,TT,CG,AG,CG,GG,AC,TT,CT,TT,GG,TT,AC,CC,AG,GG,CC,CC,GG,CC,GG,TT,AA,CC,TT,GG,CC,CG,AA,GG,CC,AT,CC,AA,AA,CC,CC,AC,TT,AA,GG,AA,AC,AC,AA,AG,NN,AA,AA,TT,GG,AA,AA,CC,AC,TT,AA,AA,GG,GG,GG,GT,NN,AA,TT,TT,TT,AG,NN,GG,GG,AA,2.52,Susceptible,Low,Poor,Medium
L0779,Coimbatore,Tamil Nadu,Kharif,Red Loamy,Rainfed,650,29.5,68,AC,TT,GG,AA,GG,CC,GG,TT,CC,CC,AA,CC,CC,AT,GT,GG,GG,TT,TT,AA,CC,GT,GT,CC,TT,CC,TT,AT,GG,AA,TT,CC,AA,CC,AG,GG,GG,CC,GG,CC,TT,CT,AC,TT,AG,GG,TT,AT,CC,AC,GG,TT,AA,GG,CC,TT,AA,AC,GG,AA,AA,TT,TT,AG,TT,TT,CC,GG,CT,GG,AG,GT,CC,AA,GG,AC,AA,GG,TT,TT,GG,GG,GG,CC,AA,AG,AG,AA,CC,TT,CC,TT,CT,TT,TT,GG,TT,CC,GT,CC,CC,NN,GG,AG,TT,NN,CG,AA,AG,AA,CC,GG,TT,CC,TT,AA,AC,NN,CC,GG,CC,GG,CC,GT,TT,GG,TT,CG,CC,CC,AA,TT,CC,AA,CC,CC,AG,AT,AA,AA,CG,CC,CC,GG,AA,AG,NN,CC,GG,CC,CC,AA,AG,GG,TT,GG,AC,NN,CT,GG,AC,GT,TT,TT,CC,AA,GG,TT,AT,TT,CG,CC,AG,CC,CC,CC,CG,CC,AA,GG,AA,CC,TT,CC,GG,TT,GG,AA,AA,AG,TT,CC,GG,AC,CC,CC,GG,AG,AC,GG,TT,AC,AA,CC,GG,AT,CC,AA,AA,GT,GG,AT,AA,GG,GT,NN,CC,TT,GG,AA,GG,AA,TT,AA,TT,CC,TT,AC,CC,TT,CG,AA,CC,AA,CC,TT,TT,GT,GG,AT,AA,AA,AG,GT,CG,CC,GG,CC,GG,AT,AA,CC,GT,GG,CC,CG,TT,GG,CC,AA,CC,AA,AA,CC,CC,CC,TT,AA,GG,AA,AA,CC,AA,AG,AG,AG,AA,AT,GG,AA,AA,AC,AA,TT,AA,AA,GG,GG,GG,TT,AA,AA,TT,TT,TT,AA,TT,GG,NN,AA,3.01,Susceptible,High,Standard,Early
L0780,Coimbatore,Tamil Nadu,Kharif,Red Loamy,Rainfed,650,29.5,68,AA,TT,GG,AG,GG,CC,GG,TT,CC,CC,AA,CC,CC,TT,TT,GG,CG,TT,TT,AA,CC,TT,GT,CT,TT,CC,TT,TT,GT,AA,TT,CC,AA,CC,AG,GG,GG,CC,NN,CC,TT,CT,AA,TT,AA,GG,TT,TT,CC,AC,GT,AA,AA,GG,CC,TT,AA,NN,GT,AC,AG,TT,TT,AA,TT,TT,CT,GG,TT,GG,AA,GG,AC,AA,GG,AC,AT,GG,TT,TT,GG,GG,GG,CC,AA,GG,AA,AA,CC,TT,AC,TT,CC,TT,TT,GG,TT,CC,TT,CC,CC,GG,AG,AA,TT,TT,CC,AG,AG,AA,CC,GG,GT,CG,TT,AA,AA,TT,CC,NN,CC,GG,CC,GG,TT,AA,CC,CC,CC,CC,AA,TT,CC,AA,CC,CC,AA,TT,AA,AT,GG,CT,CC,NN,AA,AA,AT,AC,GT,CC,CC,AA,AA,GG,TT,GG,AA,TT,CT,AG,CC,TT,GT,TT,CG,AT,TT,TT,AA,TT,GG,CC,AA,TT,CC,CC,CG,NN,AA,GG,AG,CC,TT,CC,GG,GT,CG,AT,AA,AG,TT,CC,GG,NN,AC,CC,GG,GG,AC,GG,TT,AA,AA,CC,GG,AA,CC,AA,AA,GG,TT,TT,AA,GG,TT,AA,CC,AT,TT,AA,GG,AA,CT,AA,TT,CG,CT,AA,CC,TT,CG,AG,CG,GG,AC,TT,TT,GT,GG,AA,AA,AC,AG,GG,CC,GG,GG,CC,GG,AT,AG,CC,TT,GG,CC,CC,AA,GG,CG,AA,CC,AT,AA,AC,CC,CC,NN,AA,GG,AA,AA,AC,AA,AA,AA,AG,AA,AT,GG,CC,AG,CC,AC,CC,AA,AA,GG,AG,GG,TT,AA,AA,TT,TT,TT,AA,TT,GG,GG,AA,3.76,Moderate,High,Premium,Medium
L0781,Coimbatore,Tamil Nadu,Kharif,Red Loamy,Rainfed,650,29.5,68,AA,TT,GG,AA,GG,CC,GG,AA,CC,CC,AA,CC,CG,TT,GT,GG,GG,TT,TT,AA,CC,TT,GT,CC,TT,CC,TT,TT,GG,AA,CT,CC,AA,CC,GG,GG,GG,CC,GG,CC,TT,CT,AC,TT,AA,AG,CT,AA,CC,AC,GG,AA,AA,GG,CT,GT,AA,AA,GT,AC,AA,TT,AT,GG,NN,TT,CC,GG,TT,GG,AA,GG,CC,AA,GG,CC,AA,GG,TT,TT,GG,GG,GT,CC,AT,GG,AA,AT,CG,TT,CC,TT,CT,TT,TT,GG,TT,CC,GG,CC,CT,CC,AA,AA,AT,TT,CG,AA,AA,AA,CT,GG,TT,CC,TT,AC,AA,TT,CC,GG,CG,GG,CC,GT,CC,AA,CC,CC,CC,CC,NN,TT,CC,AA,CC,CC,AA,TT,AA,AA,GG,CT,CG,GG,AA,AG,AT,CC,GG,CC,CC,AA,AG,GG,TT,AG,AA,TT,CT,GG,CC,TT,TT,CT,CC,AT,TT,TT,AA,TT,GG,CC,NN,CC,CC,CC,CG,CC,AA,GG,AA,CC,TT,CC,GG,GG,GG,AT,AA,AA,TT,CC,GG,AA,CC,CC,CG,GG,AA,GG,TT,AA,AA,CC,GG,AT,CC,AA,AT,GT,TT,TT,AT,GG,GG,AT,GG,TT,GT,AA,GG,AA,TT,AA,TT,CC,TT,AA,CC,CT,CC,AA,CC,GG,CC,TT,TT,GT,GG,TT,AA,CC,AG,GG,CC,GG,GG,CC,GG,AT,AA,CC,GT,GG,CC,CC,AA,GG,CC,AA,CC,AA,AA,AC,CG,AC,TT,AA,GG,AA,AA,AA,AA,NN,AA,AA,AA,TT,GG,AC,AA,AC,AA,CT,GG,AA,GG,GG,GG,TT,TT,AA,GT,TT,TT,AG,TT,GG,CG,AA,3.32,Moderate,Low,Poor,Late
L0782,Coimbatore,Tamil Nadu,Kharif,Red Loamy,Rainfed,650,29.5,68,AA,CT,GG,AA,GG,CC,GT,TT,CC,CC,AA,CC,CC,TT,GT,GT,CG,TT,AT,AG,CC,TT,GT,CC,TT,NN,GT,TT,GG,AA,TT,CC,AA,CC,GG,CG,GG,CG,GG,CC,TT,TT,AA,GT,AG,GG,NN,AT,CC,CC,GG,AA,AA,GG,CC,GT,AA,AA,GT,AC,AA,GT,NN,AA,TT,TT,CC,GG,CT,GG,AA,GG,CC,AA,GG,CC,AA,GG,TT,TT,GG,GT,GG,CC,AT,GG,AA,AA,NN,GT,CC,TT,CC,TT,TT,GG,CT,AC,TT,CC,CC,CG,GG,AA,TT,TT,NN,AA,AA,AC,CC,GG,TT,CC,GG,AA,AA,TT,CC,AG,CC,AG,CC,GT,TT,AA,CC,CC,NN,CG,AA,TT,CC,AA,AC,CC,AA,AT,AA,AT,GG,CC,CC,GG,AG,AA,AA,CC,GG,CC,CC,AA,AA,AG,TT,GG,AA,GT,TT,NN,CC,TT,TT,TT,CG,AA,GG,TT,AT,AT,GG,CC,AG,CT,NN,CC,GG,AC,AA,GG,AA,CC,TT,CC,GT,GT,GG,AT,AA,AA,TT,AC,GG,AA,CC,CC,NN,GG,AA,GG,CT,AA,AA,CC,GG,AA,CC,AA,AT,GG,TT,TT,AT,NN,GT,AA,CC,TT,GT,AT,GG,AA,CT,AA,TT,CC,CC,AC,CC,TT,GG,AA,CC,AG,CC,TT,CC,GT,GG,TT,AA,AC,AA,GG,CC,CC,GG,CG,GG,TT,AG,CC,GT,GG,CC,CC,AA,AG,CC,AA,CC,AA,AA,CC,CC,CC,TT,AA,GG,AA,AA,AA,AA,AG,AA,AG,AA,TT,CG,AA,AG,AC,AA,CT,AA,AA,GG,GG,GG,TT,AT,GG,GT,TT,TT,AG,TT,GG,GG,AA,2.4,Moderate,High,Premium,Late
L0783,Coimbatore,Tamil Nadu,Kharif,Red Loamy,Rainfed,650,29.5,68,AA,CT,GG,AG,NN,CC,GG,AT,CC,GG,AA,CC,CG,AT,TT,GG,CG,TT,TT,AA,CC,TT,GT,CC,TT,CC,TT,TT,GG,AA,TT,CC,AA,CC,GG,CG,GG,GG,GG,NN,TT,TT,AA,TT,AA,GG,TT,AT,CC,AC,GT,AA,AA,GG,CC,GT,AA,AA,TT,AA,AA,GT,TT,AA,TT,AT,CC,GG,TT,GG,AG,GG,CC,AA,GG,AA,AA,GG,TT,TT,GG,GG,GG,CC,AA,GG,AA,AA,CC,GT,CC,TT,CT,TT,GT,GG,CT,CC,TT,CC,CC,CG,GG,AA,TT,TT,CC,AA,GG,AA,CT,GT,TT,CC,GT,AA,AA,TT,NN,GG,CC,GG,CT,GT,CT,AG,CT,CC,CC,CC,AA,TT,CC,AA,CC,CC,AA,TT,AA,AA,GG,CC,CC,GG,AG,AG,AA,CC,GG,CC,CC,AA,AG,AG,TT,GG,AA,TT,TT,GG,CC,GT,TT,TT,CG,AT,GT,TT,AT,AT,GG,CC,AG,CT,CC,CC,GG,CC,AA,GG,AG,CC,TT,CG,GG,TT,CG,TT,AA,AA,TT,CC,GG,AA,CC,CC,GG,GG,AA,GG,TT,AA,AA,CC,GG,AT,CC,AA,AT,GT,TT,AT,AT,GG,GT,AA,CG,AT,TT,AA,GG,AA,CT,AA,TT,CC,TT,AC,CC,TT,GG,AG,CC,AA,AA,TT,CT,GT,GG,TT,AC,AC,AA,GG,CC,CG,GG,CG,GG,TT,AA,NN,TT,GG,CC,CC,AA,GG,GG,AA,CC,AA,AA,AA,CC,CC,AT,AA,GG,AA,AC,AA,AA,AG,AA,AG,AA,TT,GG,NN,AG,AA,AA,NN,AA,AA,CG,GG,GG,TT,AA,AG,TT,TT,TT,AA,AT,CG,GG,AA,4.95,Susceptible,High,Premium,Late
L0784,Coimbatore,Tamil Nadu,Kharif,Red Loamy,Rainfed,650,29.5,68,AA,CT,AG,AG,GG,CC,GG,TT,CC,CG,AT,CT,CC,TT,TT,GG,CG,TT,TT,GG,CC,TT,GT,CC,TT,CC,GT,TT,GT,AA,TT,CC,AA,CC,GG,GG,GT,CC,GG,CC,GT,CT,AA,NN,AA,GG,TT,TT,CG,CC,GG,AA,AA,GG,CC,GT,AA,AA,TT,AA,AA,TT,AT,AG,TT,TT,CC,GG,TT,GT,AG,GT,AC,AA,AG,AC,AA,GG,TT,TT,GG,GT,GG,CC,AT,GG,AA,AA,CC,TT,CC,TT,CC,TT,TT,AG,TT,CC,GT,CC,CC,CC,AG,AA,TT,TT,CC,AG,AA,AA,CC,GG,TT,CG,TT,AA,AC,TT,CC,GG,CC,AG,CC,TT,TT,AA,CC,CC,CC,CC,AA,TT,CC,AA,CC,CT,AA,TT,AA,AA,GG,CC,CC,AG,AG,AA,AA,CC,GG,CC,CC,AG,AG,GG,GT,GG,AC,TT,TT,GG,AA,TT,TT,TT,CG,AT,TT,TT,TT,TT,GG,CC,AA,CT,CC,CC,GG,CC,AA,GG,AG,CC,TT,CC,GT,TT,CG,TT,AG,AG,TT,AC,CG,AA,AC,CC,GG,GG,AC,GG,TT,AA,AA,CC,GG,AA,AC,AA,AA,GG,TT,TT,AA,GG,TT,AT,CG,AT,GT,AA,GG,AA,CC,AA,TT,CG,TT,AA,CC,TT,CG,AG,CG,AG,AC,AT,TT,GT,CG,TT,AC,CC,AA,GG,NN,CC,GG,CG,GG,AT,AA,CG,TT,AG,CC,CC,AA,GG,CG,AT,CC,AA,AA,CC,CC,CC,TT,AA,GG,AA,AA,AA,AA,AG,AG,AA,AG,TT,GG,AC,AG,CC,AA,CT,AA,AA,CG,GG,GG,TT,AA,AA,TT,TT,TT,AG,TT,NN,GG,AA,2.76,Moderate,Medium,Poor,Late
L0785,Coimbatore,Tamil Nadu,Kharif,Red Loamy,Rainfed,650,29.5,68,CC,TT,AG,GG,GG,CG,GT,AT,CC,CG,AA,CT,CC,TT,TT,GG,GG,NN,TT,AA,CC,GT,TT,CC,AT,CC,TT,TT,GG,AA,NN,CT,AA,CC,GG,CG,GT,CC,GG,CC,TT,TT,AA,TT,AA,GG,TT,TT,CC,CC,GG,AA,AA,GG,CC,TT,NN,AC,GG,AC,NN,GT,AT,AG,CT,TT,CC,GG,TT,GG,AA,GG,CC,AG,GG,AA,AA,GG,TT,TT,GG,GT,GG,CC,AA,GG,AA,AA,CG,GT,CC,TT,CC,TT,TT,GG,TT,CC,TT,CT,CC,CC,AG,AG,AT,TT,CC,AA,AG,AA,CC,GG,GT,CC,TT,AA,AA,TT,NN,GG,CC,GG,CC,GG,TT,AA,CC,CC,AC,CC,AA,TT,AC,AA,CC,CC,AA,TT,AA,AT,GG,CT,CC,GG,AA,GG,AT,CC,GT,CC,CC,AA,NN,GG,TT,GG,AA,GT,TT,AG,AC,GT,TT,TT,CG,AT,TT,TT,AA,TT,GG,CC,AA,CT,AC,CC,GG,CC,AA,GG,AG,CC,TT,CG,GT,TT,CC,AT,NN,AA,GT,CC,GG,AA,CC,CC,GG,GG,AA,GG,TT,AC,AA,CG,GG,AA,AC,AA,AT,GT,TT,AT,AA,CG,GG,AT,CG,TT,TT,AA,GG,AG,CT,AA,TT,CG,TT,AC,CC,TT,GG,AG,CC,AG,AC,TT,TT,TT,GG,TT,AC,CC,AA,GG,CC,CC,GG,CC,GG,AT,AA,CG,TT,GG,CC,CC,AA,AG,CG,AA,CC,AA,AA,CC,CG,CC,TT,AA,GG,AA,AA,AA,AC,GG,AA,AA,AA,TT,GG,AA,AA,AC,AA,CT,AA,AG,CG,GG,GG,GT,AT,AA,TT,TT,TT,AA,TT,GG,GG,AA,4.06,Moderate,Medium,Premium,Early
L0786,Coimbatore,Tamil Nadu,Kharif,Red Loamy,Rainfed,650,29.5,68,AC,TT,GG,AA,GG,CC,GG,AA,CG,CG,AT,CC,CG,TT,GT,GG,CG,TT,TT,AA,CG,TT,GG,CC,TT,CC,TT,TT,GG,AA,TT,CC,AA,AC,GG,GG,GG,GG,GG,CC,TT,CC,AC,TT,AG,AG,TT,TT,CC,AC,GT,AA,AA,GG,CC,GT,AA,AC,GG,AA,NN,TT,AT,AA,TT,TT,CC,GG,TT,GT,AA,GT,CC,AA,AG,AA,AT,GG,TT,TT,GG,GG,GG,CC,AA,GG,AA,AA,CC,TT,CC,TT,CT,AT,NN,GG,TT,CC,GT,CC,CC,CC,GG,AA,TT,TT,CC,AA,AG,CC,TT,GG,GT,CC,GT,AA,AA,TT,CG,AG,CC,GG,CT,GG,CT,AA,CT,CC,NN,CC,AA,TT,CC,AA,CC,CC,AA,AT,AA,AT,GG,TT,CC,GG,AG,AG,AA,CC,GT,CC,CC,AA,AG,GG,GT,GG,AA,TT,TT,GG,AC,GG,TT,TT,CG,AA,GT,TT,AA,TT,GG,CC,AA,CC,CC,CC,GG,CC,AA,GG,AG,CC,TT,CC,GT,TT,GG,TT,AA,AA,TT,CC,CG,AC,AC,CC,GG,GG,AC,GG,TT,AC,AG,CC,GG,AA,CC,AA,NN,GG,TT,AT,NN,GG,GT,AT,CC,TT,GT,AT,GG,AA,TT,AA,TT,CC,TT,AC,CC,TT,CG,GG,CC,AA,AA,TT,CT,TT,GG,TT,AC,CC,AA,GG,CC,CC,GG,CC,GG,AT,AA,CC,TT,GG,CG,CC,AA,GG,CC,AA,CC,AA,AA,CC,CG,AC,AT,AA,GG,AA,AA,AA,AA,GG,AA,AG,AA,AT,CG,AA,GG,CC,AC,CT,AA,AA,CG,GG,GG,TT,AT,AG,TT,TT,TT,AA,TT,GG,CG,AA,4.17,Susceptible,Low,Poor,Early
L0787,Coimbatore,Tamil Nadu,Kharif,Red Loamy,Rainfed,650,29.5,68,AA,TT,GG,AA,GG,NN,GG,TT,CC,CG,AA,CC,CG,TT,GT,GG,GG,TT,TT,AG,CC,GT,TT,CC,TT,CC,GT,AA,GG,AA,TT,TT,AA,AC,GG,GG,GG,GG,GG,CC,TT,CT,AA,TT,AG,AA,TT,TT,CC,CC,GT,AA,AG,GG,CT,TT,AA,AC,TT,CC,AA,TT,TT,AG,CT,TT,CC,GG,TT,GT,AA,GT,CC,AA,AG,AA,AT,GG,TT,TT,GG,GT,GG,CC,AT,GG,AG,AT,CC,GT,CC,TT,CT,TT,TT,GG,TT,CC,GT,CC,TT,CC,GG,AA,AT,TT,CC,AA,AA,AA,CT,GG,TT,CC,TT,AA,AA,TT,CC,GG,CC,GG,CC,GG,TT,AG,CC,CG,CC,NN,AA,TT,CC,AA,CC,CC,AA,TT,AA,AA,GG,CC,CC,GG,AA,AA,AA,CC,GT,CC,CC,AA,AG,AG,TT,GG,CC,TT,CT,GG,AC,GT,TT,TT,CC,AT,GT,TT,AT,AT,GG,CC,AG,CT,CC,CC,GG,CC,AA,GG,AA,CC,TT,CC,GT,GT,GG,AT,AA,AA,TT,AC,GG,AA,CC,CC,GG,GG,AC,GG,CT,NN,AA,CC,GG,AT,AC,AA,TT,TT,TT,TT,AA,CG,GT,AA,GG,AT,GG,AA,GG,AA,CT,AA,TT,CG,TT,AC,CC,TT,GG,AA,CC,GG,CC,AT,CT,GT,GG,TT,AA,CC,AG,GG,CC,CC,GG,CC,GG,AT,AA,CG,TT,GG,CC,CG,AA,AG,CC,AT,CC,AA,AA,AC,CC,CC,TT,AA,GG,AA,AA,AC,AC,GG,AA,AA,AA,AT,GG,AA,AA,AC,AC,TT,AA,AA,GG,GG,GG,TT,AT,AA,TT,TT,TT,AG,AT,GG,CG,AA,0.91,Susceptible,High,Poor,Early
L0788,Coimbatore,Tamil Nadu,Kharif,Red Loamy,Rainfed,650,29.5,68,AA,CT,AG,AA,CG,CC,GT,AA,CC,CC,AA,CC,CG,TT,TT,GG,GG,AT,TT,AA,CC,GG,TT,CC,AT,CC,TT,TT,GG,AC,TT,CC,AA,CC,GG,GG,GG,CG,GG,CC,TT,CT,AA,TT,AG,AA,TT,AT,CC,AC,GG,AA,AA,GG,CT,TT,AA,AC,GT,AC,GG,GT,TT,AA,TT,TT,CC,GT,TT,GG,AA,GG,AC,AA,AG,AC,AA,GG,TT,TT,GG,GT,GG,CC,AA,GG,AA,AT,CC,GT,CC,TT,CC,TT,TT,GG,TT,CC,GT,CC,CC,CC,AA,AA,TT,TT,CC,AG,GG,AA,CC,GG,TT,CG,GT,AA,AA,TT,CC,AG,CC,AG,CC,GG,CT,NN,CT,CC,CC,CC,AA,GT,CC,AA,CC,CC,AG,AT,AA,AT,GG,CC,CC,GG,AA,AA,AA,CC,GG,CC,CC,AA,AA,GG,TT,NN,AC,TT,CT,GG,CC,GT,TT,TT,CC,AT,GT,TT,AA,TT,CG,CC,AG,CT,CC,CC,GG,CC,AA,AG,AG,CC,TT,CG,GG,GG,CG,AT,AA,GG,TT,CC,GG,AC,CC,CC,GG,GG,CC,GG,TT,CC,AA,CC,GG,AA,AA,AA,AA,GG,TT,TT,AA,CG,TT,NN,CC,AT,TT,AA,GG,AA,TT,AC,TT,CC,CT,AA,AC,TT,CG,AG,CC,AG,CC,TT,TT,TT,GG,TT,AA,CC,AG,GG,CC,CG,GG,CC,GG,AT,AA,CC,TT,GG,CC,CG,AA,GG,CC,AA,CG,AA,AA,AA,CG,AC,TT,AA,GG,AA,AA,NN,AA,GG,AG,AA,AA,TT,GG,AA,AA,CC,AA,CT,AA,AA,GG,AG,GG,TT,AA,AA,TT,TT,TT,AA,TT,GG,GG,AC,5.78,Resistant,Medium,Premium,Medium
L0789,Coimbatore,Tamil Nadu,Kharif,Red Loamy,Rainfed,650,29.5,68,AA,TT,GG,AA,GG,CC,GG,TT,CC,CG,AA,CC,CC,TT,TT,GG,CG,TT,TT,AA,CG,TT,TT,CC,TT,CC,NN,AT,GG,AA,TT,CT,GG,CC,GG,GG,GG,CG,GG,CC,TT,TT,AA,TT,AG,GG,CT,TT,CC,AC,GG,AA,AA,GG,CC,TT,AA,AC,TT,AA,AA,GT,TT,AA,CT,AT,CC,GG,TT,GG,AG,GG,AC,AA,GG,AC,AT,GG,TT,CC,GG,GT,GG,CC,AT,GG,AA,AA,CC,GG,AC,TT,CC,TT,NN,GG,TT,CC,TT,CC,CC,CC,GG,AA,AT,GT,CC,AA,AA,AA,CC,GT,TT,CC,TT,AA,AA,TT,CC,GG,CC,GG,CC,NN,TT,AA,CT,CC,CC,CC,AG,TT,CC,AA,CC,CC,AA,AT,AA,AA,GG,CC,CC,GG,AA,AG,AA,CC,GG,CC,CC,AA,AA,AG,GT,GG,AC,GT,CT,AG,CC,GT,GT,TT,CC,AA,GT,TT,AA,AT,GG,CC,AA,CC,CC,CC,CG,CC,AA,GG,AA,CC,TT,CG,GT,TT,CG,TT,AA,AA,NN,CC,CG,AA,CC,CC,GG,GG,AA,GG,CT,AC,AA,CC,GT,AT,AA,AT,TT,GG,TT,AT,AA,CG,GG,AA,CC,TT,GT,AA,GG,AA,TT,AC,TT,CC,TT,AC,CC,CT,CG,AA,CG,AG,AC,TT,CC,TT,GG,TT,AA,AC,AA,GG,CC,CC,GG,CC,GG,AT,AA,CC,GT,GG,CC,CG,AT,GG,CG,AA,CC,AA,AA,CC,CG,AC,TT,AA,GG,AA,AA,AA,AA,GG,GG,AA,AA,TT,GG,AA,AG,CC,CC,TT,AA,AA,GG,GG,GG,GT,AA,AA,TT,TT,TT,AA,AT,GG,GG,AA,4.71,Resistant,High,Premium,Late
L0790,Coimbatore,Tamil Nadu,Kharif,Red Loamy,Rainfed,650,29.5,68,AC,TT,AG,GG,CG,CC,GT,AT,CC,CC,AA,CC,CC,TT,GT,GT,CG,TT,TT,AA,CC,TT,TT,CC,TT,CC,TT,AT,GG,AA,TT,CC,AA,CC,AG,GG,GG,CC,GG,CC,TT,TT,AA,TT,AA,AA,CT,TT,CC,AC,GG,AA,AG,GG,CC,TT,AT,AC,GG,AA,AG,GT,TT,AA,TT,TT,CC,GG,TT,GT,AA,GG,CC,AA,GG,AC,AT,GG,TT,TT,GG,GG,GT,CC,AA,GG,AG,AA,CC,TT,CC,TT,CC,TT,TT,AG,TT,CC,GG,CC,CC,CG,AG,AA,AT,GT,CC,AA,AG,AA,CT,GT,TT,CC,TT,AC,AA,TT,CC,AG,CC,GG,CC,GG,TT,AG,CC,CC,CC,NN,AG,TT,CC,AA,CC,CC,AG,AT,AA,AA,GG,CC,CG,GG,AA,AG,AA,CC,GG,CC,CC,AA,AA,GG,TT,GG,CC,GT,CT,GG,CC,GT,TT,TT,CG,AA,TT,TT,AT,TT,GG,CC,AA,CC,AC,CC,GG,CC,AA,GG,GG,CC,TT,CC,TT,GG,CG,AT,AG,AA,TT,AC,GG,AA,CC,CC,GG,GG,AC,GG,TT,AA,AA,CG,GG,AA,CC,AA,AT,GT,TT,TT,AA,CG,GG,AA,CG,TT,TT,AA,GG,AA,TT,AA,TT,CC,CT,AA,AC,TT,CG,AG,CC,AG,AC,TT,CT,TT,GG,TT,AC,CC,AG,GG,CC,CC,GG,CC,GT,AA,AA,CC,TT,GG,CC,CG,AA,GG,CC,AA,CC,AT,AA,CC,CC,CC,TT,AA,GG,AA,AA,AA,AA,GG,AA,AA,AA,TT,GG,AA,AG,AC,AA,CT,AG,AA,GG,GG,GG,GT,AA,AA,TT,TT,TT,GG,AA,GG,GG,NN,4.14,Susceptible,Low,Poor,Medium
L0791,Coimbatore,Tamil Nadu,Kharif,Red Loamy,Rainfed,650,29.5,68,AA,CT,GG,GG,CG,CC,GT,TT,CC,CG,AA,CT,CG,AT,GT,GG,GG,TT,AT,AA,CC,TT,TT,CC,TT,CC,TT,TT,GG,NN,TT,CC,AA,CC,AG,GG,GG,CG,GG,CC,TT,CC,AA,TT,AA,GG,TT,TT,CC,CC,GG,AA,AA,GG,TT,TT,AA,AC,TT,AC,AA,TT,AT,AA,TT,TT,CC,GG,TT,GT,AG,GG,CC,AA,GG,AA,AA,GG,TT,TT,GG,GG,GT,CC,AA,GG,AA,AT,CC,TT,AC,TT,TT,TT,TT,GG,TT,AC,TT,CC,CC,CC,AG,AA,TT,TT,CC,AA,AA,AA,CC,GG,NN,CG,TT,AA,AA,TT,CC,GG,CC,AG,CC,TT,TT,AG,CC,CC,CC,NN,AA,NN,AC,AA,CC,CC,AA,TT,AA,AT,CG,CC,CC,GG,AG,AG,AA,CC,GG,CC,CC,AA,GG,GG,TT,GG,AA,TT,CT,GG,AC,TT,TT,TT,CG,TT,TT,NN,AA,TT,GG,CG,AG,CT,AC,NN,GG,CC,AA,GG,AA,CC,TT,CC,GG,TT,GG,TT,AA,AA,GT,AC,GG,AC,CC,CC,GG,GG,AA,GG,TT,AA,AG,CG,GG,AA,CC,AT,AT,GG,TT,AT,AA,CG,GT,AA,CC,TT,TT,AA,GG,AA,CT,AA,TT,CC,CT,CC,AC,CT,GG,AG,CC,AG,CC,TT,TT,TT,GG,TT,AA,AC,GG,GG,CG,CC,GG,CC,GG,AA,AA,CC,TT,GG,CC,CC,AA,AG,CC,AT,CC,NN,AG,CC,CG,CC,TT,AA,GG,AA,AA,AC,AA,AG,GG,AA,AA,AT,GG,AA,AA,AC,CC,CT,AA,AA,GG,GG,GG,TT,AA,AA,TT,TT,TT,AG,TT,GG,GG,AA,4.18,Susceptible,High,Poor,Late
L0792,Coimbatore,Tamil Nadu,Kharif,Red Loamy,Rainfed,650,29.5,68,AC,TT,AG,GG,GG,CC,GT,TT,CC,NN,AA,CC,CC,TT,TT,GG,CG,TT,AT,AA,CC,TT,GT,CT,TT,CC,TT,TT,GG,AA,TT,CC,AA,NN,GG,CG,GG,CC,GG,CC,TT,CT,AA,TT,AA,NN,TT,AT,CC,CC,GG,AA,AA,GG,CC,GT,AA,AA,TT,AA,AG,TT,TT,AA,TT,AT,CC,GG,TT,GT,AA,GG,CC,AA,GG,AA,AA,AA,GT,TT,GG,GT,GT,CC,AA,GG,AA,AT,CC,GT,CC,TT,CC,TT,GT,GG,TT,CC,TT,CC,CC,CC,AG,AA,TT,TT,CC,AA,AG,AA,CC,GG,TT,CC,GT,AC,AA,TT,CG,AG,NN,GG,CC,GG,TT,AA,NN,CC,CC,CC,AA,GT,CC,AC,CC,CC,AG,AT,AG,AA,GG,CC,CC,GG,AA,AA,AA,CC,GG,CC,CC,AA,AA,GG,TT,GG,AA,GT,TT,GG,CC,TT,GT,TT,CC,TT,TT,TT,AA,TT,NN,CC,NN,CT,CC,AC,CG,CC,AA,GG,AA,CC,TT,CC,GG,GT,GG,AT,AA,AG,TT,CC,GG,AA,CC,CC,GG,GG,AC,GG,TT,AC,NN,CG,GG,AA,CC,AA,AA,GG,TT,TT,AA,GG,TT,AT,CG,TT,TT,AA,AG,AA,CT,AA,TT,CC,CT,AA,CC,CT,GG,AA,CC,AA,CC,AT,TT,GT,GG,TT,AA,AC,AG,GG,CC,CC,GG,CC,GG,AT,AG,CC,TT,AG,CC,CC,AA,AG,CC,AA,CC,AA,AA,CC,CC,CC,TT,AG,GG,AA,AA,AA,AA,AG,AG,AG,AA,TT,GG,AC,AG,CC,AC,TT,AA,AA,GG,GG,GG,GT,AT,AA,TT,TT,TT,AG,AT,GG,GG,AA,3.89,Moderate,High,Premium,Early
L0793,Coimbatore,Tamil Nadu,Kharif,Red Loamy,Rainfed,650,29.5,68,AC,CT,GG,AA,GG,CC,GG,TT,CC,GG,AA,CC,CG,TT,GG,GG,GG,TT,TT,AA,CC,GT,GT,CC,TT,CC,TT,AT,NN,AA,CT,CC,AA,AC,GG,CG,GG,CG,GG,CC,TT,TT,AA,TT,AA,GG,TT,TT,CC,AC,GG,TT,AA,GG,CC,TT,AA,AA,GG,AA,AA,TT,AT,AG,TT,NN,CC,GG,TT,GG,AA,GT,CC,AA,GG,CC,AT,GG,TT,TT,GG,GG,GT,CC,AA,GG,AA,AA,CC,GT,AC,NN,CT,TT,TT,GG,CC,CC,TT,CC,CC,CC,AG,AA,TT,TT,CC,AA,AG,AA,CC,GG,TT,CG,TT,AA,AC,TT,CC,GG,CC,GG,CC,GT,CT,AG,CT,CC,CC,CC,AA,TT,CC,AA,CC,CC,AA,AT,AA,AA,GG,CT,CC,GG,AA,AA,AA,CC,GG,CC,CC,AG,AA,GG,TT,AG,AA,TT,CT,GG,AC,TT,GT,TT,CC,AA,TT,TT,AA,AT,GG,CC,AA,TT,CC,CC,GG,CC,AA,GG,AG,CC,GT,CC,GT,TT,GG,TT,AA,NN,TT,CC,GG,AA,CC,NN,GG,GG,AC,GG,TT,AA,AA,CC,GG,AT,AC,AT,AT,GG,TT,AT,AT,GG,GG,AA,CC,AT,TT,AT,GG,AA,TT,AA,TT,CC,TT,AA,CC,TT,GG,AG,CG,AG,CC,TT,CT,GT,GG,TT,NN,NN,AA,GG,CC,CG,GG,CC,GG,AA,AA,CG,GT,GG,CC,CC,AA,GG,CC,AA,CG,AA,AA,AA,CC,AC,TT,AA,GG,AA,AA,AA,AA,AG,AG,AA,AG,AA,CG,AA,AG,CC,AC,CT,AA,AG,GG,GG,NN,GT,AT,AA,TT,TT,TT,AG,NN,GG,GG,AA,3.54,Susceptible,Medium,Standard,Medium
L0794,Coimbatore,Tamil Nadu,Kharif,Red Loamy,Rainfed,650,29.5,68,AA,TT,GG,AG,GG,CC,GT,AT,CG,CC,AT,CC,CC,TT,TT,GG,CG,TT,TT,NN,CC,TT,GG,CC,TT,CC,TT,NN,GG,AA,TT,CC,AA,CC,GG,CG,GG,CG,GG,CC,TT,CC,NN,GT,AG,AG,CT,AT,CC,CC,GG,AA,AA,GG,CC,GG,AA,AA,GG,AA,GG,TT,TT,AA,TT,TT,CC,GG,TT,GT,AA,GT,CC,AA,GG,AC,AT,GG,TT,TT,GG,GG,GG,CC,AA,GG,AA,AT,CC,GT,CC,TT,CC,TT,TT,GG,CT,CC,TT,CT,CT,NN,GG,AG,TT,TT,CG,AA,GG,AA,CT,GG,GT,CC,TT,AA,AA,TT,CC,GG,CG,GG,CC,GG,NN,AG,CC,CG,CC,CC,AA,TT,CC,AA,CC,CC,AA,TT,AA,AT,GG,CC,CC,GG,AG,AA,AT,NN,GG,CC,CG,AA,AA,GG,TT,GG,AA,GT,CT,GG,CC,TT,GT,CT,CC,AA,GG,TT,AA,AT,GG,CC,AA,CC,CC,CC,GG,AC,AA,GG,AG,CC,TT,CC,GG,TT,GG,TT,AG,GG,GT,AC,GG,AC,CC,CC,GG,GG,AC,GG,CT,AA,AA,CC,GG,AT,AC,AT,AA,GG,TT,AT,AT,GG,GG,AA,CC,AA,TT,AA,GG,AA,TT,AA,TT,CC,CT,AA,CC,TT,CG,AG,CC,AG,CC,TT,TT,TT,GG,TT,AC,AA,AA,GG,CC,CC,GG,CC,GG,AT,AA,CC,TT,GG,CC,CC,AT,GG,CG,AA,CC,AA,AA,CC,NN,CC,TT,AA,GG,AA,NN,AC,AA,AG,AG,AA,AA,AA,GG,AC,AG,AC,AA,TT,AA,AA,GG,GG,GG,GT,AA,AG,TT,TT,TT,AA,TT,CG,GG,AA,6.45,Moderate,Low,Premium,Medium
L0795,Coimbatore,Tamil Nadu,Kharif,Red Loamy,Rainfed,650,29.5,68,AC,TT,GG,AG,CG,CC,GT,AT,CC,CG,AA,TT,CC,AT,TT,GT,GG,TT,TT,NN,CC,TT,TT,CC,TT,CT,GT,TT,GG,AC,TT,CC,AA,CC,AG,GG,GG,CC,GG,CC,TT,TT,AA,GT,AA,GG,TT,TT,CC,CC,GG,TT,AG,GG,CC,TT,AA,AA,GT,AC,NN,GT,TT,AA,TT,TT,CC,GG,TT,GG,AA,GG,CC,AA,GG,CC,AA,GG,TT,TT,GG,GT,TT,CC,TT,AG,AA,AA,CC,GT,CC,TT,CT,TT,TT,GG,TT,CC,TT,CT,CC,CG,AG,AA,TT,TT,CC,AA,AG,AA,CC,GG,TT,CC,TT,AA,AA,TT,CC,GG,CG,GG,CT,GG,TT,AA,CT,CC,CC,CC,AA,TT,CC,AA,CC,CT,AA,TT,AA,AA,GG,CT,CC,GG,AA,GG,AA,CC,GG,CC,CG,AA,AA,AG,TT,GG,AA,TT,TT,GG,AC,TT,GT,TT,CC,AA,TT,TT,AT,AT,GG,CG,AA,CC,CC,CC,GG,CC,AA,AG,AG,CC,TT,CC,GG,GT,GG,TT,AA,AA,TT,NN,GG,AA,NN,CC,GG,GG,AA,GG,TT,AA,AA,CC,GG,AT,CC,AT,AA,TT,TT,AT,AT,CG,GG,AA,CC,TT,TT,AA,GG,AA,CT,AA,NN,CC,CT,AA,CC,TT,CG,AA,GG,AG,CC,TT,CT,TT,GG,TT,AA,CC,AG,GT,CC,CG,GG,CC,GG,AT,AG,CC,TT,GG,CC,CC,AA,GG,CC,AT,CG,AA,AG,CC,CC,AC,AT,AG,GG,AA,AA,AC,AA,AG,AA,AA,AA,TT,CG,AA,AG,CC,AA,CT,AA,AA,GG,GG,GG,TT,AA,AA,GT,TT,TT,AA,AT,GG,GG,AA,3.53,Susceptible,Medium,Premium,Early
L0796,Coimbatore,Tamil Nadu,Kharif,Red Loamy,Rainfed,650,29.5,68,CC,TT,GG,AA,GG,CG,GG,TT,CC,CC,AA,CC,CG,AT,TT,GG,GG,TT,TT,AA,CC,GT,GT,CT,TT,CC,TT,TT,GG,AA,CT,CC,AA,CC,GG,GG,GG,CC,GG,CC,TT,CT,AA,TT,AA,AG,TT,TT,CC,AC,GG,AA,AG,GG,CC,TT,AA,AC,GT,AC,AG,NN,TT,AA,TT,TT,CC,GG,TT,GG,AG,GG,CC,AA,AG,AA,AA,GG,GT,TT,GG,GT,GT,CC,AA,AG,AA,AA,CC,TT,CC,TT,TT,AT,TT,GG,TT,CC,TT,CC,CT,GG,AG,AA,AT,TT,CC,AA,AG,AA,CC,GG,TT,CC,TT,AA,AA,TT,CC,GG,CC,GG,CC,GT,CT,NN,CC,CC,CC,CC,AG,TT,CC,AA,CC,CT,AA,TT,AA,AA,GG,CC,CC,GG,AA,GG,AA,AC,GG,CC,CC,AA,AG,GG,TT,GG,AC,TT,TT,GG,CC,TT,TT,TT,CC,AT,GT,TT,AA,AT,CG,CC,AA,CT,CC,AC,GG,CC,AA,GG,AG,CC,TT,CC,GT,GT,GG,TT,AA,AA,TT,CC,GG,AA,CC,CC,GG,GG,AA,GG,TT,AC,AA,CC,GG,AT,AA,AA,AT,NN,TT,AT,TT,CG,GT,AA,GG,TT,TT,AA,GG,NN,TT,AA,TT,CC,TT,AA,CC,CT,CG,AG,CG,AG,CC,TT,CT,TT,GG,TT,AA,CC,GG,GG,CC,GG,GG,CC,GG,TT,AA,CC,TT,GG,CC,CC,AA,GG,CC,AA,CG,AA,AA,CC,GG,CC,TT,AA,GG,AA,AA,AA,AA,AA,AA,AA,AA,TT,GG,AA,AG,CC,AA,NN,AA,AA,GG,GG,GG,TT,AA,AG,TT,TT,TT,AA,TT,GG,GG,AA,3.74,Susceptible,Low,Poor,Medium
L0797,Coimbatore,Tamil Nadu,Kharif,Red Loamy,Rainfed,650,29.5,68,NN,TT,AG,AG,GG,GG,GT,AT,CC,CC,NN,CT,CG,TT,TT,GG,CG,TT,TT,AA,CC,TT,TT,CC,TT,CC,TT,TT,GG,AA,TT,CC,AA,CC,GG,GG,GG,CG,GG,CC,TT,TT,AC,GT,AG,AG,TT,TT,CC,CC,GT,AA,AG,GG,CC,TT,AA,AC,GG,AA,AA,GT,NN,AG,TT,AA,CC,GG,TT,GG,NN,GT,CC,AA,GG,AA,AT,GG,TT,TT,GG,GG,GG,CC,AA,AG,AA,AA,CC,TT,AC,TT,CC,NN,GT,AG,TT,CC,GT,CC,CC,CC,NN,NN,TT,TT,CC,AA,AG,AA,CC,GG,GT,CC,TT,AA,AA,TT,CC,GG,CG,GG,CC,GT,TT,AA,CT,CC,CC,CC,AA,TT,CC,AA,CC,CT,AA,AT,AA,AA,GG,CC,CC,GG,AA,AG,AA,CC,GG,CC,CG,AA,AA,AG,TT,GG,AC,GT,TT,GG,CC,GT,NN,CT,GG,AA,GT,CT,AA,TT,GG,CC,AG,TT,CC,CC,CG,CC,AA,GG,AA,CC,TT,CC,GT,TT,NN,AA,AG,AA,TT,AA,GG,AA,CC,CC,GG,GG,AC,GG,TT,AA,AA,CC,GG,AA,CC,AA,AA,GG,TT,AT,TT,CG,GT,AA,CC,TT,GT,AA,GG,AA,TT,AA,TT,CC,TT,AA,CC,TT,GG,AA,GG,AG,CC,TT,CT,GG,GG,TT,AA,CC,AA,GG,CC,CC,NN,CC,GG,TT,AA,CC,TT,GG,CC,CC,AT,GG,CC,AT,CG,AA,AA,AC,CG,CC,TT,AA,GG,AA,AA,AC,AA,NN,AA,AA,AA,TT,GG,AA,AA,AC,AA,CC,GG,AA,GG,GG,GG,TT,AA,AA,GT,TT,TT,GG,TT,GG,GG,AA,3.49,Moderate,High,Poor,Late
L0798,Coimbatore,Tamil Nadu,Kharif,Red Loamy,Rainfed,650,29.5,68,AA,CT,AA,AA,CG,CC,GG,AT,CC,CC,AA,CT,CG,AT,TT,GT,GG,TT,TT,AG,CC,TT,GT,TT,TT,CC,TT,TT,GT,AC,TT,CC,AA,CC,GG,GG,GG,CC,GG,AC,TT,CT,AA,TT,AG,GG,TT,TT,CC,AC,GG,AA,AA,GG,CC,TT,AA,AA,GG,AC,AA,TT,TT,AG,TT,AT,CC,GG,TT,GG,AA,GT,CC,AA,GG,AC,NN,GG,TT,TT,GG,GT,GT,AC,AA,GG,AG,AT,CG,GG,CC,GT,CT,TT,TT,GG,TT,CC,TT,CC,CC,CG,AA,AA,TT,TT,CC,AG,AG,AA,CT,GG,TT,CC,TT,AA,AA,TT,CC,AA,CC,GG,CC,GG,CT,AA,CT,CC,CC,CC,AA,TT,NN,AA,CC,CC,AA,AT,AA,AT,GG,CT,CC,GG,AA,AA,AT,CC,GT,CC,CC,AA,AA,GG,TT,GG,AC,GT,TT,AG,AC,TT,TT,TT,CG,AA,TT,TT,AA,TT,GG,CC,AA,CT,CC,CC,CG,CC,AA,GG,GG,CC,TT,CC,GT,TT,GG,AT,AA,AA,TT,CC,CG,AA,CC,CC,CG,GG,AC,GG,TT,AA,AA,CC,GG,AA,CC,AA,AT,GT,TT,TT,AA,GG,GT,AT,CC,TT,GT,AA,GG,AA,CT,AA,TT,CC,CT,AA,CC,CC,NN,AA,CG,AA,AC,TT,TT,TT,GG,TT,AA,AC,AG,GG,CC,CG,GG,CC,GT,AA,AG,CC,TT,GG,CC,CG,AA,AG,CC,AA,CC,AT,AA,NN,CG,AC,TT,AA,GG,AA,AA,AA,AC,AG,AA,AG,AA,TT,GG,AA,AA,AA,AC,TT,AA,AG,GG,AG,GG,TT,AA,AA,TT,TT,TT,GG,AT,GG,GG,AC,4.58,Resistant,High,Standard,Early
L0799,Coimbatore,Tamil Nadu,Kharif,Red Loamy,Rainfed,650,29.5,68,CC,TT,GG,AA,NN,CC,GT,TT,CC,CC,AA,CC,CG,TT,TT,GG,CG,TT,TT,AG,CC,GG,TT,CC,TT,CC,GT,AA,TT,AA,TT,CC,AA,AC,GG,CG,GG,CG,GG,CC,TT,CC,AA,GT,AA,AG,TT,TT,CC,CC,GG,AT,AA,GG,CC,TT,AT,AA,TT,AC,AA,TT,AA,AG,TT,NN,CC,GG,TT,GT,AA,GG,CC,AA,GG,AC,AT,GG,TT,TT,GG,NN,GG,CC,AT,AG,AA,AA,CC,TT,CC,TT,CT,TT,GT,GG,TT,CC,GT,CT,CC,CG,AG,AA,AT,TT,CC,AG,AA,AA,CT,GT,GT,CC,TT,AA,AA,TT,CC,AG,CC,GG,CC,GG,CT,AG,CC,CC,CC,CC,AA,TT,CC,AA,CC,CT,AA,TT,AA,AA,GG,CC,CC,GG,AA,AA,AA,AC,GG,CC,CC,AA,AA,GG,TT,GG,AC,TT,CT,GG,AC,GG,GT,CT,CC,TT,TT,NN,AA,TT,GG,CC,AA,CC,CC,CC,CG,CC,AA,GG,GG,CC,TT,CC,GG,TT,CG,AT,AG,AA,TT,AC,CG,AC,CC,CC,GG,GG,AC,GG,TT,AA,AA,CC,GT,AT,AC,AA,TT,GT,TT,TT,AA,CG,GG,AA,CC,TT,TT,AA,GG,AA,TT,AA,TT,CC,TT,AC,CC,TT,GG,AG,CC,AG,CC,AT,TT,GT,GG,AT,AA,CC,AA,GG,CC,CC,GG,CC,GG,AT,AA,CC,GT,GG,CC,CC,AT,GG,CG,AA,CC,AA,NN,CC,CG,CC,TT,AA,GG,AA,AA,AC,AA,AA,AA,AA,AA,AT,GG,AA,AA,CC,AA,CC,AA,AA,GG,GG,CG,TT,AA,AA,TT,TT,TT,AA,TT,GG,GG,AA,3.13,Susceptible,Low,Poor,Late
L0800,Coimbatore,Tamil Nadu,Kharif,Red Loamy,Rainfed,650,29.5,68,CC,TT,GG,GG,CG,CG,GG,TT,CC,CG,AA,CC,CC,TT,TT,GG,GG,AT,TT,AA,GG,TT,GT,CC,AT,CC,TT,TT,GG,AA,TT,CC,AA,CC,GG,GG,GG,CG,GG,CC,TT,TT,AC,GT,AA,GG,CT,AT,CC,CC,GG,AT,NN,GG,CC,TT,AA,AA,GG,AC,AA,TT,TT,AA,TT,TT,CC,GG,TT,GG,AG,GG,CC,AA,AG,AA,AA,GG,NN,TT,GG,GT,GT,CC,AA,GG,AG,AA,CC,GT,AC,TT,CC,TT,TT,GG,CT,AC,GT,CC,CC,CC,AG,AA,TT,TT,CG,AA,AG,AA,CC,GG,TT,CC,TT,AA,AA,TT,CG,NN,CC,GG,CC,GG,TT,AA,CC,CC,CC,CC,AG,GT,CC,NN,CC,CC,AA,TT,AA,AA,CG,CC,CC,GG,NN,AG,AA,AC,GG,CC,CC,AG,AG,GG,TT,NN,AA,TT,NN,AG,CC,GT,GT,TT,CC,AA,GT,TT,AA,TT,GG,CC,AG,CT,CC,CC,CG,CC,AA,GG,GG,CC,TT,CG,GG,TT,CG,TT,AA,AG,TT,AC,GG,AC,CC,CC,GG,GG,AA,GG,CT,AC,AA,CC,GT,AA,NN,AA,AT,GT,GT,AT,AA,GG,GG,AA,CC,TT,TT,AA,GG,AA,TT,AA,TT,CC,TT,AA,AC,CT,GG,AA,CC,AA,CC,TT,CT,GT,GG,TT,AC,AC,AA,GG,CC,CG,GG,CC,GG,TT,AG,CC,TT,GG,CC,CG,TT,GG,CC,AA,CG,AA,AA,AC,CC,CC,TT,AA,GG,AA,AA,AC,AA,AA,AG,AG,AA,TT,GG,AA,AG,CC,AA,TT,AG,AG,GG,GG,GG,TT,AA,AG,TT,TT,TT,AG,TT,GG,CG,AA,3.92,Susceptible,High,Premium,Early
L0801,Coimbatore,Tamil Nadu,Kharif,Red Loamy,Rainfed,650,29.5,68,AC,CT,GG,AA,GG,CC,GG,TT,CC,CC,AT,CC,CG,AT,TT,GG,CG,TT,TT,AA,CC,TT,GT,CC,TT,CC,TT,TT,GG,AA,TT,CC,AA,CC,GG,CG,GG,CC,GG,CC,TT,TT,NN,TT,AA,GG,TT,TT,CC,AA,GT,AA,AA,CG,CT,GT,AT,AA,TT,AA,AA,GT,AT,NN,TT,AT,CC,GG,TT,GT,GG,GG,CC,AA,AG,AC,AT,GG,TT,TT,GG,GG,GG,CC,AA,GG,AA,AA,CC,TT,CC,TT,CT,TT,GT,GG,TT,CC,TT,NN,CC,CC,AA,AA,AT,TT,CC,AG,GG,AC,CT,GG,TT,CG,GT,AC,AA,TT,CC,GG,CC,GG,NN,GT,TT,AA,CT,CC,CC,CC,AA,TT,CC,AA,CC,CC,AA,TT,AA,AA,GG,CT,CC,NN,AA,AG,AA,CC,GT,CC,CC,AA,AG,AG,TT,GG,AA,TT,TT,GG,AC,TT,GT,TT,CG,AA,TT,CT,AA,NN,GG,CC,GG,CC,CC,CC,GG,CC,AA,AG,AG,CC,TT,CG,GG,GG,GG,TT,AA,NN,TT,AA,GG,AA,AC,CC,GG,AG,AA,GG,TT,AA,AA,CC,GT,AT,AC,AA,AA,GG,TT,AT,AT,GG,GG,AT,CC,TT,TT,AA,GG,AA,CT,AA,TT,CG,TT,AA,CC,CT,CG,AG,CG,AA,AA,TT,TT,TT,GG,TT,AA,AC,AA,GG,CC,CG,GG,CC,GG,TT,AA,CG,GT,GG,CC,CG,AA,GG,CC,AA,CC,AA,AA,CC,NN,CC,TT,AG,GG,AA,AA,AC,AA,AG,AA,AG,AA,TT,GG,AC,AG,AC,AA,CT,AA,AA,GG,GG,CG,TT,AA,AG,NN,TT,TT,AG,TT,GG,CG,AA,3.36,Susceptible,Medium,Premium,Late
L0802,Coimbatore,Tamil Nadu,Kharif,Red Loamy,Rainfed,650,29.5,68,AC,TT,GG,GG,GG,CC,GG,TT,CC,CC,AA,CC,GG,AT,TT,GT,GG,TT,TT,AA,CC,TT,TT,CC,TT,CC,TT,TT,GG,AA,TT,CC,AA,CC,GG,GG,GG,CC,GG,AC,TT,CT,AA,GT,AA,GG,TT,AT,CC,AC,GG,AA,AG,GG,CC,TT,AT,AC,GG,AA,AG,TT,TT,AA,CT,TT,CC,GT,TT,GG,AA,GG,CC,AA,AG,AC,AA,GG,TT,TT,GG,GG,GT,CC,AA,AG,AA,AA,CC,TT,CC,TT,CT,TT,TT,GG,CT,CC,TT,CC,CC,CC,AA,AG,TT,TT,CC,AA,AA,AA,CC,GG,TT,CG,TT,AC,AC,TT,CC,AG,CC,GG,CC,GG,NN,AA,CC,CC,AC,CC,AA,TT,CC,AA,CC,CT,AA,TT,AA,AA,GG,CC,CC,GG,AA,AA,AA,CC,GG,CC,CC,AA,AA,GG,TT,GG,AA,TT,CT,AG,AC,GG,TT,CT,CC,AA,GT,TT,AA,TT,CG,CG,NN,CC,CC,CC,GG,CC,AA,GG,AA,CC,TT,CG,GT,GT,GG,AT,AA,AA,TT,CC,GG,AC,CC,CC,GG,GG,AC,GG,TT,AA,AA,CC,GG,AA,AC,AA,TT,GT,TT,TT,AA,GG,GT,AA,CC,TT,TT,AA,GG,AA,TT,AC,TT,CC,CT,AC,CC,CT,GG,AA,GG,GG,CC,AT,TT,GT,GG,TT,AA,AC,AA,GG,CC,CG,GG,CC,GG,TT,GG,CG,GG,GG,CC,CC,AA,GG,CG,AT,CC,AA,AA,CC,CC,AC,TT,AA,GG,AA,AC,AC,AA,AG,AG,AA,AA,TT,GG,AA,AA,CC,AA,TT,AA,AA,GG,GG,GG,TT,AT,AA,TT,NN,TT,AG,TT,GG,CG,AA,3.91,Susceptible,Low,Premium,Early
L0803,Coimbatore,Tamil Nadu,Kharif,Red Loamy,Rainfed,650,29.5,68,AA,CT,GG,AA,GG,CC,GT,TT,CC,GG,AA,CC,CC,TT,GT,GT,CG,TT,TT,AA,CC,TT,TT,CT,AT,CC,GT,TT,GT,AA,TT,CT,AA,CC,GG,GG,GG,CC,NN,CC,TT,TT,CC,TT,AG,AG,TT,AT,CC,CC,GT,AA,AA,GG,CC,GT,AA,AA,TT,AC,AA,TT,AT,AG,TT,AT,CC,GG,TT,GG,AG,GG,CC,AA,AG,AA,AT,GG,TT,TT,GG,GG,GT,CC,TT,GG,AG,AA,CG,GT,CC,GT,CC,TT,TT,GG,TT,AC,GT,CC,CT,CC,GG,AA,TT,TT,CC,AA,AA,AA,CC,GG,TT,CC,GT,AA,AA,TT,CC,GG,CC,AG,CC,GG,CT,GG,CC,CC,CC,CC,AA,NN,CC,AA,CC,CC,AA,TT,AA,AA,GG,CC,CC,GG,AA,AA,AA,CC,GG,CC,CC,AG,AA,AG,TT,GG,AA,GT,CT,GG,AA,GT,TT,CT,CC,AA,GT,TT,AA,TT,GG,CC,AA,TT,CC,CC,GG,CC,AT,GG,AG,CC,TT,CC,GG,TT,CG,TT,AA,AA,GT,CC,GG,AA,CC,CC,GG,GG,CC,CG,TT,AC,AG,CC,GG,AA,CC,AA,AA,GT,TT,AT,AT,GG,GG,AA,CG,TT,TT,AA,GG,AA,TT,AA,TT,NN,TT,AA,CC,TT,CC,GG,CG,GG,CC,TT,CC,GG,GG,TT,AA,CC,AA,GG,CC,CC,GG,CC,GG,TT,AG,CG,TT,GG,CC,CC,AA,GG,CC,AA,GG,AA,AA,AC,CC,AA,TT,AA,NN,AA,AC,AA,AA,AG,AA,AA,AA,AT,GG,AA,AA,CC,AA,TT,AA,AA,GG,GG,GG,GT,AA,AA,NN,TT,TT,AG,TT,GG,GG,AA,2.83,Moderate,Medium,Poor,Late
L0804,Coimbatore,Tamil Nadu,Kharif,Red Loamy,Rainfed,650,29.5,68,AC,TT,AG,AA,GG,CC,GG,AA,CC,CG,AA,CC,CC,TT,GG,NN,CG,TT,TT,AG,CC,TT,GT,CC,TT,CC,TT,TT,GG,AA,TT,CT,AA,CC,GG,GG,GG,CC,GG,CC,TT,CT,AA,GT,AA,GG,TT,AT,CG,CC,GG,AT,AA,GG,CC,TT,AA,AA,GG,AA,AA,GT,TT,AA,TT,TT,CC,GG,TT,GG,AA,GG,CC,AA,AG,AA,AA,GG,TT,TT,GG,GG,GT,CC,AA,GG,AA,AA,CC,GT,CC,TT,CC,AT,GT,GG,CT,CC,GG,CC,TT,CG,AG,AA,AT,GT,CG,AG,AA,AA,CC,GG,TT,CC,GG,AA,AA,TT,CC,AG,CC,GG,CC,GT,TT,AG,CT,CC,CC,CC,AA,TT,AC,AC,CC,CT,AA,TT,GG,AA,CG,CC,CC,GG,AA,GG,AA,CC,GG,CC,CC,AA,AA,GG,TT,AG,AA,TT,CT,GG,CC,GT,GT,CT,CC,AT,TT,TT,AA,AT,CG,CC,AG,CT,CC,CC,GG,CC,AA,GG,GG,CC,TT,CC,GT,GT,GG,AA,AA,AA,TT,CC,GG,AA,AC,CC,GG,GG,AA,GG,TT,AA,AA,CC,GG,AA,CC,AA,AT,GG,TT,TT,AT,GG,TT,AT,CC,TT,GT,AA,AG,AA,TT,AA,TT,CC,NN,AA,CC,CC,GG,AG,CC,AG,CC,TT,TT,GT,GG,TT,AA,AC,AA,GG,CC,CG,GG,CC,GG,AT,AA,CG,GT,GG,CC,CG,AA,GG,CC,TT,CG,AT,AA,CC,CG,CC,TT,AA,GG,AA,AC,AC,AA,GG,AA,AA,AA,AT,GG,AC,GG,CC,CC,CT,AA,AA,CG,AG,GG,TT,AA,AA,TT,TT,TT,AG,TT,GG,GG,AA,3.73,Susceptible,Medium,Standard,Medium
L0805,Coimbatore,Tamil Nadu,Kharif,Red Loamy,Rainfed,650,29.5,68,AC,CT,AG,AA,GG,CC,GG,TT,CC,CG,AA,CT,CG,TT,TT,GG,GG,TT,TT,AA,CC,GT,TT,CT,TT,CC,TT,TT,GG,AA,CT,CC,AA,CC,GG,CG,GG,CC,GG,CC,TT,CT,AA,TT,AA,AG,TT,AT,CC,AC,GG,AA,AG,CG,NN,TT,AA,AA,GG,AC,GG,TT,AT,AG,TT,TT,CC,GG,TT,GG,AA,GG,AC,AA,AG,CC,AA,GG,TT,TT,GG,TT,NN,CC,AA,GG,AA,AA,CC,TT,CC,TT,CT,TT,TT,GG,CT,NN,GT,CC,CC,CC,AG,AA,TT,TT,CG,AA,GG,AA,CT,GG,TT,CG,TT,AA,AA,TT,CC,AG,CC,GG,CC,GT,CT,AG,CC,CC,CC,CC,AA,TT,CC,AA,CC,CC,AA,TT,AA,AA,GG,CC,CC,GG,AG,AA,AA,CC,GG,CC,CC,AA,AA,AG,TT,GG,NN,TT,TT,GG,CC,TT,GG,TT,CG,AA,GT,TT,NN,TT,CG,CC,AA,CT,CC,CC,GG,CC,AA,GG,AA,CC,TT,CC,GT,TT,GG,TT,AA,AA,TT,CC,GG,AA,CC,CC,CG,GG,AC,GG,TT,AC,AA,CC,GG,AA,CC,AA,AA,GT,GG,TT,TT,GG,TT,AT,CC,AT,TT,AA,GG,AA,CT,AA,NN,CC,TT,AC,AC,TT,GG,AA,GG,AG,CC,TT,CT,GT,GG,AA,AC,AA,AG,GG,CC,CG,GG,CC,GG,AA,AA,CC,GG,GG,CC,CC,AA,GG,CC,AA,CC,AA,AA,CC,CC,AC,TT,AA,GG,NN,AA,AC,AA,GG,AG,AA,AA,AT,GG,AA,AG,AC,CC,CC,AG,AA,GG,AG,GG,TT,AT,AA,TT,TT,TT,AA,AT,CG,GG,AA,2.92,Susceptible,High,Premium,Early
L0806,Coimbatore,Tamil Nadu,Kharif,Red Loamy,Rainfed,650,29.5,68,AA,TT,GG,AA,CG,CC,GG,AT,CC,CG,AA,CT,CC,TT,GT,GG,GG,TT,AT,AA,CC,TT,GT,TT,TT,CC,TT,TT,GG,AA,TT,CC,AA,CC,GG,NN,GG,CG,GG,CC,TT,TT,AA,TT,AG,GG,TT,TT,CC,AC,GG,AT,AA,GG,CC,GT,AA,NN,GT,AC,AG,TT,AT,AG,TT,TT,CC,GG,TT,GT,AA,GG,CC,AA,GG,AA,AT,GG,TT,TT,GG,GT,GG,CC,AA,GG,AA,AT,NN,GT,CC,TT,CC,TT,GT,GG,TT,CC,TT,CC,CC,CC,AG,AG,TT,TT,CC,AG,AA,AA,CC,GG,TT,CG,TT,AC,AA,TT,CC,GG,CC,GG,CC,GG,CC,AA,CC,CC,AC,CC,AA,TT,CC,AA,CC,CC,AA,TT,AA,AA,GG,CC,CG,GG,AG,AG,AT,CC,GG,CC,CC,AA,GG,GG,TT,GG,NN,TT,TT,GG,CC,TT,TT,TT,CC,AT,TT,TT,AA,AT,GG,CG,AG,CT,CC,CC,GG,CC,AA,GG,AG,CC,TT,CC,GG,TT,GG,TT,AA,GG,TT,CC,GG,AC,AA,CC,GG,GG,CC,NN,TT,AA,AG,CC,GT,AA,CC,AA,AA,TT,TT,TT,AT,CG,GT,AA,CC,AT,GT,AA,GG,AA,TT,AA,TT,CC,CT,CC,AC,TT,GG,AA,CG,AG,CC,TT,TT,GT,GG,AT,AA,CC,AA,NN,CC,CG,GG,CC,GG,TT,AA,CC,TT,GG,CC,CG,AA,AG,CC,AA,CG,AA,AA,AC,CG,CC,TT,AA,GG,AA,AA,AA,AA,GG,AG,AA,AA,TT,GG,AC,AA,AA,AA,TT,AG,AG,GG,GG,GG,TT,AA,AA,GT,TT,TT,AA,AT,GG,GG,AA,4.14,Moderate,Low,Premium,Early
L0807,Coimbatore,Tamil Nadu,Kharif,Red Loamy,Rainfed,650,29.5,68,AC,TT,GG,AG,GG,CC,GT,TT,CC,CG,AA,CC,CG,AT,TT,GT,CG,TT,TT,AA,CC,TT,GT,CT,TT,CC,TT,TT,GG,AA,CT,CC,AG,AC,GG,GG,GT,CC,GG,CC,TT,CC,AA,GT,AA,AG,TT,TT,CC,AC,GT,AA,AG,GG,CC,GT,AA,AC,GG,AA,AG,TT,TT,AA,CT,TT,CC,GG,TT,GG,AA,GG,CC,NN,GG,AC,AT,GG,GT,TT,GG,GG,NN,CC,AA,GG,AA,AA,CG,GG,CC,TT,CT,AT,TT,GG,CT,CC,TT,CC,CT,CG,GG,AA,TT,TT,CC,AA,GG,AC,CC,GG,TT,CC,GT,AA,AA,TT,CG,AA,CC,AG,CC,NN,CT,AA,CT,CC,CC,CC,AA,TT,CC,AA,CC,CC,AA,AT,AA,AA,CG,CT,CC,GG,AG,AG,AA,CC,GG,CC,NN,AA,AA,GG,TT,GG,AA,TT,TT,AG,CC,TT,TT,TT,CG,AA,TT,TT,AA,TT,GG,CC,AG,CT,CC,AC,GG,CC,AA,AG,AG,CC,TT,CC,GT,TT,CG,AA,AA,AG,TT,CC,CG,AA,AC,CG,GG,GG,AA,GG,TT,AA,AG,GG,GG,AA,CC,AT,TT,GT,TT,AT,AT,GG,GT,AA,CG,TT,GT,AA,GG,AA,TT,AC,TT,CC,TT,AA,NN,CT,GG,AA,CG,AG,CC,AT,TT,GT,GG,TT,AA,CC,AA,GG,CC,CG,GG,CC,GG,AT,AA,CC,TT,GG,CG,CC,AA,GG,CG,AT,CG,AA,NN,CC,CG,CC,AT,AA,GG,AA,AA,AA,AA,GG,AG,AG,AA,TT,GG,AA,AG,CC,CC,CT,AG,AA,GG,AA,GG,TT,AA,AA,TT,TT,TT,AG,TT,GG,CG,AA,5.22,Susceptible,High,Standard,Late
L0808,Coimbatore,Tamil Nadu,Kharif,Red Loamy,Rainfed,650,29.5,68,CC,TT,GG,AA,GG,CC,GG,TT,CC,CG,AA,CC,NN,TT,TT,GG,CG,TT,TT,AA,CC,TT,GT,CC,TT,CC,TT,NN,GG,AA,CT,CC,AA,CC,GG,GG,GG,CG,GG,CC,TT,CT,AA,GG,AG,GG,TT,TT,CC,CC,GT,AA,GG,GG,CT,TT,AT,AA,GG,AA,AA,GT,TT,AG,TT,AA,CC,GG,TT,GG,AA,GT,CC,AA,AG,AA,AA,GG,TT,TT,GG,TT,GT,CC,AA,GG,AA,AT,CG,TT,CC,TT,CC,TT,TT,GG,TT,CC,TT,CC,CT,CC,AG,AG,AT,TT,CC,AA,GG,AC,CC,GG,TT,CG,TT,AA,AC,TT,CC,AG,CC,GG,CC,GT,CT,AA,CC,CC,AC,CC,AA,TT,CC,AA,CC,CC,AA,TT,NN,AT,GG,CT,CG,GG,AA,AA,AA,CC,GG,CC,CC,AA,AG,GG,GT,GG,AC,TT,CT,GG,CC,GT,TT,TT,CC,AA,GT,TT,AA,TT,CG,CC,AG,CC,CC,CC,GG,CC,AA,GG,AG,CC,TT,CG,GT,TT,GG,AA,AA,AA,TT,CC,GG,AA,CC,CG,GG,GG,AC,GG,TT,AA,AA,CC,GG,AA,AC,AA,AT,GG,TT,TT,AT,CG,GT,AA,CC,TT,GT,AA,GG,AA,TT,AA,TT,CC,TT,AC,CC,TT,GG,AG,CC,GG,CC,TT,CC,TT,GG,TT,AA,AC,AG,GG,CC,CC,GG,CC,GG,AT,AG,CG,GT,GG,CC,CC,AA,GG,CC,AA,CC,AA,AA,CC,CC,CC,TT,AG,GG,AA,AA,AC,AC,AG,NN,AA,AA,AA,GG,AC,AG,AC,AC,TT,NN,AG,GG,GG,GG,TT,AA,AG,TT,TT,AT,AG,TT,NN,GG,AA,2.57,Susceptible,Medium,Premium,Late
L0809,Coimbatore,Tamil Nadu,Kharif,Red Loamy,Rainfed,650,29.5,68,AC,TT,GG,AG,CG,CC,GG,TT,CC,CG,AT,CC,CG,AA,TT,GG,GG,AT,AT,AG,CC,TT,GG,CT,TT,CC,TT,TT,GG,AA,TT,NN,AA,CC,GG,CG,GG,CC,GG,AC,TT,TT,AA,TT,AA,NN,TT,TT,CC,AA,GG,AT,AA,GG,CC,TT,AA,AA,GT,AA,AG,TT,TT,AG,TT,TT,CC,GG,TT,GG,AA,GG,NN,AA,AG,CC,AA,GG,GT,TT,GG,GT,GG,CC,AA,GG,AG,AT,CC,GT,AC,TT,CT,TT,TT,AG,TT,CC,GT,CC,CC,CC,AG,AG,TT,TT,CC,AA,AG,AA,TT,GG,TT,CC,TT,AA,AA,TT,CC,GG,CC,AG,CC,GT,CT,AG,CT,CC,CC,CC,AA,GT,CC,AA,CC,CT,AA,TT,AA,AA,CG,CC,CC,GG,AA,AA,AA,AC,GG,CC,CC,AA,AG,GG,TT,AG,AC,TT,TT,GG,AC,TT,TT,CT,CC,AA,TT,TT,AA,TT,CG,CC,AA,CC,CC,CC,CG,CC,AA,GG,AG,CC,TT,CC,GG,GT,GG,TT,AA,AA,TT,CC,GG,AC,CC,CG,GG,GG,AA,GG,TT,AC,AA,CC,GT,AA,CC,AA,TT,GG,TT,AT,AA,CG,GT,AA,CC,AT,GT,AA,GG,AA,CT,AA,AT,CC,TT,AA,CC,TT,GG,AG,CC,NN,CC,TT,CC,GT,GG,TT,AA,AC,AA,GG,CC,CG,GG,CC,GG,AT,AA,CC,GT,GG,CC,CC,AA,AA,CG,AT,NN,AA,AG,AC,CC,AC,TT,AA,GG,AA,AA,AA,AA,AG,AG,AA,AG,TT,GG,AA,AG,AA,NN,TT,AA,AA,GG,GG,GG,TT,AA,AA,GT,TT,TT,AG,AT,GG,GG,AA,4.5,Susceptible,Low,Premium,Medium
L0810,Coimbatore,Tamil Nadu,Kharif,Red Loamy,Rainfed,650,29.5,68,AA,TT,GG,GG,GG,CC,GT,TT,CC,GG,AA,CC,CG,TT,TT,GG,CG,TT,TT,AA,CC,GT,TT,CC,TT,CC,TT,TT,GG,AA,TT,CT,AA,CC,GG,GG,GG,CG,GG,CC,TT,CT,AC,TT,AA,GG,TT,TT,CC,AA,TT,AA,AG,GG,CC,TT,AA,CC,GT,AC,AA,TT,AT,AA,TT,AT,CC,GG,TT,GG,AG,GG,CC,AA,GG,AC,AT,GG,TT,TT,GG,GG,GG,CC,AA,GG,AA,AA,CC,TT,CC,NN,CC,TT,GT,GG,TT,CC,TT,CC,CT,CG,GG,AA,TT,TT,CC,AA,AG,AA,CC,GG,TT,CC,TT,AA,AA,TT,CC,AG,CC,GG,CC,GT,TT,AA,CC,CC,AC,CC,AA,TT,CC,AA,CC,CC,AA,TT,AA,AA,GG,CC,CC,GG,AA,AG,AA,AC,GT,CC,CC,AA,AA,GG,TT,GG,AC,GT,CT,GG,CC,TT,GT,TT,CC,AT,TT,TT,AA,AT,GG,CC,AA,CC,CC,CC,GG,CC,AA,GG,AA,CC,TT,CG,GT,GT,CG,TT,AA,AA,GT,AC,GG,CC,AC,CC,GG,AG,AC,GG,TT,CC,AA,CG,GT,AA,CC,AT,AA,GT,TT,AT,AA,CG,GT,AA,CG,TT,TT,AA,GG,AA,TT,AA,TT,CC,CT,AC,CC,TT,CG,AG,CG,GG,CC,TT,TT,TT,GG,TT,AA,AC,AA,GG,CC,CG,GG,CC,GG,TT,AG,CC,GT,GG,CC,CC,AA,GG,CC,AA,CC,AA,AA,AA,CC,AA,TT,AG,GG,AA,AA,AC,AA,AG,AA,AG,AA,AT,GG,AA,GG,AC,AA,CT,AA,AA,GG,AG,GG,TT,AT,AA,TT,TT,TT,GG,TT,GG,GG,AA,3.49,Susceptible,Low,Premium,Late
L0811,Coimbatore,Tamil Nadu,Kharif,Red Loamy,Rainfed,650,29.5,68,AA,TT,GG,AA,GG,CC,GG,TT,CC,CC,AA,CC,CG,AT,GT,GG,CG,TT,TT,AA,CC,GT,GG,CC,AT,CC,TT,TT,GG,AA,TT,CC,AA,CC,AA,CC,GG,CC,GG,CC,TT,CT,AA,TT,AA,GG,TT,TT,CC,AC,GG,AT,AG,GG,CC,TT,AA,AC,GT,AA,AG,TT,AT,AG,TT,TT,CC,GG,TT,GG,AA,GG,CC,AA,GG,CC,AT,GG,TT,TT,GG,GG,GG,CC,AA,AG,AA,AA,CC,TT,CC,TT,CT,TT,TT,GG,TT,AC,GT,CC,CC,CC,GG,AG,TT,TT,CG,AA,AG,AA,CC,GG,TT,GG,TT,AC,AA,NN,CC,GG,CC,AG,CT,GG,TT,AA,CC,CC,CC,CC,AA,TT,CC,AA,CC,CC,AA,TT,AA,AA,GG,CT,CC,GG,AA,GG,AA,CC,GG,CC,CC,AA,NN,AG,TT,GG,CC,TT,NN,GG,AC,TT,GG,TT,CC,AA,GT,TT,NN,AT,CG,CC,GG,CT,CC,CC,GG,CC,AA,GG,GG,CC,TT,CG,GG,TT,GG,AT,AA,AA,TT,CC,GG,AA,CC,NN,GG,GG,AC,CG,TT,AA,AA,CC,GG,AA,CC,AA,NN,GT,TT,TT,AA,GG,GT,AA,CG,AT,TT,AA,GG,AA,CT,AC,TT,CC,TT,AA,CC,TT,CG,AG,CC,AG,AA,TT,CT,TT,GG,TT,AC,AC,AG,GG,CC,CC,GG,CC,GG,AT,AA,GG,TT,GG,CC,CC,AA,GG,CC,AA,CC,AT,AA,AC,CG,AC,NN,AA,GG,AA,AA,AC,AA,AG,AG,AA,AA,TT,GG,AA,AA,AC,AA,CT,AA,AA,GG,GG,GG,GT,AA,AG,TT,TT,TT,AA,AA,GG,GG,AA,3.44,Susceptible,Medium,Premium,Medium
L0812,Coimbatore,Tamil Nadu,Kharif,Red Loamy,Rainfed,650,29.5,68,CC,TT,GG,AA,CG,CG,GG,TT,CC,CG,AA,CC,CG,AT,TT,GG,CG,TT,TT,AA,CC,GT,NN,CC,TT,CC,TT,TT,GG,AA,CT,CC,AA,CC,GG,GG,GG,CG,GG,CC,TT,CT,AA,GT,AA,GG,TT,TT,CC,AA,GG,AA,AG,GG,CC,TT,AA,AC,GG,AC,AA,TT,TT,AG,CT,TT,CC,GG,TT,GG,AA,GG,CC,NN,AG,AC,AA,GG,GT,CT,GG,GG,GT,CC,AA,GG,AA,AA,CC,TT,CC,TT,TT,TT,TT,GG,TT,CC,GG,TT,CC,CC,AG,AA,AA,NN,CC,AA,AA,AC,CT,GG,TT,CG,TT,AA,AA,TT,CC,GG,CC,GG,CC,GT,CC,AA,CC,CC,CC,CC,AA,TT,CC,AA,CC,CT,AA,TT,AA,AA,GG,TT,CC,GG,AA,AA,AA,AC,GT,CC,CC,AG,AA,AG,GG,GG,AA,GT,CC,GG,CC,GT,GG,TT,CC,AT,GT,CT,AA,TT,GG,CC,AA,CT,CC,CC,GG,CC,AA,GG,AA,CC,TT,CC,GT,TT,GG,AT,AA,AA,TT,CC,GG,AA,CC,CG,GG,AG,AC,GG,TT,AA,AA,CC,GT,AA,AC,AA,TT,GG,TT,TT,TT,GG,GT,AT,CC,TT,TT,AA,GG,AG,CT,AA,TT,CC,TT,AA,CC,TT,GG,AG,CC,AA,AC,TT,CT,GT,GG,TT,AA,CC,AA,GT,CC,CG,GG,CC,GG,AT,NN,CC,GT,GG,CC,CC,AA,GG,CC,AA,CC,AA,AA,AC,CG,AC,TT,AG,CG,AA,AA,AC,AC,GG,AA,AG,AA,TT,GG,AA,AG,AC,AA,CT,AA,AA,GG,AG,GG,TT,AT,AA,TT,TT,TT,AA,TT,GG,GG,AA,6.53,Resistant,Low,Premium,Medium
L0813,Coimbatore,Tamil Nadu,Kharif,Red Loamy,Rainfed,650,29.5,68,CC,CT,GG,AG,GG,CC,GG,TT,CC,CC,AA,CT,CC,AT,TT,GG,GG,TT,TT,AA,CG,TT,NN,CT,TT,CC,TT,TT,GG,AA,TT,CC,AA,CC,GG,GG,GG,CC,GG,CC,TT,CC,AA,TT,AA,AG,TT,TT,CC,CC,GT,AA,AG,CG,NN,GT,AA,AC,TT,AC,AA,TT,TT,AG,TT,AT,CC,GG,TT,GT,AA,GG,CC,AA,GG,AC,AT,GG,TT,TT,GG,GG,GT,CC,AA,GG,AA,AT,CC,TT,CC,TT,CC,AT,TT,GG,TT,CC,TT,CT,CT,CG,AA,AA,TT,TT,CG,AA,AA,AA,TT,GG,TT,CG,TT,AA,AA,TT,CC,GG,CC,AG,CC,GG,TT,AA,CC,CC,CC,CC,AA,TT,CC,AC,CC,CC,AA,TT,AA,AT,CG,CC,CC,GG,AA,AA,AA,AC,GG,CC,CC,AA,AA,AG,TT,GG,AC,TT,NN,GG,AC,TT,GT,TT,CC,TT,GT,TT,AA,TT,NN,CC,AG,CT,CC,CC,CC,CC,AA,GG,GG,CC,TT,CC,TT,TT,GG,AT,AG,AA,GT,CC,GG,AA,AC,CC,GG,GG,AC,GG,TT,AA,AA,CC,GG,AA,CC,AA,AA,GG,GT,TT,AT,CG,TT,AT,CG,AT,GT,AA,GG,AA,CT,AA,TT,CC,TT,AA,CC,TT,GG,AG,CC,AG,CC,TT,TT,TT,GG,TT,AA,NN,AA,GG,CC,CG,GG,CC,GG,AT,AA,CC,GT,GG,CC,CG,AA,GG,CC,AA,CC,NN,AA,AC,CC,AC,TT,AA,GG,AA,AA,AC,AA,AG,AG,AA,AA,TT,GG,AC,AA,CC,AA,CC,AG,AA,GG,GG,GG,TT,AA,AA,TT,TT,TT,AG,TT,GG,GG,AC,6.22,Resistant,High,Poor,Early
L0814,Coimbatore,Tamil Nadu,Kharif,Red Loamy,Rainfed,650,29.5,68,AC,TT,AG,AG,GG,CC,GT,AT,CC,GG,AT,CC,CG,TT,TT,GT,GG,TT,TT,AG,CC,TT,GT,CT,TT,CC,GG,TT,GG,AA,TT,CT,AA,CC,GG,GG,NN,CG,GG,CC,TT,TT,AC,GT,AA,GG,TT,AT,CC,AC,GG,AA,AA,GG,CT,TT,AA,AC,GG,AC,AA,TT,TT,AG,CT,TT,CC,GT,TT,GT,AG,GG,CC,AG,NN,AA,TT,GG,TT,TT,GG,GG,GT,CC,AT,NN,AA,AT,CC,GT,CC,TT,CT,TT,TT,GG,NN,AC,GG,CC,CT,CC,AA,AA,TT,GT,CG,AA,AA,AA,CT,GG,TT,CG,TT,AA,AA,TT,CC,GG,CC,GG,CC,GG,TT,AG,CT,CC,CC,CC,AA,GT,CC,AC,CC,CC,AA,TT,AA,AT,GG,CC,CC,GG,AA,AG,AA,AC,GG,CG,CC,AA,AG,GG,TT,AG,AA,GT,TT,GG,CC,GG,GT,TT,CC,AT,TT,TT,AT,AT,NN,CC,AG,TT,CC,AC,CC,CC,AA,GG,AG,CC,TT,CG,GG,NN,GG,TT,AA,AA,TT,NN,GG,AA,CC,CC,GG,GG,AA,GG,TT,AC,AA,CC,GG,AA,AA,AT,AA,GG,NN,AA,AA,GG,GT,AT,CC,TT,GG,AA,GG,AA,CT,AA,TT,CC,TT,AA,CC,TT,GG,AA,CC,GG,CC,AT,CC,TT,GG,TT,AA,CC,AA,GT,CC,CC,GG,CG,GG,AT,AA,CC,TT,NN,CC,CC,AA,GG,CC,NN,CC,AT,AA,AC,GG,CC,TT,AA,GG,AA,AA,AC,AA,GG,AA,AG,AA,AT,GG,AC,AG,CC,AA,CT,AG,AA,GG,NN,GG,TT,AA,AA,TT,TT,TT,AA,TT,GG,GG,AA,0.88,Susceptible,High,Premium,Early
L0815,Coimbatore,Tamil Nadu,Kharif,Red Loamy,Rainfed,650,29.5,68,AC,TT,GG,AG,GG,CC,GT,TT,CC,CC,AA,CT,CG,TT,TT,GG,CC,TT,TT,AG,CC,GT,GT,CC,TT,CC,TT,TT,GG,AA,TT,CT,AA,CC,GG,GG,TT,CC,GG,CC,TT,TT,AA,TT,AG,GG,TT,TT,CC,AC,GT,AA,AA,GG,CC,TT,AA,AC,TT,AC,NN,GT,AT,AA,TT,AT,CC,GG,TT,GG,AA,GG,CC,AA,GG,AC,AT,AG,GT,TT,GG,GG,GG,CC,AA,GG,AA,AA,CC,TT,CC,TT,CT,TT,TT,GG,CT,CC,GT,CC,CC,CC,GG,AA,AT,TT,CC,AA,AA,AA,CT,GG,TT,CC,TT,AA,AA,TT,CC,GG,GG,AG,TT,GG,CT,AA,CC,CC,CC,CC,AG,TT,CC,AA,CC,CC,AA,AT,AA,AA,GG,CT,CC,GG,AA,AG,AA,CC,GG,CC,CC,AG,AA,GG,TT,GG,AA,TT,CT,GG,CC,TT,TT,TT,CC,AA,TT,TT,AA,AT,GG,CC,AG,CT,CC,AC,CG,CC,AA,GG,AA,CC,TT,CC,GG,GG,GG,AT,AA,AG,TT,CC,GG,AA,AC,CG,NN,GG,AA,GG,CT,AA,AA,CC,GG,AA,CC,AT,AT,GG,TT,TT,AT,GG,GG,AT,CC,TT,TT,AA,GG,AA,CT,AA,TT,CC,TT,AA,CC,TT,CG,AG,CC,GG,CC,TT,CT,TT,GG,TT,NN,CC,AG,GG,CC,CG,GG,CC,GG,AT,AA,CG,TT,GG,CC,CC,AA,GG,CG,AA,CC,AT,AA,AC,CG,CC,TT,AA,GG,AA,AA,AC,AA,AG,AA,AA,AA,AT,GG,AA,AA,CC,NN,CT,AA,AA,GG,GG,GG,TT,AA,AA,TT,TT,TT,AG,AT,GG,GG,AA,4.89,Moderate,Medium,Premium,Late
L0816,Coimbatore,Tamil Nadu,Kharif,Red Loamy,Rainfed,650,29.5,68,AC,CT,GG,AA,GG,CC,GG,TT,CC,CC,AA,CC,GG,TT,TT,GT,CG,TT,TT,AG,CC,GT,GT,CT,TT,CC,TT,TT,GG,NN,TT,CT,AG,CC,GG,CG,NN,GG,GG,CC,TT,CT,AA,NN,AA,GG,TT,TT,CC,NN,NN,AT,AG,GG,CC,NN,AA,AC,GT,CC,AA,TT,TT,GG,CT,TT,CC,GG,TT,GG,AA,GG,CC,AA,GG,AA,AT,GG,TT,TT,GG,GT,GT,CC,AA,GG,AA,AA,CC,TT,AC,TT,CT,TT,TT,GG,TT,CC,GT,CC,CC,CG,GG,AA,TT,TT,CG,AA,AG,AA,CC,GG,TT,GG,GT,AA,AA,TT,CC,GG,CC,GG,CT,GT,TT,AA,CT,CC,CC,CC,AG,GT,CC,AA,CC,CC,AG,TT,AG,AA,GG,CT,CC,AG,AA,GG,AA,CC,GG,CC,CC,AA,AA,GG,TT,GG,AA,TT,CT,GG,AA,TT,GT,TT,CC,AA,TT,CT,AA,TT,GG,CC,AA,CT,AC,CC,CG,CC,AA,GG,GG,CC,TT,CC,TT,TT,CG,TT,AA,AA,TT,CC,CG,AA,CC,CG,GG,GG,AC,GG,TT,AA,AA,CC,GT,AA,CC,AA,AA,GG,TT,AA,TT,GG,GT,AT,GG,TT,TT,AA,GG,AA,CT,AA,TT,CG,TT,AA,CC,TT,GG,AG,CG,AG,CC,TT,NN,GG,GG,TT,AA,CC,AA,GG,CC,CG,GG,CC,GG,AA,AA,CG,TT,GG,CC,CG,AA,GG,CC,AT,CC,AA,AA,CC,CG,AC,TT,AA,GG,AA,NN,AA,AA,AG,AA,AG,AA,TT,GG,AA,AA,AC,AC,CT,AG,AA,GG,GG,GG,TT,AA,AG,TT,TT,TT,AA,TT,GG,CG,AA,4.8,Susceptible,High,Poor,Medium
L0817,Coimbatore,Tamil Nadu,Kharif,Red Loamy,Rainfed,650,29.5,68,AA,TT,GG,AG,GG,CC,GG,TT,CC,GG,AA,CC,GG,TT,TT,GG,GG,TT,TT,AA,CG,GT,GT,CC,TT,CC,TT,TT,GG,AA,CT,CC,AA,CC,GG,GG,GG,CC,GG,CC,TT,TT,AA,TT,AA,AG,TT,TT,CG,CC,GG,AA,AA,GG,CT,GT,AA,AC,GG,AC,AA,GT,AT,AG,TT,TT,CC,GG,TT,GG,AA,GG,CC,AA,GG,AC,AT,GG,TT,TT,GG,GG,TT,AC,AA,GG,AA,AA,CC,TT,AC,TT,CC,AA,TT,GG,TT,CC,GG,CC,CC,CC,AG,AA,TT,TT,CC,AA,AG,AA,CC,GG,TT,CC,TT,AA,AC,TT,CG,GG,CG,GG,CC,GG,TT,AA,CC,CG,CC,CC,AA,TT,CC,AA,AC,NN,AA,TT,AA,AT,GG,CC,CC,GG,AA,AG,AA,CC,NN,CC,CC,AA,AG,GG,TT,AG,AC,TT,TT,GG,AC,TT,TT,TT,CC,AT,TT,TT,AA,TT,NN,CC,AG,CT,CC,CC,CG,CC,AA,NN,AA,CC,TT,CC,TT,TT,GG,AA,AA,AG,TT,CC,GG,AA,CC,CC,NN,GG,AC,GG,TT,CC,AA,CC,GG,AA,AC,AA,AT,GG,TT,AT,AA,GG,TT,NN,CG,AT,TT,AA,GG,AG,CC,AC,TT,CC,TT,NN,CC,TT,GG,AA,CG,AA,AC,TT,CT,GT,GG,TT,AA,CC,AA,GT,CC,CG,GG,CC,GG,TT,AG,CC,GT,GG,CC,GG,AA,AA,CC,AA,CC,TT,AA,CC,CC,CC,TT,AA,GG,AA,AA,AA,AA,AA,AG,AA,AA,AT,CG,AA,AA,CC,AA,CT,AA,AA,GG,GG,GG,TT,AA,AA,GT,TT,TT,AG,AT,GG,GG,AA,3.18,Susceptible,Low,Poor,Early
L0818,Coimbatore,Tamil Nadu,Kharif,Red Loamy,Rainfed,650,29.5,68,AA,CC,AG,AG,GG,CC,GG,TT,CC,CG,AA,CT,CG,AA,TT,GG,CC,TT,TT,AG,CC,TT,GG,CC,TT,CC,TT,TT,GT,AA,TT,CC,AA,CC,GG,CG,GG,CG,GG,CC,TT,TT,AA,TT,AA,GG,CT,TT,CG,AA,GG,AT,AG,GG,CC,GG,AA,AC,GT,AC,AA,GT,AT,AA,CT,AT,CC,GT,TT,GG,AA,NN,CC,AA,GG,CC,AT,GG,TT,TT,AG,GG,GT,CC,NN,GG,AA,AT,CG,GT,CC,GT,CT,AT,GT,GG,CT,CC,TT,CC,CT,CG,AG,AA,AT,TT,CC,AA,AG,AC,CC,GG,TT,CC,TT,AA,AA,TT,CC,GG,CG,GG,CT,GT,TT,AA,CC,CC,CC,CC,AA,TT,CC,AA,CC,CT,AA,AT,AA,AA,GG,CC,CC,GG,AA,NN,AA,CC,GT,CC,CC,AA,GG,GG,TT,GG,AC,TT,CT,GG,CC,TT,TT,TT,CG,AA,TT,CT,AT,TT,GG,CC,AG,CC,CC,CC,GG,CC,AA,NN,AA,CC,TT,CG,GT,TT,NN,TT,AA,AG,TT,CC,GG,AA,CC,CG,GG,GG,AC,GG,TT,AA,AG,CC,GG,AA,CC,AA,AA,GG,TT,AT,AA,GG,GT,TT,CC,TT,TT,AA,AG,AA,TT,AA,TT,CC,TT,AA,CC,CT,CG,GG,CC,AG,AC,TT,TT,TT,GG,TT,AA,CC,AG,GT,CC,CG,GG,CC,GG,TT,AA,CC,GT,GG,CC,CC,AA,GG,CC,AT,CG,AT,AA,AA,CG,CC,TT,AA,CG,AA,CC,CC,AA,AG,GG,AA,AA,TT,GG,AA,AA,AC,AA,CT,AA,AG,NN,GG,GG,TT,AT,AA,TT,TT,TT,GG,AT,GG,GG,AA,4.22,Susceptible,Low,Premium,Late
L0819,Coimbatore,Tamil Nadu,Kharif,Red Loamy,Rainfed,650,29.5,68,AA,CT,GG,AA,GG,CC,TT,AT,CC,CC,AA,CC,CG,TT,GT,GG,GG,TT,TT,AA,CC,TT,GT,CC,NN,CC,TT,TT,GT,AA,CT,CC,AG,AC,GG,GG,GG,CC,GG,CC,TT,CT,AA,TT,AA,GG,TT,TT,CC,AA,GT,NN,AA,GG,CT,TT,AA,AC,GT,AC,AA,TT,AT,AA,TT,AT,CT,GG,TT,GG,AG,GG,CC,AA,GG,AA,AA,GG,TT,TT,GG,GG,GG,CC,NN,GG,AA,AT,CC,GG,CC,GT,TT,TT,GT,GG,TT,AC,GT,CC,CT,NN,AA,NN,TT,TT,GG,AG,GG,AA,CC,GG,TT,CC,TT,AA,AA,TT,CC,AG,CC,AG,CC,GT,TT,AA,CT,CC,CC,CC,AA,TT,AC,AA,CC,NN,AA,TT,AA,AA,CG,CT,CC,GG,AA,AG,AA,CC,GT,CG,CC,AA,AG,AG,GT,GG,AC,GT,TT,AG,AC,GG,TT,CC,CG,AT,TT,TT,AT,TT,GG,CC,AG,CT,CC,CC,GG,AC,AA,GG,AA,CC,TT,CC,GG,GT,CC,AT,AA,AA,TT,CC,GG,AC,CC,CC,CG,GG,AC,GG,TT,AA,AA,CC,GT,AA,CC,AA,AT,GT,TT,AT,AA,GG,GG,AA,CC,TT,TT,AA,GG,AA,TT,AA,TT,CC,TT,AA,AA,CT,GG,GG,CC,GG,CC,TT,TT,TT,GG,AA,AA,AC,AA,GG,CC,CG,GG,CC,GG,AT,AA,CC,TT,GG,CC,CC,AA,GG,CG,AT,CC,AA,AA,AC,CG,AC,AT,AA,GG,AA,AA,AC,AA,GG,AG,AA,AA,TT,CG,AA,AG,CC,AA,TT,AG,AG,GG,GG,GG,TT,AT,AA,TT,TT,TT,AG,AT,GG,GG,AA,2.6,Susceptible,High,Standard,Late
L0820,Coimbatore,Tamil Nadu,Kharif,Red Loamy,Rainfed,650,29.5,68,AA,CT,GG,AA,GG,CC,GG,TT,CC,CC,AA,CC,CG,TT,TT,GG,GG,TT,TT,AA,CC,TT,GT,CC,AT,CC,TT,TT,GG,AA,TT,CC,AA,CC,GG,CG,GG,CC,GG,CC,TT,TT,AC,TT,AA,GG,TT,TT,CC,AC,GT,AA,AA,GG,CT,TT,AT,AC,GT,AA,AA,TT,AT,AG,CT,AT,CC,GT,CT,GG,AA,GG,AC,AA,AG,AA,AA,AG,TT,TT,GG,GT,GG,CC,AA,GG,AA,AA,CC,TT,CC,TT,CC,AT,TT,GG,TT,CC,GG,CT,TT,CC,AA,AA,TT,TT,NN,AA,AG,AA,CC,GG,TT,CC,TT,AC,AC,TT,CC,GG,CC,GG,CC,GT,CC,AG,CC,CC,CC,NN,AA,TT,AC,AA,CC,CC,AA,TT,AA,AA,GG,CC,CC,GG,AA,AA,AA,CC,GG,CC,CC,AA,AG,AG,GT,GG,AA,TT,TT,GG,AC,TT,TT,TT,CG,AT,TT,TT,AA,TT,GG,CC,AA,CT,CC,CC,GG,CC,AA,GG,AA,CC,TT,CC,TT,GT,GG,AT,AA,AA,TT,CC,GG,AA,AC,CC,GG,GG,AC,GG,TT,AA,AA,CC,TT,AA,AA,AA,TT,GG,GT,TT,AA,CG,GG,AA,CC,AT,TT,AA,GG,AA,TT,AA,TT,CC,CT,AA,AC,CT,GG,NN,CC,AG,CC,AT,TT,TT,GG,NN,AA,AC,AA,GG,CC,CC,GG,CC,GG,AT,AG,NN,GT,AG,CC,CC,AA,GG,CC,AA,CC,AA,AA,CC,CG,AA,TT,AA,CG,AA,AA,AC,AA,AA,AA,AA,AA,AT,GG,AC,AG,AC,AA,CT,AG,AA,CG,GG,GG,TT,AA,AG,TT,TT,TT,AG,AT,GG,CG,AA,4.27,Susceptible,Low,Poor,Early
L0821,Coimbatore,Tamil Nadu,Kharif,Red Loamy,Rainfed,650,29.5,68,AC,CT,GG,GG,GG,CC,GG,AT,CC,CC,AA,CT,CG,TT,TT,GG,CG,TT,TT,AA,CC,NN,TT,CC,TT,CC,TT,AT,GG,AA,TT,CC,AA,CC,GG,CG,GG,CG,GG,CC,TT,NN,AA,TT,AA,AG,CT,TT,CC,AC,TT,AA,AG,GG,CC,GT,AA,AA,GT,AA,AA,TT,TT,AA,TT,AT,CC,GG,TT,GG,NN,GT,CC,AA,GG,AA,AT,GG,GT,TT,GG,GG,GT,CC,AA,AG,AA,TT,CC,TT,AC,TT,CT,TT,GT,GG,TT,AC,GT,CC,CC,CC,GG,AG,TT,TT,CC,AA,AA,AA,CT,GG,TT,CC,TT,AA,AC,AT,CG,GG,CC,GG,CC,GT,CT,AA,CC,CC,CC,CC,AA,GT,CC,AA,CC,CT,AA,TT,AA,AT,GG,CC,CG,GG,AA,AG,AA,CC,GG,CC,CC,AG,AG,AG,GT,GG,AC,GT,TT,GG,CC,TT,TT,TT,CC,AT,TT,TT,AA,TT,GG,CC,AA,CT,CC,CC,CG,CC,AA,GG,AA,CC,TT,CG,TT,GT,CG,TT,AG,AA,TT,CC,GG,AA,AC,CC,GG,GG,AC,GG,TT,AA,AA,CC,GG,AA,CC,AT,AT,GT,TT,AT,AA,GG,GT,AA,CG,TT,GT,AA,GG,AA,TT,AA,TT,CC,TT,AA,CC,TT,GG,AA,CC,AG,NN,TT,TT,GT,GG,TT,AA,AC,AA,GG,CC,CC,GG,CG,GG,AT,AA,CC,TT,AG,CC,CC,AT,GG,CG,AA,CG,AA,AA,CC,CG,AA,TT,AA,GG,AA,AA,AA,AC,AG,AG,AA,AA,AT,GG,AA,AA,AC,AA,CT,AA,AA,CG,GG,CG,TT,AT,AA,TT,TT,TT,AG,NN,GG,NN,AC,2.91,Resistant,Medium,Standard,Late
L0822,Coimbatore,Tamil Nadu,Kharif,Red Loamy,Rainfed,650,29.5,68,AA,TT,GG,AA,GG,CG,GT,AT,CC,GG,AA,CC,CG,TT,TT,GG,CG,TT,TT,AG,CC,TT,GG,CT,AT,CC,GT,TT,GT,AA,CT,CC,AG,CC,GG,CG,GG,CC,GG,CC,TT,TT,AA,TT,AA,GG,CT,TT,CC,CC,GT,AA,AA,GG,CT,NN,AA,CC,GT,AA,AA,TT,AA,AA,TT,TT,CC,GG,TT,GG,AA,GG,CC,AA,AG,AC,AA,AG,TT,TT,GG,GG,GG,CC,AA,GG,AA,AT,CC,TT,CC,TT,CC,TT,GT,AG,TT,CC,TT,CT,CT,CG,GG,AA,TT,NN,CC,AA,NN,AA,CC,GG,TT,CC,TT,AA,AA,TT,CC,GG,CC,NN,CC,GG,TT,AG,CC,CC,CC,CC,AA,TT,CC,AA,CC,CT,AA,TT,AA,AA,CG,CC,CG,GG,AA,AA,AA,CC,GG,CG,CG,AA,AG,GG,TT,GG,AA,TT,CT,GG,CC,TT,GT,TT,CC,AT,TT,CC,AA,TT,GG,CC,AG,CC,CC,CC,CG,CC,AA,GG,AG,CC,TT,CC,TT,GT,GG,TT,AA,AA,TT,CC,GG,AA,AC,CC,GG,GG,AA,GG,TT,AA,AA,CC,GG,AT,CC,AA,AT,GT,TT,AT,AT,GG,GT,AT,CG,AT,GT,AA,GG,AA,TT,AA,TT,CC,CT,AA,CC,CT,GG,GG,CC,NN,AC,TT,CT,TT,GG,AT,CC,CC,AA,GG,CC,GG,GG,CC,GG,AT,AA,CC,GT,GG,CC,CC,AA,GG,CC,AA,CC,AA,AA,AC,CG,AC,TT,AA,CG,AA,AC,AA,AA,GG,AA,AA,AA,TT,GG,AA,AG,AC,AC,CT,AA,AG,GG,GG,CG,TT,AA,AA,TT,TT,TT,AG,TT,GG,GG,AA,3.71,Susceptible,Low,Premium,Early
L0823,Coimbatore,Tamil Nadu,Kharif,Red Loamy,Rainfed,650,29.5,68,AA,TT,GG,AA,GG,CC,GG,TT,CC,CG,AA,CC,CC,TT,TT,GG,CC,TT,AT,AG,CC,TT,GT,TT,TT,CC,GT,TT,GG,AA,CT,CC,AA,CC,GG,GG,GG,CG,GG,CC,TT,TT,AA,TT,GG,GG,CT,TT,CC,CC,GG,AA,AA,GG,CC,GT,AA,AA,GT,CC,AA,TT,TT,AA,TT,AT,CC,GG,TT,GG,AG,GG,CC,AA,GG,CC,AA,NN,TT,TT,GG,GG,GG,CC,AA,GG,AG,AT,CC,GG,AC,TT,CC,TT,GT,GG,TT,CC,GT,CC,CT,CG,AG,AA,TT,TT,CC,AA,AG,AA,NN,GG,TT,CG,TT,AC,AA,TT,CG,AA,CC,AG,CC,GG,TT,GG,CC,CC,CC,CC,AA,GT,CC,AA,CC,CT,AA,TT,AG,AA,GG,CC,CC,GG,AA,GG,NN,CC,GG,CC,CC,AA,AA,GG,GT,GG,AA,TT,CT,AG,CC,NN,TT,TT,CC,AT,GT,TT,AA,TT,GG,CC,AG,CT,AC,CC,GG,CC,NN,GG,AA,AC,TT,CC,GG,TT,GG,AA,AA,AA,TT,CC,NN,AC,CC,CC,CG,GG,AA,GG,TT,AC,AA,CC,GG,AT,CC,AA,AT,GT,TT,AA,AT,GG,GT,AT,CC,TT,TT,AA,GG,AG,TT,AA,TT,CC,TT,AA,CC,TT,CG,GG,CC,AG,AC,AT,TT,TT,GG,TT,AC,AC,AA,GG,CC,CC,GG,CG,GG,AT,AA,CC,TT,GG,CC,CC,AT,GG,CC,AT,CC,AT,AA,CC,GG,CC,TT,AA,GG,AA,AC,AC,AA,AA,AG,AA,AA,TT,GG,AA,AG,AC,NN,TT,AG,AA,GG,GG,GG,NN,AA,AA,GT,TT,TT,AG,AT,GG,CG,AA,2.35,Susceptible,Medium,Standard,Late
L0824,Coimbatore,Tamil Nadu,Kharif,Red Loamy,Rainfed,650,29.5,68,AC,TT,AG,AA,GG,CC,GG,NN,CC,CC,AA,CC,CC,TT,TT,GG,CG,AT,AT,AA,CC,TT,GT,CC,AT,CT,GT,TT,GG,AA,TT,CC,NN,AC,GG,CG,GG,CC,GG,CC,TT,TT,AA,TT,AA,AA,TT,TT,CC,AC,GG,AA,AG,GG,CC,GT,AA,AA,GG,CC,AG,TT,AT,AA,TT,TT,CC,GG,TT,GT,AG,GT,CC,AA,GG,AC,TT,GG,TT,TT,GG,GT,GG,CC,AA,GG,AA,AA,CG,GT,AC,TT,CC,TT,TT,GG,TT,CC,GT,CC,CT,CG,AG,AA,TT,TT,CG,AA,AA,AA,CC,GT,TT,CC,TT,AA,AA,AT,CC,GG,CC,AG,CC,GT,TT,AG,CC,CC,CC,CC,AA,TT,CC,AA,CC,CT,AA,TT,AA,AA,CG,CT,CC,GG,AA,AA,AA,AC,GG,CC,CC,AG,AG,AG,TT,GG,AA,NN,TT,GG,CC,TT,TT,TT,CC,AA,TT,TT,AA,TT,GG,CC,AA,CC,CC,CC,GG,CC,AA,GG,AA,CC,TT,CC,GG,GT,GG,TT,AA,AG,TT,CC,NN,AA,CC,CC,GG,GG,AC,CG,TT,AA,AA,CC,GG,AA,AC,AA,AA,GG,TT,TT,AT,GG,GG,AT,CC,AT,GT,AA,GG,AA,CT,AA,TT,CC,CT,AA,CC,TT,GG,AA,CG,AA,CC,TT,TT,TT,GG,TT,AC,AA,AG,GT,CC,CG,GG,CC,GG,TT,AA,CC,TT,GG,CC,CC,AA,AG,CC,AA,CC,AA,AG,NN,CG,AC,TT,AA,GG,AA,AA,AA,AA,AG,AA,AG,AA,TT,GG,AA,GG,AC,AC,CT,AA,AA,GG,GG,GG,GT,AA,AA,GG,TT,TT,AA,TT,GG,GG,AA,4.67,Moderate,Low,Standard,Medium
L0825,Coimbatore,Tamil Nadu,Kharif,Red Loamy,Rainfed,650,29.5,68,AA,CT,GG,AG,GG,CC,GG,TT,CC,CG,AA,CC,CG,NN,TT,GT,GG,TT,TT,AG,CC,TT,GT,CC,TT,CC,TT,AT,GG,AA,NN,CC,AA,CC,GG,GG,NN,CG,GG,CC,TT,TT,AA,TT,AG,AA,CT,AA,CC,AC,GG,AA,AA,CG,CT,GT,AA,AA,GT,AA,AA,TT,AT,AA,TT,TT,CC,GG,TT,GT,AG,GG,AC,AA,AG,AC,AT,GG,TT,NN,GG,GG,GT,CC,AA,GG,AA,AA,CC,TT,AC,TT,TT,TT,GT,GG,TT,CC,TT,CC,CC,CC,NN,AA,TT,TT,CC,AG,AA,AC,CC,GG,TT,CG,GT,AA,AA,TT,CC,AG,CC,GG,CC,GT,TT,AA,CC,CC,CC,CC,AA,TT,AC,AA,CC,CC,NN,TT,AA,AA,GG,CT,CC,GG,AG,AA,AA,CC,GG,CC,CC,AA,AG,GG,TT,AG,AC,GT,TT,GG,CC,GT,TT,TT,CC,AA,GT,TT,AA,AT,GG,CC,AA,CT,CC,CC,CG,AC,AA,GG,AA,CC,TT,CG,GT,TT,CC,AT,AA,AA,TT,AC,GG,AA,CC,CC,GG,GG,CC,GG,TT,AC,AG,CC,GG,AA,CC,AA,AT,GG,TT,AT,AT,CG,TT,AA,CC,AT,TT,AA,GG,AA,TT,AA,TT,CC,CT,AA,CC,CC,CC,AA,CG,AA,CC,TT,CC,GT,GG,TT,AC,AC,AG,GG,CC,CG,GG,CC,GG,AT,AA,CC,TT,GG,CC,CC,AA,AG,CC,AT,CC,AA,AA,AC,CC,CC,TT,AA,GG,AA,AA,AA,AA,GG,AA,AA,AA,TT,CG,AC,AG,AC,AA,TT,AG,AA,GG,GG,NN,TT,AT,AA,TT,TT,TT,AG,AA,GG,GG,AC,1.5,Moderate,Low,Poor,Medium
L0826,Coimbatore,Tamil Nadu,Kharif,Red Loamy,Rainfed,650,29.5,68,AA,TT,GG,AG,CG,CC,GT,AT,CC,CG,AA,CC,CC,TT,GT,GG,GG,TT,TT,AG,CC,TT,TT,CC,TT,CC,GG,TT,GG,AA,NN,CC,AA,CC,AG,GG,GG,CC,GG,CC,NN,CC,AC,TT,AG,GG,TT,TT,CC,AC,GG,TT,AG,GG,CC,TT,NN,AA,GT,AA,AA,TT,AT,AA,CT,AT,CC,GG,TT,GT,AA,GG,CC,AG,AG,AA,AA,GG,TT,TT,GG,GT,GG,CC,AA,GG,AA,AA,CC,TT,CC,TT,CT,TT,GT,GG,TT,CC,GT,CC,CC,CG,GG,AA,TT,TT,CC,AA,AG,AA,CT,GG,TT,CC,GT,AC,AA,TT,CC,AG,CG,AG,CC,GT,TT,AA,CC,CC,CC,CC,AA,TT,CC,AA,CC,CC,AA,TT,AA,AT,GG,CC,NN,GG,AA,GG,AA,CC,GT,CC,CC,AA,AA,GG,GG,GG,AC,TT,CC,NN,AA,GT,GG,TT,CC,AT,TT,TT,AT,AT,GG,CC,NN,CC,CC,CC,GG,CC,AA,GG,AG,CC,TT,CG,GG,TT,GG,AT,AA,AA,TT,CC,CG,AA,CC,CC,GG,GG,AC,GG,TT,AA,AA,CC,GT,AA,CC,AA,AT,GG,TT,AT,TT,CG,GT,AT,CC,TT,TT,AA,GG,AA,CT,AA,TT,CC,NN,AA,CC,TT,GG,AG,CG,AG,CC,TT,CT,GT,GG,TT,AA,AC,AA,GT,CC,CG,GG,CC,GG,AT,AA,CC,GT,GG,CC,CC,AA,GG,CG,AA,CC,AA,AA,AC,CG,NN,TT,AA,GG,AA,AA,AA,AA,GG,AG,GG,AA,TT,NN,AA,AG,CC,NN,CT,AG,AA,GG,GG,GG,TT,AA,AA,GT,TT,TT,GG,AT,GG,GG,AA,1.9,Susceptible,Low,Premium,Late
L0827,Coimbatore,Tamil Nadu,Kharif,Red Loamy,Rainfed,650,29.5,68,AC,CT,GG,AA,GG,CC,GG,TT,CC,CC,AA,CT,CC,TT,TT,GG,GG,AT,TT,AG,CG,TT,TT,CT,TT,CC,TT,TT,GT,AA,CT,CC,AG,CC,GG,CG,GG,CG,GG,AC,TT,NN,AA,GT,AA,AG,CT,TT,CC,AC,GG,AA,AG,GG,CC,TT,AA,AA,TT,AC,AA,TT,AT,AA,TT,AT,CC,GG,TT,GG,AA,GG,CC,AA,GG,AA,AA,GG,GT,TT,GG,GG,GG,CC,AA,GG,AG,AA,CC,GT,CC,TT,TT,TT,NN,GG,CT,CC,TT,CC,NN,CC,AG,AA,TT,TT,CC,AA,AG,AA,CT,GG,TT,CG,GT,AA,AA,TT,CC,AG,CC,GG,CC,GT,CT,AA,CC,CC,CC,CC,AA,GT,AC,AA,CC,CC,AA,TT,AA,AA,GG,CT,CC,GG,AA,AG,AA,CC,GG,CC,CC,AA,GG,AG,TT,GG,AA,TT,TT,GG,AC,GT,TT,TT,CC,TT,TT,TT,AA,TT,GG,CC,AG,CC,CC,CC,CG,CC,AA,AG,AA,CC,TT,CC,GT,TT,GG,TT,AA,AA,TT,CC,GG,AA,CC,CC,GG,AG,AC,GG,TT,AA,AG,CC,GG,AA,CC,AA,TT,TT,TT,AT,AA,CG,GT,AT,CC,TT,GT,AA,GG,AA,CT,AA,TT,CC,CT,AC,CC,CT,GG,AA,CC,AA,CC,TT,CT,GT,CG,TT,AC,AC,AA,GG,CC,CC,GG,CC,GG,TT,NN,CC,GT,GG,CC,CG,AA,GG,CG,AA,CC,AA,AA,CC,CG,AC,TT,AA,GG,AA,AA,AC,AA,AA,AA,AG,AG,TT,GG,AC,AA,CC,AA,TT,AA,AG,CG,GG,GG,TT,AA,AA,TT,TT,TT,GG,AA,GG,CG,AA,2.63,Susceptible,Low,Standard,Late
L0828,Coimbatore,Tamil Nadu,Kharif,Red Loamy,Rainfed,650,29.5,68,AA,TT,AG,AG,GG,CC,TT,TT,CC,GG,AT,CC,CC,TT,GT,GG,CG,TT,TT,AA,CC,TT,GT,CC,TT,CC,TT,AT,NN,AA,CT,CC,AA,AC,GG,GG,GG,CG,GG,CC,TT,TT,AC,TT,AA,AG,TT,TT,CC,AA,GT,AT,AA,GG,CC,TT,AA,CC,TT,AC,AG,TT,NN,AA,TT,AA,CC,GG,TT,GT,AA,GG,CC,AA,GG,AA,AT,GG,TT,TT,GG,GG,GG,CC,AA,GG,AA,AA,CG,TT,CC,GT,CC,TT,TT,GG,NN,CC,GG,CC,CC,NN,GG,AA,TT,TT,CG,AA,AG,AC,CC,GT,TT,CC,TT,AC,AC,TT,CC,GG,CC,GG,CT,GG,TT,AA,CC,CC,CC,CC,AA,TT,AC,AA,NN,CT,AA,TT,AA,AA,GG,TT,CC,GG,AG,AG,AA,CC,GG,CC,CC,AA,AG,GG,TT,GG,AA,TT,CT,GG,CC,GT,GT,TT,CG,AA,GT,TT,AA,AT,GG,CC,AG,CT,CC,CC,GG,CC,AA,GG,AA,CC,TT,CG,GG,GT,GG,TT,NN,AA,TT,CC,CG,CC,AC,CC,GG,GG,AA,GG,TT,AC,AA,CC,GT,AA,CC,AT,TT,GG,TT,TT,AA,CG,TT,AT,CC,TT,GG,AA,GG,AA,CT,AA,TT,CC,CT,AA,AC,TT,GG,AG,CC,AA,CC,AT,TT,TT,GG,TT,AC,AC,AA,GG,CC,CC,GG,CC,GG,AT,AA,CC,GT,GG,CC,CG,AA,AG,CC,AA,CC,AA,AA,CC,CC,CC,TT,NN,GG,AA,AA,AA,AA,AA,AA,AG,AA,TT,CC,AA,GG,CC,AA,NN,AA,AG,GG,NN,CG,TT,AA,AA,TT,TT,TT,AA,TT,GG,GG,AA,2.98,Susceptible,Low,Standard,Late
L0829,Coimbatore,Tamil Nadu,Kharif,Red Loamy,Rainfed,650,29.5,68,AC,TT,AG,AG,GG,CC,GG,TT,CC,NN,AA,CC,CG,TT,TT,GG,GG,TT,TT,GG,CC,TT,GG,CC,TT,CC,TT,TT,GT,AA,TT,CT,AA,CC,GG,CG,GG,CG,GG,CC,TT,NN,AC,TT,AA,AA,TT,AT,CC,CC,GG,AA,AA,GG,CC,GT,AA,AA,GG,AC,AA,TT,NN,AG,CT,TT,CC,GG,TT,GT,AA,GG,CC,AA,AG,AA,AT,GG,TT,TT,GG,GT,GG,CC,AT,GG,AA,AA,CC,TT,CC,TT,CT,TT,TT,GG,TT,CC,TT,CT,CC,GG,GG,AA,TT,TT,CC,AA,AA,AA,CC,GG,GT,CC,TT,AC,AA,TT,CC,AG,CC,GG,CC,GT,TT,AA,CC,CC,CC,CC,AG,TT,CC,AA,CC,CC,AA,TT,AA,AA,GG,CC,CC,AG,AA,AA,AA,CC,GG,CC,CC,AG,AG,GG,TT,AG,AA,TT,TT,GG,CC,TT,TT,TT,CG,AT,TT,TT,AA,TT,CG,CC,AG,CC,CC,CC,CG,CC,AA,GG,AA,CC,TT,CC,GG,TT,CG,AT,AA,AA,TT,CC,GG,AA,CC,CC,GG,GG,AC,GG,TT,AC,AG,CC,GG,AA,CC,AA,AA,GG,TT,AT,AT,GG,GG,AA,CG,AT,GT,AA,GG,AA,CT,AA,TT,CC,CT,AA,CC,CT,GG,AA,CG,AG,CC,TT,CC,TT,GG,TT,AA,CC,AA,GT,CC,GG,GG,CC,GG,TT,AG,CC,TT,GG,CC,CC,AA,GG,CC,AT,CC,AA,AA,CC,CC,AC,TT,AA,GG,AA,AA,AA,AA,AA,AA,AG,AG,TT,GG,AA,AA,CC,AA,CT,AG,AA,GG,GG,GG,GT,AA,AA,TT,TT,TT,AA,AT,CG,GG,AA,6.35,Susceptible,Low,Poor,Early
L0830,Coimbatore,Tamil Nadu,Kharif,Red Loamy,Rainfed,650,29.5,68,CC,TT,AG,AA,GG,NN,GG,TT,CC,GG,AA,CC,GG,AT,TT,GT,GG,TT,TT,AG,CC,GG,GT,CC,TT,CT,TT,TT,GG,AA,TT,CC,AA,CC,GG,GG,GG,CG,GG,CC,TT,CT,AA,TT,AA,GG,TT,TT,CC,CC,GG,AA,AA,GG,CC,TT,AT,AC,GT,AC,AG,TT,AT,AA,TT,AT,CC,GG,TT,GT,AA,GG,AC,AA,AG,NN,AA,GG,TT,TT,AG,GG,GG,CC,AA,GG,AA,AA,CC,TT,CC,GT,CT,TT,TT,GG,TT,CC,TT,CC,CT,CG,AA,AA,NN,TT,CC,AA,GG,AA,CT,GG,GT,CG,TT,AA,AA,TT,CG,AG,GG,NN,CC,GG,TT,AA,CC,CC,CC,CC,AA,TT,CC,AA,CC,CC,AA,TT,AA,AA,GG,CC,CG,GG,AA,AG,AA,AC,TT,CC,CC,AG,AA,GG,TT,GG,AA,TT,TT,AG,AA,TT,GT,TT,CG,AA,GT,TT,AA,TT,GG,CC,AG,CT,CC,CC,GG,CC,AA,GG,AG,CC,TT,CC,TT,GT,GG,AT,AA,AA,GT,CC,GG,AA,CC,CC,GG,GG,AA,GG,CT,AC,AA,CC,GG,AT,AC,AA,AT,GT,TT,AT,TT,CG,TT,AT,CC,TT,GT,AA,GG,AA,TT,AC,TT,CC,CT,CC,CC,CT,GG,AA,CG,AG,CC,TT,CT,GT,GG,AT,AA,AC,AA,GT,NN,CG,GG,CC,GG,AA,AA,CG,TT,NN,CC,CG,AT,AG,CC,AA,CC,AA,AA,AC,GG,AC,AT,AA,GG,AA,AA,AA,AA,AG,AG,AA,AA,TT,GG,AA,AA,CC,AC,TT,AA,AA,GG,AG,CG,NN,AA,AA,GT,TT,TT,AG,TT,GG,CG,AA,1.89,Susceptible,High,Poor,Late
L0831,Coimbatore,Tamil Nadu,Kharif,Red Loamy,Rainfed,650,29.5,68,AA,TT,GG,GG,CC,CC,GT,TT,CC,CG,AA,CC,CG,AT,TT,NN,GG,TT,TT,AA,CC,TT,GT,CC,TT,CC,GT,TT,GG,AA,TT,CC,AA,CC,GG,GG,GT,CG,GG,CC,TT,TT,AA,TT,AA,AG,TT,TT,CC,CC,GT,AA,AG,GG,CT,TT,AT,AA,GT,AC,AA,TT,TT,AG,TT,AT,CC,GG,TT,GG,AA,GG,CC,AA,AG,AC,AT,GG,TT,CT,GG,GG,GG,NN,AT,GG,AA,AA,NN,GT,CC,NN,CC,TT,GG,GG,TT,CC,TT,CC,CC,CC,AG,AA,AT,TT,CC,AA,AG,AA,CT,GG,TT,CC,TT,AC,AA,TT,CG,GG,CC,GG,CC,TT,TT,AA,CC,CC,CC,CC,AA,TT,CC,AA,CC,CT,AG,TT,AA,AA,GG,CC,CC,GG,AA,AA,AT,CC,GT,CC,CC,AA,GG,GG,TT,GG,AC,TT,CC,AG,AC,GT,TT,CT,CG,AA,TT,CT,AT,AT,GG,CC,AA,CC,CC,CC,CG,CC,AA,GG,AA,CC,TT,CC,GG,TT,GG,AT,AA,AA,TT,CC,GG,AA,AC,CC,GG,GG,AA,GG,TT,AA,AA,CC,GG,AT,CC,AA,AT,GG,TT,TT,AA,GG,GT,AT,CC,TT,TT,NN,GG,AA,CT,AA,TT,CC,TT,AA,CC,CT,GG,AG,CG,AG,AC,TT,TT,TT,CG,TT,AA,AC,AG,GG,CC,CC,GG,CC,GT,AT,AA,CC,TT,GG,CC,CC,AA,GG,CG,AA,CG,AA,AA,AC,CG,CC,TT,AA,GG,AA,AA,AA,AA,AG,AA,AG,AA,TT,GG,AA,AG,CC,NN,TT,AA,AA,GG,GG,GG,TT,AT,AA,GG,AT,AT,AA,TT,GG,CG,AA,0.4,Resistant,Medium,Poor,Late
L0832,Coimbatore,Tamil Nadu,Kharif,Red Loamy,Rainfed,650,29.5,68,CC,TT,AG,AA,GG,CC,GT,NN,CG,CC,AA,CT,GG,TT,TT,GT,NN,TT,TT,AA,CC,GT,TT,CT,TT,CC,TT,AT,GG,AA,TT,CC,AA,CC,NN,GG,GG,NN,GG,CC,TT,CC,AA,TT,AA,GG,TT,TT,CC,AA,GT,AT,AA,GG,CT,GT,AA,AA,GT,AC,AA,NN,TT,GG,TT,TT,CC,GG,TT,GG,AG,GG,CC,AA,GG,AA,TT,GG,TT,NN,GG,GG,GG,CC,AA,GG,AA,AA,CC,GT,CC,TT,CC,AT,TT,GG,TT,CC,GT,CC,CT,CG,AA,AA,TT,TT,CG,AA,AG,AA,CT,GG,TT,GG,TT,AA,AC,TT,NN,AG,CC,GG,CC,GG,TT,AA,CC,CC,AC,CC,AA,TT,CC,AA,CC,CC,AA,AT,AA,AA,GG,TT,CC,GG,GG,GG,AA,CC,GT,GG,CC,AA,AG,AG,TT,AG,AA,TT,TT,NN,CC,TT,TT,CT,CC,AA,GT,TT,AA,AT,GG,CC,GG,CC,CC,CC,GG,CC,AA,AG,NN,CC,TT,CC,GG,TT,GG,AA,AA,AA,TT,AC,GG,AC,AC,CC,GG,GG,AC,GG,TT,AA,AA,CC,GT,AA,CC,AA,AT,GG,TT,TT,AA,CC,GT,AA,GG,TT,GT,AA,GG,AA,CT,AA,TT,CC,TT,AA,CC,TT,GG,AA,CC,AA,CC,TT,TT,GG,GG,TT,AC,AC,AA,GG,CC,CC,GG,CC,GG,TT,AG,CC,GT,GG,NN,CC,AA,GG,CC,AT,CC,AA,AA,AC,GG,AC,TT,AA,GG,AA,AC,AC,AC,GG,AG,AA,AA,TT,CG,AA,AG,CC,AA,CT,AG,AA,GG,GG,GG,TT,AA,AG,GT,TT,TT,AA,TT,GG,CG,AA,4.38,Susceptible,Low,Premium,Early
L0833,Coimbatore,Tamil Nadu,Kharif,Red Loamy,Rainfed,650,29.5,68,CC,TT,GG,AA,GG,CC,GT,TT,CC,CG,AA,CC,CG,AT,TT,GT,GG,TT,TT,AG,CC,TT,GT,CC,TT,CC,TT,TT,GT,AA,TT,CC,AG,CC,GG,GG,GG,CG,GG,CC,TT,CC,AC,TT,AA,AG,TT,AT,CC,AC,GG,AA,AA,GG,CT,TT,AA,AA,GG,AC,AG,GT,AT,GG,TT,TT,NN,GG,TT,TT,AA,GG,CC,NN,AA,AC,AA,GG,GT,TT,GG,GT,GG,CC,AA,GG,AA,AA,CC,TT,CC,TT,CC,AT,GG,AA,TT,CC,TT,CT,CT,GG,GG,AA,TT,GT,CC,AA,AG,AA,CC,GG,TT,CC,GT,AA,AA,TT,CC,GG,CC,GG,CC,GG,NN,AA,CC,CC,CC,CC,AA,TT,CC,AA,CC,CC,AA,AT,AA,AA,CG,CC,CC,AG,AA,AG,AA,AC,GT,CC,CC,AA,AA,AA,GT,GG,AA,GT,CT,GG,CC,GT,GT,TT,CG,AT,TT,CT,AT,TT,CC,CC,AG,CC,CC,CC,GG,CC,AA,GG,AG,CC,TT,CC,GG,TT,GG,AT,AA,AG,TT,CC,GG,AC,AA,CC,GG,GG,AC,GG,TT,AA,AA,CC,GG,AA,AC,AT,AT,GG,TT,TT,AA,GG,GT,AT,CG,AA,TT,AA,GG,AA,TT,AA,TT,CC,CT,AA,CC,CT,GG,AA,CG,GG,AC,TT,TT,TT,GG,TT,AC,AA,AG,GG,CC,CC,GG,CC,GG,AT,AA,CC,TT,GG,CG,CC,AT,AG,CC,AT,CC,AA,AA,CC,CG,CC,TT,AA,GG,AA,AA,AA,AA,GG,AG,AA,AA,TT,CG,AA,AA,AA,AA,TT,AA,AA,CG,GG,GG,TT,AA,AG,TT,TT,TT,AG,TT,GG,GG,AA,3.54,Susceptible,Low,Premium,Early
L0834,Coimbatore,Tamil Nadu,Kharif,Red Loamy,Rainfed,650,29.5,68,AC,CT,GG,GG,GG,CC,GT,AT,CC,CG,AA,CC,CC,TT,TT,GG,CG,TT,TT,AG,CC,GT,TT,CC,TT,CC,TT,AT,GT,AA,TT,CT,AA,CC,GG,GG,GG,CC,GT,CC,TT,CT,AC,TT,AA,AG,TT,TT,CG,AC,GG,AA,AG,GG,CC,GT,AA,AA,GT,AA,AA,TT,AA,AA,CT,TT,CC,GG,TT,GG,AA,GG,CC,AA,GG,AC,AT,GG,TT,TT,AG,GT,GG,CC,AA,GG,AA,AA,CG,GT,CC,TT,CC,TT,GT,GG,CT,CC,TT,CC,CT,CG,GG,AA,TT,TT,CC,AA,AG,AA,CT,GT,TT,CC,TT,AC,AA,TT,CG,AG,CG,GG,CT,GG,TT,AG,CC,CC,CC,CC,AA,TT,CC,AA,CC,CT,AA,AT,AA,AA,GG,CC,CC,GG,AA,GG,AA,CC,GG,CC,CC,AA,AA,AG,TT,GG,AC,TT,TT,AG,AC,TT,GT,TT,CC,AA,TT,TT,AT,TT,GG,CG,AA,CC,CC,CC,GG,AC,AT,GG,NN,CC,TT,CC,GT,TT,GG,NN,AA,AA,TT,AC,CG,AA,CC,CC,GG,GG,CC,GG,TT,AA,AA,CC,GG,AT,AC,AA,AA,GT,TT,AT,AT,CG,GT,AT,CC,AT,GT,AA,GG,AA,CT,AA,TT,CC,CT,AA,CC,TT,CG,NN,CC,AG,CC,TT,CT,TT,GG,TT,AC,CC,AG,GG,CC,GG,GG,CC,GG,AA,AA,CC,GT,GG,CC,CC,AA,NN,CG,AA,CC,AA,AA,AC,CG,AC,TT,AA,GG,AA,CC,AA,AA,AG,AG,AG,AA,TT,GG,CC,AA,CC,AA,CT,AA,AA,GG,GG,GG,TT,AA,AA,TT,TT,TT,AA,TT,CG,GG,AA,3.39,Susceptible,Medium,Standard,Medium
L0835,Coimbatore,Tamil Nadu,Kharif,Red Loamy,Rainfed,650,29.5,68,AC,TT,GG,AG,GG,CC,GG,NN,CC,CG,AA,CC,CC,TT,TT,GG,GG,TT,AT,AA,CC,TT,GG,CC,TT,CT,TT,TT,GG,AC,TT,CT,AA,CC,GG,CG,GG,CC,GG,CC,TT,CT,AA,GT,AA,AG,TT,TT,CC,AA,GG,AA,AA,GG,CC,TT,AA,CC,GG,NN,AG,TT,AT,AG,TT,TT,CC,GG,TT,GT,AA,GG,CC,AA,AG,AC,AA,GG,TT,TT,GG,GG,GG,CC,AA,GG,AA,AA,CC,GT,CC,TT,CT,TT,TT,GG,TT,AC,GT,CT,CT,CG,AG,AA,TT,TT,CC,AA,AG,AA,CC,GG,TT,CG,GT,AA,AA,TT,CG,AG,CG,GG,CC,GG,TT,AA,CC,CC,CC,CC,AA,TT,CC,AA,CC,CC,AA,TT,AG,AT,GG,CC,CC,GG,AA,AA,AA,CC,GG,CC,CC,AA,AA,AG,TT,GG,AC,GG,CT,AG,AA,GT,GT,TT,CC,AT,GT,TT,AT,AT,GG,CC,AA,CT,CC,CC,GG,CC,AA,GG,AA,CC,TT,CC,NN,TT,GG,AA,AA,AA,GT,CC,GG,AA,CC,NN,GG,GG,AA,GG,TT,AC,AA,CG,GG,AA,AC,AA,AA,GG,TT,TT,AA,CG,GG,AT,CC,TT,TT,AA,AG,AA,TT,AC,TT,CC,CT,AA,CC,TT,GG,GG,GG,AG,CC,TT,CT,GT,GG,TT,AA,CC,AG,GG,CC,CG,GG,CC,GG,AA,AG,CC,GT,GG,CC,CC,TT,GG,CC,AT,CC,AA,AA,AC,CC,AA,AT,AG,GG,AA,AA,AC,AA,AG,AA,AG,AA,AT,GG,CC,AA,CC,AC,TT,AG,AA,GG,GG,CG,TT,AT,AA,TT,TT,TT,AG,TT,GG,GG,AA,3.33,Susceptible,Low,Poor,Early
L0836,Coimbatore,Tamil Nadu,Kharif,Red Loamy,Rainfed,650,29.5,68,AC,TT,AG,AA,GG,CC,GT,TT,CC,CG,AA,CT,CC,AT,TT,GG,CC,TT,TT,GG,CC,GT,GT,CC,TT,CC,GT,AT,GT,AA,TT,CC,AA,AC,GG,GG,GG,CG,GG,CC,TT,CT,AA,TT,AA,AG,CT,TT,CC,AC,GG,AT,AG,GG,CC,TT,AT,AA,TT,AC,AA,TT,TT,AG,TT,TT,CC,NN,TT,GG,AG,GT,CC,AA,GG,AA,TT,GG,TT,TT,AG,GG,GG,CC,AA,GG,AA,AT,CC,GG,CC,TT,CC,TT,TT,GG,CT,CC,TT,CC,CT,CG,AG,AA,TT,TT,CC,AA,AA,AC,CC,GG,TT,CC,TT,AA,AA,TT,CG,AG,CC,GG,CC,GG,TT,AA,CC,CC,CC,CC,AG,TT,CC,AA,CC,CC,AA,TT,AA,NN,CG,CC,CC,GG,AG,AG,AA,AC,GG,CC,CG,AA,AG,GG,TT,GG,AA,GT,TT,GG,AC,TT,TT,TT,CC,AT,TT,TT,AT,TT,CC,CC,AA,TT,CC,CC,CG,CC,AA,GG,AG,CC,NN,CG,GG,TT,GG,AA,AA,AA,TT,CC,CG,AA,CC,CC,GG,GG,CC,GG,TT,AA,AA,CC,GG,AA,CC,AA,AT,GG,TT,AT,AA,CG,TT,AA,CC,TT,TT,AA,GG,AA,TT,AC,TT,CC,CT,AA,CC,CT,GG,AG,CC,AG,CC,TT,TT,GT,GG,TT,AA,AC,AG,GT,CC,CG,GG,CC,GG,AA,AA,CG,GT,GG,CG,CG,NN,GG,CG,AA,CC,AT,AA,AC,CG,AC,TT,AA,GG,AA,AA,AC,AA,GG,AA,GG,AA,AT,CG,AA,GG,AC,AA,CT,AA,AA,CC,AA,GG,TT,NN,AA,GG,TT,TT,AG,TT,GG,GG,AA,2.65,Susceptible,High,Poor,Late
L0837,Coimbatore,Tamil Nadu,Kharif,Red Loamy,Rainfed,650,29.5,68,AC,TT,GG,AG,CG,CC,GG,TT,CC,CC,AA,CC,CC,AT,TT,GT,CG,NN,TT,AA,CC,GT,TT,CC,TT,CC,TT,TT,GT,AA,TT,CC,AA,CC,GG,GG,GG,CG,GG,CC,TT,CC,NN,TT,AA,GG,TT,AT,CC,AC,GG,AA,AA,GG,CC,TT,AT,AA,GT,AC,AA,TT,AT,AA,TT,AT,CT,GG,TT,GG,GG,GG,AC,AA,GG,NN,AA,GG,TT,TT,GG,GG,GG,CC,AA,GG,AA,AA,CC,GG,AC,TT,CC,TT,TT,GG,CT,NN,GT,CC,CT,CG,AA,AA,TT,TT,CG,AA,AA,AA,CT,GG,TT,CC,TT,AC,AA,TT,CC,AG,CC,GG,CC,GG,TT,AA,CC,CC,CC,CG,AA,TT,AC,AA,CC,NN,AA,NN,AG,AT,CG,CT,CG,GG,AA,AA,AA,CC,GG,CC,CC,AG,AG,GG,TT,GG,AA,TT,TT,GG,AC,GT,TT,TT,CC,AA,TT,TT,AA,TT,CC,CC,AA,CC,CC,CC,GG,CC,AA,GG,GG,CC,TT,CC,GT,TT,GG,AA,AA,AA,TT,CC,GG,AA,CC,CC,GG,GG,AC,GG,TT,CC,AA,CG,GT,AA,AA,AA,AA,GG,TT,AT,AA,CG,GT,AA,CG,AA,TT,AA,GG,AA,TT,AA,TT,CC,CC,AA,AC,TT,CC,GG,CC,AG,CC,TT,TT,GT,GG,TT,AA,AA,AG,GG,CC,CG,GG,CC,GG,AT,NN,CC,TT,GG,CC,CC,AA,AG,CG,AA,CC,AA,AA,AC,CC,AC,TT,AA,GG,AA,AA,AC,AA,AA,AA,GG,AA,TT,GG,AA,AG,AC,AA,CT,AA,AA,CG,GG,GG,TT,AT,AG,TT,TT,TT,AG,AT,GG,GG,AA,4.91,Susceptible,Medium,Poor,Late
L0838,Coimbatore,Tamil Nadu,Kharif,Red Loamy,Rainfed,650,29.5,68,AC,TT,GG,AG,GG,CC,GG,AT,CC,CC,AA,CC,CG,TT,GT,GG,GG,TT,TT,AA,CC,TT,GT,CC,TT,CC,TT,TT,GT,AA,TT,CC,AA,CC,GG,GG,GG,CG,GG,CC,TT,CT,AA,GG,AG,GG,TT,TT,CC,CC,GT,AA,AG,GG,CC,TT,AT,AC,GG,CC,AA,TT,AA,GG,TT,TT,CC,GG,TT,GG,AA,GT,CC,AA,GG,AA,AA,GG,TT,TT,AG,TT,GG,CC,AA,GG,AG,AT,CC,TT,CC,TT,CT,AT,TT,GG,TT,CC,GT,CC,CC,GG,AA,AA,AT,TT,CC,AA,AA,AA,CT,GG,TT,CC,TT,CC,AA,TT,CC,GG,CC,GG,CC,GT,TT,AG,CC,CC,CC,CC,AA,TT,CC,AA,CC,CC,AA,TT,AG,AA,GG,CC,CC,GG,AA,NN,AT,CC,GT,CC,CC,AA,GG,AG,TT,AG,AC,TT,TT,GG,AC,TT,TT,TT,CC,AA,TT,CT,AA,TT,GG,CC,AG,CT,CC,CC,NN,CC,AA,AG,AG,CC,TT,CC,GG,TT,CG,AT,AA,AG,GT,AC,GG,AC,AC,CC,GG,GG,AA,GG,TT,AC,AA,CG,GT,AA,CC,AA,AA,GG,TT,TT,AA,GG,GT,AA,CC,AT,NN,AA,GG,AA,CT,AC,TT,CC,TT,AC,CC,TT,CG,AG,CC,AG,CC,TT,TT,TT,GG,TT,AA,AC,AG,GG,CC,CG,GG,CC,GG,AT,AG,CC,GT,GG,CC,CG,AA,GG,NN,AT,CG,AA,AA,AC,NN,AC,TT,AA,GG,AA,AA,CC,AA,AG,AG,AG,AA,TT,NN,AA,AA,AC,AC,TT,AA,AA,GG,GG,CG,GT,AA,AA,TT,TT,TT,AA,AT,GG,GG,AA,3.34,Susceptible,Medium,Poor,Medium
L0839,Coimbatore,Tamil Nadu,Kharif,Red Loamy,Rainfed,650,29.5,68,AA,TT,GG,AA,GG,CC,GT,NN,CC,CG,AA,CT,CC,AT,GT,GG,CG,TT,TT,AA,CC,GT,GG,CC,TT,CC,TT,TT,GG,AA,TT,CT,AA,CC,GG,GG,GG,GG,GG,CC,TT,CT,AC,TT,AA,AG,CT,TT,CC,AC,GG,AA,AA,GG,CC,TT,AA,AA,GT,AC,AA,TT,AT,AA,TT,AT,CC,GG,TT,GT,GG,GT,CC,AA,GG,AA,AA,GG,TT,TT,GG,GG,GG,CC,AT,GG,AG,AA,CC,TT,AC,GT,CC,TT,TT,GG,TT,CC,GG,CC,TT,CC,GG,AA,TT,TT,CG,AA,AG,AA,CC,GT,TT,CC,TT,AC,AA,TT,CC,AG,CG,GG,CC,GG,CT,AG,CT,CC,CC,CC,AA,TT,CC,AC,CC,CT,AA,TT,AA,AT,GG,CC,CC,GG,AA,AA,AA,CC,GT,CC,CC,AA,AA,AG,TT,GG,AA,TT,CT,GG,CC,TT,TT,CT,CC,AA,TT,TT,AA,TT,GG,CC,AA,CT,CC,CC,GG,CC,AA,GG,AG,CC,TT,CC,GT,TT,CG,AT,AA,AA,TT,CC,GG,AA,CC,CC,GG,GG,CC,GG,TT,AC,AA,CC,GG,AT,CC,AA,AA,GT,GT,TT,AA,GG,GT,AT,CG,AT,GG,AA,NN,AA,CT,AA,TT,CC,TT,CC,CC,CT,GG,AG,CG,AG,CC,TT,TT,GT,GG,TT,AC,CC,AA,GG,CC,CG,GG,CC,GG,AT,AG,CC,GT,GG,CC,CC,AA,AG,CC,AA,CG,AA,AG,CC,CC,AC,TT,AA,GG,AA,AA,AA,AC,AG,AG,AA,AG,AT,GG,AA,AA,AA,AA,CT,AA,AA,GG,GG,GG,TT,AA,AA,TT,TT,TT,AG,TT,GG,CG,AC,4.64,Resistant,Medium,Standard,Early
L0840,Coimbatore,Tamil Nadu,Kharif,Red Loamy,Rainfed,650,29.5,68,CC,TT,GG,AG,GG,CC,GT,AT,CC,CC,AA,CC,CG,AT,TT,GG,GG,TT,TT,AA,CG,GT,GT,CC,TT,CC,GT,AT,GT,AA,TT,CC,AG,CC,GG,CG,GG,NN,GG,CC,TT,TT,AA,TT,AA,GG,NN,TT,CC,AC,GG,AT,AA,GG,CT,TT,AA,AA,GT,AA,AG,TT,AT,AG,CT,TT,CC,GG,TT,GG,AA,GG,CC,AA,GG,AA,AA,GG,TT,TT,GG,GT,GG,NN,AA,GG,AA,NN,CC,GG,CC,TT,CT,TT,TT,GG,TT,AC,GG,CC,CC,CC,AA,AA,AA,TT,CG,AA,AG,CC,CC,GG,TT,CG,TT,AA,AC,TT,CC,AG,CC,AG,CC,GT,CT,AG,CC,CC,CC,CC,AA,TT,AC,AA,CC,CC,AA,TT,AA,AT,GG,CC,CC,GG,AA,AA,AA,CC,GG,CC,CC,AA,GG,GG,GT,GG,AA,GG,CT,GG,CC,TT,GT,TT,CC,AT,TT,TT,AA,TT,CG,CC,AA,CT,AC,CC,GG,CC,AA,GG,AG,CC,TT,CC,GG,GT,GG,TT,AA,AA,TT,CC,CG,AA,CC,CC,GG,GG,AA,GG,TT,AA,AA,CC,GG,AA,AC,AA,AT,GG,TT,AA,AA,GG,GT,AA,CG,TT,TT,AT,GG,AA,TT,AA,TT,CC,TT,AA,CC,TT,GG,AG,CC,AG,CC,TT,TT,TT,GG,TT,AC,AC,AA,GG,CC,CC,GG,CC,GG,TT,AA,CC,GT,GG,CC,CC,AT,GG,CG,AT,CC,AA,AA,AC,CG,CC,TT,AA,GG,NN,NN,AA,AA,GG,AG,AA,AG,TT,GG,AA,AG,CC,AC,TT,AA,AA,GG,NN,GG,GT,AA,AA,GT,TT,NN,GG,NN,GG,GG,AA,0.4,Susceptible,Low,Premium,Medium
L0841,Coimbatore,Tamil Nadu,Kharif,Red Loamy,Rainfed,650,29.5,68,AC,CT,GG,AG,GG,CG,GG,TT,CC,CC,NN,CC,CG,TT,TT,GT,GG,TT,TT,AA,CC,GT,TT,CC,TT,CC,TT,TT,GG,AA,TT,CC,AA,CC,GG,CG,GG,CG,GG,CC,TT,CT,AA,GT,AG,AG,NN,TT,CC,AA,GG,AA,AA,GG,CC,GT,AT,AA,GG,AC,AG,TT,AT,AA,TT,TT,CC,GG,TT,GG,AG,GG,CC,AA,GG,CC,AT,GG,TT,TT,GG,TT,GG,CC,AT,GG,AA,AA,CC,GT,AC,TT,CC,TT,TT,GG,TT,CC,TT,CT,CC,CG,GG,AA,TT,TT,CC,AA,GG,AC,CT,GG,TT,CC,TT,AC,AA,NN,CC,AG,CG,GG,CC,GG,TT,AA,CC,CC,CC,CC,AA,TT,CC,AA,CC,CC,AA,TT,AG,AA,GG,CT,CC,GG,AA,AA,AA,CC,GT,CC,CC,AA,AA,GG,TT,GG,AA,TT,CT,GG,CC,TT,GT,TT,CG,AA,GT,CT,AA,TT,CG,CC,AA,CT,CC,CC,GG,CC,AA,GG,GG,CC,TT,CC,GT,NN,GG,AT,AA,AA,TT,CC,NN,AA,CC,CC,GG,GG,AC,GG,CT,AC,AA,CC,GG,AT,AC,AA,AT,GT,TT,AT,AT,NN,GT,AT,CC,TT,GT,AA,GG,AA,CT,AA,TT,CC,TT,AA,NN,TT,GG,AG,CC,GG,CC,TT,CC,TT,GG,TT,AA,AA,AG,GT,CC,CG,GG,CC,GG,AT,AG,CC,TT,GG,CC,CG,AT,GG,CC,AT,CC,TT,AA,AA,CC,AC,NN,AA,GG,AA,AA,AA,AC,AG,AA,AG,AA,TT,GG,AA,AA,CC,AC,CT,AG,AA,GG,GG,GG,TT,AA,AA,TT,TT,TT,AG,TT,GG,GG,NN,4.11,Susceptible,Medium,Standard,Early
L0842,Coimbatore,Tamil Nadu,Kharif,Red Loamy,Rainfed,650,29.5,68,AC,TT,GG,AA,GG,CC,GG,AT,CC,CG,AA,CT,CC,TT,TT,GG,GG,TT,NN,AA,CC,TT,GT,NN,AT,CC,TT,TT,GG,AA,CT,CC,AA,CC,GG,GG,GG,CG,GG,CC,TT,CC,AA,TT,AA,AG,TT,TT,CC,CC,TT,AA,AG,GG,CC,GT,AA,AC,GT,AC,AA,GT,TT,AA,TT,AT,CC,GG,TT,GT,AG,GT,CC,AA,GG,CC,AA,GG,TT,TT,GG,GT,GG,CC,AT,GG,AA,AT,NN,TT,CC,TT,CC,TT,GT,GG,TT,CC,TT,CC,CT,CC,GG,AG,AT,TT,CC,AG,AA,AC,CC,GG,TT,CC,TT,AA,AA,TT,CG,AG,CG,AG,CC,GG,TT,AA,CC,CC,CC,CC,AA,GT,CC,AA,CC,CC,AA,AT,AG,AT,GG,CC,CC,AG,AA,GG,AA,AC,GG,CC,CC,AA,AG,GG,TT,GG,AC,GG,TT,GG,AC,GT,TT,TT,CC,AA,TT,CT,AA,TT,CG,CC,AA,CT,AC,CC,CG,CC,AA,GG,AA,CC,GT,CC,GT,GT,CG,TT,AA,AA,TT,CC,GG,AA,AC,CC,GG,GG,AC,GG,TT,AC,AA,CC,GG,AT,AC,AA,AT,GG,GT,TT,AA,CG,TT,AA,CC,AT,TT,AA,GG,AA,TT,AA,TT,CC,TT,AA,AC,TT,GG,AG,CC,AA,CC,TT,TT,TT,GG,TT,AA,AC,AG,GG,CC,GG,GG,CC,GG,AA,AA,CC,TT,GG,CC,CG,AA,AG,CC,AA,CC,AT,AA,AC,CG,AC,TT,AA,GG,AA,AA,AA,AA,NN,AA,AA,AA,TT,GG,AA,AA,CC,AA,CT,AA,AA,GG,GG,GG,TT,AA,NN,TT,AT,TT,AA,TT,GG,GG,AA,1.28,Susceptible,Medium,Poor,Early
L0843,Coimbatore,Tamil Nadu,Kharif,Red Loamy,Rainfed,650,29.5,68,AA,TT,AG,AG,GG,CC,GT,TT,CC,CC,AA,CT,GG,TT,GT,GG,CG,TT,TT,AA,CC,TT,GT,CC,TT,CC,GG,TT,GG,AA,TT,CC,AG,CC,GG,GG,GG,CC,GG,CC,TT,TT,AA,TT,AA,AG,TT,AT,CC,AC,GT,AT,AA,GG,CT,TT,AA,NN,GG,AA,AG,TT,TT,AG,CT,AT,CC,GG,TT,GT,AG,GG,CC,AA,AA,AC,AT,GG,TT,TT,GG,GG,GG,CC,AA,AG,AA,AT,CG,GT,CC,TT,CT,TT,TT,AG,TT,CC,TT,CC,CT,CG,AG,AA,TT,TT,CC,AA,AG,AA,CC,GG,TT,CC,TT,AA,AA,TT,CC,AA,GG,AG,CT,TT,CT,AG,CC,CC,CC,NN,AA,TT,CC,AA,CC,CC,AA,TT,AA,AT,GG,CC,CC,GG,AA,AA,AA,CC,GG,CC,CC,AG,AA,GG,TT,GG,AC,TT,TT,GG,CC,GT,TT,CT,CC,AA,TT,TT,AA,TT,GG,CC,AG,CC,CC,CC,GG,CC,AA,GG,AA,CC,TT,CC,GG,TT,GG,TT,AA,AA,TT,CC,GG,AA,CC,CC,GG,GG,AA,GG,CT,AC,AA,CG,GG,AA,AA,AA,AA,GT,TT,AT,AA,GG,GG,TT,CG,AT,GG,AA,GG,AA,TT,AA,TT,CC,TT,AC,CC,TT,CG,AA,CG,AG,CC,TT,TT,TT,GG,TT,AC,AC,AG,GG,CG,CG,GG,CC,GG,AA,AA,CC,GT,GG,CG,CG,AA,GG,CG,AT,CC,AA,AA,AC,CG,CC,TT,AA,GG,AA,AA,AA,AA,GG,AG,AA,AG,TT,CG,AA,GG,AC,AC,CT,AA,AA,GG,AG,GG,TT,AA,AA,TT,AT,TT,AA,TT,GG,GG,AA,2.79,Susceptible,Low,Poor,Late
L0844,Coimbatore,Tamil Nadu,Kharif,Red Loamy,Rainfed,650,29.5,68,AA,TT,GG,AA,GG,CC,GG,AT,CC,CG,AT,CC,GG,TT,TT,GG,CG,TT,TT,AA,NN,GT,TT,CC,NN,CC,TT,TT,GG,AA,TT,CT,AA,CC,GG,GG,GG,CC,GG,AC,TT,TT,AA,GT,AA,AG,TT,TT,CC,CC,GT,AA,AG,GG,CT,TT,AT,AC,GG,AC,AA,TT,TT,AG,CT,NN,CC,GG,TT,GT,AA,GG,CC,AA,GG,AC,AT,GG,TT,TT,GG,GG,GG,CC,AA,GG,AA,AA,CC,GT,CC,TT,CT,TT,GT,GG,TT,CC,GT,CC,CC,CC,AA,AA,TT,TT,CG,AA,GG,AA,CC,GG,TT,CG,TT,AC,AA,TT,CC,AG,NN,GG,CC,GG,TT,AA,CC,CC,CC,CC,AA,TT,CC,AA,CC,CC,AA,TT,AA,AT,CG,CC,CC,GG,AA,AA,AA,CC,GG,CC,CC,AA,AA,GG,TT,GG,AC,GT,TT,GG,CC,GT,GT,TT,CC,AA,GG,TT,AA,TT,GG,CC,AA,TT,CC,CC,CG,CC,AA,GG,AA,CC,TT,CC,GG,TT,GG,AT,AA,AA,TT,CC,GG,AC,AC,CC,GG,GG,AA,GG,TT,AC,AA,CC,NN,TT,CC,AT,AA,GT,TT,AT,AT,GG,GT,AA,CC,TT,GT,AA,GG,AA,TT,AA,TT,CC,TT,AA,AC,CT,GG,AA,CC,GG,CC,TT,TT,TT,GG,TT,AA,AC,AA,GG,CC,CG,GG,CC,GG,AT,GG,NN,GT,GG,CC,CC,AA,GG,CC,AA,CC,AA,AG,CC,CG,AC,TT,AA,GG,AA,AA,AA,AA,AG,AG,NN,AA,AT,CG,AC,AA,AC,AA,TT,AA,AA,GG,GG,GG,GT,AA,AA,TT,TT,TT,GG,TT,GG,CG,AA,4.92,Susceptible,High,Premium,Medium
L0845,Coimbatore,Tamil Nadu,Kharif,Red Loamy,Rainfed,650,29.5,68,AC,TT,GG,AA,GG,CC,GG,TT,CC,CG,AA,CT,CG,AT,TT,GT,GG,TT,TT,AA,CG,GT,GT,CT,TT,CC,TT,TT,GT,AA,CT,CC,AA,CC,GG,GG,GG,CG,GG,AC,TT,CT,AA,TT,AA,GG,NN,TT,CC,AA,GT,AA,AG,GG,CC,TT,AA,AC,GT,AA,AA,TT,TT,AG,TT,AT,CT,GG,TT,GG,AG,GT,CC,AA,GG,AC,AA,GG,TT,TT,NN,GG,GT,CC,AA,GG,AA,AA,CG,GT,CC,TT,CC,AT,GT,GG,CT,CC,GT,CC,CC,CG,AG,AA,TT,TT,CC,AA,AG,AC,CT,GG,TT,CG,TT,AA,AA,TT,CC,AG,CG,AG,CC,NN,CT,AA,CC,CC,CC,CC,AA,TT,CC,AC,CC,CT,AA,AT,AA,AA,GG,CC,CC,NN,AA,AG,AA,CC,GG,CC,CC,AA,AG,GG,TT,GG,AC,TT,TT,AG,CC,TT,TT,CT,CC,AT,GT,TT,AT,AT,GG,CC,AG,TT,AC,AC,GG,CC,AT,GG,AA,CC,TT,CC,GG,TT,GG,AT,AA,AA,TT,CC,GG,AA,AC,CC,GG,GG,AA,GG,CT,AC,AA,CC,GG,AA,CC,AA,AT,GG,TT,TT,AT,GG,GT,AT,CG,TT,GG,AA,GG,AA,TT,AA,TT,CC,CT,CC,CC,CT,CG,AG,CG,AG,CC,TT,TT,TT,GG,TT,AC,AC,AA,GG,CC,CC,NN,CC,GG,AT,AA,CC,GT,GG,CC,CG,AA,GG,CG,AT,CC,AA,AA,CC,CC,AA,TT,AA,GG,AA,AA,AA,AA,AG,AG,AA,AA,AT,GG,AA,AA,AC,AC,TT,AA,AA,GG,GG,GG,TT,AA,AA,TT,TT,TT,AG,AT,GG,CG,AA,2.46,Susceptible,High,Premium,Medium
L0846,Coimbatore,Tamil Nadu,Kharif,Red Loamy,Rainfed,650,29.5,68,AC,CT,GG,GG,CG,CG,GG,AA,CC,CG,AA,CC,CG,TT,GG,GT,CG,TT,TT,AA,CC,GG,TT,CC,TT,CC,TT,TT,GG,AA,TT,CT,AA,CC,GG,GG,GG,CG,GG,CC,TT,CT,AC,NN,AA,GG,TT,TT,CC,CC,GG,AA,AA,GG,CC,TT,AA,AA,GT,AC,AA,TT,TT,AA,TT,AT,CC,GG,TT,GG,AG,GG,CC,AA,GG,AC,AA,GG,TT,TT,GG,GG,GG,CC,AA,NN,AA,AT,CC,GG,CC,TT,CT,TT,TT,GG,TT,CC,TT,CC,CC,CG,AG,AA,TT,TT,CC,AA,AG,AA,CC,GG,TT,CC,GT,AA,AA,TT,CC,AG,CC,GG,CC,GT,TT,AA,CC,CC,AC,CC,AA,TT,CC,AA,CC,CC,AA,AT,AG,AT,GG,CT,CC,GG,AA,AA,AT,CC,GT,CC,CC,AA,AA,GG,TT,AG,AC,TT,NN,GG,CC,GT,TT,TT,CC,AT,TT,CT,AA,AT,GG,CC,GG,CT,CC,CC,CC,CC,AA,GG,AA,CC,TT,CG,GT,GT,GG,TT,AA,AA,TT,CC,GG,AA,CC,CC,GG,GG,AC,GG,TT,AA,AA,CC,GG,AA,AC,AA,AT,GG,GT,TT,AT,GG,GT,TT,CG,AA,GT,AA,GG,AA,CT,AA,TT,CC,CT,AA,CC,TT,CG,AA,CG,AG,CC,AT,CT,TT,GG,AT,AA,AC,AA,GG,CC,CG,GG,CC,GG,AT,AA,CC,TT,GG,CC,CC,AA,GG,GG,AA,CC,AA,AA,AC,CC,AC,TT,AA,GG,AA,AA,AA,AA,AG,AA,AA,AA,TT,GG,AC,AG,CC,CC,TT,AA,AA,GG,GG,GG,TT,AA,AG,TT,TT,TT,AA,AT,GG,CG,AC,3.39,Resistant,High,Premium,Medium
L0847,Coimbatore,Tamil Nadu,Kharif,Red Loamy,Rainfed,650,29.5,68,AC,TT,GG,AG,GG,CC,GG,AT,CC,CC,AA,TT,GG,TT,TT,GG,CG,TT,TT,AA,CC,TT,GT,CT,AT,CC,TT,TT,GG,AA,TT,CC,AA,CC,GG,CG,GG,CC,GG,CC,TT,CT,AA,TT,AA,AG,TT,TT,CC,CC,GG,AA,AA,GG,CT,GT,AA,AC,GG,AA,AG,TT,AT,AG,TT,TT,CC,GG,TT,GG,AA,NN,CC,AA,GG,AC,AA,AG,TT,TT,GG,GG,GG,CC,NN,GG,AA,AA,CC,TT,CC,GT,CC,TT,GT,GG,CT,AC,GT,CC,CC,CC,AG,AA,TT,TT,CC,AA,AA,AA,CT,GG,TT,CC,TT,AA,AA,TT,CG,AA,CG,GG,CC,GG,CT,AA,CC,CC,AC,CC,AA,TT,CC,AA,CC,CC,AA,AT,AA,AA,GG,CC,CC,GG,AA,AG,AA,CC,GT,CC,CC,AA,AA,GG,TT,GG,AA,TT,TT,AG,NN,TT,TT,NN,GG,AA,GG,TT,AA,TT,NN,CC,AG,CT,CC,CC,CG,CC,AA,GG,AG,CC,GT,CC,GG,TT,GG,AT,AA,AA,TT,CC,CG,AA,AC,CC,GG,GG,AA,CG,TT,AA,AA,CG,GT,AA,CC,AA,AT,GT,TT,AT,AA,CG,GG,AA,CC,AA,TT,AA,GG,AA,CC,AC,NN,CG,TT,AC,CC,CT,GG,AA,CG,GG,CC,TT,CT,GT,GG,TT,AA,AA,AG,GG,CC,CC,GG,CC,GG,AT,AA,CC,TT,GG,CC,CG,AA,AA,GG,AA,CC,AA,AA,AC,CC,CC,TT,AA,GG,AA,AA,AC,AC,GG,AA,AA,AA,TT,CG,AC,AA,CC,AC,TT,AA,AA,GG,GG,GG,GT,AA,AA,TT,TT,TT,AG,AT,GG,GG,AA,2.53,Moderate,Medium,Poor,Early
L0848,Coimbatore,Tamil Nadu,Kharif,Red Loamy,Rainfed,650,29.5,68,AA,CT,AA,AG,NN,CC,GG,TT,CC,CG,AA,CC,CG,TT,TT,GG,CG,TT,TT,AA,CC,GT,GT,CC,TT,CC,GT,AT,GT,AA,TT,CC,AG,CC,AA,GG,GG,CG,GG,CC,TT,CC,AA,TT,AA,GG,TT,TT,CC,AC,GG,AA,AG,GG,CC,TT,NN,CC,GG,AA,AA,TT,AT,AA,CT,TT,CC,GG,TT,TT,AG,GG,CC,AA,GG,CC,AT,GG,TT,TT,GG,GT,GG,CC,AA,GG,AA,AA,CC,GT,CC,TT,TT,TT,TT,GG,TT,CC,GT,CC,CC,CG,GG,AA,AT,TT,CC,AA,AG,AC,CT,GG,TT,CC,GG,AA,AA,TT,CG,AG,CC,AG,CC,TT,TT,AA,CT,CC,CC,CC,AA,TT,CC,AA,CC,CC,AA,NN,AA,AA,GG,NN,CC,GG,AA,AG,AA,CC,GG,CC,CC,AA,AA,GG,TT,AG,AC,GT,CT,GG,CC,TT,TT,TT,CC,AT,TT,TT,AA,TT,GG,CC,AA,CC,CC,NN,CG,AC,AA,GG,GG,CC,TT,CC,GG,TT,CG,AT,AA,AA,TT,CC,GG,AA,CC,NN,GG,GG,AA,GG,TT,AC,AA,CG,GG,AA,AC,AA,AT,GG,TT,AT,AA,GG,GT,AT,CC,AA,TT,AA,GG,AA,CT,AA,TT,CC,TT,AA,CC,CT,GG,AG,CC,AA,NN,TT,TT,TT,CG,TT,AC,AC,AG,GT,CG,CG,GG,CC,GG,AT,AG,CC,GT,GG,CC,CC,AA,GG,CC,AA,CG,AA,AG,AC,GG,AA,TT,AA,GG,AA,AC,AC,AA,GG,GG,AA,AA,TT,CG,CC,AA,CC,AC,CC,AA,AA,GG,GG,GG,GT,AT,AA,TT,TT,TT,AG,AT,GG,GG,AC,0.84,Resistant,High,Premium,Late
L0849,Coimbatore,Tamil Nadu,Kharif,Red Loamy,Rainfed,650,29.5,68,AA,NN,GG,AG,GG,CG,TT,TT,CC,CG,AA,CC,CG,TT,GT,GG,GG,TT,TT,AA,CC,GT,GT,CC,TT,CC,GT,TT,GG,AC,TT,CT,AA,CC,GG,CG,GG,NN,GG,CC,TT,TT,AA,GT,AA,AG,TT,TT,CC,AA,GG,AA,AG,GG,CC,GT,AA,AA,GT,AC,AG,GT,AT,AA,CT,TT,CC,GG,TT,GG,AG,GG,CC,AA,GG,AA,AA,GG,TT,TT,GG,GT,GT,CC,AA,GG,AG,AT,CC,GT,CC,TT,CT,TT,TT,AG,TT,AC,TT,CC,CC,CC,AG,AG,TT,NN,CG,AA,AA,AA,CC,GG,GT,CG,TT,AC,AA,TT,CC,GG,CC,AA,CC,GG,TT,AG,CC,CC,NN,CC,AA,TT,CC,AA,CC,CC,AA,TT,AA,AA,GG,CC,CC,GG,AA,AA,AA,CC,GG,CC,CG,AG,GG,GG,TT,GG,AC,NN,CT,GG,AC,TT,GT,TT,CG,AA,GT,TT,AA,NN,GG,CC,AG,TT,CC,CC,GG,CC,AA,GG,AG,CC,TT,CC,GT,GT,GG,AA,AA,AA,TT,CC,GG,AA,CC,CG,GG,GG,AC,GG,TT,AC,AA,CC,GG,AT,AC,AA,AA,GT,GT,TT,AA,CC,GT,AA,CG,TT,TT,AA,GG,AA,TT,AA,TT,CC,TT,AA,CC,TT,GG,AG,CG,GG,CC,AT,TT,TT,GG,TT,AC,CC,AA,GG,CC,CC,GG,CG,GG,AT,AG,CC,GT,GG,CG,CC,AA,GG,CC,AT,CC,AA,AA,AC,CG,AC,TT,AA,CG,AA,AC,AC,AA,GG,AA,AA,AA,TT,GG,AA,AG,AC,AA,TT,AA,AA,GG,GG,GG,TT,AT,AG,TT,TT,TT,AA,AT,GG,GG,AC,2.06,Resistant,High,Standard,Early
L0850,Coimbatore,Tamil Nadu,Kharif,Red Loamy,Rainfed,650,29.5,68,AC,NN,GG,AG,GG,CC,GG,TT,CC,CC,AA,CC,CC,AT,GT,GG,CG,TT,TT,AA,CC,GT,GT,CC,TT,CC,TT,AA,GG,AA,TT,CC,AA,CC,GG,GG,GG,CC,GG,CC,TT,CT,AA,GT,AG,GG,TT,TT,CC,CC,GG,AA,AG,GG,CC,TT,AA,AA,GT,AA,AA,GT,TT,AA,TT,TT,CC,GG,TT,GT,AA,GG,CC,AA,GG,AC,AT,GG,GT,TT,GG,GT,TT,CC,AA,GG,AA,AA,CC,TT,CC,TT,TT,AA,TT,AG,TT,CC,GT,CC,CC,CC,AG,AG,AT,TT,CC,AA,AG,AC,CC,GG,TT,CG,TT,AA,AA,TT,CC,GG,CG,GG,CC,GT,CT,AG,CC,CC,CC,CC,AA,TT,CC,AA,CC,CC,AA,TT,AA,AT,GG,CC,CC,GG,AA,AA,AT,AC,GT,CC,CC,AA,AG,AG,TT,AG,AC,GG,TT,GG,CC,TT,GT,CT,CC,AT,TT,CT,AA,TT,GG,CC,AA,TT,CC,CC,CG,CC,AA,GG,AG,CC,TT,CC,GT,TT,CG,AA,AA,AG,TT,CC,CG,AA,CC,CC,GG,GG,AA,GG,TT,AA,AA,CC,GG,AA,AC,AA,AT,GG,TT,AT,NN,GG,GT,AT,CC,TT,GT,AA,GG,AA,TT,AA,TT,CC,TT,AA,CC,CT,CG,AA,CG,AG,CC,TT,TT,GG,GG,TT,AA,CC,AG,GG,CC,CG,GG,CC,GG,TT,AA,CC,TT,GG,CC,CC,AT,GG,CC,AT,CG,AT,AG,AC,CC,AC,TT,AA,NN,AA,AC,AA,AA,AA,AG,AA,AG,TT,GG,AA,AG,CC,AA,TT,AA,AG,GG,GG,GG,TT,AT,AA,TT,TT,TT,AA,AT,GG,GG,AC,3.32,Resistant,High,Premium,Medium
L0851,Coimbatore,Tamil Nadu,Kharif,Red Loamy,Rainfed,650,29.5,68,NN,TT,GG,AA,CG,CC,GG,TT,CC,CG,AA,CT,CG,TT,TT,GG,CG,TT,TT,NN,CC,GT,GT,CC,TT,CT,TT,TT,GG,AA,CT,CT,AA,CC,GG,CG,GG,CC,NN,NN,TT,CT,AA,GT,AG,AG,TT,AA,NN,CC,GT,AA,AG,GG,CC,TT,AA,AC,GT,AC,AA,TT,TT,AA,CT,TT,CC,GG,TT,GG,AG,GG,CC,AA,GG,AA,NN,GG,TT,TT,GG,GT,GG,CC,AA,GG,AA,AA,CC,GT,CC,TT,CT,TT,TT,GG,CT,CC,TT,CC,CC,CC,AG,AA,TT,TT,CC,AA,AA,AA,CT,GG,TT,CC,GT,AA,AA,TT,CC,AG,CC,GG,CT,GG,TT,NN,CC,CC,AC,CC,AG,TT,CC,AA,CC,CC,AA,TT,AA,AA,GG,CT,CC,GG,AG,GG,AA,CC,GG,CC,CC,AA,AG,GG,TT,AG,AA,GT,CT,GG,NN,GT,TT,TT,CC,AT,TT,TT,NN,TT,GG,CG,AA,CC,AC,CC,GG,CC,AA,AG,AG,CC,TT,CC,GG,GG,GG,AT,AA,AA,TT,CC,CC,AA,AC,CC,GG,GG,AC,GG,TT,AA,AA,CC,GG,AA,AC,AA,AA,GG,TT,AT,AT,GG,GT,AA,CC,TT,TT,AA,GG,AA,CT,AA,TT,CC,TT,AA,CC,CT,GG,AG,GG,GG,CC,TT,TT,GT,GG,TT,AA,CC,AG,GG,CC,CG,GG,CC,GG,TT,AA,CC,TT,GG,CC,NN,AA,AG,CG,AA,CC,AA,AA,AC,CC,AA,TT,AA,GG,AA,AA,AC,AA,GG,AA,GG,AA,AT,CG,NN,AG,CC,AA,CT,AA,AA,GG,GG,GG,TT,AA,AA,TT,TT,TT,NN,AT,GG,GG,AA,4.74,Susceptible,Medium,Standard,Early
L0852,Coimbatore,Tamil Nadu,Kharif,Red Loamy,Rainfed,650,29.5,68,CC,TT,AA,NN,GG,CC,GT,AT,CC,CG,AT,TT,CC,TT,TT,GG,GG,TT,TT,AG,CC,TT,TT,CC,TT,CC,GT,TT,GG,AA,TT,CC,AA,CC,GG,CG,GG,CG,GG,CC,TT,TT,AA,TT,AA,GG,TT,TT,CG,CC,GG,AA,AA,GG,CC,NN,AA,AC,TT,AA,AG,GT,AA,AG,TT,AT,CC,GG,TT,GT,AG,GG,CC,AA,NN,AA,TT,GG,TT,TT,GG,GG,GT,CC,AT,GG,AA,AT,CC,GT,CC,TT,CT,AT,GT,GG,CT,CC,GT,CC,CT,CC,AG,AA,AT,TT,CC,AG,AG,AA,CC,GG,TT,GG,TT,AA,AA,TT,NN,GG,CG,GG,CC,GT,TT,AG,CC,CC,NN,CC,AA,TT,CC,AA,CC,CC,AA,AT,AA,AA,GG,CT,CC,GG,AA,AG,AA,CC,GG,CC,CC,AG,AG,AG,TT,GG,CC,TT,CT,GG,AA,TT,TT,TT,CC,AA,TT,CT,AA,AT,GG,CC,GG,CT,CC,CC,GG,AC,AA,GG,AA,CC,TT,CC,GG,TT,GG,TT,AA,AG,TT,CC,GG,AA,CC,CG,GG,GG,AA,CG,TT,AC,AA,CC,GG,AT,AC,AA,AT,GG,TT,AT,AA,GG,GT,AA,CG,AT,GT,AA,GG,AA,TT,AC,TT,CC,TT,AA,CC,TT,GG,AG,CC,AG,CC,TT,TT,TT,CG,TT,AA,AC,AG,GG,CC,CC,GG,CC,GT,AT,AA,CC,TT,GG,CC,GG,AA,GG,CG,AT,CG,AA,AA,AC,CG,CC,TT,NN,GG,AA,AA,AA,AA,AG,AA,AA,AA,TT,GG,AA,AG,CC,AA,CC,AA,AA,GG,GG,GG,TT,AT,AA,GT,TT,TT,AA,TT,GG,GG,AA,1.26,Susceptible,High,Poor,Medium
L0853,Coimbatore,Tamil Nadu,Kharif,Red Loamy,Rainfed,650,29.5,68,AA,CC,GG,AG,GG,CC,GG,AT,CC,CC,AA,CC,CC,TT,TT,GT,CG,TT,TT,AA,CC,GT,TT,CT,TT,CC,TT,TT,GG,AA,CT,CC,AG,CC,GG,CG,GT,CC,GG,CC,TT,TT,AA,GG,AG,AG,TT,AT,CC,AA,GG,AA,AA,GG,CC,TT,AA,AA,GT,AA,AA,TT,AA,AA,CT,TT,CC,GG,TT,GG,AG,GT,CC,AA,GG,AA,TT,GG,TT,TT,GG,GG,GG,CC,AT,GG,AA,AA,CC,TT,AC,GT,CT,TT,TT,AG,TT,CC,GT,CC,CT,CG,AG,AA,TT,TT,CC,AG,AG,AC,CC,GG,GT,CG,TT,AA,AC,TT,CC,AG,CC,GG,CC,GT,TT,AG,CC,CC,CC,CC,AA,TT,CC,AA,CC,CT,AA,TT,AA,AA,GG,CT,CC,GG,AA,AG,AA,CC,GG,CC,CC,AG,AG,GG,TT,GG,AC,GT,TT,AG,AC,TT,TT,TT,CC,AT,TT,CT,AA,AT,GG,CC,GG,NN,CC,AC,GG,CC,AA,GG,GG,CC,TT,CC,GT,TT,CG,TT,AG,AG,TT,CC,GG,AA,AC,CC,GG,GG,CC,GG,TT,AC,AA,CG,GG,AA,CC,AA,NN,GG,TT,AA,AA,CG,GG,AT,CC,TT,GG,AA,GG,AA,TT,AA,TT,CG,TT,AA,CC,CT,GG,GG,CC,AG,CC,TT,TT,GT,CG,TT,AC,NN,AG,GG,CC,CG,GG,CC,GG,AA,AA,CC,TT,GG,CG,CG,AA,AG,CC,AT,CC,NN,AA,AA,CG,CC,AA,AA,GG,AA,AA,NN,AA,GG,AA,AG,AA,AT,GG,AA,AA,AC,AA,TT,AA,AA,GG,GG,GG,GT,AA,AA,TT,TT,TT,AA,TT,GG,GG,AA,2.56,Susceptible,Low,Poor,Medium
L0854,Coimbatore,Tamil Nadu,Kharif,Red Loamy,Rainfed,650,29.5,68,AA,TT,AG,AG,GG,CC,GT,TT,CC,CC,AA,CC,CC,AT,TT,GG,GG,TT,TT,AA,CG,TT,GT,CC,TT,CC,TT,TT,GT,AA,TT,CC,AA,CC,GG,GG,GG,CC,GG,CC,NN,CT,AA,TT,AA,GG,TT,AT,CC,AC,GG,AA,AA,GG,CT,GT,AA,NN,TT,NN,AA,TT,AA,AA,CT,AT,CT,GG,TT,GG,AG,GG,CC,AA,AG,AC,AA,GG,TT,TT,GG,GT,GG,NN,AA,GG,GG,AA,CC,GT,CC,TT,TT,TT,TT,GG,CT,CC,GT,CC,CC,CC,AG,AA,TT,TT,CC,AA,AA,AA,CC,GG,TT,CC,TT,AC,AA,TT,CC,AG,CC,GG,CC,GG,TT,AA,CC,CC,CC,CC,AA,GT,CC,AA,CC,CT,AA,TT,AA,AA,GG,CT,CC,GG,AA,AA,AA,CC,GT,CC,CG,AA,AG,GG,TT,AG,AC,TT,TT,GG,CC,TT,TT,TT,CC,AA,TT,TT,AA,AT,GG,CC,AA,CC,CC,CC,GG,CC,AA,GG,AG,CC,TT,CC,GT,TT,CG,AT,AA,AA,TT,CC,GG,AC,CC,CC,GG,GG,AC,CG,TT,AC,AA,CC,GG,AA,CC,AT,AT,GG,GT,TT,AA,GG,GG,AT,CC,AT,GT,AA,GG,AA,CT,AA,TT,CC,TT,AC,CC,CT,CG,AG,CC,AG,CC,TT,TT,TT,GG,TT,AC,AC,AA,GG,CC,CG,GG,CC,GG,AT,AA,CC,TT,GG,CC,GG,NN,AG,CC,AT,CC,AA,AA,AC,GG,AC,TT,AA,GG,AA,AA,AC,AA,GG,AA,AG,AA,TT,CG,AC,AG,CC,AA,CC,AG,AA,CC,GG,GG,TT,AT,AA,TT,TT,TT,AG,TT,GG,GG,AA,0.91,Susceptible,Low,Premium,Medium
L0855,Coimbatore,Tamil Nadu,Kharif,Red Loamy,Rainfed,650,29.5,68,AA,CT,GG,AG,GG,CC,GT,TT,CC,CG,AA,CC,NN,AT,TT,GG,CG,TT,AT,AA,CC,TT,GG,CC,TT,CC,GT,TT,GG,AA,CT,CT,AA,CC,GG,GG,GG,CG,GG,CC,TT,CT,AA,TT,AG,GG,CT,TT,CC,AA,GG,AA,AG,GG,CT,TT,AA,AA,GT,AA,AA,TT,AA,AA,TT,TT,CC,GG,TT,GT,AG,GT,CC,AA,GG,AA,AT,GG,TT,TT,GG,GG,GT,CC,AA,GG,AA,AA,CC,GT,CC,TT,CT,TT,GT,AG,CT,CC,TT,CC,CT,CC,AG,AA,TT,TT,CC,AA,AA,AA,CC,GG,TT,CC,GT,AA,AA,TT,CC,AG,CC,GG,CC,GG,CT,AA,CC,CC,CC,CC,AA,TT,NN,AA,CC,CC,AG,TT,AA,AA,GG,NN,CC,GG,AA,AG,AT,AC,GG,CC,CC,AG,AA,GG,TT,GG,CC,GT,CT,GG,AC,TT,GT,CT,CC,AT,TT,TT,AT,AT,NN,CC,AA,CT,CC,CC,CG,CC,AA,GG,AG,CC,TT,CC,GG,TT,GG,AT,AA,AG,TT,CC,CG,AC,CC,CC,GG,GG,AC,GG,TT,AC,AA,CC,GG,AT,AC,AT,AA,GG,GT,AA,AA,GG,GT,AT,CC,TT,GT,AA,GG,AA,CC,AA,TT,CG,TT,AA,CC,TT,GG,AA,CC,AG,AC,TT,TT,GT,GG,TT,NN,CC,AA,GG,CC,CG,GG,CC,GG,AT,AA,CC,GT,GG,CC,CC,AA,GG,CC,AA,CC,AA,AA,CC,CG,AC,TT,AA,GG,AA,AA,AC,AA,AG,GG,AG,AA,TT,CG,AC,AA,AA,AA,TT,AA,AA,GG,GG,GG,TT,AA,AA,TT,TT,TT,AG,TT,GG,CG,AA,2.13,Susceptible,Low,Standard,Early
L0856,Coimbatore,Tamil Nadu,Kharif,Red Loamy,Rainfed,650,29.5,68,AC,CT,GG,AA,CG,CG,GG,AT,CC,CC,AA,CC,CC,AT,TT,GG,CG,TT,TT,AA,CC,TT,TT,CC,TT,CC,TT,AT,GG,AA,TT,CC,AG,CC,GG,GG,GG,CG,GG,CC,TT,CT,AA,GT,AG,GG,TT,AT,CC,CC,GG,AT,AA,GG,CC,TT,NN,AA,GT,AC,AA,TT,NN,AA,TT,TT,CC,GG,TT,GG,AA,GT,CC,AA,GG,AC,AT,GG,TT,TT,GG,GG,GG,CC,AA,GG,AA,AA,CC,TT,CC,GT,CC,TT,TT,AG,TT,CC,TT,CC,CC,CG,AG,AA,AT,TT,CC,AA,AG,AA,CC,GG,TT,CC,TT,AA,AA,TT,CC,AG,CC,GG,CT,TT,TT,AA,CC,CC,CC,CC,AA,NN,CC,AA,CC,CC,AA,AA,AG,AA,GG,CT,CC,GG,AA,GG,AT,CC,GG,CC,CC,AA,AA,AG,TT,AG,AC,TT,CT,GG,CC,TT,TT,TT,CC,AT,TT,TT,AA,TT,GG,CC,AA,CC,CC,CC,CG,CC,AA,GG,AG,CC,NN,CC,GT,GT,GG,AT,AA,AA,TT,CC,GG,AA,AC,CC,GG,GG,AC,CG,TT,AA,AA,CC,GG,AA,CC,AA,AT,GG,TT,AT,AA,GG,GT,AA,CC,AA,TT,AA,GG,AA,TT,AC,TT,CC,CT,CC,CC,TT,GG,AG,CG,AG,CC,TT,TT,TT,NN,TT,AC,CC,AA,GG,CC,GG,GG,CG,GG,AT,NN,CC,GT,GG,CC,CC,AA,GG,CC,AA,CC,AT,AA,AC,CC,AA,TT,AG,GG,AA,NN,AC,AA,AG,AG,AA,AA,AT,GG,AA,NN,CC,AA,CT,NN,AA,GG,GG,GG,TT,AT,AA,GT,TT,TT,AG,TT,GG,GG,AA,4.97,Susceptible,Medium,Standard,Late
L0857,Coimbatore,Tamil Nadu,Kharif,Red Loamy,Rainfed,650,29.5,68,AC,TT,GG,AA,GG,CC,GT,TT,CC,GG,AA,CT,CC,TT,TT,GG,GG,TT,TT,AA,CC,GT,TT,CC,TT,CC,TT,TT,GG,AA,TT,CC,AA,CC,AG,GG,GG,CG,GG,CC,TT,CT,AA,GT,AA,GG,TT,TT,CC,AC,TT,AA,AG,GG,CC,NN,AA,AA,GT,AC,AA,TT,AT,AA,TT,AT,CC,GG,TT,GG,AA,GG,CC,AA,GG,AC,AT,GG,TT,TT,GG,GG,GG,CC,AA,GG,AA,AT,CC,TT,CC,TT,CT,AT,TT,AG,TT,CC,NN,CC,CC,CC,AG,AA,TT,TT,CG,AA,AA,CC,CC,GG,TT,CC,TT,AA,AA,TT,CG,GG,CC,GG,CC,GG,TT,AA,CC,CC,CC,CC,AA,TT,AC,AA,CC,CC,AA,TT,AA,AT,GG,CC,CC,GG,AA,AG,AA,CC,GG,CG,CC,GG,GG,GG,TT,GG,AA,TT,CT,GG,AA,GT,GG,TT,CG,AT,TT,TT,AA,TT,CG,CC,AA,CC,CC,CC,GG,CC,AT,GG,AA,CC,TT,CG,GG,NN,NN,AT,AG,AA,TT,CC,CG,AC,AC,CC,GG,GG,AC,GG,TT,AC,AA,CC,GG,AA,CC,AA,AT,GG,TT,AA,NN,CG,GT,AT,CC,TT,GT,AA,GG,AA,TT,AA,TT,CC,TT,AC,AC,CT,GG,AG,CC,AG,CC,AT,CT,GT,GG,TT,AA,CC,AA,NN,CC,CC,GG,CC,GG,TT,AA,CC,GT,GG,CG,CC,AA,GG,CC,AA,CC,AA,AA,CC,CG,AC,TT,AA,GG,AA,AA,AA,AA,AG,AA,AA,AA,TT,GG,AC,AG,AC,AC,CT,AA,AA,GG,GG,GG,TT,AT,AG,TT,TT,TT,AG,AT,GG,GG,AA,2.49,Susceptible,Medium,Standard,Medium
L0858,Coimbatore,Tamil Nadu,Kharif,Red Loamy,Rainfed,650,29.5,68,AC,TT,GG,AA,CG,CC,GT,TT,CC,CG,AA,CC,CC,TT,GT,GG,GG,TT,TT,AG,CC,TT,GG,CC,AT,CC,TT,TT,GT,AA,TT,CT,AA,AC,GG,NN,GG,CG,GG,CC,TT,CT,AC,TT,AA,AA,TT,TT,CC,AC,GG,AA,AA,GG,CC,TT,AA,AC,GG,CC,AG,TT,TT,GG,TT,AT,CC,GG,TT,GG,AA,GG,CC,AA,AG,AA,AA,GG,TT,TT,GG,GG,GT,CC,AA,GG,AA,AA,CC,GT,CC,TT,CC,TT,TT,GG,TT,CC,TT,CC,CC,CG,AA,AA,TT,TT,CC,AA,AA,AA,NN,GG,TT,NN,GT,AA,AA,TT,CC,GG,CC,AG,CC,GT,TT,AG,CC,CC,CC,CG,AA,TT,CC,AA,CC,CC,AA,TT,AA,AA,GG,CC,CC,GG,AA,GG,AA,AC,GG,CC,CC,AA,AG,GG,TT,GG,AC,TT,TT,GG,AA,GT,TT,TT,GG,AT,GG,TT,AA,TT,GG,CC,AA,CT,CC,CC,GG,CC,AA,GG,AG,CC,TT,CC,GT,NN,CG,TT,AA,AG,NN,CC,GG,AC,CC,CC,GG,GG,CC,CG,TT,AA,AA,CC,GG,AT,AC,AA,TT,GG,TT,TT,AT,GG,GT,AA,CC,AT,GT,AA,GG,AA,CC,AA,TT,CC,TT,AA,CC,CT,CG,AG,CC,AG,AC,TT,TT,TT,GG,TT,AC,AC,AA,GG,CC,CC,GG,CC,GG,AT,AG,CC,GT,GG,CC,CC,AT,GG,CC,AA,CC,AA,AA,AA,CC,AC,TT,AG,GG,AA,AA,AA,AA,AG,AG,GG,AA,TT,GG,CC,AG,CC,AA,CT,AA,AA,GG,GG,GG,GT,AA,AA,TT,TT,TT,AA,NN,GG,GG,AA,4.44,Susceptible,Medium,Poor,Late
L0859,Coimbatore,Tamil Nadu,Kharif,Red Loamy,Rainfed,650,29.5,68,CC,TT,GG,AA,GG,CC,GT,TT,CC,CC,AA,CT,CG,AT,GT,GG,CG,TT,TT,AA,NN,TT,TT,CC,TT,CC,TT,TT,GG,AA,TT,CC,AA,CC,GG,CG,GG,CG,GG,AC,TT,TT,AA,TT,AA,GG,NN,TT,NN,CC,GT,TT,AA,GG,CC,TT,AA,AA,GT,AA,AA,TT,TT,GG,CT,TT,CC,GG,TT,GG,AG,GT,CC,NN,GG,AC,AA,GG,TT,TT,GG,GG,GG,CC,AA,GG,AA,AT,NN,GG,CC,TT,CT,TT,TT,GG,TT,AC,TT,CC,CT,CG,GG,AA,AT,TT,NN,AG,AG,AA,CT,GG,TT,CC,TT,CC,AA,TT,CG,GG,CG,GG,CC,GG,TT,AA,CC,CC,CC,CC,AA,TT,CC,AA,CC,CT,AG,TT,AA,AA,GG,CC,CC,GG,AG,AG,AA,CC,GG,CC,CG,AA,AA,AG,GT,GG,NN,TT,TT,GG,CC,GT,TT,TT,CC,AT,GT,TT,AA,TT,GG,CC,GG,CT,CC,CC,GG,CC,AA,GG,AG,CC,TT,CC,GT,TT,CG,AT,AA,AG,TT,CC,CG,CC,CC,CC,GG,GG,AC,CG,TT,AA,AA,CC,GG,AT,NN,AA,AA,GT,TT,TT,AA,CG,GG,AA,CC,TT,GT,AA,GG,AA,TT,AA,TT,CC,CT,AA,AC,TT,CG,AG,CC,GG,AC,TT,TT,GG,CG,TT,AA,CC,AA,GG,CC,CC,GG,CC,GT,TT,AA,CC,TT,GG,CC,CC,AA,GG,CC,AA,CC,AA,AA,CC,CC,AC,TT,AA,GG,AA,AA,AA,AA,AG,AA,AA,AA,TT,CG,AA,AG,CC,NN,CT,AA,AA,GG,GG,GG,TT,TT,AG,GT,TT,TT,AA,TT,GG,GG,AA,4.93,Moderate,Medium,Premium,Medium
L0860,Coimbatore,Tamil Nadu,Kharif,Red Loamy,Rainfed,650,29.5,68,AA,TT,GG,AG,GG,CC,GT,TT,CC,CG,AT,CT,CG,AT,GT,GG,CG,TT,TT,AA,CC,GT,GG,CC,TT,CC,TT,AT,GT,AA,TT,CT,AA,AC,GG,GG,GG,CG,GG,CC,TT,TT,AA,TT,AA,GG,TT,TT,CC,AC,GT,AT,AA,GG,CC,TT,AA,AC,NN,AA,AA,TT,TT,AG,TT,TT,CC,GG,TT,GT,AA,GG,CC,AA,GG,NN,AA,GG,TT,TT,GG,GT,GG,CC,AA,GG,AA,TT,CC,TT,CC,TT,CC,TT,TT,NN,TT,CC,TT,CC,CT,CC,AG,AA,TT,GT,CC,AA,AA,AA,CT,GT,TT,CC,TT,AA,AC,TT,CC,GG,CC,GG,CC,GG,TT,AA,CC,CC,CC,CC,AA,TT,CC,AA,CC,CC,AA,TT,AA,AA,GG,CC,CC,GG,AA,AA,AT,CC,GG,CC,CC,AA,AA,AG,GT,GG,AA,GT,CT,GG,AA,GT,GG,CT,CC,AT,TT,TT,AA,AA,GG,CC,GG,CC,CC,CC,CG,CC,AA,GG,AG,CC,TT,CG,GG,TT,CC,AT,AG,AG,TT,CC,GG,AA,CC,CC,GG,GG,AA,CG,CT,AC,NN,CC,NN,TT,AC,AA,AT,TT,GT,AT,AT,CG,GG,AT,CC,AT,GT,AA,GG,AA,TT,AC,TT,CC,TT,AC,NN,CT,CC,GG,CC,AG,CC,TT,TT,TT,GG,TT,AA,CC,AA,GG,CC,CC,GG,CC,GG,NN,AA,CC,TT,GG,CC,CC,AA,GG,CC,AA,CC,AA,AA,AC,CG,AA,TT,AA,GG,AT,AA,AA,AA,GG,AG,AA,AA,AT,GG,AA,AG,CC,AA,CT,AG,AA,GG,GG,GG,TT,AT,AA,TT,TT,TT,AA,TT,GG,GG,AA,3.41,Susceptible,Medium,Poor,Early
L0861,Coimbatore,Tamil Nadu,Kharif,Red Loamy,Rainfed,650,29.5,68,AC,CT,AG,GG,GG,CG,GG,TT,CC,CG,AA,CC,CG,TT,TT,GG,CG,TT,TT,AA,CC,GG,GT,CC,TT,CC,TT,NN,GG,AA,CT,CC,AA,CC,GG,GG,GG,CG,GG,AC,TT,CT,AA,TT,AA,GG,TT,TT,CC,AC,GG,AT,AA,GG,CC,TT,AA,AC,GG,AA,AA,TT,AT,AG,CT,TT,CC,GG,TT,GT,AA,GG,CC,AA,AG,AC,AA,AG,TT,TT,GG,GG,GT,CC,AA,GG,NN,AA,CC,GT,CC,TT,CC,TT,TT,GG,CT,CC,GT,CT,CT,CG,GG,AA,TT,TT,CG,AA,AA,AA,CT,NN,TT,CG,TT,AA,AA,TT,CC,GG,CG,AG,CT,GG,CT,AG,CC,CC,CC,CC,AA,TT,CC,AA,AC,CC,AA,TT,AG,AA,CG,CT,CC,AG,AA,GG,AA,CC,GG,CC,CC,AA,AA,AG,TT,GG,NN,TT,CT,AG,CC,TT,TT,TT,CG,TT,TT,TT,AA,TT,GG,CC,AG,CT,CC,CC,CG,CC,AA,GG,AA,NN,TT,CC,GG,TT,GG,AT,AA,GG,TT,AC,CC,AC,CC,CC,GG,GG,AC,GG,TT,AA,AA,CC,GG,AA,AC,AA,AA,GT,NN,NN,AA,CG,GG,AA,CC,AT,GG,AA,GG,AA,CT,AA,TT,CC,TT,AA,CC,TT,GG,AA,CG,GG,CC,TT,TT,GT,GG,NN,AA,AC,AG,GG,CC,CG,GG,CC,GG,AT,AG,CC,TT,GG,CC,CC,AT,GG,CG,NN,CG,AA,AA,AC,CG,CC,AT,AA,GG,AA,AA,AC,AA,GG,AG,AA,AA,AT,GG,AA,AA,AC,AC,TT,AG,AA,GG,GG,CG,TT,AA,AA,TT,TT,TT,AG,AT,GG,GG,AA,7.58,Susceptible,Low,Premium,Medium
L0862,Coimbatore,Tamil Nadu,Kharif,Red Loamy,Rainfed,650,29.5,68,AA,TT,AG,AA,CG,CC,GT,TT,CC,CC,AA,CC,CC,AT,TT,GT,CG,TT,TT,AA,CC,GT,TT,CC,TT,CC,TT,AT,GG,AA,TT,CT,AA,AC,GG,GG,GT,CC,GG,CC,TT,CT,AA,TT,AG,GG,TT,TT,CC,CC,GG,AA,AA,CG,CT,TT,AA,AA,GG,AA,AA,TT,TT,GG,TT,AT,CC,GG,TT,GT,AA,GG,CC,AA,GG,AA,AT,GG,TT,TT,GG,GG,GT,CC,AA,GG,AA,AA,CC,GG,CC,TT,TT,AT,TT,GG,TT,CC,GG,CT,CC,GG,AA,AA,TT,TT,CG,AA,NN,AA,CT,GG,TT,CC,GT,AA,AA,TT,GG,GG,CC,GG,CC,GT,CT,AA,CT,CC,CC,CC,AA,TT,CC,AA,CC,CC,AA,TT,AG,AT,GG,CC,NN,GG,AA,AG,AA,CC,GG,CC,CG,AA,AA,GG,TT,GG,AC,GT,TT,GG,AC,GT,TT,TT,CC,AT,TT,TT,AA,AT,GG,CC,AA,CC,AC,CC,GG,CC,AA,GG,AG,CC,TT,CC,GG,TT,CG,AA,AA,AA,GT,CC,CG,AC,NN,CC,GG,GG,AA,GG,TT,AC,AA,NN,GG,AA,CC,AA,AT,GG,TT,TT,AA,CC,GG,AA,CC,TT,NN,AA,GG,AA,CT,AC,TT,CC,TT,AA,CC,TT,GG,GG,GG,AA,CC,TT,TT,TT,GG,TT,CC,CC,AG,GG,CC,CG,GG,CC,GG,AT,AA,CC,GT,GG,CC,CC,AT,AG,CG,AA,CC,AT,AA,AA,CG,AA,TT,AA,GG,AA,AA,AC,AA,GG,AG,AA,AA,AT,GG,AA,AA,AC,AC,TT,AA,AG,CG,NN,CG,TT,AA,AA,NN,TT,TT,AG,TT,GG,GG,AA,3.25,Moderate,Low,Standard,Late
L0863,Coimbatore,Tamil Nadu,Kharif,Red Loamy,Rainfed,650,29.5,68,AA,CT,AG,AA,GG,CC,GT,NN,CC,GG,AA,TT,CG,TT,TT,GT,GG,NN,TT,AA,CG,TT,TT,CC,TT,CC,TT,TT,GG,AA,TT,CT,AA,AC,GG,GG,GG,CC,NN,CC,TT,CT,AA,TT,AA,GG,TT,TT,CC,AC,GG,AT,AA,GG,CC,GT,AT,AA,GT,AA,NN,TT,TT,AA,CT,AT,CC,GG,TT,GG,AG,GG,CC,AA,GG,AA,AT,GG,TT,TT,GG,GG,GG,CC,AT,GG,AA,AT,CC,GT,CC,TT,CT,TT,TT,GG,TT,AC,GT,CC,CT,CC,AA,AA,TT,NN,CG,AA,AG,AA,CC,GG,TT,CG,GT,AA,AA,TT,CC,GG,CC,GG,CC,TT,TT,AA,CC,CC,CC,CC,AA,TT,CC,AA,CC,CC,AA,TT,AA,AT,GG,CT,CC,GG,AA,AA,AA,CC,NN,CC,CG,AA,GG,GG,TT,AG,CC,TT,CT,AA,CC,GT,TT,TT,CC,TT,TT,TT,AA,TT,GG,CG,AG,CT,CC,NN,GG,CC,AA,GG,AG,CC,TT,CC,GT,TT,GG,AT,AA,AA,TT,CC,GG,AA,CC,CC,GG,GG,AC,GG,TT,CC,AA,CC,GG,AA,CC,AA,AT,GG,TT,TT,AA,GG,GT,AA,CC,AT,GT,NN,GG,AA,CC,AA,AT,CC,CT,AA,CC,TT,CG,AG,CC,AA,CC,TT,TT,TT,GG,TT,AC,CC,GG,GT,CC,CC,GG,CC,GG,AA,AA,CC,TT,GG,CC,CG,AT,GG,CC,AA,CC,NN,AA,CC,CG,AC,TT,AA,GG,AA,AA,AA,AA,AG,AG,AG,AA,TT,GG,AA,AG,CC,AA,CT,AA,AA,GG,GG,GG,GT,AA,AG,GT,TT,TT,AA,TT,GG,GG,AA,2.7,Moderate,Medium,Premium,Late
L0864,Coimbatore,Tamil Nadu,Kharif,Red Loamy,Rainfed,650,29.5,68,AC,TT,GG,AG,CG,CC,NN,TT,CC,CG,AA,CT,CC,TT,TT,GG,GG,TT,NN,AA,CC,TT,GG,CC,AT,CC,GT,TT,NN,AA,TT,CC,AA,CC,GG,GG,GG,CC,GG,CC,TT,CT,AC,TT,AA,AG,CT,TT,CC,AC,GT,AT,AA,GG,CC,TT,AT,AC,GT,AC,AG,TT,AT,AA,TT,AT,CC,GG,TT,GG,AG,GG,CC,AA,GG,AA,AT,AG,TT,TT,GG,GG,GG,CC,AA,GG,AA,AA,CC,GT,CC,TT,CC,AT,TT,GG,TT,CC,GT,CC,CC,CG,AG,AA,AT,TT,CC,AA,AG,AA,CC,GG,TT,CC,NN,AA,AA,TT,CC,GG,CG,GG,CT,GG,CT,AG,CC,CC,CC,CC,AA,TT,AC,AA,CC,CT,AA,TT,AA,AA,GG,CC,CC,AG,AA,AA,AT,CC,GG,CC,CC,AG,AG,AG,TT,AG,AC,TT,TT,GG,AC,GT,TT,TT,NN,AA,GT,TT,NN,TT,GG,CC,AG,CC,CC,CC,CG,CC,AA,GG,AA,CC,TT,CC,GG,TT,GG,AT,AA,AA,TT,CC,GG,AA,CC,CC,GG,GG,AA,GG,TT,AA,AA,CC,GG,AA,CC,AA,AT,TT,TT,TT,AT,CG,GG,AT,GG,AT,GG,AA,GG,AA,CT,AA,TT,CC,CT,AC,CC,TT,GG,AG,GG,AG,CC,AT,CC,GT,GG,TT,AA,CC,AA,GT,CC,CG,GG,CC,GG,TT,AA,CG,GT,GG,CC,CG,AA,AG,CC,AA,CC,AA,AA,CC,GG,CC,TT,AA,GG,AA,AA,AC,AA,GG,GG,AA,AA,TT,GG,AA,AA,CC,AA,CT,AA,AA,CG,GG,GG,TT,AA,AG,NN,TT,TT,AA,TT,GG,CG,AA,2.11,Susceptible,Low,Poor,Late
L0865,Coimbatore,Tamil Nadu,Kharif,Red Loamy,Rainfed,650,29.5,68,NN,TT,GG,AA,GG,CG,GT,AT,CC,CG,AA,CT,CC,AA,TT,GG,CG,TT,TT,AA,CG,TT,TT,CC,TT,CC,GT,AT,GG,AA,TT,CT,AG,AC,GG,GG,GG,CC,GG,CC,TT,CT,AA,TT,AA,AA,TT,TT,CC,AC,GT,AA,AG,GG,CC,TT,AT,AA,GT,AA,AA,TT,TT,AG,TT,AT,CC,GG,CT,GG,AA,GG,CC,AA,GG,AC,AT,NN,GT,CT,GG,GT,GT,CC,AA,GG,AA,AA,CG,GG,CC,TT,TT,TT,TT,GG,TT,CC,TT,CC,CC,CC,AG,AA,TT,TT,CG,AA,GG,AA,CC,GG,TT,CC,TT,AA,AC,TT,CC,AA,CG,GG,CC,GG,TT,AA,CT,CC,CC,CC,AA,GT,CC,AA,CC,CC,AA,TT,AA,AA,GG,NN,CC,GG,AA,AG,AA,AC,TT,CC,CG,AG,AG,GG,TT,AG,AA,TT,TT,AG,CC,TT,TT,CT,CC,AA,GT,CT,AA,TT,GG,CC,AA,CC,CC,CC,CG,CC,AA,GG,AA,CC,TT,CC,GT,GT,CG,TT,AA,AA,TT,CC,GG,AC,CC,CC,GG,GG,AC,GG,TT,CC,AA,CC,GG,AA,AC,AA,AA,GT,GT,AT,AT,CG,GT,NN,CG,TT,GT,AA,GG,AA,CT,AA,AT,CC,CT,AA,AC,CT,GG,AA,CG,AA,CC,AT,TT,NN,GG,TT,AC,CC,AA,GG,CC,CG,GG,CC,GG,TT,AA,CC,TT,GG,CC,CC,AA,AG,CG,AA,CC,AA,AA,AC,GG,AC,TT,AA,GG,AA,AA,AC,AA,GG,AG,AA,AA,TT,GG,AA,NN,AC,NN,TT,AG,AA,GG,GG,CG,TT,AA,AG,TT,TT,TT,AG,TT,GG,GG,AA,2.39,Moderate,Medium,Standard,Early
L0866,Coimbatore,Tamil Nadu,Kharif,Red Loamy,Rainfed,650,29.5,68,AC,TT,AA,GG,GG,CG,GG,AT,CC,CG,AA,CC,CC,TT,GT,GG,GG,TT,AT,AA,CC,TT,GT,CC,AT,CC,TT,TT,GG,AA,TT,CT,AA,CC,GG,GG,GG,CC,GG,CC,TT,CC,AC,GT,AA,GG,TT,TT,CC,AC,GG,AA,AA,GG,CC,GT,AA,AA,GT,AA,AG,TT,AT,AG,NN,TT,CC,GG,TT,GG,AG,GG,CC,AA,GG,AA,AT,GG,GT,TT,GG,NN,GG,CC,AA,GG,AA,AA,CC,TT,AC,TT,CC,TT,TT,GG,TT,AC,TT,CC,CT,CC,GG,NN,TT,TT,CG,AA,AG,AC,CC,GG,GT,CG,TT,AA,AA,AT,CC,GG,CC,GG,CC,GG,NN,AG,CT,CC,CC,CC,AA,TT,CC,AA,CC,NN,AA,TT,NN,AA,GG,CC,CC,GG,AA,AG,NN,CC,GG,CC,CG,AA,AA,GG,TT,GG,AA,TT,CT,GG,AC,GT,GT,CT,CG,AT,TT,CT,AA,TT,GG,CC,AA,CT,CC,CC,CC,CC,AA,GG,AG,CC,TT,CC,GG,GG,CG,TT,AA,AA,TT,CC,GG,AA,CC,CC,GG,GG,AA,CG,TT,AA,AA,CC,GT,AA,CC,AA,AT,GG,GT,TT,AA,GG,GT,AT,CC,TT,GT,AA,GG,AA,TT,AC,TT,CC,CT,AA,CC,TT,CC,GG,CG,AG,CC,TT,TT,GT,GG,TT,AA,CC,AG,GG,CC,CC,GG,CC,GG,AT,AA,CC,GT,GG,CC,CC,AA,AG,CC,AA,CC,AT,AA,AC,CG,AC,TT,AA,GG,AA,AA,AC,AA,GG,AG,AA,AA,TT,GG,AA,AG,CC,AA,CT,AA,AG,CG,GG,GG,TT,AA,AA,GT,TT,TT,GG,TT,GG,CG,AA,4.19,Moderate,Medium,Premium,Early
L0867,Coimbatore,Tamil Nadu,Kharif,Red Loamy,Rainfed,650,29.5,68,AC,TT,NN,AA,GG,CC,GG,TT,CC,CG,AA,CC,CG,AT,TT,GT,CG,TT,TT,AG,CC,GT,TT,CC,TT,CC,TT,TT,GG,AA,TT,CC,AA,CC,GG,CG,GG,CC,GG,CC,TT,CT,AA,TT,AA,AG,TT,AT,CC,AA,GG,AA,AA,GG,CT,TT,AA,NN,TT,AC,AA,TT,AT,AA,TT,TT,CC,GG,TT,GT,AG,GT,AC,AA,GG,AA,AA,GG,TT,TT,GG,GG,GG,CC,AT,GG,AA,AT,CC,GT,NN,TT,TT,TT,GT,GG,NN,AC,TT,CC,CC,CG,AG,AA,TT,TT,CC,AA,AG,AA,CC,GG,TT,CG,TT,AA,AA,TT,CC,GG,CC,GG,CC,GT,TT,AG,CC,CC,CC,CC,AG,TT,CC,AA,CC,CT,AA,TT,AA,AT,GG,CT,CC,GG,AG,NN,AA,CC,GT,CC,CC,AA,AA,GG,GT,AG,AA,GT,CT,GG,AC,GT,GT,TT,CC,TT,TT,TT,AA,TT,GG,CC,AA,CC,CC,CC,GG,CC,AA,GG,AA,CC,TT,CC,GT,GT,GG,TT,AA,AG,TT,NN,GG,AC,CC,CC,GG,GG,AC,CG,TT,AA,AA,CG,NN,TT,AC,AT,AA,GG,GT,TT,TT,CG,GG,AA,CC,AT,GT,AA,GG,AA,CT,AA,TT,CG,CT,AA,CC,CT,GG,AG,CG,AG,CC,TT,CC,GT,GG,TT,AC,AC,AA,GG,CC,CC,GG,CC,GG,NN,AA,CC,TT,GG,CC,CG,AA,AG,CC,AA,CC,AT,AA,AC,CC,AA,TT,AA,GG,AA,AA,AC,AA,AG,GG,AA,AG,TT,GG,CC,AG,AA,AA,CT,AG,AA,GG,GG,GG,TT,AT,AA,TT,TT,TT,AA,TT,GG,GG,AA,4.08,Susceptible,Low,Poor,Early
L0868,Coimbatore,Tamil Nadu,Kharif,Red Loamy,Rainfed,650,29.5,68,AC,CT,GG,AA,GG,CC,GT,TT,CC,CG,AA,CT,GG,TT,TT,GT,GG,TT,TT,NN,CC,TT,GT,CC,TT,CC,TT,AT,GG,AA,CT,CT,AA,CC,GG,GG,GG,CC,GG,CC,TT,CT,AA,TT,AA,AA,TT,AA,CC,AC,GG,AA,AA,GG,CC,TT,AA,AC,GT,AA,NN,TT,TT,AA,TT,AT,CC,GG,CT,GG,AA,NN,CC,AA,AA,AC,AA,GG,TT,CT,GG,GG,GT,CC,AT,GG,AG,AA,CC,GT,CC,TT,CC,AT,GT,GG,TT,CC,TT,CC,TT,CG,AA,AA,TT,GT,CC,AA,AA,AC,CC,GG,TT,CC,GT,AA,AA,TT,CC,GG,CC,GG,CT,GT,TT,AA,CT,CC,CC,CC,AA,TT,CC,AA,CC,CC,AA,AT,AA,AA,GG,CC,CC,GG,AA,GG,AA,CC,GG,CC,CC,AA,AA,GG,TT,GG,AA,TT,TT,AG,AA,TT,TT,TT,CC,AA,TT,TT,AA,AT,GG,CC,AA,CT,CC,CC,CG,CC,AA,GG,AG,CC,TT,CC,GT,TT,GG,TT,AA,AA,TT,CC,CG,AC,AC,CC,GG,GG,AA,GG,TT,AC,AA,CC,NN,AA,AC,AA,AA,GG,GT,AT,AA,CG,NN,AT,CC,TT,TT,NN,GG,AA,CT,AA,TT,CC,TT,AA,AC,TT,GG,AG,CC,AG,CC,TT,TT,TT,GG,TT,CC,CC,AA,GT,CG,GG,GG,CC,GG,AT,AG,CC,TT,AG,NN,CG,AA,GG,CC,AT,CC,AA,AA,AC,CC,CC,TT,AA,GG,AA,AA,AA,AA,GG,GG,AA,AG,AT,CG,AA,AG,CC,NN,TT,AG,AA,CG,NN,GG,TT,AA,AG,GT,TT,TT,AG,TT,CG,CG,AA,3.72,Resistant,High,Poor,Medium
L0869,Coimbatore,Tamil Nadu,Kharif,Red Loamy,Rainfed,650,29.5,68,AC,TT,AG,AA,CG,CC,GG,TT,CC,CC,AT,CC,NN,AT,TT,GG,GG,TT,AT,AA,CC,TT,GT,CC,TT,CC,TT,TT,GG,AA,TT,CC,AA,CC,GG,CG,GG,CG,GG,CC,NN,CC,AA,TT,AA,AA,TT,TT,CC,AC,GG,AA,AA,GG,CC,GT,AT,AA,GT,AA,AA,TT,TT,AA,CT,NN,CC,GG,TT,GG,AA,GG,CC,AA,GG,AA,AA,GG,TT,TT,GG,NN,GG,CC,AA,GG,AA,AA,CC,TT,CC,TT,CC,TT,GG,AG,TT,AC,TT,CC,CC,CG,GG,AA,TT,TT,CC,AA,GG,AA,CC,GG,TT,CC,NN,AA,AA,TT,CG,GG,CG,GG,CC,GG,CT,AG,CC,CC,CC,CC,AA,TT,AA,AA,CC,CC,AA,TT,AA,AA,GG,NN,CC,GG,AA,AA,AA,AC,GG,CC,CC,AA,GG,GG,TT,GG,AA,TT,TT,GG,AC,TT,TT,CT,CC,AA,GT,CT,AT,TT,CG,CC,AA,CC,CC,AC,GG,CC,AA,GG,AG,CC,TT,CC,GG,GT,NN,AA,AA,AA,TT,CC,GG,AA,CC,NN,GG,AG,CC,GG,TT,AC,AA,CC,GG,AA,CC,AA,AA,GG,TT,TT,AA,GG,GT,AT,CG,AT,TT,AT,GG,AA,TT,AA,TT,CC,CT,AC,AA,TT,GG,AG,CC,AG,CC,TT,TT,GT,GG,AT,CC,CC,AG,GG,CC,CG,GG,CC,GG,AT,AA,CC,TT,GG,CC,CC,AA,GG,CC,AA,CG,AA,AA,AC,CC,AC,TT,AA,GG,AA,AA,AC,AA,GG,AG,AA,AG,TT,GG,AA,AG,AC,AA,TT,AA,AG,GG,GG,CG,TT,AT,AG,TT,TT,TT,AA,AT,GG,GG,NN,1.87,Resistant,Medium,Poor,Early
L0870,Coimbatore,Tamil Nadu,Kharif,Red Loamy,Rainfed,650,29.5,68,AC,CT,GG,GG,GG,CC,GG,TT,CC,CC,AA,CC,CG,TT,GT,GG,CG,TT,TT,AG,CC,GT,GT,CC,TT,CC,TT,TT,GG,AA,CT,CT,AA,CC,GG,GG,GG,CC,GG,CC,TT,TT,AA,TT,AA,AG,TT,AA,CC,CC,GG,AA,AG,GG,CC,TT,AA,AC,GG,AA,AG,TT,TT,AA,TT,TT,CC,GG,TT,GT,AA,GG,AC,AA,GG,AC,AA,GG,GT,TT,GG,GG,GG,CC,AA,GG,AA,AA,CC,GT,AC,TT,CC,TT,TT,GG,TT,NN,TT,CC,CC,CC,AG,AA,TT,TT,CG,AA,GG,AA,CT,GG,TT,CC,GT,AC,AA,TT,CC,GG,CC,GG,CC,GG,TT,AA,CC,CC,CC,CC,AA,TT,CC,AA,CC,CC,AA,TT,AA,AA,GG,CT,CG,GG,AA,AG,AA,CC,GG,CC,CC,AA,AA,GG,TT,GG,AC,TT,CT,GG,CC,NN,TT,CT,CC,AT,GT,CT,NN,TT,GG,CC,AA,TT,CC,CC,CG,AC,AA,GG,AA,CC,TT,CC,TT,TT,CG,TT,AA,AG,TT,CC,GG,AA,CC,CC,CG,NN,AC,GG,TT,AA,AA,CG,GG,AA,AC,AA,AT,GT,TT,AT,AT,CG,GT,AA,CG,TT,GT,AA,GG,AG,TT,AA,TT,CC,TT,AA,AC,TT,GG,AA,GG,AG,CC,TT,CT,GT,GG,TT,AA,AC,AG,GG,CC,CC,GG,CC,GG,AT,AA,CG,TT,GG,CC,CC,AT,GG,CC,AA,CC,AT,AA,AC,CG,CC,AT,AA,GG,AA,AA,CC,AA,GG,AA,AG,AA,AT,GG,AA,AG,AC,AA,TT,AA,AG,CG,GG,GG,GT,AT,AA,TT,TT,TT,AG,TT,GG,GG,AA,4.93,Susceptible,High,Poor,Medium
L0871,Coimbatore,Tamil Nadu,Kharif,Red Loamy,Rainfed,650,29.5,68,AA,CT,GG,AA,GG,CG,GG,TT,CC,CG,AA,CT,CC,AT,TT,GG,CG,TT,TT,AA,CC,TT,TT,CC,TT,CC,TT,AT,GG,AC,TT,CT,AA,CC,GG,CG,GG,CC,GG,AC,TT,CT,NN,GT,AA,AG,TT,AA,CC,AC,GG,AT,GG,GG,CC,GG,AA,AC,GG,CC,AG,TT,AT,NN,TT,AT,CC,GG,TT,GT,AA,GG,CC,AA,GG,AC,NN,AG,TT,TT,GG,GT,GG,CC,AT,GG,AA,AA,CG,GT,CC,TT,CT,AT,TT,GG,TT,AC,GT,CC,CT,CG,GG,AA,AT,TT,CG,AA,AG,AA,CC,GG,GT,CC,TT,AA,AA,TT,CC,AG,CC,GG,CC,GT,TT,AA,CT,CC,CC,CC,AA,TT,CC,AA,CC,CC,AA,AA,AA,AT,GG,CT,CG,AG,AA,GG,AA,CC,GG,CC,CC,AA,AA,GG,TT,GG,AA,TT,NN,GG,CC,GT,TT,TT,CC,AA,TT,TT,AT,TT,GG,CC,AA,CC,CC,CC,CG,CC,AA,GG,AA,CC,TT,CC,TT,TT,CG,TT,AA,AG,TT,AC,GG,AA,AC,CC,GG,GG,AA,CG,TT,AA,AA,NN,GG,AT,AC,AA,AT,GG,TT,NN,AA,GG,GG,AA,NN,AA,GG,AA,GG,AA,CT,AC,TT,CC,CT,AA,CC,CT,GG,NN,CC,AG,CC,TT,TT,GT,GG,TT,AA,AC,AG,GG,CC,CC,GG,CC,GG,AA,AA,CG,TT,GG,CC,CG,AA,AG,CG,AA,CC,AT,AG,CC,CG,CC,TT,AA,GG,AA,AA,NN,AA,AA,GG,AG,AA,TT,GG,AA,AA,CC,AC,CT,AA,AA,GG,GG,GG,TT,AA,AA,GT,TT,TT,AA,TT,GG,GG,AA,4.56,Susceptible,Low,Premium,Late
L0872,Coimbatore,Tamil Nadu,Kharif,Red Loamy,Rainfed,650,29.5,68,AA,CT,AG,AG,GG,CC,GT,TT,CC,CG,AA,CC,CG,AT,TT,GG,CG,AT,TT,AA,CC,TT,GT,CC,TT,CC,GT,TT,GT,AA,TT,CC,AA,CC,GG,CG,GG,CG,GG,CC,GT,CT,AA,TT,AA,GG,TT,TT,CC,NN,GT,AT,AA,GG,CC,TT,AA,AA,GT,AA,AA,GT,AT,AA,TT,TT,CC,GG,TT,GT,AA,GG,CC,NN,AG,AA,AT,AG,TT,TT,GG,TT,GT,CC,AA,AG,AA,AA,CG,NN,CC,TT,CT,TT,TT,GG,TT,CC,TT,CC,NN,CC,AG,AA,TT,TT,NN,AA,AG,AA,CC,GG,TT,CG,TT,AA,AA,TT,CC,GG,CC,AG,CC,GT,TT,AA,CC,CC,CC,CC,AA,GT,CC,AA,CC,CC,AA,TT,AG,AT,GG,CC,CC,GG,AA,AA,AA,CC,GG,CC,CC,AA,GG,GG,GT,GG,CC,TT,TT,GG,CC,TT,TT,TT,CC,AA,TT,TT,AT,TT,NN,CC,AG,CC,CC,CC,CG,NN,AA,GG,AG,CC,TT,CC,GT,GT,GG,TT,AA,AA,TT,CC,GG,AA,CC,CG,GG,GG,AA,GG,TT,AC,AA,NN,GG,AA,AC,AA,AA,GG,TT,AT,AT,GG,GT,AA,CC,AT,GT,AA,GG,AA,TT,AC,TT,CC,CT,AA,CC,TT,GG,AG,CG,AG,CC,TT,CT,GG,GG,TT,AA,NN,AG,GG,CC,CG,GG,CC,GG,AT,AA,CC,TT,GG,CC,CC,AA,GG,CC,AT,CC,AA,AA,CC,CG,CC,TT,AA,GG,AA,AA,AA,AA,AG,AA,AA,AA,TT,GG,AA,AA,CC,AA,CT,AA,AA,GG,GG,GG,TT,AA,AG,NN,TT,TT,AG,TT,GG,GG,AA,2.18,Resistant,Low,Premium,Medium
L0873,Coimbatore,Tamil Nadu,Kharif,Red Loamy,Rainfed,650,29.5,68,AA,TT,GG,AA,GG,CC,GG,AT,CC,CG,AA,CC,CC,TT,TT,GG,GG,TT,TT,AA,CC,TT,GT,CC,AT,CC,GT,AT,GT,AA,TT,CC,AA,CC,GG,CG,GG,CG,GG,CC,TT,CT,AC,GT,AG,AG,TT,AT,CC,CC,GT,AT,AA,GG,CT,TT,AA,AA,GT,AA,GG,GT,TT,AA,CT,TT,CC,GG,CT,GT,AA,GG,CC,AA,GG,CC,AA,AG,TT,TT,GG,GG,GT,CC,AA,GG,AA,AA,CC,TT,CC,TT,CC,TT,TT,GG,TT,NN,TT,NN,CC,CC,AG,AA,TT,TT,CG,AG,AG,AA,CC,GT,TT,CC,GT,AC,AA,TT,CC,AG,CC,AG,CC,GT,CT,AA,CC,CC,CC,CC,AA,TT,CC,AA,CC,CC,AA,AT,AG,AT,GG,CT,CC,GG,AA,GG,AA,CC,GG,CC,CC,AA,AA,AG,GT,GG,AA,TT,CT,GG,CC,GT,GT,TT,CC,AA,GT,NN,AT,TT,GG,CC,AA,CT,NN,CC,GG,CC,AA,GG,AG,CC,TT,CC,GG,GT,GG,TT,AA,AA,TT,CC,GG,AA,CC,CC,GG,GG,CC,GG,TT,AC,AA,CC,GG,AA,CC,AA,AA,GG,TT,TT,AT,CG,GG,TT,NN,AT,TT,AA,GG,AA,CT,AA,TT,CC,CT,AC,CC,TT,GG,AA,CG,AA,CC,TT,TT,GT,GG,TT,AA,CC,AA,GG,CC,CC,GG,CC,GG,AT,AA,GG,GG,GG,CG,CC,AA,GG,CG,AA,CC,AT,AA,AC,GG,CC,TT,AA,GG,AA,AC,AA,AA,AA,AA,AG,AA,TT,CG,AA,AA,AC,AC,TT,AG,AG,GG,AG,GG,TT,AA,AG,TT,TT,TT,AA,TT,GG,GG,AA,3.82,Susceptible,High,Premium,Medium
L0874,Coimbatore,Tamil Nadu,Kharif,Red Loamy,Rainfed,650,29.5,68,AC,CT,GG,AA,GG,CG,GT,TT,CC,CG,AT,CC,CC,TT,GT,NN,CG,TT,TT,AA,CG,TT,TT,CC,TT,CC,TT,AT,GG,AA,TT,CC,AA,CC,GG,GG,GG,CG,GG,CC,TT,CC,AA,TT,AG,AG,TT,AT,CC,AC,GG,AA,AG,GG,CT,TT,AA,AC,NN,AA,AA,GT,AT,AA,TT,TT,CC,GG,TT,GG,GG,GG,CC,AA,GG,AC,AT,GG,TT,TT,AG,GG,GG,CC,AA,GG,AA,AA,CG,GT,CC,TT,CT,TT,GT,GG,TT,CC,GT,CC,CC,CG,AG,AA,TT,TT,CC,AA,AG,AC,TT,GG,TT,CC,TT,AA,AA,TT,CG,GG,CC,AG,CC,GT,TT,AA,CC,CC,CC,CC,AG,TT,CC,AA,CC,CT,AA,AT,AG,AA,GG,CC,CC,GG,AG,AA,AA,CC,GG,CC,CC,NN,AG,AG,TT,GG,AA,GT,TT,GG,AC,TT,TT,TT,CC,AT,GT,CT,AA,AT,NN,CC,AG,TT,CC,CC,CG,CC,AA,GG,AG,CC,TT,CG,GT,TT,GG,AT,AA,AG,TT,CC,GG,AA,CC,CC,GG,GG,AA,GG,TT,AA,NN,CC,GG,AA,CC,AA,AT,GT,TT,TT,AT,GG,TT,AA,CC,TT,GT,AA,GG,AA,TT,AA,TT,CC,TT,AA,AC,TT,GG,AG,CC,GG,CC,TT,CT,TT,GG,AT,AA,AA,AG,GG,CC,CG,GG,CC,GG,AA,AA,CG,GT,GG,CC,CC,TT,GG,CC,AA,CG,AA,AA,AC,CG,CC,TT,AA,GG,AA,AC,AA,AA,AG,AA,AA,AA,TT,GG,AC,AG,AA,AA,CT,AG,AG,GG,GG,GG,TT,AA,AA,TT,TT,TT,AG,AA,GG,GG,AA,2.92,Susceptible,High,Poor,Late
L0875,Coimbatore,Tamil Nadu,Kharif,Red Loamy,Rainfed,650,29.5,68,CC,TT,GG,GG,CG,CG,GT,TT,CC,CG,AA,CT,GG,TT,TT,GG,GG,TT,TT,AG,CC,TT,GT,CC,TT,CC,GT,TT,GG,AC,TT,CT,AA,CC,GG,GG,GG,CC,NN,CC,TT,TT,AC,TT,AG,GG,TT,AT,CC,AA,GT,AA,GG,GG,CC,TT,AA,AA,GT,AC,AA,TT,TT,AG,NN,TT,CC,GG,TT,GT,AA,GG,CC,AA,GG,AC,AT,GG,TT,TT,GG,GG,NN,CC,TT,GG,AA,AA,CC,TT,CC,TT,TT,AT,TT,GG,TT,CC,GT,CC,CT,CC,AG,AA,TT,TT,CC,AA,AG,AA,TT,GG,TT,CC,TT,AA,AC,TT,CC,GG,CC,GG,NN,GG,TT,AA,CC,CC,CC,CC,AA,GT,CC,AA,CC,CC,AA,AT,AA,AT,GG,CT,CC,GG,AA,AG,AA,CC,GG,CC,CC,AA,AA,GG,TT,GG,AC,TT,TT,GG,CC,TT,TT,TT,CC,AT,GT,TT,AA,TT,CG,CG,AG,CT,AA,CC,CG,AC,AA,GG,AG,CC,TT,CC,TT,GT,CG,AT,AA,NN,TT,CC,GG,AC,CC,CC,NN,GG,AC,CG,TT,AA,AA,CG,GG,AA,CC,AT,AT,GG,TT,TT,AA,CG,TT,AA,CC,NN,TT,AA,GG,AA,CT,AC,TT,CC,CT,AA,NN,TT,GG,GG,CC,AG,CC,AT,TT,GT,GG,TT,AA,CC,AA,GG,CC,CC,CG,CC,GG,AT,AA,CC,TT,GG,CC,CG,AA,NN,CG,AA,CC,AA,AA,AC,CG,CC,AT,AA,GG,AA,AA,AA,AA,AG,AA,AA,AA,TT,GG,AC,AA,AC,AC,TT,AA,AA,GG,GG,CG,TT,AA,AG,TT,TT,TT,AG,AT,GG,GG,AA,3.5,Susceptible,Medium,Standard,Early
L0876,Coimbatore,Tamil Nadu,Kharif,Red Loamy,Rainfed,650,29.5,68,AA,CT,GG,AA,GG,CC,GT,TT,CC,CG,AA,CC,GG,TT,TT,GG,CG,AT,TT,AA,CC,GG,GT,CT,TT,CC,TT,TT,GT,AA,TT,CT,AA,CC,GG,GG,GG,CG,GG,CC,TT,TT,AA,TT,AG,GG,TT,TT,CC,CC,GG,AT,AA,GG,CC,TT,AA,AA,GG,AA,AG,TT,AT,AG,TT,TT,CC,GG,CT,GT,NN,GT,CC,AA,GG,AC,AA,GG,GT,TT,GG,GT,GT,CC,AA,GG,AG,AT,CC,GT,CC,TT,TT,TT,TT,GG,TT,CC,TT,CC,CT,CG,AG,AA,TT,TT,CC,GG,GG,AA,TT,GG,TT,CC,TT,AA,AA,TT,CG,GG,CC,AG,CC,GG,CT,NN,NN,CC,CC,CC,AA,TT,CC,AA,CC,CC,AA,TT,AA,AA,GG,CC,CC,GG,AA,GG,AA,CC,GT,CC,CC,AA,AA,GG,TT,AG,AA,TT,TT,AG,CC,TT,TT,TT,CC,AT,TT,TT,AA,TT,GG,CC,GG,CC,CC,CC,CG,CC,AA,GG,AG,CC,TT,CC,TT,TT,GG,TT,AA,AA,TT,AC,GG,AA,AC,CC,GG,GG,AA,GG,TT,AA,AA,CC,GG,AA,AC,AA,AA,GT,GT,TT,AA,CG,TT,AT,CC,TT,TT,NN,GG,AA,TT,AA,TT,CC,TT,AC,CC,CT,CG,AG,CC,NN,CC,TT,CT,TT,GG,TT,AA,AA,AA,GG,CC,CC,GG,CC,GG,TT,AG,CC,GT,GG,CC,CC,NN,GG,CC,AT,CC,AA,AA,AC,CG,AC,TT,AA,GG,AA,AA,AA,AA,AG,AG,AA,AA,TT,GG,AC,AA,AC,AA,CT,AA,AA,GG,GG,GG,GT,AA,AA,TT,TT,TT,GG,AT,GG,GG,AA,2.99,Susceptible,Low,Premium,Early
L0877,Coimbatore,Tamil Nadu,Kharif,Red Loamy,Rainfed,650,29.5,68,AC,TT,AG,AA,GG,CG,GT,TT,CC,GG,NN,CC,CC,AT,TT,NN,CG,TT,TT,AA,CC,GT,TT,CC,TT,CC,TT,TT,GT,AA,TT,CT,AA,CC,NN,GG,GG,CG,GG,CC,TT,TT,AA,TT,AA,GG,TT,AT,CC,AC,GG,AA,AG,GG,CC,TT,AT,AA,GT,AA,AA,TT,AT,AA,TT,TT,CC,GG,TT,GG,AA,GG,CC,AA,NN,AC,AT,GG,NN,TT,GG,GT,GT,NN,AA,GG,AA,AA,CC,GT,CC,TT,CC,TT,TT,GG,CT,NN,TT,CC,CT,CG,GG,AA,AT,TT,CC,AG,AA,AA,TT,GG,TT,CG,GT,AA,AA,TT,CC,GG,CC,AG,CC,GT,TT,AA,CT,CC,CC,CG,AA,TT,CC,AA,CC,CC,AA,AT,AA,NN,GG,CT,CC,GG,AA,AA,AA,CC,GG,NN,CC,AA,AG,GG,TT,AG,AC,GT,TT,AG,AA,TT,GT,CT,CC,AT,GT,TT,AT,TT,GG,CC,AG,CT,AC,CC,GG,CC,AT,GG,AA,CC,TT,CC,GT,GT,GG,AT,AA,AA,TT,AC,GG,AA,AC,CC,GG,GG,AC,GG,TT,AA,AG,CC,GG,AT,CC,AA,AT,GT,GG,TT,AA,GG,GT,AT,CC,TT,GG,AA,GG,AA,TT,AA,TT,CG,TT,AA,CC,TT,GG,AA,CG,AA,CC,TT,CT,TT,GG,TT,AA,CC,GG,GG,CC,CC,GG,CG,GG,AT,AA,CC,NN,GG,CC,CC,AT,AG,GG,AT,CC,AA,AG,AA,NN,AC,AT,AA,GG,AA,AA,AA,AA,AG,AA,AA,AA,TT,GG,AA,AA,CC,AA,TT,AA,AA,GG,GG,GG,TT,AA,AA,TT,TT,TT,AG,TT,GG,GG,AA,2.04,Susceptible,Medium,Standard,Early
L0878,Coimbatore,Tamil Nadu,Kharif,Red Loamy,Rainfed,650,29.5,68,AC,TT,GG,NN,GG,CC,GT,TT,CC,CC,AA,CT,CC,TT,TT,GG,GG,TT,TT,AG,CC,GT,GG,CC,TT,CC,TT,TT,GG,AA,CT,CT,AA,AC,GG,GG,GG,CC,GG,CC,NN,CC,AC,TT,AG,GG,TT,TT,CC,CC,GG,AA,AA,GG,CC,GT,AA,AC,GT,AC,AA,TT,AT,AA,TT,TT,CC,GG,TT,GG,AA,GG,CC,AA,GG,AA,AA,GG,TT,TT,GG,GT,TT,CC,AA,AG,AA,AA,CC,NN,CC,TT,CT,TT,TT,GG,TT,CC,GT,CC,CC,CG,AG,AA,AT,TT,CC,AA,AG,AA,CT,GG,TT,CC,NN,AA,AA,TT,CC,AG,NN,GG,CC,GG,TT,AA,CT,CC,CC,CG,AA,NN,CC,AA,CC,CC,AA,AT,AA,AA,GG,CC,CC,GG,AA,AG,AA,CC,GT,CC,CC,AA,NN,GG,TT,GG,AC,TT,CT,GG,CC,TT,GT,TT,CC,AT,TT,CT,AA,AT,GG,NN,AA,TT,CC,CC,GG,CC,AA,GG,AA,CC,TT,NN,GT,GT,GG,TT,NN,AA,TT,CC,GG,AA,CC,CC,GG,GG,AA,GG,TT,CC,AG,CG,GG,AA,CC,AT,AT,GT,TT,TT,AA,CG,GT,AA,CC,TT,TT,AA,GG,AA,TT,AA,TT,CC,NN,AA,AC,CC,GG,AG,CC,GG,CC,TT,TT,TT,GG,TT,AA,AC,AG,GG,CC,CC,GG,CC,GG,AA,AA,CC,TT,GG,CC,CC,AA,GG,CC,TT,CG,AA,AA,AC,CC,NN,TT,AA,GG,AA,AA,NN,AA,GG,GG,AA,AA,TT,GG,AA,AG,CC,AA,CT,AA,AA,GG,GG,GG,NN,AT,AA,TT,TT,TT,AG,TT,GG,CG,AA,2.65,Susceptible,High,Premium,Early
L0879,Coimbatore,Tamil Nadu,Kharif,Red Loamy,Rainfed,650,29.5,68,AC,TT,GG,GG,GG,CC,GG,AT,CC,GG,AA,CT,CC,AT,TT,GT,CG,TT,TT,AA,CC,GT,GT,CT,TT,CC,GT,TT,NN,NN,CT,CC,AA,CC,GG,GG,GG,CC,GG,CC,TT,TT,AA,TT,AG,GG,TT,AT,CC,CC,GG,AA,AA,GG,CC,GT,AT,AA,GT,AC,AA,TT,TT,AA,CT,AT,CC,GG,TT,GG,AA,GG,CC,AA,GG,AC,AA,GG,TT,TT,GG,GG,GT,CC,AA,GG,AA,AA,CC,GT,CC,TT,CT,TT,GT,AA,TT,CC,TT,CC,CC,CC,GG,AA,AT,TT,CC,AA,AA,AA,CC,GG,TT,CG,TT,AA,AC,TT,CG,GG,CG,GG,CC,GG,CT,AA,CT,CC,CC,CC,AA,TT,CC,AA,CC,CC,AA,AT,AA,AA,GG,CC,CC,GG,AA,GG,AA,CC,GG,CC,CC,AA,AA,AG,TT,GG,AA,GT,CT,GG,CC,TT,GT,TT,CG,AA,TT,CT,AA,TT,GG,CG,AA,CC,CC,CC,CG,CC,AA,GG,AA,CC,GT,CC,GG,GT,GG,TT,AA,AG,TT,CC,GG,AA,AC,CC,GG,GG,AC,GG,TT,AA,AA,CC,GG,AA,CC,AA,AA,GT,TT,AT,AA,GG,GG,AT,CC,TT,TT,AA,GG,AA,CC,AA,TT,CG,TT,AC,AC,TT,CC,AA,CG,AG,CC,TT,CT,GT,GG,TT,AA,AC,AA,GG,CC,CG,GG,CG,GG,AT,AA,CC,TT,GG,CC,CG,AA,GG,CC,AA,CC,AA,AA,AC,GG,AC,TT,AA,GG,AA,AC,AC,AA,AA,GG,AA,AA,AT,GG,AA,AG,AC,AA,TT,AA,AA,GG,GG,GG,TT,AA,AA,GT,TT,TT,AG,TT,CG,GG,AC,4.68,Resistant,High,Premium,Late
L0880,Coimbatore,Tamil Nadu,Kharif,Red Loamy,Rainfed,650,29.5,68,AC,TT,AG,AA,GG,CC,GT,TT,CC,CG,AA,CC,CC,TT,GT,GG,CG,TT,TT,AG,CC,TT,TT,CC,TT,CC,TT,AT,GG,AA,TT,CC,AA,CC,GG,GG,GG,CC,GG,CC,TT,CT,AC,TT,AG,AG,CT,TT,NN,AC,GT,AA,AA,GG,CC,TT,AT,AA,TT,AC,GG,TT,AT,AG,TT,TT,CC,GG,TT,GG,AA,GG,CC,AA,GG,CC,TT,GG,TT,TT,GG,GT,GG,CC,AA,GG,AA,AA,CG,TT,CC,TT,TT,AT,TT,GG,TT,CC,GT,CC,CT,CC,AG,AA,AT,TT,CG,AA,GG,AA,CC,GG,TT,CG,TT,AC,AA,TT,CG,GG,CC,GG,CC,GT,TT,AA,CC,CG,CC,CC,AA,GT,AC,AA,CC,CC,AA,TT,AA,AA,GG,CC,CC,GG,AA,AG,AA,CC,GG,CG,CC,AG,AG,GG,GT,AA,CC,TT,CC,GG,CC,TT,GT,CT,CC,AA,TT,TT,AT,TT,GG,CC,AG,CC,CC,CC,GG,CC,AA,GG,GG,CC,TT,CC,GG,GT,CG,AT,AG,AA,TT,CC,CG,AC,CC,CC,GG,AG,AC,GG,TT,AC,AA,CC,NN,AA,AC,AA,AT,GG,TT,TT,AT,GG,GT,AT,CC,AT,TT,AT,GG,AA,CT,AA,TT,CC,CT,AA,CC,TT,GG,GG,CC,AA,AC,TT,CC,TT,GG,TT,AC,CC,AA,GT,NN,CC,GG,CC,GG,AT,AA,CC,TT,GG,CC,CC,AT,AG,CC,AA,CC,AA,AA,AC,CC,CC,TT,AA,GG,AA,AC,AA,NN,GG,AA,AG,AA,TT,GG,AA,AG,AA,CC,CT,AG,AA,CG,GG,GG,GT,AA,AA,TT,TT,TT,AA,TT,GG,GG,AA,2.0,Moderate,Low,Premium,Medium
L0881,Coimbatore,Tamil Nadu,Kharif,Red Loamy,Rainfed,650,29.5,68,AC,TT,GG,AA,GG,CG,GG,TT,CC,CC,AA,CT,CC,TT,TT,GG,GG,TT,TT,AA,CC,GT,TT,CC,TT,CC,TT,AT,GG,AA,TT,TT,AA,CC,GG,CC,GG,CC,GT,CC,TT,TT,AA,TT,AG,AG,CT,AT,CC,CC,GT,AA,AA,GG,CT,GT,AT,AC,GT,AA,AG,GT,TT,AA,CT,TT,CT,GG,TT,GG,AA,GG,NN,AA,GG,CC,AT,GG,TT,TT,GG,GT,GG,CC,AT,AG,AA,AA,CC,NN,CC,TT,TT,TT,TT,GG,TT,CC,TT,CT,TT,CC,GG,AA,TT,TT,CC,AA,GG,AA,CT,GG,GT,CC,TT,AA,AA,TT,CC,AG,CG,GG,CC,GG,CT,AA,CC,CC,AA,CC,AA,GT,CC,AA,CC,CT,AA,AT,AA,AA,GG,CT,CC,GG,AA,AG,AA,CC,GG,CC,CC,AA,AA,AG,GT,AG,AC,TT,CC,GG,AC,TT,TT,TT,CC,AA,NN,CT,TT,AT,CG,CG,AA,CC,CC,CC,GG,CC,AA,GG,GG,CC,TT,CC,GT,GT,CG,AT,AA,AA,TT,AC,GG,AA,AC,CC,GG,GG,AC,GG,TT,AA,AA,CC,GG,AT,CC,AA,AA,GG,TT,AT,TT,GG,GG,AA,CC,TT,TT,AA,GG,AA,TT,AA,TT,CC,CT,AA,CC,TT,GG,NN,CC,GG,CC,TT,CT,GT,GG,AT,AA,AC,AA,GG,CC,CC,GG,CC,GG,NN,AA,CC,TT,GG,CC,CG,AA,GG,CC,AA,CC,AA,AA,CC,GG,AC,TT,AA,CG,AA,AC,AC,AC,GG,NN,AA,AA,TT,CG,AC,AA,AC,AA,CT,AA,AA,GG,AG,GG,TT,AA,AG,TT,TT,TT,AG,TT,GG,CG,AA,4.69,Susceptible,Low,Poor,Early
L0882,Coimbatore,Tamil Nadu,Kharif,Red Loamy,Rainfed,650,29.5,68,AC,CT,AG,GG,GG,CG,GG,TT,CC,CC,NN,CC,CG,AA,TT,GT,CG,TT,TT,AA,CC,TT,TT,CT,TT,CC,TT,AT,GG,AA,TT,CC,AA,CC,GG,CG,GG,CC,GG,CC,TT,CT,AA,TT,AA,AG,CT,AT,CC,AA,GG,AT,AA,GG,CC,TT,AA,CC,GT,CC,AA,TT,TT,AG,TT,AT,CC,GG,CT,GT,AA,GG,CC,AA,GG,AA,AT,GG,TT,TT,GG,GG,TT,CC,AA,GG,AG,AA,CC,GT,CC,TT,CT,AT,GT,GG,TT,CC,TT,CC,CC,CC,AG,AA,TT,TT,CC,AG,AG,AA,CC,GG,TT,CC,GT,AA,AA,TT,CC,GG,CC,GG,NN,GT,TT,AA,CC,CC,CC,CC,NN,TT,CC,AA,CC,CC,AA,TT,AA,AA,GG,CC,CC,GG,AA,AA,AA,CC,GG,CC,CC,AA,AA,GG,TT,GG,AC,TT,CT,AA,AC,TT,TT,TT,CC,AA,TT,TT,AA,TT,GG,CG,AG,CC,CC,CC,CG,CC,AA,GG,GG,CC,TT,CC,TT,GG,GG,AA,AA,AA,TT,AC,GG,AA,CC,CC,GG,AG,AA,GG,TT,AA,AA,CC,GT,AA,CC,AA,AT,GG,TT,TT,AA,GG,GG,TT,CC,AT,TT,AA,GG,AA,TT,AA,TT,CC,TT,AA,CC,CT,GG,AG,CG,AG,CC,TT,CT,TT,GG,TT,AA,AA,AG,GG,CC,CC,GG,NN,GG,TT,AG,CC,GT,GG,CC,CC,AT,GG,CC,AT,CG,AT,AA,CC,CG,AA,AT,AA,GG,AA,AA,AA,AA,AG,AG,AA,AA,AA,GG,AC,AA,AA,AA,TT,AA,AG,GG,GG,GG,TT,AT,AA,TT,TT,TT,AG,TT,GG,GG,AA,3.73,Susceptible,Low,Poor,Late
L0883,Coimbatore,Tamil Nadu,Kharif,Red Loamy,Rainfed,650,29.5,68,AC,TT,GG,AG,GG,CC,GG,AT,CC,CC,AT,TT,CC,TT,TT,GG,GG,TT,TT,AG,CG,TT,TT,CC,TT,CC,TT,AT,GG,AA,TT,CC,AA,CC,GG,CG,NN,CC,GG,NN,TT,CT,AA,TT,AA,AG,TT,TT,CC,NN,GG,AA,AA,CG,CT,GT,AA,AA,GG,AA,AA,TT,TT,AA,TT,TT,CC,GG,TT,GG,AG,GT,CC,AA,AG,AA,AA,GG,TT,TT,GG,TT,GT,CC,AT,GG,AA,AA,CC,GT,CC,TT,CT,TT,TT,GG,TT,CC,TT,CC,CC,CG,AA,AA,TT,TT,CC,AA,AG,AA,CT,GG,TT,CG,TT,AA,AA,TT,CC,GG,CC,GG,CC,GG,CT,AA,CC,CC,CC,CC,AA,TT,CC,AA,CC,CC,AA,TT,AA,AA,GG,CC,CC,GG,AA,AG,AA,NN,GG,CC,CC,AG,GG,GG,GT,GG,AA,TT,TT,GG,CC,GT,TT,TT,CC,AA,TT,TT,AA,AT,GG,CC,AG,CC,AC,NN,GG,AC,AA,GG,AG,CC,TT,GG,GT,TT,CG,AA,NN,AA,TT,CC,GG,AA,CC,CC,GG,GG,AA,GG,TT,AC,AA,CC,GG,AT,AC,AT,AA,GT,TT,TT,AT,GG,GG,AA,CC,AT,GT,AA,GG,AA,CT,AA,TT,CC,TT,AA,AC,TT,GG,AG,CG,AG,CC,AT,CT,TT,GG,TT,AA,AC,AA,GG,CC,CC,GG,CC,GG,NN,AA,CG,TT,GG,CC,CC,NN,AG,CC,AT,CC,AA,AA,AA,CC,CC,TT,AA,CG,AA,AA,AA,AA,AG,AG,AA,AA,AT,GG,AA,AG,CC,AA,TT,AA,AA,GG,GG,GG,GT,AA,AG,GT,TT,TT,AG,TT,GG,GG,AC,4.38,Resistant,Low,Poor,Early
L0884,Coimbatore,Tamil Nadu,Kharif,Red Loamy,Rainfed,650,29.5,68,AA,CT,GG,AG,CG,CC,GT,TT,CC,CG,AA,CT,CC,TT,TT,GG,CG,TT,TT,AA,CC,TT,TT,CT,TT,CC,TT,TT,GG,AC,TT,CC,AA,CC,GG,CG,GG,CC,GG,CC,TT,TT,AA,TT,AG,GG,TT,TT,CC,AC,GG,AT,AA,GG,TT,TT,AA,AC,GG,AA,AA,TT,TT,AG,TT,TT,CC,GG,TT,GT,AG,GG,CC,AA,GG,AA,AA,GG,TT,TT,GG,GG,GG,CC,AA,GG,AA,AA,CC,GT,AC,TT,CC,TT,TT,AG,TT,CC,TT,CC,CC,CC,AG,AA,AT,TT,CC,AA,AG,AA,CC,GG,TT,CC,GT,AA,AC,TT,CG,AA,CC,GG,CC,GG,CT,AA,CC,CC,CC,CC,AA,TT,CC,AA,CC,CC,AG,TT,AA,AA,GG,CC,CC,GG,AA,AG,AA,CC,GG,CC,CC,AA,AA,GG,TT,GG,AA,NN,TT,GG,CC,TT,TT,TT,CC,AT,TT,CT,AA,TT,CG,CC,AA,CC,CC,CC,GG,CC,AA,GG,AA,CC,TT,CG,TT,TT,CG,TT,AG,AA,TT,CC,CG,AC,CC,CC,GG,GG,AA,NN,TT,AA,AG,CC,GG,AT,AC,AA,TT,GG,TT,AT,AT,CG,TT,NN,CC,TT,GT,AA,GG,AA,TT,NN,TT,CC,TT,AC,CC,TT,CG,AG,CC,AG,CC,TT,TT,TT,GG,TT,AC,CC,AG,GG,CC,CG,GG,CC,GG,TT,AA,CG,GT,GG,CC,CC,AA,GG,CC,AA,CG,AA,AA,AC,CC,AC,TT,AA,GG,AA,AA,AA,AA,GG,AG,AA,AA,AT,CG,AA,AG,AC,AC,TT,AA,AA,GG,GG,GG,TT,AT,AA,TT,TT,TT,AG,TT,GG,CG,AA,3.59,Moderate,Low,Premium,Early
L0885,Coimbatore,Tamil Nadu,Kharif,Red Loamy,Rainfed,650,29.5,68,CC,TT,GG,AG,CG,CC,GG,TT,CC,CG,AA,CC,CC,TT,TT,GG,GG,TT,TT,AA,CG,TT,GT,CT,TT,CC,TT,TT,GG,AA,TT,CC,AA,AC,GG,GG,GG,CC,GG,CC,TT,TT,AA,TT,NN,GG,TT,TT,CC,CC,GG,AA,AA,GG,CC,GG,AA,AA,TT,NN,AG,TT,TT,AG,TT,AT,CC,GG,TT,GT,AA,GG,CC,AA,GG,CC,AT,GG,TT,TT,GG,GG,GG,CC,AT,GG,AA,AT,NN,TT,CC,TT,TT,TT,TT,GG,TT,CC,GT,CC,CC,CC,GG,AA,TT,TT,CG,AA,AA,AA,CC,GG,TT,CC,TT,AA,AA,TT,CC,GG,CC,GG,CC,GT,TT,AA,CC,CC,CC,CC,AA,TT,CC,AA,CC,CC,AA,TT,AA,AA,GG,CC,CC,GG,NN,AA,AA,CC,GG,CC,CC,AA,AA,GG,GG,GG,AA,TT,TT,AG,CC,GT,GT,TT,CG,AT,TT,TT,AT,AT,GG,CC,AA,CC,AC,CC,GG,CC,AT,GG,AA,CC,TT,CG,GG,GG,CG,AT,AA,AA,TT,AC,GG,AA,CC,CC,GG,GG,AA,GG,TT,AC,AG,CC,GG,AT,AA,AA,AA,GT,TT,AT,AA,GG,TT,AA,CG,TT,TT,AA,GG,AA,TT,AA,TT,CG,TT,NN,CC,TT,GG,AA,CC,AG,AC,TT,TT,TT,GG,AT,AA,AC,AG,GT,CC,CG,GG,CC,GG,AT,AA,CC,TT,GG,CG,CC,AA,GG,CC,AA,CC,AA,AA,CC,CC,CC,TT,AA,GG,AA,AA,AC,AA,AG,AG,AG,AA,AT,GG,AC,AG,AA,AA,TT,AA,AA,GG,AG,GG,TT,AT,AA,TT,TT,TT,AA,AT,GG,GG,AA,2.74,Moderate,Low,Premium,Medium
L0886,Coimbatore,Tamil Nadu,Kharif,Red Loamy,Rainfed,650,29.5,68,AA,NN,GG,AG,GG,CC,GG,AT,CC,CG,AA,CC,CG,TT,GT,GG,GG,TT,TT,AA,CC,TT,GT,CC,AT,CT,GT,TT,GG,AA,TT,CC,AA,CC,GG,GG,GT,CG,GG,CC,TT,TT,AC,TT,AA,GG,TT,TT,CC,CC,GT,AA,AA,GG,CC,GT,AA,AA,TT,AA,AA,TT,AA,AA,NN,TT,CC,GG,TT,GG,AA,GG,CC,AA,GG,CC,AA,GG,GT,TT,GG,GG,GG,CC,AT,GG,NN,AA,CG,TT,CC,TT,CT,TT,GT,GG,TT,AC,GT,CC,CC,CG,GG,AA,AT,GT,CC,AA,AG,AA,CT,GG,TT,CC,TT,AC,AA,AT,CC,AA,CC,GG,CC,GT,TT,AA,CC,CC,CC,CC,AA,TT,CC,AA,CC,CC,AA,TT,AA,AA,GG,CC,CC,GG,AA,AA,AT,CC,GG,CC,CC,AA,AA,GG,TT,AG,AC,GT,CT,AG,CC,TT,TT,TT,CC,AA,TT,TT,AA,AT,GG,CC,AA,CT,CC,CC,GG,CC,NN,GG,AA,CC,TT,CG,GT,TT,GG,AT,AG,AG,TT,CC,GG,AC,CC,CC,GG,GG,AC,CG,CT,AC,AA,NN,GT,AA,CC,AA,AA,GT,TT,AT,AT,CG,GT,AA,CC,TT,GT,AA,GG,AA,TT,AC,AT,CC,TT,AC,CC,CT,GG,GG,CG,GG,CC,TT,CT,TT,GG,TT,AA,CC,AA,GG,CC,CC,GG,CC,GG,TT,NN,CG,GT,GG,CC,CC,AA,GG,CC,TT,CC,AA,AG,AC,CG,AC,AT,AA,GG,AA,AC,AC,AC,AG,AG,AA,AA,TT,GG,AC,GG,NN,AC,CT,AA,AA,GG,GG,GG,TT,AA,AG,GT,TT,AT,AA,AT,GG,CG,AA,0.4,Moderate,Medium,Premium,Medium
L0887,Coimbatore,Tamil Nadu,Kharif,Red Loamy,Rainfed,650,29.5,68,AC,CT,AG,AG,GG,CC,GG,TT,CC,CG,AA,CC,CC,TT,GT,NN,CG,TT,TT,AG,CG,TT,TT,CC,TT,CC,TT,TT,GG,AA,TT,CC,AG,CC,GG,GG,GG,GG,GG,CC,NN,TT,AA,TT,GG,AG,TT,AA,CC,AC,GG,AT,AA,GG,TT,GT,AA,AA,GT,AA,AA,TT,TT,AA,TT,TT,CC,GG,TT,GG,AA,GG,CC,AA,GG,AC,AA,GG,TT,TT,GG,GG,GG,CC,AA,GG,AA,AA,CC,TT,CC,TT,CC,TT,TT,AG,TT,AC,GT,CC,CC,CG,AG,AA,TT,TT,CG,AA,AA,AA,CT,GG,TT,CC,GT,AC,AA,TT,CC,AG,CC,GG,CC,GG,TT,AA,CC,CC,AC,CC,AA,TT,AC,AA,CC,CC,AA,TT,AA,AT,CG,CT,CC,GG,AG,GG,AA,CC,GT,CC,CC,AA,AG,GG,TT,GG,AA,TT,TT,GG,CC,GG,TT,TT,CC,AA,TT,TT,AA,AT,CG,CC,AA,CT,CC,CC,GG,CC,AA,GG,AA,CC,TT,CC,TT,GT,GG,AT,AA,AG,TT,CC,GG,AC,CC,CC,GG,GG,AA,GG,TT,AA,AA,CC,GG,AA,CC,AA,AT,GG,TT,AT,AT,GG,GT,AA,CC,AT,TT,AA,GG,AA,TT,AA,TT,CC,TT,AC,CC,TT,CG,AG,CC,AG,CC,TT,TT,GG,GG,TT,AC,CC,AA,GT,CC,CC,GG,CG,GG,TT,AA,CC,GT,GG,CC,CC,AT,GG,CC,AA,CC,AT,AA,CC,CG,CC,TT,AA,CG,AA,AA,CC,AA,GG,AA,AG,AA,NN,GG,AC,AG,AA,AA,TT,AG,AA,GG,GG,GG,TT,AA,AG,TT,TT,TT,AG,AT,GG,GG,AA,4.39,Moderate,Medium,Poor,Late
L0888,Coimbatore,Tamil Nadu,Kharif,Red Loamy,Rainfed,650,29.5,68,AA,TT,AG,AA,GG,CC,GG,TT,CC,CC,AA,CC,CC,AT,TT,GG,GG,TT,TT,GG,CG,TT,GT,CC,TT,CC,TT,AT,GG,AA,CT,CC,AA,CC,GG,CG,GG,CC,GG,CC,TT,CT,AC,TT,AG,AG,TT,AT,CC,AC,GG,AA,AA,GG,CC,GT,AA,AC,TT,AC,AG,TT,AA,AA,CT,TT,CC,GG,TT,TT,AA,GG,CC,AA,AG,AC,AT,GG,TT,TT,AG,GG,GG,CC,AA,AG,AA,AA,CC,TT,CC,TT,CC,TT,GT,GG,TT,CC,TT,CC,CC,CG,AG,AA,TT,TT,CG,AA,AA,AA,CT,GG,TT,CC,GT,AA,AC,TT,CC,AG,CG,GG,CT,GG,TT,AA,CC,CC,AC,CC,AA,TT,CC,AA,CC,CC,AA,TT,AA,AT,GG,CC,CC,GG,AA,GG,AA,CC,GG,CC,CG,AA,AG,AG,TT,GG,AC,TT,CT,GG,AC,GG,GT,CT,CC,AT,GT,CT,AA,AT,CG,CC,AG,CC,CC,CC,CG,CC,AA,GG,AG,CC,TT,CC,GG,TT,CG,AT,AA,AG,TT,AC,GG,AA,CC,CC,GG,GG,AA,GG,TT,AA,AA,CC,GG,AA,CC,AA,AT,GT,TT,TT,AT,GG,GG,NN,CC,TT,GT,AA,GG,AA,TT,AA,TT,NN,CT,AC,CC,TT,GG,AA,CG,GG,CC,TT,CT,NN,GG,TT,AA,AC,AA,GG,CC,CG,NN,CC,GG,AT,AA,CC,TT,GG,CC,CG,AA,AG,CC,AA,CC,AA,AA,NN,CG,AA,TT,AA,GG,AA,AA,AA,AA,GG,AG,AA,AA,TT,GG,AC,AG,AA,AA,CT,AA,AA,GG,GG,GG,GT,AA,AA,TT,TT,TT,AA,AA,GG,CG,AA,3.15,Susceptible,Low,Poor,Early
L0889,Coimbatore,Tamil Nadu,Kharif,Red Loamy,Rainfed,650,29.5,68,AA,TT,AA,AG,GG,CC,GG,AT,CC,CC,AA,CC,CG,TT,GT,GG,NN,TT,TT,AA,CG,TT,GT,CC,TT,CC,TT,AT,GG,AA,TT,CC,AA,CC,GG,GG,GG,CG,GG,CC,TT,CT,AA,TT,AA,AG,TT,AT,CG,NN,GG,AT,AA,GG,CC,GT,AA,AA,GG,AA,AA,TT,TT,AA,TT,TT,CC,GG,TT,GG,AA,GG,CC,AA,AG,AA,AT,GG,TT,TT,AG,GT,GT,CC,AA,GG,AG,AA,CG,GT,CC,TT,CC,AT,TT,GG,TT,AC,TT,CT,NN,CG,AA,AG,AT,TT,CC,AA,AA,CC,CT,GG,TT,CC,GT,AC,AA,TT,CC,NN,CC,GG,CC,TT,CT,AA,CC,CC,CC,CC,AA,TT,CC,AA,CC,CC,AA,TT,AA,AA,GG,CC,CC,GG,AA,AA,AA,AC,GT,CC,CC,AG,AA,GG,GT,GG,AA,TT,TT,GG,CC,TT,TT,TT,CC,AA,TT,TT,AA,TT,GG,CC,NN,CT,CC,CC,GG,CC,AA,GG,AG,CC,TT,CG,GT,GT,GG,AT,AA,AG,TT,AC,GG,AA,CC,CC,GG,GG,AC,GG,TT,AC,AA,CC,GG,AA,CC,AA,AT,GT,TT,TT,AT,NN,GT,AA,CG,AA,GT,AA,GG,AA,TT,CC,AT,CC,TT,AA,CC,TT,GG,AG,CC,GG,CC,TT,TT,GT,GG,TT,AA,CC,AG,GG,CC,CC,GG,CC,GG,AA,AA,CC,TT,GG,CC,CC,AA,GG,CC,AA,CC,AA,AG,AC,CC,AC,TT,AA,GG,AA,AA,AC,AA,AA,AG,AA,AA,AT,GG,AC,GG,CC,AA,CT,AG,AA,GG,GG,GG,TT,AA,AG,TT,TT,TT,AG,TT,GG,GG,AA,5.95,Susceptible,Low,Standard,Late
L0890,Coimbatore,Tamil Nadu,Kharif,Red Loamy,Rainfed,650,29.5,68,AA,CT,GG,AG,GG,CC,GT,AT,CC,GG,AA,CC,CG,AT,GT,GG,GG,TT,TT,AA,CC,TT,GT,CC,TT,CT,TT,AT,TT,AA,TT,CC,AA,CC,GG,GG,GG,CC,GG,CC,TT,TT,AA,TT,AA,GG,CT,AT,NN,CC,GG,AA,AA,GG,CC,TT,AA,AC,GT,AA,AA,TT,AT,AA,TT,AT,CC,GG,TT,GT,AA,GG,CC,AA,GG,AC,AA,GG,TT,TT,GG,GG,GG,CC,AA,GG,AA,AT,CC,TT,CC,TT,CT,TT,TT,GG,TT,CC,GT,CC,CC,CC,AA,AA,TT,TT,CG,AA,AG,AA,CC,GG,GT,CC,TT,AA,AA,TT,CC,AA,CC,GG,CC,GG,TT,AA,CT,CC,CC,CC,AA,TT,CC,AA,CC,CC,AA,TT,AA,AA,CG,CC,CC,GG,AA,AA,AA,CC,GT,CC,CC,AA,AA,GG,TT,AG,AC,GT,CT,GG,AA,TT,TT,CT,CC,AA,TT,TT,AA,TT,GG,CC,AA,CC,CC,CC,GG,AC,AA,GG,AG,CC,TT,CC,NN,TT,CG,AT,AA,AA,TT,AA,CG,AA,CC,CC,GG,GG,CC,GG,TT,AC,AG,CC,GG,AA,CC,AA,AT,GG,TT,TT,AA,GG,GT,AT,CG,AT,TT,AA,GG,AA,TT,AA,TT,CC,TT,AA,AC,TT,GG,AA,CC,GG,AC,TT,CT,TT,GG,TT,AA,AC,AG,GG,CC,CG,NN,CC,GG,AT,AG,CC,GT,GG,CC,NN,AA,GG,CG,AA,CC,AA,NN,CC,CG,AC,TT,AG,GG,AA,AC,AC,AA,AG,AA,AA,AA,TT,GG,AA,AG,AA,AA,CT,AA,AA,GG,AG,GG,TT,AT,AG,TT,NN,TT,AG,AT,GG,CG,AA,2.59,Susceptible,Medium,Poor,Early
L0891,Coimbatore,Tamil Nadu,Kharif,Red Loamy,Rainfed,650,29.5,68,AC,CT,AG,GG,GG,CC,GG,AT,CC,GG,AA,CT,CC,TT,TT,TT,GG,TT,TT,AA,CC,TT,GG,CT,TT,CC,TT,TT,GG,AA,TT,CC,AA,AC,GG,CG,GG,CG,GG,CC,GT,TT,AA,TT,AA,AA,TT,TT,CC,AC,GG,AA,AG,GG,CC,GT,AA,AA,GG,CC,AA,GT,TT,AA,TT,TT,CC,GG,TT,GG,NN,GG,AC,AA,AG,AA,AT,AG,TT,TT,GG,GT,GG,AC,AA,GG,AA,AT,CC,TT,AC,TT,CC,AT,GT,GG,CT,AC,GT,CC,CC,CG,AG,AA,TT,TT,CC,AA,AG,AA,CT,GG,TT,CG,GG,AC,AA,TT,CG,GG,CG,GG,CC,GT,TT,AA,CC,CC,CC,CC,AA,TT,AC,AA,NN,CC,AA,TT,AA,AA,GG,CC,CC,GG,AA,AA,AA,CC,GG,CC,CC,AG,AA,GG,TT,GG,AA,TT,CT,GG,CC,TT,NN,CT,CG,AA,TT,TT,AA,TT,GG,CC,AA,CC,CC,CC,GG,CC,AA,GG,AA,CC,TT,CG,GG,TT,GG,TT,AA,AA,TT,CC,GG,AA,CC,CC,GG,GG,AC,CG,TT,AC,AG,CC,GG,AA,AC,AA,TT,GG,TT,AA,AA,GG,GG,TT,CC,AT,TT,AA,GG,AA,TT,AA,TT,CC,TT,AC,CC,TT,CG,AG,CC,AA,CC,TT,TT,TT,GG,TT,AA,AC,AA,GG,CC,CG,GG,CC,GG,TT,AA,CG,TT,AG,CG,CC,AA,AG,CG,AA,NN,AA,AA,CC,CC,CC,TT,AA,CG,AA,AA,AA,AA,GG,AG,AA,AA,TT,GG,AC,AA,AA,AC,TT,AA,AA,GG,GG,GG,TT,AA,AG,TT,AT,TT,GG,TT,GG,GG,AA,4.27,Resistant,Medium,Standard,Early
L0892,Coimbatore,Tamil Nadu,Kharif,Red Loamy,Rainfed,650,29.5,68,AA,TT,GG,AG,GG,CC,GG,NN,CC,CG,AA,CC,CG,TT,TT,GT,GG,TT,TT,AA,CG,TT,TT,CC,TT,CC,TT,TT,GG,NN,TT,CT,AA,CC,GG,GG,GG,CG,GG,CC,TT,CT,AC,TT,AA,GG,TT,TT,CC,AC,GG,AT,AG,GG,CT,TT,AT,AC,GT,AA,AA,TT,AT,AG,TT,TT,CC,GG,TT,GG,AG,GG,CC,AA,AA,AA,AA,GG,TT,TT,GG,GG,GG,CC,AA,AG,AA,AA,NN,TT,AC,TT,CC,TT,TT,AG,CT,CC,GG,CC,CC,CC,GG,AA,TT,GT,CC,AA,GG,NN,CT,GG,TT,CC,GT,AA,AA,TT,CC,GG,CC,GG,CC,NN,NN,AG,CC,CC,CC,CC,AA,TT,CC,AA,CC,CC,AA,TT,AA,AT,GG,CC,CC,GG,GG,AA,AA,CC,NN,CC,CC,AA,AA,GG,GT,GG,AC,TT,NN,GG,AA,GT,GT,TT,CG,AA,TT,TT,AT,TT,CG,CC,AA,CT,CC,AC,CG,AC,AA,GG,AG,CC,TT,CC,GG,TT,GG,AT,AA,NN,TT,AC,NN,AC,CC,CC,GG,GG,AC,GG,TT,AC,NN,CC,GG,AA,AC,AA,AA,GT,TT,AA,TT,CG,GG,AT,CC,AT,TT,AA,GG,AA,TT,AC,TT,CC,TT,AC,CC,TT,GG,AA,NN,AG,CC,TT,TT,TT,CG,TT,AC,AA,GG,GG,CC,CG,GG,CC,GG,AT,AA,CG,TT,NN,CC,CC,AT,GG,CC,AT,CC,AA,AA,NN,CC,CC,TT,AA,GG,AA,AC,AA,AA,AG,AG,AG,AA,AT,GG,AA,AA,CC,AA,CT,AG,AA,GG,GG,GG,GT,AA,AA,TT,TT,TT,AA,TT,GG,GG,AA,2.11,Moderate,Medium,Poor,Medium
L0893,Coimbatore,Tamil Nadu,Kharif,Red Loamy,Rainfed,650,29.5,68,AA,TT,AG,AA,CG,GG,GG,TT,CG,CC,AA,CT,CC,TT,GG,NN,GG,TT,TT,AA,CC,TT,TT,CT,TT,CC,TT,TT,GG,AA,TT,CC,AA,CC,GG,CG,GG,CG,GG,CC,TT,CC,AA,TT,AA,GG,CT,TT,CC,AA,GT,AA,AA,GG,CC,GT,AA,AA,GT,AA,AA,GT,TT,AG,TT,TT,CC,GG,TT,GT,AG,GT,CC,AA,AG,AA,AA,NN,TT,TT,GG,GG,GG,CC,AT,GG,AA,AA,CC,GT,CC,TT,CT,TT,TT,GG,CT,AC,TT,CC,CC,CG,AG,AA,TT,GT,CC,AG,AG,AA,CT,GG,TT,CC,TT,AC,AA,TT,CC,AG,CC,AG,CC,GG,CT,AG,CT,CC,CC,CC,AA,TT,CC,AA,CC,CC,AG,AT,AA,AA,GG,CC,CC,GG,AA,AG,AA,CC,GT,CC,CC,AA,AA,GG,GT,AG,AA,GT,TT,GG,CC,TT,GT,CT,CC,AA,TT,TT,AA,AT,CG,CC,AA,CT,CC,CC,GG,CC,AA,GG,AG,CC,TT,CC,TT,TT,CG,AT,AA,AA,TT,CC,CG,AC,AC,CC,GG,GG,AA,GG,TT,AA,AA,CC,GG,AT,AC,NN,TT,GG,TT,TT,AT,CG,GG,AA,GG,AA,TT,AT,GG,AA,CT,AA,TT,CC,CC,AC,CC,CT,GG,AG,CG,GG,CC,TT,TT,TT,NN,TT,AC,AC,AA,GG,CG,CC,GG,CC,GG,AT,AG,CG,GT,GG,CG,CC,AA,GG,CC,AA,CC,AA,AA,CC,CG,AA,TT,AA,GG,AA,AA,AA,AC,AG,AA,GG,AA,TT,GG,AA,AG,NN,AA,TT,AA,AA,GG,GG,CG,GT,AA,NN,GT,TT,TT,AG,TT,GG,GG,AA,4.85,Susceptible,High,Premium,Early
L0894,Coimbatore,Tamil Nadu,Kharif,Red Loamy,Rainfed,650,29.5,68,AC,CT,GG,AG,CG,CC,GG,AT,CC,CC,AA,CC,CG,TT,GT,GG,GG,NN,TT,AG,CC,TT,TT,CC,TT,CC,TT,TT,GG,AA,TT,CT,NN,AC,GG,CG,GG,CG,GG,CC,TT,CT,AC,TT,AA,AG,TT,TT,CC,CC,GT,AT,AG,GG,CC,TT,AA,NN,GT,AC,AG,TT,TT,AA,CT,TT,CC,GG,TT,GT,AA,GG,CC,AA,GG,AC,AT,GG,TT,TT,GG,TT,GG,CC,AT,GG,AA,AT,CC,TT,AC,TT,CT,TT,TT,AG,TT,CC,GT,CC,CC,CC,GG,AA,TT,TT,CC,AA,AA,AA,CC,GG,TT,CC,TT,AA,AA,TT,CC,GG,CG,AG,CC,GG,CT,AA,CC,CC,CC,CC,AA,TT,CC,AA,CC,CC,AA,TT,AA,AA,CG,CT,CG,GG,AA,AA,AA,AC,GG,CC,CC,AG,AG,AG,TT,GG,AA,TT,TT,GG,CC,GT,TT,TT,NN,AT,TT,TT,AA,TT,GG,CC,GG,CC,CC,CC,GG,CC,AT,GG,AG,CC,TT,CC,GG,TT,CG,AA,AA,GG,TT,AC,CG,AA,CC,CC,GG,GG,AC,GG,TT,AA,AG,CC,GG,AA,AC,AA,AT,GT,TT,TT,AA,GG,GT,AA,GG,TT,TT,AA,GG,AA,TT,AC,TT,NN,TT,AA,CC,CT,GG,AG,CC,AG,AC,TT,TT,TT,NN,TT,AA,CC,AA,GG,CC,CG,GG,CC,GG,TT,AA,CC,TT,GG,CC,CC,NN,AG,CC,AA,CC,AA,AA,NN,CG,CC,TT,AA,CG,AA,AA,CC,AA,GG,AA,AG,AA,NN,GG,AC,AA,AC,AC,CT,AA,AA,GG,AG,GG,TT,AT,AA,GT,TT,TT,AG,AA,GG,GG,AC,4.68,Resistant,Low,Standard,Early
L0895,Coimbatore,Tamil Nadu,Kharif,Red Loamy,Rainfed,650,29.5,68,AA,TT,AG,AG,GG,CC,GT,TT,CC,CC,AA,CC,CC,NN,TT,GG,GG,TT,TT,AA,CC,TT,TT,CC,AT,CC,GT,TT,GT,AA,TT,CC,AA,CC,GG,NN,GG,CG,GG,CC,TT,CC,AA,TT,AG,AG,TT,AT,CC,CC,GT,AA,AA,GG,CC,TT,AA,CC,GG,AC,AA,TT,TT,AG,CC,AT,CC,GG,TT,GG,AG,GG,CC,AG,GG,AA,AA,GG,TT,TT,GG,GT,GG,CC,AT,GG,AA,AA,CG,TT,CC,GT,CC,AT,GT,GG,TT,CC,GT,CC,CC,CC,GG,AA,TT,TT,CC,AA,AA,AA,TT,GG,TT,CG,TT,AA,AA,TT,CC,AG,CG,GG,NN,GT,CT,AA,CC,CC,CC,CG,AG,TT,AC,AA,CC,NN,AA,TT,AA,AA,GG,CC,CC,GG,AA,GG,AA,AC,GT,CC,CC,AA,NN,GG,TT,GG,AA,TT,TT,GG,CC,GT,TT,TT,CC,AA,GG,TT,AA,TT,CG,CC,AG,TT,CC,CC,GG,AC,AA,GG,AG,CC,TT,CC,TT,TT,CG,AT,AA,AG,TT,CC,NN,AA,CC,CC,GG,GG,AA,CG,TT,AC,AA,CC,GT,TT,CC,AA,TT,GG,TT,TT,AT,GG,GT,AA,CC,AA,GT,AA,GG,AA,TT,AA,TT,CC,TT,AA,CC,TT,GG,AA,CC,AG,CC,TT,TT,TT,GG,TT,AC,AC,GG,GG,CC,CC,GG,CC,GG,TT,AA,CG,TT,GG,CC,CC,AA,AG,CG,NN,CC,AA,AA,AC,CC,CC,TT,AG,GG,AA,AC,AC,AA,AA,AA,AA,AA,TT,GG,AA,AA,AA,AA,CT,AA,AA,GG,GG,GG,GT,AA,AA,GT,TT,TT,AG,TT,GG,GG,AA,4.36,Susceptible,Medium,Standard,Late
L0896,Coimbatore,Tamil Nadu,Kharif,Red Loamy,Rainfed,650,29.5,68,AC,CT,GG,AG,GG,CC,GG,AT,CC,CG,AA,CC,CG,TT,GT,GG,GG,TT,TT,AA,CC,GT,GT,CT,TT,CC,TT,TT,GT,AA,TT,CC,AA,CC,GG,GG,GG,CG,GG,AC,TT,CT,AA,TT,AA,AA,CT,AT,CC,AC,GG,AT,AA,GG,CC,TT,AA,CC,TT,AC,AG,TT,AT,AA,TT,TT,CC,GG,TT,TT,AA,GG,AC,AG,AG,AA,AT,AG,TT,TT,GG,GG,TT,CC,AA,GG,AA,AA,CC,TT,AC,TT,CT,TT,TT,GG,TT,CC,TT,CC,CC,CG,AA,AA,TT,TT,CC,AA,AA,AA,CT,GG,TT,CC,GT,AC,AA,TT,CC,GG,CC,GG,CC,GG,CT,AA,CC,CC,CC,CC,AA,NN,CC,AA,CC,CT,AA,TT,AA,AA,GG,CC,CC,GG,AA,AA,AT,CC,GT,CC,CC,AA,AG,GG,GT,GG,CC,TT,CT,AG,AC,TT,TT,TT,CG,AA,TT,CT,AA,TT,GG,CC,AG,CT,CC,CC,GG,AC,AA,GG,GG,CC,TT,CC,TT,TT,CG,AT,AA,AA,TT,AA,CC,AA,CC,CC,GG,GG,AA,GG,TT,AA,AA,CC,GG,AA,CC,AA,AA,GT,TT,AT,NN,CG,GT,AA,CC,AT,GT,AA,GG,AA,CT,AA,TT,CC,TT,AA,CC,CC,GG,AA,CG,GG,CC,AT,TT,GT,GG,TT,AA,AC,AA,GT,CC,CG,GG,CC,GG,AA,AA,CC,GT,GG,CC,CC,AA,GG,CC,AT,CC,AA,AA,AC,CG,CC,TT,AA,GG,AA,AA,AC,AA,GG,AG,AA,AA,AT,GG,AC,GG,AC,AA,CC,AA,AG,GG,GG,GG,TT,AA,AG,TT,TT,TT,GG,AT,GG,GG,AA,1.83,Moderate,Low,Poor,Early
L0897,Coimbatore,Tamil Nadu,Kharif,Red Loamy,Rainfed,650,29.5,68,CC,TT,NN,AG,GG,CG,GG,TT,CC,CC,AT,CC,GG,TT,TT,GG,GG,NN,TT,AA,CC,GT,TT,CC,NN,CC,TT,TT,GG,AA,TT,CT,AA,CC,GG,GG,GG,CC,NN,CC,TT,CT,AA,TT,AA,AG,TT,TT,CC,AC,GG,AA,AG,GG,CT,TT,AA,AC,GT,AA,AA,TT,AT,AA,TT,TT,CC,GT,TT,GT,AA,GG,CC,AA,GG,AC,AT,GG,TT,TT,GG,GG,GT,AC,AA,GG,AA,AT,CC,TT,CC,TT,CT,TT,TT,GG,TT,AC,GG,CC,CT,CC,GG,AG,TT,TT,CC,AA,AG,AA,CC,GG,TT,CC,TT,AA,AA,AT,CC,GG,CC,GG,CC,GG,TT,AA,CC,CC,AC,NN,AA,GT,CC,AA,CC,TT,AA,TT,AA,AT,GG,CT,CC,GG,NN,GG,AA,CC,GG,CC,CC,AA,AG,AG,TT,GG,AA,GT,CT,GG,AC,TT,GT,TT,CC,AT,GT,TT,AA,AT,GG,CC,AA,CT,CC,CC,CC,CC,AA,GG,AG,CC,TT,CC,GG,GT,CG,TT,AA,AA,TT,CC,GG,NN,CC,CC,GG,GG,AA,GG,TT,AA,AA,CC,GT,AA,CC,AT,AT,GG,TT,TT,AA,GG,GT,AA,CG,TT,NN,AA,GG,AA,CT,AA,TT,CC,TT,AA,CC,TT,GG,AG,CC,AG,CC,TT,TT,GT,GG,TT,AA,CC,AA,GG,CC,CG,GG,CG,GG,AT,AA,CC,GT,GG,CC,CC,AT,GG,CC,AA,CC,AA,AA,CC,CC,CC,NN,AA,GG,AA,AC,AC,AA,GG,AA,AG,AA,TT,GG,AA,AA,CC,AC,TT,AA,AG,GG,GG,GG,GT,AA,AA,TT,TT,TT,AA,AA,GG,GG,NN,2.82,Resistant,Low,Standard,Early
L0898,Coimbatore,Tamil Nadu,Kharif,Red Loamy,Rainfed,650,29.5,68,AC,CT,AG,AG,GG,CC,GT,AT,CC,GG,AA,CC,CG,TT,TT,GG,GG,TT,TT,AA,CC,TT,GT,CC,AT,CC,TT,TT,GG,AA,TT,CC,AA,CC,GG,GG,GG,CC,GG,CC,TT,TT,AA,TT,AA,AA,TT,TT,CC,CC,GG,AA,AG,GG,CC,GT,AA,AA,TT,AA,AA,TT,AT,AA,TT,AT,CC,GG,TT,GG,AA,GG,CC,AA,GG,AA,AA,GG,GT,TT,NN,GG,GG,CC,AA,GG,AA,AA,CC,GG,CC,TT,CC,TT,GT,GG,TT,AC,TT,CC,TT,CG,AG,AA,TT,TT,GG,AA,AG,AC,CT,GG,GT,CG,GT,AA,AC,TT,CC,GG,CC,AG,CC,GG,CT,AG,CC,CC,CC,CC,AA,GT,CC,AA,AC,CT,AA,TT,AG,AA,NN,CT,CC,GG,AA,AG,AA,CC,GT,CC,CC,AA,AA,GG,TT,GG,AC,TT,TT,GG,CC,GT,TT,CC,CC,AA,TT,TT,AA,TT,GG,CC,AA,CT,CC,CC,CG,CC,AA,GG,AA,NN,TT,CG,GG,GT,GG,AT,AA,AA,TT,CC,GG,AA,NN,CC,GG,GG,AC,GG,TT,AA,AA,CC,GG,AA,AC,AA,AA,GG,TT,AT,AA,GG,GG,NN,CC,TT,GT,AA,GG,AA,CT,AC,TT,CG,TT,AA,CC,TT,GG,AG,CC,AG,AC,TT,TT,GG,GG,AT,AC,AC,AA,GT,CC,CG,GG,CC,GG,AT,AG,CC,TT,GG,CC,CC,AT,GG,CC,AA,CC,AA,AA,AC,CG,AC,AT,AA,GG,AA,AA,AC,AA,AG,AA,AA,AA,AA,GG,AC,AG,CC,NN,CT,AA,AG,GG,GG,GG,TT,AA,AA,TT,TT,TT,AG,AT,GG,GG,AA,4.53,Susceptible,Low,Poor,Medium
L0899,Coimbatore,Tamil Nadu,Kharif,Red Loamy,Rainfed,650,29.5,68,AA,TT,GG,AA,GG,CC,GG,TT,CC,CG,AA,CC,CG,TT,TT,GG,GG,TT,AT,AA,CC,TT,GG,CC,TT,CT,TT,AT,GG,AA,TT,CC,AA,CC,NN,CG,GG,CG,GG,CC,TT,CT,AA,TT,AA,AG,TT,TT,CC,CC,GG,AA,AA,CG,CT,GT,AA,AC,GT,AA,AA,TT,AT,AA,TT,TT,CC,GG,TT,GG,AG,GG,CC,AA,GG,AA,AT,AG,TT,TT,GG,GG,GG,CC,AT,GG,AA,AT,CC,TT,CC,TT,CT,TT,TT,GG,CT,CC,GT,CC,CT,CG,GG,AA,TT,TT,CC,AA,AA,AA,CC,GT,TT,CC,GT,AA,AA,TT,CC,GG,CC,GG,CC,GT,TT,AA,CC,CG,CC,CC,AA,TT,AC,AA,CC,CC,AA,TT,AA,AA,GG,CC,CC,GG,AA,AA,AA,CC,GG,CC,CC,AG,AA,GG,TT,GG,AC,TT,TT,GG,CC,TT,GT,TT,CC,AT,TT,TT,AA,TT,GG,CC,AG,CC,AC,AC,GG,CC,AA,GG,AA,CC,TT,CC,GG,GT,CG,AT,AA,AG,TT,CC,GG,AA,CC,CG,GG,GG,AA,GG,TT,AA,AA,CC,GT,AA,CC,NN,AT,GT,TT,TT,AA,CG,GT,AA,CC,AT,TT,AA,GG,AA,TT,AA,TT,CC,TT,AA,CC,CT,GG,GG,CC,AG,CC,TT,TT,GT,GG,TT,AA,AA,AG,GG,CC,CG,GG,CC,GG,AT,AA,CC,TT,GG,CC,CC,AT,AG,CC,AT,CC,AT,AA,CC,CG,AC,TT,AA,GG,AA,AA,CC,AA,GG,NN,AG,AA,TT,CG,AA,AA,AC,AA,CT,AA,AA,GG,GG,GG,TT,AA,AA,TT,AT,TT,GG,AT,GG,GG,AA,3.67,Susceptible,Low,Standard,Medium
L0900,Coimbatore,Tamil Nadu,Kharif,Red Loamy,Rainfed,650,29.5,68,AA,TT,GG,NN,CC,CC,GG,TT,CC,CG,AA,CT,CC,AT,TT,GT,GG,TT,TT,AA,CC,GT,GT,CC,TT,CT,TT,TT,GG,AA,CT,CC,AA,CC,GG,GG,GG,NN,GG,CC,TT,NN,AA,TT,AG,AA,TT,TT,CC,AC,GG,AT,AA,GG,CC,TT,AT,CC,GT,AA,AA,TT,AA,AG,TT,AA,CC,GG,TT,GT,AG,GG,CC,AA,AG,AC,AA,AG,TT,TT,GG,GG,GG,CC,AA,GG,AA,AT,CC,TT,CC,TT,CC,TT,GT,AG,TT,CC,GT,CC,CT,CC,GG,AA,TT,TT,CC,AA,AG,NN,CT,GG,TT,CC,TT,AA,AC,TT,CC,GG,CC,AG,CC,TT,TT,AA,CT,CC,CC,CC,AA,TT,CC,AA,CC,CC,AA,TT,NN,AA,CG,CC,CC,GG,AA,AG,AA,CC,GG,CC,CC,AA,AA,AG,TT,GG,AA,TT,CC,GG,NN,TT,TT,TT,CG,AT,TT,TT,AA,TT,GG,CC,AG,TT,CC,AC,CG,CC,AA,GG,GG,CC,TT,CC,GG,TT,GG,TT,AA,AA,NN,CC,GG,AC,AA,CC,GG,GG,AA,GG,TT,AC,AA,CG,GG,AT,CC,AA,TT,GT,TT,TT,AA,CG,GT,AT,CC,AT,GT,AT,GG,AG,TT,AA,TT,CC,NN,AA,CC,TT,GG,AA,CC,AG,CC,TT,CT,TT,GG,TT,AA,AC,AG,GT,CC,CG,GG,CC,GG,AT,AA,CG,GT,GG,CG,CG,AA,GG,CC,NN,CC,NN,AA,CC,CG,AA,TT,AA,GG,AA,AA,CC,AA,AG,GG,AG,AA,AT,GG,AA,AA,CC,AA,TT,AA,AA,GG,GG,GG,NN,AA,AA,GT,TT,TT,AA,TT,GG,GG,AA,3.86,Susceptible,High,Poor,Late
L0901,Coimbatore,Tamil Nadu,Kharif,Red Loamy,Rainfed,650,29.5,68,CC,CC,AA,AG,GG,CG,GT,TT,CC,CC,AA,CC,CG,TT,TT,GG,GG,TT,TT,AA,CC,TT,GT,CC,TT,CC,TT,TT,GG,AA,CT,CT,AA,CC,GG,CG,GG,CC,GG,CC,TT,CT,AA,GT,AA,AG,CT,TT,CC,AC,GG,AA,AG,GG,CT,TT,AA,AA,TT,AC,AA,GT,AT,AA,TT,AT,CC,GG,TT,GG,AA,GG,CC,AA,AG,AA,AT,AG,GT,TT,AG,GG,GG,CC,AA,GG,AA,AA,CC,TT,CC,GT,TT,TT,TT,AG,TT,CC,GT,TT,CC,CC,AG,AA,TT,TT,CC,AA,AG,AC,CC,GG,TT,CC,TT,AA,AA,AA,CC,AG,CC,GG,CC,GG,TT,AA,CC,CC,CC,CG,AA,TT,CC,AA,CC,CT,AA,AT,AA,AA,GG,CT,CC,GG,AA,AA,AA,CC,GG,CC,CC,AG,AA,GG,TT,GG,AC,GT,TT,GG,CC,GG,GT,TT,GG,AA,TT,TT,AA,TT,GG,CC,AA,CT,CC,AC,GG,CC,AA,GG,AA,CC,GT,CC,NN,TT,GG,AT,AA,AG,TT,CC,GG,AC,CC,CC,GG,GG,AC,GG,TT,AA,AA,CC,GG,AA,CC,AT,AT,GT,TT,AT,AA,GG,GG,AT,CC,TT,GT,AA,GG,AA,TT,AC,TT,CC,CT,AA,CC,CT,CG,AG,CC,GG,AA,TT,TT,GT,GG,TT,AC,CC,AA,GG,CC,CC,CG,CC,GG,AT,AA,CC,TT,GG,CC,CG,AA,GG,CG,AA,CC,AA,AA,CC,CG,AC,TT,AA,GG,AA,AC,AA,AA,AG,AA,AA,AA,TT,GG,AA,AA,AA,AC,CC,AA,AA,GG,GG,GG,TT,AA,AG,TT,TT,TT,AG,TT,GG,GG,AA,6.63,Moderate,High,Premium,Early
L0902,Coimbatore,Tamil Nadu,Kharif,Red Loamy,Rainfed,650,29.5,68,AA,CT,GG,GG,GG,CC,GT,TT,CC,CC,AT,CC,CC,TT,TT,GG,GG,TT,TT,AA,CC,TT,GT,CC,TT,CC,TT,AT,GG,AA,TT,CT,AA,CC,GG,CC,GG,GG,GG,CC,TT,CC,AC,TT,AA,AG,NN,TT,CC,AC,GT,AA,AA,GG,TT,TT,AA,AA,GT,AA,AA,NN,TT,AA,TT,TT,CC,GG,TT,GT,GG,GG,CC,AA,AG,AA,AT,AG,GT,TT,GG,GG,GG,CC,AA,GG,AA,AT,CC,GT,CC,TT,CC,AT,TT,AG,CT,CC,TT,CC,CC,CC,GG,AA,AT,TT,CC,AA,AA,AA,CC,GG,GT,CC,GT,AA,AA,TT,CC,GG,CC,GG,CT,GT,CT,AA,CC,CC,CC,CC,AG,NN,CC,AA,CC,CC,AA,TT,AA,AA,GG,CC,CC,GG,GG,AG,AA,AC,GG,CC,CC,AA,AA,GG,TT,GG,AA,TT,CT,GG,AA,TT,GT,TT,CC,AA,GT,TT,AA,AT,GG,CC,AA,CT,CC,CC,GG,CC,AA,GG,AG,CC,TT,CG,GT,GT,GG,TT,AG,AA,TT,CC,GG,AA,NN,CG,GG,AG,AC,GG,TT,AC,AA,CC,GG,AT,CC,AA,AT,GG,TT,TT,AA,CG,GG,AT,CC,TT,TT,AA,GG,AA,TT,AA,TT,CC,TT,AA,CC,TT,CG,GG,CC,GG,CC,TT,TT,GT,GG,TT,AC,CC,AA,GG,CC,CG,GG,CC,GG,AT,AA,CC,TT,GG,CG,CC,AA,AG,CG,AT,CC,AA,AA,CC,CC,AC,TT,AA,GG,AA,AC,AC,AC,AG,AA,AA,AA,TT,GG,AC,AA,AC,AA,TT,AA,AG,GG,GG,GG,TT,AT,AA,GT,TT,TT,AG,AT,GG,GG,AA,3.45,Susceptible,Medium,Poor,Medium
L0903,Coimbatore,Tamil Nadu,Kharif,Red Loamy,Rainfed,650,29.5,68,AA,CT,GG,AG,GG,CC,GT,TT,CC,NN,AA,CT,CC,TT,TT,GT,GG,NN,TT,AA,CG,TT,GT,CT,TT,CC,TT,AT,GG,AA,TT,CC,AA,AC,AG,CG,GG,GG,GG,CC,NN,CT,AA,GT,AA,AG,TT,AT,CC,AC,GT,AA,AG,CG,CT,TT,AA,AA,GG,AA,AG,TT,TT,AG,CT,TT,CC,GG,TT,GT,AA,GG,AC,AA,GG,CC,AT,GG,TT,TT,GG,GG,GG,CC,AA,NN,AA,AT,CC,GG,AC,TT,CC,TT,TT,GG,NN,CC,TT,CC,CC,CG,AG,AA,AT,TT,CC,AA,AA,AA,CT,GG,TT,CG,GT,AA,AA,TT,CC,GG,CC,GG,CC,GG,TT,AA,CC,CC,CC,CC,AA,TT,CC,AA,CC,CT,AA,AT,AG,AA,GG,CT,CC,GG,AA,AG,AT,CC,GG,CC,CG,AA,AG,GG,TT,AA,AA,TT,CT,GG,CC,TT,TT,TT,CC,AA,TT,TT,AA,TT,CG,CC,AG,CC,AC,CC,CG,CC,AT,AG,GG,CC,TT,CC,GT,GT,GG,AT,AA,AG,TT,CC,CG,AA,CC,CC,GG,GG,AC,GG,TT,AC,AA,CC,GG,AA,AC,AA,AA,GG,TT,AT,TT,GG,GT,AT,CC,AT,TT,AA,GG,AA,TT,AA,TT,CC,TT,AA,CC,CT,CG,GG,CC,AA,CC,TT,TT,GG,GG,TT,AA,CC,AG,GG,CC,CC,GG,CC,GG,AT,AA,CG,GT,AG,CC,CG,AA,GG,CG,AT,CC,AT,AA,CC,CG,AC,TT,NN,GG,NN,AC,AC,AA,AG,GG,AA,AA,TT,GG,AC,AG,CC,AA,TT,AA,AA,GG,GG,GG,TT,AT,AA,GT,TT,TT,AG,TT,GG,GG,AA,5.39,Susceptible,Low,Premium,Early
L0904,Coimbatore,Tamil Nadu,Kharif,Red Loamy,Rainfed,650,29.5,68,CC,CT,GG,AG,GG,CC,GG,AT,CC,CG,AA,CC,CC,AT,GT,GG,GG,TT,TT,AA,CC,GT,GT,CC,AA,CC,TT,TT,GG,AA,TT,CC,AA,CC,GG,GG,GG,CC,GG,CC,TT,TT,AA,GT,AA,AG,CT,AT,CC,CC,GT,AA,AA,GG,TT,TT,AA,AC,GT,AA,AA,TT,AT,AA,TT,TT,CC,GG,TT,GG,AA,GG,AC,AA,AG,AC,AA,GG,TT,TT,GG,GG,GG,CC,AA,GG,AA,AA,CC,GT,CC,TT,CT,TT,TT,GG,TT,AC,TT,CC,CC,CG,AA,AA,TT,TT,CC,AA,AG,AA,CT,GT,NN,CC,TT,AA,AA,TT,CC,GG,CC,GG,CC,GT,TT,AG,CC,CC,CC,CC,AA,TT,CC,AA,CC,CC,AA,AT,GG,AA,GG,CC,CC,GG,AA,AG,AA,CC,GG,CC,CC,AA,AA,GG,TT,GG,AC,TT,CT,AG,CC,GT,GT,TT,CC,AT,GG,CT,AA,TT,GG,CC,AG,CC,CC,CC,GG,CC,AA,GG,AA,CC,TT,CG,GT,GT,GG,TT,AA,AG,TT,CC,GG,AA,CC,CC,GG,GG,AA,CG,TT,AA,AA,CC,GG,AA,CC,AA,AA,GG,TT,TT,AT,GG,GG,AA,CC,AT,TT,AA,GG,AA,TT,AA,TT,CG,TT,AA,CC,TT,GG,AG,CC,GG,CC,TT,CT,TT,GG,TT,AA,AA,AA,GG,CC,CC,GG,CG,GG,AT,AA,CG,TT,GG,CG,CC,AA,GG,CC,AA,CC,NN,AA,AC,GG,AC,TT,AA,GG,AA,AA,AA,AA,AG,AA,AA,AA,AT,CG,AA,AA,AC,AA,CT,AA,AG,GG,GG,GG,GT,AA,AA,GT,TT,TT,GG,TT,GG,GG,AA,4.18,Susceptible,Low,Standard,Late
L0905,Coimbatore,Tamil Nadu,Kharif,Red Loamy,Rainfed,650,29.5,68,CC,TT,GG,AG,GG,CC,GG,TT,CC,CC,AA,CC,CG,AT,TT,GG,GG,TT,TT,AG,CC,TT,TT,CT,NN,CT,TT,TT,GT,AC,CT,CC,AA,CC,AG,GG,GG,CC,GT,CC,TT,CT,AA,GT,AA,GG,TT,NN,CC,AC,GG,AA,GG,GG,CT,TT,AA,AA,GG,AA,AA,NN,AT,AA,TT,TT,CC,GG,CC,GT,AA,GG,CC,AA,AG,AC,AT,GG,TT,TT,GG,GG,GG,CC,AA,GG,AA,AT,CC,GT,CC,TT,CC,AT,TT,GG,TT,CC,TT,CC,CC,CC,AG,AA,TT,TT,CG,AA,AG,AA,CC,GG,GT,CC,GT,AC,AA,AT,CG,AG,CC,NN,CC,GT,TT,AA,CC,CC,CC,CC,AA,TT,CC,AA,CC,CC,AA,TT,AA,AA,CG,CC,CC,GG,AA,AG,AA,CC,GG,CC,CC,AA,AG,GG,GT,GG,AC,TT,CT,GG,CC,TT,TT,TT,CC,AA,TT,CT,AA,TT,CG,CC,AG,CT,CC,CC,GG,AC,AA,GG,AA,CC,TT,CC,GT,TT,CC,AT,AA,AA,TT,CC,GG,AC,CC,CC,CG,GG,AA,GG,TT,AA,AA,CC,GG,AA,AC,AA,AT,GG,TT,TT,AT,CG,GT,AT,CC,TT,TT,AA,GG,AA,TT,AA,TT,CC,CT,CC,CC,TT,GG,AA,CC,AA,CC,TT,TT,GG,GG,TT,AA,AC,AA,GG,CC,CC,GG,CC,GG,AT,AG,CC,GT,AG,CC,CC,AA,GG,CC,AA,CC,AA,AA,AC,CC,CC,AT,AG,NN,AA,AA,AA,AA,AG,AA,AA,AA,TT,CG,AA,AA,CC,AC,TT,AA,AA,CG,GG,CG,TT,AA,AA,TT,TT,TT,AA,TT,GG,CG,AA,1.94,Moderate,Medium,Premium,Medium
L0906,Coimbatore,Tamil Nadu,Kharif,Red Loamy,Rainfed,650,29.5,68,AA,TT,GG,AG,GG,GG,GG,TT,CC,CG,AA,CC,CG,TT,TT,GG,CG,TT,TT,AA,CC,GT,TT,CT,TT,CC,TT,TT,GG,AA,TT,CT,AA,CC,GG,GG,GG,CC,GG,CC,TT,CT,AA,TT,AG,AG,TT,TT,CC,AC,GG,AA,AA,GG,CT,TT,AA,AA,TT,AA,AA,GT,AT,AG,TT,TT,CC,GG,TT,GT,AG,GG,CC,AA,AG,AA,AT,AG,TT,TT,GG,GG,GG,CC,AA,GG,AA,AA,CC,GT,CC,TT,CC,AA,TT,NN,TT,CC,GT,CC,CT,CG,GG,AA,TT,TT,CG,AA,AG,AA,CC,GG,TT,CC,GT,AC,AA,TT,CC,AG,CC,NN,CC,TT,TT,AA,CC,CC,CC,CC,AA,TT,CC,AA,CC,CC,AA,TT,AA,AT,CG,CC,CC,GG,AA,AA,AA,AC,GT,CC,CC,AA,AA,GG,GT,GG,AC,TT,TT,AG,AC,GT,GT,CT,CG,AT,GT,TT,AA,TT,CG,CC,AA,TT,CC,CC,GG,CC,AA,GG,AA,NN,TT,CC,GT,GT,CG,TT,AA,AA,TT,AC,GG,AA,CC,CC,GG,GG,AC,NN,TT,AC,AA,CC,GG,AA,CC,AA,AA,GG,GT,AT,AT,CG,GG,AA,CG,AA,TT,AA,GG,AA,TT,AA,TT,CC,CT,AC,CC,TT,GG,AA,CG,AA,CC,TT,TT,GT,GG,TT,AA,CC,AG,GG,NN,CC,GG,CC,GG,AT,AA,CC,GG,GG,CC,CC,AA,AG,CC,AT,CC,AA,AA,AC,CG,CC,AT,AA,GG,AA,AA,AC,AA,GG,GG,NN,AA,AT,GG,AA,AA,CC,AC,CT,AG,AA,GG,AA,GG,TT,AA,AA,TT,TT,TT,GG,TT,GG,GG,AA,1.56,Susceptible,High,Standard,Medium
L0907,Coimbatore,Tamil Nadu,Kharif,Red Loamy,Rainfed,650,29.5,68,AC,TT,AG,AA,GG,CG,GG,TT,NN,CC,AT,CC,CG,TT,TT,GG,GG,AT,TT,AA,CC,GT,TT,CC,NN,CC,TT,TT,GT,AA,TT,CT,AG,CC,GG,GG,GG,CC,GG,CC,TT,TT,AC,GT,AG,GG,TT,TT,CC,AC,GG,AA,AG,GG,CC,GT,AA,AA,GT,AA,AA,TT,TT,AA,TT,TT,CC,GG,TT,GG,AG,GG,CC,AA,GG,AC,AT,AG,TT,TT,GG,GG,GG,CC,AA,GG,AA,AA,CC,TT,CC,GT,CT,TT,TT,GG,TT,CC,TT,CC,CT,CC,AA,AA,TT,TT,CG,AA,AG,AA,CT,GG,TT,CC,TT,AA,AA,TT,CC,GG,CC,GG,CC,GG,TT,AG,CC,CC,CC,CC,AA,TT,CC,AA,CC,CT,AA,TT,AA,AA,GG,CT,CC,GG,AA,AG,AA,AC,NN,CC,CC,AA,AA,GG,GT,GG,AA,GT,CT,GG,AC,GT,TT,TT,CC,AA,GT,TT,AA,TT,GG,CC,AA,CT,NN,CC,GG,CC,AA,GG,GG,CC,TT,CC,GG,TT,GG,TT,AA,AA,GG,CC,GG,AA,AC,CC,GG,GG,CC,CG,TT,AA,AA,CC,GG,AT,AC,AA,NN,GG,GT,AT,AT,GG,GT,AT,CC,AT,TT,AA,GG,AA,TT,AA,TT,CC,TT,AA,CC,TT,GG,AG,CC,AA,AC,TT,CC,GT,GG,TT,AA,AC,AA,GG,NN,CC,GG,CC,GG,AT,AA,CC,TT,GG,CC,CC,AA,GG,CC,TT,CG,AA,AA,AC,CG,AC,TT,AA,GG,AA,AA,AC,AA,GG,AG,AA,AA,TT,CG,AA,AG,CC,AA,CT,AA,AA,GG,GG,GG,TT,AA,AA,NN,TT,TT,AA,TT,GG,GG,AA,5.38,Moderate,Medium,Premium,Early
L0908,Coimbatore,Tamil Nadu,Kharif,Red Loamy,Rainfed,650,29.5,68,AC,TT,AA,GG,GG,CC,GG,AT,CC,CC,AT,CC,CG,AT,TT,GG,GG,AT,TT,AG,CC,TT,GT,CT,AA,CC,TT,TT,GT,AA,TT,CC,AA,CC,GG,GG,GG,GG,GG,CC,TT,TT,AA,TT,AG,AG,TT,AT,CC,CC,GG,AA,AG,GG,CC,GG,AA,AC,GG,AA,AA,TT,TT,AG,TT,AT,CC,GG,TT,GG,AG,GG,CC,AA,GG,AA,AT,GG,TT,TT,GG,GG,GG,CC,AA,GG,AA,AA,CC,GT,CC,TT,CC,TT,NN,GG,TT,CC,NN,CC,CC,CC,GG,AA,TT,TT,CC,AA,AG,AA,CC,GG,TT,CC,TT,AC,AA,TT,CC,GG,CC,GG,CC,GG,TT,AG,CC,CC,CC,CC,AA,TT,CC,AA,CC,CT,AA,AT,AA,AA,CG,CC,CC,GG,AG,AG,AA,CC,GG,CC,NN,AA,AG,GG,TT,AG,AC,TT,CT,GG,CC,TT,GT,TT,CC,AA,GG,TT,AT,TT,CG,CC,AA,CC,CC,CC,CG,CC,AA,GG,AA,CC,TT,CC,GG,TT,GG,AT,AA,AA,TT,CC,GG,AA,CC,CC,GG,GG,AC,CG,TT,AA,AA,CC,GG,AA,CC,AA,AA,GG,TT,AT,AA,GG,GT,AA,CC,AT,NN,NN,GG,AA,TT,AA,TT,CC,TT,AA,CC,CT,GG,AG,CG,AG,CC,TT,TT,TT,GG,AT,AA,CC,AA,GG,CC,CG,GG,CC,GG,TT,AA,CC,GT,GG,CC,CC,AA,AA,CC,AT,CG,AT,AA,CC,CG,AA,TT,AA,CG,AA,AA,AC,AC,GG,AA,AA,AA,TT,NN,AC,AG,AA,AA,TT,AA,AA,GG,GG,GG,TT,AA,AG,TT,TT,TT,AA,TT,GG,GG,AA,5.34,Susceptible,Medium,Premium,Medium
L0909,Coimbatore,Tamil Nadu,Kharif,Red Loamy,Rainfed,650,29.5,68,AC,TT,GG,GG,GG,CC,TT,TT,CC,GG,AA,CC,CG,TT,TT,GG,CG,TT,NN,AA,CC,TT,GT,CT,TT,CC,TT,TT,GG,AA,TT,CC,AA,CC,GG,GG,GG,CC,GG,CC,TT,CT,CC,TT,AA,NN,TT,NN,CC,AC,GG,AA,AG,GG,CT,GT,AA,AA,GG,AA,AA,TT,TT,AG,TT,AT,CC,GG,TT,NN,AG,GG,CC,AA,AG,CC,AT,GG,TT,TT,GG,GT,GT,CC,AT,GG,AA,AA,CC,TT,AC,TT,CT,TT,TT,GG,TT,CC,TT,CC,CC,CG,AG,AA,TT,TT,CC,AA,AG,AA,CT,GG,TT,CC,GT,AA,AC,TT,CC,GG,CC,AG,CC,GG,TT,AA,CT,CC,CC,CC,AA,GT,AC,AA,CC,NN,AA,TT,AA,AA,GG,CC,CC,AG,AG,AA,AA,AC,GG,CC,CG,AA,AA,GG,TT,GG,AA,TT,CT,GG,CC,TT,TT,TT,CG,AA,GT,TT,AA,TT,GG,CC,AA,CT,CC,CC,CC,CC,AA,GG,AA,CC,TT,CC,GG,TT,GG,TT,AA,AA,TT,AA,GG,AA,CC,CC,GG,GG,AC,GG,TT,AA,AA,CC,GG,AA,AC,AA,AT,GG,GT,TT,AA,CG,GG,AT,CC,TT,TT,AA,GG,AA,CT,AA,TT,CG,CT,AA,CC,CT,NN,AA,CG,GG,AA,TT,CT,TT,GG,TT,AC,CC,AG,GT,CC,CG,GG,CC,GG,AT,AA,CC,TT,GG,CC,CC,AA,GG,CC,AA,CC,AA,AA,CC,CG,AC,TT,AA,CG,AA,AC,AC,AA,AG,AA,AA,AA,AT,GG,AC,AA,AC,AC,TT,AA,AG,GG,AA,GG,TT,AA,AA,GT,TT,TT,GG,TT,GG,CG,AA,3.29,Moderate,High,Poor,Medium
L0910,Coimbatore,Tamil Nadu,Kharif,Red Loamy,Rainfed,650,29.5,68,AA,CT,GG,AG,GG,CG,GT,TT,CC,CC,AA,CC,CG,TT,TT,GG,GG,TT,TT,AA,NN,TT,TT,CC,TT,CC,TT,TT,GT,AA,CC,CT,AA,CC,GG,CG,GG,CC,GG,AC,TT,TT,AA,TT,AA,GG,TT,TT,CC,CC,GG,AT,AA,GG,CC,TT,AA,AC,GG,AC,AA,TT,AA,AG,CT,TT,CC,GG,TT,TT,AG,GT,CC,AA,GG,AC,AA,AG,TT,TT,GG,GG,GG,CC,AA,GG,AA,AT,CC,TT,AC,TT,CC,TT,TT,GG,CT,AC,TT,CC,CT,CC,AG,AA,AT,TT,CC,AG,AG,AA,CC,GG,GT,CC,TT,AA,AA,TT,CG,GG,CG,GG,CT,GT,TT,AG,CT,CC,CC,CC,AA,TT,CC,AA,CC,CC,AG,AT,AA,AA,GG,CC,CC,GG,AA,AG,AA,CC,GG,CC,CC,AG,AG,GG,TT,GG,AC,TT,CT,AG,AC,GT,TT,TT,CG,AA,GT,TT,AA,AT,GG,CC,AG,CT,CC,CC,CG,AC,AA,GG,AA,CC,TT,CC,GG,GT,GG,TT,AA,AG,TT,CC,GG,AA,CC,CC,GG,GG,AA,GG,TT,AA,AG,CC,GT,AA,AC,AA,AA,GG,TT,TT,AA,GG,GT,AT,CC,AT,NN,AA,GG,AA,TT,AA,TT,CC,CT,AC,CC,NN,GG,AG,CC,AA,CC,TT,TT,GT,GG,TT,AA,AA,GG,GG,CC,CC,GG,CC,GG,TT,AG,CC,TT,GG,CC,CG,AA,GG,CG,AA,CG,AA,AA,AC,CC,CC,TT,AA,GG,AA,NN,CC,AA,GG,AA,AA,AA,TT,GG,AA,AA,CC,AA,CT,AA,AA,GG,GG,GG,TT,AA,AA,GT,TT,TT,GG,AT,GG,GG,AA,2.17,Susceptible,Medium,Standard,Early
L0911,Coimbatore,Tamil Nadu,Kharif,Red Loamy,Rainfed,650,29.5,68,AA,TT,GG,AG,GG,CG,GG,AT,CC,CC,AA,CC,CG,TT,TT,GG,GG,TT,NN,AG,CC,TT,TT,CC,TT,CC,TT,TT,GG,AA,TT,CC,AA,CC,GG,GG,GG,CG,GG,CC,TT,TT,AA,TT,GG,AG,TT,TT,CC,AA,GG,NN,AA,GG,CC,GT,AT,AA,GT,AC,AG,TT,TT,AA,TT,TT,CC,GG,TT,GG,AA,GG,CC,AA,GG,AC,AA,GG,TT,TT,GG,GT,GG,CC,AA,GG,AA,AA,CC,GT,AC,TT,CC,TT,TT,GG,CC,CC,GT,CC,CT,CC,AA,AA,TT,TT,CC,AA,AA,AC,CC,GG,TT,CC,TT,AC,AA,TT,CC,GG,CC,GG,CT,TT,CT,AA,CC,CC,CC,NN,AA,TT,CC,AA,CC,CC,AA,AT,AA,AA,GG,CC,CC,GG,AA,GG,AA,CC,GG,NN,CC,AA,AA,GG,TT,GG,AC,GT,TT,GG,AC,GT,GT,CT,CC,AT,GT,TT,AA,NN,GG,CC,AA,CT,AC,AC,CG,CC,AA,GG,AG,CC,TT,CC,GT,NN,GG,AT,AA,AG,TT,CC,GG,AA,AA,CC,GG,GG,AC,GG,TT,AC,AA,CC,GG,AT,CC,AA,AT,GG,TT,TT,AA,GG,GT,AT,CG,AT,TT,AA,GG,AA,TT,AA,TT,CG,TT,AA,CC,TT,GG,AA,CG,AG,AC,TT,CT,GT,GG,AT,AA,AC,AA,GG,CC,CG,GG,CC,GG,TT,AA,CG,NN,GG,CC,CC,AA,AG,CC,AA,CC,AA,AA,AC,CG,AC,TT,AA,CG,AA,AC,AA,AA,AA,AG,AG,AA,TT,GG,AA,GG,AA,AA,TT,AA,AA,NN,GG,GG,NN,AA,NN,TT,TT,TT,AA,TT,CC,GG,AA,6.97,Susceptible,Medium,Poor,Medium
L0912,Coimbatore,Tamil Nadu,Kharif,Red Loamy,Rainfed,650,29.5,68,NN,TT,NN,NN,CG,CC,GG,TT,CC,CG,AA,CC,CC,TT,GT,GT,NN,TT,TT,AA,CC,TT,GT,CT,TT,CC,TT,TT,GG,AA,TT,CT,AA,CC,GG,GG,GG,CC,GG,CC,TT,CC,AA,TT,AG,AG,TT,NN,CC,AC,GG,AA,AA,GG,CC,TT,AT,AA,TT,AC,AA,TT,AT,AG,TT,TT,CC,NN,NN,GG,AA,GG,CC,AA,GG,AA,AT,AG,TT,TT,GG,TT,GG,CC,AA,GG,AA,AT,CC,TT,AC,TT,CC,AT,GT,AG,TT,CC,GT,CT,CT,CG,GG,AA,TT,TT,CC,AA,AA,AA,CC,GG,GT,CC,TT,AC,AA,TT,CC,GG,CC,GG,CC,GG,NN,AA,CT,CC,CC,CC,AA,GT,CC,AA,CC,CC,AA,TT,AA,AA,GG,CC,CC,GG,AA,AG,AA,CC,GG,CC,CG,AG,NN,GG,TT,NN,AA,TT,CT,GG,CC,TT,TT,TT,CC,AA,GT,TT,AT,TT,GG,CC,AA,CC,CC,AC,GG,CC,AA,GG,AA,CC,TT,CC,GG,GT,GG,TT,AA,AA,TT,CC,GG,CC,CC,CC,GG,GG,AA,GG,TT,AC,AA,CC,GG,AA,CC,AA,AA,GG,TT,TT,AA,GG,TT,AA,CC,AT,GT,AA,GG,AA,TT,AA,TT,CG,TT,AA,CC,TT,GG,GG,CC,AG,CC,TT,CC,GT,GG,TT,AA,CC,AG,GG,CC,CC,GG,CC,GG,TT,AA,CC,TT,GG,CC,CC,AA,AG,CC,AT,CG,AA,AA,AC,CG,AC,TT,AA,GG,NN,AA,AC,AA,GG,AA,AA,AA,AT,GG,AA,AG,AC,AC,TT,AA,AA,GG,GG,GG,GT,AA,AA,TT,TT,TT,AG,TT,GG,GG,AA,5.73,Resistant,Medium,Standard,Early
L0913,Coimbatore,Tamil Nadu,Kharif,Red Loamy,Rainfed,650,29.5,68,AA,TT,GG,AG,GG,CC,GT,TT,CC,CG,AT,TT,CC,TT,TT,NN,CG,NN,TT,AG,CG,TT,TT,TT,TT,CC,TT,TT,GG,AA,CT,NN,AA,CC,GG,NN,GG,GG,GG,CC,TT,CC,AC,TT,AA,GG,TT,TT,CC,AA,GG,AA,AG,GG,CC,TT,AA,AC,TT,AA,AA,TT,TT,AA,TT,AA,CC,GG,TT,GT,AA,GT,AC,AA,AG,AC,AA,GG,TT,CT,GG,GT,GT,NN,AA,GG,AA,AA,CC,TT,AC,GT,NN,AT,TT,GG,TT,AC,GT,CC,CC,GG,GG,AA,TT,GT,CC,AA,AA,AA,CT,GG,GT,CC,TT,AA,AA,AT,CG,GG,CG,AG,CC,TT,TT,AA,CC,CC,CC,CC,AA,TT,AC,AA,CC,CC,AA,TT,AA,AA,CG,CC,CC,GG,AA,AG,AA,CC,GG,CC,CC,AA,AG,GG,TT,AG,AA,GT,TT,GG,CC,TT,GT,TT,CC,AA,GT,TT,AA,AT,CG,CC,AA,CT,CC,CC,CG,CC,AA,GG,AA,CC,TT,CC,GG,GT,GG,AT,AA,AA,TT,NN,GG,AA,CC,CC,GG,GG,AC,GG,TT,AA,AA,CC,GG,AA,CC,AT,AA,GG,TT,AA,AT,NN,GT,AT,CG,TT,TT,AA,GG,AA,TT,AA,TT,CC,CT,AC,CC,TT,GG,AG,CC,AA,CC,TT,CT,TT,GG,TT,AA,AC,AA,GT,CC,CC,GG,CC,GG,TT,AA,CC,TT,GG,CC,CC,AT,AG,CC,AA,CC,AA,AA,AC,CG,AC,TT,AA,GG,AA,AC,CC,AA,AA,AG,AG,AA,TT,GG,AA,AA,CC,AC,TT,AA,AA,GG,GG,GG,TT,AT,AA,TT,TT,TT,GG,TT,CG,CG,AA,1.62,Resistant,High,Premium,Late
L0914,Coimbatore,Tamil Nadu,Kharif,Red Loamy,Rainfed,650,29.5,68,AC,TT,GG,AG,GG,CC,GG,AA,CC,CC,AA,CC,CG,NN,TT,GG,CC,TT,TT,AA,CC,GT,GT,TT,TT,CC,TT,TT,GG,AA,TT,CT,AA,CC,AG,GG,GG,CC,GG,CC,TT,TT,AA,NN,AG,AG,TT,TT,CC,AA,GG,AT,AA,GG,CC,TT,AA,AA,GT,AA,AA,TT,AT,AA,CC,TT,CC,GG,TT,TT,AA,GG,CC,AA,GG,AA,TT,GG,TT,TT,GG,GG,GG,CC,AA,GG,AA,AA,CG,TT,CC,TT,CC,AT,GT,GG,CT,CC,TT,CC,CC,CC,GG,AA,TT,TT,CC,AA,AG,AA,CT,GG,TT,CC,TT,AC,AA,TT,CG,GG,CG,AG,CC,GG,CT,AA,CC,CC,CC,CC,AG,GT,CC,AA,CC,CC,AA,TT,AA,AA,GG,TT,CC,GG,AA,AA,AT,AC,GG,CC,CC,AA,AA,AG,GT,GG,AA,TT,CT,GG,AA,TT,GG,CT,CG,AT,TT,TT,AA,TT,CG,CC,NN,CT,AC,CC,CG,CC,AA,GG,AG,CC,TT,CC,GT,TT,GG,AA,AA,AG,TT,CC,GG,AA,AA,CC,GG,NN,AA,GG,TT,AA,AG,CC,GT,AA,CC,AA,AA,GG,TT,AT,AT,GG,GG,AA,CC,TT,TT,AA,GG,AA,TT,AA,TT,CC,TT,AA,CC,TT,GG,AG,CC,AA,AC,AT,TT,GT,GG,TT,AA,CC,AA,GG,CC,CC,GG,NN,GG,AT,AA,CC,TT,GG,CG,CC,AA,GG,CC,AT,CC,AA,AG,CC,CC,CC,TT,AA,GG,AA,AA,AC,AA,GG,AA,AG,AA,TT,GG,AC,AG,AC,AC,CT,AA,AG,CC,GG,GG,TT,AA,AG,TT,TT,TT,AA,AT,GG,GG,AA,4.78,Susceptible,Low,Standard,Late
L0915,Coimbatore,Tamil Nadu,Kharif,Red Loamy,Rainfed,650,29.5,68,AA,TT,AG,AG,GG,CG,GG,TT,CC,CC,AT,CC,GG,TT,GT,GG,CC,TT,AT,AA,CC,GT,TT,CC,TT,CC,GT,TT,NN,AA,TT,CC,AA,CC,AG,GG,GG,CC,GG,CC,TT,CC,AA,TT,AA,GG,TT,TT,CC,AC,GG,AT,AA,GG,CT,TT,AA,AC,TT,CC,AA,TT,AT,AG,TT,AT,CC,GG,TT,GG,AG,GT,CC,AA,GG,AA,AT,AG,TT,TT,GG,GT,GG,CC,AA,GG,AA,AA,CC,GT,CC,TT,CT,AT,TT,GG,TT,AC,GT,CC,CT,CG,AG,AA,TT,TT,CG,AA,GG,AA,TT,GG,TT,CC,TT,AC,AA,TT,CC,AG,CC,AG,CC,GT,TT,AG,CT,CC,CC,CC,AA,TT,CC,AA,CC,CC,AA,TT,AA,AA,GG,CC,CC,GG,AA,AA,AA,CC,GG,CC,CC,AG,AG,GG,TT,AG,AA,TT,TT,GG,AC,TT,TT,TT,CC,AA,GT,TT,AA,AT,GG,CC,AG,CT,CC,CC,GG,NN,AA,GG,AA,CC,TT,CC,GG,GT,CG,AT,AA,AA,TT,CC,GG,AA,NN,CC,GG,GG,AA,GG,TT,AC,AG,CC,GT,AA,AC,AA,AT,GG,TT,TT,AA,CG,TT,TT,CC,TT,NN,AA,GG,AA,TT,AA,TT,CC,CT,AC,CC,CT,GG,AA,CG,GG,CC,TT,TT,GG,GG,TT,AA,AC,AA,GG,CC,CG,GG,CC,GG,AT,AA,CC,TT,GG,CC,CC,AA,GG,CC,AA,CC,AA,AA,AA,GG,CC,TT,AA,GG,AA,AA,AC,AC,GG,AA,AA,AA,AT,GG,AA,GG,CC,AA,TT,AG,AA,GG,AG,GG,TT,AA,AA,GT,TT,TT,AA,AT,GG,GG,AA,2.35,Susceptible,High,Standard,Late
L0916,Coimbatore,Tamil Nadu,Kharif,Red Loamy,Rainfed,650,29.5,68,CC,TT,AG,AA,GG,CC,GG,AT,CC,CC,AA,CT,CC,TT,TT,GG,CG,TT,TT,AA,CC,GT,TT,CT,TT,CC,TT,TT,GG,AA,TT,CT,AA,CC,GG,GG,GG,GG,GG,CC,TT,CT,AA,TT,AA,AG,TT,TT,CC,AA,GT,AT,AA,GG,CC,GT,AA,AC,GT,AA,AA,TT,AT,AG,CT,TT,CC,GG,TT,GG,AA,GG,CC,AA,AG,AA,AA,GG,TT,TT,GG,GT,GG,CC,AA,GG,AA,AA,CC,GT,CC,TT,NN,TT,TT,GG,CT,CC,GT,CC,CT,CG,GG,AA,AT,TT,CG,AA,AA,AC,CC,GG,TT,NN,TT,AA,AA,TT,CC,AG,CC,GG,CC,GG,TT,AG,CT,CC,CC,CC,AA,TT,AC,AA,CC,CC,AA,TT,AA,TT,GG,CT,CG,GG,AA,GG,AA,AC,GT,CC,CC,AA,AA,GG,TT,AG,AC,TT,CT,GG,CC,GT,TT,CT,CG,AA,TT,CT,AA,TT,GG,CC,AG,CC,CC,CC,GG,CC,AA,GG,AA,CC,TT,CC,GT,GT,CG,AT,AA,AG,GT,CC,CG,AA,CC,CC,GG,GG,AC,GG,TT,AC,AA,CC,GG,AA,CC,AT,AA,GG,TT,AT,TT,GG,GG,AA,CC,TT,GT,AA,GG,AA,TT,AC,TT,CC,TT,AA,CC,TT,GG,GG,CG,AA,AC,TT,TT,GT,NN,AT,CC,AC,AA,GT,CC,CG,GG,CC,GG,AT,AA,CG,GT,GG,CC,CC,AT,AA,CG,AA,CC,AA,AA,AC,CC,AC,TT,AA,GG,AA,AA,AC,AC,AG,AA,AG,AA,TT,GG,AA,AA,AA,AC,CT,AA,AA,GG,GG,GG,TT,AA,AG,GT,TT,TT,AA,AT,GG,GG,AC,5.32,Moderate,High,Standard,Medium
L0917,Coimbatore,Tamil Nadu,Kharif,Red Loamy,Rainfed,650,29.5,68,AC,TT,GG,AG,GG,CC,GT,AT,CC,CG,AA,CC,CC,TT,TT,GG,CG,TT,TT,AA,CC,TT,GT,CC,TT,CC,TT,TT,GG,AA,TT,CC,AA,CC,GG,GG,GG,CC,GG,CC,GT,CT,AC,TT,AG,AG,TT,AT,CC,CC,GG,AT,AG,GG,CT,GT,AT,AA,GT,NN,AG,GT,AT,AG,TT,AT,CC,GG,TT,TT,AA,GT,CC,AA,GG,AA,AT,GG,TT,TT,NN,GG,GG,AC,AT,GG,AA,AT,CC,GT,AC,TT,NN,TT,GG,GG,TT,AC,NN,CC,CT,CC,AG,AA,TT,TT,CC,AA,AG,AC,CT,GG,TT,CC,TT,AA,AA,TT,NN,GG,CC,GG,CC,GG,CT,AA,CC,CC,CC,CC,AA,TT,CC,AA,CC,CC,AA,NN,AA,AT,GG,CC,CC,GG,AA,AG,AA,CC,GG,CC,CC,AA,AG,GG,TT,GG,AC,GT,TT,GG,AC,GT,GT,TT,CC,AA,TT,TT,AA,TT,CG,CC,AA,CT,AC,CC,CG,CC,AA,NN,AA,CC,TT,CC,GT,TT,GG,AT,AA,AG,TT,CC,CG,AA,AC,CC,GG,NN,AA,GG,TT,AA,AG,CC,GG,AT,CC,AA,AT,GG,GT,AT,NN,GG,TT,AA,CC,TT,TT,AA,NN,AA,TT,AA,TT,CC,TT,AA,CC,TT,CG,AA,CC,GG,CC,TT,TT,GT,CG,TT,AC,AC,NN,GG,CC,CG,GG,CC,GG,TT,AA,CC,GT,GG,CG,CC,AA,GG,CC,AT,CC,AA,AA,CC,CC,CC,TT,AA,GG,AA,AA,CC,AA,AA,AG,AG,AA,TT,GG,AA,AA,AC,AA,CT,AG,AA,GG,GG,GG,GT,AA,AA,TT,TT,TT,AG,TT,GG,GG,AC,3.92,Resistant,Low,Poor,Early
L0918,Coimbatore,Tamil Nadu,Kharif,Red Loamy,Rainfed,650,29.5,68,AC,TT,GG,AA,GG,CC,GT,TT,CC,CC,AA,CC,CC,TT,TT,GG,GG,TT,TT,AA,NN,GT,TT,CT,TT,CC,TT,TT,GT,AA,TT,CC,AA,CC,GG,GG,GG,CG,GG,AC,TT,CT,AA,TT,AG,GG,TT,TT,CC,CC,GG,AA,AG,GG,CC,TT,AT,AA,GG,AA,AA,TT,AT,AG,TT,TT,CC,GG,TT,GG,AA,GT,CC,AA,GG,AA,AT,AG,TT,TT,NN,TT,GG,CC,AA,GG,AA,AA,CC,GT,CC,TT,CC,TT,TT,GG,TT,AC,TT,CC,CT,CG,AA,AA,TT,TT,NN,AA,AG,AA,CC,GG,TT,GG,GT,AA,AA,TT,CG,AG,CC,GG,CC,GT,CT,NN,CC,CC,CC,CC,AA,NN,CC,AA,CC,CC,AA,TT,AA,AA,GG,TT,CC,GG,AA,AA,AA,CC,GG,CC,CC,AA,AG,GG,TT,AG,AA,TT,CT,GG,AA,NN,TT,TT,CC,AA,TT,CT,AT,AT,GG,CC,AG,CT,CC,CC,CG,CC,AA,GG,AA,CC,TT,CG,GG,TT,CC,AA,AA,AA,TT,CC,GG,AA,CC,CG,GG,AG,AA,GG,TT,AC,AA,CC,GG,AA,AC,AA,AA,GG,TT,AT,AA,GG,GT,AA,CC,NN,TT,AA,GG,AA,TT,AA,TT,CC,CT,AA,CC,CT,GG,AA,CG,AG,CC,TT,CT,GT,GG,TT,AA,AC,AG,GG,CG,CG,GG,CC,GG,TT,AA,CG,GT,GG,CC,CC,AA,AA,CG,AT,CC,AA,AA,CC,CC,CC,TT,AA,GG,AA,AA,AC,AA,GG,AA,AA,AA,TT,GG,AA,AG,CC,AC,TT,AA,AA,GG,GG,GG,TT,AA,AA,TT,TT,TT,AA,TT,GG,GG,AA,1.84,Susceptible,High,Standard,Medium
L0919,Coimbatore,Tamil Nadu,Kharif,Red Loamy,Rainfed,650,29.5,68,AC,CT,GG,AG,GG,CC,GG,TT,CC,CG,AA,CT,CC,TT,TT,GG,CG,TT,TT,AA,CG,GT,TT,CC,TT,CC,TT,TT,GG,AA,TT,CT,AA,CC,GG,GG,GG,CC,GG,CC,TT,CC,AA,TT,AG,GG,TT,AT,CC,AC,GT,AA,AA,GG,CT,TT,AA,AA,GT,AC,AA,TT,TT,GG,CT,TT,CC,GG,TT,GG,AG,GG,CC,AA,AG,AC,AA,GG,TT,TT,GG,GT,GT,CC,AA,GG,AA,AA,CC,TT,CC,TT,CC,TT,GT,GG,CT,CC,TT,CC,TT,CG,AG,AG,AT,TT,CC,AA,GG,AA,CC,GG,TT,CC,TT,AA,AC,TT,CC,GG,CC,GG,CC,GT,TT,AA,CC,CC,CC,CC,NN,TT,CC,AA,CC,CC,AA,TT,AA,AA,GG,CC,CC,GG,AA,AG,AA,AC,GG,CC,CG,AA,AA,GG,TT,GG,AC,TT,TT,GG,CC,GT,TT,TT,CC,AA,GT,TT,AA,TT,GG,CG,AA,TT,CC,CC,CG,AC,AA,GG,AG,CC,TT,CG,GT,GT,GG,AT,AA,AG,TT,CC,GG,AA,CC,CC,GG,GG,AA,CG,TT,AA,AA,CC,GG,AT,AC,AA,AA,GG,TT,AT,AT,GG,GT,AT,CC,AT,GT,AA,GG,AA,CC,AA,TT,CC,CT,AA,CC,TT,NN,AA,CC,AA,CC,TT,TT,NN,CG,TT,AA,CC,AA,GG,CC,CG,GG,CC,GG,AT,AA,CC,TT,GG,CC,CC,AA,GG,CG,AA,CG,AA,AA,AC,CG,CC,TT,AA,GG,AT,AA,AA,AA,AG,AG,AG,AA,TT,GG,AA,AA,AC,AC,CT,AA,AG,GG,GG,GG,TT,AT,AA,TT,TT,TT,AA,AT,GG,GG,CC,3.86,Resistant,High,Premium,Medium
L0920,Coimbatore,Tamil Nadu,Kharif,Red Loamy,Rainfed,650,29.5,68,AA,TT,NN,AG,CG,CC,GG,TT,CC,GG,AA,CT,CG,TT,TT,GG,GG,TT,TT,AA,CC,GT,GG,CT,TT,CC,GT,AT,GG,AA,TT,CC,AA,NN,AG,GG,GG,CG,GT,CC,TT,CT,AA,TT,AG,GG,TT,AT,CC,AC,GT,AT,AA,GG,CT,TT,AA,AA,TT,AC,AA,GT,TT,AA,TT,TT,CC,GG,TT,GG,AG,GG,CC,AA,GG,AA,NN,GG,TT,TT,GG,GT,NN,CC,AA,GG,AA,AA,CC,GT,CC,TT,CT,TT,TT,GG,TT,AC,GT,CC,CC,CG,AG,AG,TT,TT,CC,AA,AA,AA,CC,GG,TT,CC,TT,AC,AA,TT,CG,AG,CC,GG,CC,GG,TT,AA,CC,CC,CC,CC,AA,TT,CC,AA,CC,CC,AA,AA,AA,AT,GG,CC,CC,GG,AA,AG,AA,CC,GT,CC,CC,AA,AA,GG,TT,AG,AA,GT,NN,GG,AA,GT,GT,TT,CC,AA,GG,TT,AA,TT,GG,NN,AG,CC,CC,CC,GG,CC,AA,GG,AG,CC,TT,CG,GG,GT,CG,AT,AA,AA,TT,CC,CG,AA,CC,CC,GG,GG,AA,CG,TT,AC,AA,CC,GG,AA,AA,AA,AA,GT,TT,TT,AA,NN,GT,AA,CG,AT,TT,AA,GG,AA,TT,AC,TT,CC,TT,AC,NN,CT,CG,AA,CC,AG,CC,TT,TT,GT,NN,TT,AA,AC,AG,GG,CC,CC,GG,CC,GG,TT,AA,CC,GT,GG,CC,CC,AA,GG,CG,AA,CC,AT,AA,CC,GG,AC,TT,AA,GG,AA,AA,AC,AA,AG,AG,AA,AA,TT,CG,AC,AA,AC,AA,TT,AA,AA,GG,GG,GG,TT,AA,AG,GT,TT,TT,AA,AT,GG,GG,AA,2.76,Susceptible,High,Poor,Early
L0921,Coimbatore,Tamil Nadu,Kharif,Red Loamy,Rainfed,650,29.5,68,AC,TT,GG,AA,GG,CC,GT,TT,CC,CC,AA,CC,CC,AT,GT,GG,GG,TT,TT,AA,CC,GT,GT,TT,TT,CC,GT,TT,GG,AA,TT,CT,AG,CC,GG,GG,GG,CC,GG,CC,TT,TT,AA,TT,AA,AG,TT,TT,CC,AA,GG,AA,AA,GG,TT,GT,AA,AA,TT,AA,AA,TT,AT,AA,TT,AA,CC,GG,TT,GG,AA,GT,AC,AA,GG,CC,AT,GG,TT,TT,GG,GG,GG,CC,AA,GG,AG,AA,CC,GT,CC,TT,TT,TT,TT,GG,TT,AC,GT,CC,CT,CG,AG,AA,TT,TT,CC,AA,AG,AA,CC,GG,NN,CC,TT,AA,AA,TT,CG,AG,CC,AG,CT,GG,TT,AA,CC,CC,NN,CC,AG,TT,CC,AA,CC,CC,AA,TT,AA,AA,GG,CC,CC,GG,AA,AA,AA,CC,TT,CC,CG,AA,AG,AG,TT,AG,AA,TT,TT,GG,AC,TT,TT,TT,CC,AA,TT,TT,AA,AT,CG,CC,AG,TT,CC,CC,CG,CC,AA,GG,NN,CC,TT,CG,GG,TT,GG,AA,AA,AA,TT,CC,CG,AC,AC,CC,GG,GG,AC,NN,TT,AA,AA,CC,NN,AA,CC,AA,AA,GG,TT,TT,AA,GG,TT,TT,CC,TT,GT,AA,GG,AA,TT,AA,TT,CC,TT,AC,AC,TT,GG,AA,CG,AG,AC,TT,TT,TT,GG,TT,AA,CC,AG,GG,CC,CG,GG,CC,GG,AA,AG,CG,GG,AG,CC,CC,AT,GG,CC,AA,CC,AA,AA,AC,CC,AC,TT,AA,CG,AA,AA,AA,AC,AG,AA,AA,AA,TT,GG,AA,AA,CC,AA,CC,AA,AA,GG,AG,GG,TT,AA,AA,TT,TT,TT,AA,AT,GG,CG,AA,1.84,Susceptible,High,Poor,Late
L0922,Coimbatore,Tamil Nadu,Kharif,Red Loamy,Rainfed,650,29.5,68,AA,TT,GG,AG,GG,CC,GG,TT,CC,CC,AA,CC,CC,AT,TT,GT,GG,TT,TT,AA,CC,TT,GT,CC,TT,CC,TT,TT,GT,AA,TT,CC,AA,CC,GG,GG,GG,CG,GG,CC,TT,TT,AA,GG,AA,GG,TT,TT,CC,AC,GT,AA,AG,GG,CC,TT,AA,AC,GT,AA,AA,TT,TT,AG,TT,TT,CC,GG,CT,GG,AA,GG,CC,AA,GG,AC,AA,GG,TT,TT,GG,TT,GG,CC,AA,NN,AA,AT,CC,TT,AA,TT,CC,TT,GT,GG,CT,AC,TT,CC,CC,CC,AG,AA,TT,TT,CC,AA,AG,AC,CC,GG,TT,CC,TT,AA,AA,AT,CC,GG,CC,AG,CT,GG,TT,AA,TT,CC,CC,CC,AA,TT,CC,AA,CC,CC,AA,AT,AA,AA,GG,CC,CC,AG,AG,AG,AA,AC,GG,CC,CC,AA,AA,GG,TT,AA,AA,TT,TT,AG,CC,GT,TT,TT,CG,AA,TT,CT,AA,AT,GG,CC,GG,CT,CC,CC,CG,CC,AA,GG,AG,CC,GT,CC,GG,TT,GG,TT,AA,AG,TT,CC,CC,AA,CC,CC,GG,GG,AC,CG,TT,AA,AA,CC,GT,AA,CC,AA,AA,GT,TT,TT,AT,CG,GG,AT,CC,AT,TT,AA,GG,AG,TT,AC,TT,NN,TT,AC,CC,TT,GG,AG,CC,GG,CC,TT,TT,TT,GG,TT,AC,CC,AA,GG,CG,CC,GG,CC,GG,AT,AA,CG,TT,GG,CC,CC,AT,GG,CG,AA,CC,AA,AG,CC,CC,CC,TT,AA,GG,AA,AA,AA,AA,AG,AA,AG,AA,TT,GG,AC,AG,CC,AC,CC,AA,AA,GG,GG,CG,GT,AT,AA,GG,TT,TT,AG,TT,GG,CG,AA,3.11,Susceptible,High,Premium,Medium
L0923,Coimbatore,Tamil Nadu,Kharif,Red Loamy,Rainfed,650,29.5,68,AC,TT,GG,AG,CG,CC,GT,TT,CC,CC,AA,TT,CG,TT,GT,GG,CG,TT,TT,AA,CC,GT,GT,CT,AT,CC,TT,TT,GG,AA,TT,CC,AA,CC,GG,CG,GG,GG,GG,CC,TT,CT,AA,TT,AA,AG,TT,TT,CC,CC,GG,AA,AG,GG,CT,TT,AA,AA,GG,AC,AG,TT,AT,AA,TT,TT,CC,GG,TT,GG,AA,GG,CC,AA,AG,AC,AA,GG,GG,TT,GG,GG,GG,CC,AT,GG,AA,AA,CC,TT,CC,TT,CC,TT,GG,GG,TT,CC,TT,CC,CT,CC,AG,AA,TT,TT,CC,AA,AA,AC,CC,GG,TT,NN,TT,AA,AA,TT,CC,AG,CC,GG,CC,GG,TT,AA,CC,CC,CC,CC,AA,TT,CC,AA,CC,CC,AG,TT,AA,AA,CG,CC,CC,GG,AA,AG,AA,AC,GG,CC,CG,AA,AA,GG,GG,GG,AC,TT,TT,GG,AC,TT,TT,CT,CC,AA,GG,TT,AT,TT,GG,CC,AG,CT,CC,AC,GG,CC,AA,GG,GG,CC,TT,CC,GG,GT,GG,AT,AA,AA,TT,CC,GG,AC,CC,CC,GG,GG,AA,GG,NN,AC,NN,CC,GG,AA,AA,AA,AT,TT,NN,AA,TT,GG,GG,AT,CC,AT,GT,AA,GG,AA,CC,AC,AT,CC,TT,AA,CC,CT,CG,AG,CC,AA,CC,TT,NN,GT,NN,TT,AA,AC,AG,GG,CC,CC,GG,CC,GT,AA,AA,CC,TT,GG,CC,CG,AA,GG,CG,AA,CC,AA,AA,CC,CC,CC,AT,AA,GG,AA,AA,AC,AA,AG,AG,AA,AA,TT,GG,CC,AA,CC,AA,TT,AA,AG,GG,GG,GG,TT,AA,AA,GT,TT,TT,AA,AT,GG,GG,AA,3.63,Susceptible,High,Poor,Early
L0924,Coimbatore,Tamil Nadu,Kharif,Red Loamy,Rainfed,650,29.5,68,AC,TT,GG,AG,GG,CC,GG,TT,CC,CC,AA,CC,CC,TT,TT,GT,GG,TT,TT,AA,CC,TT,TT,CC,TT,CC,GT,AT,GT,AA,TT,CC,AA,CC,GG,NN,GG,CC,GG,CC,TT,TT,AA,TT,AA,GG,TT,AT,CC,CC,GG,AA,AA,CG,CC,GG,AA,AC,GT,AC,AA,TT,AT,AA,CC,TT,CC,GG,TT,GG,AG,GG,CC,AA,GG,AC,AA,AG,TT,TT,AG,GT,GG,CC,AA,GG,AA,AA,CC,TT,AC,TT,CT,TT,GT,GG,TT,AC,TT,CC,CT,CG,AG,AA,TT,TT,CC,AA,AA,AC,CC,GG,TT,CG,TT,AA,AA,AT,CC,AG,CG,GG,CC,GG,CC,AA,CC,CC,AC,CC,AA,TT,CC,AA,CC,CC,AA,TT,AA,AA,CG,CC,CC,GG,AA,AG,AT,CC,GT,CC,CC,AA,AA,GG,TT,GG,AC,GT,CT,GG,AC,TT,GG,TT,CG,AA,TT,TT,AA,TT,GG,CC,AA,CC,CC,AC,CG,CC,AA,GG,AA,CC,TT,CC,GT,TT,GG,AT,AA,AA,TT,AA,GG,AA,CC,CC,GG,GG,AC,GG,TT,CC,AA,NN,GG,AA,AC,AT,AT,GG,TT,TT,AA,GG,GT,AT,CC,TT,TT,AA,GG,AA,CT,AA,TT,CC,TT,AA,CC,CT,GG,AA,CG,GG,CC,AT,CT,TT,GG,AT,AA,CC,AA,GG,CC,CG,GG,CC,GG,AT,AA,CG,GT,GG,CC,CC,AA,GG,GG,AA,CC,AA,AG,CC,CG,CC,AT,AA,GG,AA,AA,AA,AA,AG,AA,AG,NN,AT,GG,AC,AA,CC,AA,TT,NN,AA,GG,GG,GG,TT,AT,AA,TT,TT,TT,AA,AT,GG,GG,AA,3.32,Moderate,Low,Premium,Early
L0925,Coimbatore,Tamil Nadu,Kharif,Red Loamy,Rainfed,650,29.5,68,CC,CT,GG,AA,GG,CC,GT,AT,CC,CC,AT,CT,CC,TT,GT,GG,NN,TT,TT,AA,CC,NN,TT,CC,TT,CC,TT,TT,GG,AA,TT,CC,NN,CC,AG,GG,GG,CC,GG,CC,TT,TT,AA,TT,AA,AG,TT,TT,CC,AC,GT,AA,AA,GG,CC,TT,AA,AA,GT,AC,AA,TT,TT,AG,TT,AT,CC,GG,CT,GG,AA,GG,CC,AA,AG,AC,AT,GG,TT,TT,GG,GT,TT,CC,AA,GG,AA,AA,CC,GT,AC,GT,CC,TT,TT,GG,TT,CC,GT,CC,CC,CC,GG,AA,TT,TT,CC,AA,AA,AA,CC,GG,TT,CC,TT,AA,AA,TT,CC,GG,CC,AG,CT,GT,TT,AA,CT,CC,CC,CC,AA,TT,CC,AA,CC,CC,AG,TT,AA,AA,CG,CC,CC,GG,AA,AA,AA,AC,GT,CC,CC,AG,AG,GG,TT,GG,AA,TT,TT,AA,AC,GT,GT,TT,CC,AT,TT,TT,AT,AT,GG,CC,AG,TT,CC,NN,CG,CC,AA,GG,AG,CC,TT,CC,TT,GT,GG,AT,AA,AA,GT,AC,GG,AA,CC,CC,GG,GG,AC,GG,TT,AC,AA,CC,GG,TT,AC,AA,AT,GT,TT,AT,AA,GG,GT,AA,CC,TT,GT,AA,GG,AA,CC,AA,TT,CC,CC,AA,CC,TT,GG,AA,CG,AG,NN,TT,TT,TT,GG,TT,CC,AC,AG,GT,CC,CG,CG,CC,GT,TT,AA,CC,TT,GG,CC,CC,AA,GG,CC,AA,CC,AT,AA,CC,CC,AC,TT,AA,GG,AA,AA,AC,AA,NN,AG,AA,AA,TT,GG,AA,AA,AA,AC,CC,AA,AA,CG,GG,GG,TT,AA,AG,TT,TT,TT,AA,TT,GG,GG,AA,2.28,Moderate,High,Standard,Late
L0926,Coimbatore,Tamil Nadu,Kharif,Red Loamy,Rainfed,650,29.5,68,AC,TT,GG,AG,GG,CC,GT,TT,CC,CG,AA,CC,CG,AT,TT,GG,GG,TT,TT,AG,CC,TT,TT,CC,TT,CC,GT,TT,GG,AA,TT,CC,AA,CC,AG,CG,GG,CG,GG,CC,TT,CT,AA,TT,AA,AG,CT,TT,CG,AC,GG,AA,AA,GG,CC,TT,AA,AC,GG,CC,AA,GT,TT,AA,TT,TT,CC,GG,TT,GG,AA,GG,CC,AA,GG,AA,AT,AG,TT,TT,GG,GG,GT,CC,AT,GG,AA,AA,CC,GT,AC,GT,CT,TT,TT,GG,TT,CC,TT,CC,CC,CC,AG,AA,TT,GT,CG,NN,AG,AC,CT,GG,TT,CC,TT,AC,AA,TT,CC,GG,CC,GG,CC,GG,TT,AA,CT,CC,CC,CC,AG,NN,CC,AA,CC,CC,AA,AT,AA,AT,CG,CC,CC,GG,GG,AA,AT,CC,GG,CG,CC,AG,AA,GG,TT,GG,AC,TT,TT,GG,AA,TT,GG,TT,CC,AT,GG,TT,AA,AT,GG,CC,AA,CT,CC,CC,CG,AC,AA,GG,AG,CC,TT,CC,GT,TT,GG,AA,AA,AA,TT,CC,GG,AC,CC,CG,GG,GG,AA,GG,TT,AC,AA,CC,GG,TT,CC,AT,AT,GG,TT,AT,AA,CG,GT,AA,GG,AT,TT,AA,GG,AA,TT,AA,NN,CC,CT,AC,CC,CT,CG,GG,CC,AG,CC,TT,TT,TT,GG,TT,AA,CC,AG,GG,CC,CG,GG,CC,GG,AT,AA,CG,TT,GG,CC,CC,AA,AG,CC,AT,CC,AA,AA,AC,CC,AC,TT,AA,CG,AA,AA,AC,AA,AG,AG,AA,AA,TT,CG,AA,AA,AC,AA,TT,AA,AA,GG,GG,GG,TT,NN,AG,TT,TT,TT,GG,TT,GG,CG,AA,4.22,Susceptible,High,Poor,Early
L0927,Coimbatore,Tamil Nadu,Kharif,Red Loamy,Rainfed,650,29.5,68,CC,TT,AG,AA,GG,CC,GG,AT,CC,CC,AA,CC,CC,TT,TT,GG,CG,TT,TT,AA,CC,TT,TT,CC,AT,CC,TT,NN,GG,AA,TT,CT,AA,AC,GG,CG,GG,GG,GG,CC,TT,TT,AA,TT,AA,AG,CT,AT,CC,AC,GG,AA,AG,GG,CT,GG,AT,AA,GT,AA,AA,GT,TT,AG,TT,TT,CC,GG,TT,GG,AA,GG,CC,AA,GG,AC,AT,GG,TT,TT,GG,GG,GG,CC,AT,GG,AA,AA,CC,GT,CC,TT,CC,TT,GT,GG,TT,AC,GT,CC,CT,CC,AG,AA,TT,TT,CC,AA,AA,AC,CC,GG,TT,CC,GT,AC,NN,TT,GG,GG,CG,GG,CC,GT,CT,AA,CC,CC,CC,CC,AA,TT,CC,AA,CC,CC,AA,TT,AA,AT,GG,CT,CC,GG,AG,AG,AT,CC,GG,CC,CC,AA,AA,GG,GG,AG,AC,GT,TT,GG,AC,TT,TT,TT,CC,AA,TT,TT,AA,TT,GG,CC,AG,CC,CC,CC,CG,CC,AA,GG,AA,CC,TT,CC,GG,TT,GG,TT,AA,AA,TT,CC,CG,AC,CC,CC,GG,GG,AC,CG,TT,AA,AA,CC,GG,TT,AC,AA,AA,GT,TT,TT,AT,CG,TT,AA,CG,TT,GT,AA,GG,AA,CC,AA,TT,CC,TT,AC,AC,NN,GG,AG,CC,AG,CC,TT,TT,TT,GG,AA,AA,CC,AA,GG,CC,CC,GG,CC,GG,AT,AA,CC,GT,GG,CC,CC,AA,GG,CC,AA,CG,AA,AA,NN,CC,CC,TT,AA,NN,AA,AA,AA,AA,GG,GG,AG,GG,TT,CG,AA,AA,CC,AA,CC,AA,AA,GG,GG,GG,TT,AA,AA,GT,TT,TT,GG,TT,GG,CG,AA,3.09,Susceptible,Low,Poor,Medium
L0928,Coimbatore,Tamil Nadu,Kharif,Red Loamy,Rainfed,650,29.5,68,AA,TT,GG,AG,GG,CC,GG,AT,CC,CG,AA,CT,GG,TT,TT,GT,GG,TT,TT,AA,CC,TT,TT,CC,AT,CC,TT,TT,GG,AA,TT,CT,AA,CC,GG,GG,GG,CC,GG,CC,TT,TT,AA,GT,AA,GG,TT,AT,CG,AA,GG,AA,AG,GG,CT,TT,AA,AA,GT,AC,AA,TT,TT,AG,CT,TT,CC,GG,TT,GG,AA,GG,CC,AG,GG,AA,AA,GG,TT,TT,GG,GG,GG,CC,AA,GG,AA,NN,NN,NN,CC,TT,CC,TT,GT,GG,CT,AA,TT,CC,CT,CC,AG,NN,TT,TT,CC,AG,AA,AA,CC,GG,TT,CC,TT,CC,AA,TT,CG,AG,CG,GG,CT,GG,CC,AG,CC,CC,CC,CC,AA,TT,AC,AA,CC,NN,AA,TT,AA,TT,GG,CC,CC,GG,AA,AG,AT,AC,GT,CC,GG,AA,AA,NN,TT,GG,AC,NN,TT,GG,CC,TT,TT,CT,CC,AT,TT,TT,AT,TT,GG,CC,AG,CT,CC,CC,CG,CC,AA,GG,AA,CC,TT,CC,GG,GT,CG,AT,AG,AG,TT,CC,GG,AA,AC,CC,CG,GG,AC,GG,NN,AA,AA,CC,GT,AA,AC,AA,AT,GG,TT,TT,AA,GG,GT,AT,CC,AT,GT,AA,GG,AA,CT,AA,TT,CC,TT,AC,CC,TT,GG,AG,CG,GG,CC,TT,TT,GT,GG,TT,AA,CC,AG,GG,CC,CG,GG,CC,GG,AT,AA,CC,TT,GG,CC,CC,AT,GG,CC,AA,CC,AA,AA,AC,CG,CC,TT,AA,GG,AA,AA,AA,AA,GG,AG,AA,AA,TT,GG,AA,AA,CC,AA,TT,AA,AA,CG,GG,GG,GT,NN,AA,GT,TT,TT,NN,AT,GG,CG,AA,6.56,Moderate,Low,Standard,Early
L0929,Coimbatore,Tamil Nadu,Kharif,Red Loamy,Rainfed,650,29.5,68,CC,CT,AG,AG,GG,CC,GT,AT,CC,CG,AA,TT,CG,AT,TT,GG,CG,TT,TT,AG,CC,TT,GT,CC,NN,CC,TT,TT,GG,AA,TT,CC,AA,CC,AG,GG,GG,GG,GG,CC,TT,CC,AA,TT,AG,AG,TT,TT,CC,CC,GT,AA,AA,GG,CT,TT,AA,AA,TT,CC,AA,TT,TT,AG,CT,TT,CC,GG,TT,GT,AA,GG,CC,AA,GG,AA,AA,GG,TT,TT,GG,TT,GT,CC,AA,GG,AA,AA,CC,NN,AC,TT,CC,TT,TT,AG,TT,AC,TT,CT,CC,CC,AG,AA,TT,TT,CC,AA,AA,AA,CT,GG,TT,CG,GT,AC,AA,TT,CC,GG,CC,AG,CC,GG,CT,AA,CC,CC,CC,CC,AA,GT,CC,AA,CC,CC,AA,TT,AA,AA,GG,CC,CC,GG,AA,AG,AA,AC,GT,CC,CC,AG,AG,GG,GT,AG,AA,TT,CT,AG,CC,TT,TT,TT,GG,AA,TT,TT,AA,TT,GG,CC,AA,CT,CC,CC,GG,CC,NN,GG,AG,CC,TT,CC,TT,GT,GG,AT,AA,AA,TT,CC,GG,AA,AC,CC,GG,GG,AA,GG,TT,AC,AA,CC,GG,AA,CC,AA,AA,GT,TT,TT,AT,CG,TT,AA,CC,AT,TT,AA,GG,AA,CT,AC,TT,CC,CT,AA,CC,TT,CG,AA,CG,GG,AC,TT,TT,GG,GG,TT,AA,CC,AA,GG,CC,CG,GG,CC,GT,AT,AA,CC,TT,AG,CG,CC,AA,GG,CC,AT,CC,AT,AA,CC,CC,AC,TT,AA,GG,AA,AA,AC,AA,GG,AA,AA,AA,AT,GG,AA,AG,AC,AC,CC,AA,AA,GG,GG,GG,TT,AA,AA,TT,TT,TT,AG,TT,GG,CG,AC,5.27,Resistant,Low,Poor,Medium
L0930,Coimbatore,Tamil Nadu,Kharif,Red Loamy,Rainfed,650,29.5,68,AC,TT,GG,AA,GG,CC,GG,AT,CC,CG,AT,CC,GG,TT,TT,GT,GG,TT,TT,AG,CC,TT,TT,CC,TT,CC,TT,TT,GT,AA,CT,CC,AA,CC,GG,GG,GG,CG,GG,CC,TT,TT,AA,TT,AG,GG,TT,TT,CC,AC,GT,AA,AA,GG,CC,TT,AA,AC,GT,CC,AA,TT,TT,AA,TT,AT,CC,GT,TT,GG,AG,GT,AC,AA,GG,AA,TT,GG,TT,TT,GG,GT,TT,CC,AA,GG,AA,AA,CC,GT,AC,GT,CT,TT,GT,GG,CT,CC,GT,NN,CC,CC,AA,AA,TT,TT,CC,AA,AG,AA,CC,GG,TT,CC,TT,AC,AA,TT,CC,AG,CC,AG,NN,GG,NN,AA,CC,CC,CC,CC,AA,TT,AC,AA,CC,CC,AA,NN,AA,AA,GG,CC,CC,GG,AA,AA,AA,CC,GT,CC,CG,AA,AA,AG,TT,AG,AC,GT,TT,GG,CC,GT,GT,CT,CC,AA,TT,TT,TT,TT,GG,CC,AA,CC,AC,AC,CG,CC,AA,GG,AG,CC,TT,CC,GG,GT,GG,AT,AA,AG,TT,NN,GG,AA,CC,CG,GG,GG,AC,GG,TT,AA,AA,CC,GG,AT,AA,AA,AT,GG,TT,AT,AA,GG,GT,AA,CC,TT,TT,AA,GG,AA,CT,AA,TT,CG,TT,AC,CC,TT,GG,AA,CG,AG,CC,TT,TT,TT,GG,TT,AA,CC,AA,GG,CC,CG,GG,CC,GG,AT,AA,CG,TT,GG,CC,CG,AT,GG,CC,AA,CC,AA,AA,AC,CG,CC,TT,AA,GG,AA,AA,AC,AA,AG,AA,NN,AA,AT,CG,AA,GG,CC,AA,TT,AA,AA,GG,GG,CG,TT,AA,AA,GT,TT,TT,AG,AT,GG,GG,AA,5.41,Susceptible,Medium,Premium,Medium
L0931,Coimbatore,Tamil Nadu,Kharif,Red Loamy,Rainfed,650,29.5,68,AA,TT,GG,AG,CG,NN,GG,AT,CC,CC,AA,CC,CC,TT,TT,GG,GG,TT,TT,AA,CC,GT,NN,CC,TT,CC,TT,TT,GG,AA,TT,CC,AA,CC,GG,GG,GG,CG,GG,CC,TT,CT,AA,TT,AA,GG,TT,TT,CC,CC,GG,AA,AA,GG,CC,TT,AA,CC,GT,AA,GG,TT,TT,GG,TT,TT,CC,GT,TT,GG,AG,GG,CC,AA,AG,AA,AT,AG,GT,TT,GG,GG,GG,CC,AA,GG,AA,AA,CC,GT,CC,TT,CT,TT,TT,AG,CC,AA,TT,CC,NN,CG,AA,AA,TT,TT,CC,AA,NN,AA,CC,GG,TT,CC,TT,AA,AA,AT,CC,GG,CC,GG,CC,GG,CC,AA,CC,CC,CC,CC,AA,GT,CC,AA,CC,CC,AA,TT,AA,AA,GG,CC,CC,GG,AG,AG,AA,CC,GG,CC,CC,AG,AA,GG,TT,GG,AA,TT,CT,GG,AC,GT,GT,TT,CC,AA,TT,CT,TT,AT,GG,CC,AA,TT,CC,CC,CG,CC,AA,AG,AA,CC,TT,CC,GG,GT,GG,TT,AA,AA,TT,AC,GG,AA,CC,CC,GG,GG,AC,CG,TT,AC,AA,CC,GT,AA,AC,AA,AA,GG,TT,AT,AA,CG,GT,AT,CC,TT,GT,AA,GG,AG,TT,AA,TT,CC,TT,AC,CC,TT,CG,AG,CC,GG,CC,TT,TT,GG,GG,AT,AC,CC,AG,GT,CC,CG,GG,CC,GG,TT,AA,CC,GT,GG,CC,CC,AT,GG,CC,AA,CC,AA,AA,AC,GG,AC,TT,AA,GG,AA,AA,AC,AA,AG,GG,AA,AA,AT,GG,AA,AA,AC,AA,CT,AA,AA,GG,NN,GG,TT,AA,AG,TT,AT,TT,AA,TT,GG,GG,AA,5.92,Moderate,Medium,Standard,Early
L0932,Coimbatore,Tamil Nadu,Kharif,Red Loamy,Rainfed,650,29.5,68,AC,CT,AG,AG,GG,CG,GG,TT,CC,CC,AA,CT,CG,TT,TT,GG,GG,TT,TT,AA,CC,TT,GT,CC,TT,CC,TT,TT,GG,AC,CT,CC,NN,CC,GG,GG,GG,CC,GG,CC,TT,CT,AA,GT,AG,GG,TT,TT,CC,AC,GG,AA,AA,GG,CC,GT,AA,AA,GG,AC,NN,TT,TT,GG,TT,TT,CC,GG,TT,GG,AA,GG,CC,AA,AG,AC,AA,GG,TT,TT,GG,GG,GG,CC,AA,AG,AA,AT,CG,TT,CC,TT,CC,TT,TT,GG,TT,CC,GG,CC,CC,CG,AG,AA,TT,TT,CC,AA,AA,AA,CC,GG,TT,CG,TT,AA,AA,TT,CC,AG,CC,GG,NN,GT,TT,AG,CT,CC,CC,CC,AA,GT,AC,AA,CC,CC,AA,TT,AA,AA,GG,CC,CC,AG,AA,AG,AA,CC,NN,CC,CC,AG,AG,GG,TT,GG,AC,TT,TT,AG,AC,GT,TT,TT,CG,AT,TT,CT,AT,TT,GG,CC,AG,CT,CC,CC,CG,CC,AT,GG,AG,CC,TT,CC,GG,TT,GG,TT,AA,AA,TT,CC,GG,AA,CC,CC,CG,GG,AC,GG,TT,AC,AA,CC,GG,NN,CC,AA,AA,GG,TT,AT,AT,GG,GT,AT,CG,TT,GT,AA,GG,AA,TT,AA,TT,CC,TT,AC,CC,TT,GG,AA,CC,AG,CC,TT,TT,GT,GG,AT,AA,CC,AG,GG,CC,CG,GG,CC,GG,AA,AA,CC,TT,GG,CC,CG,AA,AG,CG,AA,CC,AA,AA,CC,CC,CC,TT,AA,GG,AA,AA,CC,AA,AA,AG,AA,AA,TT,GG,AA,AA,CC,AC,CT,AA,AA,CG,GG,GG,TT,AT,AA,NN,TT,TT,AA,TT,GG,CG,AA,5.5,Susceptible,High,Standard,Early
L0933,Coimbatore,Tamil Nadu,Kharif,Red Loamy,Rainfed,650,29.5,68,AA,TT,GG,AG,GG,CG,GT,TT,CC,GG,AA,CC,CG,TT,TT,GT,GG,TT,AT,AG,CC,TT,GT,CT,TT,CC,GT,TT,GG,AA,TT,CT,AA,CC,GG,CC,GG,CG,GG,CC,TT,CC,AA,TT,AA,GG,TT,TT,CC,AC,GT,AT,GG,GG,CC,GT,AA,AC,GT,AA,AA,TT,TT,AG,CT,AT,CC,GG,TT,GG,AA,GG,CC,AA,AG,AC,AT,GG,TT,NN,GG,GT,GT,CC,AA,GG,AA,AA,CC,TT,AC,TT,TT,TT,GT,GG,CT,AC,TT,CC,CC,CG,GG,AA,NN,TT,CC,AA,GG,AA,TT,GG,TT,CC,GT,AC,AC,TT,CG,GG,NN,AG,CC,GT,CT,AA,CC,CC,CC,CG,AA,TT,CC,AA,CC,CC,AA,NN,AA,AT,GG,CC,CC,GG,AA,AA,AA,CC,GT,CC,CC,AA,AA,GG,TT,AG,AC,GT,TT,GG,CC,TT,TT,TT,GG,AA,GG,CT,AT,TT,GG,CC,GG,TT,AA,CC,CG,CC,AA,GG,GG,CC,TT,CC,GT,TT,GG,AT,AG,AA,TT,CC,NN,AA,CC,CC,GG,GG,AC,GG,TT,AA,AG,CG,GT,AA,CC,AA,AA,GG,TT,TT,AA,CG,TT,AA,CG,TT,TT,AA,GG,AA,CT,AC,TT,CC,TT,AC,CC,TT,CG,AG,CG,GG,CC,TT,NN,GT,GG,TT,AA,CC,AA,GG,CC,CC,GG,CG,GG,AT,AA,CC,TT,GG,CG,CC,AT,GG,CC,AT,CC,AA,AA,AC,CC,AA,TT,AA,CG,AA,AA,AA,AA,AA,AG,AA,AA,TT,CG,AC,AA,CC,AA,TT,AA,AA,GG,GG,GG,TT,AA,AA,TT,TT,TT,AG,TT,GG,CG,AA,1.8,Susceptible,High,Standard,Late
L0934,Coimbatore,Tamil Nadu,Kharif,Red Loamy,Rainfed,650,29.5,68,AA,TT,GG,AA,GG,CC,GG,AT,CC,CC,AA,CT,CG,NN,TT,GT,GG,TT,TT,AA,CC,TT,GT,CC,TT,CC,TT,TT,GG,AA,TT,CC,AA,CC,GG,CG,GG,CG,GG,AC,NN,TT,AA,TT,AA,GG,TT,AA,CC,AC,GG,AA,AG,GG,CT,TT,AA,AA,TT,AC,AA,TT,TT,AA,TT,AT,CC,GG,TT,GG,AA,GT,CC,AA,AA,AA,AT,GG,TT,TT,GG,GG,GG,CC,AA,GG,AA,AA,CC,TT,CC,GT,TT,TT,GT,GG,TT,CC,GT,CC,CC,CC,GG,AA,TT,NN,CC,AG,AA,AC,CC,GG,TT,CC,GT,AA,AA,TT,CC,AG,CC,AG,CC,GG,TT,AA,CC,CC,CC,CC,NN,TT,CC,AA,CC,CC,AA,TT,AG,AA,GG,CC,CC,GG,AA,AG,AA,CC,GG,CC,CC,AA,GG,GG,TT,GG,AA,TT,CT,GG,CC,GT,TT,CT,CC,AA,TT,TT,AA,TT,GG,CC,AA,CT,CC,CC,CG,CC,AA,GG,AA,CC,TT,CC,TT,TT,GG,AT,AA,AA,TT,CC,GG,AA,CC,CG,GG,GG,AC,GG,TT,AA,AA,CC,GG,AA,CC,AA,AT,GG,TT,TT,AA,GG,GG,AT,CG,TT,GT,AA,GG,AA,CT,AA,AT,CC,TT,AA,CC,TT,GG,AG,CC,AG,CC,TT,TT,TT,GG,TT,AA,CC,AA,GG,CC,CG,GG,CC,GG,TT,AG,CC,TT,GG,CC,CC,AT,AA,CC,AA,CC,AA,AA,CC,CC,CC,AT,AA,CG,AA,AA,CC,AA,GG,AG,AA,AA,TT,GG,CC,GG,CC,AC,CC,AA,GG,CG,GG,CG,GT,AA,AG,TT,TT,TT,AG,TT,CG,GG,AA,4.29,Susceptible,High,Standard,Early
L0935,Coimbatore,Tamil Nadu,Kharif,Red Loamy,Rainfed,650,29.5,68,AA,TT,GG,AA,GG,CC,GT,AT,CC,CG,AA,CC,CC,TT,TT,GT,CG,TT,AT,NN,CC,TT,TT,CC,AT,CC,TT,AT,GG,AA,CT,CC,AA,CC,AG,GG,GG,CG,GG,CC,TT,TT,AA,TT,AG,AG,TT,AT,CC,AC,GG,AA,AA,GG,CC,TT,AA,CC,GT,AC,AA,TT,AA,AA,CT,AT,CC,GG,TT,GG,AA,GT,CC,AA,GG,AC,AT,AG,TT,TT,GG,TT,GT,CC,NN,AG,AA,AA,CC,TT,CC,TT,CC,TT,TT,GG,TT,CC,TT,CC,CC,CC,AG,AA,TT,NN,CC,AA,AA,AA,CT,GG,TT,CC,TT,AC,AA,TT,CC,AG,CC,GG,CC,GG,TT,NN,CC,CC,CC,CC,AA,TT,AC,AA,CC,CC,AA,TT,AA,AA,GG,CC,CC,GG,AA,AG,AA,CC,GG,CC,CC,AA,AG,GG,GT,GG,AA,TT,CT,GG,CC,GT,TT,TT,CG,AA,GT,CT,TT,TT,GG,CC,AG,NN,AC,AC,CG,CC,AA,GG,AA,CC,TT,CG,GT,TT,CG,AT,AA,AG,TT,AC,GG,AA,AC,CC,GG,GG,CC,GG,TT,AC,AG,CC,GG,AA,CC,AA,AA,GT,TT,AA,AT,GG,GT,AA,CG,AT,GT,AA,GG,AA,TT,AC,TT,CC,TT,AA,CC,TT,GG,AG,CC,AG,CC,AT,CT,TT,GG,TT,AA,CC,AA,GG,CC,CC,GG,CG,NN,AT,AA,CC,TT,GG,CC,NN,AT,GG,CC,AT,CC,AA,AA,AC,CC,CC,TT,AA,GG,AA,AA,AC,AA,GG,AG,AA,AA,TT,GG,AC,AA,CC,AC,CT,AG,AA,GG,AG,CG,TT,AT,AA,NN,TT,TT,AG,AA,GG,GG,AA,3.55,Susceptible,Low,Standard,Late
L0936,Coimbatore,Tamil Nadu,Kharif,Red Loamy,Rainfed,650,29.5,68,AA,TT,GG,AG,GG,CC,GG,AT,CC,CG,AA,CC,CC,AT,TT,GG,GG,TT,TT,AA,CC,TT,GT,CC,TT,CC,TT,TT,GT,AA,TT,CT,AA,AC,AG,CC,GG,CC,GT,CC,TT,CT,AC,TT,AG,AG,NN,TT,CC,CC,GG,AA,AA,CG,CT,TT,AA,AA,TT,AA,AA,TT,AT,AA,TT,TT,CC,GG,TT,GG,AA,GG,CC,AA,AG,CC,AA,AG,NN,TT,AG,GG,GG,CC,AA,GG,NN,AA,CC,TT,AA,TT,CC,TT,TT,GG,TT,CC,GT,CC,CT,NN,GG,AA,TT,TT,CC,AG,AG,AA,CC,GG,TT,CC,TT,NN,AA,TT,CC,GG,CC,GG,CC,GT,TT,AA,CC,CC,AC,CC,AA,GT,CC,AA,CC,CC,AA,TT,AA,AA,GG,CT,CC,NN,AA,AG,AA,CC,GT,CC,CC,AA,AA,AG,TT,GG,AC,TT,CT,GG,AA,GG,TT,TT,CC,AT,GT,TT,AA,TT,CG,CC,AA,CT,CC,CC,GG,CC,AA,GG,AA,CC,TT,CG,GT,TT,GG,TT,AA,AA,TT,CC,GG,AA,CC,CC,GG,GG,CC,GG,TT,AC,AA,CC,GT,AA,AC,AA,NN,GG,TT,TT,TT,CG,GT,AA,CC,TT,TT,AA,GG,AA,TT,AA,TT,CC,TT,AC,CC,TT,GG,AA,CC,AA,AC,TT,CT,TT,GG,TT,AA,AA,AA,GG,CC,CC,GG,CC,GG,AT,AA,CG,TT,GG,CC,CC,AA,AG,CC,AA,CC,AA,AA,AC,CG,CC,TT,AG,GG,AA,AA,AA,AA,AG,AG,AA,AA,TT,GG,AA,AA,NN,AA,CC,AA,AA,GG,GG,GG,TT,AT,NN,TT,TT,TT,AA,TT,GG,CG,AA,3.3,Susceptible,Medium,Poor,Late
L0937,Coimbatore,Tamil Nadu,Kharif,Red Loamy,Rainfed,650,29.5,68,AC,CT,GG,AA,GG,CC,GG,AA,CC,CG,AA,CT,CC,TT,TT,NN,CG,AT,TT,AA,CG,GT,GT,CT,TT,CC,TT,TT,TT,AA,TT,CC,AA,AC,GG,CG,GG,CG,GG,CC,TT,CT,AC,GT,AA,AA,TT,TT,CC,AA,GG,AA,AA,GG,CC,GT,AA,AA,GT,AA,AA,TT,TT,AA,TT,AT,CC,GG,TT,GG,AA,GT,CC,AA,GG,NN,AT,GG,TT,TT,GG,GG,GT,CC,AA,GG,AG,AA,CC,TT,AC,TT,CC,TT,TT,GG,CC,CC,GT,CC,CC,CC,GG,AA,TT,TT,CG,AA,GG,AC,CC,GG,TT,CG,TT,AC,AA,AT,CC,GG,CC,GG,CC,GT,CC,AA,CC,CC,AC,CC,AA,GT,CC,AA,CC,CC,AA,TT,AA,AT,CG,CC,CC,GG,AG,GG,AA,CC,TT,CG,CC,AG,AG,AG,TT,AG,AA,TT,TT,GG,AA,GT,GT,TT,CC,AA,TT,TT,AA,TT,GG,CC,AA,CC,CC,CC,CG,CC,AA,GG,AA,CC,TT,CC,GT,TT,GG,AT,AA,AA,TT,AC,GG,AA,CC,CC,GG,GG,AC,GG,TT,AC,AG,CG,GG,AA,CC,AA,AA,GT,TT,AT,AA,GG,GT,TT,CC,TT,GT,AA,GG,AA,TT,CC,TT,CC,TT,AC,AC,CT,CG,AA,CG,AG,CC,TT,CT,GT,GG,TT,AC,AA,AA,GG,CC,CG,GG,CC,GG,TT,AA,CC,GT,GG,CC,CG,AA,GG,CC,AA,CC,AT,AG,AC,CC,CC,TT,AA,GG,AA,AA,AA,AA,AA,AG,AA,AA,TT,GG,AA,AA,AC,AC,CT,AA,AA,GG,GG,GG,TT,AA,AG,GT,TT,NN,AA,AT,GG,GG,AA,4.76,Moderate,Low,Poor,Late
L0938,Coimbatore,Tamil Nadu,Kharif,Red Loamy,Rainfed,650,29.5,68,CC,TT,GG,NN,CG,CG,GG,TT,CG,CC,AT,CT,CG,TT,TT,GG,CG,TT,TT,AG,CC,GG,GT,CC,AT,CC,TT,TT,GG,AA,TT,CC,AA,CC,AG,CG,GG,CG,GG,CC,TT,CT,AA,TT,AG,GG,CT,AT,CC,AC,GG,TT,AA,GG,CC,TT,AA,AC,GT,AA,AA,TT,AT,AA,TT,AT,CC,GG,TT,NN,AA,GG,AC,AA,GG,AA,AA,GG,GT,TT,GG,TT,GG,CC,AT,GG,AG,AA,CC,GT,CC,TT,CC,TT,GT,GG,TT,CC,GT,CC,CC,CG,AG,AA,TT,TT,CC,AG,NN,AA,CT,GG,TT,CC,TT,AA,AA,TT,CC,GG,CC,GG,CC,GT,TT,AA,CT,CC,CC,CC,AA,TT,CC,AA,CC,CT,AA,TT,AA,AA,GG,CC,CC,GG,AG,AA,AA,AC,GT,CC,CC,AA,AA,AG,GT,AG,AC,TT,CC,GG,CC,GT,TT,TT,CC,AA,TT,TT,AA,TT,GG,CC,AG,CT,CC,CC,GG,CC,AA,GG,AA,CC,TT,CC,GG,GT,GG,TT,AA,AA,TT,CC,CG,CC,CC,CC,CG,GG,AC,GG,TT,AA,AA,CC,GG,AT,CC,AA,AA,GG,TT,AT,TT,GG,TT,AA,CG,TT,GG,AA,GG,AA,TT,AC,AT,CC,TT,AA,CC,TT,CG,AG,CC,AA,CC,TT,TT,GT,GG,TT,AA,CC,AA,GG,CC,GG,GG,CC,NN,TT,AA,CC,TT,GG,CC,CC,AA,GG,CC,AA,CC,AA,AA,AC,CG,CC,TT,AA,GG,AA,AA,AC,AA,AG,AG,GG,AG,TT,GG,AA,AA,AC,AA,TT,AA,AA,GG,GG,GG,GT,AT,AA,GG,TT,TT,AA,TT,GG,GG,AA,5.07,Moderate,High,Premium,Medium
L0939,Coimbatore,Tamil Nadu,Kharif,Red Loamy,Rainfed,650,29.5,68,NN,TT,GG,AA,GG,CC,GT,TT,CC,CC,AA,NN,NN,AT,TT,GT,GG,TT,TT,AA,CC,TT,GT,CT,AT,CT,TT,TT,GG,AA,TT,CC,AA,CC,GG,CG,GG,CC,GT,CC,TT,TT,AA,TT,AG,AG,TT,TT,CC,AA,GT,AA,AG,GG,CC,TT,AT,AA,TT,AA,AA,TT,NN,AA,TT,TT,CT,GG,TT,GT,AA,NN,CC,AA,GG,AA,TT,GG,TT,TT,GG,GT,GT,CC,AT,GG,AA,AT,CC,TT,AC,TT,CC,TT,TT,GG,TT,CC,TT,CC,CC,CG,GG,AA,TT,TT,CC,AA,AG,AA,CT,GG,TT,GG,TT,AA,AA,TT,CG,AG,CC,GG,CC,NN,TT,AA,CC,CC,CC,CG,AA,TT,CC,AA,CC,CC,AA,AT,AA,AA,GG,CC,CG,GG,AA,AG,AA,CC,GT,CC,CC,AA,AG,GG,GT,AG,AA,GT,CT,GG,AA,GT,TT,TT,CG,AA,TT,NN,AA,AT,GG,CG,AG,CT,NN,CC,GG,CC,AA,GG,AG,NN,TT,CC,GG,TT,GG,NN,AG,AA,TT,AC,GG,AA,CC,CC,GG,GG,AA,GG,TT,AC,AA,CC,NN,AA,CC,AA,AT,GT,TT,AT,AT,GG,GT,AA,CC,TT,GT,AA,GG,AA,CT,AC,TT,CC,CT,AC,CC,TT,CG,AG,CC,AG,CC,TT,CT,TT,GG,TT,AC,AC,AA,GT,CC,CG,GG,CC,GG,AA,AA,CC,GT,GG,CC,CC,AA,GG,CG,AT,CC,AA,AA,CC,GG,AA,TT,AA,GG,AA,CC,AC,AA,GG,GG,AA,AA,AT,GG,CC,AG,AC,AA,CT,AA,AG,GG,GG,GG,TT,AT,AA,GT,TT,TT,AA,AA,GG,GG,AC,1.37,Resistant,Medium,Poor,Medium
L0940,Coimbatore,Tamil Nadu,Kharif,Red Loamy,Rainfed,650,29.5,68,AC,TT,GG,AA,GG,CC,GG,TT,CC,CG,AA,CT,CC,AT,TT,TT,CG,TT,TT,AA,CC,TT,TT,CC,TT,CC,GT,TT,GG,AA,TT,CT,AA,AC,GG,GG,GG,CG,GG,CC,TT,TT,AA,GT,AA,AG,TT,AT,CC,CC,GG,AA,AA,GG,CC,TT,AT,CC,TT,AA,AA,TT,AT,GG,TT,TT,CC,GG,TT,TT,AA,GG,CC,AA,GG,AA,AT,GG,TT,TT,GG,GG,GG,CC,AA,GG,AG,AA,CC,TT,CC,TT,CT,TT,TT,GG,TT,CC,TT,CC,CC,CG,GG,AA,TT,TT,CC,AA,AG,AA,CT,GG,GT,CC,TT,AC,AA,TT,CC,AG,CC,GG,CC,GG,CT,AA,CC,CC,CC,CC,AA,TT,CC,AA,CC,CC,AA,NN,AA,AA,CG,CC,CC,GG,AA,AG,AA,CC,GT,CC,CC,AA,AG,GG,TT,GG,AC,TT,TT,GG,AC,TT,TT,TT,CC,AT,GT,TT,TT,AT,GG,CC,AG,CC,CC,CC,GG,CC,AA,GG,AG,CC,TT,CG,GG,GT,GG,TT,AA,AA,TT,CC,GG,AA,AC,CC,GG,GG,AA,GG,TT,AC,AA,CC,GG,AA,AA,AT,AT,GT,TT,AA,AA,GG,GG,AT,CC,AT,TT,AT,AG,AA,CT,AA,TT,CC,TT,AA,CC,TT,GG,AA,CC,AA,CC,TT,TT,NN,GG,TT,AA,AC,AA,GG,CC,CC,GG,CC,GG,TT,AA,CC,TT,GG,CG,CC,AA,GG,CC,AA,CC,AT,AG,AA,NN,AC,TT,AA,GG,AA,AA,AA,AA,AG,AA,AA,AA,TT,CG,AA,AA,AA,AA,CC,AG,AG,GG,GG,GG,TT,AA,AA,TT,TT,TT,AG,AA,GG,CC,AA,2.87,Susceptible,Low,Poor,Early
L0941,Coimbatore,Tamil Nadu,Kharif,Red Loamy,Rainfed,650,29.5,68,AC,TT,GG,AG,GG,CC,GG,TT,CC,CG,AA,CC,CG,AT,TT,GG,CG,TT,TT,AA,CC,GT,TT,CT,TT,CT,GT,TT,GG,AA,TT,CT,AA,CC,GG,GG,GG,CC,GG,CC,TT,TT,AA,GT,AA,GG,TT,TT,CC,CC,GG,AT,AA,GG,CC,GT,AA,AC,GT,AA,AG,TT,AT,AG,CT,TT,CC,GG,TT,GT,AG,GG,CC,AA,AA,AC,AT,GG,TT,TT,GG,GG,GT,CC,AA,GG,AA,AT,CC,GT,AC,TT,CC,TT,TT,GG,CT,CC,GT,CC,CC,CC,AA,AA,AT,TT,CC,AA,AG,AA,CC,GG,TT,CC,TT,AA,AA,TT,CC,GG,CC,GG,CT,GT,TT,AA,CT,CC,CC,CC,AA,TT,CC,AA,CC,CC,AA,TT,AA,AT,CG,CC,CC,GG,AA,AA,AA,CC,GT,CC,CC,AA,AG,AG,TT,GG,AC,GT,TT,AG,CC,GT,GT,TT,CC,AA,GT,TT,AA,TT,GG,CC,AA,NN,CC,CC,GG,CC,AA,GG,AG,CC,TT,CC,TT,TT,GG,AT,AA,AG,TT,CC,GG,AA,AC,CC,GG,GG,AA,GG,TT,AA,AA,CC,GT,AT,AA,AA,AT,GT,TT,TT,AA,GG,GT,AA,CC,AT,TT,AA,GG,AA,CC,AA,TT,CC,TT,AA,CC,TT,GG,AA,CG,AA,AC,TT,TT,GT,GG,TT,AA,CC,AG,GG,CC,CC,GG,CC,GG,TT,AA,CC,TT,NN,CC,CC,AT,AG,CC,AA,CG,AA,AA,AC,CG,AC,TT,AA,GG,AA,AA,AC,AA,AG,AA,AA,AA,TT,GG,AA,AA,AC,AA,TT,AA,AA,GG,GG,GG,TT,AA,AA,TT,TT,TT,AA,AT,GG,GG,AC,4.08,Resistant,High,Premium,Late
L0942,Coimbatore,Tamil Nadu,Kharif,Red Loamy,Rainfed,650,29.5,68,AC,CT,GG,NN,GG,CC,GG,TT,CG,CG,AA,CC,CG,AT,GT,GG,CG,TT,TT,AA,CC,TT,TT,CC,TT,CC,GT,TT,GG,AA,CT,CC,AA,CC,GG,CG,GG,CC,GG,CC,TT,CT,AA,GT,AG,AG,TT,TT,CC,AC,GG,AA,AA,GG,CT,GT,AA,AA,GT,AA,AA,GT,AT,AG,TT,AT,CC,GG,TT,GT,AG,GG,CC,AA,AG,AC,AA,GG,TT,TT,GG,GT,GG,CC,AA,GG,AA,AA,CC,TT,CC,TT,CC,TT,TT,GG,TT,CC,TT,CC,CT,CC,AG,AA,AT,TT,CC,AA,NN,AA,CT,GG,TT,CC,TT,AA,AA,TT,CC,GG,CC,GG,CC,GG,TT,AA,CC,CC,CC,CC,AA,GT,CC,AA,CC,CC,AA,TT,AA,AA,GG,CT,CC,GG,AA,AA,AA,CC,GT,CC,CC,AA,AA,GG,TT,GG,AA,TT,TT,GG,CC,TT,GT,TT,CG,AA,GT,TT,AT,TT,GG,CG,AA,CC,CC,CC,GG,CC,AA,GG,GG,CC,TT,CC,GG,GG,GG,AT,AA,AA,TT,CC,CG,AC,CC,CC,GG,GG,CC,CG,TT,AC,AG,CG,GG,AA,AC,AA,AA,GG,TT,TT,AT,GG,GG,AT,CC,TT,TT,AA,GG,AA,TT,AA,TT,CC,CT,CC,CC,CT,CG,AG,CC,AA,CC,TT,TT,GT,NN,AT,AA,CC,AG,GG,CC,NN,GG,CG,GG,TT,AA,CC,GT,GG,CC,CC,AA,GG,CG,AT,CG,AA,AA,AC,CC,AC,AT,AA,GG,AA,AA,AA,AA,AG,AG,AA,AA,TT,GG,AA,AG,AC,AC,TT,AA,AA,GG,GG,GG,TT,AA,AA,TT,TT,TT,AG,TT,GG,GG,AC,0.75,Resistant,High,Premium,Late
L0943,Coimbatore,Tamil Nadu,Kharif,Red Loamy,Rainfed,650,29.5,68,AA,TT,GG,AG,GG,CG,GG,AT,CC,CG,AA,CC,CG,TT,GT,GG,CG,TT,TT,AG,CC,GT,GT,CC,AT,CC,TT,TT,GG,AC,TT,CC,AA,CC,AG,GG,GG,CC,GG,CC,TT,TT,AA,TT,AA,GG,TT,TT,CC,AC,GG,AA,AA,GG,CT,TT,AT,AA,TT,AA,AA,GT,AT,AG,TT,AT,NN,GG,TT,GG,AA,GG,AC,AA,AG,AA,AA,GG,TT,TT,GG,GT,GG,CC,AA,GG,AA,AT,CC,GT,CC,TT,CT,TT,TT,GG,TT,CC,TT,CC,CC,CC,AG,AA,AT,GT,CC,AG,AG,CC,CT,GG,TT,CC,TT,AA,NN,TT,CC,GG,CG,GG,CC,GT,CT,AA,CC,CC,CC,CC,AA,TT,CC,AA,CC,CC,AA,TT,AA,AA,GG,CC,CC,GG,AA,AA,AA,AC,GG,CC,CC,AG,AG,GG,TT,AG,AA,TT,CT,AG,AC,TT,TT,TT,CC,AA,TT,CT,AA,TT,GG,CC,AG,CC,CC,CC,CG,CC,AA,GG,AG,CC,TT,CC,GG,TT,NN,TT,AA,AA,TT,CC,GG,AA,AC,CC,GG,GG,AC,GG,TT,AA,AA,CC,GG,AA,CC,AA,AA,GG,GT,AT,AT,CG,GG,AA,CC,AT,GT,AA,GG,AA,CT,AC,TT,CG,TT,AA,CC,TT,GG,AA,CC,AG,CC,TT,CT,TT,GG,TT,AA,AC,GG,GG,CC,CC,GG,CC,GG,AT,AA,CG,TT,GG,CC,CC,AA,AG,CC,AA,CC,NN,AA,CC,CG,AC,TT,AA,GG,AA,AA,AA,AA,GG,AA,AA,AA,TT,GG,AC,AG,AC,AC,TT,AA,AG,GG,GG,GG,TT,AA,AA,TT,TT,TT,AG,TT,GG,GG,AA,3.89,Susceptible,Low,Poor,Early
L0944,Coimbatore,Tamil Nadu,Kharif,Red Loamy,Rainfed,650,29.5,68,AC,CT,GG,AA,GG,CC,GG,TT,CC,GG,AA,CT,CC,TT,TT,GT,CG,TT,TT,AG,CC,TT,GT,CC,TT,CC,TT,TT,GG,AA,TT,CC,AG,CC,GG,CG,GG,CC,GG,CC,TT,TT,AA,TT,AA,GG,TT,TT,CC,AC,NN,AT,AA,GG,CC,TT,AA,AA,GT,AC,AA,GT,TT,AA,TT,AT,CC,GG,CC,GG,AA,GG,CC,AA,GG,AC,AT,GG,TT,TT,GG,GG,GG,CC,AA,GG,AA,AA,CC,TT,CC,TT,CT,TT,TT,GG,TT,CC,TT,CT,CC,CC,AG,AA,TT,TT,CG,AA,AG,AA,CC,GG,TT,CC,TT,AA,AA,TT,CG,GG,CC,NN,CC,GT,TT,AA,CT,CC,CC,CC,AA,TT,AC,AA,CC,CC,AA,TT,AA,AA,GG,CC,CC,GG,AA,AG,AA,CC,GT,CC,CC,AA,AA,GG,TT,AG,AA,TT,CT,GG,NN,GT,TT,TT,CC,NN,GT,TT,NN,AT,CG,CC,AG,CC,CC,CC,GG,CC,AA,GG,AG,CC,TT,CC,GT,GT,GG,AT,AA,AA,TT,CC,GG,AC,AC,CC,GG,GG,AC,CG,TT,AA,AA,CC,GG,AT,CC,AT,AA,GG,GT,TT,AA,CG,GG,TT,CC,AA,TT,AA,GG,AA,TT,AA,AT,CC,TT,AA,NN,CT,GG,AA,CG,AA,AC,TT,CT,TT,GG,TT,AA,CC,AG,GG,CC,CC,GG,CC,GG,TT,AA,CC,GT,GG,CC,CG,NN,AG,CC,AT,CC,AA,AA,AA,CG,CC,TT,AA,GG,AA,AA,AC,AA,AG,AG,AA,AA,TT,GG,AC,AA,AC,CC,TT,AA,AA,GG,GG,GG,GT,AA,AG,TT,TT,TT,AA,TT,CG,GG,AA,5.4,Susceptible,Medium,Standard,Early
L0945,Coimbatore,Tamil Nadu,Kharif,Red Loamy,Rainfed,650,29.5,68,NN,TT,GG,AG,GG,CC,GG,TT,CC,GG,AA,NN,CG,TT,TT,GT,CC,TT,NN,AA,CG,GT,TT,CC,TT,CT,TT,TT,TT,AA,CT,CC,AA,CC,AG,CG,GG,CG,GG,CC,TT,CT,AA,GT,AA,GG,TT,TT,CC,AC,GT,AA,AA,GG,CC,GT,TT,AA,GG,AC,GG,TT,AT,GG,TT,AT,CC,GG,CC,GG,AA,GT,CC,AA,GG,AC,AA,AG,GT,TT,GG,GG,GG,CC,AA,GG,AA,AA,CC,TT,CC,TT,CC,TT,GT,AG,CC,CC,GT,NN,CC,CG,AG,AG,TT,TT,CC,AA,GG,AC,CT,NN,TT,CC,TT,AA,AA,TT,CC,GG,CC,AG,CC,GG,TT,AA,CC,CC,CC,CC,AA,TT,CC,AA,CC,CC,AA,TT,AA,AA,GG,CC,CC,NN,AA,AG,AA,CC,GG,CC,CC,AA,AG,GG,GT,AG,AC,TT,CT,AG,AC,GT,TT,TT,CC,AA,TT,TT,AA,AT,GG,CC,AG,CC,CC,CC,CG,CC,AA,GG,AG,CC,TT,CG,GT,TT,GG,TT,AA,AG,TT,CC,GG,AA,CC,CC,GG,GG,AA,GG,TT,AA,AA,CC,GG,AT,AC,AA,AA,GG,TT,AT,AT,GG,GT,AT,CC,TT,GT,AA,GG,AA,TT,AA,AT,CC,CT,AA,CC,TT,GG,AG,CG,AG,AC,TT,CT,TT,CG,TT,AA,AC,AA,GG,CC,CC,GG,CC,GG,AT,AA,CC,TT,GG,CG,CG,AA,AA,CG,AA,CC,AA,AA,AC,CC,AC,TT,AA,GG,AA,AA,NN,AA,GG,AA,AA,AA,TT,GG,AA,AG,AC,NN,TT,AG,AA,GG,GG,GG,TT,AA,AG,TT,TT,TT,AG,AT,GG,GG,AA,6.12,Susceptible,Medium,Standard,Late
L0946,Coimbatore,Tamil Nadu,Kharif,Red Loamy,Rainfed,650,29.5,68,AC,TT,GG,AG,GG,CC,GG,AT,CC,CG,AA,CC,CG,TT,TT,GT,GG,TT,TT,AG,CG,TT,TT,CC,TT,CC,TT,TT,GT,AA,TT,CC,AA,AC,GG,CG,GG,CG,GT,CC,TT,TT,AC,GT,NN,GG,TT,AT,CC,AC,GG,AA,AA,GG,CC,TT,AA,AC,GT,AA,AA,GT,TT,AG,TT,TT,CC,GG,TT,GT,AA,GG,AC,AA,GG,AA,AA,GG,TT,TT,GG,GT,GG,CC,AT,GG,AA,AT,CC,TT,CC,TT,CT,TT,TT,GG,TT,CC,GT,CC,CC,CC,AG,AA,TT,TT,CC,AG,AG,AA,CT,GG,TT,CG,GT,AA,AA,TT,CC,GG,CC,AG,CT,TT,CT,AA,CC,CC,AC,CC,AA,TT,CC,AC,CC,CC,AA,TT,AA,AA,GG,CC,CC,GG,AA,GG,AA,CC,GT,CC,CC,AG,AA,GG,GT,GG,AC,GT,TT,GG,CC,TT,GT,TT,CC,AA,GT,TT,AA,TT,CG,CC,AG,CT,CC,CC,GG,AC,AA,GG,AA,CC,TT,CC,GT,GT,NN,AT,AA,AA,TT,CC,CG,AA,CC,CC,GG,GG,CC,CC,TT,AA,AA,CG,GG,AA,AC,AT,AA,GG,TT,TT,AA,GG,GT,AA,CC,TT,TT,AA,GG,AA,CT,NN,TT,CC,TT,AA,CC,TT,GG,GG,CG,GG,CC,TT,TT,GT,GG,TT,AA,CC,AA,GG,CC,CG,GG,CC,GG,TT,AA,CG,TT,GG,CC,CC,AA,AG,CG,AA,CC,AT,AA,AC,CG,CC,TT,AA,GG,AA,NN,AA,AA,GG,AA,AA,AA,TT,CG,AA,AA,CC,AA,TT,NN,AA,CG,GG,NN,TT,AT,AA,TT,TT,NN,AA,TT,GG,GG,AA,2.04,Moderate,Low,Premium,Medium
L0947,Coimbatore,Tamil Nadu,Kharif,Red Loamy,Rainfed,650,29.5,68,AC,TT,GG,AG,GG,CG,TT,TT,CC,CC,AA,CT,CG,TT,TT,GT,GG,TT,AA,AA,CC,GG,GG,CC,TT,CC,TT,TT,GG,AA,CT,CC,AA,AC,GG,GG,GG,CC,GG,CC,TT,TT,AA,TT,AA,GG,TT,AT,CC,AC,GT,AT,AG,GG,CT,TT,AA,AA,GT,AC,AG,TT,TT,AA,TT,TT,CC,GG,CT,GT,AA,GT,CC,AA,AG,AA,AT,GG,GT,CT,GG,GG,GT,CC,AA,GG,AA,AA,CG,TT,AC,TT,CT,TT,GT,GG,CT,CC,TT,CC,CT,CG,GG,AA,AT,TT,CG,AA,GG,AA,CT,GG,TT,CC,TT,AA,AA,TT,CC,GG,CG,GG,CC,GT,TT,AA,CT,CC,CC,CC,AA,GT,CC,AA,CC,CC,AA,TT,AG,AA,CG,CC,CG,GG,AA,AA,AA,CC,GT,CC,CC,AA,AA,GG,TT,AG,CC,NN,TT,GG,CC,GT,TT,TT,CC,AA,GT,TT,AA,AT,GG,CC,AA,CC,CC,CC,NN,CC,AA,GG,AG,CC,TT,CC,GG,GT,CG,AA,AA,AG,TT,AC,GG,AA,CC,CC,CG,GG,AA,GG,TT,AC,AA,CC,GG,AA,CC,AA,AA,GG,GT,TT,AT,CG,GT,AA,CC,TT,GG,AA,GG,AA,TT,AA,TT,CC,TT,AA,CC,TT,GG,GG,CC,AA,NN,TT,TT,GG,GG,TT,AA,CC,AA,GG,CC,CG,GG,CC,GG,TT,AG,CC,GT,NN,CC,CC,AA,GG,CC,AA,CC,AT,AA,CC,CC,AA,TT,AA,GG,AA,AA,AC,AA,AG,AG,AA,AA,TT,GG,AC,AA,AC,AC,CT,AG,AG,GG,GG,NN,TT,AA,GG,TT,TT,TT,AG,TT,GG,GG,AA,6.39,Resistant,Medium,Premium,Early
L0948,Coimbatore,Tamil Nadu,Kharif,Red Loamy,Rainfed,650,29.5,68,AC,CT,GG,AG,GG,CC,GG,AT,CC,CG,AA,CC,CG,TT,TT,GG,CG,TT,TT,AA,CC,GG,TT,CC,TT,CC,GT,TT,GT,AA,TT,CT,AA,AC,GG,CG,GG,CC,GG,CC,TT,TT,AA,TT,AA,AG,TT,TT,CC,CC,GT,AA,AA,GG,CC,TT,AA,AA,GT,AA,AA,TT,AT,AG,TT,TT,CT,GG,TT,GG,AA,GG,CC,AA,GG,AA,AA,AG,TT,TT,GG,GG,GT,CC,AA,GG,AA,AA,CC,GT,CC,TT,CC,TT,TT,GG,TT,CC,GG,CC,CT,CG,AA,AA,TT,TT,CG,AA,AG,AA,CC,GG,TT,CC,GT,AA,AA,TT,CG,GG,CC,GG,CC,GG,TT,AG,CC,CC,CC,CC,AA,TT,CC,AA,CC,CC,AA,TT,AA,AA,GG,CT,CC,GG,AA,AG,AA,CC,GG,CC,CC,AA,AG,AG,TT,AA,AC,TT,TT,AA,CC,GT,TT,TT,CG,AA,GT,TT,AA,TT,GG,CC,AG,CT,CC,AC,GG,CC,AA,GG,AA,CC,TT,CG,GG,TT,GG,AA,AA,AA,TT,CC,CC,AA,AC,CC,GG,GG,AA,GG,TT,AA,AG,CC,GG,AA,CC,AA,AT,TT,GT,AT,AA,GG,GT,AA,CC,AT,TT,AA,NN,AA,TT,AA,TT,CC,TT,AA,CC,TT,GG,AA,CG,AG,CC,TT,TT,GT,GG,TT,AC,AC,AA,GG,CG,CC,GG,CC,GG,TT,AA,CC,TT,GG,CC,CC,AA,AG,CC,AA,CC,AT,AA,AC,CG,AA,TT,AA,GG,AA,AC,AC,AA,GG,AG,AA,AA,AT,CG,AA,AG,AC,AC,CT,AA,AA,GG,GG,GG,TT,AA,AA,GG,TT,TT,AG,TT,GG,GG,NN,1.24,Susceptible,Medium,Poor,Early
L0949,Coimbatore,Tamil Nadu,Kharif,Red Loamy,Rainfed,650,29.5,68,AC,TT,GG,AA,GG,CC,GG,TT,CG,CG,AA,CC,CG,TT,TT,GT,GG,TT,TT,AA,NN,TT,GT,CC,TT,CC,GT,TT,GT,AA,TT,CC,AA,CC,GG,GG,GG,CG,GG,CC,TT,CT,AA,TT,AA,GG,TT,AT,CG,AC,GG,AA,AA,GG,CT,TT,AA,AA,GG,AA,AA,TT,AA,AA,CC,AT,CC,GG,TT,GG,AG,GG,CC,NN,GG,AC,AA,GG,TT,TT,GG,GG,GG,CC,AA,GG,AA,AA,CC,TT,AC,TT,CT,AA,GT,GG,TT,CC,GT,CC,CT,CG,AA,AA,AT,TT,CC,AA,AA,AC,CT,GG,TT,CC,TT,AA,AA,AT,CG,GG,CC,GG,CC,GT,TT,AG,CT,CC,CC,CC,AA,TT,CC,AA,CC,NN,AA,AT,AA,TT,GG,CC,CC,AG,AA,AG,AA,CC,NN,CC,CG,AA,AG,GG,GT,AG,NN,TT,CT,AG,CC,TT,GT,TT,CC,AT,GT,CT,AT,TT,GG,CG,AA,CC,CC,AC,CG,CC,AA,GG,GG,CC,TT,CG,GG,GT,CG,AA,AA,AA,TT,CC,GG,AA,CC,CC,CG,GG,AC,GG,TT,AA,AA,CC,GT,NN,CC,AT,AA,TT,TT,AT,AT,CC,TT,AA,CC,TT,TT,AA,GG,AA,CT,AA,TT,CC,CT,AC,CC,TT,CG,AA,CC,AA,CC,TT,CT,GT,GG,TT,AA,AC,AA,GG,CC,CC,GG,CC,GT,TT,AA,CG,TT,GG,CC,CG,AA,AG,CC,TT,CC,NN,AA,AC,CC,CC,TT,AA,GG,AA,AA,AA,AA,GG,AA,AA,AA,TT,GG,AA,AA,AC,AA,CT,AA,AA,GG,GG,CG,TT,AA,AG,GT,TT,TT,AG,TT,GG,GG,AA,2.93,Resistant,Medium,Premium,Early
L0950,Coimbatore,Tamil Nadu,Kharif,Red Loamy,Rainfed,650,29.5,68,AA,TT,GG,AG,GG,CC,GG,AT,CC,CG,AA,CC,CC,AT,TT,GG,CG,TT,TT,AA,CC,TT,TT,CC,AT,CC,TT,TT,GG,AA,TT,CC,AG,CC,GG,CG,GG,CC,GG,CC,TT,CT,AA,NN,AG,GG,TT,TT,CC,AC,GT,AA,AA,GG,CC,TT,AA,AC,NN,AA,AA,GT,AT,AG,TT,AT,CC,GG,TT,GG,AA,GT,CC,AA,GG,AA,AT,GG,TT,TT,GG,GT,TT,CC,AA,GG,AA,AA,CC,GT,CC,TT,CC,TT,GT,AG,TT,CC,TT,CC,CT,CG,GG,AA,AT,TT,CC,AA,AA,AA,CT,GG,TT,CC,GT,AA,AA,TT,CC,GG,CC,AG,CC,GT,CT,AA,CC,CC,CC,CC,AA,TT,CC,AA,CC,CT,AA,AT,AA,AA,GG,CT,CC,GG,AA,AA,AT,CC,GG,CC,CC,AA,AA,GG,NN,GG,AA,TT,CT,GG,CC,GT,TT,TT,GG,AT,TT,CT,AT,TT,GG,CC,NN,CT,CC,CC,CG,CC,AA,GG,AG,CC,TT,CC,GG,TT,GG,AT,AA,AG,TT,CC,GG,AA,CC,CC,GG,GG,AC,GG,TT,AC,AA,CC,GG,AA,CC,AA,AT,GG,TT,AT,AA,CG,GT,AT,CC,TT,TT,AA,GG,AA,TT,AA,TT,CC,CT,AC,CC,CT,GG,GG,CG,AG,CC,TT,TT,GT,GG,TT,AC,AC,AA,GG,CC,CC,GG,CC,GG,TT,AA,CC,TT,GG,CC,CG,AA,GG,CG,AT,CG,AT,AA,CC,NN,AC,TT,AA,GG,AA,AA,AC,AA,AG,AA,AA,AA,AT,GG,AA,GG,AA,AA,CC,AA,AA,GG,GG,GG,TT,AA,AA,TT,TT,NN,GG,TT,GG,GG,AA,1.08,Moderate,Low,Premium,Late
L0951,Coimbatore,Tamil Nadu,Kharif,Red Loamy,Rainfed,650,29.5,68,CC,CT,AA,AA,GG,CC,GG,TT,CC,CC,AT,CT,CG,TT,TT,GG,GG,TT,TT,AA,GG,TT,GG,CC,TT,CC,TT,AA,GT,AA,CT,CT,AA,CC,GG,GG,GG,GG,GG,CC,TT,CT,AA,TT,AA,AG,TT,TT,CC,AC,GG,NN,AA,GG,CT,GT,AA,AA,GT,AC,AA,GT,TT,AA,TT,TT,CC,NN,TT,TT,AA,GG,CC,AA,GG,AA,AA,AG,TT,TT,GG,GG,GT,CC,AA,AG,AA,AA,CC,GT,CC,TT,CT,AT,GT,GG,TT,AC,GT,CC,CT,CC,AG,AA,TT,TT,CC,AG,AG,AA,CC,GG,TT,CC,GT,AA,AC,TT,NN,AG,CC,NN,CC,GT,CC,AA,CT,CC,CC,CC,AA,TT,AC,AA,CC,CT,AA,TT,AA,AA,GG,CC,CC,GG,AA,AA,AA,AC,GG,CC,CG,AA,AA,GG,TT,GG,AA,GT,TT,GG,CC,TT,TT,CT,CC,AT,GT,TT,AA,TT,GG,CC,AA,CC,CC,CC,CG,CC,AA,GG,AA,CC,TT,CC,GT,GT,CC,TT,AA,AA,TT,CC,GG,AC,AC,CC,GG,GG,AC,GG,TT,AC,NN,CC,GG,AA,CC,AA,AT,GG,GT,AT,AT,CG,GT,AA,CC,TT,GT,AA,GG,AA,TT,AA,TT,CC,TT,AA,AC,TT,GG,AG,CC,AG,CC,TT,CT,GG,GG,AT,AA,CC,AA,GG,CC,CC,GG,CC,GG,AT,AA,CC,GT,GG,CC,CC,AA,GG,CC,AA,CC,AA,AA,AC,CC,CC,TT,AA,GG,AA,AA,AA,AA,AG,AA,AA,AA,AT,GG,AC,AG,AC,AA,TT,AA,AA,GG,GG,GG,TT,AA,AA,TT,TT,TT,AA,NN,GG,GG,AA,5.13,Susceptible,Low,Poor,Early
L0952,Coimbatore,Tamil Nadu,Kharif,Red Loamy,Rainfed,650,29.5,68,AC,TT,AG,AG,GG,CC,GT,TT,CC,CG,AA,CC,CC,TT,TT,GG,GG,TT,TT,AG,CC,TT,TT,CC,TT,CC,TT,TT,GT,AA,TT,CC,AA,CC,GG,GG,NN,CG,NN,CC,TT,CT,AA,GT,AA,AA,TT,TT,CC,AA,GT,AA,AA,GG,CT,TT,AA,AC,GT,AA,AA,TT,TT,AG,TT,AA,CC,GG,TT,GG,AG,GG,AC,AA,GG,CC,AT,GG,TT,TT,GG,GG,GG,CC,AT,GG,AA,AT,CC,GT,CC,GT,CC,TT,GT,GG,TT,CC,GT,CT,CT,CG,GG,AA,TT,TT,CG,AA,AA,AA,CC,GG,TT,CC,TT,AC,AC,TT,CC,AG,CC,NN,CT,GG,TT,AA,CC,CC,AC,CC,AA,TT,AC,AA,CC,CT,AG,TT,AA,AA,GG,CC,CC,GG,AA,AG,AA,CC,GT,CC,CC,AA,AA,GG,TT,GG,AC,TT,CT,GG,AC,GT,GG,CT,CC,AA,GT,CT,AT,TT,GG,CC,AA,CT,CC,CC,GG,CC,AA,GG,AG,AC,TT,NN,GG,TT,GG,AT,AG,AA,TT,CC,CG,AC,CC,CC,CG,GG,AC,GG,TT,AC,AG,CG,GG,AA,CC,AA,AA,GG,TT,AT,AA,CG,GT,AT,CG,TT,GT,AA,GG,AA,CT,CC,AT,CG,CT,AA,CC,CT,CG,GG,CC,AG,CC,TT,TT,GT,GG,AT,AA,AA,AA,GT,CC,CC,GG,CC,GG,AT,AA,CG,GT,GG,CC,CC,AA,GG,CG,AT,CG,AA,AA,AC,CG,CC,TT,AA,GG,AA,AA,AC,AC,GG,AG,AA,AA,TT,CG,AA,AA,AC,AA,CT,AG,AA,GG,GG,GG,TT,AT,AA,TT,TT,TT,AG,AT,GG,CG,AA,4.17,Susceptible,High,Poor,Late
L0953,Coimbatore,Tamil Nadu,Kharif,Red Loamy,Rainfed,650,29.5,68,AC,TT,GG,AA,GG,CC,GG,TT,CC,CC,AA,CT,CG,AT,TT,GG,CG,TT,TT,AA,CC,GG,NN,CC,TT,CC,TT,TT,GG,AA,CT,CC,AA,CC,GG,CG,GG,GG,GG,NN,TT,CC,AA,NN,AG,GG,CT,TT,CC,AA,GT,AT,AA,GG,CC,TT,AA,AC,GG,AA,AA,TT,TT,AA,TT,TT,CC,GG,CT,GT,AG,GG,CC,AA,AA,AA,AT,GG,TT,TT,GG,TT,GT,CC,AA,GG,AA,AA,CC,GT,CC,TT,CC,TT,TT,GG,CT,CC,GT,CC,CT,CC,AG,AA,TT,TT,CC,AA,AG,AC,CC,GG,GT,CC,TT,AA,AA,TT,CC,AG,CC,GG,CC,GT,TT,AA,CC,CC,CC,CC,AA,TT,CC,AA,CC,CC,AA,AT,AA,AA,CG,CT,CC,GG,AA,AA,AA,CC,GG,CC,CC,AA,AA,GG,TT,GG,AC,TT,TT,AG,AC,TT,TT,TT,CG,AA,GT,NN,AA,TT,CG,CC,AA,CT,CC,CC,GG,AC,AA,GG,AG,CC,TT,CC,GT,TT,CG,AT,AA,AA,TT,CC,GG,AC,AC,CC,CG,NN,AC,NN,TT,CC,AA,CC,GT,AA,AC,AA,AT,GG,TT,TT,AA,GG,TT,AT,CG,NN,TT,AA,GG,AA,TT,AA,TT,CC,CT,CC,CC,CT,GG,AA,CC,AA,CC,TT,CT,GT,GG,TT,AA,AA,AA,GG,CC,CG,GG,CC,GG,AT,AA,CC,TT,GG,CC,CC,AA,GG,CG,AA,CC,AA,AA,CC,CC,CC,TT,AA,GG,AA,AA,AC,AC,GG,GG,AA,AA,AT,GG,AC,AG,AC,AC,CT,AA,AA,GG,GG,GG,TT,AA,AA,TT,TT,AT,AA,AA,GG,GG,AA,4.05,Susceptible,High,Standard,Medium
L0954,Coimbatore,Tamil Nadu,Kharif,Red Loamy,Rainfed,650,29.5,68,AC,TT,GG,AG,CG,CC,GG,TT,CC,CC,AA,CC,CG,TT,GT,GG,GG,TT,TT,AA,NN,TT,GT,CC,TT,CT,TT,TT,GT,AA,TT,CT,AA,AC,AG,GG,GG,CG,GG,CC,TT,NN,AA,TT,AA,AG,TT,AT,CC,AC,GT,AA,AA,GG,CC,TT,AT,AA,GT,CC,AA,TT,AT,AG,CT,TT,CC,GG,TT,GT,AG,GG,CC,AA,AG,AA,AT,GG,GT,TT,GG,GG,GG,CC,AT,GG,AG,AA,CC,TT,AC,TT,CC,TT,TT,GG,NN,CC,GT,CC,CT,CC,AG,AA,TT,TT,CC,AA,GG,AA,CT,GG,TT,CC,GT,AA,AA,TT,CC,AG,CG,GG,CC,GG,TT,AA,CC,CC,AC,CC,AA,TT,CC,AA,CC,CT,AA,TT,AA,AA,GG,CC,CG,GG,AA,AA,AA,CC,GT,CC,CC,AA,AA,GG,TT,GG,AC,TT,TT,GG,CC,GT,TT,TT,CC,AT,TT,TT,AA,AT,GG,CC,AA,CC,AC,CC,GG,CC,AA,GG,AG,CC,TT,GG,GG,TT,GG,AT,AA,AG,TT,AC,GG,AC,CC,CC,GG,GG,AC,GG,TT,AC,AA,CC,NN,AA,AC,AA,TT,GG,TT,TT,AT,GG,TT,TT,CC,AT,GT,AA,GG,AA,CT,AC,TT,CC,TT,AA,AC,CC,CG,NN,CC,GG,CC,TT,CT,GT,GG,TT,AA,AC,AA,GT,CC,GG,GG,CC,GG,AT,AG,CC,TT,GG,CG,CG,AA,GG,CC,AA,CC,AA,AA,AA,CC,AA,TT,AA,GG,AA,AA,AC,AA,GG,AA,AA,AA,TT,CG,AA,AA,CC,AA,NN,AA,AA,CG,AG,GG,GT,AA,AA,GT,TT,TT,AG,TT,GG,NN,AA,3.81,Susceptible,Low,Poor,Early
L0955,Coimbatore,Tamil Nadu,Kharif,Red Loamy,Rainfed,650,29.5,68,AC,CT,GG,AA,GG,CC,GT,TT,CC,CG,AA,CC,CG,TT,GT,GT,GG,TT,TT,AG,CC,TT,GG,CC,TT,CC,TT,TT,GG,AA,TT,CT,AA,CC,GG,GG,GG,GG,GG,CC,TT,TT,AA,TT,AA,GG,TT,TT,CC,AA,GG,AA,AG,GG,CC,GT,AA,AC,GT,AC,AA,GT,TT,AG,TT,TT,CC,GG,TT,GT,AA,GG,CC,AA,GG,AC,AA,NN,GT,TT,GG,GT,GG,CC,AT,GG,AA,AA,CC,GT,CC,TT,CC,TT,TT,GG,CT,CC,TT,CC,CC,GG,AG,AA,TT,GT,CC,AA,AA,AA,CC,GG,TT,CC,TT,AA,AA,TT,CC,AA,CC,GG,CC,GT,TT,AA,CT,CC,CC,CC,AA,TT,CC,AA,CC,CC,AA,TT,AA,AA,GG,CC,CC,GG,AA,AG,AA,CC,GG,CC,CG,AA,AG,AG,GG,AG,AC,TT,TT,GG,AA,TT,GT,TT,CG,AA,TT,TT,AA,TT,GG,CC,AA,NN,NN,CC,GG,CC,AA,GG,GG,CC,TT,CG,GT,TT,GG,TT,AA,AA,TT,AC,GG,AA,AC,CC,GG,GG,AA,GG,TT,AC,AA,CC,GT,AT,AC,AA,AA,GT,TT,TT,AT,GG,GT,AA,CC,TT,GT,AA,GG,AA,TT,AA,AT,CC,TT,AC,CC,CT,CC,AA,CG,AG,CC,TT,CT,TT,NN,TT,AA,AC,AA,GG,CC,GG,GG,CC,GG,AT,AA,CG,TT,AG,CC,CC,AA,GG,CC,TT,CC,AA,AA,AA,GG,AC,TT,AA,GG,AA,AA,AC,AA,AG,AG,AA,AA,TT,CG,AC,AA,CC,AA,CT,AA,AA,GG,GG,GG,GT,AA,AA,GT,TT,TT,AA,AT,GG,NN,AA,4.97,Susceptible,High,Poor,Medium
L0956,Coimbatore,Tamil Nadu,Kharif,Red Loamy,Rainfed,650,29.5,68,CC,TT,AG,GG,GG,CC,GG,AT,CC,CG,AA,CT,CG,TT,TT,GG,CG,TT,TT,AG,CG,TT,GG,CT,TT,CC,GT,TT,GG,AA,TT,CC,AG,CC,GG,GG,GG,CG,GG,CC,TT,CC,AA,TT,AA,GG,TT,AT,CG,AC,GT,AA,AA,GG,CC,TT,AA,AA,GG,AC,AA,GT,AT,AG,TT,NN,CC,GG,TT,NN,GG,GG,CC,AA,GG,CC,AA,GG,TT,TT,GG,GG,NN,CC,AT,NN,AA,AT,CC,TT,CC,TT,CC,AT,GT,GG,CT,CC,TT,CC,CC,GG,AG,AA,TT,TT,CC,AG,GG,AA,TT,GG,TT,CC,TT,AC,AA,TT,CG,GG,CC,AA,CT,GT,TT,AA,CC,CC,CC,CC,AA,TT,NN,AA,CC,CC,AA,AA,AA,AA,GG,CC,CC,AG,AA,AG,AA,CC,GG,CC,CC,AG,AG,GG,TT,GG,AC,TT,TT,GG,CC,TT,GT,TT,CG,AT,TT,TT,AA,TT,GG,CC,AG,CT,CC,CC,CG,CC,AA,GG,GG,CC,TT,CC,GT,TT,GG,AA,AA,AA,TT,CC,GG,AC,CC,CC,GG,GG,AC,GG,TT,AA,AA,CC,GT,AA,CC,AA,AT,GG,TT,TT,AA,CG,GT,AT,CC,AT,GT,AA,GG,AA,TT,AA,AT,CC,TT,AA,AC,CC,CG,AA,CC,AG,CC,TT,CT,TT,GG,TT,AA,NN,AA,GG,CC,CC,GG,CC,GG,TT,AA,CC,TT,GG,CC,CC,AA,AG,CC,AA,CC,AA,AA,CC,CC,AA,TT,AA,GG,AA,AA,AC,AA,AG,AA,AG,AA,TT,GG,AA,AA,AC,AA,CT,AA,AA,CG,AG,GG,TT,AT,AA,TT,TT,TT,AA,AT,GG,GG,AC,4.1,Resistant,High,Premium,Medium
L0957,Coimbatore,Tamil Nadu,Kharif,Red Loamy,Rainfed,650,29.5,68,AA,TT,AG,AG,CG,CC,GT,AT,CC,CG,AA,CC,CC,AT,GT,GG,CG,TT,TT,AA,CC,TT,GT,CT,TT,CC,TT,AT,GG,AA,TT,CT,AA,CC,AG,GG,GG,CC,GG,CC,TT,CT,AC,TT,AA,AA,TT,AT,CC,CC,GG,AA,AA,GG,CC,TT,AA,AC,GT,AA,AG,TT,AA,AG,TT,AT,CC,GG,TT,GG,AA,GG,CC,AA,AG,AC,NN,GG,TT,TT,GG,GG,TT,CC,AT,GG,AA,TT,CG,GT,CC,TT,CC,TT,TT,GG,TT,CC,GT,CT,CC,CC,AG,AA,TT,TT,CC,AA,AA,AC,CT,GG,TT,CC,TT,AA,AA,TT,CC,AG,CC,GG,CT,GT,TT,AA,CC,CC,CC,CC,AA,GG,CC,AA,CC,CC,AA,TT,AA,AA,CG,CC,CC,GG,AA,AA,AA,AC,GG,CC,CC,AA,AA,GG,TT,GG,AC,GT,TT,GG,CC,TT,GT,CT,CG,AA,TT,TT,AA,TT,CG,CC,AA,TT,AC,CC,CG,CC,AA,GG,AG,CC,TT,CC,GG,GT,CC,TT,AA,AA,TT,AC,GG,AA,CC,CC,GG,GG,AC,GG,TT,AA,AA,CC,GG,AT,CC,AA,AA,GG,NN,TT,AT,GG,GT,AA,CC,TT,GG,AA,GG,AA,TT,AA,AT,CC,TT,AA,AC,TT,GG,GG,CG,GG,AC,AT,CT,NN,GG,TT,AC,CC,AG,GG,CG,CG,GG,CC,GG,TT,AA,CC,GT,GG,CC,CC,AA,GG,CC,AA,CC,AA,AA,NN,CC,AC,TT,AA,GG,AA,AA,CC,NN,GG,AG,AA,AG,TT,GG,AA,AG,AC,AA,TT,AA,AA,GG,GG,GG,TT,AT,AA,TT,TT,TT,AA,AT,GG,GG,AA,3.47,Moderate,High,Standard,Late
L0958,Coimbatore,Tamil Nadu,Kharif,Red Loamy,Rainfed,650,29.5,68,AC,TT,GG,AG,GG,CC,TT,TT,CC,CG,AA,CC,CC,AT,GT,GG,CG,TT,TT,AA,CC,GT,TT,CC,AT,CC,TT,AT,GG,AA,TT,CC,AA,CC,GG,CG,GG,CG,GG,CC,TT,CC,AA,TT,AA,AG,CT,AT,CG,CC,GT,AT,AA,GG,CT,TT,AA,AA,GT,AA,AA,TT,TT,GG,TT,TT,CC,GG,NN,GG,GG,GT,CC,AA,AG,AC,AT,GG,GT,TT,GG,GG,GG,NN,AA,GG,AA,AA,CC,GT,AC,TT,CC,NN,GT,GG,CT,CC,GG,CC,CC,CG,AG,NN,TT,TT,CC,AA,AG,AA,TT,GG,TT,CC,TT,AC,AA,TT,CC,AG,CC,GG,CC,GT,CC,AG,CC,CC,CC,CC,AA,TT,CC,AA,CC,CC,AA,AT,AA,AT,GG,CT,CG,GG,AA,NN,AA,CC,GG,CC,CC,AA,AA,AG,GT,AG,CC,TT,CT,AG,AA,GT,GT,CT,CG,AA,TT,TT,AA,AA,GG,NN,AG,CT,CC,CC,GG,CC,AA,GG,AG,CC,TT,CC,GG,TT,CG,AA,AA,AA,TT,CC,GG,AA,AA,CC,NN,GG,AC,GG,TT,AC,AA,CC,GG,AT,CC,TT,AA,GG,TT,TT,AT,GG,GT,AA,CG,TT,TT,AA,GG,AA,TT,CC,TT,CC,TT,AA,CC,TT,GG,AG,CC,AG,AC,TT,TT,GG,GG,TT,AA,CC,AA,GG,CC,CG,GG,CC,GG,TT,AA,CC,GT,GG,CC,CG,AT,GG,CG,AA,CC,AA,AA,CC,CG,AC,TT,AA,GG,AA,AA,AC,AA,AG,AA,AG,AA,TT,CC,AA,AG,CC,AA,TT,AG,AG,GG,GG,NN,TT,AA,AA,TT,TT,TT,AG,AT,GG,GG,AA,2.53,Susceptible,Low,Poor,Medium
L0959,Coimbatore,Tamil Nadu,Kharif,Red Loamy,Rainfed,650,29.5,68,AC,TT,GG,AA,GG,CC,GG,AT,CC,CG,AA,CC,CG,TT,TT,GT,GG,TT,TT,AG,CC,GT,GT,CC,TT,CC,TT,NN,GG,AA,TT,CC,AA,CC,GG,CG,GT,CC,GG,CC,GT,CT,AA,GT,AG,AG,TT,AA,CC,AC,GG,AA,AA,GG,CC,NN,AA,AA,GT,AA,AG,TT,AA,AA,TT,AT,CC,GG,TT,GT,AA,GG,CC,AA,GG,AA,AA,GG,TT,TT,GG,GT,GG,CC,AA,GG,AA,AA,CC,GG,CC,TT,TT,TT,GT,GG,TT,AC,GT,CC,CC,GG,GG,AG,TT,GT,CC,AG,AA,AA,CC,GG,TT,CC,TT,AA,AA,TT,CC,GG,CC,GG,CC,GG,NN,AA,CC,CC,CC,CG,AA,TT,CC,AA,CC,CT,AA,TT,AG,AA,GG,CC,CC,GG,AA,GG,AA,CC,GG,CC,CG,AA,AA,GG,TT,GG,AA,TT,CT,NN,CC,TT,GT,TT,CC,AT,TT,TT,AT,TT,GG,CC,AG,CT,CC,CC,CG,CC,AA,GG,GG,CC,GT,CC,GG,GT,GG,AT,AG,AA,TT,CC,GG,AC,AC,CC,GG,AG,AA,CG,NN,AC,AA,CC,GG,AA,AC,AA,AA,GG,GT,AT,AT,GG,GT,AA,CG,AT,TT,AA,GG,AA,CT,AA,TT,CC,TT,CC,CC,TT,GG,AG,CC,AG,CC,TT,CT,TT,GG,TT,AA,AC,AA,GG,CC,CC,GG,CC,GG,AA,AA,CC,TT,GG,CC,CC,AA,GG,CG,AA,CC,AA,AA,AC,CC,AC,TT,AA,GG,AA,AA,AC,AC,AG,AA,AA,AA,TT,GG,AA,AA,AA,AA,TT,AA,AA,GG,GG,GG,TT,AA,NN,GT,TT,TT,AG,TT,GG,GG,AA,2.41,Resistant,Low,Standard,Early
L0960,Coimbatore,Tamil Nadu,Kharif,Red Loamy,Rainfed,650,29.5,68,AC,TT,GG,AA,GG,CC,GG,AT,CC,CC,AA,CC,CC,TT,NN,GG,CG,TT,TT,AA,CG,NN,GT,CC,TT,CC,GT,AT,GG,AA,TT,CC,AA,CC,GG,GG,GG,CG,GG,CC,TT,CT,AA,TT,AG,GG,CT,TT,CC,CC,GG,AA,AG,GG,CT,TT,AT,CC,GT,NN,GG,TT,TT,AA,TT,TT,CC,GG,TT,GG,GG,GG,CC,AA,NN,AA,AA,GG,TT,TT,GG,GG,GG,CC,AA,GG,AA,AT,CC,TT,CC,TT,CC,TT,TT,GG,TT,CC,GT,CC,CC,GG,AG,AA,TT,TT,CG,AA,NN,AA,CC,GG,TT,CC,TT,AA,AA,TT,CC,AG,CC,GG,CC,GG,CT,NN,CT,CC,CC,CC,AA,GT,CC,AA,CC,CT,AA,TT,AA,AA,GG,CC,CC,GG,AA,AG,AT,CC,GG,CC,CC,AA,AA,AG,TT,AG,AC,TT,TT,GG,CC,TT,GT,TT,CC,AT,GT,TT,AA,TT,GG,NN,AA,CC,CC,CC,GG,AC,AA,GG,AG,CC,TT,CC,GT,TT,GG,AT,AA,AA,TT,AC,GG,AA,CC,CC,CG,GG,CC,CG,TT,AC,AA,CC,GG,AA,CC,AA,AA,GT,TT,AT,AT,GG,GG,AA,CG,TT,TT,AT,GG,AA,CT,AA,TT,CC,TT,AC,CC,TT,GG,AA,CC,AG,CC,NN,CT,TT,GG,TT,AA,AC,AG,GG,CC,CC,GG,CC,NN,AT,AA,CC,GT,GG,CC,CC,AA,GG,CC,AA,CC,AA,AA,CC,CC,AC,TT,AA,GG,AA,AA,AA,AA,AG,AA,AA,AA,AT,GG,AA,AA,NN,AA,CT,AA,AG,GG,GG,GG,GT,AT,AA,GT,TT,TT,GG,TT,GG,GG,AA,4.19,Susceptible,Medium,Premium,Early
L0961,Coimbatore,Tamil Nadu,Kharif,Red Loamy,Rainfed,650,29.5,68,CC,TT,AG,AA,GG,NN,GG,AT,CC,CG,AA,CC,CC,TT,GT,GG,CG,TT,TT,AA,CC,TT,GT,CT,NN,CC,TT,TT,GT,AA,TT,CC,AA,CC,GG,GG,GG,CC,NN,CC,TT,CT,AA,TT,AA,AG,TT,TT,CC,AA,GT,AT,AG,GG,CC,TT,AA,AA,GG,AC,AA,TT,TT,AG,TT,TT,CC,GG,CT,GT,GG,GG,CC,AA,GG,CC,AA,GG,TT,TT,AG,GT,NN,CC,TT,GG,AA,AT,CC,GT,CC,TT,CC,TT,GT,GG,TT,CC,GT,CC,CT,CC,AG,AA,AT,TT,CC,AA,AG,AA,CC,GG,TT,CG,TT,AA,CC,TT,CG,AG,CC,GG,CC,TT,TT,AG,CT,CC,AA,CC,AA,TT,CC,AA,CC,CC,AA,TT,AA,AA,CG,CT,CG,GG,AA,GG,AT,CC,GT,CC,CC,AA,AA,NN,GG,GG,AC,TT,TT,AG,AC,TT,TT,CT,CC,AT,TT,CC,AA,TT,GG,CC,AA,CC,CC,CC,CG,CC,AA,GG,AG,CC,TT,CC,GT,TT,CG,AA,AA,AG,TT,AC,GG,AC,CC,CC,GG,GG,AC,GG,NN,AA,AA,CC,GT,AA,CC,AA,AA,GT,TT,TT,AA,CG,GT,AA,CC,TT,GT,AA,GG,AA,TT,AA,TT,CC,CT,AA,CC,CT,GG,AG,CG,AG,CC,TT,TT,TT,GG,AT,AC,AC,AG,GG,CC,CC,GG,CC,GG,AT,AA,CC,GT,GG,CG,CG,AT,GG,NN,AA,GG,AA,AA,AC,CC,AC,TT,AA,CC,AA,AC,AC,AA,AA,AG,AG,AA,NN,GG,AC,NN,AA,AA,TT,AA,AA,GG,AG,GG,TT,AT,AG,TT,TT,TT,NN,TT,GG,GG,AA,2.28,Susceptible,Medium,Poor,Late
L0962,Coimbatore,Tamil Nadu,Kharif,Red Loamy,Rainfed,650,29.5,68,AA,TT,AG,GG,GG,CC,GG,TT,CC,CC,AA,CT,GG,TT,TT,GG,CG,TT,TT,AA,CC,GT,GG,CC,AT,CC,GT,TT,GT,AA,TT,CC,AA,CC,GG,GG,GT,CG,GG,CC,TT,TT,AA,TT,AA,GG,CT,NN,CC,AA,GG,AA,AG,GG,CC,TT,AT,AA,GT,AA,AA,TT,TT,AG,TT,AT,CC,GG,TT,GG,AA,GG,CC,AA,GG,CC,AT,GG,GG,TT,GG,GG,GG,CC,AA,GG,AA,AA,CC,TT,CC,TT,CT,TT,TT,GG,TT,CC,GT,CC,CC,CC,AG,AA,AT,TT,CC,AA,AA,AC,CT,GG,TT,CC,TT,AA,AC,TT,CG,AG,CG,AG,CC,TT,CT,AG,CC,CC,CC,CC,AA,TT,AC,AA,CC,CC,AA,TT,AG,TT,CG,CC,CC,GG,AA,AG,AA,AC,NN,CC,CC,AG,AA,GG,TT,AG,AA,TT,CT,GG,CC,GT,GT,CT,GG,AA,TT,TT,AA,TT,GG,CC,AG,CC,CC,CC,GG,CC,AA,GG,AG,CC,TT,CC,GG,GT,GG,TT,AA,GG,TT,CC,GG,AA,AC,CC,GG,GG,AA,GG,CT,AA,AA,CC,GG,AT,CC,AA,AA,GG,TT,AT,AA,NN,GG,AA,CC,AT,GG,AA,GG,AA,CT,AC,TT,CG,TT,AC,CC,CT,CC,AG,CG,GG,AC,TT,CT,TT,GG,TT,AA,AA,AA,GG,CC,CG,GG,CC,GG,TT,AA,CG,TT,GG,CC,CC,AA,GG,CC,AA,CC,AA,AA,CC,CC,CC,TT,AA,CG,AA,AA,AA,AA,GG,AA,AA,AA,TT,GG,AC,AA,AC,AA,CT,AA,AA,GG,GG,GG,TT,AA,AG,TT,TT,TT,AA,AT,GG,GG,AA,4.86,Susceptible,Low,Premium,Late
L0963,Coimbatore,Tamil Nadu,Kharif,Red Loamy,Rainfed,650,29.5,68,AC,TT,GG,AG,CG,CC,GG,TT,CC,CG,AA,CC,CC,AT,TT,GG,GG,TT,TT,AA,CC,TT,GT,CC,AT,CC,TT,NN,GG,AA,TT,CC,AA,CC,GG,GG,GG,CG,GG,CC,TT,CC,CC,TT,AA,GG,TT,TT,CC,AC,GG,AA,AA,GG,CT,GT,AA,AA,TT,AA,AA,TT,TT,AG,TT,AT,CC,GG,TT,GG,AA,GG,CC,AG,AG,AA,AT,GG,GT,TT,GG,GG,NN,CC,AA,GG,AG,AA,CG,TT,AA,TT,CC,AT,GG,GG,CT,CC,GG,CC,CC,CC,AA,AA,TT,TT,CC,AA,AG,CC,CT,GG,GT,CG,GT,AA,AA,NN,CC,AG,CC,GG,CT,GT,TT,AA,CC,CC,AC,CC,AG,TT,NN,AA,CC,CC,AA,TT,AG,AT,GG,CC,CG,AG,AA,GG,AA,AC,GG,CC,CC,AA,AG,GG,TT,GG,CC,TT,TT,AG,CC,TT,TT,TT,CC,AA,TT,TT,AA,AT,GG,CC,AG,CT,CC,CC,GG,CC,AA,GG,AA,CC,TT,CC,GT,TT,GG,TT,AA,AG,GT,CC,GG,AA,AC,CC,GG,GG,AA,GG,TT,AA,AA,CC,GG,AT,CC,AA,AA,GT,GT,TT,AT,GG,GT,TT,CG,AT,GG,AA,GG,AA,TT,AA,TT,CC,CT,AA,CC,TT,GG,AG,CC,AG,CC,TT,CT,TT,GG,TT,AA,AC,AA,NN,CC,CC,GG,CC,GG,AT,AA,CC,TT,GG,CC,CC,AA,GG,CC,AT,CC,AA,NN,AC,CC,CC,TT,AA,GG,AA,AA,AC,AA,GG,AG,AA,AA,TT,GG,AA,AG,AC,AA,TT,AG,AG,GG,GG,GG,TT,AA,AA,TT,TT,TT,AG,TT,GG,GG,AA,4.53,Susceptible,Medium,Premium,Early
L0964,Coimbatore,Tamil Nadu,Kharif,Red Loamy,Rainfed,650,29.5,68,AA,CT,GG,AA,GG,CC,GG,AT,CC,CC,AT,CC,CC,AT,TT,GG,GG,TT,TT,AA,CC,TT,TT,CC,AT,CC,GT,TT,GG,AA,TT,CT,AA,CC,GG,CG,GG,NN,GG,CC,TT,CT,AA,TT,AG,AG,TT,AT,CC,AC,GG,AA,AG,GG,CC,TT,AA,AC,GG,NN,AG,GT,AT,GG,TT,AT,CC,GG,TT,GT,AG,GG,CC,AA,AA,AC,AT,AG,TT,TT,GG,GG,GG,CC,AA,GG,AA,AA,CG,GT,CC,GT,CT,AT,TT,GG,CT,CC,TT,CT,CC,CC,AG,AG,AT,TT,CC,AA,AA,AA,CC,GG,TT,CC,GT,AC,AC,TT,CC,AG,CG,GG,CT,GG,TT,AG,CC,CC,CC,CC,AA,GT,CC,AA,CC,CC,AA,TT,AG,AA,CG,CT,CC,NN,AA,GG,AA,AC,GG,CG,CC,AA,AA,GG,TT,AG,AA,NN,TT,GG,AC,TT,GT,CT,NN,AT,TT,TT,AT,TT,CG,CC,AG,CC,CC,CC,GG,CC,AA,GG,AA,CC,TT,CC,GG,GG,GG,TT,AA,AA,GT,CC,GG,AA,CC,CG,GG,GG,AA,CG,TT,AA,AA,CC,GG,AT,CC,AA,AT,GG,TT,AT,AA,GG,GG,AT,CC,TT,GG,AA,GG,AA,TT,AC,TT,CC,TT,AA,CC,CT,CG,AG,CG,GG,AC,AT,TT,GT,GG,TT,AA,AC,AA,GT,CC,CG,GG,CC,GG,AT,AA,CC,TT,GG,CC,CC,AT,GG,CC,AA,CC,AA,AA,CC,CG,AC,TT,AA,GG,AA,AA,AC,AA,GG,AG,AG,NN,AT,GG,AC,AA,CC,AA,TT,AA,AG,GG,GG,GG,TT,NN,AG,GT,TT,TT,GG,AA,GG,GG,AA,3.94,Susceptible,Low,Standard,Late
L0965,Coimbatore,Tamil Nadu,Kharif,Red Loamy,Rainfed,650,29.5,68,AA,TT,GG,AG,GG,CC,GG,TT,CC,GG,AA,CC,CC,AT,TT,GG,GG,TT,TT,AG,CG,TT,TT,CT,AT,CC,GT,TT,GG,AA,TT,CC,AA,CC,GG,GG,GG,CC,GG,CC,TT,TT,AC,TT,AA,AG,TT,AT,CC,AA,GG,AA,AA,GG,CC,GT,AT,AC,TT,AC,AA,GT,AT,AA,TT,TT,CT,GG,TT,GT,AA,GG,CC,AA,GG,AA,AT,GG,TT,TT,GG,GG,GG,CC,AA,GG,AA,AA,CC,GT,CC,TT,CC,TT,TT,GG,TT,CC,GT,CT,CC,CC,GG,AA,AT,TT,CC,AA,AA,AC,CC,GG,TT,CC,TT,AC,AC,TT,CC,AA,CG,AG,CC,GG,CT,AG,CC,CC,CC,CG,AA,TT,CC,AA,CC,CC,AA,AT,AA,AT,CG,CT,CC,GG,AA,GG,AA,CC,GG,CC,NN,AA,AG,GG,TT,AG,AC,TT,CT,AG,AC,TT,TT,TT,CC,AT,TT,TT,AA,AT,GG,CC,AG,CT,CC,CC,CG,CC,AA,GG,AA,CC,TT,CC,GG,TT,GG,AA,AA,AA,TT,CC,CG,AC,AC,CC,GG,GG,AA,GG,TT,AC,AA,CC,GG,AA,CC,AT,AT,GG,TT,AT,AA,CG,GT,AA,CC,TT,GT,AA,GG,AA,CC,AA,TT,CC,TT,AA,CC,TT,CG,AA,CC,AA,CC,TT,TT,GG,CG,AT,AA,CC,AA,GG,CC,CG,GG,NN,GG,AT,AA,CC,TT,GG,CC,CG,AA,AG,CG,AA,CC,TT,AA,CC,CG,AC,TT,AA,GG,AA,AA,AA,AA,GG,AG,AG,AA,TT,CC,AC,AG,CC,AC,TT,AA,AA,GG,GG,GG,TT,AA,AA,TT,TT,TT,AA,TT,GG,CG,AA,2.78,Susceptible,Low,Poor,Early
L0966,Coimbatore,Tamil Nadu,Kharif,Red Loamy,Rainfed,650,29.5,68,AC,TT,GG,AG,GG,CC,GG,TT,CC,CG,AT,CC,CG,AA,TT,GG,CG,TT,TT,AA,CC,GG,TT,CC,TT,CC,GT,TT,GG,AA,TT,CT,AA,CC,GG,GG,GG,GG,GG,CC,TT,TT,AA,TT,AG,AG,TT,AT,CC,AC,GT,AA,AA,GG,CC,TT,AT,AA,GT,AA,AA,TT,AT,AG,TT,TT,CC,GG,TT,GG,AA,GG,AC,AA,GG,AA,AA,GG,TT,TT,GG,GG,GG,AC,AA,GG,AA,AT,CC,TT,CC,TT,CT,TT,TT,GG,TT,CC,GT,CC,CC,CC,AA,AA,TT,TT,CC,AA,AG,AA,CC,GG,TT,CC,TT,AA,AA,AT,CG,AG,CC,GG,CC,GT,TT,AA,CC,CC,CC,CC,AG,TT,CC,AA,CC,CC,AA,AT,AG,AA,GG,CT,CC,AG,AA,AA,AT,CC,GG,CG,CC,AA,AA,AG,TT,GG,AA,NN,TT,GG,NN,GT,TT,CT,CC,AT,TT,TT,AA,AT,GG,CG,AA,CT,CC,CC,GG,CC,AA,GG,GG,CC,TT,CC,GT,TT,GG,AA,AA,AG,TT,CC,GG,AA,AC,CC,GG,AG,AC,GG,TT,AA,AG,CC,GG,AA,CC,AA,AA,GG,NN,AT,AT,CC,GT,AA,CG,AT,GT,AA,GG,AA,TT,AA,TT,CC,CC,AC,CC,CT,GG,GG,NN,AG,AC,TT,TT,TT,GG,TT,AA,AC,GG,GG,CC,CG,GG,CC,GG,AA,AA,CC,TT,GG,CC,CG,AT,GG,CC,AA,CC,AA,AG,AC,CG,AC,TT,AA,GG,AA,AA,AC,AA,GG,GG,AG,AA,AA,GG,AC,AA,AC,AA,CT,AA,AA,GG,AG,GG,TT,AT,AA,GT,TT,TT,AA,TT,GG,CG,AA,2.95,Susceptible,Medium,Poor,Late
L0967,Coimbatore,Tamil Nadu,Kharif,Red Loamy,Rainfed,650,29.5,68,AA,CT,AG,AA,CG,CG,GG,AT,CC,CG,AA,CC,CC,TT,GG,GG,GG,TT,TT,AG,CC,GT,GT,CT,TT,CC,TT,TT,GG,AA,TT,CC,AA,CC,GG,GG,GG,CG,GG,CC,TT,TT,AA,TT,GG,GG,CT,TT,CC,CC,GT,AA,AA,GG,CC,TT,AA,AA,GG,AA,AA,TT,TT,AA,TT,TT,CC,GG,TT,GG,GG,GG,CC,AA,GG,AC,AA,GG,GT,TT,GG,TT,GG,CC,AA,GG,AG,AA,CC,TT,CC,TT,CC,TT,GT,GG,NN,CC,TT,CC,CC,CG,AG,AA,TT,TT,NN,GG,AA,AA,CC,GG,TT,CG,TT,AA,AA,TT,CC,GG,CC,GG,CT,GG,CT,AA,CC,CC,CC,CC,AA,TT,CC,AA,CC,CT,AA,TT,AA,AA,GG,CC,CC,GG,AA,AG,AA,CC,GG,CC,CC,AA,AA,GG,TT,GG,AC,TT,CT,GG,AC,GT,TT,TT,CC,AT,TT,TT,AA,TT,GG,CC,AA,CC,AC,CC,CG,CC,AA,GG,AA,AC,TT,CC,GG,GT,NN,TT,AA,AG,TT,CC,GG,AA,AC,CC,GG,GG,AC,GG,TT,AA,AA,CC,GG,AA,CC,AA,AA,GG,TT,AA,AA,GG,TT,AT,CC,TT,GT,AA,GG,AA,TT,AA,TT,CC,CT,AA,NN,NN,GG,AA,CC,AG,CC,TT,TT,TT,GG,AT,AA,AC,AG,NN,CC,CC,GG,GG,GG,AT,AA,CG,TT,GG,CC,CC,AA,GG,CC,AA,CC,AT,AA,CC,CG,AC,TT,AA,GG,AA,AA,AA,AC,GG,AA,AG,AA,TT,CG,AA,AA,AC,AA,TT,AA,AG,GG,GG,GG,TT,AT,AG,TT,TT,TT,AG,TT,GG,GG,AA,4.41,Resistant,Low,Standard,Medium
L0968,Coimbatore,Tamil Nadu,Kharif,Red Loamy,Rainfed,650,29.5,68,AA,CT,GG,AG,GG,CC,TT,TT,CG,CC,AA,CT,CG,AT,TT,GG,GG,TT,TT,AA,CG,GT,GT,CC,TT,CT,TT,TT,GT,AA,CT,CC,NN,CC,GG,GG,GG,CC,GG,CC,TT,TT,AA,TT,AA,AG,TT,TT,CC,AA,GG,AA,AA,GG,CC,TT,AT,AC,GG,AA,AA,TT,AT,AG,TT,TT,CC,GG,TT,GG,AG,GG,CC,AA,GG,AC,AA,GG,TT,TT,GG,GT,GG,CC,AT,GG,AA,AA,CC,GG,CC,TT,CC,AT,GT,GG,TT,CC,TT,CC,CC,CC,GG,AA,TT,TT,CG,AA,AA,AA,CC,GT,TT,CG,TT,AC,AC,TT,CG,GG,CG,AG,CC,GT,TT,AA,CC,CC,CC,CC,AA,GT,CC,AA,CC,CC,AA,TT,AA,AA,GG,CC,CC,GG,AA,GG,AA,CC,GG,CC,CC,AA,GG,AG,GT,GG,NN,TT,TT,GG,AA,NN,TT,TT,CC,AA,GT,TT,AA,AA,GG,CC,AA,CC,CC,CC,CC,CC,AA,GG,AA,CC,TT,GG,GT,TT,CG,AT,AA,AG,TT,CC,GG,AA,AC,CC,CG,GG,AC,GG,TT,AC,AA,CC,GT,AA,AC,AT,NN,GG,TT,TT,AA,GG,NN,AT,CC,AT,NN,AA,GG,AA,CC,AA,TT,CC,TT,AA,CC,TT,GG,AG,CG,AG,AC,TT,CC,TT,GG,AT,AA,AC,AA,GT,CC,CC,GG,CC,GG,TT,AA,CC,TT,GG,CG,CC,AA,AG,CC,AA,CC,AA,AA,AA,CG,CC,AA,AA,GG,AT,AC,AC,AA,AG,AG,AG,AA,AT,GG,AA,AG,AC,AA,TT,AG,AG,GG,GG,NN,TT,AA,AA,TT,TT,TT,AG,AT,GG,GG,AA,1.02,Susceptible,Low,Poor,Medium
L0969,Coimbatore,Tamil Nadu,Kharif,Red Loamy,Rainfed,650,29.5,68,AA,TT,GG,AA,CG,CG,GT,AT,CC,CG,AA,CC,CC,AT,TT,GT,CG,TT,TT,AA,CC,TT,TT,CT,TT,CC,TT,TT,GG,AA,NN,CC,AA,CC,GG,CG,GG,CC,GG,CC,TT,TT,AA,TT,AA,AA,TT,AT,CC,AC,GT,AA,AA,GG,CC,TT,AA,AC,GG,AC,AA,TT,AT,AA,TT,TT,CC,GG,TT,GT,AG,GT,CC,AA,AG,AA,AT,GG,TT,TT,GG,GG,GG,CC,AA,GG,AG,AT,CC,GT,CC,TT,CT,TT,TT,NN,TT,CC,TT,CC,CC,CG,GG,AA,TT,TT,CC,AA,AA,AA,CT,GG,TT,CC,TT,AC,AA,TT,CC,GG,CC,AG,CC,GG,TT,AA,CC,CC,CC,CC,AA,TT,AC,AA,CC,CC,AA,TT,AA,AA,GG,CT,CC,GG,AA,GG,AA,CC,GG,CC,CC,AA,AG,AG,TT,GG,AA,GT,TT,GG,CC,GT,TT,CT,CC,AA,TT,TT,AA,TT,GG,CC,AA,TT,CC,CC,GG,CC,AA,GG,AA,CC,TT,CC,GT,TT,CG,AT,AA,AA,NN,CC,CG,AA,CC,CC,GG,AG,CC,GG,TT,AC,AA,CC,GG,AA,CC,AA,TT,GG,TT,AA,AT,GG,GT,AT,CC,TT,GT,AA,GG,AA,CT,AA,TT,CC,CT,AC,CC,TT,GG,GG,CC,AG,AC,TT,CT,GT,GG,TT,AA,CC,AG,GG,CC,CC,GG,CC,GG,AT,AA,CC,GT,NN,CG,CC,AT,GG,CC,AT,CC,AA,AA,AC,CC,CC,TT,AA,NN,AA,AA,AA,AA,AG,AG,AG,AA,TT,CG,AA,AA,AC,AC,TT,AA,AA,GG,GG,GG,TT,AA,AG,TT,TT,TT,AG,AT,CG,GG,AA,2.43,Susceptible,High,Poor,Medium
L0970,Coimbatore,Tamil Nadu,Kharif,Red Loamy,Rainfed,650,29.5,68,AC,TT,GG,AA,GG,CC,GG,TT,CC,CG,AA,CT,CC,TT,TT,GG,GG,TT,TT,AA,CC,TT,GT,TT,TT,CC,TT,TT,GG,AA,CT,CC,AA,CC,GG,GG,GG,CC,GG,CC,TT,TT,NN,TT,AG,AG,TT,TT,CG,CC,GG,AA,AA,GG,CC,GT,NN,AC,GT,AC,AA,GT,TT,AA,TT,TT,CC,GG,TT,GT,AG,GG,CC,AA,AG,AC,AA,GG,TT,TT,GG,GG,GG,CC,AA,GG,AA,AT,CC,GT,CC,TT,CT,TT,TT,AG,TT,CC,TT,CC,CC,CG,GG,AA,AA,TT,CC,AA,AG,AA,CC,GG,TT,CC,TT,AC,AA,TT,CC,GG,CC,GG,CC,GT,CT,AA,CC,CC,AC,CC,AA,GT,CC,AA,CC,CT,AA,TT,AG,AT,GG,CT,CC,GG,AA,GG,AA,CC,GG,CC,CC,AA,AA,GG,GT,GG,AA,GT,CT,GG,CC,TT,TT,TT,CC,AT,TT,TT,AA,TT,CG,CG,AG,CC,CC,CC,CG,CC,AA,AG,AA,CC,TT,CG,GG,GT,GG,TT,AA,AA,TT,CC,GG,AC,AC,CC,GG,GG,CC,GG,TT,AA,AA,CC,GG,AA,CC,AA,AA,GG,GG,TT,AT,GG,GT,AT,GG,TT,GT,AA,GG,AA,CT,AA,TT,CC,TT,AA,CC,TT,GG,GG,CG,GG,CC,AT,CC,GT,GG,NN,AA,AC,AG,GG,CC,GG,GG,CG,GG,TT,AA,CC,GG,GG,CC,CC,AA,GG,CC,AT,CC,AA,AA,AC,CC,AA,TT,AA,GG,AA,AA,AC,AA,GG,AA,AA,AG,AT,CC,AC,AA,CC,AC,CT,AG,AA,GG,GG,GG,TT,AT,AA,TT,TT,TT,AG,TT,GG,CG,AA,4.76,Moderate,Low,Poor,Early
L0971,Coimbatore,Tamil Nadu,Kharif,Red Loamy,Rainfed,650,29.5,68,AC,TT,GG,AG,GG,CC,GT,AT,CC,CG,AA,CC,CC,AT,TT,GG,GG,TT,NN,AA,CG,TT,TT,CC,TT,CT,TT,TT,GG,AA,TT,CT,AA,CC,GG,GG,GG,CC,GG,AC,TT,CC,AA,GT,AA,GG,TT,TT,CC,CC,GT,AT,AG,GG,CT,TT,AA,AA,GG,AC,AA,TT,TT,GG,CT,TT,CC,GG,TT,GT,AG,GG,CC,AA,GG,AC,TT,GG,NN,TT,GG,GG,GG,CC,AT,GG,AA,AA,CC,TT,CC,TT,CC,TT,GT,AG,TT,CC,TT,CC,CC,CC,AA,AA,TT,TT,CC,AA,AG,AA,CC,GG,TT,CC,GT,AA,AA,TT,CG,AG,CG,GG,CC,TT,TT,AA,CC,CC,AC,CC,AA,TT,AC,AA,CC,CC,AA,TT,AG,AA,GG,CC,CG,GG,AA,AG,AT,CC,TT,NN,CC,AA,AA,GG,TT,AG,AC,GT,TT,GG,CC,TT,TT,TT,CC,AT,GG,CC,AA,TT,GG,CC,AG,CC,CC,CC,NN,CC,AA,GG,AA,CC,TT,CC,GG,TT,GG,AT,AA,NN,TT,CC,GG,AA,CC,CC,GG,GG,AC,GG,TT,AC,AA,CC,GG,AT,CC,AA,AA,GG,TT,AT,AT,CC,GG,AA,CC,AT,TT,AA,GG,AA,TT,AA,TT,CC,CT,AC,CC,NN,CG,NN,CC,NN,AC,TT,TT,GG,GG,TT,AA,AA,AA,GG,CG,CG,GG,CC,GG,AA,AG,CG,TT,GG,CC,CC,AT,AG,CC,AA,CC,NN,AA,CC,CC,CC,TT,AA,GG,AT,NN,AA,AA,AG,AG,AA,AA,AT,GG,AC,AG,CC,AA,CT,AG,AA,GG,GG,GG,NN,AT,AA,TT,TT,TT,AG,TT,GG,GG,AA,5.33,Susceptible,Medium,Standard,Late
L0972,Coimbatore,Tamil Nadu,Kharif,Red Loamy,Rainfed,650,29.5,68,CC,TT,AG,AA,GG,CC,GG,AA,CC,CG,AA,CC,CC,AT,TT,GG,GG,TT,AT,AA,CC,GT,TT,CC,TT,CC,TT,AT,GG,AA,TT,CC,AA,CC,GG,GG,GG,CG,GG,CC,TT,CT,AA,GT,AA,GG,TT,AT,CG,AA,GT,AT,AA,GG,CC,TT,AA,AA,GT,AC,GG,GG,AT,AG,TT,TT,CC,GG,TT,GG,AG,GT,CC,AA,AG,AA,AA,GG,TT,TT,GG,GG,GG,CC,AA,GG,AA,AA,CC,TT,CC,TT,CC,TT,TT,GG,TT,CC,TT,CC,CC,GG,GG,AA,TT,TT,CC,AA,AG,AA,CC,GG,TT,CC,TT,AA,AA,TT,CC,GG,CC,GG,CC,TT,TT,AA,CC,CC,CC,CG,AA,TT,CC,AA,CC,CT,AG,TT,AA,AA,GG,CC,CC,GG,AA,AA,AA,CC,GG,CC,CC,AA,AA,GG,TT,GG,AC,GT,TT,AG,AC,TT,GT,TT,CC,AA,GT,NN,AT,TT,NN,CC,AG,CC,CC,CC,CG,CC,AA,GG,AA,CC,TT,CC,GG,GT,CG,TT,AA,AA,TT,CC,GG,AA,AC,NN,GG,GG,CC,GG,TT,AA,AA,CC,GG,AT,AC,AA,AA,GG,TT,AT,AA,CG,TT,AA,CG,AT,GT,AA,GG,AA,CT,AA,TT,CC,CC,AA,CC,CT,GG,AG,CG,AG,CC,TT,TT,TT,GG,TT,AA,AC,AG,GG,CC,CC,GG,CC,GG,AT,AA,CG,TT,GG,CC,CG,NN,AG,CG,AT,CC,AA,AA,AC,CG,AC,TT,AA,GG,AA,AA,AC,AA,AG,AA,GG,AA,AT,GG,AA,AG,CC,AA,TT,AA,AA,CG,GG,GG,TT,AA,AA,TT,TT,TT,AG,AT,GG,CG,AA,2.05,Susceptible,Low,Standard,Late
L0973,Coimbatore,Tamil Nadu,Kharif,Red Loamy,Rainfed,650,29.5,68,AA,TT,GG,GG,GG,CC,GT,AA,CC,GG,AA,CT,NN,AA,TT,GG,CG,TT,AT,AA,CG,GT,GT,CC,TT,CT,TT,TT,GG,AA,TT,CT,AA,CC,GG,GG,GG,CC,GG,CC,TT,TT,AA,TT,AG,AG,TT,TT,CC,CC,GG,AA,AG,GG,CC,TT,AT,AA,TT,AC,GG,TT,AT,AG,TT,TT,CT,GG,TT,GG,AG,GG,CC,AA,GG,AA,AA,GG,TT,TT,GG,GG,GT,CC,AA,GG,AG,AA,CC,GT,CC,TT,TT,TT,GT,GG,TT,AC,TT,CT,CC,CC,AG,AA,TT,TT,CG,AA,AG,AA,CC,GG,TT,CC,TT,AA,AA,TT,CC,GG,CC,GG,NN,GT,TT,AA,NN,CC,CC,CC,AA,GT,CC,AA,CC,CC,AA,AT,AA,AA,GG,CC,CC,GG,AA,GG,AA,CC,GG,CC,CC,AA,AA,GG,GT,GG,AA,TT,TT,GG,CC,TT,GT,TT,CC,AA,TT,CT,AA,TT,GG,CC,AA,CT,CC,CC,CG,CC,AA,GG,AG,CC,TT,CC,GT,TT,GG,AT,AA,AA,TT,CC,CG,AA,AC,CC,GG,GG,AC,GG,TT,NN,AA,CC,GG,AA,CC,AA,AT,GT,TT,AT,AA,GG,GG,AA,CC,AT,TT,AA,GG,AA,TT,AC,TT,CG,TT,AA,CC,TT,GG,AA,CG,AG,CC,AT,CC,GG,GG,TT,AA,AA,NN,GG,CC,CG,GG,CC,GG,TT,AA,CC,TT,GG,CC,CC,AA,GG,CC,AT,CC,AA,AA,CC,CG,CC,TT,AG,GG,AA,AA,CC,AA,AG,AA,AA,AA,AT,GG,AC,AA,AC,AA,CT,AA,AG,GG,AG,GG,TT,AT,AA,TT,TT,AT,AG,AT,GG,GG,AA,4.54,Susceptible,High,Premium,Medium
L0974,Coimbatore,Tamil Nadu,Kharif,Red Loamy,Rainfed,650,29.5,68,AC,TT,AG,AG,GG,CC,GG,AT,CC,CG,AA,CC,CC,TT,TT,GG,NN,TT,TT,AA,CC,GT,GT,CT,TT,CC,TT,TT,GG,AA,TT,CT,AA,CC,GG,CG,GG,CC,GG,AC,NN,NN,CC,TT,AA,AG,TT,AT,CC,AA,GG,AT,AA,GG,CC,TT,AA,AA,TT,AA,AG,TT,AT,AA,TT,TT,NN,GG,TT,GG,AA,GG,CC,AA,GG,CC,AA,GG,TT,TT,GG,GG,GG,CC,AT,GG,AG,AT,CC,TT,AC,TT,CC,TT,GT,GG,CT,AC,TT,CC,CC,CG,AG,AA,TT,TT,CG,AA,AA,AA,CC,GG,TT,GG,TT,AA,AA,TT,CC,GG,CC,GG,CT,GT,NN,NN,CT,CC,CC,CC,AA,TT,CC,AA,CC,CC,AA,TT,AA,AA,GG,CC,CC,GG,AA,AA,AA,AC,GT,CC,CC,AA,AA,AG,TT,GG,AC,TT,CC,GG,AC,GT,TT,TT,CC,AA,GT,CT,AA,TT,CG,CC,AA,TT,CC,CC,CG,CC,AA,GG,AA,CC,TT,CG,GG,TT,GG,TT,AA,AA,TT,CC,CG,AA,CC,CC,GG,GG,AC,GG,TT,AA,AA,CC,GG,AA,CC,AA,AT,GT,GT,AT,AA,GG,GG,AT,CG,TT,GT,AA,GG,AA,TT,AA,TT,CC,TT,AA,AC,CT,CG,AG,GG,AA,CC,TT,TT,GT,GG,TT,AA,AA,AG,GG,CC,CG,GG,CC,GG,TT,AA,CC,TT,GG,CC,CG,AA,GG,CC,AA,CG,AA,AA,AC,CC,AA,TT,AA,GG,AA,AA,AA,AA,AG,AA,AA,AA,AT,GG,AC,AA,CC,AC,TT,AA,AG,CC,GG,GG,TT,AA,AG,TT,TT,TT,AG,TT,GG,GG,AA,3.7,Susceptible,High,Poor,Early
L0975,Coimbatore,Tamil Nadu,Kharif,Red Loamy,Rainfed,650,29.5,68,AC,TT,GG,AG,CG,CC,GT,AT,CC,CG,AT,CT,CC,TT,TT,GG,GG,TT,TT,AA,CC,TT,TT,CC,TT,CC,TT,AT,GG,NN,TT,CC,AA,CC,GG,GG,GG,CG,GG,CC,TT,CT,AA,TT,AA,AG,CT,TT,CC,AC,GG,AA,AA,GG,CT,TT,AA,AC,TT,AC,AA,TT,AA,AA,CT,TT,CC,GT,TT,GT,AA,GG,CC,AA,AG,CC,AT,GG,TT,TT,AG,TT,GG,CC,AA,GG,AA,AA,CC,GT,CC,TT,CC,AA,TT,GG,TT,CC,GG,CC,CC,CG,AG,AA,TT,TT,CC,AA,AA,AA,CC,GG,TT,CC,TT,AA,CC,TT,CG,GG,CC,GG,CC,GG,TT,AA,CC,CC,AC,CC,NN,TT,CC,AA,CC,CC,AA,TT,AA,AT,CG,CC,CC,GG,AA,AA,AA,AC,GG,CC,CC,AG,AA,GG,TT,AG,AA,TT,CT,GG,CC,GT,GT,TT,CC,TT,TT,TT,AA,TT,GG,CC,AA,CC,CC,CC,GG,CC,AA,GG,AA,CC,TT,CC,GG,TT,CC,AT,AA,AA,GT,CC,CC,AA,AC,CC,GG,GG,AC,GG,TT,AC,AA,CC,GT,AT,AA,AA,AA,GG,GT,TT,AA,CC,GG,AA,CC,AT,GG,AA,GG,AA,TT,AC,TT,CC,TT,AA,CC,TT,GG,AG,CC,AG,AC,TT,CT,TT,GG,TT,AA,AC,AA,GG,CC,CC,GG,CC,GG,TT,AA,CG,GT,GG,CC,CC,AT,AG,CC,AA,CC,AA,AA,CC,CC,CC,TT,AA,GG,AT,AA,AA,AA,GG,AA,AG,AA,AT,GG,AC,AG,CC,AC,TT,AA,AA,GG,GG,NN,GT,AT,AA,TT,TT,TT,GG,TT,GG,GG,AA,3.36,Susceptible,Low,Premium,Early
L0976,Coimbatore,Tamil Nadu,Kharif,Red Loamy,Rainfed,650,29.5,68,AC,TT,GG,AG,GG,CG,GG,TT,CC,CG,AA,CT,CC,AT,GT,GG,CC,TT,TT,AA,CC,TT,GT,CC,TT,CC,TT,TT,GT,AA,TT,CC,AA,CC,GG,GG,GG,CC,GG,CC,TT,CT,AA,GT,AA,GG,CT,AA,CG,CC,GT,AT,AA,GG,CC,GT,AA,AC,GT,AA,AA,TT,TT,AA,TT,AA,CC,GG,TT,GG,AG,GG,CC,AA,GG,CC,AT,GG,TT,TT,GG,GG,GG,NN,AA,GG,AG,AA,CC,TT,AC,TT,CC,AT,TT,GG,TT,CC,TT,CC,CC,CC,AG,AA,AT,TT,CC,AA,AA,AA,CT,GG,TT,CC,TT,AA,AA,TT,CC,GG,CG,GG,CC,GG,TT,AA,CC,CC,CC,CC,AA,TT,CC,AA,CC,CT,AA,TT,AA,AA,CG,CT,CC,GG,AG,AG,AA,CC,GG,CC,CG,AA,AA,AG,GT,AG,AA,NN,TT,AG,AC,GT,TT,TT,GG,AA,TT,TT,AT,TT,GG,CC,AA,CT,CC,CC,CG,CC,AA,GG,AG,CC,TT,CC,GG,TT,CG,AT,AA,AA,TT,CC,CG,AA,CC,CC,GG,GG,AA,GG,TT,CC,AA,CC,GG,AA,AC,AT,AA,GT,TT,TT,AT,GG,GT,AA,CG,TT,TT,AA,AG,AA,CC,AA,TT,CC,TT,AC,CC,TT,CG,GG,CC,AA,CC,TT,TT,GT,GG,TT,AA,CC,AG,GG,CC,CG,GG,CC,GG,AT,AA,CC,GT,GG,CC,CG,AT,AA,CG,AA,CC,AA,AA,AC,CC,CC,TT,AA,GG,AA,AA,AA,AA,GG,AG,AA,AA,TT,GG,AA,AA,CC,AA,CC,AG,AG,GG,GG,CG,TT,AA,AA,GT,TT,AT,AG,AT,GG,GG,AA,4.42,Susceptible,High,Poor,Late
L0977,Coimbatore,Tamil Nadu,Kharif,Red Loamy,Rainfed,650,29.5,68,AC,TT,GG,GG,GG,CC,GG,AA,CC,CG,AT,CT,NN,TT,GT,GG,CG,TT,TT,AA,CC,TT,GT,CT,TT,CC,TT,TT,GG,AA,TT,CT,AA,CC,GG,GG,GT,CG,GG,CC,TT,TT,AA,TT,AA,AG,TT,TT,CC,AC,GG,AA,AG,NN,CT,NN,AA,AC,GG,CC,AA,TT,AT,AA,TT,TT,CC,GG,TT,TT,AG,GG,AC,AA,GG,AC,NN,GG,TT,CT,GG,GG,GG,CC,AT,GG,AA,AT,CC,TT,CC,TT,CC,TT,GT,GG,TT,CC,GT,CC,CT,CG,AG,AA,TT,TT,CG,AA,AA,AA,CC,GG,TT,CG,TT,AA,AA,TT,CC,AG,CC,GG,CT,TT,TT,AA,CC,NN,CC,CC,AA,TT,CC,AA,CC,CC,AA,TT,AA,AA,GG,CC,CC,GG,AA,AG,AA,CC,GG,CC,CC,AA,AA,AA,GT,GG,AC,TT,CT,GG,CC,TT,TT,TT,CC,AA,GT,CT,TT,TT,CG,CC,AG,CT,CC,CC,CC,CC,AA,GG,AG,AC,TT,CC,GT,GT,GG,TT,AA,AG,TT,CC,GG,AC,CC,CC,GG,GG,CC,CG,TT,AC,AA,CC,GG,AA,CC,AA,AT,GG,TT,AT,AT,GG,GG,AT,CG,TT,GT,AA,GG,AA,CT,AA,TT,CG,TT,AA,CC,CT,CC,AG,CC,GG,CC,TT,CT,GT,GG,TT,AC,CC,AA,GG,CG,CC,GG,CC,GG,AT,AA,CC,GT,GG,CC,CG,NN,GG,CC,AT,CG,AA,AA,AA,CC,AC,TT,AA,GG,AA,AC,AC,AA,GG,AA,AA,AA,TT,CG,AC,AA,CC,AA,CT,AA,AA,GG,AG,GG,TT,AT,AA,TT,TT,TT,GG,AA,GG,GG,AA,3.15,Resistant,Medium,Standard,Late
L0978,Coimbatore,Tamil Nadu,Kharif,Red Loamy,Rainfed,650,29.5,68,AA,TT,GG,AA,GG,CG,TT,AT,CC,CG,AA,CC,CC,AT,TT,GG,GG,TT,AT,AA,CC,GT,GT,CC,AT,CC,TT,AT,GG,AA,TT,CC,AA,CC,GG,GG,GG,CC,GG,CC,TT,CC,AA,TT,AG,GG,TT,TT,CG,AC,GG,AA,AA,GG,CC,TT,AA,AA,GT,AC,AA,GT,TT,AG,TT,TT,CC,GG,NN,GT,AA,GG,CC,AA,AG,CC,AA,GG,TT,TT,GG,GG,NN,AC,AA,AG,AA,AA,CG,NN,CC,TT,CC,TT,TT,GG,TT,AC,TT,CC,CC,CG,GG,AA,TT,TT,CC,AA,AA,AA,CC,GG,TT,CC,NN,AA,AA,TT,CC,AA,CG,GG,CC,GG,TT,AA,TT,CC,CC,CC,AA,TT,AC,AA,CC,CT,AA,TT,AA,AT,GG,CC,CC,GG,AA,GG,AT,CC,GG,CC,CC,AA,AA,GG,GT,GG,AA,GT,CT,GG,AC,NN,GT,TT,CC,AA,GT,TT,AA,TT,GG,CC,AA,TT,CC,CC,GG,CC,AA,GG,AA,CC,TT,CC,GT,GT,GG,AA,AA,AA,TT,CC,CG,AA,CC,CC,GG,GG,AA,CG,TT,AA,AA,CC,GG,AA,AC,AA,AT,GT,TT,AT,AA,GG,GG,AA,CC,AT,GT,AA,GG,AA,CT,AA,TT,CC,CT,AA,CC,TT,CG,AA,CC,AG,CC,AT,CT,GT,GG,TT,AC,AC,AA,GG,NN,CC,GG,CC,GG,AT,NN,CG,GT,GG,CC,CC,AA,GG,CG,AA,CC,AA,AA,AA,CC,AC,TT,AG,CG,AA,AA,AA,AA,AG,AA,AA,AA,AT,CG,AC,AA,NN,AA,NN,AA,AA,GG,AG,GG,TT,AT,AA,GT,TT,TT,AG,AT,GG,GG,AA,4.3,Susceptible,High,Premium,Early
L0979,Coimbatore,Tamil Nadu,Kharif,Red Loamy,Rainfed,650,29.5,68,AC,TT,GG,AG,GG,CC,GG,TT,CC,CG,AA,CC,CC,TT,TT,GG,CG,TT,TT,AA,CC,GG,GG,CT,TT,CC,GT,TT,GG,AA,TT,CT,AA,CC,AG,CG,GG,CC,GG,CC,TT,TT,AA,TT,NN,AA,CT,AT,CC,CC,GG,AA,AA,GG,CC,TT,AT,AC,GG,AC,AA,TT,TT,AG,TT,TT,CC,GG,TT,GG,AA,GG,AC,AA,GG,AC,AA,GG,TT,TT,GG,GG,GG,CC,AA,GG,AA,AA,CC,TT,CC,TT,CC,TT,GT,GG,TT,CC,TT,CC,CT,CG,AG,AA,TT,TT,CC,AA,AG,AA,CT,NN,TT,CC,TT,AA,AA,TT,CG,GG,NN,GG,CT,GT,TT,AA,CC,CC,AA,CC,AA,TT,CC,AA,CC,CC,AA,AT,AA,AA,CG,CT,CC,GG,AA,AG,AA,AC,GG,CC,CG,AA,AA,GG,TT,GG,AA,TT,CT,GG,CC,TT,TT,TT,CC,TT,TT,TT,AA,TT,CG,CC,AA,CT,CC,CC,CC,CC,AA,GG,GG,AC,TT,CC,GT,TT,GG,TT,AA,AG,TT,CC,GG,AA,AC,CC,GG,GG,AA,GG,TT,AC,AA,CG,GT,AT,CC,AA,AA,GG,TT,AT,AA,GG,NN,AA,CC,AT,TT,AA,AG,AA,TT,AA,TT,CG,TT,AC,CC,CT,GG,AG,CC,GG,CC,TT,TT,TT,GG,TT,AC,AC,AA,GG,CC,CG,GG,CC,GG,TT,AA,CC,GG,GG,CC,CC,AA,GG,CC,AA,CG,AA,AA,AC,CG,AC,TT,AA,GG,AA,AC,AA,AA,AG,GG,AA,AA,TT,GG,AA,AG,AA,NN,CC,AG,AG,GG,AG,GG,TT,AT,AG,TT,TT,TT,AA,AA,GG,GG,NN,3.72,Susceptible,High,Poor,Late
L0980,Coimbatore,Tamil Nadu,Kharif,Red Loamy,Rainfed,650,29.5,68,AC,CT,GG,AG,GG,CC,GG,TT,CC,CC,AA,CC,NN,TT,TT,GG,CC,TT,TT,AA,CC,TT,TT,CC,TT,CC,TT,TT,GG,AA,TT,CC,AA,CC,GG,GG,GG,CG,GG,CC,TT,TT,AC,TT,AG,GG,TT,AT,CC,AC,GT,AA,AA,GG,CT,GT,AT,NN,TT,AA,AA,TT,TT,AA,TT,TT,CC,GG,TT,GG,GG,GG,CC,AA,GG,AC,AA,GG,TT,TT,AG,GG,GG,CC,AA,GG,AA,AA,CC,GG,CC,TT,CT,TT,TT,GG,CT,CC,GT,CC,CT,CG,AG,AA,TT,TT,CC,AA,AG,AA,CT,GG,TT,CC,TT,AA,AA,AT,CC,GG,CC,GG,CC,GG,TT,AG,CC,CC,CC,CC,AA,TT,CC,AA,CC,CC,AA,TT,AA,AA,GG,CT,CC,GG,AA,AG,AA,CC,GT,CC,CC,AA,AA,GG,GT,GG,AA,TT,TT,AG,CC,GT,TT,CT,CC,AT,TT,TT,AA,NN,CG,CC,AG,CC,CC,CC,CG,CC,AA,GG,GG,AC,TT,CC,TT,TT,GG,TT,AA,AA,TT,CC,GG,AA,AC,CC,CG,GG,CC,CG,TT,AA,AA,CC,GG,AA,AC,AA,AA,GG,TT,AT,AA,GG,GT,AA,CG,TT,GG,AT,AG,AA,CT,AA,TT,CC,TT,AA,CC,TT,CG,AA,CC,AA,CC,AT,CT,TT,GG,TT,AA,AC,AA,GG,CC,CG,GG,CC,GG,TT,AA,CC,GT,GG,CC,CG,AA,AG,CC,AA,CC,AA,AA,CC,GG,CC,TT,AA,CG,AA,AA,AA,AA,AA,AG,AA,AA,TT,GG,AA,AG,CC,AC,TT,AA,AA,GG,AG,GG,TT,AA,AG,GT,TT,TT,AA,NN,GG,CG,AA,3.52,Susceptible,Medium,Standard,Medium
L0981,Coimbatore,Tamil Nadu,Kharif,Red Loamy,Rainfed,650,29.5,68,AC,CT,GG,GG,GG,CC,GT,TT,CC,CC,AA,TT,CC,TT,GT,GG,NN,TT,TT,AG,CC,GT,TT,CC,TT,CC,GT,TT,GG,AA,TT,CC,AA,CC,GG,CG,GG,CC,GG,CC,TT,TT,AA,TT,AA,AG,TT,TT,CC,AA,GT,AA,AG,GG,CC,TT,AA,AA,GT,AA,AA,TT,AT,AA,TT,AT,CC,GG,TT,GG,AA,GG,CC,AA,GG,AC,AA,GG,TT,TT,GG,GG,GT,CC,AA,AG,AA,AA,CC,TT,CC,TT,CC,TT,GT,AA,TT,CC,GT,CC,CC,CC,AG,AA,TT,TT,CC,AA,AG,AA,CC,GG,TT,CC,TT,AA,AA,TT,CC,AG,CC,GG,CC,TT,TT,AA,CC,CG,CC,CC,AG,GT,AC,AA,CC,CC,AA,TT,AA,AA,GG,CT,CC,GG,AA,AA,AA,CC,GT,CC,CC,AA,AA,GG,TT,GG,AC,GT,CT,GG,AC,TT,GT,TT,CG,AT,TT,TT,AT,TT,GG,CC,AA,CC,CC,CC,CG,CC,AA,GG,AA,CC,TT,CC,GT,TT,CG,TT,AA,AA,TT,CC,GG,AA,CC,CC,CG,GG,AA,GG,TT,AA,AA,CC,GG,AA,CC,AT,AA,GG,TT,TT,AT,CG,GT,AA,NN,TT,TT,AA,GG,AA,CT,AA,TT,CC,TT,AA,CC,TT,CG,AA,CG,AG,CC,TT,TT,GT,CG,TT,AA,AC,AA,GG,CC,GG,GG,CC,GG,TT,AA,CC,TT,GG,CG,CG,AA,GG,CG,AT,CC,AA,AA,CC,CG,AC,TT,AA,GG,AA,AC,AA,AA,GG,AG,AA,AA,TT,GG,AC,GG,CC,AA,TT,AA,AA,GG,GG,GG,GT,AA,AA,GT,AT,TT,AA,TT,GG,CG,AA,2.06,Susceptible,Low,Poor,Late
L0982,Coimbatore,Tamil Nadu,Kharif,Red Loamy,Rainfed,650,29.5,68,AC,TT,GG,AA,GG,CC,GT,TT,CC,CC,AA,CC,CG,AT,GT,GT,CG,TT,TT,AG,CC,GT,TT,CT,TT,CC,GT,TT,GT,AA,TT,CT,AG,CC,GG,GG,GG,CC,GG,AC,TT,CC,AA,TT,AG,AG,CT,TT,CC,AC,GG,AA,AA,GG,CC,TT,AA,AA,GG,AC,AA,GT,AT,AG,CT,AT,CC,GG,TT,GG,AA,GG,CC,AA,GG,AC,AA,AG,TT,TT,GG,GG,GG,CC,AA,GG,AG,AA,CC,GT,CC,TT,CC,TT,GT,GG,TT,NN,TT,CC,CC,CG,AG,AA,TT,TT,CC,AA,AG,AC,CT,GG,TT,CG,TT,AC,AA,TT,CC,AG,CC,AG,CC,TT,CC,AA,CC,CC,CC,CC,AA,TT,CC,AC,CC,CC,AA,TT,AA,AA,CG,CC,CC,AG,AA,AA,AA,CC,GG,CC,CC,AA,AG,AG,TT,AG,AC,GT,TT,GG,AC,TT,TT,TT,CC,AA,TT,TT,AA,AT,CG,CC,AG,CC,CC,CC,GG,AC,AA,GG,AA,CC,NN,CG,GG,GT,CG,TT,AG,AA,TT,AC,GG,AA,AC,CC,GG,GG,AA,GG,TT,AC,AA,CC,GG,AA,AC,AT,AT,GG,TT,AA,AA,CC,GT,AT,CC,AT,TT,AA,GG,AA,CT,AA,TT,CG,TT,AC,CC,TT,GG,AA,CC,AG,CC,TT,TT,GG,GG,TT,AA,CC,AG,GG,CC,CC,GG,CC,GG,AA,AA,CC,TT,GG,CG,CC,AA,GG,CC,AT,CC,AA,AA,CC,CC,AC,TT,AA,GG,AA,AC,CC,AC,AG,AG,AA,AA,AT,CG,AA,AG,AC,AA,CT,AA,AA,CG,GG,NN,TT,AA,AA,TT,TT,NN,AG,TT,GG,GG,AA,3.41,Susceptible,Low,Poor,Late
L0983,Coimbatore,Tamil Nadu,Kharif,Red Loamy,Rainfed,650,29.5,68,AC,TT,GG,AG,CG,CG,GT,AT,CC,GG,AA,CC,CG,TT,TT,GG,GG,TT,TT,AA,CC,TT,GT,CC,TT,CT,TT,TT,GT,AA,TT,CC,AA,CC,GG,GG,GG,GG,GG,CC,TT,NN,NN,TT,AG,GG,TT,TT,CC,AC,GG,AA,AA,CG,CC,TT,AA,AC,GT,AA,AA,TT,AT,AA,TT,TT,CC,GG,TT,TT,AG,GG,CC,NN,AG,AA,AT,GG,TT,TT,GG,GT,GG,CC,AT,GG,AA,AA,CC,GT,AC,TT,CC,TT,TT,GG,CT,CC,TT,CC,CC,CC,AA,AA,TT,TT,CC,AA,AA,AA,NN,GG,TT,CC,TT,AA,AA,TT,CC,GG,CC,GG,CC,GG,CT,AG,CT,CC,CC,CC,AA,TT,CC,AA,CC,CT,AA,TT,AA,AA,CG,CT,CG,GG,AG,AG,AA,AC,GG,CC,CC,AA,AA,GG,GT,NN,AC,TT,TT,GG,CC,GT,TT,CT,CC,AT,GG,TT,AA,TT,GG,CC,AG,CC,CC,CC,CG,CC,AA,GG,AA,CC,TT,NN,TT,GG,GG,TT,AA,AA,TT,CC,GG,AC,CC,CG,GG,GG,AC,GG,TT,AA,AA,CC,GG,AA,CC,AA,TT,GG,TT,TT,AT,GG,GG,AA,CC,TT,TT,AA,GG,AA,TT,AA,TT,CC,TT,AC,CC,CT,CC,AG,CG,AA,CC,TT,TT,GT,GG,TT,AC,CC,AG,GG,CC,CC,GG,CC,GG,AA,AA,CC,TT,GG,CC,CC,AT,GG,CC,AA,CC,AA,AA,CC,CG,CC,TT,AA,NN,AA,AA,AA,AA,AG,AG,AA,AG,TT,GG,AA,AA,CC,AC,CT,AA,AA,CG,GG,CC,TT,AA,AG,TT,TT,TT,AA,TT,GG,GG,AA,5.1,Susceptible,Low,Standard,Early
L0984,Coimbatore,Tamil Nadu,Kharif,Red Loamy,Rainfed,650,29.5,68,AC,TT,GG,AG,GG,CG,GT,TT,NN,CG,AA,CC,CC,AT,GT,GG,CG,TT,TT,AA,CC,TT,TT,CC,TT,CC,TT,TT,GG,AA,TT,CT,AA,CC,GG,GG,GG,CC,GG,CC,TT,CT,AA,NN,AA,AG,TT,TT,CC,AA,GG,NN,AG,GG,CC,TT,AA,AC,GG,AC,AA,TT,AT,AA,TT,TT,CC,NN,TT,TT,AA,GG,CC,AA,GG,AA,AT,AG,TT,TT,GG,GT,GG,CC,AA,GG,AA,AA,CC,TT,CC,TT,CT,AT,TT,GG,CT,CC,GT,CC,CC,CG,AA,AA,AT,TT,CC,NN,AA,AA,CT,GG,TT,CG,GT,AA,AA,TT,CC,AA,CC,GG,CC,GG,TT,AA,CC,CC,CC,CC,AA,TT,CC,AC,CC,CC,AG,TT,AA,AA,GG,CC,CC,GG,AA,GG,AA,AC,GG,CC,CC,AA,GG,GG,TT,GG,AA,TT,CT,GG,AC,GT,NN,TT,CC,AT,GT,TT,AT,AT,GG,CC,AA,CC,CC,AC,GG,CC,AT,GG,GG,CC,TT,CG,GG,TT,GG,AA,AA,AA,TT,CC,CG,AA,AC,CC,GG,GG,AC,GG,TT,AA,AA,CC,GT,AT,AC,AA,AA,TT,TT,AA,NN,GG,GT,AT,CG,TT,TT,AA,GG,AA,CT,AA,TT,CG,TT,AA,CC,CT,GG,GG,CC,AG,CC,TT,TT,TT,GG,TT,AC,AC,AA,GG,CC,CG,GG,CC,GG,AA,AA,CG,TT,GG,CC,CC,AT,AG,CC,AA,CC,AA,AA,AC,CC,AC,TT,AA,GG,AA,AC,AC,AA,GG,GG,AA,AA,TT,GG,AA,AG,CC,AC,TT,AA,AA,GG,GG,GG,TT,AA,AA,TT,TT,TT,NN,TT,GG,GG,AA,4.53,Susceptible,Medium,Poor,Medium
L0985,Coimbatore,Tamil Nadu,Kharif,Red Loamy,Rainfed,650,29.5,68,AA,TT,AG,AA,GG,CG,GT,TT,CC,CC,AA,CC,CG,AT,TT,GG,CG,TT,TT,AA,CC,TT,GG,CC,NN,CC,TT,TT,GG,AA,TT,CC,AA,CC,GG,GG,GG,CG,GG,CC,TT,CT,AA,TT,AA,GG,CT,TT,CC,AA,GG,AT,AG,GG,CT,TT,AA,CC,GT,AA,AA,TT,TT,AA,CC,AT,CC,GG,TT,GG,AA,GG,NN,AA,GG,CC,AT,GG,TT,TT,GG,GG,TT,CC,NN,GG,AA,AA,CC,GT,CC,TT,CT,TT,GT,GG,CT,CC,TT,CC,CC,CG,AA,AA,TT,TT,CC,AA,AG,AC,CT,GG,TT,CG,TT,CC,AA,TT,CC,NN,CC,GG,CT,GG,CT,AA,CT,CC,AC,CC,AA,GT,CC,AA,CC,TT,AG,TT,AA,AT,CG,CC,CC,GG,AA,GG,AA,CC,GG,CC,CC,AA,GG,GG,TT,AG,AC,TT,CT,GG,CC,TT,TT,TT,CC,AA,TT,TT,AT,TT,GG,CC,AG,TT,AC,CC,GG,CC,AA,GG,AA,CC,TT,CC,GG,GT,GG,TT,AA,AG,TT,CC,GG,AC,CC,CC,GG,GG,AA,CG,TT,AC,AA,CC,GG,AT,CC,AA,AA,GG,TT,AT,AA,GG,TT,AT,CC,TT,GT,AA,GG,AA,TT,AA,TT,CC,TT,AC,CC,CT,GG,AG,CG,AA,CC,TT,CT,TT,GG,TT,AA,CC,AA,GG,CC,CC,GG,CC,GG,TT,AA,CC,TT,GG,CC,CC,AA,AA,CC,AT,CC,AA,AA,AC,CG,CC,TT,AA,GG,AA,AA,AA,AA,AG,AG,AG,AA,TT,GG,AC,AG,AA,AA,TT,AA,AA,GG,NN,GG,TT,AA,AA,TT,TT,TT,AG,TT,GG,CG,AA,4.9,Susceptible,High,Premium,Medium
L0986,Coimbatore,Tamil Nadu,Kharif,Red Loamy,Rainfed,650,29.5,68,AC,TT,AG,GG,GG,GG,GG,TT,CC,CG,AT,CC,CG,AT,TT,GT,CC,TT,TT,AA,CC,GT,NN,CC,AT,CC,GT,TT,NN,AC,TT,CT,AA,CC,AG,GG,GG,GG,GG,CC,TT,TT,AA,TT,AA,GG,TT,TT,CC,AA,GT,AA,AG,GG,CT,TT,AA,AA,GG,AC,AG,TT,TT,AA,TT,TT,CC,GG,TT,GG,AG,GG,AC,AA,AG,AC,AT,GG,TT,TT,NN,GT,GT,CC,AA,GG,AA,AA,CG,GT,AC,TT,CT,AT,TT,GG,TT,CC,GG,CC,CC,CG,AG,AG,TT,TT,CC,AA,AA,AC,CC,GG,TT,CC,TT,AA,AA,NN,CC,AG,CC,GG,CC,GT,TT,AA,CC,CC,CC,CC,AG,GT,CC,AA,CC,CC,AA,TT,AG,AA,CG,CC,CC,GG,AA,AG,AT,CC,GT,CC,CC,AA,AG,GG,TT,GG,AA,TT,TT,GG,CC,TT,TT,TT,CC,TT,TT,CT,AT,TT,CG,CC,AA,CT,CC,CC,CG,CC,AA,GG,AG,CC,TT,CG,GG,GT,GG,TT,AA,AG,TT,CC,GG,AA,AC,CC,GG,GG,AC,GG,TT,AA,AA,CC,GG,AA,AC,AA,AT,GG,TT,TT,AA,GG,GT,AT,CG,AT,TT,AA,GG,AA,TT,AA,TT,CC,TT,AC,CC,TT,CG,AG,CG,AA,CC,TT,CT,GT,GG,TT,AA,CC,NN,GG,CC,CG,GG,CC,GG,AT,AA,CC,TT,GG,CC,CC,AA,GG,CC,AA,CG,AA,AA,AA,CG,CC,TT,AA,GG,AA,AA,AA,AA,AG,GG,AG,AA,TT,GG,AC,AG,AC,AC,TT,AA,AA,GG,GG,GG,TT,AT,AG,TT,TT,TT,NN,TT,GG,GG,AC,3.42,Resistant,High,Premium,Medium
L0987,Coimbatore,Tamil Nadu,Kharif,Red Loamy,Rainfed,650,29.5,68,AC,TT,GG,AA,CG,CC,GG,TT,CC,CG,AA,CC,CG,TT,TT,GG,CG,TT,TT,AG,CC,TT,GT,CC,TT,CC,TT,TT,GG,AA,CT,CC,AA,CC,GG,CG,GG,CC,GG,AC,TT,TT,AA,TT,AA,GG,TT,TT,CC,CC,GT,AA,AA,GG,CC,GT,AA,AA,TT,AA,AA,TT,TT,AA,CT,TT,CC,GG,TT,GG,AA,GG,CC,AA,GG,AA,AA,GG,TT,TT,GG,GG,GG,CC,AA,GG,AA,AA,CC,TT,CC,TT,CC,TT,GT,GG,TT,AC,GT,CC,CT,CG,GG,AA,AT,TT,CG,AA,AA,AA,CT,GG,TT,CC,TT,AA,AA,TT,CC,GG,CC,GG,CC,GT,TT,AA,CC,CC,CC,CC,AG,TT,AC,AA,CC,CC,AA,TT,AA,AT,CG,CC,CC,GG,NN,GG,AA,CC,GG,CC,CC,AA,AA,GG,TT,GG,AC,TT,CT,GG,CC,TT,TT,TT,CC,AT,GT,TT,AA,AT,GG,CC,AA,CT,CC,CC,CG,AC,AA,GG,GG,CC,TT,CG,GT,TT,GG,AA,NN,AA,TT,CC,GG,AA,AC,CC,CG,AG,AC,GG,TT,AA,AA,CC,GG,AA,CC,AA,AA,GG,TT,TT,AT,GG,GT,AT,CC,TT,GT,AA,GG,AA,TT,AA,TT,CC,TT,AA,CC,CT,GG,GG,CC,AG,CC,TT,CC,TT,GG,TT,AA,AA,AA,GG,CC,CC,GG,CC,GG,TT,AG,CC,TT,GG,CC,CC,AA,NN,CC,AT,CG,AA,AG,CC,CG,AC,TT,AG,GG,AA,AA,AC,NN,GG,AA,GG,AA,TT,GG,AA,AA,CC,AA,TT,AA,AG,GG,GG,GG,GT,AT,AG,TT,TT,TT,AA,TT,CG,GG,AC,3.39,Resistant,High,Premium,Medium
L0988,Coimbatore,Tamil Nadu,Kharif,Red Loamy,Rainfed,650,29.5,68,AA,NN,AG,AA,GG,CC,GT,AT,CC,GG,AA,CC,GG,TT,TT,GG,GG,TT,TT,AA,CC,TT,GT,CC,TT,CC,TT,NN,GT,AA,TT,CC,AA,CC,GG,GG,GG,CG,GT,CC,TT,TT,AA,TT,AA,AA,TT,AT,CC,CC,GG,AA,AG,GG,CT,TT,AA,AA,GT,AC,AA,TT,TT,AA,TT,TT,CT,GG,NN,GG,AA,GG,CC,AA,GG,CC,TT,GG,GT,TT,GG,GG,GG,CC,AA,GG,AA,AT,CC,GT,CC,GT,CT,TT,TT,AA,TT,CC,TT,CC,CT,CC,AG,AA,TT,TT,CC,AG,AG,AA,CT,GG,TT,CC,TT,AC,AC,AT,CC,AG,CC,AG,CC,GG,TT,AA,CC,CC,CC,CC,AA,TT,NN,AA,CC,CC,AA,TT,AA,AA,GG,CT,CC,GG,AA,AG,AA,AC,GT,CC,CC,AA,AA,GG,GT,GG,NN,GT,TT,AG,NN,GT,GT,TT,CC,AA,TT,CT,AA,AT,CG,CC,AG,CC,CC,CC,GG,CC,AA,AG,AG,CC,TT,CC,GT,TT,GG,AT,AA,AA,NN,CC,CG,AC,CC,NN,GG,GG,NN,GG,TT,AA,AA,CC,GG,AA,CC,AA,AT,GT,GT,TT,TT,CG,GT,AA,NN,NN,TT,AA,GG,AA,CT,AA,TT,CC,TT,AA,CC,TT,GG,AA,NN,GG,AC,TT,CT,TT,GG,TT,AA,AC,AG,GG,CC,CC,GG,CC,GG,AT,AA,CC,TT,GG,CC,CC,AA,AG,CC,AA,CG,AA,AA,CC,CG,AC,TT,AA,GG,AA,AC,CC,AA,AG,AA,AG,AA,TT,GG,AA,AA,AA,AA,TT,AA,AA,GG,GG,GG,TT,AA,NN,GT,TT,TT,AG,AT,GG,GG,NN,2.66,Susceptible,Low,Poor,Early
L0989,Coimbatore,Tamil Nadu,Kharif,Red Loamy,Rainfed,650,29.5,68,AC,TT,AG,AG,GG,CC,GT,TT,CC,GG,AA,CT,CG,AT,TT,GT,GG,TT,TT,AG,CC,TT,GT,CC,TT,CC,TT,TT,GG,AA,TT,CC,AA,CC,GG,GG,GG,CG,GG,CC,TT,CC,AA,TT,AA,GG,TT,AT,CC,AC,GG,AA,AA,GG,CC,GT,AT,AC,GT,AC,AG,TT,TT,AG,TT,TT,CC,GT,TT,GG,AA,GT,CC,AA,AG,AC,AA,GG,TT,TT,GG,GG,GT,CC,AA,GG,AA,AA,CC,GG,AC,TT,CC,TT,GT,GG,CT,CC,TT,CC,CC,CC,AG,AA,TT,TT,CC,AA,AG,AA,CT,GG,TT,CC,TT,AC,AA,TT,CG,GG,CC,GG,CC,GT,TT,AA,CC,CC,AC,CC,AA,TT,CC,AA,CC,CC,AA,AT,AG,AA,GG,CT,CC,GG,AA,AA,AA,CC,GG,CC,CC,AG,AA,GG,TT,AG,AC,TT,CT,GG,AA,TT,TT,TT,CC,AA,GT,TT,AT,TT,GG,CC,GG,TT,AC,CC,CG,CC,AA,GG,AA,CC,TT,CC,GT,GT,CG,AA,AA,AG,TT,AA,GG,AA,CC,CG,GG,GG,AA,CG,TT,AC,AA,CC,GG,AA,CC,AA,AT,GG,TT,TT,AT,GG,TT,AA,CC,TT,NN,AA,GG,AA,TT,AA,TT,CC,TT,AC,CC,TT,GG,AA,CG,AG,CC,TT,TT,TT,GG,TT,AC,AA,AA,GG,CC,CC,CG,CC,GG,AT,AG,CG,NN,GG,CG,CC,AA,GG,CC,AT,CC,TT,AA,AC,CC,CC,AT,AA,GG,AA,AA,AA,AA,AG,AA,AA,AA,TT,GG,AA,AA,AC,AA,TT,AA,AA,CG,GG,GG,TT,AT,AA,GT,TT,TT,AA,TT,GG,CG,AA,4.63,Susceptible,High,Poor,Medium
L0990,Coimbatore,Tamil Nadu,Kharif,Red Loamy,Rainfed,650,29.5,68,AA,TT,AA,AG,GG,CC,GG,TT,CC,CG,AA,CC,CC,TT,TT,GG,CG,TT,TT,AA,CC,GT,GT,CC,TT,CC,TT,TT,GG,AA,TT,CC,AA,CC,AG,GG,GG,GG,GG,CC,TT,CT,AA,TT,AA,GG,TT,TT,CC,CC,GG,AA,AA,GG,CC,TT,AA,NN,GG,AC,AA,GT,AA,AA,TT,AT,CC,GG,TT,GG,AA,GG,CC,AA,AG,AC,TT,GG,TT,TT,GG,GG,GG,CC,AT,GG,AA,TT,CC,TT,CC,TT,CT,AT,GT,GG,TT,CC,GT,CC,CC,CG,GG,AA,AT,TT,CC,AA,AA,AA,CC,GG,TT,CG,TT,AA,AC,TT,CC,AG,CC,GG,CC,GT,CC,AG,CC,CC,CC,CC,AA,TT,CC,AA,CC,CC,AA,TT,AA,AA,CG,CC,CC,AG,AA,AG,AA,CC,GG,CC,CC,AG,AG,GG,GT,GG,AC,GT,CT,GG,CC,TT,TT,TT,CC,AA,GT,TT,AT,AT,CG,CC,AG,CC,CC,CC,CG,CC,AA,GG,AG,CC,TT,CG,GG,TT,GG,TT,AG,GG,GT,CC,CG,AA,CC,CG,GG,GG,AA,CG,TT,NN,AA,CC,GG,AA,AC,AA,AT,GG,TT,TT,AT,CG,TT,AT,CC,TT,GT,AA,GG,AA,TT,AC,TT,CC,CT,AA,AA,CT,CG,AG,CC,AA,CC,TT,CT,GG,GG,TT,AC,AC,AG,GG,CC,CC,GG,CC,GG,AT,AA,CG,NN,GG,CG,CC,AA,GG,CC,AA,CC,AT,AA,CC,CC,CC,TT,AA,GG,AA,AA,AA,AA,AG,AA,AG,AA,TT,GG,AA,AA,NN,AA,TT,AG,AG,GG,GG,GG,TT,AA,AA,NN,TT,AT,AG,AT,GG,GG,AA,3.98,Susceptible,Low,Standard,Late
L0991,Coimbatore,Tamil Nadu,Kharif,Red Loamy,Rainfed,650,29.5,68,AC,TT,GG,NN,GG,CC,GG,TT,CC,CG,AA,CC,CG,TT,GT,GG,GG,TT,TT,AG,CG,TT,GT,CC,TT,CC,TT,TT,GG,AA,TT,CT,AA,CC,AG,GG,GG,CG,GG,CC,TT,CT,NN,TT,AA,AG,TT,AT,CC,AC,GT,AA,AA,GG,CC,GT,AA,AA,GT,AA,AA,TT,AA,AA,TT,TT,NN,GG,TT,GG,AA,GG,CC,AA,AG,CC,TT,GG,GT,TT,GG,GT,GG,NN,AT,GG,AA,AT,CC,TT,CC,TT,CC,AT,TT,GG,TT,CC,TT,CC,CC,CC,AG,AA,TT,GT,CG,AA,AA,AA,CC,GG,GT,CC,GT,AC,AA,TT,GG,GG,CC,GG,CC,GG,TT,AA,CC,CC,CC,CC,AA,TT,CC,AA,CC,CC,AA,TT,AA,AA,GG,CC,CG,GG,AA,AA,AT,NN,GT,CC,CC,AA,AA,GG,TT,AG,NN,GT,CT,GG,CC,GT,TT,TT,CG,AT,GT,TT,AA,NN,GG,CC,AA,TT,NN,CC,GG,CC,AA,AG,AG,CC,TT,CC,GT,GT,GG,TT,AA,AA,TT,AC,CC,AC,AC,CC,GG,GG,AA,GG,TT,AC,AA,CC,GG,AA,CC,AA,NN,GT,TT,TT,AT,CG,GG,AA,CC,TT,TT,AA,GG,AA,TT,AA,TT,CC,TT,AA,CC,TT,GG,AA,CG,GG,CC,TT,CT,TT,GG,TT,AA,AC,AG,GG,CC,CG,GG,CC,GG,TT,AA,CC,GG,GG,CC,CC,AA,GG,CG,AA,CC,AT,AA,CC,CG,CC,TT,AA,GG,AA,AA,AC,AA,AG,AA,AA,AA,TT,CG,AA,AG,AC,AC,CT,AA,AA,GG,GG,GG,GT,AA,NN,TT,TT,TT,AA,AT,GG,GG,AA,0.4,Susceptible,Low,Standard,Early
L0992,Coimbatore,Tamil Nadu,Kharif,Red Loamy,Rainfed,650,29.5,68,AA,TT,GG,AA,CG,CC,GT,AT,CC,NN,AA,CC,CC,AT,GT,GG,GG,TT,AT,AG,CC,GG,GT,CT,TT,CC,TT,TT,GG,AC,TT,CT,AA,CC,GG,GG,GG,CG,GG,CC,GT,CC,AA,GT,AA,GG,CT,TT,CC,AA,GG,AA,GG,GG,CT,TT,AA,AA,GT,AA,AG,TT,AT,AG,CT,TT,CC,GG,TT,GG,AG,GG,CC,AA,GG,AC,AA,GG,NN,TT,GG,GG,GG,CC,AA,NN,AA,AA,CC,GG,CC,TT,CC,TT,TT,GG,TT,CC,GT,CT,CC,CC,AG,AA,TT,TT,CG,AA,AG,AA,CC,GG,TT,CG,GG,AC,AC,TT,CC,AA,CC,GG,NN,GT,CT,AG,CC,CC,CC,CC,AA,TT,CC,AA,CC,CC,AA,TT,AA,AA,GG,CT,CC,GG,AA,AA,AA,CC,GG,CC,CC,AA,AA,GG,TT,GG,AA,GT,TT,GG,CC,TT,TT,TT,CC,AA,GT,TT,AT,TT,CG,CC,AA,CT,CC,CC,GG,CC,AA,GG,AG,CC,TT,CC,TT,GT,GG,TT,AA,AA,TT,CC,GG,AC,AC,CC,GG,GG,AA,GG,TT,AA,AA,CC,GG,AA,AC,AA,TT,GG,GT,TT,AA,GG,GT,AA,CC,TT,TT,AT,NN,AA,TT,AA,TT,CG,TT,AC,CC,CT,CC,AA,CC,AG,CC,TT,TT,TT,CG,TT,AC,AC,AG,GG,CC,CG,GG,CC,GG,AT,AA,CC,TT,GG,CC,CC,AT,GG,CC,AT,CC,AA,AA,CC,GG,CC,TT,AA,GG,AA,AA,AA,AC,AG,AG,AA,AA,AT,CG,AC,AA,AC,AC,TT,AG,AA,GG,GG,GG,TT,AA,AA,TT,TT,TT,AA,NN,GG,GG,AA,3.46,Moderate,Medium,Premium,Medium
L0993,Coimbatore,Tamil Nadu,Kharif,Red Loamy,Rainfed,650,29.5,68,AC,NN,GG,AA,CG,CC,GG,AT,CC,CC,AA,CC,CG,TT,TT,GG,CG,TT,TT,AG,CG,TT,TT,CT,AT,CC,GT,AT,GG,AA,CT,CT,AA,CC,GG,GG,GG,CC,GG,CC,TT,TT,AA,TT,AG,GG,TT,TT,CC,AA,GG,AA,AA,GG,CC,GT,AT,AC,GG,AA,AA,TT,TT,AA,CT,TT,CC,GG,CT,GG,AG,GG,CC,NN,GG,AA,AA,GG,TT,TT,GG,GG,GT,CC,AA,GG,AA,AA,CC,TT,CC,TT,CC,AT,TT,GG,TT,CC,TT,CC,CC,CC,AG,AA,AT,TT,CC,AA,AA,AC,CC,GG,TT,CC,GT,AA,AA,TT,CC,AG,CC,GG,CC,GG,TT,AA,CT,CC,AC,CC,AA,NN,CC,AA,CC,CC,AA,TT,AG,AA,GG,CT,CC,GG,AA,AA,AA,NN,GG,CC,CC,AA,AG,AG,GT,AG,AA,TT,CT,GG,AC,TT,TT,CT,CC,AT,TT,TT,AA,TT,GG,CC,AA,CC,CC,CC,GG,AC,AA,GG,GG,NN,TT,CG,GG,GT,GG,TT,AA,AG,TT,CC,GG,AA,AC,CC,GG,GG,AC,GG,TT,AA,AA,CC,GG,AA,AC,AT,AT,GT,GT,AT,AT,GG,TT,TT,CG,AT,GT,AA,GG,AA,TT,AA,TT,CC,TT,AC,CC,TT,GG,GG,CG,AG,CC,TT,TT,TT,GG,TT,AA,CC,AG,GG,CC,CC,GG,CC,GG,AT,AA,CG,TT,GG,GG,CG,AA,GG,CG,AA,CC,AA,AG,AC,CG,AC,TT,AA,GG,AA,AA,AA,AA,AG,AG,AA,AA,TT,CG,AC,AG,AC,AC,CC,AA,AA,GG,GG,CG,TT,AA,AA,TT,TT,TT,AG,AT,GG,CG,AA,3.5,Susceptible,Medium,Standard,Early
L0994,Coimbatore,Tamil Nadu,Kharif,Red Loamy,Rainfed,650,29.5,68,AA,TT,AG,AG,GG,CC,GG,TT,CC,CG,AA,CC,CG,TT,TT,GT,GG,TT,TT,AG,CC,GT,GG,CC,TT,CC,TT,TT,GG,AA,TT,CT,AA,CC,AG,GG,GG,CG,GG,CC,TT,TT,AA,TT,AA,GG,TT,TT,CC,AC,GG,AT,AA,GG,CT,TT,AA,AA,GG,AA,AG,TT,AT,AG,TT,TT,CC,GG,TT,GG,AG,GG,CC,AA,AG,AC,AA,GG,GT,TT,GG,GT,GT,AC,AT,GG,AA,AT,CC,TT,CC,TT,CT,TT,TT,GG,CT,AC,TT,CT,CT,CC,AG,AG,TT,TT,CC,AA,GG,AA,CT,GG,TT,CC,TT,AC,AA,TT,CC,AG,CC,GG,CC,GG,TT,AA,CC,CC,CC,CC,AA,TT,CC,AA,CC,CC,AA,TT,AA,AT,GG,CT,CC,GG,AA,AA,AA,CC,GG,CC,NN,AA,AA,GG,TT,GG,AA,GG,TT,GG,CC,GT,TT,TT,CC,TT,TT,TT,AA,TT,GG,CC,AA,CC,CC,CC,GG,CC,AA,GG,AG,CC,TT,CC,GT,TT,GG,TT,AA,AA,TT,CC,GG,AA,CC,CC,GG,AG,AA,GG,CT,AC,AA,CC,GG,AT,CC,AA,AT,GT,GT,AA,AT,GG,GG,AA,CG,AT,TT,AA,NN,AA,TT,AA,TT,CC,CT,AC,NN,TT,GG,AA,CC,AA,CC,TT,TT,TT,GG,TT,AA,CC,AG,GG,CC,CC,GG,CG,GT,AT,AA,CG,TT,GG,CC,CG,AT,GG,CC,AA,CC,AT,AA,AC,CC,AC,TT,AA,GG,AA,AA,AA,AA,GG,AG,AA,AA,TT,GG,AA,AA,AC,CC,CT,AA,AG,GG,GG,GG,TT,AT,AA,TT,TT,TT,AA,TT,GG,NN,AA,5.36,Susceptible,Low,Standard,Early
L0995,Coimbatore,Tamil Nadu,Kharif,Red Loamy,Rainfed,650,29.5,68,AC,TT,AG,GG,GG,CC,GT,TT,CG,CG,AA,CC,CG,AA,TT,GG,GG,TT,TT,AA,CC,TT,GT,CT,TT,CC,TT,TT,GT,AA,TT,CT,AA,CC,GG,CG,GG,CG,GG,CC,TT,TT,AA,TT,AG,GG,TT,AT,CG,AA,GG,AT,AA,GG,CT,TT,AA,AA,GT,AC,AA,TT,AA,AA,TT,AA,CC,GG,TT,GT,AA,GG,CC,AA,GG,AA,AT,GG,GT,TT,GG,GG,GT,CC,AA,GG,AG,AA,CC,TT,AC,TT,CC,AT,TT,GG,TT,CC,TT,CT,CT,GG,AA,AG,AT,TT,CC,AA,AA,AC,CT,GG,GT,CC,TT,AC,AA,TT,CC,GG,CG,AG,CC,GG,TT,AA,CT,CC,CC,CC,AA,TT,CC,AA,CC,CC,AA,TT,AA,AA,GG,CC,CC,AG,AA,AG,AA,CC,GG,CC,NN,AG,AG,GG,TT,GG,AC,TT,TT,AG,CC,GT,TT,TT,CC,AA,TT,TT,AA,AT,GG,CC,AA,CT,CC,AA,GG,CC,AA,GG,AA,CC,GT,CC,GG,TT,GG,TT,AA,AG,TT,CC,CG,AA,CC,CC,GG,GG,AA,GG,TT,AA,AA,CC,GG,AT,AC,AA,AA,GT,TT,TT,AA,CG,GT,AT,CC,NN,GG,AA,GG,AA,TT,AA,TT,CC,TT,AC,CC,CC,GG,AG,CC,AG,CC,TT,TT,GG,GG,TT,AA,AC,AA,GG,CC,CC,GG,CC,GG,TT,AG,NN,GT,GG,CC,CC,AA,GG,CC,AA,CC,AT,AA,CC,CC,AC,TT,AA,GG,AA,AA,CC,AA,AG,AG,GG,AA,TT,GG,AA,AG,AC,AA,TT,AA,AA,GG,GG,GG,TT,AT,AG,TT,TT,TT,AA,AT,GG,GG,AA,3.69,Susceptible,High,Standard,Medium
L0996,Coimbatore,Tamil Nadu,Kharif,Red Loamy,Rainfed,650,29.5,68,CC,TT,GG,AG,GG,CC,GG,TT,CC,CC,AA,CC,CG,TT,TT,GG,GG,TT,TT,AA,CC,TT,GT,CC,TT,CC,TT,TT,NN,AA,NN,CC,AA,CC,GG,GG,GG,GG,GG,CC,TT,CC,AA,GT,AA,AG,CT,AT,CC,AC,GG,AA,AA,GG,CC,TT,AA,AC,GT,CC,AA,TT,TT,AA,TT,TT,CC,GG,TT,GG,AG,GG,CC,AA,AG,AC,AA,GG,GT,TT,GG,GG,GG,CC,AT,GG,AA,AA,CC,GT,CC,TT,CC,TT,TT,GG,TT,CC,TT,CC,CC,CG,AG,AA,TT,TT,CC,AG,GG,AA,CC,GG,TT,CC,GT,AC,AC,TT,CC,GG,CG,AG,CC,GG,TT,AA,CC,CC,CC,CC,AA,TT,AC,AC,CC,CC,AA,TT,AA,AT,GG,CT,CC,AG,AA,AG,AT,AC,GT,CG,CC,AG,AA,GG,GT,GG,AC,GT,CT,GG,AC,GT,TT,TT,CC,AA,TT,TT,AT,AT,GG,CC,AG,CC,CC,CC,CG,CC,AA,GG,AA,CC,TT,CG,TT,TT,GG,TT,AG,AA,TT,AC,GG,NN,AC,CC,GG,GG,AC,GG,TT,AC,AA,CC,GT,AA,CC,AA,AT,GG,GT,AT,AA,GG,GG,AT,CG,TT,TT,AA,GG,AG,TT,AA,TT,CC,CT,AC,CC,TT,GG,AG,CC,AG,AC,AT,CC,GG,GG,AT,AA,AC,AA,GG,CC,CG,GG,CC,GG,AT,AA,CC,GT,GG,CC,CG,AA,AG,CC,AA,CC,AA,AA,CC,CG,CC,TT,AA,GG,AA,AA,CC,AA,GG,AA,AA,AA,TT,GG,AA,AG,AC,AC,CT,AG,AA,CG,AG,GG,TT,AA,AA,GT,TT,TT,AA,TT,GG,CG,AA,4.03,Susceptible,Medium,Poor,Early
L0997,Coimbatore,Tamil Nadu,Kharif,Red Loamy,Rainfed,650,29.5,68,AA,TT,GG,AA,GG,CC,NN,TT,CC,CG,AA,CT,NN,TT,GT,GG,GG,TT,TT,AA,CC,GT,TT,CC,TT,CC,TT,TT,GT,AA,CT,CC,AA,CC,AG,CG,GG,CC,GT,CC,TT,TT,AA,TT,AG,AG,TT,TT,CC,AC,GT,AA,AG,CG,CT,TT,AA,AC,GT,AC,AA,TT,TT,AA,TT,TT,CC,GG,TT,GG,AG,GG,CC,AA,AG,AA,AT,GG,TT,TT,AG,GG,GG,NN,AA,GG,AA,AA,CC,GG,AC,TT,CT,TT,TT,GG,TT,CC,TT,CC,CC,CC,AG,AA,TT,TT,CC,AA,AA,AA,CC,GG,TT,CC,TT,AC,AA,TT,CC,GG,CG,GG,CC,GG,TT,AA,CC,CC,AC,CC,AA,TT,CC,AA,CC,CC,AA,TT,AG,AA,CG,CC,CC,GG,AA,AG,AA,CC,GT,NN,CC,AA,AA,AG,TT,AG,AC,TT,CT,GG,CC,GT,GT,TT,NN,AT,TT,TT,AA,AT,CG,CG,AG,CC,CC,CC,GG,CC,AA,GG,AA,CC,TT,CG,GT,TT,CG,AT,AA,AG,TT,CC,CG,AA,AA,CC,GG,GG,AC,CG,TT,AA,AA,CC,GG,AA,AA,AA,TT,GT,GT,TT,AA,GG,GT,AA,CC,AA,GT,AA,GG,AA,TT,AA,TT,CG,TT,AC,CC,CC,GG,AG,CC,AA,AC,TT,TT,TT,NN,AT,AA,CC,AG,GG,CC,CC,CG,CC,GG,AT,AA,CC,TT,GG,CC,CC,AT,AG,CC,AT,CC,AA,AA,NN,CC,CC,TT,AA,GG,AA,AC,AA,AA,AG,GG,AG,AA,TT,CG,AA,AG,CC,AA,CT,AA,AA,CG,GG,GG,TT,AT,AA,GT,TT,TT,AG,AT,GG,GG,AA,3.72,Susceptible,Medium,Standard,Early
L0998,Coimbatore,Tamil Nadu,Kharif,Red Loamy,Rainfed,650,29.5,68,AC,TT,AG,AG,CG,CC,GG,AT,CC,CC,AT,NN,CG,TT,TT,GT,CG,TT,TT,AG,CC,TT,TT,CC,TT,CC,TT,TT,GG,AA,TT,CT,AA,CC,GG,GG,GG,CC,GG,CC,TT,TT,AA,GT,AG,AG,CT,TT,CC,CC,GG,AT,AA,GG,CC,GG,AA,AC,TT,AC,AG,TT,TT,AG,TT,AT,NN,GG,TT,GT,GG,GG,CC,AA,AG,AA,TT,AG,TT,TT,GG,GT,GG,CC,AA,GG,AA,AT,CC,GT,CC,TT,CC,AT,TT,GG,TT,AC,TT,CC,CC,GG,AG,AA,TT,TT,CC,AA,AA,AA,CC,GG,TT,CC,TT,AA,AA,TT,CC,GG,CC,GG,CT,GG,CT,AG,CT,CC,CC,CC,AA,TT,CC,AA,CC,CT,AA,TT,AG,AA,GG,TT,CC,GG,AA,AG,AA,AC,GG,CC,CC,AG,AG,GG,GT,GG,AC,TT,CT,AG,AA,GT,TT,TT,CC,AT,GT,TT,TT,TT,GG,CC,AG,CC,CC,CC,GG,CC,AA,GG,AG,CC,TT,CC,GG,GT,GG,TT,AA,AA,TT,CC,GG,CC,CC,CC,GG,GG,AC,NN,TT,AA,AA,CC,GT,AA,CC,AA,AT,GT,TT,TT,AA,GG,GT,AA,CG,TT,GT,AA,GG,AA,TT,AA,TT,CC,CT,AC,CC,TT,GG,AA,CC,AG,CC,TT,TT,GG,GG,NN,AA,AC,AA,GG,CC,CG,CG,CC,GG,AT,AA,CC,TT,GG,CC,CC,AT,AG,CC,AA,CG,AA,AA,CC,CC,AC,TT,AA,GG,AA,AC,CC,AA,AG,AG,AG,AA,TT,GG,NN,AG,AC,AA,CT,AG,AG,GG,GG,CG,TT,TT,AA,GT,TT,TT,AG,AT,GG,GG,AA,4.29,Moderate,Medium,Poor,Late
L0999,Coimbatore,Tamil Nadu,Kharif,Red Loamy,Rainfed,650,29.5,68,CC,NN,AG,GG,GG,CC,GG,TT,CC,CC,AA,CC,CC,AT,TT,GG,GG,TT,TT,AG,CC,TT,TT,CT,TT,CT,TT,TT,GG,AA,TT,CC,AA,CC,AG,CG,GG,GG,GG,CC,TT,TT,AA,TT,AG,GG,TT,TT,CC,CC,GT,AA,AA,GG,CT,TT,AT,AA,TT,AC,AG,TT,AT,AA,TT,AT,CC,GG,TT,GG,AG,GG,CC,AA,NN,AC,AA,GG,TT,TT,AG,GG,GG,CC,AA,GG,AA,AT,CC,GT,AC,GT,CC,TT,TT,AG,TT,CC,GT,CC,CC,GG,AG,AA,TT,TT,CG,AA,AA,AC,CT,GG,TT,CC,TT,AA,AC,AT,CG,GG,CC,AG,CC,GT,TT,AG,CT,NN,CC,CG,AG,TT,AC,AA,CC,CC,AA,TT,AA,AA,GG,CC,CC,GG,AA,AA,AA,CC,GT,CC,CC,AA,GG,AG,TT,GG,AA,TT,CT,GG,CC,GT,GT,TT,CC,AT,GT,CT,AT,TT,GG,CC,AA,CC,CC,CC,CG,CC,AA,GG,AA,CC,TT,CC,GT,TT,CG,AA,AG,AA,TT,AC,CG,AA,CC,CC,CG,GG,CC,NN,TT,AA,AA,CC,GG,AA,AC,AA,AA,GG,TT,AT,AA,CC,TT,AT,CG,TT,GT,AA,GG,AA,CC,AA,TT,CG,CT,AC,CC,TT,CG,AA,CC,GG,AC,AT,TT,GT,GG,TT,AA,AC,AG,GG,CC,CG,GG,CG,GG,TT,AA,CC,TT,GG,CC,GG,AT,GG,CG,TT,CC,AT,AA,CC,CC,AC,TT,AA,CG,AA,AA,CC,AA,GG,AG,AA,AA,TT,GG,AC,AA,AC,AA,TT,AA,AA,GG,GG,GG,TT,AA,AA,GT,TT,TT,AA,TT,GG,GG,AA,2.99,Moderate,Medium,Premium,Late
L1000,Coimbatore,Tamil Nadu,Kharif,Red Loamy,Rainfed,650,29.5,68,AC,CT,GG,AG,GG,CC,GT,TT,CC,CC,AA,CC,CG,AT,GT,GG,GG,TT,TT,AA,CC,GT,GT,CC,TT,CC,GT,TT,GG,AC,TT,CC,AA,CC,GG,CG,GG,NN,GG,CC,TT,CC,AA,TT,AG,AG,TT,AA,CC,AC,GT,AT,AG,GG,CC,TT,AA,AA,TT,AA,AG,GT,AT,GG,CT,TT,CC,GG,TT,GT,AA,TT,CC,AA,AG,AA,AA,GG,TT,TT,GG,GT,GG,CC,AA,GG,AA,AA,CC,TT,CC,TT,CT,TT,TT,GG,CT,CC,TT,CC,CC,CG,GG,AA,TT,TT,CC,AA,AG,AA,CC,GG,TT,CC,TT,AA,AA,TT,CG,AA,CC,GG,CC,GG,TT,AA,CC,CC,CC,CC,AA,TT,AC,AA,CC,CC,AA,AT,AG,AA,GG,CC,NN,GG,AA,GG,AA,CC,GG,CC,CC,AG,NN,AG,TT,GG,AA,TT,CT,GG,CC,GT,TT,TT,CG,AT,GT,TT,AA,TT,GG,CC,AA,CC,CC,CC,GG,CC,AA,GG,AA,CC,TT,CG,GG,TT,GG,AT,AA,AG,TT,CC,GG,AA,CC,CG,GG,GG,AA,GG,TT,AA,AA,CC,GG,AA,AC,NN,AT,GG,TT,AT,AT,GG,TT,AT,GG,AT,GT,AA,GG,AG,TT,AC,TT,CC,TT,AA,CC,CT,GG,AG,CG,AG,CC,TT,TT,TT,GG,TT,AA,AC,AA,GG,CC,CG,GG,CC,GG,AT,AA,CC,TT,GG,CC,CC,AA,GG,CG,TT,CC,AA,AA,CC,CG,NN,TT,AA,GG,AA,AA,CC,AA,AG,AG,AA,AA,TT,GG,AC,AG,AC,AA,TT,AG,AA,GG,AG,GG,TT,AA,AA,GG,TT,TT,AG,TT,GG,GG,AA,4.67,Susceptible,Low,Poor,Early
L0001,Mandya,Karnataka,Kharif,Red Loamy,Irrigated (Cauvery command),780,27.0,72,AC,TT,GG,AG,GG,CC,GG,TT,CC,CC,AT,CT,CC,AT,GT,GG,CG,TT,TT,AA,CC,TT,GT,CC,TT,CT,GT,TT,GG,AA,TT,CC,AA,CC,AG,GG,GG,CC,GG,CC,GT,CT,AA,NN,AG,GG,TT,AT,CC,AA,GG,AA,AA,GG,CC,TT,AA,AC,GG,AA,AA,TT,TT,GG,TT,AT,CC,GG,TT,GG,AA,GG,CC,AG,GG,AA,TT,AG,TT,TT,AG,GT,GG,CC,AA,GG,AA,TT,CC,GT,CC,TT,CT,TT,TT,GG,TT,CC,GT,CC,CC,CC,AG,AA,TT,TT,CC,AA,AA,AA,CC,GG,TT,CC,TT,AA,AA,AT,CC,AG,CC,GG,CC,GG,TT,AG,CT,CC,CC,CC,AA,TT,CC,AA,CC,CC,AA,TT,AA,AA,CG,CC,CC,GG,AA,AG,AA,AC,GT,CC,CC,AA,AA,AA,TT,AG,AA,TT,CT,GG,AC,TT,TT,TT,NN,AA,TT,NN,AA,TT,CG,CC,AG,CC,CC,CC,CG,CC,AA,AG,GG,CC,TT,CC,GG,GT,CG,AA,AA,AG,TT,CC,GG,AA,AC,CC,GG,GG,AC,GG,TT,AA,AA,CC,GG,AT,CC,AA,TT,GG,TT,TT,AA,GG,GT,AT,CG,AT,GT,AA,GG,AG,TT,AA,TT,CC,TT,AA,CC,TT,GG,AA,CG,AA,CC,AT,TT,TT,GG,TT,AA,CC,AG,GG,CC,CC,GG,CC,GG,TT,AA,CC,TT,GG,CC,GG,AA,GG,CC,AA,CC,AT,AA,AC,CC,AC,TT,AA,GG,AA,AA,AC,AA,AG,AA,AG,AA,TT,CG,AA,AA,CC,AC,CC,AA,AA,CG,GG,GG,TT,AA,AG,TT,TT,TT,AA,AT,GG,GG,AA,5.95,Resistant,Medium,Standard,Medium
L0002,Mandya,Karnataka,Kharif,Red Loamy,Irrigated (Cauvery command),780,27.0,72,AA,CT,GG,AG,GG,CC,GG,TT,CC,CG,AA,CT,CC,TT,GT,NN,GG,TT,TT,AA,CC,TT,GT,TT,AT,CC,TT,TT,GG,AC,TT,CT,AA,CC,GG,GG,GG,CC,GG,CC,TT,TT,AA,GG,AA,AG,TT,TT,CC,AA,GT,AA,NN,GG,CC,GT,AA,CC,TT,AA,AA,GT,TT,AA,TT,TT,CC,GG,TT,GT,AA,GG,CC,AA,GG,AA,AA,GG,TT,TT,GG,GT,GT,CC,AA,GG,AA,AA,CC,GT,CC,TT,CT,TT,TT,GG,TT,CC,TT,CC,CC,CC,GG,AA,TT,TT,CC,AA,AA,AA,CT,GG,TT,CC,NN,AA,AA,TT,CG,AG,CC,GG,CC,TT,TT,AG,CC,CG,CC,CC,AA,TT,CC,AA,CC,CC,AA,TT,AG,AA,NN,CT,CC,GG,AA,AG,AT,CC,GT,CC,CC,AA,AG,GG,TT,GG,AC,TT,TT,AG,CC,TT,GT,TT,CC,AA,TT,TT,AA,AT,GG,CC,AG,CC,CC,CC,GG,CC,AA,GG,AG,CC,TT,CG,GT,TT,CG,AT,AA,AA,TT,CC,GG,AC,AC,CC,GG,GG,AA,GG,TT,AA,AA,NN,GG,AA,CC,AA,AT,GT,TT,AT,AT,CG,GT,AA,CC,TT,TT,AA,GG,AA,CT,AA,TT,CC,TT,AC,CC,CT,GG,AG,CG,AG,CC,TT,CT,GT,GG,TT,AA,AC,NN,NN,CC,CG,GG,CC,GG,AT,AA,CC,TT,GG,CC,CG,AA,AG,CC,AA,CC,NN,AG,CC,CC,AC,AT,AA,GG,AT,AC,AA,AA,GG,AA,AA,AG,TT,GG,AC,AA,CC,AC,TT,AA,AA,GG,AG,CG,TT,AA,AA,TT,TT,TT,NN,TT,GG,GG,AA,6.51,Susceptible,Medium,Premium,Medium
L0003,Mandya,Karnataka,Kharif,Red Loamy,Irrigated (Cauvery command),780,27.0,72,AC,TT,GG,AG,CG,CC,GT,TT,CC,CG,AA,CT,CC,AT,TT,GG,CG,TT,TT,AA,CC,TT,GT,CT,TT,CC,TT,AT,GT,AA,TT,CT,AA,CC,GG,GG,GG,CC,GG,CC,TT,CT,AC,TT,AA,AG,CT,TT,CC,AA,GG,AA,AA,GG,CC,TT,AA,AA,GG,AC,AA,TT,TT,AA,TT,TT,CC,GT,CT,GG,AA,GG,CC,AA,GG,AC,AA,GG,TT,TT,GG,GG,GG,CC,AA,GG,AA,AA,CC,GT,AC,NN,CC,TT,TT,GG,CT,CC,TT,CC,CT,GG,AG,AG,TT,TT,CC,AA,AG,AA,CC,GG,TT,CC,GT,AA,AA,AT,CC,GG,CG,GG,CC,GT,TT,AA,CC,CC,CC,CC,AA,TT,CC,AA,CC,CC,AA,TT,AA,AA,GG,CC,CG,GG,AA,NN,AA,CC,GT,CC,CC,AA,AG,AG,TT,GG,AC,TT,CT,AG,CC,GT,GT,TT,CC,AT,GT,CT,AA,TT,GG,CC,GG,CC,CC,CC,CG,CC,AA,GG,AA,CC,TT,CC,GG,TT,CC,AT,AA,AA,TT,CC,GG,AA,AC,CC,GG,GG,AA,GG,TT,AA,AA,CC,GG,AT,CC,AA,AT,GG,TT,TT,AT,GG,GT,AA,CC,AT,TT,AA,GG,AA,CT,AC,TT,CC,TT,AC,CC,TT,GG,AA,CC,AG,CC,TT,TT,TT,GG,TT,AC,AC,AG,GG,CG,CG,GG,CC,GG,AA,AA,CG,TT,GG,CC,CG,AT,AG,CC,AA,CC,AA,AA,CC,GG,AC,TT,AA,GG,AA,AA,AC,AA,GG,AA,AA,AA,NN,GG,AA,AA,CC,AC,CT,AA,AG,GG,GG,GG,TT,AA,AA,TT,TT,TT,AG,AT,GG,GG,AA,6.46,Moderate,Low,Standard,Medium
L0004,Mandya,Karnataka,Kharif,Red Loamy,Irrigated (Cauvery command),780,27.0,72,CC,TT,GG,AG,CG,CC,GG,TT,CC,GG,AA,CT,CC,TT,TT,GT,CG,TT,TT,AG,CC,TT,GT,CC,TT,CC,GT,TT,GG,AA,TT,CT,AA,CC,GG,CG,GG,CC,GT,CC,TT,CT,AA,TT,AA,GG,TT,TT,CC,CC,GG,AA,AA,GG,CC,GT,AA,AA,GT,AC,AA,TT,TT,AA,CC,TT,CC,GG,TT,GG,AA,GT,CC,AA,GG,CC,AA,GG,TT,TT,GG,GG,GT,NN,AA,GG,AA,AA,CC,TT,CC,TT,CT,TT,TT,GG,TT,CC,GT,CC,CC,CG,AG,AA,AT,TT,CC,AG,AA,AC,CT,GG,TT,CC,NN,CC,AA,TT,CG,GG,CC,GG,CT,GG,TT,AG,CC,CC,CC,CC,AA,TT,CC,AA,CC,CC,AA,TT,AA,AA,GG,CC,CC,GG,AA,AA,AA,CC,GG,CC,CC,AG,AA,GG,TT,AG,AC,GG,CT,GG,CC,TT,TT,TT,CC,AA,GT,TT,AA,AT,GG,CC,GG,TT,CC,CC,CG,AC,AA,AG,AA,CC,TT,CC,GG,GT,CG,AT,AA,AG,TT,CC,GG,AA,AC,CC,GG,GG,AA,GG,TT,AA,AA,CG,GG,AA,AC,AA,AT,GG,TT,TT,AT,GG,GT,AT,CG,AT,TT,AA,GG,NN,CT,AC,TT,CC,TT,AA,CC,TT,GG,AG,CG,GG,CC,TT,CT,GT,GG,AT,AA,NN,GG,GG,CC,CC,GG,CC,GG,TT,AA,CC,GT,GG,CC,CC,AA,AG,CC,AA,CC,AA,AA,AC,GG,CC,TT,AA,CG,AA,AA,AC,AA,AA,AG,GG,AA,TT,GG,AC,AA,CC,AA,TT,GG,AA,GG,GG,CG,TT,AT,AA,TT,TT,TT,AA,AT,GG,GG,AA,7.13,Susceptible,High,Premium,Early
L0005,Mandya,Karnataka,Kharif,Red Loamy,Irrigated (Cauvery command),780,27.0,72,AC,CT,GG,AG,GG,CC,GG,TT,CC,CG,AA,CC,CC,TT,NN,GT,GG,TT,TT,AA,CC,GT,TT,CC,TT,CC,GT,TT,GG,AA,TT,CC,AA,CC,GG,CG,GG,CC,GG,CC,TT,CT,AA,TT,AA,GG,TT,TT,CC,NN,GG,AA,AA,GG,CC,TT,AA,AA,GG,AC,AA,TT,TT,AA,TT,TT,CC,GG,TT,GG,AA,GG,CC,AA,GG,AA,AT,GG,TT,TT,GG,GG,GG,AC,NN,GG,AA,AA,CC,GT,AC,TT,CC,TT,TT,GG,CT,CC,GT,CT,CC,CC,AG,AA,AT,GT,CG,AA,GG,AA,CC,GG,TT,CC,TT,AA,AC,AT,CG,GG,CG,GG,CC,GG,TT,AG,CC,CC,AC,CC,AA,TT,CC,AA,CC,CC,AA,TT,AA,AA,CG,CC,CC,GG,AA,AA,AA,AC,GG,CC,CG,AA,AA,GG,TT,AG,AA,GT,TT,AG,CC,TT,TT,CT,CC,AA,GT,TT,TT,AT,GG,CC,AA,CC,CC,AC,GG,CC,AA,GG,AA,CC,TT,CC,GG,TT,GG,AA,AA,AG,TT,CC,GG,CC,CC,CC,GG,GG,AA,GG,TT,CC,AA,CC,GG,AA,AC,AT,AT,GG,TT,AT,AA,GG,TT,AA,CG,AT,TT,AA,GG,AA,CC,AA,TT,CC,CT,AA,CC,CC,GG,AG,NN,GG,CC,TT,CT,GT,GG,AT,CC,CC,AG,GG,CC,CC,GG,CC,GG,AT,AA,CC,TT,GG,CC,CC,AA,GG,NN,NN,CC,AA,AA,AC,CC,CC,TT,AA,GG,AA,AA,AC,AA,AG,AG,AA,AA,AT,GG,AA,AG,CC,AC,CC,AA,AG,GG,GG,CG,TT,AA,AA,TT,TT,TT,AA,TT,GG,GG,AA,7.5,Susceptible,Medium,Standard,Early
L0006,Mandya,Karnataka,Kharif,Red Loamy,Irrigated (Cauvery command),780,27.0,72,CC,TT,AG,GG,GG,CC,GG,TT,CC,CG,AA,CC,CG,NN,GT,GG,CG,TT,TT,AG,CC,TT,TT,CC,TT,CC,GT,TT,GT,AA,TT,CC,AA,AC,GG,CG,GG,CC,GG,CC,TT,CT,AA,TT,AA,GG,TT,TT,CC,AC,GG,AT,AA,GG,CT,TT,AT,AC,GT,AC,AA,TT,TT,GG,TT,AT,CC,GG,TT,GT,AA,GG,NN,AA,AA,AA,AT,GG,TT,TT,GG,GG,GG,CC,AA,GG,AG,AA,CC,TT,CC,TT,CT,TT,GT,AG,CT,CC,GT,CC,CT,CG,AG,AA,TT,TT,CC,AA,GG,AA,CT,GG,NN,CG,TT,AC,AC,TT,CG,AA,CC,GG,CC,GG,TT,AG,CC,CC,CC,CC,AG,GT,CC,AA,CC,CC,AA,AT,AA,AA,GG,NN,CC,GG,AA,AA,AA,CC,GT,CC,CC,AA,AA,GG,TT,AG,AC,TT,CT,GG,AA,TT,GT,TT,CC,AA,GT,TT,AT,TT,GG,CC,NN,CT,AA,CC,GG,CC,AA,GG,AG,CC,TT,CC,GT,TT,GG,NN,NN,AG,TT,CC,GG,AC,CC,CC,GG,GG,AA,GG,TT,CC,AA,CC,GG,NN,CC,AA,AT,GG,TT,AT,AA,GG,GT,AT,CC,TT,GT,AA,GG,AA,CC,AA,TT,CC,TT,AA,CC,TT,GG,AA,CC,AA,AC,AT,TT,GG,GG,TT,AC,CC,AG,GG,CC,CG,GG,CC,GG,TT,AA,CC,TT,AG,GG,CC,AA,GG,CG,AA,CC,AA,AA,CC,CG,AC,TT,AA,GG,AA,AC,AC,AA,AG,AA,AG,AA,AT,GG,AC,GG,CC,AC,CC,AA,AA,CG,GG,GG,GT,AA,AA,TT,TT,TT,AA,AA,GG,GG,AA,7.81,Susceptible,High,Poor,Early
L0007,Mandya,Karnataka,Kharif,Red Loamy,Irrigated (Cauvery command),780,27.0,72,CC,TT,GG,AG,GG,CC,GG,TT,CC,CG,AA,CT,CC,AT,GT,GG,CC,TT,TT,AG,CC,TT,TT,CC,TT,CC,TT,TT,GG,AA,TT,CC,AG,AC,AG,GG,GG,CG,GG,CC,TT,CT,AA,TT,AG,GG,TT,TT,CC,CC,GG,AT,AA,GG,CT,TT,AA,AC,GG,AC,AA,TT,AT,AG,CT,AT,CC,GG,TT,GG,AG,GG,CC,AA,GG,CC,AT,GG,TT,TT,GG,GG,GG,CC,AA,GG,AA,AA,CC,TT,CC,TT,CC,AT,GG,GG,TT,CC,GT,CC,CC,CC,NN,AA,TT,GT,CG,AA,AG,AA,CC,GG,TT,CC,TT,AC,AA,TT,CC,AG,CC,GG,CC,GT,TT,AA,CC,CC,CC,CG,AA,TT,CC,AA,CC,CC,AA,TT,AA,AA,GG,CT,CC,GG,AA,AG,AT,AC,TT,CC,CC,AA,AA,AG,GT,AG,AA,GT,CT,GG,CC,TT,TT,TT,CG,TT,TT,TT,AA,AT,GG,CG,AA,CT,CC,CC,GG,AC,AA,GG,AG,CC,TT,CC,GG,TT,GG,AA,AA,AA,TT,CC,GG,AC,CC,CG,GG,GG,AC,GG,TT,AA,AA,CC,NN,AA,CC,AA,AA,GG,TT,AT,NN,GG,TT,AT,CC,AT,GT,AA,GG,AA,TT,AA,TT,CC,CT,AC,CC,TT,CG,AG,CG,AA,CC,TT,TT,TT,GG,TT,AA,CC,AA,GT,CC,CC,GG,CC,GG,AA,AA,CC,TT,GG,CG,CC,AA,GG,CG,AT,CG,AA,AA,AC,CC,CC,AT,AA,GG,AA,AC,AA,AA,NN,AA,AA,AA,TT,GG,AA,AG,AC,AC,CT,AA,AA,GG,GG,GG,GT,AT,AA,TT,TT,TT,AA,TT,GG,GG,AC,4.95,Resistant,Medium,Premium,Late
L0008,Mandya,Karnataka,Kharif,Red Loamy,Irrigated (Cauvery command),780,27.0,72,AA,TT,GG,AA,GG,CG,GG,TT,CG,CC,AA,CT,CC,TT,TT,GG,GG,TT,TT,AA,CC,TT,GT,CC,TT,CC,TT,TT,GG,AA,TT,CC,AA,CC,GG,CC,GG,CG,GG,CC,TT,CT,AC,TT,NN,AG,TT,TT,NN,AC,GG,AT,AA,CG,CT,TT,AT,AC,GT,AA,AA,TT,AT,AG,TT,TT,CC,GG,CT,GG,AA,GG,CC,AA,GG,AC,AT,GG,TT,TT,GG,GG,GG,CC,AA,GG,AA,AA,CC,TT,CC,TT,CT,TT,TT,GG,CT,AC,NN,CT,CC,CG,GG,AA,TT,TT,CC,AA,AG,AA,NN,GG,TT,CC,TT,AA,AA,TT,CC,AG,CG,GG,CC,GG,CT,AA,CC,CC,CC,CC,AA,TT,CC,AA,NN,CC,AA,TT,AA,AT,GG,CC,CC,GG,AA,AA,AA,AC,GG,CC,CC,AA,AA,GG,TT,GG,AA,GT,TT,AG,CC,TT,TT,NN,CC,AA,TT,CT,AA,TT,GG,CC,AA,CT,CC,CC,CC,CC,AA,GG,AA,CC,NN,CC,GG,TT,GG,AT,AA,AA,TT,CC,GG,AA,AA,CC,CG,GG,AC,GG,TT,AC,AA,CG,GG,AA,CC,AA,AA,GG,GT,TT,AT,GG,TT,AA,CC,TT,TT,AA,GG,NN,CT,AC,TT,CC,CC,CC,CC,CT,GG,AG,CC,AG,CC,TT,TT,GT,GG,TT,AA,CC,AG,GG,CC,CC,GG,CC,GG,TT,GG,CC,GG,GG,CC,CC,AA,NN,CC,AT,CG,AA,AA,CC,NN,AC,NN,AA,GG,AA,CC,AA,AC,GG,GG,AA,NN,AT,CG,CC,AA,AA,AA,CT,AA,AG,GG,AG,CG,GG,AA,AA,TT,TT,TT,AA,TT,GG,GG,AA,8.01,Moderate,Low,Poor,Early
L0009,Mandya,Karnataka,Kharif,Red Loamy,Irrigated (Cauvery command),780,27.0,72,AC,CT,NN,AA,NN,CC,GT,TT,CC,CG,AA,CC,CC,TT,GT,GG,GG,TT,TT,AA,CC,GT,TT,CT,TT,CC,TT,TT,GG,AA,TT,CT,AA,CC,GG,CG,GG,CG,NN,CC,TT,TT,NN,GT,AG,AG,CT,NN,CC,AC,GG,AT,AA,NN,CT,GT,AT,AA,TT,AA,AA,TT,AT,AA,TT,TT,CC,GG,TT,NN,AA,GG,CC,AG,AG,AA,AT,GG,TT,TT,GG,GT,GT,CC,AA,GG,AA,AA,CC,TT,CC,TT,CC,TT,TT,GG,CT,CC,GT,CC,CC,CC,AA,AA,NN,TT,CC,AA,GG,AC,CT,GG,GT,CC,TT,AC,AA,AT,CG,NN,CC,GG,CT,GG,CT,AG,CT,CC,CC,CC,AA,TT,CC,AA,CC,CC,AA,TT,AG,AA,GG,CT,CG,GG,AG,AA,AA,CC,GT,CC,CC,AA,AG,GG,TT,GG,AC,TT,TT,AG,AC,TT,GT,TT,GG,AT,TT,TT,AT,TT,GG,CC,AG,TT,CC,CC,GG,CC,AA,GG,AG,CC,TT,CC,GT,TT,CG,AA,AA,AA,TT,CC,GG,AC,AA,CC,GG,GG,AC,GG,TT,AA,AA,CG,GG,AA,CC,AA,AT,GG,TT,AT,AT,GG,TT,AT,CC,TT,TT,AA,GG,AA,TT,AA,TT,CC,TT,AC,CC,CT,GG,AG,CC,GG,CC,TT,TT,TT,GG,TT,AA,CC,GG,GG,CC,CG,GG,CC,GG,AA,AA,CG,TT,GG,CG,CC,AA,GG,CG,AA,CC,AT,AA,AC,GG,CC,TT,AA,GG,AA,AC,AC,AA,AG,AA,AA,AA,TT,CG,AA,NN,AA,AA,CT,AA,GG,GG,GG,GG,TT,AA,AA,TT,TT,TT,AA,AT,GG,CG,AA,6.02,Moderate,High,Poor,Early
L0010,Mandya,Karnataka,Kharif,Red Loamy,Irrigated (Cauvery command),780,27.0,72,AC,TT,GG,AA,GG,CC,GG,TT,CC,CC,AA,CC,CC,TT,TT,GG,CG,TT,TT,AA,CC,GT,TT,CT,TT,CC,TT,TT,GG,AA,TT,CC,AA,CC,AG,GG,GT,CG,GG,CC,TT,CC,AA,GT,AA,GG,TT,TT,CC,AA,GG,AA,AG,GG,CC,TT,AA,AC,GT,AA,AG,GT,NN,AG,CT,TT,CC,GG,TT,GG,AA,GT,CC,AA,AA,CC,TT,GG,TT,TT,GG,GG,GT,CC,AT,GG,AA,AA,CC,GT,CC,TT,CC,TT,TT,AG,TT,CC,GT,CC,CC,CG,GG,AG,TT,TT,CC,AA,GG,AA,CC,GT,NN,CC,TT,AA,AA,TT,CC,GG,CC,AG,CC,GT,TT,AA,CC,CC,AC,CC,AA,TT,AC,AA,CC,CC,AA,TT,AA,AT,GG,TT,CC,GG,AA,AA,AA,CC,GG,CG,CC,AA,AA,GG,GT,AG,AA,TT,CC,GG,CC,GT,TT,TT,CG,AT,GT,TT,AT,TT,GG,CC,AA,CT,CC,CC,CC,CC,AA,GG,AG,CC,TT,CC,TT,GT,GG,AT,AA,AA,TT,CC,CG,AA,CC,CG,GG,GG,AC,NN,TT,AA,AA,CC,GG,AT,CC,AA,AT,GG,TT,AT,AT,GG,GT,AT,CG,TT,GT,AA,GG,AA,TT,AA,TT,CG,TT,AA,CC,TT,GG,AA,CG,GG,CC,TT,CC,TT,GG,TT,AA,AC,AA,GG,CC,CC,GG,CC,GG,AA,AA,CG,GT,GG,CC,CC,AT,AG,CC,AT,CC,AT,AA,AC,CG,CC,AT,AA,GG,AA,AA,AC,AA,GG,AG,AA,AA,TT,GG,AC,AA,AA,CC,CT,AA,AA,GG,GG,GG,TT,AA,AA,TT,TT,TT,GG,TT,GG,GG,AC,5.58,Resistant,High,Premium,Medium
L0011,Mandya,Karnataka,Kharif,Red Loamy,Irrigated (Cauvery command),780,27.0,72,CC,TT,GG,AA,GG,CC,GG,TT,CC,CG,AA,CT,CG,TT,TT,GG,GG,TT,TT,AG,CC,GT,GT,CC,AT,TT,TT,TT,GG,AA,TT,CT,AA,CC,GG,GG,GG,CC,GG,AC,TT,TT,AA,GT,AG,GG,TT,AT,CG,AC,GG,AA,AA,GG,CC,GT,AA,AA,TT,AA,AA,GT,TT,GG,CC,TT,CC,GG,TT,GT,AG,GG,AC,AA,GG,AC,AA,GG,TT,TT,GG,GG,GG,CC,AA,GG,AG,AT,CC,GT,CC,GT,CT,AT,TT,GG,TT,AA,TT,CC,CC,CC,AG,AA,AT,TT,CC,AA,AG,AA,CC,GG,NN,CC,GT,AA,AA,TT,CC,GG,CC,GG,CC,GG,TT,AA,CT,CC,CC,CG,AA,TT,CC,AA,CC,CC,AA,TT,AA,AA,GG,CC,CC,GG,AA,AG,AA,CC,TT,CG,CC,AA,AG,GG,NN,AG,AC,TT,CT,GG,CC,GT,GT,TT,CC,AT,TT,TT,AA,TT,GG,CG,AG,CT,CC,CC,CC,CC,AA,GG,AG,CC,TT,CC,GG,TT,GG,AT,AA,AG,NN,CC,GG,AA,AC,CC,GG,GG,AC,CG,TT,AC,AA,CC,GT,AT,AC,AA,AA,GG,GT,TT,AA,GG,GG,AT,CC,AT,GT,AA,GG,AA,CT,AA,TT,CC,TT,AA,CC,CT,GG,AA,CG,GG,NN,TT,TT,GT,GG,TT,AA,CC,AA,GG,CC,CG,GG,CG,GG,AT,AG,CC,TT,GG,CC,CC,AA,AG,CC,AA,CC,AA,AA,CC,NN,AC,TT,AA,GG,AA,AA,AA,NN,AG,GG,AA,AA,TT,GG,AC,AA,CC,AA,CT,AA,AA,GG,GG,GG,TT,AT,AG,GT,TT,TT,AG,AA,GG,GG,AA,9.1,Susceptible,High,Premium,Early
L0012,Mandya,Karnataka,Kharif,Red Loamy,Irrigated (Cauvery command),780,27.0,72,AA,CT,GG,AA,CG,CC,GG,TT,CC,GG,AA,CC,CC,TT,TT,GG,GG,TT,TT,AA,CC,TT,TT,CC,TT,CC,TT,TT,GT,AA,TT,CC,AA,CC,GG,GG,GG,CC,GG,CC,TT,CT,AA,TT,AG,AG,TT,TT,CC,CC,GG,AA,AG,GG,CC,GG,AA,AA,GG,AC,AG,GT,AT,AG,CT,TT,CC,GG,TT,GG,AA,GG,CC,AA,AG,AA,AA,GG,TT,TT,GG,GG,GG,CC,AA,GG,AA,AT,CC,TT,CC,TT,CT,TT,TT,GG,CT,CC,TT,CC,CT,CG,AG,AA,TT,GT,CC,AA,AG,AA,CC,GG,TT,CC,TT,AA,AA,TT,CG,AG,CC,GG,CC,GT,TT,AG,CC,CC,CC,CC,AA,GT,CC,AA,CC,CT,AA,TT,AA,AA,GG,CC,CC,GG,AA,GG,AA,AC,GT,CC,CG,AA,AG,GG,TT,GG,CC,TT,CT,GG,CC,GT,TT,CT,CG,AA,TT,TT,AA,TT,GG,CC,AA,TT,CC,CC,CG,CC,AA,GG,AG,CC,TT,CC,GT,GG,CG,TT,AA,AA,TT,CC,GG,AC,CC,CC,GG,GG,AA,GG,TT,AC,NN,CC,GG,AA,CC,AA,AA,GG,TT,AT,AA,GG,GT,AA,CC,TT,GT,AA,GG,AA,TT,AA,TT,CC,TT,AA,AC,TT,CC,GG,CG,AA,CC,TT,CT,GT,GG,AT,AC,CC,AA,GG,CG,CC,GG,CC,GG,TT,AA,CC,TT,GG,CC,CC,AT,GG,CC,AA,CC,AT,AA,AC,CG,AC,AA,AA,GG,AA,AA,AA,AA,GG,AA,AA,AA,TT,GG,CC,AA,AA,AC,CC,AG,AA,GG,NN,GG,GT,AA,AA,TT,TT,TT,AA,TT,GG,GG,AA,7.47,Moderate,Medium,Standard,Medium
L0013,Mandya,Karnataka,Kharif,Red Loamy,Irrigated (Cauvery command),780,27.0,72,AA,TT,GG,AG,CG,CC,GG,TT,CC,CG,AA,CC,CC,TT,GT,GG,GG,TT,TT,AA,CG,TT,TT,CC,TT,CC,TT,TT,GG,AA,TT,CC,AA,CC,GG,GG,GG,CC,GG,CC,GT,CT,AA,GT,AG,AG,NN,TT,CC,AA,GT,AA,AA,GG,CC,TT,AA,AC,GT,AA,AA,TT,TT,AG,TT,TT,CC,GG,CT,GG,AA,GG,CC,AA,AG,AC,AT,GG,TT,TT,GG,GT,GG,CC,AA,GG,AA,AA,CG,TT,CC,TT,CC,TT,TT,GG,CT,CC,TT,CC,CC,CC,AG,AA,TT,TT,CC,AA,GG,AA,CC,GG,TT,CC,TT,AA,AC,TT,CC,AG,CC,GG,CC,GT,TT,AA,CC,CC,AC,CC,AA,TT,CC,AA,CC,CC,AA,TT,AA,AA,GG,CC,CC,GG,AA,AG,AA,CC,GT,CC,CG,AA,GG,AG,TT,AG,AC,TT,CC,GG,CC,TT,TT,TT,CC,AA,GG,TT,AA,TT,CG,CC,AA,CT,CC,CC,GG,CC,AA,GG,AA,CC,TT,CC,TT,TT,CC,AT,AA,GG,TT,CC,CG,AA,CC,CC,NN,AG,AC,GG,TT,CC,AA,CC,GG,AA,CC,AT,AT,GT,TT,AT,AA,GG,GG,AT,CC,TT,GT,AA,GG,AA,CT,AA,TT,CC,TT,CC,CC,TT,GG,GG,CC,AA,CC,AT,CT,TT,GG,TT,AA,NN,AG,GG,CC,CC,GG,CC,GG,TT,AG,CG,TT,GG,CC,CG,AT,GG,CC,AT,CC,AT,AA,CC,CC,AC,AT,AA,GG,AA,AA,AA,AA,AG,GG,AG,AA,TT,CG,AC,AA,AA,AC,CT,AA,AA,GG,AG,GG,TT,AA,AA,GT,TT,TT,AA,AT,GG,GG,AA,8.16,Moderate,High,Standard,Early
L0014,Mandya,Karnataka,Kharif,Red Loamy,Irrigated (Cauvery command),780,27.0,72,AC,TT,GG,AA,GG,CC,GG,TT,CC,CG,AA,CC,GG,TT,TT,GG,CG,TT,TT,AG,CC,TT,GT,CC,TT,CT,TT,TT,GG,AA,TT,CT,AA,CC,GG,CG,GG,CG,GG,CC,TT,CT,AA,TT,AG,AG,TT,TT,CC,AC,GG,AA,AA,GG,CC,GT,AT,AC,GG,AC,AA,TT,TT,AG,TT,NN,CC,GG,TT,TT,GG,GG,CC,AG,GG,AA,TT,GG,TT,TT,AG,GG,GT,CC,AA,GG,AA,AT,CC,TT,AA,TT,TT,AT,TT,GG,TT,CC,GG,NN,CT,CC,AG,AA,TT,GT,CC,AA,AA,AA,CT,GG,TT,CC,TT,AA,AA,AT,CC,AG,CC,GG,CC,GG,CT,AA,CT,CC,CC,CC,AA,TT,CC,AC,CC,CC,AA,AT,AA,AT,GG,CC,CC,GG,AA,AG,AA,CC,GT,CC,CG,AA,AA,GG,TT,GG,AC,TT,TT,AA,CC,TT,TT,TT,CC,AT,TT,TT,AA,TT,CG,CC,AG,CC,AC,CC,CG,CC,AA,GG,AA,CC,TT,CC,GG,TT,GG,TT,AG,AA,TT,CC,GG,AC,CC,NN,GG,AG,CC,GG,TT,AC,AA,CC,GT,AA,AC,AA,AT,GG,TT,AA,AA,CG,GT,AA,CC,AT,GG,AA,GG,AA,CT,AA,TT,CC,TT,AC,CC,CT,CC,AA,CG,GG,CC,AA,CT,GT,GG,AT,AA,AC,AA,GG,CC,CC,GG,CC,GT,AT,AA,CC,GT,AG,CC,CC,AA,AG,CG,AT,CC,AA,AA,CC,CG,CC,TT,AA,GG,NN,AA,AC,AA,GG,AA,AA,AA,TT,GG,AA,AA,CC,AC,NN,AA,AA,GG,GG,GG,TT,AT,AA,TT,TT,TT,GG,TT,CG,GG,AA,7.05,Susceptible,Low,Standard,Early
L0015,Mandya,Karnataka,Kharif,Red Loamy,Irrigated (Cauvery command),780,27.0,72,AA,TT,AG,AA,GG,CC,GT,TT,CC,CG,AA,CC,CC,AT,TT,GG,CG,TT,TT,AA,CG,TT,GT,CC,TT,CC,GT,TT,GT,AA,TT,CC,AA,CC,GG,CG,GG,CG,GG,CC,TT,CT,CC,TT,AG,GG,TT,TT,CC,AC,GG,AA,AA,GG,CC,TT,AA,AC,GT,NN,AA,GT,TT,NN,TT,TT,CC,GG,TT,GG,AA,GG,CC,AA,GG,AC,AT,GG,TT,TT,GG,GG,GG,CC,AA,GG,AA,AT,CG,GT,CC,TT,CT,TT,TT,AG,TT,AC,TT,CC,CC,CG,AA,AA,AT,TT,CC,AA,AG,AA,CC,GG,TT,CC,GT,NN,AA,TT,CC,GG,CC,GG,CC,GT,CT,AA,CC,CC,CC,CC,AA,TT,CC,AA,AC,CC,AA,TT,AA,AA,GG,CT,CC,GG,AA,GG,AA,CC,GG,CC,CG,AA,GG,AG,TT,GG,AC,TT,TT,GG,AC,TT,GT,TT,GG,AT,TT,TT,AA,TT,GG,CG,AA,CC,CC,CC,GG,CC,AA,GG,AA,CC,TT,CC,GT,TT,GG,NN,AA,AA,TT,CC,GG,AA,AC,CC,GG,GG,AA,GG,TT,CC,AA,CC,GG,AT,CC,AA,AT,GG,TT,TT,AA,GG,GT,TT,GG,TT,GT,AA,GG,AA,CT,AA,TT,CC,TT,AC,CC,TT,NN,AG,CC,AG,CC,TT,TT,GT,GG,TT,AC,AC,AA,GG,CC,NN,CG,CC,GG,TT,AG,CC,GT,GG,CC,CG,AA,GG,CG,NN,CC,AA,AA,CC,CC,AC,TT,AA,GG,AA,AA,AA,AA,AG,AG,AA,AA,AT,GG,AA,AA,CC,AC,CC,AA,AA,GG,GG,GG,GT,AT,AG,TT,TT,TT,AA,AT,GG,CG,AA,6.69,Susceptible,Low,Standard,Medium
L0016,Mandya,Karnataka,Kharif,Red Loamy,Irrigated (Cauvery command),780,27.0,72,AC,CT,AG,AG,GG,CC,GG,AT,CC,CG,AA,CC,CC,TT,GT,GG,CC,TT,TT,AG,CC,GT,GT,CT,AT,CC,GT,TT,GG,AA,TT,CC,AA,CC,GG,GG,GG,CC,NN,CC,TT,CT,AA,GT,AG,AG,TT,TT,CC,AA,GT,AA,AG,GG,CC,GG,AA,AA,GT,AC,AG,TT,AT,AA,TT,TT,CC,GT,TT,GT,AG,GG,CC,AA,AG,AA,AA,GG,TT,TT,GG,GG,GG,CC,AA,GG,NN,AA,CC,GT,CC,TT,CC,TT,TT,GG,TT,CC,GT,CC,NN,CC,AG,AA,AT,TT,NN,AA,AA,AA,CT,GG,TT,CC,GT,AC,AA,TT,CC,AG,CC,GG,CC,GG,CT,AA,CT,CC,CC,CC,AA,TT,AC,AA,CC,CC,AA,TT,AA,AT,GG,CC,CC,GG,AA,AA,AA,CC,GG,NN,CG,AA,AA,GG,TT,AG,AA,TT,CT,AG,CC,GT,TT,CT,NN,AT,GG,TT,NN,TT,GG,CC,AG,TT,CC,AC,CG,CC,AA,GG,AA,CC,TT,CG,GT,TT,CG,AT,AA,AA,TT,NN,GG,AA,CC,CC,GG,AG,CC,GG,TT,AA,AA,CC,GG,NN,AC,AA,AA,GT,TT,AA,AT,GG,TT,AT,CC,TT,NN,AA,GG,AA,TT,AA,TT,CC,CT,AA,AC,CT,CG,AG,CC,GG,CC,TT,TT,GG,GG,AT,AA,AC,AG,GG,CC,CG,GG,CC,GG,AT,AA,CC,TT,GG,CC,CG,AT,AG,CG,AT,CC,AA,AA,AC,CG,AC,TT,AA,GG,AA,AA,AC,AA,GG,AG,AG,AA,AA,GG,AA,AA,AC,AC,CT,AA,AG,GG,GG,GG,TT,AA,AA,TT,AT,TT,AA,TT,GG,GG,AA,6.4,Moderate,High,Poor,Medium
L0017,Mandya,Karnataka,Kharif,Red Loamy,Irrigated (Cauvery command),780,27.0,72,AA,TT,AG,AA,GG,NN,GT,TT,CC,CG,AA,CC,CG,TT,NN,GG,GG,TT,TT,AA,CG,GG,TT,CT,TT,NN,TT,TT,GT,AA,TT,CT,AA,AC,GG,GG,GG,GG,GG,CC,TT,CT,AA,GT,AG,GG,TT,TT,CC,AC,TT,AA,AA,GG,CC,GT,AA,AA,GT,CC,AG,TT,AT,AG,TT,NN,CC,GG,TT,GT,AG,GG,CC,AA,AG,AC,AT,GG,TT,TT,AG,GG,GG,CC,AA,GG,AA,AA,CG,TT,CC,TT,CC,TT,GT,GG,CC,CC,TT,CT,CT,CC,GG,AG,AT,TT,CG,AG,AG,AA,CC,GG,TT,CG,TT,AC,AA,TT,CG,GG,CC,AG,CT,GT,TT,AA,CT,CC,CC,CC,AG,TT,CC,AA,CC,CC,AA,TT,AA,AA,CG,CT,CG,GG,AA,GG,AA,CC,GG,CC,CC,AG,AA,GG,TT,AG,AC,TT,TT,GG,CC,GG,GT,TT,CG,AA,TT,TT,AA,TT,GG,CC,AG,CC,CC,CC,GG,CC,AA,GG,AA,CC,TT,CG,GT,TT,GG,TT,AA,AA,TT,CC,GG,AA,CC,CG,GG,GG,AA,GG,NN,AA,AG,CC,GG,AA,CC,AA,AA,GG,TT,AT,AT,GG,GT,AT,CG,AT,TT,AA,GG,AA,CT,AA,TT,CG,CT,NN,CC,TT,GG,AA,CC,AG,CC,TT,TT,TT,GG,AT,AA,AA,AA,GG,CC,GG,GG,CC,GT,AT,AA,CC,TT,GG,CC,CG,AA,GG,CC,AA,CC,AA,AA,CC,CC,AC,TT,AA,GG,AT,AA,AC,AA,AA,AG,AA,AA,TT,GG,AA,AA,AC,AA,CC,AG,AA,GG,GG,GG,TT,AT,AA,TT,TT,TT,AA,TT,GG,GG,AA,9.83,Susceptible,High,Premium,Medium
L0018,Mandya,Karnataka,Kharif,Red Loamy,Irrigated (Cauvery command),780,27.0,72,CC,TT,AA,AG,CG,CC,GG,AT,CC,CG,AA,CC,NN,AT,TT,GG,CC,TT,TT,AA,CC,TT,GT,CC,NN,CC,GT,TT,GT,AA,TT,CC,AA,CC,GG,GG,GG,CC,GG,CC,TT,CT,AA,TT,AG,GG,TT,TT,CC,AC,GG,AA,AA,GG,CC,TT,AA,AA,GT,AC,AA,TT,AT,AA,CT,TT,CC,GG,TT,GT,AA,GG,CC,AA,GG,AC,AA,GG,TT,TT,GG,GG,GG,CC,AT,GG,AA,TT,CC,GG,CC,TT,CC,TT,GT,GG,TT,CC,TT,CC,CT,CC,GG,AA,TT,TT,CG,AA,AG,AA,CC,GG,GT,CC,GT,AA,AC,TT,CC,GG,CG,AG,CC,GG,TT,AA,CC,CC,CC,CC,AA,TT,CC,AA,CC,CC,AA,TT,AA,AT,CG,CC,CC,GG,AA,AG,AA,CC,GT,CC,CC,AG,NN,GG,GT,AG,CC,TT,TT,GG,AC,GT,TT,CT,CC,AT,TT,TT,AT,NN,GG,CC,AA,CT,CC,CC,GG,CC,AA,GG,GG,CC,TT,CC,GT,GT,GG,TT,AG,AG,TT,CC,CG,AC,CC,CC,GG,GG,AA,GG,TT,AC,AA,CC,GT,AA,AC,AA,AA,GG,TT,NN,AA,GG,GT,AT,CC,AT,TT,AA,GG,NN,TT,AA,TT,CC,TT,AA,CC,CC,GG,AA,CG,AA,CC,NN,CT,TT,GG,TT,AC,AC,AG,GG,CC,CG,NN,CC,NN,TT,AA,CG,GT,GG,CC,GG,AA,AG,CC,AT,CC,AA,NN,CC,CG,CC,TT,AA,GG,AA,AA,AC,AA,AG,GG,NN,AA,TT,GG,AA,AA,CC,AA,CT,AA,AA,GG,GG,GG,TT,AA,AA,TT,TT,TT,AA,AA,GG,GG,AA,3.72,Susceptible,Medium,Standard,Medium
L0019,Mandya,Karnataka,Kharif,Red Loamy,Irrigated (Cauvery command),780,27.0,72,NN,TT,NN,GG,GG,CC,GG,AT,CC,CC,AA,CC,CC,TT,TT,GG,GG,TT,TT,AA,CC,TT,GG,CT,TT,CC,GT,TT,GG,AA,TT,CC,AA,CC,GG,CG,GG,GG,GG,CC,TT,CT,AC,GT,AA,GG,TT,TT,CG,AC,GG,AT,AA,GG,CT,GG,AA,AA,TT,AC,AA,TT,NN,AA,TT,AT,CC,GG,TT,GG,AG,GG,AC,AA,AG,AC,AA,GG,TT,TT,GG,GT,GG,CC,AA,GG,AA,AA,CC,TT,AC,GT,CT,TT,TT,AG,TT,CC,GT,CC,CC,GG,AG,AG,TT,TT,CC,AA,AG,AC,CT,GG,TT,CC,TT,AC,AC,TT,CC,GG,CG,AG,CC,GG,TT,AA,CT,CC,CC,CC,AA,NN,CC,AA,CC,CC,AA,AT,AA,AT,GG,TT,CC,GG,AA,AA,AA,CC,GG,CC,CG,AA,AA,GG,TT,GG,AC,GG,TT,AG,AC,TT,GT,CT,CC,AT,NN,TT,AT,TT,GG,CC,AA,CC,AC,CC,GG,CC,AA,AG,AA,CC,TT,CC,GT,GT,GG,AA,AA,AG,TT,CC,GG,AA,CC,NN,GG,AG,AA,CG,TT,AA,AA,CC,GG,AT,AC,AA,AA,GG,TT,AT,AA,GG,TT,AA,CC,TT,GT,AA,GG,AA,CT,AA,TT,CC,CT,AA,CC,TT,CG,AG,CG,GG,CC,TT,CT,TT,GG,TT,AA,AC,AA,GG,CC,CG,GG,CC,GG,AA,AA,CC,TT,GG,CC,CC,AT,NN,CC,AA,CC,TT,AA,CC,CG,AC,TT,AA,GG,AA,AC,AA,AA,AA,GG,AA,AA,AT,GG,AC,AG,CC,AC,CT,AG,AA,GG,NN,GG,TT,AA,AA,TT,TT,TT,AG,AA,GG,GG,AA,6.78,Susceptible,Medium,Poor,Early
L0020,Mandya,Karnataka,Kharif,Red Loamy,Irrigated (Cauvery command),780,27.0,72,AA,CT,AG,AG,GG,CC,GG,TT,CC,CG,AT,CC,CG,AT,TT,GG,CG,TT,TT,AG,CC,GT,TT,CC,TT,CC,TT,TT,GG,AA,TT,CT,AA,CC,GG,GG,GG,GG,GG,CC,TT,CT,AA,GT,AG,AG,TT,TT,CC,AA,GG,NN,GG,GG,CC,TT,AA,AC,GG,AC,AA,TT,TT,AG,TT,AT,CC,GG,TT,GG,AG,GG,CC,AA,GG,AA,AT,GG,TT,TT,GG,GG,GT,CC,AT,GG,AA,AA,CC,GT,CC,TT,CT,TT,TT,GG,TT,CC,GT,CC,CC,CC,AG,AA,TT,TT,CC,AG,AA,AA,CC,GG,TT,CC,GG,NN,AA,TT,CC,AA,CC,GG,CC,GG,TT,GG,CT,CC,CC,CC,AA,TT,CC,AA,CC,CC,AG,AT,AA,AA,GG,CC,CC,GG,AA,AG,AA,AC,GG,CC,CC,AA,AG,GG,TT,GG,AA,TT,TT,GG,AC,GT,TT,TT,CC,AT,GT,TT,AA,TT,CG,CG,AG,CC,CC,CC,CG,CC,AA,GG,AG,CC,TT,CC,NN,TT,GG,AA,AA,AG,GT,CC,GG,AC,CC,CC,GG,GG,AC,GG,TT,AA,AG,CC,NN,AA,CC,AA,AT,GG,TT,AT,AA,GG,GG,AT,CC,AT,TT,AA,GG,AA,TT,AA,AT,CC,CT,AC,CC,TT,GG,GG,CC,AG,CC,TT,NN,GT,GG,TT,AA,AA,AG,GG,CC,CG,GG,CC,GG,TT,AA,CC,TT,GG,CC,CC,AA,GG,CC,AT,CC,AT,AA,AC,CC,AC,AT,AA,GG,AA,AC,AC,AC,AA,AA,AA,AA,TT,GG,AA,AA,AC,AA,TT,AA,AA,GG,GG,GG,TT,AA,AG,TT,TT,TT,AG,AT,CG,CG,AA,8.14,Susceptible,Medium,Poor,Medium
L0021,Mandya,Karnataka,Kharif,Red Loamy,Irrigated (Cauvery command),780,27.0,72,AC,TT,AG,AA,GG,CC,GG,TT,CC,CC,AT,CC,CC,TT,TT,GG,CG,TT,TT,AA,CC,TT,TT,CC,TT,CC,TT,TT,GG,AA,TT,CC,AA,CC,GG,GG,GG,CC,GG,CC,TT,TT,AC,TT,AA,AG,TT,TT,CC,AC,GG,AA,AA,GG,CC,TT,AA,AA,GT,AA,AA,TT,AT,AG,TT,TT,CC,GG,TT,GT,AG,GT,CC,AA,GG,AC,AA,AG,TT,TT,GG,GG,GG,CC,AA,GG,AA,AA,CC,GT,CC,TT,TT,TT,TT,GG,TT,CC,GT,CT,CC,CG,GG,AA,TT,TT,CC,AA,AA,AA,CC,GG,TT,CC,TT,AC,AA,TT,CC,GG,CC,GG,CC,GT,TT,AA,CC,CC,CC,CC,AA,TT,CC,AC,CC,CC,AA,TT,AA,AA,GG,CT,CC,GG,NN,NN,AA,CC,GT,CC,CC,GG,AG,GG,TT,AG,AC,GT,CT,GG,CC,TT,GT,TT,GG,AA,TT,CT,AT,TT,GG,CC,NN,CT,CC,CC,GG,CC,AA,GG,AA,CC,TT,CG,GG,TT,GG,TT,AG,AA,TT,AC,GG,AC,CC,CC,GG,GG,AC,GG,TT,AC,AA,CC,GG,AA,AC,AA,TT,GG,TT,TT,AA,GG,TT,AA,CC,TT,GT,AT,GG,AA,CT,AA,TT,CC,NN,AC,CC,TT,CG,AG,CC,AG,CC,TT,TT,GT,CG,NN,AC,CC,AA,GG,CC,CC,GG,CG,GG,TT,AA,CC,TT,GG,CC,CG,AT,GG,CC,AA,CC,AA,AA,NN,CG,CC,AT,AA,GG,AA,AC,AA,AC,AG,AG,AA,AA,AT,GG,AA,AA,AC,AA,TT,AA,AA,GG,GG,GG,TT,AA,AA,TT,TT,TT,AG,TT,NN,CG,AC,7.02,Resistant,Medium,Standard,Late
L0022,Mandya,Karnataka,Kharif,Red Loamy,Irrigated (Cauvery command),780,27.0,72,AA,TT,NN,AA,GG,CC,GG,TT,CC,NN,AA,CC,CG,TT,TT,GG,GG,TT,TT,AA,CC,GT,TT,CT,TT,CC,GT,TT,GG,AA,TT,CT,NN,AC,AG,GG,GG,CC,GG,CC,TT,CT,AA,TT,AG,GG,TT,AT,CC,AC,GG,AA,AA,GG,CT,GT,AA,AA,TT,AC,AA,TT,TT,AA,TT,AA,CC,GG,CT,GG,AA,GG,CC,AA,GG,CC,AT,GG,TT,TT,GG,GG,GT,CC,AA,GG,AA,AA,CC,TT,CC,TT,CC,TT,GT,GG,CT,CC,GT,CC,CC,GG,GG,AA,AT,TT,CC,AA,AA,AC,CC,NN,TT,CG,TT,AA,AC,TT,CG,GG,CC,GG,CC,GT,CT,AG,TT,CC,CC,CG,AA,TT,AC,AA,CC,CC,AA,TT,AA,AA,GG,CT,CC,GG,AA,AA,AA,AC,GT,CC,CC,AA,AA,GG,TT,GG,CC,GT,CT,AG,AC,TT,GG,TT,CC,AA,TT,TT,AT,TT,GG,CG,AA,CT,CC,AC,GG,CC,AA,GG,AA,CC,TT,CG,GT,GT,GG,AA,AA,AA,TT,CC,GG,AA,AC,CC,GG,GG,AA,NN,TT,AC,AA,CC,GT,AT,CC,AA,AT,GG,TT,TT,AA,GG,GT,AA,CC,AT,TT,AA,GG,AA,CT,AA,TT,CC,TT,AC,CC,CT,GG,AG,CC,AG,CC,AT,TT,TT,GG,TT,AC,CC,AA,GG,CC,CC,GG,CC,GG,AT,AA,CC,TT,GG,CC,CC,AA,AG,CC,AA,CC,AT,AA,CC,CG,AC,TT,AA,GG,AA,AA,AA,AA,AG,AA,AG,AA,AT,GG,AC,AG,AC,AA,TT,AA,GG,GG,GG,GG,TT,AA,AA,GT,TT,TT,AG,TT,GG,GG,AA,9.19,Susceptible,High,Premium,Late
L0023,Mandya,Karnataka,Kharif,Red Loamy,Irrigated (Cauvery command),780,27.0,72,AC,CC,AG,AG,CC,CC,GT,TT,CC,CG,AA,CT,CC,AT,GT,GG,NN,TT,TT,AG,CC,TT,GG,CC,TT,CC,TT,TT,GG,AA,TT,CT,AA,CC,GG,CG,GG,CC,GG,CC,TT,TT,AA,TT,AG,AG,TT,AT,CC,AA,GT,AA,AA,GG,CC,TT,AA,AA,GT,AC,AA,TT,TT,AA,TT,AT,CC,GG,TT,GT,AA,GG,CC,AA,GG,AC,AT,GG,TT,TT,GG,TT,GT,CC,AA,GG,AA,AA,CC,TT,CC,TT,CC,TT,GT,NN,CC,CC,GT,CC,CC,CC,AG,AA,TT,TT,GG,AA,AA,AC,CC,GG,TT,CC,TT,AA,AA,TT,CC,AG,CG,GG,CC,GG,TT,AA,CT,CG,CC,CG,AA,TT,CC,AA,CC,CC,AG,TT,AA,AT,GG,CC,CC,GG,AG,AA,AA,CC,GG,CC,CC,AA,AA,AG,GT,AG,AA,GT,CT,GG,AC,TT,GT,TT,CC,AT,TT,TT,AA,TT,GG,CC,AG,CT,CC,CC,GG,CC,AA,GG,AG,CC,TT,CC,TT,NN,CG,AT,AA,AG,TT,AC,CG,AA,CC,CC,GG,GG,AC,GG,TT,AA,AA,CC,GG,AT,AC,AA,AA,GT,GT,TT,TT,CG,GT,AT,CG,TT,TT,AA,GG,AA,CC,AC,TT,CC,TT,AC,AC,TT,GG,NN,CC,AA,CC,TT,CT,GT,GG,TT,AA,AA,AA,GT,CC,CC,GG,CC,GG,AT,AA,GG,TT,AG,CG,CC,AA,GG,CC,AT,CC,AA,AA,CC,CG,AC,TT,AG,GG,AA,AA,AA,AC,AG,AA,AA,AA,TT,CG,AC,AG,AC,AC,CT,AA,AA,CG,GG,GG,TT,AA,AG,GT,TT,TT,AG,TT,GG,CG,NN,9.97,Susceptible,High,Poor,Early
L0024,Mandya,Karnataka,Kharif,Red Loamy,Irrigated (Cauvery command),780,27.0,72,AC,TT,AG,AG,GG,CC,GT,TT,CC,CC,AA,CC,CG,TT,TT,GG,GG,TT,AT,GG,CC,TT,TT,CC,TT,CC,TT,TT,GG,AA,TT,CC,AA,CC,GG,GG,GG,CC,GG,CC,TT,CT,AA,GG,AA,AA,TT,TT,CC,CC,GT,AT,AA,GG,CC,TT,AA,AA,GT,AA,AA,TT,TT,NN,TT,AT,CC,GG,TT,GT,AA,GT,CC,AA,GG,AA,AT,GG,GT,TT,GG,GG,GG,CC,AA,GG,AA,AA,CC,GT,CC,TT,CT,TT,GG,GG,TT,AC,GT,CC,CT,CG,AG,AA,TT,TT,CC,AG,AA,AA,CC,GG,TT,CG,TT,AA,AA,TT,CC,AG,CC,AG,CC,GT,TT,GG,CC,CC,AC,CC,AA,TT,CC,AA,CC,CC,AA,TT,AA,AA,GG,CT,CC,GG,AA,AG,AA,CC,GT,CC,CC,AA,AA,AG,TT,AG,AA,TT,CT,GG,AA,TT,TT,TT,CG,TT,GT,TT,AA,TT,NN,CC,AG,CT,CC,CC,GG,CC,AA,GG,AG,AC,TT,CC,GG,NN,GG,TT,AA,AA,TT,AC,GG,AC,AC,CC,GG,GG,AC,GG,TT,AC,AA,CC,GT,AA,CC,AA,AT,GT,TT,TT,AA,GG,GT,AA,CC,AT,TT,AT,GG,AA,CT,AA,TT,CC,TT,AA,CC,TT,GG,AG,CC,AA,CC,TT,TT,TT,GG,TT,AA,AC,AG,GG,CC,CG,GG,CC,GG,AT,AA,CC,TT,GG,CC,CC,AA,AG,CC,NN,CC,TT,AA,AC,CC,AA,TT,AA,GG,AA,AA,AA,AA,AA,AG,AA,AA,TT,GG,AA,AA,CC,AA,CT,AA,AA,GG,AG,GG,TT,AT,AA,TT,TT,AT,AG,TT,GG,CG,AA,7.4,Susceptible,High,Poor,Late
L0025,Mandya,Karnataka,Kharif,Red Loamy,Irrigated (Cauvery command),780,27.0,72,AC,TT,GG,AA,NN,CC,GG,TT,CC,CG,AT,CC,CC,TT,TT,GG,GG,TT,TT,AA,CC,TT,GT,CC,TT,CC,TT,TT,GG,AA,TT,CT,AA,CC,GG,GG,GG,CG,GG,CC,TT,TT,AC,TT,AA,GG,TT,TT,CC,AC,GG,AA,AA,GG,CT,TT,AA,AA,GT,AA,AA,GT,TT,AA,TT,TT,CC,GG,TT,GT,AA,GG,CC,AA,GG,AC,AA,GG,GT,TT,GG,GG,GG,CC,AA,GG,AA,AT,CC,GT,CC,TT,CC,AT,GT,GG,TT,CC,GT,CC,TT,CG,GG,AA,AT,GT,CG,AA,AG,AA,CT,GG,GT,CC,NN,AA,AA,TT,CC,GG,CC,AG,CC,GT,NN,AA,CT,CC,AC,CC,AA,TT,CC,AA,CC,CC,AA,TT,AA,AA,GG,CC,CC,GG,AA,AA,AA,CC,GT,CC,CC,AA,AA,GG,TT,GG,AC,TT,NN,GG,AC,GT,TT,TT,CG,TT,GT,TT,AT,TT,GG,CG,AA,CT,CC,CC,CG,CC,AA,GG,AG,CC,TT,CG,GG,TT,GG,TT,AA,AA,TT,CC,GG,AA,CC,CC,GG,GG,AA,GG,TT,AC,AA,CC,GG,AT,AC,AA,TT,GG,GT,AT,AA,GG,GT,AA,CG,AT,TT,AA,GG,AA,CT,AC,TT,CC,TT,AC,AC,TT,GG,AG,CC,AG,CC,TT,CT,GT,GG,TT,AA,AC,AA,GG,CC,CC,GG,CG,GG,TT,AA,CC,GT,GG,CC,CC,AA,GG,CC,AA,CG,AA,AA,CC,CC,AC,TT,AA,GG,AA,AC,AC,AA,GG,AA,AG,AA,TT,CG,AA,AG,AC,AA,TT,AA,AA,GG,GG,GG,TT,AA,AA,GT,NN,TT,AG,AT,GG,GG,AC,6.3,Resistant,Medium,Standard,Medium
L0026,Mandya,Karnataka,Kharif,Red Loamy,Irrigated (Cauvery command),780,27.0,72,AA,TT,GG,AG,GG,CC,GG,AT,CC,CC,AA,CC,CC,AT,GT,GG,CG,TT,TT,AA,CG,TT,GT,CC,TT,CT,GT,TT,GG,NN,TT,CC,AA,CC,GG,GG,GG,GG,GG,CC,TT,CT,AA,TT,AA,GG,TT,AT,CC,AA,GT,AA,AA,GG,CT,TT,AA,AA,GG,AA,AG,GT,AT,AA,TT,AT,CC,GG,TT,GT,AA,GG,CC,AA,GG,AC,AT,AG,TT,TT,GG,GT,GG,AC,AA,GG,AA,AA,CC,TT,CC,GT,CT,TT,GT,GG,TT,CC,TT,CC,CC,CG,GG,AG,AT,TT,GG,AA,AA,AC,CC,GG,TT,CC,GT,AA,AA,TT,CG,GG,CC,GG,CC,GG,NN,AA,CC,CC,CC,CC,AA,TT,CC,AA,CC,CC,AA,AT,AA,NN,CG,CT,CC,GG,AA,AG,AT,AA,GT,CC,CC,AA,AA,GG,TT,GG,AA,GT,CT,AG,AC,GT,TT,CT,CG,AA,GT,TT,AA,TT,GG,CC,AA,CC,CC,CC,GG,CC,AA,GG,AG,CC,TT,CC,GT,TT,GG,AA,AA,AA,TT,CC,CG,AA,CC,CG,GG,GG,AC,GG,TT,AA,AA,CC,GT,AA,CC,AA,AA,GG,TT,TT,AA,GG,GT,AA,CC,TT,GT,AA,GG,AA,NN,AA,TT,CC,TT,AA,CC,TT,CG,AG,CC,AA,CC,TT,CT,GT,GG,TT,AA,AA,AA,GG,CC,GG,GG,CG,GG,TT,AA,CC,TT,GG,CC,CC,AT,NN,CC,AA,CC,AA,AA,CC,CG,CC,TT,AA,GG,AA,AA,CC,AA,AG,AA,AA,AA,TT,CG,AC,AA,AC,AC,TT,AA,AA,GG,GG,GG,TT,AA,AA,TT,TT,NN,AG,TT,GG,GG,AA,4.98,Susceptible,Low,Poor,Late
L0027,Mandya,Karnataka,Kharif,Red Loamy,Irrigated (Cauvery command),780,27.0,72,AA,CT,GG,AG,GG,CC,GT,TT,NN,CC,AA,CC,CC,TT,TT,GG,GG,TT,TT,AA,CC,GT,GG,CC,TT,CC,TT,TT,GT,AA,TT,CC,AA,CC,GG,CC,GG,CC,GG,CC,TT,TT,AA,TT,AA,GG,TT,NN,CC,NN,GG,AA,AA,GG,CC,TT,AA,AA,GT,AA,AA,TT,AT,AA,TT,TT,CC,GG,TT,TT,AA,GG,CC,AA,GG,AA,AT,AG,GT,TT,GG,TT,GG,CC,AA,GG,AG,AA,CC,TT,AC,TT,CC,TT,TT,AA,CT,CC,GT,CC,CC,CC,AG,AA,TT,NN,CC,AA,AG,AA,CC,GG,TT,CC,TT,AA,AA,TT,CC,GG,CC,GG,CC,GT,TT,AA,CC,CC,AC,CC,AA,TT,CC,AA,CC,CC,AA,AT,NN,AA,GG,CC,CC,GG,AA,AG,AA,AC,GG,CC,CC,AA,GG,AG,TT,AG,AA,GG,CC,GG,CC,GT,TT,TT,CC,AT,TT,TT,AA,AT,GG,CG,AG,CT,AC,CC,GG,AA,AA,GG,AA,CC,TT,CC,GT,TT,GG,TT,AA,AA,TT,CC,CG,AC,CC,CC,GG,GG,AC,GG,TT,CC,AG,CC,GG,AA,AC,AA,AA,GG,GT,AT,AA,GG,GG,AA,CC,TT,TT,AA,GG,AA,TT,AA,TT,CC,CT,AA,CC,TT,CG,AA,CG,GG,CC,AT,TT,TT,GG,NN,AA,AC,AA,GG,CC,GG,GG,CC,GG,TT,AA,CC,TT,GG,CC,CC,AT,AG,CC,NN,CC,AA,AA,AA,CG,CC,TT,AA,GG,AA,AA,AC,AA,AG,AG,AG,AG,TT,GG,AC,AG,AC,AA,TT,AA,AA,GG,GG,GG,TT,AA,AA,NN,TT,TT,AA,TT,GG,GG,AC,6.01,Resistant,High,Premium,Early
L0028,Mandya,Karnataka,Kharif,Red Loamy,Irrigated (Cauvery command),780,27.0,72,AC,TT,AG,AA,GG,CC,GG,AT,CC,CC,AA,CC,CG,AT,GT,GG,CG,TT,TT,AA,CC,TT,TT,CC,TT,CC,TT,TT,GG,AA,CT,CC,AG,CC,GG,CG,GG,CC,GG,CC,TT,TT,AA,TT,AA,GG,TT,TT,CC,AC,GG,AA,AA,GG,CC,TT,AT,AA,GT,AC,NN,TT,AT,AA,TT,AT,CC,GG,TT,GT,AA,GG,CC,AA,GG,CC,AA,GG,TT,TT,GG,TT,GT,CC,AA,GG,AA,TT,CC,GG,CC,TT,NN,TT,TT,GG,TT,CC,TT,CC,CT,CG,GG,AA,TT,TT,CG,AA,AG,AA,TT,GG,TT,CC,TT,AA,AA,TT,CC,AG,CG,GG,CC,GG,TT,AA,CT,CC,CC,CC,AA,TT,CC,AA,CC,CT,AA,TT,AA,AT,GG,CT,CC,GG,AA,AA,AA,CC,GT,CC,CC,AA,AG,AG,TT,GG,AC,TT,CT,GG,CC,GT,GT,TT,CG,AA,TT,TT,AT,AT,GG,CC,AA,CT,CC,CC,CC,CC,AA,GG,AG,CC,TT,CC,GT,TT,GG,AT,AA,AA,TT,CC,CG,AC,CC,CC,GG,NN,AC,GG,TT,AA,AA,CC,GG,AA,CC,AA,AA,GG,TT,TT,AA,GG,TT,AT,CC,AT,GT,AA,GG,AA,TT,AA,TT,CC,TT,AA,CC,TT,GG,AA,CG,AG,AC,TT,TT,GG,CG,TT,AA,CC,AA,GG,CG,GG,GG,CC,GG,AT,AA,CC,TT,GG,CC,CC,AA,GG,CC,TT,CC,AA,AA,AC,CC,CC,TT,AA,GG,AA,AA,AC,AA,GG,AG,AA,AA,TT,GG,AC,AA,AC,AA,TT,AA,AA,NN,GG,GG,TT,AA,AA,TT,TT,TT,AA,TT,GG,GG,AA,6.05,Susceptible,Medium,Premium,Late
L0029,Mandya,Karnataka,Kharif,Red Loamy,Irrigated (Cauvery command),780,27.0,72,AC,TT,GG,AG,CG,CC,GG,AT,CC,CC,AA,TT,CG,TT,GT,GG,GG,TT,TT,AA,CG,TT,GT,CC,TT,CC,TT,AT,GG,AA,TT,NN,NN,CC,AG,CG,GG,CG,GG,CC,TT,CT,AA,TT,AA,AG,TT,AT,CC,AA,GG,AT,AA,GG,CT,TT,AA,AA,GG,AC,AA,GG,AT,AA,TT,TT,CC,GG,TT,GG,GG,GG,AC,AA,GG,AA,AA,GG,TT,TT,GG,GG,GG,CC,AA,GG,AA,AA,CC,TT,CC,TT,CC,TT,GT,GG,TT,CC,GT,CC,CC,CG,GG,AA,TT,GT,CG,AA,GG,AA,CT,GG,TT,CC,TT,AA,AC,TT,GG,AG,CC,GG,CC,GG,CT,AA,CC,CC,CC,CC,AA,TT,CC,AA,CC,CT,AG,TT,AG,TT,GG,CC,CC,GG,AG,AG,AA,AC,GG,CC,CG,AG,AG,AG,TT,GG,AA,GT,CT,GG,CC,GT,TT,TT,CC,AT,TT,TT,TT,TT,GG,CC,AG,CT,CC,CC,CG,CC,AT,GG,GG,CC,TT,CC,GG,TT,GG,AT,AA,AA,GT,AC,GG,AA,AC,CC,GG,GG,AC,GG,TT,AA,AA,CC,GG,AA,AC,AT,AA,GT,GT,AT,AA,GG,GT,AT,CC,TT,TT,AA,GG,AA,CT,AA,TT,CC,TT,AA,CC,CT,CG,AA,CC,AA,CC,TT,CT,GT,GG,TT,AA,AC,AA,GG,CC,CG,GG,CC,GG,TT,AA,CC,TT,GG,CC,CC,AT,GG,CG,AA,CC,AA,AA,CC,CG,AC,TT,AA,GG,AA,AA,AA,AC,GG,AA,AG,AA,AT,GG,AA,GG,CC,AA,CT,AA,AA,GG,GG,GG,TT,AA,AA,TT,TT,TT,AA,AT,GG,GG,AA,6.97,Susceptible,Low,Poor,Early
L0030,Mandya,Karnataka,Kharif,Red Loamy,Irrigated (Cauvery command),780,27.0,72,AC,TT,AG,AA,GG,CC,GT,TT,NN,GG,AA,CC,CG,TT,GT,GT,GG,TT,TT,AA,CC,GG,GG,CC,TT,CC,GT,TT,GG,AA,TT,CC,AA,CC,GG,CG,GG,CG,GG,CC,TT,CT,AA,TT,AA,GG,TT,TT,CG,AC,TT,AA,NN,CG,CC,TT,AA,AA,TT,AA,AA,TT,TT,AA,CT,AT,CC,GG,TT,GG,AG,GG,CC,AA,GG,CC,TT,GG,TT,TT,GG,GG,GG,CC,AA,GG,AA,AT,CC,TT,CC,TT,CC,TT,TT,GG,NN,CC,GT,CT,CT,CC,AG,AA,TT,TT,CG,AG,AG,AA,CT,GG,TT,CC,TT,AA,AA,TT,CC,AG,CC,GG,CC,GG,TT,AA,CC,CG,CC,CC,AA,TT,CC,AA,AC,CC,AA,AT,AA,AA,GG,CC,NN,GG,AA,AG,AA,CC,GG,CC,CC,AA,AG,GG,TT,GG,AA,TT,TT,GG,AC,TT,TT,TT,CC,AT,GT,TT,AA,AT,GG,CC,AG,CT,CC,CC,CG,CC,AA,GG,AG,CC,TT,CC,GT,TT,NN,TT,AA,AG,TT,AC,CG,AA,CC,CC,GG,GG,CC,GG,TT,AA,AG,CC,GT,AA,AC,AA,AT,GT,GT,AT,AT,GG,GT,AA,CC,TT,TT,AA,GG,AA,TT,AA,TT,CC,TT,AA,AC,TT,GG,AG,CG,AG,AC,AT,CT,TT,GG,TT,AC,CC,AA,GG,CG,GG,GG,CC,GG,AT,AA,CC,TT,GG,CC,CC,AA,AG,CC,AA,CC,AT,AA,AA,CC,AC,TT,AA,CG,AA,AA,AA,AA,AG,AG,AA,AA,TT,GG,AA,AA,AC,AA,CT,AG,AG,GG,GG,GG,TT,AT,AA,TT,TT,TT,AA,TT,GG,GG,AA,6.44,Susceptible,High,Premium,Early
L0031,Mandya,Karnataka,Kharif,Red Loamy,Irrigated (Cauvery command),780,27.0,72,AA,TT,AG,AA,CG,CC,GG,AT,CC,GG,AA,CC,GG,AT,TT,GG,CG,TT,TT,AA,CC,TT,TT,CC,TT,CC,TT,TT,GG,AA,TT,CC,AA,CC,GG,GG,GG,CG,GG,CC,TT,CT,AA,GT,AA,GG,CT,TT,CC,CC,GG,AT,AG,CG,CC,GT,AA,AA,GG,AA,AA,TT,AT,AA,TT,AT,CC,GG,TT,GG,AA,GG,CC,AG,GG,AC,AA,GG,TT,TT,GG,GG,GT,CC,AA,GG,AA,TT,CC,GT,CC,TT,CC,TT,GT,GG,CT,CC,TT,CC,CC,CC,AG,AA,TT,TT,CG,AA,AG,AA,CC,GG,TT,CG,TT,AA,AA,TT,CG,AG,CC,GG,CC,TT,TT,AA,CC,CC,CC,CC,AA,TT,CC,AA,CC,CC,AA,AT,AG,AT,GG,CT,CC,GG,AA,AA,AA,CC,GG,CC,CC,AA,AA,GG,GT,AG,AC,TT,CT,AG,CC,NN,GT,TT,CG,AT,TT,CT,AA,AT,GG,CC,AA,CC,CC,AC,CG,CC,AA,GG,AA,CC,TT,CC,GG,GT,CG,TT,AA,AA,TT,CC,GG,AA,CC,CC,CG,GG,AA,GG,TT,AC,AA,CC,GG,AA,CC,AA,TT,TT,TT,AA,AT,GG,GG,AT,CC,TT,TT,AA,GG,AA,CT,AC,TT,CC,NN,AA,AC,TT,GG,AA,CC,AG,CC,TT,CT,GG,GG,TT,AC,CC,AA,GG,CC,CC,GG,CG,GG,TT,AA,CC,TT,GG,CG,CC,AA,AG,CG,AA,CC,AA,AA,CC,GG,AC,TT,AA,GG,AA,AA,AA,AA,AG,AA,AA,AA,TT,CG,AA,AA,CC,AC,CT,AA,AG,GG,GG,GG,TT,AA,AG,GT,TT,TT,AG,AT,GG,GG,AA,5.86,Resistant,Low,Premium,Late
L0032,Mandya,Karnataka,Kharif,Red Loamy,Irrigated (Cauvery command),780,27.0,72,AA,CT,AG,AG,GG,CC,GG,AA,CC,CG,AA,CT,CC,TT,TT,GT,GG,TT,TT,AA,CG,TT,GT,CC,TT,CC,GT,TT,GG,AA,TT,CC,AA,CC,GG,CG,GG,CC,GG,CC,TT,CC,AA,TT,AG,GG,TT,AT,CC,CC,GG,AA,AA,GG,CC,TT,AA,AA,TT,AC,AG,GT,TT,AG,TT,AT,CC,GG,TT,GG,AA,GG,CC,AA,GG,AA,AA,GG,TT,TT,GG,GT,GG,CC,AT,GG,AA,AT,CC,GT,CC,GT,CT,TT,TT,GG,NN,CC,TT,CC,CT,CG,GG,AA,TT,TT,CC,AG,AG,AA,CC,GG,TT,CC,TT,AA,AA,TT,CG,AG,CC,GG,CC,GT,TT,AA,CC,CC,CC,CC,AA,TT,CC,AA,CC,CC,AA,TT,AA,AA,GG,CC,CC,GG,AA,AG,AA,CC,GG,CC,CG,AG,AA,GG,GT,GG,AA,TT,TT,GG,CC,TT,TT,TT,CG,AA,TT,TT,AT,AT,GG,CC,GG,CT,CC,CC,GG,CC,AT,AG,AA,CC,TT,CC,GG,TT,GG,AA,AA,AA,TT,CC,GG,AC,AC,CG,GG,GG,AA,CG,TT,AC,AA,CC,GG,AT,AC,AA,AT,GG,TT,TT,AT,GG,GG,AA,CC,TT,GG,AA,GG,AA,CC,AC,TT,CG,TT,AA,CC,TT,CG,AA,CC,AG,CC,TT,NN,TT,GG,TT,AA,AA,GG,GG,CC,CG,GG,CC,GG,TT,AA,CG,NN,AG,CC,CC,AA,GG,CC,AT,CG,AA,AA,CC,CG,AA,TT,AA,GG,AA,AA,AC,AA,GG,AA,AG,AA,TT,GG,AA,AG,AC,CC,CT,AA,AA,GG,GG,GG,TT,AA,AA,GT,TT,TT,AA,TT,GG,GG,AA,7.11,Susceptible,High,Premium,Late
L0033,Mandya,Karnataka,Kharif,Red Loamy,Irrigated (Cauvery command),780,27.0,72,AC,TT,NN,AA,GG,CC,GG,TT,CC,CG,AA,CC,CG,TT,TT,GG,CC,TT,TT,AA,CG,GT,TT,CT,TT,CC,TT,TT,GG,AA,TT,CC,AA,CC,GG,CG,GG,CC,GG,CC,TT,TT,AC,GT,AA,GG,CT,NN,CC,CC,GG,AA,AA,GG,CC,GT,AT,CC,GT,AC,GG,GT,TT,AA,TT,TT,CC,GG,TT,GG,AA,NN,CC,AA,AG,AC,AT,GG,TT,TT,GG,GG,GG,CC,AT,GG,AA,AT,CC,GT,CC,TT,CT,TT,TT,AG,TT,CC,TT,CC,NN,GG,AG,AA,AT,TT,CC,AA,AG,AA,CC,GG,GT,CG,TT,NN,AA,TT,CC,GG,CG,GG,CT,TT,TT,AA,CC,CC,CC,CC,AA,GT,CC,AA,CC,CT,AA,TT,AG,AA,CG,CC,CC,GG,AA,AG,AA,CC,NN,CC,CC,AA,AA,GG,TT,GG,AC,GT,CC,AG,CC,TT,TT,TT,CG,AA,TT,TT,AT,TT,GG,CC,AA,CC,AC,CC,GG,CC,AA,GG,AA,CC,TT,CC,GG,GT,GG,AA,AA,AA,TT,AC,GG,AA,CC,CC,GG,GG,AC,GG,TT,AA,AG,CC,GG,TT,CC,AA,AT,GG,TT,AT,AT,GG,GG,AA,CG,AT,GT,AA,GG,AA,CT,AA,TT,CC,CT,AA,CC,TT,CG,AA,CC,AA,AC,TT,TT,GG,CG,TT,AA,AC,AG,GG,CC,CG,GG,NN,GG,AT,AA,CC,TT,GG,CC,CC,AA,GG,CC,AA,CC,AA,AA,CC,CC,CC,TT,AA,GG,AA,AA,AA,AA,AG,AG,AA,AA,NN,CG,AC,AG,CC,AA,TT,AA,AA,GG,GG,GG,TT,AA,AA,GT,TT,TT,AA,TT,GG,GG,AA,7.12,Susceptible,Low,Premium,Late
L0034,Mandya,Karnataka,Kharif,Red Loamy,Irrigated (Cauvery command),780,27.0,72,AA,TT,GG,AG,CG,CC,GG,TT,CC,CG,AA,CC,CC,AT,GT,GT,CC,TT,TT,GG,CC,TT,TT,CC,TT,CT,GT,TT,GG,AA,TT,CC,AA,CC,GG,GG,GG,CC,GG,CC,GT,TT,AA,GT,AA,GG,TT,AT,CG,AC,GG,AA,AA,GG,CC,NN,AA,AA,GG,AA,AA,TT,AT,AA,TT,TT,CC,GG,NN,GG,AA,GG,CC,AA,GG,AC,AT,GG,GT,TT,GG,GG,GG,AC,AA,GG,AG,TT,CC,TT,CC,TT,CT,AT,TT,GG,CT,CC,GT,CC,CT,GG,AG,AA,TT,TT,GG,AA,AA,AA,CT,GG,TT,CC,TT,AA,AA,TT,CG,GG,CG,GG,CT,TT,CT,NN,CC,CC,CC,CC,AA,TT,CC,AA,AC,CT,AA,TT,AA,AA,GG,CC,CC,GG,AA,GG,AA,CC,GG,CC,CC,AA,AA,GG,TT,AG,AA,GG,CT,GG,AC,TT,TT,CC,CC,AT,TT,TT,AA,AT,GG,CC,AA,CC,CC,AC,CG,AC,AA,GG,AA,CC,TT,CG,GG,TT,GG,TT,AA,AA,TT,CC,GG,AA,CC,CC,GG,GG,AA,CG,TT,AC,AG,CC,GG,AA,CC,AA,AA,GT,TT,TT,AT,GG,GG,AA,CC,TT,TT,AA,GG,AG,TT,AA,TT,CC,TT,CC,CC,TT,GG,AG,CG,AG,CC,TT,CT,GT,GG,TT,AA,AC,AA,GG,CG,CC,GG,CC,GG,AT,NN,CC,TT,GG,CC,CC,AT,GG,CC,AA,CC,AA,AA,AC,GG,AC,TT,AA,GG,AA,AA,AA,AA,AG,AG,AA,AA,TT,CG,AA,AA,AC,AA,CT,AA,AA,GG,GG,GG,TT,AT,AA,GT,TT,TT,AA,TT,GG,GG,AA,4.52,Resistant,Low,Standard,Late
L0035,Mandya,Karnataka,Kharif,Red Loamy,Irrigated (Cauvery command),780,27.0,72,AA,CT,AG,AG,GG,CC,GG,TT,CC,GG,AA,CC,CG,TT,GG,GT,GG,TT,TT,AA,CC,GT,NN,CC,TT,CC,TT,TT,GG,AA,TT,CT,AG,CC,GG,GG,GG,NN,GG,CC,TT,CT,AA,TT,AA,AG,TT,AA,CC,AC,GT,AA,AG,GG,CT,GT,AA,AC,GG,AC,AA,TT,AT,AG,CT,TT,CC,GG,TT,GG,AA,GG,CC,AA,GG,AC,TT,GG,TT,TT,GG,GG,GT,AC,AA,GG,AA,AA,CG,TT,CC,TT,CT,TT,TT,AG,TT,CC,TT,CC,CC,CG,GG,AA,AT,TT,CC,AA,GG,AA,CC,GG,TT,CC,GT,AA,AC,TT,CG,GG,CC,GG,CC,GG,CT,NN,CC,CC,CC,CG,AA,TT,CC,AA,CC,CC,AA,TT,AA,AA,GG,CC,CC,GG,AA,GG,AT,NN,NN,CC,CC,AG,AA,AG,TT,GG,AC,TT,TT,GG,CC,GT,TT,TT,CG,AA,GT,CT,AA,TT,GG,CC,AA,CT,CC,CC,GG,CC,AA,GG,NN,CC,TT,CC,GG,GT,GG,AT,AA,AA,TT,CC,GG,AC,AC,CC,GG,GG,AA,GG,TT,AA,AA,CC,GG,AA,CC,AA,AT,GG,TT,TT,AA,GG,GG,AT,CC,AT,TT,AA,GG,AA,TT,AA,TT,CC,TT,AA,CC,CT,CG,AA,CC,AG,CC,AT,CC,GT,GG,TT,AA,AC,AA,GG,CC,CG,GG,CC,GG,AT,AA,CC,GT,AG,CC,CC,AA,GG,CC,AT,CC,AA,AA,AA,CC,AC,TT,AA,GG,AA,AC,CC,AA,GG,AG,AG,AA,TT,GG,AC,AG,CC,AA,CT,AA,AA,GG,AG,GG,TT,AA,AA,TT,TT,TT,AG,TT,GG,GG,AC,5.26,Resistant,Low,Standard,Early
L0036,Mandya,Karnataka,Kharif,Red Loamy,Irrigated (Cauvery command),780,27.0,72,CC,TT,AG,AA,GG,CC,GT,TT,CC,CG,AT,CT,CG,AT,TT,GG,GG,TT,TT,AG,CC,TT,TT,CT,TT,CC,GT,TT,GG,AA,TT,CT,AA,CC,GG,GG,GG,CC,GG,CC,TT,CT,AA,TT,AA,GG,TT,TT,CC,AC,GG,AA,NN,GG,CC,GT,AA,AC,GT,AA,AA,TT,AT,AG,CT,TT,CC,GG,TT,GG,AG,GG,CC,AA,GG,AA,AT,GG,TT,NN,GG,GT,GG,CC,AA,GG,AA,AT,CC,GG,CC,TT,CC,TT,GT,AG,CT,AC,GT,CC,CC,CC,AG,AA,TT,TT,CC,AA,AA,AC,CC,GG,GT,CC,GT,AC,AA,TT,CC,AG,CC,GG,CC,GG,TT,AA,CT,CC,AC,CC,AA,TT,CC,AA,CC,CT,AA,TT,AA,AA,GG,CC,CC,GG,AA,AG,AA,AC,GG,CC,CC,AA,AA,GG,TT,AG,AC,TT,CT,GG,AC,GT,TT,CT,CG,AA,GG,CT,AA,TT,GG,CC,AG,TT,CC,AC,GG,CC,AA,GG,AG,CC,TT,CC,GG,GG,CG,AT,AA,AA,NN,CC,GG,AA,CC,CC,GG,GG,AA,GG,TT,AA,AG,GG,GG,AA,AA,AT,AT,GG,TT,TT,AT,GG,TT,AA,CC,TT,TT,AA,GG,AA,TT,AA,TT,CC,TT,AC,CC,TT,CG,GG,CG,AG,CC,TT,TT,GT,GG,TT,AC,AA,AA,GG,CC,CG,GG,CC,GG,TT,AA,CG,GT,GG,CC,GG,AA,GG,CG,AT,CC,AT,AG,AC,CG,AC,TT,AA,GG,AA,AA,AC,AA,AG,GG,AG,AA,TT,CC,AA,AG,AC,AC,NN,AG,AA,GG,GG,NN,TT,AA,GG,TT,TT,TT,GG,TT,GG,GG,AA,5.79,Susceptible,High,Standard,Medium
L0037,Mandya,Karnataka,Kharif,Red Loamy,Irrigated (Cauvery command),780,27.0,72,AA,TT,AG,GG,CG,CC,GG,TT,NN,CC,AA,CC,CC,TT,TT,GG,GG,TT,TT,NN,CG,GT,TT,CT,TT,CC,GT,TT,GG,AA,CT,CC,AA,CC,GG,CG,GG,CC,GG,CC,GT,TT,AC,TT,AA,GG,TT,TT,CC,AC,GG,AA,AG,GG,NN,TT,TT,CC,GG,AA,AA,GT,TT,AG,CT,TT,CC,GG,TT,GT,AA,GG,CC,AG,AG,AA,AT,GG,TT,TT,GG,GT,GT,CC,AA,GG,AA,AA,CC,GG,CC,TT,CC,TT,TT,GG,TT,CC,GT,CC,CC,CG,AG,AA,TT,TT,CG,AA,AG,AA,NN,GG,TT,CC,GT,AA,AA,TT,CC,AG,CG,GG,CC,GT,CT,AG,CT,CC,CC,CC,AA,TT,CC,AA,CC,CT,AA,TT,AA,AA,GG,CC,CC,GG,AA,AA,AA,CC,GG,CG,CG,AA,AA,NN,GG,GG,AC,TT,TT,AG,CC,GT,TT,TT,CG,AA,TT,CT,TT,TT,CG,CC,AG,CC,CC,CC,CG,CC,AA,AG,AA,CC,TT,CC,GG,TT,CG,TT,AA,AG,TT,CC,CG,AA,CC,CC,CG,GG,AA,GG,TT,AC,AA,CC,GG,AA,CC,AA,AT,GG,TT,AT,AT,GG,GG,NN,CG,AT,GT,AA,GG,AA,CT,AA,TT,CC,TT,AA,AC,CT,GG,AA,CC,AG,CC,AT,TT,TT,GG,TT,AA,CC,AG,GG,CC,CC,GG,CC,GG,TT,AG,CC,TT,GG,CC,CC,AA,AG,CC,AA,CC,TT,AA,AC,CC,CC,TT,AA,GG,AA,AA,AA,AC,AG,AG,AA,AA,TT,CG,NN,AG,AC,AA,CC,AA,AA,GG,GG,GG,TT,AT,AA,TT,TT,TT,AA,TT,GG,GG,AA,7.83,Moderate,Low,Premium,Early
L0038,Mandya,Karnataka,Kharif,Red Loamy,Irrigated (Cauvery command),780,27.0,72,AC,TT,GG,AA,GG,CC,GG,TT,CG,CG,AT,CC,CC,TT,NN,GG,CG,TT,TT,AG,CG,TT,GT,CC,TT,CC,TT,TT,GG,AA,TT,CC,AA,CC,GG,GG,GG,CC,GG,CC,TT,TT,AA,GG,AG,GG,TT,TT,CC,AC,GT,AA,AA,GG,CT,TT,AA,AC,GG,AA,AG,TT,AT,AG,TT,AT,CT,GG,TT,GG,AG,GG,CC,AA,GG,AA,AA,GG,TT,TT,AG,TT,GG,CC,AT,GG,AA,AA,CC,TT,AC,TT,CT,TT,GT,AG,TT,CC,TT,CT,CT,CG,AA,AA,AT,TT,CC,AA,AG,AA,CC,GG,GT,CC,TT,AA,NN,TT,CC,GG,CC,GG,CC,GG,TT,AA,CT,CC,CC,CC,AA,TT,AC,AA,CC,CC,AA,TT,AA,AA,GG,CC,CC,GG,AA,AG,AA,CC,GT,CC,CC,AA,GG,GG,TT,AG,AA,TT,CT,GG,AC,TT,TT,TT,CG,AA,GT,TT,AT,TT,GG,CC,AG,CT,CC,CC,CG,CC,AA,GG,AA,CC,TT,CC,GG,GT,CG,TT,AA,AA,TT,AC,CG,AA,CC,CC,GG,GG,AA,GG,TT,AC,AA,CC,GG,AA,CC,AA,AT,GG,TT,TT,AA,GG,GT,AA,CG,TT,TT,AA,GG,AA,TT,AA,TT,CC,TT,AA,AC,CT,GG,AG,CG,AG,CC,AT,CT,GT,GG,TT,AC,CC,AA,GG,CC,CG,GG,CC,GG,AT,AA,CC,TT,GG,CC,CC,AT,AG,CG,AA,CC,AT,AA,AC,CC,CC,TT,AA,GG,AA,AA,AC,AA,GG,AA,AA,AA,TT,CG,AA,AG,AC,AA,CT,AA,AA,GG,GG,CG,TT,AT,AA,GT,TT,TT,AA,TT,GG,CG,AA,6.03,Susceptible,High,Standard,Medium
L0039,Mandya,Karnataka,Kharif,Red Loamy,Irrigated (Cauvery command),780,27.0,72,AA,TT,GG,AA,CG,CC,GG,TT,CC,GG,AA,CT,CG,AT,TT,GG,GG,TT,AT,AG,CC,TT,NN,CC,TT,CC,TT,TT,GT,AA,TT,CC,AA,CC,GG,GG,GG,NN,GT,CC,TT,CT,AA,TT,AA,AG,CT,TT,CC,AC,GG,AT,AA,GG,CT,GT,AA,AC,GT,AA,NN,TT,AT,AA,TT,TT,CC,GG,TT,GT,AG,GG,CC,AA,GG,AC,AT,NN,TT,TT,GG,GG,GG,AC,AA,GG,AA,AT,CC,NN,CC,TT,CC,TT,TT,GG,TT,CC,GT,CC,CC,CC,GG,AA,TT,TT,CC,AG,AG,AA,CC,GG,TT,CC,TT,AA,AC,TT,CC,AA,CC,GG,CC,GG,TT,AG,CC,CC,CC,CC,AA,TT,CC,AA,CC,CC,AA,TT,AA,AA,GG,CC,CG,GG,AA,GG,AA,NN,GG,CG,CC,AA,AG,GG,GT,GG,AC,TT,TT,GG,CC,TT,TT,CT,CC,AT,TT,TT,AT,TT,GG,NN,AG,CC,CC,CC,GG,CC,AA,GG,AA,CC,NN,CG,GT,TT,GG,AT,AA,NN,TT,CC,GG,AC,AC,CC,GG,GG,AC,GG,TT,AA,AA,CC,GT,AA,AC,AA,AT,GG,TT,AT,AA,GG,TT,AT,CC,TT,GT,AA,GG,AA,TT,AA,TT,CC,TT,AC,CC,TT,CG,AA,CC,AG,CC,TT,TT,GG,GG,TT,NN,NN,AA,GG,CC,CC,GG,CG,GG,TT,AG,CC,GT,GG,CC,CC,AT,GG,CG,AA,CC,AA,AA,CC,CC,CC,TT,AG,GG,AA,AA,AA,AA,AG,AG,AA,AA,TT,GG,AA,AG,AC,AA,CT,AA,AA,GG,AG,GG,TT,AA,AA,TT,TT,TT,AG,AT,GG,NN,AA,6.93,Susceptible,Medium,Poor,Medium
L0040,Mandya,Karnataka,Kharif,Red Loamy,Irrigated (Cauvery command),780,27.0,72,AC,TT,GG,GG,GG,CC,GT,AT,CC,CC,AT,CT,CG,AT,GT,GG,CG,TT,TT,AA,CG,GG,TT,CC,TT,CC,GT,TT,GG,AA,TT,CC,AA,CC,GG,CG,GG,CC,GG,CC,TT,CT,AC,GT,AG,AA,TT,AT,CC,AA,TT,AT,AA,GG,CC,TT,AA,AA,TT,AA,AA,TT,TT,AG,TT,TT,CC,GG,NN,TT,AA,GG,CC,AA,AG,AA,AT,GG,TT,TT,GG,GT,NN,NN,AT,GG,AA,AA,CC,GT,CC,TT,CT,TT,GT,GG,TT,CC,TT,CC,CT,CC,GG,AA,TT,TT,CC,AA,AA,AA,CC,GG,GT,CC,TT,AC,AA,TT,CC,AG,CC,AG,TT,NN,TT,AA,CC,CC,CC,CC,AA,GT,CC,AA,CC,CC,AA,TT,AA,AT,GG,CC,CC,GG,AA,AA,AA,CC,GT,NN,CC,AA,AG,GG,GT,GG,AA,GT,CT,GG,AA,GT,TT,TT,CC,AT,GT,TT,AA,AT,GG,CC,AG,CC,AC,CC,CG,CC,AA,GG,AA,CC,TT,CC,GG,GT,CG,TT,AA,AA,TT,AC,CG,NN,CC,CC,GG,AG,AA,GG,TT,CC,AA,CC,GG,AT,CC,AA,AA,GG,GT,AT,AA,CG,GG,TT,CC,TT,GG,AA,GG,AA,CT,AA,NN,CG,TT,AA,CC,CT,CG,AA,CC,AG,CC,AT,CT,GT,GG,TT,AA,AC,AG,GG,CC,CC,GG,CC,GG,AT,AA,CG,GT,GG,CC,CC,AT,GG,CG,AT,CC,AA,AA,CC,CG,AC,AT,NN,GG,AA,AA,AA,AA,GG,GG,AG,AA,TT,GG,AA,AA,AC,AA,CC,AG,AA,GG,GG,GG,TT,AA,AA,TT,TT,AT,AA,AT,GG,GG,AA,5.46,Susceptible,Medium,Poor,Early
L0041,Mandya,Karnataka,Kharif,Red Loamy,Irrigated (Cauvery command),780,27.0,72,AC,TT,AG,AG,CG,CG,GG,TT,CC,CG,AT,TT,CG,TT,GT,GT,CC,TT,TT,AA,CC,TT,GT,CC,AT,CC,GT,TT,GG,AA,TT,CC,AA,CC,GG,GG,GG,CG,GG,CC,TT,CT,AC,GG,AA,AA,TT,TT,CC,AA,GT,AA,AA,CG,CC,TT,AT,AA,GT,AA,AA,TT,TT,AG,TT,TT,CC,GG,TT,GG,AA,GT,CC,AA,GG,AC,AT,GG,TT,TT,GG,TT,GG,CC,AA,GG,AA,AA,CC,TT,CC,TT,CC,AT,GT,GG,TT,CC,TT,CC,CC,CC,AA,AA,AT,TT,CC,AA,AG,AC,CC,GG,TT,CC,TT,AA,AA,TT,CC,AG,CC,AG,CC,GG,CT,AA,CC,CC,CC,CC,AA,TT,CC,AA,CC,CT,AA,TT,AG,AT,GG,CT,CC,GG,GG,AG,AA,CC,NN,CC,CG,AA,AG,GG,TT,AG,AA,GG,CT,GG,AC,TT,GT,CC,CC,AT,TT,TT,AA,TT,GG,CG,AA,CC,CC,CC,GG,CC,AA,GG,AA,CC,TT,CC,GG,TT,GG,AT,AA,AA,TT,CC,GG,AA,CC,CC,GG,GG,AA,GG,TT,AA,AA,CG,GG,AA,CC,AA,AA,GT,TT,AT,AA,GG,GG,AA,CG,AT,GT,AT,GG,AA,CT,AA,TT,CC,TT,AA,AC,TT,GG,AA,CC,AA,CC,TT,TT,TT,GG,AT,AA,CC,AG,GG,CC,CC,GG,CC,GT,TT,AA,CG,GT,GG,CG,CG,AA,GG,CC,AA,CC,AA,AA,AC,GG,CC,TT,AA,GG,AT,AC,AA,AC,AG,AG,AA,AA,TT,GG,CC,AA,AC,AA,CT,AA,AA,CG,GG,CG,TT,AA,AG,TT,TT,TT,AG,TT,GG,GG,AC,6.27,Moderate,Low,Poor,Early
L0042,Mandya,Karnataka,Kharif,Red Loamy,Irrigated (Cauvery command),780,27.0,72,CC,TT,GG,AG,GG,CC,GT,TT,CC,CC,AA,CC,CC,AT,TT,GG,GG,TT,TT,AA,CC,TT,GG,CC,TT,CC,TT,TT,GT,AA,TT,CT,AA,CC,GG,GG,GT,CC,NN,CC,GT,TT,AA,TT,AA,GG,TT,TT,CC,AC,GT,AA,AA,GG,CC,GT,AA,AC,GT,AA,AA,TT,TT,AA,TT,TT,CC,GG,TT,GG,AA,GG,CC,AG,GG,AC,AT,GG,TT,TT,GG,GG,GG,CC,AA,GG,AG,AA,CC,GT,CC,TT,CC,TT,GT,GG,TT,CC,TT,CC,CT,CG,AG,AA,TT,TT,CC,AA,AG,AA,CC,GG,TT,CC,TT,AC,AA,TT,CG,AG,CC,GG,CC,GG,TT,AG,CC,CC,CC,CC,AA,TT,CC,AA,CC,CC,AA,TT,AA,AA,GG,CC,CC,GG,AA,AA,AA,AC,GT,CC,CC,AA,AG,GG,TT,GG,AC,TT,CT,GG,AC,TT,TT,TT,CG,AT,TT,TT,AA,AT,GG,CC,AA,TT,CC,CC,CG,AC,AA,GG,AA,CC,TT,CC,GG,GT,GG,AT,AA,AA,TT,CC,CG,AC,CC,CC,GG,GG,CC,GG,TT,AA,AA,CC,GG,AA,CC,AA,AA,GT,TT,TT,AT,GG,GG,AA,CG,AT,GT,AT,GG,AG,CT,AC,TT,CG,TT,AA,CC,TT,GG,AG,CG,AA,CC,TT,TT,GG,GG,TT,AC,AC,AA,GG,CG,CC,GG,CC,GG,AT,GG,CG,GT,GG,CC,CC,AA,AG,CC,AA,CC,AA,AA,CC,CC,CC,TT,AG,GG,AA,AC,AA,AA,AG,NN,GG,AA,TT,GG,AA,AG,AC,AA,TT,AA,AA,GG,GG,NN,TT,AT,AA,TT,TT,TT,AA,AT,GG,GG,AC,5.27,Resistant,High,Standard,Early
L0043,Mandya,Karnataka,Kharif,Red Loamy,Irrigated (Cauvery command),780,27.0,72,AA,TT,AG,AA,GG,CC,GG,TT,CC,CG,AA,CT,CC,TT,GT,NN,CG,TT,AT,AA,CC,TT,TT,CC,TT,CC,TT,TT,GG,AA,TT,CC,AA,CC,GG,GG,GG,CG,GG,CC,GT,TT,AA,GT,AA,AG,TT,AT,CC,CC,GG,AA,NN,GG,CT,TT,AT,AA,GT,AC,NN,TT,TT,AG,CT,AT,CC,GG,TT,GG,AA,GT,CC,AA,GG,AA,TT,AG,TT,TT,GG,GG,GG,CC,AA,GG,AA,AA,CG,TT,CC,TT,CT,AT,TT,GG,CT,CC,TT,CC,CC,CG,AG,AA,TT,TT,CC,AA,AG,AA,CC,GG,TT,GG,GT,AA,AA,TT,CC,GG,CC,GG,CC,GG,TT,AA,CC,CC,CC,CC,AA,TT,CC,AA,CC,CC,AA,AT,AA,AA,GG,CC,CC,GG,AA,AG,AA,CC,GG,CC,CC,AA,AG,AG,GT,AG,CC,TT,CT,GG,NN,TT,GT,TT,CC,AA,GT,TT,AA,AT,CG,NN,AA,CC,CC,CC,GG,CC,AT,GG,AG,CC,TT,CC,GG,TT,GG,AT,AG,AA,TT,AC,GG,AA,CC,CC,GG,GG,AA,CG,TT,AA,AA,CC,GG,AT,AC,AA,AA,GT,TT,AA,AA,GG,TT,AT,CG,AT,GT,AA,GG,AA,CT,AC,TT,CG,NN,AA,CC,TT,GG,AA,CC,AG,CC,TT,TT,GT,GG,TT,AA,CC,AA,GG,CG,CG,GG,CC,GG,TT,AA,CC,GT,GG,CC,CC,AA,GG,CC,AA,CC,AA,AA,CC,CG,CC,AT,AA,GG,AA,AA,CC,AA,AA,AA,AA,AA,AT,GG,AC,AG,AC,AC,TT,AA,AA,GG,AG,GG,TT,AA,AA,TT,TT,TT,AA,AT,GG,GG,AA,7.6,Moderate,Medium,Standard,Medium
L0044,Mandya,Karnataka,Kharif,Red Loamy,Irrigated (Cauvery command),780,27.0,72,AC,TT,AG,AA,CG,CC,GG,AT,CC,CG,AA,CC,GG,TT,TT,GT,GG,TT,TT,AG,CC,TT,TT,CC,TT,CT,GT,AT,GG,AA,CT,CT,AA,CC,AG,CG,GG,CC,GG,CC,GT,CT,AA,GT,AA,AG,TT,TT,CC,AA,GG,AT,GG,GG,CC,TT,AT,AC,GT,CC,AA,NN,TT,AG,CT,AT,CC,GG,TT,GT,AA,GG,CC,AA,GG,AC,TT,GG,TT,NN,GG,TT,GT,CC,AT,GG,AA,AA,CC,TT,CC,TT,TT,TT,TT,GG,TT,CC,GT,CC,CC,CC,AG,AA,TT,TT,CC,AA,AA,AC,CC,GG,TT,CG,TT,AA,AA,TT,CG,GG,CC,GG,CT,GG,CT,AG,CC,CC,CC,CC,AA,TT,CC,NN,CC,CT,AA,TT,AA,AA,CG,CT,CG,GG,AA,AA,AA,AC,GT,CC,CC,AA,GG,GG,GT,GG,AC,TT,TT,GG,CC,TT,GT,TT,CC,AT,TT,TT,AA,TT,GG,CC,AA,TT,CC,CC,GG,CC,AA,GG,AG,CC,TT,GG,GT,GT,GG,TT,AA,AA,TT,CC,GG,AA,AC,CC,GG,GG,AC,GG,TT,AA,AA,CC,GG,AT,AC,AA,AT,GT,TT,AT,AA,CG,GT,AT,CG,AT,GT,AA,GG,AA,CT,AC,AT,CC,TT,AC,AC,TT,GG,GG,CC,AA,CC,TT,CT,GT,GG,TT,AA,NN,AA,GG,CC,CC,GG,CC,GG,TT,AA,CC,TT,AG,CC,CC,AT,AG,CC,AA,CC,AA,AA,CC,CC,AC,AT,AA,GG,AA,AC,NN,AC,AA,AA,AA,AA,TT,GG,AC,AG,CC,CC,TT,AA,AG,GG,GG,GG,TT,AA,AA,TT,TT,TT,AA,AT,GG,CG,AA,3.52,Moderate,High,Standard,Medium
L0045,Mandya,Karnataka,Kharif,Red Loamy,Irrigated (Cauvery command),780,27.0,72,AC,TT,GG,AG,GG,CC,GG,TT,CC,CC,AA,CT,CG,AT,TT,GT,GG,TT,TT,AA,CG,TT,TT,CC,TT,CC,TT,TT,NN,AA,TT,CT,AA,CC,GG,CC,GG,CG,GG,CC,TT,TT,AA,TT,AA,GG,TT,TT,NN,AA,GG,AA,AA,GG,CC,TT,AA,AA,GG,AC,AA,TT,TT,AA,TT,AT,CC,GG,TT,GG,AA,GT,CC,AG,GG,AC,AA,GG,TT,TT,GG,GG,GG,CC,AA,GG,AA,AA,CC,TT,CC,TT,CC,AT,TT,GG,TT,CC,TT,CC,CT,CC,AG,AA,TT,TT,CC,NN,AG,AA,CC,GG,GT,CG,TT,AA,AC,TT,CC,GG,CG,AG,CC,GT,TT,AA,CC,CC,AC,CC,AA,TT,CC,AA,CC,CC,AA,TT,AA,AA,GG,CT,CC,GG,AA,AG,AT,CC,GG,CC,CC,AA,AA,GG,TT,GG,AA,TT,CC,GG,AC,TT,TT,TT,CC,AA,TT,TT,AA,AT,NN,CC,AA,CT,CC,CC,CG,CC,AA,GG,AG,AC,TT,CC,GT,TT,CG,TT,AA,AA,TT,CC,GG,AA,AC,CC,GG,GG,AA,GG,TT,AC,AA,CG,GG,TT,AC,AA,TT,GG,GG,TT,AT,CC,GG,AA,CC,TT,TT,AA,GG,AA,TT,AA,TT,CC,TT,AC,CC,TT,CG,NN,CG,AG,CC,TT,CT,TT,GG,TT,AC,CC,AA,GG,CC,CC,GG,CC,GG,TT,AA,CC,GT,GG,CC,CG,AT,AG,CG,AA,CC,AA,AA,CC,CC,AC,TT,AA,GG,AA,AA,AA,AA,AA,AA,AG,AA,TT,CG,AA,AG,CC,AA,TT,AG,AG,GG,GG,GG,GT,AA,AG,TT,TT,TT,AG,AT,GG,GG,AA,8.14,Susceptible,Medium,Standard,Early
L0046,Mandya,Karnataka,Kharif,Red Loamy,Irrigated (Cauvery command),780,27.0,72,AA,TT,GG,NN,GG,CC,GG,TT,CC,GG,AA,CT,CG,TT,TT,GG,GG,TT,TT,AA,CC,TT,GT,CC,TT,CC,TT,TT,GG,AA,TT,CC,AA,CC,GG,CG,GG,CC,GG,CC,TT,CT,AC,GT,AA,AG,TT,AT,CC,AA,GG,AA,AG,GG,CC,GT,AA,AA,GT,AA,AA,GT,TT,NN,TT,TT,CC,GG,TT,GG,AA,NN,CC,AA,AG,AC,AA,GG,TT,TT,GG,GG,GT,CC,AA,AG,AA,AT,CC,GT,CC,TT,CC,AT,TT,GG,TT,NN,GT,CC,CT,CG,AG,AA,AT,TT,CC,AA,AA,AA,CC,GG,GT,CC,GT,NN,AA,TT,CG,AA,CC,GG,CC,GG,TT,AA,CC,CC,CC,CC,AA,TT,CC,AA,CC,CC,AA,TT,AA,AA,GG,CC,NN,GG,AA,AG,AA,CC,GG,CC,NN,AA,AG,GG,TT,NN,AC,GG,TT,AG,AA,TT,GT,TT,CC,AA,TT,TT,AT,AA,GG,CC,AA,CT,NN,CC,CG,CC,AA,GG,AA,CC,TT,CC,GT,TT,GG,TT,AA,AG,TT,CC,GG,AA,CC,CC,GG,GG,AC,GG,TT,AC,AA,CC,GT,AA,CC,AA,AT,GG,TT,TT,AT,GG,GG,AT,CC,TT,GT,AA,GG,AA,CT,AA,TT,CC,CC,AC,CC,CT,GG,AA,CC,NN,CC,AT,CT,GT,GG,TT,AC,CC,AA,GG,CC,CC,CG,CC,GG,AT,AA,CC,TT,GG,CC,CC,AA,GG,CC,AA,NN,AA,AA,CC,CG,AA,TT,AA,GG,AA,AC,AC,AA,AG,AA,AA,AA,AT,GG,AA,AA,AC,AA,CT,AA,AA,CG,GG,GG,GT,AA,AA,TT,TT,TT,GG,TT,GG,GG,AA,7.05,Susceptible,Medium,Poor,Early
L0047,Mandya,Karnataka,Kharif,Red Loamy,Irrigated (Cauvery command),780,27.0,72,AA,CT,GG,AA,GG,CC,GG,AT,CC,CG,AA,CC,CG,TT,TT,GG,CG,TT,TT,GG,CC,TT,GT,CC,TT,CC,TT,TT,NN,AA,CC,CT,AA,CC,GG,GG,GG,CC,GG,CC,TT,TT,AA,TT,AG,AG,TT,NN,CC,AC,GG,AT,AG,GG,CC,TT,AT,AC,GT,AA,AA,GT,TT,AA,TT,TT,CC,GG,TT,GT,GG,GT,AC,AA,GG,AC,AA,GG,TT,TT,GG,GG,GT,CC,AA,GG,AA,AT,CC,GT,AC,TT,CT,TT,GT,GG,TT,CC,TT,CT,CC,CG,AG,AG,TT,TT,CC,AA,AA,AA,CC,GG,TT,CC,GT,AC,AA,TT,CG,GG,CC,GG,CC,GT,CT,AG,CC,CC,CC,NN,AA,GT,CC,AA,CC,CC,AA,TT,AA,TT,GG,NN,CC,GG,NN,GG,AA,CC,GT,CC,CC,AA,AG,GG,GT,AG,AA,TT,TT,GG,CC,GG,TT,TT,CC,AT,GT,CT,AA,NN,GG,CC,AA,CC,CC,CC,GG,CC,AT,GG,AA,CC,GT,CG,GT,TT,GG,AT,AA,AG,TT,CC,GG,AC,AC,CG,GG,GG,AC,CG,TT,AA,AA,CG,GG,AT,AC,AA,AA,GG,TT,TT,AA,GG,GT,AA,CC,AT,GT,AA,GG,AA,TT,AA,TT,CC,TT,AC,CC,CT,GG,AG,CG,AG,CC,TT,TT,GT,NN,TT,AC,AC,AA,GG,CC,CG,GG,CC,GG,AT,AA,CC,TT,AG,CC,CG,AT,GG,CC,AT,CC,AA,AA,NN,CC,CC,TT,AA,GG,AA,AA,AC,AA,AG,AG,AA,AA,TT,GG,AA,AA,CC,AC,CT,AA,AA,GG,AG,GG,TT,AT,AA,GT,TT,TT,AA,TT,GG,GG,AA,8.38,Susceptible,Low,Standard,Medium
L0048,Mandya,Karnataka,Kharif,Red Loamy,Irrigated (Cauvery command),780,27.0,72,AA,TT,AG,AG,GG,CC,GT,TT,CC,CC,TT,CC,CG,AT,GT,GT,GG,TT,TT,AA,CC,GT,GT,CT,TT,CC,TT,TT,GG,AA,TT,CC,AA,CC,GG,CG,GG,GG,GG,CC,TT,CT,AA,TT,AA,AG,TT,AT,CC,AC,GG,AA,AA,GG,CT,GT,AA,AC,GG,AA,AG,TT,AT,GG,CT,TT,CC,GG,TT,GG,AA,GG,CC,AA,GG,AC,AA,GG,TT,TT,GG,GG,GT,CC,AA,GG,AA,AA,CC,GT,CC,TT,CC,TT,TT,GG,CT,CC,GG,NN,CC,CG,AA,AA,AT,NN,CC,AA,AG,NN,CT,GG,TT,CG,GT,AA,AA,TT,CG,AA,CC,GG,CC,TT,TT,AG,NN,CC,CC,CC,AA,TT,CC,AA,CC,CT,AA,TT,AA,AT,CG,CC,CG,GG,AA,GG,AA,CC,GT,CC,CC,AA,AG,GG,GT,NN,AC,TT,TT,GG,AC,TT,GT,TT,CC,AA,GT,TT,AA,TT,CG,CC,AA,CT,CC,CC,CG,AC,AA,GG,AG,CC,TT,CC,GT,TT,GG,AA,AA,AA,TT,CC,GG,AA,AC,CG,GG,GG,AA,CG,TT,AA,AA,CC,GG,AA,CC,AT,AT,GG,GT,TT,AT,GG,GT,AT,CC,TT,GT,AA,GG,AA,TT,AA,TT,CC,CT,AA,AC,CT,GG,AA,CG,AG,AC,TT,NN,NN,GG,TT,AA,CC,AA,GG,CC,CC,GG,CC,GG,TT,AA,CC,TT,AG,CG,CC,AA,GG,CC,TT,CG,AA,AA,AC,CC,AA,TT,AA,GG,AA,AA,AA,AA,AG,AA,AG,AA,TT,GG,AA,AG,AA,AC,TT,AA,AG,GG,GG,GG,TT,AA,AA,TT,TT,TT,AG,AT,GG,GG,AA,6.29,Susceptible,Medium,Standard,Early
L0049,Mandya,Karnataka,Kharif,Red Loamy,Irrigated (Cauvery command),780,27.0,72,CC,CT,GG,AA,CG,CC,GT,AT,CC,CG,AA,CC,CG,TT,TT,GG,CG,TT,TT,AA,CC,GT,TT,CC,TT,CC,GT,TT,GT,AA,TT,CT,AG,CC,GG,GG,GG,CC,GG,CC,TT,CC,AA,TT,AG,GG,TT,TT,CC,AC,GG,AT,AG,GG,CT,TT,AA,AA,GG,AA,AA,TT,AT,GG,TT,TT,CC,GG,NN,TT,AA,GG,CC,AA,GG,AA,AT,GG,TT,TT,GG,NN,GT,CC,AA,GG,AA,AA,CG,GT,CC,TT,CT,AT,TT,AG,TT,AC,GT,CC,CC,NN,GG,AA,TT,GT,CC,NN,AA,AA,CC,GG,TT,CC,GT,AA,AA,TT,CC,AG,CG,GG,CC,GG,TT,AA,CC,CC,AC,CC,AA,TT,NN,AA,CC,CC,AA,TT,AA,AA,GG,CC,CC,GG,AA,AG,AT,CC,NN,CC,CC,AA,AA,GG,GT,GG,AA,TT,CT,AG,CC,TT,TT,CT,CG,AT,GT,TT,AA,TT,GG,CC,AA,CT,CC,CC,GG,CC,AA,GG,AA,CC,TT,CC,GT,TT,CG,TT,AA,AG,TT,CC,CG,AC,CC,CC,CG,GG,AC,CG,CT,CC,AA,CC,GG,AA,AC,AA,AT,GG,TT,TT,AT,GG,GT,AT,CC,TT,TT,NN,GG,AA,TT,AA,TT,CC,TT,AA,CC,TT,CG,AG,CC,AG,AC,TT,TT,TT,GG,TT,AA,AC,AA,GG,CC,CG,GG,CC,GG,TT,AA,CG,GT,GG,CC,CC,AA,AG,CC,AA,CC,AA,AA,AC,CG,AC,TT,AA,NN,AA,AA,AC,AA,NN,AG,AA,AG,AT,GG,CC,AA,AC,AA,TT,AA,AA,CG,GG,GG,GT,AT,AA,TT,TT,TT,AG,TT,GG,GG,AA,4.81,Susceptible,Medium,Premium,Medium
L0050,Mandya,Karnataka,Kharif,Red Loamy,Irrigated (Cauvery command),780,27.0,72,AC,TT,GG,AA,GG,CC,GT,TT,CC,CG,AA,CT,CG,AT,TT,GG,GG,TT,TT,AA,CC,GT,GT,CC,TT,CC,GT,NN,GG,AA,TT,CC,AA,CC,GG,GG,GG,CG,GG,NN,TT,CC,AA,GT,AA,GG,TT,TT,CG,AC,GG,AA,AA,GG,CC,TT,AA,AA,GT,AC,AA,GT,TT,AA,TT,TT,CC,GG,TT,GG,AA,GG,CC,AA,GG,AC,AT,GG,TT,TT,GG,GT,GG,CC,AT,GG,AA,AT,CC,GT,AA,TT,CT,TT,GT,GG,TT,CC,GT,CC,CC,CC,AG,AA,AT,TT,CC,AA,AA,AC,CT,GG,TT,CC,TT,AA,AA,TT,CC,NN,CG,GG,CC,TT,TT,AA,CC,CC,AC,CC,AA,TT,CC,AA,CC,CC,AA,TT,AA,NN,CG,CC,CC,GG,AG,AG,AA,CC,GG,CC,CG,AA,AA,GG,TT,GG,AC,TT,TT,GG,AC,TT,TT,TT,CC,AA,TT,CT,AT,TT,GG,CC,AG,CC,CC,CC,GG,CC,AA,GG,GG,CC,TT,NN,GG,TT,GG,AT,AA,AG,TT,CC,GG,AC,AC,CC,GG,GG,AA,GG,TT,AC,AA,CC,GG,AA,CC,AA,AA,GT,TT,AA,AT,CG,GG,AT,CG,TT,TT,AA,GG,AA,CC,AA,TT,CC,CT,AC,CC,CT,CC,AG,CC,GG,CC,TT,CT,TT,GG,TT,AA,AC,AA,GG,CC,CG,GG,CC,GG,AT,AA,CC,TT,GG,CG,CC,AA,AG,CC,AT,CC,AA,AA,AC,CG,AC,AT,AA,GG,AA,AA,AA,AA,AG,AA,AA,AA,TT,GG,AA,AG,NN,AC,TT,AA,AA,GG,GG,GG,TT,AA,AG,TT,TT,TT,AG,TT,GG,CG,AA,8.36,Susceptible,High,Poor,Late
L0051,Mandya,Karnataka,Kharif,Red Loamy,Irrigated (Cauvery command),780,27.0,72,AC,CT,AG,AA,GG,CC,GG,TT,CC,CG,AT,CC,CG,AT,TT,GG,CG,TT,TT,GG,CG,TT,GT,CT,TT,CC,TT,TT,GG,AA,CT,CC,AA,CC,GG,GG,GG,CG,GG,CC,TT,TT,AA,GT,AA,AG,TT,TT,CC,AC,GG,AA,AA,GG,CC,TT,AA,AC,GG,AC,AA,TT,AA,AA,CT,TT,CC,GG,CC,GG,AA,GT,CC,AA,AA,AA,AT,GG,TT,TT,GG,GG,GG,CC,TT,GG,AA,AA,CC,GT,CC,TT,CC,TT,TT,GG,TT,CC,GT,CC,CT,CC,AG,AA,TT,TT,CC,AA,AG,AA,CC,NN,TT,CC,TT,AC,AC,TT,CG,GG,CC,AG,CC,GG,TT,AA,CC,CC,CC,CC,AA,TT,AC,AA,CC,CT,AA,AT,AA,AA,CG,NN,CC,GG,AG,AA,AA,CC,GG,CC,CC,AG,AG,AG,GT,GG,AC,TT,TT,GG,CC,GT,GT,TT,CC,AT,TT,TT,AA,TT,GG,CC,AA,CC,CC,CC,CG,CC,AA,GG,GG,NN,TT,CC,GT,TT,GG,AT,AA,AA,TT,AC,GG,AA,CC,CC,GG,AG,AC,NN,CT,AC,AG,CG,GG,AA,CC,AA,TT,GT,TT,AA,AA,GG,GG,AA,CG,AT,GG,AA,GG,AA,CT,AA,TT,CC,TT,AC,NN,TT,GG,GG,CC,AG,CC,TT,TT,TT,GG,TT,AA,CC,AA,GG,CC,CG,GG,CC,GG,TT,AG,CC,GT,GG,CG,CC,AA,GG,CC,AA,CC,AA,AA,CC,CC,AC,TT,AA,GG,AA,AA,AC,AA,GG,AA,AA,AA,TT,GG,AA,AA,AC,AA,CC,AA,NN,GG,GG,GG,TT,AA,AA,TT,TT,NN,AA,TT,GG,GG,AA,5.78,Susceptible,Low,Standard,Medium
L0052,Mandya,Karnataka,Kharif,Red Loamy,Irrigated (Cauvery command),780,27.0,72,AC,TT,GG,AG,GG,CC,GG,AT,CC,CG,AA,CT,CG,TT,TT,GG,CG,TT,TT,AA,CC,TT,TT,CC,TT,NN,TT,AT,GT,AA,TT,CC,AG,CC,GG,GG,GT,CC,GG,CC,TT,TT,AA,TT,AA,GG,TT,TT,CG,AC,GT,AA,AG,GG,CT,GT,AT,AC,GT,AA,AG,TT,TT,GG,CT,TT,CC,GG,TT,GT,AG,GG,NN,AA,GG,AC,AT,GG,TT,TT,GG,GG,GG,CC,AA,GG,AA,AA,CG,TT,CC,TT,CC,TT,GT,GG,CT,AC,TT,CT,CC,GG,GG,AA,TT,TT,CG,AA,AA,AA,CT,GG,TT,CC,TT,AA,AA,TT,CC,GG,CC,GG,CT,GG,TT,AA,TT,CG,CC,CG,AA,TT,CC,AA,CC,CC,AA,TT,AG,AT,GG,CT,CC,GG,AA,AA,AA,CC,GG,CC,CC,AA,AG,GG,GT,GG,AA,TT,TT,AG,CC,GT,TT,CC,CC,AT,TT,TT,AA,TT,GG,CC,AA,NN,AC,CC,CG,CC,AA,GG,AA,CC,TT,CC,GT,GT,CG,AT,AA,AA,TT,CC,CG,AA,CC,CC,GG,GG,AA,GG,TT,AA,AG,CC,GG,AA,CC,AT,AT,GG,TT,AT,AT,CG,GT,AT,CG,NN,GT,AA,GG,AA,CT,AA,TT,CC,TT,AC,CC,TT,GG,AA,CC,GG,CC,TT,CT,GT,GG,TT,AC,AC,AG,GG,NN,CC,GG,CC,GG,AT,AG,CG,TT,GG,CC,CC,AA,AG,CG,AT,CC,AT,AA,AC,CC,AA,TT,AA,GG,AA,AA,CC,AA,AG,AG,AA,AA,TT,GG,AA,AA,CC,AA,TT,AA,AA,GG,GG,GG,TT,AA,AA,TT,TT,TT,AA,TT,GG,GG,AA,9.26,Moderate,High,Premium,Medium
L0053,Mandya,Karnataka,Kharif,Red Loamy,Irrigated (Cauvery command),780,27.0,72,AC,TT,AG,AG,CG,NN,GT,AT,CC,CG,AA,CC,CC,TT,TT,GT,CG,TT,TT,AA,CC,TT,TT,CC,AT,CC,TT,TT,GG,AA,TT,CC,AA,CC,GG,GG,GG,CC,GG,CC,TT,CC,AC,TT,AG,GG,TT,TT,CC,AA,GG,AT,AA,GG,CC,TT,AT,AA,GT,AA,AA,GT,AT,AA,TT,TT,CC,GG,TT,GT,GG,GG,AC,AA,AA,AC,AA,GG,TT,TT,GG,GT,GT,CC,AA,AG,AA,AA,CC,GT,CC,TT,CC,AT,GT,AG,CT,CC,TT,CC,CT,CC,AA,AA,TT,TT,CC,AA,AA,AC,CC,GG,TT,NN,TT,AA,AA,TT,CG,GG,CC,AG,CC,GG,TT,AA,CC,CC,CC,CC,AA,TT,CC,AA,CC,CC,AA,TT,AA,AA,GG,CC,CC,GG,AA,AA,AA,CC,GG,CC,CC,AA,NN,AG,TT,GG,AC,GT,CC,GG,AA,TT,GT,TT,CG,AA,TT,TT,AA,TT,GG,CC,AG,CC,CC,CC,CG,CC,AA,GG,AA,CC,TT,GG,GG,TT,CG,AT,AA,AG,TT,CC,GG,AA,CC,CC,GG,AG,AA,GG,TT,NN,GG,CG,GG,AA,CC,AA,TT,GT,TT,AA,AA,GG,GT,AT,CC,AT,GT,AA,GG,AA,CT,AC,TT,CG,TT,AA,CC,TT,GG,AA,CC,AG,CC,TT,TT,GG,GG,TT,AC,CC,AA,GG,CC,CC,GG,CC,GG,AT,AG,CG,TT,GG,CC,CC,AA,GG,CC,TT,CC,AA,AA,AC,CC,AA,TT,AA,CG,AT,AA,AC,AA,AA,AA,AA,AA,TT,GG,AC,AA,CC,AA,CT,AA,AG,GG,GG,GG,TT,AA,AG,TT,TT,AT,AA,AA,GG,CG,AA,8.66,Susceptible,Medium,Poor,Early
L0054,Mandya,Karnataka,Kharif,Red Loamy,Irrigated (Cauvery command),780,27.0,72,AC,TT,GG,GG,CG,CC,GG,AT,CC,CG,AA,CC,CC,AT,TT,GG,GG,TT,TT,AA,CC,TT,TT,CC,TT,CC,TT,AT,GT,AC,TT,CT,AA,CC,GG,GG,GG,CG,GG,CC,TT,CT,AA,TT,AG,AG,TT,AT,CC,AC,GG,AA,AA,GG,CC,GT,AA,AC,GG,AC,AG,TT,AT,AG,TT,AT,CC,NN,TT,GG,AG,GG,CC,AA,AG,AC,TT,GG,TT,TT,GG,GT,GG,CC,AA,GG,AA,AA,CC,GT,CC,TT,CC,TT,TT,GG,TT,CC,TT,CC,CT,CC,GG,AG,TT,TT,CC,AG,AA,AA,CC,GT,TT,CC,TT,AA,AA,TT,CC,AG,CG,GG,CC,GG,TT,AA,CC,CC,CC,CC,AA,TT,AC,AA,CC,CC,AA,AT,AA,AA,GG,CC,CC,GG,AG,AG,AA,CC,GG,CC,CG,AA,AA,AG,TT,GG,AC,TT,TT,GG,CC,GT,GT,CT,CC,AA,TT,TT,AT,TT,CG,CC,AG,CC,CC,CC,CG,AC,AA,GG,AA,CC,TT,CC,GG,TT,CG,AT,AG,AG,TT,CC,GG,AA,AC,CG,GG,NN,AC,GG,TT,AA,AA,CG,GG,AA,AC,AA,AA,GT,TT,AT,AA,GG,GT,AA,CC,TT,GT,AA,GG,AG,CT,AA,TT,CC,TT,AA,CC,TT,GG,AG,CC,GG,AC,TT,TT,TT,GG,TT,AA,AA,AG,GG,CC,CG,GG,CC,GG,AT,AG,CC,TT,GG,CC,CC,AT,AG,CC,AA,CC,AA,AA,CC,CC,NN,TT,AA,GG,AA,AA,AC,AA,NN,AG,AA,AA,AA,CG,AC,AA,CC,AA,CT,AA,AA,GG,GG,GG,TT,AA,AA,GG,TT,TT,GG,TT,GG,GG,AA,5.2,Susceptible,Low,Premium,Medium
L0055,Mandya,Karnataka,Kharif,Red Loamy,Irrigated (Cauvery command),780,27.0,72,AC,TT,GG,AA,CG,CC,GT,TT,CC,CC,AA,CC,CG,AT,TT,GG,GG,TT,TT,AG,CC,TT,GT,CC,TT,CC,NN,TT,GT,AA,TT,CT,AA,CC,GG,GG,GG,CG,GG,AC,GT,CT,NN,TT,AA,GG,TT,TT,CC,AC,GG,AA,AA,GG,CC,TT,AA,AA,TT,AC,AG,TT,AT,AA,TT,AA,CC,GG,TT,GG,AG,GG,CC,AA,AG,AC,AA,GG,TT,NN,GG,GG,GG,CC,AA,GG,AA,AA,CC,TT,CC,TT,CC,TT,TT,GG,TT,CC,TT,CT,CT,CC,AG,AA,TT,TT,CG,AA,AG,AA,CC,GG,TT,CG,TT,AC,CC,TT,CC,GG,CC,GG,CC,GG,CT,AA,CC,CC,CC,CC,AA,TT,CC,NN,CC,CT,AA,AT,AA,NN,GG,CC,CC,GG,AG,GG,AT,CC,GG,CC,CG,AA,AA,GG,GG,GG,AC,TT,CT,GG,CC,TT,GT,TT,CC,AT,TT,TT,AA,TT,GG,CC,AG,CC,CC,CC,CG,CC,AA,AG,AA,CC,TT,CC,TT,TT,GG,TT,AA,AA,TT,CC,CG,CC,AC,CC,GG,GG,AA,GG,TT,AA,NN,CC,GG,AA,AC,AA,AT,GG,TT,AT,AA,GG,TT,AA,CC,TT,GT,AA,GG,AA,TT,AC,TT,CC,NN,AA,AC,TT,GG,AA,CC,AG,CC,AT,TT,GT,GG,TT,AC,AC,AA,GG,CC,CC,GG,CC,GG,AT,AA,CC,TT,GG,CC,CC,AA,GG,CC,AA,CC,AA,AA,AC,CC,AC,TT,AA,GG,AA,AA,AC,AA,AG,AA,AG,AA,TT,GG,AA,AG,CC,AA,CT,AA,AA,GG,AG,GG,TT,AT,AA,GT,TT,TT,AA,AT,GG,GG,AA,7.08,Resistant,Low,Premium,Late
L0056,Mandya,Karnataka,Kharif,Red Loamy,Irrigated (Cauvery command),780,27.0,72,AC,TT,GG,AA,GG,CC,GT,AT,CC,CC,AT,CT,CG,TT,TT,GG,GG,TT,TT,AA,CG,GT,GG,CC,TT,CC,TT,TT,GT,AA,CT,CC,AA,AC,GG,GG,GG,CC,GT,CC,TT,CT,AA,NN,AA,GG,TT,TT,CC,AC,GG,AT,AG,GG,CC,GT,AT,AA,TT,AC,AA,TT,TT,AA,CT,TT,CT,GG,TT,GG,AG,GG,CC,AA,NN,AA,AA,GG,TT,NN,GG,GG,GG,CC,AT,GG,AA,AT,CC,GG,CC,GT,CC,TT,TT,GG,CT,CC,GT,CC,CT,CG,AG,AA,TT,TT,CC,AA,AG,AA,CT,GG,TT,CC,TT,CC,AA,TT,CC,GG,CG,GG,CC,GG,CT,AG,CC,CC,AC,CC,AG,TT,CC,AA,CC,CC,AA,TT,AA,AA,GG,CC,CC,GG,AA,AG,AT,CC,GG,CC,CG,AG,AG,GG,TT,GG,AA,TT,TT,GG,AA,TT,TT,TT,CG,NN,TT,TT,AA,AT,GG,CC,AA,CC,AC,CC,CG,CC,AA,GG,AG,CC,TT,CG,GT,TT,GG,TT,AA,AA,TT,CC,GG,AA,CC,CC,GG,GG,CC,GG,TT,AC,AG,CC,GT,AA,AC,AA,NN,GT,TT,AT,AA,CG,TT,AT,CC,TT,GT,AA,AG,AA,TT,AA,TT,CC,TT,AA,CC,TT,CG,GG,CC,AA,CC,TT,TT,GT,GG,TT,AA,AC,AG,GG,CC,CG,GG,CC,GG,AT,AA,CC,TT,GG,CC,CG,AA,GG,CC,NN,CC,AT,AA,AC,CG,AC,AT,AA,GG,AA,AA,AA,AA,AG,AA,AA,AA,TT,GG,AC,GG,CC,CC,TT,AA,AA,GG,GG,GG,TT,AT,AA,TT,TT,TT,AA,AT,GG,GG,AA,7.41,Susceptible,Low,Poor,Early
L0057,Mandya,Karnataka,Kharif,Red Loamy,Irrigated (Cauvery command),780,27.0,72,AA,NN,GG,AG,GG,CC,GG,TT,CC,CC,AA,CC,CC,TT,GT,GG,GG,TT,TT,GG,CC,GT,TT,CC,TT,CC,TT,TT,GG,AA,NN,CT,AA,CC,NN,GG,GG,CG,GG,CC,TT,TT,AA,GT,AA,GG,TT,TT,CC,CC,GG,AA,AA,GG,CT,TT,AA,AA,GT,AA,AG,TT,AT,AA,TT,TT,CC,GT,TT,GT,AA,GG,CC,AA,GG,AC,AT,GG,TT,TT,GG,GG,GG,CC,AT,GG,AA,AA,CC,TT,CC,TT,CC,TT,TT,GG,TT,AC,GT,CC,CC,CC,AG,AA,TT,TT,CG,AA,AA,AA,CC,GG,TT,CC,GT,AA,AA,TT,CC,AG,CG,AG,CC,GT,TT,AG,CT,CC,CC,CC,AA,TT,CC,AA,NN,CT,AA,TT,AG,AA,GG,CC,CC,GG,AA,NN,AA,AC,GG,CC,CC,AA,AG,GG,TT,GG,AA,TT,TT,GG,CC,TT,TT,TT,CC,AT,TT,TT,AA,TT,GG,CG,AG,TT,CC,CC,GG,CC,AA,GG,AA,CC,TT,NN,TT,TT,GG,AT,AA,AA,TT,CC,CG,AC,CC,CC,GG,AG,AC,GG,TT,AA,AA,CC,GG,AA,CC,AT,AA,GG,TT,AT,AT,GG,GG,AA,CC,TT,GT,AA,GG,AA,TT,AA,TT,CG,TT,AA,CC,TT,CG,AA,CC,NN,AC,TT,TT,GT,GG,TT,AA,CC,GG,GT,CC,CC,GG,CC,GG,AA,AA,CC,GT,GG,CC,CG,AA,GG,CC,AT,CC,TT,AA,CC,CG,AC,AT,AA,GG,AA,AA,AA,AA,GG,GG,AA,AA,AT,GG,AA,AG,AC,AA,CT,AG,AG,GG,AG,GG,GT,AT,AA,TT,TT,TT,AG,AT,GG,CG,AA,7.87,Susceptible,High,Standard,Medium
L0058,Mandya,Karnataka,Kharif,Red Loamy,Irrigated (Cauvery command),780,27.0,72,CC,CT,GG,AA,GG,CC,GT,AT,CC,CG,AA,CC,CG,TT,TT,GG,CC,TT,TT,AA,CG,TT,GG,CC,TT,CC,TT,TT,GG,AA,TT,CC,AA,CC,GG,GG,GG,CG,GG,CC,TT,CT,AA,TT,AA,GG,TT,AT,CC,CC,GG,AA,AA,GG,CC,TT,AA,AA,GT,AC,AA,GT,TT,AG,TT,TT,CC,GG,TT,GT,GG,GG,CC,AA,GG,AC,AT,GG,TT,TT,GG,GG,GT,CC,AA,GG,AA,AA,CC,TT,CC,TT,CC,TT,TT,GG,TT,CC,GT,CC,CC,CC,AA,AA,TT,TT,CC,AA,AG,AA,CT,GG,TT,CG,TT,AA,AA,TT,CC,GG,CC,GG,CC,TT,TT,AA,CC,CG,CC,CG,AA,TT,CC,AA,CC,CC,AA,TT,AG,AA,GG,TT,CC,GG,AA,AG,AA,CC,GG,CC,CC,AA,AA,AG,TT,GG,CC,GT,CT,GG,AC,TT,GT,TT,CG,AT,TT,TT,AT,TT,NN,CC,AG,CC,CC,CC,GG,CC,AA,GG,AA,CC,TT,CC,GG,TT,CG,TT,AA,AA,TT,CC,GG,AA,CC,CC,GG,GG,CC,GG,TT,AA,AA,CC,GG,AT,CC,AA,AT,GG,TT,TT,AA,GG,TT,AT,CC,AT,GG,AA,GG,AA,CC,AA,TT,CC,TT,AA,CC,CT,GG,AG,CC,AA,CC,TT,CT,TT,GG,AT,AC,CC,AA,GT,CC,CG,GG,GG,GG,TT,AA,CC,TT,GG,GG,CC,AT,AG,CC,AA,CC,AA,AA,CC,CC,CC,TT,AA,GG,AA,NN,AA,AA,GG,AG,AA,AA,TT,GG,AA,AA,AC,AA,CT,AA,AG,GG,GG,GG,TT,AA,AG,TT,TT,TT,AA,TT,GG,GG,AA,6.67,Susceptible,Medium,Premium,Late
L0059,Mandya,Karnataka,Kharif,Red Loamy,Irrigated (Cauvery command),780,27.0,72,AC,TT,AG,AG,GG,CG,GT,AT,CC,CC,AA,CC,CC,AT,TT,GG,GG,TT,TT,AA,CC,TT,GT,CC,TT,CC,TT,TT,GT,AA,TT,CC,AA,CC,AG,GG,GG,CG,GG,CC,TT,CT,AA,TT,AA,GG,TT,TT,CC,AC,GT,AA,AA,CG,CC,TT,AA,AA,GT,AC,AA,TT,TT,AG,TT,TT,NN,GG,TT,GT,GG,GT,CC,AA,GG,AA,AA,GG,TT,TT,GG,GG,GT,CC,TT,GG,AA,AA,CG,TT,AC,TT,CT,TT,GT,GG,TT,AC,GT,CC,CC,CC,AG,AG,TT,NN,CC,AA,AA,AA,CT,GG,TT,CC,TT,AA,AC,TT,CC,NN,CC,AG,TT,GT,TT,AA,CC,CC,CC,CC,AA,TT,CC,AA,CC,CC,AA,AT,AG,AA,CG,CC,CC,GG,AG,GG,AA,CC,GT,CC,CC,AA,AG,AG,TT,GG,AA,TT,TT,GG,CC,TT,TT,CT,CG,AA,GT,TT,AA,TT,CC,CC,AG,CT,CC,CC,GG,CC,AA,GG,AA,CC,TT,CC,GG,TT,CG,TT,AA,AA,NN,CC,GG,AC,CC,CC,GG,GG,AC,GG,TT,AA,AA,CC,GT,TT,CC,AA,AA,GT,NN,TT,AT,GG,GG,AT,CG,TT,TT,AA,GG,AA,TT,AA,TT,CC,TT,AA,CC,TT,GG,AG,CC,AG,CC,TT,TT,GT,GG,TT,AA,AC,AG,GG,CC,CC,GG,GG,GG,AT,AA,CG,GG,GG,CC,CC,AA,GG,CC,AT,CC,AA,AA,NN,CC,AC,TT,AA,GG,AA,AA,AC,AA,GG,AG,AA,AA,TT,GG,AA,AA,CC,AA,CT,AG,AA,GG,GG,GG,TT,AA,AA,GT,TT,AT,AA,TT,GG,GG,AA,6.08,Susceptible,High,Standard,Late
L0060,Mandya,Karnataka,Kharif,Red Loamy,Irrigated (Cauvery command),780,27.0,72,AA,CT,GG,GG,GG,CC,NN,TT,CC,CG,AA,NN,CC,AT,TT,GG,GG,TT,TT,AA,CC,TT,GT,CC,TT,CC,TT,TT,GG,AA,TT,CC,AA,CC,GG,GG,GG,CG,GG,CC,TT,CT,AA,TT,AG,AG,TT,TT,CC,AC,GG,AA,AA,GG,CT,TT,AA,AA,GG,AC,AG,TT,TT,AG,CT,AT,CC,GG,TT,GT,AA,GG,CC,AA,GG,AA,AA,GG,TT,CT,GG,NN,GG,CC,AA,GG,AA,AA,CC,GG,CC,TT,TT,TT,TT,AG,TT,CC,TT,CC,CT,CC,AG,AA,TT,TT,CG,AG,AG,AA,CT,GT,GT,CC,TT,AA,AA,TT,CC,GG,GG,GG,CT,GT,CT,AA,CC,CC,CC,CG,AA,TT,AC,AA,CC,CC,AA,TT,AA,AA,GG,CC,CC,GG,AA,NN,AA,AC,GG,CC,CC,AA,AA,GG,GT,GG,AA,GT,TT,GG,CC,GT,TT,TT,CC,AT,GT,TT,AT,TT,CG,CC,AA,CC,CC,CC,CG,CC,AA,GG,AA,CC,TT,CC,GT,TT,GG,AT,AA,AA,TT,CC,GG,CC,AC,CC,GG,GG,AC,GG,TT,AA,AA,CG,GG,AT,CC,AA,AA,GT,TT,TT,AT,CG,GT,AA,CC,AT,TT,AA,GG,AG,CT,AA,TT,CC,CT,AC,AA,TT,GG,AG,CC,AG,CC,AT,CT,TT,CG,TT,AA,CC,AG,GG,CC,CC,GG,CG,GG,TT,AA,CC,TT,GG,CC,CC,AA,GG,CC,AA,CC,AA,AA,AC,CC,CC,TT,AA,GG,AA,AA,AC,AA,AG,GG,AG,AA,TT,GG,AA,AA,CC,AA,CT,AG,AA,GG,GG,GG,GT,AT,AA,GT,TT,TT,GG,AT,GG,GG,AC,6.52,Resistant,Low,Poor,Late
L0061,Mandya,Karnataka,Kharif,Red Loamy,Irrigated (Cauvery command),780,27.0,72,AC,CT,GG,AG,GG,CC,GT,NN,CC,CG,AA,CT,CG,AT,TT,GG,CG,NN,TT,AA,CG,TT,GT,CC,TT,CC,TT,TT,GG,AA,TT,CT,AA,CC,AG,GG,GG,CC,GT,CC,TT,CT,AA,GT,AA,AG,TT,AT,CC,CC,GT,TT,AA,GG,CC,GT,AA,AC,GT,AA,AA,TT,TT,AA,TT,TT,CC,GG,TT,GG,AA,GG,CC,AA,AG,CC,AT,GG,TT,TT,GG,GG,GT,CC,AA,GG,AA,AA,CC,GT,AC,TT,TT,TT,TT,GG,TT,CC,TT,CC,CT,GG,AG,AG,AT,TT,CG,AA,AA,AA,CC,GG,TT,CG,TT,AC,AA,TT,CG,GG,CG,GG,CC,GT,TT,AA,CC,NN,CC,CC,AA,TT,CC,AA,CC,CC,AG,TT,AA,AA,GG,CC,CC,GG,NN,AG,AA,AC,GG,CC,CC,AA,AA,AG,TT,GG,AA,GG,CT,AG,CC,TT,TT,TT,CC,AT,GT,TT,AA,TT,GG,CC,AA,CC,CC,CC,GG,CC,AA,GG,AA,CC,TT,CC,GG,TT,GG,AT,AA,AA,TT,CC,CG,AA,AC,CC,GG,GG,CC,GG,TT,AA,AA,CC,GT,AA,AA,AT,AT,GG,TT,TT,AT,GG,GG,AT,CG,AT,GT,AA,GG,AA,TT,AA,TT,CC,TT,AA,CC,CT,CG,AA,CC,NN,CC,TT,TT,TT,GG,TT,AA,AC,AA,GT,CC,CC,GG,CG,GG,AA,AA,CG,TT,GG,CC,NN,AT,GG,CG,AA,CC,AA,AA,CC,CC,AC,AT,AA,CG,AA,AA,AC,AA,AG,AA,AA,AA,TT,GG,AA,AG,CC,AA,CT,AA,AA,GG,GG,GG,TT,AA,AA,GT,NN,TT,AA,TT,GG,GG,AC,6.64,Resistant,Low,Standard,Late
L0062,Mandya,Karnataka,Kharif,Red Loamy,Irrigated (Cauvery command),780,27.0,72,AA,CT,GG,AG,GG,CC,GG,NN,CC,CG,AT,CC,GG,TT,TT,GG,GG,TT,TT,AG,CG,TT,GT,CT,TT,CC,TT,AT,GG,AA,TT,CC,AA,CC,AG,GG,GG,CC,GG,CC,TT,CC,AA,TT,AG,GG,TT,AT,CC,AC,GG,AA,AG,GG,CC,TT,AA,AA,GG,AC,AA,GT,TT,AA,TT,AT,CC,GG,TT,GG,AA,GG,CC,AA,GG,AC,AT,GG,TT,TT,GG,GG,GG,AC,AA,GG,AA,AA,CC,GT,AC,TT,CC,AT,TT,GG,CT,CC,TT,CC,CT,GG,AA,AA,AT,TT,CC,AA,AG,AA,CC,GG,TT,CC,GT,AA,AA,TT,CC,GG,CC,GG,CC,GT,TT,AA,CC,CC,CC,GG,AA,GT,CC,AA,CC,CT,AA,TT,AG,AT,CG,CC,CC,GG,AA,AA,AA,CC,GG,CC,CC,AA,AG,AG,TT,AG,AA,GT,TT,AG,AC,TT,TT,TT,GG,AT,GT,CT,AA,TT,CC,CG,AA,CC,CC,CC,NN,CC,AT,GG,AA,CC,TT,CC,GG,NN,GG,AT,AA,AA,GT,CC,GG,AA,CC,CC,GG,GG,AC,GG,TT,AA,AA,CC,GG,AA,CC,AA,TT,GG,TT,AT,AT,GG,TT,AT,NN,TT,TT,AA,AG,AA,TT,AA,TT,CC,TT,AA,CC,TT,GG,AG,CC,AG,CC,TT,CC,GT,GG,TT,AA,AC,AG,GG,CC,CG,GG,CC,GG,TT,AA,CC,GT,GG,CC,CG,TT,GG,CC,AA,CC,AT,AA,AC,CC,CC,TT,AA,GG,AA,AC,AC,AA,AG,AA,AA,AA,TT,GG,AA,AA,CC,AA,CT,AA,AG,GG,GG,GG,GT,AA,AA,TT,TT,TT,AG,TT,GG,GG,AA,7.82,Susceptible,Low,Poor,Medium
L0063,Mandya,Karnataka,Kharif,Red Loamy,Irrigated (Cauvery command),780,27.0,72,CC,TT,GG,GG,GG,CG,GG,TT,CC,CG,AA,CC,CC,AT,TT,GG,CG,TT,TT,AA,CC,GT,TT,CC,AT,CC,GT,TT,GG,AA,TT,CC,AA,CC,GG,GG,GG,GG,GG,CC,TT,TT,AC,TT,AG,AG,CT,TT,CC,CC,GG,AA,AA,GG,CC,GT,AT,AA,TT,AA,AA,TT,TT,AG,TT,TT,CC,GG,TT,GT,AG,GG,AC,AG,AG,AA,AT,GG,TT,TT,GG,GG,GG,CC,AA,GG,AA,AA,CC,TT,AC,TT,CT,TT,TT,GG,TT,CC,TT,CC,CC,CG,AA,AA,TT,TT,NN,AA,AA,AC,CC,GG,TT,CC,TT,AC,AC,TT,CC,AG,CC,GG,CC,GG,CT,AG,CC,CC,CC,CC,AA,TT,CC,AA,AC,CC,AA,AT,AA,AA,CG,CT,CC,GG,AA,AA,AA,CC,GG,CC,CC,AA,AG,GG,TT,GG,AA,GT,CT,AG,AC,GT,TT,TT,CC,AA,GT,CT,AT,TT,GG,CC,AA,CT,CC,CC,GG,CC,AA,GG,AA,CC,TT,CC,GT,GT,GG,AT,AA,AA,TT,CC,GG,AA,AC,CC,GG,GG,AC,GG,TT,AC,AA,CC,GG,AA,CC,AA,AT,GG,NN,TT,AA,GG,GG,AT,CC,TT,TT,AA,GG,AA,CT,AA,TT,CC,TT,AA,CC,TT,CG,AG,CC,GG,CC,AT,TT,GG,GG,TT,AC,AC,AA,GG,CG,CG,GG,CC,GG,AT,AA,CC,GT,GG,CC,CC,AA,GG,CG,AT,CC,AA,AG,AA,CC,AC,TT,AA,GG,AA,AA,AC,AA,AG,AG,AG,AA,AT,GG,AA,AG,AC,AA,TT,AA,AA,GG,GG,GG,TT,AA,AA,GT,TT,TT,AA,AT,GG,GG,AC,6.49,Resistant,Low,Poor,Medium
L0064,Mandya,Karnataka,Kharif,Red Loamy,Irrigated (Cauvery command),780,27.0,72,NN,TT,AG,AA,GG,CC,GG,TT,CC,GG,AA,CC,CC,TT,TT,GG,GG,TT,TT,AA,CC,TT,TT,CC,TT,CC,TT,TT,GT,AA,TT,CC,AA,CC,GG,GG,GG,NN,GG,CC,TT,CC,AA,TT,AA,GG,CT,TT,CC,CC,GG,AA,AG,GG,CT,TT,AT,AA,GT,AA,AA,TT,TT,AA,TT,TT,CC,GG,TT,GG,AG,GG,CC,AA,GG,AA,AA,GG,TT,TT,GG,GG,GG,CC,AA,GG,AA,AA,CC,GT,AC,TT,CC,TT,TT,GG,TT,CC,GT,CT,CT,CC,AA,AA,AA,TT,CG,AA,AG,AA,CC,GG,TT,CC,TT,AA,AA,TT,CG,GG,CC,GG,CC,GT,TT,GG,CT,CC,CC,CC,AA,TT,CC,AA,CC,CC,AA,TT,AA,AT,GG,CC,CC,GG,AA,GG,AT,CC,GG,CC,CG,AA,AG,GG,GT,GG,AC,TT,TT,AG,CC,TT,GT,TT,CC,AT,TT,TT,AA,TT,GG,CC,NN,CT,CC,CC,CG,CC,AA,GG,AA,CC,TT,CC,GG,GT,GG,TT,AA,AG,TT,NN,CG,AC,AC,CC,GG,GG,AA,CC,TT,AA,AA,CC,GG,AA,CC,AA,AA,GG,GT,AA,AT,GG,GG,AA,CC,AA,TT,AA,GG,AA,TT,AA,TT,CC,TT,AC,CC,CT,CG,AG,CC,AG,CC,TT,TT,GT,GG,TT,AA,AC,AG,GG,CC,CC,GG,CG,GG,TT,NN,CC,GT,GG,CC,CC,AA,AG,CC,AT,CC,AT,NN,CC,CC,AC,TT,AA,GG,AA,AC,AC,AA,AA,GG,NN,AA,AT,GG,AC,AG,AA,AA,NN,AA,NN,GG,GG,GG,TT,AA,AG,TT,TT,TT,AA,AT,GG,GG,AA,8.32,Susceptible,High,Premium,Medium
L0065,Mandya,Karnataka,Kharif,Red Loamy,Irrigated (Cauvery command),780,27.0,72,CC,TT,GG,GG,GG,CC,GG,TT,CC,GG,AA,CC,CC,TT,TT,GT,GG,TT,TT,AA,CG,TT,GT,CC,AT,CC,GT,TT,GT,AA,CT,CT,AG,CC,GG,GG,GG,CC,GG,CC,NN,TT,AA,TT,AA,GG,TT,NN,CC,AC,GG,AA,AA,GG,CT,GT,AA,CC,GT,AC,AA,TT,AT,AA,TT,AT,CC,GG,TT,GG,AA,GG,CC,AA,GG,AC,AT,GG,TT,TT,GG,GG,GG,CC,AT,GG,NN,AA,CC,GT,AC,TT,CT,TT,GT,GG,CT,CC,TT,CT,CC,CG,AA,AA,TT,TT,NN,AA,AA,AA,CC,GG,GT,CC,GG,AC,AC,TT,CC,NN,CC,GG,CC,GG,TT,AA,CC,CC,CC,CC,AA,TT,CC,AA,CC,CC,AA,TT,AG,AA,GG,CC,CC,GG,AA,AG,AA,CC,GG,CC,CC,AG,AG,GG,TT,GG,CC,TT,CT,GG,NN,GT,TT,NN,GG,AA,GT,TT,AA,TT,GG,CC,AA,CT,CC,CC,GG,CC,AT,GG,AA,CC,TT,CC,GG,TT,GG,TT,AA,AG,TT,CC,CG,AC,CC,CC,GG,GG,AC,GG,TT,AC,AA,CC,GG,AA,CC,AT,AA,GT,TT,TT,AT,GG,TT,AT,CC,AT,TT,AT,GG,AA,TT,AA,NN,CG,TT,AC,CC,TT,CG,GG,CG,AG,CC,TT,NN,NN,GG,TT,AC,AC,AG,GG,CC,CG,GG,CC,GT,AT,AA,NN,TT,GG,CC,CC,AA,GG,CC,AA,CC,AA,AA,AC,CG,AC,TT,AA,GG,AA,AA,AA,AA,AG,AG,AA,AA,TT,GG,AC,GG,CC,CC,CT,AA,AG,GG,GG,GG,TT,NN,AA,GT,AT,TT,AA,TT,GG,CG,AA,6.96,Susceptible,High,Premium,Medium
L0066,Mandya,Karnataka,Kharif,Red Loamy,Irrigated (Cauvery command),780,27.0,72,AA,TT,AA,AG,GG,CC,GG,TT,CC,CC,AA,CT,CC,TT,TT,GT,CG,TT,TT,AA,CC,GT,GT,CC,TT,CC,TT,TT,GG,AA,TT,CC,AA,CC,GG,GG,GG,CG,GG,AC,TT,CC,AA,GT,AA,AG,TT,TT,CC,AA,GG,AT,AA,GG,CC,TT,NN,AC,GG,CC,AG,TT,AT,AA,TT,AT,CC,GG,TT,GG,AA,GT,CC,AG,GG,AC,AA,GG,TT,CT,GG,GG,GG,CC,AT,AG,AA,AT,CC,TT,CC,TT,CC,TT,GT,GG,CT,CC,TT,CC,CC,CC,AG,AA,TT,TT,CC,AA,AA,AC,CC,GG,TT,CC,TT,AA,AA,TT,CG,AG,CG,GG,CC,GT,TT,AG,CC,CC,AC,CC,AA,TT,CC,AA,CC,CC,AA,TT,AA,AA,GG,CC,CC,GG,AA,AA,AA,AC,GG,CC,CC,AA,AG,GG,TT,GG,AC,TT,CT,GG,AC,GT,GT,TT,CG,AT,GT,TT,AA,AT,CG,CC,AA,CT,CC,CC,CG,CC,AA,GG,AG,CC,TT,CC,GT,TT,GG,TT,AA,AG,TT,AC,GG,AC,CC,CC,GG,GG,AA,GG,CT,AC,AA,CC,GT,AT,AC,AA,AT,GT,TT,AT,TT,GG,GG,AA,CG,TT,GG,AA,GG,AA,TT,AA,AT,CG,TT,AA,CC,CT,CG,GG,CC,AG,CC,TT,TT,GT,GG,TT,AA,AC,AG,GG,CC,CC,GG,CC,GG,AT,AG,CG,TT,GG,CC,CC,AA,GG,CC,AA,CC,AA,AA,CC,CG,CC,TT,AA,CG,AA,AA,AC,AA,AG,AG,AA,AA,AT,GG,AA,AA,AC,AA,CC,AA,AA,CG,GG,GG,GT,AA,AG,TT,TT,TT,AG,AA,GG,GG,AA,6.65,Moderate,High,Poor,Late
L0067,Mandya,Karnataka,Kharif,Red Loamy,Irrigated (Cauvery command),780,27.0,72,AA,CT,GG,AG,CG,CC,GT,TT,CC,CG,AA,CC,CC,TT,GG,GT,GG,TT,TT,AG,CG,GT,TT,CT,TT,CC,TT,TT,GG,AA,TT,CC,AA,CC,GG,GG,GG,CC,GG,CC,TT,TT,AA,TT,AA,AA,CT,AT,CC,CC,GG,AA,AA,GG,CT,GG,AA,AC,GT,CC,AA,GT,AT,AG,CT,AT,CC,GG,TT,GT,AA,GG,CC,AA,AG,AA,AA,GG,TT,CT,GG,GG,GG,CC,AA,GG,AA,AT,CC,GT,CC,TT,CC,TT,GT,GG,TT,AC,TT,CC,CC,CC,GG,AA,TT,TT,CC,AA,GG,AA,CC,GT,TT,CC,TT,AA,AA,TT,CC,AG,CC,AG,CC,GT,TT,AA,CC,CC,CC,CC,AA,TT,CC,AA,CC,CT,AA,TT,AA,AA,CG,CC,CC,GG,AA,AA,AA,CC,NN,CC,CC,AA,AA,AG,TT,GG,AA,TT,CT,GG,AA,GT,GT,TT,CC,AA,TT,TT,AA,TT,GG,CG,AG,CC,CC,CC,GG,CC,AA,NN,AG,CC,TT,CC,TT,GT,GG,AT,AA,AA,TT,CC,GG,AC,CC,CC,GG,GG,AA,CG,CT,AA,AA,CC,NN,AT,AC,NN,TT,GG,TT,TT,AT,CG,GT,AT,CC,AT,GG,AA,GG,AG,CT,AA,TT,CC,CT,AA,CC,TT,GG,AA,CC,AG,AC,AT,TT,GT,GG,AT,AA,AA,AA,GG,CC,CG,GG,CC,GG,TT,AA,CC,TT,GG,CC,CG,AT,GG,CC,AA,CC,AA,AA,AC,CG,AC,TT,AA,GG,AA,NN,CC,AA,GG,GG,GG,AA,TT,GG,CC,AG,CC,AA,TT,AG,AA,GG,AG,NN,TT,AA,AA,GT,AT,TT,AA,TT,GG,CG,AA,6.04,Moderate,Low,Poor,Late
L0068,Mandya,Karnataka,Kharif,Red Loamy,Irrigated (Cauvery command),780,27.0,72,AA,TT,GG,GG,GG,CG,GG,TT,CC,CC,NN,CC,CC,TT,TT,GG,CG,TT,TT,AA,CC,GT,GT,CC,TT,CC,GT,TT,GG,AA,TT,CC,AA,CC,GG,GG,GG,CC,GG,CC,TT,TT,AC,GT,AA,GG,TT,TT,CC,AC,GG,AA,AA,GG,CC,GT,AA,AA,GG,AC,AA,TT,AT,AA,TT,AA,CC,GG,TT,TT,AG,GT,CC,AA,GG,AC,AT,GG,TT,TT,GG,GG,GG,CC,AA,GG,AG,AA,CC,TT,AC,TT,CT,TT,GT,GG,TT,CC,GT,CC,NN,CG,AA,AA,TT,TT,CC,GG,AG,AA,CC,GG,TT,GG,TT,AC,AA,TT,CC,GG,CC,GG,CC,GG,CT,AA,CC,CC,CC,CC,AG,TT,CC,AA,CC,CC,AA,TT,AA,AA,GG,CC,CC,GG,AA,AA,AA,CC,GG,CC,CC,AA,AA,GG,TT,GG,AA,TT,CT,GG,CC,GT,GT,TT,CC,AA,TT,CT,AT,AT,GG,CC,AA,CC,CC,CC,CG,AC,AA,GG,AG,CC,TT,CG,GT,TT,GG,AT,AA,AA,TT,CC,GG,AC,CC,CG,GG,GG,AC,GG,TT,AC,AA,CG,GG,AA,NN,AA,AT,GG,TT,TT,AA,GG,GT,AA,GG,TT,GT,AA,GG,AG,TT,AA,TT,CC,CT,AA,CC,TT,GG,AG,CG,AG,CC,TT,TT,TT,CG,TT,AC,AC,AA,GT,CC,CC,NN,CG,GG,TT,AG,CC,TT,AG,CC,CC,AA,GG,CG,AT,CC,AA,AA,AC,CC,CC,TT,AA,GG,AA,AA,AC,AC,AG,AA,AG,AA,AT,GG,CC,AG,CC,AC,CT,AA,AA,GG,GG,GG,TT,AA,AA,TT,TT,TT,AG,TT,GG,CG,AC,4.97,Resistant,Low,Premium,Late
L0069,Mandya,Karnataka,Kharif,Red Loamy,Irrigated (Cauvery command),780,27.0,72,AA,TT,GG,AG,CG,CC,GG,AT,CC,CG,AA,CT,CC,TT,TT,GG,GG,TT,TT,AG,CC,TT,TT,CT,TT,CC,GT,AT,GG,AA,TT,CC,AA,CC,GG,CG,GG,CC,GT,CC,TT,NN,AC,TT,AA,AG,CT,TT,CC,AC,GG,AA,AA,GG,CC,GT,AA,AA,NN,AC,AA,TT,TT,AA,CT,AT,CC,GG,TT,GG,AG,GG,CC,AA,AG,AA,AT,NN,TT,TT,GG,GG,GT,CC,AT,GG,AG,AA,CC,TT,AC,TT,TT,AT,GT,GG,TT,CC,GT,CC,CC,CC,GG,AA,AT,TT,CC,AA,AA,AA,CT,GG,TT,CC,GT,AA,AA,TT,CC,GG,CC,AG,CC,GG,TT,AA,CC,NN,CC,CC,AA,GT,CC,AA,CC,CC,AA,TT,AG,AT,GG,CT,CC,AG,AG,AA,AA,AC,GG,CC,CC,AG,AG,GG,TT,GG,AC,TT,CT,GG,CC,GG,TT,CT,CC,AT,GT,TT,AA,TT,GG,CC,AA,NN,CC,AC,GG,AC,AT,GG,AG,CC,TT,CG,TT,TT,GG,AT,AA,AA,TT,NN,GG,AA,CC,CC,GG,GG,AC,GG,TT,AA,AA,CC,GG,AA,CC,AA,AT,GG,TT,AT,AT,GG,TT,AA,CC,TT,TT,AA,GG,AA,CT,AA,TT,CC,TT,AA,AC,CT,CG,AA,CC,AG,CC,TT,TT,TT,GG,TT,AA,AC,AG,GG,CC,CC,CG,CG,GG,AA,AA,CC,GT,GG,CC,CC,AA,AG,CG,AA,CC,AA,AA,AC,CG,AC,AT,AA,GG,AA,AA,AA,AA,GG,GG,AA,AA,TT,GG,AA,AA,CC,AC,CT,AG,AG,GG,GG,GG,TT,AA,AA,GT,TT,TT,AG,AT,GG,GG,AA,5.54,Moderate,Low,Poor,Late
L0070,Mandya,Karnataka,Kharif,Red Loamy,Irrigated (Cauvery command),780,27.0,72,AA,TT,GG,AG,GG,CC,GT,TT,CC,CG,AT,CC,CG,TT,TT,GT,GG,TT,TT,AA,CC,TT,TT,CC,TT,CC,TT,TT,GG,AA,CT,CC,AA,CC,GG,GG,NN,CC,GG,CC,TT,CC,AC,TT,AA,GG,TT,TT,CC,AC,TT,AA,AG,GG,CC,TT,AT,AA,GT,AA,AG,GT,TT,AG,TT,TT,CC,GG,TT,GG,AG,GG,CC,AA,AG,AC,AA,NN,TT,CT,GG,GG,GT,NN,AA,GG,AA,AT,CC,TT,NN,TT,CC,AT,GT,GG,TT,CC,GG,CC,NN,CC,GG,AG,AT,TT,CC,NN,AA,AC,CC,GG,TT,GG,TT,AA,AA,AT,CC,AG,CG,GG,CC,GT,TT,AG,CC,CC,CC,CC,AA,TT,CC,AA,CC,CC,AA,TT,AA,AT,GG,CC,CG,GG,AA,AA,AT,NN,GG,CC,CC,AA,AG,GG,GT,GG,AC,TT,TT,AG,AC,GG,GT,TT,CC,AA,GT,TT,AA,TT,GG,CC,AA,TT,CC,CC,GG,CC,AA,GG,GG,CC,TT,CG,NN,TT,GG,TT,AA,AA,TT,CC,GG,AA,AC,CC,GG,AG,AA,GG,TT,AC,AA,CC,GT,AT,CC,AA,AT,GG,GT,TT,TT,CG,TT,AA,CC,TT,TT,AA,GG,AA,TT,AA,TT,CC,TT,AA,CC,TT,GG,AA,CC,AG,AC,TT,TT,GT,GG,TT,AA,CC,AG,GG,CC,CG,GG,CC,GG,TT,AA,CG,GT,GG,CC,CC,AA,GG,CG,AT,CG,AT,AA,AA,CC,CC,AT,AA,CG,AA,AA,AC,AA,AG,AG,AA,AA,TT,GG,AA,AG,AC,AA,TT,AA,AA,GG,GG,GG,TT,AT,AA,TT,TT,TT,AA,AT,GG,CG,AA,5.88,Moderate,High,Standard,Early
L0071,Mandya,Karnataka,Kharif,Red Loamy,Irrigated (Cauvery command),780,27.0,72,AA,CT,AG,AA,GG,CC,GG,TT,CC,CC,AA,CC,CG,AT,TT,TT,GG,TT,TT,GG,CC,GT,GT,CC,TT,CC,TT,TT,GG,AA,TT,CT,AA,CC,GG,GG,GG,CC,GG,CC,TT,CT,AA,TT,AA,AG,TT,TT,CC,AC,GG,AT,AA,GG,CC,TT,AA,AC,GT,AC,AA,TT,AT,AG,TT,AT,CC,GG,TT,GT,AA,NN,CC,AA,GG,AA,AA,GG,GT,TT,GG,GT,GG,CC,AT,GG,AG,AA,CC,TT,CC,TT,CT,TT,TT,GG,CT,CC,GT,CC,CC,CC,AG,AA,TT,TT,CC,AA,GG,AA,CC,GG,TT,CC,NN,AA,AA,TT,CC,AG,CC,GG,CC,GT,TT,AA,CT,CC,CC,CC,AA,NN,CC,AC,CC,CC,AA,TT,AA,AA,GG,CT,CC,GG,AA,AG,AA,CC,NN,CC,CC,AA,AA,AG,TT,GG,AA,TT,TT,GG,CC,NN,TT,CT,CG,AT,TT,TT,AA,TT,GG,CC,AA,CC,CC,AC,GG,CC,AA,AG,AG,CC,TT,CC,GG,TT,CG,AT,AA,AG,TT,AC,GG,AA,CC,CG,GG,GG,AC,CG,NN,AC,AA,CC,GG,AA,CC,AA,AT,GG,GG,TT,AA,CG,GT,AT,CC,AT,GT,AA,GG,AA,CT,AA,TT,CC,TT,AC,AC,TT,GG,AA,CC,AG,CC,TT,TT,TT,GG,TT,AA,CC,AG,GG,CC,CG,GG,CC,GG,TT,AA,CC,TT,GG,CC,CC,AA,GG,CG,AT,CC,AA,AA,CC,CC,AA,TT,AG,GG,AA,AC,AC,AA,AA,AA,AA,AA,AT,GG,AA,AA,AA,AC,TT,AA,AA,GG,GG,GG,TT,AA,AA,TT,NN,TT,GG,TT,GG,GG,AA,7.81,Susceptible,High,Standard,Early
L0072,Mandya,Karnataka,Kharif,Red Loamy,Irrigated (Cauvery command),780,27.0,72,CC,TT,GG,AG,GG,CC,GT,AT,CC,CC,AA,CC,CG,TT,TT,GG,GG,TT,TT,AG,CC,GT,TT,CC,TT,CC,TT,TT,GG,AA,TT,CC,AA,CC,GG,GG,GG,CC,GG,NN,TT,CT,AC,TT,AA,AG,TT,TT,CC,AC,GT,AA,AG,GG,CT,GT,AA,AC,GT,AA,AA,GT,TT,AA,TT,AT,CC,GG,CT,GG,AA,GG,CC,AA,GG,AA,AT,GG,TT,TT,NN,GT,GG,CC,AA,GG,AA,AA,CC,GG,AC,TT,CC,TT,TT,AG,TT,CC,GT,CC,CT,CC,AG,AA,TT,TT,NN,AA,AG,AC,CC,GG,GT,CC,TT,AC,AA,TT,CC,GG,CC,GG,CC,GT,TT,AA,CC,CC,CC,CC,AA,GT,AC,AA,CC,CC,AA,TT,AA,AA,GG,CC,CC,GG,AA,AA,AT,CC,GT,CC,CC,AA,AG,AG,TT,NN,AC,TT,CT,GG,AC,GG,TT,TT,CG,AA,GT,TT,AT,NN,GG,CC,AA,CT,CC,CC,CG,CC,AT,AG,AG,CC,TT,CC,GG,TT,GG,TT,AA,AA,TT,CC,GG,AC,CC,CC,GG,GG,AA,GG,NN,AA,AA,CC,GG,AA,CC,AA,AA,GG,TT,AT,AT,GG,TT,AT,CC,AA,TT,AA,GG,AA,CT,AA,TT,CC,TT,AC,CC,TT,GG,AA,CC,AG,AC,TT,TT,GT,GG,TT,AA,AC,AA,GG,CC,GG,GG,CC,GG,TT,AA,CG,GT,GG,CC,CC,AA,AG,CC,AA,CC,AA,AA,CC,GG,AA,TT,AA,GG,AA,AA,AA,AA,GG,AG,AG,AA,TT,GG,AA,AA,CC,AC,CT,AA,AA,GG,GG,GG,TT,AA,AA,GT,TT,TT,AA,AA,GG,GG,AA,6.72,Moderate,High,Poor,Late
L0073,Mandya,Karnataka,Kharif,Red Loamy,Irrigated (Cauvery command),780,27.0,72,AA,TT,GG,AG,GG,CC,GG,AA,CC,CG,NN,CC,CC,TT,GT,GG,CG,TT,TT,AA,CC,GG,TT,CT,TT,CC,TT,TT,GG,AA,TT,CT,AA,AC,GG,CG,GG,CG,GG,CC,TT,CC,AA,TT,AA,AG,TT,TT,CC,AA,NN,AT,AA,GG,CC,TT,AA,AC,GG,AC,NN,GG,AT,AA,TT,TT,CC,GG,TT,GG,AG,GG,CC,AA,GG,AA,AT,GG,TT,TT,GG,GG,GG,CC,AA,GG,AA,AA,CC,TT,CC,TT,CT,TT,TT,GG,TT,CC,GT,CC,CC,CG,AG,NN,TT,GT,CC,AA,AA,AA,CT,GG,TT,CC,TT,AC,AA,NN,CC,AG,CC,GG,CC,GG,CT,AG,CC,CC,CC,CC,AA,TT,CC,AA,CC,CC,AA,TT,AG,AA,CG,CC,CC,GG,AA,AG,AA,AC,TT,CC,CC,AA,GG,GG,GT,GG,AA,TT,TT,GG,CC,TT,TT,TT,CC,AA,TT,CT,AT,TT,GG,CC,AG,CC,CC,CC,CG,AC,AA,GG,AG,CC,TT,CG,GT,GT,GG,AT,AA,AG,TT,AC,NN,AA,CC,CC,GG,GG,AA,GG,CT,CC,AG,CC,GT,AT,CC,AA,AT,GT,TT,TT,AA,GG,GT,AA,CC,AT,TT,AA,GG,AA,TT,AA,TT,CG,TT,AA,CC,CT,GG,AG,CC,GG,CC,TT,TT,TT,GG,TT,AA,AC,AG,GG,CC,CC,GG,CG,GG,TT,AA,CG,GT,GG,CC,CC,AA,AG,CC,AA,CC,AA,AA,CC,GG,CC,TT,AA,GG,AA,AA,AA,AA,AA,AG,AA,AA,TT,GG,AA,AG,AC,AA,CT,AA,AA,GG,AG,GG,TT,AT,AA,TT,TT,TT,AG,TT,GG,GG,AA,5.19,Susceptible,Low,Standard,Late
L0074,Mandya,Karnataka,Kharif,Red Loamy,Irrigated (Cauvery command),780,27.0,72,AA,CT,GG,AA,GG,CC,TT,TT,CC,CG,AA,CC,CC,TT,TT,GG,GG,TT,TT,AA,CG,TT,TT,CC,AT,CC,TT,TT,GG,AA,TT,CT,AA,CC,GG,GG,GG,CG,GG,AC,TT,CT,AA,TT,AG,AG,TT,AT,CC,CC,GG,AT,AA,GG,CC,TT,NN,AC,GT,AC,AA,TT,AT,AA,TT,TT,CC,GG,TT,GT,AA,GG,CC,AA,AG,CC,TT,GG,GT,TT,GG,GT,GT,CC,AA,GG,AA,AA,CC,NN,CC,NN,CC,TT,TT,GG,TT,CC,TT,CC,CT,GG,AG,AA,TT,TT,CC,AA,AA,AC,CT,GG,TT,CC,TT,AA,AA,TT,CC,GG,CC,GG,CC,GG,TT,AA,CC,CC,CC,CC,AA,TT,AC,AA,CC,CC,AA,TT,AA,AA,GG,CC,CC,GG,AA,AG,NN,CC,GG,CC,CG,AG,AG,GG,TT,GG,AA,GT,CT,GG,AC,TT,GT,CT,CG,AA,GT,TT,AT,TT,CG,CC,AA,CT,CC,AC,GG,CC,AA,GG,AG,CC,TT,CG,GG,TT,GG,AA,AA,AA,TT,AC,GG,AA,CC,CC,GG,GG,AC,GG,TT,AC,AA,CC,GG,AA,AC,AA,AA,GG,TT,TT,AT,CG,GT,TT,CC,AT,GT,AT,GG,AA,CT,AA,TT,CC,CT,AA,CC,TT,GG,AG,CC,AG,CC,TT,TT,TT,GG,TT,AA,CC,AA,GG,CC,CC,GG,CC,GG,AT,AA,CC,GT,GG,CC,CC,AT,AG,CC,AT,CG,AT,AA,AC,GG,AC,TT,AG,GG,AA,AC,AA,AC,AA,AA,AA,AA,TT,GG,AA,AG,AC,AA,CC,AA,AA,GG,GG,GG,TT,AA,AA,TT,TT,NN,AA,TT,GG,GG,AA,6.54,Susceptible,Low,Poor,Early
L0075,Mandya,Karnataka,Kharif,Red Loamy,Irrigated (Cauvery command),780,27.0,72,AC,CC,GG,AG,GG,CC,GT,TT,CC,CG,AA,CC,CC,TT,TT,GG,GG,NN,TT,AG,CC,GT,GG,CC,TT,CC,TT,TT,GG,AA,TT,CC,AA,CC,GG,GG,GG,CC,GG,CC,TT,CC,AA,NN,AA,AG,CC,TT,CC,NN,GT,AT,AG,GG,CT,TT,AA,AA,GG,AC,AA,TT,AT,AA,TT,AT,CC,GG,TT,GG,AA,GG,CC,AA,AG,AA,AT,GG,GT,TT,GG,GG,GG,CC,AT,GG,AA,AA,CC,TT,AA,TT,CT,AT,TT,GG,TT,CC,GT,CC,CC,CC,AA,AA,TT,TT,CC,AA,AG,AA,CC,GG,TT,CC,TT,AA,AA,AT,CC,AG,CC,GG,CC,GG,TT,AG,CT,CC,CC,CG,AA,TT,CC,AA,CC,CC,AA,TT,AA,AA,GG,CT,CC,GG,AA,GG,AA,CC,GG,CC,CC,AG,AG,AG,NN,GG,AA,TT,CT,GG,CC,TT,GT,TT,CC,AA,TT,TT,AA,AT,CG,CC,GG,CC,AC,CC,CG,CC,AA,GG,GG,CC,TT,CC,GT,GT,CG,TT,AA,AG,TT,CC,GG,AA,CC,CC,GG,GG,AA,GG,TT,AA,AA,CC,GT,NN,AC,AA,AT,GG,TT,AA,AA,GG,GG,AT,CG,AT,GG,AA,GG,AA,CC,AA,TT,CC,TT,AC,CC,CT,NN,AA,CC,AG,CC,TT,TT,GG,GG,TT,AA,AC,AA,GG,CC,CG,GG,CC,GG,TT,AA,CC,GT,GG,CC,CG,AA,GG,CC,AA,CG,AA,AA,CC,CC,AC,TT,AA,CG,AA,AA,AA,AA,AA,GG,AG,AA,AT,CG,CC,AA,CC,AA,TT,AA,AG,CG,GG,GG,GT,AA,AA,GT,AT,TT,AG,AT,GG,GG,AA,7.1,Susceptible,Medium,Standard,Late
L0076,Mandya,Karnataka,Kharif,Red Loamy,Irrigated (Cauvery command),780,27.0,72,AC,TT,AG,AG,GG,CC,GG,TT,CC,NN,AA,CC,GG,TT,GT,TT,NN,TT,TT,AA,GG,TT,TT,CT,TT,CC,TT,TT,GT,AA,TT,CC,AA,CC,GG,GG,GT,CC,GG,CC,TT,TT,AC,TT,AA,AA,TT,TT,CC,CC,TT,AA,NN,GG,NN,TT,AA,AA,GT,AC,AA,TT,TT,AA,TT,TT,CC,GG,TT,GT,AG,GG,CC,AA,GG,AC,NN,GG,TT,TT,GG,GT,GT,CC,AA,AG,AA,AA,CC,TT,CC,TT,CT,TT,TT,GG,TT,CC,GT,CT,CC,CG,AG,AA,TT,TT,CC,AA,AG,CC,CT,GG,TT,CG,TT,NN,AA,TT,CC,AG,CC,GG,CC,GT,CT,AA,CC,CC,CC,CC,AA,TT,AC,AC,CC,CC,AA,TT,AA,AA,GG,CT,CC,GG,AA,AA,AA,CC,GG,CC,CC,AG,GG,GG,TT,GG,AC,NN,CT,GG,CC,TT,TT,TT,CC,AT,TT,TT,AA,TT,GG,CC,AA,CT,AC,CC,CG,CC,AA,GG,AA,CC,TT,CC,GG,TT,CG,TT,AA,AA,TT,CC,GG,NN,CC,CC,GG,GG,AA,GG,TT,AC,AA,CC,GG,AA,NN,AA,AT,GT,TT,AT,AA,GG,GT,AA,CG,AT,GT,AA,GG,AA,TT,AA,TT,CC,TT,AA,CC,CT,GG,AA,NN,AA,AC,TT,CT,GT,GG,TT,AC,AC,AG,GG,CG,CG,GG,CC,GG,TT,AA,NN,TT,GG,CC,CC,AT,AA,CG,AA,CC,AT,AA,AC,CG,CC,TT,AA,GG,AA,AC,AC,AC,GG,AA,NN,AA,TT,CG,CC,AA,CC,AC,TT,AG,AG,GG,GG,GG,TT,AA,AA,GT,TT,TT,AA,AT,GG,GG,AA,9.61,Susceptible,Medium,Poor,Medium
L0077,Mandya,Karnataka,Kharif,Red Loamy,Irrigated (Cauvery command),780,27.0,72,AC,CT,AG,AG,CG,CC,GG,AA,CC,CC,AA,CC,CC,AT,TT,GT,GG,TT,TT,AA,CC,TT,TT,CC,TT,CC,TT,AT,GG,AA,TT,CC,AG,CC,GG,GG,GG,GG,GG,CC,TT,TT,CC,TT,AA,GG,TT,TT,CC,AA,GG,AA,AA,GG,CT,TT,AA,AA,GT,AA,AG,TT,TT,AA,TT,AT,CT,GG,TT,GG,AA,GG,CC,AA,AG,NN,AT,AA,TT,TT,AG,GT,GT,CC,AA,NN,AA,AT,CC,TT,AC,TT,CC,TT,TT,GG,CT,AC,GT,CC,CC,CG,AA,AA,TT,TT,CC,AA,GG,AA,CC,GG,TT,CG,TT,AA,AA,TT,CC,AG,CC,GG,CT,GT,TT,AA,CC,CC,CC,CC,AA,TT,AC,AA,CC,CC,AA,TT,AA,AA,GG,CC,CC,AG,AA,AA,AA,CC,GG,CC,CC,AA,AG,GG,GT,AA,AA,TT,CT,AG,CC,TT,GG,TT,CC,AT,GT,TT,AA,TT,GG,CC,GG,CT,CC,CC,CG,CC,AA,GG,AA,CC,TT,CC,GG,TT,GG,AT,AA,NN,TT,AC,CC,AA,CC,CC,GG,GG,AA,GG,TT,AA,AA,CC,GG,NN,AC,AT,AA,GG,TT,AT,AA,CG,GG,AA,CC,TT,TT,AA,GG,AA,CT,AC,TT,CC,TT,AC,CC,TT,GG,AG,CC,AG,CC,AT,CT,TT,GG,TT,AA,AC,AA,GG,CC,CG,GG,CC,GG,TT,AA,CC,GT,GG,CC,CG,AT,AG,CC,AA,CC,AA,AA,AC,CG,CC,TT,AA,GG,AA,AA,AA,AA,AG,AA,AA,AA,AT,CG,AC,AA,NN,AA,TT,NN,AA,GG,AG,GG,TT,AT,AA,TT,TT,TT,GG,AT,GG,GG,AA,6.79,Susceptible,High,Premium,Late
L0078,Mandya,Karnataka,Kharif,Red Loamy,Irrigated (Cauvery command),780,27.0,72,AC,CT,GG,AA,GG,CC,GG,AT,CC,NN,AA,CT,CG,TT,TT,TT,CG,TT,TT,AG,CC,TT,TT,CC,TT,CC,TT,AT,NN,AA,TT,CT,AG,CC,GG,CG,GG,CC,GG,CC,TT,TT,AA,TT,AA,AA,TT,AT,CC,AC,GG,AA,AA,GG,CC,TT,AA,AA,GT,AC,AG,TT,AT,AA,TT,TT,CC,GG,TT,GT,AA,GG,CC,AG,AG,AA,AA,GG,TT,TT,GG,GT,GT,CC,AA,GG,AA,AA,CC,GT,CC,TT,CT,TT,TT,AG,TT,CC,TT,CT,CC,CC,AA,AA,AT,TT,CG,AA,AG,AA,TT,GG,TT,CC,TT,AA,AA,TT,CG,AG,CC,AG,CC,GG,TT,AA,CT,CC,CC,CC,NN,GT,CC,AA,CC,CC,AG,TT,AA,AA,CG,CC,CC,GG,AA,AG,AA,CC,TT,CC,CC,AA,AA,GG,TT,GG,AA,GT,CT,GG,AC,TT,TT,CT,CC,TT,TT,TT,NN,TT,GG,CC,AA,CC,CC,CC,CG,CC,AA,GG,AA,CC,TT,CC,GG,GT,GG,TT,AA,AA,NN,CC,GG,AA,AC,CC,GG,GG,AC,GG,TT,AA,AA,CC,GG,AT,CC,AA,AT,GG,TT,AA,TT,GG,GT,AA,CC,AT,GG,AA,GG,AA,TT,AA,TT,NN,CT,AA,CC,CT,GG,AG,CC,AG,CC,TT,TT,GT,GG,TT,AA,AC,AA,GG,CC,CG,GG,CC,GG,AA,AA,CC,GT,GG,CC,CC,AA,GG,CC,AA,CC,AA,AA,AC,CG,AC,TT,AA,GG,AA,AA,AA,AA,GG,AG,AA,AA,TT,GG,AA,AA,AC,AA,TT,GG,AA,GG,GG,GG,TT,AA,AA,GT,TT,TT,AG,AT,GG,CG,AC,6.92,Resistant,Low,Poor,Medium
L0079,Mandya,Karnataka,Kharif,Red Loamy,Irrigated (Cauvery command),780,27.0,72,CC,TT,AG,AG,GG,CG,GT,AT,CC,CG,AA,CC,CC,TT,TT,GG,GG,TT,TT,AG,CC,TT,TT,CC,TT,CC,TT,TT,GG,AA,TT,CC,AA,CC,AG,GG,GG,CG,GG,CC,TT,CC,AA,TT,AA,AG,TT,TT,CC,AC,GT,AT,AA,GG,CC,TT,AT,AC,TT,AA,AA,GG,TT,AG,TT,TT,CC,GG,TT,GG,AA,GG,CC,AA,GG,AA,AA,GG,TT,CT,GG,GT,GT,CC,AA,GG,AA,AA,CC,GT,AC,TT,CC,TT,GT,AG,TT,CC,GT,CC,CC,CG,AA,AA,TT,TT,CC,AA,GG,AA,CT,GG,TT,CC,TT,AA,AC,TT,CG,NN,CC,GG,CC,GT,TT,AA,TT,CC,CC,CC,NN,TT,CC,AA,CC,CT,AA,AT,AA,AA,CG,CC,CC,GG,AA,AG,AA,NN,GT,NN,CG,NN,AG,GG,GT,GG,AA,TT,CT,GG,CC,GT,TT,CT,CC,AA,NN,TT,AT,TT,CG,CC,AG,CC,CC,CC,GG,CC,AA,GG,AG,AC,TT,CC,GG,TT,GG,AT,AG,AA,TT,CC,GG,AA,CC,NN,GG,GG,AA,GG,TT,CC,AA,CC,GG,AA,NN,AA,AA,GT,TT,TT,AA,GG,GG,AA,CG,AT,GT,AA,GG,AA,TT,AA,TT,CC,TT,AA,CC,TT,GG,AG,CG,AG,AA,TT,CT,GT,GG,TT,AA,AC,AA,GT,CC,CC,GG,CC,GG,AT,AA,CC,TT,GG,CC,CC,AT,GG,CC,AA,CC,AA,AA,CC,CG,AC,NN,AA,GG,AA,AA,CC,AA,GG,AA,AA,AG,TT,GG,AC,AA,CC,AA,CT,AA,AA,GG,GG,GG,GT,AA,AA,GG,TT,TT,AA,AT,GG,GG,AA,8.9,Resistant,High,Standard,Early
L0080,Mandya,Karnataka,Kharif,Red Loamy,Irrigated (Cauvery command),780,27.0,72,AC,CT,AG,AA,GG,CC,GT,AT,CC,CC,AA,CC,CG,AT,TT,GG,CG,TT,TT,AG,CC,TT,TT,NN,TT,CC,TT,NN,GG,AA,TT,CC,AA,CC,GG,GG,GT,CC,GT,CC,TT,TT,AC,GT,AA,GG,CT,TT,CC,AC,GT,AA,AG,GG,CC,TT,AA,AA,GG,AA,AG,TT,TT,AG,TT,TT,CC,GG,TT,GG,AA,NN,CC,AA,GG,AA,AT,GG,TT,TT,GG,GG,GG,CC,AA,GG,AA,AA,CC,TT,CC,TT,TT,TT,TT,GG,CT,CC,TT,CC,CC,CG,AG,AA,TT,GT,NN,AG,AA,AC,CC,GG,TT,CC,GT,AA,AA,TT,CG,AG,CC,GG,CC,GG,CT,AG,CC,CC,CC,CC,AA,TT,CC,AA,CC,CC,AA,TT,AA,AT,GG,CT,CC,GG,AA,AG,AA,CC,GG,CC,CC,AA,AG,GG,GT,GG,AC,TT,TT,AG,CC,TT,TT,TT,CC,TT,TT,TT,AT,AT,GG,CC,AA,NN,CC,AC,GG,CC,AA,GG,AA,CC,TT,CC,GT,GT,GG,AT,AA,AA,NN,AC,GG,AA,CC,CG,GG,GG,AA,GG,TT,AC,AG,GG,GG,AA,CC,AA,AA,GT,TT,AT,AT,GG,TT,AT,CC,AT,GT,AA,GG,AA,TT,AA,TT,CC,TT,AA,CC,TT,GG,AA,CG,AG,AC,TT,TT,GT,GG,TT,AC,AC,AG,GG,CC,CC,CG,CC,GG,AT,AG,CC,TT,GG,CC,CC,AA,GG,CC,AA,CC,AA,AA,CC,CC,CC,TT,AA,GG,AA,AC,AA,AA,GG,AA,AA,AA,TT,CG,AC,AA,AC,CC,CC,AA,AA,GG,GG,CG,GT,AA,AA,GT,AT,TT,AA,TT,GG,CG,AA,6.58,Susceptible,Low,Standard,Early
L0081,Mandya,Karnataka,Kharif,Red Loamy,Irrigated (Cauvery command),780,27.0,72,AC,TT,GG,AA,GG,CC,GG,TT,CC,CC,AA,CC,CC,TT,GT,GT,GG,TT,TT,AG,CC,TT,TT,CC,TT,CC,GT,TT,GG,AA,CT,CT,AA,AA,GG,GG,GG,GG,GG,CC,TT,TT,AA,GT,AG,NN,TT,TT,CC,AC,GT,AA,AA,CG,CC,TT,AA,AC,GT,AA,AA,TT,TT,GG,CT,AT,CC,GG,TT,GG,AG,GT,CC,AA,GG,AC,AT,GG,GT,TT,GG,GG,GG,CC,AA,GG,AA,AA,CC,GG,CC,TT,CC,TT,GT,GG,CT,CC,GT,CT,CC,CC,GG,AA,TT,TT,CC,AA,AA,AA,CT,GG,TT,CC,TT,AC,AA,TT,CC,AA,CC,GG,CC,GT,TT,AG,CC,CC,CC,CC,AA,TT,CC,AA,CC,CC,AA,TT,AG,AA,GG,CC,CC,GG,AA,AA,AA,CC,GG,CC,CC,AG,AG,AG,GT,GG,AA,TT,CT,GG,CC,GG,GT,TT,CC,TT,TT,CC,AA,TT,GG,CC,AG,CC,CC,CC,NN,CC,AA,GG,AG,CC,TT,CC,GG,TT,GG,TT,AA,GG,GG,CC,CG,CC,CC,CC,GG,GG,AC,CG,TT,AA,AA,CC,GT,AT,CC,AA,AA,GT,TT,TT,AT,CG,GT,TT,CC,AT,GT,NN,GG,AA,NN,AA,TT,CC,TT,AA,CC,CT,CG,AG,CC,AA,CC,TT,CT,GT,GG,AT,AA,AC,AA,GG,CC,CG,GG,CC,GG,AT,AG,CC,TT,GG,CC,NN,AA,GG,CG,AA,CC,AA,AA,CC,CC,AC,TT,AG,GG,AA,AC,AA,AA,AA,GG,AG,AA,TT,GG,AA,AA,CC,AA,CT,AA,AA,GG,GG,GG,GT,AA,AA,GT,TT,TT,AG,TT,GG,GG,AA,10.63,Susceptible,Medium,Premium,Late
L0082,Mandya,Karnataka,Kharif,Red Loamy,Irrigated (Cauvery command),780,27.0,72,AC,TT,GG,AG,GG,CC,GG,TT,CC,GG,AA,CC,CC,AT,TT,GG,CG,TT,TT,AA,CC,GT,TT,CC,TT,CC,GT,TT,GT,AA,TT,CT,AA,CC,AG,CC,GG,CC,GG,CC,TT,TT,AA,TT,AA,AG,TT,AT,CC,CC,GG,AT,AA,GG,CC,TT,AA,AA,GT,AA,AG,TT,AT,AG,CT,AA,CC,GG,TT,GT,AA,GG,CC,AA,GG,AC,AT,GG,TT,TT,GG,NN,GG,CC,AT,GG,AA,AA,CC,TT,AC,TT,CC,TT,TT,AG,TT,CC,TT,CC,CT,CG,GG,AA,TT,GT,CG,AA,AG,AA,CT,GG,TT,CC,GT,AA,AA,TT,CG,AG,CC,GG,CC,GG,TT,AG,CT,CC,CC,CC,AA,TT,CC,AA,CC,CC,NN,TT,AA,AA,GG,CT,CC,AG,AA,AG,AA,CC,GG,CG,CC,AA,AA,GG,NN,GG,AA,TT,TT,GG,CC,GT,GG,TT,CC,AA,GT,TT,AT,TT,GG,CC,AA,TT,CC,CC,CG,CC,AA,GG,AG,CC,TT,CC,GG,GT,GG,TT,AA,AG,TT,CC,GG,AA,CC,CC,GG,GG,AC,GG,TT,CC,AA,CC,GG,AA,AC,AA,AT,GG,GT,AA,AA,CG,GT,AT,CC,TT,TT,AA,GG,AA,TT,AA,TT,CC,CT,AA,AC,TT,GG,AA,CG,AA,NN,TT,CT,TT,GG,AT,AA,CC,AA,GG,CC,CC,GG,CC,GG,AT,AG,CC,TT,GG,CC,CC,AA,AG,CC,AA,CC,AA,AA,CC,CG,AC,TT,AA,GG,AA,AC,AA,AC,AG,AG,AG,AA,TT,GG,NN,AG,CC,AA,CT,AA,AA,CG,GG,GG,TT,AA,AA,TT,TT,TT,AG,AT,GG,CG,AA,6.96,Susceptible,High,Premium,Medium
L0083,Mandya,Karnataka,Kharif,Red Loamy,Irrigated (Cauvery command),780,27.0,72,AC,TT,GG,AA,GG,CC,GT,AT,CC,CG,AA,CC,CG,TT,GG,GG,GG,TT,TT,AG,CC,GT,GT,CT,TT,CC,TT,TT,GG,AA,TT,CC,AA,CC,AG,CG,GG,GG,NN,AC,TT,TT,AA,GT,AG,AG,TT,TT,CC,AC,GG,AA,AA,GG,CC,TT,AA,AA,GT,AC,AA,TT,AA,AG,TT,AA,CC,GG,CT,GG,AA,GT,CC,AA,GG,AA,NN,GG,TT,TT,GG,GG,NN,AC,AT,GG,AA,AA,CC,TT,AC,TT,CT,TT,GT,GG,CT,CC,GG,CC,CC,CC,GG,AA,TT,TT,CG,AA,GG,AA,CC,GG,TT,CC,TT,AA,AA,TT,CC,GG,CG,GG,CC,GG,TT,AG,CC,CC,CC,CC,AA,TT,AC,AA,CC,NN,AA,TT,AA,AA,GG,CC,CC,GG,AA,GG,AT,CC,GG,CC,CC,AA,AG,GG,TT,GG,NN,TT,CC,AG,AC,TT,GT,TT,CC,AT,TT,TT,AA,TT,GG,CC,AA,CC,AC,CC,CG,CC,AA,GG,AA,CC,TT,CC,GT,GT,CG,AT,AA,AA,TT,CC,GG,AC,AC,CG,GG,GG,AA,GG,CT,AC,AA,CC,GG,AA,CC,AA,AA,GG,TT,TT,AA,CG,GT,AT,CC,TT,GT,AA,GG,AA,TT,AC,TT,CC,CT,AA,CC,TT,GG,AA,CG,AG,AC,TT,TT,GT,GG,TT,AA,AC,AG,GG,CC,GG,GG,CC,GG,AT,AA,CG,TT,GG,CC,CC,AT,AG,CC,AA,CC,AA,AA,AC,CC,AC,AT,AA,GG,AA,AA,AA,AA,AA,AG,AA,AA,TT,GG,AA,AA,AC,AC,CT,AG,AG,GG,GG,NN,TT,AT,AA,TT,TT,TT,GG,TT,GG,GG,AA,5.03,Susceptible,Low,Poor,Medium
L0084,Mandya,Karnataka,Kharif,Red Loamy,Irrigated (Cauvery command),780,27.0,72,AA,TT,AG,AA,GG,CC,GG,AT,CC,CG,AA,CC,CC,AT,TT,GG,GG,TT,TT,AA,CC,TT,TT,CC,AT,CC,TT,TT,GG,AA,TT,CT,AA,CC,GG,CG,GG,GG,GG,CC,TT,CT,AA,TT,AA,GG,TT,TT,CC,AC,GT,AA,AG,GG,CT,TT,AT,AA,GT,AA,AG,GT,TT,AG,TT,AT,CC,TT,TT,GG,AG,GG,AC,AA,AG,CC,AA,GG,TT,TT,GG,GT,GT,CC,AA,GG,AA,AA,CC,TT,AC,TT,CT,AT,GT,GG,TT,CC,GG,CC,CC,CC,AG,AA,TT,TT,CC,AA,GG,AA,CC,GG,GT,CC,TT,AA,AC,TT,CC,NN,CG,NN,CC,TT,TT,AG,CC,CC,CC,CG,AA,TT,CC,AA,CC,CT,AA,AT,AA,AA,GG,CC,CC,GG,AA,AA,AA,CC,GT,CC,CC,AA,AG,GG,GT,GG,CC,TT,CT,AG,CC,GT,TT,TT,CC,AA,GT,CT,AA,AT,GG,CC,GG,CT,CC,CC,CG,CC,AA,GG,AG,CC,TT,CC,GG,TT,CG,AT,AA,AG,TT,CC,GG,AA,CC,CC,GG,GG,AA,GG,CT,AA,AA,CG,GT,AT,CC,AA,AT,GT,TT,AT,AT,CG,TT,AT,CC,TT,GT,AA,GG,AA,TT,AA,TT,CC,TT,AA,CC,CT,CG,AA,CG,AG,AC,TT,CT,GT,GG,TT,AA,AC,AA,GG,CC,CG,GG,CC,GG,AT,AA,CC,GT,GG,CC,CG,AA,GG,CC,AA,CC,AA,NN,AA,CC,CC,TT,AA,GG,AA,AA,AA,NN,GG,AG,AG,AA,TT,GG,AA,GG,AC,AA,TT,AA,AA,GG,GG,GG,TT,NN,AG,TT,TT,TT,AG,NN,GG,CG,NN,7.91,Susceptible,High,Premium,Medium
L0085,Mandya,Karnataka,Kharif,Red Loamy,Irrigated (Cauvery command),780,27.0,72,AC,TT,AG,AG,GG,NN,GT,TT,CC,CG,AT,CT,CG,TT,TT,GG,GG,TT,TT,AG,CC,NN,TT,CC,AT,CC,GT,TT,GG,AA,CT,CT,AA,CC,GG,GG,GG,GG,GG,CC,TT,TT,AA,TT,AA,GG,TT,TT,CC,AC,GG,AA,AA,GG,CT,GT,AT,AA,TT,AC,AG,GT,TT,AA,TT,NN,CC,GG,TT,GT,AA,GG,CC,AA,GG,AC,AA,AG,GT,TT,GG,GG,GG,CC,AA,GG,NN,AA,CC,GT,CC,TT,CC,TT,TT,GG,TT,CC,TT,CC,CT,CC,GG,AA,TT,TT,CG,AA,AG,AA,CC,GG,TT,CC,GT,AA,CC,TT,CC,GG,CC,GG,CC,GT,TT,AG,CC,CC,CC,CC,AA,TT,CC,AA,CC,CC,AA,TT,AG,AT,CG,CC,CG,GG,AA,GG,AA,CC,GT,CC,CC,AA,AA,GG,GT,GG,AA,TT,TT,GG,AC,TT,GT,TT,CC,AA,GT,TT,AT,AT,GG,CG,AA,CC,CC,CC,GG,CC,AA,GG,AG,CC,TT,CC,GT,GT,GG,TT,NN,GG,TT,CC,GG,AC,CC,CC,GG,GG,AC,GG,TT,AA,AA,CC,GT,AA,CC,AA,AT,GG,GT,TT,AA,GG,GT,AT,CG,TT,GT,AA,GG,AA,CT,AA,TT,CC,TT,AC,CC,NN,CG,AA,CC,AG,CC,TT,TT,TT,CG,TT,AC,AA,AG,GG,CC,GG,GG,CC,GT,TT,AA,CC,GT,GG,CC,CC,AA,GG,CG,AT,CC,AT,AA,CC,CG,AC,AT,AA,GG,AA,AA,AA,AA,GG,GG,AA,AA,TT,GG,AA,AA,AC,AA,TT,AG,NN,GG,GG,GG,TT,AT,AG,TT,TT,TT,AA,TT,GG,GG,AA,8.46,Susceptible,Medium,Premium,Early
L0086,Mandya,Karnataka,Kharif,Red Loamy,Irrigated (Cauvery command),780,27.0,72,AA,TT,GG,AA,CC,CC,GT,TT,CC,CG,AA,CC,CC,TT,TT,GG,GG,TT,TT,AA,CC,TT,GT,CC,TT,CC,TT,TT,GG,AA,CT,CC,AA,CC,GG,GG,GG,CG,GG,CC,TT,CC,AA,TT,AG,GG,TT,AT,CC,AC,GG,AT,NN,CG,CC,TT,AA,AA,GT,AA,AG,TT,AT,AA,CC,TT,CC,GG,TT,GT,AG,GG,CC,AA,AG,AC,AT,GG,GT,TT,GG,GG,GG,CC,AA,GG,AA,AA,CC,TT,CC,TT,CT,NN,TT,AG,CT,CC,GT,CC,CT,CG,GG,AA,TT,TT,CC,AA,AA,AA,CT,GG,TT,CC,TT,AA,AA,TT,CC,GG,CC,AG,CC,GG,TT,AG,CC,CC,CC,CC,AA,TT,CC,AA,CC,CC,AA,TT,AA,AT,CG,CC,CC,GG,AG,AA,AA,AC,GG,CC,CG,AG,AG,GG,TT,GG,AA,TT,TT,GG,AC,TT,GT,CT,CC,AA,TT,CT,AA,TT,NN,CC,AA,CT,CC,CC,CG,NN,AA,GG,GG,CC,TT,CC,GG,TT,CG,TT,AA,AG,TT,CC,GG,AA,CC,CC,GG,AG,AC,GG,TT,AC,AA,CC,GG,AA,CC,AA,AA,GG,GG,AT,AA,GG,GT,AT,CC,TT,TT,AT,GG,AA,CT,AA,TT,CC,TT,AA,AC,CT,CG,AG,CC,AG,CC,TT,TT,TT,GG,TT,AC,CC,AA,GT,CC,CG,CG,CC,GT,AT,GG,CC,GT,GG,CC,CG,AT,NN,CC,AA,CG,AA,AA,AC,CC,CC,TT,AA,GG,AA,AA,AC,AA,AG,AA,AG,AA,TT,CG,AA,GG,AC,AA,TT,AA,AA,GG,GG,GG,TT,AA,AA,TT,NN,AT,AA,AT,GG,GG,AA,7.53,Susceptible,High,Premium,Early
L0087,Mandya,Karnataka,Kharif,Red Loamy,Irrigated (Cauvery command),780,27.0,72,AC,TT,AG,GG,CC,CC,GG,TT,CC,CG,AA,CT,GG,TT,TT,GT,CG,TT,TT,AA,CC,TT,TT,CC,TT,CC,TT,TT,GG,AA,TT,CC,AA,AC,GG,CG,GG,CG,GG,CC,TT,CC,AA,GT,AG,GG,CT,AT,CC,AC,GG,AA,AA,GG,CT,GT,AA,AA,TT,AA,AG,TT,TT,AA,TT,TT,CC,NN,TT,GT,AA,GG,CC,AA,AA,AC,AA,AG,TT,TT,GG,GG,GG,CC,AA,GG,AG,AA,CC,GG,AC,TT,TT,AT,GT,GG,TT,CC,TT,CC,CC,CC,GG,AA,NN,TT,CC,AA,AA,AA,CT,GG,TT,CC,TT,AA,AA,TT,CC,AG,CC,AG,CC,GT,TT,AA,CC,CC,AC,CC,AA,TT,CC,AA,CC,CC,AA,TT,AA,AA,GG,CT,CC,GG,AG,AG,AA,CC,GG,CC,CC,AA,AA,AG,GT,GG,CC,TT,CT,GG,AC,TT,TT,TT,CG,TT,GT,CC,AA,TT,CC,CC,GG,CC,CC,CC,CG,CC,AA,GG,NN,CC,TT,CC,GG,TT,CG,AT,AA,AA,TT,CC,GG,AA,CC,CC,GG,GG,AA,GG,TT,AA,AA,CC,GG,AA,CC,AA,AA,GT,TT,AT,AA,CG,GG,AT,CC,AT,TT,AA,GG,AA,TT,AC,TT,CC,CT,CC,CC,TT,GG,AG,CC,AG,CC,TT,CT,TT,GG,TT,AA,AC,AA,GG,CC,CG,GG,CC,GG,AT,AA,CG,TT,GG,CC,CC,AA,GG,CC,AA,CC,AA,AA,AC,GG,AA,TT,AA,GG,AA,AA,AC,AA,AA,GG,AA,AA,TT,GG,AC,AG,AC,AA,TT,NN,AG,GG,GG,GG,TT,AT,AA,TT,TT,TT,AA,TT,CG,CG,AA,9.37,Susceptible,Medium,Poor,Medium
L0088,Mandya,Karnataka,Kharif,Red Loamy,Irrigated (Cauvery command),780,27.0,72,AA,TT,AG,GG,GG,CC,GG,AT,CC,CC,AA,CC,CG,TT,TT,GG,GG,TT,TT,GG,CC,GG,TT,CC,TT,CC,TT,TT,GT,AA,TT,CT,AA,CC,GG,GG,GG,GG,GG,CC,TT,CT,AC,TT,AA,GG,TT,TT,CC,AA,GG,AA,AG,GG,CT,TT,AA,AC,GT,AC,AA,GG,TT,AG,TT,TT,CC,GG,TT,GT,AA,GG,CC,AA,GG,AA,AT,GG,TT,TT,AG,GG,GG,CC,AT,AG,AG,AA,CC,TT,AA,TT,CC,TT,TT,GG,TT,AC,GT,CC,CT,CC,AG,AA,AT,TT,CC,AG,AG,AA,TT,GG,TT,CG,TT,AA,AA,AT,CG,AG,GG,GG,CC,GT,TT,AG,CT,CG,CC,CC,AA,TT,AC,AA,CC,NN,AA,TT,AA,AA,GG,CC,CG,GG,AA,AA,AA,CC,GT,CC,CG,NN,AA,GG,GT,GG,AC,TT,CT,GG,CC,TT,GT,TT,CC,AA,GT,TT,AT,AT,CG,CC,AG,CT,CC,CC,GG,CC,AA,GG,AG,CC,GT,CC,GG,TT,GG,AT,AA,AA,TT,CC,GG,AA,CC,CC,GG,GG,AA,GG,TT,AC,AA,CC,GG,AA,AC,AA,TT,GG,TT,AT,AA,CG,GT,AA,CC,AT,GG,AA,GG,AA,TT,AA,TT,CC,CT,AC,CC,TT,GG,AA,CC,AA,CC,TT,TT,GT,GG,TT,AC,AA,AA,GT,CC,CG,GG,CC,GG,TT,AG,CC,GG,GG,CC,CG,AA,GG,CG,AA,CC,AT,AA,CC,CC,AC,TT,AA,GG,AA,AA,AC,AA,AG,AG,AA,AA,TT,GG,AA,AA,AC,AA,CT,AA,AA,GG,GG,CG,GT,AA,AA,GT,TT,TT,AG,AT,GG,GG,AA,6.84,Susceptible,High,Premium,Medium
L0089,Mandya,Karnataka,Kharif,Red Loamy,Irrigated (Cauvery command),780,27.0,72,AA,TT,GG,AG,CG,CC,GG,TT,CC,CC,AA,CC,CC,AT,TT,GG,CC,TT,TT,AA,CC,TT,GG,CC,AA,CC,TT,TT,GG,AA,TT,CT,AA,CC,GG,GG,GG,CC,GG,AC,TT,CT,NN,TT,AA,AG,NN,TT,CC,AC,GT,AA,AA,GG,CT,GT,AA,AA,GT,AA,AG,GT,AA,AA,TT,TT,CC,GG,TT,GG,AG,GG,NN,AA,AG,AA,AT,GG,TT,TT,GG,GT,GG,CC,AA,AG,AA,AA,CC,GT,CC,TT,CT,TT,TT,GG,TT,CC,GT,CT,CT,CG,AG,AG,TT,TT,CC,AA,AG,AA,CC,GG,TT,CC,TT,AA,AA,TT,CC,GG,CC,GG,CC,GT,TT,AA,CC,NN,CC,CC,AA,TT,CC,AA,CC,TT,AA,TT,AA,AA,CG,CT,CC,GG,AA,AG,AA,CC,GG,CC,CC,AA,AA,GG,TT,GG,AA,GT,CT,GG,CC,TT,GT,CT,CC,AT,NN,CT,AT,TT,GG,CC,AG,CC,CC,CC,GG,CC,AA,GG,AG,CC,TT,CC,TT,GG,GG,TT,AA,AA,TT,CC,GG,AC,AA,CC,GG,GG,AC,GG,TT,AA,AA,CC,GG,AA,AC,AA,AT,GT,TT,AT,AT,GG,GG,AA,CC,TT,GT,AA,GG,AA,CT,AA,TT,CC,TT,AA,AC,TT,CG,AG,CC,AA,CC,TT,TT,TT,GG,TT,AA,CC,AG,GG,CC,CG,GG,CG,GG,TT,AA,CC,GT,GG,CG,CC,AA,GG,CG,AA,CC,AA,AA,AA,CG,AC,TT,AA,GG,AA,AA,CC,AA,AG,AA,AA,AG,TT,CG,AA,AG,AC,AA,TT,AA,AA,GG,GG,GG,GT,AT,AA,TT,TT,TT,AG,AT,GG,GG,AA,6.42,Moderate,Low,Standard,Late
L0090,Mandya,Karnataka,Kharif,Red Loamy,Irrigated (Cauvery command),780,27.0,72,AA,TT,GG,GG,GG,CC,GG,NN,CC,GG,AA,CC,CG,TT,TT,GG,GG,TT,TT,NN,CG,TT,GT,CC,TT,CC,TT,TT,GT,AA,CT,CC,AA,CC,AG,CG,GG,CG,GG,CC,TT,CC,AA,GT,AA,GG,TT,TT,CC,AC,GG,AA,AA,GG,CC,TT,AA,AC,GG,AA,AA,TT,AA,AA,TT,AT,CC,GG,TT,GG,AA,GT,CC,AA,AG,AA,AA,GG,TT,TT,GG,GG,GG,CC,AT,GG,AA,AA,CC,TT,AC,TT,CC,TT,TT,GG,TT,CC,GT,CT,CC,CC,AG,AA,AT,TT,CG,AG,AG,AC,CC,GG,TT,CC,TT,AA,AA,TT,CC,GG,CG,GG,CC,GG,TT,AA,CT,CC,CC,CC,AA,TT,NN,AA,CC,CC,AA,TT,AA,AA,GG,CC,CC,GG,AA,GG,AA,CC,TT,CC,CC,AA,AA,GG,TT,GG,AA,TT,TT,GG,CC,GT,GT,TT,CC,NN,TT,CT,AA,TT,GG,CC,AG,CT,CC,CC,CG,CC,AT,AG,GG,CC,TT,CC,TT,GT,CG,TT,AA,AG,TT,AC,GG,AA,CC,CC,GG,GG,AA,GG,TT,AA,AA,CC,GT,AA,AC,AA,AA,GG,TT,TT,AT,CG,GT,AT,CC,AT,TT,AA,GG,AA,TT,AA,TT,CC,TT,AC,CC,TT,CG,AG,CG,AG,CC,TT,TT,GT,CG,TT,AC,AC,AA,NN,CC,CG,GG,CC,GG,AT,AA,CG,TT,GG,CC,CG,AA,AG,CC,AA,CC,AA,AA,AA,GG,AA,TT,AA,GG,AA,AC,AC,AC,GG,AG,AG,AA,TT,NN,AA,AG,AC,AA,CC,AA,AA,CG,GG,GG,TT,AA,AA,GT,TT,TT,AA,AT,GG,GG,AA,6.53,Susceptible,High,Premium,Medium
L0091,Mandya,Karnataka,Kharif,Red Loamy,Irrigated (Cauvery command),780,27.0,72,AC,TT,AG,GG,GG,CC,TT,TT,CC,GG,AA,CC,CG,TT,TT,GG,GG,TT,TT,AA,CG,GT,GT,CT,TT,CC,TT,TT,GT,AA,TT,CT,AA,CC,AG,GG,GG,CC,GG,CC,TT,CT,AA,GT,AG,GG,TT,TT,CC,AA,GG,AA,AA,GG,CC,TT,AA,NN,GG,AA,NN,TT,AT,AA,CT,TT,CC,GG,TT,GG,AG,GG,CC,AA,GG,AC,AA,GG,GT,TT,GG,GG,GG,CC,AA,GG,AA,AT,CC,GG,CC,TT,CC,TT,TT,AG,TT,CC,TT,CC,CT,CG,GG,AA,AT,GT,CC,AA,AA,AA,TT,GT,TT,CG,TT,AC,AC,TT,CC,GG,CC,GG,CC,GG,CT,AG,NN,CC,AC,CC,AA,TT,CC,AA,CC,CC,AG,TT,AA,AA,GG,CC,CC,GG,AG,AA,AA,CC,GG,CC,CC,AA,AA,AG,GT,GG,AA,GT,CT,GG,CC,TT,TT,TT,CC,AA,GT,TT,AT,TT,CG,CC,AA,CC,CC,CC,CG,CC,AA,GG,AA,CC,TT,CC,GT,TT,GG,AA,AA,AA,NN,CC,GG,AA,CC,CC,GG,GG,AC,GG,TT,AA,AA,CC,TT,AA,AC,AA,AT,GT,GT,TT,NN,GG,TT,AA,CC,AT,TT,AA,GG,AG,CT,AA,TT,CC,CT,AC,CC,CT,GG,AA,CG,GG,CC,TT,TT,GT,GG,TT,AC,AC,AA,GG,CC,CG,GG,CC,GG,TT,AA,CG,NN,GG,CG,CG,AA,GG,CG,AA,CC,AT,AA,AC,CG,CC,TT,AA,GG,AA,AA,CC,AA,AG,GG,AA,AA,TT,GG,AA,AG,CC,AA,CT,GG,AG,GG,GG,CG,TT,AA,AG,TT,TT,TT,GG,AT,GG,CG,AA,5.72,Susceptible,Low,Standard,Early
L0092,Mandya,Karnataka,Kharif,Red Loamy,Irrigated (Cauvery command),780,27.0,72,AA,TT,AG,AA,CG,CC,GT,TT,CC,CG,AA,CT,CG,AT,GG,GG,GG,TT,TT,AA,CC,TT,GT,CC,AT,CC,NN,TT,GT,AA,TT,CC,AA,CC,GG,CG,GG,CC,GG,CC,TT,TT,AA,GT,AA,GG,TT,TT,CC,CC,TT,AT,AA,GG,CC,TT,AA,AA,TT,AA,AA,TT,TT,AA,TT,AT,CC,GG,TT,GG,AA,GT,CC,AA,GG,AC,AT,GG,TT,TT,GG,GG,GG,CC,AA,GG,AA,AT,CC,GT,CC,TT,CT,TT,GT,GG,CT,AC,TT,CC,CC,CC,AG,AG,AT,TT,CC,AG,AG,AA,CT,GG,TT,CG,TT,AA,AC,TT,CC,GG,CC,GG,CT,GT,TT,AA,CC,CC,NN,CC,AA,TT,CC,AC,CC,CC,AA,TT,AA,TT,GG,CT,CC,GG,AA,AA,AT,CC,GT,CC,CC,AA,AA,GG,GT,GG,AA,TT,NN,GG,AC,GT,TT,TT,CC,AA,GT,TT,AA,AT,GG,CC,AA,CT,CC,CC,CG,CC,AA,GG,GG,AC,TT,CC,GG,TT,GG,AT,AA,AG,GT,AC,CG,AA,CC,CC,CG,GG,AC,GG,TT,AA,AG,CC,GT,AA,AC,AA,AT,GG,TT,TT,AA,GG,GG,AT,CG,TT,GG,AA,GG,AA,CT,AA,TT,CC,TT,AC,CC,CT,GG,AA,CC,GG,CC,TT,CT,GT,GG,TT,AC,AC,AG,NN,CC,CC,GG,CC,GG,AA,AA,CG,GT,GG,CG,CC,TT,GG,CG,AA,CC,AT,AG,AC,CG,NN,TT,AA,GG,AA,AA,AA,AC,GG,GG,AG,AG,AT,CG,AC,AG,AC,AA,CT,AA,AA,GG,GG,GG,TT,AT,AA,TT,TT,TT,AA,TT,GG,GG,AA,6.6,Susceptible,High,Premium,Late
L0093,Mandya,Karnataka,Kharif,Red Loamy,Irrigated (Cauvery command),780,27.0,72,AC,TT,GG,AG,GG,CC,GT,AT,CC,CC,AA,CT,CC,AT,TT,GG,GG,TT,TT,AA,CC,TT,GG,CC,TT,CC,TT,TT,NN,AA,NN,CC,AA,CC,AG,CG,GG,CC,GG,CC,TT,TT,AA,TT,AA,GG,TT,TT,CC,CC,GG,AA,AA,GG,CT,GG,AA,AC,TT,AC,AA,TT,TT,AA,TT,AA,CC,GG,TT,GT,AG,GG,CC,AA,GG,AA,AT,GG,TT,TT,GG,GT,GG,CC,AT,GG,AA,AA,CC,TT,CC,GT,CC,TT,TT,GG,CT,CC,NN,CC,CC,GG,GG,AA,TT,GT,CC,AA,AG,AA,CC,GT,TT,CG,TT,AC,AA,TT,CC,AG,CC,GG,CC,GG,CT,AA,CT,CC,CC,CC,AA,GT,CC,AA,CC,CT,AA,AT,AA,AA,GG,CT,CC,GG,AG,AA,AA,AC,GG,CC,CC,AA,AA,GG,TT,GG,AC,GT,CT,GG,CC,TT,TT,TT,CC,AT,TT,TT,AT,AA,GG,CC,AA,TT,CC,CC,GG,CC,AT,GG,GG,CC,TT,CG,NN,TT,NN,AT,AA,AA,TT,CC,CG,AA,CC,CC,CG,AG,CC,CG,TT,AA,AG,CC,GG,AA,AC,AA,AA,GG,GT,AA,AT,CC,GT,AA,CC,NN,GT,AA,GG,AA,TT,NN,TT,CC,TT,AC,CC,TT,GG,AG,CG,AG,CC,TT,CT,GT,CG,TT,AA,AA,GG,GG,CC,CC,GG,CC,GG,TT,AA,CC,GT,GG,CC,CC,AA,AG,CC,AT,CC,AA,AA,AA,CG,AA,TT,AA,GG,AA,AA,AA,CC,AG,AA,AA,AA,TT,GG,AA,AA,CC,AA,CT,AA,AG,GG,AG,CG,TT,AT,AA,TT,TT,TT,AA,AT,GG,GG,AA,7.9,Susceptible,High,Standard,Medium
L0094,Mandya,Karnataka,Kharif,Red Loamy,Irrigated (Cauvery command),780,27.0,72,AC,CT,GG,AA,GG,CC,GG,TT,CC,CC,AA,CT,CC,TT,TT,GT,CG,AT,TT,GG,CG,GT,TT,CC,TT,CC,TT,TT,GG,AA,TT,CT,AA,CC,GG,CG,GG,GG,GG,CC,TT,TT,AA,TT,AA,AG,TT,AT,CC,AA,GT,AA,AA,GG,CT,TT,AA,AC,GT,AA,AA,TT,TT,AG,TT,TT,CC,GG,TT,TT,AA,GG,CC,AA,AG,CC,AA,GG,TT,TT,GG,GT,GG,CC,AA,GG,AA,AA,NN,TT,AC,TT,CC,TT,TT,NN,TT,AC,TT,CC,CC,CC,AG,AA,NN,TT,CC,AA,AG,AA,CT,GG,TT,CC,GT,AA,AA,AT,CC,AA,CC,GG,CC,TT,CT,AG,CC,CC,CC,CC,AA,TT,CC,NN,CC,CC,AA,TT,AA,AA,GG,CT,CC,GG,AA,GG,AA,CC,GG,CC,CC,AA,AA,AA,TT,GG,AA,TT,CT,GG,AC,GT,TT,TT,CC,AT,TT,TT,AT,TT,GG,CC,AG,CT,CC,CC,GG,CC,AA,GG,AA,CC,TT,CC,GT,TT,CG,AT,AA,AG,TT,CC,GG,AA,CC,CC,GG,GG,AC,CG,TT,AA,AG,CC,GG,AA,CC,AA,AT,GG,TT,AA,AA,NN,TT,AA,CC,TT,TT,AA,GG,AA,TT,AA,TT,CC,CT,AA,AC,CT,CG,AG,CC,AG,CC,TT,CT,GT,CG,TT,AA,AA,AG,NN,CC,GG,GG,CC,GG,AA,AA,CC,GT,GG,CG,NN,AA,GG,CG,AA,CC,AA,AA,CC,CG,CC,TT,AA,CG,AA,AA,CC,CC,AG,AA,AG,AA,TT,GG,AA,AA,CC,AA,TT,AA,AA,GG,GG,GG,TT,AT,AA,TT,TT,TT,GG,AT,GG,GG,AA,7.13,Susceptible,Low,Standard,Late
L0095,Mandya,Karnataka,Kharif,Red Loamy,Irrigated (Cauvery command),780,27.0,72,AA,TT,GG,AG,GG,CC,GG,AT,CC,CC,AA,CC,CG,TT,GT,GG,GG,TT,TT,AA,CG,TT,TT,CT,TT,CC,TT,TT,GG,AA,TT,CT,AA,CC,GG,CG,GG,CC,GG,CC,TT,CT,AA,TT,AG,GG,TT,TT,CC,AC,GG,AT,AA,GG,CC,TT,AT,AC,GT,AC,AA,TT,AT,AA,TT,TT,CC,GG,NN,GG,AA,GG,CC,AA,AA,CC,AT,AG,TT,TT,GG,GG,GG,CC,AA,GG,AG,AA,CC,GT,AA,TT,CT,TT,TT,AG,TT,NN,TT,CC,CT,CG,GG,AA,TT,TT,CC,AA,AG,AA,CT,GG,TT,CC,GT,AA,AA,TT,CC,GG,CC,AG,CC,GT,TT,AA,CC,CC,CC,CC,AA,TT,CC,AA,AC,CC,AA,TT,AA,AA,CG,CC,CC,GG,AG,GG,AA,CC,GG,CC,CC,AA,NN,GG,GT,GG,AA,TT,TT,GG,AC,TT,NN,TT,CC,AT,GT,CC,AT,AT,CG,CC,AA,CC,CC,CC,GG,CC,AT,GG,GG,CC,TT,CC,GG,GT,GG,AT,AA,AA,TT,AC,GG,AA,CC,CC,GG,GG,AC,GG,NN,AA,AA,CC,GG,AA,CC,AT,AA,GG,TT,TT,AA,GG,TT,AT,CG,TT,TT,AT,GG,AA,TT,AA,TT,CC,TT,CC,CC,TT,CG,GG,GG,AG,CC,TT,CT,TT,GG,TT,AA,AA,AG,GG,CC,CC,GG,CC,GG,TT,AA,CC,TT,GG,CC,CC,AA,GG,CC,AA,CC,AT,AA,NN,CC,CC,TT,AA,GG,AA,AA,AC,AA,AA,AA,AA,AA,TT,CG,AC,AA,AC,AC,TT,GG,AA,GG,AG,GG,TT,AT,AA,GT,TT,TT,AG,AT,NN,CG,AA,4.09,Moderate,Low,Standard,Early
L0096,Mandya,Karnataka,Kharif,Red Loamy,Irrigated (Cauvery command),780,27.0,72,AC,CT,GG,AG,GG,CC,GT,AT,CC,GG,AA,CC,CC,AT,TT,GG,CG,TT,TT,AA,CC,TT,GT,CT,TT,CC,GG,AT,GG,AC,TT,CC,AA,CC,GG,GG,GG,CG,GG,CC,TT,CT,AA,TT,AA,AA,TT,TT,CC,AC,GG,AA,AG,GG,CT,GT,AT,AA,GG,AC,AG,GT,TT,AA,TT,AT,CC,GG,TT,GG,AA,GG,CC,AA,GG,AA,TT,GG,TT,TT,GG,GT,GT,CC,AA,GG,AA,AA,CG,TT,CC,TT,CC,TT,GT,GG,TT,CC,GT,CC,CC,GG,AG,AA,TT,TT,CC,AA,AG,AA,NN,GG,TT,CC,TT,AA,AA,TT,CC,GG,CG,GG,CC,GG,CC,AA,CC,CC,CC,CC,AA,GT,CC,AA,CC,CT,AG,TT,AA,AT,GG,CC,CC,NN,AA,AA,AA,AA,GG,CC,CC,AA,AA,GG,TT,GG,AA,GT,TT,AG,AC,TT,GT,TT,CC,AA,GT,TT,AA,TT,GG,CC,AA,CC,CC,CC,CG,CC,AT,GG,AG,CC,TT,CC,GT,TT,CC,AT,AA,AA,TT,CC,CG,AC,AC,CC,GG,GG,NN,GG,TT,AA,AA,CC,GG,AA,AC,AA,AT,GG,TT,AT,AA,GG,GT,AT,CG,NN,GG,AA,GG,AA,TT,AA,TT,CC,TT,AA,CC,TT,GG,AG,CC,GG,CC,TT,CC,TT,GG,TT,AA,AC,AG,GG,CC,CG,GG,CC,GG,TT,NN,CC,TT,GG,CC,CC,AA,AA,CC,AA,CC,AA,AA,AA,CC,AC,TT,AA,GG,AA,AA,CC,AA,AG,AA,AA,AA,TT,GG,AA,AG,CC,AC,TT,AA,AA,GG,GG,GG,TT,AT,AA,GT,TT,TT,AG,AT,GG,GG,AA,4.12,Susceptible,Low,Poor,Medium
L0097,Mandya,Karnataka,Kharif,Red Loamy,Irrigated (Cauvery command),780,27.0,72,AA,TT,GG,AA,GG,CC,GG,AT,CC,CG,AA,CC,CG,AT,GT,GG,GG,TT,TT,AA,CC,GT,TT,CT,TT,CC,TT,TT,GG,AA,TT,CC,AA,CC,GG,GG,GG,CG,NN,CC,TT,CT,AA,TT,AA,AG,TT,TT,CC,CC,GT,AT,AA,GG,CC,TT,AA,AA,GG,AC,AA,TT,TT,AG,TT,AT,CC,GG,TT,GG,AA,GG,CC,AA,GG,AA,TT,GG,TT,TT,AG,GG,GG,CC,AA,GG,AG,AA,CG,TT,CC,TT,CT,AT,TT,NN,TT,CC,TT,CC,CT,CC,GG,AA,TT,TT,CC,AA,AG,AA,CC,GG,TT,CG,GT,AA,AA,TT,CC,AG,CC,GG,CC,GG,TT,AA,CT,CC,CC,CC,AA,TT,CC,AA,CC,CT,AA,TT,AA,AT,GG,CC,CC,GG,AA,AG,AA,CC,TT,CC,CC,AA,AG,GG,TT,GG,AA,TT,CT,GG,CC,TT,TT,TT,CG,AA,GT,CT,AA,TT,GG,NN,AA,CT,CC,CC,GG,CC,AA,GG,AG,CC,TT,CC,GT,TT,CG,AT,AA,AA,TT,CC,CC,AC,AC,CC,GG,GG,AA,GG,TT,AC,AG,CC,GG,AA,CC,AA,TT,GG,TT,AT,AT,GG,GG,AT,CC,TT,GT,AA,GG,AA,TT,AA,TT,CC,CT,AA,CC,TT,CG,AG,CC,AG,CC,TT,TT,TT,GG,TT,AA,AA,AG,GG,CC,CC,GG,NN,GG,AA,AG,CG,TT,GG,CC,CG,AA,GG,CG,AA,CC,AA,AA,AC,CC,AC,TT,AA,GG,AA,AC,AA,AC,GG,AA,AG,AA,AT,GG,AC,AA,CC,AA,CT,AA,AA,GG,GG,GG,TT,AT,AA,GT,TT,TT,AA,TT,GG,CG,AA,7.32,Susceptible,High,Standard,Early
L0098,Mandya,Karnataka,Kharif,Red Loamy,Irrigated (Cauvery command),780,27.0,72,AA,TT,GG,AA,GG,CC,GG,TT,CC,CG,AA,CC,CC,AT,GT,NN,GG,TT,TT,AG,CC,TT,GT,CT,TT,CC,TT,TT,GG,AA,TT,CC,AG,AC,GG,CG,GG,CG,GG,AC,TT,CT,AA,GT,AG,AG,TT,TT,CC,AC,GT,AA,AG,GG,CC,GT,AA,AA,GG,AC,AA,TT,AA,AG,TT,AT,CT,GG,TT,GG,AG,GG,CC,AA,GG,CC,AT,GG,TT,NN,GG,GG,GG,CC,AA,GG,AA,AA,CC,TT,CC,NN,TT,AT,TT,GG,TT,CC,TT,CC,CT,GG,AG,AA,AT,TT,CC,AA,AG,AA,CC,GG,TT,CC,TT,AA,AC,TT,CC,GG,CG,AG,CC,GG,TT,AA,CC,CG,AC,CC,AA,TT,CC,AA,CC,CC,AA,TT,AA,AA,GG,CC,CC,GG,AA,AA,AA,CC,GT,CC,CC,AA,AA,GG,TT,AG,AC,GT,CC,GG,CC,GT,TT,TT,CC,AA,GT,TT,AT,TT,GG,CC,AG,CC,CC,CC,CG,CC,AA,GG,AA,CC,TT,CC,GT,GT,GG,AT,AA,AG,GT,AC,CG,AA,CC,CC,GG,GG,AA,GG,TT,AA,AA,CC,GT,AA,CC,AA,TT,GT,TT,AT,AA,GG,GG,AT,CG,AT,GG,AA,GG,AA,TT,AA,TT,CG,TT,AC,NN,CT,CG,GG,CG,AG,AC,AT,TT,TT,GG,TT,AA,AC,AG,GG,CC,CC,GG,CC,GG,AA,AG,CC,GG,AG,GG,CG,AA,NN,CG,AA,CC,AA,AA,AC,CG,AC,AT,AG,GG,AA,NN,AC,AA,GG,GG,AG,AA,AT,GG,AC,AA,AA,AA,TT,GG,AA,CG,GG,GG,TT,AA,AG,GT,TT,TT,AG,TT,GG,GG,AA,6.81,Susceptible,Low,Standard,Medium
L0099,Mandya,Karnataka,Kharif,Red Loamy,Irrigated (Cauvery command),780,27.0,72,AC,CC,GG,GG,GG,CC,GG,AT,CC,GG,AA,CC,CG,AT,TT,GG,GG,AT,TT,AG,GG,TT,TT,CT,TT,CC,TT,AT,GG,AA,TT,CC,AA,CC,GG,CG,GG,CC,GG,CC,TT,TT,AA,TT,AG,GG,TT,AA,CC,AC,GG,AA,AA,GG,CT,TT,AA,AA,TT,AA,AA,TT,AT,AG,TT,AT,CC,GG,TT,GG,AG,GG,CC,AA,AG,CC,AT,GG,GT,TT,GG,GG,GG,CC,AA,GG,AA,AT,CC,GT,AC,TT,CC,AT,GT,GG,TT,AC,TT,CC,CC,CG,GG,AA,TT,TT,CC,AA,AG,AA,CT,GG,TT,CC,TT,AA,AC,TT,CC,AG,CG,GG,CC,GT,CT,AA,CT,CC,CC,CC,AA,TT,CC,AA,CC,CC,AA,TT,AA,AA,GG,CT,CC,GG,AA,AA,AA,CC,GG,CG,CG,AA,AG,GG,TT,GG,AC,TT,CT,GG,CC,TT,TT,CT,CC,AT,TT,TT,AA,TT,GG,CC,AA,CC,CC,CC,CC,CC,AA,GG,GG,CC,TT,CC,GG,TT,GG,AT,NN,AG,TT,AC,GG,AA,AC,CC,GG,GG,AA,GG,TT,AA,AA,CG,GG,AT,CC,AA,AT,GG,TT,TT,AA,GG,GT,AA,CC,TT,GT,AA,GG,AA,CT,AA,TT,CC,TT,NN,CC,TT,CG,AA,CG,AG,CC,TT,TT,TT,CG,TT,AA,AA,AG,GG,NN,CC,GG,CC,GG,AT,AA,CC,TT,GG,CC,CG,AA,GG,CC,AA,CC,AA,AA,AC,GG,CC,TT,AA,GG,AA,AA,AC,AA,AG,AG,AA,AA,AT,NN,CC,AG,AC,AC,TT,AA,AG,GG,GG,GG,TT,AA,AA,TT,TT,TT,AA,AT,GG,CG,AA,7.37,Susceptible,Low,Premium,Late
L0100,Mandya,Karnataka,Kharif,Red Loamy,Irrigated (Cauvery command),780,27.0,72,CC,CT,GG,NN,GG,CC,GT,TT,CC,CC,AA,CC,CC,TT,TT,GG,CG,TT,TT,AA,CC,TT,TT,CT,AT,CC,TT,TT,GG,AA,TT,CT,AA,CC,GG,CG,GG,CG,GG,CC,TT,CT,AA,TT,AA,AG,TT,AT,CC,NN,GT,AA,AA,GG,CC,TT,AA,AA,GG,CC,AA,TT,TT,AG,CT,AT,CC,GG,TT,GT,AG,GT,CC,AG,GG,AA,AT,GG,GG,TT,GG,TT,GG,CC,AT,GG,AA,AA,CC,TT,AC,TT,TT,TT,NN,GG,TT,AC,NN,CC,CC,CC,GG,AA,NN,GT,CC,AA,GG,AA,CC,GG,TT,CC,TT,AA,AA,TT,CC,AG,CC,GG,CC,GG,TT,AA,CC,CC,AC,CC,AA,TT,AC,AA,CC,CT,AA,TT,AA,TT,GG,CC,CC,GG,AA,AA,AT,CC,GG,CC,CC,AA,AA,GG,GT,AG,AA,NN,CT,GG,CC,TT,TT,TT,CC,AT,GT,TT,AA,TT,GG,CC,AA,CT,CC,CC,GG,CC,AA,GG,AG,CC,TT,CG,GT,TT,GG,AT,AA,AA,TT,AC,GG,AA,NN,CC,GG,GG,AC,GG,TT,AA,AA,CC,GG,AA,CC,AA,AA,GG,TT,AA,AA,GG,GG,AA,CC,TT,GT,AA,GG,AA,CT,AA,AT,CC,TT,AA,CC,CT,GG,GG,CC,AA,CC,TT,TT,TT,GG,TT,AC,AC,AG,GG,CC,GG,GG,CG,GG,AA,AA,CC,TT,GG,CG,CC,AA,AG,CC,AT,CG,AT,AA,AC,CG,CC,TT,AA,CG,AA,AA,AA,AA,AG,AA,AG,AA,TT,GG,AC,AA,AC,AC,CC,AA,AA,GG,GG,CG,TT,AA,AG,GT,AT,TT,AG,TT,GG,GG,AA,7.66,Susceptible,High,Poor,Late
L0101,Mandya,Karnataka,Kharif,Red Loamy,Irrigated (Cauvery command),780,27.0,72,AA,TT,GG,AA,GG,CC,GT,TT,CC,CG,AA,CC,CG,AT,TT,GG,GG,AT,TT,AA,CC,TT,GT,CC,TT,CT,GT,TT,GT,AA,CT,CC,AA,CC,GG,CC,GG,CG,GG,CC,TT,CT,AA,TT,AA,AG,CT,AT,CC,AA,GG,AT,AG,GG,CT,TT,AA,AA,GT,AA,AA,TT,AT,AA,TT,AT,CC,GG,TT,TT,GG,GG,AC,AA,GG,AC,AT,GG,TT,TT,GG,GG,GT,CC,AT,GG,AA,AA,CC,TT,CC,TT,CT,TT,TT,GG,TT,CC,GT,CC,CC,CG,AA,AG,AT,TT,CC,AA,AA,AA,CT,GG,NN,CC,GT,AA,AA,TT,CC,AA,CC,AA,CC,GT,TT,AA,CC,CC,AC,CG,AA,GT,AC,AA,NN,CT,AA,TT,AA,AA,GG,CC,CC,AG,AA,AG,AA,AA,GT,CC,CG,AA,GG,GG,TT,GG,AC,TT,TT,GG,AA,GT,GT,TT,CC,AA,TT,CT,AA,TT,GG,NN,AG,CC,CC,CC,GG,CC,AA,GG,AG,CC,TT,CC,NN,TT,GG,AT,AA,AA,TT,CC,GG,CC,CC,CC,NN,AG,AC,GG,TT,AC,AA,CC,GG,AA,CC,AA,AT,GG,TT,TT,AA,GG,GT,AA,CG,AT,TT,AA,GG,AA,TT,AA,TT,CC,TT,AC,CC,TT,CG,NN,CC,AA,AC,TT,CT,TT,GG,TT,AA,AC,AA,GG,CC,CC,NN,CC,GG,TT,AG,CC,TT,GG,CC,CC,AA,GG,CC,AA,CC,AA,AG,CC,GG,AC,AT,AA,GG,AA,AC,AC,AA,AA,AG,AA,AA,AT,GG,AA,AG,AC,AC,CT,AA,AA,CG,GG,GG,TT,AT,AA,TT,TT,TT,NN,TT,GG,CG,AA,3.92,Susceptible,Medium,Standard,Medium
L0102,Mandya,Karnataka,Kharif,Red Loamy,Irrigated (Cauvery command),780,27.0,72,AC,TT,GG,AA,GG,CC,GG,TT,CC,CC,AA,CT,CC,TT,TT,GG,CC,TT,NN,AA,CG,NN,GT,CC,TT,CC,GT,TT,GG,AA,TT,CT,AA,CC,GG,CG,GG,CG,GG,CC,TT,TT,AC,TT,AA,AA,TT,AT,CC,CC,GG,AT,AG,GG,CC,GT,AT,AC,GT,NN,AA,TT,AT,AA,CT,TT,CT,GG,TT,GG,AA,GG,CC,AA,AG,CC,AA,GG,GT,TT,GG,GG,GG,CC,AT,GG,AA,AT,CC,GT,AC,TT,CC,TT,GT,GG,CT,CC,TT,CC,CT,CC,AA,AA,TT,TT,CG,NN,AG,AA,CC,GG,TT,CC,TT,AC,NN,TT,CC,NN,CG,GG,CC,GT,TT,AG,CC,CG,AC,CG,AA,GT,CC,AA,CC,CT,AA,AT,AA,AT,GG,CC,CC,GG,AG,AA,AA,CC,GG,CC,CC,AA,AA,GG,TT,GG,AC,TT,TT,GG,CC,GT,TT,TT,CC,AT,GT,TT,AA,TT,GG,CG,AA,CT,CC,CC,GG,CC,AA,GG,AG,AC,TT,CC,GG,TT,GG,AT,AA,AA,TT,CC,GG,AA,CC,CC,GG,GG,AA,GG,TT,AC,AA,CC,GT,AA,CC,AA,AA,GG,TT,AA,AT,GG,GG,AA,CC,TT,NN,AA,GG,AA,CT,AA,TT,CC,TT,AC,CC,TT,CG,AA,CC,NN,CC,TT,TT,TT,GG,TT,AA,AC,AG,GG,CG,CC,GG,CC,GG,TT,AA,CC,GG,GG,CC,CC,AA,AG,CC,AA,CC,AA,AA,AC,GG,AC,TT,AA,GG,AA,AA,AC,AA,AG,AG,AA,AA,TT,GG,AA,AA,CC,AC,CT,AA,AA,GG,GG,GG,GT,AA,AA,GT,TT,TT,AA,TT,GG,GG,AC,6.55,Resistant,High,Poor,Late
L0103,Mandya,Karnataka,Kharif,Red Loamy,Irrigated (Cauvery command),780,27.0,72,AA,TT,AG,AG,CG,CC,GT,NN,CC,CC,AA,CC,CC,TT,TT,GG,GG,TT,TT,AA,CC,GT,GT,CC,AT,CC,TT,TT,GG,AC,TT,CC,AG,CC,AG,CG,GG,GG,GG,CC,TT,TT,AA,GT,AA,AG,TT,TT,CC,AC,GT,AT,AA,GG,TT,TT,AA,AC,GT,AA,AA,TT,AA,AG,TT,AA,CC,GG,NN,TT,AA,GG,CC,AA,GG,CC,AA,GG,TT,TT,GG,GG,GG,AC,AA,GG,AA,AT,CC,TT,CC,TT,CT,TT,TT,GG,CT,CC,GT,CC,CC,CG,GG,AA,TT,TT,CG,AG,AA,AA,CC,GG,TT,CC,TT,AC,AC,TT,CC,GG,CC,GG,CC,GG,TT,AA,CT,CC,CC,CC,AA,TT,CC,AA,CC,CC,AA,TT,AA,AA,GG,CC,CC,GG,AA,AA,AA,CC,GG,CC,CC,AA,AA,GG,TT,NN,AC,GT,TT,GG,NN,GT,TT,TT,CG,AA,GT,TT,AT,AA,GG,CC,AG,TT,CC,CC,GG,CC,AA,GG,GG,CC,TT,CC,GG,TT,GG,AT,AA,AG,TT,CC,GG,AA,CC,CC,GG,AA,AA,GG,TT,AA,AA,CC,GG,AA,CC,AA,AT,GG,TT,TT,TT,CC,TT,AT,CC,AT,TT,NN,GG,AA,TT,AA,TT,CC,TT,AA,CC,TT,GG,AG,NN,AA,CC,TT,TT,NN,GG,AT,AA,CC,AG,GG,CC,CG,GG,CC,GG,AT,AA,CC,TT,GG,CC,CG,AA,GG,CC,AA,CC,AA,AA,CC,CC,AA,TT,AA,GG,AA,AA,AA,AA,AA,AG,AA,AA,AT,CC,AA,AG,CC,AA,CT,AG,AG,GG,GG,GG,TT,AA,AG,GG,TT,TT,AG,AT,GG,GG,AA,6.94,Susceptible,High,Poor,Late
L0104,Mandya,Karnataka,Kharif,Red Loamy,Irrigated (Cauvery command),780,27.0,72,AC,TT,GG,AG,GG,CC,GG,TT,CC,GG,AA,CC,CC,AT,TT,GG,GG,TT,TT,AA,CC,TT,TT,CC,TT,CC,TT,TT,GG,AA,TT,CT,AA,CC,GG,GG,GG,CC,GG,NN,TT,CT,AC,TT,AG,AG,TT,TT,CC,CC,GT,AA,AG,GG,CC,GT,AA,AA,GT,AC,AA,GT,AT,NN,CT,AT,CT,GG,CT,GT,AG,GG,CC,AG,GG,AC,AT,GG,TT,TT,GG,GG,GT,CC,AA,AG,AA,AA,CC,GT,CC,TT,CT,TT,GT,GG,TT,CC,TT,CC,CC,CG,AA,AA,AT,TT,CC,AA,AG,AA,NN,GT,TT,CC,GT,AC,AA,TT,CG,GG,NN,AG,CC,GG,TT,AA,TT,CC,CC,CC,AA,TT,CC,AA,CC,CC,AA,TT,AA,NN,GG,CC,CG,GG,AG,AG,AA,CC,GG,CC,CC,AA,AA,GG,GT,GG,AA,GT,TT,AG,AC,TT,TT,CT,CC,AT,GG,TT,AT,TT,GG,CC,AA,CT,CC,CC,CG,AC,AA,GG,AG,CC,TT,CC,GG,TT,GG,TT,AA,AG,TT,CC,CC,AA,CC,CC,GG,GG,AC,GG,NN,AA,AA,CC,GG,AT,AC,AT,AA,GT,GT,AA,AT,CG,GG,AT,CC,TT,TT,AA,GG,AA,TT,AA,TT,CC,TT,AA,CC,CT,GG,AG,CC,AG,CC,AT,CT,TT,GG,TT,AA,AC,AA,GT,CC,CC,GG,CC,GT,TT,AA,CC,TT,GG,CC,CG,AA,AG,CG,AA,CG,TT,AA,CC,CG,CC,AT,AA,GG,AA,AA,AA,AA,AG,AG,AG,AA,TT,GG,AA,AA,CC,AA,CT,AA,AA,GG,GG,GG,GT,AA,AA,TT,TT,TT,AG,AT,GG,GG,AA,7.67,Susceptible,High,Poor,Early
L0105,Mandya,Karnataka,Kharif,Red Loamy,Irrigated (Cauvery command),780,27.0,72,AC,CT,GG,AG,GG,CC,GG,TT,CC,GG,AA,CC,CG,TT,GT,GG,CG,TT,TT,AA,CC,TT,TT,CC,TT,CT,TT,AT,GG,AA,TT,CC,AA,CC,GG,CC,GG,CC,GG,CC,TT,NN,AA,GT,AA,AG,TT,TT,CC,AC,GT,TT,AG,GG,CC,TT,AA,AA,GT,AC,AG,TT,TT,AA,TT,TT,CC,GG,TT,GT,AA,GG,CC,AA,GG,AC,AT,GG,TT,TT,GG,GG,GG,CC,AA,GG,AA,AA,CC,GT,CC,TT,CC,TT,TT,GG,CT,CC,GG,CC,CC,CC,GG,AA,TT,GT,CC,AG,AG,CC,CT,GG,GT,CC,TT,AA,AA,TT,CC,NN,CC,AG,CT,TT,TT,AA,CC,CC,AC,CC,AG,GT,CC,AA,CC,CT,AA,TT,AG,AA,GG,CT,CC,GG,AA,AA,AA,CC,GT,CC,NN,AA,AG,AG,TT,GG,AA,TT,CT,GG,CC,TT,TT,TT,CC,TT,TT,TT,AA,TT,GG,CG,AA,CC,CC,CC,CG,CC,AA,GG,AA,CC,TT,CC,GT,TT,GG,AT,NN,AA,TT,AA,CG,AA,CC,CC,GG,GG,AA,GG,TT,AA,AA,CC,GT,AA,CC,AA,AA,GG,TT,AA,AT,GG,GT,AA,CC,AT,TT,AA,AG,AA,TT,AA,TT,CC,TT,AC,CC,CT,GG,AA,CG,AA,CC,TT,TT,GT,GG,TT,AA,CC,AG,GG,CC,CC,GG,CC,GG,TT,AA,CC,TT,GG,CC,CC,AA,GG,CC,AA,CC,AA,AA,CC,CC,AC,TT,AA,GG,AA,AA,AC,AC,AG,AA,AA,AA,TT,GG,AA,AG,CC,AA,TT,AA,AG,GG,GG,GG,TT,AT,AA,GG,TT,TT,AA,AT,GG,GG,AA,6.74,Susceptible,Medium,Standard,Late
L0106,Mandya,Karnataka,Kharif,Red Loamy,Irrigated (Cauvery command),780,27.0,72,AC,CC,GG,AG,GG,CC,GG,TT,CC,CC,AA,CT,CC,TT,TT,GG,CG,TT,TT,AA,CC,TT,GT,CC,AT,CC,TT,TT,GG,AA,TT,CT,AA,CC,GG,CG,GG,CG,GG,CC,TT,TT,AA,TT,AA,AA,TT,AT,CC,AA,GT,AT,AA,GG,CC,TT,AA,AA,GG,AA,NN,TT,AT,AG,TT,TT,CC,GG,TT,GG,AG,GG,CC,AA,GG,AC,AT,GG,GT,TT,GG,GG,GG,CC,AT,GG,AG,AA,CC,GT,CC,TT,CC,TT,TT,GG,TT,CC,GT,CC,CC,CG,GG,AA,AT,TT,CC,AA,GG,AC,CC,GG,TT,CC,TT,AA,AA,TT,CG,AG,GG,GG,CC,GT,CT,AA,CC,CC,CC,CC,AA,TT,CC,AA,CC,CC,AA,TT,AA,AA,GG,CC,CC,GG,AA,AG,AA,CC,GT,CC,CC,AA,AA,AG,GT,GG,AA,TT,TT,AG,CC,TT,TT,TT,CG,AT,TT,TT,AA,TT,GG,NN,NN,CC,CC,CC,CC,CC,AA,GG,AA,CC,TT,CG,GG,TT,GG,TT,AG,AA,TT,CC,GG,AA,CC,CC,GG,GG,AA,CG,TT,AA,AG,CC,GT,NN,AC,AT,AT,GT,TT,TT,AA,CG,GG,AA,CC,TT,TT,AA,GG,AA,TT,AA,TT,CC,TT,CC,CC,CT,CG,AG,CC,AA,AC,TT,TT,GT,GG,TT,AC,CC,AA,GG,CC,CG,GG,CG,GG,AT,AG,CC,GT,GG,CG,CC,AT,AA,CC,AA,CC,AA,AA,AC,CG,CC,AT,AA,GG,AA,AA,AA,AC,GG,AA,AA,AA,TT,GG,AC,AA,AA,AC,TT,AA,AG,NN,GG,GG,GT,NN,AA,TT,TT,TT,AA,AT,GG,GG,AA,5.52,Susceptible,Low,Poor,Late
L0107,Mandya,Karnataka,Kharif,Red Loamy,Irrigated (Cauvery command),780,27.0,72,AC,TT,GG,AA,GG,CC,GT,TT,CC,CC,AA,CC,CG,AT,TT,GG,CG,TT,TT,GG,CC,GT,TT,CC,TT,CC,TT,TT,GG,AA,TT,CC,AA,CC,GG,GG,GG,CC,GG,CC,TT,CT,AA,TT,NN,AG,CT,TT,CC,CC,GG,AA,AA,GG,CC,TT,AT,CC,GT,AC,AA,TT,TT,AA,TT,AA,CC,GG,TT,GG,AA,GG,CC,AA,AG,AC,TT,GG,TT,TT,GG,GG,NN,CC,TT,AG,AA,AA,CC,GT,CC,TT,CC,TT,TT,GG,TT,CC,TT,CT,TT,CC,AG,AA,TT,TT,CC,AA,AA,AC,CT,GG,TT,CC,TT,AC,AC,TT,CG,GG,GG,GG,CC,GG,CT,AG,CC,CC,AC,CC,AA,TT,AC,AA,CC,CC,AA,TT,AA,AT,GG,CT,CG,GG,AA,AG,AT,CC,GG,CC,CC,AG,AA,GG,TT,GG,AC,TT,TT,GG,AC,TT,TT,TT,CC,AA,TT,CT,AA,TT,GG,CC,AA,CT,CC,CC,CG,AC,AA,GG,AG,CC,TT,CC,GG,TT,GG,AT,AA,AA,TT,AC,GG,AA,CC,CG,GG,GG,AA,GG,TT,AA,AA,CC,GT,AA,AC,AA,AT,GG,TT,TT,AT,GG,GT,AT,CC,TT,GG,AA,GG,AA,CT,AA,TT,CC,TT,AC,AC,CT,GG,AA,CC,AA,CC,TT,CT,TT,GG,TT,AA,AC,AA,GG,CC,CG,GG,CC,GG,TT,AA,CG,GG,GG,CC,CC,AA,GG,CC,AA,CC,AA,AA,AC,CC,AC,TT,AA,GG,AA,AC,AA,AA,AG,AG,GG,AA,TT,GG,AA,AA,AC,NN,CC,AA,AA,GG,GG,GG,TT,AA,AA,TT,TT,AT,AG,TT,GG,GG,AA,6.3,Susceptible,Medium,Poor,Late
L0108,Mandya,Karnataka,Kharif,Red Loamy,Irrigated (Cauvery command),780,27.0,72,AA,TT,GG,AA,GG,CC,GG,TT,CC,CG,AA,CC,CC,TT,TT,NN,GG,TT,TT,AG,CC,TT,GT,CC,AT,CC,TT,TT,GG,AA,CT,CC,AA,CC,AG,GG,GG,CG,GG,AC,TT,CT,CC,TT,AA,GG,TT,TT,CC,AC,GT,AA,AA,GG,CC,TT,AA,AA,GT,AA,AA,NN,TT,AA,TT,TT,CC,GG,TT,GG,AA,GT,CC,AA,AG,AA,AA,GG,TT,TT,GG,GT,GG,CC,AA,GG,AA,AT,CC,GT,CC,TT,CC,TT,TT,GG,TT,CC,TT,CC,CC,CC,AG,AA,TT,TT,CC,AA,AA,AA,CT,GG,TT,CG,GT,AA,AA,TT,CC,AG,CC,GG,CC,GG,CT,AA,CC,CC,CC,CC,AG,TT,AC,AA,CC,CC,AG,AT,AA,AT,GG,CT,CC,GG,AA,AG,AT,NN,NN,CC,CC,AA,AA,GG,GT,GG,AC,TT,TT,GG,CC,GT,GT,CT,CG,AA,TT,CC,AA,AA,GG,CC,AA,CC,AC,CC,CG,CC,AA,GG,AA,CC,TT,CC,GG,TT,CG,AT,AA,AA,TT,CC,GG,AA,AC,CC,GG,GG,AA,CG,TT,AC,AA,CC,GG,AA,CC,AT,AT,GT,TT,NN,TT,GG,GT,AT,CC,AT,GT,AA,GG,AA,CT,AA,TT,CC,CT,AA,CC,TT,GG,AG,CC,AA,CC,AT,CT,GT,GG,TT,AC,AC,AG,GG,CC,CC,GG,CC,GG,AT,AA,CG,TT,GG,CG,CC,AA,GG,CC,AA,CC,AT,AA,CC,CC,CC,TT,AA,CG,AT,AA,AA,AC,AG,AG,AG,AA,TT,CG,AC,AG,CC,AA,CT,AA,AA,GG,GG,GG,TT,AA,AA,GT,TT,TT,AA,AT,GG,GG,AA,5.23,Susceptible,Low,Premium,Early
L0109,Mandya,Karnataka,Kharif,Red Loamy,Irrigated (Cauvery command),780,27.0,72,AC,TT,GG,AG,NN,CC,GG,TT,CC,CC,AA,CC,CG,TT,GG,GG,CG,TT,TT,AG,CC,GT,GT,CC,AT,CC,TT,AT,GG,AA,TT,CC,AA,CC,GG,GG,GG,CG,GG,CC,TT,TT,AC,TT,AG,AG,TT,AT,CC,AC,GG,TT,AA,GG,CC,TT,AT,AA,TT,AC,AG,GG,AT,AG,CT,AT,CC,GG,TT,GT,AG,GG,AC,AA,GG,AC,TT,GG,TT,TT,GG,NN,GG,CC,AA,GG,AA,AA,CC,GT,AA,TT,CT,TT,TT,AG,CT,AC,GT,CC,CT,CG,AG,AA,TT,TT,CC,AA,AG,AC,CC,GG,TT,CC,GT,AA,AC,TT,CC,AG,CC,GG,CT,GT,TT,AA,CC,CC,CC,CC,AA,TT,CC,AA,CC,CT,AG,TT,AA,AT,GG,CC,CC,GG,AA,AG,AA,CC,GT,CC,CC,AA,AA,AG,GT,AG,AC,GT,CT,GG,NN,TT,TT,TT,CC,AT,TT,TT,AA,NN,GG,CC,AA,NN,CC,CC,CG,CC,AT,GG,AA,CC,TT,CC,GT,TT,GG,TT,AA,AA,TT,CC,GG,AC,CC,CC,GG,GG,AC,CG,TT,AA,AA,CC,GG,AA,CC,AA,AT,GG,TT,AT,AA,CG,TT,AT,CC,AT,GT,AA,GG,AA,CT,AA,TT,CC,TT,AA,CC,CT,GG,AA,CC,AA,CC,AT,TT,NN,GG,TT,AA,CC,AA,GG,CC,CG,GG,CC,GG,AT,AA,CC,TT,GG,CC,GG,AA,AG,CG,AA,CC,AA,AA,CC,CG,AC,AT,AA,GG,AA,AA,CC,AC,GG,AG,AG,AA,TT,GG,AA,AG,CC,AC,CC,AA,NN,CG,GG,GG,TT,AA,AA,TT,TT,TT,AG,TT,GG,CG,AA,6.18,Susceptible,Low,Poor,Late
L0110,Mandya,Karnataka,Kharif,Red Loamy,Irrigated (Cauvery command),780,27.0,72,AC,TT,GG,AG,GG,CG,GG,AT,CC,CG,AA,CC,CG,TT,NN,NN,GG,TT,TT,AA,CC,TT,TT,CC,TT,CC,TT,TT,GG,AA,TT,CC,AA,CC,GG,CG,GG,CC,GG,CC,TT,CT,AA,GG,AA,AA,CT,TT,CC,AC,GG,AA,AA,GG,CC,GT,AA,AA,GT,AC,AA,TT,AT,AA,CT,TT,CC,GG,TT,GG,AA,GG,CC,AA,GG,AC,AA,AG,TT,TT,GG,GG,GG,CC,AA,GG,AA,AA,CC,TT,CC,TT,CC,AT,TT,GG,TT,AC,GG,CC,CC,CC,AG,AA,AT,TT,CG,AA,AA,AA,NN,GG,TT,NN,TT,AC,AA,TT,CG,AG,CC,GG,CC,GT,TT,AG,CT,CC,CC,CC,AA,TT,CC,AA,CC,CC,AA,TT,AG,TT,GG,CT,CC,GG,AA,NN,AA,CC,GG,CG,CC,AG,NN,GG,TT,GG,AA,GT,NN,GG,CC,TT,GG,CT,CC,AA,GG,NN,AA,TT,CG,CC,AA,CT,CC,NN,GG,AC,AA,GG,AG,CC,TT,CG,TT,GT,GG,TT,AA,AG,TT,AC,GG,AC,CC,CC,GG,GG,AA,GG,TT,AA,AA,CC,GG,AA,CC,AA,AA,GT,TT,TT,AA,CG,GT,AT,CC,AT,TT,AA,GG,AA,TT,AA,TT,CC,TT,AA,AC,TT,GG,AG,CC,GG,CC,TT,TT,TT,GG,NN,AC,AC,AA,GT,CC,CC,GG,CC,GG,TT,AG,CG,TT,GG,CC,CC,AA,GG,CG,AA,CC,AA,AA,CC,CC,AA,TT,AA,GG,AA,AA,AC,AA,GG,AG,AA,AA,TT,GG,AA,AA,AA,AA,CC,AA,AA,GG,GG,CG,TT,AT,AA,GT,TT,TT,AG,AT,GG,GG,AA,6.26,Susceptible,High,Premium,Medium
L0111,Mandya,Karnataka,Kharif,Red Loamy,Irrigated (Cauvery command),780,27.0,72,AC,TT,GG,AG,GG,CC,GT,TT,CC,CG,AA,CC,CC,AT,GT,GT,CC,TT,TT,GG,CC,TT,TT,CT,TT,CC,TT,AT,GG,AA,TT,CC,AA,AC,AG,GG,GG,CG,GG,CC,TT,CT,AC,GT,AA,AA,TT,AT,CC,CC,TT,AT,AA,GG,CC,GT,AA,AA,GT,AA,AA,GT,NN,AA,TT,TT,CC,GG,TT,GG,AA,GG,CC,AA,AG,AC,AA,NN,TT,TT,NN,GT,GG,CC,AA,GG,AA,AA,CC,GG,CC,TT,CT,AT,NN,GG,CT,CC,TT,CC,CC,CG,NN,AG,AA,TT,CC,AA,AA,AC,TT,GG,TT,CG,GT,AC,AA,TT,CC,GG,CC,AG,CC,GT,TT,AA,CC,CG,CC,CC,AA,TT,CC,AA,CC,CT,AA,TT,AA,AA,GG,CC,CC,GG,AA,AG,AA,CC,GT,CC,CC,AA,AA,GG,TT,GG,CC,GT,CC,GG,CC,TT,TT,TT,GG,AA,TT,TT,AA,AA,GG,CC,AA,CT,CC,AC,CG,AC,AT,GG,GG,CC,TT,CC,TT,TT,CG,TT,AG,AA,TT,CC,GG,AA,NN,CC,NN,AG,CC,GG,TT,AC,AA,CC,GG,AA,AC,AT,AT,GG,TT,TT,AA,GG,GT,AA,CG,TT,TT,AA,GG,AG,CT,AA,TT,CC,TT,AC,CC,TT,GG,GG,CG,AG,CC,TT,TT,GT,GG,TT,AA,CC,AG,GG,CC,CG,GG,CC,GG,TT,AA,CC,TT,GG,CC,NN,AA,GG,CC,AA,CC,AT,AA,CC,CG,CC,TT,AA,CG,AA,AA,AA,AA,GG,AA,AA,AA,TT,GG,AC,AG,AC,AA,TT,AG,AG,GG,GG,GG,TT,AA,AG,TT,TT,TT,AA,AT,GG,GG,AA,5.19,Susceptible,Medium,Poor,Medium
L0112,Mandya,Karnataka,Kharif,Red Loamy,Irrigated (Cauvery command),780,27.0,72,AA,TT,GG,AG,GG,CC,GT,TT,CC,CC,AA,CT,CC,TT,GT,GG,GG,TT,TT,AA,CC,GT,GT,CC,TT,CC,TT,TT,GG,AA,CT,CT,AA,CC,GG,GG,GG,CC,GG,CC,TT,TT,AA,TT,AA,AA,CT,AT,CC,AC,GG,AA,AA,GG,CT,TT,AA,AC,TT,AC,AG,GT,TT,AG,TT,TT,CC,GG,TT,TT,AG,GG,CC,AA,GG,AC,AT,GG,TT,CC,GG,GG,GT,CC,AT,GG,AA,AA,NN,GT,CC,TT,TT,TT,TT,AG,TT,CC,TT,CT,CT,CC,AA,AA,TT,TT,CG,AA,GG,AA,CC,GG,TT,CC,TT,AA,AA,TT,CC,GG,CG,GG,CC,GT,TT,AA,CC,CC,CC,CC,AG,TT,CC,AA,AC,CC,AG,AT,AA,AA,CG,CC,CG,GG,AA,AA,AA,CC,GG,CC,CC,AG,GG,AG,TT,GG,AC,TT,CT,GG,AC,GT,GT,TT,CG,AA,TT,TT,AA,AT,GG,CC,AG,CC,CC,CC,GG,CC,AA,GG,AG,CC,NN,CC,GT,TT,GG,AT,AA,AA,TT,CC,GG,AA,AC,CC,GG,GG,AA,GG,TT,AC,AA,CC,GG,AA,AC,AT,AA,GG,TT,TT,AA,NN,GT,AA,CG,TT,TT,AA,GG,AA,CT,AA,TT,CC,TT,AC,CC,TT,CG,AG,CC,AA,CC,TT,TT,GG,GG,TT,AA,CC,AA,GG,CC,CC,GG,CC,GG,AT,AA,CC,GG,GG,CC,CC,AA,GG,CG,AA,CC,AA,AA,CC,CC,AC,AT,AA,GG,AA,NN,AA,AA,GG,GG,AA,AA,AT,GG,AA,AG,AC,AC,CT,AA,AA,GG,GG,GG,GT,NN,AG,GT,TT,AT,AA,TT,GG,GG,AC,8.32,Resistant,High,Poor,Early
L0113,Mandya,Karnataka,Kharif,Red Loamy,Irrigated (Cauvery command),780,27.0,72,AC,TT,GG,AG,GG,CG,GG,AT,CC,CC,AA,CT,CC,TT,TT,GG,CG,TT,TT,AG,CC,GT,TT,CC,TT,CC,TT,TT,GG,AA,TT,CT,AA,CC,GG,GG,GG,GG,GG,CC,TT,CC,AA,GT,AA,GG,CT,TT,CC,AA,GG,AA,AA,GG,CC,TT,AA,AA,GG,AC,AA,GT,AT,AA,TT,TT,CC,GG,TT,GG,AA,GG,CC,AA,AG,CC,TT,GG,TT,TT,GG,GT,GT,CC,AT,GG,AA,AA,CC,GT,AC,TT,CC,AT,TT,GG,TT,CC,NN,CC,CT,CG,GG,AA,TT,NN,CC,AA,AA,AA,NN,GG,TT,CC,TT,AA,AA,TT,CC,GG,CC,GG,CC,GG,TT,AA,CC,CC,AC,CC,AA,TT,CC,AC,CC,CT,AA,TT,AG,AA,GG,CT,CC,GG,AA,AA,AA,CC,GT,CC,CC,AA,AA,GG,TT,GG,AC,NN,NN,GG,CC,TT,TT,CT,CC,AA,GG,TT,AT,TT,CG,CC,AG,TT,CC,CC,CG,AC,AA,GG,AG,CC,TT,CC,GT,TT,GG,TT,AA,AA,TT,CC,GG,AA,AC,CC,GG,NN,CC,GG,TT,CC,AA,CC,GG,AT,AC,AA,TT,GG,TT,AT,AA,GG,GG,AT,CC,TT,GT,AA,GG,AA,CC,AA,TT,CC,TT,AA,AC,TT,GG,AG,CC,AA,AC,TT,TT,GT,NN,TT,AA,CC,AA,GG,CC,CC,GG,CG,GG,AT,AA,CC,TT,GG,CC,CC,AA,AG,CG,AA,CC,AT,AA,CC,CC,AC,TT,AA,GG,AA,AA,AA,AA,AA,AG,AA,AA,TT,GG,AA,GG,AA,AA,TT,AA,AA,GG,GG,GG,TT,AA,AA,GT,TT,TT,GG,NN,GG,GG,AA,6.92,Susceptible,Medium,Premium,Medium
L0114,Mandya,Karnataka,Kharif,Red Loamy,Irrigated (Cauvery command),780,27.0,72,AA,TT,AG,AG,GG,CC,GT,AT,CC,CC,AA,CT,CG,TT,TT,GG,GG,TT,TT,AA,CC,TT,TT,CC,TT,CC,TT,TT,GG,AC,TT,CC,AA,CC,GG,GG,GG,CC,GG,CC,TT,CT,AA,TT,GG,AG,TT,AT,CC,CC,GT,AA,AA,GG,CC,TT,AA,AA,GG,AA,AA,GT,AT,AG,TT,TT,CC,GG,TT,GG,AA,TT,CC,AA,AG,AA,TT,GG,TT,TT,GG,GG,GT,CC,AA,GG,AG,AT,CC,TT,CC,TT,CC,TT,TT,GG,TT,CC,GT,CC,TT,CC,GG,AA,TT,TT,CC,AA,AG,AA,CC,GG,TT,CG,TT,AA,AC,TT,CC,GG,CC,GG,CT,GT,CT,AA,CC,CC,CC,CC,AA,TT,CC,AA,AC,CC,AG,TT,AA,AA,GG,CT,CC,GG,AA,AG,AA,CC,GG,CC,CC,AA,AA,AA,TT,AG,AA,GT,TT,GG,NN,GT,GT,TT,CG,AA,GT,CT,AA,TT,GG,CC,AA,CC,CC,CC,CG,AC,AA,GG,AA,CC,TT,CC,GT,TT,CC,TT,AA,AA,TT,CC,GG,CC,CC,CC,GG,GG,CC,GG,TT,AA,AA,CC,GG,AA,CC,AA,AA,GG,TT,AT,AT,GG,TT,AT,CC,AA,TT,AA,GG,AA,TT,AA,TT,CC,TT,AC,CC,TT,CG,AG,CC,AG,CC,TT,TT,GG,GG,TT,AA,CC,AA,GG,CC,CC,GG,CC,GG,TT,AA,CG,TT,GG,CC,CG,AA,GG,CC,AA,CC,AA,AA,AC,CC,AC,TT,AA,GG,AA,AC,AA,AA,GG,AA,AA,AA,AT,GG,AA,NN,AA,CC,CC,AA,AA,GG,GG,GG,TT,AA,GG,TT,TT,TT,AA,AT,GG,CG,AC,5.02,Resistant,Low,Standard,Early
L0115,Mandya,Karnataka,Kharif,Red Loamy,Irrigated (Cauvery command),780,27.0,72,AA,TT,AG,AG,GG,CC,GG,AT,CC,GG,AT,CC,GG,TT,TT,GG,CG,TT,TT,AA,CC,TT,GG,CC,TT,CC,TT,TT,GG,AA,CT,CT,AA,CC,GG,CC,GG,CG,GT,CC,TT,CC,AA,TT,AG,GG,CT,TT,CC,CC,GG,AA,AA,GG,CT,TT,AA,AA,GG,AC,AG,TT,TT,AA,TT,TT,CC,GG,TT,GG,AG,GG,CC,AG,AG,AC,AT,GG,TT,TT,GG,GG,GT,CC,AA,GG,AA,AA,CC,GT,AC,TT,CC,TT,TT,AG,TT,CC,GG,CC,CC,CC,GG,AA,AT,TT,CG,AA,AG,AC,CC,GG,GT,CC,TT,AA,AA,AT,CG,AG,CC,GG,CC,GT,CT,AA,CC,CC,AC,CC,AA,TT,AC,AA,CC,CC,AA,TT,AA,AA,GG,CC,CC,GG,AA,AG,AA,CC,GG,CC,CC,AA,AA,GG,TT,GG,AA,TT,TT,GG,CC,GT,GT,TT,CC,AA,TT,TT,AT,TT,GG,CC,AG,CC,CC,CC,GG,CC,AA,NN,AA,CC,TT,CG,TT,TT,GG,TT,AA,AG,TT,AC,GG,AA,CC,CC,GG,GG,AC,CC,TT,AA,GG,NN,GG,NN,CC,AA,AA,GT,TT,AT,AT,CG,GT,AA,CC,NN,GT,AA,GG,AA,TT,AC,TT,CC,CT,AA,CC,TT,GG,AG,CC,AG,CC,TT,CT,TT,GG,TT,AC,AC,AA,GG,CC,CC,GG,CC,GG,TT,AA,CG,GT,GG,CC,CC,AT,GG,CG,AT,CC,AA,AA,CC,CC,AC,TT,AA,GG,AA,AA,AA,AC,GG,AA,AA,AA,TT,GG,AA,AA,CC,AA,TT,AA,AA,GG,GG,GG,TT,AT,AA,TT,TT,TT,AG,TT,GG,CG,AA,6.73,Moderate,Low,Premium,Late
L0116,Mandya,Karnataka,Kharif,Red Loamy,Irrigated (Cauvery command),780,27.0,72,AA,TT,GG,AG,GG,CC,GG,AT,CC,CG,AT,CT,CC,AT,TT,GT,CG,TT,TT,AA,CG,GT,TT,CT,TT,CC,TT,TT,GG,AA,TT,CC,AA,CC,GG,GG,GG,CC,GG,CC,TT,TT,AA,GT,AA,AG,TT,AT,CG,CC,GT,AA,AA,GG,CT,TT,AA,AC,TT,AA,AA,TT,AT,AA,TT,TT,CC,GG,TT,GG,AA,GG,CC,AA,AG,AC,AT,GG,TT,TT,AG,GG,GG,CC,AT,GG,AG,AA,CC,GG,CC,TT,CT,AT,TT,GG,CT,CC,TT,CT,CT,CG,GG,AA,AT,TT,CC,AA,AG,AA,CC,GT,TT,CG,TT,AA,AA,TT,GG,GG,CC,GG,CC,GG,TT,AG,CC,CC,CC,CC,AA,TT,AC,AA,CC,CT,AA,TT,AA,AA,GG,CC,CC,GG,AA,AA,AA,CC,GG,CC,CC,AA,AA,AG,TT,AG,AA,TT,CT,GG,CC,TT,TT,CT,CG,AT,GT,TT,AT,TT,GG,CC,AA,CT,CC,AC,CG,CC,NN,GG,AG,CC,TT,CC,TT,TT,GG,AT,AA,AA,TT,CC,GG,AC,AC,CC,GG,GG,AA,GG,NN,AA,AG,CC,GT,AA,AC,AA,AT,GG,TT,TT,AT,CG,GG,AA,CC,TT,GT,AA,GG,AA,TT,AA,TT,CC,TT,AA,CC,TT,GG,AA,CC,AG,CC,AT,TT,TT,GG,TT,AA,CC,AA,GG,CC,CC,GG,CC,GG,TT,AA,CC,GT,AG,CC,CC,AT,GG,CC,AA,CC,AT,AA,CC,CG,AC,AT,AA,GG,AT,AA,AA,AA,GG,AA,AA,AA,TT,CG,AA,AA,AC,AA,TT,AA,AA,GG,GG,CG,TT,AA,AA,TT,TT,TT,NN,AT,GG,NN,AA,7.08,Susceptible,Medium,Standard,Medium
L0117,Mandya,Karnataka,Kharif,Red Loamy,Irrigated (Cauvery command),780,27.0,72,AC,CT,GG,AG,GG,CC,GG,AA,CC,CG,AA,CC,CG,TT,TT,GT,CG,TT,AT,NN,CC,GT,GT,CC,TT,CC,TT,TT,GG,AA,TT,CC,AA,CC,GG,GG,GG,CC,GG,CC,TT,CT,AA,GT,AA,NN,TT,TT,CC,AC,GT,AA,AA,GG,CC,GG,AA,AA,GT,AA,AA,GT,AT,AG,TT,TT,CC,GG,TT,GG,AA,GT,CC,AA,AG,AA,AA,GG,TT,TT,GG,GG,GG,CC,AA,GG,AA,AT,CC,GG,CC,TT,CT,AT,GT,AG,CT,CC,TT,CC,CT,CC,GG,AG,TT,TT,CC,AA,AG,AA,CT,GG,TT,CC,GT,AC,AA,TT,CC,GG,CC,AG,CC,GG,NN,AA,CC,CC,CC,CG,AA,GT,CC,AA,CC,CC,AA,TT,AA,AA,GG,CC,CC,GG,AA,GG,AT,CC,GG,CC,CC,AA,AA,GG,GT,GG,AA,GG,CC,GG,CC,TT,GG,CT,CC,AT,GT,TT,AA,TT,GG,CC,AG,CT,CC,CC,GG,CC,NN,GG,AA,CC,TT,CC,GT,GT,GG,AA,AA,AA,TT,CC,CG,AA,CC,CC,GG,GG,AC,GG,TT,AC,AA,CC,GT,AA,CC,AA,AA,GT,TT,AT,AA,GG,TT,AT,NN,TT,NN,AA,GG,AA,CT,AA,TT,CC,CT,AA,CC,CT,GG,AG,CC,GG,CC,TT,TT,GT,GG,AT,AA,CC,AA,GG,CC,CG,GG,CC,GG,AT,AA,CC,TT,GG,CC,CC,AA,AG,CG,AT,CC,AA,AA,CC,CG,CC,TT,AA,GG,AA,AA,CC,AA,AG,AG,AA,AA,TT,GG,CC,AA,CC,CC,CT,AA,AA,GG,GG,GG,TT,AT,AG,TT,NN,TT,AG,TT,GG,GG,AA,6.14,Resistant,Medium,Premium,Medium
L0118,Mandya,Karnataka,Kharif,Red Loamy,Irrigated (Cauvery command),780,27.0,72,AC,TT,GG,AG,GG,CC,GT,TT,CC,CC,AT,CC,CG,AT,TT,GT,GG,TT,TT,AA,CC,GT,TT,CT,NN,CC,TT,TT,TT,AA,TT,CC,AG,CC,GG,CG,GG,CC,GG,CC,TT,CT,AA,GT,AA,GG,TT,TT,NN,CC,GT,AA,AG,GG,CC,TT,AA,AA,GT,AA,AA,TT,AT,AA,NN,TT,CC,GG,TT,GG,AA,GG,CC,AG,AG,AC,AT,GG,TT,TT,GG,GT,GG,CC,AA,GG,AA,AA,CC,TT,CC,TT,CT,AA,TT,AG,TT,CC,TT,CC,CC,CG,GG,NN,TT,TT,CC,AA,AG,AA,CC,GG,TT,NN,TT,AA,AA,TT,CC,GG,CG,GG,CT,GT,TT,AA,CT,CC,CC,GG,AA,NN,CC,AA,CC,CC,AA,AT,AA,AA,CG,CC,CC,AG,AA,GG,AA,CC,GT,CC,CC,AG,AG,AG,GT,GG,AC,TT,CT,AG,CC,GT,TT,CT,NN,AT,TT,TT,AA,TT,GG,CC,AG,CT,CC,CC,CG,CC,AA,GG,AA,CC,TT,CC,GT,TT,GG,TT,AA,GG,TT,CC,CG,AA,AC,CC,GG,GG,AA,GG,TT,AA,AA,CC,GG,AT,AA,AT,AA,GG,TT,TT,AT,GG,GT,AA,CC,TT,TT,AA,GG,AA,TT,AC,TT,CC,CT,AC,CC,TT,GG,AG,CG,GG,AC,TT,TT,TT,GG,TT,AA,CC,AA,GG,CC,CG,GG,CC,GG,TT,AA,CC,TT,NN,CG,CC,AA,AG,CC,AT,CC,AA,AA,AC,CG,AC,AT,AA,CG,AA,AA,AA,AA,GG,AA,AA,AA,TT,GG,AA,AA,AC,AC,CT,AA,AA,GG,GG,GG,GT,AT,AG,TT,TT,TT,AG,TT,GG,CG,AA,7.42,Susceptible,High,Premium,Early
L0119,Mandya,Karnataka,Kharif,Red Loamy,Irrigated (Cauvery command),780,27.0,72,AA,TT,GG,GG,GG,CC,GG,AT,CC,CG,TT,CC,CG,TT,GT,GG,GG,TT,TT,AA,CC,GT,TT,CC,TT,CC,TT,TT,NN,AA,TT,CC,AA,CC,GG,GG,GG,CG,GG,CC,TT,CC,AA,TT,AG,GG,TT,TT,CC,AA,GG,AT,AG,GG,CC,TT,AA,AC,GT,AC,AA,TT,AA,AG,TT,AT,CC,GT,TT,GG,AG,GG,CC,AA,AG,AC,AT,AG,GT,TT,GG,GG,GT,CC,AA,GG,AA,AT,CC,GT,CC,TT,TT,AT,TT,GG,NN,CC,GT,CC,CC,CG,GG,AG,TT,TT,CC,AA,AA,AA,CC,GG,TT,CC,TT,NN,AA,AT,CC,AG,CG,GG,CT,GG,TT,AA,CT,CC,CC,CC,AA,TT,CC,AA,CC,CC,AA,TT,AA,AA,CC,CC,CC,AG,AA,AG,AA,CC,GG,CC,CC,AA,AA,NN,GT,GG,AC,TT,CT,GG,AA,TT,TT,CT,CC,AA,GT,CT,AA,AT,GG,NN,AG,CT,CC,CC,CC,CC,AA,GG,AG,CC,TT,CG,GG,TT,GG,AT,AA,AG,TT,CC,GG,AA,CC,CC,GG,GG,AA,GG,TT,AA,AG,CC,GG,AA,CC,AA,AA,GG,GT,TT,AT,NN,GT,AT,CC,TT,TT,AA,GG,AA,TT,AA,TT,NN,CT,AA,CC,CT,GG,GG,CC,AG,CC,TT,TT,GT,GG,AT,AA,CC,AA,GG,CC,CG,GG,CG,NN,TT,AA,CG,GG,GG,CC,CG,AA,GG,CC,AA,CC,AA,AA,AC,CC,CC,TT,AA,GG,AA,AA,AA,NN,GG,AA,AA,AA,TT,GG,AC,AG,AC,AC,TT,AA,AA,GG,AG,GG,TT,AA,AA,TT,TT,TT,AA,AA,GG,GG,AA,5.19,Susceptible,Medium,Poor,Early
L0120,Mandya,Karnataka,Kharif,Red Loamy,Irrigated (Cauvery command),780,27.0,72,AC,TT,GG,AG,GG,CC,GG,AT,CG,CC,AA,CC,CC,TT,TT,GT,CG,TT,TT,AA,CC,GT,GT,CT,TT,CC,TT,TT,GG,NN,TT,CC,AG,CC,GG,GG,GT,GG,GG,CC,TT,CT,NN,TT,AA,GG,TT,AT,CC,AC,GT,AA,GG,GG,CC,GT,AA,AC,GT,AA,AA,TT,AT,AG,TT,AT,CT,GG,TT,GG,AA,GT,AC,AA,GG,AC,AA,GG,TT,TT,GG,GG,GG,CC,AA,GG,AA,AT,CG,GT,AC,TT,CC,TT,TT,GG,TT,AC,GT,CC,CC,GG,GG,AG,AT,TT,CC,NN,AG,AA,CC,GG,TT,CG,GT,AA,AA,TT,CG,GG,CC,AG,CC,GG,CT,AA,CC,CC,AC,CC,AA,TT,CC,AA,CC,CC,AA,AT,AA,AA,GG,CC,CC,AG,AA,AG,AA,CC,GT,CC,CC,AA,AA,AG,GT,GG,AC,TT,TT,GG,CC,GG,TT,TT,CC,AA,TT,CT,AA,AT,GG,CC,GG,CC,CC,CC,GG,CC,AA,GG,GG,CC,TT,CC,GT,GT,CG,AT,AA,AG,TT,CC,CG,AA,CC,CG,GG,GG,CC,GG,TT,AA,AA,CC,GG,AT,AC,AA,AT,GG,TT,AT,AA,GG,GG,AT,CG,TT,GT,AA,GG,AA,TT,AA,TT,CC,TT,AA,CC,TT,GG,GG,CC,AG,NN,TT,CT,GT,GG,TT,AA,AC,AA,GG,CC,CC,GG,CC,GG,TT,NN,CC,TT,GG,CC,CC,AA,AG,CG,AA,CC,AA,AA,AC,CG,CC,TT,AA,GG,AA,AC,AA,AA,NN,AA,AA,AA,TT,CC,AC,AG,CC,AA,CT,AA,AA,GG,GG,GG,TT,AT,AA,GT,TT,TT,AG,TT,GG,CG,AA,6.41,Susceptible,Low,Premium,Medium
L0121,Mandya,Karnataka,Kharif,Red Loamy,Irrigated (Cauvery command),780,27.0,72,AC,TT,GG,AA,GG,CC,GG,TT,CC,CC,AA,CC,GG,TT,GT,GG,CG,TT,NN,GG,CG,TT,TT,CC,TT,CC,TT,TT,GT,AA,TT,CC,NN,CC,GG,GG,GG,CG,GG,CC,TT,CT,AA,GT,AA,GG,TT,AT,CC,AC,GG,AA,AA,GG,CC,TT,AT,AA,GT,AC,AG,TT,TT,AA,TT,TT,CC,GG,TT,GT,AG,GG,CC,AA,GG,AA,AA,GG,GT,TT,GG,GT,GT,CC,AA,GG,AA,AA,CC,NN,CC,NN,CT,AT,GG,NN,CT,CC,GT,CC,CT,CG,GG,AA,AT,TT,CG,AA,AA,AC,CC,GG,TT,CC,TT,CC,AA,AT,GG,AG,CG,GG,CC,GG,TT,AG,CC,CC,AC,CC,NN,GG,CC,AA,CC,CC,AA,TT,AA,AT,CG,CC,CC,AG,AA,AG,AA,CC,GG,CC,CC,AA,AG,AG,TT,GG,AC,TT,CC,GG,CC,GT,TT,TT,CC,AA,TT,TT,AT,TT,GG,CC,AA,CC,CC,CC,CG,AC,AA,GG,AA,AC,TT,CC,GT,TT,GG,TT,AA,AA,TT,CC,GG,AA,CC,CC,GG,GG,AA,GG,TT,AC,AA,CC,GG,AT,CC,AA,AT,GT,TT,TT,AT,GG,GG,AT,CC,AT,GT,AA,GG,AA,TT,AA,TT,CC,CT,AC,CC,TT,GG,AG,CG,AA,CC,TT,CT,GT,GG,TT,AA,AC,AG,GG,CC,CC,GG,CC,GT,AA,AA,CC,TT,GG,CC,CG,AT,AG,GG,AA,CC,AA,AA,CC,CG,AC,TT,AA,GG,AA,AC,AA,AA,AA,NN,AA,AA,AT,GG,AA,GG,CC,CC,TT,AG,AA,GG,GG,NN,TT,AA,AA,GT,TT,TT,GG,AT,GG,GG,AA,6.45,Susceptible,Medium,Premium,Early
L0122,Mandya,Karnataka,Kharif,Red Loamy,Irrigated (Cauvery command),780,27.0,72,AC,TT,GG,AA,GG,CC,GG,AT,CC,CG,AA,CT,CC,AT,TT,GT,CG,TT,TT,AG,CC,TT,GT,CC,TT,CC,TT,TT,GG,AA,TT,CC,AA,CC,GG,CG,GG,CG,GG,CC,TT,CT,AA,TT,AA,AG,TT,TT,CC,CC,GG,AT,NN,GG,CC,GT,AT,AC,GG,AC,AA,NN,TT,AA,TT,AT,CC,GG,TT,GT,AA,GG,CC,AA,AA,AC,AA,GG,TT,TT,GG,GG,GG,CC,NN,GG,AA,AA,CC,GG,CC,TT,CT,TT,TT,GG,TT,CC,GT,CC,CC,CG,GG,AA,TT,TT,CC,AA,AG,AA,CT,GG,TT,CC,TT,AA,AC,TT,CC,AG,CG,GG,CC,GG,CC,AA,CC,CC,CC,CC,AA,TT,CC,AA,CC,CC,AA,TT,AA,AT,CG,CT,CC,GG,AA,AG,AT,AC,NN,CC,CG,AA,AA,GG,TT,GG,AC,GT,CT,GG,CC,GT,GT,TT,CC,AA,TT,CT,AA,TT,CG,CC,AA,TT,CC,CC,GG,CC,AA,AG,AA,CC,TT,CC,GT,NN,GG,AT,AA,AG,TT,CC,GG,AA,CC,CG,GG,GG,AA,CG,TT,AA,AA,CC,GT,AA,CC,AA,AT,GG,GT,AT,AA,GG,GG,AA,NN,TT,TT,AA,GG,AA,CT,AA,TT,CC,CT,AA,CC,CT,GG,GG,CC,AG,AC,TT,CC,GT,GG,TT,AA,AC,AA,GG,CC,CG,GG,CC,GG,AT,AA,CG,TT,GG,CC,NN,AA,GG,CC,AA,CC,AA,AA,AC,CC,AC,AT,AA,GG,AA,AA,CC,AA,AA,NN,AA,AA,AT,GG,AA,AA,AC,AC,TT,AA,AA,GG,GG,GG,TT,AA,AA,GT,TT,TT,AG,TT,GG,GG,AA,6.67,Susceptible,Medium,Premium,Early
L0123,Mandya,Karnataka,Kharif,Red Loamy,Irrigated (Cauvery command),780,27.0,72,AC,TT,GG,AG,GG,CC,GT,AT,CC,CG,AA,CT,CG,AT,TT,GG,GG,TT,TT,AG,CG,TT,TT,CC,NN,CC,TT,TT,GG,AA,TT,CC,AA,CC,AG,CG,GG,CC,GG,CC,TT,TT,AA,GT,AA,GG,TT,AT,CC,AC,GT,AT,AA,GG,CT,TT,AA,AC,GT,AC,AA,TT,AT,AA,TT,AT,CC,GG,TT,GG,AA,GG,CC,AA,GG,AA,TT,NN,TT,TT,GG,GG,TT,CC,AT,GG,AA,AA,CC,TT,AC,TT,CT,AT,TT,GG,TT,NN,TT,CC,CT,GG,GG,AA,TT,TT,CG,AA,AA,AA,CC,GG,TT,CC,TT,AA,AA,TT,CG,GG,CC,GG,CC,GG,CT,AG,CC,CC,CC,CG,AA,TT,NN,AA,CC,CT,AA,AT,AA,AT,GG,CC,CC,GG,AG,AA,AA,CC,GT,CG,CC,AA,AG,GG,TT,GG,AA,TT,CT,GG,CC,GT,TT,TT,CC,AT,TT,NN,AA,AT,GG,CC,AG,CT,CC,AC,GG,CC,AA,GG,AG,CC,TT,CC,GT,TT,CG,AT,AA,AA,TT,CC,GG,AA,AC,CC,GG,GG,AA,GG,TT,AA,AA,CC,GG,NN,CC,AA,AA,GG,TT,AT,AA,CG,GT,AA,CG,TT,GT,AA,GG,AA,CT,AC,TT,CC,CT,AC,CC,TT,GG,AA,CC,AA,CC,TT,CC,GT,GG,TT,AA,CC,AA,GG,CC,CG,GG,CC,GG,AT,AG,CG,TT,GG,CC,CC,AA,GG,CG,AT,CC,AA,AA,AC,CC,AA,TT,AA,GG,AA,AA,AA,AA,AG,AG,AA,AA,AT,GG,AA,AA,AA,AA,CT,AA,AA,GG,GG,GG,TT,AA,AA,TT,TT,TT,AA,TT,GG,CG,AA,6.64,Moderate,Low,Premium,Medium
L0124,Mandya,Karnataka,Kharif,Red Loamy,Irrigated (Cauvery command),780,27.0,72,AC,TT,GG,AG,GG,CC,TT,AT,CC,CC,AA,CC,CC,TT,TT,GT,GG,TT,TT,AA,CC,GT,GT,CC,TT,CC,TT,TT,GG,AA,CT,CC,AA,CC,GG,GG,GG,GG,GG,CC,TT,CT,AA,GT,AA,AG,TT,TT,CC,AA,GT,AT,AA,GG,CT,TT,AA,AC,GT,AA,AA,TT,TT,AG,TT,AT,CC,GG,CT,GT,AA,GG,AC,AA,GG,AC,AT,GG,TT,TT,GG,GT,GG,CC,AA,GG,AA,AA,CC,TT,CC,TT,CT,TT,GT,GG,TT,CC,TT,CC,CT,GG,AG,AA,TT,TT,CG,AA,AA,AA,CC,GG,TT,CC,TT,AA,AA,TT,CC,AG,CC,GG,CT,GG,CT,AG,CC,CC,CC,CC,AA,GT,CC,AA,CC,CC,AG,TT,AA,AT,GG,CC,CC,GG,AA,AA,AA,AC,GT,CG,CC,AG,AA,GG,GT,GG,NN,TT,CT,GG,AC,GT,TT,TT,CC,AA,TT,TT,AT,TT,GG,CC,AG,CC,AC,CC,GG,CC,AA,GG,GG,CC,GT,CC,GT,TT,CG,TT,AA,AA,TT,CC,GG,AC,CC,CC,GG,AG,AC,GG,TT,AC,AA,CC,GG,AT,CC,AA,AA,GG,TT,TT,AT,CG,GT,AT,CC,AT,TT,AA,GG,AA,TT,AA,TT,CC,TT,AC,CC,TT,GG,AG,CG,AA,CC,TT,CT,TT,GG,TT,AA,AC,GG,GG,CC,CG,GG,CG,GG,AA,AA,CG,TT,AG,CG,GG,AA,GG,CC,AT,CC,AA,AA,AC,CC,CC,AT,AA,GG,AT,AA,CC,AA,GG,GG,AA,AA,TT,CG,AC,AA,AC,AA,CT,AA,AA,GG,GG,GG,TT,AA,AG,GT,TT,TT,AA,TT,GG,CG,AA,7.3,Susceptible,Low,Poor,Late
L0125,Mandya,Karnataka,Kharif,Red Loamy,Irrigated (Cauvery command),780,27.0,72,AC,CT,AG,AG,GG,CG,GG,AT,CC,CC,AA,CC,CG,TT,TT,GG,GG,TT,AT,AG,GG,TT,GT,TT,TT,CC,TT,AT,GT,AA,TT,CC,AA,CC,GG,GG,GG,CC,GG,CC,TT,CT,AA,GT,AG,GG,TT,AT,CC,AC,GT,AA,AA,GG,CT,GT,AA,AA,GT,NN,AA,TT,AT,GG,TT,AA,CC,GG,TT,GG,AG,GT,CC,AA,AG,AC,AA,GG,GT,TT,GG,GG,GG,CC,AT,GG,AG,AA,CC,GG,CC,GT,CT,TT,GT,GG,TT,CC,TT,CC,CC,CG,AG,AA,TT,TT,CC,AA,AG,AA,CT,GG,TT,CC,TT,AC,AA,TT,CC,GG,CC,AG,CT,TT,TT,AG,CT,CC,CC,CC,AA,TT,CC,AA,CC,CC,AA,TT,AA,AT,GG,CC,CC,AG,AG,AG,AA,CC,GT,CC,CC,AA,AG,AG,TT,GG,AA,TT,CT,GG,AC,TT,TT,TT,CC,AA,GT,TT,AT,TT,GG,CC,AA,TT,AC,CC,GG,CC,AA,GG,AA,CC,TT,CC,GT,TT,CG,TT,AA,AA,TT,CC,GG,AA,AC,CG,GG,GG,AA,GG,CT,AC,AA,CC,GG,AT,AC,AT,AA,GG,TT,AT,AT,GG,GT,AT,CG,AT,TT,AA,NN,AA,TT,AA,TT,CC,TT,CC,CC,TT,CC,AA,CC,AG,CC,TT,CT,GG,GG,TT,AA,AC,AA,GG,CC,CG,GG,CC,GG,AT,AA,GG,GT,GG,CC,CC,AA,AG,CC,AT,CC,AA,AA,AC,CC,CC,TT,AA,CG,AA,AA,AA,AA,AG,AA,AG,AA,TT,GG,AA,AG,CC,AA,CT,NN,AA,GG,GG,GG,TT,AA,AA,TT,TT,TT,AG,AA,GG,GG,AA,7.53,Susceptible,High,Poor,Late
L0126,Mandya,Karnataka,Kharif,Red Loamy,Irrigated (Cauvery command),780,27.0,72,CC,TT,AG,AG,GG,CC,GT,TT,CC,GG,AA,CC,GG,TT,GT,GG,CG,TT,TT,AA,CC,TT,GT,CC,TT,CC,TT,TT,GG,AC,TT,CC,AA,CC,GG,GG,GG,CG,GG,CC,TT,TT,AA,TT,AG,GG,TT,TT,CC,AC,GG,AA,AG,GG,CC,TT,AA,AA,GG,AA,AA,GT,TT,AA,TT,AT,CC,GG,TT,GG,AA,GG,CC,AA,GG,AC,AT,GG,TT,TT,AG,GG,GT,AC,AA,GG,AA,AA,CG,GT,CC,TT,CC,AT,TT,AG,CT,CC,TT,CC,CC,CC,GG,AA,TT,TT,CC,AA,AA,AA,CC,GG,TT,CC,TT,AA,CC,TT,CC,AG,CC,GG,CC,GG,TT,AA,CC,CC,CC,CG,AA,GT,CC,AA,CC,CC,AA,AT,AA,AA,GG,CC,CC,GG,AA,AG,AA,CC,GG,CC,CC,AA,AA,GG,TT,AG,AC,GT,TT,GG,CC,TT,GT,TT,CG,AA,GT,TT,AT,TT,GG,CC,AA,CC,CC,CC,GG,CC,AA,GG,AA,CC,TT,CC,GT,TT,GG,TT,AA,AG,TT,CC,CG,AA,CC,CC,GG,GG,CC,GG,TT,AA,AG,CC,GG,AT,CC,AA,AA,GG,TT,TT,AA,GG,GG,AT,CG,AT,GT,AA,GG,AG,CC,AC,TT,CC,TT,AC,CC,TT,GG,AA,CC,AA,CC,TT,TT,GT,GG,TT,AA,CC,AA,NN,CC,CC,GG,CG,GG,AT,AA,CC,TT,AG,CC,CG,AA,AG,CC,AT,CG,AA,AA,CC,CC,AC,TT,AA,GG,AA,AA,AC,AA,GG,AA,AA,AA,TT,CG,AA,AA,CC,AA,TT,AA,AA,GG,AG,GG,TT,AT,AA,TT,TT,TT,AG,AT,CG,GG,AA,6.66,Susceptible,High,Premium,Medium
L0127,Mandya,Karnataka,Kharif,Red Loamy,Irrigated (Cauvery command),780,27.0,72,AC,TT,GG,AA,CG,CG,GG,TT,CC,CC,AA,CC,CG,TT,TT,TT,GG,TT,TT,AA,CC,GT,GT,CC,TT,CC,GG,TT,GG,AC,TT,CC,AA,CC,GG,GG,GG,CC,GG,CC,TT,TT,AA,TT,AG,GG,TT,AA,CC,AC,GG,AT,AA,GG,CT,TT,AA,AC,GG,AC,AA,TT,NN,GG,TT,AT,CC,GG,TT,GG,AG,GT,AC,AA,GG,AA,AA,GG,TT,TT,GG,GG,GG,CC,AT,GG,AA,AA,NN,TT,CC,TT,CC,TT,GT,GG,CT,CC,TT,CC,CT,CG,AG,AA,AT,TT,CC,AA,AA,AA,CC,GG,TT,CC,TT,AA,AC,TT,CC,AG,CC,GG,CC,TT,NN,AG,CC,CC,CC,CC,AA,TT,CC,AA,CC,CC,AA,TT,AA,AT,CG,CC,CC,GG,AG,AG,AA,AC,GT,CC,CC,AA,AA,GG,GG,AG,AC,NN,TT,AG,CC,TT,GT,CT,CG,AT,TT,TT,AT,TT,GG,CC,AA,CC,CC,CC,GG,CC,AA,GG,AA,CC,TT,CC,GT,GT,GG,AT,AA,AG,TT,CC,CG,AA,CC,CC,GG,GG,AA,CG,TT,AC,AA,CC,GG,AT,AC,AA,AT,GG,TT,TT,AA,GG,GT,AA,CC,AT,GG,AA,GG,AA,TT,AC,TT,CC,TT,AC,CC,CT,GG,AG,CC,AA,AC,TT,CT,GT,GG,TT,AA,AC,AA,GG,CC,CC,GG,CC,GG,TT,AA,CG,TT,AG,NN,CC,AT,GG,CG,AT,CG,AA,AA,CC,CC,AC,AT,AA,GG,AA,AA,AC,AA,AA,AA,AA,AA,TT,GG,AC,AG,AC,AA,CT,AA,AA,GG,GG,GG,TT,AT,AA,GT,TT,TT,AA,TT,GG,GG,AC,6.31,Moderate,Low,Premium,Late
L0128,Mandya,Karnataka,Kharif,Red Loamy,Irrigated (Cauvery command),780,27.0,72,AC,TT,GG,AG,GG,CC,GG,TT,CC,CC,AA,CC,CC,TT,TT,GG,GG,TT,TT,AA,CC,TT,TT,CT,TT,CC,GT,AT,GT,AA,TT,CC,AA,CC,GG,GG,GG,CG,GG,CC,TT,TT,AA,TT,AA,GG,CT,AT,CC,AA,GG,NN,AA,GG,CC,GT,AA,AA,GG,AA,AA,GT,AT,AA,TT,AT,CC,GG,TT,GT,AA,GG,CC,AA,GG,AA,AT,AG,GT,TT,GG,TT,GG,CC,AA,GG,AA,AA,CG,GT,CC,TT,CC,TT,TT,GG,TT,AC,GT,NN,CT,CC,AG,AA,TT,TT,CC,AA,AA,AA,NN,GG,GG,CG,TT,AA,AA,TT,CC,GG,CC,GG,CC,GG,TT,AG,CT,CC,CC,CC,AA,TT,AC,AA,CC,CC,AA,TT,AA,AA,GG,CC,CC,GG,AA,AA,AA,AC,GG,CC,CG,AA,AA,GG,TT,GG,AA,TT,TT,GG,AC,TT,GT,TT,CC,AT,TT,NN,AT,AT,GG,CC,AA,CT,AC,CC,GG,CC,AA,GG,AG,CC,TT,CC,GG,GT,GG,TT,AA,AA,GT,CC,GG,AA,AC,CC,GG,GG,AA,GG,TT,CC,AA,CG,GG,AA,AC,AA,AA,GG,TT,AT,AA,CG,GT,AT,CC,AT,TT,AA,GG,AA,NN,AA,TT,CC,CT,AC,CC,TT,NN,AG,CC,AG,AC,TT,TT,TT,GG,TT,AA,CC,AA,GG,CG,CC,GG,CC,GG,TT,AG,CC,TT,GG,CC,CG,AA,AG,CC,AT,CC,AA,AA,CC,CG,NN,AT,AA,GG,AA,AA,CC,AA,AG,AA,AA,AA,TT,GG,AC,AG,CC,AA,TT,AG,AA,GG,GG,GG,TT,AA,AA,TT,TT,TT,AG,TT,GG,GG,AA,5.38,Susceptible,High,Premium,Medium
L0129,Mandya,Karnataka,Kharif,Red Loamy,Irrigated (Cauvery command),780,27.0,72,AC,CT,GG,AG,GG,CC,GG,AT,CC,CG,AA,CC,CG,AT,TT,GT,CG,TT,TT,AA,CC,GG,TT,CC,AT,CC,GT,AT,GT,AA,TT,CC,AA,CC,GG,GG,GG,CC,GG,CC,TT,TT,AA,TT,AA,AG,TT,AT,CC,AC,GG,AA,AG,GG,CT,GG,AA,AA,TT,AA,AG,TT,AT,AG,TT,TT,CT,GG,TT,GT,AG,GT,CC,AA,GG,AA,AT,GG,TT,TT,GG,GG,GT,NN,AA,GG,AA,AA,CC,TT,AC,TT,CT,TT,TT,GG,TT,CC,TT,CC,CC,GG,NN,AA,TT,TT,CG,AA,AG,AA,CT,GG,GT,CC,TT,AC,NN,TT,CC,AG,CG,GG,CT,GT,TT,AA,CC,CC,CC,CC,AA,TT,CC,AA,CC,CC,AA,TT,AA,AA,GG,CC,CC,GG,AA,GG,AA,CC,GT,CC,CC,AA,NN,GG,TT,GG,AA,GT,CT,AG,CC,GT,TT,TT,CC,AT,TT,CT,AA,AA,GG,CC,AG,CC,CC,CC,GG,AC,AA,GG,AG,AC,TT,CC,GG,TT,CG,AT,AA,AG,TT,CC,GG,AA,CC,CC,GG,GG,AC,GG,TT,AA,AG,CC,GG,AT,CC,AA,AA,GT,TT,AT,AT,CG,GG,AA,CC,TT,GT,AA,GG,AA,TT,AA,TT,CC,CT,AA,CC,TT,GG,AG,CC,AA,AC,TT,TT,TT,GG,AT,AA,NN,AG,GG,CC,CC,GG,CC,GG,TT,AA,CC,TT,GG,CC,CC,AA,GG,CC,AA,CG,AA,AA,AC,CC,NN,TT,AA,GG,AT,AA,AA,AA,GG,AG,AA,AA,TT,GG,AC,AG,AC,AC,TT,AA,AA,GG,GG,GG,TT,AA,AA,GT,TT,TT,AA,TT,GG,GG,AA,2.79,Susceptible,Low,Premium,Medium
L0130,Mandya,Karnataka,Kharif,Red Loamy,Irrigated (Cauvery command),780,27.0,72,AC,CT,AG,AG,GG,CC,TT,AT,CC,CC,AA,CC,CC,TT,TT,GG,GG,TT,TT,AA,CC,TT,GG,CT,TT,CC,GT,AT,GG,AA,TT,CC,AA,CC,GG,GG,GG,CC,GG,CC,TT,TT,AA,TT,GG,AG,CT,TT,CC,AA,GT,AA,AG,GG,CC,GG,AT,AA,GG,AA,AA,GT,AT,AA,TT,TT,CC,GG,TT,GG,AG,GG,CC,AA,AA,CC,AT,AG,TT,TT,GG,GG,GG,CC,AT,GG,AA,AA,CC,GT,CC,TT,CC,TT,TT,GG,CT,CC,TT,CC,CC,CG,AG,AA,AT,TT,CC,AA,AG,AA,CT,GG,NN,CG,GT,AA,AA,TT,CC,GG,CC,GG,CC,TT,CT,AA,CT,CG,AC,CC,AA,TT,CC,AA,CC,CT,AA,TT,AA,AA,GG,CC,CC,GG,AG,AA,AA,CC,GG,CC,CG,AG,AA,GG,TT,GG,AC,TT,CT,GG,CC,GT,TT,TT,CC,AA,GT,TT,AA,TT,GG,CC,AG,CT,CC,CC,GG,CC,AA,GG,AG,CC,TT,CC,GT,TT,GG,AT,AA,AA,TT,CC,GG,AA,NN,NN,GG,GG,AC,GG,TT,AC,AA,CC,GG,AA,CC,AA,AT,GG,GT,TT,AA,GG,GG,AT,CC,AT,GT,NN,GG,AA,TT,AC,TT,CC,TT,CC,CC,TT,GG,AG,CC,AG,CC,TT,TT,GT,GG,TT,AA,CC,AG,GT,CC,CG,GG,CC,GG,TT,AG,CC,GT,GG,CC,CC,AA,AG,CC,AA,CC,AA,AA,AC,CG,AC,TT,AA,GG,AA,AA,AC,NN,AA,GG,AG,AA,TT,GG,AC,AG,AC,NN,TT,AA,AA,GG,GG,GG,TT,AA,AA,TT,TT,AT,AG,TT,GG,GG,AA,7.92,Susceptible,High,Poor,Medium
L0131,Mandya,Karnataka,Kharif,Red Loamy,Irrigated (Cauvery command),780,27.0,72,AA,TT,GG,AG,GG,CC,GG,AT,NN,CG,AA,CT,CG,AT,TT,GG,CG,TT,TT,AA,CC,GT,GT,CC,TT,CC,TT,TT,GG,AA,TT,CT,AA,CC,GG,CG,GG,CC,GG,CC,TT,TT,AA,TT,AA,AG,TT,AT,CC,CC,GG,AA,AG,GG,CC,GT,AA,AC,GT,AA,AA,TT,TT,AA,TT,AT,CC,GG,CT,GG,AA,GG,CC,AA,GG,CC,AA,GG,TT,TT,GG,GG,GG,CC,AA,GG,AA,AA,CC,TT,AC,TT,CT,TT,TT,GG,TT,CC,TT,CT,CT,CG,AG,AA,TT,GT,CC,AA,AA,AA,CC,GG,TT,CC,TT,AA,AA,TT,CG,GG,CG,GG,CC,GT,TT,AA,CC,CC,CC,CC,AG,TT,CC,AC,CC,CC,AA,TT,AA,AA,GG,CC,CC,GG,AG,AA,AA,CC,TT,CC,CC,AA,NN,GG,TT,AG,AA,TT,TT,GG,CC,GT,TT,TT,GG,AA,TT,TT,AA,AT,GG,CC,AG,CT,CC,CC,CG,AC,AA,GG,AA,NN,TT,CG,TT,TT,GG,AT,AA,AA,TT,CC,GG,AA,AC,CC,GG,GG,AA,GG,TT,AC,AG,CC,GG,AT,CC,AA,AA,GG,TT,AT,NN,GG,GG,AA,CC,AT,GT,AA,GG,AA,TT,AA,TT,CC,TT,AA,CC,CT,CG,AG,CG,AG,CC,TT,CT,GT,GG,TT,AC,AC,AG,GG,CC,CC,GG,CC,GG,TT,AG,CC,GT,GG,CC,CG,AA,AG,CC,AT,CC,AA,AA,CC,CC,NN,TT,AA,GG,AA,AA,AA,AA,AA,AG,AG,AA,TT,GG,AA,AA,AA,AA,CT,AA,AG,CG,GG,CG,TT,AA,NN,TT,NN,TT,AA,AT,GG,GG,AC,6.88,Resistant,High,Standard,Late
L0132,Mandya,Karnataka,Kharif,Red Loamy,Irrigated (Cauvery command),780,27.0,72,AC,TT,GG,AA,GG,CC,GT,AT,CC,CG,AA,CT,CC,AT,TT,GG,GG,TT,AT,AG,CC,TT,GT,CC,TT,CC,TT,TT,NN,AA,TT,CC,AA,CC,AG,GG,GG,CG,GG,CC,TT,CT,AA,TT,AG,AG,TT,TT,CG,AC,GG,AA,AG,GG,NN,TT,AA,AA,GG,AA,AA,TT,NN,AA,TT,AT,CC,NN,TT,GG,AA,GG,CC,AA,GG,AA,TT,GG,GT,TT,GG,GG,GT,CC,AA,GG,AA,AA,CC,GT,CC,TT,CC,TT,TT,GG,TT,CC,GG,CC,CC,CC,AG,AA,TT,TT,CC,AA,AG,AC,CC,GG,TT,CG,TT,AA,AA,TT,CC,GG,CC,GG,CC,GG,TT,NN,CC,CC,CC,CC,AA,GT,CC,AA,CC,CC,AA,TT,AA,AT,CG,CC,CC,GG,AA,AA,AA,AC,GG,CC,CC,AA,AA,AG,TT,GG,AC,TT,TT,AG,CC,TT,TT,TT,CG,AT,TT,TT,AA,TT,GG,CC,AA,CC,CC,CC,CC,AC,AA,GG,GG,CC,TT,CC,GT,GT,GG,AA,AA,AA,TT,CC,GG,AA,CC,CC,CG,GG,AC,GG,CT,AA,AA,CC,GG,AA,CC,AT,TT,GT,TT,AT,AT,CG,GT,AA,CC,AT,GG,AA,GG,AA,CC,AA,TT,CC,TT,AA,CC,TT,GG,AA,CC,AG,AC,TT,TT,GT,GG,TT,AA,CC,AA,GG,CC,CC,GG,CC,GG,TT,AA,CC,TT,GG,CC,CC,AA,GG,CG,AA,CC,AA,NN,AA,CG,AC,AT,AA,CG,AA,AA,AC,AA,GG,AA,AG,AA,AT,GG,AA,AG,AC,AA,CT,AA,AG,CG,GG,GG,TT,AA,NN,GT,TT,TT,AA,TT,GG,GG,AA,6.12,Moderate,Low,Poor,Medium
L0133,Mandya,Karnataka,Kharif,Red Loamy,Irrigated (Cauvery command),780,27.0,72,NN,TT,GG,AG,GG,CG,GG,AT,CC,CG,AA,CC,CG,TT,GT,NN,GG,TT,TT,AG,CC,TT,GT,CC,TT,CT,TT,AT,GT,AA,TT,CC,AA,CC,NN,GG,GG,CC,GG,AC,TT,CT,AC,TT,AA,AG,TT,TT,CC,AC,GG,AT,AA,GG,CC,GT,AT,AA,GG,AA,AA,TT,AT,AA,TT,TT,CC,GG,TT,GT,AA,GG,CC,AA,GG,AC,AT,GG,GT,TT,GG,GG,GG,CC,AA,GG,AA,AA,CC,TT,CC,TT,CT,TT,TT,AG,TT,CC,TT,CT,CT,CC,AG,AA,AT,GT,GG,AA,AG,AA,CC,GG,GT,CG,TT,AA,AC,AT,CC,GG,CC,GG,CC,GG,CT,AA,CC,CC,NN,NN,AA,TT,CC,AA,CC,CC,AA,TT,AA,AA,GG,CC,CC,AA,AA,GG,AT,CC,GT,CC,CC,AG,AA,GG,GT,GG,AC,TT,CT,GG,AC,GG,GT,TT,CC,AA,TT,TT,AA,AT,CG,CC,AA,CC,CC,CC,GG,CC,AA,GG,AG,CC,TT,GG,GT,TT,GG,AT,AA,AA,TT,CC,GG,AC,AC,CG,GG,AG,AC,GG,TT,CC,AA,CC,GG,AA,NN,AA,AT,GT,TT,AT,AT,GG,GT,AA,CG,AT,GT,AA,GG,AA,CT,AA,TT,CC,TT,AA,CC,CT,GG,GG,NN,AA,CC,TT,CT,TT,GG,NN,AA,AC,AG,GG,CC,CC,GG,CC,GG,TT,AA,CC,GT,GG,CG,CG,AA,GG,CC,AA,CC,AA,AA,CC,CG,CC,NN,AA,GG,AT,AC,AC,AA,GG,AA,AA,AG,TT,GG,AC,AA,AC,AA,CT,AA,AA,GG,GG,GG,TT,AT,AG,TT,TT,TT,AA,TT,GG,CG,AA,5.61,Susceptible,Low,Poor,Early
L0134,Mandya,Karnataka,Kharif,Red Loamy,Irrigated (Cauvery command),780,27.0,72,CC,CT,AG,AG,GG,CC,GT,TT,CC,CG,AA,CT,CC,TT,TT,GT,GG,TT,TT,AA,CC,TT,TT,CC,AT,CC,TT,TT,GG,AA,CT,CC,AA,CC,GG,CC,GG,CG,GG,CC,TT,TT,AA,TT,AG,AG,CT,TT,CC,AC,GG,AA,NN,GG,CC,TT,AA,AC,GT,CC,AG,GT,AT,AA,TT,AT,CC,GG,TT,GG,GG,GG,CC,AA,GG,AC,AA,GG,TT,TT,GG,GG,GT,CC,AA,GG,GG,AT,CC,GT,NN,TT,CC,TT,TT,GG,TT,CC,GT,CT,CC,CC,AG,AG,AT,GT,CC,AA,AA,AA,CT,GG,GT,CG,TT,AC,AA,TT,CC,AG,CC,GG,CT,GG,TT,AA,CC,CC,CC,CC,AA,TT,NN,AA,CC,CC,AA,TT,AG,NN,GG,CC,CC,GG,AA,AG,AA,AC,GT,CC,CC,AA,AG,GG,TT,GG,CC,TT,CT,NN,CC,TT,TT,CC,CC,AA,TT,TT,AA,TT,GG,CC,AG,CT,CC,NN,GG,CC,AA,GG,AG,CC,TT,CC,GT,TT,GG,TT,NN,AA,GT,NN,GG,AA,CC,CC,GG,GG,AA,GG,TT,AA,AG,CC,GT,AT,CC,AA,AA,GG,GT,AT,AT,CG,GT,AT,CC,TT,TT,AA,GG,AG,CT,AA,TT,CG,TT,AA,CC,TT,GG,AA,CC,AA,CC,TT,TT,TT,GG,TT,AA,CC,AA,GG,CC,CC,GG,CC,GG,AT,AA,CC,TT,GG,CC,CC,AA,GG,CC,AA,CC,AA,AG,AC,CG,CC,TT,AA,CG,AA,AA,AC,AC,AG,AA,GG,AA,TT,GG,AA,AA,AC,AA,TT,AA,AA,GG,GG,GG,TT,AA,AA,TT,TT,TT,AA,AT,GG,GG,AA,7.63,Susceptible,Medium,Premium,Early
L0135,Mandya,Karnataka,Kharif,Red Loamy,Irrigated (Cauvery command),780,27.0,72,NN,TT,GG,GG,NN,CC,GG,AT,CC,NN,AA,CC,CC,AT,TT,GG,GG,TT,TT,AG,CC,TT,TT,CT,TT,CC,GT,TT,GT,AA,TT,CC,AA,CC,GG,GG,GG,CG,GG,CC,GT,CT,AA,TT,AG,AG,TT,AT,CC,CC,GG,AA,AA,GG,CT,TT,AA,AA,TT,CC,AA,TT,AT,AA,CT,AT,CC,GG,TT,GT,AG,GG,CC,AA,GG,AA,AT,GG,TT,TT,GG,GT,GT,CC,AA,GG,AA,AT,CC,GT,CC,TT,CC,AT,TT,GG,CT,CC,GG,CC,CT,CC,GG,AA,AT,TT,CG,AG,AG,AA,CT,GG,TT,CC,TT,AA,AA,AT,CC,NN,CG,GG,CC,GT,TT,AG,CC,CC,CC,CC,AA,TT,AC,NN,CC,CC,AA,TT,AG,AT,GG,CC,CC,GG,AA,AG,AA,CC,GG,CG,CC,AA,AA,GG,TT,AG,AA,GT,CT,GG,AA,TT,TT,TT,CG,AA,TT,TT,AA,TT,GG,CG,AA,CC,CC,CC,CG,CC,AA,GG,AA,CC,TT,CC,TT,GT,GG,TT,AG,AA,TT,CC,GG,AC,AC,CC,GG,GG,AC,GG,TT,AA,AA,CC,GG,AT,AC,AA,AA,GG,TT,TT,AT,CG,GG,AA,CC,TT,TT,AA,GG,AA,TT,AA,TT,CC,TT,AA,AC,CT,GG,AA,CG,AG,CC,TT,CT,GG,GG,TT,AA,CC,AG,GT,CC,CC,GG,CC,GG,AT,AA,CC,GT,GG,CC,CC,AA,AG,GG,AA,CC,AA,AA,CC,CC,CC,TT,AA,GG,AA,AA,AC,AA,AA,AG,AA,AA,AT,GG,AA,AA,AC,AA,CC,AA,AG,GG,GG,GG,TT,AT,AG,TT,TT,TT,AG,AT,GG,NN,AA,6.84,Resistant,Low,Poor,Medium
L0136,Mandya,Karnataka,Kharif,Red Loamy,Irrigated (Cauvery command),780,27.0,72,AC,TT,GG,AG,GG,CC,TT,TT,CC,CG,AA,CC,NN,TT,GT,GG,CG,TT,TT,AA,CC,GT,TT,CC,AT,CC,GT,AT,GG,AA,TT,CC,AG,CC,AG,CG,GG,GG,GG,AC,TT,TT,AC,TT,AA,GG,CT,AA,CC,AC,GT,AA,AG,GG,CC,TT,AA,AA,GT,AA,AA,TT,TT,AG,TT,TT,CC,GG,TT,GG,GG,GG,CC,AG,GG,AC,AT,GG,GT,TT,GG,TT,GG,CC,AA,GG,AA,AA,CC,GT,CC,TT,CT,TT,GT,GG,CT,AC,NN,CC,CC,CC,AG,AG,TT,TT,CG,AA,AG,AA,CC,GG,TT,CC,TT,AA,AA,TT,CC,AG,CG,GG,CC,GG,CT,AG,CT,CC,CC,CC,AG,TT,CC,AA,CC,CC,AA,TT,AA,AA,GG,CT,NN,GG,AA,AA,AA,CC,GT,CC,CC,AG,AG,AG,GT,GG,AA,TT,CT,GG,CC,TT,GG,TT,CC,AA,TT,CT,AT,NN,CG,CC,AA,CC,CC,CC,CG,AC,AT,GG,AA,CC,TT,CC,GT,TT,CG,TT,AA,AA,TT,CC,GG,AC,CC,CC,GG,AG,AC,GG,TT,AC,AA,CC,GG,AA,CC,AA,TT,GT,TT,AT,AT,GG,TT,AA,CC,TT,TT,AA,GG,AA,CT,AA,TT,CC,TT,AA,CC,TT,GG,AA,CC,AA,AC,TT,TT,TT,GG,TT,AC,CC,AG,GT,CC,GG,GG,CC,GG,TT,AA,CG,TT,AG,CC,CC,AT,GG,CG,AT,CC,AA,AA,AC,GG,AC,TT,AA,GG,AA,AC,AC,AC,AG,AG,AA,AA,TT,CG,AA,AG,AA,AA,CT,AG,AG,GG,GG,GG,GT,AA,AA,GT,AT,TT,AG,TT,GG,GG,AC,7.05,Moderate,Low,Premium,Early
L0137,Mandya,Karnataka,Kharif,Red Loamy,Irrigated (Cauvery command),780,27.0,72,CC,TT,GG,AA,GG,CC,GT,TT,CC,CC,AA,CC,CC,TT,TT,GG,GG,TT,TT,AA,CG,GT,NN,CC,TT,CC,TT,AT,GT,AA,CT,CT,AA,CC,GG,GG,GG,CC,GG,CC,TT,CT,AA,TT,AG,AG,TT,TT,CC,CC,TT,AT,AA,NN,CT,TT,AA,AA,GT,AC,AA,TT,AT,AG,TT,AT,CC,GG,TT,GG,AA,GG,CC,AA,GG,CC,AT,GG,TT,TT,GG,GT,GG,CC,AA,GG,AA,AT,CC,GT,CC,TT,CC,TT,TT,AG,TT,CC,GT,CC,CC,CG,AG,AA,TT,TT,CC,AA,AA,AA,CC,GG,TT,CC,GT,AC,AA,TT,CC,AA,CG,AG,CC,TT,TT,AA,CC,CC,CC,NN,AA,TT,CC,AA,CC,CC,AA,TT,AA,TT,GG,CC,CC,GG,AG,AA,AA,CC,GT,CC,CC,AA,GG,AG,TT,AG,AC,GT,CC,GG,CC,TT,TT,TT,CC,AT,TT,TT,AT,TT,GG,CC,AA,CT,AC,CC,GG,CC,AA,GG,AG,CC,TT,CC,GG,TT,GG,AA,AA,AA,TT,CC,GG,CC,CC,CC,GG,GG,CC,GG,TT,AA,AA,CC,GG,AT,CC,AA,AT,GG,TT,AT,AA,GG,TT,AT,CC,AT,TT,AT,GG,AA,TT,AA,TT,NN,TT,AA,CC,CT,GG,AG,CC,GG,AC,TT,CT,TT,GG,AT,AC,AA,AA,GG,CC,CG,GG,CC,GG,AT,AA,CG,TT,GG,CG,CC,AA,GG,CC,AT,CC,AA,AA,AC,CG,CC,TT,AA,GG,AA,AC,CC,AA,AA,GG,AA,AA,AT,GG,AC,AA,AA,AC,CC,AG,AG,GG,GG,NN,GT,AA,AG,TT,TT,TT,AA,TT,GG,GG,AA,5.76,Susceptible,Medium,Standard,Late
L0138,Mandya,Karnataka,Kharif,Red Loamy,Irrigated (Cauvery command),780,27.0,72,AC,TT,GG,AG,GG,CC,NN,TT,CC,CC,AA,CC,CC,AT,GT,GG,GG,TT,TT,AA,CC,TT,TT,CT,TT,CC,GT,TT,GG,AA,TT,CC,AA,CC,GG,CG,GG,CG,GG,CC,TT,CC,AA,TT,AA,GG,TT,AT,CC,AC,GG,AT,AA,GG,CC,TT,AA,AA,GT,AA,AA,TT,TT,AA,TT,AT,CC,GG,CT,GG,AG,GG,CC,AA,AA,AA,AA,GG,TT,TT,GG,GT,GG,NN,AA,GG,AA,AA,CC,GT,AC,TT,CC,TT,TT,AG,CT,CC,TT,CC,CC,CC,AG,AA,AT,TT,CC,AA,AG,AC,CC,GG,TT,CC,TT,AA,AC,TT,CG,GG,CG,GG,CC,GT,CC,AA,CC,CC,AC,CC,AA,TT,AC,AA,CC,CC,AA,AT,AA,AA,GG,CC,CC,GG,AA,AA,AA,AC,GG,CC,CC,AA,AA,GG,TT,AG,AA,TT,CC,AG,AC,TT,GT,TT,CC,AA,GT,TT,TT,NN,GG,CC,AA,CC,CC,AC,GG,CC,AA,GG,AG,CC,TT,CC,TT,TT,GG,TT,AA,AA,TT,CC,GG,AA,AA,CC,GG,GG,AC,GG,TT,CC,AA,CC,GG,AT,CC,AA,AA,GG,TT,TT,AT,CG,GT,AT,CG,AT,GT,AA,GG,AA,TT,AC,TT,CC,TT,AC,CC,TT,GG,AG,CG,AG,AC,TT,TT,GT,GG,NN,AA,CC,AA,GG,CC,CG,GG,CC,GG,AT,AA,CC,GT,GG,CC,CC,AA,AG,CC,AT,CC,AA,AA,CC,CC,CC,TT,AA,NN,AA,AA,AC,AA,GG,AA,AA,AA,AT,CG,AA,GG,CC,AC,CT,AA,AA,GG,GG,CG,TT,AA,AA,GT,TT,TT,AG,TT,GG,CG,AC,7.1,Resistant,Low,Premium,Late
L0139,Mandya,Karnataka,Kharif,Red Loamy,Irrigated (Cauvery command),780,27.0,72,AA,CT,GG,AG,GG,CG,GT,TT,CC,CG,AA,CC,CG,TT,TT,GT,GG,TT,TT,AA,CC,TT,TT,CC,TT,CC,TT,TT,GG,AA,TT,CC,AA,CC,GG,GG,GG,CC,GG,CC,TT,CT,AA,TT,AA,AA,CT,TT,CC,CC,GG,AA,AG,GG,CC,GT,AA,AC,GT,AC,AG,TT,TT,NN,TT,TT,CT,GG,TT,GG,GG,GT,CC,AG,GG,AA,AT,GG,GT,TT,AG,GT,GG,CC,AA,GG,AA,AA,CC,GG,CC,GT,NN,TT,GT,GG,TT,CC,GT,CC,CC,CC,AA,AG,TT,TT,CC,AA,AG,AC,TT,GG,TT,CC,GT,AA,AA,TT,CG,GG,CC,GG,CC,GT,TT,AA,CT,CC,AC,CC,AA,TT,CC,AA,CC,CC,AA,TT,AG,AA,GG,CC,CC,GG,AA,AG,AA,CC,GG,CG,CC,AA,AG,AG,TT,GG,AA,GT,TT,AG,AC,GG,TT,TT,CC,AA,GT,TT,AT,TT,GG,CC,AG,TT,CC,CC,CG,CC,AA,GG,AA,CC,TT,CC,GT,GT,GG,TT,AG,AA,TT,AC,GG,NN,CC,CC,GG,GG,AA,GG,TT,AA,AA,CC,GG,AA,AA,AA,AT,GG,TT,AT,AA,CG,GT,AA,GG,TT,TT,AA,GG,NN,CT,CC,TT,CC,CT,AA,CC,TT,NN,AA,CG,AG,AC,TT,TT,GG,NN,TT,AA,AC,AA,GG,CC,CG,NN,CC,GG,NN,AG,CC,TT,AG,CC,CC,AA,AG,CG,AA,CC,AA,AA,CC,CG,CC,TT,AG,GG,AA,AA,AA,AA,GG,AG,AG,AA,AT,NN,AA,AA,CC,AA,TT,AA,AA,GG,GG,GG,TT,AA,AA,GT,TT,TT,AA,TT,GG,CG,AA,8.7,Susceptible,High,Poor,Early
L0140,Mandya,Karnataka,Kharif,Red Loamy,Irrigated (Cauvery command),780,27.0,72,AA,TT,GG,AA,GG,CC,GG,TT,CC,CC,AA,CC,CG,AT,TT,GT,CG,TT,TT,AA,CC,GG,GT,CC,TT,CC,TT,AT,NN,AA,TT,CC,AA,CC,AG,CG,GG,CG,GG,CC,TT,CT,AC,TT,NN,AG,TT,TT,CC,AC,GG,AA,AA,GG,CC,GG,AA,AA,TT,AA,AA,TT,TT,AG,TT,AT,CC,GG,TT,GG,AA,GG,CC,AA,GG,CC,AT,GG,TT,TT,GG,GG,GG,CC,AA,GG,AA,AA,CC,GT,AC,TT,CC,AT,TT,AG,TT,CC,GT,CC,CT,CG,AA,AG,TT,TT,CC,AG,AA,AA,CC,GG,GT,CG,GT,AA,AA,TT,CC,AG,CC,GG,CC,GT,TT,AG,CT,CC,CC,CC,AA,TT,CC,AA,CC,CC,AA,TT,AG,AA,NN,CC,CG,GG,NN,GG,AT,CC,GT,CC,CC,AA,AG,GG,TT,AG,AA,GT,CT,GG,AA,TT,TT,TT,CC,AA,GT,TT,AA,TT,CG,CC,AA,TT,CC,CC,CG,CC,AA,GG,AG,NN,TT,CC,GG,TT,CG,AA,AA,AA,TT,CC,GG,AA,CC,CC,GG,GG,CC,CG,TT,AC,AA,CC,GG,AA,CC,AA,AA,GG,TT,AA,AA,GG,TT,AA,CG,TT,TT,AA,GG,AA,CT,AA,TT,CG,CT,AC,CC,CT,CG,AG,CG,AA,CC,TT,TT,TT,GG,TT,AC,AC,AA,GG,CC,CC,GG,CC,GT,AT,AA,CC,GT,GG,CC,CC,AA,GG,CC,AA,CC,NN,AA,CC,CG,AC,TT,AA,GG,AA,AA,AA,AA,AA,AA,AG,AA,TT,CG,AA,AG,CC,AA,NN,AA,AG,GG,GG,GG,TT,AA,AA,GT,TT,TT,AA,AT,GG,GG,AA,6.77,Moderate,High,Poor,Late
L0141,Mandya,Karnataka,Kharif,Red Loamy,Irrigated (Cauvery command),780,27.0,72,AA,TT,GG,AG,GG,CC,GG,TT,CC,CC,AT,CC,CG,TT,TT,GG,CG,TT,NN,AA,CC,TT,GT,CC,TT,CC,TT,TT,GG,AA,TT,CT,AA,CC,GG,CG,GG,CC,GT,CC,TT,CT,AA,TT,GG,GG,TT,TT,CC,AC,GG,AA,AA,GG,CC,TT,AT,CC,GG,AC,AA,TT,AT,AG,TT,AT,CC,GG,TT,GG,AA,GG,CC,AA,AG,AC,AA,GG,TT,TT,GG,GG,GT,CC,AA,GG,AA,AA,CC,GT,AC,TT,CC,TT,TT,GG,TT,CC,GT,CC,CC,CC,AA,AA,AT,TT,CC,AA,AA,AA,CC,GG,TT,CC,TT,AC,AA,TT,CG,GG,CC,GG,CC,GG,TT,AA,CT,CC,AC,CC,AA,TT,AC,AA,CC,CC,AA,TT,AA,AA,GG,CT,CG,GG,AG,AG,AA,CC,GT,CG,CC,AA,AG,GG,TT,GG,AC,TT,CT,GG,AC,GT,GT,TT,CG,AA,TT,TT,AA,TT,GG,CG,AA,CT,CC,CC,CG,CC,AA,GG,AA,CC,TT,CG,TT,TT,GG,TT,AA,AA,TT,CC,CC,AC,CC,CC,GG,GG,AC,GG,TT,AA,AA,CC,GT,AT,CC,AA,TT,GG,TT,AT,TT,GG,GG,TT,CG,AT,TT,AA,GG,AA,TT,AA,TT,CC,CT,AA,CC,TT,GG,AG,CC,AA,CC,TT,TT,GT,GG,TT,AA,CC,AA,GG,CC,CG,GG,CC,GG,AT,AA,CC,TT,GG,CC,CC,AA,NN,CC,AA,CC,AT,AA,AC,CG,CC,AT,AA,GG,AA,AA,AC,AA,GG,AG,AA,AA,TT,GG,AC,AA,CC,AA,TT,AA,AA,GG,GG,GG,TT,AA,AG,GT,TT,TT,AG,TT,GG,GG,AA,6.22,Susceptible,Medium,Standard,Late
L0142,Mandya,Karnataka,Kharif,Red Loamy,Irrigated (Cauvery command),780,27.0,72,AA,TT,GG,AA,CG,CC,GG,TT,CC,CC,AA,CT,CG,TT,TT,GG,GG,TT,TT,AG,CC,GT,GT,CC,NN,CC,GT,TT,GG,AA,TT,CC,AA,NN,GG,GG,GG,CC,GG,CC,TT,TT,AA,TT,AA,AA,TT,TT,CC,CC,GG,AA,AA,GG,CC,TT,AA,CC,GG,AA,AA,TT,TT,AA,TT,AT,CC,GG,TT,GG,AA,GT,AC,AG,GG,AA,AA,GG,TT,TT,GG,TT,GT,CC,AA,GG,AA,AA,CC,TT,CC,TT,CT,AT,TT,GG,TT,CC,GT,CC,CT,CC,AG,AA,TT,TT,CG,AA,AA,AA,NN,GG,TT,CC,TT,AA,AA,TT,CC,AG,CG,AG,NN,GG,CT,AG,CC,CC,CC,CC,AA,TT,CC,AA,CC,CT,AA,AT,AA,AA,GG,CC,CC,GG,AA,AA,AA,CC,GG,CC,CC,AA,AG,NN,TT,GG,AC,TT,TT,GG,CC,GT,GT,TT,CC,AA,TT,TT,AA,TT,CC,CC,AA,CC,CC,CC,GG,CC,AA,AG,NN,AC,TT,CC,TT,GT,GG,AT,AA,GG,TT,CC,CG,AA,CC,CC,GG,GG,AA,GG,TT,AA,AG,CC,GG,AA,AC,AA,AT,NN,TT,AT,AA,GG,GT,AA,GG,TT,TT,AA,AG,AA,NN,NN,TT,CC,TT,AA,CC,CT,GG,GG,CC,AA,CC,TT,CT,GT,GG,TT,AA,CC,AA,GG,CC,CC,GG,CC,GG,AT,AA,CC,TT,GG,CC,CC,AA,GG,CC,TT,CC,AA,AA,CC,CG,CC,AT,AA,GG,AA,AA,AC,AC,GG,AA,AG,AA,AT,GG,AC,NN,NN,AC,CC,AA,AA,GG,GG,GG,TT,AA,NN,TT,TT,TT,AG,TT,GG,GG,AA,8.28,Susceptible,Low,Standard,Early
L0143,Mandya,Karnataka,Kharif,Red Loamy,Irrigated (Cauvery command),780,27.0,72,AC,TT,GG,AA,GG,CC,GT,AT,NN,CG,AT,CC,CC,TT,GT,GG,GG,TT,TT,AA,CG,TT,GT,CT,TT,CC,TT,TT,GG,AA,CT,CC,AA,CC,GG,GG,GG,CC,GG,CC,TT,CT,AA,GT,AA,GG,TT,TT,NN,AC,GG,AT,AA,GG,CC,TT,AA,AC,GT,AC,AA,TT,AT,AA,TT,TT,CC,GG,TT,GG,AA,GG,CC,AA,GG,AA,AT,GG,TT,CT,GG,GG,GG,CC,AT,GG,AA,AA,CC,GG,CC,GT,CC,TT,GT,GG,TT,CC,GG,CC,CC,CG,AG,AG,TT,TT,CC,AA,AA,AA,TT,GG,TT,CG,TT,AC,AA,TT,CG,AG,NN,GG,CC,TT,CC,AA,CC,CC,CC,CC,AA,GT,AC,AA,CC,CC,AA,AT,AA,NN,GG,CC,CC,GG,AA,GG,AA,CC,GG,CC,CC,AA,AA,AA,TT,GG,AC,TT,TT,GG,CC,TT,GT,TT,CC,AA,GT,TT,AA,TT,GG,CC,AA,TT,CC,CC,GG,CC,AA,GG,GG,CC,TT,CC,NN,GT,GG,AT,GG,AA,TT,CC,CG,AC,AC,NN,GG,GG,AC,GG,TT,AA,AG,CC,GT,AA,CC,AA,TT,GG,TT,TT,AT,GG,TT,AT,CC,TT,NN,AA,GG,AA,CT,AA,TT,CC,TT,AA,CC,CT,GG,AG,CC,AG,CC,TT,TT,GT,GG,TT,AA,AC,GG,GG,CC,CG,GG,CC,GG,AT,AA,CC,TT,GG,CC,CG,AA,GG,CC,NN,CC,AT,AA,CC,CG,AC,TT,AA,GG,AA,AA,AA,AA,GG,AA,AA,AA,TT,GG,AA,NN,CC,AA,CT,AG,AA,GG,GG,GG,TT,AA,AA,TT,TT,TT,AG,TT,GG,GG,AA,7.66,Resistant,Low,Premium,Late
L0144,Mandya,Karnataka,Kharif,Red Loamy,Irrigated (Cauvery command),780,27.0,72,AC,TT,AG,AA,GG,CG,GT,TT,CC,CC,AA,CC,CC,TT,GT,GG,GG,TT,TT,AG,CC,TT,GT,CC,TT,CC,TT,TT,GT,AA,TT,CC,AA,CC,AG,CG,GG,CC,GG,CC,TT,TT,AA,GT,AA,AG,TT,TT,CC,AC,GG,AA,AA,GG,CT,TT,AA,AA,GT,AA,AA,GT,AA,GG,TT,AT,CC,GG,TT,GG,AG,GG,CC,AA,GG,AC,AA,AG,TT,NN,GG,GG,GG,CC,AA,GG,AA,AA,CC,GT,CC,TT,CT,TT,GT,GG,TT,CC,GT,CC,CC,CC,AG,AA,TT,TT,CC,AA,GG,AC,CC,GG,TT,CG,TT,AA,AA,TT,CG,GG,CG,AG,CC,GT,TT,AA,CC,CC,CC,CC,AA,TT,CC,AA,CC,CC,AA,TT,AA,AA,GG,CT,CC,GG,AG,AG,AA,CC,GG,CC,CG,AA,AA,AG,TT,GG,AA,TT,TT,GG,AC,GT,GT,TT,CC,AT,TT,CC,AA,TT,GG,CG,AA,CT,CC,CC,CC,CC,AT,GG,AG,CC,TT,CC,GT,NN,GG,AT,AA,AG,TT,NN,CG,AC,CC,CC,GG,GG,AC,GG,TT,AA,AA,CC,GG,AT,CC,AA,AA,GG,GT,TT,AA,GG,TT,AT,CC,AT,TT,AA,GG,AA,CT,NN,TT,CC,TT,AA,CC,CT,CC,AG,CC,AG,AC,TT,TT,GT,GG,TT,AA,CC,AA,GG,CC,CG,GG,CC,GG,AA,AA,CC,TT,GG,CC,CC,AA,GG,CG,AA,CC,AA,AA,CC,GG,AC,TT,AG,GG,AA,AA,AC,AA,GG,AA,AG,AA,TT,GG,AA,AA,CC,AA,CT,AA,AG,GG,GG,GG,TT,AT,AG,TT,TT,TT,AA,AA,GG,GG,NN,3.81,Susceptible,Medium,Poor,Early
L0145,Mandya,Karnataka,Kharif,Red Loamy,Irrigated (Cauvery command),780,27.0,72,AC,TT,GG,AA,GG,CG,GG,AT,CG,CG,AA,TT,CC,TT,TT,NN,CG,TT,TT,AG,CG,TT,TT,CC,TT,CC,TT,TT,GG,AC,TT,CT,AA,AC,GG,GG,GG,CG,GG,CC,TT,CT,AA,TT,AG,AG,TT,TT,CC,AC,GT,AT,AA,GG,CC,GT,AA,AA,GT,AC,AA,GT,TT,AA,TT,AT,CC,GG,TT,GG,GG,GG,CC,AA,AG,AC,TT,GG,NN,TT,GG,GT,GG,NN,AA,GG,AA,AT,CG,TT,CC,TT,CT,TT,TT,GG,TT,CC,TT,CC,CC,CG,AA,AA,TT,TT,CC,AA,AG,AA,CC,GG,GT,CC,TT,AC,AA,TT,CG,AG,CG,GG,CT,GG,TT,AA,CC,CC,CC,CC,AA,TT,CC,AA,CC,CC,AA,AT,AA,AT,GG,CT,CC,GG,AA,AG,AA,CC,GT,CC,CC,AA,AA,AG,TT,GG,AA,GT,TT,GG,CC,TT,GT,TT,CC,AA,TT,TT,AT,TT,GG,CC,AA,NN,CC,CC,CG,AC,AA,GG,AG,CC,TT,CC,GG,TT,GG,AT,AA,AA,TT,CC,GG,AA,CC,CC,GG,GG,AA,CG,TT,AC,GG,CC,GG,AA,AC,AA,AA,GT,TT,AT,AA,GG,GG,AT,CC,TT,GT,AA,GG,AA,CT,AA,TT,CC,TT,NN,CC,TT,GG,AA,CC,AA,CC,TT,CT,NN,GG,AT,NN,CC,AG,GG,CC,CC,GG,CC,GG,TT,AA,CC,TT,GG,CC,CG,AA,AG,CC,AT,CC,AT,AA,AC,CC,CC,TT,AA,GG,AA,AA,CC,AA,AG,GG,AA,AA,TT,GG,AA,AG,AA,AA,CT,AA,AA,CG,GG,CG,TT,AA,AA,TT,TT,TT,AA,NN,GG,GG,AA,5.75,Susceptible,Medium,Premium,Medium
L0146,Mandya,Karnataka,Kharif,Red Loamy,Irrigated (Cauvery command),780,27.0,72,AA,CT,GG,GG,GG,CC,GT,TT,CC,CG,AT,CC,CC,TT,TT,GG,GG,TT,TT,AA,CC,TT,GT,CC,TT,CC,GT,AT,GG,AA,TT,CT,AG,CC,GG,GG,GG,CC,GG,CC,TT,CC,AC,TT,AG,AG,TT,AT,CC,AA,GG,AA,AA,GG,CC,GT,AA,AC,TT,AA,AG,TT,TT,AA,CT,AT,CC,GG,TT,GT,AG,GG,NN,AA,GG,AA,AT,GG,TT,TT,GG,GG,GT,AC,AA,GG,AA,TT,CC,GT,CC,TT,CT,TT,TT,GG,CT,CC,NN,CC,CT,CC,GG,AA,AT,TT,CC,AA,AG,CC,TT,GG,TT,CC,GT,AA,AC,TT,CC,AG,CC,GG,CC,GT,TT,AA,CC,CC,CC,CC,AA,TT,CC,AA,CC,CT,AA,AT,AA,AA,GG,CC,CC,GG,AG,AA,AA,CC,GG,CC,CC,AG,AG,AG,GT,GG,AA,NN,TT,GG,CC,TT,TT,TT,CC,AA,GT,TT,AA,AT,CG,CC,AA,CT,CC,CC,GG,AA,AA,AG,AG,CC,TT,CC,GG,TT,CG,AT,AA,AA,TT,CC,GG,AA,AC,CC,GG,GG,AA,GG,TT,AC,AA,CC,GG,AA,AC,AA,AA,GG,GT,TT,AA,GG,GT,AA,CG,AA,TT,AT,GG,AA,CT,AA,TT,CC,CT,AA,CC,TT,GG,GG,CG,GG,CC,AT,TT,TT,GG,NN,AC,AC,AA,GG,CC,CC,GG,CG,GG,TT,AA,CG,TT,GG,CG,CC,AT,GG,CG,AT,CC,AA,AA,AA,CC,AA,TT,AA,GG,AA,AA,AC,AA,GG,GG,AA,AA,TT,GG,AA,AA,CC,AA,CT,AA,AA,GG,GG,GG,TT,AA,AG,TT,TT,TT,AA,TT,GG,GG,AA,6.18,Moderate,High,Poor,Medium
L0147,Mandya,Karnataka,Kharif,Red Loamy,Irrigated (Cauvery command),780,27.0,72,AC,TT,GG,AG,GG,CG,NN,TT,CC,CG,AT,NN,CG,TT,TT,GG,GG,TT,AT,AA,GG,GT,GT,CC,TT,CC,GT,TT,GG,AA,TT,CT,AA,CC,GG,CG,GG,CG,GG,CC,TT,CT,AA,GT,AG,GG,TT,TT,CC,AA,GG,AT,AA,GG,CT,TT,AT,AA,GG,AA,AA,TT,AA,AG,TT,TT,CC,GG,CT,GT,AA,GT,CC,AA,GG,AC,AT,GG,TT,TT,GG,GG,GG,CC,AA,GG,AA,AA,CC,GT,CC,TT,TT,AT,GT,GG,TT,CC,TT,CC,CC,GG,GG,AA,TT,TT,CC,AG,AG,AA,CT,GG,TT,CC,NN,AA,AA,TT,CC,AG,CC,GG,CC,GG,TT,AA,CT,CC,CC,CC,AA,TT,CC,AA,CC,CC,AA,TT,AA,AA,GG,CC,CG,GG,AA,AA,AA,AC,GG,CC,CG,AA,NN,GG,TT,AG,AA,TT,CT,GG,CC,GT,TT,TT,CC,TT,TT,CT,AT,NN,GG,CC,AA,CT,CC,CC,CG,AC,AA,GG,AG,CC,TT,CC,GG,TT,GG,AA,AA,AA,TT,CC,NN,CC,CC,CC,GG,GG,CC,GG,TT,AA,AA,CC,GG,AA,AC,AA,AA,GG,TT,TT,AT,GG,GG,AT,CC,TT,TT,AA,GG,AA,TT,AA,TT,CC,TT,AC,CC,CT,GG,AA,CG,AA,CC,TT,TT,GT,GG,AT,AC,NN,AA,GG,CC,CG,NN,CC,GG,TT,AA,CC,TT,GG,CC,CC,AA,AG,CC,AT,CC,AA,AA,CC,CC,AC,TT,AA,GG,AA,NN,AA,AA,GG,AG,AG,AA,TT,GG,AA,AA,CC,AA,TT,AA,AA,GG,GG,CG,GT,AA,AG,TT,TT,AT,AA,AT,GG,GG,AC,5.53,Resistant,High,Premium,Early
L0148,Mandya,Karnataka,Kharif,Red Loamy,Irrigated (Cauvery command),780,27.0,72,AA,TT,GG,AA,GG,CC,GG,TT,CC,CC,AA,CT,CG,TT,TT,GG,CG,TT,AT,AA,CC,GT,GT,CC,TT,CC,TT,TT,GT,AA,TT,CT,AA,CC,AG,GG,GG,CC,GG,CC,TT,CT,AA,TT,AA,GG,TT,AT,CC,AC,GG,AA,AA,GG,CT,GT,AA,AC,TT,AC,AA,GT,AA,AG,TT,AT,CC,GG,TT,GG,AG,GG,CC,AG,GG,AA,AA,GG,TT,TT,AG,GG,GG,CC,AT,GG,AA,AT,CC,TT,CC,TT,CC,TT,TT,GG,TT,CC,TT,CC,CC,CG,AG,AA,TT,TT,CG,AA,AA,AA,CC,GG,TT,CG,TT,AA,AA,TT,GG,GG,CC,AG,CT,GG,CT,AA,CC,CC,CC,CC,AA,TT,CC,AA,CC,CC,AA,TT,AA,AA,GG,CT,CC,AG,AA,AA,AA,CC,GG,CC,CC,AA,AA,GG,GG,GG,AC,TT,CC,GG,AC,GT,GT,TT,CC,AA,GT,TT,TT,AT,GG,CC,AA,CT,CC,CC,GG,CC,AA,GG,GG,CC,TT,CC,GT,TT,CG,TT,AA,AA,TT,CC,GG,AC,CC,CC,GG,GG,AA,GG,TT,AC,AG,CG,GG,AA,CC,AA,NN,GG,TT,AT,AT,CG,GG,AA,CG,TT,TT,AA,GG,AA,TT,AA,TT,CC,CT,AA,CC,CT,GG,AA,CC,GG,CC,TT,CT,GG,GG,AT,AA,AC,AG,GG,CC,CG,GG,CC,GG,AT,AA,CG,TT,GG,CG,CC,AA,AG,CC,AA,CC,AA,AA,CC,CC,AA,TT,AG,GG,AA,AA,AC,AA,AG,AA,AA,AA,AT,GG,AA,AA,AA,AC,CT,AA,AA,CG,GG,GG,TT,AA,AA,TT,TT,TT,NN,TT,GG,GG,AA,4.99,Susceptible,Medium,Standard,Late
L0149,Mandya,Karnataka,Kharif,Red Loamy,Irrigated (Cauvery command),780,27.0,72,CC,TT,GG,AG,GG,CC,GG,TT,CC,CG,AA,CC,CG,TT,TT,GG,GG,TT,TT,AA,CC,GT,GG,CC,TT,CC,GG,TT,GT,AA,TT,CC,AA,CC,GG,GG,GG,CC,GG,CC,TT,CT,AC,TT,AG,GG,TT,AT,CC,AC,GG,AA,AG,GG,CC,TT,AA,AC,GT,AA,AA,TT,TT,AG,CT,AT,CC,GG,TT,GG,AG,GT,CC,AA,GG,AA,AA,GG,TT,TT,AG,NN,GG,CC,AA,GG,AA,AT,CC,TT,AC,TT,CC,TT,TT,AA,TT,AC,TT,CT,CC,CC,AG,AA,TT,TT,CC,AA,AA,AA,CC,GG,TT,CC,TT,AA,AA,TT,CG,AG,CC,AG,CC,GT,TT,AG,CC,CC,CC,CC,AA,GT,CC,AA,CC,CC,AG,TT,AA,AA,GG,CC,CC,GG,AA,AA,AA,CC,GT,CC,CC,AA,AG,GG,TT,GG,AC,TT,TT,GG,CC,GT,TT,TT,CC,AT,GT,TT,AT,AA,GG,CC,AG,TT,CC,CC,GG,CC,AA,GG,AG,CC,TT,CC,GG,TT,GG,TT,AA,AG,TT,CC,GG,AA,AC,CC,GG,GG,AA,GG,TT,AA,AA,CC,GG,AA,AA,AA,AA,GG,TT,AT,AA,CG,GT,AA,CG,AT,GT,AA,GG,AA,TT,AC,TT,CC,TT,AC,CC,CT,GG,GG,CC,AA,CC,TT,CC,GG,GG,TT,AA,AC,AA,GG,CG,CC,GG,CC,GG,AT,AA,CC,TT,GG,CC,CC,AA,GG,CC,AA,CC,AA,NN,AC,CG,CC,AT,AA,GG,AA,AA,AA,AA,AG,AA,AG,AA,AA,GG,AC,AA,AC,AC,CT,AG,AA,CG,GG,GG,TT,AA,AA,TT,TT,AT,AA,AT,GG,GG,AA,6.3,Susceptible,High,Premium,Medium
L0150,Mandya,Karnataka,Kharif,Red Loamy,Irrigated (Cauvery command),780,27.0,72,AA,TT,AG,AG,GG,CC,GG,AT,CC,CC,AA,CC,CG,TT,GT,GT,CG,TT,AT,AA,CC,GT,NN,CT,AT,CC,NN,TT,GG,AC,TT,CC,AA,CC,GG,GG,GG,NN,GG,CC,TT,CT,AA,TT,AA,GG,TT,TT,CC,AC,GG,AA,AA,GG,CC,GT,AA,AC,NN,AA,AA,TT,NN,AA,TT,TT,CC,GG,TT,TT,AA,GG,CC,AA,GG,AA,TT,GG,TT,CT,GG,NN,GG,CC,AA,GG,AA,AA,CC,GT,CC,TT,CC,TT,TT,GG,TT,CC,TT,CC,CT,CG,GG,AA,AT,GG,CC,AA,NN,AA,CC,GG,TT,CC,TT,AA,AA,TT,CG,AG,CC,GG,CC,GT,CT,AG,CC,CC,AC,CC,AA,TT,CC,AA,CC,CT,AA,AT,AA,AA,GG,CT,CC,GG,AA,GG,AA,CC,GG,CC,CC,AG,AG,GG,GT,GG,AA,GT,CC,GG,AC,TT,TT,CT,CC,AA,TT,TT,AA,AT,GG,CC,AG,TT,CC,CC,CC,CC,AA,AG,AG,CC,TT,CC,GT,GT,CG,AA,AA,AA,TT,AC,CG,AA,CC,CC,GG,GG,AA,GG,TT,AA,AA,CC,GG,AT,AA,AA,AT,GG,TT,AT,AT,GG,TT,AT,CG,TT,TT,AA,GG,AA,TT,AA,AT,CC,TT,AA,CC,TT,CG,AA,CC,AG,AC,TT,CT,GT,CG,NN,AC,CC,AA,GG,CC,CG,GG,CC,GG,TT,AA,CC,GT,GG,CC,CC,AA,GG,CC,AA,CC,AT,AA,AC,CG,CC,TT,AA,GG,AA,AA,AC,AA,GG,AA,AA,AA,TT,CG,AC,AA,AC,AA,CT,AA,AG,GG,GG,GG,TT,AT,AG,TT,TT,TT,AG,TT,GG,GG,AA,3.34,Resistant,Medium,Poor,Late
L0151,Mandya,Karnataka,Kharif,Red Loamy,Irrigated (Cauvery command),780,27.0,72,AC,TT,GG,AA,CG,CC,GG,TT,CC,GG,AA,CC,CC,TT,TT,GG,GG,TT,TT,AA,CC,GT,GT,CC,TT,CC,GT,AT,GG,AA,TT,CT,AA,CC,GG,GG,GG,CG,GG,CC,TT,CT,AA,GT,AG,GG,NN,AT,CC,AC,GT,AA,AG,GG,CT,TT,AA,CC,GT,AC,AG,TT,TT,GG,TT,AT,CC,GG,TT,GT,AG,GT,CC,AA,GG,AC,AA,GG,TT,TT,NN,GG,GT,CC,AA,GG,AA,AA,CG,GT,CC,TT,CT,TT,GT,AG,TT,CC,TT,CC,CT,CG,AG,AA,TT,TT,CC,AA,AG,AC,CT,GG,TT,GG,TT,AA,AC,TT,GG,GG,CG,GG,CC,GG,CT,AG,CC,CC,AC,CC,AA,TT,CC,AA,AC,CC,AA,AT,AA,AA,CG,CC,CG,GG,AA,AA,AA,CC,GG,CG,CC,AA,AA,NN,GT,GG,AC,TT,CC,GG,AC,TT,TT,TT,CC,AA,TT,TT,AT,AA,GG,CC,GG,CT,CC,CC,CG,CC,NN,GG,AG,CC,TT,CG,GG,TT,GG,AT,AA,AA,TT,CC,GG,AA,CC,CC,GG,GG,NN,GG,TT,AC,AA,CC,GG,AA,CC,AA,AA,GG,TT,AT,AA,GG,GG,AT,CG,TT,GT,AA,GG,AG,CT,AA,TT,CC,TT,AA,CC,TT,GG,AA,CG,AG,CC,TT,TT,GT,GG,TT,CC,CC,AA,GG,CC,CG,GG,CC,GG,AT,AA,CC,TT,GG,CC,CC,AA,GG,CC,AA,CC,AA,AA,CC,CC,AC,AT,AA,GG,AA,AA,AA,AC,AG,AA,AA,AA,TT,GG,AC,AG,AA,AA,TT,AA,AG,GG,GG,GG,TT,AT,AA,GT,TT,TT,AG,TT,GG,GG,AA,3.85,Susceptible,High,Premium,Medium
L0152,Mandya,Karnataka,Kharif,Red Loamy,Irrigated (Cauvery command),780,27.0,72,AA,TT,AG,AA,CG,CC,GG,AT,CC,CG,AA,CC,CG,NN,TT,GG,CG,TT,TT,AA,CC,GT,TT,CT,TT,CC,TT,TT,GG,AA,TT,CC,AA,CC,GG,GG,GG,GG,GT,CC,TT,CC,AA,TT,AG,GG,TT,TT,CC,AC,GG,AA,AA,GG,CC,TT,AA,AC,GT,AA,AA,GT,AT,AG,TT,AT,CC,GG,NN,GT,AA,GG,CC,AA,AA,AA,AT,GG,TT,TT,GG,GG,TT,CC,AT,GG,AA,AA,CC,GT,CC,TT,CT,AT,GT,GG,TT,CC,GT,CC,CT,CC,GG,AA,AT,TT,CC,AA,AA,AA,CT,GG,TT,CC,TT,AC,AA,TT,CC,GG,NN,GG,CC,GG,CT,AA,CC,CC,CC,CG,AA,TT,CC,AA,CC,CC,AA,AT,AA,AA,GG,CC,CC,GG,AA,AA,AA,AC,GT,CC,CC,AA,AG,GG,TT,GG,AA,GT,CT,GG,AC,TT,GT,TT,CG,AA,TT,TT,AT,AT,GG,CG,AG,TT,CC,AC,CG,CC,AA,GG,AA,CC,TT,CG,GG,TT,CG,AT,AA,AA,TT,AC,CG,AC,CC,CC,GG,GG,AA,GG,TT,AC,AA,CC,NN,AA,CC,AA,AT,GT,GT,AT,AT,CC,GT,AA,CG,AT,GT,AA,GG,AA,CT,AA,TT,CC,CT,AA,CC,CT,GG,AG,CG,AA,CC,TT,TT,TT,GG,TT,AA,AC,AG,GG,CC,CG,CG,CC,GG,AA,AA,CC,TT,GG,CC,CC,AA,AG,CG,AT,CC,AT,AA,CC,CC,AC,AA,AA,GG,AA,AC,AC,AA,GG,AA,AA,AA,AT,CG,AC,AA,CC,AA,CT,AA,AA,GG,GG,GG,TT,AA,AA,TT,TT,TT,AG,TT,GG,GG,AC,5.47,Resistant,High,Standard,Early
L0153,Mandya,Karnataka,Kharif,Red Loamy,Irrigated (Cauvery command),780,27.0,72,AC,TT,GG,AG,GG,CC,GG,TT,CC,CC,AA,CT,CC,TT,TT,GG,GG,TT,TT,AA,CC,GT,TT,CC,TT,CT,TT,AT,GG,AA,TT,CC,AA,CC,GG,GG,GG,CC,GG,CC,TT,CT,AA,TT,AA,AG,TT,NN,CC,CC,GG,AT,AG,GG,CT,TT,AA,AA,GT,AA,AA,GT,AA,AG,TT,TT,CC,GG,TT,GG,AA,GG,CC,AA,GG,AA,AA,GG,GT,TT,GG,GG,GG,CC,AT,GG,AA,AA,CC,TT,CC,GT,CT,AT,GT,GG,TT,AC,GT,CT,CT,GG,AG,AA,AT,TT,CC,AA,AG,AA,CC,GG,TT,CC,TT,AC,AA,TT,CC,GG,CG,GG,CT,GT,TT,AG,CC,CC,CC,CC,AA,TT,CC,AA,CC,CC,AA,TT,AA,AA,GG,CC,CC,GG,AA,GG,AA,AC,GG,CC,CC,AA,AG,GG,GT,AG,AA,TT,TT,AG,AC,GG,GT,TT,CC,AA,GT,CT,AA,TT,NN,CG,NN,CC,CC,CC,CG,CC,AA,GG,AA,CC,TT,CC,TT,TT,GG,TT,AA,AA,TT,CC,GG,AA,CC,CC,GG,GG,AC,GG,CT,AA,AA,CG,GG,AA,CC,AA,AA,GG,TT,TT,TT,CG,GG,AA,CG,AT,TT,AA,GG,AA,CT,AA,TT,CG,CT,AA,CC,TT,GG,AA,CC,AA,AC,TT,CT,TT,GG,TT,CC,CC,AA,GG,CC,CG,GG,CC,GG,AA,AG,CC,GT,GG,CC,CC,AA,GG,CC,AA,CC,AA,AA,CC,CG,AC,AT,AA,GG,AA,AA,AC,AA,AA,AG,AG,AG,AT,CG,AA,GG,AC,AC,CT,AA,AG,GG,GG,CG,TT,AA,AG,TT,TT,TT,AG,AT,GG,CG,AA,8.21,Susceptible,Low,Standard,Medium
L0154,Mandya,Karnataka,Kharif,Red Loamy,Irrigated (Cauvery command),780,27.0,72,AA,CT,GG,AA,GG,CC,GG,AT,CC,CG,AA,CC,CG,TT,GG,GG,GG,TT,TT,AA,CC,GT,GT,CT,AT,CC,GT,AT,GG,AA,CT,CC,AA,CC,GG,CC,GG,CG,GG,CC,NN,CT,AA,GT,AA,AG,TT,TT,CC,AA,GG,AA,AG,GG,TT,TT,AT,CC,GT,AC,AA,TT,TT,GG,CT,AT,CC,GG,TT,GG,AG,GG,CC,AA,GG,AC,AT,GG,GT,TT,GG,GG,GG,CC,AA,GG,AA,AA,CC,GT,CC,TT,CC,TT,GG,GG,TT,CC,TT,CC,CC,CC,AG,AA,TT,TT,CC,AA,AG,AA,CT,GG,TT,CC,GT,AA,AA,TT,CC,AG,CG,GG,CC,GT,TT,AA,CT,CC,AC,CC,AA,TT,AC,AA,CC,CC,AA,TT,AA,AA,GG,CC,CC,GG,AA,AA,AA,AC,GG,CC,CC,AA,AG,GG,TT,AA,AC,TT,TT,GG,AA,TT,TT,TT,CC,TT,TT,TT,AA,TT,GG,CC,GG,CC,CC,CC,GG,AC,AA,GG,AA,CC,TT,CC,TT,GT,GG,AT,AA,NN,TT,CC,GG,AA,AA,CC,GG,GG,AA,GG,TT,AC,AA,CC,TT,AA,AC,AA,AT,GT,TT,TT,AT,GG,GG,AT,CC,AT,TT,AA,GG,AA,TT,AA,TT,CG,TT,AC,CC,TT,GG,GG,CC,AG,CC,AT,CT,GG,GG,TT,AA,AC,AG,GG,CC,CC,GG,CG,GG,NN,GG,CG,TT,GG,CC,CC,AA,GG,CC,AA,CC,AA,AA,CC,CG,CC,TT,AA,GG,AA,AA,CC,AA,AG,AG,AA,AA,TT,GG,AA,AG,CC,AA,NN,AA,AA,GG,GG,GG,TT,AA,AG,TT,TT,TT,AG,TT,GG,CG,AA,6.93,Susceptible,High,Poor,Late
L0155,Mandya,Karnataka,Kharif,Red Loamy,Irrigated (Cauvery command),780,27.0,72,AC,TT,GG,AG,GG,CG,GT,AA,CC,CG,AA,CC,CC,TT,GT,GG,GG,TT,TT,AA,CC,TT,TT,CC,AT,CC,GT,TT,GG,AA,TT,CC,AA,CC,AG,GG,GG,CG,GG,CC,TT,TT,AA,TT,AA,GG,TT,TT,CC,CC,GG,AT,AA,GG,CC,TT,AA,AA,TT,AC,AA,TT,TT,AA,TT,AT,CC,GG,TT,GG,AA,GG,CC,AA,AG,AA,AT,GG,GT,TT,GG,GG,NN,CC,AT,GG,AA,AA,CC,GT,AC,TT,CT,TT,TT,GG,TT,AC,GT,CC,CC,GG,GG,AA,TT,TT,CG,AA,GG,AC,CC,GG,TT,CG,GT,AC,AA,TT,CC,GG,CG,AG,CC,GG,CC,AA,CT,CC,CC,CC,AA,GT,CC,AA,CC,CC,AA,TT,AA,AA,GG,NN,CC,GG,AA,AA,AA,CC,GG,CC,CC,AA,AA,GG,TT,NN,CC,GG,CT,AG,CC,GT,GT,TT,CC,AA,TT,TT,AA,TT,CG,CC,AA,CT,CC,CC,GG,AC,AA,GG,AG,CC,TT,CC,GG,GT,GG,TT,AA,AA,TT,AC,CG,AA,CC,CC,GG,GG,AA,GG,TT,AA,AA,CC,GT,AA,CC,AA,AA,GG,TT,TT,AT,GG,TT,AA,CG,TT,GG,AA,GG,AA,CT,AC,TT,CC,TT,AA,CC,CC,CG,AG,CC,GG,CC,TT,TT,GT,GG,TT,AA,CC,AA,GG,CC,CC,GG,CC,GG,AT,AA,CC,GT,GG,CC,CC,AA,AG,CC,AA,CC,AA,AA,CC,CC,CC,TT,AA,GG,AA,AA,AC,AA,GG,GG,AG,AA,TT,GG,AC,AG,CC,AC,TT,AA,AA,GG,AG,GG,TT,AT,AA,TT,TT,TT,AA,AT,GG,GG,AA,5.24,Moderate,Medium,Premium,Medium
L0156,Mandya,Karnataka,Kharif,Red Loamy,Irrigated (Cauvery command),780,27.0,72,AA,TT,GG,AA,CC,GG,GG,TT,CC,CG,AA,CT,CC,TT,TT,GT,GG,TT,TT,AA,CG,TT,TT,CT,TT,CC,TT,TT,GG,AA,TT,CC,AG,CC,GG,CG,GG,CG,GG,CC,TT,CT,AA,GT,AA,GG,TT,TT,CC,AC,GG,AA,GG,GG,CC,TT,AA,AC,GT,AA,AA,TT,NN,AA,TT,TT,CC,GG,TT,GT,AG,GG,AC,AA,GG,AC,AA,GG,TT,TT,GG,GT,GG,CC,AA,GG,AA,AT,CC,TT,CC,TT,CT,TT,TT,GG,TT,CC,TT,CC,CC,CC,AG,AA,TT,TT,CC,AA,AA,AC,CT,GG,TT,CC,TT,AA,AA,TT,CG,AG,CC,AG,CC,GG,NN,AA,CC,CC,CC,CC,AA,TT,CC,AA,CC,CT,AA,TT,AA,AT,CG,CC,CG,GG,AG,AG,AT,CC,GG,CC,CG,AA,AA,GG,GG,GG,NN,TT,CT,GG,AC,TT,TT,TT,CG,AA,TT,TT,AT,TT,CG,CC,AG,CC,AC,CC,GG,AC,AA,GG,GG,CC,NN,CC,GT,TT,CG,AA,AA,AA,TT,CC,GG,AA,CC,CG,GG,GG,AC,GG,TT,AA,AA,CC,GT,AA,CC,AT,AA,GT,NN,TT,AT,GG,GG,AA,CC,TT,GT,AA,GG,AA,CT,AA,TT,CC,TT,AA,AC,TT,GG,AA,CC,AG,CC,TT,CT,GT,GG,TT,AA,AC,AA,GG,CC,CC,GG,CC,GG,AT,AA,CC,TT,GG,CC,CG,AA,GG,CC,AT,CC,AA,AA,CC,CG,CC,TT,AA,GG,AA,CC,AA,AA,NN,AA,AA,AA,TT,GG,AA,AG,AC,CC,CT,AA,AA,GG,AG,CG,TT,AT,AA,GT,TT,TT,AA,TT,GG,GG,AC,5.58,Resistant,High,Standard,Early
L0157,Mandya,Karnataka,Kharif,Red Loamy,Irrigated (Cauvery command),780,27.0,72,CC,TT,GG,AG,CG,CC,GT,TT,CC,CG,AA,TT,CC,AT,TT,GG,CG,TT,TT,AG,CC,TT,GT,CC,TT,CC,GT,AT,GG,AA,TT,CC,AA,CC,GG,CG,GG,CC,GG,AC,TT,TT,AA,GT,AA,AG,TT,AT,CC,CC,GT,AA,AG,GG,TT,NN,AT,AC,GG,AA,AA,TT,TT,AG,TT,AT,CC,GG,CT,GG,AA,GG,AC,AG,GG,AA,TT,GG,TT,TT,NN,GG,GT,CC,AA,GG,AA,AT,CC,GT,CC,TT,CT,TT,GT,GG,CT,CC,GG,CC,CC,CC,GG,AA,TT,GT,CC,AA,GG,AA,CC,GG,TT,CC,TT,AA,AA,TT,CC,AG,CC,GG,CC,GG,TT,AG,CT,CG,CC,CC,AA,TT,AC,AA,CC,CC,AA,TT,AA,AA,GG,CT,CC,GG,AA,AA,AA,CC,GT,CC,CC,AA,AA,GG,TT,GG,AC,TT,TT,GG,CC,TT,GT,TT,NN,AA,GT,TT,AA,TT,GG,CC,AA,CT,CC,CC,CC,CC,AA,GG,AG,CC,TT,CC,GT,TT,GG,NN,AA,AG,TT,CC,GG,AC,CC,CC,GG,AG,AC,GG,TT,AC,AA,CC,GG,AA,CC,AA,TT,GT,TT,TT,AT,GG,GG,AA,CC,AT,TT,AA,GG,AA,CT,AA,TT,CC,TT,AC,CC,TT,GG,AA,CC,AG,CC,TT,CT,GT,GG,TT,AA,CC,AG,GT,CC,CC,GG,NN,GG,AT,AG,CC,TT,GG,CC,CC,AA,GG,CG,AT,CC,AT,AG,CC,CC,AC,TT,AA,GG,AA,AC,AA,AA,NN,AG,GG,NN,TT,CG,AA,AA,CC,AC,CT,AA,AG,GG,GG,GG,GT,AA,AA,TT,TT,TT,AG,TT,GG,GG,AA,6.89,Susceptible,High,Standard,Early
L0158,Mandya,Karnataka,Kharif,Red Loamy,Irrigated (Cauvery command),780,27.0,72,AC,CT,GG,AG,GG,CC,GG,TT,CC,NN,AA,CC,CC,AT,GT,GG,GG,TT,TT,AA,CC,TT,TT,CC,TT,CC,TT,TT,GG,AA,TT,CC,AA,CC,AG,CG,GG,CC,GG,CC,TT,TT,AA,GT,AA,AG,TT,TT,CC,CC,GG,AA,GG,GG,CC,TT,AA,AA,GT,AA,AA,GT,NN,AG,TT,TT,CC,GG,CT,GG,AA,GT,CC,AA,GG,AA,TT,AG,GT,TT,GG,GT,GG,CC,AA,GG,AA,AA,CC,GG,AC,TT,CT,TT,GG,AG,TT,CC,TT,CC,CT,CG,GG,AA,AT,TT,CC,NN,AG,CC,CC,GG,TT,CC,TT,AA,AA,TT,NN,AG,CC,GG,CC,GT,TT,AA,CC,CC,CC,CC,AA,NN,CC,AA,CC,CC,AA,TT,AA,AA,GG,CC,CC,GG,AA,AG,AA,CC,GG,CC,CC,AA,GG,GG,TT,AA,AC,GG,CT,GG,CC,TT,TT,TT,CG,AT,TT,TT,AT,AT,GG,CC,AA,CC,CC,CC,CG,CC,AA,GG,AG,CC,TT,CC,GG,TT,GG,AT,AG,AG,TT,CC,GG,AA,AC,CC,GG,GG,AC,GG,TT,AA,AA,CC,GG,AA,CC,AA,AA,GG,TT,AT,AT,GG,GG,AT,CG,TT,TT,AA,GG,AA,TT,AA,TT,CC,TT,AA,CC,CT,GG,GG,CC,AG,AC,TT,TT,TT,GG,TT,AA,CC,AA,GG,CC,CG,GG,CC,GG,AA,AG,CC,TT,GG,CC,CC,AA,AG,CG,AA,CC,AT,AA,AC,CG,AC,TT,AA,GG,AA,AA,AC,AA,AA,AG,AG,AG,TT,GG,CC,AG,AC,AC,CT,AG,AG,GG,GG,GG,TT,AA,AG,TT,TT,TT,AA,TT,GG,GG,AA,6.8,Susceptible,Medium,Standard,Medium
L0159,Mandya,Karnataka,Kharif,Red Loamy,Irrigated (Cauvery command),780,27.0,72,AC,TT,GG,AA,GG,CC,GG,TT,CC,CG,AT,CC,CC,TT,TT,GG,GG,TT,NN,NN,CC,TT,GT,CC,TT,CT,TT,AT,GT,AA,TT,CC,AA,CC,GG,GG,GG,CC,GG,CC,TT,CT,AA,TT,AA,GG,TT,AA,CC,CC,GG,AT,AG,GG,CC,TT,AA,AA,GT,AC,AA,TT,TT,AG,TT,TT,NN,GG,TT,GG,AG,GG,CC,AG,GG,AC,AA,GG,TT,TT,GG,GT,GG,CC,AA,GG,AG,AA,CC,TT,AC,TT,CC,TT,GT,GG,TT,CC,GT,CC,CC,CC,GG,AA,AT,TT,CC,AA,AG,AA,CC,GG,TT,CC,TT,AA,AC,TT,CC,GG,CG,GG,CC,GG,TT,AG,CC,CC,CC,CC,AA,TT,CC,AA,AC,CC,AA,TT,AA,AA,GG,CT,CC,GG,AA,AG,AA,CC,GG,CC,CC,AA,AA,GG,GT,GG,AC,TT,CT,GG,CC,TT,TT,TT,CC,AT,GG,CT,AA,TT,GG,CC,AA,CT,CC,CC,GG,CC,AA,GG,AA,CC,TT,CG,GG,TT,GG,AT,AA,AA,TT,CC,CG,AA,CC,CC,GG,GG,AC,GG,NN,AC,AA,CC,GG,AA,CC,AA,AA,GG,GT,TT,AA,GG,GG,AA,CC,TT,TT,AA,GG,AA,TT,AA,TT,CC,CT,AA,CC,TT,GG,AG,CC,AA,CC,TT,CT,GT,GG,TT,AC,AC,AG,GG,CC,CG,GG,CC,GG,TT,AG,CG,TT,GG,CC,CG,TT,GG,CC,AA,CC,AA,AA,CC,CC,AA,TT,AA,GG,AA,AA,CC,AA,GG,GG,AG,AA,TT,GG,AC,AA,AC,AA,CT,AG,AA,GG,GG,GG,TT,AT,AA,TT,TT,TT,GG,AT,GG,GG,AA,7.35,Susceptible,Medium,Premium,Early
L0160,Mandya,Karnataka,Kharif,Red Loamy,Irrigated (Cauvery command),780,27.0,72,AC,CT,GG,AA,GG,NN,GG,TT,CC,GG,AA,CT,CC,AT,GT,GT,CG,TT,TT,AA,CC,TT,TT,CT,TT,CC,TT,TT,GG,AA,TT,CC,AA,CC,GG,GG,NN,CG,GG,AC,TT,CC,AC,TT,AA,GG,TT,TT,CC,AC,GG,AA,AG,GG,CC,TT,AA,AC,GT,AA,AA,TT,AT,AG,TT,TT,CC,GG,CT,GT,AA,GG,AC,AA,GG,CC,AT,GG,TT,TT,GG,GG,GG,CC,TT,NN,AA,AA,CG,GT,CC,TT,CC,AT,TT,GG,CT,CC,TT,CC,CC,CC,NN,AA,TT,TT,NN,AA,AA,AC,TT,GG,TT,CG,TT,AC,AC,TT,CC,GG,CC,GG,CC,GG,NN,AA,NN,CC,AC,CC,AA,TT,CC,AA,CC,CC,AA,AT,AA,AA,GG,CC,CC,GG,AA,AG,AA,CC,GG,CC,CC,AA,AG,GG,TT,GG,AC,GT,TT,GG,CC,TT,TT,TT,CG,AA,TT,TT,AA,AA,GG,CC,AA,CT,CC,CC,CC,CC,AA,GG,AG,CC,TT,CC,GG,TT,GG,AT,AA,AA,TT,CC,GG,AC,CC,CC,GG,GG,AC,GG,TT,AA,AA,CC,GG,AA,CC,AA,AT,GG,TT,TT,AT,GG,GT,AT,CC,AT,GG,AA,GG,AA,CT,AA,TT,CC,TT,AC,CC,CT,CG,AA,GG,GG,CC,TT,TT,TT,GG,TT,AA,CC,AA,GG,CC,CC,NN,CC,GG,TT,AA,CG,GT,GG,CG,CG,AT,GG,CC,AA,CC,AA,AA,AC,CC,CC,TT,NN,NN,AA,AA,CC,AA,AG,AA,AA,AA,TT,GG,NN,AG,AA,AC,TT,AG,GG,GG,GG,GG,TT,AA,AA,TT,TT,TT,GG,TT,GG,GG,AC,4.25,Resistant,Medium,Premium,Early
L0161,Mandya,Karnataka,Kharif,Red Loamy,Irrigated (Cauvery command),780,27.0,72,CC,CT,GG,GG,GG,CC,GT,TT,CC,CC,AA,CC,CG,TT,GT,NN,GG,TT,TT,AA,CG,TT,TT,CT,TT,CC,TT,TT,GT,AA,TT,CT,AA,AC,GG,GG,GG,CG,GG,CC,TT,CT,AC,TT,AA,NN,TT,TT,CC,NN,GG,AA,AA,GG,CT,GT,AA,AA,GG,AA,AA,GT,AT,NN,TT,AT,CC,GG,TT,GG,AA,GT,CC,AA,AG,AA,AA,GG,TT,TT,GG,TT,GG,CC,AA,GG,AA,AA,CC,TT,CC,TT,CC,TT,GT,GG,TT,CC,TT,CC,CC,CG,AG,AA,AT,TT,CG,AA,AG,AA,CC,GG,TT,CC,TT,AA,AA,TT,CC,AG,CC,GG,CC,GT,CT,AA,CC,CC,CC,CC,AA,TT,AC,AA,CC,CC,AA,TT,AA,AA,GG,CC,CC,GG,NN,AA,AA,CC,GG,CC,CG,AA,AA,AG,TT,GG,AC,TT,NN,NN,AC,GT,GT,TT,CC,AT,TT,TT,AA,TT,GG,CG,AA,TT,CC,CC,GG,CC,AA,GG,GG,CC,NN,CC,GT,TT,CG,AT,AA,AA,TT,CC,GG,AA,CC,CC,GG,GG,AA,GG,CT,AC,AA,CC,GG,AT,AC,AA,AA,GG,TT,AT,TT,GG,TT,AA,CC,TT,GG,AA,GG,AA,CC,AA,TT,CC,TT,AC,CC,TT,GG,AA,CG,AA,CC,AT,TT,GT,GG,AT,AA,CC,AA,GG,CC,CG,GG,CC,GG,TT,AA,CC,GT,GG,CC,CC,AT,GG,CG,AA,CC,AA,AA,AC,CC,CC,TT,AA,NN,AA,CC,AA,AA,AG,AG,AA,AA,TT,GG,AA,AA,AC,AA,CT,AG,AA,GG,GG,GG,TT,AA,AA,TT,TT,TT,AA,AA,GG,GG,AA,6.81,Moderate,High,Standard,Late
L0162,Mandya,Karnataka,Kharif,Red Loamy,Irrigated (Cauvery command),780,27.0,72,AA,TT,AG,AG,GG,CC,GG,AT,CC,CG,AA,CC,CG,TT,GT,GG,CG,TT,TT,AA,CG,TT,GT,CC,TT,CC,TT,TT,GT,AA,TT,CT,AA,CC,GG,CG,GG,CG,GG,CC,TT,TT,AC,TT,AA,GG,TT,AT,CC,AA,GT,AA,NN,GG,CT,TT,AT,AC,GT,AC,AA,GT,AT,AG,TT,AT,CC,GG,TT,GG,AA,GT,CC,AA,GG,AA,AT,AG,GT,TT,GG,GT,GG,CC,AA,GG,AA,AA,CC,TT,CC,TT,NN,TT,TT,GG,CT,CC,TT,CC,CC,CC,AG,AA,TT,TT,CC,AA,AA,AA,CT,GG,TT,CC,TT,AA,AA,TT,CG,GG,CC,GG,CC,GT,TT,AA,NN,CC,CC,CG,AA,TT,CC,AA,CC,CC,AA,TT,AA,AT,GG,TT,CC,GG,AA,AA,AA,CC,GT,CC,CC,AA,AA,GG,TT,GG,AC,TT,CT,GG,CC,GT,TT,TT,CG,AT,TT,TT,AT,TT,CG,CC,AA,TT,CC,CC,CG,CC,AA,GG,AA,CC,TT,CC,GT,NN,GG,TT,AA,AA,TT,CC,GG,AC,CC,CG,GG,GG,AA,GG,TT,AA,AA,CC,GG,AA,CC,NN,AT,GG,TT,AT,AT,GG,GG,AT,NN,TT,GT,AA,GG,AA,CT,AA,TT,CC,TT,AC,AC,TT,CC,AA,CC,AA,CC,TT,CT,TT,GG,TT,AA,AC,AA,GG,CG,CC,GG,CC,GG,NN,AA,CC,TT,GG,CC,CG,AA,GG,CC,AT,CC,NN,AA,AC,CC,CC,TT,AA,GG,AA,AA,AC,AC,AG,AG,AA,AG,AT,CG,AC,GG,AC,AA,CT,AA,AA,GG,GG,GG,GT,AA,AA,TT,TT,TT,AA,TT,GG,GG,AA,9.24,Susceptible,High,Premium,Late
L0163,Mandya,Karnataka,Kharif,Red Loamy,Irrigated (Cauvery command),780,27.0,72,AA,TT,GG,AG,GG,CC,GG,AT,CC,CG,AA,CC,CC,TT,TT,GT,CG,AT,TT,AA,CC,GT,GT,CC,TT,CC,TT,TT,GG,AA,TT,CT,AA,CC,GG,CG,GG,CC,GG,CC,TT,TT,AA,TT,AG,AG,TT,AT,CC,AC,GG,AA,AA,GG,CT,TT,AA,AA,GT,AA,AA,TT,TT,AA,TT,TT,CC,NN,TT,GG,AA,GT,AC,AA,GG,AC,AT,GG,NN,TT,GG,GT,GT,CC,AA,GG,AA,AA,CC,GT,AC,TT,TT,TT,TT,GG,CT,CC,GG,CC,CT,CC,AG,AA,NN,TT,NN,AA,AA,CC,CT,GG,TT,CG,NN,AA,AC,TT,CG,AG,CG,AG,CC,GG,CT,AA,CC,CC,CC,CG,AA,TT,CC,AA,CC,CC,AG,TT,AA,AT,GG,CC,CC,NN,AA,AG,AT,AC,GG,CC,CC,AA,AA,GG,TT,GG,AA,TT,TT,GG,AC,TT,GT,TT,CC,AA,TT,CT,AT,TT,CG,CC,AA,CT,CC,CC,CG,CC,AA,GG,GG,CC,TT,CC,GT,TT,GG,TT,AA,AA,TT,CC,GG,AA,AC,CG,GG,GG,AC,GG,TT,AA,AA,CC,GG,NN,CC,AA,AA,GG,TT,TT,AA,GG,GG,AA,CC,AA,TT,AA,GG,AG,CT,AA,TT,CC,TT,AA,CC,TT,GG,AA,CC,GG,CC,TT,TT,TT,GG,TT,AA,CC,AG,GG,CC,CC,GG,CC,GG,AT,AA,CG,TT,GG,CC,CC,AA,AG,CC,NN,CC,AA,AA,CC,CC,AC,TT,AA,GG,AA,AA,AA,AA,AA,AA,AA,AA,TT,GG,AA,AA,CC,AA,TT,AA,AA,GG,GG,GG,NN,AA,AA,NN,TT,TT,AG,TT,GG,GG,AA,6.57,Susceptible,Medium,Premium,Early
L0164,Mandya,Karnataka,Kharif,Red Loamy,Irrigated (Cauvery command),780,27.0,72,AA,CT,GG,AA,GG,CC,GT,TT,CC,CG,AA,CT,CC,TT,TT,GG,GG,TT,TT,AA,CC,GT,GT,CC,TT,CT,TT,TT,GG,AA,TT,CC,AA,CC,GG,GG,GG,NN,GG,CC,TT,TT,AA,TT,AA,GG,TT,TT,CC,AA,GG,AA,AG,GG,CC,TT,AA,AA,TT,AA,AA,TT,AT,NN,TT,TT,CC,GG,TT,GT,AA,GG,CC,AG,GG,CC,AA,AG,GT,TT,GG,GG,GG,CC,AA,GG,AG,AA,CC,TT,CC,TT,CC,TT,TT,GG,CT,CC,TT,CC,CT,CC,AG,AA,TT,TT,CC,AA,AG,AA,CT,GG,TT,CG,TT,AA,AA,AT,CC,GG,CG,GG,CC,GG,TT,AA,CC,CC,CC,CC,AA,TT,CC,AA,CC,CC,AA,NN,AA,AA,GG,TT,CC,GG,AA,AG,AA,CC,GG,CC,CC,AA,AG,GG,TT,AG,CC,TT,TT,GG,NN,TT,TT,TT,CC,AA,TT,TT,AT,AT,GG,CC,AG,CT,CC,CC,CG,CC,AA,GG,AG,CC,TT,CC,GG,TT,CG,AT,AG,AA,TT,CC,CC,AA,CC,CC,GG,GG,AC,GG,TT,AC,AA,CC,GG,AT,CC,AA,AT,GG,TT,AA,AT,CG,GT,AA,CC,TT,GG,AA,GG,AA,TT,AC,NN,CC,TT,CC,CC,TT,NN,AG,CC,GG,CC,TT,CT,TT,NN,TT,AA,AA,AG,GG,CC,CC,CG,CC,GG,TT,GG,CG,TT,GG,CC,CG,AA,GG,CC,AA,CC,AT,AA,CC,CG,AC,TT,AA,GG,AA,AA,AA,AC,GG,AA,AA,AG,TT,GG,AC,AA,AC,AA,CT,AG,AG,CG,GG,GG,TT,AT,AA,TT,TT,TT,AG,AT,GG,GG,AA,7.97,Susceptible,High,Standard,Early
L0165,Mandya,Karnataka,Kharif,Red Loamy,Irrigated (Cauvery command),780,27.0,72,AA,TT,GG,AA,GG,CC,GT,TT,CC,CG,AA,CC,CG,TT,GG,GT,CG,TT,TT,AA,CG,TT,GG,CC,TT,CC,TT,TT,GG,AA,CT,CT,AA,CC,AG,CG,GG,CC,GT,CC,TT,TT,AA,TT,AA,GG,TT,TT,CC,AC,GT,AA,AA,GG,CC,TT,AA,AC,GT,AA,AG,TT,AT,AG,TT,TT,CC,GG,NN,GT,AG,GG,CC,AA,AA,AC,AT,AG,TT,TT,GG,GT,GG,CC,AA,AG,AA,AA,CC,GG,AC,TT,CC,NN,NN,GG,TT,CC,TT,CC,NN,CC,AG,AA,AT,TT,CC,AA,AA,AA,CC,GG,TT,CC,GT,AA,AC,TT,CC,GG,CC,GG,CC,GT,TT,AA,CC,CC,AC,CC,AA,TT,CC,AA,CC,CC,AA,TT,AG,AA,GG,CC,CC,GG,AA,GG,AA,CC,GG,NN,CC,AA,AA,GG,TT,GG,AA,TT,TT,GG,CC,TT,TT,CT,CG,AA,NN,TT,AA,TT,GG,CC,AG,CC,CC,CC,GG,CC,AA,AG,AG,CC,TT,CC,GT,GT,CG,AT,AA,AG,TT,CC,GG,AA,CC,CC,GG,GG,AA,GG,TT,AC,AA,CC,GG,AT,CC,AT,AT,GG,TT,AA,AT,GG,GG,AA,CC,TT,TT,AA,GG,AA,CT,AA,TT,CC,TT,AA,CC,TT,CG,AG,CG,AG,CC,AT,NN,GT,GG,TT,AC,AC,AG,GG,CC,CG,GG,CC,GG,AT,AA,CG,GG,NN,CC,CC,AA,GG,CC,AA,CC,AT,AA,AC,CC,AC,TT,AA,GG,AA,AA,AA,AA,AG,AA,AA,AA,TT,GG,AA,AG,CC,AC,TT,AA,AA,GG,GG,GG,GT,AA,AA,GT,TT,TT,AA,TT,GG,CG,AA,6.92,Susceptible,Low,Premium,Medium
L0166,Mandya,Karnataka,Kharif,Red Loamy,Irrigated (Cauvery command),780,27.0,72,AC,TT,GG,AG,GG,CC,GG,TT,CC,CG,AT,CC,CC,TT,TT,GT,CG,TT,TT,AA,NN,GT,TT,CC,TT,CC,TT,TT,GG,AA,TT,CT,AA,CC,GG,GG,GG,CG,GG,CC,TT,TT,AA,GT,AG,AG,TT,AT,CG,CC,GT,AT,AA,GG,CT,TT,AA,AA,GG,AC,AA,GT,AT,GG,CC,TT,CC,GG,TT,GG,AA,GG,CC,AA,GG,AC,AT,GG,TT,TT,GG,GG,TT,CC,AA,AG,AA,AA,CC,GT,NN,TT,TT,TT,GT,AG,CT,CC,TT,CC,CC,CC,GG,AA,TT,TT,CC,AA,AG,AA,CC,NN,TT,CC,TT,AA,AA,TT,CC,GG,CC,GG,CC,GT,TT,AA,CT,CC,CC,CC,AG,TT,AC,AA,CC,CC,AA,AT,AA,AT,NN,CC,CC,AG,AA,AA,AA,CC,GG,CC,CG,AA,AA,GG,GT,GG,AC,TT,CT,AG,CC,TT,TT,TT,CC,AT,GT,TT,AA,TT,GG,CG,AA,TT,CC,CC,GG,CC,AA,GG,GG,CC,TT,CC,TT,TT,GG,NN,AA,AA,TT,CC,CC,AA,CC,CC,GG,AG,AC,GG,TT,AC,AG,CC,GG,AA,AC,AA,AA,GG,TT,AT,AT,GG,GT,AT,CC,AT,GT,AA,GG,AA,CC,AA,TT,CC,CT,AA,CC,TT,CG,AA,NN,AG,CC,TT,CT,GG,GG,TT,AA,CC,AA,GG,CC,CG,GG,CC,GG,AT,AA,CC,TT,GG,CG,CC,AA,GG,CC,AA,CC,TT,AA,AA,GG,AC,TT,AA,CG,AT,AC,CC,AA,GG,AG,AA,AA,TT,CG,AA,AA,AC,AA,CT,AG,AA,GG,NN,GG,TT,AT,AA,TT,TT,TT,AG,TT,GG,CG,AA,8.67,Susceptible,High,Standard,Medium
L0167,Mandya,Karnataka,Kharif,Red Loamy,Irrigated (Cauvery command),780,27.0,72,CC,TT,GG,GG,GG,CG,GG,TT,CC,CG,TT,CT,CG,AT,GT,GT,CG,TT,TT,AG,CG,GT,TT,CC,TT,CC,TT,TT,GG,NN,TT,CC,AA,CC,GG,GG,GG,CC,GG,CC,TT,TT,AC,GT,AA,AG,TT,AT,CC,AA,GT,AA,AA,GG,CC,GT,AA,AC,GT,AC,AA,TT,AT,GG,TT,TT,CC,GG,TT,GG,AG,GG,CC,AA,GG,AA,AA,GG,TT,TT,AG,GT,GG,CC,AA,AG,AA,AA,CC,TT,CC,TT,CT,TT,GT,GG,TT,CC,TT,CC,CC,CC,GG,AA,TT,TT,GG,AA,AA,AC,CC,GG,GT,CC,TT,AC,AA,AT,CC,GG,CC,GG,CC,GG,NN,AA,CC,CC,CC,CC,AA,TT,AC,AA,AC,CC,AA,AT,AA,AA,CG,CC,CC,GG,AA,GG,AA,AC,GG,CC,CC,AA,AA,GG,TT,GG,AA,TT,TT,GG,AC,GT,TT,TT,CC,AT,TT,CT,AA,AT,GG,CC,GG,CC,CC,CC,GG,CC,AA,GG,AA,CC,TT,CC,TT,TT,GG,TT,AA,AA,TT,CC,GG,AA,AC,CC,GG,GG,AA,GG,TT,AC,AG,CC,GG,AT,CC,AA,AA,GG,TT,TT,AT,CG,GT,AA,CC,AT,GT,AA,GG,AA,TT,AC,TT,CC,CT,AA,CC,TT,GG,AG,CC,AG,AC,TT,TT,TT,GG,AT,AA,AC,AA,NN,CC,GG,GG,CC,GG,TT,AA,CC,GT,GG,CG,CG,AA,GG,CC,AA,CC,AA,AA,AC,CG,CC,TT,AA,GG,AA,AC,AC,AA,GG,GG,AA,AA,TT,GG,AA,AG,AC,AA,TT,AG,AA,GG,GG,GG,GT,AA,AA,TT,AT,TT,AG,TT,GG,GG,AA,5.44,Susceptible,Low,Poor,Medium
L0168,Mandya,Karnataka,Kharif,Red Loamy,Irrigated (Cauvery command),780,27.0,72,CC,TT,GG,AA,GG,CC,GG,AT,CC,CC,AT,CC,CC,TT,TT,GG,GG,TT,TT,AA,CC,GT,GT,CT,TT,CC,TT,TT,GG,AA,TT,CC,AA,CC,GG,GG,GG,CG,GG,CC,TT,TT,AA,TT,AG,GG,TT,AT,CC,AC,GG,AA,AG,GG,CT,GT,AA,AA,GT,AC,AA,TT,AT,AA,TT,TT,NN,GG,TT,GT,AG,GG,CC,AA,GG,AA,AT,GG,TT,TT,GG,GG,GG,CC,AT,GG,AG,AA,CG,GG,CC,TT,CC,AT,NN,GG,CT,CC,TT,CC,CT,CC,AG,AA,TT,TT,CC,AG,AG,AA,CC,GG,GT,CG,TT,AA,AA,TT,CC,AG,GG,GG,CC,GT,CT,GG,CC,CC,CC,CC,AA,TT,CC,AA,CC,CC,AA,TT,AA,AA,GG,CC,CC,GG,AA,AA,AA,CC,GG,CC,CC,AA,AA,GG,GT,AG,AC,GT,CT,GG,CC,GT,TT,TT,CG,AA,TT,TT,AA,TT,GG,CC,AA,CC,CC,CC,GG,CC,AA,GG,AG,CC,TT,CC,GT,TT,GG,AT,AA,AA,TT,CC,CG,AC,CC,CC,GG,AG,AA,GG,TT,CC,AG,CC,GG,AA,CC,AA,AT,GT,TT,TT,AA,GG,GG,AA,CG,AT,GT,NN,GG,AA,CT,AC,TT,CC,TT,AA,CC,CT,GG,AG,CC,AG,CC,TT,CT,GT,CG,TT,AC,AA,AA,GT,CC,CC,GG,CC,GG,TT,AA,CC,TT,AG,CC,CC,AA,GG,CC,AT,CC,AA,AA,AA,CG,AC,AT,AA,GG,AA,NN,NN,AA,GG,AA,AA,AA,TT,GG,AC,AA,AA,AA,CT,AG,AA,GG,AG,GG,TT,AT,AA,TT,TT,TT,AA,NN,GG,GG,AA,4.83,Susceptible,Low,Standard,Medium
L0169,Mandya,Karnataka,Kharif,Red Loamy,Irrigated (Cauvery command),780,27.0,72,AC,TT,GG,AG,GG,CC,GG,TT,CC,CC,AA,CC,CC,TT,GT,NN,GG,TT,AT,AA,CC,TT,GT,CC,TT,CC,TT,AT,GG,AA,TT,NN,AG,CC,AG,GG,GG,CC,GG,CC,TT,TT,AA,TT,AG,NN,TT,AT,CC,AC,GT,AA,AG,GG,CC,TT,AT,AC,GT,AA,AA,TT,TT,AA,CT,AA,CC,GG,TT,GG,AA,GG,CC,AA,GG,AA,AT,GG,GT,TT,GG,GG,NN,CC,AA,GG,AA,AT,CC,TT,CC,TT,CC,AT,TT,GG,TT,CC,TT,CC,CT,CC,GG,AA,AT,TT,CC,AA,AG,AA,CC,GG,TT,CG,TT,AA,AC,TT,CC,NN,CG,GG,CC,GT,CT,AA,CC,CC,CC,CC,AA,GT,CC,AA,CC,CC,AA,TT,AA,AA,GG,CC,CC,GG,AA,AG,AA,AC,GT,CC,CC,AG,AA,GG,TT,GG,NN,TT,CT,GG,CC,TT,GT,TT,CC,AT,GT,TT,AA,AT,GG,CC,AA,CT,CC,CC,GG,CC,AA,GG,AA,CC,TT,CC,GG,TT,CC,AT,NN,AA,TT,AC,CG,AA,CC,CC,GG,GG,AA,GG,TT,AA,AG,CC,GG,AA,CC,AA,AT,GG,TT,NN,AT,GG,GT,AA,CG,AT,TT,AA,GG,AA,TT,AA,TT,CG,TT,NN,CC,CT,GG,AA,CC,AG,CC,TT,CT,TT,GG,TT,AA,CC,AA,GG,CC,CG,GG,CC,GG,AT,AA,NN,GT,GG,CC,CC,AT,GG,CG,AT,CC,AA,AA,CC,CG,AC,AT,AA,GG,AA,AA,AA,AA,GG,AA,AA,AA,AT,GG,AA,GG,AC,AA,TT,AA,AA,CG,GG,GG,TT,AT,AA,TT,TT,AT,AG,AT,GG,CG,AA,5.22,Susceptible,Medium,Premium,Late
L0170,Mandya,Karnataka,Kharif,Red Loamy,Irrigated (Cauvery command),780,27.0,72,AC,TT,AG,AG,GG,CC,GT,TT,CC,CG,AA,CC,CC,TT,TT,GT,CG,TT,TT,AA,CC,TT,GG,CC,TT,CC,TT,AT,GT,AA,TT,CC,AA,CC,GG,CC,GG,CC,GG,AC,TT,TT,AA,TT,AG,AG,TT,TT,CC,CC,GG,AA,AA,GG,CC,TT,AA,CC,TT,AA,AG,GT,AT,AG,TT,AT,CC,GG,TT,GG,AA,GT,CC,AA,GG,AA,AT,GG,TT,TT,GG,GG,GG,CC,AA,GG,AA,AA,CC,GG,AC,TT,CC,AT,GT,AG,TT,CC,GT,CC,CC,CG,AG,AA,TT,TT,CG,AA,AG,AA,CC,GG,GT,CG,GT,AA,AA,TT,CC,GG,CC,AG,CC,GG,TT,AA,CC,CC,CC,CC,AA,NN,CC,AA,CC,CC,AA,TT,AA,TT,GG,CT,CC,GG,AA,AG,AA,AC,GG,CC,CC,AA,AG,GG,TT,GG,AC,TT,CT,GG,CC,TT,GG,TT,CC,AT,TT,TT,AT,AA,GG,CC,AA,CC,CC,CC,GG,CC,AA,GG,AG,AC,TT,GG,GT,GG,GG,AT,NN,AA,TT,CC,GG,AA,CC,CC,GG,GG,AC,GG,TT,AA,AA,CC,GT,AA,CC,AA,AT,GG,TT,AT,AA,NN,GG,AT,CC,TT,GG,AA,GG,AA,TT,AA,TT,CC,TT,AA,CC,CC,GG,AA,CC,GG,AC,TT,TT,TT,GG,TT,AC,AC,AA,GT,CC,CG,GG,CG,GG,AT,AA,CG,TT,GG,CC,CC,AA,AG,CC,AA,CG,AA,AA,CC,CG,CC,TT,AA,GG,AA,AA,AA,AC,GG,GG,AA,AA,TT,CG,AA,AG,AC,AA,TT,AA,AA,GG,GG,GG,GT,AA,AA,TT,TT,TT,AG,AA,GG,GG,AA,5.56,Susceptible,Low,Premium,Late
L0171,Mandya,Karnataka,Kharif,Red Loamy,Irrigated (Cauvery command),780,27.0,72,AC,TT,GG,AA,GG,CC,GG,TT,CC,CC,AA,CT,CC,TT,TT,GG,CG,TT,TT,AA,CC,TT,GT,CC,AT,CC,TT,TT,GG,AA,TT,CT,AA,CC,GG,GG,GG,CC,GG,CC,TT,CC,AA,TT,AA,AG,CT,TT,CC,AC,GT,AA,AA,GG,CC,GT,AA,AC,TT,CC,AA,TT,TT,AG,TT,TT,CC,GT,TT,GG,AA,GG,CC,AA,GG,AC,AA,GG,TT,TT,GG,GG,GG,CC,AA,GG,AA,AA,CG,GT,CC,TT,CC,AT,TT,GG,TT,CC,GG,CC,CC,CC,AG,AA,AT,TT,CC,AG,AG,AA,CC,GG,TT,CG,TT,AA,AA,TT,CG,AG,CC,GG,CC,GT,CT,AG,CC,CC,CC,CC,AG,TT,CC,NN,CC,CC,AG,TT,AA,AA,GG,NN,CC,GG,AA,GG,AA,CC,GT,CC,CG,AA,AA,GG,TT,AG,AC,GT,TT,AG,AC,TT,TT,TT,CC,AT,GT,CT,AT,TT,GG,CC,AA,CT,CC,CC,GG,CC,AA,GG,AG,CC,TT,CC,GG,TT,GG,AA,AA,AA,TT,CC,CC,AA,CC,CC,GG,GG,AC,CC,TT,AA,AA,CG,GG,AT,AA,AA,AT,GG,TT,AT,AA,CG,GT,AA,CC,TT,TT,AA,GG,AA,TT,AA,NN,CC,TT,AA,CC,CT,CG,AA,CC,GG,NN,TT,CC,GT,GG,TT,AA,CC,AA,GG,CC,CC,GG,CC,GG,TT,AA,CC,GT,GG,CC,CC,AA,GG,CC,AA,CC,AA,AA,CC,CC,CC,TT,AA,GG,AA,AA,AC,AA,AG,AA,AA,AA,TT,GG,AA,AA,AA,CC,CT,AG,AA,GG,GG,CG,TT,AT,AA,TT,TT,TT,AA,AT,GG,GG,AA,5.76,Moderate,Low,Poor,Medium
L0172,Mandya,Karnataka,Kharif,Red Loamy,Irrigated (Cauvery command),780,27.0,72,CC,TT,GG,AA,GG,CC,GG,TT,CC,CC,AA,CC,CG,TT,TT,GG,GG,NN,TT,AA,CG,GT,GT,CC,TT,CC,TT,AT,GG,AA,TT,CC,AA,CC,GG,GG,GG,NN,GG,CC,NN,CC,AA,TT,AA,GG,TT,TT,CC,AC,GT,AT,GG,GG,CT,GT,AA,AA,TT,CC,AA,GT,AT,AA,TT,TT,CC,GT,TT,GT,AG,GG,CC,AA,AG,AC,AA,GG,TT,TT,GG,GG,GG,CC,AT,GG,AA,AT,CC,GT,CC,TT,CT,TT,TT,GG,TT,CC,TT,CC,CC,GG,AG,AA,AT,TT,CG,NN,AG,AA,CC,GG,TT,CG,TT,AA,AA,TT,CC,AG,CG,AG,CC,GG,CT,AA,CT,CC,CC,CC,AA,TT,CC,AA,CC,CC,AA,TT,AA,AA,GG,CT,CC,GG,AA,AG,AA,CC,GG,CC,CC,AA,AA,GG,TT,GG,AA,GT,CT,GG,AC,TT,TT,TT,CC,AA,GT,TT,AA,TT,CG,CC,AA,TT,AC,CC,CG,CC,AA,GG,AG,CC,TT,CC,GT,GT,GG,TT,AA,AG,TT,CC,GG,AC,CC,CC,GG,GG,AA,GG,TT,AA,AA,CC,GG,AT,CC,AA,AT,GT,TT,TT,AA,CG,TT,AT,CC,TT,TT,AA,GG,AA,TT,AA,TT,CC,TT,AA,CC,TT,CG,AA,CG,GG,AC,TT,TT,TT,GG,TT,AA,CC,AA,GT,CC,CG,GG,CG,GG,AT,AA,CC,GT,GG,CC,CC,AA,GG,CC,AA,CC,AT,AA,NN,CC,CC,TT,AA,GG,AA,AA,AC,AA,AG,AA,AG,AA,TT,GG,AC,AG,AC,AA,CT,AA,AA,CG,GG,GG,NN,AT,AA,TT,TT,TT,AG,TT,GG,GG,AA,6.7,Susceptible,Medium,Poor,Medium
L0173,Mandya,Karnataka,Kharif,Red Loamy,Irrigated (Cauvery command),780,27.0,72,AA,TT,GG,AA,GG,CC,GG,TT,CC,CC,AA,CT,CG,TT,TT,GG,GG,TT,TT,AA,CC,GT,TT,CC,AT,CC,GT,TT,GG,AA,TT,CC,AA,CC,AG,GG,GG,CC,GG,AC,TT,CT,AA,TT,AA,GG,TT,TT,CG,AC,GG,NN,AA,GG,CT,TT,AA,AA,GG,NN,AA,TT,AA,NN,TT,AT,CC,GG,TT,NN,AA,GG,NN,AA,AG,AC,AT,GG,GT,TT,GG,GG,GG,CC,AA,GG,AA,AA,CC,NN,CC,TT,CT,TT,TT,GG,TT,CC,GG,NN,CC,CC,AG,AA,TT,TT,CC,AA,AG,AA,CC,GG,TT,CC,TT,AC,AA,AT,CG,AG,CC,GG,CC,GG,CT,AA,CC,CC,AC,CG,AA,TT,AC,AA,CC,CC,AA,TT,AA,AA,GG,CC,CC,AG,AA,GG,AA,CC,GG,CC,CC,AA,AA,AG,TT,GG,AA,TT,CT,GG,CC,GT,TT,CT,CG,AA,TT,TT,AT,AA,CG,CC,AA,NN,CC,CC,GG,CC,AA,GG,AG,CC,TT,CC,GG,TT,GG,TT,AA,AA,TT,AA,GG,AA,CC,CC,GG,GG,AA,GG,NN,CC,AA,CC,GG,AT,CC,AA,AT,GG,TT,AT,AT,NN,TT,AA,CC,TT,TT,NN,GG,AA,TT,AC,TT,CC,CT,AC,CC,TT,CG,AG,CC,GG,CC,TT,CT,TT,GG,TT,AC,AC,AA,GG,CC,CC,GG,CC,GG,AT,AG,CC,GT,GG,CC,CC,AA,GG,CG,NN,CC,AA,AG,AC,CC,CC,TT,AA,CG,AA,AA,AA,AA,AA,AG,AG,AA,TT,GG,AA,AG,AC,AA,TT,AG,AA,CG,AG,GG,TT,AA,AA,TT,TT,TT,AG,TT,GG,GG,AA,3.28,Susceptible,Low,Standard,Early
L0174,Mandya,Karnataka,Kharif,Red Loamy,Irrigated (Cauvery command),780,27.0,72,AC,CT,GG,AG,GG,CC,GG,TT,CC,CG,AA,CC,CC,TT,TT,GG,CG,NN,TT,AA,CC,GT,TT,CC,TT,CC,GT,TT,GT,AA,TT,CC,AA,CC,GG,CG,GG,CG,GG,CC,TT,TT,AC,TT,AA,AG,TT,TT,CC,AC,GG,AT,AA,GG,CT,TT,AA,AA,GG,AA,AA,NN,AT,AG,TT,AT,CC,GG,TT,GG,AA,GG,CC,AA,GG,AC,AT,GG,TT,TT,GG,GG,GG,CC,AT,GG,AA,AA,CC,TT,CC,TT,CC,TT,TT,GG,CT,CC,TT,CC,CC,CG,AG,AA,TT,TT,CC,AA,AA,AC,CC,GG,TT,CC,TT,AC,AA,TT,CG,GG,CC,GG,CC,GG,CT,AA,CC,CC,CC,CC,AA,TT,CC,AA,CC,CT,AA,TT,AA,AA,GG,CC,CC,AG,AA,GG,AA,AC,GG,CC,CC,AG,AG,GG,TT,GG,AC,TT,TT,GG,CC,TT,TT,TT,CC,AA,GT,TT,TT,TT,GG,CC,AA,CC,CC,CC,CG,CC,AA,GG,GG,CC,TT,CC,GT,GT,CG,AT,AA,AG,TT,CC,CG,AA,AA,CC,GG,AG,AC,NN,CT,AC,AA,GG,GG,AA,AC,AA,AA,GT,TT,TT,AT,CG,GT,AA,CG,AT,GT,AA,GG,AA,CT,AA,TT,CC,TT,AC,CC,TT,GG,AG,CC,AG,CC,TT,CT,GT,GG,TT,AA,AC,AA,GG,CC,CC,GG,CC,GG,AT,AA,CC,TT,GG,CC,CG,AT,GG,CG,AA,CC,AT,AA,AC,CC,AC,TT,AA,GG,AA,AA,CC,AA,GG,AA,AA,AA,AT,GG,AA,NN,AC,AA,TT,AA,AA,GG,GG,CG,TT,AA,AG,GT,TT,TT,AG,NN,GG,CG,AA,6.25,Moderate,Low,Standard,Late
L0175,Mandya,Karnataka,Kharif,Red Loamy,Irrigated (Cauvery command),780,27.0,72,AC,TT,GG,AG,GG,CC,GT,TT,CC,GG,AA,CC,CG,TT,GT,GG,CG,TT,TT,GG,CC,GT,GT,CC,TT,CC,TT,TT,TT,AA,TT,CT,AA,CC,GG,CG,GG,CC,GG,CC,TT,TT,CC,TT,AA,AA,TT,TT,CG,AA,GG,AA,AG,GG,CC,GT,AT,AC,GG,AA,AA,GT,AT,NN,TT,TT,CC,GT,CT,GG,GG,GG,CC,AA,GG,AA,AT,GG,TT,TT,GG,GG,GG,CC,AA,GG,NN,AA,CC,GG,CC,TT,CC,TT,TT,GG,CT,CC,TT,CC,CC,CG,AG,AA,AT,TT,CG,AA,AA,AC,CC,GT,TT,CC,GT,AA,AA,TT,CC,GG,CG,GG,CC,GG,CT,AA,CT,CC,CC,CC,AA,TT,CC,AA,CC,CC,AA,TT,AA,AA,CG,CT,CC,GG,AA,GG,AA,CC,GG,CC,CC,AG,AA,AA,TT,GG,AA,GT,CC,GG,AC,GT,GT,CT,CC,AT,TT,TT,AA,TT,GG,CC,AG,CT,CC,AC,CG,CC,AA,GG,AG,CC,TT,CG,GG,GT,GG,NN,AA,AG,TT,CC,GG,AA,CC,CC,CC,AG,AC,GG,TT,AA,GG,CC,GT,AA,CC,AA,AT,GG,TT,TT,AA,GG,TT,TT,CG,AT,TT,AA,GG,AG,TT,AA,TT,CC,CT,AC,CC,TT,CG,GG,CC,GG,CC,TT,TT,GT,GG,AT,AA,CC,AG,GG,CC,CG,GG,CC,GG,TT,AA,CC,TT,AG,CC,CC,AT,AA,CG,AA,CC,AA,AA,CC,CC,CC,AT,AA,GG,AA,AA,CC,AA,AG,NN,AG,AA,TT,GG,AA,AG,AC,AA,CT,AA,AA,GG,AG,GG,TT,AA,AA,TT,TT,TT,AG,AT,GG,GG,AA,6.71,Susceptible,Medium,Poor,Early
L0176,Mandya,Karnataka,Kharif,Red Loamy,Irrigated (Cauvery command),780,27.0,72,AA,TT,GG,AG,GG,CC,GG,TT,CC,CG,AA,CT,CC,TT,TT,GT,CG,TT,TT,AA,CG,GT,GT,CC,AT,CC,TT,AT,GG,AA,TT,CT,AA,CC,AG,GG,GG,CG,GG,CC,TT,CT,AA,GT,AA,AG,TT,AT,CC,AA,GG,AT,AG,GG,CT,GT,AA,AA,TT,AA,AA,TT,AT,AG,TT,AA,CC,GG,TT,GT,AA,GG,CC,AA,GG,AC,AT,GG,TT,TT,GG,GG,NN,CC,AA,GG,AA,AA,CC,GT,CC,TT,CT,TT,GT,GG,NN,CC,TT,CC,CC,CG,AG,AA,TT,GT,CC,AA,AG,AC,CC,GG,TT,CG,GT,AA,AA,AT,CC,GG,CC,GG,CC,GT,CT,GG,CC,CC,CC,CC,AA,TT,CC,AA,CC,CC,AA,AT,AA,AA,GG,CC,CG,GG,AA,AG,AA,CC,GG,CC,CC,AA,AA,GG,TT,GG,AA,TT,TT,GG,AA,TT,TT,TT,CG,AA,GT,TT,AT,TT,CG,CC,AA,CC,AC,CC,CG,CC,AA,GG,GG,CC,TT,CC,GG,TT,GG,AT,AA,AA,TT,CC,GG,AA,CC,CC,GG,GG,AA,GG,TT,AA,AA,CC,GG,AT,CC,AA,AA,NN,TT,AT,AA,GG,GT,AA,CG,AT,GT,AA,GG,AA,TT,AA,TT,CC,TT,AA,AC,TT,GG,AA,CC,AG,CC,TT,CT,GT,GG,TT,AA,CC,AG,GT,CC,CG,GG,CC,GG,TT,AA,CG,GT,GG,CC,CC,AA,GG,CG,AA,CG,AA,AA,CC,CC,AC,TT,AA,CG,AA,AA,AC,AA,NN,AG,AA,AA,TT,NN,NN,AG,CC,AA,TT,AA,AA,GG,GG,GG,GT,AA,AA,TT,TT,AT,AA,TT,GG,GG,AA,7.66,Susceptible,Low,Poor,Late
L0177,Mandya,Karnataka,Kharif,Red Loamy,Irrigated (Cauvery command),780,27.0,72,AC,TT,GG,AA,GG,CC,GG,AT,CC,CC,AA,NN,CC,AT,GT,GG,CG,TT,TT,AA,CG,TT,GT,CC,TT,CC,TT,TT,GT,AA,TT,CC,AA,CC,GG,GG,GG,CC,GG,CC,TT,CT,AA,GT,AA,AA,TT,TT,CC,AA,GG,AA,AA,GG,CC,TT,AA,AA,GT,AA,AA,GT,AT,AA,TT,AT,CC,GG,TT,GG,AA,TT,CC,AA,GG,AC,AT,GG,TT,TT,GG,GG,GT,CC,AA,GG,AA,AA,CC,GT,CC,TT,CC,TT,TT,GG,TT,CC,TT,CT,CC,CC,AA,AA,TT,TT,CC,AA,AA,AA,CC,GG,TT,CC,GT,AA,AA,TT,CC,GG,CC,GG,CC,GG,CT,AA,CC,CC,CC,CC,AA,TT,CC,AA,CC,CC,AA,TT,AA,AT,CG,CC,CC,GG,AA,AA,AT,CC,GG,CC,CC,AA,AA,AA,GT,GG,AC,TT,TT,AG,CC,TT,TT,TT,CC,AA,TT,CT,AA,AT,GG,CC,AG,NN,AC,CC,GG,CC,AA,GG,AG,CC,TT,CC,GT,TT,CG,AT,AA,AG,TT,CC,GG,AA,CC,CC,CG,GG,AA,GG,TT,AA,AA,CG,GT,AA,AC,AA,AT,GG,GT,AT,AA,CG,TT,AT,CC,AT,GT,AA,GG,AA,TT,AA,TT,CC,CT,AC,CC,TT,CG,AG,CG,GG,AC,TT,TT,GT,GG,TT,AA,CC,AA,GG,CC,CG,GG,CC,GG,AA,AA,CC,NN,GG,CC,CC,AA,GG,CC,AT,CC,AA,AA,AC,CC,AC,AT,NN,GG,AA,AC,AC,AA,GG,AA,AA,AA,TT,GG,AA,AG,CC,AC,CC,AG,AA,CG,GG,GG,GT,AA,AA,GT,TT,TT,AG,TT,GG,GG,AA,6.52,Susceptible,Low,Poor,Medium
L0178,Mandya,Karnataka,Kharif,Red Loamy,Irrigated (Cauvery command),780,27.0,72,CC,TT,GG,AG,GG,CC,GG,TT,CC,CG,AA,CC,CG,AT,NN,GG,GG,TT,TT,AA,CC,GT,GG,CT,TT,CC,TT,NN,GG,AA,TT,TT,AA,CC,GG,GG,GG,CC,GG,CC,TT,CT,AA,TT,AA,AG,TT,AT,CG,NN,GT,AA,AA,GG,CT,TT,AA,AA,GG,AA,AA,TT,TT,GG,TT,TT,CC,GG,CT,GG,AG,GG,CC,AA,GG,AA,AT,AG,GT,TT,GG,GT,GG,CC,AT,AG,AA,AT,CG,GT,AC,TT,CT,TT,TT,GG,TT,CC,TT,CC,CC,CC,AG,AA,TT,TT,CC,AA,AG,AA,CT,GG,TT,CC,GT,AA,AA,TT,CC,AG,CC,AG,CC,GT,CT,AA,CT,CC,CC,CC,AG,GT,AC,AA,AC,CC,AA,TT,AG,AA,GG,CC,CC,GG,AA,AA,AA,CC,GG,CC,CC,AA,AA,GG,TT,AG,AA,GT,CT,GG,CC,TT,TT,CT,CG,AT,TT,TT,AT,TT,GG,NN,AA,TT,CC,CC,CG,CC,AA,GG,AG,CC,TT,CC,GG,GT,GG,TT,AG,AA,TT,CC,GG,AC,CC,CC,GG,GG,AA,GG,TT,AA,AG,CG,GG,AA,AC,AA,AA,GG,TT,TT,AA,CG,GT,AA,CC,TT,GG,AA,GG,AA,NN,AA,AT,CG,CT,AA,CC,CT,GG,NN,CG,AA,CC,TT,TT,GT,GG,AT,AC,CC,AA,GG,CC,CC,GG,CC,GG,TT,GG,CC,TT,GG,CG,CG,AA,GG,CC,AA,CC,AA,AG,CC,CG,AC,TT,AA,GG,AA,AA,NN,AA,GG,AA,AA,AA,TT,GG,AC,AG,AC,AA,CT,AG,AA,GG,GG,GG,TT,AA,AA,GT,TT,TT,AA,TT,GG,GG,AA,5.74,Susceptible,High,Standard,Medium
L0179,Mandya,Karnataka,Kharif,Red Loamy,Irrigated (Cauvery command),780,27.0,72,CC,TT,GG,AG,GG,CC,GG,AT,CC,CC,AA,CT,CG,TT,TT,GT,CG,TT,TT,AA,CC,GT,TT,CC,AT,CC,TT,TT,GG,AA,TT,CC,AA,CC,GG,GG,GG,CG,GG,CC,TT,CT,AC,TT,AG,GG,CT,TT,CC,AA,TT,AA,GG,GG,CT,TT,AA,AA,GT,AA,AG,TT,TT,AG,CT,AT,CC,GG,TT,TT,AA,GG,CC,AA,GG,CC,AT,GG,TT,TT,GG,GG,GG,CC,AT,GG,AA,AT,CC,GG,CC,TT,CT,TT,GT,GG,TT,CC,GT,CC,CC,CG,AA,AA,TT,TT,CG,AA,AA,AA,CC,GG,TT,CC,TT,AA,AA,TT,CC,GG,CG,GG,CT,GG,TT,AA,CT,CC,CC,CC,AA,GT,CC,AC,CC,CC,AA,TT,AA,AA,CG,CC,CC,GG,AA,AG,AA,CC,GG,CC,CC,AA,GG,AG,GT,AG,AC,TT,CT,GG,CC,TT,GT,TT,CC,AT,TT,TT,AA,TT,GG,CG,AG,TT,CC,CC,CG,CC,AA,GG,AG,CC,TT,CC,GT,GG,GG,AT,AA,AA,TT,CC,GG,AA,AC,CC,GG,GG,NN,GG,TT,AA,AA,CC,GG,AT,AC,AA,TT,GG,TT,AT,AA,CG,GT,AA,CC,TT,GT,AA,GG,AA,TT,AA,TT,CG,CT,AA,CC,CT,GG,AG,CC,AG,CC,AT,CT,TT,GG,TT,AC,CC,AG,GT,CC,CC,GG,CG,GG,TT,AA,CG,GG,GG,CC,CG,AA,GG,CC,AA,CC,AT,AA,AC,CG,CC,TT,AA,GG,AA,AA,AC,AC,AG,AG,AA,AA,TT,CG,AA,AA,AC,AC,CT,AA,AG,GG,GG,GG,GT,AA,AA,TT,NN,TT,AA,AT,GG,NN,AA,6.88,Moderate,High,Premium,Late
L0180,Mandya,Karnataka,Kharif,Red Loamy,Irrigated (Cauvery command),780,27.0,72,CC,TT,AA,AG,GG,CC,GG,TT,CC,GG,AA,CC,CC,TT,GT,GG,GG,TT,TT,AA,CC,TT,GT,TT,TT,CC,TT,TT,GT,AA,TT,CC,AA,CC,GG,GG,NN,CG,GG,CC,TT,CT,AA,NN,AA,GG,TT,AT,CC,AC,GT,AT,AA,GG,CC,GT,AA,AC,TT,AC,GG,GT,AT,AG,CT,TT,CC,GG,TT,GG,AG,GG,CC,AA,GG,AC,AA,GG,TT,TT,GG,GT,GG,AC,AA,GG,NN,AT,CC,TT,CC,GT,CT,TT,TT,GG,TT,CC,GT,CT,CC,GG,GG,AA,TT,TT,CG,AG,AA,AA,CC,GG,TT,CC,TT,AA,AA,TT,CG,AG,CG,AG,CC,GT,CT,AG,CC,CC,CC,CC,AA,TT,CC,NN,CC,CC,AA,TT,AA,AA,GG,CC,CC,GG,AA,AA,AT,CC,GT,CC,CC,AA,AA,AG,GT,GG,AC,TT,CC,AG,AC,GT,GT,NN,CC,AA,GT,TT,AA,TT,GG,CC,AA,CT,CC,CC,CC,AC,NN,GG,AG,CC,TT,CC,GG,TT,GG,AT,AA,AG,TT,CC,CG,CC,CC,CC,GG,GG,AC,GG,TT,AA,AA,CC,GT,AA,AC,AT,AT,GG,TT,AT,AT,GG,GT,AA,CC,TT,TT,AA,GG,AA,CT,AA,TT,CG,TT,AC,CC,CC,CC,AA,CC,AG,CC,TT,TT,TT,GG,TT,AA,AC,AA,GG,CC,CG,GG,CC,GG,AT,AA,CG,TT,GG,CC,CC,AA,GG,CG,AA,CG,AT,AA,AC,NN,CC,TT,AA,GG,AA,AA,AC,AC,NN,AG,AA,AA,TT,CG,AA,AA,CC,AC,TT,AA,AA,CG,GG,GG,GT,AA,AG,TT,TT,TT,AG,TT,GG,GG,AA,8.54,Susceptible,Medium,Standard,Medium
L0181,Mandya,Karnataka,Kharif,Red Loamy,Irrigated (Cauvery command),780,27.0,72,AC,TT,GG,AG,GG,CC,GG,TT,CC,CG,AA,CC,CC,AT,TT,GG,GG,TT,TT,AA,CG,GT,GT,CT,TT,CC,TT,TT,GG,AA,TT,CC,AA,CC,GG,GG,GG,CC,GG,CC,TT,CC,AC,TT,AA,AG,TT,TT,CC,AC,GG,AA,AA,GG,CC,GT,AT,AA,GG,AA,AA,GT,AT,AG,TT,AT,CC,GG,TT,GT,GG,GG,CC,AA,GG,CC,AT,NN,TT,TT,GG,GG,GG,AC,AA,GG,AA,AT,CC,GT,CC,TT,CT,TT,TT,GG,TT,CC,TT,CT,CC,CG,GG,AA,TT,TT,CC,AG,AA,AA,CC,GG,TT,CG,TT,AA,AC,TT,CC,AA,CC,GG,CC,GT,CT,AA,CC,CC,CC,CG,AA,TT,CC,NN,CC,CC,AA,TT,AA,AA,GG,CC,CC,GG,AA,AA,AA,CC,GG,CC,CC,AA,AA,GG,TT,GG,CC,GT,CT,GG,CC,GT,TT,TT,CC,AT,GT,TT,AA,TT,GG,CC,AG,TT,CC,CC,GG,CC,AA,AG,AA,CC,TT,CC,GT,TT,CG,AT,AA,AA,TT,CC,GG,AA,CC,CC,GG,GG,AA,CC,TT,AA,AA,CC,GG,AA,CC,AT,AA,GG,TT,TT,AT,GG,GG,AA,CC,TT,GT,AA,GG,AA,CT,AA,TT,CG,TT,AC,CC,TT,GG,AA,CC,AG,AC,TT,NN,GT,GG,TT,AC,AC,AA,GG,CC,CG,GG,CC,GG,AT,AG,CG,TT,GG,CC,CC,AA,AG,CG,AA,CC,AA,AA,CC,CG,AC,TT,AA,GG,AA,AA,AC,AC,GG,AG,AA,AA,TT,GG,AA,AG,CC,AA,CT,AA,AA,GG,GG,GG,TT,AA,AA,TT,TT,NN,AA,AT,GG,NN,AC,7.1,Resistant,High,Standard,Medium
L0182,Mandya,Karnataka,Kharif,Red Loamy,Irrigated (Cauvery command),780,27.0,72,AA,TT,GG,AA,GG,CC,GT,AT,CC,CC,AA,CT,CC,AT,GT,GG,GG,TT,AT,AG,CC,NN,GT,CC,AA,CC,TT,TT,GG,AA,CT,CT,AA,CC,GG,GG,GG,CG,GG,CC,TT,CT,AC,TT,AA,GG,TT,TT,CC,CC,GG,AA,AG,GG,TT,TT,AA,AA,GT,AA,AA,GT,AT,AA,TT,AT,CC,GG,TT,GG,AA,GG,CC,AG,GG,AC,AA,GG,TT,TT,GG,GG,GT,CC,AA,AG,AA,AA,CC,GT,CC,TT,CT,TT,TT,GG,TT,CC,TT,CC,CT,CC,AG,AG,TT,TT,CC,AA,AG,AC,CC,GG,TT,CC,TT,AC,AA,AT,CC,GG,CC,GG,CC,GG,TT,AA,CC,CC,CC,CC,AA,TT,CC,AC,CC,CC,AA,TT,AG,AA,GG,CC,CC,GG,AA,AA,TT,AC,GG,CC,CC,AA,AG,GG,GT,AG,AC,TT,TT,AG,CC,TT,TT,TT,CC,AT,TT,CT,AA,AT,GG,CC,AA,CC,CC,CC,GG,CC,AA,GG,AA,CC,TT,CC,GT,TT,CG,TT,AA,AA,TT,CC,CG,AA,CC,CC,GG,GG,AC,GG,TT,NN,AA,CC,GT,AA,AC,AA,AA,GG,GT,AT,AA,GG,GT,AA,CC,AT,GG,AA,GG,AA,TT,AC,TT,CC,TT,AC,CC,TT,GG,AG,CG,AG,CC,TT,CT,GT,GG,TT,AA,CC,AA,GT,CC,CG,GG,CC,GG,TT,AA,CC,GT,GG,CC,CC,AA,AG,CC,AA,CC,AA,AA,CC,CG,AC,AT,AA,GG,AA,AA,AA,AA,AG,AA,AG,AA,AT,GG,AA,AG,CC,NN,CT,AA,AG,GG,GG,GG,TT,AA,AA,TT,TT,TT,AG,TT,GG,CG,AA,7.1,Susceptible,Low,Premium,Early
L0183,Mandya,Karnataka,Kharif,Red Loamy,Irrigated (Cauvery command),780,27.0,72,AA,TT,AG,AG,GG,CC,GT,AT,CC,CG,AA,CC,CC,TT,GG,GG,CG,TT,TT,AG,CC,TT,GT,CC,TT,NN,GT,TT,GG,AA,CT,CT,AA,CC,GG,GG,GG,CG,GG,CC,TT,TT,AA,TT,AA,AG,TT,TT,CC,NN,GG,AA,AA,GG,CC,TT,AA,AA,GT,AC,NN,TT,TT,AG,TT,AA,CC,GG,TT,GG,AG,GG,CC,AA,GG,AC,AA,GG,TT,CT,AA,GG,GG,CC,AA,GG,AA,AA,CC,GG,AC,TT,CC,TT,TT,GG,TT,AC,TT,CC,CT,CG,AG,AA,TT,TT,CC,AA,GG,AA,CT,GG,TT,CC,GT,AA,AA,TT,GG,GG,CC,GG,CC,GG,TT,AA,CC,CC,CC,CC,AA,TT,CC,AA,CC,CC,AA,AT,AA,AA,GG,TT,CC,GG,AA,AG,AA,CC,GT,CC,CC,AG,GG,GG,TT,GG,AC,TT,TT,GG,CC,GG,TT,CT,CC,AA,TT,TT,AT,TT,GG,CC,AG,CT,NN,CC,GG,CC,AA,GG,AA,CC,TT,CC,TT,TT,CG,TT,NN,AA,TT,CC,CG,AA,AC,CC,GG,GG,AA,GG,TT,AC,AA,CC,GG,AA,AC,AA,AT,GG,GT,AT,AT,GG,GT,AA,CG,TT,GG,AA,GG,AA,CT,AC,TT,CC,TT,AA,NN,TT,GG,AA,CG,AG,CC,TT,CT,TT,GG,AT,AA,CC,AA,GG,CC,CG,GG,CC,GG,AT,AA,CC,TT,GG,CC,CG,AA,AG,CG,AA,CC,AA,AA,CC,CC,AC,TT,AA,GG,AA,AC,AA,AC,GG,AA,AG,AA,TT,GG,AA,AA,AC,CC,NN,AA,AA,GG,GG,CG,TT,AA,AA,TT,TT,TT,AG,TT,GG,CG,AA,5.7,Resistant,Medium,Standard,Medium
L0184,Mandya,Karnataka,Kharif,Red Loamy,Irrigated (Cauvery command),780,27.0,72,AC,TT,GG,AG,GG,CC,TT,TT,CC,CC,AA,CC,CG,TT,TT,GG,GG,TT,TT,AA,CC,GG,GT,CT,TT,CC,TT,AT,GG,AA,TT,CT,AA,CC,AG,GG,GG,CC,GG,CC,TT,TT,AA,TT,AA,GG,TT,TT,CC,AC,GG,AA,AA,GG,CT,GT,AA,AA,GG,AA,AG,TT,TT,AA,CT,TT,CC,GG,TT,GG,AG,GG,AC,NN,GG,AA,AT,AG,TT,TT,GG,GG,GT,CC,AA,GG,AA,AA,CC,GT,CC,TT,CT,TT,TT,GG,TT,CC,TT,CC,CC,CG,AG,AA,TT,TT,CC,AA,AA,AC,CT,GG,TT,CG,TT,AC,AC,TT,CC,AA,CG,GG,CC,GT,TT,AG,CC,CC,CC,NN,AA,TT,CC,AA,CC,CT,AA,TT,AA,AA,GG,CT,CC,GG,AA,AG,NN,CC,TT,CC,CC,AA,AG,AG,TT,GG,AC,TT,TT,GG,AC,GG,TT,TT,CG,AA,TT,TT,AT,NN,GG,CC,AG,TT,AC,CC,GG,CC,AA,GG,AG,CC,TT,CC,GG,TT,GG,TT,AA,AA,TT,CC,GG,CC,AC,CC,GG,AG,AA,CG,TT,AC,AA,CC,GG,AA,CC,AA,AA,GT,TT,TT,AA,CG,GT,AT,CC,AT,TT,AA,GG,AA,TT,AA,TT,CC,TT,AA,CC,CT,CG,AA,CC,AG,AC,AT,CT,GT,GG,TT,AA,AC,AA,GG,CC,CC,GG,CC,GG,AT,AA,CC,TT,GG,CG,CC,AA,GG,CC,AA,CC,AA,AA,AA,CG,AC,TT,AA,GG,AA,AC,AC,AA,GG,AG,AA,AA,TT,GG,AA,AG,NN,AA,TT,AA,AA,CG,AA,GG,TT,AA,AA,TT,TT,TT,AA,AT,GG,GG,AA,5.61,Moderate,High,Poor,Medium
L0185,Mandya,Karnataka,Kharif,Red Loamy,Irrigated (Cauvery command),780,27.0,72,AC,TT,GG,AA,GG,CC,GT,TT,CC,CG,AA,CC,CC,AT,GT,GG,GG,TT,TT,AA,CC,TT,GG,CC,TT,CC,TT,TT,GG,AA,TT,CT,AA,CC,GG,GG,GG,CC,GG,CC,TT,CT,AA,GT,AA,GG,TT,TT,CC,CC,GG,AA,AA,GG,NN,GT,AA,AA,GT,AC,AA,TT,AT,AA,TT,TT,CC,GG,CT,GG,AA,GG,CC,AA,GG,AC,TT,GG,TT,TT,GG,GG,GG,CC,AA,GG,AA,AA,CC,GT,CC,TT,CT,TT,TT,AG,CC,CC,TT,CT,CT,CC,GG,AA,TT,TT,CC,AA,AA,AA,CT,GG,TT,CC,TT,AA,AA,AT,CC,NN,CC,AG,CC,GT,CT,AA,CT,CC,CC,CC,AA,TT,AC,AA,CC,CC,AA,TT,AA,AA,GG,CC,CC,GG,AA,AG,AA,AC,GG,CC,NN,AA,AG,GG,TT,GG,CC,TT,CT,GG,AA,TT,TT,TT,CC,AA,TT,TT,AT,AT,CG,CC,AA,CC,AC,AA,GG,NN,AA,GG,AG,CC,TT,CG,GT,GT,CG,TT,AG,AA,TT,CC,GG,AA,AC,CC,NN,GG,AA,GG,TT,AA,AA,CC,GT,AA,CC,AA,AA,GG,TT,AT,AT,CG,GG,AT,CC,AT,GG,AA,GG,AA,TT,AA,TT,CC,TT,AA,CC,CT,GG,AA,CC,GG,CC,TT,CT,TT,GG,TT,AC,CC,AA,GG,CC,CC,GG,CC,GG,TT,AG,NN,TT,GG,CC,CC,AA,GG,CC,AT,CC,AA,AA,CC,CC,CC,TT,AA,GG,AA,NN,AA,AA,AG,AG,AA,AA,TT,GG,AC,AA,AC,AC,CT,AA,AA,GG,GG,GG,GT,AA,AA,TT,TT,TT,AA,AT,GG,GG,AC,7.59,Resistant,Low,Poor,Medium
L0186,Mandya,Karnataka,Kharif,Red Loamy,Irrigated (Cauvery command),780,27.0,72,AC,TT,AG,AA,GG,CC,GG,AT,CC,CC,AA,CC,CG,TT,TT,GG,GG,TT,TT,AA,CC,TT,TT,CC,TT,CC,GT,TT,GG,AA,TT,NN,AA,CC,GG,GG,GG,CC,GG,CC,GT,TT,AA,GT,AA,AG,TT,AT,CC,AC,GG,AT,AA,GG,CC,GT,AA,AC,TT,AA,AA,TT,TT,GG,TT,AT,CC,GG,TT,GG,AG,GG,CC,AG,GG,CC,AT,GG,GT,TT,GG,GG,GG,CC,AA,GG,AA,AA,CC,TT,CC,TT,CT,TT,GT,GG,CT,CC,TT,CT,CC,CG,AG,AA,TT,TT,CC,AA,AG,AA,CC,GG,TT,CC,TT,AA,AA,AT,CC,NN,CG,AA,CC,GG,CT,AA,CC,CC,CC,CC,AA,GT,AC,AA,CC,CC,AA,TT,AA,AT,GG,CT,CG,GG,AA,AA,AA,NN,GT,CC,CG,AA,AA,AG,TT,GG,CC,TT,CT,GG,AC,TT,TT,TT,CC,AA,GT,TT,AA,TT,GG,CC,AA,CC,CC,CC,CG,CC,AA,GG,AG,CC,TT,CC,GG,TT,CC,AT,AA,AG,TT,CC,GG,AA,CC,CC,GG,GG,AA,GG,TT,AA,AG,CC,GT,AT,CC,AA,AT,GT,TT,AT,AT,GG,GG,TT,CC,AA,GT,AA,GG,AA,CT,AA,TT,CC,TT,AC,CC,TT,CG,AG,CC,AG,AC,AT,TT,TT,GG,AT,AA,CC,AG,GG,CC,CG,CG,CC,GG,TT,AA,CC,GG,GG,CC,CG,AA,GG,CC,AA,CG,AA,AA,CC,CC,AC,AT,AA,CG,AA,AA,AA,AA,AA,AG,AA,AA,TT,GG,AC,AG,AC,AA,NN,AA,AG,GG,GG,GG,NN,AA,AA,TT,TT,TT,AG,TT,GG,GG,AA,9.78,Moderate,Low,Standard,Medium
L0187,Mandya,Karnataka,Kharif,Red Loamy,Irrigated (Cauvery command),780,27.0,72,AC,TT,AG,AG,GG,CC,GG,AT,CC,GG,AA,CT,CC,AT,TT,GG,GG,TT,TT,AA,CC,GG,TT,CT,TT,CC,TT,TT,GG,AA,TT,CC,AA,CC,GG,CC,GG,GG,GG,CC,TT,CT,AA,TT,AG,GG,TT,AT,CC,AA,GG,AA,AA,GG,CC,TT,TT,AC,GG,AC,AA,TT,TT,AG,TT,TT,CC,GG,TT,GG,AA,GG,CC,AA,GG,AA,AA,GG,NN,TT,GG,GG,GG,CC,AT,GG,AA,AA,CC,TT,CC,TT,CC,TT,GT,GG,TT,CC,TT,CC,CT,CC,AA,AA,TT,TT,CC,AA,GG,AC,CT,GG,TT,CC,TT,AC,AA,TT,CC,GG,CC,GG,CC,GG,CT,AA,CC,CG,CC,CC,NN,TT,AC,AA,CC,CT,AA,TT,AA,AA,CG,CC,CC,GG,AA,AA,AA,CC,GG,CC,CG,AA,AG,GG,TT,AA,AC,TT,TT,GG,CC,GG,GT,TT,CC,AT,TT,TT,NN,AT,CG,NN,AA,CT,CC,CC,GG,CC,AA,AG,AA,CC,TT,CC,GT,GT,CG,TT,AA,AA,TT,AA,GG,AA,AC,CC,GG,GG,AA,GG,TT,AA,AG,CC,GG,AA,AC,AA,AA,GG,TT,AT,AT,GG,GT,AA,CC,TT,TT,AA,GG,AA,CT,AA,TT,CC,NN,AC,CC,TT,GG,GG,CC,AG,CC,TT,TT,TT,GG,TT,AA,AC,GG,GG,CC,CG,GG,CC,GG,AT,AA,CC,TT,GG,CC,CC,AA,GG,CC,AA,CG,AA,AA,AC,CC,AA,TT,AA,GG,AA,AA,AA,AC,AA,AG,AG,AA,TT,CG,AC,AG,AC,AC,CT,AA,AA,CG,AG,GG,TT,AA,AA,TT,TT,TT,AG,AT,GG,CG,AA,4.41,Susceptible,Medium,Premium,Early
L0188,Mandya,Karnataka,Kharif,Red Loamy,Irrigated (Cauvery command),780,27.0,72,AA,TT,GG,AG,GG,CC,GG,TT,CC,CG,AA,CC,CC,TT,TT,GG,GG,TT,TT,AG,CC,TT,TT,CT,TT,CC,TT,TT,GG,AA,TT,CC,AA,CC,GG,GG,GG,CC,GG,CC,TT,CT,AA,GT,AA,AA,TT,AT,CC,AC,GG,AA,AA,GG,CC,GT,AT,AC,GT,AA,AA,GT,AT,AG,TT,AT,CC,GG,TT,GT,AA,TT,CC,AA,AG,AC,AA,GG,TT,TT,GG,GG,GG,CC,AT,AG,AA,AA,CG,GT,CC,TT,CC,TT,GT,AG,TT,CC,TT,CC,CC,GG,GG,GG,TT,TT,CC,AA,AA,NN,CC,GG,TT,CC,TT,AC,AC,TT,CC,AG,CC,GG,CT,GG,TT,AG,CC,CC,CC,CC,AA,GT,AC,AA,CC,CT,AA,TT,AG,AA,CG,CC,CC,GG,AG,AG,AA,CC,GT,CC,CG,AG,AG,NN,TT,GG,AC,TT,CT,GG,CC,GT,TT,CT,CG,AA,GT,TT,AA,TT,CG,CC,AG,CT,CC,CC,CG,CC,AA,GG,AG,CC,TT,CG,GT,TT,GG,AT,AA,AG,TT,CC,CG,AA,AC,CC,GG,GG,CC,CG,TT,AA,AA,CG,GG,AT,CC,AA,AT,GG,TT,AT,AA,GG,TT,AT,CG,AT,GT,AA,GG,AG,CT,AA,TT,CC,TT,AA,CC,TT,GG,AG,CG,AG,AC,TT,TT,TT,GG,TT,AA,AC,AG,NN,CC,CG,GG,CC,GG,AA,NN,CG,TT,GG,CC,CC,AT,AG,CG,AT,CC,AT,AA,CC,CG,AC,TT,AA,GG,AA,AC,AC,AC,GG,AG,AA,AA,TT,GG,AA,AA,AC,AC,CT,AG,AA,GG,GG,GG,TT,AA,GG,TT,TT,TT,AG,TT,GG,GG,AA,7.46,Susceptible,Medium,Poor,Medium
L0189,Mandya,Karnataka,Kharif,Red Loamy,Irrigated (Cauvery command),780,27.0,72,AC,TT,GG,AA,CG,CC,GT,TT,CC,GG,AT,CT,CC,TT,GT,GG,GG,TT,TT,AA,CG,TT,GT,CT,TT,CC,TT,AT,GG,AA,TT,CC,AA,CC,AA,GG,GG,NN,GG,CC,NN,CT,AA,TT,AA,GG,TT,TT,CC,CC,GG,AT,AA,GG,CC,TT,AA,AA,TT,CC,AA,TT,TT,AG,TT,AT,CC,GG,TT,GT,AG,GG,CC,AA,GG,AA,AA,GG,TT,TT,GG,GG,GG,CC,AA,GG,AA,AA,CG,GT,CC,GG,CC,TT,TT,GG,CT,CC,GT,CC,CC,CG,AA,AA,TT,TT,CG,AA,AA,AA,CT,GG,TT,CG,GT,AA,AA,TT,CC,AG,CC,AG,CC,GG,NN,AA,CC,CC,CC,CC,AA,TT,CC,AA,CC,CC,AA,TT,AA,AT,GG,CC,CC,GG,AA,AG,AA,NN,GG,CC,CC,AA,AG,GG,GT,GG,AA,TT,CT,GG,AC,TT,GT,CT,CC,AA,GT,CT,AA,TT,GG,CC,AA,CT,CC,CC,GG,CC,AA,GG,AG,CC,TT,CC,GT,TT,CG,AA,AA,AA,TT,CC,CG,AC,CC,CC,GG,GG,AA,CG,TT,AA,AA,CG,GG,AT,AC,AA,AT,GG,TT,TT,AA,CG,GG,AT,CC,TT,GG,AT,GG,AA,CC,AA,TT,CC,CT,AA,CC,TT,GG,AA,CC,AG,CC,TT,CT,TT,GG,TT,AA,CC,AG,GG,CC,CG,GG,CG,GG,AA,AA,CC,TT,GG,CG,CC,AA,GG,CC,AA,CC,AA,AA,AC,CC,CC,TT,AA,CG,AA,AA,AC,AA,AG,GG,AA,AA,TT,GG,AA,AG,AC,AC,TT,AG,AG,GG,GG,GG,TT,AA,AA,TT,TT,TT,AA,AT,GG,GG,AA,8.06,Susceptible,Low,Premium,Medium
L0190,Mandya,Karnataka,Kharif,Red Loamy,Irrigated (Cauvery command),780,27.0,72,AA,TT,AG,GG,GG,CG,GG,TT,CC,GG,AA,CT,CC,AT,TT,GG,GG,TT,TT,AA,CC,TT,GT,CT,TT,CC,TT,TT,GG,AA,CT,CC,AA,CC,GG,CG,GG,GG,GG,CC,TT,CT,AA,TT,AG,AG,TT,TT,CC,AC,GT,AA,AG,GG,CT,GG,AT,AA,GT,AA,AA,TT,AT,AG,TT,TT,CC,GG,TT,GG,AA,GT,NN,AA,GG,AC,AA,AG,GT,TT,GG,GG,GG,CC,AA,GG,AA,AT,CC,GT,AC,TT,CT,TT,GT,GG,TT,CC,GT,CT,CT,CG,AG,AA,TT,TT,CC,AA,AA,AA,TT,GG,TT,CC,TT,AA,AA,TT,CC,GG,CC,GG,CT,GT,TT,AA,CC,CC,CC,CC,AA,TT,CC,AA,CC,CT,AA,TT,AA,AA,CC,CT,CC,GG,AG,AA,AA,CC,GG,CC,CC,AA,AA,GG,GT,GG,AA,TT,TT,GG,CC,GT,TT,CT,CG,AA,TT,TT,AA,AT,GG,NN,AG,CC,CC,CC,CC,CC,AA,GG,GG,CC,TT,CG,GT,TT,GG,TT,AG,AA,TT,CC,GG,AC,CC,CC,GG,NN,AA,GG,TT,AA,AA,CC,GG,AA,CC,AT,AA,GT,TT,AT,AT,GG,GT,AT,CC,TT,TT,AA,GG,AA,TT,AA,TT,CC,TT,AA,CC,TT,GG,AA,CG,AG,CC,TT,CC,TT,GG,TT,AC,CC,AG,GG,CC,CC,GG,CC,GG,AT,AA,CC,TT,GG,CC,CC,AA,GG,CC,AT,CC,AA,AA,CC,CC,CC,TT,AA,GG,AA,AA,AA,AA,NN,AA,AA,AA,TT,GG,AA,AA,AC,AC,CT,AA,AA,GG,NN,GG,TT,AA,AA,TT,TT,TT,AG,AT,GG,CG,AA,7.2,Susceptible,Low,Poor,Medium
L0191,Mandya,Karnataka,Kharif,Red Loamy,Irrigated (Cauvery command),780,27.0,72,AA,TT,GG,AG,GG,CG,GG,TT,CC,CC,AA,CT,CG,AT,NN,GG,GG,TT,TT,AA,CC,TT,GT,CC,TT,CC,TT,TT,GT,AA,TT,CC,AG,CC,GG,CC,GG,CG,GG,CC,TT,TT,AA,GT,AG,GG,CT,TT,CC,AC,GG,AA,AG,GG,CC,GT,AA,AA,GG,AC,AA,GT,TT,AG,TT,TT,CC,NN,TT,GG,AG,GG,CC,AA,AG,NN,AA,GG,TT,TT,GG,GG,GG,CC,AT,GG,AG,AA,CG,GG,NN,TT,CT,TT,TT,GG,TT,CC,TT,CC,CT,GG,AG,AG,AT,TT,CC,AA,AG,AA,CC,GG,TT,CC,TT,AA,AA,TT,CG,GG,CG,GG,CC,GG,TT,AA,CC,CC,CC,CC,AA,TT,CC,AA,CC,CC,AA,TT,AA,AA,GG,CC,CC,GG,AA,AG,AA,CC,GG,CC,CG,AA,AG,GG,GT,GG,AA,GT,TT,GG,AC,TT,TT,TT,CC,AA,TT,TT,AA,TT,GG,CG,AG,CC,CC,CC,CG,CC,AA,GG,AA,CC,TT,CG,GT,GT,GG,AA,AA,AA,TT,CC,GG,AC,CC,CC,GG,GG,AA,GG,TT,AC,AA,CC,GT,AT,AC,AA,AT,GG,TT,AT,AA,CG,GG,AT,CC,AT,TT,AA,GG,AA,TT,AA,TT,CC,TT,AA,CC,TT,CG,AG,CG,AG,CC,TT,TT,GT,GG,TT,AA,CC,AA,GG,NN,CG,GG,CC,GG,AT,AG,GG,GT,GG,CG,CC,AA,AG,CC,TT,CC,AT,AA,CC,CC,AC,AT,AG,GG,AA,AA,AC,AA,AG,AG,AA,AA,TT,GG,AA,AA,CC,AC,CT,AG,NN,CG,GG,GG,TT,AA,AA,GT,TT,TT,GG,AT,GG,GG,AC,7.26,Resistant,Low,Premium,Early
L0192,Mandya,Karnataka,Kharif,Red Loamy,Irrigated (Cauvery command),780,27.0,72,AA,TT,AA,AA,GG,CC,GG,TT,CC,CG,AT,CC,GG,TT,GT,GG,CG,TT,TT,AA,CG,TT,GT,CC,TT,CC,TT,TT,GG,AA,TT,CC,AA,CC,GG,CG,GG,CC,GG,AA,TT,CC,AA,TT,AA,GG,TT,TT,CC,AC,GG,AA,AG,GG,CC,TT,AT,AC,GT,AA,AA,TT,TT,AG,TT,TT,CC,GG,TT,GG,AA,GG,CC,AA,GG,AA,AT,GG,GT,TT,GG,GT,GT,CC,AT,AA,AA,AA,CG,TT,CC,TT,CT,TT,GT,GG,TT,CC,TT,CC,CT,CC,AG,AG,AT,NN,CC,AA,GG,AA,CC,GG,TT,CG,TT,AC,AA,TT,CC,GG,CC,GG,CT,GT,NN,AA,CT,CC,CC,CC,AA,TT,AC,AA,CC,CC,AA,TT,AA,AA,GG,CC,CC,GG,AG,AG,AA,CC,NN,CC,CC,AA,AA,AG,GT,GG,CC,GT,CT,GG,CC,TT,GT,TT,CC,AA,TT,TT,AT,TT,GG,CC,AG,CC,CC,CC,GG,AC,AA,AG,AG,CC,TT,CC,TT,TT,GG,TT,AA,AG,TT,NN,GG,AA,CC,NN,GG,GG,AA,GG,TT,AC,AA,CC,GG,TT,AA,AA,AT,GG,TT,TT,AA,GG,GT,AA,CG,NN,GT,AA,GG,AA,NN,AA,AT,CC,TT,AA,CC,CT,GG,AA,CC,GG,CC,TT,CT,TT,GG,TT,AA,AC,AA,GG,CC,CG,GG,CC,GG,AT,AA,CC,GT,GG,CC,GG,NN,AG,CC,TT,CC,AT,AA,AC,CC,AC,TT,AA,GG,AA,AA,AA,AA,AG,GG,AA,AG,TT,GG,NN,AG,AC,AA,TT,AA,AA,CG,GG,CG,TT,AA,AG,GT,TT,TT,AA,AT,GG,CG,AA,8.86,Susceptible,Medium,Premium,Late
L0193,Mandya,Karnataka,Kharif,Red Loamy,Irrigated (Cauvery command),780,27.0,72,AA,CT,AG,AG,GG,CC,GG,TT,CC,CG,AA,CC,CG,AT,TT,GT,CG,TT,TT,NN,CC,TT,TT,CT,TT,CC,TT,TT,GG,AA,TT,CC,AA,CC,GG,GG,GG,CC,GG,CC,TT,TT,AA,TT,AG,GG,TT,AT,CC,CC,GG,AA,AG,GG,CC,TT,AA,AC,GT,AC,AG,GT,AT,AA,TT,AA,CC,GG,TT,GG,AG,GG,CC,AA,GG,AC,AA,GG,TT,TT,AG,GG,GG,CC,AA,GG,AA,AA,CC,GT,CC,TT,CC,TT,TT,AG,CT,CC,GT,CC,CC,NN,AG,AA,TT,TT,CC,AA,AA,AA,CC,GG,TT,CC,TT,AA,AA,TT,CG,GG,CC,GG,CC,GT,TT,AA,CC,CC,CC,CC,AA,TT,CC,AA,CC,CC,AA,AT,AA,AA,CG,CC,CC,GG,AG,GG,AA,AC,TT,CG,CC,AA,GG,GG,TT,GG,CC,TT,CT,GG,AC,TT,NN,TT,CG,AT,TT,TT,AA,TT,GG,CC,AA,CT,CC,CC,CG,CC,AA,GG,AG,CC,GT,CC,GG,TT,GG,AT,AG,AG,TT,AC,GG,AC,CC,NN,GG,GG,AA,GG,TT,AC,AA,CC,GG,AA,AC,AT,AA,GT,TT,AT,AT,CG,TT,AT,GG,TT,GT,AA,GG,AA,TT,AA,TT,CC,TT,AC,CC,TT,GG,AG,CC,AG,CC,TT,TT,GG,GG,TT,AA,AC,AG,GG,CC,CG,GG,CC,GG,TT,AA,CC,GT,GG,CC,CC,AT,GG,CC,AA,CG,AA,AA,AC,CG,AC,AT,NN,GG,AA,AA,AA,AC,GG,AG,AA,AA,AT,GG,AC,AG,CC,CC,CT,AG,AA,GG,GG,GG,TT,AT,AA,GG,TT,TT,AA,TT,GG,GG,AA,7.61,Susceptible,High,Poor,Late
L0194,Mandya,Karnataka,Kharif,Red Loamy,Irrigated (Cauvery command),780,27.0,72,AC,TT,AG,AG,CG,CC,GT,AT,CC,CC,AA,CT,CG,AT,GT,GG,CG,TT,TT,AA,CC,GT,GT,CC,TT,CC,TT,TT,GG,AA,TT,CC,AA,AC,GG,GG,GT,CG,GG,AC,TT,CC,AA,TT,AA,GG,TT,TT,CC,AC,GG,AA,AA,GG,CC,TT,AA,AC,GG,AA,AA,TT,TT,AG,TT,TT,CC,GG,TT,GG,AG,GG,CC,AA,GG,AA,AA,GG,GT,NN,GG,GT,GG,CC,AA,AG,AA,AT,CC,GT,CC,TT,CC,TT,TT,AG,TT,CC,TT,CC,CC,CC,AG,AA,TT,TT,CC,AA,AG,AC,CC,GG,TT,CC,GT,AA,AA,TT,CG,AG,CC,AG,CC,GT,TT,AG,CT,CC,CC,CC,AA,TT,AC,AA,CC,CC,AA,AT,AA,AA,CG,CC,CC,GG,AA,AA,AA,CC,GG,CG,CG,AA,AA,GG,NN,GG,CC,GT,CC,GG,CC,TT,TT,TT,CG,AA,GT,TT,AA,TT,CG,CC,AG,CC,CC,CC,CG,CC,AA,GG,GG,CC,TT,CC,GG,TT,CG,AT,AA,AG,TT,CC,GG,AA,CC,CC,GG,GG,AC,GG,TT,AC,AG,CC,GT,AA,AC,AA,AT,GG,TT,TT,AA,CC,GG,AT,CG,TT,GT,AA,GG,AA,TT,AA,TT,CC,CT,AA,CC,TT,GG,AG,CC,AA,CC,TT,TT,TT,GG,TT,AC,CC,AA,GG,CC,CC,GG,CC,GG,TT,AG,CC,TT,GG,CC,CC,AT,GG,CG,AA,CC,AA,AA,AC,CG,CC,TT,AG,GG,AA,AA,AA,AA,AG,AG,AG,AA,TT,GG,AA,AA,AC,AA,CT,AA,AA,GG,GG,CG,GT,AA,AA,TT,TT,TT,AA,TT,GG,GG,AA,6.86,Moderate,High,Premium,Medium
L0195,Mandya,Karnataka,Kharif,Red Loamy,Irrigated (Cauvery command),780,27.0,72,AC,TT,GG,GG,GG,CC,GT,TT,CC,CC,AA,CC,CC,TT,TT,GT,GG,TT,TT,AA,CG,TT,TT,CC,TT,CC,TT,TT,GT,NN,CT,TT,AA,CC,GG,CG,GG,CG,GG,CC,TT,TT,AA,TT,AA,AG,TT,TT,CC,AC,GT,AA,AA,GG,CC,TT,AA,AC,GG,AA,AA,GT,AT,AA,CT,AA,CT,GG,TT,GT,AG,GG,CC,AA,GG,AC,TT,GG,TT,TT,NN,GT,GG,CC,AA,GG,AA,AA,CC,GG,AC,TT,CC,TT,TT,GG,TT,AC,TT,CC,CC,CC,AG,AA,TT,TT,CC,AA,AA,AA,TT,GG,TT,CC,TT,AA,AA,TT,CC,AG,CG,GG,CC,GG,TT,AA,CC,CC,AC,CG,AA,NN,CC,AA,CC,CT,AA,NN,AG,AA,CG,CT,CC,GG,AA,AA,AA,CC,GT,CC,CC,AA,AA,NN,GT,GG,AA,TT,TT,AA,AC,TT,TT,TT,CC,AA,GT,TT,AA,TT,GG,CC,AG,CT,CC,CC,GG,CC,AA,GG,AA,CC,TT,CG,GG,GT,GG,AT,AA,AA,TT,CC,GG,AC,CC,CG,GG,GG,AA,GG,TT,AC,AA,CG,GT,AT,AC,AA,AA,GT,TT,TT,AT,GG,TT,AA,CG,AT,TT,AA,GG,AA,CC,NN,TT,CC,TT,AA,CC,TT,GG,AG,CC,GG,CC,TT,TT,GT,GG,TT,AC,CC,AA,TT,CC,GG,GG,CC,GG,AA,AG,CC,TT,GG,CC,CC,NN,GG,CC,AT,CC,AA,AA,AC,CC,AC,TT,AG,GG,AA,AA,AA,AA,NN,AA,AA,AA,TT,GG,AA,GG,CC,AA,TT,AG,AA,CG,NN,GG,TT,AA,AA,TT,TT,TT,AA,AT,GG,CG,AC,6.69,Moderate,Low,Poor,Late
L0196,Mandya,Karnataka,Kharif,Red Loamy,Irrigated (Cauvery command),780,27.0,72,AA,TT,GG,AA,CG,CC,GG,AT,CC,CC,AA,CT,CG,AA,TT,GG,GG,TT,TT,AA,CC,TT,GT,CC,AT,CC,TT,TT,GG,AA,TT,CC,AA,CC,AG,CG,GG,CC,GG,CC,TT,CT,AA,TT,AG,GG,TT,TT,CC,CC,GG,AA,AG,GG,CT,TT,AT,AA,TT,AC,AA,TT,AT,AA,TT,AT,CC,GG,TT,GG,AA,GG,CC,AA,GG,AA,AT,GG,TT,TT,GG,GG,GG,CC,AA,GG,AA,AA,CC,TT,CC,TT,CC,TT,TT,GG,TT,CC,TT,CC,CT,CC,GG,AA,TT,TT,CC,AA,GG,AA,CT,GG,TT,CC,GT,AA,AA,TT,GG,GG,CC,GG,CC,GG,CT,AA,CT,CC,CC,CC,AA,TT,CC,AA,CC,CC,AA,AT,AA,AT,GG,CT,CC,GG,NN,AA,NN,CC,GT,CC,CC,AG,NN,AG,GT,GG,AA,GT,TT,GG,AC,TT,TT,TT,CC,AT,GT,TT,AA,TT,GG,NN,AA,CC,CC,CC,CC,CC,AA,GG,GG,CC,TT,CG,GT,TT,CG,AT,AA,AA,TT,AC,GG,AA,CC,CC,GG,AG,AC,GG,TT,AA,AG,CC,GG,AA,CC,AA,AT,GT,GT,TT,NN,GG,GT,AT,CG,TT,GT,AT,GG,AA,CT,AA,TT,CC,TT,AC,CC,TT,GG,NN,CG,GG,CC,TT,TT,GT,GG,TT,AA,AC,AA,GG,CC,CG,GG,CC,GT,TT,AG,CC,TT,NN,CC,CC,AA,GG,CC,AT,CC,AA,AA,AC,CC,AC,TT,GG,GG,AA,AA,AC,AA,AG,GG,AA,AA,TT,CG,AA,AA,AC,AA,CT,AG,AA,GG,GG,GG,TT,TT,AA,TT,TT,TT,AA,AA,GG,GG,AA,7.11,Susceptible,Low,Standard,Early
L0197,Mandya,Karnataka,Kharif,Red Loamy,Irrigated (Cauvery command),780,27.0,72,AC,CC,GG,AA,GG,CC,GT,AT,CC,CC,AA,CT,CG,TT,TT,GG,GG,TT,TT,AA,CG,TT,TT,CT,TT,CC,TT,TT,GT,AA,TT,CT,AA,CC,GG,GG,GG,CC,GG,CC,TT,CC,AC,GT,AA,GG,TT,NN,CC,AC,GT,AA,AG,GG,CT,GT,AA,AC,GT,AA,AA,TT,AT,AG,TT,TT,CC,GG,TT,GT,AA,GG,CC,AA,GG,CC,AT,GG,TT,TT,GG,GG,GT,CC,AA,GG,AA,AA,CC,TT,CC,TT,TT,TT,GG,AG,CT,CC,GT,CC,CC,CG,AG,AA,TT,TT,CC,AA,AG,AC,CC,GG,TT,CC,TT,AA,AC,TT,CC,AA,CG,GG,CC,NN,TT,NN,CC,CC,CC,CC,AA,TT,CC,AA,CC,CC,AA,TT,AA,AA,CG,CT,CC,GG,AA,AG,AA,CC,GT,CC,CG,AA,AG,GG,TT,GG,CC,GT,TT,GG,AC,GG,TT,TT,CC,AT,TT,CT,AA,TT,GG,CC,AA,CT,CC,CC,GG,CC,AA,AG,GG,CC,TT,CC,GG,TT,GG,AT,AA,AA,TT,CC,GG,AA,AC,CC,NN,GG,AC,GG,TT,AA,AA,CC,GG,AA,CC,AA,AT,GT,TT,AT,AA,GG,GT,AA,CG,NN,GT,AA,GG,AA,TT,AA,AT,CC,CT,AA,CC,TT,GG,AG,CC,AG,CC,TT,TT,TT,GG,TT,AA,CC,AG,GG,CG,CG,GG,CC,GG,AT,AA,CC,TT,GG,CC,CC,AA,GG,CC,AT,CC,AA,AA,CC,CC,AC,TT,AA,GG,AA,AA,AC,AA,AG,AG,AA,AA,AT,GG,AC,GG,CC,AC,TT,AA,AA,GG,AG,GG,TT,AT,AA,GG,TT,TT,AA,AT,GG,GG,AA,7.61,Susceptible,Medium,Poor,Medium
L0198,Mandya,Karnataka,Kharif,Red Loamy,Irrigated (Cauvery command),780,27.0,72,AC,TT,GG,AG,GG,CC,GG,AT,CC,GG,AA,CC,CG,TT,TT,GG,CC,TT,TT,AA,CC,TT,GT,CC,AT,CC,TT,TT,GG,AA,TT,CC,AA,CC,GG,GG,GG,CG,GG,CC,TT,TT,AC,GT,AA,AG,TT,AT,CG,AC,GG,AA,AA,CG,CC,TT,AA,AA,GG,AA,AA,TT,TT,AG,TT,TT,CC,GG,TT,GT,AG,GG,CC,AA,GG,AA,AT,NN,TT,TT,GG,GG,GG,CC,AA,GG,AG,AA,CC,GT,AC,TT,CT,TT,TT,GG,CT,NN,TT,CC,CC,CC,GG,AA,TT,TT,CC,AA,AG,AA,CT,GG,TT,CC,GT,AA,AA,TT,CC,GG,CG,NN,CC,GT,CT,AA,CC,CC,CC,CC,AA,TT,CC,AA,CC,CT,AA,TT,AA,AA,CC,CC,CC,GG,AA,AA,AA,CC,GG,CC,CC,AA,AG,AG,GT,GG,AC,GT,CT,GG,AC,TT,TT,CT,CG,AA,TT,TT,AA,TT,NN,CC,AA,CT,AA,NN,GG,CC,AA,GG,AA,CC,TT,NN,TT,GT,GG,AT,AA,AA,TT,CC,GG,AA,AC,CC,GG,GG,AA,GG,CT,AC,AG,CC,GT,AA,CC,AA,AA,GT,TT,AA,TT,CG,GG,TT,CC,AA,TT,AA,GG,AA,TT,AA,TT,CC,TT,AA,CC,TT,CG,AA,CC,AG,CC,TT,CT,GT,GG,TT,AA,AA,AG,GG,CC,CC,GG,CC,GG,TT,AA,CG,TT,GG,CC,CG,AT,GG,CC,AT,CG,AA,AA,AC,CG,AC,TT,AG,GG,AA,NN,CC,AA,AG,AA,AA,AA,AT,GG,AA,AG,CC,AA,CT,AA,AA,GG,GG,NN,TT,AA,AA,TT,NN,TT,AA,TT,GG,CG,AA,7.86,Susceptible,Medium,Poor,Late
L0199,Mandya,Karnataka,Kharif,Red Loamy,Irrigated (Cauvery command),780,27.0,72,AA,NN,GG,AA,CG,CC,GG,NN,CC,CG,AA,CC,CC,AT,TT,GG,GG,TT,TT,AG,CC,GT,GT,CT,TT,CC,TT,TT,GG,AA,TT,CT,AG,CC,GG,GG,GG,CG,GT,AC,TT,CT,AA,NN,AA,AG,TT,TT,CC,AC,GG,AA,AA,GG,CC,GG,AA,AA,GG,AA,AA,TT,AT,AA,TT,AT,CC,GG,TT,TT,AA,GG,CC,AA,AG,AA,TT,GG,TT,TT,GG,GG,GT,CC,AA,GG,AA,AA,NN,GT,AC,TT,CT,TT,GT,GG,TT,CC,GT,CC,CC,GG,AG,AG,TT,TT,NN,AG,AG,AC,CC,GG,TT,CC,TT,CC,AC,TT,CC,GG,GG,GG,CC,GG,TT,AG,CC,CC,CC,CC,AA,TT,CC,AA,CC,NN,AA,AA,AA,AA,GG,CC,CC,GG,AA,AA,AT,CC,GG,CC,CC,AA,GG,GG,TT,GG,AA,GT,CT,GG,CC,GG,GT,CT,CC,AT,GT,TT,NN,TT,CG,CG,AA,CT,CC,CC,CG,CC,AA,GG,AA,CC,TT,CC,GT,TT,GG,TT,AA,AG,TT,AC,CG,AA,CC,CG,GG,GG,NN,GG,TT,AC,AA,CC,GG,AA,AA,AA,AT,GG,TT,AT,AT,GG,GG,AT,CC,AT,TT,AA,GG,AA,TT,AA,TT,CC,TT,AC,CC,TT,GG,AA,CG,AG,CC,AT,TT,TT,GG,TT,AC,CC,AG,GG,CC,CG,GG,CC,GG,TT,AG,CG,TT,GG,CG,CG,AT,GG,CC,AA,CC,AT,AA,AC,CC,AC,TT,AA,GG,AA,AA,AC,AC,AA,AA,AG,AA,TT,GG,AA,AA,AA,AA,CT,GG,AA,GG,AG,CG,TT,AT,AA,TT,TT,TT,GG,AT,GG,GG,AA,6.78,Susceptible,Medium,Standard,Late
L0200,Mandya,Karnataka,Kharif,Red Loamy,Irrigated (Cauvery command),780,27.0,72,AA,CC,AG,AG,GG,CC,GG,TT,CC,CG,AA,CC,CC,TT,GT,GG,GG,TT,TT,AA,CG,TT,GT,CC,TT,CC,TT,TT,GG,AA,TT,CC,AA,CC,GG,CG,GG,CC,GG,CC,TT,CT,AC,TT,AA,AA,CT,TT,CC,AA,GT,AA,GG,GG,CC,TT,AA,AC,TT,AA,NN,TT,TT,AG,TT,TT,CC,GG,TT,GG,AG,GG,AC,AA,AG,CC,AT,GG,TT,TT,GG,GT,GG,CC,AT,GG,AA,AA,CC,TT,AC,TT,CT,AT,GT,GG,TT,CC,TT,CC,CC,CG,GG,AA,TT,TT,CC,AA,AA,AC,CT,GG,TT,CC,GT,AC,AA,AT,CC,GG,CC,GG,CC,GG,TT,AG,CC,CC,AC,CC,AG,TT,CC,AA,CC,TT,AA,TT,AA,AA,CG,CT,CC,GG,AG,GG,AA,CC,GG,CC,CG,AA,AA,GG,TT,GG,AC,TT,TT,GG,CC,TT,TT,TT,CG,AA,TT,TT,AA,TT,CG,CC,GG,CT,CC,CC,CG,CC,AA,GG,AA,CC,TT,CC,GG,GT,NN,AT,AA,AA,GT,AC,GG,AA,CC,CC,GG,GG,AC,NN,TT,AA,AA,CC,GG,AA,AC,AA,AA,GG,GT,NN,AA,GG,GT,AT,CC,AT,NN,AA,GG,AA,TT,AA,TT,CG,CT,AC,AC,CT,GG,AG,CG,AG,CC,TT,TT,TT,GG,TT,AC,AC,AG,GG,CC,CC,GG,CG,GG,AT,AA,CC,GT,GG,CG,CG,AA,GG,CC,AA,CG,AA,AA,CC,CG,NN,TT,AA,GG,AT,AA,AC,AA,GG,AA,AG,AA,AT,GG,AC,AA,CC,AA,TT,AA,AG,GG,GG,CG,TT,TT,AA,GT,TT,TT,AA,TT,CG,GG,AA,5.19,Susceptible,High,Poor,Early
L0201,Mandya,Karnataka,Kharif,Red Loamy,Irrigated (Cauvery command),780,27.0,72,AA,TT,GG,AG,GG,CC,GT,TT,CC,GG,AA,CC,CG,AT,GT,GT,CC,TT,TT,AA,CC,TT,GT,CC,NN,CC,TT,TT,GG,AA,TT,CC,AA,CC,GG,GG,GG,CG,GG,CC,TT,CT,AA,GT,AA,AG,TT,TT,CC,AA,GG,AA,AA,GG,TT,TT,NN,AC,TT,AA,GG,TT,TT,AA,TT,TT,CT,GG,CT,NN,AA,GG,AC,AA,AG,AC,AA,GG,TT,TT,GG,GT,GG,CC,AA,GG,AA,AA,CC,GT,CC,TT,CT,TT,GT,GG,TT,CC,TT,CC,CC,GG,AG,AA,TT,TT,CG,AA,AG,AA,CC,GG,TT,CC,GT,AC,AA,AT,CC,GG,CC,GG,CC,GG,CT,AA,CC,CC,CC,CC,AA,TT,CC,AA,CC,CT,AA,AT,AA,AA,GG,TT,CC,GG,AA,GG,AT,CC,GG,CC,CC,AA,AA,GG,TT,GG,AC,TT,TT,GG,AC,TT,TT,TT,CC,AA,TT,TT,AA,TT,CG,CC,AA,CT,CC,CC,GG,AC,AA,GG,AA,CC,TT,CC,GG,TT,CG,TT,AA,AG,TT,CC,GG,AA,CC,CC,GG,GG,AA,GG,TT,AC,AA,CC,GT,AA,AC,AA,AA,GT,TT,TT,AA,CG,TT,AT,CC,AA,GT,AA,GG,AA,CT,AA,TT,CC,TT,AA,AC,TT,GG,AA,CC,AG,CC,AT,CT,GT,GG,TT,AC,CC,AG,GG,CC,CG,GG,CC,GG,AT,AA,CC,TT,GG,CC,CG,AA,GG,CC,AA,CC,AA,AA,CC,CC,CC,TT,AA,CG,AA,AA,AA,AA,AG,GG,AA,AA,TT,CG,AA,AG,AC,AA,CT,AA,AA,GG,GG,GG,TT,AA,AA,GT,TT,TT,AG,TT,GG,GG,AA,6.69,Susceptible,Medium,Poor,Early
L0202,Mandya,Karnataka,Kharif,Red Loamy,Irrigated (Cauvery command),780,27.0,72,AC,CT,NN,AA,GG,CG,GG,TT,CC,CC,AA,CC,CC,TT,TT,GT,CC,TT,TT,AA,CC,TT,GG,CC,TT,CC,TT,TT,GG,AA,TT,CC,AA,CC,GG,GG,GG,CG,GG,CC,TT,CT,AA,GT,AG,AG,TT,TT,CC,AC,GG,AT,AG,GG,CC,TT,AA,AC,GT,AA,AA,TT,TT,AG,TT,TT,CC,GG,TT,GG,AG,GG,CC,AA,GG,AC,AT,GG,TT,TT,GG,GG,GG,CC,AT,GG,AA,AA,CC,TT,CC,TT,CT,TT,TT,GG,TT,CC,TT,CC,CT,CC,GG,NN,TT,GT,CC,AA,AG,AA,CT,GG,TT,CC,GT,NN,AC,TT,CG,GG,CC,GG,CT,GG,TT,AA,CC,CC,AC,CG,AA,TT,CC,AA,CC,CC,AA,TT,AA,AA,GG,CC,CC,GG,AA,AG,AA,CC,GG,CC,CC,AA,AG,AG,GT,GG,AC,GT,CT,AG,AC,TT,GT,TT,CC,AT,TT,TT,AA,AT,CG,NN,AA,TT,AC,CC,GG,CC,AA,GG,AG,CC,TT,CC,GT,TT,CG,TT,AA,AA,TT,CC,GG,AA,AC,CC,GG,GG,AA,CG,TT,AA,NN,CC,GG,AA,CC,AA,AT,GT,TT,TT,AT,GG,GT,AA,CC,TT,TT,AA,AA,AA,CT,AA,TT,CC,TT,AC,CC,TT,GG,AA,CC,AG,CC,TT,TT,TT,GG,TT,AA,AC,AA,GG,CC,CC,GG,CC,GG,TT,AA,CG,TT,GG,CC,CC,AA,AG,CG,AA,CG,AA,AG,AC,CG,AA,TT,AA,GG,AA,AA,AA,AC,GG,AG,AA,AA,AT,GG,AA,AA,CC,NN,CT,AA,AA,CG,GG,CG,TT,AA,AG,GT,TT,TT,NN,TT,GG,GG,AA,5.18,Susceptible,High,Poor,Medium
L0203,Mandya,Karnataka,Kharif,Red Loamy,Irrigated (Cauvery command),780,27.0,72,AA,TT,GG,NN,CG,CC,GG,TT,CC,CG,AA,CC,CC,TT,TT,TT,GG,TT,TT,AA,CG,TT,GG,CT,AT,CC,TT,TT,GT,AA,TT,CC,AG,CC,GG,GG,GG,GG,GG,CC,TT,TT,AA,TT,AA,GG,TT,TT,CC,AC,GG,AA,AG,GG,CT,TT,AT,AC,GT,AC,AA,TT,AT,AG,TT,TT,CC,GG,CT,GG,AA,GG,CC,AA,GG,AC,AA,GG,TT,TT,GG,GT,GG,CC,AA,GG,AA,AA,CC,GG,CC,TT,CT,TT,TT,GG,TT,CC,GT,CT,TT,CC,GG,AA,TT,TT,CG,AG,AG,AA,CC,GG,TT,CC,TT,AA,AC,TT,CC,AG,CG,AG,CT,GG,TT,AG,CC,CC,CC,CC,AA,TT,CC,AA,CC,CC,AA,TT,AA,AA,GG,CC,CC,GG,AA,AA,AA,CC,GG,CC,CC,AG,AA,GG,TT,GG,AA,GT,CT,GG,CC,TT,GT,TT,CG,AA,GT,NN,AT,TT,GG,CC,AG,CT,CC,CC,GG,CC,AA,GG,AA,CC,TT,CC,GG,GT,GG,TT,AA,AA,TT,AC,GG,AA,CC,CG,GG,GG,AC,GG,TT,CC,AA,NN,GG,AA,CC,AT,TT,GG,TT,TT,AA,CC,GT,AT,CG,AT,TT,AA,GG,AA,TT,AC,TT,CC,CT,AA,CC,CT,CC,AG,CC,AG,CC,TT,TT,TT,GG,TT,AC,AC,AA,GT,CC,CC,GG,CG,GG,AT,AA,CC,GT,GG,CC,CC,AT,GG,CC,AT,CC,AA,AA,CC,CG,AC,TT,AA,GG,AA,AA,AC,AC,AA,AG,AG,AA,TT,GG,AA,AG,AC,AA,CT,AA,AA,CC,GG,GG,TT,AA,AA,TT,TT,TT,AA,AA,GG,GG,AA,6.64,Susceptible,Medium,Premium,Medium
L0204,Mandya,Karnataka,Kharif,Red Loamy,Irrigated (Cauvery command),780,27.0,72,AA,TT,GG,GG,GG,CC,TT,TT,CC,CC,AA,CT,CC,NN,TT,GT,CG,AT,TT,AA,CG,TT,TT,CC,TT,CC,TT,TT,GG,AA,TT,CT,AA,CC,GG,CG,GG,CC,GG,CC,TT,CT,AA,GT,AG,AA,TT,AT,CC,CC,GT,AT,AG,GG,CT,TT,AA,AC,GG,AC,AG,TT,TT,AG,CT,AT,CC,GG,TT,GT,AG,GG,CC,AA,GG,AC,TT,GG,GT,TT,GG,GT,GT,CC,AT,GG,NN,AA,CC,TT,CC,TT,CC,TT,TT,GG,TT,CC,GT,CC,CC,CG,GG,AA,TT,TT,CC,AA,AA,AA,CT,GG,GT,CG,GG,AA,AA,TT,CC,AG,CC,AG,CC,GT,TT,AA,CC,CC,CC,CC,AA,TT,CC,AA,CC,CC,AA,TT,AA,AA,GG,CC,CC,GG,AG,AA,AA,CC,GT,CC,CC,AA,AA,GG,GT,AG,NN,GT,CT,GG,AA,TT,GT,TT,CC,AT,GT,CT,AA,TT,GG,CC,AA,CT,CC,CC,CG,CC,AA,GG,AA,CC,TT,CC,GG,TT,CC,AT,AA,GG,TT,CC,GG,AC,CC,CC,GG,GG,NN,GG,TT,AC,AA,CC,GG,AA,CC,AA,AT,TT,TT,TT,AT,GG,GT,AA,CC,TT,TT,AA,GG,AA,CT,AA,TT,CC,NN,AA,CC,TT,CG,AG,CC,AG,CC,TT,TT,GG,GG,TT,AA,AC,AA,GG,CC,CC,GG,CC,GG,NN,AA,CG,GG,GG,CC,CG,AA,GG,CC,AT,CG,AA,AA,AC,CG,NN,TT,AA,GG,AA,AC,AC,AA,GG,AG,AA,AA,TT,GG,AA,AA,AC,AA,TT,AA,AA,CG,GG,GG,TT,AA,AG,GT,TT,TT,AA,TT,GG,GG,AA,8.84,Moderate,Medium,Poor,Late
L0205,Mandya,Karnataka,Kharif,Red Loamy,Irrigated (Cauvery command),780,27.0,72,AA,TT,GG,AG,GG,CG,GG,TT,CC,CC,AT,CC,CG,TT,TT,GG,GG,TT,TT,AA,CG,TT,TT,CT,TT,CC,TT,TT,GT,AA,TT,CC,AG,CC,GG,CG,GG,CC,GG,CC,TT,TT,AC,GT,AA,GG,TT,AT,CG,AC,GG,AA,AA,GG,TT,GT,AA,AC,GG,AC,AG,TT,AT,AA,TT,AA,CC,GG,TT,GG,NN,GG,CC,AA,AG,AC,AT,GG,TT,TT,AG,GG,GT,CC,AA,GG,AA,AA,CC,TT,AC,TT,CC,TT,GT,GG,TT,CC,GT,CT,CC,CG,AG,AA,TT,TT,CG,AA,AG,AA,CT,GG,GT,CC,TT,AC,AA,TT,CC,AG,CC,NN,CC,GG,TT,AA,CC,CC,CC,CG,AA,TT,AC,AA,CC,CC,AA,TT,AA,AA,GG,CC,CC,GG,AA,AG,AT,AC,GT,CC,CC,AA,AG,AG,TT,GG,AC,NN,TT,GG,NN,TT,TT,TT,CC,AA,TT,CT,AT,AT,CG,CC,AA,TT,CC,CC,CG,CC,AA,GG,AA,CC,TT,CG,GG,TT,GG,AA,AA,AG,TT,CC,GG,AC,CC,CC,GG,GG,AA,GG,TT,AA,AA,CG,GT,AA,AC,AA,AA,GG,NN,AT,TT,GG,GG,AT,CC,AT,GT,AA,GG,AG,CT,AC,TT,CC,CT,AA,NN,CT,CG,AG,CC,AA,CC,TT,TT,GT,GG,TT,NN,CC,AA,GG,CC,CG,GG,CC,GG,TT,AA,CG,GT,GG,CC,CC,AT,AG,CC,AA,CC,AA,AA,CC,CG,AA,TT,AA,GG,AA,AA,AA,AA,AG,AG,AG,AA,TT,CG,AA,AA,AC,AA,CT,AA,AA,CC,GG,GG,GT,AA,AA,GT,TT,TT,AA,AA,GG,GG,AA,7.7,Susceptible,High,Premium,Late
L0206,Mandya,Karnataka,Kharif,Red Loamy,Irrigated (Cauvery command),780,27.0,72,AC,TT,GG,AG,GG,CC,GG,TT,CC,CC,AA,CC,CC,AT,TT,GG,GG,TT,TT,AA,CC,TT,TT,CC,TT,CC,TT,AT,GG,AA,TT,CC,AA,CC,GG,CG,GG,CG,NN,CC,GT,CT,AA,TT,AA,AG,TT,AA,CC,AC,GT,AA,GG,NN,CT,TT,AA,AC,TT,AA,GG,TT,AA,AA,TT,AT,CC,GG,TT,GT,AG,GG,CC,AG,AG,AA,AT,GG,TT,TT,GG,GG,GG,CC,AA,GG,AG,AA,CC,TT,AC,TT,CC,AT,TT,NN,TT,CC,TT,CC,CC,CG,GG,AA,TT,TT,CC,AA,AA,AA,CC,GG,GT,CG,TT,AA,AA,TT,CC,GG,CC,GG,CC,GT,NN,AA,CC,CC,CC,CC,AG,TT,AC,AA,CC,CT,AA,TT,AA,AA,NN,CC,CC,GG,AA,AA,AA,CC,GG,CC,CC,GG,AA,AG,TT,GG,AA,GT,CT,GG,AC,GT,GT,TT,CG,AA,TT,TT,NN,TT,GG,CG,AA,CC,CC,CC,CG,CC,AT,GG,AG,CC,TT,CC,GG,TT,GG,AT,AA,AA,TT,CC,GG,AA,AC,CC,GG,GG,AC,CG,TT,AA,AA,CG,GT,AT,AC,AT,TT,GT,TT,AT,AT,CC,TT,AT,CC,AT,TT,AA,GG,AG,TT,AC,TT,CC,TT,AA,CC,TT,GG,GG,CC,AG,CC,AT,CT,GT,GG,TT,AA,AA,GG,GG,CC,CC,NN,CC,GG,AT,AA,CC,TT,GG,CC,CC,AA,GG,CC,AA,CC,AA,AA,CC,CG,CC,TT,AA,GG,AA,AA,AA,AA,AG,AA,AA,AA,TT,CG,AC,AA,AC,AA,CT,AA,AA,GG,GG,GG,GT,AA,AG,TT,TT,TT,AA,AT,GG,GG,AC,6.43,Resistant,Low,Standard,Late
L0207,Mandya,Karnataka,Kharif,Red Loamy,Irrigated (Cauvery command),780,27.0,72,AA,CT,AG,AA,GG,CC,GT,AT,CC,CC,AA,CT,CG,TT,TT,GG,GG,TT,TT,AA,CC,TT,TT,CC,TT,CC,TT,TT,GG,AA,TT,CT,AA,CC,GG,GG,GG,CC,GG,CC,TT,CT,AA,TT,AG,GG,TT,TT,CC,AC,GG,AT,AG,GG,CC,TT,AT,AA,GT,AA,AA,TT,AT,AA,TT,TT,CC,GG,TT,GG,AA,GG,CC,AA,AG,AA,NN,GG,TT,CC,AG,GG,GG,CC,AA,GG,AG,AT,CC,TT,CC,TT,CT,TT,TT,GG,TT,CC,GT,CC,CT,CC,AG,AA,TT,TT,NN,AA,AA,AA,CC,GG,GT,CG,NN,CC,AA,TT,NN,AG,CC,GG,CC,NN,TT,NN,CT,CC,CC,CC,AA,TT,CC,AA,CC,CT,AA,TT,AA,AA,GG,NN,CC,GG,AA,AA,AA,CC,TT,CC,CC,AA,AA,GG,TT,GG,AA,TT,CT,GG,CC,TT,TT,TT,CC,AA,TT,TT,AA,TT,GG,CC,AA,CT,AC,CC,GG,CC,AA,GG,GG,CC,TT,CC,GG,GT,GG,TT,AA,AA,TT,AC,GG,AC,CC,CC,GG,GG,CC,CG,TT,AC,AA,CC,GG,AA,AC,AA,AA,GT,TT,AT,AT,GG,GT,AT,CG,AT,TT,AA,GG,AA,CT,AA,TT,CC,TT,AA,CC,CT,CG,AG,CC,AA,CC,TT,CT,TT,GG,TT,AA,AC,AA,GG,CC,GG,GG,CC,GG,NN,AA,CC,GT,GG,CC,GG,AA,AG,CG,AA,CC,AA,AA,CC,CC,AC,AT,NN,GG,AA,AA,AA,AA,AA,AA,AA,AA,TT,GG,AC,NN,AA,AA,CT,AA,AA,GG,GG,GG,GT,AT,GG,TT,TT,TT,AG,TT,GG,GG,AA,6.52,Resistant,High,Premium,Medium
L0208,Mandya,Karnataka,Kharif,Red Loamy,Irrigated (Cauvery command),780,27.0,72,AC,TT,GG,AA,GG,NN,GT,AT,CC,CG,AA,CT,CG,TT,GT,GG,CC,TT,AT,AA,CC,TT,TT,CC,TT,CC,TT,TT,GG,AA,TT,CC,AA,CC,GG,CG,GG,CC,GG,CC,GT,TT,AC,GT,AA,NN,TT,TT,CC,AA,GG,AA,AA,GG,CC,GT,NN,AA,GG,AC,AA,TT,TT,AG,TT,TT,CC,GG,TT,GG,AA,NN,AA,AA,AG,AC,AA,GG,TT,TT,GG,GG,NN,CC,AT,GG,AA,TT,CC,GG,AC,TT,CT,TT,GT,GG,TT,AC,TT,CC,CC,CG,AA,NN,AA,TT,CC,AA,AA,AC,CC,GG,TT,CC,TT,AA,AA,TT,CC,GG,CG,AG,CC,GT,TT,AA,CC,CC,CC,CG,AG,TT,CC,AA,CC,CC,AA,TT,AA,AA,GG,CT,CC,GG,AA,AG,AA,CC,GG,CC,CC,AA,AA,GG,TT,GG,AC,TT,CT,GG,CC,TT,TT,NN,GG,AA,TT,TT,AA,TT,GG,CC,AA,CC,CC,CC,CG,CC,AA,GG,AA,CC,TT,CC,GG,TT,GG,AA,AA,AA,NN,CC,GG,AC,AA,CC,GG,AG,AA,CG,TT,AA,AA,CC,GG,AA,CC,AA,AT,GG,TT,AT,AA,GG,GT,AT,CC,TT,GT,AA,GG,AA,TT,AA,TT,CG,CT,CC,CC,CT,CC,AA,CC,GG,CC,NN,CC,GT,GG,TT,AA,AC,AG,GG,CC,CC,GG,CC,GG,AA,AA,CG,GT,GG,CC,CG,AA,GG,CG,AT,CC,AA,AA,AC,CG,AC,TT,AA,GG,AA,AA,AA,AA,AG,AA,AA,AA,TT,GG,AC,AG,AC,AC,CT,AG,AG,GG,AG,GG,TT,AA,AG,GT,AT,TT,GG,AT,GG,GG,AA,6.71,Resistant,Medium,Premium,Late
L0209,Mandya,Karnataka,Kharif,Red Loamy,Irrigated (Cauvery command),780,27.0,72,AA,CC,GG,GG,GG,CC,GT,TT,CC,CG,AA,NN,CC,TT,GT,GT,GG,TT,TT,AG,CG,GT,GG,CT,TT,CC,GT,TT,GG,AA,TT,CC,AA,CC,GG,GG,GG,CG,GG,CC,TT,TT,AA,GT,GG,AG,TT,TT,CC,CC,GG,AA,GG,GG,CC,TT,AA,AA,GT,CC,AA,TT,TT,AA,TT,TT,CC,GG,TT,GG,AA,GG,CC,NN,GG,AC,TT,GG,TT,TT,GG,GG,GT,CC,AA,GG,AA,AA,CC,GT,CC,TT,TT,TT,TT,GG,CT,CC,TT,CC,CC,CG,AG,AA,AT,TT,CC,AA,AA,AA,CC,GG,TT,CC,TT,AC,AA,TT,CC,AG,CC,GG,CC,GG,CT,AA,CT,CC,CC,CG,AA,TT,CC,AA,CC,CT,NN,TT,AA,AT,GG,CT,CC,GG,AA,AA,AT,CC,GT,CC,CC,AA,AG,AG,TT,GG,AC,TT,CC,GG,CC,TT,GT,TT,CC,TT,TT,TT,AA,AT,GG,CC,AA,CT,CC,CC,GG,CC,AT,GG,AG,CC,TT,NN,TT,GT,GG,AT,AA,AA,TT,CC,GG,AA,CC,CC,GG,GG,AC,GG,CT,AA,AA,CG,GG,AA,CC,AT,AA,GT,GT,TT,AT,CG,GT,AA,CC,AT,TT,AA,GG,AA,CT,AA,TT,CC,TT,AC,CC,TT,CG,GG,GG,GG,AC,TT,CT,GG,GG,TT,AC,CC,AA,GG,CC,CC,GG,CC,GG,AA,AG,CC,TT,GG,CC,GG,AT,GG,CC,AT,CC,AA,AA,AC,CC,CC,TT,AA,GG,AA,NN,AA,AA,AG,AA,GG,AA,AT,GG,AA,AA,CC,AC,TT,AG,AG,GG,GG,CG,TT,AT,AG,GG,TT,TT,AG,TT,GG,GG,AA,7.33,Susceptible,High,Standard,Early
L0210,Mandya,Karnataka,Kharif,Red Loamy,Irrigated (Cauvery command),780,27.0,72,AC,TT,GG,AG,GG,CC,TT,AT,CC,CC,AA,CC,CC,TT,GT,GG,CG,TT,TT,AA,CC,TT,GG,CC,TT,CC,TT,TT,GG,NN,TT,CC,AA,CC,GG,GG,GG,CG,GG,AC,TT,CT,AA,TT,AA,GG,TT,TT,CC,AC,GG,AA,AA,GG,CC,TT,AA,AA,GT,AA,AG,TT,TT,AA,TT,TT,CC,GG,TT,GG,AA,GG,CC,AA,GG,AA,AT,GG,GT,TT,GG,GG,GG,CC,AT,GG,AA,AA,CC,GT,AC,GT,CC,TT,TT,GG,TT,AC,GG,CC,CC,CG,AG,AA,TT,TT,CG,AA,AA,AA,CC,GG,TT,CC,TT,AC,AA,TT,CG,GG,CC,AG,CC,GT,TT,AG,CC,CC,CC,CC,AA,TT,CC,AA,CC,CC,AA,TT,GG,AA,GG,CC,CC,GG,AA,AG,AA,AC,GG,CC,CC,AA,GG,GG,TT,GG,AA,GT,CT,GG,AA,TT,GT,TT,CC,AA,TT,TT,AA,AT,CG,CC,AG,CC,CC,AC,GG,CC,AA,GG,GG,AC,TT,CC,GG,TT,GG,AT,AA,AG,TT,AC,CG,AC,CC,CC,GG,GG,AA,GG,TT,AA,AG,CC,GT,AA,CC,AA,AA,GG,TT,TT,AT,CG,GT,AA,CG,TT,GT,AA,GG,AA,TT,AA,TT,CC,TT,AA,CC,TT,GG,AG,CC,GG,AC,TT,TT,GG,GG,AT,AA,CC,AG,GT,CC,CG,NN,CC,GG,TT,AG,CC,GT,GG,CC,CC,AA,GG,CC,AT,CC,AT,AG,CC,CG,AA,TT,AA,GG,AA,AA,AC,AC,AA,AA,AA,AG,TT,CG,CC,AG,AA,CC,CT,AA,AA,GG,GG,GG,TT,AA,AG,TT,TT,AT,AA,AT,GG,GG,AA,7.64,Moderate,Medium,Poor,Medium
L0211,Mandya,Karnataka,Kharif,Red Loamy,Irrigated (Cauvery command),780,27.0,72,AC,TT,GG,AG,CG,CC,GG,TT,CC,CC,AA,CT,NN,AT,TT,GG,GG,TT,AT,AA,CC,TT,TT,CT,TT,CC,TT,TT,GG,AA,TT,CC,AA,CC,GG,GG,GG,CC,GG,AC,TT,TT,AA,GT,AG,GG,TT,TT,CC,AC,GG,AA,AG,GG,TT,TT,AA,AC,TT,AC,AA,TT,TT,AG,TT,AT,CC,GG,TT,GT,AA,GG,CC,AA,GG,AA,AT,GG,TT,TT,NN,GG,GG,CC,NN,GG,AA,AA,CC,TT,AC,TT,CT,TT,TT,GG,CT,AC,TT,CC,CC,CC,GG,AG,AT,TT,CC,AA,AA,AA,CC,GG,TT,CG,TT,AC,AA,TT,CC,AG,CC,GG,CC,GG,CC,AA,CC,CC,CC,CC,AA,TT,CC,AA,CC,CC,AA,TT,AA,AA,CG,CC,CC,GG,AA,AG,AA,CC,GG,CC,CC,AG,AG,GG,GT,GG,CC,TT,TT,GG,CC,GT,TT,TT,CC,AA,TT,TT,TT,TT,CG,CC,AG,CT,CC,AC,GG,CC,AA,GG,GG,CC,TT,CC,GG,NN,GG,TT,AA,AA,TT,CC,GG,AA,CC,CC,GG,AG,AC,NN,TT,AC,AA,CC,GG,AA,CC,AT,AT,GT,GT,AT,AT,CG,GG,AA,CC,TT,TT,AA,GG,AA,CC,AC,TT,CC,TT,AA,CC,TT,CG,AG,GG,AG,CC,TT,TT,TT,GG,TT,AA,AC,AA,GG,CC,CC,GG,CG,GG,AT,AA,CC,GT,GG,CC,CC,AT,AG,CC,AA,CG,AA,AA,AC,CG,AC,TT,AA,GG,AA,AA,AC,AA,AG,AG,AA,AA,NN,GG,AA,AG,CC,AA,CC,AA,AA,CG,GG,GG,TT,AT,AA,TT,TT,TT,AA,TT,GG,GG,AA,8.56,Moderate,Low,Premium,Medium
L0212,Mandya,Karnataka,Kharif,Red Loamy,Irrigated (Cauvery command),780,27.0,72,AC,CT,AG,GG,GG,NN,GT,TT,CC,CG,AA,NN,CC,AT,TT,GG,NN,TT,TT,AG,CC,TT,GT,CC,TT,CC,GT,NN,GT,AA,TT,CC,AA,CC,GG,CG,GG,CC,GG,AC,TT,CT,AA,GT,AA,AG,TT,TT,CG,AC,GG,AA,AG,GG,NN,TT,AT,AC,GG,AC,AG,GT,TT,AA,TT,TT,CC,GG,TT,GG,AA,GT,CC,AA,GG,AC,AT,GG,TT,TT,GG,GT,GT,CC,AT,GG,AG,AA,CG,TT,NN,TT,CC,TT,GT,GG,TT,AC,GT,CC,CC,CG,AG,AA,TT,TT,CG,AG,AA,AA,CC,GG,TT,CC,TT,AA,AC,TT,CG,AG,CC,GG,CC,GT,TT,AA,CC,CG,CC,CC,AA,TT,CC,AC,CC,CC,AA,TT,AA,AA,GG,CC,CC,GG,AA,AA,AA,CC,GG,CC,CC,AA,AG,GG,TT,GG,AA,TT,TT,GG,AC,GT,GT,TT,CC,AA,TT,TT,AT,AT,GG,NN,AA,CC,CC,AC,GG,CC,AA,AG,AA,CC,TT,NN,GT,GT,GG,TT,AA,AA,TT,AC,GG,AC,CC,CC,NN,GG,AC,GG,TT,AA,AA,CC,GG,AA,AC,AA,TT,GG,TT,TT,AT,CG,GG,AT,CG,TT,GT,AA,GG,AA,TT,AA,TT,CC,TT,AC,CC,NN,GG,AG,CG,AA,CC,TT,TT,GG,GG,TT,AC,AA,NN,GT,CC,CG,GG,CC,GG,AT,AA,CC,TT,GG,CG,CC,AT,GG,CC,AA,CC,AA,AA,AC,CC,CC,TT,AA,GG,AA,AA,AA,AA,GG,GG,AG,AA,TT,GG,AA,AA,AA,AA,CT,AG,AA,CG,AG,CG,TT,AT,AG,TT,TT,TT,AA,TT,GG,CG,AA,6.02,Susceptible,Medium,Premium,Late
L0213,Mandya,Karnataka,Kharif,Red Loamy,Irrigated (Cauvery command),780,27.0,72,AA,TT,AG,AA,GG,CC,GT,AT,CC,CC,AA,CT,CC,TT,TT,GT,CG,TT,TT,NN,CC,TT,GT,CC,TT,CC,TT,TT,GG,AA,CT,CC,AA,NN,GG,GG,GG,CG,GG,NN,TT,CC,AA,TT,AA,AG,TT,TT,CC,CC,GG,AA,AA,GG,CC,GT,AA,AC,GT,AC,AG,TT,TT,AA,TT,TT,CC,GG,TT,GG,GG,GG,CC,AA,NN,AC,AA,GG,NN,TT,GG,GG,GT,CC,AA,GG,AA,AA,CC,TT,CC,TT,CC,AT,TT,AG,TT,AC,TT,CC,CC,CC,GG,AA,AT,TT,CG,AA,AA,AC,CC,GG,TT,CG,NN,AA,AA,TT,CC,GG,CC,GG,CC,GT,TT,AA,CT,CC,CC,CC,AA,GT,CC,AA,AC,CC,AA,AT,AA,AA,CG,CC,CC,GG,AA,AA,AA,AC,GG,CC,CG,AA,AA,AG,TT,AG,AA,TT,CT,AG,AC,TT,GT,TT,CC,AA,TT,TT,AA,TT,GG,CC,AA,CC,CC,CC,GG,CC,AA,GG,AA,CC,TT,CC,NN,TT,GG,AT,AA,AA,TT,AC,GG,AA,CC,CC,GG,GG,CC,GG,TT,AA,AA,CG,GG,AT,AA,AA,AT,GT,TT,AA,AA,GG,TT,AT,CC,TT,GT,AA,GG,AA,TT,AA,TT,CC,CT,AC,CC,TT,CG,GG,CG,NN,AC,TT,CT,TT,GG,TT,AA,AC,AA,GG,CC,CC,GG,CC,GG,TT,AA,CC,TT,AG,NN,CC,AA,GG,CC,AA,CC,AA,AA,CC,CC,AC,AT,AA,GG,AA,AA,AA,AA,GG,AG,AA,AA,TT,GG,AA,GG,CC,AA,TT,AA,AA,GG,GG,GG,TT,AA,AA,GT,TT,AT,GG,TT,NN,GG,AA,7.62,Susceptible,High,Poor,Late
L0214,Mandya,Karnataka,Kharif,Red Loamy,Irrigated (Cauvery command),780,27.0,72,AC,CT,GG,AG,GG,CG,GG,TT,CC,CG,AA,CC,CC,TT,TT,GG,CG,NN,AT,AA,CC,TT,TT,CC,TT,CT,TT,NN,GG,AA,TT,CC,AA,CC,AG,GG,GG,CG,GG,CC,TT,TT,AA,TT,AA,AA,TT,AT,CG,AC,GG,NN,AG,GG,CC,TT,AA,AA,GT,AA,AA,TT,AT,AA,TT,AA,CC,GG,TT,GT,AG,GG,CC,AA,GG,AA,AA,GG,TT,TT,GG,GG,GG,CC,AA,AG,AA,AA,CG,TT,CC,GT,CT,TT,TT,GG,TT,CC,TT,CC,CC,CG,AG,AA,TT,TT,CC,AA,AA,AC,CC,GG,GT,CC,GG,AC,AA,TT,CC,GG,CC,GG,CC,GT,CT,AA,CC,CC,CC,CG,AA,TT,CC,AA,CC,CC,AA,TT,AA,AA,CG,CC,CC,GG,AA,GG,AA,CC,GT,CC,CC,AA,AA,GG,TT,GG,AA,GT,TT,GG,CC,TT,GT,TT,CC,AT,TT,NN,AA,TT,GG,CC,AA,CT,AA,CC,CG,CC,AT,GG,AA,CC,TT,CG,GT,GT,CC,TT,AA,AA,TT,CC,GG,AA,AC,CC,CG,GG,AA,GG,TT,AA,AA,CC,GG,AA,CC,AA,AT,GG,TT,TT,AT,GG,GT,TT,CG,NN,GT,AA,GG,AA,CC,AA,AT,CC,TT,AC,AC,CC,GG,GG,CG,AG,CC,TT,TT,GT,GG,TT,AA,CC,AG,GG,CC,NN,GG,CC,GG,AT,AA,CC,GT,GG,CC,CC,AA,GG,CC,AA,CC,AT,AA,CC,CG,CC,TT,AA,GG,AA,AA,AA,CC,GG,AA,AG,AA,TT,GG,AA,AA,CC,AA,CT,AA,AA,GG,GG,GG,TT,AT,AA,TT,TT,TT,AA,TT,GG,NN,AA,5.11,Susceptible,Medium,Poor,Late
L0215,Mandya,Karnataka,Kharif,Red Loamy,Irrigated (Cauvery command),780,27.0,72,CC,TT,AG,AA,GG,CC,GG,TT,CC,GG,AA,CC,CC,AT,TT,GG,CG,TT,TT,AA,CC,TT,GT,CC,AT,CC,TT,TT,GG,AA,TT,TT,AA,NN,GG,GG,GG,CC,GG,CC,TT,CT,AA,GT,GG,AG,TT,NN,CC,CC,GG,AT,AA,GG,CC,TT,AA,AC,GT,AC,AA,TT,AT,AG,CT,TT,CC,GG,TT,GG,AA,GT,CC,AA,AG,AA,AA,GG,TT,TT,GG,GG,GT,CC,TT,GG,AA,AA,CC,GT,CC,TT,CT,TT,GG,GG,TT,AC,GT,CC,CC,CC,AG,AA,TT,TT,CC,AA,AA,AC,CT,GG,TT,CG,TT,AA,AA,TT,CC,AA,CC,GG,CC,TT,TT,AA,CT,CC,CC,CC,AA,TT,CC,AA,CC,CT,AA,TT,AA,AA,GG,CC,CC,GG,AG,AG,AA,AC,GT,CG,CC,AA,AA,GG,TT,GG,AC,TT,TT,GG,AC,TT,TT,CT,CG,AA,GT,TT,AA,TT,CG,CC,AG,CT,CC,CC,GG,CC,AA,GG,AA,CC,TT,CC,GG,TT,GG,AT,AA,AA,TT,CC,CG,AA,AA,CC,GG,GG,NN,GG,TT,AA,AA,CG,GG,AA,AC,AT,AA,GT,TT,TT,AA,GG,GT,AT,CC,AT,TT,AA,GG,AA,TT,AA,TT,CC,CT,AC,CC,TT,GG,AA,NN,AA,CC,TT,TT,GG,GG,TT,AA,CC,AG,GG,CC,GG,GG,CC,GG,AT,NN,CG,GT,GG,CC,CC,AT,GG,CC,AA,CC,AA,AA,AC,CC,AC,TT,AA,GG,AA,AA,AA,AC,GG,AA,AA,AA,TT,GG,AC,AA,AA,CC,CT,AG,NN,GG,GG,GG,TT,AT,AG,TT,TT,AT,AG,AT,GG,GG,AA,5.75,Susceptible,High,Poor,Late
L0216,Mandya,Karnataka,Kharif,Red Loamy,Irrigated (Cauvery command),780,27.0,72,AA,TT,GG,AA,CG,CC,TT,TT,CC,CG,AT,CC,CG,TT,GT,GG,CG,NN,TT,AA,CC,TT,GG,CC,TT,CC,TT,TT,GG,AA,TT,CC,AA,CC,GG,GG,GT,CC,GG,CC,TT,CC,AA,TT,AA,GG,TT,TT,CC,AC,GT,AT,AG,GG,CC,TT,AA,AC,GT,AA,AA,TT,TT,AG,CC,AT,CC,GG,TT,GG,AG,GG,CC,AA,GG,AA,AT,GG,TT,TT,GG,GT,GG,CC,AA,GG,AA,AA,CC,GT,CC,TT,CT,AT,GT,GG,TT,CC,TT,CC,TT,CG,GG,AA,AT,TT,CG,AA,AA,AA,CC,GG,TT,CC,TT,AA,AA,TT,CC,AG,CG,GG,CC,GG,TT,AG,CC,CC,CC,GG,AA,TT,CC,AA,CC,CC,AA,AT,AA,AT,GG,CC,CC,GG,NN,AA,AA,AA,GG,CC,CC,AG,AA,GG,TT,AG,AA,TT,TT,GG,AA,GT,GT,TT,CC,AA,GT,TT,AT,TT,GG,CC,AA,CC,CC,CC,GG,CC,AA,GG,AG,CC,TT,CC,GG,TT,GG,AT,AA,AA,TT,AC,CG,AC,CC,CC,GG,GG,AA,GG,TT,CC,AA,CG,GG,AA,CC,AT,AT,GG,TT,AT,AA,GG,GT,AT,CC,AT,TT,AA,GG,AA,TT,AA,TT,CC,CT,AC,CC,TT,NN,GG,CC,AG,CC,TT,CT,TT,GG,AT,AA,AA,AA,GG,CC,CC,GG,CC,GG,TT,AA,CG,GT,GG,CG,CC,AA,GG,CC,AA,CG,AA,AA,CC,CC,CC,NN,AA,GG,AA,AC,AC,AC,AG,AG,AG,AA,AT,CG,AC,AG,AC,AC,CT,AA,AA,GG,GG,GG,TT,AA,AA,TT,TT,TT,AA,AA,CG,CG,AA,6.83,Moderate,Medium,Standard,Late
L0217,Mandya,Karnataka,Kharif,Red Loamy,Irrigated (Cauvery command),780,27.0,72,AA,NN,GG,AG,GG,CC,NN,TT,CC,CG,AT,CC,CC,TT,TT,GG,CG,TT,TT,AA,CC,TT,GG,CC,TT,CT,TT,TT,NN,AA,TT,CC,AA,CC,AA,NN,GG,CC,GG,CC,TT,CC,AA,TT,AG,AG,TT,TT,CG,AA,GG,AA,AA,GG,CC,GT,AA,AA,GT,AA,AA,GT,TT,AA,TT,AT,CC,GG,TT,GG,AA,GG,AC,AA,GG,AC,AA,GG,TT,TT,GG,GG,GG,CC,AA,GG,AA,AA,CC,GT,CC,TT,CC,TT,TT,GG,CT,CC,TT,CC,CC,CG,GG,AA,TT,TT,CC,AA,AA,AA,CT,GG,TT,CC,TT,AA,AA,TT,CC,AG,CC,GG,CC,TT,CC,AA,CC,CC,CC,CC,AA,TT,CC,AA,CC,TT,AA,AT,AG,AT,NN,CT,CC,AG,AA,GG,AA,CC,GG,CC,CG,AA,AG,GG,TT,AG,CC,TT,CC,GG,CC,TT,GT,TT,CG,AT,TT,CT,AT,TT,GG,CC,AA,CC,CC,CC,CG,CC,AA,GG,AA,CC,TT,CC,GG,TT,GG,TT,AA,AG,TT,CC,CG,AC,CC,CC,GG,GG,AA,CC,TT,AC,AA,CC,GG,AA,AC,AA,AA,GG,TT,AT,AT,GG,TT,AA,CC,TT,GT,AA,GG,AA,NN,AC,TT,CC,TT,NN,CC,CT,CG,AA,CC,GG,AC,TT,TT,GG,GG,AT,AA,AC,AA,GT,CC,CC,GG,CC,GG,AA,AA,CC,GG,GG,CC,CC,AA,AG,CC,TT,CC,AA,AA,CC,CC,AC,TT,AG,GG,AA,AA,AA,AA,AG,AG,AA,AA,TT,GG,AA,AG,CC,AA,CT,AA,AA,GG,AG,GG,GT,AT,AA,TT,TT,TT,AG,TT,GG,GG,AA,8.66,Susceptible,Low,Premium,Late
L0218,Mandya,Karnataka,Kharif,Red Loamy,Irrigated (Cauvery command),780,27.0,72,CC,TT,AG,AG,GG,CC,GG,TT,CC,CG,AT,CC,CG,TT,TT,GG,GG,AT,TT,AA,CC,TT,GT,CC,TT,CC,GT,TT,GG,AA,TT,CT,AA,CC,GG,GG,GG,CG,GG,AC,TT,TT,AA,GT,AA,GG,TT,NN,CG,AC,TT,AT,AA,GG,CC,GT,AT,AA,GT,AA,AA,TT,AT,AG,NN,TT,CC,GG,TT,GG,AA,GT,AC,AA,GG,CC,AA,GG,TT,TT,GG,GG,GG,CC,AA,GG,AA,AA,CC,GT,CC,TT,CC,TT,TT,GG,CT,AA,GT,CC,CC,GG,AG,AA,TT,TT,CC,AA,AG,AA,CT,GG,TT,CC,TT,AA,AC,TT,CC,AG,CC,AG,CC,GT,CT,AG,CC,CC,CC,CC,AA,TT,CC,AA,CC,CT,AG,TT,AG,AT,GG,CC,CC,GG,AA,AA,AT,CC,GG,CC,CC,AA,GG,AG,TT,GG,AC,TT,TT,AA,AC,TT,TT,TT,CC,TT,TT,CT,AT,AT,GG,CC,AA,CC,CC,CC,GG,CC,NN,GG,NN,AC,TT,CG,GG,GT,GG,AT,AG,AG,TT,CC,CG,AA,CC,CC,GG,GG,AA,GG,TT,AC,AA,CC,GT,AA,AC,AA,AA,GT,TT,TT,AA,CG,TT,AA,CC,AT,TT,AT,GG,AA,TT,AA,TT,CC,TT,AC,CC,TT,CG,AA,CC,AA,CC,TT,CC,GT,GG,AT,AC,AC,AA,GG,CC,CG,CC,CC,GG,AA,AA,CG,GT,AG,CC,CC,AT,GG,CC,AA,CC,AA,NN,CC,CC,CC,TT,AA,GG,AA,AA,AA,AA,GG,AG,AG,AA,TT,GG,AA,AA,CC,AA,TT,AA,AA,GG,GG,GG,TT,AT,AA,TT,TT,AT,AA,TT,GG,CG,AA,4.71,Susceptible,Low,Premium,Medium
L0219,Mandya,Karnataka,Kharif,Red Loamy,Irrigated (Cauvery command),780,27.0,72,AC,TT,GG,GG,GG,CC,GT,TT,CC,CG,AA,CT,CC,TT,TT,GT,CC,TT,TT,AG,CG,GT,TT,CC,TT,CC,TT,TT,GG,AA,TT,TT,AA,CC,GG,GG,GG,CG,GG,CC,TT,CT,AA,GT,AG,GG,CT,AT,CC,CC,GT,AT,GG,GG,CC,TT,AA,AC,GG,AC,NN,GT,AT,AA,TT,TT,CC,GT,TT,GG,AA,GG,CC,AA,AG,AA,AT,GG,TT,TT,GG,GG,NN,CC,AT,GG,AA,AT,CC,GG,CC,TT,CC,AT,TT,GG,TT,CC,GT,CC,CT,CG,AA,AA,AT,TT,CC,AG,AA,AC,TT,GG,TT,CC,TT,AA,AA,AT,CC,GG,CC,GG,CC,GT,CT,AA,CC,CC,CC,CC,AA,TT,CC,AA,CC,CC,AA,TT,AG,AA,GG,CC,CC,GG,AA,AA,AA,AC,GG,CC,CG,AA,AG,AG,TT,GG,AA,TT,TT,AG,CC,TT,GT,TT,CC,AA,TT,CT,AA,TT,CG,CC,AG,CT,CC,CC,GG,CC,AA,GG,AA,CC,TT,CC,GG,TT,GG,TT,AG,AG,TT,CC,GG,AA,CC,CC,GG,GG,AC,CG,TT,AA,AG,CG,GG,AT,CC,AA,AA,GG,TT,TT,AA,CG,GT,AT,CC,TT,TT,AA,GG,AA,CT,AA,TT,CC,TT,AC,CC,TT,CG,AG,CC,AG,CC,TT,CT,GT,NN,TT,AC,AC,AA,GG,CC,CG,GG,CC,GG,AT,AA,CG,GT,GG,CC,CC,NN,GG,CC,AA,CC,AA,AA,CC,CC,CC,TT,AA,GG,AA,AA,AA,AA,NN,AA,AG,AG,TT,GG,AA,AG,NN,AA,CT,AA,AA,CG,GG,GG,TT,AA,AA,GT,TT,TT,AG,AT,GG,GG,AC,5.58,Resistant,Medium,Premium,Late
L0220,Mandya,Karnataka,Kharif,Red Loamy,Irrigated (Cauvery command),780,27.0,72,AA,TT,GG,AA,GG,CC,GT,TT,CC,GG,AT,CC,GG,TT,GT,GT,GG,TT,TT,AA,CC,GT,TT,CC,TT,CT,TT,TT,GG,AC,CT,CT,AA,CC,GG,CG,GG,CG,GG,CC,TT,TT,AA,TT,GG,AG,CT,TT,CC,AA,GT,AA,AA,GG,CT,TT,AA,AA,TT,AC,AA,TT,AT,AA,TT,AT,CC,GG,TT,GG,NN,GG,CC,AA,AG,AC,AA,GG,GT,TT,GG,NN,GG,CC,AA,GG,AA,AA,CC,GT,CC,TT,CC,TT,TT,GG,TT,CC,TT,CC,CC,CG,GG,AA,TT,TT,CC,AA,AG,AA,CT,GG,TT,CC,TT,AC,AC,TT,CC,AG,CC,GG,CC,NN,TT,AA,CC,CC,CC,CC,AA,TT,CC,AA,CC,CC,AA,TT,NN,AA,GG,CC,CC,GG,AA,GG,AA,CC,GG,CC,CC,AA,AG,AG,GT,AG,AC,TT,TT,AG,AC,TT,TT,TT,CC,AT,TT,TT,AA,TT,GG,CC,AG,CT,CC,CC,CG,CC,AA,GG,AG,CC,TT,CC,GG,GT,CG,AT,NN,AA,TT,CC,CG,AA,CC,NN,GG,GG,AC,GG,TT,AA,AA,CC,GG,AA,CC,AA,AT,GT,TT,TT,AT,CG,GT,AA,CC,TT,TT,AA,GG,AA,TT,AC,TT,CC,TT,AA,CC,TT,CG,AA,CG,GG,CC,TT,TT,GT,GG,TT,AA,AC,AG,GG,CC,CG,GG,CG,GG,AT,AG,CG,TT,GG,CC,CC,AA,AG,CC,AA,CC,AA,AA,AC,CC,NN,TT,AA,GG,AA,AA,AC,AA,AG,AA,AA,AA,TT,CG,AC,AA,AA,AC,CC,AA,AG,GG,GG,GG,TT,AA,AA,TT,TT,TT,AA,TT,GG,CG,AA,5.62,Moderate,Medium,Poor,Late
L0221,Mandya,Karnataka,Kharif,Red Loamy,Irrigated (Cauvery command),780,27.0,72,AA,TT,GG,AG,GG,CG,TT,TT,CC,GG,AA,CT,CG,TT,TT,GG,GG,TT,TT,AA,CC,TT,GG,CC,TT,CC,GT,TT,NN,AA,TT,CC,AA,CC,GG,GG,GG,CG,GG,CC,TT,CT,AC,TT,AG,AG,TT,AT,CC,CC,GG,AA,AA,GG,CC,TT,AA,AC,GG,AA,AA,TT,AA,AA,CT,NN,CC,GG,TT,GG,AA,GG,CC,AA,AG,AC,AT,GG,GG,TT,GG,GT,TT,CC,AT,GG,AA,AA,CC,GT,CC,TT,CC,TT,TT,GG,TT,CC,TT,CC,CC,CC,AG,AG,TT,TT,CC,AG,AA,AA,CT,NN,TT,CC,TT,AA,AA,TT,CC,GG,CC,GG,CC,GG,CT,AA,CT,CC,CC,CC,AG,GT,CC,AA,NN,CC,AA,TT,AG,AA,CG,CC,CC,GG,AA,AG,AA,CC,GG,CC,CC,AA,AG,GG,TT,AG,AC,TT,CT,GG,AC,GG,GT,TT,CC,AA,TT,TT,AA,AT,GG,CG,AA,CT,CC,CC,CG,CC,NN,GG,AA,CC,TT,CG,GG,TT,GG,TT,AA,AA,TT,CC,GG,AA,AA,CG,GG,GG,AC,GG,TT,AA,AA,CC,GG,AA,CC,AA,AT,GT,TT,TT,NN,GG,TT,AT,CG,AT,TT,AA,GG,AA,CT,AA,TT,CC,TT,AA,CC,CT,CG,AG,CG,AA,AA,TT,CT,GT,GG,TT,AA,CC,AG,GG,CC,CC,GG,CC,GG,AT,AG,CC,TT,GG,CC,CC,AT,GG,CC,AA,CC,AA,AA,CC,CC,AC,TT,AA,GG,AA,AC,AA,AA,AA,AA,AA,AA,AA,GG,AA,AG,CC,AC,CC,AA,AA,GG,GG,GG,TT,AA,AA,GT,TT,TT,AG,AA,GG,CG,AA,4.92,Susceptible,Low,Poor,Early
L0222,Mandya,Karnataka,Kharif,Red Loamy,Irrigated (Cauvery command),780,27.0,72,AC,TT,GG,AG,GG,CC,GT,TT,CC,CG,AA,CC,CC,AT,GT,GG,GG,TT,TT,AG,CC,GT,TT,CC,TT,CC,GT,TT,GG,AA,TT,CT,AA,CC,GG,GG,GG,CC,GG,CC,TT,TT,AA,GT,AA,GG,TT,AT,CC,CC,GG,AA,AG,GG,CC,TT,AA,CC,GG,AA,AG,TT,AT,AA,TT,AT,CC,GG,CT,GT,AA,GG,CC,AA,GG,CC,AA,GG,GT,TT,GG,TT,GG,CC,AT,GG,AA,AA,CC,TT,AC,TT,CC,TT,TT,GG,CT,CC,TT,NN,CT,CG,AG,AG,AT,GT,CC,AA,AG,AA,CT,GG,TT,CC,TT,AA,AA,TT,CC,AA,CC,GG,CC,GG,TT,AA,CC,CC,CC,CC,AA,TT,AC,AA,CC,CC,AG,TT,AA,AA,GG,CT,CC,GG,AA,AA,AA,CC,GT,CC,CC,AA,AG,GG,TT,NN,AC,GT,CT,GG,CC,NN,TT,TT,CC,AA,TT,TT,AT,TT,GG,CC,AA,TT,CC,CC,CG,CC,AA,GG,AG,CC,TT,CC,GT,TT,GG,AT,AA,AA,TT,CC,GG,AC,CC,CG,GG,AG,CC,GG,TT,AC,AA,CC,GG,AA,AC,AA,AT,GT,TT,AT,AT,CG,GG,TT,CC,AT,GT,AA,GG,AA,TT,AA,TT,CC,TT,AA,CC,TT,CG,GG,CC,AG,CC,TT,CT,GG,GG,AT,AA,CC,AA,GT,CC,CC,GG,CC,GT,AT,AA,CG,TT,AG,CC,CG,AA,GG,CC,AA,CG,AA,AA,NN,CG,AC,TT,AA,GG,AA,AA,AC,AC,AG,AA,AA,AA,TT,GG,AA,AG,AC,AA,CT,AA,AA,GG,GG,GG,TT,AA,AA,TT,TT,TT,AA,AT,GG,GG,AA,5.85,Susceptible,High,Premium,Late
L0223,Mandya,Karnataka,Kharif,Red Loamy,Irrigated (Cauvery command),780,27.0,72,AC,CT,GG,AG,GG,CC,GG,TT,CC,CG,AA,CT,CG,TT,TT,GG,GG,TT,TT,AA,CC,TT,GT,CC,TT,CC,TT,TT,GG,AA,CT,CC,AA,CC,GG,GG,GG,CC,GG,AC,TT,TT,AA,TT,AG,GG,CT,TT,CC,AA,GT,AT,AA,GG,CT,TT,AA,AA,GG,AC,AA,TT,AA,AG,TT,AT,CC,GG,TT,GT,AA,GG,AC,AA,GG,AA,AA,NN,TT,TT,GG,GG,GG,CC,AA,GG,AA,AA,CC,GT,CC,TT,CT,AT,GT,GG,CT,CC,GT,CC,CC,GG,GG,AA,TT,TT,CC,AA,AA,AA,CT,GG,TT,CG,TT,AA,AA,TT,CC,AG,CC,AG,CC,GG,CT,AA,CC,CC,AC,CC,AA,TT,CC,AC,CC,CC,AA,TT,AA,AA,CG,CT,CC,GG,AA,AG,AA,CC,GT,CG,CC,AA,AG,GG,TT,GG,AC,TT,TT,GG,AA,GT,TT,TT,CG,AA,TT,TT,AA,TT,GG,CC,AG,TT,AC,CC,GG,CC,AA,GG,AA,CC,TT,CC,GG,TT,GG,TT,AA,AA,TT,CC,CG,AC,CC,CC,GG,GG,AA,GG,TT,AC,AG,CC,GG,AA,CC,AA,AT,GG,TT,TT,AT,CG,GT,AT,CC,TT,GT,AT,GG,AA,TT,AA,TT,CC,TT,AA,CC,TT,GG,AA,CG,AG,AC,TT,CT,TT,GG,TT,AA,CC,AA,GG,CC,CG,GG,CC,GG,TT,AA,CC,TT,GG,CC,CC,AA,GG,CC,AA,CC,AA,AA,AC,CC,AC,NN,AA,GG,AA,NN,AC,NN,AA,AA,AG,AG,AT,GG,AA,AG,AA,AC,TT,AA,AA,CG,GG,CG,GT,AT,AA,GT,TT,TT,AG,AT,GG,GG,AA,5.56,Susceptible,Medium,Poor,Early
L0224,Mandya,Karnataka,Kharif,Red Loamy,Irrigated (Cauvery command),780,27.0,72,AC,TT,GG,GG,CG,CC,GT,AT,CC,CG,AT,CC,CC,AT,TT,GG,CG,TT,TT,AA,CC,TT,TT,CC,AT,CC,TT,AT,GG,AC,TT,CT,AA,CC,GG,CG,GT,CC,GG,CC,TT,CT,AA,TT,AA,AA,TT,AT,CC,AC,GT,AA,AA,GG,CT,TT,AT,AA,GG,AC,AA,TT,AA,AA,TT,TT,CC,GG,TT,GG,AG,GG,AC,AA,GG,CC,AT,AG,TT,TT,NN,GG,GG,CC,AT,GG,AA,AA,CC,GT,AC,TT,CT,TT,GT,GG,NN,CC,GT,CC,CC,CG,GG,AA,TT,TT,CC,AA,AG,AA,CC,GG,TT,CC,TT,AA,AC,TT,CG,GG,CC,AG,CC,GT,TT,AG,CC,CC,CC,CC,AA,TT,CC,AA,CC,CC,AA,TT,AA,AT,GG,CC,CG,GG,AA,AG,AA,CC,GT,CC,CC,AA,AA,GG,TT,GG,AC,TT,NN,GG,AA,GT,GG,CT,CC,AT,TT,TT,AA,TT,CG,CC,AA,CC,CC,AC,CG,CC,AA,GG,AG,AC,TT,CG,GG,GT,CC,TT,AA,AA,TT,CC,GG,AA,AC,CC,GG,GG,AA,GG,TT,AC,AG,CG,GG,AT,CC,AA,AA,GG,TT,AT,AA,GG,GT,AA,CC,NN,TT,AA,GG,AG,CT,AA,TT,CG,TT,AA,AC,TT,GG,AA,CC,GG,CC,TT,TT,GT,GG,TT,AA,AC,AA,GG,CC,CC,GG,CC,GG,AA,AA,CC,GT,GG,CG,CC,AA,AG,CG,AT,CC,AT,AA,AC,CG,AC,TT,AA,GG,AA,AA,AA,AA,AG,AG,AG,AA,AT,CG,AC,AA,AA,AA,CT,AA,AA,CG,GG,GG,TT,AA,AA,TT,TT,TT,AA,AT,GG,GG,AA,7.16,Susceptible,Low,Poor,Late
L0225,Mandya,Karnataka,Kharif,Red Loamy,Irrigated (Cauvery command),780,27.0,72,CC,TT,GG,AG,GG,CC,GG,AT,CC,CC,AA,CC,NN,TT,GT,GG,GG,TT,TT,AA,CG,TT,GT,CC,TT,CT,TT,TT,GG,AC,CT,CC,AA,NN,GG,CG,GG,CC,GG,CC,TT,TT,AA,GT,AA,GG,CT,TT,CC,AC,GT,AA,AA,GG,CC,TT,AA,AA,GG,AC,AA,TT,AT,AA,TT,TT,CC,GG,TT,GG,AG,GG,CC,AA,GG,AC,AA,GG,TT,TT,AG,GG,GG,CC,AA,GG,AA,AA,CG,GG,AC,TT,CC,TT,GT,GG,CC,CC,GT,CC,CC,CC,AG,AA,AT,TT,GG,AA,GG,AA,TT,GG,TT,CC,TT,AA,AA,AT,CC,AG,CG,AG,CC,GG,CT,AG,CC,CC,CC,CC,AA,TT,AC,AA,CC,CC,AA,TT,AA,AA,GG,CC,CC,NN,AA,AG,AA,CC,GG,CC,CC,AA,AA,GG,TT,GG,AC,TT,CT,GG,CC,TT,TT,TT,CC,AT,GT,TT,AA,AA,GG,CC,AA,CT,AC,AC,GG,CC,AA,GG,AG,CC,TT,CC,GT,TT,CG,AT,AA,AA,TT,CC,GG,AA,CC,CC,GG,GG,AA,GG,TT,AC,AA,CC,GG,AA,AC,AA,AA,GG,TT,TT,AA,CG,GT,NN,CC,TT,TT,AA,AG,AA,TT,AC,TT,CG,TT,AC,CC,TT,GG,AA,CC,AG,CC,TT,CT,GT,GG,TT,AA,CC,AA,GG,CC,CC,GG,CG,GG,AT,AA,CC,TT,GG,CC,CC,AA,AG,NN,AT,CG,AA,AA,AC,CG,CC,AT,AA,GG,AA,AA,AA,AA,GG,AA,AA,AA,AT,GG,AA,AA,AC,AA,CT,AA,AA,GG,GG,GG,TT,AT,AG,TT,TT,TT,AA,TT,GG,GG,AA,5.69,Susceptible,Medium,Premium,Medium
L0226,Mandya,Karnataka,Kharif,Red Loamy,Irrigated (Cauvery command),780,27.0,72,AC,CC,GG,AG,GG,CC,GT,TT,CC,CG,AA,CC,CG,TT,TT,GG,GG,TT,TT,AA,CC,GT,TT,CC,TT,CC,TT,TT,GG,AA,TT,CC,AA,CC,AG,GG,GG,CC,GG,CC,TT,CT,AA,GT,AA,GG,TT,AT,CC,AC,GT,AA,AA,GG,CT,TT,AT,AA,GT,AC,AA,TT,AT,AA,NN,AT,CC,GG,TT,GG,AA,GG,CC,AA,AG,CC,AA,GG,TT,TT,GG,GT,GT,CC,AA,GG,AA,AT,CC,TT,NN,TT,CC,AT,TT,GG,TT,CC,TT,CC,CC,CC,AG,AG,TT,GT,CC,AA,AG,AC,CC,GG,TT,CC,TT,AA,AA,TT,CC,AG,CC,GG,CT,GG,TT,AG,CT,CC,CC,CC,AA,GT,AC,AA,AC,CC,AA,TT,AA,AT,GG,CT,CC,GG,AA,AG,AT,CC,GT,CC,CC,NN,AG,GG,GT,AA,AA,TT,CT,GG,NN,TT,TT,TT,CC,AT,GT,TT,AA,TT,GG,CG,AG,CT,CC,CC,CC,CC,AA,GG,AA,CC,TT,CC,GG,TT,CG,TT,AA,AG,TT,AC,GG,AA,CC,CC,GG,GG,CC,GG,TT,AA,AA,CC,GT,AA,CC,AA,AT,GG,TT,TT,AT,GG,GG,TT,CC,TT,GT,AA,GG,AA,CT,AA,TT,CC,CT,AA,CC,CT,GG,AG,CC,AG,AC,AT,CC,GT,GG,TT,AA,CC,AA,GG,CC,CC,GG,CC,GG,AA,AA,CC,TT,GG,CC,CG,AA,AG,CC,AT,CC,AA,NN,CC,CC,CC,TT,AA,GG,AA,AA,AA,AA,NN,AG,AG,AG,TT,CG,AC,GG,CC,AA,TT,AA,AA,GG,GG,GG,TT,AA,AA,GT,TT,TT,AG,AT,GG,GG,AA,7.03,Susceptible,Medium,Premium,Medium
L0227,Mandya,Karnataka,Kharif,Red Loamy,Irrigated (Cauvery command),780,27.0,72,AA,TT,AG,AA,GG,CC,GG,AT,CC,CG,AA,CT,CC,AT,TT,GG,CG,TT,TT,AA,CC,TT,GT,CC,TT,CC,GT,TT,GG,AA,TT,CT,AA,CC,GG,CG,GG,CC,GG,CC,TT,CT,AA,TT,AG,GG,NN,TT,CC,AC,GG,AT,AA,GG,CC,GT,AA,AC,GT,AA,AA,TT,TT,AA,TT,TT,CC,GG,TT,GG,AG,GG,CC,AA,AG,AC,AA,GG,TT,CT,GG,GT,GG,CC,AT,GG,AA,AA,CC,TT,CC,TT,CT,TT,TT,GG,TT,AC,TT,CC,CT,CC,GG,AG,TT,TT,CG,AA,AA,AA,CT,GG,TT,CG,TT,AC,AA,AT,CC,GG,CG,AG,CC,GT,TT,AA,CC,CC,AC,CC,AG,TT,CC,AA,AC,CC,AA,AT,AA,AA,GG,CC,CC,GG,AA,AG,AA,CC,GG,CC,CC,AA,AG,GG,TT,GG,AC,TT,CT,AG,AC,TT,GT,TT,CC,AT,TT,TT,AA,TT,GG,CC,AA,CT,CC,CC,CG,CC,AA,GG,AA,CC,TT,CC,TT,TT,GG,AT,AA,AA,TT,AC,GG,AA,CC,CC,GG,GG,AC,GG,TT,AA,AA,CC,GG,AA,CC,AT,AA,GT,TT,AT,AT,CG,GT,AA,CC,AA,TT,AA,GG,AA,CC,AA,TT,CC,TT,AA,CC,TT,GG,AA,CC,AG,CC,TT,CT,NN,GG,TT,AC,CC,AA,GG,CC,NN,GG,CC,GG,TT,AA,GG,TT,GG,CC,CC,AA,GG,CC,AA,CC,AT,AG,AC,CC,AA,TT,AA,GG,AA,AC,AA,AA,GG,AA,AG,AA,TT,GG,AA,AG,AC,AC,CC,AA,AA,GG,GG,GG,TT,AT,AA,TT,TT,TT,AA,AA,GG,GG,AA,6.72,Resistant,High,Standard,Late
L0228,Mandya,Karnataka,Kharif,Red Loamy,Irrigated (Cauvery command),780,27.0,72,AC,TT,GG,AA,GG,CC,GT,TT,CC,CG,AA,CC,CC,TT,TT,GT,CG,TT,TT,AA,CG,GT,GT,CC,TT,CC,GT,TT,GG,AC,CT,CT,AA,CC,GG,GG,GG,GG,GG,CC,TT,CC,AA,TT,AA,GG,TT,TT,CC,AA,GT,AA,AA,GG,CT,TT,AA,AA,GT,AA,AA,TT,AT,GG,CT,AT,CC,GG,TT,GG,AA,GG,CC,AA,GG,AA,AA,GG,GT,TT,GG,GT,GG,CC,AA,GG,AA,AA,CC,GG,CC,TT,CC,TT,TT,GG,TT,CC,TT,CT,CC,CG,AG,AA,TT,TT,CG,AA,AG,AA,NN,GG,GT,CC,TT,AA,AA,TT,CG,AA,CC,GG,CC,GG,CT,AA,CC,CC,CC,CC,AA,TT,CC,AA,CC,CC,AA,TT,AA,AT,CG,CT,CC,GG,AA,AA,AA,CC,GG,CC,CC,AA,AA,GG,TT,GG,AC,GG,CC,AG,CC,TT,TT,TT,CC,AA,NN,TT,AT,TT,CG,CC,AG,CT,CC,CC,CG,CC,AA,GG,AG,CC,TT,CC,GG,TT,CG,TT,AA,AA,TT,CC,GG,AA,NN,CC,GG,GG,AC,GG,TT,AC,AA,CC,NN,AT,CC,AA,TT,GT,TT,AT,AA,CG,GG,AA,CG,TT,TT,AA,GG,AG,TT,AA,TT,CC,TT,AC,CC,TT,GG,NN,CG,AG,AA,TT,TT,GT,GG,TT,AA,AC,NN,GG,CC,CG,GG,CG,GT,TT,AA,CC,TT,GG,CC,CC,AA,GG,CC,AT,CC,AT,AA,CC,CG,CC,TT,AA,GG,AA,AA,AA,AA,GG,AA,AG,AA,TT,GG,AA,AA,AC,AA,CT,AA,AA,GG,GG,GG,TT,AA,AA,TT,TT,TT,AA,TT,GG,GG,AC,5.93,Moderate,Medium,Standard,Late
L0229,Mandya,Karnataka,Kharif,Red Loamy,Irrigated (Cauvery command),780,27.0,72,AA,TT,AG,GG,GG,CC,GG,TT,CC,CC,AA,CC,GG,TT,TT,GG,GG,TT,TT,AA,CG,GT,GT,CC,AT,CC,GT,TT,GT,NN,TT,CT,AA,CC,AG,CG,GG,CG,GG,CC,TT,CT,AA,TT,AG,GG,TT,TT,CC,AC,GT,AT,AA,GG,CT,NN,AA,AA,TT,AA,AA,GT,AT,AA,CT,TT,CC,GG,TT,GG,AG,GG,CC,AA,AG,AC,AA,GG,TT,TT,AG,GT,GG,CC,AT,AG,GG,AA,CC,TT,AC,TT,CC,TT,GG,GG,TT,CC,GT,CC,CC,CG,AG,AG,TT,TT,CG,AA,AG,AA,CC,GG,GT,CG,TT,AA,AA,TT,CC,GG,CC,GG,CC,GG,CT,AA,CC,CC,CC,CC,AA,TT,CC,AA,CC,CC,AA,TT,AA,AA,GG,CC,CC,GG,AA,AA,AT,CC,GG,CC,CG,AA,AA,GG,TT,GG,AA,TT,TT,GG,CC,TT,TT,TT,CC,TT,TT,TT,AT,TT,GG,CC,AG,CT,CC,CC,CC,CC,AA,GG,AG,CC,GT,CC,GT,TT,CG,TT,AA,AA,TT,AA,GG,AA,CC,CC,GG,GG,AC,GG,TT,AA,AG,CC,GG,AA,CC,AA,TT,GG,GT,TT,AT,CG,GT,AA,NN,TT,GT,AA,GG,AA,CT,AA,TT,CC,CT,AC,AC,CC,CG,AA,CC,AG,AC,TT,TT,GT,GG,TT,AC,CC,AG,GT,CC,CG,GG,CC,NN,TT,AA,CC,NN,GG,CC,CG,AA,GG,CC,AA,CC,AT,AA,AA,CG,CC,TT,AA,CG,AA,AA,AA,AA,AG,AG,AG,AA,TT,GG,AA,AG,AC,AC,CT,AA,AA,CG,GG,GG,TT,AA,AG,GT,TT,TT,AA,AT,GG,NN,AA,5.7,Susceptible,Low,Standard,Early
L0230,Mandya,Karnataka,Kharif,Red Loamy,Irrigated (Cauvery command),780,27.0,72,AA,TT,GG,AG,GG,CC,GT,TT,CC,CC,AA,CT,CG,TT,TT,GG,CC,TT,TT,AA,CC,TT,TT,CT,TT,CC,TT,TT,GT,AA,TT,CT,AA,CC,GG,GG,GG,CG,GG,CC,TT,CT,AC,TT,AA,AG,TT,AT,CG,AC,GT,AA,AA,NN,CC,GT,AA,AA,GT,AC,AG,NN,AT,AA,CT,AT,CC,GG,TT,GG,AG,GG,CC,AG,GG,AA,AT,GG,TT,TT,GG,GG,GG,CC,AA,AG,AA,AT,CG,GT,CC,TT,CC,TT,TT,GG,CT,AC,TT,CC,CT,CC,AA,AA,TT,TT,CC,AG,AG,AC,CT,GG,TT,CC,TT,AA,AA,TT,NN,GG,CG,GG,CC,GT,CT,AA,CT,CC,AC,CC,AA,TT,CC,AA,CC,CT,AA,TT,AA,AA,GG,CT,CC,AG,AA,AA,AA,CC,GT,CC,CC,AG,AG,AG,GT,GG,AA,TT,CT,GG,CC,TT,GT,TT,CC,NN,GT,TT,NN,AT,GG,CG,AA,CC,AC,CC,GG,CC,AA,GG,AG,CC,TT,CC,GT,TT,GG,NN,AA,AA,TT,CC,GG,AA,CC,CC,GG,GG,AA,GG,TT,NN,AA,CC,GG,AA,AC,AA,AT,GG,GT,AA,AA,CG,GG,AT,CC,AT,TT,AA,GG,AA,CT,AA,TT,CC,CT,AC,CC,CT,GG,AA,GG,AG,AC,TT,CC,GT,GG,TT,AA,CC,AA,GT,CC,CC,GG,CC,GG,AT,AA,CC,NN,GG,CC,CC,AA,AG,CG,AA,CG,AT,AA,AA,CG,AC,TT,AA,GG,AA,AA,AA,AC,AG,AG,AA,AG,TT,GG,AC,AA,CC,AC,TT,AG,AG,GG,GG,GG,TT,AT,NN,TT,TT,TT,AA,TT,GG,CG,AA,5.83,Moderate,Low,Standard,Late
L0231,Mandya,Karnataka,Kharif,Red Loamy,Irrigated (Cauvery command),780,27.0,72,AA,NN,GG,AA,GG,CC,GG,TT,CG,CC,AA,CC,CC,AT,GT,TT,GG,TT,TT,AG,CC,TT,GT,CT,TT,CC,TT,TT,GG,AA,TT,CT,AA,CC,GG,GG,GG,CG,GG,CC,TT,TT,AA,GG,AA,GG,TT,NN,CC,CC,GG,AT,AA,GG,NN,GT,AA,AC,TT,AC,AA,TT,TT,AA,TT,AT,CC,GG,TT,GG,AA,GG,CC,AA,GG,AA,AT,NN,TT,TT,GG,GT,GG,CC,AA,GG,AA,AA,CC,GG,CC,TT,CC,TT,GT,AG,CT,CC,TT,CC,CC,CG,AA,AA,AT,TT,CG,AA,AA,AA,CC,GG,TT,CG,NN,AA,AA,TT,CC,AG,CC,GG,CC,GG,NN,AA,CC,CC,CC,CC,AA,TT,AC,AA,CC,NN,AA,AT,AG,AA,CG,CC,CC,GG,AA,AA,AA,CC,GG,CC,CC,AA,AA,AA,GT,GG,CC,TT,TT,GG,CC,TT,GT,TT,CG,AT,TT,CT,AA,AT,CG,CC,AA,CT,CC,CC,GG,CC,AA,GG,AA,CC,TT,CC,GT,TT,GG,AA,AA,AG,TT,CC,CG,AA,CC,CC,GG,GG,AC,GG,TT,AA,AA,CC,GG,AT,CC,AA,AT,GT,TT,AT,AT,GG,GT,AT,CC,TT,TT,AA,GG,AA,CT,AC,TT,CC,CT,AA,NN,TT,GG,GG,CC,AG,CC,TT,TT,GT,NN,TT,AC,CC,AA,GG,CC,GG,GG,CG,GG,AT,AA,CC,TT,GG,CG,CG,AT,GG,CG,AT,CG,AA,AA,AC,GG,AA,TT,AA,CC,AA,AA,AA,AA,GG,AG,AA,AA,AT,GG,CC,AA,AC,AC,TT,AG,AA,GG,GG,GG,TT,AT,AA,TT,TT,TT,AG,AT,GG,GG,AA,8.01,Susceptible,High,Premium,Late
L0232,Mandya,Karnataka,Kharif,Red Loamy,Irrigated (Cauvery command),780,27.0,72,AA,TT,GG,AA,GG,CC,GG,AT,CC,CG,AA,CC,NN,TT,GT,GT,GG,TT,TT,AA,CC,TT,GT,CC,TT,CC,TT,TT,GG,AA,TT,CC,AA,CC,GG,GG,GG,CG,GG,CC,TT,CC,AA,TT,AA,GG,TT,TT,CC,CC,GT,AA,AA,GG,CC,NN,AT,AA,GG,AA,NN,GT,TT,AA,TT,AT,CT,GG,NN,GG,AA,GG,CC,AA,GG,CC,AA,NN,TT,TT,GG,GT,GG,CC,AT,AG,AA,AA,CG,TT,CC,TT,CC,TT,GT,GG,TT,AC,GT,CC,CC,CC,AA,AA,TT,TT,CC,GG,GG,AA,CT,GG,TT,CG,TT,AA,AA,TT,CG,GG,CG,GG,CC,GG,TT,AA,CC,CC,AC,CC,AA,TT,AC,AC,CC,CC,AA,AT,AA,AT,CG,CC,CC,GG,AG,AG,AA,CC,GT,CC,CC,AA,AA,GG,TT,GG,AC,TT,TT,GG,AC,TT,TT,TT,CC,AT,TT,TT,AA,NN,GG,CC,AA,CT,AC,CC,GG,AC,AA,GG,AA,CC,TT,CC,GT,TT,GG,AT,AA,AA,TT,CC,GG,AA,CC,CC,GG,GG,AA,GG,TT,AA,AA,CC,GG,AA,CC,AT,AT,GT,TT,TT,TT,CG,GT,AA,CG,TT,GT,AA,GG,AA,CT,AA,TT,CC,TT,AA,AC,TT,CG,AA,CC,AA,CC,TT,CT,TT,GG,TT,AC,AC,AG,GG,CC,CC,GG,CG,GG,TT,AA,CC,TT,AG,CC,CC,AA,AG,CC,AA,CC,AT,AA,AC,CC,CC,TT,AA,GG,AA,AC,AA,AA,GG,AG,AG,AA,AT,CG,AC,AA,CC,AA,TT,AA,AG,GG,GG,GG,TT,AA,AA,GT,TT,TT,AG,TT,GG,GG,AA,6.73,Moderate,Medium,Poor,Late
L0233,Mandya,Karnataka,Kharif,Red Loamy,Irrigated (Cauvery command),780,27.0,72,AC,TT,AG,AG,GG,CG,GG,AT,CC,GG,AA,CC,CC,AT,TT,GG,CG,TT,TT,AA,CC,GT,GG,CC,TT,CC,NN,TT,GG,AA,TT,CC,AA,CC,GG,GG,GG,CC,GG,CC,TT,CT,AA,TT,AA,GG,CT,TT,CC,CC,GG,AA,AG,GG,CC,TT,AA,AA,GT,AA,AA,TT,TT,AG,CT,AT,CT,GT,TT,GT,AA,GG,CC,AA,AA,AC,AT,GG,NN,TT,GG,GT,GT,CC,AA,NN,AA,AT,CC,TT,AC,TT,CC,AT,TT,GG,TT,CC,GG,CC,CC,CG,AG,AA,TT,TT,CC,AA,AA,AC,CT,NN,TT,CC,GT,AA,AC,TT,CC,AG,CC,GG,CC,GG,CT,AA,CT,CC,CC,CC,AA,TT,AC,AA,CC,CT,AA,TT,AA,AA,GG,CC,CC,GG,AA,GG,AA,CC,GG,CC,CC,AG,AG,AG,TT,GG,AA,TT,CT,GG,CC,GT,TT,TT,CC,AA,TT,TT,AA,TT,GG,CC,AA,CT,CC,CC,GG,AC,AA,GG,AG,CC,TT,CC,GT,GT,GG,TT,AA,AA,TT,AC,GG,AA,CC,CG,CG,GG,AC,GG,TT,AA,AA,CG,GG,AA,AC,AA,AA,GG,TT,AT,AT,GG,TT,AT,CG,AT,TT,AA,AG,AA,CT,AA,TT,CC,NN,AA,CC,CT,CG,AG,CC,NN,CC,TT,TT,NN,GG,NN,AA,AC,AA,GG,CC,NN,GG,CG,GG,AA,AG,CC,TT,GG,CC,CG,NN,GG,CC,AA,CG,AA,AA,AC,CC,CC,TT,AA,GG,AA,AA,AA,AA,AG,GG,AG,AG,TT,NN,AA,AA,AC,AC,TT,AA,NN,GG,GG,NN,TT,AT,AG,GT,TT,AT,AA,TT,GG,GG,AA,8.5,Moderate,High,Standard,Late
L0234,Mandya,Karnataka,Kharif,Red Loamy,Irrigated (Cauvery command),780,27.0,72,AA,TT,GG,AG,CG,CC,GG,TT,CC,GG,AA,CC,CG,TT,TT,GG,CG,TT,TT,AA,CC,TT,GT,CC,TT,CT,TT,TT,GG,AA,TT,CC,AA,CC,GG,GG,GG,CC,GG,AC,TT,TT,AA,TT,AG,GG,TT,AT,CC,AC,GG,AT,AA,GG,CC,NN,AA,AA,GG,AA,GG,TT,AA,NN,TT,TT,CC,GG,TT,GG,AG,GG,CC,AA,AG,AA,AT,GG,GT,TT,GG,GG,GG,CC,AA,GG,AA,AA,CC,NN,AC,GT,CC,TT,GT,GG,CT,CC,TT,CC,CC,CC,GG,AA,AT,TT,CC,AA,AA,AA,CC,GG,TT,CC,TT,AA,AA,TT,CG,AG,CC,AG,CT,GT,TT,AA,CC,NN,CC,CC,AG,GT,CC,AA,CC,CT,AA,TT,AA,AA,GG,CT,CC,GG,AG,AG,AA,CC,GG,CC,CC,AA,GG,GG,GG,AG,AA,TT,CT,GG,NN,GT,GT,TT,CG,AA,GT,TT,NN,TT,GG,CC,AA,CT,CC,CC,GG,CC,AA,GG,AA,CC,TT,CC,GG,GT,CG,AT,AA,AG,TT,CC,CG,AA,AC,CC,GG,GG,AA,GG,TT,NN,AA,CG,GG,AA,CC,AA,AT,GT,GT,TT,AA,GG,GT,AA,CC,AT,TT,AA,GG,AA,CT,AA,TT,CC,TT,AA,CC,TT,CG,GG,CG,AG,CC,TT,CT,GT,GG,TT,AC,AC,AG,GG,CC,CC,CG,CC,GG,TT,AA,CG,GT,GG,CC,CC,AA,GG,CC,TT,CC,AA,AA,CC,CC,CC,TT,AA,GG,AA,AA,AC,AA,GG,AG,AG,AA,TT,CG,AA,AA,CC,AC,CC,AA,AA,GG,GG,GG,TT,AA,AA,TT,TT,TT,AA,AT,NN,GG,AA,6.85,Moderate,Low,Premium,Medium
L0235,Mandya,Karnataka,Kharif,Red Loamy,Irrigated (Cauvery command),780,27.0,72,AC,TT,AG,AA,GG,NN,GT,TT,CC,CC,AA,CC,CG,TT,TT,GG,CG,TT,AT,AA,CC,TT,GT,CC,TT,CT,TT,TT,GT,AA,CT,CC,AA,CC,AG,CG,GT,CG,GG,CC,TT,CT,AA,TT,AG,GG,TT,TT,CC,AC,GT,AA,AG,GG,CT,TT,AA,AA,GT,AC,NN,TT,AT,AG,CC,AT,CC,GG,TT,GT,AA,GG,CC,AA,AG,AC,AT,GG,TT,TT,GG,GT,GT,CC,AA,GG,NN,AA,CC,GT,AC,GT,CC,TT,GT,GG,TT,CC,TT,CC,CC,CG,GG,AA,TT,NN,CC,AA,AG,AA,CT,GG,TT,CC,TT,AA,AA,TT,CG,GG,CC,AG,CC,GG,TT,AA,CT,CC,CC,CC,AA,TT,CC,AA,CC,CC,AG,AT,AA,AA,GG,CC,CC,GG,AA,AA,AA,AC,GG,CC,CC,AA,AA,GG,TT,GG,AC,TT,CT,GG,CC,TT,GT,CT,CC,AA,TT,TT,AA,NN,CG,CC,NN,CC,CC,CC,CG,CC,AA,GG,AA,CC,TT,CG,GG,TT,CG,AA,AA,AG,TT,AC,GG,AA,AC,CC,GG,GG,AC,GG,TT,AA,AA,CC,GG,AT,AC,AA,AT,GG,TT,AT,AA,CG,TT,AA,CC,TT,GT,AA,GG,NN,TT,AA,TT,NN,CT,AA,CC,TT,GG,AA,CG,AA,AC,TT,TT,GT,GG,TT,AA,AC,AA,GT,CC,NN,GG,CC,GG,AT,AA,CG,TT,GG,CC,CC,NN,AG,GG,AT,CC,AA,AA,CC,CC,AA,TT,AA,GG,AA,AA,AC,AA,AA,GG,AA,AA,AT,GG,AA,AG,CC,AC,CC,AG,AG,GG,AG,GG,GT,AA,AG,TT,NN,TT,AA,AT,GG,GG,AA,5.7,Susceptible,Medium,Premium,Late
L0236,Mandya,Karnataka,Kharif,Red Loamy,Irrigated (Cauvery command),780,27.0,72,AC,TT,GG,AG,CG,CC,GG,TT,CC,NN,AA,CC,CG,TT,TT,GT,GG,TT,AT,AG,CC,TT,GT,TT,TT,CC,TT,TT,GG,AA,TT,CT,AA,CC,GG,CG,GG,CG,GG,CC,TT,TT,AA,TT,AA,GG,TT,TT,CC,AC,GG,AA,AA,GG,CC,TT,AA,AA,TT,AA,AA,TT,AT,AA,TT,TT,CC,GG,TT,GG,AA,GG,CC,AA,GG,AA,TT,GG,TT,NN,GG,GG,GG,CC,AT,GG,AA,AT,CG,GT,AC,TT,CT,TT,GT,GG,TT,CC,GT,CC,CC,CC,AA,NN,AT,TT,CC,AG,GG,AA,CC,GG,TT,CG,TT,AA,AA,AT,CC,GG,CG,GG,CC,GT,TT,GG,CC,CC,CC,CC,AA,GT,CC,AC,CC,CT,AA,AT,AG,AT,CG,CT,CC,GG,AG,AG,AT,CC,GG,CC,CC,AA,AA,GG,TT,GG,AC,TT,CT,GG,CC,TT,GT,TT,CC,AT,TT,TT,AA,AT,GG,CC,AG,CC,CC,CC,GG,CC,AA,GG,AA,CC,TT,CC,TT,GT,GG,TT,AA,AA,TT,CC,GG,AC,CC,CC,GG,GG,AC,GG,CT,AC,AA,CG,GG,AA,CC,AA,AA,GT,TT,TT,AT,CC,GT,AT,CG,TT,TT,AA,GG,AA,TT,AC,AT,CC,TT,AA,CC,TT,GG,GG,NN,AG,CC,TT,CT,TT,GG,TT,AA,AC,AA,GG,CC,CG,GG,CC,GG,AT,AA,CC,GT,GG,CC,CC,AA,GG,CG,AA,CC,AA,AA,CC,CG,CC,TT,AA,GG,AA,AA,AC,AC,AG,AG,AA,AA,TT,GG,AA,AA,AC,AA,CT,AA,AA,GG,GG,GG,TT,AT,AA,TT,TT,TT,AA,AT,GG,GG,AA,4.91,Moderate,Low,Premium,Early
L0237,Mandya,Karnataka,Kharif,Red Loamy,Irrigated (Cauvery command),780,27.0,72,AC,TT,GG,AG,GG,CC,GG,TT,CC,CG,AA,CC,CG,TT,TT,GG,GG,TT,TT,AG,CC,GT,GT,CC,TT,CC,TT,AT,GG,AA,TT,CT,AA,CC,GG,GG,GT,CC,GG,CC,TT,TT,AA,TT,AA,GG,TT,AA,CC,CC,GT,AA,AA,GG,CC,GT,AA,AA,GG,AC,AA,TT,TT,AG,CT,AA,CC,GG,TT,GT,AG,GG,CC,AA,AG,AA,AA,GG,TT,TT,GG,GG,GG,CC,AT,GG,AA,AA,CC,GG,CC,TT,CT,TT,TT,GG,CT,CC,GT,CC,CT,CG,GG,AA,TT,TT,CC,AA,GG,AC,CT,GG,GT,CC,GT,AC,AA,TT,CG,AG,CC,GG,CC,GG,TT,AA,CC,CC,CC,CC,AA,TT,CC,AA,CC,CC,AA,AT,AA,AA,GG,CC,CC,GG,AG,GG,AA,NN,GG,CC,CG,AA,AG,GG,TT,GG,AA,TT,CC,AG,CC,TT,GT,TT,GG,AT,NN,TT,AA,TT,GG,CC,AA,CT,CC,CC,CG,CC,AA,GG,AG,CC,TT,CC,GG,GT,GG,AT,AA,AA,TT,CC,CG,AA,CC,CC,GG,AG,AA,GG,TT,AA,AA,CG,GG,AA,AC,AT,AA,GG,TT,TT,AA,GG,TT,AA,CC,TT,GT,AA,GG,AA,CT,AA,TT,CC,TT,AA,CC,TT,CG,GG,CC,GG,CC,TT,CC,GT,CG,TT,AC,CC,AA,GT,NN,CG,GG,CC,GG,AT,AA,CC,GT,GG,CC,CG,AT,GG,CC,AT,CC,AA,AA,CC,CG,AC,TT,AA,GG,AA,AC,AA,AA,AG,GG,AA,AA,TT,GG,AA,AA,CC,AA,CT,AG,AA,GG,GG,GG,TT,AT,AA,GT,TT,TT,AA,TT,GG,GG,AA,8.22,Moderate,Medium,Premium,Late
L0238,Mandya,Karnataka,Kharif,Red Loamy,Irrigated (Cauvery command),780,27.0,72,AC,TT,GG,AG,GG,CC,GG,TT,CC,CG,AA,CC,CG,AT,TT,GG,GG,TT,TT,AG,CC,GT,GT,CC,TT,CC,TT,TT,GT,AA,TT,CC,AA,CC,AG,CG,GG,CG,GG,CC,TT,TT,AA,TT,AG,GG,TT,TT,CC,AC,GG,AT,AG,GG,CC,TT,AA,AC,GT,AA,AA,TT,TT,AA,TT,AT,CC,GG,TT,GG,AA,GT,CC,AA,GG,CC,AT,GG,TT,TT,AG,GG,GG,CC,AA,AG,AG,AA,CC,GT,CC,TT,CC,TT,GT,GG,NN,CC,TT,CC,TT,CC,AG,AA,AT,TT,CC,AA,AG,AA,CT,GG,TT,CG,GG,AA,AA,TT,NN,AG,CC,GG,CC,GT,TT,AA,CC,CC,CC,CC,AA,TT,AC,AA,CC,CC,AA,TT,AA,AA,GG,CC,CG,GG,AA,GG,AA,CC,NN,CC,CC,AG,AA,AA,TT,GG,AC,NN,CT,GG,CC,TT,GT,TT,CC,AT,GT,TT,AT,AT,GG,CC,AG,TT,CC,CC,CG,AC,AA,GG,AG,CC,TT,CC,GG,TT,GG,TT,AA,AA,TT,CC,GG,AA,CC,CC,GG,GG,AC,GG,TT,CC,AA,CC,TT,AT,CC,AA,AT,GG,TT,TT,AA,CG,GT,TT,CC,AT,GG,AA,GG,AA,TT,AC,TT,CC,TT,AA,CC,TT,CG,AA,CC,AG,CC,TT,TT,TT,GG,TT,AC,CC,AA,GG,CC,CC,GG,CC,GG,TT,AA,CG,GT,GG,CC,CC,AA,GG,CC,AT,CC,AA,AA,AC,CG,CC,TT,AG,CG,AA,AA,AA,AA,AA,AA,AA,AA,AT,GG,AC,AG,AC,AC,TT,AA,AA,GG,GG,GG,TT,AT,AG,TT,TT,TT,AG,AT,GG,GG,AA,7.23,Susceptible,High,Premium,Medium
L0239,Mandya,Karnataka,Kharif,Red Loamy,Irrigated (Cauvery command),780,27.0,72,AC,CT,GG,AA,GG,CC,GG,AT,CC,CG,AA,CT,CC,TT,GT,GG,CC,TT,TT,AG,CC,TT,GT,CT,TT,CC,TT,TT,GT,AA,TT,CT,AA,CC,GG,CG,GG,CC,GG,CC,TT,CT,AA,GT,AA,AA,CT,TT,CC,CC,GG,AA,AA,NN,CT,TT,AA,AC,GT,AA,AA,TT,AA,AA,TT,TT,CC,GG,CC,TT,AG,GG,CC,NN,GG,CC,AT,GG,TT,TT,GG,GG,TT,CC,AA,GG,AA,AA,CC,TT,CC,TT,CC,AT,TT,NN,TT,AC,GT,CC,CC,GG,GG,AA,AT,TT,CC,AA,AA,AA,CC,GG,TT,CC,GT,AA,AA,TT,CC,AG,CC,GG,CC,GT,CC,AA,CC,CC,AC,CC,AA,TT,CC,AA,CC,CT,AA,TT,AA,AA,GG,TT,CC,GG,AA,GG,AT,CC,GG,CG,CC,AA,AA,GG,TT,AG,AA,TT,CT,GG,CC,TT,TT,TT,CC,AT,GT,TT,AA,AT,GG,CC,AA,CC,CC,AC,GG,CC,AA,GG,AG,CC,TT,CC,GG,GT,GG,TT,AA,AA,TT,CC,GG,AA,CC,CC,GG,GG,AA,GG,TT,AA,AG,CC,GG,AA,NN,AA,AA,GG,TT,AT,AT,GG,GG,TT,CC,AT,GG,AA,GG,AA,CT,AA,TT,CC,TT,AA,CC,TT,CG,AA,CC,AA,CC,AT,CT,TT,GG,TT,AA,AC,AG,GG,CC,GG,GG,CC,GT,AT,AA,CC,TT,AG,CC,CG,AA,GG,CC,AA,CC,AA,AG,AC,GG,AC,TT,AA,GG,AA,AA,AC,AC,GG,AG,AA,AA,TT,GG,AA,AG,AC,CC,TT,AA,AG,GG,GG,GG,TT,AT,AG,GT,TT,TT,AA,AA,GG,GG,AC,3.24,Resistant,Low,Poor,Medium
L0240,Mandya,Karnataka,Kharif,Red Loamy,Irrigated (Cauvery command),780,27.0,72,AC,TT,GG,AG,GG,CC,NN,AT,CC,CG,AT,TT,CG,AT,TT,GG,GG,TT,TT,AA,CC,TT,TT,CT,AT,CC,TT,AT,GG,AC,TT,CT,AA,CC,GG,CG,GG,CC,GG,CC,TT,TT,AA,GT,AA,GG,TT,TT,CC,AA,GG,AA,AA,GG,CC,TT,AA,AC,GG,AA,AA,TT,TT,GG,CT,TT,CC,GG,TT,GG,AG,GG,AC,AA,GG,AC,AT,GG,TT,TT,GG,GT,GG,CC,AT,GG,AA,AA,CG,TT,CC,TT,CC,TT,TT,GG,CT,CC,GT,CT,CC,CC,GG,AA,AT,TT,CC,AA,AG,AC,CC,GG,TT,CC,GT,AC,AA,TT,CC,AA,CC,GG,CC,GT,TT,AA,CC,CC,CC,CC,AG,TT,AC,AA,CC,CT,AA,TT,AG,AA,GG,CC,NN,GG,AA,AG,AA,CC,GT,CC,CC,AA,AA,GG,GT,GG,AA,GT,CC,GG,CC,TT,TT,TT,CC,AT,GG,CT,AT,TT,GG,CC,AA,CT,CC,CC,GG,CC,AA,GG,AA,CC,TT,CG,GG,TT,CG,AT,AA,AA,GT,CC,CG,AA,CC,CC,GG,GG,AC,GG,TT,AA,AA,CC,GG,AT,CC,AA,AA,GG,TT,AT,NN,CG,GG,TT,CC,AT,GT,AA,GG,AA,TT,AA,TT,CC,TT,AC,CC,CT,GG,AA,CC,AG,CC,TT,TT,GT,GG,TT,AA,CC,AA,GG,CC,CG,CG,CC,GG,TT,AA,CC,GT,GG,CC,CG,AT,GG,CG,AT,CG,AA,AA,CC,CG,AC,TT,AA,GG,AT,AA,AA,AA,AA,GG,AG,AA,TT,GG,AA,AG,AC,AA,CC,AA,NN,GG,GG,GG,TT,AA,AG,TT,TT,TT,AG,TT,GG,GG,AA,8.14,Susceptible,High,Premium,Early
L0241,Mandya,Karnataka,Kharif,Red Loamy,Irrigated (Cauvery command),780,27.0,72,AA,TT,GG,AA,GG,CC,GG,AT,CC,CC,AA,CC,CC,TT,TT,GG,GG,TT,AT,AA,CG,TT,GT,CC,TT,CC,TT,TT,GG,AA,TT,TT,AA,CC,GG,GG,GG,GG,GG,AC,TT,CT,AA,TT,AG,AG,TT,TT,CG,AA,GG,AA,AA,CG,CC,TT,AA,AC,GT,AA,AA,TT,TT,AA,TT,AT,CC,GG,TT,GT,AG,GG,CC,AA,GG,AC,AT,GG,TT,TT,GG,GG,GG,CC,AA,GG,AA,AT,CC,GG,CC,TT,CC,AT,GT,AG,CT,CC,TT,CC,CT,CC,AG,AA,TT,TT,CC,AA,AA,AA,CC,GG,TT,CC,NN,AC,AA,TT,GG,GG,CG,GG,CT,GT,TT,AA,CC,CC,CC,CG,AA,TT,CC,AA,CC,CT,AG,AT,AG,AA,GG,TT,CC,GG,AA,AA,AA,CC,GG,CC,CG,AA,GG,AG,TT,GG,AC,GT,CT,GG,CC,GT,TT,TT,CC,AA,TT,TT,AA,TT,GG,CC,AA,CT,CC,CC,GG,CC,AA,GG,AA,CC,TT,CC,GG,GT,CG,TT,AA,AA,TT,CC,GG,CC,CC,CC,GG,GG,AA,GG,TT,AC,AA,CC,GG,AT,CC,AA,AT,GT,TT,AT,AT,CG,GG,NN,CC,TT,TT,AA,GG,AG,CT,AA,TT,CC,TT,AA,CC,TT,GG,AA,CC,GG,CC,TT,TT,TT,GG,TT,AC,AC,AA,GG,CC,CC,GG,CG,GG,TT,AA,CC,TT,AG,GG,CC,NN,GG,CC,AT,CG,AA,AA,AC,CC,CC,TT,AA,GG,AA,AA,CC,AA,AG,AG,AA,AA,NN,GG,AC,GG,NN,AA,CT,AA,AA,GG,AG,GG,TT,AA,AG,TT,NN,AT,GG,AT,CG,GG,AA,8.92,Susceptible,High,Poor,Late
L0242,Mandya,Karnataka,Kharif,Red Loamy,Irrigated (Cauvery command),780,27.0,72,AC,TT,GG,AA,GG,CG,GG,TT,CC,CG,AT,CC,CG,TT,GT,GT,GG,TT,TT,AA,CC,TT,GT,CC,TT,CC,TT,TT,GG,AA,TT,CC,AA,AC,GG,GG,GG,CG,GG,CC,TT,TT,AA,TT,AA,AG,TT,TT,CC,AC,GG,AT,AG,GG,CC,TT,AA,AA,GG,AA,AA,TT,AT,GG,CT,TT,CC,GG,TT,GT,AA,GG,CC,AA,AG,AA,AT,GG,GT,TT,GG,GG,GG,CC,AA,GG,AA,AA,CC,GG,CC,TT,TT,TT,TT,GG,CT,CC,TT,CC,CT,CC,AG,AA,TT,GT,CC,AA,AG,AA,CC,GG,TT,CC,TT,AA,AC,TT,CG,GG,CC,AA,CC,GG,TT,AA,CC,CC,CC,NN,AA,GT,CC,AA,CC,CC,AA,TT,AA,AA,GG,CC,CC,GG,AA,GG,AA,AC,GG,CC,CC,AG,AA,GG,TT,GG,AA,TT,CT,AG,CC,TT,TT,CT,CC,AA,GT,TT,AA,AT,GG,CC,AA,CC,CC,AC,GG,CC,AA,GG,AG,CC,TT,CC,GT,GT,GG,AT,AA,AA,TT,NN,GG,AA,AC,CG,GG,GG,CC,GG,TT,AC,AA,CC,GT,AA,AA,AA,AA,GG,TT,AT,AT,GG,GT,AA,CG,AT,GT,AA,GG,AG,CT,AA,NN,CC,CT,AA,CC,NN,GG,AA,CC,AG,AC,AT,NN,TT,GG,TT,AA,AA,AA,GG,CC,CG,GG,CC,GG,AT,AA,CC,TT,GG,CC,CG,AA,GG,CC,AA,CC,AA,AA,NN,CC,CC,TT,AA,GG,AA,AA,AC,AC,AG,AA,AG,AA,TT,CG,CC,AG,AA,AC,CT,AA,AA,GG,GG,GG,TT,AA,AA,TT,TT,TT,AG,AT,GG,GG,AA,5.75,Susceptible,Low,Standard,Early
L0243,Mandya,Karnataka,Kharif,Red Loamy,Irrigated (Cauvery command),780,27.0,72,AC,TT,GG,AG,GG,CC,GG,TT,CC,CG,TT,CC,CC,TT,TT,GG,CG,TT,TT,AG,CC,TT,TT,CT,TT,CC,TT,TT,GG,AA,TT,CC,AA,CC,GG,CG,GG,CC,GT,CC,TT,TT,AA,TT,AA,GG,CT,AT,NN,AA,GT,AT,AA,GG,CC,TT,AA,CC,GT,AA,AA,TT,TT,AG,TT,TT,CC,GG,TT,GT,AA,GG,CC,AA,GG,AC,TT,GG,TT,TT,NN,GG,GG,CC,AA,GG,AG,AA,CC,TT,AC,TT,CC,TT,TT,GG,TT,CC,TT,CC,CT,CC,GG,AG,AT,TT,CC,AG,AG,AA,CC,GG,GT,CG,TT,AA,AA,TT,CG,GG,CC,GG,CT,GT,TT,AG,CC,CC,AC,CC,AA,TT,CC,AA,AC,CC,AA,AT,AA,AA,GG,CC,CC,GG,AA,AG,AA,CC,GG,CC,CC,AG,AG,GG,GT,GG,AA,TT,TT,AG,AC,GT,GT,CC,CC,AA,GT,TT,AT,NN,GG,CC,AG,CC,CC,CC,CG,AC,AA,GG,AA,CC,TT,CG,GT,GT,CG,TT,AA,AG,TT,CC,GG,AA,AC,CC,GG,GG,AC,CG,TT,AA,AA,NN,GG,AA,AC,AA,AA,GG,TT,TT,AT,CG,GT,AT,CC,AA,GT,AA,GG,AA,TT,AA,TT,CC,CT,AC,CC,CT,GG,AA,CC,AG,CC,TT,TT,TT,GG,AT,AA,CC,AG,GG,CC,CG,GG,CG,GG,AT,AG,CC,TT,GG,CG,CC,AA,GG,GG,AT,CC,AA,AA,CC,CC,CC,AT,AA,GG,AA,AA,AC,AC,GG,AA,AG,AA,TT,CG,AC,AG,AA,AA,CT,NN,AA,CG,GG,GG,TT,AA,AA,GT,TT,TT,AG,AT,GG,GG,AA,5.79,Susceptible,Medium,Premium,Late
L0244,Mandya,Karnataka,Kharif,Red Loamy,Irrigated (Cauvery command),780,27.0,72,AA,TT,GG,AG,GG,CC,GG,TT,CC,CC,AA,CT,CG,AT,TT,GT,GG,TT,TT,AA,CC,GT,GT,CC,TT,CC,TT,TT,GT,AA,CT,NN,AA,CC,GG,GG,GG,CC,GG,AC,GT,TT,AC,TT,AA,GG,TT,AT,CC,AC,GG,AT,AA,GG,CT,GT,AA,AC,GT,AC,AG,TT,TT,AA,TT,TT,CT,GG,TT,GG,AG,GG,CC,AA,AA,AA,AA,GG,TT,TT,GG,GG,GG,CC,AA,GG,AA,AT,CC,TT,CC,TT,CT,TT,TT,GG,CT,CC,TT,CC,CT,CC,AG,AA,TT,TT,CC,AA,AG,AC,CT,GG,TT,CG,TT,CC,AA,TT,CC,NN,CG,GG,CC,NN,TT,AG,CC,CC,CC,CC,AA,TT,AC,AA,CC,CC,AA,TT,AA,AA,GG,CC,CC,GG,AA,AG,AA,CC,GG,CC,CG,AA,AA,GG,TT,GG,AC,TT,CT,GG,CC,GT,TT,CT,CC,TT,GT,TT,AT,TT,GG,CC,AA,TT,CC,CC,CG,CC,AA,GG,GG,AC,TT,CC,GT,TT,GG,AT,AA,AG,TT,CC,CG,AA,AC,CC,GG,GG,CC,GG,TT,AA,AA,CC,GT,AT,CC,TT,AA,GG,GT,AA,AT,GG,GG,AA,CC,AT,GT,AA,GG,NN,TT,AA,TT,CC,TT,AA,AC,TT,GG,AG,CC,AG,CC,TT,CT,GT,GG,TT,AA,AC,AG,GG,CC,CC,GG,CC,GG,AT,AA,CC,NN,AG,CC,CC,AA,AG,CC,AT,CC,AT,AA,CC,CG,AC,TT,AA,GG,AA,AA,AC,AC,AA,AG,AA,AA,TT,CG,AC,AA,AC,AC,TT,AG,AA,GG,GG,CG,TT,AT,AA,GT,TT,TT,AA,TT,GG,GG,AA,7.99,Resistant,High,Premium,Early
L0245,Mandya,Karnataka,Kharif,Red Loamy,Irrigated (Cauvery command),780,27.0,72,AA,TT,GG,AA,GG,CC,GT,AT,CC,GG,AA,CC,CG,TT,TT,GG,CG,AT,TT,AA,CC,TT,TT,CC,TT,CC,TT,TT,GG,AA,CT,CT,AG,CC,GG,GG,GG,CG,GG,CC,TT,CT,AA,GT,AA,NN,TT,TT,CC,AC,GT,AT,AA,GG,CT,GG,AA,AC,GG,AC,AA,GT,TT,AG,TT,AT,CC,GG,NN,GT,AA,GG,CC,AA,AG,AA,AT,GG,TT,NN,AG,GG,GG,CC,AT,GG,AG,AT,CG,TT,AC,TT,CC,AT,GT,GG,CT,CC,GT,CC,CT,CC,AG,AA,AT,TT,CC,AG,AA,AA,CT,GG,TT,CC,TT,AA,AA,TT,CC,GG,CG,GG,CC,GG,TT,AA,CT,CC,CC,CC,AA,TT,CC,AA,CC,CT,AG,TT,AG,NN,GG,CT,CG,NN,AA,AG,AA,CC,GG,CC,CC,AA,AG,GG,TT,GG,AC,GT,TT,AG,AC,TT,TT,CT,CG,AA,GT,TT,AT,TT,GG,CC,AG,CC,CC,CC,GG,CC,AA,GG,NN,CC,TT,CC,GT,TT,GG,AT,AA,AA,TT,CC,CG,AA,CC,CC,GG,GG,AA,GG,TT,AA,AA,CC,GG,AA,CC,AA,AT,GG,TT,AT,AA,GG,NN,AA,CC,AA,TT,AT,GG,AA,CT,AA,TT,CC,CT,AC,AC,CT,GG,AG,CC,GG,CC,TT,TT,GT,NN,TT,AC,AA,AG,GG,CC,CC,CG,CC,GG,AT,GG,CG,GT,GG,CC,GG,AA,AA,CC,TT,CC,AA,AA,AC,GG,CC,TT,AA,GG,AA,AC,AA,AA,GG,AG,AA,AA,TT,GG,AC,AG,AC,AA,CC,AA,AA,GG,GG,GG,TT,AA,AA,GG,TT,TT,AA,TT,GG,GG,AA,8.03,Susceptible,Medium,Standard,Late
L0246,Mandya,Karnataka,Kharif,Red Loamy,Irrigated (Cauvery command),780,27.0,72,AA,CC,GG,GG,GG,CC,GG,TT,CC,CG,AA,CT,NN,TT,TT,GT,GG,TT,AT,AG,CC,TT,GT,CT,TT,CC,GT,TT,GG,AA,TT,CT,AA,CC,GG,GG,GG,GG,GG,CC,GT,TT,AA,GT,AA,AG,TT,AT,CC,AC,GG,AA,AA,GG,CT,TT,AA,AA,TT,AC,AA,TT,TT,GG,CT,TT,CC,GG,TT,GT,AG,GG,AC,AG,AG,AC,AA,GG,TT,TT,GG,GG,GG,CC,AA,GG,AA,AT,CC,TT,CC,GT,NN,TT,TT,GG,TT,CC,TT,CC,CT,CC,AA,AA,TT,TT,CG,AA,AG,AA,TT,GG,TT,CC,TT,AA,AA,TT,CG,GG,CG,GG,CC,GT,TT,AG,CT,CC,CC,CC,AA,TT,CC,AA,CC,CC,AA,AT,AA,AA,GG,CC,CC,GG,AG,AA,AA,CC,GT,CC,CC,AA,AG,GG,TT,GG,CC,GG,NN,AG,AA,GT,TT,TT,CC,AA,GT,CT,AA,TT,GG,CC,AG,CT,CC,CC,CG,AC,AA,GG,AA,CC,TT,CG,TT,TT,GG,AA,AA,AG,TT,CC,GG,AC,AC,CC,GG,GG,AC,GG,TT,AC,AA,CC,GG,AA,AC,AA,AA,GG,TT,AT,AA,CG,TT,AT,CG,TT,GG,AA,GG,AA,NN,AA,TT,CC,CC,AA,CC,CC,CG,AA,CC,GG,CC,TT,TT,TT,GG,TT,AA,CC,AA,GG,CC,CC,GG,CC,GG,AT,AA,CG,TT,GG,CC,GG,AA,GG,CC,AT,CC,AA,AA,CC,CG,AC,TT,AA,GG,AA,AC,AA,AA,GG,AA,AA,AA,TT,GG,AA,AG,AC,AC,TT,AA,AA,GG,NN,GG,TT,AA,AA,TT,TT,TT,AG,TT,GG,GG,AA,6.05,Resistant,Medium,Poor,Medium
L0247,Mandya,Karnataka,Kharif,Red Loamy,Irrigated (Cauvery command),780,27.0,72,AC,TT,GG,AA,GG,CC,NN,TT,CC,GG,AA,CC,CC,AT,TT,GG,GG,TT,TT,AA,CC,TT,GT,CC,TT,CC,TT,TT,GG,AA,TT,CT,AA,CC,GG,GG,GG,CC,GG,CC,TT,TT,AC,TT,AA,AG,TT,TT,CC,CC,GG,AA,AG,GG,CT,TT,AA,AC,GT,AA,AA,TT,AT,NN,TT,TT,CC,GG,TT,GT,AA,GG,CC,AA,GG,AA,AA,GG,TT,TT,GG,GT,GT,CC,AA,GG,AA,AA,CC,TT,CC,TT,CC,TT,NN,GG,TT,CC,GT,CC,CC,CG,AG,AA,TT,TT,CC,AA,AG,AA,CT,GG,TT,NN,TT,AA,AA,TT,CC,GG,CC,AG,CT,GG,TT,AA,CC,CC,CC,CC,AA,TT,CC,AA,CC,CC,AA,AT,AA,AA,GG,CC,CC,GG,AG,AA,AT,CC,NN,CC,CC,AA,AA,GG,TT,AG,AA,TT,TT,GG,CC,GG,TT,TT,CG,AT,GT,TT,AA,TT,CG,CC,AA,CT,CC,CC,GG,CC,AA,GG,GG,CC,TT,CC,GG,TT,GG,TT,AA,AA,NN,CC,CC,AA,CC,CC,GG,GG,AC,GG,TT,AA,AA,CC,GG,AA,AC,AA,AT,TT,GT,TT,AA,GG,GG,AA,CC,AT,TT,AA,GG,AA,CT,AA,TT,CG,TT,AC,CC,TT,GG,AG,CC,AG,CC,NN,TT,TT,GG,TT,AA,AC,AG,GG,CC,CG,GG,CC,NN,NN,AA,CC,TT,GG,CC,CC,AA,AG,CC,AT,CC,AA,AA,AC,CC,CC,TT,AA,GG,AA,AC,AA,AA,GG,AG,AA,AA,TT,GG,AC,AA,AC,AC,CT,AA,AA,GG,GG,GG,TT,AT,AG,TT,TT,TT,AA,AT,GG,GG,AA,4.97,Moderate,Medium,Standard,Early
L0248,Mandya,Karnataka,Kharif,Red Loamy,Irrigated (Cauvery command),780,27.0,72,AA,CT,GG,AG,GG,CC,GT,TT,CC,CG,AA,CC,CG,AT,TT,GG,GG,TT,TT,AG,CC,TT,TT,CC,TT,CC,TT,TT,GT,AA,TT,CC,AA,CC,AG,GG,GG,CC,GG,CC,TT,TT,AA,GT,GG,GG,TT,TT,CC,CC,GG,AA,AG,GG,CT,TT,AA,AC,GG,AA,AA,TT,AA,AA,TT,TT,CC,GG,TT,GT,AG,GG,CC,AA,GG,AA,AT,GG,TT,TT,GG,GG,GG,CC,AT,GG,AA,AA,CC,GG,CC,TT,CC,AT,TT,GG,CT,AC,TT,CC,CC,CG,GG,AA,TT,TT,CG,AA,GG,AA,TT,GG,TT,CC,TT,AA,NN,TT,GG,GG,CC,GG,CC,GG,TT,AA,CT,CC,CC,CC,AA,GT,CC,AA,CC,CC,AG,TT,AA,AA,GG,CT,CC,GG,AA,AG,AA,CC,GG,CC,CC,AA,NN,GG,GT,AG,AA,TT,TT,GG,AC,GT,TT,TT,CC,AA,GT,TT,AT,TT,GG,CC,AG,CC,CC,CC,GG,CC,AA,NN,AA,CC,TT,CC,GG,GT,GG,AT,AA,AA,TT,CC,CG,AA,CC,CC,GG,GG,AC,GG,NN,AA,AA,CC,GG,AA,CC,AA,AA,GT,GT,TT,AT,CG,GT,AT,CC,AT,TT,AA,GG,AA,CT,AA,NN,CC,TT,AA,CC,TT,GG,AA,CC,AG,AC,TT,TT,TT,GG,AT,AA,AA,AA,GG,NN,CC,GG,CC,GG,AT,AA,CC,TT,GG,CC,NN,AT,GG,CC,AT,CC,AA,AG,CC,CC,CC,TT,AA,GG,AA,AC,AC,AA,GG,AG,AA,AA,AT,GG,AC,AA,CC,AC,CT,AA,AA,GG,AG,GG,TT,AT,AA,TT,TT,TT,AA,TT,GG,CG,AA,5.49,Moderate,Low,Standard,Early
L0249,Mandya,Karnataka,Kharif,Red Loamy,Irrigated (Cauvery command),780,27.0,72,AA,TT,GG,GG,GG,CC,GG,AT,CC,CG,AA,CT,CC,TT,TT,GT,GG,TT,TT,AG,CC,TT,TT,CC,TT,CC,TT,TT,GG,AA,TT,CC,AA,CC,GG,GG,GG,CG,GG,AC,TT,CC,AA,TT,AG,GG,TT,TT,CC,AC,GG,AT,AG,GG,CT,GT,AA,AA,GT,AC,AA,TT,TT,AG,TT,AT,CC,GG,TT,GT,AA,GT,CC,AA,AG,AA,AT,GG,GT,TT,GG,GG,GG,CC,AA,GG,AA,AT,CC,TT,CC,TT,NN,TT,NN,GG,TT,CC,GT,CC,TT,CC,GG,GG,AT,TT,CC,AA,AG,AA,CC,NN,TT,CC,TT,AA,AA,TT,CC,AG,CC,GG,CC,GG,TT,AG,CC,CC,CC,CC,AA,GT,CC,AA,CC,CT,AA,TT,AG,AA,GG,CC,NN,GG,AA,AA,AT,CC,GG,CC,CG,AA,AA,GG,TT,GG,AC,GT,TT,GG,CC,GT,GT,CC,CC,AT,TT,TT,AT,TT,GG,CG,AG,CC,AC,CC,CG,CC,AA,GG,AG,CC,TT,CC,GT,TT,GG,AT,AA,AA,TT,CC,GG,AC,AA,CC,GG,GG,AC,GG,TT,AA,AA,CC,GG,AT,CC,AA,AA,GG,TT,AT,TT,GG,TT,AA,CC,TT,GT,AA,GG,AA,CT,AC,TT,CC,CT,AA,CC,TT,CG,AA,CC,AA,CC,TT,CC,TT,GG,TT,AC,CC,AG,GG,CC,GG,GG,CC,GG,TT,AA,CC,GT,GG,CC,CG,AA,AG,CC,AA,CG,AT,AA,CC,CC,AC,TT,AA,GG,AA,AA,AA,CC,AA,AG,AA,AA,TT,CG,NN,AG,CC,AA,CC,AA,AA,GG,GG,GG,GT,AA,AG,TT,NN,AT,AG,TT,GG,CG,AA,7.47,Susceptible,Medium,Premium,Early
L0250,Mandya,Karnataka,Kharif,Red Loamy,Irrigated (Cauvery command),780,27.0,72,AC,TT,GG,AG,GG,CC,GG,AT,CC,GG,AA,CC,CC,AT,TT,GT,CG,TT,TT,NN,CC,GT,GT,CC,TT,CC,TT,TT,GG,AA,TT,CT,AA,AC,AG,GG,GT,CC,GG,CC,TT,TT,AA,TT,AG,GG,TT,TT,CC,CC,GT,AA,AA,GG,CC,TT,AT,AA,GT,AA,AA,GT,TT,AA,TT,TT,CC,GG,TT,GT,AG,TT,CC,AA,AG,AC,TT,GG,TT,TT,GG,GG,GG,CC,AT,AG,AA,AA,CC,TT,CC,TT,CT,TT,TT,AG,TT,CC,GT,CC,CC,CG,AA,AA,TT,TT,CC,NN,AG,AA,CT,GG,TT,CC,TT,AA,AA,TT,CC,AG,CC,GG,CC,GG,CC,AA,CC,CC,CC,CC,AA,TT,CC,AA,CC,CC,AA,TT,AA,AA,GG,CC,CC,GG,NN,AG,AT,CC,GT,CC,CG,AA,AG,GG,TT,GG,AC,GT,TT,GG,AA,GT,GT,NN,CC,AT,TT,TT,TT,TT,CG,CC,AG,CT,CC,CC,CG,AC,AA,GG,AG,CC,TT,CC,GT,TT,CG,TT,AA,AG,TT,CC,GG,AC,CC,CG,NN,AG,CC,GG,TT,AC,AA,CC,GG,AA,CC,AA,AA,GG,TT,AT,AT,NN,GT,AT,CG,TT,GG,AA,AG,AG,TT,AC,TT,CC,TT,AC,CC,CT,GG,AA,CG,AA,CC,TT,CT,GT,GG,TT,AA,CC,AA,GG,CC,CG,GG,CC,GG,AT,AA,CC,TT,AG,CC,CC,AA,GG,CC,AT,CC,AA,AA,CC,CC,AC,TT,AA,CG,AA,AA,CC,AA,GG,AA,AA,AA,TT,GG,AA,AA,AC,CC,CT,AA,AG,GG,GG,CG,GT,AA,AG,GT,TT,TT,AA,AT,GG,CG,AC,7.52,Resistant,Low,Poor,Early
L0251,Mandya,Karnataka,Kharif,Red Loamy,Irrigated (Cauvery command),780,27.0,72,CC,TT,AG,AG,GG,CC,GG,AT,CC,GG,AA,CC,CG,TT,TT,GT,CG,TT,TT,AA,CG,NN,TT,CC,TT,CC,GT,TT,GT,AA,TT,CC,AG,CC,GG,GG,NN,CG,GG,CC,TT,TT,AA,TT,AG,AG,TT,TT,CC,AA,GG,AA,AA,GG,CC,GT,AA,AA,GT,AC,AG,GT,TT,AA,TT,TT,CC,GG,TT,GT,AA,GG,CC,AA,GG,AA,AT,GG,TT,TT,GG,GG,GT,CC,AA,GG,AA,AA,CC,GG,AC,TT,CC,TT,TT,GG,TT,CC,TT,CC,CC,CC,GG,AA,TT,TT,CC,AA,AG,AA,CC,GG,TT,CG,TT,AA,AA,TT,CG,AG,CC,GG,CC,GG,CT,AA,CC,CC,CC,CC,AA,TT,CC,AA,CC,CC,AA,TT,AA,AA,GG,CC,CC,GG,AA,AG,AT,CC,GG,CC,CC,AA,AG,GG,TT,AG,AA,TT,CT,GG,AC,GG,TT,TT,CC,AA,TT,TT,AA,TT,CG,CC,AG,CC,AC,CC,GG,CC,AA,AG,AG,CC,TT,NN,GG,TT,NN,AT,AA,AA,TT,CC,CG,AC,CC,CC,GG,GG,AC,GG,TT,AA,AA,CC,GT,AA,CC,AT,AT,GT,TT,TT,AA,GG,GG,AA,CC,TT,TT,AA,GG,AA,TT,AA,TT,CG,TT,NN,CC,TT,CG,AA,CC,AG,CC,TT,CT,TT,GG,TT,AA,AA,AA,GG,CG,CG,CG,CC,GG,AT,AA,CG,TT,GG,CC,CC,AT,GG,CC,AA,CC,AA,AA,CC,CG,CC,TT,AA,GG,AA,AC,AA,AA,AG,AA,AA,AA,TT,GG,AA,AG,CC,AC,CT,AA,AG,GG,GG,CG,TT,AA,AA,GT,TT,TT,AG,TT,GG,CG,AC,5.55,Resistant,Low,Poor,Early
L0252,Mandya,Karnataka,Kharif,Red Loamy,Irrigated (Cauvery command),780,27.0,72,AA,TT,GG,AG,GG,CC,GT,TT,CC,GG,NN,CC,CG,TT,TT,GT,GG,TT,TT,AA,CG,TT,TT,CC,TT,CC,TT,TT,GT,AA,TT,CT,AA,CC,GG,GG,GG,CC,GG,CC,TT,CT,AC,TT,AA,AG,TT,TT,CC,CC,GT,AA,AA,GG,NN,TT,AA,AC,GT,AC,AG,TT,TT,AA,NN,TT,CC,GG,TT,GG,AA,GT,CC,AA,GG,AA,AT,GG,TT,TT,GG,GG,GG,CC,AA,GG,NN,AT,CC,TT,CC,TT,CC,TT,TT,GG,TT,CC,TT,CC,CC,CG,AA,AG,AT,TT,CC,AA,AG,NN,CC,GG,GT,CG,NN,NN,AA,TT,CC,GG,CC,GG,TT,GG,TT,AG,CC,CC,CC,CC,AA,TT,AC,AA,CC,CC,AA,TT,AA,AA,GG,CC,CC,GG,AG,AA,AA,CC,GG,CC,GG,AA,AA,AG,TT,GG,AA,TT,CT,GG,CC,GT,GT,TT,CC,AA,GG,TT,AA,AT,GG,CC,AA,CT,CC,CC,GG,CC,AA,GG,GG,CC,TT,CC,TT,GT,GG,TT,AA,AA,TT,CC,GG,AA,AC,CC,GG,AG,AC,GG,TT,AA,AA,CC,GG,AA,AC,AA,AT,GG,TT,TT,AA,GG,TT,AA,CC,TT,GG,AA,GG,AA,CT,AA,TT,CG,CT,AC,CC,CC,CC,GG,CC,AG,CC,TT,CT,GT,GG,TT,AC,CC,AG,GG,CC,CG,GG,CC,GG,AT,AA,CC,GT,GG,CC,CC,AA,AG,CC,TT,CG,AT,AA,CC,GG,AA,TT,AA,GG,AA,AA,AA,AA,AG,AA,AA,AA,AT,CG,AC,AA,AA,AA,TT,AA,AA,GG,AG,GG,TT,AA,AA,TT,TT,TT,AA,AT,GG,GG,AA,6.04,Susceptible,High,Standard,Early
L0253,Mandya,Karnataka,Kharif,Red Loamy,Irrigated (Cauvery command),780,27.0,72,CC,CT,GG,AG,GG,CC,GG,AT,CC,CG,AA,NN,CC,TT,TT,GG,GG,TT,TT,AG,CC,TT,GT,CC,TT,CC,TT,TT,GG,AA,TT,CT,AA,CC,GG,GG,GG,CC,GG,AC,TT,CT,AA,TT,AA,GG,TT,AT,CC,AC,GT,TT,AA,GG,CC,GT,AA,CC,GT,AA,AA,TT,AT,AG,CT,AT,CC,GG,TT,TT,AA,GG,CC,AA,GG,AA,AA,GG,TT,TT,GG,GG,GG,CC,AA,GG,AA,AA,CC,TT,CC,TT,CC,NN,GT,GG,TT,CC,TT,CC,TT,CC,GG,AA,AT,TT,CC,AA,AA,AA,CC,GG,TT,CC,TT,AC,AA,TT,CC,AG,CC,AG,CC,GT,CT,GG,CC,CC,CC,CC,AA,TT,CC,AA,CC,CC,AA,TT,AA,AA,CG,CC,CC,GG,AA,AG,AA,CC,GT,CC,CC,AA,GG,AG,TT,GG,AC,TT,CT,GG,CC,GG,TT,TT,CG,AA,TT,CT,AA,TT,GG,CC,AA,CC,CC,CC,GG,CC,AA,GG,AG,CC,TT,CC,GG,TT,GG,TT,AA,AG,TT,CC,CC,AA,AC,CC,GG,AG,AA,GG,TT,AC,AA,CC,GG,TT,AA,AA,AA,GG,TT,AT,AT,GG,GG,AT,CC,AT,GT,AA,GG,AA,TT,AA,TT,CG,TT,AA,CC,TT,GG,AA,CC,GG,CC,TT,TT,GT,GG,TT,AA,CC,AA,GG,CC,CG,GG,CC,GG,TT,AA,CC,GT,AG,CC,CC,AT,AG,CC,AT,CC,AA,AA,AC,CC,AC,TT,AA,GG,AA,AA,AA,AA,GG,AG,AA,AA,TT,GG,NN,AA,AC,AA,CT,AA,AA,GG,GG,GG,TT,AA,AA,TT,TT,TT,AA,TT,GG,GG,AA,7.67,Susceptible,Low,Premium,Late
L0254,Mandya,Karnataka,Kharif,Red Loamy,Irrigated (Cauvery command),780,27.0,72,AA,CT,AG,AG,GG,CC,GG,TT,CC,CG,NN,CC,GG,AT,TT,GG,GG,TT,TT,AA,CC,TT,TT,CT,TT,CC,TT,TT,GG,AA,TT,CT,AA,CC,GG,GG,GG,CG,GG,CC,TT,TT,AC,TT,AA,GG,TT,AT,CC,AC,GG,AA,AA,GG,CC,TT,AA,AA,TT,AA,AA,TT,TT,AA,TT,TT,CC,GG,TT,GT,AA,GG,AC,AA,AG,AA,AA,GG,TT,TT,GG,GG,GG,CC,AT,GG,AA,AA,CC,GT,AC,GT,CT,TT,TT,GG,TT,CC,TT,CT,CT,GG,AG,AA,TT,TT,CC,AA,AG,AC,CC,GT,TT,CC,TT,AC,AA,TT,CC,GG,CC,AG,CT,GG,CC,AA,CT,CC,AC,CC,AA,TT,AC,AA,CC,CC,AA,TT,AA,AA,GG,CC,CC,GG,AA,AG,AA,AC,GG,CC,CC,AA,AG,GG,TT,GG,AC,GT,CC,GG,CC,TT,GT,TT,NN,AA,GG,TT,TT,TT,CG,CC,AA,CT,CC,CC,GG,CC,AA,GG,AG,CC,TT,CC,GG,GT,GG,AT,AA,AG,TT,CC,GG,AA,CC,CC,GG,GG,AA,GG,TT,AC,AA,CC,GG,AA,AC,AA,AA,GG,TT,AA,AA,GG,GG,AT,CC,TT,TT,AA,GG,AA,CT,AA,TT,CC,CT,AC,CC,TT,GG,AA,CC,AG,CC,TT,CT,GT,GG,AT,AC,AC,AG,GG,CC,CC,GG,CC,GG,AT,AA,CG,GT,GG,CC,CG,AA,GG,CC,AA,CC,AA,AA,CC,GG,CC,TT,AA,GG,AA,AC,AA,AA,GG,NN,AA,AA,TT,GG,AC,AA,CC,NN,TT,AA,AA,GG,GG,CG,TT,AT,AA,TT,TT,TT,AG,AA,GG,CG,AA,8.18,Moderate,Medium,Premium,Early
L0255,Mandya,Karnataka,Kharif,Red Loamy,Irrigated (Cauvery command),780,27.0,72,CC,CT,GG,AG,GG,CG,GT,TT,CC,CC,AA,CT,CC,TT,GT,GG,CG,TT,NN,AA,CC,GT,GT,CC,TT,CC,TT,TT,TT,AA,CT,CT,AA,CC,GG,GG,GG,CC,GG,AC,TT,CC,AA,TT,AA,AG,TT,TT,CC,CC,GT,AA,AA,GG,CC,TT,AA,AA,GG,AA,AG,TT,TT,AG,TT,AT,CC,GT,TT,GG,AA,GG,CC,AA,GG,AC,AT,GG,TT,TT,GG,GT,GG,CC,AT,GG,AA,AA,CC,TT,CC,TT,CC,TT,TT,GG,NN,CC,GT,CC,CC,CG,AG,AA,TT,TT,CC,AG,AA,AA,TT,GG,GT,CC,GT,AA,AA,TT,CC,GG,CC,GG,CC,GT,TT,AG,CC,CG,CC,CC,AA,TT,CC,AA,CC,CC,AA,TT,AG,AA,CC,CC,CC,GG,AA,AA,AA,CC,GG,CC,CC,AA,AA,GG,TT,AG,AA,GT,CT,AG,CC,GG,TT,TT,CC,AA,TT,TT,AT,TT,GG,CC,AG,CC,CC,AC,GG,CC,AA,GG,GG,CC,TT,CC,GT,TT,GG,TT,AA,AA,TT,NN,GG,AA,CC,CC,CG,GG,AA,GG,NN,AC,AA,CC,GG,AA,CC,AA,AT,GG,TT,AT,AA,GG,GT,AT,CC,TT,GT,AA,GG,AA,CT,AA,TT,CC,CT,AC,CC,CC,GG,NN,CG,AG,CC,AT,TT,GT,GG,TT,AA,AC,AA,GT,CC,GG,GG,CC,GG,AA,AG,CC,GT,GG,CC,CC,AA,AG,CC,AT,CC,AA,AA,AC,CC,NN,TT,AA,GG,AA,AA,AC,AA,GG,AA,AA,AA,TT,GG,CC,AA,AC,AA,CT,AG,AA,GG,GG,CG,TT,AT,AA,TT,TT,TT,AG,AT,GG,GG,AC,5.97,Resistant,Low,Standard,Late
L0256,Mandya,Karnataka,Kharif,Red Loamy,Irrigated (Cauvery command),780,27.0,72,CC,TT,GG,AA,GG,CC,GT,TT,CC,CC,AT,CC,CG,AT,TT,GT,CC,TT,TT,GG,CC,GT,TT,CC,TT,CT,TT,TT,GG,AA,TT,CC,AA,CC,GG,GG,GG,CG,GG,CC,TT,CT,AC,TT,AA,AG,TT,AT,CC,CC,GT,AA,AA,GG,CT,TT,AA,AA,GT,AA,AA,TT,TT,AA,TT,AT,CC,GG,TT,GG,AA,GG,CC,AA,GG,AA,AA,GG,TT,TT,GG,GG,GG,CC,AA,GG,AA,AA,CC,TT,CC,NN,CT,TT,TT,GG,TT,NN,TT,CT,CC,CC,AG,AA,TT,TT,CC,AA,AG,AA,CT,GG,TT,CC,TT,AC,AA,TT,CC,GG,CC,GG,CC,GT,CT,AA,NN,CC,CC,CC,AA,TT,CC,AA,CC,CC,AA,AT,AA,AA,GG,CC,CC,GG,AA,GG,AT,CC,GT,CC,CG,AA,AA,AG,TT,AG,AC,TT,CC,GG,AC,GG,TT,CT,CC,AT,GT,CT,AA,TT,GG,CC,NN,NN,AC,CC,CG,CC,AA,GG,AG,CC,NN,CG,GG,TT,GG,TT,AA,AG,TT,CC,CG,AC,CC,CC,GG,GG,AA,CG,TT,AC,AA,CC,GT,AT,AA,AT,AT,GG,TT,TT,AT,GG,GG,AT,CC,TT,GT,AA,GG,AA,CT,AA,TT,CC,CT,AC,CC,CT,GG,AA,CC,AG,CC,TT,TT,GT,GG,TT,AA,CC,AA,GG,CC,CC,GG,CC,GG,AT,AG,CG,TT,GG,CC,CC,AA,GG,CG,AA,CC,AT,AA,CC,CC,AA,TT,AA,GG,AA,AA,AA,AA,AA,AG,AA,AA,TT,GG,CC,AG,CC,AC,CT,AA,AG,GG,GG,GG,GT,AT,AA,TT,TT,TT,GG,TT,GG,CG,AA,9.49,Susceptible,Low,Poor,Late
L0257,Mandya,Karnataka,Kharif,Red Loamy,Irrigated (Cauvery command),780,27.0,72,AA,CT,AG,NN,GG,CG,GG,TT,CG,GG,AA,CC,CG,AT,TT,GT,CG,TT,TT,AG,CC,GT,TT,CT,AT,CC,TT,TT,GG,AA,TT,CC,AA,CC,GG,CG,NN,CC,GT,AC,TT,CT,AA,TT,AA,GG,TT,TT,CC,AC,GG,NN,AG,GG,CC,GT,AA,AC,GG,AA,AA,TT,TT,AA,TT,AT,CC,GT,TT,GG,AG,GG,CC,AA,GG,NN,AT,AG,TT,TT,GG,GG,GG,CC,AT,GG,AA,AA,CC,TT,CC,TT,CT,TT,GG,GG,CT,CC,TT,CC,CC,CG,GG,AG,AT,TT,CC,AA,AG,AA,CC,GT,TT,CC,TT,AA,AA,TT,CC,GG,CG,GG,CC,GG,CT,AA,CT,CC,AC,CC,AA,GT,CC,AA,CC,CT,AA,TT,AA,AT,GG,CC,CC,GG,AG,AG,AA,AC,GT,CG,GG,AA,AA,GG,TT,AG,AA,GT,CC,AG,CC,TT,TT,TT,CG,AT,TT,TT,NN,TT,GG,CG,AA,CC,CC,CC,CG,CC,AA,GG,AA,CC,TT,CG,NN,TT,NN,TT,AA,AG,TT,CC,CC,AA,CC,CC,GG,GG,AC,GG,TT,AC,AA,CC,GG,AT,CC,AA,AA,GG,TT,AA,AT,GG,GT,AA,CG,AT,GT,AA,GG,AA,TT,AC,TT,CC,CT,NN,CC,CT,GG,NN,CC,AG,CC,TT,TT,TT,CG,AT,AA,AC,AA,GG,CG,CG,GG,CC,GG,AT,AA,CC,TT,GG,CC,CC,AA,AG,CC,AA,CG,AA,AA,CC,CC,AC,TT,AA,GG,AA,AA,AC,AA,AG,AG,AA,AA,AT,GG,AA,AA,AC,AC,CT,AA,AA,GG,GG,GG,TT,AA,AA,TT,TT,TT,AG,AT,GG,CG,AA,7.03,Susceptible,Low,Premium,Medium
L0258,Mandya,Karnataka,Kharif,Red Loamy,Irrigated (Cauvery command),780,27.0,72,AC,TT,AG,AA,GG,CC,GT,TT,CC,CC,AA,CC,CG,TT,TT,TT,GG,TT,TT,AG,CG,GT,TT,CC,TT,CC,GT,TT,GG,AA,TT,CC,AA,CC,AG,GG,GG,CC,GG,CC,TT,CT,AA,TT,AA,AG,TT,TT,CC,CC,GG,AA,AA,GG,CC,TT,AT,AA,GT,AC,AG,TT,TT,AA,NN,TT,CC,GG,TT,GG,AG,GG,CC,AA,GG,AA,AT,GG,TT,TT,GG,GG,GT,CC,AA,GG,AA,AA,CC,GT,CC,TT,CC,TT,TT,GG,TT,CC,GT,CC,TT,CC,GG,AA,TT,TT,NN,AA,AA,AA,CT,GG,TT,CC,TT,AA,AA,TT,CG,GG,CC,AG,CC,GG,TT,AG,CT,CC,CC,CC,AA,TT,CC,AA,CC,CT,AA,TT,AG,AA,GG,CT,CC,AG,AG,AG,AA,AC,GG,CC,CC,AG,AG,AG,TT,GG,AA,GT,CT,GG,AC,GT,TT,CT,CC,AA,GT,TT,AA,TT,CG,CC,AG,CT,CC,CC,GG,CC,AA,GG,GG,CC,TT,CG,GG,GT,GG,AT,NN,AG,TT,CC,GG,AA,CC,CC,GG,GG,NN,CC,TT,AA,AA,CC,GG,AA,CC,AA,AT,GT,TT,TT,AT,CG,TT,AA,CC,AT,TT,AA,GG,AA,CC,AC,TT,CC,TT,AC,AA,TT,GG,AG,CG,AG,AC,TT,TT,GT,GG,TT,AA,AC,AA,GG,CC,CC,GG,CC,GG,TT,AA,CC,GT,GG,CC,CC,AA,GG,CC,AA,CC,AT,NN,AC,CC,AC,TT,AG,GG,AA,AA,AA,AA,AG,AG,AG,AA,TT,GG,AC,AA,CC,AC,CC,AA,AA,GG,GG,GG,TT,AA,AA,GT,TT,TT,AG,TT,GG,CG,AA,7.78,Susceptible,High,Poor,Medium
L0259,Mandya,Karnataka,Kharif,Red Loamy,Irrigated (Cauvery command),780,27.0,72,CC,CT,AG,GG,GG,CC,GG,AA,CC,CG,AT,CC,CG,TT,TT,GT,GG,TT,AT,AA,CC,GT,GG,CT,TT,CC,TT,TT,GT,AA,TT,CT,AA,CC,GG,GG,GG,GG,GG,CC,TT,CT,AA,TT,AA,AG,TT,TT,CG,CC,GG,AA,AA,GG,CC,TT,AA,AC,GG,AA,AA,TT,AT,AG,TT,TT,CC,GG,CT,GG,AG,GG,CC,AA,AG,AA,AA,AG,TT,TT,GG,GG,GG,CC,AA,GG,AA,AA,CC,TT,AC,TT,CT,NN,GT,GG,TT,CC,TT,CC,CC,CC,AG,NN,TT,TT,CC,AA,GG,AC,NN,GT,TT,CC,GT,AA,AA,TT,CC,GG,CC,GG,CC,GT,CT,AA,CC,CC,CC,CC,AA,TT,CC,AA,CC,CC,AA,TT,AG,AA,GG,CC,CC,NN,AA,AG,AT,CC,GG,CC,CC,AA,AA,GG,GT,AG,AA,GT,TT,AG,AC,TT,GT,CT,CC,AA,GT,CT,AA,AT,GG,CC,AA,CT,CC,AC,GG,CC,AA,GG,AA,CC,TT,CC,GT,TT,CC,AA,AG,AA,GT,CC,GG,AA,CC,CC,GG,GG,CC,GG,TT,AA,AG,CC,GT,AT,CC,AA,NN,GG,TT,AT,AT,CG,GG,AA,CG,AT,GT,AA,GG,AA,TT,AA,TT,CC,TT,AA,CC,TT,GG,AA,CC,AG,CC,AT,CT,TT,GG,TT,AA,CC,AG,GG,CC,CG,GG,CC,GG,NN,AG,CC,GT,GG,CC,CC,AA,AG,CC,AA,CG,AT,AA,CC,CC,CC,TT,AG,GG,AA,AA,AC,AA,AG,AA,AA,AG,TT,GG,AA,AG,AA,AA,CC,AG,AA,CG,GG,GG,TT,AA,AG,TT,TT,TT,AA,AT,GG,GG,AA,3.96,Susceptible,Low,Standard,Medium
L0260,Mandya,Karnataka,Kharif,Red Loamy,Irrigated (Cauvery command),780,27.0,72,CC,TT,GG,AA,GG,CC,GT,TT,CC,GG,AT,CT,GG,AT,TT,GG,CC,TT,TT,AA,CC,TT,GT,CC,TT,CC,TT,TT,GT,AA,CT,CT,AA,CC,NN,GG,GG,CC,GT,CC,TT,TT,AA,TT,AG,GG,TT,TT,CC,CC,GG,AA,AA,GG,CC,TT,AA,AA,GG,AA,AA,TT,AT,AA,CT,AT,CC,GG,TT,NN,NN,GG,CC,NN,AG,AA,AA,GG,TT,TT,GG,TT,GG,CC,AT,GG,AA,AA,CC,GT,CC,GT,CC,TT,GT,GG,CT,CC,TT,CC,CC,CC,AG,AA,TT,GT,CC,AA,AA,AA,CT,GG,TT,CC,GT,AA,AA,TT,CC,AA,CG,AG,CC,GG,CT,AA,CC,CC,CC,CC,AG,TT,CC,AC,CC,CC,AA,TT,AA,AA,CG,CT,CG,GG,AA,AG,AA,CC,TT,CC,CC,AA,AA,GG,TT,GG,AC,TT,CC,AG,CC,GG,TT,TT,CC,AA,TT,TT,AA,AA,GG,CC,AG,CT,CC,CC,CC,CC,AA,GG,GG,CC,GT,CC,TT,TT,CG,TT,AA,AG,TT,CC,GG,AA,AC,CC,GG,GG,AA,GG,TT,AC,AA,CC,NN,AA,CC,AA,AT,GT,GT,AT,AT,GG,GT,AA,CC,AT,TT,AA,GG,AA,CT,AA,TT,CC,CT,AC,CC,CT,GG,AG,CC,AG,CC,TT,TT,GT,GG,TT,AC,CC,AG,GG,CC,CC,GG,CG,GG,AT,NN,CG,NN,GG,CC,CG,AA,AG,CC,AA,CG,AA,AA,CC,CC,CC,AT,AG,GG,AA,AC,AA,AA,AG,AA,AA,AA,TT,CG,AA,AG,CC,AA,CT,AG,AA,GG,GG,GG,TT,AA,AA,TT,TT,TT,AA,AT,GG,GG,AA,4.72,Susceptible,Low,Standard,Late
L0261,Mandya,Karnataka,Kharif,Red Loamy,Irrigated (Cauvery command),780,27.0,72,CC,TT,GG,AA,GG,CC,GT,TT,CC,GG,AA,CC,CG,TT,GT,GG,GG,TT,AT,AG,CC,TT,TT,CC,AT,CC,GT,TT,GG,AA,TT,CC,AA,CC,AG,GG,GG,CC,GG,CC,GT,CC,AA,TT,AG,GG,CT,TT,CC,AC,GG,AA,AA,GG,CT,TT,AA,AA,GG,AA,AA,TT,AT,AG,TT,TT,NN,GG,TT,GG,AA,GG,CC,AG,GG,AA,AA,GG,TT,TT,GG,GT,GG,CC,AA,GG,AA,AT,CC,TT,CC,TT,CC,TT,GT,GG,CT,CC,TT,CC,CT,CG,AA,AA,TT,TT,CG,AA,AA,AA,CC,NN,TT,CC,TT,AA,AA,TT,CG,AG,CG,GG,CC,TT,TT,AG,CC,CC,CC,CC,AG,TT,CC,AA,CC,CC,AA,AT,AG,AA,GG,CT,CC,GG,AA,AA,AA,CC,GT,CC,CC,GG,AG,GG,TT,GG,AA,TT,CT,GG,AC,TT,TT,CT,CC,AA,TT,TT,AA,TT,GG,CC,AA,CT,CC,AC,CG,AC,AA,AG,AG,CC,TT,CC,GT,TT,GG,AT,AA,AA,TT,CC,GG,AA,AC,CC,GG,GG,AA,GG,TT,AA,AA,CC,GT,AT,CC,AA,AT,GT,TT,TT,AT,CG,GT,TT,CC,TT,TT,AA,GG,AA,TT,AA,TT,CC,TT,AC,CC,TT,GG,AG,CC,GG,CC,TT,CT,TT,GG,TT,AC,CC,AG,NN,CG,CG,GG,CC,GG,AT,AA,CC,GG,GG,CC,CC,AA,GG,CC,AA,CC,AA,AA,CC,CG,NN,TT,AA,GG,AA,AA,AA,AA,AA,AA,AA,AA,TT,CG,AA,AG,AC,AA,CT,AA,AA,GG,GG,CG,TT,AA,GG,TT,TT,TT,AA,NN,GG,GG,AA,6.81,Resistant,High,Standard,Late
L0262,Mandya,Karnataka,Kharif,Red Loamy,Irrigated (Cauvery command),780,27.0,72,AC,TT,AA,GG,GG,CC,GG,AT,CC,NN,AA,CC,CC,TT,TT,GG,CG,TT,TT,AA,CC,GT,TT,CC,TT,CC,TT,AT,GG,AA,TT,CC,AA,CC,GG,GG,GG,CC,GG,CC,TT,TT,AA,TT,AA,GG,TT,TT,CC,AA,GG,AA,AA,GG,CC,TT,AA,AA,TT,AA,AA,TT,TT,AA,TT,AT,CC,GG,TT,GG,AA,GG,CC,AA,GG,AA,AA,GG,NN,TT,AG,GT,GT,CC,AT,GG,AA,AT,CC,GG,CC,TT,CC,AT,GT,GG,TT,CC,TT,CC,CC,CC,AG,AA,TT,TT,GG,NN,AA,AA,CC,GG,TT,CC,TT,AA,AA,TT,CC,GG,CG,GG,CC,GG,TT,AA,CC,CC,CC,CC,AA,TT,CC,AA,CC,CC,AA,AT,AA,AT,GG,CC,CC,GG,AA,AG,AA,AC,GG,CG,CC,AA,AA,GG,TT,NN,AA,GT,CT,GG,CC,GT,TT,NN,CG,AT,GT,TT,AA,TT,GG,CC,AG,CC,CC,CC,NN,CC,AA,GG,AA,CC,TT,CC,TT,TT,GG,TT,AA,AA,TT,AC,GG,AC,AC,CC,GG,GG,CC,GG,TT,AC,AA,CC,GG,AT,NN,AA,AA,GG,GT,TT,AA,GG,TT,AT,CC,AA,GT,AA,GG,AG,TT,AA,TT,CC,CT,AA,CC,TT,GG,AA,CC,AG,CC,AT,TT,GG,GG,TT,AA,CC,AG,GG,CC,CG,GG,CC,GG,AT,AA,CC,GG,GG,CG,CC,AA,GG,CG,AA,CC,AT,NN,AC,CG,AC,TT,AA,GG,AA,AA,AA,AA,AA,AG,NN,AA,TT,GG,AA,AA,AC,AC,CT,AA,AA,GG,GG,GG,TT,AA,AA,TT,TT,TT,AG,AT,GG,GG,AA,9.03,Susceptible,Low,Standard,Early
L0263,Mandya,Karnataka,Kharif,Red Loamy,Irrigated (Cauvery command),780,27.0,72,AA,TT,AG,NN,GG,CC,GG,TT,CC,CG,AA,CC,CC,TT,TT,GG,CC,TT,TT,AA,CC,TT,GT,CC,TT,CC,TT,TT,GG,AA,TT,CC,AA,CC,GG,CG,GG,CG,GG,CC,TT,CT,AA,GT,AA,GG,TT,TT,CG,AA,GG,AT,AA,GG,CT,TT,AT,AA,GG,AC,AA,TT,TT,AG,TT,TT,CC,GG,TT,GT,AA,GG,AC,AA,GG,AC,AA,GG,TT,TT,GG,GT,GG,CC,AT,GG,AA,AA,CC,GT,CC,TT,TT,TT,GT,GG,TT,CC,TT,CC,CC,CG,AA,AA,TT,TT,CG,AA,AG,AA,CC,GG,TT,CC,TT,AC,AA,TT,CC,AG,CG,AA,CC,GG,TT,AA,CT,CC,CC,CC,AG,TT,CC,AA,CC,CC,NN,TT,AA,AA,GG,CC,CC,GG,AA,AG,AA,CC,GG,CC,CC,AA,AG,AG,NN,AG,AC,TT,CT,GG,AC,TT,GT,TT,NN,AA,GT,NN,AA,TT,GG,CC,AA,TT,CC,AC,CG,CC,AA,GG,NN,CC,TT,CC,GT,TT,GG,AT,AA,AG,TT,AC,GG,AA,CC,CC,GG,GG,AC,GG,TT,AA,AA,CC,GG,AA,AC,AA,AA,GG,TT,TT,AT,GG,GT,AA,CC,AT,TT,AA,GG,AA,CT,AA,TT,CG,TT,AA,CC,CT,GG,AA,CC,NN,CC,TT,CT,TT,GG,TT,AA,AC,AG,GG,CC,CC,GG,CC,GG,TT,AG,CG,GT,GG,CC,NN,AT,GG,CC,AT,CC,AA,AA,CC,CC,AA,TT,AA,GG,AA,AA,AC,AC,NN,AG,AG,AA,AT,CC,AA,NN,AC,AA,CT,AG,AA,CG,GG,GG,TT,AA,AA,TT,NN,TT,AG,TT,GG,CG,AC,7.75,Resistant,High,Standard,Medium
L0264,Mandya,Karnataka,Kharif,Red Loamy,Irrigated (Cauvery command),780,27.0,72,AC,TT,GG,AA,GG,CC,GG,TT,CC,CG,AA,CT,CG,AT,TT,GT,CG,TT,TT,AA,CC,TT,GT,CC,TT,CC,TT,TT,GG,AA,TT,CC,AA,CC,GG,GG,GG,CG,GG,CC,TT,TT,AA,TT,AA,GG,TT,TT,CC,AC,GG,AT,AA,GG,CC,TT,AA,CC,GT,AA,AA,TT,AT,AG,TT,AT,CC,GG,TT,GT,GG,GG,CC,AA,AG,AA,AA,GG,TT,TT,GG,GT,GG,CC,AA,GG,AA,AA,CC,TT,CC,TT,CC,TT,GT,GG,TT,CC,GG,CC,CC,CC,AG,AA,TT,TT,CC,AA,AG,AA,CC,GG,TT,CC,TT,AA,AC,TT,CC,AG,CC,GG,CC,TT,TT,AA,CC,CC,CC,CC,AA,TT,CC,AA,CC,CC,AA,TT,AG,AA,CG,CC,CC,GG,AG,AA,TT,CC,GG,CC,CC,AA,AA,GG,GT,GG,AC,TT,TT,GG,AC,GG,TT,TT,CC,AA,TT,CT,AA,TT,GG,CC,AA,CC,CC,CC,CC,CC,AA,GG,AG,CC,TT,CG,GG,TT,CG,TT,AA,AA,TT,AC,GG,AA,CC,CC,GG,GG,AC,CG,TT,AC,AA,CC,GG,AT,CC,AA,AA,TT,GT,AT,AA,GG,GG,AA,CC,AA,TT,AA,GG,AA,CT,AC,TT,CC,NN,AA,CC,TT,CG,AG,CC,AG,CC,TT,TT,TT,GG,TT,AA,AC,AA,GT,CC,CG,GG,CC,GG,AT,AG,CG,GT,GG,CC,CC,AA,GG,CC,AT,CC,AT,AA,AC,CC,AC,AT,AA,GG,AA,AA,AC,AA,AG,AA,GG,AA,AT,GG,AA,AA,CC,CC,TT,AA,AA,GG,AG,CG,TT,AA,AA,TT,TT,TT,AA,AT,GG,CG,AC,6.26,Moderate,Low,Poor,Late
L0265,Mandya,Karnataka,Kharif,Red Loamy,Irrigated (Cauvery command),780,27.0,72,AC,CT,GG,AG,GG,CG,GT,TT,CC,GG,AA,CT,CC,TT,TT,GG,CG,TT,TT,AG,CC,GT,TT,CC,TT,CC,TT,TT,GT,AA,TT,TT,AA,CC,GG,GG,GG,CC,GG,CC,TT,CT,AA,GT,AG,AG,TT,TT,CC,AC,GG,AA,AG,GG,CT,TT,AT,AA,GT,AA,AA,TT,TT,AG,TT,TT,CC,GG,TT,GT,AA,GG,CC,AA,GG,AC,AT,GG,TT,TT,AG,GG,GG,CC,AA,GG,NN,AA,CC,GT,CC,TT,CT,TT,TT,GG,TT,AA,TT,CC,CC,CG,AG,AA,TT,TT,NN,AA,GG,AA,CT,GG,TT,CC,TT,CC,AA,TT,CC,NN,CC,GG,CC,GT,TT,AG,CC,CC,CC,CC,AG,TT,CC,AA,CC,CT,AA,TT,AG,AT,CG,CT,NN,GG,AG,GG,AA,CC,GT,CC,CG,AA,AA,GG,TT,AG,AC,TT,TT,GG,CC,GT,GT,TT,CC,AA,TT,CT,AA,TT,GG,CC,AA,CT,CC,CC,GG,AA,AA,GG,GG,CC,TT,CC,GG,TT,GG,AA,AA,AA,TT,AC,CG,AC,CC,CC,GG,GG,AC,GG,TT,AA,AA,CC,GG,AA,AC,AA,AA,GG,GT,TT,AA,CG,GG,TT,CG,TT,TT,AA,GG,AA,TT,AA,TT,CC,TT,AC,CC,TT,CG,AA,CG,AA,CC,TT,CT,GT,CG,TT,AA,CC,AA,GG,CC,CC,GG,CC,GG,TT,AG,GG,TT,GG,CC,CG,AA,GG,CC,AA,CC,AA,AA,CC,CG,AC,TT,AA,CG,AA,AA,AA,AA,AG,AG,AG,AA,TT,CG,AC,AG,CC,CC,TT,AA,AA,GG,GG,GG,TT,AT,AG,TT,TT,TT,AG,AT,GG,GG,AA,5.86,Susceptible,High,Premium,Early
L0266,Mandya,Karnataka,Kharif,Red Loamy,Irrigated (Cauvery command),780,27.0,72,AC,CT,GG,AA,GG,CC,GG,TT,CC,CC,AA,CC,CG,TT,GT,GT,GG,TT,TT,AA,CC,TT,TT,CC,TT,CC,TT,TT,GG,AA,CT,CC,AA,CC,GG,GG,GG,CC,GG,CC,TT,CT,AA,TT,AA,AG,TT,TT,CC,AA,GT,AA,AA,GG,CT,GT,AA,AC,GG,AC,AA,GT,AT,AG,TT,AT,CC,GG,TT,GG,AA,GG,AC,AA,GG,AA,AA,GG,TT,TT,GG,GG,GG,AC,AA,GG,AG,AA,CC,TT,CC,TT,CC,AT,TT,GG,TT,CC,TT,CC,CC,CG,AG,AA,TT,TT,CC,AG,AA,AA,CT,GG,TT,CG,GT,AC,AA,TT,CG,GG,CG,AG,CC,GT,CT,AA,CC,CC,CC,CC,AA,TT,CC,AA,CC,CC,AA,TT,AA,AA,GG,CT,CC,GG,AA,NN,AA,CC,GG,CC,CC,AA,AG,AA,TT,AG,AA,TT,CT,GG,CC,GT,NN,CT,CC,AA,TT,TT,AA,NN,GG,CC,AA,CC,CC,NN,CG,CC,AA,GG,AG,CC,TT,CC,GT,TT,GG,TT,AA,GG,TT,CC,GG,AA,CC,CC,GG,GG,AA,GG,TT,AC,AG,CC,GG,AA,CC,AA,AA,GG,TT,TT,AA,GG,TT,TT,CC,AT,TT,AA,GG,AG,CC,AA,TT,CC,CT,AA,CC,TT,CG,AA,CC,AA,AC,TT,CT,TT,GG,TT,AA,AC,NN,GG,CC,CG,GG,CC,GG,AA,AG,CC,GG,GG,CC,CC,AA,AG,CG,AA,NN,AA,AA,CC,GG,AC,TT,AA,GG,AA,AA,AA,AA,AA,AG,AG,AA,TT,GG,AA,AG,CC,AA,CT,AG,AA,GG,GG,CG,TT,AA,AA,TT,TT,TT,AG,TT,GG,GG,AA,6.19,Susceptible,Low,Standard,Late
L0267,Mandya,Karnataka,Kharif,Red Loamy,Irrigated (Cauvery command),780,27.0,72,NN,CT,GG,AA,GG,CC,GG,TT,CC,CC,AA,CC,CC,TT,TT,GG,CG,TT,TT,AA,CG,TT,GT,CC,TT,CC,GT,TT,GG,AA,TT,CC,AA,AC,GG,GG,GG,CG,GG,CC,TT,CT,AC,GT,AA,AG,TT,TT,CC,AC,GG,AA,AG,GG,CC,TT,AT,AC,TT,AC,AA,TT,AT,AA,TT,TT,CT,NN,TT,GG,AG,GG,CC,AA,AG,AA,TT,GG,TT,TT,GG,GG,GG,CC,AT,GG,AG,AA,CC,NN,AC,GT,CT,AT,TT,GG,TT,CC,TT,CC,CC,CG,AG,AA,TT,TT,CG,AA,NN,AA,CC,GG,TT,CG,GT,NN,AA,TT,CG,GG,CC,GG,CC,GG,CT,AA,CC,CC,CC,CC,NN,TT,CC,AA,CC,CC,AA,TT,AA,AT,GG,CT,CC,GG,AA,AA,AA,AC,GT,NN,CC,AA,AA,GG,TT,AG,NN,TT,TT,GG,AC,TT,TT,TT,CG,AT,GT,CT,AA,AT,CG,CC,AG,CT,CC,CC,CC,CC,AA,GG,AG,CC,TT,CC,GG,GT,GG,AT,AA,AG,TT,CC,GG,AC,CC,CC,GG,GG,AA,GG,TT,CC,AG,CC,GT,AA,CC,AA,TT,GT,GT,TT,AA,CG,GT,AT,CC,TT,GG,AT,GG,NN,CT,AA,TT,CC,CT,AA,CC,TT,CC,AA,CC,GG,NN,AT,CT,TT,GG,TT,AC,AC,AA,GG,CC,CG,GG,CC,GG,TT,AA,CC,GT,GG,CC,CC,AA,GG,CC,AT,CC,AT,AA,AA,CC,AC,AT,AA,GG,AA,AA,AA,AA,GG,AG,AA,AA,TT,CG,AA,AA,CC,AC,CT,AA,AA,GG,GG,GG,TT,TT,AA,GT,TT,TT,AG,TT,GG,GG,AA,6.24,Moderate,Low,Standard,Early
L0268,Mandya,Karnataka,Kharif,Red Loamy,Irrigated (Cauvery command),780,27.0,72,AC,TT,GG,AG,GG,CC,GT,AT,CC,GG,AA,CT,CG,TT,TT,GG,GG,TT,AT,AA,CC,TT,GT,CC,AT,CC,TT,TT,GG,AA,TT,CC,AA,CC,GG,CG,GG,CG,GG,CC,TT,TT,AA,TT,AA,AG,TT,TT,CC,AA,GG,AA,AG,GG,CC,GT,AA,AC,GG,AA,AA,TT,AT,AA,TT,AT,CC,GG,TT,GT,AG,GG,CC,AA,GG,AA,AT,GG,TT,TT,GG,GT,GT,CC,TT,GG,AA,AA,CC,TT,CC,TT,CT,TT,TT,GG,TT,CC,GG,CC,CC,CG,AG,AA,TT,TT,CC,AG,AG,AA,CT,GG,TT,CC,TT,AA,AC,TT,CC,AG,CC,GG,CC,GT,TT,AA,CC,CC,AC,CC,AA,TT,CC,AA,CC,CC,AA,TT,AA,AA,GG,CC,CC,GG,AA,AA,AA,CC,GG,CC,CC,AG,AA,GG,TT,GG,AA,TT,CT,GG,AC,TT,TT,TT,CG,AA,TT,TT,AA,TT,GG,CC,AA,CT,CC,CC,GG,AC,AA,GG,AA,CC,TT,CC,GG,TT,CG,AT,AG,GG,TT,CC,GG,AA,AC,NN,CG,GG,AC,CG,TT,AA,AA,CC,GG,AA,AC,AA,AA,GT,TT,TT,AT,GG,TT,AA,CC,AT,TT,AA,GG,AA,CT,AA,TT,CG,TT,AC,CC,TT,CG,AG,CC,AG,CC,AT,CT,GT,GG,AT,AC,AC,AG,GG,CC,CG,GG,CC,GG,AA,AA,CC,TT,GG,CC,CC,AA,GG,CC,AT,CC,AA,AA,CC,CC,AC,TT,AA,CG,AA,AA,AA,AA,GG,AA,AA,AA,TT,CG,AA,AA,CC,AC,CT,AG,AG,GG,GG,GG,GT,AA,AA,TT,TT,TT,AA,TT,GG,CG,AA,7.67,Moderate,High,Standard,Late
L0269,Mandya,Karnataka,Kharif,Red Loamy,Irrigated (Cauvery command),780,27.0,72,AA,TT,GG,AA,GG,CC,GT,TT,CG,CG,AA,CT,CC,AA,GT,GT,CG,TT,AT,AA,CC,TT,GT,CC,TT,CC,TT,TT,GG,AA,TT,CT,AA,CC,GG,CG,GG,CC,GG,CC,TT,CT,AA,GT,AG,AA,TT,TT,CC,AC,GG,AA,AG,GG,CT,TT,AT,CC,TT,NN,AA,TT,TT,AA,TT,TT,CC,GG,TT,GG,AA,GT,CC,AG,AG,AA,AT,GG,GT,TT,GG,GG,GG,CC,AA,GG,AA,TT,CC,GT,CC,TT,CC,TT,TT,GG,TT,CC,TT,CC,CT,CG,GG,AA,TT,TT,CC,AA,AG,AA,CC,GG,TT,CC,TT,AC,AA,TT,CG,AG,CC,AG,CC,GT,TT,AA,CC,CC,CC,CC,AA,TT,CC,AA,CC,CC,AA,TT,AA,AA,GG,CT,CC,GG,AA,AG,AA,AC,TT,CC,CC,AA,AG,AG,TT,GG,AC,TT,TT,AG,CC,GT,TT,TT,CC,AT,TT,TT,AA,AT,GG,CC,GG,CT,AC,AC,CG,CC,AA,GG,AA,CC,TT,CC,GT,TT,CG,NN,AA,AA,TT,CC,CG,AA,AC,CC,CG,GG,AC,GG,TT,AA,AA,CG,GG,NN,CC,AA,AT,GT,TT,AT,AT,CG,GG,AA,CC,AT,TT,AA,GG,AA,CT,AA,TT,CC,TT,AC,AC,TT,CG,AA,NN,GG,CC,AT,TT,GT,GG,TT,NN,AC,AG,GT,CC,CC,GG,CC,GG,AT,AG,CC,GT,GG,CC,CC,AA,GG,CC,AT,CC,AA,AG,AC,CC,CC,TT,AA,GG,AA,AA,AA,AA,GG,GG,AA,AA,TT,GG,AC,AG,NN,AA,TT,AA,GG,GG,GG,GG,TT,AA,AA,GT,TT,AT,AA,TT,GG,GG,AA,6.86,Susceptible,High,Poor,Late
L0270,Mandya,Karnataka,Kharif,Red Loamy,Irrigated (Cauvery command),780,27.0,72,AC,TT,GG,AA,GG,CC,GG,TT,CC,CG,AA,CC,CG,TT,TT,GG,GG,TT,TT,AG,CC,TT,GT,CC,TT,CC,TT,TT,GG,AA,CT,CC,AA,CC,GG,GG,GG,CC,GG,CC,TT,CC,AC,TT,AA,AG,CT,AT,CC,CC,GG,AA,AA,NN,CC,NN,AA,AA,GG,AC,GG,TT,NN,GG,TT,TT,CC,GG,TT,GG,AA,GT,CC,AA,GG,AC,AA,GG,TT,TT,GG,GG,GG,CC,NN,GG,AA,AA,CG,TT,CC,GG,CC,TT,GT,GG,CT,CC,TT,CC,CT,CC,GG,AA,TT,TT,CC,AA,AA,AC,CT,GG,TT,CC,GT,AA,AA,TT,CC,AG,GG,GG,CC,GG,TT,AG,CC,CC,CC,CC,AA,TT,CC,AA,CC,CC,AG,TT,AA,AA,GG,CC,CC,GG,AA,AA,AA,CC,GG,CC,CC,AA,AG,AG,GT,GG,AA,TT,CT,GG,CC,TT,GT,TT,CG,AT,GT,TT,AT,TT,GG,CC,AA,CT,CC,CC,CG,CC,AA,GG,AA,CC,TT,CG,GT,GG,GG,AT,AA,AG,TT,AC,GG,AC,AC,CC,GG,GG,AA,GG,TT,AA,AA,CC,GG,AA,CC,AA,AT,GG,GT,TT,AA,CG,GT,TT,CG,AT,GT,AA,GG,AA,TT,AA,TT,CC,TT,AC,CC,TT,GG,AG,CC,AG,CC,TT,CT,TT,GG,AT,AA,AC,AA,GG,CC,CG,GG,CC,GG,TT,AA,CC,GT,GG,CG,CC,AA,AG,GG,AT,CG,AA,AA,AC,CC,AC,TT,AA,GG,AA,AC,AC,AA,GG,GG,AG,AA,TT,GG,AC,AA,CC,AC,CT,AA,AA,GG,GG,GG,TT,AA,AA,GT,TT,TT,AG,TT,GG,GG,AA,8.26,Moderate,Medium,Standard,Early
L0271,Mandya,Karnataka,Kharif,Red Loamy,Irrigated (Cauvery command),780,27.0,72,AA,TT,GG,AA,GG,CC,GT,TT,CC,CC,AA,CT,GG,AT,GT,GG,CG,AT,TT,AA,CC,TT,GT,CC,AT,CC,TT,AT,GG,AA,TT,CC,AA,CC,GG,GG,GG,CG,GG,CC,TT,TT,AC,GG,AA,AG,CT,AA,CC,AC,NN,AA,NN,GG,CC,TT,AA,AC,GT,AA,AA,TT,TT,AA,TT,TT,CC,GG,TT,GG,AA,GG,CC,AA,GG,AC,AA,NN,TT,TT,GG,GG,GT,CC,AT,GG,AA,AT,CC,TT,AC,TT,CC,TT,TT,GG,TT,AC,GT,CC,CC,CC,AG,AA,TT,TT,CG,AA,AA,AA,CC,GG,TT,CC,TT,AA,AA,TT,CC,GG,NN,GG,CC,GG,TT,AA,CC,CC,CC,CC,AA,TT,CC,AA,CC,CC,AA,AT,AA,AA,GG,CT,CC,GG,AA,AA,AA,CC,GT,CC,CC,AA,AA,GG,TT,GG,AA,TT,CT,GG,AC,GT,TT,CT,CC,TT,TT,TT,AT,TT,GG,CC,AG,CC,CC,CC,GG,CC,AA,GG,AA,CC,TT,CC,TT,TT,GG,TT,AA,AA,TT,AC,GG,AC,CC,CC,GG,GG,CC,GG,TT,AC,AA,CC,GG,AA,AC,AA,AA,GG,TT,AT,AA,GG,GG,TT,CC,TT,TT,AA,GG,AA,TT,AA,TT,CC,TT,AC,CC,CT,CG,AA,CC,AG,CC,TT,CT,GG,GG,TT,AA,CC,AG,GG,CC,CG,GG,CG,GG,TT,AA,CC,TT,GG,CG,CC,AA,GG,CC,AA,CC,AT,AA,CC,CG,CC,TT,AA,CG,AA,AA,AA,AA,AA,AA,AA,AA,TT,CG,AA,NN,CC,AA,CT,AA,AA,GG,AG,CG,TT,AT,AA,GT,TT,TT,GG,TT,GG,GG,AA,5.89,Susceptible,Low,Standard,Medium
L0272,Mandya,Karnataka,Kharif,Red Loamy,Irrigated (Cauvery command),780,27.0,72,AC,TT,GG,AA,GG,CC,GG,TT,CC,CG,AA,CC,CC,AT,TT,GG,CG,TT,TT,AA,CC,TT,GT,CC,AT,CC,TT,TT,GG,AA,TT,CC,AA,AC,GG,CG,GG,CC,GG,CC,TT,TT,AA,TT,AG,AA,TT,TT,CC,AA,GG,AA,AG,GG,CT,GT,AA,AA,GT,AA,AA,TT,AT,AG,TT,AT,CC,GG,TT,GG,AA,GG,CC,AA,AG,AA,AA,AG,TT,TT,GG,GG,GG,CC,AA,GG,AA,AA,CC,GT,AC,GT,CC,TT,GT,GG,TT,CC,TT,CC,CT,CG,GG,AA,TT,TT,CC,AA,GG,AA,CC,GT,TT,CG,TT,AA,AA,TT,CC,GG,CC,GG,CC,GG,CC,AA,CC,CC,CC,CC,AA,TT,CC,AA,CC,TT,AA,TT,AA,AA,GG,CC,CC,GG,AG,GG,AT,CC,GG,CC,CC,AA,AA,AG,TT,GG,AA,TT,TT,AG,CC,TT,TT,TT,CG,AT,GT,TT,AA,AT,GG,CC,AG,CC,CC,CC,CG,CC,AA,GG,NN,CC,TT,CC,GT,NN,GG,AT,AA,AA,TT,CC,GG,AA,CC,CC,GG,GG,AC,GG,TT,AC,AA,CG,GG,AA,CC,AA,AA,GT,GT,AT,AA,NN,GT,AA,CG,AT,NN,AA,GG,AA,TT,AC,TT,CC,CT,AA,CC,CT,CC,AA,CG,AG,CC,TT,CT,TT,CG,TT,AA,CC,AA,GG,CC,CG,GG,CC,GG,AT,AA,CC,GG,GG,CC,CC,AA,AA,CC,AT,CC,AT,AA,AC,CG,AC,TT,AA,GG,AA,AA,NN,AA,AG,AG,AA,AA,TT,GG,AC,AA,CC,AA,CT,AA,AA,GG,GG,GG,TT,AA,AA,TT,TT,TT,GG,TT,GG,GG,AA,5.59,Susceptible,Low,Poor,Medium
L0273,Mandya,Karnataka,Kharif,Red Loamy,Irrigated (Cauvery command),780,27.0,72,AC,TT,GG,AA,GG,CC,GT,TT,CC,GG,AA,CC,CG,TT,TT,GG,GG,TT,TT,AA,CC,TT,GT,CT,TT,CC,NN,TT,GG,AA,TT,CC,AA,CC,NN,GG,GG,CG,GG,CC,TT,CT,AA,GT,AA,GG,TT,TT,CC,CC,GG,AA,AA,GG,CT,TT,AA,AC,GG,AA,AA,TT,TT,AG,TT,AT,CC,GG,TT,GT,AG,GG,AC,AG,AG,AA,AT,NN,GT,TT,GG,GG,GT,CC,AA,GG,AG,AA,CC,GG,CC,TT,TT,TT,GT,AG,CT,CC,GT,CT,CT,CC,AG,AA,TT,TT,CG,AA,AA,AA,CC,GG,TT,CC,TT,CC,AA,TT,CC,AG,CC,GG,CC,GT,NN,NN,CT,CC,CC,CG,AA,TT,AC,AC,CC,CC,AA,TT,GG,AT,GG,CT,CC,GG,AG,AG,AA,CC,GG,CC,CC,AA,AG,GG,TT,GG,AA,TT,TT,AG,CC,TT,TT,TT,CC,AA,TT,TT,AA,TT,GG,CC,AA,CT,AC,CC,GG,CC,AA,GG,AA,CC,TT,CC,GG,TT,GG,TT,AA,AA,GT,CC,CG,AC,AC,CC,GG,GG,CC,CG,TT,CC,AG,CC,GG,AA,CC,AA,AA,GG,TT,AT,AA,GG,GG,AT,CC,AT,GG,AA,GG,AA,CT,AA,AT,CC,TT,AA,AC,CC,GG,AA,CC,AG,AC,TT,TT,TT,GG,TT,AC,CC,AA,GG,CC,CC,GG,CC,GG,TT,AA,CC,TT,GG,CC,CC,AA,GG,CC,AT,CC,AA,AA,AC,CG,AC,TT,AA,GG,AA,CC,AA,AC,GG,AA,AA,AA,AT,GG,AA,AA,CC,AC,TT,AG,AA,GG,GG,GG,TT,AA,AA,TT,TT,AT,AG,TT,GG,GG,AA,10.2,Susceptible,High,Premium,Late
L0274,Mandya,Karnataka,Kharif,Red Loamy,Irrigated (Cauvery command),780,27.0,72,AC,TT,GG,AA,GG,CC,GG,AT,CC,CG,AA,CC,CC,AT,TT,NN,NN,TT,TT,AA,CC,TT,GT,NN,TT,CC,TT,AT,GG,AA,TT,CC,AA,CC,GG,GG,GG,CC,GT,AC,TT,CT,AA,TT,AA,AA,TT,AT,CC,CC,GG,AA,AA,GG,CC,TT,AA,AC,GT,AA,AA,TT,TT,GG,TT,TT,CC,GG,TT,GT,AA,GT,CC,AA,GG,AA,AT,GG,TT,TT,GG,GG,GG,CC,AA,AG,AA,AT,CC,GG,CC,TT,NN,AT,GT,AG,TT,CC,TT,CT,CT,CC,AG,AG,AT,GT,CC,AA,GG,AC,CT,GG,TT,CC,TT,AA,AA,TT,CC,NN,CC,AG,CC,GG,TT,AG,CC,CC,CC,CG,AA,NN,CC,AA,CC,NN,AA,TT,AA,AA,GG,CT,CC,GG,AA,AG,AA,CC,GG,CC,CC,AA,AG,GG,TT,GG,CC,TT,CT,GG,AC,TT,GT,TT,GG,AA,GT,TT,AT,TT,GG,CG,AG,CT,CC,CC,CG,CC,AA,GG,AA,CC,TT,CC,GT,TT,GG,TT,AA,GG,TT,CC,GG,AA,AC,CC,GG,GG,AC,GG,TT,AC,AA,CC,GG,AA,CC,AT,AA,GT,TT,TT,AA,GG,GG,AT,CC,NN,TT,AA,GG,AA,TT,AA,TT,CC,TT,AC,AC,TT,GG,NN,CC,AA,AC,TT,CT,GT,GG,AT,CC,AC,AA,GG,CC,CG,GG,CC,GG,AT,AA,CC,GT,GG,CG,CC,AA,NN,CG,AT,CC,AA,AA,CC,CG,AC,TT,AA,GG,AA,AA,AA,AA,AG,AG,AG,AA,TT,NN,AA,GG,CC,NN,TT,AA,AA,GG,GG,GG,TT,AA,AG,TT,TT,TT,AG,TT,GG,GG,AA,8.37,Susceptible,High,Poor,Early
L0275,Mandya,Karnataka,Kharif,Red Loamy,Irrigated (Cauvery command),780,27.0,72,AC,TT,GG,AG,GG,CC,GG,TT,CC,CG,AA,CC,CG,AA,TT,GG,GG,TT,TT,AA,CC,TT,TT,CC,AT,CC,TT,TT,GG,AA,NN,CT,AA,CC,GG,GG,GG,CG,GG,CC,TT,TT,AA,TT,AA,AA,TT,TT,CC,CC,GG,AA,AA,CG,CC,GT,AA,AC,GT,AA,AG,TT,TT,AA,TT,TT,CC,GG,TT,GG,AG,GG,CC,AA,GG,AA,AA,GG,TT,TT,GG,GG,GG,AC,AA,GG,AA,AT,CC,GG,NN,GT,CC,TT,GG,AG,TT,CC,TT,CT,CT,CG,GG,AA,TT,TT,CC,AG,AG,AA,TT,GG,TT,NN,TT,AA,AA,TT,NN,AG,NN,GG,CC,GT,TT,AA,CT,CC,CC,CC,AA,TT,CC,AA,CC,CC,AA,TT,AA,AA,GG,CC,CC,GG,AA,NN,AA,AC,GT,CC,CG,AA,AA,GG,TT,GG,AA,TT,TT,GG,AC,GT,TT,TT,CC,AA,GT,TT,AT,AT,GG,CC,AG,CT,CC,CC,CG,CC,AA,GG,AA,CC,TT,CC,GT,TT,GG,TT,AA,AA,TT,CC,GG,AA,AC,CC,GG,GG,AA,GG,TT,AC,AA,CC,GG,AT,AC,AA,AT,GG,TT,AA,AA,CG,TT,AA,CG,AT,TT,AA,GG,AA,TT,CC,TT,CC,CT,AA,CC,TT,GG,AG,CG,AG,CC,TT,TT,GT,GG,TT,AC,AA,AA,GG,NN,CG,GG,CC,GG,AT,AA,CG,GT,GG,CG,CC,AT,GG,CC,AT,CC,AA,AG,CC,CC,CC,TT,AA,GG,AA,AA,AA,AA,GG,AA,AG,AA,TT,NN,AA,AG,CC,AA,CT,AG,AG,GG,GG,CG,TT,AT,AA,GT,TT,TT,AG,TT,GG,GG,AA,8.67,Susceptible,Medium,Poor,Medium
L0276,Mandya,Karnataka,Kharif,Red Loamy,Irrigated (Cauvery command),780,27.0,72,AA,TT,AG,AG,GG,CC,GT,AT,CC,CG,AA,CC,CG,AT,TT,GT,CG,TT,TT,AG,CC,TT,GG,CC,TT,CC,TT,TT,GG,AA,TT,CT,AA,AC,AG,GG,GT,CG,GG,CC,TT,TT,AC,TT,AA,GG,TT,TT,CC,CC,GG,AA,AA,GG,CT,GT,AA,AA,GT,AC,AA,TT,TT,AA,TT,AT,CC,GG,TT,GT,AA,GG,CC,AA,AG,AC,AA,GG,GT,TT,AG,GG,GG,CC,AA,GG,AA,AT,CC,TT,AC,TT,CC,TT,TT,GG,TT,CC,GT,CT,TT,CG,AA,AA,TT,TT,CC,AA,AG,AC,CT,GG,TT,CC,TT,AA,AC,TT,CC,GG,CC,GG,CC,GG,TT,AA,CC,CC,CC,CC,AA,NN,CC,AA,CC,CC,AA,TT,AA,AA,GG,CC,CC,GG,AA,AA,AA,CC,GG,CC,CC,AA,AA,GG,TT,GG,AA,TT,CT,GG,CC,GT,GT,TT,CC,AA,TT,TT,AA,TT,GG,CC,AG,CC,CC,CC,GG,NN,AA,GG,AG,CC,TT,CC,GT,NN,CG,AT,AA,AA,TT,CC,GG,AA,CC,CC,GG,GG,AC,NN,TT,AC,AA,CC,GG,AA,CC,AT,AT,GG,TT,AT,AT,CG,GG,AT,CC,AT,NN,AA,GG,AA,TT,AC,TT,CC,TT,AA,CC,TT,GG,AA,CC,AG,NN,AT,TT,GT,GG,TT,AA,AC,AG,GG,CC,CC,GG,CG,GG,AT,AA,CC,GT,GG,CC,CG,NN,AG,CC,AA,CC,AA,AA,CC,CG,CC,AT,AA,GG,AA,AA,AC,AA,GG,AA,AA,AA,TT,GG,AA,NN,AC,AA,TT,AA,AG,GG,GG,GG,TT,AA,AG,TT,TT,TT,AA,NN,GG,GG,AC,9.23,Resistant,Low,Premium,Late
L0277,Mandya,Karnataka,Kharif,Red Loamy,Irrigated (Cauvery command),780,27.0,72,CC,NN,GG,AA,GG,CC,GG,TT,CC,GG,AA,CC,CC,AT,TT,GT,CG,TT,NN,AA,CC,TT,TT,CC,TT,CC,TT,AT,GG,AA,TT,CC,AA,AC,GG,CG,GG,GG,GG,CC,TT,CT,AA,TT,AG,AG,TT,TT,CC,CC,GG,AA,AA,GG,CC,GT,AA,AC,NN,AC,AA,TT,AA,AA,TT,TT,CC,GG,CT,GT,AG,GG,CC,AA,AG,AC,AT,GG,TT,CT,GG,GG,TT,CC,AA,GG,AA,AA,CC,TT,CC,TT,CT,TT,TT,GG,TT,NN,TT,CC,CC,CC,AG,AA,AT,TT,CC,NN,GG,AA,CT,GG,TT,CC,TT,AA,AA,TT,CC,AA,CC,GG,CC,GG,CC,AA,CC,CC,CC,CC,AA,TT,CC,AA,CC,CT,AA,AT,AA,AA,GG,CC,CC,GG,AA,AG,AA,CC,GG,CC,CC,AA,AA,GG,TT,GG,AC,TT,CT,GG,CC,TT,TT,TT,CC,AA,GT,TT,AA,TT,GG,CG,AA,TT,CC,CC,CG,CC,AA,GG,AG,CC,TT,CC,GT,TT,GG,TT,AG,AG,TT,AC,GG,AA,AC,CG,GG,GG,AA,GG,TT,AA,AA,CC,GG,AA,CC,AA,AT,NN,TT,TT,TT,GG,GT,AT,CG,AA,TT,AA,GG,AA,TT,AA,TT,CC,TT,AC,CC,TT,GG,AA,CC,AA,AC,TT,CT,GT,GG,NN,AC,AC,AG,GG,CC,CC,GG,CC,GG,AA,AA,CC,GT,GG,CC,CC,AA,GG,CC,TT,CC,AA,AA,AC,CC,CC,AT,AA,GG,AA,AA,AC,AA,AG,AA,AA,AA,AT,GG,AA,AA,AC,AA,CT,AA,AA,GG,GG,GG,TT,AA,AA,GT,AT,AT,AG,TT,GG,GG,AC,6.96,Resistant,Medium,Standard,Early
L0278,Mandya,Karnataka,Kharif,Red Loamy,Irrigated (Cauvery command),780,27.0,72,AC,TT,GG,AA,GG,CC,GG,AT,CG,GG,AT,CT,CC,TT,TT,GT,GG,TT,TT,AA,CC,GT,GT,CT,TT,CT,GT,TT,GG,AA,TT,CC,AA,CC,GG,GG,GG,CG,GG,CC,TT,CT,AA,TT,AA,GG,TT,TT,CC,AC,GG,AA,AA,GG,CT,TT,AA,AC,GG,CC,AA,GT,AT,AA,TT,TT,CC,GG,TT,GT,AA,GT,CC,AA,GG,AC,AA,GG,TT,TT,GG,GG,GG,CC,AA,GG,AA,AA,CC,TT,CC,TT,CC,TT,TT,AG,CT,AC,GT,CC,CC,CC,AA,AA,AT,TT,CC,AA,AG,AA,CC,GG,TT,CC,TT,AA,AA,TT,CC,GG,CG,GG,CT,GT,CT,AG,NN,CC,NN,CC,AA,TT,CC,AA,CC,CC,AA,TT,AG,AA,GG,CC,CC,GG,AA,AA,AT,CC,GT,CC,CC,AG,GG,GG,GT,GG,AC,TT,TT,GG,AC,TT,TT,TT,CC,AA,TT,TT,TT,TT,GG,CC,AA,CT,CC,CC,GG,CC,AA,GG,AG,CC,TT,CC,GG,TT,GG,AT,AA,AA,TT,CC,GG,AC,AC,CC,GG,GG,AA,GG,TT,AC,AA,CC,GG,AA,CC,AA,AT,GT,TT,TT,AA,CG,TT,AT,CC,TT,TT,AA,GG,AA,TT,AA,TT,CG,TT,AC,CC,TT,CG,GG,CC,AA,CC,TT,CT,TT,CG,TT,AA,CC,AA,GG,CC,CG,GG,CC,GG,TT,AA,CC,TT,GG,CC,CC,AA,GG,CC,AA,CG,AA,AA,CC,CC,AC,TT,AA,GG,AA,AA,AA,AA,GG,AG,AA,AA,TT,GG,AA,AG,CC,AA,TT,AA,AA,GG,GG,GG,TT,AA,AA,TT,TT,TT,AG,TT,GG,GG,AA,7.72,Susceptible,High,Standard,Early
L0279,Mandya,Karnataka,Kharif,Red Loamy,Irrigated (Cauvery command),780,27.0,72,AA,CT,GG,GG,CC,CG,GG,TT,CC,CG,AA,CT,CC,AT,TT,GG,NN,TT,TT,AA,CC,TT,GT,CC,TT,CC,TT,TT,GT,AA,TT,CC,AA,CC,GG,CG,GG,CC,GG,CC,NN,TT,AA,TT,AG,GG,TT,TT,CC,AC,GG,AA,AG,GG,CC,GT,AT,AA,GT,CC,AA,TT,AT,AG,TT,TT,CC,GG,TT,GG,AG,GG,CC,AA,AG,AA,TT,GG,TT,TT,GG,GG,GT,CC,TT,GG,AA,AA,CC,GT,CC,TT,CC,TT,TT,GG,TT,CC,TT,NN,CC,CC,AG,AA,TT,TT,CG,AA,AA,AC,CC,GG,TT,CC,TT,AA,AA,TT,CC,GG,CC,AG,CC,GG,TT,AG,CC,CC,CC,CG,AA,TT,CC,AA,CC,CC,AA,AT,AA,AA,NN,CT,CC,GG,AA,AA,AA,CC,GT,CC,CC,AA,AA,AG,TT,NN,CC,GT,TT,GG,AC,GT,TT,TT,CC,AT,TT,CT,AA,TT,GG,CC,AG,CC,CC,CC,GG,CC,AA,GG,AG,CC,TT,CC,GT,TT,CG,AT,AA,AA,TT,CC,CG,AA,CC,CC,GG,GG,AC,GG,TT,AA,AG,CC,GG,AT,AC,AA,AA,NN,TT,AT,AA,GG,GG,AA,CG,AT,NN,AA,GG,AA,TT,AA,TT,CC,TT,AA,CC,TT,GG,AA,CC,NN,AC,TT,TT,GG,GG,TT,AA,CC,AG,GG,CC,CG,GG,CC,GG,TT,AA,CC,TT,GG,CC,CG,AA,GG,CG,AA,CC,AT,AA,AA,GG,AC,TT,NN,GG,AA,AA,AA,AA,GG,AG,AG,AA,AT,CG,AC,AA,CC,AC,CT,AA,GG,GG,GG,GG,TT,AA,AA,TT,TT,TT,AA,AT,GG,GG,AA,5.25,Susceptible,Low,Standard,Medium
L0280,Mandya,Karnataka,Kharif,Red Loamy,Irrigated (Cauvery command),780,27.0,72,AA,NN,GG,AG,CG,CC,GT,TT,CC,CG,AA,CC,CC,TT,TT,TT,CG,TT,TT,GG,CG,GT,GT,CC,TT,CC,TT,TT,GG,AA,TT,CC,AA,CC,GG,CG,GG,CG,GG,CC,TT,CT,AA,TT,AG,AG,TT,AT,CC,CC,GT,AA,AA,GG,CC,GT,AA,AA,GG,AA,AA,TT,AT,AG,TT,TT,CC,GG,TT,GG,AG,GT,CC,AA,AG,AA,AT,GG,TT,TT,GG,GG,GG,CC,AA,GG,AA,AA,CC,GG,CC,TT,CT,AA,TT,AG,TT,CC,GT,CC,CT,CG,GG,AA,TT,TT,CC,AA,AA,AA,CC,GG,TT,CC,TT,AA,AC,TT,CC,GG,CC,GG,CC,GT,CT,AA,CC,CC,CC,CC,AA,TT,CC,AA,CC,CC,AA,TT,AA,AA,GG,CC,CC,GG,AA,AG,AT,NN,GG,NN,CC,AA,AG,AG,GT,GG,AC,GT,CC,GG,AC,TT,GT,TT,CC,AT,GT,TT,AA,TT,GG,CC,AA,CT,CC,CC,GG,CC,AA,NN,AA,CC,TT,CC,TT,GT,CG,TT,AA,AA,TT,CC,GG,AC,AC,CC,CG,GG,AC,CG,TT,CC,AA,CC,GG,AA,AC,AA,AT,GG,TT,TT,TT,GG,GG,AT,CC,AT,TT,AA,GG,AA,TT,AA,TT,CC,CT,AA,AC,TT,GG,AG,CC,GG,CC,AT,CT,GT,GG,TT,AA,CC,AA,GG,CC,NN,CG,CC,GG,TT,AG,CC,GT,GG,CC,CC,AA,GG,CC,AA,CC,AA,AG,AC,CG,CC,TT,AA,GG,AA,AA,AA,AA,GG,AG,AG,AA,AT,CG,AA,AA,AC,AC,TT,AA,AG,CG,GG,CG,TT,AA,AA,TT,TT,TT,AG,AT,GG,GG,AA,5.57,Moderate,Low,Poor,Late
L0281,Mandya,Karnataka,Kharif,Red Loamy,Irrigated (Cauvery command),780,27.0,72,AA,CT,GG,AG,GG,CC,GT,TT,CC,CC,AA,CC,CG,AT,TT,GG,CG,TT,TT,AG,CC,GT,TT,CT,TT,CC,TT,TT,GG,AA,TT,CC,AA,CC,GG,GG,GT,CG,GG,CC,TT,CT,AC,TT,AA,GG,TT,TT,CG,AA,GG,AT,AA,GG,CC,TT,AA,AA,GG,AA,AA,TT,TT,AA,TT,AT,CC,GG,TT,GT,AA,GG,CC,AA,GG,AC,AA,GG,TT,TT,GG,GG,GT,CC,AA,GG,AA,AT,CC,GG,AC,TT,CC,NN,TT,GG,CT,CC,TT,CC,CC,CG,AG,AA,TT,TT,CC,AA,AG,AC,CC,GG,GG,CC,TT,AC,AC,TT,CC,AG,CC,GG,CT,GG,CT,AG,CC,CC,CC,CG,AA,TT,CC,AA,NN,CC,AA,TT,AA,AA,GG,CT,CC,GG,AA,AG,AT,CC,GT,CC,CC,AA,AA,AG,TT,GG,CC,TT,CT,GG,CC,GT,TT,TT,CC,AA,TT,TT,AA,AT,GG,CC,AG,CC,CC,CC,GG,CC,AA,GG,AG,CC,TT,CC,GG,TT,CG,AT,AA,AG,TT,CC,GG,AC,AC,CC,GG,GG,AA,GG,TT,AA,AA,CG,GG,AA,AC,AA,AA,NN,TT,AA,AT,CG,GG,AA,CC,TT,GT,AA,GG,AA,CT,AA,TT,CC,TT,AC,CC,TT,CG,AA,CG,AG,CC,TT,CT,TT,GG,TT,AC,AC,AA,GG,CG,CG,GG,CG,GT,TT,NN,CC,GT,GG,CC,CC,AT,GG,CC,AA,CC,NN,AG,CC,CC,AC,AT,AA,GG,AA,AA,AC,AA,AG,AA,AG,AA,TT,GG,AC,AA,AC,AA,CT,AA,AG,GG,AG,GG,TT,AT,AA,TT,TT,TT,GG,TT,GG,GG,AA,7.71,Susceptible,Low,Premium,Late
L0282,Mandya,Karnataka,Kharif,Red Loamy,Irrigated (Cauvery command),780,27.0,72,AC,TT,GG,AG,GG,CC,GT,TT,CC,CG,AA,CC,CC,TT,TT,GG,CG,TT,TT,AA,CC,TT,GG,CC,AT,CC,TT,AT,GG,AA,TT,CT,AA,CC,AG,GG,GG,CC,GG,CC,TT,TT,AA,TT,AA,AG,CC,TT,CC,AA,GT,AA,AG,GG,CC,TT,AA,AC,GG,AC,AA,TT,AT,AG,TT,AT,CC,GG,TT,GT,AA,GG,CC,AA,GG,CC,AA,GG,NN,TT,GG,GG,GG,CC,AA,GG,AA,AA,CC,GT,CC,TT,CT,TT,TT,GG,TT,CC,GT,CT,CC,CG,GG,AA,TT,TT,CC,AA,AG,AC,CT,GG,GT,NN,TT,AA,AA,TT,CG,AG,CC,GG,CC,GT,CT,AA,CC,CC,CC,CC,AA,TT,CC,AA,CC,CT,AA,AT,AA,AA,GG,CC,CC,GG,NN,AG,AA,CC,TT,CC,CC,AA,AA,GG,TT,GG,AA,TT,TT,GG,CC,GT,TT,TT,CC,AA,TT,TT,AA,TT,CG,CG,AA,CC,CC,CC,CG,CC,AA,GG,AA,CC,TT,CC,GG,TT,CG,AT,AA,AA,TT,CC,GG,AA,CC,CC,GG,GG,NN,CG,TT,AA,AA,CC,GG,AA,AA,AT,AA,GT,TT,TT,AA,CG,TT,TT,CG,TT,TT,AT,GG,AA,TT,AA,TT,CC,TT,CC,CC,CT,CG,AA,CC,GG,CC,TT,TT,GT,GG,TT,AC,AC,AA,GG,CC,CG,GG,CC,GT,AA,AA,CC,GG,GG,CC,CC,AA,AG,CC,AA,CC,AA,NN,CC,CC,CC,AT,AA,GG,AA,AA,AA,AA,GG,AA,AA,AA,AT,GG,AC,GG,AA,AA,TT,AA,AA,GG,GG,GG,TT,AA,AA,TT,TT,TT,AA,AT,CG,GG,AA,8.84,Susceptible,Medium,Standard,Late
L0283,Mandya,Karnataka,Kharif,Red Loamy,Irrigated (Cauvery command),780,27.0,72,CC,TT,GG,AA,GG,CC,TT,AT,CC,CC,AA,CC,GG,TT,GT,GT,CC,TT,TT,AA,CC,TT,TT,CC,TT,CC,TT,TT,GG,AA,CT,CC,AA,CC,GG,GG,GG,CC,GG,CC,TT,TT,AC,TT,AA,GG,TT,TT,CC,AC,GT,AA,AG,GG,CC,TT,AA,AA,GG,CC,AG,TT,AT,AG,CT,TT,CC,GG,TT,GG,AG,GT,CC,AA,AG,AA,AA,GG,TT,TT,GG,GG,GG,CC,AT,GG,AA,NN,CC,GT,AC,TT,CT,AT,TT,GG,TT,AC,TT,CC,CC,CG,NN,AA,TT,TT,CC,AA,AG,AC,CC,GG,TT,GG,GT,CC,AA,TT,CC,NN,CC,AG,CC,GT,TT,AG,CT,CC,CC,CC,AA,TT,CC,AA,CC,CT,AA,TT,AA,AA,GG,CC,CG,GG,AA,AA,AA,CC,GG,CC,CC,AA,AG,GG,GT,GG,AA,GT,CC,GG,AC,NN,GT,TT,CC,AA,TT,TT,AT,TT,GG,CC,AA,TT,CC,CC,GG,CC,AA,GG,AA,CC,TT,CC,GG,GT,GG,NN,AA,AA,TT,CC,GG,AA,AC,CC,GG,GG,AA,GG,TT,AA,AA,CC,GG,AA,CC,AA,TT,GT,TT,TT,TT,CC,GT,AT,CG,AT,GT,AA,GG,AG,TT,AA,TT,CC,TT,AA,AC,TT,CG,AA,CC,AA,CC,TT,TT,GG,GG,TT,AA,AC,AA,GG,CC,CG,GG,CC,GG,AA,AA,CG,TT,GG,CG,CG,AA,GG,GG,AA,CC,AA,AA,CC,CC,AC,TT,AG,GG,AA,AA,NN,AA,AG,NN,AA,AA,AT,GG,CC,AA,CC,AA,TT,AA,AA,CG,GG,GG,TT,AA,AA,GT,TT,TT,AA,TT,GG,GG,AA,6.29,Moderate,High,Poor,Late
L0284,Mandya,Karnataka,Kharif,Red Loamy,Irrigated (Cauvery command),780,27.0,72,NN,TT,GG,AG,GG,CC,GT,AT,CC,CG,AA,CC,GG,AT,TT,GT,CG,TT,NN,AA,CC,TT,TT,CC,AT,CC,TT,TT,GG,AA,NN,CC,AA,CC,GG,GG,GG,CC,GG,AC,TT,TT,AA,NN,AG,GG,TT,TT,CC,AA,GG,AA,AA,GG,CT,TT,AA,AA,GG,AC,NN,TT,TT,AA,TT,AT,CC,GG,TT,TT,AG,NN,CC,AA,AG,AA,AT,GG,GT,TT,GG,GG,GG,CC,AT,GG,AA,AA,CC,GT,CC,TT,CT,TT,GT,AG,TT,CC,GG,CC,CC,CC,AA,AG,TT,TT,CG,AG,AG,AA,CC,GG,TT,CG,TT,AA,AA,AT,CC,AG,CG,GG,CC,GG,TT,AA,CC,CC,CC,CC,AA,TT,CC,AA,CC,CC,AA,TT,AA,AT,CG,CC,CC,GG,AG,AG,AA,CC,GG,CC,CC,AA,AG,GG,TT,GG,AC,TT,TT,GG,CC,TT,GG,TT,CG,AT,TT,TT,AA,TT,GG,CC,AA,CT,CC,CC,GG,CC,AA,AG,AA,CC,TT,CG,GG,GT,CG,TT,AA,AA,TT,AC,GG,AC,CC,CG,GG,AA,AA,GG,TT,AA,AA,CC,GG,AA,CC,AA,AA,GG,TT,AA,TT,GG,GT,AA,CC,AT,TT,AA,AG,NN,TT,AC,TT,CC,TT,AC,AA,CT,GG,AA,CC,GG,CC,AT,TT,TT,GG,TT,AC,CC,AA,GG,CC,CC,GG,CC,GG,AT,AA,CC,GT,GG,CC,CC,AT,AG,CC,AT,CC,AT,AA,AC,CG,AA,TT,AA,GG,AA,AA,AC,AC,GG,AG,AG,AA,AA,GG,AA,AG,CC,AA,CT,AA,AA,GG,GG,GG,TT,AA,AA,TT,TT,TT,AA,TT,GG,GG,AA,7.04,Susceptible,High,Premium,Late
L0285,Mandya,Karnataka,Kharif,Red Loamy,Irrigated (Cauvery command),780,27.0,72,AA,CT,GG,GG,GG,CC,GG,TT,CC,CG,AT,CT,CG,TT,GT,GT,GG,TT,TT,AG,CC,TT,GT,CT,AT,CC,GT,TT,GG,AA,TT,CC,AA,CC,GG,GG,GG,NN,GG,AC,TT,CT,AA,TT,AA,AG,TT,TT,NN,AC,GT,AA,AA,GG,CC,TT,AT,AC,GG,AA,AA,TT,AT,AA,TT,AT,CC,GG,TT,GG,AG,GG,CC,AA,GG,AC,AT,GG,GT,CT,GG,GG,GG,AC,AA,GG,AA,AA,CC,GT,CC,TT,CT,TT,TT,GG,TT,CC,TT,CC,CC,CC,AG,AA,AT,TT,CG,AG,AG,AC,CC,GG,TT,CG,TT,AA,AA,TT,CC,AG,CC,GG,CC,GT,NN,AA,CC,CC,CC,CC,AA,TT,CC,AA,AC,CC,AA,TT,AA,AA,GG,CC,CC,GG,AA,AG,AA,AC,GG,CC,CC,AA,AA,GG,GT,GG,AA,TT,CT,GG,CC,GT,GG,TT,CG,AT,TT,TT,AA,NN,GG,CC,AA,CT,CC,CC,GG,CC,AA,GG,AG,CC,GT,CC,GG,TT,GG,AA,AA,AA,TT,AC,GG,AA,NN,CC,GG,GG,CC,GG,TT,AC,AA,CC,GG,AA,CC,AT,AT,GT,GT,TT,AA,GG,GT,AA,CC,AT,TT,AA,AG,AA,CT,AA,NN,CC,TT,AC,CC,TT,GG,AA,CC,AG,AC,TT,TT,GT,GG,TT,AA,AC,AA,GG,CC,CG,GG,CC,GG,TT,AA,CC,GT,GG,CC,CC,AA,AG,CC,AA,CC,AA,AA,CC,CC,AC,TT,AA,GG,AA,AA,AA,AA,AG,GG,AA,AA,TT,GG,AC,AA,CC,AA,TT,AG,AA,CG,GG,GG,TT,AT,AA,TT,TT,NN,AA,AT,GG,GG,AA,5.57,Resistant,Medium,Premium,Early
L0286,Mandya,Karnataka,Kharif,Red Loamy,Irrigated (Cauvery command),780,27.0,72,NN,TT,GG,GG,NN,CG,GG,TT,CC,CC,AA,CC,CG,TT,TT,GT,CC,TT,TT,GG,CC,GT,TT,CC,TT,CC,TT,TT,GG,AA,TT,CC,AA,CC,GG,GG,GG,CC,GG,CC,TT,CT,AC,GT,AG,AA,TT,TT,CC,CC,GG,AA,AG,GG,CT,TT,AA,AA,GG,AA,AA,TT,AT,AG,TT,TT,CC,GG,TT,GT,GG,GG,CC,AA,AG,AC,NN,GG,TT,TT,GG,GT,GG,CC,AA,GG,AA,AT,CC,GT,CC,TT,CT,TT,NN,GG,TT,CC,TT,CC,CT,CG,AA,AA,TT,GT,CC,AA,GG,AC,CC,GG,TT,CC,TT,AA,AC,TT,CG,GG,CC,GG,CC,GT,CT,AA,CT,CC,AA,CC,AA,TT,CC,AA,CC,CC,AA,TT,AA,AT,NN,CC,CC,GG,AA,AG,AA,AC,GG,CG,CC,NN,AA,GG,GT,AG,AA,GT,TT,GG,CC,GT,TT,TT,NN,AA,TT,TT,AA,AT,GG,CC,AA,CT,CC,AC,GG,CC,AA,GG,AG,CC,TT,CC,GG,TT,CG,AT,AA,AG,TT,CC,GG,AA,CC,CC,GG,GG,AA,GG,TT,AC,AA,CC,GG,TT,CC,AA,AT,GG,TT,AT,AT,CG,GT,AA,CC,TT,TT,AA,GG,AA,TT,AC,TT,NN,TT,AC,CC,TT,GG,AG,CC,AG,CC,TT,TT,TT,GG,TT,AA,CC,AG,GG,CC,CG,GG,CC,GG,AA,AA,CC,TT,GG,CC,CC,AA,GG,CC,AA,CC,AA,AA,CC,CC,AC,TT,AA,GG,AA,AA,AA,AA,GG,AA,AA,AA,TT,GG,AA,AA,CC,AC,CT,NN,AA,GG,NN,GG,TT,AA,AG,TT,TT,NN,AG,TT,GG,CG,AA,5.03,Susceptible,Medium,Poor,Late
L0287,Mandya,Karnataka,Kharif,Red Loamy,Irrigated (Cauvery command),780,27.0,72,AA,TT,GG,AA,GG,CG,GT,TT,CC,CC,AA,CC,CC,AT,TT,GG,GG,TT,TT,AG,CC,GT,GT,CC,TT,CC,TT,TT,GG,AA,TT,CC,AA,CC,GG,CG,GG,CC,GG,CC,GT,CT,AA,TT,AA,GG,CT,TT,CC,CC,TT,AA,AG,GG,CC,TT,AA,AC,GT,CC,AA,TT,TT,AG,TT,TT,CT,GG,TT,GT,AA,GG,CC,NN,GG,CC,AT,GG,TT,TT,GG,GG,GG,CC,AT,GG,AA,AA,CC,GT,AC,TT,NN,TT,TT,GG,TT,CC,TT,CC,CT,GG,GG,AG,AT,TT,CG,AA,AG,AA,CC,GG,TT,CC,GT,AA,AA,TT,GG,GG,GG,GG,CC,GG,TT,AA,CT,CC,CC,CC,AA,TT,CC,AA,CC,CC,AA,TT,AA,AA,NN,CC,CG,GG,AA,AG,AA,AC,GG,CC,CC,AG,AG,GG,TT,AG,AC,TT,CC,AG,AC,TT,TT,TT,CC,AT,TT,TT,AA,TT,GG,CC,AA,CC,CC,CC,GG,CC,AA,GG,AA,CC,TT,CC,GT,TT,CG,TT,AA,NN,TT,CC,GG,AC,NN,CC,GG,GG,AA,CG,TT,AC,AA,CC,GG,AA,CC,AA,AA,GT,TT,AT,AA,GG,GG,AA,CC,TT,TT,AA,GG,AA,CT,AA,TT,CC,TT,AA,CC,CT,GG,AG,CC,AA,CC,TT,CT,NN,GG,TT,AC,CC,AG,GG,CC,CG,GG,CG,GG,TT,AA,CG,GT,GG,CC,CC,AA,GG,CC,AT,CC,AA,AA,AC,CC,CC,TT,AA,GG,AT,AA,CC,AA,GG,AG,AG,AA,TT,GG,AA,AG,AC,AA,TT,AA,AA,GG,GG,GG,TT,AA,AA,TT,TT,NN,AA,TT,GG,GG,AA,6.13,Resistant,High,Poor,Medium
L0288,Mandya,Karnataka,Kharif,Red Loamy,Irrigated (Cauvery command),780,27.0,72,AC,TT,GG,AA,GG,CC,GT,TT,CG,CC,AA,CT,CG,AT,TT,GG,CG,TT,TT,AG,CG,GT,GT,CC,AT,CC,TT,TT,GG,AA,TT,CC,AA,AC,GG,GG,GG,CG,GG,AC,TT,CT,AC,TT,AA,GG,TT,AT,CC,AC,GT,AA,AG,GG,CC,GT,AA,AC,GT,AA,AA,TT,AA,GG,TT,TT,CC,GT,TT,GT,AA,GT,CC,AA,AG,AC,AT,GG,TT,TT,GG,GG,GG,CC,AT,GG,AA,AA,CC,TT,CC,TT,CT,TT,TT,GG,TT,AC,TT,CC,CT,CC,GG,AA,TT,TT,CC,AG,GG,AC,CT,GG,GT,CG,GT,AC,AC,AT,CC,AG,CG,AG,NN,NN,CT,AA,CC,CC,CC,CC,AA,TT,CC,AA,CC,CC,AA,TT,AA,AT,CG,CC,NN,GG,AA,AG,AA,CC,GT,CC,CG,AA,AG,GG,GG,GG,AC,GT,TT,AG,AC,GG,GT,TT,CC,AT,TT,TT,AA,TT,CG,CC,AA,CC,CC,CC,CG,CC,AA,GG,AA,CC,TT,CC,GT,GT,GG,AT,AG,AA,TT,CC,GG,AC,AA,CC,GG,GG,AA,GG,TT,AA,AA,CC,GG,AA,CC,AA,AA,GG,GT,TT,AT,GG,GT,TT,CG,TT,GT,AA,GG,AA,CT,AA,TT,CC,TT,AA,AC,CT,GG,AA,CC,AA,CC,AT,CT,GT,GG,TT,AC,CC,AA,GG,CC,CG,GG,CC,GG,AA,AA,CC,TT,GG,CC,CC,AA,AG,CG,AA,CC,AA,AA,CC,CC,CC,TT,AA,GG,AA,AA,AA,AC,AG,AA,AG,AA,AA,GG,AA,AA,CC,AC,CT,AA,AA,CG,GG,GG,GT,NN,AG,GG,TT,TT,AA,AT,GG,GG,AA,4.59,Susceptible,Low,Poor,Early
L0289,Mandya,Karnataka,Kharif,Red Loamy,Irrigated (Cauvery command),780,27.0,72,AA,TT,GG,AA,GG,CC,TT,AT,CC,CC,AA,CC,CG,AT,TT,GG,CG,TT,TT,AA,CC,GT,GG,CC,TT,CC,GT,TT,GG,AA,TT,CT,AA,CC,GG,GG,GG,GG,GG,CC,TT,TT,AA,GT,GG,GG,TT,AT,CC,AA,GG,AA,AA,GG,CT,TT,AA,AA,TT,AC,AG,TT,TT,AG,CT,TT,CC,GG,TT,GT,AA,GT,AC,AA,GG,AA,AT,GG,TT,TT,AG,GT,GG,CC,AA,GG,AA,AA,CC,TT,AC,TT,CT,TT,GT,AG,TT,CC,GT,CC,NN,CG,AG,AA,AT,TT,CG,AA,AA,AC,CC,GG,TT,CC,GT,CC,AC,TT,CC,AG,CC,GG,CC,GT,CT,AA,CT,CC,CC,CC,AA,TT,CC,AA,CC,CC,AA,TT,AA,AA,GG,CC,CC,GG,AA,AA,AA,CC,GG,CC,CC,AG,AG,GG,GT,GG,AC,GT,CT,GG,AC,TT,TT,CT,CG,AA,NN,TT,AA,NN,GG,CC,AG,CC,CC,CC,CG,CC,AA,GG,AA,CC,GT,CC,GT,TT,GG,AT,AA,AA,TT,CC,GG,AA,AA,CC,GG,GG,AA,GG,TT,AC,AA,CC,GT,AT,AC,AA,AT,GG,TT,TT,TT,GG,TT,AT,CC,AA,TT,AA,GG,AA,TT,AC,TT,CC,TT,AA,CC,TT,GG,AA,CC,GG,CC,TT,TT,TT,GG,TT,AC,AC,AA,GT,NN,CC,GG,CC,GG,TT,AA,CC,GG,GG,CC,CG,AA,GG,CC,AT,CC,AA,AA,CC,CG,AA,TT,AG,GG,AA,AA,AC,AA,AG,AG,AA,AA,TT,GG,AA,AG,CC,AA,TT,AA,AG,GG,GG,GG,GG,AT,AA,TT,TT,TT,AG,TT,GG,GG,AA,7.56,Susceptible,Low,Standard,Late
L0290,Mandya,Karnataka,Kharif,Red Loamy,Irrigated (Cauvery command),780,27.0,72,AC,TT,GG,AA,GG,CC,GT,TT,CC,NN,AA,CC,GG,AT,TT,GG,CG,TT,TT,AA,NN,GT,GT,TT,TT,CC,TT,TT,GG,AA,TT,CC,AA,CC,AG,GG,GG,CC,GG,CC,TT,CT,AA,TT,AG,GG,TT,AT,CC,CC,NN,AA,AA,GG,CC,TT,AA,AA,GT,AA,AG,GT,AA,AA,TT,TT,CC,GG,CT,GG,AA,NN,CC,NN,AA,AC,AT,GG,TT,TT,GG,TT,GT,CC,AT,GG,AA,AT,CC,GT,CC,TT,CC,TT,GG,GG,CT,CC,TT,CC,CC,CC,AG,AG,AT,TT,CC,AA,AG,AA,TT,GG,TT,CC,TT,AA,AA,TT,CC,GG,CC,GG,CC,GG,TT,AA,CC,CC,CC,CC,AA,TT,CC,AA,NN,CC,AA,TT,AA,AT,GG,CC,CC,GG,AA,GG,AA,CC,GG,CC,CC,AA,AA,GG,GG,GG,CC,NN,CC,GG,AC,TT,TT,TT,CC,AA,TT,TT,AA,TT,GG,CC,AA,CC,CC,CC,CG,CC,AA,GG,AA,CC,TT,CC,GT,TT,GG,TT,AA,AG,TT,AC,GG,AA,NN,CC,GG,GG,AA,GG,TT,AC,AA,CC,GG,AT,CC,AA,AT,GG,TT,TT,AA,CG,GG,AA,CC,TT,TT,AA,AG,AA,CT,AA,TT,CC,TT,AA,CC,TT,GG,AA,CC,AA,AC,TT,CT,GT,GG,TT,AA,CC,AA,GG,CC,CC,GG,CC,GG,AT,AA,CC,GT,GG,CG,CC,AT,GG,CC,AA,CC,AA,AA,CC,CG,AC,TT,AA,GG,AA,AA,AA,AA,AG,AA,AG,AA,AT,GG,AC,AA,CC,AA,CT,AA,AA,GG,GG,GG,TT,AA,AA,TT,TT,TT,AG,AT,GG,CG,AA,7.01,Susceptible,Low,Poor,Early
L0291,Mandya,Karnataka,Kharif,Red Loamy,Irrigated (Cauvery command),780,27.0,72,CC,TT,GG,NN,GG,CC,GG,AT,CC,CC,AA,CT,CC,AT,TT,GG,GG,TT,TT,AA,CC,GT,TT,CC,AT,CC,GT,TT,GG,AA,TT,CC,AA,CC,GG,CG,GG,CC,GG,CC,TT,CT,AA,TT,AA,GG,TT,TT,CC,AC,GT,AA,AA,GG,CT,TT,AA,AA,GT,CC,AA,GT,AT,AG,TT,TT,CC,GG,TT,GG,AG,GT,AC,AA,AG,AA,AT,GG,TT,TT,GG,TT,GT,CC,AA,GG,AG,AA,CC,GT,CC,TT,CC,TT,GT,GG,CT,CC,GG,CC,CT,CC,GG,AA,TT,TT,CC,AA,AA,AA,CC,GG,TT,CC,NN,AA,AA,TT,CC,AG,CG,GG,CT,GG,CT,AA,CC,CC,CC,CC,AA,TT,CC,AA,CC,CC,AA,TT,AA,AA,GG,CC,CC,GG,AG,AA,AA,CC,GT,CC,CC,AA,AG,GG,TT,AG,AC,GG,TT,GG,CC,GT,TT,TT,CC,AA,GT,TT,AA,TT,GG,CG,GG,CC,CC,CC,GG,CC,AA,GG,AA,CC,TT,CC,GG,TT,CG,AT,AA,AA,TT,CC,GG,AA,CC,CC,GG,GG,AA,CG,TT,AA,AA,CC,GT,AA,CC,AA,AA,GG,TT,TT,AT,CG,GT,AT,CC,AT,GG,AA,GG,AA,CT,AA,TT,CC,CT,AC,CC,CT,GG,GG,CC,AG,AC,TT,CT,GT,GG,TT,AA,CC,AA,GG,CC,CG,GG,CC,GG,TT,AA,CG,GT,GG,CC,CG,AT,GG,CC,AA,NN,AA,AA,AC,CG,CC,AT,AG,GG,AA,AC,AA,AA,GG,AG,AA,AA,TT,GG,AA,AA,AC,AC,NN,AA,AA,GG,GG,GG,GT,AA,AG,TT,TT,TT,AG,AT,GG,GG,AA,6.07,Moderate,Low,Standard,Early
L0292,Mandya,Karnataka,Kharif,Red Loamy,Irrigated (Cauvery command),780,27.0,72,AA,TT,GG,AG,GG,CC,GT,TT,CC,CC,AA,CT,CC,AT,TT,GG,GG,TT,TT,AG,CC,TT,GT,CC,TT,CC,TT,TT,GG,AA,TT,NN,AA,CC,GG,GG,GG,GG,GG,CC,TT,CT,AC,TT,AG,GG,TT,AT,CC,AA,GG,AA,GG,GG,CC,GT,AA,AA,GG,AA,AA,TT,TT,AA,TT,TT,CC,GG,CT,GG,AA,GG,CC,AA,AG,AC,AA,GG,TT,TT,GG,GG,GG,CC,AA,GG,AA,AT,CC,GT,CC,TT,CC,TT,GT,AG,TT,CC,GG,CT,CC,CG,AG,AA,AT,TT,CC,AG,GG,AC,CC,GG,TT,CG,TT,AA,AA,TT,CC,AA,CG,AA,CC,GG,CT,AG,CC,CC,CC,CC,AA,TT,CC,AA,CC,CC,AA,TT,AA,AT,GG,CC,CC,GG,AG,AG,AA,AC,GG,CC,CC,AG,AA,GG,GT,GG,AC,TT,TT,GG,AA,GT,GT,TT,CC,AT,TT,TT,AA,AT,GG,CC,AA,CT,CC,AC,GG,CC,AA,GG,AG,CC,TT,CC,GT,GT,GG,TT,AA,AA,TT,CC,GG,AC,AC,CC,GG,GG,AC,GG,CT,AA,GG,CC,GG,AA,AC,AA,AT,GT,TT,TT,AA,CG,GG,AT,CG,TT,GG,AA,GG,AA,TT,AA,TT,CC,CT,AA,AA,CT,CG,AG,GG,AG,CC,TT,TT,GT,GG,TT,AA,CC,AG,GG,CC,CG,GG,CC,GG,AT,AA,CC,TT,GG,CG,CG,AA,GG,CG,AA,CC,AA,AA,AA,CC,AC,TT,AA,GG,AA,AA,NN,AA,GG,AA,AA,AA,AT,CG,AC,AG,AA,CC,TT,AA,AA,GG,GG,CG,TT,AT,NN,TT,TT,TT,AA,TT,GG,CG,AA,8.0,Susceptible,Medium,Poor,Early
L0293,Mandya,Karnataka,Kharif,Red Loamy,Irrigated (Cauvery command),780,27.0,72,AC,TT,GG,AA,GG,CC,GT,AA,CC,GG,AA,CC,GG,TT,TT,GG,GG,TT,TT,AA,CC,TT,TT,CT,AT,CC,TT,TT,GG,AA,TT,CC,AA,CC,GG,CG,GG,GG,GG,CC,TT,CC,AA,TT,AA,AG,CT,TT,CC,AA,GG,AA,AA,GG,CT,TT,AA,AA,GT,CC,AA,TT,AT,AG,CT,AT,CC,GG,TT,GG,AA,GG,CC,AA,GG,AC,AA,GG,TT,TT,GG,GG,GT,CC,AA,GG,NN,AA,CC,GT,CC,TT,CT,TT,TT,GG,TT,CC,TT,CC,CC,CG,AG,AA,TT,TT,CC,AG,AG,AA,CC,GG,TT,CG,TT,AA,AA,TT,CC,AG,CC,GG,CT,GG,CT,AA,CT,CC,NN,CG,AA,GT,CC,AA,CC,CT,AA,TT,AA,AA,NN,CT,CC,GG,AA,AA,AT,CC,GG,CC,CG,AA,AA,GG,GT,GG,AC,GT,TT,AG,CC,GT,TT,TT,CC,AA,TT,TT,AA,AT,CG,CC,AA,CC,CC,CC,GG,AC,AA,GG,AA,CC,GT,CC,GT,TT,CG,TT,AA,AA,TT,AC,GG,AC,CC,CC,GG,GG,CC,CG,TT,AA,AA,CC,GG,AT,CC,AA,TT,GG,GT,TT,AT,GG,GT,AT,CG,AT,GT,AA,GG,AA,CC,AA,TT,NN,CT,AA,CC,TT,GG,AA,CC,AG,CC,TT,TT,GT,GG,TT,AC,AC,AA,GG,CC,CG,GG,CC,GG,AT,AA,CC,TT,GG,CC,CC,AT,GG,CC,AT,CC,AA,AA,CC,CG,CC,TT,AA,GG,AA,AA,AC,AA,AA,GG,AA,AA,TT,GG,AA,AG,AA,AA,CT,AG,AA,GG,GG,GG,TT,AA,AA,TT,TT,TT,AG,AT,GG,GG,AC,5.9,Resistant,Low,Poor,Early
L0294,Mandya,Karnataka,Kharif,Red Loamy,Irrigated (Cauvery command),780,27.0,72,CC,TT,AA,GG,CG,CC,GT,TT,CC,CC,AT,CC,CG,TT,TT,GG,CG,TT,TT,AA,CC,TT,GT,CC,TT,CC,GT,TT,TT,AA,TT,CT,AA,CC,GG,CG,GG,CC,GG,CC,TT,CT,AC,TT,AA,GG,CT,TT,CC,AA,GG,AT,AA,GG,CC,GT,AA,AC,GT,AA,AA,GT,TT,AA,TT,TT,CC,GG,CT,GG,AA,GG,CC,AA,GG,AC,AT,GG,TT,TT,AG,GT,GG,CC,AT,GG,AG,AA,CG,TT,CC,TT,CC,TT,GT,GG,TT,CC,GT,CC,CC,CG,AG,AG,TT,TT,CG,AG,AG,AA,CC,GG,GT,CC,TT,AA,AC,TT,CG,AG,CG,GG,CC,GG,CT,AA,CC,CC,CC,CC,AA,TT,CC,AA,CC,CC,AA,TT,AA,AT,GG,CC,CC,GG,AA,AA,AT,AC,GG,CG,CG,AA,AG,GG,GT,GG,AA,TT,CT,GG,CC,TT,GG,TT,CC,AT,TT,TT,AA,AT,CG,CC,AA,CC,CC,CC,CG,AC,AA,GG,AA,CC,TT,CC,GT,GT,CG,AT,AA,AG,TT,CC,CG,NN,CC,CC,GG,GG,CC,GG,TT,AC,AA,CC,GG,AT,CC,AA,AT,GT,TT,TT,AT,CG,GG,AT,CC,AA,TT,AA,GG,AA,CT,AA,TT,CC,TT,AA,CC,CT,CG,AA,NN,NN,CC,TT,CT,TT,GG,TT,AA,NN,AG,GG,CC,CG,GG,CC,GG,AA,NN,CG,GT,GG,CC,CG,AA,GG,CG,AA,CG,AT,AA,CC,CC,AC,TT,AA,GG,AA,AA,AA,AA,GG,AG,AA,AA,TT,GG,AA,AA,CC,AA,CT,AA,AA,GG,GG,GG,TT,AA,AA,GT,TT,TT,AG,AT,GG,GG,AA,5.31,Susceptible,Low,Premium,Early
L0295,Mandya,Karnataka,Kharif,Red Loamy,Irrigated (Cauvery command),780,27.0,72,AA,TT,AA,AA,GG,CC,GT,TT,CC,GG,AA,CC,CC,AT,TT,GG,CG,TT,TT,AA,CC,TT,GT,CC,NN,CC,TT,AT,GT,AA,TT,CC,AA,AC,GG,CG,GG,CC,GG,CC,TT,CT,AA,GT,AA,AG,TT,AA,CC,CC,GG,AA,AG,GG,CC,TT,AT,AA,GT,AC,AA,TT,TT,AA,TT,NN,CC,GG,TT,GG,AA,GG,CC,AA,GG,AA,AA,GG,TT,TT,GG,GT,GT,CC,AA,GG,AG,AT,CC,TT,NN,GT,CT,TT,TT,GG,TT,CC,GT,CC,CC,CC,AA,AA,TT,TT,CC,AA,AG,CC,TT,GG,TT,CC,TT,AA,AA,TT,CC,GG,CG,AG,CC,GG,TT,AA,CC,CC,CC,CC,AA,TT,CC,AA,CC,CT,AA,TT,AA,AA,GG,CC,CG,GG,AA,AG,AA,AC,GT,CC,CC,AA,AA,GG,TT,GG,AA,GT,TT,GG,AC,GT,TT,CT,CC,AA,TT,TT,AA,TT,GG,CC,AG,CT,CC,AC,GG,CC,AA,GG,AA,CC,TT,CC,GT,GT,GG,AT,AA,AG,TT,AC,GG,AA,CC,CC,GG,GG,AC,GG,TT,AA,AA,CC,GG,AT,CC,AA,AT,GG,TT,AT,AT,GG,GT,AT,CC,AT,GG,AA,GG,AA,CT,AA,TT,CC,CT,AC,CC,TT,GG,AA,CC,AA,CC,TT,TT,TT,GG,AT,AC,AA,AA,NN,CC,CC,GG,CC,GG,TT,AG,CC,TT,GG,CC,CC,AA,GG,CC,TT,CC,AA,AA,AC,CC,CC,TT,AA,GG,AA,AA,AA,AA,GG,AA,AA,AA,TT,GG,AA,GG,AC,AA,TT,AA,AA,GG,GG,GG,GT,AT,AA,TT,TT,TT,GG,AT,GG,GG,AA,9.09,Susceptible,High,Poor,Medium
L0296,Mandya,Karnataka,Kharif,Red Loamy,Irrigated (Cauvery command),780,27.0,72,AA,CT,NN,AA,GG,CC,GG,AT,CC,CG,AT,CC,CG,AT,TT,GG,GG,TT,TT,AA,CC,TT,GT,CT,TT,CC,TT,TT,GG,AA,CT,CC,AA,CC,GG,CG,GG,CC,GG,CC,TT,TT,AA,GT,GG,GG,TT,TT,CC,CC,GG,AA,AG,GG,CT,TT,AT,CC,GG,AA,AG,TT,TT,AG,TT,AT,CC,GG,TT,GG,NN,GG,CC,AA,GG,AC,AA,GG,TT,TT,GG,GG,GG,CC,AA,GG,AA,AA,CC,TT,AA,TT,CC,TT,GT,GG,TT,CC,TT,CC,CT,CC,AG,AA,AA,TT,CG,AA,AG,AA,CT,GG,GT,CG,GT,AA,AA,TT,CC,GG,CC,GG,CC,GG,TT,AG,TT,CC,CC,CC,AA,TT,CC,AA,CC,CT,AG,TT,AA,AA,CG,CT,CC,GG,AA,AA,AT,CC,GG,CC,CC,AG,AA,AG,TT,GG,AC,NN,CC,GG,AC,TT,TT,TT,CC,AA,TT,CT,AA,TT,GG,CG,AA,CT,CC,CC,GG,CC,AA,GG,GG,CC,NN,CG,GG,TT,CG,TT,AA,NN,TT,CC,CG,AC,CC,CC,GG,GG,AC,GG,TT,AC,AA,CG,GG,AA,AC,AA,AT,GG,TT,TT,AA,CG,GG,AA,CC,AT,GG,AA,AG,AA,CT,AA,TT,CC,TT,AA,CC,TT,GG,GG,CC,AA,AC,AT,CT,TT,GG,TT,AC,CC,AG,GG,CC,CC,GG,CC,GG,AT,AA,CC,GT,GG,CC,CC,AA,AG,CC,AT,CC,AA,AA,AC,CC,AC,TT,AA,GG,AA,AA,AA,AC,AA,AG,AG,AA,TT,GG,AA,AA,CC,AC,CC,AA,AA,GG,GG,GG,TT,AT,AA,TT,TT,AT,AG,TT,GG,GG,NN,8.32,Susceptible,High,Standard,Medium
L0297,Mandya,Karnataka,Kharif,Red Loamy,Irrigated (Cauvery command),780,27.0,72,AC,CT,GG,GG,GG,CC,GT,TT,CC,CG,AA,CC,CC,TT,GT,GG,GG,TT,TT,AG,CC,TT,GT,CC,TT,CC,GT,TT,GT,AA,TT,CC,AA,CC,GG,CG,GG,CC,GG,CC,TT,CT,AA,TT,AG,AG,TT,TT,CC,CC,GT,AA,AA,GG,CC,GT,AA,AA,GT,AA,AA,GT,TT,AA,TT,AT,CC,GG,TT,GT,AG,GG,CC,AA,GG,AC,AT,GG,TT,TT,GG,GG,GG,CC,AA,GG,AA,AA,CC,TT,CC,TT,CC,TT,GT,GG,TT,CC,GT,CC,CT,CG,AG,AA,TT,TT,CC,AA,AA,AA,CC,GG,TT,CC,TT,AC,AA,TT,CG,GG,CC,GG,NN,GG,TT,AA,CC,CC,CC,CC,AA,TT,CC,AA,CC,CT,AA,TT,AA,AA,GG,CC,CC,GG,AA,GG,AA,CC,TT,NN,CC,AA,AA,GG,TT,GG,CC,TT,TT,GG,CC,TT,TT,TT,CG,AA,TT,TT,AA,TT,GG,CC,AG,CC,AC,CC,GG,CC,AA,GG,AA,CC,TT,CC,GT,GT,GG,AT,AA,AG,NN,CC,GG,CC,CC,CG,GG,GG,AC,GG,TT,AA,AG,CC,GG,AA,AC,AT,AA,GT,GT,TT,TT,GG,NN,AA,CG,TT,TT,AA,NN,AA,CT,AA,TT,CC,TT,AA,CC,TT,GG,AA,CC,AG,CC,TT,CT,TT,GG,TT,AA,CC,AA,GT,CC,CG,GG,CC,GT,TT,NN,CC,TT,GG,CG,CC,AT,GG,CC,AA,CC,NN,AA,CC,GG,CC,TT,AA,GG,AT,AA,AC,AA,AA,AA,AA,AA,TT,CG,AA,AA,CC,AA,CT,AG,AA,GG,GG,GG,GT,AT,AA,TT,TT,TT,AA,TT,GG,GG,AA,7.3,Susceptible,Low,Standard,Early
L0298,Mandya,Karnataka,Kharif,Red Loamy,Irrigated (Cauvery command),780,27.0,72,AA,TT,GG,AG,CG,CG,GG,TT,CC,CG,AT,CC,CG,TT,TT,GG,CG,TT,TT,AA,CC,GT,GT,CC,TT,CC,TT,TT,GG,AA,TT,CT,AA,CC,GG,GG,GG,CC,GG,CC,TT,CT,AA,TT,AG,GG,TT,TT,CC,CC,GG,AT,AA,GG,TT,GT,AA,AA,GT,AA,AA,TT,TT,AA,TT,TT,CC,GG,TT,GG,AG,GG,CC,AG,AG,AA,AT,GG,TT,TT,GG,GG,GT,AC,AT,NN,AA,AA,CC,TT,CC,TT,CT,TT,GT,GG,CC,CC,GT,CT,CC,CG,AG,AA,NN,TT,CC,AA,AG,CC,CC,GG,GT,CG,TT,AA,AA,TT,CC,GG,CG,GG,CC,GT,TT,AA,CC,CC,CC,CC,AG,TT,CC,AA,CC,CC,AA,TT,AA,AA,CG,CT,CC,GG,AA,AA,AT,AC,GT,CC,NN,AA,AA,AG,GT,GG,AA,TT,CT,GG,CC,TT,TT,CT,CC,AA,TT,TT,AA,AT,GG,CC,AA,CC,CC,CC,GG,CC,AA,GG,AG,CC,TT,CG,TT,GT,GG,TT,AA,AA,NN,CC,GG,AA,CC,CC,CG,GG,AC,GG,TT,AC,AA,CC,GG,AA,CC,AA,AT,GG,TT,AT,AA,GG,GT,AT,CG,TT,TT,AT,GG,NN,CT,AA,TT,CC,TT,AA,CC,TT,CG,AA,CC,AA,AC,TT,TT,GT,GG,AT,CC,AC,AA,GG,CC,CG,GG,CC,GT,TT,AA,CC,TT,GG,CG,CC,AA,GG,CC,AA,CC,AT,NN,AC,CC,AC,TT,AA,GG,AA,AA,AC,AC,AG,AG,AA,AA,TT,GG,AC,AA,AC,AC,CT,AA,AA,GG,GG,GG,TT,AT,AA,GG,TT,TT,AG,AT,GG,CG,AA,10.31,Susceptible,Low,Premium,Late
L0299,Mandya,Karnataka,Kharif,Red Loamy,Irrigated (Cauvery command),780,27.0,72,AA,TT,GG,AA,CG,CC,GT,TT,CC,CC,AA,CC,CC,TT,TT,GG,GG,TT,TT,AG,CC,TT,GT,CC,AT,CC,GT,TT,GG,AA,TT,CT,AA,CC,GG,CG,GG,CG,GT,CC,TT,CT,AA,TT,AA,GG,CT,TT,CC,AA,GT,AA,AG,GG,CC,TT,TT,AC,GT,AC,AA,TT,TT,AA,TT,TT,CC,GG,TT,GG,AA,GT,CC,AA,GG,AC,AA,GG,TT,TT,AG,GG,GG,CC,AA,GG,AA,AA,CC,GT,CC,TT,TT,TT,NN,GG,TT,CC,TT,CC,CC,CC,AG,AA,AT,TT,CC,AA,GG,AA,CT,GG,GT,CC,GT,AA,AA,TT,CG,GG,CC,GG,CC,GT,TT,AA,CC,CC,CC,CC,AA,TT,CC,AA,NN,CC,AA,TT,AG,AA,GG,CT,CC,GG,AA,AG,AA,CC,NN,CC,CC,AG,AA,NN,GT,GG,AA,GT,TT,AG,CC,TT,TT,TT,CC,TT,TT,CT,AT,TT,GG,CC,AG,NN,CC,CC,CG,AC,AA,GG,AA,CC,TT,CG,GG,TT,CG,TT,AA,AA,TT,CC,GG,AC,CC,CC,GG,GG,AA,GG,TT,AC,AA,CC,GG,AA,AC,AA,AT,GG,GT,TT,AT,CC,GG,AA,CC,TT,GG,AT,GG,AA,CT,AA,TT,CC,TT,CC,AC,TT,GG,AA,CC,AG,CC,TT,TT,TT,GG,AT,AA,CC,AA,GG,CC,CG,GG,CC,GG,TT,AA,CG,TT,GG,CC,CC,AT,GG,CG,AA,CC,AT,AA,AA,CG,AC,TT,AA,GG,AA,AC,AA,AA,GG,AG,AA,AA,TT,GG,AA,AA,AC,AA,TT,AA,AA,GG,GG,GG,TT,AA,AG,TT,TT,TT,AG,AT,GG,GG,AA,7.3,Susceptible,High,Premium,Early
L0300,Mandya,Karnataka,Kharif,Red Loamy,Irrigated (Cauvery command),780,27.0,72,AC,TT,GG,AG,GG,CC,GG,TT,CC,CG,AA,CT,CC,AT,TT,GG,GG,TT,TT,AA,CG,GT,GG,CC,TT,CC,GT,TT,GT,AA,TT,CC,AA,CC,GG,GG,GG,CG,GG,CC,TT,CC,AA,TT,AG,GG,TT,TT,CC,AC,GT,AA,AA,GG,CC,GT,AA,AA,GT,AA,AA,TT,AT,AA,TT,TT,NN,GG,TT,GT,AA,GG,CC,AA,GG,AC,AT,AG,TT,TT,GG,GG,GG,CC,AA,GG,AA,AA,CC,GT,CC,TT,CC,TT,TT,GG,TT,CC,GT,CC,CC,CG,GG,NN,TT,TT,CC,AA,AG,AA,CC,GG,TT,CC,NN,AA,NN,TT,CC,AG,CC,GG,CT,GG,CT,AA,CC,CC,CC,CC,AA,GT,CC,AA,CC,CC,AA,TT,AA,AA,GG,CC,CC,GG,AG,AG,AA,CC,GG,CC,CC,AG,AA,GG,TT,GG,AA,GT,CT,GG,CC,GT,TT,TT,CG,AA,GG,TT,AA,AT,GG,CC,AA,CC,CC,CC,GG,CC,AA,GG,AA,CC,TT,CC,GT,TT,GG,TT,AA,AA,GT,AC,GG,AC,AC,CC,GG,GG,AC,GG,TT,AA,AA,CC,GG,AA,AC,AA,AA,GG,TT,TT,TT,GG,GG,AT,CC,TT,GT,AA,GG,AA,TT,AA,TT,CG,TT,AC,CC,TT,CC,AA,CC,AG,CC,TT,CT,GT,GG,TT,AA,AC,AA,GG,CC,CC,GG,CC,GG,TT,AG,CC,TT,GG,CC,CC,TT,GG,CC,AA,CG,AT,AA,AC,CG,CC,TT,AA,GG,AA,AA,CC,AA,AA,AG,AA,AA,TT,NN,AA,AA,AC,AA,TT,AA,AG,GG,GG,GG,GG,AT,NN,TT,TT,AT,AG,TT,CG,CG,AC,5.23,Resistant,Low,Premium,Early
L0301,Mandya,Karnataka,Kharif,Red Loamy,Irrigated (Cauvery command),780,27.0,72,AC,TT,GG,AA,GG,CC,GG,AT,CC,CG,AA,CC,CC,AT,TT,GG,GG,TT,TT,AA,CC,TT,TT,CC,TT,CC,TT,TT,GG,AA,TT,CC,AA,CC,GG,GG,GG,CG,GG,CC,TT,CC,AC,TT,AA,AG,TT,TT,CC,AA,GT,AA,AA,GG,CC,TT,AA,AA,GG,AC,AA,TT,NN,AA,TT,TT,CC,GG,TT,GT,AG,GG,CC,NN,AG,AC,AA,GG,TT,TT,GG,GG,GG,CC,AT,GG,AA,AA,CC,TT,CC,TT,CT,AT,GT,GG,TT,CC,TT,CC,CT,GG,AG,AA,AT,TT,CC,NN,AA,AC,CC,GG,TT,CC,TT,AA,AA,TT,CC,GG,CC,GG,CC,GG,TT,AA,CC,CC,CC,CC,AA,TT,CC,AA,CC,CC,AA,TT,AA,TT,CG,CC,CC,GG,AA,AA,AA,AC,GG,CC,CG,AG,AG,GG,TT,GG,AC,TT,TT,GG,CC,TT,GT,CT,CG,AA,TT,CT,TT,TT,GG,CC,AA,CC,AC,NN,CC,CC,AA,GG,AA,AC,TT,CC,GT,TT,CG,TT,AA,AA,TT,CC,CG,AA,AC,CC,GG,GG,AA,CG,TT,AA,AA,CC,GG,AA,CC,AA,AA,GT,TT,TT,AA,CG,GT,AA,CG,AT,GT,AA,GG,AA,CT,AA,TT,CC,TT,AA,CC,TT,GG,AG,CG,AA,CC,AT,CT,GT,GG,NN,AA,AC,AG,GG,CC,CC,GG,CC,GG,AA,AA,CC,TT,GG,CC,CC,AA,GG,CC,AT,CC,AT,AA,AC,CC,CC,TT,AA,GG,AA,AA,AA,AA,AG,AG,GG,AA,AT,GG,AA,AG,AC,AA,TT,AA,AG,GG,GG,GG,TT,AA,AG,GT,TT,TT,AA,TT,GG,GG,AA,6.33,Susceptible,Medium,Standard,Early
L0302,Mandya,Karnataka,Kharif,Red Loamy,Irrigated (Cauvery command),780,27.0,72,AA,TT,GG,AA,GG,NN,GG,AT,CC,CC,AA,CT,CC,TT,GT,GT,CG,TT,TT,AG,CC,TT,TT,CC,TT,CC,TT,TT,GG,AA,CT,CC,NN,CC,GG,CG,GG,CG,GG,CC,TT,NN,AA,GT,AA,AG,TT,TT,CC,AC,GG,AT,AG,GG,CC,TT,AA,AA,GG,AA,AA,TT,TT,AA,TT,TT,CC,GG,TT,GT,AA,GT,CC,AG,GG,AA,AA,GG,TT,TT,GG,GT,GG,NN,AA,GG,AA,AA,CG,TT,NN,GT,CC,TT,TT,GG,TT,CC,GT,CC,CC,CC,AA,AA,AT,TT,CG,AG,AA,AA,CC,GG,TT,CC,TT,AA,AA,TT,CG,GG,CC,GG,CT,GG,CT,AG,CT,CC,CC,CC,AA,TT,CC,AC,CC,CC,AA,AT,AA,AA,CG,CT,CC,GG,AA,AG,AA,CC,GG,NN,CC,AA,AA,GG,TT,GG,AA,TT,CT,GG,CC,TT,GT,TT,CG,AT,GT,TT,AA,NN,GG,CC,GG,CT,CC,CC,CC,CC,AA,AG,AA,CC,TT,CG,GG,TT,GG,AT,AA,AA,TT,CC,GG,AA,CC,CC,GG,GG,AC,GG,TT,AA,AA,CC,GG,AA,CC,AA,AT,GG,TT,TT,AT,GG,GG,AT,CC,TT,GT,AA,GG,AA,TT,AA,TT,CG,TT,AA,CC,CT,CC,AG,CC,AG,CC,TT,CT,GT,GG,AT,AA,CC,AA,GT,CG,CC,GG,CC,GG,AA,AA,CC,TT,GG,CC,GG,AT,GG,CC,AA,CC,AA,AA,AC,CC,AC,TT,AA,GG,AA,AA,AC,AA,AG,AA,GG,AA,TT,GG,AA,AG,CC,AA,CT,AA,AA,GG,AG,GG,TT,AA,AA,GT,TT,TT,AG,AT,GG,GG,AA,6.84,Moderate,High,Standard,Medium
L0303,Mandya,Karnataka,Kharif,Red Loamy,Irrigated (Cauvery command),780,27.0,72,AA,TT,GG,AG,GG,CC,GG,TT,CC,CG,AA,CC,CC,TT,TT,GT,CG,TT,TT,AG,CC,GT,GT,CC,TT,CC,TT,AT,GG,AA,CT,CC,AG,CC,GG,GG,GG,CG,GG,CC,TT,CT,AA,TT,AG,AG,TT,TT,CG,AC,GG,AA,AA,GG,CT,TT,AA,AA,GG,AC,AA,TT,TT,AG,TT,TT,CC,GG,TT,GT,AG,GT,CC,AA,GG,AA,TT,GG,TT,TT,GG,GG,GG,CC,AT,AG,AA,AA,CC,TT,CC,GT,CC,TT,TT,AG,TT,CC,GT,CC,CC,CG,GG,AA,AT,TT,CC,AG,AA,AA,CT,GG,TT,CC,GT,AA,AA,AT,CG,AG,CC,AG,CC,GG,TT,AA,CT,CC,CC,CC,AA,GT,AC,AA,CC,CC,AA,AT,AA,AA,NN,CT,CC,GG,AA,GG,AA,CC,GG,CC,CC,AA,AA,GG,GT,GG,AA,TT,CT,NN,CC,TT,TT,TT,CC,AT,TT,TT,AA,TT,GG,CC,AG,CT,CC,CC,CG,CC,AA,GG,GG,CC,TT,CC,GT,GT,GG,AT,AA,AA,TT,AA,GG,AC,CC,CC,GG,GG,AA,GG,TT,AA,AA,CC,GG,AA,AA,AA,AA,GG,TT,TT,AA,GG,GT,AT,CC,TT,GT,AA,GG,AA,CC,AC,TT,CG,CT,AA,CC,TT,GG,AG,CG,AG,CC,TT,CC,TT,GG,TT,AA,AC,AA,GG,CC,CG,GG,CC,GG,TT,AA,CC,TT,GG,CG,CC,AA,AG,CC,AA,CC,AA,AA,AC,GG,AC,TT,AA,GG,AA,AA,AA,AC,AG,AG,AG,AA,TT,GG,AA,AG,AA,AC,CC,AG,AG,GG,GG,GG,GG,AT,AA,GT,TT,TT,AA,AT,GG,GG,AA,6.43,Susceptible,High,Standard,Medium
L0304,Mandya,Karnataka,Kharif,Red Loamy,Irrigated (Cauvery command),780,27.0,72,AC,CT,GG,AA,CG,CG,GG,AA,CC,CG,AA,CT,CC,TT,GT,GG,CG,TT,TT,AG,CC,TT,TT,CC,TT,CC,TT,TT,GT,AA,TT,CC,AA,CC,AG,GG,GG,CC,GG,CC,TT,CT,AC,TT,AA,GG,TT,TT,CC,CC,GG,AA,AA,GG,CC,GG,AA,AC,GT,AA,AA,GG,AA,AA,TT,AT,CC,GT,TT,GG,AA,GG,CC,AA,AG,AA,AA,GG,TT,TT,GG,GG,GG,CC,AA,GG,AA,AA,CG,GT,CC,GT,NN,TT,TT,GG,TT,CC,TT,CC,TT,CG,AG,AA,TT,TT,CC,AA,AA,AA,CC,GG,TT,CC,TT,AA,AA,TT,CC,GG,CC,GG,CC,GG,TT,AA,CC,CC,CC,CG,AA,TT,CC,AA,CC,CC,AA,TT,AA,AA,GG,CT,CC,GG,AA,AA,AT,CC,GG,CC,CC,AG,GG,GG,TT,AG,AC,GT,CT,GG,CC,TT,TT,TT,NN,AA,TT,CT,AT,AT,GG,CC,AA,CT,CC,CC,CG,CC,AA,AG,AA,CC,TT,CG,GT,TT,GG,TT,AA,AA,TT,CC,GG,AC,CC,CC,GG,GG,AA,GG,TT,AA,AA,CC,GT,NN,AC,AA,AA,GG,GT,AT,AT,GG,GT,AA,CC,AA,GT,AT,GG,AA,CC,AA,TT,CC,CT,AA,CC,TT,GG,AG,NN,AG,CC,AT,TT,GT,GG,TT,AA,CC,AA,GG,CC,CG,GG,CC,GG,TT,AG,CC,TT,GG,CC,CC,AA,GG,CC,AT,CC,AA,AG,AA,CC,AC,TT,AA,CG,AA,NN,AC,AA,AG,AG,AA,AA,AT,GG,AA,GG,AC,AA,TT,AA,AA,GG,GG,GG,TT,AT,AA,TT,TT,TT,AA,TT,GG,GG,AA,4.25,Susceptible,Medium,Premium,Early
L0305,Mandya,Karnataka,Kharif,Red Loamy,Irrigated (Cauvery command),780,27.0,72,AC,TT,GG,AG,GG,CC,GT,TT,CC,GG,NN,CC,CC,AT,TT,GG,GG,TT,TT,AA,CC,GT,GT,CC,TT,CC,TT,AT,GG,AA,TT,TT,AA,CC,GG,GG,GT,CC,GG,CC,TT,CT,AA,TT,AA,AG,CT,TT,CG,AC,NN,AT,AA,GG,CC,TT,AA,AA,GG,AC,AA,TT,TT,AA,TT,AT,CC,GG,TT,GG,AA,GG,CC,AA,GG,AA,AA,AG,TT,TT,GG,GT,GG,CC,AT,GG,AA,AA,CC,GT,AC,TT,CC,AT,GT,GG,CT,AC,GG,CC,CC,GG,GG,AA,TT,TT,CC,NN,AG,AC,CT,GG,TT,CC,GT,AA,AA,TT,CC,GG,CC,GG,CC,GG,CC,AA,CC,CC,CC,CC,AA,TT,AC,AA,CC,CC,AA,TT,AA,AT,GG,CC,CC,GG,AA,AG,AA,NN,GT,CC,CC,AA,AG,GG,TT,GG,AA,TT,TT,AG,CC,TT,TT,CT,CG,AA,TT,TT,AT,AT,GG,CC,AA,CC,CC,CC,GG,CC,AA,GG,NN,CC,TT,CC,GT,TT,GG,AT,AA,NN,TT,CC,CG,AC,AC,CG,GG,GG,AA,GG,TT,AA,AA,CC,GT,AA,AC,AA,AA,GG,TT,AT,AA,GG,GT,AT,CG,TT,GT,AA,GG,AA,TT,AA,TT,CC,CT,AC,CC,CC,GG,GG,CC,AA,CC,TT,TT,GT,GG,TT,AA,AC,AG,GG,CG,CC,GG,CC,GG,TT,AA,CG,TT,AA,CC,CG,AA,GG,CC,AT,CC,AT,AA,AC,CC,AC,TT,AA,GG,AA,AA,AA,AA,AA,AA,AA,AA,TT,GG,AA,GG,CC,AA,CT,AA,AA,CG,AG,CG,TT,AA,AG,TT,TT,TT,AA,TT,GG,GG,AC,6.4,Moderate,Low,Standard,Medium
L0306,Mandya,Karnataka,Kharif,Red Loamy,Irrigated (Cauvery command),780,27.0,72,AC,CT,AG,AA,GG,CC,GG,AT,CC,CG,AA,CC,CG,TT,TT,GG,GG,TT,TT,AA,CC,GT,GT,CT,NN,CC,TT,TT,GG,AA,TT,CC,AA,CC,GG,GG,GG,CG,GG,CC,TT,TT,AA,TT,AA,GG,TT,TT,CC,AC,GG,AA,AA,GG,CC,TT,AA,AA,TT,AA,AA,TT,AA,AA,TT,TT,CC,GG,TT,GG,AA,GG,CC,AG,GG,AC,AA,AG,NN,TT,GG,GG,GG,CC,AT,AG,AA,AA,CC,TT,AC,TT,CC,TT,TT,AG,CT,CC,GG,CC,CC,CG,AG,AA,AT,TT,CC,AA,AG,AA,CC,NN,TT,CC,TT,AA,AA,TT,CC,GG,CC,GG,CC,GG,TT,AA,CT,CC,CC,CC,AA,TT,AC,AA,CC,CT,AA,TT,AA,AA,GG,CC,CC,GG,AA,AG,AA,CC,GT,CC,CC,AA,AA,AG,GT,GG,CC,TT,CT,GG,CC,TT,TT,TT,CC,AT,GT,TT,AA,TT,GG,CC,AA,CC,CC,CC,CG,CC,AA,GG,AA,CC,TT,CC,GG,GT,CG,AT,AA,AA,TT,AC,CG,AA,CC,CG,GG,GG,AA,CC,TT,AA,AA,CC,GG,AT,CC,AA,AA,GG,TT,AT,AA,GG,GG,AA,CC,AT,GT,AA,GG,AA,CT,AA,TT,CC,TT,AA,CC,TT,CG,AA,CC,AA,CC,TT,TT,GT,GG,TT,AC,CC,AG,GG,CC,CC,GG,CC,GG,AA,NN,CC,GT,GG,CC,CC,AT,AA,CC,AA,CC,AA,AA,AC,CG,AC,TT,AA,CG,AA,AA,AC,AA,GG,AG,AG,AA,TT,GG,AA,AA,CC,AC,CT,AA,AA,GG,GG,GG,TT,AA,AA,GT,TT,TT,GG,TT,GG,GG,AA,7.37,Susceptible,Low,Premium,Early
L0307,Mandya,Karnataka,Kharif,Red Loamy,Irrigated (Cauvery command),780,27.0,72,AC,TT,GG,AG,GG,CG,GT,TT,CC,CC,AA,CT,CG,TT,TT,GG,CG,AT,AT,AG,CC,TT,GT,TT,AT,CC,NN,AT,GG,AA,TT,CC,AA,CC,GG,CG,GT,CG,GG,CC,TT,CC,AC,GT,AG,AG,TT,TT,CC,AC,GT,AA,AA,GG,CT,GT,AT,AC,GT,AC,AG,NN,AT,AG,TT,AT,CC,GG,TT,GT,AA,GG,CC,AA,GG,AA,TT,GG,TT,TT,GG,GG,GG,CC,AA,GG,AA,AA,CC,TT,AC,TT,CT,TT,TT,GG,CC,CC,GG,CC,CC,NN,AG,AA,AT,TT,CG,AA,AG,AC,TT,GG,TT,CC,GT,AC,AA,TT,CC,GG,CC,GG,CC,GT,CT,AA,CT,CC,CC,CC,AA,TT,CC,AA,CC,CC,AA,AA,AA,AT,GG,CC,CC,GG,AA,AG,AA,CC,GT,CC,CC,GG,GG,GG,GT,GG,AA,GT,CT,GG,CC,GG,GT,TT,CG,AA,TT,TT,AT,TT,GG,CC,AA,CT,CC,CC,CG,CC,AA,GG,AA,CC,TT,CC,GG,GT,CG,TT,AA,AA,TT,CC,CG,AC,AC,CC,GG,GG,AA,GG,TT,AC,AA,CG,GG,AT,CC,AA,AA,GG,TT,AT,AT,CG,GT,AT,CC,TT,GT,AA,GG,AA,CT,AA,TT,CC,TT,AC,CC,CC,GG,AA,CC,AA,AC,TT,CT,TT,GG,TT,AA,CC,AA,GG,CC,CC,NN,CC,GT,AA,AG,CC,GT,GG,CG,CG,AT,GG,NN,AA,CC,AA,AA,CC,CC,AC,AT,AA,GG,AA,AA,CC,AA,GG,AA,AA,AA,AT,GG,AC,AG,AC,AA,CC,AA,AA,GG,AG,GG,TT,AA,GG,TT,TT,TT,AG,TT,GG,GG,AA,9.98,Moderate,High,Premium,Late
L0308,Mandya,Karnataka,Kharif,Red Loamy,Irrigated (Cauvery command),780,27.0,72,CC,TT,AG,AG,GG,CC,GG,TT,CC,GG,AA,CT,CG,TT,TT,GG,CC,TT,TT,AG,CC,TT,TT,CT,TT,CC,TT,TT,TT,AA,TT,CT,AA,CC,GG,CG,GG,CC,GG,CC,TT,CC,AA,TT,AA,GG,TT,AA,CC,AC,GG,AA,AA,GG,CC,TT,AA,AA,TT,AC,AA,TT,AT,AA,TT,TT,CC,GG,TT,GT,AG,GG,CC,AA,NN,AA,AA,GG,TT,TT,GG,GG,GT,CC,NN,GG,AA,AT,CC,GG,CC,TT,CT,TT,GT,GG,TT,CC,GT,CC,CT,CG,GG,AA,TT,TT,CC,AA,GG,AA,CC,GG,GT,CC,TT,AC,AA,TT,CG,GG,CC,GG,CC,GG,TT,GG,CC,CC,CC,CC,AA,TT,AC,AA,CC,CC,AG,TT,AA,AA,GG,CT,CC,GG,AA,AA,AA,CC,GG,CC,CC,AA,AG,AG,TT,GG,AC,TT,TT,GG,CC,TT,GT,CT,CG,AT,GT,TT,AA,AT,CG,CC,AG,CC,CC,CC,CG,CC,AA,GG,AG,CC,TT,CG,GT,TT,GG,TT,AA,AA,GT,CC,CG,AA,AC,CG,GG,GG,AC,GG,TT,AC,AA,CC,GG,AT,CC,AA,AT,GG,TT,TT,AA,CG,GG,AA,CC,AA,TT,AA,GG,AA,CT,AA,TT,CC,TT,AA,CC,TT,CG,AG,CC,AA,CC,TT,CT,TT,GG,TT,AC,CC,AA,GG,CC,CG,GG,CC,GG,TT,AA,CG,GG,GG,CC,CC,AT,GG,CG,AT,CC,AA,AA,AC,CC,AC,TT,NN,GG,AA,AC,AC,AA,AG,AA,AA,AA,AT,GG,AA,AA,CC,CC,CT,AA,AA,GG,GG,GG,TT,AA,AA,TT,TT,TT,AA,TT,GG,CG,AA,5.23,Susceptible,Medium,Premium,Medium
L0309,Mandya,Karnataka,Kharif,Red Loamy,Irrigated (Cauvery command),780,27.0,72,AC,CT,GG,AA,GG,CC,GG,TT,CC,GG,AT,CC,CC,AT,TT,GT,GG,TT,TT,AG,CC,TT,TT,CC,TT,CC,TT,TT,GG,AA,CT,CC,AA,CC,GG,GG,GG,NN,GG,CC,TT,CT,AA,TT,AA,AG,TT,AT,CC,AA,GG,AA,AA,GG,CC,TT,AA,AA,TT,AA,AA,TT,TT,AA,TT,AT,CC,GG,TT,GG,AA,GT,CC,AA,AG,AA,AA,GG,TT,TT,GG,GT,GG,CC,AA,GG,AA,AA,CC,TT,CC,TT,CC,AT,TT,GG,TT,CC,TT,CC,NN,CG,GG,AA,TT,TT,CG,AA,AA,AA,CT,GG,TT,CG,TT,AA,AA,AT,CC,GG,CC,AG,CC,GT,CT,AA,CT,CC,CC,CC,AA,TT,CC,AA,CC,CC,AA,TT,AA,AT,GG,CC,CC,GG,AA,AA,AA,CC,GG,CC,CC,AG,AG,GG,TT,GG,AA,TT,TT,GG,CC,TT,GT,TT,CG,AT,TT,TT,AA,AT,GG,CC,AA,CT,NN,AC,GG,CC,AT,GG,AA,AC,TT,CC,NN,TT,GG,AT,AA,AG,TT,CC,GG,AC,CC,CC,GG,GG,AC,GG,TT,AC,AA,NN,GG,AA,AA,AA,TT,GG,TT,AT,NN,GG,GG,AT,CC,AT,TT,AA,GG,AA,CT,AA,TT,CC,TT,AA,CC,TT,CG,AA,CC,AA,AC,TT,TT,GG,GG,TT,AA,AC,AG,GG,CC,CC,GG,CC,GG,AT,AA,CC,TT,GG,CC,CG,AA,GG,CC,AA,CG,AA,AA,AA,CG,CC,TT,AA,GG,AA,AC,AC,AA,AA,GG,AG,AA,AT,GG,AA,AA,CC,AA,TT,AA,AA,GG,AG,GG,TT,AA,AA,TT,TT,TT,AG,AA,GG,GG,AA,5.57,Susceptible,High,Standard,Medium
L0310,Mandya,Karnataka,Kharif,Red Loamy,Irrigated (Cauvery command),780,27.0,72,AA,TT,GG,NN,GG,CG,GT,TT,CC,CG,AA,CC,CC,TT,TT,GG,CG,TT,TT,AG,CC,TT,TT,CC,TT,CC,GT,AT,GG,AA,TT,TT,AA,CC,GG,GG,GG,CG,GT,CC,TT,TT,AC,TT,AG,AG,CT,TT,CC,CC,GG,TT,AA,GG,CC,TT,AT,AA,GT,AC,AA,GT,TT,AG,TT,TT,CC,GG,TT,TT,AA,GG,CC,NN,AG,AC,AA,GG,TT,TT,GG,GG,GT,CC,AA,GG,AA,AA,CG,TT,CC,TT,CC,TT,TT,AG,CT,CC,GT,CC,CC,CC,GG,AA,TT,TT,CG,AA,AG,AC,CT,GG,TT,CG,TT,AC,AA,TT,CC,AG,CC,GG,CT,GT,TT,AA,CC,CC,AC,CC,AA,TT,CC,AA,CC,CT,AA,AT,AG,AA,GG,CC,CC,GG,AA,AG,AT,CC,GT,CC,CC,AA,AA,GG,GT,AG,CC,TT,TT,GG,CC,GT,TT,TT,GG,AA,NN,TT,TT,TT,GG,CC,AA,CT,CC,AA,CG,CC,AA,GG,AG,CC,TT,CC,GG,GG,GG,AT,AA,NN,TT,AC,GG,AA,AC,NN,GG,GG,AC,GG,TT,AA,AA,CC,GG,AA,CC,AA,AT,GT,TT,AA,AA,GG,TT,AT,GG,AT,GT,AA,GG,AA,TT,AA,TT,CC,NN,AA,CC,CT,CG,AA,CG,AG,CC,NN,CT,GT,GG,AT,AA,CC,AG,GG,CC,CC,GG,CC,GG,AT,AA,CC,TT,GG,CC,CC,AA,GG,CC,AT,CC,AA,AA,AC,CC,CC,AT,AA,GG,AA,AC,AA,AA,GG,AG,AG,AA,AT,CG,AA,AG,AC,AC,CT,AA,AA,GG,GG,GG,TT,AA,AA,TT,TT,TT,AA,TT,GG,GG,AA,7.02,Resistant,Medium,Poor,Medium
L0311,Mandya,Karnataka,Kharif,Red Loamy,Irrigated (Cauvery command),780,27.0,72,CC,CT,GG,AG,GG,CC,GT,AT,CC,CC,AA,CC,CG,TT,GT,GG,CG,TT,TT,AA,CC,GT,TT,CC,TT,CC,GT,AT,GG,AA,TT,CC,AA,CC,GG,GG,GG,CC,GG,CC,TT,TT,AA,TT,AA,GG,TT,TT,CC,CC,GT,AA,AA,GG,CC,TT,AT,AC,GT,AA,AA,TT,AT,GG,TT,TT,CC,GG,TT,GT,AA,GG,AC,AA,GG,AA,AA,GG,GT,TT,GG,GG,GG,CC,AT,GG,AA,AT,CC,GT,AC,TT,CC,TT,TT,GG,CT,AC,GT,CC,CC,CG,AA,AA,TT,TT,GG,AA,AA,AC,CT,GG,TT,CC,GT,AA,AA,TT,CG,GG,CC,GG,CC,GT,TT,AA,CC,CC,CC,CC,AA,TT,AC,AC,CC,CT,AA,TT,AG,AA,CG,CC,CC,GG,AA,AA,AA,CC,GG,NN,CG,AA,AA,GG,TT,AG,AC,TT,CT,AG,CC,TT,GT,TT,CC,AA,GT,TT,AA,AT,GG,CC,AA,TT,CC,CC,CG,CC,AA,GG,AA,CC,TT,CG,GT,TT,GG,AT,AA,NN,GT,AC,GG,AC,CC,CG,NN,GG,AA,GG,TT,AA,AA,CC,GG,AT,CC,AT,AT,GG,TT,TT,AA,GG,GT,AA,CC,TT,GT,AT,GG,AA,TT,AA,TT,CC,TT,AA,CC,CT,GG,AA,CC,GG,CC,TT,CT,GT,GG,TT,AC,AC,AG,GG,CC,CC,GG,CC,GG,TT,AA,CC,GT,GG,CC,CG,AA,GG,CC,TT,CC,AA,AA,AC,CG,AA,TT,AA,GG,AA,AA,AC,AC,AG,AG,AA,AG,TT,GG,CC,AA,AC,AC,CT,AA,AA,CG,GG,GG,TT,AA,AA,TT,TT,TT,GG,TT,GG,CG,NN,7.06,Susceptible,High,Premium,Late
L0312,Mandya,Karnataka,Kharif,Red Loamy,Irrigated (Cauvery command),780,27.0,72,AC,TT,GG,AG,NN,CC,GG,TT,CC,CG,AA,CC,CG,TT,GT,GT,CG,TT,TT,AA,CC,NN,TT,CC,AT,CC,TT,AT,GG,AA,CC,CT,AA,AC,AG,CG,GG,CG,GG,CC,TT,TT,AA,TT,AG,GG,TT,AT,CC,AC,GG,AA,AA,GG,CC,TT,AA,AC,GT,AC,AA,GT,TT,AA,TT,TT,CC,GG,TT,GT,AG,TT,CC,AA,AG,AC,AA,AG,TT,TT,GG,GG,GG,CC,AA,GG,AA,AA,CC,GG,AC,TT,CC,TT,TT,GG,TT,CC,GT,CC,CC,CG,AG,AA,TT,TT,CC,AA,AA,AC,CC,GG,TT,CC,TT,AA,AC,TT,CG,GG,CC,GG,CT,GG,CT,AG,CC,CC,CC,CC,AA,TT,CC,AA,CC,CC,AA,TT,AA,AT,GG,CC,CC,GG,AA,AG,AA,CC,GG,CC,CC,AA,AG,GG,TT,GG,CC,TT,TT,GG,CC,GT,GT,TT,CG,AA,GT,TT,AA,TT,CG,CC,AG,CC,CC,CC,CG,AC,AA,GG,AG,CC,TT,CC,GT,TT,CC,AT,AA,NN,TT,CC,CG,AC,AC,CC,GG,GG,AA,CG,TT,AC,AG,NN,GT,AA,AC,AA,TT,GT,TT,AT,AA,GG,GT,AA,CG,AT,TT,AA,GG,AA,TT,AA,TT,CC,CT,AA,CC,TT,CC,AG,CC,AA,CC,AA,TT,TT,GG,TT,AA,AC,AA,GG,CC,CG,CG,CC,GG,TT,AA,CG,GT,GG,CC,CC,AT,GG,CC,AA,CC,AA,AG,AC,CC,CC,TT,AA,GG,AA,AA,AC,AA,AG,AG,AA,AA,AT,CG,AC,GG,CC,AC,TT,AA,AA,GG,GG,GG,TT,NN,AA,TT,NN,TT,AA,TT,NN,GG,AA,7.24,Susceptible,Low,Premium,Early
L0313,Mandya,Karnataka,Kharif,Red Loamy,Irrigated (Cauvery command),780,27.0,72,AA,TT,GG,AG,CG,CC,GT,TT,CG,CG,AT,CC,GG,AT,TT,GG,GG,TT,TT,AG,CG,TT,GT,CT,TT,NN,TT,AT,GG,AA,TT,CC,AA,CC,GG,GG,GT,CC,GG,CC,TT,CT,AA,TT,AA,AG,TT,TT,CC,AC,GT,AA,AA,CG,CT,TT,AA,AA,GT,AC,AA,TT,AT,AA,TT,AA,CC,GG,TT,GT,AA,GT,CC,AA,AG,AC,AA,GG,TT,TT,GG,GG,GT,CC,AA,GG,AA,AA,CC,GG,CC,TT,CC,AT,TT,GG,TT,AC,GT,CC,CC,CC,GG,AA,TT,GT,CC,AA,AG,AC,CC,GG,TT,CC,TT,AA,AA,TT,CC,GG,CG,GG,CC,GG,TT,AG,CT,CC,CC,CC,AA,TT,CC,AA,CC,CT,AA,TT,AG,AT,GG,CC,CC,GG,AA,AG,AT,AA,GG,CC,GG,AA,AA,AG,TT,NN,AA,TT,CT,GG,AA,GT,TT,TT,CC,AA,GT,TT,AA,TT,GG,CC,AG,CT,CC,CC,GG,CC,TT,GG,AA,CC,TT,CC,GT,TT,GG,TT,AG,AA,TT,AC,GG,AA,AC,CC,GG,AG,AC,CG,TT,AC,AA,CG,GG,AA,AC,AA,AA,GG,TT,TT,AT,CC,GG,AT,CC,AT,GT,AA,GG,AA,CT,AA,TT,CG,TT,AC,CC,CT,GG,AA,CC,GG,CC,TT,TT,TT,GG,TT,AA,CC,AG,GG,CG,CC,GG,CG,GG,TT,AG,CC,TT,GG,CC,CG,AA,GG,CC,AA,CC,AA,AA,CC,CC,AA,TT,AA,GG,AA,AC,AC,AC,GG,GG,AA,AA,TT,CG,AC,AG,AC,AA,TT,AA,AG,GG,AG,GG,TT,AA,AA,TT,TT,TT,NN,TT,GG,GG,AA,6.36,Susceptible,Medium,Poor,Late
L0314,Mandya,Karnataka,Kharif,Red Loamy,Irrigated (Cauvery command),780,27.0,72,AA,TT,GG,AG,GG,CC,GT,AT,CC,CC,AA,CT,GG,TT,TT,GG,GG,TT,TT,AA,CC,GT,TT,CC,TT,CC,TT,TT,GG,AA,TT,CC,AA,CC,GG,CG,GG,CG,GG,CC,TT,CT,AC,GT,AA,AG,TT,AT,CC,CC,GT,AA,AA,GG,CC,TT,AA,AA,GT,AC,AG,GT,AT,AA,TT,TT,CC,GG,NN,TT,GG,GG,CC,AA,GG,AC,AT,NN,TT,CT,GG,GG,GG,CC,AA,GG,AA,AA,CC,GT,AC,TT,CT,TT,TT,GG,TT,CC,TT,CC,CT,CC,AA,AA,TT,TT,CC,AA,AA,AA,CC,GG,GT,CC,TT,AA,AA,TT,CC,GG,CC,GG,CC,GT,TT,AG,CC,CC,CC,CC,AA,TT,CC,AA,AC,CC,AA,TT,AA,AA,GG,CC,CC,GG,AA,AA,AT,CC,GG,CC,CC,GG,AA,GG,TT,GG,AA,TT,CC,GG,CC,GT,TT,CT,CG,AT,TT,CT,AT,TT,GG,CC,AA,CC,CC,CC,GG,CC,AA,GG,AG,CC,TT,CC,GT,TT,CG,AT,AA,AA,GT,CC,GG,AA,CC,NN,GG,GG,AC,GG,TT,AC,AA,CG,GG,AT,CC,AA,AT,GG,TT,AT,AA,GG,GG,AT,CC,TT,GT,AA,GG,AA,CT,AA,AT,CC,CT,AA,CC,TT,GG,AA,CC,AA,CC,TT,TT,TT,GG,TT,AA,CC,AA,GG,CC,CC,GG,CC,GG,TT,AA,CC,GT,GG,CG,CC,AA,GG,CC,AT,CC,AA,AA,CC,GG,AC,AT,AA,GG,AA,AA,AC,AC,GG,AG,AA,AA,AT,GG,AA,AA,AC,AC,CT,AA,AA,GG,AG,GG,TT,AA,AG,TT,TT,TT,AG,AT,GG,GG,AA,6.29,Resistant,Low,Premium,Medium
L0315,Mandya,Karnataka,Kharif,Red Loamy,Irrigated (Cauvery command),780,27.0,72,AC,CT,GG,NN,CG,CC,GG,TT,CC,GG,AA,CC,CG,TT,TT,GG,GG,TT,TT,AG,CG,GT,GT,CC,TT,CC,TT,TT,GT,AA,TT,CC,AA,CC,GG,GG,GG,CC,GG,CC,TT,CT,AA,TT,AA,AG,TT,AT,CC,CC,GG,NN,AA,GG,CC,TT,AA,AC,GT,AA,AA,GT,AT,AG,TT,TT,CC,GG,TT,GG,AA,NN,AC,AA,GG,AA,AT,GG,TT,TT,GG,GT,GG,CC,AT,GG,AA,AA,CG,TT,CC,TT,CC,TT,TT,GG,TT,CC,GT,NN,CC,GG,AA,AA,TT,TT,CG,AG,AA,AA,CT,GG,TT,CC,TT,AA,AA,TT,CC,AG,CC,GG,CC,GT,TT,NN,CT,CC,AC,GG,AA,TT,NN,AA,CC,CT,AA,AT,AA,AA,GG,CT,CC,NN,AG,AA,AA,CC,GG,CC,CC,AA,AG,NN,TT,GG,AA,GT,CC,AG,AC,TT,GT,TT,CC,AT,TT,TT,AA,TT,GG,CC,AA,CT,CC,NN,CG,CC,AA,GG,GG,CC,TT,CC,GG,GT,GG,AA,AA,AG,TT,CC,CG,AA,AC,CG,GG,GG,AC,CG,CT,AA,AA,CC,GG,AA,CC,AA,AA,GG,TT,AT,AT,GG,GG,AA,CC,AT,TT,AA,GG,AG,TT,AA,TT,CC,TT,AA,CC,NN,CG,AG,CC,AG,CC,TT,CT,TT,GG,TT,AC,CC,AG,GG,CC,CC,GG,CC,GG,AT,AA,CC,GT,GG,CC,CC,AA,GG,CC,TT,CC,AT,AA,CC,CG,CC,TT,AA,GG,AA,AA,CC,AA,GG,AG,AG,AA,TT,GG,AA,GG,CC,AC,TT,AA,AA,CG,GG,GG,TT,AT,AA,TT,TT,TT,AG,TT,GG,CG,AA,6.53,Susceptible,High,Premium,Medium
L0316,Mandya,Karnataka,Kharif,Red Loamy,Irrigated (Cauvery command),780,27.0,72,AA,TT,GG,AA,GG,CC,TT,TT,CC,CG,AT,CC,CG,TT,TT,GG,CG,TT,TT,AA,CC,TT,GG,CC,TT,NN,TT,TT,GG,AC,TT,CT,AA,CC,GG,GG,GG,CC,GG,AC,TT,TT,AA,NN,AA,AG,TT,TT,CC,AA,GT,AT,AA,CG,CC,TT,AT,AA,GG,AA,AG,TT,AT,AA,CT,TT,CC,GG,TT,GG,AA,GT,CC,AG,GG,AC,AA,GG,TT,TT,GG,GT,TT,CC,AA,GG,AA,AA,CC,TT,AC,TT,CC,TT,TT,GG,CT,CC,TT,CC,CC,CG,AG,AA,AT,TT,CC,AA,GG,AA,CC,GG,TT,CC,GT,AA,AA,AT,CG,GG,CC,AG,CC,GT,CT,AA,CT,CC,CC,CG,AA,TT,CC,AA,CC,CC,AA,TT,AA,AA,GG,CC,CC,GG,AA,AG,AA,CC,GT,CC,CG,AA,AA,GG,TT,GG,CC,GT,CT,NN,AA,TT,TT,TT,CC,AA,GT,TT,AA,TT,GG,CC,AG,TT,CC,CC,GG,CC,AA,GG,AG,CC,TT,CC,GT,TT,GG,TT,AA,AG,TT,CC,CG,AA,CC,CC,GG,GG,AC,CC,TT,AA,AA,CG,GG,AT,CC,AA,AA,GT,GT,TT,AT,CG,TT,AT,CC,AT,TT,AA,GG,AA,CT,AA,TT,CC,TT,AA,CC,CT,CC,GG,CG,AG,CC,TT,TT,TT,GG,TT,AA,CC,AA,GG,CC,CC,GG,CC,GG,AT,AA,CC,TT,GG,CG,CG,AA,GG,CC,AT,CC,AA,AA,AC,CG,CC,TT,AA,GG,AA,AA,CC,AC,AG,GG,AG,AA,TT,GG,AA,AG,AA,AC,CT,GG,AG,GG,GG,GG,TT,AT,GG,TT,TT,AT,AG,AA,GG,GG,AA,7.86,Susceptible,High,Poor,Medium
L0317,Mandya,Karnataka,Kharif,Red Loamy,Irrigated (Cauvery command),780,27.0,72,AA,CT,GG,AG,GG,CG,GT,AT,CC,CG,AA,CC,CC,TT,TT,GG,CG,TT,TT,AG,CC,NN,TT,CC,TT,CC,TT,TT,GG,AA,TT,CC,NN,CC,GG,GG,GG,CG,GG,CC,GT,CT,AA,GT,AG,GG,TT,TT,CG,AA,GG,AA,AG,GG,CC,TT,AA,AA,GT,AC,AA,TT,TT,AG,TT,AT,CC,GG,CT,GG,AG,GT,CC,AA,GG,AC,AT,AG,TT,TT,GG,GT,GG,CC,AA,GG,AG,AA,CC,TT,CC,TT,CT,TT,TT,AG,TT,CC,GG,CC,CT,GG,GG,AA,TT,TT,CG,AA,AG,AC,CT,GG,TT,CC,TT,AC,AA,TT,CC,AG,CC,AG,CC,GT,CC,AA,CC,CC,CC,CC,AA,TT,CC,AA,CC,CT,AA,TT,AA,AA,CG,CT,CC,GG,AA,AA,AA,AC,GG,CC,CC,AG,AA,GG,TT,GG,AC,GT,CC,AG,CC,TT,TT,TT,NN,AT,TT,CT,TT,TT,GG,CC,AG,CC,CC,CC,GG,CC,AA,GG,AG,CC,TT,CC,GG,TT,CG,AT,AG,AA,TT,CC,GG,AA,CC,CC,GG,GG,AA,GG,TT,AC,AA,NN,GG,AA,CC,AA,AA,GG,TT,AT,AA,CG,GG,AA,CC,AT,GT,AA,GG,AA,TT,AA,TT,CC,CT,AC,CC,CT,GG,AA,CC,AG,AC,TT,TT,TT,GG,NN,AC,CC,AG,GG,CC,CC,GG,CC,GG,TT,AA,CC,GT,GG,CC,CG,AA,NN,CC,NN,CC,AT,AA,AC,CC,AA,TT,AA,GG,AA,AA,AC,AC,AG,AG,AA,AA,TT,GG,CC,AG,AC,AA,TT,AG,AA,GG,GG,GG,TT,AT,AG,TT,TT,TT,AG,AA,GG,GG,AC,6.5,Resistant,Low,Premium,Late
L0318,Mandya,Karnataka,Kharif,Red Loamy,Irrigated (Cauvery command),780,27.0,72,NN,CT,AG,AA,GG,CC,GT,AT,CC,CG,AT,TT,CG,AT,TT,GT,GG,TT,TT,AG,CC,GT,GG,CT,TT,CC,TT,TT,GT,AA,TT,NN,AA,CC,GG,GG,GG,CC,NN,CC,TT,CT,AA,TT,AA,AG,CT,TT,CC,AC,GG,NN,AA,GG,CC,TT,AA,AC,GT,AA,AA,TT,AT,AA,TT,TT,CC,GG,TT,GT,AA,GT,CC,AA,GG,AA,TT,GG,TT,TT,GG,GG,GG,CC,AA,AG,AA,AT,CC,GT,AC,TT,CT,TT,TT,AG,TT,CC,TT,CC,CC,GG,AG,AA,TT,TT,CC,AA,GG,AA,CT,GG,TT,CC,TT,AC,AC,TT,CC,GG,CC,GG,CC,GT,CT,NN,CC,CC,CC,CC,AA,TT,CC,AA,CC,CT,AA,TT,AA,NN,CG,CT,CC,GG,AA,AA,AA,CC,GG,CC,CC,AA,AA,GG,GT,GG,AA,TT,CT,GG,AC,GT,NN,CT,CC,AT,TT,TT,AA,AT,GG,CG,AG,CT,CC,CC,GG,CC,AA,GG,AG,CC,TT,CC,GT,TT,CC,TT,AA,AA,TT,CC,GG,AA,AC,CG,GG,GG,AC,CG,TT,AA,AG,CG,GT,AA,CC,AA,AA,GT,TT,AT,AA,GG,GT,AT,GG,AT,TT,AA,GG,AA,CT,AA,TT,CC,TT,AA,AC,CT,GG,AA,CG,AG,CC,AT,CT,TT,GG,TT,AA,AA,AG,GG,NN,CC,GG,CC,GG,TT,AA,CC,TT,GG,CG,CG,AA,AG,CG,AT,CC,AA,AA,AC,CG,CC,TT,AA,GG,AA,AA,AA,AA,GG,AA,AG,AA,TT,GG,AA,AA,AA,AA,CT,AA,AA,GG,GG,CG,TT,AT,AA,TT,TT,TT,AA,TT,GG,GG,AA,7.13,Susceptible,Low,Poor,Early
L0319,Mandya,Karnataka,Kharif,Red Loamy,Irrigated (Cauvery command),780,27.0,72,AC,TT,GG,AG,GG,CC,GG,TT,CC,CC,AA,CC,GG,AT,TT,GG,GG,TT,TT,AA,CC,GT,TT,CC,AT,CC,TT,AT,GG,AA,TT,CC,AA,CC,GG,CG,GG,CC,GG,CC,TT,CC,AA,GT,AA,GG,TT,TT,CC,AC,GT,AA,AG,GG,CT,TT,AA,AA,GG,AC,AA,TT,AT,AA,TT,TT,CC,GG,TT,GG,AA,GG,CC,AA,GG,CC,AT,GG,GT,TT,GG,GG,GG,CC,AA,GG,AA,AA,CC,GT,CC,TT,CT,TT,GT,GG,TT,CC,TT,CC,CC,CG,GG,AA,TT,TT,CG,AA,AA,AA,CT,GG,TT,CG,GT,AC,AA,TT,CG,GG,CC,GG,CT,GG,CT,AA,CC,CC,CC,CC,AA,GT,CC,AA,AC,CC,AA,TT,AA,AA,CG,CC,CC,GG,AA,AA,AA,CC,GG,CC,CC,AG,AA,GG,TT,GG,AA,TT,TT,GG,CC,TT,GT,CT,CC,AT,TT,TT,AA,TT,GG,CC,AA,CC,CC,CC,CG,CC,AA,GG,AG,CC,TT,CC,GT,TT,CG,AT,AA,AG,TT,AC,CG,AA,AC,CC,GG,GG,AC,GG,TT,AC,AA,CC,GG,AA,AC,AT,AT,GG,TT,TT,AA,GG,GT,AA,CC,TT,TT,AA,GG,AA,CT,AA,TT,CC,TT,AA,AC,TT,CC,GG,CC,AA,CC,TT,TT,GT,GG,TT,AA,AC,AG,GG,CC,CG,GG,CC,GG,AT,AA,CC,TT,GG,CG,CC,AT,GG,CC,AA,CC,AA,AA,AC,GG,AC,TT,AA,GG,AA,AA,AA,AA,GG,GG,AG,AG,AT,GG,AC,AG,CC,AA,CC,AA,AG,NN,GG,GG,GT,AA,AA,TT,TT,TT,AA,TT,GG,GG,AA,5.66,Susceptible,Low,Premium,Medium
L0320,Mandya,Karnataka,Kharif,Red Loamy,Irrigated (Cauvery command),780,27.0,72,AA,TT,GG,AA,GG,NN,GG,AA,NN,GG,AA,CC,CG,TT,TT,GT,GG,TT,TT,AG,CC,TT,GT,CC,NN,CC,GT,TT,GG,AA,NN,CC,AA,CC,GG,GG,GG,CC,GG,CC,GT,CT,AA,TT,AA,AG,TT,AT,CC,CC,GT,AT,AA,GG,CC,GT,AA,AA,GT,AC,AA,TT,AA,GG,CT,NN,CC,GG,TT,GG,AG,GG,CC,AA,GG,AC,AT,GG,TT,TT,GG,GG,GT,CC,AA,NN,AA,AT,CC,GG,CC,TT,CT,TT,GT,GG,TT,CC,TT,CT,TT,CC,GG,AA,TT,TT,CC,AA,GG,AA,CC,GG,TT,CC,GT,AA,AC,TT,CC,AG,CC,GG,CC,GG,CT,AA,CC,CC,CC,CC,AA,TT,AA,AA,CC,CC,AA,TT,AA,AA,GG,CT,CC,GG,AA,GG,AA,CC,GG,CC,CC,AA,AG,AG,GT,GG,CC,GT,CT,AG,AC,GG,TT,TT,CC,AT,GT,TT,AA,AT,CG,CC,AA,CC,CC,CC,CG,CC,AT,GG,AA,CC,TT,CC,GT,TT,GG,AT,AA,AA,GT,CC,CG,AA,CC,CC,GG,GG,AC,CC,TT,AC,AA,CC,GG,AA,AC,AA,AT,GG,GT,AT,AA,GG,GG,AA,CC,AT,TT,AA,GG,AG,TT,AA,TT,CG,TT,AC,CC,TT,GG,AG,CC,AA,NN,TT,CT,GT,GG,TT,CC,CC,AG,GG,CC,CC,GG,CG,GG,TT,AA,CC,TT,AG,CC,CC,AT,AG,CC,AA,CC,AA,AA,CC,CG,AC,TT,AA,GG,AA,AA,AA,AA,AG,AG,AG,AA,TT,GG,AA,AG,AA,AA,TT,AA,AA,GG,AG,GG,GT,AA,GG,TT,TT,TT,AG,TT,GG,CG,AA,4.38,Moderate,Low,Poor,Early
L0321,Mandya,Karnataka,Kharif,Red Loamy,Irrigated (Cauvery command),780,27.0,72,AC,TT,GG,AA,GG,CG,GG,AT,CC,CG,AA,CC,CC,AT,TT,GG,CG,TT,TT,NN,CC,TT,GG,CC,TT,CC,GT,TT,GG,AA,TT,CT,AA,CC,GG,CG,GG,CC,GG,CC,TT,TT,AC,GT,AG,GG,CT,TT,CG,CC,GT,AA,AG,GG,CC,NN,AT,AC,NN,AA,AA,GT,TT,AA,CT,TT,CC,GG,TT,GT,AA,GG,CC,AA,GG,AC,AT,GG,TT,TT,GG,GG,GG,CC,AA,GG,AA,AA,CC,GT,CC,TT,CT,NN,TT,GG,TT,CC,TT,CC,CC,GG,AA,AA,AT,TT,CC,AA,AG,AA,CC,GG,TT,CC,TT,AA,AA,TT,CC,AG,CG,GG,CC,GG,TT,AG,CC,CC,CC,CC,AA,TT,CC,AA,CC,CC,AA,TT,AG,AT,GG,CT,CC,GG,AA,AA,AA,AC,GG,CC,CC,NN,AA,AG,TT,GG,AC,TT,TT,GG,CC,GG,NN,TT,CG,AT,TT,CT,AT,AT,CG,CG,GG,CC,CC,CC,GG,CC,AA,GG,AG,CC,TT,CC,GT,TT,GG,TT,AA,AA,TT,CC,GG,AA,AC,CC,GG,GG,AC,GG,TT,AC,AA,CC,GG,AT,CC,AA,AA,GT,TT,AA,AA,NN,GT,AA,CC,TT,GT,AA,GG,AA,TT,AA,TT,CC,CT,AC,CC,TT,CG,AG,CC,GG,CC,TT,CT,TT,GG,TT,AA,CC,AA,GG,CC,CC,GG,CC,GG,TT,GG,CC,GT,GG,CG,CC,AA,AG,CC,AT,CC,AA,AA,AC,CC,AC,TT,AG,GG,AA,CC,AA,AA,AG,AA,AA,AA,TT,GG,AA,AG,AC,AA,CT,AA,AA,GG,AG,GG,TT,AA,AA,TT,TT,TT,AG,TT,GG,GG,AA,7.76,Susceptible,Medium,Premium,Early
L0322,Mandya,Karnataka,Kharif,Red Loamy,Irrigated (Cauvery command),780,27.0,72,AA,CT,GG,AG,GG,CC,GT,TT,CC,CG,TT,CT,CC,TT,TT,GT,CG,TT,TT,AA,CC,TT,GT,CC,TT,CT,TT,TT,GG,AA,TT,CT,AG,CC,GG,GG,GG,CC,GG,CC,TT,TT,AA,TT,AA,GG,TT,AT,CC,AC,GG,AA,AA,GG,CT,TT,AA,AA,GT,AA,AA,TT,AT,AA,CT,TT,CC,GG,TT,GG,AG,GG,CC,AA,GG,AC,AA,GG,TT,TT,GG,TT,GG,CC,AA,GG,AA,AA,CC,GT,CC,TT,CC,TT,GT,GG,CC,CC,TT,CC,CC,CG,GG,AA,AT,TT,CC,AA,AA,AA,CC,GG,TT,CG,NN,AA,AA,TT,CC,GG,CC,GG,CC,GG,TT,AA,CC,CC,CC,CC,AA,TT,CC,AA,CC,CC,AA,TT,AA,AA,CG,CT,CC,GG,AG,AG,AA,CC,GG,CC,CC,AA,AA,GG,TT,NN,AC,TT,CT,AG,CC,TT,GT,TT,CC,AT,TT,TT,AA,AT,GG,CC,AG,CC,CC,CC,GG,CC,AA,GG,AG,CC,TT,CC,GT,GT,CC,AT,AA,AG,TT,NN,GG,AA,AC,CC,GG,AG,AC,GG,TT,AC,AA,CC,GT,AA,CC,AA,AA,GG,GT,TT,AA,CG,GT,AA,CC,AT,TT,AA,GG,AG,TT,AC,TT,CC,TT,AC,CC,CT,CC,AA,CC,AG,CC,TT,TT,GT,GG,TT,AA,AC,GG,GG,CC,CC,GG,CC,GG,AT,AA,CG,TT,GG,CC,CG,AA,AG,CC,AA,CG,AT,AA,CC,CC,CC,NN,AA,GG,NN,AA,AC,AA,GG,AG,AG,AG,TT,GG,AA,AG,NN,AA,TT,AA,AG,GG,GG,GG,TT,AA,AA,TT,TT,TT,AA,TT,GG,GG,AA,7.1,Susceptible,Medium,Premium,Early
L0323,Mandya,Karnataka,Kharif,Red Loamy,Irrigated (Cauvery command),780,27.0,72,AA,TT,GG,AG,GG,CC,GT,TT,CC,CG,AT,CC,CC,AT,TT,GG,GG,TT,TT,AG,CC,TT,TT,CC,TT,CC,TT,AT,GG,AA,TT,CC,AA,CC,GG,CG,GG,CC,GG,CC,TT,CT,AA,GT,AA,AG,TT,TT,CC,CC,NN,AA,AA,GG,NN,TT,AA,AA,GT,AA,AG,GT,AT,GG,CT,TT,CC,GG,TT,GG,AA,GG,CC,AA,GG,AA,AA,GG,TT,TT,GG,GG,GG,CC,AT,GG,AA,AT,CC,TT,AC,TT,CC,TT,GG,GG,TT,CC,GT,CC,CT,CC,GG,AA,TT,TT,CC,AA,AG,AA,CC,GG,TT,CG,TT,AA,AA,TT,CG,AG,CC,GG,CC,GG,CT,AA,CC,CC,CC,CC,AG,TT,CC,AA,CC,CC,AA,AA,AA,AA,GG,CC,CC,GG,AG,AA,AT,AC,TT,CC,CC,AA,NN,GG,TT,GG,AA,GT,TT,GG,CC,GT,GT,TT,CC,AA,TT,TT,AA,AT,GG,CC,AA,CC,CC,AC,GG,CC,AA,GG,AA,CC,TT,CG,GG,GT,CG,AT,AA,AG,TT,CC,GG,AA,CC,CG,GG,GG,AC,GG,TT,AC,AG,CC,GG,AA,CC,AA,AT,GG,TT,AT,TT,CG,TT,AT,CC,TT,GT,AA,GG,AA,TT,AA,TT,CC,TT,AA,NN,TT,CG,AG,CG,GG,CC,TT,NN,GT,GG,TT,AA,CC,AG,GG,CC,CC,CG,CC,GG,TT,AA,NN,TT,GG,CC,CC,AA,AG,CC,AT,CC,AA,AA,CC,CC,AA,TT,AA,CG,AA,AA,AC,AA,AG,AG,AA,AA,TT,GG,AC,AG,AC,CC,CT,AA,AA,CG,GG,GG,TT,AA,AA,GT,TT,TT,AG,AT,GG,GG,AA,6.14,Susceptible,Low,Premium,Early
L0324,Mandya,Karnataka,Kharif,Red Loamy,Irrigated (Cauvery command),780,27.0,72,AC,TT,GG,AG,GG,CC,GG,AT,CC,CC,AA,CC,CC,TT,TT,GG,CG,TT,TT,AA,CC,GT,TT,CC,TT,CC,TT,TT,GG,AA,CT,CC,AA,CC,GG,GG,GG,CC,GG,CC,TT,CT,AA,TT,GG,GG,CT,TT,CG,AA,GG,AA,AA,GG,CT,TT,AA,AC,GT,NN,AG,GT,AT,AA,CT,TT,CC,GG,TT,TT,AG,GT,CC,AA,GG,AA,AA,GG,TT,TT,GG,GT,GG,CC,NN,AG,AA,AA,CC,GT,CC,TT,CC,TT,TT,GG,TT,AC,GT,CC,CC,CC,GG,AA,TT,TT,CC,AA,AA,AA,CC,GG,TT,GG,TT,AC,AC,TT,CC,GG,CC,GG,CC,GT,CT,AA,CC,CC,CC,CC,AA,TT,CC,AA,CC,CC,AA,TT,AG,AA,GG,CC,CC,GG,AA,AG,AA,CC,GG,CC,CC,AA,AG,GG,TT,AG,CC,TT,CT,GG,AC,GT,TT,TT,CG,AT,GT,CC,AA,TT,GG,CC,AA,CT,CC,CC,CG,AC,AA,GG,GG,CC,TT,CG,GG,GT,GG,AT,AA,AA,TT,CC,GG,AA,CC,CG,CG,GG,AA,GG,TT,AC,AA,CC,GG,AA,AC,AA,AA,GT,NN,TT,AA,GG,GT,AT,CC,TT,GG,AA,GG,AA,NN,NN,TT,CG,NN,AA,CC,NN,GG,AG,CC,AA,CC,TT,TT,TT,GG,TT,AA,AC,AA,GG,CC,CG,GG,CG,GG,AT,AA,CC,TT,GG,CC,CG,AA,AG,CC,AA,CC,AA,AA,CC,CG,CC,TT,AA,CG,AA,AA,AA,AA,GG,AA,AA,AA,TT,GG,CC,AG,CC,AA,CC,AA,AA,GG,GG,GG,TT,AA,AA,TT,TT,TT,AA,TT,GG,CG,AA,4.49,Moderate,Low,Standard,Late
L0325,Mandya,Karnataka,Kharif,Red Loamy,Irrigated (Cauvery command),780,27.0,72,AA,TT,AG,AG,CG,CC,GT,AT,CC,CG,AA,CC,CG,TT,GG,GG,GG,TT,TT,AA,CC,TT,TT,NN,TT,CC,TT,TT,GG,AA,CC,CC,AA,CC,GG,GG,GG,CG,NN,CC,TT,TT,AC,TT,AA,NN,TT,AT,CC,NN,GG,AT,AA,GG,CC,GG,AA,AA,GT,CC,AA,TT,AA,AA,CT,TT,CC,GG,TT,GT,AA,GG,AC,AA,NN,AC,AT,GG,TT,TT,GG,GG,GG,CC,AA,GG,AA,AT,CC,GT,CC,TT,TT,TT,GT,GG,TT,CC,TT,CC,CC,CC,GG,AA,TT,TT,CC,NN,AG,AA,CC,GG,TT,CC,TT,AA,NN,TT,CC,AG,CC,GG,CC,GG,CT,AA,CC,CC,CC,CC,AA,TT,CC,AA,CC,CC,AG,AT,AA,AA,GG,CC,CC,GG,AA,GG,AA,CC,GT,CC,CG,AA,AA,GG,TT,GG,AA,TT,TT,GG,AC,TT,GT,CT,CG,TT,TT,CT,AA,AT,GG,CG,AG,CT,CC,CC,GG,CC,AA,GG,AG,CC,TT,CC,GG,GT,GG,AA,AG,AA,TT,CC,CG,AA,CC,CC,GG,GG,AA,CG,TT,AA,AA,CC,GG,AT,CC,AA,AT,GT,TT,AT,AA,CG,GG,AA,CC,AT,GT,AA,GG,AA,TT,AA,TT,GG,TT,AA,CC,TT,CG,AG,CG,GG,CC,TT,TT,TT,GG,TT,AA,AC,AG,NN,CG,GG,GG,CC,GG,TT,AA,CC,TT,GG,CC,CC,AA,GG,CC,NN,CC,AA,GG,CC,CC,AC,TT,AA,GG,AA,AC,AA,AA,GG,NN,AA,AA,AT,GG,AA,GG,AA,AA,TT,AA,AA,GG,GG,GG,GT,AA,AG,TT,TT,TT,AA,AT,GG,GG,AA,4.58,Moderate,Low,Standard,Early
L0326,Mandya,Karnataka,Kharif,Red Loamy,Irrigated (Cauvery command),780,27.0,72,AC,TT,GG,GG,CG,CG,GG,TT,CC,CG,AA,CT,CG,AT,TT,GG,CG,TT,TT,AA,CC,GT,GG,CT,TT,CC,GT,TT,GG,AA,TT,CC,AA,CC,GG,GG,GG,CG,GG,CC,TT,TT,AA,GG,AG,AG,TT,TT,CC,AC,GG,AA,AG,GG,CT,GT,AA,AC,GT,NN,AG,TT,TT,AA,TT,AT,CC,GG,TT,GG,AA,GG,CC,AA,GG,AC,AA,GG,TT,TT,GG,GT,GG,CC,AA,GG,AA,AA,CC,TT,CC,TT,CT,TT,GT,GG,TT,CC,TT,CC,CC,CG,GG,AA,TT,GT,CC,AA,AA,AC,CC,GG,TT,CC,TT,AA,AA,TT,CC,AG,CC,GG,CT,GT,TT,AA,CC,CC,CC,CC,AA,GT,AC,AC,CC,CC,AA,TT,AA,AT,GG,CC,CC,GG,AA,AA,AA,CC,GG,CC,CC,AA,AA,GG,TT,GG,AC,TT,TT,GG,AC,TT,GT,TT,CC,AA,TT,CT,AA,TT,GG,CC,AA,CC,CC,CC,CG,CC,AA,GG,AG,CC,TT,CC,GT,TT,CG,AT,AG,AA,TT,CC,GG,AA,AC,CC,GG,GG,AA,GG,TT,AC,AA,CC,GG,AA,CC,AT,AT,GG,TT,AT,AT,GG,GG,AT,CG,AT,TT,AA,GG,AA,CT,AA,TT,CC,TT,AC,CC,TT,GG,AA,CC,AG,CC,TT,CT,GT,GG,AT,AA,AC,AG,NN,CC,CG,GG,CC,GG,AT,AA,CC,TT,GG,CC,CC,AT,GG,CC,AA,CC,AA,AA,AC,CG,NN,NN,AA,CG,AA,AA,AC,AA,AG,AA,AG,AA,TT,GG,AC,AA,AC,AA,CC,NN,AA,NN,GG,GG,TT,AA,AA,GG,TT,TT,AA,NN,GG,GG,AA,6.81,Moderate,Medium,Standard,Late
L0327,Mandya,Karnataka,Kharif,Red Loamy,Irrigated (Cauvery command),780,27.0,72,AA,TT,GG,AG,CG,CG,GG,AA,CC,GG,AA,CC,CC,AT,TT,GG,CG,TT,TT,GG,CC,TT,TT,CC,TT,CT,TT,AT,GG,AA,TT,NN,AA,CC,GG,GG,GG,CC,GG,CC,TT,CT,AA,GT,AA,AG,TT,AT,CC,AA,GT,AA,AA,GG,CC,TT,AA,AA,GT,AA,AA,TT,AT,AG,TT,TT,CC,GG,TT,GG,AA,GG,AC,AA,GG,AA,AT,GG,GT,TT,AG,GT,GG,NN,TT,GG,AA,AA,CG,GG,AC,TT,CT,TT,GT,AG,TT,CC,TT,CT,CC,GG,AG,AA,AT,TT,CC,AA,AA,AA,CT,GT,TT,CG,TT,AA,AA,TT,CC,AG,CC,AG,CC,GT,CT,AG,CC,CC,CC,CC,AA,TT,CC,AA,CC,CC,AA,TT,AG,AA,GG,CC,CC,GG,AA,AG,AT,CC,GG,CC,CC,AA,AG,GG,TT,AG,AA,TT,TT,GG,AC,NN,TT,TT,CG,AA,TT,TT,AT,TT,GG,CC,AG,NN,CC,CC,CG,CC,AA,GG,AG,CC,TT,CC,GG,TT,GG,AT,AA,AA,TT,CC,GG,AA,CC,CC,GG,GG,AA,GG,TT,AC,AA,CG,GG,AA,AC,NN,AT,GG,TT,TT,AA,GG,GG,AT,CG,TT,TT,AA,GG,AA,TT,AA,TT,CC,CC,AA,CC,TT,GG,AA,CC,AG,CC,TT,CT,TT,GG,TT,CC,CC,AA,GG,CC,CG,GG,CC,GG,TT,AA,CG,GT,GG,CC,CC,AT,AG,CG,AT,CC,AT,AA,CC,CG,AA,TT,AA,GG,AA,AA,CC,AC,GG,AG,AA,AA,TT,GG,AC,AG,CC,NN,CT,AA,AA,GG,AG,GG,TT,AA,AA,GT,TT,TT,AG,AT,GG,CG,AA,5.39,Susceptible,Low,Poor,Medium
L0328,Mandya,Karnataka,Kharif,Red Loamy,Irrigated (Cauvery command),780,27.0,72,AA,TT,GG,GG,GG,CC,GT,AT,CC,GG,AA,CC,CG,AT,GT,GG,GG,TT,TT,AA,CG,GT,GT,CT,TT,CC,TT,TT,GG,AA,CT,CC,AA,CC,GG,GG,GG,CG,GG,CC,TT,CT,AA,TT,AA,AG,TT,AT,CC,CC,GG,AT,AA,GG,CC,GT,AA,AC,TT,AA,AA,TT,TT,GG,TT,TT,CC,GG,TT,GG,AA,GG,CC,AA,GG,AC,AT,GG,TT,TT,GG,GG,GT,CC,AA,GG,AA,AT,CG,GT,CC,TT,CC,NN,TT,GG,CT,CC,GT,CC,CC,CC,AG,AA,TT,TT,CC,AA,GG,AA,TT,GG,TT,CC,GT,AA,AA,TT,CC,AG,CC,AG,CC,GG,CT,AA,CT,CC,CC,CG,AA,TT,AC,AA,CC,CT,AA,TT,AG,AA,CG,CT,CC,GG,AA,AA,AT,CC,GG,CC,CC,AA,AG,AG,TT,GG,AA,TT,TT,GG,CC,TT,TT,CT,CC,AT,GT,TT,AA,TT,GG,CC,AG,TT,CC,CC,GG,AC,AA,GG,AA,CC,TT,CG,GT,GT,GG,AA,AA,AA,TT,AC,GG,AA,AC,CC,GG,GG,AA,GG,TT,NN,AA,CC,GG,AT,CC,AA,AA,GG,TT,TT,AT,GG,TT,AT,CG,TT,TT,AA,GG,AA,CT,AA,TT,CC,TT,AA,CC,TT,GG,AG,CC,GG,CC,TT,TT,TT,GG,TT,AA,CC,AG,GG,CC,CG,GG,CC,GG,AA,AA,CC,TT,GG,CC,CC,AA,GG,CC,AA,CG,AA,AA,CC,CC,CC,TT,AA,GG,AA,NN,AC,AA,AA,AG,AA,AA,TT,GG,AC,AA,AC,AC,TT,AA,AA,GG,GG,GG,TT,AA,AA,GT,TT,TT,GG,AT,GG,GG,AA,8.39,Susceptible,High,Poor,Early
L0329,Mandya,Karnataka,Kharif,Red Loamy,Irrigated (Cauvery command),780,27.0,72,NN,TT,AG,AG,CG,CC,GG,NN,CG,CG,AA,CC,CC,AT,TT,GT,CG,TT,TT,AA,CG,GT,TT,CC,TT,CC,TT,TT,GT,AA,TT,CC,AA,CC,GG,GG,NN,GG,GG,CC,TT,CT,AA,TT,AA,AG,TT,TT,CC,AC,GG,AA,AA,GG,CC,TT,AA,AC,GG,AC,AG,TT,AT,AG,CT,TT,CC,GG,TT,GG,AA,GG,CC,AA,GG,AC,AA,GG,TT,TT,GG,GG,GT,CC,AA,GG,AA,AA,CC,TT,CC,TT,CT,TT,TT,GG,TT,CC,GT,CC,CC,CG,GG,AA,TT,TT,CC,AA,AG,AC,CT,GG,TT,CG,TT,AA,AA,TT,CC,GG,CC,GG,CC,GG,TT,GG,CC,NN,CC,CC,AA,TT,CC,AA,CC,CC,AA,AT,AA,AT,GG,CC,CC,GG,AA,AG,AA,CC,GT,CC,CC,AG,AA,GG,TT,GG,AA,TT,CC,GG,AC,TT,GT,TT,CC,AA,TT,TT,AT,TT,GG,CC,AA,CT,CC,CC,CG,CC,AA,GG,AA,CC,TT,CC,GG,TT,GG,TT,AA,AA,TT,CC,CG,AA,CC,CC,GG,AG,AA,GG,NN,AA,AA,CC,GG,AA,AC,AA,AT,GG,GT,TT,AT,GG,TT,AA,CG,TT,TT,AA,GG,AG,TT,AA,TT,CC,TT,AA,CC,NN,GG,AA,CG,AG,NN,TT,TT,TT,GG,TT,AC,CC,AA,GT,CC,CC,GG,CC,GG,TT,AA,CG,GT,GG,CC,CC,AA,GG,CG,AT,CC,AA,AA,AA,CG,AC,TT,AA,GG,AA,AC,AC,AA,AG,GG,AA,AA,TT,GG,AC,AG,AC,CC,CT,AA,AA,GG,GG,GG,TT,AA,AG,GT,TT,TT,AA,AA,GG,GG,AA,5.58,Susceptible,Medium,Premium,Early
L0330,Mandya,Karnataka,Kharif,Red Loamy,Irrigated (Cauvery command),780,27.0,72,AC,TT,AG,AG,GG,CC,GG,AT,CC,CC,AA,CC,CG,AT,GT,GG,CG,TT,TT,AA,CC,TT,TT,CC,TT,CC,TT,TT,GG,AA,TT,CT,AA,CC,GG,GG,GG,CG,GG,CC,TT,TT,AC,GG,AG,AG,TT,TT,CC,AC,NN,AA,AA,GG,CC,GT,AA,AA,GT,NN,AA,TT,TT,GG,TT,AT,CC,GG,TT,GG,GG,GG,CC,AA,GG,AA,AT,GG,TT,TT,GG,GG,GG,CC,AA,GG,AA,AT,CC,TT,CC,TT,CC,TT,TT,AG,TT,CC,NN,CC,CC,CG,AG,AA,AT,TT,CG,AA,AA,AA,CC,GG,TT,CC,TT,AC,AA,TT,CG,AG,CC,GG,CC,GT,CC,AA,CC,CC,CC,CC,AA,TT,AC,AA,CC,CT,AA,TT,AA,AA,GG,CT,CG,NN,AA,AG,AA,CC,GG,CC,CC,AA,AA,AG,TT,AG,AC,TT,CT,GG,AC,GT,TT,TT,CC,AA,GT,TT,AA,AT,GG,CC,AG,CT,AC,CC,CG,CC,AA,GG,AG,CC,TT,CC,GG,TT,GG,TT,AA,AA,TT,AC,CG,AA,CC,CC,GG,GG,AC,GG,TT,CC,AG,CC,GG,AA,AA,AA,AT,GG,TT,AT,AA,GG,GG,AA,CC,NN,TT,AA,GG,AA,CT,AA,TT,CC,TT,AC,AC,TT,GG,AG,CC,AG,CC,TT,CT,GT,GG,TT,AA,AC,AA,GG,CG,CC,GG,CC,GG,AT,AA,CC,TT,GG,CC,CC,AA,AG,CC,AA,CC,AA,AA,AC,CC,CC,AT,AA,GG,AT,AA,AA,AA,GG,AA,AG,AA,TT,GG,AC,AA,NN,AC,CT,AA,AA,GG,GG,CG,GT,AA,AA,TT,TT,TT,AG,TT,GG,GG,AA,3.66,Susceptible,Medium,Poor,Late
L0331,Mandya,Karnataka,Kharif,Red Loamy,Irrigated (Cauvery command),780,27.0,72,AA,TT,AG,AG,CG,CC,GG,TT,CC,CG,AA,CC,CC,AT,GG,GG,CG,TT,TT,AA,CC,TT,TT,CC,TT,CC,TT,NN,NN,NN,TT,CC,AA,CC,GG,CG,NN,CG,GG,CC,TT,CC,AA,TT,AG,GG,CT,TT,CC,CC,GT,AA,AA,GG,CC,TT,AA,AA,NN,AA,AA,GT,TT,AA,TT,TT,CC,GG,TT,GG,AA,GG,CC,AA,AA,AC,AT,GG,TT,TT,GG,GG,GG,CC,AT,GG,AA,AA,CC,GG,AC,TT,CT,TT,TT,GG,CT,CC,TT,CC,CT,CC,AG,AA,TT,TT,CG,AA,AG,AC,CC,GG,GT,CC,TT,AC,AC,NN,CC,GG,CC,GG,CC,GT,CT,AG,CC,CC,CC,CC,AA,TT,CC,AA,AC,CC,AA,TT,AG,AA,GG,CC,CC,GG,AA,AG,AA,NN,GT,CC,CC,AG,AA,AG,TT,GG,AA,TT,TT,GG,CC,GG,GT,CT,CG,AA,TT,TT,AA,TT,GG,CC,AG,CC,CC,CC,CG,CC,AA,GG,AA,CC,TT,CC,GT,GT,GG,AT,AA,AA,TT,AC,GG,AA,CC,CC,GG,GG,AA,GG,TT,AC,AG,CC,GT,AA,CC,AT,TT,GT,TT,TT,AA,GG,GG,AT,CC,AT,TT,AA,GG,AA,TT,AA,TT,CC,TT,AA,CC,TT,GG,AA,CC,GG,AC,TT,CT,TT,GG,TT,AA,AC,AG,GG,CC,CC,GG,CC,GG,AA,AA,CC,GT,GG,CG,CG,AA,GG,CG,AA,CC,AT,AA,AA,CC,AA,TT,AA,GG,AA,AA,AA,AC,GG,AA,AA,AA,TT,GG,AA,AA,AC,AA,TT,AA,AG,GG,GG,CG,TT,TT,AA,TT,TT,TT,NN,AA,GG,NN,AC,5.25,Resistant,Low,Premium,Late
L0332,Mandya,Karnataka,Kharif,Red Loamy,Irrigated (Cauvery command),780,27.0,72,AC,TT,GG,AG,GG,CC,GG,AT,CC,CC,AT,CC,CC,TT,GT,GT,CG,NN,TT,AG,CC,TT,TT,CT,TT,CC,TT,AT,GG,AA,TT,CT,AA,CC,GG,CG,GG,CC,GG,CC,TT,CT,AA,TT,AA,GG,TT,TT,CC,CC,TT,AT,AA,GG,CC,TT,AA,AA,GT,AA,AA,TT,AT,AG,TT,TT,CC,GT,CT,GG,AA,GG,CC,AG,GG,AA,AT,GG,GT,TT,GG,GG,GG,CC,AA,GG,AA,AA,CC,TT,AC,TT,CT,TT,GT,GG,CT,CC,GT,CC,TT,CG,NN,AA,TT,TT,CC,AA,AA,AA,CT,GG,TT,CC,TT,AA,AA,TT,CC,AG,CG,NN,TT,GT,TT,AG,TT,CC,AC,CC,AG,TT,CC,AA,CC,CC,AG,TT,AA,AT,CG,CC,CC,GG,AA,GG,AT,CC,GG,CG,CC,AA,AA,AG,TT,GG,NN,TT,CT,GG,CC,GT,TT,TT,CC,AA,TT,NN,AA,TT,GG,CC,AG,CT,CC,CC,GG,CC,AA,GG,AA,CC,TT,CC,GG,TT,CG,AT,AG,AA,TT,AC,GG,AC,CC,CC,GG,GG,AC,NN,TT,CC,AA,CG,GG,AT,AC,AT,AT,GG,GT,AT,AA,GG,GT,AA,CG,AT,GT,AA,GG,AA,CT,AA,TT,CC,TT,AA,CC,CT,CG,AA,CC,AA,AC,TT,TT,TT,GG,TT,AC,CC,AA,GG,CC,CC,GG,CG,GG,AT,AA,CG,GT,GG,CC,CG,AA,GG,CG,AT,CC,AA,AA,AC,CC,AC,AT,AA,GG,AA,AA,AA,AA,GG,AA,AG,AA,TT,GG,AC,AG,CC,AA,CT,AA,AA,GG,GG,CG,TT,AA,AG,TT,TT,TT,GG,AA,GG,GG,AA,8.92,Susceptible,High,Premium,Late
L0333,Mandya,Karnataka,Kharif,Red Loamy,Irrigated (Cauvery command),780,27.0,72,AA,CT,GG,AA,GG,CC,GT,AT,CC,CG,AA,CC,CG,TT,GG,GG,GG,TT,TT,AA,CC,GT,GT,CT,TT,CC,TT,TT,GG,NN,TT,CT,AA,AC,GG,CG,GG,CC,GG,CC,TT,CT,AC,TT,AG,GG,TT,AT,CG,AA,NN,AA,AA,CG,CT,TT,AA,CC,GG,AA,AA,TT,TT,AG,TT,AA,CC,GT,TT,GT,AA,GG,CC,AG,AG,AA,AA,GG,TT,TT,GG,GT,GG,CC,AA,GG,AA,AA,CC,GT,AC,NN,CT,TT,TT,GG,TT,CC,GG,CC,CC,CG,AG,AA,TT,TT,CG,AA,GG,AA,CC,GG,TT,CG,TT,AA,AA,TT,CG,GG,CC,GG,CC,GT,CC,AA,CC,CC,AC,CC,AA,TT,AC,AA,CC,CC,AG,TT,AA,AA,GG,CC,CC,GG,AA,GG,AA,CC,GG,CC,CC,AG,AA,GG,TT,AG,AC,GT,TT,AG,AC,GT,TT,CC,CG,AA,TT,TT,AA,TT,GG,CC,AG,CT,CC,CC,CG,CC,AA,GG,GG,CC,TT,CG,GG,TT,CG,AT,NN,AA,GT,CC,GG,AA,CC,CC,GG,GG,AA,GG,TT,AC,AA,CG,GT,AA,CC,NN,TT,GG,TT,TT,AA,GG,GT,AA,CG,TT,GT,AA,GG,AA,TT,AC,TT,CC,CC,AA,CC,TT,CG,AG,CC,AG,AC,AT,TT,GT,NN,TT,AA,CC,AA,GG,CC,CG,GG,CG,GG,AT,AA,CC,TT,GG,CC,CC,AT,GG,CC,AT,CC,AT,AA,AA,CC,AA,TT,AA,NN,AA,AC,CC,AC,AA,AG,AG,AA,TT,GG,AA,AG,AC,AC,TT,AA,AA,GG,GG,GG,GT,AT,AG,GT,TT,TT,AA,TT,NN,GG,AA,7.8,Moderate,Medium,Poor,Late
L0334,Mandya,Karnataka,Kharif,Red Loamy,Irrigated (Cauvery command),780,27.0,72,AC,TT,GG,AG,CG,CC,TT,TT,CC,CG,AA,CC,CG,AT,TT,GG,NN,TT,TT,AG,CC,GT,GT,CC,TT,CC,TT,TT,GG,AA,TT,CT,AG,CC,GG,CG,GG,GG,GG,CC,TT,TT,AA,TT,AG,GG,TT,TT,CC,AC,GG,AA,AG,GG,CC,TT,AA,AC,GT,AC,AA,GT,TT,AA,CT,TT,CC,GG,TT,GG,AA,TT,CC,AA,AG,AA,AA,GG,TT,TT,GG,GG,GT,CC,AA,GG,AA,AA,CC,TT,CC,TT,CC,TT,TT,GG,TT,AC,GG,CC,CT,CG,AA,AA,NN,TT,CC,AA,AA,AC,TT,GG,TT,CC,TT,CC,AA,TT,CG,AG,CG,GG,CC,GG,TT,AA,CC,CC,CC,CC,AG,GT,CC,AA,CC,CC,AA,TT,AA,AA,GG,CC,CC,GG,AA,AA,NN,CC,GG,CC,CC,AA,AG,GG,TT,GG,AA,TT,TT,GG,AC,GT,TT,CT,CC,AT,TT,TT,AA,TT,GG,CC,AG,CC,CC,CC,GG,CC,AA,AG,GG,CC,TT,CC,GT,TT,GG,AA,AA,AA,TT,CC,GG,AA,CC,CG,GG,GG,CC,NN,TT,CC,AA,CC,GG,AA,CC,AA,AA,GG,TT,TT,AT,GG,GT,AT,CC,AT,TT,AA,GG,AA,TT,AA,TT,CC,TT,CC,CC,CT,GG,AG,CG,AG,CC,TT,TT,GT,GG,TT,AA,AC,AA,GG,CC,CC,GG,CC,GG,AT,AA,CC,GT,GG,CC,CC,AA,GG,CG,AT,CC,AA,AA,AC,CC,CC,TT,AA,CG,AA,AA,AA,AA,AA,AG,AA,AA,AT,GG,AA,AG,AA,AC,TT,AA,AA,GG,GG,GG,TT,AA,AG,TT,TT,TT,AG,AT,NN,GG,NN,8.26,Susceptible,Medium,Standard,Medium
L0335,Mandya,Karnataka,Kharif,Red Loamy,Irrigated (Cauvery command),780,27.0,72,AC,TT,AG,AA,GG,CG,GG,TT,CC,GG,AA,CC,CG,TT,TT,GT,CG,TT,TT,AG,CC,TT,GT,CC,TT,CC,GT,TT,GT,AA,TT,TT,AA,CC,GG,CC,GG,GG,GG,CC,TT,TT,AA,TT,AA,GG,TT,TT,CC,CC,GT,TT,AA,CG,CC,GG,AA,AC,GG,AA,AA,TT,TT,NN,TT,AA,CC,GG,TT,GG,AA,GG,CC,AG,GG,AA,AT,AG,GG,TT,GG,GG,GT,CC,AT,GG,AA,AA,CC,GT,CC,TT,CC,TT,TT,AG,CT,CC,TT,CT,CC,CC,AG,AA,TT,TT,CC,NN,AG,AA,CC,GG,TT,CC,GT,AA,AA,TT,CC,GG,CC,GG,CT,GG,TT,AA,CT,CC,CC,CC,AA,GT,CC,AA,CC,CT,AA,TT,AA,AA,GG,CC,CC,GG,AG,AA,AA,CC,GG,CC,CC,AA,AA,GG,TT,GG,AA,TT,TT,GG,CC,GT,TT,TT,CC,AT,GT,TT,AA,TT,CG,CC,AA,CT,CC,CC,GG,CC,AA,GG,AG,CC,TT,CC,GT,TT,CG,AT,AA,AA,TT,AC,GG,AA,CC,CC,GG,AG,AC,GG,TT,AC,AA,CC,GG,AA,CC,AA,TT,GG,TT,AT,AA,CG,GT,AT,CC,AT,TT,AA,GG,AA,CT,AA,TT,CC,CT,AA,CC,TT,GG,AA,CC,AG,CC,TT,TT,TT,GG,TT,AA,AA,AA,GG,CC,GG,GG,CC,GG,NN,AA,CG,GT,GG,CG,CC,AA,AA,CC,TT,CC,AA,AA,AA,CC,CC,TT,AG,CG,AA,AA,AC,AA,AG,GG,AG,AA,TT,GG,AC,AG,AC,AC,CT,AA,AA,GG,AG,GG,TT,AA,AA,TT,TT,TT,AG,TT,GG,GG,AA,8.61,Susceptible,High,Premium,Late
L0336,Mandya,Karnataka,Kharif,Red Loamy,Irrigated (Cauvery command),780,27.0,72,AA,CT,GG,AA,GG,CC,NN,TT,CC,CC,AA,NN,CC,AT,GT,GT,GG,TT,TT,GG,CC,GG,GT,CT,TT,CC,TT,TT,GT,AA,TT,CC,AA,CC,GG,GG,GT,CC,GG,CC,TT,TT,AA,GT,AA,GG,TT,TT,CC,AC,NN,AA,AG,GG,CC,TT,AA,CC,GT,AA,NN,TT,TT,AA,CT,TT,CC,GT,TT,GT,AA,GG,CC,AG,GG,AC,AT,GG,TT,TT,GG,GG,GT,CC,AT,GG,AA,AA,CC,TT,CC,TT,CC,TT,GG,GG,TT,AC,TT,CC,CC,GG,AG,AG,AT,GT,CC,AG,AA,AA,CC,GG,TT,CG,TT,AA,AA,TT,CG,GG,CG,GG,CC,GG,TT,AG,CC,CC,CC,CC,AA,TT,CC,AA,CC,NN,AA,TT,AA,AA,GG,CC,CC,GG,AG,AA,AA,CC,GG,CC,CG,AA,AA,NN,GT,GG,AA,TT,TT,GG,CC,TT,GT,CT,CG,AA,TT,TT,AA,TT,CG,CC,AA,CT,CC,CC,CG,CC,AA,GG,AA,CC,TT,CC,GG,TT,GG,TT,AA,AG,GT,CC,GG,AA,AC,CC,GG,GG,AA,GG,TT,AA,AG,CC,GG,AA,CC,AA,AA,TT,TT,TT,AT,CC,GT,AA,CG,TT,GT,AA,GG,AA,TT,AA,TT,CG,CT,AC,CC,TT,GG,AG,CG,AG,CC,TT,TT,TT,GG,TT,AA,AC,AG,GG,CC,GG,GG,CG,GG,AT,AA,CC,GG,GG,CC,CC,AA,AG,CG,AA,CC,AA,AG,CC,CC,AA,TT,AA,GG,AA,AA,AA,AA,AG,AA,AA,AA,TT,GG,AC,AG,CC,AC,CT,AA,AA,GG,GG,GG,TT,AA,AA,GT,TT,TT,AA,TT,NN,GG,NN,8.8,Susceptible,High,Standard,Early
L0337,Mandya,Karnataka,Kharif,Red Loamy,Irrigated (Cauvery command),780,27.0,72,AC,TT,GG,AG,GG,CC,GG,AT,CC,CC,AA,CC,CG,TT,GT,GG,CC,TT,TT,AG,CC,GT,TT,CC,TT,CC,TT,TT,GG,AA,TT,CC,AA,CC,NN,NN,GG,CC,GG,CC,TT,TT,AC,TT,AA,GG,TT,AT,CC,AA,GG,AA,AA,GG,CC,TT,AT,AA,GT,AC,AA,TT,AT,AG,TT,TT,CC,GG,TT,GG,AA,NN,CC,AA,AG,AA,AT,GG,TT,TT,GG,GG,GG,CC,AA,GG,NN,AA,CC,GT,CC,TT,CT,TT,TT,GG,TT,CC,TT,CC,CT,CC,GG,AA,TT,TT,CC,AA,AG,AC,CT,GG,TT,CC,TT,AA,AA,TT,CG,GG,CC,GG,CC,GT,TT,AG,CC,CC,CC,CC,AG,TT,CC,AA,CC,CT,AA,TT,AA,AA,GG,CT,CC,GG,AA,AA,AA,CC,GT,CC,CC,AA,AG,GG,TT,GG,AA,TT,CT,GG,CC,TT,TT,TT,CG,AA,TT,TT,AT,TT,GG,CG,AA,CT,CC,CC,CG,CC,AA,GG,AA,CC,TT,CG,GT,TT,GG,TT,AA,AG,TT,CC,GG,AA,CC,CC,GG,GG,AA,GG,TT,AA,AA,CC,GG,AA,AC,AA,AA,GT,GG,TT,AT,GG,GT,AT,GG,AT,GT,AA,GG,AA,CT,AA,NN,CC,TT,AA,CC,TT,GG,AA,CC,AG,AC,TT,TT,TT,CG,TT,AC,CC,AA,GT,CC,CG,GG,CC,GG,AA,AG,CC,TT,GG,CC,CC,AA,GG,CC,AA,CC,AT,AA,CC,CC,AC,TT,AA,GG,AA,AA,AA,AA,GG,AA,AA,AG,TT,NN,AC,AG,AC,AA,TT,AG,AA,GG,AG,CG,TT,AA,AA,TT,TT,TT,AA,TT,GG,GG,AA,6.51,Susceptible,Medium,Premium,Early
L0338,Mandya,Karnataka,Kharif,Red Loamy,Irrigated (Cauvery command),780,27.0,72,AA,TT,GG,AA,GG,CC,GG,TT,CC,GG,AA,CC,CC,TT,TT,GG,GG,TT,TT,AA,CG,TT,GT,CC,TT,CC,TT,TT,GG,AA,TT,CT,AA,CC,GG,GG,GG,CC,GG,AC,TT,CC,NN,TT,AA,GG,TT,TT,CC,AC,GG,AA,AA,GG,CC,TT,AA,AA,GG,AA,NN,TT,TT,AG,TT,AT,CC,GG,TT,GG,AG,GG,CC,AA,GG,AC,AT,GG,TT,TT,GG,GT,GG,CC,AA,GG,AA,AA,CC,TT,CC,TT,CC,TT,GT,AG,CT,CC,GG,CC,CT,GG,GG,AA,TT,TT,CC,AA,AA,AA,CC,GG,TT,CG,TT,AC,AA,TT,CG,AA,CG,GG,CC,GG,CT,AG,CC,CC,CC,CG,AA,TT,CC,AA,CC,CT,NN,TT,AA,AA,GG,CC,CC,NN,AA,AA,AA,CC,GG,CC,CC,AA,AG,GG,NN,GG,AA,TT,TT,GG,CC,TT,TT,TT,CG,AA,TT,TT,AA,TT,GG,CG,AG,TT,CC,CC,CC,CC,AA,GG,AA,CC,TT,CG,GG,NN,GG,TT,AA,AA,TT,CC,GG,AA,AC,CC,GG,GG,AC,GG,TT,AC,AA,CC,GG,AA,CC,AA,TT,GT,TT,AT,AA,CG,GG,AA,CC,AA,TT,AA,GG,AA,TT,AA,TT,CC,TT,AC,CC,TT,GG,AG,CG,AG,CC,TT,TT,GT,GG,AT,AA,CC,NN,GG,CC,CG,GG,CC,GG,TT,AG,CC,GT,AG,CC,CC,AA,GG,CC,AA,CC,AA,AA,AC,CC,AC,TT,AA,GG,AA,AA,NN,AA,GG,AA,AA,AA,TT,CG,AA,AA,AC,AC,CT,AA,AA,GG,GG,CG,TT,TT,AA,TT,TT,TT,AA,TT,GG,GG,AA,7.6,Moderate,High,Premium,Medium
L0339,Mandya,Karnataka,Kharif,Red Loamy,Irrigated (Cauvery command),780,27.0,72,AA,TT,GG,AG,GG,CC,GG,AT,CC,CG,AA,CC,CC,TT,TT,GG,CG,TT,TT,AG,CC,TT,GT,CC,TT,CT,GT,TT,GG,AC,TT,CT,AA,CC,AG,GG,GG,CC,GG,CC,TT,CT,AA,TT,AG,GG,TT,TT,CC,AA,GG,AA,AA,GG,CT,TT,AT,CC,TT,AA,AG,TT,TT,AA,NN,TT,CC,GG,TT,GG,AA,GG,CC,AA,GG,CC,AA,GG,TT,TT,GG,GG,GT,CC,AA,GG,AG,AA,CC,TT,CC,TT,CT,TT,GT,GG,CT,CC,TT,CT,CT,CC,AG,AG,TT,TT,CC,AA,GG,AA,CC,GG,GT,CC,TT,AA,AA,TT,CC,AG,CC,AG,CC,GG,CT,AA,CC,CC,AC,CC,AA,TT,CC,AA,CC,CC,AA,TT,AA,AA,GG,CC,CC,GG,AA,AG,AA,AC,NN,CC,CG,AA,AG,GG,NN,GG,AA,TT,CT,GG,AC,TT,GT,CT,CC,AT,TT,TT,AT,TT,GG,CC,AG,CT,CC,CC,GG,CC,AA,GG,AG,CC,TT,CC,GG,TT,GG,AT,AA,AG,TT,AC,GG,AA,AA,CC,GG,GG,AC,GG,TT,AA,AA,CC,GG,AT,AC,AA,AA,GG,TT,TT,AA,GG,GT,AA,CC,TT,GT,AA,GG,AA,TT,AC,TT,CC,CT,AC,CC,CT,CG,AG,CC,AG,CC,NN,TT,TT,GG,TT,AC,AA,AA,GG,CC,CG,GG,CC,GG,AT,AA,CC,TT,GG,CC,CC,AT,AG,CC,AA,CC,AA,AA,CC,CG,AC,AT,AA,GG,AA,CC,CC,AA,AG,AG,AA,AA,TT,GG,AC,AA,CC,NN,CT,AA,AA,GG,GG,GG,GG,AA,GG,TT,TT,TT,AA,AT,GG,GG,AA,9.16,Susceptible,Medium,Standard,Medium
L0340,Mandya,Karnataka,Kharif,Red Loamy,Irrigated (Cauvery command),780,27.0,72,NN,CC,GG,AG,CC,CC,GG,TT,CG,GG,AA,CC,CG,AT,TT,GG,GG,AT,TT,AA,CC,TT,GT,CC,TT,CC,TT,TT,GG,AA,TT,CC,AA,CC,GG,GG,GG,CG,GG,CC,TT,CC,AA,NN,AG,GG,TT,AT,CG,AC,GG,AA,AG,GG,CT,TT,AT,AC,GG,AC,AA,TT,TT,AA,NN,TT,CC,GG,TT,TT,AA,GG,CC,AA,GG,AC,AT,GG,TT,TT,GG,GG,GG,CC,AA,AG,AA,AA,CC,NN,CC,TT,TT,TT,TT,GG,TT,CC,GT,CC,CC,CG,NN,AA,TT,TT,CG,AA,AG,AA,CC,GG,NN,CG,TT,AA,AA,TT,CG,AG,CC,GG,CC,GG,CT,AA,CC,CC,CC,CC,AA,TT,CC,AA,CC,CT,AA,AT,AA,AA,GG,CC,CC,GG,AA,AG,AT,AC,GG,CC,CC,AG,AA,GG,TT,GG,AC,GT,CT,NN,CC,TT,TT,TT,CC,AT,GT,NN,AA,AT,GG,CC,AA,CC,CC,CC,GG,CC,AA,GG,NN,CC,TT,CG,GT,GT,CG,TT,AA,AA,TT,CC,GG,AC,AC,CC,CG,GG,AA,GG,TT,AA,AA,CC,GG,AA,CC,AA,AA,GG,TT,TT,AA,CG,GT,AA,CC,TT,GT,AA,GG,AA,TT,AA,TT,CC,TT,AA,CC,TT,NN,AG,CC,AG,CC,TT,TT,GG,GG,TT,AA,AC,AA,GT,CC,CC,CG,CC,GT,AT,AA,CG,TT,GG,CC,CC,AA,GG,CC,AA,CC,AA,AA,AA,CG,CC,TT,AA,GG,AA,AA,AC,AC,AG,AA,AG,AA,AT,GG,AA,GG,AC,AA,CT,AA,AA,GG,GG,CG,TT,AA,AA,GT,TT,TT,AA,TT,GG,GG,AC,7.03,Resistant,Low,Premium,Early
L0341,Mandya,Karnataka,Kharif,Red Loamy,Irrigated (Cauvery command),780,27.0,72,AC,TT,GG,AA,CG,CC,GT,TT,CC,GG,AT,CT,CG,TT,GT,GT,GG,TT,TT,AA,CC,TT,TT,CC,TT,CC,NN,TT,TT,AA,TT,CC,AG,CC,GG,GG,GG,CC,GG,CC,TT,CT,AA,TT,AG,AG,TT,TT,CC,CC,GT,AA,AA,GG,CT,TT,AA,AA,GG,AC,AA,TT,TT,AG,TT,AT,CC,GG,TT,GG,AG,GG,CC,AA,GG,AC,AT,GG,TT,TT,GG,GT,GT,CC,AT,GG,AA,AA,CC,GT,AC,TT,CC,TT,TT,GG,TT,AC,TT,NN,CC,CG,AG,AA,TT,TT,CC,AA,AA,AA,TT,GG,TT,CC,TT,AC,AA,AT,CC,GG,CC,GG,CC,GG,TT,AA,CC,CC,AA,CC,AA,TT,CC,AA,CC,CC,AG,TT,AA,AA,GG,CT,CC,GG,AA,AG,AA,CC,GG,CC,CG,AA,AG,AG,TT,GG,AA,TT,CC,AG,AA,TT,GT,CT,CG,AA,GT,CT,AA,TT,GG,CC,AA,CT,CC,CC,CG,AC,AA,GG,AA,CC,TT,CC,GG,GT,GG,TT,AA,AG,TT,CC,GG,AA,CC,CC,GG,GG,AC,GG,TT,AA,AA,CG,GT,AT,AC,AA,AA,GG,TT,TT,AT,GG,GG,AA,CC,TT,TT,AT,GG,AA,TT,AC,TT,CG,TT,CC,CC,TT,CG,AG,CG,AG,CC,TT,TT,TT,GG,TT,AC,AC,AA,GG,CC,CG,GG,CC,GG,AA,AA,CG,GG,GG,CC,CC,AA,GG,CG,TT,CC,AA,AA,CC,CC,AC,AA,AA,GG,AA,AA,AA,AA,AG,AA,AA,AG,AT,GG,AA,AA,CC,AA,CT,NN,AA,CG,GG,GG,TT,AA,AG,TT,TT,TT,AG,AT,GG,GG,AA,7.29,Susceptible,High,Poor,Late
L0342,Mandya,Karnataka,Kharif,Red Loamy,Irrigated (Cauvery command),780,27.0,72,CC,TT,GG,GG,CG,CC,GG,AT,CC,CG,AA,CT,CG,AT,TT,GT,GG,TT,TT,AA,CC,GG,TT,CC,TT,CC,TT,AT,GG,AA,TT,CT,AA,CC,GG,GG,GG,CG,GG,CC,TT,TT,AA,TT,AG,AG,TT,TT,CC,CC,GT,AA,AA,GG,CC,TT,AT,AA,GT,AC,AA,TT,TT,AG,TT,AT,CC,GG,TT,GT,AA,GG,CC,AA,AG,AC,AA,GG,TT,TT,AG,GT,GG,CC,NN,GG,AA,AA,CC,GG,AC,GT,CC,TT,GT,AG,TT,CC,TT,CC,CT,CC,AA,AG,TT,TT,CC,AA,AA,AC,CC,GG,GT,CC,TT,AC,AA,TT,CC,GG,NN,AG,CT,GG,TT,AG,CT,CC,CC,CG,AA,TT,CC,AA,CC,CC,AA,TT,AA,AT,GG,CC,CC,GG,AA,AG,AA,CC,GG,CC,NN,GG,AA,AG,TT,GG,AC,TT,CC,GG,CC,GG,GT,TT,CC,AA,TT,TT,AA,AT,GG,CC,AG,CC,CC,CC,GG,CC,AA,GG,AG,CC,TT,CC,TT,TT,GG,TT,AA,AA,TT,AC,CG,AA,CC,CC,GG,GG,NN,GG,TT,AC,AA,CC,GG,AA,CC,AA,AT,GG,GT,TT,AT,GG,TT,AT,CC,TT,TT,NN,GG,AA,CT,AA,TT,CC,CT,AA,CC,TT,GG,AG,CC,AG,CC,TT,CC,GG,GG,TT,AA,AC,AA,GG,CC,CG,GG,CC,GG,AT,AA,CC,TT,AG,CC,CC,AA,GG,CC,AT,CC,AA,AA,AA,CC,AC,TT,AA,GG,AA,AA,AA,AA,GG,AA,AG,AA,TT,GG,AC,GG,CC,AA,CT,AA,AA,GG,GG,GG,TT,AA,AA,GT,TT,TT,AG,TT,GG,GG,AA,5.87,Moderate,High,Standard,Early
L0343,Mandya,Karnataka,Kharif,Red Loamy,Irrigated (Cauvery command),780,27.0,72,AA,TT,AG,AA,GG,CC,NN,TT,CC,CG,AA,CC,CC,TT,TT,GG,CG,TT,TT,AG,CG,GT,GT,CT,TT,CC,TT,TT,GG,AA,TT,CC,AA,CC,AG,GG,GG,CG,GG,CC,TT,CT,AA,GT,AG,AG,TT,TT,CC,AC,GG,AA,AA,GG,CT,TT,NN,AA,GG,CC,AG,TT,TT,AA,TT,TT,CT,GG,TT,GT,AA,GG,CC,AA,GG,CC,AT,GG,TT,TT,GG,GG,GG,CC,AA,AG,AA,AA,CC,GT,CC,TT,CT,TT,TT,GG,CT,AC,TT,CT,CC,GG,AG,AA,TT,TT,CC,AA,AA,AA,CC,GG,TT,CC,TT,AC,AC,TT,CG,AG,CC,GG,CT,GT,CC,AG,CT,CC,CC,CC,AA,TT,AC,AA,CC,CT,AA,TT,AA,AA,GG,CC,CC,GG,AA,AG,AA,CC,GG,CC,CC,NN,AA,GG,TT,AG,AA,GT,TT,AA,CC,TT,GT,TT,GG,AA,TT,TT,AA,TT,GG,CC,AA,TT,NN,CC,CG,CC,AA,GG,AG,CC,TT,CC,GG,TT,CG,TT,AG,AG,TT,CC,GG,AA,AC,CC,GG,GG,AC,GG,TT,AC,AA,CC,GG,AT,AC,AA,AA,GT,TT,AA,AT,GG,TT,AT,CC,AT,TT,AA,GG,AA,TT,AA,AT,CC,TT,AA,CC,CT,GG,AA,CC,GG,CC,AT,CT,TT,GG,TT,AA,AA,AA,GG,CG,CC,GG,CC,GG,TT,AA,CC,TT,GG,CC,GG,AT,GG,CC,AA,NN,AA,AA,AC,CG,AC,TT,AG,GG,AA,AA,AA,AA,GG,AA,AA,AA,TT,GG,AA,AG,CC,AC,CT,AA,AG,CC,GG,GG,TT,AT,AA,GT,TT,AT,AG,TT,GG,GG,AA,10.44,Susceptible,High,Standard,Late
L0344,Mandya,Karnataka,Kharif,Red Loamy,Irrigated (Cauvery command),780,27.0,72,AC,TT,GG,GG,GG,CG,GG,TT,CC,CG,AA,CC,CG,TT,TT,GG,CG,TT,TT,AA,CC,NN,GT,CC,TT,CC,GT,TT,GG,AA,TT,CC,AA,NN,GG,CG,GG,CC,GG,CC,NN,CT,AA,GT,AG,AA,CT,AT,CC,AC,GG,AA,AA,GG,CC,GT,AA,AC,GT,AC,AA,TT,TT,AA,TT,AT,CT,GG,TT,GG,AA,GT,CC,AA,GG,AC,AA,GG,TT,TT,AG,GG,GG,CC,AT,GG,AA,AA,CC,TT,CC,TT,CC,TT,GT,GG,CT,NN,GG,CC,CT,CG,AG,AG,TT,TT,CC,AA,AA,AA,CC,GG,GT,CG,GT,AA,AA,TT,CG,GG,CC,GG,CC,TT,TT,AA,CC,CC,CC,CC,AG,TT,AC,AA,CC,CC,AA,TT,AA,AT,GG,CC,CC,GG,AA,AG,AA,CC,GT,CC,CC,AA,AG,GG,TT,GG,AA,GT,TT,GG,AC,TT,TT,TT,CG,AT,TT,CT,AT,TT,GG,CC,AG,TT,CC,CC,GG,AC,AA,AA,AG,NN,GT,CC,TT,GT,CG,AA,AA,AA,TT,CC,CG,AA,CC,CC,GG,GG,AA,GG,TT,AC,AA,CC,GG,AT,NN,AA,AT,GG,TT,AT,AA,CG,GT,AT,CC,AA,TT,AA,GG,AA,CT,AA,TT,CC,CT,CC,CC,CT,GG,AG,CC,GG,NN,TT,TT,GT,GG,TT,AC,CC,AG,GG,CC,CC,GG,CC,GG,TT,AA,NN,TT,GG,CC,CC,AA,AG,CC,AA,CG,AA,AA,AC,CC,NN,TT,AA,CG,AA,AA,AC,AA,AA,AG,AA,AA,TT,GG,AA,AG,AC,AC,CT,AA,AA,GG,AG,GG,TT,AA,AA,GT,TT,TT,AA,AT,GG,GG,AA,7.27,Susceptible,High,Poor,Late
L0345,Mandya,Karnataka,Kharif,Red Loamy,Irrigated (Cauvery command),780,27.0,72,AC,TT,AG,AG,GG,CG,GT,TT,CC,CG,AA,TT,CC,AT,TT,GG,GG,TT,TT,NN,CG,TT,TT,CC,AT,CC,TT,TT,GT,AA,CT,CC,AA,CC,GG,CG,GG,CG,GG,CC,TT,CC,AA,TT,AG,GG,CT,TT,CC,AC,GG,AA,AG,GG,CT,TT,AT,AC,NN,AA,AA,TT,AT,AG,TT,TT,CT,GG,TT,GT,AA,GG,CC,AA,GG,AA,AT,GG,GT,TT,AG,GT,GT,CC,AT,GG,AA,AA,CG,GT,CC,GT,CC,TT,TT,AA,CT,CC,GT,CC,CT,CG,AG,AA,AT,TT,CC,AA,AA,NN,TT,GT,TT,CC,GT,AA,AA,TT,NN,GG,CC,AG,CC,GT,CT,GG,CC,CC,CC,CC,AA,TT,CC,AA,CC,CC,AA,AT,AA,AA,GG,CC,CC,AG,AA,AA,AA,AC,GG,CC,GG,AA,AA,AG,GT,GG,AA,GT,CT,GG,CC,GT,TT,TT,GG,AT,TT,TT,AA,NN,GG,CC,AG,CT,CC,CC,CG,CC,AA,GG,AA,NN,TT,CC,GG,TT,NN,AT,NN,AA,TT,AC,GG,AA,CC,CC,GG,NN,AC,GG,TT,AA,AA,NN,GG,AT,CC,AA,AA,GG,TT,AT,AA,GG,NN,AT,CC,AT,GT,AA,GG,AG,TT,AA,TT,CG,TT,AC,CC,TT,GG,AA,GG,AG,CC,TT,CC,TT,GG,TT,AC,AC,AG,GG,CC,CC,GG,CC,GG,TT,AA,CC,TT,GG,CC,CC,AA,GG,CC,AA,CG,AA,AA,AC,CG,AC,TT,AA,GG,AA,AA,AA,AA,GG,AG,AA,AA,AT,CG,AA,AG,AC,AA,TT,AA,AA,GG,GG,GG,GT,AA,AG,TT,TT,TT,GG,TT,GG,CG,AA,6.54,Moderate,High,Premium,Early
L0346,Mandya,Karnataka,Kharif,Red Loamy,Irrigated (Cauvery command),780,27.0,72,AA,TT,GG,AA,GG,CC,GG,TT,CC,GG,AA,TT,CG,TT,GT,GG,GG,TT,TT,AA,CC,TT,TT,CC,TT,CT,TT,AT,GG,AA,TT,CC,AA,CC,GG,GG,GG,CC,GG,CC,TT,CT,AA,GT,AA,AG,CT,TT,CC,AC,GT,AA,AA,GG,CT,GT,AA,AA,GT,AA,AA,TT,AT,AA,TT,TT,CC,GG,TT,GG,AA,GG,CC,AA,AG,AA,AT,AG,TT,CT,GG,GG,GG,CC,AT,GG,AA,AA,CG,GG,AA,TT,CC,AT,TT,GG,NN,CC,TT,CC,CC,CC,AG,AG,TT,TT,CG,AA,GG,AC,CC,GG,TT,CC,TT,AA,AA,TT,CG,GG,CC,GG,CC,GT,TT,AG,CC,NN,AC,CG,AA,GT,CC,AA,CC,CC,AA,TT,AA,AA,GG,CC,CC,GG,AA,GG,AA,CC,GT,CC,CC,AA,AA,GG,GT,GG,AA,TT,CT,GG,AC,TT,GT,TT,CG,AT,TT,TT,AA,TT,GG,CC,AG,CC,CC,CC,GG,CC,AA,AG,GG,CC,TT,CC,GT,GT,GG,AT,AA,AG,TT,CC,CG,AA,CC,CC,GG,GG,AA,GG,TT,AA,AA,CG,GG,AA,CC,AA,AT,GG,TT,TT,AT,CG,NN,AA,CC,AT,NN,AA,GG,AG,TT,AC,TT,CC,TT,AC,CC,TT,CG,AG,CC,AA,CC,TT,TT,TT,GG,TT,AC,AA,AA,GG,CC,CC,GG,CC,GG,TT,AA,CC,GT,GG,CG,CG,AA,GG,CC,AT,CC,AA,AA,CC,CC,AC,TT,AA,GG,AA,AA,AA,AA,GG,AG,AG,AA,TT,GG,AA,AA,AC,AA,CT,AA,AA,GG,AG,GG,TT,AA,AA,GT,TT,TT,AG,AA,GG,GG,AA,6.72,Resistant,Medium,Standard,Medium
L0347,Mandya,Karnataka,Kharif,Red Loamy,Irrigated (Cauvery command),780,27.0,72,AC,CT,AG,AA,GG,CC,GG,TT,CC,CC,AA,CC,CG,AT,TT,GT,NN,TT,TT,AA,CC,TT,TT,CC,TT,CC,GT,TT,GG,AA,TT,CC,AA,CC,GG,GG,GG,CC,GG,CC,TT,TT,AA,TT,AG,GG,TT,AT,CG,CC,GG,AA,AA,GG,NN,TT,AA,AC,GT,AA,AA,TT,TT,AA,TT,TT,CC,GG,TT,GG,AG,GT,CC,AA,GG,AA,AT,GG,TT,TT,GG,GG,GG,CC,AA,GG,AA,AA,CC,TT,CC,GT,CC,TT,GG,GG,CT,CC,TT,CC,CC,CC,GG,AG,AA,TT,CC,AA,AG,AA,CC,GG,TT,CC,TT,AA,AA,TT,CG,AG,CG,GG,CC,GG,TT,AA,CC,CC,CC,CC,AG,TT,CC,AA,CC,CT,AA,AT,AA,AA,CG,CC,CC,GG,AA,AG,AT,CC,GG,CC,CC,AA,AG,GG,TT,GG,AC,TT,TT,GG,CC,GT,GT,TT,CC,AT,TT,TT,AA,TT,CG,CC,AA,TT,CC,NN,GG,CC,AT,AG,AA,CC,TT,CG,GT,TT,GG,AA,AA,AA,GT,CC,GG,AA,CC,CC,GG,GG,AC,GG,TT,AC,AG,CC,GG,AA,CC,AA,AT,GG,TT,TT,AA,GG,GT,AA,CC,TT,TT,AA,GG,AG,TT,AA,TT,CC,TT,AA,AC,TT,CG,AA,CC,AA,CC,TT,NN,GT,GG,TT,AA,CC,AG,GG,CC,CC,GG,CC,GG,AA,AA,CG,TT,GG,CC,CC,AA,GG,CC,AT,CC,AT,AA,AC,CG,AC,TT,AA,GG,AA,AA,AC,AA,AG,AA,AA,AA,TT,GG,CC,AA,CC,AA,TT,AG,AG,CG,AG,GG,TT,NN,AA,GT,TT,TT,AG,TT,GG,GG,AA,5.79,Susceptible,High,Premium,Early
L0348,Mandya,Karnataka,Kharif,Red Loamy,Irrigated (Cauvery command),780,27.0,72,AC,CT,GG,AA,GG,CC,GT,TT,CC,CG,AT,CC,CG,TT,TT,GG,CG,TT,AT,AG,CC,TT,GT,CC,TT,CC,TT,TT,GG,AA,CT,CC,AA,AC,AG,GG,GG,CC,GG,CC,TT,CT,AC,TT,AG,GG,TT,TT,CC,AA,GG,AT,AA,GG,CC,GT,AA,AA,GT,AC,AA,TT,TT,AA,TT,NN,CC,GG,TT,GT,AG,GG,CC,AA,GG,CC,AA,GG,NN,TT,GG,GT,GG,CC,AT,GG,AA,AA,CC,TT,AC,TT,NN,TT,GT,AG,TT,CC,TT,CC,CC,CC,GG,AA,TT,TT,CC,AA,AG,AC,CC,GG,TT,CC,TT,AA,AC,TT,CC,GG,CC,GG,CC,GT,TT,AA,CT,CC,CC,CC,AA,TT,CC,AA,AC,CC,AA,TT,AG,AT,CG,CT,CC,GG,AA,GG,AT,CC,GG,CC,CC,AA,AG,GG,GT,GG,AA,GT,CT,NN,CC,TT,TT,TT,CC,AA,TT,TT,AA,TT,GG,CG,AA,CC,CC,CC,GG,CC,AA,AG,AA,CC,GT,CG,GT,TT,CC,TT,AA,AG,TT,CC,GG,AA,CC,CC,GG,GG,AA,CG,TT,AC,GG,CC,GG,AA,AC,AT,AT,GG,TT,AA,AT,GG,TT,AT,CC,AA,TT,AA,GG,AA,TT,AA,TT,CC,TT,AC,CC,CT,NN,AG,CC,AG,AC,TT,CT,TT,GG,TT,AC,CC,AA,GG,CC,CC,GG,CC,GG,TT,AA,CC,TT,GG,CC,CG,AA,GG,CC,AA,CC,AA,AA,CC,CC,CC,TT,AA,GG,AA,AA,CC,AA,GG,AG,AA,AA,AT,CG,AC,AG,AC,AA,CT,AA,AG,GG,GG,GG,TT,AA,AA,TT,TT,TT,AG,TT,GG,CG,AA,7.36,Moderate,Medium,Standard,Late
L0349,Mandya,Karnataka,Kharif,Red Loamy,Irrigated (Cauvery command),780,27.0,72,CC,TT,AG,AG,CC,CC,GG,TT,CC,CC,AA,CT,CG,TT,TT,GG,GG,TT,TT,AA,CC,GT,TT,CC,AT,CC,TT,TT,GG,AA,CT,CT,AA,CC,GG,GG,GT,CC,GG,CC,TT,CT,AA,GT,AA,AG,TT,TT,CC,AC,GT,AT,AA,GG,CC,GT,AT,AC,GG,AC,AA,TT,AT,AA,CC,TT,CC,GG,TT,GG,AA,GG,CC,AA,GG,AC,AT,GG,TT,TT,AG,NN,GG,CC,AA,GG,AA,AA,CC,GT,NN,GT,CT,TT,GT,GG,TT,CC,TT,CC,CC,NN,GG,AA,TT,TT,CC,AA,AG,AA,CT,GG,NN,CC,TT,AA,AA,TT,CC,GG,CG,GG,CC,GG,TT,AG,CC,CG,CC,CC,AA,TT,CC,AA,CC,CC,AA,TT,AA,AA,GG,CC,CC,GG,AA,AG,AA,CC,GG,CC,CC,AA,AA,GG,NN,GG,AC,GT,CT,GG,AC,GT,GG,CT,CC,AA,GT,TT,TT,TT,CG,CC,AG,CT,CC,CC,CC,AC,NN,GG,AA,CC,TT,CC,GG,TT,GG,NN,AA,AA,TT,CC,GG,AC,CC,CC,GG,GG,AC,CG,TT,AA,AG,CC,GG,AA,AC,AA,AT,GT,TT,TT,AA,CG,TT,AA,CC,AT,GG,AA,GG,AA,TT,AA,TT,CC,TT,AC,CC,TT,CG,AG,CC,GG,CC,TT,TT,TT,GG,TT,AA,AC,AG,GG,CC,CC,GG,CC,GG,TT,AA,CG,GG,GG,NN,CC,AT,AG,CG,AT,CC,AA,AA,AC,CC,CC,TT,AA,GG,AA,AA,AC,AA,AA,AA,AA,AA,TT,GG,CC,AG,CC,AA,CT,AG,AG,GG,GG,GG,TT,AT,AA,TT,TT,TT,AG,AT,GG,GG,AA,5.59,Moderate,Medium,Standard,Early
L0350,Mandya,Karnataka,Kharif,Red Loamy,Irrigated (Cauvery command),780,27.0,72,CC,CT,NN,AA,GG,CG,GT,TT,CC,CG,AA,CT,CG,TT,GT,GG,CG,TT,TT,AG,CG,GT,GG,CC,TT,CC,TT,TT,GG,AA,TT,CC,AA,CC,GG,GG,GG,CG,GG,CC,TT,CT,AC,TT,AA,AG,TT,NN,CC,AC,GG,AA,AG,GG,CT,TT,AT,AA,GG,AC,AA,TT,AA,GG,TT,AT,CC,GG,TT,GT,AA,GG,CC,AA,GG,AC,AT,GG,TT,TT,GG,GT,GG,CC,AT,GG,AA,AA,CC,GT,CC,TT,TT,TT,TT,GG,CT,CC,TT,CC,CC,CG,AG,AG,TT,TT,CC,AG,AG,AA,CC,GG,TT,CG,GT,NN,AC,TT,CC,GG,CC,AG,CC,GG,CC,AG,CT,CC,NN,CC,AA,TT,CC,AA,CC,CC,AA,TT,AG,AA,GG,CC,CC,GG,AA,GG,AA,AC,GG,CC,CC,AG,AA,AG,GT,GG,AA,TT,TT,AG,CC,GT,TT,TT,CC,AT,GT,TT,AA,TT,GG,CC,AA,CT,CC,CC,CG,AC,AA,GG,AA,CC,TT,CC,GG,TT,CC,AA,AA,AA,TT,CC,CG,AC,AC,CC,CG,GG,CC,GG,TT,AC,AG,CC,GG,AA,CC,AA,AA,GG,TT,AT,AT,GG,GG,AT,CG,AA,TT,NN,GG,NN,TT,AA,TT,CC,TT,AA,CC,TT,CG,AG,CC,AA,CC,TT,TT,TT,GG,TT,AA,CC,AA,GG,CC,CG,GG,CG,GG,AA,AG,CG,TT,GG,CC,CG,AA,AG,CG,AT,CC,AA,AA,NN,GG,AC,TT,AA,GG,AA,AC,AC,AA,AA,AA,AA,AA,TT,GG,AA,AA,CC,AC,TT,AA,AG,GG,GG,GG,TT,AT,AA,GT,TT,TT,GG,TT,GG,GG,AA,6.71,Moderate,Low,Poor,Late
L0351,Mandya,Karnataka,Kharif,Red Loamy,Irrigated (Cauvery command),780,27.0,72,AA,CT,GG,GG,GG,CG,GG,TT,CC,CG,AA,CT,CC,AT,TT,TT,GG,TT,TT,AG,CC,GT,TT,TT,TT,CC,TT,AT,GT,AA,TT,CT,AA,AC,AG,GG,GG,CC,GG,CC,TT,TT,NN,TT,AG,GG,TT,TT,CC,AC,GG,AA,AA,GG,CC,GT,AA,AA,GT,AC,AA,GT,AT,AA,CC,TT,CC,GG,TT,GG,AA,GG,CC,AA,GG,AA,AT,GG,GT,TT,GG,GG,GT,CC,AA,GG,NN,AT,CC,GT,AC,TT,CC,NN,TT,GG,CT,CC,TT,CT,CT,CG,AA,AA,TT,TT,CC,AA,AG,AC,CC,GG,TT,CC,TT,AA,AA,TT,CC,AG,CG,GG,CC,GT,CT,AA,CC,CC,CC,CC,AA,TT,CC,AA,CC,CC,AG,AT,AA,AA,GG,CC,NN,GG,AG,AA,AT,CC,GG,CC,GG,AG,AA,GG,TT,GG,AA,TT,CT,GG,CC,TT,TT,TT,CC,AA,GG,TT,AT,AT,GG,CC,AG,CT,CC,CC,CG,CC,AA,GG,AA,CC,TT,CC,GT,TT,GG,TT,AA,AG,TT,CC,CG,AA,AC,CC,GG,GG,AC,GG,TT,AC,AA,CC,GG,AT,AC,AA,AA,GT,TT,TT,AA,GG,GT,AA,CC,AT,GT,AA,GG,AA,TT,AA,TT,CC,TT,AC,CC,TT,CG,AA,CC,AG,AC,TT,TT,GT,GG,TT,AA,CC,AG,GG,CC,CC,GG,CC,GG,TT,AA,CG,GT,GG,CC,CC,AA,GG,CC,AA,CC,AA,AA,CC,CC,AC,TT,AA,GG,AA,AA,AA,AA,AA,AA,AA,AA,TT,CG,AA,AA,CC,AA,CC,AA,AA,GG,GG,GG,TT,AA,AA,TT,TT,TT,AG,AT,CG,CG,AA,10.34,Susceptible,Medium,Standard,Medium
L0352,Mandya,Karnataka,Kharif,Red Loamy,Irrigated (Cauvery command),780,27.0,72,AC,TT,GG,AA,GG,CC,GT,TT,CC,GG,AA,CC,GG,TT,TT,GG,GG,TT,TT,AA,CC,TT,GG,CC,TT,CC,GT,TT,GG,AA,TT,NN,AA,CC,GG,CG,GG,CG,GG,CC,TT,CT,AA,GT,AA,GG,TT,AT,CC,AC,GT,AA,AG,GG,CC,TT,AA,AC,GG,AA,AA,TT,TT,AG,TT,TT,CC,GG,TT,GG,AA,GG,CC,AA,GG,CC,AA,GG,TT,TT,GG,GG,GT,CC,AT,GG,AA,AA,CC,GG,CC,TT,CC,TT,TT,AG,CT,CC,GT,CC,CC,CG,GG,AA,TT,TT,CG,AA,NN,AA,CT,GG,TT,CG,TT,AA,AA,AT,CC,AG,CC,AG,CC,GT,TT,AA,CC,CC,CC,CC,AA,GT,CC,NN,CC,CC,AA,TT,AA,AA,CG,CC,CC,GG,AA,AG,AA,AC,GG,CC,CC,AA,AA,GG,TT,AG,CC,TT,CT,GG,AC,TT,GT,TT,CG,AA,TT,TT,AA,NN,NN,CC,AG,CC,CC,CC,GG,CC,AA,GG,AG,CC,TT,CC,GT,GT,GG,TT,AA,AA,TT,CC,GG,AC,CC,CC,CG,GG,AA,GG,TT,AC,AA,CC,GG,AA,AC,AA,AA,GG,TT,AT,AT,CG,GT,AA,CC,TT,GG,AA,GG,AA,TT,AA,TT,NN,CT,AA,CC,CT,GG,GG,CG,AG,CC,TT,TT,TT,CG,TT,AA,AC,AG,GG,CG,CC,GG,CG,GT,AT,AG,CC,GG,GG,CG,CG,AA,GG,CC,AT,CC,AA,AA,AC,CG,AC,AT,AA,GG,AA,AA,AC,AA,GG,AA,AA,AA,TT,CG,AA,AG,CC,AC,CC,AA,AA,GG,GG,CG,GT,TT,AA,TT,TT,TT,AA,TT,GG,CG,AA,6.14,Susceptible,Medium,Poor,Late
L0353,Mandya,Karnataka,Kharif,Red Loamy,Irrigated (Cauvery command),780,27.0,72,AC,TT,GG,AG,GG,CC,TT,TT,CC,CG,AA,CC,GG,TT,TT,GT,GG,TT,TT,AA,CC,TT,TT,CC,TT,CC,TT,TT,GT,AA,TT,CT,AA,CC,AG,GG,GG,CG,GG,CC,TT,CT,AA,TT,AA,AG,TT,AT,CC,AA,GG,AA,AA,GG,CC,NN,AA,AC,GT,AA,AA,TT,AA,AG,CT,AT,CC,GG,TT,GG,AA,GG,CC,AA,GG,AC,AT,AG,TT,TT,GG,GG,GG,CC,AA,GG,AA,AA,CC,GG,CC,TT,CC,TT,NN,GG,TT,CC,TT,CC,NN,CG,GG,AA,AT,TT,CC,AA,AG,AA,CT,GG,GT,CC,TT,AA,AC,TT,CC,AG,CC,GG,CC,GG,TT,AA,NN,CC,CC,CC,AA,TT,CC,AA,CC,CT,AA,TT,AA,AT,GG,CC,CC,GG,AA,AA,AA,AC,GT,CC,CC,AA,AA,AG,GT,AG,AC,GT,NN,GG,AC,GT,TT,CT,CC,AT,TT,TT,AA,AT,GG,CC,AA,TT,CC,CC,GG,AC,AA,GG,GG,CC,TT,CC,GG,TT,GG,TT,AA,AA,TT,CC,CG,AA,CC,CC,GG,GG,AC,GG,TT,AA,AA,CC,GG,AA,AC,AA,AT,GG,TT,TT,AA,GG,GG,AT,CC,TT,GT,AA,GG,AG,TT,AA,TT,CG,CT,AA,CC,TT,GG,AA,CC,AG,AC,TT,CT,TT,GG,TT,AA,AC,AA,GG,CC,CC,GG,CC,GG,TT,AA,GG,GT,AG,CC,CC,AA,GG,CC,AT,CC,AT,AA,AC,CG,AC,TT,AG,GG,AT,AA,AA,AA,AA,AA,AA,AG,TT,GG,AA,GG,AC,AA,TT,GG,AA,GG,AG,GG,TT,AA,AG,GT,TT,TT,AG,AT,GG,GG,AA,5.78,Susceptible,High,Poor,Medium
L0354,Mandya,Karnataka,Kharif,Red Loamy,Irrigated (Cauvery command),780,27.0,72,AA,CT,GG,AA,GG,CC,GG,AA,CG,CC,AA,TT,CC,AT,GT,GG,CG,TT,TT,AA,NN,GT,TT,CT,TT,CT,TT,TT,GG,AA,TT,CC,AA,AC,GG,GG,GG,GG,GG,CC,TT,TT,AC,GT,AA,AG,TT,TT,CC,CC,GG,AA,AA,GG,CT,TT,AT,CC,TT,AA,AA,TT,TT,AA,TT,TT,CC,GT,TT,GG,AA,GG,AC,AA,GG,AA,AT,GG,TT,TT,GG,GG,GT,CC,AA,GG,AG,AT,CC,TT,AA,TT,CT,AT,TT,GG,CT,CC,GG,CC,CC,CG,GG,AA,TT,TT,CC,NN,AA,AC,CC,GG,TT,CC,TT,AA,AA,TT,CC,GG,CC,AG,CC,GG,TT,AG,CC,CC,AC,NN,AA,TT,AC,AA,CC,CC,AA,TT,AA,NN,GG,CC,CC,GG,AA,AG,AA,CC,GT,CC,CC,AG,NN,GG,TT,AA,AA,TT,CT,GG,CC,TT,TT,CT,CC,AT,TT,TT,AT,TT,GG,CC,AA,NN,CC,CC,CG,CC,AA,GG,AA,CC,TT,CG,NN,TT,CG,TT,NN,AA,TT,CC,GG,AC,AC,CC,GG,GG,AC,GG,TT,AA,AA,CC,GG,AA,AC,AA,AA,NN,TT,AT,AT,GG,TT,AA,CC,AT,TT,AA,GG,AA,TT,AA,TT,CC,TT,CC,CC,TT,CG,GG,CC,GG,CC,TT,TT,TT,GG,TT,AA,CC,AA,GT,CC,CC,GG,CC,GG,AT,AA,CG,TT,AG,CC,CC,AA,AG,CC,NN,NN,AA,AA,AC,CC,AA,TT,AA,GG,AA,AA,AC,AA,GG,AA,AA,AA,AT,GG,AC,NN,CC,AA,CT,AA,AA,CG,GG,GG,GT,AA,AA,TT,TT,TT,AA,AT,GG,GG,AA,7.89,Moderate,High,Standard,Early
L0355,Mandya,Karnataka,Kharif,Red Loamy,Irrigated (Cauvery command),780,27.0,72,AA,TT,AG,GG,GG,CC,GT,TT,CC,CC,AA,CC,CC,AA,GT,GG,GG,TT,TT,AA,CG,TT,TT,CC,TT,CC,GT,TT,GT,AA,TT,CC,AA,CC,GG,GG,GG,CG,GG,CC,TT,CT,AC,TT,AA,GG,TT,TT,CC,AC,GG,AA,AG,GG,CT,TT,AA,AC,TT,AA,AA,NN,TT,AA,TT,TT,CC,GG,TT,GT,AA,GG,CC,AA,AG,AC,AT,AG,TT,TT,GG,GG,GT,CC,AA,GG,AA,AT,CC,GT,AC,TT,CT,TT,TT,GG,TT,CC,TT,CT,CC,CC,GG,AA,AT,TT,CC,AA,AA,AA,CC,GG,NN,CG,GT,AA,AA,TT,CG,AG,CC,GG,CC,GG,TT,AA,CC,CC,CC,CC,AA,NN,CC,AA,CC,CC,AA,TT,AG,AA,GG,CC,CC,GG,AG,AG,AA,CC,GG,CC,CC,AA,AG,GG,GG,GG,AC,GT,TT,GG,AC,TT,GT,TT,CC,AT,GT,CT,AA,TT,CG,CC,AG,CT,CC,CC,GG,CC,AA,GG,AA,CC,TT,CG,GG,TT,CG,AT,AG,AA,GT,CC,CG,AA,CC,CC,GG,GG,AA,GG,TT,AC,AA,CC,GT,AT,CC,AA,AT,GT,TT,TT,AA,GG,GG,AA,CC,AT,GT,AT,AG,AA,CT,AA,TT,GG,CT,AA,CC,TT,CG,AA,NN,GG,CC,TT,CT,GG,GG,TT,AA,AA,AG,GT,CC,CC,GG,CC,GG,TT,AG,CC,GT,GG,CC,CG,AT,GG,CG,AT,CG,AA,AA,AC,CC,AC,TT,AA,GG,AA,AA,AC,AA,AG,AG,AA,AA,TT,GG,AC,AG,AC,AA,CC,AA,AA,GG,GG,GG,TT,AA,AA,TT,TT,TT,AG,TT,GG,GG,AA,9.25,Susceptible,High,Standard,Early
L0356,Mandya,Karnataka,Kharif,Red Loamy,Irrigated (Cauvery command),780,27.0,72,CC,CT,AG,AA,GG,CG,GG,TT,CC,CC,AA,CC,CC,AT,TT,GG,CG,TT,TT,AA,CG,TT,TT,CC,TT,CC,TT,TT,GG,AA,CT,CC,AG,CC,GG,GG,GG,CG,GG,CC,TT,TT,AA,TT,AA,GG,TT,AA,CC,AC,GG,AA,AA,GG,CT,TT,AA,AA,GG,AA,AA,GT,AT,AA,TT,TT,CC,GG,TT,GG,AA,GG,CC,AA,GG,AA,AT,AG,TT,TT,GG,GG,GG,CC,AA,GG,AA,AA,CC,TT,CC,GT,TT,TT,GT,AG,CT,CC,GT,CC,CC,CG,AG,AA,TT,TT,CC,AA,AA,AA,CC,GT,GT,CC,TT,AA,AA,TT,NN,AG,CG,NN,CC,GT,TT,AA,CC,CC,CC,CC,AA,TT,CC,AA,CC,CC,AA,TT,AG,AA,GG,CC,CC,GG,AA,GG,AA,CC,GT,CC,CG,AA,AA,AG,TT,GG,AA,GT,TT,GG,CC,TT,GT,TT,CC,AT,TT,TT,AA,TT,CG,CC,AA,CC,CC,CC,CG,AC,AA,GG,AG,CC,TT,CC,TT,TT,GG,TT,AA,AA,GT,CC,GG,AA,CC,CC,GG,GG,AA,GG,TT,AC,AA,CC,GT,AA,AC,AA,AT,GT,GT,TT,AT,CG,TT,AT,CG,TT,GT,AA,GG,AA,TT,AC,TT,CG,TT,AA,CC,TT,GG,NN,CG,GG,CC,AT,TT,GT,GG,TT,AA,NN,AA,GG,CC,CC,GG,CC,GG,AT,AA,CG,TT,GG,CC,CG,AT,AG,CC,AT,CC,AA,AA,AC,CG,CC,TT,AA,GG,AA,AA,AC,AA,GG,AG,AA,AA,TT,GG,AC,AA,AC,NN,TT,AA,AA,GG,AG,GG,GT,AA,AA,TT,TT,TT,NN,TT,NN,CG,AA,8.18,Susceptible,Low,Premium,Early
L0357,Mandya,Karnataka,Kharif,Red Loamy,Irrigated (Cauvery command),780,27.0,72,AA,TT,GG,AG,GG,CC,GT,TT,CC,CC,AA,CT,CG,AT,TT,GG,GG,TT,TT,AA,CC,GG,GG,CT,TT,CC,TT,TT,GT,AA,TT,CC,AA,CC,GG,GG,GG,CC,GG,CC,GT,TT,AA,TT,AA,GG,TT,TT,CC,AA,GG,AA,AA,GG,CT,TT,AA,AA,TT,AC,AA,TT,TT,AA,TT,TT,CC,GG,TT,GG,AA,GG,NN,AA,GG,CC,AT,GG,GT,CT,GG,GG,GT,CC,AA,GG,AA,AT,CC,TT,CC,TT,CC,TT,GT,AG,TT,AC,GT,CC,CC,CC,AA,AA,TT,TT,CG,AA,AA,AA,CT,GG,TT,CC,TT,AA,AA,TT,CC,GG,CC,AG,CC,GG,TT,AA,CC,CC,CC,CC,AA,TT,CC,AA,CC,CC,AA,TT,AA,AA,CG,CC,CG,GG,AA,GG,AA,AA,GG,CC,CC,AG,AA,AG,TT,GG,AC,TT,CT,GG,AC,TT,TT,TT,CC,AT,TT,TT,AA,TT,GG,CC,AG,CC,AC,AC,GG,CC,AA,GG,GG,AC,TT,CC,GT,GT,GG,NN,AA,AA,TT,CC,GG,AA,AC,CC,GG,GG,AA,GG,TT,AA,AA,CC,GG,AA,CC,AA,TT,GT,TT,TT,AA,GG,GG,AT,CC,AT,GT,AA,GG,AG,TT,AC,TT,CC,CT,AA,CC,TT,CC,NN,CC,AG,AA,TT,CC,TT,GG,TT,AA,CC,AA,GT,CC,CC,GG,CC,GG,TT,AA,CC,GT,GG,CC,CC,AA,GG,CC,AT,CC,AA,AA,CC,CC,AC,TT,AA,GG,AA,AA,AA,AA,GG,AA,AA,AA,TT,GG,AC,AG,CC,AC,CT,AA,AA,CG,GG,CG,TT,AT,AA,TT,TT,TT,AA,TT,GG,GG,AC,6.58,Resistant,Medium,Premium,Early
L0358,Mandya,Karnataka,Kharif,Red Loamy,Irrigated (Cauvery command),780,27.0,72,AC,TT,GG,AG,CG,CC,GT,AT,CC,GG,AA,CC,GG,TT,GT,GG,CC,TT,TT,AG,CC,GT,GT,CC,TT,CC,TT,TT,GG,AA,TT,CC,AA,CC,GG,GG,GG,CC,GG,AC,TT,TT,AA,TT,AG,GG,TT,AT,CC,AC,GG,AA,AG,GG,CC,TT,AA,AA,GT,AA,AA,TT,AA,AA,NN,TT,CC,GG,TT,GT,AG,GG,CC,AA,GG,AC,AA,GG,GT,TT,GG,GG,GG,CC,AT,GG,AA,AA,CC,TT,CC,GT,CC,TT,GT,GG,TT,NN,GT,CC,CC,CC,AG,AA,TT,TT,NN,AA,AA,AC,CC,GG,TT,CC,TT,AA,AA,TT,CG,NN,CC,GG,CC,GT,TT,AA,CC,CC,CC,CC,AA,TT,CC,AA,CC,CC,AA,AT,AA,AA,GG,CT,CC,GG,AA,GG,AA,CC,GT,CC,CC,AG,AA,GG,TT,GG,AA,GT,TT,GG,CC,GT,TT,TT,CC,AA,TT,TT,AA,TT,GG,CC,AG,CC,CC,AC,CG,CC,AA,GG,AG,CC,TT,CC,GT,TT,GG,AT,AA,AA,TT,CC,GG,AA,CC,CC,GG,GG,AA,GG,TT,AA,AA,CC,GG,AT,AC,AA,AA,NN,TT,AT,AA,GG,GT,AA,CC,AT,TT,AA,GG,AA,TT,AA,TT,CC,CT,AA,CC,CT,GG,AG,CC,AA,CC,TT,TT,TT,GG,TT,AC,CC,AA,GG,CC,CC,GG,CC,GG,TT,AA,NN,GT,GG,CC,CG,AA,GG,CC,AT,CC,AA,AA,CC,CG,CC,TT,AA,GG,AA,AC,AC,AA,AA,GG,AA,AG,TT,GG,AA,GG,CC,AC,CT,AA,AA,GG,GG,CC,NN,AA,AA,TT,TT,TT,AG,AT,GG,GG,AC,4.28,Resistant,Low,Standard,Late
L0359,Mandya,Karnataka,Kharif,Red Loamy,Irrigated (Cauvery command),780,27.0,72,AC,CT,GG,NN,GG,CC,GT,AT,CC,CG,AA,CC,CG,TT,TT,GG,GG,TT,TT,AA,CC,GT,TT,CC,TT,CC,TT,AT,GT,AA,CC,CC,AA,CC,GG,CG,GT,CG,GG,CC,TT,TT,AA,GT,AA,GG,TT,TT,CC,CC,GG,AA,AG,GG,CC,TT,AA,AA,TT,AC,AA,TT,AT,GG,TT,TT,CC,NN,TT,GG,AG,NN,CC,AA,GG,AA,AT,AG,TT,TT,GG,GG,GT,CC,AA,GG,AA,AA,CC,GG,CC,TT,CC,AT,TT,GG,TT,CC,GG,CC,CT,CC,AG,AA,TT,TT,CC,AA,AG,AA,CC,GG,TT,CG,NN,AC,AC,TT,CC,GG,CG,GG,NN,GG,CT,AG,CC,CC,CC,CC,NN,TT,CC,AA,CC,CT,AA,AT,AA,AA,CG,CT,CC,GG,AA,AA,AA,CC,GG,CC,CC,AA,AG,GG,GT,AG,CC,GT,TT,AG,AC,TT,TT,TT,CC,AA,TT,TT,AT,AT,CG,CC,AA,CC,CC,CC,CG,CC,AA,GG,AA,CC,TT,CC,GT,GT,GG,AT,AA,NN,TT,AA,GG,AC,CC,CC,GG,AG,AA,GG,TT,AA,AG,CG,GG,AA,CC,AA,AA,GG,TT,AT,AT,CG,GT,AT,CG,TT,TT,AA,GG,AA,TT,AA,TT,CC,TT,AC,CC,TT,CG,AA,CC,GG,AC,TT,TT,GG,GG,TT,AA,AA,AA,GG,CC,CC,GG,CC,GG,TT,AA,CC,GT,GG,CC,CG,AA,GG,NN,AA,CC,AA,AA,AA,CG,CC,TT,AA,GG,AA,AA,AA,AA,GG,AA,AA,AA,TT,CG,NN,AG,AC,AA,TT,NN,AA,GG,GG,GG,TT,AT,AG,TT,NN,TT,AG,AT,GG,GG,AA,4.91,Susceptible,Low,Standard,Early
L0360,Mandya,Karnataka,Kharif,Red Loamy,Irrigated (Cauvery command),780,27.0,72,AA,TT,AG,AG,GG,CC,GT,AT,CC,CC,AT,CC,CC,AT,TT,GG,GG,TT,TT,AA,CG,TT,GG,CC,TT,CC,TT,AT,GG,AA,TT,CT,AA,CC,GG,GG,GG,CG,GG,CC,TT,TT,AA,GT,AA,GG,TT,TT,CC,NN,GG,AT,GG,GG,CT,GT,AA,AC,GT,AA,AA,TT,AT,AG,TT,TT,CC,GT,CT,GT,AG,GG,CC,AA,GG,AA,NN,GG,TT,TT,AG,GG,GG,CC,AA,GG,AA,AA,CC,TT,CC,TT,NN,TT,GT,GG,TT,CC,GT,CC,CT,CC,AA,AA,AT,TT,CC,AA,AA,AA,CC,GG,TT,CC,GT,AC,AA,TT,CC,GG,CC,AG,CC,GG,TT,AA,CC,CC,CC,CC,AG,TT,CC,AA,CC,CC,AG,TT,AA,AA,GG,CC,CC,AG,AA,AG,AA,CC,GT,CC,CC,AA,AG,GG,TT,AG,AA,GT,CT,AG,CC,TT,TT,TT,CC,AA,TT,TT,AA,AT,GG,CC,AG,CT,CC,CC,CG,AC,AA,GG,AA,CC,TT,CG,GG,GT,GG,TT,AA,NN,TT,CC,GG,CC,CC,CC,GG,GG,AA,GG,TT,AA,AG,GG,GT,AA,AA,AA,AT,GG,GT,TT,AA,CG,GG,AT,CG,TT,GT,AA,GG,AA,CC,AA,TT,CC,TT,AA,CC,TT,CC,AG,CG,AA,AC,TT,TT,TT,GG,TT,AA,CC,AA,GT,CC,CG,GG,CC,GG,TT,NN,CC,GT,GG,CC,CC,AA,GG,CC,AA,CG,AA,AA,AA,CG,CC,TT,AA,GG,AA,AA,AA,AA,AA,AG,AG,AA,AT,GG,AC,AG,AA,AC,TT,AA,AA,GG,GG,GG,GT,AT,AA,TT,TT,TT,AG,AT,GG,CG,AA,6.52,Susceptible,Medium,Premium,Early
L0361,Mandya,Karnataka,Kharif,Red Loamy,Irrigated (Cauvery command),780,27.0,72,AC,TT,AG,AA,GG,CC,GG,AT,CC,CG,AA,CC,CC,AT,GT,GG,GG,TT,TT,AA,CC,TT,TT,CT,TT,CC,TT,TT,GG,AA,TT,CC,AA,CC,GG,GG,GG,CG,GG,CC,TT,CT,AC,TT,NN,AG,TT,TT,CC,AC,GG,AT,AA,GG,CC,TT,AA,AA,GG,AC,AG,TT,TT,AA,TT,AT,CC,GG,TT,GG,AA,GG,CC,AA,AG,AC,AA,GG,TT,TT,GG,GG,GG,CC,AA,GG,AA,AA,CC,GT,AC,TT,CT,TT,TT,GG,CT,CC,TT,CC,CC,CC,AA,AA,TT,TT,CG,AA,AG,AA,CC,GG,TT,CC,TT,AC,AA,TT,CG,AG,CG,GG,CC,GG,TT,AA,CC,CC,AC,CC,AA,TT,CC,AA,CC,CT,AA,TT,AA,AA,CG,CC,CC,GG,AG,AA,AA,NN,GG,CC,CC,AA,AG,GG,GT,GG,AA,TT,CC,NN,CC,GT,TT,CT,CC,AA,GT,CT,AT,TT,GG,CC,AA,CT,CC,CC,GG,CC,AA,GG,AG,CC,NN,CC,GT,GT,GG,TT,AA,AA,TT,CC,GG,AA,CC,CC,GG,GG,AA,GG,TT,AA,AA,CC,GG,AA,CC,AT,AA,GG,TT,TT,AT,GG,TT,AT,CG,AA,GT,AA,GG,AA,TT,AA,TT,CC,TT,AA,CC,CT,GG,AA,CC,AA,CC,TT,CT,TT,GG,TT,AA,AA,AG,GG,CC,CG,GG,CC,GG,AT,AG,CC,TT,GG,CC,CC,AT,GG,CG,TT,CC,AT,AA,AC,CC,AC,TT,AA,GG,AA,AA,AA,AC,GG,AA,AA,AA,AT,CG,AA,GG,CC,AA,CC,AA,AA,GG,GG,GG,TT,AT,AG,GT,TT,TT,AA,AT,GG,GG,AA,7.9,Susceptible,High,Premium,Medium
L0362,Mandya,Karnataka,Kharif,Red Loamy,Irrigated (Cauvery command),780,27.0,72,CC,TT,GG,AG,GG,CG,GG,TT,CC,CC,AA,NN,CC,AT,GT,GT,GG,TT,TT,AG,CG,TT,TT,CC,TT,CC,TT,AT,GT,AA,TT,CT,AA,CC,GG,GG,GG,CC,GG,AC,TT,CT,AA,TT,AA,AG,TT,TT,CC,CC,GG,AA,AA,GG,CC,GT,AA,AA,TT,AC,AG,TT,TT,AA,CT,TT,CC,GG,TT,GG,AA,GG,CC,AA,GG,AC,AT,GG,TT,TT,GG,GT,GG,CC,AT,GG,AG,AA,CC,NN,CC,TT,CT,AT,TT,AG,TT,CC,GG,CC,CC,CC,AG,AA,TT,TT,CG,AA,GG,AA,CT,GG,NN,CG,TT,AA,AC,TT,CC,GG,CC,GG,CC,GT,TT,AG,CC,CC,CC,CC,AA,GT,AC,AA,CC,CT,AA,TT,AA,AA,GG,CC,NN,GG,NN,AA,AA,CC,GT,CC,CG,AG,AG,GG,TT,AG,CC,GT,NN,GG,AC,GT,GT,TT,CG,AT,GT,TT,AA,TT,CG,CC,AA,CT,CC,CC,GG,CC,AA,GG,AA,CC,TT,CC,GT,TT,GG,AT,AG,AA,TT,CC,GG,AA,CC,CC,GG,GG,NN,GG,TT,AA,AA,CC,GG,AA,CC,AA,AT,GG,TT,TT,AT,GG,GT,AT,CG,NN,TT,AA,GG,AA,CT,AA,TT,CG,CT,AC,CC,CT,GG,AG,CC,AG,CC,TT,TT,TT,NN,TT,AA,AA,AA,GG,CC,CC,NN,CC,GG,AT,AA,CG,TT,GG,CC,CG,AT,GG,CC,AA,CC,AA,AG,CC,CG,CC,TT,AA,CG,AA,AA,AA,AA,AG,AG,AA,AA,TT,GG,AA,AG,CC,CC,CT,AA,AG,GG,AG,GG,TT,AA,AG,TT,TT,TT,AG,AT,GG,GG,AA,6.51,Moderate,High,Poor,Early
L0363,Mandya,Karnataka,Kharif,Red Loamy,Irrigated (Cauvery command),780,27.0,72,AC,TT,AG,AG,GG,CC,GG,AA,CC,CC,AT,CC,CC,AT,TT,GT,GG,TT,AT,AA,CG,TT,TT,CT,TT,CC,TT,TT,GG,AA,TT,CC,AA,CC,GG,CC,GG,CC,GG,CC,TT,TT,AA,TT,AA,GG,TT,TT,CC,AC,GG,AA,AA,GG,CT,GT,AA,AC,GG,AA,AG,TT,AA,AA,CT,AA,CC,GG,TT,GG,AA,GG,CC,AA,AG,AA,AA,NN,GG,TT,GG,GG,GG,CC,AA,GG,AA,AA,CC,TT,CC,TT,CT,TT,TT,AG,TT,CC,TT,CC,CC,CG,GG,AA,AT,TT,CC,AA,AA,AA,CT,GG,TT,CC,TT,AA,AA,AT,CC,GG,CG,GG,CC,GT,TT,AA,CC,CC,CC,CC,NN,TT,CC,AA,CC,CC,AA,TT,AA,AA,GG,CC,CC,GG,AA,AG,AA,CC,GT,CC,CG,AA,AA,GG,TT,GG,AC,TT,TT,AG,CC,GT,GT,TT,CC,AA,TT,TT,AA,AT,GG,CC,AA,CT,CC,AC,GG,CC,AA,GG,AA,CC,TT,CC,GT,TT,GG,AT,AA,GG,TT,CC,CG,AA,AC,CG,GG,GG,AC,GG,TT,CC,AA,CC,GG,AA,AC,AA,AA,GG,NN,AT,AA,CG,GG,AA,CG,TT,GT,AA,GG,AA,CC,AA,TT,CG,TT,AA,NN,TT,CG,GG,CC,GG,CC,TT,TT,GT,GG,AT,AA,AC,AG,GG,CC,CC,GG,CC,GG,TT,AA,CC,TT,GG,CC,CG,AA,GG,CC,AT,CC,AT,AA,AC,CG,CC,TT,AA,NN,AA,AA,AC,AA,GG,AA,AA,AG,AT,GG,AA,NN,CC,AA,TT,AA,AA,GG,NN,GG,TT,AT,AA,TT,TT,TT,AG,AT,GG,CG,AA,6.98,Moderate,High,Premium,Late
L0364,Mandya,Karnataka,Kharif,Red Loamy,Irrigated (Cauvery command),780,27.0,72,AA,TT,GG,AG,GG,CC,GT,TT,CC,GG,AA,CC,CC,AT,GT,GG,CG,TT,TT,AA,CC,TT,GT,CC,AT,CC,TT,TT,GG,AA,TT,CC,AA,CC,GG,GG,GG,CC,GG,CC,TT,CT,AA,GT,AG,GG,NN,TT,CC,AC,GT,AA,AA,GG,CC,GT,AA,AC,GT,AA,AG,TT,TT,AG,CT,TT,CC,GG,TT,GT,AA,GG,CC,AA,GG,AC,TT,GG,GT,TT,GG,GG,GT,CC,AT,GG,AA,AA,CC,NN,CC,TT,TT,AT,GT,GG,TT,CC,TT,CC,CC,CC,GG,AA,TT,TT,CC,AA,AA,AC,CC,GG,TT,CC,GT,AA,AC,TT,CG,GG,CG,GG,CC,TT,TT,AG,CC,CC,CC,CC,AG,TT,CC,AA,CC,CC,AA,TT,AG,AA,GG,CC,CC,AG,AA,AG,AA,CC,GG,CC,CC,AA,AG,GG,TT,GG,AA,GT,CC,GG,CC,TT,TT,TT,GG,AA,TT,CT,AA,AT,CG,CC,AA,CC,CC,CC,CC,AC,AA,GG,AA,CC,TT,CC,GT,TT,GG,TT,AA,AG,TT,CC,GG,AA,CC,CC,GG,GG,AC,GG,CT,AA,AA,CC,GG,AA,AC,AA,AT,GG,GT,AT,AA,GG,TT,AA,CC,AT,TT,AA,AG,AA,TT,AA,TT,CC,TT,AC,CC,CT,CG,AG,CC,AA,CC,TT,CT,NN,GG,NN,AC,AC,AG,GG,CC,CG,GG,CC,GG,TT,AA,CC,TT,GG,CC,CC,AT,GG,CG,AT,CC,AA,AA,CC,CG,CC,TT,AA,GG,AA,AA,AC,AC,AG,AG,AA,AA,AT,CG,AA,AA,CC,AA,CT,AA,AA,GG,GG,GG,TT,AT,NN,GT,TT,TT,AG,AT,GG,GG,AA,6.46,Susceptible,Medium,Premium,Medium
L0365,Mandya,Karnataka,Kharif,Red Loamy,Irrigated (Cauvery command),780,27.0,72,AA,TT,AG,AA,CG,CC,GT,AT,CG,CC,AA,CC,CC,TT,TT,GG,CG,TT,AT,AA,CC,GT,GG,CC,TT,CC,TT,TT,GG,AA,TT,CT,AA,CC,GG,CG,GG,CC,GG,NN,TT,CT,AA,TT,AA,AG,TT,TT,CC,CC,GG,AT,AA,GG,NN,TT,AA,AA,GT,NN,AA,GT,AT,AG,TT,TT,CC,GG,TT,GG,AA,GG,CC,AA,NN,AA,TT,GG,TT,TT,GG,GG,GT,CC,AT,GG,AA,AT,CC,GT,CC,TT,CT,TT,GT,GG,TT,CC,TT,CC,CC,CC,AG,AA,AT,TT,CC,AA,AG,AA,NN,GG,TT,CG,TT,AA,AA,TT,CG,AG,CC,GG,CT,TT,TT,AA,CC,CC,CC,CG,AG,TT,CC,AA,CC,TT,AA,TT,AA,AA,GG,CT,CC,AG,AA,AG,AA,CC,GG,CC,CC,AA,AG,GG,TT,GG,CC,TT,CC,GG,AC,TT,TT,CT,CC,AT,TT,TT,AA,AT,GG,CC,AA,CT,AC,CC,GG,CC,AA,GG,AG,CC,TT,CC,GT,TT,GG,AT,AA,AA,TT,CC,CG,AA,CC,CC,GG,AG,AA,GG,CT,AA,AA,CC,GT,AA,CC,AA,AA,GG,TT,AT,AA,CG,TT,AA,CG,AT,TT,AA,GG,AA,CT,AA,TT,CC,TT,AA,AC,TT,CG,AA,CC,AA,CC,TT,CC,GT,GG,TT,AC,AA,AG,GG,CC,CG,GG,CC,GG,TT,AG,CC,GT,GG,CC,CC,AA,GG,CC,AA,CG,AA,AA,AC,CG,CC,TT,AA,GG,AA,AA,AC,AA,AG,AG,AA,AA,TT,GG,AA,AG,AC,AA,TT,AA,AA,CG,AG,GG,GT,AA,AA,GT,TT,AT,GG,AA,GG,GG,AA,6.26,Susceptible,High,Poor,Late
L0366,Mandya,Karnataka,Kharif,Red Loamy,Irrigated (Cauvery command),780,27.0,72,CC,TT,AG,AA,GG,CC,GT,AT,CC,CG,AA,CC,CC,TT,TT,TT,CG,TT,TT,AG,CC,TT,TT,CT,TT,CC,TT,AT,GG,AA,TT,CC,AA,CC,GG,CG,GG,CG,GG,CC,TT,CT,AA,TT,AA,AA,CT,TT,CC,CC,GT,AA,AG,GG,TT,GT,AA,AC,GT,AC,AG,TT,TT,AA,TT,TT,CC,GG,TT,GG,AA,GG,CC,AA,GG,CC,TT,GG,TT,TT,GG,GG,GG,CC,AA,GG,AG,AT,CC,TT,CC,TT,CC,TT,GT,GG,CT,AC,GG,NN,CT,CC,AG,AA,TT,TT,CC,AA,AA,AA,CT,NN,TT,CG,TT,AC,AA,TT,CC,GG,CC,GG,CC,GG,CT,AA,CC,CC,CC,CC,AA,GT,NN,AA,CC,CC,AA,TT,AG,AA,GG,CT,CC,GG,AA,AG,AA,CC,GG,CC,CG,AG,AA,GG,TT,AG,AA,TT,CT,GG,CC,GG,TT,TT,CC,AT,TT,CT,AA,AA,GG,CC,AA,CT,CC,CC,GG,AC,AA,GG,AG,CC,TT,CC,GG,TT,GG,AT,AG,AG,TT,AC,GG,AC,AC,CC,GG,GG,AA,CG,TT,AC,AA,CC,GG,AT,CC,AA,AA,GG,GT,TT,AT,GG,GG,AT,CC,TT,TT,AA,AG,AA,TT,AA,TT,CC,TT,AA,CC,TT,CG,AA,CC,GG,CC,TT,CT,TT,GG,TT,AA,CC,AA,GT,CC,CC,GG,CG,GG,TT,AA,CG,GT,GG,CC,CC,AA,GG,CC,AT,CC,AA,AA,CC,CG,AC,TT,AA,GG,AA,AA,AC,AA,AG,AG,AA,AA,TT,CG,AA,AA,AC,AC,CT,AA,AG,GG,AG,GG,TT,AA,AA,GT,TT,TT,GG,TT,GG,GG,AA,8.65,Susceptible,Low,Poor,Medium
L0367,Mandya,Karnataka,Kharif,Red Loamy,Irrigated (Cauvery command),780,27.0,72,AA,TT,GG,AA,GG,CC,GG,AT,CC,CG,AA,CT,CC,AA,TT,GG,GG,TT,TT,AA,CC,TT,GT,TT,TT,CC,TT,TT,GT,AA,TT,CT,AA,CC,AG,CC,GG,CG,GG,CC,TT,CT,AA,TT,AA,AA,TT,AT,CC,AC,GT,AT,AA,GG,CC,TT,AA,AA,GG,AC,AA,TT,TT,AG,TT,TT,CC,GG,TT,GG,AA,GT,CC,AA,GG,AC,AA,GG,TT,TT,GG,GG,GG,CC,AA,GG,AA,AA,CC,GT,AC,GG,CC,TT,TT,GG,TT,CC,GG,CC,CC,CC,AG,AA,TT,TT,CC,AA,AA,AA,CT,GG,TT,CC,TT,AA,AA,TT,CG,AA,CC,AG,CC,GG,TT,AA,CT,CC,CC,CC,AA,GT,CC,AA,CC,CT,AA,AT,AA,AT,GG,CC,CC,GG,AA,AA,AA,CC,GT,CC,CC,AA,AA,GG,TT,GG,AA,TT,TT,GG,AC,TT,GG,TT,CC,AT,TT,TT,AT,TT,GG,CC,AA,CT,CC,CC,GG,CC,AA,GG,GG,CC,TT,CC,GT,GG,GG,TT,AA,AG,TT,CC,GG,AA,CC,CC,GG,AA,AA,GG,TT,AC,AA,CC,GG,AT,AC,AA,TT,GG,TT,TT,AT,CG,TT,AA,CC,TT,TT,AA,GG,AA,TT,CC,TT,CC,TT,AC,CC,CT,CG,AG,CC,AG,AC,TT,CT,GT,GG,TT,AC,AC,AG,GG,CG,CG,CG,CC,GG,AT,AG,CC,GT,GG,CC,CG,AA,AG,CG,AA,CC,AA,AA,CC,CC,CC,TT,AG,GG,AT,AC,AA,AA,AG,GG,AA,AA,AT,GG,AC,GG,AC,AC,TT,AG,AA,GG,GG,GG,TT,AA,AG,GT,NN,TT,AG,TT,GG,CG,AA,7.55,Moderate,High,Standard,Early
L0368,Mandya,Karnataka,Kharif,Red Loamy,Irrigated (Cauvery command),780,27.0,72,AC,TT,GG,AA,GG,CC,GG,NN,CC,CC,AA,CC,CG,TT,TT,GT,CG,TT,TT,AA,CC,GT,TT,CC,TT,CC,TT,TT,GT,AA,TT,CC,AG,CC,AG,CG,GG,CC,GG,CC,NN,TT,AA,TT,AG,AG,TT,TT,CC,CC,GG,AA,AG,GG,CC,TT,AA,AC,GG,AA,AA,TT,AT,AA,TT,TT,CC,GG,NN,GG,AA,GG,CC,AA,AG,AC,AT,GG,TT,TT,GG,GG,GG,CC,AT,GG,AA,AA,CC,TT,CC,TT,CT,AT,TT,GG,TT,AC,GT,CC,CT,CC,GG,AA,AT,TT,CC,NN,GG,AA,CC,GG,TT,CG,TT,AC,AA,TT,CC,GG,CC,GG,CC,GT,TT,AA,CT,CC,CC,CC,AA,TT,CC,AA,CC,CT,AA,AT,AA,AA,GG,CC,CC,GG,AG,AG,AT,AC,GG,CC,CC,AG,AG,GG,TT,AG,AA,GT,TT,AA,CC,TT,GT,TT,CC,AA,TT,CT,AA,TT,NN,CC,AG,CC,AC,CC,GG,CC,AA,GG,AA,CC,TT,CG,GG,TT,GG,AT,AA,AA,TT,AC,GG,AC,AC,CC,GG,AG,AA,GG,NN,AC,AA,CC,GT,AA,AC,AA,TT,GG,GT,AA,AA,GG,GT,AA,CC,AT,GG,AA,GG,AA,TT,AA,TT,CC,TT,AA,AC,TT,GG,AG,CC,AG,CC,TT,CT,TT,GG,TT,AA,AC,AG,GG,CG,CC,GG,CC,GG,TT,AA,CC,GG,GG,CC,CC,AA,GG,CC,AT,CC,AA,AA,CC,CC,AA,TT,AA,GG,AA,AC,AC,AA,GG,GG,AG,AA,AT,GG,AA,AG,AC,AA,CT,AA,AA,GG,GG,GG,TT,AA,AA,TT,TT,TT,AG,AT,GG,GG,AA,5.64,Susceptible,Low,Premium,Medium
L0369,Mandya,Karnataka,Kharif,Red Loamy,Irrigated (Cauvery command),780,27.0,72,AA,CT,GG,AA,GG,CC,GT,AT,CC,CC,AA,CT,CC,TT,TT,GG,GG,AT,TT,AA,CC,GT,TT,CC,TT,CT,TT,TT,GG,AA,TT,CC,AA,AC,GG,GG,GG,CC,GG,CC,TT,CT,AA,TT,AG,AA,TT,TT,CC,CC,GG,AT,AA,GG,CC,GT,AA,AA,TT,AC,AA,TT,TT,AG,TT,TT,CC,GG,TT,GG,AA,GT,CC,AA,GG,NN,AA,GG,TT,TT,GG,GT,GT,CC,AT,GG,AA,AA,CG,TT,CC,TT,CC,TT,GT,GG,TT,CC,GT,CC,CC,CC,AG,AA,AT,TT,CC,AG,AA,AA,CC,GG,TT,CC,GG,AA,AC,TT,CG,GG,CC,GG,CC,GG,TT,AA,CC,CC,CC,CC,AA,GT,AC,AA,CC,CC,AA,AT,AA,AA,GG,CT,CC,GG,AA,AA,AA,CC,GG,CC,CC,AA,AA,AG,TT,AG,AC,TT,CT,AG,AC,TT,GT,TT,CC,AA,TT,TT,AA,TT,NN,CC,AG,CT,CC,CC,CC,CC,AA,GG,GG,CC,TT,CG,GT,GT,GG,AT,AA,AA,TT,AC,GG,AA,CC,CC,GG,GG,AA,CG,TT,AA,AG,CC,GG,AA,CC,AA,AT,GT,TT,TT,AA,CC,GT,AA,CG,TT,GT,AA,GG,AA,CT,AA,TT,CC,CC,AA,CC,CT,CG,AA,CC,GG,CC,TT,CT,GT,GG,TT,AA,AC,AG,GG,CC,NN,GG,CC,GG,AT,AG,CC,TT,GG,CC,CC,AT,GG,CC,AT,CC,AA,AA,CC,CC,CC,TT,AA,GG,AA,AA,AA,AC,GG,AG,AA,AA,TT,GG,AA,AG,CC,AA,CT,AA,AA,GG,GG,GG,GG,AA,AA,GT,TT,AT,AG,TT,GG,GG,NN,5.87,Moderate,High,Poor,Early
L0370,Mandya,Karnataka,Kharif,Red Loamy,Irrigated (Cauvery command),780,27.0,72,AA,TT,GG,GG,GG,CC,GT,TT,CC,CC,AA,CC,CC,TT,TT,GT,CG,TT,TT,AA,CC,TT,GT,CC,TT,CC,GT,TT,GG,AA,TT,CT,AA,CC,GG,GG,GG,CG,GG,CC,TT,TT,AA,TT,AG,GG,TT,AA,CC,AC,TT,AA,AA,GG,CC,GT,AA,AC,GT,AC,AA,TT,AA,AG,CT,AT,CC,GG,TT,GT,AG,GG,CC,AA,AG,AA,AA,GG,TT,TT,GG,GG,GT,CC,AT,GG,AA,AA,CC,TT,AA,TT,CC,TT,TT,GG,TT,CC,GT,CC,CT,CG,AG,AA,TT,TT,CC,AA,AA,AA,CT,GG,TT,CG,GT,CC,AC,TT,CC,GG,CC,GG,CC,GG,CT,AA,CT,CC,CC,CC,AA,TT,CC,AA,CC,CT,AA,TT,AA,AA,GG,CC,CC,GG,AA,AG,AA,AC,GG,CC,CC,AA,AA,AG,TT,NN,AC,TT,TT,AG,AA,TT,GT,TT,CC,AA,TT,TT,AA,TT,GG,CC,AG,CT,CC,CC,CG,AC,AA,GG,AA,CC,TT,CC,GT,TT,GG,TT,AA,AA,TT,CC,GG,AA,CC,CC,CG,GG,AA,GG,TT,AA,AA,CG,GG,AT,AA,AA,AA,GT,TT,TT,AT,CG,TT,AA,CG,TT,TT,AA,GG,AA,CC,AA,TT,CC,TT,AA,CC,TT,GG,GG,CC,AA,AC,TT,CT,TT,GG,TT,AA,AA,AA,GG,CC,CG,GG,CG,GG,TT,AG,CG,TT,GG,CG,CC,AA,AG,CC,AT,CC,AA,AA,AC,CC,CC,TT,AA,CG,AA,AA,AA,NN,AA,AA,AA,AA,TT,GG,AC,AG,AC,AA,CT,AA,AA,GG,GG,GG,GT,AA,AG,TT,TT,TT,GG,TT,CG,GG,AA,6.5,Susceptible,Low,Poor,Late
L0371,Mandya,Karnataka,Kharif,Red Loamy,Irrigated (Cauvery command),780,27.0,72,CC,TT,AG,AG,CG,NN,GG,TT,CC,CC,AA,CC,CG,NN,GT,GG,CG,TT,TT,AA,CC,GT,GT,CC,TT,CC,GT,TT,GG,AA,TT,CC,AA,CC,GG,CG,NN,CC,GG,CC,TT,TT,AA,GG,AA,GG,TT,TT,CC,CC,GG,AA,AA,GG,CC,TT,AA,AA,GT,AA,AG,TT,TT,AA,TT,TT,CC,GG,TT,GT,AG,GG,AC,AA,GG,AA,AA,GG,TT,TT,GG,GG,GT,CC,AT,GG,AA,AT,CG,GG,AA,NN,CC,TT,TT,AG,TT,CC,GT,CT,CC,CC,AG,AA,TT,TT,CC,AA,AA,AA,CT,GG,TT,CC,GT,AA,AC,TT,CC,AG,CG,GG,CC,GG,TT,AA,CC,CC,AC,CC,AA,TT,CC,AA,CC,TT,AA,TT,AA,AA,CG,CT,CC,AG,AA,GG,AA,CC,GT,CC,CG,AA,AA,GG,TT,GG,AA,TT,CT,GG,CC,GT,GT,TT,CG,TT,TT,CT,AA,TT,GG,CC,AG,CT,CC,CC,CC,CC,AA,GG,AA,CC,TT,CC,GT,TT,GG,TT,AA,AG,TT,CC,GG,AA,CC,CC,GG,GG,AC,CG,TT,AA,AA,CC,GG,AA,CC,AA,AA,GG,TT,AA,AA,CG,TT,AA,CG,TT,GT,AA,GG,AA,CT,AA,TT,CC,TT,AA,CC,TT,GG,AG,CC,AG,CC,TT,CT,GT,GG,TT,AA,AC,AA,GG,NN,CG,GG,CC,GG,TT,AA,CG,GT,GG,CG,CC,AA,AG,CC,AA,CC,AA,AA,AC,CG,CC,AT,AA,GG,AA,AA,AA,AA,AA,AG,GG,AA,TT,CG,AC,AA,AA,AC,CT,AA,AA,GG,GG,GG,TT,AA,AA,GT,TT,TT,NN,AT,GG,CG,AA,8.95,Susceptible,Low,Standard,Medium
L0372,Mandya,Karnataka,Kharif,Red Loamy,Irrigated (Cauvery command),780,27.0,72,AC,TT,GG,AG,GG,CC,GG,TT,CC,GG,AA,CT,GG,AT,TT,GG,GG,TT,TT,AA,CG,TT,GT,CC,TT,CC,TT,TT,GG,AA,TT,CC,AA,CC,GG,GG,GG,CC,GG,CC,TT,TT,AA,TT,AA,GG,TT,TT,CC,CC,GG,AA,AA,GG,CC,TT,AA,AC,GT,AC,AA,TT,TT,AG,TT,AT,CC,GG,TT,GT,AA,GG,CC,AA,GG,AC,AT,GG,TT,TT,GG,GG,GG,CC,AA,GG,AA,AA,CC,TT,AC,TT,CC,TT,TT,GG,TT,CC,TT,CC,CC,NN,AA,AG,TT,TT,CG,AA,AG,AA,CC,GG,TT,CG,GT,AC,AC,TT,CC,AG,CC,GG,CC,GT,TT,AA,CC,CC,CC,CC,AA,TT,CC,AA,CC,CC,AA,TT,AA,AA,GG,CC,CC,GG,AG,AG,AA,AC,GG,CC,CC,AA,AA,GG,TT,GG,AC,TT,TT,GG,AC,GT,TT,TT,CG,NN,GT,TT,AA,TT,CG,CC,AG,CC,CC,CC,GG,AC,AA,GG,AA,CC,TT,CC,GT,TT,GG,AT,AA,AA,TT,CC,GG,AC,CC,CC,GG,GG,CC,GG,TT,AA,AA,CC,GT,AA,AC,TT,AA,GG,TT,AT,AA,GG,GT,AT,CC,AT,GT,AA,GG,AA,CT,CC,TT,CC,TT,AA,CC,TT,CG,GG,NN,AG,CC,TT,CT,TT,GG,TT,AA,AC,NN,GG,NN,GG,GG,CC,GG,TT,AA,CC,GT,GG,CC,CC,AA,AG,CG,AT,CC,AT,AA,CC,CC,AC,TT,AA,CG,AA,AA,AA,AA,AG,AG,AG,AA,AT,GG,AA,GG,CC,AC,CC,AA,AA,GG,GG,GG,TT,AA,AA,TT,TT,TT,AA,TT,GG,GG,AA,8.59,Susceptible,Low,Poor,Late
L0373,Mandya,Karnataka,Kharif,Red Loamy,Irrigated (Cauvery command),780,27.0,72,CC,TT,GG,AA,GG,CG,GG,TT,CC,CG,AT,CT,CG,AT,GT,GG,GG,NN,TT,AA,CG,TT,TT,CC,NN,CC,GT,TT,GT,AA,TT,CC,AA,CC,GG,CG,GG,CG,GG,CC,TT,CC,AA,NN,AA,AG,TT,TT,CC,AA,GG,AA,AA,GG,CC,TT,AT,AA,TT,AA,AG,TT,AT,AA,NN,AT,CC,GG,TT,GG,NN,GG,CC,AA,GG,CC,AA,AG,TT,TT,GG,GG,GG,CC,AA,GG,AA,TT,CC,GG,CC,TT,CC,AT,TT,GG,TT,AC,GT,CC,CC,CG,GG,AA,TT,TT,CC,AG,AG,AA,CC,GG,TT,NN,TT,AA,AA,TT,CC,GG,CC,GG,CC,TT,NN,AA,CC,CC,CC,NN,AA,TT,CC,AA,CC,CC,AG,TT,GG,AT,GG,CC,CC,GG,AG,AA,AA,CC,GG,CC,CC,AG,AA,GG,GT,GG,AC,GG,TT,GG,AC,GT,TT,TT,CC,AT,TT,TT,AA,AT,GG,CC,AG,CT,CC,AC,CC,CC,AA,AG,AA,NN,TT,CC,GG,TT,GG,TT,AG,AA,TT,AC,GG,AA,CC,CC,GG,GG,AC,GG,TT,AA,AA,CC,GG,AA,CC,AA,AT,GG,TT,AT,AA,GG,GT,AT,CG,TT,GT,AA,GG,AA,CT,AA,TT,CC,CT,CC,CC,CT,GG,AG,CC,GG,AC,TT,NN,NN,GG,TT,AC,CC,AA,GG,CC,GG,GG,CC,GG,TT,AA,CC,TT,GG,CC,CG,NN,GG,CC,AA,CC,AA,AA,AA,CC,AC,TT,AA,GG,AA,AA,AA,AC,AA,AG,AA,AG,TT,CG,AA,AG,AC,AC,CT,AG,AA,GG,GG,CG,TT,AA,AA,GT,TT,TT,GG,TT,CG,GG,AC,4.01,Moderate,High,Poor,Late
L0374,Mandya,Karnataka,Kharif,Red Loamy,Irrigated (Cauvery command),780,27.0,72,AA,TT,AG,AA,GG,CC,GG,AT,CC,CG,AA,CC,CG,TT,TT,GG,CG,TT,TT,AA,CC,TT,TT,CT,TT,CC,TT,AT,GG,AA,TT,CT,AA,CC,AG,CG,GG,CG,GG,AC,TT,TT,AC,TT,AA,GG,TT,AT,CC,AC,GT,AA,AA,GG,CC,TT,AT,AA,GG,AA,AA,GT,TT,AA,TT,TT,CC,GG,TT,GT,AA,GG,CC,AA,GG,AC,AA,GG,TT,TT,GG,GT,GG,NN,AT,GG,AA,AA,CC,TT,CC,TT,CC,TT,TT,GG,CT,CC,GT,CC,CC,CC,GG,AG,TT,TT,CC,AA,AA,AA,CC,GG,TT,CG,TT,AA,AA,AT,CG,AG,CC,GG,CC,GG,CT,NN,CT,CC,CC,CC,AA,TT,CC,AA,CC,CC,AA,TT,AA,AA,CG,CC,CC,GG,AA,AG,NN,CC,GG,CC,CC,AG,AA,AG,TT,GG,AA,TT,TT,GG,AA,TT,TT,TT,CC,TT,TT,TT,AA,AT,GG,CC,AA,CT,CC,CC,CG,CC,AA,GG,AA,CC,TT,CC,GG,TT,GG,TT,AA,AA,TT,CC,CG,AC,CC,CC,GG,GG,CC,GG,TT,AA,AA,CC,NN,NN,CC,AA,AT,GG,GG,TT,AA,GG,GT,AT,CC,TT,TT,AA,GG,AA,CT,AA,TT,CC,CT,AA,CC,TT,GG,GG,CC,AG,CC,TT,CT,TT,CG,TT,AA,AC,AA,GG,CC,CC,GG,CC,GG,AT,AA,CC,GT,GG,CC,CC,AA,GG,CC,AA,CC,AA,AA,AC,CC,CC,TT,AA,GG,AA,AA,AA,AA,GG,GG,AA,AA,TT,GG,AA,AA,AC,AA,TT,AA,AA,GG,GG,CG,TT,AT,AG,GT,TT,TT,AA,AT,GG,CG,AA,6.52,Moderate,Medium,Poor,Early
L0375,Mandya,Karnataka,Kharif,Red Loamy,Irrigated (Cauvery command),780,27.0,72,AC,TT,GG,AG,GG,CC,TT,TT,CC,CG,AA,CC,CG,TT,TT,GG,GG,TT,TT,AA,CC,GT,GT,CC,TT,CC,GT,TT,GG,AA,TT,CC,AA,CC,GG,GG,GG,CC,GG,CC,TT,CT,AA,TT,AA,AG,TT,TT,CC,CC,GG,AT,AA,GG,CT,TT,AA,AA,GG,AA,AG,TT,TT,AG,TT,TT,CC,GG,TT,GG,AG,GG,CC,AA,GG,CC,AT,GG,TT,TT,GG,GG,GT,CC,AA,GG,AA,AA,CG,GT,CC,TT,CT,TT,GG,GG,TT,CC,TT,CC,CC,CG,GG,AA,TT,TT,CC,AA,AG,AC,CT,GG,TT,CG,TT,AC,AA,TT,CG,GG,CC,GG,CC,GT,TT,AA,CC,CC,CC,CC,AA,TT,CC,AC,AC,TT,AA,TT,AA,AA,CG,CT,CC,GG,AG,AA,AA,CC,GT,CG,CC,AG,AA,GG,GT,GG,AA,GG,TT,GG,AC,TT,GT,CT,CG,AT,GT,TT,AA,TT,CG,CC,AG,CC,CC,AC,CG,CC,AA,GG,AA,CC,TT,CC,GT,TT,GG,TT,AA,AA,TT,CC,GG,AC,AC,CC,GG,GG,AA,GG,TT,AA,AA,CG,GG,AA,CC,AA,AT,GT,TT,TT,AA,GG,GT,AA,CC,TT,NN,AA,GG,AA,TT,AA,TT,CC,TT,AA,AC,TT,GG,AG,CC,AA,CC,TT,TT,TT,GG,TT,AA,CC,GG,GG,CC,CG,GG,NN,GG,AA,AA,CC,GT,GG,CC,CG,AT,AG,CC,AA,CC,AT,AA,AC,CC,AC,AT,AG,GG,AA,AC,AC,AA,GG,AG,AA,AA,TT,GG,AA,AG,AC,AC,CT,AA,AA,GG,GG,GG,GT,AT,AA,GT,TT,TT,AG,AT,GG,GG,AA,3.94,Susceptible,Low,Standard,Early
L0376,Mandya,Karnataka,Kharif,Red Loamy,Irrigated (Cauvery command),780,27.0,72,AC,TT,GG,AA,CG,CC,GG,TT,CC,GG,AA,CC,CG,TT,TT,TT,CG,TT,TT,AG,CC,GT,GT,CC,AT,CC,GT,AT,GG,AC,TT,CC,AA,CC,GG,CG,GG,CC,GG,CC,TT,CT,AC,TT,AA,GG,TT,TT,CC,CC,GT,AA,AA,GG,CC,TT,AA,AC,TT,AA,AA,TT,TT,AA,CT,AT,CC,GG,CT,GG,AG,GT,CC,AA,AG,CC,AT,GG,GT,TT,GG,TT,GG,AC,AA,GG,AA,AA,CC,NN,CC,TT,CC,TT,TT,GG,CC,AC,GT,CC,CT,CC,AA,AA,TT,TT,CC,AA,AG,CC,CC,GG,TT,CC,TT,AA,AC,TT,CC,AG,CC,GG,CC,GG,CT,AG,CC,CC,CC,CC,AA,GT,CC,AA,CC,CC,AA,TT,AA,AT,GG,CC,CC,GG,AA,AA,AA,CC,GG,CC,CC,AA,AA,GG,TT,NN,AA,TT,CT,GG,CC,TT,TT,TT,CC,AA,TT,TT,AT,TT,GG,CC,AA,CT,CC,CC,GG,AC,AA,GG,AG,CC,TT,CG,GG,GG,CG,AA,AA,AA,TT,AC,GG,AC,AC,CC,GG,AG,AC,GG,TT,AA,AA,CC,GG,AT,AC,AA,AT,GG,TT,AT,AT,GG,GG,AA,CC,AT,GT,AA,GG,AA,TT,AA,TT,CC,TT,AA,CC,CC,GG,AG,CC,GG,CC,TT,CT,GT,GG,TT,AA,CC,AA,GG,CC,CC,GG,CC,GT,TT,AA,CC,TT,GG,CC,CC,AA,GG,CG,AA,CC,AA,AA,CC,CG,CC,TT,AA,GG,AA,AA,AA,AA,AG,NN,AA,AA,TT,GG,AA,AA,CC,AA,TT,AG,AG,GG,GG,GG,TT,AA,AG,GT,TT,AT,AG,AT,GG,GG,AA,6.58,Moderate,High,Premium,Medium
L0377,Mandya,Karnataka,Kharif,Red Loamy,Irrigated (Cauvery command),780,27.0,72,AC,CT,GG,AA,GG,CC,GG,TT,CC,CC,AA,CC,CG,AT,TT,GG,CC,TT,AT,AA,CC,GT,GT,CC,TT,CT,TT,AT,GG,AA,TT,CC,AA,AC,GG,GG,GG,CC,GG,CC,TT,TT,AC,NN,AG,NN,TT,TT,CC,CC,GG,AT,AA,GG,CT,TT,AA,AA,GT,AC,AA,TT,AT,AA,TT,TT,CC,GG,TT,GG,AA,GG,CC,AA,NN,AC,NN,GG,TT,TT,GG,GG,GT,CC,AA,GG,AA,TT,CG,TT,CC,TT,CT,TT,TT,AG,TT,CC,TT,CC,CT,CC,AA,AG,TT,GT,CC,AA,AG,AA,CT,GG,TT,CC,GT,AA,AA,TT,CC,AG,CC,AG,CC,GT,CT,GG,CT,CC,CC,CC,AG,TT,CC,AA,CC,CT,AA,TT,AA,AT,CG,CT,CC,GG,AA,AA,AA,CC,GG,CC,CC,AG,AA,AG,TT,AG,AC,TT,CC,GG,CC,GT,GT,TT,CG,AA,GT,TT,AT,TT,GG,CC,AA,TT,CC,CC,GG,CC,AT,GG,AG,CC,TT,CC,GT,GT,GG,TT,AA,AA,TT,CC,GG,AA,CC,CC,GG,GG,AC,GG,TT,AA,AA,CC,GG,AA,AC,AA,AT,GG,TT,TT,AT,CG,GT,AT,CG,TT,GT,AA,GG,AA,TT,AA,TT,CG,TT,AA,CC,CT,GG,AG,CC,AG,AC,TT,TT,GG,GG,TT,AC,CC,AA,GG,CC,CC,GG,CC,GG,AT,AA,CG,TT,GG,CC,CC,AT,GG,CG,AA,CG,AA,AA,CC,CG,CC,TT,AA,CG,AA,AA,AC,AA,GG,AA,AG,AA,TT,GG,AA,AG,AC,AA,CT,AG,AA,GG,GG,GG,GT,AT,AG,TT,TT,TT,GG,AT,GG,GG,AA,6.95,Susceptible,Medium,Premium,Late
L0378,Mandya,Karnataka,Kharif,Red Loamy,Irrigated (Cauvery command),780,27.0,72,AA,CT,GG,AG,GG,CC,GG,AT,CC,GG,AA,CC,CC,TT,TT,GG,GG,TT,TT,AG,CC,TT,TT,CC,TT,CC,TT,AT,GG,AA,CT,CC,AA,CC,AG,GG,GG,CG,GG,CC,TT,TT,AA,TT,AG,AG,TT,TT,CC,AC,GG,AA,AA,GG,CT,TT,AA,AA,GG,AA,AG,TT,TT,AA,TT,TT,CC,GG,CT,GG,AA,GG,CC,AA,GG,AA,AA,GG,TT,TT,GG,TT,GT,CC,AA,GG,AA,AA,CC,GT,CC,TT,CT,TT,NN,GG,CC,CC,GT,CC,CT,CG,AG,AG,TT,TT,CC,AA,AA,AA,CC,GG,TT,CG,GT,AA,AA,TT,CG,GG,CC,GG,CC,GG,TT,AA,CC,CC,CC,CC,AA,TT,CC,AA,CC,CC,AA,TT,AG,AT,CG,CC,CC,GG,AA,AG,AT,CC,GG,CC,CG,AA,AG,AG,TT,GG,AA,GT,CT,GG,CC,TT,GT,CT,CC,AT,TT,TT,AT,TT,CG,CG,AG,CC,CC,AC,GG,CC,AA,GG,GG,CC,TT,CC,GG,TT,GG,AT,AA,AA,GT,CC,GG,AC,CC,CC,GG,GG,AA,CG,TT,NN,AA,CC,GG,AA,AC,AA,AT,GG,TT,AT,AA,GG,GT,AA,CC,AT,GT,AA,GG,AA,CT,AC,TT,CC,CT,AA,CC,TT,CG,AG,NN,GG,CC,TT,CT,TT,GG,TT,AA,AC,AA,GT,CC,CG,GG,CC,GG,TT,AG,CG,GG,GG,CG,CG,AA,GG,CG,AA,CC,AA,AA,AC,CG,CC,TT,AA,GG,AA,AA,AC,AA,GG,AG,AG,AA,TT,GG,AA,AA,AC,AA,CT,AG,AA,GG,AG,CG,TT,AT,AA,TT,TT,TT,GG,AT,GG,GG,AA,8.69,Susceptible,Medium,Premium,Early
L0379,Mandya,Karnataka,Kharif,Red Loamy,Irrigated (Cauvery command),780,27.0,72,AC,TT,GG,AG,GG,CC,GG,AT,CC,CC,AA,CC,CG,TT,TT,GG,GG,NN,TT,AG,CC,TT,GT,CC,TT,CC,TT,TT,GG,AA,TT,TT,AA,CC,GG,GG,GG,CC,GG,CC,TT,TT,AA,GT,GG,AG,TT,TT,CC,AC,GG,AA,AA,CG,CC,TT,AT,AC,GG,AA,AG,TT,AT,AA,TT,TT,CC,GG,TT,GG,AA,GG,CC,AA,GG,AC,AA,GG,TT,TT,GG,GG,GT,CC,AA,GG,AA,AT,CC,TT,AC,GT,CC,TT,GT,AG,TT,CC,GG,CC,CT,CG,AG,AA,TT,TT,CC,AA,AG,AA,CT,GG,TT,CC,TT,AA,AA,TT,CG,NN,CG,GG,CC,GG,TT,AA,CC,CC,CC,CC,AA,GT,CC,AA,CC,CC,AA,TT,AA,AA,GG,CC,CC,GG,AG,GG,AA,CC,GT,CG,CC,AA,AA,GG,GT,GG,AA,TT,CT,GG,CC,GG,TT,TT,CG,AT,TT,TT,AT,TT,GG,CG,AA,CT,CC,CC,GG,CC,AT,GG,AA,CC,TT,CC,GG,TT,GG,AA,AA,AA,TT,CC,GG,AC,AC,CC,NN,AG,AA,GG,TT,AC,AA,CC,GG,AT,CC,AA,AA,GT,TT,TT,AT,GG,GT,AA,CG,AA,TT,AA,GG,AA,CT,AC,TT,CC,TT,AA,CC,TT,GG,AG,CG,AG,CC,TT,CT,NN,GG,TT,AC,AC,AA,GG,CC,CC,GG,CC,GG,TT,AG,CC,TT,GG,CC,CC,AT,GG,CC,AA,CC,AA,AA,CC,CC,AC,TT,AA,GG,AA,AA,AA,AA,AA,AA,AA,AA,AT,GG,AA,AG,CC,AA,TT,AG,AA,GG,AG,GG,GT,AA,AA,GT,TT,TT,AG,AT,GG,CG,AA,7.17,Susceptible,High,Premium,Early
L0380,Mandya,Karnataka,Kharif,Red Loamy,Irrigated (Cauvery command),780,27.0,72,AA,CT,GG,GG,GG,CC,TT,AT,CC,NN,AA,CC,CC,TT,TT,GG,GG,TT,TT,AA,CC,TT,TT,CC,TT,CC,TT,AT,GG,AA,TT,TT,AA,CC,GG,GG,GG,CG,GG,CC,TT,TT,AA,TT,AG,GG,TT,TT,NN,CC,GG,AA,AG,GG,CC,TT,AA,AC,TT,AA,AA,NN,AA,AA,CT,AT,CC,GG,TT,GG,AG,GG,CC,NN,AG,AA,AT,GG,GT,TT,GG,GT,GG,CC,AT,GG,AG,AA,CC,TT,AC,GT,CT,TT,TT,AG,CT,CC,GT,CT,CC,NN,GG,AA,AT,TT,NN,AA,AG,AA,CT,GG,TT,CG,TT,AC,CC,TT,CC,AA,CC,AG,CC,GT,CT,AA,CC,CC,AC,CC,AA,TT,CC,AA,CC,CC,AA,TT,AA,AA,GG,CC,CC,GG,AA,AA,AA,CC,GT,CC,CC,AA,AG,AG,TT,AG,AA,TT,TT,GG,AC,TT,GT,TT,CG,AA,TT,TT,AA,TT,GG,CC,AG,CT,CC,CC,CC,CC,AA,GG,AG,CC,TT,CC,GT,TT,GG,AT,AA,AA,TT,CC,GG,AC,CC,CC,GG,GG,AC,GG,TT,AA,AA,CC,GG,AA,CC,AA,TT,GG,TT,TT,AA,GG,GT,AT,CC,AT,TT,AA,GG,AA,CT,AA,AT,CG,TT,AA,AC,CT,GG,AG,CG,AG,CC,TT,TT,TT,GG,AT,AA,CC,AA,GG,CC,GG,GG,CC,GG,TT,AA,CC,TT,GG,CC,CG,AA,GG,CG,AT,CC,AA,AA,CC,CG,CC,TT,AA,GG,AA,AA,AC,AA,GG,GG,AG,AA,TT,CG,AC,AA,AC,AA,CT,AA,AA,GG,GG,GG,TT,TT,AA,TT,TT,TT,GG,TT,GG,GG,AA,5.62,Susceptible,Medium,Premium,Medium
L0381,Mandya,Karnataka,Kharif,Red Loamy,Irrigated (Cauvery command),780,27.0,72,AC,CT,GG,AA,GG,CC,GG,TT,CC,CC,TT,CT,CC,TT,TT,GG,CG,TT,AT,AA,CC,GG,GT,CC,TT,CC,TT,TT,GT,AA,TT,CT,AA,CC,GG,CC,GG,CC,GG,CC,TT,CC,AA,GT,AA,GG,TT,TT,CG,AA,GG,AA,AG,GG,CT,TT,AA,AC,GT,AA,AA,TT,TT,GG,TT,TT,CC,GG,TT,GG,AA,GG,CC,AA,AG,CC,AT,GG,TT,TT,GG,GT,TT,CC,AA,GG,AA,AT,CC,TT,CC,TT,TT,TT,TT,GG,TT,CC,TT,CC,CC,CC,AA,AA,TT,TT,CC,AA,GG,AC,CC,GG,TT,CC,GT,AA,AA,TT,CC,AG,CC,GG,CC,GG,TT,AA,CT,CC,CC,CC,AA,TT,CC,AA,CC,CC,AA,TT,AA,AA,GG,CC,CC,GG,AA,AG,AA,AC,GG,CG,CC,AA,AA,AG,TT,GG,AA,TT,CC,AG,AA,TT,TT,TT,CG,AA,GT,TT,AA,TT,GG,CC,AG,TT,CC,CC,GG,CC,AA,GG,AG,AC,TT,CC,GT,TT,GG,AT,NN,AA,TT,CC,GG,AA,CC,CC,GG,GG,CC,GG,TT,AA,AA,CC,GT,AT,AC,AA,AA,GG,TT,TT,NN,CG,GG,AT,CC,AT,TT,AA,GG,AA,TT,AC,TT,CC,TT,AA,CC,TT,GG,GG,CG,AG,CC,TT,TT,GT,GG,TT,AC,CC,AA,GG,CC,CC,GG,CC,GG,AT,NN,CC,TT,GG,CC,CC,AA,GG,CC,AT,CC,AT,AA,AC,CG,AA,TT,AA,CG,AA,AA,AA,AA,GG,AA,AG,AA,TT,GG,AC,AG,CC,AA,TT,AA,AA,GG,AG,GG,TT,AA,NN,TT,TT,TT,AG,TT,GG,GG,AA,7.64,Susceptible,High,Standard,Medium
L0382,Mandya,Karnataka,Kharif,Red Loamy,Irrigated (Cauvery command),780,27.0,72,CC,TT,GG,AG,GG,CC,GG,AT,CC,CC,AA,CC,CC,TT,TT,GG,GG,TT,TT,AA,NN,GT,GT,CC,TT,CT,TT,TT,GG,AA,TT,CT,AA,CC,AG,CG,GG,CG,GG,CC,TT,TT,AC,TT,AA,GG,TT,TT,CC,AC,GT,AA,AA,GG,CC,GT,AA,AC,TT,AA,AA,TT,TT,AG,TT,TT,CC,GG,TT,GT,GG,GG,CC,AA,GG,AA,AA,GG,TT,TT,GG,GG,GG,AC,AA,GG,AA,AA,CG,TT,CC,TT,CC,AT,TT,AG,TT,AC,GT,CC,CT,CG,GG,AA,TT,TT,CC,AA,AG,AC,CC,GG,TT,CC,GT,AA,AA,AT,CC,GG,CC,GG,CC,GG,TT,AA,CC,CC,CC,NN,NN,TT,CC,AA,CC,CC,AA,TT,AA,AT,CG,NN,CC,GG,AA,AG,AA,CC,GG,CC,CC,AG,AA,GG,TT,GG,AA,GT,TT,GG,CC,TT,TT,CT,CC,AT,TT,TT,AA,TT,GG,CC,AA,TT,CC,CC,GG,CC,AA,AG,AG,CC,TT,CC,GG,TT,CG,TT,AA,AA,GT,CC,CG,AA,AC,CG,GG,GG,AC,GG,TT,AA,AA,CC,GG,AA,AC,AA,AA,GT,GT,TT,AA,CG,GT,AA,CC,TT,GT,AA,GG,AA,TT,AA,TT,CC,TT,AA,CC,TT,GG,AA,CC,GG,CC,TT,CT,GT,GG,TT,AA,AA,AA,GT,CC,CG,GG,CC,GG,TT,AA,CC,GT,GG,CG,CC,AA,GG,CC,AA,CC,AA,AA,CC,CC,CC,AT,AA,GG,AA,AA,AC,AA,GG,AA,AA,AA,TT,GG,AA,AA,AC,AC,TT,AG,AA,GG,GG,GG,TT,AT,AA,GT,TT,TT,AA,TT,GG,GG,AA,6.78,Moderate,High,Premium,Early
L0383,Mandya,Karnataka,Kharif,Red Loamy,Irrigated (Cauvery command),780,27.0,72,AA,TT,GG,AA,GG,CG,GG,AT,CC,CG,AT,CT,CC,AT,TT,GT,GG,TT,TT,AA,CC,GG,TT,CC,TT,CC,TT,TT,GT,AA,TT,CT,AA,CC,GG,NN,GG,CG,GG,CC,TT,NN,NN,TT,AG,GG,TT,TT,CC,AA,GT,AA,AA,GG,CC,TT,AA,AC,NN,AC,AA,TT,TT,AA,TT,AT,CC,GG,TT,GG,AG,GG,CC,AA,AG,AA,AT,GG,TT,TT,GG,TT,GG,CC,AA,GG,AA,AA,CC,GT,CC,TT,CC,AT,TT,GG,TT,CC,GT,CC,CT,GG,GG,AA,AT,TT,CC,AA,AA,AA,CT,GG,TT,CC,TT,AA,NN,TT,CC,GG,CG,GG,CT,GG,TT,AA,CC,CC,CC,CC,AA,TT,CC,AA,CC,CC,AA,TT,AA,AA,GG,CC,CC,GG,AA,AG,AT,AC,GT,CC,CC,AA,AA,GG,TT,GG,CC,GT,TT,GG,CC,GT,TT,TT,GG,AT,TT,TT,AT,AT,GG,CC,AG,CC,CC,NN,GG,AC,AA,GG,AA,CC,TT,CG,GT,TT,GG,AT,AA,AG,TT,CC,CG,AA,CC,CC,GG,GG,AA,GG,TT,AC,AA,CC,GG,AT,CC,AA,TT,GG,GT,TT,AA,GG,TT,AA,CC,TT,GG,AA,GG,AA,CT,AA,TT,CC,TT,CC,CC,TT,CG,AA,CG,AG,CC,TT,TT,TT,GG,TT,AA,AC,AG,GG,CC,CC,GG,CC,GG,AT,AA,CC,GT,GG,CC,CC,AA,GG,CC,AT,CC,AA,AA,AC,CC,AA,TT,AA,GG,AA,AA,CC,AA,AG,AA,AG,AA,TT,GG,AA,AA,AC,CC,CC,AA,AA,GG,GG,GG,TT,AA,AA,TT,TT,TT,AG,AT,GG,NN,AA,5.68,Susceptible,High,Premium,Early
L0384,Mandya,Karnataka,Kharif,Red Loamy,Irrigated (Cauvery command),780,27.0,72,AA,TT,GG,AA,GG,CC,TT,TT,CC,CC,AA,CT,CC,TT,TT,GT,GG,TT,TT,AG,GG,TT,GT,CT,TT,CC,GT,NN,GG,AA,TT,CC,AA,CC,GG,CG,GG,CG,GG,CC,NN,TT,AA,GT,AA,GG,TT,TT,CC,AC,GG,AA,AA,GG,CC,GT,AA,CC,GT,AC,AA,GT,AT,AG,CT,AT,CC,GG,TT,GG,AA,GT,CC,AA,GG,AA,AA,GG,TT,NN,GG,GG,GG,CC,AA,GG,AA,AA,CG,GT,CC,TT,CT,AT,TT,GG,CT,CC,TT,CC,CT,CC,AG,AG,TT,TT,CC,AA,AG,AC,CC,GG,GT,CC,TT,AA,AA,TT,CG,AG,CG,GG,CC,TT,CT,AA,NN,CC,AC,CC,AA,GT,NN,NN,CC,CC,AA,TT,AA,AA,GG,CT,CC,GG,AG,AA,AA,CC,GT,CG,CC,AA,AA,GG,TT,GG,AC,GT,CT,GG,CC,GT,TT,TT,CC,AA,TT,TT,AT,AT,GG,CG,AA,CC,CC,CC,GG,CC,AA,GG,GG,CC,TT,CC,GG,GT,CC,TT,AA,AG,TT,CC,GG,AC,AC,CC,CG,GG,AA,CG,TT,AC,AA,CC,GT,AA,CC,AA,AA,GG,TT,AT,AT,NN,GT,AT,CC,AT,TT,AA,GG,AA,CT,AA,AT,CC,TT,AA,CC,TT,GG,AG,CG,GG,CC,AT,CC,TT,GG,TT,AC,CC,AG,NN,CG,CC,GG,CC,GG,AA,AA,CC,GT,GG,CC,CG,AA,GG,NN,AA,CG,NN,AA,CC,CG,AC,TT,AA,GG,AA,NN,AC,AA,AG,GG,AA,AA,TT,GG,AA,AA,AC,AA,CT,AA,AA,GG,AG,GG,TT,AA,AA,TT,TT,TT,AA,AT,GG,CG,AC,5.79,Resistant,Low,Premium,Late
L0385,Mandya,Karnataka,Kharif,Red Loamy,Irrigated (Cauvery command),780,27.0,72,AA,TT,GG,AG,CG,CG,TT,TT,CC,CG,AA,TT,CG,TT,TT,GG,CC,TT,TT,AA,CG,TT,GT,CC,TT,CC,GT,TT,GG,AA,CT,CC,AA,CC,GG,GG,GG,CC,GG,CC,TT,CT,AA,TT,AA,AG,NN,TT,CC,AA,GG,AA,AA,GG,CC,TT,AA,AA,TT,CC,AA,TT,AT,AA,TT,TT,CC,GG,TT,GG,AA,GG,CC,AA,GG,AA,AA,GG,GT,TT,GG,GG,GT,CC,AA,GG,AA,AT,CC,GG,AC,TT,CC,AT,TT,GG,CT,CC,TT,CC,CC,CC,AG,NN,TT,TT,CG,AA,AG,AA,CT,GG,TT,CC,TT,CC,AA,AT,CC,GG,CC,GG,CC,GT,NN,AA,CC,CC,CC,CG,AA,TT,CC,AA,CC,CT,AA,TT,AA,TT,GG,CC,CC,GG,AA,AG,AA,CC,NN,CC,CC,AA,AA,GG,TT,GG,AC,NN,TT,GG,AA,GT,GT,NN,CG,AA,TT,TT,AT,TT,GG,CC,AG,CT,CC,CC,GG,CC,AA,GG,AA,CC,TT,CC,GT,GT,GG,TT,AG,AG,TT,CC,CG,AA,AC,CC,GG,GG,AA,GG,TT,AC,AA,CC,GT,AA,CC,AA,AA,GG,TT,AT,AT,CG,NN,AA,CC,TT,TT,AA,GG,AA,TT,AA,TT,CG,CC,AA,CC,CT,GG,AA,CC,AA,AC,TT,CT,GT,GG,TT,AC,CC,AA,GT,CC,CC,GG,CC,GG,AA,AA,CC,GT,GG,CC,CC,AT,AG,CC,AT,CC,AT,AA,CC,CC,AC,AT,AA,GG,AA,AA,AA,AA,AG,AG,AG,AA,TT,GG,CC,AG,AA,AC,TT,AA,AA,CG,GG,GG,TT,AA,AA,TT,TT,TT,AA,TT,GG,GG,AA,7.23,Susceptible,Low,Poor,Late
L0386,Mandya,Karnataka,Kharif,Red Loamy,Irrigated (Cauvery command),780,27.0,72,AA,TT,GG,AA,GG,CC,GG,TT,CC,CG,AT,CC,CC,TT,TT,GT,CG,TT,TT,AA,CC,TT,GT,CC,TT,CC,TT,TT,GG,AA,TT,CC,AA,CC,GG,GG,GG,CC,GG,CC,TT,TT,AA,TT,AA,AA,TT,TT,CC,AC,GG,AA,AA,GG,CC,TT,AA,AA,GT,AC,AA,TT,AA,AA,TT,AT,CC,GG,TT,GG,AA,GG,CC,AA,AG,AC,AA,GG,GT,NN,GG,GG,GT,CC,NN,GG,NN,AT,CC,TT,CC,TT,CT,TT,TT,GG,CT,CC,TT,CC,CC,CG,AG,AA,AT,TT,CC,AA,AG,AA,CT,GG,TT,CC,TT,AA,AA,TT,CC,AG,CC,GG,CC,GG,CT,AA,CC,CC,CC,CC,AA,TT,CC,AC,CC,CC,AA,TT,AA,AT,CC,CT,NN,GG,AG,AG,AA,CC,GG,CC,CC,AA,AA,AG,TT,GG,AA,GT,TT,GG,AA,GT,TT,TT,CG,AA,TT,NN,AA,AT,GG,CC,AA,CT,CC,CC,GG,CC,AA,GG,AA,CC,TT,CG,GT,TT,CG,AT,AA,AA,TT,AC,GG,AA,AC,CC,GG,GG,AC,CG,TT,AA,AG,CC,GG,NN,AA,AA,AA,GT,TT,AA,AT,CG,TT,AA,CC,AT,GT,AA,GG,AA,TT,AA,TT,CC,TT,AC,CC,CT,GG,AG,CG,AG,AC,TT,TT,TT,GG,TT,AC,AA,AA,GG,CC,CC,GG,CC,GG,AA,AA,CC,GG,GG,CC,CG,AA,GG,CG,AT,CG,AA,AA,AC,CG,CC,NN,AA,GG,AT,AA,AA,AA,GG,AG,AA,AA,TT,GG,AA,AG,AC,AA,TT,AA,AG,GG,GG,CG,TT,AT,AG,TT,TT,TT,AG,TT,GG,GG,AA,4.12,Susceptible,Low,Poor,Late
L0387,Mandya,Karnataka,Kharif,Red Loamy,Irrigated (Cauvery command),780,27.0,72,AA,TT,GG,AG,GG,CC,GG,TT,CC,CG,AT,CC,CC,TT,TT,GG,CG,TT,NN,AA,CC,TT,GG,CC,TT,CC,TT,TT,GG,AA,CT,CC,AA,CC,GG,CG,GG,CC,GG,CC,TT,TT,AA,GT,AA,GG,TT,TT,CC,CC,GG,AA,AA,GG,NN,TT,AA,AA,GT,AC,AA,TT,AA,AA,TT,AT,CC,GG,TT,GG,AG,GG,CC,AA,GG,AA,AT,GG,TT,TT,GG,GG,GT,CC,AT,GG,AA,TT,CC,GG,CC,TT,NN,AT,GG,GG,CT,CC,TT,CT,CC,CC,AG,AA,TT,TT,CC,AG,AG,AA,CC,GG,TT,CC,TT,AA,AA,TT,CG,AA,CC,AG,CC,GT,TT,AA,CC,CC,CC,CC,AA,GT,CC,AA,CC,CC,AA,TT,AG,AA,GG,CT,CC,AG,AA,AA,AA,CC,GT,CC,CC,AA,AA,GG,TT,AG,AA,GT,TT,GG,CC,GT,TT,TT,CC,AA,GT,TT,AT,AT,GG,CC,AG,CC,CC,CC,GG,NN,AA,GG,AG,AC,TT,CC,GG,GT,CG,TT,AA,AA,TT,CC,GG,AA,CC,CC,GG,GG,AA,GG,TT,AA,AA,CC,GG,AA,CC,AA,AA,GG,GT,TT,AT,GG,GG,AA,CC,AT,GT,AA,GG,AA,TT,AA,TT,CC,CT,AC,NN,TT,GG,NN,GG,AG,CC,TT,TT,GG,GG,TT,AA,AC,AA,GG,CC,GG,GG,CC,GG,AT,AA,CC,TT,GG,CC,CC,TT,GG,NN,AA,CG,AA,AA,CC,CC,CC,TT,AA,CG,AA,AC,AA,AA,AA,AA,AA,AA,AT,GG,CC,AG,AA,AC,CT,AA,AG,GG,GG,GG,TT,AA,AA,GT,TT,TT,AA,TT,GG,GG,AA,6.1,Susceptible,Medium,Premium,Medium
L0388,Mandya,Karnataka,Kharif,Red Loamy,Irrigated (Cauvery command),780,27.0,72,AC,TT,AG,AG,GG,CC,GG,TT,CC,CC,AA,CC,CC,TT,TT,GG,CC,TT,TT,AA,CG,TT,GT,CC,TT,CC,GT,TT,GT,AA,TT,CT,AA,CC,GG,CG,GG,CC,GG,CC,TT,TT,AA,TT,AA,GG,TT,TT,CC,CC,GT,AA,AA,GG,CT,TT,AA,AC,GT,AA,AG,TT,TT,AA,CT,TT,CC,GG,TT,GG,AG,GG,CC,AA,AG,AC,TT,GG,NN,TT,GG,GG,GT,CC,AA,GG,AA,AA,CC,GT,CC,TT,CC,TT,GT,GG,CC,CC,TT,CT,CC,CG,AG,AA,AT,TT,CG,AA,AG,AC,TT,GG,TT,CG,GT,AC,AA,TT,CC,AG,CG,GG,CC,TT,CT,AA,CC,NN,CC,CC,AA,TT,CC,AA,CC,CC,AA,TT,AA,AA,GG,CT,CC,GG,AA,AA,AA,CC,TT,CG,CC,NN,AG,AG,TT,GG,AC,GT,NN,GG,CC,TT,TT,TT,CG,AA,TT,TT,AA,TT,GG,CG,AA,CC,CC,CC,CG,CC,AA,GG,GG,CC,TT,CC,GT,TT,CG,TT,AA,AG,TT,AC,CG,AC,NN,CC,GG,AA,AC,GG,TT,AC,AA,CC,GG,AA,AC,AA,AT,GT,GT,AA,AA,GG,GT,AT,CC,TT,TT,AA,GG,AA,CT,AA,TT,CC,CT,AA,AC,CC,GG,GG,CC,AA,CC,TT,CT,TT,GG,TT,AA,CC,AA,GG,CC,CC,GG,CC,GG,AA,AA,CC,TT,GG,CC,CG,AA,GG,CC,AT,CC,AA,AA,CC,CC,CC,AT,AA,GG,AA,AA,AA,AA,AG,AG,AA,AA,TT,GG,AA,AA,AC,AC,CC,AA,AG,GG,GG,CG,TT,AA,AA,TT,TT,TT,AG,AA,GG,CG,AA,8.88,Susceptible,Low,Premium,Late
L0389,Mandya,Karnataka,Kharif,Red Loamy,Irrigated (Cauvery command),780,27.0,72,AA,CT,GG,AA,GG,CC,GG,NN,CC,CG,AA,CC,CC,AT,GT,GT,CG,TT,TT,AG,NN,TT,TT,CT,TT,CC,TT,AT,GG,AA,CT,CC,NN,CC,GG,GG,GG,CC,GG,CC,TT,CC,AC,TT,AA,GG,TT,TT,CC,CC,GG,AT,AG,GG,CC,GT,AA,AC,TT,AA,AA,TT,TT,AA,TT,TT,CC,GG,TT,GG,AG,GT,CC,AA,GG,AA,AA,GG,TT,CT,GG,GG,GT,CC,AA,GG,AA,AA,CC,GT,AC,TT,CT,TT,GT,AG,CT,AA,GT,CC,CT,CG,AG,AA,TT,TT,CC,AA,GG,AC,CT,GG,TT,CC,TT,AC,AA,TT,CC,AG,CC,GG,CC,GG,CT,AA,CC,CC,AC,CC,AA,TT,CC,AA,CC,CC,AA,TT,AA,AT,GG,CC,CC,AG,AA,GG,AA,CC,GG,CC,CC,AA,AG,GG,NN,AG,AA,GT,CT,GG,CC,TT,GT,CT,CG,TT,GT,TT,AT,TT,GG,CC,AG,CT,CC,CC,CG,CC,AA,GG,AG,CC,TT,CG,GG,TT,CG,AT,AA,AG,TT,CC,CG,AA,CC,CC,GG,GG,AC,GG,TT,AA,AA,CC,GG,AA,CC,AA,AT,GG,TT,AT,AA,CG,GT,AT,CC,AA,TT,AA,GG,AG,CC,AA,TT,CC,TT,AC,CC,CT,CG,AA,CC,GG,CC,TT,CT,TT,GG,AT,AA,AC,AA,GG,CC,CG,GG,CC,GG,TT,AA,CC,TT,GG,CC,CG,AT,GG,CC,AT,CC,AA,AA,CC,CG,AC,AT,AA,GG,AA,AA,AC,AA,AA,AA,NN,AA,TT,GG,AA,AA,AC,AC,CC,AA,AA,GG,GG,GG,TT,AA,AG,TT,TT,TT,AA,AT,GG,CG,AA,8.63,Resistant,High,Premium,Early
L0390,Mandya,Karnataka,Kharif,Red Loamy,Irrigated (Cauvery command),780,27.0,72,AC,CT,GG,NN,GG,CC,GG,TT,CC,CC,AT,NN,CG,TT,GT,GT,CC,TT,AT,AA,CC,TT,TT,CC,AT,CC,GT,TT,GG,AA,TT,CC,AA,CC,GG,GG,GG,CC,GG,CC,TT,CT,AA,GT,AA,AG,TT,TT,CC,AA,GT,AA,AA,GG,CC,TT,AA,AA,GT,AA,AG,TT,NN,AG,TT,AT,CC,GG,TT,GT,AA,GT,CC,AA,AG,AC,AT,AG,TT,TT,GG,GG,GT,CC,AT,AG,AA,AA,CC,GT,CC,TT,CC,TT,GT,AG,TT,CC,TT,CC,CC,CC,GG,AA,AT,GT,CC,AA,AA,AC,TT,GG,TT,CC,TT,NN,AC,TT,CC,GG,CC,AG,CC,GG,TT,AA,CT,CC,CC,CC,AA,TT,CC,AA,CC,CT,AG,TT,AA,AT,GG,CC,CC,GG,AA,AG,AA,CC,GT,CC,CC,AA,AA,AG,TT,GG,AC,TT,TT,GG,CC,GT,TT,TT,GG,TT,TT,TT,AT,AT,CG,CC,AA,CT,CC,CC,CG,CC,AA,GG,GG,CC,TT,CC,GT,GT,GG,AT,AA,AA,TT,CC,GG,AA,CC,CC,GG,GG,NN,GG,TT,AA,AA,CC,GG,AA,CC,AT,AT,GG,TT,TT,AA,GG,GT,AA,CC,TT,GT,AA,GG,AA,TT,AA,TT,CG,TT,AC,AC,TT,CG,AA,CG,AG,AC,TT,CT,TT,GG,TT,AC,AC,AA,GG,CC,CG,GG,CC,GG,TT,AG,CC,TT,GG,CC,CC,AA,GG,CC,AA,CC,AA,AA,AC,CC,AC,TT,AA,GG,AA,AA,AA,AA,AG,AA,AA,AA,AT,GG,AA,AA,CC,AC,CT,AA,AA,GG,GG,GG,TT,AA,AA,GG,TT,TT,AA,TT,GG,GG,AA,5.41,Moderate,High,Poor,Medium
L0391,Mandya,Karnataka,Kharif,Red Loamy,Irrigated (Cauvery command),780,27.0,72,AA,NN,AG,AG,GG,CC,GT,TT,CC,GG,AA,CT,CC,AT,TT,GG,GG,TT,TT,AA,CC,TT,GT,CT,TT,NN,TT,AT,GG,AA,TT,CT,AA,CC,GG,GG,GG,CG,GG,CC,TT,TT,AC,TT,AA,GG,TT,AT,CC,AC,GG,AA,AA,GG,CC,NN,AA,AC,GG,AA,AG,GT,AT,AA,CT,AT,CC,GG,TT,GG,AA,GG,CC,AA,GG,AC,AT,GG,TT,TT,GG,GG,GT,CC,AT,GG,AA,AA,CC,TT,CC,GT,CT,TT,GT,GG,TT,CC,TT,CC,CC,CC,GG,AA,TT,TT,CC,AA,AG,AC,CC,GG,TT,CG,GT,AA,AA,TT,CC,AG,CG,GG,CT,GT,NN,AA,CC,CC,CC,CC,AA,TT,CC,AA,CC,CC,AA,AT,AA,AT,GG,CC,CG,GG,AA,GG,AA,CC,GT,CG,CC,AA,AA,GG,TT,GG,AA,TT,CT,GG,CC,GT,GG,TT,CC,NN,GT,TT,AT,TT,CG,CC,AG,CT,CC,AC,CG,CC,AA,NN,AA,CC,TT,CC,GT,TT,CG,TT,AA,AA,NN,CC,GG,AA,CC,CC,GG,GG,AC,GG,TT,AC,AA,CC,GG,AT,AC,AA,AT,GT,TT,AA,TT,CG,GG,AA,CC,TT,GT,AA,GG,AA,TT,AA,TT,CG,CT,AC,CC,TT,NN,AA,CC,AG,CC,TT,CT,GT,GG,AT,AA,AC,AG,GG,CC,CC,GG,CC,GG,TT,AA,CC,TT,GG,CC,CC,AA,GG,CC,AA,CC,AA,AA,AC,GG,CC,TT,AA,GG,AA,AC,AC,AA,AG,AA,AA,AA,TT,CG,NN,AA,AC,AC,CT,AG,AG,GG,GG,GG,TT,AT,AG,TT,TT,TT,AG,AT,GG,CG,AA,5.81,Susceptible,Medium,Premium,Late
L0392,Mandya,Karnataka,Kharif,Red Loamy,Irrigated (Cauvery command),780,27.0,72,AA,TT,GG,AG,GG,CC,GT,TT,CC,CG,AA,CC,CC,TT,TT,GG,GG,TT,AT,AA,CC,GT,TT,CC,TT,CC,TT,TT,GG,AA,TT,CC,AA,CC,GG,CG,GG,CG,GT,CC,TT,CT,AA,GT,NN,AG,TT,AT,CG,CC,GG,AT,AA,GG,CC,GT,AT,AA,GT,AA,AA,TT,TT,AA,CT,NN,CC,GG,TT,GG,AG,GG,CC,AA,AG,CC,AT,GG,TT,TT,GG,GG,GG,CC,AT,GG,AG,AT,CC,GT,AC,TT,CT,TT,NN,GG,TT,CC,TT,CC,TT,GG,GG,AA,AT,TT,CC,AA,AA,AA,CC,GG,TT,CG,GT,AA,AA,AT,CC,AG,CC,GG,CC,GT,TT,AA,CT,CC,NN,CC,AA,TT,AC,AA,CC,CT,AA,TT,AG,AT,GG,CC,CC,GG,AA,AG,AA,AC,GG,CC,NN,AA,AG,GG,NN,GG,AA,TT,CT,AG,AC,GT,TT,TT,NN,AT,TT,TT,AA,AT,CG,CC,AA,CC,CC,CC,GG,AC,AA,GG,GG,CC,TT,CG,GG,GT,CG,AT,AA,AG,TT,AC,GG,AA,CC,CC,GG,GG,AA,GG,TT,AA,AA,NN,GG,AA,CC,AT,TT,GG,TT,TT,TT,GG,GT,AA,CG,TT,GT,AA,GG,AA,TT,AA,TT,CC,TT,AA,CC,TT,CG,AG,CC,GG,CC,TT,TT,GT,GG,TT,AA,CC,AA,GG,CC,CG,GG,CC,GG,TT,AA,CC,TT,GG,CG,CC,AA,GG,CC,AT,CC,AA,AA,AA,CG,CC,TT,AA,GG,AA,AA,AC,AA,AG,AA,AA,AA,TT,GG,AC,AG,AC,AA,CT,AA,AA,GG,GG,GG,TT,AT,AA,GT,TT,TT,AA,TT,GG,GG,AC,7.98,Resistant,Low,Poor,Medium
L0393,Mandya,Karnataka,Kharif,Red Loamy,Irrigated (Cauvery command),780,27.0,72,AA,TT,GG,AG,GG,CC,GG,AT,CC,CG,AA,CC,CC,AT,TT,GG,CG,TT,TT,AA,CC,GT,GT,CT,TT,CC,TT,TT,GG,AA,TT,TT,AG,CC,GG,GG,GG,CG,GG,AC,GT,CT,AA,GT,AA,GG,TT,TT,CC,CC,GG,AT,AA,GG,CT,TT,AA,AC,NN,AA,AG,TT,AT,AG,TT,TT,CC,GG,TT,GG,AA,GG,CC,AA,NN,CC,AA,AG,TT,NN,GG,GT,GG,CC,AA,GG,AA,AA,CC,TT,AC,TT,TT,TT,GT,GG,CT,CC,TT,CC,CC,CG,GG,AA,TT,TT,CC,AA,AG,AC,CC,GG,TT,CC,TT,AC,AA,TT,CC,AG,CC,AG,NN,GG,TT,AG,CC,CC,CC,CG,AA,TT,CC,AA,CC,CT,AA,TT,AA,AA,GG,CC,CC,GG,AA,AA,AA,AC,GG,CC,CC,AA,AG,GG,GT,GG,AC,GT,TT,GG,CC,GT,TT,TT,CG,AA,NN,TT,AT,AT,GG,CC,AA,CT,CC,CC,GG,CC,AA,AG,AG,CC,TT,CC,GG,TT,GG,AT,AA,AG,TT,AC,CG,AA,CC,CC,GG,GG,AA,GG,TT,AA,AA,CC,GG,AA,CC,AT,AT,GG,NN,TT,AT,GG,GT,AT,CG,AT,TT,AA,GG,AA,CT,AA,TT,CC,CT,AA,CC,CT,GG,AG,CC,AA,CC,TT,CC,GT,GG,TT,AA,AA,AG,GG,CC,CG,GG,CC,GG,AT,AA,CC,GT,GG,CG,CC,AA,GG,CC,AA,CG,AA,AG,CC,CC,AC,TT,AA,GG,AA,AC,CC,AA,AG,AA,AA,AA,TT,GG,AA,AA,CC,AA,CC,AA,AG,GG,GG,GG,GT,AA,AA,TT,TT,TT,AA,AT,GG,GG,AA,6.33,Moderate,High,Standard,Early
L0394,Mandya,Karnataka,Kharif,Red Loamy,Irrigated (Cauvery command),780,27.0,72,AC,TT,GG,GG,GG,CC,GG,TT,CC,GG,AA,CT,CC,TT,TT,GG,GG,TT,TT,GG,CC,GT,TT,CC,TT,CC,TT,TT,GG,AA,TT,CT,AA,CC,GG,GG,GG,CC,GG,CC,TT,CT,AA,GT,AG,GG,TT,AT,CC,AC,GG,AA,AA,GG,CC,TT,AA,AA,TT,AA,AG,GT,TT,AG,TT,TT,CC,GG,TT,GG,AG,GG,CC,AA,AG,AA,AA,GG,GT,TT,GG,GG,GG,AC,AA,GG,AA,AT,CC,TT,CC,TT,CC,TT,GG,AG,TT,CC,GT,CT,CC,CC,GG,AA,TT,TT,CC,AA,AG,AC,CT,GG,GT,CG,TT,AA,AA,TT,CC,AG,CC,AA,CC,GT,TT,AA,CC,CC,CC,CC,AA,TT,AC,AA,CC,CC,AA,AT,AA,TT,CG,CT,CC,GG,AA,AA,AA,AC,GT,CC,CC,AG,AA,AG,TT,GG,CC,GT,TT,GG,CC,GT,GT,TT,CC,AT,TT,CT,AA,TT,GG,CC,AG,CT,AC,CC,CG,CC,AA,GG,AA,CC,TT,CG,GT,TT,CG,AT,AA,AA,TT,CC,GG,AA,CC,CC,GG,GG,AC,GG,CT,AA,AA,CC,GT,TT,AC,AA,AT,GG,TT,TT,AT,GG,GT,AA,CC,AT,TT,AA,GG,AA,CT,AC,TT,NN,TT,AC,CC,CT,GG,AA,NN,AG,CC,TT,CT,TT,GG,TT,AA,CC,AA,GG,CC,CC,GG,CC,GG,AT,AA,CC,TT,GG,CG,CC,AA,AG,CG,AA,CC,AT,AA,CC,CC,CC,TT,AA,GG,AA,AA,AC,AA,AG,AA,AA,AA,TT,GG,AA,AG,CC,AC,CT,AG,AA,GG,GG,GG,TT,AA,AG,TT,TT,TT,AG,AA,GG,GG,AA,7.62,Susceptible,High,Premium,Early
L0395,Mandya,Karnataka,Kharif,Red Loamy,Irrigated (Cauvery command),780,27.0,72,AC,NN,GG,AA,GG,CC,GG,TT,CC,CG,AA,CT,CC,TT,TT,GG,GG,TT,TT,AA,CG,TT,TT,CC,TT,CC,TT,AT,GG,AA,TT,CC,AA,CC,GG,CG,GG,CG,GG,CC,TT,CC,AA,TT,AG,AG,TT,TT,CC,AC,GG,AA,AA,GG,CC,TT,AT,AC,GT,AA,AA,TT,TT,GG,TT,AT,CC,GG,TT,GG,AA,GG,CC,AA,GG,AC,AA,AG,TT,TT,GG,GG,GG,CC,AA,GG,AA,AA,CC,TT,CC,TT,CC,TT,TT,GG,CT,CC,GT,CC,CC,CG,GG,AA,TT,TT,CC,AA,GG,AA,CT,GG,TT,CG,GG,AA,AA,TT,CC,GG,CC,GG,CC,GT,CT,AA,CC,CC,CC,CG,AA,TT,AC,AA,CC,CT,AA,TT,AA,AT,GG,CT,CC,GG,AA,AA,AA,CC,GT,CC,CC,AA,AA,AG,TT,GG,AC,TT,CT,GG,CC,TT,GT,TT,CC,AA,GG,CT,AA,TT,GG,CC,AA,CT,CC,CC,CG,CC,AA,GG,AG,CC,TT,CC,GT,TT,CG,TT,AA,AA,TT,CC,GG,AA,AC,CC,GG,AG,CC,GG,TT,AA,AA,CC,GG,AA,AC,AA,AT,GG,TT,AT,AT,GG,GG,AT,CC,AT,TT,AA,GG,AA,TT,AA,TT,CC,TT,AA,CC,CT,GG,AA,CC,AA,AC,TT,TT,GT,GG,TT,CC,CC,AA,GG,CC,CG,GG,CC,GG,NN,AA,CC,GT,GG,CC,CG,AA,GG,CC,NN,CC,AA,AG,AC,CG,AC,TT,AA,GG,AA,AA,CC,AA,GG,AA,AA,AA,AT,GG,AC,AG,CC,AC,TT,AA,AA,GG,GG,CG,TT,AA,AA,TT,AT,TT,AA,AT,GG,CG,AA,8.34,Susceptible,High,Premium,Late
L0396,Mandya,Karnataka,Kharif,Red Loamy,Irrigated (Cauvery command),780,27.0,72,AA,CT,GG,AG,GG,CC,GG,AT,CC,CG,AA,CC,CC,TT,TT,GG,CG,TT,TT,AG,CC,GT,TT,CC,TT,CC,GT,AT,GG,AA,NN,CT,AA,CC,GG,GG,GG,CG,GG,CC,TT,TT,AA,TT,AA,GG,CT,TT,CC,AC,GG,AT,AA,GG,CC,GT,AA,AA,GT,AA,AA,TT,AT,AG,TT,AA,CC,GT,TT,GT,AA,GT,CC,AA,AG,AA,TT,GG,TT,TT,GG,GG,GT,CC,AA,GG,AG,AA,CC,GT,CC,TT,CC,TT,GT,GG,CT,CC,TT,CT,CT,CC,AA,AA,TT,TT,CC,AA,AG,AC,TT,GG,TT,CC,GT,AA,AA,TT,CC,GG,CG,GG,CC,GT,TT,AA,CC,CC,CC,CC,AA,TT,CC,AA,CC,CC,AA,TT,AA,AA,GG,CT,CC,GG,GG,AG,AA,CC,GT,CC,CC,AA,GG,AG,TT,GG,AC,TT,CT,AG,CC,TT,GG,CT,CC,NN,GT,CT,AA,NN,GG,CC,AG,TT,CC,CC,CG,CC,AA,AG,AA,CC,TT,CG,GG,TT,GG,AT,AA,AA,TT,CC,GG,AC,CC,CC,GG,GG,AA,GG,TT,AC,AA,CC,GG,AA,CC,AA,AA,GG,TT,TT,AA,CC,GT,AT,CG,TT,GT,AA,GG,AA,CC,AA,TT,CC,TT,AA,AC,CT,CG,AG,CC,AA,AC,AT,TT,GG,GG,NN,AA,CC,AG,GT,CC,GG,GG,CC,GG,AT,AG,CG,TT,GG,CC,CC,AA,AG,CC,AA,CC,AA,AA,NN,CC,AC,TT,AA,GG,AA,AA,AC,AA,GG,AG,AG,AA,TT,GG,AA,GG,AC,AA,NN,AA,AA,GG,GG,GG,TT,AT,AA,TT,TT,TT,AA,AT,GG,GG,AA,7.24,Susceptible,High,Premium,Late
L0397,Mandya,Karnataka,Kharif,Red Loamy,Irrigated (Cauvery command),780,27.0,72,AC,CT,AG,AG,GG,CC,GG,TT,CC,CC,AA,CT,CG,AT,GT,GT,CG,TT,TT,AG,CG,NN,GG,CC,AT,CC,TT,TT,GG,AA,TT,CC,AA,CC,GG,CG,GG,CG,GG,CC,TT,CT,AA,GT,AA,AG,TT,TT,CC,AA,GG,AT,AA,GG,CC,GG,AT,AA,GG,AC,AA,TT,TT,AA,TT,TT,CC,GG,NN,GT,AA,GG,CC,AA,GG,AA,TT,GG,TT,TT,GG,GT,TT,CC,AA,GG,AA,AT,CC,TT,CC,TT,CT,AT,GG,GG,TT,CC,TT,CT,CC,CC,AG,AA,TT,GT,CG,AG,AG,AA,CC,GG,TT,CC,TT,AA,AC,TT,CC,GG,CC,GG,CC,GT,TT,AG,CC,CC,CC,CC,AA,TT,CC,AA,CC,CC,AA,AT,AA,AT,GG,TT,CC,GG,AA,AA,AA,CC,TT,CC,CC,AA,AA,GG,GT,GG,AA,TT,CT,GG,CC,GT,TT,TT,CC,AA,TT,TT,AT,TT,GG,CC,AA,CC,CC,CC,CG,CC,AA,GG,AA,CC,TT,CC,GG,TT,GG,TT,AG,GG,TT,CC,CG,AC,CC,CC,GG,AG,AC,GG,TT,NN,AA,CC,GG,AA,AC,AA,AT,GG,TT,TT,AT,GG,GT,AT,CG,AA,GG,AA,AG,AA,TT,AA,TT,CC,CT,AC,CC,TT,CG,GG,CC,AA,CC,TT,CT,TT,GG,TT,AA,CC,AG,GG,CC,CG,NN,CC,GG,AT,AA,CC,TT,GG,CC,CC,AT,AG,CC,AT,CG,AA,AA,AC,CC,AC,TT,AA,GG,AA,AA,AA,AA,GG,AG,AA,AA,AT,GG,AA,AA,CC,AA,CT,AA,AA,GG,GG,GG,GT,AT,AG,TT,TT,TT,AA,TT,GG,GG,AA,8.44,Susceptible,Medium,Standard,Medium
L0398,Mandya,Karnataka,Kharif,Red Loamy,Irrigated (Cauvery command),780,27.0,72,AC,CT,AG,AA,GG,CC,GG,TT,CC,CG,AA,CC,GG,TT,TT,GG,GG,TT,TT,AA,CG,TT,GT,CC,NN,CT,TT,TT,GG,AA,CT,CC,AA,CC,GG,GG,GG,CC,GG,CC,TT,NN,AA,GT,AA,GG,TT,TT,CG,AC,GG,TT,AA,NN,CC,GT,AA,AC,GG,AC,AA,GT,AA,AA,TT,AT,CC,GG,TT,GG,AA,GG,CC,AA,GG,AA,AA,GG,TT,TT,GG,GG,GG,CC,AA,GG,AA,AA,CC,GT,CC,TT,CC,TT,GT,GG,TT,CC,GT,CC,CC,NN,GG,AA,TT,TT,CC,AA,AG,AA,CC,GG,TT,CG,GT,AA,AA,AT,CC,GG,CC,AA,CC,GG,TT,AA,CC,CC,CC,CC,AA,TT,AC,AA,CC,CC,AA,TT,AA,AT,GG,CC,CG,GG,AA,NN,AA,CC,GG,CC,CC,AA,AA,AG,TT,GG,AA,TT,CT,GG,CC,TT,NN,TT,GG,AT,TT,CC,AA,NN,GG,CC,AA,CT,CC,CC,GG,CC,AA,GG,AA,CC,TT,NN,GT,NN,GG,AA,AA,AA,TT,AC,CG,AC,AC,CC,GG,GG,AA,CG,TT,AC,AA,CC,GG,AA,AC,AA,AA,GG,TT,AT,AT,GG,TT,AA,GG,TT,GT,AA,GG,AA,CT,AA,TT,CC,TT,AC,CC,TT,GG,NN,CG,AG,CC,TT,CT,NN,GG,TT,AA,AC,AA,GG,CC,CG,GG,CC,GG,TT,AG,CC,TT,GG,CC,CC,AA,GG,CC,AT,CC,AA,AA,AC,CC,AC,AT,AA,GG,AA,AA,AC,AA,GG,AA,AA,AA,AT,GG,AC,GG,AC,AC,TT,AA,AA,GG,GG,GG,TT,AA,AG,TT,TT,TT,AG,TT,GG,GG,CC,7.18,Resistant,Medium,Standard,Early
L0399,Mandya,Karnataka,Kharif,Red Loamy,Irrigated (Cauvery command),780,27.0,72,AA,NN,GG,AA,GG,CC,TT,TT,CC,CC,AA,CT,CG,AT,TT,GG,GG,TT,TT,AG,CC,TT,GT,NN,TT,CC,TT,TT,GG,AA,TT,CT,AA,CC,AG,GG,GG,CG,GG,CC,TT,CT,AA,GT,AG,AG,TT,AT,CC,CC,GG,AA,AA,GG,CT,TT,AA,AA,TT,AC,AG,GT,AT,AA,CT,TT,CC,GG,TT,GT,AA,GG,CC,AA,AG,NN,AT,NN,TT,TT,GG,TT,GT,CC,AT,GG,AA,AA,CG,GT,CC,TT,CC,TT,TT,GG,TT,CC,GT,CC,CT,CC,AG,AA,AT,TT,CC,AA,AA,AA,CC,GG,TT,CG,TT,AC,AA,TT,CC,AG,CC,GG,CC,GG,TT,GG,CT,CC,CC,CC,NN,TT,CC,AA,CC,CC,AA,TT,AG,AT,GG,CC,CC,GG,AA,AA,AA,NN,GT,CC,CC,AA,AA,GG,TT,GG,AC,TT,CT,GG,AC,TT,GT,TT,CG,TT,GT,TT,AT,TT,CG,CC,AG,CT,CC,CC,CG,CC,AA,GG,AG,CC,TT,CC,GG,TT,CG,AT,AA,AA,TT,CC,GG,AA,CC,CG,GG,GG,AA,GG,TT,NN,AG,CG,GG,AA,CC,AA,AA,TT,TT,TT,AA,GG,GT,AA,CC,AA,TT,AA,GG,AA,TT,AA,TT,CC,TT,AA,CC,CT,GG,AG,CG,AG,CC,TT,TT,TT,GG,TT,AA,CC,AG,GG,CC,CG,GG,CC,GG,AT,AG,CG,GT,GG,CC,CC,AT,AG,CG,AT,CG,AA,AA,CC,CC,AA,TT,AA,GG,AA,AA,AC,AA,AG,AA,GG,AA,AT,GG,AA,AG,AC,AC,CT,AA,AA,GG,GG,GG,GT,AT,AA,TT,TT,TT,AG,TT,GG,GG,AA,6.48,Susceptible,High,Poor,Early
L0400,Mandya,Karnataka,Kharif,Red Loamy,Irrigated (Cauvery command),780,27.0,72,CC,TT,GG,GG,CG,CC,GG,TT,CC,CC,AA,CC,CC,TT,GT,GT,GG,TT,TT,AA,CC,TT,TT,CT,TT,CC,TT,TT,GG,AA,TT,CC,AA,CC,GG,GG,GT,CC,GG,CC,TT,CT,AA,GT,AG,AG,TT,TT,CC,AC,GT,AA,AG,GG,CC,TT,AA,NN,GT,AC,AA,NN,AT,AA,TT,TT,CT,GG,CT,GG,AA,GT,CC,AA,GG,AC,AA,GG,TT,TT,GG,GG,GG,CC,AA,GG,AA,AA,CC,GT,CC,TT,CC,TT,GT,AG,TT,CC,GT,CC,CC,CC,AG,AA,TT,TT,CC,AA,AA,AA,CT,GG,TT,CG,TT,AA,AA,TT,CG,GG,CC,NN,CC,GT,CT,AA,CC,CC,CC,CC,AG,TT,CC,AA,CC,CC,AA,TT,AA,AA,GG,CC,CC,GG,AA,AG,AA,CC,GT,CG,CC,AA,AG,GG,TT,GG,CC,TT,TT,GG,AC,TT,TT,TT,CC,AA,GT,CT,AA,TT,GG,CC,AG,TT,CC,CC,CG,CC,AA,AG,AG,CC,TT,CC,TT,GT,GG,AT,AA,GG,TT,CC,CG,AA,CC,CC,GG,GG,AA,GG,TT,AC,AA,CG,GG,AA,CC,AA,AT,GT,TT,TT,AA,CC,GT,AT,CC,AT,TT,AA,GG,AA,TT,AA,TT,CG,CT,AA,CC,CT,GG,AG,CG,NN,CC,TT,TT,GT,GG,TT,AA,CC,AG,GG,CC,CC,GG,CC,GG,AT,AA,CC,TT,GG,CG,CC,AT,GG,CG,AA,CG,AA,AA,CC,GG,AA,TT,AA,GG,AA,AA,AA,AC,GG,AG,AA,AG,TT,GG,AA,AG,AC,AA,TT,AA,AA,GG,GG,GG,TT,AA,AA,TT,TT,TT,AA,AT,GG,GG,AA,7.25,Susceptible,Medium,Poor,Early
L0401,Mandya,Karnataka,Kharif,Red Loamy,Irrigated (Cauvery command),780,27.0,72,AA,TT,GG,AG,GG,CC,GT,TT,CC,CG,AA,CC,CC,AT,TT,GT,GG,TT,TT,AA,CC,GT,GG,CT,NN,CC,TT,TT,GT,AA,TT,CC,AA,CC,GG,GG,GG,CC,GG,CC,TT,TT,AA,TT,AA,GG,CT,AT,CC,AC,GT,AA,AA,CG,CT,TT,AA,AA,GT,AC,AA,TT,TT,AG,TT,TT,CC,GG,TT,GG,AA,GG,CC,AA,GG,CC,AA,GG,NN,TT,GG,GG,GT,CC,AT,GG,AA,AA,CC,GT,CC,TT,CC,TT,TT,GG,CT,CC,GG,TT,CT,GG,AA,AA,AT,TT,CC,AA,GG,AA,CT,GG,TT,CC,TT,AA,AA,AT,CC,GG,CC,GG,CC,GG,CT,AA,CC,CC,CC,CG,AA,TT,CC,AA,CC,CC,AA,TT,AA,AT,GG,CC,CC,GG,AA,AA,AA,CC,GT,CC,CC,AA,AG,AG,TT,GG,AA,TT,TT,GG,AC,TT,GT,NN,CG,AT,TT,TT,AT,AT,GG,CG,AA,CT,CC,CC,CG,CC,AA,AG,AG,CC,TT,CC,GG,TT,CG,AT,AA,AA,TT,AC,CG,AA,AC,CC,CG,GG,AC,GG,TT,AC,AA,CG,GG,AA,CC,AA,AT,GG,TT,AT,AA,GG,GT,AA,CC,AT,GT,AA,GG,AA,CT,AA,TT,CG,TT,AC,CC,NN,CG,NN,CC,AA,CC,TT,TT,GT,NN,TT,AA,CC,AA,GG,CC,CC,GG,CC,GG,TT,AA,NN,TT,GG,CC,CC,AT,GG,CC,AA,CC,AA,AA,CC,CG,AC,TT,AA,GG,AA,AC,AA,AA,GG,GG,AG,AG,TT,CG,AA,AG,AC,AC,TT,AA,AA,GG,GG,CG,TT,AA,NN,TT,TT,TT,AG,AT,GG,GG,AA,8.45,Susceptible,Medium,Premium,Early
L0402,Mandya,Karnataka,Kharif,Red Loamy,Irrigated (Cauvery command),780,27.0,72,AA,TT,GG,AG,GG,CC,GG,TT,CC,CC,NN,CC,CG,AT,TT,GG,GG,TT,TT,AG,CC,GT,GG,CC,TT,CC,TT,TT,GG,AA,TT,CC,AA,CC,GG,GG,GG,CC,GG,CC,GT,TT,AA,TT,AG,AG,TT,TT,CC,AA,GG,AA,AG,GG,CT,GT,AA,AA,GT,AC,AG,TT,AT,AG,TT,AA,CC,GG,TT,TT,AA,GG,CC,AA,GG,AA,AA,GG,TT,TT,GG,GT,GG,CC,AA,AG,AA,AA,CC,TT,AC,TT,CC,TT,GT,GG,TT,CC,GT,CC,CT,CG,AG,AA,AT,TT,CC,AA,AA,AA,CT,GG,TT,CC,GT,AA,AA,TT,CC,AG,CG,GG,CC,GT,TT,AA,CC,CC,CC,CC,AA,TT,CC,AA,NN,CC,AA,TT,AA,AA,GG,CC,CC,GG,AA,AG,AA,CC,GG,CC,GG,AA,AG,GG,GT,GG,AC,NN,CC,AG,AC,GT,TT,CT,CC,AA,TT,TT,AA,TT,NN,CC,AA,CC,CC,CC,CG,CC,AA,GG,AA,CC,TT,CC,GT,TT,GG,AT,AA,AG,TT,CC,CC,AC,CC,CC,GG,GG,AA,GG,TT,CC,AA,CC,GG,AA,CC,AA,AA,GT,TT,AT,AA,GG,GT,AA,CG,TT,GG,AA,AG,AA,CT,AA,TT,CC,TT,CC,CC,TT,CG,NN,CG,AG,CC,TT,TT,NN,GG,TT,AC,AC,AA,GG,CC,CC,GG,CC,GG,AA,AA,CC,GT,GG,CC,CC,AA,AG,CG,AA,CC,AA,AA,AC,CG,AA,TT,AA,GG,AA,AC,AC,AA,GG,AG,AA,AG,AT,GG,AA,AG,CC,AA,TT,AA,AA,GG,GG,NN,TT,AT,AG,GT,TT,TT,AA,TT,GG,CG,AC,7.48,Resistant,Medium,Poor,Medium
L0403,Mandya,Karnataka,Kharif,Red Loamy,Irrigated (Cauvery command),780,27.0,72,AC,TT,GG,AG,GG,CC,GG,TT,CG,CG,AA,CC,CC,TT,TT,GG,GG,TT,TT,AA,CG,TT,NN,CC,TT,CC,TT,TT,GG,AA,TT,CC,AG,CC,GG,GG,GG,CC,GG,CC,TT,CT,AA,TT,AA,AG,TT,TT,CC,CC,GG,AA,AG,GG,CC,NN,AT,AA,GG,AA,AG,TT,AT,AA,TT,TT,CC,GG,TT,GT,AA,GG,CC,AA,AA,AC,AA,GG,TT,TT,GG,GG,GG,CC,AA,GG,AA,AA,CC,GT,CC,TT,CC,TT,GT,GG,TT,CC,GT,CC,CC,CG,AG,AA,AT,TT,CG,AA,AA,AA,CC,GG,TT,CC,TT,AA,AA,TT,CC,AG,CC,GG,CT,GG,TT,AA,CT,CC,CC,CC,NN,TT,AC,AA,CC,CC,NN,TT,AA,AT,GG,CC,CC,GG,AA,AG,AA,CC,GG,CC,CC,AA,AG,GG,TT,GG,NN,TT,CT,AG,CC,GT,GT,TT,CC,AA,TT,TT,NN,AT,GG,CC,GG,CT,CC,CC,GG,CC,AA,GG,AA,CC,TT,CC,GT,TT,CG,AT,AA,AA,TT,CC,GG,AA,CC,CC,GG,GG,AC,CG,TT,AC,AA,CC,GG,AA,AA,AA,AA,GG,TT,AT,AA,GG,GT,AA,CG,TT,GT,AA,GG,AA,CT,AA,TT,CC,TT,AC,CC,TT,GG,AG,CC,AG,CC,TT,TT,GT,GG,TT,AA,AC,AA,GG,CC,CG,GG,CC,GG,AA,AG,CC,TT,GG,CC,CG,AA,GG,CC,TT,CC,AT,AA,AC,GG,CC,TT,AA,GG,AA,AA,AA,AA,GG,AG,AG,AA,TT,GG,AA,AG,AC,AC,CC,AA,AA,GG,GG,GG,TT,AA,AA,GT,TT,AT,AG,TT,GG,GG,AC,6.04,Resistant,High,Standard,Early
L0404,Mandya,Karnataka,Kharif,Red Loamy,Irrigated (Cauvery command),780,27.0,72,AA,TT,GG,AG,GG,CC,GG,TT,CC,CC,AT,CT,CG,AT,TT,GT,CG,TT,TT,AG,CG,GT,GT,CC,TT,CT,GT,AT,GG,AA,TT,CT,AA,CC,GG,GG,GG,GG,GG,CC,TT,CC,AA,TT,AG,GG,TT,TT,CC,AC,GG,AA,AG,GG,CC,TT,AT,AA,GT,AC,AA,TT,AT,GG,TT,AT,CC,GG,TT,GG,AG,GG,CC,AA,AG,AC,AT,AG,GG,TT,GG,GG,GG,CC,TT,GG,AA,AA,CC,GT,AC,TT,CC,TT,TT,GG,TT,CC,GT,CC,CC,CC,GG,AG,TT,TT,CG,AA,AG,AA,CC,GG,TT,CC,GT,CC,AA,TT,CC,AG,GG,GG,CC,GG,TT,AA,CC,CC,AC,CC,AA,TT,CC,AA,CC,CC,AA,AT,AA,AT,GG,NN,CG,GG,AA,AA,TT,CC,GT,CC,CC,AG,AA,AG,TT,GG,AC,TT,TT,AG,AC,TT,TT,TT,CC,TT,TT,CT,AA,NN,GG,CG,GG,CT,CC,AC,CG,CC,AA,GG,AA,CC,TT,CC,GT,GT,GG,AA,AA,AA,TT,CC,CG,AC,CC,CC,GG,GG,AA,GG,TT,CC,AG,CG,GG,AA,CC,AA,AT,GG,TT,TT,AA,CG,GG,AA,CC,TT,GT,AA,GG,AA,CT,AC,TT,CC,TT,AC,AC,TT,CG,AA,CC,AG,CC,TT,CC,TT,GG,TT,AC,AA,AA,GG,CC,CG,GG,CG,GG,TT,AA,CC,GT,GG,CG,CG,AT,NN,CG,AA,CC,AA,AA,CC,CG,AC,TT,AG,GG,AA,AA,AC,AA,AA,AG,AG,AA,TT,GG,AA,AA,AC,AA,CT,AA,AA,GG,GG,GG,TT,AA,AG,TT,TT,TT,AG,TT,GG,GG,AA,5.31,Susceptible,High,Poor,Late
L0405,Mandya,Karnataka,Kharif,Red Loamy,Irrigated (Cauvery command),780,27.0,72,AA,TT,NN,GG,GG,CC,GT,AA,CC,CG,AA,CC,CC,TT,GT,GT,GG,TT,TT,AA,CC,TT,GG,CT,TT,CC,GT,TT,GG,AA,TT,CC,AA,CC,GG,GG,GG,CG,GG,CC,TT,TT,AC,TT,AA,AG,TT,TT,CC,AC,GT,AT,AA,GG,CC,TT,NN,AA,TT,AA,AA,GT,AT,AA,TT,AT,CC,GG,TT,GT,AA,GG,CC,AA,GG,AA,AA,GG,TT,TT,AG,GG,GG,CC,AA,GG,AA,AA,CC,GT,AC,TT,CT,TT,GT,GG,CT,CC,GT,NN,CC,CC,AA,AA,AT,TT,CC,AA,AA,NN,CT,GG,GT,CG,GT,AA,AA,TT,CG,GG,CC,AG,CC,GT,CT,AG,CC,CC,CC,CC,AA,TT,CC,AA,CC,CC,AA,TT,AG,AA,GG,CC,CC,GG,AG,AG,AT,CC,GT,CG,CC,AA,AA,GG,TT,AG,AA,GT,CT,AG,AA,TT,TT,TT,CC,AA,TT,TT,AT,TT,NN,CG,AA,TT,CC,CC,GG,CC,AA,GG,AA,CC,TT,CC,GG,GT,GG,AT,AA,AA,TT,CC,GG,AA,CC,CC,GG,GG,AA,GG,TT,AA,AG,CC,GG,AA,AC,AT,AA,GG,TT,TT,AA,CG,TT,AA,CG,AT,GT,AA,GG,AA,CT,AA,TT,CC,TT,AA,CC,TT,CC,AA,CC,AG,AA,TT,CT,TT,GG,TT,AC,AC,AG,GG,CG,GG,GG,CC,GG,AA,AA,CC,TT,AG,CG,CC,AA,GG,CC,AA,CC,AT,AA,CC,CG,AA,TT,AA,GG,AA,AC,AA,AA,AA,AA,AA,AA,TT,GG,AA,AA,AC,AA,TT,AG,AG,NN,GG,GG,TT,AA,AA,GT,TT,TT,AA,TT,GG,GG,AA,5.36,Susceptible,High,Poor,Late
L0406,Mandya,Karnataka,Kharif,Red Loamy,Irrigated (Cauvery command),780,27.0,72,AC,CT,GG,AG,GG,CC,GG,TT,CG,GG,AA,CC,CC,TT,TT,GG,GG,TT,TT,AA,CG,TT,TT,CC,TT,CC,TT,TT,GG,AC,TT,CC,AA,CC,GG,CG,GG,CG,GG,CC,TT,CT,AA,TT,AA,GG,TT,TT,CC,AC,GT,AA,AG,CG,CC,GT,AA,AA,GT,AC,AA,TT,AA,AG,TT,AT,CC,GG,TT,GT,AG,GG,CC,AA,AG,AA,AT,GG,TT,TT,GG,GG,GT,CC,AA,GG,AA,AA,CG,GT,CC,GT,CT,AT,GG,GG,CT,CC,GT,CC,CC,CG,GG,AG,TT,GT,CC,AG,AG,AC,CT,GG,TT,CC,TT,AA,AA,TT,CC,GG,CC,GG,CC,GG,TT,AA,CC,CC,CC,CC,AA,GT,CC,AA,CC,CC,AA,TT,AA,AA,GG,CC,CC,GG,AA,GG,AA,CC,GT,CC,CC,AA,AA,GG,TT,GG,AC,GT,CT,GG,CC,GT,GT,TT,CC,NN,TT,TT,AA,AT,GG,CC,AG,CT,CC,CC,GG,CC,AA,GG,AG,CC,TT,CG,NN,TT,GG,AT,AA,AA,TT,CC,NN,AC,CC,CC,GG,GG,AC,CG,NN,AA,AA,CG,GG,AA,CC,AA,TT,GT,TT,TT,AT,GG,GG,AA,CC,AT,GT,AA,GG,AA,CT,AA,TT,CC,TT,AC,AC,CT,GG,AG,CC,AG,CC,TT,TT,TT,GG,TT,AA,CC,AA,GG,CG,CC,GG,CC,GG,TT,AA,CG,TT,GG,CC,NN,AA,AG,GG,AA,CC,AT,AG,AC,CC,CC,TT,AA,GG,AA,AC,AC,AA,AA,AG,AA,AA,AT,GG,AA,AA,AA,AA,CC,AA,AG,GG,GG,CG,TT,AA,AA,TT,TT,TT,AG,TT,GG,CG,AC,6.72,Resistant,Medium,Premium,Early
L0407,Mandya,Karnataka,Kharif,Red Loamy,Irrigated (Cauvery command),780,27.0,72,AA,TT,GG,AA,GG,CC,GG,TT,NN,CC,AA,CC,CC,TT,TT,GG,CG,TT,AT,AA,CC,GT,TT,NN,AT,CC,TT,TT,GG,AA,TT,CT,AA,CC,GG,CG,GG,GG,GG,CC,TT,TT,AC,TT,AG,AG,CC,TT,CC,CC,GT,AA,AA,GG,CC,TT,AA,AC,GT,AA,AA,TT,AT,AG,TT,TT,CC,GG,CT,TT,AA,GG,CC,AA,GG,AC,TT,GG,TT,TT,GG,GG,GG,CC,AA,GG,AG,AA,CC,TT,AC,TT,CC,TT,TT,GG,TT,CC,GG,CC,CC,CC,AA,AA,TT,TT,CG,NN,AG,AC,CC,GT,TT,CC,TT,AC,NN,TT,CC,GG,CC,GG,CC,GG,TT,AA,CC,CC,CC,CC,AG,TT,CC,AA,CC,CC,AA,NN,AA,AT,CG,CT,CC,GG,AG,AG,AA,AC,GG,CC,CC,AA,AA,AG,TT,AG,AA,TT,TT,GG,CC,TT,TT,TT,NN,AA,GT,TT,AA,TT,GG,CC,AA,CT,CC,CC,CG,CC,AA,GG,AA,CC,TT,CC,GG,GT,GG,AT,AA,AA,TT,CC,GG,AA,CC,CC,GG,GG,AC,GG,TT,AA,AA,CC,GT,AA,CC,AA,AT,GG,TT,TT,AT,GG,GG,AA,CC,AT,TT,AA,GG,AA,TT,AC,TT,CG,NN,AA,CC,CT,GG,AA,CC,AG,CC,AT,TT,GT,GG,TT,AA,AC,AA,GG,CC,GG,GG,CC,GG,AT,AG,CG,TT,GG,CG,CC,AA,GG,CG,AA,CC,AA,AA,CC,GG,CC,TT,AA,GG,AA,AA,AA,AA,AG,GG,AG,AA,TT,GG,AA,AA,AC,CC,CT,AA,AG,GG,GG,GG,TT,AA,AA,TT,TT,TT,AG,AT,GG,CG,AA,6.54,Susceptible,Low,Standard,Medium
L0408,Mandya,Karnataka,Kharif,Red Loamy,Irrigated (Cauvery command),780,27.0,72,AC,CT,GG,AA,CG,CC,NN,TT,CC,CG,AA,CC,CG,AT,NN,GT,GG,TT,TT,AA,CG,GT,GT,CC,TT,CC,GT,TT,GG,AA,TT,CC,AG,CC,GG,CG,GG,CG,GG,CC,TT,TT,NN,TT,AA,AG,CT,TT,CC,CC,GT,AA,AA,GG,CT,TT,AA,AA,GT,AA,AG,TT,TT,AA,TT,TT,CC,GG,TT,GG,AA,GG,CC,AA,GG,AA,AT,AG,TT,NN,AG,GG,GG,CC,AT,GG,AA,AA,GG,GT,CC,TT,CC,TT,GT,NN,TT,CC,TT,CT,CC,CG,AA,AA,TT,TT,CC,AA,AA,AA,CT,GG,TT,CG,GT,NN,AA,TT,CC,GG,CC,AG,CT,GT,CT,GG,CT,CC,AC,CC,AA,TT,CC,AA,CC,CC,AA,TT,AA,AT,GG,CC,CC,NN,AA,GG,AA,CC,GG,CC,CC,AG,AA,GG,TT,GG,AA,TT,TT,GG,AC,TT,GT,TT,CC,AT,GT,TT,AA,AT,GG,CC,AG,CT,CC,CC,CC,CC,AA,GG,AG,CC,TT,CC,GT,TT,GG,AT,AA,AG,TT,CC,GG,AA,CC,CC,GG,GG,AA,CG,TT,CC,AA,CC,GG,AT,AC,AA,AT,GT,TT,TT,TT,GG,GG,AA,CC,AT,TT,AA,GG,AA,TT,AC,TT,CC,TT,AA,CC,TT,GG,GG,CC,AG,CC,TT,TT,TT,GG,TT,AA,AC,AA,GG,CC,CC,NN,CC,GG,AT,NN,CG,TT,GG,CC,CC,AA,GG,CC,AA,CC,AA,AA,CC,CC,AC,TT,AA,GG,AA,AA,AC,AC,AA,AG,AA,AA,AT,GG,AA,AG,AC,AA,CT,AA,AA,GG,GG,GG,TT,AA,AA,TT,TT,TT,GG,TT,GG,GG,NN,7.57,Susceptible,Low,Poor,Early
L0409,Mandya,Karnataka,Kharif,Red Loamy,Irrigated (Cauvery command),780,27.0,72,CC,CT,GG,AG,GG,CC,GT,AT,CC,CG,AA,CT,GG,TT,TT,TT,GG,TT,TT,AA,CC,GT,TT,CC,TT,CC,TT,TT,GT,AA,TT,CC,AA,CC,GG,GG,GG,CG,GG,CC,TT,TT,AA,TT,AA,GG,TT,AT,CC,AA,GT,AT,AA,GG,NN,GT,AA,AC,GG,CC,AA,GT,TT,AA,TT,TT,CC,GG,TT,GG,AG,GG,CC,AA,GG,AA,AA,GG,TT,TT,GG,GG,GG,CC,AA,GG,AA,AA,CG,GT,CC,TT,CT,AT,TT,GG,CT,AC,TT,CC,TT,CG,AG,AA,AT,TT,CC,AA,AA,AA,CC,GG,TT,CC,GT,AA,AA,TT,CC,GG,CC,GG,CC,GG,CT,AA,TT,CC,CC,CC,AA,TT,CC,AA,CC,CC,AA,TT,AA,AA,GG,CC,CC,GG,AA,AA,AT,CC,GT,CC,CC,AA,AA,GG,TT,GG,AA,GT,TT,GG,CC,TT,TT,TT,CC,AA,GG,TT,AT,TT,GG,CC,AA,CC,CC,CC,GG,CC,AA,GG,AA,CC,TT,CG,GT,TT,GG,AT,AA,AA,TT,CC,GG,AC,AC,CC,GG,GG,AC,GG,TT,AC,AA,CC,GT,AA,CC,AA,AA,GG,TT,TT,AA,CG,GG,NN,CG,TT,TT,AA,GG,AA,NN,AA,TT,CC,TT,AC,CC,TT,GG,AG,CG,AG,CC,TT,CT,TT,CG,TT,AC,AC,AA,GG,CC,CG,GG,CC,GG,AT,AA,CC,TT,GG,CC,CC,AA,AA,CG,AA,CC,AA,AA,CC,CC,CC,TT,AA,GG,AA,AA,AC,AA,AG,AA,AA,NN,TT,GG,CC,AG,AA,AC,TT,AA,AA,GG,GG,GG,TT,AA,AG,GT,TT,TT,AA,NN,GG,CG,AA,6.84,Moderate,Medium,Premium,Early
L0410,Mandya,Karnataka,Kharif,Red Loamy,Irrigated (Cauvery command),780,27.0,72,AC,TT,AG,AG,GG,CC,GT,AT,CC,GG,AA,CC,CG,TT,TT,GG,GG,TT,NN,AA,CC,TT,NN,NN,NN,CC,TT,AT,GT,AC,TT,CC,AA,CC,GG,CG,GG,CG,GG,CC,TT,CC,AA,TT,AG,AG,TT,TT,CC,CC,GG,AT,AA,GG,CT,TT,AA,CC,GG,AA,AG,TT,TT,AA,TT,TT,CC,GG,TT,GT,AG,GG,CC,AA,GG,CC,AA,GG,TT,TT,GG,GG,GG,CC,AT,GG,AA,AA,CC,TT,CC,GT,CT,TT,TT,GG,CT,CC,GG,CT,CC,CG,AG,AA,TT,TT,CG,AA,AA,AA,CC,GG,TT,CG,GT,AA,AA,TT,CC,AA,CC,AG,CT,GT,TT,AA,CC,CC,CC,CC,AA,TT,CC,AA,CC,CC,AA,AT,AA,TT,CG,CT,GG,GG,AA,AG,AA,CC,GG,CC,CG,AG,AG,GG,TT,AG,AC,GT,TT,GG,AC,TT,GT,TT,CC,AT,TT,TT,AA,TT,NN,CC,AA,CT,CC,AC,GG,CC,AT,GG,GG,CC,TT,CC,TT,TT,GG,AT,AA,AA,TT,AA,GG,AA,AC,CC,GG,GG,AA,GG,TT,AC,AA,CC,GG,AA,AC,AT,AT,NN,TT,AT,AA,GG,GG,AT,CG,AA,TT,AA,GG,AA,TT,AA,AT,CC,TT,AC,CC,TT,GG,GG,CC,AG,CC,TT,CT,NN,GG,TT,AC,AC,AG,GG,CC,CG,CG,CG,GG,AT,AA,CC,GT,GG,CC,CC,AT,AG,GG,AA,CC,AT,AA,AC,CG,AC,TT,AA,GG,AA,AC,CC,AA,AG,AG,AA,AA,TT,GG,AC,AG,AA,AC,CT,AA,AA,GG,GG,GG,TT,NN,AA,GT,TT,TT,AG,TT,GG,GG,AA,6.97,Susceptible,High,Standard,Late
L0411,Mandya,Karnataka,Kharif,Red Loamy,Irrigated (Cauvery command),780,27.0,72,AC,TT,GG,AG,CG,CC,GG,AT,CC,CC,AA,CT,CC,AT,TT,GG,CG,TT,TT,AA,CG,TT,GT,CC,AT,CC,TT,TT,GG,AA,TT,CT,AA,CC,GG,GG,GG,CC,GG,CC,TT,TT,AA,TT,AA,AG,TT,TT,CC,AC,GG,AA,AA,GG,CC,TT,AA,AC,GG,AA,AA,TT,TT,AA,NN,AT,CC,GG,TT,GG,AA,GT,CC,AG,AA,AC,TT,GG,TT,TT,GG,GG,GG,CC,AA,AG,AA,AA,CC,TT,CC,GT,CC,TT,GT,GG,CT,AC,GG,CC,CC,CC,GG,AA,AT,TT,CG,AA,AG,AA,CC,GG,TT,CC,TT,AA,AC,TT,CC,GG,CC,GG,CC,GG,NN,AA,CC,CC,CC,CC,AA,TT,CC,AA,CC,CT,AA,TT,AA,AA,GG,CC,CG,AG,AA,AG,AA,CC,GG,CC,CC,NN,AG,GG,TT,GG,AA,TT,CT,GG,AC,GT,NN,TT,CC,AA,TT,NN,AA,AT,CG,CC,AG,CT,CC,AC,CG,CC,AT,GG,GG,CC,TT,NN,GT,GT,GG,AT,AA,AA,TT,CC,GG,AC,CC,CC,GG,GG,AC,GG,TT,AA,AA,CC,GT,AA,AC,AA,AA,GT,GT,TT,AA,CG,GG,AA,CG,TT,TT,AA,GG,AA,TT,AA,TT,CC,CT,AA,NN,TT,GG,AG,CC,AA,AC,TT,CC,GG,GG,TT,AC,AC,AG,GG,CC,CC,GG,CC,GG,TT,AA,CC,GT,GG,CC,CC,AA,GG,CG,NN,CC,AT,AA,CC,CC,AA,TT,AA,GG,AA,AA,AA,AA,GG,AG,NN,AA,AT,GG,AA,AG,CC,AA,CC,AA,AA,GG,AG,GG,TT,AA,AA,TT,TT,TT,AG,TT,GG,GG,AA,6.61,Susceptible,Low,Poor,Medium
L0412,Mandya,Karnataka,Kharif,Red Loamy,Irrigated (Cauvery command),780,27.0,72,AC,TT,GG,AA,CG,CC,GG,TT,CC,CG,AA,CT,CG,TT,TT,GT,GG,TT,TT,AG,CC,TT,TT,CT,TT,CC,TT,TT,GG,AA,TT,CC,AA,CC,GG,GG,GG,NN,GG,CC,TT,TT,AA,TT,AG,GG,TT,TT,CC,AC,GT,AA,AG,GG,CC,TT,AT,AC,GT,AA,AA,GT,TT,AA,TT,TT,CC,GG,TT,GT,AA,GT,CC,AA,GG,AA,TT,GG,TT,TT,GG,GG,GG,CC,TT,GG,AA,AA,CC,GT,AC,TT,CT,AT,TT,GG,CT,CC,GT,CC,CT,CC,AA,AA,TT,TT,CC,AA,GG,AC,CC,GG,TT,CC,TT,AC,AA,TT,CC,AG,CG,GG,CC,GG,CT,AG,CC,CC,CC,CC,AA,NN,CC,AA,CC,CC,AA,AA,AA,AA,GG,CC,CC,GG,AA,AG,AA,CC,GG,CC,CC,AA,AG,GG,TT,AA,NN,TT,TT,GG,CC,TT,TT,TT,CC,AT,TT,TT,AT,TT,CG,CC,AG,TT,CC,CC,CG,CC,AA,GG,AA,CC,TT,CC,GG,GT,CC,AT,AA,AA,TT,CC,GG,AA,CC,NN,GG,GG,AC,CG,TT,AA,AA,CC,GG,AA,CC,AA,AA,GG,TT,AT,AA,GG,GT,TT,CG,AT,TT,AA,GG,AA,CT,AA,TT,CC,CT,AC,AC,TT,CG,AG,CG,GG,CC,TT,CC,TT,GG,TT,AA,AC,AA,GG,CC,CC,GG,CC,GG,AA,AG,CG,TT,GG,CC,CC,AA,GG,CC,AA,CC,AT,AG,CC,CC,AC,AT,AA,GG,AA,AA,AA,AA,AG,GG,AA,AA,TT,NN,AC,AA,CC,AA,CT,AA,AA,GG,AG,GG,TT,AT,AG,TT,TT,TT,AA,TT,GG,NN,AA,7.66,Resistant,High,Standard,Early
L0413,Mandya,Karnataka,Kharif,Red Loamy,Irrigated (Cauvery command),780,27.0,72,CC,TT,AG,AA,GG,CC,GT,TT,CC,CG,AA,CC,CC,TT,TT,GG,GG,TT,TT,AA,CC,TT,TT,TT,TT,CC,TT,TT,GT,AA,TT,CC,AA,CC,GG,GG,GG,CC,GG,CC,TT,TT,AA,TT,AA,GG,CT,TT,CC,AC,GG,AT,AA,GG,CC,TT,AA,AA,TT,AA,AA,TT,TT,AG,TT,TT,CT,GG,TT,GG,AA,GG,CC,AA,AG,AA,AT,AG,GT,TT,AG,GG,GT,CC,AA,GG,AA,AA,CG,TT,CC,TT,CC,TT,TT,GG,TT,CC,GT,CT,CT,GG,AG,AA,TT,TT,CC,AG,AA,AA,CC,GG,TT,NN,TT,AA,AA,TT,GG,GG,CC,GG,CC,GT,TT,AA,CC,CC,CC,CG,AA,TT,AC,AA,CC,CT,AA,TT,AA,AT,GG,CC,NN,GG,AA,AG,AA,CC,GG,CC,CC,AG,AG,GG,TT,GG,AA,TT,TT,GG,AC,GT,GT,TT,CC,AA,GT,TT,AA,AA,GG,CC,AA,CC,CC,NN,CC,CC,AA,GG,AA,CC,TT,CG,GG,TT,GG,TT,AA,AG,TT,CC,GG,AA,CC,CC,GG,GG,AA,CG,TT,AA,AA,CC,GT,AT,CC,AA,AT,GG,GT,AT,AA,GG,NN,AA,CC,AT,GG,AA,GG,AA,NN,AA,TT,CC,TT,AA,CC,CT,CG,AA,CC,AA,CC,TT,NN,GT,GG,TT,AA,AC,AG,GG,CC,CC,GG,CC,GG,AT,AA,CC,GT,GG,CC,CC,AA,AG,CG,AT,CC,AA,AA,AC,GG,AC,TT,AA,GG,AA,AA,CC,AA,AG,AG,AG,AA,TT,GG,AA,AG,CC,AA,CT,AG,NN,GG,GG,GG,TT,AA,AA,GT,TT,TT,AA,TT,GG,CG,AA,6.56,Susceptible,High,Standard,Early
L0414,Mandya,Karnataka,Kharif,Red Loamy,Irrigated (Cauvery command),780,27.0,72,AA,TT,AG,AG,GG,CC,GG,AT,CC,CG,AA,CT,CC,TT,GT,GG,CG,TT,TT,AA,CG,TT,GT,CC,TT,CC,TT,TT,GG,AA,TT,CC,AA,NN,GG,CG,GG,CG,GG,CC,TT,CT,AA,TT,AA,GG,TT,TT,CC,AC,GG,AA,AA,GG,CC,TT,AA,AA,NN,NN,AA,TT,AT,AA,TT,TT,CC,GG,TT,NN,AA,GG,AC,AA,GG,AC,AA,GG,GT,TT,GG,GG,GG,CC,AA,GG,NN,AA,CC,GT,CC,TT,CT,TT,TT,GG,TT,CC,GT,CC,CC,CG,GG,AA,TT,TT,CC,AA,AG,AC,CC,GG,TT,CC,TT,AC,AA,TT,CC,AA,CC,GG,CC,GT,TT,AG,CT,CC,CC,CC,AA,TT,CC,AA,CC,CC,AA,TT,AA,AT,GG,CC,CC,GG,AA,AG,AT,CC,GG,CC,CC,AA,AG,GG,GT,GG,AC,TT,CC,GG,CC,GT,GG,CT,CC,AA,GT,TT,AA,TT,CG,CC,AA,CC,AC,CC,GG,CC,AA,GG,AA,CC,TT,CG,GT,TT,CG,AT,AA,AA,TT,AC,GG,AA,AC,CC,GG,GG,AC,GG,CT,AC,AA,CC,GG,AA,AA,AA,AT,GG,TT,AT,AT,CG,GG,AT,CG,AA,TT,AA,GG,AA,TT,AA,TT,CC,TT,AC,CC,TT,GG,AA,CG,AG,CC,AT,CT,TT,GG,AT,AA,CC,AA,GG,CC,CC,GG,CC,GG,AT,AA,CC,TT,GG,CC,CC,AA,AG,CC,NN,CC,AT,AA,AC,CC,AC,TT,AA,GG,AA,AA,AC,AA,GG,AA,AA,AA,TT,GG,AA,AG,CC,AA,TT,AA,AA,GG,AG,GG,TT,AA,AA,TT,TT,TT,AA,AT,GG,CG,AA,4.61,Susceptible,Medium,Premium,Medium
L0415,Mandya,Karnataka,Kharif,Red Loamy,Irrigated (Cauvery command),780,27.0,72,AA,CT,GG,AG,GG,CC,GG,TT,CC,CC,AA,CC,CG,AT,GT,GG,CG,TT,TT,AA,CC,TT,TT,CC,TT,CC,TT,TT,GT,AA,TT,CC,AA,CC,GG,GG,GG,CG,GG,CC,TT,CT,AA,TT,AA,AG,TT,TT,CC,AC,GT,AA,AG,GG,CT,TT,AA,AC,TT,AC,AG,TT,TT,AG,CT,AT,CC,GG,TT,GG,AA,GG,CC,AA,GG,AC,AA,GG,TT,TT,GG,GG,GG,CC,AT,GG,AG,TT,CC,TT,CC,TT,CC,TT,NN,GG,TT,CC,TT,CC,CT,CG,GG,AA,TT,TT,CG,AA,AG,AA,CT,GG,TT,CG,TT,AA,AA,TT,CG,GG,CC,AG,CC,GG,CT,AA,CC,CC,CC,CC,AG,TT,CC,AA,CC,CC,AA,TT,AA,AA,NN,CC,CC,GG,AA,AG,AT,CC,GG,CC,CC,AA,AA,GG,TT,GG,AA,GT,TT,AA,AC,TT,GT,CT,CC,AT,GG,TT,AA,TT,GG,CG,AA,CT,CC,CC,GG,CC,AA,GG,AG,CC,GT,CC,GG,GT,GG,AT,AA,AA,TT,CC,CG,AA,CC,CC,GG,GG,AA,GG,TT,AA,AA,CC,GG,AT,CC,AA,AT,GT,TT,AA,AT,GG,TT,AT,CC,TT,TT,AA,AG,AG,TT,NN,TT,CC,TT,AC,CC,TT,GG,AG,CC,AG,AC,TT,CT,TT,GG,TT,AC,AA,AG,GG,CC,CC,GG,CC,GG,TT,AA,CC,GG,GG,CG,CC,AT,GG,GG,AA,CG,AA,AA,CC,CG,AA,TT,AA,CG,AA,AA,AC,AA,AG,AG,AG,AG,TT,GG,AC,AA,NN,AA,CT,AG,AA,GG,NN,CG,TT,AT,AG,TT,TT,TT,AG,AT,GG,GG,AA,8.06,Susceptible,Low,Standard,Late
L0416,Mandya,Karnataka,Kharif,Red Loamy,Irrigated (Cauvery command),780,27.0,72,AC,TT,GG,AA,GG,CG,GG,AA,CC,CG,AA,CC,GG,TT,GT,GG,CG,TT,TT,AA,CC,TT,TT,CT,TT,CC,TT,AT,GG,AA,TT,CT,AA,CC,GG,CG,GG,CC,GG,CC,TT,TT,AA,GT,AA,GG,TT,TT,CC,AC,GT,AA,AA,GG,CC,GT,AA,AC,GG,AC,AA,TT,TT,AG,TT,TT,CC,GG,CT,GT,AG,GG,CC,AA,GG,AC,AA,GG,TT,TT,GG,GT,GG,CC,AT,GG,AA,AT,CC,TT,AC,TT,CT,TT,GT,GG,TT,CC,TT,NN,CT,GG,AG,AG,AT,TT,CC,AG,AG,AA,CC,GG,GT,CC,TT,AA,AA,TT,GG,GG,CC,GG,CC,GG,CT,AA,CC,CC,CC,CC,AG,TT,CC,AA,CC,CC,AA,AT,AA,AA,GG,CT,CC,NN,AG,AA,AA,CC,GT,CC,CC,AG,AG,GG,TT,GG,AC,GT,CT,GG,CC,GT,TT,CT,CC,AA,TT,CT,AA,TT,GG,CC,AA,CT,CC,CC,CG,CC,NN,GG,AA,CC,TT,CC,GG,GT,CG,AT,AA,AA,TT,AC,GG,AA,CC,CC,GG,GG,AC,GG,TT,AA,AA,CC,GG,TT,AC,AA,AT,GG,TT,TT,AA,CG,GT,AT,NN,TT,GT,AA,GG,AA,CT,AA,TT,CC,TT,AA,CC,CT,GG,GG,CC,GG,CC,TT,TT,GT,GG,TT,AA,CC,AA,GG,CC,CC,GG,CC,GG,TT,AA,CC,GT,AG,CC,CC,AT,GG,CC,AA,CC,AA,AA,AC,CC,CC,AT,AA,CG,AA,AA,AA,AC,AG,AG,AA,AA,AT,CG,AA,AA,CC,AA,TT,AA,AA,GG,GG,NN,GT,AT,AA,TT,TT,TT,AA,AT,GG,GG,AA,7.78,Resistant,Low,Standard,Early
L0417,Mandya,Karnataka,Kharif,Red Loamy,Irrigated (Cauvery command),780,27.0,72,NN,TT,AG,AG,GG,CC,GG,TT,CC,CG,AA,CC,CC,TT,TT,GG,CC,TT,TT,AA,CC,TT,TT,CC,TT,CC,TT,TT,GT,AA,CT,CT,AA,CC,AG,GG,GG,CG,GG,CC,TT,TT,AA,TT,AA,GG,TT,TT,CC,CC,GG,AA,AG,GG,CT,TT,AA,AA,GT,AA,AG,TT,TT,AA,TT,TT,CC,GG,TT,GG,AG,GG,CC,AA,GG,AC,AA,GG,TT,TT,GG,GG,GG,CC,AA,GG,AA,AA,CC,GT,CC,TT,CT,TT,GT,AG,TT,CC,TT,CC,CC,CC,AG,AA,TT,GT,CC,AA,AG,AA,CC,GG,TT,CG,TT,AA,AA,TT,CG,GG,CG,GG,CC,GT,CT,AA,CC,CG,CC,CC,AG,GT,CC,AC,CC,CC,AA,AT,AG,AA,GG,CC,CC,GG,AA,AG,AA,AC,GG,CC,CC,AA,AA,GG,TT,GG,AA,GT,CT,GG,CC,GT,NN,CT,CC,AT,GT,TT,AA,TT,GG,CC,AA,CT,CC,CC,GG,CC,AA,GG,GG,CC,TT,CC,TT,TT,NN,TT,AA,AA,TT,CC,GG,AA,AA,CC,GG,GG,AA,CG,TT,AA,AA,CG,GG,AA,AC,AA,AT,GG,TT,AT,AT,GG,GT,AA,CC,TT,TT,AA,GG,AA,TT,AA,TT,CC,CC,AC,AC,TT,GG,NN,GG,GG,AC,TT,TT,GT,GG,TT,AA,CC,AA,GG,CC,CG,GG,CC,GG,AT,AG,CC,TT,GG,CC,CC,AA,GG,CG,AA,CG,AT,AA,AC,GG,NN,TT,AA,GG,AA,AC,AC,AA,AG,AG,AA,AA,AT,CG,AC,AG,NN,AA,TT,AA,NN,GG,GG,GG,GT,AA,AA,TT,TT,TT,AG,TT,GG,GG,AA,7.29,Susceptible,Medium,Premium,Late
L0418,Mandya,Karnataka,Kharif,Red Loamy,Irrigated (Cauvery command),780,27.0,72,AA,TT,AG,AG,GG,CC,GT,TT,CC,CC,AA,CC,CC,AA,GT,GG,CG,TT,TT,AA,CC,GT,GT,CC,AT,CC,TT,AT,GG,AA,TT,CC,AA,CC,GG,GG,GG,CG,GG,CC,TT,TT,AA,TT,AA,GG,CT,TT,CC,AC,GG,AA,GG,GG,CT,NN,AA,AC,GT,AA,AA,GT,AT,AA,NN,TT,CC,GG,TT,GG,AA,GT,CC,AA,GG,CC,AA,GG,TT,TT,AG,GG,GG,CC,AA,GG,AA,AA,CC,GT,CC,TT,CC,TT,GT,GG,TT,CC,TT,CC,CC,CG,GG,AA,TT,TT,CC,AA,AA,AA,CT,GG,TT,CC,TT,AA,AC,TT,CG,AG,CC,AG,CC,GG,TT,AG,CC,CC,CC,CC,AA,TT,CC,AA,CC,CC,AA,TT,AA,AA,GG,CC,CC,GG,AA,AA,AT,CC,GG,CC,CC,AA,AG,GG,TT,GG,AA,TT,CT,AG,CC,TT,TT,TT,CC,AA,TT,TT,AA,TT,GG,CC,AA,TT,CC,CC,GG,CC,AA,GG,NN,CC,TT,CC,GG,TT,CG,AA,AA,AA,TT,CC,GG,AA,CC,NN,GG,GG,AC,GG,TT,AC,AA,CC,GG,AA,CC,AA,AA,GG,TT,TT,AA,CG,GT,AA,CG,AA,GT,AT,GG,AA,CC,AA,TT,CC,CT,AC,CC,TT,CG,AG,NN,GG,CC,TT,TT,TT,GG,TT,AA,AC,AG,GG,CC,CG,GG,CC,GT,TT,AA,CC,TT,GG,CC,CC,AT,GG,CC,AA,CC,AA,AA,CC,CC,CC,TT,AA,GG,AA,AA,AA,NN,GG,NN,AG,AA,TT,GG,AA,AA,AC,AA,CT,AA,AA,CG,GG,GG,TT,AA,AA,GT,TT,TT,NN,TT,GG,GG,AC,5.41,Moderate,High,Premium,Early
L0419,Mandya,Karnataka,Kharif,Red Loamy,Irrigated (Cauvery command),780,27.0,72,AC,TT,GG,GG,CG,CC,GT,TT,CC,CG,AA,CC,CC,AT,GT,GT,GG,TT,TT,AA,CC,TT,TT,CC,TT,CC,TT,TT,NN,AA,TT,CC,AA,CC,GG,GG,GG,CC,GG,CC,NN,TT,AA,GT,AG,GG,TT,AT,CG,AC,GG,AA,AA,GG,CC,TT,AT,AA,GG,AC,GG,TT,TT,NN,TT,TT,CC,GG,TT,GG,AG,GG,CC,AA,GG,AC,AT,GG,TT,TT,GG,GG,GT,CC,AA,GG,AA,AT,CC,TT,CC,GT,TT,TT,GT,AG,CC,AC,TT,CT,CT,GG,AG,AA,TT,TT,CG,AA,AA,AA,CT,GG,NN,CG,TT,AA,AC,TT,CC,AG,CC,GG,CC,GG,CC,AG,CC,CC,AC,CC,AA,TT,AC,AA,CC,CC,AA,AT,AA,AA,GG,CC,CC,GG,AA,AA,AA,AC,GG,CC,CC,AA,AA,GG,GT,GG,AA,TT,CT,GG,AC,GG,TT,TT,CC,AA,TT,TT,TT,AT,CG,CC,AG,CC,CC,AC,CG,CC,AA,GG,AA,CC,TT,CC,GT,GT,GG,AT,AA,AA,TT,CC,GG,AA,CC,CG,GG,GG,AA,CG,TT,CC,AA,CC,GG,AA,AC,AA,AT,GG,TT,TT,AT,GG,GT,AT,CC,TT,TT,AA,GG,AA,TT,CC,TT,CC,TT,AC,CC,TT,GG,AG,CG,AG,CC,TT,CT,GT,GG,TT,AC,CC,AA,GG,CC,CC,GG,CC,GG,AT,AA,CC,GG,GG,CC,CG,AA,AA,CG,AA,CC,AA,AA,AA,CG,AC,TT,AA,GG,AA,AC,AC,AA,AA,AA,AA,AA,TT,GG,AA,AG,AC,AA,CC,AA,AA,GG,AG,GG,TT,AA,AG,TT,TT,TT,AA,AA,GG,GG,AA,7.77,Moderate,Low,Premium,Early
L0420,Mandya,Karnataka,Kharif,Red Loamy,Irrigated (Cauvery command),780,27.0,72,AA,TT,AG,AA,GG,CC,GG,TT,CC,CG,AA,CC,CC,TT,TT,GG,GG,TT,TT,AA,CC,TT,TT,CC,TT,CC,TT,AT,GG,AA,TT,CC,AG,CC,GG,CG,GG,CG,GG,CC,TT,CT,AA,TT,AA,GG,TT,TT,CC,AA,GG,AA,AA,GG,CC,TT,AA,AC,GG,AA,AG,TT,AT,AA,TT,AT,CC,GG,TT,GT,AG,GG,CC,AA,GG,AC,AT,GG,TT,TT,GG,GG,GG,CC,AT,GG,AA,AA,NN,TT,AC,TT,CT,TT,GG,GG,TT,CC,GT,CC,CT,NN,AG,AA,TT,TT,CC,AA,AG,AA,CT,GG,TT,CC,GT,AC,AA,TT,CC,AA,CC,GG,CC,TT,TT,AA,CC,CC,AC,CC,AA,TT,CC,AA,CC,NN,NN,TT,AG,AA,GG,CC,CC,GG,AG,AA,AA,CC,GG,CC,CC,AA,AG,GG,TT,GG,AA,GT,CC,GG,CC,TT,NN,CT,CC,AT,GT,TT,AA,NN,GG,CC,AG,CC,CC,CC,CG,CC,AA,GG,AG,CC,TT,CC,GT,TT,CG,AT,AG,AA,GT,CC,GG,AA,CC,CC,GG,AG,AA,GG,CT,AA,AA,CC,GG,AT,CC,AA,AT,GG,TT,AA,TT,GG,GT,AT,CC,AT,TT,AT,GG,AA,TT,AA,TT,CC,TT,AC,CC,CT,GG,AA,CG,AG,CC,TT,TT,TT,GG,TT,AA,CC,AA,GG,CC,CC,GG,CC,GG,AT,AA,CG,GT,GG,CC,CC,AA,AG,CG,AT,CG,AA,AA,CC,CG,AA,NN,AA,GG,AA,AA,AC,AC,AG,AA,AA,AA,AT,GG,AA,AA,CC,NN,CT,AA,AA,GG,GG,GG,TT,AA,AA,TT,TT,TT,AG,AA,GG,CG,AA,6.54,Susceptible,Low,Premium,Late
L0421,Mandya,Karnataka,Kharif,Red Loamy,Irrigated (Cauvery command),780,27.0,72,CC,TT,GG,GG,GG,CG,GT,AT,CC,CG,AA,NN,CC,TT,TT,GT,GG,TT,TT,AA,CC,GT,GT,CC,TT,CC,TT,AT,GG,AA,CT,CC,AA,AC,GG,GG,NN,CG,GG,CC,TT,CT,AA,TT,AG,GG,TT,AA,CC,CC,GG,AT,AA,GG,CT,GT,AA,AC,GG,AA,AG,TT,AT,AA,TT,TT,CC,GG,TT,GG,AA,GG,CC,AA,AG,AC,AT,GG,TT,TT,GG,GT,GT,CC,AT,AG,AA,AT,CC,TT,CC,GT,CC,AT,TT,GG,CT,NN,GT,CC,CT,GG,AA,AA,NN,TT,CC,AA,GG,AA,CC,GG,GT,CC,GT,AA,AA,TT,CC,GG,CG,GG,CT,GT,NN,AA,CC,CC,CC,CC,AA,TT,CC,AA,CC,CC,AA,TT,AA,AA,GG,NN,CC,GG,AA,AG,AA,AC,GG,CC,CC,AG,GG,AG,TT,AG,AA,TT,TT,GG,CC,GG,GT,TT,GG,AA,GT,TT,AT,TT,GG,CC,GG,CT,CC,CC,CG,CC,AA,GG,AG,CC,TT,CG,GG,TT,GG,AT,AA,AG,TT,CC,GG,AA,AC,CC,GG,GG,AC,GG,TT,AA,AA,CC,GT,AT,CC,AA,AT,GT,TT,AA,AA,GG,GG,AT,CC,TT,GT,AA,GG,NN,TT,AC,TT,CG,CT,AA,AC,CT,GG,AG,CC,AA,CC,AT,TT,GT,GG,TT,AA,CC,AA,GT,CC,CG,GG,CC,GG,TT,AA,CC,TT,GG,CC,CG,AA,AG,CC,NN,CC,AA,AA,AA,CC,CC,AT,AA,GG,AA,AA,AA,AA,AA,AG,AG,AA,AT,CG,AC,AG,AC,AA,CT,AA,AA,GG,GG,GG,NN,AA,AA,TT,TT,TT,AA,TT,GG,GG,AA,8.21,Susceptible,Medium,Premium,Late
L0422,Mandya,Karnataka,Kharif,Red Loamy,Irrigated (Cauvery command),780,27.0,72,AA,TT,GG,AG,GG,CC,GG,TT,CC,CC,AA,CC,CG,TT,TT,GG,GG,TT,TT,AA,CC,GT,TT,CC,TT,CC,TT,TT,GG,AA,TT,CC,AA,CC,GG,GG,GG,CC,GG,NN,TT,TT,AA,GT,AA,GG,TT,TT,CC,AC,GT,AA,NN,GG,CC,GT,AA,AC,GG,AA,AA,NN,AT,GG,TT,AT,CT,GT,TT,GG,GG,GG,CC,AA,GG,AA,TT,AG,TT,TT,GG,GG,GT,CC,AT,GG,AA,AA,CC,TT,CC,TT,CC,AT,TT,GG,CT,CC,TT,CC,CC,GG,GG,AA,TT,TT,NN,AA,AG,AC,CC,GG,TT,CC,TT,AC,AA,TT,CG,GG,CC,GG,CC,GT,TT,AA,CC,CC,AC,CC,AA,GT,AC,AC,AC,CT,AA,TT,AA,AT,GG,CC,CC,GG,AG,AA,AA,CC,GG,CC,CC,AA,AA,AG,TT,GG,AA,NN,TT,GG,CC,TT,TT,TT,CC,AA,TT,TT,AA,TT,GG,CC,AA,CC,CC,CC,GG,CC,AA,GG,NN,CC,TT,CC,GT,GT,GG,TT,AA,GG,TT,NN,GG,AA,AC,CC,GG,GG,AC,GG,TT,AC,AA,CC,GT,TT,CC,AT,AT,GG,TT,TT,AT,GG,GT,AA,CC,AT,GT,AA,GG,AA,CT,AA,TT,CC,CT,AC,CC,TT,CG,AG,CC,GG,CC,TT,TT,TT,GG,TT,AA,AC,AG,GG,CC,CC,GG,CC,GG,AT,AG,CC,TT,GG,CC,CC,AA,GG,CC,AA,CC,AT,AA,CC,CC,AC,TT,AA,GG,AA,AA,AC,AA,GG,GG,AA,AA,AT,CG,AA,AG,CC,AC,TT,AA,AA,GG,GG,GG,TT,AT,NN,GT,TT,TT,AG,TT,GG,GG,AA,7.33,Susceptible,Medium,Premium,Late
L0423,Mandya,Karnataka,Kharif,Red Loamy,Irrigated (Cauvery command),780,27.0,72,AA,TT,AG,AG,GG,CC,GG,TT,CC,CC,AA,CT,CC,AT,GG,GG,GG,TT,TT,AA,CG,TT,GT,CC,TT,CC,TT,TT,GG,AA,CT,CC,AA,CC,GG,GG,GG,CC,GG,CC,TT,CT,AA,TT,AG,GG,TT,TT,CC,CC,GG,AA,AA,GG,CC,GT,AA,AA,TT,AA,AA,GT,TT,AG,TT,AT,CC,GG,TT,GT,AA,GG,CC,AA,GG,AC,AT,AG,TT,TT,NN,GG,GG,CC,AT,GG,AA,TT,CC,GT,AA,TT,CC,TT,GT,GG,TT,CC,GT,CC,CT,CC,AG,AA,TT,TT,CC,AA,AG,AA,CC,GG,TT,CC,GT,NN,AC,TT,CC,GG,CC,GG,CC,GG,CT,AG,CT,CC,CC,CC,AA,TT,CC,AA,CC,CC,AA,TT,AA,AA,GG,CC,CC,GG,AG,AA,AA,CC,TT,CC,CC,AA,AG,AG,GT,GG,AC,GT,CT,AG,CC,TT,GT,TT,CC,AA,TT,CT,AA,AT,GG,CC,AG,CC,CC,CC,CG,CC,AA,GG,AA,CC,GT,CC,GG,GT,GG,TT,AA,AA,GT,CC,CG,AA,CC,CC,GG,GG,AC,GG,TT,AC,AA,CC,GT,AA,CC,AA,AA,TT,TT,TT,AA,GG,GT,AA,CC,AT,TT,AA,GG,AA,TT,AA,TT,CC,CT,AC,CC,TT,GG,AA,CC,GG,CC,TT,TT,GT,GG,TT,AA,AA,AG,GG,CC,CC,GG,CC,NN,AT,AA,CC,GT,GG,CC,CC,AA,GG,CC,AA,CC,AA,AA,CC,CC,AC,AT,AG,GG,AA,AC,AA,AA,GG,AA,AA,NN,AT,GG,AA,AA,CC,AC,CT,AA,AA,GG,GG,CG,GG,AT,AA,TT,TT,TT,AG,TT,GG,GG,AA,7.47,Moderate,Medium,Standard,Early
L0424,Mandya,Karnataka,Kharif,Red Loamy,Irrigated (Cauvery command),780,27.0,72,AA,TT,GG,AA,CG,CC,GG,TT,CC,CG,AA,CC,CG,TT,GT,GT,GG,TT,TT,AA,CG,TT,NN,CC,TT,CC,TT,AT,GG,AA,TT,CC,AA,CC,GG,GG,GG,CG,GG,CC,TT,TT,AC,GT,AG,AG,TT,TT,CC,CC,GT,AA,AA,GG,CC,TT,AA,AC,GG,CC,AA,GT,AT,AA,CT,TT,CC,GG,TT,GG,AA,GG,CC,AA,GG,AA,AA,GG,TT,TT,GG,GG,GG,CC,AA,GG,AA,AA,CC,GG,CC,TT,CC,TT,GT,GG,TT,CC,TT,CC,CT,NN,AA,AA,AT,TT,CC,AA,AA,AC,CT,GG,TT,CG,TT,AC,AC,AT,CC,AG,CG,AG,NN,NN,TT,AG,CC,CC,CC,CC,AA,NN,CC,AA,CC,CC,AA,TT,NN,AA,GG,CC,CC,GG,AA,AG,AA,CC,GG,CC,CC,AA,AA,GG,GT,GG,AC,TT,CT,GG,CC,TT,TT,TT,CC,AT,GT,TT,AA,TT,GG,CC,AG,CT,CC,CC,CG,CC,AA,GG,AG,CC,TT,CC,GT,TT,GG,AT,AA,AA,GT,CC,GG,AC,CC,CC,GG,GG,CC,GG,TT,AA,AA,CC,GG,AA,CC,AA,AA,GG,TT,TT,AA,GG,GT,AA,CC,TT,GT,AA,GG,AG,CT,AA,TT,CC,CT,AC,CC,CT,CC,AG,CC,AG,CC,AT,CT,GT,GG,TT,AA,AA,AA,GG,CC,CC,GG,CC,GG,AT,AA,CC,TT,GG,CG,CC,AT,GG,CC,AA,CC,AT,AA,AC,CC,AC,TT,AA,CG,AA,AA,AA,AA,AG,AA,AA,AA,AT,CG,AA,AA,CC,AA,TT,AG,AA,GG,GG,GG,GT,AA,AA,TT,AT,TT,AG,TT,GG,GG,AA,6.79,Susceptible,High,Poor,Early
L0425,Mandya,Karnataka,Kharif,Red Loamy,Irrigated (Cauvery command),780,27.0,72,AA,TT,GG,AG,GG,NN,GT,AT,CC,CG,AA,CC,CC,TT,GT,GT,CG,TT,TT,AG,CC,TT,GT,CC,TT,CC,TT,AT,GT,AA,TT,CT,AA,CC,AG,CG,GG,CC,GG,CC,TT,TT,AA,TT,AG,AG,TT,AT,CC,AC,GG,AA,AA,GG,TT,TT,AA,AC,GG,AC,AA,TT,AA,AA,TT,TT,CC,GG,TT,GG,AA,GG,AC,AA,AG,AA,AT,GG,TT,TT,GG,GG,GG,CC,AA,GG,AA,AA,CC,GT,CC,NN,CT,AT,TT,GG,TT,CC,TT,CC,CC,CC,AG,AA,TT,TT,CG,AA,GG,AA,TT,GG,NN,CC,TT,AC,AA,TT,CC,AG,CC,AG,CC,GG,TT,AG,CT,CC,AC,CC,AA,TT,CC,AA,CC,CC,AA,TT,AA,AA,GG,NN,CC,AG,AA,AG,AA,AC,GG,CC,CC,AA,AA,AG,TT,GG,AC,TT,CT,AA,CC,GT,TT,TT,CG,AA,TT,TT,AT,TT,GG,CC,AA,CC,CC,CC,CG,CC,AA,GG,AG,AC,TT,CG,GT,TT,GG,AT,AA,AG,GT,AC,CG,AC,AC,CC,GG,AG,AA,GG,TT,AC,AA,CC,GG,AT,CC,AA,AA,GG,TT,AT,AA,GG,GG,AT,CC,TT,TT,AA,GG,AA,TT,AA,TT,CC,TT,AC,CC,TT,GG,AG,CC,AG,AC,TT,TT,GT,GG,TT,AA,AC,AG,GG,CC,CC,GG,CC,GG,AT,AA,CC,TT,GG,CC,CC,AA,GG,CG,AT,CC,AT,AA,CC,CC,AC,AT,AA,GG,AA,AA,AA,AA,AG,AG,AA,AA,TT,GG,AC,AA,AC,AA,CC,AA,AA,GG,GG,GG,TT,AA,AA,TT,AT,TT,AG,TT,GG,CG,AA,5.29,Susceptible,Low,Standard,Early
L0426,Mandya,Karnataka,Kharif,Red Loamy,Irrigated (Cauvery command),780,27.0,72,AA,TT,AG,AG,GG,CC,GG,TT,CC,GG,AA,CC,CC,TT,TT,GG,CG,TT,TT,AA,CC,GG,TT,CC,AT,CC,GT,TT,GT,AA,TT,CC,AA,CC,GG,CG,GG,CC,GG,CC,TT,CT,AA,GT,AA,AG,TT,AT,CC,AA,GG,AA,AA,GG,TT,TT,AA,AC,GT,AA,AA,TT,AT,AG,TT,TT,CC,GG,TT,GT,AA,GG,CC,AA,AG,AA,AA,GG,TT,TT,GG,GT,GG,CC,TT,GG,AA,AA,GG,TT,CC,TT,CC,TT,TT,GG,CT,CC,TT,CT,CC,CG,AG,AA,TT,TT,CG,AA,AG,AA,CC,GG,TT,CC,GT,AA,AC,TT,CG,GG,CC,GG,CC,GG,TT,AA,CC,CC,AC,CC,AA,TT,CC,AA,CC,CC,AG,TT,AA,AA,GG,CC,CG,GG,AG,AA,AA,CC,GG,CC,CG,AG,AA,GG,TT,GG,AA,TT,CT,GG,CC,GT,GT,TT,CC,AT,GT,TT,TT,TT,GG,CC,AA,CT,CC,CC,GG,AC,AA,GG,AA,CC,TT,CG,GG,TT,CG,AT,AG,AA,TT,CC,GG,AC,AC,CC,GG,GG,CC,GG,TT,AC,AA,CC,GG,AA,CC,AA,AT,GT,TT,TT,AA,GG,GT,AA,CC,AT,TT,AT,GG,AA,CC,AA,TT,NN,CT,AA,NN,TT,GG,AG,CC,AG,AC,TT,TT,GT,GG,AT,AA,CC,AA,GG,CC,CG,GG,CC,GG,TT,AG,CG,TT,GG,CC,CC,AT,GG,CC,AA,CC,AA,AA,AA,CG,AA,TT,AG,GG,AA,AA,AC,AA,GG,GG,AA,AA,TT,GG,AA,AA,AC,AC,TT,AA,AA,GG,GG,GG,TT,AA,AA,GT,TT,TT,AG,TT,GG,CG,AA,5.76,Susceptible,Medium,Premium,Medium
L0427,Mandya,Karnataka,Kharif,Red Loamy,Irrigated (Cauvery command),780,27.0,72,AA,TT,AG,AA,GG,CC,GG,AT,CC,CG,AA,CC,CC,TT,GT,GG,GG,TT,TT,AA,CG,TT,TT,CT,TT,CC,TT,AT,GT,AC,TT,CC,AA,AC,GG,GG,GG,CG,GG,CC,TT,CT,AA,GT,AG,GG,TT,TT,CC,AC,GG,AT,AA,GG,CT,TT,AA,AA,GG,AA,AA,TT,TT,GG,TT,TT,CC,GG,TT,GG,AG,GG,CC,AA,NN,AC,AA,AG,TT,TT,GG,GG,GG,CC,AA,GG,AA,AT,CC,TT,CC,GT,CT,AT,TT,GG,TT,AC,TT,CC,CC,GG,AG,AA,TT,TT,CG,AA,GG,AA,CC,GG,GT,CC,GT,AA,AA,TT,CC,AG,CC,GG,CT,GT,TT,NN,CC,CC,CC,CG,AA,TT,CC,AA,CC,CC,AA,AT,NN,AA,GG,CC,CC,GG,AA,AA,AT,CC,GG,CC,CC,AA,AG,AG,TT,GG,NN,TT,CT,GG,AC,TT,GT,TT,CG,AT,GT,TT,AT,TT,GG,CC,AA,TT,CC,CC,GG,AC,AA,GG,AA,CC,TT,CC,GG,TT,CG,AT,AA,AA,TT,CC,GG,AC,AC,CC,GG,AG,AC,GG,CT,AC,AA,CG,GG,AT,NN,AT,AT,GG,TT,NN,AA,CG,GG,AA,CC,TT,GT,AA,GG,AA,CT,CC,TT,CC,TT,AA,CC,CT,CG,AA,CC,AG,CC,AT,CC,GT,GG,TT,AC,AC,AA,GG,NN,CC,GG,CC,GG,AT,AA,CG,TT,AG,CC,CC,AA,AG,CC,AT,CG,AA,AA,AC,CC,CC,TT,AA,GG,AA,AA,AA,AA,AG,AA,AA,AA,AT,NN,AA,AA,AA,AA,TT,AA,AA,GG,GG,GG,TT,AT,AG,TT,TT,TT,GG,TT,GG,GG,AC,5.73,Resistant,High,Premium,Late
L0428,Mandya,Karnataka,Kharif,Red Loamy,Irrigated (Cauvery command),780,27.0,72,AA,TT,AG,AG,GG,CG,GT,AT,NN,CG,AA,CC,CC,TT,TT,GG,GG,AT,AT,AA,CG,TT,TT,CT,AT,CC,TT,AT,TT,AA,TT,CC,AA,CC,GG,GG,GG,CC,GG,CC,GT,TT,AA,GT,AG,AA,TT,TT,CC,CC,GT,AT,AA,GG,NN,TT,AA,AA,GT,AC,AA,TT,AT,AG,CT,AT,CC,GG,TT,GT,AG,GG,CC,AA,GG,CC,AA,GG,TT,TT,GG,GG,GG,CC,AT,GG,AG,AA,CC,TT,CC,TT,CT,TT,TT,GG,NN,CC,TT,CT,CC,GG,AG,AA,AT,TT,CC,AA,AG,AC,CC,GG,TT,CC,TT,AA,AA,TT,CG,AG,CC,GG,CC,GG,TT,GG,CC,CC,CC,CC,AG,TT,CC,AA,CC,CC,AA,TT,AA,AA,GG,CC,CC,GG,AA,AA,AT,CC,GT,CC,CC,AA,AA,GG,GT,GG,CC,GT,CC,GG,CC,GT,GT,TT,CC,AT,TT,TT,AA,TT,GG,CC,AA,CT,CC,CC,CC,CC,AA,GG,AA,CC,TT,CC,GG,TT,GG,AT,NN,AA,TT,CC,GG,AA,CC,CC,GG,GG,AC,GG,TT,AA,AG,CC,GG,AT,CC,AA,AT,GT,GG,AT,AA,CG,GG,AT,CG,AT,GT,AA,AG,AA,CC,AA,TT,CC,TT,AC,CC,CT,CC,AG,CC,GG,CC,AT,CT,TT,GG,TT,AA,AA,AG,GT,CC,CC,GG,CG,GG,NN,AA,CC,TT,GG,CC,CC,AT,GG,CC,AA,CC,AT,AA,CC,CG,CC,AA,AA,GG,AA,AA,AA,AA,AG,AG,AG,AA,TT,GG,AA,AA,CC,AA,TT,AA,AA,GG,GG,GG,TT,AA,AG,GT,TT,TT,AG,TT,GG,GG,AA,7.55,Moderate,High,Premium,Early
L0429,Mandya,Karnataka,Kharif,Red Loamy,Irrigated (Cauvery command),780,27.0,72,AA,TT,GG,AG,GG,CG,GG,TT,CC,CC,AT,CT,CG,AT,TT,TT,GG,TT,TT,AA,CC,GT,GG,CT,TT,CC,TT,TT,GT,AA,CT,CC,AA,CC,GG,CG,GG,CC,GG,AC,TT,TT,AA,TT,AG,GG,CT,NN,CG,AA,GT,AA,AG,GG,CT,TT,AA,AC,GG,AA,AA,TT,AT,AG,TT,TT,CC,GG,TT,GG,AA,GG,CC,AA,GG,AC,TT,GG,TT,TT,GG,GG,GT,CC,AA,GG,AA,AA,CC,GT,CC,TT,CC,TT,TT,GG,TT,CC,TT,CC,CC,CG,AG,AA,NN,TT,CC,AA,GG,AC,CT,GG,TT,CC,GG,CC,AC,TT,NN,AA,CC,GG,CC,GT,TT,AA,CC,CC,CC,CC,AA,TT,CC,AA,CC,CC,AA,TT,AA,AA,GG,CC,CC,GG,AA,AG,AA,AC,GT,CC,CC,AA,GG,GG,GT,NN,AA,NN,TT,GG,CC,TT,TT,CT,CC,AT,TT,TT,AA,TT,CG,CC,AG,CT,CC,CC,CG,CC,AA,GG,GG,CC,TT,CC,GG,GT,CC,AA,NN,AG,TT,CC,CG,AA,CC,CC,CG,GG,AA,GG,TT,AA,AA,CC,GG,AA,CC,AA,AT,GG,TT,AA,AA,GG,GG,AT,CC,TT,GT,AA,GG,AA,TT,AA,AT,CC,TT,CC,NN,TT,GG,AG,CC,AG,AC,TT,TT,GG,GG,TT,AC,CC,AA,GG,CC,CC,GG,CG,GG,TT,AA,CC,GT,GG,CC,CC,AA,GG,CC,AT,CC,AA,AA,CC,CC,AC,TT,AA,GG,AA,AA,AA,AA,GG,AG,GG,AA,TT,GG,AA,AG,AC,AA,CT,AA,AA,GG,AG,GG,TT,AA,AA,TT,TT,TT,AG,AA,GG,GG,AC,6.22,Resistant,High,Premium,Late
L0430,Mandya,Karnataka,Kharif,Red Loamy,Irrigated (Cauvery command),780,27.0,72,AA,TT,AA,AG,GG,CC,GT,AT,CC,GG,TT,CT,CG,TT,TT,GG,GG,TT,TT,AG,CC,GT,GT,CT,TT,CC,TT,TT,GT,AA,CT,CC,AA,CC,GG,CG,GG,CG,GG,CC,TT,TT,AA,TT,AA,AG,CT,TT,CC,NN,GG,AA,AG,GG,CC,GT,AA,AC,TT,AC,AG,TT,AA,AA,TT,AA,CC,GG,TT,GT,AG,GG,AC,AA,AG,AA,AA,GG,TT,TT,GG,GT,GG,CC,AA,GG,AA,AA,CC,TT,CC,TT,CC,TT,GT,GG,TT,CC,TT,CC,CC,CG,GG,AA,TT,TT,CC,AA,NN,AA,CC,GG,TT,GG,GT,AA,AA,TT,CC,GG,CC,GG,CC,GG,TT,AA,CT,CC,CC,CC,AA,TT,CC,AA,CC,CT,AA,AA,AA,AA,GG,CC,CC,GG,AA,AA,AA,CC,GG,CC,CG,AA,AA,AA,GT,GG,AC,GG,CT,GG,CC,TT,GT,TT,CG,AA,GT,TT,AA,TT,GG,CC,AG,TT,CC,CC,GG,CC,AA,GG,AG,CC,TT,GG,GG,TT,GG,TT,AG,AA,TT,AC,CG,AA,CC,CC,GG,GG,AC,CG,TT,AA,NN,GG,GT,AT,CC,AA,AT,GG,TT,TT,AA,CG,GT,AT,CC,AT,TT,AA,GG,AA,CT,AA,TT,GG,TT,AC,CC,TT,CG,AA,CC,AA,CC,TT,TT,GT,GG,AT,AA,AC,AG,GG,CC,CC,GG,CC,GG,AT,AG,CC,GT,GG,CC,CC,AA,GG,NN,AT,CC,AA,AA,CC,CC,AC,TT,AA,GG,AA,AA,AA,AA,AG,AA,NN,AA,TT,GG,AA,AG,AC,AC,TT,AA,AG,GG,GG,GG,TT,AT,AA,TT,TT,AT,AG,TT,GG,GG,AA,6.11,Susceptible,High,Standard,Medium
L0431,Mandya,Karnataka,Kharif,Red Loamy,Irrigated (Cauvery command),780,27.0,72,AA,TT,GG,AA,GG,GG,GG,AT,CC,CC,AA,CC,GG,TT,GT,GT,GG,TT,AT,AG,CC,TT,TT,CC,TT,CC,GT,TT,GG,AA,CT,CC,AA,CC,GG,CG,GG,CG,GG,CC,TT,TT,AA,TT,AG,AG,TT,TT,CC,AC,GG,AA,AA,GG,CC,GT,AA,AC,TT,AA,AG,TT,TT,AG,TT,AT,CC,GT,TT,GG,AA,GG,AC,AG,GG,CC,AA,GG,GT,TT,GG,GT,GT,CC,AA,GG,AA,TT,CC,GT,AC,GT,CC,TT,TT,GG,CT,CC,GT,CT,CC,GG,AA,AG,TT,TT,CC,AA,AA,AA,CT,GG,TT,CC,TT,AA,AA,TT,CC,AG,CC,AG,CC,GT,CT,AA,CC,CC,CC,CC,AA,TT,CC,AA,CC,CC,AA,AT,AA,AA,GG,CC,CC,GG,AA,AG,AA,CC,GT,CC,CC,AA,AG,AG,TT,GG,AC,GT,TT,GG,CC,GT,TT,TT,CC,AA,GT,CT,AA,TT,GG,CC,GG,CC,CC,CC,CG,CC,AA,GG,AG,CC,TT,CG,GG,TT,GG,AT,AA,AA,GT,CC,GG,AA,AC,CC,NN,GG,AC,GG,TT,AA,AA,CC,GG,AT,CC,AA,AT,GG,GT,TT,NN,GG,GT,AA,CG,TT,GG,AA,GG,AA,TT,NN,TT,CC,CT,AA,CC,TT,GG,AG,CC,AG,CC,TT,TT,TT,GG,TT,AA,AC,AG,GG,CC,CG,GG,CC,GG,AT,AA,CC,GT,GG,CC,CC,AT,GG,CG,AA,CC,AT,AA,CC,CC,CC,AT,AA,GG,AA,AA,CC,AA,GG,AA,AA,AA,TT,GG,AA,AG,CC,AA,CT,AG,AG,GG,GG,GG,TT,AT,AA,TT,TT,TT,AA,TT,GG,GG,AA,7.11,Susceptible,Low,Standard,Medium
L0432,Mandya,Karnataka,Kharif,Red Loamy,Irrigated (Cauvery command),780,27.0,72,AA,TT,GG,AG,GG,CC,GG,TT,CC,CC,AA,CC,CC,AT,GT,GG,GG,TT,TT,AG,CC,TT,TT,CC,TT,CC,GT,TT,GG,AA,TT,TT,AA,CC,GG,GG,GT,CC,GG,CC,TT,CT,AC,TT,AA,GG,TT,TT,CG,AC,GG,AA,AG,GG,CT,GT,AA,AA,TT,AA,AA,GT,AA,AG,TT,TT,CC,GG,TT,GG,AA,GG,CC,AA,GG,AA,AT,GG,TT,TT,GG,GT,GT,CC,AA,GG,AA,TT,CC,GT,CC,GT,CC,AT,TT,GG,TT,CC,GT,NN,CC,CC,AG,AA,TT,TT,CC,AA,AA,AA,CT,GG,TT,GG,TT,AC,AC,TT,CC,GG,CC,GG,CC,TT,CT,AA,CC,NN,CC,CC,AA,TT,AC,AA,NN,CC,AA,TT,AA,AT,GG,CC,CC,NN,AA,AA,AA,AC,GT,CC,CC,AG,AA,GG,GT,GG,AC,GT,CC,GG,CC,GT,TT,TT,CC,AT,TT,TT,AA,AT,GG,CC,AA,CT,CC,CC,GG,CC,AA,GG,AG,CC,TT,GG,GG,TT,GG,TT,AA,AA,TT,AC,GG,AA,CC,CC,GG,GG,AC,CG,TT,AC,AA,CC,GG,AT,AA,AA,AA,GG,TT,TT,AT,GG,GT,AA,CG,AT,GT,AA,GG,AA,TT,AA,NN,CC,TT,AC,CC,CT,GG,AG,CC,AG,AC,TT,TT,TT,GG,TT,AA,CC,AA,GT,CC,CC,GG,NN,GG,AT,AG,CC,GT,GG,CC,CG,AT,GG,CG,TT,CG,AA,AA,AC,CC,AA,TT,AG,GG,AA,AA,AC,AA,GG,GG,AA,AA,AT,CG,AC,AA,CC,AA,CT,AG,AG,GG,GG,GG,TT,AA,AG,TT,TT,TT,AG,TT,GG,GG,AC,4.5,Moderate,Medium,Premium,Late
L0433,Mandya,Karnataka,Kharif,Red Loamy,Irrigated (Cauvery command),780,27.0,72,AA,TT,GG,AA,GG,CC,GT,TT,CC,CC,AA,CC,CG,TT,TT,GG,GG,TT,TT,AA,CC,TT,TT,CC,TT,CC,TT,AT,GT,AC,TT,CC,AA,CC,GG,CG,GG,CC,GG,CC,TT,CT,AA,GT,GG,GG,TT,TT,CC,AC,GG,AA,AA,GG,CC,TT,AA,AA,GG,AC,AA,TT,AT,AG,TT,AT,CC,GG,TT,GT,GG,GT,AC,AA,AG,AA,TT,GG,TT,TT,GG,NN,GG,CC,AA,GG,AA,AA,CC,TT,CC,TT,CC,TT,TT,GG,TT,CC,GT,CC,CC,CC,AA,AA,TT,TT,CC,AA,AA,AA,CT,GG,TT,CG,TT,AA,AC,TT,CC,GG,CC,GG,CC,GG,TT,AG,CC,CC,CC,CC,AA,TT,CC,AA,CC,CC,AA,AT,AA,AA,GG,CC,CC,GG,AA,AA,AA,NN,TT,CC,CC,AG,AA,GG,GT,GG,AC,GT,CT,GG,CC,TT,TT,TT,CC,AA,GT,CT,AA,AT,GG,CC,AG,CC,CC,CC,GG,CC,AA,GG,AG,CC,TT,CC,GG,TT,GG,AT,AA,AG,TT,CC,GG,AA,CC,CC,GG,GG,AA,GG,TT,AA,AG,CC,GG,AA,CC,AT,AA,GG,TT,AT,AT,CG,GG,AA,CC,TT,GG,AA,GG,AA,CT,AA,TT,CC,TT,AA,CC,CC,GG,AG,CC,GG,CC,TT,TT,TT,GG,TT,AA,AC,AA,GG,CG,CC,GG,CG,GG,AT,AA,CC,TT,NN,CC,CC,AA,AG,CG,AA,CG,AT,AA,CC,CC,CC,TT,AA,GG,AA,AA,AC,AA,AG,AA,AA,AA,AT,CG,AA,AG,AC,AC,TT,AA,AA,GG,GG,CC,TT,AT,AA,GT,TT,TT,GG,NN,GG,GG,AA,5.76,Moderate,Low,Premium,Medium
L0434,Mandya,Karnataka,Kharif,Red Loamy,Irrigated (Cauvery command),780,27.0,72,AA,TT,AG,GG,GG,CC,GG,TT,CC,CC,AA,CC,CG,TT,TT,GG,CC,TT,TT,AA,CC,TT,TT,CC,TT,CC,TT,AT,GG,AA,TT,CC,AA,CC,GG,CG,GG,CC,GG,CC,TT,TT,AC,TT,AA,AG,CT,TT,CG,AA,GG,AA,AA,GG,CT,TT,AA,AC,GG,AC,AG,GT,AT,NN,TT,TT,CC,GG,TT,GT,AA,GG,AC,AA,AG,AA,AT,GG,TT,TT,AG,NN,GG,CC,AT,GG,AA,AA,CG,TT,AC,TT,CC,NN,GT,GG,TT,CC,TT,CC,CC,CC,GG,AA,TT,TT,CC,AA,AG,AA,TT,GT,TT,CC,TT,AA,AA,TT,CC,AG,CC,GG,CC,GT,TT,AG,CC,CC,CC,NN,AA,TT,AC,AA,CC,CC,AA,AT,AA,AA,GG,CC,CC,GG,AA,AA,AA,CC,GG,CC,CG,AA,AA,GG,TT,GG,AA,TT,TT,AG,NN,TT,TT,CT,CC,AT,GT,TT,TT,TT,GG,CC,GG,CC,CC,CC,NN,CC,AA,GG,GG,AC,TT,CC,GT,TT,GG,TT,AA,GG,TT,AC,GG,AA,CC,CC,GG,GG,AC,GG,TT,AA,AA,CC,GG,AT,AC,AT,AT,GG,TT,TT,AA,CG,GG,AA,CG,AA,GG,AA,GG,AA,TT,AC,TT,CC,TT,AC,CC,TT,CG,AA,CC,AG,CC,TT,TT,TT,GG,TT,AA,CC,AG,GG,CC,CG,GG,CC,GG,TT,AG,GG,TT,GG,CC,CC,AA,AG,CC,AA,CC,AA,AA,CC,GG,AC,TT,AA,GG,AA,AC,AA,AA,NN,GG,AG,AA,TT,CG,AC,AA,CC,AA,CT,AA,AA,CG,GG,GG,TT,AT,AA,GT,TT,TT,AG,AT,GG,GG,AC,6.61,Resistant,Low,Poor,Late
L0435,Mandya,Karnataka,Kharif,Red Loamy,Irrigated (Cauvery command),780,27.0,72,AA,CT,AG,GG,GG,CC,GG,TT,CC,CG,AT,CC,NN,TT,TT,GG,GG,TT,TT,AA,CG,TT,TT,CC,TT,CC,TT,TT,GG,AA,TT,CC,AA,CC,GG,GG,GG,CC,GG,CC,TT,CT,AC,TT,AA,AG,TT,AT,CG,CC,GG,NN,AA,GG,CC,TT,AA,CC,TT,AA,AA,TT,AT,AA,CT,TT,CC,GG,TT,GG,AG,GG,CC,AA,GG,AA,AA,GG,TT,TT,GG,GG,GG,NN,AA,AG,AG,AT,CC,NN,AC,TT,CC,TT,TT,GG,TT,AC,TT,CC,CT,CG,GG,AA,TT,TT,CG,AA,AG,AC,CC,GG,TT,CC,TT,AA,AA,TT,CC,GG,CC,GG,CC,GT,CT,AA,CC,CC,CC,CC,AA,TT,AC,AA,CC,CC,AA,TT,AA,AT,GG,NN,NN,GG,AA,AA,AA,CC,GT,CC,CC,AA,AG,AG,TT,GG,AA,GG,CT,GG,CC,TT,TT,CT,CC,AA,GG,TT,AA,TT,GG,CC,AG,CC,CC,CC,CG,CC,AA,GG,AG,CC,TT,CC,GG,TT,GG,AT,AA,AG,TT,CC,GG,AA,CC,CC,GG,GG,AC,GG,TT,AC,AA,CG,GG,AT,CC,AA,AA,GG,GT,AT,AA,GG,GT,AA,CC,AT,GG,AA,GG,AA,CT,AA,TT,CC,TT,AA,CC,TT,GG,AG,CC,AA,AC,TT,TT,NN,GG,AT,NN,AC,AA,GG,CC,CG,GG,CC,GG,AA,AA,CC,GT,GG,CG,CC,AA,GG,CG,AT,CC,AT,AA,CC,CC,AC,TT,AA,GG,AA,CC,AA,AA,AG,AG,AG,AA,NN,GG,AC,AG,AC,AC,NN,AA,AA,GG,GG,GG,TT,AT,AA,GG,TT,TT,AG,TT,GG,NN,AA,7.02,Susceptible,Low,Standard,Early
L0436,Mandya,Karnataka,Kharif,Red Loamy,Irrigated (Cauvery command),780,27.0,72,AA,TT,AG,AA,GG,CC,GT,TT,CC,CC,AA,CC,CG,AT,TT,GT,CG,TT,TT,AG,CG,GT,GG,CC,TT,CC,TT,TT,GG,AA,TT,CC,AA,CC,GG,CG,GG,CG,GG,CC,TT,CC,AA,TT,AG,AA,CT,TT,CC,AC,GT,AT,AA,GG,CT,TT,AA,AA,TT,AC,AA,GT,TT,AA,CT,AT,CC,GG,TT,GG,AA,GG,CC,AG,GG,AC,TT,GG,TT,TT,GG,GG,GT,AC,AA,AG,AA,AA,CC,GT,CC,TT,CC,TT,NN,GG,TT,AC,TT,CT,CC,CC,GG,AA,AT,TT,CC,AA,GG,AA,CC,GT,GT,CC,TT,AA,AA,TT,CC,GG,CC,NN,CC,GT,TT,AA,CC,CC,CC,CC,AA,TT,AC,AA,CC,CC,AA,AT,AA,AA,CG,CC,CC,GG,AA,AA,AA,AC,GG,CC,CC,AG,GG,GG,GT,GG,AC,GT,CT,AG,AC,TT,TT,TT,CG,AA,TT,TT,AA,TT,GG,CC,AG,CT,AC,CC,CG,CC,AA,GG,AG,CC,TT,CC,GT,TT,CG,TT,AA,GG,TT,CC,GG,AA,CC,CC,GG,GG,AA,GG,TT,AA,AA,CC,NN,AA,AC,AA,AA,GG,TT,TT,AT,CG,GG,AA,CC,TT,GT,AA,GG,AA,TT,AA,AT,CC,TT,AA,CC,CT,CG,AA,CG,AG,CC,TT,TT,GT,GG,AT,AC,CC,AA,GG,CC,CG,GG,CC,GG,AT,AA,CC,TT,GG,CC,CG,AA,GG,CG,AA,CG,NN,AG,CC,CG,AC,TT,AA,GG,AA,AA,AA,AA,NN,AA,AA,AG,TT,GG,AA,AG,AC,AA,CT,AA,AA,GG,GG,GG,TT,AT,AA,GT,TT,TT,GG,TT,GG,GG,AA,9.4,Susceptible,High,Poor,Late
L0437,Mandya,Karnataka,Kharif,Red Loamy,Irrigated (Cauvery command),780,27.0,72,AC,CT,GG,AA,GG,CC,GT,AT,CC,CC,AA,CT,GG,TT,GT,GG,GG,TT,TT,AA,CC,GT,TT,CT,AT,CC,TT,TT,GG,AA,TT,CT,AA,CC,GG,GG,GG,CC,GG,CC,TT,TT,AA,NN,AA,AG,CT,AT,CC,AC,GG,AA,AA,GG,CC,TT,AA,AA,GT,AA,AA,TT,TT,AA,TT,TT,CC,GG,TT,GG,AA,GG,CC,AG,GG,AA,AA,AG,TT,TT,GG,TT,GT,CC,AA,GG,AA,AA,CC,GG,CC,TT,CC,TT,TT,GG,TT,CC,TT,CC,CT,CC,GG,AA,TT,TT,CC,AA,AA,AA,CC,GG,TT,CC,TT,AA,AC,TT,CC,GG,CC,GG,CT,GG,CT,AA,CC,CC,CC,CC,AA,TT,CC,AA,CC,CC,AA,TT,AA,AA,GG,CC,CC,NN,AA,NN,AA,CC,GG,CG,CC,AA,AG,AG,TT,AG,AC,GT,CT,GG,CC,GT,TT,TT,CG,AA,TT,TT,AT,TT,GG,CC,AA,CT,CC,CC,CG,CC,AA,GG,AG,CC,TT,CC,GT,TT,CG,TT,AA,NN,TT,AC,GG,AA,CC,CC,GG,GG,AC,GG,CT,AA,AA,CG,GG,AT,CC,AA,AA,GG,TT,TT,AT,GG,GG,AT,CC,TT,TT,AA,GG,AA,CT,AA,TT,CG,TT,AA,CC,TT,GG,AA,CC,GG,CC,TT,CC,GT,NN,TT,AA,NN,AA,GG,CC,CC,GG,CC,GG,TT,AA,CC,TT,GG,CC,CC,AT,GG,CG,AA,CC,AA,AA,AA,CC,AC,TT,AA,GG,AA,AA,AA,AA,GG,AG,GG,AA,AT,GG,AA,AG,CC,AA,TT,AG,AA,GG,GG,GG,GT,AA,AA,TT,TT,TT,AG,TT,GG,GG,AA,7.19,Moderate,Medium,Standard,Early
L0438,Mandya,Karnataka,Kharif,Red Loamy,Irrigated (Cauvery command),780,27.0,72,CC,TT,GG,AA,GG,CC,GT,TT,CC,CC,AA,CC,CG,AT,TT,GT,GG,NN,TT,AA,CC,GT,GG,CC,TT,CC,GT,TT,GG,AA,TT,CC,AA,CC,GG,GG,GG,CC,GG,CC,TT,CT,AA,TT,AG,AA,TT,AT,CC,AA,GT,AT,AA,GG,CC,TT,AA,AC,GT,AA,AA,TT,TT,AG,TT,AT,CC,GG,TT,GG,AA,GT,CC,AA,GG,AA,AA,GG,TT,CT,NN,GT,GT,CC,AA,GG,AA,AA,CC,GT,AC,TT,CT,TT,TT,GG,TT,CC,GT,CC,CC,CG,AG,NN,TT,TT,CC,AA,AG,AC,CT,GG,TT,CC,TT,AA,AC,TT,CC,GG,CG,GG,CT,GT,CT,AA,CT,CC,NN,CC,AA,TT,CC,AA,CC,CC,AA,TT,AA,AA,GG,CT,CC,GG,AA,AG,AA,CC,GG,CC,CG,AA,AA,GG,TT,AG,AC,TT,CT,GG,AC,TT,GT,TT,GG,AT,GT,TT,AA,TT,GG,CC,AG,CC,AC,CC,CG,CC,AA,GG,AG,CC,TT,CC,GT,NN,CG,AT,AA,AA,TT,CC,GG,AA,AC,CG,GG,GG,AA,GG,CT,AC,AA,CC,GG,AA,AC,AA,AA,GG,TT,TT,AA,GG,GG,AT,CC,TT,TT,AA,GG,AA,TT,AA,NN,CC,CT,AC,AC,TT,CC,AG,CC,AG,NN,TT,TT,TT,GG,TT,AA,AC,AG,GG,CC,CG,GG,CC,GG,TT,AA,CC,GG,GG,CC,CG,AA,GG,CC,AT,CC,AT,AA,AC,CC,AC,TT,AA,GG,AA,AA,AC,AA,AG,GG,AA,AA,AT,GG,AC,AG,AA,AA,TT,AA,AA,GG,GG,GG,TT,AA,AA,GT,TT,TT,AG,TT,GG,GG,AA,7.68,Resistant,Medium,Poor,Medium
L0439,Mandya,Karnataka,Kharif,Red Loamy,Irrigated (Cauvery command),780,27.0,72,CC,TT,GG,AG,GG,CC,GT,TT,CC,GG,AA,CC,NN,TT,TT,GG,GG,TT,TT,AA,CC,GT,TT,CC,TT,CC,TT,TT,GG,AA,TT,CT,AA,CC,GG,GG,GG,CG,GG,CC,TT,TT,AA,TT,AA,AG,TT,TT,CC,AC,GT,AT,AA,GG,CT,TT,AT,AA,GT,CC,AA,TT,TT,AA,TT,AT,CC,GG,TT,GG,AG,GT,CC,AA,AG,AA,AA,AG,GT,TT,GG,GG,GG,CC,AA,GG,AA,AA,NN,GT,CC,TT,CT,NN,TT,GG,TT,AC,TT,CC,TT,CC,AG,AA,TT,TT,CG,AA,AG,AA,CT,GG,TT,CC,TT,AA,AA,TT,CC,AG,CC,AG,CC,GG,TT,GG,CT,CC,CC,CG,AA,TT,CC,AA,CC,CT,AA,TT,AA,AT,GG,CC,CC,GG,AG,AA,AA,CC,GG,CC,CG,AA,AA,GG,TT,GG,AC,GT,TT,GG,AC,TT,TT,TT,CC,AA,GT,TT,AA,TT,GG,CC,AA,CC,CC,CC,GG,CC,AA,GG,AA,CC,TT,CC,GG,TT,GG,AT,AA,AA,TT,CC,GG,AA,CC,CC,GG,GG,AC,GG,TT,AC,AA,CC,GG,AA,CC,AA,AT,GT,TT,TT,TT,GG,TT,AT,CC,AA,GT,AA,GG,AA,TT,AA,AT,CC,TT,AA,CC,CT,CG,GG,CG,GG,AC,TT,CT,TT,GG,AT,AA,AC,AA,GG,CC,CG,GG,CC,GG,TT,AA,CC,TT,GG,CG,CC,AA,AG,CG,AA,CG,AA,AA,AC,CC,AC,NN,AA,GG,AA,AA,AA,AA,AG,AG,AA,AA,TT,GG,AC,AG,CC,AC,CT,AA,AA,GG,GG,CG,TT,AT,AG,TT,TT,TT,AA,TT,GG,CG,AA,7.01,Moderate,Medium,Poor,Early
L0440,Mandya,Karnataka,Kharif,Red Loamy,Irrigated (Cauvery command),780,27.0,72,AC,TT,NN,GG,GG,CC,GG,TT,CC,NN,AT,CC,CG,TT,TT,GG,CC,TT,TT,AG,CC,TT,GT,CT,TT,CC,GT,TT,GG,AA,TT,CC,AA,CC,GG,GG,GG,CG,GG,AC,TT,CT,AC,TT,AG,GG,TT,TT,CC,CC,GT,AA,AA,GG,CC,TT,AA,AA,GG,AA,AA,NN,AT,AA,CT,TT,CC,GG,TT,GT,AA,GG,CC,NN,AG,AA,AA,GG,TT,TT,GG,GT,GG,CC,AA,GG,AA,AA,CG,TT,CC,TT,CC,TT,TT,GG,CC,CC,TT,CC,CC,CC,GG,AG,TT,TT,CC,AA,AA,AA,CC,GG,GT,CC,GT,AA,AA,TT,CC,GG,CG,GG,CC,NN,TT,AA,CC,CC,CC,CC,AA,TT,AC,AA,CC,CC,AA,NN,AA,AA,GG,CT,CC,GG,AA,AA,AA,AC,GT,CC,CC,AA,AA,AG,TT,AG,AA,GG,TT,GG,CC,TT,GT,TT,CC,AA,TT,TT,AT,TT,CG,CC,GG,TT,CC,CC,CG,CC,AA,GG,AG,CC,TT,CC,GT,TT,CG,TT,AA,AA,TT,CC,GG,AA,CC,CC,GG,GG,AC,GG,TT,AC,AA,CC,GT,AA,AC,AT,AT,GG,TT,AA,AT,GG,GT,AA,CC,NN,GT,AA,GG,AA,TT,AA,TT,CC,TT,AA,CC,TT,GG,AA,CG,GG,CC,NN,CT,GT,GG,TT,AC,AA,AG,GG,CC,CC,GG,CC,GG,AT,AA,CC,GT,GG,CC,CC,AA,GG,CG,AT,CG,AA,AA,AC,CG,AC,TT,AA,CG,AA,AC,AC,AA,AG,AG,AA,AG,TT,GG,AA,AG,CC,AA,CT,AA,AA,GG,GG,GG,GT,AA,AA,TT,TT,TT,AG,AT,GG,GG,AC,6.6,Resistant,High,Premium,Late
L0441,Mandya,Karnataka,Kharif,Red Loamy,Irrigated (Cauvery command),780,27.0,72,NN,CT,GG,AG,GG,CC,GG,AT,CC,GG,AA,CT,CC,TT,TT,GT,GG,TT,TT,AA,CC,TT,GT,CC,TT,CT,GT,TT,GG,AA,TT,CC,AA,CC,GG,GG,GG,CG,NN,AC,TT,CC,AA,TT,AA,AA,TT,AT,CC,AA,GG,TT,AA,GG,CC,TT,AA,CC,GT,AA,AG,TT,AT,AA,TT,AT,CC,GG,TT,GG,AA,GT,CC,AA,AG,AC,AT,GG,TT,TT,GG,GT,GG,CC,AA,GG,AA,AA,CC,GT,CC,TT,CC,TT,GT,GG,TT,CC,GT,CT,CC,GG,GG,AA,TT,TT,CC,AA,AG,AA,CC,GG,TT,CC,TT,AA,AA,AT,CC,AG,CC,AG,CC,GG,CT,AA,CC,CC,CC,CC,NN,TT,CC,AA,CC,CC,AA,AT,AA,AA,GG,CT,CC,GG,AA,AA,AA,CC,GT,CC,CC,AA,NN,GG,GT,GG,AA,TT,TT,GG,CC,TT,GT,TT,CC,AA,GT,CT,AT,AA,GG,CC,AA,CT,CC,CC,CG,AC,AT,GG,AG,NN,TT,CC,TT,GT,CG,AT,AA,AA,TT,CC,GG,AA,CC,CC,GG,GG,AC,GG,TT,AC,AA,CC,GT,AA,AC,AA,AA,GG,TT,TT,AT,CG,GT,AT,CG,AT,GT,AA,GG,AA,TT,AA,TT,CC,TT,AC,CC,CT,GG,AG,CG,NN,CC,TT,CT,GT,GG,TT,AA,AC,AG,GG,CC,CG,GG,CC,GG,AT,AA,CC,TT,GG,NN,CC,AA,GG,CC,AA,CC,AA,AA,CC,CC,CC,TT,AA,GG,AA,AA,AA,AC,AG,AG,AA,AA,TT,GG,AA,NN,AC,AA,CT,AA,AA,GG,GG,GG,GT,AA,AA,TT,TT,AT,AA,TT,CG,GG,AC,4.58,Resistant,Medium,Standard,Early
L0442,Mandya,Karnataka,Kharif,Red Loamy,Irrigated (Cauvery command),780,27.0,72,NN,CT,GG,AA,CG,CC,GG,TT,CC,GG,AA,CC,CG,TT,NN,GG,GG,TT,TT,AA,CG,GT,TT,CT,TT,CC,TT,TT,GG,AA,TT,CC,AA,CC,GG,CG,GG,CC,GG,CC,TT,CC,AA,GT,AA,AG,CC,TT,CC,AC,GG,AA,AG,GG,CC,NN,AT,AC,TT,AA,AG,TT,TT,AG,TT,AT,CC,GG,TT,TT,AA,GG,CC,AA,GG,AA,AT,GG,TT,TT,GG,GG,GG,CC,AA,GG,AA,AA,CC,GG,AC,TT,CC,TT,TT,AA,TT,CC,GT,CC,CC,CC,AG,AA,TT,GT,CG,AG,AA,AA,TT,GG,TT,CC,TT,AA,AA,TT,CC,AG,CC,GG,TT,GG,CT,AA,CC,NN,AC,CC,AA,TT,CC,AA,CC,CC,AA,TT,AA,AA,GG,CT,CC,GG,AA,GG,AA,AC,GT,CC,CC,AA,AA,GG,GT,GG,AA,GT,TT,GG,AC,TT,GG,CT,CC,TT,TT,TT,AA,TT,GG,CG,AA,CC,AC,CC,CG,CC,AA,GG,AA,CC,TT,CG,GT,TT,CG,AT,AA,AA,TT,CC,CC,AA,CC,CG,GG,GG,CC,GG,TT,AA,AA,CC,GG,AA,AC,AT,AA,GT,NN,TT,AT,GG,GT,AA,CC,TT,GT,AA,AG,AA,TT,AA,TT,CC,TT,AA,CC,TT,NN,AA,CG,AA,CC,TT,TT,GT,GG,TT,AA,AC,AG,GG,CC,CG,GG,CG,GG,AT,NN,CC,TT,AG,CG,CC,AT,GG,CC,AA,CG,AT,AA,AC,GG,AC,AT,AA,GG,AA,AA,AA,AA,AG,AG,AA,AA,TT,GG,AA,GG,AA,AA,TT,AA,AA,GG,GG,CC,TT,AA,AA,TT,TT,TT,AG,TT,GG,GG,AA,6.68,Susceptible,Low,Poor,Late
L0443,Mandya,Karnataka,Kharif,Red Loamy,Irrigated (Cauvery command),780,27.0,72,AC,TT,AG,AA,GG,CC,GG,TT,CC,GG,AA,CC,GG,TT,TT,GG,CC,TT,TT,AG,CC,TT,GT,CT,TT,CC,TT,AT,GG,AC,TT,CC,AA,CC,GG,CG,GT,CC,GG,CC,TT,CT,AA,TT,AG,GG,TT,TT,CC,AC,GG,AA,AA,GG,CT,TT,AA,AA,TT,AC,AG,GT,AT,GG,CT,AT,CC,GG,CT,GT,AA,GG,CC,AA,AG,AC,AT,GG,TT,TT,GG,GT,GG,CC,AA,AG,AA,AA,CC,TT,AC,GT,CT,TT,TT,GG,TT,CC,GG,CC,CC,CG,AG,AA,TT,TT,CC,AA,AG,AC,CT,GG,TT,CG,GT,CC,AA,TT,CC,GG,CC,GG,CC,GT,TT,AG,CC,CC,CC,CC,AG,GT,CC,AA,CC,CC,AA,TT,AA,AA,GG,CC,CC,GG,AG,AG,AA,AC,GG,CC,CC,AA,AA,AG,TT,GG,AC,TT,CT,GG,AC,NN,TT,CT,CC,AA,GT,TT,AA,AT,GG,CC,AA,CC,CC,AC,CG,CC,AA,GG,AA,CC,TT,CC,GT,TT,GG,TT,AA,AA,TT,CC,GG,AA,AC,CC,GG,AG,AC,GG,TT,AC,AA,CC,GT,AT,CC,AA,AT,GG,TT,AT,AT,NN,GT,AA,CC,AT,TT,AA,GG,AA,TT,AA,TT,CC,CT,AA,AC,TT,GG,AA,CG,AG,CC,TT,TT,GT,GG,TT,AA,NN,AG,GG,CC,CC,GG,CC,GG,TT,AG,CG,GT,GG,CC,CG,AA,GG,CC,AT,CC,AA,AA,AC,CG,AC,TT,AA,GG,AA,AA,AA,AA,NN,AA,AA,AA,AT,GG,AA,AA,CC,AC,CT,AA,AG,GG,GG,GG,TT,AA,NN,GT,TT,TT,AA,AT,GG,GG,AA,5.64,Moderate,Low,Poor,Late
L0444,Mandya,Karnataka,Kharif,Red Loamy,Irrigated (Cauvery command),780,27.0,72,AC,CT,GG,AA,GG,CC,NN,TT,CC,CG,AA,CC,CC,AT,TT,GG,GG,TT,TT,AA,CC,TT,TT,CT,TT,CC,NN,TT,GG,AA,TT,CC,AA,CC,GG,GG,GG,GG,GG,CC,TT,CT,AC,TT,AA,AG,TT,AT,CC,CC,GG,AA,AA,GG,CT,GT,AT,CC,GG,AA,AA,TT,TT,AA,TT,AT,NN,GG,TT,GG,AA,GG,AC,AA,GG,AC,AT,GG,GT,TT,GG,GG,GG,CC,AT,GG,AA,AT,CC,GT,AC,TT,CC,AT,TT,GG,CT,CC,GT,CC,CC,CC,GG,AA,TT,TT,CC,NN,AG,AA,NN,GG,TT,CC,TT,AA,AA,TT,CC,GG,CC,GG,CC,GT,TT,AA,CC,CC,CC,CC,AG,TT,AC,AA,CC,CC,AA,TT,AG,AA,GG,CT,CC,GG,AA,GG,AA,AC,GT,CC,CC,AA,AA,GG,TT,GG,AA,TT,NN,GG,CC,TT,TT,TT,CC,AA,TT,TT,AA,TT,GG,CC,AG,TT,CC,CC,CG,CC,AA,GG,AG,CC,TT,CC,GT,TT,GG,AT,AA,AG,TT,CC,GG,AC,AC,CC,GG,GG,AC,GG,TT,AC,AA,CC,GG,AT,AA,AA,AT,GT,TT,TT,AT,GG,GT,AA,CC,NN,TT,AA,GG,AA,TT,AA,TT,CC,CC,AA,CC,TT,GG,AG,CG,AA,AC,TT,TT,TT,GG,TT,AA,CC,AA,GG,CC,CC,GG,CC,GG,AT,AA,NN,NN,GG,CC,CC,AT,AG,CC,AA,CC,AA,AA,AC,CG,CC,TT,AA,GG,AA,AC,AC,AA,GG,AA,AA,AA,AT,GG,AA,AA,CC,AC,CT,AA,AA,GG,AG,GG,TT,AT,AA,GG,TT,TT,AA,AT,GG,GG,AA,8.01,Susceptible,High,Poor,Medium
L0445,Mandya,Karnataka,Kharif,Red Loamy,Irrigated (Cauvery command),780,27.0,72,AC,TT,AG,NN,GG,CC,GG,TT,CC,CC,AA,CT,CG,TT,GT,GG,GG,TT,TT,AG,CC,TT,GG,CT,TT,CC,GT,TT,GG,AA,TT,CC,AA,CC,GG,GG,GG,CG,GG,CC,TT,CT,AA,TT,AA,GG,TT,AT,CC,AA,GG,AA,AA,GG,CC,TT,AA,AC,GG,AC,AA,GT,AT,AG,CT,TT,CC,GG,TT,GT,AA,GG,CC,AA,GG,AC,AT,NN,TT,TT,GG,GG,GG,CC,AA,AG,AA,AA,CC,GG,AC,TT,CC,AT,TT,GG,TT,CC,TT,CC,CC,CC,AG,AA,TT,TT,CC,AA,AG,AC,CC,GG,TT,CC,TT,AA,AA,TT,CC,AA,CG,GG,CC,GG,CT,AA,NN,CC,CC,CC,AA,TT,CC,AA,CC,CC,AA,TT,AG,AT,GG,CC,CC,GG,AG,AG,AA,CC,GG,CC,CC,AA,AG,GG,TT,GG,AC,TT,CT,GG,AC,TT,GT,CT,CC,AA,TT,TT,AA,TT,GG,CC,AG,CT,CC,AC,CC,CC,AA,GG,GG,CC,TT,CC,GG,TT,GG,TT,AA,NN,GT,CC,GG,AA,AA,CC,GG,GG,NN,GG,TT,AC,AA,CC,GG,AA,CC,AA,AT,GG,TT,AT,AA,CG,GT,AT,CC,TT,GG,AA,GG,AA,TT,AA,TT,CC,TT,AA,CC,CT,GG,AA,CC,AG,CC,TT,TT,GT,GG,TT,AA,AC,AG,GG,CC,CC,GG,CC,GG,TT,AA,CC,GT,GG,CC,CG,AA,GG,CC,AT,CC,AT,AA,CC,GG,AC,TT,AG,NN,AA,AA,CC,AC,AG,AG,AA,AA,TT,GG,AC,AG,AC,AA,CT,AG,AA,GG,GG,GG,TT,AA,AA,GT,TT,TT,AG,AT,GG,CG,AA,6.21,Susceptible,Low,Standard,Early
L0446,Mandya,Karnataka,Kharif,Red Loamy,Irrigated (Cauvery command),780,27.0,72,CC,TT,GG,AG,GG,CC,GG,TT,CC,CC,AA,CT,CC,TT,TT,GT,CG,TT,TT,AA,CC,GT,GT,CC,TT,CC,TT,AT,GG,AA,TT,CC,AA,CC,GG,GG,GG,CG,GG,CC,TT,CT,AA,TT,AG,AA,TT,TT,CC,AC,GG,AA,AG,GG,CC,TT,AT,CC,GG,AC,AA,GT,TT,AA,TT,AT,CC,GG,TT,GG,AA,GG,CC,AA,GG,AC,AT,GG,GT,TT,GG,GG,TT,CC,AT,GG,AG,AA,CC,GT,AC,TT,CT,TT,TT,GG,TT,CC,GT,CC,CT,CC,AG,AG,AT,TT,CC,AA,AA,AA,CC,GG,TT,CC,TT,AA,AC,TT,CC,AG,CC,GG,CC,GT,TT,AG,CC,CC,CC,CC,AA,TT,AC,AA,CC,CT,AA,TT,AA,AA,GG,CT,CC,GG,AA,AG,AA,CC,GG,CC,CG,AG,AA,AG,TT,GG,AA,TT,CT,GG,CC,TT,TT,TT,CC,AA,TT,CT,AA,TT,GG,CC,AA,CT,CC,CC,CG,CC,AA,GG,AA,CC,TT,CC,GT,TT,GG,TT,AG,AG,TT,CC,GG,AA,AC,CC,GG,GG,AC,GG,TT,AC,AA,CC,GG,AA,CC,AA,AT,GG,GT,AA,AT,GG,GT,AT,CC,TT,TT,AA,GG,AA,TT,AC,AT,CC,TT,AC,CC,CT,GG,AG,CC,GG,CC,TT,TT,GT,GG,TT,AA,AA,NN,GG,CC,CC,GG,CC,GG,AT,AA,CC,TT,GG,CC,CC,AA,GG,CC,AA,CC,AT,AA,CC,CC,AC,TT,AA,GG,AA,AA,AC,AA,GG,AG,AA,AA,TT,GG,AA,AA,AC,AA,CC,AA,AA,GG,GG,GG,TT,AA,AA,TT,TT,TT,AG,AA,GG,GG,AA,7.57,Susceptible,High,Standard,Medium
L0447,Mandya,Karnataka,Kharif,Red Loamy,Irrigated (Cauvery command),780,27.0,72,AC,TT,GG,AG,GG,CC,GG,AT,CC,CC,AA,CC,CC,AT,TT,GG,GG,TT,TT,AG,CG,TT,GG,CC,TT,CC,TT,AT,GT,AA,TT,CT,AA,CC,GG,GG,GG,CC,GG,CC,TT,CC,AC,TT,AA,AG,TT,TT,CC,AA,GT,AT,AA,GG,CC,TT,AA,AA,GG,AC,AA,TT,TT,AA,TT,TT,CC,GG,TT,GG,AA,GG,CC,AA,GG,AC,AA,GG,GT,TT,GG,GG,GG,CC,AA,GG,AG,AA,CC,GT,CC,TT,CC,TT,GT,GG,TT,CC,TT,CC,CC,CG,GG,AA,AT,TT,CC,AA,AG,AA,CC,GG,TT,CG,GG,AA,AA,TT,CG,GG,CC,AG,CC,NN,TT,AA,CC,CC,CC,CC,AA,TT,AC,AA,CC,CC,AA,AT,AA,AA,CG,CC,CG,GG,AG,GG,AA,AC,GT,CC,CC,AA,AA,GG,TT,GG,AC,GT,TT,GG,AC,GT,GG,TT,CG,AA,GG,CT,AA,AT,GG,CC,AG,CC,CC,CC,CG,AC,AA,GG,AG,CC,TT,CG,GG,TT,GG,TT,AA,AA,TT,CC,GG,AA,CC,CC,GG,GG,AC,GG,TT,AC,AA,CC,GT,AA,CC,AA,AT,GG,TT,AT,AA,CG,TT,AT,CC,TT,GT,AA,GG,AA,TT,AA,TT,CC,CT,AC,CC,CT,CG,AG,CC,AA,CC,TT,TT,TT,GG,TT,AA,AA,AA,GT,CC,CG,GG,CC,GG,AT,AA,CC,TT,GG,CC,CC,AA,AG,CC,AA,CC,AA,AA,CC,CC,AC,TT,AA,NN,AA,AA,AA,AA,AG,AG,AA,AA,TT,GG,AA,AA,CC,AA,CT,AA,AA,CC,GG,CG,TT,AA,AA,TT,TT,TT,AG,AT,GG,CG,AA,5.29,Susceptible,Medium,Poor,Early
L0448,Mandya,Karnataka,Kharif,Red Loamy,Irrigated (Cauvery command),780,27.0,72,AC,CC,GG,AA,NN,CC,GG,TT,CC,CG,AT,CC,CG,TT,TT,GG,CC,TT,TT,AG,CG,TT,GT,CT,TT,CC,TT,TT,GG,AA,TT,CC,AA,CC,GG,CG,GG,CG,GG,CC,TT,CT,AA,GT,AA,GG,TT,TT,CC,AC,GG,AA,AA,GG,CC,TT,AA,AC,GG,AC,AA,GT,TT,AA,TT,TT,CC,GG,CT,GT,AA,GT,CC,AA,GG,AC,AT,AG,GT,TT,GG,GG,GG,CC,AT,GG,AA,AA,CG,GG,CC,TT,CC,TT,TT,AG,TT,CC,GT,CT,CC,CG,NN,AG,TT,TT,CG,AA,AG,AA,CC,GG,TT,CG,GT,AA,AC,TT,CC,AG,CC,GG,CC,GT,CT,AA,CC,CC,CC,CC,AA,TT,CC,AA,CC,CC,AA,TT,AA,AA,GG,CT,CC,GG,AA,AG,AA,CC,GT,CC,CC,AA,AA,AG,TT,GG,AA,TT,CT,GG,CC,GT,TT,TT,CC,TT,NN,TT,AT,AT,GG,CG,AG,TT,CC,AC,GG,CC,AT,GG,AG,CC,TT,CG,GT,TT,CG,AT,AA,AA,TT,CC,GG,AC,AC,CC,GG,GG,AC,GG,TT,AC,AG,CC,GG,AA,CC,AA,AT,GG,TT,AT,AT,GG,TT,AA,CG,TT,GT,AA,GG,AA,TT,AA,TT,CC,TT,AA,CC,TT,GG,AG,CG,AG,CC,TT,CT,TT,GG,AT,AC,CC,AG,GG,CC,CC,GG,CC,GG,TT,AA,CC,TT,GG,CC,CG,AA,GG,CC,AA,CG,AA,AA,AC,GG,CC,TT,AA,NN,AA,AA,AC,AA,AG,AG,AG,AA,TT,GG,AA,AA,CC,AA,CT,AA,AA,CG,GG,GG,TT,AT,AG,GT,TT,TT,AA,AT,GG,GG,AA,8.02,Moderate,High,Premium,Late
L0449,Mandya,Karnataka,Kharif,Red Loamy,Irrigated (Cauvery command),780,27.0,72,AC,TT,GG,GG,GG,CC,GG,AT,NN,CC,AA,CT,CG,TT,GG,GG,GG,TT,TT,AA,CC,NN,NN,CC,TT,CC,TT,NN,GT,AA,TT,CC,NN,CC,GG,GG,GG,GG,GG,CC,TT,TT,AA,TT,AA,AA,TT,AT,CC,CC,GG,AA,AA,GG,CC,TT,AA,AA,GG,AC,AA,TT,AA,AG,TT,TT,CC,GG,TT,GT,GG,GG,CC,AA,GG,AA,TT,GG,TT,TT,AG,GG,GG,CC,AA,GG,AA,AA,CC,GT,AC,TT,CC,TT,TT,GG,CT,CC,TT,CC,CC,CC,AA,AA,TT,TT,CC,AA,AA,AA,CC,GG,TT,CC,TT,AA,AC,TT,CC,GG,CG,GG,CC,GG,TT,AG,CT,CC,CC,CC,AA,TT,AC,AA,CC,CC,AA,AT,AA,AT,NN,CC,CC,GG,AA,AG,AT,CC,GG,CC,CC,AA,AA,GG,TT,GG,AC,TT,TT,AG,CC,TT,GT,CT,CC,AA,GG,TT,AA,TT,GG,CG,AG,CC,AC,CC,GG,CC,AA,AG,AA,CC,TT,CC,GG,GT,GG,AA,AA,AA,TT,CC,GG,AC,CC,CC,GG,GG,AA,CG,TT,AA,AG,CG,GG,AT,CC,AA,AA,GG,TT,TT,AA,CG,GT,AT,CC,AA,GT,AA,GG,AA,TT,AA,TT,CC,TT,CC,CC,TT,GG,AG,CC,AA,CC,TT,TT,GT,GG,NN,AC,CC,AA,GG,CC,CC,GG,CC,GT,TT,AA,CC,GT,GG,CC,CC,AA,AG,CC,AA,CC,AT,AA,AA,CG,AC,TT,AA,GG,AA,AA,AA,AA,GG,AG,AA,AA,TT,GG,AC,AG,CC,AC,CT,AA,AA,GG,AG,CG,TT,NN,AA,TT,TT,TT,AA,TT,GG,GG,AA,5.59,Susceptible,Medium,Poor,Early
L0450,Mandya,Karnataka,Kharif,Red Loamy,Irrigated (Cauvery command),780,27.0,72,AA,CT,GG,AA,GG,CC,GG,TT,CC,CC,AA,CC,CG,TT,TT,GG,CG,TT,TT,AG,CG,GT,TT,NN,TT,CT,TT,TT,GT,AA,NN,CT,AA,CC,NN,CG,GG,CC,GG,CC,TT,TT,AA,TT,AA,GG,TT,AT,CC,AC,GG,AA,AA,GG,CT,TT,AA,AA,TT,AA,AA,GT,AT,AG,TT,AA,CC,GG,TT,GG,AA,GG,CC,AA,GG,AA,AA,GG,TT,TT,GG,GG,GT,CC,AA,NN,AA,AA,CC,TT,CC,TT,TT,TT,GT,GG,TT,CC,TT,CT,CC,CC,GG,AA,TT,GT,CC,AA,AA,AA,CC,GG,TT,CG,TT,AA,AA,TT,CC,GG,CC,GG,CC,GG,CT,AG,CC,CC,AC,CC,AA,TT,CC,AA,CC,CT,AA,TT,AA,AT,GG,CT,CC,GG,AA,AG,AA,AC,GG,CC,CC,AA,AA,AG,GT,GG,CC,TT,CC,GG,AC,GG,TT,TT,CG,AT,GT,TT,AT,AT,GG,CC,AG,CC,CC,CC,GG,CC,AA,GG,AG,CC,TT,CC,GG,GT,GG,AA,NN,AG,TT,CC,GG,AA,AC,CC,GG,GG,AA,GG,TT,AC,AA,CC,GG,AA,CC,AA,AA,GG,TT,TT,AA,CG,GT,AA,CC,TT,GT,AA,GG,AA,TT,AA,TT,CC,TT,AC,CC,CT,GG,AG,CC,AG,CC,NN,CT,TT,GG,TT,AC,AC,AG,GG,CC,CG,GG,CC,GG,AA,AA,CG,GT,GG,CC,CC,AA,AG,CG,AT,CC,AA,AA,AC,GG,CC,TT,AA,GG,AA,AA,AC,AA,AA,AA,AG,AA,AT,GG,AA,NN,AC,AA,CT,AA,AA,CG,GG,GG,TT,AT,AG,GT,TT,TT,AA,TT,GG,NN,AA,7.13,Susceptible,Medium,Standard,Late
L0451,Mandya,Karnataka,Kharif,Red Loamy,Irrigated (Cauvery command),780,27.0,72,CC,TT,GG,AG,GG,CC,GG,AT,CC,CG,AA,CC,CG,TT,TT,GT,GG,TT,TT,AA,CC,TT,GT,CC,TT,CC,GT,TT,GT,AA,TT,CC,AA,CC,GG,GG,GG,CC,GG,CC,TT,CT,NN,TT,GG,GG,CT,TT,CC,CC,GG,AA,AA,NN,CC,GT,AA,AC,TT,AC,AA,TT,AT,AG,TT,TT,CC,GG,TT,GT,AG,GT,CC,AA,GG,AC,AA,GG,TT,TT,GG,GG,GG,CC,AA,GG,AA,AA,CC,GT,CC,TT,CC,TT,TT,GG,TT,CC,GT,CC,CC,GG,AG,AA,TT,TT,CC,AA,AG,AA,TT,GG,TT,CC,TT,AA,AA,TT,CC,AG,CC,GG,CC,GG,TT,AA,CC,CC,CC,CG,AA,TT,CC,AA,CC,CC,AA,TT,AA,NN,GG,CC,CC,GG,AG,AA,AT,CC,GG,CC,CC,AA,AA,GG,TT,GG,AA,TT,CT,AG,NN,GT,GT,CT,CG,AA,TT,CT,AT,TT,CG,CC,AA,CC,CC,CC,GG,CC,AA,GG,GG,CC,TT,CG,GT,GG,GG,AT,NN,AA,TT,AC,GG,AA,CC,CC,GG,NN,AC,CG,TT,AA,AA,CC,GT,AA,AC,AA,AA,GT,TT,TT,AA,GG,GG,AT,CC,TT,TT,AA,GG,AA,CC,AA,TT,CC,NN,AC,CC,CT,CG,GG,CC,AA,CC,AT,CT,GT,CG,TT,AC,AA,AA,GG,CC,CG,GG,CG,GG,AT,AA,CC,GG,GG,CC,CC,AA,GG,CC,AT,CC,AA,AA,AC,CC,AC,TT,AA,GG,AA,AA,AC,AA,AG,AA,AG,AG,AT,GG,AC,AG,AC,AA,TT,AG,AG,GG,AG,GG,TT,AT,AA,NN,TT,TT,AA,AT,GG,CG,AA,4.86,Susceptible,Low,Standard,Late
L0452,Mandya,Karnataka,Kharif,Red Loamy,Irrigated (Cauvery command),780,27.0,72,AA,TT,GG,GG,GG,CC,GG,TT,CC,CC,AA,CT,CC,AT,TT,GT,CG,TT,TT,AA,CG,TT,TT,CC,TT,CT,TT,TT,GG,AA,CT,CC,AA,CC,GG,CC,GG,CC,GG,CC,TT,TT,AA,TT,AG,GG,TT,TT,CC,CC,GG,AA,AA,GG,CC,GT,AA,AA,TT,AA,AA,GT,TT,AG,TT,TT,NN,GG,CT,GG,AA,GG,CC,AA,GG,AC,AA,GG,NN,TT,GG,GG,GT,CC,AA,GG,AA,AA,CG,TT,AC,TT,CC,TT,NN,GG,TT,CC,GT,CC,CC,CC,GG,AA,TT,TT,CC,NN,NN,CC,CC,GG,TT,CC,TT,AA,AA,TT,CC,AG,CC,GG,CC,GT,CT,AA,CC,CC,CC,CG,AA,TT,CC,AA,CC,CC,AA,AA,AA,AT,GG,CC,CC,GG,AA,AG,AA,CC,GT,CC,CC,AA,AG,GG,GT,GG,AA,TT,CT,NN,CC,GT,GT,CT,CG,AA,GT,CT,TT,TT,GG,CC,GG,CT,CC,CC,GG,CC,AA,GG,AA,CC,TT,CC,GG,GT,GG,TT,AG,AG,TT,AC,GG,AA,CC,CC,GG,GG,AA,GG,TT,AA,AA,CC,GT,AA,CC,AT,AT,GG,GT,TT,AA,GG,GG,AT,CC,AT,TT,AA,GG,AA,TT,AA,TT,CC,TT,CC,CC,TT,GG,AA,CC,AA,CC,AT,TT,GT,GG,AT,AC,CC,GG,GG,CC,CC,GG,CC,GG,AT,AA,CC,GG,GG,CC,CC,AA,GG,CC,AA,CC,AA,AA,AC,GG,CC,TT,AG,GG,AA,AA,AC,AA,GG,AG,AG,AA,TT,GG,AA,AA,CC,AC,TT,GG,AG,GG,GG,GG,TT,AT,AG,TT,TT,TT,AG,AT,GG,GG,AA,7.79,Moderate,Medium,Premium,Early
L0453,Mandya,Karnataka,Kharif,Red Loamy,Irrigated (Cauvery command),780,27.0,72,CC,TT,GG,AG,GG,CC,GG,TT,CC,CC,AA,CC,CG,AA,TT,GG,CG,TT,TT,AA,CC,GT,GT,CC,TT,CC,TT,TT,GG,AA,TT,CC,AA,CC,AG,GG,GG,CG,GG,CC,TT,NN,AA,GT,AG,GG,TT,AT,NN,NN,GG,AT,AG,GG,CC,TT,AA,AA,GT,AC,AA,TT,TT,AA,TT,TT,CC,GG,TT,GT,AA,GT,CC,AA,AG,AC,AT,GG,TT,TT,GG,GT,GG,CC,AA,GG,AA,NN,CC,GG,CC,GT,CC,TT,TT,GG,CT,AC,GG,CC,CC,CC,AG,AA,TT,TT,CC,AA,AG,CC,CT,GG,TT,CC,TT,AA,AC,TT,CC,GG,CC,GG,CC,TT,CC,AG,CT,CC,CC,CG,AA,TT,AC,AA,CC,CC,AA,TT,AA,AA,GG,CC,CC,GG,AA,AG,AA,AC,GG,CG,CC,AG,AG,GG,GT,GG,AC,GT,CC,GG,AC,TT,TT,TT,CG,TT,GT,CT,AA,AT,CG,CC,AG,CT,CC,AC,CC,CC,AA,GG,AG,CC,TT,CC,GT,GT,GG,TT,AA,GG,TT,AC,GG,AA,CC,CG,GG,AG,AC,GG,TT,AC,AG,CC,GG,AA,CC,AA,AA,GG,TT,TT,AT,GG,GT,AT,CC,AT,GT,AA,GG,AA,TT,AA,TT,CC,CT,AC,CC,TT,CG,AA,CC,AG,CC,TT,CC,TT,GG,TT,AA,CC,AA,GG,CG,CC,GG,CC,GG,TT,AA,CC,GT,GG,CC,CC,AA,GG,CC,NN,CC,AA,AA,CC,GG,CC,TT,AA,GG,AA,AA,AC,AA,AG,AA,AG,AA,TT,GG,AA,AA,CC,AA,TT,AA,AA,GG,GG,GG,TT,NN,AA,GT,TT,AT,AA,TT,GG,GG,AA,10.32,Susceptible,Medium,Standard,Late
L0454,Mandya,Karnataka,Kharif,Red Loamy,Irrigated (Cauvery command),780,27.0,72,AC,CT,GG,GG,CG,CC,GT,TT,CC,CC,AA,CC,CG,TT,TT,GG,CG,TT,TT,AA,CC,GT,TT,CT,TT,CT,TT,TT,GG,AA,TT,CC,AA,CC,GG,CG,GG,CC,GG,CC,TT,CT,AA,TT,AG,GG,TT,TT,CC,AA,GT,AT,AA,GG,CT,TT,AA,AA,GT,AA,AA,TT,AA,AG,TT,TT,NN,GG,TT,GT,AG,GG,CC,AG,GG,AA,AA,GG,TT,TT,GG,GG,GG,CC,AT,GG,AA,AT,CC,GT,CC,TT,CC,TT,TT,GG,TT,CC,GG,CC,CT,CC,GG,AG,TT,TT,CC,AA,AA,AA,CC,GG,TT,CC,TT,AA,AC,TT,CG,GG,CG,GG,NN,GT,TT,AA,CT,CC,CC,CC,AA,TT,CC,AA,CC,CT,AA,TT,NN,AT,NN,CC,CC,GG,AA,AA,AA,CC,GT,CG,CC,AA,AA,NN,TT,AG,AA,GT,CC,GG,AC,GT,TT,TT,CG,AA,TT,TT,AA,TT,GG,CC,AG,CC,CC,CC,GG,CC,AA,GG,AG,CC,TT,CC,GG,TT,NN,AT,AA,AA,TT,AC,NN,AA,CC,CG,GG,GG,AC,GG,TT,AC,AA,CC,GG,AA,AA,AA,AA,GG,TT,AA,AA,GG,GT,AA,CC,NN,GG,AA,GG,AA,CT,AA,TT,CC,TT,AA,CC,CT,GG,AA,CG,AG,CC,TT,CT,GT,GG,TT,AA,AC,AA,GG,CC,CC,GG,CC,GG,AT,AA,CC,GT,GG,CC,CC,AA,GG,CG,AA,CG,AT,AA,AC,CC,CC,AT,AA,GG,AA,AA,AA,AA,AG,AA,AA,AA,TT,GG,AC,AA,AC,AC,CT,AA,AA,GG,GG,GG,TT,AA,AA,TT,TT,TT,AA,TT,GG,CG,AA,5.7,Susceptible,Medium,Standard,Medium
L0455,Mandya,Karnataka,Kharif,Red Loamy,Irrigated (Cauvery command),780,27.0,72,AA,TT,GG,AA,GG,CC,GG,TT,CC,CG,AA,CC,CG,AT,TT,GG,CG,NN,TT,AA,CC,TT,GT,CC,AA,CC,TT,NN,GG,AA,CT,CC,AA,CC,GG,GG,GG,CC,GG,CC,TT,CT,AA,TT,AG,AG,TT,AT,CC,AC,GT,AA,AG,GG,CC,GT,AA,AA,GT,AA,AA,GT,AT,AG,TT,AA,CC,GG,TT,GG,AA,GG,CC,AA,GG,AA,AA,GG,TT,TT,GG,GT,GG,CC,AA,GG,AA,AA,CC,GT,CC,TT,CT,TT,TT,GG,TT,CC,GT,CC,CT,GG,NN,AA,AT,TT,CG,AG,AG,AA,CT,GG,TT,CC,TT,NN,AA,TT,CC,AG,NN,AG,CC,GG,TT,AG,CC,CC,CC,CC,AA,TT,CC,AA,CC,CC,AA,AT,AG,AA,GG,CC,CC,GG,AA,AG,AA,AC,GG,CC,CC,AA,AG,AG,TT,GG,NN,GT,CT,GG,AC,GT,GT,TT,CC,AT,GT,TT,AT,TT,CG,CC,AA,CT,AC,CC,GG,AC,AA,GG,AG,CC,TT,CG,GT,NN,GG,AT,AA,AG,TT,CC,GG,AA,CC,CC,GG,AG,AC,GG,TT,AA,AA,CC,GG,AT,CC,AA,AT,GG,TT,AT,AT,GG,GG,AA,CG,AT,GG,AA,GG,AA,TT,AA,TT,CC,CT,AA,CC,CT,CG,AG,CC,AG,CC,AT,CC,GT,NN,TT,AA,NN,AA,GG,CC,CC,GG,CC,NN,AT,AA,CC,TT,GG,CC,CC,AA,GG,CC,AA,CC,AT,AA,AA,CG,AC,TT,AA,GG,AA,AC,AC,AA,AA,AA,AA,AA,TT,CG,AA,AG,CC,AA,CT,AA,AG,GG,GG,GG,TT,AA,AG,TT,TT,TT,AA,AT,GG,CG,NN,7.19,Susceptible,Medium,Poor,Late
L0456,Mandya,Karnataka,Kharif,Red Loamy,Irrigated (Cauvery command),780,27.0,72,AC,TT,GG,AG,GG,CC,GG,TT,CC,CC,AA,CT,CC,TT,TT,GT,CG,TT,TT,AA,CG,NN,TT,CC,TT,CC,TT,AT,GG,AA,TT,CC,AA,CC,GG,CG,GG,CG,GG,CC,TT,CT,AC,TT,AA,GG,TT,TT,CC,CC,NN,AA,AA,CG,CT,TT,AA,CC,GT,AC,AA,TT,TT,AG,TT,TT,CC,GG,TT,GG,AG,GG,AC,AA,GG,NN,AA,GG,TT,TT,GG,GG,GT,CC,AA,GG,AA,AA,CC,TT,AC,TT,CC,TT,TT,GG,TT,CC,TT,CT,CT,CG,AG,AA,TT,GT,CC,AA,AG,AA,CC,GG,TT,CC,GT,CC,AC,TT,CC,AG,CC,AG,CC,GG,TT,AG,CT,CC,CC,CC,AG,TT,CC,AA,CC,CC,AA,TT,AA,AT,GG,TT,CC,GG,AA,GG,AA,CC,NN,CC,CG,AA,AA,GG,GT,GG,AC,TT,TT,GG,CC,GT,TT,TT,CC,AA,GT,CT,AA,TT,GG,CC,AG,NN,CC,CC,CG,CC,NN,AG,AA,CC,TT,CC,NN,TT,CG,TT,AA,AA,TT,CC,CG,AA,AC,CC,GG,GG,AA,GG,TT,AC,AA,CG,GG,AT,CC,AA,AA,GG,TT,AT,AA,CG,GT,AA,CC,AT,GT,AA,GG,AA,TT,AA,TT,CC,TT,AC,CC,TT,GG,AA,CG,AG,CC,TT,TT,GG,GG,TT,AA,AC,AA,GG,CC,CC,GG,CC,GG,AT,AA,CC,GT,GG,CC,CC,AT,AG,GG,TT,CC,AA,AA,CC,CG,AC,TT,AA,GG,AA,AA,AA,AA,AG,AA,AG,AA,AT,GG,AA,AG,CC,AC,TT,AA,AA,CG,GG,GG,TT,AA,GG,GT,TT,TT,AA,AT,CG,CG,AA,9.32,Susceptible,High,Premium,Early
L0457,Mandya,Karnataka,Kharif,Red Loamy,Irrigated (Cauvery command),780,27.0,72,AA,TT,GG,AA,GG,CC,GG,TT,CC,CC,AT,CT,CC,AA,TT,GG,GG,TT,NN,AG,CG,GT,TT,CC,TT,CC,TT,TT,GG,AA,TT,CT,AA,CC,GG,GG,GG,CG,GG,CC,TT,TT,AA,TT,AA,AA,TT,TT,CC,AC,GG,AA,AA,GG,CC,TT,AA,AC,GG,AC,AA,TT,AT,AG,CT,TT,CC,GG,TT,GG,NN,GG,CC,AA,GG,CC,AA,GG,TT,TT,GG,GG,GG,CC,AA,GG,AA,AT,CC,GT,CC,TT,CC,TT,TT,AG,CT,AC,GT,CC,CC,CC,AG,AA,TT,TT,CC,AG,AG,AA,CT,GG,TT,CG,GT,AA,AC,TT,CC,AG,CG,GG,CC,GT,CT,AG,CC,CC,AC,CC,AA,TT,CC,AA,CC,TT,AA,NN,AG,AA,GG,CC,CC,GG,AA,GG,AA,CC,GG,CC,CC,AA,AG,AG,TT,GG,CC,GT,TT,GG,CC,TT,GT,CT,CG,AA,TT,TT,AA,AT,GG,CC,AA,CT,CC,CC,GG,CC,AA,GG,AA,CC,TT,CC,GT,TT,GG,AA,AG,AG,TT,CC,CG,AA,CC,CC,GG,GG,AC,GG,TT,AC,AA,CC,GG,AA,AC,AA,AA,GT,TT,AT,AT,CG,TT,AT,CC,AT,TT,AA,GG,AA,TT,AA,TT,CC,CT,AC,AC,TT,CG,AG,CG,GG,CC,TT,TT,TT,GG,TT,AC,AC,AG,GG,CC,CG,GG,CC,GG,TT,AA,CC,GT,GG,CC,CC,AT,GG,CC,AT,CC,AA,AA,AC,CG,CC,TT,AG,GG,AA,AC,AC,AA,AA,AA,AA,AA,AT,GG,AA,AA,AA,AC,TT,AA,AG,GG,AG,GG,TT,AT,AA,GT,TT,TT,AA,TT,GG,GG,AA,5.9,Susceptible,Low,Poor,Medium
L0458,Mandya,Karnataka,Kharif,Red Loamy,Irrigated (Cauvery command),780,27.0,72,AC,TT,GG,AG,GG,GG,GG,TT,CC,CC,AA,CC,CG,AT,TT,NN,GG,TT,TT,AG,CC,TT,GG,CC,TT,CC,GT,TT,GG,AA,TT,CC,AG,CC,GG,CG,NN,CC,GG,CC,TT,CT,AA,TT,AG,GG,TT,TT,CC,AC,GT,AA,AG,GG,CC,GT,AA,AA,GG,AC,AA,GT,TT,AG,TT,AA,CC,GG,TT,GG,AG,GG,CC,AA,GG,AA,TT,GG,TT,TT,GG,GT,GG,CC,AA,AG,AA,AA,CC,GT,AC,NN,CC,TT,TT,GG,CC,CC,GT,CC,CC,CC,AG,AA,TT,TT,CC,AA,AG,AA,CC,GG,TT,CC,GT,AA,AA,TT,CC,AA,CC,GG,CC,GT,CT,AA,NN,CC,CC,CC,AA,TT,CC,AA,CC,CC,AA,TT,AA,AA,GG,CC,CC,GG,AA,AA,AA,CC,GG,CC,CC,AA,AA,GG,GT,GG,CC,TT,CT,GG,CC,TT,TT,CT,CC,AT,GT,TT,AA,AA,GG,CC,AA,CC,CC,CC,CG,CC,AA,GG,AA,CC,TT,CC,GT,GT,GG,TT,NN,AA,TT,AA,CG,AA,CC,CC,GG,GG,AC,GG,TT,AA,AA,CC,GG,AT,AC,AA,AT,GG,GT,TT,AA,CG,GG,AA,CC,TT,GT,AA,GG,AA,TT,AA,TT,CC,CT,AA,CC,CT,CG,AA,CC,AA,CC,TT,TT,TT,GG,TT,AA,AC,AA,GG,CC,CC,GG,CC,GG,TT,AG,CC,TT,GG,CG,CC,AT,GG,CC,AA,CC,AT,AA,CC,CG,AC,TT,AG,GG,AA,AA,AA,AA,AG,AG,AA,AA,TT,GG,AC,AG,AC,AA,TT,AA,AA,NN,AG,GG,TT,AA,AA,GT,TT,TT,AA,AA,GG,NN,AA,5.01,Susceptible,Low,Premium,Medium
L0459,Mandya,Karnataka,Kharif,Red Loamy,Irrigated (Cauvery command),780,27.0,72,AC,TT,GG,AA,GG,CC,GT,AA,CC,CG,AA,CC,CC,TT,TT,GG,GG,TT,TT,AA,CG,GT,GT,CC,TT,CC,TT,TT,GG,AA,TT,CT,AA,CC,GG,GG,GG,GG,GG,CC,TT,CT,AA,TT,AA,GG,CT,TT,CC,AC,GT,AA,AA,GG,CT,TT,AA,AC,GT,AA,AA,GT,AT,AA,TT,AT,CC,GG,TT,GG,GG,GT,CC,AA,GG,CC,AT,AG,GT,TT,GG,GG,GT,CC,AT,GG,AA,AA,CC,TT,CC,TT,CC,TT,TT,GG,TT,AC,TT,CT,CC,CC,GG,AA,AT,TT,CC,AA,AG,AA,CT,GG,GT,CC,NN,AA,AC,TT,CC,GG,CC,GG,CC,GG,TT,AG,CC,CC,AC,CC,AA,TT,CC,AA,CC,CC,AA,NN,AA,AT,GG,CC,CC,GG,AG,GG,AA,CC,GG,CC,CC,AA,AA,GG,TT,AG,AA,TT,CT,AG,CC,TT,GT,TT,CC,AT,TT,CT,AT,TT,GG,CG,AG,CC,CC,CC,GG,CC,AA,AG,AA,CC,TT,CG,GT,GT,CG,TT,AA,AA,GT,CC,GG,AA,AC,NN,GG,GG,AA,GG,CT,AA,AA,CC,GG,AA,CC,AA,AT,GT,TT,TT,AA,GG,GT,AT,CC,TT,GT,AA,GG,AA,TT,AA,NN,CC,TT,AC,CC,TT,CG,GG,CC,AG,CC,AT,TT,TT,GG,TT,AA,AC,AA,GG,CC,CG,GG,CC,GG,TT,AA,CG,GT,GG,CG,CC,AT,AG,CG,AA,CG,AT,AA,CC,NN,AA,TT,AA,CG,AA,AC,AC,AA,AG,AG,NN,AA,AT,GG,AC,GG,AC,AA,CT,AA,AA,CG,AG,GG,TT,AA,AG,TT,TT,TT,AG,AT,GG,CG,AA,7.07,Susceptible,Medium,Premium,Early
L0460,Mandya,Karnataka,Kharif,Red Loamy,Irrigated (Cauvery command),780,27.0,72,AC,TT,GG,AA,GG,CC,NN,TT,CC,CC,AA,CT,NN,TT,TT,TT,GG,AT,TT,AA,CC,GT,TT,CC,TT,CC,TT,TT,GG,AA,TT,CC,NN,CC,GG,CG,GG,CC,GG,CC,TT,TT,AC,GT,GG,GG,CT,TT,CC,AC,GT,AA,AG,GG,CC,GT,AT,CC,GT,AC,AA,TT,TT,AA,CT,AT,CC,GG,TT,GT,AG,GG,NN,AA,AG,CC,AT,GG,GT,TT,GG,GT,GT,CC,AA,GG,AA,AT,CC,TT,AC,TT,TT,TT,TT,AG,TT,AC,TT,CC,TT,GG,AG,AA,TT,TT,CC,AA,AA,AA,CC,GG,TT,CC,TT,AC,AA,AT,CC,GG,CC,GG,CC,GT,TT,AA,CC,CC,CC,CC,AA,TT,CC,AA,CC,CC,AA,AT,AA,AA,GG,CC,CC,GG,AA,AA,AT,CC,GG,CC,CC,NN,AA,GG,GT,GG,AA,TT,TT,GG,AC,TT,GG,CT,CG,AT,TT,CT,AA,TT,GG,NN,AG,CT,CC,CC,GG,CC,AA,GG,NN,AC,TT,CC,GG,TT,GG,AA,AA,AA,TT,CC,CG,AA,CC,CC,GG,GG,AA,GG,TT,AA,AA,CC,GG,AA,CC,AA,AT,GT,TT,TT,AA,GG,GG,AT,CC,AT,TT,AA,GG,AG,TT,AA,TT,CC,TT,AA,AC,CT,GG,AA,CC,AG,CC,TT,TT,GG,NN,TT,AA,AC,AA,GG,CG,CC,GG,CG,GG,AT,AA,CC,GT,GG,CC,GG,AA,GG,CC,TT,CC,AA,AA,AA,CG,CC,TT,AA,GG,AA,AC,AA,AA,AG,AG,AG,AA,TT,GG,AC,GG,AC,AA,CT,AA,AA,NN,AA,GG,TT,AA,NN,GT,TT,AT,AA,AT,GG,GG,AA,7.2,Moderate,High,Premium,Late
L0461,Mandya,Karnataka,Kharif,Red Loamy,Irrigated (Cauvery command),780,27.0,72,AC,TT,GG,AA,GG,CC,TT,AT,CC,CC,AA,CT,CG,AT,GT,GG,GG,TT,TT,AA,CC,GT,TT,CC,TT,CC,GT,TT,GG,AA,TT,CC,AA,CC,GG,GG,GG,CC,GG,CC,TT,CT,AA,GT,AG,GG,NN,AT,CC,AC,GG,AA,AA,GG,CC,GT,AA,AA,GG,AA,AA,TT,AT,GG,CT,AT,CC,GG,TT,GT,AA,GG,CC,AA,GG,AC,AA,GG,TT,TT,GG,GG,GG,CC,AA,GG,AA,AA,CC,GT,CC,TT,CT,TT,TT,GG,TT,CC,GT,CC,TT,CG,AG,AA,TT,TT,CC,AA,AG,AA,CC,GG,TT,CC,TT,AA,AA,TT,CC,AA,CC,AG,CC,GT,TT,GG,CC,CC,CC,CC,AA,TT,CC,AA,CC,CC,AA,TT,AG,AA,CG,CC,CC,GG,AA,AA,AA,AC,GG,CC,CC,AA,AA,GG,TT,GG,AC,TT,CT,AG,CC,GT,TT,TT,CC,AT,TT,TT,AA,AA,CG,CC,AG,TT,CC,CC,CG,CC,AA,GG,AG,CC,TT,CC,TT,TT,GG,TT,AA,AA,TT,CC,GG,AA,CC,CC,GG,GG,CC,GG,TT,NN,AA,CC,GG,AA,CC,AA,AT,GG,TT,TT,AA,GG,TT,AT,CC,AT,GT,AA,GG,AA,CT,AC,TT,CG,TT,CC,AC,CT,GG,AA,CC,GG,CC,TT,TT,TT,GG,TT,AA,AC,AA,GG,CC,CG,GG,CC,GG,NN,AA,CG,TT,GG,CC,CC,AT,GG,CC,AA,NN,AA,AA,CC,CC,AA,TT,AA,GG,AA,AA,AA,AA,AG,AA,AA,AA,TT,GG,AA,AA,CC,AA,TT,AA,AA,GG,GG,GG,TT,AT,AG,TT,TT,TT,AA,TT,GG,GG,AA,5.16,Susceptible,High,Premium,Medium
L0462,Mandya,Karnataka,Kharif,Red Loamy,Irrigated (Cauvery command),780,27.0,72,AA,TT,AG,AA,GG,CC,GT,TT,CC,GG,AT,CC,CG,TT,TT,GG,CG,TT,TT,AA,CC,TT,GT,CC,TT,CC,TT,TT,GG,AA,TT,CC,AA,CC,GG,GG,GG,CG,GG,CC,TT,CT,AC,TT,AA,AG,TT,TT,CC,AC,GT,NN,AA,GG,CC,GT,AA,AC,GT,AC,AA,TT,AA,AA,CC,TT,CC,GG,TT,GG,AG,GG,CC,AA,GG,AC,AT,GG,TT,TT,GG,GT,GT,CC,AA,GG,AA,AA,CC,GT,CC,TT,CC,TT,TT,AG,TT,AC,TT,CC,TT,CG,GG,AA,TT,TT,CG,AG,AG,AA,CC,GG,TT,CC,TT,AA,AA,TT,CC,GG,CG,GG,CC,GG,TT,AG,CC,CC,CC,CG,AA,TT,CC,AA,CC,CC,AA,AT,AA,AT,GG,CT,CC,GG,AA,AA,AA,CC,GG,CC,CC,AA,AA,GG,NN,GG,AC,GT,TT,AG,AA,GT,TT,CT,CC,AA,TT,TT,AA,TT,GG,CC,AA,CT,CC,CC,CG,CC,AA,GG,AG,CC,TT,CC,GG,TT,CG,AT,AA,NN,GT,CC,GG,AA,CC,CC,CG,GG,AA,GG,TT,AC,AA,CC,GG,AA,AC,AA,AT,GG,TT,TT,AA,GG,GG,AT,CC,TT,TT,AA,GG,AA,TT,AA,TT,CC,CT,AA,CC,CT,GG,AA,CG,GG,AC,TT,TT,GT,GG,TT,AA,AC,AA,GG,CC,CC,GG,CC,GG,AT,AA,CC,TT,GG,CC,CC,AT,AG,CG,NN,CC,AA,AA,CC,CG,CC,AT,AA,GG,AA,AA,AC,AA,GG,AG,AA,AA,TT,CC,AC,AA,AC,AC,TT,AA,AA,CG,GG,CG,TT,AT,AG,TT,TT,TT,AA,AT,GG,CG,AA,4.54,Susceptible,Low,Poor,Medium
L0463,Mandya,Karnataka,Kharif,Red Loamy,Irrigated (Cauvery command),780,27.0,72,AA,NN,GG,AG,GG,CG,GG,TT,CC,GG,AA,CC,CG,TT,GT,GT,CG,TT,TT,AG,CC,TT,TT,CC,AT,CC,GT,AT,GG,AA,TT,CC,AA,CC,AG,GG,GG,CG,GG,CC,TT,TT,AC,TT,AA,AA,TT,AT,CG,AC,GG,AA,AG,GG,CT,TT,AA,AA,TT,AA,AA,TT,TT,AG,TT,AT,CC,GG,TT,TT,AG,GT,CC,AA,GG,AA,AT,GG,TT,TT,GG,TT,GT,NN,AA,GG,AG,AA,CC,GT,AC,TT,CT,TT,TT,GG,CT,AC,GT,CT,CT,CC,AA,AG,AT,TT,CG,AG,AG,AA,CT,GG,TT,CC,TT,AA,AA,TT,CG,AG,CG,AG,CC,GT,TT,AA,CC,CC,CC,CC,AA,GT,CC,AA,CC,CT,AA,TT,AA,AT,GG,CC,CC,GG,AA,AA,AA,CC,GT,CC,CC,AA,AA,AG,TT,GG,AA,GT,CT,AG,NN,GG,GG,CT,CC,AA,TT,TT,AT,TT,GG,CC,AA,CT,CC,CC,GG,CC,AA,GG,AG,CC,TT,CC,GT,TT,GG,AT,AA,AA,TT,CC,GG,AA,AC,NN,GG,GG,AC,GG,TT,AA,AA,CG,GT,AT,AC,AA,AT,GG,GT,AT,AT,GG,GG,AT,CC,TT,TT,AA,GG,AA,CT,AA,TT,CC,TT,AA,CC,TT,GG,AA,CC,AG,CC,TT,CT,GG,GG,TT,AA,AC,AG,GG,CC,GG,GG,CC,GG,AT,AA,CC,GT,GG,CG,CC,AA,GG,CG,AT,CC,AT,AA,AA,CC,AC,TT,AA,GG,AA,AC,AA,AC,GG,AG,AA,AA,AT,CG,AC,AG,AC,AA,TT,AA,AA,CG,GG,GG,TT,AT,AA,GG,TT,TT,AG,AT,GG,GG,AA,8.2,Susceptible,Medium,Standard,Medium
L0464,Mandya,Karnataka,Kharif,Red Loamy,Irrigated (Cauvery command),780,27.0,72,AA,CT,GG,AG,GG,CC,GG,TT,CC,CC,AA,CT,CG,TT,GT,GT,CC,TT,TT,GG,CC,TT,GT,CC,TT,CC,TT,AT,GG,AA,CT,CC,NN,CC,GG,GG,NN,CG,GG,CC,GT,TT,AC,TT,AA,GG,TT,TT,CC,CC,GG,AA,AA,GG,CT,TT,AA,CC,GG,AA,AA,GT,AT,AA,TT,AT,CC,GG,TT,GG,AA,GG,CC,AA,AG,AC,AA,AG,TT,TT,AG,GG,GG,CC,AA,GG,AA,AT,CC,TT,CC,TT,CC,TT,TT,GG,CT,AC,GG,CC,CC,CC,GG,AG,TT,TT,CC,AA,GG,AA,CC,GG,TT,CG,TT,AA,CC,TT,CC,GG,CG,GG,CC,GG,TT,AA,CC,CC,CC,CC,AA,TT,CC,AA,CC,CC,AA,AT,AA,AA,GG,CT,CC,GG,AA,AG,AA,CC,GG,CC,CG,AG,AG,GG,GT,GG,AC,TT,TT,GG,AC,TT,TT,TT,CG,AT,GT,TT,AT,TT,CG,CC,AG,CT,CC,CC,CG,CC,AA,GG,AG,AC,TT,CC,GT,TT,GG,TT,NN,AA,TT,CC,CG,AC,CC,CC,GG,AG,AA,GG,TT,AA,AA,CC,GT,AA,AC,AA,AA,GT,GT,AT,NN,GG,GG,AA,CC,AT,GT,AA,GG,AA,CT,AA,TT,CC,TT,AC,CC,CT,GG,GG,CC,GG,CC,TT,TT,GT,GG,TT,AA,NN,AA,GG,CC,CC,GG,CC,GG,AT,AG,CC,TT,GG,CG,CC,AA,AG,CC,AA,CC,AT,AA,AC,CG,AC,AA,AA,GG,AA,AA,AA,AA,AA,AA,AA,AA,AT,GG,AA,AG,CC,AA,CT,AA,AA,GG,GG,GG,GT,AA,AA,GT,TT,TT,AG,AT,GG,GG,AA,6.25,Resistant,Medium,Standard,Early
L0465,Mandya,Karnataka,Kharif,Red Loamy,Irrigated (Cauvery command),780,27.0,72,AA,TT,GG,AA,CG,CC,GG,TT,CC,CC,AT,CC,GG,TT,GT,GG,GG,TT,TT,AA,CC,TT,NN,CT,TT,CC,TT,AT,GT,AA,TT,CC,AA,AC,GG,CG,GG,CG,GG,CC,TT,TT,AA,TT,AG,GG,TT,AT,CC,AA,GG,NN,AA,GG,CT,NN,AA,AA,GG,AC,AG,TT,AT,AA,TT,TT,CC,GG,TT,GT,AA,GG,CC,AA,GG,AA,AA,GG,TT,TT,GG,GT,GG,CC,AT,GG,AG,AA,CC,GG,AC,TT,CT,TT,TT,GG,TT,CC,GT,CC,CT,CC,AG,AA,TT,TT,CC,AA,AG,AA,CT,GG,GT,CG,TT,AC,AA,TT,CG,GG,CG,GG,CC,GT,TT,AA,CC,CC,CC,CG,AA,TT,CC,AC,CC,CC,AA,TT,AA,AA,GG,CT,CC,GG,AG,AG,AA,CC,TT,CC,CC,AA,AA,GG,TT,GG,AC,TT,CT,GG,CC,TT,TT,CT,CC,AT,TT,TT,AA,AT,CC,CC,AA,CT,CC,CC,CC,CC,AA,GG,AG,CC,TT,CC,GG,GT,GG,TT,AA,NN,TT,AC,CG,AA,CC,CC,GG,GG,CC,GG,TT,AC,AA,CC,GG,AA,AA,AA,AA,GT,TT,TT,AT,GG,GG,AT,CG,AT,GT,AA,GG,AA,TT,AA,TT,CC,CT,AA,CC,CT,GG,AA,CC,AA,CC,AT,TT,TT,GG,TT,AA,CC,AG,GG,CC,CC,GG,CC,GG,AT,AA,CC,TT,GG,CC,NN,AA,GG,CC,AA,CC,AA,AA,AC,CC,AC,TT,AA,GG,AA,AA,AA,AA,AA,AG,AA,AA,AT,GG,AA,AG,AC,AC,CT,AG,AA,GG,GG,GG,GT,AA,AA,TT,TT,TT,GG,TT,GG,GG,AA,5.98,Susceptible,High,Standard,Medium
L0466,Mandya,Karnataka,Kharif,Red Loamy,Irrigated (Cauvery command),780,27.0,72,AC,CC,GG,GG,GG,CC,GG,TT,CC,CC,AA,CC,CC,TT,TT,GT,CG,TT,TT,AA,CC,TT,TT,CT,TT,CC,TT,TT,GG,AA,CT,CC,AA,CC,AG,GG,NN,CG,GG,CC,TT,CT,AA,TT,AG,GG,TT,TT,CC,AA,GG,AT,AA,GG,CC,GT,AA,AC,TT,AC,NN,TT,AT,AA,CT,TT,CC,GG,TT,GT,AA,GG,AC,AA,AA,AA,AA,GG,TT,TT,GG,GT,GG,CC,AA,AG,AA,AA,CC,GT,CC,TT,TT,TT,TT,GG,TT,CC,TT,CC,CT,CG,GG,AA,TT,GT,CC,AG,AG,AA,CC,GG,TT,CC,TT,NN,AA,TT,CC,AA,CC,GG,CC,GG,TT,AG,CC,CC,CC,CC,NN,TT,CC,AA,CC,CC,AA,TT,AA,NN,GG,CC,CC,GG,AA,AG,AA,CC,GG,CC,CC,AG,AA,GG,TT,GG,AC,TT,CT,GG,CC,TT,TT,TT,CC,AA,GT,TT,AA,AT,CG,CC,AG,TT,CC,CC,GG,AC,AT,GG,GG,CC,TT,CC,GT,GT,GG,TT,AA,AA,TT,CC,GG,AC,CC,CC,GG,GG,CC,GG,TT,AA,AA,CC,GG,AA,AA,AA,AT,GT,NN,AT,AT,GG,GT,AT,CC,TT,GT,AA,GG,AA,CT,AC,TT,CC,CT,AA,AC,TT,GG,AG,CC,AG,CC,TT,TT,TT,GG,TT,CC,CC,AA,GG,CC,CG,GG,CC,GG,AT,AA,CG,TT,GG,CC,CC,AA,GG,CC,AA,CC,AA,AA,CC,CC,AC,TT,AA,GG,AA,AA,AA,AA,GG,AA,AA,AA,TT,CG,AA,AA,CC,AC,CT,AA,AG,GG,GG,GG,TT,AT,AG,TT,TT,TT,AG,TT,GG,NN,AC,7.22,Resistant,High,Premium,Early
L0467,Mandya,Karnataka,Kharif,Red Loamy,Irrigated (Cauvery command),780,27.0,72,AA,CT,GG,GG,NN,CC,GG,AT,CC,CG,AA,CC,CG,TT,TT,GG,CG,TT,TT,AA,CC,TT,TT,CT,TT,CC,TT,AT,GT,AA,TT,CC,AA,CC,AA,GG,GG,CG,GT,CC,TT,TT,AA,TT,AA,AG,TT,AT,CG,AC,GT,AA,AA,GG,CC,TT,AA,AA,GG,AC,AG,TT,AT,AA,TT,AT,CC,GG,TT,GT,AA,GG,CC,AA,AG,AA,AA,GG,GT,TT,GG,GG,GG,CC,AT,GG,AA,AA,CC,GT,CC,TT,CC,AT,TT,GG,CT,CC,GT,CC,CC,CC,AG,AA,AT,TT,CC,AG,GG,AA,TT,GG,TT,CC,TT,AA,AA,TT,CC,AG,CC,NN,CT,GT,TT,AA,CT,CC,CC,CG,AA,TT,CC,AA,CC,CC,AA,TT,AA,AA,CG,CC,CC,GG,AA,AG,AA,CC,GG,CC,CC,AA,AG,AG,TT,AG,AC,TT,TT,AG,AC,GG,TT,TT,CC,AT,GT,TT,AA,AT,GG,CC,AA,CC,CC,AC,GG,CC,AA,GG,AA,CC,TT,CC,GT,TT,CG,AT,AA,AG,TT,AC,GG,AA,AC,CG,GG,GG,AC,GG,TT,AA,NN,CC,GG,AA,CC,AA,AT,GG,GT,AT,AT,GG,TT,AA,CC,AT,TT,AA,GG,AA,TT,AA,TT,CG,TT,AA,CC,NN,GG,AA,CG,AG,CC,TT,CT,GG,GG,TT,AA,AC,NN,GG,CC,CC,GG,CC,GG,AT,AA,CC,TT,GG,CC,CC,AA,GG,CC,AT,CC,AA,AA,AC,CC,AC,TT,AA,GG,AA,AA,CC,AA,GG,AA,AA,AA,AA,GG,AA,GG,CC,AA,CC,AA,AA,GG,GG,GG,GT,AA,AA,GT,AT,TT,GG,AT,GG,GG,AA,6.68,Susceptible,Medium,Poor,Medium
L0468,Mandya,Karnataka,Kharif,Red Loamy,Irrigated (Cauvery command),780,27.0,72,AA,TT,AG,AA,NN,CC,GG,AT,NN,CC,AA,NN,CG,AT,TT,GG,CC,NN,TT,AA,CC,TT,TT,CT,TT,CC,GT,TT,GG,AC,TT,CC,AA,CC,AG,CG,GG,GG,GG,CC,TT,CT,AA,TT,AA,GG,TT,AT,CC,AA,GT,AT,AA,GG,CC,NN,AA,AC,GG,CC,AA,TT,AT,GG,TT,TT,CC,GG,TT,GT,AA,GT,CC,AA,AG,AA,AT,AG,TT,TT,GG,GG,GG,CC,AA,GG,AA,AT,CG,GT,AC,TT,CT,TT,GT,GG,TT,CC,GT,CC,CC,CC,AA,AA,TT,TT,CC,AA,AG,AA,CC,GG,TT,CC,GT,AA,AA,TT,CC,AG,CC,GG,CC,GG,TT,AA,CC,CC,CC,NN,AA,GT,CC,AA,CC,CC,AA,TT,AA,AA,CG,CC,CC,GG,NN,AG,AA,CC,GG,CC,CG,AA,AA,GG,TT,GG,AC,GT,CT,GG,CC,TT,GT,TT,CC,NN,GT,TT,AA,TT,GG,CC,AG,CT,CC,CC,CG,CC,AA,GG,AA,CC,TT,GG,GG,GT,CG,AT,AA,AA,TT,CC,GG,AC,CC,CC,GG,GG,AA,CG,TT,AC,AA,CC,GG,AA,AC,AT,AT,GG,TT,TT,AA,GG,TT,AT,CC,TT,GT,AA,GG,AA,TT,AA,TT,CC,TT,AC,CC,NN,GG,AA,CC,AG,CC,TT,TT,GT,GG,TT,AA,AC,AA,GG,CC,CC,GG,CC,GG,TT,AA,CC,GT,GG,CC,CC,AT,GG,CC,AA,CG,AA,AA,AA,CG,AC,TT,AA,GG,AA,AA,AC,AA,AG,AA,AA,AA,AA,GG,AA,AG,CC,AA,TT,AA,AA,GG,GG,GG,TT,AA,AG,TT,TT,TT,AA,TT,GG,GG,AA,6.4,Susceptible,Medium,Premium,Medium
L0469,Mandya,Karnataka,Kharif,Red Loamy,Irrigated (Cauvery command),780,27.0,72,AC,TT,GG,AG,GG,CC,GG,TT,CC,GG,AA,CC,CG,TT,TT,GG,CG,TT,TT,AA,CC,GT,TT,CC,AT,CC,GT,TT,GG,AA,TT,CC,AA,CC,GG,CG,GG,GG,GG,CC,TT,CT,AA,GT,AA,GG,TT,AT,CC,AC,GG,AT,AG,NN,CC,TT,TT,AC,GT,AC,AA,TT,TT,AG,TT,AT,CC,GG,TT,GG,AG,GG,CC,AA,GG,AA,AT,GG,TT,TT,GG,GG,GG,CC,AA,GG,AA,AA,CC,TT,CC,TT,CC,TT,GT,GG,TT,CC,TT,CC,TT,CC,AG,NN,TT,TT,CC,AA,GG,AA,CC,GG,TT,CC,GT,AA,AA,TT,CC,GG,CC,GG,CC,GT,TT,AA,CC,CG,CC,CC,AA,TT,CC,AA,AC,CT,AA,TT,AA,AA,GG,CC,CC,GG,AA,NN,AA,CC,GG,CG,CG,AA,AG,AG,TT,GG,AA,GT,TT,GG,AA,GT,NN,TT,CC,AT,TT,CT,AT,AT,CG,CC,AG,CC,CC,CC,CG,CC,AA,GG,AA,CC,TT,CC,GT,GT,GG,TT,AA,AA,TT,CC,CG,AC,CC,CC,GG,GG,AC,GG,TT,AA,AG,CG,GG,AA,AC,AA,AT,GT,TT,TT,AT,GG,GT,AT,CC,TT,TT,AA,GG,AA,TT,AA,TT,CC,TT,AA,CC,TT,GG,GG,CC,AG,CC,TT,CT,TT,GG,TT,AA,AA,AG,GG,CC,CC,GG,CC,GG,TT,AA,CC,TT,GG,CC,CC,AA,NN,CG,AT,NN,AA,AA,AA,CC,CC,TT,AG,GG,AA,AA,AA,AA,GG,AA,AA,AA,AA,GG,AA,AG,AA,AA,CC,AA,AA,GG,GG,GG,TT,AA,AA,GT,TT,TT,AG,TT,GG,GG,AA,5.76,Susceptible,Low,Poor,Late
L0470,Mandya,Karnataka,Kharif,Red Loamy,Irrigated (Cauvery command),780,27.0,72,CC,TT,GG,AG,CG,CG,GG,TT,CC,CG,AA,NN,CC,TT,TT,GG,GG,TT,TT,AA,CC,TT,GT,CT,TT,CC,TT,TT,GG,AA,TT,CC,AG,CC,AG,GG,GG,CC,GG,CC,TT,TT,AA,TT,AA,AG,TT,TT,CC,AA,GG,AT,AA,GG,CC,TT,AA,AA,TT,AC,AA,TT,TT,GG,CT,AT,CC,GG,NN,GT,AG,GG,CC,AA,GG,AC,AA,GG,TT,TT,GG,GG,GT,CC,AA,GG,AA,AT,CC,GT,CC,TT,CC,TT,TT,GG,TT,AC,TT,CC,CC,CG,AG,AA,TT,TT,CC,AA,AG,AA,CC,GG,TT,CC,TT,AC,AA,AT,CC,NN,CG,GG,CT,GT,CC,AA,CC,CC,AC,CC,AA,GT,AC,AA,CC,CC,AA,TT,AA,AA,GG,CC,CC,GG,AA,AA,AT,CC,GG,NN,CC,AA,AA,GG,TT,GG,CC,TT,TT,GG,CC,GG,TT,TT,CC,AT,TT,CT,AA,TT,CC,CC,AA,CT,AC,CC,CG,CC,AA,GG,AA,CC,GT,CC,GT,TT,CG,AT,AA,AG,TT,CC,GG,AA,CC,CC,GG,GG,AC,GG,TT,AC,AG,CC,GG,AT,CC,AA,AA,GG,TT,AT,AA,GG,GT,TT,CG,AT,TT,AA,GG,AA,CT,AA,TT,CC,NN,AA,CC,TT,CG,AG,CC,AG,CC,TT,CT,TT,GG,TT,CC,CC,AA,GG,CC,CG,GG,CC,GG,TT,AA,CC,GT,GG,CC,CC,AA,GG,CG,AA,CC,AA,AA,AC,CC,AA,TT,AA,GG,AA,AA,AC,AA,AG,AG,AG,AA,TT,GG,AA,AG,AC,AA,TT,AA,AA,CG,GG,GG,GT,AA,AA,TT,TT,TT,AA,TT,GG,GG,AA,7.55,Susceptible,Low,Standard,Late
L0471,Mandya,Karnataka,Kharif,Red Loamy,Irrigated (Cauvery command),780,27.0,72,AA,TT,GG,AG,GG,CC,NN,TT,CC,CG,AA,CC,CC,TT,TT,GG,GG,TT,TT,AA,CC,TT,TT,CC,AT,CC,TT,TT,GG,AA,TT,CC,AA,CC,GG,GG,GG,CG,GG,CC,TT,CT,AA,TT,AA,AG,TT,TT,CC,AA,GG,AT,AA,GG,CC,GT,AA,CC,GG,AC,AA,TT,TT,AA,TT,TT,CC,GG,CT,GG,GG,GG,CC,AA,AG,AA,AA,AG,TT,TT,GG,GT,GG,CC,AA,GG,AA,NN,CG,GT,AC,TT,CC,TT,GT,GG,CT,CC,TT,CC,TT,CC,AG,AA,TT,TT,CC,AA,GG,AA,CC,GG,TT,CC,TT,AA,AA,TT,CC,AA,CG,GG,CC,GT,TT,AA,CC,CC,CC,CC,AA,GT,AC,AA,CC,CT,NN,TT,AA,AA,GG,CC,CC,GG,AA,AG,AA,CC,GG,CC,CC,AA,AA,GG,GT,AG,AC,TT,CT,GG,CC,TT,TT,TT,CG,AT,NN,TT,AA,TT,GG,CC,AA,CC,CC,CC,NN,CC,AA,GG,AG,CC,TT,CG,GT,GT,GG,AT,AA,AA,TT,CC,GG,AA,CC,CC,GG,GG,AA,CG,TT,AA,AA,CC,GG,AA,CC,AA,AT,GG,TT,TT,AA,CG,GT,AT,CC,TT,GT,AA,GG,AA,CT,AA,TT,CC,TT,AC,CC,TT,GG,AA,CC,NN,CC,TT,CT,GT,GG,TT,AC,AC,AA,GG,CC,CG,GG,CC,GG,AT,AA,CC,TT,GG,CC,CG,NN,GG,CC,AT,GG,AA,AA,CC,CG,AC,TT,AA,GG,AA,AA,AA,AA,AA,AG,AG,AA,TT,GG,AA,AG,AC,AA,TT,AA,AA,CG,GG,NN,TT,TT,AA,GG,TT,TT,AG,TT,GG,GG,AA,8.65,Susceptible,Low,Standard,Early
L0472,Mandya,Karnataka,Kharif,Red Loamy,Irrigated (Cauvery command),780,27.0,72,NN,TT,GG,AA,GG,CC,GT,TT,CC,CC,AA,CC,CG,TT,TT,GG,CC,TT,TT,AA,CC,TT,GG,CT,AT,CC,TT,TT,GG,AA,TT,CC,AA,CC,AG,GG,GG,CC,GG,CC,TT,TT,AA,TT,GG,GG,TT,AT,CC,AC,GG,AA,AG,GG,CC,GG,AA,AA,GG,AA,AA,TT,TT,AG,TT,TT,CC,GG,TT,GG,AG,NN,CC,AA,GG,AC,AA,GG,TT,TT,GG,GG,NN,CC,AA,GG,AA,AA,CC,GT,CC,TT,CC,TT,GT,GG,CT,CC,TT,CC,CC,CG,AG,AA,TT,TT,CG,AA,AA,AA,CC,NN,TT,CC,TT,AC,AC,TT,CG,GG,CC,AG,CC,GG,TT,AA,CC,CC,AC,CC,AA,TT,CC,AA,CC,CT,AA,NN,AA,AA,GG,CC,CC,GG,AA,AA,AA,CC,GG,CC,CG,AA,AA,GG,GT,GG,AA,GT,CT,GG,CC,GT,TT,TT,CG,AA,TT,TT,AA,TT,GG,CC,AG,CC,CC,CC,CG,CC,NN,GG,AA,NN,TT,CC,GT,TT,GG,AT,AA,NN,TT,AC,CG,AA,CC,CC,GG,AA,AA,CG,TT,AC,AA,CC,GG,AA,CC,AA,AA,GT,TT,AT,AA,GG,GG,TT,CC,AT,TT,AA,GG,AA,TT,AA,TT,CC,TT,AA,CC,TT,GG,AA,NN,AG,CC,AT,TT,TT,CG,AT,AC,CC,AA,GG,CC,CG,GG,CC,GG,TT,AA,CG,GG,GG,CC,CC,NN,AG,CG,AA,CG,AT,AA,CC,CC,AA,TT,AA,GG,AA,AC,AC,AA,GG,AA,AA,AA,AA,GG,AC,NN,AC,NN,CT,AA,AA,GG,GG,GG,TT,AA,AA,GT,TT,TT,AG,TT,GG,GG,AA,9.19,Susceptible,Low,Standard,Late
L0473,Mandya,Karnataka,Kharif,Red Loamy,Irrigated (Cauvery command),780,27.0,72,AC,TT,GG,AG,GG,CC,NN,TT,CC,GG,TT,CC,CG,AT,GT,GG,CG,TT,TT,AG,CG,GT,GT,CC,TT,CC,TT,AT,GG,AA,TT,CC,AA,CC,GG,CG,GG,CG,GG,CC,TT,TT,AA,TT,AA,AG,TT,TT,CC,AA,GT,AT,AG,GG,TT,TT,AA,AA,GT,AA,AG,GT,TT,AA,TT,TT,CC,GG,CT,GG,GG,GG,CC,AA,GG,AC,AT,GG,TT,TT,GG,GG,GG,CC,AA,GG,AA,AA,CC,GG,CC,TT,CC,TT,NN,GG,TT,CC,GT,CT,TT,CC,AG,AA,AT,TT,CC,AA,AA,AC,CC,GG,TT,CC,TT,AA,AA,TT,CG,AG,NN,GG,CT,GT,CT,AG,NN,CC,CC,CC,AG,TT,CC,AA,CC,CC,AA,TT,AG,AT,GG,CC,CC,AG,AA,AG,AA,CC,GT,NN,CC,NN,AG,GG,TT,GG,AA,GT,CT,GG,CC,TT,TT,TT,CC,AA,GT,TT,AT,AT,GG,CC,AA,CC,CC,CC,CG,CC,AA,GG,AA,CC,TT,CC,GT,GT,CC,TT,AA,AA,TT,CC,GG,AA,AC,CC,GG,AA,AC,GG,TT,AA,AG,CC,GG,AT,AC,AA,AA,GG,TT,TT,AT,GG,TT,AA,CG,AT,GG,AT,GG,AA,CT,AA,TT,CC,CT,AA,CC,TT,CG,AA,CG,AG,CC,TT,TT,TT,GG,TT,AA,CC,AG,GG,NN,CG,GG,CC,GG,AT,AA,CC,TT,GG,CC,CG,AT,GG,CC,AT,CC,AA,AA,CC,CC,NN,NN,AA,GG,AA,AC,AC,AA,GG,AG,AG,AA,AT,CG,AA,AG,AC,AA,TT,AA,AG,GG,GG,GG,TT,AT,AA,TT,TT,TT,AG,TT,GG,GG,AA,7.03,Susceptible,Low,Standard,Medium
L0474,Mandya,Karnataka,Kharif,Red Loamy,Irrigated (Cauvery command),780,27.0,72,AA,TT,GG,AA,GG,CC,GG,TT,CC,CG,AA,CC,CG,TT,TT,GG,CG,TT,TT,AG,GG,TT,TT,CC,TT,CC,TT,TT,GG,AA,TT,CC,AA,CC,GG,GG,GG,CC,GT,CC,TT,TT,AA,TT,AG,AG,TT,TT,CC,CC,GG,AA,AG,GG,CT,TT,AA,AC,GT,CC,AG,TT,TT,AA,NN,TT,CC,GG,TT,GG,GG,GG,AC,AA,GG,AC,AA,GG,TT,TT,GG,GG,NN,CC,AA,GG,AA,AA,CC,TT,CC,TT,CT,TT,TT,GG,TT,CC,TT,CC,CC,CC,AA,AA,TT,TT,CC,AA,AG,AA,TT,GG,TT,CC,TT,AA,AC,TT,CC,GG,CG,GG,CT,GT,TT,AA,CC,CC,CC,CC,AA,TT,CC,AA,CC,CT,AA,TT,AA,TT,GG,CC,CC,GG,AA,AG,AA,CC,GG,CC,CC,AG,AA,GG,GT,GG,AA,GT,CT,GG,CC,TT,TT,TT,CC,AA,TT,TT,AA,AT,GG,CC,AG,CT,CC,CC,GG,CC,AA,GG,AG,CC,TT,CC,GG,GT,CG,TT,AA,GG,TT,CC,GG,AA,AC,CC,GG,GG,AA,GG,TT,NN,AG,CC,GG,AA,AC,AA,AT,GT,TT,AT,AT,GG,GT,AA,CC,AA,TT,AA,GG,AA,TT,AA,TT,CC,CT,AC,CC,CT,GG,AA,CG,AG,AC,AT,CT,TT,GG,TT,AC,AC,GG,GG,CC,CC,GG,CC,GG,AA,AA,CC,GT,GG,CG,CC,AA,GG,CC,AA,CC,AA,AA,CC,GG,AC,TT,AA,CG,AA,AA,AA,AA,AG,AG,NN,AA,AT,CG,AA,AG,CC,AA,CT,AA,AG,CG,GG,GG,TT,AT,AA,TT,TT,TT,AA,AT,GG,GG,AC,7.77,Moderate,Medium,Poor,Medium
L0475,Mandya,Karnataka,Kharif,Red Loamy,Irrigated (Cauvery command),780,27.0,72,NN,TT,GG,AA,GG,CC,GG,TT,CC,CG,AA,CC,CG,AT,GT,GG,CG,TT,TT,AA,CC,GT,GT,CC,TT,CC,TT,AT,GG,AA,TT,CT,AA,CC,GG,GG,GG,CC,GG,CC,TT,CT,AA,GT,AG,GG,TT,TT,CC,AA,GG,AA,AG,GG,CT,GT,AA,AA,GT,AC,GG,TT,NN,AA,TT,TT,CC,GG,TT,GT,AG,GT,CC,AA,AG,AA,TT,GG,TT,TT,GG,GG,GG,CC,AT,GG,AA,AA,CG,TT,AC,TT,CC,AT,TT,AG,TT,CC,GT,TT,CT,CC,GG,AA,TT,TT,CC,AA,AA,AA,NN,GG,TT,CC,TT,AC,AA,TT,CC,AA,CG,GG,CC,GG,TT,AG,CC,CC,CC,CC,AA,TT,CC,AA,CC,CC,AA,TT,AA,AA,GG,CC,CC,GG,AA,AG,AA,CC,GG,CC,CC,AA,GG,GG,TT,AG,AA,TT,TT,AG,NN,TT,GT,TT,CC,AT,GT,TT,AA,TT,GG,CC,AA,CC,CC,CC,GG,CC,AA,GG,AA,CC,TT,CC,GG,GG,GG,TT,AA,AA,TT,CC,CC,AC,AC,CC,CG,GG,AA,GG,TT,AA,AA,CC,GG,AA,AC,AA,AT,GG,TT,AT,AT,CC,GT,AT,CC,TT,TT,AA,GG,AA,TT,AA,TT,CC,TT,AA,CC,TT,CG,GG,CC,GG,NN,TT,TT,TT,GG,TT,AA,AC,AG,GG,CC,CC,GG,CC,GG,AT,AA,CC,GT,GG,CG,CC,AA,AG,CC,AA,CC,AA,AA,CC,CG,AC,TT,AA,GG,AA,AA,AA,AA,AG,AG,AA,AA,TT,GG,AC,AG,AC,AA,TT,AG,AA,GG,AG,CG,GT,AA,AA,GT,TT,TT,AA,TT,GG,GG,AC,8.02,Resistant,Low,Premium,Medium
L0476,Mandya,Karnataka,Kharif,Red Loamy,Irrigated (Cauvery command),780,27.0,72,AA,CC,AG,AG,CG,CC,TT,TT,CC,CC,AA,TT,CG,TT,GT,GG,CG,TT,TT,AA,CG,TT,TT,CC,TT,CC,TT,TT,GG,AA,TT,CT,AA,CC,GG,CG,NN,CG,GG,CC,TT,CT,AA,TT,AG,AG,TT,AT,CC,AC,GG,AT,AA,GG,CC,TT,AA,AA,NN,AA,AA,GT,TT,AG,TT,TT,CC,GG,TT,GG,AA,GG,CC,AA,AG,AC,TT,GG,TT,TT,GG,GG,GG,CC,AA,GG,AA,AT,CC,GG,AC,TT,CT,TT,GT,GG,TT,CC,TT,CC,CC,CG,GG,AG,TT,TT,CC,AA,AA,AA,CC,GG,GT,CG,TT,AA,AA,TT,CC,GG,CG,AG,CC,GG,CT,AA,CC,CC,CC,CG,AA,TT,CC,AA,CC,CC,AA,TT,AA,AT,GG,CC,CC,GG,AA,AG,AA,CC,GT,CC,CC,AA,AA,AG,TT,AG,AC,GT,CT,GG,AC,TT,TT,TT,CC,TT,GT,TT,AA,TT,CG,NN,AG,CC,AC,CC,GG,AC,AA,GG,AA,CC,TT,CC,GG,GT,CG,AT,NN,AA,TT,CC,GG,AA,CC,GG,GG,GG,AA,GG,TT,AA,AG,CC,GG,AA,AC,AA,NN,GG,TT,TT,AT,GG,GT,AA,CG,AT,TT,AA,GG,AA,CC,AA,TT,CC,TT,AA,CC,TT,CG,AA,CC,AA,CC,TT,TT,TT,GG,TT,AA,AC,AA,GT,CC,CG,GG,CC,GG,AT,AA,CC,TT,GG,CC,CG,AA,AG,CC,AT,CC,AA,AA,CC,CC,AC,TT,AA,GG,AA,AA,AA,AA,AA,AG,AA,AA,TT,GG,AA,AA,AC,AA,CC,AA,AG,GG,GG,GG,TT,AT,AA,TT,AT,TT,AA,TT,GG,GG,AC,5.44,Resistant,Low,Standard,Early
L0477,Mandya,Karnataka,Kharif,Red Loamy,Irrigated (Cauvery command),780,27.0,72,AA,TT,GG,AG,GG,CC,GT,AT,CC,CG,AT,CC,CC,AT,TT,GG,CG,TT,AT,AG,CC,TT,TT,CC,TT,CC,NN,TT,GT,AA,TT,CC,AA,CC,GG,GG,GG,CG,GG,CC,TT,TT,AC,TT,AA,GG,TT,AT,CC,AC,GG,AA,AA,GG,CC,TT,AA,AA,GT,AA,AA,TT,TT,AA,TT,TT,CC,GG,TT,GG,AA,GT,CC,AA,AG,AA,NN,GG,GT,TT,GG,GG,GG,CC,AA,GG,AG,AA,CC,GT,CC,TT,CT,TT,TT,GG,TT,CC,GG,CC,CT,CC,AA,AA,TT,TT,CC,AG,AG,AA,CC,GG,GT,CC,TT,AA,AA,TT,CC,GG,CG,AG,CC,TT,CT,AG,CT,CC,CC,CC,AA,TT,AC,AA,CC,CT,AG,TT,AG,AA,CG,CC,CC,GG,AA,AG,AA,AC,GG,CC,CC,AA,GG,AG,GT,AG,AC,GT,CT,GG,AC,GT,TT,TT,CC,AA,TT,TT,AA,AT,GG,CC,GG,TT,CC,CC,GG,CC,AT,GG,AA,CC,TT,CC,GG,TT,CG,AT,AA,AA,TT,CC,GG,AA,CC,CC,GG,GG,AC,CG,TT,AA,AA,CC,GT,AA,AC,AA,TT,GG,GT,TT,AA,GG,TT,AT,CG,TT,TT,AA,GG,AA,TT,AA,TT,CC,TT,AA,CC,TT,CG,AA,CC,AG,CC,TT,TT,TT,GG,TT,AC,CC,AG,GT,CC,CC,GG,CC,GG,AT,AA,CC,TT,GG,CC,CC,AA,GG,CC,AT,CG,AA,AG,AC,CG,CC,TT,AA,GG,AA,AA,AA,AA,AG,AA,AA,AA,TT,GG,AC,AA,CC,AA,TT,AA,AA,GG,GG,GG,TT,AA,AA,TT,TT,TT,AG,AT,GG,GG,AA,7.01,Moderate,High,Standard,Medium
L0478,Mandya,Karnataka,Kharif,Red Loamy,Irrigated (Cauvery command),780,27.0,72,AC,TT,AA,AG,GG,CC,GG,TT,CC,CG,AA,CT,CG,TT,TT,GG,CG,TT,TT,AA,CG,GT,GT,CC,AT,CC,TT,TT,GG,AA,TT,CC,AA,AC,AG,CG,GG,CC,GG,CC,NN,TT,AC,TT,AA,GG,TT,AT,CC,AC,GG,AA,AG,GG,CC,TT,AT,AA,GG,AA,AG,GT,TT,AA,TT,TT,CC,GG,TT,GG,AG,GG,CC,GG,GG,AC,AT,GG,TT,TT,GG,GT,GG,CC,AA,GG,AA,AT,CC,TT,CC,TT,CC,TT,TT,GG,TT,CC,TT,CC,CC,CG,AG,AA,TT,TT,CC,AA,AA,AA,CT,GG,TT,CG,TT,AA,AA,TT,CC,GG,CC,GG,CC,GT,TT,AA,CT,CC,CC,CC,AA,TT,CC,AA,CC,CT,AA,TT,AA,AA,CG,CC,CC,GG,AA,AG,AA,CC,GG,CC,CC,AG,AA,AG,GT,GG,AC,TT,TT,GG,CC,TT,TT,TT,CG,TT,GT,TT,AA,TT,GG,CC,AG,CC,CC,CC,GG,CC,AA,GG,AA,CC,TT,CC,GT,TT,CG,AA,AA,AG,TT,CC,GG,AC,AC,CC,GG,GG,AA,GG,TT,AC,AA,CC,GG,AA,NN,AT,AA,GG,TT,TT,AA,CG,TT,AT,CG,AA,GT,AA,GG,AA,TT,AA,TT,CC,CT,AC,CC,CT,CG,GG,CC,AA,CC,TT,CT,TT,GG,TT,AA,CC,AA,GG,CC,GG,GG,CG,GT,TT,AA,CC,TT,GG,CC,CC,AA,NN,CC,AA,CC,AA,AA,AC,CC,AC,TT,AA,GG,AA,AA,AA,AA,NN,GG,AA,AA,AT,GG,AA,AA,AC,AC,CT,AA,AA,GG,GG,CG,TT,AA,NN,TT,TT,TT,AA,TT,GG,GG,AA,8.23,Moderate,Medium,Premium,Late
L0479,Mandya,Karnataka,Kharif,Red Loamy,Irrigated (Cauvery command),780,27.0,72,AA,CC,GG,AA,GG,CC,GG,TT,CC,GG,AA,CC,CG,AT,TT,GG,CG,TT,TT,AG,CC,TT,TT,TT,TT,CC,TT,TT,GG,AA,TT,CT,AA,CC,GG,CG,GG,CC,GG,CC,TT,TT,AA,TT,AA,GG,TT,TT,CC,CC,GG,AA,AA,GG,CT,TT,AA,AC,GT,AC,AA,TT,AT,AA,TT,TT,CC,GG,CT,GT,AA,GG,CC,AA,AG,AC,AT,AG,TT,TT,AG,NN,GG,CC,AA,GG,AA,AT,CC,GG,AC,TT,CT,TT,GT,GG,TT,CC,TT,CC,CC,CC,GG,AA,AT,TT,CC,AA,AG,AA,CC,GG,TT,CG,TT,AC,AA,TT,CC,GG,CC,GG,CC,GG,TT,AA,TT,CC,AC,CC,AA,TT,CC,AA,CC,CT,AA,TT,AA,AT,NN,CC,CC,GG,AA,AA,AA,AC,GG,CC,CC,AA,AA,GG,GT,GG,AC,TT,TT,GG,CC,GT,GT,TT,CC,AA,GT,TT,AA,AT,GG,NN,AA,CT,AC,CC,CG,CC,AA,GG,AG,CC,TT,CC,GG,GT,GG,AT,AA,AA,GT,CC,GG,AA,CC,CG,GG,AG,AC,CG,TT,AC,AA,CC,GG,AA,AC,AA,AT,GG,GT,TT,AA,CG,GT,AT,CC,TT,GT,AA,GG,AG,TT,AA,TT,CC,TT,AA,NN,TT,GG,AG,CC,GG,CC,TT,TT,GT,GG,TT,AC,AC,AG,GG,CC,CG,GG,CC,GG,AT,AA,CC,TT,GG,CC,CC,AA,GG,CC,AA,CC,AT,AA,AC,CG,AC,TT,AA,GG,AA,AA,AA,AA,AA,AG,AG,AA,TT,GG,AC,AA,CC,AA,CC,AA,AG,GG,GG,GG,TT,AA,GG,TT,TT,TT,AG,TT,GG,GG,AA,5.2,Susceptible,High,Premium,Early
L0480,Mandya,Karnataka,Kharif,Red Loamy,Irrigated (Cauvery command),780,27.0,72,AA,TT,AG,AA,GG,CC,GG,AT,CC,CG,AT,CC,CC,TT,GT,GG,GG,TT,TT,AA,CC,GT,TT,CC,TT,CC,TT,AT,GG,AA,TT,CC,AA,CC,GG,CG,GG,CC,GG,CC,TT,TT,AA,TT,AA,AG,TT,TT,CC,CC,GT,AA,AA,GG,CC,TT,AT,AC,GT,CC,AA,TT,AA,AA,CT,AT,CC,GG,TT,GT,AG,GT,AC,AA,GG,AC,AT,GG,TT,TT,GG,GT,GG,CC,AA,GG,AA,AA,CC,TT,AC,TT,CC,AT,GT,GG,TT,CC,TT,CC,CC,CG,AG,AA,TT,GT,CC,AA,AA,AA,CC,GG,TT,CG,TT,AA,AC,TT,CG,AG,CC,GG,CT,GG,CT,AA,NN,CC,NN,CC,AA,TT,CC,AA,CC,CT,AA,TT,AA,AA,CG,CT,CC,GG,AA,AA,AA,CC,GG,CC,CC,AG,AG,AG,TT,GG,AA,GT,CT,GG,CC,GT,GT,CT,CC,AA,TT,TT,AT,AT,GG,CC,AA,CT,CC,CC,GG,CC,AA,GG,AA,CC,TT,CC,GG,GT,GG,TT,AA,AA,TT,CC,GG,AC,CC,CC,GG,GG,AC,CG,TT,AA,AA,NN,GG,AA,CC,AA,AT,GT,TT,AT,AT,NN,GG,AA,CC,AA,NN,AA,GG,AA,TT,AC,TT,CC,CT,AA,CC,CC,GG,AG,CG,GG,CC,TT,TT,TT,GG,TT,AA,CC,AA,GG,CC,CC,GG,CC,GG,TT,AA,CC,GT,GG,CC,CC,AA,GG,CC,AA,CC,AT,AA,CC,CC,AC,TT,NN,GG,AA,AA,AA,CC,AG,AG,AA,AA,NN,GG,AC,AG,CC,AA,CT,AA,AA,GG,AG,CG,TT,AA,AA,TT,AT,TT,AA,TT,GG,GG,AA,4.01,Susceptible,Low,Premium,Medium
L0481,Mandya,Karnataka,Kharif,Red Loamy,Irrigated (Cauvery command),780,27.0,72,AC,TT,GG,AA,CG,CC,GT,AA,CC,CG,AA,CC,CC,AT,TT,GG,GG,TT,TT,AG,CC,GT,TT,CC,TT,CC,TT,TT,GG,AA,TT,CC,AA,CC,GG,GG,GG,CG,GG,CC,TT,TT,AC,TT,AA,GG,TT,AT,CC,NN,GG,AA,AG,GG,CC,TT,AA,AA,GT,AC,NN,TT,AT,AG,TT,TT,CC,GG,TT,GG,GG,GG,AC,AA,AG,AA,AA,GG,TT,TT,GG,GG,GG,CC,AT,GG,AA,AA,CC,GT,CC,TT,CT,TT,TT,GG,TT,CC,TT,CC,CT,CG,AA,AA,TT,TT,CC,NN,AA,AA,CC,GG,TT,CC,TT,AC,AA,TT,CG,AG,CG,GG,CT,GG,TT,AA,CC,CC,CC,CG,AA,TT,CC,AA,CC,NN,AA,TT,AA,TT,GG,CC,CC,GG,AA,AA,AA,NN,GT,NN,CC,AA,AG,AG,TT,AG,AC,TT,CT,AA,AC,TT,TT,TT,CC,AA,TT,TT,AA,TT,GG,CC,AG,CC,CC,CC,CG,CC,AA,AG,AG,CC,TT,CC,TT,TT,CG,AT,AG,AA,TT,CC,GG,AC,CC,CC,GG,GG,AA,GG,TT,AA,AG,CC,GT,AA,CC,AA,AA,GG,TT,TT,AT,GG,GT,AT,CC,TT,GG,AA,GG,AA,CT,AC,TT,CC,CT,AA,AC,TT,CG,AG,CC,AA,CC,TT,TT,TT,GG,TT,AC,NN,AG,GG,CC,CC,GG,CC,GG,TT,AA,CG,TT,GG,CC,CC,AA,GG,CC,AA,CC,NN,AA,AA,CC,CC,TT,AA,CG,AA,AA,AA,AC,AG,AA,AA,AA,TT,GG,AA,AA,AC,AC,CT,GG,AA,NN,GG,GG,TT,AA,AA,TT,TT,TT,AG,TT,GG,CG,AA,4.08,Moderate,Low,Standard,Medium
L0482,Mandya,Karnataka,Kharif,Red Loamy,Irrigated (Cauvery command),780,27.0,72,AA,CT,GG,AA,GG,CC,GT,TT,CC,CG,AA,CC,CG,TT,TT,GG,GG,TT,TT,AA,CG,TT,TT,CC,TT,CC,TT,TT,GT,AA,CT,CC,AA,CC,GG,GG,GG,CC,GG,CC,TT,TT,AA,GT,AA,AG,TT,TT,CC,AC,GG,AA,AA,GG,CT,GT,AA,AA,GT,AC,AA,GT,AA,AA,TT,AT,CC,GG,TT,GG,AG,GG,CC,AG,GG,CC,AT,AG,TT,TT,GG,GG,GG,CC,AT,GG,AA,AA,CG,TT,CC,TT,CC,TT,GT,GG,CC,CC,NN,CT,CC,CG,AG,AA,TT,TT,CC,AA,AA,AA,TT,GG,TT,CC,TT,AC,AA,TT,CC,GG,CC,AG,CC,TT,TT,AA,CC,CC,CC,CC,AA,TT,CC,AA,CC,CC,AA,NN,AG,AA,GG,CC,CC,GG,AG,AG,AA,CC,GG,CC,CC,AA,AA,AG,GT,GG,AC,GT,TT,GG,CC,GT,GT,CT,CC,AT,TT,TT,AA,TT,GG,CG,AG,CC,CC,CC,CG,CC,AA,GG,AA,CC,TT,CC,TT,GT,GG,TT,AA,AA,GT,CC,GG,AA,CC,CC,GG,GG,AC,GG,TT,AA,AA,CC,GT,AA,AC,AA,AA,GG,TT,AT,AT,GG,NN,AA,CC,AT,TT,AA,GG,AA,CT,AA,TT,CC,CT,AA,CC,CT,GG,AA,CC,AA,CC,TT,CT,GT,GG,TT,AA,CC,AA,GG,CC,CC,GG,CC,GG,NN,AA,CG,TT,AG,CC,CC,AA,GG,CC,AA,CC,AA,AA,CC,CC,CC,TT,NN,GG,AA,AA,AC,AC,AG,AA,AA,AA,TT,CG,AA,AG,AC,AC,CT,AA,AA,GG,GG,GG,TT,AA,AA,TT,TT,TT,AG,TT,GG,CG,AA,8.19,Susceptible,Low,Standard,Late
L0483,Mandya,Karnataka,Kharif,Red Loamy,Irrigated (Cauvery command),780,27.0,72,AC,TT,AA,AA,GG,CG,GG,TT,CC,CG,AT,CC,CG,TT,TT,GT,GG,TT,TT,AG,CC,TT,GT,CC,TT,CC,TT,TT,GG,AA,TT,CC,AA,CC,GG,GG,NN,NN,GG,CC,TT,CT,AA,GT,AG,GG,TT,TT,CG,CC,GG,AA,AA,GG,CC,GT,AA,AC,GT,NN,AG,TT,AA,AG,TT,AT,CC,GG,TT,GT,GG,GG,CC,AA,AG,AC,AT,GG,TT,TT,GG,GG,GT,CC,AA,GG,AA,AT,CG,GG,AC,TT,CT,AT,TT,GG,CT,CC,GT,CC,CC,CG,GG,AA,AT,TT,CC,AA,GG,AA,CT,GG,TT,CC,GT,AA,AC,TT,CC,GG,CC,AG,CC,TT,CT,AA,CC,CC,CC,CC,AA,TT,CC,AA,CC,CC,AA,TT,AA,TT,GG,CC,CC,GG,AA,AG,NN,AC,GG,CC,CC,AA,AA,AG,TT,GG,CC,TT,NN,GG,CC,TT,GT,TT,CC,AA,TT,TT,AA,NN,GG,CC,AA,CC,AC,CC,CG,CC,AA,GG,AG,CC,TT,CC,GG,TT,GG,AT,AA,AA,TT,CC,GG,AC,AC,CC,GG,GG,AC,GG,TT,AA,AA,CC,GG,AA,CC,AA,AA,GT,TT,TT,AT,GG,GT,AT,CC,TT,TT,AA,GG,AA,NN,AA,TT,CG,TT,AA,CC,TT,CG,AG,CC,AG,AC,TT,TT,GT,GG,TT,AA,AC,GG,GG,CC,CC,GG,CC,GG,NN,AA,CG,TT,GG,GG,CC,AT,GG,CG,AA,CC,AA,AA,CC,CC,AC,TT,AA,GG,AA,AA,AC,AA,AG,AG,AA,AA,AT,GG,AA,AA,CC,AC,TT,AA,AA,GG,GG,CG,TT,AT,AA,TT,TT,TT,AA,AT,GG,GG,AA,4.51,Susceptible,Low,Premium,Late
L0484,Mandya,Karnataka,Kharif,Red Loamy,Irrigated (Cauvery command),780,27.0,72,AA,TT,GG,AG,GG,CG,GG,AT,CC,GG,AA,CC,CC,TT,TT,GT,CG,TT,TT,AA,CC,GT,GG,CC,TT,CC,TT,TT,GG,AC,TT,CC,AG,CC,GG,GG,GG,CG,GG,CC,TT,CC,AA,TT,AA,AG,TT,AT,CG,AA,GT,AT,AA,GG,CT,GT,AA,AC,GT,AA,AA,TT,AT,AA,TT,TT,CC,GG,TT,GG,AG,GG,CC,AA,AA,AC,AT,AG,TT,TT,GG,GG,GG,CC,AT,GG,AA,NN,CG,GG,CC,TT,CC,TT,GT,GG,TT,AC,TT,CC,CC,CG,AG,AA,TT,TT,CC,AA,AA,AA,CT,GG,TT,CC,TT,AA,AA,TT,CC,GG,CC,AG,CC,GG,CT,AA,CC,CC,AC,CC,AA,TT,CC,AA,AC,CC,AG,AT,AG,AA,GG,NN,CC,GG,AA,AA,AA,CC,GT,CC,NN,AG,AA,GG,TT,AG,AA,TT,TT,GG,AC,TT,GT,CT,CC,AA,TT,TT,AA,TT,GG,CC,AA,CT,AC,CC,CG,CC,NN,GG,AG,CC,TT,CG,GT,GG,CG,TT,AA,AA,TT,CC,GG,AA,CC,CC,GG,GG,CC,GG,TT,AC,AA,CC,TT,AA,AC,AA,AT,GG,TT,TT,AA,CG,GT,AT,CC,AT,GT,AA,GG,AG,TT,AA,TT,CC,TT,AA,CC,TT,GG,AG,CC,AG,CC,TT,TT,TT,GG,TT,AC,CC,GG,GT,CC,CC,GG,CC,GG,AT,AA,CC,GG,GG,CC,CC,AT,GG,CG,AA,CC,AA,AA,AC,CG,AC,TT,AA,GG,AA,AA,AC,AA,GG,AA,AA,AA,AT,GG,CC,AA,AC,AC,CT,AA,AA,CG,GG,GG,TT,AT,AG,TT,TT,TT,AG,TT,GG,CG,AA,4.6,Moderate,Medium,Poor,Medium
L0485,Mandya,Karnataka,Kharif,Red Loamy,Irrigated (Cauvery command),780,27.0,72,CC,TT,AG,AG,GG,CC,GG,NN,CC,CG,AA,CT,CC,TT,GT,GG,CG,TT,TT,AG,CC,GT,GT,CC,TT,CC,GT,TT,GG,AA,CT,CC,NN,CC,GG,GG,GG,CG,GG,CC,TT,TT,AA,TT,AA,AG,TT,AT,CC,AA,GG,AA,AA,GG,CC,TT,AA,AA,GT,AA,AA,TT,AT,AA,TT,AT,CC,GG,TT,GT,GG,GT,CC,AG,GG,AA,AA,GG,GT,TT,GG,GT,GG,CC,AA,AG,AA,AA,CC,TT,CC,TT,CC,TT,TT,GG,TT,CC,TT,CC,CT,CC,GG,AG,TT,TT,CC,AA,AA,AA,CT,GT,TT,CC,TT,AC,AA,TT,CC,AA,CC,GG,CC,GG,TT,AA,CT,CC,AC,CC,AA,TT,CC,AA,CC,CC,AA,TT,AA,AT,GG,CC,CC,GG,AA,GG,AA,CC,GT,CC,CG,AA,AA,GG,TT,AA,AA,TT,TT,GG,CC,TT,TT,TT,CC,AT,TT,TT,AA,TT,CG,CC,AA,CC,CC,CC,GG,CC,AA,AG,AA,CC,TT,CG,GT,TT,GG,TT,AA,AA,TT,CC,CG,AC,AC,CC,GG,GG,AC,GG,TT,CC,AA,CC,GG,AA,AC,AA,AA,GG,TT,TT,NN,GG,GG,AT,GG,AT,GT,NN,GG,AG,TT,AA,TT,CC,CT,AC,CC,TT,GG,AG,CC,AG,AC,TT,NN,GT,GG,TT,AC,CC,AA,GG,CC,CC,GG,CC,GG,AT,AA,CC,TT,GG,CG,CC,AA,AG,CC,AT,CC,AT,AG,AC,CC,AA,AT,AA,GG,AA,AA,AC,AA,GG,AA,AA,AA,TT,GG,NN,AG,AA,AC,CC,AA,AG,CC,GG,GG,TT,AT,AG,GT,TT,TT,AG,AT,GG,GG,AA,6.88,Susceptible,High,Premium,Medium
L0486,Mandya,Karnataka,Kharif,Red Loamy,Irrigated (Cauvery command),780,27.0,72,AC,CT,AG,AG,GG,CC,GG,TT,CC,CC,AA,CC,CC,TT,GT,GG,GG,TT,TT,AA,CG,GT,GG,CC,TT,CC,TT,TT,GG,AA,TT,CC,AA,CC,GG,GG,GG,CC,GG,CC,TT,CT,AA,TT,AA,GG,CT,TT,CC,AC,GG,NN,AA,GG,CC,GT,AT,AA,GG,AC,AA,GT,AT,AA,TT,AT,CC,GG,TT,GG,GG,GG,CC,AA,GG,AC,AA,GG,TT,TT,GG,TT,GG,CC,AA,GG,AG,NN,NN,GG,CC,TT,CC,TT,GT,GG,TT,CC,GT,CC,CC,CC,GG,AA,TT,TT,CC,AA,AA,AA,TT,GG,TT,CC,TT,AA,AA,AT,CC,AG,CG,GG,CC,GG,TT,AA,CC,CC,CC,CC,AA,TT,CC,AA,CC,CC,AA,TT,AA,AA,GG,CC,CC,GG,AA,AG,AT,CC,GG,CC,CC,AA,AA,AG,TT,GG,AC,GT,TT,GG,AC,TT,TT,TT,CC,AA,TT,TT,AA,TT,GG,CC,AG,TT,CC,CC,CG,CC,AA,GG,AA,CC,TT,CG,GT,GT,CG,AT,AA,AA,TT,CC,NN,CC,CC,CC,GG,GG,CC,GG,TT,AA,AA,CG,GG,AT,CC,AA,AT,GG,TT,TT,AA,GG,GG,AT,CG,TT,TT,AA,GG,AA,CT,AA,TT,CC,CT,AA,CC,CT,GG,AA,CC,GG,CC,TT,TT,GT,GG,TT,AA,AC,GG,GG,CC,CG,GG,CC,GG,TT,AA,CC,TT,GG,CC,CG,AA,GG,CC,AT,CC,AT,AA,CC,CC,AC,TT,AA,NN,AA,AC,AA,AA,AG,AG,AA,AA,TT,GG,AA,AA,AC,AA,CT,AG,AA,GG,AG,GG,TT,AA,AA,TT,TT,TT,GG,TT,GG,GG,AC,6.8,Resistant,High,Poor,Medium
L0487,Mandya,Karnataka,Kharif,Red Loamy,Irrigated (Cauvery command),780,27.0,72,CC,TT,NN,AG,GG,CC,GT,TT,CC,CC,AA,CT,CG,AT,TT,GG,GG,TT,TT,AA,CC,TT,GT,CC,TT,CC,TT,TT,GG,AA,TT,CC,AA,AC,AG,GG,GG,CG,GG,CC,TT,TT,AA,GT,AA,AG,TT,TT,CC,AA,GG,AA,GG,CG,CT,TT,AA,CC,GT,AC,AA,TT,TT,GG,TT,TT,CC,GG,TT,GT,AG,GG,CC,AA,GG,CC,AT,GG,TT,TT,GG,GG,GG,CC,AA,GG,AG,AA,NN,TT,AC,TT,CT,TT,TT,AG,CT,CC,GT,CC,CC,CG,GG,AA,AT,TT,CC,AA,GG,AC,CT,GG,GT,CC,TT,AA,AA,TT,GG,AG,CC,GG,CC,GT,CT,AA,CC,CC,CC,CC,AA,TT,CC,AA,CC,CC,AA,AA,AA,AT,CG,TT,CC,GG,AA,AA,AA,AC,GG,CC,CC,AA,AA,GG,TT,GG,AA,GT,CT,GG,AC,GT,TT,TT,CC,AT,GT,TT,AA,TT,GG,CC,AA,CC,CC,CC,CG,CC,AA,GG,AG,CC,GT,CC,GG,TT,GG,TT,AG,AG,TT,CC,GG,AA,AC,CC,GG,GG,AA,CG,TT,AA,AA,CG,GG,AA,AC,AA,AA,GT,TT,AT,AT,GG,GG,AA,CC,TT,TT,AA,GG,AA,TT,AA,TT,CG,TT,AC,AC,TT,CG,AA,CC,AG,CC,TT,TT,TT,GG,TT,AA,CC,AG,GG,CC,CG,GG,CC,GG,TT,AA,CC,TT,GG,CC,CC,AA,GG,CG,TT,CC,AA,AA,AA,CC,NN,TT,AA,GG,NN,AA,AA,AA,AG,AG,AG,AA,TT,CC,AA,AA,AC,AC,TT,AA,AA,GG,GG,GG,TT,AA,AA,TT,TT,TT,AA,AT,GG,GG,AA,9.9,Susceptible,Medium,Poor,Early
L0488,Mandya,Karnataka,Kharif,Red Loamy,Irrigated (Cauvery command),780,27.0,72,AC,TT,GG,AA,GG,CC,GG,TT,CC,CG,AT,CC,CG,AT,TT,GT,GG,TT,TT,AG,CC,TT,TT,CC,TT,CC,TT,TT,GG,AA,TT,CC,AG,CC,GG,GG,GG,CG,GG,CC,TT,TT,AA,TT,AA,AG,TT,AT,CC,AC,GG,NN,AA,GG,CC,TT,AT,AA,GG,AA,AA,TT,TT,AG,TT,TT,CC,GG,TT,GG,AG,GG,CC,AA,GG,CC,AA,GG,TT,TT,GG,GT,GG,CC,AA,GG,AA,AA,CC,GG,CC,GT,CC,AT,TT,GG,TT,CC,GT,CT,CC,GG,AA,AG,TT,TT,CC,AA,AA,AA,CT,GG,TT,CG,TT,AA,AC,AT,CC,GG,CG,GG,CC,GG,TT,AA,CC,CC,CC,CC,AA,TT,CC,AA,CC,CT,AA,TT,AA,AT,GG,CC,CC,GG,AA,GG,AA,CC,GT,CC,CC,AA,AA,AG,TT,AG,AA,TT,TT,AG,CC,TT,GG,CT,CC,TT,TT,TT,AA,TT,GG,CG,AG,NN,CC,AA,CG,CC,AA,GG,AG,CC,TT,CG,GG,TT,GG,TT,AA,AA,TT,CC,GG,AA,AC,CC,GG,GG,AA,CG,TT,AC,AA,CG,GG,AA,CC,AT,AT,GG,GT,AT,AA,CG,TT,AT,CC,AT,GT,AA,GG,AA,CT,AA,TT,CC,TT,AA,CC,CT,GG,AG,CC,AA,CC,TT,TT,GG,GG,TT,AC,AC,AA,GG,CC,CC,GG,CC,GG,AT,AA,CG,TT,GG,CC,CC,AT,GG,CC,AA,CC,AA,AA,AC,CG,CC,AT,AA,GG,AA,AA,AC,AA,AG,AG,AA,AA,TT,GG,AA,AA,CC,AA,CC,AA,AA,GG,NN,GG,GT,AA,AA,TT,TT,TT,GG,TT,GG,GG,AA,7.29,Susceptible,Low,Premium,Early
L0489,Mandya,Karnataka,Kharif,Red Loamy,Irrigated (Cauvery command),780,27.0,72,AA,TT,NN,AG,GG,CC,GG,AA,CC,GG,AA,CC,CC,TT,TT,GG,CG,TT,TT,AA,NN,GT,GT,CC,TT,CC,GT,TT,GT,AA,TT,CC,AA,CC,GG,GG,GG,CC,GG,AC,TT,CT,AA,TT,AA,AG,TT,AT,CC,AA,GT,AA,AA,GG,CC,TT,AA,CC,GT,AC,AA,TT,TT,AG,TT,TT,CC,GG,TT,GG,AG,GG,CC,AA,GG,AC,AA,GG,TT,TT,GG,GG,GG,CC,AA,GG,AA,AA,CC,GG,AC,TT,CT,TT,TT,GG,TT,CC,TT,CC,CT,CC,AG,AG,TT,TT,CC,AA,GG,AA,CC,GG,TT,CC,GT,AA,AA,TT,CG,AA,CC,GG,CC,TT,CT,AA,CC,CC,CC,CC,AA,TT,CC,NN,CC,CC,AG,TT,AA,AA,CG,CC,CG,AG,AA,AG,AA,CC,GG,CC,CC,AA,AA,GG,TT,GG,CC,TT,CT,GG,AC,GT,GT,TT,CG,AA,TT,TT,AA,NN,GG,CC,AA,CC,AC,CC,GG,CC,AA,GG,AG,CC,TT,CC,GT,TT,GG,AT,AA,AG,TT,CC,GG,AC,AC,CG,GG,GG,AC,GG,TT,AC,AA,CC,GG,AT,AC,AT,AA,GG,TT,TT,AA,CG,GG,AT,GG,AT,GG,AA,GG,AA,TT,AA,NN,CC,TT,AA,CC,CT,CG,AG,CC,AG,CC,TT,TT,TT,NN,TT,AA,AC,AG,GG,CC,CG,GG,CC,GG,AT,AA,CC,GT,GG,CC,CC,AA,AG,CC,AA,CC,AA,AA,AC,CG,CC,TT,AA,GG,AA,AA,AC,AA,AA,AG,AG,AA,TT,GG,AA,GG,AA,AA,TT,AA,AA,GG,GG,GG,TT,AT,AA,TT,TT,TT,AA,AT,GG,GG,AA,7.34,Susceptible,Low,Premium,Late
L0490,Mandya,Karnataka,Kharif,Red Loamy,Irrigated (Cauvery command),780,27.0,72,AC,TT,AG,AA,GG,CC,GG,AT,CC,CC,AA,CC,CG,AA,TT,GG,CG,TT,TT,AA,CG,GT,TT,CT,TT,CC,TT,TT,GG,AA,TT,CC,AA,AC,GG,GG,GG,CC,GG,CC,TT,TT,AA,GT,AA,AG,CT,TT,CC,AC,GT,AA,AA,GG,CC,GT,AA,AA,GT,AC,AA,TT,TT,AA,TT,TT,CC,GG,TT,GG,AG,GT,CC,AA,AA,AA,AT,GG,GT,TT,GG,GT,GG,CC,AT,GG,AA,AA,CC,GT,CC,TT,CC,TT,TT,GG,CT,CC,GT,CT,CT,CG,AG,AA,TT,TT,CC,AA,AA,CC,CT,GG,TT,CC,TT,AA,CC,TT,CG,GG,CC,AG,CC,GG,CT,AA,CC,CC,AC,CC,AA,TT,AC,AA,CC,CC,AA,TT,AA,AA,CG,CC,CC,GG,AA,AG,AA,CC,GG,CC,CG,AA,AG,GG,TT,AG,CC,GT,TT,GG,CC,TT,TT,TT,CC,AA,TT,TT,AT,TT,CG,CC,AA,CT,CC,CC,GG,CC,AA,AG,AA,CC,TT,CC,GG,TT,GG,AT,AG,AA,GT,CC,GG,AA,AC,CC,GG,GG,AA,GG,TT,AC,AA,CC,GG,AA,CC,AA,AT,GG,TT,TT,AA,CG,GT,AT,CC,TT,TT,AT,GG,AA,CT,AA,TT,CC,TT,AA,AC,CT,CG,AG,CC,GG,CC,TT,CT,GG,GG,NN,AA,CC,AG,GG,CC,CC,GG,CC,GG,TT,AA,CG,TT,GG,CC,CC,AA,AG,CC,AT,CC,AA,AA,CC,CG,AC,AT,AA,GG,AA,AA,CC,AA,AG,GG,AA,AA,TT,CG,AA,AG,NN,CC,TT,AA,AA,GG,GG,GG,TT,AA,AA,GT,TT,TT,AA,TT,GG,GG,AA,8.82,Moderate,Medium,Poor,Early
L0491,Mandya,Karnataka,Kharif,Red Loamy,Irrigated (Cauvery command),780,27.0,72,AA,TT,AG,GG,GG,CC,GT,AA,CC,CG,AA,CC,CC,TT,TT,GG,GG,TT,TT,AA,CC,TT,TT,CT,TT,CC,TT,TT,GG,NN,CT,CC,AA,CC,GG,CG,GG,CG,GG,CC,TT,CT,AA,TT,AA,AG,TT,AT,CC,AC,GG,AT,AA,GG,NN,GT,AA,AA,TT,AA,AA,GT,TT,AG,TT,TT,CC,GG,TT,GG,AG,GG,CC,AA,AG,AA,AT,GG,NN,TT,GG,GG,GT,CC,AA,AG,AA,AA,CC,TT,CC,TT,CC,TT,TT,GG,TT,CC,GT,CT,CC,CC,AG,AA,AT,NN,CG,AG,AA,AA,CT,GG,TT,CC,TT,CC,AA,TT,CC,GG,CC,GG,CC,GG,TT,AG,CC,CC,CC,CC,AA,TT,CC,AA,CC,CT,AA,AT,AA,TT,GG,CC,CC,GG,AA,AG,AA,CC,GG,CC,CC,AA,AA,GG,TT,GG,AC,TT,TT,GG,AC,GT,TT,TT,CG,AT,TT,TT,AT,TT,GG,CC,AA,CC,CC,CC,GG,CC,AA,GG,AA,CC,TT,CG,GG,TT,NN,AT,AA,AA,TT,CC,GG,AC,CC,CC,CG,GG,AA,GG,TT,AC,AG,CC,GG,AA,CC,AT,NN,GT,GT,TT,AT,GG,GT,AA,CG,TT,TT,AA,GG,AA,CT,AA,TT,CC,TT,AC,CC,TT,CG,AA,CC,GG,CC,AT,CT,GT,GG,TT,AA,AC,AG,GG,CC,CG,GG,CC,GG,AA,AA,CC,GT,GG,CC,CC,AA,AG,CG,AT,CC,AA,AA,AA,CC,CC,TT,AA,GG,AA,AA,AA,AA,AG,GG,AG,AA,TT,GG,AA,AA,AC,NN,CT,AA,AG,GG,GG,GG,TT,AT,AA,GT,TT,TT,GG,TT,GG,GG,AC,8.05,Resistant,Medium,Poor,Early
L0492,Mandya,Karnataka,Kharif,Red Loamy,Irrigated (Cauvery command),780,27.0,72,AC,TT,GG,AA,NN,CC,GG,AT,CC,GG,AA,CC,NN,TT,TT,GG,GG,AT,TT,AG,CC,TT,GG,CC,TT,CC,TT,TT,GG,AA,TT,CC,AA,CC,AG,GG,GG,CC,GG,CC,TT,TT,AA,GG,AA,AG,TT,AT,CC,CC,GG,AA,AA,GG,CC,TT,AA,AA,GG,AA,AG,TT,TT,AG,TT,AT,CC,GG,TT,GT,AG,GT,CC,AA,AG,AA,TT,GG,TT,TT,AG,GG,GG,CC,AA,GG,AA,AA,CC,TT,CC,TT,CT,TT,GG,GG,CT,CC,TT,CT,CC,CC,AG,AA,AT,TT,CC,AA,AA,AA,CC,GG,TT,CG,GT,AA,AA,TT,CG,AG,CC,GG,CC,GT,CT,AA,CC,CC,CC,CG,AA,TT,CC,AA,CC,CT,AA,TT,AA,AT,GG,CC,CC,GG,AA,GG,AA,CC,GT,CC,CC,AA,AA,AG,TT,AG,AA,GG,CT,AG,CC,TT,GT,TT,CG,TT,GT,TT,AT,TT,CG,CC,AA,CC,CC,CC,CG,CC,AA,GG,AG,CC,TT,CC,GG,TT,CG,AA,AA,AA,TT,AC,GG,AC,CC,CG,GG,GG,AC,GG,TT,AA,AA,CC,TT,AA,CC,AA,AA,GG,TT,TT,AT,GG,GT,AA,CG,AT,GT,AA,GG,AA,TT,AA,TT,CC,TT,AA,CC,CT,GG,AA,CG,AG,CC,TT,TT,GT,GG,TT,AA,AC,NN,GG,CC,CC,GG,CC,GG,NN,AA,CC,TT,GG,CC,CC,AA,GG,CG,AT,CC,TT,AA,CC,GG,AC,AT,AA,GG,AA,AA,AC,AA,GG,AG,AA,AA,TT,GG,AA,AA,AC,AA,TT,AA,AA,GG,GG,GG,TT,AA,AA,TT,TT,TT,AA,TT,GG,GG,AA,8.03,Moderate,Low,Standard,Medium
L0493,Mandya,Karnataka,Kharif,Red Loamy,Irrigated (Cauvery command),780,27.0,72,AC,CT,GG,AG,GG,CC,GG,TT,CC,CG,AA,CC,CC,AT,GT,GT,GG,TT,TT,AG,CC,GT,GT,CC,TT,CC,TT,TT,GG,AA,TT,CT,AA,CC,NN,CG,GG,CC,GG,CC,TT,CT,AA,TT,AA,AA,CT,AT,CC,AA,GG,TT,AA,GG,CC,TT,AA,AC,GT,AA,AA,TT,AT,AA,TT,AT,CC,GG,TT,GG,AA,GG,CC,AA,GG,AC,TT,GG,TT,TT,GG,GT,GG,AC,AA,GG,AA,AA,NN,GT,CC,TT,CT,TT,TT,GG,CT,CC,GT,CC,CC,CG,GG,AA,TT,TT,CC,AA,AA,AA,TT,GG,TT,CC,TT,AA,AA,TT,CC,GG,CC,AG,CC,GT,CT,AA,CC,CC,CC,CC,AG,GT,CC,AA,CC,CT,AA,AT,AA,AT,CG,CC,CC,GG,AA,AA,AA,CC,GT,CC,CC,AA,AA,GG,TT,GG,AC,GT,TT,GG,AC,TT,TT,TT,CG,AT,TT,TT,AT,AT,GG,CC,AG,CC,CC,AC,GG,CC,AA,GG,GG,CC,GT,CC,GG,GT,GG,TT,AA,AA,TT,CC,GG,AA,CC,CC,GG,GG,NN,GG,TT,AC,AA,CC,GG,AA,AC,AA,AA,GG,TT,AA,AA,GG,GT,TT,CC,AT,GT,AA,GG,AA,CT,AA,TT,CC,TT,AA,AC,TT,CG,AA,CG,AG,CC,AT,CT,GT,GG,AT,AA,AA,AA,GG,CC,CG,GG,CC,GT,TT,AA,CC,GT,AG,CC,CC,AA,GG,CC,AT,CC,AA,AA,CC,CG,AA,TT,AA,GG,AA,AA,AC,NN,AG,AG,AG,AA,TT,CG,AA,AA,AA,AC,CC,AA,AG,GG,GG,GG,TT,AT,AA,GT,TT,TT,AA,AT,GG,GG,AC,6.42,Resistant,Low,Poor,Medium
L0494,Mandya,Karnataka,Kharif,Red Loamy,Irrigated (Cauvery command),780,27.0,72,AA,TT,GG,GG,GG,CC,GT,AT,CC,CC,AA,CC,CG,TT,GT,GG,GG,TT,TT,AA,CC,TT,GG,CT,TT,CC,GT,TT,GG,AA,TT,CC,AA,CC,GG,CG,GG,CC,GG,AC,TT,CT,AA,TT,AA,AG,CT,TT,CC,AC,GT,AA,AA,GG,CC,TT,AA,AA,GT,AA,AA,GT,TT,AA,TT,TT,NN,GG,TT,GT,GG,GG,CC,AA,GG,AA,AA,GG,TT,TT,GG,GT,GG,AC,AT,GG,AA,AA,CC,GT,AC,TT,CC,TT,TT,GG,TT,CC,GT,CC,CC,CC,AG,AA,TT,TT,CC,AA,GG,AC,CC,GG,TT,CC,TT,AA,AA,TT,CG,AG,CG,GG,CT,GT,CT,AA,CC,CC,CC,CC,AA,TT,AC,AA,CC,CC,AA,AT,AA,AA,GG,CT,CC,GG,AA,AG,AA,CC,GT,NN,CC,AA,AA,GG,TT,AG,AC,GG,TT,GG,CC,TT,GT,TT,CG,AA,GT,TT,AT,TT,GG,CC,AA,CC,CC,CC,CC,CC,AA,AG,AA,CC,TT,CC,GG,TT,GG,TT,AA,AA,TT,AC,GG,AC,CC,CC,GG,GG,CC,NN,TT,AC,AG,CG,GT,AA,AC,AA,AA,GG,TT,TT,AT,GG,GT,AT,CC,TT,GT,AA,GG,AA,TT,AA,TT,CC,TT,AC,AA,CT,GG,AA,CC,GG,AC,TT,CT,GT,GG,AT,AA,CC,AA,GG,CC,CC,CG,CC,GG,AT,AA,CC,GT,GG,CC,CC,AT,GG,CG,AT,NN,AT,AA,AC,CG,AC,TT,AG,GG,AA,AA,AA,AA,GG,AG,AA,AA,TT,CG,AA,AA,AC,AC,CT,AA,AA,CG,GG,GG,TT,AA,AA,NN,TT,TT,AG,AT,GG,GG,AA,4.62,Moderate,Low,Standard,Early
L0495,Mandya,Karnataka,Kharif,Red Loamy,Irrigated (Cauvery command),780,27.0,72,CC,TT,GG,AG,GG,CC,GT,AT,CC,CC,AA,CT,CG,TT,TT,GG,CG,TT,TT,AG,CC,GG,TT,CC,AT,CC,GT,NN,GT,AA,TT,CC,AA,CC,GG,CG,GG,CC,GG,CC,TT,CT,AA,TT,AA,GG,TT,TT,CC,CC,GG,AA,AA,GG,CC,TT,AA,AC,GG,AA,AG,GT,AT,AA,TT,TT,CC,GG,TT,GG,AA,GT,AC,AA,GG,AA,AT,GG,GT,TT,GG,GT,NN,CC,AT,GG,AA,AA,CG,GT,CC,TT,CT,AT,TT,GG,TT,CC,TT,CC,CC,CG,AG,AG,TT,TT,CC,AA,AG,AA,CT,GG,TT,CC,TT,AC,AA,AT,CC,AA,CC,NN,CT,GG,TT,AA,CC,CC,CC,CC,AA,TT,CC,AA,CC,CC,AA,TT,AA,AA,GG,CT,CC,GG,AG,AG,AA,CC,TT,CC,CC,AA,AA,AG,TT,NN,AC,TT,TT,GG,AC,TT,TT,TT,CG,AA,NN,TT,AT,TT,GG,CC,AA,TT,CC,CC,GG,CC,AA,GG,GG,CC,TT,CG,GT,TT,CG,TT,AA,AA,TT,CC,GG,AA,CC,CC,GG,GG,AA,GG,TT,AA,AA,CC,GG,NN,CC,AA,TT,GT,TT,TT,AA,CG,GT,AA,CC,TT,NN,AA,GG,AA,CC,AA,AT,CC,CT,AA,CC,TT,CG,AA,CC,AA,NN,TT,CT,GT,GG,AT,AA,AC,AA,GG,CC,CC,GG,CC,GG,AT,AA,CC,TT,GG,CC,CC,AA,GG,CC,AT,CG,AA,AG,AC,CG,CC,TT,AA,GG,AA,AA,AA,CC,AA,AA,AA,AA,AT,GG,AA,AG,AC,AA,TT,AA,NN,GG,AG,GG,TT,AA,AA,TT,TT,TT,AA,TT,GG,GG,NN,4.73,Susceptible,High,Standard,Medium
L0496,Mandya,Karnataka,Kharif,Red Loamy,Irrigated (Cauvery command),780,27.0,72,AA,TT,GG,AG,CG,CC,GT,TT,CC,CG,AA,CC,CC,TT,TT,GG,CG,TT,TT,AG,CC,TT,GT,NN,TT,CC,GT,TT,GG,AA,NN,CC,AA,CC,GG,CG,GG,CG,NN,CC,TT,TT,AC,GT,AG,AG,TT,TT,CC,CC,GT,AA,AA,GG,CT,TT,AA,AC,GT,AA,AA,GT,TT,AG,TT,TT,CC,GG,TT,GT,AA,GT,AC,AA,GG,AA,AA,AG,GT,TT,GG,GG,GG,CC,AT,GG,AA,AA,CC,GT,CC,TT,CT,AT,GT,GG,TT,CC,GT,CC,CC,CC,AG,AA,TT,TT,CG,AG,AG,AA,CC,GG,TT,CC,TT,AC,AA,TT,CG,AG,CC,GG,CC,TT,CT,AG,CC,CC,CC,CC,AA,GT,CC,AA,CC,CT,AA,TT,AA,AT,GG,CC,CC,GG,AA,GG,AA,CC,GG,CC,CC,AA,AA,GG,GT,GG,AC,TT,CT,GG,AC,TT,GT,TT,CC,AA,GT,TT,AA,TT,GG,CC,AG,TT,CC,CC,GG,CC,AT,GG,AA,AC,TT,CC,GT,TT,GG,TT,AA,AA,TT,CC,GG,AA,CC,CC,GG,GG,AA,GG,TT,CC,AA,CG,GG,AA,AC,AA,TT,GG,TT,TT,AT,CG,GG,TT,CC,TT,GG,AA,GG,AA,CT,AA,AT,CC,TT,AC,AC,TT,CG,AG,CG,AG,CC,TT,CT,GG,GG,TT,AA,AC,AG,GG,CG,CG,NN,CC,NN,TT,AA,CG,TT,GG,CC,CC,AA,GG,CC,AT,CC,AA,AA,CC,CG,AC,TT,AA,GG,AA,AA,AA,AA,AG,AG,AA,AA,TT,GG,AA,AG,AA,AA,TT,AA,AA,GG,GG,GG,GT,AA,AA,GT,TT,TT,AA,AT,GG,GG,AC,6.26,Moderate,High,Poor,Late
L0497,Mandya,Karnataka,Kharif,Red Loamy,Irrigated (Cauvery command),780,27.0,72,AC,TT,AG,AG,GG,CC,GT,TT,CC,CC,NN,TT,CG,TT,TT,GG,GG,TT,TT,AA,CC,TT,TT,CC,AT,CC,TT,TT,GG,AA,CT,CC,AA,NN,GG,CG,GG,GG,GG,CC,NN,TT,AA,TT,AG,GG,TT,TT,CC,AA,GT,AA,AA,GG,CC,TT,AA,AA,GG,AC,AA,TT,TT,AA,NN,TT,CC,GG,TT,GG,AA,GT,CC,AA,AG,AA,AT,AG,TT,NN,AG,GT,GG,CC,AA,GG,AA,AA,CC,TT,CC,TT,CC,TT,TT,GG,TT,AA,GG,CC,CC,CC,GG,AG,TT,TT,CG,AG,AA,AA,CT,GG,TT,CG,TT,AC,AA,TT,CC,AG,CC,GG,CC,GG,TT,AG,CC,CC,AC,CG,AA,TT,CC,AA,CC,CC,AA,AT,AA,AA,GG,CC,CC,GG,AA,AA,AA,AC,GG,CC,GG,AA,GG,AG,TT,AG,AC,TT,CC,GG,AC,GT,TT,TT,CC,TT,TT,CT,AT,TT,GG,CC,AA,CC,CC,CC,CG,CC,AA,AG,AG,CC,TT,CC,TT,GT,GG,AT,AA,AA,TT,CC,GG,AA,CC,CC,GG,GG,AC,GG,TT,AC,AA,CC,GG,AT,AC,AA,AT,GG,TT,AA,AT,GG,GG,AT,CG,TT,TT,AA,GG,AA,CT,AA,AT,CC,TT,AA,AC,NN,GG,AG,CC,AA,CC,TT,TT,TT,GG,TT,AA,AC,AA,GG,CC,CC,GG,CC,GG,AT,AG,CG,GT,GG,CC,CC,AA,AG,CC,AT,CG,AT,AA,AA,CG,CC,TT,AA,GG,AA,AA,AA,AA,GG,AG,AG,AA,TT,NN,NN,AG,AC,AA,TT,AA,AA,GG,GG,GG,GT,AT,AA,GT,TT,TT,AG,AT,NN,GG,AA,7.0,Susceptible,Medium,Standard,Early
L0498,Mandya,Karnataka,Kharif,Red Loamy,Irrigated (Cauvery command),780,27.0,72,AC,TT,GG,AA,GG,CC,GG,TT,CC,CG,AA,CC,CG,TT,GG,GG,GG,TT,TT,AA,CC,TT,TT,CC,TT,CC,TT,TT,GT,AA,TT,CC,AA,CC,GG,GG,GG,CG,GG,CC,TT,CT,AA,TT,AA,GG,CT,TT,CC,AA,GG,AA,AA,GG,CT,TT,AA,AA,GT,AC,AA,TT,TT,AA,TT,TT,CC,GG,TT,GG,AA,GG,CC,AA,AG,AC,AT,GG,GT,TT,GG,GG,GG,CC,AA,GG,AA,AA,CC,GT,AC,TT,CC,TT,GG,AG,TT,AC,GT,CT,CC,CC,AA,AA,TT,TT,CC,AA,AA,AA,CC,GG,TT,CG,TT,AA,AC,TT,CC,NN,CG,GG,CC,GG,CT,AA,CC,CC,CC,CG,AA,GT,CC,AA,CC,CC,AA,TT,AA,AT,GG,CC,CC,GG,AA,NN,AA,CC,GG,CC,CC,AG,GG,GG,GG,GG,AC,TT,TT,GG,CC,TT,TT,CT,CG,TT,GT,TT,AA,TT,GG,CC,AA,CC,AC,CC,GG,CC,AT,GG,AG,CC,TT,CC,GT,TT,GG,AT,AA,AG,TT,CC,GG,AA,CC,CC,GG,GG,CC,GG,TT,NN,AA,CC,GG,AT,AC,AA,AT,GG,TT,TT,AT,CG,GT,AT,CC,AT,TT,AA,GG,AA,TT,AC,TT,CC,TT,AA,CC,TT,CG,AG,CC,GG,AA,AT,TT,GT,GG,TT,AA,AC,AA,GG,CC,CC,GG,CC,GG,AT,AA,CC,GT,AG,CC,CC,AA,GG,CG,AT,CG,AA,AA,AC,CG,AC,NN,AA,GG,AA,AA,AC,AA,GG,AA,AG,AA,AT,GG,AC,AG,CC,AA,TT,AA,AG,CG,GG,GG,TT,AA,AA,TT,TT,AT,AG,AT,CG,GG,AC,8.55,Resistant,Low,Standard,Early
L0499,Mandya,Karnataka,Kharif,Red Loamy,Irrigated (Cauvery command),780,27.0,72,AA,TT,AG,AG,GG,CC,GT,TT,CC,CG,AA,CC,CG,TT,GT,GG,GG,TT,TT,AA,CC,TT,GG,CT,TT,CC,TT,TT,GT,AC,TT,CC,AA,CC,GG,GG,GG,CC,GG,CC,TT,CT,AA,TT,AA,AG,TT,AT,CC,AC,GG,AA,AA,GG,CC,GT,AT,AC,GT,CC,AA,GT,AT,AG,TT,TT,CC,GG,TT,GG,GG,GG,CC,AA,GG,AC,TT,GG,TT,TT,GG,GG,GG,CC,AA,GG,AA,AA,CC,TT,CC,TT,CT,AT,TT,GG,CT,CC,GT,CC,CC,CG,AG,AG,TT,TT,CC,AA,AG,AC,CT,GG,TT,CC,TT,AA,AA,AT,CC,GG,GG,AG,CC,GG,CT,AA,CC,CC,CC,CC,AA,GG,CC,AA,CC,CC,AA,AT,AA,AA,GG,CC,CC,GG,AA,AG,AA,AC,GG,CC,CC,AA,AA,GG,GT,GG,AA,TT,TT,GG,CC,TT,TT,TT,CC,TT,TT,TT,AA,TT,GG,CC,AG,CC,CC,CC,GG,CC,AA,GG,AG,CC,TT,CG,GT,TT,GG,TT,AA,AA,NN,CC,GG,CC,CC,CC,GG,GG,AA,GG,TT,AA,AA,CG,GG,AT,NN,AA,AT,GT,TT,AA,AA,CG,GT,AA,CC,AT,TT,AA,GG,AA,TT,AA,TT,CC,TT,AC,AC,TT,GG,AA,CC,AG,CC,TT,CT,TT,GG,AT,AA,AC,AA,GG,CC,CC,GG,CC,GG,TT,AA,CC,GG,GG,CC,CC,AT,GG,CC,AA,CC,AA,AA,CC,CC,AC,TT,AA,GG,AA,AA,AA,AA,AG,AA,AA,NN,AT,GG,AC,AA,AA,AA,NN,NN,AG,GG,GG,CG,GT,AA,AA,TT,TT,TT,AG,AT,CG,GG,AA,9.72,Susceptible,Low,Standard,Early
L0500,Mandya,Karnataka,Kharif,Red Loamy,Irrigated (Cauvery command),780,27.0,72,AC,TT,GG,GG,GG,CC,GT,TT,CC,CG,AA,CC,CG,TT,TT,GG,GG,TT,TT,AA,CC,TT,NN,CT,TT,CC,GT,AT,GG,AA,TT,TT,AA,CC,GG,CG,GG,CC,GG,CC,TT,CT,AA,TT,AA,GG,TT,TT,CC,CC,GG,AA,AA,GG,CC,TT,AA,AA,GT,AC,AA,TT,TT,AA,CT,TT,CC,GG,TT,GG,AG,GG,CC,AA,NN,AA,TT,AG,TT,TT,GG,GG,GG,CC,TT,GG,AA,AA,CC,TT,CC,TT,CT,TT,TT,GG,TT,CC,GT,CC,CC,CC,GG,AA,TT,TT,CC,AG,AA,NN,CC,GG,TT,CC,TT,AA,AA,TT,CG,GG,CC,AG,CC,GT,CT,AA,CT,CC,AC,CC,AA,TT,CC,AA,CC,CC,AA,AT,AA,AA,GG,CC,CC,GG,AA,AA,AA,CC,GG,CG,CC,AA,AG,AA,TT,GG,AA,GT,CC,GG,CC,GT,TT,TT,CC,AT,TT,TT,AA,AT,CG,CC,AG,CC,CC,CC,GG,CC,AA,GG,AA,CC,TT,CC,GG,GT,CG,AT,AA,AA,TT,CC,CG,AA,CC,CC,GG,GG,AC,GG,NN,AC,AG,CG,GG,TT,AC,AA,AA,GG,GT,TT,AA,GG,GG,AA,CC,AT,TT,AA,GG,AA,TT,AA,TT,CC,TT,AA,AC,CT,GG,AG,CC,GG,CC,TT,CT,TT,GG,TT,AA,CC,AA,GG,CC,CG,GG,CC,GG,AT,AA,CC,TT,GG,CC,CC,AT,GG,CC,AA,CC,AA,AA,AC,CC,CC,TT,AA,GG,AA,AC,AC,AA,AG,AG,AG,AA,TT,GG,AC,AA,AC,AA,CT,AA,AA,GG,GG,GG,TT,AA,AG,TT,TT,TT,AA,TT,GG,CG,AC,5.85,Resistant,Low,Premium,Early
L0501,Mandya,Karnataka,Kharif,Red Loamy,Irrigated (Cauvery command),780,27.0,72,AC,TT,GG,GG,GG,CG,GG,TT,CC,CG,AA,CC,CG,AT,TT,GT,GG,TT,TT,AA,CG,TT,GT,CC,TT,CC,TT,AT,GT,AA,TT,CC,AG,CC,GG,CG,GG,CC,GG,CC,TT,CT,AA,GT,AA,AG,TT,TT,CC,AC,NN,AA,AA,GG,CC,TT,AA,AC,GT,AC,AA,TT,AA,AA,CT,AT,CC,GG,TT,GT,AA,GG,CC,AA,GG,AA,AT,GG,TT,TT,AG,GG,GG,CC,AA,GG,AG,AA,CC,GT,CC,TT,CT,TT,GG,GG,TT,CC,GG,CC,CT,CG,AG,AA,TT,TT,CC,AA,GG,AA,CC,GG,TT,CC,TT,AA,AA,TT,CG,GG,CC,GG,CT,GT,TT,AA,CT,CC,AC,CC,AA,TT,CC,AA,CC,CC,AA,TT,AA,AT,GG,CT,CC,AG,AA,AG,AT,CC,GG,CC,CG,AA,AA,GG,TT,AG,AC,GT,TT,GG,AC,TT,TT,TT,CG,AT,NN,TT,AA,TT,CG,CG,AA,CT,CC,CC,GG,CC,AA,GG,AG,CC,TT,CC,TT,GT,GG,AT,AA,AA,TT,CC,CG,AA,CC,CC,GG,GG,AA,GG,TT,AA,AA,CC,GG,AT,CC,AA,AT,GG,GT,AT,AT,NN,TT,AA,CC,TT,TT,AA,GG,AA,NN,AA,TT,CC,TT,AC,CC,TT,GG,AA,CC,AG,CC,TT,TT,GT,NN,TT,AA,CC,GG,GG,CG,CG,GG,CC,GG,AT,AA,CC,GT,AG,CC,CG,AA,GG,CC,AA,CC,AA,AA,AC,CC,CC,TT,AA,GG,NN,AA,AC,AA,GG,AG,AA,AA,TT,GG,AA,AG,CC,AA,TT,AG,AA,GG,GG,GG,TT,AA,AA,TT,AT,TT,GG,TT,GG,CG,AA,6.85,Susceptible,Medium,Poor,Medium
L0502,Mandya,Karnataka,Kharif,Red Loamy,Irrigated (Cauvery command),780,27.0,72,AA,TT,GG,AG,GG,CC,GT,TT,CC,CC,AA,CT,CC,NN,TT,GG,GG,TT,TT,AA,CC,TT,GG,CC,AT,CC,TT,TT,GG,AA,NN,CC,AA,CC,AG,GG,GG,CG,GG,NN,TT,CT,AA,TT,AA,NN,TT,TT,CC,CC,GT,AT,AA,GG,CC,GT,AA,AC,GT,AA,AA,GT,AT,AA,CT,TT,CC,GG,TT,GG,AA,GG,CC,AA,GG,AC,AA,GG,TT,TT,GG,GG,GG,CC,AA,GG,AA,AA,CC,GT,CC,TT,CT,TT,TT,GG,TT,CC,TT,CC,CT,CC,AG,AG,TT,GT,CC,AG,AG,AC,CC,GG,TT,CC,TT,NN,AC,TT,CC,AG,CC,GG,CT,GG,CT,AA,CT,CC,CC,CC,AA,TT,CC,AA,CC,CC,AA,TT,AA,AT,GG,CT,CC,AG,AG,AG,AA,CC,GG,CG,CC,AA,AA,GG,TT,AG,AA,GG,CC,GG,AC,GG,TT,CT,CG,AA,GT,TT,AA,TT,CG,CC,AA,CC,CC,CC,GG,CC,AA,GG,AA,CC,TT,CC,GG,TT,CG,TT,AA,AG,TT,CC,CG,AA,CC,CC,GG,GG,AA,GG,TT,AA,AA,CC,GG,AA,CC,AA,AA,GG,GT,AA,AT,CG,TT,AA,CC,TT,GG,AA,AG,AA,CT,AA,TT,CC,TT,AC,CC,CT,GG,AG,CC,AG,CC,TT,CT,GT,GG,NN,AA,AC,AA,TT,CC,CG,GG,CC,GG,AT,AA,CC,GG,GG,CC,CC,AA,GG,CC,AA,CC,AA,AG,CC,CC,AC,TT,AA,NN,AA,AC,AA,AA,AA,AA,AA,AG,TT,GG,AC,AA,CC,AA,TT,AG,AA,GG,GG,GG,TT,AT,AA,GT,TT,TT,AG,TT,GG,GG,AA,6.96,Susceptible,Low,Poor,Early
L0503,Mandya,Karnataka,Kharif,Red Loamy,Irrigated (Cauvery command),780,27.0,72,AC,TT,AG,AA,GG,CG,GG,TT,CC,CC,AA,CT,CC,TT,TT,GG,GG,TT,TT,AG,CC,TT,GT,CT,TT,CC,GG,NN,GT,AA,TT,CT,AA,CC,AG,CG,GG,CG,GG,CC,TT,CT,AA,TT,AG,AG,TT,AT,CC,AA,GG,AA,AA,GG,CT,TT,AA,AC,GT,AA,AA,TT,AT,AG,TT,AT,NN,GG,TT,GT,AA,GG,CC,AA,AG,AA,AA,GG,TT,TT,GG,GG,GG,CC,AT,GG,AA,AT,CC,TT,AA,TT,CC,TT,TT,GG,TT,CC,TT,CC,CT,CG,GG,AA,TT,TT,CG,AA,AA,CC,CT,GG,GT,CC,NN,AA,AA,TT,CG,GG,CC,GG,CC,GT,CT,AA,CC,CC,CC,CC,AA,TT,CC,AA,CC,CT,AA,TT,AA,AT,GG,CC,CC,GG,AA,AG,AT,CC,GT,CC,CC,AA,AA,GG,GT,GG,AA,TT,CT,GG,CC,GG,GG,TT,CC,AA,GT,TT,AA,TT,GG,CC,AA,CT,CC,CC,GG,CC,AA,GG,AA,CC,TT,CC,GG,TT,GG,TT,AA,AA,TT,AC,CC,AA,CC,CC,GG,GG,AA,GG,TT,AA,AA,CC,GG,NN,CC,AA,AT,GG,TT,AT,AT,GG,TT,AA,CC,TT,TT,AA,GG,AA,TT,CC,TT,CC,CC,AA,CC,CT,GG,AA,CC,GG,CC,TT,TT,TT,CG,AT,AA,AA,AG,GG,NN,CC,GG,CC,GG,AT,AG,CC,GT,GG,CC,CG,AA,GG,CC,AA,CC,AT,AA,AC,CC,CC,TT,AA,GG,AA,AA,AC,AA,AG,GG,AG,AA,TT,GG,AC,GG,AC,NN,TT,AA,AG,GG,GG,GG,TT,AA,AA,TT,TT,TT,AA,AT,GG,GG,AA,3.88,Susceptible,Low,Premium,Medium
L0504,Mandya,Karnataka,Kharif,Red Loamy,Irrigated (Cauvery command),780,27.0,72,AA,TT,GG,AG,GG,CC,GG,TT,CC,CC,AA,CC,GG,TT,TT,GG,CG,TT,TT,AA,CC,GT,TT,CC,TT,CT,GT,TT,GG,AA,TT,CC,AA,AC,GG,CG,GG,GG,GG,CC,TT,TT,AC,GT,AG,GG,TT,AT,CC,CC,GG,AA,AA,GG,CC,TT,AA,AA,GG,AA,AA,TT,TT,AA,TT,TT,CC,GG,TT,GT,AG,GG,CC,AA,AG,AC,AT,GG,TT,TT,AG,GG,GG,CC,AA,GG,AA,AA,CC,TT,CC,TT,CC,AA,GT,GG,CT,CC,TT,CC,CC,CC,AA,AA,TT,GT,CC,AA,AA,AA,CT,GG,GT,CG,GG,AA,AC,TT,CC,AG,CC,AG,CC,GT,TT,AG,CC,CC,CC,CC,AA,TT,CC,AA,AC,CT,AA,TT,AA,AA,GG,CC,CC,GG,AG,AA,AA,AC,NN,CC,CC,AG,AG,AG,TT,GG,AA,GT,TT,GG,CC,TT,TT,TT,CC,AA,NN,TT,NN,TT,GG,CC,AA,CC,CC,CC,GG,CC,AA,GG,AG,CC,TT,CC,GG,GT,GG,AT,AA,AA,TT,NN,GG,AC,AC,CC,GG,GG,AC,GG,TT,AC,AA,CC,GG,AA,AC,AA,AA,GG,GT,AA,AA,GG,GT,TT,CC,AT,TT,AA,GG,AA,CT,AA,TT,CC,TT,CC,CC,TT,CC,AG,NN,AG,CC,TT,CT,GG,GG,TT,AA,CC,NN,GT,CC,GG,CG,CC,GT,TT,AA,CG,TT,NN,CC,CG,AA,GG,CG,AA,CG,AA,AG,CC,CC,AC,AT,AG,GG,AA,AA,NN,AA,AG,GG,AA,AA,TT,GG,AA,AG,AC,AA,CT,AG,AA,GG,GG,CG,TT,AA,AA,TT,TT,AT,AA,AT,GG,CG,CC,6.84,Resistant,High,Standard,Early
L0505,Mandya,Karnataka,Kharif,Red Loamy,Irrigated (Cauvery command),780,27.0,72,AC,CT,GG,AG,CG,CC,GG,TT,CC,CC,AA,CC,CG,TT,TT,GT,GG,TT,TT,AA,CG,TT,TT,CC,TT,CC,TT,TT,GG,AA,TT,CC,AA,CC,GG,CG,GG,CC,GG,CC,TT,CC,AC,TT,AG,GG,TT,TT,CC,AC,GG,AA,AA,GG,CC,TT,AA,AC,GT,AC,AA,GT,AT,AG,TT,TT,CC,GG,TT,TT,AA,GG,CC,AA,GG,AC,AA,GG,GT,TT,GG,GT,GG,CC,AA,GG,AA,AA,CC,GT,NN,TT,CT,AT,TT,AG,TT,CC,GT,CC,CT,CC,AG,AA,AT,TT,CG,AA,AA,AA,CC,GG,TT,CG,TT,AC,AA,TT,CG,GG,CG,GG,CC,GG,CT,AA,CC,CC,CC,CC,AA,TT,CC,AA,CC,CT,AA,TT,AA,AT,GG,CC,CG,GG,AA,AG,AA,CC,GG,CC,CC,AA,AG,GG,TT,AG,AA,TT,CT,GG,AC,TT,GT,TT,CG,AA,TT,CT,AA,TT,GG,CG,AA,CC,CC,CC,GG,CC,AA,AG,AG,CC,TT,CC,GG,TT,CG,TT,AA,AA,GT,AC,CG,AA,CC,CC,GG,GG,AA,GG,CT,AA,AA,CC,GG,AA,AC,AA,AA,GG,TT,AT,AA,GG,GT,AA,CC,AT,GT,AA,GG,AA,TT,AA,TT,CG,TT,AA,CC,CT,GG,AA,CG,GG,CC,TT,TT,TT,GG,TT,AA,AC,AA,GG,CC,CC,GG,CC,GG,TT,AG,CC,GT,GG,CC,CC,AT,GG,CG,AT,CG,AA,AA,AC,CC,AA,TT,AA,CG,AA,AC,AC,AA,AG,AA,AA,AA,TT,GG,AA,AG,CC,CC,CT,AA,AG,GG,GG,GG,TT,AT,NN,TT,TT,TT,AA,TT,GG,GG,AA,5.72,Susceptible,Low,Premium,Early
L0506,Mandya,Karnataka,Kharif,Red Loamy,Irrigated (Cauvery command),780,27.0,72,AA,CT,GG,AA,GG,CC,GG,TT,CC,CG,AT,CT,CC,TT,TT,GT,CG,TT,NN,AA,CG,TT,GG,CC,TT,NN,TT,TT,NN,AA,TT,CC,AA,CC,AG,GG,GG,CC,GG,CC,TT,CT,AA,TT,AA,AG,TT,TT,CC,AC,GG,AT,AA,GG,CC,GT,AA,AC,TT,AA,AA,TT,TT,AA,TT,TT,CC,GG,TT,GG,GG,GG,CC,AA,GG,AC,AA,GG,TT,TT,GG,GG,GG,AC,AT,GG,AA,AA,CC,GT,CC,TT,CT,TT,TT,GG,TT,AC,GT,CC,CC,GG,AG,AA,TT,TT,CG,AA,AA,AA,CT,GG,TT,CC,GT,AC,AA,TT,CG,AG,CC,GG,NN,NN,TT,AA,CC,CC,CC,CG,AA,TT,CC,AA,CC,CC,AA,TT,AA,AA,GG,CC,CC,AG,AA,AA,AA,AC,GG,CC,CC,AA,AG,AG,TT,GG,AA,GT,TT,AG,AA,TT,TT,CT,CG,AT,GT,TT,AA,AT,GG,CC,AA,NN,CC,CC,GG,CC,AA,GG,GG,CC,TT,CC,GG,GT,CG,AT,AA,AA,GT,CC,GG,AC,AC,CC,GG,GG,AC,CG,TT,AC,AA,CC,GG,AT,AC,AA,AT,GG,NN,TT,AA,GG,GT,TT,CG,TT,GT,AA,GG,AA,TT,AA,TT,CC,TT,AC,CC,TT,GG,AG,CC,AG,AC,AT,TT,GG,GG,TT,AA,AC,AA,GG,CC,CC,GG,CC,GG,AT,AA,CC,TT,GG,CC,CC,AA,GG,CC,AT,CC,AA,AA,AC,CC,CC,TT,AA,CG,AA,AA,AA,AA,AG,AA,AG,AG,TT,GG,AC,AA,AC,CC,CT,AG,AA,GG,GG,GG,TT,TT,AA,TT,TT,TT,AA,TT,GG,GG,AC,4.39,Resistant,Medium,Poor,Medium
L0507,Mandya,Karnataka,Kharif,Red Loamy,Irrigated (Cauvery command),780,27.0,72,CC,CT,AG,AA,GG,CC,TT,AT,CC,CC,AA,CC,CG,TT,TT,GG,GG,TT,TT,AA,CG,GT,GT,CT,TT,CC,TT,AA,GG,AA,CT,CC,AA,CC,GG,GG,GG,CG,GG,CC,TT,TT,AA,TT,AG,AG,TT,TT,CC,AC,GG,AA,AA,GG,CC,TT,AA,AC,GT,AC,AA,GT,AT,AA,TT,AT,CC,GG,TT,GG,AA,GG,CC,AA,GG,CC,AA,AG,TT,TT,AG,GT,GG,CC,AT,GG,AG,AT,CC,TT,CC,TT,CC,AT,TT,GG,TT,AC,TT,CC,CT,CC,AG,AA,TT,TT,CC,AA,AA,AA,NN,GG,TT,CC,TT,AC,AC,TT,CG,GG,CC,AG,CC,TT,TT,AA,CC,CC,AC,CC,AA,TT,CC,AA,CC,CT,AA,TT,AA,AA,GG,CC,CC,GG,AA,AA,AT,CC,GG,CC,CC,AA,AG,GG,GT,GG,AA,TT,CT,AG,CC,GT,TT,TT,CC,AA,GG,TT,AT,TT,GG,CC,AA,CC,CC,CC,GG,AC,AA,GG,AA,CC,TT,CG,GG,TT,CC,AA,AA,AG,TT,CC,GG,AA,NN,CC,GG,GG,AC,GG,TT,AA,AG,CC,GG,AA,CC,AA,AA,GG,TT,AT,AA,CG,GT,AA,CC,TT,GG,AA,GG,AA,CT,AA,TT,CC,TT,AA,AC,TT,GG,AA,NN,AA,AC,TT,CT,GT,GG,TT,AA,CC,AA,GG,CC,CC,GG,CC,GG,TT,AA,CG,TT,GG,CC,CC,AA,AG,CC,AT,CC,AT,AA,AC,CC,AC,TT,AA,GG,AA,AA,AC,AC,GG,AA,AA,AA,AT,GG,AA,AG,AC,AC,CT,AA,AA,GG,GG,GG,TT,AA,AA,TT,TT,TT,NN,TT,GG,GG,AA,5.86,Susceptible,Low,Poor,Late
L0508,Mandya,Karnataka,Kharif,Red Loamy,Irrigated (Cauvery command),780,27.0,72,CC,CT,GG,AA,GG,CC,GG,TT,CC,CG,AA,CC,CG,TT,TT,GG,GG,TT,TT,AG,NN,TT,GT,CC,TT,CC,TT,TT,GT,AA,TT,CC,AA,CC,GG,GG,GG,CC,GG,CC,TT,TT,AA,GT,AG,AG,TT,TT,CC,AA,TT,AA,AA,GG,CT,TT,AT,AC,GG,AC,AA,GT,TT,AG,TT,AA,CC,GG,NN,GG,AA,GT,CC,AA,AG,AA,AA,GG,TT,TT,GG,GT,GG,CC,AT,GG,AA,AA,CC,GT,AC,TT,CC,TT,TT,GG,CT,CC,GG,TT,CC,CC,AG,AA,TT,TT,CG,AA,AG,AA,TT,GG,TT,CC,GT,AA,AA,TT,CC,AG,CC,AG,TT,GG,TT,AA,CC,CC,CC,CC,AA,GT,CC,AA,CC,CC,AA,TT,AA,AA,GG,CC,CC,GG,AA,AG,AA,CC,GG,CC,CC,AA,AG,AG,TT,GG,CC,TT,TT,GG,CC,TT,TT,TT,CG,AA,GT,TT,AA,TT,GG,CC,AA,CT,CC,CC,CG,CC,AA,GG,GG,CC,TT,CC,GG,GT,GG,AA,AA,AA,TT,CC,GG,AA,CC,CC,GG,GG,CC,GG,TT,AA,AA,CC,GG,AT,CC,AT,AT,GG,TT,TT,AA,CG,GG,AA,CC,TT,GT,AA,NN,AA,CT,AA,TT,NN,TT,AA,CC,CT,GG,AG,NN,AG,CC,TT,CT,TT,GG,AT,AA,CC,AG,GG,CC,CC,GG,CC,GG,TT,AG,CC,TT,GG,CC,CC,AA,GG,CC,AA,CC,AA,AA,CC,CG,AC,TT,NN,GG,AA,AA,AC,AA,AG,AA,AG,AG,TT,GG,AA,AA,CC,AC,CT,AA,AA,GG,AG,CG,TT,AT,AG,GT,TT,TT,AA,AT,GG,GG,AC,8.32,Resistant,High,Standard,Late
L0509,Mandya,Karnataka,Kharif,Red Loamy,Irrigated (Cauvery command),780,27.0,72,AA,TT,GG,AG,GG,CG,GG,TT,CC,CC,AT,CC,CG,AT,TT,GG,NN,TT,TT,AA,CC,TT,TT,CC,TT,CC,TT,TT,GG,AA,TT,CT,AA,CC,GG,GG,GG,CC,GG,CC,TT,CT,AC,TT,AG,AG,TT,AT,CC,AC,GT,AA,AA,GG,CC,TT,AA,AA,GT,AA,AG,GT,NN,AG,TT,TT,CC,GG,TT,GG,GG,GG,AC,AA,GG,AC,TT,AG,TT,TT,GG,GG,GT,CC,AA,GG,AA,AA,CC,TT,CC,GT,CC,TT,TT,AG,TT,CC,GT,CT,CT,CC,AA,AA,TT,TT,CC,AA,AG,AA,CC,GG,TT,CC,GT,AC,AC,TT,CC,GG,CC,GG,CC,GT,TT,AA,CC,CC,CC,CC,AA,TT,CC,AA,CC,CC,AA,AT,AA,AA,GG,CT,CC,GG,AA,AG,AA,CC,GT,CC,CC,AG,AG,GG,GT,AG,AC,TT,TT,GG,AC,GT,TT,CT,CC,AT,GG,TT,AA,TT,GG,CC,GG,CT,CC,CC,CC,CC,AT,GG,GG,CC,TT,CG,TT,GG,CG,AT,AA,AA,GT,CC,GG,AA,AC,CC,GG,GG,AC,GG,CT,AC,NN,CG,TT,AA,AC,AA,AA,GG,GT,AT,AA,GG,GG,AT,CC,TT,GT,AA,GG,AA,CT,AA,TT,CC,CT,AA,CC,TT,GG,AG,CG,AG,CC,TT,TT,TT,GG,TT,AC,AA,AG,NN,CC,CG,GG,CC,GG,TT,AA,CC,TT,GG,CC,CG,AA,AG,CC,TT,CG,AA,AA,AC,CC,CC,TT,AA,GG,AA,AA,AA,AA,AA,GG,AA,AA,TT,GG,AA,AA,AC,AA,TT,AG,AG,GG,GG,GG,TT,AA,AA,TT,TT,TT,AG,TT,GG,GG,AA,7.15,Susceptible,Low,Poor,Early
L0510,Mandya,Karnataka,Kharif,Red Loamy,Irrigated (Cauvery command),780,27.0,72,AA,CT,AG,AA,GG,CC,GG,TT,CC,CC,AA,CC,CG,TT,TT,GG,GG,TT,TT,AG,CC,GT,TT,CC,TT,CC,TT,TT,GG,AA,TT,CC,AA,CC,GG,GG,GG,CC,GG,CC,TT,CT,AA,TT,AA,AG,CT,AT,CC,CC,GG,TT,AG,GG,CT,TT,AT,AC,GT,AA,AG,TT,AA,AG,TT,TT,CC,NN,TT,GG,AA,GG,CC,AA,AG,AA,AA,GG,TT,TT,GG,GG,GG,CC,AA,GG,AA,AA,CC,TT,AC,TT,CT,AT,GT,GG,TT,CC,TT,CC,CC,CG,GG,AA,TT,TT,CC,AA,AA,AC,CC,GG,TT,CG,GT,NN,AC,AT,CG,AG,CG,GG,CC,GG,TT,AG,CT,CC,AC,CC,AA,TT,CC,AA,CC,CT,AA,TT,AA,AA,CG,CT,CC,GG,AA,AA,AA,CC,GG,NN,CC,AA,AG,AG,TT,AG,AC,TT,TT,GG,AC,TT,GT,TT,CC,AT,GG,TT,AA,TT,GG,CG,AA,CT,CC,AC,CG,CC,AA,GG,AG,CC,TT,CC,GG,TT,GG,AT,AA,AA,TT,CC,GG,AC,CC,CC,GG,GG,AC,GG,TT,AC,AA,CC,GG,AT,AC,AA,AA,GG,TT,TT,AA,GG,GG,AA,CG,TT,GG,AA,GG,AA,CT,AA,TT,CC,TT,AA,AC,TT,GG,AA,CC,AG,AC,TT,CT,TT,GG,TT,AA,CC,AA,GG,CC,CG,GG,CC,GG,TT,AA,CG,TT,GG,CC,CC,AA,NN,CC,AA,CC,AA,AA,AC,CC,AC,TT,AA,GG,AA,AA,AA,AA,AA,AA,AA,AA,TT,GG,AA,AA,AC,AA,TT,AA,AA,GG,GG,CG,GT,AA,AA,TT,TT,TT,AA,TT,GG,CG,AA,5.02,Susceptible,High,Poor,Early
L0511,Mandya,Karnataka,Kharif,Red Loamy,Irrigated (Cauvery command),780,27.0,72,AC,TT,AG,AA,GG,CC,GG,AT,CC,CC,AA,CC,CC,AT,TT,GT,GG,TT,TT,AA,CG,TT,GG,CC,NN,CC,TT,TT,GG,AA,TT,CC,AA,CC,GG,GG,GG,CC,GG,CC,TT,CC,AA,GT,AA,GG,TT,AT,CC,CC,TT,AA,AG,GG,CC,TT,AA,NN,GT,AC,AG,TT,TT,AA,TT,AT,CC,GG,TT,GG,AA,GG,AC,AA,GG,AC,AT,GG,GT,TT,AG,GG,GG,CC,TT,GG,AA,AA,CC,GT,CC,GT,CC,TT,TT,GG,TT,CC,TT,CC,CT,CC,GG,AA,TT,GT,CC,AA,AG,AA,CT,GG,TT,NN,TT,AA,AA,AT,CC,AG,NN,AG,CC,GG,TT,AG,CC,CC,CC,CC,AG,GT,CC,AA,CC,CC,AA,AT,AA,AA,GG,CC,CC,GG,AA,GG,AA,CC,GT,CC,CG,AA,AG,GG,GT,GG,AA,TT,TT,GG,AC,TT,TT,CT,CC,TT,TT,TT,AA,TT,GG,CG,AG,CT,CC,CC,GG,CC,AA,GG,AG,CC,TT,CC,GT,TT,CG,TT,AA,AA,TT,CC,GG,AA,CC,CC,GG,GG,AA,GG,TT,AC,AA,CC,GT,AA,CC,AA,AT,GT,TT,AT,AA,CG,GT,AA,CG,AA,GT,AA,GG,AA,CT,AA,TT,CC,TT,AA,AC,CT,GG,AG,CC,GG,CC,TT,TT,TT,GG,TT,AA,AC,AA,GT,CC,CC,GG,CC,GG,TT,AA,CC,GG,GG,CC,CG,AA,AA,CC,AT,CC,AA,AA,CC,CC,AC,TT,AA,GG,AA,AA,AC,AC,GG,AA,AG,AA,TT,GG,AA,NN,CC,AA,TT,AG,AA,CG,GG,GG,TT,AT,AA,TT,TT,TT,AA,AT,GG,GG,AA,8.59,Susceptible,High,Poor,Medium
L0512,Mandya,Karnataka,Kharif,Red Loamy,Irrigated (Cauvery command),780,27.0,72,AC,TT,GG,AA,GG,CC,GG,TT,CC,CG,AA,CC,CG,AT,GT,GT,CG,NN,AT,AA,CC,TT,GT,CC,TT,CC,GT,AT,GG,AA,TT,CC,AA,CC,GG,CG,GG,CC,GG,CC,TT,CT,AA,GT,AA,GG,TT,AT,CC,AC,GG,AT,AA,GG,CC,TT,AA,AA,GT,AC,NN,TT,TT,AG,CT,TT,CC,GG,TT,GG,AA,GG,CC,AA,GG,AC,AT,GG,GT,TT,GG,GG,GG,NN,AA,GG,AG,AA,CC,GG,CC,NN,CT,TT,GT,GG,TT,CC,TT,CC,CT,CG,GG,AA,TT,TT,CC,AA,GG,AA,CT,GG,TT,CG,TT,AA,AA,TT,CC,GG,NN,AG,CC,GG,CT,AG,CT,CC,CC,CC,AG,TT,CC,AA,CC,CC,AA,TT,AG,AT,GG,CC,CC,GG,AA,AG,AA,CC,GT,CC,CC,AA,AG,GG,TT,GG,AC,TT,TT,GG,AA,TT,TT,TT,CC,TT,TT,TT,AT,TT,GG,CC,AA,CT,NN,AC,CC,CC,AA,GG,AG,CC,TT,CC,GT,GT,CG,TT,NN,AA,TT,AC,GG,AA,CC,CC,GG,GG,AC,GG,TT,AC,AA,CC,GG,AA,AA,AA,AA,GG,TT,AT,AA,CG,GG,AA,CC,TT,TT,AA,GG,AG,CT,AA,TT,CC,CT,AA,CC,CT,CG,GG,CC,AG,CC,NN,TT,TT,GG,TT,AA,CC,AG,GG,CC,CC,GG,CG,GG,TT,AA,CC,GT,GG,CC,CC,AA,GG,CC,AT,CC,AA,AA,NN,CC,AC,TT,AA,GG,AA,AC,AC,AA,AG,AG,AA,AA,AT,GG,AA,AG,AC,CC,CT,AA,AG,GG,GG,GG,TT,AT,AA,GT,TT,TT,AA,TT,GG,GG,AA,5.41,Moderate,High,Standard,Late
L0513,Mandya,Karnataka,Kharif,Red Loamy,Irrigated (Cauvery command),780,27.0,72,AC,TT,GG,GG,GG,CC,GG,TT,CC,CG,AA,CT,GG,AT,TT,GG,CG,TT,TT,AA,CC,GT,GT,CT,TT,CC,GT,TT,GG,AA,TT,CC,AA,CC,GG,GG,GG,CC,GG,CC,TT,TT,AA,TT,AA,GG,TT,TT,CC,CC,GG,AA,AA,CG,CT,TT,AT,AC,GT,AA,AA,GT,AT,AG,TT,TT,CC,GG,TT,GG,AG,GG,CC,AA,GG,AA,AT,AG,TT,TT,GG,TT,GT,CC,AA,GG,AA,AA,CG,TT,CC,TT,CT,TT,GT,GG,TT,CC,GT,CC,CC,CG,GG,AA,TT,TT,CG,AA,AG,AC,CT,GG,TT,CC,TT,CC,AA,TT,CC,GG,CC,GG,CC,GT,CC,AG,CC,CC,CC,CC,AA,TT,CC,AA,CC,CC,AG,TT,AA,AA,GG,CC,CC,GG,AA,AG,AT,CC,GG,CC,CG,AA,AG,GG,TT,GG,AC,TT,CT,GG,AC,TT,TT,TT,CC,AT,GT,CT,AT,TT,CG,CC,AA,TT,AC,CC,GG,CC,AA,GG,AG,CC,TT,CC,GG,TT,GG,AT,AA,AG,TT,CC,GG,AA,CC,CC,GG,GG,AA,GG,TT,AC,AA,CC,GG,AA,CC,AA,TT,GT,GT,AT,AT,GG,TT,AT,CG,NN,GT,AA,GG,AA,CT,AA,TT,CC,TT,AA,CC,TT,GG,AG,CG,AG,CC,TT,TT,TT,GG,TT,AA,AC,AA,GG,CC,CG,GG,CC,GG,TT,AA,CG,GT,GG,CC,CC,AT,GG,CG,AT,CC,AA,AA,CC,CG,AC,TT,AG,CG,AA,AA,AC,AA,GG,AA,AA,AA,TT,GG,AA,AA,AC,AC,CT,AA,AG,CG,GG,GG,TT,AA,AA,GT,TT,TT,AG,NN,NN,GG,AA,6.09,Moderate,Low,Standard,Early
L0514,Mandya,Karnataka,Kharif,Red Loamy,Irrigated (Cauvery command),780,27.0,72,AA,TT,GG,AA,GG,CC,GT,TT,CC,CG,AA,CC,CC,TT,NN,GT,GG,TT,TT,AA,CC,GT,TT,CT,TT,CC,GT,TT,GG,AA,TT,TT,AA,CC,GG,GG,GG,CG,GG,CC,TT,TT,AA,TT,AA,GG,TT,TT,CC,AC,GT,AT,GG,GG,CT,TT,AA,AC,GT,AC,AA,TT,AT,AA,TT,TT,CC,GG,TT,GT,AG,GG,CC,AA,AG,AC,TT,GG,TT,TT,GG,GG,GG,CC,AT,GG,AA,AT,CC,GT,CC,TT,CC,AT,GT,GG,CT,CC,GT,CC,CC,NN,AG,AA,TT,GT,CC,AA,AG,AA,CT,GG,TT,CC,GT,AA,AA,TT,CG,AG,CC,GG,CT,GG,TT,AA,CC,CC,CC,CC,AA,TT,CC,AA,CC,CC,AA,TT,AA,AT,CG,CC,CC,GG,AA,AG,AA,CC,GG,CC,CC,AG,GG,GG,TT,AG,AA,TT,CT,NN,CC,TT,TT,TT,NN,AT,TT,TT,AA,TT,CG,CC,AG,CT,CC,CC,GG,CC,AA,GG,AG,CC,TT,CG,GT,TT,CG,AA,AA,AG,TT,AA,GG,AA,CC,CC,GG,GG,AA,GG,TT,AA,AA,CC,GG,AT,AC,AA,AT,GG,GT,AT,AA,CG,GT,AA,CC,AT,GT,AT,GG,AA,TT,AC,TT,CC,TT,AA,CC,TT,GG,AA,CC,GG,CC,TT,TT,GT,GG,TT,AA,AC,AA,GT,CC,GG,GG,CG,GG,NN,AA,CG,GT,GG,CC,CC,AA,AG,CC,AA,CC,AT,AA,AA,NN,AC,TT,AA,GG,AA,AA,NN,AA,AG,AG,AA,AA,TT,GG,AC,AA,AC,AA,TT,AA,AA,GG,GG,GG,GT,AA,AA,GT,TT,TT,AG,AT,GG,GG,AA,6.31,Susceptible,High,Premium,Early
L0515,Mandya,Karnataka,Kharif,Red Loamy,Irrigated (Cauvery command),780,27.0,72,AA,TT,GG,AA,CG,CC,TT,AT,CC,CC,AA,CT,CC,AT,TT,GG,GG,TT,TT,AA,CC,GT,TT,CC,TT,CC,GT,TT,GG,AA,TT,CC,AA,CC,GG,GG,GG,CG,GG,CC,TT,NN,AC,GT,AG,AG,TT,TT,CG,AC,GG,AA,AG,GG,CC,TT,AA,CC,GT,AA,AA,TT,TT,AA,CT,TT,CC,GG,TT,GT,AA,GG,CC,AG,AG,CC,TT,GG,TT,TT,GG,GT,GG,CC,AA,AG,AA,AA,CC,TT,CC,TT,CT,TT,GT,AG,NN,CC,GT,CC,CC,CG,GG,AA,TT,TT,NN,AA,AA,AA,CC,GG,TT,CC,TT,AA,AA,AT,CC,GG,CC,GG,CC,GG,CT,AA,CC,CC,CC,CC,AA,TT,CC,AA,CC,CC,AA,TT,AA,AT,CC,CC,CC,AG,AA,AG,AA,CC,GG,NN,CC,AA,AA,NN,TT,GG,AA,TT,CT,AG,CC,TT,TT,TT,CG,AT,TT,TT,AA,AT,GG,CC,AA,CC,AC,AC,GG,CC,AA,GG,AG,CC,TT,CC,GG,TT,GG,AT,AA,AA,TT,AC,CG,AA,CC,CC,GG,GG,NN,GG,TT,AA,AA,CC,GG,AA,AC,AA,TT,TT,TT,AT,AT,CG,GT,AA,CC,AA,TT,AA,GG,AA,CT,AA,TT,CC,CT,AA,CC,TT,CG,AA,CC,AG,CC,TT,TT,GT,GG,TT,AC,AC,AA,GG,CC,CG,GG,CC,GG,AT,AA,CC,TT,GG,CC,CC,AT,GG,CG,AA,CC,AT,AA,AC,CG,AA,TT,AA,GG,AA,AC,AA,AA,AG,NN,AG,AA,TT,CG,AC,AA,CC,AC,TT,AA,AA,GG,GG,GG,TT,AA,GG,GG,TT,TT,AA,AT,GG,GG,AA,7.13,Susceptible,Low,Standard,Medium
L0516,Mandya,Karnataka,Kharif,Red Loamy,Irrigated (Cauvery command),780,27.0,72,CC,TT,GG,AG,GG,CC,GG,AT,CC,CG,AA,CT,CG,AT,TT,GT,GG,TT,TT,AA,CC,TT,GT,CC,NN,CC,TT,TT,GG,AC,CT,CC,AA,CC,GG,CG,GG,CC,GG,CC,TT,CT,AA,GT,NN,GG,TT,TT,CC,AC,GT,AA,AA,GG,CC,TT,AA,NN,GT,AC,AG,TT,AT,AA,TT,TT,CC,GT,TT,GG,AG,GT,CC,AG,GG,AA,AA,AG,GT,TT,GG,GT,GT,CC,AA,GG,AA,AA,CC,GT,CC,TT,CC,AT,GG,NN,TT,CC,TT,CC,TT,CG,GG,AG,AT,TT,CC,AA,AG,AC,CT,GG,TT,CG,GT,AA,AA,TT,CG,AG,CG,GG,CC,GG,CT,AA,CT,CC,CC,CC,AA,TT,CC,AA,CC,CC,AA,AT,AA,AA,GG,CC,CC,GG,AA,AG,AT,CC,GG,CC,CC,AA,AG,GG,NN,GG,AC,GT,TT,GG,AC,TT,TT,TT,CG,AA,TT,TT,AA,TT,GG,CC,GG,CT,CC,CC,GG,CC,NN,GG,GG,CC,TT,CC,TT,GT,CG,TT,AA,AA,TT,CC,GG,AA,CC,CC,GG,GG,AC,GG,TT,AC,AA,CC,GG,AT,NN,AA,AA,GT,TT,AA,AT,GG,NN,TT,CC,TT,TT,AA,GG,AA,CC,AA,TT,CG,TT,AA,CC,TT,CG,AG,CC,AA,CC,TT,TT,GT,GG,TT,AA,CC,AA,GG,CC,CC,GG,CG,GG,TT,AA,CG,GT,GG,CC,CC,AA,GG,CC,AT,CC,AA,AA,CC,NN,AC,TT,AA,GG,AA,CC,AC,AA,AG,AA,AG,AA,TT,GG,AC,AA,AC,AA,TT,AG,AA,CG,GG,GG,TT,AA,AG,TT,TT,TT,GG,AT,GG,GG,AA,6.06,Moderate,Medium,Poor,Medium
L0517,Mandya,Karnataka,Kharif,Red Loamy,Irrigated (Cauvery command),780,27.0,72,AC,TT,GG,NN,GG,CC,TT,TT,CC,CG,AA,CC,CC,TT,TT,GT,CG,TT,TT,NN,CG,GT,GG,CT,TT,CC,TT,TT,GG,AA,TT,CC,AA,CC,AG,CG,GG,CC,GG,CC,TT,CC,AA,TT,AA,NN,TT,TT,CG,CC,GT,AT,AA,GG,CC,GG,AA,AA,GT,CC,AA,TT,AA,AG,CT,TT,CC,GG,TT,GG,AA,NN,CC,AA,AG,CC,AA,GG,TT,NN,GG,GT,GT,CC,AA,GG,AA,AT,CC,GT,CC,GT,CC,TT,GT,AG,TT,CC,GT,CC,TT,GG,GG,AG,TT,TT,CC,AA,GG,AA,CT,GG,TT,CC,TT,AA,AA,TT,CC,AG,CC,GG,CC,NN,TT,AA,CT,CC,CC,CG,AA,TT,CC,AA,CC,CC,AA,TT,AG,AA,GG,CT,NN,GG,AA,NN,AA,AC,GG,CC,CC,AG,AG,GG,TT,GG,AC,TT,TT,GG,AC,GT,GG,TT,CC,AT,GT,TT,AA,TT,GG,CC,AG,CC,AC,AC,CG,CC,AA,GG,AG,CC,TT,CC,GT,GT,GG,AT,AA,AA,TT,AC,GG,AA,AC,CC,GG,GG,AA,GG,TT,AA,AG,CC,GG,AT,CC,AA,AA,GG,GT,AT,AT,CC,GT,AT,CG,TT,GT,AA,GG,AA,CT,AA,TT,CC,TT,AC,CC,TT,GG,AG,CC,AG,AC,TT,TT,GT,GG,TT,AA,CC,AA,GG,CC,CG,GG,CG,NN,AT,AG,CC,TT,GG,CC,CC,AA,GG,CC,AA,CC,AA,AA,CC,CG,CC,TT,AA,GG,AA,AA,AC,AA,AG,AA,AA,AA,NN,CG,AA,AA,CC,AA,CT,AA,AA,GG,GG,GG,TT,AA,AA,GT,TT,NN,AG,TT,GG,GG,AA,6.12,Moderate,Low,Premium,Medium
L0518,Mandya,Karnataka,Kharif,Red Loamy,Irrigated (Cauvery command),780,27.0,72,AC,CT,GG,GG,GG,CC,GT,TT,CC,CC,AA,CC,CC,TT,TT,GG,GG,AT,TT,AA,CC,TT,TT,CC,TT,CC,TT,TT,GG,AA,TT,CT,AA,CC,GG,CG,GG,CG,GG,CC,TT,CT,AA,TT,AA,GG,TT,TT,CC,AA,GG,AA,AG,GG,CC,TT,AT,CC,TT,AA,AG,GT,AA,AA,CT,AT,NN,GG,TT,GG,AG,GG,CC,AA,AG,AC,AA,AG,TT,TT,GG,GG,GG,CC,AA,GG,AA,AA,CC,GG,CC,TT,CT,TT,TT,GG,CT,CC,GT,CC,CT,CG,AG,AA,TT,TT,CC,AA,AG,AA,CT,GG,TT,CC,GT,AA,AA,TT,CC,GG,CC,GG,CC,GG,CT,AA,CT,CC,CC,CC,AA,TT,CC,AA,CC,CC,AA,TT,AA,AT,GG,CC,CC,GG,AG,AG,AA,CC,GG,CC,CC,AA,AG,GG,TT,GG,AA,GT,CT,GG,CC,GT,TT,TT,CC,AT,TT,TT,AA,TT,GG,CG,AA,CC,AC,CC,CG,CC,AA,GG,AG,CC,TT,CC,GT,TT,GG,AT,AA,AA,TT,CC,GG,AC,CC,CC,GG,GG,AA,GG,TT,AA,AA,CC,GG,AA,AC,NN,AT,GG,TT,AT,AA,GG,GG,AA,CG,AA,TT,AA,GG,AA,CT,AC,TT,CC,NN,AA,CC,TT,GG,AA,CC,AG,CC,TT,CT,GT,GG,TT,AA,AA,AG,GG,CC,CG,GG,CC,GG,TT,AA,CC,GT,GG,CC,CC,AA,GG,CC,AT,CC,AA,AA,NN,CG,AA,TT,NN,GG,AA,AA,AA,AA,GG,AA,AA,NN,AT,GG,AA,AG,CC,AA,CT,AA,AG,GG,GG,GG,TT,AT,AA,TT,TT,TT,AA,AT,GG,GG,AA,6.12,Susceptible,Low,Premium,Medium
L0519,Mandya,Karnataka,Kharif,Red Loamy,Irrigated (Cauvery command),780,27.0,72,AC,TT,GG,GG,GG,CC,GG,TT,CC,CC,AT,CC,CC,AT,TT,GT,GG,TT,TT,AA,CC,TT,TT,CC,TT,CC,TT,TT,GG,AA,TT,CC,AA,CC,GG,GG,GG,GG,GT,CC,TT,CC,AA,NN,AA,AG,TT,TT,CC,AC,GT,AA,AA,GG,CT,GT,AA,AA,GG,AA,AG,GT,TT,AG,TT,AT,CC,GG,CT,GT,AA,GT,CC,AG,AG,AC,TT,GG,GT,TT,AG,GT,GG,CC,AA,GG,AA,AA,CC,TT,CC,TT,CT,AT,GT,GG,TT,CC,GT,CC,CT,CC,AA,AA,TT,TT,CG,AA,AG,AA,CC,GG,TT,CC,GT,AA,AA,TT,GG,AG,CC,GG,CC,GG,CT,NN,CC,CC,CC,CG,AG,TT,NN,AA,CC,CC,AA,TT,AA,AA,GG,CT,CC,GG,AA,AG,AA,CC,GG,CC,CC,AA,AG,GG,TT,AG,AA,TT,CC,GG,AC,TT,TT,TT,GG,TT,NN,TT,AA,AA,GG,CC,AA,CC,CC,AC,CG,AC,AA,GG,AG,CC,TT,CC,GG,TT,GG,AT,AA,AA,TT,AC,GG,AA,CC,CC,GG,GG,AA,GG,CT,AC,AA,CC,GG,AA,CC,AA,AA,GT,GT,TT,AA,CG,GT,AT,CC,TT,GT,AA,GG,AA,TT,AA,TT,CC,TT,AA,NN,TT,GG,AA,CG,AG,CC,AT,CT,TT,GG,TT,AA,AA,AA,GG,CC,CG,GG,CC,GG,TT,AA,CG,TT,GG,CC,CC,AT,GG,CC,AA,CC,AA,AG,AC,CC,AC,TT,AA,GG,AT,AA,AC,AA,AG,NN,AG,AA,TT,GG,AA,AA,CC,AA,CT,AA,AA,GG,GG,GG,TT,AA,AA,TT,TT,TT,AA,AA,GG,GG,AA,5.54,Susceptible,Low,Poor,Early
L0520,Mandya,Karnataka,Kharif,Red Loamy,Irrigated (Cauvery command),780,27.0,72,CC,TT,GG,AG,GG,CC,GG,TT,CC,CC,AA,CT,CC,TT,TT,GG,CG,TT,TT,AA,CC,TT,GT,CC,TT,CC,TT,TT,GT,AA,NN,CC,AA,NN,GG,GG,GG,CG,GG,CC,TT,CT,AA,GT,AA,AA,TT,TT,CC,AC,GT,AT,AA,NN,CT,TT,AT,AC,NN,AC,AG,TT,AT,AG,CT,TT,CC,GT,TT,GG,AA,GG,CC,AA,AG,AC,AA,GG,TT,TT,GG,GG,GG,CC,AA,GG,AA,AA,CC,TT,AA,TT,CC,AT,GT,GG,TT,CC,GT,CC,CT,CG,GG,AG,TT,TT,CG,AA,AG,AA,CC,GG,TT,CC,TT,AC,AA,TT,CC,AA,CC,GG,CC,GT,TT,AA,CT,CC,CC,CG,AG,TT,CC,AA,CC,TT,AG,TT,AA,AA,GG,CT,CC,GG,AA,AG,AA,CC,GT,CC,CC,AA,AG,GG,TT,GG,AA,GT,TT,GG,AC,GT,GT,CT,CG,TT,GT,TT,AA,TT,CG,CC,AG,CT,CC,CC,GG,CC,AA,GG,AA,CC,TT,CG,GT,TT,GG,TT,AA,AA,TT,CC,GG,AC,CC,CC,GG,GG,AC,GG,TT,AA,AA,CC,GG,AA,CC,AA,AA,GG,GT,TT,AA,GG,GG,AT,CC,AT,TT,AA,GG,AA,TT,AA,TT,CC,CT,AA,CC,TT,GG,AG,CG,AG,AC,TT,NN,NN,GG,TT,AA,AC,AG,GG,CC,CG,GG,CC,GG,AT,AA,CC,GG,NN,CC,CC,AA,GG,CC,AA,CC,AA,AA,AA,CG,CC,TT,AA,GG,AA,AC,AA,AC,AG,AG,AA,AA,AT,CG,AA,AG,AC,AC,CT,AG,AA,CG,AG,GG,TT,AA,AG,GT,TT,TT,AA,TT,GG,GG,AA,7.08,Susceptible,Medium,Poor,Early
L0521,Mandya,Karnataka,Kharif,Red Loamy,Irrigated (Cauvery command),780,27.0,72,AA,CT,GG,AG,GG,CC,GG,AT,CC,CC,AA,CC,CC,TT,TT,GG,CG,TT,TT,AG,CC,GT,TT,CC,TT,CC,TT,TT,GG,AA,TT,CT,AA,CC,GG,GG,GG,CC,GG,CC,TT,CT,AC,TT,AA,AG,TT,AT,CC,AC,NN,AA,AA,GG,CC,TT,AA,AC,GT,AA,AA,TT,AT,AA,TT,TT,CC,GG,TT,GG,NN,GG,CC,AA,GG,AA,AT,GG,TT,TT,GG,GT,GG,CC,TT,GG,AG,AA,CC,TT,CC,TT,CC,TT,GT,GG,TT,CC,TT,CC,CC,CG,GG,AA,TT,TT,CC,AG,GG,AA,CC,GG,TT,CC,GT,AA,AA,TT,CC,AG,CC,GG,CC,GG,CT,AA,CT,CC,CC,CC,AA,GT,CC,AA,CC,CC,AA,TT,AA,AA,CG,CC,CC,GG,AG,AG,AA,NN,GT,CC,CC,AG,AA,GG,TT,GG,AC,GT,TT,GG,CC,TT,GT,CT,CC,AT,GT,TT,AA,AT,GG,CC,AG,CC,CC,CC,CC,CC,AA,GG,AA,CC,TT,CC,GT,GT,GG,AA,AA,AG,NN,CC,GG,AA,AC,CC,GG,GG,AA,GG,TT,AA,AA,CC,GG,AA,CC,AA,AA,GT,TT,TT,AA,GG,GG,AA,CC,AT,TT,AA,GG,AA,TT,AA,TT,CG,TT,AA,CC,TT,CC,AA,CG,AG,CC,TT,NN,TT,GG,TT,AA,CC,NN,GG,CC,CG,GG,CC,NN,AT,AA,CC,TT,AG,NN,CC,AA,GG,CC,AT,CC,AA,AA,CC,CC,CC,TT,AA,GG,AA,AA,AA,AA,AG,AA,AA,NN,TT,CG,AC,AG,AA,AC,TT,AA,AA,GG,AG,GG,TT,AA,AA,TT,TT,TT,AA,AT,GG,GG,AA,5.69,Susceptible,Low,Standard,Early
L0522,Mandya,Karnataka,Kharif,Red Loamy,Irrigated (Cauvery command),780,27.0,72,AA,TT,GG,AA,GG,CC,GT,AA,CC,GG,AA,CT,CG,TT,TT,GG,CG,TT,AT,AA,NN,TT,TT,CC,TT,CC,GT,AT,GG,AA,TT,CC,AA,CC,GG,CG,GG,CG,GT,NN,TT,CT,AA,NN,AA,NN,CT,TT,CC,AC,GT,AT,AA,GG,CT,TT,AA,AA,GT,AA,AA,GT,TT,AA,TT,TT,CC,GG,TT,GG,AA,GG,CC,AA,GG,AA,AT,GG,TT,TT,GG,GG,GT,CC,AA,GG,AA,AA,CC,TT,CC,TT,CC,NN,GT,GG,TT,AC,GT,CC,CT,CC,GG,AG,NN,TT,CC,AA,AA,AA,CT,GG,TT,CC,TT,AC,AA,AT,CC,AG,CG,GG,CC,GG,CT,AG,CC,CC,CC,CC,AA,TT,CC,AA,CC,CT,AA,TT,AG,AA,GG,CC,CG,GG,AA,AG,AA,CC,GG,CC,CC,AA,AG,GG,TT,GG,AA,GT,CT,GG,CC,GG,TT,TT,CC,AA,TT,TT,AA,TT,CG,CC,AA,TT,CC,CC,GG,CC,AA,GG,GG,NN,TT,CC,GT,GT,GG,AT,AA,AA,TT,CC,GG,AA,CC,CC,GG,GG,AC,CG,TT,AC,AA,CC,GG,AA,AC,AA,AA,GG,TT,AT,AA,GG,GT,AA,CC,AT,GG,AA,GG,AA,CT,AA,TT,CC,CT,AA,AC,CT,GG,AG,CC,AG,AC,TT,CT,GT,CG,TT,AA,AC,AG,GG,CC,CC,GG,CC,GG,AT,AA,CC,TT,GG,CC,CC,AA,GG,CC,AT,CC,AA,AA,AC,CG,AC,NN,AA,GG,AA,AC,CC,AA,AG,AG,AA,AA,AT,GG,AA,AA,AC,AA,TT,AA,AA,CG,GG,GG,TT,AA,AG,GT,TT,TT,AG,AT,GG,GG,AA,5.72,Moderate,High,Standard,Medium
L0523,Mandya,Karnataka,Kharif,Red Loamy,Irrigated (Cauvery command),780,27.0,72,CC,TT,GG,AA,GG,CC,GG,AA,CC,CC,AA,NN,CG,AT,TT,GT,GG,TT,TT,AG,CC,GT,GT,CC,TT,CC,TT,TT,GG,AA,TT,CC,AA,CC,GG,CC,GG,CG,GG,CC,GT,CT,AC,TT,AA,GG,TT,TT,CC,AC,GT,AA,AA,GG,CT,TT,AA,AA,GG,AC,AA,TT,TT,GG,TT,AA,CC,GG,TT,GG,AA,GG,CC,AA,GG,AC,AT,GG,TT,TT,GG,GT,GT,CC,AA,GG,AA,AT,CC,TT,AC,GT,TT,TT,GT,GG,TT,CC,GT,CT,CC,CC,AG,AG,TT,TT,CG,AA,AA,AA,CC,GG,TT,CC,TT,AA,AC,TT,CC,GG,CC,GG,CC,GG,CT,AA,CC,NN,CC,CC,AA,TT,CC,AA,CC,CC,AA,TT,AA,AA,GG,CC,CC,GG,AA,AG,AA,CC,GG,CC,CC,AA,AG,GG,TT,GG,CC,GT,TT,GG,CC,GT,TT,TT,CC,AT,TT,CT,AA,TT,GG,CC,AA,CC,CC,CC,GG,CC,AA,GG,AG,CC,TT,CC,GT,TT,GG,AA,AA,AG,TT,AC,GG,AC,AC,CC,CC,AG,AA,GG,TT,AC,AA,CG,GG,AT,AC,AA,AT,GG,TT,TT,AA,GG,TT,AT,CC,TT,TT,AT,GG,AG,TT,AA,TT,CC,TT,AA,CC,TT,CG,AG,CC,AA,CC,TT,TT,TT,GG,TT,AA,CC,AA,GG,CC,CG,GG,CC,GG,TT,AA,CG,TT,GG,CC,CC,AT,GG,CC,AA,NN,AA,AA,AC,CC,CC,TT,AA,GG,AA,AC,AC,AC,GG,AA,NN,AA,TT,GG,AC,AA,CC,AA,TT,AA,AA,GG,GG,GG,TT,AA,AA,TT,TT,TT,AG,AT,GG,CG,AA,7.62,Resistant,Low,Standard,Late
L0524,Mandya,Karnataka,Kharif,Red Loamy,Irrigated (Cauvery command),780,27.0,72,CC,TT,AG,AA,GG,CC,GG,AT,CC,CG,AT,CC,CG,TT,TT,GG,GG,AT,TT,AG,CC,GG,TT,CC,AT,CC,TT,AT,GG,AA,TT,CC,AG,CC,GG,GG,GG,CC,GG,CC,TT,CT,AA,GT,AG,GG,TT,TT,NN,AA,GG,AA,AG,GG,CC,TT,AA,AC,TT,AC,AG,TT,TT,AG,CT,AT,CC,GG,TT,GG,AG,GG,CC,AA,GG,AC,AT,AG,TT,TT,GG,GG,GT,CC,AT,GG,AA,AT,CC,TT,CC,TT,CT,TT,TT,GG,TT,CC,GG,CC,CC,CG,AG,AA,TT,TT,CC,AA,AA,AC,CC,GG,TT,CC,TT,AC,AA,TT,CG,AG,CG,GG,CC,GG,TT,AA,CC,CC,CC,CC,AA,TT,AC,AA,AC,CC,AA,TT,AA,AA,GG,CC,CC,GG,AA,AA,AA,AC,NN,CG,CC,AA,AA,GG,TT,GG,CC,TT,CT,GG,AC,TT,TT,TT,CC,AA,TT,TT,AA,TT,CG,CG,AA,CT,CC,CC,NN,CC,AA,GG,AG,CC,TT,CC,TT,GT,GG,AT,AA,AG,TT,AC,GG,AA,AC,CC,GG,GG,NN,GG,CT,AA,AA,CC,GG,AA,NN,AT,AA,GG,TT,AT,AA,GG,GT,AA,CC,AT,TT,AA,GG,AA,TT,AA,TT,CC,CC,AC,AC,TT,GG,AA,CC,AG,CC,AT,CT,GT,GG,TT,AC,CC,AA,GG,CC,CG,CG,CC,GG,TT,AA,CC,TT,GG,CG,CG,AA,GG,CC,AA,CC,AA,AA,CC,GG,NN,TT,AA,GG,AT,AA,AA,AA,AG,AA,AG,AA,TT,GG,AA,AG,CC,AA,TT,AA,AA,GG,GG,GG,TT,AT,AA,TT,AT,TT,AA,AT,GG,GG,AA,8.08,Susceptible,High,Premium,Early
L0525,Mandya,Karnataka,Kharif,Red Loamy,Irrigated (Cauvery command),780,27.0,72,AA,TT,GG,AA,GG,CC,GT,TT,CC,CG,AA,CC,CC,TT,TT,GG,GG,TT,TT,AA,CC,TT,GT,CC,AT,CC,GT,AT,GG,AC,TT,CT,AA,CC,GG,GG,GG,CC,GG,NN,GT,CT,AA,TT,AA,GG,TT,TT,CC,AC,GG,AA,AA,GG,CC,GT,AA,AC,GG,AC,AA,TT,TT,AA,TT,AA,CC,GG,TT,GG,AA,TT,CC,AA,NN,AA,AT,GG,TT,TT,GG,GT,GG,CC,AA,GG,AA,AA,CC,GT,AC,TT,TT,TT,TT,GG,TT,CC,GT,CC,CT,CC,AG,AA,TT,TT,CG,AA,AG,AA,CC,GG,TT,CC,TT,AC,AC,TT,CG,GG,CC,GG,CC,GG,CT,AA,CT,CC,CC,CC,AA,TT,CC,AA,CC,NN,AA,AT,AA,AT,GG,CC,NN,GG,AA,GG,AA,CC,GG,CC,CG,AG,AG,GG,TT,AG,AC,TT,TT,GG,CC,NN,GT,TT,CC,AA,TT,CT,AA,TT,CG,CG,AG,CC,CC,CC,CG,CC,AA,GG,AA,AC,TT,CG,GG,TT,GG,TT,AA,AA,TT,CC,GG,AC,CC,CC,GG,GG,AC,GG,TT,AA,AA,NN,GG,AA,CC,AA,TT,GG,TT,TT,AA,CG,TT,AA,CC,AA,TT,AA,GG,AA,TT,AA,TT,CC,TT,AA,CC,TT,GG,AG,CG,GG,CC,TT,TT,TT,GG,TT,AC,AA,AA,GG,CG,CC,CG,CC,GG,AT,AG,CC,TT,GG,CC,CC,AT,GG,CC,AT,CC,AA,AA,NN,CG,AC,AT,AA,CG,AA,AA,AA,AC,AG,AA,AA,AA,AT,GG,AC,AA,AC,AA,TT,AA,AA,GG,GG,GG,TT,AA,AA,TT,TT,TT,AA,AT,GG,GG,AA,6.39,Resistant,Low,Premium,Late
L0526,Mandya,Karnataka,Kharif,Red Loamy,Irrigated (Cauvery command),780,27.0,72,AA,TT,GG,AA,GG,CC,GG,AA,CC,CC,AA,CC,CC,TT,TT,GT,CG,TT,TT,AA,CC,TT,TT,CC,TT,CC,TT,TT,GG,AA,CT,NN,AG,CC,GG,GG,GG,GG,GG,CC,TT,TT,AA,TT,AA,AG,TT,AA,CC,CC,GG,AA,AA,GG,CC,TT,AA,CC,GT,AA,AA,TT,AT,AA,TT,TT,CC,GG,TT,GT,AA,GG,CC,AA,NN,CC,AT,GG,TT,TT,GG,TT,GT,CC,AT,GG,AA,AA,CC,GT,CC,TT,CT,TT,TT,GG,CC,CC,TT,CC,CC,CC,AA,AA,TT,TT,CC,AA,AG,AA,CC,GG,GT,CC,GT,AA,AA,TT,CG,AG,CC,AG,CT,GT,TT,AG,CC,CC,AC,CG,AA,TT,CC,AA,CC,CC,AA,AA,AA,AT,CG,CC,CC,GG,AA,AG,AT,CC,GT,CC,CC,AG,AG,GG,TT,GG,AA,TT,CT,GG,AC,GT,GT,CT,CC,AT,GT,TT,AT,AT,GG,CC,AG,CC,AC,CC,GG,AC,AA,GG,AA,CC,TT,CC,GG,TT,GG,TT,AA,AA,TT,CC,CG,AA,AC,CC,GG,GG,AA,GG,TT,AA,AA,CC,GT,AT,AC,AA,TT,GG,TT,AT,AA,CG,GT,TT,CG,AT,TT,AA,NN,AG,TT,AA,TT,CG,TT,AC,CC,TT,GG,AA,CC,AA,CC,TT,CC,GT,GG,TT,AA,AC,AA,GG,CC,CG,GG,CC,GG,AT,AA,CG,GT,GG,CC,CG,AA,GG,CC,AA,CC,AT,AA,CC,CC,CC,TT,AA,GG,AA,AA,AC,AA,AG,AG,AA,AA,TT,GG,AA,AA,AC,AA,TT,AG,AA,CG,GG,NN,NN,AA,AA,TT,TT,TT,AA,AT,GG,GG,AA,6.43,Susceptible,High,Standard,Late
L0527,Mandya,Karnataka,Kharif,Red Loamy,Irrigated (Cauvery command),780,27.0,72,AC,CT,GG,AG,GG,CC,GT,TT,CC,CG,AA,CC,CC,AT,TT,GG,CG,TT,TT,AA,CC,GG,GT,CC,TT,CC,TT,AA,GT,AA,TT,CT,AA,CC,GG,GG,GG,CG,GG,CC,TT,CC,AC,TT,AA,AA,TT,TT,CC,AA,GG,AA,AG,CG,CT,TT,AA,CC,GT,CC,AG,TT,TT,AA,TT,AT,CC,GG,TT,GT,AG,GT,CC,AA,GG,AA,AA,AG,TT,TT,GG,GG,GG,CC,AA,GG,AA,AA,CG,TT,AC,TT,CC,TT,GT,GG,CT,CC,GT,CC,CC,CG,GG,AG,AT,TT,CC,AA,AG,AA,CT,GG,TT,CG,TT,AA,AA,TT,CG,GG,CC,GG,CT,GG,TT,AG,CC,CC,CC,CC,AA,TT,CC,AA,CC,CC,AA,TT,AA,AA,GG,CC,CC,GG,AA,GG,AA,CC,GG,CC,CC,AA,AA,AG,GT,GG,AC,GT,CT,GG,AC,TT,GT,TT,CC,AA,TT,CT,AA,NN,GG,CC,AG,CC,CC,CC,CG,CC,AA,GG,AA,CC,TT,CG,GG,TT,GG,AT,AA,AA,TT,CC,CG,AA,AC,CC,GG,GG,AC,GG,TT,AA,AA,CC,GG,AT,AC,AA,AA,GT,TT,TT,AA,GG,NN,AA,CC,TT,TT,AT,GG,AG,CT,AA,TT,CC,CT,AA,CC,TT,NN,GG,CC,AG,CC,TT,TT,GT,GG,TT,AA,CC,AG,GT,CC,CG,GG,CC,GG,AA,AA,CC,TT,GG,CC,CG,AA,GG,CC,AT,CG,AA,AG,CC,CC,CC,TT,AA,GG,AA,AA,AA,AC,AG,AA,AG,AA,TT,CG,AC,AA,AC,AC,CT,AG,AA,GG,GG,GG,TT,AA,AG,GT,TT,TT,AA,AT,GG,GG,AA,8.23,Susceptible,Medium,Poor,Medium
L0528,Mandya,Karnataka,Kharif,Red Loamy,Irrigated (Cauvery command),780,27.0,72,AA,CT,GG,AA,GG,CC,GG,TT,CC,CC,AA,CC,CG,AT,TT,GG,GG,TT,TT,AA,CC,TT,GT,CC,TT,CC,TT,TT,GT,AA,TT,CC,AA,AC,GG,CG,GG,CC,GG,CC,TT,CT,NN,GT,AA,GG,TT,AT,CC,AC,GG,AA,AA,GG,CC,TT,AA,AA,GG,AA,AA,TT,AT,AA,TT,AT,CC,GG,TT,GG,AG,GG,CC,AA,GG,AC,AA,GG,TT,TT,GG,GG,GG,CC,AA,GG,AA,AT,CC,GT,CC,TT,CC,TT,TT,AG,CT,CC,TT,CC,CT,CC,AG,AA,TT,TT,CC,AA,AG,AA,CC,GG,TT,CG,TT,AA,AA,TT,CG,GG,CC,NN,CC,GT,TT,AG,CC,CC,CC,CC,AA,TT,CC,AA,CC,CC,AA,TT,AA,AT,GG,CC,CC,GG,AA,AA,AA,AC,GT,CG,GG,AA,AA,AG,TT,AG,AA,GG,TT,GG,CC,TT,TT,TT,GG,AA,TT,CC,AT,AT,CG,CC,AA,CC,CC,CC,GG,CC,AA,GG,AA,CC,TT,CC,GT,TT,CG,AA,AA,AA,TT,AC,GG,AA,CC,CC,GG,GG,CC,GG,TT,AC,AA,CC,GG,AA,AC,AA,AT,GG,GT,TT,AA,GG,GT,AT,CG,TT,GT,AA,GG,AA,TT,AA,TT,CC,TT,AA,CC,CT,GG,GG,CG,GG,CC,AT,TT,GT,GG,TT,AA,AC,AG,GG,CC,CC,GG,CC,GG,TT,AA,CC,GT,GG,CG,NN,AA,GG,CG,AA,CC,AA,AA,CC,CC,AC,AT,AA,GG,AA,AA,AA,AA,AA,AA,AA,AA,TT,GG,AA,AA,AC,AC,CT,AA,AA,GG,GG,GG,TT,AA,AG,TT,TT,TT,GG,TT,GG,GG,AA,6.5,Susceptible,Low,Premium,Early
L0529,Mandya,Karnataka,Kharif,Red Loamy,Irrigated (Cauvery command),780,27.0,72,AA,TT,GG,AA,GG,CC,GT,AT,CC,CG,AA,NN,GG,TT,GT,GG,CG,TT,TT,AG,CC,GT,GT,CC,TT,CC,TT,AT,GG,AA,CT,CT,AA,CC,AG,GG,GG,CG,GG,CC,TT,NN,AA,TT,AG,GG,TT,AT,CC,CC,GG,AA,AA,GG,CC,TT,NN,AA,TT,AA,AG,TT,AT,AA,TT,TT,CC,GG,TT,GG,AA,GG,NN,AG,GG,AC,AT,GG,TT,TT,AG,GT,GT,CC,AA,GG,AA,AT,CC,TT,AC,TT,CT,TT,TT,GG,TT,AC,TT,CC,CT,GG,GG,AA,TT,TT,CC,AA,AG,AA,CT,GG,TT,CC,TT,AA,AA,TT,CC,AG,CG,AG,CC,TT,CT,AG,CC,CC,CC,CC,AA,TT,CC,AA,CC,CT,AA,AT,AA,AT,GG,CC,CC,GG,AA,AA,AA,CC,GG,CC,CC,AG,AG,GG,TT,NN,AC,GT,TT,GG,AC,TT,TT,TT,CG,AT,GT,TT,AA,AT,GG,CC,AG,CT,CC,CC,GG,CC,AT,GG,AG,CC,TT,CG,GT,TT,CG,AT,AA,AA,TT,AC,GG,AA,AC,CC,NN,GG,AA,GG,TT,AA,AA,CC,GG,AT,CC,AT,AT,GT,TT,AT,AA,NN,GG,AA,CC,AT,GT,AA,GG,AA,CT,AA,TT,CG,TT,AA,CC,TT,GG,AA,CC,AG,AC,TT,TT,GT,GG,NN,AA,AA,AA,GG,CC,CC,GG,CG,GT,AT,AA,CC,TT,GG,CG,CC,AA,AG,CC,AT,CC,AT,GG,CC,CC,AC,TT,AA,GG,AA,AA,AC,AA,AA,AA,AG,AA,TT,GG,AA,AG,CC,AA,CC,AA,AA,GG,GG,GG,TT,NN,AG,TT,TT,TT,AG,TT,GG,GG,AA,5.78,Susceptible,Low,Poor,Late
L0530,Mandya,Karnataka,Kharif,Red Loamy,Irrigated (Cauvery command),780,27.0,72,CC,TT,NN,AG,GG,CC,GG,TT,CC,CC,AA,CC,CC,TT,TT,GG,GG,TT,TT,AG,CC,TT,GT,CT,TT,CC,TT,TT,GG,AA,TT,CC,AG,CC,GG,CG,GG,CC,GG,CC,TT,NN,AA,TT,AA,GG,TT,AT,CC,CC,GG,AA,AA,GG,CT,TT,AT,AA,TT,AC,AG,TT,TT,AG,TT,AT,CC,GG,TT,GG,AG,GT,CC,AA,GG,AC,AT,AA,GT,TT,GG,GG,GT,CC,AA,GG,AA,AA,CC,GT,CC,TT,CT,AT,TT,NN,TT,CC,GT,CC,CC,CG,GG,AA,TT,TT,CC,AA,AG,AA,CC,GG,TT,CC,TT,AA,CC,TT,CG,AA,CC,AG,CC,GG,TT,AA,CT,CC,CC,CC,AA,TT,CC,AA,CC,CC,AA,AT,NN,AT,CG,CC,CC,GG,AA,AA,AA,CC,GG,CC,CG,AA,GG,GG,NN,GG,AC,GT,CT,AG,CC,GT,TT,CT,CC,AT,TT,TT,NN,TT,GG,CC,AA,TT,CC,CC,GG,AC,AT,GG,GG,CC,TT,CC,GT,TT,GG,TT,AA,AA,TT,CC,GG,AA,AC,CC,GG,GG,CC,GG,TT,AA,AA,CC,GG,AA,AC,AA,AT,GT,GT,AA,AT,GG,GG,AA,CG,TT,TT,AA,GG,AA,CT,AC,TT,CC,CT,AA,AC,TT,GG,AG,CC,GG,CC,TT,TT,GT,GG,TT,AA,NN,GG,GG,CC,CG,GG,CC,GG,AT,AA,CG,TT,AG,CC,CC,AA,GG,CC,AA,CC,AA,AA,CC,CG,AC,TT,AA,GG,AA,AA,AA,AA,GG,AG,AA,AA,TT,GG,AA,AG,AC,AC,CT,AA,AA,GG,GG,GG,TT,AT,AG,TT,TT,TT,AG,AT,GG,GG,AA,7.42,Susceptible,High,Standard,Early
L0531,Mandya,Karnataka,Kharif,Red Loamy,Irrigated (Cauvery command),780,27.0,72,AA,CT,AG,AG,GG,CC,GG,AT,CC,CC,AA,CC,GG,TT,TT,GG,CG,TT,TT,AA,CC,TT,GT,TT,TT,CC,TT,AT,GG,AA,TT,CC,AA,CC,GG,GG,GG,CG,GG,CC,TT,TT,AA,GG,AA,AG,CT,TT,CC,AC,GG,AA,AA,GG,CC,TT,AA,CC,GG,AC,AG,TT,TT,AA,TT,TT,CC,GG,TT,GG,AA,GG,CC,AA,GG,AA,TT,GG,TT,TT,GG,GG,GG,CC,AA,GG,AA,AA,CC,GT,AC,TT,CC,TT,TT,AG,TT,CC,TT,CC,CC,CC,AG,AA,TT,TT,CC,AA,GG,AA,CC,GT,TT,CG,TT,AA,AC,TT,CG,GG,CC,GG,CC,GT,TT,AA,CC,CC,CC,CC,AA,TT,CC,AA,CC,NN,NN,TT,AA,AT,CG,CT,CC,GG,AA,GG,AA,CC,GT,CC,CG,AA,AA,GG,TT,GG,AC,GG,CT,GG,CC,GT,TT,TT,CG,AT,GT,NN,TT,TT,GG,CC,AA,CC,CC,CC,GG,CC,AA,GG,AA,CC,TT,CC,TT,TT,CG,TT,AG,AA,TT,AC,GG,AC,AC,CC,GG,GG,AC,GG,TT,AA,AG,CC,GG,AA,AA,AT,AT,GG,TT,AA,AA,GG,GT,AA,CC,TT,GT,AA,GG,AA,TT,AA,TT,CC,TT,AA,CC,TT,GG,AG,NN,AA,CC,TT,CC,GT,GG,AT,AA,CC,AG,GG,CC,CC,GG,NN,GG,AT,AA,CC,TT,GG,CC,CG,AA,GG,CC,AA,CC,AA,AA,CC,CG,AC,TT,AA,GG,AA,AC,AC,AA,AG,AG,AG,AA,TT,GG,AA,AG,CC,AC,CC,AA,AA,GG,GG,GG,TT,AT,AA,GT,TT,TT,AG,AT,GG,GG,AA,5.96,Susceptible,Low,Standard,Medium
L0532,Mandya,Karnataka,Kharif,Red Loamy,Irrigated (Cauvery command),780,27.0,72,AC,TT,NN,AA,GG,CC,GT,AA,CC,CC,AA,CC,CC,TT,GG,GG,GG,TT,TT,AA,CC,TT,TT,CC,AT,NN,GT,TT,GG,AA,TT,CT,AA,CC,GG,GG,GG,CC,GG,CC,TT,CT,AA,TT,AG,AA,TT,TT,CC,AC,GG,AA,AA,NN,CT,TT,AA,AA,GG,AA,AG,NN,TT,AG,TT,AA,CC,GG,TT,GG,AG,GT,CC,AA,NN,AC,AA,AG,TT,TT,GG,TT,GG,CC,AT,GG,AG,AA,CC,TT,AC,TT,CC,TT,GT,GG,TT,CC,TT,CC,CC,CC,AG,NN,TT,TT,CC,AA,AA,CC,CT,GG,TT,CC,GT,AA,AA,TT,CC,GG,CC,AG,CC,GT,TT,AG,CT,CC,CC,CC,AA,TT,AC,AA,AC,CC,AA,TT,AG,AA,GG,CC,CC,GG,AG,NN,AA,CC,GT,CC,CC,AA,AA,AG,GT,GG,AA,TT,CT,GG,CC,TT,GG,TT,CC,AA,GT,TT,AA,AT,GG,CC,AA,TT,CC,CC,GG,CC,AT,GG,GG,CC,TT,CC,GG,TT,GG,AT,AA,AA,TT,CC,GG,AA,AC,CC,GG,GG,AA,CG,NN,CC,AG,CC,GG,AA,CC,AA,AA,GG,TT,TT,AT,GG,GT,NN,CC,TT,GT,AA,GG,AA,TT,AA,TT,CC,CT,AA,CC,TT,CG,GG,CC,AG,CC,TT,TT,GT,GG,TT,AA,AC,AG,GT,CC,CC,GG,CC,GG,AT,AA,CC,TT,GG,CC,CC,AA,GG,CC,AT,CC,AA,AA,AC,CG,CC,NN,AA,GG,AA,AA,AC,AC,AG,AA,AG,NN,TT,GG,AA,AG,AA,AA,CC,AA,AA,GG,AG,CG,GT,AA,AA,GT,TT,TT,AA,AT,GG,GG,AA,5.57,Susceptible,High,Standard,Late
L0533,Mandya,Karnataka,Kharif,Red Loamy,Irrigated (Cauvery command),780,27.0,72,AA,TT,GG,AA,GG,CC,GG,AT,CC,CG,AA,CC,CC,AT,GT,GG,GG,TT,TT,NN,CC,TT,GT,CC,TT,CC,TT,TT,GG,AA,TT,CT,AA,CC,GG,GG,GG,CC,GT,AC,TT,TT,AA,GT,AA,GG,TT,TT,CC,AA,GT,AA,AG,GG,CT,TT,AT,AC,TT,AA,AG,TT,AT,AG,TT,TT,CC,GG,TT,GT,AA,GG,CC,AA,GG,AA,AA,GG,TT,TT,GG,GG,GG,AC,AA,GG,AG,AA,CC,TT,CC,TT,CT,TT,TT,GG,CT,CC,TT,CC,CT,CC,AG,AA,TT,TT,CC,AA,AA,CC,CC,GG,TT,CC,TT,AA,AA,TT,CC,AG,CC,GG,CC,GG,TT,AA,CC,CC,CC,CC,NN,TT,CC,AA,CC,CC,AG,TT,AA,AT,GG,CC,NN,GG,AA,AG,AA,CC,GT,CC,CC,AG,AA,GG,GT,AG,AC,GT,CT,GG,AC,GT,NN,TT,CC,AT,GT,TT,AA,AT,CG,CC,AG,CC,CC,CC,CG,CC,AA,GG,AG,CC,TT,CC,GG,GT,CG,AT,AG,AA,TT,CC,GG,AA,AC,CC,GG,GG,NN,GG,TT,NN,AA,CC,GG,AA,AC,AA,TT,GT,TT,TT,AA,CG,GT,AA,CC,TT,GT,AA,GG,AA,TT,AA,TT,CC,CC,AC,CC,CT,CG,AG,CC,AG,AC,TT,TT,TT,GG,TT,NN,CC,AG,GG,CC,CG,GG,CG,GG,AT,AA,NN,GT,GG,CC,CC,AA,AG,CC,AA,CC,AA,AA,AC,NN,AC,TT,AA,GG,AA,AC,AC,AA,AA,AG,AG,AA,TT,GG,AC,AA,CC,AA,TT,AA,AA,CG,GG,GG,TT,AA,AA,TT,TT,TT,AA,TT,GG,GG,AA,6.71,Susceptible,Low,Standard,Late
L0534,Mandya,Karnataka,Kharif,Red Loamy,Irrigated (Cauvery command),780,27.0,72,AA,TT,GG,AA,GG,CC,GT,AT,CC,CG,AT,CC,CG,TT,TT,GT,GG,TT,TT,AA,CC,GT,TT,CT,TT,CC,TT,AT,GG,NN,TT,CT,AA,CC,GG,CG,GG,CC,GG,CC,TT,TT,AA,TT,NN,GG,TT,AT,CC,CC,GT,AA,AA,GG,CC,TT,AA,CC,TT,AA,AA,TT,TT,GG,CT,TT,CC,GG,TT,GT,AG,GG,CC,AA,GG,AC,AT,GG,TT,TT,GG,GT,GG,CC,AT,GG,AA,AA,CC,TT,CC,TT,CC,TT,GT,GG,TT,AC,TT,CC,CC,CC,AG,NN,TT,TT,CG,AA,AG,AC,CC,GG,TT,CC,GT,AA,CC,TT,CC,AA,CC,AG,CC,GT,TT,AA,CC,CC,CC,CC,AG,TT,CC,AA,CC,CT,AA,TT,AA,AA,GG,CC,CG,GG,AA,AG,AA,CC,GT,CC,CG,AA,AG,AG,GT,GG,CC,TT,CT,GG,CC,GT,GT,TT,CC,AT,GT,TT,AA,NN,GG,CC,AG,TT,CC,CC,CG,CC,AA,GG,AG,CC,TT,CG,GT,GT,GG,AA,AA,AA,TT,AC,CC,AA,CC,NN,GG,GG,AA,GG,TT,AA,AG,CC,GG,AA,AC,AT,AA,GT,NN,AA,AA,GG,GG,AA,CC,TT,GT,AA,GG,AA,CT,AA,TT,CC,TT,AA,CC,CC,CG,GG,CC,GG,CC,TT,TT,TT,GG,TT,AA,CC,NN,GG,CC,CC,GG,CC,GG,TT,AG,CC,GT,GG,CG,CC,AT,GG,CG,AA,CG,AT,AA,AC,GG,CC,TT,AA,GG,AA,AA,AC,AA,AG,AA,AG,AA,TT,CG,AC,GG,AC,AA,NN,AG,AA,GG,GG,GG,GT,AA,AA,TT,TT,AT,AG,TT,GG,GG,AA,6.82,Susceptible,High,Premium,Early
L0535,Mandya,Karnataka,Kharif,Red Loamy,Irrigated (Cauvery command),780,27.0,72,AC,TT,GG,AA,GG,CG,GT,TT,CC,CG,AA,CT,CC,AT,GT,GT,CG,TT,TT,AA,CG,TT,GT,CC,TT,CC,TT,TT,GG,AA,TT,CC,AA,CC,GG,CG,GG,CC,GG,CC,TT,TT,AA,TT,AG,GG,TT,AT,CC,AC,GG,AA,AA,GG,CT,TT,AT,AA,GT,AA,AA,TT,AT,AA,CT,TT,CC,GG,TT,GT,AG,GG,AC,AA,GG,AA,AA,GG,TT,TT,GG,NN,GG,CC,AA,GG,AA,AA,CG,GT,CC,GT,CT,TT,TT,GG,CT,CC,GT,CC,CC,CC,NN,AA,TT,TT,CG,AA,AA,AA,CT,GG,TT,CC,GT,AA,AA,TT,CC,GG,CC,GG,CC,GG,CT,AA,CC,CC,CC,CC,AA,TT,CC,AA,CC,CC,AA,AT,AA,AA,GG,CC,CC,GG,AA,AA,AA,CC,GG,CC,CC,AA,AA,GG,TT,GG,AA,TT,CT,GG,NN,TT,GT,TT,CC,AT,TT,TT,AT,TT,GG,CC,AA,CT,CC,CC,GG,CC,AA,GG,AA,CC,GT,CC,TT,TT,GG,AT,AA,AA,TT,CC,GG,AA,CC,CC,GG,GG,AC,CG,TT,AC,AA,CC,GG,AA,CC,AA,AA,GG,TT,TT,AA,CC,GG,AA,CC,NN,GT,AA,GG,AA,CC,AA,TT,CC,CT,AC,CC,CT,CG,AA,CG,AA,CC,TT,TT,TT,CG,AT,AA,CC,AA,GG,CC,CG,GG,CG,GG,AT,AA,CC,GT,AG,CC,CG,AA,GG,CG,AT,CC,AA,AA,AC,CC,CC,AT,AG,CG,AA,AA,AA,AA,GG,AG,AA,AA,AT,CG,AA,AA,AC,AA,TT,AA,AA,CG,AG,GG,TT,AA,AA,TT,TT,TT,AG,AT,GG,CG,AA,7.08,Susceptible,Low,Premium,Late
L0536,Mandya,Karnataka,Kharif,Red Loamy,Irrigated (Cauvery command),780,27.0,72,AA,TT,AA,AG,CG,CC,GG,TT,CC,CC,AA,CC,CG,AT,TT,GG,GG,TT,TT,AA,CC,TT,TT,CT,TT,CC,TT,TT,GT,AA,TT,CC,AA,CC,AG,CG,NN,GG,GG,CC,TT,TT,AC,TT,AA,AG,TT,NN,CC,CC,GG,AT,AA,GG,CT,TT,AA,AA,GG,NN,AA,GT,AT,AA,TT,TT,CT,GG,TT,GG,AG,GT,CC,AA,GG,AC,AT,GG,TT,TT,GG,GT,GG,CC,AA,GG,AA,AA,CG,TT,CC,TT,CC,AA,TT,GG,CT,CC,GT,CT,CC,CC,AG,AA,AT,TT,CC,AA,AA,AA,CC,GG,TT,CC,TT,AC,AA,NN,CC,GG,CG,AG,CC,GG,CC,AA,CC,CC,CC,CC,AA,GT,AC,AA,CC,CC,AA,TT,AA,AA,GG,CT,CC,GG,AA,GG,AA,AC,GT,CC,CC,AA,AA,GG,TT,GG,CC,TT,CT,AG,CC,GT,GT,TT,CC,AA,TT,TT,AA,TT,GG,CC,AG,CC,AC,CC,CG,CC,AA,AG,AA,CC,TT,CC,GG,TT,CG,AT,AA,AG,TT,CC,CG,AA,CC,CC,CG,GG,CC,GG,TT,AA,AA,CC,GG,AA,AC,AA,AA,NN,TT,TT,AA,GG,GT,AA,CC,AT,TT,AA,GG,AA,TT,AA,TT,CC,TT,AA,CC,CT,GG,AA,CG,GG,CC,TT,TT,TT,GG,AT,AC,AC,AG,GT,CC,CC,GG,CC,NN,AT,AA,CC,TT,GG,GG,CG,AA,AG,CG,AT,CC,AA,AG,CC,CC,AA,AT,AA,GG,AA,AA,AC,AA,GG,GG,AA,AA,AT,GG,AA,AA,CC,AC,CT,AG,AA,GG,GG,GG,TT,NN,AA,GT,TT,TT,AG,AT,GG,NN,AA,7.51,Susceptible,Low,Standard,Early
L0537,Mandya,Karnataka,Kharif,Red Loamy,Irrigated (Cauvery command),780,27.0,72,AC,TT,GG,GG,GG,CC,GG,AT,CC,GG,AT,CC,CC,AT,GT,GT,GG,TT,TT,AA,CC,GT,TT,NN,TT,CC,GT,TT,GG,AA,TT,CT,AA,AC,AG,GG,GG,CG,GG,CC,TT,CC,AA,GT,AA,GG,TT,TT,CC,AC,GT,AA,AA,GG,CC,TT,AA,AA,GG,AC,AA,GT,AT,AG,TT,TT,NN,GG,TT,GG,GG,GT,AC,AA,GG,AA,AA,GG,TT,TT,GG,GG,GG,CC,AT,GG,AG,AA,CC,GG,AC,TT,CT,TT,GT,GG,TT,AC,GT,CC,CT,CC,GG,AA,TT,GT,CC,AA,AG,AA,CT,GG,GT,CG,TT,AA,NN,TT,CC,GG,CC,GG,CC,TT,CT,AA,CC,CC,CC,CC,AA,TT,CC,AA,CC,CC,AA,TT,AA,AA,GG,CC,CC,GG,AA,AG,AA,CC,GG,CC,CC,AA,AA,GG,TT,GG,CC,TT,CC,GG,CC,TT,TT,TT,CC,AA,GT,TT,AA,AT,GG,CC,AA,CC,CC,CC,GG,CC,AA,GG,AG,CC,TT,CG,GG,TT,CG,AT,AG,AG,TT,CC,GG,AC,CC,CC,GG,GG,AC,GG,TT,AC,AG,CC,GT,AA,NN,AA,AT,GG,TT,TT,AA,GG,GG,AT,NN,AA,TT,AA,GG,AA,NN,AA,TT,CC,CT,AA,CC,TT,CC,GG,CG,AG,CC,AT,TT,GT,GG,TT,AC,AC,AA,NN,CC,CC,GG,CC,GT,AA,AA,CC,GG,GG,CC,CC,AT,AG,CC,TT,CC,AT,AA,CC,CC,AC,TT,AA,GG,AA,NN,AC,AA,GG,AA,NN,AA,TT,GG,AA,AG,AA,AA,CC,AA,AG,GG,GG,GG,TT,AA,AA,TT,TT,TT,GG,AT,NN,GG,AA,5.96,Susceptible,Low,Standard,Late
L0538,Mandya,Karnataka,Kharif,Red Loamy,Irrigated (Cauvery command),780,27.0,72,AA,TT,AG,AG,GG,CC,GT,TT,CC,CC,AA,CC,CG,TT,TT,GT,CG,TT,TT,AA,CG,GG,GT,CC,TT,CT,TT,TT,GG,AA,TT,TT,AA,CC,AG,GG,GG,CC,GG,AC,TT,CT,AA,TT,AA,GG,CT,TT,CG,AA,GG,AT,AA,GG,CT,GT,AA,AC,GT,AA,AA,TT,TT,GG,TT,TT,CC,GG,TT,GG,AA,GG,CC,AA,AG,AC,AT,GG,TT,TT,GG,GT,GT,NN,AA,GG,AA,AA,CC,TT,CC,TT,CT,TT,GT,GG,CT,CC,GT,CC,TT,CC,AA,AA,TT,TT,CC,AG,GG,AA,CC,GG,TT,CC,TT,CC,AA,AT,CC,AG,CC,GG,TT,GG,TT,AA,CT,CC,AC,CC,AA,TT,CC,AA,CC,CT,AA,TT,AA,AA,CG,CC,CC,GG,AA,GG,AA,CC,GT,CC,CC,AG,AA,GG,GT,GG,AC,TT,NN,AA,AC,TT,TT,TT,CG,AT,TT,TT,AA,TT,GG,CC,AG,CC,CC,CC,CG,AC,AA,GG,AA,CC,TT,CG,GG,TT,GG,TT,AG,AA,TT,CC,GG,AA,NN,CC,GG,GG,AC,GG,TT,AA,AA,NN,GG,AA,AC,AA,AT,GG,TT,TT,AT,CG,GG,AA,CC,TT,TT,AA,GG,AG,TT,AC,TT,CC,TT,AA,CC,TT,CG,AG,CC,GG,CC,TT,CT,TT,GG,TT,AA,AC,AA,GG,CC,CC,GG,CG,GG,AT,AA,CC,TT,GG,CC,CC,AA,GG,CG,AA,CC,AA,AA,NN,CC,AC,TT,AA,GG,AA,AC,AC,AA,AA,AG,AA,AA,TT,GG,CC,AG,CC,CC,CT,AA,AA,NN,AG,GG,TT,AT,AA,TT,TT,TT,AA,AA,GG,GG,AA,8.67,Susceptible,Medium,Standard,Late
L0539,Mandya,Karnataka,Kharif,Red Loamy,Irrigated (Cauvery command),780,27.0,72,CC,TT,AG,AG,GG,CC,GG,AT,CC,CG,AA,CC,CC,TT,TT,GT,CG,TT,TT,AA,CC,TT,GT,CC,AT,CC,GT,TT,GG,AC,TT,CC,AA,CC,GG,CG,GG,CC,GG,CC,TT,CT,AC,TT,AG,AG,CT,TT,NN,CC,GT,AT,GG,GG,CC,TT,AA,AA,GT,AA,AA,GT,AA,AG,TT,TT,CC,GG,CT,GG,NN,GT,CC,AA,GG,AC,AA,AA,TT,TT,GG,GT,GG,CC,AA,GG,AA,AT,CC,TT,AC,TT,CC,TT,TT,GG,NN,CC,TT,CC,CC,CG,AG,AA,TT,TT,CG,AA,AA,AA,CC,GG,TT,CC,GT,AC,AA,TT,CC,AG,CC,AG,CC,NN,TT,AG,CC,CC,CC,CC,AA,TT,CC,AA,CC,CC,AA,TT,AG,AT,GG,CT,CC,GG,NN,AA,AA,AC,GT,CC,CC,AA,AA,AG,TT,GG,AA,TT,CT,AG,AC,TT,GT,CT,CC,AA,GT,CT,AA,AT,GG,CC,AG,CC,CC,CC,CG,CC,AT,GG,AA,CC,TT,CG,GG,GT,GG,TT,AA,AA,TT,AC,GG,AA,AC,CC,GG,GG,AA,GG,TT,AA,AA,CC,GG,AT,CC,AA,AT,GG,TT,TT,AT,CG,GG,AA,CG,TT,GT,AA,GG,AA,TT,AA,TT,CC,TT,AC,AC,TT,GG,AG,CG,GG,CC,AT,TT,GT,GG,TT,CC,AA,AG,GG,CC,CC,GG,CC,GG,AT,GG,CC,GT,GG,CC,CC,AA,GG,CC,AA,CC,AA,AA,CC,CG,CC,TT,AA,GG,AA,AA,AA,AC,GG,AA,AA,AA,AT,GG,AC,GG,CC,AA,TT,AA,AA,GG,GG,GG,TT,AA,AA,TT,TT,TT,AG,TT,GG,GG,NN,4.82,Susceptible,Low,Poor,Medium
L0540,Mandya,Karnataka,Kharif,Red Loamy,Irrigated (Cauvery command),780,27.0,72,AC,TT,GG,AG,GG,CC,GT,TT,CC,CG,AT,CT,CC,TT,GG,GG,CG,TT,TT,AA,CC,GT,TT,CC,TT,CC,GT,TT,GT,AA,TT,CC,AA,CC,GG,CG,GG,CC,GG,CC,TT,CC,AC,GT,AG,GG,TT,AA,CC,AA,GG,AT,AA,GG,CT,TT,AA,AA,GT,AC,AA,TT,TT,AA,TT,TT,CC,GG,CT,GG,AA,GG,CC,AA,GG,AC,AA,GG,GG,TT,AG,GG,GG,CC,AA,GG,AA,AA,CC,GT,AC,NN,CC,NN,TT,GG,CT,CC,TT,CC,CC,CC,AG,AA,NN,TT,CG,AA,GG,AC,CC,GG,TT,CC,TT,AA,AA,TT,CC,AG,CG,AG,CC,GG,TT,AA,NN,CC,CC,CC,AA,TT,CC,AA,CC,CC,AA,TT,AA,AA,GG,CC,CC,GG,AA,AA,AA,AC,GG,CC,CC,AG,AA,AG,GT,GG,AA,TT,CT,GG,CC,GT,TT,TT,CC,AA,TT,CT,AA,AT,GG,CC,AA,CC,CC,CC,CG,CC,AA,GG,AG,CC,TT,CC,GG,TT,GG,AT,AA,AA,TT,CC,GG,AA,CC,CC,GG,GG,AC,GG,TT,AC,AA,CC,GT,AT,CC,AT,AA,GG,TT,AT,AT,GG,GT,AA,CC,TT,GT,AA,GG,AA,TT,AA,NN,CC,CT,AA,AC,TT,GG,AG,CC,AG,CC,NN,TT,GT,GG,AT,AC,AC,AG,GG,CC,CC,GG,CC,GG,TT,AA,CC,TT,GG,CG,CC,AA,GG,CC,AT,CG,AA,AA,AC,CC,CC,TT,AA,GG,AA,AC,AC,AA,AG,AG,AA,AA,AT,GG,AA,AG,AA,AC,CT,AA,AG,GG,GG,GG,TT,AA,AG,TT,TT,TT,AA,AT,GG,GG,AA,7.03,Susceptible,Low,Premium,Early
L0541,Mandya,Karnataka,Kharif,Red Loamy,Irrigated (Cauvery command),780,27.0,72,AC,TT,GG,AG,GG,NN,GG,TT,CC,CG,AT,CC,CC,AT,TT,GG,CG,TT,TT,AA,CC,TT,GT,CT,TT,CC,TT,TT,GG,AA,TT,CC,AA,CC,GG,GG,GG,CC,GT,CC,TT,TT,AA,GT,AA,GG,TT,TT,CC,CC,GG,AA,AA,GG,CT,TT,AA,AA,GT,AA,AA,TT,TT,GG,TT,TT,CC,GG,TT,GG,AG,GG,CC,AA,GG,AA,AT,GG,TT,TT,GG,GG,GT,CC,AT,GG,AA,AA,CG,TT,CC,TT,CT,AT,TT,AG,TT,CC,GT,CC,CC,CC,GG,AA,TT,TT,CC,AA,GG,AA,CT,GG,TT,CG,GT,NN,AA,TT,CC,GG,CG,GG,CT,GG,TT,AG,CT,CC,AC,CC,AA,TT,CC,AA,CC,CC,AA,TT,AA,AA,CG,CC,CC,GG,AA,AG,AA,CC,GT,CG,CC,AA,AG,GG,GT,GG,NN,GT,TT,GG,AC,GT,TT,TT,CG,AA,GT,TT,AA,TT,GG,CC,AA,CT,CC,CC,GG,CC,AA,GG,AA,CC,NN,CG,GG,TT,CG,AA,AA,AA,TT,CC,GG,AA,CC,CC,GG,GG,CC,GG,TT,AA,AA,CC,GG,AA,CC,AA,AA,GG,TT,TT,AA,CG,GT,AA,GG,AT,TT,AA,GG,AA,CT,AA,TT,NN,TT,AA,CC,TT,GG,AG,CC,AA,CC,TT,TT,GT,GG,TT,AA,CC,GG,GG,CG,CC,GG,CC,GG,TT,AA,CC,GG,GG,CC,CC,AT,AG,CC,AA,CC,AA,AA,CC,GG,CC,TT,AA,GG,AA,AA,AC,AA,AA,AA,AG,AG,TT,GG,AA,AG,CC,AA,CT,GG,AA,CG,GG,GG,GT,AT,AG,TT,TT,TT,AG,TT,GG,GG,AA,7.78,Susceptible,High,Standard,Early
L0542,Mandya,Karnataka,Kharif,Red Loamy,Irrigated (Cauvery command),780,27.0,72,AA,CT,GG,AA,NN,CC,GT,TT,CC,CG,AA,CC,GG,AT,GT,GG,CG,TT,TT,AA,CC,GT,GT,CC,TT,CC,GT,TT,GT,AA,TT,CC,AA,CC,GG,GG,GT,CC,GG,CC,TT,CC,AA,GT,AA,GG,TT,TT,CC,AC,GG,AA,AA,CG,CT,TT,AA,AC,TT,AA,AA,TT,AT,AG,CT,AT,CC,GG,TT,GG,AA,GG,CC,AA,GG,AC,AT,GG,TT,TT,GG,GT,GT,CC,AA,GG,AA,AA,CC,GT,CC,TT,TT,TT,TT,AG,TT,NN,GT,CC,CC,CG,AG,AA,TT,TT,CC,AA,AG,AA,CT,GG,TT,CC,GT,CC,AA,TT,CG,AG,CC,GG,CC,GG,TT,AA,CC,CC,CC,CC,AG,TT,AC,AA,CC,NN,AA,TT,AA,AT,GG,CC,CC,GG,AA,AG,AA,CC,GG,CC,CC,AA,AG,GG,TT,AG,AC,TT,CT,AG,AC,GT,TT,CT,CC,AA,GT,TT,AA,TT,GG,CC,AG,CT,CC,CC,CG,CC,AT,GG,GG,CC,TT,CC,GT,TT,GG,AT,AA,AA,GT,CC,GG,AA,CC,CC,GG,GG,AA,GG,TT,AC,AG,CC,GG,AA,AC,AA,AT,GG,TT,AT,AA,CG,GT,AT,CC,TT,TT,AA,GG,AA,TT,AA,TT,CC,TT,AC,CC,TT,GG,AG,CC,GG,CC,TT,TT,GG,GG,TT,AA,AC,AG,GG,CC,CC,GG,CC,GG,AA,AA,CC,TT,GG,CC,NN,AA,GG,CC,TT,CC,AA,AA,CC,CC,AC,TT,AA,CG,AA,AC,NN,AA,AG,GG,AG,AA,TT,GG,AA,AG,AC,AC,CC,AA,AG,GG,GG,GG,GG,AT,AA,TT,TT,TT,GG,TT,GG,GG,AA,5.7,Susceptible,High,Standard,Late
L0543,Mandya,Karnataka,Kharif,Red Loamy,Irrigated (Cauvery command),780,27.0,72,AA,TT,AG,AA,GG,CC,GG,AT,CC,CG,AA,CC,CG,TT,TT,GG,CG,TT,AT,AA,CC,GT,GG,CC,TT,CC,GG,AT,TT,AA,CT,CC,AA,CC,GG,GG,GG,CC,GG,CC,TT,CC,AA,TT,AA,GG,CT,TT,CC,AC,GG,AA,AA,GG,CT,TT,AA,NN,GG,AA,AA,TT,AA,AA,TT,TT,CC,GG,TT,GG,AA,GG,CC,AA,AG,AA,TT,GG,TT,TT,GG,GG,GG,CC,AA,GG,AA,AA,CC,GT,CC,GT,CC,TT,GT,GG,CT,CC,TT,CC,CC,CG,AG,AA,TT,TT,CG,AA,AG,AC,CC,GG,TT,CG,GT,AA,AA,TT,GG,AG,CC,GG,CC,GT,CT,AG,CC,CC,CC,CC,AG,TT,CC,AA,CC,CC,AA,TT,AA,AA,GG,CC,CC,GG,AG,AA,AT,CC,GG,CC,CC,AG,AA,AG,GT,GG,AC,TT,TT,GG,CC,TT,TT,TT,CG,AT,GT,TT,AT,TT,NN,CC,AG,CT,CC,CC,GG,CC,AA,GG,AG,CC,TT,CC,GT,TT,CG,AA,AA,AA,GT,CC,GG,AA,CC,CC,CG,NN,CC,GG,TT,CC,AG,CC,GG,AA,CC,AA,AA,GT,GT,TT,AT,GG,GG,AA,CC,TT,GT,AA,GG,AA,CT,AA,TT,CC,TT,AA,CC,TT,GG,AG,CC,AG,CC,TT,TT,TT,GG,TT,AA,NN,AG,GG,CC,CG,GG,CC,GG,TT,AA,CC,TT,GG,CC,CC,AA,AG,CC,AA,CG,AA,AA,AC,CC,AC,TT,AA,CG,AA,AC,AA,AA,AG,AA,GG,AA,TT,GG,AA,AG,CC,AA,TT,AA,AA,GG,GG,CG,TT,AA,AA,TT,TT,TT,AG,AA,GG,GG,AA,4.25,Moderate,Medium,Premium,Early
L0544,Mandya,Karnataka,Kharif,Red Loamy,Irrigated (Cauvery command),780,27.0,72,AA,TT,GG,AG,GG,CC,GT,AT,CC,CG,AT,CC,CG,AT,TT,GG,GG,TT,TT,AA,CC,GT,GT,CC,TT,CC,GT,TT,GG,AA,TT,CT,AA,AC,GG,CG,GG,CC,GG,CC,TT,CT,AA,TT,AA,AG,TT,TT,CC,AC,GT,AA,AA,GG,CT,TT,AA,AC,GT,AC,AG,TT,NN,AG,TT,TT,CC,GG,TT,GT,AG,GG,CC,AA,GG,AC,AT,GG,TT,TT,GG,GG,NN,CC,AT,GG,AA,AA,CC,GG,AC,TT,CC,AT,TT,GG,CT,CC,TT,CC,CC,CC,AG,AA,AT,TT,CG,AA,AG,AC,CC,GG,GT,CG,TT,AA,AA,NN,CG,GG,CC,GG,CC,GG,CT,AG,CC,CC,CC,CC,AG,TT,CC,AA,CC,CC,AA,TT,AA,AA,CC,CT,CC,GG,AA,AG,AA,CC,GG,CC,CC,AA,AG,AG,TT,GG,AA,GT,CC,GG,CC,TT,GT,CT,CC,AA,TT,CT,AT,TT,GG,CC,AA,CT,CC,CC,CG,CC,AT,GG,AG,CC,TT,CC,GT,TT,GG,AT,AA,AA,TT,CC,CG,AA,CC,CC,GG,AG,AC,GG,NN,AA,AA,CC,GG,AA,AC,AA,AT,GG,TT,TT,AA,GG,GG,AA,CG,TT,TT,AA,GG,AA,TT,AA,TT,CC,TT,AA,CC,TT,GG,AA,GG,GG,AC,TT,CT,GT,GG,TT,AC,AC,AA,NN,CC,CG,GG,CC,GT,AT,AA,CG,TT,GG,CG,CG,AA,AG,CG,AT,CC,AA,AA,AC,CG,AC,TT,AA,GG,AA,AA,AA,AA,AG,GG,AA,AA,AT,GG,AA,AA,AC,AA,CT,AA,AA,GG,GG,GG,TT,AT,AA,TT,TT,TT,AA,AT,GG,GG,AA,6.54,Susceptible,Medium,Premium,Early
L0545,Mandya,Karnataka,Kharif,Red Loamy,Irrigated (Cauvery command),780,27.0,72,AC,TT,GG,AG,GG,CC,GG,AT,CC,CC,AA,CC,CC,TT,GT,GG,GG,TT,TT,AG,CC,GT,TT,CT,NN,CC,TT,TT,GG,AA,TT,CC,AA,CC,GG,GG,GG,GG,GG,CC,TT,CT,AC,TT,AG,GG,CT,TT,CC,AA,NN,AT,AA,GG,CC,TT,AA,AA,GG,AC,AG,GT,AT,AA,TT,AT,CC,GG,TT,TT,GG,GG,CC,AA,GG,AC,AT,GG,TT,TT,GG,GG,GG,CC,AA,GG,AA,AT,CC,GT,AC,GT,CT,TT,GT,GG,CT,AA,TT,CC,CC,CG,GG,AG,TT,TT,CC,AA,AA,AA,CC,GG,TT,CG,GT,AA,AA,TT,CG,GG,CC,AG,CC,GT,TT,AA,CC,NN,CC,CC,AA,TT,AC,AA,CC,CC,AA,TT,AG,AA,GG,CC,CC,GG,AA,AA,AA,CC,GT,CC,CC,AA,AA,NN,TT,GG,AC,TT,TT,GG,AA,GG,GG,TT,CG,AA,TT,TT,AA,TT,GG,CC,AA,CT,AC,CC,CG,CC,AA,GG,GG,CC,NN,CC,GT,TT,CG,TT,AA,AG,TT,CC,GG,AC,CC,CC,GG,GG,AC,GG,TT,AA,AA,CC,GG,AT,CC,AA,AA,TT,TT,TT,AA,GG,GT,TT,CG,AT,TT,AA,GG,AA,TT,AA,TT,CC,TT,AC,CC,CT,CG,AG,CC,GG,CC,TT,TT,GT,GG,TT,AA,AA,AG,GG,CC,CG,GG,CC,GG,AT,AG,CC,GT,GG,CG,CG,AA,GG,CC,TT,CC,AA,AA,AC,CC,CC,TT,AA,GG,AA,AA,CC,AC,AG,AA,AG,AA,AT,GG,AA,AG,AC,AA,CT,NN,AA,CG,AG,GG,GT,AA,AA,TT,NN,TT,AG,AT,GG,GG,AA,7.51,Susceptible,Medium,Poor,Late
L0546,Mandya,Karnataka,Kharif,Red Loamy,Irrigated (Cauvery command),780,27.0,72,AA,CT,AG,AA,GG,CC,GG,TT,CC,CG,AA,CC,CC,TT,TT,GG,GG,TT,TT,AA,CC,GT,GT,NN,TT,CC,TT,TT,GG,AC,TT,CT,AG,AC,GG,GG,GG,CG,GG,CC,TT,CT,AA,TT,AA,AG,TT,TT,CC,AC,GG,AA,AA,GG,CC,TT,AA,AA,GT,AA,AA,GT,AT,AA,TT,NN,CC,GG,CT,GT,AA,GG,CC,AA,NN,AA,AT,GG,GT,TT,GG,GG,GG,CC,AT,GG,AA,AA,CC,GT,CC,TT,CC,TT,GT,GG,TT,CC,GT,CC,CC,CC,AG,AA,TT,TT,CC,AG,AA,AA,CC,GG,TT,CC,GT,AC,AA,TT,CC,AA,CC,GG,CC,GG,TT,AG,CC,CC,CC,CG,AA,TT,AC,AA,CC,CC,AA,TT,AA,AA,GG,CC,CC,GG,AA,AG,AA,CC,GT,CC,CC,AG,AG,GG,TT,AG,AA,GT,TT,GG,CC,GT,GT,TT,CG,AA,TT,TT,AA,TT,NN,CC,AA,CC,CC,CC,NN,AC,AA,GG,AG,CC,TT,CC,GG,TT,CG,AT,AA,NN,TT,CC,GG,AA,AA,CC,GG,GG,CC,CG,TT,AC,AA,CG,GG,AA,CC,AA,AT,GG,TT,AT,AA,GG,GG,AT,CC,AT,GT,AA,GG,AA,TT,AC,TT,CC,CC,AC,AC,CT,CG,AA,CC,AG,AC,TT,TT,GT,GG,TT,NN,AC,AG,GG,CC,CG,GG,CC,GG,AT,AA,CC,TT,GG,CC,CG,AA,GG,CC,AA,CC,AT,AA,CC,CG,AC,TT,AA,GG,AA,AA,AC,AA,AG,AA,AA,AG,AT,GG,AA,AA,AC,AA,CT,AA,AG,GG,GG,GG,TT,AT,AA,GT,TT,AT,AA,TT,GG,GG,AA,6.26,Susceptible,Medium,Premium,Early
L0547,Mandya,Karnataka,Kharif,Red Loamy,Irrigated (Cauvery command),780,27.0,72,AA,TT,AG,AA,GG,CC,TT,TT,CC,CC,NN,CC,CC,AT,NN,GG,GG,TT,TT,AA,CC,TT,TT,CC,AT,CC,TT,AT,GG,AA,TT,CC,AA,NN,GG,GG,GG,CC,GG,AC,TT,TT,AA,TT,AA,AG,TT,TT,CC,AC,GG,AT,AG,GG,CC,GT,AA,NN,GT,AA,AG,TT,AT,AG,TT,TT,CC,GG,TT,GT,AA,GT,CC,NN,GG,AC,NN,GG,TT,TT,GG,GG,GT,CC,AA,GG,AA,AA,CC,GT,AC,TT,CC,TT,GT,GG,CT,NN,TT,CC,CC,CG,GG,AA,NN,TT,CC,AA,AA,AA,CC,GG,TT,CG,GT,AC,AA,TT,CG,AG,CG,GG,CC,GG,CT,AG,CT,CC,CC,CC,AA,TT,CC,AA,CC,CC,AA,TT,AA,AT,GG,CC,CC,GG,AA,AA,AA,CC,GT,CC,CG,AA,AG,GG,TT,GG,AA,NN,TT,GG,CC,GT,TT,TT,NN,AT,TT,TT,AA,TT,GG,CC,AA,CC,CC,CC,CG,CC,AA,GG,AG,CC,TT,CC,GG,GT,CC,AT,AA,AA,TT,AC,CG,AA,CC,CC,GG,GG,AA,GG,TT,AA,AA,CC,GG,AA,CC,AA,AT,GG,TT,TT,AT,GG,GT,AT,CC,AT,TT,AA,GG,AA,TT,AA,TT,CC,TT,AA,CC,TT,CG,AA,CC,AG,CC,TT,CT,TT,GG,AT,AC,CC,AA,GG,CC,CC,GG,CC,GG,TT,AG,CC,TT,GG,CC,CG,AA,AG,CC,AA,CC,AA,AA,AC,CG,AC,AT,AA,GG,AA,AA,AC,AA,AA,AG,AG,NN,TT,GG,AA,AA,CC,AA,CT,AA,AA,GG,GG,GG,TT,AA,AA,TT,TT,TT,AG,TT,GG,GG,AA,5.33,Moderate,Low,Poor,Early
L0548,Mandya,Karnataka,Kharif,Red Loamy,Irrigated (Cauvery command),780,27.0,72,AA,CT,GG,AA,GG,CC,TT,TT,CC,CG,AA,TT,CG,TT,GT,GG,GG,TT,TT,AA,CC,GT,TT,CC,TT,CC,TT,TT,GG,AA,TT,CC,AA,CC,GG,CG,GG,CG,GG,CC,TT,TT,AC,TT,AA,GG,TT,NN,CC,NN,GT,AA,AA,GG,CC,TT,AA,AC,TT,AC,AA,TT,AT,AG,TT,AT,CC,GG,TT,GG,AG,GG,CC,AA,AG,AC,TT,GG,GT,TT,GG,GT,GG,CC,AA,GG,AA,AT,CC,TT,AC,TT,CC,AT,GT,GG,CT,AC,GG,CC,CC,CG,AG,AA,TT,TT,CG,NN,AA,AA,CT,GG,TT,CC,TT,AA,AA,TT,CC,GG,CG,GG,CC,GT,TT,AA,CC,CC,CC,CG,AA,TT,CC,NN,CC,CC,AA,TT,AA,AA,CG,CT,CC,GG,AA,AA,AT,AC,GT,CC,CC,AA,AA,GG,GG,GG,AA,GT,TT,GG,CC,GT,TT,CT,CG,AT,NN,CT,AA,TT,CG,CC,AA,TT,CC,CC,CG,CC,AA,GG,GG,CC,TT,CC,GG,TT,CG,TT,AA,AA,GT,CC,GG,AC,AC,CG,GG,GG,CC,GG,TT,AA,AA,CC,GT,AA,AC,AA,AA,GG,TT,TT,AA,GG,GG,AA,CG,AT,TT,AA,GG,AA,TT,AC,TT,CC,TT,AC,AC,CT,GG,AG,CC,AG,CC,TT,NN,GT,GG,TT,NN,CC,AG,GG,CG,CG,GG,CC,GG,TT,AA,CC,TT,GG,CG,CC,AT,GG,CG,AA,CC,AA,AA,CC,CG,AC,TT,AA,GG,AA,AA,AC,AA,AA,AG,NN,AA,TT,GG,AC,AA,AA,AA,CT,AA,AA,GG,GG,GG,TT,AA,AA,TT,TT,TT,AG,AT,GG,GG,AA,5.2,Moderate,High,Standard,Medium
L0549,Mandya,Karnataka,Kharif,Red Loamy,Irrigated (Cauvery command),780,27.0,72,AA,TT,GG,AA,GG,CC,GG,TT,CC,CG,AA,CC,CC,AA,TT,GG,GG,TT,TT,AA,CC,GT,TT,CC,TT,CC,TT,TT,GT,AA,TT,CC,AA,CC,GG,GG,GG,CC,GG,CC,TT,TT,AA,TT,AG,GG,TT,TT,CC,AC,GT,AA,AA,GG,CT,TT,AT,AA,GG,AC,AA,TT,AT,AG,TT,AT,CC,GG,TT,GT,AA,GG,CC,AA,GG,AC,AA,GG,TT,TT,GG,GT,GG,CC,AA,GG,AG,AA,CC,GT,CC,TT,CT,TT,TT,GG,TT,AC,GT,CC,CC,CC,AA,AA,TT,TT,CC,AA,AA,AA,CT,GG,TT,CC,TT,AC,AA,TT,CC,GG,CG,AG,CC,GG,CT,AA,CC,CC,CC,CC,AA,TT,CC,AA,CC,CC,AA,TT,AA,AA,GG,CC,CC,GG,AA,AA,AA,AC,GG,CC,CC,AA,AA,NN,TT,AG,AC,TT,CT,GG,AC,TT,GT,TT,CC,TT,TT,TT,AA,TT,GG,CG,GG,CT,CC,CC,CG,AC,AA,NN,AG,CC,TT,CC,GT,TT,GG,TT,AA,AA,TT,CC,CG,AA,CC,CC,GG,GG,AC,GG,TT,AA,AA,CC,GG,AA,AC,AA,TT,GG,GT,TT,AA,GG,GT,TT,CC,TT,TT,AA,GG,AA,TT,AC,NN,CG,CT,AA,CC,CT,GG,AG,CC,AG,CC,TT,TT,TT,GG,TT,AA,AC,AG,GG,CC,CG,CG,CC,GG,TT,AA,CC,TT,GG,CC,CC,AA,GG,CC,AA,CC,AA,AA,AC,CC,CC,TT,AA,GG,AA,AA,AC,AA,AG,AA,AG,AA,AT,GG,NN,AA,AA,AA,CT,AA,AA,GG,GG,GG,TT,AT,AA,GT,AT,TT,AG,TT,GG,GG,AA,4.09,Moderate,Low,Premium,Early
L0550,Mandya,Karnataka,Kharif,Red Loamy,Irrigated (Cauvery command),780,27.0,72,AA,NN,AG,AG,GG,CC,GT,TT,CC,CG,AT,CC,CC,AT,TT,GT,GG,TT,TT,AA,CG,TT,GT,CC,TT,CC,NN,AT,GT,AA,TT,CC,AA,CC,GG,GG,GG,CG,GG,CC,TT,TT,AA,NN,AG,AG,TT,TT,CC,CC,GG,AA,GG,GG,CC,TT,AA,AA,TT,AC,AG,TT,TT,AA,CT,TT,CC,GG,TT,GG,AA,GG,CC,AA,GG,AC,AT,GG,TT,TT,GG,GG,GT,CC,AA,GG,AA,AA,CC,GT,CC,TT,CC,TT,TT,AG,TT,CC,GT,CC,CT,CC,AA,NN,TT,TT,CG,AA,AG,AA,CT,GG,GT,CC,TT,AC,AA,TT,CC,AG,CG,GG,CC,GT,TT,AA,CT,CC,CC,CC,AA,TT,AC,AA,CC,CC,AA,TT,AA,AA,GG,CC,CC,GG,AA,AG,AA,CC,GG,CC,CC,AA,AA,AG,GT,GG,AC,TT,TT,GG,CC,GT,TT,TT,CC,AA,GT,TT,AA,AT,CG,CC,AA,TT,NN,CC,NN,CC,AT,GG,AG,CC,TT,CG,GG,TT,CG,AA,AA,AA,TT,CC,GG,AC,CC,CC,GG,GG,AC,GG,TT,AA,AG,CC,GT,AA,CC,AA,AA,GG,TT,TT,AA,CC,GT,AT,CC,AT,GT,AA,GG,AA,TT,AA,TT,CC,TT,AA,CC,TT,CG,AG,NN,AA,AC,TT,CT,TT,GG,TT,AC,CC,AA,GG,CC,CG,GG,CC,GG,AT,AA,CC,TT,NN,CC,CG,AA,GG,CG,AA,CG,AA,AA,CC,CC,NN,TT,AA,GG,AA,AA,AA,AA,AG,AA,AG,AA,TT,CG,AC,AG,AC,AA,TT,AA,AA,GG,GG,GG,TT,AA,AA,TT,TT,TT,AA,TT,CG,GG,NN,7.72,Moderate,High,Standard,Medium
L0551,Mandya,Karnataka,Kharif,Red Loamy,Irrigated (Cauvery command),780,27.0,72,AA,TT,GG,AG,GG,CG,GG,TT,CC,CG,AA,CT,CG,AA,TT,GG,CG,TT,TT,AG,CC,GT,GT,CT,TT,CC,TT,TT,GG,AC,CT,CT,AA,CC,GG,GG,GG,CC,GG,CC,TT,TT,AA,GT,AA,AG,TT,AT,CC,AC,GG,AA,AA,GG,CC,GT,AA,AC,GT,AA,AA,TT,AT,AA,CT,TT,CC,GG,TT,GG,AA,GG,CC,AA,AG,AA,AA,GG,GT,TT,GG,GG,GG,CC,AT,GG,AA,AA,CC,GT,CC,TT,CC,TT,TT,GG,TT,CC,GT,CC,CC,CG,GG,AA,AT,TT,CC,AA,AA,AA,CT,GG,GT,CG,TT,AA,AA,TT,CG,AA,CC,GG,NN,GT,TT,AA,CC,CC,AC,CC,AA,TT,NN,AA,CC,CC,AA,TT,AA,AT,GG,CC,CG,GG,AG,AG,AA,CC,GT,CC,CG,AA,AG,GG,TT,AG,AC,TT,CC,GG,CC,TT,TT,TT,CC,AA,GT,TT,AA,TT,GG,CC,AA,CT,CC,CC,CG,CC,AA,AG,NN,CC,TT,CG,GT,GT,GG,TT,AA,AA,TT,CC,CC,AA,CC,CC,GG,GG,CC,GG,TT,AA,AA,CG,GG,AA,CC,AA,AA,GG,TT,TT,TT,GG,GT,AA,CC,TT,TT,AA,GG,AA,CT,AA,TT,CC,CT,AA,CC,CT,CG,AG,CG,GG,CC,TT,CC,GT,NN,TT,AA,AC,AA,GT,CG,CG,GG,CC,GT,AT,AA,CC,GT,AG,CC,CC,AA,AG,CC,AT,CC,AA,AA,CC,CC,NN,TT,AG,GG,AA,AA,AC,AA,GG,AG,AG,AA,TT,NN,NN,AA,AC,AA,TT,AA,AA,GG,GG,GG,GT,AA,AA,TT,TT,TT,AA,AT,CG,GG,AA,6.47,Susceptible,Medium,Standard,Late
L0552,Mandya,Karnataka,Kharif,Red Loamy,Irrigated (Cauvery command),780,27.0,72,AA,TT,AG,AG,CG,CG,GG,TT,CC,CC,AA,CT,CG,AT,TT,GG,CG,TT,TT,AG,CC,GT,GT,CT,NN,CC,GT,TT,GG,AA,TT,CC,AA,CC,AG,GG,GG,CC,GG,CC,TT,CT,AA,TT,AG,AG,TT,TT,CC,AA,GG,AT,AA,GG,CC,TT,AA,CC,GG,NN,AG,TT,TT,AG,CT,TT,CC,GG,TT,GG,AA,GG,CC,AG,GG,AA,AA,GG,TT,TT,GG,GG,GG,CC,AT,GG,AA,AA,CC,TT,AC,TT,CC,AT,TT,GG,CT,CC,TT,CC,CC,CC,AG,AA,TT,TT,CG,AG,AG,AA,CT,GG,TT,CC,TT,AA,AA,TT,CC,AG,GG,AG,CC,GG,TT,AG,CC,CC,CC,CC,AA,TT,AC,AA,CC,NN,AA,TT,AG,AA,NN,CC,CC,GG,AA,AG,AA,CC,GG,CC,CC,AA,AA,GG,TT,GG,AC,NN,CT,AG,CC,TT,TT,TT,NN,AA,TT,TT,AA,TT,GG,CC,AG,CT,CC,CC,CG,AC,AA,GG,AG,CC,TT,CC,GG,TT,GG,TT,AA,AG,TT,AC,GG,AA,AC,CC,GG,GG,AC,GG,TT,AA,AG,CC,GG,AA,AC,AA,AT,GT,TT,TT,AA,CC,GT,AA,CC,TT,GT,AA,GG,AA,TT,AA,TT,CG,TT,AA,CC,TT,CG,AG,CC,AG,CC,TT,TT,GT,GG,TT,AC,CC,AG,GG,CC,CG,GG,CC,GG,AT,AA,CC,TT,GG,CC,CC,AT,GG,CC,AT,CC,AT,AA,CC,CG,AC,TT,AA,GG,AA,AA,AA,AA,AG,AA,AA,AA,AT,GG,AA,AA,AC,AC,CT,AA,AA,GG,GG,GG,TT,AA,AA,TT,TT,TT,GG,TT,GG,GG,AA,7.73,Susceptible,Medium,Poor,Medium
L0553,Mandya,Karnataka,Kharif,Red Loamy,Irrigated (Cauvery command),780,27.0,72,AC,CT,GG,AA,CG,CC,GG,TT,CC,CG,AA,CC,CC,TT,TT,GG,CG,TT,TT,AA,CC,GT,GT,CT,TT,CC,TT,TT,GG,AA,TT,CT,AA,AC,GG,GG,GG,CC,GG,CC,TT,TT,AA,TT,AG,AG,TT,AT,CC,AC,GG,AA,AA,GG,CT,TT,AA,AA,TT,CC,AA,TT,NN,AG,TT,AT,CC,GG,CT,GT,AG,GT,CC,AG,GG,AA,AT,GG,TT,TT,GG,GG,GG,CC,AA,GG,AA,AT,CC,GG,CC,TT,CT,TT,TT,AG,CT,CC,TT,CC,CC,CC,AA,AA,TT,TT,CC,AA,AG,AA,CT,GG,TT,CC,TT,AA,AA,TT,CG,AG,CC,GG,CC,GG,TT,AA,CC,CC,CC,CC,AA,TT,CC,AA,CC,CC,AA,TT,AA,AA,GG,CT,CC,GG,AA,AA,AA,CC,GG,CC,CC,AA,AG,GG,GT,GG,CC,NN,CT,AG,CC,GT,GT,TT,CG,AA,GT,TT,AT,AT,CG,CC,GG,CT,AC,CC,GG,AC,AA,GG,AG,NN,TT,NN,GG,TT,GG,AT,AA,AG,TT,CC,GG,AA,AC,NN,GG,AG,AC,GG,CT,AA,AG,CC,GT,TT,CC,AT,AT,GG,TT,AT,AA,GG,TT,TT,CC,TT,GT,AA,GG,AA,CT,AA,TT,CC,TT,AC,CC,TT,CG,AA,CC,AA,CC,TT,TT,TT,GG,TT,AA,AC,AA,GG,CC,CG,GG,CC,GG,TT,GG,CG,GT,GG,CC,CC,AT,GG,GG,AT,CC,AA,AA,CC,CG,AC,TT,AG,GG,AA,AA,AC,AC,AA,AG,AA,AA,AT,CG,CC,AA,CC,AA,CT,AA,AA,CG,GG,GG,GT,AA,AA,TT,TT,TT,AA,NN,GG,CG,AA,9.32,Susceptible,High,Premium,Medium
L0554,Mandya,Karnataka,Kharif,Red Loamy,Irrigated (Cauvery command),780,27.0,72,NN,CT,GG,AA,GG,CC,GG,TT,CC,CC,AA,CT,CC,TT,TT,GG,CG,TT,TT,AA,CG,TT,GT,CC,TT,CC,GT,TT,GG,AA,TT,CC,AA,CC,AG,GG,GG,GG,GG,CC,TT,CT,AA,TT,AG,AG,TT,TT,CC,AA,GT,AA,AA,GG,CC,TT,AT,AC,GG,AC,GG,GT,TT,AG,TT,AT,NN,GG,CT,GG,AA,GG,CC,AA,GG,AA,AT,GG,TT,TT,GG,GT,GG,CC,AA,GG,AA,AT,CC,TT,CC,TT,CC,TT,GT,GG,TT,NN,GT,CC,CT,CG,AG,AA,TT,TT,CC,AA,AG,AA,CT,GT,TT,CC,GT,AA,AA,TT,CC,GG,CC,GG,CC,GG,TT,AA,CC,NN,CC,CC,AA,TT,CC,AA,CC,CT,AA,AT,AA,AA,CG,CC,CG,GG,AA,AG,AA,CC,GG,CG,CC,AG,AA,AG,TT,GG,AC,GT,TT,AG,AC,TT,GT,TT,CC,AT,TT,TT,AA,TT,NN,CC,AG,CT,CC,CC,CG,CC,AA,GG,AA,CC,TT,CG,GT,TT,GG,TT,NN,AA,TT,CC,CG,AC,AC,CC,GG,GG,CC,GG,TT,AC,AA,CC,GT,AA,AC,AA,NN,TT,GT,TT,AT,GG,GT,AA,CG,AT,TT,AA,GG,AA,CT,AA,TT,CC,CT,AC,CC,TT,GG,AG,CG,AG,CC,TT,CT,GT,GG,TT,CC,AA,AA,GT,CC,CC,GG,CC,GG,TT,AA,CC,TT,GG,CC,CG,AA,GG,CC,AT,CC,AA,AG,AC,CG,AC,TT,AA,GG,AA,AA,AC,AA,GG,AG,AA,AA,TT,GG,AA,GG,AC,AC,CT,AA,AA,GG,GG,GG,TT,AA,AA,GG,TT,TT,AA,AT,CG,CG,AA,6.78,Susceptible,High,Poor,Early
L0555,Mandya,Karnataka,Kharif,Red Loamy,Irrigated (Cauvery command),780,27.0,72,AA,TT,AG,AG,NN,CC,GG,AT,CC,CG,AA,CC,CC,TT,GT,GT,GG,TT,TT,AG,CC,GT,TT,CT,TT,CC,TT,TT,GG,AA,TT,CT,AA,CC,GG,GG,GG,CG,GG,CC,TT,TT,AA,TT,AA,AG,TT,AT,CC,AA,GT,AA,AA,GG,TT,GT,AA,CC,GT,AC,AA,GT,AT,AA,TT,TT,CC,GT,TT,GT,AA,GG,NN,AA,GG,AA,AT,GG,TT,TT,GG,GG,GG,CC,AA,GG,AA,AT,CC,GT,CC,GT,CC,TT,TT,GG,TT,AC,TT,CC,CC,CG,GG,AA,TT,TT,CC,AA,AG,AC,CT,GG,TT,CG,GT,AA,AA,TT,CC,GG,CC,GG,CT,GT,TT,AG,CC,CC,CC,CC,AA,TT,CC,AA,CC,CT,AA,TT,AA,AA,GG,CT,CC,AG,AA,GG,AA,CC,GG,CC,CC,AG,AG,GG,TT,GG,CC,TT,CT,GG,CC,GT,TT,TT,CG,NN,GT,TT,AA,AT,GG,CC,AA,CC,AC,CC,CG,CC,AA,GG,AG,CC,TT,CG,GT,GT,CG,TT,AA,AA,TT,AC,CG,AA,AA,CC,GG,GG,NN,GG,TT,AC,AG,CG,GG,AA,CC,AT,AA,GT,TT,AT,AA,GG,GT,AT,CC,AT,TT,AA,GG,AA,TT,AA,TT,CC,CC,AA,CC,TT,CC,AA,CC,GG,CC,TT,CT,TT,GG,TT,AA,CC,AG,GG,CC,CG,GG,CC,GG,TT,AA,CC,GT,GG,CC,NN,AA,GG,CC,AA,CC,AT,AA,CC,CG,CC,TT,AA,GG,AA,AA,AA,AA,AG,NN,AG,AA,AA,GG,AC,AA,AC,AA,TT,AA,AA,GG,GG,GG,GT,AT,AA,GT,TT,TT,AG,TT,GG,GG,AA,5.69,Susceptible,Low,Poor,Medium
L0556,Mandya,Karnataka,Kharif,Red Loamy,Irrigated (Cauvery command),780,27.0,72,AC,CT,GG,AG,GG,CC,GG,TT,CC,CG,AA,CT,CG,AT,TT,GG,GG,TT,TT,AA,CC,TT,GT,CT,TT,CC,TT,TT,GT,AA,TT,CC,AA,CC,AG,GG,GG,CG,GG,CC,NN,TT,AA,TT,AA,AG,TT,TT,CG,CC,GT,AA,AA,GG,CC,TT,AA,AA,GT,AA,AA,TT,AT,AA,TT,AT,CC,GG,TT,GG,AA,GG,CC,AA,AG,AA,AA,GG,TT,TT,AG,GG,GG,CC,AA,GG,AA,AT,CC,TT,CC,TT,CT,AT,TT,GG,TT,CC,GT,CC,CT,CG,GG,NN,TT,TT,CC,AA,AA,AA,CT,GG,TT,CC,GT,AA,AC,TT,CC,AG,CC,GG,CC,GT,NN,AA,CC,CC,CC,CC,AA,NN,CC,AC,CC,CT,AA,TT,AA,AA,GG,CC,CC,GG,AG,GG,AA,CC,GT,CC,CC,AA,AA,GG,TT,GG,AC,TT,CT,GG,NN,TT,TT,TT,CG,AA,TT,CT,AA,TT,GG,CC,AG,CT,CC,AC,CG,AC,AA,AG,AA,CC,TT,CC,GG,TT,GG,AT,AA,AG,TT,CC,CG,AA,CC,CC,CG,GG,AA,GG,TT,AC,AA,CC,GG,AT,CC,AA,AA,GT,TT,TT,AA,GG,GT,AT,CG,TT,TT,AA,GG,AA,TT,AC,TT,CC,TT,AA,CC,TT,CG,GG,CC,AG,AC,TT,CC,GT,GG,TT,AC,CC,AA,GG,CC,CG,GG,CG,GG,AT,AG,CG,TT,GG,CC,CC,AT,GG,CG,AA,CG,AA,AA,AA,CC,AC,TT,AA,GG,AA,AC,AC,AA,GG,AG,AA,AA,TT,GG,NN,AG,CC,CC,NN,AG,AA,GG,GG,GG,TT,AA,AA,TT,TT,TT,AG,TT,GG,GG,AA,6.24,Moderate,Medium,Poor,Late
L0557,Mandya,Karnataka,Kharif,Red Loamy,Irrigated (Cauvery command),780,27.0,72,AC,TT,GG,AA,GG,CC,GG,TT,CG,CG,AA,CC,CC,TT,TT,GT,GG,TT,TT,AA,CG,GG,GT,CC,TT,CC,GT,TT,GG,AA,TT,CC,AA,CC,GG,GG,GG,CG,GG,AC,TT,CT,AA,TT,AG,NN,TT,TT,CC,AC,GG,AA,AG,GG,CC,TT,AA,AC,GT,AA,AA,TT,AT,AA,TT,AA,CC,GG,TT,GT,AG,GG,CC,AA,GG,CC,AA,GG,TT,TT,GG,GT,GG,CC,AA,GG,AG,AA,CC,GT,AC,TT,CC,AT,GT,GG,TT,CC,TT,CC,CC,CC,GG,AA,TT,TT,GG,AA,GG,AA,CT,GG,TT,CC,TT,AC,AA,TT,CC,GG,CC,AG,CC,GG,NN,AA,CC,CC,AC,CC,AA,GT,CC,AA,CC,CT,AA,TT,AA,AA,GG,CC,CC,GG,AA,NN,AA,CC,GG,CC,CC,AG,AG,GG,GT,GG,AA,GT,CT,GG,AC,TT,TT,TT,CG,AT,GT,CT,AA,AT,CG,CC,AG,CC,AC,CC,GG,AC,AA,GG,AA,CC,TT,CC,GT,GT,GG,AA,AA,AA,TT,AC,NN,AA,CC,CC,GG,GG,AA,GG,TT,AA,AA,CC,GT,AT,AC,AA,AT,GT,TT,AT,AA,GG,GG,AT,CG,AT,TT,AA,GG,AA,TT,AA,TT,NN,TT,AC,CC,TT,CG,AG,CC,AG,CC,TT,TT,TT,GG,TT,AA,AC,AA,GG,CC,CC,GG,CC,GG,TT,AA,NN,GT,GG,CG,CG,AA,AG,CC,AA,CC,AA,AG,AC,CC,AC,TT,AA,GG,AA,AC,AC,AC,GG,AA,AA,NN,TT,GG,AC,AG,AC,AA,CT,AA,AA,CG,GG,GG,TT,NN,AA,TT,TT,TT,AA,AT,GG,GG,AA,3.81,Susceptible,Low,Poor,Late
L0558,Mandya,Karnataka,Kharif,Red Loamy,Irrigated (Cauvery command),780,27.0,72,AA,TT,GG,AA,GG,CC,GT,AT,CC,CC,AA,NN,CG,AT,TT,TT,GG,TT,TT,AG,CC,TT,GT,CT,TT,CC,TT,TT,GG,AA,TT,CC,AA,CC,GG,GG,GG,CG,GG,CC,TT,CT,AA,TT,AA,AA,TT,AT,CC,AA,GT,AA,AA,CG,CC,TT,AA,AA,GT,AA,AA,TT,TT,AA,TT,TT,CC,GT,NN,GG,GG,GG,CC,AA,GG,AA,AT,GG,TT,TT,GG,GT,GT,CC,AT,GG,AA,AA,CC,GT,CC,TT,CT,TT,TT,GG,TT,AC,GG,CC,CC,CG,AA,AG,TT,GT,CC,AA,AA,AA,CT,GG,GT,CG,GT,AC,AA,TT,CC,GG,CC,GG,CC,GG,TT,AG,CC,CC,AC,CC,AA,TT,CC,AA,CC,NN,AA,TT,AA,AA,GG,CC,CC,GG,AA,AG,AA,CC,GG,CC,CC,AA,AA,AG,GG,GG,AA,GG,CT,AG,AC,NN,GT,TT,CC,AA,GT,CT,AA,TT,GG,CC,AA,CT,CC,AC,CG,CC,AA,GG,AG,NN,NN,CC,GG,TT,GG,AT,AA,AA,GT,AC,GG,AA,CC,CC,GG,GG,AA,GG,TT,NN,AA,CC,GG,AA,AC,AT,AA,GG,TT,AT,AA,GG,TT,AA,CC,TT,GT,AA,GG,AA,TT,AA,TT,CC,CT,AA,CC,TT,CG,GG,CC,GG,CC,AT,CT,TT,GG,TT,AA,CC,AA,GG,CC,CC,GG,CC,GG,AT,AA,CC,GT,AG,CC,CC,AT,GG,CC,AA,CC,AT,AA,CC,CG,AC,TT,AA,GG,AA,CC,AC,AA,GG,AG,AA,AA,TT,GG,AA,AG,AC,AA,TT,AA,AG,GG,AG,GG,TT,AA,AG,TT,TT,TT,AG,TT,GG,GG,AA,6.83,Moderate,Low,Poor,Early
L0559,Mandya,Karnataka,Kharif,Red Loamy,Irrigated (Cauvery command),780,27.0,72,AC,TT,GG,AG,GG,CC,GT,AT,CC,CC,AA,CC,CC,TT,TT,GG,GG,TT,TT,AA,CG,GT,GT,CC,TT,CT,TT,AT,GG,AA,TT,CC,AA,NN,GG,CG,GG,CG,GG,CC,TT,CT,AA,TT,AA,AG,TT,TT,CC,CC,GG,AA,AA,GG,CT,GT,AA,AC,TT,AC,AG,TT,TT,AG,TT,TT,CC,GG,TT,GG,AA,GG,CC,AA,GG,AC,AT,GG,TT,TT,GG,GG,GG,CC,AT,GG,AA,AT,CC,TT,AA,TT,CT,TT,TT,GG,TT,CC,TT,CT,CC,CG,GG,AA,TT,TT,CC,AA,GG,AA,CC,GG,GT,CC,GT,AA,AA,TT,CC,GG,CC,GG,CC,GG,CC,AA,CC,CC,CC,CC,AA,TT,CC,AA,CC,CC,AG,TT,AG,AA,GG,CC,CG,GG,AA,GG,AA,AC,GT,CC,CC,AA,AA,GG,TT,GG,AC,TT,TT,GG,CC,GT,GT,CT,CC,AT,GG,CT,AA,TT,GG,CC,GG,CT,AC,AC,GG,CC,AT,AG,AG,CC,TT,CC,GG,GT,CG,AA,AA,AA,TT,CC,CG,AA,CC,CC,GG,GG,CC,GG,TT,AA,AA,CC,GG,AA,AC,AA,AT,GG,GT,TT,AA,CG,GG,AA,CG,TT,GT,AA,GG,AA,TT,AA,TT,CC,TT,AA,CC,TT,CG,GG,CC,AA,CC,TT,TT,GT,GG,TT,AC,AC,AG,GG,CC,GG,GG,CC,GG,NN,AA,CC,GT,GG,CG,CG,AA,GG,CC,AT,CC,AA,AA,AC,CG,CC,TT,AG,GG,AA,AA,AA,AC,AG,AG,AA,AA,TT,CG,AC,AA,AC,AC,CT,AG,AA,GG,GG,GG,TT,AA,AA,GT,TT,TT,AA,TT,GG,GG,AA,7.81,Susceptible,Low,Standard,Early
L0560,Mandya,Karnataka,Kharif,Red Loamy,Irrigated (Cauvery command),780,27.0,72,CC,TT,AG,AG,CG,CC,NN,AT,CC,CG,AA,CT,CG,TT,TT,GG,CG,TT,TT,AA,CC,TT,GT,CC,TT,CC,GT,TT,GG,AA,TT,CC,AA,CC,GG,CG,GG,CC,GG,AC,TT,CT,AA,GT,AG,GG,TT,TT,CC,CC,GG,AA,AA,GG,CC,GT,AA,AA,GT,AA,AA,GT,AT,AA,CT,TT,CC,GG,TT,GG,AG,GG,CC,AA,GG,AA,AA,GG,GT,TT,GG,GG,GT,CC,AA,GG,AA,AA,CC,TT,AC,TT,CC,AT,TT,AG,TT,CC,GT,CC,CC,CC,GG,AA,TT,GT,CC,AA,AG,AA,CC,GG,TT,CC,TT,AC,AA,TT,CG,AA,CC,GG,CC,GT,CT,AG,CC,CC,CC,CC,AA,TT,CC,AA,CC,CC,AA,TT,AA,AA,CG,CC,CC,GG,AG,AG,AA,CC,GG,CC,CC,AA,AG,AG,TT,GG,NN,TT,TT,GG,AA,TT,GT,TT,CG,AT,TT,TT,NN,AT,GG,CC,AG,CC,CC,CC,GG,CC,AA,GG,AA,CC,TT,GG,TT,TT,GG,TT,AA,AG,TT,AC,GG,AC,CC,CC,GG,GG,AC,GG,TT,AC,AA,CC,GG,AA,AC,AA,AT,GG,GT,AT,AA,GG,GG,AT,CC,AT,TT,AA,GG,AG,CT,AA,TT,NN,TT,AC,CC,CC,CG,AA,CC,AG,CC,AA,CT,TT,GG,TT,AA,AC,NN,GG,CC,CG,GG,CC,GG,AT,AA,CG,NN,GG,CC,CG,AA,NN,CG,AA,CC,AA,AA,AC,CG,CC,TT,AA,GG,AA,AC,AA,AA,GG,AG,AA,AA,TT,GG,AA,AG,AC,AC,CC,AA,AA,CG,GG,CG,TT,AA,AA,TT,TT,TT,AA,NN,GG,GG,AC,5.21,Resistant,Low,Poor,Medium
L0561,Mandya,Karnataka,Kharif,Red Loamy,Irrigated (Cauvery command),780,27.0,72,AC,CT,GG,GG,CG,CC,GG,TT,CC,CC,AT,CC,GG,TT,TT,NN,GG,TT,TT,AA,CG,GT,GT,CC,TT,CC,GT,TT,GT,AA,TT,CT,AA,CC,GG,GG,GG,CC,GG,CC,TT,CT,AA,TT,GG,AG,TT,TT,CC,CC,GG,AA,AG,GG,NN,TT,AA,AA,GG,AA,AA,TT,TT,AG,TT,TT,CC,NN,CT,GG,AG,GG,CC,AA,GG,AC,AT,GG,TT,TT,GG,GT,GG,CC,AT,GG,AA,AA,CC,TT,NN,TT,CC,TT,GT,GG,TT,CC,GT,CC,CC,CG,AG,AA,TT,TT,CC,AA,AA,AC,CC,GG,TT,CG,TT,AA,AA,TT,CC,AG,CC,GG,CT,GG,TT,AA,CC,CC,CC,CC,AA,TT,CC,AA,CC,CC,AA,AT,AA,AA,GG,CC,CC,AG,AA,AA,AA,CC,GG,CC,CG,AG,AG,GG,TT,AG,AC,TT,CT,GG,CC,TT,GG,TT,CC,AA,TT,CT,AA,AT,CG,CC,AG,CT,CC,CC,CC,CC,AA,GG,AG,CC,TT,CG,GT,TT,GG,AT,AA,NN,TT,CC,GG,AC,AC,CC,GG,GG,AA,GG,TT,AC,AA,CC,GT,AT,CC,NN,AA,GG,TT,TT,AT,GG,GG,AA,CC,TT,GT,AA,GG,AA,CT,AA,TT,CC,CT,AA,AC,TT,GG,AG,CC,AA,CC,AT,TT,GT,GG,TT,AA,AC,AG,GG,CC,CC,GG,CG,GG,AT,AA,GG,TT,GG,CC,CC,AA,NN,CC,AA,CC,AT,AA,CC,CC,AA,TT,AA,GG,AA,AA,AC,AA,GG,AA,AA,AA,AT,GG,AA,AG,AA,AA,CT,AA,AG,GG,GG,GG,TT,AA,AG,TT,TT,NN,AA,TT,GG,GG,AA,7.7,Susceptible,Medium,Premium,Medium
L0562,Mandya,Karnataka,Kharif,Red Loamy,Irrigated (Cauvery command),780,27.0,72,CC,TT,GG,AG,GG,CC,GT,TT,CC,CC,AA,CC,CC,AT,TT,GG,GG,TT,TT,AA,NN,TT,TT,CC,TT,CC,GT,TT,GT,AA,TT,CT,AA,CC,GG,CG,GG,CG,GG,CC,TT,TT,AC,TT,AA,GG,CT,AT,CC,AA,GG,AA,AA,GG,CC,TT,AA,NN,TT,AC,AA,TT,TT,AG,TT,AT,CC,GG,TT,GT,AA,GG,CC,AA,GG,AA,AT,GG,TT,TT,GG,GG,GT,CC,AT,GG,AA,AA,CC,GT,CC,TT,CC,TT,NN,GG,TT,CC,GT,TT,NN,CC,AA,AA,TT,GT,CC,AA,AG,AA,CT,GG,NN,CC,TT,NN,AA,TT,CC,GG,CG,GG,CC,GG,TT,AA,CC,CC,NN,CC,AA,TT,CC,AC,CC,CC,AA,TT,AA,AT,GG,CC,CC,GG,AA,AG,AA,CC,GG,CC,CC,AA,AG,AG,NN,AG,AA,TT,TT,GG,AC,TT,TT,TT,CG,AA,GG,CT,AT,TT,GG,CG,AG,TT,AC,CC,GG,CC,AA,GG,GG,CC,TT,CC,TT,GT,CG,TT,AA,AA,TT,AA,GG,AA,CC,CC,GG,GG,AA,GG,TT,AC,AA,CG,GG,AA,AA,AA,AA,TT,TT,AT,AT,GG,GG,AT,CC,AT,GT,AA,GG,AA,CT,AA,TT,CC,TT,AA,CC,CC,GG,AA,CC,AG,CC,TT,TT,GG,GG,TT,AC,CC,AG,GG,CC,CG,GG,CC,GG,AT,AA,CC,TT,AG,CC,CG,AA,AG,CC,AA,CC,AA,AA,AA,CG,AA,TT,AG,GG,AA,AA,AA,AA,AG,AA,AA,AA,AT,CG,AC,AA,CC,AC,TT,AG,AA,GG,GG,GG,TT,AT,AG,GT,NN,TT,AG,TT,GG,GG,AA,7.6,Susceptible,High,Standard,Late
L0563,Mandya,Karnataka,Kharif,Red Loamy,Irrigated (Cauvery command),780,27.0,72,AC,TT,GG,AG,GG,CG,GG,AT,CC,CC,AA,CT,CC,TT,TT,GG,GG,TT,TT,GG,CC,GT,GT,CC,TT,CC,TT,TT,GG,AA,TT,CC,AA,CC,AG,GG,GG,GG,GG,CC,TT,CT,AA,GT,AA,AG,TT,AT,CC,AA,GT,AA,AA,GG,CC,TT,AT,AA,GG,CC,AA,NN,AA,AA,TT,TT,CT,GT,TT,GG,AA,GG,CC,AA,AG,CC,AA,GG,GT,TT,GG,GG,GT,CC,AA,GG,AA,AT,CC,GG,CC,TT,CT,TT,GG,GG,TT,CC,GT,CC,CT,CC,NN,AA,TT,TT,CG,AA,AA,AA,CT,GG,TT,CC,GT,AA,AA,TT,CC,AG,CG,AG,CC,GT,TT,AA,CC,CC,CC,CC,AA,TT,CC,NN,CC,CC,AA,TT,AA,AA,GG,CC,CG,GG,AA,AA,AA,CC,GT,CC,CC,AA,AA,GG,TT,GG,AA,TT,TT,GG,CC,TT,GT,TT,CG,AA,TT,TT,AA,TT,GG,CC,AA,CT,CC,CC,GG,CC,AA,GG,AG,CC,TT,CC,GG,TT,CG,AT,AA,AA,TT,AC,GG,AA,AC,GG,GG,GG,AA,GG,TT,AC,AA,CC,GG,AA,CC,AT,AA,GT,GT,TT,AA,CG,GT,AT,CG,TT,TT,AA,GG,AA,CC,AA,TT,CC,TT,AA,CC,TT,GG,AA,CG,AG,CC,TT,TT,GT,GG,AT,AC,AC,AA,GT,CC,CC,GG,CC,GT,TT,AA,CC,GT,GG,CC,CC,AA,GG,GG,AA,CG,AA,AA,CC,CG,CC,AT,AA,GG,AA,AA,AC,AA,AG,AG,AA,AA,TT,GG,AA,AA,CC,AC,TT,AA,AA,GG,GG,GG,TT,AT,AA,TT,TT,TT,AG,TT,GG,GG,AA,4.92,Susceptible,Low,Premium,Early
L0564,Mandya,Karnataka,Kharif,Red Loamy,Irrigated (Cauvery command),780,27.0,72,AA,TT,AG,AG,GG,CC,GT,TT,CC,CG,AA,CC,CC,TT,GT,GG,GG,TT,TT,AA,CC,GT,TT,CC,AA,CC,TT,AT,GG,AA,TT,CC,AA,CC,GG,CG,GG,CG,GG,CC,TT,TT,AA,TT,AG,GG,TT,TT,NN,AA,GT,AA,AA,GG,CC,TT,AT,AC,GT,AA,AA,TT,TT,AG,TT,TT,CT,GG,TT,GT,AA,GG,CC,AA,GG,AA,AT,AA,TT,TT,GG,GG,GG,CC,AA,GG,AA,AT,CC,GT,AC,TT,CC,TT,TT,GG,TT,NN,GT,CC,CC,CG,GG,AA,TT,TT,CC,AG,AA,AA,CC,GG,TT,CC,TT,AA,AA,TT,CC,GG,CC,AG,CC,GT,TT,GG,CC,CC,CC,CC,AA,GT,CC,AA,CC,CC,AA,TT,AA,AA,GG,CC,CC,GG,AA,AG,AA,CC,GG,CC,CC,AA,AA,AG,TT,GG,AA,TT,TT,AG,AA,TT,GT,CC,CC,TT,GT,CT,AA,TT,GG,CC,AG,CT,CC,CC,GG,CC,AA,GG,AA,CC,TT,CC,GT,TT,CG,AT,AA,AA,TT,CC,GG,AA,AC,CC,GG,GG,AC,GG,TT,AC,AA,CC,GG,AA,CC,AA,AA,GT,TT,AT,TT,GG,TT,AT,CC,TT,TT,AA,GG,AA,CT,AA,TT,CC,TT,AC,CC,TT,CG,AA,CC,AG,CC,TT,CT,TT,GG,TT,NN,AC,AA,GG,CC,CC,GG,CC,GG,TT,AA,NN,TT,GG,CG,CG,AA,GG,CC,AA,CC,AA,AA,AC,CG,AC,TT,AA,GG,AA,AA,AA,AC,GG,AG,AG,AG,AT,GG,AC,AA,AC,AC,CT,AG,AA,GG,GG,GG,TT,AA,AA,GT,TT,TT,AG,AT,GG,GG,AA,7.0,Susceptible,High,Poor,Early
L0565,Mandya,Karnataka,Kharif,Red Loamy,Irrigated (Cauvery command),780,27.0,72,AC,TT,GG,AA,GG,CC,GG,TT,CC,CC,AA,CT,CG,TT,GT,GG,CG,TT,TT,AA,CC,TT,TT,CC,TT,CT,TT,TT,GT,AA,CT,CC,AA,CC,GG,GG,GG,GG,GG,CC,GT,TT,AA,TT,AA,GG,TT,TT,CC,AC,GG,AA,NN,GG,CC,TT,AA,AA,GT,AA,AA,GT,TT,AA,TT,AT,CC,GG,TT,GT,AG,GG,CC,AA,AG,AA,AT,GG,TT,TT,AG,GT,GT,CC,AA,GG,AA,AA,CC,GG,CC,TT,CC,TT,GT,AG,CT,CC,TT,CC,TT,CC,AA,AA,TT,TT,CC,AA,GG,AC,CC,GG,TT,CC,TT,AA,AA,TT,CC,AG,CG,AG,CC,GG,TT,AA,CC,CC,CC,CC,AA,GT,NN,AA,CC,CC,AA,TT,AA,AT,GG,CC,CC,GG,AA,AG,AA,CC,GG,CG,CC,AA,GG,GG,TT,GG,AC,TT,CT,GG,CC,TT,TT,TT,CC,AA,TT,TT,AT,TT,GG,CC,AA,TT,CC,CC,GG,CC,AA,GG,AG,CC,TT,CC,GT,TT,GG,AA,AA,AA,TT,CC,GG,AA,CC,CC,GG,GG,AC,GG,TT,AA,AA,CC,GG,AT,CC,AA,AA,GG,TT,TT,AT,GG,GG,AA,CC,AT,GT,AA,GG,AA,CT,AA,TT,NN,CT,AC,CC,TT,CG,AA,CC,GG,CC,TT,CC,TT,GG,TT,AA,CC,AG,GG,CC,GG,GG,CC,GG,AT,AA,CC,TT,GG,CC,CC,AA,GG,CG,AA,NN,AA,AA,AA,CG,CC,TT,AA,GG,AA,AA,AA,AA,AG,GG,AG,AG,TT,CG,CC,AG,CC,AA,CT,AA,AA,GG,GG,GG,TT,AA,AG,TT,TT,TT,AA,AT,GG,GG,AA,7.31,Moderate,High,Premium,Medium
L0566,Mandya,Karnataka,Kharif,Red Loamy,Irrigated (Cauvery command),780,27.0,72,AC,TT,AG,AG,CG,CG,GG,AA,CC,CG,AA,CC,CC,TT,TT,GG,CG,TT,NN,AA,CC,GT,GT,CC,TT,CC,TT,TT,GG,AA,TT,CT,AA,CC,GG,GG,GG,CG,GG,CC,TT,CC,AA,GT,NN,GG,TT,TT,CC,AC,GG,AT,AA,GG,CC,TT,AA,AC,GG,AC,AA,GT,TT,AA,TT,TT,CC,GG,TT,GG,AA,GG,CC,AA,AG,CC,AA,GG,TT,TT,NN,GG,GG,CC,AA,GG,AA,AA,CC,GT,CC,TT,TT,TT,GT,GG,TT,CC,TT,CT,CC,CC,GG,AA,TT,TT,CC,AA,AA,CC,CC,GG,TT,CC,NN,AA,AA,TT,CC,GG,CG,GG,CC,GT,TT,AA,TT,CC,CC,CC,AA,GT,CC,AA,CC,CC,AG,TT,AA,NN,GG,CT,CC,GG,AA,GG,AA,CC,GG,CC,CG,AA,AA,GG,TT,GG,AC,GT,TT,GG,AA,TT,GT,TT,CC,AA,TT,TT,TT,TT,GG,CC,AA,CT,CC,AC,GG,NN,AA,GG,AG,CC,TT,CC,GT,TT,GG,AA,AA,AA,NN,CC,GG,AC,CC,CC,GG,GG,AC,GG,TT,AA,AG,CC,GG,AA,AC,AA,AA,GG,GT,AT,AT,GG,TT,TT,CC,TT,TT,AA,GG,AA,CT,AA,TT,CG,CT,AC,CC,NN,GG,AA,CC,AG,CC,TT,TT,TT,GG,TT,AC,CC,AA,GG,CC,GG,GG,CC,GG,AT,AG,CG,GT,GG,CC,CC,AT,AG,CC,AT,CG,AA,AA,CC,CG,CC,TT,AA,GG,AT,AA,AC,AA,AG,AA,AA,AA,TT,GG,AA,AG,AC,AA,CT,AA,AA,GG,GG,CG,TT,AA,AA,TT,TT,TT,AA,TT,GG,GG,NN,9.49,Moderate,High,Poor,Early
L0567,Mandya,Karnataka,Kharif,Red Loamy,Irrigated (Cauvery command),780,27.0,72,CC,TT,AG,AG,GG,CC,GG,TT,CG,NN,AA,CC,CG,AT,NN,GG,CG,TT,TT,AA,CG,GT,GT,CC,TT,CC,GT,TT,GG,AA,TT,CT,AG,CC,GG,GG,GG,CC,GG,CC,TT,CT,AA,TT,AA,AG,TT,TT,CG,CC,GG,TT,AA,CG,CT,TT,AT,AA,GG,AA,AA,TT,TT,AA,TT,TT,CC,GG,TT,GT,AA,GG,CC,AA,AA,AA,AT,GG,TT,TT,GG,GT,GT,CC,AA,GG,AG,AA,CC,TT,CC,TT,CT,TT,TT,GG,TT,CC,TT,CC,CC,GG,GG,AA,TT,TT,CC,AA,GG,AA,CC,GG,TT,CC,TT,AC,AA,TT,CC,GG,CG,GG,CC,GG,CC,AA,CC,CC,CC,CC,AA,TT,CC,AA,CC,CC,AA,TT,AA,AT,GG,CT,CC,GG,AA,AG,AA,CC,GT,CG,CC,AA,AA,AG,TT,GG,AC,GT,TT,AG,CC,GT,TT,TT,CC,AA,TT,TT,AA,TT,CG,CC,AG,CC,CC,CC,CG,CC,AA,GG,AG,CC,TT,CC,TT,TT,GG,AA,AA,AG,TT,CC,CG,AA,CC,CG,GG,GG,AA,GG,TT,AA,AA,CC,GG,AA,CC,AA,AA,GT,TT,TT,AT,GG,GT,AA,CG,AT,TT,AT,GG,AG,CT,AA,TT,CC,TT,AC,CC,TT,GG,GG,CG,AA,AC,TT,TT,TT,GG,TT,AA,AC,AA,GG,CC,CG,GG,CC,GG,AT,AA,CC,TT,GG,CC,CG,AA,GG,CC,AA,CG,AA,AA,AC,CG,AC,TT,AA,GG,AA,AC,AA,AA,GG,AG,GG,AA,TT,GG,AC,AA,AC,AA,CT,AA,AA,GG,GG,GG,GT,AA,AA,TT,TT,TT,GG,AT,GG,GG,AA,5.97,Susceptible,Low,Standard,Medium
L0568,Mandya,Karnataka,Kharif,Red Loamy,Irrigated (Cauvery command),780,27.0,72,AC,TT,GG,AA,GG,CC,GT,AT,CC,CG,AA,CC,CC,TT,GT,NN,CG,TT,TT,AA,CC,TT,GT,CC,TT,CC,TT,AT,GT,AA,TT,CC,AA,CC,GG,GG,GG,CG,GG,CC,TT,CT,AA,TT,AA,AA,TT,TT,CC,NN,GG,AA,AA,GG,CC,TT,AA,AC,TT,AC,AA,TT,TT,AA,TT,AT,CC,GG,TT,GG,AA,GG,CC,NN,GG,AA,NN,GG,TT,TT,GG,GG,GG,CC,AA,GG,AA,AT,CC,TT,AC,TT,CC,TT,TT,GG,TT,CC,TT,CT,CC,CC,AG,AA,AT,TT,CC,AA,GG,AA,CT,GG,TT,CC,TT,AC,AA,TT,CC,AG,CC,AG,CC,GG,TT,AA,CC,CC,CC,CC,AA,TT,CC,AA,CC,CC,AA,NN,AA,AA,GG,CC,CC,GG,AG,AA,AT,CC,GG,CC,CC,AA,AA,GG,TT,GG,AA,NN,TT,GG,NN,TT,GT,TT,CC,TT,GT,TT,AA,TT,GG,CC,AA,CC,CC,CC,GG,CC,AA,GG,AG,CC,TT,CG,GT,NN,GG,AA,AA,AA,TT,CC,GG,AA,CC,CC,GG,GG,AA,GG,TT,AA,AA,CC,GG,AA,CC,AA,AA,GG,TT,TT,AT,GG,GG,AA,CG,AT,TT,AA,GG,AA,CT,AA,TT,CC,TT,AC,CC,TT,CG,AG,CC,AA,CC,TT,TT,GT,GG,TT,AA,AC,NN,GG,CC,CC,GG,CC,GG,AA,AA,CC,GT,GG,CC,CG,AA,AG,CG,AA,CC,AA,AA,CC,CC,AC,TT,AA,GG,AA,AA,AA,AA,AG,AA,AA,AA,TT,GG,AA,AA,AC,AA,TT,AA,AA,GG,GG,NN,GT,AT,AG,TT,TT,TT,AG,TT,GG,GG,AA,7.92,Susceptible,Medium,Poor,Medium
L0569,Mandya,Karnataka,Kharif,Red Loamy,Irrigated (Cauvery command),780,27.0,72,AA,TT,AG,GG,GG,CC,GT,AT,CC,CC,AA,CC,CC,TT,TT,GG,GG,TT,TT,AA,CC,TT,GT,CT,TT,CC,TT,TT,GG,AA,TT,CC,AA,CC,GG,GG,GG,CG,GG,CC,TT,TT,AA,TT,AA,GG,TT,TT,CC,AA,GT,AA,AG,GG,CC,NN,NN,AA,GG,CC,AA,TT,NN,GG,TT,AA,CC,GG,CT,GG,AA,GG,CC,AA,NN,AA,AT,GG,TT,TT,AG,NN,GG,CC,AA,GG,AA,AA,CC,GT,CC,TT,CT,TT,TT,GG,CT,CC,GT,CT,CC,CG,GG,AA,TT,TT,CC,AA,AA,AA,CC,GG,TT,CG,TT,AA,AA,AT,CG,AG,CC,GG,CC,TT,CT,AG,CC,CC,CC,CC,AG,TT,CC,AA,CC,CC,AA,AT,AA,AA,GG,CC,NN,GG,AA,AG,AA,CC,GG,CC,CC,AA,AG,GG,GT,GG,AA,TT,CT,GG,CC,TT,TT,TT,CC,TT,TT,CT,AA,TT,GG,CC,AA,CT,CC,CC,GG,NN,AA,GG,AG,CC,TT,CC,GT,TT,GG,AT,AA,AA,TT,AC,GG,AC,AC,CC,GG,GG,AA,GG,TT,AA,AG,CC,GG,AA,CC,AT,AA,GT,TT,TT,TT,GG,GT,AA,CG,AT,TT,AA,GG,AA,TT,AA,TT,CC,TT,AC,AC,CT,CG,AA,CC,AG,AC,TT,TT,TT,GG,TT,AC,AC,AG,GG,CC,CC,GG,CC,GG,AA,AA,CC,TT,GG,CC,CC,AT,AG,CC,AT,CC,AA,AA,AC,GG,AC,AT,AA,GG,AT,AA,AA,AA,AG,AG,AG,AA,AT,GG,AA,AA,AC,AC,CT,AA,AA,GG,GG,GG,TT,AA,AA,TT,TT,TT,AA,TT,GG,GG,AA,9.72,Susceptible,Medium,Standard,Late
L0570,Mandya,Karnataka,Kharif,Red Loamy,Irrigated (Cauvery command),780,27.0,72,AC,TT,GG,AA,GG,CC,GT,TT,CC,CC,AA,CC,CG,TT,GT,GT,GG,TT,TT,AA,CC,TT,GG,CC,TT,CC,TT,TT,GG,AA,TT,CC,AA,CC,GG,GG,GG,CC,GG,AC,TT,CT,AC,GG,AA,GG,TT,AT,CC,AC,GT,AT,AG,GG,CT,TT,AA,AC,GT,AA,AA,TT,TT,AG,TT,AT,CT,GG,TT,GG,AG,GT,CC,AA,GG,AA,AA,GG,TT,TT,GG,GT,GT,NN,AT,GG,AA,AA,CC,TT,CC,TT,CT,AT,GT,GG,TT,CC,TT,CC,CC,CG,AG,AA,AT,TT,CC,AA,AG,AA,CC,GG,TT,GG,TT,AA,AA,TT,CC,GG,CC,GG,CC,GG,CT,AA,CC,CC,AC,CC,AA,TT,CC,AA,CC,CC,AA,TT,AA,AA,GG,CC,CC,GG,AG,AG,AA,CC,TT,CC,CC,AA,AA,GG,TT,NN,AC,TT,CT,AG,AA,GG,GG,TT,CG,AT,TT,CT,AA,TT,GG,CC,AG,TT,CC,CC,GG,CC,AA,GG,AA,CC,TT,CC,GT,TT,CG,AA,AG,AG,GT,CC,GG,AA,CC,CC,GG,GG,AA,GG,TT,AA,AA,CC,GT,AA,CC,AA,AA,GG,TT,TT,AT,GG,TT,TT,CG,TT,TT,AA,GG,AA,TT,AA,TT,CC,TT,AA,CC,TT,CG,AG,CC,GG,CC,AT,CT,GT,GG,TT,NN,CC,AA,GG,CC,CC,GG,CC,GG,AT,AG,CC,GT,GG,CC,CG,NN,AG,CC,AA,CC,AA,AA,AA,CC,AC,TT,AA,GG,AA,AA,AC,AA,GG,AG,AA,AA,TT,GG,AC,GG,AC,AC,CT,AA,AA,CG,GG,GG,TT,AA,AG,TT,TT,TT,AA,TT,CG,CG,AC,7.07,Resistant,High,Poor,Early
L0571,Mandya,Karnataka,Kharif,Red Loamy,Irrigated (Cauvery command),780,27.0,72,AA,TT,GG,AA,GG,CC,TT,AT,CC,NN,AA,CC,CG,TT,TT,GG,CG,TT,AT,AA,CG,TT,TT,NN,AT,CC,TT,TT,NN,AA,NN,CC,AA,CC,GG,CG,GG,CG,GG,NN,TT,CC,AC,GT,AG,AG,TT,AA,CG,CC,GG,AA,AA,NN,CT,GT,AT,AA,GG,AA,AA,TT,AA,AA,TT,TT,CC,GG,TT,GG,AG,GG,CC,AA,GG,AA,AA,GG,TT,TT,GG,GG,GG,CC,AA,GG,AA,AA,CC,GT,AC,TT,CC,TT,TT,GG,CT,CC,GT,CC,CC,CC,AA,AA,TT,TT,CC,AA,NN,AA,CC,GT,GT,CG,TT,AA,AA,TT,CG,GG,CC,GG,CC,GT,CT,AA,CC,CC,AC,CC,AA,TT,CC,AA,CC,CC,AA,TT,AA,AA,GG,CC,CC,GG,AA,AG,AA,CC,GG,CC,CC,AA,AA,GG,TT,GG,AA,GT,TT,GG,CC,TT,GT,TT,CC,TT,GT,TT,AA,TT,GG,CC,AA,CC,CC,CC,CG,AC,AA,GG,AG,CC,GT,CC,GT,TT,GG,AT,AA,AA,TT,AC,CG,AA,AC,CC,GG,GG,CC,GG,TT,AC,AG,CC,GG,TT,CC,AA,AA,GT,GT,AT,AA,GG,GT,AA,CC,TT,GT,AA,AG,AG,CT,AA,TT,CC,CT,CC,CC,TT,CG,AG,CC,AG,CC,TT,TT,GT,GG,TT,AC,CC,AA,GG,CC,CC,GG,CC,GG,AT,AA,CC,GT,AG,CC,CC,AA,GG,CG,AA,CC,AA,AA,CC,CC,CC,TT,AA,GG,AA,AA,AA,AA,GG,AA,AA,AA,AT,GG,AA,AG,CC,CC,CT,AA,AA,GG,GG,GG,TT,AA,AG,TT,TT,TT,AG,AT,GG,GG,AA,6.28,Susceptible,Low,Standard,Medium
L0572,Mandya,Karnataka,Kharif,Red Loamy,Irrigated (Cauvery command),780,27.0,72,AC,TT,GG,AA,GG,CC,GT,TT,CC,CG,AA,CC,CG,TT,TT,GG,GG,TT,TT,AG,CC,TT,TT,CT,AT,CC,TT,TT,GG,AA,TT,CC,AA,CC,GG,GG,GG,CC,GG,CC,TT,CC,AA,GT,AA,GG,TT,TT,CC,AA,GT,AA,AG,GG,CT,TT,AA,AA,GT,CC,AG,TT,AT,AA,CT,AT,CC,GG,TT,GG,AA,GG,CC,AA,GG,AA,AT,GG,TT,TT,GG,GG,GG,CC,AA,GG,AA,AA,CC,GT,AC,TT,CC,TT,TT,GG,CC,CC,TT,CC,CT,CG,AA,AA,AA,TT,CG,AA,AG,AA,CC,GG,TT,CC,TT,AC,AA,TT,CC,GG,CC,GG,CC,GG,CT,AG,CC,CC,CC,CC,AA,TT,CC,AA,CC,CT,AA,AT,GG,AA,CG,CC,CC,GG,AA,GG,AA,AA,TT,CC,CC,AA,AG,AG,GT,GG,AA,TT,TT,AG,AC,TT,TT,TT,CC,AT,TT,TT,AA,AT,GG,CC,AA,CT,CC,CC,GG,CC,AA,GG,AA,CC,GT,CC,TT,TT,GG,AT,AA,AG,TT,CC,GG,AA,AC,CC,GG,GG,AC,GG,TT,AC,AA,CC,GG,AA,AA,AA,AT,GT,TT,NN,AT,CG,GT,AA,CC,AT,GT,AA,GG,AA,TT,AA,TT,CC,CC,AA,CC,TT,CG,AA,CC,AA,AC,TT,CT,GT,GG,TT,AA,CC,AG,GG,CC,CC,GG,CC,GG,AT,AG,CC,GT,GG,CG,CG,AT,GG,CC,NN,CC,AT,AA,CC,GG,AC,TT,AA,GG,AA,AA,AC,AA,GG,NN,AA,AA,TT,GG,AA,AG,AC,AA,CT,AG,AA,GG,GG,GG,TT,TT,AA,TT,TT,TT,AG,TT,GG,GG,AA,6.11,Susceptible,Low,Standard,Late
L0573,Mandya,Karnataka,Kharif,Red Loamy,Irrigated (Cauvery command),780,27.0,72,AC,CT,AG,GG,GG,CC,GG,AT,CC,CG,AA,CC,CG,TT,TT,GG,GG,NN,TT,AA,CC,TT,GT,CC,TT,CC,TT,AA,GT,AC,TT,CC,AA,CC,GG,GG,GG,CG,GG,NN,TT,CT,AA,TT,AA,AA,TT,TT,CC,AA,GT,AA,AA,GG,CC,TT,AA,AA,GT,AC,AA,GT,TT,AA,TT,TT,CC,GT,TT,GT,AG,GG,CC,AA,AG,AA,AA,GG,TT,TT,GG,GG,GG,CC,AA,GG,AA,AA,CG,TT,CC,TT,CT,TT,GT,GG,TT,CC,GG,CC,CT,CC,AA,AA,TT,TT,CC,AA,AG,AC,CC,GG,TT,CC,TT,CC,AA,AT,CC,AG,CC,GG,CC,GG,TT,AA,CT,CC,CC,CC,AA,TT,AC,AA,CC,CC,AA,TT,NN,AT,CG,CC,CC,GG,AA,AG,AA,CC,GG,CC,CC,AA,AA,GG,GG,GG,CC,TT,NN,GG,CC,GT,TT,TT,CG,AA,GT,TT,AT,TT,NN,CC,AA,CC,CC,CC,GG,CC,AA,GG,NN,NN,TT,CG,GT,TT,GG,AA,AA,AA,TT,CC,GG,AA,CC,CC,GG,GG,AC,GG,TT,AC,AA,CC,GG,AA,CC,AA,AT,GG,TT,AT,AT,GG,GG,AA,CC,TT,TT,AA,GG,AA,CT,AC,TT,CC,CT,AA,CC,TT,GG,AA,CC,NN,AC,TT,CT,GT,GG,TT,AC,AC,AG,GG,CC,CG,GG,CC,GG,AT,AA,CC,GT,GG,CC,CG,AA,GG,GG,AA,CG,AA,AA,CC,CG,AA,AT,AA,GG,AA,AA,CC,AA,AG,AG,AA,AG,TT,GG,AA,AA,CC,AA,CT,AA,AA,CG,GG,CG,TT,AT,AA,NN,NN,TT,AG,AT,GG,CG,AC,7.49,Moderate,Medium,Poor,Early
L0574,Mandya,Karnataka,Kharif,Red Loamy,Irrigated (Cauvery command),780,27.0,72,AC,CT,AG,GG,GG,CG,GT,AT,CC,CC,AA,CC,CG,TT,GT,GT,GG,TT,TT,AG,CC,TT,GT,CC,TT,CT,TT,AT,GG,AA,TT,CT,AA,CC,GG,CG,GG,CC,GG,CC,TT,CT,AA,TT,AA,GG,TT,TT,CC,AA,GG,AA,AG,GG,CC,TT,AA,AC,TT,AA,NN,GT,AA,AA,TT,TT,CC,GG,TT,GG,AG,GG,CC,AA,GG,AA,TT,GG,TT,TT,GG,GT,GG,CC,AA,GG,AA,AA,CC,TT,CC,TT,CT,TT,GT,GG,TT,CC,GG,CC,CC,CG,NN,AA,TT,TT,CC,AA,AA,AA,CC,GG,TT,CC,GG,AA,AA,TT,CC,AG,CC,GG,CC,GG,TT,AG,CC,CC,CC,CC,AG,TT,CC,AA,AC,CC,AA,AT,AA,AA,GG,CC,CC,GG,AG,GG,AA,CC,GG,CC,CG,AA,AA,GG,TT,AG,AA,TT,CT,GG,AC,TT,TT,CT,CG,AA,GT,TT,AA,AT,GG,CC,GG,CT,CC,CC,GG,CC,AT,GG,AA,CC,TT,CC,TT,GT,GG,TT,AG,NN,TT,CC,GG,AA,CC,CC,GG,AG,AA,GG,TT,AC,AA,CC,GG,AA,AC,AA,AA,GT,TT,TT,AA,GG,GT,AA,CC,AA,TT,AA,GG,AA,CT,AA,TT,CC,TT,AA,CC,CT,GG,AG,CC,AA,CC,TT,CC,GT,GG,TT,AA,CC,AG,GG,CC,CG,GG,NN,GG,AT,AG,CG,TT,GG,CC,CG,AA,GG,CC,TT,CC,AA,AA,NN,CC,CC,TT,AA,GG,AA,AC,AA,AA,AG,AA,NN,AA,TT,CG,AA,GG,AC,AC,CT,AA,AA,GG,GG,GG,TT,AA,AA,TT,TT,TT,AG,AT,GG,GG,AA,5.23,Susceptible,Low,Poor,Early
L0575,Mandya,Karnataka,Kharif,Red Loamy,Irrigated (Cauvery command),780,27.0,72,AC,TT,AG,AG,GG,CC,GG,AT,CC,CC,AA,CT,CC,TT,GT,GT,CG,TT,TT,AA,CC,GT,GT,CC,TT,CC,GT,AT,GG,AA,TT,CC,AG,CC,AG,GG,GG,CC,GG,CC,TT,NN,AA,GT,AA,AG,TT,TT,CC,AC,GG,AT,AA,GG,CC,TT,AA,AA,GT,AA,AA,GT,AT,AA,TT,TT,CC,GG,TT,GT,AA,GT,CC,AA,GG,AC,AA,GG,TT,TT,GG,GG,GG,CC,AT,GG,AA,AA,CC,GG,CC,GT,CC,TT,GT,GG,TT,CC,GT,CC,CC,CC,AA,AA,TT,TT,CC,AA,AG,AA,CT,GG,TT,CC,TT,AA,AA,TT,CC,GG,CC,GG,CC,GT,TT,GG,CC,CC,CC,CC,AA,TT,CC,AA,CC,CT,AA,TT,AA,AA,GG,CC,CC,GG,AA,AG,AT,AC,GG,CC,CC,AG,AA,GG,TT,GG,AA,GT,CC,AG,CC,GT,TT,TT,CC,AA,TT,TT,AA,AT,GG,CC,AG,CT,CC,CC,CG,CC,AA,GG,AG,CC,TT,CC,GG,GT,GG,AT,AA,AA,TT,CC,CG,AA,CC,CC,GG,GG,CC,CG,CT,AC,AG,CC,GG,AA,CC,AT,AA,GT,TT,AT,AA,CG,GG,AT,CC,TT,TT,AA,GG,AA,CT,AA,NN,GG,CT,AC,CC,TT,GG,AG,CG,AG,AC,TT,TT,GT,GG,TT,AA,CC,AA,GT,CC,NN,GG,CG,GG,TT,AG,CC,GT,GG,CC,CC,AA,GG,NN,AA,CC,AA,AA,CC,CC,AA,TT,AA,CG,AA,AA,AA,AA,GG,AA,AA,AA,TT,GG,AC,AG,AA,AA,TT,AA,AA,GG,GG,GG,TT,AA,AG,TT,TT,TT,AA,NN,GG,CG,AC,5.94,Resistant,High,Standard,Late
L0576,Mandya,Karnataka,Kharif,Red Loamy,Irrigated (Cauvery command),780,27.0,72,AC,CT,AA,GG,GG,CG,GG,TT,CC,CC,AT,CC,CG,TT,GT,GG,GG,TT,TT,AA,CC,TT,GG,CT,TT,CC,TT,AT,GG,AA,CT,TT,AA,CC,GG,GG,GG,CG,GG,CC,TT,TT,AA,TT,AG,GG,TT,TT,CC,AC,GG,AA,AA,GG,CC,TT,AA,AC,GT,AC,AA,GG,TT,AA,TT,TT,CC,GG,TT,GT,AG,GT,CC,AA,AA,AC,AA,GG,TT,NN,GG,GT,GG,CC,AA,GG,AA,AA,CC,GT,CC,GT,CT,TT,GT,GG,TT,CC,GT,CC,CC,CC,GG,AA,TT,TT,CC,AA,AA,AA,CT,GG,TT,NN,TT,AC,AA,TT,CC,GG,CC,GG,CT,GG,CT,AA,CC,CC,CC,CC,AA,NN,CC,AA,CC,CC,AA,TT,AA,AA,GG,CC,CG,GG,AA,AA,AA,CC,GT,CC,CC,AA,AG,GG,TT,GG,AC,TT,TT,GG,CC,GG,TT,CT,CC,AA,TT,TT,AT,TT,NN,CC,AA,CT,CC,NN,GG,NN,AA,GG,AA,CC,TT,CG,GG,GT,CG,AT,AA,AG,TT,CC,GG,AA,CC,CC,GG,GG,NN,CG,CT,AA,AA,CC,GG,AA,CC,AA,AA,GG,TT,AT,AT,GG,GT,AA,CC,TT,GT,AA,GG,AA,TT,AA,TT,CC,CT,AA,AC,CT,GG,AG,CG,AG,CC,TT,TT,TT,GG,TT,AA,AC,AA,GG,CC,CC,GG,CC,GG,AA,AA,CC,TT,GG,CC,CC,AA,GG,CC,AA,CC,AA,AA,CC,CC,AC,TT,AA,GG,AA,AA,AC,AA,AG,AA,AA,AA,TT,GG,AC,AA,CC,AA,TT,AG,AA,GG,GG,GG,TT,AT,AA,TT,TT,TT,AA,TT,GG,CG,AA,8.08,Moderate,Medium,Poor,Early
L0577,Mandya,Karnataka,Kharif,Red Loamy,Irrigated (Cauvery command),780,27.0,72,AC,TT,GG,GG,GG,CG,GG,AT,CC,CC,AA,CC,CG,AT,GG,GG,CC,TT,TT,AG,CC,GT,TT,CC,TT,CC,TT,AT,GT,AA,TT,CT,AA,CC,GG,GG,GG,CC,GG,CC,TT,TT,AC,GT,AA,AA,TT,TT,CC,AC,GG,AA,AA,GG,CC,TT,AA,AA,GG,AA,AA,TT,TT,AG,TT,TT,CC,GG,TT,GT,AG,GG,CC,AA,NN,AC,TT,GG,TT,TT,GG,GG,GG,CC,AA,GG,AG,AA,CC,TT,CC,TT,CC,TT,TT,GG,TT,CC,GT,CC,CC,CC,AG,AA,NN,TT,CC,AA,GG,AC,CC,GG,GT,CC,GT,AA,AA,TT,CC,AA,CC,GG,CC,GG,CT,AA,CT,CC,CC,CC,AA,TT,CC,AA,CC,CC,AA,TT,AA,AA,GG,CC,CC,GG,AG,AG,AA,CC,GT,CC,CC,AG,AA,GG,GT,GG,CC,GT,TT,GG,CC,GT,GT,TT,CG,AA,GT,TT,AA,TT,GG,CC,AA,CT,CC,CC,GG,AC,AA,GG,AA,CC,TT,CG,GG,TT,GG,TT,AA,AG,GT,CC,CG,AC,CC,CC,GG,GG,AC,GG,TT,AA,AG,CC,NN,AA,AA,AA,AA,GG,TT,TT,AA,GG,GT,AA,CC,AT,GT,AA,GG,AA,CT,AA,TT,CC,TT,AA,CC,TT,GG,AG,CC,AG,AC,AT,CT,GT,GG,TT,AA,AC,AA,GG,CC,CC,GG,CC,GG,AT,AA,CC,GT,GG,CG,CC,AT,NN,CG,AT,CC,AA,AG,AC,CC,AC,TT,AA,GG,AT,AA,AA,AA,AG,AG,AA,AA,TT,CG,CC,AA,CC,AA,TT,AA,AA,GG,GG,GG,TT,AA,AG,TT,TT,TT,AA,TT,NN,GG,AA,7.07,Susceptible,Low,Poor,Medium
L0578,Mandya,Karnataka,Kharif,Red Loamy,Irrigated (Cauvery command),780,27.0,72,AC,NN,NN,AG,GG,CC,TT,AT,CC,GG,AA,CT,CG,TT,TT,GG,GG,TT,TT,AG,CC,GT,TT,CT,TT,CC,TT,TT,GG,AC,CT,CC,AG,CC,AG,GG,GG,CC,GG,CC,TT,CT,AA,GT,AG,AG,TT,TT,CC,AC,GT,AT,AA,GG,CC,TT,AA,CC,GT,AC,AA,TT,TT,AG,CT,AT,CT,GG,TT,GT,AG,GG,CC,AA,GG,AA,TT,GG,TT,TT,GG,GT,GT,CC,AT,GG,AA,AA,CC,TT,AC,TT,CC,TT,GT,GG,TT,CC,TT,CC,CC,CC,AG,AA,TT,TT,CG,AA,AG,AA,TT,GG,TT,CC,TT,AA,AC,TT,CG,GG,CG,GG,CC,GT,CC,AA,CC,CC,CC,CG,AA,TT,CC,AA,CC,CC,AA,TT,AA,AT,CG,CC,CC,AG,AA,AA,AA,CC,GG,CG,CC,AG,AG,AG,TT,AG,AA,TT,CT,AG,CC,GT,TT,CT,CC,AT,TT,TT,AT,TT,GG,CC,AG,CC,NN,CC,GG,CC,AA,GG,AA,CC,TT,CG,GG,TT,CG,TT,AG,AA,NN,CC,GG,AC,AC,CC,GG,GG,AA,GG,TT,AA,AA,CC,GG,AT,CC,AA,AT,GG,TT,TT,AT,GG,TT,AA,CC,TT,GT,AA,GG,AA,TT,AA,TT,CC,CT,CC,CC,TT,CG,AA,CC,AA,CC,TT,TT,GT,GG,TT,AC,AC,AA,GG,CC,CC,GG,CC,GG,NN,AA,CC,GT,GG,CC,CC,AT,AG,CC,AA,CC,AA,AA,CC,CG,AC,TT,AA,GG,AA,AA,AC,AA,AG,NN,AG,AA,AT,GG,AA,AG,CC,AA,CT,AA,AA,GG,GG,GG,TT,AT,AA,GT,NN,TT,GG,AT,GG,CG,AA,6.07,Susceptible,Low,Standard,Late
L0579,Mandya,Karnataka,Kharif,Red Loamy,Irrigated (Cauvery command),780,27.0,72,AC,TT,AG,GG,GG,CC,GT,TT,CC,CC,AA,CC,GG,AT,TT,GG,GG,TT,TT,AA,CC,GT,GT,CC,AT,CC,TT,AT,GG,AA,CT,CC,AA,CC,GG,CG,GG,CC,GG,CC,TT,CC,AA,TT,AA,AA,TT,TT,CC,AA,GG,AT,AA,GG,CC,TT,AA,AA,GT,AA,AA,TT,AT,GG,TT,TT,CC,GG,TT,GG,NN,GT,CC,AG,GG,AC,NN,GG,TT,TT,AG,GT,GT,CC,AA,AG,AA,AT,CC,GT,CC,TT,CT,TT,TT,NN,CT,CC,GG,CC,CC,CG,AG,AA,TT,TT,CG,AA,AG,CC,CC,GG,GT,CC,TT,AA,AA,TT,CC,AG,GG,AG,CC,GT,TT,AG,CC,CC,CC,CG,AA,TT,CC,AA,CC,CT,AA,AT,AA,AT,GG,CC,CC,GG,AA,AG,AA,AC,GT,CC,CG,AG,AA,AG,GT,AG,AA,GT,TT,GG,CC,GT,TT,CC,CC,AT,TT,TT,AA,NN,GG,CG,AA,CC,CC,CC,GG,CC,AA,GG,AG,CC,TT,CC,GT,TT,CG,TT,AA,AA,GT,CC,GG,AA,CC,CG,GG,GG,AA,GG,TT,AC,AG,GG,GG,AA,CC,AT,AT,GG,TT,TT,AT,CG,GT,AT,CG,AT,GT,AA,GG,AA,TT,AA,TT,CC,TT,AA,CC,CT,GG,GG,CC,AG,CC,TT,TT,GT,GG,TT,AA,CC,AA,GG,CC,CC,GG,CC,GG,TT,AG,CC,TT,GG,CC,CC,AA,AA,CC,AA,CC,AT,AA,CC,CC,CC,TT,AA,GG,AA,AA,AA,AA,AG,AG,AA,AA,TT,GG,AC,AG,AC,AA,TT,AA,AG,GG,GG,GG,TT,AT,AA,TT,AT,TT,AG,AT,GG,GG,AA,7.28,Susceptible,Low,Poor,Medium
L0580,Mandya,Karnataka,Kharif,Red Loamy,Irrigated (Cauvery command),780,27.0,72,AC,TT,GG,AA,GG,CC,GG,TT,CC,CC,NN,CC,NN,TT,TT,GG,GG,TT,TT,AA,CC,TT,GT,CC,TT,CC,TT,TT,GG,AA,TT,CC,AA,CC,GG,GG,GG,CG,GG,CC,TT,CC,AA,TT,GG,GG,TT,TT,CC,CC,GT,AA,AA,GG,CC,GT,AT,AA,GT,AA,AA,TT,AT,AA,TT,TT,CC,GG,TT,GT,AG,GG,CC,AG,AA,CC,AA,GG,TT,TT,GG,TT,GG,CC,AT,GG,AA,AA,CC,GT,NN,GT,CC,TT,GT,GG,TT,AC,TT,CC,CT,CG,GG,AA,AT,TT,CC,AA,GG,AC,CC,GG,TT,CC,TT,AA,AA,TT,CC,GG,CC,GG,CC,GG,NN,AA,CC,CC,CC,CC,AG,TT,CC,AA,CC,CC,AA,TT,AA,AT,CG,CC,CC,GG,AA,AA,AA,CC,GG,CG,CC,AA,AG,GG,TT,GG,AC,TT,TT,GG,CC,GT,GT,TT,CC,AT,GT,TT,AA,TT,NN,CC,AA,CT,CC,CC,GG,CC,AA,GG,GG,CC,TT,CC,TT,TT,GG,NN,AA,AA,TT,CC,GG,AA,AC,CG,GG,GG,AA,GG,TT,AA,AA,CC,GG,AA,NN,AA,AT,GG,TT,NN,AT,NN,GG,AT,CC,TT,TT,AA,GG,AA,CT,AA,TT,CC,TT,AC,AC,CT,CG,AG,CC,AG,CC,TT,TT,GT,NN,TT,AA,AA,AG,GG,CC,CG,GG,CC,GG,TT,AA,CC,TT,GG,CC,CC,AA,AG,CG,AA,CC,AA,AA,AC,CG,AC,TT,AA,CG,AA,AA,CC,AC,AA,AA,AA,AA,AT,GG,AA,AA,AC,AC,TT,AA,AA,GG,GG,GG,TT,AA,AG,TT,TT,AT,AA,TT,GG,GG,AA,4.75,Susceptible,High,Standard,Early
L0581,Mandya,Karnataka,Kharif,Red Loamy,Irrigated (Cauvery command),780,27.0,72,AA,CT,GG,AG,GG,CC,GG,TT,CC,CC,AA,CT,CG,AT,TT,GG,GG,TT,TT,AG,CG,TT,GT,CT,AT,CC,TT,TT,GG,AA,TT,CT,AA,NN,AG,GG,GT,CC,GG,CC,TT,TT,AA,TT,AA,AG,CT,AT,CC,AC,GG,AA,AG,GG,CC,TT,AT,AC,GT,AA,AA,GT,AT,AA,CT,AT,CC,NN,TT,GG,AG,GT,CC,AG,AG,CC,TT,GG,GG,TT,GG,GG,GG,CC,AA,GG,AG,AT,CC,GG,CC,TT,CC,TT,TT,GG,CT,AC,TT,CC,CC,CG,AG,AA,TT,TT,CG,AA,AG,AA,CT,GG,TT,CG,GT,CC,AA,TT,CC,GG,CC,GG,CC,GT,TT,AG,CC,CC,AC,CC,AA,TT,CC,AA,CC,CC,AA,NN,AA,AA,CG,NN,CC,GG,AA,AG,AA,CC,GG,CC,CC,AA,AA,GG,TT,GG,AA,TT,TT,GG,AC,GT,GT,TT,CG,AT,GT,TT,AA,AT,CG,CC,GG,TT,CC,CC,GG,CC,AA,GG,AG,CC,TT,CC,GT,GG,CG,TT,AA,AA,TT,CC,GG,AA,CC,CC,CG,GG,AA,GG,TT,AC,AA,CC,GG,AA,AC,AA,AT,GT,TT,AT,TT,GG,TT,AT,CG,TT,GT,AA,GG,AA,TT,AA,TT,CC,TT,AA,CC,CT,GG,AA,CC,GG,CC,AT,TT,TT,GG,TT,AC,AC,AA,GG,CC,CG,GG,CC,GG,AT,AA,CC,TT,GG,CC,CG,AT,GG,CC,AA,CC,AA,AA,CC,CG,AC,AT,AA,GG,AA,AA,AA,AA,AA,GG,AG,AA,AT,GG,AC,AA,CC,AA,TT,AG,AA,GG,GG,GG,GT,AA,AA,GT,TT,TT,AG,TT,GG,GG,AA,7.36,Susceptible,Medium,Poor,Late
L0582,Mandya,Karnataka,Kharif,Red Loamy,Irrigated (Cauvery command),780,27.0,72,AC,TT,NN,AG,GG,CC,GG,AT,CC,CC,AT,CC,CG,TT,TT,GT,GG,TT,NN,AA,CC,GT,GG,CT,TT,CC,TT,TT,GG,AA,TT,CC,AA,CC,GG,CG,GG,CC,GT,CC,TT,TT,AA,TT,AG,GG,TT,TT,CC,AA,GG,AA,AG,GG,CC,TT,AA,AA,GG,AC,AG,TT,AT,AA,TT,AT,CC,GG,TT,GG,AG,GT,CC,AA,AA,CC,AA,GG,GT,TT,GG,GG,GG,CC,AA,GG,AA,AT,CC,TT,CC,TT,CC,TT,TT,GG,TT,CC,GG,CC,CC,NN,AG,AA,TT,TT,CC,AA,GG,AA,CT,GG,TT,CG,TT,AA,AA,TT,CC,AG,CG,GG,CC,GT,TT,AA,CT,CC,CC,CC,NN,TT,CC,AA,CC,CC,AA,TT,AA,AT,GG,CC,CC,GG,AG,GG,AA,NN,GG,CC,CC,AA,AG,GG,TT,AG,NN,TT,CT,GG,CC,TT,TT,CT,CC,AA,TT,TT,AT,AT,GG,CC,AA,CT,CC,CC,CG,AC,AA,GG,GG,CC,TT,CC,GT,TT,GG,AA,AA,AA,TT,CC,GG,AC,AC,CC,GG,GG,AA,CG,TT,AA,AA,NN,GG,AT,AC,AA,AA,GG,TT,TT,AA,GG,GT,AA,CG,AT,TT,AA,GG,AA,TT,AA,TT,CC,CC,AA,CC,TT,GG,GG,CC,AG,CC,TT,TT,GT,GG,AT,AC,AC,AA,GG,CC,CG,GG,CC,GG,NN,AA,CC,TT,GG,CC,CC,AA,GG,CC,AT,CC,AA,AA,CC,CG,CC,TT,AA,CG,AA,AA,AA,AA,GG,AA,AG,AA,TT,GG,AA,AG,AC,AA,CC,AA,AA,GG,AG,GG,TT,AT,AG,TT,TT,TT,AA,AA,GG,GG,AA,6.53,Moderate,Medium,Premium,Early
L0583,Mandya,Karnataka,Kharif,Red Loamy,Irrigated (Cauvery command),780,27.0,72,AA,TT,AG,AG,GG,CC,GT,TT,CC,CC,AA,TT,CC,AT,GT,GG,NN,TT,TT,AA,CG,GT,GT,CT,TT,CC,NN,TT,GG,AA,TT,CT,AA,CC,GG,CG,GG,CC,GG,AC,TT,TT,AA,TT,AA,AG,TT,AT,CC,CC,GG,AA,AA,GG,CC,GT,AA,AA,GT,AA,AA,TT,TT,AG,TT,TT,CC,GG,TT,GT,AG,GT,CC,NN,GG,AA,AT,GG,TT,CT,GG,GT,GG,NN,AA,GG,AA,AA,CC,GT,CC,TT,CT,TT,TT,GG,TT,CC,TT,CC,CC,CG,GG,AA,TT,TT,CG,AG,AG,AA,CC,GG,TT,CC,GT,AA,AA,TT,CG,AG,CC,GG,CC,GT,TT,AA,CT,CC,AC,CC,AG,TT,CC,AA,CC,CT,AA,TT,AA,AT,NN,CT,CC,GG,AA,GG,AA,CC,GT,CC,CC,AA,AG,GG,TT,GG,AC,TT,TT,GG,AC,TT,TT,TT,CG,AA,GT,TT,AA,TT,GG,CG,AA,CT,CC,NN,CG,CC,AA,GG,AA,CC,TT,CC,GG,GT,GG,AA,AA,AG,TT,CC,GG,AA,CC,CC,GG,GG,AA,CG,CT,AA,AA,CC,GG,AA,AC,AA,AT,GG,TT,AT,AT,GG,GG,AA,CC,TT,GT,AA,GG,AA,TT,AA,TT,CC,CT,AA,CC,TT,GG,AG,CG,AG,CC,TT,CT,GT,GG,TT,AC,AC,AG,GG,CC,CC,GG,CC,GG,AT,AA,CG,GT,GG,CC,CC,AA,AG,CC,AA,CC,AA,AA,AC,CC,CC,TT,AA,GG,AA,AA,AA,AA,GG,GG,AA,AA,AT,GG,AA,AA,AA,AC,CT,AA,AA,GG,GG,GG,TT,AT,AA,TT,TT,TT,AG,TT,GG,GG,AA,7.16,Moderate,High,Standard,Late
L0584,Mandya,Karnataka,Kharif,Red Loamy,Irrigated (Cauvery command),780,27.0,72,AC,TT,GG,AA,GG,CC,GT,TT,CC,CG,NN,CC,CG,AT,TT,GG,GG,TT,TT,AA,CC,GT,GG,CT,TT,CC,GT,TT,GG,AA,CT,CT,AA,CC,NN,CG,GG,CC,GG,CC,TT,CT,AA,TT,AG,NN,TT,TT,CC,AC,GT,AA,AA,GG,CC,TT,AT,AC,TT,AC,AA,TT,TT,AA,TT,AA,CC,GG,TT,GT,AG,GT,CC,AA,GG,CC,AT,AG,TT,TT,GG,GT,GT,CC,AA,GG,AG,AA,CC,TT,CC,TT,CC,TT,GT,GG,TT,AC,GT,CT,CC,CG,AG,AA,TT,TT,CC,AA,AA,AA,CT,GG,TT,CC,GT,AA,AA,TT,CC,AA,CC,GG,CC,GG,TT,AA,CC,CC,CC,CG,AA,TT,AC,AA,CC,CT,AA,TT,AA,AA,GG,CT,CC,GG,AA,AA,AA,CC,GT,CC,CC,AA,AG,GG,TT,GG,AA,GT,CT,GG,CC,TT,TT,TT,CC,NN,TT,TT,AA,TT,GG,CC,AG,CC,CC,AC,GG,CC,AA,GG,AA,CC,TT,CC,GG,TT,GG,AT,AA,AA,TT,NN,CG,AC,AC,NN,GG,GG,AA,GG,TT,AA,AA,CC,GG,AT,CC,AT,TT,GT,GT,TT,TT,GG,GG,AT,CC,TT,TT,AA,GG,AA,TT,AA,TT,CC,CT,CC,CC,NN,GG,AA,CC,GG,AC,TT,TT,GT,GG,TT,AA,AC,AA,GG,CC,CG,GG,CC,GG,AT,AG,CC,TT,GG,CC,CC,AA,AG,CG,AA,CC,TT,AA,AC,CG,AC,TT,AA,GG,AA,AA,AC,AA,AG,AG,AA,AA,TT,GG,AA,GG,AA,AA,CT,AA,AA,GG,GG,NN,GT,AA,AG,GT,TT,TT,AG,AT,GG,GG,AA,8.58,Susceptible,High,Premium,Medium
L0585,Mandya,Karnataka,Kharif,Red Loamy,Irrigated (Cauvery command),780,27.0,72,AC,TT,GG,AG,GG,CC,GG,AT,CG,CC,AA,CC,CC,AA,TT,GG,GG,TT,TT,AG,CG,TT,TT,CT,TT,CC,GG,TT,GG,AA,TT,CC,AA,CC,GG,GG,GG,CG,GG,CC,TT,CT,AA,TT,AA,GG,TT,TT,CG,AA,GG,AT,AA,GG,CC,TT,AA,AC,GT,AC,AA,TT,AT,AA,CC,TT,CC,GG,TT,GG,AA,GG,CC,AA,AG,AA,AT,GG,TT,TT,GG,GG,GT,CC,AA,GG,AA,AA,CG,GT,AC,TT,CC,AA,GT,AG,CT,CC,GG,CC,CC,GG,AG,AA,AT,TT,CC,AA,AG,AA,CC,GG,GT,CC,GT,AA,AC,TT,CG,GG,CC,GG,CC,GT,CT,AA,CC,CC,CC,CC,AA,TT,CC,AA,CC,CC,AA,TT,AG,AA,GG,CT,CC,GG,AA,AA,AA,CC,GG,CC,CC,AA,AA,GG,TT,AG,AA,TT,CT,GG,CC,TT,GT,TT,GG,TT,GT,TT,TT,TT,CG,CC,AG,CC,CC,CC,CG,CC,AA,GG,AG,CC,TT,CC,GG,TT,GG,TT,AA,AA,TT,AC,GG,AC,CC,CC,GG,GG,AA,GG,TT,AA,AA,CC,GG,AA,CC,AA,AA,GG,GT,AT,AT,GG,GT,AT,CC,TT,TT,AA,GG,AA,CT,AA,TT,CG,TT,AA,CC,CC,CC,AG,CG,GG,CC,TT,CT,TT,GG,AT,AA,CC,AA,GG,CC,CG,GG,CC,GG,AT,AG,CG,GT,GG,CC,CC,AA,AA,CG,AA,CC,AA,AA,AC,CG,AC,TT,AA,GG,AA,AA,AA,AA,AA,AA,AA,AG,TT,GG,AA,AA,CC,AA,TT,AA,AG,GG,GG,GG,TT,AA,AA,GT,TT,TT,NN,NN,GG,GG,AA,7.13,Susceptible,Low,Premium,Early
L0586,Mandya,Karnataka,Kharif,Red Loamy,Irrigated (Cauvery command),780,27.0,72,AA,TT,GG,GG,GG,CC,GG,AT,CC,CC,AA,CC,CC,AT,GG,GG,GG,TT,TT,AA,CC,TT,TT,CC,TT,CC,TT,TT,GG,AA,TT,CC,AA,CC,GG,GG,GG,CG,GG,AC,TT,CT,AA,TT,AA,AG,TT,TT,CC,AC,GT,NN,AA,GG,CT,TT,AA,AA,GT,AA,AG,TT,TT,AG,CT,TT,CC,GG,TT,GT,AG,GG,CC,AA,AG,AA,AT,GG,GT,TT,GG,GT,GG,CC,AA,GG,AA,AA,CC,GT,CC,TT,CC,TT,TT,GG,CT,CC,GG,CC,CC,CC,AG,AA,TT,TT,CC,AA,AA,AA,CC,GG,GT,CC,TT,AA,AA,TT,CC,GG,CC,GG,CC,GT,TT,AA,CC,CC,CC,CC,AA,TT,CC,AA,CC,TT,AA,TT,AG,TT,GG,CC,CC,GG,AA,AG,AA,CC,TT,CG,CC,AA,AG,GG,TT,GG,AC,TT,CT,GG,CC,TT,TT,TT,CG,AT,TT,TT,AA,TT,GG,CC,AG,CC,CC,CC,CG,CC,AA,GG,AA,CC,TT,CG,GT,TT,GG,AA,AA,AG,TT,CC,GG,AA,CC,CC,GG,GG,AC,GG,TT,AA,AG,CC,GG,AA,AC,AA,AA,GG,TT,AT,AT,CG,GT,AA,CG,AA,TT,AA,GG,AA,CT,AA,TT,CC,TT,AA,CC,CT,NN,AA,CC,AG,CC,TT,TT,TT,GG,TT,AA,AC,AA,GG,CC,CC,GG,CC,GG,TT,AA,CC,TT,GG,CC,CC,AA,GG,CC,AT,CC,AA,AA,AC,CG,CC,TT,AA,GG,AA,AA,AC,NN,AA,AA,AA,AA,TT,GG,AA,AA,AA,AA,TT,AA,AA,CG,NN,GG,NN,AA,AA,TT,TT,TT,AA,AT,GG,NN,AA,7.2,Moderate,Medium,Poor,Medium
L0587,Mandya,Karnataka,Kharif,Red Loamy,Irrigated (Cauvery command),780,27.0,72,AA,TT,GG,AA,GG,CC,GG,AA,CC,CG,AT,CC,CC,TT,GT,GT,GG,TT,TT,AA,CG,TT,TT,CT,TT,CC,TT,TT,GG,AA,TT,CC,AA,CC,GG,CC,GG,CG,GG,AC,TT,CC,AA,TT,AA,GG,TT,AT,CC,AC,GG,AA,AA,GG,CC,TT,AT,AA,GT,AC,AG,TT,TT,AA,TT,AT,CC,GG,TT,GT,AA,GG,CC,AA,AG,AA,AT,GG,TT,TT,GG,GG,GG,CC,TT,GG,AA,AA,CC,TT,CC,TT,CT,TT,TT,GG,TT,CC,GT,CT,CC,GG,GG,AA,AT,TT,CC,AA,AA,CC,CC,GG,GT,CC,TT,AA,AA,TT,CC,GG,CC,GG,CC,GG,TT,AA,CC,CC,CC,CG,AA,TT,CC,AA,CC,CC,AA,TT,AG,AA,GG,CC,CC,GG,AA,AA,AA,AC,GG,CC,CC,AA,AG,GG,TT,GG,AA,TT,CT,GG,AC,GT,TT,TT,CG,TT,TT,TT,AA,TT,GG,CC,AG,TT,CC,CC,CG,CC,AA,GG,AA,CC,TT,CC,TT,GT,GG,TT,AA,AA,GT,AC,GG,AA,CC,CG,GG,GG,AC,CG,TT,AA,AA,CC,GG,TT,AC,AA,AT,GG,TT,TT,AA,GG,TT,AA,CC,TT,GT,AA,GG,AG,TT,AC,TT,CC,TT,CC,CC,TT,CC,AG,CC,NN,CC,AT,TT,GT,GG,TT,AC,AC,AA,NN,CC,CG,GG,CC,GG,AT,AA,CG,GT,GG,CC,CG,AA,GG,CG,AT,CC,AA,AA,NN,CC,CC,TT,AA,GG,AA,AA,CC,AA,AA,AG,GG,AA,TT,GG,AA,AG,CC,AA,CT,AG,AA,GG,GG,GG,TT,AA,AG,GT,TT,TT,AG,TT,GG,GG,AA,6.42,Moderate,High,Standard,Medium
L0588,Mandya,Karnataka,Kharif,Red Loamy,Irrigated (Cauvery command),780,27.0,72,AA,TT,GG,NN,GG,CC,GG,TT,CC,CG,AT,TT,CG,AT,TT,GT,CC,TT,TT,AG,CC,GT,GT,NN,TT,CC,TT,NN,GT,AA,TT,CC,AA,CC,GG,GG,GG,CC,GG,CC,TT,CT,AC,TT,AG,AG,TT,TT,CC,AC,GG,AT,AA,GG,CC,GT,AA,AA,GG,AC,AA,GT,TT,AG,TT,TT,CT,GG,CT,GG,AG,GG,CC,AA,GG,AA,AA,GG,TT,NN,GG,GT,GG,CC,AA,GG,AA,AA,CG,GT,CC,TT,CC,TT,GT,GG,TT,CC,GT,CT,CC,CG,AA,AA,TT,TT,CC,AA,GG,AA,CC,GG,TT,CC,TT,AA,AC,TT,CG,GG,CG,AG,CC,GG,TT,AA,CC,CC,CC,CC,AA,TT,CC,AA,CC,CC,AA,TT,AA,AT,GG,CT,CC,GG,AA,AG,AA,AC,GG,CC,CC,AA,AG,AG,TT,GG,AA,GT,TT,GG,CC,GT,TT,CT,CC,AA,TT,TT,AT,TT,CG,CG,AG,CC,CC,CC,GG,CC,AA,GG,AA,CC,GT,CC,GT,TT,GG,TT,AA,AA,TT,CC,CG,AA,CC,CC,GG,GG,AC,GG,TT,AA,AA,CC,GG,AT,CC,AA,AA,GG,TT,AT,AT,GG,TT,AT,CG,TT,GG,AA,GG,AA,CT,AA,TT,CC,TT,NN,NN,CT,GG,AA,CC,GG,CC,TT,CT,TT,GG,AT,AA,AC,AA,GG,CC,CC,GG,CC,GG,AT,AA,CG,GT,GG,CC,CC,AT,GG,CG,AA,CC,AT,AA,CC,CG,AC,AT,AA,GG,AA,AC,AC,AA,GG,AA,AA,AA,AT,GG,AC,AA,CC,AC,CT,AA,AA,GG,GG,GG,GT,AA,AA,TT,TT,TT,AA,AT,GG,GG,NN,8.17,Resistant,Low,Standard,Medium
L0589,Mandya,Karnataka,Kharif,Red Loamy,Irrigated (Cauvery command),780,27.0,72,AC,TT,GG,AA,GG,CC,GG,TT,CC,CC,AA,CC,CG,AT,TT,GG,GG,TT,TT,AA,CC,GT,TT,CC,TT,CC,TT,TT,GG,AA,TT,CC,AA,CC,GG,CG,GG,CG,GG,CC,TT,CT,AC,TT,AA,AG,TT,TT,CC,CC,GG,AT,NN,GG,CC,GT,AA,NN,GT,AA,AG,TT,NN,AG,TT,AT,CC,GG,TT,GT,AA,GG,CC,AA,GG,AC,TT,GG,TT,TT,GG,TT,GT,CC,AT,GG,AA,AA,CG,GG,AC,TT,CT,AT,TT,AG,TT,CC,TT,CC,NN,CC,GG,AG,TT,TT,CC,AA,GG,AA,CT,GG,TT,CC,GT,AC,AA,TT,GG,AG,CG,GG,CT,GG,TT,AA,CC,CC,CC,CC,AA,TT,CC,AA,CC,CC,AG,TT,AA,AT,GG,CC,CC,GG,AG,AA,AT,CC,GT,CC,CG,AA,AG,AG,TT,AG,AC,GT,TT,GG,CC,TT,GG,CT,CC,AA,GT,CT,AA,TT,GG,CC,AG,CT,CC,CC,CC,CC,AA,GG,AG,CC,TT,CC,TT,TT,GG,AT,AA,AG,TT,CC,GG,AA,AC,CC,GG,GG,AC,GG,TT,AA,AA,CC,GG,AA,CC,AA,AT,GG,TT,AT,AA,GG,GG,AT,CC,TT,TT,AA,GG,AA,CT,AA,TT,CC,TT,AA,CC,CT,GG,AG,CG,GG,CC,TT,TT,GT,GG,TT,AC,AA,AA,GG,CC,CC,CG,NN,GG,TT,AA,CC,GT,GG,CC,CC,AT,GG,CC,AT,CC,AA,AA,AC,CC,CC,TT,AA,GG,AA,AA,AA,AA,AG,AG,AA,AA,AT,CG,AA,AA,AA,AC,TT,AA,AA,GG,NN,GG,TT,AA,AA,TT,TT,TT,GG,AT,GG,GG,AA,8.03,Susceptible,Medium,Standard,Medium
L0590,Mandya,Karnataka,Kharif,Red Loamy,Irrigated (Cauvery command),780,27.0,72,AA,TT,AG,AA,GG,CG,GG,TT,CC,GG,NN,TT,CC,TT,TT,GT,CG,TT,TT,AG,CC,TT,TT,CC,TT,CC,TT,TT,NN,AA,TT,CT,AA,CC,GG,CG,GG,CC,GG,AC,TT,NN,AA,GT,AA,AG,CT,TT,CC,AC,GG,AA,AA,CG,CC,GT,AA,AC,GG,CC,NN,TT,AT,AG,TT,AT,CC,GG,CT,GG,AA,GT,CC,AA,GG,CC,AA,GG,TT,TT,AG,GT,NN,CC,AA,GG,AA,AA,CC,GT,CC,TT,CC,TT,GT,GG,NN,CC,GG,CC,CT,CG,GG,AA,TT,TT,CC,AA,AG,AA,CC,GG,TT,CC,TT,AA,AA,TT,CC,GG,CC,GG,CT,GT,CT,AA,CC,CC,CC,CC,AA,TT,CC,AA,CC,CC,AA,TT,AA,AA,GG,CC,CC,GG,AA,AG,AT,CC,GT,CC,CC,AG,AA,AG,TT,GG,AA,TT,TT,GG,CC,NN,GT,TT,GG,AA,TT,TT,AT,AT,GG,CC,AA,CC,CC,CC,GG,NN,AA,GG,AA,CC,TT,CC,GT,TT,GG,AA,AA,AA,TT,AC,GG,AA,CC,CC,GG,GG,AA,GG,TT,AA,AA,CC,GG,AA,AC,AA,AA,GG,TT,AT,AT,GG,GT,AT,CC,AT,TT,AA,GG,AA,CT,AA,TT,CC,TT,NN,CC,TT,CG,GG,CC,AG,CC,TT,TT,GT,GG,AT,AA,AC,AA,GG,CC,CG,GG,CC,GT,TT,AA,CG,TT,GG,CC,CG,AA,AA,CC,AT,CC,TT,AA,CC,CC,AC,TT,AA,CG,AA,AA,AC,AA,AG,GG,AG,AA,TT,CG,AA,AG,AC,AA,CC,AG,AA,GG,GG,GG,TT,AT,AG,GT,TT,TT,AG,AT,GG,GG,AC,7.31,Resistant,Low,Premium,Late
L0591,Mandya,Karnataka,Kharif,Red Loamy,Irrigated (Cauvery command),780,27.0,72,AA,TT,GG,AA,GG,CG,GG,TT,CC,CC,AA,CC,CC,TT,TT,GG,GG,TT,TT,AA,CC,TT,TT,CC,TT,CC,TT,TT,GG,NN,TT,CC,AA,CC,GG,CG,GG,CG,GG,CC,TT,CT,AA,TT,NN,AG,TT,AA,CC,AA,GT,AA,AA,GG,CC,TT,AT,AA,GG,AC,AA,GT,TT,AA,TT,AT,CC,GG,CT,GT,AA,GG,CC,AA,GG,AC,NN,GG,GT,TT,GG,GT,GG,CC,AA,GG,AA,AT,CC,GT,CC,TT,CT,TT,GT,GG,TT,CC,TT,CC,CC,CG,GG,AA,AT,GT,CC,AA,AA,AA,TT,GG,TT,CC,TT,CC,AA,AT,CG,AA,CC,GG,CC,GT,TT,AA,CC,CC,CC,CC,AA,NN,CC,AA,NN,CC,AA,TT,AA,AA,GG,CT,CC,GG,AA,AA,AA,AC,GT,CC,CC,AA,AA,GG,TT,GG,AA,TT,CC,AA,AC,TT,GT,CT,CC,AA,TT,TT,AA,TT,GG,CC,AG,CC,CC,CC,CG,CC,AA,GG,AG,CC,TT,CG,GG,TT,GG,AT,AA,GG,TT,CC,GG,AA,CC,CC,GG,GG,AC,GG,TT,AC,AA,CC,GT,AA,AC,AA,AT,GT,GT,TT,AT,GG,NN,TT,CG,TT,TT,AA,GG,AA,TT,AC,TT,CC,TT,AA,CC,TT,CG,AG,CC,GG,CC,TT,CT,TT,GG,TT,AC,AC,GG,GG,CC,CC,GG,CC,GG,TT,AG,CC,GT,GG,NN,CG,AA,GG,CC,AA,CC,AA,AA,AC,CC,CC,TT,AA,GG,AA,AC,AC,AA,AG,AG,AA,AA,TT,GG,AC,AA,AC,AC,TT,AG,AA,GG,GG,NN,TT,AT,AA,GT,TT,TT,AA,TT,GG,GG,AA,7.46,Susceptible,Low,Poor,Early
L0592,Mandya,Karnataka,Kharif,Red Loamy,Irrigated (Cauvery command),780,27.0,72,CC,TT,AG,AG,GG,CC,GG,AT,CC,GG,AA,CT,CG,AT,TT,GG,GG,TT,TT,AG,CC,TT,TT,CC,TT,CC,TT,TT,GG,AA,TT,CC,AA,CC,GG,GG,GG,CC,GG,CC,TT,NN,AC,GT,AA,GG,TT,AA,CC,CC,GG,AA,AA,GG,CC,TT,AT,AC,GG,AA,AA,TT,TT,AG,TT,AT,CC,GG,TT,GG,AG,GG,CC,AA,AA,AC,AT,GG,GT,TT,GG,GT,GG,CC,AA,AG,AA,AT,CC,TT,CC,TT,NN,TT,TT,GG,CT,CC,TT,CC,CC,CC,AG,AA,TT,TT,CC,AA,GG,AC,CC,GG,TT,CG,TT,AA,AA,NN,CC,GG,CG,GG,CC,GG,TT,AG,CC,CC,CC,CG,AA,GT,AC,AA,CC,CT,AA,TT,AA,AA,GG,CC,CC,GG,AA,AG,AA,CC,GT,CC,CC,AA,AA,GG,TT,GG,CC,TT,CT,GG,CC,TT,TT,TT,CC,AT,TT,TT,AA,TT,GG,CC,AG,TT,CC,CC,GG,AC,AA,GG,AA,CC,TT,CC,GT,TT,GG,AT,AA,AA,TT,AC,GG,AA,CC,CC,GG,GG,AA,CG,TT,AC,AA,CC,GG,AA,CC,AA,AT,GG,TT,TT,AA,GG,GT,AA,CG,TT,GT,AA,GG,AA,CT,AA,TT,CC,CT,AC,CC,TT,GG,AG,CG,AG,CC,TT,TT,GT,GG,TT,AC,CC,AA,GG,CC,CC,GG,CC,GG,AT,AA,CG,TT,GG,CC,CC,AA,AG,CC,AA,CC,AA,AA,AC,CG,AC,AT,AA,GG,AA,AA,AC,AA,AG,AG,AA,NN,AT,GG,AC,AA,CC,AA,CT,AG,AA,GG,GG,CG,NN,AA,AG,GT,TT,TT,AG,AT,GG,GG,AA,7.39,Moderate,High,Premium,Medium
L0593,Mandya,Karnataka,Kharif,Red Loamy,Irrigated (Cauvery command),780,27.0,72,AC,TT,GG,AG,CG,CC,GT,TT,CC,GG,AA,CT,CC,TT,TT,GG,CG,TT,TT,AA,CC,TT,GT,CT,TT,CC,NN,TT,GG,AA,TT,CT,AA,AC,GG,CG,GG,CG,GG,CC,TT,TT,CC,NN,AA,GG,TT,AT,CC,NN,GG,AA,AG,NN,CC,TT,AT,AC,GT,AC,AA,TT,AT,AA,NN,AT,CC,GG,TT,GT,GG,GG,CC,AA,AG,AA,AA,GG,GT,CT,GG,GT,GG,CC,AA,GG,AA,AT,CG,TT,CC,TT,CT,TT,GT,GG,CT,CC,TT,CC,NN,CG,AA,AA,TT,TT,CC,AA,AA,AA,CC,GG,TT,CG,GT,AA,AA,TT,CG,NN,CG,NN,CC,GG,CC,AA,CT,CC,CC,CC,AA,TT,CC,AA,CC,CC,AA,NN,AA,AA,CG,CT,CC,GG,AA,AA,AA,AC,GT,CC,CG,AA,AG,GG,TT,GG,AA,TT,TT,GG,CC,TT,GT,TT,CC,AT,GG,TT,AA,AT,GG,CC,AA,TT,NN,CC,GG,CC,AA,GG,AA,CC,TT,CC,GG,GT,GG,TT,AA,AA,TT,CC,NN,AA,AC,CC,GG,NN,AA,GG,CT,NN,AA,CC,GG,AA,CC,AA,AA,GG,GT,AT,AA,CG,GT,AT,NN,AT,NN,AA,GG,AA,TT,AC,TT,CC,CT,AA,CC,TT,GG,AA,CC,AA,CC,TT,TT,GT,GG,TT,AA,CC,AA,GG,CC,CC,GG,CC,GG,AT,AA,CC,TT,GG,CG,CC,AA,GG,CC,AA,CC,AA,AA,CC,CC,NN,TT,AA,GG,AA,AA,AA,AA,AA,GG,AG,AA,AT,GG,CC,AA,AC,CC,CT,AA,AG,GG,GG,GG,TT,AA,AG,TT,TT,TT,AA,TT,GG,CG,AA,6.59,Resistant,Medium,Premium,Early
L0594,Mandya,Karnataka,Kharif,Red Loamy,Irrigated (Cauvery command),780,27.0,72,AA,TT,AA,AA,GG,CC,GG,TT,CC,CG,AT,CC,CC,AT,TT,GG,GG,TT,TT,AA,CC,TT,GG,CC,AT,CC,TT,TT,GG,AA,TT,CC,AA,CC,GG,CG,NN,GG,GG,CC,TT,TT,AA,NN,AA,NN,CT,TT,CC,CC,GG,AA,AG,GG,CT,TT,AA,AC,TT,AC,AG,TT,AT,AA,TT,TT,CC,GG,TT,GT,AA,GG,NN,AA,GG,AC,AA,GG,TT,TT,GG,GT,GG,CC,NN,GG,AA,AA,CC,TT,CC,TT,NN,AT,TT,GG,CT,CC,GT,CC,CC,CC,GG,AG,AT,TT,CG,AA,GG,AA,CT,GG,TT,CC,TT,AA,AA,TT,GG,GG,CG,GG,CC,GG,TT,AA,CC,CC,AC,CC,AA,TT,CC,AA,CC,CC,AA,NN,AA,AA,GG,CT,CC,GG,AA,AA,AA,CC,GG,CC,CC,AA,AG,GG,TT,GG,AA,TT,TT,GG,AC,GT,TT,TT,CG,AA,TT,CT,AT,TT,GG,CC,AA,NN,CC,CC,CG,CC,AA,GG,AA,CC,TT,CC,GT,GT,CG,TT,AG,AA,TT,CC,GG,AA,CC,CC,GG,GG,AA,GG,TT,AC,AA,CC,GG,AA,CC,AT,AT,GG,TT,AA,AT,GG,GT,AA,CC,AT,TT,AA,GG,AA,TT,AA,TT,CC,TT,AA,AA,TT,GG,AG,CC,AG,CC,TT,TT,GT,GG,TT,AA,CC,AA,GG,CC,CC,GG,CC,GG,AT,AG,CG,GT,AG,CC,CC,AA,GG,CC,AT,CC,AT,AG,CC,CG,AC,TT,AA,GG,AA,AC,AC,AA,AG,AG,AA,AA,AT,GG,AA,AA,AC,AA,CC,AA,AA,GG,GG,GG,TT,AA,AG,GT,TT,TT,AG,TT,GG,GG,AA,8.5,Moderate,Medium,Poor,Early
L0595,Mandya,Karnataka,Kharif,Red Loamy,Irrigated (Cauvery command),780,27.0,72,AA,TT,GG,AG,CG,CC,GG,TT,CC,CC,AA,TT,CC,TT,TT,GG,CG,TT,TT,AA,CG,TT,TT,CT,TT,CC,GT,TT,GG,AA,CT,CC,AA,CC,GG,CG,GG,CG,GG,CC,TT,TT,AA,TT,AA,GG,TT,TT,CC,AC,GG,AA,AG,GG,CC,GG,AA,AA,GG,AC,AG,TT,TT,AG,TT,TT,CC,GG,TT,GG,AA,GG,CC,AA,GG,AA,AT,GG,TT,TT,GG,TT,GG,NN,AA,GG,AA,AA,CC,TT,AC,TT,TT,TT,TT,AG,TT,AC,TT,CT,CC,CC,AG,AA,AT,TT,CC,AG,AG,AC,CC,GG,TT,CC,GT,AA,AA,TT,CC,GG,CC,GG,CC,GT,TT,AA,CT,CC,CC,CC,AG,TT,AC,AA,CC,CT,AA,TT,AA,AT,GG,CT,CG,AG,AA,GG,AA,AC,GG,CC,CC,AG,AG,AG,TT,GG,AC,TT,TT,AG,AA,TT,TT,TT,CG,TT,TT,TT,AA,TT,GG,CC,AA,CC,CC,CC,GG,CC,AA,GG,AA,CC,TT,CC,GT,TT,GG,AT,AG,AA,TT,CC,GG,AA,CC,CC,GG,GG,AA,GG,TT,AC,AA,CC,GG,AT,CC,AT,AT,GG,TT,AA,AT,CG,GG,AT,CG,TT,GT,AA,GG,AA,TT,AA,TT,CC,TT,AC,AC,TT,GG,GG,CC,AG,CC,TT,CT,GT,GG,TT,AA,AC,AA,GG,CC,CG,GG,CC,GG,NN,GG,CC,TT,GG,CC,CG,AA,GG,CC,AA,CG,AA,AA,AC,CC,AC,TT,AA,NN,AA,AA,AA,AA,GG,AG,AA,AA,TT,CG,AC,GG,CC,AA,TT,AA,AA,GG,GG,GG,TT,AA,AA,NN,TT,AT,AG,TT,GG,GG,AA,8.04,Susceptible,High,Poor,Late
L0596,Mandya,Karnataka,Kharif,Red Loamy,Irrigated (Cauvery command),780,27.0,72,CC,TT,GG,AA,GG,CC,GT,TT,CC,CG,AA,CT,CG,AT,TT,GG,GG,TT,TT,AG,CC,TT,GT,CC,TT,CC,TT,TT,GG,AA,TT,CC,AA,CC,GG,CG,GG,CG,GG,CC,NN,CT,AA,TT,AG,AA,TT,TT,CC,AC,GG,AA,NN,GG,CC,TT,AT,AA,GT,AC,AA,TT,AT,AA,TT,TT,CC,GG,TT,GT,AA,GG,CC,AA,GG,AA,AT,GG,TT,TT,GG,GT,GT,CC,AT,AG,AA,AT,CC,TT,CC,TT,CT,TT,TT,GG,TT,CC,TT,CC,CT,CC,AG,AA,TT,TT,CC,AA,AA,AC,CC,GG,TT,CC,TT,CC,AA,TT,CG,GG,CG,GG,CC,GG,TT,AA,CC,CC,CC,CC,AA,TT,AC,AA,CC,CT,AA,AT,AA,AA,GG,CC,CC,GG,AA,AA,AA,CC,GG,CG,CC,AA,AG,AG,GT,AG,AA,TT,CT,GG,AC,TT,GT,TT,CC,AA,GT,TT,AA,TT,GG,CC,AA,CC,AC,CC,GG,CC,AA,AG,AA,CC,TT,CC,GG,TT,GG,AT,AA,AG,TT,CC,CC,AA,CC,CC,GG,GG,AA,GG,TT,AC,AG,CC,GT,AA,CC,AA,AA,GT,TT,TT,AT,GG,GG,AA,CC,AT,GG,AA,GG,AA,CT,AC,TT,CC,CT,AA,CC,TT,GG,AA,CC,AA,CC,AT,TT,NN,GG,TT,AC,NN,AA,GG,CC,CG,GG,CC,GG,AT,AA,CC,GT,GG,CC,CC,AT,GG,CG,AT,CC,AA,AA,AC,CC,AC,TT,AA,GG,AA,AA,AC,AC,AG,AG,AA,AA,AA,GG,AC,AG,CC,AA,TT,AA,AA,GG,GG,GG,TT,AA,GG,TT,TT,TT,AG,TT,GG,GG,AA,5.7,Resistant,Low,Poor,Early
L0597,Mandya,Karnataka,Kharif,Red Loamy,Irrigated (Cauvery command),780,27.0,72,AC,TT,GG,AG,CG,CC,GT,AT,CC,CC,AA,CC,CC,TT,TT,GG,GG,TT,TT,AA,CC,GT,TT,CT,TT,CC,TT,TT,GG,AA,TT,CT,AA,CC,GG,CG,NN,CC,GG,CC,TT,NN,AA,TT,AA,GG,TT,TT,CC,AC,GG,AA,AG,GG,CT,TT,AT,AA,TT,AC,AA,GT,AT,AA,CT,AT,CC,GG,NN,GG,AG,GG,CC,AA,GG,AC,AT,GG,TT,TT,GG,GG,GG,CC,AA,GG,AA,AA,CC,GG,CC,TT,TT,TT,GT,GG,TT,CC,TT,CC,CC,CC,AG,AA,TT,TT,CC,AA,AG,AA,CT,GG,TT,CC,TT,AC,AA,TT,CC,GG,CC,GG,NN,GG,NN,AA,CT,CC,CC,CC,AA,TT,AC,AA,CC,CC,NN,TT,AA,AT,GG,CT,CC,GG,AA,AG,AA,CC,GT,CC,CG,AA,AA,GG,GT,GG,CC,TT,CT,NN,AC,TT,TT,TT,CC,TT,GT,CT,AT,TT,GG,CC,AG,CC,NN,AC,CG,CC,AA,GG,AG,CC,TT,CC,GG,TT,GG,TT,AA,AA,TT,CC,GG,AA,AC,CC,GG,GG,AC,GG,TT,AA,AA,CC,GG,AA,CC,AA,AA,GG,TT,AT,TT,GG,GG,AA,CG,TT,TT,AA,GG,AA,CT,AA,TT,CC,TT,AA,CC,TT,CG,NN,CC,AG,CC,AT,TT,GT,GG,TT,AA,AC,AA,GG,CC,GG,GG,CC,GG,AT,AA,CG,GT,GG,CC,CC,AA,GG,CC,AA,CC,AA,AA,AC,CC,AA,TT,AA,GG,AA,AA,CC,AA,AG,AG,AA,AA,TT,GG,AA,AA,AC,AC,TT,AA,AA,GG,GG,CG,GT,AA,AG,NN,TT,AT,AG,AT,GG,GG,AA,7.37,Susceptible,High,Standard,Early
L0598,Mandya,Karnataka,Kharif,Red Loamy,Irrigated (Cauvery command),780,27.0,72,AC,TT,GG,GG,CG,CC,GG,AT,CC,CC,AA,CC,CG,AT,TT,TT,CG,TT,TT,AA,CC,GT,TT,CC,TT,CC,TT,AT,GG,AA,TT,CC,AA,CC,AG,GG,GG,CC,GG,CC,TT,TT,AA,GT,AA,GG,TT,AT,CC,AC,GG,AA,AA,GG,CC,TT,AT,AA,TT,AC,AG,TT,TT,AG,CT,TT,CC,GG,TT,GG,AA,GG,CC,AA,GG,CC,AA,GG,TT,TT,GG,GG,GG,CC,AA,GG,AA,AA,CC,TT,CC,NN,TT,TT,TT,AG,CT,CC,TT,CC,CT,GG,AA,AA,NN,NN,CC,AA,GG,AC,CC,GT,NN,CG,TT,AA,AC,TT,CC,GG,CC,GG,CC,GG,CT,AA,CC,CC,CC,CC,AA,TT,CC,AA,CC,CC,AA,TT,AA,AA,GG,CC,CC,GG,AA,AA,AA,CC,GT,CC,CC,AA,AG,GG,TT,GG,AC,GT,CT,GG,AC,TT,TT,TT,CC,AA,TT,TT,AA,TT,CG,CC,AA,CT,CC,CC,GG,CC,AA,GG,GG,CC,TT,CG,GG,GT,CG,AT,AG,AA,TT,CC,GG,AA,AC,CC,GG,GG,AC,GG,TT,AA,GG,CC,GT,AA,AC,AA,NN,GG,TT,TT,AA,GG,GG,AA,CG,AT,TT,NN,GG,AA,TT,AA,TT,CC,TT,AA,CC,TT,GG,AG,CC,AG,CC,TT,TT,TT,GG,TT,AA,AA,AA,GG,CC,CG,GG,CC,GG,TT,AA,CG,TT,GG,CC,CC,AA,GG,CC,AT,CC,NN,AG,AC,CG,AC,TT,AA,CG,AA,AA,AA,AC,AG,AG,AA,AA,TT,GG,AA,AA,CC,AA,TT,AA,AA,CG,GG,GG,GT,AT,AA,TT,TT,TT,AA,TT,GG,GG,AA,6.27,Susceptible,Medium,Standard,Medium
L0599,Mandya,Karnataka,Kharif,Red Loamy,Irrigated (Cauvery command),780,27.0,72,AA,TT,GG,AG,CG,CC,GG,TT,CC,CG,AA,CC,CG,TT,TT,GG,GG,TT,TT,AA,CC,TT,TT,CC,TT,CC,TT,TT,GG,AA,TT,CC,AA,CC,GG,GG,GG,CC,GG,CC,TT,TT,AA,TT,AA,GG,TT,TT,CC,AC,GG,AA,AA,GG,CC,GT,AA,AA,GT,AC,AA,GG,AT,AA,CT,TT,CC,GG,TT,GT,AA,GG,CC,AG,GG,NN,AA,GG,TT,TT,GG,GG,GG,CC,AT,AG,AA,AA,CC,GT,AC,TT,NN,TT,TT,AG,TT,NN,TT,CC,CC,CC,AG,AA,AT,TT,CC,AA,AG,AA,CT,GG,GT,CC,GT,CC,AC,TT,CC,AG,CC,AA,CC,GG,CT,AG,CT,CC,CC,CC,AA,TT,CC,AA,CC,CT,AA,TT,AA,AT,GG,CC,CC,GG,AG,AG,NN,AC,GG,CC,CC,AA,AA,GG,TT,GG,AC,GT,CC,GG,CC,TT,TT,TT,CC,AT,GT,TT,AA,TT,GG,CC,AG,CC,CC,CC,CG,CC,AA,GG,AG,CC,TT,CC,GG,GT,GG,AT,AA,AA,TT,CC,GG,AA,AC,CC,GG,GG,AC,GG,TT,AA,AA,CC,GT,AA,AC,AA,AT,GG,GT,AT,TT,CG,TT,AT,CC,NN,TT,AA,GG,AA,CT,NN,TT,CC,TT,AA,CC,TT,CC,GG,CC,NN,CC,TT,CT,TT,GG,AT,AA,CC,AA,GG,CC,NN,GG,CC,GG,TT,AG,CC,TT,GG,CC,CC,AA,AG,GG,AT,CG,AT,AG,CC,CC,CC,TT,AA,GG,AA,AA,AC,AA,AG,AA,AA,NN,AT,GG,AA,AG,AC,AA,CT,AG,AG,GG,GG,GG,TT,AT,AA,TT,TT,TT,AG,AT,GG,GG,AA,6.38,Moderate,Low,Standard,Early
L0600,Mandya,Karnataka,Kharif,Red Loamy,Irrigated (Cauvery command),780,27.0,72,AA,TT,AG,AG,GG,CC,GT,TT,CC,CG,AA,CC,CC,AT,TT,GG,CC,TT,TT,AA,CC,TT,GT,CT,AT,CC,TT,AT,GT,AA,TT,CT,AG,AC,GG,CG,GG,CG,GG,CC,TT,TT,AA,TT,AA,GG,CT,TT,CC,AC,GG,AA,AA,GG,CT,TT,AA,AC,GT,AA,AG,GT,TT,AA,TT,TT,CC,GG,TT,GG,AG,GG,CC,AA,GG,CC,AA,AG,GT,TT,GG,GT,GT,CC,AA,GG,AA,AA,CC,GG,CC,TT,CC,TT,GT,GG,TT,CC,TT,CT,CT,CG,AG,AA,TT,TT,CC,AA,AG,AC,CC,GG,TT,CG,GT,AA,AA,TT,CC,GG,CG,GG,CC,TT,CT,AA,CC,CC,AC,CC,AA,TT,CC,AA,CC,CC,AA,TT,AA,NN,CG,CT,CC,GG,AG,AG,AT,CC,GG,CC,CC,AA,AA,GG,TT,GG,AC,TT,TT,GG,AC,TT,TT,TT,CG,AA,TT,TT,AT,TT,GG,CC,AA,CT,CC,AC,CC,AC,AA,NN,AG,CC,TT,CC,GT,TT,GG,AT,AA,AA,TT,CC,CG,AC,AC,CC,GG,GG,AA,GG,NN,AC,AA,CC,GG,AT,AC,AA,AT,GG,TT,AT,AT,GG,GT,AT,CC,AT,GT,AA,GG,AA,TT,AA,TT,CC,TT,AA,CC,TT,GG,AA,CG,AG,AC,TT,CT,TT,GG,TT,AA,AC,AG,GG,CC,CC,GG,CC,GG,AT,AA,CC,TT,GG,CC,CG,AA,AG,CG,AT,CC,AT,AA,AC,CG,AC,TT,AG,GG,AA,AA,AC,AC,GG,GG,AA,AA,TT,GG,AA,AA,AC,AA,CT,AA,AA,GG,NN,CG,TT,AA,AA,TT,TT,TT,AA,TT,GG,GG,AA,6.59,Susceptible,Medium,Premium,Late
L0601,Mandya,Karnataka,Kharif,Red Loamy,Irrigated (Cauvery command),780,27.0,72,AA,CT,GG,AG,GG,CG,GG,TT,CC,CG,AA,CC,CG,TT,TT,GT,CC,TT,TT,AA,CC,GT,GT,CC,TT,CC,GT,TT,GG,AA,TT,CT,AA,CC,AG,CG,GT,CG,GG,CC,TT,CT,AA,TT,AA,AA,TT,AT,CC,AA,GT,AA,AA,GG,CT,TT,AA,AC,GG,AC,AA,TT,AT,AA,TT,TT,CC,GG,TT,GT,AA,GG,CC,AA,GG,AC,AT,GG,TT,TT,GG,GG,GG,CC,AA,GG,AA,AA,CC,TT,AC,TT,CC,TT,TT,GG,CT,CC,TT,CC,CC,CG,GG,AA,TT,TT,CC,AA,AA,AA,CC,GG,TT,CG,GT,AA,AC,TT,CC,AA,CC,GG,CC,GT,CT,AA,CC,CC,CC,CC,AA,TT,CC,AA,CC,CT,AA,TT,AA,AA,GG,CT,CC,GG,AA,AA,AA,AA,GG,CC,CC,AA,AA,GG,TT,GG,AA,TT,CT,AG,CC,TT,TT,TT,CC,AA,TT,TT,NN,TT,GG,CC,AG,CC,CC,CC,CG,CC,AA,GG,AG,CC,TT,CG,GG,GT,NN,AT,AG,NN,TT,CC,GG,AA,CC,CC,GG,GG,AA,GG,TT,AA,AG,CC,GG,AA,AC,AA,AA,GG,TT,TT,AT,GG,NN,AT,CC,TT,GT,AA,GG,AA,NN,AA,TT,CC,TT,AC,CC,TT,GG,AG,CG,GG,CC,AT,CT,GG,GG,TT,AC,AC,AA,GG,CC,CC,GG,CC,GG,TT,AA,CC,TT,GG,CC,CC,AA,GG,CC,AA,CC,AA,AA,AC,CG,CC,TT,AA,GG,AA,AA,AA,AA,GG,AA,AA,AA,AA,GG,AA,AA,AA,AA,CC,AA,AA,GG,GG,GG,TT,AA,AA,TT,TT,TT,AA,TT,GG,CG,AA,8.11,Susceptible,Low,Poor,Late
L0602,Mandya,Karnataka,Kharif,Red Loamy,Irrigated (Cauvery command),780,27.0,72,AC,CT,GG,GG,GG,CC,GT,TT,CC,CG,TT,CC,CC,TT,TT,GG,GG,TT,TT,AA,CG,TT,GT,CC,AT,CC,TT,TT,GG,AA,TT,CC,AA,CC,GG,GG,GG,CG,GG,AC,NN,NN,AA,TT,AG,NN,TT,TT,CC,AC,GG,AA,NN,GG,CC,TT,AA,AA,GT,AC,AA,TT,AT,GG,TT,AT,CC,GG,TT,GG,AG,GG,CC,AA,GG,AA,AA,GG,TT,TT,AG,GT,GT,CC,AT,GG,AA,AA,CC,TT,CC,TT,CC,TT,TT,GG,CT,AC,TT,CC,CT,NN,AG,AA,TT,TT,CC,AA,AA,AC,CC,GG,TT,NN,GT,AA,AA,TT,CC,NN,CC,AG,CT,GG,CT,AA,CT,CG,CC,CC,AA,TT,CC,AA,CC,CT,AA,TT,AG,AA,GG,CC,CC,GG,AA,AG,AA,CC,GT,CC,CG,AG,AA,GG,TT,GG,AA,GT,TT,GG,AA,GT,GG,TT,CG,AT,TT,TT,AA,TT,GG,CC,AG,CC,CC,CC,NN,CC,AA,GG,AA,CC,TT,CC,GG,TT,GG,AT,AA,AA,TT,CC,CG,CC,CC,CC,GG,GG,AC,GG,TT,AA,AA,CC,NN,AA,CC,AA,AA,GG,TT,TT,AT,CG,GT,AT,CC,AT,TT,AA,GG,AA,CT,AA,TT,CC,TT,NN,AC,CC,GG,AG,CG,AG,AC,TT,TT,TT,GG,TT,AA,AC,AG,GG,NN,CG,GG,CC,GT,AT,AA,CC,GT,GG,CC,CC,AA,GG,CC,AT,CG,AT,AG,CC,CC,AA,TT,AA,GG,AA,AA,AC,AA,GG,AA,AG,AA,TT,GG,AA,AA,AC,AA,CC,AA,AG,GG,GG,CG,TT,AA,AA,TT,TT,TT,AA,NN,GG,GG,AC,9.37,Resistant,Low,Poor,Medium
L0603,Mandya,Karnataka,Kharif,Red Loamy,Irrigated (Cauvery command),780,27.0,72,AA,TT,GG,AA,GG,CC,GG,AT,CC,GG,AA,CC,CC,TT,GT,GG,GG,TT,TT,AA,CG,TT,GT,CC,TT,CC,TT,TT,GG,AA,TT,CC,AG,CC,GG,GG,GG,GG,GG,AC,TT,TT,AA,TT,AG,AG,TT,TT,CC,AA,GG,AA,AG,GG,CC,TT,AA,AA,GT,CC,AA,TT,TT,AG,TT,TT,CC,GG,TT,GT,AG,GG,CC,AA,GG,AC,AT,GG,TT,TT,GG,GG,GG,CC,AA,GG,AA,AT,CC,GT,CC,TT,CT,TT,GG,GG,TT,CC,TT,CC,CT,CC,GG,AA,TT,TT,CC,AG,GG,AA,CC,GG,TT,CC,GT,AA,AA,TT,CC,AG,CG,AG,CC,TT,TT,AA,CC,CC,CC,CC,AA,NN,CC,AA,CC,CC,AA,TT,AA,AT,GG,CC,CC,GG,AA,AG,AA,AC,GT,CC,CC,AA,AA,GG,TT,GG,AA,GT,CC,GG,AC,TT,TT,TT,CC,AA,GT,TT,AA,AT,GG,CG,AA,CT,AC,CC,CG,CC,AA,GG,AG,CC,TT,CC,GG,TT,GG,AT,AA,AA,GT,AC,CG,AA,CC,CC,GG,AG,AA,CG,CT,AA,AA,CC,GG,AA,AC,AA,AA,GG,TT,TT,AT,CG,GT,AA,CC,AT,GT,AA,GG,AA,TT,AA,TT,CG,TT,AA,CC,TT,CG,AA,CC,AG,CC,TT,TT,GT,GG,AT,AA,CC,AG,GT,CC,CC,GG,CC,GG,AT,AA,CC,TT,GG,CC,CG,AA,GG,CC,AA,CC,AT,NN,AC,CG,CC,AT,AA,GG,AA,AA,AC,AA,AG,AG,AA,AA,TT,GG,AA,AA,CC,AA,TT,AG,AG,GG,GG,GG,TT,AT,AA,GT,TT,TT,AG,TT,GG,GG,AA,6.72,Susceptible,High,Poor,Late
L0604,Mandya,Karnataka,Kharif,Red Loamy,Irrigated (Cauvery command),780,27.0,72,AA,TT,GG,AA,GG,CG,GG,TT,CC,CG,AA,CC,CC,TT,TT,GG,CG,TT,AA,AA,CC,TT,TT,CC,TT,CC,GT,AT,GT,AA,TT,CC,AA,AC,GG,CG,GG,GG,GG,CC,TT,CT,AA,TT,AA,AA,TT,TT,CC,AC,GG,AA,AA,GG,CC,TT,AA,AC,GT,AC,AA,TT,TT,AG,TT,TT,CT,GG,TT,GT,AG,GG,CC,AA,GG,AC,TT,GG,TT,TT,GG,GT,GG,CC,AA,GG,AA,AA,CC,GG,CC,TT,CC,AT,GT,GG,TT,CC,TT,CC,CC,CC,AG,AA,TT,NN,CC,AA,NN,AC,CC,GG,TT,CC,TT,AA,AC,TT,GG,AG,CG,GG,CC,GG,TT,AA,CC,CC,CC,CG,AA,TT,AC,AA,CC,CC,AA,TT,AA,AA,GG,CC,CC,GG,AA,AG,AA,CC,GG,CC,CC,AA,AA,GG,TT,GG,CC,TT,CT,GG,CC,GT,TT,TT,CC,AA,GT,TT,AA,AT,GG,CC,AA,CC,CC,AC,CC,CC,AA,GG,AA,CC,TT,CC,GG,TT,GG,AT,AA,AA,GT,AC,GG,AC,CC,CC,GG,GG,CC,GG,TT,AC,AA,CC,GT,AA,AC,AA,AT,GG,TT,TT,AT,GG,GG,AT,CG,TT,GT,AA,GG,AA,CT,AA,TT,CC,TT,AC,AC,TT,GG,AA,CC,AG,CC,AT,NN,GG,GG,TT,AA,CC,AG,GG,CC,CC,GG,CC,GG,TT,AA,CC,GT,GG,CC,CC,TT,GG,CG,AA,CC,AT,AA,CC,CG,AC,TT,AA,GG,AT,AC,AA,AA,AG,AG,AA,AG,AT,GG,AA,AA,AC,AA,TT,AA,AA,GG,GG,GG,TT,AA,AA,GT,TT,TT,AG,TT,GG,GG,AA,6.73,Susceptible,Medium,Poor,Early
L0605,Mandya,Karnataka,Kharif,Red Loamy,Irrigated (Cauvery command),780,27.0,72,AC,TT,GG,AA,CG,CC,GG,TT,CG,CG,AA,CC,CG,AA,TT,GG,GG,TT,TT,AA,CC,GG,GT,CC,TT,CC,TT,AT,GG,AA,TT,CC,AA,CC,GG,GG,GG,CC,GG,CC,TT,NN,AA,GT,AA,GG,CT,TT,CC,AC,GG,AA,AA,GG,CC,TT,AA,AC,GG,AA,AG,TT,AT,AA,TT,AT,CC,GG,TT,GT,AA,GG,CC,AA,GG,CC,AT,GG,TT,TT,GG,NN,GG,CC,AA,GG,AA,AT,CG,TT,CC,TT,NN,TT,GT,GG,CT,CC,GT,CC,CC,CG,AG,GG,TT,TT,CC,AA,AG,AC,CC,GG,TT,CC,TT,AA,AA,TT,CC,GG,CC,GG,CC,GT,TT,AA,CC,CC,NN,CC,AA,TT,CC,AA,CC,CC,AA,AT,AA,AA,GG,CT,CC,GG,AA,AG,AA,CC,GG,CC,CC,AA,NN,GG,TT,GG,AA,TT,CT,GG,AA,GT,TT,TT,CC,AA,GT,TT,AA,TT,GG,CC,AA,CT,CC,CC,CG,CC,AA,GG,AA,CC,TT,CC,GG,GG,GG,AT,AA,AG,TT,CC,CG,AA,CC,CC,GG,GG,AA,GG,TT,AA,AA,CC,GG,AA,CC,AA,AT,GT,TT,TT,TT,GG,TT,AT,CC,TT,TT,AA,AG,AA,TT,AA,TT,CG,TT,AA,CC,TT,GG,AA,CC,AA,CC,TT,CT,TT,GG,AT,AC,CC,AA,GT,CC,GG,GG,CC,GG,AT,AA,CC,TT,GG,CC,CG,AA,GG,CC,TT,CC,AA,AA,AC,CC,CC,TT,AA,GG,AA,AC,AC,AA,AA,AA,AG,AA,TT,CG,AC,AG,AC,AA,CT,AA,AG,GG,AG,GG,TT,AT,AA,GT,TT,TT,AA,TT,GG,CG,AA,6.68,Susceptible,Medium,Poor,Late
L0606,Mandya,Karnataka,Kharif,Red Loamy,Irrigated (Cauvery command),780,27.0,72,CC,CT,GG,AG,GG,CC,GT,AT,CC,CG,AA,CC,GG,TT,TT,GG,CG,NN,TT,AA,CG,TT,GT,CC,TT,CC,TT,TT,GT,AA,TT,CT,AA,CC,GG,CG,GG,CG,GG,CC,TT,TT,AA,TT,AA,GG,TT,TT,NN,CC,GT,AA,AG,GG,CT,TT,AA,AA,GG,AC,AA,TT,AT,AA,TT,TT,CC,GG,TT,GG,AA,GG,CC,AA,AG,AA,AA,GG,TT,TT,GG,TT,GG,CC,AA,GG,AA,AA,CG,TT,CC,TT,CT,TT,TT,AA,TT,CC,TT,CC,CT,CG,AG,AA,TT,TT,CC,AA,AG,AA,CC,GG,TT,CC,TT,AA,AA,TT,CC,AA,CC,GG,CC,GT,TT,AG,CC,CC,CC,CC,AG,TT,AC,AA,CC,CC,AG,AT,AA,AT,CG,CC,CC,NN,AA,GG,AA,AC,NN,CC,CC,AA,GG,GG,TT,GG,AC,TT,TT,AG,AC,TT,TT,TT,CC,AT,GT,TT,AA,AT,GG,CC,NN,CC,CC,CC,CG,CC,AA,GG,AG,CC,TT,CC,GT,TT,CG,AT,AA,AA,TT,AC,GG,AA,AC,CG,GG,GG,NN,GG,TT,AA,AA,CC,GG,AA,CC,AA,AA,GT,TT,NN,AA,CG,GT,AT,CC,AT,TT,AA,GG,AA,CT,AA,TT,CC,NN,AA,CC,CT,GG,GG,CC,AA,CC,TT,CT,GT,GG,TT,AA,AA,AG,GG,CC,CC,GG,CC,GG,AA,AG,CC,GT,GG,CC,CC,AA,AG,CC,AA,CG,AA,AA,AC,CC,CC,TT,AA,GG,AA,AA,AC,AA,AA,AA,AG,AA,TT,GG,AA,AA,AC,AA,TT,AA,AA,CG,GG,CG,GT,AA,AA,TT,TT,TT,AG,TT,GG,GG,AA,5.05,Susceptible,Medium,Standard,Early
L0607,Mandya,Karnataka,Kharif,Red Loamy,Irrigated (Cauvery command),780,27.0,72,AC,TT,GG,AG,GG,CC,GG,TT,CC,GG,AA,CT,CG,TT,TT,GG,GG,TT,TT,AA,CC,GG,TT,CC,TT,CC,TT,TT,GG,AA,TT,CC,AG,CC,GG,GG,GG,CG,GG,CC,GT,CT,AA,TT,AA,AG,CT,TT,CC,AC,GG,AA,AG,CG,CT,TT,AT,AC,GG,AA,AA,TT,TT,GG,TT,TT,CC,GG,CT,GG,AA,GG,CC,AA,AG,AA,AT,AG,GT,TT,GG,GG,GG,CC,AA,AG,AA,AA,CG,GT,CC,TT,CC,TT,GT,GG,TT,CC,TT,CC,CC,NN,AG,AA,TT,TT,CC,AA,AA,AA,CC,GG,GT,CC,GT,AA,AA,TT,CC,GG,CC,AG,CC,GT,CT,AA,CT,CC,NN,CC,AA,GT,CC,AC,CC,CC,AA,NN,AA,AA,GG,CC,CC,GG,AA,GG,AA,CC,GT,CC,NN,AA,NN,GG,GT,GG,AC,TT,CT,GG,NN,TT,TT,TT,CG,AT,GT,CC,AA,TT,GG,CC,AA,CT,CC,CC,CG,CC,AA,GG,GG,CC,TT,CC,GT,GT,CG,NN,AA,AA,TT,CC,CG,AC,CC,CG,GG,GG,AC,CG,TT,AC,AA,CC,GG,AA,CC,AA,AT,GT,GT,AA,AA,CG,GT,AT,CG,AT,TT,AA,GG,AA,CT,AA,TT,CC,TT,AA,CC,CT,GG,AG,CC,AG,AC,TT,TT,TT,GG,TT,AA,AC,AA,GG,CC,CG,GG,NN,GG,TT,AA,CC,TT,GG,CC,CC,AA,GG,CC,AA,CC,AA,AA,CC,CG,AC,TT,AA,GG,AA,AA,AA,AA,GG,AA,AA,AA,TT,GG,AA,AG,CC,AA,CT,AA,AG,GG,GG,GG,GT,AA,AA,GT,TT,TT,AG,TT,GG,CG,AA,6.95,Resistant,Medium,Standard,Early
L0608,Mandya,Karnataka,Kharif,Red Loamy,Irrigated (Cauvery command),780,27.0,72,AC,TT,AA,AG,GG,CG,GG,TT,CC,GG,AT,CT,CG,AT,TT,GG,GG,TT,TT,AA,CC,TT,TT,CC,TT,CC,TT,TT,GG,AA,TT,CT,AG,CC,GG,CG,GG,CG,GG,CC,TT,CT,AC,TT,AA,AG,TT,AT,CC,AC,GG,NN,AA,GG,CC,TT,AA,AC,GG,AC,AA,TT,TT,AA,TT,AT,CC,GG,TT,GG,AA,GG,CC,AA,GG,AC,AT,GG,TT,TT,GG,GG,GT,CC,AA,GG,AA,AA,CC,TT,CC,TT,CT,TT,TT,GG,CT,CC,TT,CC,CT,GG,AG,AA,TT,GT,CC,AA,AA,AA,CC,GG,TT,CG,TT,AC,AA,TT,CC,GG,CC,GG,CC,GT,CT,AA,TT,CC,CC,CC,AG,TT,CC,AA,CC,CC,AA,TT,GG,AT,NN,CT,CC,GG,AG,AG,AA,CC,NN,CC,CC,AA,AA,AG,TT,GG,AC,TT,CT,GG,AC,TT,TT,TT,CG,AT,TT,CT,AT,AT,GG,CC,AA,NN,CC,CC,GG,CC,AA,GG,AG,CC,TT,CC,GG,TT,GG,AT,AA,AG,TT,CC,GG,AA,AC,CC,GG,NN,AA,GG,TT,AC,AA,CG,GG,AA,CC,AA,AA,GG,TT,AT,AA,GG,GT,AA,CC,AT,TT,AA,GG,AA,TT,AA,TT,CC,CT,NN,CC,TT,GG,AA,CC,GG,AC,TT,CT,TT,GG,AT,AA,CC,AA,GG,CC,CG,GG,CG,GG,AT,AA,CC,TT,GG,NN,CC,AA,GG,CC,TT,CC,AA,AG,AC,CC,AC,TT,AA,GG,AA,NN,AC,AA,AG,AG,AG,AA,TT,GG,AA,AA,CC,AA,CT,AG,AA,GG,GG,CG,TT,AA,AA,TT,TT,TT,AG,TT,GG,GG,AC,9.66,Susceptible,High,Standard,Late
L0609,Mandya,Karnataka,Kharif,Red Loamy,Irrigated (Cauvery command),780,27.0,72,AC,CC,GG,AA,GG,CC,GG,TT,CC,CG,AA,CT,CC,TT,TT,GG,GG,TT,AT,AG,CC,TT,TT,CC,TT,CC,TT,TT,GG,AA,NN,TT,AA,CC,GG,GG,GG,CC,GG,CC,TT,CT,AC,NN,AA,GG,TT,AT,CC,AA,GG,AT,AA,GG,CC,TT,AT,AA,TT,AA,AA,TT,TT,AG,TT,TT,CC,GG,TT,GG,NN,GT,CC,AA,AG,AA,AT,GG,GT,CT,GG,GT,GG,CC,AA,GG,NN,AA,CC,TT,NN,TT,CT,TT,TT,GG,CT,CC,TT,CT,CC,CC,AG,AA,TT,GT,CC,AA,AG,AA,CT,GG,GT,CG,TT,AA,AA,AT,CC,AG,CG,GG,CC,GT,CC,AG,CC,CC,CC,CC,AA,TT,CC,AA,CC,CC,NN,AT,AA,AA,GG,CT,CG,GG,AA,AG,AA,CC,GT,CC,CC,AA,AG,GG,GT,AG,AC,TT,TT,GG,AC,TT,TT,NN,CC,AA,TT,TT,AA,AT,GG,CC,AG,CT,AC,CC,GG,AC,AA,GG,AG,CC,TT,CC,TT,NN,NN,AA,AA,AG,TT,CC,GG,AA,AA,CC,GG,GG,AC,GG,TT,AC,AG,CG,GG,AA,CC,AA,AA,GG,TT,TT,AA,GG,GT,AA,CG,AT,GG,AA,GG,AA,TT,AA,TT,CC,TT,AC,AC,TT,GG,AG,CG,AG,AA,TT,CT,GG,GG,TT,AA,CC,AA,GG,CC,GG,GG,CC,GG,AT,AA,CC,TT,GG,CC,CC,AA,GG,CC,AT,NN,AA,AA,CC,CC,AC,TT,AA,GG,AA,CC,AC,AA,GG,AG,AA,AA,TT,GG,AA,AG,CC,AC,TT,AA,NN,CG,GG,GG,GT,AT,AA,GT,TT,TT,AA,TT,NN,GG,AA,8.02,Moderate,Low,Poor,Medium
L0610,Mandya,Karnataka,Kharif,Red Loamy,Irrigated (Cauvery command),780,27.0,72,AC,TT,GG,AA,GG,CC,GT,TT,CC,CG,AA,CC,GG,TT,GT,GT,CG,AT,TT,AA,CC,TT,TT,CC,TT,CC,TT,TT,GG,AC,TT,CC,AA,CC,GG,GG,GG,CC,GG,CC,TT,CT,AA,GT,AA,AG,CT,TT,CC,AC,GG,AT,AG,GG,CT,GT,AA,AC,GG,AC,AA,TT,TT,AA,CC,AT,CC,GG,TT,GT,GG,GG,CC,AA,GG,AC,AT,AG,TT,TT,GG,GT,GG,CC,AA,GG,AA,AA,CC,TT,CC,TT,CC,AT,TT,GG,CT,CC,TT,CC,CT,NN,GG,AA,AT,TT,CC,AA,GG,NN,CC,GG,TT,CC,TT,CC,AA,TT,CC,GG,CG,GG,CC,GT,TT,AG,CC,CC,CC,CG,AA,TT,CC,AA,CC,CC,AG,TT,AA,AT,GG,CC,CC,GG,AA,AG,AT,CC,TT,CC,CC,AA,AA,NN,GT,GG,AA,TT,CT,AG,CC,TT,TT,CT,CG,AT,TT,CT,AA,TT,GG,CC,AG,CT,CC,CC,GG,CC,AA,GG,AG,CC,TT,CC,TT,GG,CC,AT,AA,AG,TT,CC,GG,AA,CC,CC,GG,GG,AC,CG,NN,AA,AA,CC,GG,AT,AC,AA,AA,GG,TT,TT,AA,GG,GT,AA,CG,TT,TT,AA,GG,AA,CC,AA,TT,CC,TT,AC,CC,TT,CG,AA,CG,AA,CC,TT,CT,TT,GG,TT,AC,AC,AA,GG,CG,CG,GG,CC,GG,AT,AA,CC,TT,GG,NN,CC,AA,GG,CG,AT,CC,AA,AA,AC,CC,CC,TT,AA,CG,AA,AC,AC,AC,AG,AG,AA,AA,TT,GG,AC,AA,AC,AA,CT,AG,AA,GG,GG,GG,TT,AA,AA,GT,TT,TT,AG,TT,GG,CG,AA,8.74,Resistant,Medium,Premium,Late
L0611,Mandya,Karnataka,Kharif,Red Loamy,Irrigated (Cauvery command),780,27.0,72,AA,TT,GG,AG,GG,CC,GG,TT,CC,CG,AA,CC,CC,AT,GT,GT,CG,TT,TT,AA,CC,GT,TT,CT,TT,CC,TT,AT,GG,AA,TT,CC,AA,CC,GG,GG,GG,CC,GG,CC,TT,TT,AC,GT,AA,GG,CT,AT,CC,AA,GG,AA,AA,GG,CC,TT,AT,AC,GG,AA,AA,TT,AA,AA,TT,TT,CT,GG,TT,TT,AG,GG,AC,AA,GG,AC,AT,GG,TT,TT,GG,GG,GG,CC,AA,GG,AA,AA,CG,GT,CC,TT,CT,TT,GT,GG,TT,AC,GT,CT,CC,CC,AG,AA,TT,TT,CG,AA,GG,AC,CC,GG,TT,CC,TT,AA,AA,TT,CC,AG,CC,GG,CC,GG,CT,AA,CC,CC,AC,CG,AA,TT,CC,AA,CC,CC,AA,AT,AG,AT,GG,CT,CC,GG,AA,GG,AT,CC,GT,CC,CC,AA,AA,GG,GT,GG,CC,GT,TT,GG,CC,GG,TT,TT,CC,AA,GG,TT,AT,AA,GG,CC,AG,CT,CC,CC,CG,CC,AA,GG,AA,CC,TT,CC,GG,GT,GG,AT,AA,AA,TT,CC,GG,AA,CC,CC,GG,GG,AC,GG,TT,AA,AA,CG,TT,AT,AC,AA,AT,GT,GT,TT,AA,CG,TT,AT,CC,TT,GT,AA,GG,AA,TT,AA,TT,CC,TT,AA,CC,TT,CC,AG,NN,AG,CC,AT,TT,TT,CG,TT,AA,CC,NN,GG,CC,CC,GG,CC,GG,AT,AA,CC,GT,GG,CC,CC,AA,GG,CC,AT,CG,AA,AA,CC,CG,AA,TT,AA,GG,AA,AC,AA,AA,GG,GG,AA,AA,AT,GG,AC,AA,CC,AA,CT,AA,AA,GG,GG,GG,GT,AA,AA,GT,TT,TT,AG,AT,GG,GG,AA,4.74,Susceptible,Low,Premium,Early
L0612,Mandya,Karnataka,Kharif,Red Loamy,Irrigated (Cauvery command),780,27.0,72,AC,TT,GG,GG,GG,CC,GT,AT,CC,CC,AA,CT,CC,TT,TT,GG,NN,TT,TT,AG,CC,TT,TT,CT,TT,CC,GT,TT,GT,AA,CT,CC,AA,CC,GG,CG,GG,CC,GG,CC,TT,TT,AA,GT,AA,AG,TT,TT,CC,CC,GG,AA,AA,GG,CT,TT,AA,AC,GT,AA,AG,TT,AT,AA,TT,AT,CC,GG,CT,GG,AG,GG,CC,AA,AG,AA,AA,GG,GT,TT,GG,GG,GG,CC,AA,GG,AA,AA,CC,TT,AC,TT,CC,TT,TT,GG,CT,CC,TT,CC,CT,GG,AA,AA,TT,TT,CC,AA,AA,AA,TT,GG,TT,CG,TT,AC,AC,AT,CC,GG,CC,GG,CC,GG,TT,GG,CC,CC,CC,CC,AG,GG,CC,AA,CC,CC,AA,TT,AA,AA,GG,CC,CC,GG,AA,AA,AA,CC,GG,CC,CC,AA,AA,NN,GT,AG,AA,GT,CC,AG,AC,TT,GT,TT,CG,AA,NN,TT,NN,AT,GG,CC,AG,CC,CC,CC,CC,CC,AA,AG,AG,CC,TT,CC,GG,GG,CG,AT,AA,AA,TT,AC,GG,AC,CC,CC,CG,GG,AA,GG,TT,AA,AA,CC,GT,AA,AC,AA,AA,GT,TT,AT,AT,GG,TT,AT,CC,TT,TT,AA,GG,AG,TT,AA,TT,CC,TT,AC,CC,TT,CG,AG,CC,AG,CC,TT,TT,GT,GG,TT,AC,AC,AA,GG,CC,CC,GG,CC,GG,TT,AA,CC,TT,AG,CC,CC,AA,GG,CC,AA,CC,AA,AA,AC,CC,AC,AT,AA,CG,AA,AA,AA,AA,AA,AG,AA,AA,AT,GG,AC,AA,AC,AA,TT,AG,AG,GG,GG,CG,TT,AA,AA,GT,AT,TT,AG,TT,GG,CG,AA,4.87,Susceptible,Medium,Poor,Medium
L0613,Mandya,Karnataka,Kharif,Red Loamy,Irrigated (Cauvery command),780,27.0,72,AC,TT,GG,AA,CG,CC,GT,AT,CC,GG,AA,CC,GG,AT,TT,GT,GG,TT,TT,AA,CG,TT,GG,CC,TT,CC,TT,TT,NN,AA,TT,CC,AA,CC,AG,CG,GG,CC,GG,CC,TT,CT,AA,TT,AG,AG,TT,TT,CC,AC,GG,AA,AG,GG,CC,TT,AA,NN,GG,AC,AG,TT,AT,AG,TT,AT,CC,GG,TT,GG,AG,GT,CC,AA,GG,CC,AA,GG,TT,TT,GG,GG,TT,CC,AA,GG,AA,AA,CC,GT,AC,TT,CC,TT,TT,GG,TT,CC,GT,CC,NN,NN,AG,AA,TT,TT,CC,AA,AG,AA,TT,GT,TT,CC,TT,AA,AA,TT,CG,GG,CG,GG,CC,GG,CT,AG,CT,CC,AC,CC,AA,TT,CC,AA,CC,TT,AA,TT,AA,AA,GG,CT,CC,GG,AA,GG,AA,CC,GT,CC,CC,AA,AA,GG,TT,GG,AA,TT,CC,GG,AC,GT,TT,TT,CC,AA,GT,TT,AT,TT,GG,CC,AG,CT,AC,CC,CG,CC,AA,GG,AG,CC,TT,CG,GG,GG,GG,AT,AA,AA,TT,CC,CG,AC,CC,CC,GG,GG,AC,GG,TT,AA,AG,CC,GG,AA,AC,AA,AA,GT,TT,AT,AA,GG,TT,AA,CC,AT,TT,AA,GG,AA,TT,AA,TT,CC,TT,AA,CC,TT,GG,AA,CG,AG,CC,TT,CT,TT,GG,TT,AA,AC,AA,GG,CC,CC,GG,CC,GG,AT,AA,CG,GT,GG,CC,CC,AA,GG,CC,AA,CC,AA,AA,CC,CG,AC,AT,AA,GG,AA,AA,AA,AA,GG,AG,AA,AA,TT,GG,AC,AG,CC,AA,CT,AG,AA,GG,GG,GG,TT,AT,AA,TT,TT,TT,AA,AA,GG,GG,AA,5.72,Susceptible,Low,Poor,Medium
L0614,Mandya,Karnataka,Kharif,Red Loamy,Irrigated (Cauvery command),780,27.0,72,AC,NN,AG,AA,GG,CC,GG,TT,CC,CC,AA,CC,CC,NN,GT,GT,GG,TT,TT,AG,CG,GG,NN,CT,TT,CC,TT,TT,GG,AA,CT,TT,AA,CC,GG,GG,GG,CC,GG,CC,TT,TT,AA,TT,AG,GG,TT,TT,CC,AC,GT,AT,AG,GG,TT,TT,AA,AA,GT,AA,AG,TT,AA,AG,TT,AT,CC,NN,TT,GG,AA,GG,CC,AA,GG,AA,AT,GG,TT,TT,GG,GG,GT,CC,AA,GG,AA,AA,CC,GT,CC,TT,CT,TT,GG,GG,TT,CC,GT,CC,CC,CG,GG,AA,TT,GT,CG,AA,AA,AC,CC,GG,TT,CG,GT,AA,AA,TT,CC,GG,CC,GG,CC,GG,TT,AA,CC,CC,CC,CG,AA,TT,CC,AA,CC,CC,NN,TT,AA,AA,GG,CT,CG,GG,AA,AG,AA,CC,GG,CC,CC,AA,AG,AG,GT,GG,AC,TT,TT,GG,CC,TT,TT,TT,CC,AT,GT,TT,AA,TT,GG,CC,AG,CC,CC,CC,GG,CC,AA,GG,AA,CC,TT,CG,GG,TT,GG,NN,AA,AA,TT,AC,CG,AC,NN,CC,CG,GG,AA,GG,TT,CC,AA,CC,GG,AA,AC,TT,AT,GT,TT,AT,AA,CG,GT,AT,CC,TT,GG,AA,GG,NN,CT,AA,TT,CC,TT,AA,CC,CT,CG,AA,CC,GG,CC,TT,CT,GT,CG,TT,AC,AC,AA,GG,CC,CG,GG,CC,GG,TT,AA,CC,TT,GG,CC,CG,AT,GG,CC,AA,CC,AA,AA,AC,CC,CC,TT,AA,GG,AA,NN,AC,AA,AG,GG,AA,AA,TT,GG,AA,AA,CC,AA,CT,AG,NN,GG,AG,GG,TT,AT,AA,TT,TT,TT,AA,TT,GG,GG,AA,7.06,Susceptible,Medium,Standard,Medium
L0615,Mandya,Karnataka,Kharif,Red Loamy,Irrigated (Cauvery command),780,27.0,72,CC,TT,GG,AA,GG,CC,TT,TT,CC,CC,AA,CC,CC,TT,GT,GT,GG,TT,TT,AA,CC,TT,GT,CT,TT,CC,GT,TT,GG,AA,TT,TT,AA,CC,GG,GG,GG,CC,GG,CC,TT,TT,AC,GT,AA,AG,TT,TT,CC,CC,GG,AA,AA,GG,CC,GT,AA,AA,GG,AA,AA,TT,TT,AG,CT,AT,CC,GG,TT,GG,AA,GG,CC,AA,GG,AA,AA,NN,TT,TT,GG,GT,GG,CC,AT,GG,AA,AA,CC,GG,AC,TT,CT,AT,TT,GG,TT,CC,TT,CC,CC,GG,AG,AA,AA,TT,GG,AA,AG,AA,CC,GG,TT,CC,TT,CC,AC,TT,CC,AG,CC,GG,CC,NN,TT,AA,CC,CC,CC,CC,AA,TT,CC,AA,CC,CC,AA,AT,AA,AA,GG,CT,CC,GG,AA,GG,AA,AC,GG,CC,CC,AA,AA,GG,TT,GG,AC,TT,TT,GG,CC,GT,GT,CT,CG,AA,TT,TT,AA,TT,GG,CC,AG,TT,CC,CC,CG,CC,AA,GG,AG,CC,TT,CC,GG,TT,GG,AT,AA,AA,TT,CC,GG,AA,AC,CC,GG,GG,AC,GG,TT,AA,AA,CC,GT,AA,AC,AA,AA,GG,TT,TT,AT,GG,GG,AA,CC,AT,GT,AA,GG,AA,TT,AA,TT,CC,CT,AA,NN,TT,CG,AA,CC,AG,CC,TT,TT,GT,GG,TT,AA,AC,AG,GG,CC,CG,GG,CC,GG,AT,AA,CC,TT,GG,CC,CC,AA,GG,CC,AA,CC,AA,AA,CC,CG,AA,TT,AA,GG,AA,AA,AA,AA,AG,AA,AA,AA,AT,GG,AA,AG,AC,AC,TT,AA,AA,CG,GG,CG,TT,AA,AA,GT,TT,TT,AG,AA,GG,GG,AA,5.86,Susceptible,High,Premium,Late
L0616,Mandya,Karnataka,Kharif,Red Loamy,Irrigated (Cauvery command),780,27.0,72,CC,CT,GG,AG,GG,CC,GT,TT,CC,CG,AT,CC,CC,TT,TT,GG,GG,TT,TT,AG,CC,TT,GT,CT,TT,CC,TT,TT,GG,AA,TT,CC,AA,CC,GG,GG,GG,CG,GG,CC,TT,TT,AA,TT,AG,AG,CT,TT,CG,AC,GG,AA,AG,GG,CC,TT,AA,AC,TT,AC,AA,GT,AT,AA,TT,TT,CC,GG,TT,GG,AA,GG,AC,AA,AG,AA,AT,GG,TT,CT,GG,GT,GG,CC,AA,GG,AA,AA,CC,TT,AC,TT,CC,TT,TT,GG,TT,CC,GG,CC,CC,CG,AA,AA,AT,TT,CC,AA,AG,AC,CT,GG,GT,CG,TT,AA,AA,TT,CC,AA,CC,GG,CT,GG,TT,AA,CC,CC,CC,CC,AA,TT,CC,AA,CC,CC,AA,TT,AG,AT,GG,CC,CC,GG,AA,AA,AA,AC,GT,CC,CC,AA,AG,AA,TT,GG,AA,GT,TT,GG,CC,GT,GG,TT,CG,AT,GT,TT,AA,TT,CG,CC,AA,CC,CC,CC,GG,NN,AA,GG,GG,CC,TT,CC,GG,TT,GG,TT,AA,AA,TT,CC,CG,AA,CC,CC,GG,GG,CC,GG,TT,AC,AA,CC,GG,AT,CC,AA,AA,GG,GT,TT,AA,CG,GG,AA,CC,TT,TT,AA,GG,AA,TT,AA,TT,CC,CT,AA,CC,TT,GG,AA,CG,GG,AA,TT,CC,GG,GG,TT,AA,AC,AA,GG,CG,CC,GG,CC,GG,AA,AA,CC,GG,GG,CC,CC,AA,GG,CC,AA,CC,AT,AA,CC,CC,CC,AA,AA,GG,AA,AC,AA,AA,AG,AG,AA,AA,TT,GG,AA,AA,AA,AA,TT,AA,AG,GG,GG,GG,GT,AA,AA,TT,TT,TT,GG,TT,CG,CG,AC,7.26,Resistant,Low,Premium,Early
L0617,Mandya,Karnataka,Kharif,Red Loamy,Irrigated (Cauvery command),780,27.0,72,AA,CT,AG,AA,CG,CC,GG,TT,CC,CG,AA,CT,CC,AT,GT,GG,GG,TT,TT,AG,CG,GT,GG,CC,TT,CC,TT,TT,GG,AA,CT,CT,AA,CC,GG,GG,GG,CC,GG,CC,TT,CT,AC,GT,AG,GG,TT,AT,CC,CC,GG,AA,AA,GG,CT,TT,AA,AA,TT,AA,AA,TT,NN,AG,TT,TT,CC,GG,TT,TT,GG,GG,CC,AA,GG,AC,NN,GG,TT,TT,GG,GG,GT,CC,AA,GG,AA,AA,CC,NN,CC,TT,CC,TT,TT,GG,TT,CC,TT,CT,CC,CC,AG,AA,TT,GT,CG,AA,AA,AA,CT,GG,TT,CC,TT,AC,AA,TT,CC,AG,CC,GG,CC,GG,TT,AA,CC,CC,NN,CC,AA,NN,CC,AA,CC,CC,AA,AT,AA,AA,GG,CC,CC,GG,NN,AG,AT,CC,GT,CC,CC,AA,AG,AG,TT,GG,AC,GT,NN,GG,CC,GT,TT,TT,CC,AA,GT,TT,AA,TT,GG,CC,AG,TT,CC,CC,CC,CC,AA,GG,AG,CC,NN,CC,GT,GT,CG,AT,AA,AG,TT,CC,GG,AC,CC,CC,GG,GG,CC,GG,TT,AC,AA,CC,GG,AT,AC,AA,AA,GG,TT,AT,AT,GG,GT,AT,CC,TT,GT,AA,GG,AA,CT,AA,TT,CC,CT,AA,CC,TT,CG,AA,CC,AG,CC,TT,TT,TT,GG,TT,AC,CC,AA,GT,CC,CG,GG,CC,GG,AT,AA,CC,TT,GG,CG,CC,AT,GG,CC,AT,CC,AT,AA,CC,CG,AC,TT,AA,GG,AA,AA,AA,AA,AG,AG,GG,AA,TT,GG,AA,AA,AC,AC,CC,AG,AA,GG,GG,GG,TT,AA,AG,TT,TT,TT,AA,TT,GG,GG,AA,6.49,Susceptible,High,Standard,Early
L0618,Mandya,Karnataka,Kharif,Red Loamy,Irrigated (Cauvery command),780,27.0,72,AA,NN,GG,AA,CG,CC,GG,TT,CC,CG,AA,CC,NN,TT,GT,GG,CG,TT,TT,AG,CC,TT,TT,CC,TT,CC,TT,TT,GG,AA,TT,CT,AA,CC,AG,CG,GG,CG,GG,CC,TT,CT,AA,TT,AA,GG,TT,AT,CC,CC,GG,AA,AA,GG,CC,GT,AA,AA,GT,AA,AA,TT,TT,AG,TT,TT,CC,GG,TT,GG,AG,GG,CC,AA,GG,AC,AT,AG,TT,TT,GG,GT,GT,CC,AA,GG,AA,AA,CC,GG,CC,TT,CT,AA,TT,GG,CC,CC,GT,CC,CT,CG,AG,AA,TT,TT,CC,AA,GG,AA,CC,GG,TT,CG,TT,AA,AC,TT,CG,GG,CC,GG,TT,GG,CT,AA,CC,CC,CC,CC,AA,TT,CC,AA,CC,CT,AA,AT,AA,AA,CG,CC,CC,GG,AA,AA,AA,CC,GG,CC,CG,AA,AA,GG,TT,GG,AA,TT,CC,AG,CC,TT,TT,TT,CG,AT,TT,TT,AA,TT,GG,CC,AA,CC,AC,AC,CC,AC,AA,GG,AG,CC,TT,CG,GG,GT,GG,AT,AA,AA,TT,AC,CG,AC,CC,CC,GG,AG,AA,GG,TT,AA,AA,CC,GG,AT,AC,AA,AA,GG,GT,AT,AA,GG,GT,TT,CC,TT,TT,NN,GG,AA,TT,AA,TT,CC,TT,AA,AC,TT,GG,AA,CG,GG,CC,AT,CC,TT,GG,TT,AA,AA,AA,GG,CC,CC,GG,CC,GG,AA,AG,CC,GT,GG,CG,CG,AA,AG,CC,AT,CC,AT,AA,CC,CC,CC,TT,AA,GG,AA,AA,AC,AA,AG,AA,GG,AA,TT,GG,AC,AG,CC,AC,CT,AA,AA,GG,GG,GG,GT,AA,AG,TT,TT,TT,AA,AT,CG,GG,AA,8.35,Moderate,Low,Standard,Early
L0619,Mandya,Karnataka,Kharif,Red Loamy,Irrigated (Cauvery command),780,27.0,72,AA,TT,AG,AG,GG,CC,GG,TT,CG,CC,AA,CT,CC,AT,GT,GT,GG,TT,TT,AA,CC,TT,GT,CC,TT,CT,GT,TT,GG,AA,TT,CC,AA,CC,GG,CG,GG,CC,GG,AC,TT,CT,AC,TT,AA,AG,TT,TT,CC,AC,GG,AA,AA,GG,CC,TT,AA,AA,GG,AC,NN,TT,AA,AG,CT,AT,CC,GG,TT,GG,AA,GG,CC,AA,AG,AC,AA,GG,TT,TT,GG,GT,GG,CC,AT,GG,AG,AT,CC,NN,CC,GT,CC,TT,TT,GG,TT,CC,TT,CC,CC,CC,AG,AG,TT,TT,CC,AG,AA,AA,CT,GG,TT,CG,TT,AA,AA,AT,CC,GG,CG,GG,CC,GT,TT,AA,CC,CC,CC,CC,AA,TT,CC,AA,CC,CC,AA,TT,AG,AA,GG,CT,CC,GG,AA,AG,AA,NN,GG,CC,CC,AG,AA,GG,TT,GG,AA,TT,TT,GG,AC,TT,GT,TT,CC,AA,GT,TT,AA,TT,GG,CC,AA,CC,CC,CC,CG,CC,AA,GG,AA,CC,TT,CG,GG,GT,CG,AT,AA,AA,TT,CC,GG,AA,AC,CC,GG,GG,AC,GG,TT,AC,AG,CC,GG,AT,CC,AA,AT,GT,GT,TT,AA,GG,TT,AT,CG,AA,GG,AA,GG,AA,CT,AA,TT,CC,TT,AA,CC,CT,GG,AA,CC,AA,CC,TT,CT,GT,GG,TT,AA,CC,AA,GG,CC,GG,GG,CC,GG,TT,NN,CC,TT,GG,CC,CC,AA,GG,CC,AA,CG,AT,AA,AC,CC,AC,TT,AA,GG,AA,AA,AC,AA,AA,GG,AG,AA,TT,GG,AA,AA,AC,NN,TT,AA,AA,GG,AG,GG,TT,AT,AA,TT,TT,TT,AA,TT,GG,CG,AA,3.3,Susceptible,Low,Poor,Early
L0620,Mandya,Karnataka,Kharif,Red Loamy,Irrigated (Cauvery command),780,27.0,72,AA,TT,GG,AA,GG,CC,GG,TT,CC,CC,AA,CC,GG,TT,TT,NN,GG,TT,TT,AG,CC,GT,GT,CC,TT,CT,GT,AT,GG,AA,TT,CT,AA,CC,GG,GG,GG,CC,GG,CC,TT,CC,AA,GG,AA,GG,CT,TT,CC,AA,GG,AA,AA,CG,CC,GT,AA,AC,GT,AC,GG,GT,AT,AA,TT,AT,CC,GG,TT,GT,AA,GT,AC,AA,GG,AA,AT,GG,GT,TT,GG,GG,GT,CC,AA,GG,AA,AT,CC,GG,CC,TT,CT,TT,TT,GG,CT,AC,GT,CC,CT,CG,GG,AA,TT,TT,CC,AG,GG,AA,CT,GG,TT,CC,TT,AC,AC,TT,CC,AG,CC,GG,CC,TT,CT,AA,CC,CC,CC,CC,AA,TT,CC,AA,CC,CT,AA,TT,AA,AA,GG,CT,CC,GG,AG,AA,AA,CC,GT,CC,CG,AA,AG,GG,GT,GG,AA,TT,CC,GG,AC,GT,GG,TT,CC,AT,TT,TT,AA,TT,GG,CG,AG,CC,CC,CC,GG,CC,AT,AG,AG,CC,TT,CC,GT,TT,GG,TT,AA,AA,TT,CC,GG,AA,AC,CC,GG,AG,AC,GG,TT,AA,AA,CC,GG,AA,AC,AT,TT,GT,TT,AT,AT,GG,TT,AA,CC,AT,GT,AA,GG,AA,CT,AA,TT,CC,TT,CC,CC,TT,CG,AA,CC,AA,CC,TT,TT,GT,GG,AT,AA,AC,AG,GG,CC,CC,GG,CC,GG,TT,AA,CC,GT,GG,CC,CC,AA,AA,NN,AA,CC,AA,AA,CC,CC,CC,TT,AA,GG,AA,AA,AA,AA,AG,AG,AA,AA,AT,GG,NN,AG,CC,AA,CT,AA,AA,GG,GG,GG,TT,AA,AA,TT,TT,NN,AG,AT,GG,GG,NN,6.64,Susceptible,Low,Premium,Late
L0621,Mandya,Karnataka,Kharif,Red Loamy,Irrigated (Cauvery command),780,27.0,72,AA,TT,GG,AG,GG,CC,GG,AT,CC,CC,AA,CC,CC,TT,GG,GT,CG,TT,TT,AA,CC,TT,GG,CC,TT,CC,TT,TT,GT,AA,TT,CC,AA,CC,GG,GG,GG,CC,GG,AC,TT,CT,AC,GT,AG,GG,TT,TT,CC,AA,GG,AT,AA,GG,CC,GT,AA,NN,GT,AA,AA,TT,TT,AG,TT,TT,CC,GG,TT,GG,AA,GG,CC,AA,AG,CC,AA,AA,TT,TT,GG,GG,GG,CC,AT,GG,AA,AA,CC,TT,AC,TT,CC,AT,TT,GG,TT,CC,GT,CC,CT,CC,GG,AA,TT,TT,CC,AA,GG,AA,CC,GG,TT,CC,TT,CC,AC,TT,CC,GG,CG,GG,CC,NN,CT,AA,CC,CC,CC,CC,AA,TT,CC,AA,CC,CC,AA,AT,AA,AT,GG,CT,CC,GG,AA,AG,AA,CC,GT,CC,CC,AA,AG,AA,GT,GG,AA,TT,TT,GG,CC,TT,GT,TT,CC,AA,GT,TT,AA,TT,GG,CG,AA,CT,CC,CC,GG,CC,AA,GG,AA,CC,TT,CG,GT,GT,GG,AT,AA,AA,TT,CC,CG,AA,CC,CC,GG,GG,AA,GG,TT,AC,AG,CC,GG,AA,CC,AA,TT,GT,TT,TT,AT,GG,GT,AA,CC,TT,TT,AA,GG,AA,CT,AA,NN,CC,TT,AA,CC,CT,CG,AG,CC,AG,CC,TT,CT,TT,GG,TT,AC,AC,AA,GG,CC,CC,GG,CC,GG,TT,AG,CC,TT,AG,CC,CC,AT,GG,CC,NN,CC,AA,AA,AC,CC,AC,AT,AA,GG,AA,AA,AA,AA,AA,AG,AG,AA,TT,GG,AC,AG,AC,AA,CT,AA,AA,CG,GG,GG,TT,AT,AG,TT,TT,TT,AA,TT,GG,GG,AA,5.61,Moderate,Low,Premium,Medium
L0622,Mandya,Karnataka,Kharif,Red Loamy,Irrigated (Cauvery command),780,27.0,72,AA,TT,AG,AA,GG,CG,GT,AT,CC,CC,AT,CC,CG,AT,TT,NN,GG,TT,TT,AA,CG,TT,GT,CC,TT,CC,TT,TT,GG,AA,TT,TT,AG,CC,GG,CG,GG,CG,GG,CC,TT,CT,CC,GT,AG,GG,TT,AT,CC,AA,GG,NN,AA,GG,TT,TT,AA,AC,GG,AA,GG,TT,TT,AG,CT,AT,CC,NN,TT,GT,AA,GG,CC,AA,GG,AA,AA,GG,TT,TT,GG,GG,GG,CC,AA,GG,AA,AT,CC,GT,CC,TT,CT,AT,GT,GG,TT,CC,TT,CC,CC,CC,AG,AG,TT,TT,CC,AG,NN,AA,CC,GG,TT,CC,GT,AA,AA,TT,CG,GG,CC,AG,CC,TT,CT,AA,CC,NN,CC,CG,AG,TT,CC,AA,CC,CC,AA,AT,AA,AT,GG,CT,CC,GG,AA,GG,AT,CC,GT,CC,CC,AA,AA,GG,TT,AG,AC,TT,CT,GG,AA,TT,TT,CT,CC,AT,GT,TT,AA,TT,GG,CC,AA,CT,CC,CC,GG,CC,AA,GG,AA,CC,TT,CC,GG,TT,GG,TT,AA,AA,TT,CC,GG,AA,CC,CC,GG,GG,AC,GG,TT,NN,AA,CC,GG,AA,CC,AT,AA,GG,TT,TT,AT,GG,TT,AA,CC,TT,TT,AA,NN,AA,TT,AA,TT,CC,TT,AC,CC,TT,GG,AA,CC,AA,CC,AT,TT,TT,GG,TT,AA,AC,AG,GG,CC,CC,GG,CC,GG,TT,AA,CC,TT,GG,CC,CC,AA,GG,CC,AA,CC,AA,AA,CC,CC,CC,TT,AA,GG,AA,AA,AA,AA,GG,AG,AA,AA,NN,GG,CC,AG,AC,AA,TT,AA,AA,GG,GG,GG,TT,AA,AA,TT,TT,TT,AG,AT,GG,GG,AA,8.19,Susceptible,Medium,Poor,Late
L0623,Mandya,Karnataka,Kharif,Red Loamy,Irrigated (Cauvery command),780,27.0,72,AC,TT,AG,GG,GG,CG,GT,TT,CC,CC,AA,CC,CG,TT,TT,GG,CC,TT,TT,AA,CC,TT,TT,CC,TT,CC,NN,TT,GG,AA,TT,CT,AA,CC,GG,GG,GG,CC,GG,CC,TT,TT,AA,GT,AA,GG,TT,TT,CG,CC,GG,AT,NN,GG,CT,TT,AT,AC,GT,AA,AG,TT,TT,AA,CT,NN,CC,GG,TT,GT,AA,GG,CC,AA,GG,AC,AT,GG,TT,TT,GG,GG,GG,CC,AA,GG,AA,AA,CC,GT,AC,TT,CC,TT,TT,GG,TT,CC,TT,CC,CC,CG,GG,AA,TT,TT,CC,AA,AG,AC,CC,GG,TT,CG,TT,AA,AA,TT,CC,GG,CG,AG,CC,GG,TT,AA,CC,CC,CC,CC,AA,TT,CC,AA,CC,CC,AA,TT,AA,AT,CG,CC,CC,GG,AA,GG,AA,CC,GT,CC,CC,AA,AA,GG,TT,GG,NN,GT,CT,GG,AA,TT,GT,TT,CC,TT,TT,TT,AA,TT,GG,CC,AG,CC,CC,CC,CG,CC,AT,GG,NN,CC,TT,CC,TT,TT,CG,TT,AA,AA,TT,CC,GG,AA,CC,CG,GG,GG,AC,CG,TT,AC,AA,CC,GG,AA,CC,AA,AA,GT,GT,TT,AA,GG,GT,AT,CC,AT,TT,AA,GG,AA,TT,AA,NN,CC,CT,AA,CC,TT,CG,AA,CG,AG,CC,TT,CT,GT,GG,AT,AA,AC,AA,GG,CC,CG,GG,CC,GG,TT,AA,CC,GT,GG,CC,CC,AA,AG,CC,AA,CC,AA,AA,CC,CG,CC,TT,AA,GG,AA,AC,AA,AA,AG,AG,AA,AA,TT,GG,AC,AG,AC,AC,TT,AA,AA,GG,AA,GG,TT,AA,AA,TT,TT,TT,AA,AT,GG,GG,AA,5.96,Moderate,Low,Poor,Early
L0624,Mandya,Karnataka,Kharif,Red Loamy,Irrigated (Cauvery command),780,27.0,72,AC,TT,AG,AG,GG,CC,GG,AT,CG,CG,AA,CT,CG,TT,TT,GG,GG,NN,TT,NN,CC,TT,GT,CT,TT,CC,TT,AT,GT,AA,CT,CC,AA,AC,GG,GG,GG,CG,GG,CC,TT,TT,AA,TT,AA,AG,TT,TT,CC,NN,GG,AA,AA,GG,CT,GG,AA,CC,GG,CC,AA,TT,AT,AA,CT,TT,CC,GG,TT,GT,AA,GT,CC,AA,AG,AC,AA,GG,GT,TT,GG,GG,GT,CC,AA,GG,AA,AA,CC,GT,CC,TT,CT,TT,GT,GG,TT,CC,GT,CC,CC,CG,AA,AA,TT,TT,CC,AA,AG,AA,CC,GG,TT,NN,TT,AA,AC,TT,CC,AG,CC,AG,CC,GT,TT,AA,CC,CC,CC,CC,AA,TT,CC,AA,CC,CC,AA,TT,AG,AA,GG,CT,NN,GG,AA,AG,AA,AC,GT,CC,CG,AG,AA,AG,TT,GG,AA,GT,TT,AG,CC,GT,TT,TT,CC,TT,GG,TT,AA,TT,GG,CC,AA,CT,CC,CC,GG,CC,AA,GG,AA,CC,TT,CG,GG,TT,NN,TT,AA,AA,TT,CC,GG,AA,CC,CC,GG,AG,AC,CG,TT,AA,AA,CG,NN,AA,CC,AA,AA,GT,GT,TT,AT,GG,GG,AA,CC,AT,GG,AA,GG,AA,TT,AA,TT,CC,TT,AA,CC,TT,GG,AG,CC,AG,CC,TT,TT,GT,CG,TT,AC,CC,AA,GG,CC,CG,GG,CC,GG,TT,AA,CC,TT,GG,CC,CC,AA,GG,CC,AA,CG,AT,AA,NN,CG,AC,TT,AA,GG,AA,AA,AA,AA,GG,AG,AG,AA,TT,GG,AA,AA,CC,AA,CC,AA,AG,GG,GG,GG,TT,AA,AA,GT,TT,TT,GG,TT,GG,GG,AA,5.77,Susceptible,Medium,Standard,Early
L0625,Mandya,Karnataka,Kharif,Red Loamy,Irrigated (Cauvery command),780,27.0,72,CC,TT,GG,AA,GG,CC,GG,TT,CC,CC,AT,CC,CC,TT,TT,GT,GG,TT,TT,AG,CC,TT,TT,CC,TT,CC,TT,TT,GG,AA,TT,CC,AA,CC,GG,CG,GG,CC,GG,CC,TT,TT,AA,TT,AG,AG,TT,AT,CC,CC,GG,AA,AA,GG,CC,TT,AA,AA,GG,AC,AA,TT,TT,AG,TT,AT,CC,GG,TT,TT,AG,GG,CC,AA,GG,AA,AT,GG,TT,TT,AG,GT,GT,CC,AA,GG,AA,AA,CC,TT,CC,TT,TT,AT,GG,GG,TT,CC,GT,CC,CC,CG,GG,AA,TT,TT,CC,AA,AA,AA,CC,GG,TT,CC,TT,AC,AC,TT,CC,AG,CC,GG,CC,GT,CT,AA,CC,CC,CC,CC,AA,TT,CC,AA,AC,CT,AA,NN,AA,AA,GG,CT,CC,GG,AA,AA,AT,CC,GG,CG,CC,AA,AA,GG,TT,AG,AC,GT,CT,GG,CC,TT,TT,TT,CC,AT,GT,TT,AA,TT,GG,CC,AG,CC,AC,CC,CG,CC,AT,GG,AA,CC,TT,CG,TT,GT,CG,AT,NN,AA,TT,AC,GG,AC,AC,CC,CG,GG,AC,GG,TT,AA,AA,CC,GG,AA,CC,AT,TT,GG,TT,AT,AT,GG,TT,AA,CG,TT,TT,AA,NN,AA,TT,AC,TT,CC,TT,AA,AC,NN,CG,AG,CG,AA,CC,TT,TT,TT,GG,TT,AA,CC,AA,GG,CC,GG,GG,CC,GG,AT,AA,CC,TT,GG,CC,CG,AA,GG,CC,AT,CC,AA,AA,CC,CC,AA,TT,AA,GG,AA,AA,AC,AC,GG,AG,AA,AA,TT,GG,AC,AA,AA,AA,TT,AA,AA,CG,GG,GG,GT,AT,AA,GT,TT,TT,AA,TT,GG,GG,AA,6.89,Moderate,Low,Poor,Late
L0626,Mandya,Karnataka,Kharif,Red Loamy,Irrigated (Cauvery command),780,27.0,72,AA,TT,AG,AA,GG,CC,GG,AT,CC,CC,AA,CC,CG,AT,GT,GG,CG,TT,TT,AG,CG,TT,TT,CT,AT,CC,TT,AT,GG,AA,TT,CT,AA,CC,GG,CG,GG,CC,GG,CC,TT,TT,AC,TT,AA,GG,CT,TT,CC,AC,GG,AT,AA,GG,CC,TT,AA,NN,GT,AA,AA,GG,TT,NN,CT,AT,CC,NN,TT,GG,AA,GG,CC,AA,GG,AA,AA,GG,TT,TT,AG,GG,GT,CC,AT,GG,AA,AA,CC,TT,AC,TT,CT,TT,GT,AG,CT,CC,TT,CC,NN,CC,AG,AA,AT,GT,CC,AA,AA,AA,CC,GG,TT,CC,TT,AA,AA,TT,CC,AA,CC,AG,CC,GG,TT,AG,CC,CC,CC,CC,AA,TT,AC,AA,CC,CC,AA,TT,AA,AT,GG,CT,CC,NN,AA,AA,AA,CC,GG,CC,CC,AA,AG,GG,TT,GG,AA,TT,CT,GG,AC,TT,GT,TT,CC,AA,GT,TT,AA,AT,CG,CC,AA,CC,CC,CC,CG,CC,AT,AG,AA,CC,TT,CC,TT,TT,GG,TT,AA,AA,TT,CC,GG,CC,AC,CC,GG,GG,AC,NN,CT,AA,AG,CC,GG,AT,CC,AA,TT,GT,TT,AA,AT,CG,GG,AA,CC,TT,TT,AT,GG,AA,CT,AA,TT,CG,TT,AA,CC,TT,CG,AG,CC,AA,CC,TT,CT,GT,GG,TT,AA,CC,AA,GG,CC,CG,GG,CG,GG,TT,AA,CC,GT,GG,CG,CC,AA,GG,CG,AA,CC,AA,AA,AC,CC,AC,AT,AA,CG,AA,AA,AC,AA,AG,AG,AG,AA,AT,GG,AA,AA,CC,AA,TT,AA,AA,GG,GG,CG,GT,AT,AA,TT,TT,AT,AA,TT,GG,GG,AA,9.53,Susceptible,Medium,Poor,Late
L0627,Mandya,Karnataka,Kharif,Red Loamy,Irrigated (Cauvery command),780,27.0,72,NN,TT,GG,AG,GG,CC,GG,TT,CC,CC,AA,CC,CG,TT,TT,GG,CG,TT,TT,AA,CC,TT,GT,CT,TT,CC,TT,AT,GT,AA,TT,CC,AA,AC,GG,GG,GG,CC,GG,CC,TT,CT,AA,TT,AA,GG,TT,NN,CC,AA,GT,AA,AG,GG,CT,TT,AA,AA,GT,AC,AA,TT,AT,AA,TT,TT,CC,GG,TT,GT,AA,GG,AC,AA,GG,AC,AT,GG,TT,TT,GG,GT,GG,AC,AT,GG,AA,AA,CG,GT,CC,TT,CC,TT,GT,GG,TT,CC,GT,CC,CC,CG,AG,AA,TT,TT,CC,AA,GG,AA,CC,GG,TT,CC,TT,AC,AA,TT,CC,AG,GG,AG,CC,GG,TT,AG,CC,CC,CC,CC,AA,TT,CC,AA,CC,CC,AA,AT,AA,TT,GG,CC,CC,GG,AA,GG,AA,AC,GT,CC,CC,AG,AG,AG,GT,AG,AA,TT,CT,GG,AC,TT,GT,TT,CC,AA,TT,TT,AA,TT,GG,CC,GG,TT,CC,AC,CG,CC,NN,GG,AA,CC,TT,CC,TT,TT,CG,AT,AA,AA,TT,CC,GG,AA,CC,CC,GG,GG,AA,CG,TT,AC,AA,CC,GG,AA,CC,AA,TT,GT,TT,AT,AA,GG,GG,AA,CG,AT,TT,AA,GG,AA,CC,AA,TT,CC,TT,AA,CC,CT,GG,AG,CC,AA,CC,TT,TT,TT,GG,TT,AA,CC,AG,GG,CC,GG,GG,CG,GG,AT,AA,CG,GT,GG,CC,CC,AA,GG,CC,AA,CC,AT,AA,CC,CC,AC,AT,AA,GG,AA,AA,AC,AA,GG,AA,AA,AA,TT,GG,AA,AG,CC,AC,TT,AA,AA,GG,GG,GG,TT,AA,AA,TT,TT,TT,AG,NN,GG,GG,AA,6.71,Susceptible,High,Standard,Medium
L0628,Mandya,Karnataka,Kharif,Red Loamy,Irrigated (Cauvery command),780,27.0,72,AA,TT,GG,GG,CG,CC,GG,TT,CC,CG,AA,CT,CG,TT,TT,GT,CG,TT,TT,AA,CC,TT,GT,CC,TT,CC,TT,TT,GG,AA,TT,CC,AA,CC,GG,GG,GG,CC,GG,CC,TT,TT,AA,NN,AA,AA,TT,TT,CC,AC,GG,AA,AG,GG,CC,GT,AT,AA,GT,AC,AG,TT,AT,AG,TT,AT,CC,GG,TT,TT,AA,GG,CC,AA,GG,AA,TT,GG,TT,TT,AG,GG,GG,CC,AA,GG,AA,AT,CC,TT,AC,TT,CC,TT,NN,GG,TT,CC,GT,CC,CT,CG,GG,AA,AT,TT,CC,AA,AA,AC,CC,GG,TT,CC,TT,AA,AA,TT,CC,AG,CC,GG,CC,GG,TT,AA,CC,CC,CC,CC,AA,TT,CC,AA,NN,CT,AA,TT,AA,AA,GG,CC,CC,GG,AA,AG,AA,CC,GG,CC,CC,AA,AA,GG,TT,GG,AA,GT,TT,GG,AC,TT,GG,TT,CC,TT,GG,TT,AA,TT,GG,CC,AA,CC,CC,CC,GG,CC,AA,AG,GG,AC,TT,CC,GG,TT,GG,TT,AA,AA,TT,CC,GG,AA,CC,NN,GG,GG,CC,CG,TT,AA,AG,CC,GG,AT,CC,AA,AA,GG,TT,TT,AT,CG,GT,AA,NN,AT,GT,AA,GG,AA,CT,AA,TT,CC,TT,AC,CC,TT,GG,AG,CC,AG,CC,TT,CT,NN,GG,TT,AC,AC,AA,GG,CC,CC,GG,CC,GG,AT,AA,CC,TT,GG,CC,CG,AA,GG,CC,AA,CC,AA,AA,AA,CG,AA,TT,AG,GG,AA,AC,AA,AA,GG,GG,AA,AA,TT,GG,AA,AG,AA,AC,CT,AA,AA,GG,GG,CG,GT,AA,AA,GT,TT,NN,AG,AT,GG,GG,AA,7.77,Susceptible,Low,Standard,Medium
L0629,Mandya,Karnataka,Kharif,Red Loamy,Irrigated (Cauvery command),780,27.0,72,AA,CT,GG,AA,GG,CG,GT,AT,CC,GG,AA,TT,CC,TT,TT,GG,GG,TT,TT,AA,CC,TT,TT,CC,TT,CT,GT,TT,GG,AC,TT,CC,AA,CC,GG,GG,GG,GG,GG,CC,TT,TT,AA,TT,AG,GG,NN,AT,CC,AC,GT,AA,AG,GG,CC,TT,AT,AA,GT,AC,AA,GT,TT,AG,TT,TT,CC,GG,TT,GT,AA,GT,CC,AA,AA,AA,AA,GG,TT,TT,GG,GG,NN,CC,AA,GG,AA,AA,CC,TT,CC,TT,TT,TT,GT,GG,TT,CC,GT,CC,CC,CG,AA,AA,TT,TT,CC,AA,AG,AA,CT,GG,TT,CC,TT,AA,AA,TT,GG,AA,CC,AG,CC,GG,TT,AA,CC,CC,CC,CC,AA,NN,AC,AA,CC,CC,AA,AT,AA,AA,CG,CC,CC,GG,AG,AG,AA,CC,GT,CC,CC,AA,AA,AG,GT,GG,AC,GT,CC,AG,CC,TT,GT,TT,CC,AT,TT,TT,AA,TT,GG,CC,AA,CC,CC,CC,CC,AC,AA,GG,AA,AC,TT,CC,GG,TT,GG,AA,AA,AA,GT,CC,GG,AA,CC,CG,GG,GG,AC,GG,TT,AC,AA,CC,GT,AA,CC,AA,AT,GG,TT,TT,AT,GG,GT,AA,CC,TT,TT,AA,GG,AA,TT,AA,TT,CG,CT,AC,AC,TT,GG,GG,CG,AG,AC,AT,CT,GT,GG,TT,AA,AC,AA,GG,CC,CG,GG,CC,GG,AT,AA,CC,TT,GG,CC,NN,AT,GG,CC,AA,CC,AA,AG,AA,CC,CC,AT,AA,GG,AA,AA,AA,AA,GG,AG,AA,AA,AT,CG,AA,AA,AC,AA,TT,AA,AA,GG,GG,GG,TT,AA,AA,TT,TT,TT,AG,TT,GG,GG,AA,6.14,Susceptible,Medium,Premium,Early
L0630,Mandya,Karnataka,Kharif,Red Loamy,Irrigated (Cauvery command),780,27.0,72,AA,TT,GG,AA,GG,CC,GT,TT,CC,CC,AA,CC,CC,AT,TT,NN,GG,AT,TT,AA,CC,TT,TT,CT,TT,CT,TT,NN,GG,AA,NN,CC,AA,CC,GG,CG,GG,CG,GG,CC,TT,CT,AA,GT,AA,GG,TT,AT,CC,CC,GG,AA,AA,CG,CC,TT,AA,AA,GG,AC,AG,TT,TT,AG,TT,TT,CC,GG,TT,GG,AA,GG,CC,AA,GG,AA,AA,GG,TT,TT,GG,GT,GG,CC,AA,GG,AG,AT,CC,TT,CC,TT,CT,TT,TT,GG,TT,CC,TT,CC,CC,CG,GG,AA,TT,TT,CC,AA,AA,AC,CT,GG,TT,CC,TT,AC,AC,TT,CC,AA,CC,AG,CC,GT,TT,AA,CC,CC,CC,NN,AA,TT,CC,AA,CC,CC,AA,TT,AA,AA,CG,CC,CG,GG,AA,GG,AT,CC,GG,CC,CC,AA,AG,AG,GT,GG,AA,TT,CT,GG,CC,TT,TT,TT,CC,AA,TT,TT,AA,AT,GG,CC,AA,CT,CC,AC,CG,CC,AA,GG,AA,CC,TT,CG,GG,TT,CG,TT,AG,AA,TT,CC,GG,AA,CC,CC,GG,GG,AA,GG,TT,AC,AG,CC,GG,AA,CC,AA,AT,GG,TT,TT,AT,GG,TT,AA,CG,AT,TT,AA,GG,AA,CT,AA,TT,CC,CT,AA,CC,TT,GG,AG,CC,AA,CC,TT,TT,TT,GG,TT,AA,AC,AG,GG,CC,CC,GG,CC,GG,AT,AA,NN,GT,GG,CC,CC,AA,GG,CC,AA,CC,AA,AA,AC,CC,AA,TT,AA,CG,AA,AC,AC,AA,AG,AG,AA,AA,TT,GG,AA,GG,CC,AA,CT,AA,AA,GG,GG,GG,TT,AA,AA,TT,TT,TT,AG,TT,GG,GG,AA,7.16,Susceptible,High,Premium,Early
L0631,Mandya,Karnataka,Kharif,Red Loamy,Irrigated (Cauvery command),780,27.0,72,CC,CT,GG,AA,GG,CC,GG,TT,CC,CC,AA,CC,CG,TT,TT,GG,CG,TT,TT,AG,GG,TT,GT,CC,TT,CC,TT,TT,GG,AA,CT,CC,AA,CC,GG,GG,GG,CC,GG,CC,TT,TT,AA,GT,AA,AA,TT,TT,CC,AC,GG,AT,AA,GG,CT,TT,AA,AA,NN,AA,AA,TT,AT,AA,CT,AT,CC,GG,TT,GG,AG,GG,CC,AA,AG,AC,AA,GG,TT,TT,GG,GT,GG,CC,AT,GG,AA,AA,CC,GG,CC,TT,TT,TT,TT,GG,CT,CC,TT,CC,CC,CG,AG,AA,AT,TT,CC,AA,AA,AC,CC,GG,TT,GG,TT,AA,AA,AT,CG,GG,CG,NN,CC,TT,TT,AA,CC,CC,CC,CC,AA,GT,CC,AA,CC,CC,AA,TT,AG,AA,CG,CC,CC,GG,AA,AG,AA,CC,GT,CC,CC,AA,AA,GG,TT,GG,AA,TT,CC,GG,AA,GT,TT,TT,CG,AT,TT,CT,AA,TT,GG,CC,AG,CC,CC,CC,GG,CC,AA,GG,AG,CC,TT,CC,GG,GT,GG,TT,AA,AA,TT,AC,GG,AA,AA,CC,GG,GG,AA,GG,TT,AA,AA,CC,GG,AT,CC,AA,AT,GG,TT,AT,AT,CG,GG,AA,CC,TT,GT,AA,GG,AA,CT,AA,TT,CC,TT,NN,CC,TT,GG,AG,CC,GG,CC,TT,CT,GG,GG,AT,AA,AC,AA,GT,CC,CG,GG,CC,GG,AT,AA,CC,TT,GG,CC,CC,AT,GG,CC,AA,CG,AT,AA,CC,CG,AC,TT,AA,GG,AA,AA,AC,AA,GG,GG,AA,AA,AT,GG,AA,AA,AC,AA,CT,AA,AG,GG,GG,GG,GT,AA,AA,GT,TT,TT,NN,AT,GG,GG,AA,6.76,Susceptible,Low,Poor,Late
L0632,Mandya,Karnataka,Kharif,Red Loamy,Irrigated (Cauvery command),780,27.0,72,AA,TT,GG,AG,CG,CG,GT,TT,CC,CG,AA,CT,CC,TT,TT,GT,GG,TT,TT,AA,CG,GG,TT,CC,TT,CC,GT,AT,GG,AA,TT,CC,AA,CC,GG,GG,GG,CG,GG,CC,TT,CC,AA,TT,AA,GG,CT,TT,CC,AA,GT,TT,AA,GG,CC,TT,AA,CC,GG,AA,AG,TT,TT,AA,TT,TT,CC,GG,TT,GG,AA,GG,NN,AA,GG,AC,AT,GG,GT,TT,AG,GG,GG,CC,AT,GG,AG,AT,CC,GT,AC,TT,CC,TT,TT,GG,TT,CC,TT,CC,CC,CC,AG,AA,TT,GT,CC,AG,AA,AA,CC,GG,TT,CC,GT,AA,AA,TT,GG,GG,CC,GG,CT,GG,CT,AA,CC,CC,CC,CG,AA,TT,AC,AA,CC,CT,AA,TT,AG,AA,GG,CT,CC,GG,AA,AA,AA,CC,GG,CC,CC,AA,AA,GG,GT,GG,AA,TT,CC,GG,AC,TT,GT,TT,CC,AA,TT,TT,AA,AT,NN,CC,AA,CC,CC,CC,GG,CC,AA,GG,AG,CC,TT,CG,GT,TT,NN,AA,AA,AG,TT,CC,GG,AA,CC,CC,CC,AA,AC,GG,TT,NN,AA,CC,GG,AT,CC,AA,AT,GG,GT,TT,TT,CG,GG,AT,CG,AT,GG,AA,GG,AA,TT,AA,TT,CC,CT,AC,CC,CT,CG,AA,CG,AG,CC,AT,TT,GT,GG,TT,AA,CC,GG,GG,CC,GG,GG,CC,GG,TT,AA,CC,GT,GG,CC,GG,AA,GG,CG,AA,CC,AA,AA,AA,CC,CC,TT,AA,GG,AA,AC,AA,AC,AG,AG,AG,AA,TT,GG,AA,AG,CC,AA,CC,AG,AA,GG,GG,GG,TT,AA,AA,TT,TT,TT,GG,TT,GG,GG,AA,5.58,Susceptible,Low,Premium,Early
L0633,Mandya,Karnataka,Kharif,Red Loamy,Irrigated (Cauvery command),780,27.0,72,AA,CT,AG,GG,GG,CC,GG,TT,CC,CC,AA,CC,CC,TT,TT,GG,GG,TT,TT,AG,CG,TT,GT,CC,TT,CC,GT,AT,GG,AA,TT,TT,AA,CC,GG,GG,GG,CG,GG,CC,TT,CT,AC,TT,AA,GG,TT,TT,CC,AC,GG,AA,AG,GG,CC,GT,AA,AC,GT,AC,AA,TT,AT,GG,TT,TT,CC,GG,TT,GT,AG,GG,CC,AA,GG,CC,AA,GG,TT,TT,GG,GG,TT,CC,TT,GG,AA,AA,CC,TT,CC,TT,CT,TT,GT,NN,TT,CC,GT,CT,CC,CG,GG,AA,TT,GT,CC,AA,AG,AA,CC,GG,TT,CC,GT,AA,AC,TT,CC,AG,CC,GG,CC,GG,CT,AA,CT,CC,CC,CC,AG,TT,AC,AA,CC,CC,AA,TT,AA,AA,GG,CC,CC,GG,AA,AG,AA,CC,GG,CC,CC,AG,AG,AG,GT,GG,AA,TT,CT,AG,AC,TT,GT,TT,CG,AT,GT,TT,AT,TT,CG,CC,AG,CT,CC,CC,GG,CC,AA,GG,AA,CC,TT,CC,GT,TT,GG,AT,AA,AA,TT,CC,GG,AA,CC,CC,GG,GG,AA,GG,NN,AA,AA,CC,GG,AA,CC,AT,AT,GG,TT,AT,AA,CG,GT,AT,CC,TT,GT,AA,GG,AA,CC,AC,TT,CC,TT,AC,CC,TT,GG,AA,CC,GG,CC,TT,TT,GT,GG,TT,AC,AC,AA,GG,CC,GG,GG,CC,GG,AA,AA,CC,GG,GG,CC,CC,AT,GG,CC,AA,CC,AT,AA,CC,CC,AC,TT,AA,GG,AA,AA,AC,AA,GG,AA,AA,AA,TT,GG,AA,AA,AC,NN,CT,AA,AA,CG,GG,GG,TT,AT,AG,TT,TT,TT,AG,AA,GG,GG,AA,8.02,Susceptible,Medium,Poor,Early
L0634,Mandya,Karnataka,Kharif,Red Loamy,Irrigated (Cauvery command),780,27.0,72,AC,TT,AG,AG,GG,CC,GT,TT,CC,CG,AA,CC,GG,TT,TT,GG,GG,TT,TT,AA,CC,TT,GT,CC,TT,CC,GT,TT,GG,AA,TT,CT,AA,CC,GG,GG,GG,CC,GG,CC,TT,TT,AA,GT,AA,AG,TT,TT,CC,AC,GT,AA,AG,GG,TT,TT,AA,AC,GG,AA,AA,TT,TT,AA,TT,TT,CT,GG,TT,GG,AA,GG,CC,AA,AG,CC,AT,GG,TT,TT,GG,GG,GG,CC,AA,GG,NN,AA,CC,GG,CC,TT,NN,TT,TT,GG,CT,CC,GG,CC,CC,CC,GG,AA,AT,TT,CC,AA,AG,AA,CC,GG,TT,NN,TT,AA,AA,TT,CC,AG,CC,GG,CT,GG,CC,AA,CT,CC,CC,CC,AA,TT,AC,AC,CC,CC,AA,TT,AA,AT,GG,CC,CC,GG,AA,AG,AA,CC,GT,CC,CC,AA,AA,GG,GG,GG,AA,NN,CT,GG,AC,TT,TT,CT,CG,AA,GT,TT,AA,TT,CG,CG,GG,CT,CC,CC,GG,CC,AA,GG,AA,CC,GT,CC,GT,TT,GG,AA,NN,AA,TT,CC,CG,AA,CC,CC,GG,GG,CC,GG,TT,AC,AG,CC,GG,AA,AC,AT,AT,GG,TT,TT,TT,GG,TT,AT,CG,TT,TT,AA,GG,AA,TT,AA,TT,CC,TT,AA,CC,TT,CG,AG,CC,AA,CC,TT,TT,GT,GG,TT,AA,AC,AA,NN,CC,CC,GG,CC,GG,TT,AG,CG,TT,AG,CC,CC,AT,GG,CG,AA,CC,AT,AA,AA,CC,AC,TT,AA,GG,AA,AA,AA,AA,GG,AG,AA,AA,AT,GG,AA,AA,AC,AC,CC,AA,AA,GG,GG,GG,TT,AA,AA,TT,TT,TT,AG,TT,GG,GG,AA,8.08,Susceptible,Low,Poor,Early
L0635,Mandya,Karnataka,Kharif,Red Loamy,Irrigated (Cauvery command),780,27.0,72,AC,TT,AG,AA,GG,CC,GG,TT,CC,GG,AA,CC,CC,TT,TT,GG,GG,AT,TT,AA,CC,GT,GT,CC,TT,CC,TT,TT,GT,AA,TT,CT,AA,CC,GG,GG,GG,GG,GG,CC,TT,TT,CC,GT,AA,GG,TT,TT,CC,AC,GT,AT,AA,GG,CC,GT,AA,AA,GT,AA,AA,GT,TT,AA,CT,TT,CC,GG,TT,GT,AG,GT,CC,AG,GG,AC,AT,GG,TT,TT,GG,GT,GG,CC,AA,GG,AA,AA,CC,TT,CC,TT,CC,TT,GT,GG,TT,CC,GT,CC,CC,CG,GG,AA,TT,TT,CC,AA,AG,AA,CC,GG,TT,CC,GT,AC,AC,NN,CG,AG,CC,GG,CC,GG,CT,AG,CC,CC,CC,CC,AA,TT,CC,AA,CC,CT,AA,AT,AG,AT,NN,CT,CC,GG,AA,AA,AA,AC,GG,CC,CC,AG,AA,AG,TT,GG,NN,TT,CT,GG,CC,GT,TT,TT,CG,AA,TT,CT,AT,TT,CG,CC,AG,CC,CC,CC,CG,CC,AA,AG,AA,CC,TT,CC,GG,TT,GG,TT,AA,AA,TT,CC,GG,AA,CC,CC,GG,GG,AC,GG,TT,AA,AA,CC,GG,AA,CC,AA,AA,GG,GT,AT,AA,GG,GT,AA,CC,TT,GT,AA,GG,AA,CT,AA,AT,CC,TT,AC,CC,TT,GG,GG,CC,AA,AC,TT,TT,GT,GG,TT,AA,AA,AG,GG,CC,CC,GG,CC,GG,TT,AG,CC,GT,GG,CG,CC,AA,GG,CC,AA,CC,AA,AG,CC,CC,CC,TT,AA,CG,AA,AA,AC,AA,AG,NN,AA,AA,TT,GG,AA,AG,AC,AA,TT,AA,AA,CG,GG,GG,TT,AA,AG,TT,TT,TT,AG,AT,GG,CG,AA,7.09,Susceptible,Low,Premium,Early
L0636,Mandya,Karnataka,Kharif,Red Loamy,Irrigated (Cauvery command),780,27.0,72,AC,CT,GG,AG,GG,CC,GG,TT,CC,CG,AA,CC,CC,AT,TT,GG,GG,TT,TT,AG,CC,TT,TT,CT,AT,CC,TT,TT,GG,AA,TT,CC,AG,CC,GG,CG,GG,CC,GG,CC,TT,CC,AA,TT,NN,AG,TT,TT,NN,AC,GG,AA,AG,GG,CC,TT,AA,AA,GT,AC,AA,TT,AT,AA,TT,TT,CC,GG,TT,GT,AA,GG,CC,AA,AA,CC,AT,GG,GT,TT,GG,GG,GG,CC,AT,GG,AA,AA,CC,TT,CC,TT,CT,TT,TT,AG,TT,CC,TT,CC,CC,CC,GG,AA,TT,TT,CC,AA,AG,AA,CC,GG,TT,CC,TT,AC,AA,TT,CC,GG,CG,AG,CC,GG,TT,AA,CT,CC,CC,CC,AA,TT,CC,AA,CC,CC,AG,TT,AA,AA,GG,CC,CC,GG,AA,GG,AA,CC,GG,CC,CC,AG,AA,GG,GT,AG,AA,GG,TT,GG,AC,GG,TT,TT,CG,AT,TT,TT,AT,NN,GG,CC,AG,CT,CC,CC,GG,CC,AA,GG,AA,CC,TT,CC,GG,TT,GG,AT,AA,AA,TT,CC,GG,AA,CC,CC,GG,GG,CC,GG,TT,AA,AA,CC,GG,AT,CC,AA,AT,GT,TT,TT,AT,NN,GT,AA,CC,TT,TT,AA,GG,AG,TT,AA,TT,CC,TT,AC,CC,TT,CG,AG,CC,AG,CC,AT,CT,TT,GG,TT,AA,AC,AG,GG,CC,GG,GG,CC,GG,TT,AA,CC,TT,AG,NN,CC,AT,AG,CC,NN,CC,AA,AA,AC,CC,AC,TT,AA,GG,AA,AA,AC,AA,AG,AG,AA,AA,AT,GG,AC,GG,AC,AC,CT,AG,AA,GG,GG,CG,TT,AA,AA,GT,TT,TT,AG,TT,GG,GG,AA,6.39,Susceptible,High,Poor,Early
L0637,Mandya,Karnataka,Kharif,Red Loamy,Irrigated (Cauvery command),780,27.0,72,AA,TT,AG,AG,CG,CG,GT,TT,CC,GG,AA,CC,CG,AT,TT,GG,CG,TT,TT,AA,CC,GT,GG,CC,AT,CC,TT,TT,GG,AA,TT,CC,AG,CC,AG,GG,GG,CC,GG,CC,TT,CT,AA,TT,AG,AG,TT,TT,CC,AC,GG,AA,AA,GG,CC,TT,AT,AA,TT,AC,NN,TT,TT,AA,TT,AA,CC,GG,TT,GT,AG,GG,CC,AA,AG,AA,AT,GG,TT,TT,GG,GG,GG,CC,AT,GG,AA,AA,CC,TT,AC,TT,CT,TT,GG,GG,TT,AC,GT,CC,CT,CC,AG,AA,TT,TT,CC,AA,AA,AA,CC,GG,TT,CC,TT,AA,AC,TT,CC,AG,CC,GG,CC,GG,TT,AG,CC,CC,CC,CG,AG,GT,CC,AA,CC,CT,AA,TT,AA,AT,CG,CC,CC,GG,AA,AA,AA,AC,GG,CC,CC,AA,AA,GG,TT,AG,AA,TT,CT,GG,CC,TT,GT,TT,CC,AA,TT,TT,AT,TT,GG,NN,AA,CT,CC,CC,CG,AC,AA,GG,AG,CC,TT,CC,TT,TT,GG,TT,AG,AG,NN,CC,GG,CC,CC,CC,NN,GG,AC,GG,TT,AA,AA,CG,GG,AA,AC,AA,AT,GG,TT,TT,AA,GG,TT,TT,CC,AT,GT,AA,GG,AA,TT,AA,TT,CC,TT,NN,CC,TT,CC,AA,CG,AG,AC,TT,CT,GT,GG,TT,AC,CC,AG,GG,CC,CC,GG,CC,GG,AT,AA,CG,GT,GG,CC,CC,AA,GG,CC,AA,CC,AA,AA,AA,CG,CC,TT,AA,GG,AT,AA,AC,AA,GG,AG,AA,AA,TT,GG,AC,AA,CC,AC,TT,AA,AA,CG,GG,GG,GG,AA,AA,GT,TT,TT,AG,TT,GG,GG,AA,7.78,Susceptible,High,Standard,Late
L0638,Mandya,Karnataka,Kharif,Red Loamy,Irrigated (Cauvery command),780,27.0,72,AC,TT,GG,AA,GG,CC,NN,TT,CC,CG,AA,CC,CC,TT,GT,GG,GG,TT,TT,GG,CC,GT,GG,CT,TT,CC,GT,TT,GG,AA,TT,CC,AA,CC,GG,GG,GG,CG,GG,CC,TT,CC,AC,TT,AG,GG,TT,AT,CC,AA,GG,AA,AA,GG,CC,GT,AA,AA,TT,AC,AA,TT,TT,AG,CT,AT,CC,GG,TT,GG,AG,GG,CC,AA,AG,AA,NN,AG,GT,TT,GG,GG,GG,CC,AA,GG,AA,AA,CC,GT,AC,TT,CT,TT,GT,GG,TT,CC,TT,CC,CC,CC,GG,AA,TT,TT,CC,AG,AG,AA,CT,GG,TT,CC,TT,AC,AA,TT,CC,GG,CC,GG,CT,GT,CT,AA,CC,CC,CC,CC,AA,GT,CC,AA,CC,CC,AA,AT,AG,AA,NN,CC,CC,GG,AA,AG,AA,CC,GG,CC,CC,AG,AA,AG,TT,AG,AC,GG,TT,GG,CC,GT,GT,TT,CG,AA,GT,TT,AA,TT,GG,CC,AA,TT,CC,CC,NN,CC,AT,GG,AA,CC,TT,CC,GT,TT,CG,AT,AA,AA,TT,CC,GG,AA,AC,CC,GG,GG,AC,GG,TT,AA,AA,CG,GG,AA,CC,AA,AT,GT,TT,AT,AA,CG,GT,AA,CC,TT,TT,AA,GG,AA,TT,AC,TT,CC,TT,AA,CC,NN,CG,AG,CC,GG,AC,AT,CC,TT,GG,TT,AC,CC,AA,GG,CC,CG,GG,CC,GG,AT,AG,CC,TT,GG,CC,CC,AA,GG,CC,AA,CC,AA,AA,AC,CC,AC,AT,AA,GG,AA,AC,AC,AA,NN,GG,AA,AA,TT,GG,AA,AG,AA,AA,TT,AG,AA,GG,GG,GG,TT,AA,AA,GT,TT,TT,AA,AA,GG,GG,AA,6.05,Moderate,High,Premium,Late
L0639,Mandya,Karnataka,Kharif,Red Loamy,Irrigated (Cauvery command),780,27.0,72,AA,TT,GG,AA,GG,CC,GG,TT,CC,CG,AA,CC,CC,TT,GT,GT,CC,TT,TT,AG,CC,TT,TT,CC,AT,CT,GT,TT,GG,AA,TT,CC,AA,AC,GG,GG,GG,GG,GG,CC,TT,TT,AA,GT,AA,AG,TT,TT,CC,AC,GG,AA,AA,GG,CT,TT,AA,NN,GT,AC,AA,TT,TT,GG,TT,TT,CC,GG,TT,GG,AG,GG,CC,AA,GG,AC,NN,GG,TT,TT,GG,GG,GG,CC,AA,GG,AA,AA,CC,GG,CC,TT,CC,TT,TT,AG,CT,CC,GT,CC,CC,CC,AA,AA,TT,TT,CC,AA,AA,AA,CT,GG,TT,CG,TT,AA,AA,TT,GG,AG,CC,AG,CC,GG,TT,AA,CC,CC,CC,CC,AA,TT,AC,AA,CC,CC,AA,TT,AA,AA,GG,CC,CC,GG,AG,AA,AT,CC,GT,CC,CC,AA,AG,AG,GT,AG,AC,TT,TT,GG,CC,TT,TT,TT,CC,AA,TT,TT,AA,TT,CG,CC,AA,CT,CC,NN,GG,AC,AA,GG,AA,CC,NN,CG,GT,TT,GG,AA,AA,NN,GT,CC,GG,AA,AC,CC,GG,AG,AA,GG,TT,AA,AA,CC,GG,AA,NN,AA,AA,GG,TT,AA,AA,GG,GG,AA,CC,TT,TT,AA,GG,AA,TT,AA,TT,CC,TT,AA,AC,TT,CC,AG,CC,AA,CC,NN,TT,TT,GG,TT,AA,CC,AG,GG,CC,CC,GG,CC,GG,AA,AG,CG,GG,GG,CC,CC,AA,GG,CC,AA,CC,AT,AA,CC,CG,AC,TT,AA,GG,AA,AC,AC,AA,GG,AG,AA,NN,TT,GG,AC,AA,CC,AA,TT,AA,AA,GG,AG,CG,TT,AT,AA,TT,TT,TT,AG,AT,GG,GG,AA,7.78,Susceptible,High,Poor,Medium
L0640,Mandya,Karnataka,Kharif,Red Loamy,Irrigated (Cauvery command),780,27.0,72,AC,TT,AG,AA,GG,CC,GG,AT,NN,CC,AA,CC,CC,TT,TT,GG,GG,TT,TT,AG,CC,TT,GT,CT,TT,CC,TT,TT,GG,AA,TT,CT,AA,CC,GG,GG,GT,CC,GG,CC,TT,CT,AA,GT,AG,GG,TT,TT,CC,NN,GT,AA,AA,GG,CC,TT,AA,AA,TT,AA,AA,TT,TT,AA,TT,AA,CC,GG,TT,TT,GG,GG,CC,AA,GG,AC,AT,GG,TT,TT,GG,GG,GT,CC,TT,GG,AA,AT,CC,GT,AC,TT,CC,AT,TT,GG,TT,CC,TT,CC,NN,CC,GG,AA,TT,TT,CG,AA,AA,AC,CT,GG,TT,CC,GT,AC,AA,TT,CC,AA,CG,GG,CC,GT,CT,AA,CC,CC,AC,CC,AA,TT,CC,AA,CC,CT,AA,TT,AA,AA,GG,CC,CC,GG,AA,AA,AA,AC,GG,CC,CC,AG,AA,GG,TT,GG,AA,GT,TT,GG,CC,GT,TT,TT,CC,AA,TT,TT,AA,NN,GG,CC,AG,CT,CC,CC,GG,CC,AA,GG,AA,CC,TT,CC,GG,TT,GG,AA,AA,AA,TT,CC,GG,AA,AA,CC,GG,GG,AA,GG,TT,AA,AA,CC,GG,AT,CC,AA,AA,GG,TT,TT,AT,GG,GG,TT,NN,AT,TT,AT,GG,AA,CC,AA,TT,CC,TT,AA,CC,TT,GG,AG,CG,AG,CC,AT,TT,GT,GG,TT,AA,AC,AG,GG,CC,CG,GG,CC,GG,TT,AA,CC,TT,GG,GG,CC,AA,AG,CC,AA,CC,AT,NN,AA,CC,CC,TT,NN,GG,AA,AA,AA,AA,AG,AG,AA,AA,TT,CG,AC,AG,AA,AC,TT,AA,AA,GG,GG,GG,TT,AA,AA,TT,NN,TT,GG,AT,CG,GG,AA,7.98,Susceptible,Medium,Premium,Late
L0641,Mandya,Karnataka,Kharif,Red Loamy,Irrigated (Cauvery command),780,27.0,72,AC,TT,GG,AG,GG,CG,GT,AT,CC,CC,AA,CC,CC,TT,TT,GT,GG,TT,TT,AG,CC,TT,GT,CT,TT,CC,TT,TT,GT,AA,TT,CC,AA,AC,GG,GG,GG,CC,GG,CC,TT,TT,AC,TT,AA,AG,TT,TT,CC,AC,GG,AA,AA,GG,CC,TT,AA,AA,TT,AC,AG,TT,TT,AG,TT,AA,CC,GG,CT,GG,AA,GG,CC,AA,GG,AC,AT,GG,TT,TT,GG,GT,GG,CC,NN,GG,AG,AA,CC,GT,CC,TT,CT,TT,TT,GG,TT,CC,GT,CC,CC,CC,AA,AA,AT,GT,CC,AA,AG,AC,CC,GG,TT,CG,GT,AA,AC,TT,CC,AA,CC,GG,CC,GG,TT,AA,CC,CC,AC,CC,AG,TT,CC,AA,CC,CC,AA,TT,AA,AA,GG,CC,CC,GG,AA,AG,AA,CC,GG,CC,CC,AA,AA,AG,TT,GG,AC,TT,CT,GG,AC,GT,GT,CT,CG,AA,TT,TT,AT,AT,CG,CC,AA,CT,CC,AC,CG,AA,AA,GG,NN,CC,TT,CC,GG,TT,CG,TT,AA,AA,TT,NN,GG,AA,CC,CC,CG,GG,AC,GG,TT,AA,AA,CC,GG,AA,AA,AA,AA,GT,TT,AT,AA,CG,GT,AA,CG,TT,GT,AA,GG,AA,TT,AA,AT,CC,CT,AA,NN,CT,CG,AA,CC,AA,CC,AT,TT,GT,GG,TT,AA,AA,AA,GG,CC,CG,GG,CC,GG,TT,AA,CC,GT,GG,CC,CC,AA,GG,CC,AT,CC,AA,AA,AC,CC,CC,TT,AA,CG,AA,AA,AC,AA,AG,AA,AG,AA,TT,GG,AA,AA,CC,AA,CT,AA,AA,GG,AG,GG,TT,AA,AG,TT,TT,TT,AA,AA,GG,GG,AA,6.31,Susceptible,High,Poor,Late
L0642,Mandya,Karnataka,Kharif,Red Loamy,Irrigated (Cauvery command),780,27.0,72,AC,TT,GG,AG,GG,CC,GT,TT,CC,CC,AA,CC,CC,TT,TT,GT,GG,TT,TT,AA,CC,GT,TT,CC,TT,CC,TT,TT,GT,AA,TT,CT,AG,CC,GG,GG,GG,CG,GG,CC,GT,TT,AA,TT,AA,GG,TT,TT,CC,CC,NN,AA,AA,GG,CC,TT,AA,AC,GG,AC,AA,TT,AA,AG,TT,TT,CC,GG,TT,GT,AG,GG,CC,AA,GG,AC,AT,GG,TT,TT,GG,GT,GG,CC,AT,GG,AA,AA,CC,GT,CC,TT,CC,TT,TT,GG,CT,CC,GT,CT,CT,NN,AA,AA,TT,TT,CC,NN,AA,AA,CC,GG,GT,CC,GT,AA,AA,TT,NN,AG,CC,GG,CC,GG,TT,AA,CT,CC,CC,CC,AA,TT,AA,AA,CC,CC,AA,TT,AA,AA,GG,CC,CC,GG,AA,AG,AA,CC,GG,CC,CC,AA,AA,GG,TT,GG,AA,TT,CT,GG,CC,GT,TT,TT,CC,AA,TT,TT,AA,TT,CG,CC,AG,CC,CC,CC,GG,CC,AA,GG,AG,CC,TT,CG,GT,NN,CG,AT,AA,AA,TT,AC,GG,AA,AC,CC,GG,GG,AC,NN,TT,AA,AA,CC,GG,AA,AA,AA,AA,GT,TT,TT,TT,CG,GG,AT,CG,AT,TT,AA,GG,AA,CT,AC,TT,CG,TT,AA,CC,TT,GG,AG,CG,AG,CC,TT,TT,GT,GG,TT,AA,CC,AG,GT,CC,CC,GG,CC,GG,AT,AA,CG,TT,GG,CC,CC,AA,GG,CC,AT,CC,AA,AG,CC,CC,AC,TT,AA,GG,AA,AA,AC,NN,GG,AA,AA,AA,TT,GG,AA,GG,AC,AC,TT,AA,NN,GG,GG,GG,TT,AA,AG,TT,TT,TT,AG,TT,GG,GG,AA,9.18,Resistant,Low,Premium,Early
L0643,Mandya,Karnataka,Kharif,Red Loamy,Irrigated (Cauvery command),780,27.0,72,AA,CT,GG,AG,GG,CC,GG,TT,CC,CG,AA,CT,CG,TT,GT,GG,CG,TT,TT,AA,CC,TT,GT,CT,TT,CC,TT,TT,GT,AA,TT,CT,AA,CC,AG,GG,GG,CG,GG,CC,TT,TT,AA,TT,AA,AG,TT,TT,CC,CC,GG,AT,AA,GG,CC,GT,AA,CC,GT,AA,AA,TT,NN,AG,TT,TT,CC,GG,TT,GT,AA,GT,CC,AA,GG,AA,AT,GG,TT,TT,GG,GG,GG,CC,AA,GG,AA,AA,CG,TT,CC,TT,CT,TT,TT,GG,CT,CC,GG,CC,CC,CC,AG,AA,AT,TT,CG,AA,AG,AA,CT,GG,TT,CC,TT,AC,AA,TT,CG,AG,CG,GG,CC,GG,CT,AG,CC,NN,CC,CG,AA,GT,CC,AA,CC,CC,AA,TT,AA,AA,CG,CC,CC,GG,AA,AG,AA,CC,GG,CC,NN,AA,AA,GG,GT,AG,AA,GT,CT,GG,CC,TT,GT,CT,CC,TT,GG,TT,AT,TT,CG,CC,GG,CC,CC,CC,GG,CC,AA,GG,AG,CC,TT,CG,GG,GT,CG,AT,AA,AG,TT,CC,GG,AA,CC,CC,GG,GG,AC,CG,TT,AA,AA,CC,GG,AA,CC,AA,AT,GG,TT,AT,AT,CG,TT,AA,CC,AT,GT,AA,GG,AA,TT,AA,TT,CC,CT,AA,CC,CT,GG,AG,NN,AG,AC,AT,TT,GT,GG,TT,AA,CC,AA,GG,CG,CG,GG,CC,GG,AT,AG,CG,TT,GG,CC,CC,AT,GG,CG,AA,CC,AA,AA,CC,CC,AA,AT,AA,GG,AA,AA,AC,AA,GG,GG,AG,AA,AT,GG,AC,AA,CC,AC,TT,AA,AG,GG,GG,GG,TT,AA,AA,TT,TT,TT,AA,TT,CG,GG,AA,8.78,Susceptible,Low,Premium,Medium
L0644,Mandya,Karnataka,Kharif,Red Loamy,Irrigated (Cauvery command),780,27.0,72,AC,TT,GG,AG,GG,CC,GG,TT,CC,CG,AA,CT,CC,AT,TT,GG,CG,TT,TT,AG,CC,GT,GT,CT,TT,CC,TT,TT,GT,AA,TT,CC,AA,CC,GG,GG,GG,CC,GG,CC,TT,CT,AA,TT,AA,AG,TT,TT,CG,CC,GT,AA,AA,GG,CC,TT,AT,AA,GG,AC,AA,GT,AT,AA,TT,TT,CC,GG,TT,GG,AG,NN,CC,AA,AG,AA,AT,GG,GG,TT,GG,GG,GT,CC,AA,GG,AA,AA,CC,GG,CC,TT,CT,TT,TT,GG,TT,CC,TT,CC,CC,CC,AG,AA,TT,TT,CC,AA,AA,AC,CC,GG,TT,CC,GT,AA,NN,TT,CC,GG,CG,GG,CT,GT,CT,AG,CT,CC,CC,CC,AG,TT,AC,AA,CC,CC,AA,TT,AA,AA,GG,CC,CC,GG,AA,AA,AA,CC,NN,CC,CC,AG,AA,GG,TT,AG,AC,TT,TT,AG,AC,GT,TT,CC,CG,AA,GT,CT,AT,TT,GG,CC,AA,TT,CC,CC,GG,AC,AA,NN,AA,CC,TT,CG,TT,TT,GG,AA,AA,AA,TT,CC,GG,AA,CC,CC,GG,AG,AA,GG,TT,AA,AA,CC,GG,AA,CC,AT,AT,GT,TT,AT,AA,CG,TT,AT,CC,AA,TT,AA,GG,AA,CT,AC,TT,CC,TT,AA,CC,TT,CG,AA,CC,AG,CC,TT,CT,GT,GG,TT,AC,AA,AG,GG,CC,CG,GG,CC,GG,TT,AA,CG,TT,GG,CC,CC,AA,GG,CC,AA,CC,AT,AA,AC,CC,CC,AT,AA,CG,AA,AC,AC,AA,GG,NN,AA,AA,TT,CG,AC,AA,AC,AA,CT,AA,AA,GG,GG,GG,TT,AT,AA,GT,TT,AT,AG,AT,GG,GG,AA,6.17,Susceptible,High,Poor,Medium
L0645,Mandya,Karnataka,Kharif,Red Loamy,Irrigated (Cauvery command),780,27.0,72,AA,TT,AG,AA,GG,CG,GT,TT,CC,CC,AA,CC,CC,TT,TT,GG,GG,TT,TT,AA,CC,GT,GT,CC,TT,CC,TT,TT,GG,AA,TT,NN,AA,CC,GG,GG,GG,GG,GG,AC,TT,CT,AA,TT,AA,GG,TT,TT,CC,AA,GG,AT,AA,GG,CC,TT,AA,AA,TT,AA,AA,TT,TT,AG,TT,AT,CC,GG,TT,GG,AG,GG,CC,AA,GG,AA,AT,GG,TT,TT,GG,GT,GG,CC,AT,GG,AA,AA,CC,GT,CC,TT,CT,AT,TT,GG,CT,AC,TT,CC,CT,CG,AG,AA,AT,TT,CC,AA,AG,AA,CC,GG,TT,CC,TT,AA,AA,TT,CC,AG,CG,AA,CC,TT,CT,AA,CC,CC,CC,CG,AA,TT,CC,AA,CC,CC,AA,TT,AG,AT,GG,CC,CC,GG,AG,AG,AA,CC,GG,CC,CC,AA,AG,GG,GT,GG,AC,GT,CT,GG,CC,TT,GG,TT,CC,AT,TT,TT,AA,TT,GG,CC,AA,CC,CC,CC,GG,CC,AA,GG,GG,CC,TT,CC,GG,TT,GG,AA,AG,AG,TT,CC,CG,AA,AC,CC,GG,GG,AA,GG,TT,NN,AA,CC,GG,AA,CC,AA,AT,GG,TT,AT,AT,GG,GT,AT,CG,TT,GT,AA,GG,AA,CT,AA,TT,CG,CT,AA,CC,TT,CG,AG,CC,AA,CC,TT,CT,TT,GG,TT,AC,AC,AA,GG,CC,CG,GG,CC,GG,AT,AG,CC,GT,GG,CC,CG,AA,AG,CC,AT,CC,AA,AA,AC,CG,AC,TT,AA,GG,AA,AC,AC,AA,GG,AA,AA,AG,AT,GG,AC,AA,AC,AC,CC,AA,AG,GG,AG,GG,TT,AT,NN,TT,TT,TT,AA,TT,GG,GG,AC,9.53,Resistant,Low,Premium,Late
L0646,Mandya,Karnataka,Kharif,Red Loamy,Irrigated (Cauvery command),780,27.0,72,AA,TT,NN,AA,NN,CC,GG,TT,CC,CG,AA,CC,CG,TT,TT,GG,GG,TT,TT,AG,CC,GT,GG,CT,TT,CC,TT,TT,GT,AA,TT,CT,AA,CC,GG,GG,GG,CC,GG,CC,TT,CT,AA,GT,AA,GG,TT,AT,CG,CC,GG,AT,AG,GG,CC,TT,AT,AA,GT,AA,AA,TT,TT,AG,TT,TT,CC,GG,TT,GG,AG,GG,CC,AA,GG,AC,AT,GG,TT,TT,AG,GG,GG,CC,AA,GG,AA,AA,CC,GT,AC,TT,CC,AT,TT,GG,TT,AC,TT,CC,CT,CC,GG,AA,AT,TT,CG,AA,AA,AC,CT,GG,TT,CC,TT,CC,NN,TT,CC,GG,CC,AG,CC,GG,TT,AA,CT,CC,CC,CC,AA,TT,AC,AA,CC,CC,AA,TT,AG,AA,GG,CC,CC,GG,AA,AA,AA,CC,GG,CC,CC,AA,AA,GG,TT,AG,AC,TT,CT,GG,CC,GT,TT,TT,CC,AT,GT,TT,AA,TT,GG,CG,AA,CC,AC,CC,CG,CC,AA,GG,AG,CC,TT,CC,GT,TT,CG,AA,AA,AG,TT,CC,GG,AA,AC,CC,GG,GG,NN,GG,TT,AA,AA,CC,GT,AA,CC,AA,AA,GT,TT,TT,AT,GG,GG,AA,GG,AT,TT,AA,GG,AA,TT,AA,TT,CC,TT,AA,CC,TT,CG,AG,CC,AA,AC,AT,TT,TT,GG,TT,AA,AC,AA,GT,CC,CG,GG,CC,GG,AA,AA,CC,TT,AG,CG,CC,AT,AG,CG,TT,CC,AT,AA,CC,CG,AC,TT,AA,GG,AA,AA,AC,AA,AG,AG,AA,AA,TT,GG,AC,GG,AC,AC,TT,AA,AA,GG,GG,GG,TT,AA,AA,TT,TT,AT,AA,TT,GG,GG,AC,6.8,Moderate,Medium,Premium,Early
L0647,Mandya,Karnataka,Kharif,Red Loamy,Irrigated (Cauvery command),780,27.0,72,AA,CT,GG,AA,CG,CC,GG,TT,CG,CC,AT,CC,CC,AA,TT,GG,CG,TT,TT,AA,CG,TT,TT,CC,AT,CC,TT,AT,GG,AA,TT,CC,AA,CC,GG,CC,GG,CG,GG,CC,TT,TT,AA,TT,AG,AG,TT,TT,CC,AA,GG,AA,AG,CG,CC,GT,AT,AC,GG,CC,AA,TT,AT,AA,TT,AT,CC,GG,TT,GT,AA,GT,CC,AA,AG,AA,AT,AG,TT,TT,AG,GG,GG,CC,AA,GG,AA,AA,CG,GT,CC,TT,CT,TT,TT,GG,TT,CC,GT,CC,CC,CC,AA,AA,TT,TT,CC,AG,AG,AA,CC,GG,TT,CC,TT,AA,AA,TT,CC,AG,CC,GG,CC,GG,CT,AA,CC,CC,CC,CC,AA,TT,CC,AA,CC,CC,AA,TT,AA,AA,CG,CT,CG,GG,AA,GG,AA,CC,GG,CC,CC,AA,AG,GG,GT,GG,AA,TT,TT,GG,CC,GT,TT,TT,CG,AT,TT,TT,AA,AT,GG,CC,AA,TT,CC,CC,GG,AC,AA,GG,AG,CC,TT,CC,GG,TT,GG,TT,AA,AG,TT,CC,GG,AA,CC,CC,GG,GG,AA,GG,TT,AA,AA,CG,GG,AA,AC,AA,AT,GT,TT,AT,AA,CG,GG,AT,GG,TT,GT,AA,GG,AA,CT,AC,TT,CC,TT,AC,CC,CT,GG,GG,CC,AG,AC,TT,CT,TT,CG,TT,AA,CC,AA,GT,CC,CC,GG,CC,NN,AT,AA,CG,TT,AG,CC,CC,AT,GG,GG,AA,CC,AA,AA,CC,CC,AC,TT,AG,GG,AA,AA,AC,AA,AA,AA,AA,AA,AT,GG,AA,AA,AC,AA,CT,AA,AA,GG,GG,GG,TT,AA,AA,GT,TT,TT,AG,AA,GG,CG,AA,8.59,Susceptible,High,Standard,Medium
L0648,Mandya,Karnataka,Kharif,Red Loamy,Irrigated (Cauvery command),780,27.0,72,AC,TT,GG,GG,CG,CG,GT,AT,CC,CC,AA,CC,CC,TT,TT,GG,NN,TT,TT,AG,CC,GT,GG,CC,TT,CC,TT,TT,GG,AA,TT,CC,AA,CC,GG,CC,GG,CG,GG,CC,TT,CC,AA,TT,AA,AG,TT,TT,CC,AC,GT,AT,AA,GG,CC,GT,AA,AA,GT,AA,AG,TT,AT,AG,TT,TT,CC,GG,CT,GT,AA,GG,CC,AA,GG,AC,TT,GG,TT,TT,GG,GT,GG,CC,AA,GG,AA,AA,CC,NN,CC,TT,CT,AA,TT,GG,TT,CC,NN,NN,CC,CG,AA,GG,AT,TT,CC,AA,GG,AA,CC,GG,TT,CC,GT,AA,AC,TT,CC,AA,CC,GG,CC,GG,TT,AG,CC,CC,CC,CG,AA,TT,CC,AA,CC,CC,AA,TT,AA,AT,GG,CT,CC,GG,AA,GG,AA,CC,GG,CC,CC,AG,AG,GG,TT,NN,AA,TT,CT,GG,AA,TT,GT,CT,CG,AA,NN,CT,AA,TT,GG,CC,AA,CC,CC,CC,CC,CC,AA,AG,AA,CC,TT,CC,GT,GG,GG,AT,AA,AG,TT,CC,GG,AA,CC,CC,GG,AG,AA,GG,TT,AC,AA,CC,GG,AA,CC,AA,AA,GT,TT,TT,AT,GG,TT,AA,CG,TT,TT,AA,GG,AA,CT,AA,TT,CC,TT,AA,CC,CC,CC,AG,CC,AA,CC,TT,CT,TT,GG,TT,AA,CC,AA,GG,CC,CC,GG,CC,GG,AT,AA,CC,TT,GG,CC,CC,AA,GG,GG,AA,CC,AA,AA,AC,CC,CC,TT,AA,GG,AA,AC,AA,AC,GG,AA,GG,AA,AA,CG,AA,GG,AA,AA,TT,AA,AA,GG,GG,GG,TT,AA,AA,GT,TT,TT,AG,TT,GG,GG,AA,7.45,Susceptible,Low,Poor,Early
L0649,Mandya,Karnataka,Kharif,Red Loamy,Irrigated (Cauvery command),780,27.0,72,AA,TT,GG,AG,GG,CC,GG,TT,CC,CC,AT,CC,CC,TT,TT,GG,CG,TT,TT,AA,CG,GT,GG,CC,TT,CC,TT,TT,NN,AA,CT,CT,AA,CC,GG,GG,GG,CC,GG,CC,TT,TT,AA,GT,AA,GG,TT,AT,CC,AC,GG,AA,AA,GG,CC,TT,AA,AA,TT,AA,AG,TT,TT,AA,CT,AT,CC,GG,TT,GG,AA,GG,CC,AA,AG,AC,AT,GG,TT,TT,GG,GG,GG,CC,AA,AG,AA,AA,CG,GT,AC,TT,CT,TT,GT,GG,TT,CC,GG,NN,CT,CC,GG,AG,TT,TT,CC,AA,AG,AA,CT,GG,TT,CC,TT,AA,AC,TT,CC,AG,CC,GG,CC,GG,TT,AA,CC,CC,CC,CC,AA,TT,CC,AC,CC,CC,AA,TT,AA,AA,GG,CT,CC,AG,AA,GG,AA,AC,GT,CC,CC,AA,AG,AG,NN,AG,AC,TT,CT,GG,CC,TT,TT,CT,NN,AA,TT,CT,AT,TT,CG,CC,AA,CT,CC,AC,GG,CC,AA,GG,AA,CC,TT,CC,GT,TT,CG,TT,AA,AG,TT,CC,CG,AC,AC,CC,CG,GG,AC,GG,TT,CC,AA,CC,GG,AA,CC,AT,AT,GG,TT,TT,AA,CG,GT,TT,CC,TT,GT,AA,NN,AG,CT,AC,TT,CC,TT,AA,CC,CT,GG,AG,CC,AG,AC,AT,TT,TT,GG,TT,AA,AC,AA,GG,CC,CG,GG,CC,GG,TT,AA,CC,GT,GG,CG,CC,AA,GG,CC,AA,CC,AA,AA,CC,CC,AC,TT,AA,GG,AA,AC,AC,AA,AG,AG,AA,AA,TT,NN,AC,AG,CC,AC,CT,AA,AG,GG,GG,GG,GT,AA,AG,GT,TT,TT,AA,TT,GG,GG,AA,7.53,Susceptible,Medium,Standard,Medium
L0650,Mandya,Karnataka,Kharif,Red Loamy,Irrigated (Cauvery command),780,27.0,72,AC,TT,AG,AA,GG,CC,GT,TT,CC,CG,AA,CC,CC,TT,TT,GG,CG,TT,TT,AG,CC,TT,TT,CC,TT,CT,TT,TT,GT,AA,TT,CT,AA,CC,GG,GG,GT,CC,GG,CC,TT,CC,AA,GT,AG,AG,CT,TT,CC,AA,GT,AT,AA,GG,CC,GT,AA,AA,GT,AC,AG,TT,TT,AG,TT,TT,CC,GG,TT,GT,AG,GG,CC,AA,AG,AA,AA,GG,GT,TT,GG,GG,GG,CC,AA,GG,AG,AA,CG,TT,CC,TT,CC,TT,TT,GG,CT,CC,TT,CC,CT,CC,GG,AA,AT,TT,CG,AA,AA,AA,CT,GG,TT,CC,TT,AC,AA,TT,CC,AG,CC,GG,CC,GG,CC,AA,CT,CG,CC,CC,AA,TT,CC,AA,CC,CC,NN,NN,AA,AA,GG,CC,CC,AG,AA,AG,AA,CC,GG,CC,CC,AA,AG,GG,TT,GG,AA,TT,TT,AG,CC,TT,TT,CC,CC,AA,GT,TT,AA,TT,GG,CC,AA,CT,AC,CC,CG,AC,AA,GG,AG,CC,TT,CC,GG,TT,GG,TT,AA,AG,TT,CC,GG,NN,CC,CC,GG,AG,AC,GG,TT,AA,AG,CC,GG,AA,CC,AA,AT,NN,GG,AT,AT,GG,TT,TT,CC,AA,TT,AA,GG,AA,TT,AA,TT,CC,TT,AA,CC,TT,CG,GG,CG,AG,CC,AT,TT,GT,GG,TT,AA,AC,AA,GG,CC,CC,GG,CG,GG,AT,AA,CC,TT,GG,CC,CG,AT,GG,CC,AA,CC,AA,AA,CC,CG,AC,TT,AA,GG,AA,AA,AC,AA,AG,AA,AA,AA,AT,CG,AC,AA,CC,AA,CT,AG,AG,GG,GG,GG,TT,AA,AA,TT,TT,TT,AG,AT,GG,GG,AC,8.59,Resistant,Medium,Poor,Early
L0651,Mandya,Karnataka,Kharif,Red Loamy,Irrigated (Cauvery command),780,27.0,72,AA,TT,AG,AA,GG,CC,GG,TT,CC,CG,AA,CT,CC,AA,TT,GG,GG,TT,TT,AA,CG,GT,GT,CC,AT,CC,TT,TT,GG,AA,NN,CC,AA,CC,GG,CG,GG,CC,GG,CC,TT,CT,AA,TT,AA,GG,TT,AT,CC,CC,GG,AA,AA,GG,CC,TT,AA,AA,GT,AA,AA,TT,TT,AG,CT,TT,CC,NN,TT,GT,AG,GG,CC,AA,AG,AC,AT,GG,TT,TT,GG,GG,GG,CC,AA,GG,AA,AA,CC,GT,CC,TT,CC,TT,TT,GG,CT,CC,TT,CC,CC,CG,AG,AA,AT,TT,CG,AA,AA,AA,CC,GG,TT,CC,TT,AA,AA,TT,CC,AG,CG,GG,NN,GT,TT,AG,CC,CC,CC,CC,AA,GT,CC,AA,CC,CC,AA,TT,AA,AA,GG,CC,CC,GG,AA,AA,AA,CC,GT,CC,CC,AA,GG,GG,GT,AG,AC,TT,CT,GG,AC,TT,GT,TT,CC,AT,TT,TT,AA,AT,GG,CC,AG,CT,NN,CC,GG,CC,AA,GG,AG,CC,TT,CC,GT,TT,CG,AT,AA,AA,GT,AC,GG,NN,CC,CG,GG,GG,AA,GG,TT,AC,AA,CC,GG,AA,CC,AA,AA,GT,TT,TT,AA,CG,GT,AA,CC,TT,GT,AA,GG,AA,CT,AA,TT,CG,TT,NN,AC,TT,NN,AG,CC,AG,AC,TT,CT,GT,GG,TT,AA,AA,AG,GG,CC,CG,GG,CC,GG,TT,AG,CC,TT,GG,CC,CC,AA,GG,CC,AA,CC,AA,AA,CC,CC,AC,TT,AA,GG,AA,AA,AA,AA,AG,AA,AG,AA,AT,GG,AC,AG,AA,AC,CT,AA,AG,CG,GG,GG,TT,AT,AA,TT,TT,TT,AG,TT,GG,GG,AA,8.85,Moderate,High,Standard,Medium
L0652,Mandya,Karnataka,Kharif,Red Loamy,Irrigated (Cauvery command),780,27.0,72,AC,CT,AG,AG,CG,CC,GT,TT,CC,CG,AA,CT,CC,TT,TT,GG,CG,TT,TT,AA,CC,TT,GT,CC,TT,CT,TT,TT,GT,AA,TT,CC,AA,CC,GG,GG,GG,CG,GG,CC,TT,TT,AA,GT,AA,AG,TT,AT,NN,AA,GT,TT,AG,GG,CC,GT,AA,AA,GG,CC,AA,TT,AT,AG,TT,AT,CC,GG,TT,GG,AA,GG,CC,AA,GG,AA,TT,GG,TT,TT,GG,GG,GG,CC,AA,GG,AA,AA,CC,NN,CC,TT,CT,TT,TT,GG,TT,CC,TT,CC,CC,CC,GG,AA,TT,TT,CC,AA,GG,AA,TT,GT,GT,CG,TT,AA,AC,NN,CC,GG,CG,GG,CC,GG,TT,AA,CC,CC,CC,CC,AA,GT,CC,AA,CC,CT,AA,TT,AA,AA,GG,CT,CC,GG,AA,AA,AA,CC,GT,CC,CG,AG,AG,GG,NN,GG,AA,TT,CT,GG,AC,TT,TT,TT,CC,AA,TT,TT,AT,AT,GG,CC,AA,CC,AC,CC,CC,CC,AA,GG,AG,CC,TT,CC,GT,GG,GG,AT,AG,AA,TT,CC,GG,AA,CC,CC,GG,GG,AC,NN,TT,AA,AA,CC,TT,AT,CC,AA,TT,GT,TT,TT,AT,GG,GG,AT,CG,TT,TT,AA,GG,AA,CT,AA,TT,CC,CT,AC,CC,TT,CG,AG,CC,GG,CC,AT,TT,GT,GG,TT,AA,CC,AA,GG,CC,GG,GG,CC,GG,AT,AA,CC,TT,GG,CC,CG,AT,AG,CC,AA,CG,AA,NN,CC,CG,CC,TT,AA,GG,AA,AC,AA,AA,AG,AG,AA,AG,TT,CG,AA,AA,AC,CC,CT,AA,AA,CG,AG,GG,TT,AA,AA,GT,TT,TT,AA,TT,GG,CG,AA,5.4,Moderate,Low,Poor,Late
L0653,Mandya,Karnataka,Kharif,Red Loamy,Irrigated (Cauvery command),780,27.0,72,AC,NN,AG,AG,GG,CC,GG,AT,CC,CC,AA,CT,CG,TT,GT,GG,CG,TT,AT,AG,CG,GG,GG,CT,TT,NN,TT,TT,GT,AA,TT,CC,AA,CC,GG,CG,GG,CG,GG,CC,TT,CT,AC,TT,AA,AG,TT,TT,CC,AC,GT,AT,AA,GG,CC,TT,AA,AC,GT,AA,AA,TT,AT,AA,TT,AA,CC,GG,TT,GG,AG,GG,CC,AG,GG,AA,AA,GG,TT,TT,GG,GG,GT,CC,AT,GG,AA,AA,CC,TT,CC,TT,CT,AT,GT,GG,CT,CC,GG,CT,TT,CC,AG,AA,TT,TT,CG,AA,AA,AA,CT,GG,TT,CC,TT,AA,AA,TT,CC,AG,CC,GG,CC,GT,TT,AA,CC,CC,CC,CC,AG,TT,CC,AA,CC,CC,NN,TT,AA,AA,GG,CT,CC,GG,AG,AG,TT,CC,GG,CC,CC,AG,AG,GG,GT,NN,AC,TT,CT,GG,CC,TT,GT,TT,CC,AT,TT,TT,AA,AT,CG,CC,AG,CC,CC,AC,GG,CC,NN,GG,AG,CC,TT,CC,GT,TT,CC,TT,AA,AA,TT,CC,CG,AA,CC,CC,GG,GG,AA,GG,TT,AA,AG,CC,GG,TT,CC,AA,AT,TT,TT,TT,AT,CG,NN,AA,CC,TT,GT,AA,GG,AA,CT,AA,TT,CC,CT,AA,CC,TT,CG,AG,CG,AG,CC,TT,TT,TT,GG,TT,AA,AC,AA,GG,CC,CG,GG,CC,GG,TT,AA,CC,TT,GG,CC,CG,AA,AG,CG,AT,CG,AA,AA,AA,CG,AC,TT,AA,GG,AA,AA,AA,AA,GG,AG,AA,AA,TT,GG,AC,AA,CC,AC,CT,AA,AA,GG,GG,GG,GT,AT,AA,TT,TT,TT,AA,AT,GG,GG,AA,6.73,Susceptible,Low,Premium,Late
L0654,Mandya,Karnataka,Kharif,Red Loamy,Irrigated (Cauvery command),780,27.0,72,AA,CT,GG,AG,GG,CC,GG,AT,CC,CG,AT,CC,GG,TT,GG,GG,GG,TT,TT,AA,CG,TT,TT,CC,TT,CC,TT,TT,GG,AA,CT,CC,NN,CC,AG,NN,GG,CG,GG,CC,TT,CT,CC,TT,AA,AG,TT,AT,CC,CC,GG,AA,AA,GG,CC,TT,AA,AC,GT,AC,AA,TT,AT,AG,CT,TT,CC,GG,TT,GT,AA,GG,CC,AA,GG,AC,TT,GG,TT,TT,GG,TT,GG,CC,TT,GG,AA,AA,CC,TT,CC,TT,CC,AT,TT,AG,TT,CC,TT,CC,CC,CG,GG,AA,AT,TT,CC,AA,AG,AC,TT,GG,TT,CC,TT,AA,AA,TT,CC,AG,CG,GG,CC,GG,CC,AG,CC,CC,CC,CC,AA,GT,CC,AA,CC,CC,AA,TT,AA,AA,GG,TT,CC,GG,AA,AG,AA,CC,GT,CC,CC,AG,AA,GG,GT,GG,AA,TT,CT,GG,CC,TT,GT,TT,CG,AT,GT,TT,AA,AT,GG,CC,AA,CT,CC,CC,CG,CC,AA,GG,AG,CC,TT,CG,GT,TT,CG,TT,AA,AA,TT,CC,GG,AC,CC,CC,GG,GG,AA,GG,TT,AC,AA,CC,GG,AA,CC,AA,AT,GT,TT,TT,AA,GG,GT,AA,CC,AT,TT,AA,GG,AA,TT,AC,TT,CC,TT,AC,CC,CT,GG,AA,CG,GG,CC,AT,CC,TT,GG,TT,AA,AC,AA,GG,CC,CC,GG,CG,GG,TT,AA,CC,TT,GG,CC,CC,AA,GG,CG,AT,CC,AA,AA,CC,CG,AA,AT,AG,GG,AA,AA,AC,AA,AG,AG,AA,AA,TT,GG,AA,AG,AC,AA,CT,AA,AA,GG,GG,CG,TT,AT,AA,GT,TT,TT,AA,AT,GG,GG,AA,7.02,Susceptible,Low,Standard,Medium
L0655,Mandya,Karnataka,Kharif,Red Loamy,Irrigated (Cauvery command),780,27.0,72,AA,TT,AG,AA,GG,CC,GG,TT,CC,GG,AA,CT,CG,TT,TT,GG,GG,TT,TT,AA,CC,TT,TT,CT,TT,CT,TT,TT,GG,AA,TT,CC,NN,CC,GG,GG,GG,CC,GT,CC,TT,TT,AC,TT,AG,AG,TT,TT,CC,AA,GT,AA,AA,GG,CT,GT,AA,CC,GT,AA,AA,TT,TT,AA,TT,AT,CC,GT,TT,GG,AG,GT,CC,AA,AG,AC,AT,GG,TT,TT,GG,GG,GG,CC,AA,GG,AA,AA,CG,GT,CC,TT,CT,TT,TT,GG,CT,CC,GT,CC,CT,CC,AG,AA,AA,TT,CC,AA,AA,AA,CC,GG,TT,CC,TT,AA,AC,TT,CG,AG,NN,GG,CC,GG,TT,AA,CC,CC,CC,CG,AA,TT,CC,AA,CC,CC,AA,TT,AG,AA,GG,CC,CC,GG,AA,AA,AA,CC,GG,CC,CC,AA,AG,GG,TT,AG,AA,TT,TT,GG,CC,GT,GT,TT,CC,AT,GG,TT,AA,TT,GG,CG,GG,CC,CC,CC,CG,CC,AA,GG,AG,CC,TT,CC,GG,GT,GG,NN,AA,AA,TT,CC,GG,AC,AC,CC,GG,GG,AC,CG,TT,AA,AG,CG,GG,AA,CC,AA,AA,GG,TT,AT,AT,GG,TT,AA,CC,TT,GT,AA,GG,AA,CT,AA,TT,CC,NN,AA,CC,TT,GG,AG,CC,AG,AC,AT,CT,GG,GG,AT,AA,AC,AA,GG,CC,CG,GG,CC,GG,AA,AA,CC,GT,GG,CC,CC,AA,GG,CC,AA,CC,AA,AA,AC,CC,CC,TT,AA,GG,AA,AC,AA,AA,GG,AA,AA,AA,AA,CG,AA,AG,AC,AA,TT,AA,AA,GG,GG,GG,GT,AA,AA,TT,TT,TT,NN,AT,GG,GG,AA,9.08,Susceptible,Low,Standard,Medium
L0656,Mandya,Karnataka,Kharif,Red Loamy,Irrigated (Cauvery command),780,27.0,72,AA,TT,GG,GG,GG,CC,GT,AT,CC,CC,AT,CT,CC,TT,TT,GG,GG,TT,TT,AA,CC,GT,GT,NN,TT,CC,TT,TT,GG,AA,CT,CC,AA,CC,GG,GG,GG,CC,GG,CC,TT,TT,AA,GT,AA,NN,TT,AT,CC,CC,GT,AA,AG,GG,CC,GT,AA,AA,GT,AA,AA,GT,NN,AA,TT,AT,CC,GG,TT,GT,AA,GT,CC,AG,GG,AC,AA,GG,TT,TT,GG,GG,GG,CC,AA,GG,AA,AA,CC,GT,AC,TT,CT,TT,TT,GG,TT,CC,GT,CC,CC,CC,GG,AA,TT,TT,CG,AA,AA,AA,CC,GG,TT,CC,GT,AA,AA,TT,CC,GG,CC,AG,CC,TT,CT,AA,CT,CC,CC,CC,AA,GT,AC,AA,CC,CT,AA,TT,AA,AT,GG,CT,CC,GG,AA,GG,AA,CC,GT,CC,CC,AA,AG,AG,TT,GG,AA,TT,CT,AG,CC,TT,GT,TT,CG,AA,TT,CC,AA,TT,GG,CC,AA,CT,NN,CC,CG,AC,AA,GG,AG,CC,TT,CC,GT,GT,GG,TT,AA,AG,NN,AC,CG,AA,CC,CC,GG,GG,AA,GG,TT,NN,AG,NN,GG,AA,CC,AA,AA,GG,TT,TT,TT,GG,GG,AA,CC,AA,TT,AA,GG,AA,TT,AA,TT,CC,TT,AA,CC,CT,GG,AA,CC,AG,CC,TT,TT,TT,GG,TT,AA,CC,AG,GG,CC,CG,GG,CC,GT,AA,AA,CC,TT,GG,CC,CG,AA,GG,CC,AA,CC,AT,AA,CC,CC,CC,TT,AA,CG,AA,AA,AC,AA,AG,AA,AA,AA,TT,CG,AA,AG,CC,AA,CT,AG,AA,GG,GG,GG,TT,AT,GG,TT,TT,TT,AA,TT,GG,CG,AA,5.18,Susceptible,High,Standard,Late
L0657,Mandya,Karnataka,Kharif,Red Loamy,Irrigated (Cauvery command),780,27.0,72,AC,TT,GG,AG,CG,CC,GT,TT,CC,CG,AA,CT,CG,TT,TT,GG,CG,TT,TT,NN,CC,TT,TT,CC,TT,CC,TT,TT,GG,AA,TT,CT,AA,CC,GG,CG,GG,CC,GG,AC,TT,CC,AA,TT,GG,GG,TT,TT,CC,CC,GG,AA,AA,GG,CT,TT,AT,AC,GG,AA,AA,TT,AT,AA,TT,AT,CC,GG,TT,NN,AA,GG,CC,AA,GG,AA,AT,GG,TT,TT,GG,NN,GT,CC,AA,GG,AA,AT,CC,TT,CC,TT,CC,TT,TT,GG,CT,AC,GT,CC,CT,GG,AG,AA,NN,GT,CC,AA,GG,AA,CC,GG,TT,CC,TT,AA,AA,TT,CC,GG,CG,GG,CC,GT,TT,AA,CC,CC,CC,CC,AA,TT,CC,AA,CC,CC,AA,TT,AA,AA,CG,CT,CC,GG,AA,AG,AA,AC,GG,CC,CC,AA,AA,GG,TT,GG,AA,TT,TT,GG,AC,TT,TT,TT,GG,AA,GT,TT,AA,TT,GG,CC,AA,CC,CC,CC,GG,CC,AA,GG,AG,CC,TT,CC,GG,TT,GG,NN,AA,AG,TT,CC,GG,AC,CC,CC,GG,GG,AA,GG,TT,NN,AA,CC,GG,AA,CC,AA,AA,GG,GT,AA,AT,GG,TT,AA,CC,TT,GT,AA,GG,AA,TT,AA,TT,CC,TT,AA,CC,TT,GG,AA,CG,GG,CC,TT,CT,GT,GG,AT,AA,CC,AG,GG,CC,CC,GG,CC,GG,TT,AA,CG,TT,GG,CC,CC,AA,GG,CG,AA,CG,AT,AG,AC,CC,AC,TT,AA,GG,AA,AA,AA,AA,AA,AG,AG,AA,TT,GG,AA,AG,AC,AA,TT,AA,AA,GG,GG,GG,GT,AA,AA,TT,TT,TT,AA,TT,GG,NN,AA,8.88,Moderate,Low,Standard,Medium
L0658,Mandya,Karnataka,Kharif,Red Loamy,Irrigated (Cauvery command),780,27.0,72,AA,TT,GG,AG,GG,CG,GT,TT,CC,CC,AA,CT,NN,AT,TT,GG,CG,TT,TT,AA,CC,TT,GT,CT,TT,CC,TT,TT,GG,AA,CT,CC,AA,CC,GG,GG,GG,CC,GG,AC,TT,CC,AC,TT,AA,GG,TT,TT,CC,NN,GT,AA,AG,GG,CC,TT,AA,AA,GT,NN,AA,TT,AT,AG,TT,AT,CC,GG,TT,GT,AG,GG,CC,AA,GG,AC,AT,GG,TT,TT,GG,NN,GG,CC,NN,GG,AA,AA,CC,TT,CC,TT,CC,TT,TT,GG,CT,CC,GT,CC,CT,CC,AG,AA,TT,TT,CG,AG,GG,AA,CC,GG,TT,CC,TT,AA,NN,TT,CC,AG,CC,GG,CT,GG,CT,AG,CC,CC,CC,CC,AA,TT,CC,AA,CC,CC,AA,TT,AG,AA,GG,CC,CC,GG,AG,AA,AA,CC,GG,CC,CG,AA,GG,AG,GT,GG,AC,TT,TT,AG,CC,GT,TT,TT,CG,AT,GT,TT,AA,TT,GG,CC,AG,CC,CC,CC,CG,CC,AA,GG,GG,CC,TT,CC,GG,TT,CG,TT,AA,AA,TT,CC,GG,AC,AC,CC,GG,GG,AC,GG,TT,AA,AA,CC,GT,AT,AC,AA,AA,GG,TT,AT,AT,CG,GT,AT,CG,TT,TT,AA,GG,AA,TT,AC,TT,CC,TT,AC,CC,TT,CG,AA,CC,GG,AC,TT,CT,GT,GG,TT,AA,CC,AA,GG,CC,CG,GG,CC,GG,AT,AA,CC,TT,GG,CC,CC,AA,AG,CC,AA,CC,AA,AA,CC,CC,AC,TT,NN,GG,AA,AA,AC,AA,AG,AG,AG,AA,TT,GG,AA,AA,AC,AA,TT,AG,AG,GG,GG,GG,TT,AT,AA,GT,TT,TT,AA,AA,GG,GG,AC,9.66,Resistant,Low,Premium,Medium
L0659,Mandya,Karnataka,Kharif,Red Loamy,Irrigated (Cauvery command),780,27.0,72,AC,TT,GG,AG,GG,CC,GG,AT,CC,CC,AA,CT,CC,AT,GT,GG,GG,TT,TT,AA,CG,TT,GT,CC,AT,CC,TT,AT,GG,AA,CT,CC,AA,AC,GG,CG,GG,CC,GG,CC,TT,CT,AA,TT,AA,AG,TT,TT,CC,AC,TT,AA,AA,GG,CC,GT,AA,AA,GG,AC,AA,GT,AT,AG,TT,TT,CC,GG,CT,GT,AA,GG,CC,AA,GG,AC,TT,GG,GT,TT,GG,GT,GG,CC,AA,GG,AA,NN,CC,NN,AC,TT,CT,TT,TT,GG,TT,CC,TT,CC,CC,CC,AG,AA,TT,TT,CC,AA,AG,AA,TT,GG,TT,CC,TT,AA,AA,TT,CG,GG,CC,GG,CC,GG,TT,AA,CC,CC,CC,CC,AA,TT,CC,AA,CC,CC,AA,TT,AA,AA,GG,CC,CC,GG,AA,AA,AA,AC,NN,CC,CG,NN,AG,AG,TT,AG,AC,TT,CC,GG,AC,TT,TT,TT,CC,TT,NN,TT,AT,AT,GG,CC,AA,CT,CC,CC,GG,CC,AA,AG,AG,CC,TT,GG,TT,TT,GG,AT,AA,AA,TT,AC,GG,AC,CC,CC,GG,GG,AA,GG,TT,AC,AA,CC,GT,AA,AC,AA,AA,GG,TT,AT,AT,GG,GT,AT,CG,TT,TT,AA,GG,AA,TT,AA,TT,CC,TT,AA,CC,CT,CG,AA,CC,AG,CC,TT,TT,TT,GG,TT,AA,CC,AA,GG,CC,CC,GG,CC,GG,AT,AA,CC,GT,GG,CC,CC,AA,GG,CG,TT,CC,AA,AA,CC,CC,CC,TT,AA,NN,AA,AA,AA,AA,AG,AG,AA,AA,TT,GG,AA,AG,AC,AA,TT,AA,AA,GG,GG,GG,TT,AA,AA,TT,TT,TT,AG,AT,GG,CG,AA,4.96,Moderate,Medium,Poor,Early
L0660,Mandya,Karnataka,Kharif,Red Loamy,Irrigated (Cauvery command),780,27.0,72,AC,TT,AG,NN,GG,CC,GG,AT,CC,CG,AA,CT,GG,TT,TT,GG,GG,AT,TT,AA,CG,GT,GG,CC,TT,CC,TT,TT,GG,AC,TT,CC,AG,CC,GG,CG,GG,CG,GG,CC,TT,TT,AA,GT,AA,GG,TT,TT,CG,AC,GG,AT,AA,GG,CT,TT,AA,AA,TT,AA,AA,TT,TT,AA,TT,TT,CC,GG,TT,GT,AG,GG,CC,AA,AG,AA,AT,GG,TT,TT,GG,GG,GG,CC,AA,GG,AA,AA,CC,GT,CC,TT,CT,AT,TT,GG,TT,AC,TT,CC,CC,CC,AG,AA,TT,GT,CC,AA,AG,AA,CT,GG,TT,CC,TT,AC,AC,TT,CG,AA,CG,AA,CC,GT,TT,AA,CT,CC,CC,NN,AA,TT,AA,AA,CC,CC,AA,TT,AA,AA,GG,CC,CC,GG,AA,AA,AA,AC,GT,CC,CC,AA,AG,GG,TT,AG,AA,TT,CT,GG,CC,GG,TT,TT,CC,AT,TT,TT,AA,TT,GG,CC,AA,CC,CC,CC,CG,CC,AA,GG,AG,CC,TT,CC,GG,TT,GG,TT,AA,AA,GT,CC,GG,AA,AC,CC,GG,AG,AA,CG,NN,AA,AG,CC,GG,AT,CC,AA,AT,GT,TT,TT,AT,GG,GG,AA,CC,AT,TT,AA,GG,AA,TT,AA,TT,CC,CT,AA,CC,TT,GG,AG,CC,AG,CC,NN,TT,TT,GG,TT,AA,CC,AA,GG,CC,CC,GG,CC,GG,TT,AA,CC,TT,GG,CC,CG,AT,GG,CC,AA,NN,AT,AA,CC,CC,AA,TT,AA,CC,AA,AC,AC,AC,AA,NN,AA,AA,TT,GG,AA,GG,AC,AA,TT,AA,AG,GG,GG,GG,TT,AA,AA,TT,TT,TT,GG,TT,GG,GG,AA,6.62,Susceptible,High,Premium,Early
L0661,Mandya,Karnataka,Kharif,Red Loamy,Irrigated (Cauvery command),780,27.0,72,AC,TT,GG,GG,GG,CC,GT,TT,CC,CC,AA,CC,CG,TT,TT,TT,GG,TT,TT,AA,CC,TT,TT,TT,TT,CC,NN,TT,GG,AA,CT,CT,AA,CC,GG,GG,GG,CG,GG,CC,TT,TT,AA,GT,AA,GG,TT,TT,CC,CC,GG,AA,AA,GG,CC,NN,AA,AA,GT,AA,AA,GT,TT,AA,TT,AT,CC,GG,TT,GT,AA,GG,CC,AA,NN,CC,AT,GG,TT,TT,GG,GG,GG,CC,AT,GG,AA,AA,CC,GT,CC,GT,CT,AA,TT,GG,TT,CC,GT,CC,CC,GG,AA,AA,TT,TT,CG,AA,AG,AA,NN,GG,TT,GG,TT,AA,AA,TT,CC,AG,CC,NN,CT,GG,TT,AA,CC,CC,CC,CC,AA,TT,AC,AA,CC,CC,AA,TT,AG,AA,GG,CC,CC,GG,AA,AG,AT,CC,GG,CC,CC,AA,GG,AG,GT,GG,AC,TT,CT,AG,AA,TT,NN,TT,CC,AT,TT,TT,AA,AT,GG,CC,AG,CC,CC,CC,GG,CC,AA,GG,GG,CC,TT,CC,GG,TT,GG,TT,AA,AA,TT,CC,CG,AA,CC,CC,GG,GG,AC,GG,TT,AC,AA,CC,GG,AA,AC,AA,AT,GG,TT,TT,AT,CG,GG,AT,CG,TT,GT,AA,GG,AA,TT,AA,TT,CG,CT,AA,CC,CC,GG,AA,CG,GG,CC,AT,TT,GT,GG,TT,AC,AC,AA,GG,CC,CG,GG,CC,GG,AT,AA,CC,TT,GG,CG,CC,AA,AG,CC,AT,CC,AT,AA,CC,CC,AC,TT,AG,GG,NN,AA,AA,AA,AG,AA,AG,AA,AT,GG,AA,AA,CC,AA,CT,AA,AA,GG,AA,GG,NN,AT,AA,TT,TT,TT,AA,TT,GG,CG,AA,6.78,Susceptible,Medium,Poor,Medium
L0662,Mandya,Karnataka,Kharif,Red Loamy,Irrigated (Cauvery command),780,27.0,72,AC,TT,AG,AG,GG,CC,GT,AA,CC,CG,AT,CC,CC,TT,GT,GG,GG,TT,TT,AG,CC,GT,GG,CC,TT,CC,TT,AT,GG,AA,TT,TT,AA,CC,GG,GG,NN,CC,GG,CC,TT,TT,AA,GT,AA,GG,TT,TT,CC,AA,GG,AA,AA,GG,CC,GT,AA,AC,GG,AA,AA,TT,AT,GG,TT,AT,CC,GG,CT,GG,AA,GT,CC,AG,GG,AA,AA,GG,TT,TT,AG,GG,GG,CC,AA,GG,AA,AA,CC,GT,CC,TT,CC,TT,GT,GG,TT,CC,GG,CC,CT,CG,GG,AA,TT,TT,CC,AA,AA,AC,CC,GG,TT,CC,GT,AA,AA,TT,CC,AG,CG,GG,CC,GG,TT,NN,CC,CC,AC,CC,AA,TT,AC,AA,CC,CC,AA,TT,AG,AA,GG,CC,CC,GG,AA,AG,AA,CC,GG,CC,CC,GG,AA,GG,TT,GG,AC,TT,CT,AG,AC,GT,TT,TT,CG,AA,TT,TT,AA,AA,CG,CC,AG,CT,CC,NN,CG,CC,AA,GG,AA,CC,TT,CG,GT,TT,GG,AA,AA,AA,TT,CC,GG,AA,CC,CC,GG,GG,AC,CG,CT,AA,AA,CG,GG,AT,CC,AA,AA,GG,GT,AT,AA,GG,TT,TT,CG,AT,TT,AA,GG,AG,CT,AA,TT,CC,CT,AA,CC,TT,CG,AA,CC,AG,CC,TT,TT,TT,GG,TT,AA,AA,AA,GG,CC,CC,GG,CC,GG,TT,AA,CG,TT,GG,CC,CC,AA,AG,CC,AA,CC,AA,AA,AC,CC,CC,TT,AA,GG,AA,AA,AA,AA,GG,GG,AG,AA,TT,GG,AA,AA,AC,AC,CT,AA,AA,GG,GG,GG,TT,AA,AA,TT,TT,TT,AG,TT,GG,GG,AA,5.7,Susceptible,High,Poor,Early
L0663,Mandya,Karnataka,Kharif,Red Loamy,Irrigated (Cauvery command),780,27.0,72,AC,TT,GG,AG,CG,CC,GG,TT,CC,GG,AA,CC,GG,TT,TT,GG,GG,TT,NN,AA,CC,TT,GT,CC,TT,CC,TT,TT,GG,AA,TT,CT,AG,CC,GG,GG,GG,GG,GG,CC,TT,CT,AC,TT,AA,GG,TT,TT,CC,AC,GG,AA,AA,GG,CC,TT,AA,CC,GG,AA,AA,GT,AT,AA,NN,AT,CT,GG,CT,GG,AA,GG,CC,AA,GG,AA,AA,GG,TT,TT,AG,GG,GG,CC,AA,GG,AA,AA,CC,GG,AA,TT,CT,TT,TT,GG,TT,CC,TT,CT,CT,CC,AG,AA,TT,TT,CC,AA,AG,AA,CC,GG,TT,CC,GT,AC,AC,TT,CG,GG,CC,GG,CC,GG,CT,AA,CC,CC,CC,CC,AA,TT,CC,AA,CC,CC,AA,AT,AG,AA,GG,CC,CC,GG,AA,AA,AA,CC,GG,CG,CC,AA,AG,GG,TT,GG,AC,TT,TT,GG,CC,TT,TT,TT,CG,AT,TT,TT,AA,TT,GG,CC,AA,CC,AC,CC,CC,CC,AA,GG,AG,AC,TT,CC,GT,GT,GG,TT,AG,NN,TT,CC,GG,AA,CC,CC,GG,GG,AA,GG,TT,AC,AA,CC,GG,AT,CC,NN,TT,GG,TT,TT,AA,GG,GG,AT,CC,AA,TT,AA,GG,AA,CT,AA,TT,CC,CT,AC,CC,CT,GG,GG,CC,GG,AC,TT,TT,TT,GG,TT,AA,AC,AA,GG,CC,CC,GG,CC,GG,AT,AG,CC,TT,GG,CC,CG,AA,GG,CC,AA,CC,AA,AA,CC,CG,AC,AT,AA,GG,AA,AA,AC,AA,AG,AA,AA,AA,AT,CG,AA,AA,AC,AA,CT,AA,AA,CG,GG,CG,TT,AT,AA,TT,TT,TT,AG,AT,GG,NN,AA,6.92,Susceptible,Low,Premium,Late
L0664,Mandya,Karnataka,Kharif,Red Loamy,Irrigated (Cauvery command),780,27.0,72,CC,TT,GG,AA,GG,CC,GT,TT,CC,CC,AT,CC,CC,AT,TT,GG,GG,TT,TT,AA,CC,TT,GG,CC,TT,CC,TT,TT,GG,AA,NN,CC,AA,CC,GG,GG,GG,CC,GT,CC,TT,CT,AA,GT,AA,AG,TT,TT,CC,CC,GT,AA,AA,GG,CT,TT,AA,AA,TT,AA,AA,TT,AA,AA,TT,TT,CC,GG,TT,GT,AA,GG,CC,AG,AG,AC,AA,GG,TT,NN,GG,GG,GT,CC,TT,GG,AA,AA,CC,TT,CC,TT,CT,TT,TT,GG,TT,AC,TT,CC,CC,CC,AA,AA,AT,TT,CG,NN,AG,AA,TT,GG,TT,CC,TT,AA,AA,AT,CG,GG,CG,GG,CC,GG,TT,AA,CC,CC,AC,CC,AA,TT,CC,AA,CC,CC,AA,TT,AA,NN,CG,CC,CC,AG,AA,AA,AA,CC,GG,CC,CC,AA,AG,GG,TT,GG,AA,TT,TT,GG,CC,TT,TT,TT,CC,AT,TT,TT,AT,TT,CG,CG,AA,CT,CC,CC,CG,AC,AA,GG,AA,CC,TT,CG,GT,GT,CG,AT,AA,AA,TT,CC,GG,AA,CC,CC,GG,GG,AA,GG,TT,AA,AG,CG,NN,AA,CC,AA,AT,GG,TT,AT,AT,GG,GT,TT,CC,TT,TT,AA,GG,AA,TT,AA,TT,CC,TT,CC,CC,TT,CG,AG,CC,AG,CC,TT,TT,GT,GG,TT,AC,AC,AA,GT,CG,CC,GG,CC,GG,AT,AG,CG,TT,GG,CC,CC,AA,GG,CG,AA,CC,AA,AA,CC,CG,AC,TT,NN,GG,AA,AA,AC,AA,AG,AA,AG,AA,TT,GG,AA,AA,AC,AA,CT,AA,AG,GG,GG,GG,TT,AA,AA,TT,TT,TT,AG,TT,GG,GG,AA,5.37,Susceptible,Medium,Poor,Medium
L0665,Mandya,Karnataka,Kharif,Red Loamy,Irrigated (Cauvery command),780,27.0,72,AA,TT,AG,AG,GG,CC,NN,TT,CC,CC,TT,CC,CC,TT,GT,GT,GG,TT,TT,AA,CC,TT,TT,CC,TT,CC,GT,AT,GT,AA,TT,CC,AA,CC,GG,GG,GG,GG,GG,CC,NN,TT,AA,TT,AG,AA,TT,TT,CC,AA,GG,AA,AA,GG,CC,TT,AA,AC,TT,AC,AG,TT,AT,AG,CT,TT,CC,GG,TT,GT,GG,GG,CC,AA,GG,AC,AT,GG,TT,TT,GG,GT,GG,CC,AA,NN,AA,AT,CC,GT,CC,TT,CT,TT,TT,GG,TT,CC,TT,CC,CC,CC,GG,AA,TT,TT,CG,AA,GG,AA,CC,GT,TT,CC,TT,AA,AA,TT,CC,GG,CC,GG,CC,GG,TT,AA,CC,CC,AC,CC,AA,TT,AC,AA,CC,CC,AA,TT,AA,AT,GG,CT,CC,GG,AA,AG,AT,CC,GT,CC,CC,AG,AG,GG,TT,GG,AC,TT,TT,GG,AC,GT,GT,TT,CC,AT,TT,TT,AA,TT,GG,CC,AA,CT,AC,CC,GG,CC,AA,GG,AA,CC,TT,CC,GG,GT,GG,AA,AA,AA,TT,CC,GG,AC,CC,CC,GG,GG,AA,GG,TT,AA,AA,CC,GG,AA,CC,AA,AT,GG,TT,TT,AT,CG,GG,AT,GG,TT,TT,AA,GG,AA,CT,AA,TT,CC,TT,AA,CC,TT,CG,GG,CC,AG,AA,TT,TT,GT,GG,AT,AA,AC,NN,GG,CC,CC,GG,CC,GG,TT,AG,CC,TT,GG,CC,CC,AA,GG,CG,AA,CC,AT,AA,AC,CC,CC,AT,AA,GG,AA,AC,AA,AA,AG,AG,AA,AA,TT,GG,AA,GG,AC,AA,CT,AA,AA,GG,GG,GG,GT,AA,AG,TT,TT,TT,AG,TT,GG,GG,AA,6.16,Susceptible,Medium,Poor,Early
L0666,Mandya,Karnataka,Kharif,Red Loamy,Irrigated (Cauvery command),780,27.0,72,AC,TT,GG,AG,GG,CC,GG,TT,CC,CG,AA,CC,CC,AT,NN,GT,CG,TT,TT,AA,CC,TT,GT,CC,TT,CC,TT,TT,GG,AA,CT,CC,AA,CC,GG,GG,GG,CC,GG,CC,TT,CT,AA,GG,AG,GG,CC,AT,CC,AC,GT,AA,AA,GG,CT,GG,AA,AA,GT,AC,AG,TT,TT,AA,TT,AT,CC,GT,TT,GG,AA,GG,CC,AA,GG,AC,AA,GG,TT,TT,GG,GT,GG,CC,AT,GG,AA,AT,CC,TT,AC,TT,CC,TT,TT,GG,CT,CC,GT,TT,CT,CC,AG,AA,TT,TT,CC,AA,AA,AA,CT,GG,TT,CC,TT,AA,AA,TT,CC,GG,CC,GG,CT,GG,TT,AG,CC,CC,AA,CC,AA,TT,CC,AA,CC,CT,AA,TT,AA,AT,GG,CC,CC,GG,AA,AA,AA,CC,GG,CC,CG,AG,AA,AG,TT,AG,CC,GT,CT,GG,CC,TT,TT,TT,CG,AA,TT,TT,AT,TT,GG,CC,AG,CT,CC,CC,GG,CC,AA,GG,AA,CC,TT,CG,GT,TT,GG,TT,AA,AA,GG,AA,GG,AA,CC,CC,GG,GG,AA,GG,TT,AA,AA,CC,GG,AA,AC,AA,TT,GT,TT,AA,AT,CG,GT,TT,CC,TT,GT,AA,GG,AA,CT,AA,AT,CG,CC,CC,CC,TT,GG,AA,CG,AA,CC,TT,CT,GT,GG,TT,AA,CC,AG,GG,CC,CC,GG,CC,GG,AT,AA,CC,TT,GG,CC,CC,AA,GG,CC,AT,CC,AT,AA,AC,CC,CC,TT,AA,GG,AA,AA,AC,AA,AG,AG,AG,AA,TT,GG,AA,AA,AC,AA,TT,AA,AA,GG,GG,GG,TT,AT,AA,TT,TT,TT,AA,AT,GG,CG,AA,10.62,Susceptible,High,Standard,Late
L0667,Mandya,Karnataka,Kharif,Red Loamy,Irrigated (Cauvery command),780,27.0,72,AA,TT,GG,AA,NN,CC,GT,TT,CC,CG,AA,CC,CC,TT,TT,GG,CG,AT,TT,AG,CG,GG,GT,CC,TT,CC,TT,TT,GG,AA,TT,CC,AA,CC,AG,CG,GG,CC,GG,NN,TT,CC,AC,TT,AA,GG,TT,TT,CC,AA,GT,AA,AA,GG,CC,GT,NN,AC,GT,AA,AA,TT,TT,NN,TT,AT,CC,GG,TT,GT,AA,GG,CC,AG,AG,AC,TT,GG,TT,TT,GG,GT,GT,CC,AT,GG,AA,AT,CC,TT,CC,TT,CT,TT,TT,AG,TT,CC,NN,CC,CC,CC,GG,AA,AT,TT,CC,AA,AA,CC,NN,GG,TT,CC,TT,AA,AA,TT,CC,AG,CC,GG,CC,GT,TT,AG,CC,CC,CC,CC,NN,TT,CC,AA,CC,CC,AA,TT,AA,AA,GG,CT,CG,GG,AA,AG,AA,CC,GG,CC,CC,AG,AA,GG,TT,GG,AA,TT,CT,AA,AC,TT,TT,TT,CG,AA,GT,TT,AA,TT,GG,CC,AA,TT,CC,CC,CG,CC,NN,GG,AG,CC,TT,CG,GT,TT,GG,AA,AA,AA,GT,CC,GG,AA,CC,CC,GG,GG,AC,GG,TT,AC,AA,CG,GT,AT,AC,AA,AT,GT,TT,AT,AA,CG,GG,AA,CC,TT,TT,AA,GG,AA,TT,AA,TT,CC,TT,AA,CC,TT,CG,AG,CC,AG,AC,TT,CT,GT,GG,TT,AA,CC,AA,GG,CC,CC,GG,CC,GG,AT,AG,CC,GG,GG,CC,CC,AA,GG,CC,AA,CC,AA,AA,AC,CC,AC,TT,AA,GG,AA,AA,AA,AA,AG,GG,AA,AA,AT,GG,AA,AA,AC,AA,CT,AA,AA,GG,GG,GG,TT,AA,AA,GT,TT,TT,AG,AT,GG,GG,AA,6.37,Susceptible,High,Premium,Late
L0668,Mandya,Karnataka,Kharif,Red Loamy,Irrigated (Cauvery command),780,27.0,72,AC,TT,GG,AA,GG,CG,GG,TT,CC,GG,AA,CC,GG,AT,GT,GG,NN,TT,TT,AA,CC,GT,NN,CC,TT,CT,TT,TT,GG,AA,TT,CC,AA,CC,NN,CG,NN,CG,GG,CC,NN,NN,AA,TT,AA,GG,CT,TT,CC,AC,GT,AA,AA,GG,CT,TT,AT,AA,GT,AA,AG,TT,TT,AA,CT,TT,CC,GG,TT,GT,NN,GG,CC,AA,GG,AC,AA,GG,TT,TT,GG,GG,GG,CC,AA,GG,AA,AT,CC,TT,CC,TT,CC,AT,TT,GG,CT,CC,TT,CC,CC,CC,AG,AA,AT,TT,CC,AG,AA,AA,CC,GG,TT,GG,TT,AA,AA,TT,CG,AG,CC,GG,CT,TT,TT,AA,CC,CC,CC,CC,AA,TT,CC,AA,CC,CC,AA,AT,AG,AA,CG,CC,CC,GG,AA,AA,AA,CC,GT,CC,CC,AG,AG,GG,TT,GG,AA,TT,TT,GG,CC,GT,GT,TT,CG,AA,TT,TT,AA,TT,GG,CC,AG,CC,CC,CC,GG,CC,AA,GG,GG,CC,TT,CC,GG,TT,GG,AT,AA,AG,GT,CC,GG,AA,AC,CC,GG,GG,CC,GG,TT,AA,AA,CC,GG,AA,CC,AA,AA,GG,GT,TT,NN,CG,GT,AA,CG,TT,TT,AA,GG,AA,TT,AA,NN,CC,TT,AA,CC,CT,CC,AG,CC,AA,CC,TT,CT,TT,GG,TT,AA,CC,NN,GT,CC,CG,GG,CC,GG,TT,GG,CC,TT,GG,CC,CG,AA,GG,CG,AA,CG,AA,AA,CC,CC,CC,TT,AA,GG,AA,AC,AA,AA,AG,AG,AA,AA,TT,GG,AA,AG,CC,AA,CT,AA,AA,GG,GG,GG,TT,TT,NN,GT,NN,TT,AA,TT,GG,GG,AA,6.73,Moderate,High,Premium,Early
L0669,Mandya,Karnataka,Kharif,Red Loamy,Irrigated (Cauvery command),780,27.0,72,CC,TT,AA,GG,GG,CC,GG,TT,CC,CC,AA,TT,CG,AT,TT,GG,CG,TT,TT,AA,CG,GT,TT,CC,TT,CC,TT,AT,GG,AA,CT,CC,AA,CC,GG,GG,GG,CC,GG,CC,TT,CT,AA,GT,AA,AG,TT,AT,CC,AC,GG,AA,AA,GG,CC,GT,AA,AA,GT,AA,AG,TT,TT,AG,TT,TT,CC,GG,TT,GG,AA,GT,CC,NN,AG,CC,AT,GG,TT,TT,GG,GG,GG,CC,AA,GG,AA,AA,GG,TT,CC,GT,CT,TT,GT,GG,TT,CC,TT,CC,CT,CC,AA,AA,AT,TT,CC,AG,AG,AA,CT,GG,TT,CC,TT,AC,AA,TT,CC,AG,CC,GG,CC,GG,NN,AA,CT,CC,CC,CC,AA,TT,CC,AA,CC,CC,AA,TT,AA,AA,GG,CT,CC,AG,AG,AA,AA,CC,GG,CC,CC,AA,AA,GG,TT,GG,AC,GT,TT,GG,AC,TT,TT,TT,CG,AA,TT,TT,TT,TT,CC,CC,AG,CT,CC,CC,CG,CC,AA,GG,AA,AC,TT,CC,GT,GG,GG,TT,AA,AG,TT,CC,GG,AA,CC,CC,GG,GG,AC,GG,TT,AA,AA,CC,GG,AA,AC,AT,AA,GG,TT,NN,AA,GG,GT,AT,CC,TT,TT,AA,GG,AA,CT,AC,TT,CC,CT,AC,CC,CT,CC,AG,CC,AG,CC,TT,CT,GT,GG,TT,AA,AC,AA,GG,CC,CC,GG,CC,GG,AT,AG,GG,NN,GG,CC,CC,AA,AG,CG,AA,CC,AA,AA,CC,CC,AA,TT,AA,GG,AA,AA,CC,AA,GG,NN,NN,NN,TT,CG,AA,AA,CC,AA,TT,AA,AG,GG,GG,GG,TT,AT,AA,TT,TT,TT,AA,TT,GG,GG,AC,7.05,Resistant,High,Poor,Medium
L0670,Mandya,Karnataka,Kharif,Red Loamy,Irrigated (Cauvery command),780,27.0,72,AC,TT,AG,GG,CG,CC,GG,AT,CC,CG,AT,CC,CC,AT,TT,GT,GG,TT,TT,AA,CC,GT,GT,CC,TT,CC,GT,TT,GG,AA,TT,CC,AA,CC,GG,CG,GG,CG,GG,CC,TT,CT,AC,GT,AA,AG,TT,TT,CC,CC,GG,AA,AA,GG,CC,GT,AA,AC,GG,NN,AG,TT,AT,AG,CT,AT,CC,GG,TT,GT,AG,GG,CC,AA,GG,AC,TT,AG,TT,TT,GG,GG,GG,CC,AA,GG,AA,AA,CC,TT,AC,TT,CT,TT,TT,AG,TT,CC,TT,CC,CC,CC,GG,AG,TT,TT,CC,AA,GG,AA,CT,GG,NN,CC,TT,AA,AC,TT,CG,GG,CG,GG,CC,GG,CC,AA,CC,CC,CC,CG,AA,TT,CC,AA,CC,CC,AA,AT,AA,AA,GG,TT,CC,GG,AA,AA,AA,CC,GG,CC,CG,AG,AA,AG,TT,GG,CC,GT,TT,GG,AC,GT,TT,TT,NN,AA,TT,TT,AA,TT,CG,CC,AA,CC,CC,AC,GG,CC,AA,GG,AA,AC,TT,CC,GT,GT,GG,TT,AA,AG,GT,CC,GG,AA,CC,CC,GG,GG,AC,GG,TT,AC,AA,CC,GG,AA,AC,AA,AA,GG,TT,TT,AA,GG,TT,AA,CC,AT,GT,AA,GG,AG,TT,AA,TT,CC,CT,AC,CC,TT,CG,GG,CG,GG,CC,TT,CT,TT,GG,AT,AA,CC,AG,GG,CC,CG,GG,CC,GG,NN,AG,CC,TT,AG,CG,CG,AA,AG,CC,AA,CC,AA,AA,CC,CC,AC,TT,AA,GG,AA,AC,AC,AC,AG,AG,AA,AA,TT,CG,AA,AA,AC,AA,CT,AG,AA,CG,GG,GG,GT,AA,AA,TT,TT,TT,AG,AT,GG,GG,NN,4.4,Moderate,Low,Poor,Medium
L0671,Mandya,Karnataka,Kharif,Red Loamy,Irrigated (Cauvery command),780,27.0,72,AC,TT,GG,GG,GG,CC,TT,TT,CC,GG,NN,CC,CG,AT,TT,GG,GG,TT,TT,AG,CC,GT,TT,CC,TT,CC,TT,TT,GG,AA,TT,CC,AG,CC,GG,CG,GG,CG,GG,CC,TT,TT,AC,TT,AA,GG,TT,TT,CC,AC,GG,AT,AA,GG,CC,GT,AA,AA,GG,AA,AG,TT,TT,AA,TT,AT,CC,GG,TT,GT,AG,GG,CC,AA,GG,AC,AA,GG,TT,TT,GG,GG,GG,CC,AA,AG,AA,AA,CC,GT,CC,TT,CT,TT,TT,GG,CC,AC,TT,CC,CC,CC,GG,AG,TT,TT,CC,AA,AG,AA,CT,GG,TT,CC,TT,AA,AA,TT,CG,GG,CC,AG,CC,GT,CT,AA,CC,CC,CC,CC,AA,TT,CC,AA,CC,CC,AA,TT,AA,AA,GG,CT,CC,GG,AA,AG,AA,CC,GT,CC,CC,AA,NN,AG,TT,GG,AA,TT,CT,GG,AC,TT,TT,TT,CC,AA,TT,TT,AT,TT,GG,CG,AA,CC,CC,CC,CG,CC,AA,GG,AA,CC,TT,CG,GG,GT,GG,AT,AA,AA,GT,CC,CG,AA,AC,CC,GG,GG,AC,GG,TT,AC,AA,CC,GG,AA,CC,NN,AT,GT,TT,TT,AA,GG,GT,AT,CG,AA,GT,AA,AG,AA,CT,AA,TT,CC,CC,AC,CC,TT,GG,AA,CG,GG,CC,TT,TT,TT,GG,NN,AA,AC,AA,GG,CC,CG,GG,CC,GG,TT,AA,CG,TT,GG,CC,CC,AT,AG,CC,AA,CG,TT,AA,AC,CC,CC,TT,AA,GG,AA,AA,AC,AA,AG,AA,AA,AA,TT,GG,AC,GG,CC,AC,TT,AA,AA,GG,GG,NN,TT,AA,AA,GT,TT,TT,AA,TT,GG,CG,AC,9.25,Resistant,Medium,Poor,Late
L0672,Mandya,Karnataka,Kharif,Red Loamy,Irrigated (Cauvery command),780,27.0,72,AA,TT,GG,AG,GG,CC,GG,AT,CC,CC,AT,CC,CG,AT,TT,GT,CC,TT,TT,AA,CC,GG,TT,CT,TT,CC,TT,TT,GG,AA,TT,CC,AA,CC,GG,CG,GG,CC,GG,CC,TT,CT,AA,TT,AG,GG,TT,AT,CC,AC,GG,AA,AA,GG,CC,TT,AA,AA,GT,NN,AA,TT,TT,AG,TT,TT,CC,GG,TT,GG,AG,GG,CC,NN,GG,AA,AA,AG,TT,TT,GG,GT,GG,CC,AA,GG,AA,AT,CC,GT,CC,TT,CC,TT,NN,GG,TT,AC,TT,CC,CT,CC,GG,AG,AT,TT,CC,AA,GG,AA,CT,GG,TT,CG,GG,CC,AA,TT,CC,AG,CG,GG,CC,GT,CT,AA,CC,CC,CC,CC,AA,TT,CC,AA,CC,CC,AA,TT,AG,TT,GG,CC,CC,GG,AA,AG,AA,AC,GG,CC,CC,AA,AA,GG,GT,GG,AC,TT,TT,GG,AC,TT,GT,CT,GG,TT,NN,TT,AA,TT,GG,CC,AG,TT,AC,CC,GG,CC,AA,GG,AG,CC,TT,CC,GT,GT,CC,TT,AA,AA,TT,AC,NN,AC,AC,CC,GG,GG,AC,GG,CT,AA,AA,CC,GG,AA,AC,AA,AT,GG,TT,AT,AT,CG,GG,AT,CC,TT,GT,AA,GG,AA,TT,AC,TT,CC,TT,AA,CC,TT,CG,AA,CG,AG,CC,TT,CT,GG,GG,TT,AA,AC,AA,GG,CC,CC,GG,CC,GG,AT,AG,CC,TT,GG,CC,CC,AA,GG,CG,AT,CC,AA,AA,NN,CG,AC,TT,AA,GG,AA,AA,AA,AA,AA,AA,AA,AA,AT,GG,AA,AA,AC,AC,CT,AA,GG,GG,GG,GG,TT,AA,AA,GT,TT,AT,AA,AT,GG,GG,AA,5.61,Susceptible,High,Premium,Medium
L0673,Mandya,Karnataka,Kharif,Red Loamy,Irrigated (Cauvery command),780,27.0,72,AA,TT,GG,AG,GG,CC,GT,NN,CC,CG,AA,CC,CG,TT,TT,NN,GG,TT,TT,AA,CC,TT,GT,CT,TT,CC,GT,TT,GG,AA,TT,CT,AA,CC,GG,GG,GG,CC,GG,CC,TT,TT,AA,TT,AA,AA,TT,TT,CC,AC,GG,AA,AG,GG,CC,GT,AA,CC,GT,AA,AA,TT,TT,AA,TT,TT,CC,GG,TT,GG,AA,GT,CC,AA,GG,AC,AA,GG,TT,TT,GG,GG,GG,CC,AA,GG,AA,AT,CC,GG,AC,TT,CT,TT,GT,GG,TT,CC,GT,CC,CC,CG,NN,NN,TT,TT,CC,AA,GG,AA,CC,GG,TT,CC,TT,AA,AC,TT,CC,AA,CC,AG,CC,GG,TT,AA,CC,CC,CC,CC,AA,TT,AC,AA,CC,CT,AA,TT,AA,AA,CG,CT,CC,GG,AA,AA,AA,CC,GG,CC,CC,AA,AA,GG,GT,GG,AA,GT,TT,NN,AC,TT,TT,TT,CC,AA,TT,TT,AA,AT,GG,CC,AA,CT,CC,AC,GG,NN,AT,GG,AG,CC,TT,CC,GT,TT,GG,AT,AA,AA,TT,CC,CG,AC,CC,CC,GG,AG,AC,GG,TT,AA,AA,CC,NN,TT,CC,AA,AA,GG,TT,NN,AA,GG,GG,AA,CG,AT,GT,NN,GG,AA,TT,AA,TT,CC,TT,AA,CC,CT,GG,AG,CC,AG,CC,AT,CT,TT,GG,TT,AC,CC,AG,GG,CC,CG,GG,CC,GG,AA,AG,CC,GG,GG,CC,CG,NN,GG,CC,AT,CC,AT,AA,AC,CC,CC,TT,AA,GG,AA,AA,AC,AA,AG,AA,AA,AA,AT,CG,AA,AA,NN,AA,TT,AA,AA,GG,AG,GG,TT,AA,AA,TT,TT,TT,AA,TT,GG,GG,AA,5.72,Susceptible,High,Poor,Early
L0674,Mandya,Karnataka,Kharif,Red Loamy,Irrigated (Cauvery command),780,27.0,72,AA,TT,GG,AG,GG,CG,GG,AT,CC,CG,AA,CC,GG,TT,TT,GG,GG,TT,AT,AA,CC,GT,GG,CC,TT,CC,TT,TT,GT,AA,TT,CC,AA,CC,AG,GG,GG,CC,GG,AC,TT,TT,AC,TT,AA,GG,TT,TT,CC,CC,GG,AA,AA,CG,CT,TT,AA,AA,GT,CC,AA,TT,AA,AA,CT,TT,CC,GG,TT,GG,AG,GG,CC,AA,GG,AC,TT,AG,TT,TT,GG,GG,GG,CC,AA,GG,AA,AA,CG,GT,CC,TT,CT,AT,TT,GG,CT,AC,GT,CC,CT,CC,AG,AG,TT,TT,CC,AA,AG,AA,NN,GG,TT,CC,TT,AA,AA,TT,CC,GG,CG,GG,CC,GT,TT,AA,CC,CC,AC,NN,AA,TT,CC,AA,CC,CC,AA,AT,AA,NN,GG,CT,CC,GG,AA,AA,AA,CC,GG,CC,CG,AG,AG,GG,TT,AG,AA,TT,CC,GG,CC,GT,TT,CT,CG,AT,GT,TT,AA,TT,GG,CC,AA,CT,CC,CC,GG,CC,AA,GG,AG,CC,TT,CC,GG,GG,GG,AA,AA,AG,TT,CC,GG,AA,AC,CC,GG,GG,AA,CG,NN,AC,AG,CC,GG,AT,CC,AA,AT,GT,TT,TT,AA,GG,GT,AA,CC,TT,TT,AA,NN,AA,TT,AC,TT,CC,TT,AA,AC,TT,GG,NN,CG,AA,CC,TT,CT,GT,GG,TT,AC,AC,AG,GG,CG,CG,GG,CC,GG,AA,AA,CC,GT,GG,CC,CC,AT,AG,CC,AA,CC,AA,AA,AC,CC,CC,TT,AA,GG,AA,AA,AA,AA,AG,AG,AA,AA,TT,NN,NN,AA,CC,AA,CC,AA,AA,CG,GG,GG,TT,AA,AA,TT,TT,TT,AA,TT,GG,GG,AC,6.35,Resistant,Medium,Premium,Early
L0675,Mandya,Karnataka,Kharif,Red Loamy,Irrigated (Cauvery command),780,27.0,72,AC,TT,GG,AA,GG,CG,GG,AT,CG,CG,AA,CC,CG,TT,TT,GG,GG,TT,TT,GG,CG,TT,GT,CT,TT,CT,TT,TT,GG,AA,TT,CC,AA,AC,GG,GG,GG,CG,GG,CC,TT,NN,AC,NN,AA,AG,CT,TT,CC,AA,GG,AA,AG,GG,CT,TT,AA,AA,GG,AA,AA,TT,AT,AG,TT,TT,CC,GG,TT,GT,AA,GG,CC,AG,AG,AC,TT,AG,TT,TT,GG,GG,GG,CC,AT,GG,AA,AA,CC,TT,AC,TT,CC,TT,TT,GG,TT,CC,TT,CC,CT,CC,AG,AA,TT,TT,CC,AA,AG,AA,CT,GG,TT,CC,TT,AA,AA,TT,CG,AG,CC,AG,CC,GG,TT,AA,CC,CC,CC,CC,AG,GT,CC,AA,AC,CC,AA,AT,AA,AA,GG,CC,CC,GG,AA,AA,AA,CC,GT,CC,CC,AA,AG,GG,TT,GG,CC,TT,TT,GG,AC,TT,GT,TT,CC,AT,TT,TT,AT,TT,GG,CC,AG,CC,CC,CC,CG,CC,AA,GG,AG,CC,TT,CC,GG,TT,GG,AA,AA,AG,TT,CC,GG,AC,CC,CC,GG,GG,AA,CG,TT,AA,AA,NN,GG,AA,AC,AA,AA,GT,TT,TT,AT,CG,GT,AT,GG,AT,TT,AA,GG,NN,TT,AA,AT,CC,TT,AA,CC,TT,GG,AG,CC,GG,CC,TT,TT,TT,GG,TT,AA,CC,AA,GG,CC,CG,GG,CC,GG,AT,AA,CC,GT,AG,CC,CG,AA,AG,CC,AT,CC,AA,AA,AC,CC,AC,TT,AA,CG,AA,AA,AC,AC,AG,AA,AA,AA,TT,GG,CC,AA,CC,AA,TT,AA,AG,CG,GG,GG,GT,AA,AA,TT,TT,TT,AG,TT,GG,GG,AA,7.46,Susceptible,Low,Poor,Early
L0676,Mandya,Karnataka,Kharif,Red Loamy,Irrigated (Cauvery command),780,27.0,72,AC,CT,GG,AA,CG,CC,GG,AT,CC,CC,AT,CC,CG,NN,TT,GG,CG,TT,TT,AA,CC,TT,TT,CT,TT,CC,TT,TT,GG,AA,TT,CC,AA,CC,GG,GG,GG,CC,GG,CC,TT,TT,AA,TT,AA,GG,TT,TT,CC,CC,GT,AA,AA,GG,CC,TT,AA,AA,GT,AA,AA,TT,TT,GG,TT,AT,CC,GG,TT,GG,AA,GG,AC,AA,GG,AA,AT,GG,TT,TT,GG,GT,GG,CC,AT,GG,AA,AA,CC,TT,CC,TT,CT,AA,TT,AG,CT,CC,TT,CC,CC,CG,AA,AA,TT,TT,CC,AA,AA,AA,TT,GG,TT,CG,TT,AA,AA,TT,CG,AG,CC,GG,CC,GG,TT,AG,CC,CC,CC,CC,AA,TT,CC,AA,CC,CT,AA,TT,AG,AT,GG,CC,CC,GG,AA,GG,AA,CC,GT,CC,CC,AA,AG,AG,TT,GG,AA,TT,CT,AG,AC,TT,TT,TT,CC,AT,TT,TT,AA,TT,GG,CC,AA,CC,CC,CC,GG,CC,AT,GG,AA,CC,TT,CG,GT,TT,GG,AT,AA,AG,TT,CC,GG,AA,CC,CC,CG,GG,AC,GG,TT,AA,NN,CG,GG,AA,CC,AA,AT,GG,TT,TT,AA,CC,TT,AA,CG,TT,GT,AA,GG,AA,TT,AA,TT,CC,TT,AA,CC,CT,GG,AG,CG,AG,AC,TT,TT,TT,GG,TT,AA,AA,AA,GG,CC,CC,GG,CC,GG,NN,AA,CC,TT,GG,CC,CC,AA,AG,CC,AT,CC,AT,AG,CC,CG,CC,TT,AA,GG,AA,AA,AA,AA,AG,AG,AA,AA,TT,GG,AC,NN,CC,AA,CT,AA,AA,GG,GG,GG,GT,AT,AA,TT,TT,TT,AG,TT,GG,GG,AA,8.56,Susceptible,Medium,Poor,Late
L0677,Mandya,Karnataka,Kharif,Red Loamy,Irrigated (Cauvery command),780,27.0,72,AA,TT,GG,GG,GG,CC,GG,TT,CC,CG,AA,CC,CC,TT,TT,GG,GG,TT,TT,AA,CC,TT,TT,CC,TT,CC,TT,TT,GG,AA,TT,CC,AA,CC,GG,GG,GG,CC,GG,AC,TT,CT,AA,TT,AG,AG,TT,TT,CC,AC,GG,AA,AG,GG,CC,TT,AA,AC,GT,AC,AA,TT,AT,AG,TT,TT,CC,GG,CC,GG,AA,GG,CC,AA,GG,AC,AT,GG,TT,TT,GG,GT,GG,CC,AT,NN,AA,AA,CC,GG,CC,TT,CC,AT,TT,GG,TT,CC,GT,CT,CC,CC,AA,AA,AT,GT,CC,AA,AA,AA,CC,GT,TT,CC,TT,AA,AA,TT,CC,GG,CC,GG,CT,GT,CT,AA,TT,CC,AC,CC,AA,TT,CC,AA,CC,CC,AA,TT,GG,AA,GG,CC,CC,GG,AG,AG,AA,AC,GG,CC,NN,AA,AA,GG,TT,GG,AC,TT,CT,AG,CC,GT,GT,TT,CC,AT,TT,TT,AA,TT,GG,CG,AA,TT,CC,CC,CC,CC,AA,GG,AA,CC,TT,CC,GG,TT,GG,NN,AA,AG,TT,CC,GG,AA,AC,CC,GG,GG,AC,GG,TT,NN,AA,CC,GG,AA,AC,AA,TT,GG,GT,TT,AA,GG,GT,AT,CG,AT,TT,AA,GG,AA,CT,AA,TT,CC,TT,AC,CC,CT,CC,AG,CC,AA,CC,TT,CT,GT,GG,TT,AA,CC,AA,GG,CC,CC,GG,CC,GG,AT,AA,CC,TT,GG,CC,CC,AA,AG,CC,AA,CC,AA,AA,CC,CG,CC,AT,AA,GG,AA,AA,AA,AA,GG,AG,AA,AA,AT,GG,AA,AA,CC,AA,CT,AA,AA,GG,GG,GG,TT,AT,AA,TT,TT,TT,AA,NN,GG,CG,AA,8.21,Moderate,High,Standard,Early
L0678,Mandya,Karnataka,Kharif,Red Loamy,Irrigated (Cauvery command),780,27.0,72,AA,CT,GG,AA,CG,CC,GG,AT,CC,CC,AA,CC,CG,AT,GT,GT,CC,TT,TT,AG,CC,TT,TT,CC,TT,CC,TT,TT,GG,AA,TT,CT,AA,CC,GG,GG,GG,CC,GG,NN,TT,TT,AA,TT,AA,AG,TT,NN,CC,AC,GG,AA,AA,GG,CT,TT,AA,AA,TT,AA,AA,TT,AA,AG,TT,TT,CC,GG,TT,GG,AG,GG,CC,AA,AG,AA,AT,GG,GT,TT,GG,GG,GG,CC,AA,GG,AA,AA,CC,GT,CC,TT,CT,NN,GT,GG,TT,CC,GT,CC,CC,CG,AA,AA,TT,TT,CG,AG,AG,AA,CT,GT,GT,CG,TT,AC,AA,TT,CC,AG,CC,AG,CC,GT,NN,AG,CT,CG,CC,CC,AG,GT,CC,AA,CC,CC,AA,TT,AA,AA,CG,CC,CC,GG,AA,AG,AA,AC,GG,CC,CC,AA,AG,GG,GT,AG,AA,TT,CT,AG,NN,GT,TT,TT,CC,AA,GT,CT,AT,TT,CG,CC,AA,CC,CC,CC,CG,CC,AA,GG,AA,CC,TT,NN,GG,TT,GG,AA,AA,AA,TT,CC,GG,AA,CC,CG,GG,GG,CC,GG,TT,AC,AA,CC,GG,AA,CC,AA,AA,GG,TT,AT,AT,GG,GG,AA,CC,AT,GG,AA,GG,AA,CT,AA,TT,CC,TT,AA,CC,TT,CG,AA,CC,GG,CC,TT,CT,TT,GG,TT,AA,AA,AG,GG,CC,GG,GG,CC,GG,AT,AA,CC,TT,GG,CC,CC,AA,AG,CC,AT,CC,AA,AA,CC,CC,NN,TT,AA,NN,AA,AA,AC,AA,AG,AA,AA,AA,AT,GG,AA,AA,AC,AA,CT,AA,AG,GG,GG,GG,TT,AA,AG,TT,TT,TT,AG,TT,GG,CG,AA,5.82,Moderate,Low,Standard,Late
L0679,Mandya,Karnataka,Kharif,Red Loamy,Irrigated (Cauvery command),780,27.0,72,AA,TT,GG,AG,GG,CC,GG,AA,CC,GG,AA,CT,CC,TT,TT,GG,GG,TT,TT,AA,CC,TT,TT,CC,AT,CC,TT,TT,GT,AA,TT,CC,AG,CC,GG,CG,GG,CC,GG,CC,TT,CT,AA,TT,AA,GG,TT,AT,CC,CC,GG,AA,AG,GG,CT,TT,AA,AC,GT,AC,AA,TT,AT,AG,CT,AT,CC,GG,CT,GG,AG,GG,CC,AA,GG,AC,AT,GG,TT,TT,GG,GG,GG,CC,AA,NN,AA,AA,CC,GG,CC,TT,CC,TT,GT,GG,CC,CC,TT,CC,CC,CG,AG,AA,TT,TT,CC,AA,GG,AA,CC,GG,GT,CC,TT,AA,AA,TT,CC,AG,CC,GG,NN,GG,CT,AG,CT,CG,CC,CC,AA,TT,AC,AA,CC,CC,AA,AT,AA,AA,GG,CT,CC,AG,AA,AA,AA,AC,GT,CC,CC,AA,AA,GG,TT,GG,AA,TT,TT,GG,AA,GT,GT,TT,CC,AA,TT,TT,AT,TT,GG,NN,AG,NN,CC,CC,GG,CC,AA,GG,AG,CC,TT,CC,GG,TT,GG,TT,AA,AA,TT,CC,GG,AA,AC,CC,GG,GG,AA,CG,TT,AA,NN,CC,GG,AA,AA,AA,AT,GT,TT,AT,AA,CC,TT,TT,CC,TT,TT,AA,GG,AA,CT,AC,TT,CG,TT,AA,CC,TT,GG,AG,CC,AG,CC,TT,TT,GG,GG,TT,AA,CC,AA,GG,CC,CC,GG,CC,GG,TT,AA,CC,TT,AG,CC,CC,AA,AG,CC,AA,CC,AT,AA,AC,CG,AC,TT,AG,GG,AA,AA,AA,AA,GG,AA,AA,AA,TT,GG,AA,AG,CC,AA,TT,AA,AA,GG,GG,CC,TT,AT,AA,TT,TT,AT,AA,AT,GG,CG,AA,7.52,Susceptible,Medium,Poor,Medium
L0680,Mandya,Karnataka,Kharif,Red Loamy,Irrigated (Cauvery command),780,27.0,72,AA,TT,GG,AG,GG,CC,NN,TT,CC,CC,AA,CT,CC,AT,TT,GG,GG,TT,TT,AA,CC,TT,GT,CC,TT,CT,TT,TT,GG,AA,TT,CC,AA,CC,GG,CG,GG,CC,GG,NN,TT,CT,AA,TT,AA,GG,CT,TT,CC,AC,GG,AA,AG,GG,CC,TT,AT,AA,GG,AC,AA,TT,TT,AA,TT,AT,CC,GG,TT,GG,AG,GG,CC,AA,AG,AC,AT,GG,TT,TT,GG,GG,GG,CC,AA,GG,AA,AA,CC,TT,CC,TT,CT,TT,GT,GG,TT,CC,GT,CT,CC,CG,AG,AA,AT,TT,CG,AA,AG,AC,CT,GG,TT,CC,GT,NN,AA,TT,CC,GG,CG,AG,CC,GT,CT,AA,CC,CC,CC,CC,AA,TT,CC,AA,CC,CC,AA,TT,AA,AA,GG,CT,NN,GG,AA,AG,AA,CC,GT,CC,CC,AA,AA,GG,TT,GG,AA,GT,NN,GG,CC,TT,GT,TT,CC,AT,GT,TT,AA,TT,GG,CC,AA,CC,CC,AC,GG,CC,AA,GG,AA,CC,TT,CC,GT,TT,GG,AT,AA,AA,TT,CC,CG,AA,CC,CC,GG,GG,AA,GG,TT,AA,AA,CC,GT,AA,AC,NN,TT,GG,GT,TT,AT,GG,GG,AA,CC,AT,GT,AA,GG,AA,TT,AC,TT,CC,CT,AC,CC,CC,GG,AG,CC,AG,CC,AT,CT,TT,GG,TT,AC,CC,AA,GG,CC,CG,GG,CC,GT,TT,AA,CC,GT,GG,CC,CC,AA,GG,CC,AA,CG,AA,AA,CC,CC,AC,TT,AA,GG,AA,AA,AA,AC,AA,AA,AG,AA,TT,GG,CC,AG,CC,AA,CT,AG,AA,GG,GG,CG,GT,AA,AG,TT,TT,TT,AA,AT,GG,CG,AA,8.26,Susceptible,Low,Premium,Early
L0681,Mandya,Karnataka,Kharif,Red Loamy,Irrigated (Cauvery command),780,27.0,72,AA,TT,GG,AG,GG,CC,GG,TT,CC,CC,AA,CT,CC,TT,GT,GG,GG,TT,TT,AA,CC,TT,TT,CC,TT,CC,TT,NN,GG,AA,TT,CT,AA,CC,GG,GG,GG,CC,GG,CC,TT,CT,AA,TT,AG,GG,TT,AT,CC,CC,GG,AA,AA,GG,CC,TT,AT,AA,GG,AA,AA,TT,TT,AA,TT,AT,CC,GG,TT,GG,NN,GG,CC,AA,AG,CC,AA,GG,TT,TT,GG,GT,GT,CC,AA,GG,AA,AT,CC,GG,CC,TT,CC,TT,GT,GG,CT,CC,TT,CT,CC,CC,AG,AA,TT,TT,CC,AG,AG,AA,CT,GG,GT,CC,TT,AA,AA,TT,CC,GG,CC,GG,CC,GG,CT,AA,CC,CC,CC,CC,NN,TT,CC,AA,CC,CC,AG,AT,AG,AT,CG,CC,CC,GG,AA,AA,AA,CC,NN,CC,CC,AA,AG,GG,TT,GG,AC,GT,TT,AG,CC,GT,TT,CT,CC,AA,TT,CT,AT,AT,GG,NN,AG,CC,CC,CC,GG,CC,AA,GG,AG,CC,TT,CC,GG,TT,CG,AT,AA,AA,TT,CC,NN,AA,CC,CC,GG,GG,AA,GG,TT,AC,AG,CC,GG,AT,CC,AT,AA,GG,TT,TT,AA,CC,GG,AA,CG,TT,TT,AA,GG,NN,TT,AA,TT,CC,CT,AA,CC,TT,GG,AG,CG,GG,CC,AT,TT,GT,GG,AT,AA,AC,AA,GG,CC,CC,GG,CC,GG,AA,AA,CC,GT,GG,CC,CG,AA,GG,CC,AA,CC,AA,AA,CC,NN,CC,TT,AA,GG,AA,AC,AA,AA,GG,AA,AA,AA,TT,CG,AC,NN,AC,AA,CC,AA,AG,GG,GG,GG,GT,AA,AA,TT,TT,TT,AG,TT,GG,GG,AC,6.52,Resistant,Low,Premium,Early
L0682,Mandya,Karnataka,Kharif,Red Loamy,Irrigated (Cauvery command),780,27.0,72,AC,TT,AG,AA,GG,CC,GT,NN,CC,GG,AA,NN,CC,AT,TT,GT,CG,TT,TT,GG,CC,GT,TT,NN,TT,CC,TT,TT,GG,AC,TT,CC,AA,AC,GG,GG,GG,CC,GG,CC,TT,TT,AC,GG,AA,NN,TT,TT,CC,CC,GG,AA,AA,GG,CT,GT,TT,AA,GT,AC,AA,TT,AT,AG,TT,AT,CC,GG,TT,GT,AA,GG,NN,NN,GG,AA,AT,GG,TT,TT,GG,GG,GG,CC,AT,GG,AA,AA,CC,GT,AC,TT,CT,TT,GT,GG,TT,CC,TT,CC,CC,CC,AA,AA,TT,TT,GG,AG,AG,AA,CC,GT,TT,CG,GT,AC,AA,TT,CC,AG,CC,GG,CC,GG,TT,AA,CC,CC,CC,CC,AA,TT,AC,AA,CC,CC,GG,TT,AA,AA,GG,CC,CC,GG,AA,AG,AA,AC,GG,CC,CC,AA,AA,AG,TT,GG,CC,TT,CT,AG,CC,GT,GT,CT,CC,TT,TT,CT,AT,TT,GG,CC,GG,CT,AC,CC,CG,AC,AA,GG,AA,CC,TT,CC,GG,TT,CG,AT,NN,AA,TT,CC,CG,AA,CC,CC,GG,GG,AA,GG,TT,AA,AA,CC,GG,NN,AC,AA,AA,GT,TT,AT,AA,NN,GG,AA,CC,AT,GT,AA,GG,AA,TT,AA,TT,CC,TT,AA,CC,TT,CG,AA,CG,AG,CC,AT,TT,GT,GG,TT,AA,CC,AG,GG,CC,CG,GG,CC,GG,AT,AG,CC,TT,GG,CG,CC,AT,GG,CC,AT,CG,AT,AA,CC,GG,AC,TT,NN,GG,AA,AA,AA,AA,GG,AA,AG,AA,AA,GG,AA,AA,CC,AA,CT,AG,AG,GG,GG,CG,GT,AA,AG,GG,TT,TT,AG,TT,GG,GG,AA,6.29,Susceptible,Medium,Standard,Late
L0683,Mandya,Karnataka,Kharif,Red Loamy,Irrigated (Cauvery command),780,27.0,72,AC,CT,GG,AG,CG,CG,GT,TT,CC,CC,AT,CT,CG,TT,TT,GT,GG,TT,TT,AA,CG,TT,GT,CT,TT,CC,TT,TT,GT,AA,TT,CC,AA,CC,AG,GG,GG,CG,GG,CC,TT,CT,AA,TT,AA,GG,TT,AT,CC,AA,GT,AA,AA,GG,CC,TT,AA,AA,GG,AA,AA,TT,TT,AG,TT,TT,CC,GG,TT,GG,AA,GG,CC,AA,AG,AA,TT,AG,GT,TT,GG,GG,GT,CC,AA,GG,AA,AA,CC,GT,CC,TT,CT,AT,TT,GG,TT,CC,GT,CC,CC,CG,GG,AA,TT,NN,CC,AA,AG,AA,CT,GG,TT,CG,GT,AA,AA,TT,CC,AG,CG,GG,CC,GG,TT,AG,CC,CC,CC,CG,AA,TT,CC,AA,CC,CC,AA,TT,AA,AA,GG,CC,CC,GG,AA,AG,AA,CC,GT,CG,CC,AG,AA,AG,TT,AG,AA,TT,TT,GG,AA,TT,TT,NN,CC,AA,GT,TT,AA,TT,GG,CC,AG,CT,CC,CC,CG,CC,AA,GG,AA,CC,TT,CC,GT,TT,GG,AA,AA,AA,TT,AC,CG,NN,AC,CC,GG,NN,AC,GG,TT,AA,AA,CC,GG,AA,AC,AT,AA,GT,TT,TT,AA,GG,GG,TT,CG,TT,TT,AA,GG,AA,CT,AA,TT,CC,CT,AA,CC,TT,GG,AA,CC,AA,CC,TT,CT,GT,GG,TT,AA,AA,AG,GG,CC,CC,GG,CC,GT,TT,AA,CC,GG,GG,CC,CG,AT,GG,CC,TT,CC,AA,AA,CC,CC,AC,TT,AA,GG,AA,NN,AC,AA,AG,AA,AA,AG,TT,GG,AA,AA,AC,AA,TT,AA,AA,CG,GG,GG,TT,AA,AA,TT,TT,TT,AA,TT,GG,GG,AC,7.08,Resistant,High,Poor,Early
L0684,Mandya,Karnataka,Kharif,Red Loamy,Irrigated (Cauvery command),780,27.0,72,AA,TT,AG,AA,GG,CC,GG,TT,NN,CG,AA,CT,CG,TT,TT,GG,CG,TT,TT,AA,CC,TT,TT,CC,TT,CC,TT,AT,GG,AA,TT,CC,AA,CC,GG,CG,GG,CG,GG,CC,TT,CC,AC,GT,AA,GG,TT,AT,CC,AC,GG,AA,AA,GG,CC,TT,AA,AA,TT,CC,AA,TT,TT,AG,TT,TT,CC,GG,TT,GG,AA,GG,CC,AA,AG,AA,AT,GG,TT,TT,GG,GT,GG,CC,AA,GG,AA,AA,CC,TT,CC,TT,CC,TT,TT,GG,TT,CC,GT,CC,CT,CG,AA,AA,TT,TT,CG,AA,AG,AA,CC,GG,TT,CC,TT,AA,AC,TT,CC,GG,CC,AG,CT,GG,CT,AA,CC,CC,CC,CC,AA,TT,CC,AA,CC,CT,AA,TT,AA,AA,GG,CC,CC,GG,AA,AG,AA,CC,GG,CC,CC,AA,AA,GG,TT,AG,AC,GT,TT,GG,AC,GT,TT,TT,CC,AA,TT,TT,AA,AT,GG,CC,AA,CC,CC,CC,GG,CC,AT,GG,AG,CC,TT,CC,GG,GT,GG,AT,AA,AA,TT,AA,GG,AA,CC,CC,GG,GG,AA,GG,TT,AA,AG,CC,GT,AA,CC,AA,TT,GG,TT,TT,AT,GG,GG,AA,GG,TT,TT,AA,GG,AA,TT,AA,TT,CC,CT,AC,CC,TT,NN,AG,CC,AA,CC,TT,TT,TT,GG,AT,AC,AC,AA,TT,CC,NN,GG,CC,GG,AT,AG,CG,TT,GG,CC,CC,AA,GG,CC,AT,CC,NN,AA,CC,CC,AA,TT,AA,GG,AA,NN,AA,AA,AG,AA,AG,AA,TT,GG,AA,AA,CC,AA,CT,AA,AG,GG,GG,GG,TT,AT,AA,GT,TT,TT,AG,AA,GG,GG,AA,6.64,Moderate,Low,Poor,Medium
L0685,Mandya,Karnataka,Kharif,Red Loamy,Irrigated (Cauvery command),780,27.0,72,AC,CT,NN,AG,GG,CC,GG,TT,CC,CC,AA,CT,CC,AT,TT,GG,CG,TT,TT,AG,CC,GT,TT,CC,AT,CC,TT,TT,GT,AA,TT,CC,AA,CC,GG,GG,GG,CC,GG,CC,TT,TT,AA,GG,AA,AG,TT,TT,CC,AC,GG,AA,AA,GG,CC,GT,AA,AA,GT,AC,AA,TT,TT,AA,CC,TT,CC,GG,TT,TT,AA,GT,CC,AA,AG,AC,AA,GG,TT,TT,GG,GG,GT,CC,AT,GG,AA,AA,NN,GT,CC,TT,CT,AT,GG,GG,TT,CC,GT,CC,CC,CC,AA,AA,AT,TT,CG,AA,AG,AC,CC,GG,TT,CC,TT,AC,AA,TT,CC,GG,CG,AG,CC,GT,TT,AA,CC,CC,AC,CC,AA,GT,CC,AA,CC,CC,AA,AT,AA,AA,CG,CC,CG,NN,AA,NN,AA,AC,GG,CC,CC,AA,AG,GG,GT,GG,AA,GT,TT,GG,CC,TT,TT,TT,CC,AT,TT,TT,AT,TT,GG,CC,AA,CC,AC,CC,CG,AC,AA,GG,AA,AC,TT,CC,GT,GT,GG,AT,AA,AA,TT,CC,GG,AA,CC,CC,GG,GG,AA,GG,TT,AA,AA,CC,GG,AT,AC,AT,AA,GT,TT,AT,AA,GG,GT,AA,CC,TT,GT,NN,GG,AA,TT,AA,TT,CC,TT,AC,CC,TT,CG,AG,CC,AG,AC,TT,TT,TT,GG,TT,AA,CC,AG,GG,CC,CG,GG,CC,GG,AT,AA,CC,NN,GG,CC,CC,AA,GG,CC,AT,CG,AA,AA,CC,CC,AC,TT,AA,GG,AA,AA,AA,AA,AG,AG,AA,AA,AT,GG,AC,AA,CC,AC,CT,AA,AG,CG,GG,GG,GT,AA,AG,TT,TT,AT,AG,TT,GG,GG,AA,6.29,Moderate,Medium,Standard,Medium
L0686,Mandya,Karnataka,Kharif,Red Loamy,Irrigated (Cauvery command),780,27.0,72,AC,TT,GG,AA,GG,CC,GG,TT,CC,CG,AA,CC,CG,TT,GG,GT,GG,TT,TT,AA,CC,GT,GT,CT,TT,CC,TT,TT,GG,AA,TT,CC,AA,CC,GG,CG,GG,CG,GG,AC,TT,TT,AA,TT,GG,AG,TT,TT,CC,CC,GG,AA,NN,GG,CT,GT,AA,AC,GT,AA,AG,GT,TT,AG,CT,NN,CC,GG,TT,GG,AA,GG,CC,AA,GG,AA,AA,AG,GT,CT,GG,GG,GT,CC,AA,GG,AA,AA,CC,GT,CC,TT,CT,TT,GT,GG,TT,CC,TT,CC,CT,CG,AG,AA,TT,TT,CC,AA,AG,AA,CT,GG,TT,CC,GT,AA,AA,TT,CC,AG,CG,GG,CC,GT,TT,AG,CC,CC,CC,CC,AA,TT,CC,AA,CC,CC,AA,TT,AA,AA,GG,CT,CC,GG,AA,GG,AA,CC,GG,CC,CC,AA,AG,AG,TT,AG,AC,TT,CT,AG,NN,GT,GT,TT,CC,TT,GT,CT,AT,TT,GG,CC,AG,CC,CC,CC,GG,CC,AA,GG,AA,CC,TT,CC,GG,TT,GG,AA,AA,AG,TT,CC,CG,AC,AC,CC,GG,GG,AC,GG,CT,AA,AA,CC,GG,AA,CC,AT,AA,GG,TT,AT,AT,GG,TT,AT,CC,TT,TT,AA,GG,AA,TT,AA,TT,CC,TT,NN,CC,CT,GG,AG,CG,AA,CC,TT,TT,TT,GG,TT,AA,CC,AA,GG,CC,CG,GG,CC,GG,AT,AA,CC,TT,GG,CC,CC,AA,GG,CG,AT,CC,TT,AA,CC,CG,AC,TT,NN,CG,AA,AA,AA,AA,GG,NN,AG,AA,TT,GG,AA,AG,CC,AA,CT,AA,AA,GG,AG,GG,GT,AA,AA,TT,TT,TT,AG,TT,GG,GG,AA,9.23,Resistant,Medium,Poor,Early
L0687,Mandya,Karnataka,Kharif,Red Loamy,Irrigated (Cauvery command),780,27.0,72,NN,CT,GG,AG,CG,CC,GG,TT,CC,CC,AA,CC,CC,TT,TT,GG,GG,TT,TT,AA,CC,GT,TT,CC,TT,CC,GT,AT,GT,AA,TT,CT,AA,CC,GG,CG,GG,CC,GG,CC,TT,TT,AC,TT,AA,GG,CT,AT,CC,NN,GT,AT,AA,GG,CT,TT,AA,AC,GT,AA,AA,TT,TT,AG,TT,AT,CT,GG,CT,TT,AA,GG,CC,AA,GG,AA,TT,AG,TT,TT,GG,GT,GG,CC,AT,GG,AA,AA,CC,TT,CC,TT,CC,TT,TT,GG,TT,CC,TT,CC,CC,NN,AG,AA,NN,TT,CG,AA,AA,AA,CT,GG,TT,CG,TT,AC,AC,TT,CC,AG,CC,GG,CC,GT,TT,AA,CC,CC,CC,CC,AG,GT,CC,AC,CC,CT,AG,TT,AG,AA,GG,CC,CC,GG,AA,AA,AA,AC,GT,CC,CC,AA,AA,GG,TT,GG,AA,GT,CT,AG,CC,GT,TT,CT,CC,AA,GT,TT,AA,TT,GG,CC,AG,CC,CC,CC,CG,CC,AA,GG,AA,CC,TT,CG,GT,TT,GG,TT,AA,AA,TT,CC,CG,CC,CC,CC,GG,AG,AA,GG,CT,AA,AA,CC,GT,AT,CC,AA,AA,GT,TT,TT,AA,GG,GT,AA,CC,AT,TT,AA,GG,AA,CC,AA,TT,CC,CC,CC,CC,TT,GG,AA,CC,GG,CC,AT,CT,GT,GG,TT,AA,CC,AG,GG,CC,CC,GG,CC,GG,AA,AG,CG,GT,GG,CC,CG,AA,AG,CG,AA,CC,AA,AA,AC,CC,AC,TT,AG,GG,AA,AA,AA,AA,AG,AG,AA,AA,AT,CG,AC,AA,AA,AA,TT,AA,AG,GG,GG,GG,TT,AA,AA,TT,TT,TT,AA,TT,GG,CG,AA,5.75,Susceptible,Medium,Premium,Late
L0688,Mandya,Karnataka,Kharif,Red Loamy,Irrigated (Cauvery command),780,27.0,72,AA,CT,GG,AG,GG,CG,GG,TT,CC,CG,AA,CC,CG,AT,GT,GT,GG,TT,TT,AA,CC,TT,GT,CC,TT,CC,TT,TT,GT,AA,TT,CC,AA,CC,GG,GG,GG,CC,GG,AC,TT,CC,AA,TT,AA,GG,CT,TT,CC,CC,GG,AT,AA,GG,CT,GT,AA,AC,GG,AC,AA,TT,TT,AA,TT,AT,CC,GG,TT,GT,NN,GG,CC,AA,GG,AA,AA,GG,TT,TT,AG,GT,GG,CC,AA,AG,AA,AT,CC,GT,CC,NN,CC,TT,NN,GG,TT,CC,TT,CC,CC,CC,AA,AA,TT,TT,CG,AA,AA,AA,CT,GG,TT,CG,GT,AC,AA,AT,CC,GG,CG,GG,CT,GG,TT,AA,CC,CC,CC,CC,AA,TT,CC,AA,CC,CT,AA,TT,AA,AT,CG,CC,CC,GG,AG,AG,AA,CC,GG,CC,CC,AA,AG,GG,GT,AG,AA,GT,TT,GG,CC,GT,TT,CT,GG,AA,TT,TT,AA,AA,GG,CC,AA,CC,CC,CC,GG,AC,AA,GG,AA,CC,TT,CC,GT,TT,GG,AA,AA,AG,TT,CC,CG,AA,AC,NN,GG,GG,AA,GG,TT,AC,AA,CC,GG,AA,AC,AA,AA,GT,GT,TT,AA,GG,TT,AA,CG,AT,TT,AA,GG,AA,TT,AA,AT,CC,CT,AA,CC,TT,GG,AG,CC,AG,AC,TT,TT,TT,GG,TT,AA,AC,AG,GG,CG,CC,GG,CC,GG,AT,AA,CC,GT,GG,CC,CC,AA,GG,CC,AT,NN,AA,AA,AC,CC,CC,AT,AA,GG,AA,AA,AA,AA,NN,AA,AA,AA,TT,GG,AA,AG,CC,AC,TT,AA,AA,GG,GG,GG,TT,AA,AA,TT,TT,TT,AA,AT,GG,GG,AA,5.48,Susceptible,Medium,Poor,Early
L0689,Mandya,Karnataka,Kharif,Red Loamy,Irrigated (Cauvery command),780,27.0,72,AA,TT,GG,AA,GG,CC,GG,AT,CC,CG,AA,CC,CC,AT,TT,GT,CG,TT,TT,AA,CC,TT,GT,CC,AT,CC,TT,TT,GT,AA,TT,CC,AA,AC,GG,NN,GG,CC,GG,CC,TT,TT,AA,TT,AG,GG,TT,TT,CC,CC,GT,AA,AA,GG,CT,GT,AT,AC,GT,AA,AA,TT,TT,AA,TT,TT,CC,GG,TT,GG,AG,GT,CC,AA,GG,AC,AA,GG,TT,TT,GG,GG,GT,CC,AT,GG,AA,AA,CG,GT,AC,TT,CC,TT,GT,AG,TT,CC,TT,CC,CC,CC,AG,AA,TT,TT,CC,AA,AA,AA,CC,GG,TT,CC,GT,AA,AA,TT,CG,AG,CC,GG,CT,GG,TT,AA,CC,CC,CC,CC,AA,TT,CC,AA,AC,CC,AA,TT,AA,AT,GG,CC,CC,GG,AA,AG,AA,CC,GG,CC,CC,AA,AG,GG,GT,GG,AA,TT,CT,GG,CC,TT,TT,TT,GG,AA,TT,TT,AA,TT,GG,CC,AA,CT,CC,CC,GG,CC,AA,GG,AG,CC,NN,CC,GG,GT,GG,NN,AA,NN,TT,CC,GG,AA,AC,CG,GG,NN,AC,GG,TT,AA,AA,CC,GG,AT,AA,AA,TT,GG,GT,AT,AA,CG,GT,NN,CC,TT,GT,AA,GG,AA,TT,AA,TT,CC,TT,AC,CC,TT,CG,AA,CG,GG,NN,TT,CC,GT,GG,TT,AC,AA,AA,GG,CC,CG,GG,CC,GG,AT,AA,CC,TT,GG,CC,CC,AT,AG,CG,AT,CC,AT,AA,AC,CC,CC,TT,AA,GG,AA,NN,AA,AA,AG,AA,AG,AA,TT,GG,AA,AG,CC,AC,TT,AA,AA,GG,AG,GG,TT,AA,AA,TT,TT,TT,AG,NN,CG,CG,AA,6.58,Susceptible,High,Premium,Early
L0690,Mandya,Karnataka,Kharif,Red Loamy,Irrigated (Cauvery command),780,27.0,72,AA,TT,AG,AA,GG,CC,GG,TT,CC,CC,AA,CC,CC,TT,TT,GG,CG,TT,TT,AA,CG,GT,GT,CC,TT,CC,TT,TT,GT,AA,CT,CC,AA,AC,GG,GG,GG,CC,GG,CC,TT,TT,AA,TT,AG,GG,TT,AT,CC,AC,GG,AA,AA,GG,CC,GT,AA,AA,GT,AA,AG,GT,AT,AA,TT,TT,CC,GG,TT,GG,AG,GG,CC,NN,GG,AA,AA,GG,TT,TT,GG,GT,GG,CC,AT,GG,AA,AA,CC,GT,CC,GT,CC,TT,GT,GG,TT,CC,TT,CC,CT,GG,AG,AA,AT,TT,CC,AA,GG,AA,CC,GG,TT,CC,TT,AA,AA,TT,NN,AA,CC,AG,CC,GG,TT,GG,CC,CC,AA,CC,AA,TT,CC,AA,CC,CC,AA,AT,AG,TT,CG,CC,CG,GG,NN,GG,AA,CC,GT,CC,CC,AA,AA,GG,TT,GG,AA,TT,TT,GG,CC,GT,GT,TT,CC,AA,GG,TT,AA,AA,GG,CC,AA,CC,CC,CC,CG,CC,AA,GG,AA,CC,TT,CC,GT,TT,GG,AT,AG,AA,TT,CC,GG,AA,AA,CC,GG,GG,CC,GG,TT,AC,AA,CC,GG,TT,CC,AT,TT,GG,TT,AT,TT,CC,GG,AT,CC,AA,GT,AA,GG,AA,CT,AA,TT,CC,TT,AA,CC,TT,GG,AA,CC,GG,NN,TT,CT,GT,GG,TT,AA,AC,AG,GG,CC,CG,GG,CC,GG,AT,AG,CG,TT,GG,CC,CC,AA,AG,CC,AT,CC,AT,AG,CC,CG,CC,TT,AG,GG,AA,AA,AA,AA,GG,AG,AA,AA,TT,GG,AA,AG,AA,AA,TT,AA,AA,GG,GG,GG,TT,AT,AA,TT,TT,TT,AA,TT,GG,GG,AA,4.72,Susceptible,Low,Premium,Early
L0691,Mandya,Karnataka,Kharif,Red Loamy,Irrigated (Cauvery command),780,27.0,72,AC,TT,AG,AG,CG,CC,GG,TT,CC,CC,AA,CC,CG,TT,TT,GG,GG,TT,TT,AA,CC,TT,TT,CC,AT,CC,TT,AT,GT,AA,TT,CC,AA,CC,GG,GG,GG,CG,GG,CC,TT,CC,AA,TT,AA,GG,CT,TT,CC,AC,GG,AA,AA,GG,CC,TT,AA,AA,GT,CC,AA,TT,AA,AA,TT,AT,CT,GG,TT,GG,AG,GG,CC,AA,GG,AC,AA,GG,TT,TT,GG,GT,GG,CC,AT,GG,AA,AA,CC,GT,CC,GT,CC,TT,TT,GG,TT,CC,GT,CC,CC,CC,AA,AA,AT,TT,CG,AA,AG,AC,CT,GG,TT,CG,GT,AC,AA,TT,CC,GG,CC,AG,CC,GT,CT,AA,CT,CC,CC,CC,AA,TT,CC,AA,CC,NN,AA,TT,AG,AA,GG,CC,CC,GG,AA,AA,AA,CC,GG,CC,CC,AA,AA,GG,TT,AG,AC,TT,CT,AG,CC,GT,GT,TT,CC,AA,TT,CT,AA,TT,GG,CC,AA,CC,CC,CC,CG,CC,AA,GG,AG,CC,TT,CG,GT,TT,GG,TT,AA,AA,TT,CC,GG,AA,AA,CC,GG,GG,AC,CG,TT,AA,AA,CG,GG,AT,CC,AA,AT,GG,TT,AT,AT,GG,GG,TT,CC,TT,TT,AA,GG,AA,TT,CC,TT,CC,TT,AC,AC,TT,CG,AA,CC,AA,CC,TT,CT,TT,GG,TT,AA,CC,AA,GG,CC,CG,GG,CC,GG,AA,AG,CC,TT,GG,CC,CC,AA,GG,GG,AA,CC,AA,AA,AC,CG,CC,TT,AG,GG,AA,AC,AA,AA,AG,AA,AG,AA,TT,GG,CC,GG,AC,AC,TT,AA,AA,GG,GG,GG,TT,AA,AA,TT,TT,AT,AA,TT,GG,GG,AA,5.92,Susceptible,Low,Premium,Late
L0692,Mandya,Karnataka,Kharif,Red Loamy,Irrigated (Cauvery command),780,27.0,72,CC,TT,GG,AA,GG,CC,TT,AT,CC,CC,AA,CC,CC,TT,TT,GT,CC,TT,AT,AG,CC,GT,TT,CC,TT,CT,TT,TT,GT,AA,TT,CC,AA,CC,GG,CG,GG,CC,GG,AC,TT,TT,AA,GT,AA,AG,TT,AT,CC,CC,GG,AA,AA,GG,CT,GT,AA,AA,GT,AA,GG,TT,TT,AG,TT,AT,CC,GG,TT,GT,AA,GG,CC,AA,GG,AA,NN,GG,TT,TT,GG,GG,GG,CC,AT,GG,AG,AA,CC,GG,CC,TT,CC,TT,TT,GG,TT,NN,TT,CC,CC,CC,AG,AA,TT,TT,CC,AA,AA,AA,TT,GG,TT,CC,TT,AC,AA,TT,CC,AG,CC,GG,CC,GG,CT,AA,CT,CC,CC,CC,AA,TT,CC,AA,NN,CC,AA,TT,AA,AA,GG,CC,CC,GG,AA,AA,AA,AC,GT,CC,CC,AA,AG,AG,TT,AG,AA,GT,TT,GG,CC,GT,TT,TT,CC,AT,TT,CT,AT,AT,CG,CC,AG,CC,AC,CC,GG,CC,NN,GG,AG,CC,TT,CG,GG,TT,GG,AT,AA,AA,TT,CC,GG,AA,CC,CC,GG,GG,AA,GG,TT,CC,AA,CC,GG,AT,AC,AA,AA,GG,TT,TT,AA,CG,GG,AA,CC,AT,GT,AA,GG,AA,CT,AA,AT,CC,CC,AA,CC,TT,GG,AA,CC,AG,AC,TT,TT,TT,GG,TT,AA,AA,AA,GG,CC,CG,GG,CC,GG,AA,AA,CC,TT,GG,CC,CC,AA,AA,CC,TT,CG,AA,AA,CC,CC,AA,TT,AA,NN,AA,AA,AC,AC,GG,AG,AG,AA,TT,GG,AC,AA,AC,AA,CT,AA,AA,CG,GG,GG,TT,AA,AA,GT,TT,TT,AA,NN,GG,GG,AA,6.14,Susceptible,Low,Premium,Late
L0693,Mandya,Karnataka,Kharif,Red Loamy,Irrigated (Cauvery command),780,27.0,72,AA,CT,GG,AA,GG,CC,GG,AT,CC,CG,AA,CT,CC,TT,TT,GG,GG,TT,TT,AA,CC,TT,GT,CT,AT,CC,TT,TT,GG,AA,TT,NN,AA,CC,GG,GG,GG,CG,GG,CC,GT,TT,AC,TT,AG,AA,TT,TT,CC,CC,GT,AA,AA,GG,CT,GT,AA,AA,GT,AA,AA,TT,AT,AA,TT,AT,CC,GG,TT,GG,GG,GG,CC,AG,AG,AC,AA,GG,TT,TT,GG,GT,GG,CC,AA,GG,AA,AA,CC,TT,AA,TT,CT,AT,TT,GG,TT,CC,GT,CC,CT,CC,AA,AA,TT,TT,CC,AA,AG,AA,CT,GG,GT,CC,TT,AA,AA,TT,GG,AG,CG,AG,CC,GG,CC,AA,CC,CC,CC,CC,AA,TT,CC,AA,CC,CC,AA,TT,AA,AA,GG,CC,CC,GG,AA,AG,AT,CC,GG,CC,CC,AA,AA,GG,TT,AG,AA,TT,TT,GG,CC,GT,GG,TT,CC,TT,GG,TT,AT,TT,GG,CC,AA,CC,CC,AC,GG,CC,AA,GG,AA,CC,TT,CC,GT,TT,GG,AT,AG,AA,TT,CC,GG,AA,AC,CC,GG,GG,AC,GG,TT,AC,AA,NN,GG,AT,AC,AA,AA,GT,TT,TT,AT,CG,GT,AA,CG,AT,TT,AA,GG,AA,TT,AA,TT,CC,TT,AA,CC,TT,GG,AG,CG,AA,CC,TT,TT,TT,GG,TT,AA,AC,AA,GG,CG,CG,GG,CG,NN,AT,AA,CC,GT,AG,CC,CC,AA,GG,CG,AA,CC,AT,AA,AC,CG,AC,TT,AA,GG,AA,AA,AC,AA,AG,AA,AG,AA,TT,GG,AA,AA,AC,AA,CT,AG,AA,CG,GG,GG,TT,AT,AA,GG,TT,TT,AG,TT,GG,CG,AA,5.3,Moderate,Low,Standard,Late
L0694,Mandya,Karnataka,Kharif,Red Loamy,Irrigated (Cauvery command),780,27.0,72,AC,TT,NN,AG,CG,CC,GG,TT,CC,CC,AA,CC,CC,TT,TT,GG,CG,TT,TT,AG,CC,TT,TT,CC,TT,CT,TT,TT,GG,AA,TT,CC,AA,CC,AA,GG,GG,CC,GG,CC,TT,CT,CC,TT,AA,AG,TT,AT,CC,AC,GT,AA,AG,GG,CC,TT,AA,AC,GT,AA,AA,TT,TT,AG,TT,AT,CC,GT,TT,GG,AG,GG,CC,AA,AG,AA,AT,GG,GT,TT,GG,GG,GG,CC,AT,GG,AA,AA,CC,GT,CC,TT,CT,TT,TT,GG,CT,CC,TT,CC,CT,CC,AG,AA,TT,TT,CC,AG,AA,AA,CC,GG,TT,CC,GT,AA,AA,TT,CC,GG,CG,GG,CC,GT,CT,AA,CC,CC,CC,CC,AA,TT,CC,AA,CC,CC,NN,AT,AA,AA,GG,CC,CC,GG,AA,AA,AT,AC,GG,CG,CC,AA,AG,GG,TT,AG,CC,TT,TT,AG,CC,GG,TT,TT,CG,AA,GG,CT,AA,TT,GG,CG,AA,CT,AC,CC,GG,CC,AA,GG,AG,CC,TT,CG,GG,TT,CG,TT,AA,AG,TT,CC,CC,AA,AC,CC,GG,GG,CC,CG,CT,AC,AG,CG,GT,AA,AC,AA,AA,GG,TT,TT,AT,GG,GG,AA,NN,TT,GG,AA,GG,AA,CT,AA,TT,CG,TT,AC,CC,TT,CG,GG,CG,AA,CC,TT,CT,TT,GG,TT,AA,CC,AG,GG,CC,CC,GG,CC,GG,TT,AA,CG,TT,GG,CC,CC,AT,GG,CC,AA,CC,AA,AA,AC,GG,AA,TT,AA,GG,AA,AA,CC,AA,GG,AA,AG,AA,TT,GG,AA,GG,AC,AC,CT,AA,AA,GG,GG,GG,TT,AA,AA,GT,TT,TT,AA,TT,GG,CG,AA,7.91,Moderate,Medium,Standard,Late
L0695,Mandya,Karnataka,Kharif,Red Loamy,Irrigated (Cauvery command),780,27.0,72,AA,TT,GG,GG,GG,CC,GG,TT,CC,CC,AA,TT,CC,TT,TT,GT,CG,TT,TT,AA,CG,GT,TT,CT,AT,CC,TT,TT,GG,AA,TT,CT,AA,CC,GG,GG,GG,CC,GG,CC,TT,TT,AA,GT,AA,GG,TT,TT,CC,CC,GG,AA,AG,GG,CC,TT,AA,AA,NN,AA,AA,TT,AT,GG,TT,TT,CC,GG,TT,GT,AG,GG,AC,AA,GG,AA,AA,GG,GT,TT,GG,GG,GG,CC,AA,GG,AA,AA,CC,GT,CC,GT,CC,TT,TT,GG,TT,CC,GT,CC,CC,CG,AA,AA,TT,TT,CC,AA,AG,AA,CC,GG,TT,CC,GT,CC,AC,TT,CC,AG,CC,GG,CC,GG,TT,AA,TT,CC,CC,CC,AA,TT,CC,AA,CC,CC,AA,TT,AA,AA,GG,CC,CC,GG,AA,AG,AA,CC,GG,CC,CC,AA,AG,GG,TT,GG,AA,TT,TT,GG,CC,GT,TT,TT,CC,AA,GT,CT,AA,TT,GG,CC,AA,CC,CC,CC,CC,CC,AA,GG,AA,CC,TT,CC,GG,GT,CG,TT,NN,AA,TT,CC,GG,NN,CC,CG,GG,GG,AA,GG,CC,AA,AA,CC,GG,AA,CC,AA,AA,GT,TT,TT,AT,CG,GT,TT,CG,TT,TT,AA,GG,AA,TT,AA,TT,CC,TT,AC,CC,CT,GG,GG,CG,AA,AC,TT,TT,TT,CG,TT,AA,AC,AA,GG,CC,CC,GG,CC,GG,TT,AA,CC,TT,GG,CC,CG,AA,GG,CC,AA,CC,AA,AA,CC,CC,CC,TT,AA,CG,AA,AA,AC,NN,AG,AA,AG,AA,AT,GG,AA,AA,CC,AC,TT,AG,AA,CC,GG,GG,GT,AA,AG,TT,TT,TT,AG,TT,GG,CG,AA,6.27,Susceptible,High,Premium,Early
L0696,Mandya,Karnataka,Kharif,Red Loamy,Irrigated (Cauvery command),780,27.0,72,AC,TT,GG,AG,GG,CC,GT,TT,CC,CC,AA,CT,CG,NN,GT,GG,GG,TT,TT,AA,CC,TT,TT,CT,AT,CC,GT,TT,GG,AA,TT,CC,AA,CC,GG,CG,GG,CC,GG,CC,TT,CT,AA,NN,AA,GG,TT,TT,CC,CC,GG,AA,GG,GG,CT,TT,AA,AC,TT,AA,AA,NN,TT,AA,CT,TT,CC,GG,TT,GT,AG,GG,CC,AA,GG,AC,AA,GG,TT,TT,GG,GG,NN,CC,AA,GG,AA,AT,CC,TT,CC,TT,TT,TT,TT,GG,TT,AC,TT,CC,CC,CG,GG,AA,TT,TT,CC,AA,AG,AC,CC,GG,TT,CC,TT,AA,AA,TT,CC,GG,CC,GG,CC,GG,TT,AA,CC,CC,CC,CC,AA,TT,CC,AA,CC,CC,AA,TT,AA,AA,GG,CC,CC,GG,AA,AG,AA,CC,GG,CC,CC,AG,AA,GG,TT,GG,AC,GG,CT,GG,AC,GT,GT,TT,CC,AA,TT,TT,AT,TT,GG,CC,AA,CT,CC,CC,GG,AC,AA,GG,AG,CC,TT,CG,GT,GT,GG,AA,AA,AA,TT,AC,GG,AA,CC,CC,GG,GG,AA,GG,TT,AA,AA,CC,GG,AT,CC,AT,AT,GT,TT,AT,AT,CG,GT,AA,CC,NN,TT,AA,GG,AA,CC,AC,TT,CC,CT,AA,CC,CT,CC,AG,CC,GG,CC,TT,TT,GT,GG,TT,AA,CC,AG,GG,CC,GG,NN,CC,GG,NN,AA,CC,TT,GG,CG,CC,AA,GG,CC,AA,CC,AA,AA,AC,CG,CC,TT,AA,CG,AA,AA,AA,AA,GG,AG,AA,AA,TT,GG,CC,AA,AC,AA,TT,AA,NN,GG,GG,GG,TT,AA,AG,TT,TT,TT,AA,AT,GG,GG,AA,6.86,Moderate,High,Standard,Early
L0697,Mandya,Karnataka,Kharif,Red Loamy,Irrigated (Cauvery command),780,27.0,72,AC,TT,AG,AG,GG,CC,GG,AT,CC,CG,AA,CT,CC,TT,GT,GG,GG,TT,NN,AG,CG,TT,TT,CC,TT,CC,TT,AA,GG,AA,TT,CC,AA,CC,GG,GG,GG,CC,GG,CC,TT,TT,AA,TT,AG,AG,CT,AT,CC,AA,GG,AA,AA,NN,CC,TT,AA,AA,GT,AC,AG,TT,AT,AG,TT,TT,CC,GG,CT,GT,AG,GG,CC,AA,GG,AA,AT,GG,TT,TT,GG,GG,GG,CC,AA,GG,AA,AA,CC,GG,CC,NN,CC,AT,TT,GG,TT,CC,TT,CC,CC,CG,AG,AA,AT,TT,CC,AA,AG,AA,CT,GG,GT,CC,TT,AA,AC,TT,CC,GG,CG,GG,CC,GG,TT,AA,CC,CC,CC,CC,AA,TT,AC,AA,CC,CC,AA,TT,AA,AA,CG,CT,CC,GG,AA,GG,AA,AC,GG,CC,CC,AA,AA,AG,GT,NN,AA,TT,CT,GG,CC,TT,TT,CT,CC,AA,TT,TT,AT,TT,GG,CC,AA,CT,CC,CC,GG,CC,AA,GG,AG,CC,TT,CG,TT,GT,GG,TT,AA,AG,TT,CC,GG,AC,CC,CG,GG,GG,AA,GG,TT,CC,AA,CG,GG,AA,CC,AA,AA,GG,GT,AA,NN,GG,GT,AA,CC,TT,TT,AA,GG,AA,CT,AA,TT,CC,CT,AC,CC,TT,GG,GG,CG,GG,AC,TT,TT,TT,GG,AT,AA,CC,AG,GG,CC,CG,GG,CC,GG,AT,AA,CG,NN,GG,CC,CC,AA,AG,CC,AT,CC,AA,AA,CC,CC,AC,TT,AA,GG,AA,AA,AC,AA,AG,AG,AA,AA,TT,GG,AA,AA,CC,AA,TT,AG,AG,GG,AG,GG,GT,AA,AA,TT,TT,TT,AG,AT,GG,GG,AA,6.76,Susceptible,High,Standard,Early
L0698,Mandya,Karnataka,Kharif,Red Loamy,Irrigated (Cauvery command),780,27.0,72,AA,CT,GG,GG,GG,CC,GG,TT,CC,CG,AA,CT,CC,AT,TT,GG,GG,TT,TT,AA,NN,GT,TT,CC,AT,CC,TT,AT,GG,AA,CT,CC,AA,CC,GG,GG,GG,CC,GG,CC,TT,CT,AC,TT,AA,GG,TT,NN,GG,CC,GT,AA,AA,GG,CT,TT,AA,AA,GG,AA,AA,TT,TT,AA,TT,TT,CC,GG,TT,GG,AA,GG,CC,AA,AA,AA,AA,GG,TT,TT,GG,GG,GG,CC,AA,GG,AA,AA,CG,TT,AC,TT,CT,TT,TT,GG,TT,CC,TT,CC,CT,CG,AG,AA,TT,TT,CC,AA,AG,CC,CT,GG,GT,CC,TT,AA,AA,TT,CC,GG,CC,GG,CT,GG,CT,AG,CC,CC,AC,CC,AA,TT,CC,AA,CC,CC,AA,TT,AA,AA,GG,CC,CC,AG,AA,AG,AA,CC,GT,CC,CC,AA,AA,GG,GT,GG,AA,TT,CT,GG,CC,TT,NN,TT,CC,AA,TT,TT,AA,TT,CG,CC,AA,CT,CC,CC,GG,CC,AT,GG,AG,AC,TT,CC,GG,GG,GG,AT,AA,AA,TT,CC,GG,AA,CC,CC,GG,AG,AC,GG,TT,AC,AA,CC,TT,AT,AA,AA,AA,GG,TT,AT,AT,CG,GT,AT,CC,TT,TT,AA,GG,AA,TT,AA,TT,CC,TT,AA,CC,TT,CG,AA,CG,GG,CC,TT,CT,TT,GG,TT,AA,CC,AA,GG,CG,CG,GG,CC,GG,AT,AG,CC,TT,GG,CC,CC,AA,GG,GG,AT,CC,AA,AA,AC,GG,CC,TT,AA,GG,AA,AC,AC,AA,AG,AA,AA,AA,TT,GG,AA,AG,AC,AC,TT,AA,AA,GG,GG,GG,TT,AA,AA,GT,TT,TT,AA,TT,GG,GG,AA,7.3,Moderate,Medium,Premium,Early
L0699,Mandya,Karnataka,Kharif,Red Loamy,Irrigated (Cauvery command),780,27.0,72,AA,TT,GG,AG,GG,CC,GT,TT,CC,CG,AA,CC,CG,TT,GG,GG,CG,TT,TT,AA,CC,TT,GG,CC,TT,CT,TT,TT,GT,AA,TT,CC,AA,CC,GG,CG,GG,CC,GG,AC,TT,CT,AA,TT,AA,AG,TT,AT,CC,AC,GT,AT,AA,GG,CT,TT,AA,CC,GT,AA,AA,TT,TT,AA,TT,TT,CC,GG,TT,GT,AA,GG,CC,AA,GG,AC,AA,GG,GT,TT,GG,GG,GG,CC,AA,GG,AG,AT,CC,GT,AA,TT,CC,AT,TT,GG,TT,CC,GT,CC,CT,CG,AG,AA,AA,TT,CC,AA,AG,AC,CC,GG,TT,CC,TT,AA,AA,TT,CC,GG,CC,GG,CT,GT,CT,AA,CT,CC,CC,CC,AA,GT,CC,AA,CC,CC,AA,AT,AA,AA,GG,CT,CC,GG,AA,AG,AA,CC,GG,CC,CC,AA,AG,GG,TT,GG,AA,TT,TT,NN,CC,TT,GT,TT,CC,AT,GT,TT,AT,TT,GG,CC,AA,CT,CC,CC,GG,CC,AA,GG,AG,CC,GT,CG,GG,TT,GG,TT,AA,AA,TT,AC,GG,AA,AC,CC,GG,AG,AC,GG,TT,CC,AA,CC,GG,AA,NN,AA,AA,GG,TT,AA,AA,GG,TT,AT,CC,TT,TT,AA,GG,AA,TT,AA,TT,CC,TT,AA,CC,TT,CG,AA,CC,AA,CC,TT,TT,GT,GG,TT,AC,AC,AG,GG,CC,CC,GG,CG,GG,AT,AG,CC,TT,GG,CC,CG,AA,GG,CC,AT,CC,AT,NN,CC,CC,AC,TT,AA,CG,AA,AA,AA,AA,GG,AA,AA,AA,AT,GG,AC,AG,CC,AA,CC,AA,AA,GG,GG,GG,TT,AA,AG,TT,NN,TT,AG,TT,GG,GG,AC,8.44,Moderate,Low,Premium,Late
L0700,Mandya,Karnataka,Kharif,Red Loamy,Irrigated (Cauvery command),780,27.0,72,AC,TT,GG,AG,GG,CC,GG,AT,CC,GG,AA,CC,CG,TT,TT,GG,GG,TT,TT,AA,CC,TT,GT,CC,TT,CC,TT,AT,GG,AA,CT,CC,AA,AC,GG,GG,GG,CC,GG,CC,TT,TT,AA,TT,AG,AG,TT,TT,CC,AA,GG,AA,AA,GG,CC,TT,AA,AA,GT,AA,NN,TT,AT,AA,CT,AT,CC,GG,TT,GG,AA,GG,CC,AA,GG,AA,AT,GG,GT,CT,GG,GT,GG,CC,AA,GG,AA,AA,CC,TT,CC,TT,CC,TT,TT,GG,TT,CC,GT,CC,CC,CC,AG,AG,TT,TT,CG,AA,NN,AA,CC,GG,TT,CC,TT,AC,AA,TT,CC,GG,NN,GG,CC,GG,CT,AG,CC,CC,AC,CC,AA,TT,CC,NN,CC,CC,AA,AT,AA,AA,GG,CT,CC,GG,AA,AG,AT,AC,GG,CC,CC,AA,AA,GG,TT,GG,AC,GT,TT,GG,AC,TT,GT,TT,CC,AT,TT,TT,AA,TT,GG,CC,AG,CC,AC,AC,GG,CC,AA,GG,AA,CC,TT,CC,GT,GT,CG,TT,AA,AA,TT,CC,GG,AC,CC,CC,GG,GG,AA,GG,TT,AA,AG,CC,GG,AA,AC,AA,NN,GG,TT,AT,AT,GG,GT,AA,CC,TT,TT,AA,GG,AA,TT,AC,TT,CC,TT,AA,CC,TT,GG,AA,CC,AA,CC,TT,CT,GT,GG,TT,AC,AC,AA,GT,CC,GG,GG,CC,GG,TT,AA,CC,TT,GG,CC,CC,AT,GG,CC,NN,CC,AA,AA,AC,CC,AC,TT,AA,GG,AA,AC,AC,AC,GG,AA,AA,AA,TT,GG,AA,AG,AC,AA,TT,AA,AA,GG,GG,GG,TT,AA,AA,TT,TT,TT,AA,AT,GG,GG,AA,6.71,Resistant,Low,Poor,Medium
L0701,Mandya,Karnataka,Kharif,Red Loamy,Irrigated (Cauvery command),780,27.0,72,CC,CT,GG,AG,GG,CG,GG,AT,CC,CG,AA,CT,CC,AT,TT,GT,CG,TT,AT,AA,CC,TT,GT,CC,TT,CC,TT,AT,GG,AA,TT,CC,AG,CC,GG,GG,GG,CG,GG,AC,TT,CT,AA,TT,AG,AA,CT,TT,CC,AC,GG,AA,AG,GG,CC,GT,AA,CC,GG,AC,AA,TT,AT,AA,TT,TT,CC,GG,TT,GT,AG,GT,CC,AA,GG,AA,AT,GG,TT,TT,GG,GG,GG,CC,AA,GG,AA,AA,CC,GT,AC,GT,CT,TT,TT,GG,CT,CC,GG,CC,CC,CC,GG,AG,TT,TT,CC,AG,AA,AA,CT,GG,TT,CC,TT,AC,AA,TT,CC,GG,CG,GG,CC,GG,TT,AA,CT,CC,CC,CC,AA,TT,CC,AA,CC,CC,AA,TT,NN,AA,GG,CC,CC,GG,AA,AG,AA,CC,GT,CC,CC,AA,AG,AG,GT,GG,AC,TT,TT,AG,CC,TT,TT,CT,CC,AA,TT,CT,AA,TT,GG,CC,AG,CC,CC,CC,GG,CC,AA,GG,AG,AC,TT,CC,GT,TT,GG,AT,AA,AG,TT,CC,GG,AA,CC,CC,GG,NN,AA,GG,TT,AA,AA,CC,GT,AA,AC,NN,TT,GG,TT,TT,AA,CG,GG,AA,CG,TT,GT,AA,GG,AA,CC,AA,TT,CC,TT,AA,CC,TT,GG,AA,CC,AG,CC,TT,TT,TT,GG,TT,AA,CC,AG,GG,CC,NN,GG,CC,GG,TT,AA,CC,TT,GG,CC,CC,AA,AG,CC,AT,NN,AT,AA,CC,CC,NN,TT,AA,GG,AA,AA,AC,AA,GG,AA,AA,AA,TT,CG,AC,AA,CC,AA,TT,AA,AA,GG,GG,GG,TT,AA,AG,TT,TT,TT,AA,TT,GG,GG,AA,6.41,Susceptible,Medium,Poor,Medium
L0702,Mandya,Karnataka,Kharif,Red Loamy,Irrigated (Cauvery command),780,27.0,72,AA,TT,GG,AA,GG,CC,GG,TT,CC,CG,AA,CC,CG,AT,TT,GG,GG,TT,TT,AA,CC,TT,TT,CC,TT,CC,TT,AT,GG,AA,TT,CT,AA,CC,GG,GG,GG,CG,GG,CC,TT,CC,AC,TT,AA,AG,TT,AT,CC,AC,GG,AA,AA,GG,CT,TT,AA,AA,GT,AC,AA,GT,TT,AG,TT,TT,CC,GG,TT,GT,AA,GG,CC,AA,AG,AA,AT,GG,TT,CT,GG,GG,GT,CC,AA,AG,AA,AA,CC,GT,AC,TT,CT,TT,GG,GG,TT,CC,TT,CC,CT,CC,AG,AA,TT,TT,CC,AA,GG,AA,CT,GG,TT,CG,GT,AA,AC,TT,CC,AG,CC,GG,CC,GT,NN,AG,CC,CC,CC,CC,AA,TT,CC,AA,CC,CC,AA,TT,AA,AA,GG,CC,CG,AG,AG,AG,AT,CC,GG,CC,CC,AA,AA,GG,TT,GG,AC,TT,TT,GG,AC,TT,GT,TT,CC,AT,TT,TT,AA,TT,GG,CC,AA,CT,CC,CC,GG,CC,AA,GG,AG,CC,TT,CC,GG,GT,CC,AT,AA,AA,TT,CC,GG,AC,CC,CC,GG,GG,AA,GG,TT,AA,AA,CC,GG,AA,AC,AA,TT,GG,TT,TT,AA,GG,GT,AT,CG,TT,TT,AA,GG,AA,CC,AA,TT,CC,TT,AA,AC,TT,GG,AA,CC,AA,CC,TT,CT,TT,GG,TT,AA,AC,AG,GG,CC,CG,GG,CG,GG,TT,AA,CC,GT,GG,CC,CC,AA,GG,CG,AA,CG,AT,AA,AC,CC,AA,TT,AA,GG,AA,AA,AA,AA,AG,AA,AA,AA,TT,GG,AA,AG,CC,AC,CT,AA,AA,GG,GG,GG,TT,TT,AG,TT,TT,TT,AA,TT,GG,CG,AA,7.56,Resistant,High,Poor,Late
L0703,Mandya,Karnataka,Kharif,Red Loamy,Irrigated (Cauvery command),780,27.0,72,AA,TT,AG,AA,GG,CC,GT,AT,CC,CG,AA,CC,CC,TT,TT,GT,GG,TT,AT,AA,CG,GT,TT,CC,TT,NN,GT,AT,GG,AA,TT,CT,AA,CC,GG,GG,GG,CG,GG,CC,TT,CT,AA,TT,AA,GG,TT,AT,CC,AC,GT,AA,AG,GG,CC,TT,AT,AA,GT,AC,AA,GT,TT,AG,TT,TT,CC,GT,TT,GG,AA,GG,AC,AA,AG,AC,AA,GG,TT,TT,GG,GG,GT,CC,AA,NN,AA,AT,NN,GT,CC,TT,CC,AT,TT,AG,TT,CC,GG,CC,CC,CC,AA,AA,AT,GT,CC,AA,AA,AA,CT,GG,TT,CC,TT,AA,AA,AT,CG,GG,GG,GG,CT,GT,CT,AA,CC,NN,CC,CG,AA,TT,CC,AA,CC,CC,AA,TT,AA,AA,GG,CC,CC,GG,AA,AA,AA,CC,GT,CC,CC,AA,AA,AG,TT,GG,AA,GT,TT,GG,CC,GT,GG,TT,CC,AA,TT,TT,AA,TT,CG,CC,AA,CC,CC,AC,CC,CC,AA,GG,AG,CC,TT,NN,TT,TT,GG,AT,AA,AA,TT,CC,CG,AA,AC,CC,GG,GG,AC,CG,TT,AC,AA,CC,GG,AT,NN,AA,TT,GG,TT,AT,AA,GG,TT,AA,GG,TT,TT,AA,GG,AA,TT,NN,TT,CC,TT,AA,CC,TT,CG,AG,CC,GG,CC,TT,CT,GT,GG,TT,AC,AC,AA,GG,CC,CC,GG,CC,GG,TT,AG,CC,GT,GG,CC,CC,AT,AG,CG,AA,CC,AA,AA,CC,CG,CC,TT,AA,GG,AA,AA,AA,AA,GG,AA,AG,AA,TT,CG,AC,AA,AC,AA,CT,AA,AA,CG,GG,GG,TT,AT,AA,TT,TT,TT,AG,AT,GG,GG,AA,4.57,Susceptible,Low,Premium,Early
L0704,Mandya,Karnataka,Kharif,Red Loamy,Irrigated (Cauvery command),780,27.0,72,AA,TT,GG,AG,GG,GG,TT,AT,NN,CC,AA,CC,CC,AA,TT,GT,CG,NN,TT,AG,CC,TT,GT,CC,TT,CC,TT,AT,GG,AA,CT,CC,AA,CC,GG,CG,GG,CG,GT,CC,TT,CC,AA,TT,AA,GG,TT,AT,CC,CC,GG,AA,AG,GG,CT,GT,AA,AA,GT,AC,AG,TT,AT,AA,CT,AT,CC,GG,TT,GG,AA,GG,CC,AA,GG,AA,TT,GG,TT,TT,GG,GT,GG,CC,AA,GG,AA,AA,CC,GT,CC,GT,CC,TT,TT,AG,CT,AC,TT,CC,CC,CC,AG,NN,TT,TT,CC,AA,AG,AC,CC,GG,GT,CG,TT,AA,AA,TT,CC,GG,GG,GG,CC,GT,TT,AA,CT,CC,CC,CC,AA,TT,CC,AA,CC,CC,AA,TT,AA,AA,GG,CC,CC,GG,AA,AA,AA,AC,GT,CC,CC,AG,AG,AG,TT,AG,AC,TT,CC,GG,AC,GT,GT,TT,CC,AA,TT,TT,AA,TT,GG,CC,AA,CC,CC,CC,GG,CC,AA,GG,AG,CC,TT,CC,GG,TT,CG,TT,AG,AA,TT,AC,CG,AC,CC,CC,GG,GG,AC,GG,TT,AA,AA,CC,GG,AA,AC,AA,AT,GT,TT,AA,AT,CG,GG,AA,CG,TT,TT,AA,GG,AA,CT,AA,TT,CC,TT,AA,CC,TT,GG,AG,CC,AG,CC,TT,CT,TT,GG,TT,AA,CC,AG,GG,CG,CC,GG,CC,GG,TT,AA,CG,GT,GG,CC,CC,AA,GG,CC,AA,CG,AA,AA,AA,GG,AC,TT,AA,GG,AA,AA,AA,AC,AA,AG,AA,AA,TT,GG,AC,AG,AC,AA,TT,AG,AA,GG,GG,GG,TT,AA,AA,TT,TT,TT,AG,AT,GG,GG,AA,8.19,Moderate,Low,Premium,Late
L0705,Mandya,Karnataka,Kharif,Red Loamy,Irrigated (Cauvery command),780,27.0,72,AC,TT,AG,AA,GG,CC,GT,AT,CC,NN,AA,NN,CG,TT,TT,GG,GG,TT,TT,AA,CC,TT,GT,CC,TT,CT,TT,TT,GG,AA,TT,CC,AA,CC,GG,GG,GG,CC,GG,NN,TT,CC,AA,TT,AA,AG,CT,AT,CC,AC,GG,AA,AA,GG,CC,TT,AA,AA,GG,AC,AG,GT,AA,AA,TT,AT,CC,GG,TT,GG,AA,GT,CC,AA,GG,AC,AA,AG,TT,TT,GG,GT,GG,CC,AA,GG,AA,AA,CC,GT,AC,TT,CT,AT,TT,GG,TT,CC,GT,CT,CC,CG,AG,AA,TT,TT,CC,AA,GG,AA,CT,GG,TT,CC,GT,AA,AA,TT,CC,AG,CC,GG,CT,GT,CT,AG,CC,CC,CC,CC,AA,GT,AC,AA,CC,CC,AA,TT,AA,AA,GG,CC,CC,GG,AA,AA,AA,CC,GT,CC,CC,AA,AA,GG,TT,GG,AA,TT,CT,GG,AC,TT,GG,CC,CG,AT,TT,TT,AA,TT,GG,CC,AA,CC,CC,CC,GG,AC,AA,GG,AA,CC,TT,CC,TT,TT,CG,AT,AA,AA,TT,CC,CG,AA,CC,CC,GG,GG,AA,GG,TT,AA,AA,CC,GT,AA,AA,AA,AA,GG,TT,AT,AT,CG,GG,AT,CC,AT,TT,AA,GG,AA,CT,AA,TT,CC,CT,CC,CC,TT,GG,AA,CG,AA,AC,TT,TT,NN,GG,TT,AA,AA,AA,GG,CG,CC,GG,CC,GG,TT,AA,CC,GT,GG,CG,GG,AA,GG,NN,AA,CC,AA,AA,CC,CC,AA,TT,AA,GG,AA,AA,AA,AA,GG,AA,AG,AA,AT,GG,AA,AA,CC,AC,TT,AA,AA,GG,GG,GG,TT,AA,AA,GT,TT,TT,AA,TT,GG,GG,AA,7.3,Susceptible,Low,Standard,Late
L0706,Mandya,Karnataka,Kharif,Red Loamy,Irrigated (Cauvery command),780,27.0,72,AC,TT,AG,AG,GG,CC,GG,AT,CC,CG,AA,CC,CC,TT,GT,GT,CG,TT,TT,AA,CC,TT,GG,CC,TT,CC,TT,TT,GG,AA,TT,CC,AA,CC,GG,GG,GG,CG,GG,CC,TT,TT,AA,TT,AA,AG,TT,TT,CC,AA,GT,AA,AA,GG,NN,TT,AA,AC,GG,AC,AA,TT,AT,AG,CC,TT,CC,GG,TT,GG,NN,GG,CC,AA,AG,AA,AA,NN,TT,TT,NN,GG,GG,CC,AA,GG,AA,AT,CC,GT,CC,TT,NN,TT,TT,GG,TT,CC,TT,CC,CT,CG,GG,AA,AT,TT,CC,AG,NN,AA,CT,GG,TT,CC,TT,AA,AC,TT,CC,AG,CG,GG,CC,GT,TT,AA,CT,CC,CC,CC,AA,TT,CC,AA,CC,CC,AA,TT,AA,AA,GG,CC,CC,GG,AA,NN,AA,CC,GT,CC,CC,AG,AA,AG,TT,GG,AA,TT,CT,GG,AA,TT,TT,TT,GG,AT,TT,TT,AA,TT,GG,CC,AG,CT,CC,AC,GG,AC,AA,GG,AA,CC,TT,CC,GT,TT,GG,AT,AA,AA,TT,CC,CG,AA,CC,CC,GG,GG,AC,GG,TT,AA,AA,CC,GT,AA,CC,AA,AT,GT,TT,TT,AT,CG,TT,AA,CG,TT,GT,AA,GG,AA,TT,AA,TT,CG,CT,AA,CC,TT,GG,AA,CG,GG,CC,TT,CT,GT,GG,TT,AA,CC,AG,GG,CC,CC,GG,CC,GG,AT,AA,CC,TT,GG,CC,CG,AA,GG,CG,AA,CC,AT,AA,AC,GG,AA,TT,AA,GG,AA,AC,AC,AA,AA,AA,AA,AG,TT,GG,AC,AG,AC,AA,TT,AA,AG,GG,GG,GG,TT,AA,AG,TT,TT,TT,AA,TT,GG,CG,AA,6.23,Moderate,Medium,Poor,Medium
L0707,Mandya,Karnataka,Kharif,Red Loamy,Irrigated (Cauvery command),780,27.0,72,AC,CT,AG,AA,GG,CC,GG,AT,CC,CG,AA,CC,CC,TT,TT,GT,GG,TT,TT,AA,CC,GT,TT,CT,AT,CC,TT,TT,GT,AA,TT,CC,AA,CC,GG,CG,GG,GG,GG,CC,TT,CT,AA,TT,AA,AG,CC,AT,CC,CC,GG,AT,AA,GG,CC,GT,AA,AA,GT,AA,AA,GT,TT,GG,TT,NN,CC,GG,TT,TT,AG,GG,CC,AA,AG,CC,AA,GG,TT,TT,GG,GG,GG,CC,AT,NN,AG,NN,CC,GT,CC,TT,CT,TT,GT,GG,CT,CC,TT,CT,CC,CG,AG,AA,TT,TT,CC,AG,AA,AA,CC,GG,TT,CC,TT,AA,AA,TT,CC,GG,CC,GG,CC,GT,TT,AG,CC,CG,AC,CG,AA,TT,CC,AA,CC,CC,NN,TT,AG,AT,GG,NN,CC,AG,AA,AA,AA,AC,GG,CC,CC,AG,AG,AG,TT,GG,AC,TT,CT,GG,CC,GG,TT,TT,CG,AA,GT,TT,AA,AT,GG,CC,AG,CC,NN,CC,CG,CC,AA,GG,AG,CC,TT,CC,GG,TT,GG,TT,AG,AA,TT,AC,GG,AC,CC,CC,GG,GG,AC,GG,TT,AC,AG,CC,GG,AA,AC,AT,AA,GT,GT,AT,AA,GG,TT,AA,CC,TT,GT,AA,GG,AA,TT,AA,TT,CC,CT,AA,CC,CT,CG,AG,CC,AG,CC,TT,CT,TT,GG,TT,AA,AA,AA,GG,CC,CC,GG,CC,GG,TT,AA,CC,TT,AG,CC,CC,AA,AG,CG,AA,CC,AT,AA,CC,CC,AC,TT,AA,GG,AA,AA,AA,NN,AG,AA,AG,AA,TT,GG,AC,AG,CC,AC,CT,AA,AA,GG,GG,GG,TT,AA,AG,TT,TT,TT,AG,AA,GG,GG,AC,6.68,Resistant,Medium,Poor,Early
L0708,Mandya,Karnataka,Kharif,Red Loamy,Irrigated (Cauvery command),780,27.0,72,AC,TT,GG,AG,GG,CC,GG,TT,CC,CC,AA,CC,CG,TT,GT,GG,GG,TT,TT,AA,CC,TT,TT,CC,TT,CC,GT,TT,GG,AA,CT,CC,AA,CC,GG,GG,GG,CC,GG,NN,TT,CT,AA,TT,AG,GG,TT,AT,CC,AA,GG,AA,AG,GG,CC,TT,AA,AA,GG,AC,AG,TT,AA,AA,TT,AT,CC,GG,TT,GT,AA,GG,CC,AA,GG,AA,AT,GG,TT,TT,GG,GG,GT,CC,AA,GG,AA,AA,CG,TT,CC,TT,CC,TT,GT,AG,TT,AC,GT,CC,NN,CC,AA,AA,TT,TT,CC,AA,AG,AA,CT,GG,TT,GG,TT,AC,AA,TT,CG,GG,CG,GG,CC,GT,CT,AA,CC,CC,CC,CC,AA,TT,CC,AA,CC,CC,AA,TT,AA,AT,GG,CC,CC,GG,AA,AG,AT,CC,GG,CC,CG,AG,AA,GG,GT,AG,CC,TT,CT,GG,AC,GT,TT,TT,CC,TT,TT,TT,AA,TT,GG,CC,AA,CC,CC,CC,GG,AC,AA,GG,AG,CC,TT,CC,NN,GT,GG,AT,AA,AG,TT,CC,GG,AA,AC,CC,GG,GG,AA,GG,TT,CC,AA,NN,GG,AA,CC,AA,AT,GT,GT,AT,AA,GG,GT,AT,CG,AT,GT,AA,GG,AA,CT,AA,TT,CC,TT,AA,CC,TT,CG,NN,CC,AG,CC,TT,CT,GT,GG,TT,AA,AC,AG,GG,CG,CC,GG,CC,GG,AT,AA,CG,TT,GG,CG,CC,AT,GG,CC,AA,CG,AA,AA,CC,CG,CC,TT,AA,GG,AA,AA,AA,AA,AG,AA,AA,AG,TT,GG,AA,AA,CC,AC,TT,AA,AA,GG,GG,GG,TT,AA,AG,TT,TT,TT,AG,TT,GG,GG,AA,5.07,Susceptible,Low,Standard,Early
L0709,Mandya,Karnataka,Kharif,Red Loamy,Irrigated (Cauvery command),780,27.0,72,CC,CT,GG,AA,GG,CC,GT,TT,CC,CC,AA,CT,CG,AT,TT,GG,GG,TT,TT,NN,CC,GT,GT,CC,TT,CC,TT,AT,GG,AA,TT,CT,AG,CC,GG,GG,NN,NN,GG,CC,TT,CT,AA,GT,NN,AG,TT,AT,CC,AC,GG,AT,AA,GG,CT,TT,AA,AA,TT,AC,AG,GT,AT,AG,TT,AT,CC,GG,TT,GG,AA,GG,CC,AG,GG,AA,AT,GG,TT,TT,GG,GG,GT,CC,AT,GG,AA,AA,CC,GT,AC,TT,CC,TT,GT,AG,TT,CC,NN,CC,CC,CC,AA,AA,TT,TT,CC,AA,AA,AA,CC,GG,TT,CC,TT,AC,AA,AT,CG,GG,CC,GG,CC,GG,CT,AA,TT,CG,CC,CC,AA,TT,CC,AA,CC,CT,AA,TT,AA,AT,GG,CC,CC,GG,AA,AA,AT,CC,GG,CC,CC,AA,AA,GG,TT,AG,CC,TT,TT,GG,AC,TT,TT,TT,CG,AA,GT,TT,AA,AT,GG,CC,AA,CT,CC,CC,CG,AC,AA,GG,AG,CC,TT,CC,GT,GG,GG,AA,AA,AA,GT,CC,GG,AC,AC,CC,CG,GG,AC,GG,TT,AC,AA,CC,GG,AT,AA,AA,AT,GT,GG,AT,AT,GG,GG,AA,CC,AT,GT,AA,GG,AG,TT,AA,TT,CC,TT,AC,CC,TT,GG,AG,CG,AG,CC,TT,CT,GT,GG,TT,AA,AC,AA,GG,CC,CC,GG,CC,GG,TT,AA,CC,TT,GG,CC,CC,AT,GG,GG,AT,CG,AA,AA,AC,CC,CC,TT,AA,CG,AA,AA,AA,AA,GG,AG,AA,AA,TT,GG,AA,AA,CC,AC,CT,AA,AA,CG,GG,GG,GT,AA,AA,GT,TT,NN,AA,TT,GG,GG,AA,6.74,Susceptible,Medium,Poor,Early
L0710,Mandya,Karnataka,Kharif,Red Loamy,Irrigated (Cauvery command),780,27.0,72,AC,CT,GG,AG,GG,CC,GT,AT,CC,CG,AT,CC,CG,NN,TT,GG,GG,TT,TT,AA,CC,TT,TT,CC,TT,CC,GT,AA,GG,NN,TT,CC,AA,AC,GG,GG,GG,CC,NN,AC,TT,CT,AA,TT,NN,GG,TT,AT,CC,AC,GT,AA,AA,GG,CT,TT,AA,AA,GT,AA,AA,GT,AT,AG,TT,TT,CC,GG,TT,GG,AA,GG,CC,AA,GG,AA,AT,GG,TT,TT,GG,GT,GG,CC,AA,GG,AA,AA,CC,GT,CC,TT,CC,TT,GT,GG,TT,CC,GT,CC,CC,CC,AA,AA,TT,TT,CC,AA,NN,AA,CT,GT,TT,CG,TT,AA,AA,TT,CC,GG,CC,GG,CC,GG,CT,AA,CC,CC,AC,CC,AA,TT,AC,AA,CC,CC,AA,TT,AA,AA,GG,CC,CC,GG,AA,AG,AA,CC,GG,CC,CC,AA,AG,GG,TT,AG,AA,TT,CT,GG,AC,TT,TT,TT,CG,TT,GT,TT,AA,TT,GG,CC,AA,TT,CC,CC,CG,CC,AA,GG,AG,CC,TT,CC,GT,TT,GG,TT,AA,AA,TT,CC,GG,NN,CC,CC,GG,AG,AA,GG,TT,AC,AA,CC,GG,AA,AC,AA,AT,GG,TT,TT,TT,GG,GT,AA,CG,TT,GT,AA,AG,AA,TT,AA,TT,CC,CT,AA,CC,TT,GG,AA,CC,AG,CC,TT,TT,GT,GG,TT,AA,CC,AA,GG,CC,CG,GG,CC,GG,TT,AA,CC,TT,GG,CC,GG,AA,AG,CC,AT,CC,AA,AA,AC,CG,AC,AT,AA,GG,AA,AA,AC,AC,AA,AG,AG,AA,TT,CG,AA,AG,AA,AA,CT,AG,NN,GG,GG,GG,TT,AT,AA,TT,TT,TT,AG,TT,GG,GG,AA,4.69,Susceptible,Medium,Poor,Early
L0711,Mandya,Karnataka,Kharif,Red Loamy,Irrigated (Cauvery command),780,27.0,72,NN,CT,GG,AG,GG,CC,GT,TT,CC,CG,AA,CC,CG,AT,TT,GG,CG,TT,TT,AA,CC,TT,TT,CC,TT,CC,TT,AT,GG,AA,CT,CT,AA,CC,GG,GG,GG,CC,GG,CC,TT,TT,AA,TT,AA,GG,TT,AT,CC,AC,GG,AA,AG,GG,CC,TT,AA,AC,GG,AC,AA,TT,TT,AA,CT,TT,NN,GG,TT,GG,AG,GG,CC,AA,GG,AC,AT,GG,GT,TT,GG,GG,GG,CC,AA,GG,AA,AA,CC,GT,AC,TT,CC,AT,TT,GG,CT,AC,GT,CC,TT,CC,AA,AA,TT,TT,CC,AA,AG,AC,CC,GG,TT,CG,GT,AC,AA,TT,CC,GG,CG,GG,CC,GG,TT,AA,CC,CC,AC,CC,AG,TT,AC,AA,CC,CC,AA,AT,AG,AA,GG,CC,CC,GG,AA,AA,AA,CC,GG,CC,CC,AA,AA,GG,TT,AG,NN,TT,CT,GG,AC,GT,TT,TT,CC,AA,TT,TT,AT,AT,GG,CC,AA,CT,CC,CC,GG,NN,AA,AG,GG,AC,TT,CC,GT,GG,CG,AA,AA,AA,TT,CC,GG,AA,AC,CC,GG,GG,AA,GG,TT,AC,GG,CC,GG,AA,AC,AA,AA,GG,TT,TT,AA,GG,GG,AA,CC,TT,TT,AA,GG,AA,TT,AA,TT,CC,TT,AC,CC,TT,CG,AA,CG,AA,CC,TT,TT,GT,GG,TT,AA,CC,AA,GG,CC,CC,GG,CC,GG,AA,AG,CC,TT,GG,CC,CC,AA,GG,CC,AA,CG,AA,AA,AA,CG,AC,NN,AA,GG,AA,AA,AA,AA,AG,GG,AA,AA,TT,NN,AC,AA,CC,AC,TT,AA,AA,GG,GG,GG,GT,AA,AG,TT,TT,TT,AG,TT,GG,GG,AC,5.57,Resistant,High,Standard,Early
L0712,Mandya,Karnataka,Kharif,Red Loamy,Irrigated (Cauvery command),780,27.0,72,AC,TT,AG,AA,CG,CG,GG,TT,CC,CG,AA,CC,CC,TT,TT,GG,GG,TT,TT,AA,CC,GT,TT,CT,TT,CC,GT,AT,GG,AA,TT,CT,AA,CC,GG,GG,GG,CC,GG,CC,TT,CC,AC,NN,AA,AG,CT,AT,CC,AC,GG,AA,AG,GG,CC,GT,AA,AA,GT,AC,AA,TT,TT,AA,TT,TT,CC,GG,TT,GT,AA,GG,CC,AA,AG,AA,AA,GG,TT,TT,GG,GG,GG,CC,AA,GG,AG,AA,CG,GT,AC,TT,CC,TT,TT,GG,CT,CC,TT,CC,CT,CC,GG,AA,TT,TT,CC,AA,AA,AA,CC,GG,TT,CC,TT,AA,AA,TT,CG,GG,CC,GG,CT,GG,CT,AG,CT,CC,CC,CC,AA,GT,CC,AA,NN,CC,AA,TT,AA,AT,GG,CC,CC,NN,AA,AA,AA,CC,GG,CC,CC,AA,AA,GG,TT,GG,AC,TT,TT,GG,AA,TT,TT,TT,CG,AT,TT,TT,AT,TT,GG,CC,AG,CC,CC,CC,CG,CC,AA,GG,GG,NN,TT,CC,GG,TT,NN,TT,AA,AA,TT,CC,GG,AA,AC,CC,GG,GG,AA,CG,TT,AA,AA,CC,GG,AA,CC,AA,AT,GT,GT,TT,AT,GG,GG,AT,CC,TT,GT,AA,GG,AA,TT,AA,TT,CC,TT,AA,CC,CT,GG,AG,CC,AA,CC,TT,TT,TT,GG,TT,AA,CC,AG,GG,CC,CC,GG,CC,NN,AT,AG,CC,TT,GG,CG,GG,AA,GG,CG,AA,CC,AA,AA,CC,CG,AC,TT,AA,GG,AA,AA,CC,AA,AA,AA,AG,AA,NN,CG,AA,AA,AC,AA,CT,AG,AA,GG,GG,GG,TT,AA,AA,TT,TT,TT,AG,NN,GG,GG,AA,6.54,Susceptible,Medium,Poor,Early
L0713,Mandya,Karnataka,Kharif,Red Loamy,Irrigated (Cauvery command),780,27.0,72,AA,TT,GG,NN,GG,CC,GT,TT,CC,CC,AA,CC,CG,TT,TT,GG,GG,TT,TT,AG,CC,TT,TT,CT,TT,CC,GT,TT,GT,AA,TT,CC,AA,NN,GG,CG,GG,CC,GG,CC,TT,TT,AA,TT,AA,GG,TT,TT,CC,AC,GT,AA,AG,GG,CT,TT,AA,NN,TT,AA,AA,TT,TT,AA,TT,TT,CC,GG,TT,GG,AA,GG,CC,AA,GG,AA,AT,GG,TT,TT,GG,GG,GG,CC,AT,GG,AA,AA,CC,TT,CC,TT,CC,TT,TT,AG,CT,AC,GG,CC,CT,CG,AG,AA,TT,TT,CG,AA,AA,AA,CC,GG,TT,CG,TT,AC,AC,AT,CC,GG,NN,GG,CT,GG,TT,AA,CC,CC,CC,CC,AA,GT,CC,AA,CC,CC,AG,TT,AA,TT,GG,CT,CC,GG,AA,AA,NN,CC,GG,CC,CC,AA,GG,GG,TT,GG,AA,TT,TT,GG,AC,GG,TT,TT,CC,AT,TT,TT,AA,AT,GG,CC,AA,CT,AC,CC,GG,CC,AA,GG,AA,CC,TT,CC,GT,TT,GG,AT,AA,AA,TT,CC,GG,AC,CC,CC,NN,GG,AA,GG,TT,AC,AG,CC,GT,AA,CC,AA,AA,GT,TT,TT,AA,GG,GT,AA,CC,AT,TT,AA,GG,AA,TT,AA,TT,CC,TT,AC,AC,CT,CG,AG,CG,AA,CC,NN,TT,GT,GG,TT,AC,AC,NN,GG,CC,CC,GG,CC,GG,TT,AA,CC,TT,GG,CG,CC,AT,GG,CC,NN,CG,AA,AA,CC,CG,CC,TT,AA,GG,AA,AA,AA,AA,GG,AG,AA,AA,TT,GG,AC,GG,CC,CC,TT,AA,AA,CG,GG,GG,TT,AA,AG,TT,TT,TT,AA,AT,CG,GG,AA,5.65,Susceptible,High,Poor,Early
L0714,Mandya,Karnataka,Kharif,Red Loamy,Irrigated (Cauvery command),780,27.0,72,AA,TT,AG,AA,GG,CC,GT,AT,CC,CG,AA,CC,CC,TT,GT,GT,GG,TT,TT,AA,CC,GT,GT,CT,TT,CC,GT,TT,GG,AA,TT,CT,AA,CC,AG,GG,GG,CC,GG,CC,TT,CT,AA,GT,AA,GG,TT,TT,CC,AC,GT,AT,AA,GG,CC,TT,AA,AA,GT,AA,AA,TT,AT,AA,TT,TT,CC,GG,TT,GT,AA,GG,CC,AA,GG,AC,AA,AA,TT,CT,GG,GG,GG,AC,AT,GG,AA,AT,CG,GT,CC,TT,CT,TT,TT,GG,TT,CC,GT,CC,CC,CG,AG,AA,TT,TT,GG,AG,AG,AA,TT,GG,TT,CG,TT,AA,AA,TT,NN,GG,CC,AG,CC,GG,CT,AA,CT,CC,CC,NN,AA,TT,AA,AA,CC,CC,AA,TT,AA,AA,GG,CC,CC,GG,AA,GG,AA,CC,GT,CC,CC,AA,AA,AG,GT,GG,AA,TT,TT,GG,AC,GT,GT,CT,CC,AA,GT,CT,AA,TT,GG,CC,AG,CC,CC,CC,GG,CC,AA,GG,AA,CC,TT,CC,GT,TT,GG,AT,AA,AA,TT,CC,GG,AC,CC,CC,GG,GG,AC,GG,TT,AA,AG,CC,GT,AA,CC,AT,AT,GG,TT,AT,AT,GG,TT,AT,CC,TT,GT,AA,GG,AA,TT,AA,NN,CC,CT,AA,CC,TT,CC,AA,CC,AG,CC,TT,TT,GT,GG,AT,AA,CC,AG,GG,CC,CG,GG,CC,GT,AT,AA,CG,TT,GG,CC,CC,NN,GG,CC,AA,CG,AA,AA,AC,CC,CC,AT,AA,GG,AA,AA,AC,AA,AG,AG,AA,AA,TT,GG,AA,NN,AC,AC,CT,AA,AA,CG,GG,CG,TT,AT,AA,TT,TT,TT,AG,TT,GG,GG,AA,3.73,Resistant,Low,Premium,Early
L0715,Mandya,Karnataka,Kharif,Red Loamy,Irrigated (Cauvery command),780,27.0,72,CC,TT,GG,AG,GG,CC,GT,TT,CC,CC,AA,CC,CG,TT,TT,GG,CG,TT,TT,AA,CC,GT,GG,CT,TT,CC,GT,TT,GG,AA,TT,CT,AA,CC,GG,CG,NN,CG,GG,CC,TT,CC,AA,GT,AG,AG,TT,AT,CC,NN,GG,AA,AG,GG,CC,TT,AA,AC,GT,AC,AA,TT,TT,AA,TT,TT,CC,GG,TT,GG,AA,GG,CC,AA,GG,AA,AT,GG,GT,TT,GG,GG,GG,CC,AA,GG,AG,AA,CC,GT,AC,TT,CT,TT,TT,GG,TT,CC,GG,CC,NN,CG,GG,AA,TT,TT,CC,AA,AG,AA,CT,GG,TT,CC,TT,AC,AA,TT,CC,AA,CC,GG,CT,GG,CT,AA,CT,CC,CC,CC,AG,GT,AC,AA,CC,CT,AA,AT,AA,AA,GG,CT,CG,GG,AA,AG,AA,AC,GG,CC,CC,AA,AA,GG,TT,GG,CC,GT,CT,GG,AA,TT,TT,TT,CC,AT,GT,TT,AA,TT,GG,CG,AA,CC,CC,CC,GG,CC,AA,GG,AA,CC,TT,CC,GT,TT,GG,TT,AA,AA,TT,CC,GG,AA,CC,CC,GG,GG,AC,GG,TT,AA,AA,CC,GG,AT,CC,AT,AA,GG,TT,AT,AA,CG,GG,AT,CC,TT,GT,AA,GG,AA,TT,AA,TT,CC,TT,AA,CC,CT,GG,GG,CC,AA,CC,TT,TT,GT,CG,TT,AA,AC,AA,GG,CC,CC,GG,CC,GG,AT,AG,CC,TT,GG,CC,CC,AA,GG,CC,AA,CC,AA,AA,AA,CC,AC,TT,AA,GG,AA,AC,AA,AA,AG,AA,AG,AA,TT,GG,AA,AA,CC,AC,TT,AA,AG,GG,GG,GG,TT,AA,AG,GT,TT,AT,AG,TT,NN,NN,AA,7.2,Susceptible,Medium,Poor,Early
L0716,Mandya,Karnataka,Kharif,Red Loamy,Irrigated (Cauvery command),780,27.0,72,AC,TT,GG,AA,GG,CC,GT,TT,CC,CC,AA,CT,CC,AT,TT,GG,CG,TT,TT,GG,CC,GT,GT,CC,TT,CC,TT,TT,GG,AA,CT,CC,AA,CC,GG,CG,GG,CC,GG,CC,TT,TT,AA,TT,AA,GG,TT,TT,CC,AA,GG,AA,AA,GG,CT,TT,AT,AA,GT,AA,AA,TT,AT,AA,CT,NN,CC,GG,TT,GG,AA,GG,CC,AA,GG,AC,AA,GG,TT,TT,GG,GT,GT,CC,AA,GG,AA,AA,CC,TT,AC,TT,CC,TT,TT,GG,TT,CC,GT,CC,CT,CG,AG,AA,TT,TT,CC,AA,GG,AC,TT,GG,TT,CC,TT,AA,AA,TT,CC,AG,CG,GG,CC,GT,CT,AA,TT,CG,CC,CC,AA,TT,CC,AA,CC,CT,AG,TT,AA,AA,GG,CC,CC,GG,AA,AA,AA,CC,GG,CC,CC,AA,AA,GG,TT,GG,AA,TT,CT,GG,CC,GT,TT,TT,CC,AA,GT,CT,AA,TT,GG,CG,AA,CC,CC,CC,GG,CC,AA,GG,AG,CC,TT,CC,GG,TT,GG,TT,AA,AA,GT,CC,GG,AC,AC,CC,GG,GG,AA,GG,TT,AA,AA,CG,GG,AA,AC,AA,TT,GT,TT,AT,AT,CG,GT,AA,CG,AT,TT,AA,GG,AA,TT,CC,TT,CG,CT,AC,AA,TT,CC,GG,CC,GG,CC,TT,CT,GT,CG,TT,AA,CC,AA,GG,CC,CC,GG,CC,GG,AT,AA,CG,GT,GG,CC,CC,AA,GG,CC,AT,CC,AA,AA,AC,GG,AC,TT,AA,GG,AA,AA,AA,AA,AG,AG,AA,AA,AT,CG,AA,AA,AC,AA,TT,AA,AA,GG,AG,GG,TT,AA,AG,TT,TT,TT,AA,TT,GG,GG,AA,8.02,Susceptible,Low,Premium,Medium
L0717,Mandya,Karnataka,Kharif,Red Loamy,Irrigated (Cauvery command),780,27.0,72,CC,TT,GG,AG,GG,CC,GG,TT,CC,CC,AA,CC,CC,AT,GT,GT,CG,TT,TT,AG,CG,TT,TT,CT,TT,CC,TT,TT,GG,AA,TT,CC,AA,CC,AG,GG,GG,CC,GG,CC,TT,CT,AA,TT,AA,AG,TT,TT,CC,CC,NN,AA,AA,GG,CC,TT,AA,AC,GG,AA,AG,TT,TT,AA,TT,AT,CC,GG,TT,GG,AG,GG,AC,AG,GG,AC,AA,GG,GT,CT,GG,GT,GG,NN,AA,AG,AA,AA,CC,GT,CC,TT,CT,AT,TT,GG,CT,CC,GG,CC,CT,CC,AG,AA,TT,TT,CC,AA,AG,AA,CT,GG,TT,CC,TT,AA,AA,AT,CC,AG,CC,AG,CC,GG,TT,AA,CC,CC,AC,CC,AA,GT,CC,AA,CC,CC,AA,TT,AA,AA,CG,CT,CC,GG,AA,GG,AA,CC,GG,CC,CC,NN,AG,GG,GT,GG,AA,TT,CT,GG,AC,GT,GT,TT,CC,AT,TT,TT,AT,TT,GG,CC,AA,CT,CC,CC,GG,CC,AA,GG,GG,CC,TT,CG,GT,TT,GG,AT,AA,AA,TT,CC,GG,AC,CC,CG,GG,GG,AC,CG,TT,AA,AA,CC,GG,AA,AC,AA,AT,GG,TT,AT,AA,GG,TT,TT,CG,TT,GT,AA,GG,AA,TT,AA,TT,CC,TT,AA,CC,TT,CG,AA,CC,AG,CC,TT,TT,GT,GG,TT,AA,CC,AA,GG,CC,CG,GG,CC,GG,AT,AA,CC,GT,GG,CC,CC,AA,AG,CC,AT,CG,AA,AA,CC,CC,CC,AT,AG,CG,AA,AA,AA,AA,GG,AG,AG,AA,TT,GG,AC,AG,CC,AA,TT,AA,AA,CG,GG,GG,TT,AA,AA,GT,AT,TT,AG,AT,GG,GG,AA,8.57,Resistant,Medium,Standard,Early
L0718,Mandya,Karnataka,Kharif,Red Loamy,Irrigated (Cauvery command),780,27.0,72,AA,TT,AG,AA,GG,CC,GT,TT,CC,CG,AT,NN,CC,AT,TT,GG,CC,TT,TT,AG,CG,GT,GT,CT,AT,CT,TT,TT,GG,AA,TT,CC,AA,CC,GG,CG,GG,CC,GG,CC,TT,CT,AC,TT,AG,GG,CT,TT,CC,CC,GG,AA,AA,GG,CC,TT,AA,AA,GT,AA,AA,TT,AT,AA,TT,TT,CC,GT,TT,GG,AG,GG,CC,AA,GG,AA,TT,GG,TT,TT,GG,GG,GT,CC,AA,GG,AA,AT,CC,GT,AC,TT,CT,NN,GT,GG,CT,AC,TT,CC,CT,CC,AG,AA,AT,GT,CC,AA,AA,AC,CC,GG,TT,CC,TT,AA,AA,TT,CC,AG,CG,GG,CT,GG,TT,AA,CC,CC,CC,CC,AA,GT,AC,AA,CC,NN,AA,NN,AA,AT,GG,CT,CC,GG,AA,AA,AA,AC,GG,CC,CC,AG,AG,GG,TT,AG,AC,GT,CC,AA,CC,TT,TT,TT,CC,TT,TT,TT,AA,TT,GG,CC,AG,CT,CC,CC,CG,CC,AA,GG,AG,CC,TT,CC,TT,TT,GG,TT,AA,AA,TT,CC,NN,AA,CC,CC,GG,GG,AA,CG,TT,AA,AG,CC,GG,AA,CC,AA,AA,GT,TT,AT,AT,GG,GG,AA,CC,AT,TT,AA,GG,AG,CT,AA,TT,CC,TT,AA,CC,TT,GG,AG,CC,AA,CC,TT,CT,GT,GG,TT,NN,AC,AA,GG,CC,NN,GG,CC,GG,TT,AA,CC,GT,GG,CC,CC,AA,AG,CC,AA,CC,AA,AA,CC,CC,CC,TT,AA,GG,AA,AA,AC,AA,GG,AA,AG,AA,TT,GG,AA,AG,AA,AA,TT,AA,AA,NN,GG,GG,TT,AT,AA,TT,TT,TT,AG,AT,GG,GG,AA,6.81,Susceptible,Low,Premium,Medium
L0719,Mandya,Karnataka,Kharif,Red Loamy,Irrigated (Cauvery command),780,27.0,72,AC,TT,GG,AA,CG,CC,GG,AT,CC,CG,AT,CC,CG,AT,GT,GG,GG,TT,TT,AA,CG,NN,NN,CT,AT,CC,TT,TT,GG,AA,TT,CC,AA,CC,GG,CG,GG,GG,GG,CC,TT,CC,AA,GT,AA,AG,TT,TT,CC,AA,GG,AA,AA,GG,CC,GT,AA,NN,GG,AC,AA,TT,TT,AA,TT,AT,CC,GG,TT,GT,AA,GG,CC,AA,GG,CC,AT,GG,TT,TT,GG,GT,GG,CC,AA,GG,AA,AA,CC,GT,AC,TT,CC,TT,GG,GG,TT,CC,GG,CC,NN,CC,AA,AA,AT,TT,CC,AA,AA,AA,CT,GG,TT,CC,GT,AC,AA,AT,CC,GG,CC,GG,CC,GG,CC,AG,CC,CC,CC,CC,AG,TT,CC,AA,CC,TT,AA,TT,AA,AA,GG,CC,CC,GG,AA,GG,AA,CC,GG,CC,CC,GG,GG,AG,GT,GG,AC,TT,TT,GG,AC,GT,GT,TT,CC,AT,TT,TT,AA,AT,CG,CG,AG,TT,CC,CC,CG,CC,AA,GG,AA,CC,TT,CC,TT,GT,CG,AT,AA,AG,TT,CC,CG,AA,CC,CC,GG,GG,AC,GG,TT,AC,AA,CC,TT,AA,CC,AA,AA,GG,GT,TT,AT,GG,GG,AA,CC,NN,GT,AA,GG,AA,TT,AA,TT,CC,CT,AA,CC,TT,GG,AG,CC,AG,CC,TT,TT,TT,GG,TT,AA,CC,AA,GG,CC,CC,GG,CC,GG,TT,AA,CC,TT,GG,CC,CG,AA,AG,CG,AA,CC,AA,AA,AC,CG,AC,TT,AA,GG,AA,AA,AA,AC,AA,AG,AG,AA,TT,GG,AC,AA,CC,AA,CT,AA,AA,GG,GG,CG,TT,AA,AA,GT,TT,TT,AA,TT,GG,GG,AA,6.63,Susceptible,Low,Poor,Early
L0720,Mandya,Karnataka,Kharif,Red Loamy,Irrigated (Cauvery command),780,27.0,72,AC,TT,GG,AG,GG,CC,GG,AT,CC,GG,AA,CC,CC,TT,TT,GG,GG,TT,TT,AG,CC,GT,GT,CT,TT,CT,TT,TT,GG,AA,CT,CT,AG,CC,GG,CC,GG,CG,GG,CC,TT,CT,AA,GG,AG,GG,TT,NN,CC,CC,GG,NN,AA,CG,CC,TT,AA,AA,GT,AC,AA,TT,AA,AG,TT,AT,CC,GG,TT,GT,AA,GG,CC,AA,GG,AA,AA,GG,GT,TT,GG,GT,GT,CC,AA,GG,AA,AA,CC,GT,CC,TT,CC,TT,TT,GG,CT,CC,TT,CC,CC,GG,AG,AA,TT,TT,CC,AA,AG,AA,CC,GG,TT,CC,TT,NN,AA,TT,CC,GG,CC,AG,CC,GG,TT,AA,CC,CC,CC,CC,AA,GG,CC,AA,CC,CC,NN,TT,AA,AA,CG,CT,CC,GG,AA,AG,AA,AC,GT,CC,CC,AG,GG,GG,TT,GG,AC,TT,CT,GG,CC,GG,GT,TT,CC,AT,GT,TT,AA,TT,CG,CC,NN,CT,CC,CC,CG,CC,AA,GG,AA,CC,TT,CC,GG,GT,GG,TT,AA,AA,TT,CC,GG,AA,AA,CC,GG,GG,AC,CG,TT,AA,AA,CC,GT,AT,CC,AA,AA,GG,TT,TT,AA,GG,GG,TT,CC,AT,TT,AT,GG,AA,CC,AA,TT,CC,TT,AA,CC,TT,NN,AG,CC,AG,AC,TT,TT,GT,GG,TT,AA,AC,AA,GG,CC,GG,GG,CG,GG,AT,AA,CC,TT,AG,CG,CC,AT,NN,CG,AA,CC,AA,AA,CC,GG,AC,TT,AG,GG,AA,AA,AC,AA,GG,GG,AG,AA,TT,CG,AA,AG,CC,AA,CT,AA,AA,GG,GG,CG,GT,AA,AG,TT,TT,TT,AG,AT,CG,GG,AA,6.21,Susceptible,Medium,Premium,Late
L0721,Mandya,Karnataka,Kharif,Red Loamy,Irrigated (Cauvery command),780,27.0,72,AA,TT,AG,AG,GG,CC,GT,TT,CG,CG,AT,CC,CG,TT,TT,GG,GG,TT,TT,AA,CC,NN,GT,CC,AT,CC,TT,TT,GG,AA,TT,CC,AA,CC,GG,CG,GG,CC,GG,CC,TT,CT,AA,TT,NN,AG,CT,TT,CC,AA,GG,AA,AA,GG,CC,TT,AA,AA,GG,AA,AA,TT,AT,AG,TT,AT,CC,GG,TT,GG,AG,GG,CC,AA,AA,AA,AT,GG,TT,TT,GG,GG,GG,CC,AT,GG,AA,AA,CC,TT,CC,TT,CT,TT,TT,GG,TT,CC,TT,CC,CC,CC,GG,AA,AT,GT,CC,AA,AG,CC,TT,GG,TT,CC,TT,AC,AA,AT,CC,GG,CG,GG,CC,GG,TT,AG,CT,CC,CC,CC,AA,TT,CC,AA,CC,CT,AA,TT,AA,AA,CG,CC,CC,GG,AA,AA,AA,AC,GG,CC,CC,AA,GG,GG,GT,AA,AA,TT,TT,GG,CC,TT,GT,TT,CG,TT,GT,CT,AT,NN,CG,CC,AG,CT,CC,CC,GG,CC,AA,AG,AG,CC,TT,CG,GT,GG,CG,AT,AA,AA,TT,CC,CG,AA,CC,CC,GG,GG,AA,GG,TT,AC,AA,CC,GT,AA,AC,AA,AT,GG,GT,AA,TT,GG,GT,AT,GG,AA,GG,AA,GG,AA,CT,AC,TT,CC,TT,NN,CC,TT,CG,AA,CC,AG,CC,TT,TT,TT,GG,TT,AA,CC,AG,NN,CG,GG,GG,CC,GG,AT,AA,CC,TT,GG,CC,CG,AT,AG,GG,AA,GG,AA,AA,CC,GG,CC,TT,NN,GG,AA,AA,AA,AC,AA,AA,AA,AA,AT,GG,AA,AG,AA,AA,TT,AA,AA,GG,GG,GG,GT,AA,AA,GT,TT,TT,AG,TT,GG,GG,AA,6.93,Susceptible,High,Standard,Early
L0722,Mandya,Karnataka,Kharif,Red Loamy,Irrigated (Cauvery command),780,27.0,72,AA,TT,GG,AA,GG,CC,GT,TT,CC,CG,AT,CT,CG,TT,TT,GG,GG,TT,TT,AA,CG,TT,GG,CC,TT,CC,TT,TT,GG,AC,TT,CT,AA,CC,GG,GG,GG,CG,GG,CC,GT,TT,AC,TT,AA,GG,TT,TT,CC,CC,GT,AA,AG,GG,CC,TT,AA,AA,GT,AC,AA,GT,AT,AG,TT,AA,CC,GG,TT,GT,AG,GT,CC,AA,AG,NN,AA,GG,GG,TT,GG,GT,GG,AC,AT,GG,AA,AA,CC,TT,AC,TT,CT,AT,GT,GG,TT,CC,GT,CC,CT,CG,GG,AA,TT,TT,CC,AA,AA,AC,CC,GG,TT,CC,TT,AA,AA,TT,CG,AA,CC,GG,CC,GT,TT,AA,CT,CC,CC,CC,AA,NN,CC,AA,CC,CC,AA,TT,AA,AA,CG,TT,CC,GG,AA,GG,AA,CC,GG,CC,CC,AA,AA,GG,TT,AG,AA,TT,CT,AA,CC,GT,GT,TT,CC,AA,GT,TT,AA,AT,GG,NN,AA,CT,CC,CC,GG,CC,AA,GG,AG,CC,TT,CG,GT,TT,GG,TT,AA,AG,TT,CC,CG,AA,CC,GG,GG,GG,AA,GG,TT,AA,AG,CC,GG,AT,CC,AA,AA,GG,TT,TT,AT,GG,GT,AA,CC,TT,GG,AA,GG,AA,CT,AC,TT,CC,TT,AA,CC,CT,CG,GG,CG,AG,AA,TT,TT,GT,GG,TT,AA,CC,AA,GG,CC,CG,GG,CC,GG,AT,AA,CC,TT,NN,CC,CG,AA,GG,CG,AA,CC,AA,AA,NN,CC,CC,TT,AG,GG,AA,AA,AC,AC,AG,AA,AA,AA,TT,GG,AA,AA,CC,AA,CT,AA,AA,GG,GG,GG,TT,AA,AG,TT,TT,TT,AG,AA,GG,GG,AA,5.73,Susceptible,High,Premium,Late
L0723,Mandya,Karnataka,Kharif,Red Loamy,Irrigated (Cauvery command),780,27.0,72,AC,CT,GG,GG,GG,CG,GT,AT,CC,CG,AA,CC,CG,AT,TT,GT,CG,TT,TT,AG,CC,TT,TT,CC,TT,CC,TT,AT,GG,AA,TT,CC,AA,CC,GG,GG,GG,CG,GG,CC,TT,TT,AA,TT,AA,AG,CT,TT,CC,CC,GT,AA,GG,GG,CC,TT,AA,AC,TT,AA,AA,TT,TT,AA,TT,AT,CC,GG,TT,TT,AG,GG,CC,AA,GG,AC,AA,GG,GT,TT,GG,GT,GT,CC,AA,GG,AA,AA,CC,TT,CC,TT,CC,TT,TT,GG,TT,CC,GT,CC,TT,CG,AA,AA,TT,TT,CG,AA,AG,AA,CC,GG,GT,CC,TT,AA,NN,AT,CC,AG,CC,GG,CC,GT,TT,AA,CC,CC,CC,CC,AA,TT,CC,AA,CC,CC,AA,TT,AA,AA,GG,CT,CC,GG,AA,GG,AA,AC,GG,CC,CC,AG,AA,GG,GT,AG,AC,GT,TT,GG,AC,TT,TT,TT,CC,AT,TT,TT,AA,AT,GG,CC,AA,CT,AC,CC,CG,CC,AA,GG,AG,CC,NN,CC,GT,TT,CG,AT,AG,AA,TT,CC,NN,AA,CC,CG,GG,GG,AA,GG,TT,AC,AG,CC,GG,AT,AA,AA,AA,GG,TT,TT,AT,CG,GT,AA,CC,AT,GT,AA,GG,AA,TT,AA,TT,CC,CT,AA,CC,TT,GG,GG,CG,AA,CC,TT,CT,GG,GG,TT,AA,AA,AA,GG,CC,GG,GG,GG,GG,TT,AG,CC,TT,GG,CC,CG,AA,GG,CC,AT,CG,AA,AA,CC,CC,AC,TT,AG,CG,AA,AC,AA,AA,GG,AA,AG,AA,TT,GG,AC,AA,CC,AC,TT,AA,AA,GG,GG,GG,TT,AA,AA,TT,TT,TT,GG,TT,GG,GG,AA,4.83,Susceptible,High,Poor,Late
L0724,Mandya,Karnataka,Kharif,Red Loamy,Irrigated (Cauvery command),780,27.0,72,AA,TT,GG,AA,CG,CC,GG,TT,CC,CG,AA,CC,CC,TT,TT,GG,CG,TT,TT,AA,CC,TT,GT,CC,TT,CC,TT,TT,GG,AA,CT,CC,AA,AC,AG,CG,GG,CG,GG,CC,TT,TT,AA,TT,GG,AG,TT,AT,CC,NN,GG,AT,AA,GG,CT,TT,AA,AA,GT,AC,AA,GT,TT,AA,CT,AT,CC,NN,NN,GT,AA,GG,CC,AA,GG,AC,AA,GG,TT,TT,GG,GT,GG,CC,AA,AG,AA,AA,CG,GT,CC,TT,CC,TT,NN,GG,TT,CC,GT,CC,CT,CG,GG,AA,TT,TT,CC,AA,AA,AA,CT,GG,TT,CC,TT,AC,AA,TT,CG,AG,CG,GG,CC,GG,CT,AA,CC,CC,CC,CC,AA,GT,CC,AA,CC,CC,AA,TT,AG,AA,GG,CC,CC,GG,AG,GG,AA,AA,GG,CC,CC,AA,AA,AG,TT,AG,CC,GT,TT,GG,CC,TT,TT,TT,CC,AA,TT,CT,AA,AT,CG,CC,AA,CT,CC,CC,GG,CC,AA,GG,AG,CC,TT,CC,GT,TT,CG,NN,AA,AA,TT,CC,GG,AA,CC,CC,GG,GG,AA,GG,CT,AC,AA,CG,GT,AA,CC,AA,AT,GT,GG,TT,AA,CG,GG,AT,CC,AT,TT,AA,GG,AA,TT,AA,TT,CC,TT,AC,CC,CT,CG,AG,CC,AA,CC,TT,CT,GT,GG,TT,AC,AA,AG,GG,CC,CC,GG,CC,GG,TT,AG,CG,TT,NN,CC,CG,AA,GG,CG,AT,CC,AA,AA,CC,CG,AC,TT,AA,GG,AA,AA,AC,AA,AA,AG,AA,AA,AT,GG,AA,AA,AC,AA,CT,AA,AG,GG,GG,GG,NN,AT,AA,TT,TT,AT,AA,AT,GG,GG,AA,6.99,Moderate,High,Poor,Early
L0725,Mandya,Karnataka,Kharif,Red Loamy,Irrigated (Cauvery command),780,27.0,72,CC,CT,GG,AA,GG,CC,GG,AA,CC,GG,AA,CC,CC,TT,TT,GG,GG,TT,TT,AG,CC,GT,GT,CC,TT,CC,TT,AT,GG,AA,CT,NN,AA,AC,AG,CG,GG,CG,GG,CC,TT,CT,AA,TT,AA,GG,TT,TT,CC,CC,GT,AT,AA,GG,CC,GT,AA,AA,GT,CC,AA,GT,AT,AA,TT,TT,CC,GG,TT,GG,AA,GG,CC,AA,GG,AC,TT,GG,TT,TT,GG,GG,GT,CC,TT,GG,AA,AA,CC,GT,AC,TT,CC,TT,TT,AG,TT,CC,TT,CC,CT,CC,GG,AA,AA,TT,CC,AA,AA,AA,CT,GG,TT,CC,TT,AA,AC,TT,CC,AA,CC,GG,CT,GG,TT,AA,CC,CC,CC,CC,AA,GT,CC,AA,CC,CC,AA,TT,AA,AA,GG,CC,CC,GG,AA,AG,AA,CC,GG,CC,CC,AA,GG,GG,GT,AG,AC,TT,CC,GG,CC,TT,GT,TT,CC,AT,GT,CT,AT,TT,CG,CC,AG,CT,CC,CC,CG,AC,AA,GG,NN,CC,TT,CC,GG,TT,GG,TT,AA,AA,TT,CC,CG,AA,AC,CC,CG,GG,AA,CG,CT,AA,AA,CC,GG,AA,CC,AA,AT,GG,TT,AT,AA,GG,GG,AA,CC,TT,GG,AA,GG,AA,TT,AA,TT,CC,CT,AC,CC,TT,CG,AG,CG,AG,CC,TT,CC,TT,GG,TT,AC,AC,AG,GG,CC,CG,GG,CC,GG,TT,AA,CC,GT,GG,CC,CC,AT,GG,CC,AA,CC,AA,AA,AC,CC,AC,TT,AA,GG,NN,AA,AC,AA,AA,AA,GG,AA,TT,CG,AA,AG,AC,AA,CT,AG,AG,GG,GG,GG,TT,AA,AA,GT,TT,TT,AA,AT,GG,CG,AA,3.85,Susceptible,High,Premium,Early
L0726,Mandya,Karnataka,Kharif,Red Loamy,Irrigated (Cauvery command),780,27.0,72,AA,CT,GG,AG,GG,CC,GG,TT,CC,CG,AA,CC,CG,AT,GG,GG,CG,TT,TT,GG,CC,TT,GG,CC,TT,CC,GT,TT,GG,NN,TT,CT,AA,CC,GG,GG,GG,CC,GG,AC,TT,CT,AA,GT,AA,NN,TT,TT,CC,AC,GG,AT,AA,GG,CT,TT,AA,AC,GT,AC,AA,GT,AT,AA,TT,AT,CC,GG,TT,GG,GG,GG,CC,AA,AG,AA,AT,GG,TT,TT,GG,GG,GT,AC,AT,GG,AA,AA,CC,TT,CC,TT,CT,TT,TT,GG,TT,CC,GT,CC,CC,CG,AG,AA,TT,GT,CC,AA,AA,NN,CT,GG,TT,CC,TT,AA,AA,TT,CC,GG,GG,GG,CC,GT,CT,AA,CC,CC,CC,CC,AA,TT,CC,AA,CC,CC,AA,TT,AG,AA,CG,CC,CC,GG,AG,AA,AA,AC,GG,CC,CC,AA,AG,AG,TT,GG,AA,GT,CT,GG,AC,GT,TT,CC,CC,AT,GT,TT,AA,TT,GG,CC,AA,TT,CC,CC,GG,CC,AA,GG,AA,CC,TT,CG,GT,GG,GG,TT,GG,AA,TT,CC,GG,AC,AC,CC,GG,GG,AA,GG,CT,AA,AA,CC,GG,AA,CC,TT,AT,NN,TT,AT,AT,GG,GT,AA,GG,TT,GT,AA,GG,AA,TT,AA,TT,CC,TT,AC,CC,TT,GG,AA,CC,AG,AC,NN,CT,GT,GG,TT,AA,CC,AG,GG,CC,CG,GG,CC,GG,TT,AA,CC,TT,GG,CC,CG,AA,AG,CC,AA,CC,AA,AA,AC,CC,CC,TT,AA,CG,AA,AA,AA,AA,GG,AG,AA,AG,AT,GG,AA,AG,AC,AA,CT,AA,AA,GG,GG,GG,GT,AA,AA,TT,TT,AT,AA,AT,GG,GG,AA,5.45,Susceptible,Medium,Poor,Late
L0727,Mandya,Karnataka,Kharif,Red Loamy,Irrigated (Cauvery command),780,27.0,72,AA,TT,NN,AG,GG,CC,GT,TT,CC,CC,AA,CT,CG,TT,TT,GG,GG,TT,TT,AA,CC,TT,GG,CT,AT,CC,TT,TT,GT,AA,TT,CC,AA,CC,AG,CG,GG,CC,GG,CC,TT,TT,AA,TT,AA,GG,CT,TT,CC,AC,GG,NN,AA,NN,CC,GT,AA,AA,GG,AC,AA,TT,AT,AG,TT,NN,CT,GG,TT,GG,AA,GG,CC,AG,GG,AA,AA,GG,TT,TT,GG,GG,GG,CC,AA,GG,AA,AA,CC,GT,CC,TT,TT,TT,TT,GG,TT,CC,TT,CC,CC,CG,AG,AA,AA,TT,CC,AA,AA,AA,CT,GG,TT,CC,GT,AA,CC,TT,CC,AG,CG,GG,CT,GT,TT,AA,CC,CC,CC,CC,AA,TT,NN,AA,CC,CC,AA,TT,AA,AA,CG,CC,CC,GG,AA,AG,AA,AC,GG,CC,CC,AA,AA,GG,TT,GG,AA,TT,TT,AG,CC,GT,TT,TT,CC,AA,TT,TT,AA,TT,GG,CC,AG,CT,CC,CC,GG,CC,AA,AG,AG,CC,TT,CG,GT,TT,GG,TT,AA,AA,TT,AC,GG,AA,CC,CC,GG,GG,CC,GG,TT,AA,AA,CC,GG,AA,AA,AA,AT,GG,TT,TT,AA,CG,GG,AT,CC,AT,GT,AA,GG,AA,CT,AA,AT,CC,TT,CC,CC,TT,GG,AA,CC,AG,CC,AT,TT,TT,GG,AT,AA,AC,AG,GG,CG,GG,GG,CC,GG,TT,AA,CC,TT,GG,CG,CC,AA,AA,CC,AA,CC,AA,AA,AC,CC,CC,TT,AA,GG,AA,AA,AA,AA,AG,AG,AG,AA,TT,GG,AC,AG,AC,AA,CC,AA,AA,GG,GG,GG,TT,AA,AA,TT,TT,TT,AA,AA,GG,GG,AA,5.73,Susceptible,High,Premium,Late
L0728,Mandya,Karnataka,Kharif,Red Loamy,Irrigated (Cauvery command),780,27.0,72,AC,TT,GG,AG,GG,CC,GT,TT,CC,CG,AA,TT,CC,TT,TT,GG,CG,TT,TT,AA,CC,GT,TT,CC,TT,CC,TT,NN,GG,AA,TT,CC,AA,NN,GG,GG,GG,CG,GG,CC,TT,TT,AA,GG,AA,GG,CT,AA,CC,AA,GG,AA,AG,GG,CC,TT,AA,AA,GT,NN,AG,TT,TT,AA,TT,TT,CC,GG,TT,TT,AA,GG,CC,AA,GG,AC,AT,AG,TT,TT,GG,GT,GG,CC,AT,GG,AA,AA,CC,GT,CC,TT,CC,TT,TT,AG,TT,AC,GT,CC,CT,GG,AG,AG,TT,TT,CG,AA,AG,AA,CC,GG,TT,CG,TT,AA,AC,TT,CG,AG,CG,GG,CC,GG,CT,AG,CC,CG,AA,CG,AA,TT,CC,AA,CC,CC,AA,TT,AA,NN,GG,CC,CC,GG,AG,AG,AA,CC,GG,CC,CC,AA,AG,GG,GT,AG,AA,TT,TT,GG,CC,TT,TT,TT,CC,AA,GT,TT,AA,AT,GG,CC,AA,CC,CC,AC,GG,CC,AA,GG,AG,CC,TT,CC,GT,TT,CG,AT,AG,AA,TT,CC,GG,AC,CC,CC,GG,GG,AC,CG,TT,AA,AA,CC,GT,AA,CC,AA,TT,GG,TT,TT,AT,NN,GG,TT,CG,TT,TT,AA,GG,AA,TT,AA,TT,CC,TT,AC,AC,TT,CG,AA,CC,GG,CC,TT,TT,GT,GG,TT,AA,CC,AA,GG,CC,CC,GG,CC,GG,TT,AA,CC,TT,GG,CG,CC,AA,GG,CC,AT,CC,AA,AA,AA,CG,AC,TT,AA,CG,AA,AA,AA,AA,AG,AG,AA,AG,TT,GG,AC,AA,CC,AA,CC,AG,AA,CG,AG,GG,TT,AA,AG,TT,TT,TT,AA,TT,GG,CG,AA,6.87,Susceptible,Low,Premium,Medium
L0729,Mandya,Karnataka,Kharif,Red Loamy,Irrigated (Cauvery command),780,27.0,72,AA,TT,GG,AA,GG,CC,TT,TT,CC,CC,AA,CC,GG,TT,TT,GG,GG,TT,TT,AG,CC,TT,GT,CC,TT,CC,TT,TT,GG,AA,TT,CT,AA,CC,AG,CC,GG,CG,GG,CC,TT,TT,AC,TT,AA,GG,TT,TT,CC,AC,GG,AT,AG,GG,CC,GT,AT,AA,GT,AA,AA,TT,AT,AA,TT,TT,CC,GG,TT,GG,AA,GG,CC,AA,AG,AC,TT,AG,GT,TT,GG,GT,GG,CC,AA,GG,AA,AA,CG,TT,CC,TT,CT,TT,TT,AG,CT,CC,GT,CC,CC,CG,AG,AA,AT,TT,CC,AA,GG,NN,CT,GG,TT,CC,TT,AA,AC,TT,NN,AG,CC,AG,CC,GT,CC,AA,CC,CC,CC,CC,AG,TT,CC,AA,CC,CT,AA,TT,AA,AA,GG,CC,CC,GG,AA,AA,TT,CC,GG,CC,CC,AA,AA,AG,GG,AG,AC,TT,CT,GG,AC,TT,TT,TT,CC,AA,TT,TT,AA,AT,CG,CC,AG,CC,CC,CC,CG,CC,AA,GG,AG,CC,GT,CC,GT,TT,GG,AT,AA,AG,TT,AC,GG,AA,CC,CG,GG,GG,AC,GG,TT,AA,AA,CC,GG,AA,AC,AA,TT,GT,TT,AT,NN,CG,GT,AT,CC,AT,GT,AA,GG,AA,CT,AC,TT,CG,CT,AC,CC,TT,GG,AA,CC,AG,CC,TT,TT,TT,GG,TT,AA,CC,AG,GG,CC,CG,GG,CC,GG,TT,AA,CC,GT,GG,CC,CG,AA,AG,CC,TT,CG,AT,AA,AC,CG,AC,TT,AA,GG,AA,AA,AC,AA,AG,AG,AA,AA,TT,CG,AA,AG,AA,AA,CT,AA,AA,CG,GG,CG,TT,AA,AA,GT,TT,TT,GG,AT,GG,CG,AA,6.27,Susceptible,Low,Standard,Medium
L0730,Mandya,Karnataka,Kharif,Red Loamy,Irrigated (Cauvery command),780,27.0,72,CC,TT,GG,GG,GG,CC,GG,TT,CC,CC,AA,CC,CC,TT,TT,GT,CG,TT,TT,AA,CC,GG,TT,CC,TT,CC,TT,AT,GG,AA,TT,CC,AA,CC,GG,GG,GG,CC,GG,CC,TT,CC,AA,NN,AA,AG,TT,AT,CC,AC,GT,AT,AG,GG,CT,TT,AA,AA,GG,AA,NN,TT,AT,AG,TT,NN,CC,GG,TT,GT,AA,GG,CC,AA,AG,AA,AT,GG,TT,TT,AG,GG,GT,CC,AA,GG,AG,AA,CC,TT,CC,TT,CT,TT,GT,GG,CT,CC,GT,CC,CT,CG,AG,AA,TT,TT,CC,NN,AG,AA,CC,GG,TT,CG,TT,AA,AA,TT,CC,AG,CC,AA,CC,GT,CT,AA,CC,CC,CC,CC,AA,TT,CC,AA,CC,CC,AA,AT,AA,AA,GG,CT,CC,GG,AA,AG,AA,AA,GT,CC,CC,AA,AG,GG,GT,GG,AA,TT,TT,GG,CC,GG,GT,TT,CC,AA,TT,TT,NN,AT,CG,CC,AA,CC,CC,CC,CC,CC,AA,GG,AA,CC,TT,GG,GG,TT,GG,AA,AA,AA,NN,CC,GG,AA,CC,CC,GG,GG,AC,CC,TT,AC,AA,CC,GG,TT,CC,AT,AT,GT,TT,AT,AT,CG,GT,AT,CC,TT,TT,NN,GG,AG,CT,AA,TT,CC,TT,AA,CC,TT,CG,AA,CC,AG,CC,TT,TT,TT,GG,TT,AC,AC,AA,NN,CC,CC,GG,CC,GG,AT,AA,CC,TT,GG,CC,CG,AA,GG,CC,AA,CG,AT,AA,CC,CG,AC,TT,AA,GG,AA,AA,CC,AA,AG,AA,AG,AA,TT,GG,AA,NN,CC,AA,CT,AA,AA,GG,GG,GG,TT,AT,AA,TT,TT,TT,AA,AA,GG,GG,AA,6.59,Susceptible,Low,Standard,Late
L0731,Mandya,Karnataka,Kharif,Red Loamy,Irrigated (Cauvery command),780,27.0,72,AC,TT,GG,AG,GG,CC,GG,AT,CC,CG,AA,CC,CC,TT,TT,GT,GG,TT,TT,AA,CG,TT,GT,CC,TT,CC,TT,TT,GG,AA,TT,CT,AA,CC,GG,GG,GG,CG,GG,AC,TT,TT,NN,TT,AA,AG,TT,TT,CC,AC,GG,AA,AA,GG,CC,NN,TT,AC,GT,AA,AA,GT,AT,AA,TT,TT,CC,GG,TT,GT,AA,GG,CC,AA,NN,AC,AA,GG,TT,TT,GG,GT,GG,CC,AT,NN,AA,AA,CG,TT,AC,TT,CT,TT,GT,GG,TT,CC,GT,CT,CT,CC,AA,AA,TT,TT,CC,AA,GG,AC,CT,GG,TT,CC,TT,AA,AA,TT,CC,GG,CC,AG,CC,GG,TT,AA,CC,CG,CC,CC,AA,TT,CC,AA,CC,CC,AA,AA,AA,AA,GG,CC,CC,GG,AA,NN,AA,CC,GG,CC,CC,GG,AG,GG,TT,GG,AA,TT,TT,AA,AC,TT,TT,TT,CC,AT,TT,TT,AA,TT,GG,CC,NN,CC,CC,CC,GG,CC,AA,GG,AG,CC,TT,CC,GG,GT,GG,AT,AG,NN,TT,CC,GG,AA,CC,CC,GG,GG,AC,GG,NN,AC,AG,CC,GG,AA,CC,AA,AT,GT,GT,AT,TT,GG,GG,AA,CC,TT,TT,AA,GG,AA,TT,AA,NN,CC,CT,AC,CC,TT,GG,AA,CC,AA,CC,TT,CT,GT,GG,TT,AC,CC,AG,GT,CG,CC,GG,CG,GG,AT,AG,CC,NN,GG,CC,CG,AA,AG,CC,AT,CC,AT,AA,CC,CC,AA,TT,AA,GG,AA,AA,AC,AA,GG,AG,NN,AA,TT,GG,NN,AA,AC,AA,TT,AA,AA,GG,GG,GG,TT,AT,AA,GT,TT,TT,AG,TT,GG,NN,AC,7.15,Resistant,Low,Standard,Early
L0732,Mandya,Karnataka,Kharif,Red Loamy,Irrigated (Cauvery command),780,27.0,72,AA,TT,GG,GG,GG,CG,GT,TT,CC,CG,AA,TT,CC,AT,TT,GG,CC,TT,TT,AA,CC,TT,TT,CC,TT,CC,TT,TT,GT,AA,TT,CC,AA,CC,GG,GG,GG,CG,GT,CC,TT,CT,AA,TT,AG,AA,TT,TT,CC,AC,GT,AA,AG,GG,CC,GT,AA,AC,GT,AA,AG,TT,TT,AA,TT,AT,CC,GG,CT,GG,AG,GG,CC,AA,AG,AC,TT,GG,TT,TT,GG,GG,GG,CC,AA,GG,AA,AA,CC,GT,CC,TT,CT,AT,GT,NN,TT,CC,TT,CT,CC,GG,AG,AA,AT,GT,CC,AA,AG,AA,CC,NN,TT,CC,TT,AA,AA,TT,CC,GG,CC,AG,CC,GT,TT,AA,CC,CC,CC,NN,AA,TT,CC,AA,CC,CC,AA,TT,AA,AA,GG,CC,CC,GG,AG,AG,AA,CC,GT,CC,CC,AA,AA,GG,TT,GG,CC,GT,CC,GG,CC,TT,TT,CT,CC,AT,GT,TT,AA,TT,CG,CC,AA,CC,AC,CC,CG,AC,AA,GG,AG,CC,TT,CC,NN,TT,CG,TT,AA,AG,TT,CC,NN,AA,CC,CC,GG,GG,AA,GG,TT,AA,AA,CC,GG,AT,CC,AA,AA,GT,TT,TT,AT,CG,GT,AT,CC,AT,TT,AA,GG,AA,CT,AA,TT,CC,CT,AC,CC,TT,CC,AA,CC,GG,CC,TT,TT,TT,GG,TT,AC,AA,AA,GG,CC,CG,GG,CC,GG,TT,AA,CC,GG,GG,CC,CC,AA,GG,CC,AA,CC,AT,AA,CC,CG,CC,TT,AA,GG,AA,AA,AC,AA,AA,AG,AA,AA,AT,CG,AA,AA,CC,AC,TT,AA,AG,GG,GG,GG,TT,AA,AA,TT,TT,TT,AG,TT,GG,GG,AA,8.43,Susceptible,Medium,Poor,Late
L0733,Mandya,Karnataka,Kharif,Red Loamy,Irrigated (Cauvery command),780,27.0,72,AC,CT,GG,AG,GG,CC,GG,TT,CC,CC,AT,CC,CC,AT,TT,GG,CC,TT,TT,AG,CG,TT,GT,CC,TT,CC,GT,AT,GG,AA,TT,CT,AA,CC,GG,CG,GG,NN,GG,CC,TT,CT,AA,TT,AA,GG,TT,AT,CC,AA,GG,AT,AA,GG,CT,GT,AA,AA,TT,AA,AG,TT,AT,AA,TT,AT,CC,GG,TT,NN,AA,GG,CC,AA,AG,AA,TT,AG,TT,TT,AG,GG,GG,CC,AA,AG,AA,AA,CC,GG,AC,TT,TT,TT,TT,GG,CT,CC,TT,CC,CC,CC,AG,AA,AT,TT,CC,AG,AG,AA,CC,GT,TT,CC,GT,AA,AA,TT,CG,GG,CG,GG,CC,GG,CT,AA,CT,CC,CC,CC,AA,GT,CC,AA,CC,CT,AA,TT,AA,AT,GG,CC,CC,GG,AG,AG,AA,NN,GG,CC,CC,AA,AG,GG,TT,AG,AC,GT,CT,GG,AC,GT,TT,TT,CC,AA,TT,TT,AA,AT,GG,CC,AG,CC,CC,CC,GG,AC,AA,GG,AA,NN,TT,CC,GT,GT,CG,TT,AA,AA,TT,CC,GG,AA,CC,CC,GG,GG,AA,GG,TT,AA,AA,CG,GG,AT,CC,AA,AT,GG,TT,TT,AA,CG,GT,AA,CG,TT,GG,AA,GG,AA,TT,AA,TT,CC,TT,AA,CC,TT,CC,GG,CC,AA,CC,TT,TT,TT,GG,TT,AA,AA,GG,GG,CC,CC,GG,CC,GG,TT,AG,CC,GT,NN,CC,CG,AA,GG,CC,AT,CC,AA,AA,AC,CC,AC,TT,AA,GG,AA,AA,AA,AC,AG,AA,AA,AA,TT,CC,NN,AG,AC,AC,CT,AA,AA,GG,GG,GG,NN,AT,AA,TT,AT,TT,AG,TT,GG,GG,AA,6.17,Susceptible,Low,Poor,Late
L0734,Mandya,Karnataka,Kharif,Red Loamy,Irrigated (Cauvery command),780,27.0,72,AC,CT,GG,GG,GG,CC,TT,AT,CC,CC,TT,CC,CC,TT,TT,GG,GG,TT,TT,AG,NN,TT,GG,CC,TT,CC,TT,AT,GT,AA,TT,CC,AA,CC,GG,CG,GG,CG,GG,CC,TT,CC,AA,TT,AA,GG,TT,TT,CC,AC,GG,AT,AA,GG,CC,GT,AA,AA,GG,AA,AA,TT,AT,AG,TT,TT,CC,GG,TT,GG,NN,GT,NN,AA,AG,AA,AT,GG,TT,TT,AG,GG,GG,CC,AA,GG,AG,AA,CC,TT,CC,TT,CT,TT,NN,GG,TT,CC,GT,CC,CT,CC,AG,AA,TT,TT,CC,AA,AG,AA,TT,GG,TT,CC,TT,AA,CC,TT,CC,AG,CC,GG,CC,TT,TT,AA,CC,CC,CC,CC,AA,TT,CC,AA,CC,CC,AA,TT,AA,AA,GG,CC,CC,GG,AA,AG,AA,AC,GG,CG,CC,AA,AG,GG,TT,GG,AA,NN,NN,GG,AC,TT,GT,TT,CC,AA,TT,CT,AT,AT,CG,CC,AA,CC,CC,CC,CG,CC,AA,GG,GG,CC,TT,CC,GG,TT,CG,TT,AA,AA,TT,CC,GG,AA,AC,CG,CG,GG,AC,GG,TT,AC,AA,CC,GG,AA,CC,AA,AT,GG,TT,TT,AA,CG,GG,AT,CC,AT,TT,AA,GG,AA,TT,AA,TT,CC,TT,AC,AC,TT,CG,AA,CC,GG,AC,TT,CC,GT,GG,AT,AC,AC,AA,GG,CC,CG,GG,CC,GG,TT,AA,CG,TT,GG,CC,CC,AA,AG,CC,AT,CC,AT,AA,AC,CC,CC,AT,AA,GG,AA,AA,AA,AC,AA,GG,AG,AA,TT,GG,AA,AA,AA,AA,TT,AA,AA,CG,GG,GG,TT,AA,AA,TT,TT,TT,AG,AT,GG,GG,AA,3.9,Susceptible,Medium,Premium,Medium
L0735,Mandya,Karnataka,Kharif,Red Loamy,Irrigated (Cauvery command),780,27.0,72,AC,CT,GG,AG,GG,CG,GG,AT,CC,GG,AA,TT,CG,AT,TT,GG,GG,AT,TT,AA,CG,TT,GT,CC,TT,CC,TT,TT,GG,AA,CT,CC,AA,AC,GG,GG,GG,CC,GG,CC,TT,CT,AA,TT,AA,GG,TT,TT,CC,AC,GG,AA,AA,NN,CT,TT,AA,AC,GT,AA,AA,TT,AT,GG,CT,TT,CC,GG,TT,GG,NN,GG,AC,AA,AG,AC,AT,GG,TT,CT,GG,GG,GG,CC,AA,GG,AA,AA,CC,GT,AC,TT,CC,TT,GT,GG,TT,CC,TT,CC,CC,CG,GG,AA,TT,GT,CG,AG,AA,AA,CC,GG,TT,CC,TT,AA,AA,TT,CC,GG,CC,GG,CC,GT,TT,NN,CC,CC,CC,CC,AA,TT,AC,AA,CC,CT,AA,TT,AA,AA,GG,CC,CC,GG,AA,AG,AA,CC,GG,CC,CC,AA,AG,GG,TT,GG,AA,TT,TT,AG,AA,TT,GT,TT,CC,AA,GG,TT,AA,TT,GG,CC,AA,CT,CC,CC,CG,CC,AA,GG,AG,CC,TT,CC,NN,TT,GG,NN,AA,AA,TT,CC,GG,AC,CC,CC,GG,AG,AA,GG,TT,AA,AA,CC,GT,AT,AC,AT,AT,NN,TT,AA,AT,GG,GG,AT,CC,TT,TT,AA,GG,AA,CT,AC,TT,CC,TT,AC,CC,CT,GG,GG,CC,AG,CC,TT,CT,GG,GG,TT,AC,AA,AG,GG,CC,CC,GG,CC,GG,AT,AA,CC,TT,GG,CC,CC,TT,AA,CC,AT,CC,AA,AA,CC,CC,AC,TT,AA,GG,AA,AC,AC,AA,GG,AA,AA,AA,TT,GG,AA,AA,AC,AA,NN,AA,AA,GG,GG,GG,GT,AA,AA,GG,TT,TT,AG,TT,GG,GG,AA,5.47,Moderate,Medium,Standard,Medium
L0736,Mandya,Karnataka,Kharif,Red Loamy,Irrigated (Cauvery command),780,27.0,72,AC,TT,GG,AA,GG,CC,GG,TT,CC,CC,AA,CT,CC,AT,GT,GG,CG,TT,TT,AG,CC,GT,GT,CC,TT,CC,TT,TT,GG,AA,TT,CC,AA,CC,NN,CG,GG,CC,GG,CC,TT,TT,AA,TT,AA,AG,TT,TT,CC,AC,GG,AA,AA,GG,CC,TT,AA,AC,TT,AA,AG,TT,AT,AA,TT,AT,CC,GG,TT,GG,AG,GT,AC,AA,GG,AC,AA,GG,TT,TT,GG,NN,GG,CC,AA,GG,AA,AA,CC,TT,AC,TT,CC,TT,GT,GG,TT,CC,TT,CC,CC,CC,NN,NN,TT,TT,CG,AA,AG,AA,CT,GG,GT,CC,TT,AC,AA,TT,CG,AG,CC,GG,CC,GG,CT,AA,CT,CC,AC,CC,AA,TT,CC,AA,CC,CC,AA,AT,AG,AA,GG,CC,CC,GG,AG,AA,AA,AC,GT,CC,CG,AA,AG,GG,GT,GG,AA,GT,CT,GG,AC,GT,TT,CT,CG,AA,TT,TT,AA,TT,CG,CC,AG,CT,CC,CC,GG,CC,AA,GG,AG,CC,TT,CC,GG,TT,GG,TT,AA,AG,TT,CC,GG,AA,AC,CC,GG,AG,AC,CG,TT,AA,AA,CG,GT,AT,AC,AA,AA,GG,TT,TT,AT,GG,GT,TT,CC,AT,TT,AA,AG,AA,TT,AC,TT,CC,TT,AC,CC,TT,GG,AG,NN,GG,CC,TT,CT,GT,GG,TT,AA,AA,AG,GG,CC,CC,GG,CC,GG,TT,AG,CG,GT,GG,CC,CC,TT,GG,CC,AA,CC,AT,AA,CC,CC,CC,AT,AA,CG,AA,AA,AC,AA,NN,AG,AA,AA,AT,GG,AA,AG,AA,AA,TT,AA,AA,GG,GG,GG,TT,AA,AA,TT,TT,TT,AA,TT,GG,CG,AA,6.95,Susceptible,High,Standard,Medium
L0737,Mandya,Karnataka,Kharif,Red Loamy,Irrigated (Cauvery command),780,27.0,72,AC,TT,AG,AG,GG,CC,GG,TT,CC,CC,AT,CC,CG,AT,TT,GG,CG,TT,TT,AG,NN,TT,TT,CC,NN,CC,NN,TT,GG,AA,TT,CC,AA,CC,AG,GG,GT,CC,GG,CC,TT,TT,AC,GG,AA,GG,CT,TT,CC,AC,GG,AT,GG,GG,CT,GT,AA,AA,GG,AC,AA,TT,TT,AA,TT,TT,CC,GG,TT,GG,AG,GG,CC,AA,GG,AC,AA,GG,GT,TT,GG,GG,GG,CC,AA,NN,AA,AT,CC,GT,CC,TT,CC,TT,TT,GG,TT,AC,GT,CC,CT,NN,GG,AA,TT,TT,CC,AA,AA,AA,CC,GG,GT,CC,TT,AC,AA,TT,CC,GG,CC,GG,CC,GT,TT,AG,CC,CC,CC,CC,AA,TT,CC,AA,CC,CC,AA,TT,AA,AT,GG,CC,CC,GG,AG,AA,AA,CC,GG,CC,CC,AA,GG,AG,GT,GG,NN,GT,CT,AG,AC,TT,TT,TT,CG,AA,TT,CT,AT,AT,GG,CC,GG,CC,CC,CC,GG,CC,AA,GG,AG,CC,TT,CC,GT,GT,GG,TT,AA,AA,GT,AA,CG,AC,CC,CC,GG,GG,AA,GG,TT,AA,AA,CC,TT,AA,AC,AA,AA,GG,TT,TT,AT,GG,GT,AA,CC,TT,TT,AA,GG,AA,TT,AA,AT,CC,CT,AA,AC,TT,CG,AA,CG,AA,CC,TT,TT,TT,GG,AT,AC,CC,AA,GG,CC,CC,GG,CC,GG,AA,AG,CC,TT,GG,CC,CC,AA,GG,CC,AA,CC,AA,AA,AC,NN,CC,AT,AA,GG,AA,AA,AC,AA,AG,AG,AA,AA,TT,GG,AC,AG,CC,AA,CT,AG,AA,GG,GG,GG,TT,AA,AA,GT,TT,TT,AA,AT,CG,CG,AA,7.1,Susceptible,Low,Standard,Late
L0738,Mandya,Karnataka,Kharif,Red Loamy,Irrigated (Cauvery command),780,27.0,72,AC,CC,AG,AG,GG,CC,GT,TT,CC,CG,AA,CC,CG,AT,GT,GG,GG,TT,TT,AA,CG,GT,TT,NN,TT,CC,TT,AT,GG,AC,TT,CC,AA,CC,GG,GG,GG,CC,GG,CC,TT,TT,AA,GT,AA,GG,TT,TT,CC,CC,GG,AA,AA,GG,CC,GT,AA,AC,GT,AA,AA,TT,AT,AA,TT,TT,CC,GG,TT,GT,AA,GG,CC,AA,GG,NN,AA,GG,TT,TT,GG,GG,GG,CC,AA,GG,AA,AA,CC,GT,CC,TT,CT,TT,TT,GG,CT,CC,GT,CC,CC,CG,GG,AA,AT,TT,CC,AA,AG,AA,CC,GG,TT,CC,GG,AA,AA,TT,CC,GG,CG,GG,CC,GG,TT,AA,CT,CC,CC,CC,AA,TT,CC,AA,CC,CC,AA,TT,AA,AT,GG,CC,CC,GG,AA,AA,AA,CC,GG,CC,CC,AA,AG,GG,TT,GG,AA,TT,CT,GG,AC,GT,NN,CT,CC,AA,GT,TT,AT,AT,GG,CC,AA,CC,CC,CC,GG,CC,AA,GG,AG,CC,TT,CC,GG,GT,GG,AA,AA,NN,TT,CC,GG,AC,AC,CC,GG,GG,CC,CG,TT,AC,AA,CG,GG,AT,CC,AA,AA,GT,TT,TT,AA,GG,GT,AT,CG,TT,GT,AA,GG,AA,TT,AA,TT,CC,TT,AC,CC,CT,GG,AG,CC,GG,CC,TT,TT,TT,GG,TT,AA,AC,AG,GG,CC,CG,GG,CG,GG,AT,AA,CG,TT,GG,CC,CG,AT,GG,CG,AA,CG,AA,AG,AC,CG,AA,TT,AA,GG,AA,AA,CC,AC,GG,AG,AG,AA,AT,GG,AA,AG,AC,AC,TT,AG,AA,CG,GG,GG,TT,AT,AA,TT,TT,TT,AG,TT,GG,GG,AA,3.46,Susceptible,Medium,Premium,Medium
L0739,Mandya,Karnataka,Kharif,Red Loamy,Irrigated (Cauvery command),780,27.0,72,AA,TT,GG,AG,CG,CC,GT,TT,CC,CG,AT,CT,CG,AT,GT,GG,CG,TT,TT,AA,CC,TT,TT,CC,AT,CC,NN,TT,GG,AA,TT,CC,AA,CC,GG,GG,GG,CC,GG,CC,TT,CT,AA,GT,AA,AA,TT,TT,CC,AC,GG,AA,AG,GG,CC,TT,AA,AC,GT,AC,AA,GT,AT,AG,TT,AT,CC,GG,TT,GT,AA,GG,CC,AA,GG,AA,AT,GG,TT,TT,GG,GG,GG,CC,AA,GG,AA,AA,CC,GT,CC,TT,CC,AT,GG,GG,TT,CC,TT,CT,CT,CG,AG,AA,TT,TT,CC,AA,AG,AA,CC,GG,TT,CG,GT,AC,AC,TT,CC,GG,CG,GG,CC,GT,TT,AG,CT,CC,CC,CG,AG,TT,CC,AA,CC,CC,AA,TT,AA,AT,GG,CC,CC,GG,AA,AG,AA,CC,GG,CC,CG,AA,AA,GG,TT,AG,AA,TT,TT,GG,AC,TT,TT,TT,CG,AT,GT,TT,AA,AT,GG,CC,AG,CT,CC,CC,CG,CC,AA,GG,GG,CC,TT,CG,GT,GT,GG,TT,AA,AA,TT,AC,GG,AC,AC,CG,GG,GG,NN,GG,CT,CC,AA,CC,GG,AT,CC,AT,AA,GG,TT,TT,AA,CG,TT,AA,CC,AT,TT,AA,GG,AA,TT,AA,TT,CC,TT,AA,CC,TT,GG,NN,CC,AA,AC,TT,TT,TT,GG,TT,AC,AC,AA,GG,CC,CC,GG,CC,GG,AT,AA,CG,GT,GG,CC,CC,AT,GG,CC,AT,CG,AA,AA,AA,CG,CC,TT,AG,GG,AA,AA,CC,AA,AG,AA,AG,AA,AA,GG,AA,AG,AC,AA,CT,AA,AA,GG,GG,GG,TT,AA,AG,GT,TT,TT,AA,TT,GG,GG,AA,5.72,Susceptible,Low,Poor,Late
L0740,Mandya,Karnataka,Kharif,Red Loamy,Irrigated (Cauvery command),780,27.0,72,AC,TT,GG,AG,GG,CC,GT,AT,CC,CG,AA,CT,CC,TT,TT,GG,CG,TT,TT,AA,CC,GT,TT,CT,AT,CC,TT,TT,GG,AA,TT,CC,AA,CC,AG,GG,GG,CC,GG,AC,TT,TT,AA,TT,AG,GG,TT,TT,CG,AA,GT,AT,AA,GG,CC,TT,AA,AA,GG,NN,AG,TT,AT,AA,TT,TT,CC,GG,TT,GG,AG,GG,CC,AA,GG,AC,AT,AG,TT,TT,GG,GT,GG,CC,AT,AG,AA,AA,CC,TT,AA,TT,CT,AT,GT,GG,TT,CC,NN,CC,CC,CG,AG,AA,TT,GT,CG,AA,AG,AC,CC,GG,TT,CC,TT,AC,AC,TT,CC,GG,CC,GG,CC,GG,CT,AA,CT,CC,CC,CC,AA,TT,CC,AA,CC,CC,AA,TT,AA,AT,GG,CC,CC,GG,AA,AG,AA,CC,GG,CC,CG,AA,AA,GG,GT,AG,AA,GT,TT,GG,AC,GG,TT,CT,CC,AT,GT,TT,AA,TT,GG,CC,AA,CT,CC,CC,GG,AC,AA,AG,AA,CC,TT,CC,TT,GT,GG,AT,AA,AA,TT,CC,GG,AA,AC,CG,GG,GG,NN,GG,TT,AA,AA,CC,GT,AA,CC,AA,AT,GG,TT,TT,AT,GG,GT,AA,CC,AT,TT,AA,GG,AA,CT,AA,TT,CC,CT,AA,CC,CC,CG,AG,CC,AG,CC,TT,TT,TT,GG,TT,AA,AC,AA,GG,CC,CC,GG,CC,GG,AT,AA,CC,TT,GG,CC,CC,AA,GG,CC,TT,CG,AA,NN,AC,CG,CC,TT,AA,GG,AA,AA,AC,AA,GG,GG,AG,AA,TT,GG,AA,AA,AC,AA,TT,AA,AG,CG,GG,CG,TT,AA,AA,GT,TT,TT,AA,TT,GG,GG,AA,7.15,Moderate,Low,Poor,Medium
L0741,Mandya,Karnataka,Kharif,Red Loamy,Irrigated (Cauvery command),780,27.0,72,CC,TT,GG,AA,GG,CC,GT,TT,CG,CG,AA,CC,CG,TT,TT,GT,CG,TT,TT,AG,CC,TT,GG,CT,TT,CC,TT,AA,GG,AA,CT,CC,AA,CC,GG,GG,GG,CC,GT,CC,TT,TT,AC,TT,AA,GG,TT,TT,CC,AA,GG,AA,AG,GG,CT,TT,AA,AC,TT,AC,AA,TT,TT,GG,TT,TT,CC,GG,TT,GG,AA,GG,CC,AA,GG,AC,TT,GG,GT,TT,GG,GG,GG,CC,AT,AG,AA,AA,CC,TT,CC,TT,CT,TT,TT,GG,CT,CC,TT,CC,CT,CC,GG,AA,TT,TT,CC,AA,GG,AA,CC,GT,TT,CC,GT,NN,NN,TT,CC,AG,CG,GG,CC,GT,CT,AG,CC,CC,CC,CC,AA,TT,CC,AA,CC,CT,AA,TT,AA,AA,GG,CC,CC,AG,AG,AG,AT,CC,GG,CG,CC,AG,AA,GG,TT,GG,AC,GT,CC,GG,CC,TT,GT,TT,CC,AA,GT,TT,AA,NN,GG,CC,AG,CC,CC,AC,GG,CC,AA,GG,AG,CC,TT,CC,GG,TT,GG,AA,AA,AA,TT,CC,GG,AA,CC,CC,GG,AG,AA,GG,TT,AA,AA,CC,GG,AT,CC,AA,AT,GG,TT,TT,AA,GG,GT,AT,CC,TT,GT,AA,GG,AA,TT,AC,TT,CC,TT,CC,CC,NN,GG,AA,CG,AG,AC,TT,CT,GG,GG,AT,AA,CC,AA,GG,CC,CG,GG,CC,GG,TT,AA,CG,TT,GG,CC,CC,AA,AG,CC,AT,CG,AT,AA,CC,CC,CC,AT,AA,GG,AA,CC,AA,AA,AG,AG,AA,AA,AT,CG,NN,AA,AC,AA,CC,AG,AA,GG,GG,GG,TT,AA,AA,TT,TT,TT,AA,TT,GG,GG,AA,8.24,Susceptible,Low,Premium,Medium
L0742,Mandya,Karnataka,Kharif,Red Loamy,Irrigated (Cauvery command),780,27.0,72,AC,TT,AG,AG,GG,CC,GG,TT,CC,CC,AA,CC,CC,TT,TT,GG,GG,TT,TT,AA,CC,TT,GT,CC,TT,CC,GG,TT,GT,AA,TT,CT,AA,CC,GG,GG,GG,CC,GG,CC,TT,TT,AA,TT,AA,GG,CT,TT,CC,AA,TT,AT,AG,GG,CC,TT,AA,NN,GT,AA,AA,TT,AT,AA,TT,AA,CC,GG,TT,GT,AA,GG,CC,AA,AG,AA,AT,AG,NN,TT,GG,GT,GG,AC,AA,GG,AG,AT,CG,TT,CC,TT,NN,TT,TT,GG,TT,CC,GT,CC,CC,CG,GG,AA,TT,TT,CG,AA,AG,AA,CC,GG,TT,CC,GT,AC,AC,TT,CC,AG,CC,AG,CC,GG,TT,AA,CT,CC,CC,CC,AA,TT,CC,AA,CC,CC,AA,TT,AA,AA,GG,CT,CC,GG,AA,AA,AA,CC,GG,CC,CC,AA,AA,GG,TT,GG,CC,TT,TT,AG,CC,GT,TT,TT,CC,AA,TT,TT,AA,NN,CG,CG,AA,CT,CC,CC,CG,CC,AA,GG,AA,CC,TT,CC,GT,TT,GG,AT,AA,AA,TT,CC,GG,AA,CC,CC,GG,GG,AA,GG,TT,AA,AA,CC,GG,AT,CC,AT,AA,GG,TT,TT,AA,CG,GG,AA,CC,TT,GT,AA,GG,AA,CT,AA,TT,CC,CT,CC,CC,CT,CG,AG,CC,AG,AC,TT,TT,TT,GG,TT,AA,AA,GG,GT,CC,CC,GG,CC,GG,AA,AA,CC,TT,GG,CC,CG,AA,GG,CC,AT,CC,AA,AA,AC,CC,CC,TT,AA,NN,AA,AA,AA,AA,AG,AG,AA,AA,TT,GG,AC,AG,CC,AA,CT,AA,AG,GG,GG,GG,GT,AA,AA,NN,TT,TT,AA,TT,GG,GG,AA,3.97,Susceptible,High,Standard,Late
L0743,Mandya,Karnataka,Kharif,Red Loamy,Irrigated (Cauvery command),780,27.0,72,AC,TT,GG,AA,GG,CC,GT,AT,CC,CC,AA,CC,CG,TT,GT,GG,CG,TT,TT,AA,CC,TT,TT,CC,TT,CC,TT,TT,GG,AA,CT,CC,AA,CC,GG,GG,GG,CC,GG,CC,TT,CT,AA,TT,AA,GG,TT,AT,CC,AC,GG,AA,AA,GG,CC,TT,AA,AC,GT,AC,AA,TT,TT,AA,TT,AT,CT,GG,CT,GT,AA,GG,CC,AA,GG,AC,AT,GG,TT,NN,GG,GT,GG,CC,AA,GG,AA,AT,CC,TT,CC,TT,CT,TT,TT,AG,TT,CC,TT,CC,CC,CG,GG,AG,TT,GT,CC,AA,AA,AA,CT,GG,TT,CC,TT,AC,AA,TT,CC,GG,NN,GG,CC,GT,TT,AA,CC,CC,CC,CC,AA,TT,CC,AA,CC,CT,AA,TT,AG,AA,CG,CC,CC,GG,AA,AG,AA,AC,GG,CC,CC,AA,AA,GG,TT,GG,AC,GT,CT,GG,AC,TT,TT,TT,CC,AT,GT,TT,AA,TT,GG,CC,AG,CT,CC,CC,GG,CC,AA,GG,AA,CC,TT,CC,GG,GT,CG,AT,AA,AA,TT,CC,NN,AA,CC,GG,GG,GG,AC,GG,TT,AA,AG,CC,GG,AT,CC,AT,AT,GT,TT,TT,AA,GG,GT,AA,CC,TT,GT,AA,GG,AA,CT,AA,TT,CC,TT,AC,CC,TT,GG,AG,CG,AG,AC,TT,TT,GG,CG,TT,AC,NN,AA,GG,CC,CC,GG,CC,GG,AA,AA,CC,TT,GG,CC,CC,AA,AA,CC,AA,CC,AA,AA,AA,GG,AC,TT,AG,NN,AA,AC,AA,AA,AG,AA,AG,AA,TT,GG,AA,AA,AC,AC,TT,AA,AA,GG,GG,GG,TT,AA,AA,TT,TT,TT,AG,TT,GG,CC,AA,7.42,Susceptible,High,Poor,Late
L0744,Mandya,Karnataka,Kharif,Red Loamy,Irrigated (Cauvery command),780,27.0,72,AC,TT,GG,GG,CG,CC,GT,TT,CC,CG,AA,CC,CC,AT,TT,GG,GG,TT,TT,AA,CC,TT,GT,CC,AT,CC,GT,AA,GG,AA,TT,CC,AA,AC,GG,GG,GG,CC,GG,CC,TT,TT,AC,NN,AA,GG,TT,TT,CC,AC,GG,AA,AA,GG,CC,GT,AA,AA,GT,AA,AG,GT,TT,AA,TT,AT,CC,GG,TT,GG,AA,GG,CC,AA,GG,AC,AT,GG,TT,TT,GG,GT,GT,CC,AA,GG,AG,AA,CC,GT,CC,GT,CC,TT,TT,GG,TT,NN,GT,CC,CC,CG,GG,AA,TT,TT,CC,AA,GG,AA,CT,GG,TT,CC,TT,AA,AA,AT,CC,AG,CC,AG,CT,GG,CT,AA,CC,CC,AC,CC,AA,TT,CC,AA,CC,CC,AA,TT,AA,AA,GG,CT,CC,GG,AA,AG,AA,AC,TT,CC,CC,AA,AA,GG,TT,GG,CC,GT,TT,GG,CC,GT,TT,TT,NN,AT,GT,CT,AT,TT,GG,CG,AA,CT,CC,CC,CC,CC,AA,AG,AA,CC,TT,CG,GG,GT,GG,TT,NN,AA,TT,CC,GG,AA,NN,CC,GG,GG,AA,GG,TT,AC,AA,CC,GG,NN,CC,AA,AA,GG,TT,AT,AT,GG,GT,AA,CG,NN,TT,AA,GG,AA,CT,AA,AT,CC,CT,AA,CC,TT,GG,AG,CC,AA,AC,TT,TT,GT,GG,TT,AA,CC,AG,GT,CC,CC,GG,CC,GG,AT,AA,CC,TT,GG,CC,CC,AA,AA,CC,AT,CC,AA,AA,AC,CC,AA,TT,AA,GG,AA,AC,AC,AC,GG,GG,AG,AA,TT,GG,AA,AA,CC,AC,TT,AG,AG,GG,GG,GG,TT,AA,AA,GT,TT,NN,AG,AT,GG,GG,AA,6.26,Susceptible,Low,Premium,Medium
L0745,Mandya,Karnataka,Kharif,Red Loamy,Irrigated (Cauvery command),780,27.0,72,AC,TT,GG,AA,GG,CG,GG,TT,CC,CG,AA,CC,CG,TT,TT,GT,GG,TT,TT,AA,CC,TT,TT,CC,TT,CC,TT,TT,GT,AA,TT,CT,NN,CC,GG,GG,GG,CC,GG,CC,TT,TT,AA,TT,AA,GG,TT,TT,CC,NN,GT,AA,AG,GG,CC,TT,AA,AA,GT,AA,AA,GT,TT,AA,TT,TT,CC,GG,CT,GG,AG,GG,AC,AA,AG,AA,AA,GG,TT,CT,GG,GT,GG,CC,AT,GG,AA,AA,CG,GT,CC,GT,CC,TT,GT,GG,TT,CC,TT,CC,CC,CC,GG,AA,TT,GT,GG,AA,AA,AC,CC,GG,TT,NN,TT,AC,AC,TT,CC,GG,CC,GG,CC,GG,CC,AA,CC,CC,CC,CC,AA,TT,AC,AA,CC,CT,AA,TT,AA,AA,GG,CC,CC,GG,AA,AA,AA,CC,GT,CC,CC,AA,AG,GG,GT,GG,NN,NN,TT,GG,CC,GT,TT,TT,GG,AT,TT,TT,AA,AT,GG,CC,AA,TT,CC,CC,CG,CC,AA,GG,AA,CC,TT,CC,GG,TT,GG,AA,AA,AG,TT,CC,GG,AA,AC,CC,GG,GG,AA,GG,TT,AC,AG,CC,GG,AA,CC,AA,AT,GG,TT,AA,AT,GG,TT,AT,CC,TT,GT,AA,GG,AA,TT,AA,TT,CC,CT,AA,CC,TT,CG,AA,CC,AG,CC,TT,TT,TT,GG,AT,AA,CC,AG,GG,CC,CG,GG,CC,GG,AA,AA,CG,TT,GG,CC,CC,AT,GG,CC,AT,CC,AA,AA,CC,GG,AC,TT,AA,GG,AA,AC,AA,AA,AG,AG,AA,AA,TT,CG,AC,AA,CC,CC,CT,AA,AA,CG,GG,GG,TT,AT,AA,GT,TT,TT,AA,AT,GG,GG,AA,5.75,Resistant,Medium,Standard,Early
L0746,Mandya,Karnataka,Kharif,Red Loamy,Irrigated (Cauvery command),780,27.0,72,CC,TT,GG,AA,GG,CG,GT,TT,CC,CC,AT,CT,CC,TT,TT,GG,CC,TT,TT,AA,CC,TT,TT,CC,TT,CC,TT,TT,GG,AA,CT,CC,AA,CC,GG,GG,GG,CG,GT,CC,TT,TT,AA,TT,AA,GG,TT,NN,CC,AC,GG,AA,AA,GG,CC,TT,AA,AA,GG,AA,AA,TT,AT,AA,TT,TT,TT,GG,CT,GG,AA,GT,CC,AA,GG,AC,AT,GG,TT,TT,AG,GG,GG,CC,AT,GG,AA,AA,CC,GT,CC,TT,CT,TT,TT,GG,TT,CC,GT,CC,CC,CC,AG,AA,TT,TT,CC,AA,AG,AA,CT,GG,TT,CC,TT,AA,AA,AT,CG,GG,CC,GG,CC,GG,CT,AA,CT,CC,CC,CC,AA,TT,CC,AA,CC,CC,AA,TT,AA,AA,GG,CC,CC,GG,AA,AA,TT,AC,GG,CC,CC,AA,AA,AG,GT,GG,CC,TT,TT,GG,CC,GT,TT,TT,CC,AT,GT,TT,AA,AA,CG,CC,GG,CC,CC,CC,CG,CC,AA,GG,AA,CC,TT,CC,GG,TT,GG,TT,AA,AA,TT,CC,GG,NN,CC,CC,GG,GG,CC,GG,TT,AA,AG,CC,GG,AT,AC,AA,AA,GT,TT,TT,TT,CG,GT,AA,CC,AT,TT,AA,GG,AA,TT,AA,TT,CG,TT,AC,CC,TT,NN,GG,CG,AG,AC,TT,CT,TT,GG,TT,AA,AC,AA,GG,CC,CG,GG,CC,GT,TT,AA,CC,TT,GG,CG,CC,NN,GG,NN,AA,CC,AA,AG,CC,CG,AA,TT,AA,GG,AA,AA,AC,AA,GG,AG,AA,AA,AT,GG,AA,AA,AC,AA,TT,AA,AA,GG,GG,GG,TT,AA,AA,GT,TT,TT,AG,TT,GG,GG,AC,4.15,Moderate,Low,Premium,Late
L0747,Mandya,Karnataka,Kharif,Red Loamy,Irrigated (Cauvery command),780,27.0,72,AA,TT,GG,AG,CG,CC,GG,AT,CC,CC,AA,CC,CG,AT,GT,GG,GG,TT,TT,AA,CG,TT,TT,CC,TT,CC,TT,TT,GG,AC,TT,CT,AG,CC,GG,GG,GG,CG,GG,CC,TT,CT,AA,TT,AA,GG,TT,AA,CC,AA,GG,AA,AA,GG,CC,TT,AA,AA,TT,AC,AG,TT,TT,AA,TT,TT,CC,GG,TT,GG,AA,GT,AC,AA,GG,AA,AA,GG,TT,TT,GG,GG,GG,CC,AA,GG,AA,AT,CC,TT,AC,TT,CC,TT,TT,GG,TT,CC,GT,CC,CC,CC,GG,AA,TT,TT,CG,NN,AA,AC,CC,GG,TT,CC,TT,AA,AC,TT,NN,GG,CC,AG,TT,GT,CT,AA,CC,CC,AC,CC,AA,TT,CC,AA,CC,CC,AA,AT,AG,AA,GG,CT,CC,GG,AG,AA,AA,CC,NN,CC,CC,AA,AA,GG,TT,GG,AA,GT,TT,GG,AC,GT,GG,TT,CG,AA,GT,TT,AT,AT,CC,CC,AA,CT,AC,CC,CG,CC,AA,AG,AA,CC,TT,CC,GG,GT,GG,AT,AA,AG,GT,CC,GG,AA,AC,CC,GG,GG,AC,GG,TT,AA,AA,CC,GG,AA,CC,AA,TT,GG,GT,TT,AA,GG,GG,AT,CC,TT,GT,AA,NN,AA,TT,AA,TT,CC,CT,AA,CC,TT,CG,AG,NN,AG,CC,AT,TT,GT,CG,TT,AA,AC,AA,GG,CC,CG,GG,CC,GG,AT,AA,CC,GT,GG,CC,CG,AT,GG,CC,AA,CG,AT,AA,AC,GG,AC,TT,AA,CG,AA,AC,AA,AA,AG,GG,AA,AA,AT,CG,AA,AG,CC,AA,TT,AA,AA,GG,GG,GG,TT,AA,AA,TT,TT,TT,AG,TT,GG,GG,AA,7.11,Moderate,Low,Premium,Early
L0748,Mandya,Karnataka,Kharif,Red Loamy,Irrigated (Cauvery command),780,27.0,72,AA,TT,AG,AG,GG,CC,GG,AT,CG,CC,NN,CC,CC,AT,TT,GG,GG,TT,TT,AA,CC,GG,TT,CC,TT,CC,GT,TT,GG,AA,TT,CC,AA,AC,GG,GG,GG,CC,GG,CC,TT,TT,AA,TT,AA,GG,TT,TT,CC,AC,GT,AA,AA,NN,CT,TT,AA,AA,GT,AA,AA,TT,AT,AG,TT,AT,CC,GG,CT,GT,AG,GG,CC,AA,GG,AC,AT,GG,TT,TT,GG,GG,GG,CC,AA,GG,AA,AT,CC,TT,CC,TT,CC,AT,TT,GG,TT,CC,GT,CC,CC,CG,AA,AA,AT,TT,CG,AA,AG,AA,CC,GG,TT,CG,NN,AA,AA,TT,CC,GG,CC,GG,CC,GG,TT,AA,CT,CC,CC,CC,AA,TT,CC,AA,CC,CC,AG,TT,AA,AA,GG,TT,CC,NN,AA,AA,AA,AC,GG,CC,CC,AA,NN,AA,TT,AG,AA,TT,CT,AG,AC,GT,GT,TT,CG,AA,TT,TT,AA,AT,GG,CC,AG,CC,CC,CC,CC,CC,AA,GG,AG,CC,TT,CG,GT,TT,CG,AA,AA,AA,TT,CC,GG,AC,CC,NN,GG,GG,AC,GG,TT,AC,AA,CC,GG,AA,CC,AA,AA,GG,TT,TT,AA,GG,GT,AA,CC,TT,GT,AA,GG,AA,CT,AA,TT,CC,TT,AC,CC,CT,GG,AG,CC,AA,CC,TT,TT,GT,GG,TT,AA,CC,AG,GG,CC,CG,GG,CC,GG,TT,GG,CC,TT,AG,CC,CC,AA,GG,CC,AT,CC,AA,AA,CC,CC,AC,TT,AA,GG,AA,AC,AA,AA,AG,AG,AG,AA,AT,CG,AC,AA,CC,AC,CT,NN,AA,GG,GG,GG,TT,AA,AG,TT,TT,TT,AG,TT,GG,GG,AA,3.66,Susceptible,Medium,Standard,Early
L0749,Mandya,Karnataka,Kharif,Red Loamy,Irrigated (Cauvery command),780,27.0,72,AC,TT,AG,AG,GG,CC,GG,TT,CC,CC,AA,CT,CC,TT,GT,GG,CG,TT,TT,AG,CG,TT,GT,CC,TT,TT,GT,TT,GG,AA,TT,CC,AA,CC,GG,GG,GG,CG,GG,CC,TT,CT,AA,GT,AA,GG,TT,TT,CC,AC,GG,AA,AA,GG,CC,GT,TT,AA,GT,AA,AA,TT,AA,AG,TT,AT,NN,GG,TT,GG,AA,GG,NN,AA,GG,AA,AT,GG,GT,TT,GG,GG,GG,CC,AA,GG,AG,AA,CC,GG,AC,TT,TT,TT,TT,GG,CT,AC,GT,CC,CC,CC,GG,AA,TT,TT,CC,AA,AG,AA,CT,GG,GT,CG,GT,AA,AA,TT,CC,AG,CC,GG,CC,GT,CT,AA,CT,CC,CC,CG,AA,TT,CC,AA,CC,CT,AA,TT,AA,AT,CG,CT,CC,GG,AA,AA,AA,CC,GG,CC,CC,AA,AA,GG,TT,AG,AC,TT,TT,AG,CC,GT,GT,TT,CC,AA,GT,TT,TT,TT,CG,CC,NN,CC,CC,CC,CG,AC,AA,GG,AA,CC,TT,CG,GT,TT,GG,AA,AA,AA,GT,CC,CG,AC,CC,CC,GG,GG,AC,GG,CT,AC,AA,CG,GG,AA,CC,AA,AA,GT,TT,TT,AA,GG,GT,AA,CG,AA,GT,AA,GG,AA,CT,AA,TT,CC,CT,AC,CC,CT,CC,AA,CC,AG,CC,AT,TT,GT,GG,TT,AA,AC,AA,GG,CC,CG,GG,CC,GG,AA,AA,CC,TT,GG,CC,NN,AT,GG,CC,AT,CC,NN,AA,AC,CC,AC,TT,AA,GG,AA,AC,AA,AA,AG,AG,GG,AA,AT,GG,AC,GG,CC,AA,CC,AG,AA,GG,GG,GG,TT,AT,AA,TT,TT,TT,AA,AT,GG,GG,AA,5.55,Susceptible,Low,Premium,Late
L0750,Mandya,Karnataka,Kharif,Red Loamy,Irrigated (Cauvery command),780,27.0,72,AC,CT,GG,GG,GG,CC,GT,AT,CC,CC,AA,CC,CG,AT,TT,GT,CG,TT,TT,AG,CC,TT,GT,NN,TT,CC,TT,TT,GT,AA,TT,CT,AA,CC,GG,GG,GG,CC,GG,AC,TT,CT,AA,TT,AA,AG,TT,AT,CC,AC,GG,AA,AA,GG,CT,TT,AT,AA,TT,CC,AA,TT,AT,AG,TT,AT,CC,GG,TT,GG,AG,GG,CC,AA,GG,AA,AT,GG,TT,TT,GG,GG,GG,CC,AA,GG,AA,AA,CC,GT,CC,TT,CT,TT,TT,GG,TT,CC,TT,CC,CC,CC,GG,AA,TT,TT,CG,AG,AG,AC,CT,GT,TT,CC,TT,AA,AA,NN,CC,GG,CG,AG,CT,GT,TT,AG,CC,CC,CC,CC,AA,TT,CC,AA,CC,CC,AA,TT,NN,AA,GG,CT,CC,GG,NN,AG,AA,CC,GT,CC,CG,AA,AG,GG,TT,GG,AA,TT,CT,GG,AC,TT,GT,TT,CC,AA,GT,TT,AA,NN,GG,GG,AG,CT,AC,CC,GG,AC,AA,GG,AA,CC,TT,CC,TT,TT,CG,TT,AA,AA,TT,CC,GG,AA,CC,CC,GG,GG,AC,GG,TT,AC,AA,CC,GG,AT,AC,AA,AA,GG,TT,TT,AA,GG,TT,AA,CG,AA,GG,AA,GG,NN,TT,AA,TT,CC,CT,AA,CC,TT,CG,AA,CG,AG,CC,TT,TT,GT,GG,TT,AC,CC,AA,NN,CC,CG,GG,CC,GG,TT,AA,CC,TT,GG,CC,CG,AA,AG,CC,AA,CG,AA,AA,AC,CG,AC,AT,AA,GG,AA,AA,AC,AA,AG,AG,AA,AG,AA,GG,AC,AG,AC,AC,TT,GG,AG,GG,GG,CG,GT,AA,AG,TT,TT,TT,GG,TT,GG,GG,NN,7.21,Susceptible,Medium,Poor,Late
L0751,Mandya,Karnataka,Kharif,Red Loamy,Irrigated (Cauvery command),780,27.0,72,AC,TT,GG,AA,GG,CC,GG,TT,CC,CC,AA,CC,CC,TT,TT,GG,GG,TT,TT,AG,NN,TT,GT,CC,TT,CC,TT,TT,GT,AA,TT,CC,AA,CC,GG,CG,GG,CC,GG,CC,GT,CT,AC,TT,AG,GG,TT,TT,CC,CC,GG,AA,AA,GG,CT,GT,AA,AC,GT,AA,AA,TT,AT,AA,TT,AT,CC,GG,TT,GG,AA,GG,CC,AA,GG,AA,TT,GG,TT,TT,GG,GT,GT,CC,AA,GG,AA,AA,CC,GG,NN,TT,CT,TT,GT,GG,TT,CC,GG,CC,CC,CG,GG,AA,AA,TT,CG,AA,AA,AA,CC,GG,TT,CC,GT,AC,AC,AT,CG,GG,CC,GG,CC,GG,CT,AA,CT,CC,CC,CC,AA,GT,CC,AA,CC,CC,AA,TT,AA,AA,CG,CT,CC,AG,AA,GG,AA,AC,GG,CC,CC,AG,AA,AG,TT,GG,AC,GT,CT,GG,AC,TT,TT,TT,CC,AA,TT,TT,AA,TT,GG,CC,AG,CT,CC,CC,CG,CC,AA,GG,AA,CC,TT,CC,GG,GT,GG,AT,AA,AG,GT,CC,GG,AA,CC,CC,GG,GG,AC,GG,TT,AA,AA,CG,GT,TT,AC,NN,TT,GG,TT,NN,TT,GG,GG,AT,CG,AT,TT,AA,GG,AA,TT,AA,TT,CC,CT,AA,CC,TT,GG,AG,CC,AG,CC,TT,TT,GT,GG,TT,AA,CC,AG,GG,CC,CC,GG,CC,GG,TT,AA,CC,NN,GG,CC,CC,AT,GG,CG,AT,CC,AA,AA,CC,CC,AC,TT,AA,CC,AA,AC,AC,AA,AG,AA,AG,AG,TT,GG,AA,AA,AC,AA,CT,AA,AA,GG,GG,GG,GT,AA,AA,TT,TT,TT,AA,AA,GG,GG,AA,6.4,Resistant,Medium,Standard,Medium
L0752,Mandya,Karnataka,Kharif,Red Loamy,Irrigated (Cauvery command),780,27.0,72,AA,TT,GG,AG,NN,CC,GG,TT,CC,NN,AA,CT,CG,TT,TT,GG,GG,TT,NN,AA,CC,TT,GT,CT,AT,CC,TT,TT,GG,AA,TT,CC,AA,CC,GG,GG,GG,CC,GG,CC,TT,TT,AA,TT,AG,GG,TT,TT,CC,CC,GT,AA,AA,GG,CC,TT,AA,AA,GG,AC,AA,GT,TT,NN,TT,TT,CC,GG,TT,GT,AA,GG,CC,AA,GG,AC,AA,GG,TT,TT,GG,GG,GG,CC,AA,GG,AA,AA,CC,GT,AC,TT,CT,TT,TT,GG,TT,CC,GT,CC,CT,CC,AG,AA,TT,TT,CC,AA,GG,AA,TT,NN,GT,CC,GT,AA,AA,TT,CC,AG,CC,GG,CC,GT,NN,AA,CC,CC,CC,CC,AA,TT,CC,AA,CC,CC,AA,AT,AA,AA,GG,CC,CC,GG,AA,AG,AA,CC,GG,CC,CC,AA,AA,AA,GT,GG,AA,TT,TT,GG,AC,GT,TT,NN,CG,AA,GT,TT,AT,AT,GG,CC,AG,CC,CC,CC,GG,AC,AA,GG,AA,CC,TT,CC,GT,TT,CG,AT,AA,AG,TT,AC,GG,AA,CC,CC,GG,GG,AC,GG,TT,AA,AA,CC,GG,AA,CC,AA,AA,GG,GT,TT,AA,CG,GT,AT,CC,AT,TT,AA,GG,AA,CT,AA,TT,CC,CT,AC,CC,TT,CG,AG,CC,AG,CC,TT,TT,GG,GG,TT,AA,AC,AG,GG,CC,CC,GG,CC,GG,TT,AA,CC,GT,GG,CC,CC,AA,AG,CC,AA,CG,AA,AA,AC,GG,AC,TT,AA,GG,AT,AA,AA,AA,GG,AG,AA,AA,TT,GG,AC,AA,AC,AA,TT,AA,AA,GG,GG,CG,GT,AA,AA,TT,TT,TT,AG,TT,GG,GG,AA,7.91,Moderate,Medium,Standard,Early
L0753,Mandya,Karnataka,Kharif,Red Loamy,Irrigated (Cauvery command),780,27.0,72,AA,CT,GG,AA,GG,CC,GT,TT,CC,CC,AA,CC,NN,TT,TT,GG,GG,TT,TT,AA,CG,TT,GG,NN,TT,CC,TT,AT,GT,AA,TT,CC,AA,CC,GG,GG,GT,CG,GG,CC,TT,CT,AA,TT,AG,AG,TT,AT,CC,AA,GG,AA,AG,NN,CT,GT,AA,AC,GG,AA,AA,TT,TT,GG,TT,TT,CC,GG,TT,GG,AG,GG,CC,AA,GG,AC,TT,GG,TT,TT,GG,GG,GG,CC,AA,GG,NN,AA,CC,TT,AC,TT,CT,TT,TT,GG,TT,CC,GG,CC,CT,CC,AG,AA,TT,TT,CC,AA,AA,AC,CT,GG,TT,CC,TT,AA,AC,TT,CC,AA,CG,GG,CC,GG,TT,AA,CT,CC,CC,CC,AA,TT,CC,AA,CC,NN,AA,TT,AA,AA,GG,CT,CG,GG,AA,AG,AA,AC,GG,CC,CC,AA,AA,AG,GT,GG,AA,TT,CC,GG,CC,TT,TT,CT,CG,AA,GT,TT,AA,AT,GG,CC,AG,CT,CC,CC,GG,AC,AA,GG,AG,CC,TT,CC,GG,TT,CG,TT,AA,AA,TT,AC,GG,AA,CC,CC,GG,GG,NN,GG,TT,AC,AA,CC,GT,AA,AC,AA,NN,GG,TT,AT,AT,CG,GT,AA,CG,AT,GT,AA,GG,AA,CT,AA,TT,CC,TT,AA,CC,TT,NN,AG,CC,AG,CC,TT,TT,TT,GG,TT,AA,CC,AG,GG,CC,CG,GG,CC,GG,TT,AG,CC,GT,GG,CC,CC,AA,GG,CG,AA,CG,AA,AA,CC,GG,AC,TT,AA,GG,AA,AA,AC,AA,AG,AA,AG,AA,TT,GG,NN,AG,CC,AA,TT,NN,AA,GG,GG,GG,TT,AA,AA,GT,TT,AT,AG,AT,GG,GG,AA,7.24,Susceptible,High,Standard,Early
L0754,Mandya,Karnataka,Kharif,Red Loamy,Irrigated (Cauvery command),780,27.0,72,AC,TT,GG,AG,GG,CC,GG,TT,CC,CG,AA,CT,CG,AT,TT,GG,GG,TT,TT,AG,CC,GT,GT,NN,TT,CC,TT,TT,GG,AA,TT,CC,AA,CC,GG,CG,GG,CG,GG,CC,TT,CT,AA,TT,AA,AG,TT,TT,CC,AC,GT,AA,AA,GG,CC,TT,AT,AA,TT,AC,AA,TT,TT,AA,TT,AA,CC,GG,TT,GG,AA,GG,CC,AA,GG,AC,AT,GG,TT,TT,GG,GG,GT,CC,AA,GG,AA,AA,CC,GT,CC,TT,CT,TT,GT,GG,CT,AC,GG,CT,CT,CG,GG,AA,TT,GT,CC,AA,AG,AA,CT,GG,GT,CC,TT,AA,AA,TT,CC,AG,CC,GG,CC,GG,TT,AA,CC,CC,CC,CC,AA,TT,CC,AA,CC,CC,AA,TT,AA,AA,CG,CC,CC,GG,AA,AG,AA,CC,GG,CC,NN,AA,AG,GG,TT,GG,AA,GT,CT,GG,AC,GT,NN,TT,CC,AA,GT,TT,AT,AT,CG,CC,GG,CC,CC,CC,CG,CC,AA,GG,AA,CC,TT,CC,TT,TT,CC,AA,AA,AA,TT,CC,GG,AA,AC,CG,GG,GG,CC,GG,TT,AA,AG,CG,GT,AA,AC,AA,TT,GT,TT,AA,AA,GG,GT,AA,CC,AT,TT,AA,AG,AA,TT,AA,TT,CC,CT,AA,CC,TT,CG,AG,CC,AG,CC,AT,TT,GT,GG,TT,AA,AC,AG,GG,CC,CG,GG,CC,GG,AT,AA,GG,TT,GG,CC,CC,AA,AG,CC,AA,CC,AA,AG,AC,NN,AC,AT,AA,CG,AA,AA,AA,AA,GG,AG,AA,AA,TT,GG,AA,AA,AA,AC,TT,AG,AA,GG,GG,GG,GT,AA,AG,TT,TT,TT,NN,NN,GG,GG,AA,9.01,Moderate,Medium,Standard,Medium
L0755,Mandya,Karnataka,Kharif,Red Loamy,Irrigated (Cauvery command),780,27.0,72,AC,CT,GG,AG,GG,CC,GT,TT,CC,CG,AA,CC,CG,TT,TT,GG,GG,AT,TT,AA,CC,TT,GG,CC,AT,CC,TT,TT,GG,AA,TT,CC,AA,CC,GG,CG,GG,CG,GG,CC,TT,TT,AA,GT,GG,AG,TT,TT,CC,CC,TT,AA,AA,GG,CC,TT,AA,AA,GT,AA,AA,TT,AT,AG,TT,AT,CC,GG,TT,GG,AA,GG,AC,AA,AG,CC,AT,GG,TT,TT,NN,GT,GG,CC,AA,AG,AA,AA,CC,GG,CC,GT,CC,TT,TT,GG,TT,CC,TT,CC,CC,CC,GG,AA,TT,TT,CC,AA,GG,AA,CC,GG,TT,CC,TT,AA,AA,AT,CC,AG,CG,GG,CC,GT,TT,AA,CT,CG,CC,CC,AA,TT,CC,AA,CC,CC,AA,NN,AA,AA,GG,CC,CC,GG,AA,AA,AA,CC,GT,CC,CC,AA,AA,GG,TT,AG,AA,GT,CT,GG,CC,GT,GT,TT,CG,AA,TT,TT,AA,TT,GG,CC,AA,CT,CC,CC,GG,CC,AA,GG,AA,CC,TT,CC,TT,TT,GG,TT,AA,AA,TT,CC,GG,AC,AC,CC,GG,GG,AC,GG,TT,AA,AA,CC,GG,AA,AC,AA,TT,GG,GT,TT,AA,GG,GT,AT,CC,AT,GT,AA,GG,AA,CT,AA,TT,CC,CT,AC,CC,CT,CG,AA,CC,AA,CC,TT,TT,GG,CG,TT,AA,CC,AA,GG,CG,CG,GG,CC,GG,AT,AG,CC,TT,GG,CC,CC,AA,GG,CC,AA,CC,AA,AA,CC,CC,AC,TT,AA,GG,AA,AA,AC,AA,AG,AA,AA,AA,TT,CG,AC,AG,CC,AA,TT,AA,AA,GG,GG,GG,TT,AT,AG,TT,TT,TT,GG,TT,NN,CG,AA,5.6,Moderate,High,Premium,Early
L0756,Mandya,Karnataka,Kharif,Red Loamy,Irrigated (Cauvery command),780,27.0,72,AC,TT,AG,AA,GG,CC,GT,AT,CC,CG,AA,CC,CG,TT,GT,GG,GG,TT,TT,AA,CC,GT,GG,CC,TT,CC,TT,AT,GG,AA,TT,CT,AA,CC,GG,GG,GG,CG,GG,CC,TT,TT,AC,TT,AA,GG,TT,TT,CC,AA,GT,AT,AG,GG,CC,NN,AA,AC,GT,AC,AG,TT,AT,AG,TT,AT,CC,GG,TT,GT,AG,GG,CC,AA,GG,AC,NN,GG,TT,TT,GG,GG,GG,CC,AT,AG,AA,AA,CC,GT,AC,TT,CC,TT,NN,GG,CC,CC,GG,CC,CC,CG,GG,GG,TT,NN,CC,AA,AG,AC,CC,GG,TT,CC,TT,AC,AA,TT,CG,GG,CC,AG,CC,GT,TT,AG,CC,CC,CC,CC,AA,TT,CC,AA,CC,CC,AA,TT,AA,AA,GG,CC,CC,GG,AA,AG,AA,AC,GG,CC,CC,NN,AG,GG,TT,GG,AC,TT,TT,GG,CC,TT,TT,CC,CC,TT,TT,TT,AT,AT,CG,CC,AG,TT,CC,CC,CG,CC,AA,GG,AG,CC,TT,CG,TT,TT,GG,TT,AA,AG,TT,CC,GG,AA,CC,CG,GG,GG,AC,GG,TT,AC,AA,CC,GG,AA,AC,AA,AA,GT,TT,AT,AT,CG,GG,AT,CG,TT,TT,AA,GG,AA,TT,AA,TT,CG,CT,AA,CC,TT,CG,AA,CG,AG,CC,TT,TT,GG,GG,TT,CC,CC,AA,GG,CC,CG,GG,CC,GG,TT,AA,CG,TT,GG,CC,CC,AA,GG,CG,AT,CC,AA,AA,AC,CG,CC,TT,AA,GG,AA,AA,AA,AA,GG,AA,AA,AA,AT,GG,AA,AG,CC,AC,TT,AA,AA,GG,GG,GG,TT,AA,AA,GT,TT,TT,AG,TT,GG,GG,AA,7.46,Susceptible,High,Premium,Late
L0757,Mandya,Karnataka,Kharif,Red Loamy,Irrigated (Cauvery command),780,27.0,72,AC,TT,AG,AG,GG,CC,GG,TT,CC,GG,AT,CC,CG,AT,TT,GG,CG,TT,TT,AA,CC,TT,GT,CC,AT,CC,TT,TT,GG,AA,TT,CC,AA,CC,GG,CG,GG,CC,GG,CC,TT,CC,AA,TT,AA,AG,CT,AA,CC,AA,GG,AA,AG,GG,CC,TT,AA,AA,GT,AA,AG,TT,TT,AA,TT,AT,CC,GT,CT,GT,AA,GG,CC,AA,AG,AC,AA,GG,GT,TT,GG,GG,GG,CC,AA,AG,AA,AT,CC,TT,CC,TT,CC,TT,GT,GG,CT,NN,GT,CC,CC,CG,AA,NN,TT,TT,NN,AA,AA,AA,CC,GG,TT,CC,TT,AA,AA,TT,CC,GG,CC,GG,CC,GG,TT,AA,CT,CC,CC,CC,AA,TT,CC,AA,NN,CC,AA,TT,AG,AT,GG,CC,CC,GG,AA,AA,AA,AC,GG,CC,CC,AA,GG,GG,TT,AA,AA,TT,CT,GG,NN,TT,TT,TT,CC,AT,GT,TT,AA,TT,GG,CG,AG,CT,CC,CC,CG,CC,AA,GG,AA,AC,TT,CG,GG,GT,GG,TT,AA,AA,TT,CC,GG,AA,CC,CC,GG,GG,AC,GG,TT,AA,AA,CC,GG,AA,CC,AA,AT,TT,TT,TT,AA,GG,GT,AA,CC,AT,TT,AA,GG,AA,CT,AA,TT,CC,CT,AA,AC,TT,CG,AA,CG,AG,CC,TT,TT,GT,GG,TT,AA,CC,AA,GG,CC,CC,GG,CC,GG,TT,AA,CG,GT,GG,CC,CG,AA,AG,CC,AT,CC,AA,AA,CC,CC,CC,TT,AA,GG,AA,AA,AC,AA,AA,AG,AA,AA,TT,GG,AA,GG,CC,AA,TT,AA,AG,GG,GG,GG,GT,NN,AA,GG,TT,TT,AA,TT,GG,GG,AA,9.88,Susceptible,High,Poor,Medium
L0758,Mandya,Karnataka,Kharif,Red Loamy,Irrigated (Cauvery command),780,27.0,72,AC,TT,GG,AG,GG,CC,GG,AT,CC,CC,AA,CC,CC,AT,TT,GT,CG,TT,TT,AA,CC,TT,TT,CC,TT,CC,TT,TT,GG,AA,TT,CC,AA,CC,GG,GG,GG,CG,GG,CC,TT,TT,AA,TT,AG,AG,TT,AT,CC,NN,GT,AA,AA,GG,CC,TT,AT,AA,GT,AC,AA,TT,AT,AA,CT,AT,CC,GG,TT,GT,AA,GG,CC,AA,AG,AA,AA,GG,TT,TT,GG,GT,GG,CC,AT,GG,AG,AA,CC,GT,CC,GT,CT,TT,TT,GG,TT,CC,GT,CC,CC,CC,AG,NN,NN,TT,CC,AA,AG,AA,CC,GG,TT,CC,TT,NN,AC,TT,CC,AG,CC,GG,CC,GG,TT,AA,CC,CC,CC,CC,AA,TT,CC,AA,CC,CC,AA,TT,AG,AA,GG,CT,CC,AG,AA,AA,AA,CC,GT,CC,CG,AA,AA,GG,GG,GG,AC,TT,TT,GG,CC,GG,GT,TT,CC,AA,TT,TT,AT,TT,GG,CG,AG,CC,CC,CC,CC,CC,AA,GG,AG,CC,TT,CC,GT,GT,GG,AT,AA,AA,NN,CC,GG,AC,CC,NN,GG,GG,AA,GG,TT,AC,AA,CC,GG,AT,CC,AT,AA,GG,TT,AT,AA,CG,GG,NN,CC,AA,GT,AA,GG,AA,TT,AA,TT,CC,TT,AC,CC,CT,CG,AG,CC,GG,AC,TT,TT,TT,CG,TT,AC,CC,GG,GG,CG,GG,GG,CC,GG,AA,AG,CC,GT,GG,CG,CC,AA,GG,CC,AT,CC,AT,AA,AC,NN,CC,TT,AA,CG,AA,AA,AC,AA,AG,GG,AA,AA,AT,GG,AA,AG,AC,AC,NN,AA,AA,GG,GG,CG,TT,AT,AA,GT,TT,TT,AA,AA,GG,CG,AC,5.12,Resistant,Medium,Premium,Medium
L0759,Mandya,Karnataka,Kharif,Red Loamy,Irrigated (Cauvery command),780,27.0,72,AC,TT,GG,AA,GG,CC,TT,AT,CC,CC,AA,CC,CG,TT,TT,GG,CG,TT,TT,AA,CC,GT,TT,CC,TT,CC,TT,TT,GG,NN,TT,CC,AA,CC,GG,GG,GG,CG,GG,CC,TT,CT,AA,TT,AA,GG,TT,TT,CC,CC,GT,AA,AA,GG,CC,GT,AA,AA,GT,AA,AA,TT,AT,AA,TT,AT,CC,GG,TT,GT,AA,GT,AC,AA,GG,AC,AA,AG,TT,TT,GG,GG,GG,AC,AA,GG,AA,AT,CC,GT,AC,TT,CT,AT,TT,AG,TT,CC,TT,CT,CC,CG,AG,AA,TT,TT,CC,AA,AA,AA,CT,GG,GT,CC,GT,AA,AA,AT,CC,AG,CG,GG,CC,TT,TT,AA,CC,CC,CC,CC,AA,TT,CC,NN,CC,CC,AA,AA,AA,AA,GG,CC,CC,GG,AA,AG,AA,AC,GG,CC,CG,AA,AG,GG,TT,AG,AC,TT,TT,GG,CC,GG,TT,TT,CC,AA,TT,CT,TT,TT,GG,CC,AG,CC,AC,CC,GG,CC,AA,GG,AA,CC,TT,CC,NN,TT,GG,AT,AA,AA,TT,CC,GG,AA,CC,CC,GG,NN,AC,CG,TT,AC,AA,CC,GG,AT,AC,AA,AT,GT,TT,TT,AT,GG,GT,AT,CC,AT,TT,AA,GG,AA,CC,AA,TT,CC,TT,AC,CC,TT,CG,AA,CC,AG,AC,TT,TT,GT,GG,TT,AA,CC,AA,GG,CC,CG,GG,CC,GG,TT,AG,CC,TT,GG,CC,CC,AA,AG,CC,AA,CC,AA,AA,AC,CG,CC,TT,AA,GG,AA,AA,AA,AA,GG,GG,AA,AA,TT,GG,AA,AA,AC,AA,CT,AG,AA,CG,GG,GG,TT,AA,AG,TT,TT,TT,AG,AT,NN,GG,AA,7.35,Moderate,Low,Premium,Late
L0760,Mandya,Karnataka,Kharif,Red Loamy,Irrigated (Cauvery command),780,27.0,72,AC,CC,GG,GG,GG,CG,GG,TT,CC,CG,AA,CC,CG,TT,TT,GG,CG,TT,TT,AG,CC,TT,GT,CC,TT,CC,TT,TT,GT,AA,TT,CC,AA,CC,GG,CG,GG,CG,GG,CC,NN,TT,AA,TT,AA,GG,CT,TT,CC,AC,GG,AT,AA,NN,CC,TT,NN,AC,TT,AA,AA,TT,AT,AA,TT,AT,CC,GG,TT,TT,NN,GG,CC,AA,AG,AA,AA,GG,TT,TT,GG,GG,GG,CC,AA,GG,AA,AA,CC,GT,AC,TT,CC,TT,GT,GG,TT,AA,TT,CC,CT,CC,AA,AA,AT,TT,CC,AA,AA,AC,CC,GT,TT,CC,TT,AC,AA,TT,CC,GG,CC,AG,CC,GG,TT,AA,CT,CC,CC,CC,AA,TT,AC,AA,CC,CC,AA,AT,AA,AA,GG,CC,CC,GG,AA,AG,AA,AC,GG,CC,CC,AA,NN,AG,TT,GG,AA,GT,CT,GG,CC,TT,TT,CT,CC,AT,GG,TT,AA,AT,GG,CC,AG,CC,CC,CC,CG,CC,AA,GG,GG,CC,TT,CC,GG,TT,GG,AA,AA,AA,TT,CC,GG,AC,AA,CC,GG,GG,AA,GG,TT,AA,AG,CC,GG,AT,AC,AA,AA,GG,GT,TT,AT,GG,GT,AA,CC,AT,TT,AA,GG,AA,TT,AA,TT,CC,TT,AA,CC,TT,CG,AA,CC,AA,CC,TT,CT,GT,GG,TT,AA,AC,AG,GT,CC,CG,GG,CC,GG,TT,AA,CG,TT,GG,CC,CC,AA,GG,CG,AA,CC,AA,AA,AC,GG,CC,TT,AA,GG,AA,AA,AA,AA,AG,AG,AA,AA,TT,GG,CC,AA,AA,AC,TT,AA,AA,GG,GG,GG,TT,AT,AA,TT,TT,TT,AG,AA,GG,GG,AA,4.06,Susceptible,Low,Standard,Early
L0761,Mandya,Karnataka,Kharif,Red Loamy,Irrigated (Cauvery command),780,27.0,72,AC,CT,GG,AG,GG,CC,GG,TT,CC,CC,AT,CC,CC,AT,TT,GT,CG,TT,TT,AG,CG,TT,GT,CC,TT,CC,TT,TT,GG,AA,TT,CC,AA,CC,GG,GG,GG,CC,GG,CC,TT,CT,AA,TT,AA,GG,TT,TT,CC,AA,GG,AA,AG,GG,CT,TT,AA,AC,GG,AA,AA,TT,TT,AA,TT,TT,CC,GG,CT,GG,AG,GG,CC,AA,GG,AC,AA,GG,TT,TT,GG,GG,GG,CC,AT,GG,AA,AA,CC,GT,AC,TT,CT,TT,TT,GG,TT,CC,TT,CC,CC,CC,AG,AA,TT,TT,CG,AA,AA,AA,CC,GG,TT,CG,TT,CC,AA,TT,CC,GG,CG,GG,CT,GG,TT,AG,CC,CC,CC,CC,AA,TT,CC,AA,CC,CC,AA,AT,AA,AT,GG,CC,CG,GG,AA,AG,AT,CC,GG,CG,CC,AA,AG,GG,GT,GG,AA,GT,TT,GG,AC,GT,TT,TT,CG,AA,TT,TT,AA,TT,GG,CC,AG,CT,AC,AC,GG,CC,AA,AG,GG,CC,TT,CC,GG,GT,CG,AT,AA,AA,TT,CC,GG,AA,CC,CC,GG,GG,CC,GG,TT,AC,AA,CC,GG,AT,CC,AA,AT,GT,TT,AT,NN,GG,GT,AT,CG,AT,GG,AA,GG,AG,TT,AA,TT,CC,TT,AC,CC,TT,GG,AA,CC,AG,CC,TT,TT,GT,GG,TT,AA,AC,AA,GG,CC,CG,GG,CC,GG,AT,AA,CG,TT,GG,CC,CC,AT,GG,CG,AA,CC,AA,AA,CC,CG,CC,TT,AA,GG,AA,AA,AA,AA,AG,AG,AG,AA,TT,CG,AA,AA,CC,AA,CC,AA,AA,GG,AG,GG,TT,AA,AA,GT,TT,NN,GG,TT,GG,GG,AA,7.33,Susceptible,High,Premium,Early
L0762,Mandya,Karnataka,Kharif,Red Loamy,Irrigated (Cauvery command),780,27.0,72,AC,CT,GG,AA,GG,CC,GT,TT,CC,CC,AA,CC,CC,AT,GT,GG,CG,TT,TT,AA,CC,TT,GT,CT,TT,CC,GT,TT,GT,AC,TT,CC,AA,CC,GG,CG,GG,CC,GG,AC,TT,TT,AA,TT,GG,GG,CC,AT,CC,NN,GG,AT,AG,GG,CT,TT,AA,NN,GG,AC,AA,GT,AT,AG,TT,AA,CC,GG,TT,GT,AA,GG,CC,AA,GG,CC,AA,GG,TT,TT,GG,GG,GG,CC,AA,GG,AA,AT,CC,GG,AC,TT,CC,TT,TT,GG,TT,CC,TT,CC,CT,CC,AG,AA,TT,TT,CG,AA,AG,AA,CT,GG,GT,CC,TT,AA,AA,TT,CC,AA,CC,GG,CC,GT,TT,AG,CC,CC,CC,CC,AA,TT,CC,AA,CC,CC,AA,TT,AA,AA,NN,CC,CC,AG,AA,AG,AA,AC,GT,CC,CC,AA,AG,GG,TT,AG,AA,TT,CT,GG,CC,GT,GT,TT,CG,AA,TT,CT,AT,TT,GG,CC,AA,CT,CC,CC,GG,CC,AA,GG,AG,CC,TT,CG,GG,GT,GG,TT,AA,AA,TT,CC,CG,AA,CC,CC,GG,GG,CC,GG,TT,AA,AA,CC,GG,AT,CC,AA,AA,GG,TT,AT,AT,GG,GT,AT,CC,AT,TT,AA,GG,AA,CT,AA,TT,CC,TT,AC,CC,TT,GG,NN,CC,AG,CC,TT,TT,GT,GG,TT,AC,AC,AA,NN,CC,CG,GG,CC,GG,TT,AG,CC,TT,GG,CC,CC,AA,GG,CC,AA,CC,AT,AA,AA,CC,AC,AT,AA,GG,AA,CC,AC,AA,AG,AG,AG,AA,AT,GG,AC,AG,CC,AC,TT,AA,AA,GG,GG,GG,TT,AA,AG,TT,TT,TT,GG,AT,GG,CC,AA,5.34,Moderate,High,Premium,Late
L0763,Mandya,Karnataka,Kharif,Red Loamy,Irrigated (Cauvery command),780,27.0,72,AA,CT,GG,AG,GG,CC,GT,TT,CC,CC,AA,CT,CC,TT,GT,GG,GG,TT,TT,GG,CC,GT,GT,CC,TT,CC,TT,AT,GG,NN,TT,CC,AA,CC,GG,GG,GG,CC,GG,CC,TT,CT,AA,TT,AA,GG,TT,TT,CC,CC,GG,AA,AA,GG,CT,GT,AA,AA,TT,AA,AA,TT,TT,AG,CT,TT,CC,GG,NN,GT,AG,GG,CC,AA,GG,AC,AT,GG,TT,TT,GG,GG,GG,CC,AA,GG,AG,AA,CC,TT,AC,TT,CT,TT,GG,GG,CT,CC,TT,CC,CC,GG,AA,AG,TT,TT,CC,AA,AA,AA,CC,GG,TT,CC,NN,AA,AA,AT,CG,AG,CC,GG,CC,GG,TT,AG,CC,CG,CC,CC,AA,TT,CC,AA,CC,CT,AA,TT,AA,AA,GG,CC,CC,GG,AA,AG,AA,CC,GG,CC,CG,AA,AA,GG,TT,GG,AC,TT,TT,GG,AC,TT,TT,CT,CC,AT,TT,TT,AA,TT,GG,CC,AA,CC,CC,CC,NN,CC,AA,AA,AG,AC,TT,CC,GG,GT,GG,AT,AA,AG,TT,CC,GG,AA,CC,CC,GG,GG,AC,GG,CT,AA,AA,CC,GT,AT,AC,AA,AT,GT,TT,AT,AA,GG,GG,AA,CC,TT,TT,AA,GG,AA,TT,AC,AT,CG,NN,AA,CC,TT,GG,AA,CG,GG,CC,AT,TT,TT,GG,TT,AA,AC,AG,GG,CC,CC,GG,CC,GG,TT,AG,CC,GT,GG,CC,CC,AA,GG,CC,AA,CC,AT,AA,AA,CG,CC,TT,AA,GG,AA,AA,AC,AA,AG,AA,AA,AA,TT,CC,AA,AA,CC,AA,TT,AG,AA,GG,GG,CG,TT,AA,AG,TT,TT,TT,GG,AT,GG,CG,AA,9.8,Susceptible,Medium,Standard,Early
L0764,Mandya,Karnataka,Kharif,Red Loamy,Irrigated (Cauvery command),780,27.0,72,AA,TT,GG,AA,GG,CC,GT,TT,CC,GG,AA,CC,CG,TT,GT,GG,CG,TT,TT,AA,CC,TT,NN,CC,TT,CC,GT,TT,GG,AA,TT,CC,AA,CC,GG,GG,GG,CC,GG,CC,TT,NN,AA,TT,AA,GG,TT,TT,CC,CC,GT,AA,AA,GG,CC,TT,AT,AC,GG,AC,AA,TT,TT,AG,TT,TT,CT,GG,TT,GG,AG,GG,NN,AA,AG,AA,AT,GG,TT,TT,GG,GT,GG,CC,AT,GG,AA,AA,CC,GT,CC,TT,CC,TT,TT,GG,TT,CC,GT,CC,CT,CC,GG,AA,TT,TT,CC,AG,AG,AA,CC,GG,TT,CG,TT,AA,AC,TT,GG,AG,CC,GG,CC,GG,TT,AA,CC,CC,CC,CG,AA,TT,CC,AA,CC,TT,AA,TT,AA,AA,GG,CT,CC,GG,AA,AG,AA,CC,GG,CC,CC,AA,AA,GG,GT,GG,AC,TT,CT,AG,NN,TT,TT,TT,CC,AA,GT,TT,AA,TT,CG,CG,AA,CT,CC,CC,GG,CC,AT,GG,AG,CC,TT,CC,GT,TT,GG,TT,AA,AA,TT,AA,GG,AA,CC,CC,GG,GG,CC,GG,TT,NN,AA,CC,GG,AT,CC,AA,AA,GG,GT,TT,AT,GG,GT,AA,CC,AA,NN,AA,GG,AA,CT,AC,TT,CC,TT,AA,CC,CT,GG,AG,CC,AG,CC,TT,NN,TT,GG,TT,AC,AC,AA,GG,CC,CC,GG,CC,GT,AT,GG,CC,TT,GG,CC,CC,AA,GG,CG,AT,CC,AT,AA,CC,CG,AC,TT,AA,GG,AA,AA,AC,AA,AG,AG,AA,AA,TT,GG,AC,AG,AC,AC,TT,AG,AA,GG,GG,GG,TT,AA,AG,TT,TT,TT,GG,TT,GG,GG,AA,4.92,Susceptible,High,Poor,Early
L0765,Mandya,Karnataka,Kharif,Red Loamy,Irrigated (Cauvery command),780,27.0,72,AC,CT,AG,AA,GG,CC,GG,NN,CC,CC,AA,CC,CC,TT,TT,GG,GG,TT,TT,AA,GG,GT,GT,TT,TT,CC,TT,TT,GG,AA,TT,CT,AA,CC,AG,GG,GG,CC,GG,CC,TT,TT,AA,TT,AA,AA,TT,AA,CC,AC,GG,AA,AG,GG,CT,TT,AA,AC,TT,AC,AG,GT,TT,AA,TT,TT,CC,GG,TT,NN,GG,GG,CC,AA,AG,AC,AT,GG,GT,TT,GG,GG,GT,CC,AA,GG,AA,AA,CC,GT,CC,GT,CT,TT,GT,NN,CT,CC,GT,CC,CC,CG,GG,AA,TT,TT,CC,AA,AG,AA,CC,GG,TT,CC,TT,AA,AA,TT,CG,GG,CC,GG,CC,GT,CT,AA,CC,CC,AC,CC,NN,TT,CC,AA,CC,CT,AA,TT,AA,AA,CG,CC,CC,GG,AA,AG,AA,CC,GT,CC,CG,AA,AA,AG,TT,GG,AC,TT,CT,GG,CC,TT,TT,TT,CC,AT,TT,TT,AT,TT,GG,CC,AA,CC,AC,CC,GG,AC,AA,AG,AA,CC,TT,CC,TT,TT,GG,AT,AA,AG,TT,CC,GG,CC,AC,NN,GG,GG,AC,CG,TT,AA,AA,CC,GG,AA,CC,AA,AT,GG,TT,AT,AA,CG,GG,AT,CC,AT,GT,AA,GG,AG,CC,AA,TT,CC,TT,AA,CC,CT,GG,AA,CC,GG,CC,TT,TT,TT,GG,AT,AA,AC,AG,GG,CC,CG,GG,NN,GG,AA,AA,CC,TT,GG,CC,CC,AT,GG,CC,AA,CG,AA,AA,AC,CG,AC,TT,AA,GG,AA,AA,AC,AA,AA,AA,AA,AA,TT,GG,AA,AA,AC,AA,CC,AG,AA,CG,GG,GG,TT,TT,AA,TT,TT,TT,AA,AA,GG,GG,AA,6.63,Susceptible,Medium,Poor,Medium
L0766,Mandya,Karnataka,Kharif,Red Loamy,Irrigated (Cauvery command),780,27.0,72,AC,TT,GG,AG,GG,CC,GT,AT,CG,CG,AA,CC,CG,AT,TT,GT,GG,TT,TT,AA,CC,TT,GT,CC,TT,CC,TT,AT,GG,AA,TT,CT,AA,CC,AG,CG,GG,CC,GG,NN,TT,CT,AA,GT,AA,AG,TT,AT,CC,AC,GG,AA,AG,GG,TT,GT,AA,AA,TT,AA,AA,TT,AT,AA,TT,AT,CC,GG,TT,GG,AG,GG,CC,AA,AA,AA,AA,GG,GT,TT,GG,TT,GT,CC,AA,GG,AA,AA,CC,TT,AC,NN,CC,TT,GT,GG,TT,NN,TT,CC,CC,CC,AG,AA,TT,TT,CG,AA,AG,NN,CT,GG,TT,CC,TT,AA,AC,AT,CG,GG,CC,AG,CC,GT,TT,AG,CT,CC,CC,CC,AA,NN,CC,AA,CC,CC,AA,TT,AA,AA,CG,CC,CC,AG,AA,AA,AA,CC,GG,CC,CC,AA,AG,GG,TT,AG,AC,TT,TT,AG,CC,TT,GT,NN,CC,AT,TT,TT,AA,AT,GG,CC,AG,CT,CC,CC,GG,AC,AA,GG,GG,NN,TT,CC,GT,TT,GG,AT,AA,AA,TT,CC,CG,AA,AC,CC,NN,GG,AC,GG,TT,AC,NN,CC,GG,AA,CC,AA,TT,GG,TT,TT,AA,NN,GG,AA,CC,AT,GT,AA,GG,AA,CT,AA,TT,CC,TT,AA,CC,TT,GG,AG,CC,AG,NN,TT,CT,GT,GG,TT,AA,AC,AG,GT,CC,CG,GG,CG,GG,AT,AA,CG,TT,GG,CC,CC,AA,GG,CG,AA,CC,AA,AA,CC,CC,CC,TT,AA,GG,AA,AA,NN,AA,AG,AG,AA,NN,TT,GG,AA,AG,CC,AA,CT,AA,AA,GG,GG,GG,GT,AA,AA,GG,TT,AT,AA,TT,GG,CG,AC,4.41,Moderate,High,Premium,Late
L0767,Mandya,Karnataka,Kharif,Red Loamy,Irrigated (Cauvery command),780,27.0,72,AC,CT,GG,AA,GG,CC,GT,TT,CC,CG,AA,CC,CG,TT,GT,GG,GG,TT,TT,AG,CC,GG,TT,CC,TT,CC,TT,AA,GT,AA,CT,CC,AG,CC,GG,GG,GG,CC,GG,AC,TT,CT,AC,GT,AG,GG,TT,NN,CC,AA,GG,AA,AA,GG,CT,TT,AA,AC,GT,AC,AA,TT,AT,AA,TT,AT,CC,GG,TT,GT,AA,GG,CC,AA,GG,AC,AT,GG,GT,TT,GG,GG,GT,CC,AT,GG,AA,AT,CC,GG,AC,GT,CC,TT,GT,GG,TT,CC,GT,CC,CT,NN,GG,AA,TT,TT,CC,AA,AA,AC,CC,GG,TT,CC,TT,AA,AA,TT,CG,GG,CG,GG,CC,GT,CT,AA,CC,CC,CC,GG,AA,TT,CC,AA,CC,CT,AA,TT,AA,AT,GG,CT,CC,GG,AA,AG,AA,CC,GT,CC,CC,AA,AG,GG,TT,GG,AC,TT,CT,GG,AC,GT,GT,CT,CC,TT,TT,TT,AA,TT,CG,NN,AG,CT,CC,CC,CG,CC,AA,GG,AA,CC,TT,CC,GG,TT,GG,TT,AA,AA,TT,AC,GG,CC,CC,CC,GG,GG,NN,CG,TT,AA,AA,CG,GT,AA,CC,AA,AA,GG,GT,TT,AA,GG,GG,AT,CC,TT,GT,AA,GG,AA,TT,AC,TT,CG,CT,AC,AC,TT,GG,AG,CC,AG,CC,TT,TT,TT,CG,TT,AA,CC,AG,GT,CC,CC,GG,CC,GG,TT,AA,CC,TT,GG,CC,CC,AA,AG,CC,AA,CC,AA,AA,CC,CG,AC,TT,AA,GG,AA,AA,CC,AC,GG,AA,AA,AA,TT,GG,AA,AA,CC,NN,TT,AA,AA,GG,GG,GG,TT,AA,AA,TT,TT,TT,AG,NN,GG,GG,AA,5.63,Moderate,Low,Premium,Early
L0768,Mandya,Karnataka,Kharif,Red Loamy,Irrigated (Cauvery command),780,27.0,72,AA,TT,GG,AA,GG,CC,GT,TT,CC,CG,AA,CC,CG,AT,TT,GT,GG,TT,TT,AA,CC,TT,GT,CC,TT,CC,TT,TT,GG,AA,TT,CC,AG,CC,GG,GG,GG,CC,GG,CC,TT,TT,AA,TT,AA,GG,TT,TT,CC,AA,GG,AA,AG,CG,NN,TT,AA,AA,GG,AC,AG,TT,TT,AG,TT,TT,CC,GG,TT,GT,AG,GG,CC,AA,GG,AC,AT,GG,TT,TT,GG,GG,GG,CC,AA,GG,AA,AA,CC,TT,AC,TT,NN,TT,TT,AG,CC,CC,GT,CC,CT,CG,AG,AA,TT,TT,CC,AA,AG,AC,TT,GG,TT,NN,TT,AA,AA,TT,NN,AG,CG,AG,CC,GT,TT,AA,CC,CC,CC,CC,AA,TT,AC,AA,CC,CT,AA,TT,AG,AT,GG,CC,CC,GG,AA,AG,AT,AC,GG,CC,CC,AA,AA,GG,TT,GG,AC,TT,CT,GG,AC,GT,GT,TT,CC,AA,NN,TT,AT,TT,GG,CC,AA,CT,CC,CC,CG,AC,AA,GG,AA,CC,TT,CC,GG,GT,CG,TT,AA,AA,TT,CC,CG,AA,CC,CC,GG,NN,CC,CG,CT,AC,AA,CC,NN,AT,AC,AA,AA,GG,TT,TT,AT,GG,TT,AT,CC,TT,GT,AA,GG,AA,TT,AA,TT,CC,TT,CC,CC,CT,GG,AA,CG,AG,CC,TT,CT,GT,GG,TT,AA,AC,AG,GG,CC,CG,GG,CC,GG,TT,AA,CC,TT,GG,CC,CG,AA,GG,CC,AA,CC,AA,AA,AC,CC,CC,AT,AA,GG,AA,AA,AC,AC,AG,AG,GG,AA,AT,GG,AA,AG,AA,AC,TT,AA,AA,GG,GG,GG,TT,AA,AA,GT,TT,TT,AA,NN,GG,GG,AA,7.26,Moderate,High,Premium,Early
L0769,Mandya,Karnataka,Kharif,Red Loamy,Irrigated (Cauvery command),780,27.0,72,AC,TT,AG,AG,GG,CG,GT,TT,CC,CC,AA,CC,CC,TT,TT,GG,GG,TT,NN,AG,CG,GT,TT,CT,AA,CC,TT,TT,GG,AA,TT,CC,AA,CC,GG,CG,GT,GG,GG,CC,TT,CT,AA,GT,AA,AG,NN,AT,CC,AA,GT,AT,AG,GG,CC,TT,AA,AC,GG,AC,AA,GT,TT,AA,CT,TT,CC,GG,TT,GT,AG,GG,CC,AA,GG,AC,AT,GG,TT,TT,GG,GT,GG,CC,AA,GG,AG,AA,CG,NN,AC,TT,CC,AT,GT,GG,TT,CC,TT,CC,CC,CG,GG,AG,TT,TT,CC,AA,GG,AA,CC,GG,TT,CC,GT,AA,AA,TT,CC,AA,CC,GG,CC,GG,TT,AG,CC,CC,CC,CC,AA,GT,CC,AA,CC,CT,AA,TT,AG,AA,GG,CC,CC,GG,AA,GG,AA,AC,GG,CC,CC,AA,AG,GG,TT,GG,AA,TT,CT,GG,AC,TT,GT,TT,CC,AT,GT,TT,AA,AT,CG,CC,AG,TT,CC,AC,GG,AC,AA,AG,AA,CC,TT,CG,GT,TT,CG,TT,AA,AA,TT,AC,CG,AC,AC,CC,GG,GG,AA,GG,TT,AC,AA,CC,GG,AA,AC,AA,AT,GG,GT,AT,TT,GG,TT,AT,CC,TT,GG,AA,GG,AG,TT,AC,TT,CC,TT,AA,CC,CT,GG,AG,CG,AG,CC,TT,TT,GT,GG,TT,NN,AC,AG,GG,CC,CC,GG,CC,GG,AT,AA,CC,TT,GG,CC,CC,AA,GG,CC,AA,CC,AA,AA,AC,GG,CC,TT,AA,CG,AA,AA,AC,AA,AA,AA,AA,AA,TT,GG,AC,AA,CC,AC,TT,AA,AA,GG,GG,GG,TT,AA,AA,TT,TT,TT,AG,TT,GG,GG,AA,7.65,Susceptible,High,Standard,Early
L0770,Mandya,Karnataka,Kharif,Red Loamy,Irrigated (Cauvery command),780,27.0,72,AA,CT,GG,AA,GG,CG,GT,AA,CC,GG,AT,CT,CG,AT,TT,GG,CG,TT,TT,AA,CC,TT,TT,CC,TT,CT,TT,TT,GG,AA,TT,CC,AA,CC,GG,GG,GG,CC,GG,AC,GT,CC,AC,TT,AG,GG,TT,TT,CC,AC,GT,AA,AA,GG,CT,TT,AT,AA,GG,AC,AA,TT,TT,AA,TT,AT,CC,GG,TT,GG,AA,GT,CC,AA,AG,AA,AT,GG,TT,TT,GG,GG,GG,AC,AT,AG,NN,AA,CC,TT,CC,TT,CT,TT,TT,GG,CT,CC,TT,CC,CC,CG,AA,AA,TT,TT,CC,AA,AG,AA,CT,GG,TT,CC,TT,AC,AA,TT,CC,GG,CG,GG,CC,GG,CT,AA,CC,CC,CC,CC,AA,TT,CC,AA,CC,CC,AA,NN,AA,AA,GG,CT,CC,GG,AA,AA,AA,CC,GT,CC,CG,AA,AG,GG,GT,GG,AC,GG,TT,AG,CC,GT,TT,TT,CC,AA,GT,TT,AA,TT,CC,CC,AA,CC,CC,CC,CG,CC,NN,GG,AG,CC,TT,CG,GG,GT,GG,AT,AA,GG,TT,AC,CG,AA,CC,CC,GG,GG,AA,GG,TT,AA,AA,CC,GG,AA,CC,AA,AA,GG,TT,TT,AA,CG,GT,AT,CG,AT,GT,NN,GG,AA,CT,AA,TT,CC,TT,AC,CC,TT,GG,AG,CC,AA,CC,TT,TT,GT,GG,TT,AA,AA,AA,GG,CC,NN,GG,CC,GG,TT,AA,CC,GT,GG,CC,CC,AA,GG,CC,AA,CG,AA,AA,CC,CG,AA,TT,AA,GG,AA,AA,AA,AA,GG,NN,AG,AA,TT,GG,AA,AG,AC,AA,TT,AA,AA,GG,GG,GG,TT,AA,AA,GT,TT,TT,AA,AA,GG,GG,AA,9.17,Resistant,Low,Standard,Medium
L0771,Mandya,Karnataka,Kharif,Red Loamy,Irrigated (Cauvery command),780,27.0,72,AC,CT,GG,AG,CG,CC,GG,TT,CC,CG,AA,NN,CG,TT,GT,GG,GG,AT,TT,AA,CC,GT,GT,CC,AT,CC,NN,TT,GG,AA,TT,CT,AA,CC,GG,GG,GG,GG,GG,CC,TT,TT,AA,GT,AA,AG,TT,AT,CC,AC,GT,AA,AA,GG,CC,TT,AA,AA,GT,CC,AA,GT,TT,GG,TT,AT,CC,GT,TT,GG,AA,GG,CC,AA,GG,AC,AT,GG,TT,TT,GG,GG,GG,CC,AT,GG,AA,AA,CC,TT,CC,TT,CC,TT,GT,GG,TT,CC,TT,CT,CC,CG,AG,AA,TT,TT,CC,AA,AG,AA,CT,GG,GT,CC,TT,AA,AA,AT,CC,AG,GG,AG,CC,GG,CT,AA,CC,CC,CC,CC,AA,TT,CC,AA,CC,CT,AA,TT,AA,AA,GG,CC,CG,GG,AA,AA,AA,AC,GG,CC,CC,AA,AA,GG,GT,GG,AA,GT,TT,AG,CC,TT,TT,TT,NN,AA,TT,TT,AT,TT,GG,CC,AA,CT,CC,CC,GG,CC,AA,GG,GG,CC,TT,CC,NN,GT,GG,TT,AA,AA,GT,CC,GG,NN,CC,CC,GG,GG,AC,GG,TT,AC,AA,CC,GG,AA,AC,AA,AT,GT,GT,TT,AT,CG,GG,AA,CC,TT,TT,AA,GG,AA,TT,AC,TT,CC,CC,AA,CC,TT,GG,AG,CC,GG,CC,TT,TT,GT,GG,TT,AA,AC,AA,GG,CC,CG,GG,CC,GG,AT,AA,CG,GT,GG,CG,CC,AA,GG,CC,AA,CC,AA,AA,AC,GG,AA,TT,AA,GG,AA,AC,AA,AA,GG,AA,AA,AA,TT,GG,AA,AA,CC,AA,CT,AA,AG,GG,GG,GG,TT,AA,AA,TT,TT,NN,AG,TT,GG,NN,AA,8.73,Susceptible,Low,Premium,Early
L0772,Mandya,Karnataka,Kharif,Red Loamy,Irrigated (Cauvery command),780,27.0,72,AC,TT,GG,AG,GG,CC,GG,TT,CC,CG,AA,CC,CC,AT,TT,GG,GG,TT,TT,AG,CG,TT,TT,CT,TT,CC,TT,TT,GG,AA,TT,CC,AA,CC,GG,GG,GG,CG,GG,CC,TT,CT,AA,GG,AG,AA,CT,TT,CC,AC,TT,AA,AA,CG,CC,TT,AA,AA,GT,AC,AG,GT,AA,GG,TT,TT,CT,GG,TT,GG,AA,GG,CC,AA,GG,AA,TT,GG,TT,TT,GG,GG,GT,CC,AA,GG,AA,AT,CG,TT,CC,TT,CT,AT,NN,GG,CT,CC,TT,CT,CC,CG,AG,AA,TT,GT,CC,AA,AG,CC,CT,GG,GT,CC,TT,AA,AA,TT,CG,GG,CC,GG,CC,GT,TT,AA,CC,CC,CC,CC,AA,TT,CC,AA,CC,CT,AA,TT,AA,AA,GG,CT,CC,GG,AA,AA,AA,CC,GT,CC,CC,AG,AA,GG,GT,GG,AA,TT,TT,GG,AC,TT,GT,TT,CG,AA,TT,TT,AA,TT,GG,NN,AG,TT,AC,CC,GG,CC,AA,GG,GG,AC,TT,CC,GG,TT,GG,TT,AA,AA,TT,CC,GG,AC,AC,CC,GG,GG,AC,GG,TT,AA,AA,CC,GG,AA,AC,TT,AA,GG,TT,TT,AT,CC,GT,AA,GG,NN,GT,AA,GG,AA,CT,NN,TT,CG,TT,CC,CC,CT,GG,AA,CC,AA,AC,TT,TT,TT,GG,TT,AC,AC,AA,GG,CC,CG,GG,CC,GG,AT,AA,CC,TT,AG,CC,CC,AA,AG,CC,AA,CC,AA,AA,AC,CG,CC,TT,AA,GG,AA,AA,AC,AA,GG,AG,AA,AA,TT,GG,AC,AG,CC,AA,TT,AG,AA,GG,GG,GG,TT,AA,AG,TT,TT,TT,AA,NN,GG,GG,AA,6.44,Moderate,High,Poor,Medium
L0773,Mandya,Karnataka,Kharif,Red Loamy,Irrigated (Cauvery command),780,27.0,72,AC,TT,GG,AA,GG,CC,GG,TT,CC,NN,AA,CT,CC,TT,GG,GG,GG,AT,TT,AG,CC,GT,GG,CC,TT,CC,GT,TT,GT,AC,TT,CC,AG,CC,GG,GG,GG,CC,GG,CC,TT,TT,AA,TT,AG,GG,CT,TT,CC,AA,NN,AA,AG,GG,CC,TT,AA,AC,GT,AA,AA,GT,AT,AA,TT,TT,CC,GG,TT,GG,GG,GG,AC,NN,AG,AC,AA,GG,TT,TT,GG,GG,GG,AC,AA,GG,AA,AT,CC,TT,CC,TT,CC,TT,TT,GG,TT,CC,TT,NN,CC,CC,AG,AA,AT,GT,CC,AA,AG,AA,CT,GG,GT,CC,TT,AA,AA,TT,NN,GG,CG,AG,CT,GG,TT,AG,CC,CC,CC,CC,AA,TT,CC,AA,CC,CC,AA,AT,AA,AA,CG,CC,CC,AG,AA,AG,AA,CC,GT,CC,CG,AA,GG,GG,TT,GG,AC,TT,CC,GG,AC,TT,GT,TT,CG,AT,TT,TT,AT,AT,GG,CC,AA,TT,CC,CC,CG,CC,AA,NN,AG,CC,TT,CC,GT,TT,GG,AT,AA,AA,GT,CC,GG,AA,CC,CC,GG,GG,AC,GG,TT,AA,AA,CC,GG,AT,AC,AA,AT,GG,TT,TT,AT,GG,GG,AA,CG,TT,GT,AA,GG,AA,TT,AA,TT,CC,TT,AA,CC,TT,CG,AG,CC,AG,CC,TT,CT,TT,GG,TT,AA,AC,AA,NN,CC,CG,GG,CC,GG,TT,NN,CC,TT,GG,CC,CG,AA,GG,CC,AT,CC,AA,AA,AA,CG,AC,TT,AA,GG,AA,AA,AA,AC,AG,AG,AG,AA,TT,GG,AA,AA,CC,AA,CT,AA,AA,CG,GG,GG,GT,AT,AA,TT,TT,TT,GG,TT,GG,CC,AA,4.69,Susceptible,High,Premium,Early
L0774,Mandya,Karnataka,Kharif,Red Loamy,Irrigated (Cauvery command),780,27.0,72,AC,TT,AA,AG,CG,CC,GG,TT,CC,CG,AA,CC,CC,TT,TT,GT,CG,TT,AT,AG,CC,GT,GT,CC,TT,CC,TT,TT,GG,AA,TT,CT,AG,CC,GG,GG,GG,CC,GG,CC,TT,CT,AA,TT,AG,GG,TT,AT,CC,AC,GG,AA,AA,GG,NN,GT,AA,AC,GG,AC,AA,GT,TT,GG,TT,TT,CC,GG,TT,GG,AG,GG,CC,AA,AG,AA,AA,GG,TT,TT,GG,GT,GG,CC,AT,GG,AA,AA,CC,TT,CC,TT,TT,TT,TT,GG,TT,CC,GT,CC,CC,CC,AA,AA,AT,TT,CC,AA,AG,AA,CC,GG,GT,CC,GT,AA,AA,TT,CC,GG,CC,AG,CC,GT,CT,AA,CT,CC,CC,CC,AA,TT,AC,NN,CC,CT,AA,TT,AA,TT,GG,CC,CG,AG,AA,AG,NN,CC,GT,CC,CG,AA,AA,GG,TT,AG,CC,GT,CC,GG,CC,TT,GT,TT,CC,AA,GT,CT,AT,TT,CG,CC,AA,TT,CC,CC,CG,AC,AA,GG,AG,CC,TT,CC,GT,TT,GG,AT,AA,GG,TT,AC,CG,AA,AC,CC,CG,GG,AC,CG,TT,AA,AA,CC,GG,AA,AC,AA,AA,GT,TT,TT,AT,CG,GT,AT,CC,AT,GT,AA,GG,AA,TT,NN,TT,CC,TT,AA,CC,NN,GG,AG,CC,AG,CC,TT,CT,GT,GG,TT,AA,CC,AG,GG,CC,CG,GG,CG,GG,AT,AG,CC,TT,GG,CG,CC,AT,GG,CC,AT,CC,AA,AA,AA,CC,AC,AT,AA,GG,AA,AA,AC,AA,AG,AG,AA,AA,TT,GG,AA,AA,CC,AA,CC,AA,AA,GG,GG,GG,TT,AA,AA,GT,TT,TT,AG,AA,GG,CG,AA,7.87,Susceptible,High,Premium,Late
L0775,Mandya,Karnataka,Kharif,Red Loamy,Irrigated (Cauvery command),780,27.0,72,AA,CT,GG,AA,CG,CC,GG,TT,CC,CG,AA,CC,GG,TT,TT,GG,GG,TT,TT,AA,CC,TT,GT,CT,TT,CC,TT,TT,GG,AA,TT,CT,AA,CC,AG,GG,GG,CC,GG,CC,TT,CT,AA,GT,GG,AG,TT,AT,CC,AC,GT,AA,AG,GG,TT,GT,AA,AA,GG,AC,AA,GT,AT,AA,TT,AT,CC,GG,TT,GG,AA,GG,CC,AA,GG,AC,AT,GG,TT,TT,GG,GT,GT,CC,AA,GG,AA,AT,CG,GT,CC,TT,CC,TT,GT,AG,CT,CC,GT,CC,CT,NN,AA,AA,TT,GT,CC,GG,AA,AA,CT,GG,TT,CC,TT,AA,AA,TT,CG,AG,CG,GG,CC,GG,TT,AA,CC,CC,AC,CC,AA,TT,CC,AA,CC,CC,AA,TT,AA,AT,CG,CT,CG,GG,AA,AA,AA,CC,GT,CC,CC,AA,AA,AG,GT,AG,AA,TT,CT,AG,AA,GT,NN,TT,CC,AA,GT,TT,AA,TT,GG,CC,AA,CT,CC,CC,CG,CC,AA,GG,AA,CC,TT,CC,GT,TT,CG,AT,AG,AA,NN,CC,GG,AC,NN,CG,GG,GG,AA,GG,TT,AA,AA,CC,GG,AA,CC,AA,AA,GG,TT,TT,AA,GG,GT,AT,GG,AT,GT,AA,GG,AA,TT,AA,TT,CC,TT,AA,AC,TT,GG,AA,CC,AG,CC,TT,CT,TT,GG,NN,AA,AA,AA,GT,CC,CG,GG,CC,GG,AT,AG,CG,TT,GG,CC,CC,AA,GG,CC,AT,CC,AA,AA,CC,CC,AC,TT,AA,CG,AA,AC,AA,AC,GG,AG,AA,AA,TT,GG,AA,AG,AC,AA,CT,AG,AA,GG,GG,CC,TT,AT,AG,TT,TT,TT,AA,AT,GG,GG,AC,7.08,Moderate,Medium,Poor,Early
L0776,Mandya,Karnataka,Kharif,Red Loamy,Irrigated (Cauvery command),780,27.0,72,AC,TT,AG,AG,GG,CC,GG,AT,CC,CG,AA,CC,CC,TT,TT,GT,GG,TT,TT,AA,CC,TT,TT,CT,TT,CC,TT,AT,GG,AA,TT,CC,NN,CC,GG,GG,GG,CC,GG,NN,TT,CT,AA,TT,AG,GG,TT,TT,CC,AC,GG,AA,AG,GG,CC,TT,AA,AA,GT,AA,AA,GT,AT,AG,TT,TT,CC,GG,TT,TT,AG,GG,CC,AG,GG,AA,AA,GG,TT,TT,GG,GG,GG,CC,AT,GG,AA,AA,CC,GT,CC,TT,CT,TT,TT,GG,CT,AC,TT,CC,CT,CG,GG,AA,TT,TT,CG,AA,AG,AA,CC,GG,TT,CC,TT,AA,AC,TT,CC,GG,CC,GG,CT,GT,CC,AA,CT,CC,AC,CC,AA,TT,CC,AA,CC,CC,AA,TT,AA,AA,GG,CC,CC,GG,AG,AA,AA,CC,GG,CC,CC,AA,AA,GG,TT,GG,AA,TT,CT,GG,CC,TT,GG,CT,CC,AT,GT,TT,AA,AT,GG,NN,AA,CT,CC,AC,CG,CC,AA,GG,AG,CC,TT,CG,TT,GT,GG,TT,AA,AG,TT,CC,GG,AA,CC,NN,GG,AG,AA,GG,TT,AA,AG,CC,GG,AA,CC,AA,AA,GT,TT,TT,AA,GG,GG,AT,CG,TT,GT,AA,GG,AA,CT,AA,AT,CC,TT,AC,AC,TT,GG,GG,CG,AG,AC,TT,TT,GT,GG,TT,AC,CC,AA,GG,CG,CC,GG,CC,GG,TT,AA,CC,TT,GG,CC,CC,AA,AG,CC,AT,CC,AA,AA,AC,CC,CC,AT,AA,NN,AA,AC,AC,AA,GG,AG,AA,AA,TT,GG,AA,AG,AC,AA,CC,AA,AA,CG,GG,GG,TT,AT,AG,TT,TT,TT,AA,AA,GG,GG,CC,6.35,Resistant,Medium,Premium,Early
L0777,Mandya,Karnataka,Kharif,Red Loamy,Irrigated (Cauvery command),780,27.0,72,AC,TT,GG,AA,GG,CC,GT,TT,CC,CC,AA,CT,CC,TT,GT,GG,CG,TT,AT,AA,CC,TT,GT,CC,AT,CC,TT,TT,GT,AC,TT,CC,AA,NN,GG,GG,GG,CC,NN,CC,TT,TT,AA,TT,AA,GG,CT,AT,CC,AC,GT,AA,AA,GG,CT,TT,AT,AA,GG,AA,AA,TT,TT,AA,CT,AT,CC,GG,TT,GT,AG,GG,NN,AA,GG,AC,AA,GG,TT,TT,GG,GT,NN,CC,AT,GG,AA,AA,CC,GT,CC,TT,CT,TT,TT,GG,TT,CC,GT,CC,CC,CG,GG,AA,TT,TT,CC,AG,AG,AA,CT,GG,TT,CC,TT,AA,AA,TT,CC,AA,CC,GG,CC,GG,CT,AA,CC,CC,CC,CC,AA,GT,CC,AC,CC,CC,AA,TT,AG,AA,GG,CC,CC,GG,AG,AA,AA,CC,GG,CC,CC,AA,AG,GG,TT,AG,AC,TT,TT,AG,CC,TT,TT,TT,CG,AT,GT,TT,AA,AT,GG,CC,AG,CC,CC,CC,GG,CC,AT,AG,AG,AC,TT,CG,GG,GT,GG,AA,AA,AA,TT,CC,GG,AC,AC,CC,GG,GG,AA,GG,TT,AA,AA,CC,GT,AT,NN,AA,AT,GT,TT,AT,AA,GG,GT,AA,CC,AT,TT,NN,GG,AA,TT,AA,TT,CC,TT,AC,CC,CT,CG,AG,CC,AA,CC,TT,TT,GG,GG,TT,AA,AA,AG,GG,CC,CC,GG,CC,GG,AT,AA,CG,TT,GG,CG,CC,AA,AG,CG,AA,CC,AA,AA,AC,CG,AC,TT,AA,GG,AA,AA,AA,AA,GG,AA,AA,AA,AT,GG,AA,AG,CC,AC,CT,NN,AA,GG,GG,GG,TT,NN,AA,TT,TT,TT,AG,TT,GG,GG,AA,5.94,Susceptible,Low,Standard,Medium
L0778,Mandya,Karnataka,Kharif,Red Loamy,Irrigated (Cauvery command),780,27.0,72,AC,TT,GG,GG,CG,CC,GG,TT,CC,CC,AA,CC,CC,AT,TT,GG,CG,TT,TT,AG,CC,GG,GT,NN,TT,CC,GG,TT,GG,AA,CT,CC,AA,CC,GG,CG,GG,CG,GG,CC,TT,TT,AA,GT,AA,AG,TT,AT,CC,CC,GT,NN,AA,GG,CC,TT,AA,AA,GT,AA,AA,TT,AT,AA,TT,TT,CC,GG,TT,GG,AG,GG,CC,AA,GG,AC,TT,GG,TT,TT,AG,GT,GG,CC,AA,AG,AA,AA,CC,GG,CC,TT,CT,TT,TT,GG,TT,CC,GG,CC,CC,CG,AA,AA,AT,TT,CG,AA,AA,AA,CT,GG,TT,NN,TT,AA,AA,TT,CC,AG,CG,GG,CC,GG,TT,AA,CC,CC,CC,CC,AA,TT,CC,AA,CC,CC,AA,TT,AA,AA,GG,CC,CG,GG,AG,AG,AA,CC,GG,CC,CC,AA,AA,GG,TT,AG,AC,TT,CT,GG,AC,GG,GT,TT,CC,AA,TT,TT,AA,TT,GG,NN,AG,CC,CC,CC,GG,CC,AA,GG,AA,CC,TT,CG,TT,GG,GG,AT,AA,AA,TT,CC,GG,AC,CC,CC,GG,GG,AC,CG,TT,AA,AA,CC,GG,AA,AC,AA,AA,GG,TT,AT,AA,GG,GG,TT,CG,AT,GT,AA,GG,AA,CT,AA,TT,CC,TT,AA,CC,TT,CG,AG,CG,GG,AC,TT,CT,TT,GG,TT,AC,CC,AG,GG,CC,CC,GG,CC,GG,TT,AA,CC,TT,GG,CC,CG,AA,GG,CC,AT,CC,AA,AA,CC,CC,AC,TT,AA,GG,AA,AC,AC,AA,AG,NN,AA,AA,TT,GG,AA,AA,CC,AC,TT,AA,AA,GG,GG,GG,GT,NN,AA,TT,TT,TT,AG,NN,GG,GG,AA,5.64,Susceptible,Low,Poor,Early
L0779,Mandya,Karnataka,Kharif,Red Loamy,Irrigated (Cauvery command),780,27.0,72,AC,TT,GG,AA,GG,CC,GG,TT,CC,CC,AA,CC,CC,AT,GT,GG,GG,TT,TT,AA,CC,GT,GT,CC,TT,CC,TT,AT,GG,AA,TT,CC,AA,CC,AG,GG,GG,CC,GG,CC,TT,CT,AC,TT,AG,GG,TT,AT,CC,AC,GG,TT,AA,GG,CC,TT,AA,AC,GG,AA,AA,TT,TT,AG,TT,TT,CC,GG,CT,GG,AG,GT,CC,AA,GG,AC,AA,GG,TT,TT,GG,GG,GG,CC,AA,AG,AG,AA,CC,TT,CC,TT,CT,TT,TT,GG,TT,CC,GT,CC,CC,NN,GG,AG,TT,NN,CG,AA,AG,AA,CC,GG,TT,CC,TT,AA,AC,NN,CC,GG,CC,GG,CC,GT,TT,GG,TT,CG,CC,CC,AA,TT,CC,AA,CC,CC,AG,AT,AA,AA,CG,CC,CC,GG,AA,AG,NN,CC,GG,CC,CC,AA,AG,GG,TT,GG,AC,NN,CT,GG,AC,GT,TT,TT,CC,AA,GG,TT,AT,TT,CG,CC,AG,CC,CC,CC,CG,CC,AA,GG,AA,CC,TT,CC,GG,TT,GG,AA,AA,AG,TT,CC,GG,AC,CC,CC,GG,AG,AC,GG,TT,AC,AA,CC,GG,AT,CC,AA,AA,GT,GG,AT,AA,GG,GT,NN,CC,TT,GG,AA,GG,AA,TT,AA,TT,CC,TT,AC,CC,TT,CG,AA,CC,AA,CC,TT,TT,GT,GG,AT,AA,AA,AG,GT,CG,CC,GG,CC,GG,AT,AA,CC,GT,GG,CC,CG,TT,GG,CC,AA,CC,AA,AA,CC,CC,CC,TT,AA,GG,AA,AA,CC,AA,AG,AG,AG,AA,AT,GG,AA,AA,AC,AA,TT,AA,AA,GG,GG,GG,TT,AA,AA,TT,TT,TT,AA,TT,GG,NN,AA,8.75,Susceptible,Medium,Standard,Early
L0780,Mandya,Karnataka,Kharif,Red Loamy,Irrigated (Cauvery command),780,27.0,72,AA,TT,GG,AG,GG,CC,GG,TT,CC,CC,AA,CC,CC,TT,TT,GG,CG,TT,TT,AA,CC,TT,GT,CT,TT,CC,TT,TT,GT,AA,TT,CC,AA,CC,AG,GG,GG,CC,NN,CC,TT,CT,AA,TT,AA,GG,TT,TT,CC,AC,GT,AA,AA,GG,CC,TT,AA,NN,GT,AC,AG,TT,TT,AA,TT,TT,CT,GG,TT,GG,AA,GG,AC,AA,GG,AC,AT,GG,TT,TT,GG,GG,GG,CC,AA,GG,AA,AA,CC,TT,AC,TT,CC,TT,TT,GG,TT,CC,TT,CC,CC,GG,AG,AA,TT,TT,CC,AG,AG,AA,CC,GG,GT,CG,TT,AA,AA,TT,CC,NN,CC,GG,CC,GG,TT,AA,CC,CC,CC,CC,AA,TT,CC,AA,CC,CC,AA,TT,AA,AT,GG,CT,CC,NN,AA,AA,AT,AC,GT,CC,CC,AA,AA,GG,TT,GG,AA,TT,CT,AG,CC,TT,GT,TT,CG,AT,TT,TT,AA,TT,GG,CC,AA,TT,CC,CC,CG,NN,AA,GG,AG,CC,TT,CC,GG,GT,CG,AT,AA,AG,TT,CC,GG,NN,AC,CC,GG,GG,AC,GG,TT,AA,AA,CC,GG,AA,CC,AA,AA,GG,TT,TT,AA,GG,TT,AA,CC,AT,TT,AA,GG,AA,CT,AA,TT,CG,CT,AA,CC,TT,CG,AG,CG,GG,AC,TT,TT,GT,GG,AA,AA,AC,AG,GG,CC,GG,GG,CC,GG,AT,AG,CC,TT,GG,CC,CC,AA,GG,CG,AA,CC,AT,AA,AC,CC,CC,NN,AA,GG,AA,AA,AC,AA,AA,AA,AG,AA,AT,GG,CC,AG,CC,AC,CC,AA,AA,GG,AG,GG,TT,AA,AA,TT,TT,TT,AA,TT,GG,GG,AA,7.85,Moderate,High,Premium,Early
L0781,Mandya,Karnataka,Kharif,Red Loamy,Irrigated (Cauvery command),780,27.0,72,AA,TT,GG,AA,GG,CC,GG,AA,CC,CC,AA,CC,CG,TT,GT,GG,GG,TT,TT,AA,CC,TT,GT,CC,TT,CC,TT,TT,GG,AA,CT,CC,AA,CC,GG,GG,GG,CC,GG,CC,TT,CT,AC,TT,AA,AG,CT,AA,CC,AC,GG,AA,AA,GG,CT,GT,AA,AA,GT,AC,AA,TT,AT,GG,NN,TT,CC,GG,TT,GG,AA,GG,CC,AA,GG,CC,AA,GG,TT,TT,GG,GG,GT,CC,AT,GG,AA,AT,CG,TT,CC,TT,CT,TT,TT,GG,TT,CC,GG,CC,CT,CC,AA,AA,AT,TT,CG,AA,AA,AA,CT,GG,TT,CC,TT,AC,AA,TT,CC,GG,CG,GG,CC,GT,CC,AA,CC,CC,CC,CC,NN,TT,CC,AA,CC,CC,AA,TT,AA,AA,GG,CT,CG,GG,AA,AG,AT,CC,GG,CC,CC,AA,AG,GG,TT,AG,AA,TT,CT,GG,CC,TT,TT,CT,CC,AT,TT,TT,AA,TT,GG,CC,NN,CC,CC,CC,CG,CC,AA,GG,AA,CC,TT,CC,GG,GG,GG,AT,AA,AA,TT,CC,GG,AA,CC,CC,CG,GG,AA,GG,TT,AA,AA,CC,GG,AT,CC,AA,AT,GT,TT,TT,AT,GG,GG,AT,GG,TT,GT,AA,GG,AA,TT,AA,TT,CC,TT,AA,CC,CT,CC,AA,CC,GG,CC,TT,TT,GT,GG,TT,AA,CC,AG,GG,CC,GG,GG,CC,GG,AT,AA,CC,GT,GG,CC,CC,AA,GG,CC,AA,CC,AA,AA,AC,CG,AC,TT,AA,GG,AA,AA,AA,AA,NN,AA,AA,AA,TT,GG,AC,AA,AC,AA,CT,GG,AA,GG,GG,GG,TT,TT,AA,GT,TT,TT,AG,TT,GG,CG,AA,6.26,Moderate,Low,Poor,Late
L0782,Mandya,Karnataka,Kharif,Red Loamy,Irrigated (Cauvery command),780,27.0,72,AA,CT,GG,AA,GG,CC,GT,TT,CC,CC,AA,CC,CC,TT,GT,GT,CG,TT,AT,AG,CC,TT,GT,CC,TT,NN,GT,TT,GG,AA,TT,CC,AA,CC,GG,CG,GG,CG,GG,CC,TT,TT,AA,GT,AG,GG,NN,AT,CC,CC,GG,AA,AA,GG,CC,GT,AA,AA,GT,AC,AA,GT,NN,AA,TT,TT,CC,GG,CT,GG,AA,GG,CC,AA,GG,CC,AA,GG,TT,TT,GG,GT,GG,CC,AT,GG,AA,AA,NN,GT,CC,TT,CC,TT,TT,GG,CT,AC,TT,CC,CC,CG,GG,AA,TT,TT,NN,AA,AA,AC,CC,GG,TT,CC,GG,AA,AA,TT,CC,AG,CC,AG,CC,GT,TT,AA,CC,CC,NN,CG,AA,TT,CC,AA,AC,CC,AA,AT,AA,AT,GG,CC,CC,GG,AG,AA,AA,CC,GG,CC,CC,AA,AA,AG,TT,GG,AA,GT,TT,NN,CC,TT,TT,TT,CG,AA,GG,TT,AT,AT,GG,CC,AG,CT,NN,CC,GG,AC,AA,GG,AA,CC,TT,CC,GT,GT,GG,AT,AA,AA,TT,AC,GG,AA,CC,CC,NN,GG,AA,GG,CT,AA,AA,CC,GG,AA,CC,AA,AT,GG,TT,TT,AT,NN,GT,AA,CC,TT,GT,AT,GG,AA,CT,AA,TT,CC,CC,AC,CC,TT,GG,AA,CC,AG,CC,TT,CC,GT,GG,TT,AA,AC,AA,GG,CC,CC,GG,CG,GG,TT,AG,CC,GT,GG,CC,CC,AA,AG,CC,AA,CC,AA,AA,CC,CC,CC,TT,AA,GG,AA,AA,AA,AA,AG,AA,AG,AA,TT,CG,AA,AG,AC,AA,CT,AA,AA,GG,GG,GG,TT,AT,GG,GT,TT,TT,AG,TT,GG,GG,AA,4.81,Resistant,Medium,Standard,Late
L0783,Mandya,Karnataka,Kharif,Red Loamy,Irrigated (Cauvery command),780,27.0,72,AA,CT,GG,AG,NN,CC,GG,AT,CC,GG,AA,CC,CG,AT,TT,GG,CG,TT,TT,AA,CC,TT,GT,CC,TT,CC,TT,TT,GG,AA,TT,CC,AA,CC,GG,CG,GG,GG,GG,NN,TT,TT,AA,TT,AA,GG,TT,AT,CC,AC,GT,AA,AA,GG,CC,GT,AA,AA,TT,AA,AA,GT,TT,AA,TT,AT,CC,GG,TT,GG,AG,GG,CC,AA,GG,AA,AA,GG,TT,TT,GG,GG,GG,CC,AA,GG,AA,AA,CC,GT,CC,TT,CT,TT,GT,GG,CT,CC,TT,CC,CC,CG,GG,AA,TT,TT,CC,AA,GG,AA,CT,GT,TT,CC,GT,AA,AA,TT,NN,GG,CC,GG,CT,GT,CT,AG,CT,CC,CC,CC,AA,TT,CC,AA,CC,CC,AA,TT,AA,AA,GG,CC,CC,GG,AG,AG,AA,CC,GG,CC,CC,AA,AG,AG,TT,GG,AA,TT,TT,GG,CC,GT,TT,TT,CG,AT,GT,TT,AT,AT,GG,CC,AG,CT,CC,CC,GG,CC,AA,GG,AG,CC,TT,CG,GG,TT,CG,TT,AA,AA,TT,CC,GG,AA,CC,CC,GG,GG,AA,GG,TT,AA,AA,CC,GG,AT,CC,AA,AT,GT,TT,AT,AT,GG,GT,AA,CG,AT,TT,AA,GG,AA,CT,AA,TT,CC,TT,AC,CC,TT,GG,AG,CC,AA,AA,TT,CT,GT,GG,TT,AC,AC,AA,GG,CC,CG,GG,CG,GG,TT,AA,NN,TT,GG,CC,CC,AA,GG,GG,AA,CC,AA,AA,AA,CC,CC,AT,AA,GG,AA,AC,AA,AA,AG,AA,AG,AA,TT,GG,NN,AG,AA,AA,NN,AA,AA,CG,GG,GG,TT,AA,AG,TT,TT,TT,AA,AT,CG,GG,AA,8.46,Susceptible,High,Premium,Late
L0784,Mandya,Karnataka,Kharif,Red Loamy,Irrigated (Cauvery command),780,27.0,72,AA,CT,AG,AG,GG,CC,GG,TT,CC,CG,AT,CT,CC,TT,TT,GG,CG,TT,TT,GG,CC,TT,GT,CC,TT,CC,GT,TT,GT,AA,TT,CC,AA,CC,GG,GG,GT,CC,GG,CC,GT,CT,AA,NN,AA,GG,TT,TT,CG,CC,GG,AA,AA,GG,CC,GT,AA,AA,TT,AA,AA,TT,AT,AG,TT,TT,CC,GG,TT,GT,AG,GT,AC,AA,AG,AC,AA,GG,TT,TT,GG,GT,GG,CC,AT,GG,AA,AA,CC,TT,CC,TT,CC,TT,TT,AG,TT,CC,GT,CC,CC,CC,AG,AA,TT,TT,CC,AG,AA,AA,CC,GG,TT,CG,TT,AA,AC,TT,CC,GG,CC,AG,CC,TT,TT,AA,CC,CC,CC,CC,AA,TT,CC,AA,CC,CT,AA,TT,AA,AA,GG,CC,CC,AG,AG,AA,AA,CC,GG,CC,CC,AG,AG,GG,GT,GG,AC,TT,TT,GG,AA,TT,TT,TT,CG,AT,TT,TT,TT,TT,GG,CC,AA,CT,CC,CC,GG,CC,AA,GG,AG,CC,TT,CC,GT,TT,CG,TT,AG,AG,TT,AC,CG,AA,AC,CC,GG,GG,AC,GG,TT,AA,AA,CC,GG,AA,AC,AA,AA,GG,TT,TT,AA,GG,TT,AT,CG,AT,GT,AA,GG,AA,CC,AA,TT,CG,TT,AA,CC,TT,CG,AG,CG,AG,AC,AT,TT,GT,CG,TT,AC,CC,AA,GG,NN,CC,GG,CG,GG,AT,AA,CG,TT,AG,CC,CC,AA,GG,CG,AT,CC,AA,AA,CC,CC,CC,TT,AA,GG,AA,AA,AA,AA,AG,AG,AA,AG,TT,GG,AC,AG,CC,AA,CT,AA,AA,CG,GG,GG,TT,AA,AA,TT,TT,TT,AG,TT,NN,GG,AA,6.42,Resistant,High,Poor,Late
L0785,Mandya,Karnataka,Kharif,Red Loamy,Irrigated (Cauvery command),780,27.0,72,CC,TT,AG,GG,GG,CG,GT,AT,CC,CG,AA,CT,CC,TT,TT,GG,GG,NN,TT,AA,CC,GT,TT,CC,AT,CC,TT,TT,GG,AA,NN,CT,AA,CC,GG,CG,GT,CC,GG,CC,TT,TT,AA,TT,AA,GG,TT,TT,CC,CC,GG,AA,AA,GG,CC,TT,NN,AC,GG,AC,NN,GT,AT,AG,CT,TT,CC,GG,TT,GG,AA,GG,CC,AG,GG,AA,AA,GG,TT,TT,GG,GT,GG,CC,AA,GG,AA,AA,CG,GT,CC,TT,CC,TT,TT,GG,TT,CC,TT,CT,CC,CC,AG,AG,AT,TT,CC,AA,AG,AA,CC,GG,GT,CC,TT,AA,AA,TT,NN,GG,CC,GG,CC,GG,TT,AA,CC,CC,AC,CC,AA,TT,AC,AA,CC,CC,AA,TT,AA,AT,GG,CT,CC,GG,AA,GG,AT,CC,GT,CC,CC,AA,NN,GG,TT,GG,AA,GT,TT,AG,AC,GT,TT,TT,CG,AT,TT,TT,AA,TT,GG,CC,AA,CT,AC,CC,GG,CC,AA,GG,AG,CC,TT,CG,GT,TT,CC,AT,NN,AA,GT,CC,GG,AA,CC,CC,GG,GG,AA,GG,TT,AC,AA,CG,GG,AA,AC,AA,AT,GT,TT,AT,AA,CG,GG,AT,CG,TT,TT,AA,GG,AG,CT,AA,TT,CG,TT,AC,CC,TT,GG,AG,CC,AG,AC,TT,TT,TT,GG,TT,AC,CC,AA,GG,CC,CC,GG,CC,GG,AT,AA,CG,TT,GG,CC,CC,AA,AG,CG,AA,CC,AA,AA,CC,CG,CC,TT,AA,GG,AA,AA,AA,AC,GG,AA,AA,AA,TT,GG,AA,AA,AC,AA,CT,AA,AG,CG,GG,GG,GT,AT,AA,TT,TT,TT,AA,TT,GG,GG,AA,6.7,Susceptible,High,Premium,Early
L0786,Mandya,Karnataka,Kharif,Red Loamy,Irrigated (Cauvery command),780,27.0,72,AC,TT,GG,AA,GG,CC,GG,AA,CG,CG,AT,CC,CG,TT,GT,GG,CG,TT,TT,AA,CG,TT,GG,CC,TT,CC,TT,TT,GG,AA,TT,CC,AA,AC,GG,GG,GG,GG,GG,CC,TT,CC,AC,TT,AG,AG,TT,TT,CC,AC,GT,AA,AA,GG,CC,GT,AA,AC,GG,AA,NN,TT,AT,AA,TT,TT,CC,GG,TT,GT,AA,GT,CC,AA,AG,AA,AT,GG,TT,TT,GG,GG,GG,CC,AA,GG,AA,AA,CC,TT,CC,TT,CT,AT,NN,GG,TT,CC,GT,CC,CC,CC,GG,AA,TT,TT,CC,AA,AG,CC,TT,GG,GT,CC,GT,AA,AA,TT,CG,AG,CC,GG,CT,GG,CT,AA,CT,CC,NN,CC,AA,TT,CC,AA,CC,CC,AA,AT,AA,AT,GG,TT,CC,GG,AG,AG,AA,CC,GT,CC,CC,AA,AG,GG,GT,GG,AA,TT,TT,GG,AC,GG,TT,TT,CG,AA,GT,TT,AA,TT,GG,CC,AA,CC,CC,CC,GG,CC,AA,GG,AG,CC,TT,CC,GT,TT,GG,TT,AA,AA,TT,CC,CG,AC,AC,CC,GG,GG,AC,GG,TT,AC,AG,CC,GG,AA,CC,AA,NN,GG,TT,AT,NN,GG,GT,AT,CC,TT,GT,AT,GG,AA,TT,AA,TT,CC,TT,AC,CC,TT,CG,GG,CC,AA,AA,TT,CT,TT,GG,TT,AC,CC,AA,GG,CC,CC,GG,CC,GG,AT,AA,CC,TT,GG,CG,CC,AA,GG,CC,AA,CC,AA,AA,CC,CG,AC,AT,AA,GG,AA,AA,AA,AA,GG,AA,AG,AA,AT,CG,AA,GG,CC,AC,CT,AA,AA,CG,GG,GG,TT,AT,AG,TT,TT,TT,AA,TT,GG,CG,AA,6.07,Moderate,Low,Poor,Early
L0787,Mandya,Karnataka,Kharif,Red Loamy,Irrigated (Cauvery command),780,27.0,72,AA,TT,GG,AA,GG,NN,GG,TT,CC,CG,AA,CC,CG,TT,GT,GG,GG,TT,TT,AG,CC,GT,TT,CC,TT,CC,GT,AA,GG,AA,TT,TT,AA,AC,GG,GG,GG,GG,GG,CC,TT,CT,AA,TT,AG,AA,TT,TT,CC,CC,GT,AA,AG,GG,CT,TT,AA,AC,TT,CC,AA,TT,TT,AG,CT,TT,CC,GG,TT,GT,AA,GT,CC,AA,AG,AA,AT,GG,TT,TT,GG,GT,GG,CC,AT,GG,AG,AT,CC,GT,CC,TT,CT,TT,TT,GG,TT,CC,GT,CC,TT,CC,GG,AA,AT,TT,CC,AA,AA,AA,CT,GG,TT,CC,TT,AA,AA,TT,CC,GG,CC,GG,CC,GG,TT,AG,CC,CG,CC,NN,AA,TT,CC,AA,CC,CC,AA,TT,AA,AA,GG,CC,CC,GG,AA,AA,AA,CC,GT,CC,CC,AA,AG,AG,TT,GG,CC,TT,CT,GG,AC,GT,TT,TT,CC,AT,GT,TT,AT,AT,GG,CC,AG,CT,CC,CC,GG,CC,AA,GG,AA,CC,TT,CC,GT,GT,GG,AT,AA,AA,TT,AC,GG,AA,CC,CC,GG,GG,AC,GG,CT,NN,AA,CC,GG,AT,AC,AA,TT,TT,TT,TT,AA,CG,GT,AA,GG,AT,GG,AA,GG,AA,CT,AA,TT,CG,TT,AC,CC,TT,GG,AA,CC,GG,CC,AT,CT,GT,GG,TT,AA,CC,AG,GG,CC,CC,GG,CC,GG,AT,AA,CG,TT,GG,CC,CG,AA,AG,CC,AT,CC,AA,AA,AC,CC,CC,TT,AA,GG,AA,AA,AC,AC,GG,AA,AA,AA,AT,GG,AA,AA,AC,AC,TT,AA,AA,GG,GG,GG,TT,AT,AA,TT,TT,TT,AG,AT,GG,CG,AA,4.39,Susceptible,Medium,Poor,Early
L0788,Mandya,Karnataka,Kharif,Red Loamy,Irrigated (Cauvery command),780,27.0,72,AA,CT,AG,AA,CG,CC,GT,AA,CC,CC,AA,CC,CG,TT,TT,GG,GG,AT,TT,AA,CC,GG,TT,CC,AT,CC,TT,TT,GG,AC,TT,CC,AA,CC,GG,GG,GG,CG,GG,CC,TT,CT,AA,TT,AG,AA,TT,AT,CC,AC,GG,AA,AA,GG,CT,TT,AA,AC,GT,AC,GG,GT,TT,AA,TT,TT,CC,GT,TT,GG,AA,GG,AC,AA,AG,AC,AA,GG,TT,TT,GG,GT,GG,CC,AA,GG,AA,AT,CC,GT,CC,TT,CC,TT,TT,GG,TT,CC,GT,CC,CC,CC,AA,AA,TT,TT,CC,AG,GG,AA,CC,GG,TT,CG,GT,AA,AA,TT,CC,AG,CC,AG,CC,GG,CT,NN,CT,CC,CC,CC,AA,GT,CC,AA,CC,CC,AG,AT,AA,AT,GG,CC,CC,GG,AA,AA,AA,CC,GG,CC,CC,AA,AA,GG,TT,NN,AC,TT,CT,GG,CC,GT,TT,TT,CC,AT,GT,TT,AA,TT,CG,CC,AG,CT,CC,CC,GG,CC,AA,AG,AG,CC,TT,CG,GG,GG,CG,AT,AA,GG,TT,CC,GG,AC,CC,CC,GG,GG,CC,GG,TT,CC,AA,CC,GG,AA,AA,AA,AA,GG,TT,TT,AA,CG,TT,NN,CC,AT,TT,AA,GG,AA,TT,AC,TT,CC,CT,AA,AC,TT,CG,AG,CC,AG,CC,TT,TT,TT,GG,TT,AA,CC,AG,GG,CC,CG,GG,CC,GG,AT,AA,CC,TT,GG,CC,CG,AA,GG,CC,AA,CG,AA,AA,AA,CG,AC,TT,AA,GG,AA,AA,NN,AA,GG,AG,AA,AA,TT,GG,AA,AA,CC,AA,CT,AA,AA,GG,AG,GG,TT,AA,AA,TT,TT,TT,AA,TT,GG,GG,AC,8.54,Resistant,High,Standard,Early
L0789,Mandya,Karnataka,Kharif,Red Loamy,Irrigated (Cauvery command),780,27.0,72,AA,TT,GG,AA,GG,CC,GG,TT,CC,CG,AA,CC,CC,TT,TT,GG,CG,TT,TT,AA,CG,TT,TT,CC,TT,CC,NN,AT,GG,AA,TT,CT,GG,CC,GG,GG,GG,CG,GG,CC,TT,TT,AA,TT,AG,GG,CT,TT,CC,AC,GG,AA,AA,GG,CC,TT,AA,AC,TT,AA,AA,GT,TT,AA,CT,AT,CC,GG,TT,GG,AG,GG,AC,AA,GG,AC,AT,GG,TT,CC,GG,GT,GG,CC,AT,GG,AA,AA,CC,GG,AC,TT,CC,TT,NN,GG,TT,CC,TT,CC,CC,CC,GG,AA,AT,GT,CC,AA,AA,AA,CC,GT,TT,CC,TT,AA,AA,TT,CC,GG,CC,GG,CC,NN,TT,AA,CT,CC,CC,CC,AG,TT,CC,AA,CC,CC,AA,AT,AA,AA,GG,CC,CC,GG,AA,AG,AA,CC,GG,CC,CC,AA,AA,AG,GT,GG,AC,GT,CT,AG,CC,GT,GT,TT,CC,AA,GT,TT,AA,AT,GG,CC,AA,CC,CC,CC,CG,CC,AA,GG,AA,CC,TT,CG,GT,TT,CG,TT,AA,AA,NN,CC,CG,AA,CC,CC,GG,GG,AA,GG,CT,AC,AA,CC,GT,AT,AA,AT,TT,GG,TT,AT,AA,CG,GG,AA,CC,TT,GT,AA,GG,AA,TT,AC,TT,CC,TT,AC,CC,CT,CG,AA,CG,AG,AC,TT,CC,TT,GG,TT,AA,AC,AA,GG,CC,CC,GG,CC,GG,AT,AA,CC,GT,GG,CC,CG,AT,GG,CG,AA,CC,AA,AA,CC,CG,AC,TT,AA,GG,AA,AA,AA,AA,GG,GG,AA,AA,TT,GG,AA,AG,CC,CC,TT,AA,AA,GG,GG,GG,GT,AA,AA,TT,TT,TT,AA,AT,GG,GG,AA,7.32,Resistant,High,Premium,Late
L0790,Mandya,Karnataka,Kharif,Red Loamy,Irrigated (Cauvery command),780,27.0,72,AC,TT,AG,GG,CG,CC,GT,AT,CC,CC,AA,CC,CC,TT,GT,GT,CG,TT,TT,AA,CC,TT,TT,CC,TT,CC,TT,AT,GG,AA,TT,CC,AA,CC,AG,GG,GG,CC,GG,CC,TT,TT,AA,TT,AA,AA,CT,TT,CC,AC,GG,AA,AG,GG,CC,TT,AT,AC,GG,AA,AG,GT,TT,AA,TT,TT,CC,GG,TT,GT,AA,GG,CC,AA,GG,AC,AT,GG,TT,TT,GG,GG,GT,CC,AA,GG,AG,AA,CC,TT,CC,TT,CC,TT,TT,AG,TT,CC,GG,CC,CC,CG,AG,AA,AT,GT,CC,AA,AG,AA,CT,GT,TT,CC,TT,AC,AA,TT,CC,AG,CC,GG,CC,GG,TT,AG,CC,CC,CC,NN,AG,TT,CC,AA,CC,CC,AG,AT,AA,AA,GG,CC,CG,GG,AA,AG,AA,CC,GG,CC,CC,AA,AA,GG,TT,GG,CC,GT,CT,GG,CC,GT,TT,TT,CG,AA,TT,TT,AT,TT,GG,CC,AA,CC,AC,CC,GG,CC,AA,GG,GG,CC,TT,CC,TT,GG,CG,AT,AG,AA,TT,AC,GG,AA,CC,CC,GG,GG,AC,GG,TT,AA,AA,CG,GG,AA,CC,AA,AT,GT,TT,TT,AA,CG,GG,AA,CG,TT,TT,AA,GG,AA,TT,AA,TT,CC,CT,AA,AC,TT,CG,AG,CC,AG,AC,TT,CT,TT,GG,TT,AC,CC,AG,GG,CC,CC,GG,CC,GT,AA,AA,CC,TT,GG,CC,CG,AA,GG,CC,AA,CC,AT,AA,CC,CC,CC,TT,AA,GG,AA,AA,AA,AA,GG,AA,AA,AA,TT,GG,AA,AG,AC,AA,CT,AG,AA,GG,GG,GG,GT,AA,AA,TT,TT,TT,GG,AA,GG,GG,NN,6.33,Moderate,Low,Poor,Medium
L0791,Mandya,Karnataka,Kharif,Red Loamy,Irrigated (Cauvery command),780,27.0,72,AA,CT,GG,GG,CG,CC,GT,TT,CC,CG,AA,CT,CG,AT,GT,GG,GG,TT,AT,AA,CC,TT,TT,CC,TT,CC,TT,TT,GG,NN,TT,CC,AA,CC,AG,GG,GG,CG,GG,CC,TT,CC,AA,TT,AA,GG,TT,TT,CC,CC,GG,AA,AA,GG,TT,TT,AA,AC,TT,AC,AA,TT,AT,AA,TT,TT,CC,GG,TT,GT,AG,GG,CC,AA,GG,AA,AA,GG,TT,TT,GG,GG,GT,CC,AA,GG,AA,AT,CC,TT,AC,TT,TT,TT,TT,GG,TT,AC,TT,CC,CC,CC,AG,AA,TT,TT,CC,AA,AA,AA,CC,GG,NN,CG,TT,AA,AA,TT,CC,GG,CC,AG,CC,TT,TT,AG,CC,CC,CC,NN,AA,NN,AC,AA,CC,CC,AA,TT,AA,AT,CG,CC,CC,GG,AG,AG,AA,CC,GG,CC,CC,AA,GG,GG,TT,GG,AA,TT,CT,GG,AC,TT,TT,TT,CG,TT,TT,NN,AA,TT,GG,CG,AG,CT,AC,NN,GG,CC,AA,GG,AA,CC,TT,CC,GG,TT,GG,TT,AA,AA,GT,AC,GG,AC,CC,CC,GG,GG,AA,GG,TT,AA,AG,CG,GG,AA,CC,AT,AT,GG,TT,AT,AA,CG,GT,AA,CC,TT,TT,AA,GG,AA,CT,AA,TT,CC,CT,CC,AC,CT,GG,AG,CC,AG,CC,TT,TT,TT,GG,TT,AA,AC,GG,GG,CG,CC,GG,CC,GG,AA,AA,CC,TT,GG,CC,CC,AA,AG,CC,AT,CC,NN,AG,CC,CG,CC,TT,AA,GG,AA,AA,AC,AA,AG,GG,AA,AA,AT,GG,AA,AA,AC,CC,CT,AA,AA,GG,GG,GG,TT,AA,AA,TT,TT,TT,AG,TT,GG,GG,AA,6.29,Susceptible,High,Poor,Late
L0792,Mandya,Karnataka,Kharif,Red Loamy,Irrigated (Cauvery command),780,27.0,72,AC,TT,AG,GG,GG,CC,GT,TT,CC,NN,AA,CC,CC,TT,TT,GG,CG,TT,AT,AA,CC,TT,GT,CT,TT,CC,TT,TT,GG,AA,TT,CC,AA,NN,GG,CG,GG,CC,GG,CC,TT,CT,AA,TT,AA,NN,TT,AT,CC,CC,GG,AA,AA,GG,CC,GT,AA,AA,TT,AA,AG,TT,TT,AA,TT,AT,CC,GG,TT,GT,AA,GG,CC,AA,GG,AA,AA,AA,GT,TT,GG,GT,GT,CC,AA,GG,AA,AT,CC,GT,CC,TT,CC,TT,GT,GG,TT,CC,TT,CC,CC,CC,AG,AA,TT,TT,CC,AA,AG,AA,CC,GG,TT,CC,GT,AC,AA,TT,CG,AG,NN,GG,CC,GG,TT,AA,NN,CC,CC,CC,AA,GT,CC,AC,CC,CC,AG,AT,AG,AA,GG,CC,CC,GG,AA,AA,AA,CC,GG,CC,CC,AA,AA,GG,TT,GG,AA,GT,TT,GG,CC,TT,GT,TT,CC,TT,TT,TT,AA,TT,NN,CC,NN,CT,CC,AC,CG,CC,AA,GG,AA,CC,TT,CC,GG,GT,GG,AT,AA,AG,TT,CC,GG,AA,CC,CC,GG,GG,AC,GG,TT,AC,NN,CG,GG,AA,CC,AA,AA,GG,TT,TT,AA,GG,TT,AT,CG,TT,TT,AA,AG,AA,CT,AA,TT,CC,CT,AA,CC,CT,GG,AA,CC,AA,CC,AT,TT,GT,GG,TT,AA,AC,AG,GG,CC,CC,GG,CC,GG,AT,AG,CC,TT,AG,CC,CC,AA,AG,CC,AA,CC,AA,AA,CC,CC,CC,TT,AG,GG,AA,AA,AA,AA,AG,AG,AG,AA,TT,GG,AC,AG,CC,AC,TT,AA,AA,GG,GG,GG,GT,AT,AA,TT,TT,TT,AG,AT,GG,GG,AA,8.05,Susceptible,High,Premium,Early
L0793,Mandya,Karnataka,Kharif,Red Loamy,Irrigated (Cauvery command),780,27.0,72,AC,CT,GG,AA,GG,CC,GG,TT,CC,GG,AA,CC,CG,TT,GG,GG,GG,TT,TT,AA,CC,GT,GT,CC,TT,CC,TT,AT,NN,AA,CT,CC,AA,AC,GG,CG,GG,CG,GG,CC,TT,TT,AA,TT,AA,GG,TT,TT,CC,AC,GG,TT,AA,GG,CC,TT,AA,AA,GG,AA,AA,TT,AT,AG,TT,NN,CC,GG,TT,GG,AA,GT,CC,AA,GG,CC,AT,GG,TT,TT,GG,GG,GT,CC,AA,GG,AA,AA,CC,GT,AC,NN,CT,TT,TT,GG,CC,CC,TT,CC,CC,CC,AG,AA,TT,TT,CC,AA,AG,AA,CC,GG,TT,CG,TT,AA,AC,TT,CC,GG,CC,GG,CC,GT,CT,AG,CT,CC,CC,CC,AA,TT,CC,AA,CC,CC,AA,AT,AA,AA,GG,CT,CC,GG,AA,AA,AA,CC,GG,CC,CC,AG,AA,GG,TT,AG,AA,TT,CT,GG,AC,TT,GT,TT,CC,AA,TT,TT,AA,AT,GG,CC,AA,TT,CC,CC,GG,CC,AA,GG,AG,CC,GT,CC,GT,TT,GG,TT,AA,NN,TT,CC,GG,AA,CC,NN,GG,GG,AC,GG,TT,AA,AA,CC,GG,AT,AC,AT,AT,GG,TT,AT,AT,GG,GG,AA,CC,AT,TT,AT,GG,AA,TT,AA,TT,CC,TT,AA,CC,TT,GG,AG,CG,AG,CC,TT,CT,GT,GG,TT,NN,NN,AA,GG,CC,CG,GG,CC,GG,AA,AA,CG,GT,GG,CC,CC,AA,GG,CC,AA,CG,AA,AA,AA,CC,AC,TT,AA,GG,AA,AA,AA,AA,AG,AG,AA,AG,AA,CG,AA,AG,CC,AC,CT,AA,AG,GG,GG,NN,GT,AT,AA,TT,TT,TT,AG,NN,GG,GG,AA,7.25,Susceptible,High,Standard,Medium
L0794,Mandya,Karnataka,Kharif,Red Loamy,Irrigated (Cauvery command),780,27.0,72,AA,TT,GG,AG,GG,CC,GT,AT,CG,CC,AT,CC,CC,TT,TT,GG,CG,TT,TT,NN,CC,TT,GG,CC,TT,CC,TT,NN,GG,AA,TT,CC,AA,CC,GG,CG,GG,CG,GG,CC,TT,CC,NN,GT,AG,AG,CT,AT,CC,CC,GG,AA,AA,GG,CC,GG,AA,AA,GG,AA,GG,TT,TT,AA,TT,TT,CC,GG,TT,GT,AA,GT,CC,AA,GG,AC,AT,GG,TT,TT,GG,GG,GG,CC,AA,GG,AA,AT,CC,GT,CC,TT,CC,TT,TT,GG,CT,CC,TT,CT,CT,NN,GG,AG,TT,TT,CG,AA,GG,AA,CT,GG,GT,CC,TT,AA,AA,TT,CC,GG,CG,GG,CC,GG,NN,AG,CC,CG,CC,CC,AA,TT,CC,AA,CC,CC,AA,TT,AA,AT,GG,CC,CC,GG,AG,AA,AT,NN,GG,CC,CG,AA,AA,GG,TT,GG,AA,GT,CT,GG,CC,TT,GT,CT,CC,AA,GG,TT,AA,AT,GG,CC,AA,CC,CC,CC,GG,AC,AA,GG,AG,CC,TT,CC,GG,TT,GG,TT,AG,GG,GT,AC,GG,AC,CC,CC,GG,GG,AC,GG,CT,AA,AA,CC,GG,AT,AC,AT,AA,GG,TT,AT,AT,GG,GG,AA,CC,AA,TT,AA,GG,AA,TT,AA,TT,CC,CT,AA,CC,TT,CG,AG,CC,AG,CC,TT,TT,TT,GG,TT,AC,AA,AA,GG,CC,CC,GG,CC,GG,AT,AA,CC,TT,GG,CC,CC,AT,GG,CG,AA,CC,AA,AA,CC,NN,CC,TT,AA,GG,AA,NN,AC,AA,AG,AG,AA,AA,AA,GG,AC,AG,AC,AA,TT,AA,AA,GG,GG,GG,GT,AA,AG,TT,TT,TT,AA,TT,CG,GG,AA,10.22,Susceptible,Low,Premium,Medium
L0795,Mandya,Karnataka,Kharif,Red Loamy,Irrigated (Cauvery command),780,27.0,72,AC,TT,GG,AG,CG,CC,GT,AT,CC,CG,AA,TT,CC,AT,TT,GT,GG,TT,TT,NN,CC,TT,TT,CC,TT,CT,GT,TT,GG,AC,TT,CC,AA,CC,AG,GG,GG,CC,GG,CC,TT,TT,AA,GT,AA,GG,TT,TT,CC,CC,GG,TT,AG,GG,CC,TT,AA,AA,GT,AC,NN,GT,TT,AA,TT,TT,CC,GG,TT,GG,AA,GG,CC,AA,GG,CC,AA,GG,TT,TT,GG,GT,TT,CC,TT,AG,AA,AA,CC,GT,CC,TT,CT,TT,TT,GG,TT,CC,TT,CT,CC,CG,AG,AA,TT,TT,CC,AA,AG,AA,CC,GG,TT,CC,TT,AA,AA,TT,CC,GG,CG,GG,CT,GG,TT,AA,CT,CC,CC,CC,AA,TT,CC,AA,CC,CT,AA,TT,AA,AA,GG,CT,CC,GG,AA,GG,AA,CC,GG,CC,CG,AA,AA,AG,TT,GG,AA,TT,TT,GG,AC,TT,GT,TT,CC,AA,TT,TT,AT,AT,GG,CG,AA,CC,CC,CC,GG,CC,AA,AG,AG,CC,TT,CC,GG,GT,GG,TT,AA,AA,TT,NN,GG,AA,NN,CC,GG,GG,AA,GG,TT,AA,AA,CC,GG,AT,CC,AT,AA,TT,TT,AT,AT,CG,GG,AA,CC,TT,TT,AA,GG,AA,CT,AA,NN,CC,CT,AA,CC,TT,CG,AA,GG,AG,CC,TT,CT,TT,GG,TT,AA,CC,AG,GT,CC,CG,GG,CC,GG,AT,AG,CC,TT,GG,CC,CC,AA,GG,CC,AT,CG,AA,AG,CC,CC,AC,AT,AG,GG,AA,AA,AC,AA,AG,AA,AA,AA,TT,CG,AA,AG,CC,AA,CT,AA,AA,GG,GG,GG,TT,AA,AA,GT,TT,TT,AA,AT,GG,GG,AA,7.62,Susceptible,Medium,Standard,Early
L0796,Mandya,Karnataka,Kharif,Red Loamy,Irrigated (Cauvery command),780,27.0,72,CC,TT,GG,AA,GG,CG,GG,TT,CC,CC,AA,CC,CG,AT,TT,GG,GG,TT,TT,AA,CC,GT,GT,CT,TT,CC,TT,TT,GG,AA,CT,CC,AA,CC,GG,GG,GG,CC,GG,CC,TT,CT,AA,TT,AA,AG,TT,TT,CC,AC,GG,AA,AG,GG,CC,TT,AA,AC,GT,AC,AG,NN,TT,AA,TT,TT,CC,GG,TT,GG,AG,GG,CC,AA,AG,AA,AA,GG,GT,TT,GG,GT,GT,CC,AA,AG,AA,AA,CC,TT,CC,TT,TT,AT,TT,GG,TT,CC,TT,CC,CT,GG,AG,AA,AT,TT,CC,AA,AG,AA,CC,GG,TT,CC,TT,AA,AA,TT,CC,GG,CC,GG,CC,GT,CT,NN,CC,CC,CC,CC,AG,TT,CC,AA,CC,CT,AA,TT,AA,AA,GG,CC,CC,GG,AA,GG,AA,AC,GG,CC,CC,AA,AG,GG,TT,GG,AC,TT,TT,GG,CC,TT,TT,TT,CC,AT,GT,TT,AA,AT,CG,CC,AA,CT,CC,AC,GG,CC,AA,GG,AG,CC,TT,CC,GT,GT,GG,TT,AA,AA,TT,CC,GG,AA,CC,CC,GG,GG,AA,GG,TT,AC,AA,CC,GG,AT,AA,AA,AT,NN,TT,AT,TT,CG,GT,AA,GG,TT,TT,AA,GG,NN,TT,AA,TT,CC,TT,AA,CC,CT,CG,AG,CG,AG,CC,TT,CT,TT,GG,TT,AA,CC,GG,GG,CC,GG,GG,CC,GG,TT,AA,CC,TT,GG,CC,CC,AA,GG,CC,AA,CG,AA,AA,CC,GG,CC,TT,AA,GG,AA,AA,AA,AA,AA,AA,AA,AA,TT,GG,AA,AG,CC,AA,NN,AA,AA,GG,GG,GG,TT,AA,AG,TT,TT,TT,AA,TT,GG,GG,AA,8.14,Susceptible,Medium,Poor,Early
L0797,Mandya,Karnataka,Kharif,Red Loamy,Irrigated (Cauvery command),780,27.0,72,NN,TT,AG,AG,GG,GG,GT,AT,CC,CC,NN,CT,CG,TT,TT,GG,CG,TT,TT,AA,CC,TT,TT,CC,TT,CC,TT,TT,GG,AA,TT,CC,AA,CC,GG,GG,GG,CG,GG,CC,TT,TT,AC,GT,AG,AG,TT,TT,CC,CC,GT,AA,AG,GG,CC,TT,AA,AC,GG,AA,AA,GT,NN,AG,TT,AA,CC,GG,TT,GG,NN,GT,CC,AA,GG,AA,AT,GG,TT,TT,GG,GG,GG,CC,AA,AG,AA,AA,CC,TT,AC,TT,CC,NN,GT,AG,TT,CC,GT,CC,CC,CC,NN,NN,TT,TT,CC,AA,AG,AA,CC,GG,GT,CC,TT,AA,AA,TT,CC,GG,CG,GG,CC,GT,TT,AA,CT,CC,CC,CC,AA,TT,CC,AA,CC,CT,AA,AT,AA,AA,GG,CC,CC,GG,AA,AG,AA,CC,GG,CC,CG,AA,AA,AG,TT,GG,AC,GT,TT,GG,CC,GT,NN,CT,GG,AA,GT,CT,AA,TT,GG,CC,AG,TT,CC,CC,CG,CC,AA,GG,AA,CC,TT,CC,GT,TT,NN,AA,AG,AA,TT,AA,GG,AA,CC,CC,GG,GG,AC,GG,TT,AA,AA,CC,GG,AA,CC,AA,AA,GG,TT,AT,TT,CG,GT,AA,CC,TT,GT,AA,GG,AA,TT,AA,TT,CC,TT,AA,CC,TT,GG,AA,GG,AG,CC,TT,CT,GG,GG,TT,AA,CC,AA,GG,CC,CC,NN,CC,GG,TT,AA,CC,TT,GG,CC,CC,AT,GG,CC,AT,CG,AA,AA,AC,CG,CC,TT,AA,GG,AA,AA,AC,AA,NN,AA,AA,AA,TT,GG,AA,AA,AC,AA,CC,GG,AA,GG,GG,GG,TT,AA,AA,GT,TT,TT,GG,TT,GG,GG,AA,7.35,Resistant,High,Poor,Late
L0798,Mandya,Karnataka,Kharif,Red Loamy,Irrigated (Cauvery command),780,27.0,72,AA,CT,AA,AA,CG,CC,GG,AT,CC,CC,AA,CT,CG,AT,TT,GT,GG,TT,TT,AG,CC,TT,GT,TT,TT,CC,TT,TT,GT,AC,TT,CC,AA,CC,GG,GG,GG,CC,GG,AC,TT,CT,AA,TT,AG,GG,TT,TT,CC,AC,GG,AA,AA,GG,CC,TT,AA,AA,GG,AC,AA,TT,TT,AG,TT,AT,CC,GG,TT,GG,AA,GT,CC,AA,GG,AC,NN,GG,TT,TT,GG,GT,GT,AC,AA,GG,AG,AT,CG,GG,CC,GT,CT,TT,TT,GG,TT,CC,TT,CC,CC,CG,AA,AA,TT,TT,CC,AG,AG,AA,CT,GG,TT,CC,TT,AA,AA,TT,CC,AA,CC,GG,CC,GG,CT,AA,CT,CC,CC,CC,AA,TT,NN,AA,CC,CC,AA,AT,AA,AT,GG,CT,CC,GG,AA,AA,AT,CC,GT,CC,CC,AA,AA,GG,TT,GG,AC,GT,TT,AG,AC,TT,TT,TT,CG,AA,TT,TT,AA,TT,GG,CC,AA,CT,CC,CC,CG,CC,AA,GG,GG,CC,TT,CC,GT,TT,GG,AT,AA,AA,TT,CC,CG,AA,CC,CC,CG,GG,AC,GG,TT,AA,AA,CC,GG,AA,CC,AA,AT,GT,TT,TT,AA,GG,GT,AT,CC,TT,GT,AA,GG,AA,CT,AA,TT,CC,CT,AA,CC,CC,NN,AA,CG,AA,AC,TT,TT,TT,GG,TT,AA,AC,AG,GG,CC,CG,GG,CC,GT,AA,AG,CC,TT,GG,CC,CG,AA,AG,CC,AA,CC,AT,AA,NN,CG,AC,TT,AA,GG,AA,AA,AA,AC,AG,AA,AG,AA,TT,GG,AA,AA,AA,AC,TT,AA,AG,GG,AG,GG,TT,AA,AA,TT,TT,TT,GG,AT,GG,GG,AC,6.85,Resistant,High,Standard,Medium
L0799,Mandya,Karnataka,Kharif,Red Loamy,Irrigated (Cauvery command),780,27.0,72,CC,TT,GG,AA,NN,CC,GT,TT,CC,CC,AA,CC,CG,TT,TT,GG,CG,TT,TT,AG,CC,GG,TT,CC,TT,CC,GT,AA,TT,AA,TT,CC,AA,AC,GG,CG,GG,CG,GG,CC,TT,CC,AA,GT,AA,AG,TT,TT,CC,CC,GG,AT,AA,GG,CC,TT,AT,AA,TT,AC,AA,TT,AA,AG,TT,NN,CC,GG,TT,GT,AA,GG,CC,AA,GG,AC,AT,GG,TT,TT,GG,NN,GG,CC,AT,AG,AA,AA,CC,TT,CC,TT,CT,TT,GT,GG,TT,CC,GT,CT,CC,CG,AG,AA,AT,TT,CC,AG,AA,AA,CT,GT,GT,CC,TT,AA,AA,TT,CC,AG,CC,GG,CC,GG,CT,AG,CC,CC,CC,CC,AA,TT,CC,AA,CC,CT,AA,TT,AA,AA,GG,CC,CC,GG,AA,AA,AA,AC,GG,CC,CC,AA,AA,GG,TT,GG,AC,TT,CT,GG,AC,GG,GT,CT,CC,TT,TT,NN,AA,TT,GG,CC,AA,CC,CC,CC,CG,CC,AA,GG,GG,CC,TT,CC,GG,TT,CG,AT,AG,AA,TT,AC,CG,AC,CC,CC,GG,GG,AC,GG,TT,AA,AA,CC,GT,AT,AC,AA,TT,GT,TT,TT,AA,CG,GG,AA,CC,TT,TT,AA,GG,AA,TT,AA,TT,CC,TT,AC,CC,TT,GG,AG,CC,AG,CC,AT,TT,GT,GG,AT,AA,CC,AA,GG,CC,CC,GG,CC,GG,AT,AA,CC,GT,GG,CC,CC,AT,GG,CG,AA,CC,AA,NN,CC,CG,CC,TT,AA,GG,AA,AA,AC,AA,AA,AA,AA,AA,AT,GG,AA,AA,CC,AA,CC,AA,AA,GG,GG,CG,TT,AA,AA,TT,TT,TT,AA,TT,GG,GG,AA,4.12,Susceptible,Low,Standard,Late
L0800,Mandya,Karnataka,Kharif,Red Loamy,Irrigated (Cauvery command),780,27.0,72,CC,TT,GG,GG,CG,CG,GG,TT,CC,CG,AA,CC,CC,TT,TT,GG,GG,AT,TT,AA,GG,TT,GT,CC,AT,CC,TT,TT,GG,AA,TT,CC,AA,CC,GG,GG,GG,CG,GG,CC,TT,TT,AC,GT,AA,GG,CT,AT,CC,CC,GG,AT,NN,GG,CC,TT,AA,AA,GG,AC,AA,TT,TT,AA,TT,TT,CC,GG,TT,GG,AG,GG,CC,AA,AG,AA,AA,GG,NN,TT,GG,GT,GT,CC,AA,GG,AG,AA,CC,GT,AC,TT,CC,TT,TT,GG,CT,AC,GT,CC,CC,CC,AG,AA,TT,TT,CG,AA,AG,AA,CC,GG,TT,CC,TT,AA,AA,TT,CG,NN,CC,GG,CC,GG,TT,AA,CC,CC,CC,CC,AG,GT,CC,NN,CC,CC,AA,TT,AA,AA,CG,CC,CC,GG,NN,AG,AA,AC,GG,CC,CC,AG,AG,GG,TT,NN,AA,TT,NN,AG,CC,GT,GT,TT,CC,AA,GT,TT,AA,TT,GG,CC,AG,CT,CC,CC,CG,CC,AA,GG,GG,CC,TT,CG,GG,TT,CG,TT,AA,AG,TT,AC,GG,AC,CC,CC,GG,GG,AA,GG,CT,AC,AA,CC,GT,AA,NN,AA,AT,GT,GT,AT,AA,GG,GG,AA,CC,TT,TT,AA,GG,AA,TT,AA,TT,CC,TT,AA,AC,CT,GG,AA,CC,AA,CC,TT,CT,GT,GG,TT,AC,AC,AA,GG,CC,CG,GG,CC,GG,TT,AG,CC,TT,GG,CC,CG,TT,GG,CC,AA,CG,AA,AA,AC,CC,CC,TT,AA,GG,AA,AA,AC,AA,AA,AG,AG,AA,TT,GG,AA,AG,CC,AA,TT,AG,AG,GG,GG,GG,TT,AA,AG,TT,TT,TT,AG,TT,GG,CG,AA,7.85,Susceptible,High,Premium,Early
L0801,Mandya,Karnataka,Kharif,Red Loamy,Irrigated (Cauvery command),780,27.0,72,AC,CT,GG,AA,GG,CC,GG,TT,CC,CC,AT,CC,CG,AT,TT,GG,CG,TT,TT,AA,CC,TT,GT,CC,TT,CC,TT,TT,GG,AA,TT,CC,AA,CC,GG,CG,GG,CC,GG,CC,TT,TT,NN,TT,AA,GG,TT,TT,CC,AA,GT,AA,AA,CG,CT,GT,AT,AA,TT,AA,AA,GT,AT,NN,TT,AT,CC,GG,TT,GT,GG,GG,CC,AA,AG,AC,AT,GG,TT,TT,GG,GG,GG,CC,AA,GG,AA,AA,CC,TT,CC,TT,CT,TT,GT,GG,TT,CC,TT,NN,CC,CC,AA,AA,AT,TT,CC,AG,GG,AC,CT,GG,TT,CG,GT,AC,AA,TT,CC,GG,CC,GG,NN,GT,TT,AA,CT,CC,CC,CC,AA,TT,CC,AA,CC,CC,AA,TT,AA,AA,GG,CT,CC,NN,AA,AG,AA,CC,GT,CC,CC,AA,AG,AG,TT,GG,AA,TT,TT,GG,AC,TT,GT,TT,CG,AA,TT,CT,AA,NN,GG,CC,GG,CC,CC,CC,GG,CC,AA,AG,AG,CC,TT,CG,GG,GG,GG,TT,AA,NN,TT,AA,GG,AA,AC,CC,GG,AG,AA,GG,TT,AA,AA,CC,GT,AT,AC,AA,AA,GG,TT,AT,AT,GG,GG,AT,CC,TT,TT,AA,GG,AA,CT,AA,TT,CG,TT,AA,CC,CT,CG,AG,CG,AA,AA,TT,TT,TT,GG,TT,AA,AC,AA,GG,CC,CG,GG,CC,GG,TT,AA,CG,GT,GG,CC,CG,AA,GG,CC,AA,CC,AA,AA,CC,NN,CC,TT,AG,GG,AA,AA,AC,AA,AG,AA,AG,AA,TT,GG,AC,AG,AC,AA,CT,AA,AA,GG,GG,CG,TT,AA,AG,NN,TT,TT,AG,TT,GG,CG,AA,6.26,Susceptible,Medium,Premium,Late
L0802,Mandya,Karnataka,Kharif,Red Loamy,Irrigated (Cauvery command),780,27.0,72,AC,TT,GG,GG,GG,CC,GG,TT,CC,CC,AA,CC,GG,AT,TT,GT,GG,TT,TT,AA,CC,TT,TT,CC,TT,CC,TT,TT,GG,AA,TT,CC,AA,CC,GG,GG,GG,CC,GG,AC,TT,CT,AA,GT,AA,GG,TT,AT,CC,AC,GG,AA,AG,GG,CC,TT,AT,AC,GG,AA,AG,TT,TT,AA,CT,TT,CC,GT,TT,GG,AA,GG,CC,AA,AG,AC,AA,GG,TT,TT,GG,GG,GT,CC,AA,AG,AA,AA,CC,TT,CC,TT,CT,TT,TT,GG,CT,CC,TT,CC,CC,CC,AA,AG,TT,TT,CC,AA,AA,AA,CC,GG,TT,CG,TT,AC,AC,TT,CC,AG,CC,GG,CC,GG,NN,AA,CC,CC,AC,CC,AA,TT,CC,AA,CC,CT,AA,TT,AA,AA,GG,CC,CC,GG,AA,AA,AA,CC,GG,CC,CC,AA,AA,GG,TT,GG,AA,TT,CT,AG,AC,GG,TT,CT,CC,AA,GT,TT,AA,TT,CG,CG,NN,CC,CC,CC,GG,CC,AA,GG,AA,CC,TT,CG,GT,GT,GG,AT,AA,AA,TT,CC,GG,AC,CC,CC,GG,GG,AC,GG,TT,AA,AA,CC,GG,AA,AC,AA,TT,GT,TT,TT,AA,GG,GT,AA,CC,TT,TT,AA,GG,AA,TT,AC,TT,CC,CT,AC,CC,CT,GG,AA,GG,GG,CC,AT,TT,GT,GG,TT,AA,AC,AA,GG,CC,CG,GG,CC,GG,TT,GG,CG,GG,GG,CC,CC,AA,GG,CG,AT,CC,AA,AA,CC,CC,AC,TT,AA,GG,AA,AC,AC,AA,AG,AG,AA,AA,TT,GG,AA,AA,CC,AA,TT,AA,AA,GG,GG,GG,TT,AT,AA,TT,NN,TT,AG,TT,GG,CG,AA,8.86,Susceptible,Medium,Standard,Early
L0803,Mandya,Karnataka,Kharif,Red Loamy,Irrigated (Cauvery command),780,27.0,72,AA,CT,GG,AA,GG,CC,GT,TT,CC,GG,AA,CC,CC,TT,GT,GT,CG,TT,TT,AA,CC,TT,TT,CT,AT,CC,GT,TT,GT,AA,TT,CT,AA,CC,GG,GG,GG,CC,NN,CC,TT,TT,CC,TT,AG,AG,TT,AT,CC,CC,GT,AA,AA,GG,CC,GT,AA,AA,TT,AC,AA,TT,AT,AG,TT,AT,CC,GG,TT,GG,AG,GG,CC,AA,AG,AA,AT,GG,TT,TT,GG,GG,GT,CC,TT,GG,AG,AA,CG,GT,CC,GT,CC,TT,TT,GG,TT,AC,GT,CC,CT,CC,GG,AA,TT,TT,CC,AA,AA,AA,CC,GG,TT,CC,GT,AA,AA,TT,CC,GG,CC,AG,CC,GG,CT,GG,CC,CC,CC,CC,AA,NN,CC,AA,CC,CC,AA,TT,AA,AA,GG,CC,CC,GG,AA,AA,AA,CC,GG,CC,CC,AG,AA,AG,TT,GG,AA,GT,CT,GG,AA,GT,TT,CT,CC,AA,GT,TT,AA,TT,GG,CC,AA,TT,CC,CC,GG,CC,AT,GG,AG,CC,TT,CC,GG,TT,CG,TT,AA,AA,GT,CC,GG,AA,CC,CC,GG,GG,CC,CG,TT,AC,AG,CC,GG,AA,CC,AA,AA,GT,TT,AT,AT,GG,GG,AA,CG,TT,TT,AA,GG,AA,TT,AA,TT,NN,TT,AA,CC,TT,CC,GG,CG,GG,CC,TT,CC,GG,GG,TT,AA,CC,AA,GG,CC,CC,GG,CC,GG,TT,AG,CG,TT,GG,CC,CC,AA,GG,CC,AA,GG,AA,AA,AC,CC,AA,TT,AA,NN,AA,AC,AA,AA,AG,AA,AA,AA,AT,GG,AA,AA,CC,AA,TT,AA,AA,GG,GG,GG,GT,AA,AA,NN,TT,TT,AG,TT,GG,GG,AA,5.28,Moderate,Medium,Poor,Late
L0804,Mandya,Karnataka,Kharif,Red Loamy,Irrigated (Cauvery command),780,27.0,72,AC,TT,AG,AA,GG,CC,GG,AA,CC,CG,AA,CC,CC,TT,GG,NN,CG,TT,TT,AG,CC,TT,GT,CC,TT,CC,TT,TT,GG,AA,TT,CT,AA,CC,GG,GG,GG,CC,GG,CC,TT,CT,AA,GT,AA,GG,TT,AT,CG,CC,GG,AT,AA,GG,CC,TT,AA,AA,GG,AA,AA,GT,TT,AA,TT,TT,CC,GG,TT,GG,AA,GG,CC,AA,AG,AA,AA,GG,TT,TT,GG,GG,GT,CC,AA,GG,AA,AA,CC,GT,CC,TT,CC,AT,GT,GG,CT,CC,GG,CC,TT,CG,AG,AA,AT,GT,CG,AG,AA,AA,CC,GG,TT,CC,GG,AA,AA,TT,CC,AG,CC,GG,CC,GT,TT,AG,CT,CC,CC,CC,AA,TT,AC,AC,CC,CT,AA,TT,GG,AA,CG,CC,CC,GG,AA,GG,AA,CC,GG,CC,CC,AA,AA,GG,TT,AG,AA,TT,CT,GG,CC,GT,GT,CT,CC,AT,TT,TT,AA,AT,CG,CC,AG,CT,CC,CC,GG,CC,AA,GG,GG,CC,TT,CC,GT,GT,GG,AA,AA,AA,TT,CC,GG,AA,AC,CC,GG,GG,AA,GG,TT,AA,AA,CC,GG,AA,CC,AA,AT,GG,TT,TT,AT,GG,TT,AT,CC,TT,GT,AA,AG,AA,TT,AA,TT,CC,NN,AA,CC,CC,GG,AG,CC,AG,CC,TT,TT,GT,GG,TT,AA,AC,AA,GG,CC,CG,GG,CC,GG,AT,AA,CG,GT,GG,CC,CG,AA,GG,CC,TT,CG,AT,AA,CC,CG,CC,TT,AA,GG,AA,AC,AC,AA,GG,AA,AA,AA,AT,GG,AC,GG,CC,CC,CT,AA,AA,CG,AG,GG,TT,AA,AA,TT,TT,TT,AG,TT,GG,GG,AA,6.54,Moderate,Medium,Premium,Medium
L0805,Mandya,Karnataka,Kharif,Red Loamy,Irrigated (Cauvery command),780,27.0,72,AC,CT,AG,AA,GG,CC,GG,TT,CC,CG,AA,CT,CG,TT,TT,GG,GG,TT,TT,AA,CC,GT,TT,CT,TT,CC,TT,TT,GG,AA,CT,CC,AA,CC,GG,CG,GG,CC,GG,CC,TT,CT,AA,TT,AA,AG,TT,AT,CC,AC,GG,AA,AG,CG,NN,TT,AA,AA,GG,AC,GG,TT,AT,AG,TT,TT,CC,GG,TT,GG,AA,GG,AC,AA,AG,CC,AA,GG,TT,TT,GG,TT,NN,CC,AA,GG,AA,AA,CC,TT,CC,TT,CT,TT,TT,GG,CT,NN,GT,CC,CC,CC,AG,AA,TT,TT,CG,AA,GG,AA,CT,GG,TT,CG,TT,AA,AA,TT,CC,AG,CC,GG,CC,GT,CT,AG,CC,CC,CC,CC,AA,TT,CC,AA,CC,CC,AA,TT,AA,AA,GG,CC,CC,GG,AG,AA,AA,CC,GG,CC,CC,AA,AA,AG,TT,GG,NN,TT,TT,GG,CC,TT,GG,TT,CG,AA,GT,TT,NN,TT,CG,CC,AA,CT,CC,CC,GG,CC,AA,GG,AA,CC,TT,CC,GT,TT,GG,TT,AA,AA,TT,CC,GG,AA,CC,CC,CG,GG,AC,GG,TT,AC,AA,CC,GG,AA,CC,AA,AA,GT,GG,TT,TT,GG,TT,AT,CC,AT,TT,AA,GG,AA,CT,AA,NN,CC,TT,AC,AC,TT,GG,AA,GG,AG,CC,TT,CT,GT,GG,AA,AC,AA,AG,GG,CC,CG,GG,CC,GG,AA,AA,CC,GG,GG,CC,CC,AA,GG,CC,AA,CC,AA,AA,CC,CC,AC,TT,AA,GG,NN,AA,AC,AA,GG,AG,AA,AA,AT,GG,AA,AG,AC,CC,CC,AG,AA,GG,AG,GG,TT,AT,AA,TT,TT,TT,AA,AT,CG,GG,AA,7.44,Susceptible,High,Standard,Early
L0806,Mandya,Karnataka,Kharif,Red Loamy,Irrigated (Cauvery command),780,27.0,72,AA,TT,GG,AA,CG,CC,GG,AT,CC,CG,AA,CT,CC,TT,GT,GG,GG,TT,AT,AA,CC,TT,GT,TT,TT,CC,TT,TT,GG,AA,TT,CC,AA,CC,GG,NN,GG,CG,GG,CC,TT,TT,AA,TT,AG,GG,TT,TT,CC,AC,GG,AT,AA,GG,CC,GT,AA,NN,GT,AC,AG,TT,AT,AG,TT,TT,CC,GG,TT,GT,AA,GG,CC,AA,GG,AA,AT,GG,TT,TT,GG,GT,GG,CC,AA,GG,AA,AT,NN,GT,CC,TT,CC,TT,GT,GG,TT,CC,TT,CC,CC,CC,AG,AG,TT,TT,CC,AG,AA,AA,CC,GG,TT,CG,TT,AC,AA,TT,CC,GG,CC,GG,CC,GG,CC,AA,CC,CC,AC,CC,AA,TT,CC,AA,CC,CC,AA,TT,AA,AA,GG,CC,CG,GG,AG,AG,AT,CC,GG,CC,CC,AA,GG,GG,TT,GG,NN,TT,TT,GG,CC,TT,TT,TT,CC,AT,TT,TT,AA,AT,GG,CG,AG,CT,CC,CC,GG,CC,AA,GG,AG,CC,TT,CC,GG,TT,GG,TT,AA,GG,TT,CC,GG,AC,AA,CC,GG,GG,CC,NN,TT,AA,AG,CC,GT,AA,CC,AA,AA,TT,TT,TT,AT,CG,GT,AA,CC,AT,GT,AA,GG,AA,TT,AA,TT,CC,CT,CC,AC,TT,GG,AA,CG,AG,CC,TT,TT,GT,GG,AT,AA,CC,AA,NN,CC,CG,GG,CC,GG,TT,AA,CC,TT,GG,CC,CG,AA,AG,CC,AA,CG,AA,AA,AC,CG,CC,TT,AA,GG,AA,AA,AA,AA,GG,AG,AA,AA,TT,GG,AC,AA,AA,AA,TT,AG,AG,GG,GG,GG,TT,AA,AA,GT,TT,TT,AA,AT,GG,GG,AA,6.04,Resistant,Low,Premium,Medium
L0807,Mandya,Karnataka,Kharif,Red Loamy,Irrigated (Cauvery command),780,27.0,72,AC,TT,GG,AG,GG,CC,GT,TT,CC,CG,AA,CC,CG,AT,TT,GT,CG,TT,TT,AA,CC,TT,GT,CT,TT,CC,TT,TT,GG,AA,CT,CC,AG,AC,GG,GG,GT,CC,GG,CC,TT,CC,AA,GT,AA,AG,TT,TT,CC,AC,GT,AA,AG,GG,CC,GT,AA,AC,GG,AA,AG,TT,TT,AA,CT,TT,CC,GG,TT,GG,AA,GG,CC,NN,GG,AC,AT,GG,GT,TT,GG,GG,NN,CC,AA,GG,AA,AA,CG,GG,CC,TT,CT,AT,TT,GG,CT,CC,TT,CC,CT,CG,GG,AA,TT,TT,CC,AA,GG,AC,CC,GG,TT,CC,GT,AA,AA,TT,CG,AA,CC,AG,CC,NN,CT,AA,CT,CC,CC,CC,AA,TT,CC,AA,CC,CC,AA,AT,AA,AA,CG,CT,CC,GG,AG,AG,AA,CC,GG,CC,NN,AA,AA,GG,TT,GG,AA,TT,TT,AG,CC,TT,TT,TT,CG,AA,TT,TT,AA,TT,GG,CC,AG,CT,CC,AC,GG,CC,AA,AG,AG,CC,TT,CC,GT,TT,CG,AA,AA,AG,TT,CC,CG,AA,AC,CG,GG,GG,AA,GG,TT,AA,AG,GG,GG,AA,CC,AT,TT,GT,TT,AT,AT,GG,GT,AA,CG,TT,GT,AA,GG,AA,TT,AC,TT,CC,TT,AA,NN,CT,GG,AA,CG,AG,CC,AT,TT,GT,GG,TT,AA,CC,AA,GG,CC,CG,GG,CC,GG,AT,AA,CC,TT,GG,CG,CC,AA,GG,CG,AT,CG,AA,NN,CC,CG,CC,AT,AA,GG,AA,AA,AA,AA,GG,AG,AG,AA,TT,GG,AA,AG,CC,CC,CT,AG,AA,GG,AA,GG,TT,AA,AA,TT,TT,TT,AG,TT,GG,CG,AA,9.2,Susceptible,Low,Premium,Medium
L0808,Mandya,Karnataka,Kharif,Red Loamy,Irrigated (Cauvery command),780,27.0,72,CC,TT,GG,AA,GG,CC,GG,TT,CC,CG,AA,CC,NN,TT,TT,GG,CG,TT,TT,AA,CC,TT,GT,CC,TT,CC,TT,NN,GG,AA,CT,CC,AA,CC,GG,GG,GG,CG,GG,CC,TT,CT,AA,GG,AG,GG,TT,TT,CC,CC,GT,AA,GG,GG,CT,TT,AT,AA,GG,AA,AA,GT,TT,AG,TT,AA,CC,GG,TT,GG,AA,GT,CC,AA,AG,AA,AA,GG,TT,TT,GG,TT,GT,CC,AA,GG,AA,AT,CG,TT,CC,TT,CC,TT,TT,GG,TT,CC,TT,CC,CT,CC,AG,AG,AT,TT,CC,AA,GG,AC,CC,GG,TT,CG,TT,AA,AC,TT,CC,AG,CC,GG,CC,GT,CT,AA,CC,CC,AC,CC,AA,TT,CC,AA,CC,CC,AA,TT,NN,AT,GG,CT,CG,GG,AA,AA,AA,CC,GG,CC,CC,AA,AG,GG,GT,GG,AC,TT,CT,GG,CC,GT,TT,TT,CC,AA,GT,TT,AA,TT,CG,CC,AG,CC,CC,CC,GG,CC,AA,GG,AG,CC,TT,CG,GT,TT,GG,AA,AA,AA,TT,CC,GG,AA,CC,CG,GG,GG,AC,GG,TT,AA,AA,CC,GG,AA,AC,AA,AT,GG,TT,TT,AT,CG,GT,AA,CC,TT,GT,AA,GG,AA,TT,AA,TT,CC,TT,AC,CC,TT,GG,AG,CC,GG,CC,TT,CC,TT,GG,TT,AA,AC,AG,GG,CC,CC,GG,CC,GG,AT,AG,CG,GT,GG,CC,CC,AA,GG,CC,AA,CC,AA,AA,CC,CC,CC,TT,AG,GG,AA,AA,AC,AC,AG,NN,AA,AA,AA,GG,AC,AG,AC,AC,TT,NN,AG,GG,GG,GG,TT,AA,AG,TT,TT,AT,AG,TT,NN,GG,AA,8.16,Moderate,Medium,Premium,Late
L0809,Mandya,Karnataka,Kharif,Red Loamy,Irrigated (Cauvery command),780,27.0,72,AC,TT,GG,AG,CG,CC,GG,TT,CC,CG,AT,CC,CG,AA,TT,GG,GG,AT,AT,AG,CC,TT,GG,CT,TT,CC,TT,TT,GG,AA,TT,NN,AA,CC,GG,CG,GG,CC,GG,AC,TT,TT,AA,TT,AA,NN,TT,TT,CC,AA,GG,AT,AA,GG,CC,TT,AA,AA,GT,AA,AG,TT,TT,AG,TT,TT,CC,GG,TT,GG,AA,GG,NN,AA,AG,CC,AA,GG,GT,TT,GG,GT,GG,CC,AA,GG,AG,AT,CC,GT,AC,TT,CT,TT,TT,AG,TT,CC,GT,CC,CC,CC,AG,AG,TT,TT,CC,AA,AG,AA,TT,GG,TT,CC,TT,AA,AA,TT,CC,GG,CC,AG,CC,GT,CT,AG,CT,CC,CC,CC,AA,GT,CC,AA,CC,CT,AA,TT,AA,AA,CG,CC,CC,GG,AA,AA,AA,AC,GG,CC,CC,AA,AG,GG,TT,AG,AC,TT,TT,GG,AC,TT,TT,CT,CC,AA,TT,TT,AA,TT,CG,CC,AA,CC,CC,CC,CG,CC,AA,GG,AG,CC,TT,CC,GG,GT,GG,TT,AA,AA,TT,CC,GG,AC,CC,CG,GG,GG,AA,GG,TT,AC,AA,CC,GT,AA,CC,AA,TT,GG,TT,AT,AA,CG,GT,AA,CC,AT,GT,AA,GG,AA,CT,AA,AT,CC,TT,AA,CC,TT,GG,AG,CC,NN,CC,TT,CC,GT,GG,TT,AA,AC,AA,GG,CC,CG,GG,CC,GG,AT,AA,CC,GT,GG,CC,CC,AA,AA,CG,AT,NN,AA,AG,AC,CC,AC,TT,AA,GG,AA,AA,AA,AA,AG,AG,AA,AG,TT,GG,AA,AG,AA,NN,TT,AA,AA,GG,GG,GG,TT,AA,AA,GT,TT,TT,AG,AT,GG,GG,AA,6.57,Susceptible,Low,Premium,Early
L0810,Mandya,Karnataka,Kharif,Red Loamy,Irrigated (Cauvery command),780,27.0,72,AA,TT,GG,GG,GG,CC,GT,TT,CC,GG,AA,CC,CG,TT,TT,GG,CG,TT,TT,AA,CC,GT,TT,CC,TT,CC,TT,TT,GG,AA,TT,CT,AA,CC,GG,GG,GG,CG,GG,CC,TT,CT,AC,TT,AA,GG,TT,TT,CC,AA,TT,AA,AG,GG,CC,TT,AA,CC,GT,AC,AA,TT,AT,AA,TT,AT,CC,GG,TT,GG,AG,GG,CC,AA,GG,AC,AT,GG,TT,TT,GG,GG,GG,CC,AA,GG,AA,AA,CC,TT,CC,NN,CC,TT,GT,GG,TT,CC,TT,CC,CT,CG,GG,AA,TT,TT,CC,AA,AG,AA,CC,GG,TT,CC,TT,AA,AA,TT,CC,AG,CC,GG,CC,GT,TT,AA,CC,CC,AC,CC,AA,TT,CC,AA,CC,CC,AA,TT,AA,AA,GG,CC,CC,GG,AA,AG,AA,AC,GT,CC,CC,AA,AA,GG,TT,GG,AC,GT,CT,GG,CC,TT,GT,TT,CC,AT,TT,TT,AA,AT,GG,CC,AA,CC,CC,CC,GG,CC,AA,GG,AA,CC,TT,CG,GT,GT,CG,TT,AA,AA,GT,AC,GG,CC,AC,CC,GG,AG,AC,GG,TT,CC,AA,CG,GT,AA,CC,AT,AA,GT,TT,AT,AA,CG,GT,AA,CG,TT,TT,AA,GG,AA,TT,AA,TT,CC,CT,AC,CC,TT,CG,AG,CG,GG,CC,TT,TT,TT,GG,TT,AA,AC,AA,GG,CC,CG,GG,CC,GG,TT,AG,CC,GT,GG,CC,CC,AA,GG,CC,AA,CC,AA,AA,AA,CC,AA,TT,AG,GG,AA,AA,AC,AA,AG,AA,AG,AA,AT,GG,AA,GG,AC,AA,CT,AA,AA,GG,AG,GG,TT,AT,AA,TT,TT,TT,GG,TT,GG,GG,AA,5.54,Susceptible,Medium,Standard,Late
L0811,Mandya,Karnataka,Kharif,Red Loamy,Irrigated (Cauvery command),780,27.0,72,AA,TT,GG,AA,GG,CC,GG,TT,CC,CC,AA,CC,CG,AT,GT,GG,CG,TT,TT,AA,CC,GT,GG,CC,AT,CC,TT,TT,GG,AA,TT,CC,AA,CC,AA,CC,GG,CC,GG,CC,TT,CT,AA,TT,AA,GG,TT,TT,CC,AC,GG,AT,AG,GG,CC,TT,AA,AC,GT,AA,AG,TT,AT,AG,TT,TT,CC,GG,TT,GG,AA,GG,CC,AA,GG,CC,AT,GG,TT,TT,GG,GG,GG,CC,AA,AG,AA,AA,CC,TT,CC,TT,CT,TT,TT,GG,TT,AC,GT,CC,CC,CC,GG,AG,TT,TT,CG,AA,AG,AA,CC,GG,TT,GG,TT,AC,AA,NN,CC,GG,CC,AG,CT,GG,TT,AA,CC,CC,CC,CC,AA,TT,CC,AA,CC,CC,AA,TT,AA,AA,GG,CT,CC,GG,AA,GG,AA,CC,GG,CC,CC,AA,NN,AG,TT,GG,CC,TT,NN,GG,AC,TT,GG,TT,CC,AA,GT,TT,NN,AT,CG,CC,GG,CT,CC,CC,GG,CC,AA,GG,GG,CC,TT,CG,GG,TT,GG,AT,AA,AA,TT,CC,GG,AA,CC,NN,GG,GG,AC,CG,TT,AA,AA,CC,GG,AA,CC,AA,NN,GT,TT,TT,AA,GG,GT,AA,CG,AT,TT,AA,GG,AA,CT,AC,TT,CC,TT,AA,CC,TT,CG,AG,CC,AG,AA,TT,CT,TT,GG,TT,AC,AC,AG,GG,CC,CC,GG,CC,GG,AT,AA,GG,TT,GG,CC,CC,AA,GG,CC,AA,CC,AT,AA,AC,CG,AC,NN,AA,GG,AA,AA,AC,AA,AG,AG,AA,AA,TT,GG,AA,AA,AC,AA,CT,AA,AA,GG,GG,GG,GT,AA,AG,TT,TT,TT,AA,AA,GG,GG,AA,6.27,Susceptible,High,Premium,Medium
L0812,Mandya,Karnataka,Kharif,Red Loamy,Irrigated (Cauvery command),780,27.0,72,CC,TT,GG,AA,CG,CG,GG,TT,CC,CG,AA,CC,CG,AT,TT,GG,CG,TT,TT,AA,CC,GT,NN,CC,TT,CC,TT,TT,GG,AA,CT,CC,AA,CC,GG,GG,GG,CG,GG,CC,TT,CT,AA,GT,AA,GG,TT,TT,CC,AA,GG,AA,AG,GG,CC,TT,AA,AC,GG,AC,AA,TT,TT,AG,CT,TT,CC,GG,TT,GG,AA,GG,CC,NN,AG,AC,AA,GG,GT,CT,GG,GG,GT,CC,AA,GG,AA,AA,CC,TT,CC,TT,TT,TT,TT,GG,TT,CC,GG,TT,CC,CC,AG,AA,AA,NN,CC,AA,AA,AC,CT,GG,TT,CG,TT,AA,AA,TT,CC,GG,CC,GG,CC,GT,CC,AA,CC,CC,CC,CC,AA,TT,CC,AA,CC,CT,AA,TT,AA,AA,GG,TT,CC,GG,AA,AA,AA,AC,GT,CC,CC,AG,AA,AG,GG,GG,AA,GT,CC,GG,CC,GT,GG,TT,CC,AT,GT,CT,AA,TT,GG,CC,AA,CT,CC,CC,GG,CC,AA,GG,AA,CC,TT,CC,GT,TT,GG,AT,AA,AA,TT,CC,GG,AA,CC,CG,GG,AG,AC,GG,TT,AA,AA,CC,GT,AA,AC,AA,TT,GG,TT,TT,TT,GG,GT,AT,CC,TT,TT,AA,GG,AG,CT,AA,TT,CC,TT,AA,CC,TT,GG,AG,CC,AA,AC,TT,CT,GT,GG,TT,AA,CC,AA,GT,CC,CG,GG,CC,GG,AT,NN,CC,GT,GG,CC,CC,AA,GG,CC,AA,CC,AA,AA,AC,CG,AC,TT,AG,CG,AA,AA,AC,AC,GG,AA,AG,AA,TT,GG,AA,AG,AC,AA,CT,AA,AA,GG,AG,GG,TT,AT,AA,TT,TT,TT,AA,TT,GG,GG,AA,9.05,Resistant,Low,Premium,Late
L0813,Mandya,Karnataka,Kharif,Red Loamy,Irrigated (Cauvery command),780,27.0,72,CC,CT,GG,AG,GG,CC,GG,TT,CC,CC,AA,CT,CC,AT,TT,GG,GG,TT,TT,AA,CG,TT,NN,CT,TT,CC,TT,TT,GG,AA,TT,CC,AA,CC,GG,GG,GG,CC,GG,CC,TT,CC,AA,TT,AA,AG,TT,TT,CC,CC,GT,AA,AG,CG,NN,GT,AA,AC,TT,AC,AA,TT,TT,AG,TT,AT,CC,GG,TT,GT,AA,GG,CC,AA,GG,AC,AT,GG,TT,TT,GG,GG,GT,CC,AA,GG,AA,AT,CC,TT,CC,TT,CC,AT,TT,GG,TT,CC,TT,CT,CT,CG,AA,AA,TT,TT,CG,AA,AA,AA,TT,GG,TT,CG,TT,AA,AA,TT,CC,GG,CC,AG,CC,GG,TT,AA,CC,CC,CC,CC,AA,TT,CC,AC,CC,CC,AA,TT,AA,AT,CG,CC,CC,GG,AA,AA,AA,AC,GG,CC,CC,AA,AA,AG,TT,GG,AC,TT,NN,GG,AC,TT,GT,TT,CC,TT,GT,TT,AA,TT,NN,CC,AG,CT,CC,CC,CC,CC,AA,GG,GG,CC,TT,CC,TT,TT,GG,AT,AG,AA,GT,CC,GG,AA,AC,CC,GG,GG,AC,GG,TT,AA,AA,CC,GG,AA,CC,AA,AA,GG,GT,TT,AT,CG,TT,AT,CG,AT,GT,AA,GG,AA,CT,AA,TT,CC,TT,AA,CC,TT,GG,AG,CC,AG,CC,TT,TT,TT,GG,TT,AA,NN,AA,GG,CC,CG,GG,CC,GG,AT,AA,CC,GT,GG,CC,CG,AA,GG,CC,AA,CC,NN,AA,AC,CC,AC,TT,AA,GG,AA,AA,AC,AA,AG,AG,AA,AA,TT,GG,AC,AA,CC,AA,CC,AG,AA,GG,GG,GG,TT,AA,AA,TT,TT,TT,AG,TT,GG,GG,AC,9.23,Resistant,Medium,Poor,Early
L0814,Mandya,Karnataka,Kharif,Red Loamy,Irrigated (Cauvery command),780,27.0,72,AC,TT,AG,AG,GG,CC,GT,AT,CC,GG,AT,CC,CG,TT,TT,GT,GG,TT,TT,AG,CC,TT,GT,CT,TT,CC,GG,TT,GG,AA,TT,CT,AA,CC,GG,GG,NN,CG,GG,CC,TT,TT,AC,GT,AA,GG,TT,AT,CC,AC,GG,AA,AA,GG,CT,TT,AA,AC,GG,AC,AA,TT,TT,AG,CT,TT,CC,GT,TT,GT,AG,GG,CC,AG,NN,AA,TT,GG,TT,TT,GG,GG,GT,CC,AT,NN,AA,AT,CC,GT,CC,TT,CT,TT,TT,GG,NN,AC,GG,CC,CT,CC,AA,AA,TT,GT,CG,AA,AA,AA,CT,GG,TT,CG,TT,AA,AA,TT,CC,GG,CC,GG,CC,GG,TT,AG,CT,CC,CC,CC,AA,GT,CC,AC,CC,CC,AA,TT,AA,AT,GG,CC,CC,GG,AA,AG,AA,AC,GG,CG,CC,AA,AG,GG,TT,AG,AA,GT,TT,GG,CC,GG,GT,TT,CC,AT,TT,TT,AT,AT,NN,CC,AG,TT,CC,AC,CC,CC,AA,GG,AG,CC,TT,CG,GG,NN,GG,TT,AA,AA,TT,NN,GG,AA,CC,CC,GG,GG,AA,GG,TT,AC,AA,CC,GG,AA,AA,AT,AA,GG,NN,AA,AA,GG,GT,AT,CC,TT,GG,AA,GG,AA,CT,AA,TT,CC,TT,AA,CC,TT,GG,AA,CC,GG,CC,AT,CC,TT,GG,TT,AA,CC,AA,GT,CC,CC,GG,CG,GG,AT,AA,CC,TT,NN,CC,CC,AA,GG,CC,NN,CC,AT,AA,AC,GG,CC,TT,AA,GG,AA,AA,AC,AA,GG,AA,AG,AA,AT,GG,AC,AG,CC,AA,CT,AG,AA,GG,NN,GG,TT,AA,AA,TT,TT,TT,AA,TT,GG,GG,AA,5.39,Susceptible,High,Premium,Early
L0815,Mandya,Karnataka,Kharif,Red Loamy,Irrigated (Cauvery command),780,27.0,72,AC,TT,GG,AG,GG,CC,GT,TT,CC,CC,AA,CT,CG,TT,TT,GG,CC,TT,TT,AG,CC,GT,GT,CC,TT,CC,TT,TT,GG,AA,TT,CT,AA,CC,GG,GG,TT,CC,GG,CC,TT,TT,AA,TT,AG,GG,TT,TT,CC,AC,GT,AA,AA,GG,CC,TT,AA,AC,TT,AC,NN,GT,AT,AA,TT,AT,CC,GG,TT,GG,AA,GG,CC,AA,GG,AC,AT,AG,GT,TT,GG,GG,GG,CC,AA,GG,AA,AA,CC,TT,CC,TT,CT,TT,TT,GG,CT,CC,GT,CC,CC,CC,GG,AA,AT,TT,CC,AA,AA,AA,CT,GG,TT,CC,TT,AA,AA,TT,CC,GG,GG,AG,TT,GG,CT,AA,CC,CC,CC,CC,AG,TT,CC,AA,CC,CC,AA,AT,AA,AA,GG,CT,CC,GG,AA,AG,AA,CC,GG,CC,CC,AG,AA,GG,TT,GG,AA,TT,CT,GG,CC,TT,TT,TT,CC,AA,TT,TT,AA,AT,GG,CC,AG,CT,CC,AC,CG,CC,AA,GG,AA,CC,TT,CC,GG,GG,GG,AT,AA,AG,TT,CC,GG,AA,AC,CG,NN,GG,AA,GG,CT,AA,AA,CC,GG,AA,CC,AT,AT,GG,TT,TT,AT,GG,GG,AT,CC,TT,TT,AA,GG,AA,CT,AA,TT,CC,TT,AA,CC,TT,CG,AG,CC,GG,CC,TT,CT,TT,GG,TT,NN,CC,AG,GG,CC,CG,GG,CC,GG,AT,AA,CG,TT,GG,CC,CC,AA,GG,CG,AA,CC,AT,AA,AC,CG,CC,TT,AA,GG,AA,AA,AC,AA,AG,AA,AA,AA,AT,GG,AA,AA,CC,NN,CT,AA,AA,GG,GG,GG,TT,AA,AA,TT,TT,TT,AG,AT,GG,GG,AA,8.18,Resistant,Medium,Standard,Medium
L0816,Mandya,Karnataka,Kharif,Red Loamy,Irrigated (Cauvery command),780,27.0,72,AC,CT,GG,AA,GG,CC,GG,TT,CC,CC,AA,CC,GG,TT,TT,GT,CG,TT,TT,AG,CC,GT,GT,CT,TT,CC,TT,TT,GG,NN,TT,CT,AG,CC,GG,CG,NN,GG,GG,CC,TT,CT,AA,NN,AA,GG,TT,TT,CC,NN,NN,AT,AG,GG,CC,NN,AA,AC,GT,CC,AA,TT,TT,GG,CT,TT,CC,GG,TT,GG,AA,GG,CC,AA,GG,AA,AT,GG,TT,TT,GG,GT,GT,CC,AA,GG,AA,AA,CC,TT,AC,TT,CT,TT,TT,GG,TT,CC,GT,CC,CC,CG,GG,AA,TT,TT,CG,AA,AG,AA,CC,GG,TT,GG,GT,AA,AA,TT,CC,GG,CC,GG,CT,GT,TT,AA,CT,CC,CC,CC,AG,GT,CC,AA,CC,CC,AG,TT,AG,AA,GG,CT,CC,AG,AA,GG,AA,CC,GG,CC,CC,AA,AA,GG,TT,GG,AA,TT,CT,GG,AA,TT,GT,TT,CC,AA,TT,CT,AA,TT,GG,CC,AA,CT,AC,CC,CG,CC,AA,GG,GG,CC,TT,CC,TT,TT,CG,TT,AA,AA,TT,CC,CG,AA,CC,CG,GG,GG,AC,GG,TT,AA,AA,CC,GT,AA,CC,AA,AA,GG,TT,AA,TT,GG,GT,AT,GG,TT,TT,AA,GG,AA,CT,AA,TT,CG,TT,AA,CC,TT,GG,AG,CG,AG,CC,TT,NN,GG,GG,TT,AA,CC,AA,GG,CC,CG,GG,CC,GG,AA,AA,CG,TT,GG,CC,CG,AA,GG,CC,AT,CC,AA,AA,CC,CG,AC,TT,AA,GG,AA,NN,AA,AA,AG,AA,AG,AA,TT,GG,AA,AA,AC,AC,CT,AG,AA,GG,GG,GG,TT,AA,AG,TT,TT,TT,AA,TT,GG,CG,AA,8.09,Susceptible,High,Standard,Late
L0817,Mandya,Karnataka,Kharif,Red Loamy,Irrigated (Cauvery command),780,27.0,72,AA,TT,GG,AG,GG,CC,GG,TT,CC,GG,AA,CC,GG,TT,TT,GG,GG,TT,TT,AA,CG,GT,GT,CC,TT,CC,TT,TT,GG,AA,CT,CC,AA,CC,GG,GG,GG,CC,GG,CC,TT,TT,AA,TT,AA,AG,TT,TT,CG,CC,GG,AA,AA,GG,CT,GT,AA,AC,GG,AC,AA,GT,AT,AG,TT,TT,CC,GG,TT,GG,AA,GG,CC,AA,GG,AC,AT,GG,TT,TT,GG,GG,TT,AC,AA,GG,AA,AA,CC,TT,AC,TT,CC,AA,TT,GG,TT,CC,GG,CC,CC,CC,AG,AA,TT,TT,CC,AA,AG,AA,CC,GG,TT,CC,TT,AA,AC,TT,CG,GG,CG,GG,CC,GG,TT,AA,CC,CG,CC,CC,AA,TT,CC,AA,AC,NN,AA,TT,AA,AT,GG,CC,CC,GG,AA,AG,AA,CC,NN,CC,CC,AA,AG,GG,TT,AG,AC,TT,TT,GG,AC,TT,TT,TT,CC,AT,TT,TT,AA,TT,NN,CC,AG,CT,CC,CC,CG,CC,AA,NN,AA,CC,TT,CC,TT,TT,GG,AA,AA,AG,TT,CC,GG,AA,CC,CC,NN,GG,AC,GG,TT,CC,AA,CC,GG,AA,AC,AA,AT,GG,TT,AT,AA,GG,TT,NN,CG,AT,TT,AA,GG,AG,CC,AC,TT,CC,TT,NN,CC,TT,GG,AA,CG,AA,AC,TT,CT,GT,GG,TT,AA,CC,AA,GT,CC,CG,GG,CC,GG,TT,AG,CC,GT,GG,CC,GG,AA,AA,CC,AA,CC,TT,AA,CC,CC,CC,TT,AA,GG,AA,AA,AA,AA,AA,AG,AA,AA,AT,CG,AA,AA,CC,AA,CT,AA,AA,GG,GG,GG,TT,AA,AA,GT,TT,TT,AG,AT,GG,GG,AA,9.16,Susceptible,Low,Poor,Early
L0818,Mandya,Karnataka,Kharif,Red Loamy,Irrigated (Cauvery command),780,27.0,72,AA,CC,AG,AG,GG,CC,GG,TT,CC,CG,AA,CT,CG,AA,TT,GG,CC,TT,TT,AG,CC,TT,GG,CC,TT,CC,TT,TT,GT,AA,TT,CC,AA,CC,GG,CG,GG,CG,GG,CC,TT,TT,AA,TT,AA,GG,CT,TT,CG,AA,GG,AT,AG,GG,CC,GG,AA,AC,GT,AC,AA,GT,AT,AA,CT,AT,CC,GT,TT,GG,AA,NN,CC,AA,GG,CC,AT,GG,TT,TT,AG,GG,GT,CC,NN,GG,AA,AT,CG,GT,CC,GT,CT,AT,GT,GG,CT,CC,TT,CC,CT,CG,AG,AA,AT,TT,CC,AA,AG,AC,CC,GG,TT,CC,TT,AA,AA,TT,CC,GG,CG,GG,CT,GT,TT,AA,CC,CC,CC,CC,AA,TT,CC,AA,CC,CT,AA,AT,AA,AA,GG,CC,CC,GG,AA,NN,AA,CC,GT,CC,CC,AA,GG,GG,TT,GG,AC,TT,CT,GG,CC,TT,TT,TT,CG,AA,TT,CT,AT,TT,GG,CC,AG,CC,CC,CC,GG,CC,AA,NN,AA,CC,TT,CG,GT,TT,NN,TT,AA,AG,TT,CC,GG,AA,CC,CG,GG,GG,AC,GG,TT,AA,AG,CC,GG,AA,CC,AA,AA,GG,TT,AT,AA,GG,GT,TT,CC,TT,TT,AA,AG,AA,TT,AA,TT,CC,TT,AA,CC,CT,CG,GG,CC,AG,AC,TT,TT,TT,GG,TT,AA,CC,AG,GT,CC,CG,GG,CC,GG,TT,AA,CC,GT,GG,CC,CC,AA,GG,CC,AT,CG,AT,AA,AA,CG,CC,TT,AA,CG,AA,CC,CC,AA,AG,GG,AA,AA,TT,GG,AA,AA,AC,AA,CT,AA,AG,NN,GG,GG,TT,AT,AA,TT,TT,TT,GG,AT,GG,GG,AA,6.81,Susceptible,Low,Premium,Late
L0819,Mandya,Karnataka,Kharif,Red Loamy,Irrigated (Cauvery command),780,27.0,72,AA,CT,GG,AA,GG,CC,TT,AT,CC,CC,AA,CC,CG,TT,GT,GG,GG,TT,TT,AA,CC,TT,GT,CC,NN,CC,TT,TT,GT,AA,CT,CC,AG,AC,GG,GG,GG,CC,GG,CC,TT,CT,AA,TT,AA,GG,TT,TT,CC,AA,GT,NN,AA,GG,CT,TT,AA,AC,GT,AC,AA,TT,AT,AA,TT,AT,CT,GG,TT,GG,AG,GG,CC,AA,GG,AA,AA,GG,TT,TT,GG,GG,GG,CC,NN,GG,AA,AT,CC,GG,CC,GT,TT,TT,GT,GG,TT,AC,GT,CC,CT,NN,AA,NN,TT,TT,GG,AG,GG,AA,CC,GG,TT,CC,TT,AA,AA,TT,CC,AG,CC,AG,CC,GT,TT,AA,CT,CC,CC,CC,AA,TT,AC,AA,CC,NN,AA,TT,AA,AA,CG,CT,CC,GG,AA,AG,AA,CC,GT,CG,CC,AA,AG,AG,GT,GG,AC,GT,TT,AG,AC,GG,TT,CC,CG,AT,TT,TT,AT,TT,GG,CC,AG,CT,CC,CC,GG,AC,AA,GG,AA,CC,TT,CC,GG,GT,CC,AT,AA,AA,TT,CC,GG,AC,CC,CC,CG,GG,AC,GG,TT,AA,AA,CC,GT,AA,CC,AA,AT,GT,TT,AT,AA,GG,GG,AA,CC,TT,TT,AA,GG,AA,TT,AA,TT,CC,TT,AA,AA,CT,GG,GG,CC,GG,CC,TT,TT,TT,GG,AA,AA,AC,AA,GG,CC,CG,GG,CC,GG,AT,AA,CC,TT,GG,CC,CC,AA,GG,CG,AT,CC,AA,AA,AC,CG,AC,AT,AA,GG,AA,AA,AC,AA,GG,AG,AA,AA,TT,CG,AA,AG,CC,AA,TT,AG,AG,GG,GG,GG,TT,AT,AA,TT,TT,TT,AG,AT,GG,GG,AA,5.3,Susceptible,Medium,Standard,Late
L0820,Mandya,Karnataka,Kharif,Red Loamy,Irrigated (Cauvery command),780,27.0,72,AA,CT,GG,AA,GG,CC,GG,TT,CC,CC,AA,CC,CG,TT,TT,GG,GG,TT,TT,AA,CC,TT,GT,CC,AT,CC,TT,TT,GG,AA,TT,CC,AA,CC,GG,CG,GG,CC,GG,CC,TT,TT,AC,TT,AA,GG,TT,TT,CC,AC,GT,AA,AA,GG,CT,TT,AT,AC,GT,AA,AA,TT,AT,AG,CT,AT,CC,GT,CT,GG,AA,GG,AC,AA,AG,AA,AA,AG,TT,TT,GG,GT,GG,CC,AA,GG,AA,AA,CC,TT,CC,TT,CC,AT,TT,GG,TT,CC,GG,CT,TT,CC,AA,AA,TT,TT,NN,AA,AG,AA,CC,GG,TT,CC,TT,AC,AC,TT,CC,GG,CC,GG,CC,GT,CC,AG,CC,CC,CC,NN,AA,TT,AC,AA,CC,CC,AA,TT,AA,AA,GG,CC,CC,GG,AA,AA,AA,CC,GG,CC,CC,AA,AG,AG,GT,GG,AA,TT,TT,GG,AC,TT,TT,TT,CG,AT,TT,TT,AA,TT,GG,CC,AA,CT,CC,CC,GG,CC,AA,GG,AA,CC,TT,CC,TT,GT,GG,AT,AA,AA,TT,CC,GG,AA,AC,CC,GG,GG,AC,GG,TT,AA,AA,CC,TT,AA,AA,AA,TT,GG,GT,TT,AA,CG,GG,AA,CC,AT,TT,AA,GG,AA,TT,AA,TT,CC,CT,AA,AC,CT,GG,NN,CC,AG,CC,AT,TT,TT,GG,NN,AA,AC,AA,GG,CC,CC,GG,CC,GG,AT,AG,NN,GT,AG,CC,CC,AA,GG,CC,AA,CC,AA,AA,CC,CG,AA,TT,AA,CG,AA,AA,AC,AA,AA,AA,AA,AA,AT,GG,AC,AG,AC,AA,CT,AG,AA,CG,GG,GG,TT,AA,AG,TT,TT,TT,AG,AT,GG,CG,AA,6.27,Moderate,Low,Standard,Early
L0821,Mandya,Karnataka,Kharif,Red Loamy,Irrigated (Cauvery command),780,27.0,72,AC,CT,GG,GG,GG,CC,GG,AT,CC,CC,AA,CT,CG,TT,TT,GG,CG,TT,TT,AA,CC,NN,TT,CC,TT,CC,TT,AT,GG,AA,TT,CC,AA,CC,GG,CG,GG,CG,GG,CC,TT,NN,AA,TT,AA,AG,CT,TT,CC,AC,TT,AA,AG,GG,CC,GT,AA,AA,GT,AA,AA,TT,TT,AA,TT,AT,CC,GG,TT,GG,NN,GT,CC,AA,GG,AA,AT,GG,GT,TT,GG,GG,GT,CC,AA,AG,AA,TT,CC,TT,AC,TT,CT,TT,GT,GG,TT,AC,GT,CC,CC,CC,GG,AG,TT,TT,CC,AA,AA,AA,CT,GG,TT,CC,TT,AA,AC,AT,CG,GG,CC,GG,CC,GT,CT,AA,CC,CC,CC,CC,AA,GT,CC,AA,CC,CT,AA,TT,AA,AT,GG,CC,CG,GG,AA,AG,AA,CC,GG,CC,CC,AG,AG,AG,GT,GG,AC,GT,TT,GG,CC,TT,TT,TT,CC,AT,TT,TT,AA,TT,GG,CC,AA,CT,CC,CC,CG,CC,AA,GG,AA,CC,TT,CG,TT,GT,CG,TT,AG,AA,TT,CC,GG,AA,AC,CC,GG,GG,AC,GG,TT,AA,AA,CC,GG,AA,CC,AT,AT,GT,TT,AT,AA,GG,GT,AA,CG,TT,GT,AA,GG,AA,TT,AA,TT,CC,TT,AA,CC,TT,GG,AA,CC,AG,NN,TT,TT,GT,GG,TT,AA,AC,AA,GG,CC,CC,GG,CG,GG,AT,AA,CC,TT,AG,CC,CC,AT,GG,CG,AA,CG,AA,AA,CC,CG,AA,TT,AA,GG,AA,AA,AA,AC,AG,AG,AA,AA,AT,GG,AA,AA,AC,AA,CT,AA,AA,CG,GG,CG,TT,AT,AA,TT,TT,TT,AG,NN,GG,NN,AC,5.94,Resistant,Low,Poor,Late
L0822,Mandya,Karnataka,Kharif,Red Loamy,Irrigated (Cauvery command),780,27.0,72,AA,TT,GG,AA,GG,CG,GT,AT,CC,GG,AA,CC,CG,TT,TT,GG,CG,TT,TT,AG,CC,TT,GG,CT,AT,CC,GT,TT,GT,AA,CT,CC,AG,CC,GG,CG,GG,CC,GG,CC,TT,TT,AA,TT,AA,GG,CT,TT,CC,CC,GT,AA,AA,GG,CT,NN,AA,CC,GT,AA,AA,TT,AA,AA,TT,TT,CC,GG,TT,GG,AA,GG,CC,AA,AG,AC,AA,AG,TT,TT,GG,GG,GG,CC,AA,GG,AA,AT,CC,TT,CC,TT,CC,TT,GT,AG,TT,CC,TT,CT,CT,CG,GG,AA,TT,NN,CC,AA,NN,AA,CC,GG,TT,CC,TT,AA,AA,TT,CC,GG,CC,NN,CC,GG,TT,AG,CC,CC,CC,CC,AA,TT,CC,AA,CC,CT,AA,TT,AA,AA,CG,CC,CG,GG,AA,AA,AA,CC,GG,CG,CG,AA,AG,GG,TT,GG,AA,TT,CT,GG,CC,TT,GT,TT,CC,AT,TT,CC,AA,TT,GG,CC,AG,CC,CC,CC,CG,CC,AA,GG,AG,CC,TT,CC,TT,GT,GG,TT,AA,AA,TT,CC,GG,AA,AC,CC,GG,GG,AA,GG,TT,AA,AA,CC,GG,AT,CC,AA,AT,GT,TT,AT,AT,GG,GT,AT,CG,AT,GT,AA,GG,AA,TT,AA,TT,CC,CT,AA,CC,CT,GG,GG,CC,NN,AC,TT,CT,TT,GG,AT,CC,CC,AA,GG,CC,GG,GG,CC,GG,AT,AA,CC,GT,GG,CC,CC,AA,GG,CC,AA,CC,AA,AA,AC,CG,AC,TT,AA,CG,AA,AC,AA,AA,GG,AA,AA,AA,TT,GG,AA,AG,AC,AC,CT,AA,AG,GG,GG,CG,TT,AA,AA,TT,TT,TT,AG,TT,GG,GG,AA,6.54,Susceptible,Low,Premium,Medium
L0823,Mandya,Karnataka,Kharif,Red Loamy,Irrigated (Cauvery command),780,27.0,72,AA,TT,GG,AA,GG,CC,GG,TT,CC,CG,AA,CC,CC,TT,TT,GG,CC,TT,AT,AG,CC,TT,GT,TT,TT,CC,GT,TT,GG,AA,CT,CC,AA,CC,GG,GG,GG,CG,GG,CC,TT,TT,AA,TT,GG,GG,CT,TT,CC,CC,GG,AA,AA,GG,CC,GT,AA,AA,GT,CC,AA,TT,TT,AA,TT,AT,CC,GG,TT,GG,AG,GG,CC,AA,GG,CC,AA,NN,TT,TT,GG,GG,GG,CC,AA,GG,AG,AT,CC,GG,AC,TT,CC,TT,GT,GG,TT,CC,GT,CC,CT,CG,AG,AA,TT,TT,CC,AA,AG,AA,NN,GG,TT,CG,TT,AC,AA,TT,CG,AA,CC,AG,CC,GG,TT,GG,CC,CC,CC,CC,AA,GT,CC,AA,CC,CT,AA,TT,AG,AA,GG,CC,CC,GG,AA,GG,NN,CC,GG,CC,CC,AA,AA,GG,GT,GG,AA,TT,CT,AG,CC,NN,TT,TT,CC,AT,GT,TT,AA,TT,GG,CC,AG,CT,AC,CC,GG,CC,NN,GG,AA,AC,TT,CC,GG,TT,GG,AA,AA,AA,TT,CC,NN,AC,CC,CC,CG,GG,AA,GG,TT,AC,AA,CC,GG,AT,CC,AA,AT,GT,TT,AA,AT,GG,GT,AT,CC,TT,TT,AA,GG,AG,TT,AA,TT,CC,TT,AA,CC,TT,CG,GG,CC,AG,AC,AT,TT,TT,GG,TT,AC,AC,AA,GG,CC,CC,GG,CG,GG,AT,AA,CC,TT,GG,CC,CC,AT,GG,CC,AT,CC,AT,AA,CC,GG,CC,TT,AA,GG,AA,AC,AC,AA,AA,AG,AA,AA,TT,GG,AA,AG,AC,NN,TT,AG,AA,GG,GG,GG,NN,AA,AA,GT,TT,TT,AG,AT,GG,CG,AA,7.06,Susceptible,Medium,Standard,Late
L0824,Mandya,Karnataka,Kharif,Red Loamy,Irrigated (Cauvery command),780,27.0,72,AC,TT,AG,AA,GG,CC,GG,NN,CC,CC,AA,CC,CC,TT,TT,GG,CG,AT,AT,AA,CC,TT,GT,CC,AT,CT,GT,TT,GG,AA,TT,CC,NN,AC,GG,CG,GG,CC,GG,CC,TT,TT,AA,TT,AA,AA,TT,TT,CC,AC,GG,AA,AG,GG,CC,GT,AA,AA,GG,CC,AG,TT,AT,AA,TT,TT,CC,GG,TT,GT,AG,GT,CC,AA,GG,AC,TT,GG,TT,TT,GG,GT,GG,CC,AA,GG,AA,AA,CG,GT,AC,TT,CC,TT,TT,GG,TT,CC,GT,CC,CT,CG,AG,AA,TT,TT,CG,AA,AA,AA,CC,GT,TT,CC,TT,AA,AA,AT,CC,GG,CC,AG,CC,GT,TT,AG,CC,CC,CC,CC,AA,TT,CC,AA,CC,CT,AA,TT,AA,AA,CG,CT,CC,GG,AA,AA,AA,AC,GG,CC,CC,AG,AG,AG,TT,GG,AA,NN,TT,GG,CC,TT,TT,TT,CC,AA,TT,TT,AA,TT,GG,CC,AA,CC,CC,CC,GG,CC,AA,GG,AA,CC,TT,CC,GG,GT,GG,TT,AA,AG,TT,CC,NN,AA,CC,CC,GG,GG,AC,CG,TT,AA,AA,CC,GG,AA,AC,AA,AA,GG,TT,TT,AT,GG,GG,AT,CC,AT,GT,AA,GG,AA,CT,AA,TT,CC,CT,AA,CC,TT,GG,AA,CG,AA,CC,TT,TT,TT,GG,TT,AC,AA,AG,GT,CC,CG,GG,CC,GG,TT,AA,CC,TT,GG,CC,CC,AA,AG,CC,AA,CC,AA,AG,NN,CG,AC,TT,AA,GG,AA,AA,AA,AA,AG,AA,AG,AA,TT,GG,AA,GG,AC,AC,CT,AA,AA,GG,GG,GG,GT,AA,AA,GG,TT,TT,AA,TT,GG,GG,AA,6.77,Susceptible,Low,Standard,Late
L0825,Mandya,Karnataka,Kharif,Red Loamy,Irrigated (Cauvery command),780,27.0,72,AA,CT,GG,AG,GG,CC,GG,TT,CC,CG,AA,CC,CG,NN,TT,GT,GG,TT,TT,AG,CC,TT,GT,CC,TT,CC,TT,AT,GG,AA,NN,CC,AA,CC,GG,GG,NN,CG,GG,CC,TT,TT,AA,TT,AG,AA,CT,AA,CC,AC,GG,AA,AA,CG,CT,GT,AA,AA,GT,AA,AA,TT,AT,AA,TT,TT,CC,GG,TT,GT,AG,GG,AC,AA,AG,AC,AT,GG,TT,NN,GG,GG,GT,CC,AA,GG,AA,AA,CC,TT,AC,TT,TT,TT,GT,GG,TT,CC,TT,CC,CC,CC,NN,AA,TT,TT,CC,AG,AA,AC,CC,GG,TT,CG,GT,AA,AA,TT,CC,AG,CC,GG,CC,GT,TT,AA,CC,CC,CC,CC,AA,TT,AC,AA,CC,CC,NN,TT,AA,AA,GG,CT,CC,GG,AG,AA,AA,CC,GG,CC,CC,AA,AG,GG,TT,AG,AC,GT,TT,GG,CC,GT,TT,TT,CC,AA,GT,TT,AA,AT,GG,CC,AA,CT,CC,CC,CG,AC,AA,GG,AA,CC,TT,CG,GT,TT,CC,AT,AA,AA,TT,AC,GG,AA,CC,CC,GG,GG,CC,GG,TT,AC,AG,CC,GG,AA,CC,AA,AT,GG,TT,AT,AT,CG,TT,AA,CC,AT,TT,AA,GG,AA,TT,AA,TT,CC,CT,AA,CC,CC,CC,AA,CG,AA,CC,TT,CC,GT,GG,TT,AC,AC,AG,GG,CC,CG,GG,CC,GG,AT,AA,CC,TT,GG,CC,CC,AA,AG,CC,AT,CC,AA,AA,AC,CC,CC,TT,AA,GG,AA,AA,AA,AA,GG,AA,AA,AA,TT,CG,AC,AG,AC,AA,TT,AG,AA,GG,GG,NN,TT,AT,AA,TT,TT,TT,AG,AA,GG,GG,AC,5.74,Resistant,Medium,Poor,Early
L0826,Mandya,Karnataka,Kharif,Red Loamy,Irrigated (Cauvery command),780,27.0,72,AA,TT,GG,AG,CG,CC,GT,AT,CC,CG,AA,CC,CC,TT,GT,GG,GG,TT,TT,AG,CC,TT,TT,CC,TT,CC,GG,TT,GG,AA,NN,CC,AA,CC,AG,GG,GG,CC,GG,CC,NN,CC,AC,TT,AG,GG,TT,TT,CC,AC,GG,TT,AG,GG,CC,TT,NN,AA,GT,AA,AA,TT,AT,AA,CT,AT,CC,GG,TT,GT,AA,GG,CC,AG,AG,AA,AA,GG,TT,TT,GG,GT,GG,CC,AA,GG,AA,AA,CC,TT,CC,TT,CT,TT,GT,GG,TT,CC,GT,CC,CC,CG,GG,AA,TT,TT,CC,AA,AG,AA,CT,GG,TT,CC,GT,AC,AA,TT,CC,AG,CG,AG,CC,GT,TT,AA,CC,CC,CC,CC,AA,TT,CC,AA,CC,CC,AA,TT,AA,AT,GG,CC,NN,GG,AA,GG,AA,CC,GT,CC,CC,AA,AA,GG,GG,GG,AC,TT,CC,NN,AA,GT,GG,TT,CC,AT,TT,TT,AT,AT,GG,CC,NN,CC,CC,CC,GG,CC,AA,GG,AG,CC,TT,CG,GG,TT,GG,AT,AA,AA,TT,CC,CG,AA,CC,CC,GG,GG,AC,GG,TT,AA,AA,CC,GT,AA,CC,AA,AT,GG,TT,AT,TT,CG,GT,AT,CC,TT,TT,AA,GG,AA,CT,AA,TT,CC,NN,AA,CC,TT,GG,AG,CG,AG,CC,TT,CT,GT,GG,TT,AA,AC,AA,GT,CC,CG,GG,CC,GG,AT,AA,CC,GT,GG,CC,CC,AA,GG,CG,AA,CC,AA,AA,AC,CG,NN,TT,AA,GG,AA,AA,AA,AA,GG,AG,GG,AA,TT,NN,AA,AG,CC,NN,CT,AG,AA,GG,GG,GG,TT,AA,AA,GT,TT,TT,GG,AT,GG,GG,AA,4.36,Susceptible,Medium,Standard,Late
L0827,Mandya,Karnataka,Kharif,Red Loamy,Irrigated (Cauvery command),780,27.0,72,AC,CT,GG,AA,GG,CC,GG,TT,CC,CC,AA,CT,CC,TT,TT,GG,GG,AT,TT,AG,CG,TT,TT,CT,TT,CC,TT,TT,GT,AA,CT,CC,AG,CC,GG,CG,GG,CG,GG,AC,TT,NN,AA,GT,AA,AG,CT,TT,CC,AC,GG,AA,AG,GG,CC,TT,AA,AA,TT,AC,AA,TT,AT,AA,TT,AT,CC,GG,TT,GG,AA,GG,CC,AA,GG,AA,AA,GG,GT,TT,GG,GG,GG,CC,AA,GG,AG,AA,CC,GT,CC,TT,TT,TT,NN,GG,CT,CC,TT,CC,NN,CC,AG,AA,TT,TT,CC,AA,AG,AA,CT,GG,TT,CG,GT,AA,AA,TT,CC,AG,CC,GG,CC,GT,CT,AA,CC,CC,CC,CC,AA,GT,AC,AA,CC,CC,AA,TT,AA,AA,GG,CT,CC,GG,AA,AG,AA,CC,GG,CC,CC,AA,GG,AG,TT,GG,AA,TT,TT,GG,AC,GT,TT,TT,CC,TT,TT,TT,AA,TT,GG,CC,AG,CC,CC,CC,CG,CC,AA,AG,AA,CC,TT,CC,GT,TT,GG,TT,AA,AA,TT,CC,GG,AA,CC,CC,GG,AG,AC,GG,TT,AA,AG,CC,GG,AA,CC,AA,TT,TT,TT,AT,AA,CG,GT,AT,CC,TT,GT,AA,GG,AA,CT,AA,TT,CC,CT,AC,CC,CT,GG,AA,CC,AA,CC,TT,CT,GT,CG,TT,AC,AC,AA,GG,CC,CC,GG,CC,GG,TT,NN,CC,GT,GG,CC,CG,AA,GG,CG,AA,CC,AA,AA,CC,CG,AC,TT,AA,GG,AA,AA,AC,AA,AA,AA,AG,AG,TT,GG,AC,AA,CC,AA,TT,AA,AG,CG,GG,GG,TT,AA,AA,TT,TT,TT,GG,AA,GG,CG,AA,6.04,Susceptible,Low,Standard,Medium
L0828,Mandya,Karnataka,Kharif,Red Loamy,Irrigated (Cauvery command),780,27.0,72,AA,TT,AG,AG,GG,CC,TT,TT,CC,GG,AT,CC,CC,TT,GT,GG,CG,TT,TT,AA,CC,TT,GT,CC,TT,CC,TT,AT,NN,AA,CT,CC,AA,AC,GG,GG,GG,CG,GG,CC,TT,TT,AC,TT,AA,AG,TT,TT,CC,AA,GT,AT,AA,GG,CC,TT,AA,CC,TT,AC,AG,TT,NN,AA,TT,AA,CC,GG,TT,GT,AA,GG,CC,AA,GG,AA,AT,GG,TT,TT,GG,GG,GG,CC,AA,GG,AA,AA,CG,TT,CC,GT,CC,TT,TT,GG,NN,CC,GG,CC,CC,NN,GG,AA,TT,TT,CG,AA,AG,AC,CC,GT,TT,CC,TT,AC,AC,TT,CC,GG,CC,GG,CT,GG,TT,AA,CC,CC,CC,CC,AA,TT,AC,AA,NN,CT,AA,TT,AA,AA,GG,TT,CC,GG,AG,AG,AA,CC,GG,CC,CC,AA,AG,GG,TT,GG,AA,TT,CT,GG,CC,GT,GT,TT,CG,AA,GT,TT,AA,AT,GG,CC,AG,CT,CC,CC,GG,CC,AA,GG,AA,CC,TT,CG,GG,GT,GG,TT,NN,AA,TT,CC,CG,CC,AC,CC,GG,GG,AA,GG,TT,AC,AA,CC,GT,AA,CC,AT,TT,GG,TT,TT,AA,CG,TT,AT,CC,TT,GG,AA,GG,AA,CT,AA,TT,CC,CT,AA,AC,TT,GG,AG,CC,AA,CC,AT,TT,TT,GG,TT,AC,AC,AA,GG,CC,CC,GG,CC,GG,AT,AA,CC,GT,GG,CC,CG,AA,AG,CC,AA,CC,AA,AA,CC,CC,CC,TT,NN,GG,AA,AA,AA,AA,AA,AA,AG,AA,TT,CC,AA,GG,CC,AA,NN,AA,AG,GG,NN,CG,TT,AA,AA,TT,TT,TT,AA,TT,GG,GG,AA,6.82,Susceptible,Low,Standard,Late
L0829,Mandya,Karnataka,Kharif,Red Loamy,Irrigated (Cauvery command),780,27.0,72,AC,TT,AG,AG,GG,CC,GG,TT,CC,NN,AA,CC,CG,TT,TT,GG,GG,TT,TT,GG,CC,TT,GG,CC,TT,CC,TT,TT,GT,AA,TT,CT,AA,CC,GG,CG,GG,CG,GG,CC,TT,NN,AC,TT,AA,AA,TT,AT,CC,CC,GG,AA,AA,GG,CC,GT,AA,AA,GG,AC,AA,TT,NN,AG,CT,TT,CC,GG,TT,GT,AA,GG,CC,AA,AG,AA,AT,GG,TT,TT,GG,GT,GG,CC,AT,GG,AA,AA,CC,TT,CC,TT,CT,TT,TT,GG,TT,CC,TT,CT,CC,GG,GG,AA,TT,TT,CC,AA,AA,AA,CC,GG,GT,CC,TT,AC,AA,TT,CC,AG,CC,GG,CC,GT,TT,AA,CC,CC,CC,CC,AG,TT,CC,AA,CC,CC,AA,TT,AA,AA,GG,CC,CC,AG,AA,AA,AA,CC,GG,CC,CC,AG,AG,GG,TT,AG,AA,TT,TT,GG,CC,TT,TT,TT,CG,AT,TT,TT,AA,TT,CG,CC,AG,CC,CC,CC,CG,CC,AA,GG,AA,CC,TT,CC,GG,TT,CG,AT,AA,AA,TT,CC,GG,AA,CC,CC,GG,GG,AC,GG,TT,AC,AG,CC,GG,AA,CC,AA,AA,GG,TT,AT,AT,GG,GG,AA,CG,AT,GT,AA,GG,AA,CT,AA,TT,CC,CT,AA,CC,CT,GG,AA,CG,AG,CC,TT,CC,TT,GG,TT,AA,CC,AA,GT,CC,GG,GG,CC,GG,TT,AG,CC,TT,GG,CC,CC,AA,GG,CC,AT,CC,AA,AA,CC,CC,AC,TT,AA,GG,AA,AA,AA,AA,AA,AA,AG,AG,TT,GG,AA,AA,CC,AA,CT,AG,AA,GG,GG,GG,GT,AA,AA,TT,TT,TT,AA,AT,CG,GG,AA,7.82,Susceptible,Medium,Poor,Medium
L0830,Mandya,Karnataka,Kharif,Red Loamy,Irrigated (Cauvery command),780,27.0,72,CC,TT,AG,AA,GG,NN,GG,TT,CC,GG,AA,CC,GG,AT,TT,GT,GG,TT,TT,AG,CC,GG,GT,CC,TT,CT,TT,TT,GG,AA,TT,CC,AA,CC,GG,GG,GG,CG,GG,CC,TT,CT,AA,TT,AA,GG,TT,TT,CC,CC,GG,AA,AA,GG,CC,TT,AT,AC,GT,AC,AG,TT,AT,AA,TT,AT,CC,GG,TT,GT,AA,GG,AC,AA,AG,NN,AA,GG,TT,TT,AG,GG,GG,CC,AA,GG,AA,AA,CC,TT,CC,GT,CT,TT,TT,GG,TT,CC,TT,CC,CT,CG,AA,AA,NN,TT,CC,AA,GG,AA,CT,GG,GT,CG,TT,AA,AA,TT,CG,AG,GG,NN,CC,GG,TT,AA,CC,CC,CC,CC,AA,TT,CC,AA,CC,CC,AA,TT,AA,AA,GG,CC,CG,GG,AA,AG,AA,AC,TT,CC,CC,AG,AA,GG,TT,GG,AA,TT,TT,AG,AA,TT,GT,TT,CG,AA,GT,TT,AA,TT,GG,CC,AG,CT,CC,CC,GG,CC,AA,GG,AG,CC,TT,CC,TT,GT,GG,AT,AA,AA,GT,CC,GG,AA,CC,CC,GG,GG,AA,GG,CT,AC,AA,CC,GG,AT,AC,AA,AT,GT,TT,AT,TT,CG,TT,AT,CC,TT,GT,AA,GG,AA,TT,AC,TT,CC,CT,CC,CC,CT,GG,AA,CG,AG,CC,TT,CT,GT,GG,AT,AA,AC,AA,GT,NN,CG,GG,CC,GG,AA,AA,CG,TT,NN,CC,CG,AT,AG,CC,AA,CC,AA,AA,AC,GG,AC,AT,AA,GG,AA,AA,AA,AA,AG,AG,AA,AA,TT,GG,AA,AA,CC,AC,TT,AA,AA,GG,AG,CG,NN,AA,AA,GT,TT,TT,AG,TT,GG,CG,AA,5.03,Susceptible,Medium,Standard,Medium
L0831,Mandya,Karnataka,Kharif,Red Loamy,Irrigated (Cauvery command),780,27.0,72,AA,TT,GG,GG,CC,CC,GT,TT,CC,CG,AA,CC,CG,AT,TT,NN,GG,TT,TT,AA,CC,TT,GT,CC,TT,CC,GT,TT,GG,AA,TT,CC,AA,CC,GG,GG,GT,CG,GG,CC,TT,TT,AA,TT,AA,AG,TT,TT,CC,CC,GT,AA,AG,GG,CT,TT,AT,AA,GT,AC,AA,TT,TT,AG,TT,AT,CC,GG,TT,GG,AA,GG,CC,AA,AG,AC,AT,GG,TT,CT,GG,GG,GG,NN,AT,GG,AA,AA,NN,GT,CC,NN,CC,TT,GG,GG,TT,CC,TT,CC,CC,CC,AG,AA,AT,TT,CC,AA,AG,AA,CT,GG,TT,CC,TT,AC,AA,TT,CG,GG,CC,GG,CC,TT,TT,AA,CC,CC,CC,CC,AA,TT,CC,AA,CC,CT,AG,TT,AA,AA,GG,CC,CC,GG,AA,AA,AT,CC,GT,CC,CC,AA,GG,GG,TT,GG,AC,TT,CC,AG,AC,GT,TT,CT,CG,AA,TT,CT,AT,AT,GG,CC,AA,CC,CC,CC,CG,CC,AA,GG,AA,CC,TT,CC,GG,TT,GG,AT,AA,AA,TT,CC,GG,AA,AC,CC,GG,GG,AA,GG,TT,AA,AA,CC,GG,AT,CC,AA,AT,GG,TT,TT,AA,GG,GT,AT,CC,TT,TT,NN,GG,AA,CT,AA,TT,CC,TT,AA,CC,CT,GG,AG,CG,AG,AC,TT,TT,TT,CG,TT,AA,AC,AG,GG,CC,CC,GG,CC,GT,AT,AA,CC,TT,GG,CC,CC,AA,GG,CG,AA,CG,AA,AA,AC,CG,CC,TT,AA,GG,AA,AA,AA,AA,AG,AA,AG,AA,TT,GG,AA,AG,CC,NN,TT,AA,AA,GG,GG,GG,TT,AT,AA,GG,AT,AT,AA,TT,GG,CG,AA,5.16,Resistant,Medium,Poor,Late
L0832,Mandya,Karnataka,Kharif,Red Loamy,Irrigated (Cauvery command),780,27.0,72,CC,TT,AG,AA,GG,CC,GT,NN,CG,CC,AA,CT,GG,TT,TT,GT,NN,TT,TT,AA,CC,GT,TT,CT,TT,CC,TT,AT,GG,AA,TT,CC,AA,CC,NN,GG,GG,NN,GG,CC,TT,CC,AA,TT,AA,GG,TT,TT,CC,AA,GT,AT,AA,GG,CT,GT,AA,AA,GT,AC,AA,NN,TT,GG,TT,TT,CC,GG,TT,GG,AG,GG,CC,AA,GG,AA,TT,GG,TT,NN,GG,GG,GG,CC,AA,GG,AA,AA,CC,GT,CC,TT,CC,AT,TT,GG,TT,CC,GT,CC,CT,CG,AA,AA,TT,TT,CG,AA,AG,AA,CT,GG,TT,GG,TT,AA,AC,TT,NN,AG,CC,GG,CC,GG,TT,AA,CC,CC,AC,CC,AA,TT,CC,AA,CC,CC,AA,AT,AA,AA,GG,TT,CC,GG,GG,GG,AA,CC,GT,GG,CC,AA,AG,AG,TT,AG,AA,TT,TT,NN,CC,TT,TT,CT,CC,AA,GT,TT,AA,AT,GG,CC,GG,CC,CC,CC,GG,CC,AA,AG,NN,CC,TT,CC,GG,TT,GG,AA,AA,AA,TT,AC,GG,AC,AC,CC,GG,GG,AC,GG,TT,AA,AA,CC,GT,AA,CC,AA,AT,GG,TT,TT,AA,CC,GT,AA,GG,TT,GT,AA,GG,AA,CT,AA,TT,CC,TT,AA,CC,TT,GG,AA,CC,AA,CC,TT,TT,GG,GG,TT,AC,AC,AA,GG,CC,CC,GG,CC,GG,TT,AG,CC,GT,GG,NN,CC,AA,GG,CC,AT,CC,AA,AA,AC,GG,AC,TT,AA,GG,AA,AC,AC,AC,GG,AG,AA,AA,TT,CG,AA,AG,CC,AA,CT,AG,AA,GG,GG,GG,TT,AA,AG,GT,TT,TT,AA,TT,GG,CG,AA,7.0,Moderate,Low,Standard,Early
L0833,Mandya,Karnataka,Kharif,Red Loamy,Irrigated (Cauvery command),780,27.0,72,CC,TT,GG,AA,GG,CC,GT,TT,CC,CG,AA,CC,CG,AT,TT,GT,GG,TT,TT,AG,CC,TT,GT,CC,TT,CC,TT,TT,GT,AA,TT,CC,AG,CC,GG,GG,GG,CG,GG,CC,TT,CC,AC,TT,AA,AG,TT,AT,CC,AC,GG,AA,AA,GG,CT,TT,AA,AA,GG,AC,AG,GT,AT,GG,TT,TT,NN,GG,TT,TT,AA,GG,CC,NN,AA,AC,AA,GG,GT,TT,GG,GT,GG,CC,AA,GG,AA,AA,CC,TT,CC,TT,CC,AT,GG,AA,TT,CC,TT,CT,CT,GG,GG,AA,TT,GT,CC,AA,AG,AA,CC,GG,TT,CC,GT,AA,AA,TT,CC,GG,CC,GG,CC,GG,NN,AA,CC,CC,CC,CC,AA,TT,CC,AA,CC,CC,AA,AT,AA,AA,CG,CC,CC,AG,AA,AG,AA,AC,GT,CC,CC,AA,AA,AA,GT,GG,AA,GT,CT,GG,CC,GT,GT,TT,CG,AT,TT,CT,AT,TT,CC,CC,AG,CC,CC,CC,GG,CC,AA,GG,AG,CC,TT,CC,GG,TT,GG,AT,AA,AG,TT,CC,GG,AC,AA,CC,GG,GG,AC,GG,TT,AA,AA,CC,GG,AA,AC,AT,AT,GG,TT,TT,AA,GG,GT,AT,CG,AA,TT,AA,GG,AA,TT,AA,TT,CC,CT,AA,CC,CT,GG,AA,CG,GG,AC,TT,TT,TT,GG,TT,AC,AA,AG,GG,CC,CC,GG,CC,GG,AT,AA,CC,TT,GG,CG,CC,AT,AG,CC,AT,CC,AA,AA,CC,CG,CC,TT,AA,GG,AA,AA,AA,AA,GG,AG,AA,AA,TT,CG,AA,AA,AA,AA,TT,AA,AA,CG,GG,GG,TT,AA,AG,TT,TT,TT,AG,TT,GG,GG,AA,8.35,Moderate,Low,Premium,Early
L0834,Mandya,Karnataka,Kharif,Red Loamy,Irrigated (Cauvery command),780,27.0,72,AC,CT,GG,GG,GG,CC,GT,AT,CC,CG,AA,CC,CC,TT,TT,GG,CG,TT,TT,AG,CC,GT,TT,CC,TT,CC,TT,AT,GT,AA,TT,CT,AA,CC,GG,GG,GG,CC,GT,CC,TT,CT,AC,TT,AA,AG,TT,TT,CG,AC,GG,AA,AG,GG,CC,GT,AA,AA,GT,AA,AA,TT,AA,AA,CT,TT,CC,GG,TT,GG,AA,GG,CC,AA,GG,AC,AT,GG,TT,TT,AG,GT,GG,CC,AA,GG,AA,AA,CG,GT,CC,TT,CC,TT,GT,GG,CT,CC,TT,CC,CT,CG,GG,AA,TT,TT,CC,AA,AG,AA,CT,GT,TT,CC,TT,AC,AA,TT,CG,AG,CG,GG,CT,GG,TT,AG,CC,CC,CC,CC,AA,TT,CC,AA,CC,CT,AA,AT,AA,AA,GG,CC,CC,GG,AA,GG,AA,CC,GG,CC,CC,AA,AA,AG,TT,GG,AC,TT,TT,AG,AC,TT,GT,TT,CC,AA,TT,TT,AT,TT,GG,CG,AA,CC,CC,CC,GG,AC,AT,GG,NN,CC,TT,CC,GT,TT,GG,NN,AA,AA,TT,AC,CG,AA,CC,CC,GG,GG,CC,GG,TT,AA,AA,CC,GG,AT,AC,AA,AA,GT,TT,AT,AT,CG,GT,AT,CC,AT,GT,AA,GG,AA,CT,AA,TT,CC,CT,AA,CC,TT,CG,NN,CC,AG,CC,TT,CT,TT,GG,TT,AC,CC,AG,GG,CC,GG,GG,CC,GG,AA,AA,CC,GT,GG,CC,CC,AA,NN,CG,AA,CC,AA,AA,AC,CG,AC,TT,AA,GG,AA,CC,AA,AA,AG,AG,AG,AA,TT,GG,CC,AA,CC,AA,CT,AA,AA,GG,GG,GG,TT,AA,AA,TT,TT,TT,AA,TT,CG,GG,AA,5.96,Susceptible,Low,Poor,Medium
L0835,Mandya,Karnataka,Kharif,Red Loamy,Irrigated (Cauvery command),780,27.0,72,AC,TT,GG,AG,GG,CC,GG,NN,CC,CG,AA,CC,CC,TT,TT,GG,GG,TT,AT,AA,CC,TT,GG,CC,TT,CT,TT,TT,GG,AC,TT,CT,AA,CC,GG,CG,GG,CC,GG,CC,TT,CT,AA,GT,AA,AG,TT,TT,CC,AA,GG,AA,AA,GG,CC,TT,AA,CC,GG,NN,AG,TT,AT,AG,TT,TT,CC,GG,TT,GT,AA,GG,CC,AA,AG,AC,AA,GG,TT,TT,GG,GG,GG,CC,AA,GG,AA,AA,CC,GT,CC,TT,CT,TT,TT,GG,TT,AC,GT,CT,CT,CG,AG,AA,TT,TT,CC,AA,AG,AA,CC,GG,TT,CG,GT,AA,AA,TT,CG,AG,CG,GG,CC,GG,TT,AA,CC,CC,CC,CC,AA,TT,CC,AA,CC,CC,AA,TT,AG,AT,GG,CC,CC,GG,AA,AA,AA,CC,GG,CC,CC,AA,AA,AG,TT,GG,AC,GG,CT,AG,AA,GT,GT,TT,CC,AT,GT,TT,AT,AT,GG,CC,AA,CT,CC,CC,GG,CC,AA,GG,AA,CC,TT,CC,NN,TT,GG,AA,AA,AA,GT,CC,GG,AA,CC,NN,GG,GG,AA,GG,TT,AC,AA,CG,GG,AA,AC,AA,AA,GG,TT,TT,AA,CG,GG,AT,CC,TT,TT,AA,AG,AA,TT,AC,TT,CC,CT,AA,CC,TT,GG,GG,GG,AG,CC,TT,CT,GT,GG,TT,AA,CC,AG,GG,CC,CG,GG,CC,GG,AA,AG,CC,GT,GG,CC,CC,TT,GG,CC,AT,CC,AA,AA,AC,CC,AA,AT,AG,GG,AA,AA,AC,AA,AG,AA,AG,AA,AT,GG,CC,AA,CC,AC,TT,AG,AA,GG,GG,CG,TT,AT,AA,TT,TT,TT,AG,TT,GG,GG,AA,5.3,Susceptible,Low,Poor,Early
L0836,Mandya,Karnataka,Kharif,Red Loamy,Irrigated (Cauvery command),780,27.0,72,AC,TT,AG,AA,GG,CC,GT,TT,CC,CG,AA,CT,CC,AT,TT,GG,CC,TT,TT,GG,CC,GT,GT,CC,TT,CC,GT,AT,GT,AA,TT,CC,AA,AC,GG,GG,GG,CG,GG,CC,TT,CT,AA,TT,AA,AG,CT,TT,CC,AC,GG,AT,AG,GG,CC,TT,AT,AA,TT,AC,AA,TT,TT,AG,TT,TT,CC,NN,TT,GG,AG,GT,CC,AA,GG,AA,TT,GG,TT,TT,AG,GG,GG,CC,AA,GG,AA,AT,CC,GG,CC,TT,CC,TT,TT,GG,CT,CC,TT,CC,CT,CG,AG,AA,TT,TT,CC,AA,AA,AC,CC,GG,TT,CC,TT,AA,AA,TT,CG,AG,CC,GG,CC,GG,TT,AA,CC,CC,CC,CC,AG,TT,CC,AA,CC,CC,AA,TT,AA,NN,CG,CC,CC,GG,AG,AG,AA,AC,GG,CC,CG,AA,AG,GG,TT,GG,AA,GT,TT,GG,AC,TT,TT,TT,CC,AT,TT,TT,AT,TT,CC,CC,AA,TT,CC,CC,CG,CC,AA,GG,AG,CC,NN,CG,GG,TT,GG,AA,AA,AA,TT,CC,CG,AA,CC,CC,GG,GG,CC,GG,TT,AA,AA,CC,GG,AA,CC,AA,AT,GG,TT,AT,AA,CG,TT,AA,CC,TT,TT,AA,GG,AA,TT,AC,TT,CC,CT,AA,CC,CT,GG,AG,CC,AG,CC,TT,TT,GT,GG,TT,AA,AC,AG,GT,CC,CG,GG,CC,GG,AA,AA,CG,GT,GG,CG,CG,NN,GG,CG,AA,CC,AT,AA,AC,CG,AC,TT,AA,GG,AA,AA,AC,AA,GG,AA,GG,AA,AT,CG,AA,GG,AC,AA,CT,AA,AA,CC,AA,GG,TT,NN,AA,GG,TT,TT,AG,TT,GG,GG,AA,6.56,Susceptible,High,Poor,Late
L0837,Mandya,Karnataka,Kharif,Red Loamy,Irrigated (Cauvery command),780,27.0,72,AC,TT,GG,AG,CG,CC,GG,TT,CC,CC,AA,CC,CC,AT,TT,GT,CG,NN,TT,AA,CC,GT,TT,CC,TT,CC,TT,TT,GT,AA,TT,CC,AA,CC,GG,GG,GG,CG,GG,CC,TT,CC,NN,TT,AA,GG,TT,AT,CC,AC,GG,AA,AA,GG,CC,TT,AT,AA,GT,AC,AA,TT,AT,AA,TT,AT,CT,GG,TT,GG,GG,GG,AC,AA,GG,NN,AA,GG,TT,TT,GG,GG,GG,CC,AA,GG,AA,AA,CC,GG,AC,TT,CC,TT,TT,GG,CT,NN,GT,CC,CT,CG,AA,AA,TT,TT,CG,AA,AA,AA,CT,GG,TT,CC,TT,AC,AA,TT,CC,AG,CC,GG,CC,GG,TT,AA,CC,CC,CC,CG,AA,TT,AC,AA,CC,NN,AA,NN,AG,AT,CG,CT,CG,GG,AA,AA,AA,CC,GG,CC,CC,AG,AG,GG,TT,GG,AA,TT,TT,GG,AC,GT,TT,TT,CC,AA,TT,TT,AA,TT,CC,CC,AA,CC,CC,CC,GG,CC,AA,GG,GG,CC,TT,CC,GT,TT,GG,AA,AA,AA,TT,CC,GG,AA,CC,CC,GG,GG,AC,GG,TT,CC,AA,CG,GT,AA,AA,AA,AA,GG,TT,AT,AA,CG,GT,AA,CG,AA,TT,AA,GG,AA,TT,AA,TT,CC,CC,AA,AC,TT,CC,GG,CC,AG,CC,TT,TT,GT,GG,TT,AA,AA,AG,GG,CC,CG,GG,CC,GG,AT,NN,CC,TT,GG,CC,CC,AA,AG,CG,AA,CC,AA,AA,AC,CC,AC,TT,AA,GG,AA,AA,AC,AA,AA,AA,GG,AA,TT,GG,AA,AG,AC,AA,CT,AA,AA,CG,GG,GG,TT,AT,AG,TT,TT,TT,AG,AT,GG,GG,AA,7.56,Susceptible,Low,Standard,Medium
L0838,Mandya,Karnataka,Kharif,Red Loamy,Irrigated (Cauvery command),780,27.0,72,AC,TT,GG,AG,GG,CC,GG,AT,CC,CC,AA,CC,CG,TT,GT,GG,GG,TT,TT,AA,CC,TT,GT,CC,TT,CC,TT,TT,GT,AA,TT,CC,AA,CC,GG,GG,GG,CG,GG,CC,TT,CT,AA,GG,AG,GG,TT,TT,CC,CC,GT,AA,AG,GG,CC,TT,AT,AC,GG,CC,AA,TT,AA,GG,TT,TT,CC,GG,TT,GG,AA,GT,CC,AA,GG,AA,AA,GG,TT,TT,AG,TT,GG,CC,AA,GG,AG,AT,CC,TT,CC,TT,CT,AT,TT,GG,TT,CC,GT,CC,CC,GG,AA,AA,AT,TT,CC,AA,AA,AA,CT,GG,TT,CC,TT,CC,AA,TT,CC,GG,CC,GG,CC,GT,TT,AG,CC,CC,CC,CC,AA,TT,CC,AA,CC,CC,AA,TT,AG,AA,GG,CC,CC,GG,AA,NN,AT,CC,GT,CC,CC,AA,GG,AG,TT,AG,AC,TT,TT,GG,AC,TT,TT,TT,CC,AA,TT,CT,AA,TT,GG,CC,AG,CT,CC,CC,NN,CC,AA,AG,AG,CC,TT,CC,GG,TT,CG,AT,AA,AG,GT,AC,GG,AC,AC,CC,GG,GG,AA,GG,TT,AC,AA,CG,GT,AA,CC,AA,AA,GG,TT,TT,AA,GG,GT,AA,CC,AT,NN,AA,GG,AA,CT,AC,TT,CC,TT,AC,CC,TT,CG,AG,CC,AG,CC,TT,TT,TT,GG,TT,AA,AC,AG,GG,CC,CG,GG,CC,GG,AT,AG,CC,GT,GG,CC,CG,AA,GG,NN,AT,CG,AA,AA,AC,NN,AC,TT,AA,GG,AA,AA,CC,AA,AG,AG,AG,AA,TT,NN,AA,AA,AC,AC,TT,AA,AA,GG,GG,CG,GT,AA,AA,TT,TT,TT,AA,AT,GG,GG,AA,5.96,Moderate,Medium,Standard,Medium
L0839,Mandya,Karnataka,Kharif,Red Loamy,Irrigated (Cauvery command),780,27.0,72,AA,TT,GG,AA,GG,CC,GT,NN,CC,CG,AA,CT,CC,AT,GT,GG,CG,TT,TT,AA,CC,GT,GG,CC,TT,CC,TT,TT,GG,AA,TT,CT,AA,CC,GG,GG,GG,GG,GG,CC,TT,CT,AC,TT,AA,AG,CT,TT,CC,AC,GG,AA,AA,GG,CC,TT,AA,AA,GT,AC,AA,TT,AT,AA,TT,AT,CC,GG,TT,GT,GG,GT,CC,AA,GG,AA,AA,GG,TT,TT,GG,GG,GG,CC,AT,GG,AG,AA,CC,TT,AC,GT,CC,TT,TT,GG,TT,CC,GG,CC,TT,CC,GG,AA,TT,TT,CG,AA,AG,AA,CC,GT,TT,CC,TT,AC,AA,TT,CC,AG,CG,GG,CC,GG,CT,AG,CT,CC,CC,CC,AA,TT,CC,AC,CC,CT,AA,TT,AA,AT,GG,CC,CC,GG,AA,AA,AA,CC,GT,CC,CC,AA,AA,AG,TT,GG,AA,TT,CT,GG,CC,TT,TT,CT,CC,AA,TT,TT,AA,TT,GG,CC,AA,CT,CC,CC,GG,CC,AA,GG,AG,CC,TT,CC,GT,TT,CG,AT,AA,AA,TT,CC,GG,AA,CC,CC,GG,GG,CC,GG,TT,AC,AA,CC,GG,AT,CC,AA,AA,GT,GT,TT,AA,GG,GT,AT,CG,AT,GG,AA,NN,AA,CT,AA,TT,CC,TT,CC,CC,CT,GG,AG,CG,AG,CC,TT,TT,GT,GG,TT,AC,CC,AA,GG,CC,CG,GG,CC,GG,AT,AG,CC,GT,GG,CC,CC,AA,AG,CC,AA,CG,AA,AG,CC,CC,AC,TT,AA,GG,AA,AA,AA,AC,AG,AG,AA,AG,AT,GG,AA,AA,AA,AA,CT,AA,AA,GG,GG,GG,TT,AA,AA,TT,TT,TT,AG,TT,GG,CG,AC,5.72,Resistant,Medium,Standard,Early
L0840,Mandya,Karnataka,Kharif,Red Loamy,Irrigated (Cauvery command),780,27.0,72,CC,TT,GG,AG,GG,CC,GT,AT,CC,CC,AA,CC,CG,AT,TT,GG,GG,TT,TT,AA,CG,GT,GT,CC,TT,CC,GT,AT,GT,AA,TT,CC,AG,CC,GG,CG,GG,NN,GG,CC,TT,TT,AA,TT,AA,GG,NN,TT,CC,AC,GG,AT,AA,GG,CT,TT,AA,AA,GT,AA,AG,TT,AT,AG,CT,TT,CC,GG,TT,GG,AA,GG,CC,AA,GG,AA,AA,GG,TT,TT,GG,GT,GG,NN,AA,GG,AA,NN,CC,GG,CC,TT,CT,TT,TT,GG,TT,AC,GG,CC,CC,CC,AA,AA,AA,TT,CG,AA,AG,CC,CC,GG,TT,CG,TT,AA,AC,TT,CC,AG,CC,AG,CC,GT,CT,AG,CC,CC,CC,CC,AA,TT,AC,AA,CC,CC,AA,TT,AA,AT,GG,CC,CC,GG,AA,AA,AA,CC,GG,CC,CC,AA,GG,GG,GT,GG,AA,GG,CT,GG,CC,TT,GT,TT,CC,AT,TT,TT,AA,TT,CG,CC,AA,CT,AC,CC,GG,CC,AA,GG,AG,CC,TT,CC,GG,GT,GG,TT,AA,AA,TT,CC,CG,AA,CC,CC,GG,GG,AA,GG,TT,AA,AA,CC,GG,AA,AC,AA,AT,GG,TT,AA,AA,GG,GT,AA,CG,TT,TT,AT,GG,AA,TT,AA,TT,CC,TT,AA,CC,TT,GG,AG,CC,AG,CC,TT,TT,TT,GG,TT,AC,AC,AA,GG,CC,CC,GG,CC,GG,TT,AA,CC,GT,GG,CC,CC,AT,GG,CG,AT,CC,AA,AA,AC,CG,CC,TT,AA,GG,NN,NN,AA,AA,GG,AG,AA,AG,TT,GG,AA,AG,CC,AC,TT,AA,AA,GG,NN,GG,GT,AA,AA,GT,TT,NN,GG,NN,GG,GG,AA,4.18,Susceptible,Medium,Premium,Medium
L0841,Mandya,Karnataka,Kharif,Red Loamy,Irrigated (Cauvery command),780,27.0,72,AC,CT,GG,AG,GG,CG,GG,TT,CC,CC,NN,CC,CG,TT,TT,GT,GG,TT,TT,AA,CC,GT,TT,CC,TT,CC,TT,TT,GG,AA,TT,CC,AA,CC,GG,CG,GG,CG,GG,CC,TT,CT,AA,GT,AG,AG,NN,TT,CC,AA,GG,AA,AA,GG,CC,GT,AT,AA,GG,AC,AG,TT,AT,AA,TT,TT,CC,GG,TT,GG,AG,GG,CC,AA,GG,CC,AT,GG,TT,TT,GG,TT,GG,CC,AT,GG,AA,AA,CC,GT,AC,TT,CC,TT,TT,GG,TT,CC,TT,CT,CC,CG,GG,AA,TT,TT,CC,AA,GG,AC,CT,GG,TT,CC,TT,AC,AA,NN,CC,AG,CG,GG,CC,GG,TT,AA,CC,CC,CC,CC,AA,TT,CC,AA,CC,CC,AA,TT,AG,AA,GG,CT,CC,GG,AA,AA,AA,CC,GT,CC,CC,AA,AA,GG,TT,GG,AA,TT,CT,GG,CC,TT,GT,TT,CG,AA,GT,CT,AA,TT,CG,CC,AA,CT,CC,CC,GG,CC,AA,GG,GG,CC,TT,CC,GT,NN,GG,AT,AA,AA,TT,CC,NN,AA,CC,CC,GG,GG,AC,GG,CT,AC,AA,CC,GG,AT,AC,AA,AT,GT,TT,AT,AT,NN,GT,AT,CC,TT,GT,AA,GG,AA,CT,AA,TT,CC,TT,AA,NN,TT,GG,AG,CC,GG,CC,TT,CC,TT,GG,TT,AA,AA,AG,GT,CC,CG,GG,CC,GG,AT,AG,CC,TT,GG,CC,CG,AT,GG,CC,AT,CC,TT,AA,AA,CC,AC,NN,AA,GG,AA,AA,AA,AC,AG,AA,AG,AA,TT,GG,AA,AA,CC,AC,CT,AG,AA,GG,GG,GG,TT,AA,AA,TT,TT,TT,AG,TT,GG,GG,NN,9.15,Susceptible,Medium,Premium,Medium
L0842,Mandya,Karnataka,Kharif,Red Loamy,Irrigated (Cauvery command),780,27.0,72,AC,TT,GG,AA,GG,CC,GG,AT,CC,CG,AA,CT,CC,TT,TT,GG,GG,TT,NN,AA,CC,TT,GT,NN,AT,CC,TT,TT,GG,AA,CT,CC,AA,CC,GG,GG,GG,CG,GG,CC,TT,CC,AA,TT,AA,AG,TT,TT,CC,CC,TT,AA,AG,GG,CC,GT,AA,AC,GT,AC,AA,GT,TT,AA,TT,AT,CC,GG,TT,GT,AG,GT,CC,AA,GG,CC,AA,GG,TT,TT,GG,GT,GG,CC,AT,GG,AA,AT,NN,TT,CC,TT,CC,TT,GT,GG,TT,CC,TT,CC,CT,CC,GG,AG,AT,TT,CC,AG,AA,AC,CC,GG,TT,CC,TT,AA,AA,TT,CG,AG,CG,AG,CC,GG,TT,AA,CC,CC,CC,CC,AA,GT,CC,AA,CC,CC,AA,AT,AG,AT,GG,CC,CC,AG,AA,GG,AA,AC,GG,CC,CC,AA,AG,GG,TT,GG,AC,GG,TT,GG,AC,GT,TT,TT,CC,AA,TT,CT,AA,TT,CG,CC,AA,CT,AC,CC,CG,CC,AA,GG,AA,CC,GT,CC,GT,GT,CG,TT,AA,AA,TT,CC,GG,AA,AC,CC,GG,GG,AC,GG,TT,AC,AA,CC,GG,AT,AC,AA,AT,GG,GT,TT,AA,CG,TT,AA,CC,AT,TT,AA,GG,AA,TT,AA,TT,CC,TT,AA,AC,TT,GG,AG,CC,AA,CC,TT,TT,TT,GG,TT,AA,AC,AG,GG,CC,GG,GG,CC,GG,AA,AA,CC,TT,GG,CC,CG,AA,AG,CC,AA,CC,AT,AA,AC,CG,AC,TT,AA,GG,AA,AA,AA,AA,NN,AA,AA,AA,TT,GG,AA,AA,CC,AA,CT,AA,AA,GG,GG,GG,TT,AA,NN,TT,AT,TT,AA,TT,GG,GG,AA,7.64,Susceptible,High,Poor,Early
L0843,Mandya,Karnataka,Kharif,Red Loamy,Irrigated (Cauvery command),780,27.0,72,AA,TT,AG,AG,GG,CC,GT,TT,CC,CC,AA,CT,GG,TT,GT,GG,CG,TT,TT,AA,CC,TT,GT,CC,TT,CC,GG,TT,GG,AA,TT,CC,AG,CC,GG,GG,GG,CC,GG,CC,TT,TT,AA,TT,AA,AG,TT,AT,CC,AC,GT,AT,AA,GG,CT,TT,AA,NN,GG,AA,AG,TT,TT,AG,CT,AT,CC,GG,TT,GT,AG,GG,CC,AA,AA,AC,AT,GG,TT,TT,GG,GG,GG,CC,AA,AG,AA,AT,CG,GT,CC,TT,CT,TT,TT,AG,TT,CC,TT,CC,CT,CG,AG,AA,TT,TT,CC,AA,AG,AA,CC,GG,TT,CC,TT,AA,AA,TT,CC,AA,GG,AG,CT,TT,CT,AG,CC,CC,CC,NN,AA,TT,CC,AA,CC,CC,AA,TT,AA,AT,GG,CC,CC,GG,AA,AA,AA,CC,GG,CC,CC,AG,AA,GG,TT,GG,AC,TT,TT,GG,CC,GT,TT,CT,CC,AA,TT,TT,AA,TT,GG,CC,AG,CC,CC,CC,GG,CC,AA,GG,AA,CC,TT,CC,GG,TT,GG,TT,AA,AA,TT,CC,GG,AA,CC,CC,GG,GG,AA,GG,CT,AC,AA,CG,GG,AA,AA,AA,AA,GT,TT,AT,AA,GG,GG,TT,CG,AT,GG,AA,GG,AA,TT,AA,TT,CC,TT,AC,CC,TT,CG,AA,CG,AG,CC,TT,TT,TT,GG,TT,AC,AC,AG,GG,CG,CG,GG,CC,GG,AA,AA,CC,GT,GG,CG,CG,AA,GG,CG,AT,CC,AA,AA,AC,CG,CC,TT,AA,GG,AA,AA,AA,AA,GG,AG,AA,AG,TT,CG,AA,GG,AC,AC,CT,AA,AA,GG,AG,GG,TT,AA,AA,TT,AT,TT,AA,TT,GG,GG,AA,6.39,Susceptible,Low,Standard,Late
L0844,Mandya,Karnataka,Kharif,Red Loamy,Irrigated (Cauvery command),780,27.0,72,AA,TT,GG,AA,GG,CC,GG,AT,CC,CG,AT,CC,GG,TT,TT,GG,CG,TT,TT,AA,NN,GT,TT,CC,NN,CC,TT,TT,GG,AA,TT,CT,AA,CC,GG,GG,GG,CC,GG,AC,TT,TT,AA,GT,AA,AG,TT,TT,CC,CC,GT,AA,AG,GG,CT,TT,AT,AC,GG,AC,AA,TT,TT,AG,CT,NN,CC,GG,TT,GT,AA,GG,CC,AA,GG,AC,AT,GG,TT,TT,GG,GG,GG,CC,AA,GG,AA,AA,CC,GT,CC,TT,CT,TT,GT,GG,TT,CC,GT,CC,CC,CC,AA,AA,TT,TT,CG,AA,GG,AA,CC,GG,TT,CG,TT,AC,AA,TT,CC,AG,NN,GG,CC,GG,TT,AA,CC,CC,CC,CC,AA,TT,CC,AA,CC,CC,AA,TT,AA,AT,CG,CC,CC,GG,AA,AA,AA,CC,GG,CC,CC,AA,AA,GG,TT,GG,AC,GT,TT,GG,CC,GT,GT,TT,CC,AA,GG,TT,AA,TT,GG,CC,AA,TT,CC,CC,CG,CC,AA,GG,AA,CC,TT,CC,GG,TT,GG,AT,AA,AA,TT,CC,GG,AC,AC,CC,GG,GG,AA,GG,TT,AC,AA,CC,NN,TT,CC,AT,AA,GT,TT,AT,AT,GG,GT,AA,CC,TT,GT,AA,GG,AA,TT,AA,TT,CC,TT,AA,AC,CT,GG,AA,CC,GG,CC,TT,TT,TT,GG,TT,AA,AC,AA,GG,CC,CG,GG,CC,GG,AT,GG,NN,GT,GG,CC,CC,AA,GG,CC,AA,CC,AA,AG,CC,CG,AC,TT,AA,GG,AA,AA,AA,AA,AG,AG,NN,AA,AT,CG,AC,AA,AC,AA,TT,AA,AA,GG,GG,GG,GT,AA,AA,TT,TT,TT,GG,TT,GG,CG,AA,8.63,Susceptible,High,Standard,Medium
L0845,Mandya,Karnataka,Kharif,Red Loamy,Irrigated (Cauvery command),780,27.0,72,AC,TT,GG,AA,GG,CC,GG,TT,CC,CG,AA,CT,CG,AT,TT,GT,GG,TT,TT,AA,CG,GT,GT,CT,TT,CC,TT,TT,GT,AA,CT,CC,AA,CC,GG,GG,GG,CG,GG,AC,TT,CT,AA,TT,AA,GG,NN,TT,CC,AA,GT,AA,AG,GG,CC,TT,AA,AC,GT,AA,AA,TT,TT,AG,TT,AT,CT,GG,TT,GG,AG,GT,CC,AA,GG,AC,AA,GG,TT,TT,NN,GG,GT,CC,AA,GG,AA,AA,CG,GT,CC,TT,CC,AT,GT,GG,CT,CC,GT,CC,CC,CG,AG,AA,TT,TT,CC,AA,AG,AC,CT,GG,TT,CG,TT,AA,AA,TT,CC,AG,CG,AG,CC,NN,CT,AA,CC,CC,CC,CC,AA,TT,CC,AC,CC,CT,AA,AT,AA,AA,GG,CC,CC,NN,AA,AG,AA,CC,GG,CC,CC,AA,AG,GG,TT,GG,AC,TT,TT,AG,CC,TT,TT,CT,CC,AT,GT,TT,AT,AT,GG,CC,AG,TT,AC,AC,GG,CC,AT,GG,AA,CC,TT,CC,GG,TT,GG,AT,AA,AA,TT,CC,GG,AA,AC,CC,GG,GG,AA,GG,CT,AC,AA,CC,GG,AA,CC,AA,AT,GG,TT,TT,AT,GG,GT,AT,CG,TT,GG,AA,GG,AA,TT,AA,TT,CC,CT,CC,CC,CT,CG,AG,CG,AG,CC,TT,TT,TT,GG,TT,AC,AC,AA,GG,CC,CC,NN,CC,GG,AT,AA,CC,GT,GG,CC,CG,AA,GG,CG,AT,CC,AA,AA,CC,CC,AA,TT,AA,GG,AA,AA,AA,AA,AG,AG,AA,AA,AT,GG,AA,AA,AC,AC,TT,AA,AA,GG,GG,GG,TT,AA,AA,TT,TT,TT,AG,AT,GG,CG,AA,8.26,Susceptible,High,Premium,Late
L0846,Mandya,Karnataka,Kharif,Red Loamy,Irrigated (Cauvery command),780,27.0,72,AC,CT,GG,GG,CG,CG,GG,AA,CC,CG,AA,CC,CG,TT,GG,GT,CG,TT,TT,AA,CC,GG,TT,CC,TT,CC,TT,TT,GG,AA,TT,CT,AA,CC,GG,GG,GG,CG,GG,CC,TT,CT,AC,NN,AA,GG,TT,TT,CC,CC,GG,AA,AA,GG,CC,TT,AA,AA,GT,AC,AA,TT,TT,AA,TT,AT,CC,GG,TT,GG,AG,GG,CC,AA,GG,AC,AA,GG,TT,TT,GG,GG,GG,CC,AA,NN,AA,AT,CC,GG,CC,TT,CT,TT,TT,GG,TT,CC,TT,CC,CC,CG,AG,AA,TT,TT,CC,AA,AG,AA,CC,GG,TT,CC,GT,AA,AA,TT,CC,AG,CC,GG,CC,GT,TT,AA,CC,CC,AC,CC,AA,TT,CC,AA,CC,CC,AA,AT,AG,AT,GG,CT,CC,GG,AA,AA,AT,CC,GT,CC,CC,AA,AA,GG,TT,AG,AC,TT,NN,GG,CC,GT,TT,TT,CC,AT,TT,CT,AA,AT,GG,CC,GG,CT,CC,CC,CC,CC,AA,GG,AA,CC,TT,CG,GT,GT,GG,TT,AA,AA,TT,CC,GG,AA,CC,CC,GG,GG,AC,GG,TT,AA,AA,CC,GG,AA,AC,AA,AT,GG,GT,TT,AT,GG,GT,TT,CG,AA,GT,AA,GG,AA,CT,AA,TT,CC,CT,AA,CC,TT,CG,AA,CG,AG,CC,AT,CT,TT,GG,AT,AA,AC,AA,GG,CC,CG,GG,CC,GG,AT,AA,CC,TT,GG,CC,CC,AA,GG,GG,AA,CC,AA,AA,AC,CC,AC,TT,AA,GG,AA,AA,AA,AA,AG,AA,AA,AA,TT,GG,AC,AG,CC,CC,TT,AA,AA,GG,GG,GG,TT,AA,AG,TT,TT,TT,AA,AT,GG,CG,AC,6.45,Resistant,High,Standard,Medium
L0847,Mandya,Karnataka,Kharif,Red Loamy,Irrigated (Cauvery command),780,27.0,72,AC,TT,GG,AG,GG,CC,GG,AT,CC,CC,AA,TT,GG,TT,TT,GG,CG,TT,TT,AA,CC,TT,GT,CT,AT,CC,TT,TT,GG,AA,TT,CC,AA,CC,GG,CG,GG,CC,GG,CC,TT,CT,AA,TT,AA,AG,TT,TT,CC,CC,GG,AA,AA,GG,CT,GT,AA,AC,GG,AA,AG,TT,AT,AG,TT,TT,CC,GG,TT,GG,AA,NN,CC,AA,GG,AC,AA,AG,TT,TT,GG,GG,GG,CC,NN,GG,AA,AA,CC,TT,CC,GT,CC,TT,GT,GG,CT,AC,GT,CC,CC,CC,AG,AA,TT,TT,CC,AA,AA,AA,CT,GG,TT,CC,TT,AA,AA,TT,CG,AA,CG,GG,CC,GG,CT,AA,CC,CC,AC,CC,AA,TT,CC,AA,CC,CC,AA,AT,AA,AA,GG,CC,CC,GG,AA,AG,AA,CC,GT,CC,CC,AA,AA,GG,TT,GG,AA,TT,TT,AG,NN,TT,TT,NN,GG,AA,GG,TT,AA,TT,NN,CC,AG,CT,CC,CC,CG,CC,AA,GG,AG,CC,GT,CC,GG,TT,GG,AT,AA,AA,TT,CC,CG,AA,AC,CC,GG,GG,AA,CG,TT,AA,AA,CG,GT,AA,CC,AA,AT,GT,TT,AT,AA,CG,GG,AA,CC,AA,TT,AA,GG,AA,CC,AC,NN,CG,TT,AC,CC,CT,GG,AA,CG,GG,CC,TT,CT,GT,GG,TT,AA,AA,AG,GG,CC,CC,GG,CC,GG,AT,AA,CC,TT,GG,CC,CG,AA,AA,GG,AA,CC,AA,AA,AC,CC,CC,TT,AA,GG,AA,AA,AC,AC,GG,AA,AA,AA,TT,CG,AC,AA,CC,AC,TT,AA,AA,GG,GG,GG,GT,AA,AA,TT,TT,TT,AG,AT,GG,GG,AA,5.24,Moderate,Medium,Poor,Early
L0848,Mandya,Karnataka,Kharif,Red Loamy,Irrigated (Cauvery command),780,27.0,72,AA,CT,AA,AG,NN,CC,GG,TT,CC,CG,AA,CC,CG,TT,TT,GG,CG,TT,TT,AA,CC,GT,GT,CC,TT,CC,GT,AT,GT,AA,TT,CC,AG,CC,AA,GG,GG,CG,GG,CC,TT,CC,AA,TT,AA,GG,TT,TT,CC,AC,GG,AA,AG,GG,CC,TT,NN,CC,GG,AA,AA,TT,AT,AA,CT,TT,CC,GG,TT,TT,AG,GG,CC,AA,GG,CC,AT,GG,TT,TT,GG,GT,GG,CC,AA,GG,AA,AA,CC,GT,CC,TT,TT,TT,TT,GG,TT,CC,GT,CC,CC,CG,GG,AA,AT,TT,CC,AA,AG,AC,CT,GG,TT,CC,GG,AA,AA,TT,CG,AG,CC,AG,CC,TT,TT,AA,CT,CC,CC,CC,AA,TT,CC,AA,CC,CC,AA,NN,AA,AA,GG,NN,CC,GG,AA,AG,AA,CC,GG,CC,CC,AA,AA,GG,TT,AG,AC,GT,CT,GG,CC,TT,TT,TT,CC,AT,TT,TT,AA,TT,GG,CC,AA,CC,CC,NN,CG,AC,AA,GG,GG,CC,TT,CC,GG,TT,CG,AT,AA,AA,TT,CC,GG,AA,CC,NN,GG,GG,AA,GG,TT,AC,AA,CG,GG,AA,AC,AA,AT,GG,TT,AT,AA,GG,GT,AT,CC,AA,TT,AA,GG,AA,CT,AA,TT,CC,TT,AA,CC,CT,GG,AG,CC,AA,NN,TT,TT,TT,CG,TT,AC,AC,AG,GT,CG,CG,GG,CC,GG,AT,AG,CC,GT,GG,CC,CC,AA,GG,CC,AA,CG,AA,AG,AC,GG,AA,TT,AA,GG,AA,AC,AC,AA,GG,GG,AA,AA,TT,CG,CC,AA,CC,AC,CC,AA,AA,GG,GG,GG,GT,AT,AA,TT,TT,TT,AG,AT,GG,GG,AC,5.48,Moderate,Medium,Premium,Late
L0849,Mandya,Karnataka,Kharif,Red Loamy,Irrigated (Cauvery command),780,27.0,72,AA,NN,GG,AG,GG,CG,TT,TT,CC,CG,AA,CC,CG,TT,GT,GG,GG,TT,TT,AA,CC,GT,GT,CC,TT,CC,GT,TT,GG,AC,TT,CT,AA,CC,GG,CG,GG,NN,GG,CC,TT,TT,AA,GT,AA,AG,TT,TT,CC,AA,GG,AA,AG,GG,CC,GT,AA,AA,GT,AC,AG,GT,AT,AA,CT,TT,CC,GG,TT,GG,AG,GG,CC,AA,GG,AA,AA,GG,TT,TT,GG,GT,GT,CC,AA,GG,AG,AT,CC,GT,CC,TT,CT,TT,TT,AG,TT,AC,TT,CC,CC,CC,AG,AG,TT,NN,CG,AA,AA,AA,CC,GG,GT,CG,TT,AC,AA,TT,CC,GG,CC,AA,CC,GG,TT,AG,CC,CC,NN,CC,AA,TT,CC,AA,CC,CC,AA,TT,AA,AA,GG,CC,CC,GG,AA,AA,AA,CC,GG,CC,CG,AG,GG,GG,TT,GG,AC,NN,CT,GG,AC,TT,GT,TT,CG,AA,GT,TT,AA,NN,GG,CC,AG,TT,CC,CC,GG,CC,AA,GG,AG,CC,TT,CC,GT,GT,GG,AA,AA,AA,TT,CC,GG,AA,CC,CG,GG,GG,AC,GG,TT,AC,AA,CC,GG,AT,AC,AA,AA,GT,GT,TT,AA,CC,GT,AA,CG,TT,TT,AA,GG,AA,TT,AA,TT,CC,TT,AA,CC,TT,GG,AG,CG,GG,CC,AT,TT,TT,GG,TT,AC,CC,AA,GG,CC,CC,GG,CG,GG,AT,AG,CC,GT,GG,CG,CC,AA,GG,CC,AT,CC,AA,AA,AC,CG,AC,TT,AA,CG,AA,AC,AC,AA,GG,AA,AA,AA,TT,GG,AA,AG,AC,AA,TT,AA,AA,GG,GG,GG,TT,AT,AG,TT,TT,TT,AA,AT,GG,GG,AC,5.71,Resistant,High,Standard,Early
L0850,Mandya,Karnataka,Kharif,Red Loamy,Irrigated (Cauvery command),780,27.0,72,AC,NN,GG,AG,GG,CC,GG,TT,CC,CC,AA,CC,CC,AT,GT,GG,CG,TT,TT,AA,CC,GT,GT,CC,TT,CC,TT,AA,GG,AA,TT,CC,AA,CC,GG,GG,GG,CC,GG,CC,TT,CT,AA,GT,AG,GG,TT,TT,CC,CC,GG,AA,AG,GG,CC,TT,AA,AA,GT,AA,AA,GT,TT,AA,TT,TT,CC,GG,TT,GT,AA,GG,CC,AA,GG,AC,AT,GG,GT,TT,GG,GT,TT,CC,AA,GG,AA,AA,CC,TT,CC,TT,TT,AA,TT,AG,TT,CC,GT,CC,CC,CC,AG,AG,AT,TT,CC,AA,AG,AC,CC,GG,TT,CG,TT,AA,AA,TT,CC,GG,CG,GG,CC,GT,CT,AG,CC,CC,CC,CC,AA,TT,CC,AA,CC,CC,AA,TT,AA,AT,GG,CC,CC,GG,AA,AA,AT,AC,GT,CC,CC,AA,AG,AG,TT,AG,AC,GG,TT,GG,CC,TT,GT,CT,CC,AT,TT,CT,AA,TT,GG,CC,AA,TT,CC,CC,CG,CC,AA,GG,AG,CC,TT,CC,GT,TT,CG,AA,AA,AG,TT,CC,CG,AA,CC,CC,GG,GG,AA,GG,TT,AA,AA,CC,GG,AA,AC,AA,AT,GG,TT,AT,NN,GG,GT,AT,CC,TT,GT,AA,GG,AA,TT,AA,TT,CC,TT,AA,CC,CT,CG,AA,CG,AG,CC,TT,TT,GG,GG,TT,AA,CC,AG,GG,CC,CG,GG,CC,GG,TT,AA,CC,TT,GG,CC,CC,AT,GG,CC,AT,CG,AT,AG,AC,CC,AC,TT,AA,NN,AA,AC,AA,AA,AA,AG,AA,AG,TT,GG,AA,AG,CC,AA,TT,AA,AG,GG,GG,GG,TT,AT,AA,TT,TT,TT,AA,AT,GG,GG,AC,7.18,Resistant,High,Premium,Medium
L0851,Mandya,Karnataka,Kharif,Red Loamy,Irrigated (Cauvery command),780,27.0,72,NN,TT,GG,AA,CG,CC,GG,TT,CC,CG,AA,CT,CG,TT,TT,GG,CG,TT,TT,NN,CC,GT,GT,CC,TT,CT,TT,TT,GG,AA,CT,CT,AA,CC,GG,CG,GG,CC,NN,NN,TT,CT,AA,GT,AG,AG,TT,AA,NN,CC,GT,AA,AG,GG,CC,TT,AA,AC,GT,AC,AA,TT,TT,AA,CT,TT,CC,GG,TT,GG,AG,GG,CC,AA,GG,AA,NN,GG,TT,TT,GG,GT,GG,CC,AA,GG,AA,AA,CC,GT,CC,TT,CT,TT,TT,GG,CT,CC,TT,CC,CC,CC,AG,AA,TT,TT,CC,AA,AA,AA,CT,GG,TT,CC,GT,AA,AA,TT,CC,AG,CC,GG,CT,GG,TT,NN,CC,CC,AC,CC,AG,TT,CC,AA,CC,CC,AA,TT,AA,AA,GG,CT,CC,GG,AG,GG,AA,CC,GG,CC,CC,AA,AG,GG,TT,AG,AA,GT,CT,GG,NN,GT,TT,TT,CC,AT,TT,TT,NN,TT,GG,CG,AA,CC,AC,CC,GG,CC,AA,AG,AG,CC,TT,CC,GG,GG,GG,AT,AA,AA,TT,CC,CC,AA,AC,CC,GG,GG,AC,GG,TT,AA,AA,CC,GG,AA,AC,AA,AA,GG,TT,AT,AT,GG,GT,AA,CC,TT,TT,AA,GG,AA,CT,AA,TT,CC,TT,AA,CC,CT,GG,AG,GG,GG,CC,TT,TT,GT,GG,TT,AA,CC,AG,GG,CC,CG,GG,CC,GG,TT,AA,CC,TT,GG,CC,NN,AA,AG,CG,AA,CC,AA,AA,AC,CC,AA,TT,AA,GG,AA,AA,AC,AA,GG,AA,GG,AA,AT,CG,NN,AG,CC,AA,CT,AA,AA,GG,GG,GG,TT,AA,AA,TT,TT,TT,NN,AT,GG,GG,AA,8.81,Susceptible,Medium,Standard,Early
L0852,Mandya,Karnataka,Kharif,Red Loamy,Irrigated (Cauvery command),780,27.0,72,CC,TT,AA,NN,GG,CC,GT,AT,CC,CG,AT,TT,CC,TT,TT,GG,GG,TT,TT,AG,CC,TT,TT,CC,TT,CC,GT,TT,GG,AA,TT,CC,AA,CC,GG,CG,GG,CG,GG,CC,TT,TT,AA,TT,AA,GG,TT,TT,CG,CC,GG,AA,AA,GG,CC,NN,AA,AC,TT,AA,AG,GT,AA,AG,TT,AT,CC,GG,TT,GT,AG,GG,CC,AA,NN,AA,TT,GG,TT,TT,GG,GG,GT,CC,AT,GG,AA,AT,CC,GT,CC,TT,CT,AT,GT,GG,CT,CC,GT,CC,CT,CC,AG,AA,AT,TT,CC,AG,AG,AA,CC,GG,TT,GG,TT,AA,AA,TT,NN,GG,CG,GG,CC,GT,TT,AG,CC,CC,NN,CC,AA,TT,CC,AA,CC,CC,AA,AT,AA,AA,GG,CT,CC,GG,AA,AG,AA,CC,GG,CC,CC,AG,AG,AG,TT,GG,CC,TT,CT,GG,AA,TT,TT,TT,CC,AA,TT,CT,AA,AT,GG,CC,GG,CT,CC,CC,GG,AC,AA,GG,AA,CC,TT,CC,GG,TT,GG,TT,AA,AG,TT,CC,GG,AA,CC,CG,GG,GG,AA,CG,TT,AC,AA,CC,GG,AT,AC,AA,AT,GG,TT,AT,AA,GG,GT,AA,CG,AT,GT,AA,GG,AA,TT,AC,TT,CC,TT,AA,CC,TT,GG,AG,CC,AG,CC,TT,TT,TT,CG,TT,AA,AC,AG,GG,CC,CC,GG,CC,GT,AT,AA,CC,TT,GG,CC,GG,AA,GG,CG,AT,CG,AA,AA,AC,CG,CC,TT,NN,GG,AA,AA,AA,AA,AG,AA,AA,AA,TT,GG,AA,AG,CC,AA,CC,AA,AA,GG,GG,GG,TT,AT,AA,GT,TT,TT,AA,TT,GG,GG,AA,5.66,Susceptible,High,Poor,Late
L0853,Mandya,Karnataka,Kharif,Red Loamy,Irrigated (Cauvery command),780,27.0,72,AA,CC,GG,AG,GG,CC,GG,AT,CC,CC,AA,CC,CC,TT,TT,GT,CG,TT,TT,AA,CC,GT,TT,CT,TT,CC,TT,TT,GG,AA,CT,CC,AG,CC,GG,CG,GT,CC,GG,CC,TT,TT,AA,GG,AG,AG,TT,AT,CC,AA,GG,AA,AA,GG,CC,TT,AA,AA,GT,AA,AA,TT,AA,AA,CT,TT,CC,GG,TT,GG,AG,GT,CC,AA,GG,AA,TT,GG,TT,TT,GG,GG,GG,CC,AT,GG,AA,AA,CC,TT,AC,GT,CT,TT,TT,AG,TT,CC,GT,CC,CT,CG,AG,AA,TT,TT,CC,AG,AG,AC,CC,GG,GT,CG,TT,AA,AC,TT,CC,AG,CC,GG,CC,GT,TT,AG,CC,CC,CC,CC,AA,TT,CC,AA,CC,CT,AA,TT,AA,AA,GG,CT,CC,GG,AA,AG,AA,CC,GG,CC,CC,AG,AG,GG,TT,GG,AC,GT,TT,AG,AC,TT,TT,TT,CC,AT,TT,CT,AA,AT,GG,CC,GG,NN,CC,AC,GG,CC,AA,GG,GG,CC,TT,CC,GT,TT,CG,TT,AG,AG,TT,CC,GG,AA,AC,CC,GG,GG,CC,GG,TT,AC,AA,CG,GG,AA,CC,AA,NN,GG,TT,AA,AA,CG,GG,AT,CC,TT,GG,AA,GG,AA,TT,AA,TT,CG,TT,AA,CC,CT,GG,GG,CC,AG,CC,TT,TT,GT,CG,TT,AC,NN,AG,GG,CC,CG,GG,CC,GG,AA,AA,CC,TT,GG,CG,CG,AA,AG,CC,AT,CC,NN,AA,AA,CG,CC,AA,AA,GG,AA,AA,NN,AA,GG,AA,AG,AA,AT,GG,AA,AA,AC,AA,TT,AA,AA,GG,GG,GG,GT,AA,AA,TT,TT,TT,AA,TT,GG,GG,AA,6.14,Susceptible,Medium,Poor,Late
L0854,Mandya,Karnataka,Kharif,Red Loamy,Irrigated (Cauvery command),780,27.0,72,AA,TT,AG,AG,GG,CC,GT,TT,CC,CC,AA,CC,CC,AT,TT,GG,GG,TT,TT,AA,CG,TT,GT,CC,TT,CC,TT,TT,GT,AA,TT,CC,AA,CC,GG,GG,GG,CC,GG,CC,NN,CT,AA,TT,AA,GG,TT,AT,CC,AC,GG,AA,AA,GG,CT,GT,AA,NN,TT,NN,AA,TT,AA,AA,CT,AT,CT,GG,TT,GG,AG,GG,CC,AA,AG,AC,AA,GG,TT,TT,GG,GT,GG,NN,AA,GG,GG,AA,CC,GT,CC,TT,TT,TT,TT,GG,CT,CC,GT,CC,CC,CC,AG,AA,TT,TT,CC,AA,AA,AA,CC,GG,TT,CC,TT,AC,AA,TT,CC,AG,CC,GG,CC,GG,TT,AA,CC,CC,CC,CC,AA,GT,CC,AA,CC,CT,AA,TT,AA,AA,GG,CT,CC,GG,AA,AA,AA,CC,GT,CC,CG,AA,AG,GG,TT,AG,AC,TT,TT,GG,CC,TT,TT,TT,CC,AA,TT,TT,AA,AT,GG,CC,AA,CC,CC,CC,GG,CC,AA,GG,AG,CC,TT,CC,GT,TT,CG,AT,AA,AA,TT,CC,GG,AC,CC,CC,GG,GG,AC,CG,TT,AC,AA,CC,GG,AA,CC,AT,AT,GG,GT,TT,AA,GG,GG,AT,CC,AT,GT,AA,GG,AA,CT,AA,TT,CC,TT,AC,CC,CT,CG,AG,CC,AG,CC,TT,TT,TT,GG,TT,AC,AC,AA,GG,CC,CG,GG,CC,GG,AT,AA,CC,TT,GG,CC,GG,NN,AG,CC,AT,CC,AA,AA,AC,GG,AC,TT,AA,GG,AA,AA,AC,AA,GG,AA,AG,AA,TT,CG,AC,AG,CC,AA,CC,AG,AA,CC,GG,GG,TT,AT,AA,TT,TT,TT,AG,TT,GG,GG,AA,5.46,Susceptible,Medium,Premium,Early
L0855,Mandya,Karnataka,Kharif,Red Loamy,Irrigated (Cauvery command),780,27.0,72,AA,CT,GG,AG,GG,CC,GT,TT,CC,CG,AA,CC,NN,AT,TT,GG,CG,TT,AT,AA,CC,TT,GG,CC,TT,CC,GT,TT,GG,AA,CT,CT,AA,CC,GG,GG,GG,CG,GG,CC,TT,CT,AA,TT,AG,GG,CT,TT,CC,AA,GG,AA,AG,GG,CT,TT,AA,AA,GT,AA,AA,TT,AA,AA,TT,TT,CC,GG,TT,GT,AG,GT,CC,AA,GG,AA,AT,GG,TT,TT,GG,GG,GT,CC,AA,GG,AA,AA,CC,GT,CC,TT,CT,TT,GT,AG,CT,CC,TT,CC,CT,CC,AG,AA,TT,TT,CC,AA,AA,AA,CC,GG,TT,CC,GT,AA,AA,TT,CC,AG,CC,GG,CC,GG,CT,AA,CC,CC,CC,CC,AA,TT,NN,AA,CC,CC,AG,TT,AA,AA,GG,NN,CC,GG,AA,AG,AT,AC,GG,CC,CC,AG,AA,GG,TT,GG,CC,GT,CT,GG,AC,TT,GT,CT,CC,AT,TT,TT,AT,AT,NN,CC,AA,CT,CC,CC,CG,CC,AA,GG,AG,CC,TT,CC,GG,TT,GG,AT,AA,AG,TT,CC,CG,AC,CC,CC,GG,GG,AC,GG,TT,AC,AA,CC,GG,AT,AC,AT,AA,GG,GT,AA,AA,GG,GT,AT,CC,TT,GT,AA,GG,AA,CC,AA,TT,CG,TT,AA,CC,TT,GG,AA,CC,AG,AC,TT,TT,GT,GG,TT,NN,CC,AA,GG,CC,CG,GG,CC,GG,AT,AA,CC,GT,GG,CC,CC,AA,GG,CC,AA,CC,AA,AA,CC,CG,AC,TT,AA,GG,AA,AA,AC,AA,AG,GG,AG,AA,TT,CG,AC,AA,AA,AA,TT,AA,AA,GG,GG,GG,TT,AA,AA,TT,TT,TT,AG,TT,GG,CG,AA,6.2,Susceptible,Low,Premium,Early
L0856,Mandya,Karnataka,Kharif,Red Loamy,Irrigated (Cauvery command),780,27.0,72,AC,CT,GG,AA,CG,CG,GG,AT,CC,CC,AA,CC,CC,AT,TT,GG,CG,TT,TT,AA,CC,TT,TT,CC,TT,CC,TT,AT,GG,AA,TT,CC,AG,CC,GG,GG,GG,CG,GG,CC,TT,CT,AA,GT,AG,GG,TT,AT,CC,CC,GG,AT,AA,GG,CC,TT,NN,AA,GT,AC,AA,TT,NN,AA,TT,TT,CC,GG,TT,GG,AA,GT,CC,AA,GG,AC,AT,GG,TT,TT,GG,GG,GG,CC,AA,GG,AA,AA,CC,TT,CC,GT,CC,TT,TT,AG,TT,CC,TT,CC,CC,CG,AG,AA,AT,TT,CC,AA,AG,AA,CC,GG,TT,CC,TT,AA,AA,TT,CC,AG,CC,GG,CT,TT,TT,AA,CC,CC,CC,CC,AA,NN,CC,AA,CC,CC,AA,AA,AG,AA,GG,CT,CC,GG,AA,GG,AT,CC,GG,CC,CC,AA,AA,AG,TT,AG,AC,TT,CT,GG,CC,TT,TT,TT,CC,AT,TT,TT,AA,TT,GG,CC,AA,CC,CC,CC,CG,CC,AA,GG,AG,CC,NN,CC,GT,GT,GG,AT,AA,AA,TT,CC,GG,AA,AC,CC,GG,GG,AC,CG,TT,AA,AA,CC,GG,AA,CC,AA,AT,GG,TT,AT,AA,GG,GT,AA,CC,AA,TT,AA,GG,AA,TT,AC,TT,CC,CT,CC,CC,TT,GG,AG,CG,AG,CC,TT,TT,TT,NN,TT,AC,CC,AA,GG,CC,GG,GG,CG,GG,AT,NN,CC,GT,GG,CC,CC,AA,GG,CC,AA,CC,AT,AA,AC,CC,AA,TT,AG,GG,AA,NN,AC,AA,AG,AG,AA,AA,AT,GG,AA,NN,CC,AA,CT,NN,AA,GG,GG,GG,TT,AT,AA,GT,TT,TT,AG,TT,GG,GG,AA,7.96,Susceptible,High,Premium,Late
L0857,Mandya,Karnataka,Kharif,Red Loamy,Irrigated (Cauvery command),780,27.0,72,AC,TT,GG,AA,GG,CC,GT,TT,CC,GG,AA,CT,CC,TT,TT,GG,GG,TT,TT,AA,CC,GT,TT,CC,TT,CC,TT,TT,GG,AA,TT,CC,AA,CC,AG,GG,GG,CG,GG,CC,TT,CT,AA,GT,AA,GG,TT,TT,CC,AC,TT,AA,AG,GG,CC,NN,AA,AA,GT,AC,AA,TT,AT,AA,TT,AT,CC,GG,TT,GG,AA,GG,CC,AA,GG,AC,AT,GG,TT,TT,GG,GG,GG,CC,AA,GG,AA,AT,CC,TT,CC,TT,CT,AT,TT,AG,TT,CC,NN,CC,CC,CC,AG,AA,TT,TT,CG,AA,AA,CC,CC,GG,TT,CC,TT,AA,AA,TT,CG,GG,CC,GG,CC,GG,TT,AA,CC,CC,CC,CC,AA,TT,AC,AA,CC,CC,AA,TT,AA,AT,GG,CC,CC,GG,AA,AG,AA,CC,GG,CG,CC,GG,GG,GG,TT,GG,AA,TT,CT,GG,AA,GT,GG,TT,CG,AT,TT,TT,AA,TT,CG,CC,AA,CC,CC,CC,GG,CC,AT,GG,AA,CC,TT,CG,GG,NN,NN,AT,AG,AA,TT,CC,CG,AC,AC,CC,GG,GG,AC,GG,TT,AC,AA,CC,GG,AA,CC,AA,AT,GG,TT,AA,NN,CG,GT,AT,CC,TT,GT,AA,GG,AA,TT,AA,TT,CC,TT,AC,AC,CT,GG,AG,CC,AG,CC,AT,CT,GT,GG,TT,AA,CC,AA,NN,CC,CC,GG,CC,GG,TT,AA,CC,GT,GG,CG,CC,AA,GG,CC,AA,CC,AA,AA,CC,CG,AC,TT,AA,GG,AA,AA,AA,AA,AG,AA,AA,AA,TT,GG,AC,AG,AC,AC,CT,AA,AA,GG,GG,GG,TT,AT,AG,TT,TT,TT,AG,AT,GG,GG,AA,4.57,Susceptible,Medium,Poor,Early
L0858,Mandya,Karnataka,Kharif,Red Loamy,Irrigated (Cauvery command),780,27.0,72,AC,TT,GG,AA,CG,CC,GT,TT,CC,CG,AA,CC,CC,TT,GT,GG,GG,TT,TT,AG,CC,TT,GG,CC,AT,CC,TT,TT,GT,AA,TT,CT,AA,AC,GG,NN,GG,CG,GG,CC,TT,CT,AC,TT,AA,AA,TT,TT,CC,AC,GG,AA,AA,GG,CC,TT,AA,AC,GG,CC,AG,TT,TT,GG,TT,AT,CC,GG,TT,GG,AA,GG,CC,AA,AG,AA,AA,GG,TT,TT,GG,GG,GT,CC,AA,GG,AA,AA,CC,GT,CC,TT,CC,TT,TT,GG,TT,CC,TT,CC,CC,CG,AA,AA,TT,TT,CC,AA,AA,AA,NN,GG,TT,NN,GT,AA,AA,TT,CC,GG,CC,AG,CC,GT,TT,AG,CC,CC,CC,CG,AA,TT,CC,AA,CC,CC,AA,TT,AA,AA,GG,CC,CC,GG,AA,GG,AA,AC,GG,CC,CC,AA,AG,GG,TT,GG,AC,TT,TT,GG,AA,GT,TT,TT,GG,AT,GG,TT,AA,TT,GG,CC,AA,CT,CC,CC,GG,CC,AA,GG,AG,CC,TT,CC,GT,NN,CG,TT,AA,AG,NN,CC,GG,AC,CC,CC,GG,GG,CC,CG,TT,AA,AA,CC,GG,AT,AC,AA,TT,GG,TT,TT,AT,GG,GT,AA,CC,AT,GT,AA,GG,AA,CC,AA,TT,CC,TT,AA,CC,CT,CG,AG,CC,AG,AC,TT,TT,TT,GG,TT,AC,AC,AA,GG,CC,CC,GG,CC,GG,AT,AG,CC,GT,GG,CC,CC,AT,GG,CC,AA,CC,AA,AA,AA,CC,AC,TT,AG,GG,AA,AA,AA,AA,AG,AG,GG,AA,TT,GG,CC,AG,CC,AA,CT,AA,AA,GG,GG,GG,GT,AA,AA,TT,TT,TT,AA,NN,GG,GG,AA,8.64,Susceptible,Medium,Poor,Medium
L0859,Mandya,Karnataka,Kharif,Red Loamy,Irrigated (Cauvery command),780,27.0,72,CC,TT,GG,AA,GG,CC,GT,TT,CC,CC,AA,CT,CG,AT,GT,GG,CG,TT,TT,AA,NN,TT,TT,CC,TT,CC,TT,TT,GG,AA,TT,CC,AA,CC,GG,CG,GG,CG,GG,AC,TT,TT,AA,TT,AA,GG,NN,TT,NN,CC,GT,TT,AA,GG,CC,TT,AA,AA,GT,AA,AA,TT,TT,GG,CT,TT,CC,GG,TT,GG,AG,GT,CC,NN,GG,AC,AA,GG,TT,TT,GG,GG,GG,CC,AA,GG,AA,AT,NN,GG,CC,TT,CT,TT,TT,GG,TT,AC,TT,CC,CT,CG,GG,AA,AT,TT,NN,AG,AG,AA,CT,GG,TT,CC,TT,CC,AA,TT,CG,GG,CG,GG,CC,GG,TT,AA,CC,CC,CC,CC,AA,TT,CC,AA,CC,CT,AG,TT,AA,AA,GG,CC,CC,GG,AG,AG,AA,CC,GG,CC,CG,AA,AA,AG,GT,GG,NN,TT,TT,GG,CC,GT,TT,TT,CC,AT,GT,TT,AA,TT,GG,CC,GG,CT,CC,CC,GG,CC,AA,GG,AG,CC,TT,CC,GT,TT,CG,AT,AA,AG,TT,CC,CG,CC,CC,CC,GG,GG,AC,CG,TT,AA,AA,CC,GG,AT,NN,AA,AA,GT,TT,TT,AA,CG,GG,AA,CC,TT,GT,AA,GG,AA,TT,AA,TT,CC,CT,AA,AC,TT,CG,AG,CC,GG,AC,TT,TT,GG,CG,TT,AA,CC,AA,GG,CC,CC,GG,CC,GT,TT,AA,CC,TT,GG,CC,CC,AA,GG,CC,AA,CC,AA,AA,CC,CC,AC,TT,AA,GG,AA,AA,AA,AA,AG,AA,AA,AA,TT,CG,AA,AG,CC,NN,CT,AA,AA,GG,GG,GG,TT,TT,AG,GT,TT,TT,AA,TT,GG,GG,AA,6.33,Resistant,Medium,Premium,Medium
L0860,Mandya,Karnataka,Kharif,Red Loamy,Irrigated (Cauvery command),780,27.0,72,AA,TT,GG,AG,GG,CC,GT,TT,CC,CG,AT,CT,CG,AT,GT,GG,CG,TT,TT,AA,CC,GT,GG,CC,TT,CC,TT,AT,GT,AA,TT,CT,AA,AC,GG,GG,GG,CG,GG,CC,TT,TT,AA,TT,AA,GG,TT,TT,CC,AC,GT,AT,AA,GG,CC,TT,AA,AC,NN,AA,AA,TT,TT,AG,TT,TT,CC,GG,TT,GT,AA,GG,CC,AA,GG,NN,AA,GG,TT,TT,GG,GT,GG,CC,AA,GG,AA,TT,CC,TT,CC,TT,CC,TT,TT,NN,TT,CC,TT,CC,CT,CC,AG,AA,TT,GT,CC,AA,AA,AA,CT,GT,TT,CC,TT,AA,AC,TT,CC,GG,CC,GG,CC,GG,TT,AA,CC,CC,CC,CC,AA,TT,CC,AA,CC,CC,AA,TT,AA,AA,GG,CC,CC,GG,AA,AA,AT,CC,GG,CC,CC,AA,AA,AG,GT,GG,AA,GT,CT,GG,AA,GT,GG,CT,CC,AT,TT,TT,AA,AA,GG,CC,GG,CC,CC,CC,CG,CC,AA,GG,AG,CC,TT,CG,GG,TT,CC,AT,AG,AG,TT,CC,GG,AA,CC,CC,GG,GG,AA,CG,CT,AC,NN,CC,NN,TT,AC,AA,AT,TT,GT,AT,AT,CG,GG,AT,CC,AT,GT,AA,GG,AA,TT,AC,TT,CC,TT,AC,NN,CT,CC,GG,CC,AG,CC,TT,TT,TT,GG,TT,AA,CC,AA,GG,CC,CC,GG,CC,GG,NN,AA,CC,TT,GG,CC,CC,AA,GG,CC,AA,CC,AA,AA,AC,CG,AA,TT,AA,GG,AT,AA,AA,AA,GG,AG,AA,AA,AT,GG,AA,AG,CC,AA,CT,AG,AA,GG,GG,GG,TT,AT,AA,TT,TT,TT,AA,TT,GG,GG,AA,6.26,Susceptible,Low,Standard,Medium
L0861,Mandya,Karnataka,Kharif,Red Loamy,Irrigated (Cauvery command),780,27.0,72,AC,CT,AG,GG,GG,CG,GG,TT,CC,CG,AA,CC,CG,TT,TT,GG,CG,TT,TT,AA,CC,GG,GT,CC,TT,CC,TT,NN,GG,AA,CT,CC,AA,CC,GG,GG,GG,CG,GG,AC,TT,CT,AA,TT,AA,GG,TT,TT,CC,AC,GG,AT,AA,GG,CC,TT,AA,AC,GG,AA,AA,TT,AT,AG,CT,TT,CC,GG,TT,GT,AA,GG,CC,AA,AG,AC,AA,AG,TT,TT,GG,GG,GT,CC,AA,GG,NN,AA,CC,GT,CC,TT,CC,TT,TT,GG,CT,CC,GT,CT,CT,CG,GG,AA,TT,TT,CG,AA,AA,AA,CT,NN,TT,CG,TT,AA,AA,TT,CC,GG,CG,AG,CT,GG,CT,AG,CC,CC,CC,CC,AA,TT,CC,AA,AC,CC,AA,TT,AG,AA,CG,CT,CC,AG,AA,GG,AA,CC,GG,CC,CC,AA,AA,AG,TT,GG,NN,TT,CT,AG,CC,TT,TT,TT,CG,TT,TT,TT,AA,TT,GG,CC,AG,CT,CC,CC,CG,CC,AA,GG,AA,NN,TT,CC,GG,TT,GG,AT,AA,GG,TT,AC,CC,AC,CC,CC,GG,GG,AC,GG,TT,AA,AA,CC,GG,AA,AC,AA,AA,GT,NN,NN,AA,CG,GG,AA,CC,AT,GG,AA,GG,AA,CT,AA,TT,CC,TT,AA,CC,TT,GG,AA,CG,GG,CC,TT,TT,GT,GG,NN,AA,AC,AG,GG,CC,CG,GG,CC,GG,AT,AG,CC,TT,GG,CC,CC,AT,GG,CG,NN,CG,AA,AA,AC,CG,CC,AT,AA,GG,AA,AA,AC,AA,GG,AG,AA,AA,AT,GG,AA,AA,AC,AC,TT,AG,AA,GG,GG,CG,TT,AA,AA,TT,TT,TT,AG,AT,GG,GG,AA,10.95,Susceptible,Low,Premium,Medium
L0862,Mandya,Karnataka,Kharif,Red Loamy,Irrigated (Cauvery command),780,27.0,72,AA,TT,AG,AA,CG,CC,GT,TT,CC,CC,AA,CC,CC,AT,TT,GT,CG,TT,TT,AA,CC,GT,TT,CC,TT,CC,TT,AT,GG,AA,TT,CT,AA,AC,GG,GG,GT,CC,GG,CC,TT,CT,AA,TT,AG,GG,TT,TT,CC,CC,GG,AA,AA,CG,CT,TT,AA,AA,GG,AA,AA,TT,TT,GG,TT,AT,CC,GG,TT,GT,AA,GG,CC,AA,GG,AA,AT,GG,TT,TT,GG,GG,GT,CC,AA,GG,AA,AA,CC,GG,CC,TT,TT,AT,TT,GG,TT,CC,GG,CT,CC,GG,AA,AA,TT,TT,CG,AA,NN,AA,CT,GG,TT,CC,GT,AA,AA,TT,GG,GG,CC,GG,CC,GT,CT,AA,CT,CC,CC,CC,AA,TT,CC,AA,CC,CC,AA,TT,AG,AT,GG,CC,NN,GG,AA,AG,AA,CC,GG,CC,CG,AA,AA,GG,TT,GG,AC,GT,TT,GG,AC,GT,TT,TT,CC,AT,TT,TT,AA,AT,GG,CC,AA,CC,AC,CC,GG,CC,AA,GG,AG,CC,TT,CC,GG,TT,CG,AA,AA,AA,GT,CC,CG,AC,NN,CC,GG,GG,AA,GG,TT,AC,AA,NN,GG,AA,CC,AA,AT,GG,TT,TT,AA,CC,GG,AA,CC,TT,NN,AA,GG,AA,CT,AC,TT,CC,TT,AA,CC,TT,GG,GG,GG,AA,CC,TT,TT,TT,GG,TT,CC,CC,AG,GG,CC,CG,GG,CC,GG,AT,AA,CC,GT,GG,CC,CC,AT,AG,CG,AA,CC,AT,AA,AA,CG,AA,TT,AA,GG,AA,AA,AC,AA,GG,AG,AA,AA,AT,GG,AA,AA,AC,AC,TT,AA,AG,CG,NN,CG,TT,AA,AA,NN,TT,TT,AG,TT,GG,GG,AA,8.06,Moderate,Medium,Standard,Late
L0863,Mandya,Karnataka,Kharif,Red Loamy,Irrigated (Cauvery command),780,27.0,72,AA,CT,AG,AA,GG,CC,GT,NN,CC,GG,AA,TT,CG,TT,TT,GT,GG,NN,TT,AA,CG,TT,TT,CC,TT,CC,TT,TT,GG,AA,TT,CT,AA,AC,GG,GG,GG,CC,NN,CC,TT,CT,AA,TT,AA,GG,TT,TT,CC,AC,GG,AT,AA,GG,CC,GT,AT,AA,GT,AA,NN,TT,TT,AA,CT,AT,CC,GG,TT,GG,AG,GG,CC,AA,GG,AA,AT,GG,TT,TT,GG,GG,GG,CC,AT,GG,AA,AT,CC,GT,CC,TT,CT,TT,TT,GG,TT,AC,GT,CC,CT,CC,AA,AA,TT,NN,CG,AA,AG,AA,CC,GG,TT,CG,GT,AA,AA,TT,CC,GG,CC,GG,CC,TT,TT,AA,CC,CC,CC,CC,AA,TT,CC,AA,CC,CC,AA,TT,AA,AT,GG,CT,CC,GG,AA,AA,AA,CC,NN,CC,CG,AA,GG,GG,TT,AG,CC,TT,CT,AA,CC,GT,TT,TT,CC,TT,TT,TT,AA,TT,GG,CG,AG,CT,CC,NN,GG,CC,AA,GG,AG,CC,TT,CC,GT,TT,GG,AT,AA,AA,TT,CC,GG,AA,CC,CC,GG,GG,AC,GG,TT,CC,AA,CC,GG,AA,CC,AA,AT,GG,TT,TT,AA,GG,GT,AA,CC,AT,GT,NN,GG,AA,CC,AA,AT,CC,CT,AA,CC,TT,CG,AG,CC,AA,CC,TT,TT,TT,GG,TT,AC,CC,GG,GT,CC,CC,GG,CC,GG,AA,AA,CC,TT,GG,CC,CG,AT,GG,CC,AA,CC,NN,AA,CC,CG,AC,TT,AA,GG,AA,AA,AA,AA,AG,AG,AG,AA,TT,GG,AA,AG,CC,AA,CT,AA,AA,GG,GG,GG,GT,AA,AG,GT,TT,TT,AA,TT,GG,GG,AA,5.48,Susceptible,Medium,Standard,Late
L0864,Mandya,Karnataka,Kharif,Red Loamy,Irrigated (Cauvery command),780,27.0,72,AC,TT,GG,AG,CG,CC,NN,TT,CC,CG,AA,CT,CC,TT,TT,GG,GG,TT,NN,AA,CC,TT,GG,CC,AT,CC,GT,TT,NN,AA,TT,CC,AA,CC,GG,GG,GG,CC,GG,CC,TT,CT,AC,TT,AA,AG,CT,TT,CC,AC,GT,AT,AA,GG,CC,TT,AT,AC,GT,AC,AG,TT,AT,AA,TT,AT,CC,GG,TT,GG,AG,GG,CC,AA,GG,AA,AT,AG,TT,TT,GG,GG,GG,CC,AA,GG,AA,AA,CC,GT,CC,TT,CC,AT,TT,GG,TT,CC,GT,CC,CC,CG,AG,AA,AT,TT,CC,AA,AG,AA,CC,GG,TT,CC,NN,AA,AA,TT,CC,GG,CG,GG,CT,GG,CT,AG,CC,CC,CC,CC,AA,TT,AC,AA,CC,CT,AA,TT,AA,AA,GG,CC,CC,AG,AA,AA,AT,CC,GG,CC,CC,AG,AG,AG,TT,AG,AC,TT,TT,GG,AC,GT,TT,TT,NN,AA,GT,TT,NN,TT,GG,CC,AG,CC,CC,CC,CG,CC,AA,GG,AA,CC,TT,CC,GG,TT,GG,AT,AA,AA,TT,CC,GG,AA,CC,CC,GG,GG,AA,GG,TT,AA,AA,CC,GG,AA,CC,AA,AT,TT,TT,TT,AT,CG,GG,AT,GG,AT,GG,AA,GG,AA,CT,AA,TT,CC,CT,AC,CC,TT,GG,AG,GG,AG,CC,AT,CC,GT,GG,TT,AA,CC,AA,GT,CC,CG,GG,CC,GG,TT,AA,CG,GT,GG,CC,CG,AA,AG,CC,AA,CC,AA,AA,CC,GG,CC,TT,AA,GG,AA,AA,AC,AA,GG,GG,AA,AA,TT,GG,AA,AA,CC,AA,CT,AA,AA,CG,GG,GG,TT,AA,AG,NN,TT,TT,AA,TT,GG,CG,AA,5.1,Susceptible,Low,Poor,Medium
L0865,Mandya,Karnataka,Kharif,Red Loamy,Irrigated (Cauvery command),780,27.0,72,NN,TT,GG,AA,GG,CG,GT,AT,CC,CG,AA,CT,CC,AA,TT,GG,CG,TT,TT,AA,CG,TT,TT,CC,TT,CC,GT,AT,GG,AA,TT,CT,AG,AC,GG,GG,GG,CC,GG,CC,TT,CT,AA,TT,AA,AA,TT,TT,CC,AC,GT,AA,AG,GG,CC,TT,AT,AA,GT,AA,AA,TT,TT,AG,TT,AT,CC,GG,CT,GG,AA,GG,CC,AA,GG,AC,AT,NN,GT,CT,GG,GT,GT,CC,AA,GG,AA,AA,CG,GG,CC,TT,TT,TT,TT,GG,TT,CC,TT,CC,CC,CC,AG,AA,TT,TT,CG,AA,GG,AA,CC,GG,TT,CC,TT,AA,AC,TT,CC,AA,CG,GG,CC,GG,TT,AA,CT,CC,CC,CC,AA,GT,CC,AA,CC,CC,AA,TT,AA,AA,GG,NN,CC,GG,AA,AG,AA,AC,TT,CC,CG,AG,AG,GG,TT,AG,AA,TT,TT,AG,CC,TT,TT,CT,CC,AA,GT,CT,AA,TT,GG,CC,AA,CC,CC,CC,CG,CC,AA,GG,AA,CC,TT,CC,GT,GT,CG,TT,AA,AA,TT,CC,GG,AC,CC,CC,GG,GG,AC,GG,TT,CC,AA,CC,GG,AA,AC,AA,AA,GT,GT,AT,AT,CG,GT,NN,CG,TT,GT,AA,GG,AA,CT,AA,AT,CC,CT,AA,AC,CT,GG,AA,CG,AA,CC,AT,TT,NN,GG,TT,AC,CC,AA,GG,CC,CG,GG,CC,GG,TT,AA,CC,TT,GG,CC,CC,AA,AG,CG,AA,CC,AA,AA,AC,GG,AC,TT,AA,GG,AA,AA,AC,AA,GG,AG,AA,AA,TT,GG,AA,NN,AC,NN,TT,AG,AA,GG,GG,CG,TT,AA,AG,TT,TT,TT,AG,TT,GG,GG,AA,6.58,Moderate,Medium,Poor,Medium
L0866,Mandya,Karnataka,Kharif,Red Loamy,Irrigated (Cauvery command),780,27.0,72,AC,TT,AA,GG,GG,CG,GG,AT,CC,CG,AA,CC,CC,TT,GT,GG,GG,TT,AT,AA,CC,TT,GT,CC,AT,CC,TT,TT,GG,AA,TT,CT,AA,CC,GG,GG,GG,CC,GG,CC,TT,CC,AC,GT,AA,GG,TT,TT,CC,AC,GG,AA,AA,GG,CC,GT,AA,AA,GT,AA,AG,TT,AT,AG,NN,TT,CC,GG,TT,GG,AG,GG,CC,AA,GG,AA,AT,GG,GT,TT,GG,NN,GG,CC,AA,GG,AA,AA,CC,TT,AC,TT,CC,TT,TT,GG,TT,AC,TT,CC,CT,CC,GG,NN,TT,TT,CG,AA,AG,AC,CC,GG,GT,CG,TT,AA,AA,AT,CC,GG,CC,GG,CC,GG,NN,AG,CT,CC,CC,CC,AA,TT,CC,AA,CC,NN,AA,TT,NN,AA,GG,CC,CC,GG,AA,AG,NN,CC,GG,CC,CG,AA,AA,GG,TT,GG,AA,TT,CT,GG,AC,GT,GT,CT,CG,AT,TT,CT,AA,TT,GG,CC,AA,CT,CC,CC,CC,CC,AA,GG,AG,CC,TT,CC,GG,GG,CG,TT,AA,AA,TT,CC,GG,AA,CC,CC,GG,GG,AA,CG,TT,AA,AA,CC,GT,AA,CC,AA,AT,GG,GT,TT,AA,GG,GT,AT,CC,TT,GT,AA,GG,AA,TT,AC,TT,CC,CT,AA,CC,TT,CC,GG,CG,AG,CC,TT,TT,GT,GG,TT,AA,CC,AG,GG,CC,CC,GG,CC,GG,AT,AA,CC,GT,GG,CC,CC,AA,AG,CC,AA,CC,AT,AA,AC,CG,AC,TT,AA,GG,AA,AA,AC,AA,GG,AG,AA,AA,TT,GG,AA,AG,CC,AA,CT,AA,AG,CG,GG,GG,TT,AA,AA,GT,TT,TT,GG,TT,GG,CG,AA,5.68,Moderate,High,Premium,Early
L0867,Mandya,Karnataka,Kharif,Red Loamy,Irrigated (Cauvery command),780,27.0,72,AC,TT,NN,AA,GG,CC,GG,TT,CC,CG,AA,CC,CG,AT,TT,GT,CG,TT,TT,AG,CC,GT,TT,CC,TT,CC,TT,TT,GG,AA,TT,CC,AA,CC,GG,CG,GG,CC,GG,CC,TT,CT,AA,TT,AA,AG,TT,AT,CC,AA,GG,AA,AA,GG,CT,TT,AA,NN,TT,AC,AA,TT,AT,AA,TT,TT,CC,GG,TT,GT,AG,GT,AC,AA,GG,AA,AA,GG,TT,TT,GG,GG,GG,CC,AT,GG,AA,AT,CC,GT,NN,TT,TT,TT,GT,GG,NN,AC,TT,CC,CC,CG,AG,AA,TT,TT,CC,AA,AG,AA,CC,GG,TT,CG,TT,AA,AA,TT,CC,GG,CC,GG,CC,GT,TT,AG,CC,CC,CC,CC,AG,TT,CC,AA,CC,CT,AA,TT,AA,AT,GG,CT,CC,GG,AG,NN,AA,CC,GT,CC,CC,AA,AA,GG,GT,AG,AA,GT,CT,GG,AC,GT,GT,TT,CC,TT,TT,TT,AA,TT,GG,CC,AA,CC,CC,CC,GG,CC,AA,GG,AA,CC,TT,CC,GT,GT,GG,TT,AA,AG,TT,NN,GG,AC,CC,CC,GG,GG,AC,CG,TT,AA,AA,CG,NN,TT,AC,AT,AA,GG,GT,TT,TT,CG,GG,AA,CC,AT,GT,AA,GG,AA,CT,AA,TT,CG,CT,AA,CC,CT,GG,AG,CG,AG,CC,TT,CC,GT,GG,TT,AC,AC,AA,GG,CC,CC,GG,CC,GG,NN,AA,CC,TT,GG,CC,CG,AA,AG,CC,AA,CC,AT,AA,AC,CC,AA,TT,AA,GG,AA,AA,AC,AA,AG,GG,AA,AG,TT,GG,CC,AG,AA,AA,CT,AG,AA,GG,GG,GG,TT,AT,AA,TT,TT,TT,AA,TT,GG,GG,AA,7.0,Susceptible,Low,Poor,Medium
L0868,Mandya,Karnataka,Kharif,Red Loamy,Irrigated (Cauvery command),780,27.0,72,AC,CT,GG,AA,GG,CC,GT,TT,CC,CG,AA,CT,GG,TT,TT,GT,GG,TT,TT,NN,CC,TT,GT,CC,TT,CC,TT,AT,GG,AA,CT,CT,AA,CC,GG,GG,GG,CC,GG,CC,TT,CT,AA,TT,AA,AA,TT,AA,CC,AC,GG,AA,AA,GG,CC,TT,AA,AC,GT,AA,NN,TT,TT,AA,TT,AT,CC,GG,CT,GG,AA,NN,CC,AA,AA,AC,AA,GG,TT,CT,GG,GG,GT,CC,AT,GG,AG,AA,CC,GT,CC,TT,CC,AT,GT,GG,TT,CC,TT,CC,TT,CG,AA,AA,TT,GT,CC,AA,AA,AC,CC,GG,TT,CC,GT,AA,AA,TT,CC,GG,CC,GG,CT,GT,TT,AA,CT,CC,CC,CC,AA,TT,CC,AA,CC,CC,AA,AT,AA,AA,GG,CC,CC,GG,AA,GG,AA,CC,GG,CC,CC,AA,AA,GG,TT,GG,AA,TT,TT,AG,AA,TT,TT,TT,CC,AA,TT,TT,AA,AT,GG,CC,AA,CT,CC,CC,CG,CC,AA,GG,AG,CC,TT,CC,GT,TT,GG,TT,AA,AA,TT,CC,CG,AC,AC,CC,GG,GG,AA,GG,TT,AC,AA,CC,NN,AA,AC,AA,AA,GG,GT,AT,AA,CG,NN,AT,CC,TT,TT,NN,GG,AA,CT,AA,TT,CC,TT,AA,AC,TT,GG,AG,CC,AG,CC,TT,TT,TT,GG,TT,CC,CC,AA,GT,CG,GG,GG,CC,GG,AT,AG,CC,TT,AG,NN,CG,AA,GG,CC,AT,CC,AA,AA,AC,CC,CC,TT,AA,GG,AA,AA,AA,AA,GG,GG,AA,AG,AT,CG,AA,AG,CC,NN,TT,AG,AA,CG,NN,GG,TT,AA,AG,GT,TT,TT,AG,TT,CG,CG,AA,7.41,Susceptible,Medium,Poor,Early
L0869,Mandya,Karnataka,Kharif,Red Loamy,Irrigated (Cauvery command),780,27.0,72,AC,TT,AG,AA,CG,CC,GG,TT,CC,CC,AT,CC,NN,AT,TT,GG,GG,TT,AT,AA,CC,TT,GT,CC,TT,CC,TT,TT,GG,AA,TT,CC,AA,CC,GG,CG,GG,CG,GG,CC,NN,CC,AA,TT,AA,AA,TT,TT,CC,AC,GG,AA,AA,GG,CC,GT,AT,AA,GT,AA,AA,TT,TT,AA,CT,NN,CC,GG,TT,GG,AA,GG,CC,AA,GG,AA,AA,GG,TT,TT,GG,NN,GG,CC,AA,GG,AA,AA,CC,TT,CC,TT,CC,TT,GG,AG,TT,AC,TT,CC,CC,CG,GG,AA,TT,TT,CC,AA,GG,AA,CC,GG,TT,CC,NN,AA,AA,TT,CG,GG,CG,GG,CC,GG,CT,AG,CC,CC,CC,CC,AA,TT,AA,AA,CC,CC,AA,TT,AA,AA,GG,NN,CC,GG,AA,AA,AA,AC,GG,CC,CC,AA,GG,GG,TT,GG,AA,TT,TT,GG,AC,TT,TT,CT,CC,AA,GT,CT,AT,TT,CG,CC,AA,CC,CC,AC,GG,CC,AA,GG,AG,CC,TT,CC,GG,GT,NN,AA,AA,AA,TT,CC,GG,AA,CC,NN,GG,AG,CC,GG,TT,AC,AA,CC,GG,AA,CC,AA,AA,GG,TT,TT,AA,GG,GT,AT,CG,AT,TT,AT,GG,AA,TT,AA,TT,CC,CT,AC,AA,TT,GG,AG,CC,AG,CC,TT,TT,GT,GG,AT,CC,CC,AG,GG,CC,CG,GG,CC,GG,AT,AA,CC,TT,GG,CC,CC,AA,GG,CC,AA,CG,AA,AA,AC,CC,AC,TT,AA,GG,AA,AA,AC,AA,GG,AG,AA,AG,TT,GG,AA,AG,AC,AA,TT,AA,AG,GG,GG,CG,TT,AT,AG,TT,TT,TT,AA,AT,GG,GG,NN,7.76,Resistant,Medium,Poor,Early
L0870,Mandya,Karnataka,Kharif,Red Loamy,Irrigated (Cauvery command),780,27.0,72,AC,CT,GG,GG,GG,CC,GG,TT,CC,CC,AA,CC,CG,TT,GT,GG,CG,TT,TT,AG,CC,GT,GT,CC,TT,CC,TT,TT,GG,AA,CT,CT,AA,CC,GG,GG,GG,CC,GG,CC,TT,TT,AA,TT,AA,AG,TT,AA,CC,CC,GG,AA,AG,GG,CC,TT,AA,AC,GG,AA,AG,TT,TT,AA,TT,TT,CC,GG,TT,GT,AA,GG,AC,AA,GG,AC,AA,GG,GT,TT,GG,GG,GG,CC,AA,GG,AA,AA,CC,GT,AC,TT,CC,TT,TT,GG,TT,NN,TT,CC,CC,CC,AG,AA,TT,TT,CG,AA,GG,AA,CT,GG,TT,CC,GT,AC,AA,TT,CC,GG,CC,GG,CC,GG,TT,AA,CC,CC,CC,CC,AA,TT,CC,AA,CC,CC,AA,TT,AA,AA,GG,CT,CG,GG,AA,AG,AA,CC,GG,CC,CC,AA,AA,GG,TT,GG,AC,TT,CT,GG,CC,NN,TT,CT,CC,AT,GT,CT,NN,TT,GG,CC,AA,TT,CC,CC,CG,AC,AA,GG,AA,CC,TT,CC,TT,TT,CG,TT,AA,AG,TT,CC,GG,AA,CC,CC,CG,NN,AC,GG,TT,AA,AA,CG,GG,AA,AC,AA,AT,GT,TT,AT,AT,CG,GT,AA,CG,TT,GT,AA,GG,AG,TT,AA,TT,CC,TT,AA,AC,TT,GG,AA,GG,AG,CC,TT,CT,GT,GG,TT,AA,AC,AG,GG,CC,CC,GG,CC,GG,AT,AA,CG,TT,GG,CC,CC,AT,GG,CC,AA,CC,AT,AA,AC,CG,CC,AT,AA,GG,AA,AA,CC,AA,GG,AA,AG,AA,AT,GG,AA,AG,AC,AA,TT,AA,AG,CG,GG,GG,GT,AT,AA,TT,TT,TT,AG,TT,GG,GG,AA,8.44,Susceptible,High,Poor,Late
L0871,Mandya,Karnataka,Kharif,Red Loamy,Irrigated (Cauvery command),780,27.0,72,AA,CT,GG,AA,GG,CG,GG,TT,CC,CG,AA,CT,CC,AT,TT,GG,CG,TT,TT,AA,CC,TT,TT,CC,TT,CC,TT,AT,GG,AC,TT,CT,AA,CC,GG,CG,GG,CC,GG,AC,TT,CT,NN,GT,AA,AG,TT,AA,CC,AC,GG,AT,GG,GG,CC,GG,AA,AC,GG,CC,AG,TT,AT,NN,TT,AT,CC,GG,TT,GT,AA,GG,CC,AA,GG,AC,NN,AG,TT,TT,GG,GT,GG,CC,AT,GG,AA,AA,CG,GT,CC,TT,CT,AT,TT,GG,TT,AC,GT,CC,CT,CG,GG,AA,AT,TT,CG,AA,AG,AA,CC,GG,GT,CC,TT,AA,AA,TT,CC,AG,CC,GG,CC,GT,TT,AA,CT,CC,CC,CC,AA,TT,CC,AA,CC,CC,AA,AA,AA,AT,GG,CT,CG,AG,AA,GG,AA,CC,GG,CC,CC,AA,AA,GG,TT,GG,AA,TT,NN,GG,CC,GT,TT,TT,CC,AA,TT,TT,AT,TT,GG,CC,AA,CC,CC,CC,CG,CC,AA,GG,AA,CC,TT,CC,TT,TT,CG,TT,AA,AG,TT,AC,GG,AA,AC,CC,GG,GG,AA,CG,TT,AA,AA,NN,GG,AT,AC,AA,AT,GG,TT,NN,AA,GG,GG,AA,NN,AA,GG,AA,GG,AA,CT,AC,TT,CC,CT,AA,CC,CT,GG,NN,CC,AG,CC,TT,TT,GT,GG,TT,AA,AC,AG,GG,CC,CC,GG,CC,GG,AA,AA,CG,TT,GG,CC,CG,AA,AG,CG,AA,CC,AT,AG,CC,CG,CC,TT,AA,GG,AA,AA,NN,AA,AA,GG,AG,AA,TT,GG,AA,AA,CC,AC,CT,AA,AA,GG,GG,GG,TT,AA,AA,GT,TT,TT,AA,TT,GG,GG,AA,7.67,Susceptible,Low,Standard,Late
L0872,Mandya,Karnataka,Kharif,Red Loamy,Irrigated (Cauvery command),780,27.0,72,AA,CT,AG,AG,GG,CC,GT,TT,CC,CG,AA,CC,CG,AT,TT,GG,CG,AT,TT,AA,CC,TT,GT,CC,TT,CC,GT,TT,GT,AA,TT,CC,AA,CC,GG,CG,GG,CG,GG,CC,GT,CT,AA,TT,AA,GG,TT,TT,CC,NN,GT,AT,AA,GG,CC,TT,AA,AA,GT,AA,AA,GT,AT,AA,TT,TT,CC,GG,TT,GT,AA,GG,CC,NN,AG,AA,AT,AG,TT,TT,GG,TT,GT,CC,AA,AG,AA,AA,CG,NN,CC,TT,CT,TT,TT,GG,TT,CC,TT,CC,NN,CC,AG,AA,TT,TT,NN,AA,AG,AA,CC,GG,TT,CG,TT,AA,AA,TT,CC,GG,CC,AG,CC,GT,TT,AA,CC,CC,CC,CC,AA,GT,CC,AA,CC,CC,AA,TT,AG,AT,GG,CC,CC,GG,AA,AA,AA,CC,GG,CC,CC,AA,GG,GG,GT,GG,CC,TT,TT,GG,CC,TT,TT,TT,CC,AA,TT,TT,AT,TT,NN,CC,AG,CC,CC,CC,CG,NN,AA,GG,AG,CC,TT,CC,GT,GT,GG,TT,AA,AA,TT,CC,GG,AA,CC,CG,GG,GG,AA,GG,TT,AC,AA,NN,GG,AA,AC,AA,AA,GG,TT,AT,AT,GG,GT,AA,CC,AT,GT,AA,GG,AA,TT,AC,TT,CC,CT,AA,CC,TT,GG,AG,CG,AG,CC,TT,CT,GG,GG,TT,AA,NN,AG,GG,CC,CG,GG,CC,GG,AT,AA,CC,TT,GG,CC,CC,AA,GG,CC,AT,CC,AA,AA,CC,CG,CC,TT,AA,GG,AA,AA,AA,AA,AG,AA,AA,AA,TT,GG,AA,AA,CC,AA,CT,AA,AA,GG,GG,GG,TT,AA,AG,NN,TT,TT,AG,TT,GG,GG,AA,5.47,Moderate,Medium,Premium,Medium
L0873,Mandya,Karnataka,Kharif,Red Loamy,Irrigated (Cauvery command),780,27.0,72,AA,TT,GG,AA,GG,CC,GG,AT,CC,CG,AA,CC,CC,TT,TT,GG,GG,TT,TT,AA,CC,TT,GT,CC,AT,CC,GT,AT,GT,AA,TT,CC,AA,CC,GG,CG,GG,CG,GG,CC,TT,CT,AC,GT,AG,AG,TT,AT,CC,CC,GT,AT,AA,GG,CT,TT,AA,AA,GT,AA,GG,GT,TT,AA,CT,TT,CC,GG,CT,GT,AA,GG,CC,AA,GG,CC,AA,AG,TT,TT,GG,GG,GT,CC,AA,GG,AA,AA,CC,TT,CC,TT,CC,TT,TT,GG,TT,NN,TT,NN,CC,CC,AG,AA,TT,TT,CG,AG,AG,AA,CC,GT,TT,CC,GT,AC,AA,TT,CC,AG,CC,AG,CC,GT,CT,AA,CC,CC,CC,CC,AA,TT,CC,AA,CC,CC,AA,AT,AG,AT,GG,CT,CC,GG,AA,GG,AA,CC,GG,CC,CC,AA,AA,AG,GT,GG,AA,TT,CT,GG,CC,GT,GT,TT,CC,AA,GT,NN,AT,TT,GG,CC,AA,CT,NN,CC,GG,CC,AA,GG,AG,CC,TT,CC,GG,GT,GG,TT,AA,AA,TT,CC,GG,AA,CC,CC,GG,GG,CC,GG,TT,AC,AA,CC,GG,AA,CC,AA,AA,GG,TT,TT,AT,CG,GG,TT,NN,AT,TT,AA,GG,AA,CT,AA,TT,CC,CT,AC,CC,TT,GG,AA,CG,AA,CC,TT,TT,GT,GG,TT,AA,CC,AA,GG,CC,CC,GG,CC,GG,AT,AA,GG,GG,GG,CG,CC,AA,GG,CG,AA,CC,AT,AA,AC,GG,CC,TT,AA,GG,AA,AC,AA,AA,AA,AA,AG,AA,TT,CG,AA,AA,AC,AC,TT,AG,AG,GG,AG,GG,TT,AA,AG,TT,TT,TT,AA,TT,GG,GG,AA,6.17,Susceptible,Medium,Standard,Medium
L0874,Mandya,Karnataka,Kharif,Red Loamy,Irrigated (Cauvery command),780,27.0,72,AC,CT,GG,AA,GG,CG,GT,TT,CC,CG,AT,CC,CC,TT,GT,NN,CG,TT,TT,AA,CG,TT,TT,CC,TT,CC,TT,AT,GG,AA,TT,CC,AA,CC,GG,GG,GG,CG,GG,CC,TT,CC,AA,TT,AG,AG,TT,AT,CC,AC,GG,AA,AG,GG,CT,TT,AA,AC,NN,AA,AA,GT,AT,AA,TT,TT,CC,GG,TT,GG,GG,GG,CC,AA,GG,AC,AT,GG,TT,TT,AG,GG,GG,CC,AA,GG,AA,AA,CG,GT,CC,TT,CT,TT,GT,GG,TT,CC,GT,CC,CC,CG,AG,AA,TT,TT,CC,AA,AG,AC,TT,GG,TT,CC,TT,AA,AA,TT,CG,GG,CC,AG,CC,GT,TT,AA,CC,CC,CC,CC,AG,TT,CC,AA,CC,CT,AA,AT,AG,AA,GG,CC,CC,GG,AG,AA,AA,CC,GG,CC,CC,NN,AG,AG,TT,GG,AA,GT,TT,GG,AC,TT,TT,TT,CC,AT,GT,CT,AA,AT,NN,CC,AG,TT,CC,CC,CG,CC,AA,GG,AG,CC,TT,CG,GT,TT,GG,AT,AA,AG,TT,CC,GG,AA,CC,CC,GG,GG,AA,GG,TT,AA,NN,CC,GG,AA,CC,AA,AT,GT,TT,TT,AT,GG,TT,AA,CC,TT,GT,AA,GG,AA,TT,AA,TT,CC,TT,AA,AC,TT,GG,AG,CC,GG,CC,TT,CT,TT,GG,AT,AA,AA,AG,GG,CC,CG,GG,CC,GG,AA,AA,CG,GT,GG,CC,CC,TT,GG,CC,AA,CG,AA,AA,AC,CG,CC,TT,AA,GG,AA,AC,AA,AA,AG,AA,AA,AA,TT,GG,AC,AG,AA,AA,CT,AG,AG,GG,GG,GG,TT,AA,AA,TT,TT,TT,AG,AA,GG,GG,AA,5.97,Susceptible,High,Poor,Medium
L0875,Mandya,Karnataka,Kharif,Red Loamy,Irrigated (Cauvery command),780,27.0,72,CC,TT,GG,GG,CG,CG,GT,TT,CC,CG,AA,CT,GG,TT,TT,GG,GG,TT,TT,AG,CC,TT,GT,CC,TT,CC,GT,TT,GG,AC,TT,CT,AA,CC,GG,GG,GG,CC,NN,CC,TT,TT,AC,TT,AG,GG,TT,AT,CC,AA,GT,AA,GG,GG,CC,TT,AA,AA,GT,AC,AA,TT,TT,AG,NN,TT,CC,GG,TT,GT,AA,GG,CC,AA,GG,AC,AT,GG,TT,TT,GG,GG,NN,CC,TT,GG,AA,AA,CC,TT,CC,TT,TT,AT,TT,GG,TT,CC,GT,CC,CT,CC,AG,AA,TT,TT,CC,AA,AG,AA,TT,GG,TT,CC,TT,AA,AC,TT,CC,GG,CC,GG,NN,GG,TT,AA,CC,CC,CC,CC,AA,GT,CC,AA,CC,CC,AA,AT,AA,AT,GG,CT,CC,GG,AA,AG,AA,CC,GG,CC,CC,AA,AA,GG,TT,GG,AC,TT,TT,GG,CC,TT,TT,TT,CC,AT,GT,TT,AA,TT,CG,CG,AG,CT,AA,CC,CG,AC,AA,GG,AG,CC,TT,CC,TT,GT,CG,AT,AA,NN,TT,CC,GG,AC,CC,CC,NN,GG,AC,CG,TT,AA,AA,CG,GG,AA,CC,AT,AT,GG,TT,TT,AA,CG,TT,AA,CC,NN,TT,AA,GG,AA,CT,AC,TT,CC,CT,AA,NN,TT,GG,GG,CC,AG,CC,AT,TT,GT,GG,TT,AA,CC,AA,GG,CC,CC,CG,CC,GG,AT,AA,CC,TT,GG,CC,CG,AA,NN,CG,AA,CC,AA,AA,AC,CG,CC,AT,AA,GG,AA,AA,AA,AA,AG,AA,AA,AA,TT,GG,AC,AA,AC,AC,TT,AA,AA,GG,GG,CG,TT,AA,AG,TT,TT,TT,AG,AT,GG,GG,AA,7.69,Moderate,High,Standard,Early
L0876,Mandya,Karnataka,Kharif,Red Loamy,Irrigated (Cauvery command),780,27.0,72,AA,CT,GG,AA,GG,CC,GT,TT,CC,CG,AA,CC,GG,TT,TT,GG,CG,AT,TT,AA,CC,GG,GT,CT,TT,CC,TT,TT,GT,AA,TT,CT,AA,CC,GG,GG,GG,CG,GG,CC,TT,TT,AA,TT,AG,GG,TT,TT,CC,CC,GG,AT,AA,GG,CC,TT,AA,AA,GG,AA,AG,TT,AT,AG,TT,TT,CC,GG,CT,GT,NN,GT,CC,AA,GG,AC,AA,GG,GT,TT,GG,GT,GT,CC,AA,GG,AG,AT,CC,GT,CC,TT,TT,TT,TT,GG,TT,CC,TT,CC,CT,CG,AG,AA,TT,TT,CC,GG,GG,AA,TT,GG,TT,CC,TT,AA,AA,TT,CG,GG,CC,AG,CC,GG,CT,NN,NN,CC,CC,CC,AA,TT,CC,AA,CC,CC,AA,TT,AA,AA,GG,CC,CC,GG,AA,GG,AA,CC,GT,CC,CC,AA,AA,GG,TT,AG,AA,TT,TT,AG,CC,TT,TT,TT,CC,AT,TT,TT,AA,TT,GG,CC,GG,CC,CC,CC,CG,CC,AA,GG,AG,CC,TT,CC,TT,TT,GG,TT,AA,AA,TT,AC,GG,AA,AC,CC,GG,GG,AA,GG,TT,AA,AA,CC,GG,AA,AC,AA,AA,GT,GT,TT,AA,CG,TT,AT,CC,TT,TT,NN,GG,AA,TT,AA,TT,CC,TT,AC,CC,CT,CG,AG,CC,NN,CC,TT,CT,TT,GG,TT,AA,AA,AA,GG,CC,CC,GG,CC,GG,TT,AG,CC,GT,GG,CC,CC,NN,GG,CC,AT,CC,AA,AA,AC,CG,AC,TT,AA,GG,AA,AA,AA,AA,AG,AG,AA,AA,TT,GG,AC,AA,AC,AA,CT,AA,AA,GG,GG,GG,GT,AA,AA,TT,TT,TT,GG,AT,GG,GG,AA,6.13,Moderate,Low,Premium,Early
L0877,Mandya,Karnataka,Kharif,Red Loamy,Irrigated (Cauvery command),780,27.0,72,AC,TT,AG,AA,GG,CG,GT,TT,CC,GG,NN,CC,CC,AT,TT,NN,CG,TT,TT,AA,CC,GT,TT,CC,TT,CC,TT,TT,GT,AA,TT,CT,AA,CC,NN,GG,GG,CG,GG,CC,TT,TT,AA,TT,AA,GG,TT,AT,CC,AC,GG,AA,AG,GG,CC,TT,AT,AA,GT,AA,AA,TT,AT,AA,TT,TT,CC,GG,TT,GG,AA,GG,CC,AA,NN,AC,AT,GG,NN,TT,GG,GT,GT,NN,AA,GG,AA,AA,CC,GT,CC,TT,CC,TT,TT,GG,CT,NN,TT,CC,CT,CG,GG,AA,AT,TT,CC,AG,AA,AA,TT,GG,TT,CG,GT,AA,AA,TT,CC,GG,CC,AG,CC,GT,TT,AA,CT,CC,CC,CG,AA,TT,CC,AA,CC,CC,AA,AT,AA,NN,GG,CT,CC,GG,AA,AA,AA,CC,GG,NN,CC,AA,AG,GG,TT,AG,AC,GT,TT,AG,AA,TT,GT,CT,CC,AT,GT,TT,AT,TT,GG,CC,AG,CT,AC,CC,GG,CC,AT,GG,AA,CC,TT,CC,GT,GT,GG,AT,AA,AA,TT,AC,GG,AA,AC,CC,GG,GG,AC,GG,TT,AA,AG,CC,GG,AT,CC,AA,AT,GT,GG,TT,AA,GG,GT,AT,CC,TT,GG,AA,GG,AA,TT,AA,TT,CG,TT,AA,CC,TT,GG,AA,CG,AA,CC,TT,CT,TT,GG,TT,AA,CC,GG,GG,CC,CC,GG,CG,GG,AT,AA,CC,NN,GG,CC,CC,AT,AG,GG,AT,CC,AA,AG,AA,NN,AC,AT,AA,GG,AA,AA,AA,AA,AG,AA,AA,AA,TT,GG,AA,AA,CC,AA,TT,AA,AA,GG,GG,GG,TT,AA,AA,TT,TT,TT,AG,TT,GG,GG,AA,5.63,Susceptible,Medium,Poor,Early
L0878,Mandya,Karnataka,Kharif,Red Loamy,Irrigated (Cauvery command),780,27.0,72,AC,TT,GG,NN,GG,CC,GT,TT,CC,CC,AA,CT,CC,TT,TT,GG,GG,TT,TT,AG,CC,GT,GG,CC,TT,CC,TT,TT,GG,AA,CT,CT,AA,AC,GG,GG,GG,CC,GG,CC,NN,CC,AC,TT,AG,GG,TT,TT,CC,CC,GG,AA,AA,GG,CC,GT,AA,AC,GT,AC,AA,TT,AT,AA,TT,TT,CC,GG,TT,GG,AA,GG,CC,AA,GG,AA,AA,GG,TT,TT,GG,GT,TT,CC,AA,AG,AA,AA,CC,NN,CC,TT,CT,TT,TT,GG,TT,CC,GT,CC,CC,CG,AG,AA,AT,TT,CC,AA,AG,AA,CT,GG,TT,CC,NN,AA,AA,TT,CC,AG,NN,GG,CC,GG,TT,AA,CT,CC,CC,CG,AA,NN,CC,AA,CC,CC,AA,AT,AA,AA,GG,CC,CC,GG,AA,AG,AA,CC,GT,CC,CC,AA,NN,GG,TT,GG,AC,TT,CT,GG,CC,TT,GT,TT,CC,AT,TT,CT,AA,AT,GG,NN,AA,TT,CC,CC,GG,CC,AA,GG,AA,CC,TT,NN,GT,GT,GG,TT,NN,AA,TT,CC,GG,AA,CC,CC,GG,GG,AA,GG,TT,CC,AG,CG,GG,AA,CC,AT,AT,GT,TT,TT,AA,CG,GT,AA,CC,TT,TT,AA,GG,AA,TT,AA,TT,CC,NN,AA,AC,CC,GG,AG,CC,GG,CC,TT,TT,TT,GG,TT,AA,AC,AG,GG,CC,CC,GG,CC,GG,AA,AA,CC,TT,GG,CC,CC,AA,GG,CC,TT,CG,AA,AA,AC,CC,NN,TT,AA,GG,AA,AA,NN,AA,GG,GG,AA,AA,TT,GG,AA,AG,CC,AA,CT,AA,AA,GG,GG,GG,NN,AT,AA,TT,TT,TT,AG,TT,GG,CG,AA,6.68,Moderate,High,Premium,Early
L0879,Mandya,Karnataka,Kharif,Red Loamy,Irrigated (Cauvery command),780,27.0,72,AC,TT,GG,GG,GG,CC,GG,AT,CC,GG,AA,CT,CC,AT,TT,GT,CG,TT,TT,AA,CC,GT,GT,CT,TT,CC,GT,TT,NN,NN,CT,CC,AA,CC,GG,GG,GG,CC,GG,CC,TT,TT,AA,TT,AG,GG,TT,AT,CC,CC,GG,AA,AA,GG,CC,GT,AT,AA,GT,AC,AA,TT,TT,AA,CT,AT,CC,GG,TT,GG,AA,GG,CC,AA,GG,AC,AA,GG,TT,TT,GG,GG,GT,CC,AA,GG,AA,AA,CC,GT,CC,TT,CT,TT,GT,AA,TT,CC,TT,CC,CC,CC,GG,AA,AT,TT,CC,AA,AA,AA,CC,GG,TT,CG,TT,AA,AC,TT,CG,GG,CG,GG,CC,GG,CT,AA,CT,CC,CC,CC,AA,TT,CC,AA,CC,CC,AA,AT,AA,AA,GG,CC,CC,GG,AA,GG,AA,CC,GG,CC,CC,AA,AA,AG,TT,GG,AA,GT,CT,GG,CC,TT,GT,TT,CG,AA,TT,CT,AA,TT,GG,CG,AA,CC,CC,CC,CG,CC,AA,GG,AA,CC,GT,CC,GG,GT,GG,TT,AA,AG,TT,CC,GG,AA,AC,CC,GG,GG,AC,GG,TT,AA,AA,CC,GG,AA,CC,AA,AA,GT,TT,AT,AA,GG,GG,AT,CC,TT,TT,AA,GG,AA,CC,AA,TT,CG,TT,AC,AC,TT,CC,AA,CG,AG,CC,TT,CT,GT,GG,TT,AA,AC,AA,GG,CC,CG,GG,CG,GG,AT,AA,CC,TT,GG,CC,CG,AA,GG,CC,AA,CC,AA,AA,AC,GG,AC,TT,AA,GG,AA,AC,AC,AA,AA,GG,AA,AA,AT,GG,AA,AG,AC,AA,TT,AA,AA,GG,GG,GG,TT,AA,AA,GT,TT,TT,AG,TT,CG,GG,AC,7.26,Resistant,Medium,Premium,Late
L0880,Mandya,Karnataka,Kharif,Red Loamy,Irrigated (Cauvery command),780,27.0,72,AC,TT,AG,AA,GG,CC,GT,TT,CC,CG,AA,CC,CC,TT,GT,GG,CG,TT,TT,AG,CC,TT,TT,CC,TT,CC,TT,AT,GG,AA,TT,CC,AA,CC,GG,GG,GG,CC,GG,CC,TT,CT,AC,TT,AG,AG,CT,TT,NN,AC,GT,AA,AA,GG,CC,TT,AT,AA,TT,AC,GG,TT,AT,AG,TT,TT,CC,GG,TT,GG,AA,GG,CC,AA,GG,CC,TT,GG,TT,TT,GG,GT,GG,CC,AA,GG,AA,AA,CG,TT,CC,TT,TT,AT,TT,GG,TT,CC,GT,CC,CT,CC,AG,AA,AT,TT,CG,AA,GG,AA,CC,GG,TT,CG,TT,AC,AA,TT,CG,GG,CC,GG,CC,GT,TT,AA,CC,CG,CC,CC,AA,GT,AC,AA,CC,CC,AA,TT,AA,AA,GG,CC,CC,GG,AA,AG,AA,CC,GG,CG,CC,AG,AG,GG,GT,AA,CC,TT,CC,GG,CC,TT,GT,CT,CC,AA,TT,TT,AT,TT,GG,CC,AG,CC,CC,CC,GG,CC,AA,GG,GG,CC,TT,CC,GG,GT,CG,AT,AG,AA,TT,CC,CG,AC,CC,CC,GG,AG,AC,GG,TT,AC,AA,CC,NN,AA,AC,AA,AT,GG,TT,TT,AT,GG,GT,AT,CC,AT,TT,AT,GG,AA,CT,AA,TT,CC,CT,AA,CC,TT,GG,GG,CC,AA,AC,TT,CC,TT,GG,TT,AC,CC,AA,GT,NN,CC,GG,CC,GG,AT,AA,CC,TT,GG,CC,CC,AT,AG,CC,AA,CC,AA,AA,AC,CC,CC,TT,AA,GG,AA,AC,AA,NN,GG,AA,AG,AA,TT,GG,AA,AG,AA,CC,CT,AG,AA,CG,GG,GG,GT,AA,AA,TT,TT,TT,AA,TT,GG,GG,AA,6.82,Moderate,Low,Premium,Medium
L0881,Mandya,Karnataka,Kharif,Red Loamy,Irrigated (Cauvery command),780,27.0,72,AC,TT,GG,AA,GG,CG,GG,TT,CC,CC,AA,CT,CC,TT,TT,GG,GG,TT,TT,AA,CC,GT,TT,CC,TT,CC,TT,AT,GG,AA,TT,TT,AA,CC,GG,CC,GG,CC,GT,CC,TT,TT,AA,TT,AG,AG,CT,AT,CC,CC,GT,AA,AA,GG,CT,GT,AT,AC,GT,AA,AG,GT,TT,AA,CT,TT,CT,GG,TT,GG,AA,GG,NN,AA,GG,CC,AT,GG,TT,TT,GG,GT,GG,CC,AT,AG,AA,AA,CC,NN,CC,TT,TT,TT,TT,GG,TT,CC,TT,CT,TT,CC,GG,AA,TT,TT,CC,AA,GG,AA,CT,GG,GT,CC,TT,AA,AA,TT,CC,AG,CG,GG,CC,GG,CT,AA,CC,CC,AA,CC,AA,GT,CC,AA,CC,CT,AA,AT,AA,AA,GG,CT,CC,GG,AA,AG,AA,CC,GG,CC,CC,AA,AA,AG,GT,AG,AC,TT,CC,GG,AC,TT,TT,TT,CC,AA,NN,CT,TT,AT,CG,CG,AA,CC,CC,CC,GG,CC,AA,GG,GG,CC,TT,CC,GT,GT,CG,AT,AA,AA,TT,AC,GG,AA,AC,CC,GG,GG,AC,GG,TT,AA,AA,CC,GG,AT,CC,AA,AA,GG,TT,AT,TT,GG,GG,AA,CC,TT,TT,AA,GG,AA,TT,AA,TT,CC,CT,AA,CC,TT,GG,NN,CC,GG,CC,TT,CT,GT,GG,AT,AA,AC,AA,GG,CC,CC,GG,CC,GG,NN,AA,CC,TT,GG,CC,CG,AA,GG,CC,AA,CC,AA,AA,CC,GG,AC,TT,AA,CG,AA,AC,AC,AC,GG,NN,AA,AA,TT,CG,AC,AA,AC,AA,CT,AA,AA,GG,AG,GG,TT,AA,AG,TT,TT,TT,AG,TT,GG,CG,AA,7.37,Moderate,Low,Poor,Early
L0882,Mandya,Karnataka,Kharif,Red Loamy,Irrigated (Cauvery command),780,27.0,72,AC,CT,AG,GG,GG,CG,GG,TT,CC,CC,NN,CC,CG,AA,TT,GT,CG,TT,TT,AA,CC,TT,TT,CT,TT,CC,TT,AT,GG,AA,TT,CC,AA,CC,GG,CG,GG,CC,GG,CC,TT,CT,AA,TT,AA,AG,CT,AT,CC,AA,GG,AT,AA,GG,CC,TT,AA,CC,GT,CC,AA,TT,TT,AG,TT,AT,CC,GG,CT,GT,AA,GG,CC,AA,GG,AA,AT,GG,TT,TT,GG,GG,TT,CC,AA,GG,AG,AA,CC,GT,CC,TT,CT,AT,GT,GG,TT,CC,TT,CC,CC,CC,AG,AA,TT,TT,CC,AG,AG,AA,CC,GG,TT,CC,GT,AA,AA,TT,CC,GG,CC,GG,NN,GT,TT,AA,CC,CC,CC,CC,NN,TT,CC,AA,CC,CC,AA,TT,AA,AA,GG,CC,CC,GG,AA,AA,AA,CC,GG,CC,CC,AA,AA,GG,TT,GG,AC,TT,CT,AA,AC,TT,TT,TT,CC,AA,TT,TT,AA,TT,GG,CG,AG,CC,CC,CC,CG,CC,AA,GG,GG,CC,TT,CC,TT,GG,GG,AA,AA,AA,TT,AC,GG,AA,CC,CC,GG,AG,AA,GG,TT,AA,AA,CC,GT,AA,CC,AA,AT,GG,TT,TT,AA,GG,GG,TT,CC,AT,TT,AA,GG,AA,TT,AA,TT,CC,TT,AA,CC,CT,GG,AG,CG,AG,CC,TT,CT,TT,GG,TT,AA,AA,AG,GG,CC,CC,GG,NN,GG,TT,AG,CC,GT,GG,CC,CC,AT,GG,CC,AT,CG,AT,AA,CC,CG,AA,AT,AA,GG,AA,AA,AA,AA,AG,AG,AA,AA,AA,GG,AC,AA,AA,AA,TT,AA,AG,GG,GG,GG,TT,AT,AA,TT,TT,TT,AG,TT,GG,GG,AA,5.91,Susceptible,Low,Poor,Late
L0883,Mandya,Karnataka,Kharif,Red Loamy,Irrigated (Cauvery command),780,27.0,72,AC,TT,GG,AG,GG,CC,GG,AT,CC,CC,AT,TT,CC,TT,TT,GG,GG,TT,TT,AG,CG,TT,TT,CC,TT,CC,TT,AT,GG,AA,TT,CC,AA,CC,GG,CG,NN,CC,GG,NN,TT,CT,AA,TT,AA,AG,TT,TT,CC,NN,GG,AA,AA,CG,CT,GT,AA,AA,GG,AA,AA,TT,TT,AA,TT,TT,CC,GG,TT,GG,AG,GT,CC,AA,AG,AA,AA,GG,TT,TT,GG,TT,GT,CC,AT,GG,AA,AA,CC,GT,CC,TT,CT,TT,TT,GG,TT,CC,TT,CC,CC,CG,AA,AA,TT,TT,CC,AA,AG,AA,CT,GG,TT,CG,TT,AA,AA,TT,CC,GG,CC,GG,CC,GG,CT,AA,CC,CC,CC,CC,AA,TT,CC,AA,CC,CC,AA,TT,AA,AA,GG,CC,CC,GG,AA,AG,AA,NN,GG,CC,CC,AG,GG,GG,GT,GG,AA,TT,TT,GG,CC,GT,TT,TT,CC,AA,TT,TT,AA,AT,GG,CC,AG,CC,AC,NN,GG,AC,AA,GG,AG,CC,TT,GG,GT,TT,CG,AA,NN,AA,TT,CC,GG,AA,CC,CC,GG,GG,AA,GG,TT,AC,AA,CC,GG,AT,AC,AT,AA,GT,TT,TT,AT,GG,GG,AA,CC,AT,GT,AA,GG,AA,CT,AA,TT,CC,TT,AA,AC,TT,GG,AG,CG,AG,CC,AT,CT,TT,GG,TT,AA,AC,AA,GG,CC,CC,GG,CC,GG,NN,AA,CG,TT,GG,CC,CC,NN,AG,CC,AT,CC,AA,AA,AA,CC,CC,TT,AA,CG,AA,AA,AA,AA,AG,AG,AA,AA,AT,GG,AA,AG,CC,AA,TT,AA,AA,GG,GG,GG,GT,AA,AG,GT,TT,TT,AG,TT,GG,GG,AC,6.2,Resistant,Medium,Standard,Early
L0884,Mandya,Karnataka,Kharif,Red Loamy,Irrigated (Cauvery command),780,27.0,72,AA,CT,GG,AG,CG,CC,GT,TT,CC,CG,AA,CT,CC,TT,TT,GG,CG,TT,TT,AA,CC,TT,TT,CT,TT,CC,TT,TT,GG,AC,TT,CC,AA,CC,GG,CG,GG,CC,GG,CC,TT,TT,AA,TT,AG,GG,TT,TT,CC,AC,GG,AT,AA,GG,TT,TT,AA,AC,GG,AA,AA,TT,TT,AG,TT,TT,CC,GG,TT,GT,AG,GG,CC,AA,GG,AA,AA,GG,TT,TT,GG,GG,GG,CC,AA,GG,AA,AA,CC,GT,AC,TT,CC,TT,TT,AG,TT,CC,TT,CC,CC,CC,AG,AA,AT,TT,CC,AA,AG,AA,CC,GG,TT,CC,GT,AA,AC,TT,CG,AA,CC,GG,CC,GG,CT,AA,CC,CC,CC,CC,AA,TT,CC,AA,CC,CC,AG,TT,AA,AA,GG,CC,CC,GG,AA,AG,AA,CC,GG,CC,CC,AA,AA,GG,TT,GG,AA,NN,TT,GG,CC,TT,TT,TT,CC,AT,TT,CT,AA,TT,CG,CC,AA,CC,CC,CC,GG,CC,AA,GG,AA,CC,TT,CG,TT,TT,CG,TT,AG,AA,TT,CC,CG,AC,CC,CC,GG,GG,AA,NN,TT,AA,AG,CC,GG,AT,AC,AA,TT,GG,TT,AT,AT,CG,TT,NN,CC,TT,GT,AA,GG,AA,TT,NN,TT,CC,TT,AC,CC,TT,CG,AG,CC,AG,CC,TT,TT,TT,GG,TT,AC,CC,AG,GG,CC,CG,GG,CC,GG,TT,AA,CG,GT,GG,CC,CC,AA,GG,CC,AA,CG,AA,AA,AC,CC,AC,TT,AA,GG,AA,AA,AA,AA,GG,AG,AA,AA,AT,CG,AA,AG,AC,AC,TT,AA,AA,GG,GG,GG,TT,AT,AA,TT,TT,TT,AG,TT,GG,CG,AA,7.39,Susceptible,Low,Standard,Medium
L0885,Mandya,Karnataka,Kharif,Red Loamy,Irrigated (Cauvery command),780,27.0,72,CC,TT,GG,AG,CG,CC,GG,TT,CC,CG,AA,CC,CC,TT,TT,GG,GG,TT,TT,AA,CG,TT,GT,CT,TT,CC,TT,TT,GG,AA,TT,CC,AA,AC,GG,GG,GG,CC,GG,CC,TT,TT,AA,TT,NN,GG,TT,TT,CC,CC,GG,AA,AA,GG,CC,GG,AA,AA,TT,NN,AG,TT,TT,AG,TT,AT,CC,GG,TT,GT,AA,GG,CC,AA,GG,CC,AT,GG,TT,TT,GG,GG,GG,CC,AT,GG,AA,AT,NN,TT,CC,TT,TT,TT,TT,GG,TT,CC,GT,CC,CC,CC,GG,AA,TT,TT,CG,AA,AA,AA,CC,GG,TT,CC,TT,AA,AA,TT,CC,GG,CC,GG,CC,GT,TT,AA,CC,CC,CC,CC,AA,TT,CC,AA,CC,CC,AA,TT,AA,AA,GG,CC,CC,GG,NN,AA,AA,CC,GG,CC,CC,AA,AA,GG,GG,GG,AA,TT,TT,AG,CC,GT,GT,TT,CG,AT,TT,TT,AT,AT,GG,CC,AA,CC,AC,CC,GG,CC,AT,GG,AA,CC,TT,CG,GG,GG,CG,AT,AA,AA,TT,AC,GG,AA,CC,CC,GG,GG,AA,GG,TT,AC,AG,CC,GG,AT,AA,AA,AA,GT,TT,AT,AA,GG,TT,AA,CG,TT,TT,AA,GG,AA,TT,AA,TT,CG,TT,NN,CC,TT,GG,AA,CC,AG,AC,TT,TT,TT,GG,AT,AA,AC,AG,GT,CC,CG,GG,CC,GG,AT,AA,CC,TT,GG,CG,CC,AA,GG,CC,AA,CC,AA,AA,CC,CC,CC,TT,AA,GG,AA,AA,AC,AA,AG,AG,AG,AA,AT,GG,AC,AG,AA,AA,TT,AA,AA,GG,AG,GG,TT,AT,AA,TT,TT,TT,AA,AT,GG,GG,AA,7.51,Susceptible,Low,Premium,Late
L0886,Mandya,Karnataka,Kharif,Red Loamy,Irrigated (Cauvery command),780,27.0,72,AA,NN,GG,AG,GG,CC,GG,AT,CC,CG,AA,CC,CG,TT,GT,GG,GG,TT,TT,AA,CC,TT,GT,CC,AT,CT,GT,TT,GG,AA,TT,CC,AA,CC,GG,GG,GT,CG,GG,CC,TT,TT,AC,TT,AA,GG,TT,TT,CC,CC,GT,AA,AA,GG,CC,GT,AA,AA,TT,AA,AA,TT,AA,AA,NN,TT,CC,GG,TT,GG,AA,GG,CC,AA,GG,CC,AA,GG,GT,TT,GG,GG,GG,CC,AT,GG,NN,AA,CG,TT,CC,TT,CT,TT,GT,GG,TT,AC,GT,CC,CC,CG,GG,AA,AT,GT,CC,AA,AG,AA,CT,GG,TT,CC,TT,AC,AA,AT,CC,AA,CC,GG,CC,GT,TT,AA,CC,CC,CC,CC,AA,TT,CC,AA,CC,CC,AA,TT,AA,AA,GG,CC,CC,GG,AA,AA,AT,CC,GG,CC,CC,AA,AA,GG,TT,AG,AC,GT,CT,AG,CC,TT,TT,TT,CC,AA,TT,TT,AA,AT,GG,CC,AA,CT,CC,CC,GG,CC,NN,GG,AA,CC,TT,CG,GT,TT,GG,AT,AG,AG,TT,CC,GG,AC,CC,CC,GG,GG,AC,CG,CT,AC,AA,NN,GT,AA,CC,AA,AA,GT,TT,AT,AT,CG,GT,AA,CC,TT,GT,AA,GG,AA,TT,AC,AT,CC,TT,AC,CC,CT,GG,GG,CG,GG,CC,TT,CT,TT,GG,TT,AA,CC,AA,GG,CC,CC,GG,CC,GG,TT,NN,CG,GT,GG,CC,CC,AA,GG,CC,TT,CC,AA,AG,AC,CG,AC,AT,AA,GG,AA,AC,AC,AC,AG,AG,AA,AA,TT,GG,AC,GG,NN,AC,CT,AA,AA,GG,GG,GG,TT,AA,AG,GT,TT,AT,AA,AT,GG,CG,AA,5.04,Susceptible,Medium,Standard,Late
L0887,Mandya,Karnataka,Kharif,Red Loamy,Irrigated (Cauvery command),780,27.0,72,AC,CT,AG,AG,GG,CC,GG,TT,CC,CG,AA,CC,CC,TT,GT,NN,CG,TT,TT,AG,CG,TT,TT,CC,TT,CC,TT,TT,GG,AA,TT,CC,AG,CC,GG,GG,GG,GG,GG,CC,NN,TT,AA,TT,GG,AG,TT,AA,CC,AC,GG,AT,AA,GG,TT,GT,AA,AA,GT,AA,AA,TT,TT,AA,TT,TT,CC,GG,TT,GG,AA,GG,CC,AA,GG,AC,AA,GG,TT,TT,GG,GG,GG,CC,AA,GG,AA,AA,CC,TT,CC,TT,CC,TT,TT,AG,TT,AC,GT,CC,CC,CG,AG,AA,TT,TT,CG,AA,AA,AA,CT,GG,TT,CC,GT,AC,AA,TT,CC,AG,CC,GG,CC,GG,TT,AA,CC,CC,AC,CC,AA,TT,AC,AA,CC,CC,AA,TT,AA,AT,CG,CT,CC,GG,AG,GG,AA,CC,GT,CC,CC,AA,AG,GG,TT,GG,AA,TT,TT,GG,CC,GG,TT,TT,CC,AA,TT,TT,AA,AT,CG,CC,AA,CT,CC,CC,GG,CC,AA,GG,AA,CC,TT,CC,TT,GT,GG,AT,AA,AG,TT,CC,GG,AC,CC,CC,GG,GG,AA,GG,TT,AA,AA,CC,GG,AA,CC,AA,AT,GG,TT,AT,AT,GG,GT,AA,CC,AT,TT,AA,GG,AA,TT,AA,TT,CC,TT,AC,CC,TT,CG,AG,CC,AG,CC,TT,TT,GG,GG,TT,AC,CC,AA,GT,CC,CC,GG,CG,GG,TT,AA,CC,GT,GG,CC,CC,AT,GG,CC,AA,CC,AT,AA,CC,CG,CC,TT,AA,CG,AA,AA,CC,AA,GG,AA,AG,AA,NN,GG,AC,AG,AA,AA,TT,AG,AA,GG,GG,GG,TT,AA,AG,TT,TT,TT,AG,AT,GG,GG,AA,6.74,Susceptible,Medium,Poor,Late
L0888,Mandya,Karnataka,Kharif,Red Loamy,Irrigated (Cauvery command),780,27.0,72,AA,TT,AG,AA,GG,CC,GG,TT,CC,CC,AA,CC,CC,AT,TT,GG,GG,TT,TT,GG,CG,TT,GT,CC,TT,CC,TT,AT,GG,AA,CT,CC,AA,CC,GG,CG,GG,CC,GG,CC,TT,CT,AC,TT,AG,AG,TT,AT,CC,AC,GG,AA,AA,GG,CC,GT,AA,AC,TT,AC,AG,TT,AA,AA,CT,TT,CC,GG,TT,TT,AA,GG,CC,AA,AG,AC,AT,GG,TT,TT,AG,GG,GG,CC,AA,AG,AA,AA,CC,TT,CC,TT,CC,TT,GT,GG,TT,CC,TT,CC,CC,CG,AG,AA,TT,TT,CG,AA,AA,AA,CT,GG,TT,CC,GT,AA,AC,TT,CC,AG,CG,GG,CT,GG,TT,AA,CC,CC,AC,CC,AA,TT,CC,AA,CC,CC,AA,TT,AA,AT,GG,CC,CC,GG,AA,GG,AA,CC,GG,CC,CG,AA,AG,AG,TT,GG,AC,TT,CT,GG,AC,GG,GT,CT,CC,AT,GT,CT,AA,AT,CG,CC,AG,CC,CC,CC,CG,CC,AA,GG,AG,CC,TT,CC,GG,TT,CG,AT,AA,AG,TT,AC,GG,AA,CC,CC,GG,GG,AA,GG,TT,AA,AA,CC,GG,AA,CC,AA,AT,GT,TT,TT,AT,GG,GG,NN,CC,TT,GT,AA,GG,AA,TT,AA,TT,NN,CT,AC,CC,TT,GG,AA,CG,GG,CC,TT,CT,NN,GG,TT,AA,AC,AA,GG,CC,CG,NN,CC,GG,AT,AA,CC,TT,GG,CC,CG,AA,AG,CC,AA,CC,AA,AA,NN,CG,AA,TT,AA,GG,AA,AA,AA,AA,GG,AG,AA,AA,TT,GG,AC,AG,AA,AA,CT,AA,AA,GG,GG,GG,GT,AA,AA,TT,TT,TT,AA,AA,GG,CG,AA,4.41,Susceptible,Low,Poor,Early
L0889,Mandya,Karnataka,Kharif,Red Loamy,Irrigated (Cauvery command),780,27.0,72,AA,TT,AA,AG,GG,CC,GG,AT,CC,CC,AA,CC,CG,TT,GT,GG,NN,TT,TT,AA,CG,TT,GT,CC,TT,CC,TT,AT,GG,AA,TT,CC,AA,CC,GG,GG,GG,CG,GG,CC,TT,CT,AA,TT,AA,AG,TT,AT,CG,NN,GG,AT,AA,GG,CC,GT,AA,AA,GG,AA,AA,TT,TT,AA,TT,TT,CC,GG,TT,GG,AA,GG,CC,AA,AG,AA,AT,GG,TT,TT,AG,GT,GT,CC,AA,GG,AG,AA,CG,GT,CC,TT,CC,AT,TT,GG,TT,AC,TT,CT,NN,CG,AA,AG,AT,TT,CC,AA,AA,CC,CT,GG,TT,CC,GT,AC,AA,TT,CC,NN,CC,GG,CC,TT,CT,AA,CC,CC,CC,CC,AA,TT,CC,AA,CC,CC,AA,TT,AA,AA,GG,CC,CC,GG,AA,AA,AA,AC,GT,CC,CC,AG,AA,GG,GT,GG,AA,TT,TT,GG,CC,TT,TT,TT,CC,AA,TT,TT,AA,TT,GG,CC,NN,CT,CC,CC,GG,CC,AA,GG,AG,CC,TT,CG,GT,GT,GG,AT,AA,AG,TT,AC,GG,AA,CC,CC,GG,GG,AC,GG,TT,AC,AA,CC,GG,AA,CC,AA,AT,GT,TT,TT,AT,NN,GT,AA,CG,AA,GT,AA,GG,AA,TT,CC,AT,CC,TT,AA,CC,TT,GG,AG,CC,GG,CC,TT,TT,GT,GG,TT,AA,CC,AG,GG,CC,CC,GG,CC,GG,AA,AA,CC,TT,GG,CC,CC,AA,GG,CC,AA,CC,AA,AG,AC,CC,AC,TT,AA,GG,AA,AA,AC,AA,AA,AG,AA,AA,AT,GG,AC,GG,CC,AA,CT,AG,AA,GG,GG,GG,TT,AA,AG,TT,TT,TT,AG,TT,GG,GG,AA,9.74,Susceptible,Low,Standard,Late
L0890,Mandya,Karnataka,Kharif,Red Loamy,Irrigated (Cauvery command),780,27.0,72,AA,CT,GG,AG,GG,CC,GT,AT,CC,GG,AA,CC,CG,AT,GT,GG,GG,TT,TT,AA,CC,TT,GT,CC,TT,CT,TT,AT,TT,AA,TT,CC,AA,CC,GG,GG,GG,CC,GG,CC,TT,TT,AA,TT,AA,GG,CT,AT,NN,CC,GG,AA,AA,GG,CC,TT,AA,AC,GT,AA,AA,TT,AT,AA,TT,AT,CC,GG,TT,GT,AA,GG,CC,AA,GG,AC,AA,GG,TT,TT,GG,GG,GG,CC,AA,GG,AA,AT,CC,TT,CC,TT,CT,TT,TT,GG,TT,CC,GT,CC,CC,CC,AA,AA,TT,TT,CG,AA,AG,AA,CC,GG,GT,CC,TT,AA,AA,TT,CC,AA,CC,GG,CC,GG,TT,AA,CT,CC,CC,CC,AA,TT,CC,AA,CC,CC,AA,TT,AA,AA,CG,CC,CC,GG,AA,AA,AA,CC,GT,CC,CC,AA,AA,GG,TT,AG,AC,GT,CT,GG,AA,TT,TT,CT,CC,AA,TT,TT,AA,TT,GG,CC,AA,CC,CC,CC,GG,AC,AA,GG,AG,CC,TT,CC,NN,TT,CG,AT,AA,AA,TT,AA,CG,AA,CC,CC,GG,GG,CC,GG,TT,AC,AG,CC,GG,AA,CC,AA,AT,GG,TT,TT,AA,GG,GT,AT,CG,AT,TT,AA,GG,AA,TT,AA,TT,CC,TT,AA,AC,TT,GG,AA,CC,GG,AC,TT,CT,TT,GG,TT,AA,AC,AG,GG,CC,CG,NN,CC,GG,AT,AG,CC,GT,GG,CC,NN,AA,GG,CG,AA,CC,AA,NN,CC,CG,AC,TT,AG,GG,AA,AC,AC,AA,AG,AA,AA,AA,TT,GG,AA,AG,AA,AA,CT,AA,AA,GG,AG,GG,TT,AT,AG,TT,NN,TT,AG,AT,GG,CG,AA,4.82,Susceptible,Medium,Poor,Medium
L0891,Mandya,Karnataka,Kharif,Red Loamy,Irrigated (Cauvery command),780,27.0,72,AC,CT,AG,GG,GG,CC,GG,AT,CC,GG,AA,CT,CC,TT,TT,TT,GG,TT,TT,AA,CC,TT,GG,CT,TT,CC,TT,TT,GG,AA,TT,CC,AA,AC,GG,CG,GG,CG,GG,CC,GT,TT,AA,TT,AA,AA,TT,TT,CC,AC,GG,AA,AG,GG,CC,GT,AA,AA,GG,CC,AA,GT,TT,AA,TT,TT,CC,GG,TT,GG,NN,GG,AC,AA,AG,AA,AT,AG,TT,TT,GG,GT,GG,AC,AA,GG,AA,AT,CC,TT,AC,TT,CC,AT,GT,GG,CT,AC,GT,CC,CC,CG,AG,AA,TT,TT,CC,AA,AG,AA,CT,GG,TT,CG,GG,AC,AA,TT,CG,GG,CG,GG,CC,GT,TT,AA,CC,CC,CC,CC,AA,TT,AC,AA,NN,CC,AA,TT,AA,AA,GG,CC,CC,GG,AA,AA,AA,CC,GG,CC,CC,AG,AA,GG,TT,GG,AA,TT,CT,GG,CC,TT,NN,CT,CG,AA,TT,TT,AA,TT,GG,CC,AA,CC,CC,CC,GG,CC,AA,GG,AA,CC,TT,CG,GG,TT,GG,TT,AA,AA,TT,CC,GG,AA,CC,CC,GG,GG,AC,CG,TT,AC,AG,CC,GG,AA,AC,AA,TT,GG,TT,AA,AA,GG,GG,TT,CC,AT,TT,AA,GG,AA,TT,AA,TT,CC,TT,AC,CC,TT,CG,AG,CC,AA,CC,TT,TT,TT,GG,TT,AA,AC,AA,GG,CC,CG,GG,CC,GG,TT,AA,CG,TT,AG,CG,CC,AA,AG,CG,AA,NN,AA,AA,CC,CC,CC,TT,AA,CG,AA,AA,AA,AA,GG,AG,AA,AA,TT,GG,AC,AA,AA,AC,TT,AA,AA,GG,GG,GG,TT,AA,AG,TT,AT,TT,GG,TT,GG,GG,AA,6.68,Resistant,Medium,Poor,Medium
L0892,Mandya,Karnataka,Kharif,Red Loamy,Irrigated (Cauvery command),780,27.0,72,AA,TT,GG,AG,GG,CC,GG,NN,CC,CG,AA,CC,CG,TT,TT,GT,GG,TT,TT,AA,CG,TT,TT,CC,TT,CC,TT,TT,GG,NN,TT,CT,AA,CC,GG,GG,GG,CG,GG,CC,TT,CT,AC,TT,AA,GG,TT,TT,CC,AC,GG,AT,AG,GG,CT,TT,AT,AC,GT,AA,AA,TT,AT,AG,TT,TT,CC,GG,TT,GG,AG,GG,CC,AA,AA,AA,AA,GG,TT,TT,GG,GG,GG,CC,AA,AG,AA,AA,NN,TT,AC,TT,CC,TT,TT,AG,CT,CC,GG,CC,CC,CC,GG,AA,TT,GT,CC,AA,GG,NN,CT,GG,TT,CC,GT,AA,AA,TT,CC,GG,CC,GG,CC,NN,NN,AG,CC,CC,CC,CC,AA,TT,CC,AA,CC,CC,AA,TT,AA,AT,GG,CC,CC,GG,GG,AA,AA,CC,NN,CC,CC,AA,AA,GG,GT,GG,AC,TT,NN,GG,AA,GT,GT,TT,CG,AA,TT,TT,AT,TT,CG,CC,AA,CT,CC,AC,CG,AC,AA,GG,AG,CC,TT,CC,GG,TT,GG,AT,AA,NN,TT,AC,NN,AC,CC,CC,GG,GG,AC,GG,TT,AC,NN,CC,GG,AA,AC,AA,AA,GT,TT,AA,TT,CG,GG,AT,CC,AT,TT,AA,GG,AA,TT,AC,TT,CC,TT,AC,CC,TT,GG,AA,NN,AG,CC,TT,TT,TT,CG,TT,AC,AA,GG,GG,CC,CG,GG,CC,GG,AT,AA,CG,TT,NN,CC,CC,AT,GG,CC,AT,CC,AA,AA,NN,CC,CC,TT,AA,GG,AA,AC,AA,AA,AG,AG,AG,AA,AT,GG,AA,AA,CC,AA,CT,AG,AA,GG,GG,GG,GT,AA,AA,TT,TT,TT,AA,TT,GG,GG,AA,5.63,Susceptible,Medium,Poor,Early
L0893,Mandya,Karnataka,Kharif,Red Loamy,Irrigated (Cauvery command),780,27.0,72,AA,TT,AG,AA,CG,GG,GG,TT,CG,CC,AA,CT,CC,TT,GG,NN,GG,TT,TT,AA,CC,TT,TT,CT,TT,CC,TT,TT,GG,AA,TT,CC,AA,CC,GG,CG,GG,CG,GG,CC,TT,CC,AA,TT,AA,GG,CT,TT,CC,AA,GT,AA,AA,GG,CC,GT,AA,AA,GT,AA,AA,GT,TT,AG,TT,TT,CC,GG,TT,GT,AG,GT,CC,AA,AG,AA,AA,NN,TT,TT,GG,GG,GG,CC,AT,GG,AA,AA,CC,GT,CC,TT,CT,TT,TT,GG,CT,AC,TT,CC,CC,CG,AG,AA,TT,GT,CC,AG,AG,AA,CT,GG,TT,CC,TT,AC,AA,TT,CC,AG,CC,AG,CC,GG,CT,AG,CT,CC,CC,CC,AA,TT,CC,AA,CC,CC,AG,AT,AA,AA,GG,CC,CC,GG,AA,AG,AA,CC,GT,CC,CC,AA,AA,GG,GT,AG,AA,GT,TT,GG,CC,TT,GT,CT,CC,AA,TT,TT,AA,AT,CG,CC,AA,CT,CC,CC,GG,CC,AA,GG,AG,CC,TT,CC,TT,TT,CG,AT,AA,AA,TT,CC,CG,AC,AC,CC,GG,GG,AA,GG,TT,AA,AA,CC,GG,AT,AC,NN,TT,GG,TT,TT,AT,CG,GG,AA,GG,AA,TT,AT,GG,AA,CT,AA,TT,CC,CC,AC,CC,CT,GG,AG,CG,GG,CC,TT,TT,TT,NN,TT,AC,AC,AA,GG,CG,CC,GG,CC,GG,AT,AG,CG,GT,GG,CG,CC,AA,GG,CC,AA,CC,AA,AA,CC,CG,AA,TT,AA,GG,AA,AA,AA,AC,AG,AA,GG,AA,TT,GG,AA,AG,NN,AA,TT,AA,AA,GG,GG,CG,GT,AA,NN,GT,TT,TT,AG,TT,GG,GG,AA,7.24,Susceptible,High,Premium,Early
L0894,Mandya,Karnataka,Kharif,Red Loamy,Irrigated (Cauvery command),780,27.0,72,AC,CT,GG,AG,CG,CC,GG,AT,CC,CC,AA,CC,CG,TT,GT,GG,GG,NN,TT,AG,CC,TT,TT,CC,TT,CC,TT,TT,GG,AA,TT,CT,NN,AC,GG,CG,GG,CG,GG,CC,TT,CT,AC,TT,AA,AG,TT,TT,CC,CC,GT,AT,AG,GG,CC,TT,AA,NN,GT,AC,AG,TT,TT,AA,CT,TT,CC,GG,TT,GT,AA,GG,CC,AA,GG,AC,AT,GG,TT,TT,GG,TT,GG,CC,AT,GG,AA,AT,CC,TT,AC,TT,CT,TT,TT,AG,TT,CC,GT,CC,CC,CC,GG,AA,TT,TT,CC,AA,AA,AA,CC,GG,TT,CC,TT,AA,AA,TT,CC,GG,CG,AG,CC,GG,CT,AA,CC,CC,CC,CC,AA,TT,CC,AA,CC,CC,AA,TT,AA,AA,CG,CT,CG,GG,AA,AA,AA,AC,GG,CC,CC,AG,AG,AG,TT,GG,AA,TT,TT,GG,CC,GT,TT,TT,NN,AT,TT,TT,AA,TT,GG,CC,GG,CC,CC,CC,GG,CC,AT,GG,AG,CC,TT,CC,GG,TT,CG,AA,AA,GG,TT,AC,CG,AA,CC,CC,GG,GG,AC,GG,TT,AA,AG,CC,GG,AA,AC,AA,AT,GT,TT,TT,AA,GG,GT,AA,GG,TT,TT,AA,GG,AA,TT,AC,TT,NN,TT,AA,CC,CT,GG,AG,CC,AG,AC,TT,TT,TT,NN,TT,AA,CC,AA,GG,CC,CG,GG,CC,GG,TT,AA,CC,TT,GG,CC,CC,NN,AG,CC,AA,CC,AA,AA,NN,CG,CC,TT,AA,CG,AA,AA,CC,AA,GG,AA,AG,AA,NN,GG,AC,AA,AC,AC,CT,AA,AA,GG,AG,GG,TT,AT,AA,GT,TT,TT,AG,AA,GG,GG,AC,6.84,Resistant,Low,Standard,Early
L0895,Mandya,Karnataka,Kharif,Red Loamy,Irrigated (Cauvery command),780,27.0,72,AA,TT,AG,AG,GG,CC,GT,TT,CC,CC,AA,CC,CC,NN,TT,GG,GG,TT,TT,AA,CC,TT,TT,CC,AT,CC,GT,TT,GT,AA,TT,CC,AA,CC,GG,NN,GG,CG,GG,CC,TT,CC,AA,TT,AG,AG,TT,AT,CC,CC,GT,AA,AA,GG,CC,TT,AA,CC,GG,AC,AA,TT,TT,AG,CC,AT,CC,GG,TT,GG,AG,GG,CC,AG,GG,AA,AA,GG,TT,TT,GG,GT,GG,CC,AT,GG,AA,AA,CG,TT,CC,GT,CC,AT,GT,GG,TT,CC,GT,CC,CC,CC,GG,AA,TT,TT,CC,AA,AA,AA,TT,GG,TT,CG,TT,AA,AA,TT,CC,AG,CG,GG,NN,GT,CT,AA,CC,CC,CC,CG,AG,TT,AC,AA,CC,NN,AA,TT,AA,AA,GG,CC,CC,GG,AA,GG,AA,AC,GT,CC,CC,AA,NN,GG,TT,GG,AA,TT,TT,GG,CC,GT,TT,TT,CC,AA,GG,TT,AA,TT,CG,CC,AG,TT,CC,CC,GG,AC,AA,GG,AG,CC,TT,CC,TT,TT,CG,AT,AA,AG,TT,CC,NN,AA,CC,CC,GG,GG,AA,CG,TT,AC,AA,CC,GT,TT,CC,AA,TT,GG,TT,TT,AT,GG,GT,AA,CC,AA,GT,AA,GG,AA,TT,AA,TT,CC,TT,AA,CC,TT,GG,AA,CC,AG,CC,TT,TT,TT,GG,TT,AC,AC,GG,GG,CC,CC,GG,CC,GG,TT,AA,CG,TT,GG,CC,CC,AA,AG,CG,NN,CC,AA,AA,AC,CC,CC,TT,AG,GG,AA,AC,AC,AA,AA,AA,AA,AA,TT,GG,AA,AA,AA,AA,CT,AA,AA,GG,GG,GG,GT,AA,AA,GT,TT,TT,AG,TT,GG,GG,AA,7.39,Moderate,High,Poor,Medium
L0896,Mandya,Karnataka,Kharif,Red Loamy,Irrigated (Cauvery command),780,27.0,72,AC,CT,GG,AG,GG,CC,GG,AT,CC,CG,AA,CC,CG,TT,GT,GG,GG,TT,TT,AA,CC,GT,GT,CT,TT,CC,TT,TT,GT,AA,TT,CC,AA,CC,GG,GG,GG,CG,GG,AC,TT,CT,AA,TT,AA,AA,CT,AT,CC,AC,GG,AT,AA,GG,CC,TT,AA,CC,TT,AC,AG,TT,AT,AA,TT,TT,CC,GG,TT,TT,AA,GG,AC,AG,AG,AA,AT,AG,TT,TT,GG,GG,TT,CC,AA,GG,AA,AA,CC,TT,AC,TT,CT,TT,TT,GG,TT,CC,TT,CC,CC,CG,AA,AA,TT,TT,CC,AA,AA,AA,CT,GG,TT,CC,GT,AC,AA,TT,CC,GG,CC,GG,CC,GG,CT,AA,CC,CC,CC,CC,AA,NN,CC,AA,CC,CT,AA,TT,AA,AA,GG,CC,CC,GG,AA,AA,AT,CC,GT,CC,CC,AA,AG,GG,GT,GG,CC,TT,CT,AG,AC,TT,TT,TT,CG,AA,TT,CT,AA,TT,GG,CC,AG,CT,CC,CC,GG,AC,AA,GG,GG,CC,TT,CC,TT,TT,CG,AT,AA,AA,TT,AA,CC,AA,CC,CC,GG,GG,AA,GG,TT,AA,AA,CC,GG,AA,CC,AA,AA,GT,TT,AT,NN,CG,GT,AA,CC,AT,GT,AA,GG,AA,CT,AA,TT,CC,TT,AA,CC,CC,GG,AA,CG,GG,CC,AT,TT,GT,GG,TT,AA,AC,AA,GT,CC,CG,GG,CC,GG,AA,AA,CC,GT,GG,CC,CC,AA,GG,CC,AT,CC,AA,AA,AC,CG,CC,TT,AA,GG,AA,AA,AC,AA,GG,AG,AA,AA,AT,GG,AC,GG,AC,AA,CC,AA,AG,GG,GG,GG,TT,AA,AG,TT,TT,TT,GG,AT,GG,GG,AA,5.6,Susceptible,Low,Poor,Medium
L0897,Mandya,Karnataka,Kharif,Red Loamy,Irrigated (Cauvery command),780,27.0,72,CC,TT,NN,AG,GG,CG,GG,TT,CC,CC,AT,CC,GG,TT,TT,GG,GG,NN,TT,AA,CC,GT,TT,CC,NN,CC,TT,TT,GG,AA,TT,CT,AA,CC,GG,GG,GG,CC,NN,CC,TT,CT,AA,TT,AA,AG,TT,TT,CC,AC,GG,AA,AG,GG,CT,TT,AA,AC,GT,AA,AA,TT,AT,AA,TT,TT,CC,GT,TT,GT,AA,GG,CC,AA,GG,AC,AT,GG,TT,TT,GG,GG,GT,AC,AA,GG,AA,AT,CC,TT,CC,TT,CT,TT,TT,GG,TT,AC,GG,CC,CT,CC,GG,AG,TT,TT,CC,AA,AG,AA,CC,GG,TT,CC,TT,AA,AA,AT,CC,GG,CC,GG,CC,GG,TT,AA,CC,CC,AC,NN,AA,GT,CC,AA,CC,TT,AA,TT,AA,AT,GG,CT,CC,GG,NN,GG,AA,CC,GG,CC,CC,AA,AG,AG,TT,GG,AA,GT,CT,GG,AC,TT,GT,TT,CC,AT,GT,TT,AA,AT,GG,CC,AA,CT,CC,CC,CC,CC,AA,GG,AG,CC,TT,CC,GG,GT,CG,TT,AA,AA,TT,CC,GG,NN,CC,CC,GG,GG,AA,GG,TT,AA,AA,CC,GT,AA,CC,AT,AT,GG,TT,TT,AA,GG,GT,AA,CG,TT,NN,AA,GG,AA,CT,AA,TT,CC,TT,AA,CC,TT,GG,AG,CC,AG,CC,TT,TT,GT,GG,TT,AA,CC,AA,GG,CC,CG,GG,CG,GG,AT,AA,CC,GT,GG,CC,CC,AT,GG,CC,AA,CC,AA,AA,CC,CC,CC,NN,AA,GG,AA,AC,AC,AA,GG,AA,AG,AA,TT,GG,AA,AA,CC,AC,TT,AA,AG,GG,GG,GG,GT,AA,AA,TT,TT,TT,AA,AA,GG,GG,NN,7.73,Resistant,Medium,Standard,Early
L0898,Mandya,Karnataka,Kharif,Red Loamy,Irrigated (Cauvery command),780,27.0,72,AC,CT,AG,AG,GG,CC,GT,AT,CC,GG,AA,CC,CG,TT,TT,GG,GG,TT,TT,AA,CC,TT,GT,CC,AT,CC,TT,TT,GG,AA,TT,CC,AA,CC,GG,GG,GG,CC,GG,CC,TT,TT,AA,TT,AA,AA,TT,TT,CC,CC,GG,AA,AG,GG,CC,GT,AA,AA,TT,AA,AA,TT,AT,AA,TT,AT,CC,GG,TT,GG,AA,GG,CC,AA,GG,AA,AA,GG,GT,TT,NN,GG,GG,CC,AA,GG,AA,AA,CC,GG,CC,TT,CC,TT,GT,GG,TT,AC,TT,CC,TT,CG,AG,AA,TT,TT,GG,AA,AG,AC,CT,GG,GT,CG,GT,AA,AC,TT,CC,GG,CC,AG,CC,GG,CT,AG,CC,CC,CC,CC,AA,GT,CC,AA,AC,CT,AA,TT,AG,AA,NN,CT,CC,GG,AA,AG,AA,CC,GT,CC,CC,AA,AA,GG,TT,GG,AC,TT,TT,GG,CC,GT,TT,CC,CC,AA,TT,TT,AA,TT,GG,CC,AA,CT,CC,CC,CG,CC,AA,GG,AA,NN,TT,CG,GG,GT,GG,AT,AA,AA,TT,CC,GG,AA,NN,CC,GG,GG,AC,GG,TT,AA,AA,CC,GG,AA,AC,AA,AA,GG,TT,AT,AA,GG,GG,NN,CC,TT,GT,AA,GG,AA,CT,AC,TT,CG,TT,AA,CC,TT,GG,AG,CC,AG,AC,TT,TT,GG,GG,AT,AC,AC,AA,GT,CC,CG,GG,CC,GG,AT,AG,CC,TT,GG,CC,CC,AT,GG,CC,AA,CC,AA,AA,AC,CG,AC,AT,AA,GG,AA,AA,AC,AA,AG,AA,AA,AA,AA,GG,AC,AG,CC,NN,CT,AA,AG,GG,GG,GG,TT,AA,AA,TT,TT,TT,AG,AT,GG,GG,AA,7.45,Susceptible,Medium,Poor,Late
L0899,Mandya,Karnataka,Kharif,Red Loamy,Irrigated (Cauvery command),780,27.0,72,AA,TT,GG,AA,GG,CC,GG,TT,CC,CG,AA,CC,CG,TT,TT,GG,GG,TT,AT,AA,CC,TT,GG,CC,TT,CT,TT,AT,GG,AA,TT,CC,AA,CC,NN,CG,GG,CG,GG,CC,TT,CT,AA,TT,AA,AG,TT,TT,CC,CC,GG,AA,AA,CG,CT,GT,AA,AC,GT,AA,AA,TT,AT,AA,TT,TT,CC,GG,TT,GG,AG,GG,CC,AA,GG,AA,AT,AG,TT,TT,GG,GG,GG,CC,AT,GG,AA,AT,CC,TT,CC,TT,CT,TT,TT,GG,CT,CC,GT,CC,CT,CG,GG,AA,TT,TT,CC,AA,AA,AA,CC,GT,TT,CC,GT,AA,AA,TT,CC,GG,CC,GG,CC,GT,TT,AA,CC,CG,CC,CC,AA,TT,AC,AA,CC,CC,AA,TT,AA,AA,GG,CC,CC,GG,AA,AA,AA,CC,GG,CC,CC,AG,AA,GG,TT,GG,AC,TT,TT,GG,CC,TT,GT,TT,CC,AT,TT,TT,AA,TT,GG,CC,AG,CC,AC,AC,GG,CC,AA,GG,AA,CC,TT,CC,GG,GT,CG,AT,AA,AG,TT,CC,GG,AA,CC,CG,GG,GG,AA,GG,TT,AA,AA,CC,GT,AA,CC,NN,AT,GT,TT,TT,AA,CG,GT,AA,CC,AT,TT,AA,GG,AA,TT,AA,TT,CC,TT,AA,CC,CT,GG,GG,CC,AG,CC,TT,TT,GT,GG,TT,AA,AA,AG,GG,CC,CG,GG,CC,GG,AT,AA,CC,TT,GG,CC,CC,AT,AG,CC,AT,CC,AT,AA,CC,CG,AC,TT,AA,GG,AA,AA,CC,AA,GG,NN,AG,AA,TT,CG,AA,AA,AC,AA,CT,AA,AA,GG,GG,GG,TT,AA,AA,TT,AT,TT,GG,AT,GG,GG,AA,8.94,Susceptible,Low,Premium,Medium
L0900,Mandya,Karnataka,Kharif,Red Loamy,Irrigated (Cauvery command),780,27.0,72,AA,TT,GG,NN,CC,CC,GG,TT,CC,CG,AA,CT,CC,AT,TT,GT,GG,TT,TT,AA,CC,GT,GT,CC,TT,CT,TT,TT,GG,AA,CT,CC,AA,CC,GG,GG,GG,NN,GG,CC,TT,NN,AA,TT,AG,AA,TT,TT,CC,AC,GG,AT,AA,GG,CC,TT,AT,CC,GT,AA,AA,TT,AA,AG,TT,AA,CC,GG,TT,GT,AG,GG,CC,AA,AG,AC,AA,AG,TT,TT,GG,GG,GG,CC,AA,GG,AA,AT,CC,TT,CC,TT,CC,TT,GT,AG,TT,CC,GT,CC,CT,CC,GG,AA,TT,TT,CC,AA,AG,NN,CT,GG,TT,CC,TT,AA,AC,TT,CC,GG,CC,AG,CC,TT,TT,AA,CT,CC,CC,CC,AA,TT,CC,AA,CC,CC,AA,TT,NN,AA,CG,CC,CC,GG,AA,AG,AA,CC,GG,CC,CC,AA,AA,AG,TT,GG,AA,TT,CC,GG,NN,TT,TT,TT,CG,AT,TT,TT,AA,TT,GG,CC,AG,TT,CC,AC,CG,CC,AA,GG,GG,CC,TT,CC,GG,TT,GG,TT,AA,AA,NN,CC,GG,AC,AA,CC,GG,GG,AA,GG,TT,AC,AA,CG,GG,AT,CC,AA,TT,GT,TT,TT,AA,CG,GT,AT,CC,AT,GT,AT,GG,AG,TT,AA,TT,CC,NN,AA,CC,TT,GG,AA,CC,AG,CC,TT,CT,TT,GG,TT,AA,AC,AG,GT,CC,CG,GG,CC,GG,AT,AA,CG,GT,GG,CG,CG,AA,GG,CC,NN,CC,NN,AA,CC,CG,AA,TT,AA,GG,AA,AA,CC,AA,AG,GG,AG,AA,AT,GG,AA,AA,CC,AA,TT,AA,AA,GG,GG,GG,NN,AA,AA,GT,TT,TT,AA,TT,GG,GG,AA,7.72,Susceptible,High,Poor,Late
L0901,Mandya,Karnataka,Kharif,Red Loamy,Irrigated (Cauvery command),780,27.0,72,CC,CC,AA,AG,GG,CG,GT,TT,CC,CC,AA,CC,CG,TT,TT,GG,GG,TT,TT,AA,CC,TT,GT,CC,TT,CC,TT,TT,GG,AA,CT,CT,AA,CC,GG,CG,GG,CC,GG,CC,TT,CT,AA,GT,AA,AG,CT,TT,CC,AC,GG,AA,AG,GG,CT,TT,AA,AA,TT,AC,AA,GT,AT,AA,TT,AT,CC,GG,TT,GG,AA,GG,CC,AA,AG,AA,AT,AG,GT,TT,AG,GG,GG,CC,AA,GG,AA,AA,CC,TT,CC,GT,TT,TT,TT,AG,TT,CC,GT,TT,CC,CC,AG,AA,TT,TT,CC,AA,AG,AC,CC,GG,TT,CC,TT,AA,AA,AA,CC,AG,CC,GG,CC,GG,TT,AA,CC,CC,CC,CG,AA,TT,CC,AA,CC,CT,AA,AT,AA,AA,GG,CT,CC,GG,AA,AA,AA,CC,GG,CC,CC,AG,AA,GG,TT,GG,AC,GT,TT,GG,CC,GG,GT,TT,GG,AA,TT,TT,AA,TT,GG,CC,AA,CT,CC,AC,GG,CC,AA,GG,AA,CC,GT,CC,NN,TT,GG,AT,AA,AG,TT,CC,GG,AC,CC,CC,GG,GG,AC,GG,TT,AA,AA,CC,GG,AA,CC,AT,AT,GT,TT,AT,AA,GG,GG,AT,CC,TT,GT,AA,GG,AA,TT,AC,TT,CC,CT,AA,CC,CT,CG,AG,CC,GG,AA,TT,TT,GT,GG,TT,AC,CC,AA,GG,CC,CC,CG,CC,GG,AT,AA,CC,TT,GG,CC,CG,AA,GG,CG,AA,CC,AA,AA,CC,CG,AC,TT,AA,GG,AA,AC,AA,AA,AG,AA,AA,AA,TT,GG,AA,AA,AA,AC,CC,AA,AA,GG,GG,GG,TT,AA,AG,TT,TT,TT,AG,TT,GG,GG,AA,8.48,Susceptible,Medium,Standard,Medium
L0902,Mandya,Karnataka,Kharif,Red Loamy,Irrigated (Cauvery command),780,27.0,72,AA,CT,GG,GG,GG,CC,GT,TT,CC,CC,AT,CC,CC,TT,TT,GG,GG,TT,TT,AA,CC,TT,GT,CC,TT,CC,TT,AT,GG,AA,TT,CT,AA,CC,GG,CC,GG,GG,GG,CC,TT,CC,AC,TT,AA,AG,NN,TT,CC,AC,GT,AA,AA,GG,TT,TT,AA,AA,GT,AA,AA,NN,TT,AA,TT,TT,CC,GG,TT,GT,GG,GG,CC,AA,AG,AA,AT,AG,GT,TT,GG,GG,GG,CC,AA,GG,AA,AT,CC,GT,CC,TT,CC,AT,TT,AG,CT,CC,TT,CC,CC,CC,GG,AA,AT,TT,CC,AA,AA,AA,CC,GG,GT,CC,GT,AA,AA,TT,CC,GG,CC,GG,CT,GT,CT,AA,CC,CC,CC,CC,AG,NN,CC,AA,CC,CC,AA,TT,AA,AA,GG,CC,CC,GG,GG,AG,AA,AC,GG,CC,CC,AA,AA,GG,TT,GG,AA,TT,CT,GG,AA,TT,GT,TT,CC,AA,GT,TT,AA,AT,GG,CC,AA,CT,CC,CC,GG,CC,AA,GG,AG,CC,TT,CG,GT,GT,GG,TT,AG,AA,TT,CC,GG,AA,NN,CG,GG,AG,AC,GG,TT,AC,AA,CC,GG,AT,CC,AA,AT,GG,TT,TT,AA,CG,GG,AT,CC,TT,TT,AA,GG,AA,TT,AA,TT,CC,TT,AA,CC,TT,CG,GG,CC,GG,CC,TT,TT,GT,GG,TT,AC,CC,AA,GG,CC,CG,GG,CC,GG,AT,AA,CC,TT,GG,CG,CC,AA,AG,CG,AT,CC,AA,AA,CC,CC,AC,TT,AA,GG,AA,AC,AC,AC,AG,AA,AA,AA,TT,GG,AC,AA,AC,AA,TT,AA,AG,GG,GG,GG,TT,AT,AA,GT,TT,TT,AG,AT,GG,GG,AA,6.79,Susceptible,Medium,Poor,Medium
L0903,Mandya,Karnataka,Kharif,Red Loamy,Irrigated (Cauvery command),780,27.0,72,AA,CT,GG,AG,GG,CC,GT,TT,CC,NN,AA,CT,CC,TT,TT,GT,GG,NN,TT,AA,CG,TT,GT,CT,TT,CC,TT,AT,GG,AA,TT,CC,AA,AC,AG,CG,GG,GG,GG,CC,NN,CT,AA,GT,AA,AG,TT,AT,CC,AC,GT,AA,AG,CG,CT,TT,AA,AA,GG,AA,AG,TT,TT,AG,CT,TT,CC,GG,TT,GT,AA,GG,AC,AA,GG,CC,AT,GG,TT,TT,GG,GG,GG,CC,AA,NN,AA,AT,CC,GG,AC,TT,CC,TT,TT,GG,NN,CC,TT,CC,CC,CG,AG,AA,AT,TT,CC,AA,AA,AA,CT,GG,TT,CG,GT,AA,AA,TT,CC,GG,CC,GG,CC,GG,TT,AA,CC,CC,CC,CC,AA,TT,CC,AA,CC,CT,AA,AT,AG,AA,GG,CT,CC,GG,AA,AG,AT,CC,GG,CC,CG,AA,AG,GG,TT,AA,AA,TT,CT,GG,CC,TT,TT,TT,CC,AA,TT,TT,AA,TT,CG,CC,AG,CC,AC,CC,CG,CC,AT,AG,GG,CC,TT,CC,GT,GT,GG,AT,AA,AG,TT,CC,CG,AA,CC,CC,GG,GG,AC,GG,TT,AC,AA,CC,GG,AA,AC,AA,AA,GG,TT,AT,TT,GG,GT,AT,CC,AT,TT,AA,GG,AA,TT,AA,TT,CC,TT,AA,CC,CT,CG,GG,CC,AA,CC,TT,TT,GG,GG,TT,AA,CC,AG,GG,CC,CC,GG,CC,GG,AT,AA,CG,GT,AG,CC,CG,AA,GG,CG,AT,CC,AT,AA,CC,CG,AC,TT,NN,GG,NN,AC,AC,AA,AG,GG,AA,AA,TT,GG,AC,AG,CC,AA,TT,AA,AA,GG,GG,GG,TT,AT,AA,GT,TT,TT,AG,TT,GG,GG,AA,7.58,Susceptible,Low,Standard,Early
L0904,Mandya,Karnataka,Kharif,Red Loamy,Irrigated (Cauvery command),780,27.0,72,CC,CT,GG,AG,GG,CC,GG,AT,CC,CG,AA,CC,CC,AT,GT,GG,GG,TT,TT,AA,CC,GT,GT,CC,AA,CC,TT,TT,GG,AA,TT,CC,AA,CC,GG,GG,GG,CC,GG,CC,TT,TT,AA,GT,AA,AG,CT,AT,CC,CC,GT,AA,AA,GG,TT,TT,AA,AC,GT,AA,AA,TT,AT,AA,TT,TT,CC,GG,TT,GG,AA,GG,AC,AA,AG,AC,AA,GG,TT,TT,GG,GG,GG,CC,AA,GG,AA,AA,CC,GT,CC,TT,CT,TT,TT,GG,TT,AC,TT,CC,CC,CG,AA,AA,TT,TT,CC,AA,AG,AA,CT,GT,NN,CC,TT,AA,AA,TT,CC,GG,CC,GG,CC,GT,TT,AG,CC,CC,CC,CC,AA,TT,CC,AA,CC,CC,AA,AT,GG,AA,GG,CC,CC,GG,AA,AG,AA,CC,GG,CC,CC,AA,AA,GG,TT,GG,AC,TT,CT,AG,CC,GT,GT,TT,CC,AT,GG,CT,AA,TT,GG,CC,AG,CC,CC,CC,GG,CC,AA,GG,AA,CC,TT,CG,GT,GT,GG,TT,AA,AG,TT,CC,GG,AA,CC,CC,GG,GG,AA,CG,TT,AA,AA,CC,GG,AA,CC,AA,AA,GG,TT,TT,AT,GG,GG,AA,CC,AT,TT,AA,GG,AA,TT,AA,TT,CG,TT,AA,CC,TT,GG,AG,CC,GG,CC,TT,CT,TT,GG,TT,AA,AA,AA,GG,CC,CC,GG,CG,GG,AT,AA,CG,TT,GG,CG,CC,AA,GG,CC,AA,CC,NN,AA,AC,GG,AC,TT,AA,GG,AA,AA,AA,AA,AG,AA,AA,AA,AT,CG,AA,AA,AC,AA,CT,AA,AG,GG,GG,GG,GT,AA,AA,GT,TT,TT,GG,TT,GG,GG,AA,6.83,Susceptible,Low,Standard,Late
L0905,Mandya,Karnataka,Kharif,Red Loamy,Irrigated (Cauvery command),780,27.0,72,CC,TT,GG,AG,GG,CC,GG,TT,CC,CC,AA,CC,CG,AT,TT,GG,GG,TT,TT,AG,CC,TT,TT,CT,NN,CT,TT,TT,GT,AC,CT,CC,AA,CC,AG,GG,GG,CC,GT,CC,TT,CT,AA,GT,AA,GG,TT,NN,CC,AC,GG,AA,GG,GG,CT,TT,AA,AA,GG,AA,AA,NN,AT,AA,TT,TT,CC,GG,CC,GT,AA,GG,CC,AA,AG,AC,AT,GG,TT,TT,GG,GG,GG,CC,AA,GG,AA,AT,CC,GT,CC,TT,CC,AT,TT,GG,TT,CC,TT,CC,CC,CC,AG,AA,TT,TT,CG,AA,AG,AA,CC,GG,GT,CC,GT,AC,AA,AT,CG,AG,CC,NN,CC,GT,TT,AA,CC,CC,CC,CC,AA,TT,CC,AA,CC,CC,AA,TT,AA,AA,CG,CC,CC,GG,AA,AG,AA,CC,GG,CC,CC,AA,AG,GG,GT,GG,AC,TT,CT,GG,CC,TT,TT,TT,CC,AA,TT,CT,AA,TT,CG,CC,AG,CT,CC,CC,GG,AC,AA,GG,AA,CC,TT,CC,GT,TT,CC,AT,AA,AA,TT,CC,GG,AC,CC,CC,CG,GG,AA,GG,TT,AA,AA,CC,GG,AA,AC,AA,AT,GG,TT,TT,AT,CG,GT,AT,CC,TT,TT,AA,GG,AA,TT,AA,TT,CC,CT,CC,CC,TT,GG,AA,CC,AA,CC,TT,TT,GG,GG,TT,AA,AC,AA,GG,CC,CC,GG,CC,GG,AT,AG,CC,GT,AG,CC,CC,AA,GG,CC,AA,CC,AA,AA,AC,CC,CC,AT,AG,NN,AA,AA,AA,AA,AG,AA,AA,AA,TT,CG,AA,AA,CC,AC,TT,AA,AA,CG,GG,CG,TT,AA,AA,TT,TT,TT,AA,TT,GG,CG,AA,6.18,Susceptible,Medium,Premium,Medium
L0906,Mandya,Karnataka,Kharif,Red Loamy,Irrigated (Cauvery command),780,27.0,72,AA,TT,GG,AG,GG,GG,GG,TT,CC,CG,AA,CC,CG,TT,TT,GG,CG,TT,TT,AA,CC,GT,TT,CT,TT,CC,TT,TT,GG,AA,TT,CT,AA,CC,GG,GG,GG,CC,GG,CC,TT,CT,AA,TT,AG,AG,TT,TT,CC,AC,GG,AA,AA,GG,CT,TT,AA,AA,TT,AA,AA,GT,AT,AG,TT,TT,CC,GG,TT,GT,AG,GG,CC,AA,AG,AA,AT,AG,TT,TT,GG,GG,GG,CC,AA,GG,AA,AA,CC,GT,CC,TT,CC,AA,TT,NN,TT,CC,GT,CC,CT,CG,GG,AA,TT,TT,CG,AA,AG,AA,CC,GG,TT,CC,GT,AC,AA,TT,CC,AG,CC,NN,CC,TT,TT,AA,CC,CC,CC,CC,AA,TT,CC,AA,CC,CC,AA,TT,AA,AT,CG,CC,CC,GG,AA,AA,AA,AC,GT,CC,CC,AA,AA,GG,GT,GG,AC,TT,TT,AG,AC,GT,GT,CT,CG,AT,GT,TT,AA,TT,CG,CC,AA,TT,CC,CC,GG,CC,AA,GG,AA,NN,TT,CC,GT,GT,CG,TT,AA,AA,TT,AC,GG,AA,CC,CC,GG,GG,AC,NN,TT,AC,AA,CC,GG,AA,CC,AA,AA,GG,GT,AT,AT,CG,GG,AA,CG,AA,TT,AA,GG,AA,TT,AA,TT,CC,CT,AC,CC,TT,GG,AA,CG,AA,CC,TT,TT,GT,GG,TT,AA,CC,AG,GG,NN,CC,GG,CC,GG,AT,AA,CC,GG,GG,CC,CC,AA,AG,CC,AT,CC,AA,AA,AC,CG,CC,AT,AA,GG,AA,AA,AC,AA,GG,GG,NN,AA,AT,GG,AA,AA,CC,AC,CT,AG,AA,GG,AA,GG,TT,AA,AA,TT,TT,TT,GG,TT,GG,GG,AA,6.93,Susceptible,High,Poor,Early
L0907,Mandya,Karnataka,Kharif,Red Loamy,Irrigated (Cauvery command),780,27.0,72,AC,TT,AG,AA,GG,CG,GG,TT,NN,CC,AT,CC,CG,TT,TT,GG,GG,AT,TT,AA,CC,GT,TT,CC,NN,CC,TT,TT,GT,AA,TT,CT,AG,CC,GG,GG,GG,CC,GG,CC,TT,TT,AC,GT,AG,GG,TT,TT,CC,AC,GG,AA,AG,GG,CC,GT,AA,AA,GT,AA,AA,TT,TT,AA,TT,TT,CC,GG,TT,GG,AG,GG,CC,AA,GG,AC,AT,AG,TT,TT,GG,GG,GG,CC,AA,GG,AA,AA,CC,TT,CC,GT,CT,TT,TT,GG,TT,CC,TT,CC,CT,CC,AA,AA,TT,TT,CG,AA,AG,AA,CT,GG,TT,CC,TT,AA,AA,TT,CC,GG,CC,GG,CC,GG,TT,AG,CC,CC,CC,CC,AA,TT,CC,AA,CC,CT,AA,TT,AA,AA,GG,CT,CC,GG,AA,AG,AA,AC,NN,CC,CC,AA,AA,GG,GT,GG,AA,GT,CT,GG,AC,GT,TT,TT,CC,AA,GT,TT,AA,TT,GG,CC,AA,CT,NN,CC,GG,CC,AA,GG,GG,CC,TT,CC,GG,TT,GG,TT,AA,AA,GG,CC,GG,AA,AC,CC,GG,GG,CC,CG,TT,AA,AA,CC,GG,AT,AC,AA,NN,GG,GT,AT,AT,GG,GT,AT,CC,AT,TT,AA,GG,AA,TT,AA,TT,CC,TT,AA,CC,TT,GG,AG,CC,AA,AC,TT,CC,GT,GG,TT,AA,AC,AA,GG,NN,CC,GG,CC,GG,AT,AA,CC,TT,GG,CC,CC,AA,GG,CC,TT,CG,AA,AA,AC,CG,AC,TT,AA,GG,AA,AA,AC,AA,GG,AG,AA,AA,TT,CG,AA,AG,CC,AA,CT,AA,AA,GG,GG,GG,TT,AA,AA,NN,TT,TT,AA,TT,GG,GG,AA,5.42,Susceptible,High,Premium,Early
L0908,Mandya,Karnataka,Kharif,Red Loamy,Irrigated (Cauvery command),780,27.0,72,AC,TT,AA,GG,GG,CC,GG,AT,CC,CC,AT,CC,CG,AT,TT,GG,GG,AT,TT,AG,CC,TT,GT,CT,AA,CC,TT,TT,GT,AA,TT,CC,AA,CC,GG,GG,GG,GG,GG,CC,TT,TT,AA,TT,AG,AG,TT,AT,CC,CC,GG,AA,AG,GG,CC,GG,AA,AC,GG,AA,AA,TT,TT,AG,TT,AT,CC,GG,TT,GG,AG,GG,CC,AA,GG,AA,AT,GG,TT,TT,GG,GG,GG,CC,AA,GG,AA,AA,CC,GT,CC,TT,CC,TT,NN,GG,TT,CC,NN,CC,CC,CC,GG,AA,TT,TT,CC,AA,AG,AA,CC,GG,TT,CC,TT,AC,AA,TT,CC,GG,CC,GG,CC,GG,TT,AG,CC,CC,CC,CC,AA,TT,CC,AA,CC,CT,AA,AT,AA,AA,CG,CC,CC,GG,AG,AG,AA,CC,GG,CC,NN,AA,AG,GG,TT,AG,AC,TT,CT,GG,CC,TT,GT,TT,CC,AA,GG,TT,AT,TT,CG,CC,AA,CC,CC,CC,CG,CC,AA,GG,AA,CC,TT,CC,GG,TT,GG,AT,AA,AA,TT,CC,GG,AA,CC,CC,GG,GG,AC,CG,TT,AA,AA,CC,GG,AA,CC,AA,AA,GG,TT,AT,AA,GG,GT,AA,CC,AT,NN,NN,GG,AA,TT,AA,TT,CC,TT,AA,CC,CT,GG,AG,CG,AG,CC,TT,TT,TT,GG,AT,AA,CC,AA,GG,CC,CG,GG,CC,GG,TT,AA,CC,GT,GG,CC,CC,AA,AA,CC,AT,CG,AT,AA,CC,CG,AA,TT,AA,CG,AA,AA,AC,AC,GG,AA,AA,AA,TT,NN,AC,AG,AA,AA,TT,AA,AA,GG,GG,GG,TT,AA,AG,TT,TT,TT,AA,TT,GG,GG,AA,7.77,Moderate,Medium,Premium,Early
L0909,Mandya,Karnataka,Kharif,Red Loamy,Irrigated (Cauvery command),780,27.0,72,AC,TT,GG,GG,GG,CC,TT,TT,CC,GG,AA,CC,CG,TT,TT,GG,CG,TT,NN,AA,CC,TT,GT,CT,TT,CC,TT,TT,GG,AA,TT,CC,AA,CC,GG,GG,GG,CC,GG,CC,TT,CT,CC,TT,AA,NN,TT,NN,CC,AC,GG,AA,AG,GG,CT,GT,AA,AA,GG,AA,AA,TT,TT,AG,TT,AT,CC,GG,TT,NN,AG,GG,CC,AA,AG,CC,AT,GG,TT,TT,GG,GT,GT,CC,AT,GG,AA,AA,CC,TT,AC,TT,CT,TT,TT,GG,TT,CC,TT,CC,CC,CG,AG,AA,TT,TT,CC,AA,AG,AA,CT,GG,TT,CC,GT,AA,AC,TT,CC,GG,CC,AG,CC,GG,TT,AA,CT,CC,CC,CC,AA,GT,AC,AA,CC,NN,AA,TT,AA,AA,GG,CC,CC,AG,AG,AA,AA,AC,GG,CC,CG,AA,AA,GG,TT,GG,AA,TT,CT,GG,CC,TT,TT,TT,CG,AA,GT,TT,AA,TT,GG,CC,AA,CT,CC,CC,CC,CC,AA,GG,AA,CC,TT,CC,GG,TT,GG,TT,AA,AA,TT,AA,GG,AA,CC,CC,GG,GG,AC,GG,TT,AA,AA,CC,GG,AA,AC,AA,AT,GG,GT,TT,AA,CG,GG,AT,CC,TT,TT,AA,GG,AA,CT,AA,TT,CG,CT,AA,CC,CT,NN,AA,CG,GG,AA,TT,CT,TT,GG,TT,AC,CC,AG,GT,CC,CG,GG,CC,GG,AT,AA,CC,TT,GG,CC,CC,AA,GG,CC,AA,CC,AA,AA,CC,CG,AC,TT,AA,CG,AA,AC,AC,AA,AG,AA,AA,AA,AT,GG,AC,AA,AC,AC,TT,AA,AG,GG,AA,GG,TT,AA,AA,GT,TT,TT,GG,TT,GG,CG,AA,7.24,Moderate,High,Standard,Medium
L0910,Mandya,Karnataka,Kharif,Red Loamy,Irrigated (Cauvery command),780,27.0,72,AA,CT,GG,AG,GG,CG,GT,TT,CC,CC,AA,CC,CG,TT,TT,GG,GG,TT,TT,AA,NN,TT,TT,CC,TT,CC,TT,TT,GT,AA,CC,CT,AA,CC,GG,CG,GG,CC,GG,AC,TT,TT,AA,TT,AA,GG,TT,TT,CC,CC,GG,AT,AA,GG,CC,TT,AA,AC,GG,AC,AA,TT,AA,AG,CT,TT,CC,GG,TT,TT,AG,GT,CC,AA,GG,AC,AA,AG,TT,TT,GG,GG,GG,CC,AA,GG,AA,AT,CC,TT,AC,TT,CC,TT,TT,GG,CT,AC,TT,CC,CT,CC,AG,AA,AT,TT,CC,AG,AG,AA,CC,GG,GT,CC,TT,AA,AA,TT,CG,GG,CG,GG,CT,GT,TT,AG,CT,CC,CC,CC,AA,TT,CC,AA,CC,CC,AG,AT,AA,AA,GG,CC,CC,GG,AA,AG,AA,CC,GG,CC,CC,AG,AG,GG,TT,GG,AC,TT,CT,AG,AC,GT,TT,TT,CG,AA,GT,TT,AA,AT,GG,CC,AG,CT,CC,CC,CG,AC,AA,GG,AA,CC,TT,CC,GG,GT,GG,TT,AA,AG,TT,CC,GG,AA,CC,CC,GG,GG,AA,GG,TT,AA,AG,CC,GT,AA,AC,AA,AA,GG,TT,TT,AA,GG,GT,AT,CC,AT,NN,AA,GG,AA,TT,AA,TT,CC,CT,AC,CC,NN,GG,AG,CC,AA,CC,TT,TT,GT,GG,TT,AA,AA,GG,GG,CC,CC,GG,CC,GG,TT,AG,CC,TT,GG,CC,CG,AA,GG,CG,AA,CG,AA,AA,AC,CC,CC,TT,AA,GG,AA,NN,CC,AA,GG,AA,AA,AA,TT,GG,AA,AA,CC,AA,CT,AA,AA,GG,GG,GG,TT,AA,AA,GT,TT,TT,GG,AT,GG,GG,AA,6.26,Susceptible,High,Standard,Medium
L0911,Mandya,Karnataka,Kharif,Red Loamy,Irrigated (Cauvery command),780,27.0,72,AA,TT,GG,AG,GG,CG,GG,AT,CC,CC,AA,CC,CG,TT,TT,GG,GG,TT,NN,AG,CC,TT,TT,CC,TT,CC,TT,TT,GG,AA,TT,CC,AA,CC,GG,GG,GG,CG,GG,CC,TT,TT,AA,TT,GG,AG,TT,TT,CC,AA,GG,NN,AA,GG,CC,GT,AT,AA,GT,AC,AG,TT,TT,AA,TT,TT,CC,GG,TT,GG,AA,GG,CC,AA,GG,AC,AA,GG,TT,TT,GG,GT,GG,CC,AA,GG,AA,AA,CC,GT,AC,TT,CC,TT,TT,GG,CC,CC,GT,CC,CT,CC,AA,AA,TT,TT,CC,AA,AA,AC,CC,GG,TT,CC,TT,AC,AA,TT,CC,GG,CC,GG,CT,TT,CT,AA,CC,CC,CC,NN,AA,TT,CC,AA,CC,CC,AA,AT,AA,AA,GG,CC,CC,GG,AA,GG,AA,CC,GG,NN,CC,AA,AA,GG,TT,GG,AC,GT,TT,GG,AC,GT,GT,CT,CC,AT,GT,TT,AA,NN,GG,CC,AA,CT,AC,AC,CG,CC,AA,GG,AG,CC,TT,CC,GT,NN,GG,AT,AA,AG,TT,CC,GG,AA,AA,CC,GG,GG,AC,GG,TT,AC,AA,CC,GG,AT,CC,AA,AT,GG,TT,TT,AA,GG,GT,AT,CG,AT,TT,AA,GG,AA,TT,AA,TT,CG,TT,AA,CC,TT,GG,AA,CG,AG,AC,TT,CT,GT,GG,AT,AA,AC,AA,GG,CC,CG,GG,CC,GG,TT,AA,CG,NN,GG,CC,CC,AA,AG,CC,AA,CC,AA,AA,AC,CG,AC,TT,AA,CG,AA,AC,AA,AA,AA,AG,AG,AA,TT,GG,AA,GG,AA,AA,TT,AA,AA,NN,GG,GG,NN,AA,NN,TT,TT,TT,AA,TT,CC,GG,AA,9.59,Susceptible,Medium,Poor,Late
L0912,Mandya,Karnataka,Kharif,Red Loamy,Irrigated (Cauvery command),780,27.0,72,NN,TT,NN,NN,CG,CC,GG,TT,CC,CG,AA,CC,CC,TT,GT,GT,NN,TT,TT,AA,CC,TT,GT,CT,TT,CC,TT,TT,GG,AA,TT,CT,AA,CC,GG,GG,GG,CC,GG,CC,TT,CC,AA,TT,AG,AG,TT,NN,CC,AC,GG,AA,AA,GG,CC,TT,AT,AA,TT,AC,AA,TT,AT,AG,TT,TT,CC,NN,NN,GG,AA,GG,CC,AA,GG,AA,AT,AG,TT,TT,GG,TT,GG,CC,AA,GG,AA,AT,CC,TT,AC,TT,CC,AT,GT,AG,TT,CC,GT,CT,CT,CG,GG,AA,TT,TT,CC,AA,AA,AA,CC,GG,GT,CC,TT,AC,AA,TT,CC,GG,CC,GG,CC,GG,NN,AA,CT,CC,CC,CC,AA,GT,CC,AA,CC,CC,AA,TT,AA,AA,GG,CC,CC,GG,AA,AG,AA,CC,GG,CC,CG,AG,NN,GG,TT,NN,AA,TT,CT,GG,CC,TT,TT,TT,CC,AA,GT,TT,AT,TT,GG,CC,AA,CC,CC,AC,GG,CC,AA,GG,AA,CC,TT,CC,GG,GT,GG,TT,AA,AA,TT,CC,GG,CC,CC,CC,GG,GG,AA,GG,TT,AC,AA,CC,GG,AA,CC,AA,AA,GG,TT,TT,AA,GG,TT,AA,CC,AT,GT,AA,GG,AA,TT,AA,TT,CG,TT,AA,CC,TT,GG,GG,CC,AG,CC,TT,CC,GT,GG,TT,AA,CC,AG,GG,CC,CC,GG,CC,GG,TT,AA,CC,TT,GG,CC,CC,AA,AG,CC,AT,CG,AA,AA,AC,CG,AC,TT,AA,GG,NN,AA,AC,AA,GG,AA,AA,AA,AT,GG,AA,AG,AC,AC,TT,AA,AA,GG,GG,GG,GT,AA,AA,TT,TT,TT,AG,TT,GG,GG,AA,8.49,Moderate,Medium,Poor,Early
L0913,Mandya,Karnataka,Kharif,Red Loamy,Irrigated (Cauvery command),780,27.0,72,AA,TT,GG,AG,GG,CC,GT,TT,CC,CG,AT,TT,CC,TT,TT,NN,CG,NN,TT,AG,CG,TT,TT,TT,TT,CC,TT,TT,GG,AA,CT,NN,AA,CC,GG,NN,GG,GG,GG,CC,TT,CC,AC,TT,AA,GG,TT,TT,CC,AA,GG,AA,AG,GG,CC,TT,AA,AC,TT,AA,AA,TT,TT,AA,TT,AA,CC,GG,TT,GT,AA,GT,AC,AA,AG,AC,AA,GG,TT,CT,GG,GT,GT,NN,AA,GG,AA,AA,CC,TT,AC,GT,NN,AT,TT,GG,TT,AC,GT,CC,CC,GG,GG,AA,TT,GT,CC,AA,AA,AA,CT,GG,GT,CC,TT,AA,AA,AT,CG,GG,CG,AG,CC,TT,TT,AA,CC,CC,CC,CC,AA,TT,AC,AA,CC,CC,AA,TT,AA,AA,CG,CC,CC,GG,AA,AG,AA,CC,GG,CC,CC,AA,AG,GG,TT,AG,AA,GT,TT,GG,CC,TT,GT,TT,CC,AA,GT,TT,AA,AT,CG,CC,AA,CT,CC,CC,CG,CC,AA,GG,AA,CC,TT,CC,GG,GT,GG,AT,AA,AA,TT,NN,GG,AA,CC,CC,GG,GG,AC,GG,TT,AA,AA,CC,GG,AA,CC,AT,AA,GG,TT,AA,AT,NN,GT,AT,CG,TT,TT,AA,GG,AA,TT,AA,TT,CC,CT,AC,CC,TT,GG,AG,CC,AA,CC,TT,CT,TT,GG,TT,AA,AC,AA,GT,CC,CC,GG,CC,GG,TT,AA,CC,TT,GG,CC,CC,AT,AG,CC,AA,CC,AA,AA,AC,CG,AC,TT,AA,GG,AA,AC,CC,AA,AA,AG,AG,AA,TT,GG,AA,AA,CC,AC,TT,AA,AA,GG,GG,GG,TT,AT,AA,TT,TT,TT,GG,TT,CG,CG,AA,5.63,Resistant,High,Premium,Late
L0914,Mandya,Karnataka,Kharif,Red Loamy,Irrigated (Cauvery command),780,27.0,72,AC,TT,GG,AG,GG,CC,GG,AA,CC,CC,AA,CC,CG,NN,TT,GG,CC,TT,TT,AA,CC,GT,GT,TT,TT,CC,TT,TT,GG,AA,TT,CT,AA,CC,AG,GG,GG,CC,GG,CC,TT,TT,AA,NN,AG,AG,TT,TT,CC,AA,GG,AT,AA,GG,CC,TT,AA,AA,GT,AA,AA,TT,AT,AA,CC,TT,CC,GG,TT,TT,AA,GG,CC,AA,GG,AA,TT,GG,TT,TT,GG,GG,GG,CC,AA,GG,AA,AA,CG,TT,CC,TT,CC,AT,GT,GG,CT,CC,TT,CC,CC,CC,GG,AA,TT,TT,CC,AA,AG,AA,CT,GG,TT,CC,TT,AC,AA,TT,CG,GG,CG,AG,CC,GG,CT,AA,CC,CC,CC,CC,AG,GT,CC,AA,CC,CC,AA,TT,AA,AA,GG,TT,CC,GG,AA,AA,AT,AC,GG,CC,CC,AA,AA,AG,GT,GG,AA,TT,CT,GG,AA,TT,GG,CT,CG,AT,TT,TT,AA,TT,CG,CC,NN,CT,AC,CC,CG,CC,AA,GG,AG,CC,TT,CC,GT,TT,GG,AA,AA,AG,TT,CC,GG,AA,AA,CC,GG,NN,AA,GG,TT,AA,AG,CC,GT,AA,CC,AA,AA,GG,TT,AT,AT,GG,GG,AA,CC,TT,TT,AA,GG,AA,TT,AA,TT,CC,TT,AA,CC,TT,GG,AG,CC,AA,AC,AT,TT,GT,GG,TT,AA,CC,AA,GG,CC,CC,GG,NN,GG,AT,AA,CC,TT,GG,CG,CC,AA,GG,CC,AT,CC,AA,AG,CC,CC,CC,TT,AA,GG,AA,AA,AC,AA,GG,AA,AG,AA,TT,GG,AC,AG,AC,AC,CT,AA,AG,CC,GG,GG,TT,AA,AG,TT,TT,TT,AA,AT,GG,GG,AA,7.44,Susceptible,Low,Poor,Medium
L0915,Mandya,Karnataka,Kharif,Red Loamy,Irrigated (Cauvery command),780,27.0,72,AA,TT,AG,AG,GG,CG,GG,TT,CC,CC,AT,CC,GG,TT,GT,GG,CC,TT,AT,AA,CC,GT,TT,CC,TT,CC,GT,TT,NN,AA,TT,CC,AA,CC,AG,GG,GG,CC,GG,CC,TT,CC,AA,TT,AA,GG,TT,TT,CC,AC,GG,AT,AA,GG,CT,TT,AA,AC,TT,CC,AA,TT,AT,AG,TT,AT,CC,GG,TT,GG,AG,GT,CC,AA,GG,AA,AT,AG,TT,TT,GG,GT,GG,CC,AA,GG,AA,AA,CC,GT,CC,TT,CT,AT,TT,GG,TT,AC,GT,CC,CT,CG,AG,AA,TT,TT,CG,AA,GG,AA,TT,GG,TT,CC,TT,AC,AA,TT,CC,AG,CC,AG,CC,GT,TT,AG,CT,CC,CC,CC,AA,TT,CC,AA,CC,CC,AA,TT,AA,AA,GG,CC,CC,GG,AA,AA,AA,CC,GG,CC,CC,AG,AG,GG,TT,AG,AA,TT,TT,GG,AC,TT,TT,TT,CC,AA,GT,TT,AA,AT,GG,CC,AG,CT,CC,CC,GG,NN,AA,GG,AA,CC,TT,CC,GG,GT,CG,AT,AA,AA,TT,CC,GG,AA,NN,CC,GG,GG,AA,GG,TT,AC,AG,CC,GT,AA,AC,AA,AT,GG,TT,TT,AA,CG,TT,TT,CC,TT,NN,AA,GG,AA,TT,AA,TT,CC,CT,AC,CC,CT,GG,AA,CG,GG,CC,TT,TT,GG,GG,TT,AA,AC,AA,GG,CC,CG,GG,CC,GG,AT,AA,CC,TT,GG,CC,CC,AA,GG,CC,AA,CC,AA,AA,AA,GG,CC,TT,AA,GG,AA,AA,AC,AC,GG,AA,AA,AA,AT,GG,AA,GG,CC,AA,TT,AG,AA,GG,AG,GG,TT,AA,AA,GT,TT,TT,AA,AT,GG,GG,AA,4.76,Susceptible,High,Premium,Late
L0916,Mandya,Karnataka,Kharif,Red Loamy,Irrigated (Cauvery command),780,27.0,72,CC,TT,AG,AA,GG,CC,GG,AT,CC,CC,AA,CT,CC,TT,TT,GG,CG,TT,TT,AA,CC,GT,TT,CT,TT,CC,TT,TT,GG,AA,TT,CT,AA,CC,GG,GG,GG,GG,GG,CC,TT,CT,AA,TT,AA,AG,TT,TT,CC,AA,GT,AT,AA,GG,CC,GT,AA,AC,GT,AA,AA,TT,AT,AG,CT,TT,CC,GG,TT,GG,AA,GG,CC,AA,AG,AA,AA,GG,TT,TT,GG,GT,GG,CC,AA,GG,AA,AA,CC,GT,CC,TT,NN,TT,TT,GG,CT,CC,GT,CC,CT,CG,GG,AA,AT,TT,CG,AA,AA,AC,CC,GG,TT,NN,TT,AA,AA,TT,CC,AG,CC,GG,CC,GG,TT,AG,CT,CC,CC,CC,AA,TT,AC,AA,CC,CC,AA,TT,AA,TT,GG,CT,CG,GG,AA,GG,AA,AC,GT,CC,CC,AA,AA,GG,TT,AG,AC,TT,CT,GG,CC,GT,TT,CT,CG,AA,TT,CT,AA,TT,GG,CC,AG,CC,CC,CC,GG,CC,AA,GG,AA,CC,TT,CC,GT,GT,CG,AT,AA,AG,GT,CC,CG,AA,CC,CC,GG,GG,AC,GG,TT,AC,AA,CC,GG,AA,CC,AT,AA,GG,TT,AT,TT,GG,GG,AA,CC,TT,GT,AA,GG,AA,TT,AC,TT,CC,TT,AA,CC,TT,GG,GG,CG,AA,AC,TT,TT,GT,NN,AT,CC,AC,AA,GT,CC,CG,GG,CC,GG,AT,AA,CG,GT,GG,CC,CC,AT,AA,CG,AA,CC,AA,AA,AC,CC,AC,TT,AA,GG,AA,AA,AC,AC,AG,AA,AG,AA,TT,GG,AA,AA,AA,AC,CT,AA,AA,GG,GG,GG,TT,AA,AG,GT,TT,TT,AA,AT,GG,GG,AC,7.98,Moderate,Medium,Standard,Medium
L0917,Mandya,Karnataka,Kharif,Red Loamy,Irrigated (Cauvery command),780,27.0,72,AC,TT,GG,AG,GG,CC,GT,AT,CC,CG,AA,CC,CC,TT,TT,GG,CG,TT,TT,AA,CC,TT,GT,CC,TT,CC,TT,TT,GG,AA,TT,CC,AA,CC,GG,GG,GG,CC,GG,CC,GT,CT,AC,TT,AG,AG,TT,AT,CC,CC,GG,AT,AG,GG,CT,GT,AT,AA,GT,NN,AG,GT,AT,AG,TT,AT,CC,GG,TT,TT,AA,GT,CC,AA,GG,AA,AT,GG,TT,TT,NN,GG,GG,AC,AT,GG,AA,AT,CC,GT,AC,TT,NN,TT,GG,GG,TT,AC,NN,CC,CT,CC,AG,AA,TT,TT,CC,AA,AG,AC,CT,GG,TT,CC,TT,AA,AA,TT,NN,GG,CC,GG,CC,GG,CT,AA,CC,CC,CC,CC,AA,TT,CC,AA,CC,CC,AA,NN,AA,AT,GG,CC,CC,GG,AA,AG,AA,CC,GG,CC,CC,AA,AG,GG,TT,GG,AC,GT,TT,GG,AC,GT,GT,TT,CC,AA,TT,TT,AA,TT,CG,CC,AA,CT,AC,CC,CG,CC,AA,NN,AA,CC,TT,CC,GT,TT,GG,AT,AA,AG,TT,CC,CG,AA,AC,CC,GG,NN,AA,GG,TT,AA,AG,CC,GG,AT,CC,AA,AT,GG,GT,AT,NN,GG,TT,AA,CC,TT,TT,AA,NN,AA,TT,AA,TT,CC,TT,AA,CC,TT,CG,AA,CC,GG,CC,TT,TT,GT,CG,TT,AC,AC,NN,GG,CC,CG,GG,CC,GG,TT,AA,CC,GT,GG,CG,CC,AA,GG,CC,AT,CC,AA,AA,CC,CC,CC,TT,AA,GG,AA,AA,CC,AA,AA,AG,AG,AA,TT,GG,AA,AA,AC,AA,CT,AG,AA,GG,GG,GG,GT,AA,AA,TT,TT,TT,AG,TT,GG,GG,AC,5.09,Resistant,Low,Poor,Early
L0918,Mandya,Karnataka,Kharif,Red Loamy,Irrigated (Cauvery command),780,27.0,72,AC,TT,GG,AA,GG,CC,GT,TT,CC,CC,AA,CC,CC,TT,TT,GG,GG,TT,TT,AA,NN,GT,TT,CT,TT,CC,TT,TT,GT,AA,TT,CC,AA,CC,GG,GG,GG,CG,GG,AC,TT,CT,AA,TT,AG,GG,TT,TT,CC,CC,GG,AA,AG,GG,CC,TT,AT,AA,GG,AA,AA,TT,AT,AG,TT,TT,CC,GG,TT,GG,AA,GT,CC,AA,GG,AA,AT,AG,TT,TT,NN,TT,GG,CC,AA,GG,AA,AA,CC,GT,CC,TT,CC,TT,TT,GG,TT,AC,TT,CC,CT,CG,AA,AA,TT,TT,NN,AA,AG,AA,CC,GG,TT,GG,GT,AA,AA,TT,CG,AG,CC,GG,CC,GT,CT,NN,CC,CC,CC,CC,AA,NN,CC,AA,CC,CC,AA,TT,AA,AA,GG,TT,CC,GG,AA,AA,AA,CC,GG,CC,CC,AA,AG,GG,TT,AG,AA,TT,CT,GG,AA,NN,TT,TT,CC,AA,TT,CT,AT,AT,GG,CC,AG,CT,CC,CC,CG,CC,AA,GG,AA,CC,TT,CG,GG,TT,CC,AA,AA,AA,TT,CC,GG,AA,CC,CG,GG,AG,AA,GG,TT,AC,AA,CC,GG,AA,AC,AA,AA,GG,TT,AT,AA,GG,GT,AA,CC,NN,TT,AA,GG,AA,TT,AA,TT,CC,CT,AA,CC,CT,GG,AA,CG,AG,CC,TT,CT,GT,GG,TT,AA,AC,AG,GG,CG,CG,GG,CC,GG,TT,AA,CG,GT,GG,CC,CC,AA,AA,CG,AT,CC,AA,AA,CC,CC,CC,TT,AA,GG,AA,AA,AC,AA,GG,AA,AA,AA,TT,GG,AA,AG,CC,AC,TT,AA,AA,GG,GG,GG,TT,AA,AA,TT,TT,TT,AA,TT,GG,GG,AA,4.98,Susceptible,Low,Poor,Medium
L0919,Mandya,Karnataka,Kharif,Red Loamy,Irrigated (Cauvery command),780,27.0,72,AC,CT,GG,AG,GG,CC,GG,TT,CC,CG,AA,CT,CC,TT,TT,GG,CG,TT,TT,AA,CG,GT,TT,CC,TT,CC,TT,TT,GG,AA,TT,CT,AA,CC,GG,GG,GG,CC,GG,CC,TT,CC,AA,TT,AG,GG,TT,AT,CC,AC,GT,AA,AA,GG,CT,TT,AA,AA,GT,AC,AA,TT,TT,GG,CT,TT,CC,GG,TT,GG,AG,GG,CC,AA,AG,AC,AA,GG,TT,TT,GG,GT,GT,CC,AA,GG,AA,AA,CC,TT,CC,TT,CC,TT,GT,GG,CT,CC,TT,CC,TT,CG,AG,AG,AT,TT,CC,AA,GG,AA,CC,GG,TT,CC,TT,AA,AC,TT,CC,GG,CC,GG,CC,GT,TT,AA,CC,CC,CC,CC,NN,TT,CC,AA,CC,CC,AA,TT,AA,AA,GG,CC,CC,GG,AA,AG,AA,AC,GG,CC,CG,AA,AA,GG,TT,GG,AC,TT,TT,GG,CC,GT,TT,TT,CC,AA,GT,TT,AA,TT,GG,CG,AA,TT,CC,CC,CG,AC,AA,GG,AG,CC,TT,CG,GT,GT,GG,AT,AA,AG,TT,CC,GG,AA,CC,CC,GG,GG,AA,CG,TT,AA,AA,CC,GG,AT,AC,AA,AA,GG,TT,AT,AT,GG,GT,AT,CC,AT,GT,AA,GG,AA,CC,AA,TT,CC,CT,AA,CC,TT,NN,AA,CC,AA,CC,TT,TT,NN,CG,TT,AA,CC,AA,GG,CC,CG,GG,CC,GG,AT,AA,CC,TT,GG,CC,CC,AA,GG,CG,AA,CG,AA,AA,AC,CG,CC,TT,AA,GG,AT,AA,AA,AA,AG,AG,AG,AA,TT,GG,AA,AA,AC,AC,CT,AA,AG,GG,GG,GG,TT,AT,AA,TT,TT,TT,AA,AT,GG,GG,CC,9.57,Resistant,High,Standard,Late
L0920,Mandya,Karnataka,Kharif,Red Loamy,Irrigated (Cauvery command),780,27.0,72,AA,TT,NN,AG,CG,CC,GG,TT,CC,GG,AA,CT,CG,TT,TT,GG,GG,TT,TT,AA,CC,GT,GG,CT,TT,CC,GT,AT,GG,AA,TT,CC,AA,NN,AG,GG,GG,CG,GT,CC,TT,CT,AA,TT,AG,GG,TT,AT,CC,AC,GT,AT,AA,GG,CT,TT,AA,AA,TT,AC,AA,GT,TT,AA,TT,TT,CC,GG,TT,GG,AG,GG,CC,AA,GG,AA,NN,GG,TT,TT,GG,GT,NN,CC,AA,GG,AA,AA,CC,GT,CC,TT,CT,TT,TT,GG,TT,AC,GT,CC,CC,CG,AG,AG,TT,TT,CC,AA,AA,AA,CC,GG,TT,CC,TT,AC,AA,TT,CG,AG,CC,GG,CC,GG,TT,AA,CC,CC,CC,CC,AA,TT,CC,AA,CC,CC,AA,AA,AA,AT,GG,CC,CC,GG,AA,AG,AA,CC,GT,CC,CC,AA,AA,GG,TT,AG,AA,GT,NN,GG,AA,GT,GT,TT,CC,AA,GG,TT,AA,TT,GG,NN,AG,CC,CC,CC,GG,CC,AA,GG,AG,CC,TT,CG,GG,GT,CG,AT,AA,AA,TT,CC,CG,AA,CC,CC,GG,GG,AA,CG,TT,AC,AA,CC,GG,AA,AA,AA,AA,GT,TT,TT,AA,NN,GT,AA,CG,AT,TT,AA,GG,AA,TT,AC,TT,CC,TT,AC,NN,CT,CG,AA,CC,AG,CC,TT,TT,GT,NN,TT,AA,AC,AG,GG,CC,CC,GG,CC,GG,TT,AA,CC,GT,GG,CC,CC,AA,GG,CG,AA,CC,AT,AA,CC,GG,AC,TT,AA,GG,AA,AA,AC,AA,AG,AG,AA,AA,TT,CG,AC,AA,AC,AA,TT,AA,AA,GG,GG,GG,TT,AA,AG,GT,TT,TT,AA,AT,GG,GG,AA,6.24,Susceptible,Medium,Standard,Early
L0921,Mandya,Karnataka,Kharif,Red Loamy,Irrigated (Cauvery command),780,27.0,72,AC,TT,GG,AA,GG,CC,GT,TT,CC,CC,AA,CC,CC,AT,GT,GG,GG,TT,TT,AA,CC,GT,GT,TT,TT,CC,GT,TT,GG,AA,TT,CT,AG,CC,GG,GG,GG,CC,GG,CC,TT,TT,AA,TT,AA,AG,TT,TT,CC,AA,GG,AA,AA,GG,TT,GT,AA,AA,TT,AA,AA,TT,AT,AA,TT,AA,CC,GG,TT,GG,AA,GT,AC,AA,GG,CC,AT,GG,TT,TT,GG,GG,GG,CC,AA,GG,AG,AA,CC,GT,CC,TT,TT,TT,TT,GG,TT,AC,GT,CC,CT,CG,AG,AA,TT,TT,CC,AA,AG,AA,CC,GG,NN,CC,TT,AA,AA,TT,CG,AG,CC,AG,CT,GG,TT,AA,CC,CC,NN,CC,AG,TT,CC,AA,CC,CC,AA,TT,AA,AA,GG,CC,CC,GG,AA,AA,AA,CC,TT,CC,CG,AA,AG,AG,TT,AG,AA,TT,TT,GG,AC,TT,TT,TT,CC,AA,TT,TT,AA,AT,CG,CC,AG,TT,CC,CC,CG,CC,AA,GG,NN,CC,TT,CG,GG,TT,GG,AA,AA,AA,TT,CC,CG,AC,AC,CC,GG,GG,AC,NN,TT,AA,AA,CC,NN,AA,CC,AA,AA,GG,TT,TT,AA,GG,TT,TT,CC,TT,GT,AA,GG,AA,TT,AA,TT,CC,TT,AC,AC,TT,GG,AA,CG,AG,AC,TT,TT,TT,GG,TT,AA,CC,AG,GG,CC,CG,GG,CC,GG,AA,AG,CG,GG,AG,CC,CC,AT,GG,CC,AA,CC,AA,AA,AC,CC,AC,TT,AA,CG,AA,AA,AA,AC,AG,AA,AA,AA,TT,GG,AA,AA,CC,AA,CC,AA,AA,GG,AG,GG,TT,AA,AA,TT,TT,TT,AA,AT,GG,CG,AA,4.24,Susceptible,High,Poor,Late
L0922,Mandya,Karnataka,Kharif,Red Loamy,Irrigated (Cauvery command),780,27.0,72,AA,TT,GG,AG,GG,CC,GG,TT,CC,CC,AA,CC,CC,AT,TT,GT,GG,TT,TT,AA,CC,TT,GT,CC,TT,CC,TT,TT,GT,AA,TT,CC,AA,CC,GG,GG,GG,CG,GG,CC,TT,TT,AA,GG,AA,GG,TT,TT,CC,AC,GT,AA,AG,GG,CC,TT,AA,AC,GT,AA,AA,TT,TT,AG,TT,TT,CC,GG,CT,GG,AA,GG,CC,AA,GG,AC,AA,GG,TT,TT,GG,TT,GG,CC,AA,NN,AA,AT,CC,TT,AA,TT,CC,TT,GT,GG,CT,AC,TT,CC,CC,CC,AG,AA,TT,TT,CC,AA,AG,AC,CC,GG,TT,CC,TT,AA,AA,AT,CC,GG,CC,AG,CT,GG,TT,AA,TT,CC,CC,CC,AA,TT,CC,AA,CC,CC,AA,AT,AA,AA,GG,CC,CC,AG,AG,AG,AA,AC,GG,CC,CC,AA,AA,GG,TT,AA,AA,TT,TT,AG,CC,GT,TT,TT,CG,AA,TT,CT,AA,AT,GG,CC,GG,CT,CC,CC,CG,CC,AA,GG,AG,CC,GT,CC,GG,TT,GG,TT,AA,AG,TT,CC,CC,AA,CC,CC,GG,GG,AC,CG,TT,AA,AA,CC,GT,AA,CC,AA,AA,GT,TT,TT,AT,CG,GG,AT,CC,AT,TT,AA,GG,AG,TT,AC,TT,NN,TT,AC,CC,TT,GG,AG,CC,GG,CC,TT,TT,TT,GG,TT,AC,CC,AA,GG,CG,CC,GG,CC,GG,AT,AA,CG,TT,GG,CC,CC,AT,GG,CG,AA,CC,AA,AG,CC,CC,CC,TT,AA,GG,AA,AA,AA,AA,AG,AA,AG,AA,TT,GG,AC,AG,CC,AC,CC,AA,AA,GG,GG,CG,GT,AT,AA,GG,TT,TT,AG,TT,GG,CG,AA,9.35,Susceptible,High,Premium,Early
L0923,Mandya,Karnataka,Kharif,Red Loamy,Irrigated (Cauvery command),780,27.0,72,AC,TT,GG,AG,CG,CC,GT,TT,CC,CC,AA,TT,CG,TT,GT,GG,CG,TT,TT,AA,CC,GT,GT,CT,AT,CC,TT,TT,GG,AA,TT,CC,AA,CC,GG,CG,GG,GG,GG,CC,TT,CT,AA,TT,AA,AG,TT,TT,CC,CC,GG,AA,AG,GG,CT,TT,AA,AA,GG,AC,AG,TT,AT,AA,TT,TT,CC,GG,TT,GG,AA,GG,CC,AA,AG,AC,AA,GG,GG,TT,GG,GG,GG,CC,AT,GG,AA,AA,CC,TT,CC,TT,CC,TT,GG,GG,TT,CC,TT,CC,CT,CC,AG,AA,TT,TT,CC,AA,AA,AC,CC,GG,TT,NN,TT,AA,AA,TT,CC,AG,CC,GG,CC,GG,TT,AA,CC,CC,CC,CC,AA,TT,CC,AA,CC,CC,AG,TT,AA,AA,CG,CC,CC,GG,AA,AG,AA,AC,GG,CC,CG,AA,AA,GG,GG,GG,AC,TT,TT,GG,AC,TT,TT,CT,CC,AA,GG,TT,AT,TT,GG,CC,AG,CT,CC,AC,GG,CC,AA,GG,GG,CC,TT,CC,GG,GT,GG,AT,AA,AA,TT,CC,GG,AC,CC,CC,GG,GG,AA,GG,NN,AC,NN,CC,GG,AA,AA,AA,AT,TT,NN,AA,TT,GG,GG,AT,CC,AT,GT,AA,GG,AA,CC,AC,AT,CC,TT,AA,CC,CT,CG,AG,CC,AA,CC,TT,NN,GT,NN,TT,AA,AC,AG,GG,CC,CC,GG,CC,GT,AA,AA,CC,TT,GG,CC,CG,AA,GG,CG,AA,CC,AA,AA,CC,CC,CC,AT,AA,GG,AA,AA,AC,AA,AG,AG,AA,AA,TT,GG,CC,AA,CC,AA,TT,AA,AG,GG,GG,GG,TT,AA,AA,GT,TT,TT,AA,AT,GG,GG,AA,6.96,Susceptible,Medium,Poor,Early
L0924,Mandya,Karnataka,Kharif,Red Loamy,Irrigated (Cauvery command),780,27.0,72,AC,TT,GG,AG,GG,CC,GG,TT,CC,CC,AA,CC,CC,TT,TT,GT,GG,TT,TT,AA,CC,TT,TT,CC,TT,CC,GT,AT,GT,AA,TT,CC,AA,CC,GG,NN,GG,CC,GG,CC,TT,TT,AA,TT,AA,GG,TT,AT,CC,CC,GG,AA,AA,CG,CC,GG,AA,AC,GT,AC,AA,TT,AT,AA,CC,TT,CC,GG,TT,GG,AG,GG,CC,AA,GG,AC,AA,AG,TT,TT,AG,GT,GG,CC,AA,GG,AA,AA,CC,TT,AC,TT,CT,TT,GT,GG,TT,AC,TT,CC,CT,CG,AG,AA,TT,TT,CC,AA,AA,AC,CC,GG,TT,CG,TT,AA,AA,AT,CC,AG,CG,GG,CC,GG,CC,AA,CC,CC,AC,CC,AA,TT,CC,AA,CC,CC,AA,TT,AA,AA,CG,CC,CC,GG,AA,AG,AT,CC,GT,CC,CC,AA,AA,GG,TT,GG,AC,GT,CT,GG,AC,TT,GG,TT,CG,AA,TT,TT,AA,TT,GG,CC,AA,CC,CC,AC,CG,CC,AA,GG,AA,CC,TT,CC,GT,TT,GG,AT,AA,AA,TT,AA,GG,AA,CC,CC,GG,GG,AC,GG,TT,CC,AA,NN,GG,AA,AC,AT,AT,GG,TT,TT,AA,GG,GT,AT,CC,TT,TT,AA,GG,AA,CT,AA,TT,CC,TT,AA,CC,CT,GG,AA,CG,GG,CC,AT,CT,TT,GG,AT,AA,CC,AA,GG,CC,CG,GG,CC,GG,AT,AA,CG,GT,GG,CC,CC,AA,GG,GG,AA,CC,AA,AG,CC,CG,CC,AT,AA,GG,AA,AA,AA,AA,AG,AA,AG,NN,AT,GG,AC,AA,CC,AA,TT,NN,AA,GG,GG,GG,TT,AT,AA,TT,TT,TT,AA,AT,GG,GG,AA,5.19,Resistant,Low,Premium,Early
L0925,Mandya,Karnataka,Kharif,Red Loamy,Irrigated (Cauvery command),780,27.0,72,CC,CT,GG,AA,GG,CC,GT,AT,CC,CC,AT,CT,CC,TT,GT,GG,NN,TT,TT,AA,CC,NN,TT,CC,TT,CC,TT,TT,GG,AA,TT,CC,NN,CC,AG,GG,GG,CC,GG,CC,TT,TT,AA,TT,AA,AG,TT,TT,CC,AC,GT,AA,AA,GG,CC,TT,AA,AA,GT,AC,AA,TT,TT,AG,TT,AT,CC,GG,CT,GG,AA,GG,CC,AA,AG,AC,AT,GG,TT,TT,GG,GT,TT,CC,AA,GG,AA,AA,CC,GT,AC,GT,CC,TT,TT,GG,TT,CC,GT,CC,CC,CC,GG,AA,TT,TT,CC,AA,AA,AA,CC,GG,TT,CC,TT,AA,AA,TT,CC,GG,CC,AG,CT,GT,TT,AA,CT,CC,CC,CC,AA,TT,CC,AA,CC,CC,AG,TT,AA,AA,CG,CC,CC,GG,AA,AA,AA,AC,GT,CC,CC,AG,AG,GG,TT,GG,AA,TT,TT,AA,AC,GT,GT,TT,CC,AT,TT,TT,AT,AT,GG,CC,AG,TT,CC,NN,CG,CC,AA,GG,AG,CC,TT,CC,TT,GT,GG,AT,AA,AA,GT,AC,GG,AA,CC,CC,GG,GG,AC,GG,TT,AC,AA,CC,GG,TT,AC,AA,AT,GT,TT,AT,AA,GG,GT,AA,CC,TT,GT,AA,GG,AA,CC,AA,TT,CC,CC,AA,CC,TT,GG,AA,CG,AG,NN,TT,TT,TT,GG,TT,CC,AC,AG,GT,CC,CG,CG,CC,GT,TT,AA,CC,TT,GG,CC,CC,AA,GG,CC,AA,CC,AT,AA,CC,CC,AC,TT,AA,GG,AA,AA,AC,AA,NN,AG,AA,AA,TT,GG,AA,AA,AA,AC,CC,AA,AA,CG,GG,GG,TT,AA,AG,TT,TT,TT,AA,TT,GG,GG,AA,5.41,Susceptible,High,Standard,Late
L0926,Mandya,Karnataka,Kharif,Red Loamy,Irrigated (Cauvery command),780,27.0,72,AC,TT,GG,AG,GG,CC,GT,TT,CC,CG,AA,CC,CG,AT,TT,GG,GG,TT,TT,AG,CC,TT,TT,CC,TT,CC,GT,TT,GG,AA,TT,CC,AA,CC,AG,CG,GG,CG,GG,CC,TT,CT,AA,TT,AA,AG,CT,TT,CG,AC,GG,AA,AA,GG,CC,TT,AA,AC,GG,CC,AA,GT,TT,AA,TT,TT,CC,GG,TT,GG,AA,GG,CC,AA,GG,AA,AT,AG,TT,TT,GG,GG,GT,CC,AT,GG,AA,AA,CC,GT,AC,GT,CT,TT,TT,GG,TT,CC,TT,CC,CC,CC,AG,AA,TT,GT,CG,NN,AG,AC,CT,GG,TT,CC,TT,AC,AA,TT,CC,GG,CC,GG,CC,GG,TT,AA,CT,CC,CC,CC,AG,NN,CC,AA,CC,CC,AA,AT,AA,AT,CG,CC,CC,GG,GG,AA,AT,CC,GG,CG,CC,AG,AA,GG,TT,GG,AC,TT,TT,GG,AA,TT,GG,TT,CC,AT,GG,TT,AA,AT,GG,CC,AA,CT,CC,CC,CG,AC,AA,GG,AG,CC,TT,CC,GT,TT,GG,AA,AA,AA,TT,CC,GG,AC,CC,CG,GG,GG,AA,GG,TT,AC,AA,CC,GG,TT,CC,AT,AT,GG,TT,AT,AA,CG,GT,AA,GG,AT,TT,AA,GG,AA,TT,AA,NN,CC,CT,AC,CC,CT,CG,GG,CC,AG,CC,TT,TT,TT,GG,TT,AA,CC,AG,GG,CC,CG,GG,CC,GG,AT,AA,CG,TT,GG,CC,CC,AA,AG,CC,AT,CC,AA,AA,AC,CC,AC,TT,AA,CG,AA,AA,AC,AA,AG,AG,AA,AA,TT,CG,AA,AA,AC,AA,TT,AA,AA,GG,GG,GG,TT,NN,AG,TT,TT,TT,GG,TT,GG,CG,AA,4.89,Susceptible,High,Poor,Early
L0927,Mandya,Karnataka,Kharif,Red Loamy,Irrigated (Cauvery command),780,27.0,72,CC,TT,AG,AA,GG,CC,GG,AT,CC,CC,AA,CC,CC,TT,TT,GG,CG,TT,TT,AA,CC,TT,TT,CC,AT,CC,TT,NN,GG,AA,TT,CT,AA,AC,GG,CG,GG,GG,GG,CC,TT,TT,AA,TT,AA,AG,CT,AT,CC,AC,GG,AA,AG,GG,CT,GG,AT,AA,GT,AA,AA,GT,TT,AG,TT,TT,CC,GG,TT,GG,AA,GG,CC,AA,GG,AC,AT,GG,TT,TT,GG,GG,GG,CC,AT,GG,AA,AA,CC,GT,CC,TT,CC,TT,GT,GG,TT,AC,GT,CC,CT,CC,AG,AA,TT,TT,CC,AA,AA,AC,CC,GG,TT,CC,GT,AC,NN,TT,GG,GG,CG,GG,CC,GT,CT,AA,CC,CC,CC,CC,AA,TT,CC,AA,CC,CC,AA,TT,AA,AT,GG,CT,CC,GG,AG,AG,AT,CC,GG,CC,CC,AA,AA,GG,GG,AG,AC,GT,TT,GG,AC,TT,TT,TT,CC,AA,TT,TT,AA,TT,GG,CC,AG,CC,CC,CC,CG,CC,AA,GG,AA,CC,TT,CC,GG,TT,GG,TT,AA,AA,TT,CC,CG,AC,CC,CC,GG,GG,AC,CG,TT,AA,AA,CC,GG,TT,AC,AA,AA,GT,TT,TT,AT,CG,TT,AA,CG,TT,GT,AA,GG,AA,CC,AA,TT,CC,TT,AC,AC,NN,GG,AG,CC,AG,CC,TT,TT,TT,GG,AA,AA,CC,AA,GG,CC,CC,GG,CC,GG,AT,AA,CC,GT,GG,CC,CC,AA,GG,CC,AA,CG,AA,AA,NN,CC,CC,TT,AA,NN,AA,AA,AA,AA,GG,GG,AG,GG,TT,CG,AA,AA,CC,AA,CC,AA,AA,GG,GG,GG,TT,AA,AA,GT,TT,TT,GG,TT,GG,CG,AA,8.62,Susceptible,Low,Poor,Late
L0928,Mandya,Karnataka,Kharif,Red Loamy,Irrigated (Cauvery command),780,27.0,72,AA,TT,GG,AG,GG,CC,GG,AT,CC,CG,AA,CT,GG,TT,TT,GT,GG,TT,TT,AA,CC,TT,TT,CC,AT,CC,TT,TT,GG,AA,TT,CT,AA,CC,GG,GG,GG,CC,GG,CC,TT,TT,AA,GT,AA,GG,TT,AT,CG,AA,GG,AA,AG,GG,CT,TT,AA,AA,GT,AC,AA,TT,TT,AG,CT,TT,CC,GG,TT,GG,AA,GG,CC,AG,GG,AA,AA,GG,TT,TT,GG,GG,GG,CC,AA,GG,AA,NN,NN,NN,CC,TT,CC,TT,GT,GG,CT,AA,TT,CC,CT,CC,AG,NN,TT,TT,CC,AG,AA,AA,CC,GG,TT,CC,TT,CC,AA,TT,CG,AG,CG,GG,CT,GG,CC,AG,CC,CC,CC,CC,AA,TT,AC,AA,CC,NN,AA,TT,AA,TT,GG,CC,CC,GG,AA,AG,AT,AC,GT,CC,GG,AA,AA,NN,TT,GG,AC,NN,TT,GG,CC,TT,TT,CT,CC,AT,TT,TT,AT,TT,GG,CC,AG,CT,CC,CC,CG,CC,AA,GG,AA,CC,TT,CC,GG,GT,CG,AT,AG,AG,TT,CC,GG,AA,AC,CC,CG,GG,AC,GG,NN,AA,AA,CC,GT,AA,AC,AA,AT,GG,TT,TT,AA,GG,GT,AT,CC,AT,GT,AA,GG,AA,CT,AA,TT,CC,TT,AC,CC,TT,GG,AG,CG,GG,CC,TT,TT,GT,GG,TT,AA,CC,AG,GG,CC,CG,GG,CC,GG,AT,AA,CC,TT,GG,CC,CC,AT,GG,CC,AA,CC,AA,AA,AC,CG,CC,TT,AA,GG,AA,AA,AA,AA,GG,AG,AA,AA,TT,GG,AA,AA,CC,AA,TT,AA,AA,CG,GG,GG,GT,NN,AA,GT,TT,TT,NN,AT,GG,CG,AA,7.95,Moderate,Low,Premium,Early
L0929,Mandya,Karnataka,Kharif,Red Loamy,Irrigated (Cauvery command),780,27.0,72,CC,CT,AG,AG,GG,CC,GT,AT,CC,CG,AA,TT,CG,AT,TT,GG,CG,TT,TT,AG,CC,TT,GT,CC,NN,CC,TT,TT,GG,AA,TT,CC,AA,CC,AG,GG,GG,GG,GG,CC,TT,CC,AA,TT,AG,AG,TT,TT,CC,CC,GT,AA,AA,GG,CT,TT,AA,AA,TT,CC,AA,TT,TT,AG,CT,TT,CC,GG,TT,GT,AA,GG,CC,AA,GG,AA,AA,GG,TT,TT,GG,TT,GT,CC,AA,GG,AA,AA,CC,NN,AC,TT,CC,TT,TT,AG,TT,AC,TT,CT,CC,CC,AG,AA,TT,TT,CC,AA,AA,AA,CT,GG,TT,CG,GT,AC,AA,TT,CC,GG,CC,AG,CC,GG,CT,AA,CC,CC,CC,CC,AA,GT,CC,AA,CC,CC,AA,TT,AA,AA,GG,CC,CC,GG,AA,AG,AA,AC,GT,CC,CC,AG,AG,GG,GT,AG,AA,TT,CT,AG,CC,TT,TT,TT,GG,AA,TT,TT,AA,TT,GG,CC,AA,CT,CC,CC,GG,CC,NN,GG,AG,CC,TT,CC,TT,GT,GG,AT,AA,AA,TT,CC,GG,AA,AC,CC,GG,GG,AA,GG,TT,AC,AA,CC,GG,AA,CC,AA,AA,GT,TT,TT,AT,CG,TT,AA,CC,AT,TT,AA,GG,AA,CT,AC,TT,CC,CT,AA,CC,TT,CG,AA,CG,GG,AC,TT,TT,GG,GG,TT,AA,CC,AA,GG,CC,CG,GG,CC,GT,AT,AA,CC,TT,AG,CG,CC,AA,GG,CC,AT,CC,AT,AA,CC,CC,AC,TT,AA,GG,AA,AA,AC,AA,GG,AA,AA,AA,AT,GG,AA,AG,AC,AC,CC,AA,AA,GG,GG,GG,TT,AA,AA,TT,TT,TT,AG,TT,GG,CG,AC,9.19,Resistant,Low,Poor,Medium
L0930,Mandya,Karnataka,Kharif,Red Loamy,Irrigated (Cauvery command),780,27.0,72,AC,TT,GG,AA,GG,CC,GG,AT,CC,CG,AT,CC,GG,TT,TT,GT,GG,TT,TT,AG,CC,TT,TT,CC,TT,CC,TT,TT,GT,AA,CT,CC,AA,CC,GG,GG,GG,CG,GG,CC,TT,TT,AA,TT,AG,GG,TT,TT,CC,AC,GT,AA,AA,GG,CC,TT,AA,AC,GT,CC,AA,TT,TT,AA,TT,AT,CC,GT,TT,GG,AG,GT,AC,AA,GG,AA,TT,GG,TT,TT,GG,GT,TT,CC,AA,GG,AA,AA,CC,GT,AC,GT,CT,TT,GT,GG,CT,CC,GT,NN,CC,CC,AA,AA,TT,TT,CC,AA,AG,AA,CC,GG,TT,CC,TT,AC,AA,TT,CC,AG,CC,AG,NN,GG,NN,AA,CC,CC,CC,CC,AA,TT,AC,AA,CC,CC,AA,NN,AA,AA,GG,CC,CC,GG,AA,AA,AA,CC,GT,CC,CG,AA,AA,AG,TT,AG,AC,GT,TT,GG,CC,GT,GT,CT,CC,AA,TT,TT,TT,TT,GG,CC,AA,CC,AC,AC,CG,CC,AA,GG,AG,CC,TT,CC,GG,GT,GG,AT,AA,AG,TT,NN,GG,AA,CC,CG,GG,GG,AC,GG,TT,AA,AA,CC,GG,AT,AA,AA,AT,GG,TT,AT,AA,GG,GT,AA,CC,TT,TT,AA,GG,AA,CT,AA,TT,CG,TT,AC,CC,TT,GG,AA,CG,AG,CC,TT,TT,TT,GG,TT,AA,CC,AA,GG,CC,CG,GG,CC,GG,AT,AA,CG,TT,GG,CC,CG,AT,GG,CC,AA,CC,AA,AA,AC,CG,CC,TT,AA,GG,AA,AA,AC,AA,AG,AA,NN,AA,AT,CG,AA,GG,CC,AA,TT,AA,AA,GG,GG,CG,TT,AA,AA,GT,TT,TT,AG,AT,GG,GG,AA,8.1,Susceptible,Medium,Premium,Medium
L0931,Mandya,Karnataka,Kharif,Red Loamy,Irrigated (Cauvery command),780,27.0,72,AA,TT,GG,AG,CG,NN,GG,AT,CC,CC,AA,CC,CC,TT,TT,GG,GG,TT,TT,AA,CC,GT,NN,CC,TT,CC,TT,TT,GG,AA,TT,CC,AA,CC,GG,GG,GG,CG,GG,CC,TT,CT,AA,TT,AA,GG,TT,TT,CC,CC,GG,AA,AA,GG,CC,TT,AA,CC,GT,AA,GG,TT,TT,GG,TT,TT,CC,GT,TT,GG,AG,GG,CC,AA,AG,AA,AT,AG,GT,TT,GG,GG,GG,CC,AA,GG,AA,AA,CC,GT,CC,TT,CT,TT,TT,AG,CC,AA,TT,CC,NN,CG,AA,AA,TT,TT,CC,AA,NN,AA,CC,GG,TT,CC,TT,AA,AA,AT,CC,GG,CC,GG,CC,GG,CC,AA,CC,CC,CC,CC,AA,GT,CC,AA,CC,CC,AA,TT,AA,AA,GG,CC,CC,GG,AG,AG,AA,CC,GG,CC,CC,AG,AA,GG,TT,GG,AA,TT,CT,GG,AC,GT,GT,TT,CC,AA,TT,CT,TT,AT,GG,CC,AA,TT,CC,CC,CG,CC,AA,AG,AA,CC,TT,CC,GG,GT,GG,TT,AA,AA,TT,AC,GG,AA,CC,CC,GG,GG,AC,CG,TT,AC,AA,CC,GT,AA,AC,AA,AA,GG,TT,AT,AA,CG,GT,AT,CC,TT,GT,AA,GG,AG,TT,AA,TT,CC,TT,AC,CC,TT,CG,AG,CC,GG,CC,TT,TT,GG,GG,AT,AC,CC,AG,GT,CC,CG,GG,CC,GG,TT,AA,CC,GT,GG,CC,CC,AT,GG,CC,AA,CC,AA,AA,AC,GG,AC,TT,AA,GG,AA,AA,AC,AA,AG,GG,AA,AA,AT,GG,AA,AA,AC,AA,CT,AA,AA,GG,NN,GG,TT,AA,AG,TT,AT,TT,AA,TT,GG,GG,AA,7.06,Susceptible,Medium,Premium,Medium
L0932,Mandya,Karnataka,Kharif,Red Loamy,Irrigated (Cauvery command),780,27.0,72,AC,CT,AG,AG,GG,CG,GG,TT,CC,CC,AA,CT,CG,TT,TT,GG,GG,TT,TT,AA,CC,TT,GT,CC,TT,CC,TT,TT,GG,AC,CT,CC,NN,CC,GG,GG,GG,CC,GG,CC,TT,CT,AA,GT,AG,GG,TT,TT,CC,AC,GG,AA,AA,GG,CC,GT,AA,AA,GG,AC,NN,TT,TT,GG,TT,TT,CC,GG,TT,GG,AA,GG,CC,AA,AG,AC,AA,GG,TT,TT,GG,GG,GG,CC,AA,AG,AA,AT,CG,TT,CC,TT,CC,TT,TT,GG,TT,CC,GG,CC,CC,CG,AG,AA,TT,TT,CC,AA,AA,AA,CC,GG,TT,CG,TT,AA,AA,TT,CC,AG,CC,GG,NN,GT,TT,AG,CT,CC,CC,CC,AA,GT,AC,AA,CC,CC,AA,TT,AA,AA,GG,CC,CC,AG,AA,AG,AA,CC,NN,CC,CC,AG,AG,GG,TT,GG,AC,TT,TT,AG,AC,GT,TT,TT,CG,AT,TT,CT,AT,TT,GG,CC,AG,CT,CC,CC,CG,CC,AT,GG,AG,CC,TT,CC,GG,TT,GG,TT,AA,AA,TT,CC,GG,AA,CC,CC,CG,GG,AC,GG,TT,AC,AA,CC,GG,NN,CC,AA,AA,GG,TT,AT,AT,GG,GT,AT,CG,TT,GT,AA,GG,AA,TT,AA,TT,CC,TT,AC,CC,TT,GG,AA,CC,AG,CC,TT,TT,GT,GG,AT,AA,CC,AG,GG,CC,CG,GG,CC,GG,AA,AA,CC,TT,GG,CC,CG,AA,AG,CG,AA,CC,AA,AA,CC,CC,CC,TT,AA,GG,AA,AA,CC,AA,AA,AG,AA,AA,TT,GG,AA,AA,CC,AC,CT,AA,AA,CG,GG,GG,TT,AT,AA,NN,TT,TT,AA,TT,GG,CG,AA,5.71,Susceptible,High,Poor,Early
L0933,Mandya,Karnataka,Kharif,Red Loamy,Irrigated (Cauvery command),780,27.0,72,AA,TT,GG,AG,GG,CG,GT,TT,CC,GG,AA,CC,CG,TT,TT,GT,GG,TT,AT,AG,CC,TT,GT,CT,TT,CC,GT,TT,GG,AA,TT,CT,AA,CC,GG,CC,GG,CG,GG,CC,TT,CC,AA,TT,AA,GG,TT,TT,CC,AC,GT,AT,GG,GG,CC,GT,AA,AC,GT,AA,AA,TT,TT,AG,CT,AT,CC,GG,TT,GG,AA,GG,CC,AA,AG,AC,AT,GG,TT,NN,GG,GT,GT,CC,AA,GG,AA,AA,CC,TT,AC,TT,TT,TT,GT,GG,CT,AC,TT,CC,CC,CG,GG,AA,NN,TT,CC,AA,GG,AA,TT,GG,TT,CC,GT,AC,AC,TT,CG,GG,NN,AG,CC,GT,CT,AA,CC,CC,CC,CG,AA,TT,CC,AA,CC,CC,AA,NN,AA,AT,GG,CC,CC,GG,AA,AA,AA,CC,GT,CC,CC,AA,AA,GG,TT,AG,AC,GT,TT,GG,CC,TT,TT,TT,GG,AA,GG,CT,AT,TT,GG,CC,GG,TT,AA,CC,CG,CC,AA,GG,GG,CC,TT,CC,GT,TT,GG,AT,AG,AA,TT,CC,NN,AA,CC,CC,GG,GG,AC,GG,TT,AA,AG,CG,GT,AA,CC,AA,AA,GG,TT,TT,AA,CG,TT,AA,CG,TT,TT,AA,GG,AA,CT,AC,TT,CC,TT,AC,CC,TT,CG,AG,CG,GG,CC,TT,NN,GT,GG,TT,AA,CC,AA,GG,CC,CC,GG,CG,GG,AT,AA,CC,TT,GG,CG,CC,AT,GG,CC,AT,CC,AA,AA,AC,CC,AA,TT,AA,CG,AA,AA,AA,AA,AA,AG,AA,AA,TT,CG,AC,AA,CC,AA,TT,AA,AA,GG,GG,GG,TT,AA,AA,TT,TT,TT,AG,TT,GG,CG,AA,6.35,Susceptible,High,Premium,Late
L0934,Mandya,Karnataka,Kharif,Red Loamy,Irrigated (Cauvery command),780,27.0,72,AA,TT,GG,AA,GG,CC,GG,AT,CC,CC,AA,CT,CG,NN,TT,GT,GG,TT,TT,AA,CC,TT,GT,CC,TT,CC,TT,TT,GG,AA,TT,CC,AA,CC,GG,CG,GG,CG,GG,AC,NN,TT,AA,TT,AA,GG,TT,AA,CC,AC,GG,AA,AG,GG,CT,TT,AA,AA,TT,AC,AA,TT,TT,AA,TT,AT,CC,GG,TT,GG,AA,GT,CC,AA,AA,AA,AT,GG,TT,TT,GG,GG,GG,CC,AA,GG,AA,AA,CC,TT,CC,GT,TT,TT,GT,GG,TT,CC,GT,CC,CC,CC,GG,AA,TT,NN,CC,AG,AA,AC,CC,GG,TT,CC,GT,AA,AA,TT,CC,AG,CC,AG,CC,GG,TT,AA,CC,CC,CC,CC,NN,TT,CC,AA,CC,CC,AA,TT,AG,AA,GG,CC,CC,GG,AA,AG,AA,CC,GG,CC,CC,AA,GG,GG,TT,GG,AA,TT,CT,GG,CC,GT,TT,CT,CC,AA,TT,TT,AA,TT,GG,CC,AA,CT,CC,CC,CG,CC,AA,GG,AA,CC,TT,CC,TT,TT,GG,AT,AA,AA,TT,CC,GG,AA,CC,CG,GG,GG,AC,GG,TT,AA,AA,CC,GG,AA,CC,AA,AT,GG,TT,TT,AA,GG,GG,AT,CG,TT,GT,AA,GG,AA,CT,AA,AT,CC,TT,AA,CC,TT,GG,AG,CC,AG,CC,TT,TT,TT,GG,TT,AA,CC,AA,GG,CC,CG,GG,CC,GG,TT,AG,CC,TT,GG,CC,CC,AT,AA,CC,AA,CC,AA,AA,CC,CC,CC,AT,AA,CG,AA,AA,CC,AA,GG,AG,AA,AA,TT,GG,CC,GG,CC,AC,CC,AA,GG,CG,GG,CG,GT,AA,AG,TT,TT,TT,AG,TT,CG,GG,AA,7.12,Susceptible,High,Standard,Early
L0935,Mandya,Karnataka,Kharif,Red Loamy,Irrigated (Cauvery command),780,27.0,72,AA,TT,GG,AA,GG,CC,GT,AT,CC,CG,AA,CC,CC,TT,TT,GT,CG,TT,AT,NN,CC,TT,TT,CC,AT,CC,TT,AT,GG,AA,CT,CC,AA,CC,AG,GG,GG,CG,GG,CC,TT,TT,AA,TT,AG,AG,TT,AT,CC,AC,GG,AA,AA,GG,CC,TT,AA,CC,GT,AC,AA,TT,AA,AA,CT,AT,CC,GG,TT,GG,AA,GT,CC,AA,GG,AC,AT,AG,TT,TT,GG,TT,GT,CC,NN,AG,AA,AA,CC,TT,CC,TT,CC,TT,TT,GG,TT,CC,TT,CC,CC,CC,AG,AA,TT,NN,CC,AA,AA,AA,CT,GG,TT,CC,TT,AC,AA,TT,CC,AG,CC,GG,CC,GG,TT,NN,CC,CC,CC,CC,AA,TT,AC,AA,CC,CC,AA,TT,AA,AA,GG,CC,CC,GG,AA,AG,AA,CC,GG,CC,CC,AA,AG,GG,GT,GG,AA,TT,CT,GG,CC,GT,TT,TT,CG,AA,GT,CT,TT,TT,GG,CC,AG,NN,AC,AC,CG,CC,AA,GG,AA,CC,TT,CG,GT,TT,CG,AT,AA,AG,TT,AC,GG,AA,AC,CC,GG,GG,CC,GG,TT,AC,AG,CC,GG,AA,CC,AA,AA,GT,TT,AA,AT,GG,GT,AA,CG,AT,GT,AA,GG,AA,TT,AC,TT,CC,TT,AA,CC,TT,GG,AG,CC,AG,CC,AT,CT,TT,GG,TT,AA,CC,AA,GG,CC,CC,GG,CG,NN,AT,AA,CC,TT,GG,CC,NN,AT,GG,CC,AT,CC,AA,AA,AC,CC,CC,TT,AA,GG,AA,AA,AC,AA,GG,AG,AA,AA,TT,GG,AC,AA,CC,AC,CT,AG,AA,GG,AG,CG,TT,AT,AA,NN,TT,TT,AG,AA,GG,GG,AA,6.97,Susceptible,Low,Standard,Late
L0936,Mandya,Karnataka,Kharif,Red Loamy,Irrigated (Cauvery command),780,27.0,72,AA,TT,GG,AG,GG,CC,GG,AT,CC,CG,AA,CC,CC,AT,TT,GG,GG,TT,TT,AA,CC,TT,GT,CC,TT,CC,TT,TT,GT,AA,TT,CT,AA,AC,AG,CC,GG,CC,GT,CC,TT,CT,AC,TT,AG,AG,NN,TT,CC,CC,GG,AA,AA,CG,CT,TT,AA,AA,TT,AA,AA,TT,AT,AA,TT,TT,CC,GG,TT,GG,AA,GG,CC,AA,AG,CC,AA,AG,NN,TT,AG,GG,GG,CC,AA,GG,NN,AA,CC,TT,AA,TT,CC,TT,TT,GG,TT,CC,GT,CC,CT,NN,GG,AA,TT,TT,CC,AG,AG,AA,CC,GG,TT,CC,TT,NN,AA,TT,CC,GG,CC,GG,CC,GT,TT,AA,CC,CC,AC,CC,AA,GT,CC,AA,CC,CC,AA,TT,AA,AA,GG,CT,CC,NN,AA,AG,AA,CC,GT,CC,CC,AA,AA,AG,TT,GG,AC,TT,CT,GG,AA,GG,TT,TT,CC,AT,GT,TT,AA,TT,CG,CC,AA,CT,CC,CC,GG,CC,AA,GG,AA,CC,TT,CG,GT,TT,GG,TT,AA,AA,TT,CC,GG,AA,CC,CC,GG,GG,CC,GG,TT,AC,AA,CC,GT,AA,AC,AA,NN,GG,TT,TT,TT,CG,GT,AA,CC,TT,TT,AA,GG,AA,TT,AA,TT,CC,TT,AC,CC,TT,GG,AA,CC,AA,AC,TT,CT,TT,GG,TT,AA,AA,AA,GG,CC,CC,GG,CC,GG,AT,AA,CG,TT,GG,CC,CC,AA,AG,CC,AA,CC,AA,AA,AC,CG,CC,TT,AG,GG,AA,AA,AA,AA,AG,AG,AA,AA,TT,GG,AA,AA,NN,AA,CC,AA,AA,GG,GG,GG,TT,AT,NN,TT,TT,TT,AA,TT,GG,CG,AA,5.11,Susceptible,High,Poor,Medium
L0937,Mandya,Karnataka,Kharif,Red Loamy,Irrigated (Cauvery command),780,27.0,72,AC,CT,GG,AA,GG,CC,GG,AA,CC,CG,AA,CT,CC,TT,TT,NN,CG,AT,TT,AA,CG,GT,GT,CT,TT,CC,TT,TT,TT,AA,TT,CC,AA,AC,GG,CG,GG,CG,GG,CC,TT,CT,AC,GT,AA,AA,TT,TT,CC,AA,GG,AA,AA,GG,CC,GT,AA,AA,GT,AA,AA,TT,TT,AA,TT,AT,CC,GG,TT,GG,AA,GT,CC,AA,GG,NN,AT,GG,TT,TT,GG,GG,GT,CC,AA,GG,AG,AA,CC,TT,AC,TT,CC,TT,TT,GG,CC,CC,GT,CC,CC,CC,GG,AA,TT,TT,CG,AA,GG,AC,CC,GG,TT,CG,TT,AC,AA,AT,CC,GG,CC,GG,CC,GT,CC,AA,CC,CC,AC,CC,AA,GT,CC,AA,CC,CC,AA,TT,AA,AT,CG,CC,CC,GG,AG,GG,AA,CC,TT,CG,CC,AG,AG,AG,TT,AG,AA,TT,TT,GG,AA,GT,GT,TT,CC,AA,TT,TT,AA,TT,GG,CC,AA,CC,CC,CC,CG,CC,AA,GG,AA,CC,TT,CC,GT,TT,GG,AT,AA,AA,TT,AC,GG,AA,CC,CC,GG,GG,AC,GG,TT,AC,AG,CG,GG,AA,CC,AA,AA,GT,TT,AT,AA,GG,GT,TT,CC,TT,GT,AA,GG,AA,TT,CC,TT,CC,TT,AC,AC,CT,CG,AA,CG,AG,CC,TT,CT,GT,GG,TT,AC,AA,AA,GG,CC,CG,GG,CC,GG,TT,AA,CC,GT,GG,CC,CG,AA,GG,CC,AA,CC,AT,AG,AC,CC,CC,TT,AA,GG,AA,AA,AA,AA,AA,AG,AA,AA,TT,GG,AA,AA,AC,AC,CT,AA,AA,GG,GG,GG,TT,AA,AG,GT,TT,NN,AA,AT,GG,GG,AA,7.41,Susceptible,Low,Poor,Late
L0938,Mandya,Karnataka,Kharif,Red Loamy,Irrigated (Cauvery command),780,27.0,72,CC,TT,GG,NN,CG,CG,GG,TT,CG,CC,AT,CT,CG,TT,TT,GG,CG,TT,TT,AG,CC,GG,GT,CC,AT,CC,TT,TT,GG,AA,TT,CC,AA,CC,AG,CG,GG,CG,GG,CC,TT,CT,AA,TT,AG,GG,CT,AT,CC,AC,GG,TT,AA,GG,CC,TT,AA,AC,GT,AA,AA,TT,AT,AA,TT,AT,CC,GG,TT,NN,AA,GG,AC,AA,GG,AA,AA,GG,GT,TT,GG,TT,GG,CC,AT,GG,AG,AA,CC,GT,CC,TT,CC,TT,GT,GG,TT,CC,GT,CC,CC,CG,AG,AA,TT,TT,CC,AG,NN,AA,CT,GG,TT,CC,TT,AA,AA,TT,CC,GG,CC,GG,CC,GT,TT,AA,CT,CC,CC,CC,AA,TT,CC,AA,CC,CT,AA,TT,AA,AA,GG,CC,CC,GG,AG,AA,AA,AC,GT,CC,CC,AA,AA,AG,GT,AG,AC,TT,CC,GG,CC,GT,TT,TT,CC,AA,TT,TT,AA,TT,GG,CC,AG,CT,CC,CC,GG,CC,AA,GG,AA,CC,TT,CC,GG,GT,GG,TT,AA,AA,TT,CC,CG,CC,CC,CC,CG,GG,AC,GG,TT,AA,AA,CC,GG,AT,CC,AA,AA,GG,TT,AT,TT,GG,TT,AA,CG,TT,GG,AA,GG,AA,TT,AC,AT,CC,TT,AA,CC,TT,CG,AG,CC,AA,CC,TT,TT,GT,GG,TT,AA,CC,AA,GG,CC,GG,GG,CC,NN,TT,AA,CC,TT,GG,CC,CC,AA,GG,CC,AA,CC,AA,AA,AC,CG,CC,TT,AA,GG,AA,AA,AC,AA,AG,AG,GG,AG,TT,GG,AA,AA,AC,AA,TT,AA,AA,GG,GG,GG,GT,AT,AA,GG,TT,TT,AA,TT,GG,GG,AA,7.5,Susceptible,High,Premium,Late
L0939,Mandya,Karnataka,Kharif,Red Loamy,Irrigated (Cauvery command),780,27.0,72,NN,TT,GG,AA,GG,CC,GT,TT,CC,CC,AA,NN,NN,AT,TT,GT,GG,TT,TT,AA,CC,TT,GT,CT,AT,CT,TT,TT,GG,AA,TT,CC,AA,CC,GG,CG,GG,CC,GT,CC,TT,TT,AA,TT,AG,AG,TT,TT,CC,AA,GT,AA,AG,GG,CC,TT,AT,AA,TT,AA,AA,TT,NN,AA,TT,TT,CT,GG,TT,GT,AA,NN,CC,AA,GG,AA,TT,GG,TT,TT,GG,GT,GT,CC,AT,GG,AA,AT,CC,TT,AC,TT,CC,TT,TT,GG,TT,CC,TT,CC,CC,CG,GG,AA,TT,TT,CC,AA,AG,AA,CT,GG,TT,GG,TT,AA,AA,TT,CG,AG,CC,GG,CC,NN,TT,AA,CC,CC,CC,CG,AA,TT,CC,AA,CC,CC,AA,AT,AA,AA,GG,CC,CG,GG,AA,AG,AA,CC,GT,CC,CC,AA,AG,GG,GT,AG,AA,GT,CT,GG,AA,GT,TT,TT,CG,AA,TT,NN,AA,AT,GG,CG,AG,CT,NN,CC,GG,CC,AA,GG,AG,NN,TT,CC,GG,TT,GG,NN,AG,AA,TT,AC,GG,AA,CC,CC,GG,GG,AA,GG,TT,AC,AA,CC,NN,AA,CC,AA,AT,GT,TT,AT,AT,GG,GT,AA,CC,TT,GT,AA,GG,AA,CT,AC,TT,CC,CT,AC,CC,TT,CG,AG,CC,AG,CC,TT,CT,TT,GG,TT,AC,AC,AA,GT,CC,CG,GG,CC,GG,AA,AA,CC,GT,GG,CC,CC,AA,GG,CG,AT,CC,AA,AA,CC,GG,AA,TT,AA,GG,AA,CC,AC,AA,GG,GG,AA,AA,AT,GG,CC,AG,AC,AA,CT,AA,AG,GG,GG,GG,TT,AT,AA,GT,TT,TT,AA,AA,GG,GG,AC,5.39,Resistant,Medium,Poor,Medium
L0940,Mandya,Karnataka,Kharif,Red Loamy,Irrigated (Cauvery command),780,27.0,72,AC,TT,GG,AA,GG,CC,GG,TT,CC,CG,AA,CT,CC,AT,TT,TT,CG,TT,TT,AA,CC,TT,TT,CC,TT,CC,GT,TT,GG,AA,TT,CT,AA,AC,GG,GG,GG,CG,GG,CC,TT,TT,AA,GT,AA,AG,TT,AT,CC,CC,GG,AA,AA,GG,CC,TT,AT,CC,TT,AA,AA,TT,AT,GG,TT,TT,CC,GG,TT,TT,AA,GG,CC,AA,GG,AA,AT,GG,TT,TT,GG,GG,GG,CC,AA,GG,AG,AA,CC,TT,CC,TT,CT,TT,TT,GG,TT,CC,TT,CC,CC,CG,GG,AA,TT,TT,CC,AA,AG,AA,CT,GG,GT,CC,TT,AC,AA,TT,CC,AG,CC,GG,CC,GG,CT,AA,CC,CC,CC,CC,AA,TT,CC,AA,CC,CC,AA,NN,AA,AA,CG,CC,CC,GG,AA,AG,AA,CC,GT,CC,CC,AA,AG,GG,TT,GG,AC,TT,TT,GG,AC,TT,TT,TT,CC,AT,GT,TT,TT,AT,GG,CC,AG,CC,CC,CC,GG,CC,AA,GG,AG,CC,TT,CG,GG,GT,GG,TT,AA,AA,TT,CC,GG,AA,AC,CC,GG,GG,AA,GG,TT,AC,AA,CC,GG,AA,AA,AT,AT,GT,TT,AA,AA,GG,GG,AT,CC,AT,TT,AT,AG,AA,CT,AA,TT,CC,TT,AA,CC,TT,GG,AA,CC,AA,CC,TT,TT,NN,GG,TT,AA,AC,AA,GG,CC,CC,GG,CC,GG,TT,AA,CC,TT,GG,CG,CC,AA,GG,CC,AA,CC,AT,AG,AA,NN,AC,TT,AA,GG,AA,AA,AA,AA,AG,AA,AA,AA,TT,CG,AA,AA,AA,AA,CC,AG,AG,GG,GG,GG,TT,AA,AA,TT,TT,TT,AG,AA,GG,CC,AA,5.73,Susceptible,Low,Standard,Medium
L0941,Mandya,Karnataka,Kharif,Red Loamy,Irrigated (Cauvery command),780,27.0,72,AC,TT,GG,AG,GG,CC,GG,TT,CC,CG,AA,CC,CG,AT,TT,GG,CG,TT,TT,AA,CC,GT,TT,CT,TT,CT,GT,TT,GG,AA,TT,CT,AA,CC,GG,GG,GG,CC,GG,CC,TT,TT,AA,GT,AA,GG,TT,TT,CC,CC,GG,AT,AA,GG,CC,GT,AA,AC,GT,AA,AG,TT,AT,AG,CT,TT,CC,GG,TT,GT,AG,GG,CC,AA,AA,AC,AT,GG,TT,TT,GG,GG,GT,CC,AA,GG,AA,AT,CC,GT,AC,TT,CC,TT,TT,GG,CT,CC,GT,CC,CC,CC,AA,AA,AT,TT,CC,AA,AG,AA,CC,GG,TT,CC,TT,AA,AA,TT,CC,GG,CC,GG,CT,GT,TT,AA,CT,CC,CC,CC,AA,TT,CC,AA,CC,CC,AA,TT,AA,AT,CG,CC,CC,GG,AA,AA,AA,CC,GT,CC,CC,AA,AG,AG,TT,GG,AC,GT,TT,AG,CC,GT,GT,TT,CC,AA,GT,TT,AA,TT,GG,CC,AA,NN,CC,CC,GG,CC,AA,GG,AG,CC,TT,CC,TT,TT,GG,AT,AA,AG,TT,CC,GG,AA,AC,CC,GG,GG,AA,GG,TT,AA,AA,CC,GT,AT,AA,AA,AT,GT,TT,TT,AA,GG,GT,AA,CC,AT,TT,AA,GG,AA,CC,AA,TT,CC,TT,AA,CC,TT,GG,AA,CG,AA,AC,TT,TT,GT,GG,TT,AA,CC,AG,GG,CC,CC,GG,CC,GG,TT,AA,CC,TT,NN,CC,CC,AT,AG,CC,AA,CG,AA,AA,AC,CG,AC,TT,AA,GG,AA,AA,AC,AA,AG,AA,AA,AA,TT,GG,AA,AA,AC,AA,TT,AA,AA,GG,GG,GG,TT,AA,AA,TT,TT,TT,AA,AT,GG,GG,AC,7.3,Resistant,High,Premium,Late
L0942,Mandya,Karnataka,Kharif,Red Loamy,Irrigated (Cauvery command),780,27.0,72,AC,CT,GG,NN,GG,CC,GG,TT,CG,CG,AA,CC,CG,AT,GT,GG,CG,TT,TT,AA,CC,TT,TT,CC,TT,CC,GT,TT,GG,AA,CT,CC,AA,CC,GG,CG,GG,CC,GG,CC,TT,CT,AA,GT,AG,AG,TT,TT,CC,AC,GG,AA,AA,GG,CT,GT,AA,AA,GT,AA,AA,GT,AT,AG,TT,AT,CC,GG,TT,GT,AG,GG,CC,AA,AG,AC,AA,GG,TT,TT,GG,GT,GG,CC,AA,GG,AA,AA,CC,TT,CC,TT,CC,TT,TT,GG,TT,CC,TT,CC,CT,CC,AG,AA,AT,TT,CC,AA,NN,AA,CT,GG,TT,CC,TT,AA,AA,TT,CC,GG,CC,GG,CC,GG,TT,AA,CC,CC,CC,CC,AA,GT,CC,AA,CC,CC,AA,TT,AA,AA,GG,CT,CC,GG,AA,AA,AA,CC,GT,CC,CC,AA,AA,GG,TT,GG,AA,TT,TT,GG,CC,TT,GT,TT,CG,AA,GT,TT,AT,TT,GG,CG,AA,CC,CC,CC,GG,CC,AA,GG,GG,CC,TT,CC,GG,GG,GG,AT,AA,AA,TT,CC,CG,AC,CC,CC,GG,GG,CC,CG,TT,AC,AG,CG,GG,AA,AC,AA,AA,GG,TT,TT,AT,GG,GG,AT,CC,TT,TT,AA,GG,AA,TT,AA,TT,CC,CT,CC,CC,CT,CG,AG,CC,AA,CC,TT,TT,GT,NN,AT,AA,CC,AG,GG,CC,NN,GG,CG,GG,TT,AA,CC,GT,GG,CC,CC,AA,GG,CG,AT,CG,AA,AA,AC,CC,AC,AT,AA,GG,AA,AA,AA,AA,AG,AG,AA,AA,TT,GG,AA,AG,AC,AC,TT,AA,AA,GG,GG,GG,TT,AA,AA,TT,TT,TT,AG,TT,GG,GG,AC,4.43,Moderate,Medium,Premium,Late
L0943,Mandya,Karnataka,Kharif,Red Loamy,Irrigated (Cauvery command),780,27.0,72,AA,TT,GG,AG,GG,CG,GG,AT,CC,CG,AA,CC,CG,TT,GT,GG,CG,TT,TT,AG,CC,GT,GT,CC,AT,CC,TT,TT,GG,AC,TT,CC,AA,CC,AG,GG,GG,CC,GG,CC,TT,TT,AA,TT,AA,GG,TT,TT,CC,AC,GG,AA,AA,GG,CT,TT,AT,AA,TT,AA,AA,GT,AT,AG,TT,AT,NN,GG,TT,GG,AA,GG,AC,AA,AG,AA,AA,GG,TT,TT,GG,GT,GG,CC,AA,GG,AA,AT,CC,GT,CC,TT,CT,TT,TT,GG,TT,CC,TT,CC,CC,CC,AG,AA,AT,GT,CC,AG,AG,CC,CT,GG,TT,CC,TT,AA,NN,TT,CC,GG,CG,GG,CC,GT,CT,AA,CC,CC,CC,CC,AA,TT,CC,AA,CC,CC,AA,TT,AA,AA,GG,CC,CC,GG,AA,AA,AA,AC,GG,CC,CC,AG,AG,GG,TT,AG,AA,TT,CT,AG,AC,TT,TT,TT,CC,AA,TT,CT,AA,TT,GG,CC,AG,CC,CC,CC,CG,CC,AA,GG,AG,CC,TT,CC,GG,TT,NN,TT,AA,AA,TT,CC,GG,AA,AC,CC,GG,GG,AC,GG,TT,AA,AA,CC,GG,AA,CC,AA,AA,GG,GT,AT,AT,CG,GG,AA,CC,AT,GT,AA,GG,AA,CT,AC,TT,CG,TT,AA,CC,TT,GG,AA,CC,AG,CC,TT,CT,TT,GG,TT,AA,AC,GG,GG,CC,CC,GG,CC,GG,AT,AA,CG,TT,GG,CC,CC,AA,AG,CC,AA,CC,NN,AA,CC,CG,AC,TT,AA,GG,AA,AA,AA,AA,GG,AA,AA,AA,TT,GG,AC,AG,AC,AC,TT,AA,AG,GG,GG,GG,TT,AA,AA,TT,TT,TT,AG,TT,GG,GG,AA,6.21,Susceptible,Low,Standard,Medium
L0944,Mandya,Karnataka,Kharif,Red Loamy,Irrigated (Cauvery command),780,27.0,72,AC,CT,GG,AA,GG,CC,GG,TT,CC,GG,AA,CT,CC,TT,TT,GT,CG,TT,TT,AG,CC,TT,GT,CC,TT,CC,TT,TT,GG,AA,TT,CC,AG,CC,GG,CG,GG,CC,GG,CC,TT,TT,AA,TT,AA,GG,TT,TT,CC,AC,NN,AT,AA,GG,CC,TT,AA,AA,GT,AC,AA,GT,TT,AA,TT,AT,CC,GG,CC,GG,AA,GG,CC,AA,GG,AC,AT,GG,TT,TT,GG,GG,GG,CC,AA,GG,AA,AA,CC,TT,CC,TT,CT,TT,TT,GG,TT,CC,TT,CT,CC,CC,AG,AA,TT,TT,CG,AA,AG,AA,CC,GG,TT,CC,TT,AA,AA,TT,CG,GG,CC,NN,CC,GT,TT,AA,CT,CC,CC,CC,AA,TT,AC,AA,CC,CC,AA,TT,AA,AA,GG,CC,CC,GG,AA,AG,AA,CC,GT,CC,CC,AA,AA,GG,TT,AG,AA,TT,CT,GG,NN,GT,TT,TT,CC,NN,GT,TT,NN,AT,CG,CC,AG,CC,CC,CC,GG,CC,AA,GG,AG,CC,TT,CC,GT,GT,GG,AT,AA,AA,TT,CC,GG,AC,AC,CC,GG,GG,AC,CG,TT,AA,AA,CC,GG,AT,CC,AT,AA,GG,GT,TT,AA,CG,GG,TT,CC,AA,TT,AA,GG,AA,TT,AA,AT,CC,TT,AA,NN,CT,GG,AA,CG,AA,AC,TT,CT,TT,GG,TT,AA,CC,AG,GG,CC,CC,GG,CC,GG,TT,AA,CC,GT,GG,CC,CG,NN,AG,CC,AT,CC,AA,AA,AA,CG,CC,TT,AA,GG,AA,AA,AC,AA,AG,AG,AA,AA,TT,GG,AC,AA,AC,CC,TT,AA,AA,GG,GG,GG,GT,AA,AG,TT,TT,TT,AA,TT,CG,GG,AA,7.62,Susceptible,Medium,Premium,Medium
L0945,Mandya,Karnataka,Kharif,Red Loamy,Irrigated (Cauvery command),780,27.0,72,NN,TT,GG,AG,GG,CC,GG,TT,CC,GG,AA,NN,CG,TT,TT,GT,CC,TT,NN,AA,CG,GT,TT,CC,TT,CT,TT,TT,TT,AA,CT,CC,AA,CC,AG,CG,GG,CG,GG,CC,TT,CT,AA,GT,AA,GG,TT,TT,CC,AC,GT,AA,AA,GG,CC,GT,TT,AA,GG,AC,GG,TT,AT,GG,TT,AT,CC,GG,CC,GG,AA,GT,CC,AA,GG,AC,AA,AG,GT,TT,GG,GG,GG,CC,AA,GG,AA,AA,CC,TT,CC,TT,CC,TT,GT,AG,CC,CC,GT,NN,CC,CG,AG,AG,TT,TT,CC,AA,GG,AC,CT,NN,TT,CC,TT,AA,AA,TT,CC,GG,CC,AG,CC,GG,TT,AA,CC,CC,CC,CC,AA,TT,CC,AA,CC,CC,AA,TT,AA,AA,GG,CC,CC,NN,AA,AG,AA,CC,GG,CC,CC,AA,AG,GG,GT,AG,AC,TT,CT,AG,AC,GT,TT,TT,CC,AA,TT,TT,AA,AT,GG,CC,AG,CC,CC,CC,CG,CC,AA,GG,AG,CC,TT,CG,GT,TT,GG,TT,AA,AG,TT,CC,GG,AA,CC,CC,GG,GG,AA,GG,TT,AA,AA,CC,GG,AT,AC,AA,AA,GG,TT,AT,AT,GG,GT,AT,CC,TT,GT,AA,GG,AA,TT,AA,AT,CC,CT,AA,CC,TT,GG,AG,CG,AG,AC,TT,CT,TT,CG,TT,AA,AC,AA,GG,CC,CC,GG,CC,GG,AT,AA,CC,TT,GG,CG,CG,AA,AA,CG,AA,CC,AA,AA,AC,CC,AC,TT,AA,GG,AA,AA,NN,AA,GG,AA,AA,AA,TT,GG,AA,AG,AC,NN,TT,AG,AA,GG,GG,GG,TT,AA,AG,TT,TT,TT,AG,AT,GG,GG,AA,8.68,Susceptible,Medium,Poor,Late
L0946,Mandya,Karnataka,Kharif,Red Loamy,Irrigated (Cauvery command),780,27.0,72,AC,TT,GG,AG,GG,CC,GG,AT,CC,CG,AA,CC,CG,TT,TT,GT,GG,TT,TT,AG,CG,TT,TT,CC,TT,CC,TT,TT,GT,AA,TT,CC,AA,AC,GG,CG,GG,CG,GT,CC,TT,TT,AC,GT,NN,GG,TT,AT,CC,AC,GG,AA,AA,GG,CC,TT,AA,AC,GT,AA,AA,GT,TT,AG,TT,TT,CC,GG,TT,GT,AA,GG,AC,AA,GG,AA,AA,GG,TT,TT,GG,GT,GG,CC,AT,GG,AA,AT,CC,TT,CC,TT,CT,TT,TT,GG,TT,CC,GT,CC,CC,CC,AG,AA,TT,TT,CC,AG,AG,AA,CT,GG,TT,CG,GT,AA,AA,TT,CC,GG,CC,AG,CT,TT,CT,AA,CC,CC,AC,CC,AA,TT,CC,AC,CC,CC,AA,TT,AA,AA,GG,CC,CC,GG,AA,GG,AA,CC,GT,CC,CC,AG,AA,GG,GT,GG,AC,GT,TT,GG,CC,TT,GT,TT,CC,AA,GT,TT,AA,TT,CG,CC,AG,CT,CC,CC,GG,AC,AA,GG,AA,CC,TT,CC,GT,GT,NN,AT,AA,AA,TT,CC,CG,AA,CC,CC,GG,GG,CC,CC,TT,AA,AA,CG,GG,AA,AC,AT,AA,GG,TT,TT,AA,GG,GT,AA,CC,TT,TT,AA,GG,AA,CT,NN,TT,CC,TT,AA,CC,TT,GG,GG,CG,GG,CC,TT,TT,GT,GG,TT,AA,CC,AA,GG,CC,CG,GG,CC,GG,TT,AA,CG,TT,GG,CC,CC,AA,AG,CG,AA,CC,AT,AA,AC,CG,CC,TT,AA,GG,AA,NN,AA,AA,GG,AA,AA,AA,TT,CG,AA,AA,CC,AA,TT,NN,AA,CG,GG,NN,TT,AT,AA,TT,TT,NN,AA,TT,GG,GG,AA,7.52,Susceptible,Low,Premium,Late
L0947,Mandya,Karnataka,Kharif,Red Loamy,Irrigated (Cauvery command),780,27.0,72,AC,TT,GG,AG,GG,CG,TT,TT,CC,CC,AA,CT,CG,TT,TT,GT,GG,TT,AA,AA,CC,GG,GG,CC,TT,CC,TT,TT,GG,AA,CT,CC,AA,AC,GG,GG,GG,CC,GG,CC,TT,TT,AA,TT,AA,GG,TT,AT,CC,AC,GT,AT,AG,GG,CT,TT,AA,AA,GT,AC,AG,TT,TT,AA,TT,TT,CC,GG,CT,GT,AA,GT,CC,AA,AG,AA,AT,GG,GT,CT,GG,GG,GT,CC,AA,GG,AA,AA,CG,TT,AC,TT,CT,TT,GT,GG,CT,CC,TT,CC,CT,CG,GG,AA,AT,TT,CG,AA,GG,AA,CT,GG,TT,CC,TT,AA,AA,TT,CC,GG,CG,GG,CC,GT,TT,AA,CT,CC,CC,CC,AA,GT,CC,AA,CC,CC,AA,TT,AG,AA,CG,CC,CG,GG,AA,AA,AA,CC,GT,CC,CC,AA,AA,GG,TT,AG,CC,NN,TT,GG,CC,GT,TT,TT,CC,AA,GT,TT,AA,AT,GG,CC,AA,CC,CC,CC,NN,CC,AA,GG,AG,CC,TT,CC,GG,GT,CG,AA,AA,AG,TT,AC,GG,AA,CC,CC,CG,GG,AA,GG,TT,AC,AA,CC,GG,AA,CC,AA,AA,GG,GT,TT,AT,CG,GT,AA,CC,TT,GG,AA,GG,AA,TT,AA,TT,CC,TT,AA,CC,TT,GG,GG,CC,AA,NN,TT,TT,GG,GG,TT,AA,CC,AA,GG,CC,CG,GG,CC,GG,TT,AG,CC,GT,NN,CC,CC,AA,GG,CC,AA,CC,AT,AA,CC,CC,AA,TT,AA,GG,AA,AA,AC,AA,AG,AG,AA,AA,TT,GG,AC,AA,AC,AC,CT,AG,AG,GG,GG,NN,TT,AA,GG,TT,TT,TT,AG,TT,GG,GG,AA,8.66,Resistant,Medium,Premium,Early
L0948,Mandya,Karnataka,Kharif,Red Loamy,Irrigated (Cauvery command),780,27.0,72,AC,CT,GG,AG,GG,CC,GG,AT,CC,CG,AA,CC,CG,TT,TT,GG,CG,TT,TT,AA,CC,GG,TT,CC,TT,CC,GT,TT,GT,AA,TT,CT,AA,AC,GG,CG,GG,CC,GG,CC,TT,TT,AA,TT,AA,AG,TT,TT,CC,CC,GT,AA,AA,GG,CC,TT,AA,AA,GT,AA,AA,TT,AT,AG,TT,TT,CT,GG,TT,GG,AA,GG,CC,AA,GG,AA,AA,AG,TT,TT,GG,GG,GT,CC,AA,GG,AA,AA,CC,GT,CC,TT,CC,TT,TT,GG,TT,CC,GG,CC,CT,CG,AA,AA,TT,TT,CG,AA,AG,AA,CC,GG,TT,CC,GT,AA,AA,TT,CG,GG,CC,GG,CC,GG,TT,AG,CC,CC,CC,CC,AA,TT,CC,AA,CC,CC,AA,TT,AA,AA,GG,CT,CC,GG,AA,AG,AA,CC,GG,CC,CC,AA,AG,AG,TT,AA,AC,TT,TT,AA,CC,GT,TT,TT,CG,AA,GT,TT,AA,TT,GG,CC,AG,CT,CC,AC,GG,CC,AA,GG,AA,CC,TT,CG,GG,TT,GG,AA,AA,AA,TT,CC,CC,AA,AC,CC,GG,GG,AA,GG,TT,AA,AG,CC,GG,AA,CC,AA,AT,TT,GT,AT,AA,GG,GT,AA,CC,AT,TT,AA,NN,AA,TT,AA,TT,CC,TT,AA,CC,TT,GG,AA,CG,AG,CC,TT,TT,GT,GG,TT,AC,AC,AA,GG,CG,CC,GG,CC,GG,TT,AA,CC,TT,GG,CC,CC,AA,AG,CC,AA,CC,AT,AA,AC,CG,AA,TT,AA,GG,AA,AC,AC,AA,GG,AG,AA,AA,AT,CG,AA,AG,AC,AC,CT,AA,AA,GG,GG,GG,TT,AA,AA,GG,TT,TT,AG,TT,GG,GG,NN,5.5,Susceptible,Medium,Poor,Early
L0949,Mandya,Karnataka,Kharif,Red Loamy,Irrigated (Cauvery command),780,27.0,72,AC,TT,GG,AA,GG,CC,GG,TT,CG,CG,AA,CC,CG,TT,TT,GT,GG,TT,TT,AA,NN,TT,GT,CC,TT,CC,GT,TT,GT,AA,TT,CC,AA,CC,GG,GG,GG,CG,GG,CC,TT,CT,AA,TT,AA,GG,TT,AT,CG,AC,GG,AA,AA,GG,CT,TT,AA,AA,GG,AA,AA,TT,AA,AA,CC,AT,CC,GG,TT,GG,AG,GG,CC,NN,GG,AC,AA,GG,TT,TT,GG,GG,GG,CC,AA,GG,AA,AA,CC,TT,AC,TT,CT,AA,GT,GG,TT,CC,GT,CC,CT,CG,AA,AA,AT,TT,CC,AA,AA,AC,CT,GG,TT,CC,TT,AA,AA,AT,CG,GG,CC,GG,CC,GT,TT,AG,CT,CC,CC,CC,AA,TT,CC,AA,CC,NN,AA,AT,AA,TT,GG,CC,CC,AG,AA,AG,AA,CC,NN,CC,CG,AA,AG,GG,GT,AG,NN,TT,CT,AG,CC,TT,GT,TT,CC,AT,GT,CT,AT,TT,GG,CG,AA,CC,CC,AC,CG,CC,AA,GG,GG,CC,TT,CG,GG,GT,CG,AA,AA,AA,TT,CC,GG,AA,CC,CC,CG,GG,AC,GG,TT,AA,AA,CC,GT,NN,CC,AT,AA,TT,TT,AT,AT,CC,TT,AA,CC,TT,TT,AA,GG,AA,CT,AA,TT,CC,CT,AC,CC,TT,CG,AA,CC,AA,CC,TT,CT,GT,GG,TT,AA,AC,AA,GG,CC,CC,GG,CC,GT,TT,AA,CG,TT,GG,CC,CG,AA,AG,CC,TT,CC,NN,AA,AC,CC,CC,TT,AA,GG,AA,AA,AA,AA,GG,AA,AA,AA,TT,GG,AA,AA,AC,AA,CT,AA,AA,GG,GG,CG,TT,AA,AG,GT,TT,TT,AG,TT,GG,GG,AA,4.57,Moderate,Low,Premium,Medium
L0950,Mandya,Karnataka,Kharif,Red Loamy,Irrigated (Cauvery command),780,27.0,72,AA,TT,GG,AG,GG,CC,GG,AT,CC,CG,AA,CC,CC,AT,TT,GG,CG,TT,TT,AA,CC,TT,TT,CC,AT,CC,TT,TT,GG,AA,TT,CC,AG,CC,GG,CG,GG,CC,GG,CC,TT,CT,AA,NN,AG,GG,TT,TT,CC,AC,GT,AA,AA,GG,CC,TT,AA,AC,NN,AA,AA,GT,AT,AG,TT,AT,CC,GG,TT,GG,AA,GT,CC,AA,GG,AA,AT,GG,TT,TT,GG,GT,TT,CC,AA,GG,AA,AA,CC,GT,CC,TT,CC,TT,GT,AG,TT,CC,TT,CC,CT,CG,GG,AA,AT,TT,CC,AA,AA,AA,CT,GG,TT,CC,GT,AA,AA,TT,CC,GG,CC,AG,CC,GT,CT,AA,CC,CC,CC,CC,AA,TT,CC,AA,CC,CT,AA,AT,AA,AA,GG,CT,CC,GG,AA,AA,AT,CC,GG,CC,CC,AA,AA,GG,NN,GG,AA,TT,CT,GG,CC,GT,TT,TT,GG,AT,TT,CT,AT,TT,GG,CC,NN,CT,CC,CC,CG,CC,AA,GG,AG,CC,TT,CC,GG,TT,GG,AT,AA,AG,TT,CC,GG,AA,CC,CC,GG,GG,AC,GG,TT,AC,AA,CC,GG,AA,CC,AA,AT,GG,TT,AT,AA,CG,GT,AT,CC,TT,TT,AA,GG,AA,TT,AA,TT,CC,CT,AC,CC,CT,GG,GG,CG,AG,CC,TT,TT,GT,GG,TT,AC,AC,AA,GG,CC,CC,GG,CC,GG,TT,AA,CC,TT,GG,CC,CG,AA,GG,CG,AT,CG,AT,AA,CC,NN,AC,TT,AA,GG,AA,AA,AC,AA,AG,AA,AA,AA,AT,GG,AA,GG,AA,AA,CC,AA,AA,GG,GG,GG,TT,AA,AA,TT,TT,NN,GG,TT,GG,GG,AA,7.16,Susceptible,Medium,Premium,Late
L0951,Mandya,Karnataka,Kharif,Red Loamy,Irrigated (Cauvery command),780,27.0,72,CC,CT,AA,AA,GG,CC,GG,TT,CC,CC,AT,CT,CG,TT,TT,GG,GG,TT,TT,AA,GG,TT,GG,CC,TT,CC,TT,AA,GT,AA,CT,CT,AA,CC,GG,GG,GG,GG,GG,CC,TT,CT,AA,TT,AA,AG,TT,TT,CC,AC,GG,NN,AA,GG,CT,GT,AA,AA,GT,AC,AA,GT,TT,AA,TT,TT,CC,NN,TT,TT,AA,GG,CC,AA,GG,AA,AA,AG,TT,TT,GG,GG,GT,CC,AA,AG,AA,AA,CC,GT,CC,TT,CT,AT,GT,GG,TT,AC,GT,CC,CT,CC,AG,AA,TT,TT,CC,AG,AG,AA,CC,GG,TT,CC,GT,AA,AC,TT,NN,AG,CC,NN,CC,GT,CC,AA,CT,CC,CC,CC,AA,TT,AC,AA,CC,CT,AA,TT,AA,AA,GG,CC,CC,GG,AA,AA,AA,AC,GG,CC,CG,AA,AA,GG,TT,GG,AA,GT,TT,GG,CC,TT,TT,CT,CC,AT,GT,TT,AA,TT,GG,CC,AA,CC,CC,CC,CG,CC,AA,GG,AA,CC,TT,CC,GT,GT,CC,TT,AA,AA,TT,CC,GG,AC,AC,CC,GG,GG,AC,GG,TT,AC,NN,CC,GG,AA,CC,AA,AT,GG,GT,AT,AT,CG,GT,AA,CC,TT,GT,AA,GG,AA,TT,AA,TT,CC,TT,AA,AC,TT,GG,AG,CC,AG,CC,TT,CT,GG,GG,AT,AA,CC,AA,GG,CC,CC,GG,CC,GG,AT,AA,CC,GT,GG,CC,CC,AA,GG,CC,AA,CC,AA,AA,AC,CC,CC,TT,AA,GG,AA,AA,AA,AA,AG,AA,AA,AA,AT,GG,AC,AG,AC,AA,TT,AA,AA,GG,GG,GG,TT,AA,AA,TT,TT,TT,AA,NN,GG,GG,AA,6.79,Susceptible,Low,Standard,Early
L0952,Mandya,Karnataka,Kharif,Red Loamy,Irrigated (Cauvery command),780,27.0,72,AC,TT,AG,AG,GG,CC,GT,TT,CC,CG,AA,CC,CC,TT,TT,GG,GG,TT,TT,AG,CC,TT,TT,CC,TT,CC,TT,TT,GT,AA,TT,CC,AA,CC,GG,GG,NN,CG,NN,CC,TT,CT,AA,GT,AA,AA,TT,TT,CC,AA,GT,AA,AA,GG,CT,TT,AA,AC,GT,AA,AA,TT,TT,AG,TT,AA,CC,GG,TT,GG,AG,GG,AC,AA,GG,CC,AT,GG,TT,TT,GG,GG,GG,CC,AT,GG,AA,AT,CC,GT,CC,GT,CC,TT,GT,GG,TT,CC,GT,CT,CT,CG,GG,AA,TT,TT,CG,AA,AA,AA,CC,GG,TT,CC,TT,AC,AC,TT,CC,AG,CC,NN,CT,GG,TT,AA,CC,CC,AC,CC,AA,TT,AC,AA,CC,CT,AG,TT,AA,AA,GG,CC,CC,GG,AA,AG,AA,CC,GT,CC,CC,AA,AA,GG,TT,GG,AC,TT,CT,GG,AC,GT,GG,CT,CC,AA,GT,CT,AT,TT,GG,CC,AA,CT,CC,CC,GG,CC,AA,GG,AG,AC,TT,NN,GG,TT,GG,AT,AG,AA,TT,CC,CG,AC,CC,CC,CG,GG,AC,GG,TT,AC,AG,CG,GG,AA,CC,AA,AA,GG,TT,AT,AA,CG,GT,AT,CG,TT,GT,AA,GG,AA,CT,CC,AT,CG,CT,AA,CC,CT,CG,GG,CC,AG,CC,TT,TT,GT,GG,AT,AA,AA,AA,GT,CC,CC,GG,CC,GG,AT,AA,CG,GT,GG,CC,CC,AA,GG,CG,AT,CG,AA,AA,AC,CG,CC,TT,AA,GG,AA,AA,AC,AC,GG,AG,AA,AA,TT,CG,AA,AA,AC,AA,CT,AG,AA,GG,GG,GG,TT,AT,AA,TT,TT,TT,AG,AT,GG,CG,AA,7.07,Susceptible,Medium,Poor,Late
L0953,Mandya,Karnataka,Kharif,Red Loamy,Irrigated (Cauvery command),780,27.0,72,AC,TT,GG,AA,GG,CC,GG,TT,CC,CC,AA,CT,CG,AT,TT,GG,CG,TT,TT,AA,CC,GG,NN,CC,TT,CC,TT,TT,GG,AA,CT,CC,AA,CC,GG,CG,GG,GG,GG,NN,TT,CC,AA,NN,AG,GG,CT,TT,CC,AA,GT,AT,AA,GG,CC,TT,AA,AC,GG,AA,AA,TT,TT,AA,TT,TT,CC,GG,CT,GT,AG,GG,CC,AA,AA,AA,AT,GG,TT,TT,GG,TT,GT,CC,AA,GG,AA,AA,CC,GT,CC,TT,CC,TT,TT,GG,CT,CC,GT,CC,CT,CC,AG,AA,TT,TT,CC,AA,AG,AC,CC,GG,GT,CC,TT,AA,AA,TT,CC,AG,CC,GG,CC,GT,TT,AA,CC,CC,CC,CC,AA,TT,CC,AA,CC,CC,AA,AT,AA,AA,CG,CT,CC,GG,AA,AA,AA,CC,GG,CC,CC,AA,AA,GG,TT,GG,AC,TT,TT,AG,AC,TT,TT,TT,CG,AA,GT,NN,AA,TT,CG,CC,AA,CT,CC,CC,GG,AC,AA,GG,AG,CC,TT,CC,GT,TT,CG,AT,AA,AA,TT,CC,GG,AC,AC,CC,CG,NN,AC,NN,TT,CC,AA,CC,GT,AA,AC,AA,AT,GG,TT,TT,AA,GG,TT,AT,CG,NN,TT,AA,GG,AA,TT,AA,TT,CC,CT,CC,CC,CT,GG,AA,CC,AA,CC,TT,CT,GT,GG,TT,AA,AA,AA,GG,CC,CG,GG,CC,GG,AT,AA,CC,TT,GG,CC,CC,AA,GG,CG,AA,CC,AA,AA,CC,CC,CC,TT,AA,GG,AA,AA,AC,AC,GG,GG,AA,AA,AT,GG,AC,AG,AC,AC,CT,AA,AA,GG,GG,GG,TT,AA,AA,TT,TT,AT,AA,AA,GG,GG,AA,7.98,Moderate,High,Standard,Medium
L0954,Mandya,Karnataka,Kharif,Red Loamy,Irrigated (Cauvery command),780,27.0,72,AC,TT,GG,AG,CG,CC,GG,TT,CC,CC,AA,CC,CG,TT,GT,GG,GG,TT,TT,AA,NN,TT,GT,CC,TT,CT,TT,TT,GT,AA,TT,CT,AA,AC,AG,GG,GG,CG,GG,CC,TT,NN,AA,TT,AA,AG,TT,AT,CC,AC,GT,AA,AA,GG,CC,TT,AT,AA,GT,CC,AA,TT,AT,AG,CT,TT,CC,GG,TT,GT,AG,GG,CC,AA,AG,AA,AT,GG,GT,TT,GG,GG,GG,CC,AT,GG,AG,AA,CC,TT,AC,TT,CC,TT,TT,GG,NN,CC,GT,CC,CT,CC,AG,AA,TT,TT,CC,AA,GG,AA,CT,GG,TT,CC,GT,AA,AA,TT,CC,AG,CG,GG,CC,GG,TT,AA,CC,CC,AC,CC,AA,TT,CC,AA,CC,CT,AA,TT,AA,AA,GG,CC,CG,GG,AA,AA,AA,CC,GT,CC,CC,AA,AA,GG,TT,GG,AC,TT,TT,GG,CC,GT,TT,TT,CC,AT,TT,TT,AA,AT,GG,CC,AA,CC,AC,CC,GG,CC,AA,GG,AG,CC,TT,GG,GG,TT,GG,AT,AA,AG,TT,AC,GG,AC,CC,CC,GG,GG,AC,GG,TT,AC,AA,CC,NN,AA,AC,AA,TT,GG,TT,TT,AT,GG,TT,TT,CC,AT,GT,AA,GG,AA,CT,AC,TT,CC,TT,AA,AC,CC,CG,NN,CC,GG,CC,TT,CT,GT,GG,TT,AA,AC,AA,GT,CC,GG,GG,CC,GG,AT,AG,CC,TT,GG,CG,CG,AA,GG,CC,AA,CC,AA,AA,AA,CC,AA,TT,AA,GG,AA,AA,AC,AA,GG,AA,AA,AA,TT,CG,AA,AA,CC,AA,NN,AA,AA,CG,AG,GG,GT,AA,AA,GT,TT,TT,AG,TT,GG,NN,AA,6.55,Susceptible,Low,Poor,Early
L0955,Mandya,Karnataka,Kharif,Red Loamy,Irrigated (Cauvery command),780,27.0,72,AC,CT,GG,AA,GG,CC,GT,TT,CC,CG,AA,CC,CG,TT,GT,GT,GG,TT,TT,AG,CC,TT,GG,CC,TT,CC,TT,TT,GG,AA,TT,CT,AA,CC,GG,GG,GG,GG,GG,CC,TT,TT,AA,TT,AA,GG,TT,TT,CC,AA,GG,AA,AG,GG,CC,GT,AA,AC,GT,AC,AA,GT,TT,AG,TT,TT,CC,GG,TT,GT,AA,GG,CC,AA,GG,AC,AA,NN,GT,TT,GG,GT,GG,CC,AT,GG,AA,AA,CC,GT,CC,TT,CC,TT,TT,GG,CT,CC,TT,CC,CC,GG,AG,AA,TT,GT,CC,AA,AA,AA,CC,GG,TT,CC,TT,AA,AA,TT,CC,AA,CC,GG,CC,GT,TT,AA,CT,CC,CC,CC,AA,TT,CC,AA,CC,CC,AA,TT,AA,AA,GG,CC,CC,GG,AA,AG,AA,CC,GG,CC,CG,AA,AG,AG,GG,AG,AC,TT,TT,GG,AA,TT,GT,TT,CG,AA,TT,TT,AA,TT,GG,CC,AA,NN,NN,CC,GG,CC,AA,GG,GG,CC,TT,CG,GT,TT,GG,TT,AA,AA,TT,AC,GG,AA,AC,CC,GG,GG,AA,GG,TT,AC,AA,CC,GT,AT,AC,AA,AA,GT,TT,TT,AT,GG,GT,AA,CC,TT,GT,AA,GG,AA,TT,AA,AT,CC,TT,AC,CC,CT,CC,AA,CG,AG,CC,TT,CT,TT,NN,TT,AA,AC,AA,GG,CC,GG,GG,CC,GG,AT,AA,CG,TT,AG,CC,CC,AA,GG,CC,TT,CC,AA,AA,AA,GG,AC,TT,AA,GG,AA,AA,AC,AA,AG,AG,AA,AA,TT,CG,AC,AA,CC,AA,CT,AA,AA,GG,GG,GG,GT,AA,AA,GT,TT,TT,AA,AT,GG,NN,AA,8.29,Susceptible,High,Poor,Medium
L0956,Mandya,Karnataka,Kharif,Red Loamy,Irrigated (Cauvery command),780,27.0,72,CC,TT,AG,GG,GG,CC,GG,AT,CC,CG,AA,CT,CG,TT,TT,GG,CG,TT,TT,AG,CG,TT,GG,CT,TT,CC,GT,TT,GG,AA,TT,CC,AG,CC,GG,GG,GG,CG,GG,CC,TT,CC,AA,TT,AA,GG,TT,AT,CG,AC,GT,AA,AA,GG,CC,TT,AA,AA,GG,AC,AA,GT,AT,AG,TT,NN,CC,GG,TT,NN,GG,GG,CC,AA,GG,CC,AA,GG,TT,TT,GG,GG,NN,CC,AT,NN,AA,AT,CC,TT,CC,TT,CC,AT,GT,GG,CT,CC,TT,CC,CC,GG,AG,AA,TT,TT,CC,AG,GG,AA,TT,GG,TT,CC,TT,AC,AA,TT,CG,GG,CC,AA,CT,GT,TT,AA,CC,CC,CC,CC,AA,TT,NN,AA,CC,CC,AA,AA,AA,AA,GG,CC,CC,AG,AA,AG,AA,CC,GG,CC,CC,AG,AG,GG,TT,GG,AC,TT,TT,GG,CC,TT,GT,TT,CG,AT,TT,TT,AA,TT,GG,CC,AG,CT,CC,CC,CG,CC,AA,GG,GG,CC,TT,CC,GT,TT,GG,AA,AA,AA,TT,CC,GG,AC,CC,CC,GG,GG,AC,GG,TT,AA,AA,CC,GT,AA,CC,AA,AT,GG,TT,TT,AA,CG,GT,AT,CC,AT,GT,AA,GG,AA,TT,AA,AT,CC,TT,AA,AC,CC,CG,AA,CC,AG,CC,TT,CT,TT,GG,TT,AA,NN,AA,GG,CC,CC,GG,CC,GG,TT,AA,CC,TT,GG,CC,CC,AA,AG,CC,AA,CC,AA,AA,CC,CC,AA,TT,AA,GG,AA,AA,AC,AA,AG,AA,AG,AA,TT,GG,AA,AA,AC,AA,CT,AA,AA,CG,AG,GG,TT,AT,AA,TT,TT,TT,AA,AT,GG,GG,AC,5.45,Resistant,High,Premium,Medium
L0957,Mandya,Karnataka,Kharif,Red Loamy,Irrigated (Cauvery command),780,27.0,72,AA,TT,AG,AG,CG,CC,GT,AT,CC,CG,AA,CC,CC,AT,GT,GG,CG,TT,TT,AA,CC,TT,GT,CT,TT,CC,TT,AT,GG,AA,TT,CT,AA,CC,AG,GG,GG,CC,GG,CC,TT,CT,AC,TT,AA,AA,TT,AT,CC,CC,GG,AA,AA,GG,CC,TT,AA,AC,GT,AA,AG,TT,AA,AG,TT,AT,CC,GG,TT,GG,AA,GG,CC,AA,AG,AC,NN,GG,TT,TT,GG,GG,TT,CC,AT,GG,AA,TT,CG,GT,CC,TT,CC,TT,TT,GG,TT,CC,GT,CT,CC,CC,AG,AA,TT,TT,CC,AA,AA,AC,CT,GG,TT,CC,TT,AA,AA,TT,CC,AG,CC,GG,CT,GT,TT,AA,CC,CC,CC,CC,AA,GG,CC,AA,CC,CC,AA,TT,AA,AA,CG,CC,CC,GG,AA,AA,AA,AC,GG,CC,CC,AA,AA,GG,TT,GG,AC,GT,TT,GG,CC,TT,GT,CT,CG,AA,TT,TT,AA,TT,CG,CC,AA,TT,AC,CC,CG,CC,AA,GG,AG,CC,TT,CC,GG,GT,CC,TT,AA,AA,TT,AC,GG,AA,CC,CC,GG,GG,AC,GG,TT,AA,AA,CC,GG,AT,CC,AA,AA,GG,NN,TT,AT,GG,GT,AA,CC,TT,GG,AA,GG,AA,TT,AA,AT,CC,TT,AA,AC,TT,GG,GG,CG,GG,AC,AT,CT,NN,GG,TT,AC,CC,AG,GG,CG,CG,GG,CC,GG,TT,AA,CC,GT,GG,CC,CC,AA,GG,CC,AA,CC,AA,AA,NN,CC,AC,TT,AA,GG,AA,AA,CC,NN,GG,AG,AA,AG,TT,GG,AA,AG,AC,AA,TT,AA,AA,GG,GG,GG,TT,AT,AA,TT,TT,TT,AA,AT,GG,GG,AA,4.43,Susceptible,High,Poor,Late
L0958,Mandya,Karnataka,Kharif,Red Loamy,Irrigated (Cauvery command),780,27.0,72,AC,TT,GG,AG,GG,CC,TT,TT,CC,CG,AA,CC,CC,AT,GT,GG,CG,TT,TT,AA,CC,GT,TT,CC,AT,CC,TT,AT,GG,AA,TT,CC,AA,CC,GG,CG,GG,CG,GG,CC,TT,CC,AA,TT,AA,AG,CT,AT,CG,CC,GT,AT,AA,GG,CT,TT,AA,AA,GT,AA,AA,TT,TT,GG,TT,TT,CC,GG,NN,GG,GG,GT,CC,AA,AG,AC,AT,GG,GT,TT,GG,GG,GG,NN,AA,GG,AA,AA,CC,GT,AC,TT,CC,NN,GT,GG,CT,CC,GG,CC,CC,CG,AG,NN,TT,TT,CC,AA,AG,AA,TT,GG,TT,CC,TT,AC,AA,TT,CC,AG,CC,GG,CC,GT,CC,AG,CC,CC,CC,CC,AA,TT,CC,AA,CC,CC,AA,AT,AA,AT,GG,CT,CG,GG,AA,NN,AA,CC,GG,CC,CC,AA,AA,AG,GT,AG,CC,TT,CT,AG,AA,GT,GT,CT,CG,AA,TT,TT,AA,AA,GG,NN,AG,CT,CC,CC,GG,CC,AA,GG,AG,CC,TT,CC,GG,TT,CG,AA,AA,AA,TT,CC,GG,AA,AA,CC,NN,GG,AC,GG,TT,AC,AA,CC,GG,AT,CC,TT,AA,GG,TT,TT,AT,GG,GT,AA,CG,TT,TT,AA,GG,AA,TT,CC,TT,CC,TT,AA,CC,TT,GG,AG,CC,AG,AC,TT,TT,GG,GG,TT,AA,CC,AA,GG,CC,CG,GG,CC,GG,TT,AA,CC,GT,GG,CC,CG,AT,GG,CG,AA,CC,AA,AA,CC,CG,AC,TT,AA,GG,AA,AA,AC,AA,AG,AA,AG,AA,TT,CC,AA,AG,CC,AA,TT,AG,AG,GG,GG,NN,TT,AA,AA,TT,TT,TT,AG,AT,GG,GG,AA,7.01,Susceptible,Low,Poor,Medium
L0959,Mandya,Karnataka,Kharif,Red Loamy,Irrigated (Cauvery command),780,27.0,72,AC,TT,GG,AA,GG,CC,GG,AT,CC,CG,AA,CC,CG,TT,TT,GT,GG,TT,TT,AG,CC,GT,GT,CC,TT,CC,TT,NN,GG,AA,TT,CC,AA,CC,GG,CG,GT,CC,GG,CC,GT,CT,AA,GT,AG,AG,TT,AA,CC,AC,GG,AA,AA,GG,CC,NN,AA,AA,GT,AA,AG,TT,AA,AA,TT,AT,CC,GG,TT,GT,AA,GG,CC,AA,GG,AA,AA,GG,TT,TT,GG,GT,GG,CC,AA,GG,AA,AA,CC,GG,CC,TT,TT,TT,GT,GG,TT,AC,GT,CC,CC,GG,GG,AG,TT,GT,CC,AG,AA,AA,CC,GG,TT,CC,TT,AA,AA,TT,CC,GG,CC,GG,CC,GG,NN,AA,CC,CC,CC,CG,AA,TT,CC,AA,CC,CT,AA,TT,AG,AA,GG,CC,CC,GG,AA,GG,AA,CC,GG,CC,CG,AA,AA,GG,TT,GG,AA,TT,CT,NN,CC,TT,GT,TT,CC,AT,TT,TT,AT,TT,GG,CC,AG,CT,CC,CC,CG,CC,AA,GG,GG,CC,GT,CC,GG,GT,GG,AT,AG,AA,TT,CC,GG,AC,AC,CC,GG,AG,AA,CG,NN,AC,AA,CC,GG,AA,AC,AA,AA,GG,GT,AT,AT,GG,GT,AA,CG,AT,TT,AA,GG,AA,CT,AA,TT,CC,TT,CC,CC,TT,GG,AG,CC,AG,CC,TT,CT,TT,GG,TT,AA,AC,AA,GG,CC,CC,GG,CC,GG,AA,AA,CC,TT,GG,CC,CC,AA,GG,CG,AA,CC,AA,AA,AC,CC,AC,TT,AA,GG,AA,AA,AC,AC,AG,AA,AA,AA,TT,GG,AA,AA,AA,AA,TT,AA,AA,GG,GG,GG,TT,AA,NN,GT,TT,TT,AG,TT,GG,GG,AA,6.07,Resistant,Low,Premium,Early
L0960,Mandya,Karnataka,Kharif,Red Loamy,Irrigated (Cauvery command),780,27.0,72,AC,TT,GG,AA,GG,CC,GG,AT,CC,CC,AA,CC,CC,TT,NN,GG,CG,TT,TT,AA,CG,NN,GT,CC,TT,CC,GT,AT,GG,AA,TT,CC,AA,CC,GG,GG,GG,CG,GG,CC,TT,CT,AA,TT,AG,GG,CT,TT,CC,CC,GG,AA,AG,GG,CT,TT,AT,CC,GT,NN,GG,TT,TT,AA,TT,TT,CC,GG,TT,GG,GG,GG,CC,AA,NN,AA,AA,GG,TT,TT,GG,GG,GG,CC,AA,GG,AA,AT,CC,TT,CC,TT,CC,TT,TT,GG,TT,CC,GT,CC,CC,GG,AG,AA,TT,TT,CG,AA,NN,AA,CC,GG,TT,CC,TT,AA,AA,TT,CC,AG,CC,GG,CC,GG,CT,NN,CT,CC,CC,CC,AA,GT,CC,AA,CC,CT,AA,TT,AA,AA,GG,CC,CC,GG,AA,AG,AT,CC,GG,CC,CC,AA,AA,AG,TT,AG,AC,TT,TT,GG,CC,TT,GT,TT,CC,AT,GT,TT,AA,TT,GG,NN,AA,CC,CC,CC,GG,AC,AA,GG,AG,CC,TT,CC,GT,TT,GG,AT,AA,AA,TT,AC,GG,AA,CC,CC,CG,GG,CC,CG,TT,AC,AA,CC,GG,AA,CC,AA,AA,GT,TT,AT,AT,GG,GG,AA,CG,TT,TT,AT,GG,AA,CT,AA,TT,CC,TT,AC,CC,TT,GG,AA,CC,AG,CC,NN,CT,TT,GG,TT,AA,AC,AG,GG,CC,CC,GG,CC,NN,AT,AA,CC,GT,GG,CC,CC,AA,GG,CC,AA,CC,AA,AA,CC,CC,AC,TT,AA,GG,AA,AA,AA,AA,AG,AA,AA,AA,AT,GG,AA,AA,NN,AA,CT,AA,AG,GG,GG,GG,GT,AT,AA,GT,TT,TT,GG,TT,GG,GG,AA,5.58,Moderate,Medium,Premium,Early
L0961,Mandya,Karnataka,Kharif,Red Loamy,Irrigated (Cauvery command),780,27.0,72,CC,TT,AG,AA,GG,NN,GG,AT,CC,CG,AA,CC,CC,TT,GT,GG,CG,TT,TT,AA,CC,TT,GT,CT,NN,CC,TT,TT,GT,AA,TT,CC,AA,CC,GG,GG,GG,CC,NN,CC,TT,CT,AA,TT,AA,AG,TT,TT,CC,AA,GT,AT,AG,GG,CC,TT,AA,AA,GG,AC,AA,TT,TT,AG,TT,TT,CC,GG,CT,GT,GG,GG,CC,AA,GG,CC,AA,GG,TT,TT,AG,GT,NN,CC,TT,GG,AA,AT,CC,GT,CC,TT,CC,TT,GT,GG,TT,CC,GT,CC,CT,CC,AG,AA,AT,TT,CC,AA,AG,AA,CC,GG,TT,CG,TT,AA,CC,TT,CG,AG,CC,GG,CC,TT,TT,AG,CT,CC,AA,CC,AA,TT,CC,AA,CC,CC,AA,TT,AA,AA,CG,CT,CG,GG,AA,GG,AT,CC,GT,CC,CC,AA,AA,NN,GG,GG,AC,TT,TT,AG,AC,TT,TT,CT,CC,AT,TT,CC,AA,TT,GG,CC,AA,CC,CC,CC,CG,CC,AA,GG,AG,CC,TT,CC,GT,TT,CG,AA,AA,AG,TT,AC,GG,AC,CC,CC,GG,GG,AC,GG,NN,AA,AA,CC,GT,AA,CC,AA,AA,GT,TT,TT,AA,CG,GT,AA,CC,TT,GT,AA,GG,AA,TT,AA,TT,CC,CT,AA,CC,CT,GG,AG,CG,AG,CC,TT,TT,TT,GG,AT,AC,AC,AG,GG,CC,CC,GG,CC,GG,AT,AA,CC,GT,GG,CG,CG,AT,GG,NN,AA,GG,AA,AA,AC,CC,AC,TT,AA,CC,AA,AC,AC,AA,AA,AG,AG,AA,NN,GG,AC,NN,AA,AA,TT,AA,AA,GG,AG,GG,TT,AT,AG,TT,TT,TT,NN,TT,GG,GG,AA,7.15,Susceptible,Medium,Poor,Late
L0962,Mandya,Karnataka,Kharif,Red Loamy,Irrigated (Cauvery command),780,27.0,72,AA,TT,AG,GG,GG,CC,GG,TT,CC,CC,AA,CT,GG,TT,TT,GG,CG,TT,TT,AA,CC,GT,GG,CC,AT,CC,GT,TT,GT,AA,TT,CC,AA,CC,GG,GG,GT,CG,GG,CC,TT,TT,AA,TT,AA,GG,CT,NN,CC,AA,GG,AA,AG,GG,CC,TT,AT,AA,GT,AA,AA,TT,TT,AG,TT,AT,CC,GG,TT,GG,AA,GG,CC,AA,GG,CC,AT,GG,GG,TT,GG,GG,GG,CC,AA,GG,AA,AA,CC,TT,CC,TT,CT,TT,TT,GG,TT,CC,GT,CC,CC,CC,AG,AA,AT,TT,CC,AA,AA,AC,CT,GG,TT,CC,TT,AA,AC,TT,CG,AG,CG,AG,CC,TT,CT,AG,CC,CC,CC,CC,AA,TT,AC,AA,CC,CC,AA,TT,AG,TT,CG,CC,CC,GG,AA,AG,AA,AC,NN,CC,CC,AG,AA,GG,TT,AG,AA,TT,CT,GG,CC,GT,GT,CT,GG,AA,TT,TT,AA,TT,GG,CC,AG,CC,CC,CC,GG,CC,AA,GG,AG,CC,TT,CC,GG,GT,GG,TT,AA,GG,TT,CC,GG,AA,AC,CC,GG,GG,AA,GG,CT,AA,AA,CC,GG,AT,CC,AA,AA,GG,TT,AT,AA,NN,GG,AA,CC,AT,GG,AA,GG,AA,CT,AC,TT,CG,TT,AC,CC,CT,CC,AG,CG,GG,AC,TT,CT,TT,GG,TT,AA,AA,AA,GG,CC,CG,GG,CC,GG,TT,AA,CG,TT,GG,CC,CC,AA,GG,CC,AA,CC,AA,AA,CC,CC,CC,TT,AA,CG,AA,AA,AA,AA,GG,AA,AA,AA,TT,GG,AC,AA,AC,AA,CT,AA,AA,GG,GG,GG,TT,AA,AG,TT,TT,TT,AA,AT,GG,GG,AA,9.03,Susceptible,Low,Premium,Late
L0963,Mandya,Karnataka,Kharif,Red Loamy,Irrigated (Cauvery command),780,27.0,72,AC,TT,GG,AG,CG,CC,GG,TT,CC,CG,AA,CC,CC,AT,TT,GG,GG,TT,TT,AA,CC,TT,GT,CC,AT,CC,TT,NN,GG,AA,TT,CC,AA,CC,GG,GG,GG,CG,GG,CC,TT,CC,CC,TT,AA,GG,TT,TT,CC,AC,GG,AA,AA,GG,CT,GT,AA,AA,TT,AA,AA,TT,TT,AG,TT,AT,CC,GG,TT,GG,AA,GG,CC,AG,AG,AA,AT,GG,GT,TT,GG,GG,NN,CC,AA,GG,AG,AA,CG,TT,AA,TT,CC,AT,GG,GG,CT,CC,GG,CC,CC,CC,AA,AA,TT,TT,CC,AA,AG,CC,CT,GG,GT,CG,GT,AA,AA,NN,CC,AG,CC,GG,CT,GT,TT,AA,CC,CC,AC,CC,AG,TT,NN,AA,CC,CC,AA,TT,AG,AT,GG,CC,CG,AG,AA,GG,AA,AC,GG,CC,CC,AA,AG,GG,TT,GG,CC,TT,TT,AG,CC,TT,TT,TT,CC,AA,TT,TT,AA,AT,GG,CC,AG,CT,CC,CC,GG,CC,AA,GG,AA,CC,TT,CC,GT,TT,GG,TT,AA,AG,GT,CC,GG,AA,AC,CC,GG,GG,AA,GG,TT,AA,AA,CC,GG,AT,CC,AA,AA,GT,GT,TT,AT,GG,GT,TT,CG,AT,GG,AA,GG,AA,TT,AA,TT,CC,CT,AA,CC,TT,GG,AG,CC,AG,CC,TT,CT,TT,GG,TT,AA,AC,AA,NN,CC,CC,GG,CC,GG,AT,AA,CC,TT,GG,CC,CC,AA,GG,CC,AT,CC,AA,NN,AC,CC,CC,TT,AA,GG,AA,AA,AC,AA,GG,AG,AA,AA,TT,GG,AA,AG,AC,AA,TT,AG,AG,GG,GG,GG,TT,AA,AA,TT,TT,TT,AG,TT,GG,GG,AA,10.09,Susceptible,Medium,Standard,Early
L0964,Mandya,Karnataka,Kharif,Red Loamy,Irrigated (Cauvery command),780,27.0,72,AA,CT,GG,AA,GG,CC,GG,AT,CC,CC,AT,CC,CC,AT,TT,GG,GG,TT,TT,AA,CC,TT,TT,CC,AT,CC,GT,TT,GG,AA,TT,CT,AA,CC,GG,CG,GG,NN,GG,CC,TT,CT,AA,TT,AG,AG,TT,AT,CC,AC,GG,AA,AG,GG,CC,TT,AA,AC,GG,NN,AG,GT,AT,GG,TT,AT,CC,GG,TT,GT,AG,GG,CC,AA,AA,AC,AT,AG,TT,TT,GG,GG,GG,CC,AA,GG,AA,AA,CG,GT,CC,GT,CT,AT,TT,GG,CT,CC,TT,CT,CC,CC,AG,AG,AT,TT,CC,AA,AA,AA,CC,GG,TT,CC,GT,AC,AC,TT,CC,AG,CG,GG,CT,GG,TT,AG,CC,CC,CC,CC,AA,GT,CC,AA,CC,CC,AA,TT,AG,AA,CG,CT,CC,NN,AA,GG,AA,AC,GG,CG,CC,AA,AA,GG,TT,AG,AA,NN,TT,GG,AC,TT,GT,CT,NN,AT,TT,TT,AT,TT,CG,CC,AG,CC,CC,CC,GG,CC,AA,GG,AA,CC,TT,CC,GG,GG,GG,TT,AA,AA,GT,CC,GG,AA,CC,CG,GG,GG,AA,CG,TT,AA,AA,CC,GG,AT,CC,AA,AT,GG,TT,AT,AA,GG,GG,AT,CC,TT,GG,AA,GG,AA,TT,AC,TT,CC,TT,AA,CC,CT,CG,AG,CG,GG,AC,AT,TT,GT,GG,TT,AA,AC,AA,GT,CC,CG,GG,CC,GG,AT,AA,CC,TT,GG,CC,CC,AT,GG,CC,AA,CC,AA,AA,CC,CG,AC,TT,AA,GG,AA,AA,AC,AA,GG,AG,AG,NN,AT,GG,AC,AA,CC,AA,TT,AA,AG,GG,GG,GG,TT,NN,AG,GT,TT,TT,GG,AA,GG,GG,AA,8.37,Susceptible,Low,Standard,Medium
L0965,Mandya,Karnataka,Kharif,Red Loamy,Irrigated (Cauvery command),780,27.0,72,AA,TT,GG,AG,GG,CC,GG,TT,CC,GG,AA,CC,CC,AT,TT,GG,GG,TT,TT,AG,CG,TT,TT,CT,AT,CC,GT,TT,GG,AA,TT,CC,AA,CC,GG,GG,GG,CC,GG,CC,TT,TT,AC,TT,AA,AG,TT,AT,CC,AA,GG,AA,AA,GG,CC,GT,AT,AC,TT,AC,AA,GT,AT,AA,TT,TT,CT,GG,TT,GT,AA,GG,CC,AA,GG,AA,AT,GG,TT,TT,GG,GG,GG,CC,AA,GG,AA,AA,CC,GT,CC,TT,CC,TT,TT,GG,TT,CC,GT,CT,CC,CC,GG,AA,AT,TT,CC,AA,AA,AC,CC,GG,TT,CC,TT,AC,AC,TT,CC,AA,CG,AG,CC,GG,CT,AG,CC,CC,CC,CG,AA,TT,CC,AA,CC,CC,AA,AT,AA,AT,CG,CT,CC,GG,AA,GG,AA,CC,GG,CC,NN,AA,AG,GG,TT,AG,AC,TT,CT,AG,AC,TT,TT,TT,CC,AT,TT,TT,AA,AT,GG,CC,AG,CT,CC,CC,CG,CC,AA,GG,AA,CC,TT,CC,GG,TT,GG,AA,AA,AA,TT,CC,CG,AC,AC,CC,GG,GG,AA,GG,TT,AC,AA,CC,GG,AA,CC,AT,AT,GG,TT,AT,AA,CG,GT,AA,CC,TT,GT,AA,GG,AA,CC,AA,TT,CC,TT,AA,CC,TT,CG,AA,CC,AA,CC,TT,TT,GG,CG,AT,AA,CC,AA,GG,CC,CG,GG,NN,GG,AT,AA,CC,TT,GG,CC,CG,AA,AG,CG,AA,CC,TT,AA,CC,CG,AC,TT,AA,GG,AA,AA,AA,AA,GG,AG,AG,AA,TT,CC,AC,AG,CC,AC,TT,AA,AA,GG,GG,GG,TT,AA,AA,TT,TT,TT,AA,TT,GG,CG,AA,6.51,Susceptible,Low,Poor,Early
L0966,Mandya,Karnataka,Kharif,Red Loamy,Irrigated (Cauvery command),780,27.0,72,AC,TT,GG,AG,GG,CC,GG,TT,CC,CG,AT,CC,CG,AA,TT,GG,CG,TT,TT,AA,CC,GG,TT,CC,TT,CC,GT,TT,GG,AA,TT,CT,AA,CC,GG,GG,GG,GG,GG,CC,TT,TT,AA,TT,AG,AG,TT,AT,CC,AC,GT,AA,AA,GG,CC,TT,AT,AA,GT,AA,AA,TT,AT,AG,TT,TT,CC,GG,TT,GG,AA,GG,AC,AA,GG,AA,AA,GG,TT,TT,GG,GG,GG,AC,AA,GG,AA,AT,CC,TT,CC,TT,CT,TT,TT,GG,TT,CC,GT,CC,CC,CC,AA,AA,TT,TT,CC,AA,AG,AA,CC,GG,TT,CC,TT,AA,AA,AT,CG,AG,CC,GG,CC,GT,TT,AA,CC,CC,CC,CC,AG,TT,CC,AA,CC,CC,AA,AT,AG,AA,GG,CT,CC,AG,AA,AA,AT,CC,GG,CG,CC,AA,AA,AG,TT,GG,AA,NN,TT,GG,NN,GT,TT,CT,CC,AT,TT,TT,AA,AT,GG,CG,AA,CT,CC,CC,GG,CC,AA,GG,GG,CC,TT,CC,GT,TT,GG,AA,AA,AG,TT,CC,GG,AA,AC,CC,GG,AG,AC,GG,TT,AA,AG,CC,GG,AA,CC,AA,AA,GG,NN,AT,AT,CC,GT,AA,CG,AT,GT,AA,GG,AA,TT,AA,TT,CC,CC,AC,CC,CT,GG,GG,NN,AG,AC,TT,TT,TT,GG,TT,AA,AC,GG,GG,CC,CG,GG,CC,GG,AA,AA,CC,TT,GG,CC,CG,AT,GG,CC,AA,CC,AA,AG,AC,CG,AC,TT,AA,GG,AA,AA,AC,AA,GG,GG,AG,AA,AA,GG,AC,AA,AC,AA,CT,AA,AA,GG,AG,GG,TT,AT,AA,GT,TT,TT,AA,TT,GG,CG,AA,6.11,Susceptible,Medium,Poor,Late
L0967,Mandya,Karnataka,Kharif,Red Loamy,Irrigated (Cauvery command),780,27.0,72,AA,CT,AG,AA,CG,CG,GG,AT,CC,CG,AA,CC,CC,TT,GG,GG,GG,TT,TT,AG,CC,GT,GT,CT,TT,CC,TT,TT,GG,AA,TT,CC,AA,CC,GG,GG,GG,CG,GG,CC,TT,TT,AA,TT,GG,GG,CT,TT,CC,CC,GT,AA,AA,GG,CC,TT,AA,AA,GG,AA,AA,TT,TT,AA,TT,TT,CC,GG,TT,GG,GG,GG,CC,AA,GG,AC,AA,GG,GT,TT,GG,TT,GG,CC,AA,GG,AG,AA,CC,TT,CC,TT,CC,TT,GT,GG,NN,CC,TT,CC,CC,CG,AG,AA,TT,TT,NN,GG,AA,AA,CC,GG,TT,CG,TT,AA,AA,TT,CC,GG,CC,GG,CT,GG,CT,AA,CC,CC,CC,CC,AA,TT,CC,AA,CC,CT,AA,TT,AA,AA,GG,CC,CC,GG,AA,AG,AA,CC,GG,CC,CC,AA,AA,GG,TT,GG,AC,TT,CT,GG,AC,GT,TT,TT,CC,AT,TT,TT,AA,TT,GG,CC,AA,CC,AC,CC,CG,CC,AA,GG,AA,AC,TT,CC,GG,GT,NN,TT,AA,AG,TT,CC,GG,AA,AC,CC,GG,GG,AC,GG,TT,AA,AA,CC,GG,AA,CC,AA,AA,GG,TT,AA,AA,GG,TT,AT,CC,TT,GT,AA,GG,AA,TT,AA,TT,CC,CT,AA,NN,NN,GG,AA,CC,AG,CC,TT,TT,TT,GG,AT,AA,AC,AG,NN,CC,CC,GG,GG,GG,AT,AA,CG,TT,GG,CC,CC,AA,GG,CC,AA,CC,AT,AA,CC,CG,AC,TT,AA,GG,AA,AA,AA,AC,GG,AA,AG,AA,TT,CG,AA,AA,AC,AA,TT,AA,AG,GG,GG,GG,TT,AT,AG,TT,TT,TT,AG,TT,GG,GG,AA,7.16,Susceptible,Medium,Poor,Late
L0968,Mandya,Karnataka,Kharif,Red Loamy,Irrigated (Cauvery command),780,27.0,72,AA,CT,GG,AG,GG,CC,TT,TT,CG,CC,AA,CT,CG,AT,TT,GG,GG,TT,TT,AA,CG,GT,GT,CC,TT,CT,TT,TT,GT,AA,CT,CC,NN,CC,GG,GG,GG,CC,GG,CC,TT,TT,AA,TT,AA,AG,TT,TT,CC,AA,GG,AA,AA,GG,CC,TT,AT,AC,GG,AA,AA,TT,AT,AG,TT,TT,CC,GG,TT,GG,AG,GG,CC,AA,GG,AC,AA,GG,TT,TT,GG,GT,GG,CC,AT,GG,AA,AA,CC,GG,CC,TT,CC,AT,GT,GG,TT,CC,TT,CC,CC,CC,GG,AA,TT,TT,CG,AA,AA,AA,CC,GT,TT,CG,TT,AC,AC,TT,CG,GG,CG,AG,CC,GT,TT,AA,CC,CC,CC,CC,AA,GT,CC,AA,CC,CC,AA,TT,AA,AA,GG,CC,CC,GG,AA,GG,AA,CC,GG,CC,CC,AA,GG,AG,GT,GG,NN,TT,TT,GG,AA,NN,TT,TT,CC,AA,GT,TT,AA,AA,GG,CC,AA,CC,CC,CC,CC,CC,AA,GG,AA,CC,TT,GG,GT,TT,CG,AT,AA,AG,TT,CC,GG,AA,AC,CC,CG,GG,AC,GG,TT,AC,AA,CC,GT,AA,AC,AT,NN,GG,TT,TT,AA,GG,NN,AT,CC,AT,NN,AA,GG,AA,CC,AA,TT,CC,TT,AA,CC,TT,GG,AG,CG,AG,AC,TT,CC,TT,GG,AT,AA,AC,AA,GT,CC,CC,GG,CC,GG,TT,AA,CC,TT,GG,CG,CC,AA,AG,CC,AA,CC,AA,AA,AA,CG,CC,AA,AA,GG,AT,AC,AC,AA,AG,AG,AG,AA,AT,GG,AA,AG,AC,AA,TT,AG,AG,GG,GG,NN,TT,AA,AA,TT,TT,TT,AG,AT,GG,GG,AA,5.02,Susceptible,Low,Poor,Medium
L0969,Mandya,Karnataka,Kharif,Red Loamy,Irrigated (Cauvery command),780,27.0,72,AA,TT,GG,AA,CG,CG,GT,AT,CC,CG,AA,CC,CC,AT,TT,GT,CG,TT,TT,AA,CC,TT,TT,CT,TT,CC,TT,TT,GG,AA,NN,CC,AA,CC,GG,CG,GG,CC,GG,CC,TT,TT,AA,TT,AA,AA,TT,AT,CC,AC,GT,AA,AA,GG,CC,TT,AA,AC,GG,AC,AA,TT,AT,AA,TT,TT,CC,GG,TT,GT,AG,GT,CC,AA,AG,AA,AT,GG,TT,TT,GG,GG,GG,CC,AA,GG,AG,AT,CC,GT,CC,TT,CT,TT,TT,NN,TT,CC,TT,CC,CC,CG,GG,AA,TT,TT,CC,AA,AA,AA,CT,GG,TT,CC,TT,AC,AA,TT,CC,GG,CC,AG,CC,GG,TT,AA,CC,CC,CC,CC,AA,TT,AC,AA,CC,CC,AA,TT,AA,AA,GG,CT,CC,GG,AA,GG,AA,CC,GG,CC,CC,AA,AG,AG,TT,GG,AA,GT,TT,GG,CC,GT,TT,CT,CC,AA,TT,TT,AA,TT,GG,CC,AA,TT,CC,CC,GG,CC,AA,GG,AA,CC,TT,CC,GT,TT,CG,AT,AA,AA,NN,CC,CG,AA,CC,CC,GG,AG,CC,GG,TT,AC,AA,CC,GG,AA,CC,AA,TT,GG,TT,AA,AT,GG,GT,AT,CC,TT,GT,AA,GG,AA,CT,AA,TT,CC,CT,AC,CC,TT,GG,GG,CC,AG,AC,TT,CT,GT,GG,TT,AA,CC,AG,GG,CC,CC,GG,CC,GG,AT,AA,CC,GT,NN,CG,CC,AT,GG,CC,AT,CC,AA,AA,AC,CC,CC,TT,AA,NN,AA,AA,AA,AA,AG,AG,AG,AA,TT,CG,AA,AA,AC,AC,TT,AA,AA,GG,GG,GG,TT,AA,AG,TT,TT,TT,AG,AT,CG,GG,AA,7.22,Susceptible,High,Poor,Early
L0970,Mandya,Karnataka,Kharif,Red Loamy,Irrigated (Cauvery command),780,27.0,72,AC,TT,GG,AA,GG,CC,GG,TT,CC,CG,AA,CT,CC,TT,TT,GG,GG,TT,TT,AA,CC,TT,GT,TT,TT,CC,TT,TT,GG,AA,CT,CC,AA,CC,GG,GG,GG,CC,GG,CC,TT,TT,NN,TT,AG,AG,TT,TT,CG,CC,GG,AA,AA,GG,CC,GT,NN,AC,GT,AC,AA,GT,TT,AA,TT,TT,CC,GG,TT,GT,AG,GG,CC,AA,AG,AC,AA,GG,TT,TT,GG,GG,GG,CC,AA,GG,AA,AT,CC,GT,CC,TT,CT,TT,TT,AG,TT,CC,TT,CC,CC,CG,GG,AA,AA,TT,CC,AA,AG,AA,CC,GG,TT,CC,TT,AC,AA,TT,CC,GG,CC,GG,CC,GT,CT,AA,CC,CC,AC,CC,AA,GT,CC,AA,CC,CT,AA,TT,AG,AT,GG,CT,CC,GG,AA,GG,AA,CC,GG,CC,CC,AA,AA,GG,GT,GG,AA,GT,CT,GG,CC,TT,TT,TT,CC,AT,TT,TT,AA,TT,CG,CG,AG,CC,CC,CC,CG,CC,AA,AG,AA,CC,TT,CG,GG,GT,GG,TT,AA,AA,TT,CC,GG,AC,AC,CC,GG,GG,CC,GG,TT,AA,AA,CC,GG,AA,CC,AA,AA,GG,GG,TT,AT,GG,GT,AT,GG,TT,GT,AA,GG,AA,CT,AA,TT,CC,TT,AA,CC,TT,GG,GG,CG,GG,CC,AT,CC,GT,GG,NN,AA,AC,AG,GG,CC,GG,GG,CG,GG,TT,AA,CC,GG,GG,CC,CC,AA,GG,CC,AT,CC,AA,AA,AC,CC,AA,TT,AA,GG,AA,AA,AC,AA,GG,AA,AA,AG,AT,CC,AC,AA,CC,AC,CT,AG,AA,GG,GG,GG,TT,AT,AA,TT,TT,TT,AG,TT,GG,CG,AA,8.08,Susceptible,Low,Standard,Early
L0971,Mandya,Karnataka,Kharif,Red Loamy,Irrigated (Cauvery command),780,27.0,72,AC,TT,GG,AG,GG,CC,GT,AT,CC,CG,AA,CC,CC,AT,TT,GG,GG,TT,NN,AA,CG,TT,TT,CC,TT,CT,TT,TT,GG,AA,TT,CT,AA,CC,GG,GG,GG,CC,GG,AC,TT,CC,AA,GT,AA,GG,TT,TT,CC,CC,GT,AT,AG,GG,CT,TT,AA,AA,GG,AC,AA,TT,TT,GG,CT,TT,CC,GG,TT,GT,AG,GG,CC,AA,GG,AC,TT,GG,NN,TT,GG,GG,GG,CC,AT,GG,AA,AA,CC,TT,CC,TT,CC,TT,GT,AG,TT,CC,TT,CC,CC,CC,AA,AA,TT,TT,CC,AA,AG,AA,CC,GG,TT,CC,GT,AA,AA,TT,CG,AG,CG,GG,CC,TT,TT,AA,CC,CC,AC,CC,AA,TT,AC,AA,CC,CC,AA,TT,AG,AA,GG,CC,CG,GG,AA,AG,AT,CC,TT,NN,CC,AA,AA,GG,TT,AG,AC,GT,TT,GG,CC,TT,TT,TT,CC,AT,GG,CC,AA,TT,GG,CC,AG,CC,CC,CC,NN,CC,AA,GG,AA,CC,TT,CC,GG,TT,GG,AT,AA,NN,TT,CC,GG,AA,CC,CC,GG,GG,AC,GG,TT,AC,AA,CC,GG,AT,CC,AA,AA,GG,TT,AT,AT,CC,GG,AA,CC,AT,TT,AA,GG,AA,TT,AA,TT,CC,CT,AC,CC,NN,CG,NN,CC,NN,AC,TT,TT,GG,GG,TT,AA,AA,AA,GG,CG,CG,GG,CC,GG,AA,AG,CG,TT,GG,CC,CC,AT,AG,CC,AA,CC,NN,AA,CC,CC,CC,TT,AA,GG,AT,NN,AA,AA,AG,AG,AA,AA,AT,GG,AC,AG,CC,AA,CT,AG,AA,GG,GG,GG,NN,AT,AA,TT,TT,TT,AG,TT,GG,GG,AA,7.6,Susceptible,Medium,Premium,Late
L0972,Mandya,Karnataka,Kharif,Red Loamy,Irrigated (Cauvery command),780,27.0,72,CC,TT,AG,AA,GG,CC,GG,AA,CC,CG,AA,CC,CC,AT,TT,GG,GG,TT,AT,AA,CC,GT,TT,CC,TT,CC,TT,AT,GG,AA,TT,CC,AA,CC,GG,GG,GG,CG,GG,CC,TT,CT,AA,GT,AA,GG,TT,AT,CG,AA,GT,AT,AA,GG,CC,TT,AA,AA,GT,AC,GG,GG,AT,AG,TT,TT,CC,GG,TT,GG,AG,GT,CC,AA,AG,AA,AA,GG,TT,TT,GG,GG,GG,CC,AA,GG,AA,AA,CC,TT,CC,TT,CC,TT,TT,GG,TT,CC,TT,CC,CC,GG,GG,AA,TT,TT,CC,AA,AG,AA,CC,GG,TT,CC,TT,AA,AA,TT,CC,GG,CC,GG,CC,TT,TT,AA,CC,CC,CC,CG,AA,TT,CC,AA,CC,CT,AG,TT,AA,AA,GG,CC,CC,GG,AA,AA,AA,CC,GG,CC,CC,AA,AA,GG,TT,GG,AC,GT,TT,AG,AC,TT,GT,TT,CC,AA,GT,NN,AT,TT,NN,CC,AG,CC,CC,CC,CG,CC,AA,GG,AA,CC,TT,CC,GG,GT,CG,TT,AA,AA,TT,CC,GG,AA,AC,NN,GG,GG,CC,GG,TT,AA,AA,CC,GG,AT,AC,AA,AA,GG,TT,AT,AA,CG,TT,AA,CG,AT,GT,AA,GG,AA,CT,AA,TT,CC,CC,AA,CC,CT,GG,AG,CG,AG,CC,TT,TT,TT,GG,TT,AA,AC,AG,GG,CC,CC,GG,CC,GG,AT,AA,CG,TT,GG,CC,CG,NN,AG,CG,AT,CC,AA,AA,AC,CG,AC,TT,AA,GG,AA,AA,AC,AA,AG,AA,GG,AA,AT,GG,AA,AG,CC,AA,TT,AA,AA,CG,GG,GG,TT,AA,AA,TT,TT,TT,AG,AT,GG,CG,AA,6.95,Susceptible,Medium,Standard,Late
L0973,Mandya,Karnataka,Kharif,Red Loamy,Irrigated (Cauvery command),780,27.0,72,AA,TT,GG,GG,GG,CC,GT,AA,CC,GG,AA,CT,NN,AA,TT,GG,CG,TT,AT,AA,CG,GT,GT,CC,TT,CT,TT,TT,GG,AA,TT,CT,AA,CC,GG,GG,GG,CC,GG,CC,TT,TT,AA,TT,AG,AG,TT,TT,CC,CC,GG,AA,AG,GG,CC,TT,AT,AA,TT,AC,GG,TT,AT,AG,TT,TT,CT,GG,TT,GG,AG,GG,CC,AA,GG,AA,AA,GG,TT,TT,GG,GG,GT,CC,AA,GG,AG,AA,CC,GT,CC,TT,TT,TT,GT,GG,TT,AC,TT,CT,CC,CC,AG,AA,TT,TT,CG,AA,AG,AA,CC,GG,TT,CC,TT,AA,AA,TT,CC,GG,CC,GG,NN,GT,TT,AA,NN,CC,CC,CC,AA,GT,CC,AA,CC,CC,AA,AT,AA,AA,GG,CC,CC,GG,AA,GG,AA,CC,GG,CC,CC,AA,AA,GG,GT,GG,AA,TT,TT,GG,CC,TT,GT,TT,CC,AA,TT,CT,AA,TT,GG,CC,AA,CT,CC,CC,CG,CC,AA,GG,AG,CC,TT,CC,GT,TT,GG,AT,AA,AA,TT,CC,CG,AA,AC,CC,GG,GG,AC,GG,TT,NN,AA,CC,GG,AA,CC,AA,AT,GT,TT,AT,AA,GG,GG,AA,CC,AT,TT,AA,GG,AA,TT,AC,TT,CG,TT,AA,CC,TT,GG,AA,CG,AG,CC,AT,CC,GG,GG,TT,AA,AA,NN,GG,CC,CG,GG,CC,GG,TT,AA,CC,TT,GG,CC,CC,AA,GG,CC,AT,CC,AA,AA,CC,CG,CC,TT,AG,GG,AA,AA,CC,AA,AG,AA,AA,AA,AT,GG,AC,AA,AC,AA,CT,AA,AG,GG,AG,GG,TT,AT,AA,TT,TT,AT,AG,AT,GG,GG,AA,5.34,Susceptible,High,Premium,Medium
L0974,Mandya,Karnataka,Kharif,Red Loamy,Irrigated (Cauvery command),780,27.0,72,AC,TT,AG,AG,GG,CC,GG,AT,CC,CG,AA,CC,CC,TT,TT,GG,NN,TT,TT,AA,CC,GT,GT,CT,TT,CC,TT,TT,GG,AA,TT,CT,AA,CC,GG,CG,GG,CC,GG,AC,NN,NN,CC,TT,AA,AG,TT,AT,CC,AA,GG,AT,AA,GG,CC,TT,AA,AA,TT,AA,AG,TT,AT,AA,TT,TT,NN,GG,TT,GG,AA,GG,CC,AA,GG,CC,AA,GG,TT,TT,GG,GG,GG,CC,AT,GG,AG,AT,CC,TT,AC,TT,CC,TT,GT,GG,CT,AC,TT,CC,CC,CG,AG,AA,TT,TT,CG,AA,AA,AA,CC,GG,TT,GG,TT,AA,AA,TT,CC,GG,CC,GG,CT,GT,NN,NN,CT,CC,CC,CC,AA,TT,CC,AA,CC,CC,AA,TT,AA,AA,GG,CC,CC,GG,AA,AA,AA,AC,GT,CC,CC,AA,AA,AG,TT,GG,AC,TT,CC,GG,AC,GT,TT,TT,CC,AA,GT,CT,AA,TT,CG,CC,AA,TT,CC,CC,CG,CC,AA,GG,AA,CC,TT,CG,GG,TT,GG,TT,AA,AA,TT,CC,CG,AA,CC,CC,GG,GG,AC,GG,TT,AA,AA,CC,GG,AA,CC,AA,AT,GT,GT,AT,AA,GG,GG,AT,CG,TT,GT,AA,GG,AA,TT,AA,TT,CC,TT,AA,AC,CT,CG,AG,GG,AA,CC,TT,TT,GT,GG,TT,AA,AA,AG,GG,CC,CG,GG,CC,GG,TT,AA,CC,TT,GG,CC,CG,AA,GG,CC,AA,CG,AA,AA,AC,CC,AA,TT,AA,GG,AA,AA,AA,AA,AG,AA,AA,AA,AT,GG,AC,AA,CC,AC,TT,AA,AG,CC,GG,GG,TT,AA,AG,TT,TT,TT,AG,TT,GG,GG,AA,6.65,Moderate,High,Poor,Medium
L0975,Mandya,Karnataka,Kharif,Red Loamy,Irrigated (Cauvery command),780,27.0,72,AC,TT,GG,AG,CG,CC,GT,AT,CC,CG,AT,CT,CC,TT,TT,GG,GG,TT,TT,AA,CC,TT,TT,CC,TT,CC,TT,AT,GG,NN,TT,CC,AA,CC,GG,GG,GG,CG,GG,CC,TT,CT,AA,TT,AA,AG,CT,TT,CC,AC,GG,AA,AA,GG,CT,TT,AA,AC,TT,AC,AA,TT,AA,AA,CT,TT,CC,GT,TT,GT,AA,GG,CC,AA,AG,CC,AT,GG,TT,TT,AG,TT,GG,CC,AA,GG,AA,AA,CC,GT,CC,TT,CC,AA,TT,GG,TT,CC,GG,CC,CC,CG,AG,AA,TT,TT,CC,AA,AA,AA,CC,GG,TT,CC,TT,AA,CC,TT,CG,GG,CC,GG,CC,GG,TT,AA,CC,CC,AC,CC,NN,TT,CC,AA,CC,CC,AA,TT,AA,AT,CG,CC,CC,GG,AA,AA,AA,AC,GG,CC,CC,AG,AA,GG,TT,AG,AA,TT,CT,GG,CC,GT,GT,TT,CC,TT,TT,TT,AA,TT,GG,CC,AA,CC,CC,CC,GG,CC,AA,GG,AA,CC,TT,CC,GG,TT,CC,AT,AA,AA,GT,CC,CC,AA,AC,CC,GG,GG,AC,GG,TT,AC,AA,CC,GT,AT,AA,AA,AA,GG,GT,TT,AA,CC,GG,AA,CC,AT,GG,AA,GG,AA,TT,AC,TT,CC,TT,AA,CC,TT,GG,AG,CC,AG,AC,TT,CT,TT,GG,TT,AA,AC,AA,GG,CC,CC,GG,CC,GG,TT,AA,CG,GT,GG,CC,CC,AT,AG,CC,AA,CC,AA,AA,CC,CC,CC,TT,AA,GG,AT,AA,AA,AA,GG,AA,AG,AA,AT,GG,AC,AG,CC,AC,TT,AA,AA,GG,GG,NN,GT,AT,AA,TT,TT,TT,GG,TT,GG,GG,AA,4.85,Susceptible,Low,Premium,Early
L0976,Mandya,Karnataka,Kharif,Red Loamy,Irrigated (Cauvery command),780,27.0,72,AC,TT,GG,AG,GG,CG,GG,TT,CC,CG,AA,CT,CC,AT,GT,GG,CC,TT,TT,AA,CC,TT,GT,CC,TT,CC,TT,TT,GT,AA,TT,CC,AA,CC,GG,GG,GG,CC,GG,CC,TT,CT,AA,GT,AA,GG,CT,AA,CG,CC,GT,AT,AA,GG,CC,GT,AA,AC,GT,AA,AA,TT,TT,AA,TT,AA,CC,GG,TT,GG,AG,GG,CC,AA,GG,CC,AT,GG,TT,TT,GG,GG,GG,NN,AA,GG,AG,AA,CC,TT,AC,TT,CC,AT,TT,GG,TT,CC,TT,CC,CC,CC,AG,AA,AT,TT,CC,AA,AA,AA,CT,GG,TT,CC,TT,AA,AA,TT,CC,GG,CG,GG,CC,GG,TT,AA,CC,CC,CC,CC,AA,TT,CC,AA,CC,CT,AA,TT,AA,AA,CG,CT,CC,GG,AG,AG,AA,CC,GG,CC,CG,AA,AA,AG,GT,AG,AA,NN,TT,AG,AC,GT,TT,TT,GG,AA,TT,TT,AT,TT,GG,CC,AA,CT,CC,CC,CG,CC,AA,GG,AG,CC,TT,CC,GG,TT,CG,AT,AA,AA,TT,CC,CG,AA,CC,CC,GG,GG,AA,GG,TT,CC,AA,CC,GG,AA,AC,AT,AA,GT,TT,TT,AT,GG,GT,AA,CG,TT,TT,AA,AG,AA,CC,AA,TT,CC,TT,AC,CC,TT,CG,GG,CC,AA,CC,TT,TT,GT,GG,TT,AA,CC,AG,GG,CC,CG,GG,CC,GG,AT,AA,CC,GT,GG,CC,CG,AT,AA,CG,AA,CC,AA,AA,AC,CC,CC,TT,AA,GG,AA,AA,AA,AA,GG,AG,AA,AA,TT,GG,AA,AA,CC,AA,CC,AG,AG,GG,GG,CG,TT,AA,AA,GT,TT,AT,AG,AT,GG,GG,AA,8.42,Susceptible,High,Poor,Late
L0977,Mandya,Karnataka,Kharif,Red Loamy,Irrigated (Cauvery command),780,27.0,72,AC,TT,GG,GG,GG,CC,GG,AA,CC,CG,AT,CT,NN,TT,GT,GG,CG,TT,TT,AA,CC,TT,GT,CT,TT,CC,TT,TT,GG,AA,TT,CT,AA,CC,GG,GG,GT,CG,GG,CC,TT,TT,AA,TT,AA,AG,TT,TT,CC,AC,GG,AA,AG,NN,CT,NN,AA,AC,GG,CC,AA,TT,AT,AA,TT,TT,CC,GG,TT,TT,AG,GG,AC,AA,GG,AC,NN,GG,TT,CT,GG,GG,GG,CC,AT,GG,AA,AT,CC,TT,CC,TT,CC,TT,GT,GG,TT,CC,GT,CC,CT,CG,AG,AA,TT,TT,CG,AA,AA,AA,CC,GG,TT,CG,TT,AA,AA,TT,CC,AG,CC,GG,CT,TT,TT,AA,CC,NN,CC,CC,AA,TT,CC,AA,CC,CC,AA,TT,AA,AA,GG,CC,CC,GG,AA,AG,AA,CC,GG,CC,CC,AA,AA,AA,GT,GG,AC,TT,CT,GG,CC,TT,TT,TT,CC,AA,GT,CT,TT,TT,CG,CC,AG,CT,CC,CC,CC,CC,AA,GG,AG,AC,TT,CC,GT,GT,GG,TT,AA,AG,TT,CC,GG,AC,CC,CC,GG,GG,CC,CG,TT,AC,AA,CC,GG,AA,CC,AA,AT,GG,TT,AT,AT,GG,GG,AT,CG,TT,GT,AA,GG,AA,CT,AA,TT,CG,TT,AA,CC,CT,CC,AG,CC,GG,CC,TT,CT,GT,GG,TT,AC,CC,AA,GG,CG,CC,GG,CC,GG,AT,AA,CC,GT,GG,CC,CG,NN,GG,CC,AT,CG,AA,AA,AA,CC,AC,TT,AA,GG,AA,AC,AC,AA,GG,AA,AA,AA,TT,CG,AC,AA,CC,AA,CT,AA,AA,GG,AG,GG,TT,AT,AA,TT,TT,TT,GG,AA,GG,GG,AA,8.22,Resistant,High,Standard,Late
L0978,Mandya,Karnataka,Kharif,Red Loamy,Irrigated (Cauvery command),780,27.0,72,AA,TT,GG,AA,GG,CG,TT,AT,CC,CG,AA,CC,CC,AT,TT,GG,GG,TT,AT,AA,CC,GT,GT,CC,AT,CC,TT,AT,GG,AA,TT,CC,AA,CC,GG,GG,GG,CC,GG,CC,TT,CC,AA,TT,AG,GG,TT,TT,CG,AC,GG,AA,AA,GG,CC,TT,AA,AA,GT,AC,AA,GT,TT,AG,TT,TT,CC,GG,NN,GT,AA,GG,CC,AA,AG,CC,AA,GG,TT,TT,GG,GG,NN,AC,AA,AG,AA,AA,CG,NN,CC,TT,CC,TT,TT,GG,TT,AC,TT,CC,CC,CG,GG,AA,TT,TT,CC,AA,AA,AA,CC,GG,TT,CC,NN,AA,AA,TT,CC,AA,CG,GG,CC,GG,TT,AA,TT,CC,CC,CC,AA,TT,AC,AA,CC,CT,AA,TT,AA,AT,GG,CC,CC,GG,AA,GG,AT,CC,GG,CC,CC,AA,AA,GG,GT,GG,AA,GT,CT,GG,AC,NN,GT,TT,CC,AA,GT,TT,AA,TT,GG,CC,AA,TT,CC,CC,GG,CC,AA,GG,AA,CC,TT,CC,GT,GT,GG,AA,AA,AA,TT,CC,CG,AA,CC,CC,GG,GG,AA,CG,TT,AA,AA,CC,GG,AA,AC,AA,AT,GT,TT,AT,AA,GG,GG,AA,CC,AT,GT,AA,GG,AA,CT,AA,TT,CC,CT,AA,CC,TT,CG,AA,CC,AG,CC,AT,CT,GT,GG,TT,AC,AC,AA,GG,NN,CC,GG,CC,GG,AT,NN,CG,GT,GG,CC,CC,AA,GG,CG,AA,CC,AA,AA,AA,CC,AC,TT,AG,CG,AA,AA,AA,AA,AG,AA,AA,AA,AT,CG,AC,AA,NN,AA,NN,AA,AA,GG,AG,GG,TT,AT,AA,GT,TT,TT,AG,AT,GG,GG,AA,6.97,Susceptible,High,Premium,Early
L0979,Mandya,Karnataka,Kharif,Red Loamy,Irrigated (Cauvery command),780,27.0,72,AC,TT,GG,AG,GG,CC,GG,TT,CC,CG,AA,CC,CC,TT,TT,GG,CG,TT,TT,AA,CC,GG,GG,CT,TT,CC,GT,TT,GG,AA,TT,CT,AA,CC,AG,CG,GG,CC,GG,CC,TT,TT,AA,TT,NN,AA,CT,AT,CC,CC,GG,AA,AA,GG,CC,TT,AT,AC,GG,AC,AA,TT,TT,AG,TT,TT,CC,GG,TT,GG,AA,GG,AC,AA,GG,AC,AA,GG,TT,TT,GG,GG,GG,CC,AA,GG,AA,AA,CC,TT,CC,TT,CC,TT,GT,GG,TT,CC,TT,CC,CT,CG,AG,AA,TT,TT,CC,AA,AG,AA,CT,NN,TT,CC,TT,AA,AA,TT,CG,GG,NN,GG,CT,GT,TT,AA,CC,CC,AA,CC,AA,TT,CC,AA,CC,CC,AA,AT,AA,AA,CG,CT,CC,GG,AA,AG,AA,AC,GG,CC,CG,AA,AA,GG,TT,GG,AA,TT,CT,GG,CC,TT,TT,TT,CC,TT,TT,TT,AA,TT,CG,CC,AA,CT,CC,CC,CC,CC,AA,GG,GG,AC,TT,CC,GT,TT,GG,TT,AA,AG,TT,CC,GG,AA,AC,CC,GG,GG,AA,GG,TT,AC,AA,CG,GT,AT,CC,AA,AA,GG,TT,AT,AA,GG,NN,AA,CC,AT,TT,AA,AG,AA,TT,AA,TT,CG,TT,AC,CC,CT,GG,AG,CC,GG,CC,TT,TT,TT,GG,TT,AC,AC,AA,GG,CC,CG,GG,CC,GG,TT,AA,CC,GG,GG,CC,CC,AA,GG,CC,AA,CG,AA,AA,AC,CG,AC,TT,AA,GG,AA,AC,AA,AA,AG,GG,AA,AA,TT,GG,AA,AG,AA,NN,CC,AG,AG,GG,AG,GG,TT,AT,AG,TT,TT,TT,AA,AA,GG,GG,NN,9.04,Susceptible,High,Standard,Late
L0980,Mandya,Karnataka,Kharif,Red Loamy,Irrigated (Cauvery command),780,27.0,72,AC,CT,GG,AG,GG,CC,GG,TT,CC,CC,AA,CC,NN,TT,TT,GG,CC,TT,TT,AA,CC,TT,TT,CC,TT,CC,TT,TT,GG,AA,TT,CC,AA,CC,GG,GG,GG,CG,GG,CC,TT,TT,AC,TT,AG,GG,TT,AT,CC,AC,GT,AA,AA,GG,CT,GT,AT,NN,TT,AA,AA,TT,TT,AA,TT,TT,CC,GG,TT,GG,GG,GG,CC,AA,GG,AC,AA,GG,TT,TT,AG,GG,GG,CC,AA,GG,AA,AA,CC,GG,CC,TT,CT,TT,TT,GG,CT,CC,GT,CC,CT,CG,AG,AA,TT,TT,CC,AA,AG,AA,CT,GG,TT,CC,TT,AA,AA,AT,CC,GG,CC,GG,CC,GG,TT,AG,CC,CC,CC,CC,AA,TT,CC,AA,CC,CC,AA,TT,AA,AA,GG,CT,CC,GG,AA,AG,AA,CC,GT,CC,CC,AA,AA,GG,GT,GG,AA,TT,TT,AG,CC,GT,TT,CT,CC,AT,TT,TT,AA,NN,CG,CC,AG,CC,CC,CC,CG,CC,AA,GG,GG,AC,TT,CC,TT,TT,GG,TT,AA,AA,TT,CC,GG,AA,AC,CC,CG,GG,CC,CG,TT,AA,AA,CC,GG,AA,AC,AA,AA,GG,TT,AT,AA,GG,GT,AA,CG,TT,GG,AT,AG,AA,CT,AA,TT,CC,TT,AA,CC,TT,CG,AA,CC,AA,CC,AT,CT,TT,GG,TT,AA,AC,AA,GG,CC,CG,GG,CC,GG,TT,AA,CC,GT,GG,CC,CG,AA,AG,CC,AA,CC,AA,AA,CC,GG,CC,TT,AA,CG,AA,AA,AA,AA,AA,AG,AA,AA,TT,GG,AA,AG,CC,AC,TT,AA,AA,GG,AG,GG,TT,AA,AG,GT,TT,TT,AA,NN,GG,CG,AA,7.87,Susceptible,Medium,Standard,Medium
L0981,Mandya,Karnataka,Kharif,Red Loamy,Irrigated (Cauvery command),780,27.0,72,AC,CT,GG,GG,GG,CC,GT,TT,CC,CC,AA,TT,CC,TT,GT,GG,NN,TT,TT,AG,CC,GT,TT,CC,TT,CC,GT,TT,GG,AA,TT,CC,AA,CC,GG,CG,GG,CC,GG,CC,TT,TT,AA,TT,AA,AG,TT,TT,CC,AA,GT,AA,AG,GG,CC,TT,AA,AA,GT,AA,AA,TT,AT,AA,TT,AT,CC,GG,TT,GG,AA,GG,CC,AA,GG,AC,AA,GG,TT,TT,GG,GG,GT,CC,AA,AG,AA,AA,CC,TT,CC,TT,CC,TT,GT,AA,TT,CC,GT,CC,CC,CC,AG,AA,TT,TT,CC,AA,AG,AA,CC,GG,TT,CC,TT,AA,AA,TT,CC,AG,CC,GG,CC,TT,TT,AA,CC,CG,CC,CC,AG,GT,AC,AA,CC,CC,AA,TT,AA,AA,GG,CT,CC,GG,AA,AA,AA,CC,GT,CC,CC,AA,AA,GG,TT,GG,AC,GT,CT,GG,AC,TT,GT,TT,CG,AT,TT,TT,AT,TT,GG,CC,AA,CC,CC,CC,CG,CC,AA,GG,AA,CC,TT,CC,GT,TT,CG,TT,AA,AA,TT,CC,GG,AA,CC,CC,CG,GG,AA,GG,TT,AA,AA,CC,GG,AA,CC,AT,AA,GG,TT,TT,AT,CG,GT,AA,NN,TT,TT,AA,GG,AA,CT,AA,TT,CC,TT,AA,CC,TT,CG,AA,CG,AG,CC,TT,TT,GT,CG,TT,AA,AC,AA,GG,CC,GG,GG,CC,GG,TT,AA,CC,TT,GG,CG,CG,AA,GG,CG,AT,CC,AA,AA,CC,CG,AC,TT,AA,GG,AA,AC,AA,AA,GG,AG,AA,AA,TT,GG,AC,GG,CC,AA,TT,AA,AA,GG,GG,GG,GT,AA,AA,GT,AT,TT,AA,TT,GG,CG,AA,4.07,Susceptible,Low,Standard,Late
L0982,Mandya,Karnataka,Kharif,Red Loamy,Irrigated (Cauvery command),780,27.0,72,AC,TT,GG,AA,GG,CC,GT,TT,CC,CC,AA,CC,CG,AT,GT,GT,CG,TT,TT,AG,CC,GT,TT,CT,TT,CC,GT,TT,GT,AA,TT,CT,AG,CC,GG,GG,GG,CC,GG,AC,TT,CC,AA,TT,AG,AG,CT,TT,CC,AC,GG,AA,AA,GG,CC,TT,AA,AA,GG,AC,AA,GT,AT,AG,CT,AT,CC,GG,TT,GG,AA,GG,CC,AA,GG,AC,AA,AG,TT,TT,GG,GG,GG,CC,AA,GG,AG,AA,CC,GT,CC,TT,CC,TT,GT,GG,TT,NN,TT,CC,CC,CG,AG,AA,TT,TT,CC,AA,AG,AC,CT,GG,TT,CG,TT,AC,AA,TT,CC,AG,CC,AG,CC,TT,CC,AA,CC,CC,CC,CC,AA,TT,CC,AC,CC,CC,AA,TT,AA,AA,CG,CC,CC,AG,AA,AA,AA,CC,GG,CC,CC,AA,AG,AG,TT,AG,AC,GT,TT,GG,AC,TT,TT,TT,CC,AA,TT,TT,AA,AT,CG,CC,AG,CC,CC,CC,GG,AC,AA,GG,AA,CC,NN,CG,GG,GT,CG,TT,AG,AA,TT,AC,GG,AA,AC,CC,GG,GG,AA,GG,TT,AC,AA,CC,GG,AA,AC,AT,AT,GG,TT,AA,AA,CC,GT,AT,CC,AT,TT,AA,GG,AA,CT,AA,TT,CG,TT,AC,CC,TT,GG,AA,CC,AG,CC,TT,TT,GG,GG,TT,AA,CC,AG,GG,CC,CC,GG,CC,GG,AA,AA,CC,TT,GG,CG,CC,AA,GG,CC,AT,CC,AA,AA,CC,CC,AC,TT,AA,GG,AA,AC,CC,AC,AG,AG,AA,AA,AT,CG,AA,AG,AC,AA,CT,AA,AA,CG,GG,NN,TT,AA,AA,TT,TT,NN,AG,TT,GG,GG,AA,3.65,Susceptible,Low,Poor,Late
L0983,Mandya,Karnataka,Kharif,Red Loamy,Irrigated (Cauvery command),780,27.0,72,AC,TT,GG,AG,CG,CG,GT,AT,CC,GG,AA,CC,CG,TT,TT,GG,GG,TT,TT,AA,CC,TT,GT,CC,TT,CT,TT,TT,GT,AA,TT,CC,AA,CC,GG,GG,GG,GG,GG,CC,TT,NN,NN,TT,AG,GG,TT,TT,CC,AC,GG,AA,AA,CG,CC,TT,AA,AC,GT,AA,AA,TT,AT,AA,TT,TT,CC,GG,TT,TT,AG,GG,CC,NN,AG,AA,AT,GG,TT,TT,GG,GT,GG,CC,AT,GG,AA,AA,CC,GT,AC,TT,CC,TT,TT,GG,CT,CC,TT,CC,CC,CC,AA,AA,TT,TT,CC,AA,AA,AA,NN,GG,TT,CC,TT,AA,AA,TT,CC,GG,CC,GG,CC,GG,CT,AG,CT,CC,CC,CC,AA,TT,CC,AA,CC,CT,AA,TT,AA,AA,CG,CT,CG,GG,AG,AG,AA,AC,GG,CC,CC,AA,AA,GG,GT,NN,AC,TT,TT,GG,CC,GT,TT,CT,CC,AT,GG,TT,AA,TT,GG,CC,AG,CC,CC,CC,CG,CC,AA,GG,AA,CC,TT,NN,TT,GG,GG,TT,AA,AA,TT,CC,GG,AC,CC,CG,GG,GG,AC,GG,TT,AA,AA,CC,GG,AA,CC,AA,TT,GG,TT,TT,AT,GG,GG,AA,CC,TT,TT,AA,GG,AA,TT,AA,TT,CC,TT,AC,CC,CT,CC,AG,CG,AA,CC,TT,TT,GT,GG,TT,AC,CC,AG,GG,CC,CC,GG,CC,GG,AA,AA,CC,TT,GG,CC,CC,AT,GG,CC,AA,CC,AA,AA,CC,CG,CC,TT,AA,NN,AA,AA,AA,AA,AG,AG,AA,AG,TT,GG,AA,AA,CC,AC,CT,AA,AA,CG,GG,CC,TT,AA,AG,TT,TT,TT,AA,TT,GG,GG,AA,8.97,Susceptible,Medium,Premium,Medium
L0984,Mandya,Karnataka,Kharif,Red Loamy,Irrigated (Cauvery command),780,27.0,72,AC,TT,GG,AG,GG,CG,GT,TT,NN,CG,AA,CC,CC,AT,GT,GG,CG,TT,TT,AA,CC,TT,TT,CC,TT,CC,TT,TT,GG,AA,TT,CT,AA,CC,GG,GG,GG,CC,GG,CC,TT,CT,AA,NN,AA,AG,TT,TT,CC,AA,GG,NN,AG,GG,CC,TT,AA,AC,GG,AC,AA,TT,AT,AA,TT,TT,CC,NN,TT,TT,AA,GG,CC,AA,GG,AA,AT,AG,TT,TT,GG,GT,GG,CC,AA,GG,AA,AA,CC,TT,CC,TT,CT,AT,TT,GG,CT,CC,GT,CC,CC,CG,AA,AA,AT,TT,CC,NN,AA,AA,CT,GG,TT,CG,GT,AA,AA,TT,CC,AA,CC,GG,CC,GG,TT,AA,CC,CC,CC,CC,AA,TT,CC,AC,CC,CC,AG,TT,AA,AA,GG,CC,CC,GG,AA,GG,AA,AC,GG,CC,CC,AA,GG,GG,TT,GG,AA,TT,CT,GG,AC,GT,NN,TT,CC,AT,GT,TT,AT,AT,GG,CC,AA,CC,CC,AC,GG,CC,AT,GG,GG,CC,TT,CG,GG,TT,GG,AA,AA,AA,TT,CC,CG,AA,AC,CC,GG,GG,AC,GG,TT,AA,AA,CC,GT,AT,AC,AA,AA,TT,TT,AA,NN,GG,GT,AT,CG,TT,TT,AA,GG,AA,CT,AA,TT,CG,TT,AA,CC,CT,GG,GG,CC,AG,CC,TT,TT,TT,GG,TT,AC,AC,AA,GG,CC,CG,GG,CC,GG,AA,AA,CG,TT,GG,CC,CC,AT,AG,CC,AA,CC,AA,AA,AC,CC,AC,TT,AA,GG,AA,AC,AC,AA,GG,GG,AA,AA,TT,GG,AA,AG,CC,AC,TT,AA,AA,GG,GG,GG,TT,AA,AA,TT,TT,TT,NN,TT,GG,GG,AA,8.01,Susceptible,Low,Poor,Medium
L0985,Mandya,Karnataka,Kharif,Red Loamy,Irrigated (Cauvery command),780,27.0,72,AA,TT,AG,AA,GG,CG,GT,TT,CC,CC,AA,CC,CG,AT,TT,GG,CG,TT,TT,AA,CC,TT,GG,CC,NN,CC,TT,TT,GG,AA,TT,CC,AA,CC,GG,GG,GG,CG,GG,CC,TT,CT,AA,TT,AA,GG,CT,TT,CC,AA,GG,AT,AG,GG,CT,TT,AA,CC,GT,AA,AA,TT,TT,AA,CC,AT,CC,GG,TT,GG,AA,GG,NN,AA,GG,CC,AT,GG,TT,TT,GG,GG,TT,CC,NN,GG,AA,AA,CC,GT,CC,TT,CT,TT,GT,GG,CT,CC,TT,CC,CC,CG,AA,AA,TT,TT,CC,AA,AG,AC,CT,GG,TT,CG,TT,CC,AA,TT,CC,NN,CC,GG,CT,GG,CT,AA,CT,CC,AC,CC,AA,GT,CC,AA,CC,TT,AG,TT,AA,AT,CG,CC,CC,GG,AA,GG,AA,CC,GG,CC,CC,AA,GG,GG,TT,AG,AC,TT,CT,GG,CC,TT,TT,TT,CC,AA,TT,TT,AT,TT,GG,CC,AG,TT,AC,CC,GG,CC,AA,GG,AA,CC,TT,CC,GG,GT,GG,TT,AA,AG,TT,CC,GG,AC,CC,CC,GG,GG,AA,CG,TT,AC,AA,CC,GG,AT,CC,AA,AA,GG,TT,AT,AA,GG,TT,AT,CC,TT,GT,AA,GG,AA,TT,AA,TT,CC,TT,AC,CC,CT,GG,AG,CG,AA,CC,TT,CT,TT,GG,TT,AA,CC,AA,GG,CC,CC,GG,CC,GG,TT,AA,CC,TT,GG,CC,CC,AA,AA,CC,AT,CC,AA,AA,AC,CG,CC,TT,AA,GG,AA,AA,AA,AA,AG,AG,AG,AA,TT,GG,AC,AG,AA,AA,TT,AA,AA,GG,NN,GG,TT,AA,AA,TT,TT,TT,AG,TT,GG,CG,AA,9.67,Susceptible,High,Standard,Late
L0986,Mandya,Karnataka,Kharif,Red Loamy,Irrigated (Cauvery command),780,27.0,72,AC,TT,AG,GG,GG,GG,GG,TT,CC,CG,AT,CC,CG,AT,TT,GT,CC,TT,TT,AA,CC,GT,NN,CC,AT,CC,GT,TT,NN,AC,TT,CT,AA,CC,AG,GG,GG,GG,GG,CC,TT,TT,AA,TT,AA,GG,TT,TT,CC,AA,GT,AA,AG,GG,CT,TT,AA,AA,GG,AC,AG,TT,TT,AA,TT,TT,CC,GG,TT,GG,AG,GG,AC,AA,AG,AC,AT,GG,TT,TT,NN,GT,GT,CC,AA,GG,AA,AA,CG,GT,AC,TT,CT,AT,TT,GG,TT,CC,GG,CC,CC,CG,AG,AG,TT,TT,CC,AA,AA,AC,CC,GG,TT,CC,TT,AA,AA,NN,CC,AG,CC,GG,CC,GT,TT,AA,CC,CC,CC,CC,AG,GT,CC,AA,CC,CC,AA,TT,AG,AA,CG,CC,CC,GG,AA,AG,AT,CC,GT,CC,CC,AA,AG,GG,TT,GG,AA,TT,TT,GG,CC,TT,TT,TT,CC,TT,TT,CT,AT,TT,CG,CC,AA,CT,CC,CC,CG,CC,AA,GG,AG,CC,TT,CG,GG,GT,GG,TT,AA,AG,TT,CC,GG,AA,AC,CC,GG,GG,AC,GG,TT,AA,AA,CC,GG,AA,AC,AA,AT,GG,TT,TT,AA,GG,GT,AT,CG,AT,TT,AA,GG,AA,TT,AA,TT,CC,TT,AC,CC,TT,CG,AG,CG,AA,CC,TT,CT,GT,GG,TT,AA,CC,NN,GG,CC,CG,GG,CC,GG,AT,AA,CC,TT,GG,CC,CC,AA,GG,CC,AA,CG,AA,AA,AA,CG,CC,TT,AA,GG,AA,AA,AA,AA,AG,GG,AG,AA,TT,GG,AC,AG,AC,AC,TT,AA,AA,GG,GG,GG,TT,AT,AG,TT,TT,TT,NN,TT,GG,GG,AC,7.48,Resistant,High,Premium,Late
L0987,Mandya,Karnataka,Kharif,Red Loamy,Irrigated (Cauvery command),780,27.0,72,AC,TT,GG,AA,CG,CC,GG,TT,CC,CG,AA,CC,CG,TT,TT,GG,CG,TT,TT,AG,CC,TT,GT,CC,TT,CC,TT,TT,GG,AA,CT,CC,AA,CC,GG,CG,GG,CC,GG,AC,TT,TT,AA,TT,AA,GG,TT,TT,CC,CC,GT,AA,AA,GG,CC,GT,AA,AA,TT,AA,AA,TT,TT,AA,CT,TT,CC,GG,TT,GG,AA,GG,CC,AA,GG,AA,AA,GG,TT,TT,GG,GG,GG,CC,AA,GG,AA,AA,CC,TT,CC,TT,CC,TT,GT,GG,TT,AC,GT,CC,CT,CG,GG,AA,AT,TT,CG,AA,AA,AA,CT,GG,TT,CC,TT,AA,AA,TT,CC,GG,CC,GG,CC,GT,TT,AA,CC,CC,CC,CC,AG,TT,AC,AA,CC,CC,AA,TT,AA,AT,CG,CC,CC,GG,NN,GG,AA,CC,GG,CC,CC,AA,AA,GG,TT,GG,AC,TT,CT,GG,CC,TT,TT,TT,CC,AT,GT,TT,AA,AT,GG,CC,AA,CT,CC,CC,CG,AC,AA,GG,GG,CC,TT,CG,GT,TT,GG,AA,NN,AA,TT,CC,GG,AA,AC,CC,CG,AG,AC,GG,TT,AA,AA,CC,GG,AA,CC,AA,AA,GG,TT,TT,AT,GG,GT,AT,CC,TT,GT,AA,GG,AA,TT,AA,TT,CC,TT,AA,CC,CT,GG,GG,CC,AG,CC,TT,CC,TT,GG,TT,AA,AA,AA,GG,CC,CC,GG,CC,GG,TT,AG,CC,TT,GG,CC,CC,AA,NN,CC,AT,CG,AA,AG,CC,CG,AC,TT,AG,GG,AA,AA,AC,NN,GG,AA,GG,AA,TT,GG,AA,AA,CC,AA,TT,AA,AG,GG,GG,GG,GT,AT,AG,TT,TT,TT,AA,TT,CG,GG,AC,5.75,Resistant,High,Premium,Early
L0988,Mandya,Karnataka,Kharif,Red Loamy,Irrigated (Cauvery command),780,27.0,72,AA,NN,AG,AA,GG,CC,GT,AT,CC,GG,AA,CC,GG,TT,TT,GG,GG,TT,TT,AA,CC,TT,GT,CC,TT,CC,TT,NN,GT,AA,TT,CC,AA,CC,GG,GG,GG,CG,GT,CC,TT,TT,AA,TT,AA,AA,TT,AT,CC,CC,GG,AA,AG,GG,CT,TT,AA,AA,GT,AC,AA,TT,TT,AA,TT,TT,CT,GG,NN,GG,AA,GG,CC,AA,GG,CC,TT,GG,GT,TT,GG,GG,GG,CC,AA,GG,AA,AT,CC,GT,CC,GT,CT,TT,TT,AA,TT,CC,TT,CC,CT,CC,AG,AA,TT,TT,CC,AG,AG,AA,CT,GG,TT,CC,TT,AC,AC,AT,CC,AG,CC,AG,CC,GG,TT,AA,CC,CC,CC,CC,AA,TT,NN,AA,CC,CC,AA,TT,AA,AA,GG,CT,CC,GG,AA,AG,AA,AC,GT,CC,CC,AA,AA,GG,GT,GG,NN,GT,TT,AG,NN,GT,GT,TT,CC,AA,TT,CT,AA,AT,CG,CC,AG,CC,CC,CC,GG,CC,AA,AG,AG,CC,TT,CC,GT,TT,GG,AT,AA,AA,NN,CC,CG,AC,CC,NN,GG,GG,NN,GG,TT,AA,AA,CC,GG,AA,CC,AA,AT,GT,GT,TT,TT,CG,GT,AA,NN,NN,TT,AA,GG,AA,CT,AA,TT,CC,TT,AA,CC,TT,GG,AA,NN,GG,AC,TT,CT,TT,GG,TT,AA,AC,AG,GG,CC,CC,GG,CC,GG,AT,AA,CC,TT,GG,CC,CC,AA,AG,CC,AA,CG,AA,AA,CC,CG,AC,TT,AA,GG,AA,AC,CC,AA,AG,AA,AG,AA,TT,GG,AA,AA,AA,AA,TT,AA,AA,GG,GG,GG,TT,AA,NN,GT,TT,TT,AG,AT,GG,GG,NN,6.16,Susceptible,Medium,Poor,Early
L0989,Mandya,Karnataka,Kharif,Red Loamy,Irrigated (Cauvery command),780,27.0,72,AC,TT,AG,AG,GG,CC,GT,TT,CC,GG,AA,CT,CG,AT,TT,GT,GG,TT,TT,AG,CC,TT,GT,CC,TT,CC,TT,TT,GG,AA,TT,CC,AA,CC,GG,GG,GG,CG,GG,CC,TT,CC,AA,TT,AA,GG,TT,AT,CC,AC,GG,AA,AA,GG,CC,GT,AT,AC,GT,AC,AG,TT,TT,AG,TT,TT,CC,GT,TT,GG,AA,GT,CC,AA,AG,AC,AA,GG,TT,TT,GG,GG,GT,CC,AA,GG,AA,AA,CC,GG,AC,TT,CC,TT,GT,GG,CT,CC,TT,CC,CC,CC,AG,AA,TT,TT,CC,AA,AG,AA,CT,GG,TT,CC,TT,AC,AA,TT,CG,GG,CC,GG,CC,GT,TT,AA,CC,CC,AC,CC,AA,TT,CC,AA,CC,CC,AA,AT,AG,AA,GG,CT,CC,GG,AA,AA,AA,CC,GG,CC,CC,AG,AA,GG,TT,AG,AC,TT,CT,GG,AA,TT,TT,TT,CC,AA,GT,TT,AT,TT,GG,CC,GG,TT,AC,CC,CG,CC,AA,GG,AA,CC,TT,CC,GT,GT,CG,AA,AA,AG,TT,AA,GG,AA,CC,CG,GG,GG,AA,CG,TT,AC,AA,CC,GG,AA,CC,AA,AT,GG,TT,TT,AT,GG,TT,AA,CC,TT,NN,AA,GG,AA,TT,AA,TT,CC,TT,AC,CC,TT,GG,AA,CG,AG,CC,TT,TT,TT,GG,TT,AC,AA,AA,GG,CC,CC,CG,CC,GG,AT,AG,CG,NN,GG,CG,CC,AA,GG,CC,AT,CC,TT,AA,AC,CC,CC,AT,AA,GG,AA,AA,AA,AA,AG,AA,AA,AA,TT,GG,AA,AA,AC,AA,TT,AA,AA,CG,GG,GG,TT,AT,AA,GT,TT,TT,AA,TT,GG,CG,AA,8.25,Susceptible,High,Poor,Medium
L0990,Mandya,Karnataka,Kharif,Red Loamy,Irrigated (Cauvery command),780,27.0,72,AA,TT,AA,AG,GG,CC,GG,TT,CC,CG,AA,CC,CC,TT,TT,GG,CG,TT,TT,AA,CC,GT,GT,CC,TT,CC,TT,TT,GG,AA,TT,CC,AA,CC,AG,GG,GG,GG,GG,CC,TT,CT,AA,TT,AA,GG,TT,TT,CC,CC,GG,AA,AA,GG,CC,TT,AA,NN,GG,AC,AA,GT,AA,AA,TT,AT,CC,GG,TT,GG,AA,GG,CC,AA,AG,AC,TT,GG,TT,TT,GG,GG,GG,CC,AT,GG,AA,TT,CC,TT,CC,TT,CT,AT,GT,GG,TT,CC,GT,CC,CC,CG,GG,AA,AT,TT,CC,AA,AA,AA,CC,GG,TT,CG,TT,AA,AC,TT,CC,AG,CC,GG,CC,GT,CC,AG,CC,CC,CC,CC,AA,TT,CC,AA,CC,CC,AA,TT,AA,AA,CG,CC,CC,AG,AA,AG,AA,CC,GG,CC,CC,AG,AG,GG,GT,GG,AC,GT,CT,GG,CC,TT,TT,TT,CC,AA,GT,TT,AT,AT,CG,CC,AG,CC,CC,CC,CG,CC,AA,GG,AG,CC,TT,CG,GG,TT,GG,TT,AG,GG,GT,CC,CG,AA,CC,CG,GG,GG,AA,CG,TT,NN,AA,CC,GG,AA,AC,AA,AT,GG,TT,TT,AT,CG,TT,AT,CC,TT,GT,AA,GG,AA,TT,AC,TT,CC,CT,AA,AA,CT,CG,AG,CC,AA,CC,TT,CT,GG,GG,TT,AC,AC,AG,GG,CC,CC,GG,CC,GG,AT,AA,CG,NN,GG,CG,CC,AA,GG,CC,AA,CC,AT,AA,CC,CC,CC,TT,AA,GG,AA,AA,AA,AA,AG,AA,AG,AA,TT,GG,AA,AA,NN,AA,TT,AG,AG,GG,GG,GG,TT,AA,AA,NN,TT,AT,AG,AT,GG,GG,AA,7.73,Susceptible,Low,Premium,Late
L0991,Mandya,Karnataka,Kharif,Red Loamy,Irrigated (Cauvery command),780,27.0,72,AC,TT,GG,NN,GG,CC,GG,TT,CC,CG,AA,CC,CG,TT,GT,GG,GG,TT,TT,AG,CG,TT,GT,CC,TT,CC,TT,TT,GG,AA,TT,CT,AA,CC,AG,GG,GG,CG,GG,CC,TT,CT,NN,TT,AA,AG,TT,AT,CC,AC,GT,AA,AA,GG,CC,GT,AA,AA,GT,AA,AA,TT,AA,AA,TT,TT,NN,GG,TT,GG,AA,GG,CC,AA,AG,CC,TT,GG,GT,TT,GG,GT,GG,NN,AT,GG,AA,AT,CC,TT,CC,TT,CC,AT,TT,GG,TT,CC,TT,CC,CC,CC,AG,AA,TT,GT,CG,AA,AA,AA,CC,GG,GT,CC,GT,AC,AA,TT,GG,GG,CC,GG,CC,GG,TT,AA,CC,CC,CC,CC,AA,TT,CC,AA,CC,CC,AA,TT,AA,AA,GG,CC,CG,GG,AA,AA,AT,NN,GT,CC,CC,AA,AA,GG,TT,AG,NN,GT,CT,GG,CC,GT,TT,TT,CG,AT,GT,TT,AA,NN,GG,CC,AA,TT,NN,CC,GG,CC,AA,AG,AG,CC,TT,CC,GT,GT,GG,TT,AA,AA,TT,AC,CC,AC,AC,CC,GG,GG,AA,GG,TT,AC,AA,CC,GG,AA,CC,AA,NN,GT,TT,TT,AT,CG,GG,AA,CC,TT,TT,AA,GG,AA,TT,AA,TT,CC,TT,AA,CC,TT,GG,AA,CG,GG,CC,TT,CT,TT,GG,TT,AA,AC,AG,GG,CC,CG,GG,CC,GG,TT,AA,CC,GG,GG,CC,CC,AA,GG,CG,AA,CC,AT,AA,CC,CG,CC,TT,AA,GG,AA,AA,AC,AA,AG,AA,AA,AA,TT,CG,AA,AG,AC,AC,CT,AA,AA,GG,GG,GG,GT,AA,NN,TT,TT,TT,AA,AT,GG,GG,AA,4.83,Susceptible,Medium,Standard,Early
L0992,Mandya,Karnataka,Kharif,Red Loamy,Irrigated (Cauvery command),780,27.0,72,AA,TT,GG,AA,CG,CC,GT,AT,CC,NN,AA,CC,CC,AT,GT,GG,GG,TT,AT,AG,CC,GG,GT,CT,TT,CC,TT,TT,GG,AC,TT,CT,AA,CC,GG,GG,GG,CG,GG,CC,GT,CC,AA,GT,AA,GG,CT,TT,CC,AA,GG,AA,GG,GG,CT,TT,AA,AA,GT,AA,AG,TT,AT,AG,CT,TT,CC,GG,TT,GG,AG,GG,CC,AA,GG,AC,AA,GG,NN,TT,GG,GG,GG,CC,AA,NN,AA,AA,CC,GG,CC,TT,CC,TT,TT,GG,TT,CC,GT,CT,CC,CC,AG,AA,TT,TT,CG,AA,AG,AA,CC,GG,TT,CG,GG,AC,AC,TT,CC,AA,CC,GG,NN,GT,CT,AG,CC,CC,CC,CC,AA,TT,CC,AA,CC,CC,AA,TT,AA,AA,GG,CT,CC,GG,AA,AA,AA,CC,GG,CC,CC,AA,AA,GG,TT,GG,AA,GT,TT,GG,CC,TT,TT,TT,CC,AA,GT,TT,AT,TT,CG,CC,AA,CT,CC,CC,GG,CC,AA,GG,AG,CC,TT,CC,TT,GT,GG,TT,AA,AA,TT,CC,GG,AC,AC,CC,GG,GG,AA,GG,TT,AA,AA,CC,GG,AA,AC,AA,TT,GG,GT,TT,AA,GG,GT,AA,CC,TT,TT,AT,NN,AA,TT,AA,TT,CG,TT,AC,CC,CT,CC,AA,CC,AG,CC,TT,TT,TT,CG,TT,AC,AC,AG,GG,CC,CG,GG,CC,GG,AT,AA,CC,TT,GG,CC,CC,AT,GG,CC,AT,CC,AA,AA,CC,GG,CC,TT,AA,GG,AA,AA,AA,AC,AG,AG,AA,AA,AT,CG,AC,AA,AC,AC,TT,AG,AA,GG,GG,GG,TT,AA,AA,TT,TT,TT,AA,NN,GG,GG,AA,4.74,Moderate,Low,Premium,Early
L0993,Mandya,Karnataka,Kharif,Red Loamy,Irrigated (Cauvery command),780,27.0,72,AC,NN,GG,AA,CG,CC,GG,AT,CC,CC,AA,CC,CG,TT,TT,GG,CG,TT,TT,AG,CG,TT,TT,CT,AT,CC,GT,AT,GG,AA,CT,CT,AA,CC,GG,GG,GG,CC,GG,CC,TT,TT,AA,TT,AG,GG,TT,TT,CC,AA,GG,AA,AA,GG,CC,GT,AT,AC,GG,AA,AA,TT,TT,AA,CT,TT,CC,GG,CT,GG,AG,GG,CC,NN,GG,AA,AA,GG,TT,TT,GG,GG,GT,CC,AA,GG,AA,AA,CC,TT,CC,TT,CC,AT,TT,GG,TT,CC,TT,CC,CC,CC,AG,AA,AT,TT,CC,AA,AA,AC,CC,GG,TT,CC,GT,AA,AA,TT,CC,AG,CC,GG,CC,GG,TT,AA,CT,CC,AC,CC,AA,NN,CC,AA,CC,CC,AA,TT,AG,AA,GG,CT,CC,GG,AA,AA,AA,NN,GG,CC,CC,AA,AG,AG,GT,AG,AA,TT,CT,GG,AC,TT,TT,CT,CC,AT,TT,TT,AA,TT,GG,CC,AA,CC,CC,CC,GG,AC,AA,GG,GG,NN,TT,CG,GG,GT,GG,TT,AA,AG,TT,CC,GG,AA,AC,CC,GG,GG,AC,GG,TT,AA,AA,CC,GG,AA,AC,AT,AT,GT,GT,AT,AT,GG,TT,TT,CG,AT,GT,AA,GG,AA,TT,AA,TT,CC,TT,AC,CC,TT,GG,GG,CG,AG,CC,TT,TT,TT,GG,TT,AA,CC,AG,GG,CC,CC,GG,CC,GG,AT,AA,CG,TT,GG,GG,CG,AA,GG,CG,AA,CC,AA,AG,AC,CG,AC,TT,AA,GG,AA,AA,AA,AA,AG,AG,AA,AA,TT,CG,AC,AG,AC,AC,CC,AA,AA,GG,GG,CG,TT,AA,AA,TT,TT,TT,AG,AT,GG,CG,AA,5.49,Susceptible,Medium,Standard,Early
L0994,Mandya,Karnataka,Kharif,Red Loamy,Irrigated (Cauvery command),780,27.0,72,AA,TT,AG,AG,GG,CC,GG,TT,CC,CG,AA,CC,CG,TT,TT,GT,GG,TT,TT,AG,CC,GT,GG,CC,TT,CC,TT,TT,GG,AA,TT,CT,AA,CC,AG,GG,GG,CG,GG,CC,TT,TT,AA,TT,AA,GG,TT,TT,CC,AC,GG,AT,AA,GG,CT,TT,AA,AA,GG,AA,AG,TT,AT,AG,TT,TT,CC,GG,TT,GG,AG,GG,CC,AA,AG,AC,AA,GG,GT,TT,GG,GT,GT,AC,AT,GG,AA,AT,CC,TT,CC,TT,CT,TT,TT,GG,CT,AC,TT,CT,CT,CC,AG,AG,TT,TT,CC,AA,GG,AA,CT,GG,TT,CC,TT,AC,AA,TT,CC,AG,CC,GG,CC,GG,TT,AA,CC,CC,CC,CC,AA,TT,CC,AA,CC,CC,AA,TT,AA,AT,GG,CT,CC,GG,AA,AA,AA,CC,GG,CC,NN,AA,AA,GG,TT,GG,AA,GG,TT,GG,CC,GT,TT,TT,CC,TT,TT,TT,AA,TT,GG,CC,AA,CC,CC,CC,GG,CC,AA,GG,AG,CC,TT,CC,GT,TT,GG,TT,AA,AA,TT,CC,GG,AA,CC,CC,GG,AG,AA,GG,CT,AC,AA,CC,GG,AT,CC,AA,AT,GT,GT,AA,AT,GG,GG,AA,CG,AT,TT,AA,NN,AA,TT,AA,TT,CC,CT,AC,NN,TT,GG,AA,CC,AA,CC,TT,TT,TT,GG,TT,AA,CC,AG,GG,CC,CC,GG,CG,GT,AT,AA,CG,TT,GG,CC,CG,AT,GG,CC,AA,CC,AT,AA,AC,CC,AC,TT,AA,GG,AA,AA,AA,AA,GG,AG,AA,AA,TT,GG,AA,AA,AC,CC,CT,AA,AG,GG,GG,GG,TT,AT,AA,TT,TT,TT,AA,TT,GG,NN,AA,7.04,Susceptible,Low,Standard,Early
L0995,Mandya,Karnataka,Kharif,Red Loamy,Irrigated (Cauvery command),780,27.0,72,AC,TT,AG,GG,GG,CC,GT,TT,CG,CG,AA,CC,CG,AA,TT,GG,GG,TT,TT,AA,CC,TT,GT,CT,TT,CC,TT,TT,GT,AA,TT,CT,AA,CC,GG,CG,GG,CG,GG,CC,TT,TT,AA,TT,AG,GG,TT,AT,CG,AA,GG,AT,AA,GG,CT,TT,AA,AA,GT,AC,AA,TT,AA,AA,TT,AA,CC,GG,TT,GT,AA,GG,CC,AA,GG,AA,AT,GG,GT,TT,GG,GG,GT,CC,AA,GG,AG,AA,CC,TT,AC,TT,CC,AT,TT,GG,TT,CC,TT,CT,CT,GG,AA,AG,AT,TT,CC,AA,AA,AC,CT,GG,GT,CC,TT,AC,AA,TT,CC,GG,CG,AG,CC,GG,TT,AA,CT,CC,CC,CC,AA,TT,CC,AA,CC,CC,AA,TT,AA,AA,GG,CC,CC,AG,AA,AG,AA,CC,GG,CC,NN,AG,AG,GG,TT,GG,AC,TT,TT,AG,CC,GT,TT,TT,CC,AA,TT,TT,AA,AT,GG,CC,AA,CT,CC,AA,GG,CC,AA,GG,AA,CC,GT,CC,GG,TT,GG,TT,AA,AG,TT,CC,CG,AA,CC,CC,GG,GG,AA,GG,TT,AA,AA,CC,GG,AT,AC,AA,AA,GT,TT,TT,AA,CG,GT,AT,CC,NN,GG,AA,GG,AA,TT,AA,TT,CC,TT,AC,CC,CC,GG,AG,CC,AG,CC,TT,TT,GG,GG,TT,AA,AC,AA,GG,CC,CC,GG,CC,GG,TT,AG,NN,GT,GG,CC,CC,AA,GG,CC,AA,CC,AT,AA,CC,CC,AC,TT,AA,GG,AA,AA,CC,AA,AG,AG,GG,AA,TT,GG,AA,AG,AC,AA,TT,AA,AA,GG,GG,GG,TT,AT,AG,TT,TT,TT,AA,AT,GG,GG,AA,6.21,Susceptible,High,Premium,Medium
L0996,Mandya,Karnataka,Kharif,Red Loamy,Irrigated (Cauvery command),780,27.0,72,CC,TT,GG,AG,GG,CC,GG,TT,CC,CC,AA,CC,CG,TT,TT,GG,GG,TT,TT,AA,CC,TT,GT,CC,TT,CC,TT,TT,NN,AA,NN,CC,AA,CC,GG,GG,GG,GG,GG,CC,TT,CC,AA,GT,AA,AG,CT,AT,CC,AC,GG,AA,AA,GG,CC,TT,AA,AC,GT,CC,AA,TT,TT,AA,TT,TT,CC,GG,TT,GG,AG,GG,CC,AA,AG,AC,AA,GG,GT,TT,GG,GG,GG,CC,AT,GG,AA,AA,CC,GT,CC,TT,CC,TT,TT,GG,TT,CC,TT,CC,CC,CG,AG,AA,TT,TT,CC,AG,GG,AA,CC,GG,TT,CC,GT,AC,AC,TT,CC,GG,CG,AG,CC,GG,TT,AA,CC,CC,CC,CC,AA,TT,AC,AC,CC,CC,AA,TT,AA,AT,GG,CT,CC,AG,AA,AG,AT,AC,GT,CG,CC,AG,AA,GG,GT,GG,AC,GT,CT,GG,AC,GT,TT,TT,CC,AA,TT,TT,AT,AT,GG,CC,AG,CC,CC,CC,CG,CC,AA,GG,AA,CC,TT,CG,TT,TT,GG,TT,AG,AA,TT,AC,GG,NN,AC,CC,GG,GG,AC,GG,TT,AC,AA,CC,GT,AA,CC,AA,AT,GG,GT,AT,AA,GG,GG,AT,CG,TT,TT,AA,GG,AG,TT,AA,TT,CC,CT,AC,CC,TT,GG,AG,CC,AG,AC,AT,CC,GG,GG,AT,AA,AC,AA,GG,CC,CG,GG,CC,GG,AT,AA,CC,GT,GG,CC,CG,AA,AG,CC,AA,CC,AA,AA,CC,CG,CC,TT,AA,GG,AA,AA,CC,AA,GG,AA,AA,AA,TT,GG,AA,AG,AC,AC,CT,AG,AA,CG,AG,GG,TT,AA,AA,GT,TT,TT,AA,TT,GG,CG,AA,6.45,Susceptible,Medium,Poor,Early
L0997,Mandya,Karnataka,Kharif,Red Loamy,Irrigated (Cauvery command),780,27.0,72,AA,TT,GG,AA,GG,CC,NN,TT,CC,CG,AA,CT,NN,TT,GT,GG,GG,TT,TT,AA,CC,GT,TT,CC,TT,CC,TT,TT,GT,AA,CT,CC,AA,CC,AG,CG,GG,CC,GT,CC,TT,TT,AA,TT,AG,AG,TT,TT,CC,AC,GT,AA,AG,CG,CT,TT,AA,AC,GT,AC,AA,TT,TT,AA,TT,TT,CC,GG,TT,GG,AG,GG,CC,AA,AG,AA,AT,GG,TT,TT,AG,GG,GG,NN,AA,GG,AA,AA,CC,GG,AC,TT,CT,TT,TT,GG,TT,CC,TT,CC,CC,CC,AG,AA,TT,TT,CC,AA,AA,AA,CC,GG,TT,CC,TT,AC,AA,TT,CC,GG,CG,GG,CC,GG,TT,AA,CC,CC,AC,CC,AA,TT,CC,AA,CC,CC,AA,TT,AG,AA,CG,CC,CC,GG,AA,AG,AA,CC,GT,NN,CC,AA,AA,AG,TT,AG,AC,TT,CT,GG,CC,GT,GT,TT,NN,AT,TT,TT,AA,AT,CG,CG,AG,CC,CC,CC,GG,CC,AA,GG,AA,CC,TT,CG,GT,TT,CG,AT,AA,AG,TT,CC,CG,AA,AA,CC,GG,GG,AC,CG,TT,AA,AA,CC,GG,AA,AA,AA,TT,GT,GT,TT,AA,GG,GT,AA,CC,AA,GT,AA,GG,AA,TT,AA,TT,CG,TT,AC,CC,CC,GG,AG,CC,AA,AC,TT,TT,TT,NN,AT,AA,CC,AG,GG,CC,CC,CG,CC,GG,AT,AA,CC,TT,GG,CC,CC,AT,AG,CC,AT,CC,AA,AA,NN,CC,CC,TT,AA,GG,AA,AC,AA,AA,AG,GG,AG,AA,TT,CG,AA,AG,CC,AA,CT,AA,AA,CG,GG,GG,TT,AT,AA,GT,TT,TT,AG,AT,GG,GG,AA,6.72,Susceptible,Medium,Premium,Early
L0998,Mandya,Karnataka,Kharif,Red Loamy,Irrigated (Cauvery command),780,27.0,72,AC,TT,AG,AG,CG,CC,GG,AT,CC,CC,AT,NN,CG,TT,TT,GT,CG,TT,TT,AG,CC,TT,TT,CC,TT,CC,TT,TT,GG,AA,TT,CT,AA,CC,GG,GG,GG,CC,GG,CC,TT,TT,AA,GT,AG,AG,CT,TT,CC,CC,GG,AT,AA,GG,CC,GG,AA,AC,TT,AC,AG,TT,TT,AG,TT,AT,NN,GG,TT,GT,GG,GG,CC,AA,AG,AA,TT,AG,TT,TT,GG,GT,GG,CC,AA,GG,AA,AT,CC,GT,CC,TT,CC,AT,TT,GG,TT,AC,TT,CC,CC,GG,AG,AA,TT,TT,CC,AA,AA,AA,CC,GG,TT,CC,TT,AA,AA,TT,CC,GG,CC,GG,CT,GG,CT,AG,CT,CC,CC,CC,AA,TT,CC,AA,CC,CT,AA,TT,AG,AA,GG,TT,CC,GG,AA,AG,AA,AC,GG,CC,CC,AG,AG,GG,GT,GG,AC,TT,CT,AG,AA,GT,TT,TT,CC,AT,GT,TT,TT,TT,GG,CC,AG,CC,CC,CC,GG,CC,AA,GG,AG,CC,TT,CC,GG,GT,GG,TT,AA,AA,TT,CC,GG,CC,CC,CC,GG,GG,AC,NN,TT,AA,AA,CC,GT,AA,CC,AA,AT,GT,TT,TT,AA,GG,GT,AA,CG,TT,GT,AA,GG,AA,TT,AA,TT,CC,CT,AC,CC,TT,GG,AA,CC,AG,CC,TT,TT,GG,GG,NN,AA,AC,AA,GG,CC,CG,CG,CC,GG,AT,AA,CC,TT,GG,CC,CC,AT,AG,CC,AA,CG,AA,AA,CC,CC,AC,TT,AA,GG,AA,AC,CC,AA,AG,AG,AG,AA,TT,GG,NN,AG,AC,AA,CT,AG,AG,GG,GG,CG,TT,TT,AA,GT,TT,TT,AG,AT,GG,GG,AA,7.07,Moderate,Medium,Poor,Late
L0999,Mandya,Karnataka,Kharif,Red Loamy,Irrigated (Cauvery command),780,27.0,72,CC,NN,AG,GG,GG,CC,GG,TT,CC,CC,AA,CC,CC,AT,TT,GG,GG,TT,TT,AG,CC,TT,TT,CT,TT,CT,TT,TT,GG,AA,TT,CC,AA,CC,AG,CG,GG,GG,GG,CC,TT,TT,AA,TT,AG,GG,TT,TT,CC,CC,GT,AA,AA,GG,CT,TT,AT,AA,TT,AC,AG,TT,AT,AA,TT,AT,CC,GG,TT,GG,AG,GG,CC,AA,NN,AC,AA,GG,TT,TT,AG,GG,GG,CC,AA,GG,AA,AT,CC,GT,AC,GT,CC,TT,TT,AG,TT,CC,GT,CC,CC,GG,AG,AA,TT,TT,CG,AA,AA,AC,CT,GG,TT,CC,TT,AA,AC,AT,CG,GG,CC,AG,CC,GT,TT,AG,CT,NN,CC,CG,AG,TT,AC,AA,CC,CC,AA,TT,AA,AA,GG,CC,CC,GG,AA,AA,AA,CC,GT,CC,CC,AA,GG,AG,TT,GG,AA,TT,CT,GG,CC,GT,GT,TT,CC,AT,GT,CT,AT,TT,GG,CC,AA,CC,CC,CC,CG,CC,AA,GG,AA,CC,TT,CC,GT,TT,CG,AA,AG,AA,TT,AC,CG,AA,CC,CC,CG,GG,CC,NN,TT,AA,AA,CC,GG,AA,AC,AA,AA,GG,TT,AT,AA,CC,TT,AT,CG,TT,GT,AA,GG,AA,CC,AA,TT,CG,CT,AC,CC,TT,CG,AA,CC,GG,AC,AT,TT,GT,GG,TT,AA,AC,AG,GG,CC,CG,GG,CG,GG,TT,AA,CC,TT,GG,CC,GG,AT,GG,CG,TT,CC,AT,AA,CC,CC,AC,TT,AA,CG,AA,AA,CC,AA,GG,AG,AA,AA,TT,GG,AC,AA,AC,AA,TT,AA,AA,GG,GG,GG,TT,AA,AA,GT,TT,TT,AA,TT,GG,GG,AA,8.08,Moderate,Low,Premium,Late
L1000,Mandya,Karnataka,Kharif,Red Loamy,Irrigated (Cauvery command),780,27.0,72,AC,CT,GG,AG,GG,CC,GT,TT,CC,CC,AA,CC,CG,AT,GT,GG,GG,TT,TT,AA,CC,GT,GT,CC,TT,CC,GT,TT,GG,AC,TT,CC,AA,CC,GG,CG,GG,NN,GG,CC,TT,CC,AA,TT,AG,AG,TT,AA,CC,AC,GT,AT,AG,GG,CC,TT,AA,AA,TT,AA,AG,GT,AT,GG,CT,TT,CC,GG,TT,GT,AA,TT,CC,AA,AG,AA,AA,GG,TT,TT,GG,GT,GG,CC,AA,GG,AA,AA,CC,TT,CC,TT,CT,TT,TT,GG,CT,CC,TT,CC,CC,CG,GG,AA,TT,TT,CC,AA,AG,AA,CC,GG,TT,CC,TT,AA,AA,TT,CG,AA,CC,GG,CC,GG,TT,AA,CC,CC,CC,CC,AA,TT,AC,AA,CC,CC,AA,AT,AG,AA,GG,CC,NN,GG,AA,GG,AA,CC,GG,CC,CC,AG,NN,AG,TT,GG,AA,TT,CT,GG,CC,GT,TT,TT,CG,AT,GT,TT,AA,TT,GG,CC,AA,CC,CC,CC,GG,CC,AA,GG,AA,CC,TT,CG,GG,TT,GG,AT,AA,AG,TT,CC,GG,AA,CC,CG,GG,GG,AA,GG,TT,AA,AA,CC,GG,AA,AC,NN,AT,GG,TT,AT,AT,GG,TT,AT,GG,AT,GT,AA,GG,AG,TT,AC,TT,CC,TT,AA,CC,CT,GG,AG,CG,AG,CC,TT,TT,TT,GG,TT,AA,AC,AA,GG,CC,CG,GG,CC,GG,AT,AA,CC,TT,GG,CC,CC,AA,GG,CG,TT,CC,AA,AA,CC,CG,NN,TT,AA,GG,AA,AA,CC,AA,AG,AG,AA,AA,TT,GG,AC,AG,AC,AA,TT,AG,AA,GG,AG,GG,TT,AA,AA,GG,TT,TT,AG,TT,GG,GG,AA,5.59,Susceptible,Low,Poor,Early
L0001,Davangere,Karnataka,Rabi,Black Cotton,Irrigated,430,25.5,58,AC,TT,GG,AG,GG,CC,GG,TT,CC,CC,AT,CT,CC,AT,GT,GG,CG,TT,TT,AA,CC,TT,GT,CC,TT,CT,GT,TT,GG,AA,TT,CC,AA,CC,AG,GG,GG,CC,GG,CC,GT,CT,AA,NN,AG,GG,TT,AT,CC,AA,GG,AA,AA,GG,CC,TT,AA,AC,GG,AA,AA,TT,TT,GG,TT,AT,CC,GG,TT,GG,AA,GG,CC,AG,GG,AA,TT,AG,TT,TT,AG,GT,GG,CC,AA,GG,AA,TT,CC,GT,CC,TT,CT,TT,TT,GG,TT,CC,GT,CC,CC,CC,AG,AA,TT,TT,CC,AA,AA,AA,CC,GG,TT,CC,TT,AA,AA,AT,CC,AG,CC,GG,CC,GG,TT,AG,CT,CC,CC,CC,AA,TT,CC,AA,CC,CC,AA,TT,AA,AA,CG,CC,CC,GG,AA,AG,AA,AC,GT,CC,CC,AA,AA,AA,TT,AG,AA,TT,CT,GG,AC,TT,TT,TT,NN,AA,TT,NN,AA,TT,CG,CC,AG,CC,CC,CC,CG,CC,AA,AG,GG,CC,TT,CC,GG,GT,CG,AA,AA,AG,TT,CC,GG,AA,AC,CC,GG,GG,AC,GG,TT,AA,AA,CC,GG,AT,CC,AA,TT,GG,TT,TT,AA,GG,GT,AT,CG,AT,GT,AA,GG,AG,TT,AA,TT,CC,TT,AA,CC,TT,GG,AA,CG,AA,CC,AT,TT,TT,GG,TT,AA,CC,AG,GG,CC,CC,GG,CC,GG,TT,AA,CC,TT,GG,CC,GG,AA,GG,CC,AA,CC,AT,AA,AC,CC,AC,TT,AA,GG,AA,AA,AC,AA,AG,AA,AG,AA,TT,CG,AA,AA,CC,AC,CC,AA,AA,CG,GG,GG,TT,AA,AG,TT,TT,TT,AA,AT,GG,GG,AA,8.65,Resistant,Medium,Standard,Medium
L0002,Davangere,Karnataka,Rabi,Black Cotton,Irrigated,430,25.5,58,AA,CT,GG,AG,GG,CC,GG,TT,CC,CG,AA,CT,CC,TT,GT,NN,GG,TT,TT,AA,CC,TT,GT,TT,AT,CC,TT,TT,GG,AC,TT,CT,AA,CC,GG,GG,GG,CC,GG,CC,TT,TT,AA,GG,AA,AG,TT,TT,CC,AA,GT,AA,NN,GG,CC,GT,AA,CC,TT,AA,AA,GT,TT,AA,TT,TT,CC,GG,TT,GT,AA,GG,CC,AA,GG,AA,AA,GG,TT,TT,GG,GT,GT,CC,AA,GG,AA,AA,CC,GT,CC,TT,CT,TT,TT,GG,TT,CC,TT,CC,CC,CC,GG,AA,TT,TT,CC,AA,AA,AA,CT,GG,TT,CC,NN,AA,AA,TT,CG,AG,CC,GG,CC,TT,TT,AG,CC,CG,CC,CC,AA,TT,CC,AA,CC,CC,AA,TT,AG,AA,NN,CT,CC,GG,AA,AG,AT,CC,GT,CC,CC,AA,AG,GG,TT,GG,AC,TT,TT,AG,CC,TT,GT,TT,CC,AA,TT,TT,AA,AT,GG,CC,AG,CC,CC,CC,GG,CC,AA,GG,AG,CC,TT,CG,GT,TT,CG,AT,AA,AA,TT,CC,GG,AC,AC,CC,GG,GG,AA,GG,TT,AA,AA,NN,GG,AA,CC,AA,AT,GT,TT,AT,AT,CG,GT,AA,CC,TT,TT,AA,GG,AA,CT,AA,TT,CC,TT,AC,CC,CT,GG,AG,CG,AG,CC,TT,CT,GT,GG,TT,AA,AC,NN,NN,CC,CG,GG,CC,GG,AT,AA,CC,TT,GG,CC,CG,AA,AG,CC,AA,CC,NN,AG,CC,CC,AC,AT,AA,GG,AT,AC,AA,AA,GG,AA,AA,AG,TT,GG,AC,AA,CC,AC,TT,AA,AA,GG,AG,CG,TT,AA,AA,TT,TT,TT,NN,TT,GG,GG,AA,6.97,Susceptible,Medium,Premium,Late
L0003,Davangere,Karnataka,Rabi,Black Cotton,Irrigated,430,25.5,58,AC,TT,GG,AG,CG,CC,GT,TT,CC,CG,AA,CT,CC,AT,TT,GG,CG,TT,TT,AA,CC,TT,GT,CT,TT,CC,TT,AT,GT,AA,TT,CT,AA,CC,GG,GG,GG,CC,GG,CC,TT,CT,AC,TT,AA,AG,CT,TT,CC,AA,GG,AA,AA,GG,CC,TT,AA,AA,GG,AC,AA,TT,TT,AA,TT,TT,CC,GT,CT,GG,AA,GG,CC,AA,GG,AC,AA,GG,TT,TT,GG,GG,GG,CC,AA,GG,AA,AA,CC,GT,AC,NN,CC,TT,TT,GG,CT,CC,TT,CC,CT,GG,AG,AG,TT,TT,CC,AA,AG,AA,CC,GG,TT,CC,GT,AA,AA,AT,CC,GG,CG,GG,CC,GT,TT,AA,CC,CC,CC,CC,AA,TT,CC,AA,CC,CC,AA,TT,AA,AA,GG,CC,CG,GG,AA,NN,AA,CC,GT,CC,CC,AA,AG,AG,TT,GG,AC,TT,CT,AG,CC,GT,GT,TT,CC,AT,GT,CT,AA,TT,GG,CC,GG,CC,CC,CC,CG,CC,AA,GG,AA,CC,TT,CC,GG,TT,CC,AT,AA,AA,TT,CC,GG,AA,AC,CC,GG,GG,AA,GG,TT,AA,AA,CC,GG,AT,CC,AA,AT,GG,TT,TT,AT,GG,GT,AA,CC,AT,TT,AA,GG,AA,CT,AC,TT,CC,TT,AC,CC,TT,GG,AA,CC,AG,CC,TT,TT,TT,GG,TT,AC,AC,AG,GG,CG,CG,GG,CC,GG,AA,AA,CG,TT,GG,CC,CG,AT,AG,CC,AA,CC,AA,AA,CC,GG,AC,TT,AA,GG,AA,AA,AC,AA,GG,AA,AA,AA,NN,GG,AA,AA,CC,AC,CT,AA,AG,GG,GG,GG,TT,AA,AA,TT,TT,TT,AG,AT,GG,GG,AA,8.96,Susceptible,Low,Premium,Medium
L0004,Davangere,Karnataka,Rabi,Black Cotton,Irrigated,430,25.5,58,CC,TT,GG,AG,CG,CC,GG,TT,CC,GG,AA,CT,CC,TT,TT,GT,CG,TT,TT,AG,CC,TT,GT,CC,TT,CC,GT,TT,GG,AA,TT,CT,AA,CC,GG,CG,GG,CC,GT,CC,TT,CT,AA,TT,AA,GG,TT,TT,CC,CC,GG,AA,AA,GG,CC,GT,AA,AA,GT,AC,AA,TT,TT,AA,CC,TT,CC,GG,TT,GG,AA,GT,CC,AA,GG,CC,AA,GG,TT,TT,GG,GG,GT,NN,AA,GG,AA,AA,CC,TT,CC,TT,CT,TT,TT,GG,TT,CC,GT,CC,CC,CG,AG,AA,AT,TT,CC,AG,AA,AC,CT,GG,TT,CC,NN,CC,AA,TT,CG,GG,CC,GG,CT,GG,TT,AG,CC,CC,CC,CC,AA,TT,CC,AA,CC,CC,AA,TT,AA,AA,GG,CC,CC,GG,AA,AA,AA,CC,GG,CC,CC,AG,AA,GG,TT,AG,AC,GG,CT,GG,CC,TT,TT,TT,CC,AA,GT,TT,AA,AT,GG,CC,GG,TT,CC,CC,CG,AC,AA,AG,AA,CC,TT,CC,GG,GT,CG,AT,AA,AG,TT,CC,GG,AA,AC,CC,GG,GG,AA,GG,TT,AA,AA,CG,GG,AA,AC,AA,AT,GG,TT,TT,AT,GG,GT,AT,CG,AT,TT,AA,GG,NN,CT,AC,TT,CC,TT,AA,CC,TT,GG,AG,CG,GG,CC,TT,CT,GT,GG,AT,AA,NN,GG,GG,CC,CC,GG,CC,GG,TT,AA,CC,GT,GG,CC,CC,AA,AG,CC,AA,CC,AA,AA,AC,GG,CC,TT,AA,CG,AA,AA,AC,AA,AA,AG,GG,AA,TT,GG,AC,AA,CC,AA,TT,GG,AA,GG,GG,CG,TT,AT,AA,TT,TT,TT,AA,AT,GG,GG,AA,6.01,Susceptible,High,Premium,Medium
L0005,Davangere,Karnataka,Rabi,Black Cotton,Irrigated,430,25.5,58,AC,CT,GG,AG,GG,CC,GG,TT,CC,CG,AA,CC,CC,TT,NN,GT,GG,TT,TT,AA,CC,GT,TT,CC,TT,CC,GT,TT,GG,AA,TT,CC,AA,CC,GG,CG,GG,CC,GG,CC,TT,CT,AA,TT,AA,GG,TT,TT,CC,NN,GG,AA,AA,GG,CC,TT,AA,AA,GG,AC,AA,TT,TT,AA,TT,TT,CC,GG,TT,GG,AA,GG,CC,AA,GG,AA,AT,GG,TT,TT,GG,GG,GG,AC,NN,GG,AA,AA,CC,GT,AC,TT,CC,TT,TT,GG,CT,CC,GT,CT,CC,CC,AG,AA,AT,GT,CG,AA,GG,AA,CC,GG,TT,CC,TT,AA,AC,AT,CG,GG,CG,GG,CC,GG,TT,AG,CC,CC,AC,CC,AA,TT,CC,AA,CC,CC,AA,TT,AA,AA,CG,CC,CC,GG,AA,AA,AA,AC,GG,CC,CG,AA,AA,GG,TT,AG,AA,GT,TT,AG,CC,TT,TT,CT,CC,AA,GT,TT,TT,AT,GG,CC,AA,CC,CC,AC,GG,CC,AA,GG,AA,CC,TT,CC,GG,TT,GG,AA,AA,AG,TT,CC,GG,CC,CC,CC,GG,GG,AA,GG,TT,CC,AA,CC,GG,AA,AC,AT,AT,GG,TT,AT,AA,GG,TT,AA,CG,AT,TT,AA,GG,AA,CC,AA,TT,CC,CT,AA,CC,CC,GG,AG,NN,GG,CC,TT,CT,GT,GG,AT,CC,CC,AG,GG,CC,CC,GG,CC,GG,AT,AA,CC,TT,GG,CC,CC,AA,GG,NN,NN,CC,AA,AA,AC,CC,CC,TT,AA,GG,AA,AA,AC,AA,AG,AG,AA,AA,AT,GG,AA,AG,CC,AC,CC,AA,AG,GG,GG,CG,TT,AA,AA,TT,TT,TT,AA,TT,GG,GG,AA,7.92,Moderate,Low,Standard,Early
L0006,Davangere,Karnataka,Rabi,Black Cotton,Irrigated,430,25.5,58,CC,TT,AG,GG,GG,CC,GG,TT,CC,CG,AA,CC,CG,NN,GT,GG,CG,TT,TT,AG,CC,TT,TT,CC,TT,CC,GT,TT,GT,AA,TT,CC,AA,AC,GG,CG,GG,CC,GG,CC,TT,CT,AA,TT,AA,GG,TT,TT,CC,AC,GG,AT,AA,GG,CT,TT,AT,AC,GT,AC,AA,TT,TT,GG,TT,AT,CC,GG,TT,GT,AA,GG,NN,AA,AA,AA,AT,GG,TT,TT,GG,GG,GG,CC,AA,GG,AG,AA,CC,TT,CC,TT,CT,TT,GT,AG,CT,CC,GT,CC,CT,CG,AG,AA,TT,TT,CC,AA,GG,AA,CT,GG,NN,CG,TT,AC,AC,TT,CG,AA,CC,GG,CC,GG,TT,AG,CC,CC,CC,CC,AG,GT,CC,AA,CC,CC,AA,AT,AA,AA,GG,NN,CC,GG,AA,AA,AA,CC,GT,CC,CC,AA,AA,GG,TT,AG,AC,TT,CT,GG,AA,TT,GT,TT,CC,AA,GT,TT,AT,TT,GG,CC,NN,CT,AA,CC,GG,CC,AA,GG,AG,CC,TT,CC,GT,TT,GG,NN,NN,AG,TT,CC,GG,AC,CC,CC,GG,GG,AA,GG,TT,CC,AA,CC,GG,NN,CC,AA,AT,GG,TT,AT,AA,GG,GT,AT,CC,TT,GT,AA,GG,AA,CC,AA,TT,CC,TT,AA,CC,TT,GG,AA,CC,AA,AC,AT,TT,GG,GG,TT,AC,CC,AG,GG,CC,CG,GG,CC,GG,TT,AA,CC,TT,AG,GG,CC,AA,GG,CG,AA,CC,AA,AA,CC,CG,AC,TT,AA,GG,AA,AC,AC,AA,AG,AA,AG,AA,AT,GG,AC,GG,CC,AC,CC,AA,AA,CG,GG,GG,GT,AA,AA,TT,TT,TT,AA,AA,GG,GG,AA,7.14,Susceptible,High,Poor,Early
L0007,Davangere,Karnataka,Rabi,Black Cotton,Irrigated,430,25.5,58,CC,TT,GG,AG,GG,CC,GG,TT,CC,CG,AA,CT,CC,AT,GT,GG,CC,TT,TT,AG,CC,TT,TT,CC,TT,CC,TT,TT,GG,AA,TT,CC,AG,AC,AG,GG,GG,CG,GG,CC,TT,CT,AA,TT,AG,GG,TT,TT,CC,CC,GG,AT,AA,GG,CT,TT,AA,AC,GG,AC,AA,TT,AT,AG,CT,AT,CC,GG,TT,GG,AG,GG,CC,AA,GG,CC,AT,GG,TT,TT,GG,GG,GG,CC,AA,GG,AA,AA,CC,TT,CC,TT,CC,AT,GG,GG,TT,CC,GT,CC,CC,CC,NN,AA,TT,GT,CG,AA,AG,AA,CC,GG,TT,CC,TT,AC,AA,TT,CC,AG,CC,GG,CC,GT,TT,AA,CC,CC,CC,CG,AA,TT,CC,AA,CC,CC,AA,TT,AA,AA,GG,CT,CC,GG,AA,AG,AT,AC,TT,CC,CC,AA,AA,AG,GT,AG,AA,GT,CT,GG,CC,TT,TT,TT,CG,TT,TT,TT,AA,AT,GG,CG,AA,CT,CC,CC,GG,AC,AA,GG,AG,CC,TT,CC,GG,TT,GG,AA,AA,AA,TT,CC,GG,AC,CC,CG,GG,GG,AC,GG,TT,AA,AA,CC,NN,AA,CC,AA,AA,GG,TT,AT,NN,GG,TT,AT,CC,AT,GT,AA,GG,AA,TT,AA,TT,CC,CT,AC,CC,TT,CG,AG,CG,AA,CC,TT,TT,TT,GG,TT,AA,CC,AA,GT,CC,CC,GG,CC,GG,AA,AA,CC,TT,GG,CG,CC,AA,GG,CG,AT,CG,AA,AA,AC,CC,CC,AT,AA,GG,AA,AC,AA,AA,NN,AA,AA,AA,TT,GG,AA,AG,AC,AC,CT,AA,AA,GG,GG,GG,GT,AT,AA,TT,TT,TT,AA,TT,GG,GG,AC,5.74,Resistant,Medium,Premium,Late
L0008,Davangere,Karnataka,Rabi,Black Cotton,Irrigated,430,25.5,58,AA,TT,GG,AA,GG,CG,GG,TT,CG,CC,AA,CT,CC,TT,TT,GG,GG,TT,TT,AA,CC,TT,GT,CC,TT,CC,TT,TT,GG,AA,TT,CC,AA,CC,GG,CC,GG,CG,GG,CC,TT,CT,AC,TT,NN,AG,TT,TT,NN,AC,GG,AT,AA,CG,CT,TT,AT,AC,GT,AA,AA,TT,AT,AG,TT,TT,CC,GG,CT,GG,AA,GG,CC,AA,GG,AC,AT,GG,TT,TT,GG,GG,GG,CC,AA,GG,AA,AA,CC,TT,CC,TT,CT,TT,TT,GG,CT,AC,NN,CT,CC,CG,GG,AA,TT,TT,CC,AA,AG,AA,NN,GG,TT,CC,TT,AA,AA,TT,CC,AG,CG,GG,CC,GG,CT,AA,CC,CC,CC,CC,AA,TT,CC,AA,NN,CC,AA,TT,AA,AT,GG,CC,CC,GG,AA,AA,AA,AC,GG,CC,CC,AA,AA,GG,TT,GG,AA,GT,TT,AG,CC,TT,TT,NN,CC,AA,TT,CT,AA,TT,GG,CC,AA,CT,CC,CC,CC,CC,AA,GG,AA,CC,NN,CC,GG,TT,GG,AT,AA,AA,TT,CC,GG,AA,AA,CC,CG,GG,AC,GG,TT,AC,AA,CG,GG,AA,CC,AA,AA,GG,GT,TT,AT,GG,TT,AA,CC,TT,TT,AA,GG,NN,CT,AC,TT,CC,CC,CC,CC,CT,GG,AG,CC,AG,CC,TT,TT,GT,GG,TT,AA,CC,AG,GG,CC,CC,GG,CC,GG,TT,GG,CC,GG,GG,CC,CC,AA,NN,CC,AT,CG,AA,AA,CC,NN,AC,NN,AA,GG,AA,CC,AA,AC,GG,GG,AA,NN,AT,CG,CC,AA,AA,AA,CT,AA,AG,GG,AG,CG,GG,AA,AA,TT,TT,TT,AA,TT,GG,GG,AA,10.16,Resistant,Low,Standard,Early
L0009,Davangere,Karnataka,Rabi,Black Cotton,Irrigated,430,25.5,58,AC,CT,NN,AA,NN,CC,GT,TT,CC,CG,AA,CC,CC,TT,GT,GG,GG,TT,TT,AA,CC,GT,TT,CT,TT,CC,TT,TT,GG,AA,TT,CT,AA,CC,GG,CG,GG,CG,NN,CC,TT,TT,NN,GT,AG,AG,CT,NN,CC,AC,GG,AT,AA,NN,CT,GT,AT,AA,TT,AA,AA,TT,AT,AA,TT,TT,CC,GG,TT,NN,AA,GG,CC,AG,AG,AA,AT,GG,TT,TT,GG,GT,GT,CC,AA,GG,AA,AA,CC,TT,CC,TT,CC,TT,TT,GG,CT,CC,GT,CC,CC,CC,AA,AA,NN,TT,CC,AA,GG,AC,CT,GG,GT,CC,TT,AC,AA,AT,CG,NN,CC,GG,CT,GG,CT,AG,CT,CC,CC,CC,AA,TT,CC,AA,CC,CC,AA,TT,AG,AA,GG,CT,CG,GG,AG,AA,AA,CC,GT,CC,CC,AA,AG,GG,TT,GG,AC,TT,TT,AG,AC,TT,GT,TT,GG,AT,TT,TT,AT,TT,GG,CC,AG,TT,CC,CC,GG,CC,AA,GG,AG,CC,TT,CC,GT,TT,CG,AA,AA,AA,TT,CC,GG,AC,AA,CC,GG,GG,AC,GG,TT,AA,AA,CG,GG,AA,CC,AA,AT,GG,TT,AT,AT,GG,TT,AT,CC,TT,TT,AA,GG,AA,TT,AA,TT,CC,TT,AC,CC,CT,GG,AG,CC,GG,CC,TT,TT,TT,GG,TT,AA,CC,GG,GG,CC,CG,GG,CC,GG,AA,AA,CG,TT,GG,CG,CC,AA,GG,CG,AA,CC,AT,AA,AC,GG,CC,TT,AA,GG,AA,AC,AC,AA,AG,AA,AA,AA,TT,CG,AA,NN,AA,AA,CT,AA,GG,GG,GG,GG,TT,AA,AA,TT,TT,TT,AA,AT,GG,CG,AA,7.16,Resistant,High,Poor,Early
L0010,Davangere,Karnataka,Rabi,Black Cotton,Irrigated,430,25.5,58,AC,TT,GG,AA,GG,CC,GG,TT,CC,CC,AA,CC,CC,TT,TT,GG,CG,TT,TT,AA,CC,GT,TT,CT,TT,CC,TT,TT,GG,AA,TT,CC,AA,CC,AG,GG,GT,CG,GG,CC,TT,CC,AA,GT,AA,GG,TT,TT,CC,AA,GG,AA,AG,GG,CC,TT,AA,AC,GT,AA,AG,GT,NN,AG,CT,TT,CC,GG,TT,GG,AA,GT,CC,AA,AA,CC,TT,GG,TT,TT,GG,GG,GT,CC,AT,GG,AA,AA,CC,GT,CC,TT,CC,TT,TT,AG,TT,CC,GT,CC,CC,CG,GG,AG,TT,TT,CC,AA,GG,AA,CC,GT,NN,CC,TT,AA,AA,TT,CC,GG,CC,AG,CC,GT,TT,AA,CC,CC,AC,CC,AA,TT,AC,AA,CC,CC,AA,TT,AA,AT,GG,TT,CC,GG,AA,AA,AA,CC,GG,CG,CC,AA,AA,GG,GT,AG,AA,TT,CC,GG,CC,GT,TT,TT,CG,AT,GT,TT,AT,TT,GG,CC,AA,CT,CC,CC,CC,CC,AA,GG,AG,CC,TT,CC,TT,GT,GG,AT,AA,AA,TT,CC,CG,AA,CC,CG,GG,GG,AC,NN,TT,AA,AA,CC,GG,AT,CC,AA,AT,GG,TT,AT,AT,GG,GT,AT,CG,TT,GT,AA,GG,AA,TT,AA,TT,CG,TT,AA,CC,TT,GG,AA,CG,GG,CC,TT,CC,TT,GG,TT,AA,AC,AA,GG,CC,CC,GG,CC,GG,AA,AA,CG,GT,GG,CC,CC,AT,AG,CC,AT,CC,AT,AA,AC,CG,CC,AT,AA,GG,AA,AA,AC,AA,GG,AG,AA,AA,TT,GG,AC,AA,AA,CC,CT,AA,AA,GG,GG,GG,TT,AA,AA,TT,TT,TT,GG,TT,GG,GG,AC,7.28,Resistant,Medium,Premium,Medium
L0011,Davangere,Karnataka,Rabi,Black Cotton,Irrigated,430,25.5,58,CC,TT,GG,AA,GG,CC,GG,TT,CC,CG,AA,CT,CG,TT,TT,GG,GG,TT,TT,AG,CC,GT,GT,CC,AT,TT,TT,TT,GG,AA,TT,CT,AA,CC,GG,GG,GG,CC,GG,AC,TT,TT,AA,GT,AG,GG,TT,AT,CG,AC,GG,AA,AA,GG,CC,GT,AA,AA,TT,AA,AA,GT,TT,GG,CC,TT,CC,GG,TT,GT,AG,GG,AC,AA,GG,AC,AA,GG,TT,TT,GG,GG,GG,CC,AA,GG,AG,AT,CC,GT,CC,GT,CT,AT,TT,GG,TT,AA,TT,CC,CC,CC,AG,AA,AT,TT,CC,AA,AG,AA,CC,GG,NN,CC,GT,AA,AA,TT,CC,GG,CC,GG,CC,GG,TT,AA,CT,CC,CC,CG,AA,TT,CC,AA,CC,CC,AA,TT,AA,AA,GG,CC,CC,GG,AA,AG,AA,CC,TT,CG,CC,AA,AG,GG,NN,AG,AC,TT,CT,GG,CC,GT,GT,TT,CC,AT,TT,TT,AA,TT,GG,CG,AG,CT,CC,CC,CC,CC,AA,GG,AG,CC,TT,CC,GG,TT,GG,AT,AA,AG,NN,CC,GG,AA,AC,CC,GG,GG,AC,CG,TT,AC,AA,CC,GT,AT,AC,AA,AA,GG,GT,TT,AA,GG,GG,AT,CC,AT,GT,AA,GG,AA,CT,AA,TT,CC,TT,AA,CC,CT,GG,AA,CG,GG,NN,TT,TT,GT,GG,TT,AA,CC,AA,GG,CC,CG,GG,CG,GG,AT,AG,CC,TT,GG,CC,CC,AA,AG,CC,AA,CC,AA,AA,CC,NN,AC,TT,AA,GG,AA,AA,AA,NN,AG,GG,AA,AA,TT,GG,AC,AA,CC,AA,CT,AA,AA,GG,GG,GG,TT,AT,AG,GT,TT,TT,AG,AA,GG,GG,AA,8.03,Moderate,High,Premium,Early
L0012,Davangere,Karnataka,Rabi,Black Cotton,Irrigated,430,25.5,58,AA,CT,GG,AA,CG,CC,GG,TT,CC,GG,AA,CC,CC,TT,TT,GG,GG,TT,TT,AA,CC,TT,TT,CC,TT,CC,TT,TT,GT,AA,TT,CC,AA,CC,GG,GG,GG,CC,GG,CC,TT,CT,AA,TT,AG,AG,TT,TT,CC,CC,GG,AA,AG,GG,CC,GG,AA,AA,GG,AC,AG,GT,AT,AG,CT,TT,CC,GG,TT,GG,AA,GG,CC,AA,AG,AA,AA,GG,TT,TT,GG,GG,GG,CC,AA,GG,AA,AT,CC,TT,CC,TT,CT,TT,TT,GG,CT,CC,TT,CC,CT,CG,AG,AA,TT,GT,CC,AA,AG,AA,CC,GG,TT,CC,TT,AA,AA,TT,CG,AG,CC,GG,CC,GT,TT,AG,CC,CC,CC,CC,AA,GT,CC,AA,CC,CT,AA,TT,AA,AA,GG,CC,CC,GG,AA,GG,AA,AC,GT,CC,CG,AA,AG,GG,TT,GG,CC,TT,CT,GG,CC,GT,TT,CT,CG,AA,TT,TT,AA,TT,GG,CC,AA,TT,CC,CC,CG,CC,AA,GG,AG,CC,TT,CC,GT,GG,CG,TT,AA,AA,TT,CC,GG,AC,CC,CC,GG,GG,AA,GG,TT,AC,NN,CC,GG,AA,CC,AA,AA,GG,TT,AT,AA,GG,GT,AA,CC,TT,GT,AA,GG,AA,TT,AA,TT,CC,TT,AA,AC,TT,CC,GG,CG,AA,CC,TT,CT,GT,GG,AT,AC,CC,AA,GG,CG,CC,GG,CC,GG,TT,AA,CC,TT,GG,CC,CC,AT,GG,CC,AA,CC,AT,AA,AC,CG,AC,AA,AA,GG,AA,AA,AA,AA,GG,AA,AA,AA,TT,GG,CC,AA,AA,AC,CC,AG,AA,GG,NN,GG,GT,AA,AA,TT,TT,TT,AA,TT,GG,GG,AA,7.85,Moderate,High,Standard,Late
L0013,Davangere,Karnataka,Rabi,Black Cotton,Irrigated,430,25.5,58,AA,TT,GG,AG,CG,CC,GG,TT,CC,CG,AA,CC,CC,TT,GT,GG,GG,TT,TT,AA,CG,TT,TT,CC,TT,CC,TT,TT,GG,AA,TT,CC,AA,CC,GG,GG,GG,CC,GG,CC,GT,CT,AA,GT,AG,AG,NN,TT,CC,AA,GT,AA,AA,GG,CC,TT,AA,AC,GT,AA,AA,TT,TT,AG,TT,TT,CC,GG,CT,GG,AA,GG,CC,AA,AG,AC,AT,GG,TT,TT,GG,GT,GG,CC,AA,GG,AA,AA,CG,TT,CC,TT,CC,TT,TT,GG,CT,CC,TT,CC,CC,CC,AG,AA,TT,TT,CC,AA,GG,AA,CC,GG,TT,CC,TT,AA,AC,TT,CC,AG,CC,GG,CC,GT,TT,AA,CC,CC,AC,CC,AA,TT,CC,AA,CC,CC,AA,TT,AA,AA,GG,CC,CC,GG,AA,AG,AA,CC,GT,CC,CG,AA,GG,AG,TT,AG,AC,TT,CC,GG,CC,TT,TT,TT,CC,AA,GG,TT,AA,TT,CG,CC,AA,CT,CC,CC,GG,CC,AA,GG,AA,CC,TT,CC,TT,TT,CC,AT,AA,GG,TT,CC,CG,AA,CC,CC,NN,AG,AC,GG,TT,CC,AA,CC,GG,AA,CC,AT,AT,GT,TT,AT,AA,GG,GG,AT,CC,TT,GT,AA,GG,AA,CT,AA,TT,CC,TT,CC,CC,TT,GG,GG,CC,AA,CC,AT,CT,TT,GG,TT,AA,NN,AG,GG,CC,CC,GG,CC,GG,TT,AG,CG,TT,GG,CC,CG,AT,GG,CC,AT,CC,AT,AA,CC,CC,AC,AT,AA,GG,AA,AA,AA,AA,AG,GG,AG,AA,TT,CG,AC,AA,AA,AC,CT,AA,AA,GG,AG,GG,TT,AA,AA,GT,TT,TT,AA,AT,GG,GG,AA,7.81,Resistant,High,Standard,Medium
L0014,Davangere,Karnataka,Rabi,Black Cotton,Irrigated,430,25.5,58,AC,TT,GG,AA,GG,CC,GG,TT,CC,CG,AA,CC,GG,TT,TT,GG,CG,TT,TT,AG,CC,TT,GT,CC,TT,CT,TT,TT,GG,AA,TT,CT,AA,CC,GG,CG,GG,CG,GG,CC,TT,CT,AA,TT,AG,AG,TT,TT,CC,AC,GG,AA,AA,GG,CC,GT,AT,AC,GG,AC,AA,TT,TT,AG,TT,NN,CC,GG,TT,TT,GG,GG,CC,AG,GG,AA,TT,GG,TT,TT,AG,GG,GT,CC,AA,GG,AA,AT,CC,TT,AA,TT,TT,AT,TT,GG,TT,CC,GG,NN,CT,CC,AG,AA,TT,GT,CC,AA,AA,AA,CT,GG,TT,CC,TT,AA,AA,AT,CC,AG,CC,GG,CC,GG,CT,AA,CT,CC,CC,CC,AA,TT,CC,AC,CC,CC,AA,AT,AA,AT,GG,CC,CC,GG,AA,AG,AA,CC,GT,CC,CG,AA,AA,GG,TT,GG,AC,TT,TT,AA,CC,TT,TT,TT,CC,AT,TT,TT,AA,TT,CG,CC,AG,CC,AC,CC,CG,CC,AA,GG,AA,CC,TT,CC,GG,TT,GG,TT,AG,AA,TT,CC,GG,AC,CC,NN,GG,AG,CC,GG,TT,AC,AA,CC,GT,AA,AC,AA,AT,GG,TT,AA,AA,CG,GT,AA,CC,AT,GG,AA,GG,AA,CT,AA,TT,CC,TT,AC,CC,CT,CC,AA,CG,GG,CC,AA,CT,GT,GG,AT,AA,AC,AA,GG,CC,CC,GG,CC,GT,AT,AA,CC,GT,AG,CC,CC,AA,AG,CG,AT,CC,AA,AA,CC,CG,CC,TT,AA,GG,NN,AA,AC,AA,GG,AA,AA,AA,TT,GG,AA,AA,CC,AC,NN,AA,AA,GG,GG,GG,TT,AT,AA,TT,TT,TT,GG,TT,CG,GG,AA,9.16,Resistant,Low,Poor,Early
L0015,Davangere,Karnataka,Rabi,Black Cotton,Irrigated,430,25.5,58,AA,TT,AG,AA,GG,CC,GT,TT,CC,CG,AA,CC,CC,AT,TT,GG,CG,TT,TT,AA,CG,TT,GT,CC,TT,CC,GT,TT,GT,AA,TT,CC,AA,CC,GG,CG,GG,CG,GG,CC,TT,CT,CC,TT,AG,GG,TT,TT,CC,AC,GG,AA,AA,GG,CC,TT,AA,AC,GT,NN,AA,GT,TT,NN,TT,TT,CC,GG,TT,GG,AA,GG,CC,AA,GG,AC,AT,GG,TT,TT,GG,GG,GG,CC,AA,GG,AA,AT,CG,GT,CC,TT,CT,TT,TT,AG,TT,AC,TT,CC,CC,CG,AA,AA,AT,TT,CC,AA,AG,AA,CC,GG,TT,CC,GT,NN,AA,TT,CC,GG,CC,GG,CC,GT,CT,AA,CC,CC,CC,CC,AA,TT,CC,AA,AC,CC,AA,TT,AA,AA,GG,CT,CC,GG,AA,GG,AA,CC,GG,CC,CG,AA,GG,AG,TT,GG,AC,TT,TT,GG,AC,TT,GT,TT,GG,AT,TT,TT,AA,TT,GG,CG,AA,CC,CC,CC,GG,CC,AA,GG,AA,CC,TT,CC,GT,TT,GG,NN,AA,AA,TT,CC,GG,AA,AC,CC,GG,GG,AA,GG,TT,CC,AA,CC,GG,AT,CC,AA,AT,GG,TT,TT,AA,GG,GT,TT,GG,TT,GT,AA,GG,AA,CT,AA,TT,CC,TT,AC,CC,TT,NN,AG,CC,AG,CC,TT,TT,GT,GG,TT,AC,AC,AA,GG,CC,NN,CG,CC,GG,TT,AG,CC,GT,GG,CC,CG,AA,GG,CG,NN,CC,AA,AA,CC,CC,AC,TT,AA,GG,AA,AA,AA,AA,AG,AG,AA,AA,AT,GG,AA,AA,CC,AC,CC,AA,AA,GG,GG,GG,GT,AT,AG,TT,TT,TT,AA,AT,GG,CG,AA,7.07,Susceptible,Low,Standard,Medium
L0016,Davangere,Karnataka,Rabi,Black Cotton,Irrigated,430,25.5,58,AC,CT,AG,AG,GG,CC,GG,AT,CC,CG,AA,CC,CC,TT,GT,GG,CC,TT,TT,AG,CC,GT,GT,CT,AT,CC,GT,TT,GG,AA,TT,CC,AA,CC,GG,GG,GG,CC,NN,CC,TT,CT,AA,GT,AG,AG,TT,TT,CC,AA,GT,AA,AG,GG,CC,GG,AA,AA,GT,AC,AG,TT,AT,AA,TT,TT,CC,GT,TT,GT,AG,GG,CC,AA,AG,AA,AA,GG,TT,TT,GG,GG,GG,CC,AA,GG,NN,AA,CC,GT,CC,TT,CC,TT,TT,GG,TT,CC,GT,CC,NN,CC,AG,AA,AT,TT,NN,AA,AA,AA,CT,GG,TT,CC,GT,AC,AA,TT,CC,AG,CC,GG,CC,GG,CT,AA,CT,CC,CC,CC,AA,TT,AC,AA,CC,CC,AA,TT,AA,AT,GG,CC,CC,GG,AA,AA,AA,CC,GG,NN,CG,AA,AA,GG,TT,AG,AA,TT,CT,AG,CC,GT,TT,CT,NN,AT,GG,TT,NN,TT,GG,CC,AG,TT,CC,AC,CG,CC,AA,GG,AA,CC,TT,CG,GT,TT,CG,AT,AA,AA,TT,NN,GG,AA,CC,CC,GG,AG,CC,GG,TT,AA,AA,CC,GG,NN,AC,AA,AA,GT,TT,AA,AT,GG,TT,AT,CC,TT,NN,AA,GG,AA,TT,AA,TT,CC,CT,AA,AC,CT,CG,AG,CC,GG,CC,TT,TT,GG,GG,AT,AA,AC,AG,GG,CC,CG,GG,CC,GG,AT,AA,CC,TT,GG,CC,CG,AT,AG,CG,AT,CC,AA,AA,AC,CG,AC,TT,AA,GG,AA,AA,AC,AA,GG,AG,AG,AA,AA,GG,AA,AA,AC,AC,CT,AA,AG,GG,GG,GG,TT,AA,AA,TT,AT,TT,AA,TT,GG,GG,AA,4.67,Susceptible,Medium,Poor,Medium
L0017,Davangere,Karnataka,Rabi,Black Cotton,Irrigated,430,25.5,58,AA,TT,AG,AA,GG,NN,GT,TT,CC,CG,AA,CC,CG,TT,NN,GG,GG,TT,TT,AA,CG,GG,TT,CT,TT,NN,TT,TT,GT,AA,TT,CT,AA,AC,GG,GG,GG,GG,GG,CC,TT,CT,AA,GT,AG,GG,TT,TT,CC,AC,TT,AA,AA,GG,CC,GT,AA,AA,GT,CC,AG,TT,AT,AG,TT,NN,CC,GG,TT,GT,AG,GG,CC,AA,AG,AC,AT,GG,TT,TT,AG,GG,GG,CC,AA,GG,AA,AA,CG,TT,CC,TT,CC,TT,GT,GG,CC,CC,TT,CT,CT,CC,GG,AG,AT,TT,CG,AG,AG,AA,CC,GG,TT,CG,TT,AC,AA,TT,CG,GG,CC,AG,CT,GT,TT,AA,CT,CC,CC,CC,AG,TT,CC,AA,CC,CC,AA,TT,AA,AA,CG,CT,CG,GG,AA,GG,AA,CC,GG,CC,CC,AG,AA,GG,TT,AG,AC,TT,TT,GG,CC,GG,GT,TT,CG,AA,TT,TT,AA,TT,GG,CC,AG,CC,CC,CC,GG,CC,AA,GG,AA,CC,TT,CG,GT,TT,GG,TT,AA,AA,TT,CC,GG,AA,CC,CG,GG,GG,AA,GG,NN,AA,AG,CC,GG,AA,CC,AA,AA,GG,TT,AT,AT,GG,GT,AT,CG,AT,TT,AA,GG,AA,CT,AA,TT,CG,CT,NN,CC,TT,GG,AA,CC,AG,CC,TT,TT,TT,GG,AT,AA,AA,AA,GG,CC,GG,GG,CC,GT,AT,AA,CC,TT,GG,CC,CG,AA,GG,CC,AA,CC,AA,AA,CC,CC,AC,TT,AA,GG,AT,AA,AC,AA,AA,AG,AA,AA,TT,GG,AA,AA,AC,AA,CC,AG,AA,GG,GG,GG,TT,AT,AA,TT,TT,TT,AA,TT,GG,GG,AA,10.95,Susceptible,Medium,Premium,Medium
L0018,Davangere,Karnataka,Rabi,Black Cotton,Irrigated,430,25.5,58,CC,TT,AA,AG,CG,CC,GG,AT,CC,CG,AA,CC,NN,AT,TT,GG,CC,TT,TT,AA,CC,TT,GT,CC,NN,CC,GT,TT,GT,AA,TT,CC,AA,CC,GG,GG,GG,CC,GG,CC,TT,CT,AA,TT,AG,GG,TT,TT,CC,AC,GG,AA,AA,GG,CC,TT,AA,AA,GT,AC,AA,TT,AT,AA,CT,TT,CC,GG,TT,GT,AA,GG,CC,AA,GG,AC,AA,GG,TT,TT,GG,GG,GG,CC,AT,GG,AA,TT,CC,GG,CC,TT,CC,TT,GT,GG,TT,CC,TT,CC,CT,CC,GG,AA,TT,TT,CG,AA,AG,AA,CC,GG,GT,CC,GT,AA,AC,TT,CC,GG,CG,AG,CC,GG,TT,AA,CC,CC,CC,CC,AA,TT,CC,AA,CC,CC,AA,TT,AA,AT,CG,CC,CC,GG,AA,AG,AA,CC,GT,CC,CC,AG,NN,GG,GT,AG,CC,TT,TT,GG,AC,GT,TT,CT,CC,AT,TT,TT,AT,NN,GG,CC,AA,CT,CC,CC,GG,CC,AA,GG,GG,CC,TT,CC,GT,GT,GG,TT,AG,AG,TT,CC,CG,AC,CC,CC,GG,GG,AA,GG,TT,AC,AA,CC,GT,AA,AC,AA,AA,GG,TT,NN,AA,GG,GT,AT,CC,AT,TT,AA,GG,NN,TT,AA,TT,CC,TT,AA,CC,CC,GG,AA,CG,AA,CC,NN,CT,TT,GG,TT,AC,AC,AG,GG,CC,CG,NN,CC,NN,TT,AA,CG,GT,GG,CC,GG,AA,AG,CC,AT,CC,AA,NN,CC,CG,CC,TT,AA,GG,AA,AA,AC,AA,AG,GG,NN,AA,TT,GG,AA,AA,CC,AA,CT,AA,AA,GG,GG,GG,TT,AA,AA,TT,TT,TT,AA,AA,GG,GG,AA,6.42,Susceptible,Medium,Poor,Early
L0019,Davangere,Karnataka,Rabi,Black Cotton,Irrigated,430,25.5,58,NN,TT,NN,GG,GG,CC,GG,AT,CC,CC,AA,CC,CC,TT,TT,GG,GG,TT,TT,AA,CC,TT,GG,CT,TT,CC,GT,TT,GG,AA,TT,CC,AA,CC,GG,CG,GG,GG,GG,CC,TT,CT,AC,GT,AA,GG,TT,TT,CG,AC,GG,AT,AA,GG,CT,GG,AA,AA,TT,AC,AA,TT,NN,AA,TT,AT,CC,GG,TT,GG,AG,GG,AC,AA,AG,AC,AA,GG,TT,TT,GG,GT,GG,CC,AA,GG,AA,AA,CC,TT,AC,GT,CT,TT,TT,AG,TT,CC,GT,CC,CC,GG,AG,AG,TT,TT,CC,AA,AG,AC,CT,GG,TT,CC,TT,AC,AC,TT,CC,GG,CG,AG,CC,GG,TT,AA,CT,CC,CC,CC,AA,NN,CC,AA,CC,CC,AA,AT,AA,AT,GG,TT,CC,GG,AA,AA,AA,CC,GG,CC,CG,AA,AA,GG,TT,GG,AC,GG,TT,AG,AC,TT,GT,CT,CC,AT,NN,TT,AT,TT,GG,CC,AA,CC,AC,CC,GG,CC,AA,AG,AA,CC,TT,CC,GT,GT,GG,AA,AA,AG,TT,CC,GG,AA,CC,NN,GG,AG,AA,CG,TT,AA,AA,CC,GG,AT,AC,AA,AA,GG,TT,AT,AA,GG,TT,AA,CC,TT,GT,AA,GG,AA,CT,AA,TT,CC,CT,AA,CC,TT,CG,AG,CG,GG,CC,TT,CT,TT,GG,TT,AA,AC,AA,GG,CC,CG,GG,CC,GG,AA,AA,CC,TT,GG,CC,CC,AT,NN,CC,AA,CC,TT,AA,CC,CG,AC,TT,AA,GG,AA,AC,AA,AA,AA,GG,AA,AA,AT,GG,AC,AG,CC,AC,CT,AG,AA,GG,NN,GG,TT,AA,AA,TT,TT,TT,AG,AA,GG,GG,AA,7.79,Susceptible,Medium,Standard,Early
L0020,Davangere,Karnataka,Rabi,Black Cotton,Irrigated,430,25.5,58,AA,CT,AG,AG,GG,CC,GG,TT,CC,CG,AT,CC,CG,AT,TT,GG,CG,TT,TT,AG,CC,GT,TT,CC,TT,CC,TT,TT,GG,AA,TT,CT,AA,CC,GG,GG,GG,GG,GG,CC,TT,CT,AA,GT,AG,AG,TT,TT,CC,AA,GG,NN,GG,GG,CC,TT,AA,AC,GG,AC,AA,TT,TT,AG,TT,AT,CC,GG,TT,GG,AG,GG,CC,AA,GG,AA,AT,GG,TT,TT,GG,GG,GT,CC,AT,GG,AA,AA,CC,GT,CC,TT,CT,TT,TT,GG,TT,CC,GT,CC,CC,CC,AG,AA,TT,TT,CC,AG,AA,AA,CC,GG,TT,CC,GG,NN,AA,TT,CC,AA,CC,GG,CC,GG,TT,GG,CT,CC,CC,CC,AA,TT,CC,AA,CC,CC,AG,AT,AA,AA,GG,CC,CC,GG,AA,AG,AA,AC,GG,CC,CC,AA,AG,GG,TT,GG,AA,TT,TT,GG,AC,GT,TT,TT,CC,AT,GT,TT,AA,TT,CG,CG,AG,CC,CC,CC,CG,CC,AA,GG,AG,CC,TT,CC,NN,TT,GG,AA,AA,AG,GT,CC,GG,AC,CC,CC,GG,GG,AC,GG,TT,AA,AG,CC,NN,AA,CC,AA,AT,GG,TT,AT,AA,GG,GG,AT,CC,AT,TT,AA,GG,AA,TT,AA,AT,CC,CT,AC,CC,TT,GG,GG,CC,AG,CC,TT,NN,GT,GG,TT,AA,AA,AG,GG,CC,CG,GG,CC,GG,TT,AA,CC,TT,GG,CC,CC,AA,GG,CC,AT,CC,AT,AA,AC,CC,AC,AT,AA,GG,AA,AC,AC,AC,AA,AA,AA,AA,TT,GG,AA,AA,AC,AA,TT,AA,AA,GG,GG,GG,TT,AA,AG,TT,TT,TT,AG,AT,CG,CG,AA,8.22,Susceptible,Medium,Poor,Medium
L0021,Davangere,Karnataka,Rabi,Black Cotton,Irrigated,430,25.5,58,AC,TT,AG,AA,GG,CC,GG,TT,CC,CC,AT,CC,CC,TT,TT,GG,CG,TT,TT,AA,CC,TT,TT,CC,TT,CC,TT,TT,GG,AA,TT,CC,AA,CC,GG,GG,GG,CC,GG,CC,TT,TT,AC,TT,AA,AG,TT,TT,CC,AC,GG,AA,AA,GG,CC,TT,AA,AA,GT,AA,AA,TT,AT,AG,TT,TT,CC,GG,TT,GT,AG,GT,CC,AA,GG,AC,AA,AG,TT,TT,GG,GG,GG,CC,AA,GG,AA,AA,CC,GT,CC,TT,TT,TT,TT,GG,TT,CC,GT,CT,CC,CG,GG,AA,TT,TT,CC,AA,AA,AA,CC,GG,TT,CC,TT,AC,AA,TT,CC,GG,CC,GG,CC,GT,TT,AA,CC,CC,CC,CC,AA,TT,CC,AC,CC,CC,AA,TT,AA,AA,GG,CT,CC,GG,NN,NN,AA,CC,GT,CC,CC,GG,AG,GG,TT,AG,AC,GT,CT,GG,CC,TT,GT,TT,GG,AA,TT,CT,AT,TT,GG,CC,NN,CT,CC,CC,GG,CC,AA,GG,AA,CC,TT,CG,GG,TT,GG,TT,AG,AA,TT,AC,GG,AC,CC,CC,GG,GG,AC,GG,TT,AC,AA,CC,GG,AA,AC,AA,TT,GG,TT,TT,AA,GG,TT,AA,CC,TT,GT,AT,GG,AA,CT,AA,TT,CC,NN,AC,CC,TT,CG,AG,CC,AG,CC,TT,TT,GT,CG,NN,AC,CC,AA,GG,CC,CC,GG,CG,GG,TT,AA,CC,TT,GG,CC,CG,AT,GG,CC,AA,CC,AA,AA,NN,CG,CC,AT,AA,GG,AA,AC,AA,AC,AG,AG,AA,AA,AT,GG,AA,AA,AC,AA,TT,AA,AA,GG,GG,GG,TT,AA,AA,TT,TT,TT,AG,TT,NN,CG,AC,5.61,Resistant,High,Standard,Late
L0022,Davangere,Karnataka,Rabi,Black Cotton,Irrigated,430,25.5,58,AA,TT,NN,AA,GG,CC,GG,TT,CC,NN,AA,CC,CG,TT,TT,GG,GG,TT,TT,AA,CC,GT,TT,CT,TT,CC,GT,TT,GG,AA,TT,CT,NN,AC,AG,GG,GG,CC,GG,CC,TT,CT,AA,TT,AG,GG,TT,AT,CC,AC,GG,AA,AA,GG,CT,GT,AA,AA,TT,AC,AA,TT,TT,AA,TT,AA,CC,GG,CT,GG,AA,GG,CC,AA,GG,CC,AT,GG,TT,TT,GG,GG,GT,CC,AA,GG,AA,AA,CC,TT,CC,TT,CC,TT,GT,GG,CT,CC,GT,CC,CC,GG,GG,AA,AT,TT,CC,AA,AA,AC,CC,NN,TT,CG,TT,AA,AC,TT,CG,GG,CC,GG,CC,GT,CT,AG,TT,CC,CC,CG,AA,TT,AC,AA,CC,CC,AA,TT,AA,AA,GG,CT,CC,GG,AA,AA,AA,AC,GT,CC,CC,AA,AA,GG,TT,GG,CC,GT,CT,AG,AC,TT,GG,TT,CC,AA,TT,TT,AT,TT,GG,CG,AA,CT,CC,AC,GG,CC,AA,GG,AA,CC,TT,CG,GT,GT,GG,AA,AA,AA,TT,CC,GG,AA,AC,CC,GG,GG,AA,NN,TT,AC,AA,CC,GT,AT,CC,AA,AT,GG,TT,TT,AA,GG,GT,AA,CC,AT,TT,AA,GG,AA,CT,AA,TT,CC,TT,AC,CC,CT,GG,AG,CC,AG,CC,AT,TT,TT,GG,TT,AC,CC,AA,GG,CC,CC,GG,CC,GG,AT,AA,CC,TT,GG,CC,CC,AA,AG,CC,AA,CC,AT,AA,CC,CG,AC,TT,AA,GG,AA,AA,AA,AA,AG,AA,AG,AA,AT,GG,AC,AG,AC,AA,TT,AA,GG,GG,GG,GG,TT,AA,AA,GT,TT,TT,AG,TT,GG,GG,AA,7.26,Susceptible,High,Premium,Late
L0023,Davangere,Karnataka,Rabi,Black Cotton,Irrigated,430,25.5,58,AC,CC,AG,AG,CC,CC,GT,TT,CC,CG,AA,CT,CC,AT,GT,GG,NN,TT,TT,AG,CC,TT,GG,CC,TT,CC,TT,TT,GG,AA,TT,CT,AA,CC,GG,CG,GG,CC,GG,CC,TT,TT,AA,TT,AG,AG,TT,AT,CC,AA,GT,AA,AA,GG,CC,TT,AA,AA,GT,AC,AA,TT,TT,AA,TT,AT,CC,GG,TT,GT,AA,GG,CC,AA,GG,AC,AT,GG,TT,TT,GG,TT,GT,CC,AA,GG,AA,AA,CC,TT,CC,TT,CC,TT,GT,NN,CC,CC,GT,CC,CC,CC,AG,AA,TT,TT,GG,AA,AA,AC,CC,GG,TT,CC,TT,AA,AA,TT,CC,AG,CG,GG,CC,GG,TT,AA,CT,CG,CC,CG,AA,TT,CC,AA,CC,CC,AG,TT,AA,AT,GG,CC,CC,GG,AG,AA,AA,CC,GG,CC,CC,AA,AA,AG,GT,AG,AA,GT,CT,GG,AC,TT,GT,TT,CC,AT,TT,TT,AA,TT,GG,CC,AG,CT,CC,CC,GG,CC,AA,GG,AG,CC,TT,CC,TT,NN,CG,AT,AA,AG,TT,AC,CG,AA,CC,CC,GG,GG,AC,GG,TT,AA,AA,CC,GG,AT,AC,AA,AA,GT,GT,TT,TT,CG,GT,AT,CG,TT,TT,AA,GG,AA,CC,AC,TT,CC,TT,AC,AC,TT,GG,NN,CC,AA,CC,TT,CT,GT,GG,TT,AA,AA,AA,GT,CC,CC,GG,CC,GG,AT,AA,GG,TT,AG,CG,CC,AA,GG,CC,AT,CC,AA,AA,CC,CG,AC,TT,AG,GG,AA,AA,AA,AC,AG,AA,AA,AA,TT,CG,AC,AG,AC,AC,CT,AA,AA,CG,GG,GG,TT,AA,AG,GT,TT,TT,AG,TT,GG,CG,NN,10.06,Susceptible,High,Poor,Early
L0024,Davangere,Karnataka,Rabi,Black Cotton,Irrigated,430,25.5,58,AC,TT,AG,AG,GG,CC,GT,TT,CC,CC,AA,CC,CG,TT,TT,GG,GG,TT,AT,GG,CC,TT,TT,CC,TT,CC,TT,TT,GG,AA,TT,CC,AA,CC,GG,GG,GG,CC,GG,CC,TT,CT,AA,GG,AA,AA,TT,TT,CC,CC,GT,AT,AA,GG,CC,TT,AA,AA,GT,AA,AA,TT,TT,NN,TT,AT,CC,GG,TT,GT,AA,GT,CC,AA,GG,AA,AT,GG,GT,TT,GG,GG,GG,CC,AA,GG,AA,AA,CC,GT,CC,TT,CT,TT,GG,GG,TT,AC,GT,CC,CT,CG,AG,AA,TT,TT,CC,AG,AA,AA,CC,GG,TT,CG,TT,AA,AA,TT,CC,AG,CC,AG,CC,GT,TT,GG,CC,CC,AC,CC,AA,TT,CC,AA,CC,CC,AA,TT,AA,AA,GG,CT,CC,GG,AA,AG,AA,CC,GT,CC,CC,AA,AA,AG,TT,AG,AA,TT,CT,GG,AA,TT,TT,TT,CG,TT,GT,TT,AA,TT,NN,CC,AG,CT,CC,CC,GG,CC,AA,GG,AG,AC,TT,CC,GG,NN,GG,TT,AA,AA,TT,AC,GG,AC,AC,CC,GG,GG,AC,GG,TT,AC,AA,CC,GT,AA,CC,AA,AT,GT,TT,TT,AA,GG,GT,AA,CC,AT,TT,AT,GG,AA,CT,AA,TT,CC,TT,AA,CC,TT,GG,AG,CC,AA,CC,TT,TT,TT,GG,TT,AA,AC,AG,GG,CC,CG,GG,CC,GG,AT,AA,CC,TT,GG,CC,CC,AA,AG,CC,NN,CC,TT,AA,AC,CC,AA,TT,AA,GG,AA,AA,AA,AA,AA,AG,AA,AA,TT,GG,AA,AA,CC,AA,CT,AA,AA,GG,AG,GG,TT,AT,AA,TT,TT,AT,AG,TT,GG,CG,AA,5.7,Susceptible,Medium,Poor,Late
L0025,Davangere,Karnataka,Rabi,Black Cotton,Irrigated,430,25.5,58,AC,TT,GG,AA,NN,CC,GG,TT,CC,CG,AT,CC,CC,TT,TT,GG,GG,TT,TT,AA,CC,TT,GT,CC,TT,CC,TT,TT,GG,AA,TT,CT,AA,CC,GG,GG,GG,CG,GG,CC,TT,TT,AC,TT,AA,GG,TT,TT,CC,AC,GG,AA,AA,GG,CT,TT,AA,AA,GT,AA,AA,GT,TT,AA,TT,TT,CC,GG,TT,GT,AA,GG,CC,AA,GG,AC,AA,GG,GT,TT,GG,GG,GG,CC,AA,GG,AA,AT,CC,GT,CC,TT,CC,AT,GT,GG,TT,CC,GT,CC,TT,CG,GG,AA,AT,GT,CG,AA,AG,AA,CT,GG,GT,CC,NN,AA,AA,TT,CC,GG,CC,AG,CC,GT,NN,AA,CT,CC,AC,CC,AA,TT,CC,AA,CC,CC,AA,TT,AA,AA,GG,CC,CC,GG,AA,AA,AA,CC,GT,CC,CC,AA,AA,GG,TT,GG,AC,TT,NN,GG,AC,GT,TT,TT,CG,TT,GT,TT,AT,TT,GG,CG,AA,CT,CC,CC,CG,CC,AA,GG,AG,CC,TT,CG,GG,TT,GG,TT,AA,AA,TT,CC,GG,AA,CC,CC,GG,GG,AA,GG,TT,AC,AA,CC,GG,AT,AC,AA,TT,GG,GT,AT,AA,GG,GT,AA,CG,AT,TT,AA,GG,AA,CT,AC,TT,CC,TT,AC,AC,TT,GG,AG,CC,AG,CC,TT,CT,GT,GG,TT,AA,AC,AA,GG,CC,CC,GG,CG,GG,TT,AA,CC,GT,GG,CC,CC,AA,GG,CC,AA,CG,AA,AA,CC,CC,AC,TT,AA,GG,AA,AC,AC,AA,GG,AA,AG,AA,TT,CG,AA,AG,AC,AA,TT,AA,AA,GG,GG,GG,TT,AA,AA,GT,NN,TT,AG,AT,GG,GG,AC,7.31,Resistant,Medium,Standard,Medium
L0026,Davangere,Karnataka,Rabi,Black Cotton,Irrigated,430,25.5,58,AA,TT,GG,AG,GG,CC,GG,AT,CC,CC,AA,CC,CC,AT,GT,GG,CG,TT,TT,AA,CG,TT,GT,CC,TT,CT,GT,TT,GG,NN,TT,CC,AA,CC,GG,GG,GG,GG,GG,CC,TT,CT,AA,TT,AA,GG,TT,AT,CC,AA,GT,AA,AA,GG,CT,TT,AA,AA,GG,AA,AG,GT,AT,AA,TT,AT,CC,GG,TT,GT,AA,GG,CC,AA,GG,AC,AT,AG,TT,TT,GG,GT,GG,AC,AA,GG,AA,AA,CC,TT,CC,GT,CT,TT,GT,GG,TT,CC,TT,CC,CC,CG,GG,AG,AT,TT,GG,AA,AA,AC,CC,GG,TT,CC,GT,AA,AA,TT,CG,GG,CC,GG,CC,GG,NN,AA,CC,CC,CC,CC,AA,TT,CC,AA,CC,CC,AA,AT,AA,NN,CG,CT,CC,GG,AA,AG,AT,AA,GT,CC,CC,AA,AA,GG,TT,GG,AA,GT,CT,AG,AC,GT,TT,CT,CG,AA,GT,TT,AA,TT,GG,CC,AA,CC,CC,CC,GG,CC,AA,GG,AG,CC,TT,CC,GT,TT,GG,AA,AA,AA,TT,CC,CG,AA,CC,CG,GG,GG,AC,GG,TT,AA,AA,CC,GT,AA,CC,AA,AA,GG,TT,TT,AA,GG,GT,AA,CC,TT,GT,AA,GG,AA,NN,AA,TT,CC,TT,AA,CC,TT,CG,AG,CC,AA,CC,TT,CT,GT,GG,TT,AA,AA,AA,GG,CC,GG,GG,CG,GG,TT,AA,CC,TT,GG,CC,CC,AT,NN,CC,AA,CC,AA,AA,CC,CG,CC,TT,AA,GG,AA,AA,CC,AA,AG,AA,AA,AA,TT,CG,AC,AA,AC,AC,TT,AA,AA,GG,GG,GG,TT,AA,AA,TT,TT,NN,AG,TT,GG,GG,AA,6.86,Moderate,Low,Standard,Late
L0027,Davangere,Karnataka,Rabi,Black Cotton,Irrigated,430,25.5,58,AA,CT,GG,AG,GG,CC,GT,TT,NN,CC,AA,CC,CC,TT,TT,GG,GG,TT,TT,AA,CC,GT,GG,CC,TT,CC,TT,TT,GT,AA,TT,CC,AA,CC,GG,CC,GG,CC,GG,CC,TT,TT,AA,TT,AA,GG,TT,NN,CC,NN,GG,AA,AA,GG,CC,TT,AA,AA,GT,AA,AA,TT,AT,AA,TT,TT,CC,GG,TT,TT,AA,GG,CC,AA,GG,AA,AT,AG,GT,TT,GG,TT,GG,CC,AA,GG,AG,AA,CC,TT,AC,TT,CC,TT,TT,AA,CT,CC,GT,CC,CC,CC,AG,AA,TT,NN,CC,AA,AG,AA,CC,GG,TT,CC,TT,AA,AA,TT,CC,GG,CC,GG,CC,GT,TT,AA,CC,CC,AC,CC,AA,TT,CC,AA,CC,CC,AA,AT,NN,AA,GG,CC,CC,GG,AA,AG,AA,AC,GG,CC,CC,AA,GG,AG,TT,AG,AA,GG,CC,GG,CC,GT,TT,TT,CC,AT,TT,TT,AA,AT,GG,CG,AG,CT,AC,CC,GG,AA,AA,GG,AA,CC,TT,CC,GT,TT,GG,TT,AA,AA,TT,CC,CG,AC,CC,CC,GG,GG,AC,GG,TT,CC,AG,CC,GG,AA,AC,AA,AA,GG,GT,AT,AA,GG,GG,AA,CC,TT,TT,AA,GG,AA,TT,AA,TT,CC,CT,AA,CC,TT,CG,AA,CG,GG,CC,AT,TT,TT,GG,NN,AA,AC,AA,GG,CC,GG,GG,CC,GG,TT,AA,CC,TT,GG,CC,CC,AT,AG,CC,NN,CC,AA,AA,AA,CG,CC,TT,AA,GG,AA,AA,AC,AA,AG,AG,AG,AG,TT,GG,AC,AG,AC,AA,TT,AA,AA,GG,GG,GG,TT,AA,AA,NN,TT,TT,AA,TT,GG,GG,AC,6.08,Resistant,Medium,Premium,Early
L0028,Davangere,Karnataka,Rabi,Black Cotton,Irrigated,430,25.5,58,AC,TT,AG,AA,GG,CC,GG,AT,CC,CC,AA,CC,CG,AT,GT,GG,CG,TT,TT,AA,CC,TT,TT,CC,TT,CC,TT,TT,GG,AA,CT,CC,AG,CC,GG,CG,GG,CC,GG,CC,TT,TT,AA,TT,AA,GG,TT,TT,CC,AC,GG,AA,AA,GG,CC,TT,AT,AA,GT,AC,NN,TT,AT,AA,TT,AT,CC,GG,TT,GT,AA,GG,CC,AA,GG,CC,AA,GG,TT,TT,GG,TT,GT,CC,AA,GG,AA,TT,CC,GG,CC,TT,NN,TT,TT,GG,TT,CC,TT,CC,CT,CG,GG,AA,TT,TT,CG,AA,AG,AA,TT,GG,TT,CC,TT,AA,AA,TT,CC,AG,CG,GG,CC,GG,TT,AA,CT,CC,CC,CC,AA,TT,CC,AA,CC,CT,AA,TT,AA,AT,GG,CT,CC,GG,AA,AA,AA,CC,GT,CC,CC,AA,AG,AG,TT,GG,AC,TT,CT,GG,CC,GT,GT,TT,CG,AA,TT,TT,AT,AT,GG,CC,AA,CT,CC,CC,CC,CC,AA,GG,AG,CC,TT,CC,GT,TT,GG,AT,AA,AA,TT,CC,CG,AC,CC,CC,GG,NN,AC,GG,TT,AA,AA,CC,GG,AA,CC,AA,AA,GG,TT,TT,AA,GG,TT,AT,CC,AT,GT,AA,GG,AA,TT,AA,TT,CC,TT,AA,CC,TT,GG,AA,CG,AG,AC,TT,TT,GG,CG,TT,AA,CC,AA,GG,CG,GG,GG,CC,GG,AT,AA,CC,TT,GG,CC,CC,AA,GG,CC,TT,CC,AA,AA,AC,CC,CC,TT,AA,GG,AA,AA,AC,AA,GG,AG,AA,AA,TT,GG,AC,AA,AC,AA,TT,AA,AA,NN,GG,GG,TT,AA,AA,TT,TT,TT,AA,TT,GG,GG,AA,5.86,Moderate,Medium,Premium,Medium
L0029,Davangere,Karnataka,Rabi,Black Cotton,Irrigated,430,25.5,58,AC,TT,GG,AG,CG,CC,GG,AT,CC,CC,AA,TT,CG,TT,GT,GG,GG,TT,TT,AA,CG,TT,GT,CC,TT,CC,TT,AT,GG,AA,TT,NN,NN,CC,AG,CG,GG,CG,GG,CC,TT,CT,AA,TT,AA,AG,TT,AT,CC,AA,GG,AT,AA,GG,CT,TT,AA,AA,GG,AC,AA,GG,AT,AA,TT,TT,CC,GG,TT,GG,GG,GG,AC,AA,GG,AA,AA,GG,TT,TT,GG,GG,GG,CC,AA,GG,AA,AA,CC,TT,CC,TT,CC,TT,GT,GG,TT,CC,GT,CC,CC,CG,GG,AA,TT,GT,CG,AA,GG,AA,CT,GG,TT,CC,TT,AA,AC,TT,GG,AG,CC,GG,CC,GG,CT,AA,CC,CC,CC,CC,AA,TT,CC,AA,CC,CT,AG,TT,AG,TT,GG,CC,CC,GG,AG,AG,AA,AC,GG,CC,CG,AG,AG,AG,TT,GG,AA,GT,CT,GG,CC,GT,TT,TT,CC,AT,TT,TT,TT,TT,GG,CC,AG,CT,CC,CC,CG,CC,AT,GG,GG,CC,TT,CC,GG,TT,GG,AT,AA,AA,GT,AC,GG,AA,AC,CC,GG,GG,AC,GG,TT,AA,AA,CC,GG,AA,AC,AT,AA,GT,GT,AT,AA,GG,GT,AT,CC,TT,TT,AA,GG,AA,CT,AA,TT,CC,TT,AA,CC,CT,CG,AA,CC,AA,CC,TT,CT,GT,GG,TT,AA,AC,AA,GG,CC,CG,GG,CC,GG,TT,AA,CC,TT,GG,CC,CC,AT,GG,CG,AA,CC,AA,AA,CC,CG,AC,TT,AA,GG,AA,AA,AA,AC,GG,AA,AG,AA,AT,GG,AA,GG,CC,AA,CT,AA,AA,GG,GG,GG,TT,AA,AA,TT,TT,TT,AA,AT,GG,GG,AA,5.54,Susceptible,Low,Poor,Early
L0030,Davangere,Karnataka,Rabi,Black Cotton,Irrigated,430,25.5,58,AC,TT,AG,AA,GG,CC,GT,TT,NN,GG,AA,CC,CG,TT,GT,GT,GG,TT,TT,AA,CC,GG,GG,CC,TT,CC,GT,TT,GG,AA,TT,CC,AA,CC,GG,CG,GG,CG,GG,CC,TT,CT,AA,TT,AA,GG,TT,TT,CG,AC,TT,AA,NN,CG,CC,TT,AA,AA,TT,AA,AA,TT,TT,AA,CT,AT,CC,GG,TT,GG,AG,GG,CC,AA,GG,CC,TT,GG,TT,TT,GG,GG,GG,CC,AA,GG,AA,AT,CC,TT,CC,TT,CC,TT,TT,GG,NN,CC,GT,CT,CT,CC,AG,AA,TT,TT,CG,AG,AG,AA,CT,GG,TT,CC,TT,AA,AA,TT,CC,AG,CC,GG,CC,GG,TT,AA,CC,CG,CC,CC,AA,TT,CC,AA,AC,CC,AA,AT,AA,AA,GG,CC,NN,GG,AA,AG,AA,CC,GG,CC,CC,AA,AG,GG,TT,GG,AA,TT,TT,GG,AC,TT,TT,TT,CC,AT,GT,TT,AA,AT,GG,CC,AG,CT,CC,CC,CG,CC,AA,GG,AG,CC,TT,CC,GT,TT,NN,TT,AA,AG,TT,AC,CG,AA,CC,CC,GG,GG,CC,GG,TT,AA,AG,CC,GT,AA,AC,AA,AT,GT,GT,AT,AT,GG,GT,AA,CC,TT,TT,AA,GG,AA,TT,AA,TT,CC,TT,AA,AC,TT,GG,AG,CG,AG,AC,AT,CT,TT,GG,TT,AC,CC,AA,GG,CG,GG,GG,CC,GG,AT,AA,CC,TT,GG,CC,CC,AA,AG,CC,AA,CC,AT,AA,AA,CC,AC,TT,AA,CG,AA,AA,AA,AA,AG,AG,AA,AA,TT,GG,AA,AA,AC,AA,CT,AG,AG,GG,GG,GG,TT,AT,AA,TT,TT,TT,AA,TT,GG,GG,AA,8.76,Susceptible,Medium,Standard,Medium
L0031,Davangere,Karnataka,Rabi,Black Cotton,Irrigated,430,25.5,58,AA,TT,AG,AA,CG,CC,GG,AT,CC,GG,AA,CC,GG,AT,TT,GG,CG,TT,TT,AA,CC,TT,TT,CC,TT,CC,TT,TT,GG,AA,TT,CC,AA,CC,GG,GG,GG,CG,GG,CC,TT,CT,AA,GT,AA,GG,CT,TT,CC,CC,GG,AT,AG,CG,CC,GT,AA,AA,GG,AA,AA,TT,AT,AA,TT,AT,CC,GG,TT,GG,AA,GG,CC,AG,GG,AC,AA,GG,TT,TT,GG,GG,GT,CC,AA,GG,AA,TT,CC,GT,CC,TT,CC,TT,GT,GG,CT,CC,TT,CC,CC,CC,AG,AA,TT,TT,CG,AA,AG,AA,CC,GG,TT,CG,TT,AA,AA,TT,CG,AG,CC,GG,CC,TT,TT,AA,CC,CC,CC,CC,AA,TT,CC,AA,CC,CC,AA,AT,AG,AT,GG,CT,CC,GG,AA,AA,AA,CC,GG,CC,CC,AA,AA,GG,GT,AG,AC,TT,CT,AG,CC,NN,GT,TT,CG,AT,TT,CT,AA,AT,GG,CC,AA,CC,CC,AC,CG,CC,AA,GG,AA,CC,TT,CC,GG,GT,CG,TT,AA,AA,TT,CC,GG,AA,CC,CC,CG,GG,AA,GG,TT,AC,AA,CC,GG,AA,CC,AA,TT,TT,TT,AA,AT,GG,GG,AT,CC,TT,TT,AA,GG,AA,CT,AC,TT,CC,NN,AA,AC,TT,GG,AA,CC,AG,CC,TT,CT,GG,GG,TT,AC,CC,AA,GG,CC,CC,GG,CG,GG,TT,AA,CC,TT,GG,CG,CC,AA,AG,CG,AA,CC,AA,AA,CC,GG,AC,TT,AA,GG,AA,AA,AA,AA,AG,AA,AA,AA,TT,CG,AA,AA,CC,AC,CT,AA,AG,GG,GG,GG,TT,AA,AG,GT,TT,TT,AG,AT,GG,GG,AA,7.28,Moderate,Low,Premium,Late
L0032,Davangere,Karnataka,Rabi,Black Cotton,Irrigated,430,25.5,58,AA,CT,AG,AG,GG,CC,GG,AA,CC,CG,AA,CT,CC,TT,TT,GT,GG,TT,TT,AA,CG,TT,GT,CC,TT,CC,GT,TT,GG,AA,TT,CC,AA,CC,GG,CG,GG,CC,GG,CC,TT,CC,AA,TT,AG,GG,TT,AT,CC,CC,GG,AA,AA,GG,CC,TT,AA,AA,TT,AC,AG,GT,TT,AG,TT,AT,CC,GG,TT,GG,AA,GG,CC,AA,GG,AA,AA,GG,TT,TT,GG,GT,GG,CC,AT,GG,AA,AT,CC,GT,CC,GT,CT,TT,TT,GG,NN,CC,TT,CC,CT,CG,GG,AA,TT,TT,CC,AG,AG,AA,CC,GG,TT,CC,TT,AA,AA,TT,CG,AG,CC,GG,CC,GT,TT,AA,CC,CC,CC,CC,AA,TT,CC,AA,CC,CC,AA,TT,AA,AA,GG,CC,CC,GG,AA,AG,AA,CC,GG,CC,CG,AG,AA,GG,GT,GG,AA,TT,TT,GG,CC,TT,TT,TT,CG,AA,TT,TT,AT,AT,GG,CC,GG,CT,CC,CC,GG,CC,AT,AG,AA,CC,TT,CC,GG,TT,GG,AA,AA,AA,TT,CC,GG,AC,AC,CG,GG,GG,AA,CG,TT,AC,AA,CC,GG,AT,AC,AA,AT,GG,TT,TT,AT,GG,GG,AA,CC,TT,GG,AA,GG,AA,CC,AC,TT,CG,TT,AA,CC,TT,CG,AA,CC,AG,CC,TT,NN,TT,GG,TT,AA,AA,GG,GG,CC,CG,GG,CC,GG,TT,AA,CG,NN,AG,CC,CC,AA,GG,CC,AT,CG,AA,AA,CC,CG,AA,TT,AA,GG,AA,AA,AC,AA,GG,AA,AG,AA,TT,GG,AA,AG,AC,CC,CT,AA,AA,GG,GG,GG,TT,AA,AA,GT,TT,TT,AA,TT,GG,GG,AA,7.17,Moderate,High,Standard,Medium
L0033,Davangere,Karnataka,Rabi,Black Cotton,Irrigated,430,25.5,58,AC,TT,NN,AA,GG,CC,GG,TT,CC,CG,AA,CC,CG,TT,TT,GG,CC,TT,TT,AA,CG,GT,TT,CT,TT,CC,TT,TT,GG,AA,TT,CC,AA,CC,GG,CG,GG,CC,GG,CC,TT,TT,AC,GT,AA,GG,CT,NN,CC,CC,GG,AA,AA,GG,CC,GT,AT,CC,GT,AC,GG,GT,TT,AA,TT,TT,CC,GG,TT,GG,AA,NN,CC,AA,AG,AC,AT,GG,TT,TT,GG,GG,GG,CC,AT,GG,AA,AT,CC,GT,CC,TT,CT,TT,TT,AG,TT,CC,TT,CC,NN,GG,AG,AA,AT,TT,CC,AA,AG,AA,CC,GG,GT,CG,TT,NN,AA,TT,CC,GG,CG,GG,CT,TT,TT,AA,CC,CC,CC,CC,AA,GT,CC,AA,CC,CT,AA,TT,AG,AA,CG,CC,CC,GG,AA,AG,AA,CC,NN,CC,CC,AA,AA,GG,TT,GG,AC,GT,CC,AG,CC,TT,TT,TT,CG,AA,TT,TT,AT,TT,GG,CC,AA,CC,AC,CC,GG,CC,AA,GG,AA,CC,TT,CC,GG,GT,GG,AA,AA,AA,TT,AC,GG,AA,CC,CC,GG,GG,AC,GG,TT,AA,AG,CC,GG,TT,CC,AA,AT,GG,TT,AT,AT,GG,GG,AA,CG,AT,GT,AA,GG,AA,CT,AA,TT,CC,CT,AA,CC,TT,CG,AA,CC,AA,AC,TT,TT,GG,CG,TT,AA,AC,AG,GG,CC,CG,GG,NN,GG,AT,AA,CC,TT,GG,CC,CC,AA,GG,CC,AA,CC,AA,AA,CC,CC,CC,TT,AA,GG,AA,AA,AA,AA,AG,AG,AA,AA,NN,CG,AC,AG,CC,AA,TT,AA,AA,GG,GG,GG,TT,AA,AA,GT,TT,TT,AA,TT,GG,GG,AA,7.29,Moderate,Low,Premium,Late
L0034,Davangere,Karnataka,Rabi,Black Cotton,Irrigated,430,25.5,58,AA,TT,GG,AG,CG,CC,GG,TT,CC,CG,AA,CC,CC,AT,GT,GT,CC,TT,TT,GG,CC,TT,TT,CC,TT,CT,GT,TT,GG,AA,TT,CC,AA,CC,GG,GG,GG,CC,GG,CC,GT,TT,AA,GT,AA,GG,TT,AT,CG,AC,GG,AA,AA,GG,CC,NN,AA,AA,GG,AA,AA,TT,AT,AA,TT,TT,CC,GG,NN,GG,AA,GG,CC,AA,GG,AC,AT,GG,GT,TT,GG,GG,GG,AC,AA,GG,AG,TT,CC,TT,CC,TT,CT,AT,TT,GG,CT,CC,GT,CC,CT,GG,AG,AA,TT,TT,GG,AA,AA,AA,CT,GG,TT,CC,TT,AA,AA,TT,CG,GG,CG,GG,CT,TT,CT,NN,CC,CC,CC,CC,AA,TT,CC,AA,AC,CT,AA,TT,AA,AA,GG,CC,CC,GG,AA,GG,AA,CC,GG,CC,CC,AA,AA,GG,TT,AG,AA,GG,CT,GG,AC,TT,TT,CC,CC,AT,TT,TT,AA,AT,GG,CC,AA,CC,CC,AC,CG,AC,AA,GG,AA,CC,TT,CG,GG,TT,GG,TT,AA,AA,TT,CC,GG,AA,CC,CC,GG,GG,AA,CG,TT,AC,AG,CC,GG,AA,CC,AA,AA,GT,TT,TT,AT,GG,GG,AA,CC,TT,TT,AA,GG,AG,TT,AA,TT,CC,TT,CC,CC,TT,GG,AG,CG,AG,CC,TT,CT,GT,GG,TT,AA,AC,AA,GG,CG,CC,GG,CC,GG,AT,NN,CC,TT,GG,CC,CC,AT,GG,CC,AA,CC,AA,AA,AC,GG,AC,TT,AA,GG,AA,AA,AA,AA,AG,AG,AA,AA,TT,CG,AA,AA,AC,AA,CT,AA,AA,GG,GG,GG,TT,AT,AA,GT,TT,TT,AA,TT,GG,GG,AA,7.2,Resistant,Low,Standard,Late
L0035,Davangere,Karnataka,Rabi,Black Cotton,Irrigated,430,25.5,58,AA,CT,AG,AG,GG,CC,GG,TT,CC,GG,AA,CC,CG,TT,GG,GT,GG,TT,TT,AA,CC,GT,NN,CC,TT,CC,TT,TT,GG,AA,TT,CT,AG,CC,GG,GG,GG,NN,GG,CC,TT,CT,AA,TT,AA,AG,TT,AA,CC,AC,GT,AA,AG,GG,CT,GT,AA,AC,GG,AC,AA,TT,AT,AG,CT,TT,CC,GG,TT,GG,AA,GG,CC,AA,GG,AC,TT,GG,TT,TT,GG,GG,GT,AC,AA,GG,AA,AA,CG,TT,CC,TT,CT,TT,TT,AG,TT,CC,TT,CC,CC,CG,GG,AA,AT,TT,CC,AA,GG,AA,CC,GG,TT,CC,GT,AA,AC,TT,CG,GG,CC,GG,CC,GG,CT,NN,CC,CC,CC,CG,AA,TT,CC,AA,CC,CC,AA,TT,AA,AA,GG,CC,CC,GG,AA,GG,AT,NN,NN,CC,CC,AG,AA,AG,TT,GG,AC,TT,TT,GG,CC,GT,TT,TT,CG,AA,GT,CT,AA,TT,GG,CC,AA,CT,CC,CC,GG,CC,AA,GG,NN,CC,TT,CC,GG,GT,GG,AT,AA,AA,TT,CC,GG,AC,AC,CC,GG,GG,AA,GG,TT,AA,AA,CC,GG,AA,CC,AA,AT,GG,TT,TT,AA,GG,GG,AT,CC,AT,TT,AA,GG,AA,TT,AA,TT,CC,TT,AA,CC,CT,CG,AA,CC,AG,CC,AT,CC,GT,GG,TT,AA,AC,AA,GG,CC,CG,GG,CC,GG,AT,AA,CC,GT,AG,CC,CC,AA,GG,CC,AT,CC,AA,AA,AA,CC,AC,TT,AA,GG,AA,AC,CC,AA,GG,AG,AG,AA,TT,GG,AC,AG,CC,AA,CT,AA,AA,GG,AG,GG,TT,AA,AA,TT,TT,TT,AG,TT,GG,GG,AC,7.61,Resistant,Low,Poor,Early
L0036,Davangere,Karnataka,Rabi,Black Cotton,Irrigated,430,25.5,58,CC,TT,AG,AA,GG,CC,GT,TT,CC,CG,AT,CT,CG,AT,TT,GG,GG,TT,TT,AG,CC,TT,TT,CT,TT,CC,GT,TT,GG,AA,TT,CT,AA,CC,GG,GG,GG,CC,GG,CC,TT,CT,AA,TT,AA,GG,TT,TT,CC,AC,GG,AA,NN,GG,CC,GT,AA,AC,GT,AA,AA,TT,AT,AG,CT,TT,CC,GG,TT,GG,AG,GG,CC,AA,GG,AA,AT,GG,TT,NN,GG,GT,GG,CC,AA,GG,AA,AT,CC,GG,CC,TT,CC,TT,GT,AG,CT,AC,GT,CC,CC,CC,AG,AA,TT,TT,CC,AA,AA,AC,CC,GG,GT,CC,GT,AC,AA,TT,CC,AG,CC,GG,CC,GG,TT,AA,CT,CC,AC,CC,AA,TT,CC,AA,CC,CT,AA,TT,AA,AA,GG,CC,CC,GG,AA,AG,AA,AC,GG,CC,CC,AA,AA,GG,TT,AG,AC,TT,CT,GG,AC,GT,TT,CT,CG,AA,GG,CT,AA,TT,GG,CC,AG,TT,CC,AC,GG,CC,AA,GG,AG,CC,TT,CC,GG,GG,CG,AT,AA,AA,NN,CC,GG,AA,CC,CC,GG,GG,AA,GG,TT,AA,AG,GG,GG,AA,AA,AT,AT,GG,TT,TT,AT,GG,TT,AA,CC,TT,TT,AA,GG,AA,TT,AA,TT,CC,TT,AC,CC,TT,CG,GG,CG,AG,CC,TT,TT,GT,GG,TT,AC,AA,AA,GG,CC,CG,GG,CC,GG,TT,AA,CG,GT,GG,CC,GG,AA,GG,CG,AT,CC,AT,AG,AC,CG,AC,TT,AA,GG,AA,AA,AC,AA,AG,GG,AG,AA,TT,CC,AA,AG,AC,AC,NN,AG,AA,GG,GG,NN,TT,AA,GG,TT,TT,TT,GG,TT,GG,GG,AA,6.34,Susceptible,High,Standard,Medium
L0037,Davangere,Karnataka,Rabi,Black Cotton,Irrigated,430,25.5,58,AA,TT,AG,GG,CG,CC,GG,TT,NN,CC,AA,CC,CC,TT,TT,GG,GG,TT,TT,NN,CG,GT,TT,CT,TT,CC,GT,TT,GG,AA,CT,CC,AA,CC,GG,CG,GG,CC,GG,CC,GT,TT,AC,TT,AA,GG,TT,TT,CC,AC,GG,AA,AG,GG,NN,TT,TT,CC,GG,AA,AA,GT,TT,AG,CT,TT,CC,GG,TT,GT,AA,GG,CC,AG,AG,AA,AT,GG,TT,TT,GG,GT,GT,CC,AA,GG,AA,AA,CC,GG,CC,TT,CC,TT,TT,GG,TT,CC,GT,CC,CC,CG,AG,AA,TT,TT,CG,AA,AG,AA,NN,GG,TT,CC,GT,AA,AA,TT,CC,AG,CG,GG,CC,GT,CT,AG,CT,CC,CC,CC,AA,TT,CC,AA,CC,CT,AA,TT,AA,AA,GG,CC,CC,GG,AA,AA,AA,CC,GG,CG,CG,AA,AA,NN,GG,GG,AC,TT,TT,AG,CC,GT,TT,TT,CG,AA,TT,CT,TT,TT,CG,CC,AG,CC,CC,CC,CG,CC,AA,AG,AA,CC,TT,CC,GG,TT,CG,TT,AA,AG,TT,CC,CG,AA,CC,CC,CG,GG,AA,GG,TT,AC,AA,CC,GG,AA,CC,AA,AT,GG,TT,AT,AT,GG,GG,NN,CG,AT,GT,AA,GG,AA,CT,AA,TT,CC,TT,AA,AC,CT,GG,AA,CC,AG,CC,AT,TT,TT,GG,TT,AA,CC,AG,GG,CC,CC,GG,CC,GG,TT,AG,CC,TT,GG,CC,CC,AA,AG,CC,AA,CC,TT,AA,AC,CC,CC,TT,AA,GG,AA,AA,AA,AC,AG,AG,AA,AA,TT,CG,NN,AG,AC,AA,CC,AA,AA,GG,GG,GG,TT,AT,AA,TT,TT,TT,AA,TT,GG,GG,AA,9.01,Resistant,Medium,Premium,Early
L0038,Davangere,Karnataka,Rabi,Black Cotton,Irrigated,430,25.5,58,AC,TT,GG,AA,GG,CC,GG,TT,CG,CG,AT,CC,CC,TT,NN,GG,CG,TT,TT,AG,CG,TT,GT,CC,TT,CC,TT,TT,GG,AA,TT,CC,AA,CC,GG,GG,GG,CC,GG,CC,TT,TT,AA,GG,AG,GG,TT,TT,CC,AC,GT,AA,AA,GG,CT,TT,AA,AC,GG,AA,AG,TT,AT,AG,TT,AT,CT,GG,TT,GG,AG,GG,CC,AA,GG,AA,AA,GG,TT,TT,AG,TT,GG,CC,AT,GG,AA,AA,CC,TT,AC,TT,CT,TT,GT,AG,TT,CC,TT,CT,CT,CG,AA,AA,AT,TT,CC,AA,AG,AA,CC,GG,GT,CC,TT,AA,NN,TT,CC,GG,CC,GG,CC,GG,TT,AA,CT,CC,CC,CC,AA,TT,AC,AA,CC,CC,AA,TT,AA,AA,GG,CC,CC,GG,AA,AG,AA,CC,GT,CC,CC,AA,GG,GG,TT,AG,AA,TT,CT,GG,AC,TT,TT,TT,CG,AA,GT,TT,AT,TT,GG,CC,AG,CT,CC,CC,CG,CC,AA,GG,AA,CC,TT,CC,GG,GT,CG,TT,AA,AA,TT,AC,CG,AA,CC,CC,GG,GG,AA,GG,TT,AC,AA,CC,GG,AA,CC,AA,AT,GG,TT,TT,AA,GG,GT,AA,CG,TT,TT,AA,GG,AA,TT,AA,TT,CC,TT,AA,AC,CT,GG,AG,CG,AG,CC,AT,CT,GT,GG,TT,AC,CC,AA,GG,CC,CG,GG,CC,GG,AT,AA,CC,TT,GG,CC,CC,AT,AG,CG,AA,CC,AT,AA,AC,CC,CC,TT,AA,GG,AA,AA,AC,AA,GG,AA,AA,AA,TT,CG,AA,AG,AC,AA,CT,AA,AA,GG,GG,CG,TT,AT,AA,GT,TT,TT,AA,TT,GG,CG,AA,6.67,Susceptible,Medium,Standard,Medium
L0039,Davangere,Karnataka,Rabi,Black Cotton,Irrigated,430,25.5,58,AA,TT,GG,AA,CG,CC,GG,TT,CC,GG,AA,CT,CG,AT,TT,GG,GG,TT,AT,AG,CC,TT,NN,CC,TT,CC,TT,TT,GT,AA,TT,CC,AA,CC,GG,GG,GG,NN,GT,CC,TT,CT,AA,TT,AA,AG,CT,TT,CC,AC,GG,AT,AA,GG,CT,GT,AA,AC,GT,AA,NN,TT,AT,AA,TT,TT,CC,GG,TT,GT,AG,GG,CC,AA,GG,AC,AT,NN,TT,TT,GG,GG,GG,AC,AA,GG,AA,AT,CC,NN,CC,TT,CC,TT,TT,GG,TT,CC,GT,CC,CC,CC,GG,AA,TT,TT,CC,AG,AG,AA,CC,GG,TT,CC,TT,AA,AC,TT,CC,AA,CC,GG,CC,GG,TT,AG,CC,CC,CC,CC,AA,TT,CC,AA,CC,CC,AA,TT,AA,AA,GG,CC,CG,GG,AA,GG,AA,NN,GG,CG,CC,AA,AG,GG,GT,GG,AC,TT,TT,GG,CC,TT,TT,CT,CC,AT,TT,TT,AT,TT,GG,NN,AG,CC,CC,CC,GG,CC,AA,GG,AA,CC,NN,CG,GT,TT,GG,AT,AA,NN,TT,CC,GG,AC,AC,CC,GG,GG,AC,GG,TT,AA,AA,CC,GT,AA,AC,AA,AT,GG,TT,AT,AA,GG,TT,AT,CC,TT,GT,AA,GG,AA,TT,AA,TT,CC,TT,AC,CC,TT,CG,AA,CC,AG,CC,TT,TT,GG,GG,TT,NN,NN,AA,GG,CC,CC,GG,CG,GG,TT,AG,CC,GT,GG,CC,CC,AT,GG,CG,AA,CC,AA,AA,CC,CC,CC,TT,AG,GG,AA,AA,AA,AA,AG,AG,AA,AA,TT,GG,AA,AG,AC,AA,CT,AA,AA,GG,AG,GG,TT,AA,AA,TT,TT,TT,AG,AT,GG,NN,AA,6.86,Susceptible,Medium,Poor,Medium
L0040,Davangere,Karnataka,Rabi,Black Cotton,Irrigated,430,25.5,58,AC,TT,GG,GG,GG,CC,GT,AT,CC,CC,AT,CT,CG,AT,GT,GG,CG,TT,TT,AA,CG,GG,TT,CC,TT,CC,GT,TT,GG,AA,TT,CC,AA,CC,GG,CG,GG,CC,GG,CC,TT,CT,AC,GT,AG,AA,TT,AT,CC,AA,TT,AT,AA,GG,CC,TT,AA,AA,TT,AA,AA,TT,TT,AG,TT,TT,CC,GG,NN,TT,AA,GG,CC,AA,AG,AA,AT,GG,TT,TT,GG,GT,NN,NN,AT,GG,AA,AA,CC,GT,CC,TT,CT,TT,GT,GG,TT,CC,TT,CC,CT,CC,GG,AA,TT,TT,CC,AA,AA,AA,CC,GG,GT,CC,TT,AC,AA,TT,CC,AG,CC,AG,TT,NN,TT,AA,CC,CC,CC,CC,AA,GT,CC,AA,CC,CC,AA,TT,AA,AT,GG,CC,CC,GG,AA,AA,AA,CC,GT,NN,CC,AA,AG,GG,GT,GG,AA,GT,CT,GG,AA,GT,TT,TT,CC,AT,GT,TT,AA,AT,GG,CC,AG,CC,AC,CC,CG,CC,AA,GG,AA,CC,TT,CC,GG,GT,CG,TT,AA,AA,TT,AC,CG,NN,CC,CC,GG,AG,AA,GG,TT,CC,AA,CC,GG,AT,CC,AA,AA,GG,GT,AT,AA,CG,GG,TT,CC,TT,GG,AA,GG,AA,CT,AA,NN,CG,TT,AA,CC,CT,CG,AA,CC,AG,CC,AT,CT,GT,GG,TT,AA,AC,AG,GG,CC,CC,GG,CC,GG,AT,AA,CG,GT,GG,CC,CC,AT,GG,CG,AT,CC,AA,AA,CC,CG,AC,AT,NN,GG,AA,AA,AA,AA,GG,GG,AG,AA,TT,GG,AA,AA,AC,AA,CC,AG,AA,GG,GG,GG,TT,AA,AA,TT,TT,AT,AA,AT,GG,GG,AA,6.0,Susceptible,Medium,Poor,Early
L0041,Davangere,Karnataka,Rabi,Black Cotton,Irrigated,430,25.5,58,AC,TT,AG,AG,CG,CG,GG,TT,CC,CG,AT,TT,CG,TT,GT,GT,CC,TT,TT,AA,CC,TT,GT,CC,AT,CC,GT,TT,GG,AA,TT,CC,AA,CC,GG,GG,GG,CG,GG,CC,TT,CT,AC,GG,AA,AA,TT,TT,CC,AA,GT,AA,AA,CG,CC,TT,AT,AA,GT,AA,AA,TT,TT,AG,TT,TT,CC,GG,TT,GG,AA,GT,CC,AA,GG,AC,AT,GG,TT,TT,GG,TT,GG,CC,AA,GG,AA,AA,CC,TT,CC,TT,CC,AT,GT,GG,TT,CC,TT,CC,CC,CC,AA,AA,AT,TT,CC,AA,AG,AC,CC,GG,TT,CC,TT,AA,AA,TT,CC,AG,CC,AG,CC,GG,CT,AA,CC,CC,CC,CC,AA,TT,CC,AA,CC,CT,AA,TT,AG,AT,GG,CT,CC,GG,GG,AG,AA,CC,NN,CC,CG,AA,AG,GG,TT,AG,AA,GG,CT,GG,AC,TT,GT,CC,CC,AT,TT,TT,AA,TT,GG,CG,AA,CC,CC,CC,GG,CC,AA,GG,AA,CC,TT,CC,GG,TT,GG,AT,AA,AA,TT,CC,GG,AA,CC,CC,GG,GG,AA,GG,TT,AA,AA,CG,GG,AA,CC,AA,AA,GT,TT,AT,AA,GG,GG,AA,CG,AT,GT,AT,GG,AA,CT,AA,TT,CC,TT,AA,AC,TT,GG,AA,CC,AA,CC,TT,TT,TT,GG,AT,AA,CC,AG,GG,CC,CC,GG,CC,GT,TT,AA,CG,GT,GG,CG,CG,AA,GG,CC,AA,CC,AA,AA,AC,GG,CC,TT,AA,GG,AT,AC,AA,AC,AG,AG,AA,AA,TT,GG,CC,AA,AC,AA,CT,AA,AA,CG,GG,CG,TT,AA,AG,TT,TT,TT,AG,TT,GG,GG,AC,5.91,Moderate,Low,Poor,Early
L0042,Davangere,Karnataka,Rabi,Black Cotton,Irrigated,430,25.5,58,CC,TT,GG,AG,GG,CC,GT,TT,CC,CC,AA,CC,CC,AT,TT,GG,GG,TT,TT,AA,CC,TT,GG,CC,TT,CC,TT,TT,GT,AA,TT,CT,AA,CC,GG,GG,GT,CC,NN,CC,GT,TT,AA,TT,AA,GG,TT,TT,CC,AC,GT,AA,AA,GG,CC,GT,AA,AC,GT,AA,AA,TT,TT,AA,TT,TT,CC,GG,TT,GG,AA,GG,CC,AG,GG,AC,AT,GG,TT,TT,GG,GG,GG,CC,AA,GG,AG,AA,CC,GT,CC,TT,CC,TT,GT,GG,TT,CC,TT,CC,CT,CG,AG,AA,TT,TT,CC,AA,AG,AA,CC,GG,TT,CC,TT,AC,AA,TT,CG,AG,CC,GG,CC,GG,TT,AG,CC,CC,CC,CC,AA,TT,CC,AA,CC,CC,AA,TT,AA,AA,GG,CC,CC,GG,AA,AA,AA,AC,GT,CC,CC,AA,AG,GG,TT,GG,AC,TT,CT,GG,AC,TT,TT,TT,CG,AT,TT,TT,AA,AT,GG,CC,AA,TT,CC,CC,CG,AC,AA,GG,AA,CC,TT,CC,GG,GT,GG,AT,AA,AA,TT,CC,CG,AC,CC,CC,GG,GG,CC,GG,TT,AA,AA,CC,GG,AA,CC,AA,AA,GT,TT,TT,AT,GG,GG,AA,CG,AT,GT,AT,GG,AG,CT,AC,TT,CG,TT,AA,CC,TT,GG,AG,CG,AA,CC,TT,TT,GG,GG,TT,AC,AC,AA,GG,CG,CC,GG,CC,GG,AT,GG,CG,GT,GG,CC,CC,AA,AG,CC,AA,CC,AA,AA,CC,CC,CC,TT,AG,GG,AA,AC,AA,AA,AG,NN,GG,AA,TT,GG,AA,AG,AC,AA,TT,AA,AA,GG,GG,NN,TT,AT,AA,TT,TT,TT,AA,AT,GG,GG,AC,6.39,Resistant,High,Standard,Early
L0043,Davangere,Karnataka,Rabi,Black Cotton,Irrigated,430,25.5,58,AA,TT,AG,AA,GG,CC,GG,TT,CC,CG,AA,CT,CC,TT,GT,NN,CG,TT,AT,AA,CC,TT,TT,CC,TT,CC,TT,TT,GG,AA,TT,CC,AA,CC,GG,GG,GG,CG,GG,CC,GT,TT,AA,GT,AA,AG,TT,AT,CC,CC,GG,AA,NN,GG,CT,TT,AT,AA,GT,AC,NN,TT,TT,AG,CT,AT,CC,GG,TT,GG,AA,GT,CC,AA,GG,AA,TT,AG,TT,TT,GG,GG,GG,CC,AA,GG,AA,AA,CG,TT,CC,TT,CT,AT,TT,GG,CT,CC,TT,CC,CC,CG,AG,AA,TT,TT,CC,AA,AG,AA,CC,GG,TT,GG,GT,AA,AA,TT,CC,GG,CC,GG,CC,GG,TT,AA,CC,CC,CC,CC,AA,TT,CC,AA,CC,CC,AA,AT,AA,AA,GG,CC,CC,GG,AA,AG,AA,CC,GG,CC,CC,AA,AG,AG,GT,AG,CC,TT,CT,GG,NN,TT,GT,TT,CC,AA,GT,TT,AA,AT,CG,NN,AA,CC,CC,CC,GG,CC,AT,GG,AG,CC,TT,CC,GG,TT,GG,AT,AG,AA,TT,AC,GG,AA,CC,CC,GG,GG,AA,CG,TT,AA,AA,CC,GG,AT,AC,AA,AA,GT,TT,AA,AA,GG,TT,AT,CG,AT,GT,AA,GG,AA,CT,AC,TT,CG,NN,AA,CC,TT,GG,AA,CC,AG,CC,TT,TT,GT,GG,TT,AA,CC,AA,GG,CG,CG,GG,CC,GG,TT,AA,CC,GT,GG,CC,CC,AA,GG,CC,AA,CC,AA,AA,CC,CG,CC,AT,AA,GG,AA,AA,CC,AA,AA,AA,AA,AA,AT,GG,AC,AG,AC,AC,TT,AA,AA,GG,AG,GG,TT,AA,AA,TT,TT,TT,AA,AT,GG,GG,AA,8.99,Moderate,Low,Standard,Medium
L0044,Davangere,Karnataka,Rabi,Black Cotton,Irrigated,430,25.5,58,AC,TT,AG,AA,CG,CC,GG,AT,CC,CG,AA,CC,GG,TT,TT,GT,GG,TT,TT,AG,CC,TT,TT,CC,TT,CT,GT,AT,GG,AA,CT,CT,AA,CC,AG,CG,GG,CC,GG,CC,GT,CT,AA,GT,AA,AG,TT,TT,CC,AA,GG,AT,GG,GG,CC,TT,AT,AC,GT,CC,AA,NN,TT,AG,CT,AT,CC,GG,TT,GT,AA,GG,CC,AA,GG,AC,TT,GG,TT,NN,GG,TT,GT,CC,AT,GG,AA,AA,CC,TT,CC,TT,TT,TT,TT,GG,TT,CC,GT,CC,CC,CC,AG,AA,TT,TT,CC,AA,AA,AC,CC,GG,TT,CG,TT,AA,AA,TT,CG,GG,CC,GG,CT,GG,CT,AG,CC,CC,CC,CC,AA,TT,CC,NN,CC,CT,AA,TT,AA,AA,CG,CT,CG,GG,AA,AA,AA,AC,GT,CC,CC,AA,GG,GG,GT,GG,AC,TT,TT,GG,CC,TT,GT,TT,CC,AT,TT,TT,AA,TT,GG,CC,AA,TT,CC,CC,GG,CC,AA,GG,AG,CC,TT,GG,GT,GT,GG,TT,AA,AA,TT,CC,GG,AA,AC,CC,GG,GG,AC,GG,TT,AA,AA,CC,GG,AT,AC,AA,AT,GT,TT,AT,AA,CG,GT,AT,CG,AT,GT,AA,GG,AA,CT,AC,AT,CC,TT,AC,AC,TT,GG,GG,CC,AA,CC,TT,CT,GT,GG,TT,AA,NN,AA,GG,CC,CC,GG,CC,GG,TT,AA,CC,TT,AG,CC,CC,AT,AG,CC,AA,CC,AA,AA,CC,CC,AC,AT,AA,GG,AA,AC,NN,AC,AA,AA,AA,AA,TT,GG,AC,AG,CC,CC,TT,AA,AG,GG,GG,GG,TT,AA,AA,TT,TT,TT,AA,AT,GG,CG,AA,6.79,Resistant,High,Premium,Medium
L0045,Davangere,Karnataka,Rabi,Black Cotton,Irrigated,430,25.5,58,AC,TT,GG,AG,GG,CC,GG,TT,CC,CC,AA,CT,CG,AT,TT,GT,GG,TT,TT,AA,CG,TT,TT,CC,TT,CC,TT,TT,NN,AA,TT,CT,AA,CC,GG,CC,GG,CG,GG,CC,TT,TT,AA,TT,AA,GG,TT,TT,NN,AA,GG,AA,AA,GG,CC,TT,AA,AA,GG,AC,AA,TT,TT,AA,TT,AT,CC,GG,TT,GG,AA,GT,CC,AG,GG,AC,AA,GG,TT,TT,GG,GG,GG,CC,AA,GG,AA,AA,CC,TT,CC,TT,CC,AT,TT,GG,TT,CC,TT,CC,CT,CC,AG,AA,TT,TT,CC,NN,AG,AA,CC,GG,GT,CG,TT,AA,AC,TT,CC,GG,CG,AG,CC,GT,TT,AA,CC,CC,AC,CC,AA,TT,CC,AA,CC,CC,AA,TT,AA,AA,GG,CT,CC,GG,AA,AG,AT,CC,GG,CC,CC,AA,AA,GG,TT,GG,AA,TT,CC,GG,AC,TT,TT,TT,CC,AA,TT,TT,AA,AT,NN,CC,AA,CT,CC,CC,CG,CC,AA,GG,AG,AC,TT,CC,GT,TT,CG,TT,AA,AA,TT,CC,GG,AA,AC,CC,GG,GG,AA,GG,TT,AC,AA,CG,GG,TT,AC,AA,TT,GG,GG,TT,AT,CC,GG,AA,CC,TT,TT,AA,GG,AA,TT,AA,TT,CC,TT,AC,CC,TT,CG,NN,CG,AG,CC,TT,CT,TT,GG,TT,AC,CC,AA,GG,CC,CC,GG,CC,GG,TT,AA,CC,GT,GG,CC,CG,AT,AG,CG,AA,CC,AA,AA,CC,CC,AC,TT,AA,GG,AA,AA,AA,AA,AA,AA,AG,AA,TT,CG,AA,AG,CC,AA,TT,AG,AG,GG,GG,GG,GT,AA,AG,TT,TT,TT,AG,AT,GG,GG,AA,7.73,Moderate,High,Standard,Early
L0046,Davangere,Karnataka,Rabi,Black Cotton,Irrigated,430,25.5,58,AA,TT,GG,NN,GG,CC,GG,TT,CC,GG,AA,CT,CG,TT,TT,GG,GG,TT,TT,AA,CC,TT,GT,CC,TT,CC,TT,TT,GG,AA,TT,CC,AA,CC,GG,CG,GG,CC,GG,CC,TT,CT,AC,GT,AA,AG,TT,AT,CC,AA,GG,AA,AG,GG,CC,GT,AA,AA,GT,AA,AA,GT,TT,NN,TT,TT,CC,GG,TT,GG,AA,NN,CC,AA,AG,AC,AA,GG,TT,TT,GG,GG,GT,CC,AA,AG,AA,AT,CC,GT,CC,TT,CC,AT,TT,GG,TT,NN,GT,CC,CT,CG,AG,AA,AT,TT,CC,AA,AA,AA,CC,GG,GT,CC,GT,NN,AA,TT,CG,AA,CC,GG,CC,GG,TT,AA,CC,CC,CC,CC,AA,TT,CC,AA,CC,CC,AA,TT,AA,AA,GG,CC,NN,GG,AA,AG,AA,CC,GG,CC,NN,AA,AG,GG,TT,NN,AC,GG,TT,AG,AA,TT,GT,TT,CC,AA,TT,TT,AT,AA,GG,CC,AA,CT,NN,CC,CG,CC,AA,GG,AA,CC,TT,CC,GT,TT,GG,TT,AA,AG,TT,CC,GG,AA,CC,CC,GG,GG,AC,GG,TT,AC,AA,CC,GT,AA,CC,AA,AT,GG,TT,TT,AT,GG,GG,AT,CC,TT,GT,AA,GG,AA,CT,AA,TT,CC,CC,AC,CC,CT,GG,AA,CC,NN,CC,AT,CT,GT,GG,TT,AC,CC,AA,GG,CC,CC,CG,CC,GG,AT,AA,CC,TT,GG,CC,CC,AA,GG,CC,AA,NN,AA,AA,CC,CG,AA,TT,AA,GG,AA,AC,AC,AA,AG,AA,AA,AA,AT,GG,AA,AA,AC,AA,CT,AA,AA,CG,GG,GG,GT,AA,AA,TT,TT,TT,GG,TT,GG,GG,AA,6.61,Susceptible,High,Poor,Early
L0047,Davangere,Karnataka,Rabi,Black Cotton,Irrigated,430,25.5,58,AA,CT,GG,AA,GG,CC,GG,AT,CC,CG,AA,CC,CG,TT,TT,GG,CG,TT,TT,GG,CC,TT,GT,CC,TT,CC,TT,TT,NN,AA,CC,CT,AA,CC,GG,GG,GG,CC,GG,CC,TT,TT,AA,TT,AG,AG,TT,NN,CC,AC,GG,AT,AG,GG,CC,TT,AT,AC,GT,AA,AA,GT,TT,AA,TT,TT,CC,GG,TT,GT,GG,GT,AC,AA,GG,AC,AA,GG,TT,TT,GG,GG,GT,CC,AA,GG,AA,AT,CC,GT,AC,TT,CT,TT,GT,GG,TT,CC,TT,CT,CC,CG,AG,AG,TT,TT,CC,AA,AA,AA,CC,GG,TT,CC,GT,AC,AA,TT,CG,GG,CC,GG,CC,GT,CT,AG,CC,CC,CC,NN,AA,GT,CC,AA,CC,CC,AA,TT,AA,TT,GG,NN,CC,GG,NN,GG,AA,CC,GT,CC,CC,AA,AG,GG,GT,AG,AA,TT,TT,GG,CC,GG,TT,TT,CC,AT,GT,CT,AA,NN,GG,CC,AA,CC,CC,CC,GG,CC,AT,GG,AA,CC,GT,CG,GT,TT,GG,AT,AA,AG,TT,CC,GG,AC,AC,CG,GG,GG,AC,CG,TT,AA,AA,CG,GG,AT,AC,AA,AA,GG,TT,TT,AA,GG,GT,AA,CC,AT,GT,AA,GG,AA,TT,AA,TT,CC,TT,AC,CC,CT,GG,AG,CG,AG,CC,TT,TT,GT,NN,TT,AC,AC,AA,GG,CC,CG,GG,CC,GG,AT,AA,CC,TT,AG,CC,CG,AT,GG,CC,AT,CC,AA,AA,NN,CC,CC,TT,AA,GG,AA,AA,AC,AA,AG,AG,AA,AA,TT,GG,AA,AA,CC,AC,CT,AA,AA,GG,AG,GG,TT,AT,AA,GT,TT,TT,AA,TT,GG,GG,AA,8.79,Susceptible,Low,Premium,Late
L0048,Davangere,Karnataka,Rabi,Black Cotton,Irrigated,430,25.5,58,AA,TT,AG,AG,GG,CC,GT,TT,CC,CC,TT,CC,CG,AT,GT,GT,GG,TT,TT,AA,CC,GT,GT,CT,TT,CC,TT,TT,GG,AA,TT,CC,AA,CC,GG,CG,GG,GG,GG,CC,TT,CT,AA,TT,AA,AG,TT,AT,CC,AC,GG,AA,AA,GG,CT,GT,AA,AC,GG,AA,AG,TT,AT,GG,CT,TT,CC,GG,TT,GG,AA,GG,CC,AA,GG,AC,AA,GG,TT,TT,GG,GG,GT,CC,AA,GG,AA,AA,CC,GT,CC,TT,CC,TT,TT,GG,CT,CC,GG,NN,CC,CG,AA,AA,AT,NN,CC,AA,AG,NN,CT,GG,TT,CG,GT,AA,AA,TT,CG,AA,CC,GG,CC,TT,TT,AG,NN,CC,CC,CC,AA,TT,CC,AA,CC,CT,AA,TT,AA,AT,CG,CC,CG,GG,AA,GG,AA,CC,GT,CC,CC,AA,AG,GG,GT,NN,AC,TT,TT,GG,AC,TT,GT,TT,CC,AA,GT,TT,AA,TT,CG,CC,AA,CT,CC,CC,CG,AC,AA,GG,AG,CC,TT,CC,GT,TT,GG,AA,AA,AA,TT,CC,GG,AA,AC,CG,GG,GG,AA,CG,TT,AA,AA,CC,GG,AA,CC,AT,AT,GG,GT,TT,AT,GG,GT,AT,CC,TT,GT,AA,GG,AA,TT,AA,TT,CC,CT,AA,AC,CT,GG,AA,CG,AG,AC,TT,NN,NN,GG,TT,AA,CC,AA,GG,CC,CC,GG,CC,GG,TT,AA,CC,TT,AG,CG,CC,AA,GG,CC,TT,CG,AA,AA,AC,CC,AA,TT,AA,GG,AA,AA,AA,AA,AG,AA,AG,AA,TT,GG,AA,AG,AA,AC,TT,AA,AG,GG,GG,GG,TT,AA,AA,TT,TT,TT,AG,AT,GG,GG,AA,7.53,Susceptible,Low,Standard,Early
L0049,Davangere,Karnataka,Rabi,Black Cotton,Irrigated,430,25.5,58,CC,CT,GG,AA,CG,CC,GT,AT,CC,CG,AA,CC,CG,TT,TT,GG,CG,TT,TT,AA,CC,GT,TT,CC,TT,CC,GT,TT,GT,AA,TT,CT,AG,CC,GG,GG,GG,CC,GG,CC,TT,CC,AA,TT,AG,GG,TT,TT,CC,AC,GG,AT,AG,GG,CT,TT,AA,AA,GG,AA,AA,TT,AT,GG,TT,TT,CC,GG,NN,TT,AA,GG,CC,AA,GG,AA,AT,GG,TT,TT,GG,NN,GT,CC,AA,GG,AA,AA,CG,GT,CC,TT,CT,AT,TT,AG,TT,AC,GT,CC,CC,NN,GG,AA,TT,GT,CC,NN,AA,AA,CC,GG,TT,CC,GT,AA,AA,TT,CC,AG,CG,GG,CC,GG,TT,AA,CC,CC,AC,CC,AA,TT,NN,AA,CC,CC,AA,TT,AA,AA,GG,CC,CC,GG,AA,AG,AT,CC,NN,CC,CC,AA,AA,GG,GT,GG,AA,TT,CT,AG,CC,TT,TT,CT,CG,AT,GT,TT,AA,TT,GG,CC,AA,CT,CC,CC,GG,CC,AA,GG,AA,CC,TT,CC,GT,TT,CG,TT,AA,AG,TT,CC,CG,AC,CC,CC,CG,GG,AC,CG,CT,CC,AA,CC,GG,AA,AC,AA,AT,GG,TT,TT,AT,GG,GT,AT,CC,TT,TT,NN,GG,AA,TT,AA,TT,CC,TT,AA,CC,TT,CG,AG,CC,AG,AC,TT,TT,TT,GG,TT,AA,AC,AA,GG,CC,CG,GG,CC,GG,TT,AA,CG,GT,GG,CC,CC,AA,AG,CC,AA,CC,AA,AA,AC,CG,AC,TT,AA,NN,AA,AA,AC,AA,NN,AG,AA,AG,AT,GG,CC,AA,AC,AA,TT,AA,AA,CG,GG,GG,GT,AT,AA,TT,TT,TT,AG,TT,GG,GG,AA,5.83,Moderate,Low,Premium,Medium
L0050,Davangere,Karnataka,Rabi,Black Cotton,Irrigated,430,25.5,58,AC,TT,GG,AA,GG,CC,GT,TT,CC,CG,AA,CT,CG,AT,TT,GG,GG,TT,TT,AA,CC,GT,GT,CC,TT,CC,GT,NN,GG,AA,TT,CC,AA,CC,GG,GG,GG,CG,GG,NN,TT,CC,AA,GT,AA,GG,TT,TT,CG,AC,GG,AA,AA,GG,CC,TT,AA,AA,GT,AC,AA,GT,TT,AA,TT,TT,CC,GG,TT,GG,AA,GG,CC,AA,GG,AC,AT,GG,TT,TT,GG,GT,GG,CC,AT,GG,AA,AT,CC,GT,AA,TT,CT,TT,GT,GG,TT,CC,GT,CC,CC,CC,AG,AA,AT,TT,CC,AA,AA,AC,CT,GG,TT,CC,TT,AA,AA,TT,CC,NN,CG,GG,CC,TT,TT,AA,CC,CC,AC,CC,AA,TT,CC,AA,CC,CC,AA,TT,AA,NN,CG,CC,CC,GG,AG,AG,AA,CC,GG,CC,CG,AA,AA,GG,TT,GG,AC,TT,TT,GG,AC,TT,TT,TT,CC,AA,TT,CT,AT,TT,GG,CC,AG,CC,CC,CC,GG,CC,AA,GG,GG,CC,TT,NN,GG,TT,GG,AT,AA,AG,TT,CC,GG,AC,AC,CC,GG,GG,AA,GG,TT,AC,AA,CC,GG,AA,CC,AA,AA,GT,TT,AA,AT,CG,GG,AT,CG,TT,TT,AA,GG,AA,CC,AA,TT,CC,CT,AC,CC,CT,CC,AG,CC,GG,CC,TT,CT,TT,GG,TT,AA,AC,AA,GG,CC,CG,GG,CC,GG,AT,AA,CC,TT,GG,CG,CC,AA,AG,CC,AT,CC,AA,AA,AC,CG,AC,AT,AA,GG,AA,AA,AA,AA,AG,AA,AA,AA,TT,GG,AA,AG,NN,AC,TT,AA,AA,GG,GG,GG,TT,AA,AG,TT,TT,TT,AG,TT,GG,CG,AA,6.85,Susceptible,Medium,Poor,Late
L0051,Davangere,Karnataka,Rabi,Black Cotton,Irrigated,430,25.5,58,AC,CT,AG,AA,GG,CC,GG,TT,CC,CG,AT,CC,CG,AT,TT,GG,CG,TT,TT,GG,CG,TT,GT,CT,TT,CC,TT,TT,GG,AA,CT,CC,AA,CC,GG,GG,GG,CG,GG,CC,TT,TT,AA,GT,AA,AG,TT,TT,CC,AC,GG,AA,AA,GG,CC,TT,AA,AC,GG,AC,AA,TT,AA,AA,CT,TT,CC,GG,CC,GG,AA,GT,CC,AA,AA,AA,AT,GG,TT,TT,GG,GG,GG,CC,TT,GG,AA,AA,CC,GT,CC,TT,CC,TT,TT,GG,TT,CC,GT,CC,CT,CC,AG,AA,TT,TT,CC,AA,AG,AA,CC,NN,TT,CC,TT,AC,AC,TT,CG,GG,CC,AG,CC,GG,TT,AA,CC,CC,CC,CC,AA,TT,AC,AA,CC,CT,AA,AT,AA,AA,CG,NN,CC,GG,AG,AA,AA,CC,GG,CC,CC,AG,AG,AG,GT,GG,AC,TT,TT,GG,CC,GT,GT,TT,CC,AT,TT,TT,AA,TT,GG,CC,AA,CC,CC,CC,CG,CC,AA,GG,GG,NN,TT,CC,GT,TT,GG,AT,AA,AA,TT,AC,GG,AA,CC,CC,GG,AG,AC,NN,CT,AC,AG,CG,GG,AA,CC,AA,TT,GT,TT,AA,AA,GG,GG,AA,CG,AT,GG,AA,GG,AA,CT,AA,TT,CC,TT,AC,NN,TT,GG,GG,CC,AG,CC,TT,TT,TT,GG,TT,AA,CC,AA,GG,CC,CG,GG,CC,GG,TT,AG,CC,GT,GG,CG,CC,AA,GG,CC,AA,CC,AA,AA,CC,CC,AC,TT,AA,GG,AA,AA,AC,AA,GG,AA,AA,AA,TT,GG,AA,AA,AC,AA,CC,AA,NN,GG,GG,GG,TT,AA,AA,TT,TT,NN,AA,TT,GG,GG,AA,7.49,Susceptible,Low,Standard,Medium
L0052,Davangere,Karnataka,Rabi,Black Cotton,Irrigated,430,25.5,58,AC,TT,GG,AG,GG,CC,GG,AT,CC,CG,AA,CT,CG,TT,TT,GG,CG,TT,TT,AA,CC,TT,TT,CC,TT,NN,TT,AT,GT,AA,TT,CC,AG,CC,GG,GG,GT,CC,GG,CC,TT,TT,AA,TT,AA,GG,TT,TT,CG,AC,GT,AA,AG,GG,CT,GT,AT,AC,GT,AA,AG,TT,TT,GG,CT,TT,CC,GG,TT,GT,AG,GG,NN,AA,GG,AC,AT,GG,TT,TT,GG,GG,GG,CC,AA,GG,AA,AA,CG,TT,CC,TT,CC,TT,GT,GG,CT,AC,TT,CT,CC,GG,GG,AA,TT,TT,CG,AA,AA,AA,CT,GG,TT,CC,TT,AA,AA,TT,CC,GG,CC,GG,CT,GG,TT,AA,TT,CG,CC,CG,AA,TT,CC,AA,CC,CC,AA,TT,AG,AT,GG,CT,CC,GG,AA,AA,AA,CC,GG,CC,CC,AA,AG,GG,GT,GG,AA,TT,TT,AG,CC,GT,TT,CC,CC,AT,TT,TT,AA,TT,GG,CC,AA,NN,AC,CC,CG,CC,AA,GG,AA,CC,TT,CC,GT,GT,CG,AT,AA,AA,TT,CC,CG,AA,CC,CC,GG,GG,AA,GG,TT,AA,AG,CC,GG,AA,CC,AT,AT,GG,TT,AT,AT,CG,GT,AT,CG,NN,GT,AA,GG,AA,CT,AA,TT,CC,TT,AC,CC,TT,GG,AA,CC,GG,CC,TT,CT,GT,GG,TT,AC,AC,AG,GG,NN,CC,GG,CC,GG,AT,AG,CG,TT,GG,CC,CC,AA,AG,CG,AT,CC,AT,AA,AC,CC,AA,TT,AA,GG,AA,AA,CC,AA,AG,AG,AA,AA,TT,GG,AA,AA,CC,AA,TT,AA,AA,GG,GG,GG,TT,AA,AA,TT,TT,TT,AA,TT,GG,GG,AA,9.12,Resistant,High,Premium,Early
L0053,Davangere,Karnataka,Rabi,Black Cotton,Irrigated,430,25.5,58,AC,TT,AG,AG,CG,NN,GT,AT,CC,CG,AA,CC,CC,TT,TT,GT,CG,TT,TT,AA,CC,TT,TT,CC,AT,CC,TT,TT,GG,AA,TT,CC,AA,CC,GG,GG,GG,CC,GG,CC,TT,CC,AC,TT,AG,GG,TT,TT,CC,AA,GG,AT,AA,GG,CC,TT,AT,AA,GT,AA,AA,GT,AT,AA,TT,TT,CC,GG,TT,GT,GG,GG,AC,AA,AA,AC,AA,GG,TT,TT,GG,GT,GT,CC,AA,AG,AA,AA,CC,GT,CC,TT,CC,AT,GT,AG,CT,CC,TT,CC,CT,CC,AA,AA,TT,TT,CC,AA,AA,AC,CC,GG,TT,NN,TT,AA,AA,TT,CG,GG,CC,AG,CC,GG,TT,AA,CC,CC,CC,CC,AA,TT,CC,AA,CC,CC,AA,TT,AA,AA,GG,CC,CC,GG,AA,AA,AA,CC,GG,CC,CC,AA,NN,AG,TT,GG,AC,GT,CC,GG,AA,TT,GT,TT,CG,AA,TT,TT,AA,TT,GG,CC,AG,CC,CC,CC,CG,CC,AA,GG,AA,CC,TT,GG,GG,TT,CG,AT,AA,AG,TT,CC,GG,AA,CC,CC,GG,AG,AA,GG,TT,NN,GG,CG,GG,AA,CC,AA,TT,GT,TT,AA,AA,GG,GT,AT,CC,AT,GT,AA,GG,AA,CT,AC,TT,CG,TT,AA,CC,TT,GG,AA,CC,AG,CC,TT,TT,GG,GG,TT,AC,CC,AA,GG,CC,CC,GG,CC,GG,AT,AG,CG,TT,GG,CC,CC,AA,GG,CC,TT,CC,AA,AA,AC,CC,AA,TT,AA,CG,AT,AA,AC,AA,AA,AA,AA,AA,TT,GG,AC,AA,CC,AA,CT,AA,AG,GG,GG,GG,TT,AA,AG,TT,TT,AT,AA,AA,GG,CG,AA,7.66,Susceptible,High,Poor,Early
L0054,Davangere,Karnataka,Rabi,Black Cotton,Irrigated,430,25.5,58,AC,TT,GG,GG,CG,CC,GG,AT,CC,CG,AA,CC,CC,AT,TT,GG,GG,TT,TT,AA,CC,TT,TT,CC,TT,CC,TT,AT,GT,AC,TT,CT,AA,CC,GG,GG,GG,CG,GG,CC,TT,CT,AA,TT,AG,AG,TT,AT,CC,AC,GG,AA,AA,GG,CC,GT,AA,AC,GG,AC,AG,TT,AT,AG,TT,AT,CC,NN,TT,GG,AG,GG,CC,AA,AG,AC,TT,GG,TT,TT,GG,GT,GG,CC,AA,GG,AA,AA,CC,GT,CC,TT,CC,TT,TT,GG,TT,CC,TT,CC,CT,CC,GG,AG,TT,TT,CC,AG,AA,AA,CC,GT,TT,CC,TT,AA,AA,TT,CC,AG,CG,GG,CC,GG,TT,AA,CC,CC,CC,CC,AA,TT,AC,AA,CC,CC,AA,AT,AA,AA,GG,CC,CC,GG,AG,AG,AA,CC,GG,CC,CG,AA,AA,AG,TT,GG,AC,TT,TT,GG,CC,GT,GT,CT,CC,AA,TT,TT,AT,TT,CG,CC,AG,CC,CC,CC,CG,AC,AA,GG,AA,CC,TT,CC,GG,TT,CG,AT,AG,AG,TT,CC,GG,AA,AC,CG,GG,NN,AC,GG,TT,AA,AA,CG,GG,AA,AC,AA,AA,GT,TT,AT,AA,GG,GT,AA,CC,TT,GT,AA,GG,AG,CT,AA,TT,CC,TT,AA,CC,TT,GG,AG,CC,GG,AC,TT,TT,TT,GG,TT,AA,AA,AG,GG,CC,CG,GG,CC,GG,AT,AG,CC,TT,GG,CC,CC,AT,AG,CC,AA,CC,AA,AA,CC,CC,NN,TT,AA,GG,AA,AA,AC,AA,NN,AG,AA,AA,AA,CG,AC,AA,CC,AA,CT,AA,AA,GG,GG,GG,TT,AA,AA,GG,TT,TT,GG,TT,GG,GG,AA,8.65,Moderate,Low,Standard,Medium
L0055,Davangere,Karnataka,Rabi,Black Cotton,Irrigated,430,25.5,58,AC,TT,GG,AA,CG,CC,GT,TT,CC,CC,AA,CC,CG,AT,TT,GG,GG,TT,TT,AG,CC,TT,GT,CC,TT,CC,NN,TT,GT,AA,TT,CT,AA,CC,GG,GG,GG,CG,GG,AC,GT,CT,NN,TT,AA,GG,TT,TT,CC,AC,GG,AA,AA,GG,CC,TT,AA,AA,TT,AC,AG,TT,AT,AA,TT,AA,CC,GG,TT,GG,AG,GG,CC,AA,AG,AC,AA,GG,TT,NN,GG,GG,GG,CC,AA,GG,AA,AA,CC,TT,CC,TT,CC,TT,TT,GG,TT,CC,TT,CT,CT,CC,AG,AA,TT,TT,CG,AA,AG,AA,CC,GG,TT,CG,TT,AC,CC,TT,CC,GG,CC,GG,CC,GG,CT,AA,CC,CC,CC,CC,AA,TT,CC,NN,CC,CT,AA,AT,AA,NN,GG,CC,CC,GG,AG,GG,AT,CC,GG,CC,CG,AA,AA,GG,GG,GG,AC,TT,CT,GG,CC,TT,GT,TT,CC,AT,TT,TT,AA,TT,GG,CC,AG,CC,CC,CC,CG,CC,AA,AG,AA,CC,TT,CC,TT,TT,GG,TT,AA,AA,TT,CC,CG,CC,AC,CC,GG,GG,AA,GG,TT,AA,NN,CC,GG,AA,AC,AA,AT,GG,TT,AT,AA,GG,TT,AA,CC,TT,GT,AA,GG,AA,TT,AC,TT,CC,NN,AA,AC,TT,GG,AA,CC,AG,CC,AT,TT,GT,GG,TT,AC,AC,AA,GG,CC,CC,GG,CC,GG,AT,AA,CC,TT,GG,CC,CC,AA,GG,CC,AA,CC,AA,AA,AC,CC,AC,TT,AA,GG,AA,AA,AC,AA,AG,AA,AG,AA,TT,GG,AA,AG,CC,AA,CT,AA,AA,GG,AG,GG,TT,AT,AA,GT,TT,TT,AA,AT,GG,GG,AA,7.42,Resistant,Low,Premium,Late
L0056,Davangere,Karnataka,Rabi,Black Cotton,Irrigated,430,25.5,58,AC,TT,GG,AA,GG,CC,GT,AT,CC,CC,AT,CT,CG,TT,TT,GG,GG,TT,TT,AA,CG,GT,GG,CC,TT,CC,TT,TT,GT,AA,CT,CC,AA,AC,GG,GG,GG,CC,GT,CC,TT,CT,AA,NN,AA,GG,TT,TT,CC,AC,GG,AT,AG,GG,CC,GT,AT,AA,TT,AC,AA,TT,TT,AA,CT,TT,CT,GG,TT,GG,AG,GG,CC,AA,NN,AA,AA,GG,TT,NN,GG,GG,GG,CC,AT,GG,AA,AT,CC,GG,CC,GT,CC,TT,TT,GG,CT,CC,GT,CC,CT,CG,AG,AA,TT,TT,CC,AA,AG,AA,CT,GG,TT,CC,TT,CC,AA,TT,CC,GG,CG,GG,CC,GG,CT,AG,CC,CC,AC,CC,AG,TT,CC,AA,CC,CC,AA,TT,AA,AA,GG,CC,CC,GG,AA,AG,AT,CC,GG,CC,CG,AG,AG,GG,TT,GG,AA,TT,TT,GG,AA,TT,TT,TT,CG,NN,TT,TT,AA,AT,GG,CC,AA,CC,AC,CC,CG,CC,AA,GG,AG,CC,TT,CG,GT,TT,GG,TT,AA,AA,TT,CC,GG,AA,CC,CC,GG,GG,CC,GG,TT,AC,AG,CC,GT,AA,AC,AA,NN,GT,TT,AT,AA,CG,TT,AT,CC,TT,GT,AA,AG,AA,TT,AA,TT,CC,TT,AA,CC,TT,CG,GG,CC,AA,CC,TT,TT,GT,GG,TT,AA,AC,AG,GG,CC,CG,GG,CC,GG,AT,AA,CC,TT,GG,CC,CG,AA,GG,CC,NN,CC,AT,AA,AC,CG,AC,AT,AA,GG,AA,AA,AA,AA,AG,AA,AA,AA,TT,GG,AC,GG,CC,CC,TT,AA,AA,GG,GG,GG,TT,AT,AA,TT,TT,TT,AA,AT,GG,GG,AA,7.05,Susceptible,Low,Poor,Early
L0057,Davangere,Karnataka,Rabi,Black Cotton,Irrigated,430,25.5,58,AA,NN,GG,AG,GG,CC,GG,TT,CC,CC,AA,CC,CC,TT,GT,GG,GG,TT,TT,GG,CC,GT,TT,CC,TT,CC,TT,TT,GG,AA,NN,CT,AA,CC,NN,GG,GG,CG,GG,CC,TT,TT,AA,GT,AA,GG,TT,TT,CC,CC,GG,AA,AA,GG,CT,TT,AA,AA,GT,AA,AG,TT,AT,AA,TT,TT,CC,GT,TT,GT,AA,GG,CC,AA,GG,AC,AT,GG,TT,TT,GG,GG,GG,CC,AT,GG,AA,AA,CC,TT,CC,TT,CC,TT,TT,GG,TT,AC,GT,CC,CC,CC,AG,AA,TT,TT,CG,AA,AA,AA,CC,GG,TT,CC,GT,AA,AA,TT,CC,AG,CG,AG,CC,GT,TT,AG,CT,CC,CC,CC,AA,TT,CC,AA,NN,CT,AA,TT,AG,AA,GG,CC,CC,GG,AA,NN,AA,AC,GG,CC,CC,AA,AG,GG,TT,GG,AA,TT,TT,GG,CC,TT,TT,TT,CC,AT,TT,TT,AA,TT,GG,CG,AG,TT,CC,CC,GG,CC,AA,GG,AA,CC,TT,NN,TT,TT,GG,AT,AA,AA,TT,CC,CG,AC,CC,CC,GG,AG,AC,GG,TT,AA,AA,CC,GG,AA,CC,AT,AA,GG,TT,AT,AT,GG,GG,AA,CC,TT,GT,AA,GG,AA,TT,AA,TT,CG,TT,AA,CC,TT,CG,AA,CC,NN,AC,TT,TT,GT,GG,TT,AA,CC,GG,GT,CC,CC,GG,CC,GG,AA,AA,CC,GT,GG,CC,CG,AA,GG,CC,AT,CC,TT,AA,CC,CG,AC,AT,AA,GG,AA,AA,AA,AA,GG,GG,AA,AA,AT,GG,AA,AG,AC,AA,CT,AG,AG,GG,AG,GG,GT,AT,AA,TT,TT,TT,AG,AT,GG,CG,AA,7.81,Susceptible,High,Standard,Medium
L0058,Davangere,Karnataka,Rabi,Black Cotton,Irrigated,430,25.5,58,CC,CT,GG,AA,GG,CC,GT,AT,CC,CG,AA,CC,CG,TT,TT,GG,CC,TT,TT,AA,CG,TT,GG,CC,TT,CC,TT,TT,GG,AA,TT,CC,AA,CC,GG,GG,GG,CG,GG,CC,TT,CT,AA,TT,AA,GG,TT,AT,CC,CC,GG,AA,AA,GG,CC,TT,AA,AA,GT,AC,AA,GT,TT,AG,TT,TT,CC,GG,TT,GT,GG,GG,CC,AA,GG,AC,AT,GG,TT,TT,GG,GG,GT,CC,AA,GG,AA,AA,CC,TT,CC,TT,CC,TT,TT,GG,TT,CC,GT,CC,CC,CC,AA,AA,TT,TT,CC,AA,AG,AA,CT,GG,TT,CG,TT,AA,AA,TT,CC,GG,CC,GG,CC,TT,TT,AA,CC,CG,CC,CG,AA,TT,CC,AA,CC,CC,AA,TT,AG,AA,GG,TT,CC,GG,AA,AG,AA,CC,GG,CC,CC,AA,AA,AG,TT,GG,CC,GT,CT,GG,AC,TT,GT,TT,CG,AT,TT,TT,AT,TT,NN,CC,AG,CC,CC,CC,GG,CC,AA,GG,AA,CC,TT,CC,GG,TT,CG,TT,AA,AA,TT,CC,GG,AA,CC,CC,GG,GG,CC,GG,TT,AA,AA,CC,GG,AT,CC,AA,AT,GG,TT,TT,AA,GG,TT,AT,CC,AT,GG,AA,GG,AA,CC,AA,TT,CC,TT,AA,CC,CT,GG,AG,CC,AA,CC,TT,CT,TT,GG,AT,AC,CC,AA,GT,CC,CG,GG,GG,GG,TT,AA,CC,TT,GG,GG,CC,AT,AG,CC,AA,CC,AA,AA,CC,CC,CC,TT,AA,GG,AA,NN,AA,AA,GG,AG,AA,AA,TT,GG,AA,AA,AC,AA,CT,AA,AG,GG,GG,GG,TT,AA,AG,TT,TT,TT,AA,TT,GG,GG,AA,6.2,Moderate,Low,Standard,Late
L0059,Davangere,Karnataka,Rabi,Black Cotton,Irrigated,430,25.5,58,AC,TT,AG,AG,GG,CG,GT,AT,CC,CC,AA,CC,CC,AT,TT,GG,GG,TT,TT,AA,CC,TT,GT,CC,TT,CC,TT,TT,GT,AA,TT,CC,AA,CC,AG,GG,GG,CG,GG,CC,TT,CT,AA,TT,AA,GG,TT,TT,CC,AC,GT,AA,AA,CG,CC,TT,AA,AA,GT,AC,AA,TT,TT,AG,TT,TT,NN,GG,TT,GT,GG,GT,CC,AA,GG,AA,AA,GG,TT,TT,GG,GG,GT,CC,TT,GG,AA,AA,CG,TT,AC,TT,CT,TT,GT,GG,TT,AC,GT,CC,CC,CC,AG,AG,TT,NN,CC,AA,AA,AA,CT,GG,TT,CC,TT,AA,AC,TT,CC,NN,CC,AG,TT,GT,TT,AA,CC,CC,CC,CC,AA,TT,CC,AA,CC,CC,AA,AT,AG,AA,CG,CC,CC,GG,AG,GG,AA,CC,GT,CC,CC,AA,AG,AG,TT,GG,AA,TT,TT,GG,CC,TT,TT,CT,CG,AA,GT,TT,AA,TT,CC,CC,AG,CT,CC,CC,GG,CC,AA,GG,AA,CC,TT,CC,GG,TT,CG,TT,AA,AA,NN,CC,GG,AC,CC,CC,GG,GG,AC,GG,TT,AA,AA,CC,GT,TT,CC,AA,AA,GT,NN,TT,AT,GG,GG,AT,CG,TT,TT,AA,GG,AA,TT,AA,TT,CC,TT,AA,CC,TT,GG,AG,CC,AG,CC,TT,TT,GT,GG,TT,AA,AC,AG,GG,CC,CC,GG,GG,GG,AT,AA,CG,GG,GG,CC,CC,AA,GG,CC,AT,CC,AA,AA,NN,CC,AC,TT,AA,GG,AA,AA,AC,AA,GG,AG,AA,AA,TT,GG,AA,AA,CC,AA,CT,AG,AA,GG,GG,GG,TT,AA,AA,GT,TT,AT,AA,TT,GG,GG,AA,6.3,Moderate,High,Standard,Late
L0060,Davangere,Karnataka,Rabi,Black Cotton,Irrigated,430,25.5,58,AA,CT,GG,GG,GG,CC,NN,TT,CC,CG,AA,NN,CC,AT,TT,GG,GG,TT,TT,AA,CC,TT,GT,CC,TT,CC,TT,TT,GG,AA,TT,CC,AA,CC,GG,GG,GG,CG,GG,CC,TT,CT,AA,TT,AG,AG,TT,TT,CC,AC,GG,AA,AA,GG,CT,TT,AA,AA,GG,AC,AG,TT,TT,AG,CT,AT,CC,GG,TT,GT,AA,GG,CC,AA,GG,AA,AA,GG,TT,CT,GG,NN,GG,CC,AA,GG,AA,AA,CC,GG,CC,TT,TT,TT,TT,AG,TT,CC,TT,CC,CT,CC,AG,AA,TT,TT,CG,AG,AG,AA,CT,GT,GT,CC,TT,AA,AA,TT,CC,GG,GG,GG,CT,GT,CT,AA,CC,CC,CC,CG,AA,TT,AC,AA,CC,CC,AA,TT,AA,AA,GG,CC,CC,GG,AA,NN,AA,AC,GG,CC,CC,AA,AA,GG,GT,GG,AA,GT,TT,GG,CC,GT,TT,TT,CC,AT,GT,TT,AT,TT,CG,CC,AA,CC,CC,CC,CG,CC,AA,GG,AA,CC,TT,CC,GT,TT,GG,AT,AA,AA,TT,CC,GG,CC,AC,CC,GG,GG,AC,GG,TT,AA,AA,CG,GG,AT,CC,AA,AA,GT,TT,TT,AT,CG,GT,AA,CC,AT,TT,AA,GG,AG,CT,AA,TT,CC,CT,AC,AA,TT,GG,AG,CC,AG,CC,AT,CT,TT,CG,TT,AA,CC,AG,GG,CC,CC,GG,CG,GG,TT,AA,CC,TT,GG,CC,CC,AA,GG,CC,AA,CC,AA,AA,AC,CC,CC,TT,AA,GG,AA,AA,AC,AA,AG,GG,AG,AA,TT,GG,AA,AA,CC,AA,CT,AG,AA,GG,GG,GG,GT,AT,AA,GT,TT,TT,GG,AT,GG,GG,AC,7.33,Resistant,Low,Poor,Late
L0061,Davangere,Karnataka,Rabi,Black Cotton,Irrigated,430,25.5,58,AC,CT,GG,AG,GG,CC,GT,NN,CC,CG,AA,CT,CG,AT,TT,GG,CG,NN,TT,AA,CG,TT,GT,CC,TT,CC,TT,TT,GG,AA,TT,CT,AA,CC,AG,GG,GG,CC,GT,CC,TT,CT,AA,GT,AA,AG,TT,AT,CC,CC,GT,TT,AA,GG,CC,GT,AA,AC,GT,AA,AA,TT,TT,AA,TT,TT,CC,GG,TT,GG,AA,GG,CC,AA,AG,CC,AT,GG,TT,TT,GG,GG,GT,CC,AA,GG,AA,AA,CC,GT,AC,TT,TT,TT,TT,GG,TT,CC,TT,CC,CT,GG,AG,AG,AT,TT,CG,AA,AA,AA,CC,GG,TT,CG,TT,AC,AA,TT,CG,GG,CG,GG,CC,GT,TT,AA,CC,NN,CC,CC,AA,TT,CC,AA,CC,CC,AG,TT,AA,AA,GG,CC,CC,GG,NN,AG,AA,AC,GG,CC,CC,AA,AA,AG,TT,GG,AA,GG,CT,AG,CC,TT,TT,TT,CC,AT,GT,TT,AA,TT,GG,CC,AA,CC,CC,CC,GG,CC,AA,GG,AA,CC,TT,CC,GG,TT,GG,AT,AA,AA,TT,CC,CG,AA,AC,CC,GG,GG,CC,GG,TT,AA,AA,CC,GT,AA,AA,AT,AT,GG,TT,TT,AT,GG,GG,AT,CG,AT,GT,AA,GG,AA,TT,AA,TT,CC,TT,AA,CC,CT,CG,AA,CC,NN,CC,TT,TT,TT,GG,TT,AA,AC,AA,GT,CC,CC,GG,CG,GG,AA,AA,CG,TT,GG,CC,NN,AT,GG,CG,AA,CC,AA,AA,CC,CC,AC,AT,AA,CG,AA,AA,AC,AA,AG,AA,AA,AA,TT,GG,AA,AG,CC,AA,CT,AA,AA,GG,GG,GG,TT,AA,AA,GT,NN,TT,AA,TT,GG,GG,AC,8.28,Resistant,Low,Standard,Late
L0062,Davangere,Karnataka,Rabi,Black Cotton,Irrigated,430,25.5,58,AA,CT,GG,AG,GG,CC,GG,NN,CC,CG,AT,CC,GG,TT,TT,GG,GG,TT,TT,AG,CG,TT,GT,CT,TT,CC,TT,AT,GG,AA,TT,CC,AA,CC,AG,GG,GG,CC,GG,CC,TT,CC,AA,TT,AG,GG,TT,AT,CC,AC,GG,AA,AG,GG,CC,TT,AA,AA,GG,AC,AA,GT,TT,AA,TT,AT,CC,GG,TT,GG,AA,GG,CC,AA,GG,AC,AT,GG,TT,TT,GG,GG,GG,AC,AA,GG,AA,AA,CC,GT,AC,TT,CC,AT,TT,GG,CT,CC,TT,CC,CT,GG,AA,AA,AT,TT,CC,AA,AG,AA,CC,GG,TT,CC,GT,AA,AA,TT,CC,GG,CC,GG,CC,GT,TT,AA,CC,CC,CC,GG,AA,GT,CC,AA,CC,CT,AA,TT,AG,AT,CG,CC,CC,GG,AA,AA,AA,CC,GG,CC,CC,AA,AG,AG,TT,AG,AA,GT,TT,AG,AC,TT,TT,TT,GG,AT,GT,CT,AA,TT,CC,CG,AA,CC,CC,CC,NN,CC,AT,GG,AA,CC,TT,CC,GG,NN,GG,AT,AA,AA,GT,CC,GG,AA,CC,CC,GG,GG,AC,GG,TT,AA,AA,CC,GG,AA,CC,AA,TT,GG,TT,AT,AT,GG,TT,AT,NN,TT,TT,AA,AG,AA,TT,AA,TT,CC,TT,AA,CC,TT,GG,AG,CC,AG,CC,TT,CC,GT,GG,TT,AA,AC,AG,GG,CC,CG,GG,CC,GG,TT,AA,CC,GT,GG,CC,CG,TT,GG,CC,AA,CC,AT,AA,AC,CC,CC,TT,AA,GG,AA,AC,AC,AA,AG,AA,AA,AA,TT,GG,AA,AA,CC,AA,CT,AA,AG,GG,GG,GG,GT,AA,AA,TT,TT,TT,AG,TT,GG,GG,AA,9.1,Susceptible,Medium,Poor,Medium
L0063,Davangere,Karnataka,Rabi,Black Cotton,Irrigated,430,25.5,58,CC,TT,GG,GG,GG,CG,GG,TT,CC,CG,AA,CC,CC,AT,TT,GG,CG,TT,TT,AA,CC,GT,TT,CC,AT,CC,GT,TT,GG,AA,TT,CC,AA,CC,GG,GG,GG,GG,GG,CC,TT,TT,AC,TT,AG,AG,CT,TT,CC,CC,GG,AA,AA,GG,CC,GT,AT,AA,TT,AA,AA,TT,TT,AG,TT,TT,CC,GG,TT,GT,AG,GG,AC,AG,AG,AA,AT,GG,TT,TT,GG,GG,GG,CC,AA,GG,AA,AA,CC,TT,AC,TT,CT,TT,TT,GG,TT,CC,TT,CC,CC,CG,AA,AA,TT,TT,NN,AA,AA,AC,CC,GG,TT,CC,TT,AC,AC,TT,CC,AG,CC,GG,CC,GG,CT,AG,CC,CC,CC,CC,AA,TT,CC,AA,AC,CC,AA,AT,AA,AA,CG,CT,CC,GG,AA,AA,AA,CC,GG,CC,CC,AA,AG,GG,TT,GG,AA,GT,CT,AG,AC,GT,TT,TT,CC,AA,GT,CT,AT,TT,GG,CC,AA,CT,CC,CC,GG,CC,AA,GG,AA,CC,TT,CC,GT,GT,GG,AT,AA,AA,TT,CC,GG,AA,AC,CC,GG,GG,AC,GG,TT,AC,AA,CC,GG,AA,CC,AA,AT,GG,NN,TT,AA,GG,GG,AT,CC,TT,TT,AA,GG,AA,CT,AA,TT,CC,TT,AA,CC,TT,CG,AG,CC,GG,CC,AT,TT,GG,GG,TT,AC,AC,AA,GG,CG,CG,GG,CC,GG,AT,AA,CC,GT,GG,CC,CC,AA,GG,CG,AT,CC,AA,AG,AA,CC,AC,TT,AA,GG,AA,AA,AC,AA,AG,AG,AG,AA,AT,GG,AA,AG,AC,AA,TT,AA,AA,GG,GG,GG,TT,AA,AA,GT,TT,TT,AA,AT,GG,GG,AC,7.57,Resistant,Medium,Poor,Medium
L0064,Davangere,Karnataka,Rabi,Black Cotton,Irrigated,430,25.5,58,NN,TT,AG,AA,GG,CC,GG,TT,CC,GG,AA,CC,CC,TT,TT,GG,GG,TT,TT,AA,CC,TT,TT,CC,TT,CC,TT,TT,GT,AA,TT,CC,AA,CC,GG,GG,GG,NN,GG,CC,TT,CC,AA,TT,AA,GG,CT,TT,CC,CC,GG,AA,AG,GG,CT,TT,AT,AA,GT,AA,AA,TT,TT,AA,TT,TT,CC,GG,TT,GG,AG,GG,CC,AA,GG,AA,AA,GG,TT,TT,GG,GG,GG,CC,AA,GG,AA,AA,CC,GT,AC,TT,CC,TT,TT,GG,TT,CC,GT,CT,CT,CC,AA,AA,AA,TT,CG,AA,AG,AA,CC,GG,TT,CC,TT,AA,AA,TT,CG,GG,CC,GG,CC,GT,TT,GG,CT,CC,CC,CC,AA,TT,CC,AA,CC,CC,AA,TT,AA,AT,GG,CC,CC,GG,AA,GG,AT,CC,GG,CC,CG,AA,AG,GG,GT,GG,AC,TT,TT,AG,CC,TT,GT,TT,CC,AT,TT,TT,AA,TT,GG,CC,NN,CT,CC,CC,CG,CC,AA,GG,AA,CC,TT,CC,GG,GT,GG,TT,AA,AG,TT,NN,CG,AC,AC,CC,GG,GG,AA,CC,TT,AA,AA,CC,GG,AA,CC,AA,AA,GG,GT,AA,AT,GG,GG,AA,CC,AA,TT,AA,GG,AA,TT,AA,TT,CC,TT,AC,CC,CT,CG,AG,CC,AG,CC,TT,TT,GT,GG,TT,AA,AC,AG,GG,CC,CC,GG,CG,GG,TT,NN,CC,GT,GG,CC,CC,AA,AG,CC,AT,CC,AT,NN,CC,CC,AC,TT,AA,GG,AA,AC,AC,AA,AA,GG,NN,AA,AT,GG,AC,AG,AA,AA,NN,AA,NN,GG,GG,GG,TT,AA,AG,TT,TT,TT,AA,AT,GG,GG,AA,9.58,Moderate,High,Premium,Medium
L0065,Davangere,Karnataka,Rabi,Black Cotton,Irrigated,430,25.5,58,CC,TT,GG,GG,GG,CC,GG,TT,CC,GG,AA,CC,CC,TT,TT,GT,GG,TT,TT,AA,CG,TT,GT,CC,AT,CC,GT,TT,GT,AA,CT,CT,AG,CC,GG,GG,GG,CC,GG,CC,NN,TT,AA,TT,AA,GG,TT,NN,CC,AC,GG,AA,AA,GG,CT,GT,AA,CC,GT,AC,AA,TT,AT,AA,TT,AT,CC,GG,TT,GG,AA,GG,CC,AA,GG,AC,AT,GG,TT,TT,GG,GG,GG,CC,AT,GG,NN,AA,CC,GT,AC,TT,CT,TT,GT,GG,CT,CC,TT,CT,CC,CG,AA,AA,TT,TT,NN,AA,AA,AA,CC,GG,GT,CC,GG,AC,AC,TT,CC,NN,CC,GG,CC,GG,TT,AA,CC,CC,CC,CC,AA,TT,CC,AA,CC,CC,AA,TT,AG,AA,GG,CC,CC,GG,AA,AG,AA,CC,GG,CC,CC,AG,AG,GG,TT,GG,CC,TT,CT,GG,NN,GT,TT,NN,GG,AA,GT,TT,AA,TT,GG,CC,AA,CT,CC,CC,GG,CC,AT,GG,AA,CC,TT,CC,GG,TT,GG,TT,AA,AG,TT,CC,CG,AC,CC,CC,GG,GG,AC,GG,TT,AC,AA,CC,GG,AA,CC,AT,AA,GT,TT,TT,AT,GG,TT,AT,CC,AT,TT,AT,GG,AA,TT,AA,NN,CG,TT,AC,CC,TT,CG,GG,CG,AG,CC,TT,NN,NN,GG,TT,AC,AC,AG,GG,CC,CG,GG,CC,GT,AT,AA,NN,TT,GG,CC,CC,AA,GG,CC,AA,CC,AA,AA,AC,CG,AC,TT,AA,GG,AA,AA,AA,AA,AG,AG,AA,AA,TT,GG,AC,GG,CC,CC,CT,AA,AG,GG,GG,GG,TT,NN,AA,GT,AT,TT,AA,TT,GG,CG,AA,8.65,Susceptible,Low,Premium,Early
L0066,Davangere,Karnataka,Rabi,Black Cotton,Irrigated,430,25.5,58,AA,TT,AA,AG,GG,CC,GG,TT,CC,CC,AA,CT,CC,TT,TT,GT,CG,TT,TT,AA,CC,GT,GT,CC,TT,CC,TT,TT,GG,AA,TT,CC,AA,CC,GG,GG,GG,CG,GG,AC,TT,CC,AA,GT,AA,AG,TT,TT,CC,AA,GG,AT,AA,GG,CC,TT,NN,AC,GG,CC,AG,TT,AT,AA,TT,AT,CC,GG,TT,GG,AA,GT,CC,AG,GG,AC,AA,GG,TT,CT,GG,GG,GG,CC,AT,AG,AA,AT,CC,TT,CC,TT,CC,TT,GT,GG,CT,CC,TT,CC,CC,CC,AG,AA,TT,TT,CC,AA,AA,AC,CC,GG,TT,CC,TT,AA,AA,TT,CG,AG,CG,GG,CC,GT,TT,AG,CC,CC,AC,CC,AA,TT,CC,AA,CC,CC,AA,TT,AA,AA,GG,CC,CC,GG,AA,AA,AA,AC,GG,CC,CC,AA,AG,GG,TT,GG,AC,TT,CT,GG,AC,GT,GT,TT,CG,AT,GT,TT,AA,AT,CG,CC,AA,CT,CC,CC,CG,CC,AA,GG,AG,CC,TT,CC,GT,TT,GG,TT,AA,AG,TT,AC,GG,AC,CC,CC,GG,GG,AA,GG,CT,AC,AA,CC,GT,AT,AC,AA,AT,GT,TT,AT,TT,GG,GG,AA,CG,TT,GG,AA,GG,AA,TT,AA,AT,CG,TT,AA,CC,CT,CG,GG,CC,AG,CC,TT,TT,GT,GG,TT,AA,AC,AG,GG,CC,CC,GG,CC,GG,AT,AG,CG,TT,GG,CC,CC,AA,GG,CC,AA,CC,AA,AA,CC,CG,CC,TT,AA,CG,AA,AA,AC,AA,AG,AG,AA,AA,AT,GG,AA,AA,AC,AA,CC,AA,AA,CG,GG,GG,GT,AA,AG,TT,TT,TT,AG,AA,GG,GG,AA,9.49,Resistant,Low,Standard,Late
L0067,Davangere,Karnataka,Rabi,Black Cotton,Irrigated,430,25.5,58,AA,CT,GG,AG,CG,CC,GT,TT,CC,CG,AA,CC,CC,TT,GG,GT,GG,TT,TT,AG,CG,GT,TT,CT,TT,CC,TT,TT,GG,AA,TT,CC,AA,CC,GG,GG,GG,CC,GG,CC,TT,TT,AA,TT,AA,AA,CT,AT,CC,CC,GG,AA,AA,GG,CT,GG,AA,AC,GT,CC,AA,GT,AT,AG,CT,AT,CC,GG,TT,GT,AA,GG,CC,AA,AG,AA,AA,GG,TT,CT,GG,GG,GG,CC,AA,GG,AA,AT,CC,GT,CC,TT,CC,TT,GT,GG,TT,AC,TT,CC,CC,CC,GG,AA,TT,TT,CC,AA,GG,AA,CC,GT,TT,CC,TT,AA,AA,TT,CC,AG,CC,AG,CC,GT,TT,AA,CC,CC,CC,CC,AA,TT,CC,AA,CC,CT,AA,TT,AA,AA,CG,CC,CC,GG,AA,AA,AA,CC,NN,CC,CC,AA,AA,AG,TT,GG,AA,TT,CT,GG,AA,GT,GT,TT,CC,AA,TT,TT,AA,TT,GG,CG,AG,CC,CC,CC,GG,CC,AA,NN,AG,CC,TT,CC,TT,GT,GG,AT,AA,AA,TT,CC,GG,AC,CC,CC,GG,GG,AA,CG,CT,AA,AA,CC,NN,AT,AC,NN,TT,GG,TT,TT,AT,CG,GT,AT,CC,AT,GG,AA,GG,AG,CT,AA,TT,CC,CT,AA,CC,TT,GG,AA,CC,AG,AC,AT,TT,GT,GG,AT,AA,AA,AA,GG,CC,CG,GG,CC,GG,TT,AA,CC,TT,GG,CC,CG,AT,GG,CC,AA,CC,AA,AA,AC,CG,AC,TT,AA,GG,AA,NN,CC,AA,GG,GG,GG,AA,TT,GG,CC,AG,CC,AA,TT,AG,AA,GG,AG,NN,TT,AA,AA,GT,AT,TT,AA,TT,GG,CG,AA,6.79,Moderate,Low,Poor,Late
L0068,Davangere,Karnataka,Rabi,Black Cotton,Irrigated,430,25.5,58,AA,TT,GG,GG,GG,CG,GG,TT,CC,CC,NN,CC,CC,TT,TT,GG,CG,TT,TT,AA,CC,GT,GT,CC,TT,CC,GT,TT,GG,AA,TT,CC,AA,CC,GG,GG,GG,CC,GG,CC,TT,TT,AC,GT,AA,GG,TT,TT,CC,AC,GG,AA,AA,GG,CC,GT,AA,AA,GG,AC,AA,TT,AT,AA,TT,AA,CC,GG,TT,TT,AG,GT,CC,AA,GG,AC,AT,GG,TT,TT,GG,GG,GG,CC,AA,GG,AG,AA,CC,TT,AC,TT,CT,TT,GT,GG,TT,CC,GT,CC,NN,CG,AA,AA,TT,TT,CC,GG,AG,AA,CC,GG,TT,GG,TT,AC,AA,TT,CC,GG,CC,GG,CC,GG,CT,AA,CC,CC,CC,CC,AG,TT,CC,AA,CC,CC,AA,TT,AA,AA,GG,CC,CC,GG,AA,AA,AA,CC,GG,CC,CC,AA,AA,GG,TT,GG,AA,TT,CT,GG,CC,GT,GT,TT,CC,AA,TT,CT,AT,AT,GG,CC,AA,CC,CC,CC,CG,AC,AA,GG,AG,CC,TT,CG,GT,TT,GG,AT,AA,AA,TT,CC,GG,AC,CC,CG,GG,GG,AC,GG,TT,AC,AA,CG,GG,AA,NN,AA,AT,GG,TT,TT,AA,GG,GT,AA,GG,TT,GT,AA,GG,AG,TT,AA,TT,CC,CT,AA,CC,TT,GG,AG,CG,AG,CC,TT,TT,TT,CG,TT,AC,AC,AA,GT,CC,CC,NN,CG,GG,TT,AG,CC,TT,AG,CC,CC,AA,GG,CG,AT,CC,AA,AA,AC,CC,CC,TT,AA,GG,AA,AA,AC,AC,AG,AA,AG,AA,AT,GG,CC,AG,CC,AC,CT,AA,AA,GG,GG,GG,TT,AA,AA,TT,TT,TT,AG,TT,GG,CG,AC,5.67,Resistant,Low,Premium,Late
L0069,Davangere,Karnataka,Rabi,Black Cotton,Irrigated,430,25.5,58,AA,TT,GG,AG,CG,CC,GG,AT,CC,CG,AA,CT,CC,TT,TT,GG,GG,TT,TT,AG,CC,TT,TT,CT,TT,CC,GT,AT,GG,AA,TT,CC,AA,CC,GG,CG,GG,CC,GT,CC,TT,NN,AC,TT,AA,AG,CT,TT,CC,AC,GG,AA,AA,GG,CC,GT,AA,AA,NN,AC,AA,TT,TT,AA,CT,AT,CC,GG,TT,GG,AG,GG,CC,AA,AG,AA,AT,NN,TT,TT,GG,GG,GT,CC,AT,GG,AG,AA,CC,TT,AC,TT,TT,AT,GT,GG,TT,CC,GT,CC,CC,CC,GG,AA,AT,TT,CC,AA,AA,AA,CT,GG,TT,CC,GT,AA,AA,TT,CC,GG,CC,AG,CC,GG,TT,AA,CC,NN,CC,CC,AA,GT,CC,AA,CC,CC,AA,TT,AG,AT,GG,CT,CC,AG,AG,AA,AA,AC,GG,CC,CC,AG,AG,GG,TT,GG,AC,TT,CT,GG,CC,GG,TT,CT,CC,AT,GT,TT,AA,TT,GG,CC,AA,NN,CC,AC,GG,AC,AT,GG,AG,CC,TT,CG,TT,TT,GG,AT,AA,AA,TT,NN,GG,AA,CC,CC,GG,GG,AC,GG,TT,AA,AA,CC,GG,AA,CC,AA,AT,GG,TT,AT,AT,GG,TT,AA,CC,TT,TT,AA,GG,AA,CT,AA,TT,CC,TT,AA,AC,CT,CG,AA,CC,AG,CC,TT,TT,TT,GG,TT,AA,AC,AG,GG,CC,CC,CG,CG,GG,AA,AA,CC,GT,GG,CC,CC,AA,AG,CG,AA,CC,AA,AA,AC,CG,AC,AT,AA,GG,AA,AA,AA,AA,GG,GG,AA,AA,TT,GG,AA,AA,CC,AC,CT,AG,AG,GG,GG,GG,TT,AA,AA,GT,TT,TT,AG,AT,GG,GG,AA,7.59,Susceptible,Low,Poor,Medium
L0070,Davangere,Karnataka,Rabi,Black Cotton,Irrigated,430,25.5,58,AA,TT,GG,AG,GG,CC,GT,TT,CC,CG,AT,CC,CG,TT,TT,GT,GG,TT,TT,AA,CC,TT,TT,CC,TT,CC,TT,TT,GG,AA,CT,CC,AA,CC,GG,GG,NN,CC,GG,CC,TT,CC,AC,TT,AA,GG,TT,TT,CC,AC,TT,AA,AG,GG,CC,TT,AT,AA,GT,AA,AG,GT,TT,AG,TT,TT,CC,GG,TT,GG,AG,GG,CC,AA,AG,AC,AA,NN,TT,CT,GG,GG,GT,NN,AA,GG,AA,AT,CC,TT,NN,TT,CC,AT,GT,GG,TT,CC,GG,CC,NN,CC,GG,AG,AT,TT,CC,NN,AA,AC,CC,GG,TT,GG,TT,AA,AA,AT,CC,AG,CG,GG,CC,GT,TT,AG,CC,CC,CC,CC,AA,TT,CC,AA,CC,CC,AA,TT,AA,AT,GG,CC,CG,GG,AA,AA,AT,NN,GG,CC,CC,AA,AG,GG,GT,GG,AC,TT,TT,AG,AC,GG,GT,TT,CC,AA,GT,TT,AA,TT,GG,CC,AA,TT,CC,CC,GG,CC,AA,GG,GG,CC,TT,CG,NN,TT,GG,TT,AA,AA,TT,CC,GG,AA,AC,CC,GG,AG,AA,GG,TT,AC,AA,CC,GT,AT,CC,AA,AT,GG,GT,TT,TT,CG,TT,AA,CC,TT,TT,AA,GG,AA,TT,AA,TT,CC,TT,AA,CC,TT,GG,AA,CC,AG,AC,TT,TT,GT,GG,TT,AA,CC,AG,GG,CC,CG,GG,CC,GG,TT,AA,CG,GT,GG,CC,CC,AA,GG,CG,AT,CG,AT,AA,AA,CC,CC,AT,AA,CG,AA,AA,AC,AA,AG,AG,AA,AA,TT,GG,AA,AG,AC,AA,TT,AA,AA,GG,GG,GG,TT,AT,AA,TT,TT,TT,AA,AT,GG,CG,AA,6.62,Resistant,High,Premium,Early
L0071,Davangere,Karnataka,Rabi,Black Cotton,Irrigated,430,25.5,58,AA,CT,AG,AA,GG,CC,GG,TT,CC,CC,AA,CC,CG,AT,TT,TT,GG,TT,TT,GG,CC,GT,GT,CC,TT,CC,TT,TT,GG,AA,TT,CT,AA,CC,GG,GG,GG,CC,GG,CC,TT,CT,AA,TT,AA,AG,TT,TT,CC,AC,GG,AT,AA,GG,CC,TT,AA,AC,GT,AC,AA,TT,AT,AG,TT,AT,CC,GG,TT,GT,AA,NN,CC,AA,GG,AA,AA,GG,GT,TT,GG,GT,GG,CC,AT,GG,AG,AA,CC,TT,CC,TT,CT,TT,TT,GG,CT,CC,GT,CC,CC,CC,AG,AA,TT,TT,CC,AA,GG,AA,CC,GG,TT,CC,NN,AA,AA,TT,CC,AG,CC,GG,CC,GT,TT,AA,CT,CC,CC,CC,AA,NN,CC,AC,CC,CC,AA,TT,AA,AA,GG,CT,CC,GG,AA,AG,AA,CC,NN,CC,CC,AA,AA,AG,TT,GG,AA,TT,TT,GG,CC,NN,TT,CT,CG,AT,TT,TT,AA,TT,GG,CC,AA,CC,CC,AC,GG,CC,AA,AG,AG,CC,TT,CC,GG,TT,CG,AT,AA,AG,TT,AC,GG,AA,CC,CG,GG,GG,AC,CG,NN,AC,AA,CC,GG,AA,CC,AA,AT,GG,GG,TT,AA,CG,GT,AT,CC,AT,GT,AA,GG,AA,CT,AA,TT,CC,TT,AC,AC,TT,GG,AA,CC,AG,CC,TT,TT,TT,GG,TT,AA,CC,AG,GG,CC,CG,GG,CC,GG,TT,AA,CC,TT,GG,CC,CC,AA,GG,CG,AT,CC,AA,AA,CC,CC,AA,TT,AG,GG,AA,AC,AC,AA,AA,AA,AA,AA,AT,GG,AA,AA,AA,AC,TT,AA,AA,GG,GG,GG,TT,AA,AA,TT,NN,TT,GG,TT,GG,GG,AA,9.14,Susceptible,Low,Standard,Early
L0072,Davangere,Karnataka,Rabi,Black Cotton,Irrigated,430,25.5,58,CC,TT,GG,AG,GG,CC,GT,AT,CC,CC,AA,CC,CG,TT,TT,GG,GG,TT,TT,AG,CC,GT,TT,CC,TT,CC,TT,TT,GG,AA,TT,CC,AA,CC,GG,GG,GG,CC,GG,NN,TT,CT,AC,TT,AA,AG,TT,TT,CC,AC,GT,AA,AG,GG,CT,GT,AA,AC,GT,AA,AA,GT,TT,AA,TT,AT,CC,GG,CT,GG,AA,GG,CC,AA,GG,AA,AT,GG,TT,TT,NN,GT,GG,CC,AA,GG,AA,AA,CC,GG,AC,TT,CC,TT,TT,AG,TT,CC,GT,CC,CT,CC,AG,AA,TT,TT,NN,AA,AG,AC,CC,GG,GT,CC,TT,AC,AA,TT,CC,GG,CC,GG,CC,GT,TT,AA,CC,CC,CC,CC,AA,GT,AC,AA,CC,CC,AA,TT,AA,AA,GG,CC,CC,GG,AA,AA,AT,CC,GT,CC,CC,AA,AG,AG,TT,NN,AC,TT,CT,GG,AC,GG,TT,TT,CG,AA,GT,TT,AT,NN,GG,CC,AA,CT,CC,CC,CG,CC,AT,AG,AG,CC,TT,CC,GG,TT,GG,TT,AA,AA,TT,CC,GG,AC,CC,CC,GG,GG,AA,GG,NN,AA,AA,CC,GG,AA,CC,AA,AA,GG,TT,AT,AT,GG,TT,AT,CC,AA,TT,AA,GG,AA,CT,AA,TT,CC,TT,AC,CC,TT,GG,AA,CC,AG,AC,TT,TT,GT,GG,TT,AA,AC,AA,GG,CC,GG,GG,CC,GG,TT,AA,CG,GT,GG,CC,CC,AA,AG,CC,AA,CC,AA,AA,CC,GG,AA,TT,AA,GG,AA,AA,AA,AA,GG,AG,AG,AA,TT,GG,AA,AA,CC,AC,CT,AA,AA,GG,GG,GG,TT,AA,AA,GT,TT,TT,AA,AA,GG,GG,AA,7.64,Moderate,Medium,Poor,Medium
L0073,Davangere,Karnataka,Rabi,Black Cotton,Irrigated,430,25.5,58,AA,TT,GG,AG,GG,CC,GG,AA,CC,CG,NN,CC,CC,TT,GT,GG,CG,TT,TT,AA,CC,GG,TT,CT,TT,CC,TT,TT,GG,AA,TT,CT,AA,AC,GG,CG,GG,CG,GG,CC,TT,CC,AA,TT,AA,AG,TT,TT,CC,AA,NN,AT,AA,GG,CC,TT,AA,AC,GG,AC,NN,GG,AT,AA,TT,TT,CC,GG,TT,GG,AG,GG,CC,AA,GG,AA,AT,GG,TT,TT,GG,GG,GG,CC,AA,GG,AA,AA,CC,TT,CC,TT,CT,TT,TT,GG,TT,CC,GT,CC,CC,CG,AG,NN,TT,GT,CC,AA,AA,AA,CT,GG,TT,CC,TT,AC,AA,NN,CC,AG,CC,GG,CC,GG,CT,AG,CC,CC,CC,CC,AA,TT,CC,AA,CC,CC,AA,TT,AG,AA,CG,CC,CC,GG,AA,AG,AA,AC,TT,CC,CC,AA,GG,GG,GT,GG,AA,TT,TT,GG,CC,TT,TT,TT,CC,AA,TT,CT,AT,TT,GG,CC,AG,CC,CC,CC,CG,AC,AA,GG,AG,CC,TT,CG,GT,GT,GG,AT,AA,AG,TT,AC,NN,AA,CC,CC,GG,GG,AA,GG,CT,CC,AG,CC,GT,AT,CC,AA,AT,GT,TT,TT,AA,GG,GT,AA,CC,AT,TT,AA,GG,AA,TT,AA,TT,CG,TT,AA,CC,CT,GG,AG,CC,GG,CC,TT,TT,TT,GG,TT,AA,AC,AG,GG,CC,CC,GG,CG,GG,TT,AA,CG,GT,GG,CC,CC,AA,AG,CC,AA,CC,AA,AA,CC,GG,CC,TT,AA,GG,AA,AA,AA,AA,AA,AG,AA,AA,TT,GG,AA,AG,AC,AA,CT,AA,AA,GG,AG,GG,TT,AT,AA,TT,TT,TT,AG,TT,GG,GG,AA,6.63,Susceptible,Low,Premium,Late
L0074,Davangere,Karnataka,Rabi,Black Cotton,Irrigated,430,25.5,58,AA,CT,GG,AA,GG,CC,TT,TT,CC,CG,AA,CC,CC,TT,TT,GG,GG,TT,TT,AA,CG,TT,TT,CC,AT,CC,TT,TT,GG,AA,TT,CT,AA,CC,GG,GG,GG,CG,GG,AC,TT,CT,AA,TT,AG,AG,TT,AT,CC,CC,GG,AT,AA,GG,CC,TT,NN,AC,GT,AC,AA,TT,AT,AA,TT,TT,CC,GG,TT,GT,AA,GG,CC,AA,AG,CC,TT,GG,GT,TT,GG,GT,GT,CC,AA,GG,AA,AA,CC,NN,CC,NN,CC,TT,TT,GG,TT,CC,TT,CC,CT,GG,AG,AA,TT,TT,CC,AA,AA,AC,CT,GG,TT,CC,TT,AA,AA,TT,CC,GG,CC,GG,CC,GG,TT,AA,CC,CC,CC,CC,AA,TT,AC,AA,CC,CC,AA,TT,AA,AA,GG,CC,CC,GG,AA,AG,NN,CC,GG,CC,CG,AG,AG,GG,TT,GG,AA,GT,CT,GG,AC,TT,GT,CT,CG,AA,GT,TT,AT,TT,CG,CC,AA,CT,CC,AC,GG,CC,AA,GG,AG,CC,TT,CG,GG,TT,GG,AA,AA,AA,TT,AC,GG,AA,CC,CC,GG,GG,AC,GG,TT,AC,AA,CC,GG,AA,AC,AA,AA,GG,TT,TT,AT,CG,GT,TT,CC,AT,GT,AT,GG,AA,CT,AA,TT,CC,CT,AA,CC,TT,GG,AG,CC,AG,CC,TT,TT,TT,GG,TT,AA,CC,AA,GG,CC,CC,GG,CC,GG,AT,AA,CC,GT,GG,CC,CC,AT,AG,CC,AT,CG,AT,AA,AC,GG,AC,TT,AG,GG,AA,AC,AA,AC,AA,AA,AA,AA,TT,GG,AA,AG,AC,AA,CC,AA,AA,GG,GG,GG,TT,AA,AA,TT,TT,NN,AA,TT,GG,GG,AA,5.67,Susceptible,High,Standard,Early
L0075,Davangere,Karnataka,Rabi,Black Cotton,Irrigated,430,25.5,58,AC,CC,GG,AG,GG,CC,GT,TT,CC,CG,AA,CC,CC,TT,TT,GG,GG,NN,TT,AG,CC,GT,GG,CC,TT,CC,TT,TT,GG,AA,TT,CC,AA,CC,GG,GG,GG,CC,GG,CC,TT,CC,AA,NN,AA,AG,CC,TT,CC,NN,GT,AT,AG,GG,CT,TT,AA,AA,GG,AC,AA,TT,AT,AA,TT,AT,CC,GG,TT,GG,AA,GG,CC,AA,AG,AA,AT,GG,GT,TT,GG,GG,GG,CC,AT,GG,AA,AA,CC,TT,AA,TT,CT,AT,TT,GG,TT,CC,GT,CC,CC,CC,AA,AA,TT,TT,CC,AA,AG,AA,CC,GG,TT,CC,TT,AA,AA,AT,CC,AG,CC,GG,CC,GG,TT,AG,CT,CC,CC,CG,AA,TT,CC,AA,CC,CC,AA,TT,AA,AA,GG,CT,CC,GG,AA,GG,AA,CC,GG,CC,CC,AG,AG,AG,NN,GG,AA,TT,CT,GG,CC,TT,GT,TT,CC,AA,TT,TT,AA,AT,CG,CC,GG,CC,AC,CC,CG,CC,AA,GG,GG,CC,TT,CC,GT,GT,CG,TT,AA,AG,TT,CC,GG,AA,CC,CC,GG,GG,AA,GG,TT,AA,AA,CC,GT,NN,AC,AA,AT,GG,TT,AA,AA,GG,GG,AT,CG,AT,GG,AA,GG,AA,CC,AA,TT,CC,TT,AC,CC,CT,NN,AA,CC,AG,CC,TT,TT,GG,GG,TT,AA,AC,AA,GG,CC,CG,GG,CC,GG,TT,AA,CC,GT,GG,CC,CG,AA,GG,CC,AA,CG,AA,AA,CC,CC,AC,TT,AA,CG,AA,AA,AA,AA,AA,GG,AG,AA,AT,CG,CC,AA,CC,AA,TT,AA,AG,CG,GG,GG,GT,AA,AA,GT,AT,TT,AG,AT,GG,GG,AA,9.54,Susceptible,Medium,Standard,Early
L0076,Davangere,Karnataka,Rabi,Black Cotton,Irrigated,430,25.5,58,AC,TT,AG,AG,GG,CC,GG,TT,CC,NN,AA,CC,GG,TT,GT,TT,NN,TT,TT,AA,GG,TT,TT,CT,TT,CC,TT,TT,GT,AA,TT,CC,AA,CC,GG,GG,GT,CC,GG,CC,TT,TT,AC,TT,AA,AA,TT,TT,CC,CC,TT,AA,NN,GG,NN,TT,AA,AA,GT,AC,AA,TT,TT,AA,TT,TT,CC,GG,TT,GT,AG,GG,CC,AA,GG,AC,NN,GG,TT,TT,GG,GT,GT,CC,AA,AG,AA,AA,CC,TT,CC,TT,CT,TT,TT,GG,TT,CC,GT,CT,CC,CG,AG,AA,TT,TT,CC,AA,AG,CC,CT,GG,TT,CG,TT,NN,AA,TT,CC,AG,CC,GG,CC,GT,CT,AA,CC,CC,CC,CC,AA,TT,AC,AC,CC,CC,AA,TT,AA,AA,GG,CT,CC,GG,AA,AA,AA,CC,GG,CC,CC,AG,GG,GG,TT,GG,AC,NN,CT,GG,CC,TT,TT,TT,CC,AT,TT,TT,AA,TT,GG,CC,AA,CT,AC,CC,CG,CC,AA,GG,AA,CC,TT,CC,GG,TT,CG,TT,AA,AA,TT,CC,GG,NN,CC,CC,GG,GG,AA,GG,TT,AC,AA,CC,GG,AA,NN,AA,AT,GT,TT,AT,AA,GG,GT,AA,CG,AT,GT,AA,GG,AA,TT,AA,TT,CC,TT,AA,CC,CT,GG,AA,NN,AA,AC,TT,CT,GT,GG,TT,AC,AC,AG,GG,CG,CG,GG,CC,GG,TT,AA,NN,TT,GG,CC,CC,AT,AA,CG,AA,CC,AT,AA,AC,CG,CC,TT,AA,GG,AA,AC,AC,AC,GG,AA,NN,AA,TT,CG,CC,AA,CC,AC,TT,AG,AG,GG,GG,GG,TT,AA,AA,GT,TT,TT,AA,AT,GG,GG,AA,8.92,Susceptible,Medium,Poor,Medium
L0077,Davangere,Karnataka,Rabi,Black Cotton,Irrigated,430,25.5,58,AC,CT,AG,AG,CG,CC,GG,AA,CC,CC,AA,CC,CC,AT,TT,GT,GG,TT,TT,AA,CC,TT,TT,CC,TT,CC,TT,AT,GG,AA,TT,CC,AG,CC,GG,GG,GG,GG,GG,CC,TT,TT,CC,TT,AA,GG,TT,TT,CC,AA,GG,AA,AA,GG,CT,TT,AA,AA,GT,AA,AG,TT,TT,AA,TT,AT,CT,GG,TT,GG,AA,GG,CC,AA,AG,NN,AT,AA,TT,TT,AG,GT,GT,CC,AA,NN,AA,AT,CC,TT,AC,TT,CC,TT,TT,GG,CT,AC,GT,CC,CC,CG,AA,AA,TT,TT,CC,AA,GG,AA,CC,GG,TT,CG,TT,AA,AA,TT,CC,AG,CC,GG,CT,GT,TT,AA,CC,CC,CC,CC,AA,TT,AC,AA,CC,CC,AA,TT,AA,AA,GG,CC,CC,AG,AA,AA,AA,CC,GG,CC,CC,AA,AG,GG,GT,AA,AA,TT,CT,AG,CC,TT,GG,TT,CC,AT,GT,TT,AA,TT,GG,CC,GG,CT,CC,CC,CG,CC,AA,GG,AA,CC,TT,CC,GG,TT,GG,AT,AA,NN,TT,AC,CC,AA,CC,CC,GG,GG,AA,GG,TT,AA,AA,CC,GG,NN,AC,AT,AA,GG,TT,AT,AA,CG,GG,AA,CC,TT,TT,AA,GG,AA,CT,AC,TT,CC,TT,AC,CC,TT,GG,AG,CC,AG,CC,AT,CT,TT,GG,TT,AA,AC,AA,GG,CC,CG,GG,CC,GG,TT,AA,CC,GT,GG,CC,CG,AT,AG,CC,AA,CC,AA,AA,AC,CG,CC,TT,AA,GG,AA,AA,AA,AA,AG,AA,AA,AA,AT,CG,AC,AA,NN,AA,TT,NN,AA,GG,AG,GG,TT,AT,AA,TT,TT,TT,GG,AT,GG,GG,AA,7.8,Susceptible,High,Premium,Late
L0078,Davangere,Karnataka,Rabi,Black Cotton,Irrigated,430,25.5,58,AC,CT,GG,AA,GG,CC,GG,AT,CC,NN,AA,CT,CG,TT,TT,TT,CG,TT,TT,AG,CC,TT,TT,CC,TT,CC,TT,AT,NN,AA,TT,CT,AG,CC,GG,CG,GG,CC,GG,CC,TT,TT,AA,TT,AA,AA,TT,AT,CC,AC,GG,AA,AA,GG,CC,TT,AA,AA,GT,AC,AG,TT,AT,AA,TT,TT,CC,GG,TT,GT,AA,GG,CC,AG,AG,AA,AA,GG,TT,TT,GG,GT,GT,CC,AA,GG,AA,AA,CC,GT,CC,TT,CT,TT,TT,AG,TT,CC,TT,CT,CC,CC,AA,AA,AT,TT,CG,AA,AG,AA,TT,GG,TT,CC,TT,AA,AA,TT,CG,AG,CC,AG,CC,GG,TT,AA,CT,CC,CC,CC,NN,GT,CC,AA,CC,CC,AG,TT,AA,AA,CG,CC,CC,GG,AA,AG,AA,CC,TT,CC,CC,AA,AA,GG,TT,GG,AA,GT,CT,GG,AC,TT,TT,CT,CC,TT,TT,TT,NN,TT,GG,CC,AA,CC,CC,CC,CG,CC,AA,GG,AA,CC,TT,CC,GG,GT,GG,TT,AA,AA,NN,CC,GG,AA,AC,CC,GG,GG,AC,GG,TT,AA,AA,CC,GG,AT,CC,AA,AT,GG,TT,AA,TT,GG,GT,AA,CC,AT,GG,AA,GG,AA,TT,AA,TT,NN,CT,AA,CC,CT,GG,AG,CC,AG,CC,TT,TT,GT,GG,TT,AA,AC,AA,GG,CC,CG,GG,CC,GG,AA,AA,CC,GT,GG,CC,CC,AA,GG,CC,AA,CC,AA,AA,AC,CG,AC,TT,AA,GG,AA,AA,AA,AA,GG,AG,AA,AA,TT,GG,AA,AA,AC,AA,TT,GG,AA,GG,GG,GG,TT,AA,AA,GT,TT,TT,AG,AT,GG,CG,AC,9.14,Resistant,Low,Poor,Early
L0079,Davangere,Karnataka,Rabi,Black Cotton,Irrigated,430,25.5,58,CC,TT,AG,AG,GG,CG,GT,AT,CC,CG,AA,CC,CC,TT,TT,GG,GG,TT,TT,AG,CC,TT,TT,CC,TT,CC,TT,TT,GG,AA,TT,CC,AA,CC,AG,GG,GG,CG,GG,CC,TT,CC,AA,TT,AA,AG,TT,TT,CC,AC,GT,AT,AA,GG,CC,TT,AT,AC,TT,AA,AA,GG,TT,AG,TT,TT,CC,GG,TT,GG,AA,GG,CC,AA,GG,AA,AA,GG,TT,CT,GG,GT,GT,CC,AA,GG,AA,AA,CC,GT,AC,TT,CC,TT,GT,AG,TT,CC,GT,CC,CC,CG,AA,AA,TT,TT,CC,AA,GG,AA,CT,GG,TT,CC,TT,AA,AC,TT,CG,NN,CC,GG,CC,GT,TT,AA,TT,CC,CC,CC,NN,TT,CC,AA,CC,CT,AA,AT,AA,AA,CG,CC,CC,GG,AA,AG,AA,NN,GT,NN,CG,NN,AG,GG,GT,GG,AA,TT,CT,GG,CC,GT,TT,CT,CC,AA,NN,TT,AT,TT,CG,CC,AG,CC,CC,CC,GG,CC,AA,GG,AG,AC,TT,CC,GG,TT,GG,AT,AG,AA,TT,CC,GG,AA,CC,NN,GG,GG,AA,GG,TT,CC,AA,CC,GG,AA,NN,AA,AA,GT,TT,TT,AA,GG,GG,AA,CG,AT,GT,AA,GG,AA,TT,AA,TT,CC,TT,AA,CC,TT,GG,AG,CG,AG,AA,TT,CT,GT,GG,TT,AA,AC,AA,GT,CC,CC,GG,CC,GG,AT,AA,CC,TT,GG,CC,CC,AT,GG,CC,AA,CC,AA,AA,CC,CG,AC,NN,AA,GG,AA,AA,CC,AA,GG,AA,AA,AG,TT,GG,AC,AA,CC,AA,CT,AA,AA,GG,GG,GG,GT,AA,AA,GG,TT,TT,AA,AT,GG,GG,AA,6.69,Resistant,Medium,Standard,Medium
L0080,Davangere,Karnataka,Rabi,Black Cotton,Irrigated,430,25.5,58,AC,CT,AG,AA,GG,CC,GT,AT,CC,CC,AA,CC,CG,AT,TT,GG,CG,TT,TT,AG,CC,TT,TT,NN,TT,CC,TT,NN,GG,AA,TT,CC,AA,CC,GG,GG,GT,CC,GT,CC,TT,TT,AC,GT,AA,GG,CT,TT,CC,AC,GT,AA,AG,GG,CC,TT,AA,AA,GG,AA,AG,TT,TT,AG,TT,TT,CC,GG,TT,GG,AA,NN,CC,AA,GG,AA,AT,GG,TT,TT,GG,GG,GG,CC,AA,GG,AA,AA,CC,TT,CC,TT,TT,TT,TT,GG,CT,CC,TT,CC,CC,CG,AG,AA,TT,GT,NN,AG,AA,AC,CC,GG,TT,CC,GT,AA,AA,TT,CG,AG,CC,GG,CC,GG,CT,AG,CC,CC,CC,CC,AA,TT,CC,AA,CC,CC,AA,TT,AA,AT,GG,CT,CC,GG,AA,AG,AA,CC,GG,CC,CC,AA,AG,GG,GT,GG,AC,TT,TT,AG,CC,TT,TT,TT,CC,TT,TT,TT,AT,AT,GG,CC,AA,NN,CC,AC,GG,CC,AA,GG,AA,CC,TT,CC,GT,GT,GG,AT,AA,AA,NN,AC,GG,AA,CC,CG,GG,GG,AA,GG,TT,AC,AG,GG,GG,AA,CC,AA,AA,GT,TT,AT,AT,GG,TT,AT,CC,AT,GT,AA,GG,AA,TT,AA,TT,CC,TT,AA,CC,TT,GG,AA,CG,AG,AC,TT,TT,GT,GG,TT,AC,AC,AG,GG,CC,CC,CG,CC,GG,AT,AG,CC,TT,GG,CC,CC,AA,GG,CC,AA,CC,AA,AA,CC,CC,CC,TT,AA,GG,AA,AC,AA,AA,GG,AA,AA,AA,TT,CG,AC,AA,AC,CC,CC,AA,AA,GG,GG,CG,GT,AA,AA,GT,AT,TT,AA,TT,GG,CG,AA,8.85,Resistant,Low,Premium,Medium
L0081,Davangere,Karnataka,Rabi,Black Cotton,Irrigated,430,25.5,58,AC,TT,GG,AA,GG,CC,GG,TT,CC,CC,AA,CC,CC,TT,GT,GT,GG,TT,TT,AG,CC,TT,TT,CC,TT,CC,GT,TT,GG,AA,CT,CT,AA,AA,GG,GG,GG,GG,GG,CC,TT,TT,AA,GT,AG,NN,TT,TT,CC,AC,GT,AA,AA,CG,CC,TT,AA,AC,GT,AA,AA,TT,TT,GG,CT,AT,CC,GG,TT,GG,AG,GT,CC,AA,GG,AC,AT,GG,GT,TT,GG,GG,GG,CC,AA,GG,AA,AA,CC,GG,CC,TT,CC,TT,GT,GG,CT,CC,GT,CT,CC,CC,GG,AA,TT,TT,CC,AA,AA,AA,CT,GG,TT,CC,TT,AC,AA,TT,CC,AA,CC,GG,CC,GT,TT,AG,CC,CC,CC,CC,AA,TT,CC,AA,CC,CC,AA,TT,AG,AA,GG,CC,CC,GG,AA,AA,AA,CC,GG,CC,CC,AG,AG,AG,GT,GG,AA,TT,CT,GG,CC,GG,GT,TT,CC,TT,TT,CC,AA,TT,GG,CC,AG,CC,CC,CC,NN,CC,AA,GG,AG,CC,TT,CC,GG,TT,GG,TT,AA,GG,GG,CC,CG,CC,CC,CC,GG,GG,AC,CG,TT,AA,AA,CC,GT,AT,CC,AA,AA,GT,TT,TT,AT,CG,GT,TT,CC,AT,GT,NN,GG,AA,NN,AA,TT,CC,TT,AA,CC,CT,CG,AG,CC,AA,CC,TT,CT,GT,GG,AT,AA,AC,AA,GG,CC,CG,GG,CC,GG,AT,AG,CC,TT,GG,CC,NN,AA,GG,CG,AA,CC,AA,AA,CC,CC,AC,TT,AG,GG,AA,AC,AA,AA,AA,GG,AG,AA,TT,GG,AA,AA,CC,AA,CT,AA,AA,GG,GG,GG,GT,AA,AA,GT,TT,TT,AG,TT,GG,GG,AA,10.46,Susceptible,Low,Premium,Late
L0082,Davangere,Karnataka,Rabi,Black Cotton,Irrigated,430,25.5,58,AC,TT,GG,AG,GG,CC,GG,TT,CC,GG,AA,CC,CC,AT,TT,GG,CG,TT,TT,AA,CC,GT,TT,CC,TT,CC,GT,TT,GT,AA,TT,CT,AA,CC,AG,CC,GG,CC,GG,CC,TT,TT,AA,TT,AA,AG,TT,AT,CC,CC,GG,AT,AA,GG,CC,TT,AA,AA,GT,AA,AG,TT,AT,AG,CT,AA,CC,GG,TT,GT,AA,GG,CC,AA,GG,AC,AT,GG,TT,TT,GG,NN,GG,CC,AT,GG,AA,AA,CC,TT,AC,TT,CC,TT,TT,AG,TT,CC,TT,CC,CT,CG,GG,AA,TT,GT,CG,AA,AG,AA,CT,GG,TT,CC,GT,AA,AA,TT,CG,AG,CC,GG,CC,GG,TT,AG,CT,CC,CC,CC,AA,TT,CC,AA,CC,CC,NN,TT,AA,AA,GG,CT,CC,AG,AA,AG,AA,CC,GG,CG,CC,AA,AA,GG,NN,GG,AA,TT,TT,GG,CC,GT,GG,TT,CC,AA,GT,TT,AT,TT,GG,CC,AA,TT,CC,CC,CG,CC,AA,GG,AG,CC,TT,CC,GG,GT,GG,TT,AA,AG,TT,CC,GG,AA,CC,CC,GG,GG,AC,GG,TT,CC,AA,CC,GG,AA,AC,AA,AT,GG,GT,AA,AA,CG,GT,AT,CC,TT,TT,AA,GG,AA,TT,AA,TT,CC,CT,AA,AC,TT,GG,AA,CG,AA,NN,TT,CT,TT,GG,AT,AA,CC,AA,GG,CC,CC,GG,CC,GG,AT,AG,CC,TT,GG,CC,CC,AA,AG,CC,AA,CC,AA,AA,CC,CG,AC,TT,AA,GG,AA,AC,AA,AC,AG,AG,AG,AA,TT,GG,NN,AG,CC,AA,CT,AA,AA,CG,GG,GG,TT,AA,AA,TT,TT,TT,AG,AT,GG,CG,AA,4.5,Susceptible,High,Premium,Late
L0083,Davangere,Karnataka,Rabi,Black Cotton,Irrigated,430,25.5,58,AC,TT,GG,AA,GG,CC,GT,AT,CC,CG,AA,CC,CG,TT,GG,GG,GG,TT,TT,AG,CC,GT,GT,CT,TT,CC,TT,TT,GG,AA,TT,CC,AA,CC,AG,CG,GG,GG,NN,AC,TT,TT,AA,GT,AG,AG,TT,TT,CC,AC,GG,AA,AA,GG,CC,TT,AA,AA,GT,AC,AA,TT,AA,AG,TT,AA,CC,GG,CT,GG,AA,GT,CC,AA,GG,AA,NN,GG,TT,TT,GG,GG,NN,AC,AT,GG,AA,AA,CC,TT,AC,TT,CT,TT,GT,GG,CT,CC,GG,CC,CC,CC,GG,AA,TT,TT,CG,AA,GG,AA,CC,GG,TT,CC,TT,AA,AA,TT,CC,GG,CG,GG,CC,GG,TT,AG,CC,CC,CC,CC,AA,TT,AC,AA,CC,NN,AA,TT,AA,AA,GG,CC,CC,GG,AA,GG,AT,CC,GG,CC,CC,AA,AG,GG,TT,GG,NN,TT,CC,AG,AC,TT,GT,TT,CC,AT,TT,TT,AA,TT,GG,CC,AA,CC,AC,CC,CG,CC,AA,GG,AA,CC,TT,CC,GT,GT,CG,AT,AA,AA,TT,CC,GG,AC,AC,CG,GG,GG,AA,GG,CT,AC,AA,CC,GG,AA,CC,AA,AA,GG,TT,TT,AA,CG,GT,AT,CC,TT,GT,AA,GG,AA,TT,AC,TT,CC,CT,AA,CC,TT,GG,AA,CG,AG,AC,TT,TT,GT,GG,TT,AA,AC,AG,GG,CC,GG,GG,CC,GG,AT,AA,CG,TT,GG,CC,CC,AT,AG,CC,AA,CC,AA,AA,AC,CC,AC,AT,AA,GG,AA,AA,AA,AA,AA,AG,AA,AA,TT,GG,AA,AA,AC,AC,CT,AG,AG,GG,GG,NN,TT,AT,AA,TT,TT,TT,GG,TT,GG,GG,AA,7.78,Moderate,Low,Poor,Medium
L0084,Davangere,Karnataka,Rabi,Black Cotton,Irrigated,430,25.5,58,AA,TT,AG,AA,GG,CC,GG,AT,CC,CG,AA,CC,CC,AT,TT,GG,GG,TT,TT,AA,CC,TT,TT,CC,AT,CC,TT,TT,GG,AA,TT,CT,AA,CC,GG,CG,GG,GG,GG,CC,TT,CT,AA,TT,AA,GG,TT,TT,CC,AC,GT,AA,AG,GG,CT,TT,AT,AA,GT,AA,AG,GT,TT,AG,TT,AT,CC,TT,TT,GG,AG,GG,AC,AA,AG,CC,AA,GG,TT,TT,GG,GT,GT,CC,AA,GG,AA,AA,CC,TT,AC,TT,CT,AT,GT,GG,TT,CC,GG,CC,CC,CC,AG,AA,TT,TT,CC,AA,GG,AA,CC,GG,GT,CC,TT,AA,AC,TT,CC,NN,CG,NN,CC,TT,TT,AG,CC,CC,CC,CG,AA,TT,CC,AA,CC,CT,AA,AT,AA,AA,GG,CC,CC,GG,AA,AA,AA,CC,GT,CC,CC,AA,AG,GG,GT,GG,CC,TT,CT,AG,CC,GT,TT,TT,CC,AA,GT,CT,AA,AT,GG,CC,GG,CT,CC,CC,CG,CC,AA,GG,AG,CC,TT,CC,GG,TT,CG,AT,AA,AG,TT,CC,GG,AA,CC,CC,GG,GG,AA,GG,CT,AA,AA,CG,GT,AT,CC,AA,AT,GT,TT,AT,AT,CG,TT,AT,CC,TT,GT,AA,GG,AA,TT,AA,TT,CC,TT,AA,CC,CT,CG,AA,CG,AG,AC,TT,CT,GT,GG,TT,AA,AC,AA,GG,CC,CG,GG,CC,GG,AT,AA,CC,GT,GG,CC,CG,AA,GG,CC,AA,CC,AA,NN,AA,CC,CC,TT,AA,GG,AA,AA,AA,NN,GG,AG,AG,AA,TT,GG,AA,GG,AC,AA,TT,AA,AA,GG,GG,GG,TT,NN,AG,TT,TT,TT,AG,NN,GG,CG,NN,7.25,Susceptible,High,Premium,Late
L0085,Davangere,Karnataka,Rabi,Black Cotton,Irrigated,430,25.5,58,AC,TT,AG,AG,GG,NN,GT,TT,CC,CG,AT,CT,CG,TT,TT,GG,GG,TT,TT,AG,CC,NN,TT,CC,AT,CC,GT,TT,GG,AA,CT,CT,AA,CC,GG,GG,GG,GG,GG,CC,TT,TT,AA,TT,AA,GG,TT,TT,CC,AC,GG,AA,AA,GG,CT,GT,AT,AA,TT,AC,AG,GT,TT,AA,TT,NN,CC,GG,TT,GT,AA,GG,CC,AA,GG,AC,AA,AG,GT,TT,GG,GG,GG,CC,AA,GG,NN,AA,CC,GT,CC,TT,CC,TT,TT,GG,TT,CC,TT,CC,CT,CC,GG,AA,TT,TT,CG,AA,AG,AA,CC,GG,TT,CC,GT,AA,CC,TT,CC,GG,CC,GG,CC,GT,TT,AG,CC,CC,CC,CC,AA,TT,CC,AA,CC,CC,AA,TT,AG,AT,CG,CC,CG,GG,AA,GG,AA,CC,GT,CC,CC,AA,AA,GG,GT,GG,AA,TT,TT,GG,AC,TT,GT,TT,CC,AA,GT,TT,AT,AT,GG,CG,AA,CC,CC,CC,GG,CC,AA,GG,AG,CC,TT,CC,GT,GT,GG,TT,NN,GG,TT,CC,GG,AC,CC,CC,GG,GG,AC,GG,TT,AA,AA,CC,GT,AA,CC,AA,AT,GG,GT,TT,AA,GG,GT,AT,CG,TT,GT,AA,GG,AA,CT,AA,TT,CC,TT,AC,CC,NN,CG,AA,CC,AG,CC,TT,TT,TT,CG,TT,AC,AA,AG,GG,CC,GG,GG,CC,GT,TT,AA,CC,GT,GG,CC,CC,AA,GG,CG,AT,CC,AT,AA,CC,CG,AC,AT,AA,GG,AA,AA,AA,AA,GG,GG,AA,AA,TT,GG,AA,AA,AC,AA,TT,AG,NN,GG,GG,GG,TT,AT,AG,TT,TT,TT,AA,TT,GG,GG,AA,7.44,Moderate,High,Premium,Medium
L0086,Davangere,Karnataka,Rabi,Black Cotton,Irrigated,430,25.5,58,AA,TT,GG,AA,CC,CC,GT,TT,CC,CG,AA,CC,CC,TT,TT,GG,GG,TT,TT,AA,CC,TT,GT,CC,TT,CC,TT,TT,GG,AA,CT,CC,AA,CC,GG,GG,GG,CG,GG,CC,TT,CC,AA,TT,AG,GG,TT,AT,CC,AC,GG,AT,NN,CG,CC,TT,AA,AA,GT,AA,AG,TT,AT,AA,CC,TT,CC,GG,TT,GT,AG,GG,CC,AA,AG,AC,AT,GG,GT,TT,GG,GG,GG,CC,AA,GG,AA,AA,CC,TT,CC,TT,CT,NN,TT,AG,CT,CC,GT,CC,CT,CG,GG,AA,TT,TT,CC,AA,AA,AA,CT,GG,TT,CC,TT,AA,AA,TT,CC,GG,CC,AG,CC,GG,TT,AG,CC,CC,CC,CC,AA,TT,CC,AA,CC,CC,AA,TT,AA,AT,CG,CC,CC,GG,AG,AA,AA,AC,GG,CC,CG,AG,AG,GG,TT,GG,AA,TT,TT,GG,AC,TT,GT,CT,CC,AA,TT,CT,AA,TT,NN,CC,AA,CT,CC,CC,CG,NN,AA,GG,GG,CC,TT,CC,GG,TT,CG,TT,AA,AG,TT,CC,GG,AA,CC,CC,GG,AG,AC,GG,TT,AC,AA,CC,GG,AA,CC,AA,AA,GG,GG,AT,AA,GG,GT,AT,CC,TT,TT,AT,GG,AA,CT,AA,TT,CC,TT,AA,AC,CT,CG,AG,CC,AG,CC,TT,TT,TT,GG,TT,AC,CC,AA,GT,CC,CG,CG,CC,GT,AT,GG,CC,GT,GG,CC,CG,AT,NN,CC,AA,CG,AA,AA,AC,CC,CC,TT,AA,GG,AA,AA,AC,AA,AG,AA,AG,AA,TT,CG,AA,GG,AC,AA,TT,AA,AA,GG,GG,GG,TT,AA,AA,TT,NN,AT,AA,AT,GG,GG,AA,7.96,Susceptible,High,Premium,Early
L0087,Davangere,Karnataka,Rabi,Black Cotton,Irrigated,430,25.5,58,AC,TT,AG,GG,CC,CC,GG,TT,CC,CG,AA,CT,GG,TT,TT,GT,CG,TT,TT,AA,CC,TT,TT,CC,TT,CC,TT,TT,GG,AA,TT,CC,AA,AC,GG,CG,GG,CG,GG,CC,TT,CC,AA,GT,AG,GG,CT,AT,CC,AC,GG,AA,AA,GG,CT,GT,AA,AA,TT,AA,AG,TT,TT,AA,TT,TT,CC,NN,TT,GT,AA,GG,CC,AA,AA,AC,AA,AG,TT,TT,GG,GG,GG,CC,AA,GG,AG,AA,CC,GG,AC,TT,TT,AT,GT,GG,TT,CC,TT,CC,CC,CC,GG,AA,NN,TT,CC,AA,AA,AA,CT,GG,TT,CC,TT,AA,AA,TT,CC,AG,CC,AG,CC,GT,TT,AA,CC,CC,AC,CC,AA,TT,CC,AA,CC,CC,AA,TT,AA,AA,GG,CT,CC,GG,AG,AG,AA,CC,GG,CC,CC,AA,AA,AG,GT,GG,CC,TT,CT,GG,AC,TT,TT,TT,CG,TT,GT,CC,AA,TT,CC,CC,GG,CC,CC,CC,CG,CC,AA,GG,NN,CC,TT,CC,GG,TT,CG,AT,AA,AA,TT,CC,GG,AA,CC,CC,GG,GG,AA,GG,TT,AA,AA,CC,GG,AA,CC,AA,AA,GT,TT,AT,AA,CG,GG,AT,CC,AT,TT,AA,GG,AA,TT,AC,TT,CC,CT,CC,CC,TT,GG,AG,CC,AG,CC,TT,CT,TT,GG,TT,AA,AC,AA,GG,CC,CG,GG,CC,GG,AT,AA,CG,TT,GG,CC,CC,AA,GG,CC,AA,CC,AA,AA,AC,GG,AA,TT,AA,GG,AA,AA,AC,AA,AA,GG,AA,AA,TT,GG,AC,AG,AC,AA,TT,NN,AG,GG,GG,GG,TT,AT,AA,TT,TT,TT,AA,TT,CG,CG,AA,8.17,Susceptible,High,Poor,Late
L0088,Davangere,Karnataka,Rabi,Black Cotton,Irrigated,430,25.5,58,AA,TT,AG,GG,GG,CC,GG,AT,CC,CC,AA,CC,CG,TT,TT,GG,GG,TT,TT,GG,CC,GG,TT,CC,TT,CC,TT,TT,GT,AA,TT,CT,AA,CC,GG,GG,GG,GG,GG,CC,TT,CT,AC,TT,AA,GG,TT,TT,CC,AA,GG,AA,AG,GG,CT,TT,AA,AC,GT,AC,AA,GG,TT,AG,TT,TT,CC,GG,TT,GT,AA,GG,CC,AA,GG,AA,AT,GG,TT,TT,AG,GG,GG,CC,AT,AG,AG,AA,CC,TT,AA,TT,CC,TT,TT,GG,TT,AC,GT,CC,CT,CC,AG,AA,AT,TT,CC,AG,AG,AA,TT,GG,TT,CG,TT,AA,AA,AT,CG,AG,GG,GG,CC,GT,TT,AG,CT,CG,CC,CC,AA,TT,AC,AA,CC,NN,AA,TT,AA,AA,GG,CC,CG,GG,AA,AA,AA,CC,GT,CC,CG,NN,AA,GG,GT,GG,AC,TT,CT,GG,CC,TT,GT,TT,CC,AA,GT,TT,AT,AT,CG,CC,AG,CT,CC,CC,GG,CC,AA,GG,AG,CC,GT,CC,GG,TT,GG,AT,AA,AA,TT,CC,GG,AA,CC,CC,GG,GG,AA,GG,TT,AC,AA,CC,GG,AA,AC,AA,TT,GG,TT,AT,AA,CG,GT,AA,CC,AT,GG,AA,GG,AA,TT,AA,TT,CC,CT,AC,CC,TT,GG,AA,CC,AA,CC,TT,TT,GT,GG,TT,AC,AA,AA,GT,CC,CG,GG,CC,GG,TT,AG,CC,GG,GG,CC,CG,AA,GG,CG,AA,CC,AT,AA,CC,CC,AC,TT,AA,GG,AA,AA,AC,AA,AG,AG,AA,AA,TT,GG,AA,AA,AC,AA,CT,AA,AA,GG,GG,CG,GT,AA,AA,GT,TT,TT,AG,AT,GG,GG,AA,7.96,Susceptible,High,Premium,Medium
L0089,Davangere,Karnataka,Rabi,Black Cotton,Irrigated,430,25.5,58,AA,TT,GG,AG,CG,CC,GG,TT,CC,CC,AA,CC,CC,AT,TT,GG,CC,TT,TT,AA,CC,TT,GG,CC,AA,CC,TT,TT,GG,AA,TT,CT,AA,CC,GG,GG,GG,CC,GG,AC,TT,CT,NN,TT,AA,AG,NN,TT,CC,AC,GT,AA,AA,GG,CT,GT,AA,AA,GT,AA,AG,GT,AA,AA,TT,TT,CC,GG,TT,GG,AG,GG,NN,AA,AG,AA,AT,GG,TT,TT,GG,GT,GG,CC,AA,AG,AA,AA,CC,GT,CC,TT,CT,TT,TT,GG,TT,CC,GT,CT,CT,CG,AG,AG,TT,TT,CC,AA,AG,AA,CC,GG,TT,CC,TT,AA,AA,TT,CC,GG,CC,GG,CC,GT,TT,AA,CC,NN,CC,CC,AA,TT,CC,AA,CC,TT,AA,TT,AA,AA,CG,CT,CC,GG,AA,AG,AA,CC,GG,CC,CC,AA,AA,GG,TT,GG,AA,GT,CT,GG,CC,TT,GT,CT,CC,AT,NN,CT,AT,TT,GG,CC,AG,CC,CC,CC,GG,CC,AA,GG,AG,CC,TT,CC,TT,GG,GG,TT,AA,AA,TT,CC,GG,AC,AA,CC,GG,GG,AC,GG,TT,AA,AA,CC,GG,AA,AC,AA,AT,GT,TT,AT,AT,GG,GG,AA,CC,TT,GT,AA,GG,AA,CT,AA,TT,CC,TT,AA,AC,TT,CG,AG,CC,AA,CC,TT,TT,TT,GG,TT,AA,CC,AG,GG,CC,CG,GG,CG,GG,TT,AA,CC,GT,GG,CG,CC,AA,GG,CG,AA,CC,AA,AA,AA,CG,AC,TT,AA,GG,AA,AA,CC,AA,AG,AA,AA,AG,TT,CG,AA,AG,AC,AA,TT,AA,AA,GG,GG,GG,GT,AT,AA,TT,TT,TT,AG,AT,GG,GG,AA,7.17,Susceptible,Low,Standard,Late
L0090,Davangere,Karnataka,Rabi,Black Cotton,Irrigated,430,25.5,58,AA,TT,GG,GG,GG,CC,GG,NN,CC,GG,AA,CC,CG,TT,TT,GG,GG,TT,TT,NN,CG,TT,GT,CC,TT,CC,TT,TT,GT,AA,CT,CC,AA,CC,AG,CG,GG,CG,GG,CC,TT,CC,AA,GT,AA,GG,TT,TT,CC,AC,GG,AA,AA,GG,CC,TT,AA,AC,GG,AA,AA,TT,AA,AA,TT,AT,CC,GG,TT,GG,AA,GT,CC,AA,AG,AA,AA,GG,TT,TT,GG,GG,GG,CC,AT,GG,AA,AA,CC,TT,AC,TT,CC,TT,TT,GG,TT,CC,GT,CT,CC,CC,AG,AA,AT,TT,CG,AG,AG,AC,CC,GG,TT,CC,TT,AA,AA,TT,CC,GG,CG,GG,CC,GG,TT,AA,CT,CC,CC,CC,AA,TT,NN,AA,CC,CC,AA,TT,AA,AA,GG,CC,CC,GG,AA,GG,AA,CC,TT,CC,CC,AA,AA,GG,TT,GG,AA,TT,TT,GG,CC,GT,GT,TT,CC,NN,TT,CT,AA,TT,GG,CC,AG,CT,CC,CC,CG,CC,AT,AG,GG,CC,TT,CC,TT,GT,CG,TT,AA,AG,TT,AC,GG,AA,CC,CC,GG,GG,AA,GG,TT,AA,AA,CC,GT,AA,AC,AA,AA,GG,TT,TT,AT,CG,GT,AT,CC,AT,TT,AA,GG,AA,TT,AA,TT,CC,TT,AC,CC,TT,CG,AG,CG,AG,CC,TT,TT,GT,CG,TT,AC,AC,AA,NN,CC,CG,GG,CC,GG,AT,AA,CG,TT,GG,CC,CG,AA,AG,CC,AA,CC,AA,AA,AA,GG,AA,TT,AA,GG,AA,AC,AC,AC,GG,AG,AG,AA,TT,NN,AA,AG,AC,AA,CC,AA,AA,CG,GG,GG,TT,AA,AA,GT,TT,TT,AA,AT,GG,GG,AA,5.93,Susceptible,High,Premium,Late
L0091,Davangere,Karnataka,Rabi,Black Cotton,Irrigated,430,25.5,58,AC,TT,AG,GG,GG,CC,TT,TT,CC,GG,AA,CC,CG,TT,TT,GG,GG,TT,TT,AA,CG,GT,GT,CT,TT,CC,TT,TT,GT,AA,TT,CT,AA,CC,AG,GG,GG,CC,GG,CC,TT,CT,AA,GT,AG,GG,TT,TT,CC,AA,GG,AA,AA,GG,CC,TT,AA,NN,GG,AA,NN,TT,AT,AA,CT,TT,CC,GG,TT,GG,AG,GG,CC,AA,GG,AC,AA,GG,GT,TT,GG,GG,GG,CC,AA,GG,AA,AT,CC,GG,CC,TT,CC,TT,TT,AG,TT,CC,TT,CC,CT,CG,GG,AA,AT,GT,CC,AA,AA,AA,TT,GT,TT,CG,TT,AC,AC,TT,CC,GG,CC,GG,CC,GG,CT,AG,NN,CC,AC,CC,AA,TT,CC,AA,CC,CC,AG,TT,AA,AA,GG,CC,CC,GG,AG,AA,AA,CC,GG,CC,CC,AA,AA,AG,GT,GG,AA,GT,CT,GG,CC,TT,TT,TT,CC,AA,GT,TT,AT,TT,CG,CC,AA,CC,CC,CC,CG,CC,AA,GG,AA,CC,TT,CC,GT,TT,GG,AA,AA,AA,NN,CC,GG,AA,CC,CC,GG,GG,AC,GG,TT,AA,AA,CC,TT,AA,AC,AA,AT,GT,GT,TT,NN,GG,TT,AA,CC,AT,TT,AA,GG,AG,CT,AA,TT,CC,CT,AC,CC,CT,GG,AA,CG,GG,CC,TT,TT,GT,GG,TT,AC,AC,AA,GG,CC,CG,GG,CC,GG,TT,AA,CG,NN,GG,CG,CG,AA,GG,CG,AA,CC,AT,AA,AC,CG,CC,TT,AA,GG,AA,AA,CC,AA,AG,GG,AA,AA,TT,GG,AA,AG,CC,AA,CT,GG,AG,GG,GG,CG,TT,AA,AG,TT,TT,TT,GG,AT,GG,CG,AA,6.28,Susceptible,Low,Premium,Early
L0092,Davangere,Karnataka,Rabi,Black Cotton,Irrigated,430,25.5,58,AA,TT,AG,AA,CG,CC,GT,TT,CC,CG,AA,CT,CG,AT,GG,GG,GG,TT,TT,AA,CC,TT,GT,CC,AT,CC,NN,TT,GT,AA,TT,CC,AA,CC,GG,CG,GG,CC,GG,CC,TT,TT,AA,GT,AA,GG,TT,TT,CC,CC,TT,AT,AA,GG,CC,TT,AA,AA,TT,AA,AA,TT,TT,AA,TT,AT,CC,GG,TT,GG,AA,GT,CC,AA,GG,AC,AT,GG,TT,TT,GG,GG,GG,CC,AA,GG,AA,AT,CC,GT,CC,TT,CT,TT,GT,GG,CT,AC,TT,CC,CC,CC,AG,AG,AT,TT,CC,AG,AG,AA,CT,GG,TT,CG,TT,AA,AC,TT,CC,GG,CC,GG,CT,GT,TT,AA,CC,CC,NN,CC,AA,TT,CC,AC,CC,CC,AA,TT,AA,TT,GG,CT,CC,GG,AA,AA,AT,CC,GT,CC,CC,AA,AA,GG,GT,GG,AA,TT,NN,GG,AC,GT,TT,TT,CC,AA,GT,TT,AA,AT,GG,CC,AA,CT,CC,CC,CG,CC,AA,GG,GG,AC,TT,CC,GG,TT,GG,AT,AA,AG,GT,AC,CG,AA,CC,CC,CG,GG,AC,GG,TT,AA,AG,CC,GT,AA,AC,AA,AT,GG,TT,TT,AA,GG,GG,AT,CG,TT,GG,AA,GG,AA,CT,AA,TT,CC,TT,AC,CC,CT,GG,AA,CC,GG,CC,TT,CT,GT,GG,TT,AC,AC,AG,NN,CC,CC,GG,CC,GG,AA,AA,CG,GT,GG,CG,CC,TT,GG,CG,AA,CC,AT,AG,AC,CG,NN,TT,AA,GG,AA,AA,AA,AC,GG,GG,AG,AG,AT,CG,AC,AG,AC,AA,CT,AA,AA,GG,GG,GG,TT,AT,AA,TT,TT,TT,AA,TT,GG,GG,AA,5.91,Susceptible,High,Standard,Late
L0093,Davangere,Karnataka,Rabi,Black Cotton,Irrigated,430,25.5,58,AC,TT,GG,AG,GG,CC,GT,AT,CC,CC,AA,CT,CC,AT,TT,GG,GG,TT,TT,AA,CC,TT,GG,CC,TT,CC,TT,TT,NN,AA,NN,CC,AA,CC,AG,CG,GG,CC,GG,CC,TT,TT,AA,TT,AA,GG,TT,TT,CC,CC,GG,AA,AA,GG,CT,GG,AA,AC,TT,AC,AA,TT,TT,AA,TT,AA,CC,GG,TT,GT,AG,GG,CC,AA,GG,AA,AT,GG,TT,TT,GG,GT,GG,CC,AT,GG,AA,AA,CC,TT,CC,GT,CC,TT,TT,GG,CT,CC,NN,CC,CC,GG,GG,AA,TT,GT,CC,AA,AG,AA,CC,GT,TT,CG,TT,AC,AA,TT,CC,AG,CC,GG,CC,GG,CT,AA,CT,CC,CC,CC,AA,GT,CC,AA,CC,CT,AA,AT,AA,AA,GG,CT,CC,GG,AG,AA,AA,AC,GG,CC,CC,AA,AA,GG,TT,GG,AC,GT,CT,GG,CC,TT,TT,TT,CC,AT,TT,TT,AT,AA,GG,CC,AA,TT,CC,CC,GG,CC,AT,GG,GG,CC,TT,CG,NN,TT,NN,AT,AA,AA,TT,CC,CG,AA,CC,CC,CG,AG,CC,CG,TT,AA,AG,CC,GG,AA,AC,AA,AA,GG,GT,AA,AT,CC,GT,AA,CC,NN,GT,AA,GG,AA,TT,NN,TT,CC,TT,AC,CC,TT,GG,AG,CG,AG,CC,TT,CT,GT,CG,TT,AA,AA,GG,GG,CC,CC,GG,CC,GG,TT,AA,CC,GT,GG,CC,CC,AA,AG,CC,AT,CC,AA,AA,AA,CG,AA,TT,AA,GG,AA,AA,AA,CC,AG,AA,AA,AA,TT,GG,AA,AA,CC,AA,CT,AA,AG,GG,AG,CG,TT,AT,AA,TT,TT,TT,AA,AT,GG,GG,AA,6.79,Moderate,High,Premium,Medium
L0094,Davangere,Karnataka,Rabi,Black Cotton,Irrigated,430,25.5,58,AC,CT,GG,AA,GG,CC,GG,TT,CC,CC,AA,CT,CC,TT,TT,GT,CG,AT,TT,GG,CG,GT,TT,CC,TT,CC,TT,TT,GG,AA,TT,CT,AA,CC,GG,CG,GG,GG,GG,CC,TT,TT,AA,TT,AA,AG,TT,AT,CC,AA,GT,AA,AA,GG,CT,TT,AA,AC,GT,AA,AA,TT,TT,AG,TT,TT,CC,GG,TT,TT,AA,GG,CC,AA,AG,CC,AA,GG,TT,TT,GG,GT,GG,CC,AA,GG,AA,AA,NN,TT,AC,TT,CC,TT,TT,NN,TT,AC,TT,CC,CC,CC,AG,AA,NN,TT,CC,AA,AG,AA,CT,GG,TT,CC,GT,AA,AA,AT,CC,AA,CC,GG,CC,TT,CT,AG,CC,CC,CC,CC,AA,TT,CC,NN,CC,CC,AA,TT,AA,AA,GG,CT,CC,GG,AA,GG,AA,CC,GG,CC,CC,AA,AA,AA,TT,GG,AA,TT,CT,GG,AC,GT,TT,TT,CC,AT,TT,TT,AT,TT,GG,CC,AG,CT,CC,CC,GG,CC,AA,GG,AA,CC,TT,CC,GT,TT,CG,AT,AA,AG,TT,CC,GG,AA,CC,CC,GG,GG,AC,CG,TT,AA,AG,CC,GG,AA,CC,AA,AT,GG,TT,AA,AA,NN,TT,AA,CC,TT,TT,AA,GG,AA,TT,AA,TT,CC,CT,AA,AC,CT,CG,AG,CC,AG,CC,TT,CT,GT,CG,TT,AA,AA,AG,NN,CC,GG,GG,CC,GG,AA,AA,CC,GT,GG,CG,NN,AA,GG,CG,AA,CC,AA,AA,CC,CG,CC,TT,AA,CG,AA,AA,CC,CC,AG,AA,AG,AA,TT,GG,AA,AA,CC,AA,TT,AA,AA,GG,GG,GG,TT,AT,AA,TT,TT,TT,GG,AT,GG,GG,AA,7.7,Susceptible,Low,Standard,Late
L0095,Davangere,Karnataka,Rabi,Black Cotton,Irrigated,430,25.5,58,AA,TT,GG,AG,GG,CC,GG,AT,CC,CC,AA,CC,CG,TT,GT,GG,GG,TT,TT,AA,CG,TT,TT,CT,TT,CC,TT,TT,GG,AA,TT,CT,AA,CC,GG,CG,GG,CC,GG,CC,TT,CT,AA,TT,AG,GG,TT,TT,CC,AC,GG,AT,AA,GG,CC,TT,AT,AC,GT,AC,AA,TT,AT,AA,TT,TT,CC,GG,NN,GG,AA,GG,CC,AA,AA,CC,AT,AG,TT,TT,GG,GG,GG,CC,AA,GG,AG,AA,CC,GT,AA,TT,CT,TT,TT,AG,TT,NN,TT,CC,CT,CG,GG,AA,TT,TT,CC,AA,AG,AA,CT,GG,TT,CC,GT,AA,AA,TT,CC,GG,CC,AG,CC,GT,TT,AA,CC,CC,CC,CC,AA,TT,CC,AA,AC,CC,AA,TT,AA,AA,CG,CC,CC,GG,AG,GG,AA,CC,GG,CC,CC,AA,NN,GG,GT,GG,AA,TT,TT,GG,AC,TT,NN,TT,CC,AT,GT,CC,AT,AT,CG,CC,AA,CC,CC,CC,GG,CC,AT,GG,GG,CC,TT,CC,GG,GT,GG,AT,AA,AA,TT,AC,GG,AA,CC,CC,GG,GG,AC,GG,NN,AA,AA,CC,GG,AA,CC,AT,AA,GG,TT,TT,AA,GG,TT,AT,CG,TT,TT,AT,GG,AA,TT,AA,TT,CC,TT,CC,CC,TT,CG,GG,GG,AG,CC,TT,CT,TT,GG,TT,AA,AA,AG,GG,CC,CC,GG,CC,GG,TT,AA,CC,TT,GG,CC,CC,AA,GG,CC,AA,CC,AT,AA,NN,CC,CC,TT,AA,GG,AA,AA,AC,AA,AA,AA,AA,AA,TT,CG,AC,AA,AC,AC,TT,GG,AA,GG,AG,GG,TT,AT,AA,GT,TT,TT,AG,AT,NN,CG,AA,4.88,Moderate,Medium,Premium,Early
L0096,Davangere,Karnataka,Rabi,Black Cotton,Irrigated,430,25.5,58,AC,CT,GG,AG,GG,CC,GT,AT,CC,GG,AA,CC,CC,AT,TT,GG,CG,TT,TT,AA,CC,TT,GT,CT,TT,CC,GG,AT,GG,AC,TT,CC,AA,CC,GG,GG,GG,CG,GG,CC,TT,CT,AA,TT,AA,AA,TT,TT,CC,AC,GG,AA,AG,GG,CT,GT,AT,AA,GG,AC,AG,GT,TT,AA,TT,AT,CC,GG,TT,GG,AA,GG,CC,AA,GG,AA,TT,GG,TT,TT,GG,GT,GT,CC,AA,GG,AA,AA,CG,TT,CC,TT,CC,TT,GT,GG,TT,CC,GT,CC,CC,GG,AG,AA,TT,TT,CC,AA,AG,AA,NN,GG,TT,CC,TT,AA,AA,TT,CC,GG,CG,GG,CC,GG,CC,AA,CC,CC,CC,CC,AA,GT,CC,AA,CC,CT,AG,TT,AA,AT,GG,CC,CC,NN,AA,AA,AA,AA,GG,CC,CC,AA,AA,GG,TT,GG,AA,GT,TT,AG,AC,TT,GT,TT,CC,AA,GT,TT,AA,TT,GG,CC,AA,CC,CC,CC,CG,CC,AT,GG,AG,CC,TT,CC,GT,TT,CC,AT,AA,AA,TT,CC,CG,AC,AC,CC,GG,GG,NN,GG,TT,AA,AA,CC,GG,AA,AC,AA,AT,GG,TT,AT,AA,GG,GT,AT,CG,NN,GG,AA,GG,AA,TT,AA,TT,CC,TT,AA,CC,TT,GG,AG,CC,GG,CC,TT,CC,TT,GG,TT,AA,AC,AG,GG,CC,CG,GG,CC,GG,TT,NN,CC,TT,GG,CC,CC,AA,AA,CC,AA,CC,AA,AA,AA,CC,AC,TT,AA,GG,AA,AA,CC,AA,AG,AA,AA,AA,TT,GG,AA,AG,CC,AC,TT,AA,AA,GG,GG,GG,TT,AT,AA,GT,TT,TT,AG,AT,GG,GG,AA,5.42,Susceptible,Low,Poor,Early
L0097,Davangere,Karnataka,Rabi,Black Cotton,Irrigated,430,25.5,58,AA,TT,GG,AA,GG,CC,GG,AT,CC,CG,AA,CC,CG,AT,GT,GG,GG,TT,TT,AA,CC,GT,TT,CT,TT,CC,TT,TT,GG,AA,TT,CC,AA,CC,GG,GG,GG,CG,NN,CC,TT,CT,AA,TT,AA,AG,TT,TT,CC,CC,GT,AT,AA,GG,CC,TT,AA,AA,GG,AC,AA,TT,TT,AG,TT,AT,CC,GG,TT,GG,AA,GG,CC,AA,GG,AA,TT,GG,TT,TT,AG,GG,GG,CC,AA,GG,AG,AA,CG,TT,CC,TT,CT,AT,TT,NN,TT,CC,TT,CC,CT,CC,GG,AA,TT,TT,CC,AA,AG,AA,CC,GG,TT,CG,GT,AA,AA,TT,CC,AG,CC,GG,CC,GG,TT,AA,CT,CC,CC,CC,AA,TT,CC,AA,CC,CT,AA,TT,AA,AT,GG,CC,CC,GG,AA,AG,AA,CC,TT,CC,CC,AA,AG,GG,TT,GG,AA,TT,CT,GG,CC,TT,TT,TT,CG,AA,GT,CT,AA,TT,GG,NN,AA,CT,CC,CC,GG,CC,AA,GG,AG,CC,TT,CC,GT,TT,CG,AT,AA,AA,TT,CC,CC,AC,AC,CC,GG,GG,AA,GG,TT,AC,AG,CC,GG,AA,CC,AA,TT,GG,TT,AT,AT,GG,GG,AT,CC,TT,GT,AA,GG,AA,TT,AA,TT,CC,CT,AA,CC,TT,CG,AG,CC,AG,CC,TT,TT,TT,GG,TT,AA,AA,AG,GG,CC,CC,GG,NN,GG,AA,AG,CG,TT,GG,CC,CG,AA,GG,CG,AA,CC,AA,AA,AC,CC,AC,TT,AA,GG,AA,AC,AA,AC,GG,AA,AG,AA,AT,GG,AC,AA,CC,AA,CT,AA,AA,GG,GG,GG,TT,AT,AA,GT,TT,TT,AA,TT,GG,CG,AA,5.85,Moderate,Medium,Standard,Medium
L0098,Davangere,Karnataka,Rabi,Black Cotton,Irrigated,430,25.5,58,AA,TT,GG,AA,GG,CC,GG,TT,CC,CG,AA,CC,CC,AT,GT,NN,GG,TT,TT,AG,CC,TT,GT,CT,TT,CC,TT,TT,GG,AA,TT,CC,AG,AC,GG,CG,GG,CG,GG,AC,TT,CT,AA,GT,AG,AG,TT,TT,CC,AC,GT,AA,AG,GG,CC,GT,AA,AA,GG,AC,AA,TT,AA,AG,TT,AT,CT,GG,TT,GG,AG,GG,CC,AA,GG,CC,AT,GG,TT,NN,GG,GG,GG,CC,AA,GG,AA,AA,CC,TT,CC,NN,TT,AT,TT,GG,TT,CC,TT,CC,CT,GG,AG,AA,AT,TT,CC,AA,AG,AA,CC,GG,TT,CC,TT,AA,AC,TT,CC,GG,CG,AG,CC,GG,TT,AA,CC,CG,AC,CC,AA,TT,CC,AA,CC,CC,AA,TT,AA,AA,GG,CC,CC,GG,AA,AA,AA,CC,GT,CC,CC,AA,AA,GG,TT,AG,AC,GT,CC,GG,CC,GT,TT,TT,CC,AA,GT,TT,AT,TT,GG,CC,AG,CC,CC,CC,CG,CC,AA,GG,AA,CC,TT,CC,GT,GT,GG,AT,AA,AG,GT,AC,CG,AA,CC,CC,GG,GG,AA,GG,TT,AA,AA,CC,GT,AA,CC,AA,TT,GT,TT,AT,AA,GG,GG,AT,CG,AT,GG,AA,GG,AA,TT,AA,TT,CG,TT,AC,NN,CT,CG,GG,CG,AG,AC,AT,TT,TT,GG,TT,AA,AC,AG,GG,CC,CC,GG,CC,GG,AA,AG,CC,GG,AG,GG,CG,AA,NN,CG,AA,CC,AA,AA,AC,CG,AC,AT,AG,GG,AA,NN,AC,AA,GG,GG,AG,AA,AT,GG,AC,AA,AA,AA,TT,GG,AA,CG,GG,GG,TT,AA,AG,GT,TT,TT,AG,TT,GG,GG,AA,7.18,Susceptible,Low,Standard,Medium
L0099,Davangere,Karnataka,Rabi,Black Cotton,Irrigated,430,25.5,58,AC,CC,GG,GG,GG,CC,GG,AT,CC,GG,AA,CC,CG,AT,TT,GG,GG,AT,TT,AG,GG,TT,TT,CT,TT,CC,TT,AT,GG,AA,TT,CC,AA,CC,GG,CG,GG,CC,GG,CC,TT,TT,AA,TT,AG,GG,TT,AA,CC,AC,GG,AA,AA,GG,CT,TT,AA,AA,TT,AA,AA,TT,AT,AG,TT,AT,CC,GG,TT,GG,AG,GG,CC,AA,AG,CC,AT,GG,GT,TT,GG,GG,GG,CC,AA,GG,AA,AT,CC,GT,AC,TT,CC,AT,GT,GG,TT,AC,TT,CC,CC,CG,GG,AA,TT,TT,CC,AA,AG,AA,CT,GG,TT,CC,TT,AA,AC,TT,CC,AG,CG,GG,CC,GT,CT,AA,CT,CC,CC,CC,AA,TT,CC,AA,CC,CC,AA,TT,AA,AA,GG,CT,CC,GG,AA,AA,AA,CC,GG,CG,CG,AA,AG,GG,TT,GG,AC,TT,CT,GG,CC,TT,TT,CT,CC,AT,TT,TT,AA,TT,GG,CC,AA,CC,CC,CC,CC,CC,AA,GG,GG,CC,TT,CC,GG,TT,GG,AT,NN,AG,TT,AC,GG,AA,AC,CC,GG,GG,AA,GG,TT,AA,AA,CG,GG,AT,CC,AA,AT,GG,TT,TT,AA,GG,GT,AA,CC,TT,GT,AA,GG,AA,CT,AA,TT,CC,TT,NN,CC,TT,CG,AA,CG,AG,CC,TT,TT,TT,CG,TT,AA,AA,AG,GG,NN,CC,GG,CC,GG,AT,AA,CC,TT,GG,CC,CG,AA,GG,CC,AA,CC,AA,AA,AC,GG,CC,TT,AA,GG,AA,AA,AC,AA,AG,AG,AA,AA,AT,NN,CC,AG,AC,AC,TT,AA,AG,GG,GG,GG,TT,AA,AA,TT,TT,TT,AA,AT,GG,CG,AA,7.82,Susceptible,Low,Premium,Medium
L0100,Davangere,Karnataka,Rabi,Black Cotton,Irrigated,430,25.5,58,CC,CT,GG,NN,GG,CC,GT,TT,CC,CC,AA,CC,CC,TT,TT,GG,CG,TT,TT,AA,CC,TT,TT,CT,AT,CC,TT,TT,GG,AA,TT,CT,AA,CC,GG,CG,GG,CG,GG,CC,TT,CT,AA,TT,AA,AG,TT,AT,CC,NN,GT,AA,AA,GG,CC,TT,AA,AA,GG,CC,AA,TT,TT,AG,CT,AT,CC,GG,TT,GT,AG,GT,CC,AG,GG,AA,AT,GG,GG,TT,GG,TT,GG,CC,AT,GG,AA,AA,CC,TT,AC,TT,TT,TT,NN,GG,TT,AC,NN,CC,CC,CC,GG,AA,NN,GT,CC,AA,GG,AA,CC,GG,TT,CC,TT,AA,AA,TT,CC,AG,CC,GG,CC,GG,TT,AA,CC,CC,AC,CC,AA,TT,AC,AA,CC,CT,AA,TT,AA,TT,GG,CC,CC,GG,AA,AA,AT,CC,GG,CC,CC,AA,AA,GG,GT,AG,AA,NN,CT,GG,CC,TT,TT,TT,CC,AT,GT,TT,AA,TT,GG,CC,AA,CT,CC,CC,GG,CC,AA,GG,AG,CC,TT,CG,GT,TT,GG,AT,AA,AA,TT,AC,GG,AA,NN,CC,GG,GG,AC,GG,TT,AA,AA,CC,GG,AA,CC,AA,AA,GG,TT,AA,AA,GG,GG,AA,CC,TT,GT,AA,GG,AA,CT,AA,AT,CC,TT,AA,CC,CT,GG,GG,CC,AA,CC,TT,TT,TT,GG,TT,AC,AC,AG,GG,CC,GG,GG,CG,GG,AA,AA,CC,TT,GG,CG,CC,AA,AG,CC,AT,CG,AT,AA,AC,CG,CC,TT,AA,CG,AA,AA,AA,AA,AG,AA,AG,AA,TT,GG,AC,AA,AC,AC,CC,AA,AA,GG,GG,CG,TT,AA,AG,GT,AT,TT,AG,TT,GG,GG,AA,8.21,Susceptible,High,Poor,Late
L0101,Davangere,Karnataka,Rabi,Black Cotton,Irrigated,430,25.5,58,AA,TT,GG,AA,GG,CC,GT,TT,CC,CG,AA,CC,CG,AT,TT,GG,GG,AT,TT,AA,CC,TT,GT,CC,TT,CT,GT,TT,GT,AA,CT,CC,AA,CC,GG,CC,GG,CG,GG,CC,TT,CT,AA,TT,AA,AG,CT,AT,CC,AA,GG,AT,AG,GG,CT,TT,AA,AA,GT,AA,AA,TT,AT,AA,TT,AT,CC,GG,TT,TT,GG,GG,AC,AA,GG,AC,AT,GG,TT,TT,GG,GG,GT,CC,AT,GG,AA,AA,CC,TT,CC,TT,CT,TT,TT,GG,TT,CC,GT,CC,CC,CG,AA,AG,AT,TT,CC,AA,AA,AA,CT,GG,NN,CC,GT,AA,AA,TT,CC,AA,CC,AA,CC,GT,TT,AA,CC,CC,AC,CG,AA,GT,AC,AA,NN,CT,AA,TT,AA,AA,GG,CC,CC,AG,AA,AG,AA,AA,GT,CC,CG,AA,GG,GG,TT,GG,AC,TT,TT,GG,AA,GT,GT,TT,CC,AA,TT,CT,AA,TT,GG,NN,AG,CC,CC,CC,GG,CC,AA,GG,AG,CC,TT,CC,NN,TT,GG,AT,AA,AA,TT,CC,GG,CC,CC,CC,NN,AG,AC,GG,TT,AC,AA,CC,GG,AA,CC,AA,AT,GG,TT,TT,AA,GG,GT,AA,CG,AT,TT,AA,GG,AA,TT,AA,TT,CC,TT,AC,CC,TT,CG,NN,CC,AA,AC,TT,CT,TT,GG,TT,AA,AC,AA,GG,CC,CC,NN,CC,GG,TT,AG,CC,TT,GG,CC,CC,AA,GG,CC,AA,CC,AA,AG,CC,GG,AC,AT,AA,GG,AA,AC,AC,AA,AA,AG,AA,AA,AT,GG,AA,AG,AC,AC,CT,AA,AA,CG,GG,GG,TT,AT,AA,TT,TT,TT,NN,TT,GG,CG,AA,5.7,Susceptible,Low,Standard,Medium
L0102,Davangere,Karnataka,Rabi,Black Cotton,Irrigated,430,25.5,58,AC,TT,GG,AA,GG,CC,GG,TT,CC,CC,AA,CT,CC,TT,TT,GG,CC,TT,NN,AA,CG,NN,GT,CC,TT,CC,GT,TT,GG,AA,TT,CT,AA,CC,GG,CG,GG,CG,GG,CC,TT,TT,AC,TT,AA,AA,TT,AT,CC,CC,GG,AT,AG,GG,CC,GT,AT,AC,GT,NN,AA,TT,AT,AA,CT,TT,CT,GG,TT,GG,AA,GG,CC,AA,AG,CC,AA,GG,GT,TT,GG,GG,GG,CC,AT,GG,AA,AT,CC,GT,AC,TT,CC,TT,GT,GG,CT,CC,TT,CC,CT,CC,AA,AA,TT,TT,CG,NN,AG,AA,CC,GG,TT,CC,TT,AC,NN,TT,CC,NN,CG,GG,CC,GT,TT,AG,CC,CG,AC,CG,AA,GT,CC,AA,CC,CT,AA,AT,AA,AT,GG,CC,CC,GG,AG,AA,AA,CC,GG,CC,CC,AA,AA,GG,TT,GG,AC,TT,TT,GG,CC,GT,TT,TT,CC,AT,GT,TT,AA,TT,GG,CG,AA,CT,CC,CC,GG,CC,AA,GG,AG,AC,TT,CC,GG,TT,GG,AT,AA,AA,TT,CC,GG,AA,CC,CC,GG,GG,AA,GG,TT,AC,AA,CC,GT,AA,CC,AA,AA,GG,TT,AA,AT,GG,GG,AA,CC,TT,NN,AA,GG,AA,CT,AA,TT,CC,TT,AC,CC,TT,CG,AA,CC,NN,CC,TT,TT,TT,GG,TT,AA,AC,AG,GG,CG,CC,GG,CC,GG,TT,AA,CC,GG,GG,CC,CC,AA,AG,CC,AA,CC,AA,AA,AC,GG,AC,TT,AA,GG,AA,AA,AC,AA,AG,AG,AA,AA,TT,GG,AA,AA,CC,AC,CT,AA,AA,GG,GG,GG,GT,AA,AA,GT,TT,TT,AA,TT,GG,GG,AC,6.71,Resistant,High,Poor,Late
L0103,Davangere,Karnataka,Rabi,Black Cotton,Irrigated,430,25.5,58,AA,TT,AG,AG,CG,CC,GT,NN,CC,CC,AA,CC,CC,TT,TT,GG,GG,TT,TT,AA,CC,GT,GT,CC,AT,CC,TT,TT,GG,AC,TT,CC,AG,CC,AG,CG,GG,GG,GG,CC,TT,TT,AA,GT,AA,AG,TT,TT,CC,AC,GT,AT,AA,GG,TT,TT,AA,AC,GT,AA,AA,TT,AA,AG,TT,AA,CC,GG,NN,TT,AA,GG,CC,AA,GG,CC,AA,GG,TT,TT,GG,GG,GG,AC,AA,GG,AA,AT,CC,TT,CC,TT,CT,TT,TT,GG,CT,CC,GT,CC,CC,CG,GG,AA,TT,TT,CG,AG,AA,AA,CC,GG,TT,CC,TT,AC,AC,TT,CC,GG,CC,GG,CC,GG,TT,AA,CT,CC,CC,CC,AA,TT,CC,AA,CC,CC,AA,TT,AA,AA,GG,CC,CC,GG,AA,AA,AA,CC,GG,CC,CC,AA,AA,GG,TT,NN,AC,GT,TT,GG,NN,GT,TT,TT,CG,AA,GT,TT,AT,AA,GG,CC,AG,TT,CC,CC,GG,CC,AA,GG,GG,CC,TT,CC,GG,TT,GG,AT,AA,AG,TT,CC,GG,AA,CC,CC,GG,AA,AA,GG,TT,AA,AA,CC,GG,AA,CC,AA,AT,GG,TT,TT,TT,CC,TT,AT,CC,AT,TT,NN,GG,AA,TT,AA,TT,CC,TT,AA,CC,TT,GG,AG,NN,AA,CC,TT,TT,NN,GG,AT,AA,CC,AG,GG,CC,CG,GG,CC,GG,AT,AA,CC,TT,GG,CC,CG,AA,GG,CC,AA,CC,AA,AA,CC,CC,AA,TT,AA,GG,AA,AA,AA,AA,AA,AG,AA,AA,AT,CC,AA,AG,CC,AA,CT,AG,AG,GG,GG,GG,TT,AA,AG,GG,TT,TT,AG,AT,GG,GG,AA,5.67,Susceptible,High,Poor,Late
L0104,Davangere,Karnataka,Rabi,Black Cotton,Irrigated,430,25.5,58,AC,TT,GG,AG,GG,CC,GG,TT,CC,GG,AA,CC,CC,AT,TT,GG,GG,TT,TT,AA,CC,TT,TT,CC,TT,CC,TT,TT,GG,AA,TT,CT,AA,CC,GG,GG,GG,CC,GG,NN,TT,CT,AC,TT,AG,AG,TT,TT,CC,CC,GT,AA,AG,GG,CC,GT,AA,AA,GT,AC,AA,GT,AT,NN,CT,AT,CT,GG,CT,GT,AG,GG,CC,AG,GG,AC,AT,GG,TT,TT,GG,GG,GT,CC,AA,AG,AA,AA,CC,GT,CC,TT,CT,TT,GT,GG,TT,CC,TT,CC,CC,CG,AA,AA,AT,TT,CC,AA,AG,AA,NN,GT,TT,CC,GT,AC,AA,TT,CG,GG,NN,AG,CC,GG,TT,AA,TT,CC,CC,CC,AA,TT,CC,AA,CC,CC,AA,TT,AA,NN,GG,CC,CG,GG,AG,AG,AA,CC,GG,CC,CC,AA,AA,GG,GT,GG,AA,GT,TT,AG,AC,TT,TT,CT,CC,AT,GG,TT,AT,TT,GG,CC,AA,CT,CC,CC,CG,AC,AA,GG,AG,CC,TT,CC,GG,TT,GG,TT,AA,AG,TT,CC,CC,AA,CC,CC,GG,GG,AC,GG,NN,AA,AA,CC,GG,AT,AC,AT,AA,GT,GT,AA,AT,CG,GG,AT,CC,TT,TT,AA,GG,AA,TT,AA,TT,CC,TT,AA,CC,CT,GG,AG,CC,AG,CC,AT,CT,TT,GG,TT,AA,AC,AA,GT,CC,CC,GG,CC,GT,TT,AA,CC,TT,GG,CC,CG,AA,AG,CG,AA,CG,TT,AA,CC,CG,CC,AT,AA,GG,AA,AA,AA,AA,AG,AG,AG,AA,TT,GG,AA,AA,CC,AA,CT,AA,AA,GG,GG,GG,GT,AA,AA,TT,TT,TT,AG,AT,GG,GG,AA,9.74,Susceptible,High,Poor,Medium
L0105,Davangere,Karnataka,Rabi,Black Cotton,Irrigated,430,25.5,58,AC,CT,GG,AG,GG,CC,GG,TT,CC,GG,AA,CC,CG,TT,GT,GG,CG,TT,TT,AA,CC,TT,TT,CC,TT,CT,TT,AT,GG,AA,TT,CC,AA,CC,GG,CC,GG,CC,GG,CC,TT,NN,AA,GT,AA,AG,TT,TT,CC,AC,GT,TT,AG,GG,CC,TT,AA,AA,GT,AC,AG,TT,TT,AA,TT,TT,CC,GG,TT,GT,AA,GG,CC,AA,GG,AC,AT,GG,TT,TT,GG,GG,GG,CC,AA,GG,AA,AA,CC,GT,CC,TT,CC,TT,TT,GG,CT,CC,GG,CC,CC,CC,GG,AA,TT,GT,CC,AG,AG,CC,CT,GG,GT,CC,TT,AA,AA,TT,CC,NN,CC,AG,CT,TT,TT,AA,CC,CC,AC,CC,AG,GT,CC,AA,CC,CT,AA,TT,AG,AA,GG,CT,CC,GG,AA,AA,AA,CC,GT,CC,NN,AA,AG,AG,TT,GG,AA,TT,CT,GG,CC,TT,TT,TT,CC,TT,TT,TT,AA,TT,GG,CG,AA,CC,CC,CC,CG,CC,AA,GG,AA,CC,TT,CC,GT,TT,GG,AT,NN,AA,TT,AA,CG,AA,CC,CC,GG,GG,AA,GG,TT,AA,AA,CC,GT,AA,CC,AA,AA,GG,TT,AA,AT,GG,GT,AA,CC,AT,TT,AA,AG,AA,TT,AA,TT,CC,TT,AC,CC,CT,GG,AA,CG,AA,CC,TT,TT,GT,GG,TT,AA,CC,AG,GG,CC,CC,GG,CC,GG,TT,AA,CC,TT,GG,CC,CC,AA,GG,CC,AA,CC,AA,AA,CC,CC,AC,TT,AA,GG,AA,AA,AC,AC,AG,AA,AA,AA,TT,GG,AA,AG,CC,AA,TT,AA,AG,GG,GG,GG,TT,AT,AA,GG,TT,TT,AA,AT,GG,GG,AA,7.75,Moderate,Medium,Standard,Late
L0106,Davangere,Karnataka,Rabi,Black Cotton,Irrigated,430,25.5,58,AC,CC,GG,AG,GG,CC,GG,TT,CC,CC,AA,CT,CC,TT,TT,GG,CG,TT,TT,AA,CC,TT,GT,CC,AT,CC,TT,TT,GG,AA,TT,CT,AA,CC,GG,CG,GG,CG,GG,CC,TT,TT,AA,TT,AA,AA,TT,AT,CC,AA,GT,AT,AA,GG,CC,TT,AA,AA,GG,AA,NN,TT,AT,AG,TT,TT,CC,GG,TT,GG,AG,GG,CC,AA,GG,AC,AT,GG,GT,TT,GG,GG,GG,CC,AT,GG,AG,AA,CC,GT,CC,TT,CC,TT,TT,GG,TT,CC,GT,CC,CC,CG,GG,AA,AT,TT,CC,AA,GG,AC,CC,GG,TT,CC,TT,AA,AA,TT,CG,AG,GG,GG,CC,GT,CT,AA,CC,CC,CC,CC,AA,TT,CC,AA,CC,CC,AA,TT,AA,AA,GG,CC,CC,GG,AA,AG,AA,CC,GT,CC,CC,AA,AA,AG,GT,GG,AA,TT,TT,AG,CC,TT,TT,TT,CG,AT,TT,TT,AA,TT,GG,NN,NN,CC,CC,CC,CC,CC,AA,GG,AA,CC,TT,CG,GG,TT,GG,TT,AG,AA,TT,CC,GG,AA,CC,CC,GG,GG,AA,CG,TT,AA,AG,CC,GT,NN,AC,AT,AT,GT,TT,TT,AA,CG,GG,AA,CC,TT,TT,AA,GG,AA,TT,AA,TT,CC,TT,CC,CC,CT,CG,AG,CC,AA,AC,TT,TT,GT,GG,TT,AC,CC,AA,GG,CC,CG,GG,CG,GG,AT,AG,CC,GT,GG,CG,CC,AT,AA,CC,AA,CC,AA,AA,AC,CG,CC,AT,AA,GG,AA,AA,AA,AC,GG,AA,AA,AA,TT,GG,AC,AA,AA,AC,TT,AA,AG,NN,GG,GG,GT,NN,AA,TT,TT,TT,AA,AT,GG,GG,AA,6.14,Susceptible,Low,Poor,Late
L0107,Davangere,Karnataka,Rabi,Black Cotton,Irrigated,430,25.5,58,AC,TT,GG,AA,GG,CC,GT,TT,CC,CC,AA,CC,CG,AT,TT,GG,CG,TT,TT,GG,CC,GT,TT,CC,TT,CC,TT,TT,GG,AA,TT,CC,AA,CC,GG,GG,GG,CC,GG,CC,TT,CT,AA,TT,NN,AG,CT,TT,CC,CC,GG,AA,AA,GG,CC,TT,AT,CC,GT,AC,AA,TT,TT,AA,TT,AA,CC,GG,TT,GG,AA,GG,CC,AA,AG,AC,TT,GG,TT,TT,GG,GG,NN,CC,TT,AG,AA,AA,CC,GT,CC,TT,CC,TT,TT,GG,TT,CC,TT,CT,TT,CC,AG,AA,TT,TT,CC,AA,AA,AC,CT,GG,TT,CC,TT,AC,AC,TT,CG,GG,GG,GG,CC,GG,CT,AG,CC,CC,AC,CC,AA,TT,AC,AA,CC,CC,AA,TT,AA,AT,GG,CT,CG,GG,AA,AG,AT,CC,GG,CC,CC,AG,AA,GG,TT,GG,AC,TT,TT,GG,AC,TT,TT,TT,CC,AA,TT,CT,AA,TT,GG,CC,AA,CT,CC,CC,CG,AC,AA,GG,AG,CC,TT,CC,GG,TT,GG,AT,AA,AA,TT,AC,GG,AA,CC,CG,GG,GG,AA,GG,TT,AA,AA,CC,GT,AA,AC,AA,AT,GG,TT,TT,AT,GG,GT,AT,CC,TT,GG,AA,GG,AA,CT,AA,TT,CC,TT,AC,AC,CT,GG,AA,CC,AA,CC,TT,CT,TT,GG,TT,AA,AC,AA,GG,CC,CG,GG,CC,GG,TT,AA,CG,GG,GG,CC,CC,AA,GG,CC,AA,CC,AA,AA,AC,CC,AC,TT,AA,GG,AA,AC,AA,AA,AG,AG,GG,AA,TT,GG,AA,AA,AC,NN,CC,AA,AA,GG,GG,GG,TT,AA,AA,TT,TT,AT,AG,TT,GG,GG,AA,5.82,Moderate,High,Poor,Late
L0108,Davangere,Karnataka,Rabi,Black Cotton,Irrigated,430,25.5,58,AA,TT,GG,AA,GG,CC,GG,TT,CC,CG,AA,CC,CC,TT,TT,NN,GG,TT,TT,AG,CC,TT,GT,CC,AT,CC,TT,TT,GG,AA,CT,CC,AA,CC,AG,GG,GG,CG,GG,AC,TT,CT,CC,TT,AA,GG,TT,TT,CC,AC,GT,AA,AA,GG,CC,TT,AA,AA,GT,AA,AA,NN,TT,AA,TT,TT,CC,GG,TT,GG,AA,GT,CC,AA,AG,AA,AA,GG,TT,TT,GG,GT,GG,CC,AA,GG,AA,AT,CC,GT,CC,TT,CC,TT,TT,GG,TT,CC,TT,CC,CC,CC,AG,AA,TT,TT,CC,AA,AA,AA,CT,GG,TT,CG,GT,AA,AA,TT,CC,AG,CC,GG,CC,GG,CT,AA,CC,CC,CC,CC,AG,TT,AC,AA,CC,CC,AG,AT,AA,AT,GG,CT,CC,GG,AA,AG,AT,NN,NN,CC,CC,AA,AA,GG,GT,GG,AC,TT,TT,GG,CC,GT,GT,CT,CG,AA,TT,CC,AA,AA,GG,CC,AA,CC,AC,CC,CG,CC,AA,GG,AA,CC,TT,CC,GG,TT,CG,AT,AA,AA,TT,CC,GG,AA,AC,CC,GG,GG,AA,CG,TT,AC,AA,CC,GG,AA,CC,AT,AT,GT,TT,NN,TT,GG,GT,AT,CC,AT,GT,AA,GG,AA,CT,AA,TT,CC,CT,AA,CC,TT,GG,AG,CC,AA,CC,AT,CT,GT,GG,TT,AC,AC,AG,GG,CC,CC,GG,CC,GG,AT,AA,CG,TT,GG,CG,CC,AA,GG,CC,AA,CC,AT,AA,CC,CC,CC,TT,AA,CG,AT,AA,AA,AC,AG,AG,AG,AA,TT,CG,AC,AG,CC,AA,CT,AA,AA,GG,GG,GG,TT,AA,AA,GT,TT,TT,AA,AT,GG,GG,AA,6.32,Susceptible,Low,Premium,Early
L0109,Davangere,Karnataka,Rabi,Black Cotton,Irrigated,430,25.5,58,AC,TT,GG,AG,NN,CC,GG,TT,CC,CC,AA,CC,CG,TT,GG,GG,CG,TT,TT,AG,CC,GT,GT,CC,AT,CC,TT,AT,GG,AA,TT,CC,AA,CC,GG,GG,GG,CG,GG,CC,TT,TT,AC,TT,AG,AG,TT,AT,CC,AC,GG,TT,AA,GG,CC,TT,AT,AA,TT,AC,AG,GG,AT,AG,CT,AT,CC,GG,TT,GT,AG,GG,AC,AA,GG,AC,TT,GG,TT,TT,GG,NN,GG,CC,AA,GG,AA,AA,CC,GT,AA,TT,CT,TT,TT,AG,CT,AC,GT,CC,CT,CG,AG,AA,TT,TT,CC,AA,AG,AC,CC,GG,TT,CC,GT,AA,AC,TT,CC,AG,CC,GG,CT,GT,TT,AA,CC,CC,CC,CC,AA,TT,CC,AA,CC,CT,AG,TT,AA,AT,GG,CC,CC,GG,AA,AG,AA,CC,GT,CC,CC,AA,AA,AG,GT,AG,AC,GT,CT,GG,NN,TT,TT,TT,CC,AT,TT,TT,AA,NN,GG,CC,AA,NN,CC,CC,CG,CC,AT,GG,AA,CC,TT,CC,GT,TT,GG,TT,AA,AA,TT,CC,GG,AC,CC,CC,GG,GG,AC,CG,TT,AA,AA,CC,GG,AA,CC,AA,AT,GG,TT,AT,AA,CG,TT,AT,CC,AT,GT,AA,GG,AA,CT,AA,TT,CC,TT,AA,CC,CT,GG,AA,CC,AA,CC,AT,TT,NN,GG,TT,AA,CC,AA,GG,CC,CG,GG,CC,GG,AT,AA,CC,TT,GG,CC,GG,AA,AG,CG,AA,CC,AA,AA,CC,CG,AC,AT,AA,GG,AA,AA,CC,AC,GG,AG,AG,AA,TT,GG,AA,AG,CC,AC,CC,AA,NN,CG,GG,GG,TT,AA,AA,TT,TT,TT,AG,TT,GG,CG,AA,6.37,Susceptible,Low,Poor,Medium
L0110,Davangere,Karnataka,Rabi,Black Cotton,Irrigated,430,25.5,58,AC,TT,GG,AG,GG,CG,GG,AT,CC,CG,AA,CC,CG,TT,NN,NN,GG,TT,TT,AA,CC,TT,TT,CC,TT,CC,TT,TT,GG,AA,TT,CC,AA,CC,GG,CG,GG,CC,GG,CC,TT,CT,AA,GG,AA,AA,CT,TT,CC,AC,GG,AA,AA,GG,CC,GT,AA,AA,GT,AC,AA,TT,AT,AA,CT,TT,CC,GG,TT,GG,AA,GG,CC,AA,GG,AC,AA,AG,TT,TT,GG,GG,GG,CC,AA,GG,AA,AA,CC,TT,CC,TT,CC,AT,TT,GG,TT,AC,GG,CC,CC,CC,AG,AA,AT,TT,CG,AA,AA,AA,NN,GG,TT,NN,TT,AC,AA,TT,CG,AG,CC,GG,CC,GT,TT,AG,CT,CC,CC,CC,AA,TT,CC,AA,CC,CC,AA,TT,AG,TT,GG,CT,CC,GG,AA,NN,AA,CC,GG,CG,CC,AG,NN,GG,TT,GG,AA,GT,NN,GG,CC,TT,GG,CT,CC,AA,GG,NN,AA,TT,CG,CC,AA,CT,CC,NN,GG,AC,AA,GG,AG,CC,TT,CG,TT,GT,GG,TT,AA,AG,TT,AC,GG,AC,CC,CC,GG,GG,AA,GG,TT,AA,AA,CC,GG,AA,CC,AA,AA,GT,TT,TT,AA,CG,GT,AT,CC,AT,TT,AA,GG,AA,TT,AA,TT,CC,TT,AA,AC,TT,GG,AG,CC,GG,CC,TT,TT,TT,GG,NN,AC,AC,AA,GT,CC,CC,GG,CC,GG,TT,AG,CG,TT,GG,CC,CC,AA,GG,CG,AA,CC,AA,AA,CC,CC,AA,TT,AA,GG,AA,AA,AC,AA,GG,AG,AA,AA,TT,GG,AA,AA,AA,AA,CC,AA,AA,GG,GG,CG,TT,AT,AA,GT,TT,TT,AG,AT,GG,GG,AA,7.37,Moderate,Medium,Premium,Early
L0111,Davangere,Karnataka,Rabi,Black Cotton,Irrigated,430,25.5,58,AC,TT,GG,AG,GG,CC,GT,TT,CC,CG,AA,CC,CC,AT,GT,GT,CC,TT,TT,GG,CC,TT,TT,CT,TT,CC,TT,AT,GG,AA,TT,CC,AA,AC,AG,GG,GG,CG,GG,CC,TT,CT,AC,GT,AA,AA,TT,AT,CC,CC,TT,AT,AA,GG,CC,GT,AA,AA,GT,AA,AA,GT,NN,AA,TT,TT,CC,GG,TT,GG,AA,GG,CC,AA,AG,AC,AA,NN,TT,TT,NN,GT,GG,CC,AA,GG,AA,AA,CC,GG,CC,TT,CT,AT,NN,GG,CT,CC,TT,CC,CC,CG,NN,AG,AA,TT,CC,AA,AA,AC,TT,GG,TT,CG,GT,AC,AA,TT,CC,GG,CC,AG,CC,GT,TT,AA,CC,CG,CC,CC,AA,TT,CC,AA,CC,CT,AA,TT,AA,AA,GG,CC,CC,GG,AA,AG,AA,CC,GT,CC,CC,AA,AA,GG,TT,GG,CC,GT,CC,GG,CC,TT,TT,TT,GG,AA,TT,TT,AA,AA,GG,CC,AA,CT,CC,AC,CG,AC,AT,GG,GG,CC,TT,CC,TT,TT,CG,TT,AG,AA,TT,CC,GG,AA,NN,CC,NN,AG,CC,GG,TT,AC,AA,CC,GG,AA,AC,AT,AT,GG,TT,TT,AA,GG,GT,AA,CG,TT,TT,AA,GG,AG,CT,AA,TT,CC,TT,AC,CC,TT,GG,GG,CG,AG,CC,TT,TT,GT,GG,TT,AA,CC,AG,GG,CC,CG,GG,CC,GG,TT,AA,CC,TT,GG,CC,NN,AA,GG,CC,AA,CC,AT,AA,CC,CG,CC,TT,AA,CG,AA,AA,AA,AA,GG,AA,AA,AA,TT,GG,AC,AG,AC,AA,TT,AG,AG,GG,GG,GG,TT,AA,AG,TT,TT,TT,AA,AT,GG,GG,AA,6.1,Moderate,Medium,Poor,Late
L0112,Davangere,Karnataka,Rabi,Black Cotton,Irrigated,430,25.5,58,AA,TT,GG,AG,GG,CC,GT,TT,CC,CC,AA,CT,CC,TT,GT,GG,GG,TT,TT,AA,CC,GT,GT,CC,TT,CC,TT,TT,GG,AA,CT,CT,AA,CC,GG,GG,GG,CC,GG,CC,TT,TT,AA,TT,AA,AA,CT,AT,CC,AC,GG,AA,AA,GG,CT,TT,AA,AC,TT,AC,AG,GT,TT,AG,TT,TT,CC,GG,TT,TT,AG,GG,CC,AA,GG,AC,AT,GG,TT,CC,GG,GG,GT,CC,AT,GG,AA,AA,NN,GT,CC,TT,TT,TT,TT,AG,TT,CC,TT,CT,CT,CC,AA,AA,TT,TT,CG,AA,GG,AA,CC,GG,TT,CC,TT,AA,AA,TT,CC,GG,CG,GG,CC,GT,TT,AA,CC,CC,CC,CC,AG,TT,CC,AA,AC,CC,AG,AT,AA,AA,CG,CC,CG,GG,AA,AA,AA,CC,GG,CC,CC,AG,GG,AG,TT,GG,AC,TT,CT,GG,AC,GT,GT,TT,CG,AA,TT,TT,AA,AT,GG,CC,AG,CC,CC,CC,GG,CC,AA,GG,AG,CC,NN,CC,GT,TT,GG,AT,AA,AA,TT,CC,GG,AA,AC,CC,GG,GG,AA,GG,TT,AC,AA,CC,GG,AA,AC,AT,AA,GG,TT,TT,AA,NN,GT,AA,CG,TT,TT,AA,GG,AA,CT,AA,TT,CC,TT,AC,CC,TT,CG,AG,CC,AA,CC,TT,TT,GG,GG,TT,AA,CC,AA,GG,CC,CC,GG,CC,GG,AT,AA,CC,GG,GG,CC,CC,AA,GG,CG,AA,CC,AA,AA,CC,CC,AC,AT,AA,GG,AA,NN,AA,AA,GG,GG,AA,AA,AT,GG,AA,AG,AC,AC,CT,AA,AA,GG,GG,GG,GT,NN,AG,GT,TT,AT,AA,TT,GG,GG,AC,8.7,Resistant,Medium,Poor,Medium
L0113,Davangere,Karnataka,Rabi,Black Cotton,Irrigated,430,25.5,58,AC,TT,GG,AG,GG,CG,GG,AT,CC,CC,AA,CT,CC,TT,TT,GG,CG,TT,TT,AG,CC,GT,TT,CC,TT,CC,TT,TT,GG,AA,TT,CT,AA,CC,GG,GG,GG,GG,GG,CC,TT,CC,AA,GT,AA,GG,CT,TT,CC,AA,GG,AA,AA,GG,CC,TT,AA,AA,GG,AC,AA,GT,AT,AA,TT,TT,CC,GG,TT,GG,AA,GG,CC,AA,AG,CC,TT,GG,TT,TT,GG,GT,GT,CC,AT,GG,AA,AA,CC,GT,AC,TT,CC,AT,TT,GG,TT,CC,NN,CC,CT,CG,GG,AA,TT,NN,CC,AA,AA,AA,NN,GG,TT,CC,TT,AA,AA,TT,CC,GG,CC,GG,CC,GG,TT,AA,CC,CC,AC,CC,AA,TT,CC,AC,CC,CT,AA,TT,AG,AA,GG,CT,CC,GG,AA,AA,AA,CC,GT,CC,CC,AA,AA,GG,TT,GG,AC,NN,NN,GG,CC,TT,TT,CT,CC,AA,GG,TT,AT,TT,CG,CC,AG,TT,CC,CC,CG,AC,AA,GG,AG,CC,TT,CC,GT,TT,GG,TT,AA,AA,TT,CC,GG,AA,AC,CC,GG,NN,CC,GG,TT,CC,AA,CC,GG,AT,AC,AA,TT,GG,TT,AT,AA,GG,GG,AT,CC,TT,GT,AA,GG,AA,CC,AA,TT,CC,TT,AA,AC,TT,GG,AG,CC,AA,AC,TT,TT,GT,NN,TT,AA,CC,AA,GG,CC,CC,GG,CG,GG,AT,AA,CC,TT,GG,CC,CC,AA,AG,CG,AA,CC,AT,AA,CC,CC,AC,TT,AA,GG,AA,AA,AA,AA,AA,AG,AA,AA,TT,GG,AA,GG,AA,AA,TT,AA,AA,GG,GG,GG,TT,AA,AA,GT,TT,TT,GG,NN,GG,GG,AA,6.39,Susceptible,Medium,Premium,Late
L0114,Davangere,Karnataka,Rabi,Black Cotton,Irrigated,430,25.5,58,AA,TT,AG,AG,GG,CC,GT,AT,CC,CC,AA,CT,CG,TT,TT,GG,GG,TT,TT,AA,CC,TT,TT,CC,TT,CC,TT,TT,GG,AC,TT,CC,AA,CC,GG,GG,GG,CC,GG,CC,TT,CT,AA,TT,GG,AG,TT,AT,CC,CC,GT,AA,AA,GG,CC,TT,AA,AA,GG,AA,AA,GT,AT,AG,TT,TT,CC,GG,TT,GG,AA,TT,CC,AA,AG,AA,TT,GG,TT,TT,GG,GG,GT,CC,AA,GG,AG,AT,CC,TT,CC,TT,CC,TT,TT,GG,TT,CC,GT,CC,TT,CC,GG,AA,TT,TT,CC,AA,AG,AA,CC,GG,TT,CG,TT,AA,AC,TT,CC,GG,CC,GG,CT,GT,CT,AA,CC,CC,CC,CC,AA,TT,CC,AA,AC,CC,AG,TT,AA,AA,GG,CT,CC,GG,AA,AG,AA,CC,GG,CC,CC,AA,AA,AA,TT,AG,AA,GT,TT,GG,NN,GT,GT,TT,CG,AA,GT,CT,AA,TT,GG,CC,AA,CC,CC,CC,CG,AC,AA,GG,AA,CC,TT,CC,GT,TT,CC,TT,AA,AA,TT,CC,GG,CC,CC,CC,GG,GG,CC,GG,TT,AA,AA,CC,GG,AA,CC,AA,AA,GG,TT,AT,AT,GG,TT,AT,CC,AA,TT,AA,GG,AA,TT,AA,TT,CC,TT,AC,CC,TT,CG,AG,CC,AG,CC,TT,TT,GG,GG,TT,AA,CC,AA,GG,CC,CC,GG,CC,GG,TT,AA,CG,TT,GG,CC,CG,AA,GG,CC,AA,CC,AA,AA,AC,CC,AC,TT,AA,GG,AA,AC,AA,AA,GG,AA,AA,AA,AT,GG,AA,NN,AA,CC,CC,AA,AA,GG,GG,GG,TT,AA,GG,TT,TT,TT,AA,AT,GG,CG,AC,7.72,Resistant,Low,Standard,Medium
L0115,Davangere,Karnataka,Rabi,Black Cotton,Irrigated,430,25.5,58,AA,TT,AG,AG,GG,CC,GG,AT,CC,GG,AT,CC,GG,TT,TT,GG,CG,TT,TT,AA,CC,TT,GG,CC,TT,CC,TT,TT,GG,AA,CT,CT,AA,CC,GG,CC,GG,CG,GT,CC,TT,CC,AA,TT,AG,GG,CT,TT,CC,CC,GG,AA,AA,GG,CT,TT,AA,AA,GG,AC,AG,TT,TT,AA,TT,TT,CC,GG,TT,GG,AG,GG,CC,AG,AG,AC,AT,GG,TT,TT,GG,GG,GT,CC,AA,GG,AA,AA,CC,GT,AC,TT,CC,TT,TT,AG,TT,CC,GG,CC,CC,CC,GG,AA,AT,TT,CG,AA,AG,AC,CC,GG,GT,CC,TT,AA,AA,AT,CG,AG,CC,GG,CC,GT,CT,AA,CC,CC,AC,CC,AA,TT,AC,AA,CC,CC,AA,TT,AA,AA,GG,CC,CC,GG,AA,AG,AA,CC,GG,CC,CC,AA,AA,GG,TT,GG,AA,TT,TT,GG,CC,GT,GT,TT,CC,AA,TT,TT,AT,TT,GG,CC,AG,CC,CC,CC,GG,CC,AA,NN,AA,CC,TT,CG,TT,TT,GG,TT,AA,AG,TT,AC,GG,AA,CC,CC,GG,GG,AC,CC,TT,AA,GG,NN,GG,NN,CC,AA,AA,GT,TT,AT,AT,CG,GT,AA,CC,NN,GT,AA,GG,AA,TT,AC,TT,CC,CT,AA,CC,TT,GG,AG,CC,AG,CC,TT,CT,TT,GG,TT,AC,AC,AA,GG,CC,CC,GG,CC,GG,TT,AA,CG,GT,GG,CC,CC,AT,GG,CG,AT,CC,AA,AA,CC,CC,AC,TT,AA,GG,AA,AA,AA,AC,GG,AA,AA,AA,TT,GG,AA,AA,CC,AA,TT,AA,AA,GG,GG,GG,TT,AT,AA,TT,TT,TT,AG,TT,GG,CG,AA,9.55,Moderate,Low,Premium,Late
L0116,Davangere,Karnataka,Rabi,Black Cotton,Irrigated,430,25.5,58,AA,TT,GG,AG,GG,CC,GG,AT,CC,CG,AT,CT,CC,AT,TT,GT,CG,TT,TT,AA,CG,GT,TT,CT,TT,CC,TT,TT,GG,AA,TT,CC,AA,CC,GG,GG,GG,CC,GG,CC,TT,TT,AA,GT,AA,AG,TT,AT,CG,CC,GT,AA,AA,GG,CT,TT,AA,AC,TT,AA,AA,TT,AT,AA,TT,TT,CC,GG,TT,GG,AA,GG,CC,AA,AG,AC,AT,GG,TT,TT,AG,GG,GG,CC,AT,GG,AG,AA,CC,GG,CC,TT,CT,AT,TT,GG,CT,CC,TT,CT,CT,CG,GG,AA,AT,TT,CC,AA,AG,AA,CC,GT,TT,CG,TT,AA,AA,TT,GG,GG,CC,GG,CC,GG,TT,AG,CC,CC,CC,CC,AA,TT,AC,AA,CC,CT,AA,TT,AA,AA,GG,CC,CC,GG,AA,AA,AA,CC,GG,CC,CC,AA,AA,AG,TT,AG,AA,TT,CT,GG,CC,TT,TT,CT,CG,AT,GT,TT,AT,TT,GG,CC,AA,CT,CC,AC,CG,CC,NN,GG,AG,CC,TT,CC,TT,TT,GG,AT,AA,AA,TT,CC,GG,AC,AC,CC,GG,GG,AA,GG,NN,AA,AG,CC,GT,AA,AC,AA,AT,GG,TT,TT,AT,CG,GG,AA,CC,TT,GT,AA,GG,AA,TT,AA,TT,CC,TT,AA,CC,TT,GG,AA,CC,AG,CC,AT,TT,TT,GG,TT,AA,CC,AA,GG,CC,CC,GG,CC,GG,TT,AA,CC,GT,AG,CC,CC,AT,GG,CC,AA,CC,AT,AA,CC,CG,AC,AT,AA,GG,AT,AA,AA,AA,GG,AA,AA,AA,TT,CG,AA,AA,AC,AA,TT,AA,AA,GG,GG,CG,TT,AA,AA,TT,TT,TT,NN,AT,GG,NN,AA,7.71,Susceptible,Low,Premium,Medium
L0117,Davangere,Karnataka,Rabi,Black Cotton,Irrigated,430,25.5,58,AC,CT,GG,AG,GG,CC,GG,AA,CC,CG,AA,CC,CG,TT,TT,GT,CG,TT,AT,NN,CC,GT,GT,CC,TT,CC,TT,TT,GG,AA,TT,CC,AA,CC,GG,GG,GG,CC,GG,CC,TT,CT,AA,GT,AA,NN,TT,TT,CC,AC,GT,AA,AA,GG,CC,GG,AA,AA,GT,AA,AA,GT,AT,AG,TT,TT,CC,GG,TT,GG,AA,GT,CC,AA,AG,AA,AA,GG,TT,TT,GG,GG,GG,CC,AA,GG,AA,AT,CC,GG,CC,TT,CT,AT,GT,AG,CT,CC,TT,CC,CT,CC,GG,AG,TT,TT,CC,AA,AG,AA,CT,GG,TT,CC,GT,AC,AA,TT,CC,GG,CC,AG,CC,GG,NN,AA,CC,CC,CC,CG,AA,GT,CC,AA,CC,CC,AA,TT,AA,AA,GG,CC,CC,GG,AA,GG,AT,CC,GG,CC,CC,AA,AA,GG,GT,GG,AA,GG,CC,GG,CC,TT,GG,CT,CC,AT,GT,TT,AA,TT,GG,CC,AG,CT,CC,CC,GG,CC,NN,GG,AA,CC,TT,CC,GT,GT,GG,AA,AA,AA,TT,CC,CG,AA,CC,CC,GG,GG,AC,GG,TT,AC,AA,CC,GT,AA,CC,AA,AA,GT,TT,AT,AA,GG,TT,AT,NN,TT,NN,AA,GG,AA,CT,AA,TT,CC,CT,AA,CC,CT,GG,AG,CC,GG,CC,TT,TT,GT,GG,AT,AA,CC,AA,GG,CC,CG,GG,CC,GG,AT,AA,CC,TT,GG,CC,CC,AA,AG,CG,AT,CC,AA,AA,CC,CG,CC,TT,AA,GG,AA,AA,CC,AA,AG,AG,AA,AA,TT,GG,CC,AA,CC,CC,CT,AA,AA,GG,GG,GG,TT,AT,AG,TT,NN,TT,AG,TT,GG,GG,AA,8.64,Resistant,Low,Premium,Medium
L0118,Davangere,Karnataka,Rabi,Black Cotton,Irrigated,430,25.5,58,AC,TT,GG,AG,GG,CC,GT,TT,CC,CC,AT,CC,CG,AT,TT,GT,GG,TT,TT,AA,CC,GT,TT,CT,NN,CC,TT,TT,TT,AA,TT,CC,AG,CC,GG,CG,GG,CC,GG,CC,TT,CT,AA,GT,AA,GG,TT,TT,NN,CC,GT,AA,AG,GG,CC,TT,AA,AA,GT,AA,AA,TT,AT,AA,NN,TT,CC,GG,TT,GG,AA,GG,CC,AG,AG,AC,AT,GG,TT,TT,GG,GT,GG,CC,AA,GG,AA,AA,CC,TT,CC,TT,CT,AA,TT,AG,TT,CC,TT,CC,CC,CG,GG,NN,TT,TT,CC,AA,AG,AA,CC,GG,TT,NN,TT,AA,AA,TT,CC,GG,CG,GG,CT,GT,TT,AA,CT,CC,CC,GG,AA,NN,CC,AA,CC,CC,AA,AT,AA,AA,CG,CC,CC,AG,AA,GG,AA,CC,GT,CC,CC,AG,AG,AG,GT,GG,AC,TT,CT,AG,CC,GT,TT,CT,NN,AT,TT,TT,AA,TT,GG,CC,AG,CT,CC,CC,CG,CC,AA,GG,AA,CC,TT,CC,GT,TT,GG,TT,AA,GG,TT,CC,CG,AA,AC,CC,GG,GG,AA,GG,TT,AA,AA,CC,GG,AT,AA,AT,AA,GG,TT,TT,AT,GG,GT,AA,CC,TT,TT,AA,GG,AA,TT,AC,TT,CC,CT,AC,CC,TT,GG,AG,CG,GG,AC,TT,TT,TT,GG,TT,AA,CC,AA,GG,CC,CG,GG,CC,GG,TT,AA,CC,TT,NN,CG,CC,AA,AG,CC,AT,CC,AA,AA,AC,CG,AC,AT,AA,CG,AA,AA,AA,AA,GG,AA,AA,AA,TT,GG,AA,AA,AC,AC,CT,AA,AA,GG,GG,GG,GT,AT,AG,TT,TT,TT,AG,TT,GG,CG,AA,8.25,Moderate,High,Premium,Medium
L0119,Davangere,Karnataka,Rabi,Black Cotton,Irrigated,430,25.5,58,AA,TT,GG,GG,GG,CC,GG,AT,CC,CG,TT,CC,CG,TT,GT,GG,GG,TT,TT,AA,CC,GT,TT,CC,TT,CC,TT,TT,NN,AA,TT,CC,AA,CC,GG,GG,GG,CG,GG,CC,TT,CC,AA,TT,AG,GG,TT,TT,CC,AA,GG,AT,AG,GG,CC,TT,AA,AC,GT,AC,AA,TT,AA,AG,TT,AT,CC,GT,TT,GG,AG,GG,CC,AA,AG,AC,AT,AG,GT,TT,GG,GG,GT,CC,AA,GG,AA,AT,CC,GT,CC,TT,TT,AT,TT,GG,NN,CC,GT,CC,CC,CG,GG,AG,TT,TT,CC,AA,AA,AA,CC,GG,TT,CC,TT,NN,AA,AT,CC,AG,CG,GG,CT,GG,TT,AA,CT,CC,CC,CC,AA,TT,CC,AA,CC,CC,AA,TT,AA,AA,CC,CC,CC,AG,AA,AG,AA,CC,GG,CC,CC,AA,AA,NN,GT,GG,AC,TT,CT,GG,AA,TT,TT,CT,CC,AA,GT,CT,AA,AT,GG,NN,AG,CT,CC,CC,CC,CC,AA,GG,AG,CC,TT,CG,GG,TT,GG,AT,AA,AG,TT,CC,GG,AA,CC,CC,GG,GG,AA,GG,TT,AA,AG,CC,GG,AA,CC,AA,AA,GG,GT,TT,AT,NN,GT,AT,CC,TT,TT,AA,GG,AA,TT,AA,TT,NN,CT,AA,CC,CT,GG,GG,CC,AG,CC,TT,TT,GT,GG,AT,AA,CC,AA,GG,CC,CG,GG,CG,NN,TT,AA,CG,GG,GG,CC,CG,AA,GG,CC,AA,CC,AA,AA,AC,CC,CC,TT,AA,GG,AA,AA,AA,NN,GG,AA,AA,AA,TT,GG,AC,AG,AC,AC,TT,AA,AA,GG,AG,GG,TT,AA,AA,TT,TT,TT,AA,AA,GG,GG,AA,5.79,Susceptible,Medium,Poor,Medium
L0120,Davangere,Karnataka,Rabi,Black Cotton,Irrigated,430,25.5,58,AC,TT,GG,AG,GG,CC,GG,AT,CG,CC,AA,CC,CC,TT,TT,GT,CG,TT,TT,AA,CC,GT,GT,CT,TT,CC,TT,TT,GG,NN,TT,CC,AG,CC,GG,GG,GT,GG,GG,CC,TT,CT,NN,TT,AA,GG,TT,AT,CC,AC,GT,AA,GG,GG,CC,GT,AA,AC,GT,AA,AA,TT,AT,AG,TT,AT,CT,GG,TT,GG,AA,GT,AC,AA,GG,AC,AA,GG,TT,TT,GG,GG,GG,CC,AA,GG,AA,AT,CG,GT,AC,TT,CC,TT,TT,GG,TT,AC,GT,CC,CC,GG,GG,AG,AT,TT,CC,NN,AG,AA,CC,GG,TT,CG,GT,AA,AA,TT,CG,GG,CC,AG,CC,GG,CT,AA,CC,CC,AC,CC,AA,TT,CC,AA,CC,CC,AA,AT,AA,AA,GG,CC,CC,AG,AA,AG,AA,CC,GT,CC,CC,AA,AA,AG,GT,GG,AC,TT,TT,GG,CC,GG,TT,TT,CC,AA,TT,CT,AA,AT,GG,CC,GG,CC,CC,CC,GG,CC,AA,GG,GG,CC,TT,CC,GT,GT,CG,AT,AA,AG,TT,CC,CG,AA,CC,CG,GG,GG,CC,GG,TT,AA,AA,CC,GG,AT,AC,AA,AT,GG,TT,AT,AA,GG,GG,AT,CG,TT,GT,AA,GG,AA,TT,AA,TT,CC,TT,AA,CC,TT,GG,GG,CC,AG,NN,TT,CT,GT,GG,TT,AA,AC,AA,GG,CC,CC,GG,CC,GG,TT,NN,CC,TT,GG,CC,CC,AA,AG,CG,AA,CC,AA,AA,AC,CG,CC,TT,AA,GG,AA,AC,AA,AA,NN,AA,AA,AA,TT,CC,AC,AG,CC,AA,CT,AA,AA,GG,GG,GG,TT,AT,AA,GT,TT,TT,AG,TT,GG,CG,AA,7.34,Susceptible,Low,Premium,Medium
L0121,Davangere,Karnataka,Rabi,Black Cotton,Irrigated,430,25.5,58,AC,TT,GG,AA,GG,CC,GG,TT,CC,CC,AA,CC,GG,TT,GT,GG,CG,TT,NN,GG,CG,TT,TT,CC,TT,CC,TT,TT,GT,AA,TT,CC,NN,CC,GG,GG,GG,CG,GG,CC,TT,CT,AA,GT,AA,GG,TT,AT,CC,AC,GG,AA,AA,GG,CC,TT,AT,AA,GT,AC,AG,TT,TT,AA,TT,TT,CC,GG,TT,GT,AG,GG,CC,AA,GG,AA,AA,GG,GT,TT,GG,GT,GT,CC,AA,GG,AA,AA,CC,NN,CC,NN,CT,AT,GG,NN,CT,CC,GT,CC,CT,CG,GG,AA,AT,TT,CG,AA,AA,AC,CC,GG,TT,CC,TT,CC,AA,AT,GG,AG,CG,GG,CC,GG,TT,AG,CC,CC,AC,CC,NN,GG,CC,AA,CC,CC,AA,TT,AA,AT,CG,CC,CC,AG,AA,AG,AA,CC,GG,CC,CC,AA,AG,AG,TT,GG,AC,TT,CC,GG,CC,GT,TT,TT,CC,AA,TT,TT,AT,TT,GG,CC,AA,CC,CC,CC,CG,AC,AA,GG,AA,AC,TT,CC,GT,TT,GG,TT,AA,AA,TT,CC,GG,AA,CC,CC,GG,GG,AA,GG,TT,AC,AA,CC,GG,AT,CC,AA,AT,GT,TT,TT,AT,GG,GG,AT,CC,AT,GT,AA,GG,AA,TT,AA,TT,CC,CT,AC,CC,TT,GG,AG,CG,AA,CC,TT,CT,GT,GG,TT,AA,AC,AG,GG,CC,CC,GG,CC,GT,AA,AA,CC,TT,GG,CC,CG,AT,AG,GG,AA,CC,AA,AA,CC,CG,AC,TT,AA,GG,AA,AC,AA,AA,AA,NN,AA,AA,AT,GG,AA,GG,CC,CC,TT,AG,AA,GG,GG,NN,TT,AA,AA,GT,TT,TT,GG,AT,GG,GG,AA,8.66,Susceptible,Medium,Standard,Medium
L0122,Davangere,Karnataka,Rabi,Black Cotton,Irrigated,430,25.5,58,AC,TT,GG,AA,GG,CC,GG,AT,CC,CG,AA,CT,CC,AT,TT,GT,CG,TT,TT,AG,CC,TT,GT,CC,TT,CC,TT,TT,GG,AA,TT,CC,AA,CC,GG,CG,GG,CG,GG,CC,TT,CT,AA,TT,AA,AG,TT,TT,CC,CC,GG,AT,NN,GG,CC,GT,AT,AC,GG,AC,AA,NN,TT,AA,TT,AT,CC,GG,TT,GT,AA,GG,CC,AA,AA,AC,AA,GG,TT,TT,GG,GG,GG,CC,NN,GG,AA,AA,CC,GG,CC,TT,CT,TT,TT,GG,TT,CC,GT,CC,CC,CG,GG,AA,TT,TT,CC,AA,AG,AA,CT,GG,TT,CC,TT,AA,AC,TT,CC,AG,CG,GG,CC,GG,CC,AA,CC,CC,CC,CC,AA,TT,CC,AA,CC,CC,AA,TT,AA,AT,CG,CT,CC,GG,AA,AG,AT,AC,NN,CC,CG,AA,AA,GG,TT,GG,AC,GT,CT,GG,CC,GT,GT,TT,CC,AA,TT,CT,AA,TT,CG,CC,AA,TT,CC,CC,GG,CC,AA,AG,AA,CC,TT,CC,GT,NN,GG,AT,AA,AG,TT,CC,GG,AA,CC,CG,GG,GG,AA,CG,TT,AA,AA,CC,GT,AA,CC,AA,AT,GG,GT,AT,AA,GG,GG,AA,NN,TT,TT,AA,GG,AA,CT,AA,TT,CC,CT,AA,CC,CT,GG,GG,CC,AG,AC,TT,CC,GT,GG,TT,AA,AC,AA,GG,CC,CG,GG,CC,GG,AT,AA,CG,TT,GG,CC,NN,AA,GG,CC,AA,CC,AA,AA,AC,CC,AC,AT,AA,GG,AA,AA,CC,AA,AA,NN,AA,AA,AT,GG,AA,AA,AC,AC,TT,AA,AA,GG,GG,GG,TT,AA,AA,GT,TT,TT,AG,TT,GG,GG,AA,7.59,Moderate,Medium,Standard,Early
L0123,Davangere,Karnataka,Rabi,Black Cotton,Irrigated,430,25.5,58,AC,TT,GG,AG,GG,CC,GT,AT,CC,CG,AA,CT,CG,AT,TT,GG,GG,TT,TT,AG,CG,TT,TT,CC,NN,CC,TT,TT,GG,AA,TT,CC,AA,CC,AG,CG,GG,CC,GG,CC,TT,TT,AA,GT,AA,GG,TT,AT,CC,AC,GT,AT,AA,GG,CT,TT,AA,AC,GT,AC,AA,TT,AT,AA,TT,AT,CC,GG,TT,GG,AA,GG,CC,AA,GG,AA,TT,NN,TT,TT,GG,GG,TT,CC,AT,GG,AA,AA,CC,TT,AC,TT,CT,AT,TT,GG,TT,NN,TT,CC,CT,GG,GG,AA,TT,TT,CG,AA,AA,AA,CC,GG,TT,CC,TT,AA,AA,TT,CG,GG,CC,GG,CC,GG,CT,AG,CC,CC,CC,CG,AA,TT,NN,AA,CC,CT,AA,AT,AA,AT,GG,CC,CC,GG,AG,AA,AA,CC,GT,CG,CC,AA,AG,GG,TT,GG,AA,TT,CT,GG,CC,GT,TT,TT,CC,AT,TT,NN,AA,AT,GG,CC,AG,CT,CC,AC,GG,CC,AA,GG,AG,CC,TT,CC,GT,TT,CG,AT,AA,AA,TT,CC,GG,AA,AC,CC,GG,GG,AA,GG,TT,AA,AA,CC,GG,NN,CC,AA,AA,GG,TT,AT,AA,CG,GT,AA,CG,TT,GT,AA,GG,AA,CT,AC,TT,CC,CT,AC,CC,TT,GG,AA,CC,AA,CC,TT,CC,GT,GG,TT,AA,CC,AA,GG,CC,CG,GG,CC,GG,AT,AG,CG,TT,GG,CC,CC,AA,GG,CG,AT,CC,AA,AA,AC,CC,AA,TT,AA,GG,AA,AA,AA,AA,AG,AG,AA,AA,AT,GG,AA,AA,AA,AA,CT,AA,AA,GG,GG,GG,TT,AA,AA,TT,TT,TT,AA,TT,GG,CG,AA,6.69,Moderate,Medium,Premium,Medium
L0124,Davangere,Karnataka,Rabi,Black Cotton,Irrigated,430,25.5,58,AC,TT,GG,AG,GG,CC,TT,AT,CC,CC,AA,CC,CC,TT,TT,GT,GG,TT,TT,AA,CC,GT,GT,CC,TT,CC,TT,TT,GG,AA,CT,CC,AA,CC,GG,GG,GG,GG,GG,CC,TT,CT,AA,GT,AA,AG,TT,TT,CC,AA,GT,AT,AA,GG,CT,TT,AA,AC,GT,AA,AA,TT,TT,AG,TT,AT,CC,GG,CT,GT,AA,GG,AC,AA,GG,AC,AT,GG,TT,TT,GG,GT,GG,CC,AA,GG,AA,AA,CC,TT,CC,TT,CT,TT,GT,GG,TT,CC,TT,CC,CT,GG,AG,AA,TT,TT,CG,AA,AA,AA,CC,GG,TT,CC,TT,AA,AA,TT,CC,AG,CC,GG,CT,GG,CT,AG,CC,CC,CC,CC,AA,GT,CC,AA,CC,CC,AG,TT,AA,AT,GG,CC,CC,GG,AA,AA,AA,AC,GT,CG,CC,AG,AA,GG,GT,GG,NN,TT,CT,GG,AC,GT,TT,TT,CC,AA,TT,TT,AT,TT,GG,CC,AG,CC,AC,CC,GG,CC,AA,GG,GG,CC,GT,CC,GT,TT,CG,TT,AA,AA,TT,CC,GG,AC,CC,CC,GG,AG,AC,GG,TT,AC,AA,CC,GG,AT,CC,AA,AA,GG,TT,TT,AT,CG,GT,AT,CC,AT,TT,AA,GG,AA,TT,AA,TT,CC,TT,AC,CC,TT,GG,AG,CG,AA,CC,TT,CT,TT,GG,TT,AA,AC,GG,GG,CC,CG,GG,CG,GG,AA,AA,CG,TT,AG,CG,GG,AA,GG,CC,AT,CC,AA,AA,AC,CC,CC,AT,AA,GG,AT,AA,CC,AA,GG,GG,AA,AA,TT,CG,AC,AA,AC,AA,CT,AA,AA,GG,GG,GG,TT,AA,AG,GT,TT,TT,AA,TT,GG,CG,AA,7.53,Susceptible,Low,Poor,Late
L0125,Davangere,Karnataka,Rabi,Black Cotton,Irrigated,430,25.5,58,AC,CT,AG,AG,GG,CG,GG,AT,CC,CC,AA,CC,CG,TT,TT,GG,GG,TT,AT,AG,GG,TT,GT,TT,TT,CC,TT,AT,GT,AA,TT,CC,AA,CC,GG,GG,GG,CC,GG,CC,TT,CT,AA,GT,AG,GG,TT,AT,CC,AC,GT,AA,AA,GG,CT,GT,AA,AA,GT,NN,AA,TT,AT,GG,TT,AA,CC,GG,TT,GG,AG,GT,CC,AA,AG,AC,AA,GG,GT,TT,GG,GG,GG,CC,AT,GG,AG,AA,CC,GG,CC,GT,CT,TT,GT,GG,TT,CC,TT,CC,CC,CG,AG,AA,TT,TT,CC,AA,AG,AA,CT,GG,TT,CC,TT,AC,AA,TT,CC,GG,CC,AG,CT,TT,TT,AG,CT,CC,CC,CC,AA,TT,CC,AA,CC,CC,AA,TT,AA,AT,GG,CC,CC,AG,AG,AG,AA,CC,GT,CC,CC,AA,AG,AG,TT,GG,AA,TT,CT,GG,AC,TT,TT,TT,CC,AA,GT,TT,AT,TT,GG,CC,AA,TT,AC,CC,GG,CC,AA,GG,AA,CC,TT,CC,GT,TT,CG,TT,AA,AA,TT,CC,GG,AA,AC,CG,GG,GG,AA,GG,CT,AC,AA,CC,GG,AT,AC,AT,AA,GG,TT,AT,AT,GG,GT,AT,CG,AT,TT,AA,NN,AA,TT,AA,TT,CC,TT,CC,CC,TT,CC,AA,CC,AG,CC,TT,CT,GG,GG,TT,AA,AC,AA,GG,CC,CG,GG,CC,GG,AT,AA,GG,GT,GG,CC,CC,AA,AG,CC,AT,CC,AA,AA,AC,CC,CC,TT,AA,CG,AA,AA,AA,AA,AG,AA,AG,AA,TT,GG,AA,AG,CC,AA,CT,NN,AA,GG,GG,GG,TT,AA,AA,TT,TT,TT,AG,AA,GG,GG,AA,4.13,Susceptible,High,Standard,Late
L0126,Davangere,Karnataka,Rabi,Black Cotton,Irrigated,430,25.5,58,CC,TT,AG,AG,GG,CC,GT,TT,CC,GG,AA,CC,GG,TT,GT,GG,CG,TT,TT,AA,CC,TT,GT,CC,TT,CC,TT,TT,GG,AC,TT,CC,AA,CC,GG,GG,GG,CG,GG,CC,TT,TT,AA,TT,AG,GG,TT,TT,CC,AC,GG,AA,AG,GG,CC,TT,AA,AA,GG,AA,AA,GT,TT,AA,TT,AT,CC,GG,TT,GG,AA,GG,CC,AA,GG,AC,AT,GG,TT,TT,AG,GG,GT,AC,AA,GG,AA,AA,CG,GT,CC,TT,CC,AT,TT,AG,CT,CC,TT,CC,CC,CC,GG,AA,TT,TT,CC,AA,AA,AA,CC,GG,TT,CC,TT,AA,CC,TT,CC,AG,CC,GG,CC,GG,TT,AA,CC,CC,CC,CG,AA,GT,CC,AA,CC,CC,AA,AT,AA,AA,GG,CC,CC,GG,AA,AG,AA,CC,GG,CC,CC,AA,AA,GG,TT,AG,AC,GT,TT,GG,CC,TT,GT,TT,CG,AA,GT,TT,AT,TT,GG,CC,AA,CC,CC,CC,GG,CC,AA,GG,AA,CC,TT,CC,GT,TT,GG,TT,AA,AG,TT,CC,CG,AA,CC,CC,GG,GG,CC,GG,TT,AA,AG,CC,GG,AT,CC,AA,AA,GG,TT,TT,AA,GG,GG,AT,CG,AT,GT,AA,GG,AG,CC,AC,TT,CC,TT,AC,CC,TT,GG,AA,CC,AA,CC,TT,TT,GT,GG,TT,AA,CC,AA,NN,CC,CC,GG,CG,GG,AT,AA,CC,TT,AG,CC,CG,AA,AG,CC,AT,CG,AA,AA,CC,CC,AC,TT,AA,GG,AA,AA,AC,AA,GG,AA,AA,AA,TT,CG,AA,AA,CC,AA,TT,AA,AA,GG,AG,GG,TT,AT,AA,TT,TT,TT,AG,AT,CG,GG,AA,7.61,Susceptible,Medium,Premium,Medium
L0127,Davangere,Karnataka,Rabi,Black Cotton,Irrigated,430,25.5,58,AC,TT,GG,AA,CG,CG,GG,TT,CC,CC,AA,CC,CG,TT,TT,TT,GG,TT,TT,AA,CC,GT,GT,CC,TT,CC,GG,TT,GG,AC,TT,CC,AA,CC,GG,GG,GG,CC,GG,CC,TT,TT,AA,TT,AG,GG,TT,AA,CC,AC,GG,AT,AA,GG,CT,TT,AA,AC,GG,AC,AA,TT,NN,GG,TT,AT,CC,GG,TT,GG,AG,GT,AC,AA,GG,AA,AA,GG,TT,TT,GG,GG,GG,CC,AT,GG,AA,AA,NN,TT,CC,TT,CC,TT,GT,GG,CT,CC,TT,CC,CT,CG,AG,AA,AT,TT,CC,AA,AA,AA,CC,GG,TT,CC,TT,AA,AC,TT,CC,AG,CC,GG,CC,TT,NN,AG,CC,CC,CC,CC,AA,TT,CC,AA,CC,CC,AA,TT,AA,AT,CG,CC,CC,GG,AG,AG,AA,AC,GT,CC,CC,AA,AA,GG,GG,AG,AC,NN,TT,AG,CC,TT,GT,CT,CG,AT,TT,TT,AT,TT,GG,CC,AA,CC,CC,CC,GG,CC,AA,GG,AA,CC,TT,CC,GT,GT,GG,AT,AA,AG,TT,CC,CG,AA,CC,CC,GG,GG,AA,CG,TT,AC,AA,CC,GG,AT,AC,AA,AT,GG,TT,TT,AA,GG,GT,AA,CC,AT,GG,AA,GG,AA,TT,AC,TT,CC,TT,AC,CC,CT,GG,AG,CC,AA,AC,TT,CT,GT,GG,TT,AA,AC,AA,GG,CC,CC,GG,CC,GG,TT,AA,CG,TT,AG,NN,CC,AT,GG,CG,AT,CG,AA,AA,CC,CC,AC,AT,AA,GG,AA,AA,AC,AA,AA,AA,AA,AA,TT,GG,AC,AG,AC,AA,CT,AA,AA,GG,GG,GG,TT,AT,AA,GT,TT,TT,AA,TT,GG,GG,AC,6.23,Moderate,Low,Premium,Medium
L0128,Davangere,Karnataka,Rabi,Black Cotton,Irrigated,430,25.5,58,AC,TT,GG,AG,GG,CC,GG,TT,CC,CC,AA,CC,CC,TT,TT,GG,GG,TT,TT,AA,CC,TT,TT,CT,TT,CC,GT,AT,GT,AA,TT,CC,AA,CC,GG,GG,GG,CG,GG,CC,TT,TT,AA,TT,AA,GG,CT,AT,CC,AA,GG,NN,AA,GG,CC,GT,AA,AA,GG,AA,AA,GT,AT,AA,TT,AT,CC,GG,TT,GT,AA,GG,CC,AA,GG,AA,AT,AG,GT,TT,GG,TT,GG,CC,AA,GG,AA,AA,CG,GT,CC,TT,CC,TT,TT,GG,TT,AC,GT,NN,CT,CC,AG,AA,TT,TT,CC,AA,AA,AA,NN,GG,GG,CG,TT,AA,AA,TT,CC,GG,CC,GG,CC,GG,TT,AG,CT,CC,CC,CC,AA,TT,AC,AA,CC,CC,AA,TT,AA,AA,GG,CC,CC,GG,AA,AA,AA,AC,GG,CC,CG,AA,AA,GG,TT,GG,AA,TT,TT,GG,AC,TT,GT,TT,CC,AT,TT,NN,AT,AT,GG,CC,AA,CT,AC,CC,GG,CC,AA,GG,AG,CC,TT,CC,GG,GT,GG,TT,AA,AA,GT,CC,GG,AA,AC,CC,GG,GG,AA,GG,TT,CC,AA,CG,GG,AA,AC,AA,AA,GG,TT,AT,AA,CG,GT,AT,CC,AT,TT,AA,GG,AA,NN,AA,TT,CC,CT,AC,CC,TT,NN,AG,CC,AG,AC,TT,TT,TT,GG,TT,AA,CC,AA,GG,CG,CC,GG,CC,GG,TT,AG,CC,TT,GG,CC,CG,AA,AG,CC,AT,CC,AA,AA,CC,CG,NN,AT,AA,GG,AA,AA,CC,AA,AG,AA,AA,AA,TT,GG,AC,AG,CC,AA,TT,AG,AA,GG,GG,GG,TT,AA,AA,TT,TT,TT,AG,TT,GG,GG,AA,5.35,Moderate,High,Premium,Medium
L0129,Davangere,Karnataka,Rabi,Black Cotton,Irrigated,430,25.5,58,AC,CT,GG,AG,GG,CC,GG,AT,CC,CG,AA,CC,CG,AT,TT,GT,CG,TT,TT,AA,CC,GG,TT,CC,AT,CC,GT,AT,GT,AA,TT,CC,AA,CC,GG,GG,GG,CC,GG,CC,TT,TT,AA,TT,AA,AG,TT,AT,CC,AC,GG,AA,AG,GG,CT,GG,AA,AA,TT,AA,AG,TT,AT,AG,TT,TT,CT,GG,TT,GT,AG,GT,CC,AA,GG,AA,AT,GG,TT,TT,GG,GG,GT,NN,AA,GG,AA,AA,CC,TT,AC,TT,CT,TT,TT,GG,TT,CC,TT,CC,CC,GG,NN,AA,TT,TT,CG,AA,AG,AA,CT,GG,GT,CC,TT,AC,NN,TT,CC,AG,CG,GG,CT,GT,TT,AA,CC,CC,CC,CC,AA,TT,CC,AA,CC,CC,AA,TT,AA,AA,GG,CC,CC,GG,AA,GG,AA,CC,GT,CC,CC,AA,NN,GG,TT,GG,AA,GT,CT,AG,CC,GT,TT,TT,CC,AT,TT,CT,AA,AA,GG,CC,AG,CC,CC,CC,GG,AC,AA,GG,AG,AC,TT,CC,GG,TT,CG,AT,AA,AG,TT,CC,GG,AA,CC,CC,GG,GG,AC,GG,TT,AA,AG,CC,GG,AT,CC,AA,AA,GT,TT,AT,AT,CG,GG,AA,CC,TT,GT,AA,GG,AA,TT,AA,TT,CC,CT,AA,CC,TT,GG,AG,CC,AA,AC,TT,TT,TT,GG,AT,AA,NN,AG,GG,CC,CC,GG,CC,GG,TT,AA,CC,TT,GG,CC,CC,AA,GG,CC,AA,CG,AA,AA,AC,CC,NN,TT,AA,GG,AT,AA,AA,AA,GG,AG,AA,AA,TT,GG,AC,AG,AC,AC,TT,AA,AA,GG,GG,GG,TT,AA,AA,GT,TT,TT,AA,TT,GG,GG,AA,6.31,Moderate,Low,Poor,Late
L0130,Davangere,Karnataka,Rabi,Black Cotton,Irrigated,430,25.5,58,AC,CT,AG,AG,GG,CC,TT,AT,CC,CC,AA,CC,CC,TT,TT,GG,GG,TT,TT,AA,CC,TT,GG,CT,TT,CC,GT,AT,GG,AA,TT,CC,AA,CC,GG,GG,GG,CC,GG,CC,TT,TT,AA,TT,GG,AG,CT,TT,CC,AA,GT,AA,AG,GG,CC,GG,AT,AA,GG,AA,AA,GT,AT,AA,TT,TT,CC,GG,TT,GG,AG,GG,CC,AA,AA,CC,AT,AG,TT,TT,GG,GG,GG,CC,AT,GG,AA,AA,CC,GT,CC,TT,CC,TT,TT,GG,CT,CC,TT,CC,CC,CG,AG,AA,AT,TT,CC,AA,AG,AA,CT,GG,NN,CG,GT,AA,AA,TT,CC,GG,CC,GG,CC,TT,CT,AA,CT,CG,AC,CC,AA,TT,CC,AA,CC,CT,AA,TT,AA,AA,GG,CC,CC,GG,AG,AA,AA,CC,GG,CC,CG,AG,AA,GG,TT,GG,AC,TT,CT,GG,CC,GT,TT,TT,CC,AA,GT,TT,AA,TT,GG,CC,AG,CT,CC,CC,GG,CC,AA,GG,AG,CC,TT,CC,GT,TT,GG,AT,AA,AA,TT,CC,GG,AA,NN,NN,GG,GG,AC,GG,TT,AC,AA,CC,GG,AA,CC,AA,AT,GG,GT,TT,AA,GG,GG,AT,CC,AT,GT,NN,GG,AA,TT,AC,TT,CC,TT,CC,CC,TT,GG,AG,CC,AG,CC,TT,TT,GT,GG,TT,AA,CC,AG,GT,CC,CG,GG,CC,GG,TT,AG,CC,GT,GG,CC,CC,AA,AG,CC,AA,CC,AA,AA,AC,CG,AC,TT,AA,GG,AA,AA,AC,NN,AA,GG,AG,AA,TT,GG,AC,AG,AC,NN,TT,AA,AA,GG,GG,GG,TT,AA,AA,TT,TT,AT,AG,TT,GG,GG,AA,5.77,Susceptible,Medium,Poor,Early
L0131,Davangere,Karnataka,Rabi,Black Cotton,Irrigated,430,25.5,58,AA,TT,GG,AG,GG,CC,GG,AT,NN,CG,AA,CT,CG,AT,TT,GG,CG,TT,TT,AA,CC,GT,GT,CC,TT,CC,TT,TT,GG,AA,TT,CT,AA,CC,GG,CG,GG,CC,GG,CC,TT,TT,AA,TT,AA,AG,TT,AT,CC,CC,GG,AA,AG,GG,CC,GT,AA,AC,GT,AA,AA,TT,TT,AA,TT,AT,CC,GG,CT,GG,AA,GG,CC,AA,GG,CC,AA,GG,TT,TT,GG,GG,GG,CC,AA,GG,AA,AA,CC,TT,AC,TT,CT,TT,TT,GG,TT,CC,TT,CT,CT,CG,AG,AA,TT,GT,CC,AA,AA,AA,CC,GG,TT,CC,TT,AA,AA,TT,CG,GG,CG,GG,CC,GT,TT,AA,CC,CC,CC,CC,AG,TT,CC,AC,CC,CC,AA,TT,AA,AA,GG,CC,CC,GG,AG,AA,AA,CC,TT,CC,CC,AA,NN,GG,TT,AG,AA,TT,TT,GG,CC,GT,TT,TT,GG,AA,TT,TT,AA,AT,GG,CC,AG,CT,CC,CC,CG,AC,AA,GG,AA,NN,TT,CG,TT,TT,GG,AT,AA,AA,TT,CC,GG,AA,AC,CC,GG,GG,AA,GG,TT,AC,AG,CC,GG,AT,CC,AA,AA,GG,TT,AT,NN,GG,GG,AA,CC,AT,GT,AA,GG,AA,TT,AA,TT,CC,TT,AA,CC,CT,CG,AG,CG,AG,CC,TT,CT,GT,GG,TT,AC,AC,AG,GG,CC,CC,GG,CC,GG,TT,AG,CC,GT,GG,CC,CG,AA,AG,CC,AT,CC,AA,AA,CC,CC,NN,TT,AA,GG,AA,AA,AA,AA,AA,AG,AG,AA,TT,GG,AA,AA,AA,AA,CT,AA,AG,CG,GG,CG,TT,AA,NN,TT,NN,TT,AA,AT,GG,GG,AC,7.47,Resistant,Medium,Standard,Late
L0132,Davangere,Karnataka,Rabi,Black Cotton,Irrigated,430,25.5,58,AC,TT,GG,AA,GG,CC,GT,AT,CC,CG,AA,CT,CC,AT,TT,GG,GG,TT,AT,AG,CC,TT,GT,CC,TT,CC,TT,TT,NN,AA,TT,CC,AA,CC,AG,GG,GG,CG,GG,CC,TT,CT,AA,TT,AG,AG,TT,TT,CG,AC,GG,AA,AG,GG,NN,TT,AA,AA,GG,AA,AA,TT,NN,AA,TT,AT,CC,NN,TT,GG,AA,GG,CC,AA,GG,AA,TT,GG,GT,TT,GG,GG,GT,CC,AA,GG,AA,AA,CC,GT,CC,TT,CC,TT,TT,GG,TT,CC,GG,CC,CC,CC,AG,AA,TT,TT,CC,AA,AG,AC,CC,GG,TT,CG,TT,AA,AA,TT,CC,GG,CC,GG,CC,GG,TT,NN,CC,CC,CC,CC,AA,GT,CC,AA,CC,CC,AA,TT,AA,AT,CG,CC,CC,GG,AA,AA,AA,AC,GG,CC,CC,AA,AA,AG,TT,GG,AC,TT,TT,AG,CC,TT,TT,TT,CG,AT,TT,TT,AA,TT,GG,CC,AA,CC,CC,CC,CC,AC,AA,GG,GG,CC,TT,CC,GT,GT,GG,AA,AA,AA,TT,CC,GG,AA,CC,CC,CG,GG,AC,GG,CT,AA,AA,CC,GG,AA,CC,AT,TT,GT,TT,AT,AT,CG,GT,AA,CC,AT,GG,AA,GG,AA,CC,AA,TT,CC,TT,AA,CC,TT,GG,AA,CC,AG,AC,TT,TT,GT,GG,TT,AA,CC,AA,GG,CC,CC,GG,CC,GG,TT,AA,CC,TT,GG,CC,CC,AA,GG,CG,AA,CC,AA,NN,AA,CG,AC,AT,AA,CG,AA,AA,AC,AA,GG,AA,AG,AA,AT,GG,AA,AG,AC,AA,CT,AA,AG,CG,GG,GG,TT,AA,NN,GT,TT,TT,AA,TT,GG,GG,AA,6.26,Moderate,Low,Standard,Medium
L0133,Davangere,Karnataka,Rabi,Black Cotton,Irrigated,430,25.5,58,NN,TT,GG,AG,GG,CG,GG,AT,CC,CG,AA,CC,CG,TT,GT,NN,GG,TT,TT,AG,CC,TT,GT,CC,TT,CT,TT,AT,GT,AA,TT,CC,AA,CC,NN,GG,GG,CC,GG,AC,TT,CT,AC,TT,AA,AG,TT,TT,CC,AC,GG,AT,AA,GG,CC,GT,AT,AA,GG,AA,AA,TT,AT,AA,TT,TT,CC,GG,TT,GT,AA,GG,CC,AA,GG,AC,AT,GG,GT,TT,GG,GG,GG,CC,AA,GG,AA,AA,CC,TT,CC,TT,CT,TT,TT,AG,TT,CC,TT,CT,CT,CC,AG,AA,AT,GT,GG,AA,AG,AA,CC,GG,GT,CG,TT,AA,AC,AT,CC,GG,CC,GG,CC,GG,CT,AA,CC,CC,NN,NN,AA,TT,CC,AA,CC,CC,AA,TT,AA,AA,GG,CC,CC,AA,AA,GG,AT,CC,GT,CC,CC,AG,AA,GG,GT,GG,AC,TT,CT,GG,AC,GG,GT,TT,CC,AA,TT,TT,AA,AT,CG,CC,AA,CC,CC,CC,GG,CC,AA,GG,AG,CC,TT,GG,GT,TT,GG,AT,AA,AA,TT,CC,GG,AC,AC,CG,GG,AG,AC,GG,TT,CC,AA,CC,GG,AA,NN,AA,AT,GT,TT,AT,AT,GG,GT,AA,CG,AT,GT,AA,GG,AA,CT,AA,TT,CC,TT,AA,CC,CT,GG,GG,NN,AA,CC,TT,CT,TT,GG,NN,AA,AC,AG,GG,CC,CC,GG,CC,GG,TT,AA,CC,GT,GG,CG,CG,AA,GG,CC,AA,CC,AA,AA,CC,CG,CC,NN,AA,GG,AT,AC,AC,AA,GG,AA,AA,AG,TT,GG,AC,AA,AC,AA,CT,AA,AA,GG,GG,GG,TT,AT,AG,TT,TT,TT,AA,TT,GG,CG,AA,7.7,Moderate,Low,Poor,Early
L0134,Davangere,Karnataka,Rabi,Black Cotton,Irrigated,430,25.5,58,CC,CT,AG,AG,GG,CC,GT,TT,CC,CG,AA,CT,CC,TT,TT,GT,GG,TT,TT,AA,CC,TT,TT,CC,AT,CC,TT,TT,GG,AA,CT,CC,AA,CC,GG,CC,GG,CG,GG,CC,TT,TT,AA,TT,AG,AG,CT,TT,CC,AC,GG,AA,NN,GG,CC,TT,AA,AC,GT,CC,AG,GT,AT,AA,TT,AT,CC,GG,TT,GG,GG,GG,CC,AA,GG,AC,AA,GG,TT,TT,GG,GG,GT,CC,AA,GG,GG,AT,CC,GT,NN,TT,CC,TT,TT,GG,TT,CC,GT,CT,CC,CC,AG,AG,AT,GT,CC,AA,AA,AA,CT,GG,GT,CG,TT,AC,AA,TT,CC,AG,CC,GG,CT,GG,TT,AA,CC,CC,CC,CC,AA,TT,NN,AA,CC,CC,AA,TT,AG,NN,GG,CC,CC,GG,AA,AG,AA,AC,GT,CC,CC,AA,AG,GG,TT,GG,CC,TT,CT,NN,CC,TT,TT,CC,CC,AA,TT,TT,AA,TT,GG,CC,AG,CT,CC,NN,GG,CC,AA,GG,AG,CC,TT,CC,GT,TT,GG,TT,NN,AA,GT,NN,GG,AA,CC,CC,GG,GG,AA,GG,TT,AA,AG,CC,GT,AT,CC,AA,AA,GG,GT,AT,AT,CG,GT,AT,CC,TT,TT,AA,GG,AG,CT,AA,TT,CG,TT,AA,CC,TT,GG,AA,CC,AA,CC,TT,TT,TT,GG,TT,AA,CC,AA,GG,CC,CC,GG,CC,GG,AT,AA,CC,TT,GG,CC,CC,AA,GG,CC,AA,CC,AA,AG,AC,CG,CC,TT,AA,CG,AA,AA,AC,AC,AG,AA,GG,AA,TT,GG,AA,AA,AC,AA,TT,AA,AA,GG,GG,GG,TT,AA,AA,TT,TT,TT,AA,AT,GG,GG,AA,6.64,Moderate,Low,Standard,Early
L0135,Davangere,Karnataka,Rabi,Black Cotton,Irrigated,430,25.5,58,NN,TT,GG,GG,NN,CC,GG,AT,CC,NN,AA,CC,CC,AT,TT,GG,GG,TT,TT,AG,CC,TT,TT,CT,TT,CC,GT,TT,GT,AA,TT,CC,AA,CC,GG,GG,GG,CG,GG,CC,GT,CT,AA,TT,AG,AG,TT,AT,CC,CC,GG,AA,AA,GG,CT,TT,AA,AA,TT,CC,AA,TT,AT,AA,CT,AT,CC,GG,TT,GT,AG,GG,CC,AA,GG,AA,AT,GG,TT,TT,GG,GT,GT,CC,AA,GG,AA,AT,CC,GT,CC,TT,CC,AT,TT,GG,CT,CC,GG,CC,CT,CC,GG,AA,AT,TT,CG,AG,AG,AA,CT,GG,TT,CC,TT,AA,AA,AT,CC,NN,CG,GG,CC,GT,TT,AG,CC,CC,CC,CC,AA,TT,AC,NN,CC,CC,AA,TT,AG,AT,GG,CC,CC,GG,AA,AG,AA,CC,GG,CG,CC,AA,AA,GG,TT,AG,AA,GT,CT,GG,AA,TT,TT,TT,CG,AA,TT,TT,AA,TT,GG,CG,AA,CC,CC,CC,CG,CC,AA,GG,AA,CC,TT,CC,TT,GT,GG,TT,AG,AA,TT,CC,GG,AC,AC,CC,GG,GG,AC,GG,TT,AA,AA,CC,GG,AT,AC,AA,AA,GG,TT,TT,AT,CG,GG,AA,CC,TT,TT,AA,GG,AA,TT,AA,TT,CC,TT,AA,AC,CT,GG,AA,CG,AG,CC,TT,CT,GG,GG,TT,AA,CC,AG,GT,CC,CC,GG,CC,GG,AT,AA,CC,GT,GG,CC,CC,AA,AG,GG,AA,CC,AA,AA,CC,CC,CC,TT,AA,GG,AA,AA,AC,AA,AA,AG,AA,AA,AT,GG,AA,AA,AC,AA,CC,AA,AG,GG,GG,GG,TT,AT,AG,TT,TT,TT,AG,AT,GG,NN,AA,5.98,Resistant,Low,Poor,Late
L0136,Davangere,Karnataka,Rabi,Black Cotton,Irrigated,430,25.5,58,AC,TT,GG,AG,GG,CC,TT,TT,CC,CG,AA,CC,NN,TT,GT,GG,CG,TT,TT,AA,CC,GT,TT,CC,AT,CC,GT,AT,GG,AA,TT,CC,AG,CC,AG,CG,GG,GG,GG,AC,TT,TT,AC,TT,AA,GG,CT,AA,CC,AC,GT,AA,AG,GG,CC,TT,AA,AA,GT,AA,AA,TT,TT,AG,TT,TT,CC,GG,TT,GG,GG,GG,CC,AG,GG,AC,AT,GG,GT,TT,GG,TT,GG,CC,AA,GG,AA,AA,CC,GT,CC,TT,CT,TT,GT,GG,CT,AC,NN,CC,CC,CC,AG,AG,TT,TT,CG,AA,AG,AA,CC,GG,TT,CC,TT,AA,AA,TT,CC,AG,CG,GG,CC,GG,CT,AG,CT,CC,CC,CC,AG,TT,CC,AA,CC,CC,AA,TT,AA,AA,GG,CT,NN,GG,AA,AA,AA,CC,GT,CC,CC,AG,AG,AG,GT,GG,AA,TT,CT,GG,CC,TT,GG,TT,CC,AA,TT,CT,AT,NN,CG,CC,AA,CC,CC,CC,CG,AC,AT,GG,AA,CC,TT,CC,GT,TT,CG,TT,AA,AA,TT,CC,GG,AC,CC,CC,GG,AG,AC,GG,TT,AC,AA,CC,GG,AA,CC,AA,TT,GT,TT,AT,AT,GG,TT,AA,CC,TT,TT,AA,GG,AA,CT,AA,TT,CC,TT,AA,CC,TT,GG,AA,CC,AA,AC,TT,TT,TT,GG,TT,AC,CC,AG,GT,CC,GG,GG,CC,GG,TT,AA,CG,TT,AG,CC,CC,AT,GG,CG,AT,CC,AA,AA,AC,GG,AC,TT,AA,GG,AA,AC,AC,AC,AG,AG,AA,AA,TT,CG,AA,AG,AA,AA,CT,AG,AG,GG,GG,GG,GT,AA,AA,GT,AT,TT,AG,TT,GG,GG,AC,8.31,Resistant,Low,Premium,Medium
L0137,Davangere,Karnataka,Rabi,Black Cotton,Irrigated,430,25.5,58,CC,TT,GG,AA,GG,CC,GT,TT,CC,CC,AA,CC,CC,TT,TT,GG,GG,TT,TT,AA,CG,GT,NN,CC,TT,CC,TT,AT,GT,AA,CT,CT,AA,CC,GG,GG,GG,CC,GG,CC,TT,CT,AA,TT,AG,AG,TT,TT,CC,CC,TT,AT,AA,NN,CT,TT,AA,AA,GT,AC,AA,TT,AT,AG,TT,AT,CC,GG,TT,GG,AA,GG,CC,AA,GG,CC,AT,GG,TT,TT,GG,GT,GG,CC,AA,GG,AA,AT,CC,GT,CC,TT,CC,TT,TT,AG,TT,CC,GT,CC,CC,CG,AG,AA,TT,TT,CC,AA,AA,AA,CC,GG,TT,CC,GT,AC,AA,TT,CC,AA,CG,AG,CC,TT,TT,AA,CC,CC,CC,NN,AA,TT,CC,AA,CC,CC,AA,TT,AA,TT,GG,CC,CC,GG,AG,AA,AA,CC,GT,CC,CC,AA,GG,AG,TT,AG,AC,GT,CC,GG,CC,TT,TT,TT,CC,AT,TT,TT,AT,TT,GG,CC,AA,CT,AC,CC,GG,CC,AA,GG,AG,CC,TT,CC,GG,TT,GG,AA,AA,AA,TT,CC,GG,CC,CC,CC,GG,GG,CC,GG,TT,AA,AA,CC,GG,AT,CC,AA,AT,GG,TT,AT,AA,GG,TT,AT,CC,AT,TT,AT,GG,AA,TT,AA,TT,NN,TT,AA,CC,CT,GG,AG,CC,GG,AC,TT,CT,TT,GG,AT,AC,AA,AA,GG,CC,CG,GG,CC,GG,AT,AA,CG,TT,GG,CG,CC,AA,GG,CC,AT,CC,AA,AA,AC,CG,CC,TT,AA,GG,AA,AC,CC,AA,AA,GG,AA,AA,AT,GG,AC,AA,AA,AC,CC,AG,AG,GG,GG,NN,GT,AA,AG,TT,TT,TT,AA,TT,GG,GG,AA,4.56,Moderate,Medium,Poor,Late
L0138,Davangere,Karnataka,Rabi,Black Cotton,Irrigated,430,25.5,58,AC,TT,GG,AG,GG,CC,NN,TT,CC,CC,AA,CC,CC,AT,GT,GG,GG,TT,TT,AA,CC,TT,TT,CT,TT,CC,GT,TT,GG,AA,TT,CC,AA,CC,GG,CG,GG,CG,GG,CC,TT,CC,AA,TT,AA,GG,TT,AT,CC,AC,GG,AT,AA,GG,CC,TT,AA,AA,GT,AA,AA,TT,TT,AA,TT,AT,CC,GG,CT,GG,AG,GG,CC,AA,AA,AA,AA,GG,TT,TT,GG,GT,GG,NN,AA,GG,AA,AA,CC,GT,AC,TT,CC,TT,TT,AG,CT,CC,TT,CC,CC,CC,AG,AA,AT,TT,CC,AA,AG,AC,CC,GG,TT,CC,TT,AA,AC,TT,CG,GG,CG,GG,CC,GT,CC,AA,CC,CC,AC,CC,AA,TT,AC,AA,CC,CC,AA,AT,AA,AA,GG,CC,CC,GG,AA,AA,AA,AC,GG,CC,CC,AA,AA,GG,TT,AG,AA,TT,CC,AG,AC,TT,GT,TT,CC,AA,GT,TT,TT,NN,GG,CC,AA,CC,CC,AC,GG,CC,AA,GG,AG,CC,TT,CC,TT,TT,GG,TT,AA,AA,TT,CC,GG,AA,AA,CC,GG,GG,AC,GG,TT,CC,AA,CC,GG,AT,CC,AA,AA,GG,TT,TT,AT,CG,GT,AT,CG,AT,GT,AA,GG,AA,TT,AC,TT,CC,TT,AC,CC,TT,GG,AG,CG,AG,AC,TT,TT,GT,GG,NN,AA,CC,AA,GG,CC,CG,GG,CC,GG,AT,AA,CC,GT,GG,CC,CC,AA,AG,CC,AT,CC,AA,AA,CC,CC,CC,TT,AA,NN,AA,AA,AC,AA,GG,AA,AA,AA,AT,CG,AA,GG,CC,AC,CT,AA,AA,GG,GG,CG,TT,AA,AA,GT,TT,TT,AG,TT,GG,CG,AC,7.02,Resistant,Low,Standard,Medium
L0139,Davangere,Karnataka,Rabi,Black Cotton,Irrigated,430,25.5,58,AA,CT,GG,AG,GG,CG,GT,TT,CC,CG,AA,CC,CG,TT,TT,GT,GG,TT,TT,AA,CC,TT,TT,CC,TT,CC,TT,TT,GG,AA,TT,CC,AA,CC,GG,GG,GG,CC,GG,CC,TT,CT,AA,TT,AA,AA,CT,TT,CC,CC,GG,AA,AG,GG,CC,GT,AA,AC,GT,AC,AG,TT,TT,NN,TT,TT,CT,GG,TT,GG,GG,GT,CC,AG,GG,AA,AT,GG,GT,TT,AG,GT,GG,CC,AA,GG,AA,AA,CC,GG,CC,GT,NN,TT,GT,GG,TT,CC,GT,CC,CC,CC,AA,AG,TT,TT,CC,AA,AG,AC,TT,GG,TT,CC,GT,AA,AA,TT,CG,GG,CC,GG,CC,GT,TT,AA,CT,CC,AC,CC,AA,TT,CC,AA,CC,CC,AA,TT,AG,AA,GG,CC,CC,GG,AA,AG,AA,CC,GG,CG,CC,AA,AG,AG,TT,GG,AA,GT,TT,AG,AC,GG,TT,TT,CC,AA,GT,TT,AT,TT,GG,CC,AG,TT,CC,CC,CG,CC,AA,GG,AA,CC,TT,CC,GT,GT,GG,TT,AG,AA,TT,AC,GG,NN,CC,CC,GG,GG,AA,GG,TT,AA,AA,CC,GG,AA,AA,AA,AT,GG,TT,AT,AA,CG,GT,AA,GG,TT,TT,AA,GG,NN,CT,CC,TT,CC,CT,AA,CC,TT,NN,AA,CG,AG,AC,TT,TT,GG,NN,TT,AA,AC,AA,GG,CC,CG,NN,CC,GG,NN,AG,CC,TT,AG,CC,CC,AA,AG,CG,AA,CC,AA,AA,CC,CG,CC,TT,AG,GG,AA,AA,AA,AA,GG,AG,AG,AA,AT,NN,AA,AA,CC,AA,TT,AA,AA,GG,GG,GG,TT,AA,AA,GT,TT,TT,AA,TT,GG,CG,AA,6.17,Susceptible,High,Poor,Medium
L0140,Davangere,Karnataka,Rabi,Black Cotton,Irrigated,430,25.5,58,AA,TT,GG,AA,GG,CC,GG,TT,CC,CC,AA,CC,CG,AT,TT,GT,CG,TT,TT,AA,CC,GG,GT,CC,TT,CC,TT,AT,NN,AA,TT,CC,AA,CC,AG,CG,GG,CG,GG,CC,TT,CT,AC,TT,NN,AG,TT,TT,CC,AC,GG,AA,AA,GG,CC,GG,AA,AA,TT,AA,AA,TT,TT,AG,TT,AT,CC,GG,TT,GG,AA,GG,CC,AA,GG,CC,AT,GG,TT,TT,GG,GG,GG,CC,AA,GG,AA,AA,CC,GT,AC,TT,CC,AT,TT,AG,TT,CC,GT,CC,CT,CG,AA,AG,TT,TT,CC,AG,AA,AA,CC,GG,GT,CG,GT,AA,AA,TT,CC,AG,CC,GG,CC,GT,TT,AG,CT,CC,CC,CC,AA,TT,CC,AA,CC,CC,AA,TT,AG,AA,NN,CC,CG,GG,NN,GG,AT,CC,GT,CC,CC,AA,AG,GG,TT,AG,AA,GT,CT,GG,AA,TT,TT,TT,CC,AA,GT,TT,AA,TT,CG,CC,AA,TT,CC,CC,CG,CC,AA,GG,AG,NN,TT,CC,GG,TT,CG,AA,AA,AA,TT,CC,GG,AA,CC,CC,GG,GG,CC,CG,TT,AC,AA,CC,GG,AA,CC,AA,AA,GG,TT,AA,AA,GG,TT,AA,CG,TT,TT,AA,GG,AA,CT,AA,TT,CG,CT,AC,CC,CT,CG,AG,CG,AA,CC,TT,TT,TT,GG,TT,AC,AC,AA,GG,CC,CC,GG,CC,GT,AT,AA,CC,GT,GG,CC,CC,AA,GG,CC,AA,CC,NN,AA,CC,CG,AC,TT,AA,GG,AA,AA,AA,AA,AA,AA,AG,AA,TT,CG,AA,AG,CC,AA,NN,AA,AG,GG,GG,GG,TT,AA,AA,GT,TT,TT,AA,AT,GG,GG,AA,5.79,Susceptible,High,Poor,Late
L0141,Davangere,Karnataka,Rabi,Black Cotton,Irrigated,430,25.5,58,AA,TT,GG,AG,GG,CC,GG,TT,CC,CC,AT,CC,CG,TT,TT,GG,CG,TT,NN,AA,CC,TT,GT,CC,TT,CC,TT,TT,GG,AA,TT,CT,AA,CC,GG,CG,GG,CC,GT,CC,TT,CT,AA,TT,GG,GG,TT,TT,CC,AC,GG,AA,AA,GG,CC,TT,AT,CC,GG,AC,AA,TT,AT,AG,TT,AT,CC,GG,TT,GG,AA,GG,CC,AA,AG,AC,AA,GG,TT,TT,GG,GG,GT,CC,AA,GG,AA,AA,CC,GT,AC,TT,CC,TT,TT,GG,TT,CC,GT,CC,CC,CC,AA,AA,AT,TT,CC,AA,AA,AA,CC,GG,TT,CC,TT,AC,AA,TT,CG,GG,CC,GG,CC,GG,TT,AA,CT,CC,AC,CC,AA,TT,AC,AA,CC,CC,AA,TT,AA,AA,GG,CT,CG,GG,AG,AG,AA,CC,GT,CG,CC,AA,AG,GG,TT,GG,AC,TT,CT,GG,AC,GT,GT,TT,CG,AA,TT,TT,AA,TT,GG,CG,AA,CT,CC,CC,CG,CC,AA,GG,AA,CC,TT,CG,TT,TT,GG,TT,AA,AA,TT,CC,CC,AC,CC,CC,GG,GG,AC,GG,TT,AA,AA,CC,GT,AT,CC,AA,TT,GG,TT,AT,TT,GG,GG,TT,CG,AT,TT,AA,GG,AA,TT,AA,TT,CC,CT,AA,CC,TT,GG,AG,CC,AA,CC,TT,TT,GT,GG,TT,AA,CC,AA,GG,CC,CG,GG,CC,GG,AT,AA,CC,TT,GG,CC,CC,AA,NN,CC,AA,CC,AT,AA,AC,CG,CC,AT,AA,GG,AA,AA,AC,AA,GG,AG,AA,AA,TT,GG,AC,AA,CC,AA,TT,AA,AA,GG,GG,GG,TT,AA,AG,GT,TT,TT,AG,TT,GG,GG,AA,7.5,Susceptible,Medium,Standard,Medium
L0142,Davangere,Karnataka,Rabi,Black Cotton,Irrigated,430,25.5,58,AA,TT,GG,AA,CG,CC,GG,TT,CC,CC,AA,CT,CG,TT,TT,GG,GG,TT,TT,AG,CC,GT,GT,CC,NN,CC,GT,TT,GG,AA,TT,CC,AA,NN,GG,GG,GG,CC,GG,CC,TT,TT,AA,TT,AA,AA,TT,TT,CC,CC,GG,AA,AA,GG,CC,TT,AA,CC,GG,AA,AA,TT,TT,AA,TT,AT,CC,GG,TT,GG,AA,GT,AC,AG,GG,AA,AA,GG,TT,TT,GG,TT,GT,CC,AA,GG,AA,AA,CC,TT,CC,TT,CT,AT,TT,GG,TT,CC,GT,CC,CT,CC,AG,AA,TT,TT,CG,AA,AA,AA,NN,GG,TT,CC,TT,AA,AA,TT,CC,AG,CG,AG,NN,GG,CT,AG,CC,CC,CC,CC,AA,TT,CC,AA,CC,CT,AA,AT,AA,AA,GG,CC,CC,GG,AA,AA,AA,CC,GG,CC,CC,AA,AG,NN,TT,GG,AC,TT,TT,GG,CC,GT,GT,TT,CC,AA,TT,TT,AA,TT,CC,CC,AA,CC,CC,CC,GG,CC,AA,AG,NN,AC,TT,CC,TT,GT,GG,AT,AA,GG,TT,CC,CG,AA,CC,CC,GG,GG,AA,GG,TT,AA,AG,CC,GG,AA,AC,AA,AT,NN,TT,AT,AA,GG,GT,AA,GG,TT,TT,AA,AG,AA,NN,NN,TT,CC,TT,AA,CC,CT,GG,GG,CC,AA,CC,TT,CT,GT,GG,TT,AA,CC,AA,GG,CC,CC,GG,CC,GG,AT,AA,CC,TT,GG,CC,CC,AA,GG,CC,TT,CC,AA,AA,CC,CG,CC,AT,AA,GG,AA,AA,AC,AC,GG,AA,AG,AA,AT,GG,AC,NN,NN,AC,CC,AA,AA,GG,GG,GG,TT,AA,NN,TT,TT,TT,AG,TT,GG,GG,AA,8.6,Moderate,Low,Poor,Early
L0143,Davangere,Karnataka,Rabi,Black Cotton,Irrigated,430,25.5,58,AC,TT,GG,AA,GG,CC,GT,AT,NN,CG,AT,CC,CC,TT,GT,GG,GG,TT,TT,AA,CG,TT,GT,CT,TT,CC,TT,TT,GG,AA,CT,CC,AA,CC,GG,GG,GG,CC,GG,CC,TT,CT,AA,GT,AA,GG,TT,TT,NN,AC,GG,AT,AA,GG,CC,TT,AA,AC,GT,AC,AA,TT,AT,AA,TT,TT,CC,GG,TT,GG,AA,GG,CC,AA,GG,AA,AT,GG,TT,CT,GG,GG,GG,CC,AT,GG,AA,AA,CC,GG,CC,GT,CC,TT,GT,GG,TT,CC,GG,CC,CC,CG,AG,AG,TT,TT,CC,AA,AA,AA,TT,GG,TT,CG,TT,AC,AA,TT,CG,AG,NN,GG,CC,TT,CC,AA,CC,CC,CC,CC,AA,GT,AC,AA,CC,CC,AA,AT,AA,NN,GG,CC,CC,GG,AA,GG,AA,CC,GG,CC,CC,AA,AA,AA,TT,GG,AC,TT,TT,GG,CC,TT,GT,TT,CC,AA,GT,TT,AA,TT,GG,CC,AA,TT,CC,CC,GG,CC,AA,GG,GG,CC,TT,CC,NN,GT,GG,AT,GG,AA,TT,CC,CG,AC,AC,NN,GG,GG,AC,GG,TT,AA,AG,CC,GT,AA,CC,AA,TT,GG,TT,TT,AT,GG,TT,AT,CC,TT,NN,AA,GG,AA,CT,AA,TT,CC,TT,AA,CC,CT,GG,AG,CC,AG,CC,TT,TT,GT,GG,TT,AA,AC,GG,GG,CC,CG,GG,CC,GG,AT,AA,CC,TT,GG,CC,CG,AA,GG,CC,NN,CC,AT,AA,CC,CG,AC,TT,AA,GG,AA,AA,AA,AA,GG,AA,AA,AA,TT,GG,AA,NN,CC,AA,CT,AG,AA,GG,GG,GG,TT,AA,AA,TT,TT,TT,AG,TT,GG,GG,AA,6.31,Resistant,Low,Standard,Late
L0144,Davangere,Karnataka,Rabi,Black Cotton,Irrigated,430,25.5,58,AC,TT,AG,AA,GG,CG,GT,TT,CC,CC,AA,CC,CC,TT,GT,GG,GG,TT,TT,AG,CC,TT,GT,CC,TT,CC,TT,TT,GT,AA,TT,CC,AA,CC,AG,CG,GG,CC,GG,CC,TT,TT,AA,GT,AA,AG,TT,TT,CC,AC,GG,AA,AA,GG,CT,TT,AA,AA,GT,AA,AA,GT,AA,GG,TT,AT,CC,GG,TT,GG,AG,GG,CC,AA,GG,AC,AA,AG,TT,NN,GG,GG,GG,CC,AA,GG,AA,AA,CC,GT,CC,TT,CT,TT,GT,GG,TT,CC,GT,CC,CC,CC,AG,AA,TT,TT,CC,AA,GG,AC,CC,GG,TT,CG,TT,AA,AA,TT,CG,GG,CG,AG,CC,GT,TT,AA,CC,CC,CC,CC,AA,TT,CC,AA,CC,CC,AA,TT,AA,AA,GG,CT,CC,GG,AG,AG,AA,CC,GG,CC,CG,AA,AA,AG,TT,GG,AA,TT,TT,GG,AC,GT,GT,TT,CC,AT,TT,CC,AA,TT,GG,CG,AA,CT,CC,CC,CC,CC,AT,GG,AG,CC,TT,CC,GT,NN,GG,AT,AA,AG,TT,NN,CG,AC,CC,CC,GG,GG,AC,GG,TT,AA,AA,CC,GG,AT,CC,AA,AA,GG,GT,TT,AA,GG,TT,AT,CC,AT,TT,AA,GG,AA,CT,NN,TT,CC,TT,AA,CC,CT,CC,AG,CC,AG,AC,TT,TT,GT,GG,TT,AA,CC,AA,GG,CC,CG,GG,CC,GG,AA,AA,CC,TT,GG,CC,CC,AA,GG,CG,AA,CC,AA,AA,CC,GG,AC,TT,AG,GG,AA,AA,AC,AA,GG,AA,AG,AA,TT,GG,AA,AA,CC,AA,CT,AA,AG,GG,GG,GG,TT,AT,AG,TT,TT,TT,AA,AA,GG,GG,NN,6.41,Susceptible,Medium,Poor,Medium
L0145,Davangere,Karnataka,Rabi,Black Cotton,Irrigated,430,25.5,58,AC,TT,GG,AA,GG,CG,GG,AT,CG,CG,AA,TT,CC,TT,TT,NN,CG,TT,TT,AG,CG,TT,TT,CC,TT,CC,TT,TT,GG,AC,TT,CT,AA,AC,GG,GG,GG,CG,GG,CC,TT,CT,AA,TT,AG,AG,TT,TT,CC,AC,GT,AT,AA,GG,CC,GT,AA,AA,GT,AC,AA,GT,TT,AA,TT,AT,CC,GG,TT,GG,GG,GG,CC,AA,AG,AC,TT,GG,NN,TT,GG,GT,GG,NN,AA,GG,AA,AT,CG,TT,CC,TT,CT,TT,TT,GG,TT,CC,TT,CC,CC,CG,AA,AA,TT,TT,CC,AA,AG,AA,CC,GG,GT,CC,TT,AC,AA,TT,CG,AG,CG,GG,CT,GG,TT,AA,CC,CC,CC,CC,AA,TT,CC,AA,CC,CC,AA,AT,AA,AT,GG,CT,CC,GG,AA,AG,AA,CC,GT,CC,CC,AA,AA,AG,TT,GG,AA,GT,TT,GG,CC,TT,GT,TT,CC,AA,TT,TT,AT,TT,GG,CC,AA,NN,CC,CC,CG,AC,AA,GG,AG,CC,TT,CC,GG,TT,GG,AT,AA,AA,TT,CC,GG,AA,CC,CC,GG,GG,AA,CG,TT,AC,GG,CC,GG,AA,AC,AA,AA,GT,TT,AT,AA,GG,GG,AT,CC,TT,GT,AA,GG,AA,CT,AA,TT,CC,TT,NN,CC,TT,GG,AA,CC,AA,CC,TT,CT,NN,GG,AT,NN,CC,AG,GG,CC,CC,GG,CC,GG,TT,AA,CC,TT,GG,CC,CG,AA,AG,CC,AT,CC,AT,AA,AC,CC,CC,TT,AA,GG,AA,AA,CC,AA,AG,GG,AA,AA,TT,GG,AA,AG,AA,AA,CT,AA,AA,CG,GG,CG,TT,AA,AA,TT,TT,TT,AA,NN,GG,GG,AA,8.61,Susceptible,High,Standard,Early
L0146,Davangere,Karnataka,Rabi,Black Cotton,Irrigated,430,25.5,58,AA,CT,GG,GG,GG,CC,GT,TT,CC,CG,AT,CC,CC,TT,TT,GG,GG,TT,TT,AA,CC,TT,GT,CC,TT,CC,GT,AT,GG,AA,TT,CT,AG,CC,GG,GG,GG,CC,GG,CC,TT,CC,AC,TT,AG,AG,TT,AT,CC,AA,GG,AA,AA,GG,CC,GT,AA,AC,TT,AA,AG,TT,TT,AA,CT,AT,CC,GG,TT,GT,AG,GG,NN,AA,GG,AA,AT,GG,TT,TT,GG,GG,GT,AC,AA,GG,AA,TT,CC,GT,CC,TT,CT,TT,TT,GG,CT,CC,NN,CC,CT,CC,GG,AA,AT,TT,CC,AA,AG,CC,TT,GG,TT,CC,GT,AA,AC,TT,CC,AG,CC,GG,CC,GT,TT,AA,CC,CC,CC,CC,AA,TT,CC,AA,CC,CT,AA,AT,AA,AA,GG,CC,CC,GG,AG,AA,AA,CC,GG,CC,CC,AG,AG,AG,GT,GG,AA,NN,TT,GG,CC,TT,TT,TT,CC,AA,GT,TT,AA,AT,CG,CC,AA,CT,CC,CC,GG,AA,AA,AG,AG,CC,TT,CC,GG,TT,CG,AT,AA,AA,TT,CC,GG,AA,AC,CC,GG,GG,AA,GG,TT,AC,AA,CC,GG,AA,AC,AA,AA,GG,GT,TT,AA,GG,GT,AA,CG,AA,TT,AT,GG,AA,CT,AA,TT,CC,CT,AA,CC,TT,GG,GG,CG,GG,CC,AT,TT,TT,GG,NN,AC,AC,AA,GG,CC,CC,GG,CG,GG,TT,AA,CG,TT,GG,CG,CC,AT,GG,CG,AT,CC,AA,AA,AA,CC,AA,TT,AA,GG,AA,AA,AC,AA,GG,GG,AA,AA,TT,GG,AA,AA,CC,AA,CT,AA,AA,GG,GG,GG,TT,AA,AG,TT,TT,TT,AA,TT,GG,GG,AA,4.17,Susceptible,High,Poor,Late
L0147,Davangere,Karnataka,Rabi,Black Cotton,Irrigated,430,25.5,58,AC,TT,GG,AG,GG,CG,NN,TT,CC,CG,AT,NN,CG,TT,TT,GG,GG,TT,AT,AA,GG,GT,GT,CC,TT,CC,GT,TT,GG,AA,TT,CT,AA,CC,GG,CG,GG,CG,GG,CC,TT,CT,AA,GT,AG,GG,TT,TT,CC,AA,GG,AT,AA,GG,CT,TT,AT,AA,GG,AA,AA,TT,AA,AG,TT,TT,CC,GG,CT,GT,AA,GT,CC,AA,GG,AC,AT,GG,TT,TT,GG,GG,GG,CC,AA,GG,AA,AA,CC,GT,CC,TT,TT,AT,GT,GG,TT,CC,TT,CC,CC,GG,GG,AA,TT,TT,CC,AG,AG,AA,CT,GG,TT,CC,NN,AA,AA,TT,CC,AG,CC,GG,CC,GG,TT,AA,CT,CC,CC,CC,AA,TT,CC,AA,CC,CC,AA,TT,AA,AA,GG,CC,CG,GG,AA,AA,AA,AC,GG,CC,CG,AA,NN,GG,TT,AG,AA,TT,CT,GG,CC,GT,TT,TT,CC,TT,TT,CT,AT,NN,GG,CC,AA,CT,CC,CC,CG,AC,AA,GG,AG,CC,TT,CC,GG,TT,GG,AA,AA,AA,TT,CC,NN,CC,CC,CC,GG,GG,CC,GG,TT,AA,AA,CC,GG,AA,AC,AA,AA,GG,TT,TT,AT,GG,GG,AT,CC,TT,TT,AA,GG,AA,TT,AA,TT,CC,TT,AC,CC,CT,GG,AA,CG,AA,CC,TT,TT,GT,GG,AT,AC,NN,AA,GG,CC,CG,NN,CC,GG,TT,AA,CC,TT,GG,CC,CC,AA,AG,CC,AT,CC,AA,AA,CC,CC,AC,TT,AA,GG,AA,NN,AA,AA,GG,AG,AG,AA,TT,GG,AA,AA,CC,AA,TT,AA,AA,GG,GG,CG,GT,AA,AG,TT,TT,AT,AA,AT,GG,GG,AC,3.93,Resistant,High,Premium,Early
L0148,Davangere,Karnataka,Rabi,Black Cotton,Irrigated,430,25.5,58,AA,TT,GG,AA,GG,CC,GG,TT,CC,CC,AA,CT,CG,TT,TT,GG,CG,TT,AT,AA,CC,GT,GT,CC,TT,CC,TT,TT,GT,AA,TT,CT,AA,CC,AG,GG,GG,CC,GG,CC,TT,CT,AA,TT,AA,GG,TT,AT,CC,AC,GG,AA,AA,GG,CT,GT,AA,AC,TT,AC,AA,GT,AA,AG,TT,AT,CC,GG,TT,GG,AG,GG,CC,AG,GG,AA,AA,GG,TT,TT,AG,GG,GG,CC,AT,GG,AA,AT,CC,TT,CC,TT,CC,TT,TT,GG,TT,CC,TT,CC,CC,CG,AG,AA,TT,TT,CG,AA,AA,AA,CC,GG,TT,CG,TT,AA,AA,TT,GG,GG,CC,AG,CT,GG,CT,AA,CC,CC,CC,CC,AA,TT,CC,AA,CC,CC,AA,TT,AA,AA,GG,CT,CC,AG,AA,AA,AA,CC,GG,CC,CC,AA,AA,GG,GG,GG,AC,TT,CC,GG,AC,GT,GT,TT,CC,AA,GT,TT,TT,AT,GG,CC,AA,CT,CC,CC,GG,CC,AA,GG,GG,CC,TT,CC,GT,TT,CG,TT,AA,AA,TT,CC,GG,AC,CC,CC,GG,GG,AA,GG,TT,AC,AG,CG,GG,AA,CC,AA,NN,GG,TT,AT,AT,CG,GG,AA,CG,TT,TT,AA,GG,AA,TT,AA,TT,CC,CT,AA,CC,CT,GG,AA,CC,GG,CC,TT,CT,GG,GG,AT,AA,AC,AG,GG,CC,CG,GG,CC,GG,AT,AA,CG,TT,GG,CG,CC,AA,AG,CC,AA,CC,AA,AA,CC,CC,AA,TT,AG,GG,AA,AA,AC,AA,AG,AA,AA,AA,AT,GG,AA,AA,AA,AC,CT,AA,AA,CG,GG,GG,TT,AA,AA,TT,TT,TT,NN,TT,GG,GG,AA,5.61,Susceptible,Low,Standard,Late
L0149,Davangere,Karnataka,Rabi,Black Cotton,Irrigated,430,25.5,58,CC,TT,GG,AG,GG,CC,GG,TT,CC,CG,AA,CC,CG,TT,TT,GG,GG,TT,TT,AA,CC,GT,GG,CC,TT,CC,GG,TT,GT,AA,TT,CC,AA,CC,GG,GG,GG,CC,GG,CC,TT,CT,AC,TT,AG,GG,TT,AT,CC,AC,GG,AA,AG,GG,CC,TT,AA,AC,GT,AA,AA,TT,TT,AG,CT,AT,CC,GG,TT,GG,AG,GT,CC,AA,GG,AA,AA,GG,TT,TT,AG,NN,GG,CC,AA,GG,AA,AT,CC,TT,AC,TT,CC,TT,TT,AA,TT,AC,TT,CT,CC,CC,AG,AA,TT,TT,CC,AA,AA,AA,CC,GG,TT,CC,TT,AA,AA,TT,CG,AG,CC,AG,CC,GT,TT,AG,CC,CC,CC,CC,AA,GT,CC,AA,CC,CC,AG,TT,AA,AA,GG,CC,CC,GG,AA,AA,AA,CC,GT,CC,CC,AA,AG,GG,TT,GG,AC,TT,TT,GG,CC,GT,TT,TT,CC,AT,GT,TT,AT,AA,GG,CC,AG,TT,CC,CC,GG,CC,AA,GG,AG,CC,TT,CC,GG,TT,GG,TT,AA,AG,TT,CC,GG,AA,AC,CC,GG,GG,AA,GG,TT,AA,AA,CC,GG,AA,AA,AA,AA,GG,TT,AT,AA,CG,GT,AA,CG,AT,GT,AA,GG,AA,TT,AC,TT,CC,TT,AC,CC,CT,GG,GG,CC,AA,CC,TT,CC,GG,GG,TT,AA,AC,AA,GG,CG,CC,GG,CC,GG,AT,AA,CC,TT,GG,CC,CC,AA,GG,CC,AA,CC,AA,NN,AC,CG,CC,AT,AA,GG,AA,AA,AA,AA,AG,AA,AG,AA,AA,GG,AC,AA,AC,AC,CT,AG,AA,CG,GG,GG,TT,AA,AA,TT,TT,AT,AA,AT,GG,GG,AA,6.48,Susceptible,High,Premium,Late
L0150,Davangere,Karnataka,Rabi,Black Cotton,Irrigated,430,25.5,58,AA,TT,AG,AG,GG,CC,GG,AT,CC,CC,AA,CC,CG,TT,GT,GT,CG,TT,AT,AA,CC,GT,NN,CT,AT,CC,NN,TT,GG,AC,TT,CC,AA,CC,GG,GG,GG,NN,GG,CC,TT,CT,AA,TT,AA,GG,TT,TT,CC,AC,GG,AA,AA,GG,CC,GT,AA,AC,NN,AA,AA,TT,NN,AA,TT,TT,CC,GG,TT,TT,AA,GG,CC,AA,GG,AA,TT,GG,TT,CT,GG,NN,GG,CC,AA,GG,AA,AA,CC,GT,CC,TT,CC,TT,TT,GG,TT,CC,TT,CC,CT,CG,GG,AA,AT,GG,CC,AA,NN,AA,CC,GG,TT,CC,TT,AA,AA,TT,CG,AG,CC,GG,CC,GT,CT,AG,CC,CC,AC,CC,AA,TT,CC,AA,CC,CT,AA,AT,AA,AA,GG,CT,CC,GG,AA,GG,AA,CC,GG,CC,CC,AG,AG,GG,GT,GG,AA,GT,CC,GG,AC,TT,TT,CT,CC,AA,TT,TT,AA,AT,GG,CC,AG,TT,CC,CC,CC,CC,AA,AG,AG,CC,TT,CC,GT,GT,CG,AA,AA,AA,TT,AC,CG,AA,CC,CC,GG,GG,AA,GG,TT,AA,AA,CC,GG,AT,AA,AA,AT,GG,TT,AT,AT,GG,TT,AT,CG,TT,TT,AA,GG,AA,TT,AA,AT,CC,TT,AA,CC,TT,CG,AA,CC,AG,AC,TT,CT,GT,CG,NN,AC,CC,AA,GG,CC,CG,GG,CC,GG,TT,AA,CC,GT,GG,CC,CC,AA,GG,CC,AA,CC,AT,AA,AC,CG,CC,TT,AA,GG,AA,AA,AC,AA,GG,AA,AA,AA,TT,CG,AC,AA,AC,AA,CT,AA,AG,GG,GG,GG,TT,AT,AG,TT,TT,TT,AG,TT,GG,GG,AA,6.88,Resistant,High,Poor,Medium
L0151,Davangere,Karnataka,Rabi,Black Cotton,Irrigated,430,25.5,58,AC,TT,GG,AA,CG,CC,GG,TT,CC,GG,AA,CC,CC,TT,TT,GG,GG,TT,TT,AA,CC,GT,GT,CC,TT,CC,GT,AT,GG,AA,TT,CT,AA,CC,GG,GG,GG,CG,GG,CC,TT,CT,AA,GT,AG,GG,NN,AT,CC,AC,GT,AA,AG,GG,CT,TT,AA,CC,GT,AC,AG,TT,TT,GG,TT,AT,CC,GG,TT,GT,AG,GT,CC,AA,GG,AC,AA,GG,TT,TT,NN,GG,GT,CC,AA,GG,AA,AA,CG,GT,CC,TT,CT,TT,GT,AG,TT,CC,TT,CC,CT,CG,AG,AA,TT,TT,CC,AA,AG,AC,CT,GG,TT,GG,TT,AA,AC,TT,GG,GG,CG,GG,CC,GG,CT,AG,CC,CC,AC,CC,AA,TT,CC,AA,AC,CC,AA,AT,AA,AA,CG,CC,CG,GG,AA,AA,AA,CC,GG,CG,CC,AA,AA,NN,GT,GG,AC,TT,CC,GG,AC,TT,TT,TT,CC,AA,TT,TT,AT,AA,GG,CC,GG,CT,CC,CC,CG,CC,NN,GG,AG,CC,TT,CG,GG,TT,GG,AT,AA,AA,TT,CC,GG,AA,CC,CC,GG,GG,NN,GG,TT,AC,AA,CC,GG,AA,CC,AA,AA,GG,TT,AT,AA,GG,GG,AT,CG,TT,GT,AA,GG,AG,CT,AA,TT,CC,TT,AA,CC,TT,GG,AA,CG,AG,CC,TT,TT,GT,GG,TT,CC,CC,AA,GG,CC,CG,GG,CC,GG,AT,AA,CC,TT,GG,CC,CC,AA,GG,CC,AA,CC,AA,AA,CC,CC,AC,AT,AA,GG,AA,AA,AA,AC,AG,AA,AA,AA,TT,GG,AC,AG,AA,AA,TT,AA,AG,GG,GG,GG,TT,AT,AA,GT,TT,TT,AG,TT,GG,GG,AA,5.19,Susceptible,Medium,Standard,Medium
L0152,Davangere,Karnataka,Rabi,Black Cotton,Irrigated,430,25.5,58,AA,TT,AG,AA,CG,CC,GG,AT,CC,CG,AA,CC,CG,NN,TT,GG,CG,TT,TT,AA,CC,GT,TT,CT,TT,CC,TT,TT,GG,AA,TT,CC,AA,CC,GG,GG,GG,GG,GT,CC,TT,CC,AA,TT,AG,GG,TT,TT,CC,AC,GG,AA,AA,GG,CC,TT,AA,AC,GT,AA,AA,GT,AT,AG,TT,AT,CC,GG,NN,GT,AA,GG,CC,AA,AA,AA,AT,GG,TT,TT,GG,GG,TT,CC,AT,GG,AA,AA,CC,GT,CC,TT,CT,AT,GT,GG,TT,CC,GT,CC,CT,CC,GG,AA,AT,TT,CC,AA,AA,AA,CT,GG,TT,CC,TT,AC,AA,TT,CC,GG,NN,GG,CC,GG,CT,AA,CC,CC,CC,CG,AA,TT,CC,AA,CC,CC,AA,AT,AA,AA,GG,CC,CC,GG,AA,AA,AA,AC,GT,CC,CC,AA,AG,GG,TT,GG,AA,GT,CT,GG,AC,TT,GT,TT,CG,AA,TT,TT,AT,AT,GG,CG,AG,TT,CC,AC,CG,CC,AA,GG,AA,CC,TT,CG,GG,TT,CG,AT,AA,AA,TT,AC,CG,AC,CC,CC,GG,GG,AA,GG,TT,AC,AA,CC,NN,AA,CC,AA,AT,GT,GT,AT,AT,CC,GT,AA,CG,AT,GT,AA,GG,AA,CT,AA,TT,CC,CT,AA,CC,CT,GG,AG,CG,AA,CC,TT,TT,TT,GG,TT,AA,AC,AG,GG,CC,CG,CG,CC,GG,AA,AA,CC,TT,GG,CC,CC,AA,AG,CG,AT,CC,AT,AA,CC,CC,AC,AA,AA,GG,AA,AC,AC,AA,GG,AA,AA,AA,AT,CG,AC,AA,CC,AA,CT,AA,AA,GG,GG,GG,TT,AA,AA,TT,TT,TT,AG,TT,GG,GG,AC,7.08,Resistant,Medium,Standard,Medium
L0153,Davangere,Karnataka,Rabi,Black Cotton,Irrigated,430,25.5,58,AC,TT,GG,AG,GG,CC,GG,TT,CC,CC,AA,CT,CC,TT,TT,GG,GG,TT,TT,AA,CC,GT,TT,CC,TT,CT,TT,AT,GG,AA,TT,CC,AA,CC,GG,GG,GG,CC,GG,CC,TT,CT,AA,TT,AA,AG,TT,NN,CC,CC,GG,AT,AG,GG,CT,TT,AA,AA,GT,AA,AA,GT,AA,AG,TT,TT,CC,GG,TT,GG,AA,GG,CC,AA,GG,AA,AA,GG,GT,TT,GG,GG,GG,CC,AT,GG,AA,AA,CC,TT,CC,GT,CT,AT,GT,GG,TT,AC,GT,CT,CT,GG,AG,AA,AT,TT,CC,AA,AG,AA,CC,GG,TT,CC,TT,AC,AA,TT,CC,GG,CG,GG,CT,GT,TT,AG,CC,CC,CC,CC,AA,TT,CC,AA,CC,CC,AA,TT,AA,AA,GG,CC,CC,GG,AA,GG,AA,AC,GG,CC,CC,AA,AG,GG,GT,AG,AA,TT,TT,AG,AC,GG,GT,TT,CC,AA,GT,CT,AA,TT,NN,CG,NN,CC,CC,CC,CG,CC,AA,GG,AA,CC,TT,CC,TT,TT,GG,TT,AA,AA,TT,CC,GG,AA,CC,CC,GG,GG,AC,GG,CT,AA,AA,CG,GG,AA,CC,AA,AA,GG,TT,TT,TT,CG,GG,AA,CG,AT,TT,AA,GG,AA,CT,AA,TT,CG,CT,AA,CC,TT,GG,AA,CC,AA,AC,TT,CT,TT,GG,TT,CC,CC,AA,GG,CC,CG,GG,CC,GG,AA,AG,CC,GT,GG,CC,CC,AA,GG,CC,AA,CC,AA,AA,CC,CG,AC,AT,AA,GG,AA,AA,AC,AA,AA,AG,AG,AG,AT,CG,AA,GG,AC,AC,CT,AA,AG,GG,GG,CG,TT,AA,AG,TT,TT,TT,AG,AT,GG,CG,AA,9.93,Susceptible,Low,Poor,Medium
L0154,Davangere,Karnataka,Rabi,Black Cotton,Irrigated,430,25.5,58,AA,CT,GG,AA,GG,CC,GG,AT,CC,CG,AA,CC,CG,TT,GG,GG,GG,TT,TT,AA,CC,GT,GT,CT,AT,CC,GT,AT,GG,AA,CT,CC,AA,CC,GG,CC,GG,CG,GG,CC,NN,CT,AA,GT,AA,AG,TT,TT,CC,AA,GG,AA,AG,GG,TT,TT,AT,CC,GT,AC,AA,TT,TT,GG,CT,AT,CC,GG,TT,GG,AG,GG,CC,AA,GG,AC,AT,GG,GT,TT,GG,GG,GG,CC,AA,GG,AA,AA,CC,GT,CC,TT,CC,TT,GG,GG,TT,CC,TT,CC,CC,CC,AG,AA,TT,TT,CC,AA,AG,AA,CT,GG,TT,CC,GT,AA,AA,TT,CC,AG,CG,GG,CC,GT,TT,AA,CT,CC,AC,CC,AA,TT,AC,AA,CC,CC,AA,TT,AA,AA,GG,CC,CC,GG,AA,AA,AA,AC,GG,CC,CC,AA,AG,GG,TT,AA,AC,TT,TT,GG,AA,TT,TT,TT,CC,TT,TT,TT,AA,TT,GG,CC,GG,CC,CC,CC,GG,AC,AA,GG,AA,CC,TT,CC,TT,GT,GG,AT,AA,NN,TT,CC,GG,AA,AA,CC,GG,GG,AA,GG,TT,AC,AA,CC,TT,AA,AC,AA,AT,GT,TT,TT,AT,GG,GG,AT,CC,AT,TT,AA,GG,AA,TT,AA,TT,CG,TT,AC,CC,TT,GG,GG,CC,AG,CC,AT,CT,GG,GG,TT,AA,AC,AG,GG,CC,CC,GG,CG,GG,NN,GG,CG,TT,GG,CC,CC,AA,GG,CC,AA,CC,AA,AA,CC,CG,CC,TT,AA,GG,AA,AA,CC,AA,AG,AG,AA,AA,TT,GG,AA,AG,CC,AA,NN,AA,AA,GG,GG,GG,TT,AA,AG,TT,TT,TT,AG,TT,GG,CG,AA,6.55,Susceptible,High,Poor,Late
L0155,Davangere,Karnataka,Rabi,Black Cotton,Irrigated,430,25.5,58,AC,TT,GG,AG,GG,CG,GT,AA,CC,CG,AA,CC,CC,TT,GT,GG,GG,TT,TT,AA,CC,TT,TT,CC,AT,CC,GT,TT,GG,AA,TT,CC,AA,CC,AG,GG,GG,CG,GG,CC,TT,TT,AA,TT,AA,GG,TT,TT,CC,CC,GG,AT,AA,GG,CC,TT,AA,AA,TT,AC,AA,TT,TT,AA,TT,AT,CC,GG,TT,GG,AA,GG,CC,AA,AG,AA,AT,GG,GT,TT,GG,GG,NN,CC,AT,GG,AA,AA,CC,GT,AC,TT,CT,TT,TT,GG,TT,AC,GT,CC,CC,GG,GG,AA,TT,TT,CG,AA,GG,AC,CC,GG,TT,CG,GT,AC,AA,TT,CC,GG,CG,AG,CC,GG,CC,AA,CT,CC,CC,CC,AA,GT,CC,AA,CC,CC,AA,TT,AA,AA,GG,NN,CC,GG,AA,AA,AA,CC,GG,CC,CC,AA,AA,GG,TT,NN,CC,GG,CT,AG,CC,GT,GT,TT,CC,AA,TT,TT,AA,TT,CG,CC,AA,CT,CC,CC,GG,AC,AA,GG,AG,CC,TT,CC,GG,GT,GG,TT,AA,AA,TT,AC,CG,AA,CC,CC,GG,GG,AA,GG,TT,AA,AA,CC,GT,AA,CC,AA,AA,GG,TT,TT,AT,GG,TT,AA,CG,TT,GG,AA,GG,AA,CT,AC,TT,CC,TT,AA,CC,CC,CG,AG,CC,GG,CC,TT,TT,GT,GG,TT,AA,CC,AA,GG,CC,CC,GG,CC,GG,AT,AA,CC,GT,GG,CC,CC,AA,AG,CC,AA,CC,AA,AA,CC,CC,CC,TT,AA,GG,AA,AA,AC,AA,GG,GG,AG,AA,TT,GG,AC,AG,CC,AC,TT,AA,AA,GG,AG,GG,TT,AT,AA,TT,TT,TT,AA,AT,GG,GG,AA,7.43,Moderate,Low,Premium,Medium
L0156,Davangere,Karnataka,Rabi,Black Cotton,Irrigated,430,25.5,58,AA,TT,GG,AA,CC,GG,GG,TT,CC,CG,AA,CT,CC,TT,TT,GT,GG,TT,TT,AA,CG,TT,TT,CT,TT,CC,TT,TT,GG,AA,TT,CC,AG,CC,GG,CG,GG,CG,GG,CC,TT,CT,AA,GT,AA,GG,TT,TT,CC,AC,GG,AA,GG,GG,CC,TT,AA,AC,GT,AA,AA,TT,NN,AA,TT,TT,CC,GG,TT,GT,AG,GG,AC,AA,GG,AC,AA,GG,TT,TT,GG,GT,GG,CC,AA,GG,AA,AT,CC,TT,CC,TT,CT,TT,TT,GG,TT,CC,TT,CC,CC,CC,AG,AA,TT,TT,CC,AA,AA,AC,CT,GG,TT,CC,TT,AA,AA,TT,CG,AG,CC,AG,CC,GG,NN,AA,CC,CC,CC,CC,AA,TT,CC,AA,CC,CT,AA,TT,AA,AT,CG,CC,CG,GG,AG,AG,AT,CC,GG,CC,CG,AA,AA,GG,GG,GG,NN,TT,CT,GG,AC,TT,TT,TT,CG,AA,TT,TT,AT,TT,CG,CC,AG,CC,AC,CC,GG,AC,AA,GG,GG,CC,NN,CC,GT,TT,CG,AA,AA,AA,TT,CC,GG,AA,CC,CG,GG,GG,AC,GG,TT,AA,AA,CC,GT,AA,CC,AT,AA,GT,NN,TT,AT,GG,GG,AA,CC,TT,GT,AA,GG,AA,CT,AA,TT,CC,TT,AA,AC,TT,GG,AA,CC,AG,CC,TT,CT,GT,GG,TT,AA,AC,AA,GG,CC,CC,GG,CC,GG,AT,AA,CC,TT,GG,CC,CG,AA,GG,CC,AT,CC,AA,AA,CC,CG,CC,TT,AA,GG,AA,CC,AA,AA,NN,AA,AA,AA,TT,GG,AA,AG,AC,CC,CT,AA,AA,GG,AG,CG,TT,AT,AA,GT,TT,TT,AA,TT,GG,GG,AC,6.55,Resistant,Medium,Standard,Early
L0157,Davangere,Karnataka,Rabi,Black Cotton,Irrigated,430,25.5,58,CC,TT,GG,AG,CG,CC,GT,TT,CC,CG,AA,TT,CC,AT,TT,GG,CG,TT,TT,AG,CC,TT,GT,CC,TT,CC,GT,AT,GG,AA,TT,CC,AA,CC,GG,CG,GG,CC,GG,AC,TT,TT,AA,GT,AA,AG,TT,AT,CC,CC,GT,AA,AG,GG,TT,NN,AT,AC,GG,AA,AA,TT,TT,AG,TT,AT,CC,GG,CT,GG,AA,GG,AC,AG,GG,AA,TT,GG,TT,TT,NN,GG,GT,CC,AA,GG,AA,AT,CC,GT,CC,TT,CT,TT,GT,GG,CT,CC,GG,CC,CC,CC,GG,AA,TT,GT,CC,AA,GG,AA,CC,GG,TT,CC,TT,AA,AA,TT,CC,AG,CC,GG,CC,GG,TT,AG,CT,CG,CC,CC,AA,TT,AC,AA,CC,CC,AA,TT,AA,AA,GG,CT,CC,GG,AA,AA,AA,CC,GT,CC,CC,AA,AA,GG,TT,GG,AC,TT,TT,GG,CC,TT,GT,TT,NN,AA,GT,TT,AA,TT,GG,CC,AA,CT,CC,CC,CC,CC,AA,GG,AG,CC,TT,CC,GT,TT,GG,NN,AA,AG,TT,CC,GG,AC,CC,CC,GG,AG,AC,GG,TT,AC,AA,CC,GG,AA,CC,AA,TT,GT,TT,TT,AT,GG,GG,AA,CC,AT,TT,AA,GG,AA,CT,AA,TT,CC,TT,AC,CC,TT,GG,AA,CC,AG,CC,TT,CT,GT,GG,TT,AA,CC,AG,GT,CC,CC,GG,NN,GG,AT,AG,CC,TT,GG,CC,CC,AA,GG,CG,AT,CC,AT,AG,CC,CC,AC,TT,AA,GG,AA,AC,AA,AA,NN,AG,GG,NN,TT,CG,AA,AA,CC,AC,CT,AA,AG,GG,GG,GG,GT,AA,AA,TT,TT,TT,AG,TT,GG,GG,AA,7.69,Susceptible,High,Premium,Medium
L0158,Davangere,Karnataka,Rabi,Black Cotton,Irrigated,430,25.5,58,AC,CT,GG,AG,GG,CC,GG,TT,CC,NN,AA,CC,CC,AT,GT,GG,GG,TT,TT,AA,CC,TT,TT,CC,TT,CC,TT,TT,GG,AA,TT,CC,AA,CC,AG,CG,GG,CC,GG,CC,TT,TT,AA,GT,AA,AG,TT,TT,CC,CC,GG,AA,GG,GG,CC,TT,AA,AA,GT,AA,AA,GT,NN,AG,TT,TT,CC,GG,CT,GG,AA,GT,CC,AA,GG,AA,TT,AG,GT,TT,GG,GT,GG,CC,AA,GG,AA,AA,CC,GG,AC,TT,CT,TT,GG,AG,TT,CC,TT,CC,CT,CG,GG,AA,AT,TT,CC,NN,AG,CC,CC,GG,TT,CC,TT,AA,AA,TT,NN,AG,CC,GG,CC,GT,TT,AA,CC,CC,CC,CC,AA,NN,CC,AA,CC,CC,AA,TT,AA,AA,GG,CC,CC,GG,AA,AG,AA,CC,GG,CC,CC,AA,GG,GG,TT,AA,AC,GG,CT,GG,CC,TT,TT,TT,CG,AT,TT,TT,AT,AT,GG,CC,AA,CC,CC,CC,CG,CC,AA,GG,AG,CC,TT,CC,GG,TT,GG,AT,AG,AG,TT,CC,GG,AA,AC,CC,GG,GG,AC,GG,TT,AA,AA,CC,GG,AA,CC,AA,AA,GG,TT,AT,AT,GG,GG,AT,CG,TT,TT,AA,GG,AA,TT,AA,TT,CC,TT,AA,CC,CT,GG,GG,CC,AG,AC,TT,TT,TT,GG,TT,AA,CC,AA,GG,CC,CG,GG,CC,GG,AA,AG,CC,TT,GG,CC,CC,AA,AG,CG,AA,CC,AT,AA,AC,CG,AC,TT,AA,GG,AA,AA,AC,AA,AA,AG,AG,AG,TT,GG,CC,AG,AC,AC,CT,AG,AG,GG,GG,GG,TT,AA,AG,TT,TT,TT,AA,TT,GG,GG,AA,5.47,Susceptible,Medium,Standard,Medium
L0159,Davangere,Karnataka,Rabi,Black Cotton,Irrigated,430,25.5,58,AC,TT,GG,AA,GG,CC,GG,TT,CC,CG,AT,CC,CC,TT,TT,GG,GG,TT,NN,NN,CC,TT,GT,CC,TT,CT,TT,AT,GT,AA,TT,CC,AA,CC,GG,GG,GG,CC,GG,CC,TT,CT,AA,TT,AA,GG,TT,AA,CC,CC,GG,AT,AG,GG,CC,TT,AA,AA,GT,AC,AA,TT,TT,AG,TT,TT,NN,GG,TT,GG,AG,GG,CC,AG,GG,AC,AA,GG,TT,TT,GG,GT,GG,CC,AA,GG,AG,AA,CC,TT,AC,TT,CC,TT,GT,GG,TT,CC,GT,CC,CC,CC,GG,AA,AT,TT,CC,AA,AG,AA,CC,GG,TT,CC,TT,AA,AC,TT,CC,GG,CG,GG,CC,GG,TT,AG,CC,CC,CC,CC,AA,TT,CC,AA,AC,CC,AA,TT,AA,AA,GG,CT,CC,GG,AA,AG,AA,CC,GG,CC,CC,AA,AA,GG,GT,GG,AC,TT,CT,GG,CC,TT,TT,TT,CC,AT,GG,CT,AA,TT,GG,CC,AA,CT,CC,CC,GG,CC,AA,GG,AA,CC,TT,CG,GG,TT,GG,AT,AA,AA,TT,CC,CG,AA,CC,CC,GG,GG,AC,GG,NN,AC,AA,CC,GG,AA,CC,AA,AA,GG,GT,TT,AA,GG,GG,AA,CC,TT,TT,AA,GG,AA,TT,AA,TT,CC,CT,AA,CC,TT,GG,AG,CC,AA,CC,TT,CT,GT,GG,TT,AC,AC,AG,GG,CC,CG,GG,CC,GG,TT,AG,CG,TT,GG,CC,CG,TT,GG,CC,AA,CC,AA,AA,CC,CC,AA,TT,AA,GG,AA,AA,CC,AA,GG,GG,AG,AA,TT,GG,AC,AA,AC,AA,CT,AG,AA,GG,GG,GG,TT,AT,AA,TT,TT,TT,GG,AT,GG,GG,AA,7.43,Susceptible,High,Premium,Early
L0160,Davangere,Karnataka,Rabi,Black Cotton,Irrigated,430,25.5,58,AC,CT,GG,AA,GG,NN,GG,TT,CC,GG,AA,CT,CC,AT,GT,GT,CG,TT,TT,AA,CC,TT,TT,CT,TT,CC,TT,TT,GG,AA,TT,CC,AA,CC,GG,GG,NN,CG,GG,AC,TT,CC,AC,TT,AA,GG,TT,TT,CC,AC,GG,AA,AG,GG,CC,TT,AA,AC,GT,AA,AA,TT,AT,AG,TT,TT,CC,GG,CT,GT,AA,GG,AC,AA,GG,CC,AT,GG,TT,TT,GG,GG,GG,CC,TT,NN,AA,AA,CG,GT,CC,TT,CC,AT,TT,GG,CT,CC,TT,CC,CC,CC,NN,AA,TT,TT,NN,AA,AA,AC,TT,GG,TT,CG,TT,AC,AC,TT,CC,GG,CC,GG,CC,GG,NN,AA,NN,CC,AC,CC,AA,TT,CC,AA,CC,CC,AA,AT,AA,AA,GG,CC,CC,GG,AA,AG,AA,CC,GG,CC,CC,AA,AG,GG,TT,GG,AC,GT,TT,GG,CC,TT,TT,TT,CG,AA,TT,TT,AA,AA,GG,CC,AA,CT,CC,CC,CC,CC,AA,GG,AG,CC,TT,CC,GG,TT,GG,AT,AA,AA,TT,CC,GG,AC,CC,CC,GG,GG,AC,GG,TT,AA,AA,CC,GG,AA,CC,AA,AT,GG,TT,TT,AT,GG,GT,AT,CC,AT,GG,AA,GG,AA,CT,AA,TT,CC,TT,AC,CC,CT,CG,AA,GG,GG,CC,TT,TT,TT,GG,TT,AA,CC,AA,GG,CC,CC,NN,CC,GG,TT,AA,CG,GT,GG,CG,CG,AT,GG,CC,AA,CC,AA,AA,AC,CC,CC,TT,NN,NN,AA,AA,CC,AA,AG,AA,AA,AA,TT,GG,NN,AG,AA,AC,TT,AG,GG,GG,GG,GG,TT,AA,AA,TT,TT,TT,GG,TT,GG,GG,AC,5.23,Resistant,High,Premium,Early
L0161,Davangere,Karnataka,Rabi,Black Cotton,Irrigated,430,25.5,58,CC,CT,GG,GG,GG,CC,GT,TT,CC,CC,AA,CC,CG,TT,GT,NN,GG,TT,TT,AA,CG,TT,TT,CT,TT,CC,TT,TT,GT,AA,TT,CT,AA,AC,GG,GG,GG,CG,GG,CC,TT,CT,AC,TT,AA,NN,TT,TT,CC,NN,GG,AA,AA,GG,CT,GT,AA,AA,GG,AA,AA,GT,AT,NN,TT,AT,CC,GG,TT,GG,AA,GT,CC,AA,AG,AA,AA,GG,TT,TT,GG,TT,GG,CC,AA,GG,AA,AA,CC,TT,CC,TT,CC,TT,GT,GG,TT,CC,TT,CC,CC,CG,AG,AA,AT,TT,CG,AA,AG,AA,CC,GG,TT,CC,TT,AA,AA,TT,CC,AG,CC,GG,CC,GT,CT,AA,CC,CC,CC,CC,AA,TT,AC,AA,CC,CC,AA,TT,AA,AA,GG,CC,CC,GG,NN,AA,AA,CC,GG,CC,CG,AA,AA,AG,TT,GG,AC,TT,NN,NN,AC,GT,GT,TT,CC,AT,TT,TT,AA,TT,GG,CG,AA,TT,CC,CC,GG,CC,AA,GG,GG,CC,NN,CC,GT,TT,CG,AT,AA,AA,TT,CC,GG,AA,CC,CC,GG,GG,AA,GG,CT,AC,AA,CC,GG,AT,AC,AA,AA,GG,TT,AT,TT,GG,TT,AA,CC,TT,GG,AA,GG,AA,CC,AA,TT,CC,TT,AC,CC,TT,GG,AA,CG,AA,CC,AT,TT,GT,GG,AT,AA,CC,AA,GG,CC,CG,GG,CC,GG,TT,AA,CC,GT,GG,CC,CC,AT,GG,CG,AA,CC,AA,AA,AC,CC,CC,TT,AA,NN,AA,CC,AA,AA,AG,AG,AA,AA,TT,GG,AA,AA,AC,AA,CT,AG,AA,GG,GG,GG,TT,AA,AA,TT,TT,TT,AA,AA,GG,GG,AA,5.65,Susceptible,Medium,Standard,Late
L0162,Davangere,Karnataka,Rabi,Black Cotton,Irrigated,430,25.5,58,AA,TT,AG,AG,GG,CC,GG,AT,CC,CG,AA,CC,CG,TT,GT,GG,CG,TT,TT,AA,CG,TT,GT,CC,TT,CC,TT,TT,GT,AA,TT,CT,AA,CC,GG,CG,GG,CG,GG,CC,TT,TT,AC,TT,AA,GG,TT,AT,CC,AA,GT,AA,NN,GG,CT,TT,AT,AC,GT,AC,AA,GT,AT,AG,TT,AT,CC,GG,TT,GG,AA,GT,CC,AA,GG,AA,AT,AG,GT,TT,GG,GT,GG,CC,AA,GG,AA,AA,CC,TT,CC,TT,NN,TT,TT,GG,CT,CC,TT,CC,CC,CC,AG,AA,TT,TT,CC,AA,AA,AA,CT,GG,TT,CC,TT,AA,AA,TT,CG,GG,CC,GG,CC,GT,TT,AA,NN,CC,CC,CG,AA,TT,CC,AA,CC,CC,AA,TT,AA,AT,GG,TT,CC,GG,AA,AA,AA,CC,GT,CC,CC,AA,AA,GG,TT,GG,AC,TT,CT,GG,CC,GT,TT,TT,CG,AT,TT,TT,AT,TT,CG,CC,AA,TT,CC,CC,CG,CC,AA,GG,AA,CC,TT,CC,GT,NN,GG,TT,AA,AA,TT,CC,GG,AC,CC,CG,GG,GG,AA,GG,TT,AA,AA,CC,GG,AA,CC,NN,AT,GG,TT,AT,AT,GG,GG,AT,NN,TT,GT,AA,GG,AA,CT,AA,TT,CC,TT,AC,AC,TT,CC,AA,CC,AA,CC,TT,CT,TT,GG,TT,AA,AC,AA,GG,CG,CC,GG,CC,GG,NN,AA,CC,TT,GG,CC,CG,AA,GG,CC,AT,CC,NN,AA,AC,CC,CC,TT,AA,GG,AA,AA,AC,AC,AG,AG,AA,AG,AT,CG,AC,GG,AC,AA,CT,AA,AA,GG,GG,GG,GT,AA,AA,TT,TT,TT,AA,TT,GG,GG,AA,6.57,Susceptible,High,Premium,Late
L0163,Davangere,Karnataka,Rabi,Black Cotton,Irrigated,430,25.5,58,AA,TT,GG,AG,GG,CC,GG,AT,CC,CG,AA,CC,CC,TT,TT,GT,CG,AT,TT,AA,CC,GT,GT,CC,TT,CC,TT,TT,GG,AA,TT,CT,AA,CC,GG,CG,GG,CC,GG,CC,TT,TT,AA,TT,AG,AG,TT,AT,CC,AC,GG,AA,AA,GG,CT,TT,AA,AA,GT,AA,AA,TT,TT,AA,TT,TT,CC,NN,TT,GG,AA,GT,AC,AA,GG,AC,AT,GG,NN,TT,GG,GT,GT,CC,AA,GG,AA,AA,CC,GT,AC,TT,TT,TT,TT,GG,CT,CC,GG,CC,CT,CC,AG,AA,NN,TT,NN,AA,AA,CC,CT,GG,TT,CG,NN,AA,AC,TT,CG,AG,CG,AG,CC,GG,CT,AA,CC,CC,CC,CG,AA,TT,CC,AA,CC,CC,AG,TT,AA,AT,GG,CC,CC,NN,AA,AG,AT,AC,GG,CC,CC,AA,AA,GG,TT,GG,AA,TT,TT,GG,AC,TT,GT,TT,CC,AA,TT,CT,AT,TT,CG,CC,AA,CT,CC,CC,CG,CC,AA,GG,GG,CC,TT,CC,GT,TT,GG,TT,AA,AA,TT,CC,GG,AA,AC,CG,GG,GG,AC,GG,TT,AA,AA,CC,GG,NN,CC,AA,AA,GG,TT,TT,AA,GG,GG,AA,CC,AA,TT,AA,GG,AG,CT,AA,TT,CC,TT,AA,CC,TT,GG,AA,CC,GG,CC,TT,TT,TT,GG,TT,AA,CC,AG,GG,CC,CC,GG,CC,GG,AT,AA,CG,TT,GG,CC,CC,AA,AG,CC,NN,CC,AA,AA,CC,CC,AC,TT,AA,GG,AA,AA,AA,AA,AA,AA,AA,AA,TT,GG,AA,AA,CC,AA,TT,AA,AA,GG,GG,GG,NN,AA,AA,NN,TT,TT,AG,TT,GG,GG,AA,9.08,Susceptible,Medium,Standard,Early
L0164,Davangere,Karnataka,Rabi,Black Cotton,Irrigated,430,25.5,58,AA,CT,GG,AA,GG,CC,GT,TT,CC,CG,AA,CT,CC,TT,TT,GG,GG,TT,TT,AA,CC,GT,GT,CC,TT,CT,TT,TT,GG,AA,TT,CC,AA,CC,GG,GG,GG,NN,GG,CC,TT,TT,AA,TT,AA,GG,TT,TT,CC,AA,GG,AA,AG,GG,CC,TT,AA,AA,TT,AA,AA,TT,AT,NN,TT,TT,CC,GG,TT,GT,AA,GG,CC,AG,GG,CC,AA,AG,GT,TT,GG,GG,GG,CC,AA,GG,AG,AA,CC,TT,CC,TT,CC,TT,TT,GG,CT,CC,TT,CC,CT,CC,AG,AA,TT,TT,CC,AA,AG,AA,CT,GG,TT,CG,TT,AA,AA,AT,CC,GG,CG,GG,CC,GG,TT,AA,CC,CC,CC,CC,AA,TT,CC,AA,CC,CC,AA,NN,AA,AA,GG,TT,CC,GG,AA,AG,AA,CC,GG,CC,CC,AA,AG,GG,TT,AG,CC,TT,TT,GG,NN,TT,TT,TT,CC,AA,TT,TT,AT,AT,GG,CC,AG,CT,CC,CC,CG,CC,AA,GG,AG,CC,TT,CC,GG,TT,CG,AT,AG,AA,TT,CC,CC,AA,CC,CC,GG,GG,AC,GG,TT,AC,AA,CC,GG,AT,CC,AA,AT,GG,TT,AA,AT,CG,GT,AA,CC,TT,GG,AA,GG,AA,TT,AC,NN,CC,TT,CC,CC,TT,NN,AG,CC,GG,CC,TT,CT,TT,NN,TT,AA,AA,AG,GG,CC,CC,CG,CC,GG,TT,GG,CG,TT,GG,CC,CG,AA,GG,CC,AA,CC,AT,AA,CC,CG,AC,TT,AA,GG,AA,AA,AA,AC,GG,AA,AA,AG,TT,GG,AC,AA,AC,AA,CT,AG,AG,CG,GG,GG,TT,AT,AA,TT,TT,TT,AG,AT,GG,GG,AA,6.54,Susceptible,High,Premium,Early
L0165,Davangere,Karnataka,Rabi,Black Cotton,Irrigated,430,25.5,58,AA,TT,GG,AA,GG,CC,GT,TT,CC,CG,AA,CC,CG,TT,GG,GT,CG,TT,TT,AA,CG,TT,GG,CC,TT,CC,TT,TT,GG,AA,CT,CT,AA,CC,AG,CG,GG,CC,GT,CC,TT,TT,AA,TT,AA,GG,TT,TT,CC,AC,GT,AA,AA,GG,CC,TT,AA,AC,GT,AA,AG,TT,AT,AG,TT,TT,CC,GG,NN,GT,AG,GG,CC,AA,AA,AC,AT,AG,TT,TT,GG,GT,GG,CC,AA,AG,AA,AA,CC,GG,AC,TT,CC,NN,NN,GG,TT,CC,TT,CC,NN,CC,AG,AA,AT,TT,CC,AA,AA,AA,CC,GG,TT,CC,GT,AA,AC,TT,CC,GG,CC,GG,CC,GT,TT,AA,CC,CC,AC,CC,AA,TT,CC,AA,CC,CC,AA,TT,AG,AA,GG,CC,CC,GG,AA,GG,AA,CC,GG,NN,CC,AA,AA,GG,TT,GG,AA,TT,TT,GG,CC,TT,TT,CT,CG,AA,NN,TT,AA,TT,GG,CC,AG,CC,CC,CC,GG,CC,AA,AG,AG,CC,TT,CC,GT,GT,CG,AT,AA,AG,TT,CC,GG,AA,CC,CC,GG,GG,AA,GG,TT,AC,AA,CC,GG,AT,CC,AT,AT,GG,TT,AA,AT,GG,GG,AA,CC,TT,TT,AA,GG,AA,CT,AA,TT,CC,TT,AA,CC,TT,CG,AG,CG,AG,CC,AT,NN,GT,GG,TT,AC,AC,AG,GG,CC,CG,GG,CC,GG,AT,AA,CG,GG,NN,CC,CC,AA,GG,CC,AA,CC,AT,AA,AC,CC,AC,TT,AA,GG,AA,AA,AA,AA,AG,AA,AA,AA,TT,GG,AA,AG,CC,AC,TT,AA,AA,GG,GG,GG,GT,AA,AA,GT,TT,TT,AA,TT,GG,CG,AA,7.06,Susceptible,Low,Standard,Medium
L0166,Davangere,Karnataka,Rabi,Black Cotton,Irrigated,430,25.5,58,AC,TT,GG,AG,GG,CC,GG,TT,CC,CG,AT,CC,CC,TT,TT,GT,CG,TT,TT,AA,NN,GT,TT,CC,TT,CC,TT,TT,GG,AA,TT,CT,AA,CC,GG,GG,GG,CG,GG,CC,TT,TT,AA,GT,AG,AG,TT,AT,CG,CC,GT,AT,AA,GG,CT,TT,AA,AA,GG,AC,AA,GT,AT,GG,CC,TT,CC,GG,TT,GG,AA,GG,CC,AA,GG,AC,AT,GG,TT,TT,GG,GG,TT,CC,AA,AG,AA,AA,CC,GT,NN,TT,TT,TT,GT,AG,CT,CC,TT,CC,CC,CC,GG,AA,TT,TT,CC,AA,AG,AA,CC,NN,TT,CC,TT,AA,AA,TT,CC,GG,CC,GG,CC,GT,TT,AA,CT,CC,CC,CC,AG,TT,AC,AA,CC,CC,AA,AT,AA,AT,NN,CC,CC,AG,AA,AA,AA,CC,GG,CC,CG,AA,AA,GG,GT,GG,AC,TT,CT,AG,CC,TT,TT,TT,CC,AT,GT,TT,AA,TT,GG,CG,AA,TT,CC,CC,GG,CC,AA,GG,GG,CC,TT,CC,TT,TT,GG,NN,AA,AA,TT,CC,CC,AA,CC,CC,GG,AG,AC,GG,TT,AC,AG,CC,GG,AA,AC,AA,AA,GG,TT,AT,AT,GG,GT,AT,CC,AT,GT,AA,GG,AA,CC,AA,TT,CC,CT,AA,CC,TT,CG,AA,NN,AG,CC,TT,CT,GG,GG,TT,AA,CC,AA,GG,CC,CG,GG,CC,GG,AT,AA,CC,TT,GG,CG,CC,AA,GG,CC,AA,CC,TT,AA,AA,GG,AC,TT,AA,CG,AT,AC,CC,AA,GG,AG,AA,AA,TT,CG,AA,AA,AC,AA,CT,AG,AA,GG,NN,GG,TT,AT,AA,TT,TT,TT,AG,TT,GG,CG,AA,5.92,Resistant,High,Standard,Medium
L0167,Davangere,Karnataka,Rabi,Black Cotton,Irrigated,430,25.5,58,CC,TT,GG,GG,GG,CG,GG,TT,CC,CG,TT,CT,CG,AT,GT,GT,CG,TT,TT,AG,CG,GT,TT,CC,TT,CC,TT,TT,GG,NN,TT,CC,AA,CC,GG,GG,GG,CC,GG,CC,TT,TT,AC,GT,AA,AG,TT,AT,CC,AA,GT,AA,AA,GG,CC,GT,AA,AC,GT,AC,AA,TT,AT,GG,TT,TT,CC,GG,TT,GG,AG,GG,CC,AA,GG,AA,AA,GG,TT,TT,AG,GT,GG,CC,AA,AG,AA,AA,CC,TT,CC,TT,CT,TT,GT,GG,TT,CC,TT,CC,CC,CC,GG,AA,TT,TT,GG,AA,AA,AC,CC,GG,GT,CC,TT,AC,AA,AT,CC,GG,CC,GG,CC,GG,NN,AA,CC,CC,CC,CC,AA,TT,AC,AA,AC,CC,AA,AT,AA,AA,CG,CC,CC,GG,AA,GG,AA,AC,GG,CC,CC,AA,AA,GG,TT,GG,AA,TT,TT,GG,AC,GT,TT,TT,CC,AT,TT,CT,AA,AT,GG,CC,GG,CC,CC,CC,GG,CC,AA,GG,AA,CC,TT,CC,TT,TT,GG,TT,AA,AA,TT,CC,GG,AA,AC,CC,GG,GG,AA,GG,TT,AC,AG,CC,GG,AT,CC,AA,AA,GG,TT,TT,AT,CG,GT,AA,CC,AT,GT,AA,GG,AA,TT,AC,TT,CC,CT,AA,CC,TT,GG,AG,CC,AG,AC,TT,TT,TT,GG,AT,AA,AC,AA,NN,CC,GG,GG,CC,GG,TT,AA,CC,GT,GG,CG,CG,AA,GG,CC,AA,CC,AA,AA,AC,CG,CC,TT,AA,GG,AA,AC,AC,AA,GG,GG,AA,AA,TT,GG,AA,AG,AC,AA,TT,AG,AA,GG,GG,GG,GT,AA,AA,TT,AT,TT,AG,TT,GG,GG,AA,8.7,Susceptible,Low,Poor,Medium
L0168,Davangere,Karnataka,Rabi,Black Cotton,Irrigated,430,25.5,58,CC,TT,GG,AA,GG,CC,GG,AT,CC,CC,AT,CC,CC,TT,TT,GG,GG,TT,TT,AA,CC,GT,GT,CT,TT,CC,TT,TT,GG,AA,TT,CC,AA,CC,GG,GG,GG,CG,GG,CC,TT,TT,AA,TT,AG,GG,TT,AT,CC,AC,GG,AA,AG,GG,CT,GT,AA,AA,GT,AC,AA,TT,AT,AA,TT,TT,NN,GG,TT,GT,AG,GG,CC,AA,GG,AA,AT,GG,TT,TT,GG,GG,GG,CC,AT,GG,AG,AA,CG,GG,CC,TT,CC,AT,NN,GG,CT,CC,TT,CC,CT,CC,AG,AA,TT,TT,CC,AG,AG,AA,CC,GG,GT,CG,TT,AA,AA,TT,CC,AG,GG,GG,CC,GT,CT,GG,CC,CC,CC,CC,AA,TT,CC,AA,CC,CC,AA,TT,AA,AA,GG,CC,CC,GG,AA,AA,AA,CC,GG,CC,CC,AA,AA,GG,GT,AG,AC,GT,CT,GG,CC,GT,TT,TT,CG,AA,TT,TT,AA,TT,GG,CC,AA,CC,CC,CC,GG,CC,AA,GG,AG,CC,TT,CC,GT,TT,GG,AT,AA,AA,TT,CC,CG,AC,CC,CC,GG,AG,AA,GG,TT,CC,AG,CC,GG,AA,CC,AA,AT,GT,TT,TT,AA,GG,GG,AA,CG,AT,GT,NN,GG,AA,CT,AC,TT,CC,TT,AA,CC,CT,GG,AG,CC,AG,CC,TT,CT,GT,CG,TT,AC,AA,AA,GT,CC,CC,GG,CC,GG,TT,AA,CC,TT,AG,CC,CC,AA,GG,CC,AT,CC,AA,AA,AA,CG,AC,AT,AA,GG,AA,NN,NN,AA,GG,AA,AA,AA,TT,GG,AC,AA,AA,AA,CT,AG,AA,GG,AG,GG,TT,AT,AA,TT,TT,TT,AA,NN,GG,GG,AA,8.33,Moderate,Low,Premium,Medium
L0169,Davangere,Karnataka,Rabi,Black Cotton,Irrigated,430,25.5,58,AC,TT,GG,AG,GG,CC,GG,TT,CC,CC,AA,CC,CC,TT,GT,NN,GG,TT,AT,AA,CC,TT,GT,CC,TT,CC,TT,AT,GG,AA,TT,NN,AG,CC,AG,GG,GG,CC,GG,CC,TT,TT,AA,TT,AG,NN,TT,AT,CC,AC,GT,AA,AG,GG,CC,TT,AT,AC,GT,AA,AA,TT,TT,AA,CT,AA,CC,GG,TT,GG,AA,GG,CC,AA,GG,AA,AT,GG,GT,TT,GG,GG,NN,CC,AA,GG,AA,AT,CC,TT,CC,TT,CC,AT,TT,GG,TT,CC,TT,CC,CT,CC,GG,AA,AT,TT,CC,AA,AG,AA,CC,GG,TT,CG,TT,AA,AC,TT,CC,NN,CG,GG,CC,GT,CT,AA,CC,CC,CC,CC,AA,GT,CC,AA,CC,CC,AA,TT,AA,AA,GG,CC,CC,GG,AA,AG,AA,AC,GT,CC,CC,AG,AA,GG,TT,GG,NN,TT,CT,GG,CC,TT,GT,TT,CC,AT,GT,TT,AA,AT,GG,CC,AA,CT,CC,CC,GG,CC,AA,GG,AA,CC,TT,CC,GG,TT,CC,AT,NN,AA,TT,AC,CG,AA,CC,CC,GG,GG,AA,GG,TT,AA,AG,CC,GG,AA,CC,AA,AT,GG,TT,NN,AT,GG,GT,AA,CG,AT,TT,AA,GG,AA,TT,AA,TT,CG,TT,NN,CC,CT,GG,AA,CC,AG,CC,TT,CT,TT,GG,TT,AA,CC,AA,GG,CC,CG,GG,CC,GG,AT,AA,NN,GT,GG,CC,CC,AT,GG,CG,AT,CC,AA,AA,CC,CG,AC,AT,AA,GG,AA,AA,AA,AA,GG,AA,AA,AA,AT,GG,AA,GG,AC,AA,TT,AA,AA,CG,GG,GG,TT,AT,AA,TT,TT,AT,AG,AT,GG,CG,AA,7.03,Susceptible,Medium,Premium,Late
L0170,Davangere,Karnataka,Rabi,Black Cotton,Irrigated,430,25.5,58,AC,TT,AG,AG,GG,CC,GT,TT,CC,CG,AA,CC,CC,TT,TT,GT,CG,TT,TT,AA,CC,TT,GG,CC,TT,CC,TT,AT,GT,AA,TT,CC,AA,CC,GG,CC,GG,CC,GG,AC,TT,TT,AA,TT,AG,AG,TT,TT,CC,CC,GG,AA,AA,GG,CC,TT,AA,CC,TT,AA,AG,GT,AT,AG,TT,AT,CC,GG,TT,GG,AA,GT,CC,AA,GG,AA,AT,GG,TT,TT,GG,GG,GG,CC,AA,GG,AA,AA,CC,GG,AC,TT,CC,AT,GT,AG,TT,CC,GT,CC,CC,CG,AG,AA,TT,TT,CG,AA,AG,AA,CC,GG,GT,CG,GT,AA,AA,TT,CC,GG,CC,AG,CC,GG,TT,AA,CC,CC,CC,CC,AA,NN,CC,AA,CC,CC,AA,TT,AA,TT,GG,CT,CC,GG,AA,AG,AA,AC,GG,CC,CC,AA,AG,GG,TT,GG,AC,TT,CT,GG,CC,TT,GG,TT,CC,AT,TT,TT,AT,AA,GG,CC,AA,CC,CC,CC,GG,CC,AA,GG,AG,AC,TT,GG,GT,GG,GG,AT,NN,AA,TT,CC,GG,AA,CC,CC,GG,GG,AC,GG,TT,AA,AA,CC,GT,AA,CC,AA,AT,GG,TT,AT,AA,NN,GG,AT,CC,TT,GG,AA,GG,AA,TT,AA,TT,CC,TT,AA,CC,CC,GG,AA,CC,GG,AC,TT,TT,TT,GG,TT,AC,AC,AA,GT,CC,CG,GG,CG,GG,AT,AA,CG,TT,GG,CC,CC,AA,AG,CC,AA,CG,AA,AA,CC,CG,CC,TT,AA,GG,AA,AA,AA,AC,GG,GG,AA,AA,TT,CG,AA,AG,AC,AA,TT,AA,AA,GG,GG,GG,GT,AA,AA,TT,TT,TT,AG,AA,GG,GG,AA,4.88,Susceptible,Low,Premium,Late
L0171,Davangere,Karnataka,Rabi,Black Cotton,Irrigated,430,25.5,58,AC,TT,GG,AA,GG,CC,GG,TT,CC,CC,AA,CT,CC,TT,TT,GG,CG,TT,TT,AA,CC,TT,GT,CC,AT,CC,TT,TT,GG,AA,TT,CT,AA,CC,GG,GG,GG,CC,GG,CC,TT,CC,AA,TT,AA,AG,CT,TT,CC,AC,GT,AA,AA,GG,CC,GT,AA,AC,TT,CC,AA,TT,TT,AG,TT,TT,CC,GT,TT,GG,AA,GG,CC,AA,GG,AC,AA,GG,TT,TT,GG,GG,GG,CC,AA,GG,AA,AA,CG,GT,CC,TT,CC,AT,TT,GG,TT,CC,GG,CC,CC,CC,AG,AA,AT,TT,CC,AG,AG,AA,CC,GG,TT,CG,TT,AA,AA,TT,CG,AG,CC,GG,CC,GT,CT,AG,CC,CC,CC,CC,AG,TT,CC,NN,CC,CC,AG,TT,AA,AA,GG,NN,CC,GG,AA,GG,AA,CC,GT,CC,CG,AA,AA,GG,TT,AG,AC,GT,TT,AG,AC,TT,TT,TT,CC,AT,GT,CT,AT,TT,GG,CC,AA,CT,CC,CC,GG,CC,AA,GG,AG,CC,TT,CC,GG,TT,GG,AA,AA,AA,TT,CC,CC,AA,CC,CC,GG,GG,AC,CC,TT,AA,AA,CG,GG,AT,AA,AA,AT,GG,TT,AT,AA,CG,GT,AA,CC,TT,TT,AA,GG,AA,TT,AA,NN,CC,TT,AA,CC,CT,CG,AA,CC,GG,NN,TT,CC,GT,GG,TT,AA,CC,AA,GG,CC,CC,GG,CC,GG,TT,AA,CC,GT,GG,CC,CC,AA,GG,CC,AA,CC,AA,AA,CC,CC,CC,TT,AA,GG,AA,AA,AC,AA,AG,AA,AA,AA,TT,GG,AA,AA,AA,CC,CT,AG,AA,GG,GG,CG,TT,AT,AA,TT,TT,TT,AA,AT,GG,GG,AA,7.32,Moderate,Low,Poor,Medium
L0172,Davangere,Karnataka,Rabi,Black Cotton,Irrigated,430,25.5,58,CC,TT,GG,AA,GG,CC,GG,TT,CC,CC,AA,CC,CG,TT,TT,GG,GG,NN,TT,AA,CG,GT,GT,CC,TT,CC,TT,AT,GG,AA,TT,CC,AA,CC,GG,GG,GG,NN,GG,CC,NN,CC,AA,TT,AA,GG,TT,TT,CC,AC,GT,AT,GG,GG,CT,GT,AA,AA,TT,CC,AA,GT,AT,AA,TT,TT,CC,GT,TT,GT,AG,GG,CC,AA,AG,AC,AA,GG,TT,TT,GG,GG,GG,CC,AT,GG,AA,AT,CC,GT,CC,TT,CT,TT,TT,GG,TT,CC,TT,CC,CC,GG,AG,AA,AT,TT,CG,NN,AG,AA,CC,GG,TT,CG,TT,AA,AA,TT,CC,AG,CG,AG,CC,GG,CT,AA,CT,CC,CC,CC,AA,TT,CC,AA,CC,CC,AA,TT,AA,AA,GG,CT,CC,GG,AA,AG,AA,CC,GG,CC,CC,AA,AA,GG,TT,GG,AA,GT,CT,GG,AC,TT,TT,TT,CC,AA,GT,TT,AA,TT,CG,CC,AA,TT,AC,CC,CG,CC,AA,GG,AG,CC,TT,CC,GT,GT,GG,TT,AA,AG,TT,CC,GG,AC,CC,CC,GG,GG,AA,GG,TT,AA,AA,CC,GG,AT,CC,AA,AT,GT,TT,TT,AA,CG,TT,AT,CC,TT,TT,AA,GG,AA,TT,AA,TT,CC,TT,AA,CC,TT,CG,AA,CG,GG,AC,TT,TT,TT,GG,TT,AA,CC,AA,GT,CC,CG,GG,CG,GG,AT,AA,CC,GT,GG,CC,CC,AA,GG,CC,AA,CC,AT,AA,NN,CC,CC,TT,AA,GG,AA,AA,AC,AA,AG,AA,AG,AA,TT,GG,AC,AG,AC,AA,CT,AA,AA,CG,GG,GG,NN,AT,AA,TT,TT,TT,AG,TT,GG,GG,AA,7.14,Moderate,Medium,Poor,Medium
L0173,Davangere,Karnataka,Rabi,Black Cotton,Irrigated,430,25.5,58,AA,TT,GG,AA,GG,CC,GG,TT,CC,CC,AA,CT,CG,TT,TT,GG,GG,TT,TT,AA,CC,GT,TT,CC,AT,CC,GT,TT,GG,AA,TT,CC,AA,CC,AG,GG,GG,CC,GG,AC,TT,CT,AA,TT,AA,GG,TT,TT,CG,AC,GG,NN,AA,GG,CT,TT,AA,AA,GG,NN,AA,TT,AA,NN,TT,AT,CC,GG,TT,NN,AA,GG,NN,AA,AG,AC,AT,GG,GT,TT,GG,GG,GG,CC,AA,GG,AA,AA,CC,NN,CC,TT,CT,TT,TT,GG,TT,CC,GG,NN,CC,CC,AG,AA,TT,TT,CC,AA,AG,AA,CC,GG,TT,CC,TT,AC,AA,AT,CG,AG,CC,GG,CC,GG,CT,AA,CC,CC,AC,CG,AA,TT,AC,AA,CC,CC,AA,TT,AA,AA,GG,CC,CC,AG,AA,GG,AA,CC,GG,CC,CC,AA,AA,AG,TT,GG,AA,TT,CT,GG,CC,GT,TT,CT,CG,AA,TT,TT,AT,AA,CG,CC,AA,NN,CC,CC,GG,CC,AA,GG,AG,CC,TT,CC,GG,TT,GG,TT,AA,AA,TT,AA,GG,AA,CC,CC,GG,GG,AA,GG,NN,CC,AA,CC,GG,AT,CC,AA,AT,GG,TT,AT,AT,NN,TT,AA,CC,TT,TT,NN,GG,AA,TT,AC,TT,CC,CT,AC,CC,TT,CG,AG,CC,GG,CC,TT,CT,TT,GG,TT,AC,AC,AA,GG,CC,CC,GG,CC,GG,AT,AG,CC,GT,GG,CC,CC,AA,GG,CG,NN,CC,AA,AG,AC,CC,CC,TT,AA,CG,AA,AA,AA,AA,AA,AG,AG,AA,TT,GG,AA,AG,AC,AA,TT,AG,AA,CG,AG,GG,TT,AA,AA,TT,TT,TT,AG,TT,GG,GG,AA,4.23,Susceptible,Low,Premium,Early
L0174,Davangere,Karnataka,Rabi,Black Cotton,Irrigated,430,25.5,58,AC,CT,GG,AG,GG,CC,GG,TT,CC,CG,AA,CC,CC,TT,TT,GG,CG,NN,TT,AA,CC,GT,TT,CC,TT,CC,GT,TT,GT,AA,TT,CC,AA,CC,GG,CG,GG,CG,GG,CC,TT,TT,AC,TT,AA,AG,TT,TT,CC,AC,GG,AT,AA,GG,CT,TT,AA,AA,GG,AA,AA,NN,AT,AG,TT,AT,CC,GG,TT,GG,AA,GG,CC,AA,GG,AC,AT,GG,TT,TT,GG,GG,GG,CC,AT,GG,AA,AA,CC,TT,CC,TT,CC,TT,TT,GG,CT,CC,TT,CC,CC,CG,AG,AA,TT,TT,CC,AA,AA,AC,CC,GG,TT,CC,TT,AC,AA,TT,CG,GG,CC,GG,CC,GG,CT,AA,CC,CC,CC,CC,AA,TT,CC,AA,CC,CT,AA,TT,AA,AA,GG,CC,CC,AG,AA,GG,AA,AC,GG,CC,CC,AG,AG,GG,TT,GG,AC,TT,TT,GG,CC,TT,TT,TT,CC,AA,GT,TT,TT,TT,GG,CC,AA,CC,CC,CC,CG,CC,AA,GG,GG,CC,TT,CC,GT,GT,CG,AT,AA,AG,TT,CC,CG,AA,AA,CC,GG,AG,AC,NN,CT,AC,AA,GG,GG,AA,AC,AA,AA,GT,TT,TT,AT,CG,GT,AA,CG,AT,GT,AA,GG,AA,CT,AA,TT,CC,TT,AC,CC,TT,GG,AG,CC,AG,CC,TT,CT,GT,GG,TT,AA,AC,AA,GG,CC,CC,GG,CC,GG,AT,AA,CC,TT,GG,CC,CG,AT,GG,CG,AA,CC,AT,AA,AC,CC,AC,TT,AA,GG,AA,AA,CC,AA,GG,AA,AA,AA,AT,GG,AA,NN,AC,AA,TT,AA,AA,GG,GG,CG,TT,AA,AG,GT,TT,TT,AG,NN,GG,CG,AA,7.39,Susceptible,Low,Standard,Late
L0175,Davangere,Karnataka,Rabi,Black Cotton,Irrigated,430,25.5,58,AC,TT,GG,AG,GG,CC,GT,TT,CC,GG,AA,CC,CG,TT,GT,GG,CG,TT,TT,GG,CC,GT,GT,CC,TT,CC,TT,TT,TT,AA,TT,CT,AA,CC,GG,CG,GG,CC,GG,CC,TT,TT,CC,TT,AA,AA,TT,TT,CG,AA,GG,AA,AG,GG,CC,GT,AT,AC,GG,AA,AA,GT,AT,NN,TT,TT,CC,GT,CT,GG,GG,GG,CC,AA,GG,AA,AT,GG,TT,TT,GG,GG,GG,CC,AA,GG,NN,AA,CC,GG,CC,TT,CC,TT,TT,GG,CT,CC,TT,CC,CC,CG,AG,AA,AT,TT,CG,AA,AA,AC,CC,GT,TT,CC,GT,AA,AA,TT,CC,GG,CG,GG,CC,GG,CT,AA,CT,CC,CC,CC,AA,TT,CC,AA,CC,CC,AA,TT,AA,AA,CG,CT,CC,GG,AA,GG,AA,CC,GG,CC,CC,AG,AA,AA,TT,GG,AA,GT,CC,GG,AC,GT,GT,CT,CC,AT,TT,TT,AA,TT,GG,CC,AG,CT,CC,AC,CG,CC,AA,GG,AG,CC,TT,CG,GG,GT,GG,NN,AA,AG,TT,CC,GG,AA,CC,CC,CC,AG,AC,GG,TT,AA,GG,CC,GT,AA,CC,AA,AT,GG,TT,TT,AA,GG,TT,TT,CG,AT,TT,AA,GG,AG,TT,AA,TT,CC,CT,AC,CC,TT,CG,GG,CC,GG,CC,TT,TT,GT,GG,AT,AA,CC,AG,GG,CC,CG,GG,CC,GG,TT,AA,CC,TT,AG,CC,CC,AT,AA,CG,AA,CC,AA,AA,CC,CC,CC,AT,AA,GG,AA,AA,CC,AA,AG,NN,AG,AA,TT,GG,AA,AG,AC,AA,CT,AA,AA,GG,AG,GG,TT,AA,AA,TT,TT,TT,AG,AT,GG,GG,AA,7.18,Susceptible,Low,Poor,Early
L0176,Davangere,Karnataka,Rabi,Black Cotton,Irrigated,430,25.5,58,AA,TT,GG,AG,GG,CC,GG,TT,CC,CG,AA,CT,CC,TT,TT,GT,CG,TT,TT,AA,CG,GT,GT,CC,AT,CC,TT,AT,GG,AA,TT,CT,AA,CC,AG,GG,GG,CG,GG,CC,TT,CT,AA,GT,AA,AG,TT,AT,CC,AA,GG,AT,AG,GG,CT,GT,AA,AA,TT,AA,AA,TT,AT,AG,TT,AA,CC,GG,TT,GT,AA,GG,CC,AA,GG,AC,AT,GG,TT,TT,GG,GG,NN,CC,AA,GG,AA,AA,CC,GT,CC,TT,CT,TT,GT,GG,NN,CC,TT,CC,CC,CG,AG,AA,TT,GT,CC,AA,AG,AC,CC,GG,TT,CG,GT,AA,AA,AT,CC,GG,CC,GG,CC,GT,CT,GG,CC,CC,CC,CC,AA,TT,CC,AA,CC,CC,AA,AT,AA,AA,GG,CC,CG,GG,AA,AG,AA,CC,GG,CC,CC,AA,AA,GG,TT,GG,AA,TT,TT,GG,AA,TT,TT,TT,CG,AA,GT,TT,AT,TT,CG,CC,AA,CC,AC,CC,CG,CC,AA,GG,GG,CC,TT,CC,GG,TT,GG,AT,AA,AA,TT,CC,GG,AA,CC,CC,GG,GG,AA,GG,TT,AA,AA,CC,GG,AT,CC,AA,AA,NN,TT,AT,AA,GG,GT,AA,CG,AT,GT,AA,GG,AA,TT,AA,TT,CC,TT,AA,AC,TT,GG,AA,CC,AG,CC,TT,CT,GT,GG,TT,AA,CC,AG,GT,CC,CG,GG,CC,GG,TT,AA,CG,GT,GG,CC,CC,AA,GG,CG,AA,CG,AA,AA,CC,CC,AC,TT,AA,CG,AA,AA,AC,AA,NN,AG,AA,AA,TT,NN,NN,AG,CC,AA,TT,AA,AA,GG,GG,GG,GT,AA,AA,TT,TT,AT,AA,TT,GG,GG,AA,7.85,Susceptible,Medium,Poor,Late
L0177,Davangere,Karnataka,Rabi,Black Cotton,Irrigated,430,25.5,58,AC,TT,GG,AA,GG,CC,GG,AT,CC,CC,AA,NN,CC,AT,GT,GG,CG,TT,TT,AA,CG,TT,GT,CC,TT,CC,TT,TT,GT,AA,TT,CC,AA,CC,GG,GG,GG,CC,GG,CC,TT,CT,AA,GT,AA,AA,TT,TT,CC,AA,GG,AA,AA,GG,CC,TT,AA,AA,GT,AA,AA,GT,AT,AA,TT,AT,CC,GG,TT,GG,AA,TT,CC,AA,GG,AC,AT,GG,TT,TT,GG,GG,GT,CC,AA,GG,AA,AA,CC,GT,CC,TT,CC,TT,TT,GG,TT,CC,TT,CT,CC,CC,AA,AA,TT,TT,CC,AA,AA,AA,CC,GG,TT,CC,GT,AA,AA,TT,CC,GG,CC,GG,CC,GG,CT,AA,CC,CC,CC,CC,AA,TT,CC,AA,CC,CC,AA,TT,AA,AT,CG,CC,CC,GG,AA,AA,AT,CC,GG,CC,CC,AA,AA,AA,GT,GG,AC,TT,TT,AG,CC,TT,TT,TT,CC,AA,TT,CT,AA,AT,GG,CC,AG,NN,AC,CC,GG,CC,AA,GG,AG,CC,TT,CC,GT,TT,CG,AT,AA,AG,TT,CC,GG,AA,CC,CC,CG,GG,AA,GG,TT,AA,AA,CG,GT,AA,AC,AA,AT,GG,GT,AT,AA,CG,TT,AT,CC,AT,GT,AA,GG,AA,TT,AA,TT,CC,CT,AC,CC,TT,CG,AG,CG,GG,AC,TT,TT,GT,GG,TT,AA,CC,AA,GG,CC,CG,GG,CC,GG,AA,AA,CC,NN,GG,CC,CC,AA,GG,CC,AT,CC,AA,AA,AC,CC,AC,AT,NN,GG,AA,AC,AC,AA,GG,AA,AA,AA,TT,GG,AA,AG,CC,AC,CC,AG,AA,CG,GG,GG,GT,AA,AA,GT,TT,TT,AG,TT,GG,GG,AA,8.72,Susceptible,Low,Poor,Early
L0178,Davangere,Karnataka,Rabi,Black Cotton,Irrigated,430,25.5,58,CC,TT,GG,AG,GG,CC,GG,TT,CC,CG,AA,CC,CG,AT,NN,GG,GG,TT,TT,AA,CC,GT,GG,CT,TT,CC,TT,NN,GG,AA,TT,TT,AA,CC,GG,GG,GG,CC,GG,CC,TT,CT,AA,TT,AA,AG,TT,AT,CG,NN,GT,AA,AA,GG,CT,TT,AA,AA,GG,AA,AA,TT,TT,GG,TT,TT,CC,GG,CT,GG,AG,GG,CC,AA,GG,AA,AT,AG,GT,TT,GG,GT,GG,CC,AT,AG,AA,AT,CG,GT,AC,TT,CT,TT,TT,GG,TT,CC,TT,CC,CC,CC,AG,AA,TT,TT,CC,AA,AG,AA,CT,GG,TT,CC,GT,AA,AA,TT,CC,AG,CC,AG,CC,GT,CT,AA,CT,CC,CC,CC,AG,GT,AC,AA,AC,CC,AA,TT,AG,AA,GG,CC,CC,GG,AA,AA,AA,CC,GG,CC,CC,AA,AA,GG,TT,AG,AA,GT,CT,GG,CC,TT,TT,CT,CG,AT,TT,TT,AT,TT,GG,NN,AA,TT,CC,CC,CG,CC,AA,GG,AG,CC,TT,CC,GG,GT,GG,TT,AG,AA,TT,CC,GG,AC,CC,CC,GG,GG,AA,GG,TT,AA,AG,CG,GG,AA,AC,AA,AA,GG,TT,TT,AA,CG,GT,AA,CC,TT,GG,AA,GG,AA,NN,AA,AT,CG,CT,AA,CC,CT,GG,NN,CG,AA,CC,TT,TT,GT,GG,AT,AC,CC,AA,GG,CC,CC,GG,CC,GG,TT,GG,CC,TT,GG,CG,CG,AA,GG,CC,AA,CC,AA,AG,CC,CG,AC,TT,AA,GG,AA,AA,NN,AA,GG,AA,AA,AA,TT,GG,AC,AG,AC,AA,CT,AG,AA,GG,GG,GG,TT,AA,AA,GT,TT,TT,AA,TT,GG,GG,AA,8.51,Susceptible,High,Poor,Medium
L0179,Davangere,Karnataka,Rabi,Black Cotton,Irrigated,430,25.5,58,CC,TT,GG,AG,GG,CC,GG,AT,CC,CC,AA,CT,CG,TT,TT,GT,CG,TT,TT,AA,CC,GT,TT,CC,AT,CC,TT,TT,GG,AA,TT,CC,AA,CC,GG,GG,GG,CG,GG,CC,TT,CT,AC,TT,AG,GG,CT,TT,CC,AA,TT,AA,GG,GG,CT,TT,AA,AA,GT,AA,AG,TT,TT,AG,CT,AT,CC,GG,TT,TT,AA,GG,CC,AA,GG,CC,AT,GG,TT,TT,GG,GG,GG,CC,AT,GG,AA,AT,CC,GG,CC,TT,CT,TT,GT,GG,TT,CC,GT,CC,CC,CG,AA,AA,TT,TT,CG,AA,AA,AA,CC,GG,TT,CC,TT,AA,AA,TT,CC,GG,CG,GG,CT,GG,TT,AA,CT,CC,CC,CC,AA,GT,CC,AC,CC,CC,AA,TT,AA,AA,CG,CC,CC,GG,AA,AG,AA,CC,GG,CC,CC,AA,GG,AG,GT,AG,AC,TT,CT,GG,CC,TT,GT,TT,CC,AT,TT,TT,AA,TT,GG,CG,AG,TT,CC,CC,CG,CC,AA,GG,AG,CC,TT,CC,GT,GG,GG,AT,AA,AA,TT,CC,GG,AA,AC,CC,GG,GG,NN,GG,TT,AA,AA,CC,GG,AT,AC,AA,TT,GG,TT,AT,AA,CG,GT,AA,CC,TT,GT,AA,GG,AA,TT,AA,TT,CG,CT,AA,CC,CT,GG,AG,CC,AG,CC,AT,CT,TT,GG,TT,AC,CC,AG,GT,CC,CC,GG,CG,GG,TT,AA,CG,GG,GG,CC,CG,AA,GG,CC,AA,CC,AT,AA,AC,CG,CC,TT,AA,GG,AA,AA,AC,AC,AG,AG,AA,AA,TT,CG,AA,AA,AC,AC,CT,AA,AG,GG,GG,GG,GT,AA,AA,TT,NN,TT,AA,AT,GG,NN,AA,6.26,Moderate,High,Premium,Late
L0180,Davangere,Karnataka,Rabi,Black Cotton,Irrigated,430,25.5,58,CC,TT,AA,AG,GG,CC,GG,TT,CC,GG,AA,CC,CC,TT,GT,GG,GG,TT,TT,AA,CC,TT,GT,TT,TT,CC,TT,TT,GT,AA,TT,CC,AA,CC,GG,GG,NN,CG,GG,CC,TT,CT,AA,NN,AA,GG,TT,AT,CC,AC,GT,AT,AA,GG,CC,GT,AA,AC,TT,AC,GG,GT,AT,AG,CT,TT,CC,GG,TT,GG,AG,GG,CC,AA,GG,AC,AA,GG,TT,TT,GG,GT,GG,AC,AA,GG,NN,AT,CC,TT,CC,GT,CT,TT,TT,GG,TT,CC,GT,CT,CC,GG,GG,AA,TT,TT,CG,AG,AA,AA,CC,GG,TT,CC,TT,AA,AA,TT,CG,AG,CG,AG,CC,GT,CT,AG,CC,CC,CC,CC,AA,TT,CC,NN,CC,CC,AA,TT,AA,AA,GG,CC,CC,GG,AA,AA,AT,CC,GT,CC,CC,AA,AA,AG,GT,GG,AC,TT,CC,AG,AC,GT,GT,NN,CC,AA,GT,TT,AA,TT,GG,CC,AA,CT,CC,CC,CC,AC,NN,GG,AG,CC,TT,CC,GG,TT,GG,AT,AA,AG,TT,CC,CG,CC,CC,CC,GG,GG,AC,GG,TT,AA,AA,CC,GT,AA,AC,AT,AT,GG,TT,AT,AT,GG,GT,AA,CC,TT,TT,AA,GG,AA,CT,AA,TT,CG,TT,AC,CC,CC,CC,AA,CC,AG,CC,TT,TT,TT,GG,TT,AA,AC,AA,GG,CC,CG,GG,CC,GG,AT,AA,CG,TT,GG,CC,CC,AA,GG,CG,AA,CG,AT,AA,AC,NN,CC,TT,AA,GG,AA,AA,AC,AC,NN,AG,AA,AA,TT,CG,AA,AA,CC,AC,TT,AA,AA,CG,GG,GG,GT,AA,AG,TT,TT,TT,AG,TT,GG,GG,AA,8.6,Moderate,Medium,Premium,Medium
L0181,Davangere,Karnataka,Rabi,Black Cotton,Irrigated,430,25.5,58,AC,TT,GG,AG,GG,CC,GG,TT,CC,CG,AA,CC,CC,AT,TT,GG,GG,TT,TT,AA,CG,GT,GT,CT,TT,CC,TT,TT,GG,AA,TT,CC,AA,CC,GG,GG,GG,CC,GG,CC,TT,CC,AC,TT,AA,AG,TT,TT,CC,AC,GG,AA,AA,GG,CC,GT,AT,AA,GG,AA,AA,GT,AT,AG,TT,AT,CC,GG,TT,GT,GG,GG,CC,AA,GG,CC,AT,NN,TT,TT,GG,GG,GG,AC,AA,GG,AA,AT,CC,GT,CC,TT,CT,TT,TT,GG,TT,CC,TT,CT,CC,CG,GG,AA,TT,TT,CC,AG,AA,AA,CC,GG,TT,CG,TT,AA,AC,TT,CC,AA,CC,GG,CC,GT,CT,AA,CC,CC,CC,CG,AA,TT,CC,NN,CC,CC,AA,TT,AA,AA,GG,CC,CC,GG,AA,AA,AA,CC,GG,CC,CC,AA,AA,GG,TT,GG,CC,GT,CT,GG,CC,GT,TT,TT,CC,AT,GT,TT,AA,TT,GG,CC,AG,TT,CC,CC,GG,CC,AA,AG,AA,CC,TT,CC,GT,TT,CG,AT,AA,AA,TT,CC,GG,AA,CC,CC,GG,GG,AA,CC,TT,AA,AA,CC,GG,AA,CC,AT,AA,GG,TT,TT,AT,GG,GG,AA,CC,TT,GT,AA,GG,AA,CT,AA,TT,CG,TT,AC,CC,TT,GG,AA,CC,AG,AC,TT,NN,GT,GG,TT,AC,AC,AA,GG,CC,CG,GG,CC,GG,AT,AG,CG,TT,GG,CC,CC,AA,AG,CG,AA,CC,AA,AA,CC,CG,AC,TT,AA,GG,AA,AA,AC,AC,GG,AG,AA,AA,TT,GG,AA,AG,CC,AA,CT,AA,AA,GG,GG,GG,TT,AA,AA,TT,TT,NN,AA,AT,GG,NN,AC,7.96,Resistant,High,Poor,Medium
L0182,Davangere,Karnataka,Rabi,Black Cotton,Irrigated,430,25.5,58,AA,TT,GG,AA,GG,CC,GT,AT,CC,CC,AA,CT,CC,AT,GT,GG,GG,TT,AT,AG,CC,NN,GT,CC,AA,CC,TT,TT,GG,AA,CT,CT,AA,CC,GG,GG,GG,CG,GG,CC,TT,CT,AC,TT,AA,GG,TT,TT,CC,CC,GG,AA,AG,GG,TT,TT,AA,AA,GT,AA,AA,GT,AT,AA,TT,AT,CC,GG,TT,GG,AA,GG,CC,AG,GG,AC,AA,GG,TT,TT,GG,GG,GT,CC,AA,AG,AA,AA,CC,GT,CC,TT,CT,TT,TT,GG,TT,CC,TT,CC,CT,CC,AG,AG,TT,TT,CC,AA,AG,AC,CC,GG,TT,CC,TT,AC,AA,AT,CC,GG,CC,GG,CC,GG,TT,AA,CC,CC,CC,CC,AA,TT,CC,AC,CC,CC,AA,TT,AG,AA,GG,CC,CC,GG,AA,AA,TT,AC,GG,CC,CC,AA,AG,GG,GT,AG,AC,TT,TT,AG,CC,TT,TT,TT,CC,AT,TT,CT,AA,AT,GG,CC,AA,CC,CC,CC,GG,CC,AA,GG,AA,CC,TT,CC,GT,TT,CG,TT,AA,AA,TT,CC,CG,AA,CC,CC,GG,GG,AC,GG,TT,NN,AA,CC,GT,AA,AC,AA,AA,GG,GT,AT,AA,GG,GT,AA,CC,AT,GG,AA,GG,AA,TT,AC,TT,CC,TT,AC,CC,TT,GG,AG,CG,AG,CC,TT,CT,GT,GG,TT,AA,CC,AA,GT,CC,CG,GG,CC,GG,TT,AA,CC,GT,GG,CC,CC,AA,AG,CC,AA,CC,AA,AA,CC,CG,AC,AT,AA,GG,AA,AA,AA,AA,AG,AA,AG,AA,AT,GG,AA,AG,CC,NN,CT,AA,AG,GG,GG,GG,TT,AA,AA,TT,TT,TT,AG,TT,GG,CG,AA,6.99,Susceptible,Low,Premium,Early
L0183,Davangere,Karnataka,Rabi,Black Cotton,Irrigated,430,25.5,58,AA,TT,AG,AG,GG,CC,GT,AT,CC,CG,AA,CC,CC,TT,GG,GG,CG,TT,TT,AG,CC,TT,GT,CC,TT,NN,GT,TT,GG,AA,CT,CT,AA,CC,GG,GG,GG,CG,GG,CC,TT,TT,AA,TT,AA,AG,TT,TT,CC,NN,GG,AA,AA,GG,CC,TT,AA,AA,GT,AC,NN,TT,TT,AG,TT,AA,CC,GG,TT,GG,AG,GG,CC,AA,GG,AC,AA,GG,TT,CT,AA,GG,GG,CC,AA,GG,AA,AA,CC,GG,AC,TT,CC,TT,TT,GG,TT,AC,TT,CC,CT,CG,AG,AA,TT,TT,CC,AA,GG,AA,CT,GG,TT,CC,GT,AA,AA,TT,GG,GG,CC,GG,CC,GG,TT,AA,CC,CC,CC,CC,AA,TT,CC,AA,CC,CC,AA,AT,AA,AA,GG,TT,CC,GG,AA,AG,AA,CC,GT,CC,CC,AG,GG,GG,TT,GG,AC,TT,TT,GG,CC,GG,TT,CT,CC,AA,TT,TT,AT,TT,GG,CC,AG,CT,NN,CC,GG,CC,AA,GG,AA,CC,TT,CC,TT,TT,CG,TT,NN,AA,TT,CC,CG,AA,AC,CC,GG,GG,AA,GG,TT,AC,AA,CC,GG,AA,AC,AA,AT,GG,GT,AT,AT,GG,GT,AA,CG,TT,GG,AA,GG,AA,CT,AC,TT,CC,TT,AA,NN,TT,GG,AA,CG,AG,CC,TT,CT,TT,GG,AT,AA,CC,AA,GG,CC,CG,GG,CC,GG,AT,AA,CC,TT,GG,CC,CG,AA,AG,CG,AA,CC,AA,AA,CC,CC,AC,TT,AA,GG,AA,AC,AA,AC,GG,AA,AG,AA,TT,GG,AA,AA,AC,CC,NN,AA,AA,GG,GG,CG,TT,AA,AA,TT,TT,TT,AG,TT,GG,CG,AA,6.66,Moderate,High,Poor,Medium
L0184,Davangere,Karnataka,Rabi,Black Cotton,Irrigated,430,25.5,58,AC,TT,GG,AG,GG,CC,TT,TT,CC,CC,AA,CC,CG,TT,TT,GG,GG,TT,TT,AA,CC,GG,GT,CT,TT,CC,TT,AT,GG,AA,TT,CT,AA,CC,AG,GG,GG,CC,GG,CC,TT,TT,AA,TT,AA,GG,TT,TT,CC,AC,GG,AA,AA,GG,CT,GT,AA,AA,GG,AA,AG,TT,TT,AA,CT,TT,CC,GG,TT,GG,AG,GG,AC,NN,GG,AA,AT,AG,TT,TT,GG,GG,GT,CC,AA,GG,AA,AA,CC,GT,CC,TT,CT,TT,TT,GG,TT,CC,TT,CC,CC,CG,AG,AA,TT,TT,CC,AA,AA,AC,CT,GG,TT,CG,TT,AC,AC,TT,CC,AA,CG,GG,CC,GT,TT,AG,CC,CC,CC,NN,AA,TT,CC,AA,CC,CT,AA,TT,AA,AA,GG,CT,CC,GG,AA,AG,NN,CC,TT,CC,CC,AA,AG,AG,TT,GG,AC,TT,TT,GG,AC,GG,TT,TT,CG,AA,TT,TT,AT,NN,GG,CC,AG,TT,AC,CC,GG,CC,AA,GG,AG,CC,TT,CC,GG,TT,GG,TT,AA,AA,TT,CC,GG,CC,AC,CC,GG,AG,AA,CG,TT,AC,AA,CC,GG,AA,CC,AA,AA,GT,TT,TT,AA,CG,GT,AT,CC,AT,TT,AA,GG,AA,TT,AA,TT,CC,TT,AA,CC,CT,CG,AA,CC,AG,AC,AT,CT,GT,GG,TT,AA,AC,AA,GG,CC,CC,GG,CC,GG,AT,AA,CC,TT,GG,CG,CC,AA,GG,CC,AA,CC,AA,AA,AA,CG,AC,TT,AA,GG,AA,AC,AC,AA,GG,AG,AA,AA,TT,GG,AA,AG,NN,AA,TT,AA,AA,CG,AA,GG,TT,AA,AA,TT,TT,TT,AA,AT,GG,GG,AA,7.35,Moderate,High,Standard,Medium
L0185,Davangere,Karnataka,Rabi,Black Cotton,Irrigated,430,25.5,58,AC,TT,GG,AA,GG,CC,GT,TT,CC,CG,AA,CC,CC,AT,GT,GG,GG,TT,TT,AA,CC,TT,GG,CC,TT,CC,TT,TT,GG,AA,TT,CT,AA,CC,GG,GG,GG,CC,GG,CC,TT,CT,AA,GT,AA,GG,TT,TT,CC,CC,GG,AA,AA,GG,NN,GT,AA,AA,GT,AC,AA,TT,AT,AA,TT,TT,CC,GG,CT,GG,AA,GG,CC,AA,GG,AC,TT,GG,TT,TT,GG,GG,GG,CC,AA,GG,AA,AA,CC,GT,CC,TT,CT,TT,TT,AG,CC,CC,TT,CT,CT,CC,GG,AA,TT,TT,CC,AA,AA,AA,CT,GG,TT,CC,TT,AA,AA,AT,CC,NN,CC,AG,CC,GT,CT,AA,CT,CC,CC,CC,AA,TT,AC,AA,CC,CC,AA,TT,AA,AA,GG,CC,CC,GG,AA,AG,AA,AC,GG,CC,NN,AA,AG,GG,TT,GG,CC,TT,CT,GG,AA,TT,TT,TT,CC,AA,TT,TT,AT,AT,CG,CC,AA,CC,AC,AA,GG,NN,AA,GG,AG,CC,TT,CG,GT,GT,CG,TT,AG,AA,TT,CC,GG,AA,AC,CC,NN,GG,AA,GG,TT,AA,AA,CC,GT,AA,CC,AA,AA,GG,TT,AT,AT,CG,GG,AT,CC,AT,GG,AA,GG,AA,TT,AA,TT,CC,TT,AA,CC,CT,GG,AA,CC,GG,CC,TT,CT,TT,GG,TT,AC,CC,AA,GG,CC,CC,GG,CC,GG,TT,AG,NN,TT,GG,CC,CC,AA,GG,CC,AT,CC,AA,AA,CC,CC,CC,TT,AA,GG,AA,NN,AA,AA,AG,AG,AA,AA,TT,GG,AC,AA,AC,AC,CT,AA,AA,GG,GG,GG,GT,AA,AA,TT,TT,TT,AA,AT,GG,GG,AC,9.39,Resistant,Low,Poor,Medium
L0186,Davangere,Karnataka,Rabi,Black Cotton,Irrigated,430,25.5,58,AC,TT,AG,AA,GG,CC,GG,AT,CC,CC,AA,CC,CG,TT,TT,GG,GG,TT,TT,AA,CC,TT,TT,CC,TT,CC,GT,TT,GG,AA,TT,NN,AA,CC,GG,GG,GG,CC,GG,CC,GT,TT,AA,GT,AA,AG,TT,AT,CC,AC,GG,AT,AA,GG,CC,GT,AA,AC,TT,AA,AA,TT,TT,GG,TT,AT,CC,GG,TT,GG,AG,GG,CC,AG,GG,CC,AT,GG,GT,TT,GG,GG,GG,CC,AA,GG,AA,AA,CC,TT,CC,TT,CT,TT,GT,GG,CT,CC,TT,CT,CC,CG,AG,AA,TT,TT,CC,AA,AG,AA,CC,GG,TT,CC,TT,AA,AA,AT,CC,NN,CG,AA,CC,GG,CT,AA,CC,CC,CC,CC,AA,GT,AC,AA,CC,CC,AA,TT,AA,AT,GG,CT,CG,GG,AA,AA,AA,NN,GT,CC,CG,AA,AA,AG,TT,GG,CC,TT,CT,GG,AC,TT,TT,TT,CC,AA,GT,TT,AA,TT,GG,CC,AA,CC,CC,CC,CG,CC,AA,GG,AG,CC,TT,CC,GG,TT,CC,AT,AA,AG,TT,CC,GG,AA,CC,CC,GG,GG,AA,GG,TT,AA,AG,CC,GT,AT,CC,AA,AT,GT,TT,AT,AT,GG,GG,TT,CC,AA,GT,AA,GG,AA,CT,AA,TT,CC,TT,AC,CC,TT,CG,AG,CC,AG,AC,AT,TT,TT,GG,AT,AA,CC,AG,GG,CC,CG,CG,CC,GG,TT,AA,CC,GG,GG,CC,CG,AA,GG,CC,AA,CG,AA,AA,CC,CC,AC,AT,AA,CG,AA,AA,AA,AA,AA,AG,AA,AA,TT,GG,AC,AG,AC,AA,NN,AA,AG,GG,GG,GG,NN,AA,AA,TT,TT,TT,AG,TT,GG,GG,AA,11.7,Moderate,Low,Poor,Medium
L0187,Davangere,Karnataka,Rabi,Black Cotton,Irrigated,430,25.5,58,AC,TT,AG,AG,GG,CC,GG,AT,CC,GG,AA,CT,CC,AT,TT,GG,GG,TT,TT,AA,CC,GG,TT,CT,TT,CC,TT,TT,GG,AA,TT,CC,AA,CC,GG,CC,GG,GG,GG,CC,TT,CT,AA,TT,AG,GG,TT,AT,CC,AA,GG,AA,AA,GG,CC,TT,TT,AC,GG,AC,AA,TT,TT,AG,TT,TT,CC,GG,TT,GG,AA,GG,CC,AA,GG,AA,AA,GG,NN,TT,GG,GG,GG,CC,AT,GG,AA,AA,CC,TT,CC,TT,CC,TT,GT,GG,TT,CC,TT,CC,CT,CC,AA,AA,TT,TT,CC,AA,GG,AC,CT,GG,TT,CC,TT,AC,AA,TT,CC,GG,CC,GG,CC,GG,CT,AA,CC,CG,CC,CC,NN,TT,AC,AA,CC,CT,AA,TT,AA,AA,CG,CC,CC,GG,AA,AA,AA,CC,GG,CC,CG,AA,AG,GG,TT,AA,AC,TT,TT,GG,CC,GG,GT,TT,CC,AT,TT,TT,NN,AT,CG,NN,AA,CT,CC,CC,GG,CC,AA,AG,AA,CC,TT,CC,GT,GT,CG,TT,AA,AA,TT,AA,GG,AA,AC,CC,GG,GG,AA,GG,TT,AA,AG,CC,GG,AA,AC,AA,AA,GG,TT,AT,AT,GG,GT,AA,CC,TT,TT,AA,GG,AA,CT,AA,TT,CC,NN,AC,CC,TT,GG,GG,CC,AG,CC,TT,TT,TT,GG,TT,AA,AC,GG,GG,CC,CG,GG,CC,GG,AT,AA,CC,TT,GG,CC,CC,AA,GG,CC,AA,CG,AA,AA,AC,CC,AA,TT,AA,GG,AA,AA,AA,AC,AA,AG,AG,AA,TT,CG,AC,AG,AC,AC,CT,AA,AA,CG,AG,GG,TT,AA,AA,TT,TT,TT,AG,AT,GG,CG,AA,6.87,Susceptible,Medium,Premium,Early
L0188,Davangere,Karnataka,Rabi,Black Cotton,Irrigated,430,25.5,58,AA,TT,GG,AG,GG,CC,GG,TT,CC,CG,AA,CC,CC,TT,TT,GG,GG,TT,TT,AG,CC,TT,TT,CT,TT,CC,TT,TT,GG,AA,TT,CC,AA,CC,GG,GG,GG,CC,GG,CC,TT,CT,AA,GT,AA,AA,TT,AT,CC,AC,GG,AA,AA,GG,CC,GT,AT,AC,GT,AA,AA,GT,AT,AG,TT,AT,CC,GG,TT,GT,AA,TT,CC,AA,AG,AC,AA,GG,TT,TT,GG,GG,GG,CC,AT,AG,AA,AA,CG,GT,CC,TT,CC,TT,GT,AG,TT,CC,TT,CC,CC,GG,GG,GG,TT,TT,CC,AA,AA,NN,CC,GG,TT,CC,TT,AC,AC,TT,CC,AG,CC,GG,CT,GG,TT,AG,CC,CC,CC,CC,AA,GT,AC,AA,CC,CT,AA,TT,AG,AA,CG,CC,CC,GG,AG,AG,AA,CC,GT,CC,CG,AG,AG,NN,TT,GG,AC,TT,CT,GG,CC,GT,TT,CT,CG,AA,GT,TT,AA,TT,CG,CC,AG,CT,CC,CC,CG,CC,AA,GG,AG,CC,TT,CG,GT,TT,GG,AT,AA,AG,TT,CC,CG,AA,AC,CC,GG,GG,CC,CG,TT,AA,AA,CG,GG,AT,CC,AA,AT,GG,TT,AT,AA,GG,TT,AT,CG,AT,GT,AA,GG,AG,CT,AA,TT,CC,TT,AA,CC,TT,GG,AG,CG,AG,AC,TT,TT,TT,GG,TT,AA,AC,AG,NN,CC,CG,GG,CC,GG,AA,NN,CG,TT,GG,CC,CC,AT,AG,CG,AT,CC,AT,AA,CC,CG,AC,TT,AA,GG,AA,AC,AC,AC,GG,AG,AA,AA,TT,GG,AA,AA,AC,AC,CT,AG,AA,GG,GG,GG,TT,AA,GG,TT,TT,TT,AG,TT,GG,GG,AA,7.35,Susceptible,Medium,Poor,Medium
L0189,Davangere,Karnataka,Rabi,Black Cotton,Irrigated,430,25.5,58,AC,TT,GG,AA,CG,CC,GT,TT,CC,GG,AT,CT,CC,TT,GT,GG,GG,TT,TT,AA,CG,TT,GT,CT,TT,CC,TT,AT,GG,AA,TT,CC,AA,CC,AA,GG,GG,NN,GG,CC,NN,CT,AA,TT,AA,GG,TT,TT,CC,CC,GG,AT,AA,GG,CC,TT,AA,AA,TT,CC,AA,TT,TT,AG,TT,AT,CC,GG,TT,GT,AG,GG,CC,AA,GG,AA,AA,GG,TT,TT,GG,GG,GG,CC,AA,GG,AA,AA,CG,GT,CC,GG,CC,TT,TT,GG,CT,CC,GT,CC,CC,CG,AA,AA,TT,TT,CG,AA,AA,AA,CT,GG,TT,CG,GT,AA,AA,TT,CC,AG,CC,AG,CC,GG,NN,AA,CC,CC,CC,CC,AA,TT,CC,AA,CC,CC,AA,TT,AA,AT,GG,CC,CC,GG,AA,AG,AA,NN,GG,CC,CC,AA,AG,GG,GT,GG,AA,TT,CT,GG,AC,TT,GT,CT,CC,AA,GT,CT,AA,TT,GG,CC,AA,CT,CC,CC,GG,CC,AA,GG,AG,CC,TT,CC,GT,TT,CG,AA,AA,AA,TT,CC,CG,AC,CC,CC,GG,GG,AA,CG,TT,AA,AA,CG,GG,AT,AC,AA,AT,GG,TT,TT,AA,CG,GG,AT,CC,TT,GG,AT,GG,AA,CC,AA,TT,CC,CT,AA,CC,TT,GG,AA,CC,AG,CC,TT,CT,TT,GG,TT,AA,CC,AG,GG,CC,CG,GG,CG,GG,AA,AA,CC,TT,GG,CG,CC,AA,GG,CC,AA,CC,AA,AA,AC,CC,CC,TT,AA,CG,AA,AA,AC,AA,AG,GG,AA,AA,TT,GG,AA,AG,AC,AC,TT,AG,AG,GG,GG,GG,TT,AA,AA,TT,TT,TT,AA,AT,GG,GG,AA,9.12,Susceptible,Medium,Standard,Late
L0190,Davangere,Karnataka,Rabi,Black Cotton,Irrigated,430,25.5,58,AA,TT,AG,GG,GG,CG,GG,TT,CC,GG,AA,CT,CC,AT,TT,GG,GG,TT,TT,AA,CC,TT,GT,CT,TT,CC,TT,TT,GG,AA,CT,CC,AA,CC,GG,CG,GG,GG,GG,CC,TT,CT,AA,TT,AG,AG,TT,TT,CC,AC,GT,AA,AG,GG,CT,GG,AT,AA,GT,AA,AA,TT,AT,AG,TT,TT,CC,GG,TT,GG,AA,GT,NN,AA,GG,AC,AA,AG,GT,TT,GG,GG,GG,CC,AA,GG,AA,AT,CC,GT,AC,TT,CT,TT,GT,GG,TT,CC,GT,CT,CT,CG,AG,AA,TT,TT,CC,AA,AA,AA,TT,GG,TT,CC,TT,AA,AA,TT,CC,GG,CC,GG,CT,GT,TT,AA,CC,CC,CC,CC,AA,TT,CC,AA,CC,CT,AA,TT,AA,AA,CC,CT,CC,GG,AG,AA,AA,CC,GG,CC,CC,AA,AA,GG,GT,GG,AA,TT,TT,GG,CC,GT,TT,CT,CG,AA,TT,TT,AA,AT,GG,NN,AG,CC,CC,CC,CC,CC,AA,GG,GG,CC,TT,CG,GT,TT,GG,TT,AG,AA,TT,CC,GG,AC,CC,CC,GG,NN,AA,GG,TT,AA,AA,CC,GG,AA,CC,AT,AA,GT,TT,AT,AT,GG,GT,AT,CC,TT,TT,AA,GG,AA,TT,AA,TT,CC,TT,AA,CC,TT,GG,AA,CG,AG,CC,TT,CC,TT,GG,TT,AC,CC,AG,GG,CC,CC,GG,CC,GG,AT,AA,CC,TT,GG,CC,CC,AA,GG,CC,AT,CC,AA,AA,CC,CC,CC,TT,AA,GG,AA,AA,AA,AA,NN,AA,AA,AA,TT,GG,AA,AA,AC,AC,CT,AA,AA,GG,NN,GG,TT,AA,AA,TT,TT,TT,AG,AT,GG,CG,AA,9.08,Moderate,Low,Poor,Medium
L0191,Davangere,Karnataka,Rabi,Black Cotton,Irrigated,430,25.5,58,AA,TT,GG,AG,GG,CG,GG,TT,CC,CC,AA,CT,CG,AT,NN,GG,GG,TT,TT,AA,CC,TT,GT,CC,TT,CC,TT,TT,GT,AA,TT,CC,AG,CC,GG,CC,GG,CG,GG,CC,TT,TT,AA,GT,AG,GG,CT,TT,CC,AC,GG,AA,AG,GG,CC,GT,AA,AA,GG,AC,AA,GT,TT,AG,TT,TT,CC,NN,TT,GG,AG,GG,CC,AA,AG,NN,AA,GG,TT,TT,GG,GG,GG,CC,AT,GG,AG,AA,CG,GG,NN,TT,CT,TT,TT,GG,TT,CC,TT,CC,CT,GG,AG,AG,AT,TT,CC,AA,AG,AA,CC,GG,TT,CC,TT,AA,AA,TT,CG,GG,CG,GG,CC,GG,TT,AA,CC,CC,CC,CC,AA,TT,CC,AA,CC,CC,AA,TT,AA,AA,GG,CC,CC,GG,AA,AG,AA,CC,GG,CC,CG,AA,AG,GG,GT,GG,AA,GT,TT,GG,AC,TT,TT,TT,CC,AA,TT,TT,AA,TT,GG,CG,AG,CC,CC,CC,CG,CC,AA,GG,AA,CC,TT,CG,GT,GT,GG,AA,AA,AA,TT,CC,GG,AC,CC,CC,GG,GG,AA,GG,TT,AC,AA,CC,GT,AT,AC,AA,AT,GG,TT,AT,AA,CG,GG,AT,CC,AT,TT,AA,GG,AA,TT,AA,TT,CC,TT,AA,CC,TT,CG,AG,CG,AG,CC,TT,TT,GT,GG,TT,AA,CC,AA,GG,NN,CG,GG,CC,GG,AT,AG,GG,GT,GG,CG,CC,AA,AG,CC,TT,CC,AT,AA,CC,CC,AC,AT,AG,GG,AA,AA,AC,AA,AG,AG,AA,AA,TT,GG,AA,AA,CC,AC,CT,AG,NN,CG,GG,GG,TT,AA,AA,GT,TT,TT,GG,AT,GG,GG,AC,8.06,Resistant,Low,Premium,Early
L0192,Davangere,Karnataka,Rabi,Black Cotton,Irrigated,430,25.5,58,AA,TT,AA,AA,GG,CC,GG,TT,CC,CG,AT,CC,GG,TT,GT,GG,CG,TT,TT,AA,CG,TT,GT,CC,TT,CC,TT,TT,GG,AA,TT,CC,AA,CC,GG,CG,GG,CC,GG,AA,TT,CC,AA,TT,AA,GG,TT,TT,CC,AC,GG,AA,AG,GG,CC,TT,AT,AC,GT,AA,AA,TT,TT,AG,TT,TT,CC,GG,TT,GG,AA,GG,CC,AA,GG,AA,AT,GG,GT,TT,GG,GT,GT,CC,AT,AA,AA,AA,CG,TT,CC,TT,CT,TT,GT,GG,TT,CC,TT,CC,CT,CC,AG,AG,AT,NN,CC,AA,GG,AA,CC,GG,TT,CG,TT,AC,AA,TT,CC,GG,CC,GG,CT,GT,NN,AA,CT,CC,CC,CC,AA,TT,AC,AA,CC,CC,AA,TT,AA,AA,GG,CC,CC,GG,AG,AG,AA,CC,NN,CC,CC,AA,AA,AG,GT,GG,CC,GT,CT,GG,CC,TT,GT,TT,CC,AA,TT,TT,AT,TT,GG,CC,AG,CC,CC,CC,GG,AC,AA,AG,AG,CC,TT,CC,TT,TT,GG,TT,AA,AG,TT,NN,GG,AA,CC,NN,GG,GG,AA,GG,TT,AC,AA,CC,GG,TT,AA,AA,AT,GG,TT,TT,AA,GG,GT,AA,CG,NN,GT,AA,GG,AA,NN,AA,AT,CC,TT,AA,CC,CT,GG,AA,CC,GG,CC,TT,CT,TT,GG,TT,AA,AC,AA,GG,CC,CG,GG,CC,GG,AT,AA,CC,GT,GG,CC,GG,NN,AG,CC,TT,CC,AT,AA,AC,CC,AC,TT,AA,GG,AA,AA,AA,AA,AG,GG,AA,AG,TT,GG,NN,AG,AC,AA,TT,AA,AA,CG,GG,CG,TT,AA,AG,GT,TT,TT,AA,AT,GG,CG,AA,9.85,Susceptible,Medium,Premium,Late
L0193,Davangere,Karnataka,Rabi,Black Cotton,Irrigated,430,25.5,58,AA,CT,AG,AG,GG,CC,GG,TT,CC,CG,AA,CC,CG,AT,TT,GT,CG,TT,TT,NN,CC,TT,TT,CT,TT,CC,TT,TT,GG,AA,TT,CC,AA,CC,GG,GG,GG,CC,GG,CC,TT,TT,AA,TT,AG,GG,TT,AT,CC,CC,GG,AA,AG,GG,CC,TT,AA,AC,GT,AC,AG,GT,AT,AA,TT,AA,CC,GG,TT,GG,AG,GG,CC,AA,GG,AC,AA,GG,TT,TT,AG,GG,GG,CC,AA,GG,AA,AA,CC,GT,CC,TT,CC,TT,TT,AG,CT,CC,GT,CC,CC,NN,AG,AA,TT,TT,CC,AA,AA,AA,CC,GG,TT,CC,TT,AA,AA,TT,CG,GG,CC,GG,CC,GT,TT,AA,CC,CC,CC,CC,AA,TT,CC,AA,CC,CC,AA,AT,AA,AA,CG,CC,CC,GG,AG,GG,AA,AC,TT,CG,CC,AA,GG,GG,TT,GG,CC,TT,CT,GG,AC,TT,NN,TT,CG,AT,TT,TT,AA,TT,GG,CC,AA,CT,CC,CC,CG,CC,AA,GG,AG,CC,GT,CC,GG,TT,GG,AT,AG,AG,TT,AC,GG,AC,CC,NN,GG,GG,AA,GG,TT,AC,AA,CC,GG,AA,AC,AT,AA,GT,TT,AT,AT,CG,TT,AT,GG,TT,GT,AA,GG,AA,TT,AA,TT,CC,TT,AC,CC,TT,GG,AG,CC,AG,CC,TT,TT,GG,GG,TT,AA,AC,AG,GG,CC,CG,GG,CC,GG,TT,AA,CC,GT,GG,CC,CC,AT,GG,CC,AA,CG,AA,AA,AC,CG,AC,AT,NN,GG,AA,AA,AA,AC,GG,AG,AA,AA,AT,GG,AC,AG,CC,CC,CT,AG,AA,GG,GG,GG,TT,AT,AA,GG,TT,TT,AA,TT,GG,GG,AA,8.96,Susceptible,Medium,Poor,Late
L0194,Davangere,Karnataka,Rabi,Black Cotton,Irrigated,430,25.5,58,AC,TT,AG,AG,CG,CC,GT,AT,CC,CC,AA,CT,CG,AT,GT,GG,CG,TT,TT,AA,CC,GT,GT,CC,TT,CC,TT,TT,GG,AA,TT,CC,AA,AC,GG,GG,GT,CG,GG,AC,TT,CC,AA,TT,AA,GG,TT,TT,CC,AC,GG,AA,AA,GG,CC,TT,AA,AC,GG,AA,AA,TT,TT,AG,TT,TT,CC,GG,TT,GG,AG,GG,CC,AA,GG,AA,AA,GG,GT,NN,GG,GT,GG,CC,AA,AG,AA,AT,CC,GT,CC,TT,CC,TT,TT,AG,TT,CC,TT,CC,CC,CC,AG,AA,TT,TT,CC,AA,AG,AC,CC,GG,TT,CC,GT,AA,AA,TT,CG,AG,CC,AG,CC,GT,TT,AG,CT,CC,CC,CC,AA,TT,AC,AA,CC,CC,AA,AT,AA,AA,CG,CC,CC,GG,AA,AA,AA,CC,GG,CG,CG,AA,AA,GG,NN,GG,CC,GT,CC,GG,CC,TT,TT,TT,CG,AA,GT,TT,AA,TT,CG,CC,AG,CC,CC,CC,CG,CC,AA,GG,GG,CC,TT,CC,GG,TT,CG,AT,AA,AG,TT,CC,GG,AA,CC,CC,GG,GG,AC,GG,TT,AC,AG,CC,GT,AA,AC,AA,AT,GG,TT,TT,AA,CC,GG,AT,CG,TT,GT,AA,GG,AA,TT,AA,TT,CC,CT,AA,CC,TT,GG,AG,CC,AA,CC,TT,TT,TT,GG,TT,AC,CC,AA,GG,CC,CC,GG,CC,GG,TT,AG,CC,TT,GG,CC,CC,AT,GG,CG,AA,CC,AA,AA,AC,CG,CC,TT,AG,GG,AA,AA,AA,AA,AG,AG,AG,AA,TT,GG,AA,AA,AC,AA,CT,AA,AA,GG,GG,CG,GT,AA,AA,TT,TT,TT,AA,TT,GG,GG,AA,8.89,Susceptible,Medium,Premium,Late
L0195,Davangere,Karnataka,Rabi,Black Cotton,Irrigated,430,25.5,58,AC,TT,GG,GG,GG,CC,GT,TT,CC,CC,AA,CC,CC,TT,TT,GT,GG,TT,TT,AA,CG,TT,TT,CC,TT,CC,TT,TT,GT,NN,CT,TT,AA,CC,GG,CG,GG,CG,GG,CC,TT,TT,AA,TT,AA,AG,TT,TT,CC,AC,GT,AA,AA,GG,CC,TT,AA,AC,GG,AA,AA,GT,AT,AA,CT,AA,CT,GG,TT,GT,AG,GG,CC,AA,GG,AC,TT,GG,TT,TT,NN,GT,GG,CC,AA,GG,AA,AA,CC,GG,AC,TT,CC,TT,TT,GG,TT,AC,TT,CC,CC,CC,AG,AA,TT,TT,CC,AA,AA,AA,TT,GG,TT,CC,TT,AA,AA,TT,CC,AG,CG,GG,CC,GG,TT,AA,CC,CC,AC,CG,AA,NN,CC,AA,CC,CT,AA,NN,AG,AA,CG,CT,CC,GG,AA,AA,AA,CC,GT,CC,CC,AA,AA,NN,GT,GG,AA,TT,TT,AA,AC,TT,TT,TT,CC,AA,GT,TT,AA,TT,GG,CC,AG,CT,CC,CC,GG,CC,AA,GG,AA,CC,TT,CG,GG,GT,GG,AT,AA,AA,TT,CC,GG,AC,CC,CG,GG,GG,AA,GG,TT,AC,AA,CG,GT,AT,AC,AA,AA,GT,TT,TT,AT,GG,TT,AA,CG,AT,TT,AA,GG,AA,CC,NN,TT,CC,TT,AA,CC,TT,GG,AG,CC,GG,CC,TT,TT,GT,GG,TT,AC,CC,AA,TT,CC,GG,GG,CC,GG,AA,AG,CC,TT,GG,CC,CC,NN,GG,CC,AT,CC,AA,AA,AC,CC,AC,TT,AG,GG,AA,AA,AA,AA,NN,AA,AA,AA,TT,GG,AA,GG,CC,AA,TT,AG,AA,CG,NN,GG,TT,AA,AA,TT,TT,TT,AA,AT,GG,CG,AC,8.73,Moderate,Low,Poor,Late
L0196,Davangere,Karnataka,Rabi,Black Cotton,Irrigated,430,25.5,58,AA,TT,GG,AA,CG,CC,GG,AT,CC,CC,AA,CT,CG,AA,TT,GG,GG,TT,TT,AA,CC,TT,GT,CC,AT,CC,TT,TT,GG,AA,TT,CC,AA,CC,AG,CG,GG,CC,GG,CC,TT,CT,AA,TT,AG,GG,TT,TT,CC,CC,GG,AA,AG,GG,CT,TT,AT,AA,TT,AC,AA,TT,AT,AA,TT,AT,CC,GG,TT,GG,AA,GG,CC,AA,GG,AA,AT,GG,TT,TT,GG,GG,GG,CC,AA,GG,AA,AA,CC,TT,CC,TT,CC,TT,TT,GG,TT,CC,TT,CC,CT,CC,GG,AA,TT,TT,CC,AA,GG,AA,CT,GG,TT,CC,GT,AA,AA,TT,GG,GG,CC,GG,CC,GG,CT,AA,CT,CC,CC,CC,AA,TT,CC,AA,CC,CC,AA,AT,AA,AT,GG,CT,CC,GG,NN,AA,NN,CC,GT,CC,CC,AG,NN,AG,GT,GG,AA,GT,TT,GG,AC,TT,TT,TT,CC,AT,GT,TT,AA,TT,GG,NN,AA,CC,CC,CC,CC,CC,AA,GG,GG,CC,TT,CG,GT,TT,CG,AT,AA,AA,TT,AC,GG,AA,CC,CC,GG,AG,AC,GG,TT,AA,AG,CC,GG,AA,CC,AA,AT,GT,GT,TT,NN,GG,GT,AT,CG,TT,GT,AT,GG,AA,CT,AA,TT,CC,TT,AC,CC,TT,GG,NN,CG,GG,CC,TT,TT,GT,GG,TT,AA,AC,AA,GG,CC,CG,GG,CC,GT,TT,AG,CC,TT,NN,CC,CC,AA,GG,CC,AT,CC,AA,AA,AC,CC,AC,TT,GG,GG,AA,AA,AC,AA,AG,GG,AA,AA,TT,CG,AA,AA,AC,AA,CT,AG,AA,GG,GG,GG,TT,TT,AA,TT,TT,TT,AA,AA,GG,GG,AA,6.36,Moderate,Low,Poor,Early
L0197,Davangere,Karnataka,Rabi,Black Cotton,Irrigated,430,25.5,58,AC,CC,GG,AA,GG,CC,GT,AT,CC,CC,AA,CT,CG,TT,TT,GG,GG,TT,TT,AA,CG,TT,TT,CT,TT,CC,TT,TT,GT,AA,TT,CT,AA,CC,GG,GG,GG,CC,GG,CC,TT,CC,AC,GT,AA,GG,TT,NN,CC,AC,GT,AA,AG,GG,CT,GT,AA,AC,GT,AA,AA,TT,AT,AG,TT,TT,CC,GG,TT,GT,AA,GG,CC,AA,GG,CC,AT,GG,TT,TT,GG,GG,GT,CC,AA,GG,AA,AA,CC,TT,CC,TT,TT,TT,GG,AG,CT,CC,GT,CC,CC,CG,AG,AA,TT,TT,CC,AA,AG,AC,CC,GG,TT,CC,TT,AA,AC,TT,CC,AA,CG,GG,CC,NN,TT,NN,CC,CC,CC,CC,AA,TT,CC,AA,CC,CC,AA,TT,AA,AA,CG,CT,CC,GG,AA,AG,AA,CC,GT,CC,CG,AA,AG,GG,TT,GG,CC,GT,TT,GG,AC,GG,TT,TT,CC,AT,TT,CT,AA,TT,GG,CC,AA,CT,CC,CC,GG,CC,AA,AG,GG,CC,TT,CC,GG,TT,GG,AT,AA,AA,TT,CC,GG,AA,AC,CC,NN,GG,AC,GG,TT,AA,AA,CC,GG,AA,CC,AA,AT,GT,TT,AT,AA,GG,GT,AA,CG,NN,GT,AA,GG,AA,TT,AA,AT,CC,CT,AA,CC,TT,GG,AG,CC,AG,CC,TT,TT,TT,GG,TT,AA,CC,AG,GG,CG,CG,GG,CC,GG,AT,AA,CC,TT,GG,CC,CC,AA,GG,CC,AT,CC,AA,AA,CC,CC,AC,TT,AA,GG,AA,AA,AC,AA,AG,AG,AA,AA,AT,GG,AC,GG,CC,AC,TT,AA,AA,GG,AG,GG,TT,AT,AA,GG,TT,TT,AA,AT,GG,GG,AA,8.19,Susceptible,Low,Standard,Medium
L0198,Davangere,Karnataka,Rabi,Black Cotton,Irrigated,430,25.5,58,AC,TT,GG,AG,GG,CC,GG,AT,CC,GG,AA,CC,CG,TT,TT,GG,CC,TT,TT,AA,CC,TT,GT,CC,AT,CC,TT,TT,GG,AA,TT,CC,AA,CC,GG,GG,GG,CG,GG,CC,TT,TT,AC,GT,AA,AG,TT,AT,CG,AC,GG,AA,AA,CG,CC,TT,AA,AA,GG,AA,AA,TT,TT,AG,TT,TT,CC,GG,TT,GT,AG,GG,CC,AA,GG,AA,AT,NN,TT,TT,GG,GG,GG,CC,AA,GG,AG,AA,CC,GT,AC,TT,CT,TT,TT,GG,CT,NN,TT,CC,CC,CC,GG,AA,TT,TT,CC,AA,AG,AA,CT,GG,TT,CC,GT,AA,AA,TT,CC,GG,CG,NN,CC,GT,CT,AA,CC,CC,CC,CC,AA,TT,CC,AA,CC,CT,AA,TT,AA,AA,CC,CC,CC,GG,AA,AA,AA,CC,GG,CC,CC,AA,AG,AG,GT,GG,AC,GT,CT,GG,AC,TT,TT,CT,CG,AA,TT,TT,AA,TT,NN,CC,AA,CT,AA,NN,GG,CC,AA,GG,AA,CC,TT,NN,TT,GT,GG,AT,AA,AA,TT,CC,GG,AA,AC,CC,GG,GG,AA,GG,CT,AC,AG,CC,GT,AA,CC,AA,AA,GT,TT,AA,TT,CG,GG,TT,CC,AA,TT,AA,GG,AA,TT,AA,TT,CC,TT,AA,CC,TT,CG,AA,CC,AG,CC,TT,CT,GT,GG,TT,AA,AA,AG,GG,CC,CC,GG,CC,GG,TT,AA,CG,TT,GG,CC,CG,AT,GG,CC,AT,CG,AA,AA,AC,CG,AC,TT,AG,GG,AA,NN,CC,AA,AG,AA,AA,AA,AT,GG,AA,AG,CC,AA,CT,AA,AA,GG,GG,NN,TT,AA,AA,TT,NN,TT,AA,TT,GG,CG,AA,9.91,Moderate,Medium,Poor,Late
L0199,Davangere,Karnataka,Rabi,Black Cotton,Irrigated,430,25.5,58,AA,NN,GG,AA,CG,CC,GG,NN,CC,CG,AA,CC,CC,AT,TT,GG,GG,TT,TT,AG,CC,GT,GT,CT,TT,CC,TT,TT,GG,AA,TT,CT,AG,CC,GG,GG,GG,CG,GT,AC,TT,CT,AA,NN,AA,AG,TT,TT,CC,AC,GG,AA,AA,GG,CC,GG,AA,AA,GG,AA,AA,TT,AT,AA,TT,AT,CC,GG,TT,TT,AA,GG,CC,AA,AG,AA,TT,GG,TT,TT,GG,GG,GT,CC,AA,GG,AA,AA,NN,GT,AC,TT,CT,TT,GT,GG,TT,CC,GT,CC,CC,GG,AG,AG,TT,TT,NN,AG,AG,AC,CC,GG,TT,CC,TT,CC,AC,TT,CC,GG,GG,GG,CC,GG,TT,AG,CC,CC,CC,CC,AA,TT,CC,AA,CC,NN,AA,AA,AA,AA,GG,CC,CC,GG,AA,AA,AT,CC,GG,CC,CC,AA,GG,GG,TT,GG,AA,GT,CT,GG,CC,GG,GT,CT,CC,AT,GT,TT,NN,TT,CG,CG,AA,CT,CC,CC,CG,CC,AA,GG,AA,CC,TT,CC,GT,TT,GG,TT,AA,AG,TT,AC,CG,AA,CC,CG,GG,GG,NN,GG,TT,AC,AA,CC,GG,AA,AA,AA,AT,GG,TT,AT,AT,GG,GG,AT,CC,AT,TT,AA,GG,AA,TT,AA,TT,CC,TT,AC,CC,TT,GG,AA,CG,AG,CC,AT,TT,TT,GG,TT,AC,CC,AG,GG,CC,CG,GG,CC,GG,TT,AG,CG,TT,GG,CG,CG,AT,GG,CC,AA,CC,AT,AA,AC,CC,AC,TT,AA,GG,AA,AA,AC,AC,AA,AA,AG,AA,TT,GG,AA,AA,AA,AA,CT,GG,AA,GG,AG,CG,TT,AT,AA,TT,TT,TT,GG,AT,GG,GG,AA,5.17,Susceptible,Medium,Premium,Medium
L0200,Davangere,Karnataka,Rabi,Black Cotton,Irrigated,430,25.5,58,AA,CC,AG,AG,GG,CC,GG,TT,CC,CG,AA,CC,CC,TT,GT,GG,GG,TT,TT,AA,CG,TT,GT,CC,TT,CC,TT,TT,GG,AA,TT,CC,AA,CC,GG,CG,GG,CC,GG,CC,TT,CT,AC,TT,AA,AA,CT,TT,CC,AA,GT,AA,GG,GG,CC,TT,AA,AC,TT,AA,NN,TT,TT,AG,TT,TT,CC,GG,TT,GG,AG,GG,AC,AA,AG,CC,AT,GG,TT,TT,GG,GT,GG,CC,AT,GG,AA,AA,CC,TT,AC,TT,CT,AT,GT,GG,TT,CC,TT,CC,CC,CG,GG,AA,TT,TT,CC,AA,AA,AC,CT,GG,TT,CC,GT,AC,AA,AT,CC,GG,CC,GG,CC,GG,TT,AG,CC,CC,AC,CC,AG,TT,CC,AA,CC,TT,AA,TT,AA,AA,CG,CT,CC,GG,AG,GG,AA,CC,GG,CC,CG,AA,AA,GG,TT,GG,AC,TT,TT,GG,CC,TT,TT,TT,CG,AA,TT,TT,AA,TT,CG,CC,GG,CT,CC,CC,CG,CC,AA,GG,AA,CC,TT,CC,GG,GT,NN,AT,AA,AA,GT,AC,GG,AA,CC,CC,GG,GG,AC,NN,TT,AA,AA,CC,GG,AA,AC,AA,AA,GG,GT,NN,AA,GG,GT,AT,CC,AT,NN,AA,GG,AA,TT,AA,TT,CG,CT,AC,AC,CT,GG,AG,CG,AG,CC,TT,TT,TT,GG,TT,AC,AC,AG,GG,CC,CC,GG,CG,GG,AT,AA,CC,GT,GG,CG,CG,AA,GG,CC,AA,CG,AA,AA,CC,CG,NN,TT,AA,GG,AT,AA,AC,AA,GG,AA,AG,AA,AT,GG,AC,AA,CC,AA,TT,AA,AG,GG,GG,CG,TT,TT,AA,GT,TT,TT,AA,TT,CG,GG,AA,7.0,Susceptible,High,Poor,Early
L0201,Davangere,Karnataka,Rabi,Black Cotton,Irrigated,430,25.5,58,AA,TT,GG,AG,GG,CC,GT,TT,CC,GG,AA,CC,CG,AT,GT,GT,CC,TT,TT,AA,CC,TT,GT,CC,NN,CC,TT,TT,GG,AA,TT,CC,AA,CC,GG,GG,GG,CG,GG,CC,TT,CT,AA,GT,AA,AG,TT,TT,CC,AA,GG,AA,AA,GG,TT,TT,NN,AC,TT,AA,GG,TT,TT,AA,TT,TT,CT,GG,CT,NN,AA,GG,AC,AA,AG,AC,AA,GG,TT,TT,GG,GT,GG,CC,AA,GG,AA,AA,CC,GT,CC,TT,CT,TT,GT,GG,TT,CC,TT,CC,CC,GG,AG,AA,TT,TT,CG,AA,AG,AA,CC,GG,TT,CC,GT,AC,AA,AT,CC,GG,CC,GG,CC,GG,CT,AA,CC,CC,CC,CC,AA,TT,CC,AA,CC,CT,AA,AT,AA,AA,GG,TT,CC,GG,AA,GG,AT,CC,GG,CC,CC,AA,AA,GG,TT,GG,AC,TT,TT,GG,AC,TT,TT,TT,CC,AA,TT,TT,AA,TT,CG,CC,AA,CT,CC,CC,GG,AC,AA,GG,AA,CC,TT,CC,GG,TT,CG,TT,AA,AG,TT,CC,GG,AA,CC,CC,GG,GG,AA,GG,TT,AC,AA,CC,GT,AA,AC,AA,AA,GT,TT,TT,AA,CG,TT,AT,CC,AA,GT,AA,GG,AA,CT,AA,TT,CC,TT,AA,AC,TT,GG,AA,CC,AG,CC,AT,CT,GT,GG,TT,AC,CC,AG,GG,CC,CG,GG,CC,GG,AT,AA,CC,TT,GG,CC,CG,AA,GG,CC,AA,CC,AA,AA,CC,CC,CC,TT,AA,CG,AA,AA,AA,AA,AG,GG,AA,AA,TT,CG,AA,AG,AC,AA,CT,AA,AA,GG,GG,GG,TT,AA,AA,GT,TT,TT,AG,TT,GG,GG,AA,8.12,Susceptible,Medium,Poor,Medium
L0202,Davangere,Karnataka,Rabi,Black Cotton,Irrigated,430,25.5,58,AC,CT,NN,AA,GG,CG,GG,TT,CC,CC,AA,CC,CC,TT,TT,GT,CC,TT,TT,AA,CC,TT,GG,CC,TT,CC,TT,TT,GG,AA,TT,CC,AA,CC,GG,GG,GG,CG,GG,CC,TT,CT,AA,GT,AG,AG,TT,TT,CC,AC,GG,AT,AG,GG,CC,TT,AA,AC,GT,AA,AA,TT,TT,AG,TT,TT,CC,GG,TT,GG,AG,GG,CC,AA,GG,AC,AT,GG,TT,TT,GG,GG,GG,CC,AT,GG,AA,AA,CC,TT,CC,TT,CT,TT,TT,GG,TT,CC,TT,CC,CT,CC,GG,NN,TT,GT,CC,AA,AG,AA,CT,GG,TT,CC,GT,NN,AC,TT,CG,GG,CC,GG,CT,GG,TT,AA,CC,CC,AC,CG,AA,TT,CC,AA,CC,CC,AA,TT,AA,AA,GG,CC,CC,GG,AA,AG,AA,CC,GG,CC,CC,AA,AG,AG,GT,GG,AC,GT,CT,AG,AC,TT,GT,TT,CC,AT,TT,TT,AA,AT,CG,NN,AA,TT,AC,CC,GG,CC,AA,GG,AG,CC,TT,CC,GT,TT,CG,TT,AA,AA,TT,CC,GG,AA,AC,CC,GG,GG,AA,CG,TT,AA,NN,CC,GG,AA,CC,AA,AT,GT,TT,TT,AT,GG,GT,AA,CC,TT,TT,AA,AA,AA,CT,AA,TT,CC,TT,AC,CC,TT,GG,AA,CC,AG,CC,TT,TT,TT,GG,TT,AA,AC,AA,GG,CC,CC,GG,CC,GG,TT,AA,CG,TT,GG,CC,CC,AA,AG,CG,AA,CG,AA,AG,AC,CG,AA,TT,AA,GG,AA,AA,AA,AC,GG,AG,AA,AA,AT,GG,AA,AA,CC,NN,CT,AA,AA,CG,GG,CG,TT,AA,AG,GT,TT,TT,NN,TT,GG,GG,AA,6.85,Susceptible,High,Standard,Medium
L0203,Davangere,Karnataka,Rabi,Black Cotton,Irrigated,430,25.5,58,AA,TT,GG,NN,CG,CC,GG,TT,CC,CG,AA,CC,CC,TT,TT,TT,GG,TT,TT,AA,CG,TT,GG,CT,AT,CC,TT,TT,GT,AA,TT,CC,AG,CC,GG,GG,GG,GG,GG,CC,TT,TT,AA,TT,AA,GG,TT,TT,CC,AC,GG,AA,AG,GG,CT,TT,AT,AC,GT,AC,AA,TT,AT,AG,TT,TT,CC,GG,CT,GG,AA,GG,CC,AA,GG,AC,AA,GG,TT,TT,GG,GT,GG,CC,AA,GG,AA,AA,CC,GG,CC,TT,CT,TT,TT,GG,TT,CC,GT,CT,TT,CC,GG,AA,TT,TT,CG,AG,AG,AA,CC,GG,TT,CC,TT,AA,AC,TT,CC,AG,CG,AG,CT,GG,TT,AG,CC,CC,CC,CC,AA,TT,CC,AA,CC,CC,AA,TT,AA,AA,GG,CC,CC,GG,AA,AA,AA,CC,GG,CC,CC,AG,AA,GG,TT,GG,AA,GT,CT,GG,CC,TT,GT,TT,CG,AA,GT,NN,AT,TT,GG,CC,AG,CT,CC,CC,GG,CC,AA,GG,AA,CC,TT,CC,GG,GT,GG,TT,AA,AA,TT,AC,GG,AA,CC,CG,GG,GG,AC,GG,TT,CC,AA,NN,GG,AA,CC,AT,TT,GG,TT,TT,AA,CC,GT,AT,CG,AT,TT,AA,GG,AA,TT,AC,TT,CC,CT,AA,CC,CT,CC,AG,CC,AG,CC,TT,TT,TT,GG,TT,AC,AC,AA,GT,CC,CC,GG,CG,GG,AT,AA,CC,GT,GG,CC,CC,AT,GG,CC,AT,CC,AA,AA,CC,CG,AC,TT,AA,GG,AA,AA,AC,AC,AA,AG,AG,AA,TT,GG,AA,AG,AC,AA,CT,AA,AA,CC,GG,GG,TT,AA,AA,TT,TT,TT,AA,AA,GG,GG,AA,8.03,Susceptible,Medium,Premium,Medium
L0204,Davangere,Karnataka,Rabi,Black Cotton,Irrigated,430,25.5,58,AA,TT,GG,GG,GG,CC,TT,TT,CC,CC,AA,CT,CC,NN,TT,GT,CG,AT,TT,AA,CG,TT,TT,CC,TT,CC,TT,TT,GG,AA,TT,CT,AA,CC,GG,CG,GG,CC,GG,CC,TT,CT,AA,GT,AG,AA,TT,AT,CC,CC,GT,AT,AG,GG,CT,TT,AA,AC,GG,AC,AG,TT,TT,AG,CT,AT,CC,GG,TT,GT,AG,GG,CC,AA,GG,AC,TT,GG,GT,TT,GG,GT,GT,CC,AT,GG,NN,AA,CC,TT,CC,TT,CC,TT,TT,GG,TT,CC,GT,CC,CC,CG,GG,AA,TT,TT,CC,AA,AA,AA,CT,GG,GT,CG,GG,AA,AA,TT,CC,AG,CC,AG,CC,GT,TT,AA,CC,CC,CC,CC,AA,TT,CC,AA,CC,CC,AA,TT,AA,AA,GG,CC,CC,GG,AG,AA,AA,CC,GT,CC,CC,AA,AA,GG,GT,AG,NN,GT,CT,GG,AA,TT,GT,TT,CC,AT,GT,CT,AA,TT,GG,CC,AA,CT,CC,CC,CG,CC,AA,GG,AA,CC,TT,CC,GG,TT,CC,AT,AA,GG,TT,CC,GG,AC,CC,CC,GG,GG,NN,GG,TT,AC,AA,CC,GG,AA,CC,AA,AT,TT,TT,TT,AT,GG,GT,AA,CC,TT,TT,AA,GG,AA,CT,AA,TT,CC,NN,AA,CC,TT,CG,AG,CC,AG,CC,TT,TT,GG,GG,TT,AA,AC,AA,GG,CC,CC,GG,CC,GG,NN,AA,CG,GG,GG,CC,CG,AA,GG,CC,AT,CG,AA,AA,AC,CG,NN,TT,AA,GG,AA,AC,AC,AA,GG,AG,AA,AA,TT,GG,AA,AA,AC,AA,TT,AA,AA,CG,GG,GG,TT,AA,AG,GT,TT,TT,AA,TT,GG,GG,AA,8.32,Moderate,Low,Poor,Late
L0205,Davangere,Karnataka,Rabi,Black Cotton,Irrigated,430,25.5,58,AA,TT,GG,AG,GG,CG,GG,TT,CC,CC,AT,CC,CG,TT,TT,GG,GG,TT,TT,AA,CG,TT,TT,CT,TT,CC,TT,TT,GT,AA,TT,CC,AG,CC,GG,CG,GG,CC,GG,CC,TT,TT,AC,GT,AA,GG,TT,AT,CG,AC,GG,AA,AA,GG,TT,GT,AA,AC,GG,AC,AG,TT,AT,AA,TT,AA,CC,GG,TT,GG,NN,GG,CC,AA,AG,AC,AT,GG,TT,TT,AG,GG,GT,CC,AA,GG,AA,AA,CC,TT,AC,TT,CC,TT,GT,GG,TT,CC,GT,CT,CC,CG,AG,AA,TT,TT,CG,AA,AG,AA,CT,GG,GT,CC,TT,AC,AA,TT,CC,AG,CC,NN,CC,GG,TT,AA,CC,CC,CC,CG,AA,TT,AC,AA,CC,CC,AA,TT,AA,AA,GG,CC,CC,GG,AA,AG,AT,AC,GT,CC,CC,AA,AG,AG,TT,GG,AC,NN,TT,GG,NN,TT,TT,TT,CC,AA,TT,CT,AT,AT,CG,CC,AA,TT,CC,CC,CG,CC,AA,GG,AA,CC,TT,CG,GG,TT,GG,AA,AA,AG,TT,CC,GG,AC,CC,CC,GG,GG,AA,GG,TT,AA,AA,CG,GT,AA,AC,AA,AA,GG,NN,AT,TT,GG,GG,AT,CC,AT,GT,AA,GG,AG,CT,AC,TT,CC,CT,AA,NN,CT,CG,AG,CC,AA,CC,TT,TT,GT,GG,TT,NN,CC,AA,GG,CC,CG,GG,CC,GG,TT,AA,CG,GT,GG,CC,CC,AT,AG,CC,AA,CC,AA,AA,CC,CG,AA,TT,AA,GG,AA,AA,AA,AA,AG,AG,AG,AA,TT,CG,AA,AA,AC,AA,CT,AA,AA,CC,GG,GG,GT,AA,AA,GT,TT,TT,AA,AA,GG,GG,AA,8.58,Susceptible,High,Premium,Late
L0206,Davangere,Karnataka,Rabi,Black Cotton,Irrigated,430,25.5,58,AC,TT,GG,AG,GG,CC,GG,TT,CC,CC,AA,CC,CC,AT,TT,GG,GG,TT,TT,AA,CC,TT,TT,CC,TT,CC,TT,AT,GG,AA,TT,CC,AA,CC,GG,CG,GG,CG,NN,CC,GT,CT,AA,TT,AA,AG,TT,AA,CC,AC,GT,AA,GG,NN,CT,TT,AA,AC,TT,AA,GG,TT,AA,AA,TT,AT,CC,GG,TT,GT,AG,GG,CC,AG,AG,AA,AT,GG,TT,TT,GG,GG,GG,CC,AA,GG,AG,AA,CC,TT,AC,TT,CC,AT,TT,NN,TT,CC,TT,CC,CC,CG,GG,AA,TT,TT,CC,AA,AA,AA,CC,GG,GT,CG,TT,AA,AA,TT,CC,GG,CC,GG,CC,GT,NN,AA,CC,CC,CC,CC,AG,TT,AC,AA,CC,CT,AA,TT,AA,AA,NN,CC,CC,GG,AA,AA,AA,CC,GG,CC,CC,GG,AA,AG,TT,GG,AA,GT,CT,GG,AC,GT,GT,TT,CG,AA,TT,TT,NN,TT,GG,CG,AA,CC,CC,CC,CG,CC,AT,GG,AG,CC,TT,CC,GG,TT,GG,AT,AA,AA,TT,CC,GG,AA,AC,CC,GG,GG,AC,CG,TT,AA,AA,CG,GT,AT,AC,AT,TT,GT,TT,AT,AT,CC,TT,AT,CC,AT,TT,AA,GG,AG,TT,AC,TT,CC,TT,AA,CC,TT,GG,GG,CC,AG,CC,AT,CT,GT,GG,TT,AA,AA,GG,GG,CC,CC,NN,CC,GG,AT,AA,CC,TT,GG,CC,CC,AA,GG,CC,AA,CC,AA,AA,CC,CG,CC,TT,AA,GG,AA,AA,AA,AA,AG,AA,AA,AA,TT,CG,AC,AA,AC,AA,CT,AA,AA,GG,GG,GG,GT,AA,AG,TT,TT,TT,AA,AT,GG,GG,AC,8.16,Resistant,Low,Poor,Late
L0207,Davangere,Karnataka,Rabi,Black Cotton,Irrigated,430,25.5,58,AA,CT,AG,AA,GG,CC,GT,AT,CC,CC,AA,CT,CG,TT,TT,GG,GG,TT,TT,AA,CC,TT,TT,CC,TT,CC,TT,TT,GG,AA,TT,CT,AA,CC,GG,GG,GG,CC,GG,CC,TT,CT,AA,TT,AG,GG,TT,TT,CC,AC,GG,AT,AG,GG,CC,TT,AT,AA,GT,AA,AA,TT,AT,AA,TT,TT,CC,GG,TT,GG,AA,GG,CC,AA,AG,AA,NN,GG,TT,CC,AG,GG,GG,CC,AA,GG,AG,AT,CC,TT,CC,TT,CT,TT,TT,GG,TT,CC,GT,CC,CT,CC,AG,AA,TT,TT,NN,AA,AA,AA,CC,GG,GT,CG,NN,CC,AA,TT,NN,AG,CC,GG,CC,NN,TT,NN,CT,CC,CC,CC,AA,TT,CC,AA,CC,CT,AA,TT,AA,AA,GG,NN,CC,GG,AA,AA,AA,CC,TT,CC,CC,AA,AA,GG,TT,GG,AA,TT,CT,GG,CC,TT,TT,TT,CC,AA,TT,TT,AA,TT,GG,CC,AA,CT,AC,CC,GG,CC,AA,GG,GG,CC,TT,CC,GG,GT,GG,TT,AA,AA,TT,AC,GG,AC,CC,CC,GG,GG,CC,CG,TT,AC,AA,CC,GG,AA,AC,AA,AA,GT,TT,AT,AT,GG,GT,AT,CG,AT,TT,AA,GG,AA,CT,AA,TT,CC,TT,AA,CC,CT,CG,AG,CC,AA,CC,TT,CT,TT,GG,TT,AA,AC,AA,GG,CC,GG,GG,CC,GG,NN,AA,CC,GT,GG,CC,GG,AA,AG,CG,AA,CC,AA,AA,CC,CC,AC,AT,NN,GG,AA,AA,AA,AA,AA,AA,AA,AA,TT,GG,AC,NN,AA,AA,CT,AA,AA,GG,GG,GG,GT,AT,GG,TT,TT,TT,AG,TT,GG,GG,AA,6.13,Resistant,High,Premium,Medium
L0208,Davangere,Karnataka,Rabi,Black Cotton,Irrigated,430,25.5,58,AC,TT,GG,AA,GG,NN,GT,AT,CC,CG,AA,CT,CG,TT,GT,GG,CC,TT,AT,AA,CC,TT,TT,CC,TT,CC,TT,TT,GG,AA,TT,CC,AA,CC,GG,CG,GG,CC,GG,CC,GT,TT,AC,GT,AA,NN,TT,TT,CC,AA,GG,AA,AA,GG,CC,GT,NN,AA,GG,AC,AA,TT,TT,AG,TT,TT,CC,GG,TT,GG,AA,NN,AA,AA,AG,AC,AA,GG,TT,TT,GG,GG,NN,CC,AT,GG,AA,TT,CC,GG,AC,TT,CT,TT,GT,GG,TT,AC,TT,CC,CC,CG,AA,NN,AA,TT,CC,AA,AA,AC,CC,GG,TT,CC,TT,AA,AA,TT,CC,GG,CG,AG,CC,GT,TT,AA,CC,CC,CC,CG,AG,TT,CC,AA,CC,CC,AA,TT,AA,AA,GG,CT,CC,GG,AA,AG,AA,CC,GG,CC,CC,AA,AA,GG,TT,GG,AC,TT,CT,GG,CC,TT,TT,NN,GG,AA,TT,TT,AA,TT,GG,CC,AA,CC,CC,CC,CG,CC,AA,GG,AA,CC,TT,CC,GG,TT,GG,AA,AA,AA,NN,CC,GG,AC,AA,CC,GG,AG,AA,CG,TT,AA,AA,CC,GG,AA,CC,AA,AT,GG,TT,AT,AA,GG,GT,AT,CC,TT,GT,AA,GG,AA,TT,AA,TT,CG,CT,CC,CC,CT,CC,AA,CC,GG,CC,NN,CC,GT,GG,TT,AA,AC,AG,GG,CC,CC,GG,CC,GG,AA,AA,CG,GT,GG,CC,CG,AA,GG,CG,AT,CC,AA,AA,AC,CG,AC,TT,AA,GG,AA,AA,AA,AA,AG,AA,AA,AA,TT,GG,AC,AG,AC,AC,CT,AG,AG,GG,AG,GG,TT,AA,AG,GT,AT,TT,GG,AT,GG,GG,AA,5.8,Resistant,High,Premium,Medium
L0209,Davangere,Karnataka,Rabi,Black Cotton,Irrigated,430,25.5,58,AA,CC,GG,GG,GG,CC,GT,TT,CC,CG,AA,NN,CC,TT,GT,GT,GG,TT,TT,AG,CG,GT,GG,CT,TT,CC,GT,TT,GG,AA,TT,CC,AA,CC,GG,GG,GG,CG,GG,CC,TT,TT,AA,GT,GG,AG,TT,TT,CC,CC,GG,AA,GG,GG,CC,TT,AA,AA,GT,CC,AA,TT,TT,AA,TT,TT,CC,GG,TT,GG,AA,GG,CC,NN,GG,AC,TT,GG,TT,TT,GG,GG,GT,CC,AA,GG,AA,AA,CC,GT,CC,TT,TT,TT,TT,GG,CT,CC,TT,CC,CC,CG,AG,AA,AT,TT,CC,AA,AA,AA,CC,GG,TT,CC,TT,AC,AA,TT,CC,AG,CC,GG,CC,GG,CT,AA,CT,CC,CC,CG,AA,TT,CC,AA,CC,CT,NN,TT,AA,AT,GG,CT,CC,GG,AA,AA,AT,CC,GT,CC,CC,AA,AG,AG,TT,GG,AC,TT,CC,GG,CC,TT,GT,TT,CC,TT,TT,TT,AA,AT,GG,CC,AA,CT,CC,CC,GG,CC,AT,GG,AG,CC,TT,NN,TT,GT,GG,AT,AA,AA,TT,CC,GG,AA,CC,CC,GG,GG,AC,GG,CT,AA,AA,CG,GG,AA,CC,AT,AA,GT,GT,TT,AT,CG,GT,AA,CC,AT,TT,AA,GG,AA,CT,AA,TT,CC,TT,AC,CC,TT,CG,GG,GG,GG,AC,TT,CT,GG,GG,TT,AC,CC,AA,GG,CC,CC,GG,CC,GG,AA,AG,CC,TT,GG,CC,GG,AT,GG,CC,AT,CC,AA,AA,AC,CC,CC,TT,AA,GG,AA,NN,AA,AA,AG,AA,GG,AA,AT,GG,AA,AA,CC,AC,TT,AG,AG,GG,GG,CG,TT,AT,AG,GG,TT,TT,AG,TT,GG,GG,AA,7.53,Moderate,Medium,Standard,Early
L0210,Davangere,Karnataka,Rabi,Black Cotton,Irrigated,430,25.5,58,AC,TT,GG,AG,GG,CC,TT,AT,CC,CC,AA,CC,CC,TT,GT,GG,CG,TT,TT,AA,CC,TT,GG,CC,TT,CC,TT,TT,GG,NN,TT,CC,AA,CC,GG,GG,GG,CG,GG,AC,TT,CT,AA,TT,AA,GG,TT,TT,CC,AC,GG,AA,AA,GG,CC,TT,AA,AA,GT,AA,AG,TT,TT,AA,TT,TT,CC,GG,TT,GG,AA,GG,CC,AA,GG,AA,AT,GG,GT,TT,GG,GG,GG,CC,AT,GG,AA,AA,CC,GT,AC,GT,CC,TT,TT,GG,TT,AC,GG,CC,CC,CG,AG,AA,TT,TT,CG,AA,AA,AA,CC,GG,TT,CC,TT,AC,AA,TT,CG,GG,CC,AG,CC,GT,TT,AG,CC,CC,CC,CC,AA,TT,CC,AA,CC,CC,AA,TT,GG,AA,GG,CC,CC,GG,AA,AG,AA,AC,GG,CC,CC,AA,GG,GG,TT,GG,AA,GT,CT,GG,AA,TT,GT,TT,CC,AA,TT,TT,AA,AT,CG,CC,AG,CC,CC,AC,GG,CC,AA,GG,GG,AC,TT,CC,GG,TT,GG,AT,AA,AG,TT,AC,CG,AC,CC,CC,GG,GG,AA,GG,TT,AA,AG,CC,GT,AA,CC,AA,AA,GG,TT,TT,AT,CG,GT,AA,CG,TT,GT,AA,GG,AA,TT,AA,TT,CC,TT,AA,CC,TT,GG,AG,CC,GG,AC,TT,TT,GG,GG,AT,AA,CC,AG,GT,CC,CG,NN,CC,GG,TT,AG,CC,GT,GG,CC,CC,AA,GG,CC,AT,CC,AT,AG,CC,CG,AA,TT,AA,GG,AA,AA,AC,AC,AA,AA,AA,AG,TT,CG,CC,AG,AA,CC,CT,AA,AA,GG,GG,GG,TT,AA,AG,TT,TT,AT,AA,AT,GG,GG,AA,7.66,Moderate,Medium,Poor,Medium
L0211,Davangere,Karnataka,Rabi,Black Cotton,Irrigated,430,25.5,58,AC,TT,GG,AG,CG,CC,GG,TT,CC,CC,AA,CT,NN,AT,TT,GG,GG,TT,AT,AA,CC,TT,TT,CT,TT,CC,TT,TT,GG,AA,TT,CC,AA,CC,GG,GG,GG,CC,GG,AC,TT,TT,AA,GT,AG,GG,TT,TT,CC,AC,GG,AA,AG,GG,TT,TT,AA,AC,TT,AC,AA,TT,TT,AG,TT,AT,CC,GG,TT,GT,AA,GG,CC,AA,GG,AA,AT,GG,TT,TT,NN,GG,GG,CC,NN,GG,AA,AA,CC,TT,AC,TT,CT,TT,TT,GG,CT,AC,TT,CC,CC,CC,GG,AG,AT,TT,CC,AA,AA,AA,CC,GG,TT,CG,TT,AC,AA,TT,CC,AG,CC,GG,CC,GG,CC,AA,CC,CC,CC,CC,AA,TT,CC,AA,CC,CC,AA,TT,AA,AA,CG,CC,CC,GG,AA,AG,AA,CC,GG,CC,CC,AG,AG,GG,GT,GG,CC,TT,TT,GG,CC,GT,TT,TT,CC,AA,TT,TT,TT,TT,CG,CC,AG,CT,CC,AC,GG,CC,AA,GG,GG,CC,TT,CC,GG,NN,GG,TT,AA,AA,TT,CC,GG,AA,CC,CC,GG,AG,AC,NN,TT,AC,AA,CC,GG,AA,CC,AT,AT,GT,GT,AT,AT,CG,GG,AA,CC,TT,TT,AA,GG,AA,CC,AC,TT,CC,TT,AA,CC,TT,CG,AG,GG,AG,CC,TT,TT,TT,GG,TT,AA,AC,AA,GG,CC,CC,GG,CG,GG,AT,AA,CC,GT,GG,CC,CC,AT,AG,CC,AA,CG,AA,AA,AC,CG,AC,TT,AA,GG,AA,AA,AC,AA,AG,AG,AA,AA,NN,GG,AA,AG,CC,AA,CC,AA,AA,CG,GG,GG,TT,AT,AA,TT,TT,TT,AA,TT,GG,GG,AA,8.44,Moderate,Medium,Premium,Medium
L0212,Davangere,Karnataka,Rabi,Black Cotton,Irrigated,430,25.5,58,AC,CT,AG,GG,GG,NN,GT,TT,CC,CG,AA,NN,CC,AT,TT,GG,NN,TT,TT,AG,CC,TT,GT,CC,TT,CC,GT,NN,GT,AA,TT,CC,AA,CC,GG,CG,GG,CC,GG,AC,TT,CT,AA,GT,AA,AG,TT,TT,CG,AC,GG,AA,AG,GG,NN,TT,AT,AC,GG,AC,AG,GT,TT,AA,TT,TT,CC,GG,TT,GG,AA,GT,CC,AA,GG,AC,AT,GG,TT,TT,GG,GT,GT,CC,AT,GG,AG,AA,CG,TT,NN,TT,CC,TT,GT,GG,TT,AC,GT,CC,CC,CG,AG,AA,TT,TT,CG,AG,AA,AA,CC,GG,TT,CC,TT,AA,AC,TT,CG,AG,CC,GG,CC,GT,TT,AA,CC,CG,CC,CC,AA,TT,CC,AC,CC,CC,AA,TT,AA,AA,GG,CC,CC,GG,AA,AA,AA,CC,GG,CC,CC,AA,AG,GG,TT,GG,AA,TT,TT,GG,AC,GT,GT,TT,CC,AA,TT,TT,AT,AT,GG,NN,AA,CC,CC,AC,GG,CC,AA,AG,AA,CC,TT,NN,GT,GT,GG,TT,AA,AA,TT,AC,GG,AC,CC,CC,NN,GG,AC,GG,TT,AA,AA,CC,GG,AA,AC,AA,TT,GG,TT,TT,AT,CG,GG,AT,CG,TT,GT,AA,GG,AA,TT,AA,TT,CC,TT,AC,CC,NN,GG,AG,CG,AA,CC,TT,TT,GG,GG,TT,AC,AA,NN,GT,CC,CG,GG,CC,GG,AT,AA,CC,TT,GG,CG,CC,AT,GG,CC,AA,CC,AA,AA,AC,CC,CC,TT,AA,GG,AA,AA,AA,AA,GG,GG,AG,AA,TT,GG,AA,AA,AA,AA,CT,AG,AA,CG,AG,CG,TT,AT,AG,TT,TT,TT,AA,TT,GG,CG,AA,7.11,Susceptible,Low,Poor,Late
L0213,Davangere,Karnataka,Rabi,Black Cotton,Irrigated,430,25.5,58,AA,TT,AG,AA,GG,CC,GT,AT,CC,CC,AA,CT,CC,TT,TT,GT,CG,TT,TT,NN,CC,TT,GT,CC,TT,CC,TT,TT,GG,AA,CT,CC,AA,NN,GG,GG,GG,CG,GG,NN,TT,CC,AA,TT,AA,AG,TT,TT,CC,CC,GG,AA,AA,GG,CC,GT,AA,AC,GT,AC,AG,TT,TT,AA,TT,TT,CC,GG,TT,GG,GG,GG,CC,AA,NN,AC,AA,GG,NN,TT,GG,GG,GT,CC,AA,GG,AA,AA,CC,TT,CC,TT,CC,AT,TT,AG,TT,AC,TT,CC,CC,CC,GG,AA,AT,TT,CG,AA,AA,AC,CC,GG,TT,CG,NN,AA,AA,TT,CC,GG,CC,GG,CC,GT,TT,AA,CT,CC,CC,CC,AA,GT,CC,AA,AC,CC,AA,AT,AA,AA,CG,CC,CC,GG,AA,AA,AA,AC,GG,CC,CG,AA,AA,AG,TT,AG,AA,TT,CT,AG,AC,TT,GT,TT,CC,AA,TT,TT,AA,TT,GG,CC,AA,CC,CC,CC,GG,CC,AA,GG,AA,CC,TT,CC,NN,TT,GG,AT,AA,AA,TT,AC,GG,AA,CC,CC,GG,GG,CC,GG,TT,AA,AA,CG,GG,AT,AA,AA,AT,GT,TT,AA,AA,GG,TT,AT,CC,TT,GT,AA,GG,AA,TT,AA,TT,CC,CT,AC,CC,TT,CG,GG,CG,NN,AC,TT,CT,TT,GG,TT,AA,AC,AA,GG,CC,CC,GG,CC,GG,TT,AA,CC,TT,AG,NN,CC,AA,GG,CC,AA,CC,AA,AA,CC,CC,AC,AT,AA,GG,AA,AA,AA,AA,GG,AG,AA,AA,TT,GG,AA,GG,CC,AA,TT,AA,AA,GG,GG,GG,TT,AA,AA,GT,TT,AT,GG,TT,NN,GG,AA,6.6,Resistant,High,Standard,Early
L0214,Davangere,Karnataka,Rabi,Black Cotton,Irrigated,430,25.5,58,AC,CT,GG,AG,GG,CG,GG,TT,CC,CG,AA,CC,CC,TT,TT,GG,CG,NN,AT,AA,CC,TT,TT,CC,TT,CT,TT,NN,GG,AA,TT,CC,AA,CC,AG,GG,GG,CG,GG,CC,TT,TT,AA,TT,AA,AA,TT,AT,CG,AC,GG,NN,AG,GG,CC,TT,AA,AA,GT,AA,AA,TT,AT,AA,TT,AA,CC,GG,TT,GT,AG,GG,CC,AA,GG,AA,AA,GG,TT,TT,GG,GG,GG,CC,AA,AG,AA,AA,CG,TT,CC,GT,CT,TT,TT,GG,TT,CC,TT,CC,CC,CG,AG,AA,TT,TT,CC,AA,AA,AC,CC,GG,GT,CC,GG,AC,AA,TT,CC,GG,CC,GG,CC,GT,CT,AA,CC,CC,CC,CG,AA,TT,CC,AA,CC,CC,AA,TT,AA,AA,CG,CC,CC,GG,AA,GG,AA,CC,GT,CC,CC,AA,AA,GG,TT,GG,AA,GT,TT,GG,CC,TT,GT,TT,CC,AT,TT,NN,AA,TT,GG,CC,AA,CT,AA,CC,CG,CC,AT,GG,AA,CC,TT,CG,GT,GT,CC,TT,AA,AA,TT,CC,GG,AA,AC,CC,CG,GG,AA,GG,TT,AA,AA,CC,GG,AA,CC,AA,AT,GG,TT,TT,AT,GG,GT,TT,CG,NN,GT,AA,GG,AA,CC,AA,AT,CC,TT,AC,AC,CC,GG,GG,CG,AG,CC,TT,TT,GT,GG,TT,AA,CC,AG,GG,CC,NN,GG,CC,GG,AT,AA,CC,GT,GG,CC,CC,AA,GG,CC,AA,CC,AT,AA,CC,CG,CC,TT,AA,GG,AA,AA,AA,CC,GG,AA,AG,AA,TT,GG,AA,AA,CC,AA,CT,AA,AA,GG,GG,GG,TT,AT,AA,TT,TT,TT,AA,TT,GG,NN,AA,6.94,Moderate,Medium,Poor,Late
L0215,Davangere,Karnataka,Rabi,Black Cotton,Irrigated,430,25.5,58,CC,TT,AG,AA,GG,CC,GG,TT,CC,GG,AA,CC,CC,AT,TT,GG,CG,TT,TT,AA,CC,TT,GT,CC,AT,CC,TT,TT,GG,AA,TT,TT,AA,NN,GG,GG,GG,CC,GG,CC,TT,CT,AA,GT,GG,AG,TT,NN,CC,CC,GG,AT,AA,GG,CC,TT,AA,AC,GT,AC,AA,TT,AT,AG,CT,TT,CC,GG,TT,GG,AA,GT,CC,AA,AG,AA,AA,GG,TT,TT,GG,GG,GT,CC,TT,GG,AA,AA,CC,GT,CC,TT,CT,TT,GG,GG,TT,AC,GT,CC,CC,CC,AG,AA,TT,TT,CC,AA,AA,AC,CT,GG,TT,CG,TT,AA,AA,TT,CC,AA,CC,GG,CC,TT,TT,AA,CT,CC,CC,CC,AA,TT,CC,AA,CC,CT,AA,TT,AA,AA,GG,CC,CC,GG,AG,AG,AA,AC,GT,CG,CC,AA,AA,GG,TT,GG,AC,TT,TT,GG,AC,TT,TT,CT,CG,AA,GT,TT,AA,TT,CG,CC,AG,CT,CC,CC,GG,CC,AA,GG,AA,CC,TT,CC,GG,TT,GG,AT,AA,AA,TT,CC,CG,AA,AA,CC,GG,GG,NN,GG,TT,AA,AA,CG,GG,AA,AC,AT,AA,GT,TT,TT,AA,GG,GT,AT,CC,AT,TT,AA,GG,AA,TT,AA,TT,CC,CT,AC,CC,TT,GG,AA,NN,AA,CC,TT,TT,GG,GG,TT,AA,CC,AG,GG,CC,GG,GG,CC,GG,AT,NN,CG,GT,GG,CC,CC,AT,GG,CC,AA,CC,AA,AA,AC,CC,AC,TT,AA,GG,AA,AA,AA,AC,GG,AA,AA,AA,TT,GG,AC,AA,AA,CC,CT,AG,NN,GG,GG,GG,TT,AT,AG,TT,TT,AT,AG,AT,GG,GG,AA,7.27,Susceptible,High,Poor,Medium
L0216,Davangere,Karnataka,Rabi,Black Cotton,Irrigated,430,25.5,58,AA,TT,GG,AA,CG,CC,TT,TT,CC,CG,AT,CC,CG,TT,GT,GG,CG,NN,TT,AA,CC,TT,GG,CC,TT,CC,TT,TT,GG,AA,TT,CC,AA,CC,GG,GG,GT,CC,GG,CC,TT,CC,AA,TT,AA,GG,TT,TT,CC,AC,GT,AT,AG,GG,CC,TT,AA,AC,GT,AA,AA,TT,TT,AG,CC,AT,CC,GG,TT,GG,AG,GG,CC,AA,GG,AA,AT,GG,TT,TT,GG,GT,GG,CC,AA,GG,AA,AA,CC,GT,CC,TT,CT,AT,GT,GG,TT,CC,TT,CC,TT,CG,GG,AA,AT,TT,CG,AA,AA,AA,CC,GG,TT,CC,TT,AA,AA,TT,CC,AG,CG,GG,CC,GG,TT,AG,CC,CC,CC,GG,AA,TT,CC,AA,CC,CC,AA,AT,AA,AT,GG,CC,CC,GG,NN,AA,AA,AA,GG,CC,CC,AG,AA,GG,TT,AG,AA,TT,TT,GG,AA,GT,GT,TT,CC,AA,GT,TT,AT,TT,GG,CC,AA,CC,CC,CC,GG,CC,AA,GG,AG,CC,TT,CC,GG,TT,GG,AT,AA,AA,TT,AC,CG,AC,CC,CC,GG,GG,AA,GG,TT,CC,AA,CG,GG,AA,CC,AT,AT,GG,TT,AT,AA,GG,GT,AT,CC,AT,TT,AA,GG,AA,TT,AA,TT,CC,CT,AC,CC,TT,NN,GG,CC,AG,CC,TT,CT,TT,GG,AT,AA,AA,AA,GG,CC,CC,GG,CC,GG,TT,AA,CG,GT,GG,CG,CC,AA,GG,CC,AA,CG,AA,AA,CC,CC,CC,NN,AA,GG,AA,AC,AC,AC,AG,AG,AG,AA,AT,CG,AC,AG,AC,AC,CT,AA,AA,GG,GG,GG,TT,AA,AA,TT,TT,TT,AA,AA,CG,CG,AA,7.75,Moderate,Low,Poor,Late
L0217,Davangere,Karnataka,Rabi,Black Cotton,Irrigated,430,25.5,58,AA,NN,GG,AG,GG,CC,NN,TT,CC,CG,AT,CC,CC,TT,TT,GG,CG,TT,TT,AA,CC,TT,GG,CC,TT,CT,TT,TT,NN,AA,TT,CC,AA,CC,AA,NN,GG,CC,GG,CC,TT,CC,AA,TT,AG,AG,TT,TT,CG,AA,GG,AA,AA,GG,CC,GT,AA,AA,GT,AA,AA,GT,TT,AA,TT,AT,CC,GG,TT,GG,AA,GG,AC,AA,GG,AC,AA,GG,TT,TT,GG,GG,GG,CC,AA,GG,AA,AA,CC,GT,CC,TT,CC,TT,TT,GG,CT,CC,TT,CC,CC,CG,GG,AA,TT,TT,CC,AA,AA,AA,CT,GG,TT,CC,TT,AA,AA,TT,CC,AG,CC,GG,CC,TT,CC,AA,CC,CC,CC,CC,AA,TT,CC,AA,CC,TT,AA,AT,AG,AT,NN,CT,CC,AG,AA,GG,AA,CC,GG,CC,CG,AA,AG,GG,TT,AG,CC,TT,CC,GG,CC,TT,GT,TT,CG,AT,TT,CT,AT,TT,GG,CC,AA,CC,CC,CC,CG,CC,AA,GG,AA,CC,TT,CC,GG,TT,GG,TT,AA,AG,TT,CC,CG,AC,CC,CC,GG,GG,AA,CC,TT,AC,AA,CC,GG,AA,AC,AA,AA,GG,TT,AT,AT,GG,TT,AA,CC,TT,GT,AA,GG,AA,NN,AC,TT,CC,TT,NN,CC,CT,CG,AA,CC,GG,AC,TT,TT,GG,GG,AT,AA,AC,AA,GT,CC,CC,GG,CC,GG,AA,AA,CC,GG,GG,CC,CC,AA,AG,CC,TT,CC,AA,AA,CC,CC,AC,TT,AG,GG,AA,AA,AA,AA,AG,AG,AA,AA,TT,GG,AA,AG,CC,AA,CT,AA,AA,GG,AG,GG,GT,AT,AA,TT,TT,TT,AG,TT,GG,GG,AA,10.4,Susceptible,Low,Standard,Late
L0218,Davangere,Karnataka,Rabi,Black Cotton,Irrigated,430,25.5,58,CC,TT,AG,AG,GG,CC,GG,TT,CC,CG,AT,CC,CG,TT,TT,GG,GG,AT,TT,AA,CC,TT,GT,CC,TT,CC,GT,TT,GG,AA,TT,CT,AA,CC,GG,GG,GG,CG,GG,AC,TT,TT,AA,GT,AA,GG,TT,NN,CG,AC,TT,AT,AA,GG,CC,GT,AT,AA,GT,AA,AA,TT,AT,AG,NN,TT,CC,GG,TT,GG,AA,GT,AC,AA,GG,CC,AA,GG,TT,TT,GG,GG,GG,CC,AA,GG,AA,AA,CC,GT,CC,TT,CC,TT,TT,GG,CT,AA,GT,CC,CC,GG,AG,AA,TT,TT,CC,AA,AG,AA,CT,GG,TT,CC,TT,AA,AC,TT,CC,AG,CC,AG,CC,GT,CT,AG,CC,CC,CC,CC,AA,TT,CC,AA,CC,CT,AG,TT,AG,AT,GG,CC,CC,GG,AA,AA,AT,CC,GG,CC,CC,AA,GG,AG,TT,GG,AC,TT,TT,AA,AC,TT,TT,TT,CC,TT,TT,CT,AT,AT,GG,CC,AA,CC,CC,CC,GG,CC,NN,GG,NN,AC,TT,CG,GG,GT,GG,AT,AG,AG,TT,CC,CG,AA,CC,CC,GG,GG,AA,GG,TT,AC,AA,CC,GT,AA,AC,AA,AA,GT,TT,TT,AA,CG,TT,AA,CC,AT,TT,AT,GG,AA,TT,AA,TT,CC,TT,AC,CC,TT,CG,AA,CC,AA,CC,TT,CC,GT,GG,AT,AC,AC,AA,GG,CC,CG,CC,CC,GG,AA,AA,CG,GT,AG,CC,CC,AT,GG,CC,AA,CC,AA,NN,CC,CC,CC,TT,AA,GG,AA,AA,AA,AA,GG,AG,AG,AA,TT,GG,AA,AA,CC,AA,TT,AA,AA,GG,GG,GG,TT,AT,AA,TT,TT,AT,AA,TT,GG,CG,AA,6.48,Susceptible,Low,Premium,Early
L0219,Davangere,Karnataka,Rabi,Black Cotton,Irrigated,430,25.5,58,AC,TT,GG,GG,GG,CC,GT,TT,CC,CG,AA,CT,CC,TT,TT,GT,CC,TT,TT,AG,CG,GT,TT,CC,TT,CC,TT,TT,GG,AA,TT,TT,AA,CC,GG,GG,GG,CG,GG,CC,TT,CT,AA,GT,AG,GG,CT,AT,CC,CC,GT,AT,GG,GG,CC,TT,AA,AC,GG,AC,NN,GT,AT,AA,TT,TT,CC,GT,TT,GG,AA,GG,CC,AA,AG,AA,AT,GG,TT,TT,GG,GG,NN,CC,AT,GG,AA,AT,CC,GG,CC,TT,CC,AT,TT,GG,TT,CC,GT,CC,CT,CG,AA,AA,AT,TT,CC,AG,AA,AC,TT,GG,TT,CC,TT,AA,AA,AT,CC,GG,CC,GG,CC,GT,CT,AA,CC,CC,CC,CC,AA,TT,CC,AA,CC,CC,AA,TT,AG,AA,GG,CC,CC,GG,AA,AA,AA,AC,GG,CC,CG,AA,AG,AG,TT,GG,AA,TT,TT,AG,CC,TT,GT,TT,CC,AA,TT,CT,AA,TT,CG,CC,AG,CT,CC,CC,GG,CC,AA,GG,AA,CC,TT,CC,GG,TT,GG,TT,AG,AG,TT,CC,GG,AA,CC,CC,GG,GG,AC,CG,TT,AA,AG,CG,GG,AT,CC,AA,AA,GG,TT,TT,AA,CG,GT,AT,CC,TT,TT,AA,GG,AA,CT,AA,TT,CC,TT,AC,CC,TT,CG,AG,CC,AG,CC,TT,CT,GT,NN,TT,AC,AC,AA,GG,CC,CG,GG,CC,GG,AT,AA,CG,GT,GG,CC,CC,NN,GG,CC,AA,CC,AA,AA,CC,CC,CC,TT,AA,GG,AA,AA,AA,AA,NN,AA,AG,AG,TT,GG,AA,AG,NN,AA,CT,AA,AA,CG,GG,GG,TT,AA,AA,GT,TT,TT,AG,AT,GG,GG,AC,9.09,Resistant,Low,Premium,Late
L0220,Davangere,Karnataka,Rabi,Black Cotton,Irrigated,430,25.5,58,AA,TT,GG,AA,GG,CC,GT,TT,CC,GG,AT,CC,GG,TT,GT,GT,GG,TT,TT,AA,CC,GT,TT,CC,TT,CT,TT,TT,GG,AC,CT,CT,AA,CC,GG,CG,GG,CG,GG,CC,TT,TT,AA,TT,GG,AG,CT,TT,CC,AA,GT,AA,AA,GG,CT,TT,AA,AA,TT,AC,AA,TT,AT,AA,TT,AT,CC,GG,TT,GG,NN,GG,CC,AA,AG,AC,AA,GG,GT,TT,GG,NN,GG,CC,AA,GG,AA,AA,CC,GT,CC,TT,CC,TT,TT,GG,TT,CC,TT,CC,CC,CG,GG,AA,TT,TT,CC,AA,AG,AA,CT,GG,TT,CC,TT,AC,AC,TT,CC,AG,CC,GG,CC,NN,TT,AA,CC,CC,CC,CC,AA,TT,CC,AA,CC,CC,AA,TT,NN,AA,GG,CC,CC,GG,AA,GG,AA,CC,GG,CC,CC,AA,AG,AG,GT,AG,AC,TT,TT,AG,AC,TT,TT,TT,CC,AT,TT,TT,AA,TT,GG,CC,AG,CT,CC,CC,CG,CC,AA,GG,AG,CC,TT,CC,GG,GT,CG,AT,NN,AA,TT,CC,CG,AA,CC,NN,GG,GG,AC,GG,TT,AA,AA,CC,GG,AA,CC,AA,AT,GT,TT,TT,AT,CG,GT,AA,CC,TT,TT,AA,GG,AA,TT,AC,TT,CC,TT,AA,CC,TT,CG,AA,CG,GG,CC,TT,TT,GT,GG,TT,AA,AC,AG,GG,CC,CG,GG,CG,GG,AT,AG,CG,TT,GG,CC,CC,AA,AG,CC,AA,CC,AA,AA,AC,CC,NN,TT,AA,GG,AA,AA,AC,AA,AG,AA,AA,AA,TT,CG,AC,AA,AA,AC,CC,AA,AG,GG,GG,GG,TT,AA,AA,TT,TT,TT,AA,TT,GG,CG,AA,6.92,Susceptible,Medium,Poor,Late
L0221,Davangere,Karnataka,Rabi,Black Cotton,Irrigated,430,25.5,58,AA,TT,GG,AG,GG,CG,TT,TT,CC,GG,AA,CT,CG,TT,TT,GG,GG,TT,TT,AA,CC,TT,GG,CC,TT,CC,GT,TT,NN,AA,TT,CC,AA,CC,GG,GG,GG,CG,GG,CC,TT,CT,AC,TT,AG,AG,TT,AT,CC,CC,GG,AA,AA,GG,CC,TT,AA,AC,GG,AA,AA,TT,AA,AA,CT,NN,CC,GG,TT,GG,AA,GG,CC,AA,AG,AC,AT,GG,GG,TT,GG,GT,TT,CC,AT,GG,AA,AA,CC,GT,CC,TT,CC,TT,TT,GG,TT,CC,TT,CC,CC,CC,AG,AG,TT,TT,CC,AG,AA,AA,CT,NN,TT,CC,TT,AA,AA,TT,CC,GG,CC,GG,CC,GG,CT,AA,CT,CC,CC,CC,AG,GT,CC,AA,NN,CC,AA,TT,AG,AA,CG,CC,CC,GG,AA,AG,AA,CC,GG,CC,CC,AA,AG,GG,TT,AG,AC,TT,CT,GG,AC,GG,GT,TT,CC,AA,TT,TT,AA,AT,GG,CG,AA,CT,CC,CC,CG,CC,NN,GG,AA,CC,TT,CG,GG,TT,GG,TT,AA,AA,TT,CC,GG,AA,AA,CG,GG,GG,AC,GG,TT,AA,AA,CC,GG,AA,CC,AA,AT,GT,TT,TT,NN,GG,TT,AT,CG,AT,TT,AA,GG,AA,CT,AA,TT,CC,TT,AA,CC,CT,CG,AG,CG,AA,AA,TT,CT,GT,GG,TT,AA,CC,AG,GG,CC,CC,GG,CC,GG,AT,AG,CC,TT,GG,CC,CC,AT,GG,CC,AA,CC,AA,AA,CC,CC,AC,TT,AA,GG,AA,AC,AA,AA,AA,AA,AA,AA,AA,GG,AA,AG,CC,AC,CC,AA,AA,GG,GG,GG,TT,AA,AA,GT,TT,TT,AG,AA,GG,CG,AA,4.56,Susceptible,Low,Poor,Early
L0222,Davangere,Karnataka,Rabi,Black Cotton,Irrigated,430,25.5,58,AC,TT,GG,AG,GG,CC,GT,TT,CC,CG,AA,CC,CC,AT,GT,GG,GG,TT,TT,AG,CC,GT,TT,CC,TT,CC,GT,TT,GG,AA,TT,CT,AA,CC,GG,GG,GG,CC,GG,CC,TT,TT,AA,GT,AA,GG,TT,AT,CC,CC,GG,AA,AG,GG,CC,TT,AA,CC,GG,AA,AG,TT,AT,AA,TT,AT,CC,GG,CT,GT,AA,GG,CC,AA,GG,CC,AA,GG,GT,TT,GG,TT,GG,CC,AT,GG,AA,AA,CC,TT,AC,TT,CC,TT,TT,GG,CT,CC,TT,NN,CT,CG,AG,AG,AT,GT,CC,AA,AG,AA,CT,GG,TT,CC,TT,AA,AA,TT,CC,AA,CC,GG,CC,GG,TT,AA,CC,CC,CC,CC,AA,TT,AC,AA,CC,CC,AG,TT,AA,AA,GG,CT,CC,GG,AA,AA,AA,CC,GT,CC,CC,AA,AG,GG,TT,NN,AC,GT,CT,GG,CC,NN,TT,TT,CC,AA,TT,TT,AT,TT,GG,CC,AA,TT,CC,CC,CG,CC,AA,GG,AG,CC,TT,CC,GT,TT,GG,AT,AA,AA,TT,CC,GG,AC,CC,CG,GG,AG,CC,GG,TT,AC,AA,CC,GG,AA,AC,AA,AT,GT,TT,AT,AT,CG,GG,TT,CC,AT,GT,AA,GG,AA,TT,AA,TT,CC,TT,AA,CC,TT,CG,GG,CC,AG,CC,TT,CT,GG,GG,AT,AA,CC,AA,GT,CC,CC,GG,CC,GT,AT,AA,CG,TT,AG,CC,CG,AA,GG,CC,AA,CG,AA,AA,NN,CG,AC,TT,AA,GG,AA,AA,AC,AC,AG,AA,AA,AA,TT,GG,AA,AG,AC,AA,CT,AA,AA,GG,GG,GG,TT,AA,AA,TT,TT,TT,AA,AT,GG,GG,AA,6.47,Susceptible,High,Premium,Medium
L0223,Davangere,Karnataka,Rabi,Black Cotton,Irrigated,430,25.5,58,AC,CT,GG,AG,GG,CC,GG,TT,CC,CG,AA,CT,CG,TT,TT,GG,GG,TT,TT,AA,CC,TT,GT,CC,TT,CC,TT,TT,GG,AA,CT,CC,AA,CC,GG,GG,GG,CC,GG,AC,TT,TT,AA,TT,AG,GG,CT,TT,CC,AA,GT,AT,AA,GG,CT,TT,AA,AA,GG,AC,AA,TT,AA,AG,TT,AT,CC,GG,TT,GT,AA,GG,AC,AA,GG,AA,AA,NN,TT,TT,GG,GG,GG,CC,AA,GG,AA,AA,CC,GT,CC,TT,CT,AT,GT,GG,CT,CC,GT,CC,CC,GG,GG,AA,TT,TT,CC,AA,AA,AA,CT,GG,TT,CG,TT,AA,AA,TT,CC,AG,CC,AG,CC,GG,CT,AA,CC,CC,AC,CC,AA,TT,CC,AC,CC,CC,AA,TT,AA,AA,CG,CT,CC,GG,AA,AG,AA,CC,GT,CG,CC,AA,AG,GG,TT,GG,AC,TT,TT,GG,AA,GT,TT,TT,CG,AA,TT,TT,AA,TT,GG,CC,AG,TT,AC,CC,GG,CC,AA,GG,AA,CC,TT,CC,GG,TT,GG,TT,AA,AA,TT,CC,CG,AC,CC,CC,GG,GG,AA,GG,TT,AC,AG,CC,GG,AA,CC,AA,AT,GG,TT,TT,AT,CG,GT,AT,CC,TT,GT,AT,GG,AA,TT,AA,TT,CC,TT,AA,CC,TT,GG,AA,CG,AG,AC,TT,CT,TT,GG,TT,AA,CC,AA,GG,CC,CG,GG,CC,GG,TT,AA,CC,TT,GG,CC,CC,AA,GG,CC,AA,CC,AA,AA,AC,CC,AC,NN,AA,GG,AA,NN,AC,NN,AA,AA,AG,AG,AT,GG,AA,AG,AA,AC,TT,AA,AA,CG,GG,CG,GT,AT,AA,GT,TT,TT,AG,AT,GG,GG,AA,6.58,Susceptible,Medium,Poor,Early
L0224,Davangere,Karnataka,Rabi,Black Cotton,Irrigated,430,25.5,58,AC,TT,GG,GG,CG,CC,GT,AT,CC,CG,AT,CC,CC,AT,TT,GG,CG,TT,TT,AA,CC,TT,TT,CC,AT,CC,TT,AT,GG,AC,TT,CT,AA,CC,GG,CG,GT,CC,GG,CC,TT,CT,AA,TT,AA,AA,TT,AT,CC,AC,GT,AA,AA,GG,CT,TT,AT,AA,GG,AC,AA,TT,AA,AA,TT,TT,CC,GG,TT,GG,AG,GG,AC,AA,GG,CC,AT,AG,TT,TT,NN,GG,GG,CC,AT,GG,AA,AA,CC,GT,AC,TT,CT,TT,GT,GG,NN,CC,GT,CC,CC,CG,GG,AA,TT,TT,CC,AA,AG,AA,CC,GG,TT,CC,TT,AA,AC,TT,CG,GG,CC,AG,CC,GT,TT,AG,CC,CC,CC,CC,AA,TT,CC,AA,CC,CC,AA,TT,AA,AT,GG,CC,CG,GG,AA,AG,AA,CC,GT,CC,CC,AA,AA,GG,TT,GG,AC,TT,NN,GG,AA,GT,GG,CT,CC,AT,TT,TT,AA,TT,CG,CC,AA,CC,CC,AC,CG,CC,AA,GG,AG,AC,TT,CG,GG,GT,CC,TT,AA,AA,TT,CC,GG,AA,AC,CC,GG,GG,AA,GG,TT,AC,AG,CG,GG,AT,CC,AA,AA,GG,TT,AT,AA,GG,GT,AA,CC,NN,TT,AA,GG,AG,CT,AA,TT,CG,TT,AA,AC,TT,GG,AA,CC,GG,CC,TT,TT,GT,GG,TT,AA,AC,AA,GG,CC,CC,GG,CC,GG,AA,AA,CC,GT,GG,CG,CC,AA,AG,CG,AT,CC,AT,AA,AC,CG,AC,TT,AA,GG,AA,AA,AA,AA,AG,AG,AG,AA,AT,CG,AC,AA,AA,AA,CT,AA,AA,CG,GG,GG,TT,AA,AA,TT,TT,TT,AA,AT,GG,GG,AA,7.96,Susceptible,Low,Poor,Medium
L0225,Davangere,Karnataka,Rabi,Black Cotton,Irrigated,430,25.5,58,CC,TT,GG,AG,GG,CC,GG,AT,CC,CC,AA,CC,NN,TT,GT,GG,GG,TT,TT,AA,CG,TT,GT,CC,TT,CT,TT,TT,GG,AC,CT,CC,AA,NN,GG,CG,GG,CC,GG,CC,TT,TT,AA,GT,AA,GG,CT,TT,CC,AC,GT,AA,AA,GG,CC,TT,AA,AA,GG,AC,AA,TT,AT,AA,TT,TT,CC,GG,TT,GG,AG,GG,CC,AA,GG,AC,AA,GG,TT,TT,AG,GG,GG,CC,AA,GG,AA,AA,CG,GG,AC,TT,CC,TT,GT,GG,CC,CC,GT,CC,CC,CC,AG,AA,AT,TT,GG,AA,GG,AA,TT,GG,TT,CC,TT,AA,AA,AT,CC,AG,CG,AG,CC,GG,CT,AG,CC,CC,CC,CC,AA,TT,AC,AA,CC,CC,AA,TT,AA,AA,GG,CC,CC,NN,AA,AG,AA,CC,GG,CC,CC,AA,AA,GG,TT,GG,AC,TT,CT,GG,CC,TT,TT,TT,CC,AT,GT,TT,AA,AA,GG,CC,AA,CT,AC,AC,GG,CC,AA,GG,AG,CC,TT,CC,GT,TT,CG,AT,AA,AA,TT,CC,GG,AA,CC,CC,GG,GG,AA,GG,TT,AC,AA,CC,GG,AA,AC,AA,AA,GG,TT,TT,AA,CG,GT,NN,CC,TT,TT,AA,AG,AA,TT,AC,TT,CG,TT,AC,CC,TT,GG,AA,CC,AG,CC,TT,CT,GT,GG,TT,AA,CC,AA,GG,CC,CC,GG,CG,GG,AT,AA,CC,TT,GG,CC,CC,AA,AG,NN,AT,CG,AA,AA,AC,CG,CC,AT,AA,GG,AA,AA,AA,AA,GG,AA,AA,AA,AT,GG,AA,AA,AC,AA,CT,AA,AA,GG,GG,GG,TT,AT,AG,TT,TT,TT,AA,TT,GG,GG,AA,6.95,Moderate,Low,Standard,Early
L0226,Davangere,Karnataka,Rabi,Black Cotton,Irrigated,430,25.5,58,AC,CC,GG,AG,GG,CC,GT,TT,CC,CG,AA,CC,CG,TT,TT,GG,GG,TT,TT,AA,CC,GT,TT,CC,TT,CC,TT,TT,GG,AA,TT,CC,AA,CC,AG,GG,GG,CC,GG,CC,TT,CT,AA,GT,AA,GG,TT,AT,CC,AC,GT,AA,AA,GG,CT,TT,AT,AA,GT,AC,AA,TT,AT,AA,NN,AT,CC,GG,TT,GG,AA,GG,CC,AA,AG,CC,AA,GG,TT,TT,GG,GT,GT,CC,AA,GG,AA,AT,CC,TT,NN,TT,CC,AT,TT,GG,TT,CC,TT,CC,CC,CC,AG,AG,TT,GT,CC,AA,AG,AC,CC,GG,TT,CC,TT,AA,AA,TT,CC,AG,CC,GG,CT,GG,TT,AG,CT,CC,CC,CC,AA,GT,AC,AA,AC,CC,AA,TT,AA,AT,GG,CT,CC,GG,AA,AG,AT,CC,GT,CC,CC,NN,AG,GG,GT,AA,AA,TT,CT,GG,NN,TT,TT,TT,CC,AT,GT,TT,AA,TT,GG,CG,AG,CT,CC,CC,CC,CC,AA,GG,AA,CC,TT,CC,GG,TT,CG,TT,AA,AG,TT,AC,GG,AA,CC,CC,GG,GG,CC,GG,TT,AA,AA,CC,GT,AA,CC,AA,AT,GG,TT,TT,AT,GG,GG,TT,CC,TT,GT,AA,GG,AA,CT,AA,TT,CC,CT,AA,CC,CT,GG,AG,CC,AG,AC,AT,CC,GT,GG,TT,AA,CC,AA,GG,CC,CC,GG,CC,GG,AA,AA,CC,TT,GG,CC,CG,AA,AG,CC,AT,CC,AA,NN,CC,CC,CC,TT,AA,GG,AA,AA,AA,AA,NN,AG,AG,AG,TT,CG,AC,GG,CC,AA,TT,AA,AA,GG,GG,GG,TT,AA,AA,GT,TT,TT,AG,AT,GG,GG,AA,6.4,Susceptible,High,Premium,Medium
L0227,Davangere,Karnataka,Rabi,Black Cotton,Irrigated,430,25.5,58,AA,TT,AG,AA,GG,CC,GG,AT,CC,CG,AA,CT,CC,AT,TT,GG,CG,TT,TT,AA,CC,TT,GT,CC,TT,CC,GT,TT,GG,AA,TT,CT,AA,CC,GG,CG,GG,CC,GG,CC,TT,CT,AA,TT,AG,GG,NN,TT,CC,AC,GG,AT,AA,GG,CC,GT,AA,AC,GT,AA,AA,TT,TT,AA,TT,TT,CC,GG,TT,GG,AG,GG,CC,AA,AG,AC,AA,GG,TT,CT,GG,GT,GG,CC,AT,GG,AA,AA,CC,TT,CC,TT,CT,TT,TT,GG,TT,AC,TT,CC,CT,CC,GG,AG,TT,TT,CG,AA,AA,AA,CT,GG,TT,CG,TT,AC,AA,AT,CC,GG,CG,AG,CC,GT,TT,AA,CC,CC,AC,CC,AG,TT,CC,AA,AC,CC,AA,AT,AA,AA,GG,CC,CC,GG,AA,AG,AA,CC,GG,CC,CC,AA,AG,GG,TT,GG,AC,TT,CT,AG,AC,TT,GT,TT,CC,AT,TT,TT,AA,TT,GG,CC,AA,CT,CC,CC,CG,CC,AA,GG,AA,CC,TT,CC,TT,TT,GG,AT,AA,AA,TT,AC,GG,AA,CC,CC,GG,GG,AC,GG,TT,AA,AA,CC,GG,AA,CC,AT,AA,GT,TT,AT,AT,CG,GT,AA,CC,AA,TT,AA,GG,AA,CC,AA,TT,CC,TT,AA,CC,TT,GG,AA,CC,AG,CC,TT,CT,NN,GG,TT,AC,CC,AA,GG,CC,NN,GG,CC,GG,TT,AA,GG,TT,GG,CC,CC,AA,GG,CC,AA,CC,AT,AG,AC,CC,AA,TT,AA,GG,AA,AC,AA,AA,GG,AA,AG,AA,TT,GG,AA,AG,AC,AC,CC,AA,AA,GG,GG,GG,TT,AT,AA,TT,TT,TT,AA,AA,GG,GG,AA,5.51,Resistant,High,Premium,Late
L0228,Davangere,Karnataka,Rabi,Black Cotton,Irrigated,430,25.5,58,AC,TT,GG,AA,GG,CC,GT,TT,CC,CG,AA,CC,CC,TT,TT,GT,CG,TT,TT,AA,CG,GT,GT,CC,TT,CC,GT,TT,GG,AC,CT,CT,AA,CC,GG,GG,GG,GG,GG,CC,TT,CC,AA,TT,AA,GG,TT,TT,CC,AA,GT,AA,AA,GG,CT,TT,AA,AA,GT,AA,AA,TT,AT,GG,CT,AT,CC,GG,TT,GG,AA,GG,CC,AA,GG,AA,AA,GG,GT,TT,GG,GT,GG,CC,AA,GG,AA,AA,CC,GG,CC,TT,CC,TT,TT,GG,TT,CC,TT,CT,CC,CG,AG,AA,TT,TT,CG,AA,AG,AA,NN,GG,GT,CC,TT,AA,AA,TT,CG,AA,CC,GG,CC,GG,CT,AA,CC,CC,CC,CC,AA,TT,CC,AA,CC,CC,AA,TT,AA,AT,CG,CT,CC,GG,AA,AA,AA,CC,GG,CC,CC,AA,AA,GG,TT,GG,AC,GG,CC,AG,CC,TT,TT,TT,CC,AA,NN,TT,AT,TT,CG,CC,AG,CT,CC,CC,CG,CC,AA,GG,AG,CC,TT,CC,GG,TT,CG,TT,AA,AA,TT,CC,GG,AA,NN,CC,GG,GG,AC,GG,TT,AC,AA,CC,NN,AT,CC,AA,TT,GT,TT,AT,AA,CG,GG,AA,CG,TT,TT,AA,GG,AG,TT,AA,TT,CC,TT,AC,CC,TT,GG,NN,CG,AG,AA,TT,TT,GT,GG,TT,AA,AC,NN,GG,CC,CG,GG,CG,GT,TT,AA,CC,TT,GG,CC,CC,AA,GG,CC,AT,CC,AT,AA,CC,CG,CC,TT,AA,GG,AA,AA,AA,AA,GG,AA,AG,AA,TT,GG,AA,AA,AC,AA,CT,AA,AA,GG,GG,GG,TT,AA,AA,TT,TT,TT,AA,TT,GG,GG,AC,8.34,Moderate,Low,Standard,Late
L0229,Davangere,Karnataka,Rabi,Black Cotton,Irrigated,430,25.5,58,AA,TT,AG,GG,GG,CC,GG,TT,CC,CC,AA,CC,GG,TT,TT,GG,GG,TT,TT,AA,CG,GT,GT,CC,AT,CC,GT,TT,GT,NN,TT,CT,AA,CC,AG,CG,GG,CG,GG,CC,TT,CT,AA,TT,AG,GG,TT,TT,CC,AC,GT,AT,AA,GG,CT,NN,AA,AA,TT,AA,AA,GT,AT,AA,CT,TT,CC,GG,TT,GG,AG,GG,CC,AA,AG,AC,AA,GG,TT,TT,AG,GT,GG,CC,AT,AG,GG,AA,CC,TT,AC,TT,CC,TT,GG,GG,TT,CC,GT,CC,CC,CG,AG,AG,TT,TT,CG,AA,AG,AA,CC,GG,GT,CG,TT,AA,AA,TT,CC,GG,CC,GG,CC,GG,CT,AA,CC,CC,CC,CC,AA,TT,CC,AA,CC,CC,AA,TT,AA,AA,GG,CC,CC,GG,AA,AA,AT,CC,GG,CC,CG,AA,AA,GG,TT,GG,AA,TT,TT,GG,CC,TT,TT,TT,CC,TT,TT,TT,AT,TT,GG,CC,AG,CT,CC,CC,CC,CC,AA,GG,AG,CC,GT,CC,GT,TT,CG,TT,AA,AA,TT,AA,GG,AA,CC,CC,GG,GG,AC,GG,TT,AA,AG,CC,GG,AA,CC,AA,TT,GG,GT,TT,AT,CG,GT,AA,NN,TT,GT,AA,GG,AA,CT,AA,TT,CC,CT,AC,AC,CC,CG,AA,CC,AG,AC,TT,TT,GT,GG,TT,AC,CC,AG,GT,CC,CG,GG,CC,NN,TT,AA,CC,NN,GG,CC,CG,AA,GG,CC,AA,CC,AT,AA,AA,CG,CC,TT,AA,CG,AA,AA,AA,AA,AG,AG,AG,AA,TT,GG,AA,AG,AC,AC,CT,AA,AA,CG,GG,GG,TT,AA,AG,GT,TT,TT,AA,AT,GG,NN,AA,4.33,Susceptible,Low,Standard,Early
L0230,Davangere,Karnataka,Rabi,Black Cotton,Irrigated,430,25.5,58,AA,TT,GG,AG,GG,CC,GT,TT,CC,CC,AA,CT,CG,TT,TT,GG,CC,TT,TT,AA,CC,TT,TT,CT,TT,CC,TT,TT,GT,AA,TT,CT,AA,CC,GG,GG,GG,CG,GG,CC,TT,CT,AC,TT,AA,AG,TT,AT,CG,AC,GT,AA,AA,NN,CC,GT,AA,AA,GT,AC,AG,NN,AT,AA,CT,AT,CC,GG,TT,GG,AG,GG,CC,AG,GG,AA,AT,GG,TT,TT,GG,GG,GG,CC,AA,AG,AA,AT,CG,GT,CC,TT,CC,TT,TT,GG,CT,AC,TT,CC,CT,CC,AA,AA,TT,TT,CC,AG,AG,AC,CT,GG,TT,CC,TT,AA,AA,TT,NN,GG,CG,GG,CC,GT,CT,AA,CT,CC,AC,CC,AA,TT,CC,AA,CC,CT,AA,TT,AA,AA,GG,CT,CC,AG,AA,AA,AA,CC,GT,CC,CC,AG,AG,AG,GT,GG,AA,TT,CT,GG,CC,TT,GT,TT,CC,NN,GT,TT,NN,AT,GG,CG,AA,CC,AC,CC,GG,CC,AA,GG,AG,CC,TT,CC,GT,TT,GG,NN,AA,AA,TT,CC,GG,AA,CC,CC,GG,GG,AA,GG,TT,NN,AA,CC,GG,AA,AC,AA,AT,GG,GT,AA,AA,CG,GG,AT,CC,AT,TT,AA,GG,AA,CT,AA,TT,CC,CT,AC,CC,CT,GG,AA,GG,AG,AC,TT,CC,GT,GG,TT,AA,CC,AA,GT,CC,CC,GG,CC,GG,AT,AA,CC,NN,GG,CC,CC,AA,AG,CG,AA,CG,AT,AA,AA,CG,AC,TT,AA,GG,AA,AA,AA,AC,AG,AG,AA,AG,TT,GG,AC,AA,CC,AC,TT,AG,AG,GG,GG,GG,TT,AT,NN,TT,TT,TT,AA,TT,GG,CG,AA,6.29,Moderate,Low,Standard,Late
L0231,Davangere,Karnataka,Rabi,Black Cotton,Irrigated,430,25.5,58,AA,NN,GG,AA,GG,CC,GG,TT,CG,CC,AA,CC,CC,AT,GT,TT,GG,TT,TT,AG,CC,TT,GT,CT,TT,CC,TT,TT,GG,AA,TT,CT,AA,CC,GG,GG,GG,CG,GG,CC,TT,TT,AA,GG,AA,GG,TT,NN,CC,CC,GG,AT,AA,GG,NN,GT,AA,AC,TT,AC,AA,TT,TT,AA,TT,AT,CC,GG,TT,GG,AA,GG,CC,AA,GG,AA,AT,NN,TT,TT,GG,GT,GG,CC,AA,GG,AA,AA,CC,GG,CC,TT,CC,TT,GT,AG,CT,CC,TT,CC,CC,CG,AA,AA,AT,TT,CG,AA,AA,AA,CC,GG,TT,CG,NN,AA,AA,TT,CC,AG,CC,GG,CC,GG,NN,AA,CC,CC,CC,CC,AA,TT,AC,AA,CC,NN,AA,AT,AG,AA,CG,CC,CC,GG,AA,AA,AA,CC,GG,CC,CC,AA,AA,AA,GT,GG,CC,TT,TT,GG,CC,TT,GT,TT,CG,AT,TT,CT,AA,AT,CG,CC,AA,CT,CC,CC,GG,CC,AA,GG,AA,CC,TT,CC,GT,TT,GG,AA,AA,AG,TT,CC,CG,AA,CC,CC,GG,GG,AC,GG,TT,AA,AA,CC,GG,AT,CC,AA,AT,GT,TT,AT,AT,GG,GT,AT,CC,TT,TT,AA,GG,AA,CT,AC,TT,CC,CT,AA,NN,TT,GG,GG,CC,AG,CC,TT,TT,GT,NN,TT,AC,CC,AA,GG,CC,GG,GG,CG,GG,AT,AA,CC,TT,GG,CG,CG,AT,GG,CG,AT,CG,AA,AA,AC,GG,AA,TT,AA,CC,AA,AA,AA,AA,GG,AG,AA,AA,AT,GG,CC,AA,AC,AC,TT,AG,AA,GG,GG,GG,TT,AT,AA,TT,TT,TT,AG,AT,GG,GG,AA,7.38,Susceptible,Medium,Premium,Late
L0232,Davangere,Karnataka,Rabi,Black Cotton,Irrigated,430,25.5,58,AA,TT,GG,AA,GG,CC,GG,AT,CC,CG,AA,CC,NN,TT,GT,GT,GG,TT,TT,AA,CC,TT,GT,CC,TT,CC,TT,TT,GG,AA,TT,CC,AA,CC,GG,GG,GG,CG,GG,CC,TT,CC,AA,TT,AA,GG,TT,TT,CC,CC,GT,AA,AA,GG,CC,NN,AT,AA,GG,AA,NN,GT,TT,AA,TT,AT,CT,GG,NN,GG,AA,GG,CC,AA,GG,CC,AA,NN,TT,TT,GG,GT,GG,CC,AT,AG,AA,AA,CG,TT,CC,TT,CC,TT,GT,GG,TT,AC,GT,CC,CC,CC,AA,AA,TT,TT,CC,GG,GG,AA,CT,GG,TT,CG,TT,AA,AA,TT,CG,GG,CG,GG,CC,GG,TT,AA,CC,CC,AC,CC,AA,TT,AC,AC,CC,CC,AA,AT,AA,AT,CG,CC,CC,GG,AG,AG,AA,CC,GT,CC,CC,AA,AA,GG,TT,GG,AC,TT,TT,GG,AC,TT,TT,TT,CC,AT,TT,TT,AA,NN,GG,CC,AA,CT,AC,CC,GG,AC,AA,GG,AA,CC,TT,CC,GT,TT,GG,AT,AA,AA,TT,CC,GG,AA,CC,CC,GG,GG,AA,GG,TT,AA,AA,CC,GG,AA,CC,AT,AT,GT,TT,TT,TT,CG,GT,AA,CG,TT,GT,AA,GG,AA,CT,AA,TT,CC,TT,AA,AC,TT,CG,AA,CC,AA,CC,TT,CT,TT,GG,TT,AC,AC,AG,GG,CC,CC,GG,CG,GG,TT,AA,CC,TT,AG,CC,CC,AA,AG,CC,AA,CC,AT,AA,AC,CC,CC,TT,AA,GG,AA,AC,AA,AA,GG,AG,AG,AA,AT,CG,AC,AA,CC,AA,TT,AA,AG,GG,GG,GG,TT,AA,AA,GT,TT,TT,AG,TT,GG,GG,AA,6.31,Resistant,High,Poor,Late
L0233,Davangere,Karnataka,Rabi,Black Cotton,Irrigated,430,25.5,58,AC,TT,AG,AG,GG,CG,GG,AT,CC,GG,AA,CC,CC,AT,TT,GG,CG,TT,TT,AA,CC,GT,GG,CC,TT,CC,NN,TT,GG,AA,TT,CC,AA,CC,GG,GG,GG,CC,GG,CC,TT,CT,AA,TT,AA,GG,CT,TT,CC,CC,GG,AA,AG,GG,CC,TT,AA,AA,GT,AA,AA,TT,TT,AG,CT,AT,CT,GT,TT,GT,AA,GG,CC,AA,AA,AC,AT,GG,NN,TT,GG,GT,GT,CC,AA,NN,AA,AT,CC,TT,AC,TT,CC,AT,TT,GG,TT,CC,GG,CC,CC,CG,AG,AA,TT,TT,CC,AA,AA,AC,CT,NN,TT,CC,GT,AA,AC,TT,CC,AG,CC,GG,CC,GG,CT,AA,CT,CC,CC,CC,AA,TT,AC,AA,CC,CT,AA,TT,AA,AA,GG,CC,CC,GG,AA,GG,AA,CC,GG,CC,CC,AG,AG,AG,TT,GG,AA,TT,CT,GG,CC,GT,TT,TT,CC,AA,TT,TT,AA,TT,GG,CC,AA,CT,CC,CC,GG,AC,AA,GG,AG,CC,TT,CC,GT,GT,GG,TT,AA,AA,TT,AC,GG,AA,CC,CG,CG,GG,AC,GG,TT,AA,AA,CG,GG,AA,AC,AA,AA,GG,TT,AT,AT,GG,TT,AT,CG,AT,TT,AA,AG,AA,CT,AA,TT,CC,NN,AA,CC,CT,CG,AG,CC,NN,CC,TT,TT,NN,GG,NN,AA,AC,AA,GG,CC,NN,GG,CG,GG,AA,AG,CC,TT,GG,CC,CG,NN,GG,CC,AA,CG,AA,AA,AC,CC,CC,TT,AA,GG,AA,AA,AA,AA,AG,GG,AG,AG,TT,NN,AA,AA,AC,AC,TT,AA,NN,GG,GG,NN,TT,AT,AG,GT,TT,AT,AA,TT,GG,GG,AA,6.36,Resistant,High,Standard,Medium
L0234,Davangere,Karnataka,Rabi,Black Cotton,Irrigated,430,25.5,58,AA,TT,GG,AG,CG,CC,GG,TT,CC,GG,AA,CC,CG,TT,TT,GG,CG,TT,TT,AA,CC,TT,GT,CC,TT,CT,TT,TT,GG,AA,TT,CC,AA,CC,GG,GG,GG,CC,GG,AC,TT,TT,AA,TT,AG,GG,TT,AT,CC,AC,GG,AT,AA,GG,CC,NN,AA,AA,GG,AA,GG,TT,AA,NN,TT,TT,CC,GG,TT,GG,AG,GG,CC,AA,AG,AA,AT,GG,GT,TT,GG,GG,GG,CC,AA,GG,AA,AA,CC,NN,AC,GT,CC,TT,GT,GG,CT,CC,TT,CC,CC,CC,GG,AA,AT,TT,CC,AA,AA,AA,CC,GG,TT,CC,TT,AA,AA,TT,CG,AG,CC,AG,CT,GT,TT,AA,CC,NN,CC,CC,AG,GT,CC,AA,CC,CT,AA,TT,AA,AA,GG,CT,CC,GG,AG,AG,AA,CC,GG,CC,CC,AA,GG,GG,GG,AG,AA,TT,CT,GG,NN,GT,GT,TT,CG,AA,GT,TT,NN,TT,GG,CC,AA,CT,CC,CC,GG,CC,AA,GG,AA,CC,TT,CC,GG,GT,CG,AT,AA,AG,TT,CC,CG,AA,AC,CC,GG,GG,AA,GG,TT,NN,AA,CG,GG,AA,CC,AA,AT,GT,GT,TT,AA,GG,GT,AA,CC,AT,TT,AA,GG,AA,CT,AA,TT,CC,TT,AA,CC,TT,CG,GG,CG,AG,CC,TT,CT,GT,GG,TT,AC,AC,AG,GG,CC,CC,CG,CC,GG,TT,AA,CG,GT,GG,CC,CC,AA,GG,CC,TT,CC,AA,AA,CC,CC,CC,TT,AA,GG,AA,AA,AC,AA,GG,AG,AG,AA,TT,CG,AA,AA,CC,AC,CC,AA,AA,GG,GG,GG,TT,AA,AA,TT,TT,TT,AA,AT,NN,GG,AA,6.84,Moderate,Low,Premium,Medium
L0235,Davangere,Karnataka,Rabi,Black Cotton,Irrigated,430,25.5,58,AC,TT,AG,AA,GG,NN,GT,TT,CC,CC,AA,CC,CG,TT,TT,GG,CG,TT,AT,AA,CC,TT,GT,CC,TT,CT,TT,TT,GT,AA,CT,CC,AA,CC,AG,CG,GT,CG,GG,CC,TT,CT,AA,TT,AG,GG,TT,TT,CC,AC,GT,AA,AG,GG,CT,TT,AA,AA,GT,AC,NN,TT,AT,AG,CC,AT,CC,GG,TT,GT,AA,GG,CC,AA,AG,AC,AT,GG,TT,TT,GG,GT,GT,CC,AA,GG,NN,AA,CC,GT,AC,GT,CC,TT,GT,GG,TT,CC,TT,CC,CC,CG,GG,AA,TT,NN,CC,AA,AG,AA,CT,GG,TT,CC,TT,AA,AA,TT,CG,GG,CC,AG,CC,GG,TT,AA,CT,CC,CC,CC,AA,TT,CC,AA,CC,CC,AG,AT,AA,AA,GG,CC,CC,GG,AA,AA,AA,AC,GG,CC,CC,AA,AA,GG,TT,GG,AC,TT,CT,GG,CC,TT,GT,CT,CC,AA,TT,TT,AA,NN,CG,CC,NN,CC,CC,CC,CG,CC,AA,GG,AA,CC,TT,CG,GG,TT,CG,AA,AA,AG,TT,AC,GG,AA,AC,CC,GG,GG,AC,GG,TT,AA,AA,CC,GG,AT,AC,AA,AT,GG,TT,AT,AA,CG,TT,AA,CC,TT,GT,AA,GG,NN,TT,AA,TT,NN,CT,AA,CC,TT,GG,AA,CG,AA,AC,TT,TT,GT,GG,TT,AA,AC,AA,GT,CC,NN,GG,CC,GG,AT,AA,CG,TT,GG,CC,CC,NN,AG,GG,AT,CC,AA,AA,CC,CC,AA,TT,AA,GG,AA,AA,AC,AA,AA,GG,AA,AA,AT,GG,AA,AG,CC,AC,CC,AG,AG,GG,AG,GG,GT,AA,AG,TT,NN,TT,AA,AT,GG,GG,AA,8.41,Moderate,Low,Premium,Late
L0236,Davangere,Karnataka,Rabi,Black Cotton,Irrigated,430,25.5,58,AC,TT,GG,AG,CG,CC,GG,TT,CC,NN,AA,CC,CG,TT,TT,GT,GG,TT,AT,AG,CC,TT,GT,TT,TT,CC,TT,TT,GG,AA,TT,CT,AA,CC,GG,CG,GG,CG,GG,CC,TT,TT,AA,TT,AA,GG,TT,TT,CC,AC,GG,AA,AA,GG,CC,TT,AA,AA,TT,AA,AA,TT,AT,AA,TT,TT,CC,GG,TT,GG,AA,GG,CC,AA,GG,AA,TT,GG,TT,NN,GG,GG,GG,CC,AT,GG,AA,AT,CG,GT,AC,TT,CT,TT,GT,GG,TT,CC,GT,CC,CC,CC,AA,NN,AT,TT,CC,AG,GG,AA,CC,GG,TT,CG,TT,AA,AA,AT,CC,GG,CG,GG,CC,GT,TT,GG,CC,CC,CC,CC,AA,GT,CC,AC,CC,CT,AA,AT,AG,AT,CG,CT,CC,GG,AG,AG,AT,CC,GG,CC,CC,AA,AA,GG,TT,GG,AC,TT,CT,GG,CC,TT,GT,TT,CC,AT,TT,TT,AA,AT,GG,CC,AG,CC,CC,CC,GG,CC,AA,GG,AA,CC,TT,CC,TT,GT,GG,TT,AA,AA,TT,CC,GG,AC,CC,CC,GG,GG,AC,GG,CT,AC,AA,CG,GG,AA,CC,AA,AA,GT,TT,TT,AT,CC,GT,AT,CG,TT,TT,AA,GG,AA,TT,AC,AT,CC,TT,AA,CC,TT,GG,GG,NN,AG,CC,TT,CT,TT,GG,TT,AA,AC,AA,GG,CC,CG,GG,CC,GG,AT,AA,CC,GT,GG,CC,CC,AA,GG,CG,AA,CC,AA,AA,CC,CG,CC,TT,AA,GG,AA,AA,AC,AC,AG,AG,AA,AA,TT,GG,AA,AA,AC,AA,CT,AA,AA,GG,GG,GG,TT,AT,AA,TT,TT,TT,AA,AT,GG,GG,AA,5.94,Susceptible,Low,Premium,Early
L0237,Davangere,Karnataka,Rabi,Black Cotton,Irrigated,430,25.5,58,AC,TT,GG,AG,GG,CC,GG,TT,CC,CG,AA,CC,CG,TT,TT,GG,GG,TT,TT,AG,CC,GT,GT,CC,TT,CC,TT,AT,GG,AA,TT,CT,AA,CC,GG,GG,GT,CC,GG,CC,TT,TT,AA,TT,AA,GG,TT,AA,CC,CC,GT,AA,AA,GG,CC,GT,AA,AA,GG,AC,AA,TT,TT,AG,CT,AA,CC,GG,TT,GT,AG,GG,CC,AA,AG,AA,AA,GG,TT,TT,GG,GG,GG,CC,AT,GG,AA,AA,CC,GG,CC,TT,CT,TT,TT,GG,CT,CC,GT,CC,CT,CG,GG,AA,TT,TT,CC,AA,GG,AC,CT,GG,GT,CC,GT,AC,AA,TT,CG,AG,CC,GG,CC,GG,TT,AA,CC,CC,CC,CC,AA,TT,CC,AA,CC,CC,AA,AT,AA,AA,GG,CC,CC,GG,AG,GG,AA,NN,GG,CC,CG,AA,AG,GG,TT,GG,AA,TT,CC,AG,CC,TT,GT,TT,GG,AT,NN,TT,AA,TT,GG,CC,AA,CT,CC,CC,CG,CC,AA,GG,AG,CC,TT,CC,GG,GT,GG,AT,AA,AA,TT,CC,CG,AA,CC,CC,GG,AG,AA,GG,TT,AA,AA,CG,GG,AA,AC,AT,AA,GG,TT,TT,AA,GG,TT,AA,CC,TT,GT,AA,GG,AA,CT,AA,TT,CC,TT,AA,CC,TT,CG,GG,CC,GG,CC,TT,CC,GT,CG,TT,AC,CC,AA,GT,NN,CG,GG,CC,GG,AT,AA,CC,GT,GG,CC,CG,AT,GG,CC,AT,CC,AA,AA,CC,CG,AC,TT,AA,GG,AA,AC,AA,AA,AG,GG,AA,AA,TT,GG,AA,AA,CC,AA,CT,AG,AA,GG,GG,GG,TT,AT,AA,GT,TT,TT,AA,TT,GG,GG,AA,6.79,Moderate,Medium,Premium,Late
L0238,Davangere,Karnataka,Rabi,Black Cotton,Irrigated,430,25.5,58,AC,TT,GG,AG,GG,CC,GG,TT,CC,CG,AA,CC,CG,AT,TT,GG,GG,TT,TT,AG,CC,GT,GT,CC,TT,CC,TT,TT,GT,AA,TT,CC,AA,CC,AG,CG,GG,CG,GG,CC,TT,TT,AA,TT,AG,GG,TT,TT,CC,AC,GG,AT,AG,GG,CC,TT,AA,AC,GT,AA,AA,TT,TT,AA,TT,AT,CC,GG,TT,GG,AA,GT,CC,AA,GG,CC,AT,GG,TT,TT,AG,GG,GG,CC,AA,AG,AG,AA,CC,GT,CC,TT,CC,TT,GT,GG,NN,CC,TT,CC,TT,CC,AG,AA,AT,TT,CC,AA,AG,AA,CT,GG,TT,CG,GG,AA,AA,TT,NN,AG,CC,GG,CC,GT,TT,AA,CC,CC,CC,CC,AA,TT,AC,AA,CC,CC,AA,TT,AA,AA,GG,CC,CG,GG,AA,GG,AA,CC,NN,CC,CC,AG,AA,AA,TT,GG,AC,NN,CT,GG,CC,TT,GT,TT,CC,AT,GT,TT,AT,AT,GG,CC,AG,TT,CC,CC,CG,AC,AA,GG,AG,CC,TT,CC,GG,TT,GG,TT,AA,AA,TT,CC,GG,AA,CC,CC,GG,GG,AC,GG,TT,CC,AA,CC,TT,AT,CC,AA,AT,GG,TT,TT,AA,CG,GT,TT,CC,AT,GG,AA,GG,AA,TT,AC,TT,CC,TT,AA,CC,TT,CG,AA,CC,AG,CC,TT,TT,TT,GG,TT,AC,CC,AA,GG,CC,CC,GG,CC,GG,TT,AA,CG,GT,GG,CC,CC,AA,GG,CC,AT,CC,AA,AA,AC,CG,CC,TT,AG,CG,AA,AA,AA,AA,AA,AA,AA,AA,AT,GG,AC,AG,AC,AC,TT,AA,AA,GG,GG,GG,TT,AT,AG,TT,TT,TT,AG,AT,GG,GG,AA,6.61,Susceptible,High,Premium,Late
L0239,Davangere,Karnataka,Rabi,Black Cotton,Irrigated,430,25.5,58,AC,CT,GG,AA,GG,CC,GG,AT,CC,CG,AA,CT,CC,TT,GT,GG,CC,TT,TT,AG,CC,TT,GT,CT,TT,CC,TT,TT,GT,AA,TT,CT,AA,CC,GG,CG,GG,CC,GG,CC,TT,CT,AA,GT,AA,AA,CT,TT,CC,CC,GG,AA,AA,NN,CT,TT,AA,AC,GT,AA,AA,TT,AA,AA,TT,TT,CC,GG,CC,TT,AG,GG,CC,NN,GG,CC,AT,GG,TT,TT,GG,GG,TT,CC,AA,GG,AA,AA,CC,TT,CC,TT,CC,AT,TT,NN,TT,AC,GT,CC,CC,GG,GG,AA,AT,TT,CC,AA,AA,AA,CC,GG,TT,CC,GT,AA,AA,TT,CC,AG,CC,GG,CC,GT,CC,AA,CC,CC,AC,CC,AA,TT,CC,AA,CC,CT,AA,TT,AA,AA,GG,TT,CC,GG,AA,GG,AT,CC,GG,CG,CC,AA,AA,GG,TT,AG,AA,TT,CT,GG,CC,TT,TT,TT,CC,AT,GT,TT,AA,AT,GG,CC,AA,CC,CC,AC,GG,CC,AA,GG,AG,CC,TT,CC,GG,GT,GG,TT,AA,AA,TT,CC,GG,AA,CC,CC,GG,GG,AA,GG,TT,AA,AG,CC,GG,AA,NN,AA,AA,GG,TT,AT,AT,GG,GG,TT,CC,AT,GG,AA,GG,AA,CT,AA,TT,CC,TT,AA,CC,TT,CG,AA,CC,AA,CC,AT,CT,TT,GG,TT,AA,AC,AG,GG,CC,GG,GG,CC,GT,AT,AA,CC,TT,AG,CC,CG,AA,GG,CC,AA,CC,AA,AG,AC,GG,AC,TT,AA,GG,AA,AA,AC,AC,GG,AG,AA,AA,TT,GG,AA,AG,AC,CC,TT,AA,AG,GG,GG,GG,TT,AT,AG,GT,TT,TT,AA,AA,GG,GG,AC,6.23,Moderate,Low,Poor,Late
L0240,Davangere,Karnataka,Rabi,Black Cotton,Irrigated,430,25.5,58,AC,TT,GG,AG,GG,CC,NN,AT,CC,CG,AT,TT,CG,AT,TT,GG,GG,TT,TT,AA,CC,TT,TT,CT,AT,CC,TT,AT,GG,AC,TT,CT,AA,CC,GG,CG,GG,CC,GG,CC,TT,TT,AA,GT,AA,GG,TT,TT,CC,AA,GG,AA,AA,GG,CC,TT,AA,AC,GG,AA,AA,TT,TT,GG,CT,TT,CC,GG,TT,GG,AG,GG,AC,AA,GG,AC,AT,GG,TT,TT,GG,GT,GG,CC,AT,GG,AA,AA,CG,TT,CC,TT,CC,TT,TT,GG,CT,CC,GT,CT,CC,CC,GG,AA,AT,TT,CC,AA,AG,AC,CC,GG,TT,CC,GT,AC,AA,TT,CC,AA,CC,GG,CC,GT,TT,AA,CC,CC,CC,CC,AG,TT,AC,AA,CC,CT,AA,TT,AG,AA,GG,CC,NN,GG,AA,AG,AA,CC,GT,CC,CC,AA,AA,GG,GT,GG,AA,GT,CC,GG,CC,TT,TT,TT,CC,AT,GG,CT,AT,TT,GG,CC,AA,CT,CC,CC,GG,CC,AA,GG,AA,CC,TT,CG,GG,TT,CG,AT,AA,AA,GT,CC,CG,AA,CC,CC,GG,GG,AC,GG,TT,AA,AA,CC,GG,AT,CC,AA,AA,GG,TT,AT,NN,CG,GG,TT,CC,AT,GT,AA,GG,AA,TT,AA,TT,CC,TT,AC,CC,CT,GG,AA,CC,AG,CC,TT,TT,GT,GG,TT,AA,CC,AA,GG,CC,CG,CG,CC,GG,TT,AA,CC,GT,GG,CC,CG,AT,GG,CG,AT,CG,AA,AA,CC,CG,AC,TT,AA,GG,AT,AA,AA,AA,AA,GG,AG,AA,TT,GG,AA,AG,AC,AA,CC,AA,NN,GG,GG,GG,TT,AA,AG,TT,TT,TT,AG,TT,GG,GG,AA,7.51,Susceptible,Medium,Premium,Early
L0241,Davangere,Karnataka,Rabi,Black Cotton,Irrigated,430,25.5,58,AA,TT,GG,AA,GG,CC,GG,AT,CC,CC,AA,CC,CC,TT,TT,GG,GG,TT,AT,AA,CG,TT,GT,CC,TT,CC,TT,TT,GG,AA,TT,TT,AA,CC,GG,GG,GG,GG,GG,AC,TT,CT,AA,TT,AG,AG,TT,TT,CG,AA,GG,AA,AA,CG,CC,TT,AA,AC,GT,AA,AA,TT,TT,AA,TT,AT,CC,GG,TT,GT,AG,GG,CC,AA,GG,AC,AT,GG,TT,TT,GG,GG,GG,CC,AA,GG,AA,AT,CC,GG,CC,TT,CC,AT,GT,AG,CT,CC,TT,CC,CT,CC,AG,AA,TT,TT,CC,AA,AA,AA,CC,GG,TT,CC,NN,AC,AA,TT,GG,GG,CG,GG,CT,GT,TT,AA,CC,CC,CC,CG,AA,TT,CC,AA,CC,CT,AG,AT,AG,AA,GG,TT,CC,GG,AA,AA,AA,CC,GG,CC,CG,AA,GG,AG,TT,GG,AC,GT,CT,GG,CC,GT,TT,TT,CC,AA,TT,TT,AA,TT,GG,CC,AA,CT,CC,CC,GG,CC,AA,GG,AA,CC,TT,CC,GG,GT,CG,TT,AA,AA,TT,CC,GG,CC,CC,CC,GG,GG,AA,GG,TT,AC,AA,CC,GG,AT,CC,AA,AT,GT,TT,AT,AT,CG,GG,NN,CC,TT,TT,AA,GG,AG,CT,AA,TT,CC,TT,AA,CC,TT,GG,AA,CC,GG,CC,TT,TT,TT,GG,TT,AC,AC,AA,GG,CC,CC,GG,CG,GG,TT,AA,CC,TT,AG,GG,CC,NN,GG,CC,AT,CG,AA,AA,AC,CC,CC,TT,AA,GG,AA,AA,CC,AA,AG,AG,AA,AA,NN,GG,AC,GG,NN,AA,CT,AA,AA,GG,AG,GG,TT,AA,AG,TT,NN,AT,GG,AT,CG,GG,AA,9.35,Susceptible,High,Standard,Late
L0242,Davangere,Karnataka,Rabi,Black Cotton,Irrigated,430,25.5,58,AC,TT,GG,AA,GG,CG,GG,TT,CC,CG,AT,CC,CG,TT,GT,GT,GG,TT,TT,AA,CC,TT,GT,CC,TT,CC,TT,TT,GG,AA,TT,CC,AA,AC,GG,GG,GG,CG,GG,CC,TT,TT,AA,TT,AA,AG,TT,TT,CC,AC,GG,AT,AG,GG,CC,TT,AA,AA,GG,AA,AA,TT,AT,GG,CT,TT,CC,GG,TT,GT,AA,GG,CC,AA,AG,AA,AT,GG,GT,TT,GG,GG,GG,CC,AA,GG,AA,AA,CC,GG,CC,TT,TT,TT,TT,GG,CT,CC,TT,CC,CT,CC,AG,AA,TT,GT,CC,AA,AG,AA,CC,GG,TT,CC,TT,AA,AC,TT,CG,GG,CC,AA,CC,GG,TT,AA,CC,CC,CC,NN,AA,GT,CC,AA,CC,CC,AA,TT,AA,AA,GG,CC,CC,GG,AA,GG,AA,AC,GG,CC,CC,AG,AA,GG,TT,GG,AA,TT,CT,AG,CC,TT,TT,CT,CC,AA,GT,TT,AA,AT,GG,CC,AA,CC,CC,AC,GG,CC,AA,GG,AG,CC,TT,CC,GT,GT,GG,AT,AA,AA,TT,NN,GG,AA,AC,CG,GG,GG,CC,GG,TT,AC,AA,CC,GT,AA,AA,AA,AA,GG,TT,AT,AT,GG,GT,AA,CG,AT,GT,AA,GG,AG,CT,AA,NN,CC,CT,AA,CC,NN,GG,AA,CC,AG,AC,AT,NN,TT,GG,TT,AA,AA,AA,GG,CC,CG,GG,CC,GG,AT,AA,CC,TT,GG,CC,CG,AA,GG,CC,AA,CC,AA,AA,NN,CC,CC,TT,AA,GG,AA,AA,AC,AC,AG,AA,AG,AA,TT,CG,CC,AG,AA,AC,CT,AA,AA,GG,GG,GG,TT,AA,AA,TT,TT,TT,AG,AT,GG,GG,AA,6.35,Susceptible,Low,Standard,Early
L0243,Davangere,Karnataka,Rabi,Black Cotton,Irrigated,430,25.5,58,AC,TT,GG,AG,GG,CC,GG,TT,CC,CG,TT,CC,CC,TT,TT,GG,CG,TT,TT,AG,CC,TT,TT,CT,TT,CC,TT,TT,GG,AA,TT,CC,AA,CC,GG,CG,GG,CC,GT,CC,TT,TT,AA,TT,AA,GG,CT,AT,NN,AA,GT,AT,AA,GG,CC,TT,AA,CC,GT,AA,AA,TT,TT,AG,TT,TT,CC,GG,TT,GT,AA,GG,CC,AA,GG,AC,TT,GG,TT,TT,NN,GG,GG,CC,AA,GG,AG,AA,CC,TT,AC,TT,CC,TT,TT,GG,TT,CC,TT,CC,CT,CC,GG,AG,AT,TT,CC,AG,AG,AA,CC,GG,GT,CG,TT,AA,AA,TT,CG,GG,CC,GG,CT,GT,TT,AG,CC,CC,AC,CC,AA,TT,CC,AA,AC,CC,AA,AT,AA,AA,GG,CC,CC,GG,AA,AG,AA,CC,GG,CC,CC,AG,AG,GG,GT,GG,AA,TT,TT,AG,AC,GT,GT,CC,CC,AA,GT,TT,AT,NN,GG,CC,AG,CC,CC,CC,CG,AC,AA,GG,AA,CC,TT,CG,GT,GT,CG,TT,AA,AG,TT,CC,GG,AA,AC,CC,GG,GG,AC,CG,TT,AA,AA,NN,GG,AA,AC,AA,AA,GG,TT,TT,AT,CG,GT,AT,CC,AA,GT,AA,GG,AA,TT,AA,TT,CC,CT,AC,CC,CT,GG,AA,CC,AG,CC,TT,TT,TT,GG,AT,AA,CC,AG,GG,CC,CG,GG,CG,GG,AT,AG,CC,TT,GG,CG,CC,AA,GG,GG,AT,CC,AA,AA,CC,CC,CC,AT,AA,GG,AA,AA,AC,AC,GG,AA,AG,AA,TT,CG,AC,AG,AA,AA,CT,NN,AA,CG,GG,GG,TT,AA,AA,GT,TT,TT,AG,AT,GG,GG,AA,6.83,Susceptible,Low,Premium,Late
L0244,Davangere,Karnataka,Rabi,Black Cotton,Irrigated,430,25.5,58,AA,TT,GG,AG,GG,CC,GG,TT,CC,CC,AA,CT,CG,AT,TT,GT,GG,TT,TT,AA,CC,GT,GT,CC,TT,CC,TT,TT,GT,AA,CT,NN,AA,CC,GG,GG,GG,CC,GG,AC,GT,TT,AC,TT,AA,GG,TT,AT,CC,AC,GG,AT,AA,GG,CT,GT,AA,AC,GT,AC,AG,TT,TT,AA,TT,TT,CT,GG,TT,GG,AG,GG,CC,AA,AA,AA,AA,GG,TT,TT,GG,GG,GG,CC,AA,GG,AA,AT,CC,TT,CC,TT,CT,TT,TT,GG,CT,CC,TT,CC,CT,CC,AG,AA,TT,TT,CC,AA,AG,AC,CT,GG,TT,CG,TT,CC,AA,TT,CC,NN,CG,GG,CC,NN,TT,AG,CC,CC,CC,CC,AA,TT,AC,AA,CC,CC,AA,TT,AA,AA,GG,CC,CC,GG,AA,AG,AA,CC,GG,CC,CG,AA,AA,GG,TT,GG,AC,TT,CT,GG,CC,GT,TT,CT,CC,TT,GT,TT,AT,TT,GG,CC,AA,TT,CC,CC,CG,CC,AA,GG,GG,AC,TT,CC,GT,TT,GG,AT,AA,AG,TT,CC,CG,AA,AC,CC,GG,GG,CC,GG,TT,AA,AA,CC,GT,AT,CC,TT,AA,GG,GT,AA,AT,GG,GG,AA,CC,AT,GT,AA,GG,NN,TT,AA,TT,CC,TT,AA,AC,TT,GG,AG,CC,AG,CC,TT,CT,GT,GG,TT,AA,AC,AG,GG,CC,CC,GG,CC,GG,AT,AA,CC,NN,AG,CC,CC,AA,AG,CC,AT,CC,AT,AA,CC,CG,AC,TT,AA,GG,AA,AA,AC,AC,AA,AG,AA,AA,TT,CG,AC,AA,AC,AC,TT,AG,AA,GG,GG,CG,TT,AT,AA,GT,TT,TT,AA,TT,GG,GG,AA,9.22,Resistant,High,Standard,Early
L0245,Davangere,Karnataka,Rabi,Black Cotton,Irrigated,430,25.5,58,AA,TT,GG,AA,GG,CC,GT,AT,CC,GG,AA,CC,CG,TT,TT,GG,CG,AT,TT,AA,CC,TT,TT,CC,TT,CC,TT,TT,GG,AA,CT,CT,AG,CC,GG,GG,GG,CG,GG,CC,TT,CT,AA,GT,AA,NN,TT,TT,CC,AC,GT,AT,AA,GG,CT,GG,AA,AC,GG,AC,AA,GT,TT,AG,TT,AT,CC,GG,NN,GT,AA,GG,CC,AA,AG,AA,AT,GG,TT,NN,AG,GG,GG,CC,AT,GG,AG,AT,CG,TT,AC,TT,CC,AT,GT,GG,CT,CC,GT,CC,CT,CC,AG,AA,AT,TT,CC,AG,AA,AA,CT,GG,TT,CC,TT,AA,AA,TT,CC,GG,CG,GG,CC,GG,TT,AA,CT,CC,CC,CC,AA,TT,CC,AA,CC,CT,AG,TT,AG,NN,GG,CT,CG,NN,AA,AG,AA,CC,GG,CC,CC,AA,AG,GG,TT,GG,AC,GT,TT,AG,AC,TT,TT,CT,CG,AA,GT,TT,AT,TT,GG,CC,AG,CC,CC,CC,GG,CC,AA,GG,NN,CC,TT,CC,GT,TT,GG,AT,AA,AA,TT,CC,CG,AA,CC,CC,GG,GG,AA,GG,TT,AA,AA,CC,GG,AA,CC,AA,AT,GG,TT,AT,AA,GG,NN,AA,CC,AA,TT,AT,GG,AA,CT,AA,TT,CC,CT,AC,AC,CT,GG,AG,CC,GG,CC,TT,TT,GT,NN,TT,AC,AA,AG,GG,CC,CC,CG,CC,GG,AT,GG,CG,GT,GG,CC,GG,AA,AA,CC,TT,CC,AA,AA,AC,GG,CC,TT,AA,GG,AA,AC,AA,AA,GG,AG,AA,AA,TT,GG,AC,AG,AC,AA,CC,AA,AA,GG,GG,GG,TT,AA,AA,GG,TT,TT,AA,TT,GG,GG,AA,8.08,Moderate,Medium,Standard,Late
L0246,Davangere,Karnataka,Rabi,Black Cotton,Irrigated,430,25.5,58,AA,CC,GG,GG,GG,CC,GG,TT,CC,CG,AA,CT,NN,TT,TT,GT,GG,TT,AT,AG,CC,TT,GT,CT,TT,CC,GT,TT,GG,AA,TT,CT,AA,CC,GG,GG,GG,GG,GG,CC,GT,TT,AA,GT,AA,AG,TT,AT,CC,AC,GG,AA,AA,GG,CT,TT,AA,AA,TT,AC,AA,TT,TT,GG,CT,TT,CC,GG,TT,GT,AG,GG,AC,AG,AG,AC,AA,GG,TT,TT,GG,GG,GG,CC,AA,GG,AA,AT,CC,TT,CC,GT,NN,TT,TT,GG,TT,CC,TT,CC,CT,CC,AA,AA,TT,TT,CG,AA,AG,AA,TT,GG,TT,CC,TT,AA,AA,TT,CG,GG,CG,GG,CC,GT,TT,AG,CT,CC,CC,CC,AA,TT,CC,AA,CC,CC,AA,AT,AA,AA,GG,CC,CC,GG,AG,AA,AA,CC,GT,CC,CC,AA,AG,GG,TT,GG,CC,GG,NN,AG,AA,GT,TT,TT,CC,AA,GT,CT,AA,TT,GG,CC,AG,CT,CC,CC,CG,AC,AA,GG,AA,CC,TT,CG,TT,TT,GG,AA,AA,AG,TT,CC,GG,AC,AC,CC,GG,GG,AC,GG,TT,AC,AA,CC,GG,AA,AC,AA,AA,GG,TT,AT,AA,CG,TT,AT,CG,TT,GG,AA,GG,AA,NN,AA,TT,CC,CC,AA,CC,CC,CG,AA,CC,GG,CC,TT,TT,TT,GG,TT,AA,CC,AA,GG,CC,CC,GG,CC,GG,AT,AA,CG,TT,GG,CC,GG,AA,GG,CC,AT,CC,AA,AA,CC,CG,AC,TT,AA,GG,AA,AC,AA,AA,GG,AA,AA,AA,TT,GG,AA,AG,AC,AC,TT,AA,AA,GG,NN,GG,TT,AA,AA,TT,TT,TT,AG,TT,GG,GG,AA,4.94,Resistant,Medium,Poor,Medium
L0247,Davangere,Karnataka,Rabi,Black Cotton,Irrigated,430,25.5,58,AC,TT,GG,AA,GG,CC,NN,TT,CC,GG,AA,CC,CC,AT,TT,GG,GG,TT,TT,AA,CC,TT,GT,CC,TT,CC,TT,TT,GG,AA,TT,CT,AA,CC,GG,GG,GG,CC,GG,CC,TT,TT,AC,TT,AA,AG,TT,TT,CC,CC,GG,AA,AG,GG,CT,TT,AA,AC,GT,AA,AA,TT,AT,NN,TT,TT,CC,GG,TT,GT,AA,GG,CC,AA,GG,AA,AA,GG,TT,TT,GG,GT,GT,CC,AA,GG,AA,AA,CC,TT,CC,TT,CC,TT,NN,GG,TT,CC,GT,CC,CC,CG,AG,AA,TT,TT,CC,AA,AG,AA,CT,GG,TT,NN,TT,AA,AA,TT,CC,GG,CC,AG,CT,GG,TT,AA,CC,CC,CC,CC,AA,TT,CC,AA,CC,CC,AA,AT,AA,AA,GG,CC,CC,GG,AG,AA,AT,CC,NN,CC,CC,AA,AA,GG,TT,AG,AA,TT,TT,GG,CC,GG,TT,TT,CG,AT,GT,TT,AA,TT,CG,CC,AA,CT,CC,CC,GG,CC,AA,GG,GG,CC,TT,CC,GG,TT,GG,TT,AA,AA,NN,CC,CC,AA,CC,CC,GG,GG,AC,GG,TT,AA,AA,CC,GG,AA,AC,AA,AT,TT,GT,TT,AA,GG,GG,AA,CC,AT,TT,AA,GG,AA,CT,AA,TT,CG,TT,AC,CC,TT,GG,AG,CC,AG,CC,NN,TT,TT,GG,TT,AA,AC,AG,GG,CC,CG,GG,CC,NN,NN,AA,CC,TT,GG,CC,CC,AA,AG,CC,AT,CC,AA,AA,AC,CC,CC,TT,AA,GG,AA,AC,AA,AA,GG,AG,AA,AA,TT,GG,AC,AA,AC,AC,CT,AA,AA,GG,GG,GG,TT,AT,AG,TT,TT,TT,AA,AT,GG,GG,AA,6.29,Moderate,Medium,Standard,Early
L0248,Davangere,Karnataka,Rabi,Black Cotton,Irrigated,430,25.5,58,AA,CT,GG,AG,GG,CC,GT,TT,CC,CG,AA,CC,CG,AT,TT,GG,GG,TT,TT,AG,CC,TT,TT,CC,TT,CC,TT,TT,GT,AA,TT,CC,AA,CC,AG,GG,GG,CC,GG,CC,TT,TT,AA,GT,GG,GG,TT,TT,CC,CC,GG,AA,AG,GG,CT,TT,AA,AC,GG,AA,AA,TT,AA,AA,TT,TT,CC,GG,TT,GT,AG,GG,CC,AA,GG,AA,AT,GG,TT,TT,GG,GG,GG,CC,AT,GG,AA,AA,CC,GG,CC,TT,CC,AT,TT,GG,CT,AC,TT,CC,CC,CG,GG,AA,TT,TT,CG,AA,GG,AA,TT,GG,TT,CC,TT,AA,NN,TT,GG,GG,CC,GG,CC,GG,TT,AA,CT,CC,CC,CC,AA,GT,CC,AA,CC,CC,AG,TT,AA,AA,GG,CT,CC,GG,AA,AG,AA,CC,GG,CC,CC,AA,NN,GG,GT,AG,AA,TT,TT,GG,AC,GT,TT,TT,CC,AA,GT,TT,AT,TT,GG,CC,AG,CC,CC,CC,GG,CC,AA,NN,AA,CC,TT,CC,GG,GT,GG,AT,AA,AA,TT,CC,CG,AA,CC,CC,GG,GG,AC,GG,NN,AA,AA,CC,GG,AA,CC,AA,AA,GT,GT,TT,AT,CG,GT,AT,CC,AT,TT,AA,GG,AA,CT,AA,NN,CC,TT,AA,CC,TT,GG,AA,CC,AG,AC,TT,TT,TT,GG,AT,AA,AA,AA,GG,NN,CC,GG,CC,GG,AT,AA,CC,TT,GG,CC,NN,AT,GG,CC,AT,CC,AA,AG,CC,CC,CC,TT,AA,GG,AA,AC,AC,AA,GG,AG,AA,AA,AT,GG,AC,AA,CC,AC,CT,AA,AA,GG,AG,GG,TT,AT,AA,TT,TT,TT,AA,TT,GG,CG,AA,6.55,Susceptible,Low,Poor,Early
L0249,Davangere,Karnataka,Rabi,Black Cotton,Irrigated,430,25.5,58,AA,TT,GG,GG,GG,CC,GG,AT,CC,CG,AA,CT,CC,TT,TT,GT,GG,TT,TT,AG,CC,TT,TT,CC,TT,CC,TT,TT,GG,AA,TT,CC,AA,CC,GG,GG,GG,CG,GG,AC,TT,CC,AA,TT,AG,GG,TT,TT,CC,AC,GG,AT,AG,GG,CT,GT,AA,AA,GT,AC,AA,TT,TT,AG,TT,AT,CC,GG,TT,GT,AA,GT,CC,AA,AG,AA,AT,GG,GT,TT,GG,GG,GG,CC,AA,GG,AA,AT,CC,TT,CC,TT,NN,TT,NN,GG,TT,CC,GT,CC,TT,CC,GG,GG,AT,TT,CC,AA,AG,AA,CC,NN,TT,CC,TT,AA,AA,TT,CC,AG,CC,GG,CC,GG,TT,AG,CC,CC,CC,CC,AA,GT,CC,AA,CC,CT,AA,TT,AG,AA,GG,CC,NN,GG,AA,AA,AT,CC,GG,CC,CG,AA,AA,GG,TT,GG,AC,GT,TT,GG,CC,GT,GT,CC,CC,AT,TT,TT,AT,TT,GG,CG,AG,CC,AC,CC,CG,CC,AA,GG,AG,CC,TT,CC,GT,TT,GG,AT,AA,AA,TT,CC,GG,AC,AA,CC,GG,GG,AC,GG,TT,AA,AA,CC,GG,AT,CC,AA,AA,GG,TT,AT,TT,GG,TT,AA,CC,TT,GT,AA,GG,AA,CT,AC,TT,CC,CT,AA,CC,TT,CG,AA,CC,AA,CC,TT,CC,TT,GG,TT,AC,CC,AG,GG,CC,GG,GG,CC,GG,TT,AA,CC,GT,GG,CC,CG,AA,AG,CC,AA,CG,AT,AA,CC,CC,AC,TT,AA,GG,AA,AA,AA,CC,AA,AG,AA,AA,TT,CG,NN,AG,CC,AA,CC,AA,AA,GG,GG,GG,GT,AA,AG,TT,NN,AT,AG,TT,GG,CG,AA,9.27,Resistant,Medium,Premium,Early
L0250,Davangere,Karnataka,Rabi,Black Cotton,Irrigated,430,25.5,58,AC,TT,GG,AG,GG,CC,GG,AT,CC,GG,AA,CC,CC,AT,TT,GT,CG,TT,TT,NN,CC,GT,GT,CC,TT,CC,TT,TT,GG,AA,TT,CT,AA,AC,AG,GG,GT,CC,GG,CC,TT,TT,AA,TT,AG,GG,TT,TT,CC,CC,GT,AA,AA,GG,CC,TT,AT,AA,GT,AA,AA,GT,TT,AA,TT,TT,CC,GG,TT,GT,AG,TT,CC,AA,AG,AC,TT,GG,TT,TT,GG,GG,GG,CC,AT,AG,AA,AA,CC,TT,CC,TT,CT,TT,TT,AG,TT,CC,GT,CC,CC,CG,AA,AA,TT,TT,CC,NN,AG,AA,CT,GG,TT,CC,TT,AA,AA,TT,CC,AG,CC,GG,CC,GG,CC,AA,CC,CC,CC,CC,AA,TT,CC,AA,CC,CC,AA,TT,AA,AA,GG,CC,CC,GG,NN,AG,AT,CC,GT,CC,CG,AA,AG,GG,TT,GG,AC,GT,TT,GG,AA,GT,GT,NN,CC,AT,TT,TT,TT,TT,CG,CC,AG,CT,CC,CC,CG,AC,AA,GG,AG,CC,TT,CC,GT,TT,CG,TT,AA,AG,TT,CC,GG,AC,CC,CG,NN,AG,CC,GG,TT,AC,AA,CC,GG,AA,CC,AA,AA,GG,TT,AT,AT,NN,GT,AT,CG,TT,GG,AA,AG,AG,TT,AC,TT,CC,TT,AC,CC,CT,GG,AA,CG,AA,CC,TT,CT,GT,GG,TT,AA,CC,AA,GG,CC,CG,GG,CC,GG,AT,AA,CC,TT,AG,CC,CC,AA,GG,CC,AT,CC,AA,AA,CC,CC,AC,TT,AA,CG,AA,AA,CC,AA,GG,AA,AA,AA,TT,GG,AA,AA,AC,CC,CT,AA,AG,GG,GG,CG,GT,AA,AG,GT,TT,TT,AA,AT,GG,CG,AC,6.75,Resistant,Low,Poor,Early
L0251,Davangere,Karnataka,Rabi,Black Cotton,Irrigated,430,25.5,58,CC,TT,AG,AG,GG,CC,GG,AT,CC,GG,AA,CC,CG,TT,TT,GT,CG,TT,TT,AA,CG,NN,TT,CC,TT,CC,GT,TT,GT,AA,TT,CC,AG,CC,GG,GG,NN,CG,GG,CC,TT,TT,AA,TT,AG,AG,TT,TT,CC,AA,GG,AA,AA,GG,CC,GT,AA,AA,GT,AC,AG,GT,TT,AA,TT,TT,CC,GG,TT,GT,AA,GG,CC,AA,GG,AA,AT,GG,TT,TT,GG,GG,GT,CC,AA,GG,AA,AA,CC,GG,AC,TT,CC,TT,TT,GG,TT,CC,TT,CC,CC,CC,GG,AA,TT,TT,CC,AA,AG,AA,CC,GG,TT,CG,TT,AA,AA,TT,CG,AG,CC,GG,CC,GG,CT,AA,CC,CC,CC,CC,AA,TT,CC,AA,CC,CC,AA,TT,AA,AA,GG,CC,CC,GG,AA,AG,AT,CC,GG,CC,CC,AA,AG,GG,TT,AG,AA,TT,CT,GG,AC,GG,TT,TT,CC,AA,TT,TT,AA,TT,CG,CC,AG,CC,AC,CC,GG,CC,AA,AG,AG,CC,TT,NN,GG,TT,NN,AT,AA,AA,TT,CC,CG,AC,CC,CC,GG,GG,AC,GG,TT,AA,AA,CC,GT,AA,CC,AT,AT,GT,TT,TT,AA,GG,GG,AA,CC,TT,TT,AA,GG,AA,TT,AA,TT,CG,TT,NN,CC,TT,CG,AA,CC,AG,CC,TT,CT,TT,GG,TT,AA,AA,AA,GG,CG,CG,CG,CC,GG,AT,AA,CG,TT,GG,CC,CC,AT,GG,CC,AA,CC,AA,AA,CC,CG,CC,TT,AA,GG,AA,AC,AA,AA,AG,AA,AA,AA,TT,GG,AA,AG,CC,AC,CT,AA,AG,GG,GG,CG,TT,AA,AA,GT,TT,TT,AG,TT,GG,CG,AC,7.47,Resistant,Low,Poor,Medium
L0252,Davangere,Karnataka,Rabi,Black Cotton,Irrigated,430,25.5,58,AA,TT,GG,AG,GG,CC,GT,TT,CC,GG,NN,CC,CG,TT,TT,GT,GG,TT,TT,AA,CG,TT,TT,CC,TT,CC,TT,TT,GT,AA,TT,CT,AA,CC,GG,GG,GG,CC,GG,CC,TT,CT,AC,TT,AA,AG,TT,TT,CC,CC,GT,AA,AA,GG,NN,TT,AA,AC,GT,AC,AG,TT,TT,AA,NN,TT,CC,GG,TT,GG,AA,GT,CC,AA,GG,AA,AT,GG,TT,TT,GG,GG,GG,CC,AA,GG,NN,AT,CC,TT,CC,TT,CC,TT,TT,GG,TT,CC,TT,CC,CC,CG,AA,AG,AT,TT,CC,AA,AG,NN,CC,GG,GT,CG,NN,NN,AA,TT,CC,GG,CC,GG,TT,GG,TT,AG,CC,CC,CC,CC,AA,TT,AC,AA,CC,CC,AA,TT,AA,AA,GG,CC,CC,GG,AG,AA,AA,CC,GG,CC,GG,AA,AA,AG,TT,GG,AA,TT,CT,GG,CC,GT,GT,TT,CC,AA,GG,TT,AA,AT,GG,CC,AA,CT,CC,CC,GG,CC,AA,GG,GG,CC,TT,CC,TT,GT,GG,TT,AA,AA,TT,CC,GG,AA,AC,CC,GG,AG,AC,GG,TT,AA,AA,CC,GG,AA,AC,AA,AT,GG,TT,TT,AA,GG,TT,AA,CC,TT,GG,AA,GG,AA,CT,AA,TT,CG,CT,AC,CC,CC,CC,GG,CC,AG,CC,TT,CT,GT,GG,TT,AC,CC,AG,GG,CC,CG,GG,CC,GG,AT,AA,CC,GT,GG,CC,CC,AA,AG,CC,TT,CG,AT,AA,CC,GG,AA,TT,AA,GG,AA,AA,AA,AA,AG,AA,AA,AA,AT,CG,AC,AA,AA,AA,TT,AA,AA,GG,AG,GG,TT,AA,AA,TT,TT,TT,AA,AT,GG,GG,AA,6.98,Moderate,Medium,Premium,Early
L0253,Davangere,Karnataka,Rabi,Black Cotton,Irrigated,430,25.5,58,CC,CT,GG,AG,GG,CC,GG,AT,CC,CG,AA,NN,CC,TT,TT,GG,GG,TT,TT,AG,CC,TT,GT,CC,TT,CC,TT,TT,GG,AA,TT,CT,AA,CC,GG,GG,GG,CC,GG,AC,TT,CT,AA,TT,AA,GG,TT,AT,CC,AC,GT,TT,AA,GG,CC,GT,AA,CC,GT,AA,AA,TT,AT,AG,CT,AT,CC,GG,TT,TT,AA,GG,CC,AA,GG,AA,AA,GG,TT,TT,GG,GG,GG,CC,AA,GG,AA,AA,CC,TT,CC,TT,CC,NN,GT,GG,TT,CC,TT,CC,TT,CC,GG,AA,AT,TT,CC,AA,AA,AA,CC,GG,TT,CC,TT,AC,AA,TT,CC,AG,CC,AG,CC,GT,CT,GG,CC,CC,CC,CC,AA,TT,CC,AA,CC,CC,AA,TT,AA,AA,CG,CC,CC,GG,AA,AG,AA,CC,GT,CC,CC,AA,GG,AG,TT,GG,AC,TT,CT,GG,CC,GG,TT,TT,CG,AA,TT,CT,AA,TT,GG,CC,AA,CC,CC,CC,GG,CC,AA,GG,AG,CC,TT,CC,GG,TT,GG,TT,AA,AG,TT,CC,CC,AA,AC,CC,GG,AG,AA,GG,TT,AC,AA,CC,GG,TT,AA,AA,AA,GG,TT,AT,AT,GG,GG,AT,CC,AT,GT,AA,GG,AA,TT,AA,TT,CG,TT,AA,CC,TT,GG,AA,CC,GG,CC,TT,TT,GT,GG,TT,AA,CC,AA,GG,CC,CG,GG,CC,GG,TT,AA,CC,GT,AG,CC,CC,AT,AG,CC,AT,CC,AA,AA,AC,CC,AC,TT,AA,GG,AA,AA,AA,AA,GG,AG,AA,AA,TT,GG,NN,AA,AC,AA,CT,AA,AA,GG,GG,GG,TT,AA,AA,TT,TT,TT,AA,TT,GG,GG,AA,8.69,Susceptible,Low,Premium,Late
L0254,Davangere,Karnataka,Rabi,Black Cotton,Irrigated,430,25.5,58,AA,CT,AG,AG,GG,CC,GG,TT,CC,CG,NN,CC,GG,AT,TT,GG,GG,TT,TT,AA,CC,TT,TT,CT,TT,CC,TT,TT,GG,AA,TT,CT,AA,CC,GG,GG,GG,CG,GG,CC,TT,TT,AC,TT,AA,GG,TT,AT,CC,AC,GG,AA,AA,GG,CC,TT,AA,AA,TT,AA,AA,TT,TT,AA,TT,TT,CC,GG,TT,GT,AA,GG,AC,AA,AG,AA,AA,GG,TT,TT,GG,GG,GG,CC,AT,GG,AA,AA,CC,GT,AC,GT,CT,TT,TT,GG,TT,CC,TT,CT,CT,GG,AG,AA,TT,TT,CC,AA,AG,AC,CC,GT,TT,CC,TT,AC,AA,TT,CC,GG,CC,AG,CT,GG,CC,AA,CT,CC,AC,CC,AA,TT,AC,AA,CC,CC,AA,TT,AA,AA,GG,CC,CC,GG,AA,AG,AA,AC,GG,CC,CC,AA,AG,GG,TT,GG,AC,GT,CC,GG,CC,TT,GT,TT,NN,AA,GG,TT,TT,TT,CG,CC,AA,CT,CC,CC,GG,CC,AA,GG,AG,CC,TT,CC,GG,GT,GG,AT,AA,AG,TT,CC,GG,AA,CC,CC,GG,GG,AA,GG,TT,AC,AA,CC,GG,AA,AC,AA,AA,GG,TT,AA,AA,GG,GG,AT,CC,TT,TT,AA,GG,AA,CT,AA,TT,CC,CT,AC,CC,TT,GG,AA,CC,AG,CC,TT,CT,GT,GG,AT,AC,AC,AG,GG,CC,CC,GG,CC,GG,AT,AA,CG,GT,GG,CC,CG,AA,GG,CC,AA,CC,AA,AA,CC,GG,CC,TT,AA,GG,AA,AC,AA,AA,GG,NN,AA,AA,TT,GG,AC,AA,CC,NN,TT,AA,AA,GG,GG,CG,TT,AT,AA,TT,TT,TT,AG,AA,GG,CG,AA,8.62,Susceptible,Medium,Premium,Early
L0255,Davangere,Karnataka,Rabi,Black Cotton,Irrigated,430,25.5,58,CC,CT,GG,AG,GG,CG,GT,TT,CC,CC,AA,CT,CC,TT,GT,GG,CG,TT,NN,AA,CC,GT,GT,CC,TT,CC,TT,TT,TT,AA,CT,CT,AA,CC,GG,GG,GG,CC,GG,AC,TT,CC,AA,TT,AA,AG,TT,TT,CC,CC,GT,AA,AA,GG,CC,TT,AA,AA,GG,AA,AG,TT,TT,AG,TT,AT,CC,GT,TT,GG,AA,GG,CC,AA,GG,AC,AT,GG,TT,TT,GG,GT,GG,CC,AT,GG,AA,AA,CC,TT,CC,TT,CC,TT,TT,GG,NN,CC,GT,CC,CC,CG,AG,AA,TT,TT,CC,AG,AA,AA,TT,GG,GT,CC,GT,AA,AA,TT,CC,GG,CC,GG,CC,GT,TT,AG,CC,CG,CC,CC,AA,TT,CC,AA,CC,CC,AA,TT,AG,AA,CC,CC,CC,GG,AA,AA,AA,CC,GG,CC,CC,AA,AA,GG,TT,AG,AA,GT,CT,AG,CC,GG,TT,TT,CC,AA,TT,TT,AT,TT,GG,CC,AG,CC,CC,AC,GG,CC,AA,GG,GG,CC,TT,CC,GT,TT,GG,TT,AA,AA,TT,NN,GG,AA,CC,CC,CG,GG,AA,GG,NN,AC,AA,CC,GG,AA,CC,AA,AT,GG,TT,AT,AA,GG,GT,AT,CC,TT,GT,AA,GG,AA,CT,AA,TT,CC,CT,AC,CC,CC,GG,NN,CG,AG,CC,AT,TT,GT,GG,TT,AA,AC,AA,GT,CC,GG,GG,CC,GG,AA,AG,CC,GT,GG,CC,CC,AA,AG,CC,AT,CC,AA,AA,AC,CC,NN,TT,AA,GG,AA,AA,AC,AA,GG,AA,AA,AA,TT,GG,CC,AA,AC,AA,CT,AG,AA,GG,GG,CG,TT,AT,AA,TT,TT,TT,AG,AT,GG,GG,AC,6.6,Resistant,Low,Standard,Late
L0256,Davangere,Karnataka,Rabi,Black Cotton,Irrigated,430,25.5,58,CC,TT,GG,AA,GG,CC,GT,TT,CC,CC,AT,CC,CG,AT,TT,GT,CC,TT,TT,GG,CC,GT,TT,CC,TT,CT,TT,TT,GG,AA,TT,CC,AA,CC,GG,GG,GG,CG,GG,CC,TT,CT,AC,TT,AA,AG,TT,AT,CC,CC,GT,AA,AA,GG,CT,TT,AA,AA,GT,AA,AA,TT,TT,AA,TT,AT,CC,GG,TT,GG,AA,GG,CC,AA,GG,AA,AA,GG,TT,TT,GG,GG,GG,CC,AA,GG,AA,AA,CC,TT,CC,NN,CT,TT,TT,GG,TT,NN,TT,CT,CC,CC,AG,AA,TT,TT,CC,AA,AG,AA,CT,GG,TT,CC,TT,AC,AA,TT,CC,GG,CC,GG,CC,GT,CT,AA,NN,CC,CC,CC,AA,TT,CC,AA,CC,CC,AA,AT,AA,AA,GG,CC,CC,GG,AA,GG,AT,CC,GT,CC,CG,AA,AA,AG,TT,AG,AC,TT,CC,GG,AC,GG,TT,CT,CC,AT,GT,CT,AA,TT,GG,CC,NN,NN,AC,CC,CG,CC,AA,GG,AG,CC,NN,CG,GG,TT,GG,TT,AA,AG,TT,CC,CG,AC,CC,CC,GG,GG,AA,CG,TT,AC,AA,CC,GT,AT,AA,AT,AT,GG,TT,TT,AT,GG,GG,AT,CC,TT,GT,AA,GG,AA,CT,AA,TT,CC,CT,AC,CC,CT,GG,AA,CC,AG,CC,TT,TT,GT,GG,TT,AA,CC,AA,GG,CC,CC,GG,CC,GG,AT,AG,CG,TT,GG,CC,CC,AA,GG,CG,AA,CC,AT,AA,CC,CC,AA,TT,AA,GG,AA,AA,AA,AA,AA,AG,AA,AA,TT,GG,CC,AG,CC,AC,CT,AA,AG,GG,GG,GG,GT,AT,AA,TT,TT,TT,GG,TT,GG,CG,AA,9.78,Susceptible,Low,Poor,Late
L0257,Davangere,Karnataka,Rabi,Black Cotton,Irrigated,430,25.5,58,AA,CT,AG,NN,GG,CG,GG,TT,CG,GG,AA,CC,CG,AT,TT,GT,CG,TT,TT,AG,CC,GT,TT,CT,AT,CC,TT,TT,GG,AA,TT,CC,AA,CC,GG,CG,NN,CC,GT,AC,TT,CT,AA,TT,AA,GG,TT,TT,CC,AC,GG,NN,AG,GG,CC,GT,AA,AC,GG,AA,AA,TT,TT,AA,TT,AT,CC,GT,TT,GG,AG,GG,CC,AA,GG,NN,AT,AG,TT,TT,GG,GG,GG,CC,AT,GG,AA,AA,CC,TT,CC,TT,CT,TT,GG,GG,CT,CC,TT,CC,CC,CG,GG,AG,AT,TT,CC,AA,AG,AA,CC,GT,TT,CC,TT,AA,AA,TT,CC,GG,CG,GG,CC,GG,CT,AA,CT,CC,AC,CC,AA,GT,CC,AA,CC,CT,AA,TT,AA,AT,GG,CC,CC,GG,AG,AG,AA,AC,GT,CG,GG,AA,AA,GG,TT,AG,AA,GT,CC,AG,CC,TT,TT,TT,CG,AT,TT,TT,NN,TT,GG,CG,AA,CC,CC,CC,CG,CC,AA,GG,AA,CC,TT,CG,NN,TT,NN,TT,AA,AG,TT,CC,CC,AA,CC,CC,GG,GG,AC,GG,TT,AC,AA,CC,GG,AT,CC,AA,AA,GG,TT,AA,AT,GG,GT,AA,CG,AT,GT,AA,GG,AA,TT,AC,TT,CC,CT,NN,CC,CT,GG,NN,CC,AG,CC,TT,TT,TT,CG,AT,AA,AC,AA,GG,CG,CG,GG,CC,GG,AT,AA,CC,TT,GG,CC,CC,AA,AG,CC,AA,CG,AA,AA,CC,CC,AC,TT,AA,GG,AA,AA,AC,AA,AG,AG,AA,AA,AT,GG,AA,AA,AC,AC,CT,AA,AA,GG,GG,GG,TT,AA,AA,TT,TT,TT,AG,AT,GG,CG,AA,11.11,Susceptible,Low,Standard,Medium
L0258,Davangere,Karnataka,Rabi,Black Cotton,Irrigated,430,25.5,58,AC,TT,AG,AA,GG,CC,GT,TT,CC,CC,AA,CC,CG,TT,TT,TT,GG,TT,TT,AG,CG,GT,TT,CC,TT,CC,GT,TT,GG,AA,TT,CC,AA,CC,AG,GG,GG,CC,GG,CC,TT,CT,AA,TT,AA,AG,TT,TT,CC,CC,GG,AA,AA,GG,CC,TT,AT,AA,GT,AC,AG,TT,TT,AA,NN,TT,CC,GG,TT,GG,AG,GG,CC,AA,GG,AA,AT,GG,TT,TT,GG,GG,GT,CC,AA,GG,AA,AA,CC,GT,CC,TT,CC,TT,TT,GG,TT,CC,GT,CC,TT,CC,GG,AA,TT,TT,NN,AA,AA,AA,CT,GG,TT,CC,TT,AA,AA,TT,CG,GG,CC,AG,CC,GG,TT,AG,CT,CC,CC,CC,AA,TT,CC,AA,CC,CT,AA,TT,AG,AA,GG,CT,CC,AG,AG,AG,AA,AC,GG,CC,CC,AG,AG,AG,TT,GG,AA,GT,CT,GG,AC,GT,TT,CT,CC,AA,GT,TT,AA,TT,CG,CC,AG,CT,CC,CC,GG,CC,AA,GG,GG,CC,TT,CG,GG,GT,GG,AT,NN,AG,TT,CC,GG,AA,CC,CC,GG,GG,NN,CC,TT,AA,AA,CC,GG,AA,CC,AA,AT,GT,TT,TT,AT,CG,TT,AA,CC,AT,TT,AA,GG,AA,CC,AC,TT,CC,TT,AC,AA,TT,GG,AG,CG,AG,AC,TT,TT,GT,GG,TT,AA,AC,AA,GG,CC,CC,GG,CC,GG,TT,AA,CC,GT,GG,CC,CC,AA,GG,CC,AA,CC,AT,NN,AC,CC,AC,TT,AG,GG,AA,AA,AA,AA,AG,AG,AG,AA,TT,GG,AC,AA,CC,AC,CC,AA,AA,GG,GG,GG,TT,AA,AA,GT,TT,TT,AG,TT,GG,CG,AA,6.75,Susceptible,Medium,Poor,Early
L0259,Davangere,Karnataka,Rabi,Black Cotton,Irrigated,430,25.5,58,CC,CT,AG,GG,GG,CC,GG,AA,CC,CG,AT,CC,CG,TT,TT,GT,GG,TT,AT,AA,CC,GT,GG,CT,TT,CC,TT,TT,GT,AA,TT,CT,AA,CC,GG,GG,GG,GG,GG,CC,TT,CT,AA,TT,AA,AG,TT,TT,CG,CC,GG,AA,AA,GG,CC,TT,AA,AC,GG,AA,AA,TT,AT,AG,TT,TT,CC,GG,CT,GG,AG,GG,CC,AA,AG,AA,AA,AG,TT,TT,GG,GG,GG,CC,AA,GG,AA,AA,CC,TT,AC,TT,CT,NN,GT,GG,TT,CC,TT,CC,CC,CC,AG,NN,TT,TT,CC,AA,GG,AC,NN,GT,TT,CC,GT,AA,AA,TT,CC,GG,CC,GG,CC,GT,CT,AA,CC,CC,CC,CC,AA,TT,CC,AA,CC,CC,AA,TT,AG,AA,GG,CC,CC,NN,AA,AG,AT,CC,GG,CC,CC,AA,AA,GG,GT,AG,AA,GT,TT,AG,AC,TT,GT,CT,CC,AA,GT,CT,AA,AT,GG,CC,AA,CT,CC,AC,GG,CC,AA,GG,AA,CC,TT,CC,GT,TT,CC,AA,AG,AA,GT,CC,GG,AA,CC,CC,GG,GG,CC,GG,TT,AA,AG,CC,GT,AT,CC,AA,NN,GG,TT,AT,AT,CG,GG,AA,CG,AT,GT,AA,GG,AA,TT,AA,TT,CC,TT,AA,CC,TT,GG,AA,CC,AG,CC,AT,CT,TT,GG,TT,AA,CC,AG,GG,CC,CG,GG,CC,GG,NN,AG,CC,GT,GG,CC,CC,AA,AG,CC,AA,CG,AT,AA,CC,CC,CC,TT,AG,GG,AA,AA,AC,AA,AG,AA,AA,AG,TT,GG,AA,AG,AA,AA,CC,AG,AA,CG,GG,GG,TT,AA,AG,TT,TT,TT,AA,AT,GG,GG,AA,6.38,Susceptible,Low,Poor,Early
L0260,Davangere,Karnataka,Rabi,Black Cotton,Irrigated,430,25.5,58,CC,TT,GG,AA,GG,CC,GT,TT,CC,GG,AT,CT,GG,AT,TT,GG,CC,TT,TT,AA,CC,TT,GT,CC,TT,CC,TT,TT,GT,AA,CT,CT,AA,CC,NN,GG,GG,CC,GT,CC,TT,TT,AA,TT,AG,GG,TT,TT,CC,CC,GG,AA,AA,GG,CC,TT,AA,AA,GG,AA,AA,TT,AT,AA,CT,AT,CC,GG,TT,NN,NN,GG,CC,NN,AG,AA,AA,GG,TT,TT,GG,TT,GG,CC,AT,GG,AA,AA,CC,GT,CC,GT,CC,TT,GT,GG,CT,CC,TT,CC,CC,CC,AG,AA,TT,GT,CC,AA,AA,AA,CT,GG,TT,CC,GT,AA,AA,TT,CC,AA,CG,AG,CC,GG,CT,AA,CC,CC,CC,CC,AG,TT,CC,AC,CC,CC,AA,TT,AA,AA,CG,CT,CG,GG,AA,AG,AA,CC,TT,CC,CC,AA,AA,GG,TT,GG,AC,TT,CC,AG,CC,GG,TT,TT,CC,AA,TT,TT,AA,AA,GG,CC,AG,CT,CC,CC,CC,CC,AA,GG,GG,CC,GT,CC,TT,TT,CG,TT,AA,AG,TT,CC,GG,AA,AC,CC,GG,GG,AA,GG,TT,AC,AA,CC,NN,AA,CC,AA,AT,GT,GT,AT,AT,GG,GT,AA,CC,AT,TT,AA,GG,AA,CT,AA,TT,CC,CT,AC,CC,CT,GG,AG,CC,AG,CC,TT,TT,GT,GG,TT,AC,CC,AG,GG,CC,CC,GG,CG,GG,AT,NN,CG,NN,GG,CC,CG,AA,AG,CC,AA,CG,AA,AA,CC,CC,CC,AT,AG,GG,AA,AC,AA,AA,AG,AA,AA,AA,TT,CG,AA,AG,CC,AA,CT,AG,AA,GG,GG,GG,TT,AA,AA,TT,TT,TT,AA,AT,GG,GG,AA,6.8,Moderate,Medium,Standard,Late
L0261,Davangere,Karnataka,Rabi,Black Cotton,Irrigated,430,25.5,58,CC,TT,GG,AA,GG,CC,GT,TT,CC,GG,AA,CC,CG,TT,GT,GG,GG,TT,AT,AG,CC,TT,TT,CC,AT,CC,GT,TT,GG,AA,TT,CC,AA,CC,AG,GG,GG,CC,GG,CC,GT,CC,AA,TT,AG,GG,CT,TT,CC,AC,GG,AA,AA,GG,CT,TT,AA,AA,GG,AA,AA,TT,AT,AG,TT,TT,NN,GG,TT,GG,AA,GG,CC,AG,GG,AA,AA,GG,TT,TT,GG,GT,GG,CC,AA,GG,AA,AT,CC,TT,CC,TT,CC,TT,GT,GG,CT,CC,TT,CC,CT,CG,AA,AA,TT,TT,CG,AA,AA,AA,CC,NN,TT,CC,TT,AA,AA,TT,CG,AG,CG,GG,CC,TT,TT,AG,CC,CC,CC,CC,AG,TT,CC,AA,CC,CC,AA,AT,AG,AA,GG,CT,CC,GG,AA,AA,AA,CC,GT,CC,CC,GG,AG,GG,TT,GG,AA,TT,CT,GG,AC,TT,TT,CT,CC,AA,TT,TT,AA,TT,GG,CC,AA,CT,CC,AC,CG,AC,AA,AG,AG,CC,TT,CC,GT,TT,GG,AT,AA,AA,TT,CC,GG,AA,AC,CC,GG,GG,AA,GG,TT,AA,AA,CC,GT,AT,CC,AA,AT,GT,TT,TT,AT,CG,GT,TT,CC,TT,TT,AA,GG,AA,TT,AA,TT,CC,TT,AC,CC,TT,GG,AG,CC,GG,CC,TT,CT,TT,GG,TT,AC,CC,AG,NN,CG,CG,GG,CC,GG,AT,AA,CC,GG,GG,CC,CC,AA,GG,CC,AA,CC,AA,AA,CC,CG,NN,TT,AA,GG,AA,AA,AA,AA,AA,AA,AA,AA,TT,CG,AA,AG,AC,AA,CT,AA,AA,GG,GG,CG,TT,AA,GG,TT,TT,TT,AA,NN,GG,GG,AA,7.69,Resistant,Medium,Standard,Late
L0262,Davangere,Karnataka,Rabi,Black Cotton,Irrigated,430,25.5,58,AC,TT,AA,GG,GG,CC,GG,AT,CC,NN,AA,CC,CC,TT,TT,GG,CG,TT,TT,AA,CC,GT,TT,CC,TT,CC,TT,AT,GG,AA,TT,CC,AA,CC,GG,GG,GG,CC,GG,CC,TT,TT,AA,TT,AA,GG,TT,TT,CC,AA,GG,AA,AA,GG,CC,TT,AA,AA,TT,AA,AA,TT,TT,AA,TT,AT,CC,GG,TT,GG,AA,GG,CC,AA,GG,AA,AA,GG,NN,TT,AG,GT,GT,CC,AT,GG,AA,AT,CC,GG,CC,TT,CC,AT,GT,GG,TT,CC,TT,CC,CC,CC,AG,AA,TT,TT,GG,NN,AA,AA,CC,GG,TT,CC,TT,AA,AA,TT,CC,GG,CG,GG,CC,GG,TT,AA,CC,CC,CC,CC,AA,TT,CC,AA,CC,CC,AA,AT,AA,AT,GG,CC,CC,GG,AA,AG,AA,AC,GG,CG,CC,AA,AA,GG,TT,NN,AA,GT,CT,GG,CC,GT,TT,NN,CG,AT,GT,TT,AA,TT,GG,CC,AG,CC,CC,CC,NN,CC,AA,GG,AA,CC,TT,CC,TT,TT,GG,TT,AA,AA,TT,AC,GG,AC,AC,CC,GG,GG,CC,GG,TT,AC,AA,CC,GG,AT,NN,AA,AA,GG,GT,TT,AA,GG,TT,AT,CC,AA,GT,AA,GG,AG,TT,AA,TT,CC,CT,AA,CC,TT,GG,AA,CC,AG,CC,AT,TT,GG,GG,TT,AA,CC,AG,GG,CC,CG,GG,CC,GG,AT,AA,CC,GG,GG,CG,CC,AA,GG,CG,AA,CC,AT,NN,AC,CG,AC,TT,AA,GG,AA,AA,AA,AA,AA,AG,NN,AA,TT,GG,AA,AA,AC,AC,CT,AA,AA,GG,GG,GG,TT,AA,AA,TT,TT,TT,AG,AT,GG,GG,AA,7.0,Susceptible,Low,Premium,Early
L0263,Davangere,Karnataka,Rabi,Black Cotton,Irrigated,430,25.5,58,AA,TT,AG,NN,GG,CC,GG,TT,CC,CG,AA,CC,CC,TT,TT,GG,CC,TT,TT,AA,CC,TT,GT,CC,TT,CC,TT,TT,GG,AA,TT,CC,AA,CC,GG,CG,GG,CG,GG,CC,TT,CT,AA,GT,AA,GG,TT,TT,CG,AA,GG,AT,AA,GG,CT,TT,AT,AA,GG,AC,AA,TT,TT,AG,TT,TT,CC,GG,TT,GT,AA,GG,AC,AA,GG,AC,AA,GG,TT,TT,GG,GT,GG,CC,AT,GG,AA,AA,CC,GT,CC,TT,TT,TT,GT,GG,TT,CC,TT,CC,CC,CG,AA,AA,TT,TT,CG,AA,AG,AA,CC,GG,TT,CC,TT,AC,AA,TT,CC,AG,CG,AA,CC,GG,TT,AA,CT,CC,CC,CC,AG,TT,CC,AA,CC,CC,NN,TT,AA,AA,GG,CC,CC,GG,AA,AG,AA,CC,GG,CC,CC,AA,AG,AG,NN,AG,AC,TT,CT,GG,AC,TT,GT,TT,NN,AA,GT,NN,AA,TT,GG,CC,AA,TT,CC,AC,CG,CC,AA,GG,NN,CC,TT,CC,GT,TT,GG,AT,AA,AG,TT,AC,GG,AA,CC,CC,GG,GG,AC,GG,TT,AA,AA,CC,GG,AA,AC,AA,AA,GG,TT,TT,AT,GG,GT,AA,CC,AT,TT,AA,GG,AA,CT,AA,TT,CG,TT,AA,CC,CT,GG,AA,CC,NN,CC,TT,CT,TT,GG,TT,AA,AC,AG,GG,CC,CC,GG,CC,GG,TT,AG,CG,GT,GG,CC,NN,AT,GG,CC,AT,CC,AA,AA,CC,CC,AA,TT,AA,GG,AA,AA,AC,AC,NN,AG,AG,AA,AT,CC,AA,NN,AC,AA,CT,AG,AA,CG,GG,GG,TT,AA,AA,TT,NN,TT,AG,TT,GG,CG,AC,8.69,Resistant,High,Standard,Medium
L0264,Davangere,Karnataka,Rabi,Black Cotton,Irrigated,430,25.5,58,AC,TT,GG,AA,GG,CC,GG,TT,CC,CG,AA,CT,CG,AT,TT,GT,CG,TT,TT,AA,CC,TT,GT,CC,TT,CC,TT,TT,GG,AA,TT,CC,AA,CC,GG,GG,GG,CG,GG,CC,TT,TT,AA,TT,AA,GG,TT,TT,CC,AC,GG,AT,AA,GG,CC,TT,AA,CC,GT,AA,AA,TT,AT,AG,TT,AT,CC,GG,TT,GT,GG,GG,CC,AA,AG,AA,AA,GG,TT,TT,GG,GT,GG,CC,AA,GG,AA,AA,CC,TT,CC,TT,CC,TT,GT,GG,TT,CC,GG,CC,CC,CC,AG,AA,TT,TT,CC,AA,AG,AA,CC,GG,TT,CC,TT,AA,AC,TT,CC,AG,CC,GG,CC,TT,TT,AA,CC,CC,CC,CC,AA,TT,CC,AA,CC,CC,AA,TT,AG,AA,CG,CC,CC,GG,AG,AA,TT,CC,GG,CC,CC,AA,AA,GG,GT,GG,AC,TT,TT,GG,AC,GG,TT,TT,CC,AA,TT,CT,AA,TT,GG,CC,AA,CC,CC,CC,CC,CC,AA,GG,AG,CC,TT,CG,GG,TT,CG,TT,AA,AA,TT,AC,GG,AA,CC,CC,GG,GG,AC,CG,TT,AC,AA,CC,GG,AT,CC,AA,AA,TT,GT,AT,AA,GG,GG,AA,CC,AA,TT,AA,GG,AA,CT,AC,TT,CC,NN,AA,CC,TT,CG,AG,CC,AG,CC,TT,TT,TT,GG,TT,AA,AC,AA,GT,CC,CG,GG,CC,GG,AT,AG,CG,GT,GG,CC,CC,AA,GG,CC,AT,CC,AT,AA,AC,CC,AC,AT,AA,GG,AA,AA,AC,AA,AG,AA,GG,AA,AT,GG,AA,AA,CC,CC,TT,AA,AA,GG,AG,CG,TT,AA,AA,TT,TT,TT,AA,AT,GG,CG,AC,6.41,Resistant,Low,Standard,Late
L0265,Davangere,Karnataka,Rabi,Black Cotton,Irrigated,430,25.5,58,AC,CT,GG,AG,GG,CG,GT,TT,CC,GG,AA,CT,CC,TT,TT,GG,CG,TT,TT,AG,CC,GT,TT,CC,TT,CC,TT,TT,GT,AA,TT,TT,AA,CC,GG,GG,GG,CC,GG,CC,TT,CT,AA,GT,AG,AG,TT,TT,CC,AC,GG,AA,AG,GG,CT,TT,AT,AA,GT,AA,AA,TT,TT,AG,TT,TT,CC,GG,TT,GT,AA,GG,CC,AA,GG,AC,AT,GG,TT,TT,AG,GG,GG,CC,AA,GG,NN,AA,CC,GT,CC,TT,CT,TT,TT,GG,TT,AA,TT,CC,CC,CG,AG,AA,TT,TT,NN,AA,GG,AA,CT,GG,TT,CC,TT,CC,AA,TT,CC,NN,CC,GG,CC,GT,TT,AG,CC,CC,CC,CC,AG,TT,CC,AA,CC,CT,AA,TT,AG,AT,CG,CT,NN,GG,AG,GG,AA,CC,GT,CC,CG,AA,AA,GG,TT,AG,AC,TT,TT,GG,CC,GT,GT,TT,CC,AA,TT,CT,AA,TT,GG,CC,AA,CT,CC,CC,GG,AA,AA,GG,GG,CC,TT,CC,GG,TT,GG,AA,AA,AA,TT,AC,CG,AC,CC,CC,GG,GG,AC,GG,TT,AA,AA,CC,GG,AA,AC,AA,AA,GG,GT,TT,AA,CG,GG,TT,CG,TT,TT,AA,GG,AA,TT,AA,TT,CC,TT,AC,CC,TT,CG,AA,CG,AA,CC,TT,CT,GT,CG,TT,AA,CC,AA,GG,CC,CC,GG,CC,GG,TT,AG,GG,TT,GG,CC,CG,AA,GG,CC,AA,CC,AA,AA,CC,CG,AC,TT,AA,CG,AA,AA,AA,AA,AG,AG,AG,AA,TT,CG,AC,AG,CC,CC,TT,AA,AA,GG,GG,GG,TT,AT,AG,TT,TT,TT,AG,AT,GG,GG,AA,6.58,Moderate,High,Premium,Early
L0266,Davangere,Karnataka,Rabi,Black Cotton,Irrigated,430,25.5,58,AC,CT,GG,AA,GG,CC,GG,TT,CC,CC,AA,CC,CG,TT,GT,GT,GG,TT,TT,AA,CC,TT,TT,CC,TT,CC,TT,TT,GG,AA,CT,CC,AA,CC,GG,GG,GG,CC,GG,CC,TT,CT,AA,TT,AA,AG,TT,TT,CC,AA,GT,AA,AA,GG,CT,GT,AA,AC,GG,AC,AA,GT,AT,AG,TT,AT,CC,GG,TT,GG,AA,GG,AC,AA,GG,AA,AA,GG,TT,TT,GG,GG,GG,AC,AA,GG,AG,AA,CC,TT,CC,TT,CC,AT,TT,GG,TT,CC,TT,CC,CC,CG,AG,AA,TT,TT,CC,AG,AA,AA,CT,GG,TT,CG,GT,AC,AA,TT,CG,GG,CG,AG,CC,GT,CT,AA,CC,CC,CC,CC,AA,TT,CC,AA,CC,CC,AA,TT,AA,AA,GG,CT,CC,GG,AA,NN,AA,CC,GG,CC,CC,AA,AG,AA,TT,AG,AA,TT,CT,GG,CC,GT,NN,CT,CC,AA,TT,TT,AA,NN,GG,CC,AA,CC,CC,NN,CG,CC,AA,GG,AG,CC,TT,CC,GT,TT,GG,TT,AA,GG,TT,CC,GG,AA,CC,CC,GG,GG,AA,GG,TT,AC,AG,CC,GG,AA,CC,AA,AA,GG,TT,TT,AA,GG,TT,TT,CC,AT,TT,AA,GG,AG,CC,AA,TT,CC,CT,AA,CC,TT,CG,AA,CC,AA,AC,TT,CT,TT,GG,TT,AA,AC,NN,GG,CC,CG,GG,CC,GG,AA,AG,CC,GG,GG,CC,CC,AA,AG,CG,AA,NN,AA,AA,CC,GG,AC,TT,AA,GG,AA,AA,AA,AA,AA,AG,AG,AA,TT,GG,AA,AG,CC,AA,CT,AG,AA,GG,GG,CG,TT,AA,AA,TT,TT,TT,AG,TT,GG,GG,AA,9.45,Susceptible,Low,Standard,Medium
L0267,Davangere,Karnataka,Rabi,Black Cotton,Irrigated,430,25.5,58,NN,CT,GG,AA,GG,CC,GG,TT,CC,CC,AA,CC,CC,TT,TT,GG,CG,TT,TT,AA,CG,TT,GT,CC,TT,CC,GT,TT,GG,AA,TT,CC,AA,AC,GG,GG,GG,CG,GG,CC,TT,CT,AC,GT,AA,AG,TT,TT,CC,AC,GG,AA,AG,GG,CC,TT,AT,AC,TT,AC,AA,TT,AT,AA,TT,TT,CT,NN,TT,GG,AG,GG,CC,AA,AG,AA,TT,GG,TT,TT,GG,GG,GG,CC,AT,GG,AG,AA,CC,NN,AC,GT,CT,AT,TT,GG,TT,CC,TT,CC,CC,CG,AG,AA,TT,TT,CG,AA,NN,AA,CC,GG,TT,CG,GT,NN,AA,TT,CG,GG,CC,GG,CC,GG,CT,AA,CC,CC,CC,CC,NN,TT,CC,AA,CC,CC,AA,TT,AA,AT,GG,CT,CC,GG,AA,AA,AA,AC,GT,NN,CC,AA,AA,GG,TT,AG,NN,TT,TT,GG,AC,TT,TT,TT,CG,AT,GT,CT,AA,AT,CG,CC,AG,CT,CC,CC,CC,CC,AA,GG,AG,CC,TT,CC,GG,GT,GG,AT,AA,AG,TT,CC,GG,AC,CC,CC,GG,GG,AA,GG,TT,CC,AG,CC,GT,AA,CC,AA,TT,GT,GT,TT,AA,CG,GT,AT,CC,TT,GG,AT,GG,NN,CT,AA,TT,CC,CT,AA,CC,TT,CC,AA,CC,GG,NN,AT,CT,TT,GG,TT,AC,AC,AA,GG,CC,CG,GG,CC,GG,TT,AA,CC,GT,GG,CC,CC,AA,GG,CC,AT,CC,AT,AA,AA,CC,AC,AT,AA,GG,AA,AA,AA,AA,GG,AG,AA,AA,TT,CG,AA,AA,CC,AC,CT,AA,AA,GG,GG,GG,TT,TT,AA,GT,TT,TT,AG,TT,GG,GG,AA,6.09,Susceptible,Low,Poor,Early
L0268,Davangere,Karnataka,Rabi,Black Cotton,Irrigated,430,25.5,58,AC,TT,GG,AG,GG,CC,GT,AT,CC,GG,AA,CT,CG,TT,TT,GG,GG,TT,AT,AA,CC,TT,GT,CC,AT,CC,TT,TT,GG,AA,TT,CC,AA,CC,GG,CG,GG,CG,GG,CC,TT,TT,AA,TT,AA,AG,TT,TT,CC,AA,GG,AA,AG,GG,CC,GT,AA,AC,GG,AA,AA,TT,AT,AA,TT,AT,CC,GG,TT,GT,AG,GG,CC,AA,GG,AA,AT,GG,TT,TT,GG,GT,GT,CC,TT,GG,AA,AA,CC,TT,CC,TT,CT,TT,TT,GG,TT,CC,GG,CC,CC,CG,AG,AA,TT,TT,CC,AG,AG,AA,CT,GG,TT,CC,TT,AA,AC,TT,CC,AG,CC,GG,CC,GT,TT,AA,CC,CC,AC,CC,AA,TT,CC,AA,CC,CC,AA,TT,AA,AA,GG,CC,CC,GG,AA,AA,AA,CC,GG,CC,CC,AG,AA,GG,TT,GG,AA,TT,CT,GG,AC,TT,TT,TT,CG,AA,TT,TT,AA,TT,GG,CC,AA,CT,CC,CC,GG,AC,AA,GG,AA,CC,TT,CC,GG,TT,CG,AT,AG,GG,TT,CC,GG,AA,AC,NN,CG,GG,AC,CG,TT,AA,AA,CC,GG,AA,AC,AA,AA,GT,TT,TT,AT,GG,TT,AA,CC,AT,TT,AA,GG,AA,CT,AA,TT,CG,TT,AC,CC,TT,CG,AG,CC,AG,CC,AT,CT,GT,GG,AT,AC,AC,AG,GG,CC,CG,GG,CC,GG,AA,AA,CC,TT,GG,CC,CC,AA,GG,CC,AT,CC,AA,AA,CC,CC,AC,TT,AA,CG,AA,AA,AA,AA,GG,AA,AA,AA,TT,CG,AA,AA,CC,AC,CT,AG,AG,GG,GG,GG,GT,AA,AA,TT,TT,TT,AA,TT,GG,CG,AA,8.01,Moderate,High,Poor,Medium
L0269,Davangere,Karnataka,Rabi,Black Cotton,Irrigated,430,25.5,58,AA,TT,GG,AA,GG,CC,GT,TT,CG,CG,AA,CT,CC,AA,GT,GT,CG,TT,AT,AA,CC,TT,GT,CC,TT,CC,TT,TT,GG,AA,TT,CT,AA,CC,GG,CG,GG,CC,GG,CC,TT,CT,AA,GT,AG,AA,TT,TT,CC,AC,GG,AA,AG,GG,CT,TT,AT,CC,TT,NN,AA,TT,TT,AA,TT,TT,CC,GG,TT,GG,AA,GT,CC,AG,AG,AA,AT,GG,GT,TT,GG,GG,GG,CC,AA,GG,AA,TT,CC,GT,CC,TT,CC,TT,TT,GG,TT,CC,TT,CC,CT,CG,GG,AA,TT,TT,CC,AA,AG,AA,CC,GG,TT,CC,TT,AC,AA,TT,CG,AG,CC,AG,CC,GT,TT,AA,CC,CC,CC,CC,AA,TT,CC,AA,CC,CC,AA,TT,AA,AA,GG,CT,CC,GG,AA,AG,AA,AC,TT,CC,CC,AA,AG,AG,TT,GG,AC,TT,TT,AG,CC,GT,TT,TT,CC,AT,TT,TT,AA,AT,GG,CC,GG,CT,AC,AC,CG,CC,AA,GG,AA,CC,TT,CC,GT,TT,CG,NN,AA,AA,TT,CC,CG,AA,AC,CC,CG,GG,AC,GG,TT,AA,AA,CG,GG,NN,CC,AA,AT,GT,TT,AT,AT,CG,GG,AA,CC,AT,TT,AA,GG,AA,CT,AA,TT,CC,TT,AC,AC,TT,CG,AA,NN,GG,CC,AT,TT,GT,GG,TT,NN,AC,AG,GT,CC,CC,GG,CC,GG,AT,AG,CC,GT,GG,CC,CC,AA,GG,CC,AT,CC,AA,AG,AC,CC,CC,TT,AA,GG,AA,AA,AA,AA,GG,GG,AA,AA,TT,GG,AC,AG,NN,AA,TT,AA,GG,GG,GG,GG,TT,AA,AA,GT,TT,AT,AA,TT,GG,GG,AA,8.27,Susceptible,High,Standard,Late
L0270,Davangere,Karnataka,Rabi,Black Cotton,Irrigated,430,25.5,58,AC,TT,GG,AA,GG,CC,GG,TT,CC,CG,AA,CC,CG,TT,TT,GG,GG,TT,TT,AG,CC,TT,GT,CC,TT,CC,TT,TT,GG,AA,CT,CC,AA,CC,GG,GG,GG,CC,GG,CC,TT,CC,AC,TT,AA,AG,CT,AT,CC,CC,GG,AA,AA,NN,CC,NN,AA,AA,GG,AC,GG,TT,NN,GG,TT,TT,CC,GG,TT,GG,AA,GT,CC,AA,GG,AC,AA,GG,TT,TT,GG,GG,GG,CC,NN,GG,AA,AA,CG,TT,CC,GG,CC,TT,GT,GG,CT,CC,TT,CC,CT,CC,GG,AA,TT,TT,CC,AA,AA,AC,CT,GG,TT,CC,GT,AA,AA,TT,CC,AG,GG,GG,CC,GG,TT,AG,CC,CC,CC,CC,AA,TT,CC,AA,CC,CC,AG,TT,AA,AA,GG,CC,CC,GG,AA,AA,AA,CC,GG,CC,CC,AA,AG,AG,GT,GG,AA,TT,CT,GG,CC,TT,GT,TT,CG,AT,GT,TT,AT,TT,GG,CC,AA,CT,CC,CC,CG,CC,AA,GG,AA,CC,TT,CG,GT,GG,GG,AT,AA,AG,TT,AC,GG,AC,AC,CC,GG,GG,AA,GG,TT,AA,AA,CC,GG,AA,CC,AA,AT,GG,GT,TT,AA,CG,GT,TT,CG,AT,GT,AA,GG,AA,TT,AA,TT,CC,TT,AC,CC,TT,GG,AG,CC,AG,CC,TT,CT,TT,GG,AT,AA,AC,AA,GG,CC,CG,GG,CC,GG,TT,AA,CC,GT,GG,CG,CC,AA,AG,GG,AT,CG,AA,AA,AC,CC,AC,TT,AA,GG,AA,AC,AC,AA,GG,GG,AG,AA,TT,GG,AC,AA,CC,AC,CT,AA,AA,GG,GG,GG,TT,AA,AA,GT,TT,TT,AG,TT,GG,GG,AA,7.9,Moderate,Medium,Standard,Early
L0271,Davangere,Karnataka,Rabi,Black Cotton,Irrigated,430,25.5,58,AA,TT,GG,AA,GG,CC,GT,TT,CC,CC,AA,CT,GG,AT,GT,GG,CG,AT,TT,AA,CC,TT,GT,CC,AT,CC,TT,AT,GG,AA,TT,CC,AA,CC,GG,GG,GG,CG,GG,CC,TT,TT,AC,GG,AA,AG,CT,AA,CC,AC,NN,AA,NN,GG,CC,TT,AA,AC,GT,AA,AA,TT,TT,AA,TT,TT,CC,GG,TT,GG,AA,GG,CC,AA,GG,AC,AA,NN,TT,TT,GG,GG,GT,CC,AT,GG,AA,AT,CC,TT,AC,TT,CC,TT,TT,GG,TT,AC,GT,CC,CC,CC,AG,AA,TT,TT,CG,AA,AA,AA,CC,GG,TT,CC,TT,AA,AA,TT,CC,GG,NN,GG,CC,GG,TT,AA,CC,CC,CC,CC,AA,TT,CC,AA,CC,CC,AA,AT,AA,AA,GG,CT,CC,GG,AA,AA,AA,CC,GT,CC,CC,AA,AA,GG,TT,GG,AA,TT,CT,GG,AC,GT,TT,CT,CC,TT,TT,TT,AT,TT,GG,CC,AG,CC,CC,CC,GG,CC,AA,GG,AA,CC,TT,CC,TT,TT,GG,TT,AA,AA,TT,AC,GG,AC,CC,CC,GG,GG,CC,GG,TT,AC,AA,CC,GG,AA,AC,AA,AA,GG,TT,AT,AA,GG,GG,TT,CC,TT,TT,AA,GG,AA,TT,AA,TT,CC,TT,AC,CC,CT,CG,AA,CC,AG,CC,TT,CT,GG,GG,TT,AA,CC,AG,GG,CC,CG,GG,CG,GG,TT,AA,CC,TT,GG,CG,CC,AA,GG,CC,AA,CC,AT,AA,CC,CG,CC,TT,AA,CG,AA,AA,AA,AA,AA,AA,AA,AA,TT,CG,AA,NN,CC,AA,CT,AA,AA,GG,AG,CG,TT,AT,AA,GT,TT,TT,GG,TT,GG,GG,AA,8.09,Susceptible,Low,Premium,Late
L0272,Davangere,Karnataka,Rabi,Black Cotton,Irrigated,430,25.5,58,AC,TT,GG,AA,GG,CC,GG,TT,CC,CG,AA,CC,CC,AT,TT,GG,CG,TT,TT,AA,CC,TT,GT,CC,AT,CC,TT,TT,GG,AA,TT,CC,AA,AC,GG,CG,GG,CC,GG,CC,TT,TT,AA,TT,AG,AA,TT,TT,CC,AA,GG,AA,AG,GG,CT,GT,AA,AA,GT,AA,AA,TT,AT,AG,TT,AT,CC,GG,TT,GG,AA,GG,CC,AA,AG,AA,AA,AG,TT,TT,GG,GG,GG,CC,AA,GG,AA,AA,CC,GT,AC,GT,CC,TT,GT,GG,TT,CC,TT,CC,CT,CG,GG,AA,TT,TT,CC,AA,GG,AA,CC,GT,TT,CG,TT,AA,AA,TT,CC,GG,CC,GG,CC,GG,CC,AA,CC,CC,CC,CC,AA,TT,CC,AA,CC,TT,AA,TT,AA,AA,GG,CC,CC,GG,AG,GG,AT,CC,GG,CC,CC,AA,AA,AG,TT,GG,AA,TT,TT,AG,CC,TT,TT,TT,CG,AT,GT,TT,AA,AT,GG,CC,AG,CC,CC,CC,CG,CC,AA,GG,NN,CC,TT,CC,GT,NN,GG,AT,AA,AA,TT,CC,GG,AA,CC,CC,GG,GG,AC,GG,TT,AC,AA,CG,GG,AA,CC,AA,AA,GT,GT,AT,AA,NN,GT,AA,CG,AT,NN,AA,GG,AA,TT,AC,TT,CC,CT,AA,CC,CT,CC,AA,CG,AG,CC,TT,CT,TT,CG,TT,AA,CC,AA,GG,CC,CG,GG,CC,GG,AT,AA,CC,GG,GG,CC,CC,AA,AA,CC,AT,CC,AT,AA,AC,CG,AC,TT,AA,GG,AA,AA,NN,AA,AG,AG,AA,AA,TT,GG,AC,AA,CC,AA,CT,AA,AA,GG,GG,GG,TT,AA,AA,TT,TT,TT,GG,TT,GG,GG,AA,6.62,Susceptible,Low,Poor,Early
L0273,Davangere,Karnataka,Rabi,Black Cotton,Irrigated,430,25.5,58,AC,TT,GG,AA,GG,CC,GT,TT,CC,GG,AA,CC,CG,TT,TT,GG,GG,TT,TT,AA,CC,TT,GT,CT,TT,CC,NN,TT,GG,AA,TT,CC,AA,CC,NN,GG,GG,CG,GG,CC,TT,CT,AA,GT,AA,GG,TT,TT,CC,CC,GG,AA,AA,GG,CT,TT,AA,AC,GG,AA,AA,TT,TT,AG,TT,AT,CC,GG,TT,GT,AG,GG,AC,AG,AG,AA,AT,NN,GT,TT,GG,GG,GT,CC,AA,GG,AG,AA,CC,GG,CC,TT,TT,TT,GT,AG,CT,CC,GT,CT,CT,CC,AG,AA,TT,TT,CG,AA,AA,AA,CC,GG,TT,CC,TT,CC,AA,TT,CC,AG,CC,GG,CC,GT,NN,NN,CT,CC,CC,CG,AA,TT,AC,AC,CC,CC,AA,TT,GG,AT,GG,CT,CC,GG,AG,AG,AA,CC,GG,CC,CC,AA,AG,GG,TT,GG,AA,TT,TT,AG,CC,TT,TT,TT,CC,AA,TT,TT,AA,TT,GG,CC,AA,CT,AC,CC,GG,CC,AA,GG,AA,CC,TT,CC,GG,TT,GG,TT,AA,AA,GT,CC,CG,AC,AC,CC,GG,GG,CC,CG,TT,CC,AG,CC,GG,AA,CC,AA,AA,GG,TT,AT,AA,GG,GG,AT,CC,AT,GG,AA,GG,AA,CT,AA,AT,CC,TT,AA,AC,CC,GG,AA,CC,AG,AC,TT,TT,TT,GG,TT,AC,CC,AA,GG,CC,CC,GG,CC,GG,TT,AA,CC,TT,GG,CC,CC,AA,GG,CC,AT,CC,AA,AA,AC,CG,AC,TT,AA,GG,AA,CC,AA,AC,GG,AA,AA,AA,AT,GG,AA,AA,CC,AC,TT,AG,AA,GG,GG,GG,TT,AA,AA,TT,TT,AT,AG,TT,GG,GG,AA,10.12,Moderate,High,Premium,Late
L0274,Davangere,Karnataka,Rabi,Black Cotton,Irrigated,430,25.5,58,AC,TT,GG,AA,GG,CC,GG,AT,CC,CG,AA,CC,CC,AT,TT,NN,NN,TT,TT,AA,CC,TT,GT,NN,TT,CC,TT,AT,GG,AA,TT,CC,AA,CC,GG,GG,GG,CC,GT,AC,TT,CT,AA,TT,AA,AA,TT,AT,CC,CC,GG,AA,AA,GG,CC,TT,AA,AC,GT,AA,AA,TT,TT,GG,TT,TT,CC,GG,TT,GT,AA,GT,CC,AA,GG,AA,AT,GG,TT,TT,GG,GG,GG,CC,AA,AG,AA,AT,CC,GG,CC,TT,NN,AT,GT,AG,TT,CC,TT,CT,CT,CC,AG,AG,AT,GT,CC,AA,GG,AC,CT,GG,TT,CC,TT,AA,AA,TT,CC,NN,CC,AG,CC,GG,TT,AG,CC,CC,CC,CG,AA,NN,CC,AA,CC,NN,AA,TT,AA,AA,GG,CT,CC,GG,AA,AG,AA,CC,GG,CC,CC,AA,AG,GG,TT,GG,CC,TT,CT,GG,AC,TT,GT,TT,GG,AA,GT,TT,AT,TT,GG,CG,AG,CT,CC,CC,CG,CC,AA,GG,AA,CC,TT,CC,GT,TT,GG,TT,AA,GG,TT,CC,GG,AA,AC,CC,GG,GG,AC,GG,TT,AC,AA,CC,GG,AA,CC,AT,AA,GT,TT,TT,AA,GG,GG,AT,CC,NN,TT,AA,GG,AA,TT,AA,TT,CC,TT,AC,AC,TT,GG,NN,CC,AA,AC,TT,CT,GT,GG,AT,CC,AC,AA,GG,CC,CG,GG,CC,GG,AT,AA,CC,GT,GG,CG,CC,AA,NN,CG,AT,CC,AA,AA,CC,CG,AC,TT,AA,GG,AA,AA,AA,AA,AG,AG,AG,AA,TT,NN,AA,GG,CC,NN,TT,AA,AA,GG,GG,GG,TT,AA,AG,TT,TT,TT,AG,TT,GG,GG,AA,8.59,Susceptible,High,Poor,Early
L0275,Davangere,Karnataka,Rabi,Black Cotton,Irrigated,430,25.5,58,AC,TT,GG,AG,GG,CC,GG,TT,CC,CG,AA,CC,CG,AA,TT,GG,GG,TT,TT,AA,CC,TT,TT,CC,AT,CC,TT,TT,GG,AA,NN,CT,AA,CC,GG,GG,GG,CG,GG,CC,TT,TT,AA,TT,AA,AA,TT,TT,CC,CC,GG,AA,AA,CG,CC,GT,AA,AC,GT,AA,AG,TT,TT,AA,TT,TT,CC,GG,TT,GG,AG,GG,CC,AA,GG,AA,AA,GG,TT,TT,GG,GG,GG,AC,AA,GG,AA,AT,CC,GG,NN,GT,CC,TT,GG,AG,TT,CC,TT,CT,CT,CG,GG,AA,TT,TT,CC,AG,AG,AA,TT,GG,TT,NN,TT,AA,AA,TT,NN,AG,NN,GG,CC,GT,TT,AA,CT,CC,CC,CC,AA,TT,CC,AA,CC,CC,AA,TT,AA,AA,GG,CC,CC,GG,AA,NN,AA,AC,GT,CC,CG,AA,AA,GG,TT,GG,AA,TT,TT,GG,AC,GT,TT,TT,CC,AA,GT,TT,AT,AT,GG,CC,AG,CT,CC,CC,CG,CC,AA,GG,AA,CC,TT,CC,GT,TT,GG,TT,AA,AA,TT,CC,GG,AA,AC,CC,GG,GG,AA,GG,TT,AC,AA,CC,GG,AT,AC,AA,AT,GG,TT,AA,AA,CG,TT,AA,CG,AT,TT,AA,GG,AA,TT,CC,TT,CC,CT,AA,CC,TT,GG,AG,CG,AG,CC,TT,TT,GT,GG,TT,AC,AA,AA,GG,NN,CG,GG,CC,GG,AT,AA,CG,GT,GG,CG,CC,AT,GG,CC,AT,CC,AA,AG,CC,CC,CC,TT,AA,GG,AA,AA,AA,AA,GG,AA,AG,AA,TT,NN,AA,AG,CC,AA,CT,AG,AG,GG,GG,CG,TT,AT,AA,GT,TT,TT,AG,TT,GG,GG,AA,7.84,Susceptible,High,Poor,Medium
L0276,Davangere,Karnataka,Rabi,Black Cotton,Irrigated,430,25.5,58,AA,TT,AG,AG,GG,CC,GT,AT,CC,CG,AA,CC,CG,AT,TT,GT,CG,TT,TT,AG,CC,TT,GG,CC,TT,CC,TT,TT,GG,AA,TT,CT,AA,AC,AG,GG,GT,CG,GG,CC,TT,TT,AC,TT,AA,GG,TT,TT,CC,CC,GG,AA,AA,GG,CT,GT,AA,AA,GT,AC,AA,TT,TT,AA,TT,AT,CC,GG,TT,GT,AA,GG,CC,AA,AG,AC,AA,GG,GT,TT,AG,GG,GG,CC,AA,GG,AA,AT,CC,TT,AC,TT,CC,TT,TT,GG,TT,CC,GT,CT,TT,CG,AA,AA,TT,TT,CC,AA,AG,AC,CT,GG,TT,CC,TT,AA,AC,TT,CC,GG,CC,GG,CC,GG,TT,AA,CC,CC,CC,CC,AA,NN,CC,AA,CC,CC,AA,TT,AA,AA,GG,CC,CC,GG,AA,AA,AA,CC,GG,CC,CC,AA,AA,GG,TT,GG,AA,TT,CT,GG,CC,GT,GT,TT,CC,AA,TT,TT,AA,TT,GG,CC,AG,CC,CC,CC,GG,NN,AA,GG,AG,CC,TT,CC,GT,NN,CG,AT,AA,AA,TT,CC,GG,AA,CC,CC,GG,GG,AC,NN,TT,AC,AA,CC,GG,AA,CC,AT,AT,GG,TT,AT,AT,CG,GG,AT,CC,AT,NN,AA,GG,AA,TT,AC,TT,CC,TT,AA,CC,TT,GG,AA,CC,AG,NN,AT,TT,GT,GG,TT,AA,AC,AG,GG,CC,CC,GG,CG,GG,AT,AA,CC,GT,GG,CC,CG,NN,AG,CC,AA,CC,AA,AA,CC,CG,CC,AT,AA,GG,AA,AA,AC,AA,GG,AA,AA,AA,TT,GG,AA,NN,AC,AA,TT,AA,AG,GG,GG,GG,TT,AA,AG,TT,TT,TT,AA,NN,GG,GG,AC,10.06,Resistant,Low,Premium,Late
L0277,Davangere,Karnataka,Rabi,Black Cotton,Irrigated,430,25.5,58,CC,NN,GG,AA,GG,CC,GG,TT,CC,GG,AA,CC,CC,AT,TT,GT,CG,TT,NN,AA,CC,TT,TT,CC,TT,CC,TT,AT,GG,AA,TT,CC,AA,AC,GG,CG,GG,GG,GG,CC,TT,CT,AA,TT,AG,AG,TT,TT,CC,CC,GG,AA,AA,GG,CC,GT,AA,AC,NN,AC,AA,TT,AA,AA,TT,TT,CC,GG,CT,GT,AG,GG,CC,AA,AG,AC,AT,GG,TT,CT,GG,GG,TT,CC,AA,GG,AA,AA,CC,TT,CC,TT,CT,TT,TT,GG,TT,NN,TT,CC,CC,CC,AG,AA,AT,TT,CC,NN,GG,AA,CT,GG,TT,CC,TT,AA,AA,TT,CC,AA,CC,GG,CC,GG,CC,AA,CC,CC,CC,CC,AA,TT,CC,AA,CC,CT,AA,AT,AA,AA,GG,CC,CC,GG,AA,AG,AA,CC,GG,CC,CC,AA,AA,GG,TT,GG,AC,TT,CT,GG,CC,TT,TT,TT,CC,AA,GT,TT,AA,TT,GG,CG,AA,TT,CC,CC,CG,CC,AA,GG,AG,CC,TT,CC,GT,TT,GG,TT,AG,AG,TT,AC,GG,AA,AC,CG,GG,GG,AA,GG,TT,AA,AA,CC,GG,AA,CC,AA,AT,NN,TT,TT,TT,GG,GT,AT,CG,AA,TT,AA,GG,AA,TT,AA,TT,CC,TT,AC,CC,TT,GG,AA,CC,AA,AC,TT,CT,GT,GG,NN,AC,AC,AG,GG,CC,CC,GG,CC,GG,AA,AA,CC,GT,GG,CC,CC,AA,GG,CC,TT,CC,AA,AA,AC,CC,CC,AT,AA,GG,AA,AA,AC,AA,AG,AA,AA,AA,AT,GG,AA,AA,AC,AA,CT,AA,AA,GG,GG,GG,TT,AA,AA,GT,AT,AT,AG,TT,GG,GG,AC,6.79,Resistant,Medium,Poor,Early
L0278,Davangere,Karnataka,Rabi,Black Cotton,Irrigated,430,25.5,58,AC,TT,GG,AA,GG,CC,GG,AT,CG,GG,AT,CT,CC,TT,TT,GT,GG,TT,TT,AA,CC,GT,GT,CT,TT,CT,GT,TT,GG,AA,TT,CC,AA,CC,GG,GG,GG,CG,GG,CC,TT,CT,AA,TT,AA,GG,TT,TT,CC,AC,GG,AA,AA,GG,CT,TT,AA,AC,GG,CC,AA,GT,AT,AA,TT,TT,CC,GG,TT,GT,AA,GT,CC,AA,GG,AC,AA,GG,TT,TT,GG,GG,GG,CC,AA,GG,AA,AA,CC,TT,CC,TT,CC,TT,TT,AG,CT,AC,GT,CC,CC,CC,AA,AA,AT,TT,CC,AA,AG,AA,CC,GG,TT,CC,TT,AA,AA,TT,CC,GG,CG,GG,CT,GT,CT,AG,NN,CC,NN,CC,AA,TT,CC,AA,CC,CC,AA,TT,AG,AA,GG,CC,CC,GG,AA,AA,AT,CC,GT,CC,CC,AG,GG,GG,GT,GG,AC,TT,TT,GG,AC,TT,TT,TT,CC,AA,TT,TT,TT,TT,GG,CC,AA,CT,CC,CC,GG,CC,AA,GG,AG,CC,TT,CC,GG,TT,GG,AT,AA,AA,TT,CC,GG,AC,AC,CC,GG,GG,AA,GG,TT,AC,AA,CC,GG,AA,CC,AA,AT,GT,TT,TT,AA,CG,TT,AT,CC,TT,TT,AA,GG,AA,TT,AA,TT,CG,TT,AC,CC,TT,CG,GG,CC,AA,CC,TT,CT,TT,CG,TT,AA,CC,AA,GG,CC,CG,GG,CC,GG,TT,AA,CC,TT,GG,CC,CC,AA,GG,CC,AA,CG,AA,AA,CC,CC,AC,TT,AA,GG,AA,AA,AA,AA,GG,AG,AA,AA,TT,GG,AA,AG,CC,AA,TT,AA,AA,GG,GG,GG,TT,AA,AA,TT,TT,TT,AG,TT,GG,GG,AA,6.87,Moderate,High,Poor,Medium
L0279,Davangere,Karnataka,Rabi,Black Cotton,Irrigated,430,25.5,58,AA,CT,GG,GG,CC,CG,GG,TT,CC,CG,AA,CT,CC,AT,TT,GG,NN,TT,TT,AA,CC,TT,GT,CC,TT,CC,TT,TT,GT,AA,TT,CC,AA,CC,GG,CG,GG,CC,GG,CC,NN,TT,AA,TT,AG,GG,TT,TT,CC,AC,GG,AA,AG,GG,CC,GT,AT,AA,GT,CC,AA,TT,AT,AG,TT,TT,CC,GG,TT,GG,AG,GG,CC,AA,AG,AA,TT,GG,TT,TT,GG,GG,GT,CC,TT,GG,AA,AA,CC,GT,CC,TT,CC,TT,TT,GG,TT,CC,TT,NN,CC,CC,AG,AA,TT,TT,CG,AA,AA,AC,CC,GG,TT,CC,TT,AA,AA,TT,CC,GG,CC,AG,CC,GG,TT,AG,CC,CC,CC,CG,AA,TT,CC,AA,CC,CC,AA,AT,AA,AA,NN,CT,CC,GG,AA,AA,AA,CC,GT,CC,CC,AA,AA,AG,TT,NN,CC,GT,TT,GG,AC,GT,TT,TT,CC,AT,TT,CT,AA,TT,GG,CC,AG,CC,CC,CC,GG,CC,AA,GG,AG,CC,TT,CC,GT,TT,CG,AT,AA,AA,TT,CC,CG,AA,CC,CC,GG,GG,AC,GG,TT,AA,AG,CC,GG,AT,AC,AA,AA,NN,TT,AT,AA,GG,GG,AA,CG,AT,NN,AA,GG,AA,TT,AA,TT,CC,TT,AA,CC,TT,GG,AA,CC,NN,AC,TT,TT,GG,GG,TT,AA,CC,AG,GG,CC,CG,GG,CC,GG,TT,AA,CC,TT,GG,CC,CG,AA,GG,CG,AA,CC,AT,AA,AA,GG,AC,TT,NN,GG,AA,AA,AA,AA,GG,AG,AG,AA,AT,CG,AC,AA,CC,AC,CT,AA,GG,GG,GG,GG,TT,AA,AA,TT,TT,TT,AA,AT,GG,GG,AA,5.58,Moderate,Low,Standard,Early
L0280,Davangere,Karnataka,Rabi,Black Cotton,Irrigated,430,25.5,58,AA,NN,GG,AG,CG,CC,GT,TT,CC,CG,AA,CC,CC,TT,TT,TT,CG,TT,TT,GG,CG,GT,GT,CC,TT,CC,TT,TT,GG,AA,TT,CC,AA,CC,GG,CG,GG,CG,GG,CC,TT,CT,AA,TT,AG,AG,TT,AT,CC,CC,GT,AA,AA,GG,CC,GT,AA,AA,GG,AA,AA,TT,AT,AG,TT,TT,CC,GG,TT,GG,AG,GT,CC,AA,AG,AA,AT,GG,TT,TT,GG,GG,GG,CC,AA,GG,AA,AA,CC,GG,CC,TT,CT,AA,TT,AG,TT,CC,GT,CC,CT,CG,GG,AA,TT,TT,CC,AA,AA,AA,CC,GG,TT,CC,TT,AA,AC,TT,CC,GG,CC,GG,CC,GT,CT,AA,CC,CC,CC,CC,AA,TT,CC,AA,CC,CC,AA,TT,AA,AA,GG,CC,CC,GG,AA,AG,AT,NN,GG,NN,CC,AA,AG,AG,GT,GG,AC,GT,CC,GG,AC,TT,GT,TT,CC,AT,GT,TT,AA,TT,GG,CC,AA,CT,CC,CC,GG,CC,AA,NN,AA,CC,TT,CC,TT,GT,CG,TT,AA,AA,TT,CC,GG,AC,AC,CC,CG,GG,AC,CG,TT,CC,AA,CC,GG,AA,AC,AA,AT,GG,TT,TT,TT,GG,GG,AT,CC,AT,TT,AA,GG,AA,TT,AA,TT,CC,CT,AA,AC,TT,GG,AG,CC,GG,CC,AT,CT,GT,GG,TT,AA,CC,AA,GG,CC,NN,CG,CC,GG,TT,AG,CC,GT,GG,CC,CC,AA,GG,CC,AA,CC,AA,AG,AC,CG,CC,TT,AA,GG,AA,AA,AA,AA,GG,AG,AG,AA,AT,CG,AA,AA,AC,AC,TT,AA,AG,CG,GG,CG,TT,AA,AA,TT,TT,TT,AG,AT,GG,GG,AA,8.0,Moderate,Low,Standard,Medium
L0281,Davangere,Karnataka,Rabi,Black Cotton,Irrigated,430,25.5,58,AA,CT,GG,AG,GG,CC,GT,TT,CC,CC,AA,CC,CG,AT,TT,GG,CG,TT,TT,AG,CC,GT,TT,CT,TT,CC,TT,TT,GG,AA,TT,CC,AA,CC,GG,GG,GT,CG,GG,CC,TT,CT,AC,TT,AA,GG,TT,TT,CG,AA,GG,AT,AA,GG,CC,TT,AA,AA,GG,AA,AA,TT,TT,AA,TT,AT,CC,GG,TT,GT,AA,GG,CC,AA,GG,AC,AA,GG,TT,TT,GG,GG,GT,CC,AA,GG,AA,AT,CC,GG,AC,TT,CC,NN,TT,GG,CT,CC,TT,CC,CC,CG,AG,AA,TT,TT,CC,AA,AG,AC,CC,GG,GG,CC,TT,AC,AC,TT,CC,AG,CC,GG,CT,GG,CT,AG,CC,CC,CC,CG,AA,TT,CC,AA,NN,CC,AA,TT,AA,AA,GG,CT,CC,GG,AA,AG,AT,CC,GT,CC,CC,AA,AA,AG,TT,GG,CC,TT,CT,GG,CC,GT,TT,TT,CC,AA,TT,TT,AA,AT,GG,CC,AG,CC,CC,CC,GG,CC,AA,GG,AG,CC,TT,CC,GG,TT,CG,AT,AA,AG,TT,CC,GG,AC,AC,CC,GG,GG,AA,GG,TT,AA,AA,CG,GG,AA,AC,AA,AA,NN,TT,AA,AT,CG,GG,AA,CC,TT,GT,AA,GG,AA,CT,AA,TT,CC,TT,AC,CC,TT,CG,AA,CG,AG,CC,TT,CT,TT,GG,TT,AC,AC,AA,GG,CG,CG,GG,CG,GT,TT,NN,CC,GT,GG,CC,CC,AT,GG,CC,AA,CC,NN,AG,CC,CC,AC,AT,AA,GG,AA,AA,AC,AA,AG,AA,AG,AA,TT,GG,AC,AA,AC,AA,CT,AA,AG,GG,AG,GG,TT,AT,AA,TT,TT,TT,GG,TT,GG,GG,AA,10.11,Susceptible,Low,Premium,Late
L0282,Davangere,Karnataka,Rabi,Black Cotton,Irrigated,430,25.5,58,AC,TT,GG,AG,GG,CC,GT,TT,CC,CG,AA,CC,CC,TT,TT,GG,CG,TT,TT,AA,CC,TT,GG,CC,AT,CC,TT,AT,GG,AA,TT,CT,AA,CC,AG,GG,GG,CC,GG,CC,TT,TT,AA,TT,AA,AG,CC,TT,CC,AA,GT,AA,AG,GG,CC,TT,AA,AC,GG,AC,AA,TT,AT,AG,TT,AT,CC,GG,TT,GT,AA,GG,CC,AA,GG,CC,AA,GG,NN,TT,GG,GG,GG,CC,AA,GG,AA,AA,CC,GT,CC,TT,CT,TT,TT,GG,TT,CC,GT,CT,CC,CG,GG,AA,TT,TT,CC,AA,AG,AC,CT,GG,GT,NN,TT,AA,AA,TT,CG,AG,CC,GG,CC,GT,CT,AA,CC,CC,CC,CC,AA,TT,CC,AA,CC,CT,AA,AT,AA,AA,GG,CC,CC,GG,NN,AG,AA,CC,TT,CC,CC,AA,AA,GG,TT,GG,AA,TT,TT,GG,CC,GT,TT,TT,CC,AA,TT,TT,AA,TT,CG,CG,AA,CC,CC,CC,CG,CC,AA,GG,AA,CC,TT,CC,GG,TT,CG,AT,AA,AA,TT,CC,GG,AA,CC,CC,GG,GG,NN,CG,TT,AA,AA,CC,GG,AA,AA,AT,AA,GT,TT,TT,AA,CG,TT,TT,CG,TT,TT,AT,GG,AA,TT,AA,TT,CC,TT,CC,CC,CT,CG,AA,CC,GG,CC,TT,TT,GT,GG,TT,AC,AC,AA,GG,CC,CG,GG,CC,GT,AA,AA,CC,GG,GG,CC,CC,AA,AG,CC,AA,CC,AA,NN,CC,CC,CC,AT,AA,GG,AA,AA,AA,AA,GG,AA,AA,AA,AT,GG,AC,GG,AA,AA,TT,AA,AA,GG,GG,GG,TT,AA,AA,TT,TT,TT,AA,AT,CG,GG,AA,9.47,Moderate,Low,Standard,Late
L0283,Davangere,Karnataka,Rabi,Black Cotton,Irrigated,430,25.5,58,CC,TT,GG,AA,GG,CC,TT,AT,CC,CC,AA,CC,GG,TT,GT,GT,CC,TT,TT,AA,CC,TT,TT,CC,TT,CC,TT,TT,GG,AA,CT,CC,AA,CC,GG,GG,GG,CC,GG,CC,TT,TT,AC,TT,AA,GG,TT,TT,CC,AC,GT,AA,AG,GG,CC,TT,AA,AA,GG,CC,AG,TT,AT,AG,CT,TT,CC,GG,TT,GG,AG,GT,CC,AA,AG,AA,AA,GG,TT,TT,GG,GG,GG,CC,AT,GG,AA,NN,CC,GT,AC,TT,CT,AT,TT,GG,TT,AC,TT,CC,CC,CG,NN,AA,TT,TT,CC,AA,AG,AC,CC,GG,TT,GG,GT,CC,AA,TT,CC,NN,CC,AG,CC,GT,TT,AG,CT,CC,CC,CC,AA,TT,CC,AA,CC,CT,AA,TT,AA,AA,GG,CC,CG,GG,AA,AA,AA,CC,GG,CC,CC,AA,AG,GG,GT,GG,AA,GT,CC,GG,AC,NN,GT,TT,CC,AA,TT,TT,AT,TT,GG,CC,AA,TT,CC,CC,GG,CC,AA,GG,AA,CC,TT,CC,GG,GT,GG,NN,AA,AA,TT,CC,GG,AA,AC,CC,GG,GG,AA,GG,TT,AA,AA,CC,GG,AA,CC,AA,TT,GT,TT,TT,TT,CC,GT,AT,CG,AT,GT,AA,GG,AG,TT,AA,TT,CC,TT,AA,AC,TT,CG,AA,CC,AA,CC,TT,TT,GG,GG,TT,AA,AC,AA,GG,CC,CG,GG,CC,GG,AA,AA,CG,TT,GG,CG,CG,AA,GG,GG,AA,CC,AA,AA,CC,CC,AC,TT,AG,GG,AA,AA,NN,AA,AG,NN,AA,AA,AT,GG,CC,AA,CC,AA,TT,AA,AA,CG,GG,GG,TT,AA,AA,GT,TT,TT,AA,TT,GG,GG,AA,6.4,Moderate,High,Standard,Late
L0284,Davangere,Karnataka,Rabi,Black Cotton,Irrigated,430,25.5,58,NN,TT,GG,AG,GG,CC,GT,AT,CC,CG,AA,CC,GG,AT,TT,GT,CG,TT,NN,AA,CC,TT,TT,CC,AT,CC,TT,TT,GG,AA,NN,CC,AA,CC,GG,GG,GG,CC,GG,AC,TT,TT,AA,NN,AG,GG,TT,TT,CC,AA,GG,AA,AA,GG,CT,TT,AA,AA,GG,AC,NN,TT,TT,AA,TT,AT,CC,GG,TT,TT,AG,NN,CC,AA,AG,AA,AT,GG,GT,TT,GG,GG,GG,CC,AT,GG,AA,AA,CC,GT,CC,TT,CT,TT,GT,AG,TT,CC,GG,CC,CC,CC,AA,AG,TT,TT,CG,AG,AG,AA,CC,GG,TT,CG,TT,AA,AA,AT,CC,AG,CG,GG,CC,GG,TT,AA,CC,CC,CC,CC,AA,TT,CC,AA,CC,CC,AA,TT,AA,AT,CG,CC,CC,GG,AG,AG,AA,CC,GG,CC,CC,AA,AG,GG,TT,GG,AC,TT,TT,GG,CC,TT,GG,TT,CG,AT,TT,TT,AA,TT,GG,CC,AA,CT,CC,CC,GG,CC,AA,AG,AA,CC,TT,CG,GG,GT,CG,TT,AA,AA,TT,AC,GG,AC,CC,CG,GG,AA,AA,GG,TT,AA,AA,CC,GG,AA,CC,AA,AA,GG,TT,AA,TT,GG,GT,AA,CC,AT,TT,AA,AG,NN,TT,AC,TT,CC,TT,AC,AA,CT,GG,AA,CC,GG,CC,AT,TT,TT,GG,TT,AC,CC,AA,GG,CC,CC,GG,CC,GG,AT,AA,CC,GT,GG,CC,CC,AT,AG,CC,AT,CC,AT,AA,AC,CG,AA,TT,AA,GG,AA,AA,AC,AC,GG,AG,AG,AA,AA,GG,AA,AG,CC,AA,CT,AA,AA,GG,GG,GG,TT,AA,AA,TT,TT,TT,AA,TT,GG,GG,AA,6.79,Susceptible,High,Premium,Medium
L0285,Davangere,Karnataka,Rabi,Black Cotton,Irrigated,430,25.5,58,AA,CT,GG,GG,GG,CC,GG,TT,CC,CG,AT,CT,CG,TT,GT,GT,GG,TT,TT,AG,CC,TT,GT,CT,AT,CC,GT,TT,GG,AA,TT,CC,AA,CC,GG,GG,GG,NN,GG,AC,TT,CT,AA,TT,AA,AG,TT,TT,NN,AC,GT,AA,AA,GG,CC,TT,AT,AC,GG,AA,AA,TT,AT,AA,TT,AT,CC,GG,TT,GG,AG,GG,CC,AA,GG,AC,AT,GG,GT,CT,GG,GG,GG,AC,AA,GG,AA,AA,CC,GT,CC,TT,CT,TT,TT,GG,TT,CC,TT,CC,CC,CC,AG,AA,AT,TT,CG,AG,AG,AC,CC,GG,TT,CG,TT,AA,AA,TT,CC,AG,CC,GG,CC,GT,NN,AA,CC,CC,CC,CC,AA,TT,CC,AA,AC,CC,AA,TT,AA,AA,GG,CC,CC,GG,AA,AG,AA,AC,GG,CC,CC,AA,AA,GG,GT,GG,AA,TT,CT,GG,CC,GT,GG,TT,CG,AT,TT,TT,AA,NN,GG,CC,AA,CT,CC,CC,GG,CC,AA,GG,AG,CC,GT,CC,GG,TT,GG,AA,AA,AA,TT,AC,GG,AA,NN,CC,GG,GG,CC,GG,TT,AC,AA,CC,GG,AA,CC,AT,AT,GT,GT,TT,AA,GG,GT,AA,CC,AT,TT,AA,AG,AA,CT,AA,NN,CC,TT,AC,CC,TT,GG,AA,CC,AG,AC,TT,TT,GT,GG,TT,AA,AC,AA,GG,CC,CG,GG,CC,GG,TT,AA,CC,GT,GG,CC,CC,AA,AG,CC,AA,CC,AA,AA,CC,CC,AC,TT,AA,GG,AA,AA,AA,AA,AG,GG,AA,AA,TT,GG,AC,AA,CC,AA,TT,AG,AA,CG,GG,GG,TT,AT,AA,TT,TT,NN,AA,AT,GG,GG,AA,5.95,Resistant,Low,Premium,Early
L0286,Davangere,Karnataka,Rabi,Black Cotton,Irrigated,430,25.5,58,NN,TT,GG,GG,NN,CG,GG,TT,CC,CC,AA,CC,CG,TT,TT,GT,CC,TT,TT,GG,CC,GT,TT,CC,TT,CC,TT,TT,GG,AA,TT,CC,AA,CC,GG,GG,GG,CC,GG,CC,TT,CT,AC,GT,AG,AA,TT,TT,CC,CC,GG,AA,AG,GG,CT,TT,AA,AA,GG,AA,AA,TT,AT,AG,TT,TT,CC,GG,TT,GT,GG,GG,CC,AA,AG,AC,NN,GG,TT,TT,GG,GT,GG,CC,AA,GG,AA,AT,CC,GT,CC,TT,CT,TT,NN,GG,TT,CC,TT,CC,CT,CG,AA,AA,TT,GT,CC,AA,GG,AC,CC,GG,TT,CC,TT,AA,AC,TT,CG,GG,CC,GG,CC,GT,CT,AA,CT,CC,AA,CC,AA,TT,CC,AA,CC,CC,AA,TT,AA,AT,NN,CC,CC,GG,AA,AG,AA,AC,GG,CG,CC,NN,AA,GG,GT,AG,AA,GT,TT,GG,CC,GT,TT,TT,NN,AA,TT,TT,AA,AT,GG,CC,AA,CT,CC,AC,GG,CC,AA,GG,AG,CC,TT,CC,GG,TT,CG,AT,AA,AG,TT,CC,GG,AA,CC,CC,GG,GG,AA,GG,TT,AC,AA,CC,GG,TT,CC,AA,AT,GG,TT,AT,AT,CG,GT,AA,CC,TT,TT,AA,GG,AA,TT,AC,TT,NN,TT,AC,CC,TT,GG,AG,CC,AG,CC,TT,TT,TT,GG,TT,AA,CC,AG,GG,CC,CG,GG,CC,GG,AA,AA,CC,TT,GG,CC,CC,AA,GG,CC,AA,CC,AA,AA,CC,CC,AC,TT,AA,GG,AA,AA,AA,AA,GG,AA,AA,AA,TT,GG,AA,AA,CC,AC,CT,NN,AA,GG,NN,GG,TT,AA,AG,TT,TT,NN,AG,TT,GG,CG,AA,6.26,Moderate,High,Standard,Late
L0287,Davangere,Karnataka,Rabi,Black Cotton,Irrigated,430,25.5,58,AA,TT,GG,AA,GG,CG,GT,TT,CC,CC,AA,CC,CC,AT,TT,GG,GG,TT,TT,AG,CC,GT,GT,CC,TT,CC,TT,TT,GG,AA,TT,CC,AA,CC,GG,CG,GG,CC,GG,CC,GT,CT,AA,TT,AA,GG,CT,TT,CC,CC,TT,AA,AG,GG,CC,TT,AA,AC,GT,CC,AA,TT,TT,AG,TT,TT,CT,GG,TT,GT,AA,GG,CC,NN,GG,CC,AT,GG,TT,TT,GG,GG,GG,CC,AT,GG,AA,AA,CC,GT,AC,TT,NN,TT,TT,GG,TT,CC,TT,CC,CT,GG,GG,AG,AT,TT,CG,AA,AG,AA,CC,GG,TT,CC,GT,AA,AA,TT,GG,GG,GG,GG,CC,GG,TT,AA,CT,CC,CC,CC,AA,TT,CC,AA,CC,CC,AA,TT,AA,AA,NN,CC,CG,GG,AA,AG,AA,AC,GG,CC,CC,AG,AG,GG,TT,AG,AC,TT,CC,AG,AC,TT,TT,TT,CC,AT,TT,TT,AA,TT,GG,CC,AA,CC,CC,CC,GG,CC,AA,GG,AA,CC,TT,CC,GT,TT,CG,TT,AA,NN,TT,CC,GG,AC,NN,CC,GG,GG,AA,CG,TT,AC,AA,CC,GG,AA,CC,AA,AA,GT,TT,AT,AA,GG,GG,AA,CC,TT,TT,AA,GG,AA,CT,AA,TT,CC,TT,AA,CC,CT,GG,AG,CC,AA,CC,TT,CT,NN,GG,TT,AC,CC,AG,GG,CC,CG,GG,CG,GG,TT,AA,CG,GT,GG,CC,CC,AA,GG,CC,AT,CC,AA,AA,AC,CC,CC,TT,AA,GG,AT,AA,CC,AA,GG,AG,AG,AA,TT,GG,AA,AG,AC,AA,TT,AA,AA,GG,GG,GG,TT,AA,AA,TT,TT,NN,AA,TT,GG,GG,AA,7.12,Resistant,High,Poor,Medium
L0288,Davangere,Karnataka,Rabi,Black Cotton,Irrigated,430,25.5,58,AC,TT,GG,AA,GG,CC,GT,TT,CG,CC,AA,CT,CG,AT,TT,GG,CG,TT,TT,AG,CG,GT,GT,CC,AT,CC,TT,TT,GG,AA,TT,CC,AA,AC,GG,GG,GG,CG,GG,AC,TT,CT,AC,TT,AA,GG,TT,AT,CC,AC,GT,AA,AG,GG,CC,GT,AA,AC,GT,AA,AA,TT,AA,GG,TT,TT,CC,GT,TT,GT,AA,GT,CC,AA,AG,AC,AT,GG,TT,TT,GG,GG,GG,CC,AT,GG,AA,AA,CC,TT,CC,TT,CT,TT,TT,GG,TT,AC,TT,CC,CT,CC,GG,AA,TT,TT,CC,AG,GG,AC,CT,GG,GT,CG,GT,AC,AC,AT,CC,AG,CG,AG,NN,NN,CT,AA,CC,CC,CC,CC,AA,TT,CC,AA,CC,CC,AA,TT,AA,AT,CG,CC,NN,GG,AA,AG,AA,CC,GT,CC,CG,AA,AG,GG,GG,GG,AC,GT,TT,AG,AC,GG,GT,TT,CC,AT,TT,TT,AA,TT,CG,CC,AA,CC,CC,CC,CG,CC,AA,GG,AA,CC,TT,CC,GT,GT,GG,AT,AG,AA,TT,CC,GG,AC,AA,CC,GG,GG,AA,GG,TT,AA,AA,CC,GG,AA,CC,AA,AA,GG,GT,TT,AT,GG,GT,TT,CG,TT,GT,AA,GG,AA,CT,AA,TT,CC,TT,AA,AC,CT,GG,AA,CC,AA,CC,AT,CT,GT,GG,TT,AC,CC,AA,GG,CC,CG,GG,CC,GG,AA,AA,CC,TT,GG,CC,CC,AA,AG,CG,AA,CC,AA,AA,CC,CC,CC,TT,AA,GG,AA,AA,AA,AC,AG,AA,AG,AA,AA,GG,AA,AA,CC,AC,CT,AA,AA,CG,GG,GG,GT,NN,AG,GG,TT,TT,AA,AT,GG,GG,AA,8.92,Susceptible,Low,Standard,Early
L0289,Davangere,Karnataka,Rabi,Black Cotton,Irrigated,430,25.5,58,AA,TT,GG,AA,GG,CC,TT,AT,CC,CC,AA,CC,CG,AT,TT,GG,CG,TT,TT,AA,CC,GT,GG,CC,TT,CC,GT,TT,GG,AA,TT,CT,AA,CC,GG,GG,GG,GG,GG,CC,TT,TT,AA,GT,GG,GG,TT,AT,CC,AA,GG,AA,AA,GG,CT,TT,AA,AA,TT,AC,AG,TT,TT,AG,CT,TT,CC,GG,TT,GT,AA,GT,AC,AA,GG,AA,AT,GG,TT,TT,AG,GT,GG,CC,AA,GG,AA,AA,CC,TT,AC,TT,CT,TT,GT,AG,TT,CC,GT,CC,NN,CG,AG,AA,AT,TT,CG,AA,AA,AC,CC,GG,TT,CC,GT,CC,AC,TT,CC,AG,CC,GG,CC,GT,CT,AA,CT,CC,CC,CC,AA,TT,CC,AA,CC,CC,AA,TT,AA,AA,GG,CC,CC,GG,AA,AA,AA,CC,GG,CC,CC,AG,AG,GG,GT,GG,AC,GT,CT,GG,AC,TT,TT,CT,CG,AA,NN,TT,AA,NN,GG,CC,AG,CC,CC,CC,CG,CC,AA,GG,AA,CC,GT,CC,GT,TT,GG,AT,AA,AA,TT,CC,GG,AA,AA,CC,GG,GG,AA,GG,TT,AC,AA,CC,GT,AT,AC,AA,AT,GG,TT,TT,TT,GG,TT,AT,CC,AA,TT,AA,GG,AA,TT,AC,TT,CC,TT,AA,CC,TT,GG,AA,CC,GG,CC,TT,TT,TT,GG,TT,AC,AC,AA,GT,NN,CC,GG,CC,GG,TT,AA,CC,GG,GG,CC,CG,AA,GG,CC,AT,CC,AA,AA,CC,CG,AA,TT,AG,GG,AA,AA,AC,AA,AG,AG,AA,AA,TT,GG,AA,AG,CC,AA,TT,AA,AG,GG,GG,GG,GG,AT,AA,TT,TT,TT,AG,TT,GG,GG,AA,8.02,Susceptible,Low,Standard,Late
L0290,Davangere,Karnataka,Rabi,Black Cotton,Irrigated,430,25.5,58,AC,TT,GG,AA,GG,CC,GT,TT,CC,NN,AA,CC,GG,AT,TT,GG,CG,TT,TT,AA,NN,GT,GT,TT,TT,CC,TT,TT,GG,AA,TT,CC,AA,CC,AG,GG,GG,CC,GG,CC,TT,CT,AA,TT,AG,GG,TT,AT,CC,CC,NN,AA,AA,GG,CC,TT,AA,AA,GT,AA,AG,GT,AA,AA,TT,TT,CC,GG,CT,GG,AA,NN,CC,NN,AA,AC,AT,GG,TT,TT,GG,TT,GT,CC,AT,GG,AA,AT,CC,GT,CC,TT,CC,TT,GG,GG,CT,CC,TT,CC,CC,CC,AG,AG,AT,TT,CC,AA,AG,AA,TT,GG,TT,CC,TT,AA,AA,TT,CC,GG,CC,GG,CC,GG,TT,AA,CC,CC,CC,CC,AA,TT,CC,AA,NN,CC,AA,TT,AA,AT,GG,CC,CC,GG,AA,GG,AA,CC,GG,CC,CC,AA,AA,GG,GG,GG,CC,NN,CC,GG,AC,TT,TT,TT,CC,AA,TT,TT,AA,TT,GG,CC,AA,CC,CC,CC,CG,CC,AA,GG,AA,CC,TT,CC,GT,TT,GG,TT,AA,AG,TT,AC,GG,AA,NN,CC,GG,GG,AA,GG,TT,AC,AA,CC,GG,AT,CC,AA,AT,GG,TT,TT,AA,CG,GG,AA,CC,TT,TT,AA,AG,AA,CT,AA,TT,CC,TT,AA,CC,TT,GG,AA,CC,AA,AC,TT,CT,GT,GG,TT,AA,CC,AA,GG,CC,CC,GG,CC,GG,AT,AA,CC,GT,GG,CG,CC,AT,GG,CC,AA,CC,AA,AA,CC,CG,AC,TT,AA,GG,AA,AA,AA,AA,AG,AA,AG,AA,AT,GG,AC,AA,CC,AA,CT,AA,AA,GG,GG,GG,TT,AA,AA,TT,TT,TT,AG,AT,GG,CG,AA,7.68,Susceptible,Low,Poor,Early
L0291,Davangere,Karnataka,Rabi,Black Cotton,Irrigated,430,25.5,58,CC,TT,GG,NN,GG,CC,GG,AT,CC,CC,AA,CT,CC,AT,TT,GG,GG,TT,TT,AA,CC,GT,TT,CC,AT,CC,GT,TT,GG,AA,TT,CC,AA,CC,GG,CG,GG,CC,GG,CC,TT,CT,AA,TT,AA,GG,TT,TT,CC,AC,GT,AA,AA,GG,CT,TT,AA,AA,GT,CC,AA,GT,AT,AG,TT,TT,CC,GG,TT,GG,AG,GT,AC,AA,AG,AA,AT,GG,TT,TT,GG,TT,GT,CC,AA,GG,AG,AA,CC,GT,CC,TT,CC,TT,GT,GG,CT,CC,GG,CC,CT,CC,GG,AA,TT,TT,CC,AA,AA,AA,CC,GG,TT,CC,NN,AA,AA,TT,CC,AG,CG,GG,CT,GG,CT,AA,CC,CC,CC,CC,AA,TT,CC,AA,CC,CC,AA,TT,AA,AA,GG,CC,CC,GG,AG,AA,AA,CC,GT,CC,CC,AA,AG,GG,TT,AG,AC,GG,TT,GG,CC,GT,TT,TT,CC,AA,GT,TT,AA,TT,GG,CG,GG,CC,CC,CC,GG,CC,AA,GG,AA,CC,TT,CC,GG,TT,CG,AT,AA,AA,TT,CC,GG,AA,CC,CC,GG,GG,AA,CG,TT,AA,AA,CC,GT,AA,CC,AA,AA,GG,TT,TT,AT,CG,GT,AT,CC,AT,GG,AA,GG,AA,CT,AA,TT,CC,CT,AC,CC,CT,GG,GG,CC,AG,AC,TT,CT,GT,GG,TT,AA,CC,AA,GG,CC,CG,GG,CC,GG,TT,AA,CG,GT,GG,CC,CG,AT,GG,CC,AA,NN,AA,AA,AC,CG,CC,AT,AG,GG,AA,AC,AA,AA,GG,AG,AA,AA,TT,GG,AA,AA,AC,AC,NN,AA,AA,GG,GG,GG,GT,AA,AG,TT,TT,TT,AG,AT,GG,GG,AA,6.8,Susceptible,Low,Standard,Early
L0292,Davangere,Karnataka,Rabi,Black Cotton,Irrigated,430,25.5,58,AA,TT,GG,AG,GG,CC,GT,TT,CC,CC,AA,CT,CC,AT,TT,GG,GG,TT,TT,AG,CC,TT,GT,CC,TT,CC,TT,TT,GG,AA,TT,NN,AA,CC,GG,GG,GG,GG,GG,CC,TT,CT,AC,TT,AG,GG,TT,AT,CC,AA,GG,AA,GG,GG,CC,GT,AA,AA,GG,AA,AA,TT,TT,AA,TT,TT,CC,GG,CT,GG,AA,GG,CC,AA,AG,AC,AA,GG,TT,TT,GG,GG,GG,CC,AA,GG,AA,AT,CC,GT,CC,TT,CC,TT,GT,AG,TT,CC,GG,CT,CC,CG,AG,AA,AT,TT,CC,AG,GG,AC,CC,GG,TT,CG,TT,AA,AA,TT,CC,AA,CG,AA,CC,GG,CT,AG,CC,CC,CC,CC,AA,TT,CC,AA,CC,CC,AA,TT,AA,AT,GG,CC,CC,GG,AG,AG,AA,AC,GG,CC,CC,AG,AA,GG,GT,GG,AC,TT,TT,GG,AA,GT,GT,TT,CC,AT,TT,TT,AA,AT,GG,CC,AA,CT,CC,AC,GG,CC,AA,GG,AG,CC,TT,CC,GT,GT,GG,TT,AA,AA,TT,CC,GG,AC,AC,CC,GG,GG,AC,GG,CT,AA,GG,CC,GG,AA,AC,AA,AT,GT,TT,TT,AA,CG,GG,AT,CG,TT,GG,AA,GG,AA,TT,AA,TT,CC,CT,AA,AA,CT,CG,AG,GG,AG,CC,TT,TT,GT,GG,TT,AA,CC,AG,GG,CC,CG,GG,CC,GG,AT,AA,CC,TT,GG,CG,CG,AA,GG,CG,AA,CC,AA,AA,AA,CC,AC,TT,AA,GG,AA,AA,NN,AA,GG,AA,AA,AA,AT,CG,AC,AG,AA,CC,TT,AA,AA,GG,GG,CG,TT,AT,NN,TT,TT,TT,AA,TT,GG,CG,AA,7.24,Susceptible,Low,Poor,Early
L0293,Davangere,Karnataka,Rabi,Black Cotton,Irrigated,430,25.5,58,AC,TT,GG,AA,GG,CC,GT,AA,CC,GG,AA,CC,GG,TT,TT,GG,GG,TT,TT,AA,CC,TT,TT,CT,AT,CC,TT,TT,GG,AA,TT,CC,AA,CC,GG,CG,GG,GG,GG,CC,TT,CC,AA,TT,AA,AG,CT,TT,CC,AA,GG,AA,AA,GG,CT,TT,AA,AA,GT,CC,AA,TT,AT,AG,CT,AT,CC,GG,TT,GG,AA,GG,CC,AA,GG,AC,AA,GG,TT,TT,GG,GG,GT,CC,AA,GG,NN,AA,CC,GT,CC,TT,CT,TT,TT,GG,TT,CC,TT,CC,CC,CG,AG,AA,TT,TT,CC,AG,AG,AA,CC,GG,TT,CG,TT,AA,AA,TT,CC,AG,CC,GG,CT,GG,CT,AA,CT,CC,NN,CG,AA,GT,CC,AA,CC,CT,AA,TT,AA,AA,NN,CT,CC,GG,AA,AA,AT,CC,GG,CC,CG,AA,AA,GG,GT,GG,AC,GT,TT,AG,CC,GT,TT,TT,CC,AA,TT,TT,AA,AT,CG,CC,AA,CC,CC,CC,GG,AC,AA,GG,AA,CC,GT,CC,GT,TT,CG,TT,AA,AA,TT,AC,GG,AC,CC,CC,GG,GG,CC,CG,TT,AA,AA,CC,GG,AT,CC,AA,TT,GG,GT,TT,AT,GG,GT,AT,CG,AT,GT,AA,GG,AA,CC,AA,TT,NN,CT,AA,CC,TT,GG,AA,CC,AG,CC,TT,TT,GT,GG,TT,AC,AC,AA,GG,CC,CG,GG,CC,GG,AT,AA,CC,TT,GG,CC,CC,AT,GG,CC,AT,CC,AA,AA,CC,CG,CC,TT,AA,GG,AA,AA,AC,AA,AA,GG,AA,AA,TT,GG,AA,AG,AA,AA,CT,AG,AA,GG,GG,GG,TT,AA,AA,TT,TT,TT,AG,AT,GG,GG,AC,7.05,Resistant,Low,Standard,Early
L0294,Davangere,Karnataka,Rabi,Black Cotton,Irrigated,430,25.5,58,CC,TT,AA,GG,CG,CC,GT,TT,CC,CC,AT,CC,CG,TT,TT,GG,CG,TT,TT,AA,CC,TT,GT,CC,TT,CC,GT,TT,TT,AA,TT,CT,AA,CC,GG,CG,GG,CC,GG,CC,TT,CT,AC,TT,AA,GG,CT,TT,CC,AA,GG,AT,AA,GG,CC,GT,AA,AC,GT,AA,AA,GT,TT,AA,TT,TT,CC,GG,CT,GG,AA,GG,CC,AA,GG,AC,AT,GG,TT,TT,AG,GT,GG,CC,AT,GG,AG,AA,CG,TT,CC,TT,CC,TT,GT,GG,TT,CC,GT,CC,CC,CG,AG,AG,TT,TT,CG,AG,AG,AA,CC,GG,GT,CC,TT,AA,AC,TT,CG,AG,CG,GG,CC,GG,CT,AA,CC,CC,CC,CC,AA,TT,CC,AA,CC,CC,AA,TT,AA,AT,GG,CC,CC,GG,AA,AA,AT,AC,GG,CG,CG,AA,AG,GG,GT,GG,AA,TT,CT,GG,CC,TT,GG,TT,CC,AT,TT,TT,AA,AT,CG,CC,AA,CC,CC,CC,CG,AC,AA,GG,AA,CC,TT,CC,GT,GT,CG,AT,AA,AG,TT,CC,CG,NN,CC,CC,GG,GG,CC,GG,TT,AC,AA,CC,GG,AT,CC,AA,AT,GT,TT,TT,AT,CG,GG,AT,CC,AA,TT,AA,GG,AA,CT,AA,TT,CC,TT,AA,CC,CT,CG,AA,NN,NN,CC,TT,CT,TT,GG,TT,AA,NN,AG,GG,CC,CG,GG,CC,GG,AA,NN,CG,GT,GG,CC,CG,AA,GG,CG,AA,CG,AT,AA,CC,CC,AC,TT,AA,GG,AA,AA,AA,AA,GG,AG,AA,AA,TT,GG,AA,AA,CC,AA,CT,AA,AA,GG,GG,GG,TT,AA,AA,GT,TT,TT,AG,AT,GG,GG,AA,8.39,Susceptible,Low,Premium,Early
L0295,Davangere,Karnataka,Rabi,Black Cotton,Irrigated,430,25.5,58,AA,TT,AA,AA,GG,CC,GT,TT,CC,GG,AA,CC,CC,AT,TT,GG,CG,TT,TT,AA,CC,TT,GT,CC,NN,CC,TT,AT,GT,AA,TT,CC,AA,AC,GG,CG,GG,CC,GG,CC,TT,CT,AA,GT,AA,AG,TT,AA,CC,CC,GG,AA,AG,GG,CC,TT,AT,AA,GT,AC,AA,TT,TT,AA,TT,NN,CC,GG,TT,GG,AA,GG,CC,AA,GG,AA,AA,GG,TT,TT,GG,GT,GT,CC,AA,GG,AG,AT,CC,TT,NN,GT,CT,TT,TT,GG,TT,CC,GT,CC,CC,CC,AA,AA,TT,TT,CC,AA,AG,CC,TT,GG,TT,CC,TT,AA,AA,TT,CC,GG,CG,AG,CC,GG,TT,AA,CC,CC,CC,CC,AA,TT,CC,AA,CC,CT,AA,TT,AA,AA,GG,CC,CG,GG,AA,AG,AA,AC,GT,CC,CC,AA,AA,GG,TT,GG,AA,GT,TT,GG,AC,GT,TT,CT,CC,AA,TT,TT,AA,TT,GG,CC,AG,CT,CC,AC,GG,CC,AA,GG,AA,CC,TT,CC,GT,GT,GG,AT,AA,AG,TT,AC,GG,AA,CC,CC,GG,GG,AC,GG,TT,AA,AA,CC,GG,AT,CC,AA,AT,GG,TT,AT,AT,GG,GT,AT,CC,AT,GG,AA,GG,AA,CT,AA,TT,CC,CT,AC,CC,TT,GG,AA,CC,AA,CC,TT,TT,TT,GG,AT,AC,AA,AA,NN,CC,CC,GG,CC,GG,TT,AG,CC,TT,GG,CC,CC,AA,GG,CC,TT,CC,AA,AA,AC,CC,CC,TT,AA,GG,AA,AA,AA,AA,GG,AA,AA,AA,TT,GG,AA,GG,AC,AA,TT,AA,AA,GG,GG,GG,GT,AT,AA,TT,TT,TT,GG,AT,GG,GG,AA,7.62,Moderate,Medium,Poor,Late
L0296,Davangere,Karnataka,Rabi,Black Cotton,Irrigated,430,25.5,58,AA,CT,NN,AA,GG,CC,GG,AT,CC,CG,AT,CC,CG,AT,TT,GG,GG,TT,TT,AA,CC,TT,GT,CT,TT,CC,TT,TT,GG,AA,CT,CC,AA,CC,GG,CG,GG,CC,GG,CC,TT,TT,AA,GT,GG,GG,TT,TT,CC,CC,GG,AA,AG,GG,CT,TT,AT,CC,GG,AA,AG,TT,TT,AG,TT,AT,CC,GG,TT,GG,NN,GG,CC,AA,GG,AC,AA,GG,TT,TT,GG,GG,GG,CC,AA,GG,AA,AA,CC,TT,AA,TT,CC,TT,GT,GG,TT,CC,TT,CC,CT,CC,AG,AA,AA,TT,CG,AA,AG,AA,CT,GG,GT,CG,GT,AA,AA,TT,CC,GG,CC,GG,CC,GG,TT,AG,TT,CC,CC,CC,AA,TT,CC,AA,CC,CT,AG,TT,AA,AA,CG,CT,CC,GG,AA,AA,AT,CC,GG,CC,CC,AG,AA,AG,TT,GG,AC,NN,CC,GG,AC,TT,TT,TT,CC,AA,TT,CT,AA,TT,GG,CG,AA,CT,CC,CC,GG,CC,AA,GG,GG,CC,NN,CG,GG,TT,CG,TT,AA,NN,TT,CC,CG,AC,CC,CC,GG,GG,AC,GG,TT,AC,AA,CG,GG,AA,AC,AA,AT,GG,TT,TT,AA,CG,GG,AA,CC,AT,GG,AA,AG,AA,CT,AA,TT,CC,TT,AA,CC,TT,GG,GG,CC,AA,AC,AT,CT,TT,GG,TT,AC,CC,AG,GG,CC,CC,GG,CC,GG,AT,AA,CC,GT,GG,CC,CC,AA,AG,CC,AT,CC,AA,AA,AC,CC,AC,TT,AA,GG,AA,AA,AA,AC,AA,AG,AG,AA,TT,GG,AA,AA,CC,AC,CC,AA,AA,GG,GG,GG,TT,AT,AA,TT,TT,AT,AG,TT,GG,GG,NN,7.19,Susceptible,High,Premium,Medium
L0297,Davangere,Karnataka,Rabi,Black Cotton,Irrigated,430,25.5,58,AC,CT,GG,GG,GG,CC,GT,TT,CC,CG,AA,CC,CC,TT,GT,GG,GG,TT,TT,AG,CC,TT,GT,CC,TT,CC,GT,TT,GT,AA,TT,CC,AA,CC,GG,CG,GG,CC,GG,CC,TT,CT,AA,TT,AG,AG,TT,TT,CC,CC,GT,AA,AA,GG,CC,GT,AA,AA,GT,AA,AA,GT,TT,AA,TT,AT,CC,GG,TT,GT,AG,GG,CC,AA,GG,AC,AT,GG,TT,TT,GG,GG,GG,CC,AA,GG,AA,AA,CC,TT,CC,TT,CC,TT,GT,GG,TT,CC,GT,CC,CT,CG,AG,AA,TT,TT,CC,AA,AA,AA,CC,GG,TT,CC,TT,AC,AA,TT,CG,GG,CC,GG,NN,GG,TT,AA,CC,CC,CC,CC,AA,TT,CC,AA,CC,CT,AA,TT,AA,AA,GG,CC,CC,GG,AA,GG,AA,CC,TT,NN,CC,AA,AA,GG,TT,GG,CC,TT,TT,GG,CC,TT,TT,TT,CG,AA,TT,TT,AA,TT,GG,CC,AG,CC,AC,CC,GG,CC,AA,GG,AA,CC,TT,CC,GT,GT,GG,AT,AA,AG,NN,CC,GG,CC,CC,CG,GG,GG,AC,GG,TT,AA,AG,CC,GG,AA,AC,AT,AA,GT,GT,TT,TT,GG,NN,AA,CG,TT,TT,AA,NN,AA,CT,AA,TT,CC,TT,AA,CC,TT,GG,AA,CC,AG,CC,TT,CT,TT,GG,TT,AA,CC,AA,GT,CC,CG,GG,CC,GT,TT,NN,CC,TT,GG,CG,CC,AT,GG,CC,AA,CC,NN,AA,CC,GG,CC,TT,AA,GG,AT,AA,AC,AA,AA,AA,AA,AA,TT,CG,AA,AA,CC,AA,CT,AG,AA,GG,GG,GG,GT,AT,AA,TT,TT,TT,AA,TT,GG,GG,AA,6.69,Susceptible,Low,Standard,Early
L0298,Davangere,Karnataka,Rabi,Black Cotton,Irrigated,430,25.5,58,AA,TT,GG,AG,CG,CG,GG,TT,CC,CG,AT,CC,CG,TT,TT,GG,CG,TT,TT,AA,CC,GT,GT,CC,TT,CC,TT,TT,GG,AA,TT,CT,AA,CC,GG,GG,GG,CC,GG,CC,TT,CT,AA,TT,AG,GG,TT,TT,CC,CC,GG,AT,AA,GG,TT,GT,AA,AA,GT,AA,AA,TT,TT,AA,TT,TT,CC,GG,TT,GG,AG,GG,CC,AG,AG,AA,AT,GG,TT,TT,GG,GG,GT,AC,AT,NN,AA,AA,CC,TT,CC,TT,CT,TT,GT,GG,CC,CC,GT,CT,CC,CG,AG,AA,NN,TT,CC,AA,AG,CC,CC,GG,GT,CG,TT,AA,AA,TT,CC,GG,CG,GG,CC,GT,TT,AA,CC,CC,CC,CC,AG,TT,CC,AA,CC,CC,AA,TT,AA,AA,CG,CT,CC,GG,AA,AA,AT,AC,GT,CC,NN,AA,AA,AG,GT,GG,AA,TT,CT,GG,CC,TT,TT,CT,CC,AA,TT,TT,AA,AT,GG,CC,AA,CC,CC,CC,GG,CC,AA,GG,AG,CC,TT,CG,TT,GT,GG,TT,AA,AA,NN,CC,GG,AA,CC,CC,CG,GG,AC,GG,TT,AC,AA,CC,GG,AA,CC,AA,AT,GG,TT,AT,AA,GG,GT,AT,CG,TT,TT,AT,GG,NN,CT,AA,TT,CC,TT,AA,CC,TT,CG,AA,CC,AA,AC,TT,TT,GT,GG,AT,CC,AC,AA,GG,CC,CG,GG,CC,GT,TT,AA,CC,TT,GG,CG,CC,AA,GG,CC,AA,CC,AT,NN,AC,CC,AC,TT,AA,GG,AA,AA,AC,AC,AG,AG,AA,AA,TT,GG,AC,AA,AC,AC,CT,AA,AA,GG,GG,GG,TT,AT,AA,GG,TT,TT,AG,AT,GG,CG,AA,10.37,Susceptible,Medium,Premium,Medium
L0299,Davangere,Karnataka,Rabi,Black Cotton,Irrigated,430,25.5,58,AA,TT,GG,AA,CG,CC,GT,TT,CC,CC,AA,CC,CC,TT,TT,GG,GG,TT,TT,AG,CC,TT,GT,CC,AT,CC,GT,TT,GG,AA,TT,CT,AA,CC,GG,CG,GG,CG,GT,CC,TT,CT,AA,TT,AA,GG,CT,TT,CC,AA,GT,AA,AG,GG,CC,TT,TT,AC,GT,AC,AA,TT,TT,AA,TT,TT,CC,GG,TT,GG,AA,GT,CC,AA,GG,AC,AA,GG,TT,TT,AG,GG,GG,CC,AA,GG,AA,AA,CC,GT,CC,TT,TT,TT,NN,GG,TT,CC,TT,CC,CC,CC,AG,AA,AT,TT,CC,AA,GG,AA,CT,GG,GT,CC,GT,AA,AA,TT,CG,GG,CC,GG,CC,GT,TT,AA,CC,CC,CC,CC,AA,TT,CC,AA,NN,CC,AA,TT,AG,AA,GG,CT,CC,GG,AA,AG,AA,CC,NN,CC,CC,AG,AA,NN,GT,GG,AA,GT,TT,AG,CC,TT,TT,TT,CC,TT,TT,CT,AT,TT,GG,CC,AG,NN,CC,CC,CG,AC,AA,GG,AA,CC,TT,CG,GG,TT,CG,TT,AA,AA,TT,CC,GG,AC,CC,CC,GG,GG,AA,GG,TT,AC,AA,CC,GG,AA,AC,AA,AT,GG,GT,TT,AT,CC,GG,AA,CC,TT,GG,AT,GG,AA,CT,AA,TT,CC,TT,CC,AC,TT,GG,AA,CC,AG,CC,TT,TT,TT,GG,AT,AA,CC,AA,GG,CC,CG,GG,CC,GG,TT,AA,CG,TT,GG,CC,CC,AT,GG,CG,AA,CC,AT,AA,AA,CG,AC,TT,AA,GG,AA,AC,AA,AA,GG,AG,AA,AA,TT,GG,AA,AA,AC,AA,TT,AA,AA,GG,GG,GG,TT,AA,AG,TT,TT,TT,AG,AT,GG,GG,AA,7.34,Moderate,Medium,Premium,Early
L0300,Davangere,Karnataka,Rabi,Black Cotton,Irrigated,430,25.5,58,AC,TT,GG,AG,GG,CC,GG,TT,CC,CG,AA,CT,CC,AT,TT,GG,GG,TT,TT,AA,CG,GT,GG,CC,TT,CC,GT,TT,GT,AA,TT,CC,AA,CC,GG,GG,GG,CG,GG,CC,TT,CC,AA,TT,AG,GG,TT,TT,CC,AC,GT,AA,AA,GG,CC,GT,AA,AA,GT,AA,AA,TT,AT,AA,TT,TT,NN,GG,TT,GT,AA,GG,CC,AA,GG,AC,AT,AG,TT,TT,GG,GG,GG,CC,AA,GG,AA,AA,CC,GT,CC,TT,CC,TT,TT,GG,TT,CC,GT,CC,CC,CG,GG,NN,TT,TT,CC,AA,AG,AA,CC,GG,TT,CC,NN,AA,NN,TT,CC,AG,CC,GG,CT,GG,CT,AA,CC,CC,CC,CC,AA,GT,CC,AA,CC,CC,AA,TT,AA,AA,GG,CC,CC,GG,AG,AG,AA,CC,GG,CC,CC,AG,AA,GG,TT,GG,AA,GT,CT,GG,CC,GT,TT,TT,CG,AA,GG,TT,AA,AT,GG,CC,AA,CC,CC,CC,GG,CC,AA,GG,AA,CC,TT,CC,GT,TT,GG,TT,AA,AA,GT,AC,GG,AC,AC,CC,GG,GG,AC,GG,TT,AA,AA,CC,GG,AA,AC,AA,AA,GG,TT,TT,TT,GG,GG,AT,CC,TT,GT,AA,GG,AA,TT,AA,TT,CG,TT,AC,CC,TT,CC,AA,CC,AG,CC,TT,CT,GT,GG,TT,AA,AC,AA,GG,CC,CC,GG,CC,GG,TT,AG,CC,TT,GG,CC,CC,TT,GG,CC,AA,CG,AT,AA,AC,CG,CC,TT,AA,GG,AA,AA,CC,AA,AA,AG,AA,AA,TT,NN,AA,AA,AC,AA,TT,AA,AG,GG,GG,GG,GG,AT,NN,TT,TT,AT,AG,TT,CG,CG,AC,7.26,Resistant,Low,Standard,Early
L0301,Davangere,Karnataka,Rabi,Black Cotton,Irrigated,430,25.5,58,AC,TT,GG,AA,GG,CC,GG,AT,CC,CG,AA,CC,CC,AT,TT,GG,GG,TT,TT,AA,CC,TT,TT,CC,TT,CC,TT,TT,GG,AA,TT,CC,AA,CC,GG,GG,GG,CG,GG,CC,TT,CC,AC,TT,AA,AG,TT,TT,CC,AA,GT,AA,AA,GG,CC,TT,AA,AA,GG,AC,AA,TT,NN,AA,TT,TT,CC,GG,TT,GT,AG,GG,CC,NN,AG,AC,AA,GG,TT,TT,GG,GG,GG,CC,AT,GG,AA,AA,CC,TT,CC,TT,CT,AT,GT,GG,TT,CC,TT,CC,CT,GG,AG,AA,AT,TT,CC,NN,AA,AC,CC,GG,TT,CC,TT,AA,AA,TT,CC,GG,CC,GG,CC,GG,TT,AA,CC,CC,CC,CC,AA,TT,CC,AA,CC,CC,AA,TT,AA,TT,CG,CC,CC,GG,AA,AA,AA,AC,GG,CC,CG,AG,AG,GG,TT,GG,AC,TT,TT,GG,CC,TT,GT,CT,CG,AA,TT,CT,TT,TT,GG,CC,AA,CC,AC,NN,CC,CC,AA,GG,AA,AC,TT,CC,GT,TT,CG,TT,AA,AA,TT,CC,CG,AA,AC,CC,GG,GG,AA,CG,TT,AA,AA,CC,GG,AA,CC,AA,AA,GT,TT,TT,AA,CG,GT,AA,CG,AT,GT,AA,GG,AA,CT,AA,TT,CC,TT,AA,CC,TT,GG,AG,CG,AA,CC,AT,CT,GT,GG,NN,AA,AC,AG,GG,CC,CC,GG,CC,GG,AA,AA,CC,TT,GG,CC,CC,AA,GG,CC,AT,CC,AT,AA,AC,CC,CC,TT,AA,GG,AA,AA,AA,AA,AG,AG,GG,AA,AT,GG,AA,AG,AC,AA,TT,AA,AG,GG,GG,GG,TT,AA,AG,GT,TT,TT,AA,TT,GG,GG,AA,6.84,Susceptible,Low,Standard,Early
L0302,Davangere,Karnataka,Rabi,Black Cotton,Irrigated,430,25.5,58,AA,TT,GG,AA,GG,NN,GG,AT,CC,CC,AA,CT,CC,TT,GT,GT,CG,TT,TT,AG,CC,TT,TT,CC,TT,CC,TT,TT,GG,AA,CT,CC,NN,CC,GG,CG,GG,CG,GG,CC,TT,NN,AA,GT,AA,AG,TT,TT,CC,AC,GG,AT,AG,GG,CC,TT,AA,AA,GG,AA,AA,TT,TT,AA,TT,TT,CC,GG,TT,GT,AA,GT,CC,AG,GG,AA,AA,GG,TT,TT,GG,GT,GG,NN,AA,GG,AA,AA,CG,TT,NN,GT,CC,TT,TT,GG,TT,CC,GT,CC,CC,CC,AA,AA,AT,TT,CG,AG,AA,AA,CC,GG,TT,CC,TT,AA,AA,TT,CG,GG,CC,GG,CT,GG,CT,AG,CT,CC,CC,CC,AA,TT,CC,AC,CC,CC,AA,AT,AA,AA,CG,CT,CC,GG,AA,AG,AA,CC,GG,NN,CC,AA,AA,GG,TT,GG,AA,TT,CT,GG,CC,TT,GT,TT,CG,AT,GT,TT,AA,NN,GG,CC,GG,CT,CC,CC,CC,CC,AA,AG,AA,CC,TT,CG,GG,TT,GG,AT,AA,AA,TT,CC,GG,AA,CC,CC,GG,GG,AC,GG,TT,AA,AA,CC,GG,AA,CC,AA,AT,GG,TT,TT,AT,GG,GG,AT,CC,TT,GT,AA,GG,AA,TT,AA,TT,CG,TT,AA,CC,CT,CC,AG,CC,AG,CC,TT,CT,GT,GG,AT,AA,CC,AA,GT,CG,CC,GG,CC,GG,AA,AA,CC,TT,GG,CC,GG,AT,GG,CC,AA,CC,AA,AA,AC,CC,AC,TT,AA,GG,AA,AA,AC,AA,AG,AA,GG,AA,TT,GG,AA,AG,CC,AA,CT,AA,AA,GG,AG,GG,TT,AA,AA,GT,TT,TT,AG,AT,GG,GG,AA,6.53,Susceptible,Medium,Standard,Medium
L0303,Davangere,Karnataka,Rabi,Black Cotton,Irrigated,430,25.5,58,AA,TT,GG,AG,GG,CC,GG,TT,CC,CG,AA,CC,CC,TT,TT,GT,CG,TT,TT,AG,CC,GT,GT,CC,TT,CC,TT,AT,GG,AA,CT,CC,AG,CC,GG,GG,GG,CG,GG,CC,TT,CT,AA,TT,AG,AG,TT,TT,CG,AC,GG,AA,AA,GG,CT,TT,AA,AA,GG,AC,AA,TT,TT,AG,TT,TT,CC,GG,TT,GT,AG,GT,CC,AA,GG,AA,TT,GG,TT,TT,GG,GG,GG,CC,AT,AG,AA,AA,CC,TT,CC,GT,CC,TT,TT,AG,TT,CC,GT,CC,CC,CG,GG,AA,AT,TT,CC,AG,AA,AA,CT,GG,TT,CC,GT,AA,AA,AT,CG,AG,CC,AG,CC,GG,TT,AA,CT,CC,CC,CC,AA,GT,AC,AA,CC,CC,AA,AT,AA,AA,NN,CT,CC,GG,AA,GG,AA,CC,GG,CC,CC,AA,AA,GG,GT,GG,AA,TT,CT,NN,CC,TT,TT,TT,CC,AT,TT,TT,AA,TT,GG,CC,AG,CT,CC,CC,CG,CC,AA,GG,GG,CC,TT,CC,GT,GT,GG,AT,AA,AA,TT,AA,GG,AC,CC,CC,GG,GG,AA,GG,TT,AA,AA,CC,GG,AA,AA,AA,AA,GG,TT,TT,AA,GG,GT,AT,CC,TT,GT,AA,GG,AA,CC,AC,TT,CG,CT,AA,CC,TT,GG,AG,CG,AG,CC,TT,CC,TT,GG,TT,AA,AC,AA,GG,CC,CG,GG,CC,GG,TT,AA,CC,TT,GG,CG,CC,AA,AG,CC,AA,CC,AA,AA,AC,GG,AC,TT,AA,GG,AA,AA,AA,AC,AG,AG,AG,AA,TT,GG,AA,AG,AA,AC,CC,AG,AG,GG,GG,GG,GG,AT,AA,GT,TT,TT,AA,AT,GG,GG,AA,6.72,Susceptible,Medium,Standard,Medium
L0304,Davangere,Karnataka,Rabi,Black Cotton,Irrigated,430,25.5,58,AC,CT,GG,AA,CG,CG,GG,AA,CC,CG,AA,CT,CC,TT,GT,GG,CG,TT,TT,AG,CC,TT,TT,CC,TT,CC,TT,TT,GT,AA,TT,CC,AA,CC,AG,GG,GG,CC,GG,CC,TT,CT,AC,TT,AA,GG,TT,TT,CC,CC,GG,AA,AA,GG,CC,GG,AA,AC,GT,AA,AA,GG,AA,AA,TT,AT,CC,GT,TT,GG,AA,GG,CC,AA,AG,AA,AA,GG,TT,TT,GG,GG,GG,CC,AA,GG,AA,AA,CG,GT,CC,GT,NN,TT,TT,GG,TT,CC,TT,CC,TT,CG,AG,AA,TT,TT,CC,AA,AA,AA,CC,GG,TT,CC,TT,AA,AA,TT,CC,GG,CC,GG,CC,GG,TT,AA,CC,CC,CC,CG,AA,TT,CC,AA,CC,CC,AA,TT,AA,AA,GG,CT,CC,GG,AA,AA,AT,CC,GG,CC,CC,AG,GG,GG,TT,AG,AC,GT,CT,GG,CC,TT,TT,TT,NN,AA,TT,CT,AT,AT,GG,CC,AA,CT,CC,CC,CG,CC,AA,AG,AA,CC,TT,CG,GT,TT,GG,TT,AA,AA,TT,CC,GG,AC,CC,CC,GG,GG,AA,GG,TT,AA,AA,CC,GT,NN,AC,AA,AA,GG,GT,AT,AT,GG,GT,AA,CC,AA,GT,AT,GG,AA,CC,AA,TT,CC,CT,AA,CC,TT,GG,AG,NN,AG,CC,AT,TT,GT,GG,TT,AA,CC,AA,GG,CC,CG,GG,CC,GG,TT,AG,CC,TT,GG,CC,CC,AA,GG,CC,AT,CC,AA,AG,AA,CC,AC,TT,AA,CG,AA,NN,AC,AA,AG,AG,AA,AA,AT,GG,AA,GG,AC,AA,TT,AA,AA,GG,GG,GG,TT,AT,AA,TT,TT,TT,AA,TT,GG,GG,AA,5.09,Moderate,Low,Premium,Early
L0305,Davangere,Karnataka,Rabi,Black Cotton,Irrigated,430,25.5,58,AC,TT,GG,AG,GG,CC,GT,TT,CC,GG,NN,CC,CC,AT,TT,GG,GG,TT,TT,AA,CC,GT,GT,CC,TT,CC,TT,AT,GG,AA,TT,TT,AA,CC,GG,GG,GT,CC,GG,CC,TT,CT,AA,TT,AA,AG,CT,TT,CG,AC,NN,AT,AA,GG,CC,TT,AA,AA,GG,AC,AA,TT,TT,AA,TT,AT,CC,GG,TT,GG,AA,GG,CC,AA,GG,AA,AA,AG,TT,TT,GG,GT,GG,CC,AT,GG,AA,AA,CC,GT,AC,TT,CC,AT,GT,GG,CT,AC,GG,CC,CC,GG,GG,AA,TT,TT,CC,NN,AG,AC,CT,GG,TT,CC,GT,AA,AA,TT,CC,GG,CC,GG,CC,GG,CC,AA,CC,CC,CC,CC,AA,TT,AC,AA,CC,CC,AA,TT,AA,AT,GG,CC,CC,GG,AA,AG,AA,NN,GT,CC,CC,AA,AG,GG,TT,GG,AA,TT,TT,AG,CC,TT,TT,CT,CG,AA,TT,TT,AT,AT,GG,CC,AA,CC,CC,CC,GG,CC,AA,GG,NN,CC,TT,CC,GT,TT,GG,AT,AA,NN,TT,CC,CG,AC,AC,CG,GG,GG,AA,GG,TT,AA,AA,CC,GT,AA,AC,AA,AA,GG,TT,AT,AA,GG,GT,AT,CG,TT,GT,AA,GG,AA,TT,AA,TT,CC,CT,AC,CC,CC,GG,GG,CC,AA,CC,TT,TT,GT,GG,TT,AA,AC,AG,GG,CG,CC,GG,CC,GG,TT,AA,CG,TT,AA,CC,CG,AA,GG,CC,AT,CC,AT,AA,AC,CC,AC,TT,AA,GG,AA,AA,AA,AA,AA,AA,AA,AA,TT,GG,AA,GG,CC,AA,CT,AA,AA,CG,AG,CG,TT,AA,AG,TT,TT,TT,AA,TT,GG,GG,AC,10.05,Moderate,Low,Poor,Early
L0306,Davangere,Karnataka,Rabi,Black Cotton,Irrigated,430,25.5,58,AC,CT,AG,AA,GG,CC,GG,AT,CC,CG,AA,CC,CG,TT,TT,GG,GG,TT,TT,AA,CC,GT,GT,CT,NN,CC,TT,TT,GG,AA,TT,CC,AA,CC,GG,GG,GG,CG,GG,CC,TT,TT,AA,TT,AA,GG,TT,TT,CC,AC,GG,AA,AA,GG,CC,TT,AA,AA,TT,AA,AA,TT,AA,AA,TT,TT,CC,GG,TT,GG,AA,GG,CC,AG,GG,AC,AA,AG,NN,TT,GG,GG,GG,CC,AT,AG,AA,AA,CC,TT,AC,TT,CC,TT,TT,AG,CT,CC,GG,CC,CC,CG,AG,AA,AT,TT,CC,AA,AG,AA,CC,NN,TT,CC,TT,AA,AA,TT,CC,GG,CC,GG,CC,GG,TT,AA,CT,CC,CC,CC,AA,TT,AC,AA,CC,CT,AA,TT,AA,AA,GG,CC,CC,GG,AA,AG,AA,CC,GT,CC,CC,AA,AA,AG,GT,GG,CC,TT,CT,GG,CC,TT,TT,TT,CC,AT,GT,TT,AA,TT,GG,CC,AA,CC,CC,CC,CG,CC,AA,GG,AA,CC,TT,CC,GG,GT,CG,AT,AA,AA,TT,AC,CG,AA,CC,CG,GG,GG,AA,CC,TT,AA,AA,CC,GG,AT,CC,AA,AA,GG,TT,AT,AA,GG,GG,AA,CC,AT,GT,AA,GG,AA,CT,AA,TT,CC,TT,AA,CC,TT,CG,AA,CC,AA,CC,TT,TT,GT,GG,TT,AC,CC,AG,GG,CC,CC,GG,CC,GG,AA,NN,CC,GT,GG,CC,CC,AT,AA,CC,AA,CC,AA,AA,AC,CG,AC,TT,AA,CG,AA,AA,AC,AA,GG,AG,AG,AA,TT,GG,AA,AA,CC,AC,CT,AA,AA,GG,GG,GG,TT,AA,AA,GT,TT,TT,GG,TT,GG,GG,AA,5.83,Susceptible,Low,Standard,Early
L0307,Davangere,Karnataka,Rabi,Black Cotton,Irrigated,430,25.5,58,AC,TT,GG,AG,GG,CG,GT,TT,CC,CC,AA,CT,CG,TT,TT,GG,CG,AT,AT,AG,CC,TT,GT,TT,AT,CC,NN,AT,GG,AA,TT,CC,AA,CC,GG,CG,GT,CG,GG,CC,TT,CC,AC,GT,AG,AG,TT,TT,CC,AC,GT,AA,AA,GG,CT,GT,AT,AC,GT,AC,AG,NN,AT,AG,TT,AT,CC,GG,TT,GT,AA,GG,CC,AA,GG,AA,TT,GG,TT,TT,GG,GG,GG,CC,AA,GG,AA,AA,CC,TT,AC,TT,CT,TT,TT,GG,CC,CC,GG,CC,CC,NN,AG,AA,AT,TT,CG,AA,AG,AC,TT,GG,TT,CC,GT,AC,AA,TT,CC,GG,CC,GG,CC,GT,CT,AA,CT,CC,CC,CC,AA,TT,CC,AA,CC,CC,AA,AA,AA,AT,GG,CC,CC,GG,AA,AG,AA,CC,GT,CC,CC,GG,GG,GG,GT,GG,AA,GT,CT,GG,CC,GG,GT,TT,CG,AA,TT,TT,AT,TT,GG,CC,AA,CT,CC,CC,CG,CC,AA,GG,AA,CC,TT,CC,GG,GT,CG,TT,AA,AA,TT,CC,CG,AC,AC,CC,GG,GG,AA,GG,TT,AC,AA,CG,GG,AT,CC,AA,AA,GG,TT,AT,AT,CG,GT,AT,CC,TT,GT,AA,GG,AA,CT,AA,TT,CC,TT,AC,CC,CC,GG,AA,CC,AA,AC,TT,CT,TT,GG,TT,AA,CC,AA,GG,CC,CC,NN,CC,GT,AA,AG,CC,GT,GG,CG,CG,AT,GG,NN,AA,CC,AA,AA,CC,CC,AC,AT,AA,GG,AA,AA,CC,AA,GG,AA,AA,AA,AT,GG,AC,AG,AC,AA,CC,AA,AA,GG,AG,GG,TT,AA,GG,TT,TT,TT,AG,TT,GG,GG,AA,7.41,Moderate,Medium,Premium,Late
L0308,Davangere,Karnataka,Rabi,Black Cotton,Irrigated,430,25.5,58,CC,TT,AG,AG,GG,CC,GG,TT,CC,GG,AA,CT,CG,TT,TT,GG,CC,TT,TT,AG,CC,TT,TT,CT,TT,CC,TT,TT,TT,AA,TT,CT,AA,CC,GG,CG,GG,CC,GG,CC,TT,CC,AA,TT,AA,GG,TT,AA,CC,AC,GG,AA,AA,GG,CC,TT,AA,AA,TT,AC,AA,TT,AT,AA,TT,TT,CC,GG,TT,GT,AG,GG,CC,AA,NN,AA,AA,GG,TT,TT,GG,GG,GT,CC,NN,GG,AA,AT,CC,GG,CC,TT,CT,TT,GT,GG,TT,CC,GT,CC,CT,CG,GG,AA,TT,TT,CC,AA,GG,AA,CC,GG,GT,CC,TT,AC,AA,TT,CG,GG,CC,GG,CC,GG,TT,GG,CC,CC,CC,CC,AA,TT,AC,AA,CC,CC,AG,TT,AA,AA,GG,CT,CC,GG,AA,AA,AA,CC,GG,CC,CC,AA,AG,AG,TT,GG,AC,TT,TT,GG,CC,TT,GT,CT,CG,AT,GT,TT,AA,AT,CG,CC,AG,CC,CC,CC,CG,CC,AA,GG,AG,CC,TT,CG,GT,TT,GG,TT,AA,AA,GT,CC,CG,AA,AC,CG,GG,GG,AC,GG,TT,AC,AA,CC,GG,AT,CC,AA,AT,GG,TT,TT,AA,CG,GG,AA,CC,AA,TT,AA,GG,AA,CT,AA,TT,CC,TT,AA,CC,TT,CG,AG,CC,AA,CC,TT,CT,TT,GG,TT,AC,CC,AA,GG,CC,CG,GG,CC,GG,TT,AA,CG,GG,GG,CC,CC,AT,GG,CG,AT,CC,AA,AA,AC,CC,AC,TT,NN,GG,AA,AC,AC,AA,AG,AA,AA,AA,AT,GG,AA,AA,CC,CC,CT,AA,AA,GG,GG,GG,TT,AA,AA,TT,TT,TT,AA,TT,GG,CG,AA,6.34,Susceptible,Low,Premium,Medium
L0309,Davangere,Karnataka,Rabi,Black Cotton,Irrigated,430,25.5,58,AC,CT,GG,AA,GG,CC,GG,TT,CC,GG,AT,CC,CC,AT,TT,GT,GG,TT,TT,AG,CC,TT,TT,CC,TT,CC,TT,TT,GG,AA,CT,CC,AA,CC,GG,GG,GG,NN,GG,CC,TT,CT,AA,TT,AA,AG,TT,AT,CC,AA,GG,AA,AA,GG,CC,TT,AA,AA,TT,AA,AA,TT,TT,AA,TT,AT,CC,GG,TT,GG,AA,GT,CC,AA,AG,AA,AA,GG,TT,TT,GG,GT,GG,CC,AA,GG,AA,AA,CC,TT,CC,TT,CC,AT,TT,GG,TT,CC,TT,CC,NN,CG,GG,AA,TT,TT,CG,AA,AA,AA,CT,GG,TT,CG,TT,AA,AA,AT,CC,GG,CC,AG,CC,GT,CT,AA,CT,CC,CC,CC,AA,TT,CC,AA,CC,CC,AA,TT,AA,AT,GG,CC,CC,GG,AA,AA,AA,CC,GG,CC,CC,AG,AG,GG,TT,GG,AA,TT,TT,GG,CC,TT,GT,TT,CG,AT,TT,TT,AA,AT,GG,CC,AA,CT,NN,AC,GG,CC,AT,GG,AA,AC,TT,CC,NN,TT,GG,AT,AA,AG,TT,CC,GG,AC,CC,CC,GG,GG,AC,GG,TT,AC,AA,NN,GG,AA,AA,AA,TT,GG,TT,AT,NN,GG,GG,AT,CC,AT,TT,AA,GG,AA,CT,AA,TT,CC,TT,AA,CC,TT,CG,AA,CC,AA,AC,TT,TT,GG,GG,TT,AA,AC,AG,GG,CC,CC,GG,CC,GG,AT,AA,CC,TT,GG,CC,CG,AA,GG,CC,AA,CG,AA,AA,AA,CG,CC,TT,AA,GG,AA,AC,AC,AA,AA,GG,AG,AA,AT,GG,AA,AA,CC,AA,TT,AA,AA,GG,AG,GG,TT,AA,AA,TT,TT,TT,AG,AA,GG,GG,AA,8.33,Susceptible,High,Premium,Late
L0310,Davangere,Karnataka,Rabi,Black Cotton,Irrigated,430,25.5,58,AA,TT,GG,NN,GG,CG,GT,TT,CC,CG,AA,CC,CC,TT,TT,GG,CG,TT,TT,AG,CC,TT,TT,CC,TT,CC,GT,AT,GG,AA,TT,TT,AA,CC,GG,GG,GG,CG,GT,CC,TT,TT,AC,TT,AG,AG,CT,TT,CC,CC,GG,TT,AA,GG,CC,TT,AT,AA,GT,AC,AA,GT,TT,AG,TT,TT,CC,GG,TT,TT,AA,GG,CC,NN,AG,AC,AA,GG,TT,TT,GG,GG,GT,CC,AA,GG,AA,AA,CG,TT,CC,TT,CC,TT,TT,AG,CT,CC,GT,CC,CC,CC,GG,AA,TT,TT,CG,AA,AG,AC,CT,GG,TT,CG,TT,AC,AA,TT,CC,AG,CC,GG,CT,GT,TT,AA,CC,CC,AC,CC,AA,TT,CC,AA,CC,CT,AA,AT,AG,AA,GG,CC,CC,GG,AA,AG,AT,CC,GT,CC,CC,AA,AA,GG,GT,AG,CC,TT,TT,GG,CC,GT,TT,TT,GG,AA,NN,TT,TT,TT,GG,CC,AA,CT,CC,AA,CG,CC,AA,GG,AG,CC,TT,CC,GG,GG,GG,AT,AA,NN,TT,AC,GG,AA,AC,NN,GG,GG,AC,GG,TT,AA,AA,CC,GG,AA,CC,AA,AT,GT,TT,AA,AA,GG,TT,AT,GG,AT,GT,AA,GG,AA,TT,AA,TT,CC,NN,AA,CC,CT,CG,AA,CG,AG,CC,NN,CT,GT,GG,AT,AA,CC,AG,GG,CC,CC,GG,CC,GG,AT,AA,CC,TT,GG,CC,CC,AA,GG,CC,AT,CC,AA,AA,AC,CC,CC,AT,AA,GG,AA,AC,AA,AA,GG,AG,AG,AA,AT,CG,AA,AG,AC,AC,CT,AA,AA,GG,GG,GG,TT,AA,AA,TT,TT,TT,AA,TT,GG,GG,AA,6.48,Resistant,High,Standard,Late
L0311,Davangere,Karnataka,Rabi,Black Cotton,Irrigated,430,25.5,58,CC,CT,GG,AG,GG,CC,GT,AT,CC,CC,AA,CC,CG,TT,GT,GG,CG,TT,TT,AA,CC,GT,TT,CC,TT,CC,GT,AT,GG,AA,TT,CC,AA,CC,GG,GG,GG,CC,GG,CC,TT,TT,AA,TT,AA,GG,TT,TT,CC,CC,GT,AA,AA,GG,CC,TT,AT,AC,GT,AA,AA,TT,AT,GG,TT,TT,CC,GG,TT,GT,AA,GG,AC,AA,GG,AA,AA,GG,GT,TT,GG,GG,GG,CC,AT,GG,AA,AT,CC,GT,AC,TT,CC,TT,TT,GG,CT,AC,GT,CC,CC,CG,AA,AA,TT,TT,GG,AA,AA,AC,CT,GG,TT,CC,GT,AA,AA,TT,CG,GG,CC,GG,CC,GT,TT,AA,CC,CC,CC,CC,AA,TT,AC,AC,CC,CT,AA,TT,AG,AA,CG,CC,CC,GG,AA,AA,AA,CC,GG,NN,CG,AA,AA,GG,TT,AG,AC,TT,CT,AG,CC,TT,GT,TT,CC,AA,GT,TT,AA,AT,GG,CC,AA,TT,CC,CC,CG,CC,AA,GG,AA,CC,TT,CG,GT,TT,GG,AT,AA,NN,GT,AC,GG,AC,CC,CG,NN,GG,AA,GG,TT,AA,AA,CC,GG,AT,CC,AT,AT,GG,TT,TT,AA,GG,GT,AA,CC,TT,GT,AT,GG,AA,TT,AA,TT,CC,TT,AA,CC,CT,GG,AA,CC,GG,CC,TT,CT,GT,GG,TT,AC,AC,AG,GG,CC,CC,GG,CC,GG,TT,AA,CC,GT,GG,CC,CG,AA,GG,CC,TT,CC,AA,AA,AC,CG,AA,TT,AA,GG,AA,AA,AC,AC,AG,AG,AA,AG,TT,GG,CC,AA,AC,AC,CT,AA,AA,CG,GG,GG,TT,AA,AA,TT,TT,TT,GG,TT,GG,CG,NN,5.32,Moderate,High,Premium,Late
L0312,Davangere,Karnataka,Rabi,Black Cotton,Irrigated,430,25.5,58,AC,TT,GG,AG,NN,CC,GG,TT,CC,CG,AA,CC,CG,TT,GT,GT,CG,TT,TT,AA,CC,NN,TT,CC,AT,CC,TT,AT,GG,AA,CC,CT,AA,AC,AG,CG,GG,CG,GG,CC,TT,TT,AA,TT,AG,GG,TT,AT,CC,AC,GG,AA,AA,GG,CC,TT,AA,AC,GT,AC,AA,GT,TT,AA,TT,TT,CC,GG,TT,GT,AG,TT,CC,AA,AG,AC,AA,AG,TT,TT,GG,GG,GG,CC,AA,GG,AA,AA,CC,GG,AC,TT,CC,TT,TT,GG,TT,CC,GT,CC,CC,CG,AG,AA,TT,TT,CC,AA,AA,AC,CC,GG,TT,CC,TT,AA,AC,TT,CG,GG,CC,GG,CT,GG,CT,AG,CC,CC,CC,CC,AA,TT,CC,AA,CC,CC,AA,TT,AA,AT,GG,CC,CC,GG,AA,AG,AA,CC,GG,CC,CC,AA,AG,GG,TT,GG,CC,TT,TT,GG,CC,GT,GT,TT,CG,AA,GT,TT,AA,TT,CG,CC,AG,CC,CC,CC,CG,AC,AA,GG,AG,CC,TT,CC,GT,TT,CC,AT,AA,NN,TT,CC,CG,AC,AC,CC,GG,GG,AA,CG,TT,AC,AG,NN,GT,AA,AC,AA,TT,GT,TT,AT,AA,GG,GT,AA,CG,AT,TT,AA,GG,AA,TT,AA,TT,CC,CT,AA,CC,TT,CC,AG,CC,AA,CC,AA,TT,TT,GG,TT,AA,AC,AA,GG,CC,CG,CG,CC,GG,TT,AA,CG,GT,GG,CC,CC,AT,GG,CC,AA,CC,AA,AG,AC,CC,CC,TT,AA,GG,AA,AA,AC,AA,AG,AG,AA,AA,AT,CG,AC,GG,CC,AC,TT,AA,AA,GG,GG,GG,TT,NN,AA,TT,NN,TT,AA,TT,NN,GG,AA,7.63,Susceptible,Low,Premium,Early
L0313,Davangere,Karnataka,Rabi,Black Cotton,Irrigated,430,25.5,58,AA,TT,GG,AG,CG,CC,GT,TT,CG,CG,AT,CC,GG,AT,TT,GG,GG,TT,TT,AG,CG,TT,GT,CT,TT,NN,TT,AT,GG,AA,TT,CC,AA,CC,GG,GG,GT,CC,GG,CC,TT,CT,AA,TT,AA,AG,TT,TT,CC,AC,GT,AA,AA,CG,CT,TT,AA,AA,GT,AC,AA,TT,AT,AA,TT,AA,CC,GG,TT,GT,AA,GT,CC,AA,AG,AC,AA,GG,TT,TT,GG,GG,GT,CC,AA,GG,AA,AA,CC,GG,CC,TT,CC,AT,TT,GG,TT,AC,GT,CC,CC,CC,GG,AA,TT,GT,CC,AA,AG,AC,CC,GG,TT,CC,TT,AA,AA,TT,CC,GG,CG,GG,CC,GG,TT,AG,CT,CC,CC,CC,AA,TT,CC,AA,CC,CT,AA,TT,AG,AT,GG,CC,CC,GG,AA,AG,AT,AA,GG,CC,GG,AA,AA,AG,TT,NN,AA,TT,CT,GG,AA,GT,TT,TT,CC,AA,GT,TT,AA,TT,GG,CC,AG,CT,CC,CC,GG,CC,TT,GG,AA,CC,TT,CC,GT,TT,GG,TT,AG,AA,TT,AC,GG,AA,AC,CC,GG,AG,AC,CG,TT,AC,AA,CG,GG,AA,AC,AA,AA,GG,TT,TT,AT,CC,GG,AT,CC,AT,GT,AA,GG,AA,CT,AA,TT,CG,TT,AC,CC,CT,GG,AA,CC,GG,CC,TT,TT,TT,GG,TT,AA,CC,AG,GG,CG,CC,GG,CG,GG,TT,AG,CC,TT,GG,CC,CG,AA,GG,CC,AA,CC,AA,AA,CC,CC,AA,TT,AA,GG,AA,AC,AC,AC,GG,GG,AA,AA,TT,CG,AC,AG,AC,AA,TT,AA,AG,GG,AG,GG,TT,AA,AA,TT,TT,TT,NN,TT,GG,GG,AA,6.74,Susceptible,Medium,Poor,Late
L0314,Davangere,Karnataka,Rabi,Black Cotton,Irrigated,430,25.5,58,AA,TT,GG,AG,GG,CC,GT,AT,CC,CC,AA,CT,GG,TT,TT,GG,GG,TT,TT,AA,CC,GT,TT,CC,TT,CC,TT,TT,GG,AA,TT,CC,AA,CC,GG,CG,GG,CG,GG,CC,TT,CT,AC,GT,AA,AG,TT,AT,CC,CC,GT,AA,AA,GG,CC,TT,AA,AA,GT,AC,AG,GT,AT,AA,TT,TT,CC,GG,NN,TT,GG,GG,CC,AA,GG,AC,AT,NN,TT,CT,GG,GG,GG,CC,AA,GG,AA,AA,CC,GT,AC,TT,CT,TT,TT,GG,TT,CC,TT,CC,CT,CC,AA,AA,TT,TT,CC,AA,AA,AA,CC,GG,GT,CC,TT,AA,AA,TT,CC,GG,CC,GG,CC,GT,TT,AG,CC,CC,CC,CC,AA,TT,CC,AA,AC,CC,AA,TT,AA,AA,GG,CC,CC,GG,AA,AA,AT,CC,GG,CC,CC,GG,AA,GG,TT,GG,AA,TT,CC,GG,CC,GT,TT,CT,CG,AT,TT,CT,AT,TT,GG,CC,AA,CC,CC,CC,GG,CC,AA,GG,AG,CC,TT,CC,GT,TT,CG,AT,AA,AA,GT,CC,GG,AA,CC,NN,GG,GG,AC,GG,TT,AC,AA,CG,GG,AT,CC,AA,AT,GG,TT,AT,AA,GG,GG,AT,CC,TT,GT,AA,GG,AA,CT,AA,AT,CC,CT,AA,CC,TT,GG,AA,CC,AA,CC,TT,TT,TT,GG,TT,AA,CC,AA,GG,CC,CC,GG,CC,GG,TT,AA,CC,GT,GG,CG,CC,AA,GG,CC,AT,CC,AA,AA,CC,GG,AC,AT,AA,GG,AA,AA,AC,AC,GG,AG,AA,AA,AT,GG,AA,AA,AC,AC,CT,AA,AA,GG,AG,GG,TT,AA,AG,TT,TT,TT,AG,AT,GG,GG,AA,7.85,Resistant,Low,Premium,Medium
L0315,Davangere,Karnataka,Rabi,Black Cotton,Irrigated,430,25.5,58,AC,CT,GG,NN,CG,CC,GG,TT,CC,GG,AA,CC,CG,TT,TT,GG,GG,TT,TT,AG,CG,GT,GT,CC,TT,CC,TT,TT,GT,AA,TT,CC,AA,CC,GG,GG,GG,CC,GG,CC,TT,CT,AA,TT,AA,AG,TT,AT,CC,CC,GG,NN,AA,GG,CC,TT,AA,AC,GT,AA,AA,GT,AT,AG,TT,TT,CC,GG,TT,GG,AA,NN,AC,AA,GG,AA,AT,GG,TT,TT,GG,GT,GG,CC,AT,GG,AA,AA,CG,TT,CC,TT,CC,TT,TT,GG,TT,CC,GT,NN,CC,GG,AA,AA,TT,TT,CG,AG,AA,AA,CT,GG,TT,CC,TT,AA,AA,TT,CC,AG,CC,GG,CC,GT,TT,NN,CT,CC,AC,GG,AA,TT,NN,AA,CC,CT,AA,AT,AA,AA,GG,CT,CC,NN,AG,AA,AA,CC,GG,CC,CC,AA,AG,NN,TT,GG,AA,GT,CC,AG,AC,TT,GT,TT,CC,AT,TT,TT,AA,TT,GG,CC,AA,CT,CC,NN,CG,CC,AA,GG,GG,CC,TT,CC,GG,GT,GG,AA,AA,AG,TT,CC,CG,AA,AC,CG,GG,GG,AC,CG,CT,AA,AA,CC,GG,AA,CC,AA,AA,GG,TT,AT,AT,GG,GG,AA,CC,AT,TT,AA,GG,AG,TT,AA,TT,CC,TT,AA,CC,NN,CG,AG,CC,AG,CC,TT,CT,TT,GG,TT,AC,CC,AG,GG,CC,CC,GG,CC,GG,AT,AA,CC,GT,GG,CC,CC,AA,GG,CC,TT,CC,AT,AA,CC,CG,CC,TT,AA,GG,AA,AA,CC,AA,GG,AG,AG,AA,TT,GG,AA,GG,CC,AC,TT,AA,AA,CG,GG,GG,TT,AT,AA,TT,TT,TT,AG,TT,GG,CG,AA,8.66,Susceptible,Medium,Standard,Medium
L0316,Davangere,Karnataka,Rabi,Black Cotton,Irrigated,430,25.5,58,AA,TT,GG,AA,GG,CC,TT,TT,CC,CG,AT,CC,CG,TT,TT,GG,CG,TT,TT,AA,CC,TT,GG,CC,TT,NN,TT,TT,GG,AC,TT,CT,AA,CC,GG,GG,GG,CC,GG,AC,TT,TT,AA,NN,AA,AG,TT,TT,CC,AA,GT,AT,AA,CG,CC,TT,AT,AA,GG,AA,AG,TT,AT,AA,CT,TT,CC,GG,TT,GG,AA,GT,CC,AG,GG,AC,AA,GG,TT,TT,GG,GT,TT,CC,AA,GG,AA,AA,CC,TT,AC,TT,CC,TT,TT,GG,CT,CC,TT,CC,CC,CG,AG,AA,AT,TT,CC,AA,GG,AA,CC,GG,TT,CC,GT,AA,AA,AT,CG,GG,CC,AG,CC,GT,CT,AA,CT,CC,CC,CG,AA,TT,CC,AA,CC,CC,AA,TT,AA,AA,GG,CC,CC,GG,AA,AG,AA,CC,GT,CC,CG,AA,AA,GG,TT,GG,CC,GT,CT,NN,AA,TT,TT,TT,CC,AA,GT,TT,AA,TT,GG,CC,AG,TT,CC,CC,GG,CC,AA,GG,AG,CC,TT,CC,GT,TT,GG,TT,AA,AG,TT,CC,CG,AA,CC,CC,GG,GG,AC,CC,TT,AA,AA,CG,GG,AT,CC,AA,AA,GT,GT,TT,AT,CG,TT,AT,CC,AT,TT,AA,GG,AA,CT,AA,TT,CC,TT,AA,CC,CT,CC,GG,CG,AG,CC,TT,TT,TT,GG,TT,AA,CC,AA,GG,CC,CC,GG,CC,GG,AT,AA,CC,TT,GG,CG,CG,AA,GG,CC,AT,CC,AA,AA,AC,CG,CC,TT,AA,GG,AA,AA,CC,AC,AG,GG,AG,AA,TT,GG,AA,AG,AA,AC,CT,GG,AG,GG,GG,GG,TT,AT,GG,TT,TT,AT,AG,AA,GG,GG,AA,8.31,Susceptible,High,Poor,Medium
L0317,Davangere,Karnataka,Rabi,Black Cotton,Irrigated,430,25.5,58,AA,CT,GG,AG,GG,CG,GT,AT,CC,CG,AA,CC,CC,TT,TT,GG,CG,TT,TT,AG,CC,NN,TT,CC,TT,CC,TT,TT,GG,AA,TT,CC,NN,CC,GG,GG,GG,CG,GG,CC,GT,CT,AA,GT,AG,GG,TT,TT,CG,AA,GG,AA,AG,GG,CC,TT,AA,AA,GT,AC,AA,TT,TT,AG,TT,AT,CC,GG,CT,GG,AG,GT,CC,AA,GG,AC,AT,AG,TT,TT,GG,GT,GG,CC,AA,GG,AG,AA,CC,TT,CC,TT,CT,TT,TT,AG,TT,CC,GG,CC,CT,GG,GG,AA,TT,TT,CG,AA,AG,AC,CT,GG,TT,CC,TT,AC,AA,TT,CC,AG,CC,AG,CC,GT,CC,AA,CC,CC,CC,CC,AA,TT,CC,AA,CC,CT,AA,TT,AA,AA,CG,CT,CC,GG,AA,AA,AA,AC,GG,CC,CC,AG,AA,GG,TT,GG,AC,GT,CC,AG,CC,TT,TT,TT,NN,AT,TT,CT,TT,TT,GG,CC,AG,CC,CC,CC,GG,CC,AA,GG,AG,CC,TT,CC,GG,TT,CG,AT,AG,AA,TT,CC,GG,AA,CC,CC,GG,GG,AA,GG,TT,AC,AA,NN,GG,AA,CC,AA,AA,GG,TT,AT,AA,CG,GG,AA,CC,AT,GT,AA,GG,AA,TT,AA,TT,CC,CT,AC,CC,CT,GG,AA,CC,AG,AC,TT,TT,TT,GG,NN,AC,CC,AG,GG,CC,CC,GG,CC,GG,TT,AA,CC,GT,GG,CC,CG,AA,NN,CC,NN,CC,AT,AA,AC,CC,AA,TT,AA,GG,AA,AA,AC,AC,AG,AG,AA,AA,TT,GG,CC,AG,AC,AA,TT,AG,AA,GG,GG,GG,TT,AT,AG,TT,TT,TT,AG,AA,GG,GG,AC,6.95,Resistant,Low,Premium,Late
L0318,Davangere,Karnataka,Rabi,Black Cotton,Irrigated,430,25.5,58,NN,CT,AG,AA,GG,CC,GT,AT,CC,CG,AT,TT,CG,AT,TT,GT,GG,TT,TT,AG,CC,GT,GG,CT,TT,CC,TT,TT,GT,AA,TT,NN,AA,CC,GG,GG,GG,CC,NN,CC,TT,CT,AA,TT,AA,AG,CT,TT,CC,AC,GG,NN,AA,GG,CC,TT,AA,AC,GT,AA,AA,TT,AT,AA,TT,TT,CC,GG,TT,GT,AA,GT,CC,AA,GG,AA,TT,GG,TT,TT,GG,GG,GG,CC,AA,AG,AA,AT,CC,GT,AC,TT,CT,TT,TT,AG,TT,CC,TT,CC,CC,GG,AG,AA,TT,TT,CC,AA,GG,AA,CT,GG,TT,CC,TT,AC,AC,TT,CC,GG,CC,GG,CC,GT,CT,NN,CC,CC,CC,CC,AA,TT,CC,AA,CC,CT,AA,TT,AA,NN,CG,CT,CC,GG,AA,AA,AA,CC,GG,CC,CC,AA,AA,GG,GT,GG,AA,TT,CT,GG,AC,GT,NN,CT,CC,AT,TT,TT,AA,AT,GG,CG,AG,CT,CC,CC,GG,CC,AA,GG,AG,CC,TT,CC,GT,TT,CC,TT,AA,AA,TT,CC,GG,AA,AC,CG,GG,GG,AC,CG,TT,AA,AG,CG,GT,AA,CC,AA,AA,GT,TT,AT,AA,GG,GT,AT,GG,AT,TT,AA,GG,AA,CT,AA,TT,CC,TT,AA,AC,CT,GG,AA,CG,AG,CC,AT,CT,TT,GG,TT,AA,AA,AG,GG,NN,CC,GG,CC,GG,TT,AA,CC,TT,GG,CG,CG,AA,AG,CG,AT,CC,AA,AA,AC,CG,CC,TT,AA,GG,AA,AA,AA,AA,GG,AA,AG,AA,TT,GG,AA,AA,AA,AA,CT,AA,AA,GG,GG,CG,TT,AT,AA,TT,TT,TT,AA,TT,GG,GG,AA,5.98,Moderate,Low,Poor,Early
L0319,Davangere,Karnataka,Rabi,Black Cotton,Irrigated,430,25.5,58,AC,TT,GG,AG,GG,CC,GG,TT,CC,CC,AA,CC,GG,AT,TT,GG,GG,TT,TT,AA,CC,GT,TT,CC,AT,CC,TT,AT,GG,AA,TT,CC,AA,CC,GG,CG,GG,CC,GG,CC,TT,CC,AA,GT,AA,GG,TT,TT,CC,AC,GT,AA,AG,GG,CT,TT,AA,AA,GG,AC,AA,TT,AT,AA,TT,TT,CC,GG,TT,GG,AA,GG,CC,AA,GG,CC,AT,GG,GT,TT,GG,GG,GG,CC,AA,GG,AA,AA,CC,GT,CC,TT,CT,TT,GT,GG,TT,CC,TT,CC,CC,CG,GG,AA,TT,TT,CG,AA,AA,AA,CT,GG,TT,CG,GT,AC,AA,TT,CG,GG,CC,GG,CT,GG,CT,AA,CC,CC,CC,CC,AA,GT,CC,AA,AC,CC,AA,TT,AA,AA,CG,CC,CC,GG,AA,AA,AA,CC,GG,CC,CC,AG,AA,GG,TT,GG,AA,TT,TT,GG,CC,TT,GT,CT,CC,AT,TT,TT,AA,TT,GG,CC,AA,CC,CC,CC,CG,CC,AA,GG,AG,CC,TT,CC,GT,TT,CG,AT,AA,AG,TT,AC,CG,AA,AC,CC,GG,GG,AC,GG,TT,AC,AA,CC,GG,AA,AC,AT,AT,GG,TT,TT,AA,GG,GT,AA,CC,TT,TT,AA,GG,AA,CT,AA,TT,CC,TT,AA,AC,TT,CC,GG,CC,AA,CC,TT,TT,GT,GG,TT,AA,AC,AG,GG,CC,CG,GG,CC,GG,AT,AA,CC,TT,GG,CG,CC,AT,GG,CC,AA,CC,AA,AA,AC,GG,AC,TT,AA,GG,AA,AA,AA,AA,GG,GG,AG,AG,AT,GG,AC,AG,CC,AA,CC,AA,AG,NN,GG,GG,GT,AA,AA,TT,TT,TT,AA,TT,GG,GG,AA,7.07,Moderate,Low,Premium,Early
L0320,Davangere,Karnataka,Rabi,Black Cotton,Irrigated,430,25.5,58,AA,TT,GG,AA,GG,NN,GG,AA,NN,GG,AA,CC,CG,TT,TT,GT,GG,TT,TT,AG,CC,TT,GT,CC,NN,CC,GT,TT,GG,AA,NN,CC,AA,CC,GG,GG,GG,CC,GG,CC,GT,CT,AA,TT,AA,AG,TT,AT,CC,CC,GT,AT,AA,GG,CC,GT,AA,AA,GT,AC,AA,TT,AA,GG,CT,NN,CC,GG,TT,GG,AG,GG,CC,AA,GG,AC,AT,GG,TT,TT,GG,GG,GT,CC,AA,NN,AA,AT,CC,GG,CC,TT,CT,TT,GT,GG,TT,CC,TT,CT,TT,CC,GG,AA,TT,TT,CC,AA,GG,AA,CC,GG,TT,CC,GT,AA,AC,TT,CC,AG,CC,GG,CC,GG,CT,AA,CC,CC,CC,CC,AA,TT,AA,AA,CC,CC,AA,TT,AA,AA,GG,CT,CC,GG,AA,GG,AA,CC,GG,CC,CC,AA,AG,AG,GT,GG,CC,GT,CT,AG,AC,GG,TT,TT,CC,AT,GT,TT,AA,AT,CG,CC,AA,CC,CC,CC,CG,CC,AT,GG,AA,CC,TT,CC,GT,TT,GG,AT,AA,AA,GT,CC,CG,AA,CC,CC,GG,GG,AC,CC,TT,AC,AA,CC,GG,AA,AC,AA,AT,GG,GT,AT,AA,GG,GG,AA,CC,AT,TT,AA,GG,AG,TT,AA,TT,CG,TT,AC,CC,TT,GG,AG,CC,AA,NN,TT,CT,GT,GG,TT,CC,CC,AG,GG,CC,CC,GG,CG,GG,TT,AA,CC,TT,AG,CC,CC,AT,AG,CC,AA,CC,AA,AA,CC,CG,AC,TT,AA,GG,AA,AA,AA,AA,AG,AG,AG,AA,TT,GG,AA,AG,AA,AA,TT,AA,AA,GG,AG,GG,GT,AA,GG,TT,TT,TT,AG,TT,GG,CG,AA,6.83,Moderate,Low,Poor,Early
L0321,Davangere,Karnataka,Rabi,Black Cotton,Irrigated,430,25.5,58,AC,TT,GG,AA,GG,CG,GG,AT,CC,CG,AA,CC,CC,AT,TT,GG,CG,TT,TT,NN,CC,TT,GG,CC,TT,CC,GT,TT,GG,AA,TT,CT,AA,CC,GG,CG,GG,CC,GG,CC,TT,TT,AC,GT,AG,GG,CT,TT,CG,CC,GT,AA,AG,GG,CC,NN,AT,AC,NN,AA,AA,GT,TT,AA,CT,TT,CC,GG,TT,GT,AA,GG,CC,AA,GG,AC,AT,GG,TT,TT,GG,GG,GG,CC,AA,GG,AA,AA,CC,GT,CC,TT,CT,NN,TT,GG,TT,CC,TT,CC,CC,GG,AA,AA,AT,TT,CC,AA,AG,AA,CC,GG,TT,CC,TT,AA,AA,TT,CC,AG,CG,GG,CC,GG,TT,AG,CC,CC,CC,CC,AA,TT,CC,AA,CC,CC,AA,TT,AG,AT,GG,CT,CC,GG,AA,AA,AA,AC,GG,CC,CC,NN,AA,AG,TT,GG,AC,TT,TT,GG,CC,GG,NN,TT,CG,AT,TT,CT,AT,AT,CG,CG,GG,CC,CC,CC,GG,CC,AA,GG,AG,CC,TT,CC,GT,TT,GG,TT,AA,AA,TT,CC,GG,AA,AC,CC,GG,GG,AC,GG,TT,AC,AA,CC,GG,AT,CC,AA,AA,GT,TT,AA,AA,NN,GT,AA,CC,TT,GT,AA,GG,AA,TT,AA,TT,CC,CT,AC,CC,TT,CG,AG,CC,GG,CC,TT,CT,TT,GG,TT,AA,CC,AA,GG,CC,CC,GG,CC,GG,TT,GG,CC,GT,GG,CG,CC,AA,AG,CC,AT,CC,AA,AA,AC,CC,AC,TT,AG,GG,AA,CC,AA,AA,AG,AA,AA,AA,TT,GG,AA,AG,AC,AA,CT,AA,AA,GG,AG,GG,TT,AA,AA,TT,TT,TT,AG,TT,GG,GG,AA,6.08,Susceptible,Medium,Premium,Medium
L0322,Davangere,Karnataka,Rabi,Black Cotton,Irrigated,430,25.5,58,AA,CT,GG,AG,GG,CC,GT,TT,CC,CG,TT,CT,CC,TT,TT,GT,CG,TT,TT,AA,CC,TT,GT,CC,TT,CT,TT,TT,GG,AA,TT,CT,AG,CC,GG,GG,GG,CC,GG,CC,TT,TT,AA,TT,AA,GG,TT,AT,CC,AC,GG,AA,AA,GG,CT,TT,AA,AA,GT,AA,AA,TT,AT,AA,CT,TT,CC,GG,TT,GG,AG,GG,CC,AA,GG,AC,AA,GG,TT,TT,GG,TT,GG,CC,AA,GG,AA,AA,CC,GT,CC,TT,CC,TT,GT,GG,CC,CC,TT,CC,CC,CG,GG,AA,AT,TT,CC,AA,AA,AA,CC,GG,TT,CG,NN,AA,AA,TT,CC,GG,CC,GG,CC,GG,TT,AA,CC,CC,CC,CC,AA,TT,CC,AA,CC,CC,AA,TT,AA,AA,CG,CT,CC,GG,AG,AG,AA,CC,GG,CC,CC,AA,AA,GG,TT,NN,AC,TT,CT,AG,CC,TT,GT,TT,CC,AT,TT,TT,AA,AT,GG,CC,AG,CC,CC,CC,GG,CC,AA,GG,AG,CC,TT,CC,GT,GT,CC,AT,AA,AG,TT,NN,GG,AA,AC,CC,GG,AG,AC,GG,TT,AC,AA,CC,GT,AA,CC,AA,AA,GG,GT,TT,AA,CG,GT,AA,CC,AT,TT,AA,GG,AG,TT,AC,TT,CC,TT,AC,CC,CT,CC,AA,CC,AG,CC,TT,TT,GT,GG,TT,AA,AC,GG,GG,CC,CC,GG,CC,GG,AT,AA,CG,TT,GG,CC,CG,AA,AG,CC,AA,CG,AT,AA,CC,CC,CC,NN,AA,GG,NN,AA,AC,AA,GG,AG,AG,AG,TT,GG,AA,AG,NN,AA,TT,AA,AG,GG,GG,GG,TT,AA,AA,TT,TT,TT,AA,TT,GG,GG,AA,7.9,Moderate,Medium,Premium,Early
L0323,Davangere,Karnataka,Rabi,Black Cotton,Irrigated,430,25.5,58,AA,TT,GG,AG,GG,CC,GT,TT,CC,CG,AT,CC,CC,AT,TT,GG,GG,TT,TT,AG,CC,TT,TT,CC,TT,CC,TT,AT,GG,AA,TT,CC,AA,CC,GG,CG,GG,CC,GG,CC,TT,CT,AA,GT,AA,AG,TT,TT,CC,CC,NN,AA,AA,GG,NN,TT,AA,AA,GT,AA,AG,GT,AT,GG,CT,TT,CC,GG,TT,GG,AA,GG,CC,AA,GG,AA,AA,GG,TT,TT,GG,GG,GG,CC,AT,GG,AA,AT,CC,TT,AC,TT,CC,TT,GG,GG,TT,CC,GT,CC,CT,CC,GG,AA,TT,TT,CC,AA,AG,AA,CC,GG,TT,CG,TT,AA,AA,TT,CG,AG,CC,GG,CC,GG,CT,AA,CC,CC,CC,CC,AG,TT,CC,AA,CC,CC,AA,AA,AA,AA,GG,CC,CC,GG,AG,AA,AT,AC,TT,CC,CC,AA,NN,GG,TT,GG,AA,GT,TT,GG,CC,GT,GT,TT,CC,AA,TT,TT,AA,AT,GG,CC,AA,CC,CC,AC,GG,CC,AA,GG,AA,CC,TT,CG,GG,GT,CG,AT,AA,AG,TT,CC,GG,AA,CC,CG,GG,GG,AC,GG,TT,AC,AG,CC,GG,AA,CC,AA,AT,GG,TT,AT,TT,CG,TT,AT,CC,TT,GT,AA,GG,AA,TT,AA,TT,CC,TT,AA,NN,TT,CG,AG,CG,GG,CC,TT,NN,GT,GG,TT,AA,CC,AG,GG,CC,CC,CG,CC,GG,TT,AA,NN,TT,GG,CC,CC,AA,AG,CC,AT,CC,AA,AA,CC,CC,AA,TT,AA,CG,AA,AA,AC,AA,AG,AG,AA,AA,TT,GG,AC,AG,AC,CC,CT,AA,AA,CG,GG,GG,TT,AA,AA,GT,TT,TT,AG,AT,GG,GG,AA,8.52,Moderate,Low,Premium,Early
L0324,Davangere,Karnataka,Rabi,Black Cotton,Irrigated,430,25.5,58,AC,TT,GG,AG,GG,CC,GG,AT,CC,CC,AA,CC,CC,TT,TT,GG,CG,TT,TT,AA,CC,GT,TT,CC,TT,CC,TT,TT,GG,AA,CT,CC,AA,CC,GG,GG,GG,CC,GG,CC,TT,CT,AA,TT,GG,GG,CT,TT,CG,AA,GG,AA,AA,GG,CT,TT,AA,AC,GT,NN,AG,GT,AT,AA,CT,TT,CC,GG,TT,TT,AG,GT,CC,AA,GG,AA,AA,GG,TT,TT,GG,GT,GG,CC,NN,AG,AA,AA,CC,GT,CC,TT,CC,TT,TT,GG,TT,AC,GT,CC,CC,CC,GG,AA,TT,TT,CC,AA,AA,AA,CC,GG,TT,GG,TT,AC,AC,TT,CC,GG,CC,GG,CC,GT,CT,AA,CC,CC,CC,CC,AA,TT,CC,AA,CC,CC,AA,TT,AG,AA,GG,CC,CC,GG,AA,AG,AA,CC,GG,CC,CC,AA,AG,GG,TT,AG,CC,TT,CT,GG,AC,GT,TT,TT,CG,AT,GT,CC,AA,TT,GG,CC,AA,CT,CC,CC,CG,AC,AA,GG,GG,CC,TT,CG,GG,GT,GG,AT,AA,AA,TT,CC,GG,AA,CC,CG,CG,GG,AA,GG,TT,AC,AA,CC,GG,AA,AC,AA,AA,GT,NN,TT,AA,GG,GT,AT,CC,TT,GG,AA,GG,AA,NN,NN,TT,CG,NN,AA,CC,NN,GG,AG,CC,AA,CC,TT,TT,TT,GG,TT,AA,AC,AA,GG,CC,CG,GG,CG,GG,AT,AA,CC,TT,GG,CC,CG,AA,AG,CC,AA,CC,AA,AA,CC,CG,CC,TT,AA,CG,AA,AA,AA,AA,GG,AA,AA,AA,TT,GG,CC,AG,CC,AA,CC,AA,AA,GG,GG,GG,TT,AA,AA,TT,TT,TT,AA,TT,GG,CG,AA,7.84,Susceptible,Low,Poor,Late
L0325,Davangere,Karnataka,Rabi,Black Cotton,Irrigated,430,25.5,58,AA,TT,AG,AG,CG,CC,GT,AT,CC,CG,AA,CC,CG,TT,GG,GG,GG,TT,TT,AA,CC,TT,TT,NN,TT,CC,TT,TT,GG,AA,CC,CC,AA,CC,GG,GG,GG,CG,NN,CC,TT,TT,AC,TT,AA,NN,TT,AT,CC,NN,GG,AT,AA,GG,CC,GG,AA,AA,GT,CC,AA,TT,AA,AA,CT,TT,CC,GG,TT,GT,AA,GG,AC,AA,NN,AC,AT,GG,TT,TT,GG,GG,GG,CC,AA,GG,AA,AT,CC,GT,CC,TT,TT,TT,GT,GG,TT,CC,TT,CC,CC,CC,GG,AA,TT,TT,CC,NN,AG,AA,CC,GG,TT,CC,TT,AA,NN,TT,CC,AG,CC,GG,CC,GG,CT,AA,CC,CC,CC,CC,AA,TT,CC,AA,CC,CC,AG,AT,AA,AA,GG,CC,CC,GG,AA,GG,AA,CC,GT,CC,CG,AA,AA,GG,TT,GG,AA,TT,TT,GG,AC,TT,GT,CT,CG,TT,TT,CT,AA,AT,GG,CG,AG,CT,CC,CC,GG,CC,AA,GG,AG,CC,TT,CC,GG,GT,GG,AA,AG,AA,TT,CC,CG,AA,CC,CC,GG,GG,AA,CG,TT,AA,AA,CC,GG,AT,CC,AA,AT,GT,TT,AT,AA,CG,GG,AA,CC,AT,GT,AA,GG,AA,TT,AA,TT,GG,TT,AA,CC,TT,CG,AG,CG,GG,CC,TT,TT,TT,GG,TT,AA,AC,AG,NN,CG,GG,GG,CC,GG,TT,AA,CC,TT,GG,CC,CC,AA,GG,CC,NN,CC,AA,GG,CC,CC,AC,TT,AA,GG,AA,AC,AA,AA,GG,NN,AA,AA,AT,GG,AA,GG,AA,AA,TT,AA,AA,GG,GG,GG,GT,AA,AG,TT,TT,TT,AA,AT,GG,GG,AA,7.03,Moderate,Low,Poor,Early
L0326,Davangere,Karnataka,Rabi,Black Cotton,Irrigated,430,25.5,58,AC,TT,GG,GG,CG,CG,GG,TT,CC,CG,AA,CT,CG,AT,TT,GG,CG,TT,TT,AA,CC,GT,GG,CT,TT,CC,GT,TT,GG,AA,TT,CC,AA,CC,GG,GG,GG,CG,GG,CC,TT,TT,AA,GG,AG,AG,TT,TT,CC,AC,GG,AA,AG,GG,CT,GT,AA,AC,GT,NN,AG,TT,TT,AA,TT,AT,CC,GG,TT,GG,AA,GG,CC,AA,GG,AC,AA,GG,TT,TT,GG,GT,GG,CC,AA,GG,AA,AA,CC,TT,CC,TT,CT,TT,GT,GG,TT,CC,TT,CC,CC,CG,GG,AA,TT,GT,CC,AA,AA,AC,CC,GG,TT,CC,TT,AA,AA,TT,CC,AG,CC,GG,CT,GT,TT,AA,CC,CC,CC,CC,AA,GT,AC,AC,CC,CC,AA,TT,AA,AT,GG,CC,CC,GG,AA,AA,AA,CC,GG,CC,CC,AA,AA,GG,TT,GG,AC,TT,TT,GG,AC,TT,GT,TT,CC,AA,TT,CT,AA,TT,GG,CC,AA,CC,CC,CC,CG,CC,AA,GG,AG,CC,TT,CC,GT,TT,CG,AT,AG,AA,TT,CC,GG,AA,AC,CC,GG,GG,AA,GG,TT,AC,AA,CC,GG,AA,CC,AT,AT,GG,TT,AT,AT,GG,GG,AT,CG,AT,TT,AA,GG,AA,CT,AA,TT,CC,TT,AC,CC,TT,GG,AA,CC,AG,CC,TT,CT,GT,GG,AT,AA,AC,AG,NN,CC,CG,GG,CC,GG,AT,AA,CC,TT,GG,CC,CC,AT,GG,CC,AA,CC,AA,AA,AC,CG,NN,NN,AA,CG,AA,AA,AC,AA,AG,AA,AG,AA,TT,GG,AC,AA,AC,AA,CC,NN,AA,NN,GG,GG,TT,AA,AA,GG,TT,TT,AA,NN,GG,GG,AA,7.16,Susceptible,Medium,Standard,Late
L0327,Davangere,Karnataka,Rabi,Black Cotton,Irrigated,430,25.5,58,AA,TT,GG,AG,CG,CG,GG,AA,CC,GG,AA,CC,CC,AT,TT,GG,CG,TT,TT,GG,CC,TT,TT,CC,TT,CT,TT,AT,GG,AA,TT,NN,AA,CC,GG,GG,GG,CC,GG,CC,TT,CT,AA,GT,AA,AG,TT,AT,CC,AA,GT,AA,AA,GG,CC,TT,AA,AA,GT,AA,AA,TT,AT,AG,TT,TT,CC,GG,TT,GG,AA,GG,AC,AA,GG,AA,AT,GG,GT,TT,AG,GT,GG,NN,TT,GG,AA,AA,CG,GG,AC,TT,CT,TT,GT,AG,TT,CC,TT,CT,CC,GG,AG,AA,AT,TT,CC,AA,AA,AA,CT,GT,TT,CG,TT,AA,AA,TT,CC,AG,CC,AG,CC,GT,CT,AG,CC,CC,CC,CC,AA,TT,CC,AA,CC,CC,AA,TT,AG,AA,GG,CC,CC,GG,AA,AG,AT,CC,GG,CC,CC,AA,AG,GG,TT,AG,AA,TT,TT,GG,AC,NN,TT,TT,CG,AA,TT,TT,AT,TT,GG,CC,AG,NN,CC,CC,CG,CC,AA,GG,AG,CC,TT,CC,GG,TT,GG,AT,AA,AA,TT,CC,GG,AA,CC,CC,GG,GG,AA,GG,TT,AC,AA,CG,GG,AA,AC,NN,AT,GG,TT,TT,AA,GG,GG,AT,CG,TT,TT,AA,GG,AA,TT,AA,TT,CC,CC,AA,CC,TT,GG,AA,CC,AG,CC,TT,CT,TT,GG,TT,CC,CC,AA,GG,CC,CG,GG,CC,GG,TT,AA,CG,GT,GG,CC,CC,AT,AG,CG,AT,CC,AT,AA,CC,CG,AA,TT,AA,GG,AA,AA,CC,AC,GG,AG,AA,AA,TT,GG,AC,AG,CC,NN,CT,AA,AA,GG,AG,GG,TT,AA,AA,GT,TT,TT,AG,AT,GG,CG,AA,5.71,Moderate,Low,Poor,Late
L0328,Davangere,Karnataka,Rabi,Black Cotton,Irrigated,430,25.5,58,AA,TT,GG,GG,GG,CC,GT,AT,CC,GG,AA,CC,CG,AT,GT,GG,GG,TT,TT,AA,CG,GT,GT,CT,TT,CC,TT,TT,GG,AA,CT,CC,AA,CC,GG,GG,GG,CG,GG,CC,TT,CT,AA,TT,AA,AG,TT,AT,CC,CC,GG,AT,AA,GG,CC,GT,AA,AC,TT,AA,AA,TT,TT,GG,TT,TT,CC,GG,TT,GG,AA,GG,CC,AA,GG,AC,AT,GG,TT,TT,GG,GG,GT,CC,AA,GG,AA,AT,CG,GT,CC,TT,CC,NN,TT,GG,CT,CC,GT,CC,CC,CC,AG,AA,TT,TT,CC,AA,GG,AA,TT,GG,TT,CC,GT,AA,AA,TT,CC,AG,CC,AG,CC,GG,CT,AA,CT,CC,CC,CG,AA,TT,AC,AA,CC,CT,AA,TT,AG,AA,CG,CT,CC,GG,AA,AA,AT,CC,GG,CC,CC,AA,AG,AG,TT,GG,AA,TT,TT,GG,CC,TT,TT,CT,CC,AT,GT,TT,AA,TT,GG,CC,AG,TT,CC,CC,GG,AC,AA,GG,AA,CC,TT,CG,GT,GT,GG,AA,AA,AA,TT,AC,GG,AA,AC,CC,GG,GG,AA,GG,TT,NN,AA,CC,GG,AT,CC,AA,AA,GG,TT,TT,AT,GG,TT,AT,CG,TT,TT,AA,GG,AA,CT,AA,TT,CC,TT,AA,CC,TT,GG,AG,CC,GG,CC,TT,TT,TT,GG,TT,AA,CC,AG,GG,CC,CG,GG,CC,GG,AA,AA,CC,TT,GG,CC,CC,AA,GG,CC,AA,CG,AA,AA,CC,CC,CC,TT,AA,GG,AA,NN,AC,AA,AA,AG,AA,AA,TT,GG,AC,AA,AC,AC,TT,AA,AA,GG,GG,GG,TT,AA,AA,GT,TT,TT,GG,AT,GG,GG,AA,7.99,Susceptible,Medium,Standard,Early
L0329,Davangere,Karnataka,Rabi,Black Cotton,Irrigated,430,25.5,58,NN,TT,AG,AG,CG,CC,GG,NN,CG,CG,AA,CC,CC,AT,TT,GT,CG,TT,TT,AA,CG,GT,TT,CC,TT,CC,TT,TT,GT,AA,TT,CC,AA,CC,GG,GG,NN,GG,GG,CC,TT,CT,AA,TT,AA,AG,TT,TT,CC,AC,GG,AA,AA,GG,CC,TT,AA,AC,GG,AC,AG,TT,AT,AG,CT,TT,CC,GG,TT,GG,AA,GG,CC,AA,GG,AC,AA,GG,TT,TT,GG,GG,GT,CC,AA,GG,AA,AA,CC,TT,CC,TT,CT,TT,TT,GG,TT,CC,GT,CC,CC,CG,GG,AA,TT,TT,CC,AA,AG,AC,CT,GG,TT,CG,TT,AA,AA,TT,CC,GG,CC,GG,CC,GG,TT,GG,CC,NN,CC,CC,AA,TT,CC,AA,CC,CC,AA,AT,AA,AT,GG,CC,CC,GG,AA,AG,AA,CC,GT,CC,CC,AG,AA,GG,TT,GG,AA,TT,CC,GG,AC,TT,GT,TT,CC,AA,TT,TT,AT,TT,GG,CC,AA,CT,CC,CC,CG,CC,AA,GG,AA,CC,TT,CC,GG,TT,GG,TT,AA,AA,TT,CC,CG,AA,CC,CC,GG,AG,AA,GG,NN,AA,AA,CC,GG,AA,AC,AA,AT,GG,GT,TT,AT,GG,TT,AA,CG,TT,TT,AA,GG,AG,TT,AA,TT,CC,TT,AA,CC,NN,GG,AA,CG,AG,NN,TT,TT,TT,GG,TT,AC,CC,AA,GT,CC,CC,GG,CC,GG,TT,AA,CG,GT,GG,CC,CC,AA,GG,CG,AT,CC,AA,AA,AA,CG,AC,TT,AA,GG,AA,AC,AC,AA,AG,GG,AA,AA,TT,GG,AC,AG,AC,CC,CT,AA,AA,GG,GG,GG,TT,AA,AG,GT,TT,TT,AA,AA,GG,GG,AA,7.26,Moderate,Medium,Poor,Early
L0330,Davangere,Karnataka,Rabi,Black Cotton,Irrigated,430,25.5,58,AC,TT,AG,AG,GG,CC,GG,AT,CC,CC,AA,CC,CG,AT,GT,GG,CG,TT,TT,AA,CC,TT,TT,CC,TT,CC,TT,TT,GG,AA,TT,CT,AA,CC,GG,GG,GG,CG,GG,CC,TT,TT,AC,GG,AG,AG,TT,TT,CC,AC,NN,AA,AA,GG,CC,GT,AA,AA,GT,NN,AA,TT,TT,GG,TT,AT,CC,GG,TT,GG,GG,GG,CC,AA,GG,AA,AT,GG,TT,TT,GG,GG,GG,CC,AA,GG,AA,AT,CC,TT,CC,TT,CC,TT,TT,AG,TT,CC,NN,CC,CC,CG,AG,AA,AT,TT,CG,AA,AA,AA,CC,GG,TT,CC,TT,AC,AA,TT,CG,AG,CC,GG,CC,GT,CC,AA,CC,CC,CC,CC,AA,TT,AC,AA,CC,CT,AA,TT,AA,AA,GG,CT,CG,NN,AA,AG,AA,CC,GG,CC,CC,AA,AA,AG,TT,AG,AC,TT,CT,GG,AC,GT,TT,TT,CC,AA,GT,TT,AA,AT,GG,CC,AG,CT,AC,CC,CG,CC,AA,GG,AG,CC,TT,CC,GG,TT,GG,TT,AA,AA,TT,AC,CG,AA,CC,CC,GG,GG,AC,GG,TT,CC,AG,CC,GG,AA,AA,AA,AT,GG,TT,AT,AA,GG,GG,AA,CC,NN,TT,AA,GG,AA,CT,AA,TT,CC,TT,AC,AC,TT,GG,AG,CC,AG,CC,TT,CT,GT,GG,TT,AA,AC,AA,GG,CG,CC,GG,CC,GG,AT,AA,CC,TT,GG,CC,CC,AA,AG,CC,AA,CC,AA,AA,AC,CC,CC,AT,AA,GG,AT,AA,AA,AA,GG,AA,AG,AA,TT,GG,AC,AA,NN,AC,CT,AA,AA,GG,GG,CG,GT,AA,AA,TT,TT,TT,AG,TT,GG,GG,AA,7.49,Susceptible,Low,Poor,Late
L0331,Davangere,Karnataka,Rabi,Black Cotton,Irrigated,430,25.5,58,AA,TT,AG,AG,CG,CC,GG,TT,CC,CG,AA,CC,CC,AT,GG,GG,CG,TT,TT,AA,CC,TT,TT,CC,TT,CC,TT,NN,NN,NN,TT,CC,AA,CC,GG,CG,NN,CG,GG,CC,TT,CC,AA,TT,AG,GG,CT,TT,CC,CC,GT,AA,AA,GG,CC,TT,AA,AA,NN,AA,AA,GT,TT,AA,TT,TT,CC,GG,TT,GG,AA,GG,CC,AA,AA,AC,AT,GG,TT,TT,GG,GG,GG,CC,AT,GG,AA,AA,CC,GG,AC,TT,CT,TT,TT,GG,CT,CC,TT,CC,CT,CC,AG,AA,TT,TT,CG,AA,AG,AC,CC,GG,GT,CC,TT,AC,AC,NN,CC,GG,CC,GG,CC,GT,CT,AG,CC,CC,CC,CC,AA,TT,CC,AA,AC,CC,AA,TT,AG,AA,GG,CC,CC,GG,AA,AG,AA,NN,GT,CC,CC,AG,AA,AG,TT,GG,AA,TT,TT,GG,CC,GG,GT,CT,CG,AA,TT,TT,AA,TT,GG,CC,AG,CC,CC,CC,CG,CC,AA,GG,AA,CC,TT,CC,GT,GT,GG,AT,AA,AA,TT,AC,GG,AA,CC,CC,GG,GG,AA,GG,TT,AC,AG,CC,GT,AA,CC,AT,TT,GT,TT,TT,AA,GG,GG,AT,CC,AT,TT,AA,GG,AA,TT,AA,TT,CC,TT,AA,CC,TT,GG,AA,CC,GG,AC,TT,CT,TT,GG,TT,AA,AC,AG,GG,CC,CC,GG,CC,GG,AA,AA,CC,GT,GG,CG,CG,AA,GG,CG,AA,CC,AT,AA,AA,CC,AA,TT,AA,GG,AA,AA,AA,AC,GG,AA,AA,AA,TT,GG,AA,AA,AC,AA,TT,AA,AG,GG,GG,CG,TT,TT,AA,TT,TT,TT,NN,AA,GG,NN,AC,8.74,Resistant,Low,Premium,Late
L0332,Davangere,Karnataka,Rabi,Black Cotton,Irrigated,430,25.5,58,AC,TT,GG,AG,GG,CC,GG,AT,CC,CC,AT,CC,CC,TT,GT,GT,CG,NN,TT,AG,CC,TT,TT,CT,TT,CC,TT,AT,GG,AA,TT,CT,AA,CC,GG,CG,GG,CC,GG,CC,TT,CT,AA,TT,AA,GG,TT,TT,CC,CC,TT,AT,AA,GG,CC,TT,AA,AA,GT,AA,AA,TT,AT,AG,TT,TT,CC,GT,CT,GG,AA,GG,CC,AG,GG,AA,AT,GG,GT,TT,GG,GG,GG,CC,AA,GG,AA,AA,CC,TT,AC,TT,CT,TT,GT,GG,CT,CC,GT,CC,TT,CG,NN,AA,TT,TT,CC,AA,AA,AA,CT,GG,TT,CC,TT,AA,AA,TT,CC,AG,CG,NN,TT,GT,TT,AG,TT,CC,AC,CC,AG,TT,CC,AA,CC,CC,AG,TT,AA,AT,CG,CC,CC,GG,AA,GG,AT,CC,GG,CG,CC,AA,AA,AG,TT,GG,NN,TT,CT,GG,CC,GT,TT,TT,CC,AA,TT,NN,AA,TT,GG,CC,AG,CT,CC,CC,GG,CC,AA,GG,AA,CC,TT,CC,GG,TT,CG,AT,AG,AA,TT,AC,GG,AC,CC,CC,GG,GG,AC,NN,TT,CC,AA,CG,GG,AT,AC,AT,AT,GG,GT,AT,AA,GG,GT,AA,CG,AT,GT,AA,GG,AA,CT,AA,TT,CC,TT,AA,CC,CT,CG,AA,CC,AA,AC,TT,TT,TT,GG,TT,AC,CC,AA,GG,CC,CC,GG,CG,GG,AT,AA,CG,GT,GG,CC,CG,AA,GG,CG,AT,CC,AA,AA,AC,CC,AC,AT,AA,GG,AA,AA,AA,AA,GG,AA,AG,AA,TT,GG,AC,AG,CC,AA,CT,AA,AA,GG,GG,CG,TT,AA,AG,TT,TT,TT,GG,AA,GG,GG,AA,7.13,Susceptible,High,Premium,Late
L0333,Davangere,Karnataka,Rabi,Black Cotton,Irrigated,430,25.5,58,AA,CT,GG,AA,GG,CC,GT,AT,CC,CG,AA,CC,CG,TT,GG,GG,GG,TT,TT,AA,CC,GT,GT,CT,TT,CC,TT,TT,GG,NN,TT,CT,AA,AC,GG,CG,GG,CC,GG,CC,TT,CT,AC,TT,AG,GG,TT,AT,CG,AA,NN,AA,AA,CG,CT,TT,AA,CC,GG,AA,AA,TT,TT,AG,TT,AA,CC,GT,TT,GT,AA,GG,CC,AG,AG,AA,AA,GG,TT,TT,GG,GT,GG,CC,AA,GG,AA,AA,CC,GT,AC,NN,CT,TT,TT,GG,TT,CC,GG,CC,CC,CG,AG,AA,TT,TT,CG,AA,GG,AA,CC,GG,TT,CG,TT,AA,AA,TT,CG,GG,CC,GG,CC,GT,CC,AA,CC,CC,AC,CC,AA,TT,AC,AA,CC,CC,AG,TT,AA,AA,GG,CC,CC,GG,AA,GG,AA,CC,GG,CC,CC,AG,AA,GG,TT,AG,AC,GT,TT,AG,AC,GT,TT,CC,CG,AA,TT,TT,AA,TT,GG,CC,AG,CT,CC,CC,CG,CC,AA,GG,GG,CC,TT,CG,GG,TT,CG,AT,NN,AA,GT,CC,GG,AA,CC,CC,GG,GG,AA,GG,TT,AC,AA,CG,GT,AA,CC,NN,TT,GG,TT,TT,AA,GG,GT,AA,CG,TT,GT,AA,GG,AA,TT,AC,TT,CC,CC,AA,CC,TT,CG,AG,CC,AG,AC,AT,TT,GT,NN,TT,AA,CC,AA,GG,CC,CG,GG,CG,GG,AT,AA,CC,TT,GG,CC,CC,AT,GG,CC,AT,CC,AT,AA,AA,CC,AA,TT,AA,NN,AA,AC,CC,AC,AA,AG,AG,AA,TT,GG,AA,AG,AC,AC,TT,AA,AA,GG,GG,GG,GT,AT,AG,GT,TT,TT,AA,TT,NN,GG,AA,7.44,Moderate,Low,Standard,Late
L0334,Davangere,Karnataka,Rabi,Black Cotton,Irrigated,430,25.5,58,AC,TT,GG,AG,CG,CC,TT,TT,CC,CG,AA,CC,CG,AT,TT,GG,NN,TT,TT,AG,CC,GT,GT,CC,TT,CC,TT,TT,GG,AA,TT,CT,AG,CC,GG,CG,GG,GG,GG,CC,TT,TT,AA,TT,AG,GG,TT,TT,CC,AC,GG,AA,AG,GG,CC,TT,AA,AC,GT,AC,AA,GT,TT,AA,CT,TT,CC,GG,TT,GG,AA,TT,CC,AA,AG,AA,AA,GG,TT,TT,GG,GG,GT,CC,AA,GG,AA,AA,CC,TT,CC,TT,CC,TT,TT,GG,TT,AC,GG,CC,CT,CG,AA,AA,NN,TT,CC,AA,AA,AC,TT,GG,TT,CC,TT,CC,AA,TT,CG,AG,CG,GG,CC,GG,TT,AA,CC,CC,CC,CC,AG,GT,CC,AA,CC,CC,AA,TT,AA,AA,GG,CC,CC,GG,AA,AA,NN,CC,GG,CC,CC,AA,AG,GG,TT,GG,AA,TT,TT,GG,AC,GT,TT,CT,CC,AT,TT,TT,AA,TT,GG,CC,AG,CC,CC,CC,GG,CC,AA,AG,GG,CC,TT,CC,GT,TT,GG,AA,AA,AA,TT,CC,GG,AA,CC,CG,GG,GG,CC,NN,TT,CC,AA,CC,GG,AA,CC,AA,AA,GG,TT,TT,AT,GG,GT,AT,CC,AT,TT,AA,GG,AA,TT,AA,TT,CC,TT,CC,CC,CT,GG,AG,CG,AG,CC,TT,TT,GT,GG,TT,AA,AC,AA,GG,CC,CC,GG,CC,GG,AT,AA,CC,GT,GG,CC,CC,AA,GG,CG,AT,CC,AA,AA,AC,CC,CC,TT,AA,CG,AA,AA,AA,AA,AA,AG,AA,AA,AT,GG,AA,AG,AA,AC,TT,AA,AA,GG,GG,GG,TT,AA,AG,TT,TT,TT,AG,AT,NN,GG,NN,7.67,Susceptible,Medium,Standard,Early
L0335,Davangere,Karnataka,Rabi,Black Cotton,Irrigated,430,25.5,58,AC,TT,AG,AA,GG,CG,GG,TT,CC,GG,AA,CC,CG,TT,TT,GT,CG,TT,TT,AG,CC,TT,GT,CC,TT,CC,GT,TT,GT,AA,TT,TT,AA,CC,GG,CC,GG,GG,GG,CC,TT,TT,AA,TT,AA,GG,TT,TT,CC,CC,GT,TT,AA,CG,CC,GG,AA,AC,GG,AA,AA,TT,TT,NN,TT,AA,CC,GG,TT,GG,AA,GG,CC,AG,GG,AA,AT,AG,GG,TT,GG,GG,GT,CC,AT,GG,AA,AA,CC,GT,CC,TT,CC,TT,TT,AG,CT,CC,TT,CT,CC,CC,AG,AA,TT,TT,CC,NN,AG,AA,CC,GG,TT,CC,GT,AA,AA,TT,CC,GG,CC,GG,CT,GG,TT,AA,CT,CC,CC,CC,AA,GT,CC,AA,CC,CT,AA,TT,AA,AA,GG,CC,CC,GG,AG,AA,AA,CC,GG,CC,CC,AA,AA,GG,TT,GG,AA,TT,TT,GG,CC,GT,TT,TT,CC,AT,GT,TT,AA,TT,CG,CC,AA,CT,CC,CC,GG,CC,AA,GG,AG,CC,TT,CC,GT,TT,CG,AT,AA,AA,TT,AC,GG,AA,CC,CC,GG,AG,AC,GG,TT,AC,AA,CC,GG,AA,CC,AA,TT,GG,TT,AT,AA,CG,GT,AT,CC,AT,TT,AA,GG,AA,CT,AA,TT,CC,CT,AA,CC,TT,GG,AA,CC,AG,CC,TT,TT,TT,GG,TT,AA,AA,AA,GG,CC,GG,GG,CC,GG,NN,AA,CG,GT,GG,CG,CC,AA,AA,CC,TT,CC,AA,AA,AA,CC,CC,TT,AG,CG,AA,AA,AC,AA,AG,GG,AG,AA,TT,GG,AC,AG,AC,AC,CT,AA,AA,GG,AG,GG,TT,AA,AA,TT,TT,TT,AG,TT,GG,GG,AA,8.32,Moderate,Medium,Standard,Late
L0336,Davangere,Karnataka,Rabi,Black Cotton,Irrigated,430,25.5,58,AA,CT,GG,AA,GG,CC,NN,TT,CC,CC,AA,NN,CC,AT,GT,GT,GG,TT,TT,GG,CC,GG,GT,CT,TT,CC,TT,TT,GT,AA,TT,CC,AA,CC,GG,GG,GT,CC,GG,CC,TT,TT,AA,GT,AA,GG,TT,TT,CC,AC,NN,AA,AG,GG,CC,TT,AA,CC,GT,AA,NN,TT,TT,AA,CT,TT,CC,GT,TT,GT,AA,GG,CC,AG,GG,AC,AT,GG,TT,TT,GG,GG,GT,CC,AT,GG,AA,AA,CC,TT,CC,TT,CC,TT,GG,GG,TT,AC,TT,CC,CC,GG,AG,AG,AT,GT,CC,AG,AA,AA,CC,GG,TT,CG,TT,AA,AA,TT,CG,GG,CG,GG,CC,GG,TT,AG,CC,CC,CC,CC,AA,TT,CC,AA,CC,NN,AA,TT,AA,AA,GG,CC,CC,GG,AG,AA,AA,CC,GG,CC,CG,AA,AA,NN,GT,GG,AA,TT,TT,GG,CC,TT,GT,CT,CG,AA,TT,TT,AA,TT,CG,CC,AA,CT,CC,CC,CG,CC,AA,GG,AA,CC,TT,CC,GG,TT,GG,TT,AA,AG,GT,CC,GG,AA,AC,CC,GG,GG,AA,GG,TT,AA,AG,CC,GG,AA,CC,AA,AA,TT,TT,TT,AT,CC,GT,AA,CG,TT,GT,AA,GG,AA,TT,AA,TT,CG,CT,AC,CC,TT,GG,AG,CG,AG,CC,TT,TT,TT,GG,TT,AA,AC,AG,GG,CC,GG,GG,CG,GG,AT,AA,CC,GG,GG,CC,CC,AA,AG,CG,AA,CC,AA,AG,CC,CC,AA,TT,AA,GG,AA,AA,AA,AA,AG,AA,AA,AA,TT,GG,AC,AG,CC,AC,CT,AA,AA,GG,GG,GG,TT,AA,AA,GT,TT,TT,AA,TT,NN,GG,NN,8.28,Susceptible,Medium,Premium,Medium
L0337,Davangere,Karnataka,Rabi,Black Cotton,Irrigated,430,25.5,58,AC,TT,GG,AG,GG,CC,GG,AT,CC,CC,AA,CC,CG,TT,GT,GG,CC,TT,TT,AG,CC,GT,TT,CC,TT,CC,TT,TT,GG,AA,TT,CC,AA,CC,NN,NN,GG,CC,GG,CC,TT,TT,AC,TT,AA,GG,TT,AT,CC,AA,GG,AA,AA,GG,CC,TT,AT,AA,GT,AC,AA,TT,AT,AG,TT,TT,CC,GG,TT,GG,AA,NN,CC,AA,AG,AA,AT,GG,TT,TT,GG,GG,GG,CC,AA,GG,NN,AA,CC,GT,CC,TT,CT,TT,TT,GG,TT,CC,TT,CC,CT,CC,GG,AA,TT,TT,CC,AA,AG,AC,CT,GG,TT,CC,TT,AA,AA,TT,CG,GG,CC,GG,CC,GT,TT,AG,CC,CC,CC,CC,AG,TT,CC,AA,CC,CT,AA,TT,AA,AA,GG,CT,CC,GG,AA,AA,AA,CC,GT,CC,CC,AA,AG,GG,TT,GG,AA,TT,CT,GG,CC,TT,TT,TT,CG,AA,TT,TT,AT,TT,GG,CG,AA,CT,CC,CC,CG,CC,AA,GG,AA,CC,TT,CG,GT,TT,GG,TT,AA,AG,TT,CC,GG,AA,CC,CC,GG,GG,AA,GG,TT,AA,AA,CC,GG,AA,AC,AA,AA,GT,GG,TT,AT,GG,GT,AT,GG,AT,GT,AA,GG,AA,CT,AA,NN,CC,TT,AA,CC,TT,GG,AA,CC,AG,AC,TT,TT,TT,CG,TT,AC,CC,AA,GT,CC,CG,GG,CC,GG,AA,AG,CC,TT,GG,CC,CC,AA,GG,CC,AA,CC,AT,AA,CC,CC,AC,TT,AA,GG,AA,AA,AA,AA,GG,AA,AA,AG,TT,NN,AC,AG,AC,AA,TT,AG,AA,GG,AG,CG,TT,AA,AA,TT,TT,TT,AA,TT,GG,GG,AA,6.7,Moderate,High,Premium,Early
L0338,Davangere,Karnataka,Rabi,Black Cotton,Irrigated,430,25.5,58,AA,TT,GG,AA,GG,CC,GG,TT,CC,GG,AA,CC,CC,TT,TT,GG,GG,TT,TT,AA,CG,TT,GT,CC,TT,CC,TT,TT,GG,AA,TT,CT,AA,CC,GG,GG,GG,CC,GG,AC,TT,CC,NN,TT,AA,GG,TT,TT,CC,AC,GG,AA,AA,GG,CC,TT,AA,AA,GG,AA,NN,TT,TT,AG,TT,AT,CC,GG,TT,GG,AG,GG,CC,AA,GG,AC,AT,GG,TT,TT,GG,GT,GG,CC,AA,GG,AA,AA,CC,TT,CC,TT,CC,TT,GT,AG,CT,CC,GG,CC,CT,GG,GG,AA,TT,TT,CC,AA,AA,AA,CC,GG,TT,CG,TT,AC,AA,TT,CG,AA,CG,GG,CC,GG,CT,AG,CC,CC,CC,CG,AA,TT,CC,AA,CC,CT,NN,TT,AA,AA,GG,CC,CC,NN,AA,AA,AA,CC,GG,CC,CC,AA,AG,GG,NN,GG,AA,TT,TT,GG,CC,TT,TT,TT,CG,AA,TT,TT,AA,TT,GG,CG,AG,TT,CC,CC,CC,CC,AA,GG,AA,CC,TT,CG,GG,NN,GG,TT,AA,AA,TT,CC,GG,AA,AC,CC,GG,GG,AC,GG,TT,AC,AA,CC,GG,AA,CC,AA,TT,GT,TT,AT,AA,CG,GG,AA,CC,AA,TT,AA,GG,AA,TT,AA,TT,CC,TT,AC,CC,TT,GG,AG,CG,AG,CC,TT,TT,GT,GG,AT,AA,CC,NN,GG,CC,CG,GG,CC,GG,TT,AG,CC,GT,AG,CC,CC,AA,GG,CC,AA,CC,AA,AA,AC,CC,AC,TT,AA,GG,AA,AA,NN,AA,GG,AA,AA,AA,TT,CG,AA,AA,AC,AC,CT,AA,AA,GG,GG,CG,TT,TT,AA,TT,TT,TT,AA,TT,GG,GG,AA,6.75,Moderate,High,Standard,Late
L0339,Davangere,Karnataka,Rabi,Black Cotton,Irrigated,430,25.5,58,AA,TT,GG,AG,GG,CC,GG,AT,CC,CG,AA,CC,CC,TT,TT,GG,CG,TT,TT,AG,CC,TT,GT,CC,TT,CT,GT,TT,GG,AC,TT,CT,AA,CC,AG,GG,GG,CC,GG,CC,TT,CT,AA,TT,AG,GG,TT,TT,CC,AA,GG,AA,AA,GG,CT,TT,AT,CC,TT,AA,AG,TT,TT,AA,NN,TT,CC,GG,TT,GG,AA,GG,CC,AA,GG,CC,AA,GG,TT,TT,GG,GG,GT,CC,AA,GG,AG,AA,CC,TT,CC,TT,CT,TT,GT,GG,CT,CC,TT,CT,CT,CC,AG,AG,TT,TT,CC,AA,GG,AA,CC,GG,GT,CC,TT,AA,AA,TT,CC,AG,CC,AG,CC,GG,CT,AA,CC,CC,AC,CC,AA,TT,CC,AA,CC,CC,AA,TT,AA,AA,GG,CC,CC,GG,AA,AG,AA,AC,NN,CC,CG,AA,AG,GG,NN,GG,AA,TT,CT,GG,AC,TT,GT,CT,CC,AT,TT,TT,AT,TT,GG,CC,AG,CT,CC,CC,GG,CC,AA,GG,AG,CC,TT,CC,GG,TT,GG,AT,AA,AG,TT,AC,GG,AA,AA,CC,GG,GG,AC,GG,TT,AA,AA,CC,GG,AT,AC,AA,AA,GG,TT,TT,AA,GG,GT,AA,CC,TT,GT,AA,GG,AA,TT,AC,TT,CC,CT,AC,CC,CT,CG,AG,CC,AG,CC,NN,TT,TT,GG,TT,AC,AA,AA,GG,CC,CG,GG,CC,GG,AT,AA,CC,TT,GG,CC,CC,AT,AG,CC,AA,CC,AA,AA,CC,CG,AC,AT,AA,GG,AA,CC,CC,AA,AG,AG,AA,AA,TT,GG,AC,AA,CC,NN,CT,AA,AA,GG,GG,GG,GG,AA,GG,TT,TT,TT,AA,AT,GG,GG,AA,7.49,Moderate,Medium,Standard,Medium
L0340,Davangere,Karnataka,Rabi,Black Cotton,Irrigated,430,25.5,58,NN,CC,GG,AG,CC,CC,GG,TT,CG,GG,AA,CC,CG,AT,TT,GG,GG,AT,TT,AA,CC,TT,GT,CC,TT,CC,TT,TT,GG,AA,TT,CC,AA,CC,GG,GG,GG,CG,GG,CC,TT,CC,AA,NN,AG,GG,TT,AT,CG,AC,GG,AA,AG,GG,CT,TT,AT,AC,GG,AC,AA,TT,TT,AA,NN,TT,CC,GG,TT,TT,AA,GG,CC,AA,GG,AC,AT,GG,TT,TT,GG,GG,GG,CC,AA,AG,AA,AA,CC,NN,CC,TT,TT,TT,TT,GG,TT,CC,GT,CC,CC,CG,NN,AA,TT,TT,CG,AA,AG,AA,CC,GG,NN,CG,TT,AA,AA,TT,CG,AG,CC,GG,CC,GG,CT,AA,CC,CC,CC,CC,AA,TT,CC,AA,CC,CT,AA,AT,AA,AA,GG,CC,CC,GG,AA,AG,AT,AC,GG,CC,CC,AG,AA,GG,TT,GG,AC,GT,CT,NN,CC,TT,TT,TT,CC,AT,GT,NN,AA,AT,GG,CC,AA,CC,CC,CC,GG,CC,AA,GG,NN,CC,TT,CG,GT,GT,CG,TT,AA,AA,TT,CC,GG,AC,AC,CC,CG,GG,AA,GG,TT,AA,AA,CC,GG,AA,CC,AA,AA,GG,TT,TT,AA,CG,GT,AA,CC,TT,GT,AA,GG,AA,TT,AA,TT,CC,TT,AA,CC,TT,NN,AG,CC,AG,CC,TT,TT,GG,GG,TT,AA,AC,AA,GT,CC,CC,CG,CC,GT,AT,AA,CG,TT,GG,CC,CC,AA,GG,CC,AA,CC,AA,AA,AA,CG,CC,TT,AA,GG,AA,AA,AC,AC,AG,AA,AG,AA,AT,GG,AA,GG,AC,AA,CT,AA,AA,GG,GG,CG,TT,AA,AA,GT,TT,TT,AA,TT,GG,GG,AC,8.82,Resistant,Low,Premium,Early
L0341,Davangere,Karnataka,Rabi,Black Cotton,Irrigated,430,25.5,58,AC,TT,GG,AA,CG,CC,GT,TT,CC,GG,AT,CT,CG,TT,GT,GT,GG,TT,TT,AA,CC,TT,TT,CC,TT,CC,NN,TT,TT,AA,TT,CC,AG,CC,GG,GG,GG,CC,GG,CC,TT,CT,AA,TT,AG,AG,TT,TT,CC,CC,GT,AA,AA,GG,CT,TT,AA,AA,GG,AC,AA,TT,TT,AG,TT,AT,CC,GG,TT,GG,AG,GG,CC,AA,GG,AC,AT,GG,TT,TT,GG,GT,GT,CC,AT,GG,AA,AA,CC,GT,AC,TT,CC,TT,TT,GG,TT,AC,TT,NN,CC,CG,AG,AA,TT,TT,CC,AA,AA,AA,TT,GG,TT,CC,TT,AC,AA,AT,CC,GG,CC,GG,CC,GG,TT,AA,CC,CC,AA,CC,AA,TT,CC,AA,CC,CC,AG,TT,AA,AA,GG,CT,CC,GG,AA,AG,AA,CC,GG,CC,CG,AA,AG,AG,TT,GG,AA,TT,CC,AG,AA,TT,GT,CT,CG,AA,GT,CT,AA,TT,GG,CC,AA,CT,CC,CC,CG,AC,AA,GG,AA,CC,TT,CC,GG,GT,GG,TT,AA,AG,TT,CC,GG,AA,CC,CC,GG,GG,AC,GG,TT,AA,AA,CG,GT,AT,AC,AA,AA,GG,TT,TT,AT,GG,GG,AA,CC,TT,TT,AT,GG,AA,TT,AC,TT,CG,TT,CC,CC,TT,CG,AG,CG,AG,CC,TT,TT,TT,GG,TT,AC,AC,AA,GG,CC,CG,GG,CC,GG,AA,AA,CG,GG,GG,CC,CC,AA,GG,CG,TT,CC,AA,AA,CC,CC,AC,AA,AA,GG,AA,AA,AA,AA,AG,AA,AA,AG,AT,GG,AA,AA,CC,AA,CT,NN,AA,CG,GG,GG,TT,AA,AG,TT,TT,TT,AG,AT,GG,GG,AA,6.54,Susceptible,High,Poor,Medium
L0342,Davangere,Karnataka,Rabi,Black Cotton,Irrigated,430,25.5,58,CC,TT,GG,GG,CG,CC,GG,AT,CC,CG,AA,CT,CG,AT,TT,GT,GG,TT,TT,AA,CC,GG,TT,CC,TT,CC,TT,AT,GG,AA,TT,CT,AA,CC,GG,GG,GG,CG,GG,CC,TT,TT,AA,TT,AG,AG,TT,TT,CC,CC,GT,AA,AA,GG,CC,TT,AT,AA,GT,AC,AA,TT,TT,AG,TT,AT,CC,GG,TT,GT,AA,GG,CC,AA,AG,AC,AA,GG,TT,TT,AG,GT,GG,CC,NN,GG,AA,AA,CC,GG,AC,GT,CC,TT,GT,AG,TT,CC,TT,CC,CT,CC,AA,AG,TT,TT,CC,AA,AA,AC,CC,GG,GT,CC,TT,AC,AA,TT,CC,GG,NN,AG,CT,GG,TT,AG,CT,CC,CC,CG,AA,TT,CC,AA,CC,CC,AA,TT,AA,AT,GG,CC,CC,GG,AA,AG,AA,CC,GG,CC,NN,GG,AA,AG,TT,GG,AC,TT,CC,GG,CC,GG,GT,TT,CC,AA,TT,TT,AA,AT,GG,CC,AG,CC,CC,CC,GG,CC,AA,GG,AG,CC,TT,CC,TT,TT,GG,TT,AA,AA,TT,AC,CG,AA,CC,CC,GG,GG,NN,GG,TT,AC,AA,CC,GG,AA,CC,AA,AT,GG,GT,TT,AT,GG,TT,AT,CC,TT,TT,NN,GG,AA,CT,AA,TT,CC,CT,AA,CC,TT,GG,AG,CC,AG,CC,TT,CC,GG,GG,TT,AA,AC,AA,GG,CC,CG,GG,CC,GG,AT,AA,CC,TT,AG,CC,CC,AA,GG,CC,AT,CC,AA,AA,AA,CC,AC,TT,AA,GG,AA,AA,AA,AA,GG,AA,AG,AA,TT,GG,AC,GG,CC,AA,CT,AA,AA,GG,GG,GG,TT,AA,AA,GT,TT,TT,AG,TT,GG,GG,AA,7.89,Susceptible,Low,Premium,Medium
L0343,Davangere,Karnataka,Rabi,Black Cotton,Irrigated,430,25.5,58,AA,TT,AG,AA,GG,CC,NN,TT,CC,CG,AA,CC,CC,TT,TT,GG,CG,TT,TT,AG,CG,GT,GT,CT,TT,CC,TT,TT,GG,AA,TT,CC,AA,CC,AG,GG,GG,CG,GG,CC,TT,CT,AA,GT,AG,AG,TT,TT,CC,AC,GG,AA,AA,GG,CT,TT,NN,AA,GG,CC,AG,TT,TT,AA,TT,TT,CT,GG,TT,GT,AA,GG,CC,AA,GG,CC,AT,GG,TT,TT,GG,GG,GG,CC,AA,AG,AA,AA,CC,GT,CC,TT,CT,TT,TT,GG,CT,AC,TT,CT,CC,GG,AG,AA,TT,TT,CC,AA,AA,AA,CC,GG,TT,CC,TT,AC,AC,TT,CG,AG,CC,GG,CT,GT,CC,AG,CT,CC,CC,CC,AA,TT,AC,AA,CC,CT,AA,TT,AA,AA,GG,CC,CC,GG,AA,AG,AA,CC,GG,CC,CC,NN,AA,GG,TT,AG,AA,GT,TT,AA,CC,TT,GT,TT,GG,AA,TT,TT,AA,TT,GG,CC,AA,TT,NN,CC,CG,CC,AA,GG,AG,CC,TT,CC,GG,TT,CG,TT,AG,AG,TT,CC,GG,AA,AC,CC,GG,GG,AC,GG,TT,AC,AA,CC,GG,AT,AC,AA,AA,GT,TT,AA,AT,GG,TT,AT,CC,AT,TT,AA,GG,AA,TT,AA,AT,CC,TT,AA,CC,CT,GG,AA,CC,GG,CC,AT,CT,TT,GG,TT,AA,AA,AA,GG,CG,CC,GG,CC,GG,TT,AA,CC,TT,GG,CC,GG,AT,GG,CC,AA,NN,AA,AA,AC,CG,AC,TT,AG,GG,AA,AA,AA,AA,GG,AA,AA,AA,TT,GG,AA,AG,CC,AC,CT,AA,AG,CC,GG,GG,TT,AT,AA,GT,TT,AT,AG,TT,GG,GG,AA,11.79,Susceptible,High,Standard,Medium
L0344,Davangere,Karnataka,Rabi,Black Cotton,Irrigated,430,25.5,58,AC,TT,GG,GG,GG,CG,GG,TT,CC,CG,AA,CC,CG,TT,TT,GG,CG,TT,TT,AA,CC,NN,GT,CC,TT,CC,GT,TT,GG,AA,TT,CC,AA,NN,GG,CG,GG,CC,GG,CC,NN,CT,AA,GT,AG,AA,CT,AT,CC,AC,GG,AA,AA,GG,CC,GT,AA,AC,GT,AC,AA,TT,TT,AA,TT,AT,CT,GG,TT,GG,AA,GT,CC,AA,GG,AC,AA,GG,TT,TT,AG,GG,GG,CC,AT,GG,AA,AA,CC,TT,CC,TT,CC,TT,GT,GG,CT,NN,GG,CC,CT,CG,AG,AG,TT,TT,CC,AA,AA,AA,CC,GG,GT,CG,GT,AA,AA,TT,CG,GG,CC,GG,CC,TT,TT,AA,CC,CC,CC,CC,AG,TT,AC,AA,CC,CC,AA,TT,AA,AT,GG,CC,CC,GG,AA,AG,AA,CC,GT,CC,CC,AA,AG,GG,TT,GG,AA,GT,TT,GG,AC,TT,TT,TT,CG,AT,TT,CT,AT,TT,GG,CC,AG,TT,CC,CC,GG,AC,AA,AA,AG,NN,GT,CC,TT,GT,CG,AA,AA,AA,TT,CC,CG,AA,CC,CC,GG,GG,AA,GG,TT,AC,AA,CC,GG,AT,NN,AA,AT,GG,TT,AT,AA,CG,GT,AT,CC,AA,TT,AA,GG,AA,CT,AA,TT,CC,CT,CC,CC,CT,GG,AG,CC,GG,NN,TT,TT,GT,GG,TT,AC,CC,AG,GG,CC,CC,GG,CC,GG,TT,AA,NN,TT,GG,CC,CC,AA,AG,CC,AA,CG,AA,AA,AC,CC,NN,TT,AA,CG,AA,AA,AC,AA,AA,AG,AA,AA,TT,GG,AA,AG,AC,AC,CT,AA,AA,GG,AG,GG,TT,AA,AA,GT,TT,TT,AA,AT,GG,GG,AA,7.77,Susceptible,High,Poor,Late
L0345,Davangere,Karnataka,Rabi,Black Cotton,Irrigated,430,25.5,58,AC,TT,AG,AG,GG,CG,GT,TT,CC,CG,AA,TT,CC,AT,TT,GG,GG,TT,TT,NN,CG,TT,TT,CC,AT,CC,TT,TT,GT,AA,CT,CC,AA,CC,GG,CG,GG,CG,GG,CC,TT,CC,AA,TT,AG,GG,CT,TT,CC,AC,GG,AA,AG,GG,CT,TT,AT,AC,NN,AA,AA,TT,AT,AG,TT,TT,CT,GG,TT,GT,AA,GG,CC,AA,GG,AA,AT,GG,GT,TT,AG,GT,GT,CC,AT,GG,AA,AA,CG,GT,CC,GT,CC,TT,TT,AA,CT,CC,GT,CC,CT,CG,AG,AA,AT,TT,CC,AA,AA,NN,TT,GT,TT,CC,GT,AA,AA,TT,NN,GG,CC,AG,CC,GT,CT,GG,CC,CC,CC,CC,AA,TT,CC,AA,CC,CC,AA,AT,AA,AA,GG,CC,CC,AG,AA,AA,AA,AC,GG,CC,GG,AA,AA,AG,GT,GG,AA,GT,CT,GG,CC,GT,TT,TT,GG,AT,TT,TT,AA,NN,GG,CC,AG,CT,CC,CC,CG,CC,AA,GG,AA,NN,TT,CC,GG,TT,NN,AT,NN,AA,TT,AC,GG,AA,CC,CC,GG,NN,AC,GG,TT,AA,AA,NN,GG,AT,CC,AA,AA,GG,TT,AT,AA,GG,NN,AT,CC,AT,GT,AA,GG,AG,TT,AA,TT,CG,TT,AC,CC,TT,GG,AA,GG,AG,CC,TT,CC,TT,GG,TT,AC,AC,AG,GG,CC,CC,GG,CC,GG,TT,AA,CC,TT,GG,CC,CC,AA,GG,CC,AA,CG,AA,AA,AC,CG,AC,TT,AA,GG,AA,AA,AA,AA,GG,AG,AA,AA,AT,CG,AA,AG,AC,AA,TT,AA,AA,GG,GG,GG,GT,AA,AG,TT,TT,TT,GG,TT,GG,CG,AA,7.9,Susceptible,High,Premium,Early
L0346,Davangere,Karnataka,Rabi,Black Cotton,Irrigated,430,25.5,58,AA,TT,GG,AA,GG,CC,GG,TT,CC,GG,AA,TT,CG,TT,GT,GG,GG,TT,TT,AA,CC,TT,TT,CC,TT,CT,TT,AT,GG,AA,TT,CC,AA,CC,GG,GG,GG,CC,GG,CC,TT,CT,AA,GT,AA,AG,CT,TT,CC,AC,GT,AA,AA,GG,CT,GT,AA,AA,GT,AA,AA,TT,AT,AA,TT,TT,CC,GG,TT,GG,AA,GG,CC,AA,AG,AA,AT,AG,TT,CT,GG,GG,GG,CC,AT,GG,AA,AA,CG,GG,AA,TT,CC,AT,TT,GG,NN,CC,TT,CC,CC,CC,AG,AG,TT,TT,CG,AA,GG,AC,CC,GG,TT,CC,TT,AA,AA,TT,CG,GG,CC,GG,CC,GT,TT,AG,CC,NN,AC,CG,AA,GT,CC,AA,CC,CC,AA,TT,AA,AA,GG,CC,CC,GG,AA,GG,AA,CC,GT,CC,CC,AA,AA,GG,GT,GG,AA,TT,CT,GG,AC,TT,GT,TT,CG,AT,TT,TT,AA,TT,GG,CC,AG,CC,CC,CC,GG,CC,AA,AG,GG,CC,TT,CC,GT,GT,GG,AT,AA,AG,TT,CC,CG,AA,CC,CC,GG,GG,AA,GG,TT,AA,AA,CG,GG,AA,CC,AA,AT,GG,TT,TT,AT,CG,NN,AA,CC,AT,NN,AA,GG,AG,TT,AC,TT,CC,TT,AC,CC,TT,CG,AG,CC,AA,CC,TT,TT,TT,GG,TT,AC,AA,AA,GG,CC,CC,GG,CC,GG,TT,AA,CC,GT,GG,CG,CG,AA,GG,CC,AT,CC,AA,AA,CC,CC,AC,TT,AA,GG,AA,AA,AA,AA,GG,AG,AG,AA,TT,GG,AA,AA,AC,AA,CT,AA,AA,GG,AG,GG,TT,AA,AA,GT,TT,TT,AG,AA,GG,GG,AA,7.28,Resistant,Low,Standard,Early
L0347,Davangere,Karnataka,Rabi,Black Cotton,Irrigated,430,25.5,58,AC,CT,AG,AA,GG,CC,GG,TT,CC,CC,AA,CC,CG,AT,TT,GT,NN,TT,TT,AA,CC,TT,TT,CC,TT,CC,GT,TT,GG,AA,TT,CC,AA,CC,GG,GG,GG,CC,GG,CC,TT,TT,AA,TT,AG,GG,TT,AT,CG,CC,GG,AA,AA,GG,NN,TT,AA,AC,GT,AA,AA,TT,TT,AA,TT,TT,CC,GG,TT,GG,AG,GT,CC,AA,GG,AA,AT,GG,TT,TT,GG,GG,GG,CC,AA,GG,AA,AA,CC,TT,CC,GT,CC,TT,GG,GG,CT,CC,TT,CC,CC,CC,GG,AG,AA,TT,CC,AA,AG,AA,CC,GG,TT,CC,TT,AA,AA,TT,CG,AG,CG,GG,CC,GG,TT,AA,CC,CC,CC,CC,AG,TT,CC,AA,CC,CT,AA,AT,AA,AA,CG,CC,CC,GG,AA,AG,AT,CC,GG,CC,CC,AA,AG,GG,TT,GG,AC,TT,TT,GG,CC,GT,GT,TT,CC,AT,TT,TT,AA,TT,CG,CC,AA,TT,CC,NN,GG,CC,AT,AG,AA,CC,TT,CG,GT,TT,GG,AA,AA,AA,GT,CC,GG,AA,CC,CC,GG,GG,AC,GG,TT,AC,AG,CC,GG,AA,CC,AA,AT,GG,TT,TT,AA,GG,GT,AA,CC,TT,TT,AA,GG,AG,TT,AA,TT,CC,TT,AA,AC,TT,CG,AA,CC,AA,CC,TT,NN,GT,GG,TT,AA,CC,AG,GG,CC,CC,GG,CC,GG,AA,AA,CG,TT,GG,CC,CC,AA,GG,CC,AT,CC,AT,AA,AC,CG,AC,TT,AA,GG,AA,AA,AC,AA,AG,AA,AA,AA,TT,GG,CC,AA,CC,AA,TT,AG,AG,CG,AG,GG,TT,NN,AA,GT,TT,TT,AG,TT,GG,GG,AA,6.95,Susceptible,High,Premium,Early
L0348,Davangere,Karnataka,Rabi,Black Cotton,Irrigated,430,25.5,58,AC,CT,GG,AA,GG,CC,GT,TT,CC,CG,AT,CC,CG,TT,TT,GG,CG,TT,AT,AG,CC,TT,GT,CC,TT,CC,TT,TT,GG,AA,CT,CC,AA,AC,AG,GG,GG,CC,GG,CC,TT,CT,AC,TT,AG,GG,TT,TT,CC,AA,GG,AT,AA,GG,CC,GT,AA,AA,GT,AC,AA,TT,TT,AA,TT,NN,CC,GG,TT,GT,AG,GG,CC,AA,GG,CC,AA,GG,NN,TT,GG,GT,GG,CC,AT,GG,AA,AA,CC,TT,AC,TT,NN,TT,GT,AG,TT,CC,TT,CC,CC,CC,GG,AA,TT,TT,CC,AA,AG,AC,CC,GG,TT,CC,TT,AA,AC,TT,CC,GG,CC,GG,CC,GT,TT,AA,CT,CC,CC,CC,AA,TT,CC,AA,AC,CC,AA,TT,AG,AT,CG,CT,CC,GG,AA,GG,AT,CC,GG,CC,CC,AA,AG,GG,GT,GG,AA,GT,CT,NN,CC,TT,TT,TT,CC,AA,TT,TT,AA,TT,GG,CG,AA,CC,CC,CC,GG,CC,AA,AG,AA,CC,GT,CG,GT,TT,CC,TT,AA,AG,TT,CC,GG,AA,CC,CC,GG,GG,AA,CG,TT,AC,GG,CC,GG,AA,AC,AT,AT,GG,TT,AA,AT,GG,TT,AT,CC,AA,TT,AA,GG,AA,TT,AA,TT,CC,TT,AC,CC,CT,NN,AG,CC,AG,AC,TT,CT,TT,GG,TT,AC,CC,AA,GG,CC,CC,GG,CC,GG,TT,AA,CC,TT,GG,CC,CG,AA,GG,CC,AA,CC,AA,AA,CC,CC,CC,TT,AA,GG,AA,AA,CC,AA,GG,AG,AA,AA,AT,CG,AC,AG,AC,AA,CT,AA,AG,GG,GG,GG,TT,AA,AA,TT,TT,TT,AG,TT,GG,CG,AA,7.61,Moderate,Low,Premium,Late
L0349,Davangere,Karnataka,Rabi,Black Cotton,Irrigated,430,25.5,58,CC,TT,AG,AG,CC,CC,GG,TT,CC,CC,AA,CT,CG,TT,TT,GG,GG,TT,TT,AA,CC,GT,TT,CC,AT,CC,TT,TT,GG,AA,CT,CT,AA,CC,GG,GG,GT,CC,GG,CC,TT,CT,AA,GT,AA,AG,TT,TT,CC,AC,GT,AT,AA,GG,CC,GT,AT,AC,GG,AC,AA,TT,AT,AA,CC,TT,CC,GG,TT,GG,AA,GG,CC,AA,GG,AC,AT,GG,TT,TT,AG,NN,GG,CC,AA,GG,AA,AA,CC,GT,NN,GT,CT,TT,GT,GG,TT,CC,TT,CC,CC,NN,GG,AA,TT,TT,CC,AA,AG,AA,CT,GG,NN,CC,TT,AA,AA,TT,CC,GG,CG,GG,CC,GG,TT,AG,CC,CG,CC,CC,AA,TT,CC,AA,CC,CC,AA,TT,AA,AA,GG,CC,CC,GG,AA,AG,AA,CC,GG,CC,CC,AA,AA,GG,NN,GG,AC,GT,CT,GG,AC,GT,GG,CT,CC,AA,GT,TT,TT,TT,CG,CC,AG,CT,CC,CC,CC,AC,NN,GG,AA,CC,TT,CC,GG,TT,GG,NN,AA,AA,TT,CC,GG,AC,CC,CC,GG,GG,AC,CG,TT,AA,AG,CC,GG,AA,AC,AA,AT,GT,TT,TT,AA,CG,TT,AA,CC,AT,GG,AA,GG,AA,TT,AA,TT,CC,TT,AC,CC,TT,CG,AG,CC,GG,CC,TT,TT,TT,GG,TT,AA,AC,AG,GG,CC,CC,GG,CC,GG,TT,AA,CG,GG,GG,NN,CC,AT,AG,CG,AT,CC,AA,AA,AC,CC,CC,TT,AA,GG,AA,AA,AC,AA,AA,AA,AA,AA,TT,GG,CC,AG,CC,AA,CT,AG,AG,GG,GG,GG,TT,AT,AA,TT,TT,TT,AG,AT,GG,GG,AA,6.21,Moderate,Low,Standard,Early
L0350,Davangere,Karnataka,Rabi,Black Cotton,Irrigated,430,25.5,58,CC,CT,NN,AA,GG,CG,GT,TT,CC,CG,AA,CT,CG,TT,GT,GG,CG,TT,TT,AG,CG,GT,GG,CC,TT,CC,TT,TT,GG,AA,TT,CC,AA,CC,GG,GG,GG,CG,GG,CC,TT,CT,AC,TT,AA,AG,TT,NN,CC,AC,GG,AA,AG,GG,CT,TT,AT,AA,GG,AC,AA,TT,AA,GG,TT,AT,CC,GG,TT,GT,AA,GG,CC,AA,GG,AC,AT,GG,TT,TT,GG,GT,GG,CC,AT,GG,AA,AA,CC,GT,CC,TT,TT,TT,TT,GG,CT,CC,TT,CC,CC,CG,AG,AG,TT,TT,CC,AG,AG,AA,CC,GG,TT,CG,GT,NN,AC,TT,CC,GG,CC,AG,CC,GG,CC,AG,CT,CC,NN,CC,AA,TT,CC,AA,CC,CC,AA,TT,AG,AA,GG,CC,CC,GG,AA,GG,AA,AC,GG,CC,CC,AG,AA,AG,GT,GG,AA,TT,TT,AG,CC,GT,TT,TT,CC,AT,GT,TT,AA,TT,GG,CC,AA,CT,CC,CC,CG,AC,AA,GG,AA,CC,TT,CC,GG,TT,CC,AA,AA,AA,TT,CC,CG,AC,AC,CC,CG,GG,CC,GG,TT,AC,AG,CC,GG,AA,CC,AA,AA,GG,TT,AT,AT,GG,GG,AT,CG,AA,TT,NN,GG,NN,TT,AA,TT,CC,TT,AA,CC,TT,CG,AG,CC,AA,CC,TT,TT,TT,GG,TT,AA,CC,AA,GG,CC,CG,GG,CG,GG,AA,AG,CG,TT,GG,CC,CG,AA,AG,CG,AT,CC,AA,AA,NN,GG,AC,TT,AA,GG,AA,AC,AC,AA,AA,AA,AA,AA,TT,GG,AA,AA,CC,AC,TT,AA,AG,GG,GG,GG,TT,AT,AA,GT,TT,TT,GG,TT,GG,GG,AA,7.46,Susceptible,Low,Poor,Medium
L0351,Davangere,Karnataka,Rabi,Black Cotton,Irrigated,430,25.5,58,AA,CT,GG,GG,GG,CG,GG,TT,CC,CG,AA,CT,CC,AT,TT,TT,GG,TT,TT,AG,CC,GT,TT,TT,TT,CC,TT,AT,GT,AA,TT,CT,AA,AC,AG,GG,GG,CC,GG,CC,TT,TT,NN,TT,AG,GG,TT,TT,CC,AC,GG,AA,AA,GG,CC,GT,AA,AA,GT,AC,AA,GT,AT,AA,CC,TT,CC,GG,TT,GG,AA,GG,CC,AA,GG,AA,AT,GG,GT,TT,GG,GG,GT,CC,AA,GG,NN,AT,CC,GT,AC,TT,CC,NN,TT,GG,CT,CC,TT,CT,CT,CG,AA,AA,TT,TT,CC,AA,AG,AC,CC,GG,TT,CC,TT,AA,AA,TT,CC,AG,CG,GG,CC,GT,CT,AA,CC,CC,CC,CC,AA,TT,CC,AA,CC,CC,AG,AT,AA,AA,GG,CC,NN,GG,AG,AA,AT,CC,GG,CC,GG,AG,AA,GG,TT,GG,AA,TT,CT,GG,CC,TT,TT,TT,CC,AA,GG,TT,AT,AT,GG,CC,AG,CT,CC,CC,CG,CC,AA,GG,AA,CC,TT,CC,GT,TT,GG,TT,AA,AG,TT,CC,CG,AA,AC,CC,GG,GG,AC,GG,TT,AC,AA,CC,GG,AT,AC,AA,AA,GT,TT,TT,AA,GG,GT,AA,CC,AT,GT,AA,GG,AA,TT,AA,TT,CC,TT,AC,CC,TT,CG,AA,CC,AG,AC,TT,TT,GT,GG,TT,AA,CC,AG,GG,CC,CC,GG,CC,GG,TT,AA,CG,GT,GG,CC,CC,AA,GG,CC,AA,CC,AA,AA,CC,CC,AC,TT,AA,GG,AA,AA,AA,AA,AA,AA,AA,AA,TT,CG,AA,AA,CC,AA,CC,AA,AA,GG,GG,GG,TT,AA,AA,TT,TT,TT,AG,AT,CG,CG,AA,9.61,Moderate,Low,Premium,Medium
L0352,Davangere,Karnataka,Rabi,Black Cotton,Irrigated,430,25.5,58,AC,TT,GG,AA,GG,CC,GT,TT,CC,GG,AA,CC,GG,TT,TT,GG,GG,TT,TT,AA,CC,TT,GG,CC,TT,CC,GT,TT,GG,AA,TT,NN,AA,CC,GG,CG,GG,CG,GG,CC,TT,CT,AA,GT,AA,GG,TT,AT,CC,AC,GT,AA,AG,GG,CC,TT,AA,AC,GG,AA,AA,TT,TT,AG,TT,TT,CC,GG,TT,GG,AA,GG,CC,AA,GG,CC,AA,GG,TT,TT,GG,GG,GT,CC,AT,GG,AA,AA,CC,GG,CC,TT,CC,TT,TT,AG,CT,CC,GT,CC,CC,CG,GG,AA,TT,TT,CG,AA,NN,AA,CT,GG,TT,CG,TT,AA,AA,AT,CC,AG,CC,AG,CC,GT,TT,AA,CC,CC,CC,CC,AA,GT,CC,NN,CC,CC,AA,TT,AA,AA,CG,CC,CC,GG,AA,AG,AA,AC,GG,CC,CC,AA,AA,GG,TT,AG,CC,TT,CT,GG,AC,TT,GT,TT,CG,AA,TT,TT,AA,NN,NN,CC,AG,CC,CC,CC,GG,CC,AA,GG,AG,CC,TT,CC,GT,GT,GG,TT,AA,AA,TT,CC,GG,AC,CC,CC,CG,GG,AA,GG,TT,AC,AA,CC,GG,AA,AC,AA,AA,GG,TT,AT,AT,CG,GT,AA,CC,TT,GG,AA,GG,AA,TT,AA,TT,NN,CT,AA,CC,CT,GG,GG,CG,AG,CC,TT,TT,TT,CG,TT,AA,AC,AG,GG,CG,CC,GG,CG,GT,AT,AG,CC,GG,GG,CG,CG,AA,GG,CC,AT,CC,AA,AA,AC,CG,AC,AT,AA,GG,AA,AA,AC,AA,GG,AA,AA,AA,TT,CG,AA,AG,CC,AC,CC,AA,AA,GG,GG,CG,GT,TT,AA,TT,TT,TT,AA,TT,GG,CG,AA,6.95,Susceptible,Medium,Standard,Late
L0353,Davangere,Karnataka,Rabi,Black Cotton,Irrigated,430,25.5,58,AC,TT,GG,AG,GG,CC,TT,TT,CC,CG,AA,CC,GG,TT,TT,GT,GG,TT,TT,AA,CC,TT,TT,CC,TT,CC,TT,TT,GT,AA,TT,CT,AA,CC,AG,GG,GG,CG,GG,CC,TT,CT,AA,TT,AA,AG,TT,AT,CC,AA,GG,AA,AA,GG,CC,NN,AA,AC,GT,AA,AA,TT,AA,AG,CT,AT,CC,GG,TT,GG,AA,GG,CC,AA,GG,AC,AT,AG,TT,TT,GG,GG,GG,CC,AA,GG,AA,AA,CC,GG,CC,TT,CC,TT,NN,GG,TT,CC,TT,CC,NN,CG,GG,AA,AT,TT,CC,AA,AG,AA,CT,GG,GT,CC,TT,AA,AC,TT,CC,AG,CC,GG,CC,GG,TT,AA,NN,CC,CC,CC,AA,TT,CC,AA,CC,CT,AA,TT,AA,AT,GG,CC,CC,GG,AA,AA,AA,AC,GT,CC,CC,AA,AA,AG,GT,AG,AC,GT,NN,GG,AC,GT,TT,CT,CC,AT,TT,TT,AA,AT,GG,CC,AA,TT,CC,CC,GG,AC,AA,GG,GG,CC,TT,CC,GG,TT,GG,TT,AA,AA,TT,CC,CG,AA,CC,CC,GG,GG,AC,GG,TT,AA,AA,CC,GG,AA,AC,AA,AT,GG,TT,TT,AA,GG,GG,AT,CC,TT,GT,AA,GG,AG,TT,AA,TT,CG,CT,AA,CC,TT,GG,AA,CC,AG,AC,TT,CT,TT,GG,TT,AA,AC,AA,GG,CC,CC,GG,CC,GG,TT,AA,GG,GT,AG,CC,CC,AA,GG,CC,AT,CC,AT,AA,AC,CG,AC,TT,AG,GG,AT,AA,AA,AA,AA,AA,AA,AG,TT,GG,AA,GG,AC,AA,TT,GG,AA,GG,AG,GG,TT,AA,AG,GT,TT,TT,AG,AT,GG,GG,AA,5.22,Susceptible,High,Poor,Medium
L0354,Davangere,Karnataka,Rabi,Black Cotton,Irrigated,430,25.5,58,AA,CT,GG,AA,GG,CC,GG,AA,CG,CC,AA,TT,CC,AT,GT,GG,CG,TT,TT,AA,NN,GT,TT,CT,TT,CT,TT,TT,GG,AA,TT,CC,AA,AC,GG,GG,GG,GG,GG,CC,TT,TT,AC,GT,AA,AG,TT,TT,CC,CC,GG,AA,AA,GG,CT,TT,AT,CC,TT,AA,AA,TT,TT,AA,TT,TT,CC,GT,TT,GG,AA,GG,AC,AA,GG,AA,AT,GG,TT,TT,GG,GG,GT,CC,AA,GG,AG,AT,CC,TT,AA,TT,CT,AT,TT,GG,CT,CC,GG,CC,CC,CG,GG,AA,TT,TT,CC,NN,AA,AC,CC,GG,TT,CC,TT,AA,AA,TT,CC,GG,CC,AG,CC,GG,TT,AG,CC,CC,AC,NN,AA,TT,AC,AA,CC,CC,AA,TT,AA,NN,GG,CC,CC,GG,AA,AG,AA,CC,GT,CC,CC,AG,NN,GG,TT,AA,AA,TT,CT,GG,CC,TT,TT,CT,CC,AT,TT,TT,AT,TT,GG,CC,AA,NN,CC,CC,CG,CC,AA,GG,AA,CC,TT,CG,NN,TT,CG,TT,NN,AA,TT,CC,GG,AC,AC,CC,GG,GG,AC,GG,TT,AA,AA,CC,GG,AA,AC,AA,AA,NN,TT,AT,AT,GG,TT,AA,CC,AT,TT,AA,GG,AA,TT,AA,TT,CC,TT,CC,CC,TT,CG,GG,CC,GG,CC,TT,TT,TT,GG,TT,AA,CC,AA,GT,CC,CC,GG,CC,GG,AT,AA,CG,TT,AG,CC,CC,AA,AG,CC,NN,NN,AA,AA,AC,CC,AA,TT,AA,GG,AA,AA,AC,AA,GG,AA,AA,AA,AT,GG,AC,NN,CC,AA,CT,AA,AA,CG,GG,GG,GT,AA,AA,TT,TT,TT,AA,AT,GG,GG,AA,8.81,Moderate,High,Standard,Early
L0355,Davangere,Karnataka,Rabi,Black Cotton,Irrigated,430,25.5,58,AA,TT,AG,GG,GG,CC,GT,TT,CC,CC,AA,CC,CC,AA,GT,GG,GG,TT,TT,AA,CG,TT,TT,CC,TT,CC,GT,TT,GT,AA,TT,CC,AA,CC,GG,GG,GG,CG,GG,CC,TT,CT,AC,TT,AA,GG,TT,TT,CC,AC,GG,AA,AG,GG,CT,TT,AA,AC,TT,AA,AA,NN,TT,AA,TT,TT,CC,GG,TT,GT,AA,GG,CC,AA,AG,AC,AT,AG,TT,TT,GG,GG,GT,CC,AA,GG,AA,AT,CC,GT,AC,TT,CT,TT,TT,GG,TT,CC,TT,CT,CC,CC,GG,AA,AT,TT,CC,AA,AA,AA,CC,GG,NN,CG,GT,AA,AA,TT,CG,AG,CC,GG,CC,GG,TT,AA,CC,CC,CC,CC,AA,NN,CC,AA,CC,CC,AA,TT,AG,AA,GG,CC,CC,GG,AG,AG,AA,CC,GG,CC,CC,AA,AG,GG,GG,GG,AC,GT,TT,GG,AC,TT,GT,TT,CC,AT,GT,CT,AA,TT,CG,CC,AG,CT,CC,CC,GG,CC,AA,GG,AA,CC,TT,CG,GG,TT,CG,AT,AG,AA,GT,CC,CG,AA,CC,CC,GG,GG,AA,GG,TT,AC,AA,CC,GT,AT,CC,AA,AT,GT,TT,TT,AA,GG,GG,AA,CC,AT,GT,AT,AG,AA,CT,AA,TT,GG,CT,AA,CC,TT,CG,AA,NN,GG,CC,TT,CT,GG,GG,TT,AA,AA,AG,GT,CC,CC,GG,CC,GG,TT,AG,CC,GT,GG,CC,CG,AT,GG,CG,AT,CG,AA,AA,AC,CC,AC,TT,AA,GG,AA,AA,AC,AA,AG,AG,AA,AA,TT,GG,AC,AG,AC,AA,CC,AA,AA,GG,GG,GG,TT,AA,AA,TT,TT,TT,AG,TT,GG,GG,AA,9.08,Susceptible,Low,Standard,Early
L0356,Davangere,Karnataka,Rabi,Black Cotton,Irrigated,430,25.5,58,CC,CT,AG,AA,GG,CG,GG,TT,CC,CC,AA,CC,CC,AT,TT,GG,CG,TT,TT,AA,CG,TT,TT,CC,TT,CC,TT,TT,GG,AA,CT,CC,AG,CC,GG,GG,GG,CG,GG,CC,TT,TT,AA,TT,AA,GG,TT,AA,CC,AC,GG,AA,AA,GG,CT,TT,AA,AA,GG,AA,AA,GT,AT,AA,TT,TT,CC,GG,TT,GG,AA,GG,CC,AA,GG,AA,AT,AG,TT,TT,GG,GG,GG,CC,AA,GG,AA,AA,CC,TT,CC,GT,TT,TT,GT,AG,CT,CC,GT,CC,CC,CG,AG,AA,TT,TT,CC,AA,AA,AA,CC,GT,GT,CC,TT,AA,AA,TT,NN,AG,CG,NN,CC,GT,TT,AA,CC,CC,CC,CC,AA,TT,CC,AA,CC,CC,AA,TT,AG,AA,GG,CC,CC,GG,AA,GG,AA,CC,GT,CC,CG,AA,AA,AG,TT,GG,AA,GT,TT,GG,CC,TT,GT,TT,CC,AT,TT,TT,AA,TT,CG,CC,AA,CC,CC,CC,CG,AC,AA,GG,AG,CC,TT,CC,TT,TT,GG,TT,AA,AA,GT,CC,GG,AA,CC,CC,GG,GG,AA,GG,TT,AC,AA,CC,GT,AA,AC,AA,AT,GT,GT,TT,AT,CG,TT,AT,CG,TT,GT,AA,GG,AA,TT,AC,TT,CG,TT,AA,CC,TT,GG,NN,CG,GG,CC,AT,TT,GT,GG,TT,AA,NN,AA,GG,CC,CC,GG,CC,GG,AT,AA,CG,TT,GG,CC,CG,AT,AG,CC,AT,CC,AA,AA,AC,CG,CC,TT,AA,GG,AA,AA,AC,AA,GG,AG,AA,AA,TT,GG,AC,AA,AC,NN,TT,AA,AA,GG,AG,GG,GT,AA,AA,TT,TT,TT,NN,TT,NN,CG,AA,9.48,Susceptible,Low,Premium,Early
L0357,Davangere,Karnataka,Rabi,Black Cotton,Irrigated,430,25.5,58,AA,TT,GG,AG,GG,CC,GT,TT,CC,CC,AA,CT,CG,AT,TT,GG,GG,TT,TT,AA,CC,GG,GG,CT,TT,CC,TT,TT,GT,AA,TT,CC,AA,CC,GG,GG,GG,CC,GG,CC,GT,TT,AA,TT,AA,GG,TT,TT,CC,AA,GG,AA,AA,GG,CT,TT,AA,AA,TT,AC,AA,TT,TT,AA,TT,TT,CC,GG,TT,GG,AA,GG,NN,AA,GG,CC,AT,GG,GT,CT,GG,GG,GT,CC,AA,GG,AA,AT,CC,TT,CC,TT,CC,TT,GT,AG,TT,AC,GT,CC,CC,CC,AA,AA,TT,TT,CG,AA,AA,AA,CT,GG,TT,CC,TT,AA,AA,TT,CC,GG,CC,AG,CC,GG,TT,AA,CC,CC,CC,CC,AA,TT,CC,AA,CC,CC,AA,TT,AA,AA,CG,CC,CG,GG,AA,GG,AA,AA,GG,CC,CC,AG,AA,AG,TT,GG,AC,TT,CT,GG,AC,TT,TT,TT,CC,AT,TT,TT,AA,TT,GG,CC,AG,CC,AC,AC,GG,CC,AA,GG,GG,AC,TT,CC,GT,GT,GG,NN,AA,AA,TT,CC,GG,AA,AC,CC,GG,GG,AA,GG,TT,AA,AA,CC,GG,AA,CC,AA,TT,GT,TT,TT,AA,GG,GG,AT,CC,AT,GT,AA,GG,AG,TT,AC,TT,CC,CT,AA,CC,TT,CC,NN,CC,AG,AA,TT,CC,TT,GG,TT,AA,CC,AA,GT,CC,CC,GG,CC,GG,TT,AA,CC,GT,GG,CC,CC,AA,GG,CC,AT,CC,AA,AA,CC,CC,AC,TT,AA,GG,AA,AA,AA,AA,GG,AA,AA,AA,TT,GG,AC,AG,CC,AC,CT,AA,AA,CG,GG,CG,TT,AT,AA,TT,TT,TT,AA,TT,GG,GG,AC,8.32,Resistant,Low,Standard,Early
L0358,Davangere,Karnataka,Rabi,Black Cotton,Irrigated,430,25.5,58,AC,TT,GG,AG,CG,CC,GT,AT,CC,GG,AA,CC,GG,TT,GT,GG,CC,TT,TT,AG,CC,GT,GT,CC,TT,CC,TT,TT,GG,AA,TT,CC,AA,CC,GG,GG,GG,CC,GG,AC,TT,TT,AA,TT,AG,GG,TT,AT,CC,AC,GG,AA,AG,GG,CC,TT,AA,AA,GT,AA,AA,TT,AA,AA,NN,TT,CC,GG,TT,GT,AG,GG,CC,AA,GG,AC,AA,GG,GT,TT,GG,GG,GG,CC,AT,GG,AA,AA,CC,TT,CC,GT,CC,TT,GT,GG,TT,NN,GT,CC,CC,CC,AG,AA,TT,TT,NN,AA,AA,AC,CC,GG,TT,CC,TT,AA,AA,TT,CG,NN,CC,GG,CC,GT,TT,AA,CC,CC,CC,CC,AA,TT,CC,AA,CC,CC,AA,AT,AA,AA,GG,CT,CC,GG,AA,GG,AA,CC,GT,CC,CC,AG,AA,GG,TT,GG,AA,GT,TT,GG,CC,GT,TT,TT,CC,AA,TT,TT,AA,TT,GG,CC,AG,CC,CC,AC,CG,CC,AA,GG,AG,CC,TT,CC,GT,TT,GG,AT,AA,AA,TT,CC,GG,AA,CC,CC,GG,GG,AA,GG,TT,AA,AA,CC,GG,AT,AC,AA,AA,NN,TT,AT,AA,GG,GT,AA,CC,AT,TT,AA,GG,AA,TT,AA,TT,CC,CT,AA,CC,CT,GG,AG,CC,AA,CC,TT,TT,TT,GG,TT,AC,CC,AA,GG,CC,CC,GG,CC,GG,TT,AA,NN,GT,GG,CC,CG,AA,GG,CC,AT,CC,AA,AA,CC,CG,CC,TT,AA,GG,AA,AC,AC,AA,AA,GG,AA,AG,TT,GG,AA,GG,CC,AC,CT,AA,AA,GG,GG,CC,NN,AA,AA,TT,TT,TT,AG,AT,GG,GG,AC,4.66,Resistant,Low,Premium,Late
L0359,Davangere,Karnataka,Rabi,Black Cotton,Irrigated,430,25.5,58,AC,CT,GG,NN,GG,CC,GT,AT,CC,CG,AA,CC,CG,TT,TT,GG,GG,TT,TT,AA,CC,GT,TT,CC,TT,CC,TT,AT,GT,AA,CC,CC,AA,CC,GG,CG,GT,CG,GG,CC,TT,TT,AA,GT,AA,GG,TT,TT,CC,CC,GG,AA,AG,GG,CC,TT,AA,AA,TT,AC,AA,TT,AT,GG,TT,TT,CC,NN,TT,GG,AG,NN,CC,AA,GG,AA,AT,AG,TT,TT,GG,GG,GT,CC,AA,GG,AA,AA,CC,GG,CC,TT,CC,AT,TT,GG,TT,CC,GG,CC,CT,CC,AG,AA,TT,TT,CC,AA,AG,AA,CC,GG,TT,CG,NN,AC,AC,TT,CC,GG,CG,GG,NN,GG,CT,AG,CC,CC,CC,CC,NN,TT,CC,AA,CC,CT,AA,AT,AA,AA,CG,CT,CC,GG,AA,AA,AA,CC,GG,CC,CC,AA,AG,GG,GT,AG,CC,GT,TT,AG,AC,TT,TT,TT,CC,AA,TT,TT,AT,AT,CG,CC,AA,CC,CC,CC,CG,CC,AA,GG,AA,CC,TT,CC,GT,GT,GG,AT,AA,NN,TT,AA,GG,AC,CC,CC,GG,AG,AA,GG,TT,AA,AG,CG,GG,AA,CC,AA,AA,GG,TT,AT,AT,CG,GT,AT,CG,TT,TT,AA,GG,AA,TT,AA,TT,CC,TT,AC,CC,TT,CG,AA,CC,GG,AC,TT,TT,GG,GG,TT,AA,AA,AA,GG,CC,CC,GG,CC,GG,TT,AA,CC,GT,GG,CC,CG,AA,GG,NN,AA,CC,AA,AA,AA,CG,CC,TT,AA,GG,AA,AA,AA,AA,GG,AA,AA,AA,TT,CG,NN,AG,AC,AA,TT,NN,AA,GG,GG,GG,TT,AT,AG,TT,NN,TT,AG,AT,GG,GG,AA,3.91,Susceptible,Low,Standard,Medium
L0360,Davangere,Karnataka,Rabi,Black Cotton,Irrigated,430,25.5,58,AA,TT,AG,AG,GG,CC,GT,AT,CC,CC,AT,CC,CC,AT,TT,GG,GG,TT,TT,AA,CG,TT,GG,CC,TT,CC,TT,AT,GG,AA,TT,CT,AA,CC,GG,GG,GG,CG,GG,CC,TT,TT,AA,GT,AA,GG,TT,TT,CC,NN,GG,AT,GG,GG,CT,GT,AA,AC,GT,AA,AA,TT,AT,AG,TT,TT,CC,GT,CT,GT,AG,GG,CC,AA,GG,AA,NN,GG,TT,TT,AG,GG,GG,CC,AA,GG,AA,AA,CC,TT,CC,TT,NN,TT,GT,GG,TT,CC,GT,CC,CT,CC,AA,AA,AT,TT,CC,AA,AA,AA,CC,GG,TT,CC,GT,AC,AA,TT,CC,GG,CC,AG,CC,GG,TT,AA,CC,CC,CC,CC,AG,TT,CC,AA,CC,CC,AG,TT,AA,AA,GG,CC,CC,AG,AA,AG,AA,CC,GT,CC,CC,AA,AG,GG,TT,AG,AA,GT,CT,AG,CC,TT,TT,TT,CC,AA,TT,TT,AA,AT,GG,CC,AG,CT,CC,CC,CG,AC,AA,GG,AA,CC,TT,CG,GG,GT,GG,TT,AA,NN,TT,CC,GG,CC,CC,CC,GG,GG,AA,GG,TT,AA,AG,GG,GT,AA,AA,AA,AT,GG,GT,TT,AA,CG,GG,AT,CG,TT,GT,AA,GG,AA,CC,AA,TT,CC,TT,AA,CC,TT,CC,AG,CG,AA,AC,TT,TT,TT,GG,TT,AA,CC,AA,GT,CC,CG,GG,CC,GG,TT,NN,CC,GT,GG,CC,CC,AA,GG,CC,AA,CG,AA,AA,AA,CG,CC,TT,AA,GG,AA,AA,AA,AA,AA,AG,AG,AA,AT,GG,AC,AG,AA,AC,TT,AA,AA,GG,GG,GG,GT,AT,AA,TT,TT,TT,AG,AT,GG,CG,AA,7.53,Susceptible,Medium,Premium,Early
L0361,Davangere,Karnataka,Rabi,Black Cotton,Irrigated,430,25.5,58,AC,TT,AG,AA,GG,CC,GG,AT,CC,CG,AA,CC,CC,AT,GT,GG,GG,TT,TT,AA,CC,TT,TT,CT,TT,CC,TT,TT,GG,AA,TT,CC,AA,CC,GG,GG,GG,CG,GG,CC,TT,CT,AC,TT,NN,AG,TT,TT,CC,AC,GG,AT,AA,GG,CC,TT,AA,AA,GG,AC,AG,TT,TT,AA,TT,AT,CC,GG,TT,GG,AA,GG,CC,AA,AG,AC,AA,GG,TT,TT,GG,GG,GG,CC,AA,GG,AA,AA,CC,GT,AC,TT,CT,TT,TT,GG,CT,CC,TT,CC,CC,CC,AA,AA,TT,TT,CG,AA,AG,AA,CC,GG,TT,CC,TT,AC,AA,TT,CG,AG,CG,GG,CC,GG,TT,AA,CC,CC,AC,CC,AA,TT,CC,AA,CC,CT,AA,TT,AA,AA,CG,CC,CC,GG,AG,AA,AA,NN,GG,CC,CC,AA,AG,GG,GT,GG,AA,TT,CC,NN,CC,GT,TT,CT,CC,AA,GT,CT,AT,TT,GG,CC,AA,CT,CC,CC,GG,CC,AA,GG,AG,CC,NN,CC,GT,GT,GG,TT,AA,AA,TT,CC,GG,AA,CC,CC,GG,GG,AA,GG,TT,AA,AA,CC,GG,AA,CC,AT,AA,GG,TT,TT,AT,GG,TT,AT,CG,AA,GT,AA,GG,AA,TT,AA,TT,CC,TT,AA,CC,CT,GG,AA,CC,AA,CC,TT,CT,TT,GG,TT,AA,AA,AG,GG,CC,CG,GG,CC,GG,AT,AG,CC,TT,GG,CC,CC,AT,GG,CG,TT,CC,AT,AA,AC,CC,AC,TT,AA,GG,AA,AA,AA,AC,GG,AA,AA,AA,AT,CG,AA,GG,CC,AA,CC,AA,AA,GG,GG,GG,TT,AT,AG,GT,TT,TT,AA,AT,GG,GG,AA,8.42,Moderate,Low,Premium,Early
L0362,Davangere,Karnataka,Rabi,Black Cotton,Irrigated,430,25.5,58,CC,TT,GG,AG,GG,CG,GG,TT,CC,CC,AA,NN,CC,AT,GT,GT,GG,TT,TT,AG,CG,TT,TT,CC,TT,CC,TT,AT,GT,AA,TT,CT,AA,CC,GG,GG,GG,CC,GG,AC,TT,CT,AA,TT,AA,AG,TT,TT,CC,CC,GG,AA,AA,GG,CC,GT,AA,AA,TT,AC,AG,TT,TT,AA,CT,TT,CC,GG,TT,GG,AA,GG,CC,AA,GG,AC,AT,GG,TT,TT,GG,GT,GG,CC,AT,GG,AG,AA,CC,NN,CC,TT,CT,AT,TT,AG,TT,CC,GG,CC,CC,CC,AG,AA,TT,TT,CG,AA,GG,AA,CT,GG,NN,CG,TT,AA,AC,TT,CC,GG,CC,GG,CC,GT,TT,AG,CC,CC,CC,CC,AA,GT,AC,AA,CC,CT,AA,TT,AA,AA,GG,CC,NN,GG,NN,AA,AA,CC,GT,CC,CG,AG,AG,GG,TT,AG,CC,GT,NN,GG,AC,GT,GT,TT,CG,AT,GT,TT,AA,TT,CG,CC,AA,CT,CC,CC,GG,CC,AA,GG,AA,CC,TT,CC,GT,TT,GG,AT,AG,AA,TT,CC,GG,AA,CC,CC,GG,GG,NN,GG,TT,AA,AA,CC,GG,AA,CC,AA,AT,GG,TT,TT,AT,GG,GT,AT,CG,NN,TT,AA,GG,AA,CT,AA,TT,CG,CT,AC,CC,CT,GG,AG,CC,AG,CC,TT,TT,TT,NN,TT,AA,AA,AA,GG,CC,CC,NN,CC,GG,AT,AA,CG,TT,GG,CC,CG,AT,GG,CC,AA,CC,AA,AG,CC,CG,CC,TT,AA,CG,AA,AA,AA,AA,AG,AG,AA,AA,TT,GG,AA,AG,CC,CC,CT,AA,AG,GG,AG,GG,TT,AA,AG,TT,TT,TT,AG,AT,GG,GG,AA,8.52,Susceptible,High,Standard,Early
L0363,Davangere,Karnataka,Rabi,Black Cotton,Irrigated,430,25.5,58,AC,TT,AG,AG,GG,CC,GG,AA,CC,CC,AT,CC,CC,AT,TT,GT,GG,TT,AT,AA,CG,TT,TT,CT,TT,CC,TT,TT,GG,AA,TT,CC,AA,CC,GG,CC,GG,CC,GG,CC,TT,TT,AA,TT,AA,GG,TT,TT,CC,AC,GG,AA,AA,GG,CT,GT,AA,AC,GG,AA,AG,TT,AA,AA,CT,AA,CC,GG,TT,GG,AA,GG,CC,AA,AG,AA,AA,NN,GG,TT,GG,GG,GG,CC,AA,GG,AA,AA,CC,TT,CC,TT,CT,TT,TT,AG,TT,CC,TT,CC,CC,CG,GG,AA,AT,TT,CC,AA,AA,AA,CT,GG,TT,CC,TT,AA,AA,AT,CC,GG,CG,GG,CC,GT,TT,AA,CC,CC,CC,CC,NN,TT,CC,AA,CC,CC,AA,TT,AA,AA,GG,CC,CC,GG,AA,AG,AA,CC,GT,CC,CG,AA,AA,GG,TT,GG,AC,TT,TT,AG,CC,GT,GT,TT,CC,AA,TT,TT,AA,AT,GG,CC,AA,CT,CC,AC,GG,CC,AA,GG,AA,CC,TT,CC,GT,TT,GG,AT,AA,GG,TT,CC,CG,AA,AC,CG,GG,GG,AC,GG,TT,CC,AA,CC,GG,AA,AC,AA,AA,GG,NN,AT,AA,CG,GG,AA,CG,TT,GT,AA,GG,AA,CC,AA,TT,CG,TT,AA,NN,TT,CG,GG,CC,GG,CC,TT,TT,GT,GG,AT,AA,AC,AG,GG,CC,CC,GG,CC,GG,TT,AA,CC,TT,GG,CC,CG,AA,GG,CC,AT,CC,AT,AA,AC,CG,CC,TT,AA,NN,AA,AA,AC,AA,GG,AA,AA,AG,AT,GG,AA,NN,CC,AA,TT,AA,AA,GG,NN,GG,TT,AT,AA,TT,TT,TT,AG,AT,GG,CG,AA,5.69,Moderate,Medium,Premium,Late
L0364,Davangere,Karnataka,Rabi,Black Cotton,Irrigated,430,25.5,58,AA,TT,GG,AG,GG,CC,GT,TT,CC,GG,AA,CC,CC,AT,GT,GG,CG,TT,TT,AA,CC,TT,GT,CC,AT,CC,TT,TT,GG,AA,TT,CC,AA,CC,GG,GG,GG,CC,GG,CC,TT,CT,AA,GT,AG,GG,NN,TT,CC,AC,GT,AA,AA,GG,CC,GT,AA,AC,GT,AA,AG,TT,TT,AG,CT,TT,CC,GG,TT,GT,AA,GG,CC,AA,GG,AC,TT,GG,GT,TT,GG,GG,GT,CC,AT,GG,AA,AA,CC,NN,CC,TT,TT,AT,GT,GG,TT,CC,TT,CC,CC,CC,GG,AA,TT,TT,CC,AA,AA,AC,CC,GG,TT,CC,GT,AA,AC,TT,CG,GG,CG,GG,CC,TT,TT,AG,CC,CC,CC,CC,AG,TT,CC,AA,CC,CC,AA,TT,AG,AA,GG,CC,CC,AG,AA,AG,AA,CC,GG,CC,CC,AA,AG,GG,TT,GG,AA,GT,CC,GG,CC,TT,TT,TT,GG,AA,TT,CT,AA,AT,CG,CC,AA,CC,CC,CC,CC,AC,AA,GG,AA,CC,TT,CC,GT,TT,GG,TT,AA,AG,TT,CC,GG,AA,CC,CC,GG,GG,AC,GG,CT,AA,AA,CC,GG,AA,AC,AA,AT,GG,GT,AT,AA,GG,TT,AA,CC,AT,TT,AA,AG,AA,TT,AA,TT,CC,TT,AC,CC,CT,CG,AG,CC,AA,CC,TT,CT,NN,GG,NN,AC,AC,AG,GG,CC,CG,GG,CC,GG,TT,AA,CC,TT,GG,CC,CC,AT,GG,CG,AT,CC,AA,AA,CC,CG,CC,TT,AA,GG,AA,AA,AC,AC,AG,AG,AA,AA,AT,CG,AA,AA,CC,AA,CT,AA,AA,GG,GG,GG,TT,AT,NN,GT,TT,TT,AG,AT,GG,GG,AA,6.91,Moderate,Medium,Premium,Medium
L0365,Davangere,Karnataka,Rabi,Black Cotton,Irrigated,430,25.5,58,AA,TT,AG,AA,CG,CC,GT,AT,CG,CC,AA,CC,CC,TT,TT,GG,CG,TT,AT,AA,CC,GT,GG,CC,TT,CC,TT,TT,GG,AA,TT,CT,AA,CC,GG,CG,GG,CC,GG,NN,TT,CT,AA,TT,AA,AG,TT,TT,CC,CC,GG,AT,AA,GG,NN,TT,AA,AA,GT,NN,AA,GT,AT,AG,TT,TT,CC,GG,TT,GG,AA,GG,CC,AA,NN,AA,TT,GG,TT,TT,GG,GG,GT,CC,AT,GG,AA,AT,CC,GT,CC,TT,CT,TT,GT,GG,TT,CC,TT,CC,CC,CC,AG,AA,AT,TT,CC,AA,AG,AA,NN,GG,TT,CG,TT,AA,AA,TT,CG,AG,CC,GG,CT,TT,TT,AA,CC,CC,CC,CG,AG,TT,CC,AA,CC,TT,AA,TT,AA,AA,GG,CT,CC,AG,AA,AG,AA,CC,GG,CC,CC,AA,AG,GG,TT,GG,CC,TT,CC,GG,AC,TT,TT,CT,CC,AT,TT,TT,AA,AT,GG,CC,AA,CT,AC,CC,GG,CC,AA,GG,AG,CC,TT,CC,GT,TT,GG,AT,AA,AA,TT,CC,CG,AA,CC,CC,GG,AG,AA,GG,CT,AA,AA,CC,GT,AA,CC,AA,AA,GG,TT,AT,AA,CG,TT,AA,CG,AT,TT,AA,GG,AA,CT,AA,TT,CC,TT,AA,AC,TT,CG,AA,CC,AA,CC,TT,CC,GT,GG,TT,AC,AA,AG,GG,CC,CG,GG,CC,GG,TT,AG,CC,GT,GG,CC,CC,AA,GG,CC,AA,CG,AA,AA,AC,CG,CC,TT,AA,GG,AA,AA,AC,AA,AG,AG,AA,AA,TT,GG,AA,AG,AC,AA,TT,AA,AA,CG,AG,GG,GT,AA,AA,GT,TT,AT,GG,AA,GG,GG,AA,7.33,Susceptible,High,Poor,Late
L0366,Davangere,Karnataka,Rabi,Black Cotton,Irrigated,430,25.5,58,CC,TT,AG,AA,GG,CC,GT,AT,CC,CG,AA,CC,CC,TT,TT,TT,CG,TT,TT,AG,CC,TT,TT,CT,TT,CC,TT,AT,GG,AA,TT,CC,AA,CC,GG,CG,GG,CG,GG,CC,TT,CT,AA,TT,AA,AA,CT,TT,CC,CC,GT,AA,AG,GG,TT,GT,AA,AC,GT,AC,AG,TT,TT,AA,TT,TT,CC,GG,TT,GG,AA,GG,CC,AA,GG,CC,TT,GG,TT,TT,GG,GG,GG,CC,AA,GG,AG,AT,CC,TT,CC,TT,CC,TT,GT,GG,CT,AC,GG,NN,CT,CC,AG,AA,TT,TT,CC,AA,AA,AA,CT,NN,TT,CG,TT,AC,AA,TT,CC,GG,CC,GG,CC,GG,CT,AA,CC,CC,CC,CC,AA,GT,NN,AA,CC,CC,AA,TT,AG,AA,GG,CT,CC,GG,AA,AG,AA,CC,GG,CC,CG,AG,AA,GG,TT,AG,AA,TT,CT,GG,CC,GG,TT,TT,CC,AT,TT,CT,AA,AA,GG,CC,AA,CT,CC,CC,GG,AC,AA,GG,AG,CC,TT,CC,GG,TT,GG,AT,AG,AG,TT,AC,GG,AC,AC,CC,GG,GG,AA,CG,TT,AC,AA,CC,GG,AT,CC,AA,AA,GG,GT,TT,AT,GG,GG,AT,CC,TT,TT,AA,AG,AA,TT,AA,TT,CC,TT,AA,CC,TT,CG,AA,CC,GG,CC,TT,CT,TT,GG,TT,AA,CC,AA,GT,CC,CC,GG,CG,GG,TT,AA,CG,GT,GG,CC,CC,AA,GG,CC,AT,CC,AA,AA,CC,CG,AC,TT,AA,GG,AA,AA,AC,AA,AG,AG,AA,AA,TT,CG,AA,AA,AC,AC,CT,AA,AG,GG,AG,GG,TT,AA,AA,GT,TT,TT,GG,TT,GG,GG,AA,8.79,Resistant,Low,Poor,Early
L0367,Davangere,Karnataka,Rabi,Black Cotton,Irrigated,430,25.5,58,AA,TT,GG,AA,GG,CC,GG,AT,CC,CG,AA,CT,CC,AA,TT,GG,GG,TT,TT,AA,CC,TT,GT,TT,TT,CC,TT,TT,GT,AA,TT,CT,AA,CC,AG,CC,GG,CG,GG,CC,TT,CT,AA,TT,AA,AA,TT,AT,CC,AC,GT,AT,AA,GG,CC,TT,AA,AA,GG,AC,AA,TT,TT,AG,TT,TT,CC,GG,TT,GG,AA,GT,CC,AA,GG,AC,AA,GG,TT,TT,GG,GG,GG,CC,AA,GG,AA,AA,CC,GT,AC,GG,CC,TT,TT,GG,TT,CC,GG,CC,CC,CC,AG,AA,TT,TT,CC,AA,AA,AA,CT,GG,TT,CC,TT,AA,AA,TT,CG,AA,CC,AG,CC,GG,TT,AA,CT,CC,CC,CC,AA,GT,CC,AA,CC,CT,AA,AT,AA,AT,GG,CC,CC,GG,AA,AA,AA,CC,GT,CC,CC,AA,AA,GG,TT,GG,AA,TT,TT,GG,AC,TT,GG,TT,CC,AT,TT,TT,AT,TT,GG,CC,AA,CT,CC,CC,GG,CC,AA,GG,GG,CC,TT,CC,GT,GG,GG,TT,AA,AG,TT,CC,GG,AA,CC,CC,GG,AA,AA,GG,TT,AC,AA,CC,GG,AT,AC,AA,TT,GG,TT,TT,AT,CG,TT,AA,CC,TT,TT,AA,GG,AA,TT,CC,TT,CC,TT,AC,CC,CT,CG,AG,CC,AG,AC,TT,CT,GT,GG,TT,AC,AC,AG,GG,CG,CG,CG,CC,GG,AT,AG,CC,GT,GG,CC,CG,AA,AG,CG,AA,CC,AA,AA,CC,CC,CC,TT,AG,GG,AT,AC,AA,AA,AG,GG,AA,AA,AT,GG,AC,GG,AC,AC,TT,AG,AA,GG,GG,GG,TT,AA,AG,GT,NN,TT,AG,TT,GG,CG,AA,6.37,Susceptible,High,Poor,Early
L0368,Davangere,Karnataka,Rabi,Black Cotton,Irrigated,430,25.5,58,AC,TT,GG,AA,GG,CC,GG,NN,CC,CC,AA,CC,CG,TT,TT,GT,CG,TT,TT,AA,CC,GT,TT,CC,TT,CC,TT,TT,GT,AA,TT,CC,AG,CC,AG,CG,GG,CC,GG,CC,NN,TT,AA,TT,AG,AG,TT,TT,CC,CC,GG,AA,AG,GG,CC,TT,AA,AC,GG,AA,AA,TT,AT,AA,TT,TT,CC,GG,NN,GG,AA,GG,CC,AA,AG,AC,AT,GG,TT,TT,GG,GG,GG,CC,AT,GG,AA,AA,CC,TT,CC,TT,CT,AT,TT,GG,TT,AC,GT,CC,CT,CC,GG,AA,AT,TT,CC,NN,GG,AA,CC,GG,TT,CG,TT,AC,AA,TT,CC,GG,CC,GG,CC,GT,TT,AA,CT,CC,CC,CC,AA,TT,CC,AA,CC,CT,AA,AT,AA,AA,GG,CC,CC,GG,AG,AG,AT,AC,GG,CC,CC,AG,AG,GG,TT,AG,AA,GT,TT,AA,CC,TT,GT,TT,CC,AA,TT,CT,AA,TT,NN,CC,AG,CC,AC,CC,GG,CC,AA,GG,AA,CC,TT,CG,GG,TT,GG,AT,AA,AA,TT,AC,GG,AC,AC,CC,GG,AG,AA,GG,NN,AC,AA,CC,GT,AA,AC,AA,TT,GG,GT,AA,AA,GG,GT,AA,CC,AT,GG,AA,GG,AA,TT,AA,TT,CC,TT,AA,AC,TT,GG,AG,CC,AG,CC,TT,CT,TT,GG,TT,AA,AC,AG,GG,CG,CC,GG,CC,GG,TT,AA,CC,GG,GG,CC,CC,AA,GG,CC,AT,CC,AA,AA,CC,CC,AA,TT,AA,GG,AA,AC,AC,AA,GG,GG,AG,AA,AT,GG,AA,AG,AC,AA,CT,AA,AA,GG,GG,GG,TT,AA,AA,TT,TT,TT,AG,AT,GG,GG,AA,6.06,Moderate,Low,Premium,Medium
L0369,Davangere,Karnataka,Rabi,Black Cotton,Irrigated,430,25.5,58,AA,CT,GG,AA,GG,CC,GT,AT,CC,CC,AA,CT,CC,TT,TT,GG,GG,AT,TT,AA,CC,GT,TT,CC,TT,CT,TT,TT,GG,AA,TT,CC,AA,AC,GG,GG,GG,CC,GG,CC,TT,CT,AA,TT,AG,AA,TT,TT,CC,CC,GG,AT,AA,GG,CC,GT,AA,AA,TT,AC,AA,TT,TT,AG,TT,TT,CC,GG,TT,GG,AA,GT,CC,AA,GG,NN,AA,GG,TT,TT,GG,GT,GT,CC,AT,GG,AA,AA,CG,TT,CC,TT,CC,TT,GT,GG,TT,CC,GT,CC,CC,CC,AG,AA,AT,TT,CC,AG,AA,AA,CC,GG,TT,CC,GG,AA,AC,TT,CG,GG,CC,GG,CC,GG,TT,AA,CC,CC,CC,CC,AA,GT,AC,AA,CC,CC,AA,AT,AA,AA,GG,CT,CC,GG,AA,AA,AA,CC,GG,CC,CC,AA,AA,AG,TT,AG,AC,TT,CT,AG,AC,TT,GT,TT,CC,AA,TT,TT,AA,TT,NN,CC,AG,CT,CC,CC,CC,CC,AA,GG,GG,CC,TT,CG,GT,GT,GG,AT,AA,AA,TT,AC,GG,AA,CC,CC,GG,GG,AA,CG,TT,AA,AG,CC,GG,AA,CC,AA,AT,GT,TT,TT,AA,CC,GT,AA,CG,TT,GT,AA,GG,AA,CT,AA,TT,CC,CC,AA,CC,CT,CG,AA,CC,GG,CC,TT,CT,GT,GG,TT,AA,AC,AG,GG,CC,NN,GG,CC,GG,AT,AG,CC,TT,GG,CC,CC,AT,GG,CC,AT,CC,AA,AA,CC,CC,CC,TT,AA,GG,AA,AA,AA,AC,GG,AG,AA,AA,TT,GG,AA,AG,CC,AA,CT,AA,AA,GG,GG,GG,GG,AA,AA,GT,TT,AT,AG,TT,GG,GG,NN,7.98,Moderate,High,Poor,Early
L0370,Davangere,Karnataka,Rabi,Black Cotton,Irrigated,430,25.5,58,AA,TT,GG,GG,GG,CC,GT,TT,CC,CC,AA,CC,CC,TT,TT,GT,CG,TT,TT,AA,CC,TT,GT,CC,TT,CC,GT,TT,GG,AA,TT,CT,AA,CC,GG,GG,GG,CG,GG,CC,TT,TT,AA,TT,AG,GG,TT,AA,CC,AC,TT,AA,AA,GG,CC,GT,AA,AC,GT,AC,AA,TT,AA,AG,CT,AT,CC,GG,TT,GT,AG,GG,CC,AA,AG,AA,AA,GG,TT,TT,GG,GG,GT,CC,AT,GG,AA,AA,CC,TT,AA,TT,CC,TT,TT,GG,TT,CC,GT,CC,CT,CG,AG,AA,TT,TT,CC,AA,AA,AA,CT,GG,TT,CG,GT,CC,AC,TT,CC,GG,CC,GG,CC,GG,CT,AA,CT,CC,CC,CC,AA,TT,CC,AA,CC,CT,AA,TT,AA,AA,GG,CC,CC,GG,AA,AG,AA,AC,GG,CC,CC,AA,AA,AG,TT,NN,AC,TT,TT,AG,AA,TT,GT,TT,CC,AA,TT,TT,AA,TT,GG,CC,AG,CT,CC,CC,CG,AC,AA,GG,AA,CC,TT,CC,GT,TT,GG,TT,AA,AA,TT,CC,GG,AA,CC,CC,CG,GG,AA,GG,TT,AA,AA,CG,GG,AT,AA,AA,AA,GT,TT,TT,AT,CG,TT,AA,CG,TT,TT,AA,GG,AA,CC,AA,TT,CC,TT,AA,CC,TT,GG,GG,CC,AA,AC,TT,CT,TT,GG,TT,AA,AA,AA,GG,CC,CG,GG,CG,GG,TT,AG,CG,TT,GG,CG,CC,AA,AG,CC,AT,CC,AA,AA,AC,CC,CC,TT,AA,CG,AA,AA,AA,NN,AA,AA,AA,AA,TT,GG,AC,AG,AC,AA,CT,AA,AA,GG,GG,GG,GT,AA,AG,TT,TT,TT,GG,TT,CG,GG,AA,7.37,Susceptible,Low,Poor,Late
L0371,Davangere,Karnataka,Rabi,Black Cotton,Irrigated,430,25.5,58,CC,TT,AG,AG,CG,NN,GG,TT,CC,CC,AA,CC,CG,NN,GT,GG,CG,TT,TT,AA,CC,GT,GT,CC,TT,CC,GT,TT,GG,AA,TT,CC,AA,CC,GG,CG,NN,CC,GG,CC,TT,TT,AA,GG,AA,GG,TT,TT,CC,CC,GG,AA,AA,GG,CC,TT,AA,AA,GT,AA,AG,TT,TT,AA,TT,TT,CC,GG,TT,GT,AG,GG,AC,AA,GG,AA,AA,GG,TT,TT,GG,GG,GT,CC,AT,GG,AA,AT,CG,GG,AA,NN,CC,TT,TT,AG,TT,CC,GT,CT,CC,CC,AG,AA,TT,TT,CC,AA,AA,AA,CT,GG,TT,CC,GT,AA,AC,TT,CC,AG,CG,GG,CC,GG,TT,AA,CC,CC,AC,CC,AA,TT,CC,AA,CC,TT,AA,TT,AA,AA,CG,CT,CC,AG,AA,GG,AA,CC,GT,CC,CG,AA,AA,GG,TT,GG,AA,TT,CT,GG,CC,GT,GT,TT,CG,TT,TT,CT,AA,TT,GG,CC,AG,CT,CC,CC,CC,CC,AA,GG,AA,CC,TT,CC,GT,TT,GG,TT,AA,AG,TT,CC,GG,AA,CC,CC,GG,GG,AC,CG,TT,AA,AA,CC,GG,AA,CC,AA,AA,GG,TT,AA,AA,CG,TT,AA,CG,TT,GT,AA,GG,AA,CT,AA,TT,CC,TT,AA,CC,TT,GG,AG,CC,AG,CC,TT,CT,GT,GG,TT,AA,AC,AA,GG,NN,CG,GG,CC,GG,TT,AA,CG,GT,GG,CG,CC,AA,AG,CC,AA,CC,AA,AA,AC,CG,CC,AT,AA,GG,AA,AA,AA,AA,AA,AG,GG,AA,TT,CG,AC,AA,AA,AC,CT,AA,AA,GG,GG,GG,TT,AA,AA,GT,TT,TT,NN,AT,GG,CG,AA,9.26,Susceptible,Medium,Premium,Early
L0372,Davangere,Karnataka,Rabi,Black Cotton,Irrigated,430,25.5,58,AC,TT,GG,AG,GG,CC,GG,TT,CC,GG,AA,CT,GG,AT,TT,GG,GG,TT,TT,AA,CG,TT,GT,CC,TT,CC,TT,TT,GG,AA,TT,CC,AA,CC,GG,GG,GG,CC,GG,CC,TT,TT,AA,TT,AA,GG,TT,TT,CC,CC,GG,AA,AA,GG,CC,TT,AA,AC,GT,AC,AA,TT,TT,AG,TT,AT,CC,GG,TT,GT,AA,GG,CC,AA,GG,AC,AT,GG,TT,TT,GG,GG,GG,CC,AA,GG,AA,AA,CC,TT,AC,TT,CC,TT,TT,GG,TT,CC,TT,CC,CC,NN,AA,AG,TT,TT,CG,AA,AG,AA,CC,GG,TT,CG,GT,AC,AC,TT,CC,AG,CC,GG,CC,GT,TT,AA,CC,CC,CC,CC,AA,TT,CC,AA,CC,CC,AA,TT,AA,AA,GG,CC,CC,GG,AG,AG,AA,AC,GG,CC,CC,AA,AA,GG,TT,GG,AC,TT,TT,GG,AC,GT,TT,TT,CG,NN,GT,TT,AA,TT,CG,CC,AG,CC,CC,CC,GG,AC,AA,GG,AA,CC,TT,CC,GT,TT,GG,AT,AA,AA,TT,CC,GG,AC,CC,CC,GG,GG,CC,GG,TT,AA,AA,CC,GT,AA,AC,TT,AA,GG,TT,AT,AA,GG,GT,AT,CC,AT,GT,AA,GG,AA,CT,CC,TT,CC,TT,AA,CC,TT,CG,GG,NN,AG,CC,TT,CT,TT,GG,TT,AA,AC,NN,GG,NN,GG,GG,CC,GG,TT,AA,CC,GT,GG,CC,CC,AA,AG,CG,AT,CC,AT,AA,CC,CC,AC,TT,AA,CG,AA,AA,AA,AA,AG,AG,AG,AA,AT,GG,AA,GG,CC,AC,CC,AA,AA,GG,GG,GG,TT,AA,AA,TT,TT,TT,AA,TT,GG,GG,AA,9.75,Moderate,Low,Poor,Late
L0373,Davangere,Karnataka,Rabi,Black Cotton,Irrigated,430,25.5,58,CC,TT,GG,AA,GG,CG,GG,TT,CC,CG,AT,CT,CG,AT,GT,GG,GG,NN,TT,AA,CG,TT,TT,CC,NN,CC,GT,TT,GT,AA,TT,CC,AA,CC,GG,CG,GG,CG,GG,CC,TT,CC,AA,NN,AA,AG,TT,TT,CC,AA,GG,AA,AA,GG,CC,TT,AT,AA,TT,AA,AG,TT,AT,AA,NN,AT,CC,GG,TT,GG,NN,GG,CC,AA,GG,CC,AA,AG,TT,TT,GG,GG,GG,CC,AA,GG,AA,TT,CC,GG,CC,TT,CC,AT,TT,GG,TT,AC,GT,CC,CC,CG,GG,AA,TT,TT,CC,AG,AG,AA,CC,GG,TT,NN,TT,AA,AA,TT,CC,GG,CC,GG,CC,TT,NN,AA,CC,CC,CC,NN,AA,TT,CC,AA,CC,CC,AG,TT,GG,AT,GG,CC,CC,GG,AG,AA,AA,CC,GG,CC,CC,AG,AA,GG,GT,GG,AC,GG,TT,GG,AC,GT,TT,TT,CC,AT,TT,TT,AA,AT,GG,CC,AG,CT,CC,AC,CC,CC,AA,AG,AA,NN,TT,CC,GG,TT,GG,TT,AG,AA,TT,AC,GG,AA,CC,CC,GG,GG,AC,GG,TT,AA,AA,CC,GG,AA,CC,AA,AT,GG,TT,AT,AA,GG,GT,AT,CG,TT,GT,AA,GG,AA,CT,AA,TT,CC,CT,CC,CC,CT,GG,AG,CC,GG,AC,TT,NN,NN,GG,TT,AC,CC,AA,GG,CC,GG,GG,CC,GG,TT,AA,CC,TT,GG,CC,CG,NN,GG,CC,AA,CC,AA,AA,AA,CC,AC,TT,AA,GG,AA,AA,AA,AC,AA,AG,AA,AG,TT,CG,AA,AG,AC,AC,CT,AG,AA,GG,GG,CG,TT,AA,AA,GT,TT,TT,GG,TT,CG,GG,AC,7.13,Resistant,Medium,Poor,Late
L0374,Davangere,Karnataka,Rabi,Black Cotton,Irrigated,430,25.5,58,AA,TT,AG,AA,GG,CC,GG,AT,CC,CG,AA,CC,CG,TT,TT,GG,CG,TT,TT,AA,CC,TT,TT,CT,TT,CC,TT,AT,GG,AA,TT,CT,AA,CC,AG,CG,GG,CG,GG,AC,TT,TT,AC,TT,AA,GG,TT,AT,CC,AC,GT,AA,AA,GG,CC,TT,AT,AA,GG,AA,AA,GT,TT,AA,TT,TT,CC,GG,TT,GT,AA,GG,CC,AA,GG,AC,AA,GG,TT,TT,GG,GT,GG,NN,AT,GG,AA,AA,CC,TT,CC,TT,CC,TT,TT,GG,CT,CC,GT,CC,CC,CC,GG,AG,TT,TT,CC,AA,AA,AA,CC,GG,TT,CG,TT,AA,AA,AT,CG,AG,CC,GG,CC,GG,CT,NN,CT,CC,CC,CC,AA,TT,CC,AA,CC,CC,AA,TT,AA,AA,CG,CC,CC,GG,AA,AG,NN,CC,GG,CC,CC,AG,AA,AG,TT,GG,AA,TT,TT,GG,AA,TT,TT,TT,CC,TT,TT,TT,AA,AT,GG,CC,AA,CT,CC,CC,CG,CC,AA,GG,AA,CC,TT,CC,GG,TT,GG,TT,AA,AA,TT,CC,CG,AC,CC,CC,GG,GG,CC,GG,TT,AA,AA,CC,NN,NN,CC,AA,AT,GG,GG,TT,AA,GG,GT,AT,CC,TT,TT,AA,GG,AA,CT,AA,TT,CC,CT,AA,CC,TT,GG,GG,CC,AG,CC,TT,CT,TT,CG,TT,AA,AC,AA,GG,CC,CC,GG,CC,GG,AT,AA,CC,GT,GG,CC,CC,AA,GG,CC,AA,CC,AA,AA,AC,CC,CC,TT,AA,GG,AA,AA,AA,AA,GG,GG,AA,AA,TT,GG,AA,AA,AC,AA,TT,AA,AA,GG,GG,CG,TT,AT,AG,GT,TT,TT,AA,AT,GG,CG,AA,8.89,Susceptible,Medium,Poor,Early
L0375,Davangere,Karnataka,Rabi,Black Cotton,Irrigated,430,25.5,58,AC,TT,GG,AG,GG,CC,TT,TT,CC,CG,AA,CC,CG,TT,TT,GG,GG,TT,TT,AA,CC,GT,GT,CC,TT,CC,GT,TT,GG,AA,TT,CC,AA,CC,GG,GG,GG,CC,GG,CC,TT,CT,AA,TT,AA,AG,TT,TT,CC,CC,GG,AT,AA,GG,CT,TT,AA,AA,GG,AA,AG,TT,TT,AG,TT,TT,CC,GG,TT,GG,AG,GG,CC,AA,GG,CC,AT,GG,TT,TT,GG,GG,GT,CC,AA,GG,AA,AA,CG,GT,CC,TT,CT,TT,GG,GG,TT,CC,TT,CC,CC,CG,GG,AA,TT,TT,CC,AA,AG,AC,CT,GG,TT,CG,TT,AC,AA,TT,CG,GG,CC,GG,CC,GT,TT,AA,CC,CC,CC,CC,AA,TT,CC,AC,AC,TT,AA,TT,AA,AA,CG,CT,CC,GG,AG,AA,AA,CC,GT,CG,CC,AG,AA,GG,GT,GG,AA,GG,TT,GG,AC,TT,GT,CT,CG,AT,GT,TT,AA,TT,CG,CC,AG,CC,CC,AC,CG,CC,AA,GG,AA,CC,TT,CC,GT,TT,GG,TT,AA,AA,TT,CC,GG,AC,AC,CC,GG,GG,AA,GG,TT,AA,AA,CG,GG,AA,CC,AA,AT,GT,TT,TT,AA,GG,GT,AA,CC,TT,NN,AA,GG,AA,TT,AA,TT,CC,TT,AA,AC,TT,GG,AG,CC,AA,CC,TT,TT,TT,GG,TT,AA,CC,GG,GG,CC,CG,GG,NN,GG,AA,AA,CC,GT,GG,CC,CG,AT,AG,CC,AA,CC,AT,AA,AC,CC,AC,AT,AG,GG,AA,AC,AC,AA,GG,AG,AA,AA,TT,GG,AA,AG,AC,AC,CT,AA,AA,GG,GG,GG,GT,AT,AA,GT,TT,TT,AG,AT,GG,GG,AA,6.45,Susceptible,Low,Standard,Medium
L0376,Davangere,Karnataka,Rabi,Black Cotton,Irrigated,430,25.5,58,AC,TT,GG,AA,CG,CC,GG,TT,CC,GG,AA,CC,CG,TT,TT,TT,CG,TT,TT,AG,CC,GT,GT,CC,AT,CC,GT,AT,GG,AC,TT,CC,AA,CC,GG,CG,GG,CC,GG,CC,TT,CT,AC,TT,AA,GG,TT,TT,CC,CC,GT,AA,AA,GG,CC,TT,AA,AC,TT,AA,AA,TT,TT,AA,CT,AT,CC,GG,CT,GG,AG,GT,CC,AA,AG,CC,AT,GG,GT,TT,GG,TT,GG,AC,AA,GG,AA,AA,CC,NN,CC,TT,CC,TT,TT,GG,CC,AC,GT,CC,CT,CC,AA,AA,TT,TT,CC,AA,AG,CC,CC,GG,TT,CC,TT,AA,AC,TT,CC,AG,CC,GG,CC,GG,CT,AG,CC,CC,CC,CC,AA,GT,CC,AA,CC,CC,AA,TT,AA,AT,GG,CC,CC,GG,AA,AA,AA,CC,GG,CC,CC,AA,AA,GG,TT,NN,AA,TT,CT,GG,CC,TT,TT,TT,CC,AA,TT,TT,AT,TT,GG,CC,AA,CT,CC,CC,GG,AC,AA,GG,AG,CC,TT,CG,GG,GG,CG,AA,AA,AA,TT,AC,GG,AC,AC,CC,GG,AG,AC,GG,TT,AA,AA,CC,GG,AT,AC,AA,AT,GG,TT,AT,AT,GG,GG,AA,CC,AT,GT,AA,GG,AA,TT,AA,TT,CC,TT,AA,CC,CC,GG,AG,CC,GG,CC,TT,CT,GT,GG,TT,AA,CC,AA,GG,CC,CC,GG,CC,GT,TT,AA,CC,TT,GG,CC,CC,AA,GG,CG,AA,CC,AA,AA,CC,CG,CC,TT,AA,GG,AA,AA,AA,AA,AG,NN,AA,AA,TT,GG,AA,AA,CC,AA,TT,AG,AG,GG,GG,GG,TT,AA,AG,GT,TT,AT,AG,AT,GG,GG,AA,7.91,Moderate,Medium,Premium,Late
L0377,Davangere,Karnataka,Rabi,Black Cotton,Irrigated,430,25.5,58,AC,CT,GG,AA,GG,CC,GG,TT,CC,CC,AA,CC,CG,AT,TT,GG,CC,TT,AT,AA,CC,GT,GT,CC,TT,CT,TT,AT,GG,AA,TT,CC,AA,AC,GG,GG,GG,CC,GG,CC,TT,TT,AC,NN,AG,NN,TT,TT,CC,CC,GG,AT,AA,GG,CT,TT,AA,AA,GT,AC,AA,TT,AT,AA,TT,TT,CC,GG,TT,GG,AA,GG,CC,AA,NN,AC,NN,GG,TT,TT,GG,GG,GT,CC,AA,GG,AA,TT,CG,TT,CC,TT,CT,TT,TT,AG,TT,CC,TT,CC,CT,CC,AA,AG,TT,GT,CC,AA,AG,AA,CT,GG,TT,CC,GT,AA,AA,TT,CC,AG,CC,AG,CC,GT,CT,GG,CT,CC,CC,CC,AG,TT,CC,AA,CC,CT,AA,TT,AA,AT,CG,CT,CC,GG,AA,AA,AA,CC,GG,CC,CC,AG,AA,AG,TT,AG,AC,TT,CC,GG,CC,GT,GT,TT,CG,AA,GT,TT,AT,TT,GG,CC,AA,TT,CC,CC,GG,CC,AT,GG,AG,CC,TT,CC,GT,GT,GG,TT,AA,AA,TT,CC,GG,AA,CC,CC,GG,GG,AC,GG,TT,AA,AA,CC,GG,AA,AC,AA,AT,GG,TT,TT,AT,CG,GT,AT,CG,TT,GT,AA,GG,AA,TT,AA,TT,CG,TT,AA,CC,CT,GG,AG,CC,AG,AC,TT,TT,GG,GG,TT,AC,CC,AA,GG,CC,CC,GG,CC,GG,AT,AA,CG,TT,GG,CC,CC,AT,GG,CG,AA,CG,AA,AA,CC,CG,CC,TT,AA,CG,AA,AA,AC,AA,GG,AA,AG,AA,TT,GG,AA,AG,AC,AA,CT,AG,AA,GG,GG,GG,GT,AT,AG,TT,TT,TT,GG,AT,GG,GG,AA,7.69,Moderate,Medium,Premium,Late
L0378,Davangere,Karnataka,Rabi,Black Cotton,Irrigated,430,25.5,58,AA,CT,GG,AG,GG,CC,GG,AT,CC,GG,AA,CC,CC,TT,TT,GG,GG,TT,TT,AG,CC,TT,TT,CC,TT,CC,TT,AT,GG,AA,CT,CC,AA,CC,AG,GG,GG,CG,GG,CC,TT,TT,AA,TT,AG,AG,TT,TT,CC,AC,GG,AA,AA,GG,CT,TT,AA,AA,GG,AA,AG,TT,TT,AA,TT,TT,CC,GG,CT,GG,AA,GG,CC,AA,GG,AA,AA,GG,TT,TT,GG,TT,GT,CC,AA,GG,AA,AA,CC,GT,CC,TT,CT,TT,NN,GG,CC,CC,GT,CC,CT,CG,AG,AG,TT,TT,CC,AA,AA,AA,CC,GG,TT,CG,GT,AA,AA,TT,CG,GG,CC,GG,CC,GG,TT,AA,CC,CC,CC,CC,AA,TT,CC,AA,CC,CC,AA,TT,AG,AT,CG,CC,CC,GG,AA,AG,AT,CC,GG,CC,CG,AA,AG,AG,TT,GG,AA,GT,CT,GG,CC,TT,GT,CT,CC,AT,TT,TT,AT,TT,CG,CG,AG,CC,CC,AC,GG,CC,AA,GG,GG,CC,TT,CC,GG,TT,GG,AT,AA,AA,GT,CC,GG,AC,CC,CC,GG,GG,AA,CG,TT,NN,AA,CC,GG,AA,AC,AA,AT,GG,TT,AT,AA,GG,GT,AA,CC,AT,GT,AA,GG,AA,CT,AC,TT,CC,CT,AA,CC,TT,CG,AG,NN,GG,CC,TT,CT,TT,GG,TT,AA,AC,AA,GT,CC,CG,GG,CC,GG,TT,AG,CG,GG,GG,CG,CG,AA,GG,CG,AA,CC,AA,AA,AC,CG,CC,TT,AA,GG,AA,AA,AC,AA,GG,AG,AG,AA,TT,GG,AA,AA,AC,AA,CT,AG,AA,GG,AG,CG,TT,AT,AA,TT,TT,TT,GG,AT,GG,GG,AA,7.68,Moderate,Medium,Premium,Early
L0379,Davangere,Karnataka,Rabi,Black Cotton,Irrigated,430,25.5,58,AC,TT,GG,AG,GG,CC,GG,AT,CC,CC,AA,CC,CG,TT,TT,GG,GG,NN,TT,AG,CC,TT,GT,CC,TT,CC,TT,TT,GG,AA,TT,TT,AA,CC,GG,GG,GG,CC,GG,CC,TT,TT,AA,GT,GG,AG,TT,TT,CC,AC,GG,AA,AA,CG,CC,TT,AT,AC,GG,AA,AG,TT,AT,AA,TT,TT,CC,GG,TT,GG,AA,GG,CC,AA,GG,AC,AA,GG,TT,TT,GG,GG,GT,CC,AA,GG,AA,AT,CC,TT,AC,GT,CC,TT,GT,AG,TT,CC,GG,CC,CT,CG,AG,AA,TT,TT,CC,AA,AG,AA,CT,GG,TT,CC,TT,AA,AA,TT,CG,NN,CG,GG,CC,GG,TT,AA,CC,CC,CC,CC,AA,GT,CC,AA,CC,CC,AA,TT,AA,AA,GG,CC,CC,GG,AG,GG,AA,CC,GT,CG,CC,AA,AA,GG,GT,GG,AA,TT,CT,GG,CC,GG,TT,TT,CG,AT,TT,TT,AT,TT,GG,CG,AA,CT,CC,CC,GG,CC,AT,GG,AA,CC,TT,CC,GG,TT,GG,AA,AA,AA,TT,CC,GG,AC,AC,CC,NN,AG,AA,GG,TT,AC,AA,CC,GG,AT,CC,AA,AA,GT,TT,TT,AT,GG,GT,AA,CG,AA,TT,AA,GG,AA,CT,AC,TT,CC,TT,AA,CC,TT,GG,AG,CG,AG,CC,TT,CT,NN,GG,TT,AC,AC,AA,GG,CC,CC,GG,CC,GG,TT,AG,CC,TT,GG,CC,CC,AT,GG,CC,AA,CC,AA,AA,CC,CC,AC,TT,AA,GG,AA,AA,AA,AA,AA,AA,AA,AA,AT,GG,AA,AG,CC,AA,TT,AG,AA,GG,AG,GG,GT,AA,AA,GT,TT,TT,AG,AT,GG,CG,AA,8.0,Moderate,Low,Premium,Medium
L0380,Davangere,Karnataka,Rabi,Black Cotton,Irrigated,430,25.5,58,AA,CT,GG,GG,GG,CC,TT,AT,CC,NN,AA,CC,CC,TT,TT,GG,GG,TT,TT,AA,CC,TT,TT,CC,TT,CC,TT,AT,GG,AA,TT,TT,AA,CC,GG,GG,GG,CG,GG,CC,TT,TT,AA,TT,AG,GG,TT,TT,NN,CC,GG,AA,AG,GG,CC,TT,AA,AC,TT,AA,AA,NN,AA,AA,CT,AT,CC,GG,TT,GG,AG,GG,CC,NN,AG,AA,AT,GG,GT,TT,GG,GT,GG,CC,AT,GG,AG,AA,CC,TT,AC,GT,CT,TT,TT,AG,CT,CC,GT,CT,CC,NN,GG,AA,AT,TT,NN,AA,AG,AA,CT,GG,TT,CG,TT,AC,CC,TT,CC,AA,CC,AG,CC,GT,CT,AA,CC,CC,AC,CC,AA,TT,CC,AA,CC,CC,AA,TT,AA,AA,GG,CC,CC,GG,AA,AA,AA,CC,GT,CC,CC,AA,AG,AG,TT,AG,AA,TT,TT,GG,AC,TT,GT,TT,CG,AA,TT,TT,AA,TT,GG,CC,AG,CT,CC,CC,CC,CC,AA,GG,AG,CC,TT,CC,GT,TT,GG,AT,AA,AA,TT,CC,GG,AC,CC,CC,GG,GG,AC,GG,TT,AA,AA,CC,GG,AA,CC,AA,TT,GG,TT,TT,AA,GG,GT,AT,CC,AT,TT,AA,GG,AA,CT,AA,AT,CG,TT,AA,AC,CT,GG,AG,CG,AG,CC,TT,TT,TT,GG,AT,AA,CC,AA,GG,CC,GG,GG,CC,GG,TT,AA,CC,TT,GG,CC,CG,AA,GG,CG,AT,CC,AA,AA,CC,CG,CC,TT,AA,GG,AA,AA,AC,AA,GG,GG,AG,AA,TT,CG,AC,AA,AC,AA,CT,AA,AA,GG,GG,GG,TT,TT,AA,TT,TT,TT,GG,TT,GG,GG,AA,5.99,Susceptible,Low,Standard,Late
L0381,Davangere,Karnataka,Rabi,Black Cotton,Irrigated,430,25.5,58,AC,CT,GG,AA,GG,CC,GG,TT,CC,CC,TT,CT,CC,TT,TT,GG,CG,TT,AT,AA,CC,GG,GT,CC,TT,CC,TT,TT,GT,AA,TT,CT,AA,CC,GG,CC,GG,CC,GG,CC,TT,CC,AA,GT,AA,GG,TT,TT,CG,AA,GG,AA,AG,GG,CT,TT,AA,AC,GT,AA,AA,TT,TT,GG,TT,TT,CC,GG,TT,GG,AA,GG,CC,AA,AG,CC,AT,GG,TT,TT,GG,GT,TT,CC,AA,GG,AA,AT,CC,TT,CC,TT,TT,TT,TT,GG,TT,CC,TT,CC,CC,CC,AA,AA,TT,TT,CC,AA,GG,AC,CC,GG,TT,CC,GT,AA,AA,TT,CC,AG,CC,GG,CC,GG,TT,AA,CT,CC,CC,CC,AA,TT,CC,AA,CC,CC,AA,TT,AA,AA,GG,CC,CC,GG,AA,AG,AA,AC,GG,CG,CC,AA,AA,AG,TT,GG,AA,TT,CC,AG,AA,TT,TT,TT,CG,AA,GT,TT,AA,TT,GG,CC,AG,TT,CC,CC,GG,CC,AA,GG,AG,AC,TT,CC,GT,TT,GG,AT,NN,AA,TT,CC,GG,AA,CC,CC,GG,GG,CC,GG,TT,AA,AA,CC,GT,AT,AC,AA,AA,GG,TT,TT,NN,CG,GG,AT,CC,AT,TT,AA,GG,AA,TT,AC,TT,CC,TT,AA,CC,TT,GG,GG,CG,AG,CC,TT,TT,GT,GG,TT,AC,CC,AA,GG,CC,CC,GG,CC,GG,AT,NN,CC,TT,GG,CC,CC,AA,GG,CC,AT,CC,AT,AA,AC,CG,AA,TT,AA,CG,AA,AA,AA,AA,GG,AA,AG,AA,TT,GG,AC,AG,CC,AA,TT,AA,AA,GG,AG,GG,TT,AA,NN,TT,TT,TT,AG,TT,GG,GG,AA,6.86,Susceptible,High,Poor,Medium
L0382,Davangere,Karnataka,Rabi,Black Cotton,Irrigated,430,25.5,58,CC,TT,GG,AG,GG,CC,GG,AT,CC,CC,AA,CC,CC,TT,TT,GG,GG,TT,TT,AA,NN,GT,GT,CC,TT,CT,TT,TT,GG,AA,TT,CT,AA,CC,AG,CG,GG,CG,GG,CC,TT,TT,AC,TT,AA,GG,TT,TT,CC,AC,GT,AA,AA,GG,CC,GT,AA,AC,TT,AA,AA,TT,TT,AG,TT,TT,CC,GG,TT,GT,GG,GG,CC,AA,GG,AA,AA,GG,TT,TT,GG,GG,GG,AC,AA,GG,AA,AA,CG,TT,CC,TT,CC,AT,TT,AG,TT,AC,GT,CC,CT,CG,GG,AA,TT,TT,CC,AA,AG,AC,CC,GG,TT,CC,GT,AA,AA,AT,CC,GG,CC,GG,CC,GG,TT,AA,CC,CC,CC,NN,NN,TT,CC,AA,CC,CC,AA,TT,AA,AT,CG,NN,CC,GG,AA,AG,AA,CC,GG,CC,CC,AG,AA,GG,TT,GG,AA,GT,TT,GG,CC,TT,TT,CT,CC,AT,TT,TT,AA,TT,GG,CC,AA,TT,CC,CC,GG,CC,AA,AG,AG,CC,TT,CC,GG,TT,CG,TT,AA,AA,GT,CC,CG,AA,AC,CG,GG,GG,AC,GG,TT,AA,AA,CC,GG,AA,AC,AA,AA,GT,GT,TT,AA,CG,GT,AA,CC,TT,GT,AA,GG,AA,TT,AA,TT,CC,TT,AA,CC,TT,GG,AA,CC,GG,CC,TT,CT,GT,GG,TT,AA,AA,AA,GT,CC,CG,GG,CC,GG,TT,AA,CC,GT,GG,CG,CC,AA,GG,CC,AA,CC,AA,AA,CC,CC,CC,AT,AA,GG,AA,AA,AC,AA,GG,AA,AA,AA,TT,GG,AA,AA,AC,AC,TT,AG,AA,GG,GG,GG,TT,AT,AA,GT,TT,TT,AA,TT,GG,GG,AA,7.81,Resistant,High,Premium,Early
L0383,Davangere,Karnataka,Rabi,Black Cotton,Irrigated,430,25.5,58,AA,TT,GG,AA,GG,CG,GG,AT,CC,CG,AT,CT,CC,AT,TT,GT,GG,TT,TT,AA,CC,GG,TT,CC,TT,CC,TT,TT,GT,AA,TT,CT,AA,CC,GG,NN,GG,CG,GG,CC,TT,NN,NN,TT,AG,GG,TT,TT,CC,AA,GT,AA,AA,GG,CC,TT,AA,AC,NN,AC,AA,TT,TT,AA,TT,AT,CC,GG,TT,GG,AG,GG,CC,AA,AG,AA,AT,GG,TT,TT,GG,TT,GG,CC,AA,GG,AA,AA,CC,GT,CC,TT,CC,AT,TT,GG,TT,CC,GT,CC,CT,GG,GG,AA,AT,TT,CC,AA,AA,AA,CT,GG,TT,CC,TT,AA,NN,TT,CC,GG,CG,GG,CT,GG,TT,AA,CC,CC,CC,CC,AA,TT,CC,AA,CC,CC,AA,TT,AA,AA,GG,CC,CC,GG,AA,AG,AT,AC,GT,CC,CC,AA,AA,GG,TT,GG,CC,GT,TT,GG,CC,GT,TT,TT,GG,AT,TT,TT,AT,AT,GG,CC,AG,CC,CC,NN,GG,AC,AA,GG,AA,CC,TT,CG,GT,TT,GG,AT,AA,AG,TT,CC,CG,AA,CC,CC,GG,GG,AA,GG,TT,AC,AA,CC,GG,AT,CC,AA,TT,GG,GT,TT,AA,GG,TT,AA,CC,TT,GG,AA,GG,AA,CT,AA,TT,CC,TT,CC,CC,TT,CG,AA,CG,AG,CC,TT,TT,TT,GG,TT,AA,AC,AG,GG,CC,CC,GG,CC,GG,AT,AA,CC,GT,GG,CC,CC,AA,GG,CC,AT,CC,AA,AA,AC,CC,AA,TT,AA,GG,AA,AA,CC,AA,AG,AA,AG,AA,TT,GG,AA,AA,AC,CC,CC,AA,AA,GG,GG,GG,TT,AA,AA,TT,TT,TT,AG,AT,GG,NN,AA,7.04,Susceptible,High,Premium,Early
L0384,Davangere,Karnataka,Rabi,Black Cotton,Irrigated,430,25.5,58,AA,TT,GG,AA,GG,CC,TT,TT,CC,CC,AA,CT,CC,TT,TT,GT,GG,TT,TT,AG,GG,TT,GT,CT,TT,CC,GT,NN,GG,AA,TT,CC,AA,CC,GG,CG,GG,CG,GG,CC,NN,TT,AA,GT,AA,GG,TT,TT,CC,AC,GG,AA,AA,GG,CC,GT,AA,CC,GT,AC,AA,GT,AT,AG,CT,AT,CC,GG,TT,GG,AA,GT,CC,AA,GG,AA,AA,GG,TT,NN,GG,GG,GG,CC,AA,GG,AA,AA,CG,GT,CC,TT,CT,AT,TT,GG,CT,CC,TT,CC,CT,CC,AG,AG,TT,TT,CC,AA,AG,AC,CC,GG,GT,CC,TT,AA,AA,TT,CG,AG,CG,GG,CC,TT,CT,AA,NN,CC,AC,CC,AA,GT,NN,NN,CC,CC,AA,TT,AA,AA,GG,CT,CC,GG,AG,AA,AA,CC,GT,CG,CC,AA,AA,GG,TT,GG,AC,GT,CT,GG,CC,GT,TT,TT,CC,AA,TT,TT,AT,AT,GG,CG,AA,CC,CC,CC,GG,CC,AA,GG,GG,CC,TT,CC,GG,GT,CC,TT,AA,AG,TT,CC,GG,AC,AC,CC,CG,GG,AA,CG,TT,AC,AA,CC,GT,AA,CC,AA,AA,GG,TT,AT,AT,NN,GT,AT,CC,AT,TT,AA,GG,AA,CT,AA,AT,CC,TT,AA,CC,TT,GG,AG,CG,GG,CC,AT,CC,TT,GG,TT,AC,CC,AG,NN,CG,CC,GG,CC,GG,AA,AA,CC,GT,GG,CC,CG,AA,GG,NN,AA,CG,NN,AA,CC,CG,AC,TT,AA,GG,AA,NN,AC,AA,AG,GG,AA,AA,TT,GG,AA,AA,AC,AA,CT,AA,AA,GG,AG,GG,TT,AA,AA,TT,TT,TT,AA,AT,GG,CG,AC,6.62,Resistant,Low,Premium,Medium
L0385,Davangere,Karnataka,Rabi,Black Cotton,Irrigated,430,25.5,58,AA,TT,GG,AG,CG,CG,TT,TT,CC,CG,AA,TT,CG,TT,TT,GG,CC,TT,TT,AA,CG,TT,GT,CC,TT,CC,GT,TT,GG,AA,CT,CC,AA,CC,GG,GG,GG,CC,GG,CC,TT,CT,AA,TT,AA,AG,NN,TT,CC,AA,GG,AA,AA,GG,CC,TT,AA,AA,TT,CC,AA,TT,AT,AA,TT,TT,CC,GG,TT,GG,AA,GG,CC,AA,GG,AA,AA,GG,GT,TT,GG,GG,GT,CC,AA,GG,AA,AT,CC,GG,AC,TT,CC,AT,TT,GG,CT,CC,TT,CC,CC,CC,AG,NN,TT,TT,CG,AA,AG,AA,CT,GG,TT,CC,TT,CC,AA,AT,CC,GG,CC,GG,CC,GT,NN,AA,CC,CC,CC,CG,AA,TT,CC,AA,CC,CT,AA,TT,AA,TT,GG,CC,CC,GG,AA,AG,AA,CC,NN,CC,CC,AA,AA,GG,TT,GG,AC,NN,TT,GG,AA,GT,GT,NN,CG,AA,TT,TT,AT,TT,GG,CC,AG,CT,CC,CC,GG,CC,AA,GG,AA,CC,TT,CC,GT,GT,GG,TT,AG,AG,TT,CC,CG,AA,AC,CC,GG,GG,AA,GG,TT,AC,AA,CC,GT,AA,CC,AA,AA,GG,TT,AT,AT,CG,NN,AA,CC,TT,TT,AA,GG,AA,TT,AA,TT,CG,CC,AA,CC,CT,GG,AA,CC,AA,AC,TT,CT,GT,GG,TT,AC,CC,AA,GT,CC,CC,GG,CC,GG,AA,AA,CC,GT,GG,CC,CC,AT,AG,CC,AT,CC,AT,AA,CC,CC,AC,AT,AA,GG,AA,AA,AA,AA,AG,AG,AG,AA,TT,GG,CC,AG,AA,AC,TT,AA,AA,CG,GG,GG,TT,AA,AA,TT,TT,TT,AA,TT,GG,GG,AA,8.79,Susceptible,Low,Poor,Late
L0386,Davangere,Karnataka,Rabi,Black Cotton,Irrigated,430,25.5,58,AA,TT,GG,AA,GG,CC,GG,TT,CC,CG,AT,CC,CC,TT,TT,GT,CG,TT,TT,AA,CC,TT,GT,CC,TT,CC,TT,TT,GG,AA,TT,CC,AA,CC,GG,GG,GG,CC,GG,CC,TT,TT,AA,TT,AA,AA,TT,TT,CC,AC,GG,AA,AA,GG,CC,TT,AA,AA,GT,AC,AA,TT,AA,AA,TT,AT,CC,GG,TT,GG,AA,GG,CC,AA,AG,AC,AA,GG,GT,NN,GG,GG,GT,CC,NN,GG,NN,AT,CC,TT,CC,TT,CT,TT,TT,GG,CT,CC,TT,CC,CC,CG,AG,AA,AT,TT,CC,AA,AG,AA,CT,GG,TT,CC,TT,AA,AA,TT,CC,AG,CC,GG,CC,GG,CT,AA,CC,CC,CC,CC,AA,TT,CC,AC,CC,CC,AA,TT,AA,AT,CC,CT,NN,GG,AG,AG,AA,CC,GG,CC,CC,AA,AA,AG,TT,GG,AA,GT,TT,GG,AA,GT,TT,TT,CG,AA,TT,NN,AA,AT,GG,CC,AA,CT,CC,CC,GG,CC,AA,GG,AA,CC,TT,CG,GT,TT,CG,AT,AA,AA,TT,AC,GG,AA,AC,CC,GG,GG,AC,CG,TT,AA,AG,CC,GG,NN,AA,AA,AA,GT,TT,AA,AT,CG,TT,AA,CC,AT,GT,AA,GG,AA,TT,AA,TT,CC,TT,AC,CC,CT,GG,AG,CG,AG,AC,TT,TT,TT,GG,TT,AC,AA,AA,GG,CC,CC,GG,CC,GG,AA,AA,CC,GG,GG,CC,CG,AA,GG,CG,AT,CG,AA,AA,AC,CG,CC,NN,AA,GG,AT,AA,AA,AA,GG,AG,AA,AA,TT,GG,AA,AG,AC,AA,TT,AA,AG,GG,GG,CG,TT,AT,AG,TT,TT,TT,AG,TT,GG,GG,AA,6.0,Susceptible,Low,Poor,Medium
L0387,Davangere,Karnataka,Rabi,Black Cotton,Irrigated,430,25.5,58,AA,TT,GG,AG,GG,CC,GG,TT,CC,CG,AT,CC,CC,TT,TT,GG,CG,TT,NN,AA,CC,TT,GG,CC,TT,CC,TT,TT,GG,AA,CT,CC,AA,CC,GG,CG,GG,CC,GG,CC,TT,TT,AA,GT,AA,GG,TT,TT,CC,CC,GG,AA,AA,GG,NN,TT,AA,AA,GT,AC,AA,TT,AA,AA,TT,AT,CC,GG,TT,GG,AG,GG,CC,AA,GG,AA,AT,GG,TT,TT,GG,GG,GT,CC,AT,GG,AA,TT,CC,GG,CC,TT,NN,AT,GG,GG,CT,CC,TT,CT,CC,CC,AG,AA,TT,TT,CC,AG,AG,AA,CC,GG,TT,CC,TT,AA,AA,TT,CG,AA,CC,AG,CC,GT,TT,AA,CC,CC,CC,CC,AA,GT,CC,AA,CC,CC,AA,TT,AG,AA,GG,CT,CC,AG,AA,AA,AA,CC,GT,CC,CC,AA,AA,GG,TT,AG,AA,GT,TT,GG,CC,GT,TT,TT,CC,AA,GT,TT,AT,AT,GG,CC,AG,CC,CC,CC,GG,NN,AA,GG,AG,AC,TT,CC,GG,GT,CG,TT,AA,AA,TT,CC,GG,AA,CC,CC,GG,GG,AA,GG,TT,AA,AA,CC,GG,AA,CC,AA,AA,GG,GT,TT,AT,GG,GG,AA,CC,AT,GT,AA,GG,AA,TT,AA,TT,CC,CT,AC,NN,TT,GG,NN,GG,AG,CC,TT,TT,GG,GG,TT,AA,AC,AA,GG,CC,GG,GG,CC,GG,AT,AA,CC,TT,GG,CC,CC,TT,GG,NN,AA,CG,AA,AA,CC,CC,CC,TT,AA,CG,AA,AC,AA,AA,AA,AA,AA,AA,AT,GG,CC,AG,AA,AC,CT,AA,AG,GG,GG,GG,TT,AA,AA,GT,TT,TT,AA,TT,GG,GG,AA,6.62,Susceptible,Low,Standard,Medium
L0388,Davangere,Karnataka,Rabi,Black Cotton,Irrigated,430,25.5,58,AC,TT,AG,AG,GG,CC,GG,TT,CC,CC,AA,CC,CC,TT,TT,GG,CC,TT,TT,AA,CG,TT,GT,CC,TT,CC,GT,TT,GT,AA,TT,CT,AA,CC,GG,CG,GG,CC,GG,CC,TT,TT,AA,TT,AA,GG,TT,TT,CC,CC,GT,AA,AA,GG,CT,TT,AA,AC,GT,AA,AG,TT,TT,AA,CT,TT,CC,GG,TT,GG,AG,GG,CC,AA,AG,AC,TT,GG,NN,TT,GG,GG,GT,CC,AA,GG,AA,AA,CC,GT,CC,TT,CC,TT,GT,GG,CC,CC,TT,CT,CC,CG,AG,AA,AT,TT,CG,AA,AG,AC,TT,GG,TT,CG,GT,AC,AA,TT,CC,AG,CG,GG,CC,TT,CT,AA,CC,NN,CC,CC,AA,TT,CC,AA,CC,CC,AA,TT,AA,AA,GG,CT,CC,GG,AA,AA,AA,CC,TT,CG,CC,NN,AG,AG,TT,GG,AC,GT,NN,GG,CC,TT,TT,TT,CG,AA,TT,TT,AA,TT,GG,CG,AA,CC,CC,CC,CG,CC,AA,GG,GG,CC,TT,CC,GT,TT,CG,TT,AA,AG,TT,AC,CG,AC,NN,CC,GG,AA,AC,GG,TT,AC,AA,CC,GG,AA,AC,AA,AT,GT,GT,AA,AA,GG,GT,AT,CC,TT,TT,AA,GG,AA,CT,AA,TT,CC,CT,AA,AC,CC,GG,GG,CC,AA,CC,TT,CT,TT,GG,TT,AA,CC,AA,GG,CC,CC,GG,CC,GG,AA,AA,CC,TT,GG,CC,CG,AA,GG,CC,AT,CC,AA,AA,CC,CC,CC,AT,AA,GG,AA,AA,AA,AA,AG,AG,AA,AA,TT,GG,AA,AA,AC,AC,CC,AA,AG,GG,GG,CG,TT,AA,AA,TT,TT,TT,AG,AA,GG,CG,AA,10.81,Susceptible,Low,Premium,Medium
L0389,Davangere,Karnataka,Rabi,Black Cotton,Irrigated,430,25.5,58,AA,CT,GG,AA,GG,CC,GG,NN,CC,CG,AA,CC,CC,AT,GT,GT,CG,TT,TT,AG,NN,TT,TT,CT,TT,CC,TT,AT,GG,AA,CT,CC,NN,CC,GG,GG,GG,CC,GG,CC,TT,CC,AC,TT,AA,GG,TT,TT,CC,CC,GG,AT,AG,GG,CC,GT,AA,AC,TT,AA,AA,TT,TT,AA,TT,TT,CC,GG,TT,GG,AG,GT,CC,AA,GG,AA,AA,GG,TT,CT,GG,GG,GT,CC,AA,GG,AA,AA,CC,GT,AC,TT,CT,TT,GT,AG,CT,AA,GT,CC,CT,CG,AG,AA,TT,TT,CC,AA,GG,AC,CT,GG,TT,CC,TT,AC,AA,TT,CC,AG,CC,GG,CC,GG,CT,AA,CC,CC,AC,CC,AA,TT,CC,AA,CC,CC,AA,TT,AA,AT,GG,CC,CC,AG,AA,GG,AA,CC,GG,CC,CC,AA,AG,GG,NN,AG,AA,GT,CT,GG,CC,TT,GT,CT,CG,TT,GT,TT,AT,TT,GG,CC,AG,CT,CC,CC,CG,CC,AA,GG,AG,CC,TT,CG,GG,TT,CG,AT,AA,AG,TT,CC,CG,AA,CC,CC,GG,GG,AC,GG,TT,AA,AA,CC,GG,AA,CC,AA,AT,GG,TT,AT,AA,CG,GT,AT,CC,AA,TT,AA,GG,AG,CC,AA,TT,CC,TT,AC,CC,CT,CG,AA,CC,GG,CC,TT,CT,TT,GG,AT,AA,AC,AA,GG,CC,CG,GG,CC,GG,TT,AA,CC,TT,GG,CC,CG,AT,GG,CC,AT,CC,AA,AA,CC,CG,AC,AT,AA,GG,AA,AA,AC,AA,AA,AA,NN,AA,TT,GG,AA,AA,AC,AC,CC,AA,AA,GG,GG,GG,TT,AA,AG,TT,TT,TT,AA,AT,GG,CG,AA,7.46,Resistant,Medium,Premium,Early
L0390,Davangere,Karnataka,Rabi,Black Cotton,Irrigated,430,25.5,58,AC,CT,GG,NN,GG,CC,GG,TT,CC,CC,AT,NN,CG,TT,GT,GT,CC,TT,AT,AA,CC,TT,TT,CC,AT,CC,GT,TT,GG,AA,TT,CC,AA,CC,GG,GG,GG,CC,GG,CC,TT,CT,AA,GT,AA,AG,TT,TT,CC,AA,GT,AA,AA,GG,CC,TT,AA,AA,GT,AA,AG,TT,NN,AG,TT,AT,CC,GG,TT,GT,AA,GT,CC,AA,AG,AC,AT,AG,TT,TT,GG,GG,GT,CC,AT,AG,AA,AA,CC,GT,CC,TT,CC,TT,GT,AG,TT,CC,TT,CC,CC,CC,GG,AA,AT,GT,CC,AA,AA,AC,TT,GG,TT,CC,TT,NN,AC,TT,CC,GG,CC,AG,CC,GG,TT,AA,CT,CC,CC,CC,AA,TT,CC,AA,CC,CT,AG,TT,AA,AT,GG,CC,CC,GG,AA,AG,AA,CC,GT,CC,CC,AA,AA,AG,TT,GG,AC,TT,TT,GG,CC,GT,TT,TT,GG,TT,TT,TT,AT,AT,CG,CC,AA,CT,CC,CC,CG,CC,AA,GG,GG,CC,TT,CC,GT,GT,GG,AT,AA,AA,TT,CC,GG,AA,CC,CC,GG,GG,NN,GG,TT,AA,AA,CC,GG,AA,CC,AT,AT,GG,TT,TT,AA,GG,GT,AA,CC,TT,GT,AA,GG,AA,TT,AA,TT,CG,TT,AC,AC,TT,CG,AA,CG,AG,AC,TT,CT,TT,GG,TT,AC,AC,AA,GG,CC,CG,GG,CC,GG,TT,AG,CC,TT,GG,CC,CC,AA,GG,CC,AA,CC,AA,AA,AC,CC,AC,TT,AA,GG,AA,AA,AA,AA,AG,AA,AA,AA,AT,GG,AA,AA,CC,AC,CT,AA,AA,GG,GG,GG,TT,AA,AA,GG,TT,TT,AA,TT,GG,GG,AA,4.72,Susceptible,High,Poor,Late
L0391,Davangere,Karnataka,Rabi,Black Cotton,Irrigated,430,25.5,58,AA,NN,AG,AG,GG,CC,GT,TT,CC,GG,AA,CT,CC,AT,TT,GG,GG,TT,TT,AA,CC,TT,GT,CT,TT,NN,TT,AT,GG,AA,TT,CT,AA,CC,GG,GG,GG,CG,GG,CC,TT,TT,AC,TT,AA,GG,TT,AT,CC,AC,GG,AA,AA,GG,CC,NN,AA,AC,GG,AA,AG,GT,AT,AA,CT,AT,CC,GG,TT,GG,AA,GG,CC,AA,GG,AC,AT,GG,TT,TT,GG,GG,GT,CC,AT,GG,AA,AA,CC,TT,CC,GT,CT,TT,GT,GG,TT,CC,TT,CC,CC,CC,GG,AA,TT,TT,CC,AA,AG,AC,CC,GG,TT,CG,GT,AA,AA,TT,CC,AG,CG,GG,CT,GT,NN,AA,CC,CC,CC,CC,AA,TT,CC,AA,CC,CC,AA,AT,AA,AT,GG,CC,CG,GG,AA,GG,AA,CC,GT,CG,CC,AA,AA,GG,TT,GG,AA,TT,CT,GG,CC,GT,GG,TT,CC,NN,GT,TT,AT,TT,CG,CC,AG,CT,CC,AC,CG,CC,AA,NN,AA,CC,TT,CC,GT,TT,CG,TT,AA,AA,NN,CC,GG,AA,CC,CC,GG,GG,AC,GG,TT,AC,AA,CC,GG,AT,AC,AA,AT,GT,TT,AA,TT,CG,GG,AA,CC,TT,GT,AA,GG,AA,TT,AA,TT,CG,CT,AC,CC,TT,NN,AA,CC,AG,CC,TT,CT,GT,GG,AT,AA,AC,AG,GG,CC,CC,GG,CC,GG,TT,AA,CC,TT,GG,CC,CC,AA,GG,CC,AA,CC,AA,AA,AC,GG,CC,TT,AA,GG,AA,AC,AC,AA,AG,AA,AA,AA,TT,CG,NN,AA,AC,AC,CT,AG,AG,GG,GG,GG,TT,AT,AG,TT,TT,TT,AG,AT,GG,CG,AA,6.85,Moderate,Low,Premium,Late
L0392,Davangere,Karnataka,Rabi,Black Cotton,Irrigated,430,25.5,58,AA,TT,GG,AG,GG,CC,GT,TT,CC,CG,AA,CC,CC,TT,TT,GG,GG,TT,AT,AA,CC,GT,TT,CC,TT,CC,TT,TT,GG,AA,TT,CC,AA,CC,GG,CG,GG,CG,GT,CC,TT,CT,AA,GT,NN,AG,TT,AT,CG,CC,GG,AT,AA,GG,CC,GT,AT,AA,GT,AA,AA,TT,TT,AA,CT,NN,CC,GG,TT,GG,AG,GG,CC,AA,AG,CC,AT,GG,TT,TT,GG,GG,GG,CC,AT,GG,AG,AT,CC,GT,AC,TT,CT,TT,NN,GG,TT,CC,TT,CC,TT,GG,GG,AA,AT,TT,CC,AA,AA,AA,CC,GG,TT,CG,GT,AA,AA,AT,CC,AG,CC,GG,CC,GT,TT,AA,CT,CC,NN,CC,AA,TT,AC,AA,CC,CT,AA,TT,AG,AT,GG,CC,CC,GG,AA,AG,AA,AC,GG,CC,NN,AA,AG,GG,NN,GG,AA,TT,CT,AG,AC,GT,TT,TT,NN,AT,TT,TT,AA,AT,CG,CC,AA,CC,CC,CC,GG,AC,AA,GG,GG,CC,TT,CG,GG,GT,CG,AT,AA,AG,TT,AC,GG,AA,CC,CC,GG,GG,AA,GG,TT,AA,AA,NN,GG,AA,CC,AT,TT,GG,TT,TT,TT,GG,GT,AA,CG,TT,GT,AA,GG,AA,TT,AA,TT,CC,TT,AA,CC,TT,CG,AG,CC,GG,CC,TT,TT,GT,GG,TT,AA,CC,AA,GG,CC,CG,GG,CC,GG,TT,AA,CC,TT,GG,CG,CC,AA,GG,CC,AT,CC,AA,AA,AA,CG,CC,TT,AA,GG,AA,AA,AC,AA,AG,AA,AA,AA,TT,GG,AC,AG,AC,AA,CT,AA,AA,GG,GG,GG,TT,AT,AA,GT,TT,TT,AA,TT,GG,GG,AC,7.37,Resistant,Low,Poor,Late
L0393,Davangere,Karnataka,Rabi,Black Cotton,Irrigated,430,25.5,58,AA,TT,GG,AG,GG,CC,GG,AT,CC,CG,AA,CC,CC,AT,TT,GG,CG,TT,TT,AA,CC,GT,GT,CT,TT,CC,TT,TT,GG,AA,TT,TT,AG,CC,GG,GG,GG,CG,GG,AC,GT,CT,AA,GT,AA,GG,TT,TT,CC,CC,GG,AT,AA,GG,CT,TT,AA,AC,NN,AA,AG,TT,AT,AG,TT,TT,CC,GG,TT,GG,AA,GG,CC,AA,NN,CC,AA,AG,TT,NN,GG,GT,GG,CC,AA,GG,AA,AA,CC,TT,AC,TT,TT,TT,GT,GG,CT,CC,TT,CC,CC,CG,GG,AA,TT,TT,CC,AA,AG,AC,CC,GG,TT,CC,TT,AC,AA,TT,CC,AG,CC,AG,NN,GG,TT,AG,CC,CC,CC,CG,AA,TT,CC,AA,CC,CT,AA,TT,AA,AA,GG,CC,CC,GG,AA,AA,AA,AC,GG,CC,CC,AA,AG,GG,GT,GG,AC,GT,TT,GG,CC,GT,TT,TT,CG,AA,NN,TT,AT,AT,GG,CC,AA,CT,CC,CC,GG,CC,AA,AG,AG,CC,TT,CC,GG,TT,GG,AT,AA,AG,TT,AC,CG,AA,CC,CC,GG,GG,AA,GG,TT,AA,AA,CC,GG,AA,CC,AT,AT,GG,NN,TT,AT,GG,GT,AT,CG,AT,TT,AA,GG,AA,CT,AA,TT,CC,CT,AA,CC,CT,GG,AG,CC,AA,CC,TT,CC,GT,GG,TT,AA,AA,AG,GG,CC,CG,GG,CC,GG,AT,AA,CC,GT,GG,CG,CC,AA,GG,CC,AA,CG,AA,AG,CC,CC,AC,TT,AA,GG,AA,AC,CC,AA,AG,AA,AA,AA,TT,GG,AA,AA,CC,AA,CC,AA,AG,GG,GG,GG,GT,AA,AA,TT,TT,TT,AA,AT,GG,GG,AA,7.1,Resistant,High,Standard,Early
L0394,Davangere,Karnataka,Rabi,Black Cotton,Irrigated,430,25.5,58,AC,TT,GG,GG,GG,CC,GG,TT,CC,GG,AA,CT,CC,TT,TT,GG,GG,TT,TT,GG,CC,GT,TT,CC,TT,CC,TT,TT,GG,AA,TT,CT,AA,CC,GG,GG,GG,CC,GG,CC,TT,CT,AA,GT,AG,GG,TT,AT,CC,AC,GG,AA,AA,GG,CC,TT,AA,AA,TT,AA,AG,GT,TT,AG,TT,TT,CC,GG,TT,GG,AG,GG,CC,AA,AG,AA,AA,GG,GT,TT,GG,GG,GG,AC,AA,GG,AA,AT,CC,TT,CC,TT,CC,TT,GG,AG,TT,CC,GT,CT,CC,CC,GG,AA,TT,TT,CC,AA,AG,AC,CT,GG,GT,CG,TT,AA,AA,TT,CC,AG,CC,AA,CC,GT,TT,AA,CC,CC,CC,CC,AA,TT,AC,AA,CC,CC,AA,AT,AA,TT,CG,CT,CC,GG,AA,AA,AA,AC,GT,CC,CC,AG,AA,AG,TT,GG,CC,GT,TT,GG,CC,GT,GT,TT,CC,AT,TT,CT,AA,TT,GG,CC,AG,CT,AC,CC,CG,CC,AA,GG,AA,CC,TT,CG,GT,TT,CG,AT,AA,AA,TT,CC,GG,AA,CC,CC,GG,GG,AC,GG,CT,AA,AA,CC,GT,TT,AC,AA,AT,GG,TT,TT,AT,GG,GT,AA,CC,AT,TT,AA,GG,AA,CT,AC,TT,NN,TT,AC,CC,CT,GG,AA,NN,AG,CC,TT,CT,TT,GG,TT,AA,CC,AA,GG,CC,CC,GG,CC,GG,AT,AA,CC,TT,GG,CG,CC,AA,AG,CG,AA,CC,AT,AA,CC,CC,CC,TT,AA,GG,AA,AA,AC,AA,AG,AA,AA,AA,TT,GG,AA,AG,CC,AC,CT,AG,AA,GG,GG,GG,TT,AA,AG,TT,TT,TT,AG,AA,GG,GG,AA,8.06,Susceptible,High,Premium,Early
L0395,Davangere,Karnataka,Rabi,Black Cotton,Irrigated,430,25.5,58,AC,NN,GG,AA,GG,CC,GG,TT,CC,CG,AA,CT,CC,TT,TT,GG,GG,TT,TT,AA,CG,TT,TT,CC,TT,CC,TT,AT,GG,AA,TT,CC,AA,CC,GG,CG,GG,CG,GG,CC,TT,CC,AA,TT,AG,AG,TT,TT,CC,AC,GG,AA,AA,GG,CC,TT,AT,AC,GT,AA,AA,TT,TT,GG,TT,AT,CC,GG,TT,GG,AA,GG,CC,AA,GG,AC,AA,AG,TT,TT,GG,GG,GG,CC,AA,GG,AA,AA,CC,TT,CC,TT,CC,TT,TT,GG,CT,CC,GT,CC,CC,CG,GG,AA,TT,TT,CC,AA,GG,AA,CT,GG,TT,CG,GG,AA,AA,TT,CC,GG,CC,GG,CC,GT,CT,AA,CC,CC,CC,CG,AA,TT,AC,AA,CC,CT,AA,TT,AA,AT,GG,CT,CC,GG,AA,AA,AA,CC,GT,CC,CC,AA,AA,AG,TT,GG,AC,TT,CT,GG,CC,TT,GT,TT,CC,AA,GG,CT,AA,TT,GG,CC,AA,CT,CC,CC,CG,CC,AA,GG,AG,CC,TT,CC,GT,TT,CG,TT,AA,AA,TT,CC,GG,AA,AC,CC,GG,AG,CC,GG,TT,AA,AA,CC,GG,AA,AC,AA,AT,GG,TT,AT,AT,GG,GG,AT,CC,AT,TT,AA,GG,AA,TT,AA,TT,CC,TT,AA,CC,CT,GG,AA,CC,AA,AC,TT,TT,GT,GG,TT,CC,CC,AA,GG,CC,CG,GG,CC,GG,NN,AA,CC,GT,GG,CC,CG,AA,GG,CC,NN,CC,AA,AG,AC,CG,AC,TT,AA,GG,AA,AA,CC,AA,GG,AA,AA,AA,AT,GG,AC,AG,CC,AC,TT,AA,AA,GG,GG,CG,TT,AA,AA,TT,AT,TT,AA,AT,GG,CG,AA,8.81,Susceptible,Low,Premium,Late
L0396,Davangere,Karnataka,Rabi,Black Cotton,Irrigated,430,25.5,58,AA,CT,GG,AG,GG,CC,GG,AT,CC,CG,AA,CC,CC,TT,TT,GG,CG,TT,TT,AG,CC,GT,TT,CC,TT,CC,GT,AT,GG,AA,NN,CT,AA,CC,GG,GG,GG,CG,GG,CC,TT,TT,AA,TT,AA,GG,CT,TT,CC,AC,GG,AT,AA,GG,CC,GT,AA,AA,GT,AA,AA,TT,AT,AG,TT,AA,CC,GT,TT,GT,AA,GT,CC,AA,AG,AA,TT,GG,TT,TT,GG,GG,GT,CC,AA,GG,AG,AA,CC,GT,CC,TT,CC,TT,GT,GG,CT,CC,TT,CT,CT,CC,AA,AA,TT,TT,CC,AA,AG,AC,TT,GG,TT,CC,GT,AA,AA,TT,CC,GG,CG,GG,CC,GT,TT,AA,CC,CC,CC,CC,AA,TT,CC,AA,CC,CC,AA,TT,AA,AA,GG,CT,CC,GG,GG,AG,AA,CC,GT,CC,CC,AA,GG,AG,TT,GG,AC,TT,CT,AG,CC,TT,GG,CT,CC,NN,GT,CT,AA,NN,GG,CC,AG,TT,CC,CC,CG,CC,AA,AG,AA,CC,TT,CG,GG,TT,GG,AT,AA,AA,TT,CC,GG,AC,CC,CC,GG,GG,AA,GG,TT,AC,AA,CC,GG,AA,CC,AA,AA,GG,TT,TT,AA,CC,GT,AT,CG,TT,GT,AA,GG,AA,CC,AA,TT,CC,TT,AA,AC,CT,CG,AG,CC,AA,AC,AT,TT,GG,GG,NN,AA,CC,AG,GT,CC,GG,GG,CC,GG,AT,AG,CG,TT,GG,CC,CC,AA,AG,CC,AA,CC,AA,AA,NN,CC,AC,TT,AA,GG,AA,AA,AC,AA,GG,AG,AG,AA,TT,GG,AA,GG,AC,AA,NN,AA,AA,GG,GG,GG,TT,AT,AA,TT,TT,TT,AA,AT,GG,GG,AA,8.89,Susceptible,Medium,Premium,Late
L0397,Davangere,Karnataka,Rabi,Black Cotton,Irrigated,430,25.5,58,AC,CT,AG,AG,GG,CC,GG,TT,CC,CC,AA,CT,CG,AT,GT,GT,CG,TT,TT,AG,CG,NN,GG,CC,AT,CC,TT,TT,GG,AA,TT,CC,AA,CC,GG,CG,GG,CG,GG,CC,TT,CT,AA,GT,AA,AG,TT,TT,CC,AA,GG,AT,AA,GG,CC,GG,AT,AA,GG,AC,AA,TT,TT,AA,TT,TT,CC,GG,NN,GT,AA,GG,CC,AA,GG,AA,TT,GG,TT,TT,GG,GT,TT,CC,AA,GG,AA,AT,CC,TT,CC,TT,CT,AT,GG,GG,TT,CC,TT,CT,CC,CC,AG,AA,TT,GT,CG,AG,AG,AA,CC,GG,TT,CC,TT,AA,AC,TT,CC,GG,CC,GG,CC,GT,TT,AG,CC,CC,CC,CC,AA,TT,CC,AA,CC,CC,AA,AT,AA,AT,GG,TT,CC,GG,AA,AA,AA,CC,TT,CC,CC,AA,AA,GG,GT,GG,AA,TT,CT,GG,CC,GT,TT,TT,CC,AA,TT,TT,AT,TT,GG,CC,AA,CC,CC,CC,CG,CC,AA,GG,AA,CC,TT,CC,GG,TT,GG,TT,AG,GG,TT,CC,CG,AC,CC,CC,GG,AG,AC,GG,TT,NN,AA,CC,GG,AA,AC,AA,AT,GG,TT,TT,AT,GG,GT,AT,CG,AA,GG,AA,AG,AA,TT,AA,TT,CC,CT,AC,CC,TT,CG,GG,CC,AA,CC,TT,CT,TT,GG,TT,AA,CC,AG,GG,CC,CG,NN,CC,GG,AT,AA,CC,TT,GG,CC,CC,AT,AG,CC,AT,CG,AA,AA,AC,CC,AC,TT,AA,GG,AA,AA,AA,AA,GG,AG,AA,AA,AT,GG,AA,AA,CC,AA,CT,AA,AA,GG,GG,GG,GT,AT,AG,TT,TT,TT,AA,TT,GG,GG,AA,9.45,Susceptible,Medium,Standard,Medium
L0398,Davangere,Karnataka,Rabi,Black Cotton,Irrigated,430,25.5,58,AC,CT,AG,AA,GG,CC,GG,TT,CC,CG,AA,CC,GG,TT,TT,GG,GG,TT,TT,AA,CG,TT,GT,CC,NN,CT,TT,TT,GG,AA,CT,CC,AA,CC,GG,GG,GG,CC,GG,CC,TT,NN,AA,GT,AA,GG,TT,TT,CG,AC,GG,TT,AA,NN,CC,GT,AA,AC,GG,AC,AA,GT,AA,AA,TT,AT,CC,GG,TT,GG,AA,GG,CC,AA,GG,AA,AA,GG,TT,TT,GG,GG,GG,CC,AA,GG,AA,AA,CC,GT,CC,TT,CC,TT,GT,GG,TT,CC,GT,CC,CC,NN,GG,AA,TT,TT,CC,AA,AG,AA,CC,GG,TT,CG,GT,AA,AA,AT,CC,GG,CC,AA,CC,GG,TT,AA,CC,CC,CC,CC,AA,TT,AC,AA,CC,CC,AA,TT,AA,AT,GG,CC,CG,GG,AA,NN,AA,CC,GG,CC,CC,AA,AA,AG,TT,GG,AA,TT,CT,GG,CC,TT,NN,TT,GG,AT,TT,CC,AA,NN,GG,CC,AA,CT,CC,CC,GG,CC,AA,GG,AA,CC,TT,NN,GT,NN,GG,AA,AA,AA,TT,AC,CG,AC,AC,CC,GG,GG,AA,CG,TT,AC,AA,CC,GG,AA,AC,AA,AA,GG,TT,AT,AT,GG,TT,AA,GG,TT,GT,AA,GG,AA,CT,AA,TT,CC,TT,AC,CC,TT,GG,NN,CG,AG,CC,TT,CT,NN,GG,TT,AA,AC,AA,GG,CC,CG,GG,CC,GG,TT,AG,CC,TT,GG,CC,CC,AA,GG,CC,AT,CC,AA,AA,AC,CC,AC,AT,AA,GG,AA,AA,AC,AA,GG,AA,AA,AA,AT,GG,AC,GG,AC,AC,TT,AA,AA,GG,GG,GG,TT,AA,AG,TT,TT,TT,AG,TT,GG,GG,CC,4.59,Resistant,High,Standard,Early
L0399,Davangere,Karnataka,Rabi,Black Cotton,Irrigated,430,25.5,58,AA,NN,GG,AA,GG,CC,TT,TT,CC,CC,AA,CT,CG,AT,TT,GG,GG,TT,TT,AG,CC,TT,GT,NN,TT,CC,TT,TT,GG,AA,TT,CT,AA,CC,AG,GG,GG,CG,GG,CC,TT,CT,AA,GT,AG,AG,TT,AT,CC,CC,GG,AA,AA,GG,CT,TT,AA,AA,TT,AC,AG,GT,AT,AA,CT,TT,CC,GG,TT,GT,AA,GG,CC,AA,AG,NN,AT,NN,TT,TT,GG,TT,GT,CC,AT,GG,AA,AA,CG,GT,CC,TT,CC,TT,TT,GG,TT,CC,GT,CC,CT,CC,AG,AA,AT,TT,CC,AA,AA,AA,CC,GG,TT,CG,TT,AC,AA,TT,CC,AG,CC,GG,CC,GG,TT,GG,CT,CC,CC,CC,NN,TT,CC,AA,CC,CC,AA,TT,AG,AT,GG,CC,CC,GG,AA,AA,AA,NN,GT,CC,CC,AA,AA,GG,TT,GG,AC,TT,CT,GG,AC,TT,GT,TT,CG,TT,GT,TT,AT,TT,CG,CC,AG,CT,CC,CC,CG,CC,AA,GG,AG,CC,TT,CC,GG,TT,CG,AT,AA,AA,TT,CC,GG,AA,CC,CG,GG,GG,AA,GG,TT,NN,AG,CG,GG,AA,CC,AA,AA,TT,TT,TT,AA,GG,GT,AA,CC,AA,TT,AA,GG,AA,TT,AA,TT,CC,TT,AA,CC,CT,GG,AG,CG,AG,CC,TT,TT,TT,GG,TT,AA,CC,AG,GG,CC,CG,GG,CC,GG,AT,AG,CG,GT,GG,CC,CC,AT,AG,CG,AT,CG,AA,AA,CC,CC,AA,TT,AA,GG,AA,AA,AC,AA,AG,AA,GG,AA,AT,GG,AA,AG,AC,AC,CT,AA,AA,GG,GG,GG,GT,AT,AA,TT,TT,TT,AG,TT,GG,GG,AA,6.7,Susceptible,High,Standard,Early
L0400,Davangere,Karnataka,Rabi,Black Cotton,Irrigated,430,25.5,58,CC,TT,GG,GG,CG,CC,GG,TT,CC,CC,AA,CC,CC,TT,GT,GT,GG,TT,TT,AA,CC,TT,TT,CT,TT,CC,TT,TT,GG,AA,TT,CC,AA,CC,GG,GG,GT,CC,GG,CC,TT,CT,AA,GT,AG,AG,TT,TT,CC,AC,GT,AA,AG,GG,CC,TT,AA,NN,GT,AC,AA,NN,AT,AA,TT,TT,CT,GG,CT,GG,AA,GT,CC,AA,GG,AC,AA,GG,TT,TT,GG,GG,GG,CC,AA,GG,AA,AA,CC,GT,CC,TT,CC,TT,GT,AG,TT,CC,GT,CC,CC,CC,AG,AA,TT,TT,CC,AA,AA,AA,CT,GG,TT,CG,TT,AA,AA,TT,CG,GG,CC,NN,CC,GT,CT,AA,CC,CC,CC,CC,AG,TT,CC,AA,CC,CC,AA,TT,AA,AA,GG,CC,CC,GG,AA,AG,AA,CC,GT,CG,CC,AA,AG,GG,TT,GG,CC,TT,TT,GG,AC,TT,TT,TT,CC,AA,GT,CT,AA,TT,GG,CC,AG,TT,CC,CC,CG,CC,AA,AG,AG,CC,TT,CC,TT,GT,GG,AT,AA,GG,TT,CC,CG,AA,CC,CC,GG,GG,AA,GG,TT,AC,AA,CG,GG,AA,CC,AA,AT,GT,TT,TT,AA,CC,GT,AT,CC,AT,TT,AA,GG,AA,TT,AA,TT,CG,CT,AA,CC,CT,GG,AG,CG,NN,CC,TT,TT,GT,GG,TT,AA,CC,AG,GG,CC,CC,GG,CC,GG,AT,AA,CC,TT,GG,CG,CC,AT,GG,CG,AA,CG,AA,AA,CC,GG,AA,TT,AA,GG,AA,AA,AA,AC,GG,AG,AA,AG,TT,GG,AA,AG,AC,AA,TT,AA,AA,GG,GG,GG,TT,AA,AA,TT,TT,TT,AA,AT,GG,GG,AA,8.88,Susceptible,Medium,Poor,Early
L0401,Davangere,Karnataka,Rabi,Black Cotton,Irrigated,430,25.5,58,AA,TT,GG,AG,GG,CC,GT,TT,CC,CG,AA,CC,CC,AT,TT,GT,GG,TT,TT,AA,CC,GT,GG,CT,NN,CC,TT,TT,GT,AA,TT,CC,AA,CC,GG,GG,GG,CC,GG,CC,TT,TT,AA,TT,AA,GG,CT,AT,CC,AC,GT,AA,AA,CG,CT,TT,AA,AA,GT,AC,AA,TT,TT,AG,TT,TT,CC,GG,TT,GG,AA,GG,CC,AA,GG,CC,AA,GG,NN,TT,GG,GG,GT,CC,AT,GG,AA,AA,CC,GT,CC,TT,CC,TT,TT,GG,CT,CC,GG,TT,CT,GG,AA,AA,AT,TT,CC,AA,GG,AA,CT,GG,TT,CC,TT,AA,AA,AT,CC,GG,CC,GG,CC,GG,CT,AA,CC,CC,CC,CG,AA,TT,CC,AA,CC,CC,AA,TT,AA,AT,GG,CC,CC,GG,AA,AA,AA,CC,GT,CC,CC,AA,AG,AG,TT,GG,AA,TT,TT,GG,AC,TT,GT,NN,CG,AT,TT,TT,AT,AT,GG,CG,AA,CT,CC,CC,CG,CC,AA,AG,AG,CC,TT,CC,GG,TT,CG,AT,AA,AA,TT,AC,CG,AA,AC,CC,CG,GG,AC,GG,TT,AC,AA,CG,GG,AA,CC,AA,AT,GG,TT,AT,AA,GG,GT,AA,CC,AT,GT,AA,GG,AA,CT,AA,TT,CG,TT,AC,CC,NN,CG,NN,CC,AA,CC,TT,TT,GT,NN,TT,AA,CC,AA,GG,CC,CC,GG,CC,GG,TT,AA,NN,TT,GG,CC,CC,AT,GG,CC,AA,CC,AA,AA,CC,CG,AC,TT,AA,GG,AA,AC,AA,AA,GG,GG,AG,AG,TT,CG,AA,AG,AC,AC,TT,AA,AA,GG,GG,CG,TT,AA,NN,TT,TT,TT,AG,AT,GG,GG,AA,12.0,Moderate,Low,Premium,Early
L0402,Davangere,Karnataka,Rabi,Black Cotton,Irrigated,430,25.5,58,AA,TT,GG,AG,GG,CC,GG,TT,CC,CC,NN,CC,CG,AT,TT,GG,GG,TT,TT,AG,CC,GT,GG,CC,TT,CC,TT,TT,GG,AA,TT,CC,AA,CC,GG,GG,GG,CC,GG,CC,GT,TT,AA,TT,AG,AG,TT,TT,CC,AA,GG,AA,AG,GG,CT,GT,AA,AA,GT,AC,AG,TT,AT,AG,TT,AA,CC,GG,TT,TT,AA,GG,CC,AA,GG,AA,AA,GG,TT,TT,GG,GT,GG,CC,AA,AG,AA,AA,CC,TT,AC,TT,CC,TT,GT,GG,TT,CC,GT,CC,CT,CG,AG,AA,AT,TT,CC,AA,AA,AA,CT,GG,TT,CC,GT,AA,AA,TT,CC,AG,CG,GG,CC,GT,TT,AA,CC,CC,CC,CC,AA,TT,CC,AA,NN,CC,AA,TT,AA,AA,GG,CC,CC,GG,AA,AG,AA,CC,GG,CC,GG,AA,AG,GG,GT,GG,AC,NN,CC,AG,AC,GT,TT,CT,CC,AA,TT,TT,AA,TT,NN,CC,AA,CC,CC,CC,CG,CC,AA,GG,AA,CC,TT,CC,GT,TT,GG,AT,AA,AG,TT,CC,CC,AC,CC,CC,GG,GG,AA,GG,TT,CC,AA,CC,GG,AA,CC,AA,AA,GT,TT,AT,AA,GG,GT,AA,CG,TT,GG,AA,AG,AA,CT,AA,TT,CC,TT,CC,CC,TT,CG,NN,CG,AG,CC,TT,TT,NN,GG,TT,AC,AC,AA,GG,CC,CC,GG,CC,GG,AA,AA,CC,GT,GG,CC,CC,AA,AG,CG,AA,CC,AA,AA,AC,CG,AA,TT,AA,GG,AA,AC,AC,AA,GG,AG,AA,AG,AT,GG,AA,AG,CC,AA,TT,AA,AA,GG,GG,NN,TT,AT,AG,GT,TT,TT,AA,TT,GG,CG,AC,7.0,Resistant,Low,Poor,Late
L0403,Davangere,Karnataka,Rabi,Black Cotton,Irrigated,430,25.5,58,AC,TT,GG,AG,GG,CC,GG,TT,CG,CG,AA,CC,CC,TT,TT,GG,GG,TT,TT,AA,CG,TT,NN,CC,TT,CC,TT,TT,GG,AA,TT,CC,AG,CC,GG,GG,GG,CC,GG,CC,TT,CT,AA,TT,AA,AG,TT,TT,CC,CC,GG,AA,AG,GG,CC,NN,AT,AA,GG,AA,AG,TT,AT,AA,TT,TT,CC,GG,TT,GT,AA,GG,CC,AA,AA,AC,AA,GG,TT,TT,GG,GG,GG,CC,AA,GG,AA,AA,CC,GT,CC,TT,CC,TT,GT,GG,TT,CC,GT,CC,CC,CG,AG,AA,AT,TT,CG,AA,AA,AA,CC,GG,TT,CC,TT,AA,AA,TT,CC,AG,CC,GG,CT,GG,TT,AA,CT,CC,CC,CC,NN,TT,AC,AA,CC,CC,NN,TT,AA,AT,GG,CC,CC,GG,AA,AG,AA,CC,GG,CC,CC,AA,AG,GG,TT,GG,NN,TT,CT,AG,CC,GT,GT,TT,CC,AA,TT,TT,NN,AT,GG,CC,GG,CT,CC,CC,GG,CC,AA,GG,AA,CC,TT,CC,GT,TT,CG,AT,AA,AA,TT,CC,GG,AA,CC,CC,GG,GG,AC,CG,TT,AC,AA,CC,GG,AA,AA,AA,AA,GG,TT,AT,AA,GG,GT,AA,CG,TT,GT,AA,GG,AA,CT,AA,TT,CC,TT,AC,CC,TT,GG,AG,CC,AG,CC,TT,TT,GT,GG,TT,AA,AC,AA,GG,CC,CG,GG,CC,GG,AA,AG,CC,TT,GG,CC,CG,AA,GG,CC,TT,CC,AT,AA,AC,GG,CC,TT,AA,GG,AA,AA,AA,AA,GG,AG,AG,AA,TT,GG,AA,AG,AC,AC,CC,AA,AA,GG,GG,GG,TT,AA,AA,GT,TT,AT,AG,TT,GG,GG,AC,6.09,Moderate,High,Standard,Early
L0404,Davangere,Karnataka,Rabi,Black Cotton,Irrigated,430,25.5,58,AA,TT,GG,AG,GG,CC,GG,TT,CC,CC,AT,CT,CG,AT,TT,GT,CG,TT,TT,AG,CG,GT,GT,CC,TT,CT,GT,AT,GG,AA,TT,CT,AA,CC,GG,GG,GG,GG,GG,CC,TT,CC,AA,TT,AG,GG,TT,TT,CC,AC,GG,AA,AG,GG,CC,TT,AT,AA,GT,AC,AA,TT,AT,GG,TT,AT,CC,GG,TT,GG,AG,GG,CC,AA,AG,AC,AT,AG,GG,TT,GG,GG,GG,CC,TT,GG,AA,AA,CC,GT,AC,TT,CC,TT,TT,GG,TT,CC,GT,CC,CC,CC,GG,AG,TT,TT,CG,AA,AG,AA,CC,GG,TT,CC,GT,CC,AA,TT,CC,AG,GG,GG,CC,GG,TT,AA,CC,CC,AC,CC,AA,TT,CC,AA,CC,CC,AA,AT,AA,AT,GG,NN,CG,GG,AA,AA,TT,CC,GT,CC,CC,AG,AA,AG,TT,GG,AC,TT,TT,AG,AC,TT,TT,TT,CC,TT,TT,CT,AA,NN,GG,CG,GG,CT,CC,AC,CG,CC,AA,GG,AA,CC,TT,CC,GT,GT,GG,AA,AA,AA,TT,CC,CG,AC,CC,CC,GG,GG,AA,GG,TT,CC,AG,CG,GG,AA,CC,AA,AT,GG,TT,TT,AA,CG,GG,AA,CC,TT,GT,AA,GG,AA,CT,AC,TT,CC,TT,AC,AC,TT,CG,AA,CC,AG,CC,TT,CC,TT,GG,TT,AC,AA,AA,GG,CC,CG,GG,CG,GG,TT,AA,CC,GT,GG,CG,CG,AT,NN,CG,AA,CC,AA,AA,CC,CG,AC,TT,AG,GG,AA,AA,AC,AA,AA,AG,AG,AA,TT,GG,AA,AA,AC,AA,CT,AA,AA,GG,GG,GG,TT,AA,AG,TT,TT,TT,AG,TT,GG,GG,AA,4.55,Susceptible,Medium,Poor,Late
L0405,Davangere,Karnataka,Rabi,Black Cotton,Irrigated,430,25.5,58,AA,TT,NN,GG,GG,CC,GT,AA,CC,CG,AA,CC,CC,TT,GT,GT,GG,TT,TT,AA,CC,TT,GG,CT,TT,CC,GT,TT,GG,AA,TT,CC,AA,CC,GG,GG,GG,CG,GG,CC,TT,TT,AC,TT,AA,AG,TT,TT,CC,AC,GT,AT,AA,GG,CC,TT,NN,AA,TT,AA,AA,GT,AT,AA,TT,AT,CC,GG,TT,GT,AA,GG,CC,AA,GG,AA,AA,GG,TT,TT,AG,GG,GG,CC,AA,GG,AA,AA,CC,GT,AC,TT,CT,TT,GT,GG,CT,CC,GT,NN,CC,CC,AA,AA,AT,TT,CC,AA,AA,NN,CT,GG,GT,CG,GT,AA,AA,TT,CG,GG,CC,AG,CC,GT,CT,AG,CC,CC,CC,CC,AA,TT,CC,AA,CC,CC,AA,TT,AG,AA,GG,CC,CC,GG,AG,AG,AT,CC,GT,CG,CC,AA,AA,GG,TT,AG,AA,GT,CT,AG,AA,TT,TT,TT,CC,AA,TT,TT,AT,TT,NN,CG,AA,TT,CC,CC,GG,CC,AA,GG,AA,CC,TT,CC,GG,GT,GG,AT,AA,AA,TT,CC,GG,AA,CC,CC,GG,GG,AA,GG,TT,AA,AG,CC,GG,AA,AC,AT,AA,GG,TT,TT,AA,CG,TT,AA,CG,AT,GT,AA,GG,AA,CT,AA,TT,CC,TT,AA,CC,TT,CC,AA,CC,AG,AA,TT,CT,TT,GG,TT,AC,AC,AG,GG,CG,GG,GG,CC,GG,AA,AA,CC,TT,AG,CG,CC,AA,GG,CC,AA,CC,AT,AA,CC,CG,AA,TT,AA,GG,AA,AC,AA,AA,AA,AA,AA,AA,TT,GG,AA,AA,AC,AA,TT,AG,AG,NN,GG,GG,TT,AA,AA,GT,TT,TT,AA,TT,GG,GG,AA,6.68,Moderate,High,Poor,Medium
L0406,Davangere,Karnataka,Rabi,Black Cotton,Irrigated,430,25.5,58,AC,CT,GG,AG,GG,CC,GG,TT,CG,GG,AA,CC,CC,TT,TT,GG,GG,TT,TT,AA,CG,TT,TT,CC,TT,CC,TT,TT,GG,AC,TT,CC,AA,CC,GG,CG,GG,CG,GG,CC,TT,CT,AA,TT,AA,GG,TT,TT,CC,AC,GT,AA,AG,CG,CC,GT,AA,AA,GT,AC,AA,TT,AA,AG,TT,AT,CC,GG,TT,GT,AG,GG,CC,AA,AG,AA,AT,GG,TT,TT,GG,GG,GT,CC,AA,GG,AA,AA,CG,GT,CC,GT,CT,AT,GG,GG,CT,CC,GT,CC,CC,CG,GG,AG,TT,GT,CC,AG,AG,AC,CT,GG,TT,CC,TT,AA,AA,TT,CC,GG,CC,GG,CC,GG,TT,AA,CC,CC,CC,CC,AA,GT,CC,AA,CC,CC,AA,TT,AA,AA,GG,CC,CC,GG,AA,GG,AA,CC,GT,CC,CC,AA,AA,GG,TT,GG,AC,GT,CT,GG,CC,GT,GT,TT,CC,NN,TT,TT,AA,AT,GG,CC,AG,CT,CC,CC,GG,CC,AA,GG,AG,CC,TT,CG,NN,TT,GG,AT,AA,AA,TT,CC,NN,AC,CC,CC,GG,GG,AC,CG,NN,AA,AA,CG,GG,AA,CC,AA,TT,GT,TT,TT,AT,GG,GG,AA,CC,AT,GT,AA,GG,AA,CT,AA,TT,CC,TT,AC,AC,CT,GG,AG,CC,AG,CC,TT,TT,TT,GG,TT,AA,CC,AA,GG,CG,CC,GG,CC,GG,TT,AA,CG,TT,GG,CC,NN,AA,AG,GG,AA,CC,AT,AG,AC,CC,CC,TT,AA,GG,AA,AC,AC,AA,AA,AG,AA,AA,AT,GG,AA,AA,AA,AA,CC,AA,AG,GG,GG,CG,TT,AA,AA,TT,TT,TT,AG,TT,GG,CG,AC,6.73,Resistant,Medium,Premium,Medium
L0407,Davangere,Karnataka,Rabi,Black Cotton,Irrigated,430,25.5,58,AA,TT,GG,AA,GG,CC,GG,TT,NN,CC,AA,CC,CC,TT,TT,GG,CG,TT,AT,AA,CC,GT,TT,NN,AT,CC,TT,TT,GG,AA,TT,CT,AA,CC,GG,CG,GG,GG,GG,CC,TT,TT,AC,TT,AG,AG,CC,TT,CC,CC,GT,AA,AA,GG,CC,TT,AA,AC,GT,AA,AA,TT,AT,AG,TT,TT,CC,GG,CT,TT,AA,GG,CC,AA,GG,AC,TT,GG,TT,TT,GG,GG,GG,CC,AA,GG,AG,AA,CC,TT,AC,TT,CC,TT,TT,GG,TT,CC,GG,CC,CC,CC,AA,AA,TT,TT,CG,NN,AG,AC,CC,GT,TT,CC,TT,AC,NN,TT,CC,GG,CC,GG,CC,GG,TT,AA,CC,CC,CC,CC,AG,TT,CC,AA,CC,CC,AA,NN,AA,AT,CG,CT,CC,GG,AG,AG,AA,AC,GG,CC,CC,AA,AA,AG,TT,AG,AA,TT,TT,GG,CC,TT,TT,TT,NN,AA,GT,TT,AA,TT,GG,CC,AA,CT,CC,CC,CG,CC,AA,GG,AA,CC,TT,CC,GG,GT,GG,AT,AA,AA,TT,CC,GG,AA,CC,CC,GG,GG,AC,GG,TT,AA,AA,CC,GT,AA,CC,AA,AT,GG,TT,TT,AT,GG,GG,AA,CC,AT,TT,AA,GG,AA,TT,AC,TT,CG,NN,AA,CC,CT,GG,AA,CC,AG,CC,AT,TT,GT,GG,TT,AA,AC,AA,GG,CC,GG,GG,CC,GG,AT,AG,CG,TT,GG,CG,CC,AA,GG,CG,AA,CC,AA,AA,CC,GG,CC,TT,AA,GG,AA,AA,AA,AA,AG,GG,AG,AA,TT,GG,AA,AA,AC,CC,CT,AA,AG,GG,GG,GG,TT,AA,AA,TT,TT,TT,AG,AT,GG,CG,AA,7.9,Susceptible,Low,Poor,Early
L0408,Davangere,Karnataka,Rabi,Black Cotton,Irrigated,430,25.5,58,AC,CT,GG,AA,CG,CC,NN,TT,CC,CG,AA,CC,CG,AT,NN,GT,GG,TT,TT,AA,CG,GT,GT,CC,TT,CC,GT,TT,GG,AA,TT,CC,AG,CC,GG,CG,GG,CG,GG,CC,TT,TT,NN,TT,AA,AG,CT,TT,CC,CC,GT,AA,AA,GG,CT,TT,AA,AA,GT,AA,AG,TT,TT,AA,TT,TT,CC,GG,TT,GG,AA,GG,CC,AA,GG,AA,AT,AG,TT,NN,AG,GG,GG,CC,AT,GG,AA,AA,GG,GT,CC,TT,CC,TT,GT,NN,TT,CC,TT,CT,CC,CG,AA,AA,TT,TT,CC,AA,AA,AA,CT,GG,TT,CG,GT,NN,AA,TT,CC,GG,CC,AG,CT,GT,CT,GG,CT,CC,AC,CC,AA,TT,CC,AA,CC,CC,AA,TT,AA,AT,GG,CC,CC,NN,AA,GG,AA,CC,GG,CC,CC,AG,AA,GG,TT,GG,AA,TT,TT,GG,AC,TT,GT,TT,CC,AT,GT,TT,AA,AT,GG,CC,AG,CT,CC,CC,CC,CC,AA,GG,AG,CC,TT,CC,GT,TT,GG,AT,AA,AG,TT,CC,GG,AA,CC,CC,GG,GG,AA,CG,TT,CC,AA,CC,GG,AT,AC,AA,AT,GT,TT,TT,TT,GG,GG,AA,CC,AT,TT,AA,GG,AA,TT,AC,TT,CC,TT,AA,CC,TT,GG,GG,CC,AG,CC,TT,TT,TT,GG,TT,AA,AC,AA,GG,CC,CC,NN,CC,GG,AT,NN,CG,TT,GG,CC,CC,AA,GG,CC,AA,CC,AA,AA,CC,CC,AC,TT,AA,GG,AA,AA,AC,AC,AA,AG,AA,AA,AT,GG,AA,AG,AC,AA,CT,AA,AA,GG,GG,GG,TT,AA,AA,TT,TT,TT,GG,TT,GG,GG,NN,9.0,Susceptible,Low,Poor,Medium
L0409,Davangere,Karnataka,Rabi,Black Cotton,Irrigated,430,25.5,58,CC,CT,GG,AG,GG,CC,GT,AT,CC,CG,AA,CT,GG,TT,TT,TT,GG,TT,TT,AA,CC,GT,TT,CC,TT,CC,TT,TT,GT,AA,TT,CC,AA,CC,GG,GG,GG,CG,GG,CC,TT,TT,AA,TT,AA,GG,TT,AT,CC,AA,GT,AT,AA,GG,NN,GT,AA,AC,GG,CC,AA,GT,TT,AA,TT,TT,CC,GG,TT,GG,AG,GG,CC,AA,GG,AA,AA,GG,TT,TT,GG,GG,GG,CC,AA,GG,AA,AA,CG,GT,CC,TT,CT,AT,TT,GG,CT,AC,TT,CC,TT,CG,AG,AA,AT,TT,CC,AA,AA,AA,CC,GG,TT,CC,GT,AA,AA,TT,CC,GG,CC,GG,CC,GG,CT,AA,TT,CC,CC,CC,AA,TT,CC,AA,CC,CC,AA,TT,AA,AA,GG,CC,CC,GG,AA,AA,AT,CC,GT,CC,CC,AA,AA,GG,TT,GG,AA,GT,TT,GG,CC,TT,TT,TT,CC,AA,GG,TT,AT,TT,GG,CC,AA,CC,CC,CC,GG,CC,AA,GG,AA,CC,TT,CG,GT,TT,GG,AT,AA,AA,TT,CC,GG,AC,AC,CC,GG,GG,AC,GG,TT,AC,AA,CC,GT,AA,CC,AA,AA,GG,TT,TT,AA,CG,GG,NN,CG,TT,TT,AA,GG,AA,NN,AA,TT,CC,TT,AC,CC,TT,GG,AG,CG,AG,CC,TT,CT,TT,CG,TT,AC,AC,AA,GG,CC,CG,GG,CC,GG,AT,AA,CC,TT,GG,CC,CC,AA,AA,CG,AA,CC,AA,AA,CC,CC,CC,TT,AA,GG,AA,AA,AC,AA,AG,AA,AA,NN,TT,GG,CC,AG,AA,AC,TT,AA,AA,GG,GG,GG,TT,AA,AG,GT,TT,TT,AA,NN,GG,CG,AA,8.84,Moderate,Medium,Premium,Early
L0410,Davangere,Karnataka,Rabi,Black Cotton,Irrigated,430,25.5,58,AC,TT,AG,AG,GG,CC,GT,AT,CC,GG,AA,CC,CG,TT,TT,GG,GG,TT,NN,AA,CC,TT,NN,NN,NN,CC,TT,AT,GT,AC,TT,CC,AA,CC,GG,CG,GG,CG,GG,CC,TT,CC,AA,TT,AG,AG,TT,TT,CC,CC,GG,AT,AA,GG,CT,TT,AA,CC,GG,AA,AG,TT,TT,AA,TT,TT,CC,GG,TT,GT,AG,GG,CC,AA,GG,CC,AA,GG,TT,TT,GG,GG,GG,CC,AT,GG,AA,AA,CC,TT,CC,GT,CT,TT,TT,GG,CT,CC,GG,CT,CC,CG,AG,AA,TT,TT,CG,AA,AA,AA,CC,GG,TT,CG,GT,AA,AA,TT,CC,AA,CC,AG,CT,GT,TT,AA,CC,CC,CC,CC,AA,TT,CC,AA,CC,CC,AA,AT,AA,TT,CG,CT,GG,GG,AA,AG,AA,CC,GG,CC,CG,AG,AG,GG,TT,AG,AC,GT,TT,GG,AC,TT,GT,TT,CC,AT,TT,TT,AA,TT,NN,CC,AA,CT,CC,AC,GG,CC,AT,GG,GG,CC,TT,CC,TT,TT,GG,AT,AA,AA,TT,AA,GG,AA,AC,CC,GG,GG,AA,GG,TT,AC,AA,CC,GG,AA,AC,AT,AT,NN,TT,AT,AA,GG,GG,AT,CG,AA,TT,AA,GG,AA,TT,AA,AT,CC,TT,AC,CC,TT,GG,GG,CC,AG,CC,TT,CT,NN,GG,TT,AC,AC,AG,GG,CC,CG,CG,CG,GG,AT,AA,CC,GT,GG,CC,CC,AT,AG,GG,AA,CC,AT,AA,AC,CG,AC,TT,AA,GG,AA,AC,CC,AA,AG,AG,AA,AA,TT,GG,AC,AG,AA,AC,CT,AA,AA,GG,GG,GG,TT,NN,AA,GT,TT,TT,AG,TT,GG,GG,AA,8.91,Susceptible,High,Premium,Late
L0411,Davangere,Karnataka,Rabi,Black Cotton,Irrigated,430,25.5,58,AC,TT,GG,AG,CG,CC,GG,AT,CC,CC,AA,CT,CC,AT,TT,GG,CG,TT,TT,AA,CG,TT,GT,CC,AT,CC,TT,TT,GG,AA,TT,CT,AA,CC,GG,GG,GG,CC,GG,CC,TT,TT,AA,TT,AA,AG,TT,TT,CC,AC,GG,AA,AA,GG,CC,TT,AA,AC,GG,AA,AA,TT,TT,AA,NN,AT,CC,GG,TT,GG,AA,GT,CC,AG,AA,AC,TT,GG,TT,TT,GG,GG,GG,CC,AA,AG,AA,AA,CC,TT,CC,GT,CC,TT,GT,GG,CT,AC,GG,CC,CC,CC,GG,AA,AT,TT,CG,AA,AG,AA,CC,GG,TT,CC,TT,AA,AC,TT,CC,GG,CC,GG,CC,GG,NN,AA,CC,CC,CC,CC,AA,TT,CC,AA,CC,CT,AA,TT,AA,AA,GG,CC,CG,AG,AA,AG,AA,CC,GG,CC,CC,NN,AG,GG,TT,GG,AA,TT,CT,GG,AC,GT,NN,TT,CC,AA,TT,NN,AA,AT,CG,CC,AG,CT,CC,AC,CG,CC,AT,GG,GG,CC,TT,NN,GT,GT,GG,AT,AA,AA,TT,CC,GG,AC,CC,CC,GG,GG,AC,GG,TT,AA,AA,CC,GT,AA,AC,AA,AA,GT,GT,TT,AA,CG,GG,AA,CG,TT,TT,AA,GG,AA,TT,AA,TT,CC,CT,AA,NN,TT,GG,AG,CC,AA,AC,TT,CC,GG,GG,TT,AC,AC,AG,GG,CC,CC,GG,CC,GG,TT,AA,CC,GT,GG,CC,CC,AA,GG,CG,NN,CC,AT,AA,CC,CC,AA,TT,AA,GG,AA,AA,AA,AA,GG,AG,NN,AA,AT,GG,AA,AG,CC,AA,CC,AA,AA,GG,AG,GG,TT,AA,AA,TT,TT,TT,AG,TT,GG,GG,AA,8.77,Moderate,Low,Standard,Early
L0412,Davangere,Karnataka,Rabi,Black Cotton,Irrigated,430,25.5,58,AC,TT,GG,AA,CG,CC,GG,TT,CC,CG,AA,CT,CG,TT,TT,GT,GG,TT,TT,AG,CC,TT,TT,CT,TT,CC,TT,TT,GG,AA,TT,CC,AA,CC,GG,GG,GG,NN,GG,CC,TT,TT,AA,TT,AG,GG,TT,TT,CC,AC,GT,AA,AG,GG,CC,TT,AT,AC,GT,AA,AA,GT,TT,AA,TT,TT,CC,GG,TT,GT,AA,GT,CC,AA,GG,AA,TT,GG,TT,TT,GG,GG,GG,CC,TT,GG,AA,AA,CC,GT,AC,TT,CT,AT,TT,GG,CT,CC,GT,CC,CT,CC,AA,AA,TT,TT,CC,AA,GG,AC,CC,GG,TT,CC,TT,AC,AA,TT,CC,AG,CG,GG,CC,GG,CT,AG,CC,CC,CC,CC,AA,NN,CC,AA,CC,CC,AA,AA,AA,AA,GG,CC,CC,GG,AA,AG,AA,CC,GG,CC,CC,AA,AG,GG,TT,AA,NN,TT,TT,GG,CC,TT,TT,TT,CC,AT,TT,TT,AT,TT,CG,CC,AG,TT,CC,CC,CG,CC,AA,GG,AA,CC,TT,CC,GG,GT,CC,AT,AA,AA,TT,CC,GG,AA,CC,NN,GG,GG,AC,CG,TT,AA,AA,CC,GG,AA,CC,AA,AA,GG,TT,AT,AA,GG,GT,TT,CG,AT,TT,AA,GG,AA,CT,AA,TT,CC,CT,AC,AC,TT,CG,AG,CG,GG,CC,TT,CC,TT,GG,TT,AA,AC,AA,GG,CC,CC,GG,CC,GG,AA,AG,CG,TT,GG,CC,CC,AA,GG,CC,AA,CC,AT,AG,CC,CC,AC,AT,AA,GG,AA,AA,AA,AA,AG,GG,AA,AA,TT,NN,AC,AA,CC,AA,CT,AA,AA,GG,AG,GG,TT,AT,AG,TT,TT,TT,AA,TT,GG,NN,AA,7.43,Resistant,High,Standard,Early
L0413,Davangere,Karnataka,Rabi,Black Cotton,Irrigated,430,25.5,58,CC,TT,AG,AA,GG,CC,GT,TT,CC,CG,AA,CC,CC,TT,TT,GG,GG,TT,TT,AA,CC,TT,TT,TT,TT,CC,TT,TT,GT,AA,TT,CC,AA,CC,GG,GG,GG,CC,GG,CC,TT,TT,AA,TT,AA,GG,CT,TT,CC,AC,GG,AT,AA,GG,CC,TT,AA,AA,TT,AA,AA,TT,TT,AG,TT,TT,CT,GG,TT,GG,AA,GG,CC,AA,AG,AA,AT,AG,GT,TT,AG,GG,GT,CC,AA,GG,AA,AA,CG,TT,CC,TT,CC,TT,TT,GG,TT,CC,GT,CT,CT,GG,AG,AA,TT,TT,CC,AG,AA,AA,CC,GG,TT,NN,TT,AA,AA,TT,GG,GG,CC,GG,CC,GT,TT,AA,CC,CC,CC,CG,AA,TT,AC,AA,CC,CT,AA,TT,AA,AT,GG,CC,NN,GG,AA,AG,AA,CC,GG,CC,CC,AG,AG,GG,TT,GG,AA,TT,TT,GG,AC,GT,GT,TT,CC,AA,GT,TT,AA,AA,GG,CC,AA,CC,CC,NN,CC,CC,AA,GG,AA,CC,TT,CG,GG,TT,GG,TT,AA,AG,TT,CC,GG,AA,CC,CC,GG,GG,AA,CG,TT,AA,AA,CC,GT,AT,CC,AA,AT,GG,GT,AT,AA,GG,NN,AA,CC,AT,GG,AA,GG,AA,NN,AA,TT,CC,TT,AA,CC,CT,CG,AA,CC,AA,CC,TT,NN,GT,GG,TT,AA,AC,AG,GG,CC,CC,GG,CC,GG,AT,AA,CC,GT,GG,CC,CC,AA,AG,CG,AT,CC,AA,AA,AC,GG,AC,TT,AA,GG,AA,AA,CC,AA,AG,AG,AG,AA,TT,GG,AA,AG,CC,AA,CT,AG,NN,GG,GG,GG,TT,AA,AA,GT,TT,TT,AA,TT,GG,CG,AA,7.66,Susceptible,Medium,Premium,Early
L0414,Davangere,Karnataka,Rabi,Black Cotton,Irrigated,430,25.5,58,AA,TT,AG,AG,GG,CC,GG,AT,CC,CG,AA,CT,CC,TT,GT,GG,CG,TT,TT,AA,CG,TT,GT,CC,TT,CC,TT,TT,GG,AA,TT,CC,AA,NN,GG,CG,GG,CG,GG,CC,TT,CT,AA,TT,AA,GG,TT,TT,CC,AC,GG,AA,AA,GG,CC,TT,AA,AA,NN,NN,AA,TT,AT,AA,TT,TT,CC,GG,TT,NN,AA,GG,AC,AA,GG,AC,AA,GG,GT,TT,GG,GG,GG,CC,AA,GG,NN,AA,CC,GT,CC,TT,CT,TT,TT,GG,TT,CC,GT,CC,CC,CG,GG,AA,TT,TT,CC,AA,AG,AC,CC,GG,TT,CC,TT,AC,AA,TT,CC,AA,CC,GG,CC,GT,TT,AG,CT,CC,CC,CC,AA,TT,CC,AA,CC,CC,AA,TT,AA,AT,GG,CC,CC,GG,AA,AG,AT,CC,GG,CC,CC,AA,AG,GG,GT,GG,AC,TT,CC,GG,CC,GT,GG,CT,CC,AA,GT,TT,AA,TT,CG,CC,AA,CC,AC,CC,GG,CC,AA,GG,AA,CC,TT,CG,GT,TT,CG,AT,AA,AA,TT,AC,GG,AA,AC,CC,GG,GG,AC,GG,CT,AC,AA,CC,GG,AA,AA,AA,AT,GG,TT,AT,AT,CG,GG,AT,CG,AA,TT,AA,GG,AA,TT,AA,TT,CC,TT,AC,CC,TT,GG,AA,CG,AG,CC,AT,CT,TT,GG,AT,AA,CC,AA,GG,CC,CC,GG,CC,GG,AT,AA,CC,TT,GG,CC,CC,AA,AG,CC,NN,CC,AT,AA,AC,CC,AC,TT,AA,GG,AA,AA,AC,AA,GG,AA,AA,AA,TT,GG,AA,AG,CC,AA,TT,AA,AA,GG,AG,GG,TT,AA,AA,TT,TT,TT,AA,AT,GG,CG,AA,8.53,Susceptible,High,Premium,Late
L0415,Davangere,Karnataka,Rabi,Black Cotton,Irrigated,430,25.5,58,AA,CT,GG,AG,GG,CC,GG,TT,CC,CC,AA,CC,CG,AT,GT,GG,CG,TT,TT,AA,CC,TT,TT,CC,TT,CC,TT,TT,GT,AA,TT,CC,AA,CC,GG,GG,GG,CG,GG,CC,TT,CT,AA,TT,AA,AG,TT,TT,CC,AC,GT,AA,AG,GG,CT,TT,AA,AC,TT,AC,AG,TT,TT,AG,CT,AT,CC,GG,TT,GG,AA,GG,CC,AA,GG,AC,AA,GG,TT,TT,GG,GG,GG,CC,AT,GG,AG,TT,CC,TT,CC,TT,CC,TT,NN,GG,TT,CC,TT,CC,CT,CG,GG,AA,TT,TT,CG,AA,AG,AA,CT,GG,TT,CG,TT,AA,AA,TT,CG,GG,CC,AG,CC,GG,CT,AA,CC,CC,CC,CC,AG,TT,CC,AA,CC,CC,AA,TT,AA,AA,NN,CC,CC,GG,AA,AG,AT,CC,GG,CC,CC,AA,AA,GG,TT,GG,AA,GT,TT,AA,AC,TT,GT,CT,CC,AT,GG,TT,AA,TT,GG,CG,AA,CT,CC,CC,GG,CC,AA,GG,AG,CC,GT,CC,GG,GT,GG,AT,AA,AA,TT,CC,CG,AA,CC,CC,GG,GG,AA,GG,TT,AA,AA,CC,GG,AT,CC,AA,AT,GT,TT,AA,AT,GG,TT,AT,CC,TT,TT,AA,AG,AG,TT,NN,TT,CC,TT,AC,CC,TT,GG,AG,CC,AG,AC,TT,CT,TT,GG,TT,AC,AA,AG,GG,CC,CC,GG,CC,GG,TT,AA,CC,GG,GG,CG,CC,AT,GG,GG,AA,CG,AA,AA,CC,CG,AA,TT,AA,CG,AA,AA,AC,AA,AG,AG,AG,AG,TT,GG,AC,AA,NN,AA,CT,AG,AA,GG,NN,CG,TT,AT,AG,TT,TT,TT,AG,AT,GG,GG,AA,6.6,Susceptible,Low,Standard,Medium
L0416,Davangere,Karnataka,Rabi,Black Cotton,Irrigated,430,25.5,58,AC,TT,GG,AA,GG,CG,GG,AA,CC,CG,AA,CC,GG,TT,GT,GG,CG,TT,TT,AA,CC,TT,TT,CT,TT,CC,TT,AT,GG,AA,TT,CT,AA,CC,GG,CG,GG,CC,GG,CC,TT,TT,AA,GT,AA,GG,TT,TT,CC,AC,GT,AA,AA,GG,CC,GT,AA,AC,GG,AC,AA,TT,TT,AG,TT,TT,CC,GG,CT,GT,AG,GG,CC,AA,GG,AC,AA,GG,TT,TT,GG,GT,GG,CC,AT,GG,AA,AT,CC,TT,AC,TT,CT,TT,GT,GG,TT,CC,TT,NN,CT,GG,AG,AG,AT,TT,CC,AG,AG,AA,CC,GG,GT,CC,TT,AA,AA,TT,GG,GG,CC,GG,CC,GG,CT,AA,CC,CC,CC,CC,AG,TT,CC,AA,CC,CC,AA,AT,AA,AA,GG,CT,CC,NN,AG,AA,AA,CC,GT,CC,CC,AG,AG,GG,TT,GG,AC,GT,CT,GG,CC,GT,TT,CT,CC,AA,TT,CT,AA,TT,GG,CC,AA,CT,CC,CC,CG,CC,NN,GG,AA,CC,TT,CC,GG,GT,CG,AT,AA,AA,TT,AC,GG,AA,CC,CC,GG,GG,AC,GG,TT,AA,AA,CC,GG,TT,AC,AA,AT,GG,TT,TT,AA,CG,GT,AT,NN,TT,GT,AA,GG,AA,CT,AA,TT,CC,TT,AA,CC,CT,GG,GG,CC,GG,CC,TT,TT,GT,GG,TT,AA,CC,AA,GG,CC,CC,GG,CC,GG,TT,AA,CC,GT,AG,CC,CC,AT,GG,CC,AA,CC,AA,AA,AC,CC,CC,AT,AA,CG,AA,AA,AA,AC,AG,AG,AA,AA,AT,CG,AA,AA,CC,AA,TT,AA,AA,GG,GG,NN,GT,AT,AA,TT,TT,TT,AA,AT,GG,GG,AA,8.57,Moderate,Low,Premium,Early
L0417,Davangere,Karnataka,Rabi,Black Cotton,Irrigated,430,25.5,58,NN,TT,AG,AG,GG,CC,GG,TT,CC,CG,AA,CC,CC,TT,TT,GG,CC,TT,TT,AA,CC,TT,TT,CC,TT,CC,TT,TT,GT,AA,CT,CT,AA,CC,AG,GG,GG,CG,GG,CC,TT,TT,AA,TT,AA,GG,TT,TT,CC,CC,GG,AA,AG,GG,CT,TT,AA,AA,GT,AA,AG,TT,TT,AA,TT,TT,CC,GG,TT,GG,AG,GG,CC,AA,GG,AC,AA,GG,TT,TT,GG,GG,GG,CC,AA,GG,AA,AA,CC,GT,CC,TT,CT,TT,GT,AG,TT,CC,TT,CC,CC,CC,AG,AA,TT,GT,CC,AA,AG,AA,CC,GG,TT,CG,TT,AA,AA,TT,CG,GG,CG,GG,CC,GT,CT,AA,CC,CG,CC,CC,AG,GT,CC,AC,CC,CC,AA,AT,AG,AA,GG,CC,CC,GG,AA,AG,AA,AC,GG,CC,CC,AA,AA,GG,TT,GG,AA,GT,CT,GG,CC,GT,NN,CT,CC,AT,GT,TT,AA,TT,GG,CC,AA,CT,CC,CC,GG,CC,AA,GG,GG,CC,TT,CC,TT,TT,NN,TT,AA,AA,TT,CC,GG,AA,AA,CC,GG,GG,AA,CG,TT,AA,AA,CG,GG,AA,AC,AA,AT,GG,TT,AT,AT,GG,GT,AA,CC,TT,TT,AA,GG,AA,TT,AA,TT,CC,CC,AC,AC,TT,GG,NN,GG,GG,AC,TT,TT,GT,GG,TT,AA,CC,AA,GG,CC,CG,GG,CC,GG,AT,AG,CC,TT,GG,CC,CC,AA,GG,CG,AA,CG,AT,AA,AC,GG,NN,TT,AA,GG,AA,AC,AC,AA,AG,AG,AA,AA,AT,CG,AC,AG,NN,AA,TT,AA,NN,GG,GG,GG,GT,AA,AA,TT,TT,TT,AG,TT,GG,GG,AA,6.96,Moderate,Medium,Premium,Late
L0418,Davangere,Karnataka,Rabi,Black Cotton,Irrigated,430,25.5,58,AA,TT,AG,AG,GG,CC,GT,TT,CC,CC,AA,CC,CC,AA,GT,GG,CG,TT,TT,AA,CC,GT,GT,CC,AT,CC,TT,AT,GG,AA,TT,CC,AA,CC,GG,GG,GG,CG,GG,CC,TT,TT,AA,TT,AA,GG,CT,TT,CC,AC,GG,AA,GG,GG,CT,NN,AA,AC,GT,AA,AA,GT,AT,AA,NN,TT,CC,GG,TT,GG,AA,GT,CC,AA,GG,CC,AA,GG,TT,TT,AG,GG,GG,CC,AA,GG,AA,AA,CC,GT,CC,TT,CC,TT,GT,GG,TT,CC,TT,CC,CC,CG,GG,AA,TT,TT,CC,AA,AA,AA,CT,GG,TT,CC,TT,AA,AC,TT,CG,AG,CC,AG,CC,GG,TT,AG,CC,CC,CC,CC,AA,TT,CC,AA,CC,CC,AA,TT,AA,AA,GG,CC,CC,GG,AA,AA,AT,CC,GG,CC,CC,AA,AG,GG,TT,GG,AA,TT,CT,AG,CC,TT,TT,TT,CC,AA,TT,TT,AA,TT,GG,CC,AA,TT,CC,CC,GG,CC,AA,GG,NN,CC,TT,CC,GG,TT,CG,AA,AA,AA,TT,CC,GG,AA,CC,NN,GG,GG,AC,GG,TT,AC,AA,CC,GG,AA,CC,AA,AA,GG,TT,TT,AA,CG,GT,AA,CG,AA,GT,AT,GG,AA,CC,AA,TT,CC,CT,AC,CC,TT,CG,AG,NN,GG,CC,TT,TT,TT,GG,TT,AA,AC,AG,GG,CC,CG,GG,CC,GT,TT,AA,CC,TT,GG,CC,CC,AT,GG,CC,AA,CC,AA,AA,CC,CC,CC,TT,AA,GG,AA,AA,AA,NN,GG,NN,AG,AA,TT,GG,AA,AA,AC,AA,CT,AA,AA,CG,GG,GG,TT,AA,AA,GT,TT,TT,NN,TT,GG,GG,AC,6.24,Resistant,High,Premium,Early
L0419,Davangere,Karnataka,Rabi,Black Cotton,Irrigated,430,25.5,58,AC,TT,GG,GG,CG,CC,GT,TT,CC,CG,AA,CC,CC,AT,GT,GT,GG,TT,TT,AA,CC,TT,TT,CC,TT,CC,TT,TT,NN,AA,TT,CC,AA,CC,GG,GG,GG,CC,GG,CC,NN,TT,AA,GT,AG,GG,TT,AT,CG,AC,GG,AA,AA,GG,CC,TT,AT,AA,GG,AC,GG,TT,TT,NN,TT,TT,CC,GG,TT,GG,AG,GG,CC,AA,GG,AC,AT,GG,TT,TT,GG,GG,GT,CC,AA,GG,AA,AT,CC,TT,CC,GT,TT,TT,GT,AG,CC,AC,TT,CT,CT,GG,AG,AA,TT,TT,CG,AA,AA,AA,CT,GG,NN,CG,TT,AA,AC,TT,CC,AG,CC,GG,CC,GG,CC,AG,CC,CC,AC,CC,AA,TT,AC,AA,CC,CC,AA,AT,AA,AA,GG,CC,CC,GG,AA,AA,AA,AC,GG,CC,CC,AA,AA,GG,GT,GG,AA,TT,CT,GG,AC,GG,TT,TT,CC,AA,TT,TT,TT,AT,CG,CC,AG,CC,CC,AC,CG,CC,AA,GG,AA,CC,TT,CC,GT,GT,GG,AT,AA,AA,TT,CC,GG,AA,CC,CG,GG,GG,AA,CG,TT,CC,AA,CC,GG,AA,AC,AA,AT,GG,TT,TT,AT,GG,GT,AT,CC,TT,TT,AA,GG,AA,TT,CC,TT,CC,TT,AC,CC,TT,GG,AG,CG,AG,CC,TT,CT,GT,GG,TT,AC,CC,AA,GG,CC,CC,GG,CC,GG,AT,AA,CC,GG,GG,CC,CG,AA,AA,CG,AA,CC,AA,AA,AA,CG,AC,TT,AA,GG,AA,AC,AC,AA,AA,AA,AA,AA,TT,GG,AA,AG,AC,AA,CC,AA,AA,GG,AG,GG,TT,AA,AG,TT,TT,TT,AA,AA,GG,GG,AA,9.42,Moderate,Low,Premium,Early
L0420,Davangere,Karnataka,Rabi,Black Cotton,Irrigated,430,25.5,58,AA,TT,AG,AA,GG,CC,GG,TT,CC,CG,AA,CC,CC,TT,TT,GG,GG,TT,TT,AA,CC,TT,TT,CC,TT,CC,TT,AT,GG,AA,TT,CC,AG,CC,GG,CG,GG,CG,GG,CC,TT,CT,AA,TT,AA,GG,TT,TT,CC,AA,GG,AA,AA,GG,CC,TT,AA,AC,GG,AA,AG,TT,AT,AA,TT,AT,CC,GG,TT,GT,AG,GG,CC,AA,GG,AC,AT,GG,TT,TT,GG,GG,GG,CC,AT,GG,AA,AA,NN,TT,AC,TT,CT,TT,GG,GG,TT,CC,GT,CC,CT,NN,AG,AA,TT,TT,CC,AA,AG,AA,CT,GG,TT,CC,GT,AC,AA,TT,CC,AA,CC,GG,CC,TT,TT,AA,CC,CC,AC,CC,AA,TT,CC,AA,CC,NN,NN,TT,AG,AA,GG,CC,CC,GG,AG,AA,AA,CC,GG,CC,CC,AA,AG,GG,TT,GG,AA,GT,CC,GG,CC,TT,NN,CT,CC,AT,GT,TT,AA,NN,GG,CC,AG,CC,CC,CC,CG,CC,AA,GG,AG,CC,TT,CC,GT,TT,CG,AT,AG,AA,GT,CC,GG,AA,CC,CC,GG,AG,AA,GG,CT,AA,AA,CC,GG,AT,CC,AA,AT,GG,TT,AA,TT,GG,GT,AT,CC,AT,TT,AT,GG,AA,TT,AA,TT,CC,TT,AC,CC,CT,GG,AA,CG,AG,CC,TT,TT,TT,GG,TT,AA,CC,AA,GG,CC,CC,GG,CC,GG,AT,AA,CG,GT,GG,CC,CC,AA,AG,CG,AT,CG,AA,AA,CC,CG,AA,NN,AA,GG,AA,AA,AC,AC,AG,AA,AA,AA,AT,GG,AA,AA,CC,NN,CT,AA,AA,GG,GG,GG,TT,AA,AA,TT,TT,TT,AG,AA,GG,CG,AA,8.3,Moderate,Low,Premium,Late
L0421,Davangere,Karnataka,Rabi,Black Cotton,Irrigated,430,25.5,58,CC,TT,GG,GG,GG,CG,GT,AT,CC,CG,AA,NN,CC,TT,TT,GT,GG,TT,TT,AA,CC,GT,GT,CC,TT,CC,TT,AT,GG,AA,CT,CC,AA,AC,GG,GG,NN,CG,GG,CC,TT,CT,AA,TT,AG,GG,TT,AA,CC,CC,GG,AT,AA,GG,CT,GT,AA,AC,GG,AA,AG,TT,AT,AA,TT,TT,CC,GG,TT,GG,AA,GG,CC,AA,AG,AC,AT,GG,TT,TT,GG,GT,GT,CC,AT,AG,AA,AT,CC,TT,CC,GT,CC,AT,TT,GG,CT,NN,GT,CC,CT,GG,AA,AA,NN,TT,CC,AA,GG,AA,CC,GG,GT,CC,GT,AA,AA,TT,CC,GG,CG,GG,CT,GT,NN,AA,CC,CC,CC,CC,AA,TT,CC,AA,CC,CC,AA,TT,AA,AA,GG,NN,CC,GG,AA,AG,AA,AC,GG,CC,CC,AG,GG,AG,TT,AG,AA,TT,TT,GG,CC,GG,GT,TT,GG,AA,GT,TT,AT,TT,GG,CC,GG,CT,CC,CC,CG,CC,AA,GG,AG,CC,TT,CG,GG,TT,GG,AT,AA,AG,TT,CC,GG,AA,AC,CC,GG,GG,AC,GG,TT,AA,AA,CC,GT,AT,CC,AA,AT,GT,TT,AA,AA,GG,GG,AT,CC,TT,GT,AA,GG,NN,TT,AC,TT,CG,CT,AA,AC,CT,GG,AG,CC,AA,CC,AT,TT,GT,GG,TT,AA,CC,AA,GT,CC,CG,GG,CC,GG,TT,AA,CC,TT,GG,CC,CG,AA,AG,CC,NN,CC,AA,AA,AA,CC,CC,AT,AA,GG,AA,AA,AA,AA,AA,AG,AG,AA,AT,CG,AC,AG,AC,AA,CT,AA,AA,GG,GG,GG,NN,AA,AA,TT,TT,TT,AA,TT,GG,GG,AA,8.49,Susceptible,Low,Premium,Medium
L0422,Davangere,Karnataka,Rabi,Black Cotton,Irrigated,430,25.5,58,AA,TT,GG,AG,GG,CC,GG,TT,CC,CC,AA,CC,CG,TT,TT,GG,GG,TT,TT,AA,CC,GT,TT,CC,TT,CC,TT,TT,GG,AA,TT,CC,AA,CC,GG,GG,GG,CC,GG,NN,TT,TT,AA,GT,AA,GG,TT,TT,CC,AC,GT,AA,NN,GG,CC,GT,AA,AC,GG,AA,AA,NN,AT,GG,TT,AT,CT,GT,TT,GG,GG,GG,CC,AA,GG,AA,TT,AG,TT,TT,GG,GG,GT,CC,AT,GG,AA,AA,CC,TT,CC,TT,CC,AT,TT,GG,CT,CC,TT,CC,CC,GG,GG,AA,TT,TT,NN,AA,AG,AC,CC,GG,TT,CC,TT,AC,AA,TT,CG,GG,CC,GG,CC,GT,TT,AA,CC,CC,AC,CC,AA,GT,AC,AC,AC,CT,AA,TT,AA,AT,GG,CC,CC,GG,AG,AA,AA,CC,GG,CC,CC,AA,AA,AG,TT,GG,AA,NN,TT,GG,CC,TT,TT,TT,CC,AA,TT,TT,AA,TT,GG,CC,AA,CC,CC,CC,GG,CC,AA,GG,NN,CC,TT,CC,GT,GT,GG,TT,AA,GG,TT,NN,GG,AA,AC,CC,GG,GG,AC,GG,TT,AC,AA,CC,GT,TT,CC,AT,AT,GG,TT,TT,AT,GG,GT,AA,CC,AT,GT,AA,GG,AA,CT,AA,TT,CC,CT,AC,CC,TT,CG,AG,CC,GG,CC,TT,TT,TT,GG,TT,AA,AC,AG,GG,CC,CC,GG,CC,GG,AT,AG,CC,TT,GG,CC,CC,AA,GG,CC,AA,CC,AT,AA,CC,CC,AC,TT,AA,GG,AA,AA,AC,AA,GG,GG,AA,AA,AT,CG,AA,AG,CC,AC,TT,AA,AA,GG,GG,GG,TT,AT,NN,GT,TT,TT,AG,TT,GG,GG,AA,10.9,Moderate,Medium,Premium,Late
L0423,Davangere,Karnataka,Rabi,Black Cotton,Irrigated,430,25.5,58,AA,TT,AG,AG,GG,CC,GG,TT,CC,CC,AA,CT,CC,AT,GG,GG,GG,TT,TT,AA,CG,TT,GT,CC,TT,CC,TT,TT,GG,AA,CT,CC,AA,CC,GG,GG,GG,CC,GG,CC,TT,CT,AA,TT,AG,GG,TT,TT,CC,CC,GG,AA,AA,GG,CC,GT,AA,AA,TT,AA,AA,GT,TT,AG,TT,AT,CC,GG,TT,GT,AA,GG,CC,AA,GG,AC,AT,AG,TT,TT,NN,GG,GG,CC,AT,GG,AA,TT,CC,GT,AA,TT,CC,TT,GT,GG,TT,CC,GT,CC,CT,CC,AG,AA,TT,TT,CC,AA,AG,AA,CC,GG,TT,CC,GT,NN,AC,TT,CC,GG,CC,GG,CC,GG,CT,AG,CT,CC,CC,CC,AA,TT,CC,AA,CC,CC,AA,TT,AA,AA,GG,CC,CC,GG,AG,AA,AA,CC,TT,CC,CC,AA,AG,AG,GT,GG,AC,GT,CT,AG,CC,TT,GT,TT,CC,AA,TT,CT,AA,AT,GG,CC,AG,CC,CC,CC,CG,CC,AA,GG,AA,CC,GT,CC,GG,GT,GG,TT,AA,AA,GT,CC,CG,AA,CC,CC,GG,GG,AC,GG,TT,AC,AA,CC,GT,AA,CC,AA,AA,TT,TT,TT,AA,GG,GT,AA,CC,AT,TT,AA,GG,AA,TT,AA,TT,CC,CT,AC,CC,TT,GG,AA,CC,GG,CC,TT,TT,GT,GG,TT,AA,AA,AG,GG,CC,CC,GG,CC,NN,AT,AA,CC,GT,GG,CC,CC,AA,GG,CC,AA,CC,AA,AA,CC,CC,AC,AT,AG,GG,AA,AC,AA,AA,GG,AA,AA,NN,AT,GG,AA,AA,CC,AC,CT,AA,AA,GG,GG,CG,GG,AT,AA,TT,TT,TT,AG,TT,GG,GG,AA,7.38,Susceptible,Low,Premium,Medium
L0424,Davangere,Karnataka,Rabi,Black Cotton,Irrigated,430,25.5,58,AA,TT,GG,AA,CG,CC,GG,TT,CC,CG,AA,CC,CG,TT,GT,GT,GG,TT,TT,AA,CG,TT,NN,CC,TT,CC,TT,AT,GG,AA,TT,CC,AA,CC,GG,GG,GG,CG,GG,CC,TT,TT,AC,GT,AG,AG,TT,TT,CC,CC,GT,AA,AA,GG,CC,TT,AA,AC,GG,CC,AA,GT,AT,AA,CT,TT,CC,GG,TT,GG,AA,GG,CC,AA,GG,AA,AA,GG,TT,TT,GG,GG,GG,CC,AA,GG,AA,AA,CC,GG,CC,TT,CC,TT,GT,GG,TT,CC,TT,CC,CT,NN,AA,AA,AT,TT,CC,AA,AA,AC,CT,GG,TT,CG,TT,AC,AC,AT,CC,AG,CG,AG,NN,NN,TT,AG,CC,CC,CC,CC,AA,NN,CC,AA,CC,CC,AA,TT,NN,AA,GG,CC,CC,GG,AA,AG,AA,CC,GG,CC,CC,AA,AA,GG,GT,GG,AC,TT,CT,GG,CC,TT,TT,TT,CC,AT,GT,TT,AA,TT,GG,CC,AG,CT,CC,CC,CG,CC,AA,GG,AG,CC,TT,CC,GT,TT,GG,AT,AA,AA,GT,CC,GG,AC,CC,CC,GG,GG,CC,GG,TT,AA,AA,CC,GG,AA,CC,AA,AA,GG,TT,TT,AA,GG,GT,AA,CC,TT,GT,AA,GG,AG,CT,AA,TT,CC,CT,AC,CC,CT,CC,AG,CC,AG,CC,AT,CT,GT,GG,TT,AA,AA,AA,GG,CC,CC,GG,CC,GG,AT,AA,CC,TT,GG,CG,CC,AT,GG,CC,AA,CC,AT,AA,AC,CC,AC,TT,AA,CG,AA,AA,AA,AA,AG,AA,AA,AA,AT,CG,AA,AA,CC,AA,TT,AG,AA,GG,GG,GG,GT,AA,AA,TT,AT,TT,AG,TT,GG,GG,AA,6.81,Susceptible,Low,Poor,Early
L0425,Davangere,Karnataka,Rabi,Black Cotton,Irrigated,430,25.5,58,AA,TT,GG,AG,GG,NN,GT,AT,CC,CG,AA,CC,CC,TT,GT,GT,CG,TT,TT,AG,CC,TT,GT,CC,TT,CC,TT,AT,GT,AA,TT,CT,AA,CC,AG,CG,GG,CC,GG,CC,TT,TT,AA,TT,AG,AG,TT,AT,CC,AC,GG,AA,AA,GG,TT,TT,AA,AC,GG,AC,AA,TT,AA,AA,TT,TT,CC,GG,TT,GG,AA,GG,AC,AA,AG,AA,AT,GG,TT,TT,GG,GG,GG,CC,AA,GG,AA,AA,CC,GT,CC,NN,CT,AT,TT,GG,TT,CC,TT,CC,CC,CC,AG,AA,TT,TT,CG,AA,GG,AA,TT,GG,NN,CC,TT,AC,AA,TT,CC,AG,CC,AG,CC,GG,TT,AG,CT,CC,AC,CC,AA,TT,CC,AA,CC,CC,AA,TT,AA,AA,GG,NN,CC,AG,AA,AG,AA,AC,GG,CC,CC,AA,AA,AG,TT,GG,AC,TT,CT,AA,CC,GT,TT,TT,CG,AA,TT,TT,AT,TT,GG,CC,AA,CC,CC,CC,CG,CC,AA,GG,AG,AC,TT,CG,GT,TT,GG,AT,AA,AG,GT,AC,CG,AC,AC,CC,GG,AG,AA,GG,TT,AC,AA,CC,GG,AT,CC,AA,AA,GG,TT,AT,AA,GG,GG,AT,CC,TT,TT,AA,GG,AA,TT,AA,TT,CC,TT,AC,CC,TT,GG,AG,CC,AG,AC,TT,TT,GT,GG,TT,AA,AC,AG,GG,CC,CC,GG,CC,GG,AT,AA,CC,TT,GG,CC,CC,AA,GG,CG,AT,CC,AT,AA,CC,CC,AC,AT,AA,GG,AA,AA,AA,AA,AG,AG,AA,AA,TT,GG,AC,AA,AC,AA,CC,AA,AA,GG,GG,GG,TT,AA,AA,TT,AT,TT,AG,TT,GG,CG,AA,5.58,Susceptible,Medium,Poor,Early
L0426,Davangere,Karnataka,Rabi,Black Cotton,Irrigated,430,25.5,58,AA,TT,AG,AG,GG,CC,GG,TT,CC,GG,AA,CC,CC,TT,TT,GG,CG,TT,TT,AA,CC,GG,TT,CC,AT,CC,GT,TT,GT,AA,TT,CC,AA,CC,GG,CG,GG,CC,GG,CC,TT,CT,AA,GT,AA,AG,TT,AT,CC,AA,GG,AA,AA,GG,TT,TT,AA,AC,GT,AA,AA,TT,AT,AG,TT,TT,CC,GG,TT,GT,AA,GG,CC,AA,AG,AA,AA,GG,TT,TT,GG,GT,GG,CC,TT,GG,AA,AA,GG,TT,CC,TT,CC,TT,TT,GG,CT,CC,TT,CT,CC,CG,AG,AA,TT,TT,CG,AA,AG,AA,CC,GG,TT,CC,GT,AA,AC,TT,CG,GG,CC,GG,CC,GG,TT,AA,CC,CC,AC,CC,AA,TT,CC,AA,CC,CC,AG,TT,AA,AA,GG,CC,CG,GG,AG,AA,AA,CC,GG,CC,CG,AG,AA,GG,TT,GG,AA,TT,CT,GG,CC,GT,GT,TT,CC,AT,GT,TT,TT,TT,GG,CC,AA,CT,CC,CC,GG,AC,AA,GG,AA,CC,TT,CG,GG,TT,CG,AT,AG,AA,TT,CC,GG,AC,AC,CC,GG,GG,CC,GG,TT,AC,AA,CC,GG,AA,CC,AA,AT,GT,TT,TT,AA,GG,GT,AA,CC,AT,TT,AT,GG,AA,CC,AA,TT,NN,CT,AA,NN,TT,GG,AG,CC,AG,AC,TT,TT,GT,GG,AT,AA,CC,AA,GG,CC,CG,GG,CC,GG,TT,AG,CG,TT,GG,CC,CC,AT,GG,CC,AA,CC,AA,AA,AA,CG,AA,TT,AG,GG,AA,AA,AC,AA,GG,GG,AA,AA,TT,GG,AA,AA,AC,AC,TT,AA,AA,GG,GG,GG,TT,AA,AA,GT,TT,TT,AG,TT,GG,CG,AA,6.05,Susceptible,Medium,Premium,Medium
L0427,Davangere,Karnataka,Rabi,Black Cotton,Irrigated,430,25.5,58,AA,TT,AG,AA,GG,CC,GG,AT,CC,CG,AA,CC,CC,TT,GT,GG,GG,TT,TT,AA,CG,TT,TT,CT,TT,CC,TT,AT,GT,AC,TT,CC,AA,AC,GG,GG,GG,CG,GG,CC,TT,CT,AA,GT,AG,GG,TT,TT,CC,AC,GG,AT,AA,GG,CT,TT,AA,AA,GG,AA,AA,TT,TT,GG,TT,TT,CC,GG,TT,GG,AG,GG,CC,AA,NN,AC,AA,AG,TT,TT,GG,GG,GG,CC,AA,GG,AA,AT,CC,TT,CC,GT,CT,AT,TT,GG,TT,AC,TT,CC,CC,GG,AG,AA,TT,TT,CG,AA,GG,AA,CC,GG,GT,CC,GT,AA,AA,TT,CC,AG,CC,GG,CT,GT,TT,NN,CC,CC,CC,CG,AA,TT,CC,AA,CC,CC,AA,AT,NN,AA,GG,CC,CC,GG,AA,AA,AT,CC,GG,CC,CC,AA,AG,AG,TT,GG,NN,TT,CT,GG,AC,TT,GT,TT,CG,AT,GT,TT,AT,TT,GG,CC,AA,TT,CC,CC,GG,AC,AA,GG,AA,CC,TT,CC,GG,TT,CG,AT,AA,AA,TT,CC,GG,AC,AC,CC,GG,AG,AC,GG,CT,AC,AA,CG,GG,AT,NN,AT,AT,GG,TT,NN,AA,CG,GG,AA,CC,TT,GT,AA,GG,AA,CT,CC,TT,CC,TT,AA,CC,CT,CG,AA,CC,AG,CC,AT,CC,GT,GG,TT,AC,AC,AA,GG,NN,CC,GG,CC,GG,AT,AA,CG,TT,AG,CC,CC,AA,AG,CC,AT,CG,AA,AA,AC,CC,CC,TT,AA,GG,AA,AA,AA,AA,AG,AA,AA,AA,AT,NN,AA,AA,AA,AA,TT,AA,AA,GG,GG,GG,TT,AT,AG,TT,TT,TT,GG,TT,GG,GG,AC,5.52,Resistant,High,Premium,Early
L0428,Davangere,Karnataka,Rabi,Black Cotton,Irrigated,430,25.5,58,AA,TT,AG,AG,GG,CG,GT,AT,NN,CG,AA,CC,CC,TT,TT,GG,GG,AT,AT,AA,CG,TT,TT,CT,AT,CC,TT,AT,TT,AA,TT,CC,AA,CC,GG,GG,GG,CC,GG,CC,GT,TT,AA,GT,AG,AA,TT,TT,CC,CC,GT,AT,AA,GG,NN,TT,AA,AA,GT,AC,AA,TT,AT,AG,CT,AT,CC,GG,TT,GT,AG,GG,CC,AA,GG,CC,AA,GG,TT,TT,GG,GG,GG,CC,AT,GG,AG,AA,CC,TT,CC,TT,CT,TT,TT,GG,NN,CC,TT,CT,CC,GG,AG,AA,AT,TT,CC,AA,AG,AC,CC,GG,TT,CC,TT,AA,AA,TT,CG,AG,CC,GG,CC,GG,TT,GG,CC,CC,CC,CC,AG,TT,CC,AA,CC,CC,AA,TT,AA,AA,GG,CC,CC,GG,AA,AA,AT,CC,GT,CC,CC,AA,AA,GG,GT,GG,CC,GT,CC,GG,CC,GT,GT,TT,CC,AT,TT,TT,AA,TT,GG,CC,AA,CT,CC,CC,CC,CC,AA,GG,AA,CC,TT,CC,GG,TT,GG,AT,NN,AA,TT,CC,GG,AA,CC,CC,GG,GG,AC,GG,TT,AA,AG,CC,GG,AT,CC,AA,AT,GT,GG,AT,AA,CG,GG,AT,CG,AT,GT,AA,AG,AA,CC,AA,TT,CC,TT,AC,CC,CT,CC,AG,CC,GG,CC,AT,CT,TT,GG,TT,AA,AA,AG,GT,CC,CC,GG,CG,GG,NN,AA,CC,TT,GG,CC,CC,AT,GG,CC,AA,CC,AT,AA,CC,CG,CC,AA,AA,GG,AA,AA,AA,AA,AG,AG,AG,AA,TT,GG,AA,AA,CC,AA,TT,AA,AA,GG,GG,GG,TT,AA,AG,GT,TT,TT,AG,TT,GG,GG,AA,7.08,Resistant,High,Poor,Early
L0429,Davangere,Karnataka,Rabi,Black Cotton,Irrigated,430,25.5,58,AA,TT,GG,AG,GG,CG,GG,TT,CC,CC,AT,CT,CG,AT,TT,TT,GG,TT,TT,AA,CC,GT,GG,CT,TT,CC,TT,TT,GT,AA,CT,CC,AA,CC,GG,CG,GG,CC,GG,AC,TT,TT,AA,TT,AG,GG,CT,NN,CG,AA,GT,AA,AG,GG,CT,TT,AA,AC,GG,AA,AA,TT,AT,AG,TT,TT,CC,GG,TT,GG,AA,GG,CC,AA,GG,AC,TT,GG,TT,TT,GG,GG,GT,CC,AA,GG,AA,AA,CC,GT,CC,TT,CC,TT,TT,GG,TT,CC,TT,CC,CC,CG,AG,AA,NN,TT,CC,AA,GG,AC,CT,GG,TT,CC,GG,CC,AC,TT,NN,AA,CC,GG,CC,GT,TT,AA,CC,CC,CC,CC,AA,TT,CC,AA,CC,CC,AA,TT,AA,AA,GG,CC,CC,GG,AA,AG,AA,AC,GT,CC,CC,AA,GG,GG,GT,NN,AA,NN,TT,GG,CC,TT,TT,CT,CC,AT,TT,TT,AA,TT,CG,CC,AG,CT,CC,CC,CG,CC,AA,GG,GG,CC,TT,CC,GG,GT,CC,AA,NN,AG,TT,CC,CG,AA,CC,CC,CG,GG,AA,GG,TT,AA,AA,CC,GG,AA,CC,AA,AT,GG,TT,AA,AA,GG,GG,AT,CC,TT,GT,AA,GG,AA,TT,AA,AT,CC,TT,CC,NN,TT,GG,AG,CC,AG,AC,TT,TT,GG,GG,TT,AC,CC,AA,GG,CC,CC,GG,CG,GG,TT,AA,CC,GT,GG,CC,CC,AA,GG,CC,AT,CC,AA,AA,CC,CC,AC,TT,AA,GG,AA,AA,AA,AA,GG,AG,GG,AA,TT,GG,AA,AG,AC,AA,CT,AA,AA,GG,AG,GG,TT,AA,AA,TT,TT,TT,AG,AA,GG,GG,AC,6.9,Resistant,Medium,Premium,Late
L0430,Davangere,Karnataka,Rabi,Black Cotton,Irrigated,430,25.5,58,AA,TT,AA,AG,GG,CC,GT,AT,CC,GG,TT,CT,CG,TT,TT,GG,GG,TT,TT,AG,CC,GT,GT,CT,TT,CC,TT,TT,GT,AA,CT,CC,AA,CC,GG,CG,GG,CG,GG,CC,TT,TT,AA,TT,AA,AG,CT,TT,CC,NN,GG,AA,AG,GG,CC,GT,AA,AC,TT,AC,AG,TT,AA,AA,TT,AA,CC,GG,TT,GT,AG,GG,AC,AA,AG,AA,AA,GG,TT,TT,GG,GT,GG,CC,AA,GG,AA,AA,CC,TT,CC,TT,CC,TT,GT,GG,TT,CC,TT,CC,CC,CG,GG,AA,TT,TT,CC,AA,NN,AA,CC,GG,TT,GG,GT,AA,AA,TT,CC,GG,CC,GG,CC,GG,TT,AA,CT,CC,CC,CC,AA,TT,CC,AA,CC,CT,AA,AA,AA,AA,GG,CC,CC,GG,AA,AA,AA,CC,GG,CC,CG,AA,AA,AA,GT,GG,AC,GG,CT,GG,CC,TT,GT,TT,CG,AA,GT,TT,AA,TT,GG,CC,AG,TT,CC,CC,GG,CC,AA,GG,AG,CC,TT,GG,GG,TT,GG,TT,AG,AA,TT,AC,CG,AA,CC,CC,GG,GG,AC,CG,TT,AA,NN,GG,GT,AT,CC,AA,AT,GG,TT,TT,AA,CG,GT,AT,CC,AT,TT,AA,GG,AA,CT,AA,TT,GG,TT,AC,CC,TT,CG,AA,CC,AA,CC,TT,TT,GT,GG,AT,AA,AC,AG,GG,CC,CC,GG,CC,GG,AT,AG,CC,GT,GG,CC,CC,AA,GG,NN,AT,CC,AA,AA,CC,CC,AC,TT,AA,GG,AA,AA,AA,AA,AG,AA,NN,AA,TT,GG,AA,AG,AC,AC,TT,AA,AG,GG,GG,GG,TT,AT,AA,TT,TT,AT,AG,TT,GG,GG,AA,5.05,Susceptible,High,Premium,Medium
L0431,Davangere,Karnataka,Rabi,Black Cotton,Irrigated,430,25.5,58,AA,TT,GG,AA,GG,GG,GG,AT,CC,CC,AA,CC,GG,TT,GT,GT,GG,TT,AT,AG,CC,TT,TT,CC,TT,CC,GT,TT,GG,AA,CT,CC,AA,CC,GG,CG,GG,CG,GG,CC,TT,TT,AA,TT,AG,AG,TT,TT,CC,AC,GG,AA,AA,GG,CC,GT,AA,AC,TT,AA,AG,TT,TT,AG,TT,AT,CC,GT,TT,GG,AA,GG,AC,AG,GG,CC,AA,GG,GT,TT,GG,GT,GT,CC,AA,GG,AA,TT,CC,GT,AC,GT,CC,TT,TT,GG,CT,CC,GT,CT,CC,GG,AA,AG,TT,TT,CC,AA,AA,AA,CT,GG,TT,CC,TT,AA,AA,TT,CC,AG,CC,AG,CC,GT,CT,AA,CC,CC,CC,CC,AA,TT,CC,AA,CC,CC,AA,AT,AA,AA,GG,CC,CC,GG,AA,AG,AA,CC,GT,CC,CC,AA,AG,AG,TT,GG,AC,GT,TT,GG,CC,GT,TT,TT,CC,AA,GT,CT,AA,TT,GG,CC,GG,CC,CC,CC,CG,CC,AA,GG,AG,CC,TT,CG,GG,TT,GG,AT,AA,AA,GT,CC,GG,AA,AC,CC,NN,GG,AC,GG,TT,AA,AA,CC,GG,AT,CC,AA,AT,GG,GT,TT,NN,GG,GT,AA,CG,TT,GG,AA,GG,AA,TT,NN,TT,CC,CT,AA,CC,TT,GG,AG,CC,AG,CC,TT,TT,TT,GG,TT,AA,AC,AG,GG,CC,CG,GG,CC,GG,AT,AA,CC,GT,GG,CC,CC,AT,GG,CG,AA,CC,AT,AA,CC,CC,CC,AT,AA,GG,AA,AA,CC,AA,GG,AA,AA,AA,TT,GG,AA,AG,CC,AA,CT,AG,AG,GG,GG,GG,TT,AT,AA,TT,TT,TT,AA,TT,GG,GG,AA,10.2,Susceptible,Low,Poor,Medium
L0432,Davangere,Karnataka,Rabi,Black Cotton,Irrigated,430,25.5,58,AA,TT,GG,AG,GG,CC,GG,TT,CC,CC,AA,CC,CC,AT,GT,GG,GG,TT,TT,AG,CC,TT,TT,CC,TT,CC,GT,TT,GG,AA,TT,TT,AA,CC,GG,GG,GT,CC,GG,CC,TT,CT,AC,TT,AA,GG,TT,TT,CG,AC,GG,AA,AG,GG,CT,GT,AA,AA,TT,AA,AA,GT,AA,AG,TT,TT,CC,GG,TT,GG,AA,GG,CC,AA,GG,AA,AT,GG,TT,TT,GG,GT,GT,CC,AA,GG,AA,TT,CC,GT,CC,GT,CC,AT,TT,GG,TT,CC,GT,NN,CC,CC,AG,AA,TT,TT,CC,AA,AA,AA,CT,GG,TT,GG,TT,AC,AC,TT,CC,GG,CC,GG,CC,TT,CT,AA,CC,NN,CC,CC,AA,TT,AC,AA,NN,CC,AA,TT,AA,AT,GG,CC,CC,NN,AA,AA,AA,AC,GT,CC,CC,AG,AA,GG,GT,GG,AC,GT,CC,GG,CC,GT,TT,TT,CC,AT,TT,TT,AA,AT,GG,CC,AA,CT,CC,CC,GG,CC,AA,GG,AG,CC,TT,GG,GG,TT,GG,TT,AA,AA,TT,AC,GG,AA,CC,CC,GG,GG,AC,CG,TT,AC,AA,CC,GG,AT,AA,AA,AA,GG,TT,TT,AT,GG,GT,AA,CG,AT,GT,AA,GG,AA,TT,AA,NN,CC,TT,AC,CC,CT,GG,AG,CC,AG,AC,TT,TT,TT,GG,TT,AA,CC,AA,GT,CC,CC,GG,NN,GG,AT,AG,CC,GT,GG,CC,CG,AT,GG,CG,TT,CG,AA,AA,AC,CC,AA,TT,AG,GG,AA,AA,AC,AA,GG,GG,AA,AA,AT,CG,AC,AA,CC,AA,CT,AG,AG,GG,GG,GG,TT,AA,AG,TT,TT,TT,AG,TT,GG,GG,AC,5.95,Resistant,Low,Premium,Late
L0433,Davangere,Karnataka,Rabi,Black Cotton,Irrigated,430,25.5,58,AA,TT,GG,AA,GG,CC,GT,TT,CC,CC,AA,CC,CG,TT,TT,GG,GG,TT,TT,AA,CC,TT,TT,CC,TT,CC,TT,AT,GT,AC,TT,CC,AA,CC,GG,CG,GG,CC,GG,CC,TT,CT,AA,GT,GG,GG,TT,TT,CC,AC,GG,AA,AA,GG,CC,TT,AA,AA,GG,AC,AA,TT,AT,AG,TT,AT,CC,GG,TT,GT,GG,GT,AC,AA,AG,AA,TT,GG,TT,TT,GG,NN,GG,CC,AA,GG,AA,AA,CC,TT,CC,TT,CC,TT,TT,GG,TT,CC,GT,CC,CC,CC,AA,AA,TT,TT,CC,AA,AA,AA,CT,GG,TT,CG,TT,AA,AC,TT,CC,GG,CC,GG,CC,GG,TT,AG,CC,CC,CC,CC,AA,TT,CC,AA,CC,CC,AA,AT,AA,AA,GG,CC,CC,GG,AA,AA,AA,NN,TT,CC,CC,AG,AA,GG,GT,GG,AC,GT,CT,GG,CC,TT,TT,TT,CC,AA,GT,CT,AA,AT,GG,CC,AG,CC,CC,CC,GG,CC,AA,GG,AG,CC,TT,CC,GG,TT,GG,AT,AA,AG,TT,CC,GG,AA,CC,CC,GG,GG,AA,GG,TT,AA,AG,CC,GG,AA,CC,AT,AA,GG,TT,AT,AT,CG,GG,AA,CC,TT,GG,AA,GG,AA,CT,AA,TT,CC,TT,AA,CC,CC,GG,AG,CC,GG,CC,TT,TT,TT,GG,TT,AA,AC,AA,GG,CG,CC,GG,CG,GG,AT,AA,CC,TT,NN,CC,CC,AA,AG,CG,AA,CG,AT,AA,CC,CC,CC,TT,AA,GG,AA,AA,AC,AA,AG,AA,AA,AA,AT,CG,AA,AG,AC,AC,TT,AA,AA,GG,GG,CC,TT,AT,AA,GT,TT,TT,GG,NN,GG,GG,AA,5.99,Susceptible,Low,Standard,Medium
L0434,Davangere,Karnataka,Rabi,Black Cotton,Irrigated,430,25.5,58,AA,TT,AG,GG,GG,CC,GG,TT,CC,CC,AA,CC,CG,TT,TT,GG,CC,TT,TT,AA,CC,TT,TT,CC,TT,CC,TT,AT,GG,AA,TT,CC,AA,CC,GG,CG,GG,CC,GG,CC,TT,TT,AC,TT,AA,AG,CT,TT,CG,AA,GG,AA,AA,GG,CT,TT,AA,AC,GG,AC,AG,GT,AT,NN,TT,TT,CC,GG,TT,GT,AA,GG,AC,AA,AG,AA,AT,GG,TT,TT,AG,NN,GG,CC,AT,GG,AA,AA,CG,TT,AC,TT,CC,NN,GT,GG,TT,CC,TT,CC,CC,CC,GG,AA,TT,TT,CC,AA,AG,AA,TT,GT,TT,CC,TT,AA,AA,TT,CC,AG,CC,GG,CC,GT,TT,AG,CC,CC,CC,NN,AA,TT,AC,AA,CC,CC,AA,AT,AA,AA,GG,CC,CC,GG,AA,AA,AA,CC,GG,CC,CG,AA,AA,GG,TT,GG,AA,TT,TT,AG,NN,TT,TT,CT,CC,AT,GT,TT,TT,TT,GG,CC,GG,CC,CC,CC,NN,CC,AA,GG,GG,AC,TT,CC,GT,TT,GG,TT,AA,GG,TT,AC,GG,AA,CC,CC,GG,GG,AC,GG,TT,AA,AA,CC,GG,AT,AC,AT,AT,GG,TT,TT,AA,CG,GG,AA,CG,AA,GG,AA,GG,AA,TT,AC,TT,CC,TT,AC,CC,TT,CG,AA,CC,AG,CC,TT,TT,TT,GG,TT,AA,CC,AG,GG,CC,CG,GG,CC,GG,TT,AG,GG,TT,GG,CC,CC,AA,AG,CC,AA,CC,AA,AA,CC,GG,AC,TT,AA,GG,AA,AC,AA,AA,NN,GG,AG,AA,TT,CG,AC,AA,CC,AA,CT,AA,AA,CG,GG,GG,TT,AT,AA,GT,TT,TT,AG,AT,GG,GG,AC,7.99,Resistant,Low,Poor,Medium
L0435,Davangere,Karnataka,Rabi,Black Cotton,Irrigated,430,25.5,58,AA,CT,AG,GG,GG,CC,GG,TT,CC,CG,AT,CC,NN,TT,TT,GG,GG,TT,TT,AA,CG,TT,TT,CC,TT,CC,TT,TT,GG,AA,TT,CC,AA,CC,GG,GG,GG,CC,GG,CC,TT,CT,AC,TT,AA,AG,TT,AT,CG,CC,GG,NN,AA,GG,CC,TT,AA,CC,TT,AA,AA,TT,AT,AA,CT,TT,CC,GG,TT,GG,AG,GG,CC,AA,GG,AA,AA,GG,TT,TT,GG,GG,GG,NN,AA,AG,AG,AT,CC,NN,AC,TT,CC,TT,TT,GG,TT,AC,TT,CC,CT,CG,GG,AA,TT,TT,CG,AA,AG,AC,CC,GG,TT,CC,TT,AA,AA,TT,CC,GG,CC,GG,CC,GT,CT,AA,CC,CC,CC,CC,AA,TT,AC,AA,CC,CC,AA,TT,AA,AT,GG,NN,NN,GG,AA,AA,AA,CC,GT,CC,CC,AA,AG,AG,TT,GG,AA,GG,CT,GG,CC,TT,TT,CT,CC,AA,GG,TT,AA,TT,GG,CC,AG,CC,CC,CC,CG,CC,AA,GG,AG,CC,TT,CC,GG,TT,GG,AT,AA,AG,TT,CC,GG,AA,CC,CC,GG,GG,AC,GG,TT,AC,AA,CG,GG,AT,CC,AA,AA,GG,GT,AT,AA,GG,GT,AA,CC,AT,GG,AA,GG,AA,CT,AA,TT,CC,TT,AA,CC,TT,GG,AG,CC,AA,AC,TT,TT,NN,GG,AT,NN,AC,AA,GG,CC,CG,GG,CC,GG,AA,AA,CC,GT,GG,CG,CC,AA,GG,CG,AT,CC,AT,AA,CC,CC,AC,TT,AA,GG,AA,CC,AA,AA,AG,AG,AG,AA,NN,GG,AC,AG,AC,AC,NN,AA,AA,GG,GG,GG,TT,AT,AA,GG,TT,TT,AG,TT,GG,NN,AA,8.04,Susceptible,Low,Standard,Early
L0436,Davangere,Karnataka,Rabi,Black Cotton,Irrigated,430,25.5,58,AA,TT,AG,AA,GG,CC,GT,TT,CC,CC,AA,CC,CG,AT,TT,GT,CG,TT,TT,AG,CG,GT,GG,CC,TT,CC,TT,TT,GG,AA,TT,CC,AA,CC,GG,CG,GG,CG,GG,CC,TT,CC,AA,TT,AG,AA,CT,TT,CC,AC,GT,AT,AA,GG,CT,TT,AA,AA,TT,AC,AA,GT,TT,AA,CT,AT,CC,GG,TT,GG,AA,GG,CC,AG,GG,AC,TT,GG,TT,TT,GG,GG,GT,AC,AA,AG,AA,AA,CC,GT,CC,TT,CC,TT,NN,GG,TT,AC,TT,CT,CC,CC,GG,AA,AT,TT,CC,AA,GG,AA,CC,GT,GT,CC,TT,AA,AA,TT,CC,GG,CC,NN,CC,GT,TT,AA,CC,CC,CC,CC,AA,TT,AC,AA,CC,CC,AA,AT,AA,AA,CG,CC,CC,GG,AA,AA,AA,AC,GG,CC,CC,AG,GG,GG,GT,GG,AC,GT,CT,AG,AC,TT,TT,TT,CG,AA,TT,TT,AA,TT,GG,CC,AG,CT,AC,CC,CG,CC,AA,GG,AG,CC,TT,CC,GT,TT,CG,TT,AA,GG,TT,CC,GG,AA,CC,CC,GG,GG,AA,GG,TT,AA,AA,CC,NN,AA,AC,AA,AA,GG,TT,TT,AT,CG,GG,AA,CC,TT,GT,AA,GG,AA,TT,AA,AT,CC,TT,AA,CC,CT,CG,AA,CG,AG,CC,TT,TT,GT,GG,AT,AC,CC,AA,GG,CC,CG,GG,CC,GG,AT,AA,CC,TT,GG,CC,CG,AA,GG,CG,AA,CG,NN,AG,CC,CG,AC,TT,AA,GG,AA,AA,AA,AA,NN,AA,AA,AG,TT,GG,AA,AG,AC,AA,CT,AA,AA,GG,GG,GG,TT,AT,AA,GT,TT,TT,GG,TT,GG,GG,AA,9.79,Susceptible,Medium,Poor,Late
L0437,Davangere,Karnataka,Rabi,Black Cotton,Irrigated,430,25.5,58,AC,CT,GG,AA,GG,CC,GT,AT,CC,CC,AA,CT,GG,TT,GT,GG,GG,TT,TT,AA,CC,GT,TT,CT,AT,CC,TT,TT,GG,AA,TT,CT,AA,CC,GG,GG,GG,CC,GG,CC,TT,TT,AA,NN,AA,AG,CT,AT,CC,AC,GG,AA,AA,GG,CC,TT,AA,AA,GT,AA,AA,TT,TT,AA,TT,TT,CC,GG,TT,GG,AA,GG,CC,AG,GG,AA,AA,AG,TT,TT,GG,TT,GT,CC,AA,GG,AA,AA,CC,GG,CC,TT,CC,TT,TT,GG,TT,CC,TT,CC,CT,CC,GG,AA,TT,TT,CC,AA,AA,AA,CC,GG,TT,CC,TT,AA,AC,TT,CC,GG,CC,GG,CT,GG,CT,AA,CC,CC,CC,CC,AA,TT,CC,AA,CC,CC,AA,TT,AA,AA,GG,CC,CC,NN,AA,NN,AA,CC,GG,CG,CC,AA,AG,AG,TT,AG,AC,GT,CT,GG,CC,GT,TT,TT,CG,AA,TT,TT,AT,TT,GG,CC,AA,CT,CC,CC,CG,CC,AA,GG,AG,CC,TT,CC,GT,TT,CG,TT,AA,NN,TT,AC,GG,AA,CC,CC,GG,GG,AC,GG,CT,AA,AA,CG,GG,AT,CC,AA,AA,GG,TT,TT,AT,GG,GG,AT,CC,TT,TT,AA,GG,AA,CT,AA,TT,CG,TT,AA,CC,TT,GG,AA,CC,GG,CC,TT,CC,GT,NN,TT,AA,NN,AA,GG,CC,CC,GG,CC,GG,TT,AA,CC,TT,GG,CC,CC,AT,GG,CG,AA,CC,AA,AA,AA,CC,AC,TT,AA,GG,AA,AA,AA,AA,GG,AG,GG,AA,AT,GG,AA,AG,CC,AA,TT,AG,AA,GG,GG,GG,GT,AA,AA,TT,TT,TT,AG,TT,GG,GG,AA,7.36,Moderate,Low,Poor,Early
L0438,Davangere,Karnataka,Rabi,Black Cotton,Irrigated,430,25.5,58,CC,TT,GG,AA,GG,CC,GT,TT,CC,CC,AA,CC,CG,AT,TT,GT,GG,NN,TT,AA,CC,GT,GG,CC,TT,CC,GT,TT,GG,AA,TT,CC,AA,CC,GG,GG,GG,CC,GG,CC,TT,CT,AA,TT,AG,AA,TT,AT,CC,AA,GT,AT,AA,GG,CC,TT,AA,AC,GT,AA,AA,TT,TT,AG,TT,AT,CC,GG,TT,GG,AA,GT,CC,AA,GG,AA,AA,GG,TT,CT,NN,GT,GT,CC,AA,GG,AA,AA,CC,GT,AC,TT,CT,TT,TT,GG,TT,CC,GT,CC,CC,CG,AG,NN,TT,TT,CC,AA,AG,AC,CT,GG,TT,CC,TT,AA,AC,TT,CC,GG,CG,GG,CT,GT,CT,AA,CT,CC,NN,CC,AA,TT,CC,AA,CC,CC,AA,TT,AA,AA,GG,CT,CC,GG,AA,AG,AA,CC,GG,CC,CG,AA,AA,GG,TT,AG,AC,TT,CT,GG,AC,TT,GT,TT,GG,AT,GT,TT,AA,TT,GG,CC,AG,CC,AC,CC,CG,CC,AA,GG,AG,CC,TT,CC,GT,NN,CG,AT,AA,AA,TT,CC,GG,AA,AC,CG,GG,GG,AA,GG,CT,AC,AA,CC,GG,AA,AC,AA,AA,GG,TT,TT,AA,GG,GG,AT,CC,TT,TT,AA,GG,AA,TT,AA,NN,CC,CT,AC,AC,TT,CC,AG,CC,AG,NN,TT,TT,TT,GG,TT,AA,AC,AG,GG,CC,CG,GG,CC,GG,TT,AA,CC,GG,GG,CC,CG,AA,GG,CC,AT,CC,AT,AA,AC,CC,AC,TT,AA,GG,AA,AA,AC,AA,AG,GG,AA,AA,AT,GG,AC,AG,AA,AA,TT,AA,AA,GG,GG,GG,TT,AA,AA,GT,TT,TT,AG,TT,GG,GG,AA,7.82,Resistant,Medium,Poor,Late
L0439,Davangere,Karnataka,Rabi,Black Cotton,Irrigated,430,25.5,58,CC,TT,GG,AG,GG,CC,GT,TT,CC,GG,AA,CC,NN,TT,TT,GG,GG,TT,TT,AA,CC,GT,TT,CC,TT,CC,TT,TT,GG,AA,TT,CT,AA,CC,GG,GG,GG,CG,GG,CC,TT,TT,AA,TT,AA,AG,TT,TT,CC,AC,GT,AT,AA,GG,CT,TT,AT,AA,GT,CC,AA,TT,TT,AA,TT,AT,CC,GG,TT,GG,AG,GT,CC,AA,AG,AA,AA,AG,GT,TT,GG,GG,GG,CC,AA,GG,AA,AA,NN,GT,CC,TT,CT,NN,TT,GG,TT,AC,TT,CC,TT,CC,AG,AA,TT,TT,CG,AA,AG,AA,CT,GG,TT,CC,TT,AA,AA,TT,CC,AG,CC,AG,CC,GG,TT,GG,CT,CC,CC,CG,AA,TT,CC,AA,CC,CT,AA,TT,AA,AT,GG,CC,CC,GG,AG,AA,AA,CC,GG,CC,CG,AA,AA,GG,TT,GG,AC,GT,TT,GG,AC,TT,TT,TT,CC,AA,GT,TT,AA,TT,GG,CC,AA,CC,CC,CC,GG,CC,AA,GG,AA,CC,TT,CC,GG,TT,GG,AT,AA,AA,TT,CC,GG,AA,CC,CC,GG,GG,AC,GG,TT,AC,AA,CC,GG,AA,CC,AA,AT,GT,TT,TT,TT,GG,TT,AT,CC,AA,GT,AA,GG,AA,TT,AA,AT,CC,TT,AA,CC,CT,CG,GG,CG,GG,AC,TT,CT,TT,GG,AT,AA,AC,AA,GG,CC,CG,GG,CC,GG,TT,AA,CC,TT,GG,CG,CC,AA,AG,CG,AA,CG,AA,AA,AC,CC,AC,NN,AA,GG,AA,AA,AA,AA,AG,AG,AA,AA,TT,GG,AC,AG,CC,AC,CT,AA,AA,GG,GG,CG,TT,AT,AG,TT,TT,TT,AA,TT,GG,CG,AA,6.71,Susceptible,Medium,Poor,Early
L0440,Davangere,Karnataka,Rabi,Black Cotton,Irrigated,430,25.5,58,AC,TT,NN,GG,GG,CC,GG,TT,CC,NN,AT,CC,CG,TT,TT,GG,CC,TT,TT,AG,CC,TT,GT,CT,TT,CC,GT,TT,GG,AA,TT,CC,AA,CC,GG,GG,GG,CG,GG,AC,TT,CT,AC,TT,AG,GG,TT,TT,CC,CC,GT,AA,AA,GG,CC,TT,AA,AA,GG,AA,AA,NN,AT,AA,CT,TT,CC,GG,TT,GT,AA,GG,CC,NN,AG,AA,AA,GG,TT,TT,GG,GT,GG,CC,AA,GG,AA,AA,CG,TT,CC,TT,CC,TT,TT,GG,CC,CC,TT,CC,CC,CC,GG,AG,TT,TT,CC,AA,AA,AA,CC,GG,GT,CC,GT,AA,AA,TT,CC,GG,CG,GG,CC,NN,TT,AA,CC,CC,CC,CC,AA,TT,AC,AA,CC,CC,AA,NN,AA,AA,GG,CT,CC,GG,AA,AA,AA,AC,GT,CC,CC,AA,AA,AG,TT,AG,AA,GG,TT,GG,CC,TT,GT,TT,CC,AA,TT,TT,AT,TT,CG,CC,GG,TT,CC,CC,CG,CC,AA,GG,AG,CC,TT,CC,GT,TT,CG,TT,AA,AA,TT,CC,GG,AA,CC,CC,GG,GG,AC,GG,TT,AC,AA,CC,GT,AA,AC,AT,AT,GG,TT,AA,AT,GG,GT,AA,CC,NN,GT,AA,GG,AA,TT,AA,TT,CC,TT,AA,CC,TT,GG,AA,CG,GG,CC,NN,CT,GT,GG,TT,AC,AA,AG,GG,CC,CC,GG,CC,GG,AT,AA,CC,GT,GG,CC,CC,AA,GG,CG,AT,CG,AA,AA,AC,CG,AC,TT,AA,CG,AA,AC,AC,AA,AG,AG,AA,AG,TT,GG,AA,AG,CC,AA,CT,AA,AA,GG,GG,GG,GT,AA,AA,TT,TT,TT,AG,AT,GG,GG,AC,8.08,Resistant,High,Premium,Late
L0441,Davangere,Karnataka,Rabi,Black Cotton,Irrigated,430,25.5,58,NN,CT,GG,AG,GG,CC,GG,AT,CC,GG,AA,CT,CC,TT,TT,GT,GG,TT,TT,AA,CC,TT,GT,CC,TT,CT,GT,TT,GG,AA,TT,CC,AA,CC,GG,GG,GG,CG,NN,AC,TT,CC,AA,TT,AA,AA,TT,AT,CC,AA,GG,TT,AA,GG,CC,TT,AA,CC,GT,AA,AG,TT,AT,AA,TT,AT,CC,GG,TT,GG,AA,GT,CC,AA,AG,AC,AT,GG,TT,TT,GG,GT,GG,CC,AA,GG,AA,AA,CC,GT,CC,TT,CC,TT,GT,GG,TT,CC,GT,CT,CC,GG,GG,AA,TT,TT,CC,AA,AG,AA,CC,GG,TT,CC,TT,AA,AA,AT,CC,AG,CC,AG,CC,GG,CT,AA,CC,CC,CC,CC,NN,TT,CC,AA,CC,CC,AA,AT,AA,AA,GG,CT,CC,GG,AA,AA,AA,CC,GT,CC,CC,AA,NN,GG,GT,GG,AA,TT,TT,GG,CC,TT,GT,TT,CC,AA,GT,CT,AT,AA,GG,CC,AA,CT,CC,CC,CG,AC,AT,GG,AG,NN,TT,CC,TT,GT,CG,AT,AA,AA,TT,CC,GG,AA,CC,CC,GG,GG,AC,GG,TT,AC,AA,CC,GT,AA,AC,AA,AA,GG,TT,TT,AT,CG,GT,AT,CG,AT,GT,AA,GG,AA,TT,AA,TT,CC,TT,AC,CC,CT,GG,AG,CG,NN,CC,TT,CT,GT,GG,TT,AA,AC,AG,GG,CC,CG,GG,CC,GG,AT,AA,CC,TT,GG,NN,CC,AA,GG,CC,AA,CC,AA,AA,CC,CC,CC,TT,AA,GG,AA,AA,AA,AC,AG,AG,AA,AA,TT,GG,AA,NN,AC,AA,CT,AA,AA,GG,GG,GG,GT,AA,AA,TT,TT,AT,AA,TT,CG,GG,AC,6.34,Resistant,Medium,Standard,Early
L0442,Davangere,Karnataka,Rabi,Black Cotton,Irrigated,430,25.5,58,NN,CT,GG,AA,CG,CC,GG,TT,CC,GG,AA,CC,CG,TT,NN,GG,GG,TT,TT,AA,CG,GT,TT,CT,TT,CC,TT,TT,GG,AA,TT,CC,AA,CC,GG,CG,GG,CC,GG,CC,TT,CC,AA,GT,AA,AG,CC,TT,CC,AC,GG,AA,AG,GG,CC,NN,AT,AC,TT,AA,AG,TT,TT,AG,TT,AT,CC,GG,TT,TT,AA,GG,CC,AA,GG,AA,AT,GG,TT,TT,GG,GG,GG,CC,AA,GG,AA,AA,CC,GG,AC,TT,CC,TT,TT,AA,TT,CC,GT,CC,CC,CC,AG,AA,TT,GT,CG,AG,AA,AA,TT,GG,TT,CC,TT,AA,AA,TT,CC,AG,CC,GG,TT,GG,CT,AA,CC,NN,AC,CC,AA,TT,CC,AA,CC,CC,AA,TT,AA,AA,GG,CT,CC,GG,AA,GG,AA,AC,GT,CC,CC,AA,AA,GG,GT,GG,AA,GT,TT,GG,AC,TT,GG,CT,CC,TT,TT,TT,AA,TT,GG,CG,AA,CC,AC,CC,CG,CC,AA,GG,AA,CC,TT,CG,GT,TT,CG,AT,AA,AA,TT,CC,CC,AA,CC,CG,GG,GG,CC,GG,TT,AA,AA,CC,GG,AA,AC,AT,AA,GT,NN,TT,AT,GG,GT,AA,CC,TT,GT,AA,AG,AA,TT,AA,TT,CC,TT,AA,CC,TT,NN,AA,CG,AA,CC,TT,TT,GT,GG,TT,AA,AC,AG,GG,CC,CG,GG,CG,GG,AT,NN,CC,TT,AG,CG,CC,AT,GG,CC,AA,CG,AT,AA,AC,GG,AC,AT,AA,GG,AA,AA,AA,AA,AG,AG,AA,AA,TT,GG,AA,GG,AA,AA,TT,AA,AA,GG,GG,CC,TT,AA,AA,TT,TT,TT,AG,TT,GG,GG,AA,8.84,Susceptible,Low,Standard,Late
L0443,Davangere,Karnataka,Rabi,Black Cotton,Irrigated,430,25.5,58,AC,TT,AG,AA,GG,CC,GG,TT,CC,GG,AA,CC,GG,TT,TT,GG,CC,TT,TT,AG,CC,TT,GT,CT,TT,CC,TT,AT,GG,AC,TT,CC,AA,CC,GG,CG,GT,CC,GG,CC,TT,CT,AA,TT,AG,GG,TT,TT,CC,AC,GG,AA,AA,GG,CT,TT,AA,AA,TT,AC,AG,GT,AT,GG,CT,AT,CC,GG,CT,GT,AA,GG,CC,AA,AG,AC,AT,GG,TT,TT,GG,GT,GG,CC,AA,AG,AA,AA,CC,TT,AC,GT,CT,TT,TT,GG,TT,CC,GG,CC,CC,CG,AG,AA,TT,TT,CC,AA,AG,AC,CT,GG,TT,CG,GT,CC,AA,TT,CC,GG,CC,GG,CC,GT,TT,AG,CC,CC,CC,CC,AG,GT,CC,AA,CC,CC,AA,TT,AA,AA,GG,CC,CC,GG,AG,AG,AA,AC,GG,CC,CC,AA,AA,AG,TT,GG,AC,TT,CT,GG,AC,NN,TT,CT,CC,AA,GT,TT,AA,AT,GG,CC,AA,CC,CC,AC,CG,CC,AA,GG,AA,CC,TT,CC,GT,TT,GG,TT,AA,AA,TT,CC,GG,AA,AC,CC,GG,AG,AC,GG,TT,AC,AA,CC,GT,AT,CC,AA,AT,GG,TT,AT,AT,NN,GT,AA,CC,AT,TT,AA,GG,AA,TT,AA,TT,CC,CT,AA,AC,TT,GG,AA,CG,AG,CC,TT,TT,GT,GG,TT,AA,NN,AG,GG,CC,CC,GG,CC,GG,TT,AG,CG,GT,GG,CC,CG,AA,GG,CC,AT,CC,AA,AA,AC,CG,AC,TT,AA,GG,AA,AA,AA,AA,NN,AA,AA,AA,AT,GG,AA,AA,CC,AC,CT,AA,AG,GG,GG,GG,TT,AA,NN,GT,TT,TT,AA,AT,GG,GG,AA,6.39,Moderate,Low,Standard,Late
L0444,Davangere,Karnataka,Rabi,Black Cotton,Irrigated,430,25.5,58,AC,CT,GG,AA,GG,CC,NN,TT,CC,CG,AA,CC,CC,AT,TT,GG,GG,TT,TT,AA,CC,TT,TT,CT,TT,CC,NN,TT,GG,AA,TT,CC,AA,CC,GG,GG,GG,GG,GG,CC,TT,CT,AC,TT,AA,AG,TT,AT,CC,CC,GG,AA,AA,GG,CT,GT,AT,CC,GG,AA,AA,TT,TT,AA,TT,AT,NN,GG,TT,GG,AA,GG,AC,AA,GG,AC,AT,GG,GT,TT,GG,GG,GG,CC,AT,GG,AA,AT,CC,GT,AC,TT,CC,AT,TT,GG,CT,CC,GT,CC,CC,CC,GG,AA,TT,TT,CC,NN,AG,AA,NN,GG,TT,CC,TT,AA,AA,TT,CC,GG,CC,GG,CC,GT,TT,AA,CC,CC,CC,CC,AG,TT,AC,AA,CC,CC,AA,TT,AG,AA,GG,CT,CC,GG,AA,GG,AA,AC,GT,CC,CC,AA,AA,GG,TT,GG,AA,TT,NN,GG,CC,TT,TT,TT,CC,AA,TT,TT,AA,TT,GG,CC,AG,TT,CC,CC,CG,CC,AA,GG,AG,CC,TT,CC,GT,TT,GG,AT,AA,AG,TT,CC,GG,AC,AC,CC,GG,GG,AC,GG,TT,AC,AA,CC,GG,AT,AA,AA,AT,GT,TT,TT,AT,GG,GT,AA,CC,NN,TT,AA,GG,AA,TT,AA,TT,CC,CC,AA,CC,TT,GG,AG,CG,AA,AC,TT,TT,TT,GG,TT,AA,CC,AA,GG,CC,CC,GG,CC,GG,AT,AA,NN,NN,GG,CC,CC,AT,AG,CC,AA,CC,AA,AA,AC,CG,CC,TT,AA,GG,AA,AC,AC,AA,GG,AA,AA,AA,AT,GG,AA,AA,CC,AC,CT,AA,AA,GG,AG,GG,TT,AT,AA,GG,TT,TT,AA,AT,GG,GG,AA,7.83,Moderate,High,Standard,Late
L0445,Davangere,Karnataka,Rabi,Black Cotton,Irrigated,430,25.5,58,AC,TT,AG,NN,GG,CC,GG,TT,CC,CC,AA,CT,CG,TT,GT,GG,GG,TT,TT,AG,CC,TT,GG,CT,TT,CC,GT,TT,GG,AA,TT,CC,AA,CC,GG,GG,GG,CG,GG,CC,TT,CT,AA,TT,AA,GG,TT,AT,CC,AA,GG,AA,AA,GG,CC,TT,AA,AC,GG,AC,AA,GT,AT,AG,CT,TT,CC,GG,TT,GT,AA,GG,CC,AA,GG,AC,AT,NN,TT,TT,GG,GG,GG,CC,AA,AG,AA,AA,CC,GG,AC,TT,CC,AT,TT,GG,TT,CC,TT,CC,CC,CC,AG,AA,TT,TT,CC,AA,AG,AC,CC,GG,TT,CC,TT,AA,AA,TT,CC,AA,CG,GG,CC,GG,CT,AA,NN,CC,CC,CC,AA,TT,CC,AA,CC,CC,AA,TT,AG,AT,GG,CC,CC,GG,AG,AG,AA,CC,GG,CC,CC,AA,AG,GG,TT,GG,AC,TT,CT,GG,AC,TT,GT,CT,CC,AA,TT,TT,AA,TT,GG,CC,AG,CT,CC,AC,CC,CC,AA,GG,GG,CC,TT,CC,GG,TT,GG,TT,AA,NN,GT,CC,GG,AA,AA,CC,GG,GG,NN,GG,TT,AC,AA,CC,GG,AA,CC,AA,AT,GG,TT,AT,AA,CG,GT,AT,CC,TT,GG,AA,GG,AA,TT,AA,TT,CC,TT,AA,CC,CT,GG,AA,CC,AG,CC,TT,TT,GT,GG,TT,AA,AC,AG,GG,CC,CC,GG,CC,GG,TT,AA,CC,GT,GG,CC,CG,AA,GG,CC,AT,CC,AT,AA,CC,GG,AC,TT,AG,NN,AA,AA,CC,AC,AG,AG,AA,AA,TT,GG,AC,AG,AC,AA,CT,AG,AA,GG,GG,GG,TT,AA,AA,GT,TT,TT,AG,AT,GG,CG,AA,7.23,Susceptible,Low,Premium,Early
L0446,Davangere,Karnataka,Rabi,Black Cotton,Irrigated,430,25.5,58,CC,TT,GG,AG,GG,CC,GG,TT,CC,CC,AA,CT,CC,TT,TT,GT,CG,TT,TT,AA,CC,GT,GT,CC,TT,CC,TT,AT,GG,AA,TT,CC,AA,CC,GG,GG,GG,CG,GG,CC,TT,CT,AA,TT,AG,AA,TT,TT,CC,AC,GG,AA,AG,GG,CC,TT,AT,CC,GG,AC,AA,GT,TT,AA,TT,AT,CC,GG,TT,GG,AA,GG,CC,AA,GG,AC,AT,GG,GT,TT,GG,GG,TT,CC,AT,GG,AG,AA,CC,GT,AC,TT,CT,TT,TT,GG,TT,CC,GT,CC,CT,CC,AG,AG,AT,TT,CC,AA,AA,AA,CC,GG,TT,CC,TT,AA,AC,TT,CC,AG,CC,GG,CC,GT,TT,AG,CC,CC,CC,CC,AA,TT,AC,AA,CC,CT,AA,TT,AA,AA,GG,CT,CC,GG,AA,AG,AA,CC,GG,CC,CG,AG,AA,AG,TT,GG,AA,TT,CT,GG,CC,TT,TT,TT,CC,AA,TT,CT,AA,TT,GG,CC,AA,CT,CC,CC,CG,CC,AA,GG,AA,CC,TT,CC,GT,TT,GG,TT,AG,AG,TT,CC,GG,AA,AC,CC,GG,GG,AC,GG,TT,AC,AA,CC,GG,AA,CC,AA,AT,GG,GT,AA,AT,GG,GT,AT,CC,TT,TT,AA,GG,AA,TT,AC,AT,CC,TT,AC,CC,CT,GG,AG,CC,GG,CC,TT,TT,GT,GG,TT,AA,AA,NN,GG,CC,CC,GG,CC,GG,AT,AA,CC,TT,GG,CC,CC,AA,GG,CC,AA,CC,AT,AA,CC,CC,AC,TT,AA,GG,AA,AA,AC,AA,GG,AG,AA,AA,TT,GG,AA,AA,AC,AA,CC,AA,AA,GG,GG,GG,TT,AA,AA,TT,TT,TT,AG,AA,GG,GG,AA,9.08,Susceptible,Medium,Poor,Early
L0447,Davangere,Karnataka,Rabi,Black Cotton,Irrigated,430,25.5,58,AC,TT,GG,AG,GG,CC,GG,AT,CC,CC,AA,CC,CC,AT,TT,GG,GG,TT,TT,AG,CG,TT,GG,CC,TT,CC,TT,AT,GT,AA,TT,CT,AA,CC,GG,GG,GG,CC,GG,CC,TT,CC,AC,TT,AA,AG,TT,TT,CC,AA,GT,AT,AA,GG,CC,TT,AA,AA,GG,AC,AA,TT,TT,AA,TT,TT,CC,GG,TT,GG,AA,GG,CC,AA,GG,AC,AA,GG,GT,TT,GG,GG,GG,CC,AA,GG,AG,AA,CC,GT,CC,TT,CC,TT,GT,GG,TT,CC,TT,CC,CC,CG,GG,AA,AT,TT,CC,AA,AG,AA,CC,GG,TT,CG,GG,AA,AA,TT,CG,GG,CC,AG,CC,NN,TT,AA,CC,CC,CC,CC,AA,TT,AC,AA,CC,CC,AA,AT,AA,AA,CG,CC,CG,GG,AG,GG,AA,AC,GT,CC,CC,AA,AA,GG,TT,GG,AC,GT,TT,GG,AC,GT,GG,TT,CG,AA,GG,CT,AA,AT,GG,CC,AG,CC,CC,CC,CG,AC,AA,GG,AG,CC,TT,CG,GG,TT,GG,TT,AA,AA,TT,CC,GG,AA,CC,CC,GG,GG,AC,GG,TT,AC,AA,CC,GT,AA,CC,AA,AT,GG,TT,AT,AA,CG,TT,AT,CC,TT,GT,AA,GG,AA,TT,AA,TT,CC,CT,AC,CC,CT,CG,AG,CC,AA,CC,TT,TT,TT,GG,TT,AA,AA,AA,GT,CC,CG,GG,CC,GG,AT,AA,CC,TT,GG,CC,CC,AA,AG,CC,AA,CC,AA,AA,CC,CC,AC,TT,AA,NN,AA,AA,AA,AA,AG,AG,AA,AA,TT,GG,AA,AA,CC,AA,CT,AA,AA,CC,GG,CG,TT,AA,AA,TT,TT,TT,AG,AT,GG,CG,AA,7.22,Susceptible,Medium,Poor,Medium
L0448,Davangere,Karnataka,Rabi,Black Cotton,Irrigated,430,25.5,58,AC,CC,GG,AA,NN,CC,GG,TT,CC,CG,AT,CC,CG,TT,TT,GG,CC,TT,TT,AG,CG,TT,GT,CT,TT,CC,TT,TT,GG,AA,TT,CC,AA,CC,GG,CG,GG,CG,GG,CC,TT,CT,AA,GT,AA,GG,TT,TT,CC,AC,GG,AA,AA,GG,CC,TT,AA,AC,GG,AC,AA,GT,TT,AA,TT,TT,CC,GG,CT,GT,AA,GT,CC,AA,GG,AC,AT,AG,GT,TT,GG,GG,GG,CC,AT,GG,AA,AA,CG,GG,CC,TT,CC,TT,TT,AG,TT,CC,GT,CT,CC,CG,NN,AG,TT,TT,CG,AA,AG,AA,CC,GG,TT,CG,GT,AA,AC,TT,CC,AG,CC,GG,CC,GT,CT,AA,CC,CC,CC,CC,AA,TT,CC,AA,CC,CC,AA,TT,AA,AA,GG,CT,CC,GG,AA,AG,AA,CC,GT,CC,CC,AA,AA,AG,TT,GG,AA,TT,CT,GG,CC,GT,TT,TT,CC,TT,NN,TT,AT,AT,GG,CG,AG,TT,CC,AC,GG,CC,AT,GG,AG,CC,TT,CG,GT,TT,CG,AT,AA,AA,TT,CC,GG,AC,AC,CC,GG,GG,AC,GG,TT,AC,AG,CC,GG,AA,CC,AA,AT,GG,TT,AT,AT,GG,TT,AA,CG,TT,GT,AA,GG,AA,TT,AA,TT,CC,TT,AA,CC,TT,GG,AG,CG,AG,CC,TT,CT,TT,GG,AT,AC,CC,AG,GG,CC,CC,GG,CC,GG,TT,AA,CC,TT,GG,CC,CG,AA,GG,CC,AA,CG,AA,AA,AC,GG,CC,TT,AA,NN,AA,AA,AC,AA,AG,AG,AG,AA,TT,GG,AA,AA,CC,AA,CT,AA,AA,CG,GG,GG,TT,AT,AG,GT,TT,TT,AA,AT,GG,GG,AA,6.89,Susceptible,Medium,Premium,Late
L0449,Davangere,Karnataka,Rabi,Black Cotton,Irrigated,430,25.5,58,AC,TT,GG,GG,GG,CC,GG,AT,NN,CC,AA,CT,CG,TT,GG,GG,GG,TT,TT,AA,CC,NN,NN,CC,TT,CC,TT,NN,GT,AA,TT,CC,NN,CC,GG,GG,GG,GG,GG,CC,TT,TT,AA,TT,AA,AA,TT,AT,CC,CC,GG,AA,AA,GG,CC,TT,AA,AA,GG,AC,AA,TT,AA,AG,TT,TT,CC,GG,TT,GT,GG,GG,CC,AA,GG,AA,TT,GG,TT,TT,AG,GG,GG,CC,AA,GG,AA,AA,CC,GT,AC,TT,CC,TT,TT,GG,CT,CC,TT,CC,CC,CC,AA,AA,TT,TT,CC,AA,AA,AA,CC,GG,TT,CC,TT,AA,AC,TT,CC,GG,CG,GG,CC,GG,TT,AG,CT,CC,CC,CC,AA,TT,AC,AA,CC,CC,AA,AT,AA,AT,NN,CC,CC,GG,AA,AG,AT,CC,GG,CC,CC,AA,AA,GG,TT,GG,AC,TT,TT,AG,CC,TT,GT,CT,CC,AA,GG,TT,AA,TT,GG,CG,AG,CC,AC,CC,GG,CC,AA,AG,AA,CC,TT,CC,GG,GT,GG,AA,AA,AA,TT,CC,GG,AC,CC,CC,GG,GG,AA,CG,TT,AA,AG,CG,GG,AT,CC,AA,AA,GG,TT,TT,AA,CG,GT,AT,CC,AA,GT,AA,GG,AA,TT,AA,TT,CC,TT,CC,CC,TT,GG,AG,CC,AA,CC,TT,TT,GT,GG,NN,AC,CC,AA,GG,CC,CC,GG,CC,GT,TT,AA,CC,GT,GG,CC,CC,AA,AG,CC,AA,CC,AT,AA,AA,CG,AC,TT,AA,GG,AA,AA,AA,AA,GG,AG,AA,AA,TT,GG,AC,AG,CC,AC,CT,AA,AA,GG,AG,CG,TT,NN,AA,TT,TT,TT,AA,TT,GG,GG,AA,5.44,Susceptible,Low,Poor,Medium
L0450,Davangere,Karnataka,Rabi,Black Cotton,Irrigated,430,25.5,58,AA,CT,GG,AA,GG,CC,GG,TT,CC,CC,AA,CC,CG,TT,TT,GG,CG,TT,TT,AG,CG,GT,TT,NN,TT,CT,TT,TT,GT,AA,NN,CT,AA,CC,NN,CG,GG,CC,GG,CC,TT,TT,AA,TT,AA,GG,TT,AT,CC,AC,GG,AA,AA,GG,CT,TT,AA,AA,TT,AA,AA,GT,AT,AG,TT,AA,CC,GG,TT,GG,AA,GG,CC,AA,GG,AA,AA,GG,TT,TT,GG,GG,GT,CC,AA,NN,AA,AA,CC,TT,CC,TT,TT,TT,GT,GG,TT,CC,TT,CT,CC,CC,GG,AA,TT,GT,CC,AA,AA,AA,CC,GG,TT,CG,TT,AA,AA,TT,CC,GG,CC,GG,CC,GG,CT,AG,CC,CC,AC,CC,AA,TT,CC,AA,CC,CT,AA,TT,AA,AT,GG,CT,CC,GG,AA,AG,AA,AC,GG,CC,CC,AA,AA,AG,GT,GG,CC,TT,CC,GG,AC,GG,TT,TT,CG,AT,GT,TT,AT,AT,GG,CC,AG,CC,CC,CC,GG,CC,AA,GG,AG,CC,TT,CC,GG,GT,GG,AA,NN,AG,TT,CC,GG,AA,AC,CC,GG,GG,AA,GG,TT,AC,AA,CC,GG,AA,CC,AA,AA,GG,TT,TT,AA,CG,GT,AA,CC,TT,GT,AA,GG,AA,TT,AA,TT,CC,TT,AC,CC,CT,GG,AG,CC,AG,CC,NN,CT,TT,GG,TT,AC,AC,AG,GG,CC,CG,GG,CC,GG,AA,AA,CG,GT,GG,CC,CC,AA,AG,CG,AT,CC,AA,AA,AC,GG,CC,TT,AA,GG,AA,AA,AC,AA,AA,AA,AG,AA,AT,GG,AA,NN,AC,AA,CT,AA,AA,CG,GG,GG,TT,AT,AG,GT,TT,TT,AA,TT,GG,NN,AA,8.69,Susceptible,Low,Poor,Late
L0451,Davangere,Karnataka,Rabi,Black Cotton,Irrigated,430,25.5,58,CC,TT,GG,AG,GG,CC,GG,AT,CC,CG,AA,CC,CG,TT,TT,GT,GG,TT,TT,AA,CC,TT,GT,CC,TT,CC,GT,TT,GT,AA,TT,CC,AA,CC,GG,GG,GG,CC,GG,CC,TT,CT,NN,TT,GG,GG,CT,TT,CC,CC,GG,AA,AA,NN,CC,GT,AA,AC,TT,AC,AA,TT,AT,AG,TT,TT,CC,GG,TT,GT,AG,GT,CC,AA,GG,AC,AA,GG,TT,TT,GG,GG,GG,CC,AA,GG,AA,AA,CC,GT,CC,TT,CC,TT,TT,GG,TT,CC,GT,CC,CC,GG,AG,AA,TT,TT,CC,AA,AG,AA,TT,GG,TT,CC,TT,AA,AA,TT,CC,AG,CC,GG,CC,GG,TT,AA,CC,CC,CC,CG,AA,TT,CC,AA,CC,CC,AA,TT,AA,NN,GG,CC,CC,GG,AG,AA,AT,CC,GG,CC,CC,AA,AA,GG,TT,GG,AA,TT,CT,AG,NN,GT,GT,CT,CG,AA,TT,CT,AT,TT,CG,CC,AA,CC,CC,CC,GG,CC,AA,GG,GG,CC,TT,CG,GT,GG,GG,AT,NN,AA,TT,AC,GG,AA,CC,CC,GG,NN,AC,CG,TT,AA,AA,CC,GT,AA,AC,AA,AA,GT,TT,TT,AA,GG,GG,AT,CC,TT,TT,AA,GG,AA,CC,AA,TT,CC,NN,AC,CC,CT,CG,GG,CC,AA,CC,AT,CT,GT,CG,TT,AC,AA,AA,GG,CC,CG,GG,CG,GG,AT,AA,CC,GG,GG,CC,CC,AA,GG,CC,AT,CC,AA,AA,AC,CC,AC,TT,AA,GG,AA,AA,AC,AA,AG,AA,AG,AG,AT,GG,AC,AG,AC,AA,TT,AG,AG,GG,AG,GG,TT,AT,AA,NN,TT,TT,AA,AT,GG,CG,AA,4.92,Moderate,Low,Standard,Medium
L0452,Davangere,Karnataka,Rabi,Black Cotton,Irrigated,430,25.5,58,AA,TT,GG,GG,GG,CC,GG,TT,CC,CC,AA,CT,CC,AT,TT,GT,CG,TT,TT,AA,CG,TT,TT,CC,TT,CT,TT,TT,GG,AA,CT,CC,AA,CC,GG,CC,GG,CC,GG,CC,TT,TT,AA,TT,AG,GG,TT,TT,CC,CC,GG,AA,AA,GG,CC,GT,AA,AA,TT,AA,AA,GT,TT,AG,TT,TT,NN,GG,CT,GG,AA,GG,CC,AA,GG,AC,AA,GG,NN,TT,GG,GG,GT,CC,AA,GG,AA,AA,CG,TT,AC,TT,CC,TT,NN,GG,TT,CC,GT,CC,CC,CC,GG,AA,TT,TT,CC,NN,NN,CC,CC,GG,TT,CC,TT,AA,AA,TT,CC,AG,CC,GG,CC,GT,CT,AA,CC,CC,CC,CG,AA,TT,CC,AA,CC,CC,AA,AA,AA,AT,GG,CC,CC,GG,AA,AG,AA,CC,GT,CC,CC,AA,AG,GG,GT,GG,AA,TT,CT,NN,CC,GT,GT,CT,CG,AA,GT,CT,TT,TT,GG,CC,GG,CT,CC,CC,GG,CC,AA,GG,AA,CC,TT,CC,GG,GT,GG,TT,AG,AG,TT,AC,GG,AA,CC,CC,GG,GG,AA,GG,TT,AA,AA,CC,GT,AA,CC,AT,AT,GG,GT,TT,AA,GG,GG,AT,CC,AT,TT,AA,GG,AA,TT,AA,TT,CC,TT,CC,CC,TT,GG,AA,CC,AA,CC,AT,TT,GT,GG,AT,AC,CC,GG,GG,CC,CC,GG,CC,GG,AT,AA,CC,GG,GG,CC,CC,AA,GG,CC,AA,CC,AA,AA,AC,GG,CC,TT,AG,GG,AA,AA,AC,AA,GG,AG,AG,AA,TT,GG,AA,AA,CC,AC,TT,GG,AG,GG,GG,GG,TT,AT,AG,TT,TT,TT,AG,AT,GG,GG,AA,7.97,Moderate,High,Premium,Early
L0453,Davangere,Karnataka,Rabi,Black Cotton,Irrigated,430,25.5,58,CC,TT,GG,AG,GG,CC,GG,TT,CC,CC,AA,CC,CG,AA,TT,GG,CG,TT,TT,AA,CC,GT,GT,CC,TT,CC,TT,TT,GG,AA,TT,CC,AA,CC,AG,GG,GG,CG,GG,CC,TT,NN,AA,GT,AG,GG,TT,AT,NN,NN,GG,AT,AG,GG,CC,TT,AA,AA,GT,AC,AA,TT,TT,AA,TT,TT,CC,GG,TT,GT,AA,GT,CC,AA,AG,AC,AT,GG,TT,TT,GG,GT,GG,CC,AA,GG,AA,NN,CC,GG,CC,GT,CC,TT,TT,GG,CT,AC,GG,CC,CC,CC,AG,AA,TT,TT,CC,AA,AG,CC,CT,GG,TT,CC,TT,AA,AC,TT,CC,GG,CC,GG,CC,TT,CC,AG,CT,CC,CC,CG,AA,TT,AC,AA,CC,CC,AA,TT,AA,AA,GG,CC,CC,GG,AA,AG,AA,AC,GG,CG,CC,AG,AG,GG,GT,GG,AC,GT,CC,GG,AC,TT,TT,TT,CG,TT,GT,CT,AA,AT,CG,CC,AG,CT,CC,AC,CC,CC,AA,GG,AG,CC,TT,CC,GT,GT,GG,TT,AA,GG,TT,AC,GG,AA,CC,CG,GG,AG,AC,GG,TT,AC,AG,CC,GG,AA,CC,AA,AA,GG,TT,TT,AT,GG,GT,AT,CC,AT,GT,AA,GG,AA,TT,AA,TT,CC,CT,AC,CC,TT,CG,AA,CC,AG,CC,TT,CC,TT,GG,TT,AA,CC,AA,GG,CG,CC,GG,CC,GG,TT,AA,CC,GT,GG,CC,CC,AA,GG,CC,NN,CC,AA,AA,CC,GG,CC,TT,AA,GG,AA,AA,AC,AA,AG,AA,AG,AA,TT,GG,AA,AA,CC,AA,TT,AA,AA,GG,GG,GG,TT,NN,AA,GT,TT,AT,AA,TT,GG,GG,AA,8.93,Moderate,Low,Standard,Late
L0454,Davangere,Karnataka,Rabi,Black Cotton,Irrigated,430,25.5,58,AC,CT,GG,GG,CG,CC,GT,TT,CC,CC,AA,CC,CG,TT,TT,GG,CG,TT,TT,AA,CC,GT,TT,CT,TT,CT,TT,TT,GG,AA,TT,CC,AA,CC,GG,CG,GG,CC,GG,CC,TT,CT,AA,TT,AG,GG,TT,TT,CC,AA,GT,AT,AA,GG,CT,TT,AA,AA,GT,AA,AA,TT,AA,AG,TT,TT,NN,GG,TT,GT,AG,GG,CC,AG,GG,AA,AA,GG,TT,TT,GG,GG,GG,CC,AT,GG,AA,AT,CC,GT,CC,TT,CC,TT,TT,GG,TT,CC,GG,CC,CT,CC,GG,AG,TT,TT,CC,AA,AA,AA,CC,GG,TT,CC,TT,AA,AC,TT,CG,GG,CG,GG,NN,GT,TT,AA,CT,CC,CC,CC,AA,TT,CC,AA,CC,CT,AA,TT,NN,AT,NN,CC,CC,GG,AA,AA,AA,CC,GT,CG,CC,AA,AA,NN,TT,AG,AA,GT,CC,GG,AC,GT,TT,TT,CG,AA,TT,TT,AA,TT,GG,CC,AG,CC,CC,CC,GG,CC,AA,GG,AG,CC,TT,CC,GG,TT,NN,AT,AA,AA,TT,AC,NN,AA,CC,CG,GG,GG,AC,GG,TT,AC,AA,CC,GG,AA,AA,AA,AA,GG,TT,AA,AA,GG,GT,AA,CC,NN,GG,AA,GG,AA,CT,AA,TT,CC,TT,AA,CC,CT,GG,AA,CG,AG,CC,TT,CT,GT,GG,TT,AA,AC,AA,GG,CC,CC,GG,CC,GG,AT,AA,CC,GT,GG,CC,CC,AA,GG,CG,AA,CG,AT,AA,AC,CC,CC,AT,AA,GG,AA,AA,AA,AA,AG,AA,AA,AA,TT,GG,AC,AA,AC,AC,CT,AA,AA,GG,GG,GG,TT,AA,AA,TT,TT,TT,AA,TT,GG,CG,AA,5.78,Susceptible,Low,Poor,Medium
L0455,Davangere,Karnataka,Rabi,Black Cotton,Irrigated,430,25.5,58,AA,TT,GG,AA,GG,CC,GG,TT,CC,CG,AA,CC,CG,AT,TT,GG,CG,NN,TT,AA,CC,TT,GT,CC,AA,CC,TT,NN,GG,AA,CT,CC,AA,CC,GG,GG,GG,CC,GG,CC,TT,CT,AA,TT,AG,AG,TT,AT,CC,AC,GT,AA,AG,GG,CC,GT,AA,AA,GT,AA,AA,GT,AT,AG,TT,AA,CC,GG,TT,GG,AA,GG,CC,AA,GG,AA,AA,GG,TT,TT,GG,GT,GG,CC,AA,GG,AA,AA,CC,GT,CC,TT,CT,TT,TT,GG,TT,CC,GT,CC,CT,GG,NN,AA,AT,TT,CG,AG,AG,AA,CT,GG,TT,CC,TT,NN,AA,TT,CC,AG,NN,AG,CC,GG,TT,AG,CC,CC,CC,CC,AA,TT,CC,AA,CC,CC,AA,AT,AG,AA,GG,CC,CC,GG,AA,AG,AA,AC,GG,CC,CC,AA,AG,AG,TT,GG,NN,GT,CT,GG,AC,GT,GT,TT,CC,AT,GT,TT,AT,TT,CG,CC,AA,CT,AC,CC,GG,AC,AA,GG,AG,CC,TT,CG,GT,NN,GG,AT,AA,AG,TT,CC,GG,AA,CC,CC,GG,AG,AC,GG,TT,AA,AA,CC,GG,AT,CC,AA,AT,GG,TT,AT,AT,GG,GG,AA,CG,AT,GG,AA,GG,AA,TT,AA,TT,CC,CT,AA,CC,CT,CG,AG,CC,AG,CC,AT,CC,GT,NN,TT,AA,NN,AA,GG,CC,CC,GG,CC,NN,AT,AA,CC,TT,GG,CC,CC,AA,GG,CC,AA,CC,AT,AA,AA,CG,AC,TT,AA,GG,AA,AC,AC,AA,AA,AA,AA,AA,TT,CG,AA,AG,CC,AA,CT,AA,AG,GG,GG,GG,TT,AA,AG,TT,TT,TT,AA,AT,GG,CG,NN,7.0,Susceptible,Medium,Poor,Late
L0456,Davangere,Karnataka,Rabi,Black Cotton,Irrigated,430,25.5,58,AC,TT,GG,AG,GG,CC,GG,TT,CC,CC,AA,CT,CC,TT,TT,GT,CG,TT,TT,AA,CG,NN,TT,CC,TT,CC,TT,AT,GG,AA,TT,CC,AA,CC,GG,CG,GG,CG,GG,CC,TT,CT,AC,TT,AA,GG,TT,TT,CC,CC,NN,AA,AA,CG,CT,TT,AA,CC,GT,AC,AA,TT,TT,AG,TT,TT,CC,GG,TT,GG,AG,GG,AC,AA,GG,NN,AA,GG,TT,TT,GG,GG,GT,CC,AA,GG,AA,AA,CC,TT,AC,TT,CC,TT,TT,GG,TT,CC,TT,CT,CT,CG,AG,AA,TT,GT,CC,AA,AG,AA,CC,GG,TT,CC,GT,CC,AC,TT,CC,AG,CC,AG,CC,GG,TT,AG,CT,CC,CC,CC,AG,TT,CC,AA,CC,CC,AA,TT,AA,AT,GG,TT,CC,GG,AA,GG,AA,CC,NN,CC,CG,AA,AA,GG,GT,GG,AC,TT,TT,GG,CC,GT,TT,TT,CC,AA,GT,CT,AA,TT,GG,CC,AG,NN,CC,CC,CG,CC,NN,AG,AA,CC,TT,CC,NN,TT,CG,TT,AA,AA,TT,CC,CG,AA,AC,CC,GG,GG,AA,GG,TT,AC,AA,CG,GG,AT,CC,AA,AA,GG,TT,AT,AA,CG,GT,AA,CC,AT,GT,AA,GG,AA,TT,AA,TT,CC,TT,AC,CC,TT,GG,AA,CG,AG,CC,TT,TT,GG,GG,TT,AA,AC,AA,GG,CC,CC,GG,CC,GG,AT,AA,CC,GT,GG,CC,CC,AT,AG,GG,TT,CC,AA,AA,CC,CG,AC,TT,AA,GG,AA,AA,AA,AA,AG,AA,AG,AA,AT,GG,AA,AG,CC,AC,TT,AA,AA,CG,GG,GG,TT,AA,GG,GT,TT,TT,AA,AT,CG,CG,AA,9.43,Susceptible,High,Premium,Early
L0457,Davangere,Karnataka,Rabi,Black Cotton,Irrigated,430,25.5,58,AA,TT,GG,AA,GG,CC,GG,TT,CC,CC,AT,CT,CC,AA,TT,GG,GG,TT,NN,AG,CG,GT,TT,CC,TT,CC,TT,TT,GG,AA,TT,CT,AA,CC,GG,GG,GG,CG,GG,CC,TT,TT,AA,TT,AA,AA,TT,TT,CC,AC,GG,AA,AA,GG,CC,TT,AA,AC,GG,AC,AA,TT,AT,AG,CT,TT,CC,GG,TT,GG,NN,GG,CC,AA,GG,CC,AA,GG,TT,TT,GG,GG,GG,CC,AA,GG,AA,AT,CC,GT,CC,TT,CC,TT,TT,AG,CT,AC,GT,CC,CC,CC,AG,AA,TT,TT,CC,AG,AG,AA,CT,GG,TT,CG,GT,AA,AC,TT,CC,AG,CG,GG,CC,GT,CT,AG,CC,CC,AC,CC,AA,TT,CC,AA,CC,TT,AA,NN,AG,AA,GG,CC,CC,GG,AA,GG,AA,CC,GG,CC,CC,AA,AG,AG,TT,GG,CC,GT,TT,GG,CC,TT,GT,CT,CG,AA,TT,TT,AA,AT,GG,CC,AA,CT,CC,CC,GG,CC,AA,GG,AA,CC,TT,CC,GT,TT,GG,AA,AG,AG,TT,CC,CG,AA,CC,CC,GG,GG,AC,GG,TT,AC,AA,CC,GG,AA,AC,AA,AA,GT,TT,AT,AT,CG,TT,AT,CC,AT,TT,AA,GG,AA,TT,AA,TT,CC,CT,AC,AC,TT,CG,AG,CG,GG,CC,TT,TT,TT,GG,TT,AC,AC,AG,GG,CC,CG,GG,CC,GG,TT,AA,CC,GT,GG,CC,CC,AT,GG,CC,AT,CC,AA,AA,AC,CG,CC,TT,AG,GG,AA,AC,AC,AA,AA,AA,AA,AA,AT,GG,AA,AA,AA,AC,TT,AA,AG,GG,AG,GG,TT,AT,AA,GT,TT,TT,AA,TT,GG,GG,AA,6.43,Susceptible,Low,Poor,Medium
L0458,Davangere,Karnataka,Rabi,Black Cotton,Irrigated,430,25.5,58,AC,TT,GG,AG,GG,GG,GG,TT,CC,CC,AA,CC,CG,AT,TT,NN,GG,TT,TT,AG,CC,TT,GG,CC,TT,CC,GT,TT,GG,AA,TT,CC,AG,CC,GG,CG,NN,CC,GG,CC,TT,CT,AA,TT,AG,GG,TT,TT,CC,AC,GT,AA,AG,GG,CC,GT,AA,AA,GG,AC,AA,GT,TT,AG,TT,AA,CC,GG,TT,GG,AG,GG,CC,AA,GG,AA,TT,GG,TT,TT,GG,GT,GG,CC,AA,AG,AA,AA,CC,GT,AC,NN,CC,TT,TT,GG,CC,CC,GT,CC,CC,CC,AG,AA,TT,TT,CC,AA,AG,AA,CC,GG,TT,CC,GT,AA,AA,TT,CC,AA,CC,GG,CC,GT,CT,AA,NN,CC,CC,CC,AA,TT,CC,AA,CC,CC,AA,TT,AA,AA,GG,CC,CC,GG,AA,AA,AA,CC,GG,CC,CC,AA,AA,GG,GT,GG,CC,TT,CT,GG,CC,TT,TT,CT,CC,AT,GT,TT,AA,AA,GG,CC,AA,CC,CC,CC,CG,CC,AA,GG,AA,CC,TT,CC,GT,GT,GG,TT,NN,AA,TT,AA,CG,AA,CC,CC,GG,GG,AC,GG,TT,AA,AA,CC,GG,AT,AC,AA,AT,GG,GT,TT,AA,CG,GG,AA,CC,TT,GT,AA,GG,AA,TT,AA,TT,CC,CT,AA,CC,CT,CG,AA,CC,AA,CC,TT,TT,TT,GG,TT,AA,AC,AA,GG,CC,CC,GG,CC,GG,TT,AG,CC,TT,GG,CG,CC,AT,GG,CC,AA,CC,AT,AA,CC,CG,AC,TT,AG,GG,AA,AA,AA,AA,AG,AG,AA,AA,TT,GG,AC,AG,AC,AA,TT,AA,AA,NN,AG,GG,TT,AA,AA,GT,TT,TT,AA,AA,GG,NN,AA,7.45,Susceptible,Low,Standard,Late
L0459,Davangere,Karnataka,Rabi,Black Cotton,Irrigated,430,25.5,58,AC,TT,GG,AA,GG,CC,GT,AA,CC,CG,AA,CC,CC,TT,TT,GG,GG,TT,TT,AA,CG,GT,GT,CC,TT,CC,TT,TT,GG,AA,TT,CT,AA,CC,GG,GG,GG,GG,GG,CC,TT,CT,AA,TT,AA,GG,CT,TT,CC,AC,GT,AA,AA,GG,CT,TT,AA,AC,GT,AA,AA,GT,AT,AA,TT,AT,CC,GG,TT,GG,GG,GT,CC,AA,GG,CC,AT,AG,GT,TT,GG,GG,GT,CC,AT,GG,AA,AA,CC,TT,CC,TT,CC,TT,TT,GG,TT,AC,TT,CT,CC,CC,GG,AA,AT,TT,CC,AA,AG,AA,CT,GG,GT,CC,NN,AA,AC,TT,CC,GG,CC,GG,CC,GG,TT,AG,CC,CC,AC,CC,AA,TT,CC,AA,CC,CC,AA,NN,AA,AT,GG,CC,CC,GG,AG,GG,AA,CC,GG,CC,CC,AA,AA,GG,TT,AG,AA,TT,CT,AG,CC,TT,GT,TT,CC,AT,TT,CT,AT,TT,GG,CG,AG,CC,CC,CC,GG,CC,AA,AG,AA,CC,TT,CG,GT,GT,CG,TT,AA,AA,GT,CC,GG,AA,AC,NN,GG,GG,AA,GG,CT,AA,AA,CC,GG,AA,CC,AA,AT,GT,TT,TT,AA,GG,GT,AT,CC,TT,GT,AA,GG,AA,TT,AA,NN,CC,TT,AC,CC,TT,CG,GG,CC,AG,CC,AT,TT,TT,GG,TT,AA,AC,AA,GG,CC,CG,GG,CC,GG,TT,AA,CG,GT,GG,CG,CC,AT,AG,CG,AA,CG,AT,AA,CC,NN,AA,TT,AA,CG,AA,AC,AC,AA,AG,AG,NN,AA,AT,GG,AC,GG,AC,AA,CT,AA,AA,CG,AG,GG,TT,AA,AG,TT,TT,TT,AG,AT,GG,CG,AA,7.22,Susceptible,Low,Premium,Early
L0460,Davangere,Karnataka,Rabi,Black Cotton,Irrigated,430,25.5,58,AC,TT,GG,AA,GG,CC,NN,TT,CC,CC,AA,CT,NN,TT,TT,TT,GG,AT,TT,AA,CC,GT,TT,CC,TT,CC,TT,TT,GG,AA,TT,CC,NN,CC,GG,CG,GG,CC,GG,CC,TT,TT,AC,GT,GG,GG,CT,TT,CC,AC,GT,AA,AG,GG,CC,GT,AT,CC,GT,AC,AA,TT,TT,AA,CT,AT,CC,GG,TT,GT,AG,GG,NN,AA,AG,CC,AT,GG,GT,TT,GG,GT,GT,CC,AA,GG,AA,AT,CC,TT,AC,TT,TT,TT,TT,AG,TT,AC,TT,CC,TT,GG,AG,AA,TT,TT,CC,AA,AA,AA,CC,GG,TT,CC,TT,AC,AA,AT,CC,GG,CC,GG,CC,GT,TT,AA,CC,CC,CC,CC,AA,TT,CC,AA,CC,CC,AA,AT,AA,AA,GG,CC,CC,GG,AA,AA,AT,CC,GG,CC,CC,NN,AA,GG,GT,GG,AA,TT,TT,GG,AC,TT,GG,CT,CG,AT,TT,CT,AA,TT,GG,NN,AG,CT,CC,CC,GG,CC,AA,GG,NN,AC,TT,CC,GG,TT,GG,AA,AA,AA,TT,CC,CG,AA,CC,CC,GG,GG,AA,GG,TT,AA,AA,CC,GG,AA,CC,AA,AT,GT,TT,TT,AA,GG,GG,AT,CC,AT,TT,AA,GG,AG,TT,AA,TT,CC,TT,AA,AC,CT,GG,AA,CC,AG,CC,TT,TT,GG,NN,TT,AA,AC,AA,GG,CG,CC,GG,CG,GG,AT,AA,CC,GT,GG,CC,GG,AA,GG,CC,TT,CC,AA,AA,AA,CG,CC,TT,AA,GG,AA,AC,AA,AA,AG,AG,AG,AA,TT,GG,AC,GG,AC,AA,CT,AA,AA,NN,AA,GG,TT,AA,NN,GT,TT,AT,AA,AT,GG,GG,AA,5.63,Moderate,Medium,Premium,Late
L0461,Davangere,Karnataka,Rabi,Black Cotton,Irrigated,430,25.5,58,AC,TT,GG,AA,GG,CC,TT,AT,CC,CC,AA,CT,CG,AT,GT,GG,GG,TT,TT,AA,CC,GT,TT,CC,TT,CC,GT,TT,GG,AA,TT,CC,AA,CC,GG,GG,GG,CC,GG,CC,TT,CT,AA,GT,AG,GG,NN,AT,CC,AC,GG,AA,AA,GG,CC,GT,AA,AA,GG,AA,AA,TT,AT,GG,CT,AT,CC,GG,TT,GT,AA,GG,CC,AA,GG,AC,AA,GG,TT,TT,GG,GG,GG,CC,AA,GG,AA,AA,CC,GT,CC,TT,CT,TT,TT,GG,TT,CC,GT,CC,TT,CG,AG,AA,TT,TT,CC,AA,AG,AA,CC,GG,TT,CC,TT,AA,AA,TT,CC,AA,CC,AG,CC,GT,TT,GG,CC,CC,CC,CC,AA,TT,CC,AA,CC,CC,AA,TT,AG,AA,CG,CC,CC,GG,AA,AA,AA,AC,GG,CC,CC,AA,AA,GG,TT,GG,AC,TT,CT,AG,CC,GT,TT,TT,CC,AT,TT,TT,AA,AA,CG,CC,AG,TT,CC,CC,CG,CC,AA,GG,AG,CC,TT,CC,TT,TT,GG,TT,AA,AA,TT,CC,GG,AA,CC,CC,GG,GG,CC,GG,TT,NN,AA,CC,GG,AA,CC,AA,AT,GG,TT,TT,AA,GG,TT,AT,CC,AT,GT,AA,GG,AA,CT,AC,TT,CG,TT,CC,AC,CT,GG,AA,CC,GG,CC,TT,TT,TT,GG,TT,AA,AC,AA,GG,CC,CG,GG,CC,GG,NN,AA,CG,TT,GG,CC,CC,AT,GG,CC,AA,NN,AA,AA,CC,CC,AA,TT,AA,GG,AA,AA,AA,AA,AG,AA,AA,AA,TT,GG,AA,AA,CC,AA,TT,AA,AA,GG,GG,GG,TT,AT,AG,TT,TT,TT,AA,TT,GG,GG,AA,3.25,Susceptible,High,Premium,Late
L0462,Davangere,Karnataka,Rabi,Black Cotton,Irrigated,430,25.5,58,AA,TT,AG,AA,GG,CC,GT,TT,CC,GG,AT,CC,CG,TT,TT,GG,CG,TT,TT,AA,CC,TT,GT,CC,TT,CC,TT,TT,GG,AA,TT,CC,AA,CC,GG,GG,GG,CG,GG,CC,TT,CT,AC,TT,AA,AG,TT,TT,CC,AC,GT,NN,AA,GG,CC,GT,AA,AC,GT,AC,AA,TT,AA,AA,CC,TT,CC,GG,TT,GG,AG,GG,CC,AA,GG,AC,AT,GG,TT,TT,GG,GT,GT,CC,AA,GG,AA,AA,CC,GT,CC,TT,CC,TT,TT,AG,TT,AC,TT,CC,TT,CG,GG,AA,TT,TT,CG,AG,AG,AA,CC,GG,TT,CC,TT,AA,AA,TT,CC,GG,CG,GG,CC,GG,TT,AG,CC,CC,CC,CG,AA,TT,CC,AA,CC,CC,AA,AT,AA,AT,GG,CT,CC,GG,AA,AA,AA,CC,GG,CC,CC,AA,AA,GG,NN,GG,AC,GT,TT,AG,AA,GT,TT,CT,CC,AA,TT,TT,AA,TT,GG,CC,AA,CT,CC,CC,CG,CC,AA,GG,AG,CC,TT,CC,GG,TT,CG,AT,AA,NN,GT,CC,GG,AA,CC,CC,CG,GG,AA,GG,TT,AC,AA,CC,GG,AA,AC,AA,AT,GG,TT,TT,AA,GG,GG,AT,CC,TT,TT,AA,GG,AA,TT,AA,TT,CC,CT,AA,CC,CT,GG,AA,CG,GG,AC,TT,TT,GT,GG,TT,AA,AC,AA,GG,CC,CC,GG,CC,GG,AT,AA,CC,TT,GG,CC,CC,AT,AG,CG,NN,CC,AA,AA,CC,CG,CC,AT,AA,GG,AA,AA,AC,AA,GG,AG,AA,AA,TT,CC,AC,AA,AC,AC,TT,AA,AA,CG,GG,CG,TT,AT,AG,TT,TT,TT,AA,AT,GG,CG,AA,6.81,Moderate,Low,Poor,Medium
L0463,Davangere,Karnataka,Rabi,Black Cotton,Irrigated,430,25.5,58,AA,NN,GG,AG,GG,CG,GG,TT,CC,GG,AA,CC,CG,TT,GT,GT,CG,TT,TT,AG,CC,TT,TT,CC,AT,CC,GT,AT,GG,AA,TT,CC,AA,CC,AG,GG,GG,CG,GG,CC,TT,TT,AC,TT,AA,AA,TT,AT,CG,AC,GG,AA,AG,GG,CT,TT,AA,AA,TT,AA,AA,TT,TT,AG,TT,AT,CC,GG,TT,TT,AG,GT,CC,AA,GG,AA,AT,GG,TT,TT,GG,TT,GT,NN,AA,GG,AG,AA,CC,GT,AC,TT,CT,TT,TT,GG,CT,AC,GT,CT,CT,CC,AA,AG,AT,TT,CG,AG,AG,AA,CT,GG,TT,CC,TT,AA,AA,TT,CG,AG,CG,AG,CC,GT,TT,AA,CC,CC,CC,CC,AA,GT,CC,AA,CC,CT,AA,TT,AA,AT,GG,CC,CC,GG,AA,AA,AA,CC,GT,CC,CC,AA,AA,AG,TT,GG,AA,GT,CT,AG,NN,GG,GG,CT,CC,AA,TT,TT,AT,TT,GG,CC,AA,CT,CC,CC,GG,CC,AA,GG,AG,CC,TT,CC,GT,TT,GG,AT,AA,AA,TT,CC,GG,AA,AC,NN,GG,GG,AC,GG,TT,AA,AA,CG,GT,AT,AC,AA,AT,GG,GT,AT,AT,GG,GG,AT,CC,TT,TT,AA,GG,AA,CT,AA,TT,CC,TT,AA,CC,TT,GG,AA,CC,AG,CC,TT,CT,GG,GG,TT,AA,AC,AG,GG,CC,GG,GG,CC,GG,AT,AA,CC,GT,GG,CG,CC,AA,GG,CG,AT,CC,AT,AA,AA,CC,AC,TT,AA,GG,AA,AC,AA,AC,GG,AG,AA,AA,AT,CG,AC,AG,AC,AA,TT,AA,AA,CG,GG,GG,TT,AT,AA,GG,TT,TT,AG,AT,GG,GG,AA,8.97,Susceptible,High,Poor,Medium
L0464,Davangere,Karnataka,Rabi,Black Cotton,Irrigated,430,25.5,58,AA,CT,GG,AG,GG,CC,GG,TT,CC,CC,AA,CT,CG,TT,GT,GT,CC,TT,TT,GG,CC,TT,GT,CC,TT,CC,TT,AT,GG,AA,CT,CC,NN,CC,GG,GG,NN,CG,GG,CC,GT,TT,AC,TT,AA,GG,TT,TT,CC,CC,GG,AA,AA,GG,CT,TT,AA,CC,GG,AA,AA,GT,AT,AA,TT,AT,CC,GG,TT,GG,AA,GG,CC,AA,AG,AC,AA,AG,TT,TT,AG,GG,GG,CC,AA,GG,AA,AT,CC,TT,CC,TT,CC,TT,TT,GG,CT,AC,GG,CC,CC,CC,GG,AG,TT,TT,CC,AA,GG,AA,CC,GG,TT,CG,TT,AA,CC,TT,CC,GG,CG,GG,CC,GG,TT,AA,CC,CC,CC,CC,AA,TT,CC,AA,CC,CC,AA,AT,AA,AA,GG,CT,CC,GG,AA,AG,AA,CC,GG,CC,CG,AG,AG,GG,GT,GG,AC,TT,TT,GG,AC,TT,TT,TT,CG,AT,GT,TT,AT,TT,CG,CC,AG,CT,CC,CC,CG,CC,AA,GG,AG,AC,TT,CC,GT,TT,GG,TT,NN,AA,TT,CC,CG,AC,CC,CC,GG,AG,AA,GG,TT,AA,AA,CC,GT,AA,AC,AA,AA,GT,GT,AT,NN,GG,GG,AA,CC,AT,GT,AA,GG,AA,CT,AA,TT,CC,TT,AC,CC,CT,GG,GG,CC,GG,CC,TT,TT,GT,GG,TT,AA,NN,AA,GG,CC,CC,GG,CC,GG,AT,AG,CC,TT,GG,CG,CC,AA,AG,CC,AA,CC,AT,AA,AC,CG,AC,AA,AA,GG,AA,AA,AA,AA,AA,AA,AA,AA,AT,GG,AA,AG,CC,AA,CT,AA,AA,GG,GG,GG,GT,AA,AA,GT,TT,TT,AG,AT,GG,GG,AA,7.24,Resistant,Medium,Poor,Early
L0465,Davangere,Karnataka,Rabi,Black Cotton,Irrigated,430,25.5,58,AA,TT,GG,AA,CG,CC,GG,TT,CC,CC,AT,CC,GG,TT,GT,GG,GG,TT,TT,AA,CC,TT,NN,CT,TT,CC,TT,AT,GT,AA,TT,CC,AA,AC,GG,CG,GG,CG,GG,CC,TT,TT,AA,TT,AG,GG,TT,AT,CC,AA,GG,NN,AA,GG,CT,NN,AA,AA,GG,AC,AG,TT,AT,AA,TT,TT,CC,GG,TT,GT,AA,GG,CC,AA,GG,AA,AA,GG,TT,TT,GG,GT,GG,CC,AT,GG,AG,AA,CC,GG,AC,TT,CT,TT,TT,GG,TT,CC,GT,CC,CT,CC,AG,AA,TT,TT,CC,AA,AG,AA,CT,GG,GT,CG,TT,AC,AA,TT,CG,GG,CG,GG,CC,GT,TT,AA,CC,CC,CC,CG,AA,TT,CC,AC,CC,CC,AA,TT,AA,AA,GG,CT,CC,GG,AG,AG,AA,CC,TT,CC,CC,AA,AA,GG,TT,GG,AC,TT,CT,GG,CC,TT,TT,CT,CC,AT,TT,TT,AA,AT,CC,CC,AA,CT,CC,CC,CC,CC,AA,GG,AG,CC,TT,CC,GG,GT,GG,TT,AA,NN,TT,AC,CG,AA,CC,CC,GG,GG,CC,GG,TT,AC,AA,CC,GG,AA,AA,AA,AA,GT,TT,TT,AT,GG,GG,AT,CG,AT,GT,AA,GG,AA,TT,AA,TT,CC,CT,AA,CC,CT,GG,AA,CC,AA,CC,AT,TT,TT,GG,TT,AA,CC,AG,GG,CC,CC,GG,CC,GG,AT,AA,CC,TT,GG,CC,NN,AA,GG,CC,AA,CC,AA,AA,AC,CC,AC,TT,AA,GG,AA,AA,AA,AA,AA,AG,AA,AA,AT,GG,AA,AG,AC,AC,CT,AG,AA,GG,GG,GG,GT,AA,AA,TT,TT,TT,GG,TT,GG,GG,AA,5.85,Moderate,Medium,Premium,Medium
L0466,Davangere,Karnataka,Rabi,Black Cotton,Irrigated,430,25.5,58,AC,CC,GG,GG,GG,CC,GG,TT,CC,CC,AA,CC,CC,TT,TT,GT,CG,TT,TT,AA,CC,TT,TT,CT,TT,CC,TT,TT,GG,AA,CT,CC,AA,CC,AG,GG,NN,CG,GG,CC,TT,CT,AA,TT,AG,GG,TT,TT,CC,AA,GG,AT,AA,GG,CC,GT,AA,AC,TT,AC,NN,TT,AT,AA,CT,TT,CC,GG,TT,GT,AA,GG,AC,AA,AA,AA,AA,GG,TT,TT,GG,GT,GG,CC,AA,AG,AA,AA,CC,GT,CC,TT,TT,TT,TT,GG,TT,CC,TT,CC,CT,CG,GG,AA,TT,GT,CC,AG,AG,AA,CC,GG,TT,CC,TT,NN,AA,TT,CC,AA,CC,GG,CC,GG,TT,AG,CC,CC,CC,CC,NN,TT,CC,AA,CC,CC,AA,TT,AA,NN,GG,CC,CC,GG,AA,AG,AA,CC,GG,CC,CC,AG,AA,GG,TT,GG,AC,TT,CT,GG,CC,TT,TT,TT,CC,AA,GT,TT,AA,AT,CG,CC,AG,TT,CC,CC,GG,AC,AT,GG,GG,CC,TT,CC,GT,GT,GG,TT,AA,AA,TT,CC,GG,AC,CC,CC,GG,GG,CC,GG,TT,AA,AA,CC,GG,AA,AA,AA,AT,GT,NN,AT,AT,GG,GT,AT,CC,TT,GT,AA,GG,AA,CT,AC,TT,CC,CT,AA,AC,TT,GG,AG,CC,AG,CC,TT,TT,TT,GG,TT,CC,CC,AA,GG,CC,CG,GG,CC,GG,AT,AA,CG,TT,GG,CC,CC,AA,GG,CC,AA,CC,AA,AA,CC,CC,AC,TT,AA,GG,AA,AA,AA,AA,GG,AA,AA,AA,TT,CG,AA,AA,CC,AC,CT,AA,AG,GG,GG,GG,TT,AT,AG,TT,TT,TT,AG,TT,GG,NN,AC,5.82,Resistant,High,Standard,Early
L0467,Davangere,Karnataka,Rabi,Black Cotton,Irrigated,430,25.5,58,AA,CT,GG,GG,NN,CC,GG,AT,CC,CG,AA,CC,CG,TT,TT,GG,CG,TT,TT,AA,CC,TT,TT,CT,TT,CC,TT,AT,GT,AA,TT,CC,AA,CC,AA,GG,GG,CG,GT,CC,TT,TT,AA,TT,AA,AG,TT,AT,CG,AC,GT,AA,AA,GG,CC,TT,AA,AA,GG,AC,AG,TT,AT,AA,TT,AT,CC,GG,TT,GT,AA,GG,CC,AA,AG,AA,AA,GG,GT,TT,GG,GG,GG,CC,AT,GG,AA,AA,CC,GT,CC,TT,CC,AT,TT,GG,CT,CC,GT,CC,CC,CC,AG,AA,AT,TT,CC,AG,GG,AA,TT,GG,TT,CC,TT,AA,AA,TT,CC,AG,CC,NN,CT,GT,TT,AA,CT,CC,CC,CG,AA,TT,CC,AA,CC,CC,AA,TT,AA,AA,CG,CC,CC,GG,AA,AG,AA,CC,GG,CC,CC,AA,AG,AG,TT,AG,AC,TT,TT,AG,AC,GG,TT,TT,CC,AT,GT,TT,AA,AT,GG,CC,AA,CC,CC,AC,GG,CC,AA,GG,AA,CC,TT,CC,GT,TT,CG,AT,AA,AG,TT,AC,GG,AA,AC,CG,GG,GG,AC,GG,TT,AA,NN,CC,GG,AA,CC,AA,AT,GG,GT,AT,AT,GG,TT,AA,CC,AT,TT,AA,GG,AA,TT,AA,TT,CG,TT,AA,CC,NN,GG,AA,CG,AG,CC,TT,CT,GG,GG,TT,AA,AC,NN,GG,CC,CC,GG,CC,GG,AT,AA,CC,TT,GG,CC,CC,AA,GG,CC,AT,CC,AA,AA,AC,CC,AC,TT,AA,GG,AA,AA,CC,AA,GG,AA,AA,AA,AA,GG,AA,GG,CC,AA,CC,AA,AA,GG,GG,GG,GT,AA,AA,GT,AT,TT,GG,AT,GG,GG,AA,9.69,Susceptible,Low,Poor,Medium
L0468,Davangere,Karnataka,Rabi,Black Cotton,Irrigated,430,25.5,58,AA,TT,AG,AA,NN,CC,GG,AT,NN,CC,AA,NN,CG,AT,TT,GG,CC,NN,TT,AA,CC,TT,TT,CT,TT,CC,GT,TT,GG,AC,TT,CC,AA,CC,AG,CG,GG,GG,GG,CC,TT,CT,AA,TT,AA,GG,TT,AT,CC,AA,GT,AT,AA,GG,CC,NN,AA,AC,GG,CC,AA,TT,AT,GG,TT,TT,CC,GG,TT,GT,AA,GT,CC,AA,AG,AA,AT,AG,TT,TT,GG,GG,GG,CC,AA,GG,AA,AT,CG,GT,AC,TT,CT,TT,GT,GG,TT,CC,GT,CC,CC,CC,AA,AA,TT,TT,CC,AA,AG,AA,CC,GG,TT,CC,GT,AA,AA,TT,CC,AG,CC,GG,CC,GG,TT,AA,CC,CC,CC,NN,AA,GT,CC,AA,CC,CC,AA,TT,AA,AA,CG,CC,CC,GG,NN,AG,AA,CC,GG,CC,CG,AA,AA,GG,TT,GG,AC,GT,CT,GG,CC,TT,GT,TT,CC,NN,GT,TT,AA,TT,GG,CC,AG,CT,CC,CC,CG,CC,AA,GG,AA,CC,TT,GG,GG,GT,CG,AT,AA,AA,TT,CC,GG,AC,CC,CC,GG,GG,AA,CG,TT,AC,AA,CC,GG,AA,AC,AT,AT,GG,TT,TT,AA,GG,TT,AT,CC,TT,GT,AA,GG,AA,TT,AA,TT,CC,TT,AC,CC,NN,GG,AA,CC,AG,CC,TT,TT,GT,GG,TT,AA,AC,AA,GG,CC,CC,GG,CC,GG,TT,AA,CC,GT,GG,CC,CC,AT,GG,CC,AA,CG,AA,AA,AA,CG,AC,TT,AA,GG,AA,AA,AC,AA,AG,AA,AA,AA,AA,GG,AA,AG,CC,AA,TT,AA,AA,GG,GG,GG,TT,AA,AG,TT,TT,TT,AA,TT,GG,GG,AA,7.3,Moderate,Medium,Premium,Late
L0469,Davangere,Karnataka,Rabi,Black Cotton,Irrigated,430,25.5,58,AC,TT,GG,AG,GG,CC,GG,TT,CC,GG,AA,CC,CG,TT,TT,GG,CG,TT,TT,AA,CC,GT,TT,CC,AT,CC,GT,TT,GG,AA,TT,CC,AA,CC,GG,CG,GG,GG,GG,CC,TT,CT,AA,GT,AA,GG,TT,AT,CC,AC,GG,AT,AG,NN,CC,TT,TT,AC,GT,AC,AA,TT,TT,AG,TT,AT,CC,GG,TT,GG,AG,GG,CC,AA,GG,AA,AT,GG,TT,TT,GG,GG,GG,CC,AA,GG,AA,AA,CC,TT,CC,TT,CC,TT,GT,GG,TT,CC,TT,CC,TT,CC,AG,NN,TT,TT,CC,AA,GG,AA,CC,GG,TT,CC,GT,AA,AA,TT,CC,GG,CC,GG,CC,GT,TT,AA,CC,CG,CC,CC,AA,TT,CC,AA,AC,CT,AA,TT,AA,AA,GG,CC,CC,GG,AA,NN,AA,CC,GG,CG,CG,AA,AG,AG,TT,GG,AA,GT,TT,GG,AA,GT,NN,TT,CC,AT,TT,CT,AT,AT,CG,CC,AG,CC,CC,CC,CG,CC,AA,GG,AA,CC,TT,CC,GT,GT,GG,TT,AA,AA,TT,CC,CG,AC,CC,CC,GG,GG,AC,GG,TT,AA,AG,CG,GG,AA,AC,AA,AT,GT,TT,TT,AT,GG,GT,AT,CC,TT,TT,AA,GG,AA,TT,AA,TT,CC,TT,AA,CC,TT,GG,GG,CC,AG,CC,TT,CT,TT,GG,TT,AA,AA,AG,GG,CC,CC,GG,CC,GG,TT,AA,CC,TT,GG,CC,CC,AA,NN,CG,AT,NN,AA,AA,AA,CC,CC,TT,AG,GG,AA,AA,AA,AA,GG,AA,AA,AA,AA,GG,AA,AG,AA,AA,CC,AA,AA,GG,GG,GG,TT,AA,AA,GT,TT,TT,AG,TT,GG,GG,AA,7.77,Susceptible,Low,Standard,Late
L0470,Davangere,Karnataka,Rabi,Black Cotton,Irrigated,430,25.5,58,CC,TT,GG,AG,CG,CG,GG,TT,CC,CG,AA,NN,CC,TT,TT,GG,GG,TT,TT,AA,CC,TT,GT,CT,TT,CC,TT,TT,GG,AA,TT,CC,AG,CC,AG,GG,GG,CC,GG,CC,TT,TT,AA,TT,AA,AG,TT,TT,CC,AA,GG,AT,AA,GG,CC,TT,AA,AA,TT,AC,AA,TT,TT,GG,CT,AT,CC,GG,NN,GT,AG,GG,CC,AA,GG,AC,AA,GG,TT,TT,GG,GG,GT,CC,AA,GG,AA,AT,CC,GT,CC,TT,CC,TT,TT,GG,TT,AC,TT,CC,CC,CG,AG,AA,TT,TT,CC,AA,AG,AA,CC,GG,TT,CC,TT,AC,AA,AT,CC,NN,CG,GG,CT,GT,CC,AA,CC,CC,AC,CC,AA,GT,AC,AA,CC,CC,AA,TT,AA,AA,GG,CC,CC,GG,AA,AA,AT,CC,GG,NN,CC,AA,AA,GG,TT,GG,CC,TT,TT,GG,CC,GG,TT,TT,CC,AT,TT,CT,AA,TT,CC,CC,AA,CT,AC,CC,CG,CC,AA,GG,AA,CC,GT,CC,GT,TT,CG,AT,AA,AG,TT,CC,GG,AA,CC,CC,GG,GG,AC,GG,TT,AC,AG,CC,GG,AT,CC,AA,AA,GG,TT,AT,AA,GG,GT,TT,CG,AT,TT,AA,GG,AA,CT,AA,TT,CC,NN,AA,CC,TT,CG,AG,CC,AG,CC,TT,CT,TT,GG,TT,CC,CC,AA,GG,CC,CG,GG,CC,GG,TT,AA,CC,GT,GG,CC,CC,AA,GG,CG,AA,CC,AA,AA,AC,CC,AA,TT,AA,GG,AA,AA,AC,AA,AG,AG,AG,AA,TT,GG,AA,AG,AC,AA,TT,AA,AA,CG,GG,GG,GT,AA,AA,TT,TT,TT,AA,TT,GG,GG,AA,9.77,Susceptible,Low,Standard,Medium
L0471,Davangere,Karnataka,Rabi,Black Cotton,Irrigated,430,25.5,58,AA,TT,GG,AG,GG,CC,NN,TT,CC,CG,AA,CC,CC,TT,TT,GG,GG,TT,TT,AA,CC,TT,TT,CC,AT,CC,TT,TT,GG,AA,TT,CC,AA,CC,GG,GG,GG,CG,GG,CC,TT,CT,AA,TT,AA,AG,TT,TT,CC,AA,GG,AT,AA,GG,CC,GT,AA,CC,GG,AC,AA,TT,TT,AA,TT,TT,CC,GG,CT,GG,GG,GG,CC,AA,AG,AA,AA,AG,TT,TT,GG,GT,GG,CC,AA,GG,AA,NN,CG,GT,AC,TT,CC,TT,GT,GG,CT,CC,TT,CC,TT,CC,AG,AA,TT,TT,CC,AA,GG,AA,CC,GG,TT,CC,TT,AA,AA,TT,CC,AA,CG,GG,CC,GT,TT,AA,CC,CC,CC,CC,AA,GT,AC,AA,CC,CT,NN,TT,AA,AA,GG,CC,CC,GG,AA,AG,AA,CC,GG,CC,CC,AA,AA,GG,GT,AG,AC,TT,CT,GG,CC,TT,TT,TT,CG,AT,NN,TT,AA,TT,GG,CC,AA,CC,CC,CC,NN,CC,AA,GG,AG,CC,TT,CG,GT,GT,GG,AT,AA,AA,TT,CC,GG,AA,CC,CC,GG,GG,AA,CG,TT,AA,AA,CC,GG,AA,CC,AA,AT,GG,TT,TT,AA,CG,GT,AT,CC,TT,GT,AA,GG,AA,CT,AA,TT,CC,TT,AC,CC,TT,GG,AA,CC,NN,CC,TT,CT,GT,GG,TT,AC,AC,AA,GG,CC,CG,GG,CC,GG,AT,AA,CC,TT,GG,CC,CG,NN,GG,CC,AT,GG,AA,AA,CC,CG,AC,TT,AA,GG,AA,AA,AA,AA,AA,AG,AG,AA,TT,GG,AA,AG,AC,AA,TT,AA,AA,CG,GG,NN,TT,TT,AA,GG,TT,TT,AG,TT,GG,GG,AA,10.8,Susceptible,Medium,Poor,Early
L0472,Davangere,Karnataka,Rabi,Black Cotton,Irrigated,430,25.5,58,NN,TT,GG,AA,GG,CC,GT,TT,CC,CC,AA,CC,CG,TT,TT,GG,CC,TT,TT,AA,CC,TT,GG,CT,AT,CC,TT,TT,GG,AA,TT,CC,AA,CC,AG,GG,GG,CC,GG,CC,TT,TT,AA,TT,GG,GG,TT,AT,CC,AC,GG,AA,AG,GG,CC,GG,AA,AA,GG,AA,AA,TT,TT,AG,TT,TT,CC,GG,TT,GG,AG,NN,CC,AA,GG,AC,AA,GG,TT,TT,GG,GG,NN,CC,AA,GG,AA,AA,CC,GT,CC,TT,CC,TT,GT,GG,CT,CC,TT,CC,CC,CG,AG,AA,TT,TT,CG,AA,AA,AA,CC,NN,TT,CC,TT,AC,AC,TT,CG,GG,CC,AG,CC,GG,TT,AA,CC,CC,AC,CC,AA,TT,CC,AA,CC,CT,AA,NN,AA,AA,GG,CC,CC,GG,AA,AA,AA,CC,GG,CC,CG,AA,AA,GG,GT,GG,AA,GT,CT,GG,CC,GT,TT,TT,CG,AA,TT,TT,AA,TT,GG,CC,AG,CC,CC,CC,CG,CC,NN,GG,AA,NN,TT,CC,GT,TT,GG,AT,AA,NN,TT,AC,CG,AA,CC,CC,GG,AA,AA,CG,TT,AC,AA,CC,GG,AA,CC,AA,AA,GT,TT,AT,AA,GG,GG,TT,CC,AT,TT,AA,GG,AA,TT,AA,TT,CC,TT,AA,CC,TT,GG,AA,NN,AG,CC,AT,TT,TT,CG,AT,AC,CC,AA,GG,CC,CG,GG,CC,GG,TT,AA,CG,GG,GG,CC,CC,NN,AG,CG,AA,CG,AT,AA,CC,CC,AA,TT,AA,GG,AA,AC,AC,AA,GG,AA,AA,AA,AA,GG,AC,NN,AC,NN,CT,AA,AA,GG,GG,GG,TT,AA,AA,GT,TT,TT,AG,TT,GG,GG,AA,9.7,Moderate,Low,Standard,Medium
L0473,Davangere,Karnataka,Rabi,Black Cotton,Irrigated,430,25.5,58,AC,TT,GG,AG,GG,CC,NN,TT,CC,GG,TT,CC,CG,AT,GT,GG,CG,TT,TT,AG,CG,GT,GT,CC,TT,CC,TT,AT,GG,AA,TT,CC,AA,CC,GG,CG,GG,CG,GG,CC,TT,TT,AA,TT,AA,AG,TT,TT,CC,AA,GT,AT,AG,GG,TT,TT,AA,AA,GT,AA,AG,GT,TT,AA,TT,TT,CC,GG,CT,GG,GG,GG,CC,AA,GG,AC,AT,GG,TT,TT,GG,GG,GG,CC,AA,GG,AA,AA,CC,GG,CC,TT,CC,TT,NN,GG,TT,CC,GT,CT,TT,CC,AG,AA,AT,TT,CC,AA,AA,AC,CC,GG,TT,CC,TT,AA,AA,TT,CG,AG,NN,GG,CT,GT,CT,AG,NN,CC,CC,CC,AG,TT,CC,AA,CC,CC,AA,TT,AG,AT,GG,CC,CC,AG,AA,AG,AA,CC,GT,NN,CC,NN,AG,GG,TT,GG,AA,GT,CT,GG,CC,TT,TT,TT,CC,AA,GT,TT,AT,AT,GG,CC,AA,CC,CC,CC,CG,CC,AA,GG,AA,CC,TT,CC,GT,GT,CC,TT,AA,AA,TT,CC,GG,AA,AC,CC,GG,AA,AC,GG,TT,AA,AG,CC,GG,AT,AC,AA,AA,GG,TT,TT,AT,GG,TT,AA,CG,AT,GG,AT,GG,AA,CT,AA,TT,CC,CT,AA,CC,TT,CG,AA,CG,AG,CC,TT,TT,TT,GG,TT,AA,CC,AG,GG,NN,CG,GG,CC,GG,AT,AA,CC,TT,GG,CC,CG,AT,GG,CC,AT,CC,AA,AA,CC,CC,NN,NN,AA,GG,AA,AC,AC,AA,GG,AG,AG,AA,AT,CG,AA,AG,AC,AA,TT,AA,AG,GG,GG,GG,TT,AT,AA,TT,TT,TT,AG,TT,GG,GG,AA,7.91,Susceptible,Low,Poor,Early
L0474,Davangere,Karnataka,Rabi,Black Cotton,Irrigated,430,25.5,58,AA,TT,GG,AA,GG,CC,GG,TT,CC,CG,AA,CC,CG,TT,TT,GG,CG,TT,TT,AG,GG,TT,TT,CC,TT,CC,TT,TT,GG,AA,TT,CC,AA,CC,GG,GG,GG,CC,GT,CC,TT,TT,AA,TT,AG,AG,TT,TT,CC,CC,GG,AA,AG,GG,CT,TT,AA,AC,GT,CC,AG,TT,TT,AA,NN,TT,CC,GG,TT,GG,GG,GG,AC,AA,GG,AC,AA,GG,TT,TT,GG,GG,NN,CC,AA,GG,AA,AA,CC,TT,CC,TT,CT,TT,TT,GG,TT,CC,TT,CC,CC,CC,AA,AA,TT,TT,CC,AA,AG,AA,TT,GG,TT,CC,TT,AA,AC,TT,CC,GG,CG,GG,CT,GT,TT,AA,CC,CC,CC,CC,AA,TT,CC,AA,CC,CT,AA,TT,AA,TT,GG,CC,CC,GG,AA,AG,AA,CC,GG,CC,CC,AG,AA,GG,GT,GG,AA,GT,CT,GG,CC,TT,TT,TT,CC,AA,TT,TT,AA,AT,GG,CC,AG,CT,CC,CC,GG,CC,AA,GG,AG,CC,TT,CC,GG,GT,CG,TT,AA,GG,TT,CC,GG,AA,AC,CC,GG,GG,AA,GG,TT,NN,AG,CC,GG,AA,AC,AA,AT,GT,TT,AT,AT,GG,GT,AA,CC,AA,TT,AA,GG,AA,TT,AA,TT,CC,CT,AC,CC,CT,GG,AA,CG,AG,AC,AT,CT,TT,GG,TT,AC,AC,GG,GG,CC,CC,GG,CC,GG,AA,AA,CC,GT,GG,CG,CC,AA,GG,CC,AA,CC,AA,AA,CC,GG,AC,TT,AA,CG,AA,AA,AA,AA,AG,AG,NN,AA,AT,CG,AA,AG,CC,AA,CT,AA,AG,CG,GG,GG,TT,AT,AA,TT,TT,TT,AA,AT,GG,GG,AC,7.89,Moderate,High,Standard,Late
L0475,Davangere,Karnataka,Rabi,Black Cotton,Irrigated,430,25.5,58,NN,TT,GG,AA,GG,CC,GG,TT,CC,CG,AA,CC,CG,AT,GT,GG,CG,TT,TT,AA,CC,GT,GT,CC,TT,CC,TT,AT,GG,AA,TT,CT,AA,CC,GG,GG,GG,CC,GG,CC,TT,CT,AA,GT,AG,GG,TT,TT,CC,AA,GG,AA,AG,GG,CT,GT,AA,AA,GT,AC,GG,TT,NN,AA,TT,TT,CC,GG,TT,GT,AG,GT,CC,AA,AG,AA,TT,GG,TT,TT,GG,GG,GG,CC,AT,GG,AA,AA,CG,TT,AC,TT,CC,AT,TT,AG,TT,CC,GT,TT,CT,CC,GG,AA,TT,TT,CC,AA,AA,AA,NN,GG,TT,CC,TT,AC,AA,TT,CC,AA,CG,GG,CC,GG,TT,AG,CC,CC,CC,CC,AA,TT,CC,AA,CC,CC,AA,TT,AA,AA,GG,CC,CC,GG,AA,AG,AA,CC,GG,CC,CC,AA,GG,GG,TT,AG,AA,TT,TT,AG,NN,TT,GT,TT,CC,AT,GT,TT,AA,TT,GG,CC,AA,CC,CC,CC,GG,CC,AA,GG,AA,CC,TT,CC,GG,GG,GG,TT,AA,AA,TT,CC,CC,AC,AC,CC,CG,GG,AA,GG,TT,AA,AA,CC,GG,AA,AC,AA,AT,GG,TT,AT,AT,CC,GT,AT,CC,TT,TT,AA,GG,AA,TT,AA,TT,CC,TT,AA,CC,TT,CG,GG,CC,GG,NN,TT,TT,TT,GG,TT,AA,AC,AG,GG,CC,CC,GG,CC,GG,AT,AA,CC,GT,GG,CG,CC,AA,AG,CC,AA,CC,AA,AA,CC,CG,AC,TT,AA,GG,AA,AA,AA,AA,AG,AG,AA,AA,TT,GG,AC,AG,AC,AA,TT,AG,AA,GG,AG,CG,GT,AA,AA,GT,TT,TT,AA,TT,GG,GG,AC,9.53,Resistant,Low,Premium,Early
L0476,Davangere,Karnataka,Rabi,Black Cotton,Irrigated,430,25.5,58,AA,CC,AG,AG,CG,CC,TT,TT,CC,CC,AA,TT,CG,TT,GT,GG,CG,TT,TT,AA,CG,TT,TT,CC,TT,CC,TT,TT,GG,AA,TT,CT,AA,CC,GG,CG,NN,CG,GG,CC,TT,CT,AA,TT,AG,AG,TT,AT,CC,AC,GG,AT,AA,GG,CC,TT,AA,AA,NN,AA,AA,GT,TT,AG,TT,TT,CC,GG,TT,GG,AA,GG,CC,AA,AG,AC,TT,GG,TT,TT,GG,GG,GG,CC,AA,GG,AA,AT,CC,GG,AC,TT,CT,TT,GT,GG,TT,CC,TT,CC,CC,CG,GG,AG,TT,TT,CC,AA,AA,AA,CC,GG,GT,CG,TT,AA,AA,TT,CC,GG,CG,AG,CC,GG,CT,AA,CC,CC,CC,CG,AA,TT,CC,AA,CC,CC,AA,TT,AA,AT,GG,CC,CC,GG,AA,AG,AA,CC,GT,CC,CC,AA,AA,AG,TT,AG,AC,GT,CT,GG,AC,TT,TT,TT,CC,TT,GT,TT,AA,TT,CG,NN,AG,CC,AC,CC,GG,AC,AA,GG,AA,CC,TT,CC,GG,GT,CG,AT,NN,AA,TT,CC,GG,AA,CC,GG,GG,GG,AA,GG,TT,AA,AG,CC,GG,AA,AC,AA,NN,GG,TT,TT,AT,GG,GT,AA,CG,AT,TT,AA,GG,AA,CC,AA,TT,CC,TT,AA,CC,TT,CG,AA,CC,AA,CC,TT,TT,TT,GG,TT,AA,AC,AA,GT,CC,CG,GG,CC,GG,AT,AA,CC,TT,GG,CC,CG,AA,AG,CC,AT,CC,AA,AA,CC,CC,AC,TT,AA,GG,AA,AA,AA,AA,AA,AG,AA,AA,TT,GG,AA,AA,AC,AA,CC,AA,AG,GG,GG,GG,TT,AT,AA,TT,AT,TT,AA,TT,GG,GG,AC,7.58,Resistant,Low,Poor,Early
L0477,Davangere,Karnataka,Rabi,Black Cotton,Irrigated,430,25.5,58,AA,TT,GG,AG,GG,CC,GT,AT,CC,CG,AT,CC,CC,AT,TT,GG,CG,TT,AT,AG,CC,TT,TT,CC,TT,CC,NN,TT,GT,AA,TT,CC,AA,CC,GG,GG,GG,CG,GG,CC,TT,TT,AC,TT,AA,GG,TT,AT,CC,AC,GG,AA,AA,GG,CC,TT,AA,AA,GT,AA,AA,TT,TT,AA,TT,TT,CC,GG,TT,GG,AA,GT,CC,AA,AG,AA,NN,GG,GT,TT,GG,GG,GG,CC,AA,GG,AG,AA,CC,GT,CC,TT,CT,TT,TT,GG,TT,CC,GG,CC,CT,CC,AA,AA,TT,TT,CC,AG,AG,AA,CC,GG,GT,CC,TT,AA,AA,TT,CC,GG,CG,AG,CC,TT,CT,AG,CT,CC,CC,CC,AA,TT,AC,AA,CC,CT,AG,TT,AG,AA,CG,CC,CC,GG,AA,AG,AA,AC,GG,CC,CC,AA,GG,AG,GT,AG,AC,GT,CT,GG,AC,GT,TT,TT,CC,AA,TT,TT,AA,AT,GG,CC,GG,TT,CC,CC,GG,CC,AT,GG,AA,CC,TT,CC,GG,TT,CG,AT,AA,AA,TT,CC,GG,AA,CC,CC,GG,GG,AC,CG,TT,AA,AA,CC,GT,AA,AC,AA,TT,GG,GT,TT,AA,GG,TT,AT,CG,TT,TT,AA,GG,AA,TT,AA,TT,CC,TT,AA,CC,TT,CG,AA,CC,AG,CC,TT,TT,TT,GG,TT,AC,CC,AG,GT,CC,CC,GG,CC,GG,AT,AA,CC,TT,GG,CC,CC,AA,GG,CC,AT,CG,AA,AG,AC,CG,CC,TT,AA,GG,AA,AA,AA,AA,AG,AA,AA,AA,TT,GG,AC,AA,CC,AA,TT,AA,AA,GG,GG,GG,TT,AA,AA,TT,TT,TT,AG,AT,GG,GG,AA,9.55,Moderate,High,Standard,Late
L0478,Davangere,Karnataka,Rabi,Black Cotton,Irrigated,430,25.5,58,AC,TT,AA,AG,GG,CC,GG,TT,CC,CG,AA,CT,CG,TT,TT,GG,CG,TT,TT,AA,CG,GT,GT,CC,AT,CC,TT,TT,GG,AA,TT,CC,AA,AC,AG,CG,GG,CC,GG,CC,NN,TT,AC,TT,AA,GG,TT,AT,CC,AC,GG,AA,AG,GG,CC,TT,AT,AA,GG,AA,AG,GT,TT,AA,TT,TT,CC,GG,TT,GG,AG,GG,CC,GG,GG,AC,AT,GG,TT,TT,GG,GT,GG,CC,AA,GG,AA,AT,CC,TT,CC,TT,CC,TT,TT,GG,TT,CC,TT,CC,CC,CG,AG,AA,TT,TT,CC,AA,AA,AA,CT,GG,TT,CG,TT,AA,AA,TT,CC,GG,CC,GG,CC,GT,TT,AA,CT,CC,CC,CC,AA,TT,CC,AA,CC,CT,AA,TT,AA,AA,CG,CC,CC,GG,AA,AG,AA,CC,GG,CC,CC,AG,AA,AG,GT,GG,AC,TT,TT,GG,CC,TT,TT,TT,CG,TT,GT,TT,AA,TT,GG,CC,AG,CC,CC,CC,GG,CC,AA,GG,AA,CC,TT,CC,GT,TT,CG,AA,AA,AG,TT,CC,GG,AC,AC,CC,GG,GG,AA,GG,TT,AC,AA,CC,GG,AA,NN,AT,AA,GG,TT,TT,AA,CG,TT,AT,CG,AA,GT,AA,GG,AA,TT,AA,TT,CC,CT,AC,CC,CT,CG,GG,CC,AA,CC,TT,CT,TT,GG,TT,AA,CC,AA,GG,CC,GG,GG,CG,GT,TT,AA,CC,TT,GG,CC,CC,AA,NN,CC,AA,CC,AA,AA,AC,CC,AC,TT,AA,GG,AA,AA,AA,AA,NN,GG,AA,AA,AT,GG,AA,AA,AC,AC,CT,AA,AA,GG,GG,CG,TT,AA,NN,TT,TT,TT,AA,TT,GG,GG,AA,11.07,Susceptible,High,Premium,Late
L0479,Davangere,Karnataka,Rabi,Black Cotton,Irrigated,430,25.5,58,AA,CC,GG,AA,GG,CC,GG,TT,CC,GG,AA,CC,CG,AT,TT,GG,CG,TT,TT,AG,CC,TT,TT,TT,TT,CC,TT,TT,GG,AA,TT,CT,AA,CC,GG,CG,GG,CC,GG,CC,TT,TT,AA,TT,AA,GG,TT,TT,CC,CC,GG,AA,AA,GG,CT,TT,AA,AC,GT,AC,AA,TT,AT,AA,TT,TT,CC,GG,CT,GT,AA,GG,CC,AA,AG,AC,AT,AG,TT,TT,AG,NN,GG,CC,AA,GG,AA,AT,CC,GG,AC,TT,CT,TT,GT,GG,TT,CC,TT,CC,CC,CC,GG,AA,AT,TT,CC,AA,AG,AA,CC,GG,TT,CG,TT,AC,AA,TT,CC,GG,CC,GG,CC,GG,TT,AA,TT,CC,AC,CC,AA,TT,CC,AA,CC,CT,AA,TT,AA,AT,NN,CC,CC,GG,AA,AA,AA,AC,GG,CC,CC,AA,AA,GG,GT,GG,AC,TT,TT,GG,CC,GT,GT,TT,CC,AA,GT,TT,AA,AT,GG,NN,AA,CT,AC,CC,CG,CC,AA,GG,AG,CC,TT,CC,GG,GT,GG,AT,AA,AA,GT,CC,GG,AA,CC,CG,GG,AG,AC,CG,TT,AC,AA,CC,GG,AA,AC,AA,AT,GG,GT,TT,AA,CG,GT,AT,CC,TT,GT,AA,GG,AG,TT,AA,TT,CC,TT,AA,NN,TT,GG,AG,CC,GG,CC,TT,TT,GT,GG,TT,AC,AC,AG,GG,CC,CG,GG,CC,GG,AT,AA,CC,TT,GG,CC,CC,AA,GG,CC,AA,CC,AT,AA,AC,CG,AC,TT,AA,GG,AA,AA,AA,AA,AA,AG,AG,AA,TT,GG,AC,AA,CC,AA,CC,AA,AG,GG,GG,GG,TT,AA,GG,TT,TT,TT,AG,TT,GG,GG,AA,5.36,Moderate,High,Premium,Medium
L0480,Davangere,Karnataka,Rabi,Black Cotton,Irrigated,430,25.5,58,AA,TT,AG,AA,GG,CC,GG,AT,CC,CG,AT,CC,CC,TT,GT,GG,GG,TT,TT,AA,CC,GT,TT,CC,TT,CC,TT,AT,GG,AA,TT,CC,AA,CC,GG,CG,GG,CC,GG,CC,TT,TT,AA,TT,AA,AG,TT,TT,CC,CC,GT,AA,AA,GG,CC,TT,AT,AC,GT,CC,AA,TT,AA,AA,CT,AT,CC,GG,TT,GT,AG,GT,AC,AA,GG,AC,AT,GG,TT,TT,GG,GT,GG,CC,AA,GG,AA,AA,CC,TT,AC,TT,CC,AT,GT,GG,TT,CC,TT,CC,CC,CG,AG,AA,TT,GT,CC,AA,AA,AA,CC,GG,TT,CG,TT,AA,AC,TT,CG,AG,CC,GG,CT,GG,CT,AA,NN,CC,NN,CC,AA,TT,CC,AA,CC,CT,AA,TT,AA,AA,CG,CT,CC,GG,AA,AA,AA,CC,GG,CC,CC,AG,AG,AG,TT,GG,AA,GT,CT,GG,CC,GT,GT,CT,CC,AA,TT,TT,AT,AT,GG,CC,AA,CT,CC,CC,GG,CC,AA,GG,AA,CC,TT,CC,GG,GT,GG,TT,AA,AA,TT,CC,GG,AC,CC,CC,GG,GG,AC,CG,TT,AA,AA,NN,GG,AA,CC,AA,AT,GT,TT,AT,AT,NN,GG,AA,CC,AA,NN,AA,GG,AA,TT,AC,TT,CC,CT,AA,CC,CC,GG,AG,CG,GG,CC,TT,TT,TT,GG,TT,AA,CC,AA,GG,CC,CC,GG,CC,GG,TT,AA,CC,GT,GG,CC,CC,AA,GG,CC,AA,CC,AT,AA,CC,CC,AC,TT,NN,GG,AA,AA,AA,CC,AG,AG,AA,AA,NN,GG,AC,AG,CC,AA,CT,AA,AA,GG,AG,CG,TT,AA,AA,TT,AT,TT,AA,TT,GG,GG,AA,5.77,Susceptible,Low,Standard,Medium
L0481,Davangere,Karnataka,Rabi,Black Cotton,Irrigated,430,25.5,58,AC,TT,GG,AA,CG,CC,GT,AA,CC,CG,AA,CC,CC,AT,TT,GG,GG,TT,TT,AG,CC,GT,TT,CC,TT,CC,TT,TT,GG,AA,TT,CC,AA,CC,GG,GG,GG,CG,GG,CC,TT,TT,AC,TT,AA,GG,TT,AT,CC,NN,GG,AA,AG,GG,CC,TT,AA,AA,GT,AC,NN,TT,AT,AG,TT,TT,CC,GG,TT,GG,GG,GG,AC,AA,AG,AA,AA,GG,TT,TT,GG,GG,GG,CC,AT,GG,AA,AA,CC,GT,CC,TT,CT,TT,TT,GG,TT,CC,TT,CC,CT,CG,AA,AA,TT,TT,CC,NN,AA,AA,CC,GG,TT,CC,TT,AC,AA,TT,CG,AG,CG,GG,CT,GG,TT,AA,CC,CC,CC,CG,AA,TT,CC,AA,CC,NN,AA,TT,AA,TT,GG,CC,CC,GG,AA,AA,AA,NN,GT,NN,CC,AA,AG,AG,TT,AG,AC,TT,CT,AA,AC,TT,TT,TT,CC,AA,TT,TT,AA,TT,GG,CC,AG,CC,CC,CC,CG,CC,AA,AG,AG,CC,TT,CC,TT,TT,CG,AT,AG,AA,TT,CC,GG,AC,CC,CC,GG,GG,AA,GG,TT,AA,AG,CC,GT,AA,CC,AA,AA,GG,TT,TT,AT,GG,GT,AT,CC,TT,GG,AA,GG,AA,CT,AC,TT,CC,CT,AA,AC,TT,CG,AG,CC,AA,CC,TT,TT,TT,GG,TT,AC,NN,AG,GG,CC,CC,GG,CC,GG,TT,AA,CG,TT,GG,CC,CC,AA,GG,CC,AA,CC,NN,AA,AA,CC,CC,TT,AA,CG,AA,AA,AA,AC,AG,AA,AA,AA,TT,GG,AA,AA,AC,AC,CT,GG,AA,NN,GG,GG,TT,AA,AA,TT,TT,TT,AG,TT,GG,CG,AA,7.55,Moderate,Low,Poor,Medium
L0482,Davangere,Karnataka,Rabi,Black Cotton,Irrigated,430,25.5,58,AA,CT,GG,AA,GG,CC,GT,TT,CC,CG,AA,CC,CG,TT,TT,GG,GG,TT,TT,AA,CG,TT,TT,CC,TT,CC,TT,TT,GT,AA,CT,CC,AA,CC,GG,GG,GG,CC,GG,CC,TT,TT,AA,GT,AA,AG,TT,TT,CC,AC,GG,AA,AA,GG,CT,GT,AA,AA,GT,AC,AA,GT,AA,AA,TT,AT,CC,GG,TT,GG,AG,GG,CC,AG,GG,CC,AT,AG,TT,TT,GG,GG,GG,CC,AT,GG,AA,AA,CG,TT,CC,TT,CC,TT,GT,GG,CC,CC,NN,CT,CC,CG,AG,AA,TT,TT,CC,AA,AA,AA,TT,GG,TT,CC,TT,AC,AA,TT,CC,GG,CC,AG,CC,TT,TT,AA,CC,CC,CC,CC,AA,TT,CC,AA,CC,CC,AA,NN,AG,AA,GG,CC,CC,GG,AG,AG,AA,CC,GG,CC,CC,AA,AA,AG,GT,GG,AC,GT,TT,GG,CC,GT,GT,CT,CC,AT,TT,TT,AA,TT,GG,CG,AG,CC,CC,CC,CG,CC,AA,GG,AA,CC,TT,CC,TT,GT,GG,TT,AA,AA,GT,CC,GG,AA,CC,CC,GG,GG,AC,GG,TT,AA,AA,CC,GT,AA,AC,AA,AA,GG,TT,AT,AT,GG,NN,AA,CC,AT,TT,AA,GG,AA,CT,AA,TT,CC,CT,AA,CC,CT,GG,AA,CC,AA,CC,TT,CT,GT,GG,TT,AA,CC,AA,GG,CC,CC,GG,CC,GG,NN,AA,CG,TT,AG,CC,CC,AA,GG,CC,AA,CC,AA,AA,CC,CC,CC,TT,NN,GG,AA,AA,AC,AC,AG,AA,AA,AA,TT,CG,AA,AG,AC,AC,CT,AA,AA,GG,GG,GG,TT,AA,AA,TT,TT,TT,AG,TT,GG,CG,AA,10.2,Susceptible,Low,Poor,Late
L0483,Davangere,Karnataka,Rabi,Black Cotton,Irrigated,430,25.5,58,AC,TT,AA,AA,GG,CG,GG,TT,CC,CG,AT,CC,CG,TT,TT,GT,GG,TT,TT,AG,CC,TT,GT,CC,TT,CC,TT,TT,GG,AA,TT,CC,AA,CC,GG,GG,NN,NN,GG,CC,TT,CT,AA,GT,AG,GG,TT,TT,CG,CC,GG,AA,AA,GG,CC,GT,AA,AC,GT,NN,AG,TT,AA,AG,TT,AT,CC,GG,TT,GT,GG,GG,CC,AA,AG,AC,AT,GG,TT,TT,GG,GG,GT,CC,AA,GG,AA,AT,CG,GG,AC,TT,CT,AT,TT,GG,CT,CC,GT,CC,CC,CG,GG,AA,AT,TT,CC,AA,GG,AA,CT,GG,TT,CC,GT,AA,AC,TT,CC,GG,CC,AG,CC,TT,CT,AA,CC,CC,CC,CC,AA,TT,CC,AA,CC,CC,AA,TT,AA,TT,GG,CC,CC,GG,AA,AG,NN,AC,GG,CC,CC,AA,AA,AG,TT,GG,CC,TT,NN,GG,CC,TT,GT,TT,CC,AA,TT,TT,AA,NN,GG,CC,AA,CC,AC,CC,CG,CC,AA,GG,AG,CC,TT,CC,GG,TT,GG,AT,AA,AA,TT,CC,GG,AC,AC,CC,GG,GG,AC,GG,TT,AA,AA,CC,GG,AA,CC,AA,AA,GT,TT,TT,AT,GG,GT,AT,CC,TT,TT,AA,GG,AA,NN,AA,TT,CG,TT,AA,CC,TT,CG,AG,CC,AG,AC,TT,TT,GT,GG,TT,AA,AC,GG,GG,CC,CC,GG,CC,GG,NN,AA,CG,TT,GG,GG,CC,AT,GG,CG,AA,CC,AA,AA,CC,CC,AC,TT,AA,GG,AA,AA,AC,AA,AG,AG,AA,AA,AT,GG,AA,AA,CC,AC,TT,AA,AA,GG,GG,CG,TT,AT,AA,TT,TT,TT,AA,AT,GG,GG,AA,5.88,Moderate,Low,Premium,Late
L0484,Davangere,Karnataka,Rabi,Black Cotton,Irrigated,430,25.5,58,AA,TT,GG,AG,GG,CG,GG,AT,CC,GG,AA,CC,CC,TT,TT,GT,CG,TT,TT,AA,CC,GT,GG,CC,TT,CC,TT,TT,GG,AC,TT,CC,AG,CC,GG,GG,GG,CG,GG,CC,TT,CC,AA,TT,AA,AG,TT,AT,CG,AA,GT,AT,AA,GG,CT,GT,AA,AC,GT,AA,AA,TT,AT,AA,TT,TT,CC,GG,TT,GG,AG,GG,CC,AA,AA,AC,AT,AG,TT,TT,GG,GG,GG,CC,AT,GG,AA,NN,CG,GG,CC,TT,CC,TT,GT,GG,TT,AC,TT,CC,CC,CG,AG,AA,TT,TT,CC,AA,AA,AA,CT,GG,TT,CC,TT,AA,AA,TT,CC,GG,CC,AG,CC,GG,CT,AA,CC,CC,AC,CC,AA,TT,CC,AA,AC,CC,AG,AT,AG,AA,GG,NN,CC,GG,AA,AA,AA,CC,GT,CC,NN,AG,AA,GG,TT,AG,AA,TT,TT,GG,AC,TT,GT,CT,CC,AA,TT,TT,AA,TT,GG,CC,AA,CT,AC,CC,CG,CC,NN,GG,AG,CC,TT,CG,GT,GG,CG,TT,AA,AA,TT,CC,GG,AA,CC,CC,GG,GG,CC,GG,TT,AC,AA,CC,TT,AA,AC,AA,AT,GG,TT,TT,AA,CG,GT,AT,CC,AT,GT,AA,GG,AG,TT,AA,TT,CC,TT,AA,CC,TT,GG,AG,CC,AG,CC,TT,TT,TT,GG,TT,AC,CC,GG,GT,CC,CC,GG,CC,GG,AT,AA,CC,GG,GG,CC,CC,AT,GG,CG,AA,CC,AA,AA,AC,CG,AC,TT,AA,GG,AA,AA,AC,AA,GG,AA,AA,AA,AT,GG,CC,AA,AC,AC,CT,AA,AA,CG,GG,GG,TT,AT,AG,TT,TT,TT,AG,TT,GG,CG,AA,5.99,Susceptible,Low,Standard,Early
L0485,Davangere,Karnataka,Rabi,Black Cotton,Irrigated,430,25.5,58,CC,TT,AG,AG,GG,CC,GG,NN,CC,CG,AA,CT,CC,TT,GT,GG,CG,TT,TT,AG,CC,GT,GT,CC,TT,CC,GT,TT,GG,AA,CT,CC,NN,CC,GG,GG,GG,CG,GG,CC,TT,TT,AA,TT,AA,AG,TT,AT,CC,AA,GG,AA,AA,GG,CC,TT,AA,AA,GT,AA,AA,TT,AT,AA,TT,AT,CC,GG,TT,GT,GG,GT,CC,AG,GG,AA,AA,GG,GT,TT,GG,GT,GG,CC,AA,AG,AA,AA,CC,TT,CC,TT,CC,TT,TT,GG,TT,CC,TT,CC,CT,CC,GG,AG,TT,TT,CC,AA,AA,AA,CT,GT,TT,CC,TT,AC,AA,TT,CC,AA,CC,GG,CC,GG,TT,AA,CT,CC,AC,CC,AA,TT,CC,AA,CC,CC,AA,TT,AA,AT,GG,CC,CC,GG,AA,GG,AA,CC,GT,CC,CG,AA,AA,GG,TT,AA,AA,TT,TT,GG,CC,TT,TT,TT,CC,AT,TT,TT,AA,TT,CG,CC,AA,CC,CC,CC,GG,CC,AA,AG,AA,CC,TT,CG,GT,TT,GG,TT,AA,AA,TT,CC,CG,AC,AC,CC,GG,GG,AC,GG,TT,CC,AA,CC,GG,AA,AC,AA,AA,GG,TT,TT,NN,GG,GG,AT,GG,AT,GT,NN,GG,AG,TT,AA,TT,CC,CT,AC,CC,TT,GG,AG,CC,AG,AC,TT,NN,GT,GG,TT,AC,CC,AA,GG,CC,CC,GG,CC,GG,AT,AA,CC,TT,GG,CG,CC,AA,AG,CC,AT,CC,AT,AG,AC,CC,AA,AT,AA,GG,AA,AA,AC,AA,GG,AA,AA,AA,TT,GG,NN,AG,AA,AC,CC,AA,AG,CC,GG,GG,TT,AT,AG,GT,TT,TT,AG,AT,GG,GG,AA,5.24,Susceptible,Medium,Standard,Early
L0486,Davangere,Karnataka,Rabi,Black Cotton,Irrigated,430,25.5,58,AC,CT,AG,AG,GG,CC,GG,TT,CC,CC,AA,CC,CC,TT,GT,GG,GG,TT,TT,AA,CG,GT,GG,CC,TT,CC,TT,TT,GG,AA,TT,CC,AA,CC,GG,GG,GG,CC,GG,CC,TT,CT,AA,TT,AA,GG,CT,TT,CC,AC,GG,NN,AA,GG,CC,GT,AT,AA,GG,AC,AA,GT,AT,AA,TT,AT,CC,GG,TT,GG,GG,GG,CC,AA,GG,AC,AA,GG,TT,TT,GG,TT,GG,CC,AA,GG,AG,NN,NN,GG,CC,TT,CC,TT,GT,GG,TT,CC,GT,CC,CC,CC,GG,AA,TT,TT,CC,AA,AA,AA,TT,GG,TT,CC,TT,AA,AA,AT,CC,AG,CG,GG,CC,GG,TT,AA,CC,CC,CC,CC,AA,TT,CC,AA,CC,CC,AA,TT,AA,AA,GG,CC,CC,GG,AA,AG,AT,CC,GG,CC,CC,AA,AA,AG,TT,GG,AC,GT,TT,GG,AC,TT,TT,TT,CC,AA,TT,TT,AA,TT,GG,CC,AG,TT,CC,CC,CG,CC,AA,GG,AA,CC,TT,CG,GT,GT,CG,AT,AA,AA,TT,CC,NN,CC,CC,CC,GG,GG,CC,GG,TT,AA,AA,CG,GG,AT,CC,AA,AT,GG,TT,TT,AA,GG,GG,AT,CG,TT,TT,AA,GG,AA,CT,AA,TT,CC,CT,AA,CC,CT,GG,AA,CC,GG,CC,TT,TT,GT,GG,TT,AA,AC,GG,GG,CC,CG,GG,CC,GG,TT,AA,CC,TT,GG,CC,CG,AA,GG,CC,AT,CC,AT,AA,CC,CC,AC,TT,AA,NN,AA,AC,AA,AA,AG,AG,AA,AA,TT,GG,AA,AA,AC,AA,CT,AG,AA,GG,AG,GG,TT,AA,AA,TT,TT,TT,GG,TT,GG,GG,AC,7.18,Resistant,High,Poor,Medium
L0487,Davangere,Karnataka,Rabi,Black Cotton,Irrigated,430,25.5,58,CC,TT,NN,AG,GG,CC,GT,TT,CC,CC,AA,CT,CG,AT,TT,GG,GG,TT,TT,AA,CC,TT,GT,CC,TT,CC,TT,TT,GG,AA,TT,CC,AA,AC,AG,GG,GG,CG,GG,CC,TT,TT,AA,GT,AA,AG,TT,TT,CC,AA,GG,AA,GG,CG,CT,TT,AA,CC,GT,AC,AA,TT,TT,GG,TT,TT,CC,GG,TT,GT,AG,GG,CC,AA,GG,CC,AT,GG,TT,TT,GG,GG,GG,CC,AA,GG,AG,AA,NN,TT,AC,TT,CT,TT,TT,AG,CT,CC,GT,CC,CC,CG,GG,AA,AT,TT,CC,AA,GG,AC,CT,GG,GT,CC,TT,AA,AA,TT,GG,AG,CC,GG,CC,GT,CT,AA,CC,CC,CC,CC,AA,TT,CC,AA,CC,CC,AA,AA,AA,AT,CG,TT,CC,GG,AA,AA,AA,AC,GG,CC,CC,AA,AA,GG,TT,GG,AA,GT,CT,GG,AC,GT,TT,TT,CC,AT,GT,TT,AA,TT,GG,CC,AA,CC,CC,CC,CG,CC,AA,GG,AG,CC,GT,CC,GG,TT,GG,TT,AG,AG,TT,CC,GG,AA,AC,CC,GG,GG,AA,CG,TT,AA,AA,CG,GG,AA,AC,AA,AA,GT,TT,AT,AT,GG,GG,AA,CC,TT,TT,AA,GG,AA,TT,AA,TT,CG,TT,AC,AC,TT,CG,AA,CC,AG,CC,TT,TT,TT,GG,TT,AA,CC,AG,GG,CC,CG,GG,CC,GG,TT,AA,CC,TT,GG,CC,CC,AA,GG,CG,TT,CC,AA,AA,AA,CC,NN,TT,AA,GG,NN,AA,AA,AA,AG,AG,AG,AA,TT,CC,AA,AA,AC,AC,TT,AA,AA,GG,GG,GG,TT,AA,AA,TT,TT,TT,AA,AT,GG,GG,AA,8.04,Susceptible,Low,Poor,Early
L0488,Davangere,Karnataka,Rabi,Black Cotton,Irrigated,430,25.5,58,AC,TT,GG,AA,GG,CC,GG,TT,CC,CG,AT,CC,CG,AT,TT,GT,GG,TT,TT,AG,CC,TT,TT,CC,TT,CC,TT,TT,GG,AA,TT,CC,AG,CC,GG,GG,GG,CG,GG,CC,TT,TT,AA,TT,AA,AG,TT,AT,CC,AC,GG,NN,AA,GG,CC,TT,AT,AA,GG,AA,AA,TT,TT,AG,TT,TT,CC,GG,TT,GG,AG,GG,CC,AA,GG,CC,AA,GG,TT,TT,GG,GT,GG,CC,AA,GG,AA,AA,CC,GG,CC,GT,CC,AT,TT,GG,TT,CC,GT,CT,CC,GG,AA,AG,TT,TT,CC,AA,AA,AA,CT,GG,TT,CG,TT,AA,AC,AT,CC,GG,CG,GG,CC,GG,TT,AA,CC,CC,CC,CC,AA,TT,CC,AA,CC,CT,AA,TT,AA,AT,GG,CC,CC,GG,AA,GG,AA,CC,GT,CC,CC,AA,AA,AG,TT,AG,AA,TT,TT,AG,CC,TT,GG,CT,CC,TT,TT,TT,AA,TT,GG,CG,AG,NN,CC,AA,CG,CC,AA,GG,AG,CC,TT,CG,GG,TT,GG,TT,AA,AA,TT,CC,GG,AA,AC,CC,GG,GG,AA,CG,TT,AC,AA,CG,GG,AA,CC,AT,AT,GG,GT,AT,AA,CG,TT,AT,CC,AT,GT,AA,GG,AA,CT,AA,TT,CC,TT,AA,CC,CT,GG,AG,CC,AA,CC,TT,TT,GG,GG,TT,AC,AC,AA,GG,CC,CC,GG,CC,GG,AT,AA,CG,TT,GG,CC,CC,AT,GG,CC,AA,CC,AA,AA,AC,CG,CC,AT,AA,GG,AA,AA,AC,AA,AG,AG,AA,AA,TT,GG,AA,AA,CC,AA,CC,AA,AA,GG,NN,GG,GT,AA,AA,TT,TT,TT,GG,TT,GG,GG,AA,9.03,Moderate,Low,Standard,Early
L0489,Davangere,Karnataka,Rabi,Black Cotton,Irrigated,430,25.5,58,AA,TT,NN,AG,GG,CC,GG,AA,CC,GG,AA,CC,CC,TT,TT,GG,CG,TT,TT,AA,NN,GT,GT,CC,TT,CC,GT,TT,GT,AA,TT,CC,AA,CC,GG,GG,GG,CC,GG,AC,TT,CT,AA,TT,AA,AG,TT,AT,CC,AA,GT,AA,AA,GG,CC,TT,AA,CC,GT,AC,AA,TT,TT,AG,TT,TT,CC,GG,TT,GG,AG,GG,CC,AA,GG,AC,AA,GG,TT,TT,GG,GG,GG,CC,AA,GG,AA,AA,CC,GG,AC,TT,CT,TT,TT,GG,TT,CC,TT,CC,CT,CC,AG,AG,TT,TT,CC,AA,GG,AA,CC,GG,TT,CC,GT,AA,AA,TT,CG,AA,CC,GG,CC,TT,CT,AA,CC,CC,CC,CC,AA,TT,CC,NN,CC,CC,AG,TT,AA,AA,CG,CC,CG,AG,AA,AG,AA,CC,GG,CC,CC,AA,AA,GG,TT,GG,CC,TT,CT,GG,AC,GT,GT,TT,CG,AA,TT,TT,AA,NN,GG,CC,AA,CC,AC,CC,GG,CC,AA,GG,AG,CC,TT,CC,GT,TT,GG,AT,AA,AG,TT,CC,GG,AC,AC,CG,GG,GG,AC,GG,TT,AC,AA,CC,GG,AT,AC,AT,AA,GG,TT,TT,AA,CG,GG,AT,GG,AT,GG,AA,GG,AA,TT,AA,NN,CC,TT,AA,CC,CT,CG,AG,CC,AG,CC,TT,TT,TT,NN,TT,AA,AC,AG,GG,CC,CG,GG,CC,GG,AT,AA,CC,GT,GG,CC,CC,AA,AG,CC,AA,CC,AA,AA,AC,CG,CC,TT,AA,GG,AA,AA,AC,AA,AA,AG,AG,AA,TT,GG,AA,GG,AA,AA,TT,AA,AA,GG,GG,GG,TT,AT,AA,TT,TT,TT,AA,AT,GG,GG,AA,8.47,Susceptible,Low,Poor,Late
L0490,Davangere,Karnataka,Rabi,Black Cotton,Irrigated,430,25.5,58,AC,TT,AG,AA,GG,CC,GG,AT,CC,CC,AA,CC,CG,AA,TT,GG,CG,TT,TT,AA,CG,GT,TT,CT,TT,CC,TT,TT,GG,AA,TT,CC,AA,AC,GG,GG,GG,CC,GG,CC,TT,TT,AA,GT,AA,AG,CT,TT,CC,AC,GT,AA,AA,GG,CC,GT,AA,AA,GT,AC,AA,TT,TT,AA,TT,TT,CC,GG,TT,GG,AG,GT,CC,AA,AA,AA,AT,GG,GT,TT,GG,GT,GG,CC,AT,GG,AA,AA,CC,GT,CC,TT,CC,TT,TT,GG,CT,CC,GT,CT,CT,CG,AG,AA,TT,TT,CC,AA,AA,CC,CT,GG,TT,CC,TT,AA,CC,TT,CG,GG,CC,AG,CC,GG,CT,AA,CC,CC,AC,CC,AA,TT,AC,AA,CC,CC,AA,TT,AA,AA,CG,CC,CC,GG,AA,AG,AA,CC,GG,CC,CG,AA,AG,GG,TT,AG,CC,GT,TT,GG,CC,TT,TT,TT,CC,AA,TT,TT,AT,TT,CG,CC,AA,CT,CC,CC,GG,CC,AA,AG,AA,CC,TT,CC,GG,TT,GG,AT,AG,AA,GT,CC,GG,AA,AC,CC,GG,GG,AA,GG,TT,AC,AA,CC,GG,AA,CC,AA,AT,GG,TT,TT,AA,CG,GT,AT,CC,TT,TT,AT,GG,AA,CT,AA,TT,CC,TT,AA,AC,CT,CG,AG,CC,GG,CC,TT,CT,GG,GG,NN,AA,CC,AG,GG,CC,CC,GG,CC,GG,TT,AA,CG,TT,GG,CC,CC,AA,AG,CC,AT,CC,AA,AA,CC,CG,AC,AT,AA,GG,AA,AA,CC,AA,AG,GG,AA,AA,TT,CG,AA,AG,NN,CC,TT,AA,AA,GG,GG,GG,TT,AA,AA,GT,TT,TT,AA,TT,GG,GG,AA,7.53,Susceptible,Low,Poor,Early
L0491,Davangere,Karnataka,Rabi,Black Cotton,Irrigated,430,25.5,58,AA,TT,AG,GG,GG,CC,GT,AA,CC,CG,AA,CC,CC,TT,TT,GG,GG,TT,TT,AA,CC,TT,TT,CT,TT,CC,TT,TT,GG,NN,CT,CC,AA,CC,GG,CG,GG,CG,GG,CC,TT,CT,AA,TT,AA,AG,TT,AT,CC,AC,GG,AT,AA,GG,NN,GT,AA,AA,TT,AA,AA,GT,TT,AG,TT,TT,CC,GG,TT,GG,AG,GG,CC,AA,AG,AA,AT,GG,NN,TT,GG,GG,GT,CC,AA,AG,AA,AA,CC,TT,CC,TT,CC,TT,TT,GG,TT,CC,GT,CT,CC,CC,AG,AA,AT,NN,CG,AG,AA,AA,CT,GG,TT,CC,TT,CC,AA,TT,CC,GG,CC,GG,CC,GG,TT,AG,CC,CC,CC,CC,AA,TT,CC,AA,CC,CT,AA,AT,AA,TT,GG,CC,CC,GG,AA,AG,AA,CC,GG,CC,CC,AA,AA,GG,TT,GG,AC,TT,TT,GG,AC,GT,TT,TT,CG,AT,TT,TT,AT,TT,GG,CC,AA,CC,CC,CC,GG,CC,AA,GG,AA,CC,TT,CG,GG,TT,NN,AT,AA,AA,TT,CC,GG,AC,CC,CC,CG,GG,AA,GG,TT,AC,AG,CC,GG,AA,CC,AT,NN,GT,GT,TT,AT,GG,GT,AA,CG,TT,TT,AA,GG,AA,CT,AA,TT,CC,TT,AC,CC,TT,CG,AA,CC,GG,CC,AT,CT,GT,GG,TT,AA,AC,AG,GG,CC,CG,GG,CC,GG,AA,AA,CC,GT,GG,CC,CC,AA,AG,CG,AT,CC,AA,AA,AA,CC,CC,TT,AA,GG,AA,AA,AA,AA,AG,GG,AG,AA,TT,GG,AA,AA,AC,NN,CT,AA,AG,GG,GG,GG,TT,AT,AA,GT,TT,TT,GG,TT,GG,GG,AC,7.78,Resistant,Medium,Poor,Early
L0492,Davangere,Karnataka,Rabi,Black Cotton,Irrigated,430,25.5,58,AC,TT,GG,AA,NN,CC,GG,AT,CC,GG,AA,CC,NN,TT,TT,GG,GG,AT,TT,AG,CC,TT,GG,CC,TT,CC,TT,TT,GG,AA,TT,CC,AA,CC,AG,GG,GG,CC,GG,CC,TT,TT,AA,GG,AA,AG,TT,AT,CC,CC,GG,AA,AA,GG,CC,TT,AA,AA,GG,AA,AG,TT,TT,AG,TT,AT,CC,GG,TT,GT,AG,GT,CC,AA,AG,AA,TT,GG,TT,TT,AG,GG,GG,CC,AA,GG,AA,AA,CC,TT,CC,TT,CT,TT,GG,GG,CT,CC,TT,CT,CC,CC,AG,AA,AT,TT,CC,AA,AA,AA,CC,GG,TT,CG,GT,AA,AA,TT,CG,AG,CC,GG,CC,GT,CT,AA,CC,CC,CC,CG,AA,TT,CC,AA,CC,CT,AA,TT,AA,AT,GG,CC,CC,GG,AA,GG,AA,CC,GT,CC,CC,AA,AA,AG,TT,AG,AA,GG,CT,AG,CC,TT,GT,TT,CG,TT,GT,TT,AT,TT,CG,CC,AA,CC,CC,CC,CG,CC,AA,GG,AG,CC,TT,CC,GG,TT,CG,AA,AA,AA,TT,AC,GG,AC,CC,CG,GG,GG,AC,GG,TT,AA,AA,CC,TT,AA,CC,AA,AA,GG,TT,TT,AT,GG,GT,AA,CG,AT,GT,AA,GG,AA,TT,AA,TT,CC,TT,AA,CC,CT,GG,AA,CG,AG,CC,TT,TT,GT,GG,TT,AA,AC,NN,GG,CC,CC,GG,CC,GG,NN,AA,CC,TT,GG,CC,CC,AA,GG,CG,AT,CC,TT,AA,CC,GG,AC,AT,AA,GG,AA,AA,AC,AA,GG,AG,AA,AA,TT,GG,AA,AA,AC,AA,TT,AA,AA,GG,GG,GG,TT,AA,AA,TT,TT,TT,AA,TT,GG,GG,AA,8.88,Susceptible,Low,Premium,Medium
L0493,Davangere,Karnataka,Rabi,Black Cotton,Irrigated,430,25.5,58,AC,CT,GG,AG,GG,CC,GG,TT,CC,CG,AA,CC,CC,AT,GT,GT,GG,TT,TT,AG,CC,GT,GT,CC,TT,CC,TT,TT,GG,AA,TT,CT,AA,CC,NN,CG,GG,CC,GG,CC,TT,CT,AA,TT,AA,AA,CT,AT,CC,AA,GG,TT,AA,GG,CC,TT,AA,AC,GT,AA,AA,TT,AT,AA,TT,AT,CC,GG,TT,GG,AA,GG,CC,AA,GG,AC,TT,GG,TT,TT,GG,GT,GG,AC,AA,GG,AA,AA,NN,GT,CC,TT,CT,TT,TT,GG,CT,CC,GT,CC,CC,CG,GG,AA,TT,TT,CC,AA,AA,AA,TT,GG,TT,CC,TT,AA,AA,TT,CC,GG,CC,AG,CC,GT,CT,AA,CC,CC,CC,CC,AG,GT,CC,AA,CC,CT,AA,AT,AA,AT,CG,CC,CC,GG,AA,AA,AA,CC,GT,CC,CC,AA,AA,GG,TT,GG,AC,GT,TT,GG,AC,TT,TT,TT,CG,AT,TT,TT,AT,AT,GG,CC,AG,CC,CC,AC,GG,CC,AA,GG,GG,CC,GT,CC,GG,GT,GG,TT,AA,AA,TT,CC,GG,AA,CC,CC,GG,GG,NN,GG,TT,AC,AA,CC,GG,AA,AC,AA,AA,GG,TT,AA,AA,GG,GT,TT,CC,AT,GT,AA,GG,AA,CT,AA,TT,CC,TT,AA,AC,TT,CG,AA,CG,AG,CC,AT,CT,GT,GG,AT,AA,AA,AA,GG,CC,CG,GG,CC,GT,TT,AA,CC,GT,AG,CC,CC,AA,GG,CC,AT,CC,AA,AA,CC,CG,AA,TT,AA,GG,AA,AA,AC,NN,AG,AG,AG,AA,TT,CG,AA,AA,AA,AC,CC,AA,AG,GG,GG,GG,TT,AT,AA,GT,TT,TT,AA,AT,GG,GG,AC,7.49,Resistant,Low,Poor,Medium
L0494,Davangere,Karnataka,Rabi,Black Cotton,Irrigated,430,25.5,58,AA,TT,GG,GG,GG,CC,GT,AT,CC,CC,AA,CC,CG,TT,GT,GG,GG,TT,TT,AA,CC,TT,GG,CT,TT,CC,GT,TT,GG,AA,TT,CC,AA,CC,GG,CG,GG,CC,GG,AC,TT,CT,AA,TT,AA,AG,CT,TT,CC,AC,GT,AA,AA,GG,CC,TT,AA,AA,GT,AA,AA,GT,TT,AA,TT,TT,NN,GG,TT,GT,GG,GG,CC,AA,GG,AA,AA,GG,TT,TT,GG,GT,GG,AC,AT,GG,AA,AA,CC,GT,AC,TT,CC,TT,TT,GG,TT,CC,GT,CC,CC,CC,AG,AA,TT,TT,CC,AA,GG,AC,CC,GG,TT,CC,TT,AA,AA,TT,CG,AG,CG,GG,CT,GT,CT,AA,CC,CC,CC,CC,AA,TT,AC,AA,CC,CC,AA,AT,AA,AA,GG,CT,CC,GG,AA,AG,AA,CC,GT,NN,CC,AA,AA,GG,TT,AG,AC,GG,TT,GG,CC,TT,GT,TT,CG,AA,GT,TT,AT,TT,GG,CC,AA,CC,CC,CC,CC,CC,AA,AG,AA,CC,TT,CC,GG,TT,GG,TT,AA,AA,TT,AC,GG,AC,CC,CC,GG,GG,CC,NN,TT,AC,AG,CG,GT,AA,AC,AA,AA,GG,TT,TT,AT,GG,GT,AT,CC,TT,GT,AA,GG,AA,TT,AA,TT,CC,TT,AC,AA,CT,GG,AA,CC,GG,AC,TT,CT,GT,GG,AT,AA,CC,AA,GG,CC,CC,CG,CC,GG,AT,AA,CC,GT,GG,CC,CC,AT,GG,CG,AT,NN,AT,AA,AC,CG,AC,TT,AG,GG,AA,AA,AA,AA,GG,AG,AA,AA,TT,CG,AA,AA,AC,AC,CT,AA,AA,CG,GG,GG,TT,AA,AA,NN,TT,TT,AG,AT,GG,GG,AA,7.2,Susceptible,Low,Standard,Medium
L0495,Davangere,Karnataka,Rabi,Black Cotton,Irrigated,430,25.5,58,CC,TT,GG,AG,GG,CC,GT,AT,CC,CC,AA,CT,CG,TT,TT,GG,CG,TT,TT,AG,CC,GG,TT,CC,AT,CC,GT,NN,GT,AA,TT,CC,AA,CC,GG,CG,GG,CC,GG,CC,TT,CT,AA,TT,AA,GG,TT,TT,CC,CC,GG,AA,AA,GG,CC,TT,AA,AC,GG,AA,AG,GT,AT,AA,TT,TT,CC,GG,TT,GG,AA,GT,AC,AA,GG,AA,AT,GG,GT,TT,GG,GT,NN,CC,AT,GG,AA,AA,CG,GT,CC,TT,CT,AT,TT,GG,TT,CC,TT,CC,CC,CG,AG,AG,TT,TT,CC,AA,AG,AA,CT,GG,TT,CC,TT,AC,AA,AT,CC,AA,CC,NN,CT,GG,TT,AA,CC,CC,CC,CC,AA,TT,CC,AA,CC,CC,AA,TT,AA,AA,GG,CT,CC,GG,AG,AG,AA,CC,TT,CC,CC,AA,AA,AG,TT,NN,AC,TT,TT,GG,AC,TT,TT,TT,CG,AA,NN,TT,AT,TT,GG,CC,AA,TT,CC,CC,GG,CC,AA,GG,GG,CC,TT,CG,GT,TT,CG,TT,AA,AA,TT,CC,GG,AA,CC,CC,GG,GG,AA,GG,TT,AA,AA,CC,GG,NN,CC,AA,TT,GT,TT,TT,AA,CG,GT,AA,CC,TT,NN,AA,GG,AA,CC,AA,AT,CC,CT,AA,CC,TT,CG,AA,CC,AA,NN,TT,CT,GT,GG,AT,AA,AC,AA,GG,CC,CC,GG,CC,GG,AT,AA,CC,TT,GG,CC,CC,AA,GG,CC,AT,CG,AA,AG,AC,CG,CC,TT,AA,GG,AA,AA,AA,CC,AA,AA,AA,AA,AT,GG,AA,AG,AC,AA,TT,AA,NN,GG,AG,GG,TT,AA,AA,TT,TT,TT,AA,TT,GG,GG,NN,5.75,Susceptible,High,Premium,Medium
L0496,Davangere,Karnataka,Rabi,Black Cotton,Irrigated,430,25.5,58,AA,TT,GG,AG,CG,CC,GT,TT,CC,CG,AA,CC,CC,TT,TT,GG,CG,TT,TT,AG,CC,TT,GT,NN,TT,CC,GT,TT,GG,AA,NN,CC,AA,CC,GG,CG,GG,CG,NN,CC,TT,TT,AC,GT,AG,AG,TT,TT,CC,CC,GT,AA,AA,GG,CT,TT,AA,AC,GT,AA,AA,GT,TT,AG,TT,TT,CC,GG,TT,GT,AA,GT,AC,AA,GG,AA,AA,AG,GT,TT,GG,GG,GG,CC,AT,GG,AA,AA,CC,GT,CC,TT,CT,AT,GT,GG,TT,CC,GT,CC,CC,CC,AG,AA,TT,TT,CG,AG,AG,AA,CC,GG,TT,CC,TT,AC,AA,TT,CG,AG,CC,GG,CC,TT,CT,AG,CC,CC,CC,CC,AA,GT,CC,AA,CC,CT,AA,TT,AA,AT,GG,CC,CC,GG,AA,GG,AA,CC,GG,CC,CC,AA,AA,GG,GT,GG,AC,TT,CT,GG,AC,TT,GT,TT,CC,AA,GT,TT,AA,TT,GG,CC,AG,TT,CC,CC,GG,CC,AT,GG,AA,AC,TT,CC,GT,TT,GG,TT,AA,AA,TT,CC,GG,AA,CC,CC,GG,GG,AA,GG,TT,CC,AA,CG,GG,AA,AC,AA,TT,GG,TT,TT,AT,CG,GG,TT,CC,TT,GG,AA,GG,AA,CT,AA,AT,CC,TT,AC,AC,TT,CG,AG,CG,AG,CC,TT,CT,GG,GG,TT,AA,AC,AG,GG,CG,CG,NN,CC,NN,TT,AA,CG,TT,GG,CC,CC,AA,GG,CC,AT,CC,AA,AA,CC,CG,AC,TT,AA,GG,AA,AA,AA,AA,AG,AG,AA,AA,TT,GG,AA,AG,AA,AA,TT,AA,AA,GG,GG,GG,GT,AA,AA,GT,TT,TT,AA,AT,GG,GG,AC,5.24,Moderate,High,Poor,Late
L0497,Davangere,Karnataka,Rabi,Black Cotton,Irrigated,430,25.5,58,AC,TT,AG,AG,GG,CC,GT,TT,CC,CC,NN,TT,CG,TT,TT,GG,GG,TT,TT,AA,CC,TT,TT,CC,AT,CC,TT,TT,GG,AA,CT,CC,AA,NN,GG,CG,GG,GG,GG,CC,NN,TT,AA,TT,AG,GG,TT,TT,CC,AA,GT,AA,AA,GG,CC,TT,AA,AA,GG,AC,AA,TT,TT,AA,NN,TT,CC,GG,TT,GG,AA,GT,CC,AA,AG,AA,AT,AG,TT,NN,AG,GT,GG,CC,AA,GG,AA,AA,CC,TT,CC,TT,CC,TT,TT,GG,TT,AA,GG,CC,CC,CC,GG,AG,TT,TT,CG,AG,AA,AA,CT,GG,TT,CG,TT,AC,AA,TT,CC,AG,CC,GG,CC,GG,TT,AG,CC,CC,AC,CG,AA,TT,CC,AA,CC,CC,AA,AT,AA,AA,GG,CC,CC,GG,AA,AA,AA,AC,GG,CC,GG,AA,GG,AG,TT,AG,AC,TT,CC,GG,AC,GT,TT,TT,CC,TT,TT,CT,AT,TT,GG,CC,AA,CC,CC,CC,CG,CC,AA,AG,AG,CC,TT,CC,TT,GT,GG,AT,AA,AA,TT,CC,GG,AA,CC,CC,GG,GG,AC,GG,TT,AC,AA,CC,GG,AT,AC,AA,AT,GG,TT,AA,AT,GG,GG,AT,CG,TT,TT,AA,GG,AA,CT,AA,AT,CC,TT,AA,AC,NN,GG,AG,CC,AA,CC,TT,TT,TT,GG,TT,AA,AC,AA,GG,CC,CC,GG,CC,GG,AT,AG,CG,GT,GG,CC,CC,AA,AG,CC,AT,CG,AT,AA,AA,CG,CC,TT,AA,GG,AA,AA,AA,AA,GG,AG,AG,AA,TT,NN,NN,AG,AC,AA,TT,AA,AA,GG,GG,GG,GT,AT,AA,GT,TT,TT,AG,AT,NN,GG,AA,8.29,Susceptible,Low,Standard,Early
L0498,Davangere,Karnataka,Rabi,Black Cotton,Irrigated,430,25.5,58,AC,TT,GG,AA,GG,CC,GG,TT,CC,CG,AA,CC,CG,TT,GG,GG,GG,TT,TT,AA,CC,TT,TT,CC,TT,CC,TT,TT,GT,AA,TT,CC,AA,CC,GG,GG,GG,CG,GG,CC,TT,CT,AA,TT,AA,GG,CT,TT,CC,AA,GG,AA,AA,GG,CT,TT,AA,AA,GT,AC,AA,TT,TT,AA,TT,TT,CC,GG,TT,GG,AA,GG,CC,AA,AG,AC,AT,GG,GT,TT,GG,GG,GG,CC,AA,GG,AA,AA,CC,GT,AC,TT,CC,TT,GG,AG,TT,AC,GT,CT,CC,CC,AA,AA,TT,TT,CC,AA,AA,AA,CC,GG,TT,CG,TT,AA,AC,TT,CC,NN,CG,GG,CC,GG,CT,AA,CC,CC,CC,CG,AA,GT,CC,AA,CC,CC,AA,TT,AA,AT,GG,CC,CC,GG,AA,NN,AA,CC,GG,CC,CC,AG,GG,GG,GG,GG,AC,TT,TT,GG,CC,TT,TT,CT,CG,TT,GT,TT,AA,TT,GG,CC,AA,CC,AC,CC,GG,CC,AT,GG,AG,CC,TT,CC,GT,TT,GG,AT,AA,AG,TT,CC,GG,AA,CC,CC,GG,GG,CC,GG,TT,NN,AA,CC,GG,AT,AC,AA,AT,GG,TT,TT,AT,CG,GT,AT,CC,AT,TT,AA,GG,AA,TT,AC,TT,CC,TT,AA,CC,TT,CG,AG,CC,GG,AA,AT,TT,GT,GG,TT,AA,AC,AA,GG,CC,CC,GG,CC,GG,AT,AA,CC,GT,AG,CC,CC,AA,GG,CG,AT,CG,AA,AA,AC,CG,AC,NN,AA,GG,AA,AA,AC,AA,GG,AA,AG,AA,AT,GG,AC,AG,CC,AA,TT,AA,AG,CG,GG,GG,TT,AA,AA,TT,TT,AT,AG,AT,CG,GG,AC,9.73,Resistant,Low,Premium,Early
L0499,Davangere,Karnataka,Rabi,Black Cotton,Irrigated,430,25.5,58,AA,TT,AG,AG,GG,CC,GT,TT,CC,CG,AA,CC,CG,TT,GT,GG,GG,TT,TT,AA,CC,TT,GG,CT,TT,CC,TT,TT,GT,AC,TT,CC,AA,CC,GG,GG,GG,CC,GG,CC,TT,CT,AA,TT,AA,AG,TT,AT,CC,AC,GG,AA,AA,GG,CC,GT,AT,AC,GT,CC,AA,GT,AT,AG,TT,TT,CC,GG,TT,GG,GG,GG,CC,AA,GG,AC,TT,GG,TT,TT,GG,GG,GG,CC,AA,GG,AA,AA,CC,TT,CC,TT,CT,AT,TT,GG,CT,CC,GT,CC,CC,CG,AG,AG,TT,TT,CC,AA,AG,AC,CT,GG,TT,CC,TT,AA,AA,AT,CC,GG,GG,AG,CC,GG,CT,AA,CC,CC,CC,CC,AA,GG,CC,AA,CC,CC,AA,AT,AA,AA,GG,CC,CC,GG,AA,AG,AA,AC,GG,CC,CC,AA,AA,GG,GT,GG,AA,TT,TT,GG,CC,TT,TT,TT,CC,TT,TT,TT,AA,TT,GG,CC,AG,CC,CC,CC,GG,CC,AA,GG,AG,CC,TT,CG,GT,TT,GG,TT,AA,AA,NN,CC,GG,CC,CC,CC,GG,GG,AA,GG,TT,AA,AA,CG,GG,AT,NN,AA,AT,GT,TT,AA,AA,CG,GT,AA,CC,AT,TT,AA,GG,AA,TT,AA,TT,CC,TT,AC,AC,TT,GG,AA,CC,AG,CC,TT,CT,TT,GG,AT,AA,AC,AA,GG,CC,CC,GG,CC,GG,TT,AA,CC,GG,GG,CC,CC,AT,GG,CC,AA,CC,AA,AA,CC,CC,AC,TT,AA,GG,AA,AA,AA,AA,AG,AA,AA,NN,AT,GG,AC,AA,AA,AA,NN,NN,AG,GG,GG,CG,GT,AA,AA,TT,TT,TT,AG,AT,CG,GG,AA,10.95,Susceptible,Low,Poor,Early
L0500,Davangere,Karnataka,Rabi,Black Cotton,Irrigated,430,25.5,58,AC,TT,GG,GG,GG,CC,GT,TT,CC,CG,AA,CC,CG,TT,TT,GG,GG,TT,TT,AA,CC,TT,NN,CT,TT,CC,GT,AT,GG,AA,TT,TT,AA,CC,GG,CG,GG,CC,GG,CC,TT,CT,AA,TT,AA,GG,TT,TT,CC,CC,GG,AA,AA,GG,CC,TT,AA,AA,GT,AC,AA,TT,TT,AA,CT,TT,CC,GG,TT,GG,AG,GG,CC,AA,NN,AA,TT,AG,TT,TT,GG,GG,GG,CC,TT,GG,AA,AA,CC,TT,CC,TT,CT,TT,TT,GG,TT,CC,GT,CC,CC,CC,GG,AA,TT,TT,CC,AG,AA,NN,CC,GG,TT,CC,TT,AA,AA,TT,CG,GG,CC,AG,CC,GT,CT,AA,CT,CC,AC,CC,AA,TT,CC,AA,CC,CC,AA,AT,AA,AA,GG,CC,CC,GG,AA,AA,AA,CC,GG,CG,CC,AA,AG,AA,TT,GG,AA,GT,CC,GG,CC,GT,TT,TT,CC,AT,TT,TT,AA,AT,CG,CC,AG,CC,CC,CC,GG,CC,AA,GG,AA,CC,TT,CC,GG,GT,CG,AT,AA,AA,TT,CC,CG,AA,CC,CC,GG,GG,AC,GG,NN,AC,AG,CG,GG,TT,AC,AA,AA,GG,GT,TT,AA,GG,GG,AA,CC,AT,TT,AA,GG,AA,TT,AA,TT,CC,TT,AA,AC,CT,GG,AG,CC,GG,CC,TT,CT,TT,GG,TT,AA,CC,AA,GG,CC,CG,GG,CC,GG,AT,AA,CC,TT,GG,CC,CC,AT,GG,CC,AA,CC,AA,AA,AC,CC,CC,TT,AA,GG,AA,AC,AC,AA,AG,AG,AG,AA,TT,GG,AC,AA,AC,AA,CT,AA,AA,GG,GG,GG,TT,AA,AG,TT,TT,TT,AA,TT,GG,CG,AC,5.38,Resistant,Low,Premium,Early
L0501,Davangere,Karnataka,Rabi,Black Cotton,Irrigated,430,25.5,58,AC,TT,GG,GG,GG,CG,GG,TT,CC,CG,AA,CC,CG,AT,TT,GT,GG,TT,TT,AA,CG,TT,GT,CC,TT,CC,TT,AT,GT,AA,TT,CC,AG,CC,GG,CG,GG,CC,GG,CC,TT,CT,AA,GT,AA,AG,TT,TT,CC,AC,NN,AA,AA,GG,CC,TT,AA,AC,GT,AC,AA,TT,AA,AA,CT,AT,CC,GG,TT,GT,AA,GG,CC,AA,GG,AA,AT,GG,TT,TT,AG,GG,GG,CC,AA,GG,AG,AA,CC,GT,CC,TT,CT,TT,GG,GG,TT,CC,GG,CC,CT,CG,AG,AA,TT,TT,CC,AA,GG,AA,CC,GG,TT,CC,TT,AA,AA,TT,CG,GG,CC,GG,CT,GT,TT,AA,CT,CC,AC,CC,AA,TT,CC,AA,CC,CC,AA,TT,AA,AT,GG,CT,CC,AG,AA,AG,AT,CC,GG,CC,CG,AA,AA,GG,TT,AG,AC,GT,TT,GG,AC,TT,TT,TT,CG,AT,NN,TT,AA,TT,CG,CG,AA,CT,CC,CC,GG,CC,AA,GG,AG,CC,TT,CC,TT,GT,GG,AT,AA,AA,TT,CC,CG,AA,CC,CC,GG,GG,AA,GG,TT,AA,AA,CC,GG,AT,CC,AA,AT,GG,GT,AT,AT,NN,TT,AA,CC,TT,TT,AA,GG,AA,NN,AA,TT,CC,TT,AC,CC,TT,GG,AA,CC,AG,CC,TT,TT,GT,NN,TT,AA,CC,GG,GG,CG,CG,GG,CC,GG,AT,AA,CC,GT,AG,CC,CG,AA,GG,CC,AA,CC,AA,AA,AC,CC,CC,TT,AA,GG,NN,AA,AC,AA,GG,AG,AA,AA,TT,GG,AA,AG,CC,AA,TT,AG,AA,GG,GG,GG,TT,AA,AA,TT,AT,TT,GG,TT,GG,CG,AA,6.86,Susceptible,Medium,Poor,Medium
L0502,Davangere,Karnataka,Rabi,Black Cotton,Irrigated,430,25.5,58,AA,TT,GG,AG,GG,CC,GT,TT,CC,CC,AA,CT,CC,NN,TT,GG,GG,TT,TT,AA,CC,TT,GG,CC,AT,CC,TT,TT,GG,AA,NN,CC,AA,CC,AG,GG,GG,CG,GG,NN,TT,CT,AA,TT,AA,NN,TT,TT,CC,CC,GT,AT,AA,GG,CC,GT,AA,AC,GT,AA,AA,GT,AT,AA,CT,TT,CC,GG,TT,GG,AA,GG,CC,AA,GG,AC,AA,GG,TT,TT,GG,GG,GG,CC,AA,GG,AA,AA,CC,GT,CC,TT,CT,TT,TT,GG,TT,CC,TT,CC,CT,CC,AG,AG,TT,GT,CC,AG,AG,AC,CC,GG,TT,CC,TT,NN,AC,TT,CC,AG,CC,GG,CT,GG,CT,AA,CT,CC,CC,CC,AA,TT,CC,AA,CC,CC,AA,TT,AA,AT,GG,CT,CC,AG,AG,AG,AA,CC,GG,CG,CC,AA,AA,GG,TT,AG,AA,GG,CC,GG,AC,GG,TT,CT,CG,AA,GT,TT,AA,TT,CG,CC,AA,CC,CC,CC,GG,CC,AA,GG,AA,CC,TT,CC,GG,TT,CG,TT,AA,AG,TT,CC,CG,AA,CC,CC,GG,GG,AA,GG,TT,AA,AA,CC,GG,AA,CC,AA,AA,GG,GT,AA,AT,CG,TT,AA,CC,TT,GG,AA,AG,AA,CT,AA,TT,CC,TT,AC,CC,CT,GG,AG,CC,AG,CC,TT,CT,GT,GG,NN,AA,AC,AA,TT,CC,CG,GG,CC,GG,AT,AA,CC,GG,GG,CC,CC,AA,GG,CC,AA,CC,AA,AG,CC,CC,AC,TT,AA,NN,AA,AC,AA,AA,AA,AA,AA,AG,TT,GG,AC,AA,CC,AA,TT,AG,AA,GG,GG,GG,TT,AT,AA,GT,TT,TT,AG,TT,GG,GG,AA,7.14,Susceptible,Low,Standard,Early
L0503,Davangere,Karnataka,Rabi,Black Cotton,Irrigated,430,25.5,58,AC,TT,AG,AA,GG,CG,GG,TT,CC,CC,AA,CT,CC,TT,TT,GG,GG,TT,TT,AG,CC,TT,GT,CT,TT,CC,GG,NN,GT,AA,TT,CT,AA,CC,AG,CG,GG,CG,GG,CC,TT,CT,AA,TT,AG,AG,TT,AT,CC,AA,GG,AA,AA,GG,CT,TT,AA,AC,GT,AA,AA,TT,AT,AG,TT,AT,NN,GG,TT,GT,AA,GG,CC,AA,AG,AA,AA,GG,TT,TT,GG,GG,GG,CC,AT,GG,AA,AT,CC,TT,AA,TT,CC,TT,TT,GG,TT,CC,TT,CC,CT,CG,GG,AA,TT,TT,CG,AA,AA,CC,CT,GG,GT,CC,NN,AA,AA,TT,CG,GG,CC,GG,CC,GT,CT,AA,CC,CC,CC,CC,AA,TT,CC,AA,CC,CT,AA,TT,AA,AT,GG,CC,CC,GG,AA,AG,AT,CC,GT,CC,CC,AA,AA,GG,GT,GG,AA,TT,CT,GG,CC,GG,GG,TT,CC,AA,GT,TT,AA,TT,GG,CC,AA,CT,CC,CC,GG,CC,AA,GG,AA,CC,TT,CC,GG,TT,GG,TT,AA,AA,TT,AC,CC,AA,CC,CC,GG,GG,AA,GG,TT,AA,AA,CC,GG,NN,CC,AA,AT,GG,TT,AT,AT,GG,TT,AA,CC,TT,TT,AA,GG,AA,TT,CC,TT,CC,CC,AA,CC,CT,GG,AA,CC,GG,CC,TT,TT,TT,CG,AT,AA,AA,AG,GG,NN,CC,GG,CC,GG,AT,AG,CC,GT,GG,CC,CG,AA,GG,CC,AA,CC,AT,AA,AC,CC,CC,TT,AA,GG,AA,AA,AC,AA,AG,GG,AG,AA,TT,GG,AC,GG,AC,NN,TT,AA,AG,GG,GG,GG,TT,AA,AA,TT,TT,TT,AA,AT,GG,GG,AA,4.82,Susceptible,Low,Premium,Late
L0504,Davangere,Karnataka,Rabi,Black Cotton,Irrigated,430,25.5,58,AA,TT,GG,AG,GG,CC,GG,TT,CC,CC,AA,CC,GG,TT,TT,GG,CG,TT,TT,AA,CC,GT,TT,CC,TT,CT,GT,TT,GG,AA,TT,CC,AA,AC,GG,CG,GG,GG,GG,CC,TT,TT,AC,GT,AG,GG,TT,AT,CC,CC,GG,AA,AA,GG,CC,TT,AA,AA,GG,AA,AA,TT,TT,AA,TT,TT,CC,GG,TT,GT,AG,GG,CC,AA,AG,AC,AT,GG,TT,TT,AG,GG,GG,CC,AA,GG,AA,AA,CC,TT,CC,TT,CC,AA,GT,GG,CT,CC,TT,CC,CC,CC,AA,AA,TT,GT,CC,AA,AA,AA,CT,GG,GT,CG,GG,AA,AC,TT,CC,AG,CC,AG,CC,GT,TT,AG,CC,CC,CC,CC,AA,TT,CC,AA,AC,CT,AA,TT,AA,AA,GG,CC,CC,GG,AG,AA,AA,AC,NN,CC,CC,AG,AG,AG,TT,GG,AA,GT,TT,GG,CC,TT,TT,TT,CC,AA,NN,TT,NN,TT,GG,CC,AA,CC,CC,CC,GG,CC,AA,GG,AG,CC,TT,CC,GG,GT,GG,AT,AA,AA,TT,NN,GG,AC,AC,CC,GG,GG,AC,GG,TT,AC,AA,CC,GG,AA,AC,AA,AA,GG,GT,AA,AA,GG,GT,TT,CC,AT,TT,AA,GG,AA,CT,AA,TT,CC,TT,CC,CC,TT,CC,AG,NN,AG,CC,TT,CT,GG,GG,TT,AA,CC,NN,GT,CC,GG,CG,CC,GT,TT,AA,CG,TT,NN,CC,CG,AA,GG,CG,AA,CG,AA,AG,CC,CC,AC,AT,AG,GG,AA,AA,NN,AA,AG,GG,AA,AA,TT,GG,AA,AG,AC,AA,CT,AG,AA,GG,GG,CG,TT,AA,AA,TT,TT,AT,AA,AT,GG,CG,CC,7.01,Resistant,High,Premium,Early
L0505,Davangere,Karnataka,Rabi,Black Cotton,Irrigated,430,25.5,58,AC,CT,GG,AG,CG,CC,GG,TT,CC,CC,AA,CC,CG,TT,TT,GT,GG,TT,TT,AA,CG,TT,TT,CC,TT,CC,TT,TT,GG,AA,TT,CC,AA,CC,GG,CG,GG,CC,GG,CC,TT,CC,AC,TT,AG,GG,TT,TT,CC,AC,GG,AA,AA,GG,CC,TT,AA,AC,GT,AC,AA,GT,AT,AG,TT,TT,CC,GG,TT,TT,AA,GG,CC,AA,GG,AC,AA,GG,GT,TT,GG,GT,GG,CC,AA,GG,AA,AA,CC,GT,NN,TT,CT,AT,TT,AG,TT,CC,GT,CC,CT,CC,AG,AA,AT,TT,CG,AA,AA,AA,CC,GG,TT,CG,TT,AC,AA,TT,CG,GG,CG,GG,CC,GG,CT,AA,CC,CC,CC,CC,AA,TT,CC,AA,CC,CT,AA,TT,AA,AT,GG,CC,CG,GG,AA,AG,AA,CC,GG,CC,CC,AA,AG,GG,TT,AG,AA,TT,CT,GG,AC,TT,GT,TT,CG,AA,TT,CT,AA,TT,GG,CG,AA,CC,CC,CC,GG,CC,AA,AG,AG,CC,TT,CC,GG,TT,CG,TT,AA,AA,GT,AC,CG,AA,CC,CC,GG,GG,AA,GG,CT,AA,AA,CC,GG,AA,AC,AA,AA,GG,TT,AT,AA,GG,GT,AA,CC,AT,GT,AA,GG,AA,TT,AA,TT,CG,TT,AA,CC,CT,GG,AA,CG,GG,CC,TT,TT,TT,GG,TT,AA,AC,AA,GG,CC,CC,GG,CC,GG,TT,AG,CC,GT,GG,CC,CC,AT,GG,CG,AT,CG,AA,AA,AC,CC,AA,TT,AA,CG,AA,AC,AC,AA,AG,AA,AA,AA,TT,GG,AA,AG,CC,CC,CT,AA,AG,GG,GG,GG,TT,AT,NN,TT,TT,TT,AA,TT,GG,GG,AA,6.42,Moderate,Low,Standard,Early
L0506,Davangere,Karnataka,Rabi,Black Cotton,Irrigated,430,25.5,58,AA,CT,GG,AA,GG,CC,GG,TT,CC,CG,AT,CT,CC,TT,TT,GT,CG,TT,NN,AA,CG,TT,GG,CC,TT,NN,TT,TT,NN,AA,TT,CC,AA,CC,AG,GG,GG,CC,GG,CC,TT,CT,AA,TT,AA,AG,TT,TT,CC,AC,GG,AT,AA,GG,CC,GT,AA,AC,TT,AA,AA,TT,TT,AA,TT,TT,CC,GG,TT,GG,GG,GG,CC,AA,GG,AC,AA,GG,TT,TT,GG,GG,GG,AC,AT,GG,AA,AA,CC,GT,CC,TT,CT,TT,TT,GG,TT,AC,GT,CC,CC,GG,AG,AA,TT,TT,CG,AA,AA,AA,CT,GG,TT,CC,GT,AC,AA,TT,CG,AG,CC,GG,NN,NN,TT,AA,CC,CC,CC,CG,AA,TT,CC,AA,CC,CC,AA,TT,AA,AA,GG,CC,CC,AG,AA,AA,AA,AC,GG,CC,CC,AA,AG,AG,TT,GG,AA,GT,TT,AG,AA,TT,TT,CT,CG,AT,GT,TT,AA,AT,GG,CC,AA,NN,CC,CC,GG,CC,AA,GG,GG,CC,TT,CC,GG,GT,CG,AT,AA,AA,GT,CC,GG,AC,AC,CC,GG,GG,AC,CG,TT,AC,AA,CC,GG,AT,AC,AA,AT,GG,NN,TT,AA,GG,GT,TT,CG,TT,GT,AA,GG,AA,TT,AA,TT,CC,TT,AC,CC,TT,GG,AG,CC,AG,AC,AT,TT,GG,GG,TT,AA,AC,AA,GG,CC,CC,GG,CC,GG,AT,AA,CC,TT,GG,CC,CC,AA,GG,CC,AT,CC,AA,AA,AC,CC,CC,TT,AA,CG,AA,AA,AA,AA,AG,AA,AG,AG,TT,GG,AC,AA,AC,CC,CT,AG,AA,GG,GG,GG,TT,TT,AA,TT,TT,TT,AA,TT,GG,GG,AC,5.13,Resistant,Medium,Poor,Late
L0507,Davangere,Karnataka,Rabi,Black Cotton,Irrigated,430,25.5,58,CC,CT,AG,AA,GG,CC,TT,AT,CC,CC,AA,CC,CG,TT,TT,GG,GG,TT,TT,AA,CG,GT,GT,CT,TT,CC,TT,AA,GG,AA,CT,CC,AA,CC,GG,GG,GG,CG,GG,CC,TT,TT,AA,TT,AG,AG,TT,TT,CC,AC,GG,AA,AA,GG,CC,TT,AA,AC,GT,AC,AA,GT,AT,AA,TT,AT,CC,GG,TT,GG,AA,GG,CC,AA,GG,CC,AA,AG,TT,TT,AG,GT,GG,CC,AT,GG,AG,AT,CC,TT,CC,TT,CC,AT,TT,GG,TT,AC,TT,CC,CT,CC,AG,AA,TT,TT,CC,AA,AA,AA,NN,GG,TT,CC,TT,AC,AC,TT,CG,GG,CC,AG,CC,TT,TT,AA,CC,CC,AC,CC,AA,TT,CC,AA,CC,CT,AA,TT,AA,AA,GG,CC,CC,GG,AA,AA,AT,CC,GG,CC,CC,AA,AG,GG,GT,GG,AA,TT,CT,AG,CC,GT,TT,TT,CC,AA,GG,TT,AT,TT,GG,CC,AA,CC,CC,CC,GG,AC,AA,GG,AA,CC,TT,CG,GG,TT,CC,AA,AA,AG,TT,CC,GG,AA,NN,CC,GG,GG,AC,GG,TT,AA,AG,CC,GG,AA,CC,AA,AA,GG,TT,AT,AA,CG,GT,AA,CC,TT,GG,AA,GG,AA,CT,AA,TT,CC,TT,AA,AC,TT,GG,AA,NN,AA,AC,TT,CT,GT,GG,TT,AA,CC,AA,GG,CC,CC,GG,CC,GG,TT,AA,CG,TT,GG,CC,CC,AA,AG,CC,AT,CC,AT,AA,AC,CC,AC,TT,AA,GG,AA,AA,AC,AC,GG,AA,AA,AA,AT,GG,AA,AG,AC,AC,CT,AA,AA,GG,GG,GG,TT,AA,AA,TT,TT,TT,NN,TT,GG,GG,AA,8.53,Moderate,Low,Standard,Late
L0508,Davangere,Karnataka,Rabi,Black Cotton,Irrigated,430,25.5,58,CC,CT,GG,AA,GG,CC,GG,TT,CC,CG,AA,CC,CG,TT,TT,GG,GG,TT,TT,AG,NN,TT,GT,CC,TT,CC,TT,TT,GT,AA,TT,CC,AA,CC,GG,GG,GG,CC,GG,CC,TT,TT,AA,GT,AG,AG,TT,TT,CC,AA,TT,AA,AA,GG,CT,TT,AT,AC,GG,AC,AA,GT,TT,AG,TT,AA,CC,GG,NN,GG,AA,GT,CC,AA,AG,AA,AA,GG,TT,TT,GG,GT,GG,CC,AT,GG,AA,AA,CC,GT,AC,TT,CC,TT,TT,GG,CT,CC,GG,TT,CC,CC,AG,AA,TT,TT,CG,AA,AG,AA,TT,GG,TT,CC,GT,AA,AA,TT,CC,AG,CC,AG,TT,GG,TT,AA,CC,CC,CC,CC,AA,GT,CC,AA,CC,CC,AA,TT,AA,AA,GG,CC,CC,GG,AA,AG,AA,CC,GG,CC,CC,AA,AG,AG,TT,GG,CC,TT,TT,GG,CC,TT,TT,TT,CG,AA,GT,TT,AA,TT,GG,CC,AA,CT,CC,CC,CG,CC,AA,GG,GG,CC,TT,CC,GG,GT,GG,AA,AA,AA,TT,CC,GG,AA,CC,CC,GG,GG,CC,GG,TT,AA,AA,CC,GG,AT,CC,AT,AT,GG,TT,TT,AA,CG,GG,AA,CC,TT,GT,AA,NN,AA,CT,AA,TT,NN,TT,AA,CC,CT,GG,AG,NN,AG,CC,TT,CT,TT,GG,AT,AA,CC,AG,GG,CC,CC,GG,CC,GG,TT,AG,CC,TT,GG,CC,CC,AA,GG,CC,AA,CC,AA,AA,CC,CG,AC,TT,NN,GG,AA,AA,AC,AA,AG,AA,AG,AG,TT,GG,AA,AA,CC,AC,CT,AA,AA,GG,AG,CG,TT,AT,AG,GT,TT,TT,AA,AT,GG,GG,AC,10.05,Resistant,High,Standard,Medium
L0509,Davangere,Karnataka,Rabi,Black Cotton,Irrigated,430,25.5,58,AA,TT,GG,AG,GG,CG,GG,TT,CC,CC,AT,CC,CG,AT,TT,GG,NN,TT,TT,AA,CC,TT,TT,CC,TT,CC,TT,TT,GG,AA,TT,CT,AA,CC,GG,GG,GG,CC,GG,CC,TT,CT,AC,TT,AG,AG,TT,AT,CC,AC,GT,AA,AA,GG,CC,TT,AA,AA,GT,AA,AG,GT,NN,AG,TT,TT,CC,GG,TT,GG,GG,GG,AC,AA,GG,AC,TT,AG,TT,TT,GG,GG,GT,CC,AA,GG,AA,AA,CC,TT,CC,GT,CC,TT,TT,AG,TT,CC,GT,CT,CT,CC,AA,AA,TT,TT,CC,AA,AG,AA,CC,GG,TT,CC,GT,AC,AC,TT,CC,GG,CC,GG,CC,GT,TT,AA,CC,CC,CC,CC,AA,TT,CC,AA,CC,CC,AA,AT,AA,AA,GG,CT,CC,GG,AA,AG,AA,CC,GT,CC,CC,AG,AG,GG,GT,AG,AC,TT,TT,GG,AC,GT,TT,CT,CC,AT,GG,TT,AA,TT,GG,CC,GG,CT,CC,CC,CC,CC,AT,GG,GG,CC,TT,CG,TT,GG,CG,AT,AA,AA,GT,CC,GG,AA,AC,CC,GG,GG,AC,GG,CT,AC,NN,CG,TT,AA,AC,AA,AA,GG,GT,AT,AA,GG,GG,AT,CC,TT,GT,AA,GG,AA,CT,AA,TT,CC,CT,AA,CC,TT,GG,AG,CG,AG,CC,TT,TT,TT,GG,TT,AC,AA,AG,NN,CC,CG,GG,CC,GG,TT,AA,CC,TT,GG,CC,CG,AA,AG,CC,TT,CG,AA,AA,AC,CC,CC,TT,AA,GG,AA,AA,AA,AA,AA,GG,AA,AA,TT,GG,AA,AA,AC,AA,TT,AG,AG,GG,GG,GG,TT,AA,AA,TT,TT,TT,AG,TT,GG,GG,AA,6.87,Susceptible,Medium,Poor,Early
L0510,Davangere,Karnataka,Rabi,Black Cotton,Irrigated,430,25.5,58,AA,CT,AG,AA,GG,CC,GG,TT,CC,CC,AA,CC,CG,TT,TT,GG,GG,TT,TT,AG,CC,GT,TT,CC,TT,CC,TT,TT,GG,AA,TT,CC,AA,CC,GG,GG,GG,CC,GG,CC,TT,CT,AA,TT,AA,AG,CT,AT,CC,CC,GG,TT,AG,GG,CT,TT,AT,AC,GT,AA,AG,TT,AA,AG,TT,TT,CC,NN,TT,GG,AA,GG,CC,AA,AG,AA,AA,GG,TT,TT,GG,GG,GG,CC,AA,GG,AA,AA,CC,TT,AC,TT,CT,AT,GT,GG,TT,CC,TT,CC,CC,CG,GG,AA,TT,TT,CC,AA,AA,AC,CC,GG,TT,CG,GT,NN,AC,AT,CG,AG,CG,GG,CC,GG,TT,AG,CT,CC,AC,CC,AA,TT,CC,AA,CC,CT,AA,TT,AA,AA,CG,CT,CC,GG,AA,AA,AA,CC,GG,NN,CC,AA,AG,AG,TT,AG,AC,TT,TT,GG,AC,TT,GT,TT,CC,AT,GG,TT,AA,TT,GG,CG,AA,CT,CC,AC,CG,CC,AA,GG,AG,CC,TT,CC,GG,TT,GG,AT,AA,AA,TT,CC,GG,AC,CC,CC,GG,GG,AC,GG,TT,AC,AA,CC,GG,AT,AC,AA,AA,GG,TT,TT,AA,GG,GG,AA,CG,TT,GG,AA,GG,AA,CT,AA,TT,CC,TT,AA,AC,TT,GG,AA,CC,AG,AC,TT,CT,TT,GG,TT,AA,CC,AA,GG,CC,CG,GG,CC,GG,TT,AA,CG,TT,GG,CC,CC,AA,NN,CC,AA,CC,AA,AA,AC,CC,AC,TT,AA,GG,AA,AA,AA,AA,AA,AA,AA,AA,TT,GG,AA,AA,AC,AA,TT,AA,AA,GG,GG,CG,GT,AA,AA,TT,TT,TT,AA,TT,GG,CG,AA,4.31,Susceptible,High,Standard,Medium
L0511,Davangere,Karnataka,Rabi,Black Cotton,Irrigated,430,25.5,58,AC,TT,AG,AA,GG,CC,GG,AT,CC,CC,AA,CC,CC,AT,TT,GT,GG,TT,TT,AA,CG,TT,GG,CC,NN,CC,TT,TT,GG,AA,TT,CC,AA,CC,GG,GG,GG,CC,GG,CC,TT,CC,AA,GT,AA,GG,TT,AT,CC,CC,TT,AA,AG,GG,CC,TT,AA,NN,GT,AC,AG,TT,TT,AA,TT,AT,CC,GG,TT,GG,AA,GG,AC,AA,GG,AC,AT,GG,GT,TT,AG,GG,GG,CC,TT,GG,AA,AA,CC,GT,CC,GT,CC,TT,TT,GG,TT,CC,TT,CC,CT,CC,GG,AA,TT,GT,CC,AA,AG,AA,CT,GG,TT,NN,TT,AA,AA,AT,CC,AG,NN,AG,CC,GG,TT,AG,CC,CC,CC,CC,AG,GT,CC,AA,CC,CC,AA,AT,AA,AA,GG,CC,CC,GG,AA,GG,AA,CC,GT,CC,CG,AA,AG,GG,GT,GG,AA,TT,TT,GG,AC,TT,TT,CT,CC,TT,TT,TT,AA,TT,GG,CG,AG,CT,CC,CC,GG,CC,AA,GG,AG,CC,TT,CC,GT,TT,CG,TT,AA,AA,TT,CC,GG,AA,CC,CC,GG,GG,AA,GG,TT,AC,AA,CC,GT,AA,CC,AA,AT,GT,TT,AT,AA,CG,GT,AA,CG,AA,GT,AA,GG,AA,CT,AA,TT,CC,TT,AA,AC,CT,GG,AG,CC,GG,CC,TT,TT,TT,GG,TT,AA,AC,AA,GT,CC,CC,GG,CC,GG,TT,AA,CC,GG,GG,CC,CG,AA,AA,CC,AT,CC,AA,AA,CC,CC,AC,TT,AA,GG,AA,AA,AC,AC,GG,AA,AG,AA,TT,GG,AA,NN,CC,AA,TT,AG,AA,CG,GG,GG,TT,AT,AA,TT,TT,TT,AA,AT,GG,GG,AA,7.57,Susceptible,High,Standard,Medium
L0512,Davangere,Karnataka,Rabi,Black Cotton,Irrigated,430,25.5,58,AC,TT,GG,AA,GG,CC,GG,TT,CC,CG,AA,CC,CG,AT,GT,GT,CG,NN,AT,AA,CC,TT,GT,CC,TT,CC,GT,AT,GG,AA,TT,CC,AA,CC,GG,CG,GG,CC,GG,CC,TT,CT,AA,GT,AA,GG,TT,AT,CC,AC,GG,AT,AA,GG,CC,TT,AA,AA,GT,AC,NN,TT,TT,AG,CT,TT,CC,GG,TT,GG,AA,GG,CC,AA,GG,AC,AT,GG,GT,TT,GG,GG,GG,NN,AA,GG,AG,AA,CC,GG,CC,NN,CT,TT,GT,GG,TT,CC,TT,CC,CT,CG,GG,AA,TT,TT,CC,AA,GG,AA,CT,GG,TT,CG,TT,AA,AA,TT,CC,GG,NN,AG,CC,GG,CT,AG,CT,CC,CC,CC,AG,TT,CC,AA,CC,CC,AA,TT,AG,AT,GG,CC,CC,GG,AA,AG,AA,CC,GT,CC,CC,AA,AG,GG,TT,GG,AC,TT,TT,GG,AA,TT,TT,TT,CC,TT,TT,TT,AT,TT,GG,CC,AA,CT,NN,AC,CC,CC,AA,GG,AG,CC,TT,CC,GT,GT,CG,TT,NN,AA,TT,AC,GG,AA,CC,CC,GG,GG,AC,GG,TT,AC,AA,CC,GG,AA,AA,AA,AA,GG,TT,AT,AA,CG,GG,AA,CC,TT,TT,AA,GG,AG,CT,AA,TT,CC,CT,AA,CC,CT,CG,GG,CC,AG,CC,NN,TT,TT,GG,TT,AA,CC,AG,GG,CC,CC,GG,CG,GG,TT,AA,CC,GT,GG,CC,CC,AA,GG,CC,AT,CC,AA,AA,NN,CC,AC,TT,AA,GG,AA,AC,AC,AA,AG,AG,AA,AA,AT,GG,AA,AG,AC,CC,CT,AA,AG,GG,GG,GG,TT,AT,AA,GT,TT,TT,AA,TT,GG,GG,AA,6.07,Moderate,Medium,Poor,Late
L0513,Davangere,Karnataka,Rabi,Black Cotton,Irrigated,430,25.5,58,AC,TT,GG,GG,GG,CC,GG,TT,CC,CG,AA,CT,GG,AT,TT,GG,CG,TT,TT,AA,CC,GT,GT,CT,TT,CC,GT,TT,GG,AA,TT,CC,AA,CC,GG,GG,GG,CC,GG,CC,TT,TT,AA,TT,AA,GG,TT,TT,CC,CC,GG,AA,AA,CG,CT,TT,AT,AC,GT,AA,AA,GT,AT,AG,TT,TT,CC,GG,TT,GG,AG,GG,CC,AA,GG,AA,AT,AG,TT,TT,GG,TT,GT,CC,AA,GG,AA,AA,CG,TT,CC,TT,CT,TT,GT,GG,TT,CC,GT,CC,CC,CG,GG,AA,TT,TT,CG,AA,AG,AC,CT,GG,TT,CC,TT,CC,AA,TT,CC,GG,CC,GG,CC,GT,CC,AG,CC,CC,CC,CC,AA,TT,CC,AA,CC,CC,AG,TT,AA,AA,GG,CC,CC,GG,AA,AG,AT,CC,GG,CC,CG,AA,AG,GG,TT,GG,AC,TT,CT,GG,AC,TT,TT,TT,CC,AT,GT,CT,AT,TT,CG,CC,AA,TT,AC,CC,GG,CC,AA,GG,AG,CC,TT,CC,GG,TT,GG,AT,AA,AG,TT,CC,GG,AA,CC,CC,GG,GG,AA,GG,TT,AC,AA,CC,GG,AA,CC,AA,TT,GT,GT,AT,AT,GG,TT,AT,CG,NN,GT,AA,GG,AA,CT,AA,TT,CC,TT,AA,CC,TT,GG,AG,CG,AG,CC,TT,TT,TT,GG,TT,AA,AC,AA,GG,CC,CG,GG,CC,GG,TT,AA,CG,GT,GG,CC,CC,AT,GG,CG,AT,CC,AA,AA,CC,CG,AC,TT,AG,CG,AA,AA,AC,AA,GG,AA,AA,AA,TT,GG,AA,AA,AC,AC,CT,AA,AG,CG,GG,GG,TT,AA,AA,GT,TT,TT,AG,NN,NN,GG,AA,6.34,Moderate,Low,Standard,Early
L0514,Davangere,Karnataka,Rabi,Black Cotton,Irrigated,430,25.5,58,AA,TT,GG,AA,GG,CC,GT,TT,CC,CG,AA,CC,CC,TT,NN,GT,GG,TT,TT,AA,CC,GT,TT,CT,TT,CC,GT,TT,GG,AA,TT,TT,AA,CC,GG,GG,GG,CG,GG,CC,TT,TT,AA,TT,AA,GG,TT,TT,CC,AC,GT,AT,GG,GG,CT,TT,AA,AC,GT,AC,AA,TT,AT,AA,TT,TT,CC,GG,TT,GT,AG,GG,CC,AA,AG,AC,TT,GG,TT,TT,GG,GG,GG,CC,AT,GG,AA,AT,CC,GT,CC,TT,CC,AT,GT,GG,CT,CC,GT,CC,CC,NN,AG,AA,TT,GT,CC,AA,AG,AA,CT,GG,TT,CC,GT,AA,AA,TT,CG,AG,CC,GG,CT,GG,TT,AA,CC,CC,CC,CC,AA,TT,CC,AA,CC,CC,AA,TT,AA,AT,CG,CC,CC,GG,AA,AG,AA,CC,GG,CC,CC,AG,GG,GG,TT,AG,AA,TT,CT,NN,CC,TT,TT,TT,NN,AT,TT,TT,AA,TT,CG,CC,AG,CT,CC,CC,GG,CC,AA,GG,AG,CC,TT,CG,GT,TT,CG,AA,AA,AG,TT,AA,GG,AA,CC,CC,GG,GG,AA,GG,TT,AA,AA,CC,GG,AT,AC,AA,AT,GG,GT,AT,AA,CG,GT,AA,CC,AT,GT,AT,GG,AA,TT,AC,TT,CC,TT,AA,CC,TT,GG,AA,CC,GG,CC,TT,TT,GT,GG,TT,AA,AC,AA,GT,CC,GG,GG,CG,GG,NN,AA,CG,GT,GG,CC,CC,AA,AG,CC,AA,CC,AT,AA,AA,NN,AC,TT,AA,GG,AA,AA,NN,AA,AG,AG,AA,AA,TT,GG,AC,AA,AC,AA,TT,AA,AA,GG,GG,GG,GT,AA,AA,GT,TT,TT,AG,AT,GG,GG,AA,5.95,Susceptible,Medium,Premium,Early
L0515,Davangere,Karnataka,Rabi,Black Cotton,Irrigated,430,25.5,58,AA,TT,GG,AA,CG,CC,TT,AT,CC,CC,AA,CT,CC,AT,TT,GG,GG,TT,TT,AA,CC,GT,TT,CC,TT,CC,GT,TT,GG,AA,TT,CC,AA,CC,GG,GG,GG,CG,GG,CC,TT,NN,AC,GT,AG,AG,TT,TT,CG,AC,GG,AA,AG,GG,CC,TT,AA,CC,GT,AA,AA,TT,TT,AA,CT,TT,CC,GG,TT,GT,AA,GG,CC,AG,AG,CC,TT,GG,TT,TT,GG,GT,GG,CC,AA,AG,AA,AA,CC,TT,CC,TT,CT,TT,GT,AG,NN,CC,GT,CC,CC,CG,GG,AA,TT,TT,NN,AA,AA,AA,CC,GG,TT,CC,TT,AA,AA,AT,CC,GG,CC,GG,CC,GG,CT,AA,CC,CC,CC,CC,AA,TT,CC,AA,CC,CC,AA,TT,AA,AT,CC,CC,CC,AG,AA,AG,AA,CC,GG,NN,CC,AA,AA,NN,TT,GG,AA,TT,CT,AG,CC,TT,TT,TT,CG,AT,TT,TT,AA,AT,GG,CC,AA,CC,AC,AC,GG,CC,AA,GG,AG,CC,TT,CC,GG,TT,GG,AT,AA,AA,TT,AC,CG,AA,CC,CC,GG,GG,NN,GG,TT,AA,AA,CC,GG,AA,AC,AA,TT,TT,TT,AT,AT,CG,GT,AA,CC,AA,TT,AA,GG,AA,CT,AA,TT,CC,CT,AA,CC,TT,CG,AA,CC,AG,CC,TT,TT,GT,GG,TT,AC,AC,AA,GG,CC,CG,GG,CC,GG,AT,AA,CC,TT,GG,CC,CC,AT,GG,CG,AA,CC,AT,AA,AC,CG,AA,TT,AA,GG,AA,AC,AA,AA,AG,NN,AG,AA,TT,CG,AC,AA,CC,AC,TT,AA,AA,GG,GG,GG,TT,AA,GG,GG,TT,TT,AA,AT,GG,GG,AA,7.32,Susceptible,Low,Standard,Early
L0516,Davangere,Karnataka,Rabi,Black Cotton,Irrigated,430,25.5,58,CC,TT,GG,AG,GG,CC,GG,AT,CC,CG,AA,CT,CG,AT,TT,GT,GG,TT,TT,AA,CC,TT,GT,CC,NN,CC,TT,TT,GG,AC,CT,CC,AA,CC,GG,CG,GG,CC,GG,CC,TT,CT,AA,GT,NN,GG,TT,TT,CC,AC,GT,AA,AA,GG,CC,TT,AA,NN,GT,AC,AG,TT,AT,AA,TT,TT,CC,GT,TT,GG,AG,GT,CC,AG,GG,AA,AA,AG,GT,TT,GG,GT,GT,CC,AA,GG,AA,AA,CC,GT,CC,TT,CC,AT,GG,NN,TT,CC,TT,CC,TT,CG,GG,AG,AT,TT,CC,AA,AG,AC,CT,GG,TT,CG,GT,AA,AA,TT,CG,AG,CG,GG,CC,GG,CT,AA,CT,CC,CC,CC,AA,TT,CC,AA,CC,CC,AA,AT,AA,AA,GG,CC,CC,GG,AA,AG,AT,CC,GG,CC,CC,AA,AG,GG,NN,GG,AC,GT,TT,GG,AC,TT,TT,TT,CG,AA,TT,TT,AA,TT,GG,CC,GG,CT,CC,CC,GG,CC,NN,GG,GG,CC,TT,CC,TT,GT,CG,TT,AA,AA,TT,CC,GG,AA,CC,CC,GG,GG,AC,GG,TT,AC,AA,CC,GG,AT,NN,AA,AA,GT,TT,AA,AT,GG,NN,TT,CC,TT,TT,AA,GG,AA,CC,AA,TT,CG,TT,AA,CC,TT,CG,AG,CC,AA,CC,TT,TT,GT,GG,TT,AA,CC,AA,GG,CC,CC,GG,CG,GG,TT,AA,CG,GT,GG,CC,CC,AA,GG,CC,AT,CC,AA,AA,CC,NN,AC,TT,AA,GG,AA,CC,AC,AA,AG,AA,AG,AA,TT,GG,AC,AA,AC,AA,TT,AG,AA,CG,GG,GG,TT,AA,AG,TT,TT,TT,GG,AT,GG,GG,AA,6.77,Resistant,Medium,Standard,Early
L0517,Davangere,Karnataka,Rabi,Black Cotton,Irrigated,430,25.5,58,AC,TT,GG,NN,GG,CC,TT,TT,CC,CG,AA,CC,CC,TT,TT,GT,CG,TT,TT,NN,CG,GT,GG,CT,TT,CC,TT,TT,GG,AA,TT,CC,AA,CC,AG,CG,GG,CC,GG,CC,TT,CC,AA,TT,AA,NN,TT,TT,CG,CC,GT,AT,AA,GG,CC,GG,AA,AA,GT,CC,AA,TT,AA,AG,CT,TT,CC,GG,TT,GG,AA,NN,CC,AA,AG,CC,AA,GG,TT,NN,GG,GT,GT,CC,AA,GG,AA,AT,CC,GT,CC,GT,CC,TT,GT,AG,TT,CC,GT,CC,TT,GG,GG,AG,TT,TT,CC,AA,GG,AA,CT,GG,TT,CC,TT,AA,AA,TT,CC,AG,CC,GG,CC,NN,TT,AA,CT,CC,CC,CG,AA,TT,CC,AA,CC,CC,AA,TT,AG,AA,GG,CT,NN,GG,AA,NN,AA,AC,GG,CC,CC,AG,AG,GG,TT,GG,AC,TT,TT,GG,AC,GT,GG,TT,CC,AT,GT,TT,AA,TT,GG,CC,AG,CC,AC,AC,CG,CC,AA,GG,AG,CC,TT,CC,GT,GT,GG,AT,AA,AA,TT,AC,GG,AA,AC,CC,GG,GG,AA,GG,TT,AA,AG,CC,GG,AT,CC,AA,AA,GG,GT,AT,AT,CC,GT,AT,CG,TT,GT,AA,GG,AA,CT,AA,TT,CC,TT,AC,CC,TT,GG,AG,CC,AG,AC,TT,TT,GT,GG,TT,AA,CC,AA,GG,CC,CG,GG,CG,NN,AT,AG,CC,TT,GG,CC,CC,AA,GG,CC,AA,CC,AA,AA,CC,CG,CC,TT,AA,GG,AA,AA,AC,AA,AG,AA,AA,AA,NN,CG,AA,AA,CC,AA,CT,AA,AA,GG,GG,GG,TT,AA,AA,GT,TT,NN,AG,TT,GG,GG,AA,7.5,Moderate,Low,Premium,Late
L0518,Davangere,Karnataka,Rabi,Black Cotton,Irrigated,430,25.5,58,AC,CT,GG,GG,GG,CC,GT,TT,CC,CC,AA,CC,CC,TT,TT,GG,GG,AT,TT,AA,CC,TT,TT,CC,TT,CC,TT,TT,GG,AA,TT,CT,AA,CC,GG,CG,GG,CG,GG,CC,TT,CT,AA,TT,AA,GG,TT,TT,CC,AA,GG,AA,AG,GG,CC,TT,AT,CC,TT,AA,AG,GT,AA,AA,CT,AT,NN,GG,TT,GG,AG,GG,CC,AA,AG,AC,AA,AG,TT,TT,GG,GG,GG,CC,AA,GG,AA,AA,CC,GG,CC,TT,CT,TT,TT,GG,CT,CC,GT,CC,CT,CG,AG,AA,TT,TT,CC,AA,AG,AA,CT,GG,TT,CC,GT,AA,AA,TT,CC,GG,CC,GG,CC,GG,CT,AA,CT,CC,CC,CC,AA,TT,CC,AA,CC,CC,AA,TT,AA,AT,GG,CC,CC,GG,AG,AG,AA,CC,GG,CC,CC,AA,AG,GG,TT,GG,AA,GT,CT,GG,CC,GT,TT,TT,CC,AT,TT,TT,AA,TT,GG,CG,AA,CC,AC,CC,CG,CC,AA,GG,AG,CC,TT,CC,GT,TT,GG,AT,AA,AA,TT,CC,GG,AC,CC,CC,GG,GG,AA,GG,TT,AA,AA,CC,GG,AA,AC,NN,AT,GG,TT,AT,AA,GG,GG,AA,CG,AA,TT,AA,GG,AA,CT,AC,TT,CC,NN,AA,CC,TT,GG,AA,CC,AG,CC,TT,CT,GT,GG,TT,AA,AA,AG,GG,CC,CG,GG,CC,GG,TT,AA,CC,GT,GG,CC,CC,AA,GG,CC,AT,CC,AA,AA,NN,CG,AA,TT,NN,GG,AA,AA,AA,AA,GG,AA,AA,NN,AT,GG,AA,AG,CC,AA,CT,AA,AG,GG,GG,GG,TT,AT,AA,TT,TT,TT,AA,AT,GG,GG,AA,6.98,Susceptible,Low,Premium,Medium
L0519,Davangere,Karnataka,Rabi,Black Cotton,Irrigated,430,25.5,58,AC,TT,GG,GG,GG,CC,GG,TT,CC,CC,AT,CC,CC,AT,TT,GT,GG,TT,TT,AA,CC,TT,TT,CC,TT,CC,TT,TT,GG,AA,TT,CC,AA,CC,GG,GG,GG,GG,GT,CC,TT,CC,AA,NN,AA,AG,TT,TT,CC,AC,GT,AA,AA,GG,CT,GT,AA,AA,GG,AA,AG,GT,TT,AG,TT,AT,CC,GG,CT,GT,AA,GT,CC,AG,AG,AC,TT,GG,GT,TT,AG,GT,GG,CC,AA,GG,AA,AA,CC,TT,CC,TT,CT,AT,GT,GG,TT,CC,GT,CC,CT,CC,AA,AA,TT,TT,CG,AA,AG,AA,CC,GG,TT,CC,GT,AA,AA,TT,GG,AG,CC,GG,CC,GG,CT,NN,CC,CC,CC,CG,AG,TT,NN,AA,CC,CC,AA,TT,AA,AA,GG,CT,CC,GG,AA,AG,AA,CC,GG,CC,CC,AA,AG,GG,TT,AG,AA,TT,CC,GG,AC,TT,TT,TT,GG,TT,NN,TT,AA,AA,GG,CC,AA,CC,CC,AC,CG,AC,AA,GG,AG,CC,TT,CC,GG,TT,GG,AT,AA,AA,TT,AC,GG,AA,CC,CC,GG,GG,AA,GG,CT,AC,AA,CC,GG,AA,CC,AA,AA,GT,GT,TT,AA,CG,GT,AT,CC,TT,GT,AA,GG,AA,TT,AA,TT,CC,TT,AA,NN,TT,GG,AA,CG,AG,CC,AT,CT,TT,GG,TT,AA,AA,AA,GG,CC,CG,GG,CC,GG,TT,AA,CG,TT,GG,CC,CC,AT,GG,CC,AA,CC,AA,AG,AC,CC,AC,TT,AA,GG,AT,AA,AC,AA,AG,NN,AG,AA,TT,GG,AA,AA,CC,AA,CT,AA,AA,GG,GG,GG,TT,AA,AA,TT,TT,TT,AA,AA,GG,GG,AA,6.86,Moderate,Low,Poor,Early
L0520,Davangere,Karnataka,Rabi,Black Cotton,Irrigated,430,25.5,58,CC,TT,GG,AG,GG,CC,GG,TT,CC,CC,AA,CT,CC,TT,TT,GG,CG,TT,TT,AA,CC,TT,GT,CC,TT,CC,TT,TT,GT,AA,NN,CC,AA,NN,GG,GG,GG,CG,GG,CC,TT,CT,AA,GT,AA,AA,TT,TT,CC,AC,GT,AT,AA,NN,CT,TT,AT,AC,NN,AC,AG,TT,AT,AG,CT,TT,CC,GT,TT,GG,AA,GG,CC,AA,AG,AC,AA,GG,TT,TT,GG,GG,GG,CC,AA,GG,AA,AA,CC,TT,AA,TT,CC,AT,GT,GG,TT,CC,GT,CC,CT,CG,GG,AG,TT,TT,CG,AA,AG,AA,CC,GG,TT,CC,TT,AC,AA,TT,CC,AA,CC,GG,CC,GT,TT,AA,CT,CC,CC,CG,AG,TT,CC,AA,CC,TT,AG,TT,AA,AA,GG,CT,CC,GG,AA,AG,AA,CC,GT,CC,CC,AA,AG,GG,TT,GG,AA,GT,TT,GG,AC,GT,GT,CT,CG,TT,GT,TT,AA,TT,CG,CC,AG,CT,CC,CC,GG,CC,AA,GG,AA,CC,TT,CG,GT,TT,GG,TT,AA,AA,TT,CC,GG,AC,CC,CC,GG,GG,AC,GG,TT,AA,AA,CC,GG,AA,CC,AA,AA,GG,GT,TT,AA,GG,GG,AT,CC,AT,TT,AA,GG,AA,TT,AA,TT,CC,CT,AA,CC,TT,GG,AG,CG,AG,AC,TT,NN,NN,GG,TT,AA,AC,AG,GG,CC,CG,GG,CC,GG,AT,AA,CC,GG,NN,CC,CC,AA,GG,CC,AA,CC,AA,AA,AA,CG,CC,TT,AA,GG,AA,AC,AA,AC,AG,AG,AA,AA,AT,CG,AA,AG,AC,AC,CT,AG,AA,CG,AG,GG,TT,AA,AG,GT,TT,TT,AA,TT,GG,GG,AA,5.92,Susceptible,Medium,Poor,Early
L0521,Davangere,Karnataka,Rabi,Black Cotton,Irrigated,430,25.5,58,AA,CT,GG,AG,GG,CC,GG,AT,CC,CC,AA,CC,CC,TT,TT,GG,CG,TT,TT,AG,CC,GT,TT,CC,TT,CC,TT,TT,GG,AA,TT,CT,AA,CC,GG,GG,GG,CC,GG,CC,TT,CT,AC,TT,AA,AG,TT,AT,CC,AC,NN,AA,AA,GG,CC,TT,AA,AC,GT,AA,AA,TT,AT,AA,TT,TT,CC,GG,TT,GG,NN,GG,CC,AA,GG,AA,AT,GG,TT,TT,GG,GT,GG,CC,TT,GG,AG,AA,CC,TT,CC,TT,CC,TT,GT,GG,TT,CC,TT,CC,CC,CG,GG,AA,TT,TT,CC,AG,GG,AA,CC,GG,TT,CC,GT,AA,AA,TT,CC,AG,CC,GG,CC,GG,CT,AA,CT,CC,CC,CC,AA,GT,CC,AA,CC,CC,AA,TT,AA,AA,CG,CC,CC,GG,AG,AG,AA,NN,GT,CC,CC,AG,AA,GG,TT,GG,AC,GT,TT,GG,CC,TT,GT,CT,CC,AT,GT,TT,AA,AT,GG,CC,AG,CC,CC,CC,CC,CC,AA,GG,AA,CC,TT,CC,GT,GT,GG,AA,AA,AG,NN,CC,GG,AA,AC,CC,GG,GG,AA,GG,TT,AA,AA,CC,GG,AA,CC,AA,AA,GT,TT,TT,AA,GG,GG,AA,CC,AT,TT,AA,GG,AA,TT,AA,TT,CG,TT,AA,CC,TT,CC,AA,CG,AG,CC,TT,NN,TT,GG,TT,AA,CC,NN,GG,CC,CG,GG,CC,NN,AT,AA,CC,TT,AG,NN,CC,AA,GG,CC,AT,CC,AA,AA,CC,CC,CC,TT,AA,GG,AA,AA,AA,AA,AG,AA,AA,NN,TT,CG,AC,AG,AA,AC,TT,AA,AA,GG,AG,GG,TT,AA,AA,TT,TT,TT,AA,AT,GG,GG,AA,8.48,Susceptible,Low,Poor,Early
L0522,Davangere,Karnataka,Rabi,Black Cotton,Irrigated,430,25.5,58,AA,TT,GG,AA,GG,CC,GT,AA,CC,GG,AA,CT,CG,TT,TT,GG,CG,TT,AT,AA,NN,TT,TT,CC,TT,CC,GT,AT,GG,AA,TT,CC,AA,CC,GG,CG,GG,CG,GT,NN,TT,CT,AA,NN,AA,NN,CT,TT,CC,AC,GT,AT,AA,GG,CT,TT,AA,AA,GT,AA,AA,GT,TT,AA,TT,TT,CC,GG,TT,GG,AA,GG,CC,AA,GG,AA,AT,GG,TT,TT,GG,GG,GT,CC,AA,GG,AA,AA,CC,TT,CC,TT,CC,NN,GT,GG,TT,AC,GT,CC,CT,CC,GG,AG,NN,TT,CC,AA,AA,AA,CT,GG,TT,CC,TT,AC,AA,AT,CC,AG,CG,GG,CC,GG,CT,AG,CC,CC,CC,CC,AA,TT,CC,AA,CC,CT,AA,TT,AG,AA,GG,CC,CG,GG,AA,AG,AA,CC,GG,CC,CC,AA,AG,GG,TT,GG,AA,GT,CT,GG,CC,GG,TT,TT,CC,AA,TT,TT,AA,TT,CG,CC,AA,TT,CC,CC,GG,CC,AA,GG,GG,NN,TT,CC,GT,GT,GG,AT,AA,AA,TT,CC,GG,AA,CC,CC,GG,GG,AC,CG,TT,AC,AA,CC,GG,AA,AC,AA,AA,GG,TT,AT,AA,GG,GT,AA,CC,AT,GG,AA,GG,AA,CT,AA,TT,CC,CT,AA,AC,CT,GG,AG,CC,AG,AC,TT,CT,GT,CG,TT,AA,AC,AG,GG,CC,CC,GG,CC,GG,AT,AA,CC,TT,GG,CC,CC,AA,GG,CC,AT,CC,AA,AA,AC,CG,AC,NN,AA,GG,AA,AC,CC,AA,AG,AG,AA,AA,AT,GG,AA,AA,AC,AA,TT,AA,AA,CG,GG,GG,TT,AA,AG,GT,TT,TT,AG,AT,GG,GG,AA,6.13,Resistant,High,Premium,Early
L0523,Davangere,Karnataka,Rabi,Black Cotton,Irrigated,430,25.5,58,CC,TT,GG,AA,GG,CC,GG,AA,CC,CC,AA,NN,CG,AT,TT,GT,GG,TT,TT,AG,CC,GT,GT,CC,TT,CC,TT,TT,GG,AA,TT,CC,AA,CC,GG,CC,GG,CG,GG,CC,GT,CT,AC,TT,AA,GG,TT,TT,CC,AC,GT,AA,AA,GG,CT,TT,AA,AA,GG,AC,AA,TT,TT,GG,TT,AA,CC,GG,TT,GG,AA,GG,CC,AA,GG,AC,AT,GG,TT,TT,GG,GT,GT,CC,AA,GG,AA,AT,CC,TT,AC,GT,TT,TT,GT,GG,TT,CC,GT,CT,CC,CC,AG,AG,TT,TT,CG,AA,AA,AA,CC,GG,TT,CC,TT,AA,AC,TT,CC,GG,CC,GG,CC,GG,CT,AA,CC,NN,CC,CC,AA,TT,CC,AA,CC,CC,AA,TT,AA,AA,GG,CC,CC,GG,AA,AG,AA,CC,GG,CC,CC,AA,AG,GG,TT,GG,CC,GT,TT,GG,CC,GT,TT,TT,CC,AT,TT,CT,AA,TT,GG,CC,AA,CC,CC,CC,GG,CC,AA,GG,AG,CC,TT,CC,GT,TT,GG,AA,AA,AG,TT,AC,GG,AC,AC,CC,CC,AG,AA,GG,TT,AC,AA,CG,GG,AT,AC,AA,AT,GG,TT,TT,AA,GG,TT,AT,CC,TT,TT,AT,GG,AG,TT,AA,TT,CC,TT,AA,CC,TT,CG,AG,CC,AA,CC,TT,TT,TT,GG,TT,AA,CC,AA,GG,CC,CG,GG,CC,GG,TT,AA,CG,TT,GG,CC,CC,AT,GG,CC,AA,NN,AA,AA,AC,CC,CC,TT,AA,GG,AA,AC,AC,AC,GG,AA,NN,AA,TT,GG,AC,AA,CC,AA,TT,AA,AA,GG,GG,GG,TT,AA,AA,TT,TT,TT,AG,AT,GG,CG,AA,8.85,Resistant,Low,Standard,Medium
L0524,Davangere,Karnataka,Rabi,Black Cotton,Irrigated,430,25.5,58,CC,TT,AG,AA,GG,CC,GG,AT,CC,CG,AT,CC,CG,TT,TT,GG,GG,AT,TT,AG,CC,GG,TT,CC,AT,CC,TT,AT,GG,AA,TT,CC,AG,CC,GG,GG,GG,CC,GG,CC,TT,CT,AA,GT,AG,GG,TT,TT,NN,AA,GG,AA,AG,GG,CC,TT,AA,AC,TT,AC,AG,TT,TT,AG,CT,AT,CC,GG,TT,GG,AG,GG,CC,AA,GG,AC,AT,AG,TT,TT,GG,GG,GT,CC,AT,GG,AA,AT,CC,TT,CC,TT,CT,TT,TT,GG,TT,CC,GG,CC,CC,CG,AG,AA,TT,TT,CC,AA,AA,AC,CC,GG,TT,CC,TT,AC,AA,TT,CG,AG,CG,GG,CC,GG,TT,AA,CC,CC,CC,CC,AA,TT,AC,AA,AC,CC,AA,TT,AA,AA,GG,CC,CC,GG,AA,AA,AA,AC,NN,CG,CC,AA,AA,GG,TT,GG,CC,TT,CT,GG,AC,TT,TT,TT,CC,AA,TT,TT,AA,TT,CG,CG,AA,CT,CC,CC,NN,CC,AA,GG,AG,CC,TT,CC,TT,GT,GG,AT,AA,AG,TT,AC,GG,AA,AC,CC,GG,GG,NN,GG,CT,AA,AA,CC,GG,AA,NN,AT,AA,GG,TT,AT,AA,GG,GT,AA,CC,AT,TT,AA,GG,AA,TT,AA,TT,CC,CC,AC,AC,TT,GG,AA,CC,AG,CC,AT,CT,GT,GG,TT,AC,CC,AA,GG,CC,CG,CG,CC,GG,TT,AA,CC,TT,GG,CG,CG,AA,GG,CC,AA,CC,AA,AA,CC,GG,NN,TT,AA,GG,AT,AA,AA,AA,AG,AA,AG,AA,TT,GG,AA,AG,CC,AA,TT,AA,AA,GG,GG,GG,TT,AT,AA,TT,AT,TT,AA,AT,GG,GG,AA,7.1,Susceptible,High,Premium,Early
L0525,Davangere,Karnataka,Rabi,Black Cotton,Irrigated,430,25.5,58,AA,TT,GG,AA,GG,CC,GT,TT,CC,CG,AA,CC,CC,TT,TT,GG,GG,TT,TT,AA,CC,TT,GT,CC,AT,CC,GT,AT,GG,AC,TT,CT,AA,CC,GG,GG,GG,CC,GG,NN,GT,CT,AA,TT,AA,GG,TT,TT,CC,AC,GG,AA,AA,GG,CC,GT,AA,AC,GG,AC,AA,TT,TT,AA,TT,AA,CC,GG,TT,GG,AA,TT,CC,AA,NN,AA,AT,GG,TT,TT,GG,GT,GG,CC,AA,GG,AA,AA,CC,GT,AC,TT,TT,TT,TT,GG,TT,CC,GT,CC,CT,CC,AG,AA,TT,TT,CG,AA,AG,AA,CC,GG,TT,CC,TT,AC,AC,TT,CG,GG,CC,GG,CC,GG,CT,AA,CT,CC,CC,CC,AA,TT,CC,AA,CC,NN,AA,AT,AA,AT,GG,CC,NN,GG,AA,GG,AA,CC,GG,CC,CG,AG,AG,GG,TT,AG,AC,TT,TT,GG,CC,NN,GT,TT,CC,AA,TT,CT,AA,TT,CG,CG,AG,CC,CC,CC,CG,CC,AA,GG,AA,AC,TT,CG,GG,TT,GG,TT,AA,AA,TT,CC,GG,AC,CC,CC,GG,GG,AC,GG,TT,AA,AA,NN,GG,AA,CC,AA,TT,GG,TT,TT,AA,CG,TT,AA,CC,AA,TT,AA,GG,AA,TT,AA,TT,CC,TT,AA,CC,TT,GG,AG,CG,GG,CC,TT,TT,TT,GG,TT,AC,AA,AA,GG,CG,CC,CG,CC,GG,AT,AG,CC,TT,GG,CC,CC,AT,GG,CC,AT,CC,AA,AA,NN,CG,AC,AT,AA,CG,AA,AA,AA,AC,AG,AA,AA,AA,AT,GG,AC,AA,AC,AA,TT,AA,AA,GG,GG,GG,TT,AA,AA,TT,TT,TT,AA,AT,GG,GG,AA,8.56,Resistant,Low,Premium,Late
L0526,Davangere,Karnataka,Rabi,Black Cotton,Irrigated,430,25.5,58,AA,TT,GG,AA,GG,CC,GG,AA,CC,CC,AA,CC,CC,TT,TT,GT,CG,TT,TT,AA,CC,TT,TT,CC,TT,CC,TT,TT,GG,AA,CT,NN,AG,CC,GG,GG,GG,GG,GG,CC,TT,TT,AA,TT,AA,AG,TT,AA,CC,CC,GG,AA,AA,GG,CC,TT,AA,CC,GT,AA,AA,TT,AT,AA,TT,TT,CC,GG,TT,GT,AA,GG,CC,AA,NN,CC,AT,GG,TT,TT,GG,TT,GT,CC,AT,GG,AA,AA,CC,GT,CC,TT,CT,TT,TT,GG,CC,CC,TT,CC,CC,CC,AA,AA,TT,TT,CC,AA,AG,AA,CC,GG,GT,CC,GT,AA,AA,TT,CG,AG,CC,AG,CT,GT,TT,AG,CC,CC,AC,CG,AA,TT,CC,AA,CC,CC,AA,AA,AA,AT,CG,CC,CC,GG,AA,AG,AT,CC,GT,CC,CC,AG,AG,GG,TT,GG,AA,TT,CT,GG,AC,GT,GT,CT,CC,AT,GT,TT,AT,AT,GG,CC,AG,CC,AC,CC,GG,AC,AA,GG,AA,CC,TT,CC,GG,TT,GG,TT,AA,AA,TT,CC,CG,AA,AC,CC,GG,GG,AA,GG,TT,AA,AA,CC,GT,AT,AC,AA,TT,GG,TT,AT,AA,CG,GT,TT,CG,AT,TT,AA,NN,AG,TT,AA,TT,CG,TT,AC,CC,TT,GG,AA,CC,AA,CC,TT,CC,GT,GG,TT,AA,AC,AA,GG,CC,CG,GG,CC,GG,AT,AA,CG,GT,GG,CC,CG,AA,GG,CC,AA,CC,AT,AA,CC,CC,CC,TT,AA,GG,AA,AA,AC,AA,AG,AG,AA,AA,TT,GG,AA,AA,AC,AA,TT,AG,AA,CG,GG,NN,NN,AA,AA,TT,TT,TT,AA,AT,GG,GG,AA,8.24,Susceptible,Medium,Premium,Late
L0527,Davangere,Karnataka,Rabi,Black Cotton,Irrigated,430,25.5,58,AC,CT,GG,AG,GG,CC,GT,TT,CC,CG,AA,CC,CC,AT,TT,GG,CG,TT,TT,AA,CC,GG,GT,CC,TT,CC,TT,AA,GT,AA,TT,CT,AA,CC,GG,GG,GG,CG,GG,CC,TT,CC,AC,TT,AA,AA,TT,TT,CC,AA,GG,AA,AG,CG,CT,TT,AA,CC,GT,CC,AG,TT,TT,AA,TT,AT,CC,GG,TT,GT,AG,GT,CC,AA,GG,AA,AA,AG,TT,TT,GG,GG,GG,CC,AA,GG,AA,AA,CG,TT,AC,TT,CC,TT,GT,GG,CT,CC,GT,CC,CC,CG,GG,AG,AT,TT,CC,AA,AG,AA,CT,GG,TT,CG,TT,AA,AA,TT,CG,GG,CC,GG,CT,GG,TT,AG,CC,CC,CC,CC,AA,TT,CC,AA,CC,CC,AA,TT,AA,AA,GG,CC,CC,GG,AA,GG,AA,CC,GG,CC,CC,AA,AA,AG,GT,GG,AC,GT,CT,GG,AC,TT,GT,TT,CC,AA,TT,CT,AA,NN,GG,CC,AG,CC,CC,CC,CG,CC,AA,GG,AA,CC,TT,CG,GG,TT,GG,AT,AA,AA,TT,CC,CG,AA,AC,CC,GG,GG,AC,GG,TT,AA,AA,CC,GG,AT,AC,AA,AA,GT,TT,TT,AA,GG,NN,AA,CC,TT,TT,AT,GG,AG,CT,AA,TT,CC,CT,AA,CC,TT,NN,GG,CC,AG,CC,TT,TT,GT,GG,TT,AA,CC,AG,GT,CC,CG,GG,CC,GG,AA,AA,CC,TT,GG,CC,CG,AA,GG,CC,AT,CG,AA,AG,CC,CC,CC,TT,AA,GG,AA,AA,AA,AC,AG,AA,AG,AA,TT,CG,AC,AA,AC,AC,CT,AG,AA,GG,GG,GG,TT,AA,AG,GT,TT,TT,AA,AT,GG,GG,AA,7.77,Susceptible,Medium,Poor,Medium
L0528,Davangere,Karnataka,Rabi,Black Cotton,Irrigated,430,25.5,58,AA,CT,GG,AA,GG,CC,GG,TT,CC,CC,AA,CC,CG,AT,TT,GG,GG,TT,TT,AA,CC,TT,GT,CC,TT,CC,TT,TT,GT,AA,TT,CC,AA,AC,GG,CG,GG,CC,GG,CC,TT,CT,NN,GT,AA,GG,TT,AT,CC,AC,GG,AA,AA,GG,CC,TT,AA,AA,GG,AA,AA,TT,AT,AA,TT,AT,CC,GG,TT,GG,AG,GG,CC,AA,GG,AC,AA,GG,TT,TT,GG,GG,GG,CC,AA,GG,AA,AT,CC,GT,CC,TT,CC,TT,TT,AG,CT,CC,TT,CC,CT,CC,AG,AA,TT,TT,CC,AA,AG,AA,CC,GG,TT,CG,TT,AA,AA,TT,CG,GG,CC,NN,CC,GT,TT,AG,CC,CC,CC,CC,AA,TT,CC,AA,CC,CC,AA,TT,AA,AT,GG,CC,CC,GG,AA,AA,AA,AC,GT,CG,GG,AA,AA,AG,TT,AG,AA,GG,TT,GG,CC,TT,TT,TT,GG,AA,TT,CC,AT,AT,CG,CC,AA,CC,CC,CC,GG,CC,AA,GG,AA,CC,TT,CC,GT,TT,CG,AA,AA,AA,TT,AC,GG,AA,CC,CC,GG,GG,CC,GG,TT,AC,AA,CC,GG,AA,AC,AA,AT,GG,GT,TT,AA,GG,GT,AT,CG,TT,GT,AA,GG,AA,TT,AA,TT,CC,TT,AA,CC,CT,GG,GG,CG,GG,CC,AT,TT,GT,GG,TT,AA,AC,AG,GG,CC,CC,GG,CC,GG,TT,AA,CC,GT,GG,CG,NN,AA,GG,CG,AA,CC,AA,AA,CC,CC,AC,AT,AA,GG,AA,AA,AA,AA,AA,AA,AA,AA,TT,GG,AA,AA,AC,AC,CT,AA,AA,GG,GG,GG,TT,AA,AG,TT,TT,TT,GG,TT,GG,GG,AA,6.14,Resistant,Low,Premium,Early
L0529,Davangere,Karnataka,Rabi,Black Cotton,Irrigated,430,25.5,58,AA,TT,GG,AA,GG,CC,GT,AT,CC,CG,AA,NN,GG,TT,GT,GG,CG,TT,TT,AG,CC,GT,GT,CC,TT,CC,TT,AT,GG,AA,CT,CT,AA,CC,AG,GG,GG,CG,GG,CC,TT,NN,AA,TT,AG,GG,TT,AT,CC,CC,GG,AA,AA,GG,CC,TT,NN,AA,TT,AA,AG,TT,AT,AA,TT,TT,CC,GG,TT,GG,AA,GG,NN,AG,GG,AC,AT,GG,TT,TT,AG,GT,GT,CC,AA,GG,AA,AT,CC,TT,AC,TT,CT,TT,TT,GG,TT,AC,TT,CC,CT,GG,GG,AA,TT,TT,CC,AA,AG,AA,CT,GG,TT,CC,TT,AA,AA,TT,CC,AG,CG,AG,CC,TT,CT,AG,CC,CC,CC,CC,AA,TT,CC,AA,CC,CT,AA,AT,AA,AT,GG,CC,CC,GG,AA,AA,AA,CC,GG,CC,CC,AG,AG,GG,TT,NN,AC,GT,TT,GG,AC,TT,TT,TT,CG,AT,GT,TT,AA,AT,GG,CC,AG,CT,CC,CC,GG,CC,AT,GG,AG,CC,TT,CG,GT,TT,CG,AT,AA,AA,TT,AC,GG,AA,AC,CC,NN,GG,AA,GG,TT,AA,AA,CC,GG,AT,CC,AT,AT,GT,TT,AT,AA,NN,GG,AA,CC,AT,GT,AA,GG,AA,CT,AA,TT,CG,TT,AA,CC,TT,GG,AA,CC,AG,AC,TT,TT,GT,GG,NN,AA,AA,AA,GG,CC,CC,GG,CG,GT,AT,AA,CC,TT,GG,CG,CC,AA,AG,CC,AT,CC,AT,GG,CC,CC,AC,TT,AA,GG,AA,AA,AC,AA,AA,AA,AG,AA,TT,GG,AA,AG,CC,AA,CC,AA,AA,GG,GG,GG,TT,NN,AG,TT,TT,TT,AG,TT,GG,GG,AA,7.62,Susceptible,Low,Poor,Late
L0530,Davangere,Karnataka,Rabi,Black Cotton,Irrigated,430,25.5,58,CC,TT,NN,AG,GG,CC,GG,TT,CC,CC,AA,CC,CC,TT,TT,GG,GG,TT,TT,AG,CC,TT,GT,CT,TT,CC,TT,TT,GG,AA,TT,CC,AG,CC,GG,CG,GG,CC,GG,CC,TT,NN,AA,TT,AA,GG,TT,AT,CC,CC,GG,AA,AA,GG,CT,TT,AT,AA,TT,AC,AG,TT,TT,AG,TT,AT,CC,GG,TT,GG,AG,GT,CC,AA,GG,AC,AT,AA,GT,TT,GG,GG,GT,CC,AA,GG,AA,AA,CC,GT,CC,TT,CT,AT,TT,NN,TT,CC,GT,CC,CC,CG,GG,AA,TT,TT,CC,AA,AG,AA,CC,GG,TT,CC,TT,AA,CC,TT,CG,AA,CC,AG,CC,GG,TT,AA,CT,CC,CC,CC,AA,TT,CC,AA,CC,CC,AA,AT,NN,AT,CG,CC,CC,GG,AA,AA,AA,CC,GG,CC,CG,AA,GG,GG,NN,GG,AC,GT,CT,AG,CC,GT,TT,CT,CC,AT,TT,TT,NN,TT,GG,CC,AA,TT,CC,CC,GG,AC,AT,GG,GG,CC,TT,CC,GT,TT,GG,TT,AA,AA,TT,CC,GG,AA,AC,CC,GG,GG,CC,GG,TT,AA,AA,CC,GG,AA,AC,AA,AT,GT,GT,AA,AT,GG,GG,AA,CG,TT,TT,AA,GG,AA,CT,AC,TT,CC,CT,AA,AC,TT,GG,AG,CC,GG,CC,TT,TT,GT,GG,TT,AA,NN,GG,GG,CC,CG,GG,CC,GG,AT,AA,CG,TT,AG,CC,CC,AA,GG,CC,AA,CC,AA,AA,CC,CG,AC,TT,AA,GG,AA,AA,AA,AA,GG,AG,AA,AA,TT,GG,AA,AG,AC,AC,CT,AA,AA,GG,GG,GG,TT,AT,AG,TT,TT,TT,AG,AT,GG,GG,AA,6.38,Susceptible,High,Standard,Early
L0531,Davangere,Karnataka,Rabi,Black Cotton,Irrigated,430,25.5,58,AA,CT,AG,AG,GG,CC,GG,AT,CC,CC,AA,CC,GG,TT,TT,GG,CG,TT,TT,AA,CC,TT,GT,TT,TT,CC,TT,AT,GG,AA,TT,CC,AA,CC,GG,GG,GG,CG,GG,CC,TT,TT,AA,GG,AA,AG,CT,TT,CC,AC,GG,AA,AA,GG,CC,TT,AA,CC,GG,AC,AG,TT,TT,AA,TT,TT,CC,GG,TT,GG,AA,GG,CC,AA,GG,AA,TT,GG,TT,TT,GG,GG,GG,CC,AA,GG,AA,AA,CC,GT,AC,TT,CC,TT,TT,AG,TT,CC,TT,CC,CC,CC,AG,AA,TT,TT,CC,AA,GG,AA,CC,GT,TT,CG,TT,AA,AC,TT,CG,GG,CC,GG,CC,GT,TT,AA,CC,CC,CC,CC,AA,TT,CC,AA,CC,NN,NN,TT,AA,AT,CG,CT,CC,GG,AA,GG,AA,CC,GT,CC,CG,AA,AA,GG,TT,GG,AC,GG,CT,GG,CC,GT,TT,TT,CG,AT,GT,NN,TT,TT,GG,CC,AA,CC,CC,CC,GG,CC,AA,GG,AA,CC,TT,CC,TT,TT,CG,TT,AG,AA,TT,AC,GG,AC,AC,CC,GG,GG,AC,GG,TT,AA,AG,CC,GG,AA,AA,AT,AT,GG,TT,AA,AA,GG,GT,AA,CC,TT,GT,AA,GG,AA,TT,AA,TT,CC,TT,AA,CC,TT,GG,AG,NN,AA,CC,TT,CC,GT,GG,AT,AA,CC,AG,GG,CC,CC,GG,NN,GG,AT,AA,CC,TT,GG,CC,CG,AA,GG,CC,AA,CC,AA,AA,CC,CG,AC,TT,AA,GG,AA,AC,AC,AA,AG,AG,AG,AA,TT,GG,AA,AG,CC,AC,CC,AA,AA,GG,GG,GG,TT,AT,AA,GT,TT,TT,AG,AT,GG,GG,AA,7.17,Moderate,Low,Standard,Medium
L0532,Davangere,Karnataka,Rabi,Black Cotton,Irrigated,430,25.5,58,AC,TT,NN,AA,GG,CC,GT,AA,CC,CC,AA,CC,CC,TT,GG,GG,GG,TT,TT,AA,CC,TT,TT,CC,AT,NN,GT,TT,GG,AA,TT,CT,AA,CC,GG,GG,GG,CC,GG,CC,TT,CT,AA,TT,AG,AA,TT,TT,CC,AC,GG,AA,AA,NN,CT,TT,AA,AA,GG,AA,AG,NN,TT,AG,TT,AA,CC,GG,TT,GG,AG,GT,CC,AA,NN,AC,AA,AG,TT,TT,GG,TT,GG,CC,AT,GG,AG,AA,CC,TT,AC,TT,CC,TT,GT,GG,TT,CC,TT,CC,CC,CC,AG,NN,TT,TT,CC,AA,AA,CC,CT,GG,TT,CC,GT,AA,AA,TT,CC,GG,CC,AG,CC,GT,TT,AG,CT,CC,CC,CC,AA,TT,AC,AA,AC,CC,AA,TT,AG,AA,GG,CC,CC,GG,AG,NN,AA,CC,GT,CC,CC,AA,AA,AG,GT,GG,AA,TT,CT,GG,CC,TT,GG,TT,CC,AA,GT,TT,AA,AT,GG,CC,AA,TT,CC,CC,GG,CC,AT,GG,GG,CC,TT,CC,GG,TT,GG,AT,AA,AA,TT,CC,GG,AA,AC,CC,GG,GG,AA,CG,NN,CC,AG,CC,GG,AA,CC,AA,AA,GG,TT,TT,AT,GG,GT,NN,CC,TT,GT,AA,GG,AA,TT,AA,TT,CC,CT,AA,CC,TT,CG,GG,CC,AG,CC,TT,TT,GT,GG,TT,AA,AC,AG,GT,CC,CC,GG,CC,GG,AT,AA,CC,TT,GG,CC,CC,AA,GG,CC,AT,CC,AA,AA,AC,CG,CC,NN,AA,GG,AA,AA,AC,AC,AG,AA,AG,NN,TT,GG,AA,AG,AA,AA,CC,AA,AA,GG,AG,CG,GT,AA,AA,GT,TT,TT,AA,AT,GG,GG,AA,5.84,Moderate,High,Premium,Late
L0533,Davangere,Karnataka,Rabi,Black Cotton,Irrigated,430,25.5,58,AA,TT,GG,AA,GG,CC,GG,AT,CC,CG,AA,CC,CC,AT,GT,GG,GG,TT,TT,NN,CC,TT,GT,CC,TT,CC,TT,TT,GG,AA,TT,CT,AA,CC,GG,GG,GG,CC,GT,AC,TT,TT,AA,GT,AA,GG,TT,TT,CC,AA,GT,AA,AG,GG,CT,TT,AT,AC,TT,AA,AG,TT,AT,AG,TT,TT,CC,GG,TT,GT,AA,GG,CC,AA,GG,AA,AA,GG,TT,TT,GG,GG,GG,AC,AA,GG,AG,AA,CC,TT,CC,TT,CT,TT,TT,GG,CT,CC,TT,CC,CT,CC,AG,AA,TT,TT,CC,AA,AA,CC,CC,GG,TT,CC,TT,AA,AA,TT,CC,AG,CC,GG,CC,GG,TT,AA,CC,CC,CC,CC,NN,TT,CC,AA,CC,CC,AG,TT,AA,AT,GG,CC,NN,GG,AA,AG,AA,CC,GT,CC,CC,AG,AA,GG,GT,AG,AC,GT,CT,GG,AC,GT,NN,TT,CC,AT,GT,TT,AA,AT,CG,CC,AG,CC,CC,CC,CG,CC,AA,GG,AG,CC,TT,CC,GG,GT,CG,AT,AG,AA,TT,CC,GG,AA,AC,CC,GG,GG,NN,GG,TT,NN,AA,CC,GG,AA,AC,AA,TT,GT,TT,TT,AA,CG,GT,AA,CC,TT,GT,AA,GG,AA,TT,AA,TT,CC,CC,AC,CC,CT,CG,AG,CC,AG,AC,TT,TT,TT,GG,TT,NN,CC,AG,GG,CC,CG,GG,CG,GG,AT,AA,NN,GT,GG,CC,CC,AA,AG,CC,AA,CC,AA,AA,AC,NN,AC,TT,AA,GG,AA,AC,AC,AA,AA,AG,AG,AA,TT,GG,AC,AA,CC,AA,TT,AA,AA,CG,GG,GG,TT,AA,AA,TT,TT,TT,AA,TT,GG,GG,AA,6.83,Susceptible,Low,Standard,Late
L0534,Davangere,Karnataka,Rabi,Black Cotton,Irrigated,430,25.5,58,AA,TT,GG,AA,GG,CC,GT,AT,CC,CG,AT,CC,CG,TT,TT,GT,GG,TT,TT,AA,CC,GT,TT,CT,TT,CC,TT,AT,GG,NN,TT,CT,AA,CC,GG,CG,GG,CC,GG,CC,TT,TT,AA,TT,NN,GG,TT,AT,CC,CC,GT,AA,AA,GG,CC,TT,AA,CC,TT,AA,AA,TT,TT,GG,CT,TT,CC,GG,TT,GT,AG,GG,CC,AA,GG,AC,AT,GG,TT,TT,GG,GT,GG,CC,AT,GG,AA,AA,CC,TT,CC,TT,CC,TT,GT,GG,TT,AC,TT,CC,CC,CC,AG,NN,TT,TT,CG,AA,AG,AC,CC,GG,TT,CC,GT,AA,CC,TT,CC,AA,CC,AG,CC,GT,TT,AA,CC,CC,CC,CC,AG,TT,CC,AA,CC,CT,AA,TT,AA,AA,GG,CC,CG,GG,AA,AG,AA,CC,GT,CC,CG,AA,AG,AG,GT,GG,CC,TT,CT,GG,CC,GT,GT,TT,CC,AT,GT,TT,AA,NN,GG,CC,AG,TT,CC,CC,CG,CC,AA,GG,AG,CC,TT,CG,GT,GT,GG,AA,AA,AA,TT,AC,CC,AA,CC,NN,GG,GG,AA,GG,TT,AA,AG,CC,GG,AA,AC,AT,AA,GT,NN,AA,AA,GG,GG,AA,CC,TT,GT,AA,GG,AA,CT,AA,TT,CC,TT,AA,CC,CC,CG,GG,CC,GG,CC,TT,TT,TT,GG,TT,AA,CC,NN,GG,CC,CC,GG,CC,GG,TT,AG,CC,GT,GG,CG,CC,AT,GG,CG,AA,CG,AT,AA,AC,GG,CC,TT,AA,GG,AA,AA,AC,AA,AG,AA,AG,AA,TT,CG,AC,GG,AC,AA,NN,AG,AA,GG,GG,GG,GT,AA,AA,TT,TT,AT,AG,TT,GG,GG,AA,5.54,Susceptible,High,Premium,Early
L0535,Davangere,Karnataka,Rabi,Black Cotton,Irrigated,430,25.5,58,AC,TT,GG,AA,GG,CG,GT,TT,CC,CG,AA,CT,CC,AT,GT,GT,CG,TT,TT,AA,CG,TT,GT,CC,TT,CC,TT,TT,GG,AA,TT,CC,AA,CC,GG,CG,GG,CC,GG,CC,TT,TT,AA,TT,AG,GG,TT,AT,CC,AC,GG,AA,AA,GG,CT,TT,AT,AA,GT,AA,AA,TT,AT,AA,CT,TT,CC,GG,TT,GT,AG,GG,AC,AA,GG,AA,AA,GG,TT,TT,GG,NN,GG,CC,AA,GG,AA,AA,CG,GT,CC,GT,CT,TT,TT,GG,CT,CC,GT,CC,CC,CC,NN,AA,TT,TT,CG,AA,AA,AA,CT,GG,TT,CC,GT,AA,AA,TT,CC,GG,CC,GG,CC,GG,CT,AA,CC,CC,CC,CC,AA,TT,CC,AA,CC,CC,AA,AT,AA,AA,GG,CC,CC,GG,AA,AA,AA,CC,GG,CC,CC,AA,AA,GG,TT,GG,AA,TT,CT,GG,NN,TT,GT,TT,CC,AT,TT,TT,AT,TT,GG,CC,AA,CT,CC,CC,GG,CC,AA,GG,AA,CC,GT,CC,TT,TT,GG,AT,AA,AA,TT,CC,GG,AA,CC,CC,GG,GG,AC,CG,TT,AC,AA,CC,GG,AA,CC,AA,AA,GG,TT,TT,AA,CC,GG,AA,CC,NN,GT,AA,GG,AA,CC,AA,TT,CC,CT,AC,CC,CT,CG,AA,CG,AA,CC,TT,TT,TT,CG,AT,AA,CC,AA,GG,CC,CG,GG,CG,GG,AT,AA,CC,GT,AG,CC,CG,AA,GG,CG,AT,CC,AA,AA,AC,CC,CC,AT,AG,CG,AA,AA,AA,AA,GG,AG,AA,AA,AT,CG,AA,AA,AC,AA,TT,AA,AA,CG,AG,GG,TT,AA,AA,TT,TT,TT,AG,AT,GG,CG,AA,7.99,Moderate,Low,Standard,Medium
L0536,Davangere,Karnataka,Rabi,Black Cotton,Irrigated,430,25.5,58,AA,TT,AA,AG,CG,CC,GG,TT,CC,CC,AA,CC,CG,AT,TT,GG,GG,TT,TT,AA,CC,TT,TT,CT,TT,CC,TT,TT,GT,AA,TT,CC,AA,CC,AG,CG,NN,GG,GG,CC,TT,TT,AC,TT,AA,AG,TT,NN,CC,CC,GG,AT,AA,GG,CT,TT,AA,AA,GG,NN,AA,GT,AT,AA,TT,TT,CT,GG,TT,GG,AG,GT,CC,AA,GG,AC,AT,GG,TT,TT,GG,GT,GG,CC,AA,GG,AA,AA,CG,TT,CC,TT,CC,AA,TT,GG,CT,CC,GT,CT,CC,CC,AG,AA,AT,TT,CC,AA,AA,AA,CC,GG,TT,CC,TT,AC,AA,NN,CC,GG,CG,AG,CC,GG,CC,AA,CC,CC,CC,CC,AA,GT,AC,AA,CC,CC,AA,TT,AA,AA,GG,CT,CC,GG,AA,GG,AA,AC,GT,CC,CC,AA,AA,GG,TT,GG,CC,TT,CT,AG,CC,GT,GT,TT,CC,AA,TT,TT,AA,TT,GG,CC,AG,CC,AC,CC,CG,CC,AA,AG,AA,CC,TT,CC,GG,TT,CG,AT,AA,AG,TT,CC,CG,AA,CC,CC,CG,GG,CC,GG,TT,AA,AA,CC,GG,AA,AC,AA,AA,NN,TT,TT,AA,GG,GT,AA,CC,AT,TT,AA,GG,AA,TT,AA,TT,CC,TT,AA,CC,CT,GG,AA,CG,GG,CC,TT,TT,TT,GG,AT,AC,AC,AG,GT,CC,CC,GG,CC,NN,AT,AA,CC,TT,GG,GG,CG,AA,AG,CG,AT,CC,AA,AG,CC,CC,AA,AT,AA,GG,AA,AA,AC,AA,GG,GG,AA,AA,AT,GG,AA,AA,CC,AC,CT,AG,AA,GG,GG,GG,TT,NN,AA,GT,TT,TT,AG,AT,GG,NN,AA,10.06,Susceptible,Low,Premium,Early
L0537,Davangere,Karnataka,Rabi,Black Cotton,Irrigated,430,25.5,58,AC,TT,GG,GG,GG,CC,GG,AT,CC,GG,AT,CC,CC,AT,GT,GT,GG,TT,TT,AA,CC,GT,TT,NN,TT,CC,GT,TT,GG,AA,TT,CT,AA,AC,AG,GG,GG,CG,GG,CC,TT,CC,AA,GT,AA,GG,TT,TT,CC,AC,GT,AA,AA,GG,CC,TT,AA,AA,GG,AC,AA,GT,AT,AG,TT,TT,NN,GG,TT,GG,GG,GT,AC,AA,GG,AA,AA,GG,TT,TT,GG,GG,GG,CC,AT,GG,AG,AA,CC,GG,AC,TT,CT,TT,GT,GG,TT,AC,GT,CC,CT,CC,GG,AA,TT,GT,CC,AA,AG,AA,CT,GG,GT,CG,TT,AA,NN,TT,CC,GG,CC,GG,CC,TT,CT,AA,CC,CC,CC,CC,AA,TT,CC,AA,CC,CC,AA,TT,AA,AA,GG,CC,CC,GG,AA,AG,AA,CC,GG,CC,CC,AA,AA,GG,TT,GG,CC,TT,CC,GG,CC,TT,TT,TT,CC,AA,GT,TT,AA,AT,GG,CC,AA,CC,CC,CC,GG,CC,AA,GG,AG,CC,TT,CG,GG,TT,CG,AT,AG,AG,TT,CC,GG,AC,CC,CC,GG,GG,AC,GG,TT,AC,AG,CC,GT,AA,NN,AA,AT,GG,TT,TT,AA,GG,GG,AT,NN,AA,TT,AA,GG,AA,NN,AA,TT,CC,CT,AA,CC,TT,CC,GG,CG,AG,CC,AT,TT,GT,GG,TT,AC,AC,AA,NN,CC,CC,GG,CC,GT,AA,AA,CC,GG,GG,CC,CC,AT,AG,CC,TT,CC,AT,AA,CC,CC,AC,TT,AA,GG,AA,NN,AC,AA,GG,AA,NN,AA,TT,GG,AA,AG,AA,AA,CC,AA,AG,GG,GG,GG,TT,AA,AA,TT,TT,TT,GG,AT,NN,GG,AA,4.96,Susceptible,Low,Premium,Late
L0538,Davangere,Karnataka,Rabi,Black Cotton,Irrigated,430,25.5,58,AA,TT,AG,AG,GG,CC,GT,TT,CC,CC,AA,CC,CG,TT,TT,GT,CG,TT,TT,AA,CG,GG,GT,CC,TT,CT,TT,TT,GG,AA,TT,TT,AA,CC,AG,GG,GG,CC,GG,AC,TT,CT,AA,TT,AA,GG,CT,TT,CG,AA,GG,AT,AA,GG,CT,GT,AA,AC,GT,AA,AA,TT,TT,GG,TT,TT,CC,GG,TT,GG,AA,GG,CC,AA,AG,AC,AT,GG,TT,TT,GG,GT,GT,NN,AA,GG,AA,AA,CC,TT,CC,TT,CT,TT,GT,GG,CT,CC,GT,CC,TT,CC,AA,AA,TT,TT,CC,AG,GG,AA,CC,GG,TT,CC,TT,CC,AA,AT,CC,AG,CC,GG,TT,GG,TT,AA,CT,CC,AC,CC,AA,TT,CC,AA,CC,CT,AA,TT,AA,AA,CG,CC,CC,GG,AA,GG,AA,CC,GT,CC,CC,AG,AA,GG,GT,GG,AC,TT,NN,AA,AC,TT,TT,TT,CG,AT,TT,TT,AA,TT,GG,CC,AG,CC,CC,CC,CG,AC,AA,GG,AA,CC,TT,CG,GG,TT,GG,TT,AG,AA,TT,CC,GG,AA,NN,CC,GG,GG,AC,GG,TT,AA,AA,NN,GG,AA,AC,AA,AT,GG,TT,TT,AT,CG,GG,AA,CC,TT,TT,AA,GG,AG,TT,AC,TT,CC,TT,AA,CC,TT,CG,AG,CC,GG,CC,TT,CT,TT,GG,TT,AA,AC,AA,GG,CC,CC,GG,CG,GG,AT,AA,CC,TT,GG,CC,CC,AA,GG,CG,AA,CC,AA,AA,NN,CC,AC,TT,AA,GG,AA,AC,AC,AA,AA,AG,AA,AA,TT,GG,CC,AG,CC,CC,CT,AA,AA,NN,AG,GG,TT,AT,AA,TT,TT,TT,AA,AA,GG,GG,AA,8.93,Susceptible,Medium,Poor,Late
L0539,Davangere,Karnataka,Rabi,Black Cotton,Irrigated,430,25.5,58,CC,TT,AG,AG,GG,CC,GG,AT,CC,CG,AA,CC,CC,TT,TT,GT,CG,TT,TT,AA,CC,TT,GT,CC,AT,CC,GT,TT,GG,AC,TT,CC,AA,CC,GG,CG,GG,CC,GG,CC,TT,CT,AC,TT,AG,AG,CT,TT,NN,CC,GT,AT,GG,GG,CC,TT,AA,AA,GT,AA,AA,GT,AA,AG,TT,TT,CC,GG,CT,GG,NN,GT,CC,AA,GG,AC,AA,AA,TT,TT,GG,GT,GG,CC,AA,GG,AA,AT,CC,TT,AC,TT,CC,TT,TT,GG,NN,CC,TT,CC,CC,CG,AG,AA,TT,TT,CG,AA,AA,AA,CC,GG,TT,CC,GT,AC,AA,TT,CC,AG,CC,AG,CC,NN,TT,AG,CC,CC,CC,CC,AA,TT,CC,AA,CC,CC,AA,TT,AG,AT,GG,CT,CC,GG,NN,AA,AA,AC,GT,CC,CC,AA,AA,AG,TT,GG,AA,TT,CT,AG,AC,TT,GT,CT,CC,AA,GT,CT,AA,AT,GG,CC,AG,CC,CC,CC,CG,CC,AT,GG,AA,CC,TT,CG,GG,GT,GG,TT,AA,AA,TT,AC,GG,AA,AC,CC,GG,GG,AA,GG,TT,AA,AA,CC,GG,AT,CC,AA,AT,GG,TT,TT,AT,CG,GG,AA,CG,TT,GT,AA,GG,AA,TT,AA,TT,CC,TT,AC,AC,TT,GG,AG,CG,GG,CC,AT,TT,GT,GG,TT,CC,AA,AG,GG,CC,CC,GG,CC,GG,AT,GG,CC,GT,GG,CC,CC,AA,GG,CC,AA,CC,AA,AA,CC,CG,CC,TT,AA,GG,AA,AA,AA,AC,GG,AA,AA,AA,AT,GG,AC,GG,CC,AA,TT,AA,AA,GG,GG,GG,TT,AA,AA,TT,TT,TT,AG,TT,GG,GG,NN,5.9,Susceptible,Low,Poor,Late
L0540,Davangere,Karnataka,Rabi,Black Cotton,Irrigated,430,25.5,58,AC,TT,GG,AG,GG,CC,GT,TT,CC,CG,AT,CT,CC,TT,GG,GG,CG,TT,TT,AA,CC,GT,TT,CC,TT,CC,GT,TT,GT,AA,TT,CC,AA,CC,GG,CG,GG,CC,GG,CC,TT,CC,AC,GT,AG,GG,TT,AA,CC,AA,GG,AT,AA,GG,CT,TT,AA,AA,GT,AC,AA,TT,TT,AA,TT,TT,CC,GG,CT,GG,AA,GG,CC,AA,GG,AC,AA,GG,GG,TT,AG,GG,GG,CC,AA,GG,AA,AA,CC,GT,AC,NN,CC,NN,TT,GG,CT,CC,TT,CC,CC,CC,AG,AA,NN,TT,CG,AA,GG,AC,CC,GG,TT,CC,TT,AA,AA,TT,CC,AG,CG,AG,CC,GG,TT,AA,NN,CC,CC,CC,AA,TT,CC,AA,CC,CC,AA,TT,AA,AA,GG,CC,CC,GG,AA,AA,AA,AC,GG,CC,CC,AG,AA,AG,GT,GG,AA,TT,CT,GG,CC,GT,TT,TT,CC,AA,TT,CT,AA,AT,GG,CC,AA,CC,CC,CC,CG,CC,AA,GG,AG,CC,TT,CC,GG,TT,GG,AT,AA,AA,TT,CC,GG,AA,CC,CC,GG,GG,AC,GG,TT,AC,AA,CC,GT,AT,CC,AT,AA,GG,TT,AT,AT,GG,GT,AA,CC,TT,GT,AA,GG,AA,TT,AA,NN,CC,CT,AA,AC,TT,GG,AG,CC,AG,CC,NN,TT,GT,GG,AT,AC,AC,AG,GG,CC,CC,GG,CC,GG,TT,AA,CC,TT,GG,CG,CC,AA,GG,CC,AT,CG,AA,AA,AC,CC,CC,TT,AA,GG,AA,AC,AC,AA,AG,AG,AA,AA,AT,GG,AA,AG,AA,AC,CT,AA,AG,GG,GG,GG,TT,AA,AG,TT,TT,TT,AA,AT,GG,GG,AA,7.92,Susceptible,Medium,Premium,Early
L0541,Davangere,Karnataka,Rabi,Black Cotton,Irrigated,430,25.5,58,AC,TT,GG,AG,GG,NN,GG,TT,CC,CG,AT,CC,CC,AT,TT,GG,CG,TT,TT,AA,CC,TT,GT,CT,TT,CC,TT,TT,GG,AA,TT,CC,AA,CC,GG,GG,GG,CC,GT,CC,TT,TT,AA,GT,AA,GG,TT,TT,CC,CC,GG,AA,AA,GG,CT,TT,AA,AA,GT,AA,AA,TT,TT,GG,TT,TT,CC,GG,TT,GG,AG,GG,CC,AA,GG,AA,AT,GG,TT,TT,GG,GG,GT,CC,AT,GG,AA,AA,CG,TT,CC,TT,CT,AT,TT,AG,TT,CC,GT,CC,CC,CC,GG,AA,TT,TT,CC,AA,GG,AA,CT,GG,TT,CG,GT,NN,AA,TT,CC,GG,CG,GG,CT,GG,TT,AG,CT,CC,AC,CC,AA,TT,CC,AA,CC,CC,AA,TT,AA,AA,CG,CC,CC,GG,AA,AG,AA,CC,GT,CG,CC,AA,AG,GG,GT,GG,NN,GT,TT,GG,AC,GT,TT,TT,CG,AA,GT,TT,AA,TT,GG,CC,AA,CT,CC,CC,GG,CC,AA,GG,AA,CC,NN,CG,GG,TT,CG,AA,AA,AA,TT,CC,GG,AA,CC,CC,GG,GG,CC,GG,TT,AA,AA,CC,GG,AA,CC,AA,AA,GG,TT,TT,AA,CG,GT,AA,GG,AT,TT,AA,GG,AA,CT,AA,TT,NN,TT,AA,CC,TT,GG,AG,CC,AA,CC,TT,TT,GT,GG,TT,AA,CC,GG,GG,CG,CC,GG,CC,GG,TT,AA,CC,GG,GG,CC,CC,AT,AG,CC,AA,CC,AA,AA,CC,GG,CC,TT,AA,GG,AA,AA,AC,AA,AA,AA,AG,AG,TT,GG,AA,AG,CC,AA,CT,GG,AA,CG,GG,GG,GT,AT,AG,TT,TT,TT,AG,TT,GG,GG,AA,6.33,Moderate,High,Standard,Early
L0542,Davangere,Karnataka,Rabi,Black Cotton,Irrigated,430,25.5,58,AA,CT,GG,AA,NN,CC,GT,TT,CC,CG,AA,CC,GG,AT,GT,GG,CG,TT,TT,AA,CC,GT,GT,CC,TT,CC,GT,TT,GT,AA,TT,CC,AA,CC,GG,GG,GT,CC,GG,CC,TT,CC,AA,GT,AA,GG,TT,TT,CC,AC,GG,AA,AA,CG,CT,TT,AA,AC,TT,AA,AA,TT,AT,AG,CT,AT,CC,GG,TT,GG,AA,GG,CC,AA,GG,AC,AT,GG,TT,TT,GG,GT,GT,CC,AA,GG,AA,AA,CC,GT,CC,TT,TT,TT,TT,AG,TT,NN,GT,CC,CC,CG,AG,AA,TT,TT,CC,AA,AG,AA,CT,GG,TT,CC,GT,CC,AA,TT,CG,AG,CC,GG,CC,GG,TT,AA,CC,CC,CC,CC,AG,TT,AC,AA,CC,NN,AA,TT,AA,AT,GG,CC,CC,GG,AA,AG,AA,CC,GG,CC,CC,AA,AG,GG,TT,AG,AC,TT,CT,AG,AC,GT,TT,CT,CC,AA,GT,TT,AA,TT,GG,CC,AG,CT,CC,CC,CG,CC,AT,GG,GG,CC,TT,CC,GT,TT,GG,AT,AA,AA,GT,CC,GG,AA,CC,CC,GG,GG,AA,GG,TT,AC,AG,CC,GG,AA,AC,AA,AT,GG,TT,AT,AA,CG,GT,AT,CC,TT,TT,AA,GG,AA,TT,AA,TT,CC,TT,AC,CC,TT,GG,AG,CC,GG,CC,TT,TT,GG,GG,TT,AA,AC,AG,GG,CC,CC,GG,CC,GG,AA,AA,CC,TT,GG,CC,NN,AA,GG,CC,TT,CC,AA,AA,CC,CC,AC,TT,AA,CG,AA,AC,NN,AA,AG,GG,AG,AA,TT,GG,AA,AG,AC,AC,CC,AA,AG,GG,GG,GG,GG,AT,AA,TT,TT,TT,GG,TT,GG,GG,AA,5.24,Susceptible,Medium,Poor,Late
L0543,Davangere,Karnataka,Rabi,Black Cotton,Irrigated,430,25.5,58,AA,TT,AG,AA,GG,CC,GG,AT,CC,CG,AA,CC,CG,TT,TT,GG,CG,TT,AT,AA,CC,GT,GG,CC,TT,CC,GG,AT,TT,AA,CT,CC,AA,CC,GG,GG,GG,CC,GG,CC,TT,CC,AA,TT,AA,GG,CT,TT,CC,AC,GG,AA,AA,GG,CT,TT,AA,NN,GG,AA,AA,TT,AA,AA,TT,TT,CC,GG,TT,GG,AA,GG,CC,AA,AG,AA,TT,GG,TT,TT,GG,GG,GG,CC,AA,GG,AA,AA,CC,GT,CC,GT,CC,TT,GT,GG,CT,CC,TT,CC,CC,CG,AG,AA,TT,TT,CG,AA,AG,AC,CC,GG,TT,CG,GT,AA,AA,TT,GG,AG,CC,GG,CC,GT,CT,AG,CC,CC,CC,CC,AG,TT,CC,AA,CC,CC,AA,TT,AA,AA,GG,CC,CC,GG,AG,AA,AT,CC,GG,CC,CC,AG,AA,AG,GT,GG,AC,TT,TT,GG,CC,TT,TT,TT,CG,AT,GT,TT,AT,TT,NN,CC,AG,CT,CC,CC,GG,CC,AA,GG,AG,CC,TT,CC,GT,TT,CG,AA,AA,AA,GT,CC,GG,AA,CC,CC,CG,NN,CC,GG,TT,CC,AG,CC,GG,AA,CC,AA,AA,GT,GT,TT,AT,GG,GG,AA,CC,TT,GT,AA,GG,AA,CT,AA,TT,CC,TT,AA,CC,TT,GG,AG,CC,AG,CC,TT,TT,TT,GG,TT,AA,NN,AG,GG,CC,CG,GG,CC,GG,TT,AA,CC,TT,GG,CC,CC,AA,AG,CC,AA,CG,AA,AA,AC,CC,AC,TT,AA,CG,AA,AC,AA,AA,AG,AA,GG,AA,TT,GG,AA,AG,CC,AA,TT,AA,AA,GG,GG,CG,TT,AA,AA,TT,TT,TT,AG,AA,GG,GG,AA,5.07,Moderate,Low,Premium,Early
L0544,Davangere,Karnataka,Rabi,Black Cotton,Irrigated,430,25.5,58,AA,TT,GG,AG,GG,CC,GT,AT,CC,CG,AT,CC,CG,AT,TT,GG,GG,TT,TT,AA,CC,GT,GT,CC,TT,CC,GT,TT,GG,AA,TT,CT,AA,AC,GG,CG,GG,CC,GG,CC,TT,CT,AA,TT,AA,AG,TT,TT,CC,AC,GT,AA,AA,GG,CT,TT,AA,AC,GT,AC,AG,TT,NN,AG,TT,TT,CC,GG,TT,GT,AG,GG,CC,AA,GG,AC,AT,GG,TT,TT,GG,GG,NN,CC,AT,GG,AA,AA,CC,GG,AC,TT,CC,AT,TT,GG,CT,CC,TT,CC,CC,CC,AG,AA,AT,TT,CG,AA,AG,AC,CC,GG,GT,CG,TT,AA,AA,NN,CG,GG,CC,GG,CC,GG,CT,AG,CC,CC,CC,CC,AG,TT,CC,AA,CC,CC,AA,TT,AA,AA,CC,CT,CC,GG,AA,AG,AA,CC,GG,CC,CC,AA,AG,AG,TT,GG,AA,GT,CC,GG,CC,TT,GT,CT,CC,AA,TT,CT,AT,TT,GG,CC,AA,CT,CC,CC,CG,CC,AT,GG,AG,CC,TT,CC,GT,TT,GG,AT,AA,AA,TT,CC,CG,AA,CC,CC,GG,AG,AC,GG,NN,AA,AA,CC,GG,AA,AC,AA,AT,GG,TT,TT,AA,GG,GG,AA,CG,TT,TT,AA,GG,AA,TT,AA,TT,CC,TT,AA,CC,TT,GG,AA,GG,GG,AC,TT,CT,GT,GG,TT,AC,AC,AA,NN,CC,CG,GG,CC,GT,AT,AA,CG,TT,GG,CG,CG,AA,AG,CG,AT,CC,AA,AA,AC,CG,AC,TT,AA,GG,AA,AA,AA,AA,AG,GG,AA,AA,AT,GG,AA,AA,AC,AA,CT,AA,AA,GG,GG,GG,TT,AT,AA,TT,TT,TT,AA,AT,GG,GG,AA,6.77,Susceptible,Low,Premium,Medium
L0545,Davangere,Karnataka,Rabi,Black Cotton,Irrigated,430,25.5,58,AC,TT,GG,AG,GG,CC,GG,AT,CC,CC,AA,CC,CC,TT,GT,GG,GG,TT,TT,AG,CC,GT,TT,CT,NN,CC,TT,TT,GG,AA,TT,CC,AA,CC,GG,GG,GG,GG,GG,CC,TT,CT,AC,TT,AG,GG,CT,TT,CC,AA,NN,AT,AA,GG,CC,TT,AA,AA,GG,AC,AG,GT,AT,AA,TT,AT,CC,GG,TT,TT,GG,GG,CC,AA,GG,AC,AT,GG,TT,TT,GG,GG,GG,CC,AA,GG,AA,AT,CC,GT,AC,GT,CT,TT,GT,GG,CT,AA,TT,CC,CC,CG,GG,AG,TT,TT,CC,AA,AA,AA,CC,GG,TT,CG,GT,AA,AA,TT,CG,GG,CC,AG,CC,GT,TT,AA,CC,NN,CC,CC,AA,TT,AC,AA,CC,CC,AA,TT,AG,AA,GG,CC,CC,GG,AA,AA,AA,CC,GT,CC,CC,AA,AA,NN,TT,GG,AC,TT,TT,GG,AA,GG,GG,TT,CG,AA,TT,TT,AA,TT,GG,CC,AA,CT,AC,CC,CG,CC,AA,GG,GG,CC,NN,CC,GT,TT,CG,TT,AA,AG,TT,CC,GG,AC,CC,CC,GG,GG,AC,GG,TT,AA,AA,CC,GG,AT,CC,AA,AA,TT,TT,TT,AA,GG,GT,TT,CG,AT,TT,AA,GG,AA,TT,AA,TT,CC,TT,AC,CC,CT,CG,AG,CC,GG,CC,TT,TT,GT,GG,TT,AA,AA,AG,GG,CC,CG,GG,CC,GG,AT,AG,CC,GT,GG,CG,CG,AA,GG,CC,TT,CC,AA,AA,AC,CC,CC,TT,AA,GG,AA,AA,CC,AC,AG,AA,AG,AA,AT,GG,AA,AG,AC,AA,CT,NN,AA,CG,AG,GG,GT,AA,AA,TT,NN,TT,AG,AT,GG,GG,AA,8.74,Moderate,Medium,Poor,Medium
L0546,Davangere,Karnataka,Rabi,Black Cotton,Irrigated,430,25.5,58,AA,CT,AG,AA,GG,CC,GG,TT,CC,CG,AA,CC,CC,TT,TT,GG,GG,TT,TT,AA,CC,GT,GT,NN,TT,CC,TT,TT,GG,AC,TT,CT,AG,AC,GG,GG,GG,CG,GG,CC,TT,CT,AA,TT,AA,AG,TT,TT,CC,AC,GG,AA,AA,GG,CC,TT,AA,AA,GT,AA,AA,GT,AT,AA,TT,NN,CC,GG,CT,GT,AA,GG,CC,AA,NN,AA,AT,GG,GT,TT,GG,GG,GG,CC,AT,GG,AA,AA,CC,GT,CC,TT,CC,TT,GT,GG,TT,CC,GT,CC,CC,CC,AG,AA,TT,TT,CC,AG,AA,AA,CC,GG,TT,CC,GT,AC,AA,TT,CC,AA,CC,GG,CC,GG,TT,AG,CC,CC,CC,CG,AA,TT,AC,AA,CC,CC,AA,TT,AA,AA,GG,CC,CC,GG,AA,AG,AA,CC,GT,CC,CC,AG,AG,GG,TT,AG,AA,GT,TT,GG,CC,GT,GT,TT,CG,AA,TT,TT,AA,TT,NN,CC,AA,CC,CC,CC,NN,AC,AA,GG,AG,CC,TT,CC,GG,TT,CG,AT,AA,NN,TT,CC,GG,AA,AA,CC,GG,GG,CC,CG,TT,AC,AA,CG,GG,AA,CC,AA,AT,GG,TT,AT,AA,GG,GG,AT,CC,AT,GT,AA,GG,AA,TT,AC,TT,CC,CC,AC,AC,CT,CG,AA,CC,AG,AC,TT,TT,GT,GG,TT,NN,AC,AG,GG,CC,CG,GG,CC,GG,AT,AA,CC,TT,GG,CC,CG,AA,GG,CC,AA,CC,AT,AA,CC,CG,AC,TT,AA,GG,AA,AA,AC,AA,AG,AA,AA,AG,AT,GG,AA,AA,AC,AA,CT,AA,AG,GG,GG,GG,TT,AT,AA,GT,TT,AT,AA,TT,GG,GG,AA,6.81,Susceptible,Medium,Standard,Early
L0547,Davangere,Karnataka,Rabi,Black Cotton,Irrigated,430,25.5,58,AA,TT,AG,AA,GG,CC,TT,TT,CC,CC,NN,CC,CC,AT,NN,GG,GG,TT,TT,AA,CC,TT,TT,CC,AT,CC,TT,AT,GG,AA,TT,CC,AA,NN,GG,GG,GG,CC,GG,AC,TT,TT,AA,TT,AA,AG,TT,TT,CC,AC,GG,AT,AG,GG,CC,GT,AA,NN,GT,AA,AG,TT,AT,AG,TT,TT,CC,GG,TT,GT,AA,GT,CC,NN,GG,AC,NN,GG,TT,TT,GG,GG,GT,CC,AA,GG,AA,AA,CC,GT,AC,TT,CC,TT,GT,GG,CT,NN,TT,CC,CC,CG,GG,AA,NN,TT,CC,AA,AA,AA,CC,GG,TT,CG,GT,AC,AA,TT,CG,AG,CG,GG,CC,GG,CT,AG,CT,CC,CC,CC,AA,TT,CC,AA,CC,CC,AA,TT,AA,AT,GG,CC,CC,GG,AA,AA,AA,CC,GT,CC,CG,AA,AG,GG,TT,GG,AA,NN,TT,GG,CC,GT,TT,TT,NN,AT,TT,TT,AA,TT,GG,CC,AA,CC,CC,CC,CG,CC,AA,GG,AG,CC,TT,CC,GG,GT,CC,AT,AA,AA,TT,AC,CG,AA,CC,CC,GG,GG,AA,GG,TT,AA,AA,CC,GG,AA,CC,AA,AT,GG,TT,TT,AT,GG,GT,AT,CC,AT,TT,AA,GG,AA,TT,AA,TT,CC,TT,AA,CC,TT,CG,AA,CC,AG,CC,TT,CT,TT,GG,AT,AC,CC,AA,GG,CC,CC,GG,CC,GG,TT,AG,CC,TT,GG,CC,CG,AA,AG,CC,AA,CC,AA,AA,AC,CG,AC,AT,AA,GG,AA,AA,AC,AA,AA,AG,AG,NN,TT,GG,AA,AA,CC,AA,CT,AA,AA,GG,GG,GG,TT,AA,AA,TT,TT,TT,AG,TT,GG,GG,AA,7.52,Resistant,Low,Standard,Early
L0548,Davangere,Karnataka,Rabi,Black Cotton,Irrigated,430,25.5,58,AA,CT,GG,AA,GG,CC,TT,TT,CC,CG,AA,TT,CG,TT,GT,GG,GG,TT,TT,AA,CC,GT,TT,CC,TT,CC,TT,TT,GG,AA,TT,CC,AA,CC,GG,CG,GG,CG,GG,CC,TT,TT,AC,TT,AA,GG,TT,NN,CC,NN,GT,AA,AA,GG,CC,TT,AA,AC,TT,AC,AA,TT,AT,AG,TT,AT,CC,GG,TT,GG,AG,GG,CC,AA,AG,AC,TT,GG,GT,TT,GG,GT,GG,CC,AA,GG,AA,AT,CC,TT,AC,TT,CC,AT,GT,GG,CT,AC,GG,CC,CC,CG,AG,AA,TT,TT,CG,NN,AA,AA,CT,GG,TT,CC,TT,AA,AA,TT,CC,GG,CG,GG,CC,GT,TT,AA,CC,CC,CC,CG,AA,TT,CC,NN,CC,CC,AA,TT,AA,AA,CG,CT,CC,GG,AA,AA,AT,AC,GT,CC,CC,AA,AA,GG,GG,GG,AA,GT,TT,GG,CC,GT,TT,CT,CG,AT,NN,CT,AA,TT,CG,CC,AA,TT,CC,CC,CG,CC,AA,GG,GG,CC,TT,CC,GG,TT,CG,TT,AA,AA,GT,CC,GG,AC,AC,CG,GG,GG,CC,GG,TT,AA,AA,CC,GT,AA,AC,AA,AA,GG,TT,TT,AA,GG,GG,AA,CG,AT,TT,AA,GG,AA,TT,AC,TT,CC,TT,AC,AC,CT,GG,AG,CC,AG,CC,TT,NN,GT,GG,TT,NN,CC,AG,GG,CG,CG,GG,CC,GG,TT,AA,CC,TT,GG,CG,CC,AT,GG,CG,AA,CC,AA,AA,CC,CG,AC,TT,AA,GG,AA,AA,AC,AA,AA,AG,NN,AA,TT,GG,AC,AA,AA,AA,CT,AA,AA,GG,GG,GG,TT,AA,AA,TT,TT,TT,AG,AT,GG,GG,AA,5.37,Moderate,High,Premium,Medium
L0549,Davangere,Karnataka,Rabi,Black Cotton,Irrigated,430,25.5,58,AA,TT,GG,AA,GG,CC,GG,TT,CC,CG,AA,CC,CC,AA,TT,GG,GG,TT,TT,AA,CC,GT,TT,CC,TT,CC,TT,TT,GT,AA,TT,CC,AA,CC,GG,GG,GG,CC,GG,CC,TT,TT,AA,TT,AG,GG,TT,TT,CC,AC,GT,AA,AA,GG,CT,TT,AT,AA,GG,AC,AA,TT,AT,AG,TT,AT,CC,GG,TT,GT,AA,GG,CC,AA,GG,AC,AA,GG,TT,TT,GG,GT,GG,CC,AA,GG,AG,AA,CC,GT,CC,TT,CT,TT,TT,GG,TT,AC,GT,CC,CC,CC,AA,AA,TT,TT,CC,AA,AA,AA,CT,GG,TT,CC,TT,AC,AA,TT,CC,GG,CG,AG,CC,GG,CT,AA,CC,CC,CC,CC,AA,TT,CC,AA,CC,CC,AA,TT,AA,AA,GG,CC,CC,GG,AA,AA,AA,AC,GG,CC,CC,AA,AA,NN,TT,AG,AC,TT,CT,GG,AC,TT,GT,TT,CC,TT,TT,TT,AA,TT,GG,CG,GG,CT,CC,CC,CG,AC,AA,NN,AG,CC,TT,CC,GT,TT,GG,TT,AA,AA,TT,CC,CG,AA,CC,CC,GG,GG,AC,GG,TT,AA,AA,CC,GG,AA,AC,AA,TT,GG,GT,TT,AA,GG,GT,TT,CC,TT,TT,AA,GG,AA,TT,AC,NN,CG,CT,AA,CC,CT,GG,AG,CC,AG,CC,TT,TT,TT,GG,TT,AA,AC,AG,GG,CC,CG,CG,CC,GG,TT,AA,CC,TT,GG,CC,CC,AA,GG,CC,AA,CC,AA,AA,AC,CC,CC,TT,AA,GG,AA,AA,AC,AA,AG,AA,AG,AA,AT,GG,NN,AA,AA,AA,CT,AA,AA,GG,GG,GG,TT,AT,AA,GT,AT,TT,AG,TT,GG,GG,AA,9.2,Susceptible,Medium,Premium,Medium
L0550,Davangere,Karnataka,Rabi,Black Cotton,Irrigated,430,25.5,58,AA,NN,AG,AG,GG,CC,GT,TT,CC,CG,AT,CC,CC,AT,TT,GT,GG,TT,TT,AA,CG,TT,GT,CC,TT,CC,NN,AT,GT,AA,TT,CC,AA,CC,GG,GG,GG,CG,GG,CC,TT,TT,AA,NN,AG,AG,TT,TT,CC,CC,GG,AA,GG,GG,CC,TT,AA,AA,TT,AC,AG,TT,TT,AA,CT,TT,CC,GG,TT,GG,AA,GG,CC,AA,GG,AC,AT,GG,TT,TT,GG,GG,GT,CC,AA,GG,AA,AA,CC,GT,CC,TT,CC,TT,TT,AG,TT,CC,GT,CC,CT,CC,AA,NN,TT,TT,CG,AA,AG,AA,CT,GG,GT,CC,TT,AC,AA,TT,CC,AG,CG,GG,CC,GT,TT,AA,CT,CC,CC,CC,AA,TT,AC,AA,CC,CC,AA,TT,AA,AA,GG,CC,CC,GG,AA,AG,AA,CC,GG,CC,CC,AA,AA,AG,GT,GG,AC,TT,TT,GG,CC,GT,TT,TT,CC,AA,GT,TT,AA,AT,CG,CC,AA,TT,NN,CC,NN,CC,AT,GG,AG,CC,TT,CG,GG,TT,CG,AA,AA,AA,TT,CC,GG,AC,CC,CC,GG,GG,AC,GG,TT,AA,AG,CC,GT,AA,CC,AA,AA,GG,TT,TT,AA,CC,GT,AT,CC,AT,GT,AA,GG,AA,TT,AA,TT,CC,TT,AA,CC,TT,CG,AG,NN,AA,AC,TT,CT,TT,GG,TT,AC,CC,AA,GG,CC,CG,GG,CC,GG,AT,AA,CC,TT,NN,CC,CG,AA,GG,CG,AA,CG,AA,AA,CC,CC,NN,TT,AA,GG,AA,AA,AA,AA,AG,AA,AG,AA,TT,CG,AC,AG,AC,AA,TT,AA,AA,GG,GG,GG,TT,AA,AA,TT,TT,TT,AA,TT,CG,GG,NN,7.16,Moderate,High,Standard,Medium
L0551,Davangere,Karnataka,Rabi,Black Cotton,Irrigated,430,25.5,58,AA,TT,GG,AG,GG,CG,GG,TT,CC,CG,AA,CT,CG,AA,TT,GG,CG,TT,TT,AG,CC,GT,GT,CT,TT,CC,TT,TT,GG,AC,CT,CT,AA,CC,GG,GG,GG,CC,GG,CC,TT,TT,AA,GT,AA,AG,TT,AT,CC,AC,GG,AA,AA,GG,CC,GT,AA,AC,GT,AA,AA,TT,AT,AA,CT,TT,CC,GG,TT,GG,AA,GG,CC,AA,AG,AA,AA,GG,GT,TT,GG,GG,GG,CC,AT,GG,AA,AA,CC,GT,CC,TT,CC,TT,TT,GG,TT,CC,GT,CC,CC,CG,GG,AA,AT,TT,CC,AA,AA,AA,CT,GG,GT,CG,TT,AA,AA,TT,CG,AA,CC,GG,NN,GT,TT,AA,CC,CC,AC,CC,AA,TT,NN,AA,CC,CC,AA,TT,AA,AT,GG,CC,CG,GG,AG,AG,AA,CC,GT,CC,CG,AA,AG,GG,TT,AG,AC,TT,CC,GG,CC,TT,TT,TT,CC,AA,GT,TT,AA,TT,GG,CC,AA,CT,CC,CC,CG,CC,AA,AG,NN,CC,TT,CG,GT,GT,GG,TT,AA,AA,TT,CC,CC,AA,CC,CC,GG,GG,CC,GG,TT,AA,AA,CG,GG,AA,CC,AA,AA,GG,TT,TT,TT,GG,GT,AA,CC,TT,TT,AA,GG,AA,CT,AA,TT,CC,CT,AA,CC,CT,CG,AG,CG,GG,CC,TT,CC,GT,NN,TT,AA,AC,AA,GT,CG,CG,GG,CC,GT,AT,AA,CC,GT,AG,CC,CC,AA,AG,CC,AT,CC,AA,AA,CC,CC,NN,TT,AG,GG,AA,AA,AC,AA,GG,AG,AG,AA,TT,NN,NN,AA,AC,AA,TT,AA,AA,GG,GG,GG,GT,AA,AA,TT,TT,TT,AA,AT,CG,GG,AA,7.71,Susceptible,Low,Poor,Early
L0552,Davangere,Karnataka,Rabi,Black Cotton,Irrigated,430,25.5,58,AA,TT,AG,AG,CG,CG,GG,TT,CC,CC,AA,CT,CG,AT,TT,GG,CG,TT,TT,AG,CC,GT,GT,CT,NN,CC,GT,TT,GG,AA,TT,CC,AA,CC,AG,GG,GG,CC,GG,CC,TT,CT,AA,TT,AG,AG,TT,TT,CC,AA,GG,AT,AA,GG,CC,TT,AA,CC,GG,NN,AG,TT,TT,AG,CT,TT,CC,GG,TT,GG,AA,GG,CC,AG,GG,AA,AA,GG,TT,TT,GG,GG,GG,CC,AT,GG,AA,AA,CC,TT,AC,TT,CC,AT,TT,GG,CT,CC,TT,CC,CC,CC,AG,AA,TT,TT,CG,AG,AG,AA,CT,GG,TT,CC,TT,AA,AA,TT,CC,AG,GG,AG,CC,GG,TT,AG,CC,CC,CC,CC,AA,TT,AC,AA,CC,NN,AA,TT,AG,AA,NN,CC,CC,GG,AA,AG,AA,CC,GG,CC,CC,AA,AA,GG,TT,GG,AC,NN,CT,AG,CC,TT,TT,TT,NN,AA,TT,TT,AA,TT,GG,CC,AG,CT,CC,CC,CG,AC,AA,GG,AG,CC,TT,CC,GG,TT,GG,TT,AA,AG,TT,AC,GG,AA,AC,CC,GG,GG,AC,GG,TT,AA,AG,CC,GG,AA,AC,AA,AT,GT,TT,TT,AA,CC,GT,AA,CC,TT,GT,AA,GG,AA,TT,AA,TT,CG,TT,AA,CC,TT,CG,AG,CC,AG,CC,TT,TT,GT,GG,TT,AC,CC,AG,GG,CC,CG,GG,CC,GG,AT,AA,CC,TT,GG,CC,CC,AT,GG,CC,AT,CC,AT,AA,CC,CG,AC,TT,AA,GG,AA,AA,AA,AA,AG,AA,AA,AA,AT,GG,AA,AA,AC,AC,CT,AA,AA,GG,GG,GG,TT,AA,AA,TT,TT,TT,GG,TT,GG,GG,AA,8.59,Moderate,Medium,Poor,Medium
L0553,Davangere,Karnataka,Rabi,Black Cotton,Irrigated,430,25.5,58,AC,CT,GG,AA,CG,CC,GG,TT,CC,CG,AA,CC,CC,TT,TT,GG,CG,TT,TT,AA,CC,GT,GT,CT,TT,CC,TT,TT,GG,AA,TT,CT,AA,AC,GG,GG,GG,CC,GG,CC,TT,TT,AA,TT,AG,AG,TT,AT,CC,AC,GG,AA,AA,GG,CT,TT,AA,AA,TT,CC,AA,TT,NN,AG,TT,AT,CC,GG,CT,GT,AG,GT,CC,AG,GG,AA,AT,GG,TT,TT,GG,GG,GG,CC,AA,GG,AA,AT,CC,GG,CC,TT,CT,TT,TT,AG,CT,CC,TT,CC,CC,CC,AA,AA,TT,TT,CC,AA,AG,AA,CT,GG,TT,CC,TT,AA,AA,TT,CG,AG,CC,GG,CC,GG,TT,AA,CC,CC,CC,CC,AA,TT,CC,AA,CC,CC,AA,TT,AA,AA,GG,CT,CC,GG,AA,AA,AA,CC,GG,CC,CC,AA,AG,GG,GT,GG,CC,NN,CT,AG,CC,GT,GT,TT,CG,AA,GT,TT,AT,AT,CG,CC,GG,CT,AC,CC,GG,AC,AA,GG,AG,NN,TT,NN,GG,TT,GG,AT,AA,AG,TT,CC,GG,AA,AC,NN,GG,AG,AC,GG,CT,AA,AG,CC,GT,TT,CC,AT,AT,GG,TT,AT,AA,GG,TT,TT,CC,TT,GT,AA,GG,AA,CT,AA,TT,CC,TT,AC,CC,TT,CG,AA,CC,AA,CC,TT,TT,TT,GG,TT,AA,AC,AA,GG,CC,CG,GG,CC,GG,TT,GG,CG,GT,GG,CC,CC,AT,GG,GG,AT,CC,AA,AA,CC,CG,AC,TT,AG,GG,AA,AA,AC,AC,AA,AG,AA,AA,AT,CG,CC,AA,CC,AA,CT,AA,AA,CG,GG,GG,GT,AA,AA,TT,TT,TT,AA,NN,GG,CG,AA,9.71,Susceptible,High,Standard,Early
L0554,Davangere,Karnataka,Rabi,Black Cotton,Irrigated,430,25.5,58,NN,CT,GG,AA,GG,CC,GG,TT,CC,CC,AA,CT,CC,TT,TT,GG,CG,TT,TT,AA,CG,TT,GT,CC,TT,CC,GT,TT,GG,AA,TT,CC,AA,CC,AG,GG,GG,GG,GG,CC,TT,CT,AA,TT,AG,AG,TT,TT,CC,AA,GT,AA,AA,GG,CC,TT,AT,AC,GG,AC,GG,GT,TT,AG,TT,AT,NN,GG,CT,GG,AA,GG,CC,AA,GG,AA,AT,GG,TT,TT,GG,GT,GG,CC,AA,GG,AA,AT,CC,TT,CC,TT,CC,TT,GT,GG,TT,NN,GT,CC,CT,CG,AG,AA,TT,TT,CC,AA,AG,AA,CT,GT,TT,CC,GT,AA,AA,TT,CC,GG,CC,GG,CC,GG,TT,AA,CC,NN,CC,CC,AA,TT,CC,AA,CC,CT,AA,AT,AA,AA,CG,CC,CG,GG,AA,AG,AA,CC,GG,CG,CC,AG,AA,AG,TT,GG,AC,GT,TT,AG,AC,TT,GT,TT,CC,AT,TT,TT,AA,TT,NN,CC,AG,CT,CC,CC,CG,CC,AA,GG,AA,CC,TT,CG,GT,TT,GG,TT,NN,AA,TT,CC,CG,AC,AC,CC,GG,GG,CC,GG,TT,AC,AA,CC,GT,AA,AC,AA,NN,TT,GT,TT,AT,GG,GT,AA,CG,AT,TT,AA,GG,AA,CT,AA,TT,CC,CT,AC,CC,TT,GG,AG,CG,AG,CC,TT,CT,GT,GG,TT,CC,AA,AA,GT,CC,CC,GG,CC,GG,TT,AA,CC,TT,GG,CC,CG,AA,GG,CC,AT,CC,AA,AG,AC,CG,AC,TT,AA,GG,AA,AA,AC,AA,GG,AG,AA,AA,TT,GG,AA,GG,AC,AC,CT,AA,AA,GG,GG,GG,TT,AA,AA,GG,TT,TT,AA,AT,CG,CG,AA,6.68,Susceptible,Medium,Poor,Medium
L0555,Davangere,Karnataka,Rabi,Black Cotton,Irrigated,430,25.5,58,AA,TT,AG,AG,NN,CC,GG,AT,CC,CG,AA,CC,CC,TT,GT,GT,GG,TT,TT,AG,CC,GT,TT,CT,TT,CC,TT,TT,GG,AA,TT,CT,AA,CC,GG,GG,GG,CG,GG,CC,TT,TT,AA,TT,AA,AG,TT,AT,CC,AA,GT,AA,AA,GG,TT,GT,AA,CC,GT,AC,AA,GT,AT,AA,TT,TT,CC,GT,TT,GT,AA,GG,NN,AA,GG,AA,AT,GG,TT,TT,GG,GG,GG,CC,AA,GG,AA,AT,CC,GT,CC,GT,CC,TT,TT,GG,TT,AC,TT,CC,CC,CG,GG,AA,TT,TT,CC,AA,AG,AC,CT,GG,TT,CG,GT,AA,AA,TT,CC,GG,CC,GG,CT,GT,TT,AG,CC,CC,CC,CC,AA,TT,CC,AA,CC,CT,AA,TT,AA,AA,GG,CT,CC,AG,AA,GG,AA,CC,GG,CC,CC,AG,AG,GG,TT,GG,CC,TT,CT,GG,CC,GT,TT,TT,CG,NN,GT,TT,AA,AT,GG,CC,AA,CC,AC,CC,CG,CC,AA,GG,AG,CC,TT,CG,GT,GT,CG,TT,AA,AA,TT,AC,CG,AA,AA,CC,GG,GG,NN,GG,TT,AC,AG,CG,GG,AA,CC,AT,AA,GT,TT,AT,AA,GG,GT,AT,CC,AT,TT,AA,GG,AA,TT,AA,TT,CC,CC,AA,CC,TT,CC,AA,CC,GG,CC,TT,CT,TT,GG,TT,AA,CC,AG,GG,CC,CG,GG,CC,GG,TT,AA,CC,GT,GG,CC,NN,AA,GG,CC,AA,CC,AT,AA,CC,CG,CC,TT,AA,GG,AA,AA,AA,AA,AG,NN,AG,AA,AA,GG,AC,AA,AC,AA,TT,AA,AA,GG,GG,GG,GT,AT,AA,GT,TT,TT,AG,TT,GG,GG,AA,6.42,Moderate,Low,Premium,Early
L0556,Davangere,Karnataka,Rabi,Black Cotton,Irrigated,430,25.5,58,AC,CT,GG,AG,GG,CC,GG,TT,CC,CG,AA,CT,CG,AT,TT,GG,GG,TT,TT,AA,CC,TT,GT,CT,TT,CC,TT,TT,GT,AA,TT,CC,AA,CC,AG,GG,GG,CG,GG,CC,NN,TT,AA,TT,AA,AG,TT,TT,CG,CC,GT,AA,AA,GG,CC,TT,AA,AA,GT,AA,AA,TT,AT,AA,TT,AT,CC,GG,TT,GG,AA,GG,CC,AA,AG,AA,AA,GG,TT,TT,AG,GG,GG,CC,AA,GG,AA,AT,CC,TT,CC,TT,CT,AT,TT,GG,TT,CC,GT,CC,CT,CG,GG,NN,TT,TT,CC,AA,AA,AA,CT,GG,TT,CC,GT,AA,AC,TT,CC,AG,CC,GG,CC,GT,NN,AA,CC,CC,CC,CC,AA,NN,CC,AC,CC,CT,AA,TT,AA,AA,GG,CC,CC,GG,AG,GG,AA,CC,GT,CC,CC,AA,AA,GG,TT,GG,AC,TT,CT,GG,NN,TT,TT,TT,CG,AA,TT,CT,AA,TT,GG,CC,AG,CT,CC,AC,CG,AC,AA,AG,AA,CC,TT,CC,GG,TT,GG,AT,AA,AG,TT,CC,CG,AA,CC,CC,CG,GG,AA,GG,TT,AC,AA,CC,GG,AT,CC,AA,AA,GT,TT,TT,AA,GG,GT,AT,CG,TT,TT,AA,GG,AA,TT,AC,TT,CC,TT,AA,CC,TT,CG,GG,CC,AG,AC,TT,CC,GT,GG,TT,AC,CC,AA,GG,CC,CG,GG,CG,GG,AT,AG,CG,TT,GG,CC,CC,AT,GG,CG,AA,CG,AA,AA,AA,CC,AC,TT,AA,GG,AA,AC,AC,AA,GG,AG,AA,AA,TT,GG,NN,AG,CC,CC,NN,AG,AA,GG,GG,GG,TT,AA,AA,TT,TT,TT,AG,TT,GG,GG,AA,4.77,Moderate,Medium,Poor,Late
L0557,Davangere,Karnataka,Rabi,Black Cotton,Irrigated,430,25.5,58,AC,TT,GG,AA,GG,CC,GG,TT,CG,CG,AA,CC,CC,TT,TT,GT,GG,TT,TT,AA,CG,GG,GT,CC,TT,CC,GT,TT,GG,AA,TT,CC,AA,CC,GG,GG,GG,CG,GG,AC,TT,CT,AA,TT,AG,NN,TT,TT,CC,AC,GG,AA,AG,GG,CC,TT,AA,AC,GT,AA,AA,TT,AT,AA,TT,AA,CC,GG,TT,GT,AG,GG,CC,AA,GG,CC,AA,GG,TT,TT,GG,GT,GG,CC,AA,GG,AG,AA,CC,GT,AC,TT,CC,AT,GT,GG,TT,CC,TT,CC,CC,CC,GG,AA,TT,TT,GG,AA,GG,AA,CT,GG,TT,CC,TT,AC,AA,TT,CC,GG,CC,AG,CC,GG,NN,AA,CC,CC,AC,CC,AA,GT,CC,AA,CC,CT,AA,TT,AA,AA,GG,CC,CC,GG,AA,NN,AA,CC,GG,CC,CC,AG,AG,GG,GT,GG,AA,GT,CT,GG,AC,TT,TT,TT,CG,AT,GT,CT,AA,AT,CG,CC,AG,CC,AC,CC,GG,AC,AA,GG,AA,CC,TT,CC,GT,GT,GG,AA,AA,AA,TT,AC,NN,AA,CC,CC,GG,GG,AA,GG,TT,AA,AA,CC,GT,AT,AC,AA,AT,GT,TT,AT,AA,GG,GG,AT,CG,AT,TT,AA,GG,AA,TT,AA,TT,NN,TT,AC,CC,TT,CG,AG,CC,AG,CC,TT,TT,TT,GG,TT,AA,AC,AA,GG,CC,CC,GG,CC,GG,TT,AA,NN,GT,GG,CG,CG,AA,AG,CC,AA,CC,AA,AG,AC,CC,AC,TT,AA,GG,AA,AC,AC,AC,GG,AA,AA,NN,TT,GG,AC,AG,AC,AA,CT,AA,AA,CG,GG,GG,TT,NN,AA,TT,TT,TT,AA,AT,GG,GG,AA,4.73,Susceptible,Low,Poor,Late
L0558,Davangere,Karnataka,Rabi,Black Cotton,Irrigated,430,25.5,58,AA,TT,GG,AA,GG,CC,GT,AT,CC,CC,AA,NN,CG,AT,TT,TT,GG,TT,TT,AG,CC,TT,GT,CT,TT,CC,TT,TT,GG,AA,TT,CC,AA,CC,GG,GG,GG,CG,GG,CC,TT,CT,AA,TT,AA,AA,TT,AT,CC,AA,GT,AA,AA,CG,CC,TT,AA,AA,GT,AA,AA,TT,TT,AA,TT,TT,CC,GT,NN,GG,GG,GG,CC,AA,GG,AA,AT,GG,TT,TT,GG,GT,GT,CC,AT,GG,AA,AA,CC,GT,CC,TT,CT,TT,TT,GG,TT,AC,GG,CC,CC,CG,AA,AG,TT,GT,CC,AA,AA,AA,CT,GG,GT,CG,GT,AC,AA,TT,CC,GG,CC,GG,CC,GG,TT,AG,CC,CC,AC,CC,AA,TT,CC,AA,CC,NN,AA,TT,AA,AA,GG,CC,CC,GG,AA,AG,AA,CC,GG,CC,CC,AA,AA,AG,GG,GG,AA,GG,CT,AG,AC,NN,GT,TT,CC,AA,GT,CT,AA,TT,GG,CC,AA,CT,CC,AC,CG,CC,AA,GG,AG,NN,NN,CC,GG,TT,GG,AT,AA,AA,GT,AC,GG,AA,CC,CC,GG,GG,AA,GG,TT,NN,AA,CC,GG,AA,AC,AT,AA,GG,TT,AT,AA,GG,TT,AA,CC,TT,GT,AA,GG,AA,TT,AA,TT,CC,CT,AA,CC,TT,CG,GG,CC,GG,CC,AT,CT,TT,GG,TT,AA,CC,AA,GG,CC,CC,GG,CC,GG,AT,AA,CC,GT,AG,CC,CC,AT,GG,CC,AA,CC,AT,AA,CC,CG,AC,TT,AA,GG,AA,CC,AC,AA,GG,AG,AA,AA,TT,GG,AA,AG,AC,AA,TT,AA,AG,GG,AG,GG,TT,AA,AG,TT,TT,TT,AG,TT,GG,GG,AA,8.07,Moderate,Medium,Poor,Early
L0559,Davangere,Karnataka,Rabi,Black Cotton,Irrigated,430,25.5,58,AC,TT,GG,AG,GG,CC,GT,AT,CC,CC,AA,CC,CC,TT,TT,GG,GG,TT,TT,AA,CG,GT,GT,CC,TT,CT,TT,AT,GG,AA,TT,CC,AA,NN,GG,CG,GG,CG,GG,CC,TT,CT,AA,TT,AA,AG,TT,TT,CC,CC,GG,AA,AA,GG,CT,GT,AA,AC,TT,AC,AG,TT,TT,AG,TT,TT,CC,GG,TT,GG,AA,GG,CC,AA,GG,AC,AT,GG,TT,TT,GG,GG,GG,CC,AT,GG,AA,AT,CC,TT,AA,TT,CT,TT,TT,GG,TT,CC,TT,CT,CC,CG,GG,AA,TT,TT,CC,AA,GG,AA,CC,GG,GT,CC,GT,AA,AA,TT,CC,GG,CC,GG,CC,GG,CC,AA,CC,CC,CC,CC,AA,TT,CC,AA,CC,CC,AG,TT,AG,AA,GG,CC,CG,GG,AA,GG,AA,AC,GT,CC,CC,AA,AA,GG,TT,GG,AC,TT,TT,GG,CC,GT,GT,CT,CC,AT,GG,CT,AA,TT,GG,CC,GG,CT,AC,AC,GG,CC,AT,AG,AG,CC,TT,CC,GG,GT,CG,AA,AA,AA,TT,CC,CG,AA,CC,CC,GG,GG,CC,GG,TT,AA,AA,CC,GG,AA,AC,AA,AT,GG,GT,TT,AA,CG,GG,AA,CG,TT,GT,AA,GG,AA,TT,AA,TT,CC,TT,AA,CC,TT,CG,GG,CC,AA,CC,TT,TT,GT,GG,TT,AC,AC,AG,GG,CC,GG,GG,CC,GG,NN,AA,CC,GT,GG,CG,CG,AA,GG,CC,AT,CC,AA,AA,AC,CG,CC,TT,AG,GG,AA,AA,AA,AC,AG,AG,AA,AA,TT,CG,AC,AA,AC,AC,CT,AG,AA,GG,GG,GG,TT,AA,AA,GT,TT,TT,AA,TT,GG,GG,AA,9.11,Moderate,Low,Premium,Early
L0560,Davangere,Karnataka,Rabi,Black Cotton,Irrigated,430,25.5,58,CC,TT,AG,AG,CG,CC,NN,AT,CC,CG,AA,CT,CG,TT,TT,GG,CG,TT,TT,AA,CC,TT,GT,CC,TT,CC,GT,TT,GG,AA,TT,CC,AA,CC,GG,CG,GG,CC,GG,AC,TT,CT,AA,GT,AG,GG,TT,TT,CC,CC,GG,AA,AA,GG,CC,GT,AA,AA,GT,AA,AA,GT,AT,AA,CT,TT,CC,GG,TT,GG,AG,GG,CC,AA,GG,AA,AA,GG,GT,TT,GG,GG,GT,CC,AA,GG,AA,AA,CC,TT,AC,TT,CC,AT,TT,AG,TT,CC,GT,CC,CC,CC,GG,AA,TT,GT,CC,AA,AG,AA,CC,GG,TT,CC,TT,AC,AA,TT,CG,AA,CC,GG,CC,GT,CT,AG,CC,CC,CC,CC,AA,TT,CC,AA,CC,CC,AA,TT,AA,AA,CG,CC,CC,GG,AG,AG,AA,CC,GG,CC,CC,AA,AG,AG,TT,GG,NN,TT,TT,GG,AA,TT,GT,TT,CG,AT,TT,TT,NN,AT,GG,CC,AG,CC,CC,CC,GG,CC,AA,GG,AA,CC,TT,GG,TT,TT,GG,TT,AA,AG,TT,AC,GG,AC,CC,CC,GG,GG,AC,GG,TT,AC,AA,CC,GG,AA,AC,AA,AT,GG,GT,AT,AA,GG,GG,AT,CC,AT,TT,AA,GG,AG,CT,AA,TT,NN,TT,AC,CC,CC,CG,AA,CC,AG,CC,AA,CT,TT,GG,TT,AA,AC,NN,GG,CC,CG,GG,CC,GG,AT,AA,CG,NN,GG,CC,CG,AA,NN,CG,AA,CC,AA,AA,AC,CG,CC,TT,AA,GG,AA,AC,AA,AA,GG,AG,AA,AA,TT,GG,AA,AG,AC,AC,CC,AA,AA,CG,GG,CG,TT,AA,AA,TT,TT,TT,AA,NN,GG,GG,AC,6.42,Resistant,Low,Poor,Medium
L0561,Davangere,Karnataka,Rabi,Black Cotton,Irrigated,430,25.5,58,AC,CT,GG,GG,CG,CC,GG,TT,CC,CC,AT,CC,GG,TT,TT,NN,GG,TT,TT,AA,CG,GT,GT,CC,TT,CC,GT,TT,GT,AA,TT,CT,AA,CC,GG,GG,GG,CC,GG,CC,TT,CT,AA,TT,GG,AG,TT,TT,CC,CC,GG,AA,AG,GG,NN,TT,AA,AA,GG,AA,AA,TT,TT,AG,TT,TT,CC,NN,CT,GG,AG,GG,CC,AA,GG,AC,AT,GG,TT,TT,GG,GT,GG,CC,AT,GG,AA,AA,CC,TT,NN,TT,CC,TT,GT,GG,TT,CC,GT,CC,CC,CG,AG,AA,TT,TT,CC,AA,AA,AC,CC,GG,TT,CG,TT,AA,AA,TT,CC,AG,CC,GG,CT,GG,TT,AA,CC,CC,CC,CC,AA,TT,CC,AA,CC,CC,AA,AT,AA,AA,GG,CC,CC,AG,AA,AA,AA,CC,GG,CC,CG,AG,AG,GG,TT,AG,AC,TT,CT,GG,CC,TT,GG,TT,CC,AA,TT,CT,AA,AT,CG,CC,AG,CT,CC,CC,CC,CC,AA,GG,AG,CC,TT,CG,GT,TT,GG,AT,AA,NN,TT,CC,GG,AC,AC,CC,GG,GG,AA,GG,TT,AC,AA,CC,GT,AT,CC,NN,AA,GG,TT,TT,AT,GG,GG,AA,CC,TT,GT,AA,GG,AA,CT,AA,TT,CC,CT,AA,AC,TT,GG,AG,CC,AA,CC,AT,TT,GT,GG,TT,AA,AC,AG,GG,CC,CC,GG,CG,GG,AT,AA,GG,TT,GG,CC,CC,AA,NN,CC,AA,CC,AT,AA,CC,CC,AA,TT,AA,GG,AA,AA,AC,AA,GG,AA,AA,AA,AT,GG,AA,AG,AA,AA,CT,AA,AG,GG,GG,GG,TT,AA,AG,TT,TT,NN,AA,TT,GG,GG,AA,7.11,Susceptible,Medium,Premium,Early
L0562,Davangere,Karnataka,Rabi,Black Cotton,Irrigated,430,25.5,58,CC,TT,GG,AG,GG,CC,GT,TT,CC,CC,AA,CC,CC,AT,TT,GG,GG,TT,TT,AA,NN,TT,TT,CC,TT,CC,GT,TT,GT,AA,TT,CT,AA,CC,GG,CG,GG,CG,GG,CC,TT,TT,AC,TT,AA,GG,CT,AT,CC,AA,GG,AA,AA,GG,CC,TT,AA,NN,TT,AC,AA,TT,TT,AG,TT,AT,CC,GG,TT,GT,AA,GG,CC,AA,GG,AA,AT,GG,TT,TT,GG,GG,GT,CC,AT,GG,AA,AA,CC,GT,CC,TT,CC,TT,NN,GG,TT,CC,GT,TT,NN,CC,AA,AA,TT,GT,CC,AA,AG,AA,CT,GG,NN,CC,TT,NN,AA,TT,CC,GG,CG,GG,CC,GG,TT,AA,CC,CC,NN,CC,AA,TT,CC,AC,CC,CC,AA,TT,AA,AT,GG,CC,CC,GG,AA,AG,AA,CC,GG,CC,CC,AA,AG,AG,NN,AG,AA,TT,TT,GG,AC,TT,TT,TT,CG,AA,GG,CT,AT,TT,GG,CG,AG,TT,AC,CC,GG,CC,AA,GG,GG,CC,TT,CC,TT,GT,CG,TT,AA,AA,TT,AA,GG,AA,CC,CC,GG,GG,AA,GG,TT,AC,AA,CG,GG,AA,AA,AA,AA,TT,TT,AT,AT,GG,GG,AT,CC,AT,GT,AA,GG,AA,CT,AA,TT,CC,TT,AA,CC,CC,GG,AA,CC,AG,CC,TT,TT,GG,GG,TT,AC,CC,AG,GG,CC,CG,GG,CC,GG,AT,AA,CC,TT,AG,CC,CG,AA,AG,CC,AA,CC,AA,AA,AA,CG,AA,TT,AG,GG,AA,AA,AA,AA,AG,AA,AA,AA,AT,CG,AC,AA,CC,AC,TT,AG,AA,GG,GG,GG,TT,AT,AG,GT,NN,TT,AG,TT,GG,GG,AA,8.79,Susceptible,High,Poor,Medium
L0563,Davangere,Karnataka,Rabi,Black Cotton,Irrigated,430,25.5,58,AC,TT,GG,AG,GG,CG,GG,AT,CC,CC,AA,CT,CC,TT,TT,GG,GG,TT,TT,GG,CC,GT,GT,CC,TT,CC,TT,TT,GG,AA,TT,CC,AA,CC,AG,GG,GG,GG,GG,CC,TT,CT,AA,GT,AA,AG,TT,AT,CC,AA,GT,AA,AA,GG,CC,TT,AT,AA,GG,CC,AA,NN,AA,AA,TT,TT,CT,GT,TT,GG,AA,GG,CC,AA,AG,CC,AA,GG,GT,TT,GG,GG,GT,CC,AA,GG,AA,AT,CC,GG,CC,TT,CT,TT,GG,GG,TT,CC,GT,CC,CT,CC,NN,AA,TT,TT,CG,AA,AA,AA,CT,GG,TT,CC,GT,AA,AA,TT,CC,AG,CG,AG,CC,GT,TT,AA,CC,CC,CC,CC,AA,TT,CC,NN,CC,CC,AA,TT,AA,AA,GG,CC,CG,GG,AA,AA,AA,CC,GT,CC,CC,AA,AA,GG,TT,GG,AA,TT,TT,GG,CC,TT,GT,TT,CG,AA,TT,TT,AA,TT,GG,CC,AA,CT,CC,CC,GG,CC,AA,GG,AG,CC,TT,CC,GG,TT,CG,AT,AA,AA,TT,AC,GG,AA,AC,GG,GG,GG,AA,GG,TT,AC,AA,CC,GG,AA,CC,AT,AA,GT,GT,TT,AA,CG,GT,AT,CG,TT,TT,AA,GG,AA,CC,AA,TT,CC,TT,AA,CC,TT,GG,AA,CG,AG,CC,TT,TT,GT,GG,AT,AC,AC,AA,GT,CC,CC,GG,CC,GT,TT,AA,CC,GT,GG,CC,CC,AA,GG,GG,AA,CG,AA,AA,CC,CG,CC,AT,AA,GG,AA,AA,AC,AA,AG,AG,AA,AA,TT,GG,AA,AA,CC,AC,TT,AA,AA,GG,GG,GG,TT,AT,AA,TT,TT,TT,AG,TT,GG,GG,AA,6.68,Moderate,Low,Premium,Early
L0564,Davangere,Karnataka,Rabi,Black Cotton,Irrigated,430,25.5,58,AA,TT,AG,AG,GG,CC,GT,TT,CC,CG,AA,CC,CC,TT,GT,GG,GG,TT,TT,AA,CC,GT,TT,CC,AA,CC,TT,AT,GG,AA,TT,CC,AA,CC,GG,CG,GG,CG,GG,CC,TT,TT,AA,TT,AG,GG,TT,TT,NN,AA,GT,AA,AA,GG,CC,TT,AT,AC,GT,AA,AA,TT,TT,AG,TT,TT,CT,GG,TT,GT,AA,GG,CC,AA,GG,AA,AT,AA,TT,TT,GG,GG,GG,CC,AA,GG,AA,AT,CC,GT,AC,TT,CC,TT,TT,GG,TT,NN,GT,CC,CC,CG,GG,AA,TT,TT,CC,AG,AA,AA,CC,GG,TT,CC,TT,AA,AA,TT,CC,GG,CC,AG,CC,GT,TT,GG,CC,CC,CC,CC,AA,GT,CC,AA,CC,CC,AA,TT,AA,AA,GG,CC,CC,GG,AA,AG,AA,CC,GG,CC,CC,AA,AA,AG,TT,GG,AA,TT,TT,AG,AA,TT,GT,CC,CC,TT,GT,CT,AA,TT,GG,CC,AG,CT,CC,CC,GG,CC,AA,GG,AA,CC,TT,CC,GT,TT,CG,AT,AA,AA,TT,CC,GG,AA,AC,CC,GG,GG,AC,GG,TT,AC,AA,CC,GG,AA,CC,AA,AA,GT,TT,AT,TT,GG,TT,AT,CC,TT,TT,AA,GG,AA,CT,AA,TT,CC,TT,AC,CC,TT,CG,AA,CC,AG,CC,TT,CT,TT,GG,TT,NN,AC,AA,GG,CC,CC,GG,CC,GG,TT,AA,NN,TT,GG,CG,CG,AA,GG,CC,AA,CC,AA,AA,AC,CG,AC,TT,AA,GG,AA,AA,AA,AC,GG,AG,AG,AG,AT,GG,AC,AA,AC,AC,CT,AG,AA,GG,GG,GG,TT,AA,AA,GT,TT,TT,AG,AT,GG,GG,AA,7.13,Susceptible,Medium,Standard,Medium
L0565,Davangere,Karnataka,Rabi,Black Cotton,Irrigated,430,25.5,58,AC,TT,GG,AA,GG,CC,GG,TT,CC,CC,AA,CT,CG,TT,GT,GG,CG,TT,TT,AA,CC,TT,TT,CC,TT,CT,TT,TT,GT,AA,CT,CC,AA,CC,GG,GG,GG,GG,GG,CC,GT,TT,AA,TT,AA,GG,TT,TT,CC,AC,GG,AA,NN,GG,CC,TT,AA,AA,GT,AA,AA,GT,TT,AA,TT,AT,CC,GG,TT,GT,AG,GG,CC,AA,AG,AA,AT,GG,TT,TT,AG,GT,GT,CC,AA,GG,AA,AA,CC,GG,CC,TT,CC,TT,GT,AG,CT,CC,TT,CC,TT,CC,AA,AA,TT,TT,CC,AA,GG,AC,CC,GG,TT,CC,TT,AA,AA,TT,CC,AG,CG,AG,CC,GG,TT,AA,CC,CC,CC,CC,AA,GT,NN,AA,CC,CC,AA,TT,AA,AT,GG,CC,CC,GG,AA,AG,AA,CC,GG,CG,CC,AA,GG,GG,TT,GG,AC,TT,CT,GG,CC,TT,TT,TT,CC,AA,TT,TT,AT,TT,GG,CC,AA,TT,CC,CC,GG,CC,AA,GG,AG,CC,TT,CC,GT,TT,GG,AA,AA,AA,TT,CC,GG,AA,CC,CC,GG,GG,AC,GG,TT,AA,AA,CC,GG,AT,CC,AA,AA,GG,TT,TT,AT,GG,GG,AA,CC,AT,GT,AA,GG,AA,CT,AA,TT,NN,CT,AC,CC,TT,CG,AA,CC,GG,CC,TT,CC,TT,GG,TT,AA,CC,AG,GG,CC,GG,GG,CC,GG,AT,AA,CC,TT,GG,CC,CC,AA,GG,CG,AA,NN,AA,AA,AA,CG,CC,TT,AA,GG,AA,AA,AA,AA,AG,GG,AG,AG,TT,CG,CC,AG,CC,AA,CT,AA,AA,GG,GG,GG,TT,AA,AG,TT,TT,TT,AA,AT,GG,GG,AA,8.06,Resistant,High,Standard,Medium
L0566,Davangere,Karnataka,Rabi,Black Cotton,Irrigated,430,25.5,58,AC,TT,AG,AG,CG,CG,GG,AA,CC,CG,AA,CC,CC,TT,TT,GG,CG,TT,NN,AA,CC,GT,GT,CC,TT,CC,TT,TT,GG,AA,TT,CT,AA,CC,GG,GG,GG,CG,GG,CC,TT,CC,AA,GT,NN,GG,TT,TT,CC,AC,GG,AT,AA,GG,CC,TT,AA,AC,GG,AC,AA,GT,TT,AA,TT,TT,CC,GG,TT,GG,AA,GG,CC,AA,AG,CC,AA,GG,TT,TT,NN,GG,GG,CC,AA,GG,AA,AA,CC,GT,CC,TT,TT,TT,GT,GG,TT,CC,TT,CT,CC,CC,GG,AA,TT,TT,CC,AA,AA,CC,CC,GG,TT,CC,NN,AA,AA,TT,CC,GG,CG,GG,CC,GT,TT,AA,TT,CC,CC,CC,AA,GT,CC,AA,CC,CC,AG,TT,AA,NN,GG,CT,CC,GG,AA,GG,AA,CC,GG,CC,CG,AA,AA,GG,TT,GG,AC,GT,TT,GG,AA,TT,GT,TT,CC,AA,TT,TT,TT,TT,GG,CC,AA,CT,CC,AC,GG,NN,AA,GG,AG,CC,TT,CC,GT,TT,GG,AA,AA,AA,NN,CC,GG,AC,CC,CC,GG,GG,AC,GG,TT,AA,AG,CC,GG,AA,AC,AA,AA,GG,GT,AT,AT,GG,TT,TT,CC,TT,TT,AA,GG,AA,CT,AA,TT,CG,CT,AC,CC,NN,GG,AA,CC,AG,CC,TT,TT,TT,GG,TT,AC,CC,AA,GG,CC,GG,GG,CC,GG,AT,AG,CG,GT,GG,CC,CC,AT,AG,CC,AT,CG,AA,AA,CC,CG,CC,TT,AA,GG,AT,AA,AC,AA,AG,AA,AA,AA,TT,GG,AA,AG,AC,AA,CT,AA,AA,GG,GG,CG,TT,AA,AA,TT,TT,TT,AA,TT,GG,GG,NN,8.66,Moderate,High,Standard,Early
L0567,Davangere,Karnataka,Rabi,Black Cotton,Irrigated,430,25.5,58,CC,TT,AG,AG,GG,CC,GG,TT,CG,NN,AA,CC,CG,AT,NN,GG,CG,TT,TT,AA,CG,GT,GT,CC,TT,CC,GT,TT,GG,AA,TT,CT,AG,CC,GG,GG,GG,CC,GG,CC,TT,CT,AA,TT,AA,AG,TT,TT,CG,CC,GG,TT,AA,CG,CT,TT,AT,AA,GG,AA,AA,TT,TT,AA,TT,TT,CC,GG,TT,GT,AA,GG,CC,AA,AA,AA,AT,GG,TT,TT,GG,GT,GT,CC,AA,GG,AG,AA,CC,TT,CC,TT,CT,TT,TT,GG,TT,CC,TT,CC,CC,GG,GG,AA,TT,TT,CC,AA,GG,AA,CC,GG,TT,CC,TT,AC,AA,TT,CC,GG,CG,GG,CC,GG,CC,AA,CC,CC,CC,CC,AA,TT,CC,AA,CC,CC,AA,TT,AA,AT,GG,CT,CC,GG,AA,AG,AA,CC,GT,CG,CC,AA,AA,AG,TT,GG,AC,GT,TT,AG,CC,GT,TT,TT,CC,AA,TT,TT,AA,TT,CG,CC,AG,CC,CC,CC,CG,CC,AA,GG,AG,CC,TT,CC,TT,TT,GG,AA,AA,AG,TT,CC,CG,AA,CC,CG,GG,GG,AA,GG,TT,AA,AA,CC,GG,AA,CC,AA,AA,GT,TT,TT,AT,GG,GT,AA,CG,AT,TT,AT,GG,AG,CT,AA,TT,CC,TT,AC,CC,TT,GG,GG,CG,AA,AC,TT,TT,TT,GG,TT,AA,AC,AA,GG,CC,CG,GG,CC,GG,AT,AA,CC,TT,GG,CC,CG,AA,GG,CC,AA,CG,AA,AA,AC,CG,AC,TT,AA,GG,AA,AC,AA,AA,GG,AG,GG,AA,TT,GG,AC,AA,AC,AA,CT,AA,AA,GG,GG,GG,GT,AA,AA,TT,TT,TT,GG,AT,GG,GG,AA,8.4,Susceptible,Low,Standard,Medium
L0568,Davangere,Karnataka,Rabi,Black Cotton,Irrigated,430,25.5,58,AC,TT,GG,AA,GG,CC,GT,AT,CC,CG,AA,CC,CC,TT,GT,NN,CG,TT,TT,AA,CC,TT,GT,CC,TT,CC,TT,AT,GT,AA,TT,CC,AA,CC,GG,GG,GG,CG,GG,CC,TT,CT,AA,TT,AA,AA,TT,TT,CC,NN,GG,AA,AA,GG,CC,TT,AA,AC,TT,AC,AA,TT,TT,AA,TT,AT,CC,GG,TT,GG,AA,GG,CC,NN,GG,AA,NN,GG,TT,TT,GG,GG,GG,CC,AA,GG,AA,AT,CC,TT,AC,TT,CC,TT,TT,GG,TT,CC,TT,CT,CC,CC,AG,AA,AT,TT,CC,AA,GG,AA,CT,GG,TT,CC,TT,AC,AA,TT,CC,AG,CC,AG,CC,GG,TT,AA,CC,CC,CC,CC,AA,TT,CC,AA,CC,CC,AA,NN,AA,AA,GG,CC,CC,GG,AG,AA,AT,CC,GG,CC,CC,AA,AA,GG,TT,GG,AA,NN,TT,GG,NN,TT,GT,TT,CC,TT,GT,TT,AA,TT,GG,CC,AA,CC,CC,CC,GG,CC,AA,GG,AG,CC,TT,CG,GT,NN,GG,AA,AA,AA,TT,CC,GG,AA,CC,CC,GG,GG,AA,GG,TT,AA,AA,CC,GG,AA,CC,AA,AA,GG,TT,TT,AT,GG,GG,AA,CG,AT,TT,AA,GG,AA,CT,AA,TT,CC,TT,AC,CC,TT,CG,AG,CC,AA,CC,TT,TT,GT,GG,TT,AA,AC,NN,GG,CC,CC,GG,CC,GG,AA,AA,CC,GT,GG,CC,CG,AA,AG,CG,AA,CC,AA,AA,CC,CC,AC,TT,AA,GG,AA,AA,AA,AA,AG,AA,AA,AA,TT,GG,AA,AA,AC,AA,TT,AA,AA,GG,GG,NN,GT,AT,AG,TT,TT,TT,AG,TT,GG,GG,AA,7.66,Susceptible,Medium,Poor,Medium
L0569,Davangere,Karnataka,Rabi,Black Cotton,Irrigated,430,25.5,58,AA,TT,AG,GG,GG,CC,GT,AT,CC,CC,AA,CC,CC,TT,TT,GG,GG,TT,TT,AA,CC,TT,GT,CT,TT,CC,TT,TT,GG,AA,TT,CC,AA,CC,GG,GG,GG,CG,GG,CC,TT,TT,AA,TT,AA,GG,TT,TT,CC,AA,GT,AA,AG,GG,CC,NN,NN,AA,GG,CC,AA,TT,NN,GG,TT,AA,CC,GG,CT,GG,AA,GG,CC,AA,NN,AA,AT,GG,TT,TT,AG,NN,GG,CC,AA,GG,AA,AA,CC,GT,CC,TT,CT,TT,TT,GG,CT,CC,GT,CT,CC,CG,GG,AA,TT,TT,CC,AA,AA,AA,CC,GG,TT,CG,TT,AA,AA,AT,CG,AG,CC,GG,CC,TT,CT,AG,CC,CC,CC,CC,AG,TT,CC,AA,CC,CC,AA,AT,AA,AA,GG,CC,NN,GG,AA,AG,AA,CC,GG,CC,CC,AA,AG,GG,GT,GG,AA,TT,CT,GG,CC,TT,TT,TT,CC,TT,TT,CT,AA,TT,GG,CC,AA,CT,CC,CC,GG,NN,AA,GG,AG,CC,TT,CC,GT,TT,GG,AT,AA,AA,TT,AC,GG,AC,AC,CC,GG,GG,AA,GG,TT,AA,AG,CC,GG,AA,CC,AT,AA,GT,TT,TT,TT,GG,GT,AA,CG,AT,TT,AA,GG,AA,TT,AA,TT,CC,TT,AC,AC,CT,CG,AA,CC,AG,AC,TT,TT,TT,GG,TT,AC,AC,AG,GG,CC,CC,GG,CC,GG,AA,AA,CC,TT,GG,CC,CC,AT,AG,CC,AT,CC,AA,AA,AC,GG,AC,AT,AA,GG,AT,AA,AA,AA,AG,AG,AG,AA,AT,GG,AA,AA,AC,AC,CT,AA,AA,GG,GG,GG,TT,AA,AA,TT,TT,TT,AA,TT,GG,GG,AA,9.41,Susceptible,Medium,Premium,Late
L0570,Davangere,Karnataka,Rabi,Black Cotton,Irrigated,430,25.5,58,AC,TT,GG,AA,GG,CC,GT,TT,CC,CC,AA,CC,CG,TT,GT,GT,GG,TT,TT,AA,CC,TT,GG,CC,TT,CC,TT,TT,GG,AA,TT,CC,AA,CC,GG,GG,GG,CC,GG,AC,TT,CT,AC,GG,AA,GG,TT,AT,CC,AC,GT,AT,AG,GG,CT,TT,AA,AC,GT,AA,AA,TT,TT,AG,TT,AT,CT,GG,TT,GG,AG,GT,CC,AA,GG,AA,AA,GG,TT,TT,GG,GT,GT,NN,AT,GG,AA,AA,CC,TT,CC,TT,CT,AT,GT,GG,TT,CC,TT,CC,CC,CG,AG,AA,AT,TT,CC,AA,AG,AA,CC,GG,TT,GG,TT,AA,AA,TT,CC,GG,CC,GG,CC,GG,CT,AA,CC,CC,AC,CC,AA,TT,CC,AA,CC,CC,AA,TT,AA,AA,GG,CC,CC,GG,AG,AG,AA,CC,TT,CC,CC,AA,AA,GG,TT,NN,AC,TT,CT,AG,AA,GG,GG,TT,CG,AT,TT,CT,AA,TT,GG,CC,AG,TT,CC,CC,GG,CC,AA,GG,AA,CC,TT,CC,GT,TT,CG,AA,AG,AG,GT,CC,GG,AA,CC,CC,GG,GG,AA,GG,TT,AA,AA,CC,GT,AA,CC,AA,AA,GG,TT,TT,AT,GG,TT,TT,CG,TT,TT,AA,GG,AA,TT,AA,TT,CC,TT,AA,CC,TT,CG,AG,CC,GG,CC,AT,CT,GT,GG,TT,NN,CC,AA,GG,CC,CC,GG,CC,GG,AT,AG,CC,GT,GG,CC,CG,NN,AG,CC,AA,CC,AA,AA,AA,CC,AC,TT,AA,GG,AA,AA,AC,AA,GG,AG,AA,AA,TT,GG,AC,GG,AC,AC,CT,AA,AA,CG,GG,GG,TT,AA,AG,TT,TT,TT,AA,TT,CG,CG,AC,6.25,Resistant,Medium,Poor,Early
L0571,Davangere,Karnataka,Rabi,Black Cotton,Irrigated,430,25.5,58,AA,TT,GG,AA,GG,CC,TT,AT,CC,NN,AA,CC,CG,TT,TT,GG,CG,TT,AT,AA,CG,TT,TT,NN,AT,CC,TT,TT,NN,AA,NN,CC,AA,CC,GG,CG,GG,CG,GG,NN,TT,CC,AC,GT,AG,AG,TT,AA,CG,CC,GG,AA,AA,NN,CT,GT,AT,AA,GG,AA,AA,TT,AA,AA,TT,TT,CC,GG,TT,GG,AG,GG,CC,AA,GG,AA,AA,GG,TT,TT,GG,GG,GG,CC,AA,GG,AA,AA,CC,GT,AC,TT,CC,TT,TT,GG,CT,CC,GT,CC,CC,CC,AA,AA,TT,TT,CC,AA,NN,AA,CC,GT,GT,CG,TT,AA,AA,TT,CG,GG,CC,GG,CC,GT,CT,AA,CC,CC,AC,CC,AA,TT,CC,AA,CC,CC,AA,TT,AA,AA,GG,CC,CC,GG,AA,AG,AA,CC,GG,CC,CC,AA,AA,GG,TT,GG,AA,GT,TT,GG,CC,TT,GT,TT,CC,TT,GT,TT,AA,TT,GG,CC,AA,CC,CC,CC,CG,AC,AA,GG,AG,CC,GT,CC,GT,TT,GG,AT,AA,AA,TT,AC,CG,AA,AC,CC,GG,GG,CC,GG,TT,AC,AG,CC,GG,TT,CC,AA,AA,GT,GT,AT,AA,GG,GT,AA,CC,TT,GT,AA,AG,AG,CT,AA,TT,CC,CT,CC,CC,TT,CG,AG,CC,AG,CC,TT,TT,GT,GG,TT,AC,CC,AA,GG,CC,CC,GG,CC,GG,AT,AA,CC,GT,AG,CC,CC,AA,GG,CG,AA,CC,AA,AA,CC,CC,CC,TT,AA,GG,AA,AA,AA,AA,GG,AA,AA,AA,AT,GG,AA,AG,CC,CC,CT,AA,AA,GG,GG,GG,TT,AA,AG,TT,TT,TT,AG,AT,GG,GG,AA,7.03,Moderate,Low,Standard,Medium
L0572,Davangere,Karnataka,Rabi,Black Cotton,Irrigated,430,25.5,58,AC,TT,GG,AA,GG,CC,GT,TT,CC,CG,AA,CC,CG,TT,TT,GG,GG,TT,TT,AG,CC,TT,TT,CT,AT,CC,TT,TT,GG,AA,TT,CC,AA,CC,GG,GG,GG,CC,GG,CC,TT,CC,AA,GT,AA,GG,TT,TT,CC,AA,GT,AA,AG,GG,CT,TT,AA,AA,GT,CC,AG,TT,AT,AA,CT,AT,CC,GG,TT,GG,AA,GG,CC,AA,GG,AA,AT,GG,TT,TT,GG,GG,GG,CC,AA,GG,AA,AA,CC,GT,AC,TT,CC,TT,TT,GG,CC,CC,TT,CC,CT,CG,AA,AA,AA,TT,CG,AA,AG,AA,CC,GG,TT,CC,TT,AC,AA,TT,CC,GG,CC,GG,CC,GG,CT,AG,CC,CC,CC,CC,AA,TT,CC,AA,CC,CT,AA,AT,GG,AA,CG,CC,CC,GG,AA,GG,AA,AA,TT,CC,CC,AA,AG,AG,GT,GG,AA,TT,TT,AG,AC,TT,TT,TT,CC,AT,TT,TT,AA,AT,GG,CC,AA,CT,CC,CC,GG,CC,AA,GG,AA,CC,GT,CC,TT,TT,GG,AT,AA,AG,TT,CC,GG,AA,AC,CC,GG,GG,AC,GG,TT,AC,AA,CC,GG,AA,AA,AA,AT,GT,TT,NN,AT,CG,GT,AA,CC,AT,GT,AA,GG,AA,TT,AA,TT,CC,CC,AA,CC,TT,CG,AA,CC,AA,AC,TT,CT,GT,GG,TT,AA,CC,AG,GG,CC,CC,GG,CC,GG,AT,AG,CC,GT,GG,CG,CG,AT,GG,CC,NN,CC,AT,AA,CC,GG,AC,TT,AA,GG,AA,AA,AC,AA,GG,NN,AA,AA,TT,GG,AA,AG,AC,AA,CT,AG,AA,GG,GG,GG,TT,TT,AA,TT,TT,TT,AG,TT,GG,GG,AA,8.52,Susceptible,Low,Poor,Early
L0573,Davangere,Karnataka,Rabi,Black Cotton,Irrigated,430,25.5,58,AC,CT,AG,GG,GG,CC,GG,AT,CC,CG,AA,CC,CG,TT,TT,GG,GG,NN,TT,AA,CC,TT,GT,CC,TT,CC,TT,AA,GT,AC,TT,CC,AA,CC,GG,GG,GG,CG,GG,NN,TT,CT,AA,TT,AA,AA,TT,TT,CC,AA,GT,AA,AA,GG,CC,TT,AA,AA,GT,AC,AA,GT,TT,AA,TT,TT,CC,GT,TT,GT,AG,GG,CC,AA,AG,AA,AA,GG,TT,TT,GG,GG,GG,CC,AA,GG,AA,AA,CG,TT,CC,TT,CT,TT,GT,GG,TT,CC,GG,CC,CT,CC,AA,AA,TT,TT,CC,AA,AG,AC,CC,GG,TT,CC,TT,CC,AA,AT,CC,AG,CC,GG,CC,GG,TT,AA,CT,CC,CC,CC,AA,TT,AC,AA,CC,CC,AA,TT,NN,AT,CG,CC,CC,GG,AA,AG,AA,CC,GG,CC,CC,AA,AA,GG,GG,GG,CC,TT,NN,GG,CC,GT,TT,TT,CG,AA,GT,TT,AT,TT,NN,CC,AA,CC,CC,CC,GG,CC,AA,GG,NN,NN,TT,CG,GT,TT,GG,AA,AA,AA,TT,CC,GG,AA,CC,CC,GG,GG,AC,GG,TT,AC,AA,CC,GG,AA,CC,AA,AT,GG,TT,AT,AT,GG,GG,AA,CC,TT,TT,AA,GG,AA,CT,AC,TT,CC,CT,AA,CC,TT,GG,AA,CC,NN,AC,TT,CT,GT,GG,TT,AC,AC,AG,GG,CC,CG,GG,CC,GG,AT,AA,CC,GT,GG,CC,CG,AA,GG,GG,AA,CG,AA,AA,CC,CG,AA,AT,AA,GG,AA,AA,CC,AA,AG,AG,AA,AG,TT,GG,AA,AA,CC,AA,CT,AA,AA,CG,GG,CG,TT,AT,AA,NN,NN,TT,AG,AT,GG,CG,AC,8.51,Resistant,Medium,Poor,Early
L0574,Davangere,Karnataka,Rabi,Black Cotton,Irrigated,430,25.5,58,AC,CT,AG,GG,GG,CG,GT,AT,CC,CC,AA,CC,CG,TT,GT,GT,GG,TT,TT,AG,CC,TT,GT,CC,TT,CT,TT,AT,GG,AA,TT,CT,AA,CC,GG,CG,GG,CC,GG,CC,TT,CT,AA,TT,AA,GG,TT,TT,CC,AA,GG,AA,AG,GG,CC,TT,AA,AC,TT,AA,NN,GT,AA,AA,TT,TT,CC,GG,TT,GG,AG,GG,CC,AA,GG,AA,TT,GG,TT,TT,GG,GT,GG,CC,AA,GG,AA,AA,CC,TT,CC,TT,CT,TT,GT,GG,TT,CC,GG,CC,CC,CG,NN,AA,TT,TT,CC,AA,AA,AA,CC,GG,TT,CC,GG,AA,AA,TT,CC,AG,CC,GG,CC,GG,TT,AG,CC,CC,CC,CC,AG,TT,CC,AA,AC,CC,AA,AT,AA,AA,GG,CC,CC,GG,AG,GG,AA,CC,GG,CC,CG,AA,AA,GG,TT,AG,AA,TT,CT,GG,AC,TT,TT,CT,CG,AA,GT,TT,AA,AT,GG,CC,GG,CT,CC,CC,GG,CC,AT,GG,AA,CC,TT,CC,TT,GT,GG,TT,AG,NN,TT,CC,GG,AA,CC,CC,GG,AG,AA,GG,TT,AC,AA,CC,GG,AA,AC,AA,AA,GT,TT,TT,AA,GG,GT,AA,CC,AA,TT,AA,GG,AA,CT,AA,TT,CC,TT,AA,CC,CT,GG,AG,CC,AA,CC,TT,CC,GT,GG,TT,AA,CC,AG,GG,CC,CG,GG,NN,GG,AT,AG,CG,TT,GG,CC,CG,AA,GG,CC,TT,CC,AA,AA,NN,CC,CC,TT,AA,GG,AA,AC,AA,AA,AG,AA,NN,AA,TT,CG,AA,GG,AC,AC,CT,AA,AA,GG,GG,GG,TT,AA,AA,TT,TT,TT,AG,AT,GG,GG,AA,4.39,Susceptible,Medium,Poor,Early
L0575,Davangere,Karnataka,Rabi,Black Cotton,Irrigated,430,25.5,58,AC,TT,AG,AG,GG,CC,GG,AT,CC,CC,AA,CT,CC,TT,GT,GT,CG,TT,TT,AA,CC,GT,GT,CC,TT,CC,GT,AT,GG,AA,TT,CC,AG,CC,AG,GG,GG,CC,GG,CC,TT,NN,AA,GT,AA,AG,TT,TT,CC,AC,GG,AT,AA,GG,CC,TT,AA,AA,GT,AA,AA,GT,AT,AA,TT,TT,CC,GG,TT,GT,AA,GT,CC,AA,GG,AC,AA,GG,TT,TT,GG,GG,GG,CC,AT,GG,AA,AA,CC,GG,CC,GT,CC,TT,GT,GG,TT,CC,GT,CC,CC,CC,AA,AA,TT,TT,CC,AA,AG,AA,CT,GG,TT,CC,TT,AA,AA,TT,CC,GG,CC,GG,CC,GT,TT,GG,CC,CC,CC,CC,AA,TT,CC,AA,CC,CT,AA,TT,AA,AA,GG,CC,CC,GG,AA,AG,AT,AC,GG,CC,CC,AG,AA,GG,TT,GG,AA,GT,CC,AG,CC,GT,TT,TT,CC,AA,TT,TT,AA,AT,GG,CC,AG,CT,CC,CC,CG,CC,AA,GG,AG,CC,TT,CC,GG,GT,GG,AT,AA,AA,TT,CC,CG,AA,CC,CC,GG,GG,CC,CG,CT,AC,AG,CC,GG,AA,CC,AT,AA,GT,TT,AT,AA,CG,GG,AT,CC,TT,TT,AA,GG,AA,CT,AA,NN,GG,CT,AC,CC,TT,GG,AG,CG,AG,AC,TT,TT,GT,GG,TT,AA,CC,AA,GT,CC,NN,GG,CG,GG,TT,AG,CC,GT,GG,CC,CC,AA,GG,NN,AA,CC,AA,AA,CC,CC,AA,TT,AA,CG,AA,AA,AA,AA,GG,AA,AA,AA,TT,GG,AC,AG,AA,AA,TT,AA,AA,GG,GG,GG,TT,AA,AG,TT,TT,TT,AA,NN,GG,CG,AC,4.85,Resistant,High,Poor,Late
L0576,Davangere,Karnataka,Rabi,Black Cotton,Irrigated,430,25.5,58,AC,CT,AA,GG,GG,CG,GG,TT,CC,CC,AT,CC,CG,TT,GT,GG,GG,TT,TT,AA,CC,TT,GG,CT,TT,CC,TT,AT,GG,AA,CT,TT,AA,CC,GG,GG,GG,CG,GG,CC,TT,TT,AA,TT,AG,GG,TT,TT,CC,AC,GG,AA,AA,GG,CC,TT,AA,AC,GT,AC,AA,GG,TT,AA,TT,TT,CC,GG,TT,GT,AG,GT,CC,AA,AA,AC,AA,GG,TT,NN,GG,GT,GG,CC,AA,GG,AA,AA,CC,GT,CC,GT,CT,TT,GT,GG,TT,CC,GT,CC,CC,CC,GG,AA,TT,TT,CC,AA,AA,AA,CT,GG,TT,NN,TT,AC,AA,TT,CC,GG,CC,GG,CT,GG,CT,AA,CC,CC,CC,CC,AA,NN,CC,AA,CC,CC,AA,TT,AA,AA,GG,CC,CG,GG,AA,AA,AA,CC,GT,CC,CC,AA,AG,GG,TT,GG,AC,TT,TT,GG,CC,GG,TT,CT,CC,AA,TT,TT,AT,TT,NN,CC,AA,CT,CC,NN,GG,NN,AA,GG,AA,CC,TT,CG,GG,GT,CG,AT,AA,AG,TT,CC,GG,AA,CC,CC,GG,GG,NN,CG,CT,AA,AA,CC,GG,AA,CC,AA,AA,GG,TT,AT,AT,GG,GT,AA,CC,TT,GT,AA,GG,AA,TT,AA,TT,CC,CT,AA,AC,CT,GG,AG,CG,AG,CC,TT,TT,TT,GG,TT,AA,AC,AA,GG,CC,CC,GG,CC,GG,AA,AA,CC,TT,GG,CC,CC,AA,GG,CC,AA,CC,AA,AA,CC,CC,AC,TT,AA,GG,AA,AA,AC,AA,AG,AA,AA,AA,TT,GG,AC,AA,CC,AA,TT,AG,AA,GG,GG,GG,TT,AT,AA,TT,TT,TT,AA,TT,GG,CG,AA,8.39,Moderate,Medium,Standard,Early
L0577,Davangere,Karnataka,Rabi,Black Cotton,Irrigated,430,25.5,58,AC,TT,GG,GG,GG,CG,GG,AT,CC,CC,AA,CC,CG,AT,GG,GG,CC,TT,TT,AG,CC,GT,TT,CC,TT,CC,TT,AT,GT,AA,TT,CT,AA,CC,GG,GG,GG,CC,GG,CC,TT,TT,AC,GT,AA,AA,TT,TT,CC,AC,GG,AA,AA,GG,CC,TT,AA,AA,GG,AA,AA,TT,TT,AG,TT,TT,CC,GG,TT,GT,AG,GG,CC,AA,NN,AC,TT,GG,TT,TT,GG,GG,GG,CC,AA,GG,AG,AA,CC,TT,CC,TT,CC,TT,TT,GG,TT,CC,GT,CC,CC,CC,AG,AA,NN,TT,CC,AA,GG,AC,CC,GG,GT,CC,GT,AA,AA,TT,CC,AA,CC,GG,CC,GG,CT,AA,CT,CC,CC,CC,AA,TT,CC,AA,CC,CC,AA,TT,AA,AA,GG,CC,CC,GG,AG,AG,AA,CC,GT,CC,CC,AG,AA,GG,GT,GG,CC,GT,TT,GG,CC,GT,GT,TT,CG,AA,GT,TT,AA,TT,GG,CC,AA,CT,CC,CC,GG,AC,AA,GG,AA,CC,TT,CG,GG,TT,GG,TT,AA,AG,GT,CC,CG,AC,CC,CC,GG,GG,AC,GG,TT,AA,AG,CC,NN,AA,AA,AA,AA,GG,TT,TT,AA,GG,GT,AA,CC,AT,GT,AA,GG,AA,CT,AA,TT,CC,TT,AA,CC,TT,GG,AG,CC,AG,AC,AT,CT,GT,GG,TT,AA,AC,AA,GG,CC,CC,GG,CC,GG,AT,AA,CC,GT,GG,CG,CC,AT,NN,CG,AT,CC,AA,AG,AC,CC,AC,TT,AA,GG,AT,AA,AA,AA,AG,AG,AA,AA,TT,CG,CC,AA,CC,AA,TT,AA,AA,GG,GG,GG,TT,AA,AG,TT,TT,TT,AA,TT,NN,GG,AA,8.03,Susceptible,Low,Poor,Early
L0578,Davangere,Karnataka,Rabi,Black Cotton,Irrigated,430,25.5,58,AC,NN,NN,AG,GG,CC,TT,AT,CC,GG,AA,CT,CG,TT,TT,GG,GG,TT,TT,AG,CC,GT,TT,CT,TT,CC,TT,TT,GG,AC,CT,CC,AG,CC,AG,GG,GG,CC,GG,CC,TT,CT,AA,GT,AG,AG,TT,TT,CC,AC,GT,AT,AA,GG,CC,TT,AA,CC,GT,AC,AA,TT,TT,AG,CT,AT,CT,GG,TT,GT,AG,GG,CC,AA,GG,AA,TT,GG,TT,TT,GG,GT,GT,CC,AT,GG,AA,AA,CC,TT,AC,TT,CC,TT,GT,GG,TT,CC,TT,CC,CC,CC,AG,AA,TT,TT,CG,AA,AG,AA,TT,GG,TT,CC,TT,AA,AC,TT,CG,GG,CG,GG,CC,GT,CC,AA,CC,CC,CC,CG,AA,TT,CC,AA,CC,CC,AA,TT,AA,AT,CG,CC,CC,AG,AA,AA,AA,CC,GG,CG,CC,AG,AG,AG,TT,AG,AA,TT,CT,AG,CC,GT,TT,CT,CC,AT,TT,TT,AT,TT,GG,CC,AG,CC,NN,CC,GG,CC,AA,GG,AA,CC,TT,CG,GG,TT,CG,TT,AG,AA,NN,CC,GG,AC,AC,CC,GG,GG,AA,GG,TT,AA,AA,CC,GG,AT,CC,AA,AT,GG,TT,TT,AT,GG,TT,AA,CC,TT,GT,AA,GG,AA,TT,AA,TT,CC,CT,CC,CC,TT,CG,AA,CC,AA,CC,TT,TT,GT,GG,TT,AC,AC,AA,GG,CC,CC,GG,CC,GG,NN,AA,CC,GT,GG,CC,CC,AT,AG,CC,AA,CC,AA,AA,CC,CG,AC,TT,AA,GG,AA,AA,AC,AA,AG,NN,AG,AA,AT,GG,AA,AG,CC,AA,CT,AA,AA,GG,GG,GG,TT,AT,AA,GT,NN,TT,GG,AT,GG,CG,AA,8.25,Susceptible,Low,Standard,Late
L0579,Davangere,Karnataka,Rabi,Black Cotton,Irrigated,430,25.5,58,AC,TT,AG,GG,GG,CC,GT,TT,CC,CC,AA,CC,GG,AT,TT,GG,GG,TT,TT,AA,CC,GT,GT,CC,AT,CC,TT,AT,GG,AA,CT,CC,AA,CC,GG,CG,GG,CC,GG,CC,TT,CC,AA,TT,AA,AA,TT,TT,CC,AA,GG,AT,AA,GG,CC,TT,AA,AA,GT,AA,AA,TT,AT,GG,TT,TT,CC,GG,TT,GG,NN,GT,CC,AG,GG,AC,NN,GG,TT,TT,AG,GT,GT,CC,AA,AG,AA,AT,CC,GT,CC,TT,CT,TT,TT,NN,CT,CC,GG,CC,CC,CG,AG,AA,TT,TT,CG,AA,AG,CC,CC,GG,GT,CC,TT,AA,AA,TT,CC,AG,GG,AG,CC,GT,TT,AG,CC,CC,CC,CG,AA,TT,CC,AA,CC,CT,AA,AT,AA,AT,GG,CC,CC,GG,AA,AG,AA,AC,GT,CC,CG,AG,AA,AG,GT,AG,AA,GT,TT,GG,CC,GT,TT,CC,CC,AT,TT,TT,AA,NN,GG,CG,AA,CC,CC,CC,GG,CC,AA,GG,AG,CC,TT,CC,GT,TT,CG,TT,AA,AA,GT,CC,GG,AA,CC,CG,GG,GG,AA,GG,TT,AC,AG,GG,GG,AA,CC,AT,AT,GG,TT,TT,AT,CG,GT,AT,CG,AT,GT,AA,GG,AA,TT,AA,TT,CC,TT,AA,CC,CT,GG,GG,CC,AG,CC,TT,TT,GT,GG,TT,AA,CC,AA,GG,CC,CC,GG,CC,GG,TT,AG,CC,TT,GG,CC,CC,AA,AA,CC,AA,CC,AT,AA,CC,CC,CC,TT,AA,GG,AA,AA,AA,AA,AG,AG,AA,AA,TT,GG,AC,AG,AC,AA,TT,AA,AG,GG,GG,GG,TT,AT,AA,TT,AT,TT,AG,AT,GG,GG,AA,8.21,Susceptible,Low,Poor,Early
L0580,Davangere,Karnataka,Rabi,Black Cotton,Irrigated,430,25.5,58,AC,TT,GG,AA,GG,CC,GG,TT,CC,CC,NN,CC,NN,TT,TT,GG,GG,TT,TT,AA,CC,TT,GT,CC,TT,CC,TT,TT,GG,AA,TT,CC,AA,CC,GG,GG,GG,CG,GG,CC,TT,CC,AA,TT,GG,GG,TT,TT,CC,CC,GT,AA,AA,GG,CC,GT,AT,AA,GT,AA,AA,TT,AT,AA,TT,TT,CC,GG,TT,GT,AG,GG,CC,AG,AA,CC,AA,GG,TT,TT,GG,TT,GG,CC,AT,GG,AA,AA,CC,GT,NN,GT,CC,TT,GT,GG,TT,AC,TT,CC,CT,CG,GG,AA,AT,TT,CC,AA,GG,AC,CC,GG,TT,CC,TT,AA,AA,TT,CC,GG,CC,GG,CC,GG,NN,AA,CC,CC,CC,CC,AG,TT,CC,AA,CC,CC,AA,TT,AA,AT,CG,CC,CC,GG,AA,AA,AA,CC,GG,CG,CC,AA,AG,GG,TT,GG,AC,TT,TT,GG,CC,GT,GT,TT,CC,AT,GT,TT,AA,TT,NN,CC,AA,CT,CC,CC,GG,CC,AA,GG,GG,CC,TT,CC,TT,TT,GG,NN,AA,AA,TT,CC,GG,AA,AC,CG,GG,GG,AA,GG,TT,AA,AA,CC,GG,AA,NN,AA,AT,GG,TT,NN,AT,NN,GG,AT,CC,TT,TT,AA,GG,AA,CT,AA,TT,CC,TT,AC,AC,CT,CG,AG,CC,AG,CC,TT,TT,GT,NN,TT,AA,AA,AG,GG,CC,CG,GG,CC,GG,TT,AA,CC,TT,GG,CC,CC,AA,AG,CG,AA,CC,AA,AA,AC,CG,AC,TT,AA,CG,AA,AA,CC,AC,AA,AA,AA,AA,AT,GG,AA,AA,AC,AC,TT,AA,AA,GG,GG,GG,TT,AA,AG,TT,TT,AT,AA,TT,GG,GG,AA,5.76,Moderate,High,Premium,Early
L0581,Davangere,Karnataka,Rabi,Black Cotton,Irrigated,430,25.5,58,AA,CT,GG,AG,GG,CC,GG,TT,CC,CC,AA,CT,CG,AT,TT,GG,GG,TT,TT,AG,CG,TT,GT,CT,AT,CC,TT,TT,GG,AA,TT,CT,AA,NN,AG,GG,GT,CC,GG,CC,TT,TT,AA,TT,AA,AG,CT,AT,CC,AC,GG,AA,AG,GG,CC,TT,AT,AC,GT,AA,AA,GT,AT,AA,CT,AT,CC,NN,TT,GG,AG,GT,CC,AG,AG,CC,TT,GG,GG,TT,GG,GG,GG,CC,AA,GG,AG,AT,CC,GG,CC,TT,CC,TT,TT,GG,CT,AC,TT,CC,CC,CG,AG,AA,TT,TT,CG,AA,AG,AA,CT,GG,TT,CG,GT,CC,AA,TT,CC,GG,CC,GG,CC,GT,TT,AG,CC,CC,AC,CC,AA,TT,CC,AA,CC,CC,AA,NN,AA,AA,CG,NN,CC,GG,AA,AG,AA,CC,GG,CC,CC,AA,AA,GG,TT,GG,AA,TT,TT,GG,AC,GT,GT,TT,CG,AT,GT,TT,AA,AT,CG,CC,GG,TT,CC,CC,GG,CC,AA,GG,AG,CC,TT,CC,GT,GG,CG,TT,AA,AA,TT,CC,GG,AA,CC,CC,CG,GG,AA,GG,TT,AC,AA,CC,GG,AA,AC,AA,AT,GT,TT,AT,TT,GG,TT,AT,CG,TT,GT,AA,GG,AA,TT,AA,TT,CC,TT,AA,CC,CT,GG,AA,CC,GG,CC,AT,TT,TT,GG,TT,AC,AC,AA,GG,CC,CG,GG,CC,GG,AT,AA,CC,TT,GG,CC,CG,AT,GG,CC,AA,CC,AA,AA,CC,CG,AC,AT,AA,GG,AA,AA,AA,AA,AA,GG,AG,AA,AT,GG,AC,AA,CC,AA,TT,AG,AA,GG,GG,GG,GT,AA,AA,GT,TT,TT,AG,TT,GG,GG,AA,7.97,Susceptible,Medium,Poor,Late
L0582,Davangere,Karnataka,Rabi,Black Cotton,Irrigated,430,25.5,58,AC,TT,NN,AG,GG,CC,GG,AT,CC,CC,AT,CC,CG,TT,TT,GT,GG,TT,NN,AA,CC,GT,GG,CT,TT,CC,TT,TT,GG,AA,TT,CC,AA,CC,GG,CG,GG,CC,GT,CC,TT,TT,AA,TT,AG,GG,TT,TT,CC,AA,GG,AA,AG,GG,CC,TT,AA,AA,GG,AC,AG,TT,AT,AA,TT,AT,CC,GG,TT,GG,AG,GT,CC,AA,AA,CC,AA,GG,GT,TT,GG,GG,GG,CC,AA,GG,AA,AT,CC,TT,CC,TT,CC,TT,TT,GG,TT,CC,GG,CC,CC,NN,AG,AA,TT,TT,CC,AA,GG,AA,CT,GG,TT,CG,TT,AA,AA,TT,CC,AG,CG,GG,CC,GT,TT,AA,CT,CC,CC,CC,NN,TT,CC,AA,CC,CC,AA,TT,AA,AT,GG,CC,CC,GG,AG,GG,AA,NN,GG,CC,CC,AA,AG,GG,TT,AG,NN,TT,CT,GG,CC,TT,TT,CT,CC,AA,TT,TT,AT,AT,GG,CC,AA,CT,CC,CC,CG,AC,AA,GG,GG,CC,TT,CC,GT,TT,GG,AA,AA,AA,TT,CC,GG,AC,AC,CC,GG,GG,AA,CG,TT,AA,AA,NN,GG,AT,AC,AA,AA,GG,TT,TT,AA,GG,GT,AA,CG,AT,TT,AA,GG,AA,TT,AA,TT,CC,CC,AA,CC,TT,GG,GG,CC,AG,CC,TT,TT,GT,GG,AT,AC,AC,AA,GG,CC,CG,GG,CC,GG,NN,AA,CC,TT,GG,CC,CC,AA,GG,CC,AT,CC,AA,AA,CC,CG,CC,TT,AA,CG,AA,AA,AA,AA,GG,AA,AG,AA,TT,GG,AA,AG,AC,AA,CC,AA,AA,GG,AG,GG,TT,AT,AG,TT,TT,TT,AA,AA,GG,GG,AA,6.03,Susceptible,High,Premium,Medium
L0583,Davangere,Karnataka,Rabi,Black Cotton,Irrigated,430,25.5,58,AA,TT,AG,AG,GG,CC,GT,TT,CC,CC,AA,TT,CC,AT,GT,GG,NN,TT,TT,AA,CG,GT,GT,CT,TT,CC,NN,TT,GG,AA,TT,CT,AA,CC,GG,CG,GG,CC,GG,AC,TT,TT,AA,TT,AA,AG,TT,AT,CC,CC,GG,AA,AA,GG,CC,GT,AA,AA,GT,AA,AA,TT,TT,AG,TT,TT,CC,GG,TT,GT,AG,GT,CC,NN,GG,AA,AT,GG,TT,CT,GG,GT,GG,NN,AA,GG,AA,AA,CC,GT,CC,TT,CT,TT,TT,GG,TT,CC,TT,CC,CC,CG,GG,AA,TT,TT,CG,AG,AG,AA,CC,GG,TT,CC,GT,AA,AA,TT,CG,AG,CC,GG,CC,GT,TT,AA,CT,CC,AC,CC,AG,TT,CC,AA,CC,CT,AA,TT,AA,AT,NN,CT,CC,GG,AA,GG,AA,CC,GT,CC,CC,AA,AG,GG,TT,GG,AC,TT,TT,GG,AC,TT,TT,TT,CG,AA,GT,TT,AA,TT,GG,CG,AA,CT,CC,NN,CG,CC,AA,GG,AA,CC,TT,CC,GG,GT,GG,AA,AA,AG,TT,CC,GG,AA,CC,CC,GG,GG,AA,CG,CT,AA,AA,CC,GG,AA,AC,AA,AT,GG,TT,AT,AT,GG,GG,AA,CC,TT,GT,AA,GG,AA,TT,AA,TT,CC,CT,AA,CC,TT,GG,AG,CG,AG,CC,TT,CT,GT,GG,TT,AC,AC,AG,GG,CC,CC,GG,CC,GG,AT,AA,CG,GT,GG,CC,CC,AA,AG,CC,AA,CC,AA,AA,AC,CC,CC,TT,AA,GG,AA,AA,AA,AA,GG,GG,AA,AA,AT,GG,AA,AA,AA,AC,CT,AA,AA,GG,GG,GG,TT,AT,AA,TT,TT,TT,AG,TT,GG,GG,AA,8.06,Resistant,Medium,Poor,Late
L0584,Davangere,Karnataka,Rabi,Black Cotton,Irrigated,430,25.5,58,AC,TT,GG,AA,GG,CC,GT,TT,CC,CG,NN,CC,CG,AT,TT,GG,GG,TT,TT,AA,CC,GT,GG,CT,TT,CC,GT,TT,GG,AA,CT,CT,AA,CC,NN,CG,GG,CC,GG,CC,TT,CT,AA,TT,AG,NN,TT,TT,CC,AC,GT,AA,AA,GG,CC,TT,AT,AC,TT,AC,AA,TT,TT,AA,TT,AA,CC,GG,TT,GT,AG,GT,CC,AA,GG,CC,AT,AG,TT,TT,GG,GT,GT,CC,AA,GG,AG,AA,CC,TT,CC,TT,CC,TT,GT,GG,TT,AC,GT,CT,CC,CG,AG,AA,TT,TT,CC,AA,AA,AA,CT,GG,TT,CC,GT,AA,AA,TT,CC,AA,CC,GG,CC,GG,TT,AA,CC,CC,CC,CG,AA,TT,AC,AA,CC,CT,AA,TT,AA,AA,GG,CT,CC,GG,AA,AA,AA,CC,GT,CC,CC,AA,AG,GG,TT,GG,AA,GT,CT,GG,CC,TT,TT,TT,CC,NN,TT,TT,AA,TT,GG,CC,AG,CC,CC,AC,GG,CC,AA,GG,AA,CC,TT,CC,GG,TT,GG,AT,AA,AA,TT,NN,CG,AC,AC,NN,GG,GG,AA,GG,TT,AA,AA,CC,GG,AT,CC,AT,TT,GT,GT,TT,TT,GG,GG,AT,CC,TT,TT,AA,GG,AA,TT,AA,TT,CC,CT,CC,CC,NN,GG,AA,CC,GG,AC,TT,TT,GT,GG,TT,AA,AC,AA,GG,CC,CG,GG,CC,GG,AT,AG,CC,TT,GG,CC,CC,AA,AG,CG,AA,CC,TT,AA,AC,CG,AC,TT,AA,GG,AA,AA,AC,AA,AG,AG,AA,AA,TT,GG,AA,GG,AA,AA,CT,AA,AA,GG,GG,NN,GT,AA,AG,GT,TT,TT,AG,AT,GG,GG,AA,8.51,Susceptible,Medium,Standard,Early
L0585,Davangere,Karnataka,Rabi,Black Cotton,Irrigated,430,25.5,58,AC,TT,GG,AG,GG,CC,GG,AT,CG,CC,AA,CC,CC,AA,TT,GG,GG,TT,TT,AG,CG,TT,TT,CT,TT,CC,GG,TT,GG,AA,TT,CC,AA,CC,GG,GG,GG,CG,GG,CC,TT,CT,AA,TT,AA,GG,TT,TT,CG,AA,GG,AT,AA,GG,CC,TT,AA,AC,GT,AC,AA,TT,AT,AA,CC,TT,CC,GG,TT,GG,AA,GG,CC,AA,AG,AA,AT,GG,TT,TT,GG,GG,GT,CC,AA,GG,AA,AA,CG,GT,AC,TT,CC,AA,GT,AG,CT,CC,GG,CC,CC,GG,AG,AA,AT,TT,CC,AA,AG,AA,CC,GG,GT,CC,GT,AA,AC,TT,CG,GG,CC,GG,CC,GT,CT,AA,CC,CC,CC,CC,AA,TT,CC,AA,CC,CC,AA,TT,AG,AA,GG,CT,CC,GG,AA,AA,AA,CC,GG,CC,CC,AA,AA,GG,TT,AG,AA,TT,CT,GG,CC,TT,GT,TT,GG,TT,GT,TT,TT,TT,CG,CC,AG,CC,CC,CC,CG,CC,AA,GG,AG,CC,TT,CC,GG,TT,GG,TT,AA,AA,TT,AC,GG,AC,CC,CC,GG,GG,AA,GG,TT,AA,AA,CC,GG,AA,CC,AA,AA,GG,GT,AT,AT,GG,GT,AT,CC,TT,TT,AA,GG,AA,CT,AA,TT,CG,TT,AA,CC,CC,CC,AG,CG,GG,CC,TT,CT,TT,GG,AT,AA,CC,AA,GG,CC,CG,GG,CC,GG,AT,AG,CG,GT,GG,CC,CC,AA,AA,CG,AA,CC,AA,AA,AC,CG,AC,TT,AA,GG,AA,AA,AA,AA,AA,AA,AA,AG,TT,GG,AA,AA,CC,AA,TT,AA,AG,GG,GG,GG,TT,AA,AA,GT,TT,TT,NN,NN,GG,GG,AA,6.21,Moderate,Low,Premium,Early
L0586,Davangere,Karnataka,Rabi,Black Cotton,Irrigated,430,25.5,58,AA,TT,GG,GG,GG,CC,GG,AT,CC,CC,AA,CC,CC,AT,GG,GG,GG,TT,TT,AA,CC,TT,TT,CC,TT,CC,TT,TT,GG,AA,TT,CC,AA,CC,GG,GG,GG,CG,GG,AC,TT,CT,AA,TT,AA,AG,TT,TT,CC,AC,GT,NN,AA,GG,CT,TT,AA,AA,GT,AA,AG,TT,TT,AG,CT,TT,CC,GG,TT,GT,AG,GG,CC,AA,AG,AA,AT,GG,GT,TT,GG,GT,GG,CC,AA,GG,AA,AA,CC,GT,CC,TT,CC,TT,TT,GG,CT,CC,GG,CC,CC,CC,AG,AA,TT,TT,CC,AA,AA,AA,CC,GG,GT,CC,TT,AA,AA,TT,CC,GG,CC,GG,CC,GT,TT,AA,CC,CC,CC,CC,AA,TT,CC,AA,CC,TT,AA,TT,AG,TT,GG,CC,CC,GG,AA,AG,AA,CC,TT,CG,CC,AA,AG,GG,TT,GG,AC,TT,CT,GG,CC,TT,TT,TT,CG,AT,TT,TT,AA,TT,GG,CC,AG,CC,CC,CC,CG,CC,AA,GG,AA,CC,TT,CG,GT,TT,GG,AA,AA,AG,TT,CC,GG,AA,CC,CC,GG,GG,AC,GG,TT,AA,AG,CC,GG,AA,AC,AA,AA,GG,TT,AT,AT,CG,GT,AA,CG,AA,TT,AA,GG,AA,CT,AA,TT,CC,TT,AA,CC,CT,NN,AA,CC,AG,CC,TT,TT,TT,GG,TT,AA,AC,AA,GG,CC,CC,GG,CC,GG,TT,AA,CC,TT,GG,CC,CC,AA,GG,CC,AT,CC,AA,AA,AC,CG,CC,TT,AA,GG,AA,AA,AC,NN,AA,AA,AA,AA,TT,GG,AA,AA,AA,AA,TT,AA,AA,CG,NN,GG,NN,AA,AA,TT,TT,TT,AA,AT,GG,NN,AA,9.54,Moderate,Medium,Poor,Medium
L0587,Davangere,Karnataka,Rabi,Black Cotton,Irrigated,430,25.5,58,AA,TT,GG,AA,GG,CC,GG,AA,CC,CG,AT,CC,CC,TT,GT,GT,GG,TT,TT,AA,CG,TT,TT,CT,TT,CC,TT,TT,GG,AA,TT,CC,AA,CC,GG,CC,GG,CG,GG,AC,TT,CC,AA,TT,AA,GG,TT,AT,CC,AC,GG,AA,AA,GG,CC,TT,AT,AA,GT,AC,AG,TT,TT,AA,TT,AT,CC,GG,TT,GT,AA,GG,CC,AA,AG,AA,AT,GG,TT,TT,GG,GG,GG,CC,TT,GG,AA,AA,CC,TT,CC,TT,CT,TT,TT,GG,TT,CC,GT,CT,CC,GG,GG,AA,AT,TT,CC,AA,AA,CC,CC,GG,GT,CC,TT,AA,AA,TT,CC,GG,CC,GG,CC,GG,TT,AA,CC,CC,CC,CG,AA,TT,CC,AA,CC,CC,AA,TT,AG,AA,GG,CC,CC,GG,AA,AA,AA,AC,GG,CC,CC,AA,AG,GG,TT,GG,AA,TT,CT,GG,AC,GT,TT,TT,CG,TT,TT,TT,AA,TT,GG,CC,AG,TT,CC,CC,CG,CC,AA,GG,AA,CC,TT,CC,TT,GT,GG,TT,AA,AA,GT,AC,GG,AA,CC,CG,GG,GG,AC,CG,TT,AA,AA,CC,GG,TT,AC,AA,AT,GG,TT,TT,AA,GG,TT,AA,CC,TT,GT,AA,GG,AG,TT,AC,TT,CC,TT,CC,CC,TT,CC,AG,CC,NN,CC,AT,TT,GT,GG,TT,AC,AC,AA,NN,CC,CG,GG,CC,GG,AT,AA,CG,GT,GG,CC,CG,AA,GG,CG,AT,CC,AA,AA,NN,CC,CC,TT,AA,GG,AA,AA,CC,AA,AA,AG,GG,AA,TT,GG,AA,AG,CC,AA,CT,AG,AA,GG,GG,GG,TT,AA,AG,GT,TT,TT,AG,TT,GG,GG,AA,7.53,Moderate,High,Poor,Medium
L0588,Davangere,Karnataka,Rabi,Black Cotton,Irrigated,430,25.5,58,AA,TT,GG,NN,GG,CC,GG,TT,CC,CG,AT,TT,CG,AT,TT,GT,CC,TT,TT,AG,CC,GT,GT,NN,TT,CC,TT,NN,GT,AA,TT,CC,AA,CC,GG,GG,GG,CC,GG,CC,TT,CT,AC,TT,AG,AG,TT,TT,CC,AC,GG,AT,AA,GG,CC,GT,AA,AA,GG,AC,AA,GT,TT,AG,TT,TT,CT,GG,CT,GG,AG,GG,CC,AA,GG,AA,AA,GG,TT,NN,GG,GT,GG,CC,AA,GG,AA,AA,CG,GT,CC,TT,CC,TT,GT,GG,TT,CC,GT,CT,CC,CG,AA,AA,TT,TT,CC,AA,GG,AA,CC,GG,TT,CC,TT,AA,AC,TT,CG,GG,CG,AG,CC,GG,TT,AA,CC,CC,CC,CC,AA,TT,CC,AA,CC,CC,AA,TT,AA,AT,GG,CT,CC,GG,AA,AG,AA,AC,GG,CC,CC,AA,AG,AG,TT,GG,AA,GT,TT,GG,CC,GT,TT,CT,CC,AA,TT,TT,AT,TT,CG,CG,AG,CC,CC,CC,GG,CC,AA,GG,AA,CC,GT,CC,GT,TT,GG,TT,AA,AA,TT,CC,CG,AA,CC,CC,GG,GG,AC,GG,TT,AA,AA,CC,GG,AT,CC,AA,AA,GG,TT,AT,AT,GG,TT,AT,CG,TT,GG,AA,GG,AA,CT,AA,TT,CC,TT,NN,NN,CT,GG,AA,CC,GG,CC,TT,CT,TT,GG,AT,AA,AC,AA,GG,CC,CC,GG,CC,GG,AT,AA,CG,GT,GG,CC,CC,AT,GG,CG,AA,CC,AT,AA,CC,CG,AC,AT,AA,GG,AA,AC,AC,AA,GG,AA,AA,AA,AT,GG,AC,AA,CC,AC,CT,AA,AA,GG,GG,GG,GT,AA,AA,TT,TT,TT,AA,AT,GG,GG,NN,6.75,Resistant,Medium,Standard,Medium
L0589,Davangere,Karnataka,Rabi,Black Cotton,Irrigated,430,25.5,58,AC,TT,GG,AA,GG,CC,GG,TT,CC,CC,AA,CC,CG,AT,TT,GG,GG,TT,TT,AA,CC,GT,TT,CC,TT,CC,TT,TT,GG,AA,TT,CC,AA,CC,GG,CG,GG,CG,GG,CC,TT,CT,AC,TT,AA,AG,TT,TT,CC,CC,GG,AT,NN,GG,CC,GT,AA,NN,GT,AA,AG,TT,NN,AG,TT,AT,CC,GG,TT,GT,AA,GG,CC,AA,GG,AC,TT,GG,TT,TT,GG,TT,GT,CC,AT,GG,AA,AA,CG,GG,AC,TT,CT,AT,TT,AG,TT,CC,TT,CC,NN,CC,GG,AG,TT,TT,CC,AA,GG,AA,CT,GG,TT,CC,GT,AC,AA,TT,GG,AG,CG,GG,CT,GG,TT,AA,CC,CC,CC,CC,AA,TT,CC,AA,CC,CC,AG,TT,AA,AT,GG,CC,CC,GG,AG,AA,AT,CC,GT,CC,CG,AA,AG,AG,TT,AG,AC,GT,TT,GG,CC,TT,GG,CT,CC,AA,GT,CT,AA,TT,GG,CC,AG,CT,CC,CC,CC,CC,AA,GG,AG,CC,TT,CC,TT,TT,GG,AT,AA,AG,TT,CC,GG,AA,AC,CC,GG,GG,AC,GG,TT,AA,AA,CC,GG,AA,CC,AA,AT,GG,TT,AT,AA,GG,GG,AT,CC,TT,TT,AA,GG,AA,CT,AA,TT,CC,TT,AA,CC,CT,GG,AG,CG,GG,CC,TT,TT,GT,GG,TT,AC,AA,AA,GG,CC,CC,CG,NN,GG,TT,AA,CC,GT,GG,CC,CC,AT,GG,CC,AT,CC,AA,AA,AC,CC,CC,TT,AA,GG,AA,AA,AA,AA,AG,AG,AA,AA,AT,CG,AA,AA,AA,AC,TT,AA,AA,GG,NN,GG,TT,AA,AA,TT,TT,TT,GG,AT,GG,GG,AA,7.49,Moderate,Medium,Premium,Late
L0590,Davangere,Karnataka,Rabi,Black Cotton,Irrigated,430,25.5,58,AA,TT,AG,AA,GG,CG,GG,TT,CC,GG,NN,TT,CC,TT,TT,GT,CG,TT,TT,AG,CC,TT,TT,CC,TT,CC,TT,TT,NN,AA,TT,CT,AA,CC,GG,CG,GG,CC,GG,AC,TT,NN,AA,GT,AA,AG,CT,TT,CC,AC,GG,AA,AA,CG,CC,GT,AA,AC,GG,CC,NN,TT,AT,AG,TT,AT,CC,GG,CT,GG,AA,GT,CC,AA,GG,CC,AA,GG,TT,TT,AG,GT,NN,CC,AA,GG,AA,AA,CC,GT,CC,TT,CC,TT,GT,GG,NN,CC,GG,CC,CT,CG,GG,AA,TT,TT,CC,AA,AG,AA,CC,GG,TT,CC,TT,AA,AA,TT,CC,GG,CC,GG,CT,GT,CT,AA,CC,CC,CC,CC,AA,TT,CC,AA,CC,CC,AA,TT,AA,AA,GG,CC,CC,GG,AA,AG,AT,CC,GT,CC,CC,AG,AA,AG,TT,GG,AA,TT,TT,GG,CC,NN,GT,TT,GG,AA,TT,TT,AT,AT,GG,CC,AA,CC,CC,CC,GG,NN,AA,GG,AA,CC,TT,CC,GT,TT,GG,AA,AA,AA,TT,AC,GG,AA,CC,CC,GG,GG,AA,GG,TT,AA,AA,CC,GG,AA,AC,AA,AA,GG,TT,AT,AT,GG,GT,AT,CC,AT,TT,AA,GG,AA,CT,AA,TT,CC,TT,NN,CC,TT,CG,GG,CC,AG,CC,TT,TT,GT,GG,AT,AA,AC,AA,GG,CC,CG,GG,CC,GT,TT,AA,CG,TT,GG,CC,CG,AA,AA,CC,AT,CC,TT,AA,CC,CC,AC,TT,AA,CG,AA,AA,AC,AA,AG,GG,AG,AA,TT,CG,AA,AG,AC,AA,CC,AG,AA,GG,GG,GG,TT,AT,AG,GT,TT,TT,AG,AT,GG,GG,AC,6.99,Resistant,Low,Standard,Late
L0591,Davangere,Karnataka,Rabi,Black Cotton,Irrigated,430,25.5,58,AA,TT,GG,AA,GG,CG,GG,TT,CC,CC,AA,CC,CC,TT,TT,GG,GG,TT,TT,AA,CC,TT,TT,CC,TT,CC,TT,TT,GG,NN,TT,CC,AA,CC,GG,CG,GG,CG,GG,CC,TT,CT,AA,TT,NN,AG,TT,AA,CC,AA,GT,AA,AA,GG,CC,TT,AT,AA,GG,AC,AA,GT,TT,AA,TT,AT,CC,GG,CT,GT,AA,GG,CC,AA,GG,AC,NN,GG,GT,TT,GG,GT,GG,CC,AA,GG,AA,AT,CC,GT,CC,TT,CT,TT,GT,GG,TT,CC,TT,CC,CC,CG,GG,AA,AT,GT,CC,AA,AA,AA,TT,GG,TT,CC,TT,CC,AA,AT,CG,AA,CC,GG,CC,GT,TT,AA,CC,CC,CC,CC,AA,NN,CC,AA,NN,CC,AA,TT,AA,AA,GG,CT,CC,GG,AA,AA,AA,AC,GT,CC,CC,AA,AA,GG,TT,GG,AA,TT,CC,AA,AC,TT,GT,CT,CC,AA,TT,TT,AA,TT,GG,CC,AG,CC,CC,CC,CG,CC,AA,GG,AG,CC,TT,CG,GG,TT,GG,AT,AA,GG,TT,CC,GG,AA,CC,CC,GG,GG,AC,GG,TT,AC,AA,CC,GT,AA,AC,AA,AT,GT,GT,TT,AT,GG,NN,TT,CG,TT,TT,AA,GG,AA,TT,AC,TT,CC,TT,AA,CC,TT,CG,AG,CC,GG,CC,TT,CT,TT,GG,TT,AC,AC,GG,GG,CC,CC,GG,CC,GG,TT,AG,CC,GT,GG,NN,CG,AA,GG,CC,AA,CC,AA,AA,AC,CC,CC,TT,AA,GG,AA,AC,AC,AA,AG,AG,AA,AA,TT,GG,AC,AA,AC,AC,TT,AG,AA,GG,GG,NN,TT,AT,AA,GT,TT,TT,AA,TT,GG,GG,AA,9.16,Susceptible,Medium,Poor,Medium
L0592,Davangere,Karnataka,Rabi,Black Cotton,Irrigated,430,25.5,58,CC,TT,AG,AG,GG,CC,GG,AT,CC,GG,AA,CT,CG,AT,TT,GG,GG,TT,TT,AG,CC,TT,TT,CC,TT,CC,TT,TT,GG,AA,TT,CC,AA,CC,GG,GG,GG,CC,GG,CC,TT,NN,AC,GT,AA,GG,TT,AA,CC,CC,GG,AA,AA,GG,CC,TT,AT,AC,GG,AA,AA,TT,TT,AG,TT,AT,CC,GG,TT,GG,AG,GG,CC,AA,AA,AC,AT,GG,GT,TT,GG,GT,GG,CC,AA,AG,AA,AT,CC,TT,CC,TT,NN,TT,TT,GG,CT,CC,TT,CC,CC,CC,AG,AA,TT,TT,CC,AA,GG,AC,CC,GG,TT,CG,TT,AA,AA,NN,CC,GG,CG,GG,CC,GG,TT,AG,CC,CC,CC,CG,AA,GT,AC,AA,CC,CT,AA,TT,AA,AA,GG,CC,CC,GG,AA,AG,AA,CC,GT,CC,CC,AA,AA,GG,TT,GG,CC,TT,CT,GG,CC,TT,TT,TT,CC,AT,TT,TT,AA,TT,GG,CC,AG,TT,CC,CC,GG,AC,AA,GG,AA,CC,TT,CC,GT,TT,GG,AT,AA,AA,TT,AC,GG,AA,CC,CC,GG,GG,AA,CG,TT,AC,AA,CC,GG,AA,CC,AA,AT,GG,TT,TT,AA,GG,GT,AA,CG,TT,GT,AA,GG,AA,CT,AA,TT,CC,CT,AC,CC,TT,GG,AG,CG,AG,CC,TT,TT,GT,GG,TT,AC,CC,AA,GG,CC,CC,GG,CC,GG,AT,AA,CG,TT,GG,CC,CC,AA,AG,CC,AA,CC,AA,AA,AC,CG,AC,AT,AA,GG,AA,AA,AC,AA,AG,AG,AA,NN,AT,GG,AC,AA,CC,AA,CT,AG,AA,GG,GG,CG,NN,AA,AG,GT,TT,TT,AG,AT,GG,GG,AA,7.2,Moderate,High,Premium,Medium
L0593,Davangere,Karnataka,Rabi,Black Cotton,Irrigated,430,25.5,58,AC,TT,GG,AG,CG,CC,GT,TT,CC,GG,AA,CT,CC,TT,TT,GG,CG,TT,TT,AA,CC,TT,GT,CT,TT,CC,NN,TT,GG,AA,TT,CT,AA,AC,GG,CG,GG,CG,GG,CC,TT,TT,CC,NN,AA,GG,TT,AT,CC,NN,GG,AA,AG,NN,CC,TT,AT,AC,GT,AC,AA,TT,AT,AA,NN,AT,CC,GG,TT,GT,GG,GG,CC,AA,AG,AA,AA,GG,GT,CT,GG,GT,GG,CC,AA,GG,AA,AT,CG,TT,CC,TT,CT,TT,GT,GG,CT,CC,TT,CC,NN,CG,AA,AA,TT,TT,CC,AA,AA,AA,CC,GG,TT,CG,GT,AA,AA,TT,CG,NN,CG,NN,CC,GG,CC,AA,CT,CC,CC,CC,AA,TT,CC,AA,CC,CC,AA,NN,AA,AA,CG,CT,CC,GG,AA,AA,AA,AC,GT,CC,CG,AA,AG,GG,TT,GG,AA,TT,TT,GG,CC,TT,GT,TT,CC,AT,GG,TT,AA,AT,GG,CC,AA,TT,NN,CC,GG,CC,AA,GG,AA,CC,TT,CC,GG,GT,GG,TT,AA,AA,TT,CC,NN,AA,AC,CC,GG,NN,AA,GG,CT,NN,AA,CC,GG,AA,CC,AA,AA,GG,GT,AT,AA,CG,GT,AT,NN,AT,NN,AA,GG,AA,TT,AC,TT,CC,CT,AA,CC,TT,GG,AA,CC,AA,CC,TT,TT,GT,GG,TT,AA,CC,AA,GG,CC,CC,GG,CC,GG,AT,AA,CC,TT,GG,CG,CC,AA,GG,CC,AA,CC,AA,AA,CC,CC,NN,TT,AA,GG,AA,AA,AA,AA,AA,GG,AG,AA,AT,GG,CC,AA,AC,CC,CT,AA,AG,GG,GG,GG,TT,AA,AG,TT,TT,TT,AA,TT,GG,CG,AA,7.61,Resistant,Medium,Premium,Early
L0594,Davangere,Karnataka,Rabi,Black Cotton,Irrigated,430,25.5,58,AA,TT,AA,AA,GG,CC,GG,TT,CC,CG,AT,CC,CC,AT,TT,GG,GG,TT,TT,AA,CC,TT,GG,CC,AT,CC,TT,TT,GG,AA,TT,CC,AA,CC,GG,CG,NN,GG,GG,CC,TT,TT,AA,NN,AA,NN,CT,TT,CC,CC,GG,AA,AG,GG,CT,TT,AA,AC,TT,AC,AG,TT,AT,AA,TT,TT,CC,GG,TT,GT,AA,GG,NN,AA,GG,AC,AA,GG,TT,TT,GG,GT,GG,CC,NN,GG,AA,AA,CC,TT,CC,TT,NN,AT,TT,GG,CT,CC,GT,CC,CC,CC,GG,AG,AT,TT,CG,AA,GG,AA,CT,GG,TT,CC,TT,AA,AA,TT,GG,GG,CG,GG,CC,GG,TT,AA,CC,CC,AC,CC,AA,TT,CC,AA,CC,CC,AA,NN,AA,AA,GG,CT,CC,GG,AA,AA,AA,CC,GG,CC,CC,AA,AG,GG,TT,GG,AA,TT,TT,GG,AC,GT,TT,TT,CG,AA,TT,CT,AT,TT,GG,CC,AA,NN,CC,CC,CG,CC,AA,GG,AA,CC,TT,CC,GT,GT,CG,TT,AG,AA,TT,CC,GG,AA,CC,CC,GG,GG,AA,GG,TT,AC,AA,CC,GG,AA,CC,AT,AT,GG,TT,AA,AT,GG,GT,AA,CC,AT,TT,AA,GG,AA,TT,AA,TT,CC,TT,AA,AA,TT,GG,AG,CC,AG,CC,TT,TT,GT,GG,TT,AA,CC,AA,GG,CC,CC,GG,CC,GG,AT,AG,CG,GT,AG,CC,CC,AA,GG,CC,AT,CC,AT,AG,CC,CG,AC,TT,AA,GG,AA,AC,AC,AA,AG,AG,AA,AA,AT,GG,AA,AA,AC,AA,CC,AA,AA,GG,GG,GG,TT,AA,AG,GT,TT,TT,AG,TT,GG,GG,AA,6.74,Susceptible,Medium,Poor,Early
L0595,Davangere,Karnataka,Rabi,Black Cotton,Irrigated,430,25.5,58,AA,TT,GG,AG,CG,CC,GG,TT,CC,CC,AA,TT,CC,TT,TT,GG,CG,TT,TT,AA,CG,TT,TT,CT,TT,CC,GT,TT,GG,AA,CT,CC,AA,CC,GG,CG,GG,CG,GG,CC,TT,TT,AA,TT,AA,GG,TT,TT,CC,AC,GG,AA,AG,GG,CC,GG,AA,AA,GG,AC,AG,TT,TT,AG,TT,TT,CC,GG,TT,GG,AA,GG,CC,AA,GG,AA,AT,GG,TT,TT,GG,TT,GG,NN,AA,GG,AA,AA,CC,TT,AC,TT,TT,TT,TT,AG,TT,AC,TT,CT,CC,CC,AG,AA,AT,TT,CC,AG,AG,AC,CC,GG,TT,CC,GT,AA,AA,TT,CC,GG,CC,GG,CC,GT,TT,AA,CT,CC,CC,CC,AG,TT,AC,AA,CC,CT,AA,TT,AA,AT,GG,CT,CG,AG,AA,GG,AA,AC,GG,CC,CC,AG,AG,AG,TT,GG,AC,TT,TT,AG,AA,TT,TT,TT,CG,TT,TT,TT,AA,TT,GG,CC,AA,CC,CC,CC,GG,CC,AA,GG,AA,CC,TT,CC,GT,TT,GG,AT,AG,AA,TT,CC,GG,AA,CC,CC,GG,GG,AA,GG,TT,AC,AA,CC,GG,AT,CC,AT,AT,GG,TT,AA,AT,CG,GG,AT,CG,TT,GT,AA,GG,AA,TT,AA,TT,CC,TT,AC,AC,TT,GG,GG,CC,AG,CC,TT,CT,GT,GG,TT,AA,AC,AA,GG,CC,CG,GG,CC,GG,NN,GG,CC,TT,GG,CC,CG,AA,GG,CC,AA,CG,AA,AA,AC,CC,AC,TT,AA,NN,AA,AA,AA,AA,GG,AG,AA,AA,TT,CG,AC,GG,CC,AA,TT,AA,AA,GG,GG,GG,TT,AA,AA,NN,TT,AT,AG,TT,GG,GG,AA,7.21,Susceptible,High,Poor,Medium
L0596,Davangere,Karnataka,Rabi,Black Cotton,Irrigated,430,25.5,58,CC,TT,GG,AA,GG,CC,GT,TT,CC,CG,AA,CT,CG,AT,TT,GG,GG,TT,TT,AG,CC,TT,GT,CC,TT,CC,TT,TT,GG,AA,TT,CC,AA,CC,GG,CG,GG,CG,GG,CC,NN,CT,AA,TT,AG,AA,TT,TT,CC,AC,GG,AA,NN,GG,CC,TT,AT,AA,GT,AC,AA,TT,AT,AA,TT,TT,CC,GG,TT,GT,AA,GG,CC,AA,GG,AA,AT,GG,TT,TT,GG,GT,GT,CC,AT,AG,AA,AT,CC,TT,CC,TT,CT,TT,TT,GG,TT,CC,TT,CC,CT,CC,AG,AA,TT,TT,CC,AA,AA,AC,CC,GG,TT,CC,TT,CC,AA,TT,CG,GG,CG,GG,CC,GG,TT,AA,CC,CC,CC,CC,AA,TT,AC,AA,CC,CT,AA,AT,AA,AA,GG,CC,CC,GG,AA,AA,AA,CC,GG,CG,CC,AA,AG,AG,GT,AG,AA,TT,CT,GG,AC,TT,GT,TT,CC,AA,GT,TT,AA,TT,GG,CC,AA,CC,AC,CC,GG,CC,AA,AG,AA,CC,TT,CC,GG,TT,GG,AT,AA,AG,TT,CC,CC,AA,CC,CC,GG,GG,AA,GG,TT,AC,AG,CC,GT,AA,CC,AA,AA,GT,TT,TT,AT,GG,GG,AA,CC,AT,GG,AA,GG,AA,CT,AC,TT,CC,CT,AA,CC,TT,GG,AA,CC,AA,CC,AT,TT,NN,GG,TT,AC,NN,AA,GG,CC,CG,GG,CC,GG,AT,AA,CC,GT,GG,CC,CC,AT,GG,CG,AT,CC,AA,AA,AC,CC,AC,TT,AA,GG,AA,AA,AC,AC,AG,AG,AA,AA,AA,GG,AC,AG,CC,AA,TT,AA,AA,GG,GG,GG,TT,AA,GG,TT,TT,TT,AG,TT,GG,GG,AA,10.16,Resistant,Low,Poor,Early
L0597,Davangere,Karnataka,Rabi,Black Cotton,Irrigated,430,25.5,58,AC,TT,GG,AG,CG,CC,GT,AT,CC,CC,AA,CC,CC,TT,TT,GG,GG,TT,TT,AA,CC,GT,TT,CT,TT,CC,TT,TT,GG,AA,TT,CT,AA,CC,GG,CG,NN,CC,GG,CC,TT,NN,AA,TT,AA,GG,TT,TT,CC,AC,GG,AA,AG,GG,CT,TT,AT,AA,TT,AC,AA,GT,AT,AA,CT,AT,CC,GG,NN,GG,AG,GG,CC,AA,GG,AC,AT,GG,TT,TT,GG,GG,GG,CC,AA,GG,AA,AA,CC,GG,CC,TT,TT,TT,GT,GG,TT,CC,TT,CC,CC,CC,AG,AA,TT,TT,CC,AA,AG,AA,CT,GG,TT,CC,TT,AC,AA,TT,CC,GG,CC,GG,NN,GG,NN,AA,CT,CC,CC,CC,AA,TT,AC,AA,CC,CC,NN,TT,AA,AT,GG,CT,CC,GG,AA,AG,AA,CC,GT,CC,CG,AA,AA,GG,GT,GG,CC,TT,CT,NN,AC,TT,TT,TT,CC,TT,GT,CT,AT,TT,GG,CC,AG,CC,NN,AC,CG,CC,AA,GG,AG,CC,TT,CC,GG,TT,GG,TT,AA,AA,TT,CC,GG,AA,AC,CC,GG,GG,AC,GG,TT,AA,AA,CC,GG,AA,CC,AA,AA,GG,TT,AT,TT,GG,GG,AA,CG,TT,TT,AA,GG,AA,CT,AA,TT,CC,TT,AA,CC,TT,CG,NN,CC,AG,CC,AT,TT,GT,GG,TT,AA,AC,AA,GG,CC,GG,GG,CC,GG,AT,AA,CG,GT,GG,CC,CC,AA,GG,CC,AA,CC,AA,AA,AC,CC,AA,TT,AA,GG,AA,AA,CC,AA,AG,AG,AA,AA,TT,GG,AA,AA,AC,AC,TT,AA,AA,GG,GG,CG,GT,AA,AG,NN,TT,AT,AG,AT,GG,GG,AA,6.65,Susceptible,High,Standard,Medium
L0598,Davangere,Karnataka,Rabi,Black Cotton,Irrigated,430,25.5,58,AC,TT,GG,GG,CG,CC,GG,AT,CC,CC,AA,CC,CG,AT,TT,TT,CG,TT,TT,AA,CC,GT,TT,CC,TT,CC,TT,AT,GG,AA,TT,CC,AA,CC,AG,GG,GG,CC,GG,CC,TT,TT,AA,GT,AA,GG,TT,AT,CC,AC,GG,AA,AA,GG,CC,TT,AT,AA,TT,AC,AG,TT,TT,AG,CT,TT,CC,GG,TT,GG,AA,GG,CC,AA,GG,CC,AA,GG,TT,TT,GG,GG,GG,CC,AA,GG,AA,AA,CC,TT,CC,NN,TT,TT,TT,AG,CT,CC,TT,CC,CT,GG,AA,AA,NN,NN,CC,AA,GG,AC,CC,GT,NN,CG,TT,AA,AC,TT,CC,GG,CC,GG,CC,GG,CT,AA,CC,CC,CC,CC,AA,TT,CC,AA,CC,CC,AA,TT,AA,AA,GG,CC,CC,GG,AA,AA,AA,CC,GT,CC,CC,AA,AG,GG,TT,GG,AC,GT,CT,GG,AC,TT,TT,TT,CC,AA,TT,TT,AA,TT,CG,CC,AA,CT,CC,CC,GG,CC,AA,GG,GG,CC,TT,CG,GG,GT,CG,AT,AG,AA,TT,CC,GG,AA,AC,CC,GG,GG,AC,GG,TT,AA,GG,CC,GT,AA,AC,AA,NN,GG,TT,TT,AA,GG,GG,AA,CG,AT,TT,NN,GG,AA,TT,AA,TT,CC,TT,AA,CC,TT,GG,AG,CC,AG,CC,TT,TT,TT,GG,TT,AA,AA,AA,GG,CC,CG,GG,CC,GG,TT,AA,CG,TT,GG,CC,CC,AA,GG,CC,AT,CC,NN,AG,AC,CG,AC,TT,AA,CG,AA,AA,AA,AC,AG,AG,AA,AA,TT,GG,AA,AA,CC,AA,TT,AA,AA,CG,GG,GG,GT,AT,AA,TT,TT,TT,AA,TT,GG,GG,AA,8.37,Resistant,Medium,Standard,Early
L0599,Davangere,Karnataka,Rabi,Black Cotton,Irrigated,430,25.5,58,AA,TT,GG,AG,CG,CC,GG,TT,CC,CG,AA,CC,CG,TT,TT,GG,GG,TT,TT,AA,CC,TT,TT,CC,TT,CC,TT,TT,GG,AA,TT,CC,AA,CC,GG,GG,GG,CC,GG,CC,TT,TT,AA,TT,AA,GG,TT,TT,CC,AC,GG,AA,AA,GG,CC,GT,AA,AA,GT,AC,AA,GG,AT,AA,CT,TT,CC,GG,TT,GT,AA,GG,CC,AG,GG,NN,AA,GG,TT,TT,GG,GG,GG,CC,AT,AG,AA,AA,CC,GT,AC,TT,NN,TT,TT,AG,TT,NN,TT,CC,CC,CC,AG,AA,AT,TT,CC,AA,AG,AA,CT,GG,GT,CC,GT,CC,AC,TT,CC,AG,CC,AA,CC,GG,CT,AG,CT,CC,CC,CC,AA,TT,CC,AA,CC,CT,AA,TT,AA,AT,GG,CC,CC,GG,AG,AG,NN,AC,GG,CC,CC,AA,AA,GG,TT,GG,AC,GT,CC,GG,CC,TT,TT,TT,CC,AT,GT,TT,AA,TT,GG,CC,AG,CC,CC,CC,CG,CC,AA,GG,AG,CC,TT,CC,GG,GT,GG,AT,AA,AA,TT,CC,GG,AA,AC,CC,GG,GG,AC,GG,TT,AA,AA,CC,GT,AA,AC,AA,AT,GG,GT,AT,TT,CG,TT,AT,CC,NN,TT,AA,GG,AA,CT,NN,TT,CC,TT,AA,CC,TT,CC,GG,CC,NN,CC,TT,CT,TT,GG,AT,AA,CC,AA,GG,CC,NN,GG,CC,GG,TT,AG,CC,TT,GG,CC,CC,AA,AG,GG,AT,CG,AT,AG,CC,CC,CC,TT,AA,GG,AA,AA,AC,AA,AG,AA,AA,NN,AT,GG,AA,AG,AC,AA,CT,AG,AG,GG,GG,GG,TT,AT,AA,TT,TT,TT,AG,AT,GG,GG,AA,8.83,Susceptible,Low,Standard,Early
L0600,Davangere,Karnataka,Rabi,Black Cotton,Irrigated,430,25.5,58,AA,TT,AG,AG,GG,CC,GT,TT,CC,CG,AA,CC,CC,AT,TT,GG,CC,TT,TT,AA,CC,TT,GT,CT,AT,CC,TT,AT,GT,AA,TT,CT,AG,AC,GG,CG,GG,CG,GG,CC,TT,TT,AA,TT,AA,GG,CT,TT,CC,AC,GG,AA,AA,GG,CT,TT,AA,AC,GT,AA,AG,GT,TT,AA,TT,TT,CC,GG,TT,GG,AG,GG,CC,AA,GG,CC,AA,AG,GT,TT,GG,GT,GT,CC,AA,GG,AA,AA,CC,GG,CC,TT,CC,TT,GT,GG,TT,CC,TT,CT,CT,CG,AG,AA,TT,TT,CC,AA,AG,AC,CC,GG,TT,CG,GT,AA,AA,TT,CC,GG,CG,GG,CC,TT,CT,AA,CC,CC,AC,CC,AA,TT,CC,AA,CC,CC,AA,TT,AA,NN,CG,CT,CC,GG,AG,AG,AT,CC,GG,CC,CC,AA,AA,GG,TT,GG,AC,TT,TT,GG,AC,TT,TT,TT,CG,AA,TT,TT,AT,TT,GG,CC,AA,CT,CC,AC,CC,AC,AA,NN,AG,CC,TT,CC,GT,TT,GG,AT,AA,AA,TT,CC,CG,AC,AC,CC,GG,GG,AA,GG,NN,AC,AA,CC,GG,AT,AC,AA,AT,GG,TT,AT,AT,GG,GT,AT,CC,AT,GT,AA,GG,AA,TT,AA,TT,CC,TT,AA,CC,TT,GG,AA,CG,AG,AC,TT,CT,TT,GG,TT,AA,AC,AG,GG,CC,CC,GG,CC,GG,AT,AA,CC,TT,GG,CC,CG,AA,AG,CG,AT,CC,AT,AA,AC,CG,AC,TT,AG,GG,AA,AA,AC,AC,GG,GG,AA,AA,TT,GG,AA,AA,AC,AA,CT,AA,AA,GG,NN,CG,TT,AA,AA,TT,TT,TT,AA,TT,GG,GG,AA,9.8,Susceptible,Low,Standard,Late
L0601,Davangere,Karnataka,Rabi,Black Cotton,Irrigated,430,25.5,58,AA,CT,GG,AG,GG,CG,GG,TT,CC,CG,AA,CC,CG,TT,TT,GT,CC,TT,TT,AA,CC,GT,GT,CC,TT,CC,GT,TT,GG,AA,TT,CT,AA,CC,AG,CG,GT,CG,GG,CC,TT,CT,AA,TT,AA,AA,TT,AT,CC,AA,GT,AA,AA,GG,CT,TT,AA,AC,GG,AC,AA,TT,AT,AA,TT,TT,CC,GG,TT,GT,AA,GG,CC,AA,GG,AC,AT,GG,TT,TT,GG,GG,GG,CC,AA,GG,AA,AA,CC,TT,AC,TT,CC,TT,TT,GG,CT,CC,TT,CC,CC,CG,GG,AA,TT,TT,CC,AA,AA,AA,CC,GG,TT,CG,GT,AA,AC,TT,CC,AA,CC,GG,CC,GT,CT,AA,CC,CC,CC,CC,AA,TT,CC,AA,CC,CT,AA,TT,AA,AA,GG,CT,CC,GG,AA,AA,AA,AA,GG,CC,CC,AA,AA,GG,TT,GG,AA,TT,CT,AG,CC,TT,TT,TT,CC,AA,TT,TT,NN,TT,GG,CC,AG,CC,CC,CC,CG,CC,AA,GG,AG,CC,TT,CG,GG,GT,NN,AT,AG,NN,TT,CC,GG,AA,CC,CC,GG,GG,AA,GG,TT,AA,AG,CC,GG,AA,AC,AA,AA,GG,TT,TT,AT,GG,NN,AT,CC,TT,GT,AA,GG,AA,NN,AA,TT,CC,TT,AC,CC,TT,GG,AG,CG,GG,CC,AT,CT,GG,GG,TT,AC,AC,AA,GG,CC,CC,GG,CC,GG,TT,AA,CC,TT,GG,CC,CC,AA,GG,CC,AA,CC,AA,AA,AC,CG,CC,TT,AA,GG,AA,AA,AA,AA,GG,AA,AA,AA,AA,GG,AA,AA,AA,AA,CC,AA,AA,GG,GG,GG,TT,AA,AA,TT,TT,TT,AA,TT,GG,CG,AA,8.16,Susceptible,Low,Poor,Late
L0602,Davangere,Karnataka,Rabi,Black Cotton,Irrigated,430,25.5,58,AC,CT,GG,GG,GG,CC,GT,TT,CC,CG,TT,CC,CC,TT,TT,GG,GG,TT,TT,AA,CG,TT,GT,CC,AT,CC,TT,TT,GG,AA,TT,CC,AA,CC,GG,GG,GG,CG,GG,AC,NN,NN,AA,TT,AG,NN,TT,TT,CC,AC,GG,AA,NN,GG,CC,TT,AA,AA,GT,AC,AA,TT,AT,GG,TT,AT,CC,GG,TT,GG,AG,GG,CC,AA,GG,AA,AA,GG,TT,TT,AG,GT,GT,CC,AT,GG,AA,AA,CC,TT,CC,TT,CC,TT,TT,GG,CT,AC,TT,CC,CT,NN,AG,AA,TT,TT,CC,AA,AA,AC,CC,GG,TT,NN,GT,AA,AA,TT,CC,NN,CC,AG,CT,GG,CT,AA,CT,CG,CC,CC,AA,TT,CC,AA,CC,CT,AA,TT,AG,AA,GG,CC,CC,GG,AA,AG,AA,CC,GT,CC,CG,AG,AA,GG,TT,GG,AA,GT,TT,GG,AA,GT,GG,TT,CG,AT,TT,TT,AA,TT,GG,CC,AG,CC,CC,CC,NN,CC,AA,GG,AA,CC,TT,CC,GG,TT,GG,AT,AA,AA,TT,CC,CG,CC,CC,CC,GG,GG,AC,GG,TT,AA,AA,CC,NN,AA,CC,AA,AA,GG,TT,TT,AT,CG,GT,AT,CC,AT,TT,AA,GG,AA,CT,AA,TT,CC,TT,NN,AC,CC,GG,AG,CG,AG,AC,TT,TT,TT,GG,TT,AA,AC,AG,GG,NN,CG,GG,CC,GT,AT,AA,CC,GT,GG,CC,CC,AA,GG,CC,AT,CG,AT,AG,CC,CC,AA,TT,AA,GG,AA,AA,AC,AA,GG,AA,AG,AA,TT,GG,AA,AA,AC,AA,CC,AA,AG,GG,GG,CG,TT,AA,AA,TT,TT,TT,AA,NN,GG,GG,AC,8.99,Resistant,Low,Poor,Medium
L0603,Davangere,Karnataka,Rabi,Black Cotton,Irrigated,430,25.5,58,AA,TT,GG,AA,GG,CC,GG,AT,CC,GG,AA,CC,CC,TT,GT,GG,GG,TT,TT,AA,CG,TT,GT,CC,TT,CC,TT,TT,GG,AA,TT,CC,AG,CC,GG,GG,GG,GG,GG,AC,TT,TT,AA,TT,AG,AG,TT,TT,CC,AA,GG,AA,AG,GG,CC,TT,AA,AA,GT,CC,AA,TT,TT,AG,TT,TT,CC,GG,TT,GT,AG,GG,CC,AA,GG,AC,AT,GG,TT,TT,GG,GG,GG,CC,AA,GG,AA,AT,CC,GT,CC,TT,CT,TT,GG,GG,TT,CC,TT,CC,CT,CC,GG,AA,TT,TT,CC,AG,GG,AA,CC,GG,TT,CC,GT,AA,AA,TT,CC,AG,CG,AG,CC,TT,TT,AA,CC,CC,CC,CC,AA,NN,CC,AA,CC,CC,AA,TT,AA,AT,GG,CC,CC,GG,AA,AG,AA,AC,GT,CC,CC,AA,AA,GG,TT,GG,AA,GT,CC,GG,AC,TT,TT,TT,CC,AA,GT,TT,AA,AT,GG,CG,AA,CT,AC,CC,CG,CC,AA,GG,AG,CC,TT,CC,GG,TT,GG,AT,AA,AA,GT,AC,CG,AA,CC,CC,GG,AG,AA,CG,CT,AA,AA,CC,GG,AA,AC,AA,AA,GG,TT,TT,AT,CG,GT,AA,CC,AT,GT,AA,GG,AA,TT,AA,TT,CG,TT,AA,CC,TT,CG,AA,CC,AG,CC,TT,TT,GT,GG,AT,AA,CC,AG,GT,CC,CC,GG,CC,GG,AT,AA,CC,TT,GG,CC,CG,AA,GG,CC,AA,CC,AT,NN,AC,CG,CC,AT,AA,GG,AA,AA,AC,AA,AG,AG,AA,AA,TT,GG,AA,AA,CC,AA,TT,AG,AG,GG,GG,GG,TT,AT,AA,GT,TT,TT,AG,TT,GG,GG,AA,5.6,Susceptible,Medium,Poor,Medium
L0604,Davangere,Karnataka,Rabi,Black Cotton,Irrigated,430,25.5,58,AA,TT,GG,AA,GG,CG,GG,TT,CC,CG,AA,CC,CC,TT,TT,GG,CG,TT,AA,AA,CC,TT,TT,CC,TT,CC,GT,AT,GT,AA,TT,CC,AA,AC,GG,CG,GG,GG,GG,CC,TT,CT,AA,TT,AA,AA,TT,TT,CC,AC,GG,AA,AA,GG,CC,TT,AA,AC,GT,AC,AA,TT,TT,AG,TT,TT,CT,GG,TT,GT,AG,GG,CC,AA,GG,AC,TT,GG,TT,TT,GG,GT,GG,CC,AA,GG,AA,AA,CC,GG,CC,TT,CC,AT,GT,GG,TT,CC,TT,CC,CC,CC,AG,AA,TT,NN,CC,AA,NN,AC,CC,GG,TT,CC,TT,AA,AC,TT,GG,AG,CG,GG,CC,GG,TT,AA,CC,CC,CC,CG,AA,TT,AC,AA,CC,CC,AA,TT,AA,AA,GG,CC,CC,GG,AA,AG,AA,CC,GG,CC,CC,AA,AA,GG,TT,GG,CC,TT,CT,GG,CC,GT,TT,TT,CC,AA,GT,TT,AA,AT,GG,CC,AA,CC,CC,AC,CC,CC,AA,GG,AA,CC,TT,CC,GG,TT,GG,AT,AA,AA,GT,AC,GG,AC,CC,CC,GG,GG,CC,GG,TT,AC,AA,CC,GT,AA,AC,AA,AT,GG,TT,TT,AT,GG,GG,AT,CG,TT,GT,AA,GG,AA,CT,AA,TT,CC,TT,AC,AC,TT,GG,AA,CC,AG,CC,AT,NN,GG,GG,TT,AA,CC,AG,GG,CC,CC,GG,CC,GG,TT,AA,CC,GT,GG,CC,CC,TT,GG,CG,AA,CC,AT,AA,CC,CG,AC,TT,AA,GG,AT,AC,AA,AA,AG,AG,AA,AG,AT,GG,AA,AA,AC,AA,TT,AA,AA,GG,GG,GG,TT,AA,AA,GT,TT,TT,AG,TT,GG,GG,AA,6.37,Susceptible,Low,Poor,Medium
L0605,Davangere,Karnataka,Rabi,Black Cotton,Irrigated,430,25.5,58,AC,TT,GG,AA,CG,CC,GG,TT,CG,CG,AA,CC,CG,AA,TT,GG,GG,TT,TT,AA,CC,GG,GT,CC,TT,CC,TT,AT,GG,AA,TT,CC,AA,CC,GG,GG,GG,CC,GG,CC,TT,NN,AA,GT,AA,GG,CT,TT,CC,AC,GG,AA,AA,GG,CC,TT,AA,AC,GG,AA,AG,TT,AT,AA,TT,AT,CC,GG,TT,GT,AA,GG,CC,AA,GG,CC,AT,GG,TT,TT,GG,NN,GG,CC,AA,GG,AA,AT,CG,TT,CC,TT,NN,TT,GT,GG,CT,CC,GT,CC,CC,CG,AG,GG,TT,TT,CC,AA,AG,AC,CC,GG,TT,CC,TT,AA,AA,TT,CC,GG,CC,GG,CC,GT,TT,AA,CC,CC,NN,CC,AA,TT,CC,AA,CC,CC,AA,AT,AA,AA,GG,CT,CC,GG,AA,AG,AA,CC,GG,CC,CC,AA,NN,GG,TT,GG,AA,TT,CT,GG,AA,GT,TT,TT,CC,AA,GT,TT,AA,TT,GG,CC,AA,CT,CC,CC,CG,CC,AA,GG,AA,CC,TT,CC,GG,GG,GG,AT,AA,AG,TT,CC,CG,AA,CC,CC,GG,GG,AA,GG,TT,AA,AA,CC,GG,AA,CC,AA,AT,GT,TT,TT,TT,GG,TT,AT,CC,TT,TT,AA,AG,AA,TT,AA,TT,CG,TT,AA,CC,TT,GG,AA,CC,AA,CC,TT,CT,TT,GG,AT,AC,CC,AA,GT,CC,GG,GG,CC,GG,AT,AA,CC,TT,GG,CC,CG,AA,GG,CC,TT,CC,AA,AA,AC,CC,CC,TT,AA,GG,AA,AC,AC,AA,AA,AA,AG,AA,TT,CG,AC,AG,AC,AA,CT,AA,AG,GG,AG,GG,TT,AT,AA,GT,TT,TT,AA,TT,GG,CG,AA,8.17,Susceptible,Low,Poor,Late
L0606,Davangere,Karnataka,Rabi,Black Cotton,Irrigated,430,25.5,58,CC,CT,GG,AG,GG,CC,GT,AT,CC,CG,AA,CC,GG,TT,TT,GG,CG,NN,TT,AA,CG,TT,GT,CC,TT,CC,TT,TT,GT,AA,TT,CT,AA,CC,GG,CG,GG,CG,GG,CC,TT,TT,AA,TT,AA,GG,TT,TT,NN,CC,GT,AA,AG,GG,CT,TT,AA,AA,GG,AC,AA,TT,AT,AA,TT,TT,CC,GG,TT,GG,AA,GG,CC,AA,AG,AA,AA,GG,TT,TT,GG,TT,GG,CC,AA,GG,AA,AA,CG,TT,CC,TT,CT,TT,TT,AA,TT,CC,TT,CC,CT,CG,AG,AA,TT,TT,CC,AA,AG,AA,CC,GG,TT,CC,TT,AA,AA,TT,CC,AA,CC,GG,CC,GT,TT,AG,CC,CC,CC,CC,AG,TT,AC,AA,CC,CC,AG,AT,AA,AT,CG,CC,CC,NN,AA,GG,AA,AC,NN,CC,CC,AA,GG,GG,TT,GG,AC,TT,TT,AG,AC,TT,TT,TT,CC,AT,GT,TT,AA,AT,GG,CC,NN,CC,CC,CC,CG,CC,AA,GG,AG,CC,TT,CC,GT,TT,CG,AT,AA,AA,TT,AC,GG,AA,AC,CG,GG,GG,NN,GG,TT,AA,AA,CC,GG,AA,CC,AA,AA,GT,TT,NN,AA,CG,GT,AT,CC,AT,TT,AA,GG,AA,CT,AA,TT,CC,NN,AA,CC,CT,GG,GG,CC,AA,CC,TT,CT,GT,GG,TT,AA,AA,AG,GG,CC,CC,GG,CC,GG,AA,AG,CC,GT,GG,CC,CC,AA,AG,CC,AA,CG,AA,AA,AC,CC,CC,TT,AA,GG,AA,AA,AC,AA,AA,AA,AG,AA,TT,GG,AA,AA,AC,AA,TT,AA,AA,CG,GG,CG,GT,AA,AA,TT,TT,TT,AG,TT,GG,GG,AA,7.31,Moderate,Low,Poor,Early
L0607,Davangere,Karnataka,Rabi,Black Cotton,Irrigated,430,25.5,58,AC,TT,GG,AG,GG,CC,GG,TT,CC,GG,AA,CT,CG,TT,TT,GG,GG,TT,TT,AA,CC,GG,TT,CC,TT,CC,TT,TT,GG,AA,TT,CC,AG,CC,GG,GG,GG,CG,GG,CC,GT,CT,AA,TT,AA,AG,CT,TT,CC,AC,GG,AA,AG,CG,CT,TT,AT,AC,GG,AA,AA,TT,TT,GG,TT,TT,CC,GG,CT,GG,AA,GG,CC,AA,AG,AA,AT,AG,GT,TT,GG,GG,GG,CC,AA,AG,AA,AA,CG,GT,CC,TT,CC,TT,GT,GG,TT,CC,TT,CC,CC,NN,AG,AA,TT,TT,CC,AA,AA,AA,CC,GG,GT,CC,GT,AA,AA,TT,CC,GG,CC,AG,CC,GT,CT,AA,CT,CC,NN,CC,AA,GT,CC,AC,CC,CC,AA,NN,AA,AA,GG,CC,CC,GG,AA,GG,AA,CC,GT,CC,NN,AA,NN,GG,GT,GG,AC,TT,CT,GG,NN,TT,TT,TT,CG,AT,GT,CC,AA,TT,GG,CC,AA,CT,CC,CC,CG,CC,AA,GG,GG,CC,TT,CC,GT,GT,CG,NN,AA,AA,TT,CC,CG,AC,CC,CG,GG,GG,AC,CG,TT,AC,AA,CC,GG,AA,CC,AA,AT,GT,GT,AA,AA,CG,GT,AT,CG,AT,TT,AA,GG,AA,CT,AA,TT,CC,TT,AA,CC,CT,GG,AG,CC,AG,AC,TT,TT,TT,GG,TT,AA,AC,AA,GG,CC,CG,GG,NN,GG,TT,AA,CC,TT,GG,CC,CC,AA,GG,CC,AA,CC,AA,AA,CC,CG,AC,TT,AA,GG,AA,AA,AA,AA,GG,AA,AA,AA,TT,GG,AA,AG,CC,AA,CT,AA,AG,GG,GG,GG,GT,AA,AA,GT,TT,TT,AG,TT,GG,CG,AA,9.41,Resistant,Low,Standard,Early
L0608,Davangere,Karnataka,Rabi,Black Cotton,Irrigated,430,25.5,58,AC,TT,AA,AG,GG,CG,GG,TT,CC,GG,AT,CT,CG,AT,TT,GG,GG,TT,TT,AA,CC,TT,TT,CC,TT,CC,TT,TT,GG,AA,TT,CT,AG,CC,GG,CG,GG,CG,GG,CC,TT,CT,AC,TT,AA,AG,TT,AT,CC,AC,GG,NN,AA,GG,CC,TT,AA,AC,GG,AC,AA,TT,TT,AA,TT,AT,CC,GG,TT,GG,AA,GG,CC,AA,GG,AC,AT,GG,TT,TT,GG,GG,GT,CC,AA,GG,AA,AA,CC,TT,CC,TT,CT,TT,TT,GG,CT,CC,TT,CC,CT,GG,AG,AA,TT,GT,CC,AA,AA,AA,CC,GG,TT,CG,TT,AC,AA,TT,CC,GG,CC,GG,CC,GT,CT,AA,TT,CC,CC,CC,AG,TT,CC,AA,CC,CC,AA,TT,GG,AT,NN,CT,CC,GG,AG,AG,AA,CC,NN,CC,CC,AA,AA,AG,TT,GG,AC,TT,CT,GG,AC,TT,TT,TT,CG,AT,TT,CT,AT,AT,GG,CC,AA,NN,CC,CC,GG,CC,AA,GG,AG,CC,TT,CC,GG,TT,GG,AT,AA,AG,TT,CC,GG,AA,AC,CC,GG,NN,AA,GG,TT,AC,AA,CG,GG,AA,CC,AA,AA,GG,TT,AT,AA,GG,GT,AA,CC,AT,TT,AA,GG,AA,TT,AA,TT,CC,CT,NN,CC,TT,GG,AA,CC,GG,AC,TT,CT,TT,GG,AT,AA,CC,AA,GG,CC,CG,GG,CG,GG,AT,AA,CC,TT,GG,NN,CC,AA,GG,CC,TT,CC,AA,AG,AC,CC,AC,TT,AA,GG,AA,NN,AC,AA,AG,AG,AG,AA,TT,GG,AA,AA,CC,AA,CT,AG,AA,GG,GG,CG,TT,AA,AA,TT,TT,TT,AG,TT,GG,GG,AC,10.13,Resistant,High,Poor,Late
L0609,Davangere,Karnataka,Rabi,Black Cotton,Irrigated,430,25.5,58,AC,CC,GG,AA,GG,CC,GG,TT,CC,CG,AA,CT,CC,TT,TT,GG,GG,TT,AT,AG,CC,TT,TT,CC,TT,CC,TT,TT,GG,AA,NN,TT,AA,CC,GG,GG,GG,CC,GG,CC,TT,CT,AC,NN,AA,GG,TT,AT,CC,AA,GG,AT,AA,GG,CC,TT,AT,AA,TT,AA,AA,TT,TT,AG,TT,TT,CC,GG,TT,GG,NN,GT,CC,AA,AG,AA,AT,GG,GT,CT,GG,GT,GG,CC,AA,GG,NN,AA,CC,TT,NN,TT,CT,TT,TT,GG,CT,CC,TT,CT,CC,CC,AG,AA,TT,GT,CC,AA,AG,AA,CT,GG,GT,CG,TT,AA,AA,AT,CC,AG,CG,GG,CC,GT,CC,AG,CC,CC,CC,CC,AA,TT,CC,AA,CC,CC,NN,AT,AA,AA,GG,CT,CG,GG,AA,AG,AA,CC,GT,CC,CC,AA,AG,GG,GT,AG,AC,TT,TT,GG,AC,TT,TT,NN,CC,AA,TT,TT,AA,AT,GG,CC,AG,CT,AC,CC,GG,AC,AA,GG,AG,CC,TT,CC,TT,NN,NN,AA,AA,AG,TT,CC,GG,AA,AA,CC,GG,GG,AC,GG,TT,AC,AG,CG,GG,AA,CC,AA,AA,GG,TT,TT,AA,GG,GT,AA,CG,AT,GG,AA,GG,AA,TT,AA,TT,CC,TT,AC,AC,TT,GG,AG,CG,AG,AA,TT,CT,GG,GG,TT,AA,CC,AA,GG,CC,GG,GG,CC,GG,AT,AA,CC,TT,GG,CC,CC,AA,GG,CC,AT,NN,AA,AA,CC,CC,AC,TT,AA,GG,AA,CC,AC,AA,GG,AG,AA,AA,TT,GG,AA,AG,CC,AC,TT,AA,NN,CG,GG,GG,GT,AT,AA,GT,TT,TT,AA,TT,NN,GG,AA,9.76,Moderate,Low,Poor,Medium
L0610,Davangere,Karnataka,Rabi,Black Cotton,Irrigated,430,25.5,58,AC,TT,GG,AA,GG,CC,GT,TT,CC,CG,AA,CC,GG,TT,GT,GT,CG,AT,TT,AA,CC,TT,TT,CC,TT,CC,TT,TT,GG,AC,TT,CC,AA,CC,GG,GG,GG,CC,GG,CC,TT,CT,AA,GT,AA,AG,CT,TT,CC,AC,GG,AT,AG,GG,CT,GT,AA,AC,GG,AC,AA,TT,TT,AA,CC,AT,CC,GG,TT,GT,GG,GG,CC,AA,GG,AC,AT,AG,TT,TT,GG,GT,GG,CC,AA,GG,AA,AA,CC,TT,CC,TT,CC,AT,TT,GG,CT,CC,TT,CC,CT,NN,GG,AA,AT,TT,CC,AA,GG,NN,CC,GG,TT,CC,TT,CC,AA,TT,CC,GG,CG,GG,CC,GT,TT,AG,CC,CC,CC,CG,AA,TT,CC,AA,CC,CC,AG,TT,AA,AT,GG,CC,CC,GG,AA,AG,AT,CC,TT,CC,CC,AA,AA,NN,GT,GG,AA,TT,CT,AG,CC,TT,TT,CT,CG,AT,TT,CT,AA,TT,GG,CC,AG,CT,CC,CC,GG,CC,AA,GG,AG,CC,TT,CC,TT,GG,CC,AT,AA,AG,TT,CC,GG,AA,CC,CC,GG,GG,AC,CG,NN,AA,AA,CC,GG,AT,AC,AA,AA,GG,TT,TT,AA,GG,GT,AA,CG,TT,TT,AA,GG,AA,CC,AA,TT,CC,TT,AC,CC,TT,CG,AA,CG,AA,CC,TT,CT,TT,GG,TT,AC,AC,AA,GG,CG,CG,GG,CC,GG,AT,AA,CC,TT,GG,NN,CC,AA,GG,CG,AT,CC,AA,AA,AC,CC,CC,TT,AA,CG,AA,AC,AC,AC,AG,AG,AA,AA,TT,GG,AC,AA,AC,AA,CT,AG,AA,GG,GG,GG,TT,AA,AA,GT,TT,TT,AG,TT,GG,CG,AA,8.97,Moderate,Medium,Premium,Late
L0611,Davangere,Karnataka,Rabi,Black Cotton,Irrigated,430,25.5,58,AA,TT,GG,AG,GG,CC,GG,TT,CC,CG,AA,CC,CC,AT,GT,GT,CG,TT,TT,AA,CC,GT,TT,CT,TT,CC,TT,AT,GG,AA,TT,CC,AA,CC,GG,GG,GG,CC,GG,CC,TT,TT,AC,GT,AA,GG,CT,AT,CC,AA,GG,AA,AA,GG,CC,TT,AT,AC,GG,AA,AA,TT,AA,AA,TT,TT,CT,GG,TT,TT,AG,GG,AC,AA,GG,AC,AT,GG,TT,TT,GG,GG,GG,CC,AA,GG,AA,AA,CG,GT,CC,TT,CT,TT,GT,GG,TT,AC,GT,CT,CC,CC,AG,AA,TT,TT,CG,AA,GG,AC,CC,GG,TT,CC,TT,AA,AA,TT,CC,AG,CC,GG,CC,GG,CT,AA,CC,CC,AC,CG,AA,TT,CC,AA,CC,CC,AA,AT,AG,AT,GG,CT,CC,GG,AA,GG,AT,CC,GT,CC,CC,AA,AA,GG,GT,GG,CC,GT,TT,GG,CC,GG,TT,TT,CC,AA,GG,TT,AT,AA,GG,CC,AG,CT,CC,CC,CG,CC,AA,GG,AA,CC,TT,CC,GG,GT,GG,AT,AA,AA,TT,CC,GG,AA,CC,CC,GG,GG,AC,GG,TT,AA,AA,CG,TT,AT,AC,AA,AT,GT,GT,TT,AA,CG,TT,AT,CC,TT,GT,AA,GG,AA,TT,AA,TT,CC,TT,AA,CC,TT,CC,AG,NN,AG,CC,AT,TT,TT,CG,TT,AA,CC,NN,GG,CC,CC,GG,CC,GG,AT,AA,CC,GT,GG,CC,CC,AA,GG,CC,AT,CG,AA,AA,CC,CG,AA,TT,AA,GG,AA,AC,AA,AA,GG,GG,AA,AA,AT,GG,AC,AA,CC,AA,CT,AA,AA,GG,GG,GG,GT,AA,AA,GT,TT,TT,AG,AT,GG,GG,AA,6.89,Moderate,Low,Standard,Early
L0612,Davangere,Karnataka,Rabi,Black Cotton,Irrigated,430,25.5,58,AC,TT,GG,GG,GG,CC,GT,AT,CC,CC,AA,CT,CC,TT,TT,GG,NN,TT,TT,AG,CC,TT,TT,CT,TT,CC,GT,TT,GT,AA,CT,CC,AA,CC,GG,CG,GG,CC,GG,CC,TT,TT,AA,GT,AA,AG,TT,TT,CC,CC,GG,AA,AA,GG,CT,TT,AA,AC,GT,AA,AG,TT,AT,AA,TT,AT,CC,GG,CT,GG,AG,GG,CC,AA,AG,AA,AA,GG,GT,TT,GG,GG,GG,CC,AA,GG,AA,AA,CC,TT,AC,TT,CC,TT,TT,GG,CT,CC,TT,CC,CT,GG,AA,AA,TT,TT,CC,AA,AA,AA,TT,GG,TT,CG,TT,AC,AC,AT,CC,GG,CC,GG,CC,GG,TT,GG,CC,CC,CC,CC,AG,GG,CC,AA,CC,CC,AA,TT,AA,AA,GG,CC,CC,GG,AA,AA,AA,CC,GG,CC,CC,AA,AA,NN,GT,AG,AA,GT,CC,AG,AC,TT,GT,TT,CG,AA,NN,TT,NN,AT,GG,CC,AG,CC,CC,CC,CC,CC,AA,AG,AG,CC,TT,CC,GG,GG,CG,AT,AA,AA,TT,AC,GG,AC,CC,CC,CG,GG,AA,GG,TT,AA,AA,CC,GT,AA,AC,AA,AA,GT,TT,AT,AT,GG,TT,AT,CC,TT,TT,AA,GG,AG,TT,AA,TT,CC,TT,AC,CC,TT,CG,AG,CC,AG,CC,TT,TT,GT,GG,TT,AC,AC,AA,GG,CC,CC,GG,CC,GG,TT,AA,CC,TT,AG,CC,CC,AA,GG,CC,AA,CC,AA,AA,AC,CC,AC,AT,AA,CG,AA,AA,AA,AA,AA,AG,AA,AA,AT,GG,AC,AA,AC,AA,TT,AG,AG,GG,GG,CG,TT,AA,AA,GT,AT,TT,AG,TT,GG,CG,AA,6.04,Moderate,Low,Poor,Medium
L0613,Davangere,Karnataka,Rabi,Black Cotton,Irrigated,430,25.5,58,AC,TT,GG,AA,CG,CC,GT,AT,CC,GG,AA,CC,GG,AT,TT,GT,GG,TT,TT,AA,CG,TT,GG,CC,TT,CC,TT,TT,NN,AA,TT,CC,AA,CC,AG,CG,GG,CC,GG,CC,TT,CT,AA,TT,AG,AG,TT,TT,CC,AC,GG,AA,AG,GG,CC,TT,AA,NN,GG,AC,AG,TT,AT,AG,TT,AT,CC,GG,TT,GG,AG,GT,CC,AA,GG,CC,AA,GG,TT,TT,GG,GG,TT,CC,AA,GG,AA,AA,CC,GT,AC,TT,CC,TT,TT,GG,TT,CC,GT,CC,NN,NN,AG,AA,TT,TT,CC,AA,AG,AA,TT,GT,TT,CC,TT,AA,AA,TT,CG,GG,CG,GG,CC,GG,CT,AG,CT,CC,AC,CC,AA,TT,CC,AA,CC,TT,AA,TT,AA,AA,GG,CT,CC,GG,AA,GG,AA,CC,GT,CC,CC,AA,AA,GG,TT,GG,AA,TT,CC,GG,AC,GT,TT,TT,CC,AA,GT,TT,AT,TT,GG,CC,AG,CT,AC,CC,CG,CC,AA,GG,AG,CC,TT,CG,GG,GG,GG,AT,AA,AA,TT,CC,CG,AC,CC,CC,GG,GG,AC,GG,TT,AA,AG,CC,GG,AA,AC,AA,AA,GT,TT,AT,AA,GG,TT,AA,CC,AT,TT,AA,GG,AA,TT,AA,TT,CC,TT,AA,CC,TT,GG,AA,CG,AG,CC,TT,CT,TT,GG,TT,AA,AC,AA,GG,CC,CC,GG,CC,GG,AT,AA,CG,GT,GG,CC,CC,AA,GG,CC,AA,CC,AA,AA,CC,CG,AC,AT,AA,GG,AA,AA,AA,AA,GG,AG,AA,AA,TT,GG,AC,AG,CC,AA,CT,AG,AA,GG,GG,GG,TT,AT,AA,TT,TT,TT,AA,AA,GG,GG,AA,5.81,Susceptible,Low,Poor,Medium
L0614,Davangere,Karnataka,Rabi,Black Cotton,Irrigated,430,25.5,58,AC,NN,AG,AA,GG,CC,GG,TT,CC,CC,AA,CC,CC,NN,GT,GT,GG,TT,TT,AG,CG,GG,NN,CT,TT,CC,TT,TT,GG,AA,CT,TT,AA,CC,GG,GG,GG,CC,GG,CC,TT,TT,AA,TT,AG,GG,TT,TT,CC,AC,GT,AT,AG,GG,TT,TT,AA,AA,GT,AA,AG,TT,AA,AG,TT,AT,CC,NN,TT,GG,AA,GG,CC,AA,GG,AA,AT,GG,TT,TT,GG,GG,GT,CC,AA,GG,AA,AA,CC,GT,CC,TT,CT,TT,GG,GG,TT,CC,GT,CC,CC,CG,GG,AA,TT,GT,CG,AA,AA,AC,CC,GG,TT,CG,GT,AA,AA,TT,CC,GG,CC,GG,CC,GG,TT,AA,CC,CC,CC,CG,AA,TT,CC,AA,CC,CC,NN,TT,AA,AA,GG,CT,CG,GG,AA,AG,AA,CC,GG,CC,CC,AA,AG,AG,GT,GG,AC,TT,TT,GG,CC,TT,TT,TT,CC,AT,GT,TT,AA,TT,GG,CC,AG,CC,CC,CC,GG,CC,AA,GG,AA,CC,TT,CG,GG,TT,GG,NN,AA,AA,TT,AC,CG,AC,NN,CC,CG,GG,AA,GG,TT,CC,AA,CC,GG,AA,AC,TT,AT,GT,TT,AT,AA,CG,GT,AT,CC,TT,GG,AA,GG,NN,CT,AA,TT,CC,TT,AA,CC,CT,CG,AA,CC,GG,CC,TT,CT,GT,CG,TT,AC,AC,AA,GG,CC,CG,GG,CC,GG,TT,AA,CC,TT,GG,CC,CG,AT,GG,CC,AA,CC,AA,AA,AC,CC,CC,TT,AA,GG,AA,NN,AC,AA,AG,GG,AA,AA,TT,GG,AA,AA,CC,AA,CT,AG,NN,GG,AG,GG,TT,AT,AA,TT,TT,TT,AA,TT,GG,GG,AA,5.2,Susceptible,Low,Standard,Late
L0615,Davangere,Karnataka,Rabi,Black Cotton,Irrigated,430,25.5,58,CC,TT,GG,AA,GG,CC,TT,TT,CC,CC,AA,CC,CC,TT,GT,GT,GG,TT,TT,AA,CC,TT,GT,CT,TT,CC,GT,TT,GG,AA,TT,TT,AA,CC,GG,GG,GG,CC,GG,CC,TT,TT,AC,GT,AA,AG,TT,TT,CC,CC,GG,AA,AA,GG,CC,GT,AA,AA,GG,AA,AA,TT,TT,AG,CT,AT,CC,GG,TT,GG,AA,GG,CC,AA,GG,AA,AA,NN,TT,TT,GG,GT,GG,CC,AT,GG,AA,AA,CC,GG,AC,TT,CT,AT,TT,GG,TT,CC,TT,CC,CC,GG,AG,AA,AA,TT,GG,AA,AG,AA,CC,GG,TT,CC,TT,CC,AC,TT,CC,AG,CC,GG,CC,NN,TT,AA,CC,CC,CC,CC,AA,TT,CC,AA,CC,CC,AA,AT,AA,AA,GG,CT,CC,GG,AA,GG,AA,AC,GG,CC,CC,AA,AA,GG,TT,GG,AC,TT,TT,GG,CC,GT,GT,CT,CG,AA,TT,TT,AA,TT,GG,CC,AG,TT,CC,CC,CG,CC,AA,GG,AG,CC,TT,CC,GG,TT,GG,AT,AA,AA,TT,CC,GG,AA,AC,CC,GG,GG,AC,GG,TT,AA,AA,CC,GT,AA,AC,AA,AA,GG,TT,TT,AT,GG,GG,AA,CC,AT,GT,AA,GG,AA,TT,AA,TT,CC,CT,AA,NN,TT,CG,AA,CC,AG,CC,TT,TT,GT,GG,TT,AA,AC,AG,GG,CC,CG,GG,CC,GG,AT,AA,CC,TT,GG,CC,CC,AA,GG,CC,AA,CC,AA,AA,CC,CG,AA,TT,AA,GG,AA,AA,AA,AA,AG,AA,AA,AA,AT,GG,AA,AG,AC,AC,TT,AA,AA,CG,GG,CG,TT,AA,AA,GT,TT,TT,AG,AA,GG,GG,AA,7.09,Moderate,High,Premium,Late
L0616,Davangere,Karnataka,Rabi,Black Cotton,Irrigated,430,25.5,58,CC,CT,GG,AG,GG,CC,GT,TT,CC,CG,AT,CC,CC,TT,TT,GG,GG,TT,TT,AG,CC,TT,GT,CT,TT,CC,TT,TT,GG,AA,TT,CC,AA,CC,GG,GG,GG,CG,GG,CC,TT,TT,AA,TT,AG,AG,CT,TT,CG,AC,GG,AA,AG,GG,CC,TT,AA,AC,TT,AC,AA,GT,AT,AA,TT,TT,CC,GG,TT,GG,AA,GG,AC,AA,AG,AA,AT,GG,TT,CT,GG,GT,GG,CC,AA,GG,AA,AA,CC,TT,AC,TT,CC,TT,TT,GG,TT,CC,GG,CC,CC,CG,AA,AA,AT,TT,CC,AA,AG,AC,CT,GG,GT,CG,TT,AA,AA,TT,CC,AA,CC,GG,CT,GG,TT,AA,CC,CC,CC,CC,AA,TT,CC,AA,CC,CC,AA,TT,AG,AT,GG,CC,CC,GG,AA,AA,AA,AC,GT,CC,CC,AA,AG,AA,TT,GG,AA,GT,TT,GG,CC,GT,GG,TT,CG,AT,GT,TT,AA,TT,CG,CC,AA,CC,CC,CC,GG,NN,AA,GG,GG,CC,TT,CC,GG,TT,GG,TT,AA,AA,TT,CC,CG,AA,CC,CC,GG,GG,CC,GG,TT,AC,AA,CC,GG,AT,CC,AA,AA,GG,GT,TT,AA,CG,GG,AA,CC,TT,TT,AA,GG,AA,TT,AA,TT,CC,CT,AA,CC,TT,GG,AA,CG,GG,AA,TT,CC,GG,GG,TT,AA,AC,AA,GG,CG,CC,GG,CC,GG,AA,AA,CC,GG,GG,CC,CC,AA,GG,CC,AA,CC,AT,AA,CC,CC,CC,AA,AA,GG,AA,AC,AA,AA,AG,AG,AA,AA,TT,GG,AA,AA,AA,AA,TT,AA,AG,GG,GG,GG,GT,AA,AA,TT,TT,TT,GG,TT,CG,CG,AC,8.42,Resistant,Low,Premium,Early
L0617,Davangere,Karnataka,Rabi,Black Cotton,Irrigated,430,25.5,58,AA,CT,AG,AA,CG,CC,GG,TT,CC,CG,AA,CT,CC,AT,GT,GG,GG,TT,TT,AG,CG,GT,GG,CC,TT,CC,TT,TT,GG,AA,CT,CT,AA,CC,GG,GG,GG,CC,GG,CC,TT,CT,AC,GT,AG,GG,TT,AT,CC,CC,GG,AA,AA,GG,CT,TT,AA,AA,TT,AA,AA,TT,NN,AG,TT,TT,CC,GG,TT,TT,GG,GG,CC,AA,GG,AC,NN,GG,TT,TT,GG,GG,GT,CC,AA,GG,AA,AA,CC,NN,CC,TT,CC,TT,TT,GG,TT,CC,TT,CT,CC,CC,AG,AA,TT,GT,CG,AA,AA,AA,CT,GG,TT,CC,TT,AC,AA,TT,CC,AG,CC,GG,CC,GG,TT,AA,CC,CC,NN,CC,AA,NN,CC,AA,CC,CC,AA,AT,AA,AA,GG,CC,CC,GG,NN,AG,AT,CC,GT,CC,CC,AA,AG,AG,TT,GG,AC,GT,NN,GG,CC,GT,TT,TT,CC,AA,GT,TT,AA,TT,GG,CC,AG,TT,CC,CC,CC,CC,AA,GG,AG,CC,NN,CC,GT,GT,CG,AT,AA,AG,TT,CC,GG,AC,CC,CC,GG,GG,CC,GG,TT,AC,AA,CC,GG,AT,AC,AA,AA,GG,TT,AT,AT,GG,GT,AT,CC,TT,GT,AA,GG,AA,CT,AA,TT,CC,CT,AA,CC,TT,CG,AA,CC,AG,CC,TT,TT,TT,GG,TT,AC,CC,AA,GT,CC,CG,GG,CC,GG,AT,AA,CC,TT,GG,CG,CC,AT,GG,CC,AT,CC,AT,AA,CC,CG,AC,TT,AA,GG,AA,AA,AA,AA,AG,AG,GG,AA,TT,GG,AA,AA,AC,AC,CC,AG,AA,GG,GG,GG,TT,AA,AG,TT,TT,TT,AA,TT,GG,GG,AA,7.06,Susceptible,Low,Standard,Medium
L0618,Davangere,Karnataka,Rabi,Black Cotton,Irrigated,430,25.5,58,AA,NN,GG,AA,CG,CC,GG,TT,CC,CG,AA,CC,NN,TT,GT,GG,CG,TT,TT,AG,CC,TT,TT,CC,TT,CC,TT,TT,GG,AA,TT,CT,AA,CC,AG,CG,GG,CG,GG,CC,TT,CT,AA,TT,AA,GG,TT,AT,CC,CC,GG,AA,AA,GG,CC,GT,AA,AA,GT,AA,AA,TT,TT,AG,TT,TT,CC,GG,TT,GG,AG,GG,CC,AA,GG,AC,AT,AG,TT,TT,GG,GT,GT,CC,AA,GG,AA,AA,CC,GG,CC,TT,CT,AA,TT,GG,CC,CC,GT,CC,CT,CG,AG,AA,TT,TT,CC,AA,GG,AA,CC,GG,TT,CG,TT,AA,AC,TT,CG,GG,CC,GG,TT,GG,CT,AA,CC,CC,CC,CC,AA,TT,CC,AA,CC,CT,AA,AT,AA,AA,CG,CC,CC,GG,AA,AA,AA,CC,GG,CC,CG,AA,AA,GG,TT,GG,AA,TT,CC,AG,CC,TT,TT,TT,CG,AT,TT,TT,AA,TT,GG,CC,AA,CC,AC,AC,CC,AC,AA,GG,AG,CC,TT,CG,GG,GT,GG,AT,AA,AA,TT,AC,CG,AC,CC,CC,GG,AG,AA,GG,TT,AA,AA,CC,GG,AT,AC,AA,AA,GG,GT,AT,AA,GG,GT,TT,CC,TT,TT,NN,GG,AA,TT,AA,TT,CC,TT,AA,AC,TT,GG,AA,CG,GG,CC,AT,CC,TT,GG,TT,AA,AA,AA,GG,CC,CC,GG,CC,GG,AA,AG,CC,GT,GG,CG,CG,AA,AG,CC,AT,CC,AT,AA,CC,CC,CC,TT,AA,GG,AA,AA,AC,AA,AG,AA,GG,AA,TT,GG,AC,AG,CC,AC,CT,AA,AA,GG,GG,GG,GT,AA,AG,TT,TT,TT,AA,AT,CG,GG,AA,9.64,Moderate,Low,Premium,Early
L0619,Davangere,Karnataka,Rabi,Black Cotton,Irrigated,430,25.5,58,AA,TT,AG,AG,GG,CC,GG,TT,CG,CC,AA,CT,CC,AT,GT,GT,GG,TT,TT,AA,CC,TT,GT,CC,TT,CT,GT,TT,GG,AA,TT,CC,AA,CC,GG,CG,GG,CC,GG,AC,TT,CT,AC,TT,AA,AG,TT,TT,CC,AC,GG,AA,AA,GG,CC,TT,AA,AA,GG,AC,NN,TT,AA,AG,CT,AT,CC,GG,TT,GG,AA,GG,CC,AA,AG,AC,AA,GG,TT,TT,GG,GT,GG,CC,AT,GG,AG,AT,CC,NN,CC,GT,CC,TT,TT,GG,TT,CC,TT,CC,CC,CC,AG,AG,TT,TT,CC,AG,AA,AA,CT,GG,TT,CG,TT,AA,AA,AT,CC,GG,CG,GG,CC,GT,TT,AA,CC,CC,CC,CC,AA,TT,CC,AA,CC,CC,AA,TT,AG,AA,GG,CT,CC,GG,AA,AG,AA,NN,GG,CC,CC,AG,AA,GG,TT,GG,AA,TT,TT,GG,AC,TT,GT,TT,CC,AA,GT,TT,AA,TT,GG,CC,AA,CC,CC,CC,CG,CC,AA,GG,AA,CC,TT,CG,GG,GT,CG,AT,AA,AA,TT,CC,GG,AA,AC,CC,GG,GG,AC,GG,TT,AC,AG,CC,GG,AT,CC,AA,AT,GT,GT,TT,AA,GG,TT,AT,CG,AA,GG,AA,GG,AA,CT,AA,TT,CC,TT,AA,CC,CT,GG,AA,CC,AA,CC,TT,CT,GT,GG,TT,AA,CC,AA,GG,CC,GG,GG,CC,GG,TT,NN,CC,TT,GG,CC,CC,AA,GG,CC,AA,CG,AT,AA,AC,CC,AC,TT,AA,GG,AA,AA,AC,AA,AA,GG,AG,AA,TT,GG,AA,AA,AC,NN,TT,AA,AA,GG,AG,GG,TT,AT,AA,TT,TT,TT,AA,TT,GG,CG,AA,5.92,Susceptible,Low,Standard,Early
L0620,Davangere,Karnataka,Rabi,Black Cotton,Irrigated,430,25.5,58,AA,TT,GG,AA,GG,CC,GG,TT,CC,CC,AA,CC,GG,TT,TT,NN,GG,TT,TT,AG,CC,GT,GT,CC,TT,CT,GT,AT,GG,AA,TT,CT,AA,CC,GG,GG,GG,CC,GG,CC,TT,CC,AA,GG,AA,GG,CT,TT,CC,AA,GG,AA,AA,CG,CC,GT,AA,AC,GT,AC,GG,GT,AT,AA,TT,AT,CC,GG,TT,GT,AA,GT,AC,AA,GG,AA,AT,GG,GT,TT,GG,GG,GT,CC,AA,GG,AA,AT,CC,GG,CC,TT,CT,TT,TT,GG,CT,AC,GT,CC,CT,CG,GG,AA,TT,TT,CC,AG,GG,AA,CT,GG,TT,CC,TT,AC,AC,TT,CC,AG,CC,GG,CC,TT,CT,AA,CC,CC,CC,CC,AA,TT,CC,AA,CC,CT,AA,TT,AA,AA,GG,CT,CC,GG,AG,AA,AA,CC,GT,CC,CG,AA,AG,GG,GT,GG,AA,TT,CC,GG,AC,GT,GG,TT,CC,AT,TT,TT,AA,TT,GG,CG,AG,CC,CC,CC,GG,CC,AT,AG,AG,CC,TT,CC,GT,TT,GG,TT,AA,AA,TT,CC,GG,AA,AC,CC,GG,AG,AC,GG,TT,AA,AA,CC,GG,AA,AC,AT,TT,GT,TT,AT,AT,GG,TT,AA,CC,AT,GT,AA,GG,AA,CT,AA,TT,CC,TT,CC,CC,TT,CG,AA,CC,AA,CC,TT,TT,GT,GG,AT,AA,AC,AG,GG,CC,CC,GG,CC,GG,TT,AA,CC,GT,GG,CC,CC,AA,AA,NN,AA,CC,AA,AA,CC,CC,CC,TT,AA,GG,AA,AA,AA,AA,AG,AG,AA,AA,AT,GG,NN,AG,CC,AA,CT,AA,AA,GG,GG,GG,TT,AA,AA,TT,TT,NN,AG,AT,GG,GG,NN,7.11,Susceptible,Low,Premium,Late
L0621,Davangere,Karnataka,Rabi,Black Cotton,Irrigated,430,25.5,58,AA,TT,GG,AG,GG,CC,GG,AT,CC,CC,AA,CC,CC,TT,GG,GT,CG,TT,TT,AA,CC,TT,GG,CC,TT,CC,TT,TT,GT,AA,TT,CC,AA,CC,GG,GG,GG,CC,GG,AC,TT,CT,AC,GT,AG,GG,TT,TT,CC,AA,GG,AT,AA,GG,CC,GT,AA,NN,GT,AA,AA,TT,TT,AG,TT,TT,CC,GG,TT,GG,AA,GG,CC,AA,AG,CC,AA,AA,TT,TT,GG,GG,GG,CC,AT,GG,AA,AA,CC,TT,AC,TT,CC,AT,TT,GG,TT,CC,GT,CC,CT,CC,GG,AA,TT,TT,CC,AA,GG,AA,CC,GG,TT,CC,TT,CC,AC,TT,CC,GG,CG,GG,CC,NN,CT,AA,CC,CC,CC,CC,AA,TT,CC,AA,CC,CC,AA,AT,AA,AT,GG,CT,CC,GG,AA,AG,AA,CC,GT,CC,CC,AA,AG,AA,GT,GG,AA,TT,TT,GG,CC,TT,GT,TT,CC,AA,GT,TT,AA,TT,GG,CG,AA,CT,CC,CC,GG,CC,AA,GG,AA,CC,TT,CG,GT,GT,GG,AT,AA,AA,TT,CC,CG,AA,CC,CC,GG,GG,AA,GG,TT,AC,AG,CC,GG,AA,CC,AA,TT,GT,TT,TT,AT,GG,GT,AA,CC,TT,TT,AA,GG,AA,CT,AA,NN,CC,TT,AA,CC,CT,CG,AG,CC,AG,CC,TT,CT,TT,GG,TT,AC,AC,AA,GG,CC,CC,GG,CC,GG,TT,AG,CC,TT,AG,CC,CC,AT,GG,CC,NN,CC,AA,AA,AC,CC,AC,AT,AA,GG,AA,AA,AA,AA,AA,AG,AG,AA,TT,GG,AC,AG,AC,AA,CT,AA,AA,CG,GG,GG,TT,AT,AG,TT,TT,TT,AA,TT,GG,GG,AA,6.98,Moderate,Low,Premium,Medium
L0622,Davangere,Karnataka,Rabi,Black Cotton,Irrigated,430,25.5,58,AA,TT,AG,AA,GG,CG,GT,AT,CC,CC,AT,CC,CG,AT,TT,NN,GG,TT,TT,AA,CG,TT,GT,CC,TT,CC,TT,TT,GG,AA,TT,TT,AG,CC,GG,CG,GG,CG,GG,CC,TT,CT,CC,GT,AG,GG,TT,AT,CC,AA,GG,NN,AA,GG,TT,TT,AA,AC,GG,AA,GG,TT,TT,AG,CT,AT,CC,NN,TT,GT,AA,GG,CC,AA,GG,AA,AA,GG,TT,TT,GG,GG,GG,CC,AA,GG,AA,AT,CC,GT,CC,TT,CT,AT,GT,GG,TT,CC,TT,CC,CC,CC,AG,AG,TT,TT,CC,AG,NN,AA,CC,GG,TT,CC,GT,AA,AA,TT,CG,GG,CC,AG,CC,TT,CT,AA,CC,NN,CC,CG,AG,TT,CC,AA,CC,CC,AA,AT,AA,AT,GG,CT,CC,GG,AA,GG,AT,CC,GT,CC,CC,AA,AA,GG,TT,AG,AC,TT,CT,GG,AA,TT,TT,CT,CC,AT,GT,TT,AA,TT,GG,CC,AA,CT,CC,CC,GG,CC,AA,GG,AA,CC,TT,CC,GG,TT,GG,TT,AA,AA,TT,CC,GG,AA,CC,CC,GG,GG,AC,GG,TT,NN,AA,CC,GG,AA,CC,AT,AA,GG,TT,TT,AT,GG,TT,AA,CC,TT,TT,AA,NN,AA,TT,AA,TT,CC,TT,AC,CC,TT,GG,AA,CC,AA,CC,AT,TT,TT,GG,TT,AA,AC,AG,GG,CC,CC,GG,CC,GG,TT,AA,CC,TT,GG,CC,CC,AA,GG,CC,AA,CC,AA,AA,CC,CC,CC,TT,AA,GG,AA,AA,AA,AA,GG,AG,AA,AA,NN,GG,CC,AG,AC,AA,TT,AA,AA,GG,GG,GG,TT,AA,AA,TT,TT,TT,AG,AT,GG,GG,AA,7.33,Susceptible,Low,Poor,Late
L0623,Davangere,Karnataka,Rabi,Black Cotton,Irrigated,430,25.5,58,AC,TT,AG,GG,GG,CG,GT,TT,CC,CC,AA,CC,CG,TT,TT,GG,CC,TT,TT,AA,CC,TT,TT,CC,TT,CC,NN,TT,GG,AA,TT,CT,AA,CC,GG,GG,GG,CC,GG,CC,TT,TT,AA,GT,AA,GG,TT,TT,CG,CC,GG,AT,NN,GG,CT,TT,AT,AC,GT,AA,AG,TT,TT,AA,CT,NN,CC,GG,TT,GT,AA,GG,CC,AA,GG,AC,AT,GG,TT,TT,GG,GG,GG,CC,AA,GG,AA,AA,CC,GT,AC,TT,CC,TT,TT,GG,TT,CC,TT,CC,CC,CG,GG,AA,TT,TT,CC,AA,AG,AC,CC,GG,TT,CG,TT,AA,AA,TT,CC,GG,CG,AG,CC,GG,TT,AA,CC,CC,CC,CC,AA,TT,CC,AA,CC,CC,AA,TT,AA,AT,CG,CC,CC,GG,AA,GG,AA,CC,GT,CC,CC,AA,AA,GG,TT,GG,NN,GT,CT,GG,AA,TT,GT,TT,CC,TT,TT,TT,AA,TT,GG,CC,AG,CC,CC,CC,CG,CC,AT,GG,NN,CC,TT,CC,TT,TT,CG,TT,AA,AA,TT,CC,GG,AA,CC,CG,GG,GG,AC,CG,TT,AC,AA,CC,GG,AA,CC,AA,AA,GT,GT,TT,AA,GG,GT,AT,CC,AT,TT,AA,GG,AA,TT,AA,NN,CC,CT,AA,CC,TT,CG,AA,CG,AG,CC,TT,CT,GT,GG,AT,AA,AC,AA,GG,CC,CG,GG,CC,GG,TT,AA,CC,GT,GG,CC,CC,AA,AG,CC,AA,CC,AA,AA,CC,CG,CC,TT,AA,GG,AA,AC,AA,AA,AG,AG,AA,AA,TT,GG,AC,AG,AC,AC,TT,AA,AA,GG,AA,GG,TT,AA,AA,TT,TT,TT,AA,AT,GG,GG,AA,9.26,Moderate,Low,Standard,Early
L0624,Davangere,Karnataka,Rabi,Black Cotton,Irrigated,430,25.5,58,AC,TT,AG,AG,GG,CC,GG,AT,CG,CG,AA,CT,CG,TT,TT,GG,GG,NN,TT,NN,CC,TT,GT,CT,TT,CC,TT,AT,GT,AA,CT,CC,AA,AC,GG,GG,GG,CG,GG,CC,TT,TT,AA,TT,AA,AG,TT,TT,CC,NN,GG,AA,AA,GG,CT,GG,AA,CC,GG,CC,AA,TT,AT,AA,CT,TT,CC,GG,TT,GT,AA,GT,CC,AA,AG,AC,AA,GG,GT,TT,GG,GG,GT,CC,AA,GG,AA,AA,CC,GT,CC,TT,CT,TT,GT,GG,TT,CC,GT,CC,CC,CG,AA,AA,TT,TT,CC,AA,AG,AA,CC,GG,TT,NN,TT,AA,AC,TT,CC,AG,CC,AG,CC,GT,TT,AA,CC,CC,CC,CC,AA,TT,CC,AA,CC,CC,AA,TT,AG,AA,GG,CT,NN,GG,AA,AG,AA,AC,GT,CC,CG,AG,AA,AG,TT,GG,AA,GT,TT,AG,CC,GT,TT,TT,CC,TT,GG,TT,AA,TT,GG,CC,AA,CT,CC,CC,GG,CC,AA,GG,AA,CC,TT,CG,GG,TT,NN,TT,AA,AA,TT,CC,GG,AA,CC,CC,GG,AG,AC,CG,TT,AA,AA,CG,NN,AA,CC,AA,AA,GT,GT,TT,AT,GG,GG,AA,CC,AT,GG,AA,GG,AA,TT,AA,TT,CC,TT,AA,CC,TT,GG,AG,CC,AG,CC,TT,TT,GT,CG,TT,AC,CC,AA,GG,CC,CG,GG,CC,GG,TT,AA,CC,TT,GG,CC,CC,AA,GG,CC,AA,CG,AT,AA,NN,CG,AC,TT,AA,GG,AA,AA,AA,AA,GG,AG,AG,AA,TT,GG,AA,AA,CC,AA,CC,AA,AG,GG,GG,GG,TT,AA,AA,GT,TT,TT,GG,TT,GG,GG,AA,6.94,Susceptible,Low,Standard,Early
L0625,Davangere,Karnataka,Rabi,Black Cotton,Irrigated,430,25.5,58,CC,TT,GG,AA,GG,CC,GG,TT,CC,CC,AT,CC,CC,TT,TT,GT,GG,TT,TT,AG,CC,TT,TT,CC,TT,CC,TT,TT,GG,AA,TT,CC,AA,CC,GG,CG,GG,CC,GG,CC,TT,TT,AA,TT,AG,AG,TT,AT,CC,CC,GG,AA,AA,GG,CC,TT,AA,AA,GG,AC,AA,TT,TT,AG,TT,AT,CC,GG,TT,TT,AG,GG,CC,AA,GG,AA,AT,GG,TT,TT,AG,GT,GT,CC,AA,GG,AA,AA,CC,TT,CC,TT,TT,AT,GG,GG,TT,CC,GT,CC,CC,CG,GG,AA,TT,TT,CC,AA,AA,AA,CC,GG,TT,CC,TT,AC,AC,TT,CC,AG,CC,GG,CC,GT,CT,AA,CC,CC,CC,CC,AA,TT,CC,AA,AC,CT,AA,NN,AA,AA,GG,CT,CC,GG,AA,AA,AT,CC,GG,CG,CC,AA,AA,GG,TT,AG,AC,GT,CT,GG,CC,TT,TT,TT,CC,AT,GT,TT,AA,TT,GG,CC,AG,CC,AC,CC,CG,CC,AT,GG,AA,CC,TT,CG,TT,GT,CG,AT,NN,AA,TT,AC,GG,AC,AC,CC,CG,GG,AC,GG,TT,AA,AA,CC,GG,AA,CC,AT,TT,GG,TT,AT,AT,GG,TT,AA,CG,TT,TT,AA,NN,AA,TT,AC,TT,CC,TT,AA,AC,NN,CG,AG,CG,AA,CC,TT,TT,TT,GG,TT,AA,CC,AA,GG,CC,GG,GG,CC,GG,AT,AA,CC,TT,GG,CC,CG,AA,GG,CC,AT,CC,AA,AA,CC,CC,AA,TT,AA,GG,AA,AA,AC,AC,GG,AG,AA,AA,TT,GG,AC,AA,AA,AA,TT,AA,AA,CG,GG,GG,GT,AT,AA,GT,TT,TT,AA,TT,GG,GG,AA,8.03,Susceptible,Low,Standard,Late
L0626,Davangere,Karnataka,Rabi,Black Cotton,Irrigated,430,25.5,58,AA,TT,AG,AA,GG,CC,GG,AT,CC,CC,AA,CC,CG,AT,GT,GG,CG,TT,TT,AG,CG,TT,TT,CT,AT,CC,TT,AT,GG,AA,TT,CT,AA,CC,GG,CG,GG,CC,GG,CC,TT,TT,AC,TT,AA,GG,CT,TT,CC,AC,GG,AT,AA,GG,CC,TT,AA,NN,GT,AA,AA,GG,TT,NN,CT,AT,CC,NN,TT,GG,AA,GG,CC,AA,GG,AA,AA,GG,TT,TT,AG,GG,GT,CC,AT,GG,AA,AA,CC,TT,AC,TT,CT,TT,GT,AG,CT,CC,TT,CC,NN,CC,AG,AA,AT,GT,CC,AA,AA,AA,CC,GG,TT,CC,TT,AA,AA,TT,CC,AA,CC,AG,CC,GG,TT,AG,CC,CC,CC,CC,AA,TT,AC,AA,CC,CC,AA,TT,AA,AT,GG,CT,CC,NN,AA,AA,AA,CC,GG,CC,CC,AA,AG,GG,TT,GG,AA,TT,CT,GG,AC,TT,GT,TT,CC,AA,GT,TT,AA,AT,CG,CC,AA,CC,CC,CC,CG,CC,AT,AG,AA,CC,TT,CC,TT,TT,GG,TT,AA,AA,TT,CC,GG,CC,AC,CC,GG,GG,AC,NN,CT,AA,AG,CC,GG,AT,CC,AA,TT,GT,TT,AA,AT,CG,GG,AA,CC,TT,TT,AT,GG,AA,CT,AA,TT,CG,TT,AA,CC,TT,CG,AG,CC,AA,CC,TT,CT,GT,GG,TT,AA,CC,AA,GG,CC,CG,GG,CG,GG,TT,AA,CC,GT,GG,CG,CC,AA,GG,CG,AA,CC,AA,AA,AC,CC,AC,AT,AA,CG,AA,AA,AC,AA,AG,AG,AG,AA,AT,GG,AA,AA,CC,AA,TT,AA,AA,GG,GG,CG,GT,AT,AA,TT,TT,AT,AA,TT,GG,GG,AA,7.62,Susceptible,Low,Standard,Medium
L0627,Davangere,Karnataka,Rabi,Black Cotton,Irrigated,430,25.5,58,NN,TT,GG,AG,GG,CC,GG,TT,CC,CC,AA,CC,CG,TT,TT,GG,CG,TT,TT,AA,CC,TT,GT,CT,TT,CC,TT,AT,GT,AA,TT,CC,AA,AC,GG,GG,GG,CC,GG,CC,TT,CT,AA,TT,AA,GG,TT,NN,CC,AA,GT,AA,AG,GG,CT,TT,AA,AA,GT,AC,AA,TT,AT,AA,TT,TT,CC,GG,TT,GT,AA,GG,AC,AA,GG,AC,AT,GG,TT,TT,GG,GT,GG,AC,AT,GG,AA,AA,CG,GT,CC,TT,CC,TT,GT,GG,TT,CC,GT,CC,CC,CG,AG,AA,TT,TT,CC,AA,GG,AA,CC,GG,TT,CC,TT,AC,AA,TT,CC,AG,GG,AG,CC,GG,TT,AG,CC,CC,CC,CC,AA,TT,CC,AA,CC,CC,AA,AT,AA,TT,GG,CC,CC,GG,AA,GG,AA,AC,GT,CC,CC,AG,AG,AG,GT,AG,AA,TT,CT,GG,AC,TT,GT,TT,CC,AA,TT,TT,AA,TT,GG,CC,GG,TT,CC,AC,CG,CC,NN,GG,AA,CC,TT,CC,TT,TT,CG,AT,AA,AA,TT,CC,GG,AA,CC,CC,GG,GG,AA,CG,TT,AC,AA,CC,GG,AA,CC,AA,TT,GT,TT,AT,AA,GG,GG,AA,CG,AT,TT,AA,GG,AA,CC,AA,TT,CC,TT,AA,CC,CT,GG,AG,CC,AA,CC,TT,TT,TT,GG,TT,AA,CC,AG,GG,CC,GG,GG,CG,GG,AT,AA,CG,GT,GG,CC,CC,AA,GG,CC,AA,CC,AT,AA,CC,CC,AC,AT,AA,GG,AA,AA,AC,AA,GG,AA,AA,AA,TT,GG,AA,AG,CC,AC,TT,AA,AA,GG,GG,GG,TT,AA,AA,TT,TT,TT,AG,NN,GG,GG,AA,6.9,Susceptible,High,Premium,Medium
L0628,Davangere,Karnataka,Rabi,Black Cotton,Irrigated,430,25.5,58,AA,TT,GG,GG,CG,CC,GG,TT,CC,CG,AA,CT,CG,TT,TT,GT,CG,TT,TT,AA,CC,TT,GT,CC,TT,CC,TT,TT,GG,AA,TT,CC,AA,CC,GG,GG,GG,CC,GG,CC,TT,TT,AA,NN,AA,AA,TT,TT,CC,AC,GG,AA,AG,GG,CC,GT,AT,AA,GT,AC,AG,TT,AT,AG,TT,AT,CC,GG,TT,TT,AA,GG,CC,AA,GG,AA,TT,GG,TT,TT,AG,GG,GG,CC,AA,GG,AA,AT,CC,TT,AC,TT,CC,TT,NN,GG,TT,CC,GT,CC,CT,CG,GG,AA,AT,TT,CC,AA,AA,AC,CC,GG,TT,CC,TT,AA,AA,TT,CC,AG,CC,GG,CC,GG,TT,AA,CC,CC,CC,CC,AA,TT,CC,AA,NN,CT,AA,TT,AA,AA,GG,CC,CC,GG,AA,AG,AA,CC,GG,CC,CC,AA,AA,GG,TT,GG,AA,GT,TT,GG,AC,TT,GG,TT,CC,TT,GG,TT,AA,TT,GG,CC,AA,CC,CC,CC,GG,CC,AA,AG,GG,AC,TT,CC,GG,TT,GG,TT,AA,AA,TT,CC,GG,AA,CC,NN,GG,GG,CC,CG,TT,AA,AG,CC,GG,AT,CC,AA,AA,GG,TT,TT,AT,CG,GT,AA,NN,AT,GT,AA,GG,AA,CT,AA,TT,CC,TT,AC,CC,TT,GG,AG,CC,AG,CC,TT,CT,NN,GG,TT,AC,AC,AA,GG,CC,CC,GG,CC,GG,AT,AA,CC,TT,GG,CC,CG,AA,GG,CC,AA,CC,AA,AA,AA,CG,AA,TT,AG,GG,AA,AC,AA,AA,GG,GG,AA,AA,TT,GG,AA,AG,AA,AC,CT,AA,AA,GG,GG,CG,GT,AA,AA,GT,TT,NN,AG,AT,GG,GG,AA,6.26,Susceptible,Medium,Standard,Early
L0629,Davangere,Karnataka,Rabi,Black Cotton,Irrigated,430,25.5,58,AA,CT,GG,AA,GG,CG,GT,AT,CC,GG,AA,TT,CC,TT,TT,GG,GG,TT,TT,AA,CC,TT,TT,CC,TT,CT,GT,TT,GG,AC,TT,CC,AA,CC,GG,GG,GG,GG,GG,CC,TT,TT,AA,TT,AG,GG,NN,AT,CC,AC,GT,AA,AG,GG,CC,TT,AT,AA,GT,AC,AA,GT,TT,AG,TT,TT,CC,GG,TT,GT,AA,GT,CC,AA,AA,AA,AA,GG,TT,TT,GG,GG,NN,CC,AA,GG,AA,AA,CC,TT,CC,TT,TT,TT,GT,GG,TT,CC,GT,CC,CC,CG,AA,AA,TT,TT,CC,AA,AG,AA,CT,GG,TT,CC,TT,AA,AA,TT,GG,AA,CC,AG,CC,GG,TT,AA,CC,CC,CC,CC,AA,NN,AC,AA,CC,CC,AA,AT,AA,AA,CG,CC,CC,GG,AG,AG,AA,CC,GT,CC,CC,AA,AA,AG,GT,GG,AC,GT,CC,AG,CC,TT,GT,TT,CC,AT,TT,TT,AA,TT,GG,CC,AA,CC,CC,CC,CC,AC,AA,GG,AA,AC,TT,CC,GG,TT,GG,AA,AA,AA,GT,CC,GG,AA,CC,CG,GG,GG,AC,GG,TT,AC,AA,CC,GT,AA,CC,AA,AT,GG,TT,TT,AT,GG,GT,AA,CC,TT,TT,AA,GG,AA,TT,AA,TT,CG,CT,AC,AC,TT,GG,GG,CG,AG,AC,AT,CT,GT,GG,TT,AA,AC,AA,GG,CC,CG,GG,CC,GG,AT,AA,CC,TT,GG,CC,NN,AT,GG,CC,AA,CC,AA,AG,AA,CC,CC,AT,AA,GG,AA,AA,AA,AA,GG,AG,AA,AA,AT,CG,AA,AA,AC,AA,TT,AA,AA,GG,GG,GG,TT,AA,AA,TT,TT,TT,AG,TT,GG,GG,AA,5.16,Susceptible,High,Premium,Early
L0630,Davangere,Karnataka,Rabi,Black Cotton,Irrigated,430,25.5,58,AA,TT,GG,AA,GG,CC,GT,TT,CC,CC,AA,CC,CC,AT,TT,NN,GG,AT,TT,AA,CC,TT,TT,CT,TT,CT,TT,NN,GG,AA,NN,CC,AA,CC,GG,CG,GG,CG,GG,CC,TT,CT,AA,GT,AA,GG,TT,AT,CC,CC,GG,AA,AA,CG,CC,TT,AA,AA,GG,AC,AG,TT,TT,AG,TT,TT,CC,GG,TT,GG,AA,GG,CC,AA,GG,AA,AA,GG,TT,TT,GG,GT,GG,CC,AA,GG,AG,AT,CC,TT,CC,TT,CT,TT,TT,GG,TT,CC,TT,CC,CC,CG,GG,AA,TT,TT,CC,AA,AA,AC,CT,GG,TT,CC,TT,AC,AC,TT,CC,AA,CC,AG,CC,GT,TT,AA,CC,CC,CC,NN,AA,TT,CC,AA,CC,CC,AA,TT,AA,AA,CG,CC,CG,GG,AA,GG,AT,CC,GG,CC,CC,AA,AG,AG,GT,GG,AA,TT,CT,GG,CC,TT,TT,TT,CC,AA,TT,TT,AA,AT,GG,CC,AA,CT,CC,AC,CG,CC,AA,GG,AA,CC,TT,CG,GG,TT,CG,TT,AG,AA,TT,CC,GG,AA,CC,CC,GG,GG,AA,GG,TT,AC,AG,CC,GG,AA,CC,AA,AT,GG,TT,TT,AT,GG,TT,AA,CG,AT,TT,AA,GG,AA,CT,AA,TT,CC,CT,AA,CC,TT,GG,AG,CC,AA,CC,TT,TT,TT,GG,TT,AA,AC,AG,GG,CC,CC,GG,CC,GG,AT,AA,NN,GT,GG,CC,CC,AA,GG,CC,AA,CC,AA,AA,AC,CC,AA,TT,AA,CG,AA,AC,AC,AA,AG,AG,AA,AA,TT,GG,AA,GG,CC,AA,CT,AA,AA,GG,GG,GG,TT,AA,AA,TT,TT,TT,AG,TT,GG,GG,AA,8.48,Susceptible,Medium,Premium,Early
L0631,Davangere,Karnataka,Rabi,Black Cotton,Irrigated,430,25.5,58,CC,CT,GG,AA,GG,CC,GG,TT,CC,CC,AA,CC,CG,TT,TT,GG,CG,TT,TT,AG,GG,TT,GT,CC,TT,CC,TT,TT,GG,AA,CT,CC,AA,CC,GG,GG,GG,CC,GG,CC,TT,TT,AA,GT,AA,AA,TT,TT,CC,AC,GG,AT,AA,GG,CT,TT,AA,AA,NN,AA,AA,TT,AT,AA,CT,AT,CC,GG,TT,GG,AG,GG,CC,AA,AG,AC,AA,GG,TT,TT,GG,GT,GG,CC,AT,GG,AA,AA,CC,GG,CC,TT,TT,TT,TT,GG,CT,CC,TT,CC,CC,CG,AG,AA,AT,TT,CC,AA,AA,AC,CC,GG,TT,GG,TT,AA,AA,AT,CG,GG,CG,NN,CC,TT,TT,AA,CC,CC,CC,CC,AA,GT,CC,AA,CC,CC,AA,TT,AG,AA,CG,CC,CC,GG,AA,AG,AA,CC,GT,CC,CC,AA,AA,GG,TT,GG,AA,TT,CC,GG,AA,GT,TT,TT,CG,AT,TT,CT,AA,TT,GG,CC,AG,CC,CC,CC,GG,CC,AA,GG,AG,CC,TT,CC,GG,GT,GG,TT,AA,AA,TT,AC,GG,AA,AA,CC,GG,GG,AA,GG,TT,AA,AA,CC,GG,AT,CC,AA,AT,GG,TT,AT,AT,CG,GG,AA,CC,TT,GT,AA,GG,AA,CT,AA,TT,CC,TT,NN,CC,TT,GG,AG,CC,GG,CC,TT,CT,GG,GG,AT,AA,AC,AA,GT,CC,CG,GG,CC,GG,AT,AA,CC,TT,GG,CC,CC,AT,GG,CC,AA,CG,AT,AA,CC,CG,AC,TT,AA,GG,AA,AA,AC,AA,GG,GG,AA,AA,AT,GG,AA,AA,AC,AA,CT,AA,AG,GG,GG,GG,GT,AA,AA,GT,TT,TT,NN,AT,GG,GG,AA,7.35,Susceptible,Medium,Poor,Late
L0632,Davangere,Karnataka,Rabi,Black Cotton,Irrigated,430,25.5,58,AA,TT,GG,AG,CG,CG,GT,TT,CC,CG,AA,CT,CC,TT,TT,GT,GG,TT,TT,AA,CG,GG,TT,CC,TT,CC,GT,AT,GG,AA,TT,CC,AA,CC,GG,GG,GG,CG,GG,CC,TT,CC,AA,TT,AA,GG,CT,TT,CC,AA,GT,TT,AA,GG,CC,TT,AA,CC,GG,AA,AG,TT,TT,AA,TT,TT,CC,GG,TT,GG,AA,GG,NN,AA,GG,AC,AT,GG,GT,TT,AG,GG,GG,CC,AT,GG,AG,AT,CC,GT,AC,TT,CC,TT,TT,GG,TT,CC,TT,CC,CC,CC,AG,AA,TT,GT,CC,AG,AA,AA,CC,GG,TT,CC,GT,AA,AA,TT,GG,GG,CC,GG,CT,GG,CT,AA,CC,CC,CC,CG,AA,TT,AC,AA,CC,CT,AA,TT,AG,AA,GG,CT,CC,GG,AA,AA,AA,CC,GG,CC,CC,AA,AA,GG,GT,GG,AA,TT,CC,GG,AC,TT,GT,TT,CC,AA,TT,TT,AA,AT,NN,CC,AA,CC,CC,CC,GG,CC,AA,GG,AG,CC,TT,CG,GT,TT,NN,AA,AA,AG,TT,CC,GG,AA,CC,CC,CC,AA,AC,GG,TT,NN,AA,CC,GG,AT,CC,AA,AT,GG,GT,TT,TT,CG,GG,AT,CG,AT,GG,AA,GG,AA,TT,AA,TT,CC,CT,AC,CC,CT,CG,AA,CG,AG,CC,AT,TT,GT,GG,TT,AA,CC,GG,GG,CC,GG,GG,CC,GG,TT,AA,CC,GT,GG,CC,GG,AA,GG,CG,AA,CC,AA,AA,AA,CC,CC,TT,AA,GG,AA,AC,AA,AC,AG,AG,AG,AA,TT,GG,AA,AG,CC,AA,CC,AG,AA,GG,GG,GG,TT,AA,AA,TT,TT,TT,GG,TT,GG,GG,AA,7.43,Moderate,Low,Standard,Early
L0633,Davangere,Karnataka,Rabi,Black Cotton,Irrigated,430,25.5,58,AA,CT,AG,GG,GG,CC,GG,TT,CC,CC,AA,CC,CC,TT,TT,GG,GG,TT,TT,AG,CG,TT,GT,CC,TT,CC,GT,AT,GG,AA,TT,TT,AA,CC,GG,GG,GG,CG,GG,CC,TT,CT,AC,TT,AA,GG,TT,TT,CC,AC,GG,AA,AG,GG,CC,GT,AA,AC,GT,AC,AA,TT,AT,GG,TT,TT,CC,GG,TT,GT,AG,GG,CC,AA,GG,CC,AA,GG,TT,TT,GG,GG,TT,CC,TT,GG,AA,AA,CC,TT,CC,TT,CT,TT,GT,NN,TT,CC,GT,CT,CC,CG,GG,AA,TT,GT,CC,AA,AG,AA,CC,GG,TT,CC,GT,AA,AC,TT,CC,AG,CC,GG,CC,GG,CT,AA,CT,CC,CC,CC,AG,TT,AC,AA,CC,CC,AA,TT,AA,AA,GG,CC,CC,GG,AA,AG,AA,CC,GG,CC,CC,AG,AG,AG,GT,GG,AA,TT,CT,AG,AC,TT,GT,TT,CG,AT,GT,TT,AT,TT,CG,CC,AG,CT,CC,CC,GG,CC,AA,GG,AA,CC,TT,CC,GT,TT,GG,AT,AA,AA,TT,CC,GG,AA,CC,CC,GG,GG,AA,GG,NN,AA,AA,CC,GG,AA,CC,AT,AT,GG,TT,AT,AA,CG,GT,AT,CC,TT,GT,AA,GG,AA,CC,AC,TT,CC,TT,AC,CC,TT,GG,AA,CC,GG,CC,TT,TT,GT,GG,TT,AC,AC,AA,GG,CC,GG,GG,CC,GG,AA,AA,CC,GG,GG,CC,CC,AT,GG,CC,AA,CC,AT,AA,CC,CC,AC,TT,AA,GG,AA,AA,AC,AA,GG,AA,AA,AA,TT,GG,AA,AA,AC,NN,CT,AA,AA,CG,GG,GG,TT,AT,AG,TT,TT,TT,AG,AA,GG,GG,AA,6.67,Susceptible,Low,Standard,Early
L0634,Davangere,Karnataka,Rabi,Black Cotton,Irrigated,430,25.5,58,AC,TT,AG,AG,GG,CC,GT,TT,CC,CG,AA,CC,GG,TT,TT,GG,GG,TT,TT,AA,CC,TT,GT,CC,TT,CC,GT,TT,GG,AA,TT,CT,AA,CC,GG,GG,GG,CC,GG,CC,TT,TT,AA,GT,AA,AG,TT,TT,CC,AC,GT,AA,AG,GG,TT,TT,AA,AC,GG,AA,AA,TT,TT,AA,TT,TT,CT,GG,TT,GG,AA,GG,CC,AA,AG,CC,AT,GG,TT,TT,GG,GG,GG,CC,AA,GG,NN,AA,CC,GG,CC,TT,NN,TT,TT,GG,CT,CC,GG,CC,CC,CC,GG,AA,AT,TT,CC,AA,AG,AA,CC,GG,TT,NN,TT,AA,AA,TT,CC,AG,CC,GG,CT,GG,CC,AA,CT,CC,CC,CC,AA,TT,AC,AC,CC,CC,AA,TT,AA,AT,GG,CC,CC,GG,AA,AG,AA,CC,GT,CC,CC,AA,AA,GG,GG,GG,AA,NN,CT,GG,AC,TT,TT,CT,CG,AA,GT,TT,AA,TT,CG,CG,GG,CT,CC,CC,GG,CC,AA,GG,AA,CC,GT,CC,GT,TT,GG,AA,NN,AA,TT,CC,CG,AA,CC,CC,GG,GG,CC,GG,TT,AC,AG,CC,GG,AA,AC,AT,AT,GG,TT,TT,TT,GG,TT,AT,CG,TT,TT,AA,GG,AA,TT,AA,TT,CC,TT,AA,CC,TT,CG,AG,CC,AA,CC,TT,TT,GT,GG,TT,AA,AC,AA,NN,CC,CC,GG,CC,GG,TT,AG,CG,TT,AG,CC,CC,AT,GG,CG,AA,CC,AT,AA,AA,CC,AC,TT,AA,GG,AA,AA,AA,AA,GG,AG,AA,AA,AT,GG,AA,AA,AC,AC,CC,AA,AA,GG,GG,GG,TT,AA,AA,TT,TT,TT,AG,TT,GG,GG,AA,6.01,Moderate,Medium,Poor,Medium
L0635,Davangere,Karnataka,Rabi,Black Cotton,Irrigated,430,25.5,58,AC,TT,AG,AA,GG,CC,GG,TT,CC,GG,AA,CC,CC,TT,TT,GG,GG,AT,TT,AA,CC,GT,GT,CC,TT,CC,TT,TT,GT,AA,TT,CT,AA,CC,GG,GG,GG,GG,GG,CC,TT,TT,CC,GT,AA,GG,TT,TT,CC,AC,GT,AT,AA,GG,CC,GT,AA,AA,GT,AA,AA,GT,TT,AA,CT,TT,CC,GG,TT,GT,AG,GT,CC,AG,GG,AC,AT,GG,TT,TT,GG,GT,GG,CC,AA,GG,AA,AA,CC,TT,CC,TT,CC,TT,GT,GG,TT,CC,GT,CC,CC,CG,GG,AA,TT,TT,CC,AA,AG,AA,CC,GG,TT,CC,GT,AC,AC,NN,CG,AG,CC,GG,CC,GG,CT,AG,CC,CC,CC,CC,AA,TT,CC,AA,CC,CT,AA,AT,AG,AT,NN,CT,CC,GG,AA,AA,AA,AC,GG,CC,CC,AG,AA,AG,TT,GG,NN,TT,CT,GG,CC,GT,TT,TT,CG,AA,TT,CT,AT,TT,CG,CC,AG,CC,CC,CC,CG,CC,AA,AG,AA,CC,TT,CC,GG,TT,GG,TT,AA,AA,TT,CC,GG,AA,CC,CC,GG,GG,AC,GG,TT,AA,AA,CC,GG,AA,CC,AA,AA,GG,GT,AT,AA,GG,GT,AA,CC,TT,GT,AA,GG,AA,CT,AA,AT,CC,TT,AC,CC,TT,GG,GG,CC,AA,AC,TT,TT,GT,GG,TT,AA,AA,AG,GG,CC,CC,GG,CC,GG,TT,AG,CC,GT,GG,CG,CC,AA,GG,CC,AA,CC,AA,AG,CC,CC,CC,TT,AA,CG,AA,AA,AC,AA,AG,NN,AA,AA,TT,GG,AA,AG,AC,AA,TT,AA,AA,CG,GG,GG,TT,AA,AG,TT,TT,TT,AG,AT,GG,CG,AA,8.05,Susceptible,Low,Premium,Early
L0636,Davangere,Karnataka,Rabi,Black Cotton,Irrigated,430,25.5,58,AC,CT,GG,AG,GG,CC,GG,TT,CC,CG,AA,CC,CC,AT,TT,GG,GG,TT,TT,AG,CC,TT,TT,CT,AT,CC,TT,TT,GG,AA,TT,CC,AG,CC,GG,CG,GG,CC,GG,CC,TT,CC,AA,TT,NN,AG,TT,TT,NN,AC,GG,AA,AG,GG,CC,TT,AA,AA,GT,AC,AA,TT,AT,AA,TT,TT,CC,GG,TT,GT,AA,GG,CC,AA,AA,CC,AT,GG,GT,TT,GG,GG,GG,CC,AT,GG,AA,AA,CC,TT,CC,TT,CT,TT,TT,AG,TT,CC,TT,CC,CC,CC,GG,AA,TT,TT,CC,AA,AG,AA,CC,GG,TT,CC,TT,AC,AA,TT,CC,GG,CG,AG,CC,GG,TT,AA,CT,CC,CC,CC,AA,TT,CC,AA,CC,CC,AG,TT,AA,AA,GG,CC,CC,GG,AA,GG,AA,CC,GG,CC,CC,AG,AA,GG,GT,AG,AA,GG,TT,GG,AC,GG,TT,TT,CG,AT,TT,TT,AT,NN,GG,CC,AG,CT,CC,CC,GG,CC,AA,GG,AA,CC,TT,CC,GG,TT,GG,AT,AA,AA,TT,CC,GG,AA,CC,CC,GG,GG,CC,GG,TT,AA,AA,CC,GG,AT,CC,AA,AT,GT,TT,TT,AT,NN,GT,AA,CC,TT,TT,AA,GG,AG,TT,AA,TT,CC,TT,AC,CC,TT,CG,AG,CC,AG,CC,AT,CT,TT,GG,TT,AA,AC,AG,GG,CC,GG,GG,CC,GG,TT,AA,CC,TT,AG,NN,CC,AT,AG,CC,NN,CC,AA,AA,AC,CC,AC,TT,AA,GG,AA,AA,AC,AA,AG,AG,AA,AA,AT,GG,AC,GG,AC,AC,CT,AG,AA,GG,GG,CG,TT,AA,AA,GT,TT,TT,AG,TT,GG,GG,AA,6.77,Susceptible,High,Poor,Early
L0637,Davangere,Karnataka,Rabi,Black Cotton,Irrigated,430,25.5,58,AA,TT,AG,AG,CG,CG,GT,TT,CC,GG,AA,CC,CG,AT,TT,GG,CG,TT,TT,AA,CC,GT,GG,CC,AT,CC,TT,TT,GG,AA,TT,CC,AG,CC,AG,GG,GG,CC,GG,CC,TT,CT,AA,TT,AG,AG,TT,TT,CC,AC,GG,AA,AA,GG,CC,TT,AT,AA,TT,AC,NN,TT,TT,AA,TT,AA,CC,GG,TT,GT,AG,GG,CC,AA,AG,AA,AT,GG,TT,TT,GG,GG,GG,CC,AT,GG,AA,AA,CC,TT,AC,TT,CT,TT,GG,GG,TT,AC,GT,CC,CT,CC,AG,AA,TT,TT,CC,AA,AA,AA,CC,GG,TT,CC,TT,AA,AC,TT,CC,AG,CC,GG,CC,GG,TT,AG,CC,CC,CC,CG,AG,GT,CC,AA,CC,CT,AA,TT,AA,AT,CG,CC,CC,GG,AA,AA,AA,AC,GG,CC,CC,AA,AA,GG,TT,AG,AA,TT,CT,GG,CC,TT,GT,TT,CC,AA,TT,TT,AT,TT,GG,NN,AA,CT,CC,CC,CG,AC,AA,GG,AG,CC,TT,CC,TT,TT,GG,TT,AG,AG,NN,CC,GG,CC,CC,CC,NN,GG,AC,GG,TT,AA,AA,CG,GG,AA,AC,AA,AT,GG,TT,TT,AA,GG,TT,TT,CC,AT,GT,AA,GG,AA,TT,AA,TT,CC,TT,NN,CC,TT,CC,AA,CG,AG,AC,TT,CT,GT,GG,TT,AC,CC,AG,GG,CC,CC,GG,CC,GG,AT,AA,CG,GT,GG,CC,CC,AA,GG,CC,AA,CC,AA,AA,AA,CG,CC,TT,AA,GG,AT,AA,AC,AA,GG,AG,AA,AA,TT,GG,AC,AA,CC,AC,TT,AA,AA,CG,GG,GG,GG,AA,AA,GT,TT,TT,AG,TT,GG,GG,AA,5.2,Moderate,High,Poor,Late
L0638,Davangere,Karnataka,Rabi,Black Cotton,Irrigated,430,25.5,58,AC,TT,GG,AA,GG,CC,NN,TT,CC,CG,AA,CC,CC,TT,GT,GG,GG,TT,TT,GG,CC,GT,GG,CT,TT,CC,GT,TT,GG,AA,TT,CC,AA,CC,GG,GG,GG,CG,GG,CC,TT,CC,AC,TT,AG,GG,TT,AT,CC,AA,GG,AA,AA,GG,CC,GT,AA,AA,TT,AC,AA,TT,TT,AG,CT,AT,CC,GG,TT,GG,AG,GG,CC,AA,AG,AA,NN,AG,GT,TT,GG,GG,GG,CC,AA,GG,AA,AA,CC,GT,AC,TT,CT,TT,GT,GG,TT,CC,TT,CC,CC,CC,GG,AA,TT,TT,CC,AG,AG,AA,CT,GG,TT,CC,TT,AC,AA,TT,CC,GG,CC,GG,CT,GT,CT,AA,CC,CC,CC,CC,AA,GT,CC,AA,CC,CC,AA,AT,AG,AA,NN,CC,CC,GG,AA,AG,AA,CC,GG,CC,CC,AG,AA,AG,TT,AG,AC,GG,TT,GG,CC,GT,GT,TT,CG,AA,GT,TT,AA,TT,GG,CC,AA,TT,CC,CC,NN,CC,AT,GG,AA,CC,TT,CC,GT,TT,CG,AT,AA,AA,TT,CC,GG,AA,AC,CC,GG,GG,AC,GG,TT,AA,AA,CG,GG,AA,CC,AA,AT,GT,TT,AT,AA,CG,GT,AA,CC,TT,TT,AA,GG,AA,TT,AC,TT,CC,TT,AA,CC,NN,CG,AG,CC,GG,AC,AT,CC,TT,GG,TT,AC,CC,AA,GG,CC,CG,GG,CC,GG,AT,AG,CC,TT,GG,CC,CC,AA,GG,CC,AA,CC,AA,AA,AC,CC,AC,AT,AA,GG,AA,AC,AC,AA,NN,GG,AA,AA,TT,GG,AA,AG,AA,AA,TT,AG,AA,GG,GG,GG,TT,AA,AA,GT,TT,TT,AA,AA,GG,GG,AA,6.45,Moderate,Medium,Standard,Late
L0639,Davangere,Karnataka,Rabi,Black Cotton,Irrigated,430,25.5,58,AA,TT,GG,AA,GG,CC,GG,TT,CC,CG,AA,CC,CC,TT,GT,GT,CC,TT,TT,AG,CC,TT,TT,CC,AT,CT,GT,TT,GG,AA,TT,CC,AA,AC,GG,GG,GG,GG,GG,CC,TT,TT,AA,GT,AA,AG,TT,TT,CC,AC,GG,AA,AA,GG,CT,TT,AA,NN,GT,AC,AA,TT,TT,GG,TT,TT,CC,GG,TT,GG,AG,GG,CC,AA,GG,AC,NN,GG,TT,TT,GG,GG,GG,CC,AA,GG,AA,AA,CC,GG,CC,TT,CC,TT,TT,AG,CT,CC,GT,CC,CC,CC,AA,AA,TT,TT,CC,AA,AA,AA,CT,GG,TT,CG,TT,AA,AA,TT,GG,AG,CC,AG,CC,GG,TT,AA,CC,CC,CC,CC,AA,TT,AC,AA,CC,CC,AA,TT,AA,AA,GG,CC,CC,GG,AG,AA,AT,CC,GT,CC,CC,AA,AG,AG,GT,AG,AC,TT,TT,GG,CC,TT,TT,TT,CC,AA,TT,TT,AA,TT,CG,CC,AA,CT,CC,NN,GG,AC,AA,GG,AA,CC,NN,CG,GT,TT,GG,AA,AA,NN,GT,CC,GG,AA,AC,CC,GG,AG,AA,GG,TT,AA,AA,CC,GG,AA,NN,AA,AA,GG,TT,AA,AA,GG,GG,AA,CC,TT,TT,AA,GG,AA,TT,AA,TT,CC,TT,AA,AC,TT,CC,AG,CC,AA,CC,NN,TT,TT,GG,TT,AA,CC,AG,GG,CC,CC,GG,CC,GG,AA,AG,CG,GG,GG,CC,CC,AA,GG,CC,AA,CC,AT,AA,CC,CG,AC,TT,AA,GG,AA,AC,AC,AA,GG,AG,AA,NN,TT,GG,AC,AA,CC,AA,TT,AA,AA,GG,AG,CG,TT,AT,AA,TT,TT,TT,AG,AT,GG,GG,AA,7.95,Susceptible,High,Standard,Medium
L0640,Davangere,Karnataka,Rabi,Black Cotton,Irrigated,430,25.5,58,AC,TT,AG,AA,GG,CC,GG,AT,NN,CC,AA,CC,CC,TT,TT,GG,GG,TT,TT,AG,CC,TT,GT,CT,TT,CC,TT,TT,GG,AA,TT,CT,AA,CC,GG,GG,GT,CC,GG,CC,TT,CT,AA,GT,AG,GG,TT,TT,CC,NN,GT,AA,AA,GG,CC,TT,AA,AA,TT,AA,AA,TT,TT,AA,TT,AA,CC,GG,TT,TT,GG,GG,CC,AA,GG,AC,AT,GG,TT,TT,GG,GG,GT,CC,TT,GG,AA,AT,CC,GT,AC,TT,CC,AT,TT,GG,TT,CC,TT,CC,NN,CC,GG,AA,TT,TT,CG,AA,AA,AC,CT,GG,TT,CC,GT,AC,AA,TT,CC,AA,CG,GG,CC,GT,CT,AA,CC,CC,AC,CC,AA,TT,CC,AA,CC,CT,AA,TT,AA,AA,GG,CC,CC,GG,AA,AA,AA,AC,GG,CC,CC,AG,AA,GG,TT,GG,AA,GT,TT,GG,CC,GT,TT,TT,CC,AA,TT,TT,AA,NN,GG,CC,AG,CT,CC,CC,GG,CC,AA,GG,AA,CC,TT,CC,GG,TT,GG,AA,AA,AA,TT,CC,GG,AA,AA,CC,GG,GG,AA,GG,TT,AA,AA,CC,GG,AT,CC,AA,AA,GG,TT,TT,AT,GG,GG,TT,NN,AT,TT,AT,GG,AA,CC,AA,TT,CC,TT,AA,CC,TT,GG,AG,CG,AG,CC,AT,TT,GT,GG,TT,AA,AC,AG,GG,CC,CG,GG,CC,GG,TT,AA,CC,TT,GG,GG,CC,AA,AG,CC,AA,CC,AT,NN,AA,CC,CC,TT,NN,GG,AA,AA,AA,AA,AG,AG,AA,AA,TT,CG,AC,AG,AA,AC,TT,AA,AA,GG,GG,GG,TT,AA,AA,TT,NN,TT,GG,AT,CG,GG,AA,8.22,Susceptible,Low,Standard,Late
L0641,Davangere,Karnataka,Rabi,Black Cotton,Irrigated,430,25.5,58,AC,TT,GG,AG,GG,CG,GT,AT,CC,CC,AA,CC,CC,TT,TT,GT,GG,TT,TT,AG,CC,TT,GT,CT,TT,CC,TT,TT,GT,AA,TT,CC,AA,AC,GG,GG,GG,CC,GG,CC,TT,TT,AC,TT,AA,AG,TT,TT,CC,AC,GG,AA,AA,GG,CC,TT,AA,AA,TT,AC,AG,TT,TT,AG,TT,AA,CC,GG,CT,GG,AA,GG,CC,AA,GG,AC,AT,GG,TT,TT,GG,GT,GG,CC,NN,GG,AG,AA,CC,GT,CC,TT,CT,TT,TT,GG,TT,CC,GT,CC,CC,CC,AA,AA,AT,GT,CC,AA,AG,AC,CC,GG,TT,CG,GT,AA,AC,TT,CC,AA,CC,GG,CC,GG,TT,AA,CC,CC,AC,CC,AG,TT,CC,AA,CC,CC,AA,TT,AA,AA,GG,CC,CC,GG,AA,AG,AA,CC,GG,CC,CC,AA,AA,AG,TT,GG,AC,TT,CT,GG,AC,GT,GT,CT,CG,AA,TT,TT,AT,AT,CG,CC,AA,CT,CC,AC,CG,AA,AA,GG,NN,CC,TT,CC,GG,TT,CG,TT,AA,AA,TT,NN,GG,AA,CC,CC,CG,GG,AC,GG,TT,AA,AA,CC,GG,AA,AA,AA,AA,GT,TT,AT,AA,CG,GT,AA,CG,TT,GT,AA,GG,AA,TT,AA,AT,CC,CT,AA,NN,CT,CG,AA,CC,AA,CC,AT,TT,GT,GG,TT,AA,AA,AA,GG,CC,CG,GG,CC,GG,TT,AA,CC,GT,GG,CC,CC,AA,GG,CC,AT,CC,AA,AA,AC,CC,CC,TT,AA,CG,AA,AA,AC,AA,AG,AA,AG,AA,TT,GG,AA,AA,CC,AA,CT,AA,AA,GG,AG,GG,TT,AA,AG,TT,TT,TT,AA,AA,GG,GG,AA,6.62,Susceptible,High,Poor,Medium
L0642,Davangere,Karnataka,Rabi,Black Cotton,Irrigated,430,25.5,58,AC,TT,GG,AG,GG,CC,GT,TT,CC,CC,AA,CC,CC,TT,TT,GT,GG,TT,TT,AA,CC,GT,TT,CC,TT,CC,TT,TT,GT,AA,TT,CT,AG,CC,GG,GG,GG,CG,GG,CC,GT,TT,AA,TT,AA,GG,TT,TT,CC,CC,NN,AA,AA,GG,CC,TT,AA,AC,GG,AC,AA,TT,AA,AG,TT,TT,CC,GG,TT,GT,AG,GG,CC,AA,GG,AC,AT,GG,TT,TT,GG,GT,GG,CC,AT,GG,AA,AA,CC,GT,CC,TT,CC,TT,TT,GG,CT,CC,GT,CT,CT,NN,AA,AA,TT,TT,CC,NN,AA,AA,CC,GG,GT,CC,GT,AA,AA,TT,NN,AG,CC,GG,CC,GG,TT,AA,CT,CC,CC,CC,AA,TT,AA,AA,CC,CC,AA,TT,AA,AA,GG,CC,CC,GG,AA,AG,AA,CC,GG,CC,CC,AA,AA,GG,TT,GG,AA,TT,CT,GG,CC,GT,TT,TT,CC,AA,TT,TT,AA,TT,CG,CC,AG,CC,CC,CC,GG,CC,AA,GG,AG,CC,TT,CG,GT,NN,CG,AT,AA,AA,TT,AC,GG,AA,AC,CC,GG,GG,AC,NN,TT,AA,AA,CC,GG,AA,AA,AA,AA,GT,TT,TT,TT,CG,GG,AT,CG,AT,TT,AA,GG,AA,CT,AC,TT,CG,TT,AA,CC,TT,GG,AG,CG,AG,CC,TT,TT,GT,GG,TT,AA,CC,AG,GT,CC,CC,GG,CC,GG,AT,AA,CG,TT,GG,CC,CC,AA,GG,CC,AT,CC,AA,AG,CC,CC,AC,TT,AA,GG,AA,AA,AC,NN,GG,AA,AA,AA,TT,GG,AA,GG,AC,AC,TT,AA,NN,GG,GG,GG,TT,AA,AG,TT,TT,TT,AG,TT,GG,GG,AA,9.09,Resistant,Low,Premium,Early
L0643,Davangere,Karnataka,Rabi,Black Cotton,Irrigated,430,25.5,58,AA,CT,GG,AG,GG,CC,GG,TT,CC,CG,AA,CT,CG,TT,GT,GG,CG,TT,TT,AA,CC,TT,GT,CT,TT,CC,TT,TT,GT,AA,TT,CT,AA,CC,AG,GG,GG,CG,GG,CC,TT,TT,AA,TT,AA,AG,TT,TT,CC,CC,GG,AT,AA,GG,CC,GT,AA,CC,GT,AA,AA,TT,NN,AG,TT,TT,CC,GG,TT,GT,AA,GT,CC,AA,GG,AA,AT,GG,TT,TT,GG,GG,GG,CC,AA,GG,AA,AA,CG,TT,CC,TT,CT,TT,TT,GG,CT,CC,GG,CC,CC,CC,AG,AA,AT,TT,CG,AA,AG,AA,CT,GG,TT,CC,TT,AC,AA,TT,CG,AG,CG,GG,CC,GG,CT,AG,CC,NN,CC,CG,AA,GT,CC,AA,CC,CC,AA,TT,AA,AA,CG,CC,CC,GG,AA,AG,AA,CC,GG,CC,NN,AA,AA,GG,GT,AG,AA,GT,CT,GG,CC,TT,GT,CT,CC,TT,GG,TT,AT,TT,CG,CC,GG,CC,CC,CC,GG,CC,AA,GG,AG,CC,TT,CG,GG,GT,CG,AT,AA,AG,TT,CC,GG,AA,CC,CC,GG,GG,AC,CG,TT,AA,AA,CC,GG,AA,CC,AA,AT,GG,TT,AT,AT,CG,TT,AA,CC,AT,GT,AA,GG,AA,TT,AA,TT,CC,CT,AA,CC,CT,GG,AG,NN,AG,AC,AT,TT,GT,GG,TT,AA,CC,AA,GG,CG,CG,GG,CC,GG,AT,AG,CG,TT,GG,CC,CC,AT,GG,CG,AA,CC,AA,AA,CC,CC,AA,AT,AA,GG,AA,AA,AC,AA,GG,GG,AG,AA,AT,GG,AC,AA,CC,AC,TT,AA,AG,GG,GG,GG,TT,AA,AA,TT,TT,TT,AA,TT,CG,GG,AA,11.1,Moderate,Low,Standard,Medium
L0644,Davangere,Karnataka,Rabi,Black Cotton,Irrigated,430,25.5,58,AC,TT,GG,AG,GG,CC,GG,TT,CC,CG,AA,CT,CC,AT,TT,GG,CG,TT,TT,AG,CC,GT,GT,CT,TT,CC,TT,TT,GT,AA,TT,CC,AA,CC,GG,GG,GG,CC,GG,CC,TT,CT,AA,TT,AA,AG,TT,TT,CG,CC,GT,AA,AA,GG,CC,TT,AT,AA,GG,AC,AA,GT,AT,AA,TT,TT,CC,GG,TT,GG,AG,NN,CC,AA,AG,AA,AT,GG,GG,TT,GG,GG,GT,CC,AA,GG,AA,AA,CC,GG,CC,TT,CT,TT,TT,GG,TT,CC,TT,CC,CC,CC,AG,AA,TT,TT,CC,AA,AA,AC,CC,GG,TT,CC,GT,AA,NN,TT,CC,GG,CG,GG,CT,GT,CT,AG,CT,CC,CC,CC,AG,TT,AC,AA,CC,CC,AA,TT,AA,AA,GG,CC,CC,GG,AA,AA,AA,CC,NN,CC,CC,AG,AA,GG,TT,AG,AC,TT,TT,AG,AC,GT,TT,CC,CG,AA,GT,CT,AT,TT,GG,CC,AA,TT,CC,CC,GG,AC,AA,NN,AA,CC,TT,CG,TT,TT,GG,AA,AA,AA,TT,CC,GG,AA,CC,CC,GG,AG,AA,GG,TT,AA,AA,CC,GG,AA,CC,AT,AT,GT,TT,AT,AA,CG,TT,AT,CC,AA,TT,AA,GG,AA,CT,AC,TT,CC,TT,AA,CC,TT,CG,AA,CC,AG,CC,TT,CT,GT,GG,TT,AC,AA,AG,GG,CC,CG,GG,CC,GG,TT,AA,CG,TT,GG,CC,CC,AA,GG,CC,AA,CC,AT,AA,AC,CC,CC,AT,AA,CG,AA,AC,AC,AA,GG,NN,AA,AA,TT,CG,AC,AA,AC,AA,CT,AA,AA,GG,GG,GG,TT,AT,AA,GT,TT,AT,AG,AT,GG,GG,AA,5.7,Susceptible,High,Poor,Medium
L0645,Davangere,Karnataka,Rabi,Black Cotton,Irrigated,430,25.5,58,AA,TT,AG,AA,GG,CG,GT,TT,CC,CC,AA,CC,CC,TT,TT,GG,GG,TT,TT,AA,CC,GT,GT,CC,TT,CC,TT,TT,GG,AA,TT,NN,AA,CC,GG,GG,GG,GG,GG,AC,TT,CT,AA,TT,AA,GG,TT,TT,CC,AA,GG,AT,AA,GG,CC,TT,AA,AA,TT,AA,AA,TT,TT,AG,TT,AT,CC,GG,TT,GG,AG,GG,CC,AA,GG,AA,AT,GG,TT,TT,GG,GT,GG,CC,AT,GG,AA,AA,CC,GT,CC,TT,CT,AT,TT,GG,CT,AC,TT,CC,CT,CG,AG,AA,AT,TT,CC,AA,AG,AA,CC,GG,TT,CC,TT,AA,AA,TT,CC,AG,CG,AA,CC,TT,CT,AA,CC,CC,CC,CG,AA,TT,CC,AA,CC,CC,AA,TT,AG,AT,GG,CC,CC,GG,AG,AG,AA,CC,GG,CC,CC,AA,AG,GG,GT,GG,AC,GT,CT,GG,CC,TT,GG,TT,CC,AT,TT,TT,AA,TT,GG,CC,AA,CC,CC,CC,GG,CC,AA,GG,GG,CC,TT,CC,GG,TT,GG,AA,AG,AG,TT,CC,CG,AA,AC,CC,GG,GG,AA,GG,TT,NN,AA,CC,GG,AA,CC,AA,AT,GG,TT,AT,AT,GG,GT,AT,CG,TT,GT,AA,GG,AA,CT,AA,TT,CG,CT,AA,CC,TT,CG,AG,CC,AA,CC,TT,CT,TT,GG,TT,AC,AC,AA,GG,CC,CG,GG,CC,GG,AT,AG,CC,GT,GG,CC,CG,AA,AG,CC,AT,CC,AA,AA,AC,CG,AC,TT,AA,GG,AA,AC,AC,AA,GG,AA,AA,AG,AT,GG,AC,AA,AC,AC,CC,AA,AG,GG,AG,GG,TT,AT,NN,TT,TT,TT,AA,TT,GG,GG,AC,11.0,Resistant,Low,Premium,Late
L0646,Davangere,Karnataka,Rabi,Black Cotton,Irrigated,430,25.5,58,AA,TT,NN,AA,NN,CC,GG,TT,CC,CG,AA,CC,CG,TT,TT,GG,GG,TT,TT,AG,CC,GT,GG,CT,TT,CC,TT,TT,GT,AA,TT,CT,AA,CC,GG,GG,GG,CC,GG,CC,TT,CT,AA,GT,AA,GG,TT,AT,CG,CC,GG,AT,AG,GG,CC,TT,AT,AA,GT,AA,AA,TT,TT,AG,TT,TT,CC,GG,TT,GG,AG,GG,CC,AA,GG,AC,AT,GG,TT,TT,AG,GG,GG,CC,AA,GG,AA,AA,CC,GT,AC,TT,CC,AT,TT,GG,TT,AC,TT,CC,CT,CC,GG,AA,AT,TT,CG,AA,AA,AC,CT,GG,TT,CC,TT,CC,NN,TT,CC,GG,CC,AG,CC,GG,TT,AA,CT,CC,CC,CC,AA,TT,AC,AA,CC,CC,AA,TT,AG,AA,GG,CC,CC,GG,AA,AA,AA,CC,GG,CC,CC,AA,AA,GG,TT,AG,AC,TT,CT,GG,CC,GT,TT,TT,CC,AT,GT,TT,AA,TT,GG,CG,AA,CC,AC,CC,CG,CC,AA,GG,AG,CC,TT,CC,GT,TT,CG,AA,AA,AG,TT,CC,GG,AA,AC,CC,GG,GG,NN,GG,TT,AA,AA,CC,GT,AA,CC,AA,AA,GT,TT,TT,AT,GG,GG,AA,GG,AT,TT,AA,GG,AA,TT,AA,TT,CC,TT,AA,CC,TT,CG,AG,CC,AA,AC,AT,TT,TT,GG,TT,AA,AC,AA,GT,CC,CG,GG,CC,GG,AA,AA,CC,TT,AG,CG,CC,AT,AG,CG,TT,CC,AT,AA,CC,CG,AC,TT,AA,GG,AA,AA,AC,AA,AG,AG,AA,AA,TT,GG,AC,GG,AC,AC,TT,AA,AA,GG,GG,GG,TT,AA,AA,TT,TT,AT,AA,TT,GG,GG,AC,9.1,Moderate,Medium,Premium,Early
L0647,Davangere,Karnataka,Rabi,Black Cotton,Irrigated,430,25.5,58,AA,CT,GG,AA,CG,CC,GG,TT,CG,CC,AT,CC,CC,AA,TT,GG,CG,TT,TT,AA,CG,TT,TT,CC,AT,CC,TT,AT,GG,AA,TT,CC,AA,CC,GG,CC,GG,CG,GG,CC,TT,TT,AA,TT,AG,AG,TT,TT,CC,AA,GG,AA,AG,CG,CC,GT,AT,AC,GG,CC,AA,TT,AT,AA,TT,AT,CC,GG,TT,GT,AA,GT,CC,AA,AG,AA,AT,AG,TT,TT,AG,GG,GG,CC,AA,GG,AA,AA,CG,GT,CC,TT,CT,TT,TT,GG,TT,CC,GT,CC,CC,CC,AA,AA,TT,TT,CC,AG,AG,AA,CC,GG,TT,CC,TT,AA,AA,TT,CC,AG,CC,GG,CC,GG,CT,AA,CC,CC,CC,CC,AA,TT,CC,AA,CC,CC,AA,TT,AA,AA,CG,CT,CG,GG,AA,GG,AA,CC,GG,CC,CC,AA,AG,GG,GT,GG,AA,TT,TT,GG,CC,GT,TT,TT,CG,AT,TT,TT,AA,AT,GG,CC,AA,TT,CC,CC,GG,AC,AA,GG,AG,CC,TT,CC,GG,TT,GG,TT,AA,AG,TT,CC,GG,AA,CC,CC,GG,GG,AA,GG,TT,AA,AA,CG,GG,AA,AC,AA,AT,GT,TT,AT,AA,CG,GG,AT,GG,TT,GT,AA,GG,AA,CT,AC,TT,CC,TT,AC,CC,CT,GG,GG,CC,AG,AC,TT,CT,TT,CG,TT,AA,CC,AA,GT,CC,CC,GG,CC,NN,AT,AA,CG,TT,AG,CC,CC,AT,GG,GG,AA,CC,AA,AA,CC,CC,AC,TT,AG,GG,AA,AA,AC,AA,AA,AA,AA,AA,AT,GG,AA,AA,AC,AA,CT,AA,AA,GG,GG,GG,TT,AA,AA,GT,TT,TT,AG,AA,GG,CG,AA,7.18,Susceptible,High,Poor,Medium
L0648,Davangere,Karnataka,Rabi,Black Cotton,Irrigated,430,25.5,58,AC,TT,GG,GG,CG,CG,GT,AT,CC,CC,AA,CC,CC,TT,TT,GG,NN,TT,TT,AG,CC,GT,GG,CC,TT,CC,TT,TT,GG,AA,TT,CC,AA,CC,GG,CC,GG,CG,GG,CC,TT,CC,AA,TT,AA,AG,TT,TT,CC,AC,GT,AT,AA,GG,CC,GT,AA,AA,GT,AA,AG,TT,AT,AG,TT,TT,CC,GG,CT,GT,AA,GG,CC,AA,GG,AC,TT,GG,TT,TT,GG,GT,GG,CC,AA,GG,AA,AA,CC,NN,CC,TT,CT,AA,TT,GG,TT,CC,NN,NN,CC,CG,AA,GG,AT,TT,CC,AA,GG,AA,CC,GG,TT,CC,GT,AA,AC,TT,CC,AA,CC,GG,CC,GG,TT,AG,CC,CC,CC,CG,AA,TT,CC,AA,CC,CC,AA,TT,AA,AT,GG,CT,CC,GG,AA,GG,AA,CC,GG,CC,CC,AG,AG,GG,TT,NN,AA,TT,CT,GG,AA,TT,GT,CT,CG,AA,NN,CT,AA,TT,GG,CC,AA,CC,CC,CC,CC,CC,AA,AG,AA,CC,TT,CC,GT,GG,GG,AT,AA,AG,TT,CC,GG,AA,CC,CC,GG,AG,AA,GG,TT,AC,AA,CC,GG,AA,CC,AA,AA,GT,TT,TT,AT,GG,TT,AA,CG,TT,TT,AA,GG,AA,CT,AA,TT,CC,TT,AA,CC,CC,CC,AG,CC,AA,CC,TT,CT,TT,GG,TT,AA,CC,AA,GG,CC,CC,GG,CC,GG,AT,AA,CC,TT,GG,CC,CC,AA,GG,GG,AA,CC,AA,AA,AC,CC,CC,TT,AA,GG,AA,AC,AA,AC,GG,AA,GG,AA,AA,CG,AA,GG,AA,AA,TT,AA,AA,GG,GG,GG,TT,AA,AA,GT,TT,TT,AG,TT,GG,GG,AA,8.15,Moderate,Low,Poor,Early
L0649,Davangere,Karnataka,Rabi,Black Cotton,Irrigated,430,25.5,58,AA,TT,GG,AG,GG,CC,GG,TT,CC,CC,AT,CC,CC,TT,TT,GG,CG,TT,TT,AA,CG,GT,GG,CC,TT,CC,TT,TT,NN,AA,CT,CT,AA,CC,GG,GG,GG,CC,GG,CC,TT,TT,AA,GT,AA,GG,TT,AT,CC,AC,GG,AA,AA,GG,CC,TT,AA,AA,TT,AA,AG,TT,TT,AA,CT,AT,CC,GG,TT,GG,AA,GG,CC,AA,AG,AC,AT,GG,TT,TT,GG,GG,GG,CC,AA,AG,AA,AA,CG,GT,AC,TT,CT,TT,GT,GG,TT,CC,GG,NN,CT,CC,GG,AG,TT,TT,CC,AA,AG,AA,CT,GG,TT,CC,TT,AA,AC,TT,CC,AG,CC,GG,CC,GG,TT,AA,CC,CC,CC,CC,AA,TT,CC,AC,CC,CC,AA,TT,AA,AA,GG,CT,CC,AG,AA,GG,AA,AC,GT,CC,CC,AA,AG,AG,NN,AG,AC,TT,CT,GG,CC,TT,TT,CT,NN,AA,TT,CT,AT,TT,CG,CC,AA,CT,CC,AC,GG,CC,AA,GG,AA,CC,TT,CC,GT,TT,CG,TT,AA,AG,TT,CC,CG,AC,AC,CC,CG,GG,AC,GG,TT,CC,AA,CC,GG,AA,CC,AT,AT,GG,TT,TT,AA,CG,GT,TT,CC,TT,GT,AA,NN,AG,CT,AC,TT,CC,TT,AA,CC,CT,GG,AG,CC,AG,AC,AT,TT,TT,GG,TT,AA,AC,AA,GG,CC,CG,GG,CC,GG,TT,AA,CC,GT,GG,CG,CC,AA,GG,CC,AA,CC,AA,AA,CC,CC,AC,TT,AA,GG,AA,AC,AC,AA,AG,AG,AA,AA,TT,NN,AC,AG,CC,AC,CT,AA,AG,GG,GG,GG,GT,AA,AG,GT,TT,TT,AA,TT,GG,GG,AA,8.51,Susceptible,Medium,Premium,Medium
L0650,Davangere,Karnataka,Rabi,Black Cotton,Irrigated,430,25.5,58,AC,TT,AG,AA,GG,CC,GT,TT,CC,CG,AA,CC,CC,TT,TT,GG,CG,TT,TT,AG,CC,TT,TT,CC,TT,CT,TT,TT,GT,AA,TT,CT,AA,CC,GG,GG,GT,CC,GG,CC,TT,CC,AA,GT,AG,AG,CT,TT,CC,AA,GT,AT,AA,GG,CC,GT,AA,AA,GT,AC,AG,TT,TT,AG,TT,TT,CC,GG,TT,GT,AG,GG,CC,AA,AG,AA,AA,GG,GT,TT,GG,GG,GG,CC,AA,GG,AG,AA,CG,TT,CC,TT,CC,TT,TT,GG,CT,CC,TT,CC,CT,CC,GG,AA,AT,TT,CG,AA,AA,AA,CT,GG,TT,CC,TT,AC,AA,TT,CC,AG,CC,GG,CC,GG,CC,AA,CT,CG,CC,CC,AA,TT,CC,AA,CC,CC,NN,NN,AA,AA,GG,CC,CC,AG,AA,AG,AA,CC,GG,CC,CC,AA,AG,GG,TT,GG,AA,TT,TT,AG,CC,TT,TT,CC,CC,AA,GT,TT,AA,TT,GG,CC,AA,CT,AC,CC,CG,AC,AA,GG,AG,CC,TT,CC,GG,TT,GG,TT,AA,AG,TT,CC,GG,NN,CC,CC,GG,AG,AC,GG,TT,AA,AG,CC,GG,AA,CC,AA,AT,NN,GG,AT,AT,GG,TT,TT,CC,AA,TT,AA,GG,AA,TT,AA,TT,CC,TT,AA,CC,TT,CG,GG,CG,AG,CC,AT,TT,GT,GG,TT,AA,AC,AA,GG,CC,CC,GG,CG,GG,AT,AA,CC,TT,GG,CC,CG,AT,GG,CC,AA,CC,AA,AA,CC,CG,AC,TT,AA,GG,AA,AA,AC,AA,AG,AA,AA,AA,AT,CG,AC,AA,CC,AA,CT,AG,AG,GG,GG,GG,TT,AA,AA,TT,TT,TT,AG,AT,GG,GG,AC,9.72,Resistant,Low,Standard,Early
L0651,Davangere,Karnataka,Rabi,Black Cotton,Irrigated,430,25.5,58,AA,TT,AG,AA,GG,CC,GG,TT,CC,CG,AA,CT,CC,AA,TT,GG,GG,TT,TT,AA,CG,GT,GT,CC,AT,CC,TT,TT,GG,AA,NN,CC,AA,CC,GG,CG,GG,CC,GG,CC,TT,CT,AA,TT,AA,GG,TT,AT,CC,CC,GG,AA,AA,GG,CC,TT,AA,AA,GT,AA,AA,TT,TT,AG,CT,TT,CC,NN,TT,GT,AG,GG,CC,AA,AG,AC,AT,GG,TT,TT,GG,GG,GG,CC,AA,GG,AA,AA,CC,GT,CC,TT,CC,TT,TT,GG,CT,CC,TT,CC,CC,CG,AG,AA,AT,TT,CG,AA,AA,AA,CC,GG,TT,CC,TT,AA,AA,TT,CC,AG,CG,GG,NN,GT,TT,AG,CC,CC,CC,CC,AA,GT,CC,AA,CC,CC,AA,TT,AA,AA,GG,CC,CC,GG,AA,AA,AA,CC,GT,CC,CC,AA,GG,GG,GT,AG,AC,TT,CT,GG,AC,TT,GT,TT,CC,AT,TT,TT,AA,AT,GG,CC,AG,CT,NN,CC,GG,CC,AA,GG,AG,CC,TT,CC,GT,TT,CG,AT,AA,AA,GT,AC,GG,NN,CC,CG,GG,GG,AA,GG,TT,AC,AA,CC,GG,AA,CC,AA,AA,GT,TT,TT,AA,CG,GT,AA,CC,TT,GT,AA,GG,AA,CT,AA,TT,CG,TT,NN,AC,TT,NN,AG,CC,AG,AC,TT,CT,GT,GG,TT,AA,AA,AG,GG,CC,CG,GG,CC,GG,TT,AG,CC,TT,GG,CC,CC,AA,GG,CC,AA,CC,AA,AA,CC,CC,AC,TT,AA,GG,AA,AA,AA,AA,AG,AA,AG,AA,AT,GG,AC,AG,AA,AC,CT,AA,AG,CG,GG,GG,TT,AT,AA,TT,TT,TT,AG,TT,GG,GG,AA,7.17,Susceptible,Medium,Premium,Medium
L0652,Davangere,Karnataka,Rabi,Black Cotton,Irrigated,430,25.5,58,AC,CT,AG,AG,CG,CC,GT,TT,CC,CG,AA,CT,CC,TT,TT,GG,CG,TT,TT,AA,CC,TT,GT,CC,TT,CT,TT,TT,GT,AA,TT,CC,AA,CC,GG,GG,GG,CG,GG,CC,TT,TT,AA,GT,AA,AG,TT,AT,NN,AA,GT,TT,AG,GG,CC,GT,AA,AA,GG,CC,AA,TT,AT,AG,TT,AT,CC,GG,TT,GG,AA,GG,CC,AA,GG,AA,TT,GG,TT,TT,GG,GG,GG,CC,AA,GG,AA,AA,CC,NN,CC,TT,CT,TT,TT,GG,TT,CC,TT,CC,CC,CC,GG,AA,TT,TT,CC,AA,GG,AA,TT,GT,GT,CG,TT,AA,AC,NN,CC,GG,CG,GG,CC,GG,TT,AA,CC,CC,CC,CC,AA,GT,CC,AA,CC,CT,AA,TT,AA,AA,GG,CT,CC,GG,AA,AA,AA,CC,GT,CC,CG,AG,AG,GG,NN,GG,AA,TT,CT,GG,AC,TT,TT,TT,CC,AA,TT,TT,AT,AT,GG,CC,AA,CC,AC,CC,CC,CC,AA,GG,AG,CC,TT,CC,GT,GG,GG,AT,AG,AA,TT,CC,GG,AA,CC,CC,GG,GG,AC,NN,TT,AA,AA,CC,TT,AT,CC,AA,TT,GT,TT,TT,AT,GG,GG,AT,CG,TT,TT,AA,GG,AA,CT,AA,TT,CC,CT,AC,CC,TT,CG,AG,CC,GG,CC,AT,TT,GT,GG,TT,AA,CC,AA,GG,CC,GG,GG,CC,GG,AT,AA,CC,TT,GG,CC,CG,AT,AG,CC,AA,CG,AA,NN,CC,CG,CC,TT,AA,GG,AA,AC,AA,AA,AG,AG,AA,AG,TT,CG,AA,AA,AC,CC,CT,AA,AA,CG,AG,GG,TT,AA,AA,GT,TT,TT,AA,TT,GG,CG,AA,6.66,Susceptible,Low,Poor,Medium
L0653,Davangere,Karnataka,Rabi,Black Cotton,Irrigated,430,25.5,58,AC,NN,AG,AG,GG,CC,GG,AT,CC,CC,AA,CT,CG,TT,GT,GG,CG,TT,AT,AG,CG,GG,GG,CT,TT,NN,TT,TT,GT,AA,TT,CC,AA,CC,GG,CG,GG,CG,GG,CC,TT,CT,AC,TT,AA,AG,TT,TT,CC,AC,GT,AT,AA,GG,CC,TT,AA,AC,GT,AA,AA,TT,AT,AA,TT,AA,CC,GG,TT,GG,AG,GG,CC,AG,GG,AA,AA,GG,TT,TT,GG,GG,GT,CC,AT,GG,AA,AA,CC,TT,CC,TT,CT,AT,GT,GG,CT,CC,GG,CT,TT,CC,AG,AA,TT,TT,CG,AA,AA,AA,CT,GG,TT,CC,TT,AA,AA,TT,CC,AG,CC,GG,CC,GT,TT,AA,CC,CC,CC,CC,AG,TT,CC,AA,CC,CC,NN,TT,AA,AA,GG,CT,CC,GG,AG,AG,TT,CC,GG,CC,CC,AG,AG,GG,GT,NN,AC,TT,CT,GG,CC,TT,GT,TT,CC,AT,TT,TT,AA,AT,CG,CC,AG,CC,CC,AC,GG,CC,NN,GG,AG,CC,TT,CC,GT,TT,CC,TT,AA,AA,TT,CC,CG,AA,CC,CC,GG,GG,AA,GG,TT,AA,AG,CC,GG,TT,CC,AA,AT,TT,TT,TT,AT,CG,NN,AA,CC,TT,GT,AA,GG,AA,CT,AA,TT,CC,CT,AA,CC,TT,CG,AG,CG,AG,CC,TT,TT,TT,GG,TT,AA,AC,AA,GG,CC,CG,GG,CC,GG,TT,AA,CC,TT,GG,CC,CG,AA,AG,CG,AT,CG,AA,AA,AA,CG,AC,TT,AA,GG,AA,AA,AA,AA,GG,AG,AA,AA,TT,GG,AC,AA,CC,AC,CT,AA,AA,GG,GG,GG,GT,AT,AA,TT,TT,TT,AA,AT,GG,GG,AA,9.21,Susceptible,Low,Standard,Late
L0654,Davangere,Karnataka,Rabi,Black Cotton,Irrigated,430,25.5,58,AA,CT,GG,AG,GG,CC,GG,AT,CC,CG,AT,CC,GG,TT,GG,GG,GG,TT,TT,AA,CG,TT,TT,CC,TT,CC,TT,TT,GG,AA,CT,CC,NN,CC,AG,NN,GG,CG,GG,CC,TT,CT,CC,TT,AA,AG,TT,AT,CC,CC,GG,AA,AA,GG,CC,TT,AA,AC,GT,AC,AA,TT,AT,AG,CT,TT,CC,GG,TT,GT,AA,GG,CC,AA,GG,AC,TT,GG,TT,TT,GG,TT,GG,CC,TT,GG,AA,AA,CC,TT,CC,TT,CC,AT,TT,AG,TT,CC,TT,CC,CC,CG,GG,AA,AT,TT,CC,AA,AG,AC,TT,GG,TT,CC,TT,AA,AA,TT,CC,AG,CG,GG,CC,GG,CC,AG,CC,CC,CC,CC,AA,GT,CC,AA,CC,CC,AA,TT,AA,AA,GG,TT,CC,GG,AA,AG,AA,CC,GT,CC,CC,AG,AA,GG,GT,GG,AA,TT,CT,GG,CC,TT,GT,TT,CG,AT,GT,TT,AA,AT,GG,CC,AA,CT,CC,CC,CG,CC,AA,GG,AG,CC,TT,CG,GT,TT,CG,TT,AA,AA,TT,CC,GG,AC,CC,CC,GG,GG,AA,GG,TT,AC,AA,CC,GG,AA,CC,AA,AT,GT,TT,TT,AA,GG,GT,AA,CC,AT,TT,AA,GG,AA,TT,AC,TT,CC,TT,AC,CC,CT,GG,AA,CG,GG,CC,AT,CC,TT,GG,TT,AA,AC,AA,GG,CC,CC,GG,CG,GG,TT,AA,CC,TT,GG,CC,CC,AA,GG,CG,AT,CC,AA,AA,CC,CG,AA,AT,AG,GG,AA,AA,AC,AA,AG,AG,AA,AA,TT,GG,AA,AG,AC,AA,CT,AA,AA,GG,GG,CG,TT,AT,AA,GT,TT,TT,AA,AT,GG,GG,AA,6.84,Susceptible,Low,Premium,Early
L0655,Davangere,Karnataka,Rabi,Black Cotton,Irrigated,430,25.5,58,AA,TT,AG,AA,GG,CC,GG,TT,CC,GG,AA,CT,CG,TT,TT,GG,GG,TT,TT,AA,CC,TT,TT,CT,TT,CT,TT,TT,GG,AA,TT,CC,NN,CC,GG,GG,GG,CC,GT,CC,TT,TT,AC,TT,AG,AG,TT,TT,CC,AA,GT,AA,AA,GG,CT,GT,AA,CC,GT,AA,AA,TT,TT,AA,TT,AT,CC,GT,TT,GG,AG,GT,CC,AA,AG,AC,AT,GG,TT,TT,GG,GG,GG,CC,AA,GG,AA,AA,CG,GT,CC,TT,CT,TT,TT,GG,CT,CC,GT,CC,CT,CC,AG,AA,AA,TT,CC,AA,AA,AA,CC,GG,TT,CC,TT,AA,AC,TT,CG,AG,NN,GG,CC,GG,TT,AA,CC,CC,CC,CG,AA,TT,CC,AA,CC,CC,AA,TT,AG,AA,GG,CC,CC,GG,AA,AA,AA,CC,GG,CC,CC,AA,AG,GG,TT,AG,AA,TT,TT,GG,CC,GT,GT,TT,CC,AT,GG,TT,AA,TT,GG,CG,GG,CC,CC,CC,CG,CC,AA,GG,AG,CC,TT,CC,GG,GT,GG,NN,AA,AA,TT,CC,GG,AC,AC,CC,GG,GG,AC,CG,TT,AA,AG,CG,GG,AA,CC,AA,AA,GG,TT,AT,AT,GG,TT,AA,CC,TT,GT,AA,GG,AA,CT,AA,TT,CC,NN,AA,CC,TT,GG,AG,CC,AG,AC,AT,CT,GG,GG,AT,AA,AC,AA,GG,CC,CG,GG,CC,GG,AA,AA,CC,GT,GG,CC,CC,AA,GG,CC,AA,CC,AA,AA,AC,CC,CC,TT,AA,GG,AA,AC,AA,AA,GG,AA,AA,AA,AA,CG,AA,AG,AC,AA,TT,AA,AA,GG,GG,GG,GT,AA,AA,TT,TT,TT,NN,AT,GG,GG,AA,9.72,Moderate,Medium,Standard,Early
L0656,Davangere,Karnataka,Rabi,Black Cotton,Irrigated,430,25.5,58,AA,TT,GG,GG,GG,CC,GT,AT,CC,CC,AT,CT,CC,TT,TT,GG,GG,TT,TT,AA,CC,GT,GT,NN,TT,CC,TT,TT,GG,AA,CT,CC,AA,CC,GG,GG,GG,CC,GG,CC,TT,TT,AA,GT,AA,NN,TT,AT,CC,CC,GT,AA,AG,GG,CC,GT,AA,AA,GT,AA,AA,GT,NN,AA,TT,AT,CC,GG,TT,GT,AA,GT,CC,AG,GG,AC,AA,GG,TT,TT,GG,GG,GG,CC,AA,GG,AA,AA,CC,GT,AC,TT,CT,TT,TT,GG,TT,CC,GT,CC,CC,CC,GG,AA,TT,TT,CG,AA,AA,AA,CC,GG,TT,CC,GT,AA,AA,TT,CC,GG,CC,AG,CC,TT,CT,AA,CT,CC,CC,CC,AA,GT,AC,AA,CC,CT,AA,TT,AA,AT,GG,CT,CC,GG,AA,GG,AA,CC,GT,CC,CC,AA,AG,AG,TT,GG,AA,TT,CT,AG,CC,TT,GT,TT,CG,AA,TT,CC,AA,TT,GG,CC,AA,CT,NN,CC,CG,AC,AA,GG,AG,CC,TT,CC,GT,GT,GG,TT,AA,AG,NN,AC,CG,AA,CC,CC,GG,GG,AA,GG,TT,NN,AG,NN,GG,AA,CC,AA,AA,GG,TT,TT,TT,GG,GG,AA,CC,AA,TT,AA,GG,AA,TT,AA,TT,CC,TT,AA,CC,CT,GG,AA,CC,AG,CC,TT,TT,TT,GG,TT,AA,CC,AG,GG,CC,CG,GG,CC,GT,AA,AA,CC,TT,GG,CC,CG,AA,GG,CC,AA,CC,AT,AA,CC,CC,CC,TT,AA,CG,AA,AA,AC,AA,AG,AA,AA,AA,TT,CG,AA,AG,CC,AA,CT,AG,AA,GG,GG,GG,TT,AT,GG,TT,TT,TT,AA,TT,GG,CG,AA,7.75,Susceptible,Medium,Premium,Late
L0657,Davangere,Karnataka,Rabi,Black Cotton,Irrigated,430,25.5,58,AC,TT,GG,AG,CG,CC,GT,TT,CC,CG,AA,CT,CG,TT,TT,GG,CG,TT,TT,NN,CC,TT,TT,CC,TT,CC,TT,TT,GG,AA,TT,CT,AA,CC,GG,CG,GG,CC,GG,AC,TT,CC,AA,TT,GG,GG,TT,TT,CC,CC,GG,AA,AA,GG,CT,TT,AT,AC,GG,AA,AA,TT,AT,AA,TT,AT,CC,GG,TT,NN,AA,GG,CC,AA,GG,AA,AT,GG,TT,TT,GG,NN,GT,CC,AA,GG,AA,AT,CC,TT,CC,TT,CC,TT,TT,GG,CT,AC,GT,CC,CT,GG,AG,AA,NN,GT,CC,AA,GG,AA,CC,GG,TT,CC,TT,AA,AA,TT,CC,GG,CG,GG,CC,GT,TT,AA,CC,CC,CC,CC,AA,TT,CC,AA,CC,CC,AA,TT,AA,AA,CG,CT,CC,GG,AA,AG,AA,AC,GG,CC,CC,AA,AA,GG,TT,GG,AA,TT,TT,GG,AC,TT,TT,TT,GG,AA,GT,TT,AA,TT,GG,CC,AA,CC,CC,CC,GG,CC,AA,GG,AG,CC,TT,CC,GG,TT,GG,NN,AA,AG,TT,CC,GG,AC,CC,CC,GG,GG,AA,GG,TT,NN,AA,CC,GG,AA,CC,AA,AA,GG,GT,AA,AT,GG,TT,AA,CC,TT,GT,AA,GG,AA,TT,AA,TT,CC,TT,AA,CC,TT,GG,AA,CG,GG,CC,TT,CT,GT,GG,AT,AA,CC,AG,GG,CC,CC,GG,CC,GG,TT,AA,CG,TT,GG,CC,CC,AA,GG,CG,AA,CG,AT,AG,AC,CC,AC,TT,AA,GG,AA,AA,AA,AA,AA,AG,AG,AA,TT,GG,AA,AG,AC,AA,TT,AA,AA,GG,GG,GG,GT,AA,AA,TT,TT,TT,AA,TT,GG,NN,AA,8.55,Moderate,Low,Standard,Medium
L0658,Davangere,Karnataka,Rabi,Black Cotton,Irrigated,430,25.5,58,AA,TT,GG,AG,GG,CG,GT,TT,CC,CC,AA,CT,NN,AT,TT,GG,CG,TT,TT,AA,CC,TT,GT,CT,TT,CC,TT,TT,GG,AA,CT,CC,AA,CC,GG,GG,GG,CC,GG,AC,TT,CC,AC,TT,AA,GG,TT,TT,CC,NN,GT,AA,AG,GG,CC,TT,AA,AA,GT,NN,AA,TT,AT,AG,TT,AT,CC,GG,TT,GT,AG,GG,CC,AA,GG,AC,AT,GG,TT,TT,GG,NN,GG,CC,NN,GG,AA,AA,CC,TT,CC,TT,CC,TT,TT,GG,CT,CC,GT,CC,CT,CC,AG,AA,TT,TT,CG,AG,GG,AA,CC,GG,TT,CC,TT,AA,NN,TT,CC,AG,CC,GG,CT,GG,CT,AG,CC,CC,CC,CC,AA,TT,CC,AA,CC,CC,AA,TT,AG,AA,GG,CC,CC,GG,AG,AA,AA,CC,GG,CC,CG,AA,GG,AG,GT,GG,AC,TT,TT,AG,CC,GT,TT,TT,CG,AT,GT,TT,AA,TT,GG,CC,AG,CC,CC,CC,CG,CC,AA,GG,GG,CC,TT,CC,GG,TT,CG,TT,AA,AA,TT,CC,GG,AC,AC,CC,GG,GG,AC,GG,TT,AA,AA,CC,GT,AT,AC,AA,AA,GG,TT,AT,AT,CG,GT,AT,CG,TT,TT,AA,GG,AA,TT,AC,TT,CC,TT,AC,CC,TT,CG,AA,CC,GG,AC,TT,CT,GT,GG,TT,AA,CC,AA,GG,CC,CG,GG,CC,GG,AT,AA,CC,TT,GG,CC,CC,AA,AG,CC,AA,CC,AA,AA,CC,CC,AC,TT,NN,GG,AA,AA,AC,AA,AG,AG,AG,AA,TT,GG,AA,AA,AC,AA,TT,AG,AG,GG,GG,GG,TT,AT,AA,GT,TT,TT,AA,AA,GG,GG,AC,10.02,Resistant,Low,Premium,Medium
L0659,Davangere,Karnataka,Rabi,Black Cotton,Irrigated,430,25.5,58,AC,TT,GG,AG,GG,CC,GG,AT,CC,CC,AA,CT,CC,AT,GT,GG,GG,TT,TT,AA,CG,TT,GT,CC,AT,CC,TT,AT,GG,AA,CT,CC,AA,AC,GG,CG,GG,CC,GG,CC,TT,CT,AA,TT,AA,AG,TT,TT,CC,AC,TT,AA,AA,GG,CC,GT,AA,AA,GG,AC,AA,GT,AT,AG,TT,TT,CC,GG,CT,GT,AA,GG,CC,AA,GG,AC,TT,GG,GT,TT,GG,GT,GG,CC,AA,GG,AA,NN,CC,NN,AC,TT,CT,TT,TT,GG,TT,CC,TT,CC,CC,CC,AG,AA,TT,TT,CC,AA,AG,AA,TT,GG,TT,CC,TT,AA,AA,TT,CG,GG,CC,GG,CC,GG,TT,AA,CC,CC,CC,CC,AA,TT,CC,AA,CC,CC,AA,TT,AA,AA,GG,CC,CC,GG,AA,AA,AA,AC,NN,CC,CG,NN,AG,AG,TT,AG,AC,TT,CC,GG,AC,TT,TT,TT,CC,TT,NN,TT,AT,AT,GG,CC,AA,CT,CC,CC,GG,CC,AA,AG,AG,CC,TT,GG,TT,TT,GG,AT,AA,AA,TT,AC,GG,AC,CC,CC,GG,GG,AA,GG,TT,AC,AA,CC,GT,AA,AC,AA,AA,GG,TT,AT,AT,GG,GT,AT,CG,TT,TT,AA,GG,AA,TT,AA,TT,CC,TT,AA,CC,CT,CG,AA,CC,AG,CC,TT,TT,TT,GG,TT,AA,CC,AA,GG,CC,CC,GG,CC,GG,AT,AA,CC,GT,GG,CC,CC,AA,GG,CG,TT,CC,AA,AA,CC,CC,CC,TT,AA,NN,AA,AA,AA,AA,AG,AG,AA,AA,TT,GG,AA,AG,AC,AA,TT,AA,AA,GG,GG,GG,TT,AA,AA,TT,TT,TT,AG,AT,GG,CG,AA,6.7,Moderate,Low,Poor,Early
L0660,Davangere,Karnataka,Rabi,Black Cotton,Irrigated,430,25.5,58,AC,TT,AG,NN,GG,CC,GG,AT,CC,CG,AA,CT,GG,TT,TT,GG,GG,AT,TT,AA,CG,GT,GG,CC,TT,CC,TT,TT,GG,AC,TT,CC,AG,CC,GG,CG,GG,CG,GG,CC,TT,TT,AA,GT,AA,GG,TT,TT,CG,AC,GG,AT,AA,GG,CT,TT,AA,AA,TT,AA,AA,TT,TT,AA,TT,TT,CC,GG,TT,GT,AG,GG,CC,AA,AG,AA,AT,GG,TT,TT,GG,GG,GG,CC,AA,GG,AA,AA,CC,GT,CC,TT,CT,AT,TT,GG,TT,AC,TT,CC,CC,CC,AG,AA,TT,GT,CC,AA,AG,AA,CT,GG,TT,CC,TT,AC,AC,TT,CG,AA,CG,AA,CC,GT,TT,AA,CT,CC,CC,NN,AA,TT,AA,AA,CC,CC,AA,TT,AA,AA,GG,CC,CC,GG,AA,AA,AA,AC,GT,CC,CC,AA,AG,GG,TT,AG,AA,TT,CT,GG,CC,GG,TT,TT,CC,AT,TT,TT,AA,TT,GG,CC,AA,CC,CC,CC,CG,CC,AA,GG,AG,CC,TT,CC,GG,TT,GG,TT,AA,AA,GT,CC,GG,AA,AC,CC,GG,AG,AA,CG,NN,AA,AG,CC,GG,AT,CC,AA,AT,GT,TT,TT,AT,GG,GG,AA,CC,AT,TT,AA,GG,AA,TT,AA,TT,CC,CT,AA,CC,TT,GG,AG,CC,AG,CC,NN,TT,TT,GG,TT,AA,CC,AA,GG,CC,CC,GG,CC,GG,TT,AA,CC,TT,GG,CC,CG,AT,GG,CC,AA,NN,AT,AA,CC,CC,AA,TT,AA,CC,AA,AC,AC,AC,AA,NN,AA,AA,TT,GG,AA,GG,AC,AA,TT,AA,AG,GG,GG,GG,TT,AA,AA,TT,TT,TT,GG,TT,GG,GG,AA,6.81,Susceptible,Medium,Premium,Early
L0661,Davangere,Karnataka,Rabi,Black Cotton,Irrigated,430,25.5,58,AC,TT,GG,GG,GG,CC,GT,TT,CC,CC,AA,CC,CG,TT,TT,TT,GG,TT,TT,AA,CC,TT,TT,TT,TT,CC,NN,TT,GG,AA,CT,CT,AA,CC,GG,GG,GG,CG,GG,CC,TT,TT,AA,GT,AA,GG,TT,TT,CC,CC,GG,AA,AA,GG,CC,NN,AA,AA,GT,AA,AA,GT,TT,AA,TT,AT,CC,GG,TT,GT,AA,GG,CC,AA,NN,CC,AT,GG,TT,TT,GG,GG,GG,CC,AT,GG,AA,AA,CC,GT,CC,GT,CT,AA,TT,GG,TT,CC,GT,CC,CC,GG,AA,AA,TT,TT,CG,AA,AG,AA,NN,GG,TT,GG,TT,AA,AA,TT,CC,AG,CC,NN,CT,GG,TT,AA,CC,CC,CC,CC,AA,TT,AC,AA,CC,CC,AA,TT,AG,AA,GG,CC,CC,GG,AA,AG,AT,CC,GG,CC,CC,AA,GG,AG,GT,GG,AC,TT,CT,AG,AA,TT,NN,TT,CC,AT,TT,TT,AA,AT,GG,CC,AG,CC,CC,CC,GG,CC,AA,GG,GG,CC,TT,CC,GG,TT,GG,TT,AA,AA,TT,CC,CG,AA,CC,CC,GG,GG,AC,GG,TT,AC,AA,CC,GG,AA,AC,AA,AT,GG,TT,TT,AT,CG,GG,AT,CG,TT,GT,AA,GG,AA,TT,AA,TT,CG,CT,AA,CC,CC,GG,AA,CG,GG,CC,AT,TT,GT,GG,TT,AC,AC,AA,GG,CC,CG,GG,CC,GG,AT,AA,CC,TT,GG,CG,CC,AA,AG,CC,AT,CC,AT,AA,CC,CC,AC,TT,AG,GG,NN,AA,AA,AA,AG,AA,AG,AA,AT,GG,AA,AA,CC,AA,CT,AA,AA,GG,AA,GG,NN,AT,AA,TT,TT,TT,AA,TT,GG,CG,AA,6.54,Susceptible,Medium,Poor,Medium
L0662,Davangere,Karnataka,Rabi,Black Cotton,Irrigated,430,25.5,58,AC,TT,AG,AG,GG,CC,GT,AA,CC,CG,AT,CC,CC,TT,GT,GG,GG,TT,TT,AG,CC,GT,GG,CC,TT,CC,TT,AT,GG,AA,TT,TT,AA,CC,GG,GG,NN,CC,GG,CC,TT,TT,AA,GT,AA,GG,TT,TT,CC,AA,GG,AA,AA,GG,CC,GT,AA,AC,GG,AA,AA,TT,AT,GG,TT,AT,CC,GG,CT,GG,AA,GT,CC,AG,GG,AA,AA,GG,TT,TT,AG,GG,GG,CC,AA,GG,AA,AA,CC,GT,CC,TT,CC,TT,GT,GG,TT,CC,GG,CC,CT,CG,GG,AA,TT,TT,CC,AA,AA,AC,CC,GG,TT,CC,GT,AA,AA,TT,CC,AG,CG,GG,CC,GG,TT,NN,CC,CC,AC,CC,AA,TT,AC,AA,CC,CC,AA,TT,AG,AA,GG,CC,CC,GG,AA,AG,AA,CC,GG,CC,CC,GG,AA,GG,TT,GG,AC,TT,CT,AG,AC,GT,TT,TT,CG,AA,TT,TT,AA,AA,CG,CC,AG,CT,CC,NN,CG,CC,AA,GG,AA,CC,TT,CG,GT,TT,GG,AA,AA,AA,TT,CC,GG,AA,CC,CC,GG,GG,AC,CG,CT,AA,AA,CG,GG,AT,CC,AA,AA,GG,GT,AT,AA,GG,TT,TT,CG,AT,TT,AA,GG,AG,CT,AA,TT,CC,CT,AA,CC,TT,CG,AA,CC,AG,CC,TT,TT,TT,GG,TT,AA,AA,AA,GG,CC,CC,GG,CC,GG,TT,AA,CG,TT,GG,CC,CC,AA,AG,CC,AA,CC,AA,AA,AC,CC,CC,TT,AA,GG,AA,AA,AA,AA,GG,GG,AG,AA,TT,GG,AA,AA,AC,AC,CT,AA,AA,GG,GG,GG,TT,AA,AA,TT,TT,TT,AG,TT,GG,GG,AA,5.26,Moderate,Low,Premium,Early
L0663,Davangere,Karnataka,Rabi,Black Cotton,Irrigated,430,25.5,58,AC,TT,GG,AG,CG,CC,GG,TT,CC,GG,AA,CC,GG,TT,TT,GG,GG,TT,NN,AA,CC,TT,GT,CC,TT,CC,TT,TT,GG,AA,TT,CT,AG,CC,GG,GG,GG,GG,GG,CC,TT,CT,AC,TT,AA,GG,TT,TT,CC,AC,GG,AA,AA,GG,CC,TT,AA,CC,GG,AA,AA,GT,AT,AA,NN,AT,CT,GG,CT,GG,AA,GG,CC,AA,GG,AA,AA,GG,TT,TT,AG,GG,GG,CC,AA,GG,AA,AA,CC,GG,AA,TT,CT,TT,TT,GG,TT,CC,TT,CT,CT,CC,AG,AA,TT,TT,CC,AA,AG,AA,CC,GG,TT,CC,GT,AC,AC,TT,CG,GG,CC,GG,CC,GG,CT,AA,CC,CC,CC,CC,AA,TT,CC,AA,CC,CC,AA,AT,AG,AA,GG,CC,CC,GG,AA,AA,AA,CC,GG,CG,CC,AA,AG,GG,TT,GG,AC,TT,TT,GG,CC,TT,TT,TT,CG,AT,TT,TT,AA,TT,GG,CC,AA,CC,AC,CC,CC,CC,AA,GG,AG,AC,TT,CC,GT,GT,GG,TT,AG,NN,TT,CC,GG,AA,CC,CC,GG,GG,AA,GG,TT,AC,AA,CC,GG,AT,CC,NN,TT,GG,TT,TT,AA,GG,GG,AT,CC,AA,TT,AA,GG,AA,CT,AA,TT,CC,CT,AC,CC,CT,GG,GG,CC,GG,AC,TT,TT,TT,GG,TT,AA,AC,AA,GG,CC,CC,GG,CC,GG,AT,AG,CC,TT,GG,CC,CG,AA,GG,CC,AA,CC,AA,AA,CC,CG,AC,AT,AA,GG,AA,AA,AC,AA,AG,AA,AA,AA,AT,CG,AA,AA,AC,AA,CT,AA,AA,CG,GG,CG,TT,AT,AA,TT,TT,TT,AG,AT,GG,NN,AA,10.02,Susceptible,Low,Premium,Late
L0664,Davangere,Karnataka,Rabi,Black Cotton,Irrigated,430,25.5,58,CC,TT,GG,AA,GG,CC,GT,TT,CC,CC,AT,CC,CC,AT,TT,GG,GG,TT,TT,AA,CC,TT,GG,CC,TT,CC,TT,TT,GG,AA,NN,CC,AA,CC,GG,GG,GG,CC,GT,CC,TT,CT,AA,GT,AA,AG,TT,TT,CC,CC,GT,AA,AA,GG,CT,TT,AA,AA,TT,AA,AA,TT,AA,AA,TT,TT,CC,GG,TT,GT,AA,GG,CC,AG,AG,AC,AA,GG,TT,NN,GG,GG,GT,CC,TT,GG,AA,AA,CC,TT,CC,TT,CT,TT,TT,GG,TT,AC,TT,CC,CC,CC,AA,AA,AT,TT,CG,NN,AG,AA,TT,GG,TT,CC,TT,AA,AA,AT,CG,GG,CG,GG,CC,GG,TT,AA,CC,CC,AC,CC,AA,TT,CC,AA,CC,CC,AA,TT,AA,NN,CG,CC,CC,AG,AA,AA,AA,CC,GG,CC,CC,AA,AG,GG,TT,GG,AA,TT,TT,GG,CC,TT,TT,TT,CC,AT,TT,TT,AT,TT,CG,CG,AA,CT,CC,CC,CG,AC,AA,GG,AA,CC,TT,CG,GT,GT,CG,AT,AA,AA,TT,CC,GG,AA,CC,CC,GG,GG,AA,GG,TT,AA,AG,CG,NN,AA,CC,AA,AT,GG,TT,AT,AT,GG,GT,TT,CC,TT,TT,AA,GG,AA,TT,AA,TT,CC,TT,CC,CC,TT,CG,AG,CC,AG,CC,TT,TT,GT,GG,TT,AC,AC,AA,GT,CG,CC,GG,CC,GG,AT,AG,CG,TT,GG,CC,CC,AA,GG,CG,AA,CC,AA,AA,CC,CG,AC,TT,NN,GG,AA,AA,AC,AA,AG,AA,AG,AA,TT,GG,AA,AA,AC,AA,CT,AA,AG,GG,GG,GG,TT,AA,AA,TT,TT,TT,AG,TT,GG,GG,AA,5.38,Susceptible,High,Poor,Early
L0665,Davangere,Karnataka,Rabi,Black Cotton,Irrigated,430,25.5,58,AA,TT,AG,AG,GG,CC,NN,TT,CC,CC,TT,CC,CC,TT,GT,GT,GG,TT,TT,AA,CC,TT,TT,CC,TT,CC,GT,AT,GT,AA,TT,CC,AA,CC,GG,GG,GG,GG,GG,CC,NN,TT,AA,TT,AG,AA,TT,TT,CC,AA,GG,AA,AA,GG,CC,TT,AA,AC,TT,AC,AG,TT,AT,AG,CT,TT,CC,GG,TT,GT,GG,GG,CC,AA,GG,AC,AT,GG,TT,TT,GG,GT,GG,CC,AA,NN,AA,AT,CC,GT,CC,TT,CT,TT,TT,GG,TT,CC,TT,CC,CC,CC,GG,AA,TT,TT,CG,AA,GG,AA,CC,GT,TT,CC,TT,AA,AA,TT,CC,GG,CC,GG,CC,GG,TT,AA,CC,CC,AC,CC,AA,TT,AC,AA,CC,CC,AA,TT,AA,AT,GG,CT,CC,GG,AA,AG,AT,CC,GT,CC,CC,AG,AG,GG,TT,GG,AC,TT,TT,GG,AC,GT,GT,TT,CC,AT,TT,TT,AA,TT,GG,CC,AA,CT,AC,CC,GG,CC,AA,GG,AA,CC,TT,CC,GG,GT,GG,AA,AA,AA,TT,CC,GG,AC,CC,CC,GG,GG,AA,GG,TT,AA,AA,CC,GG,AA,CC,AA,AT,GG,TT,TT,AT,CG,GG,AT,GG,TT,TT,AA,GG,AA,CT,AA,TT,CC,TT,AA,CC,TT,CG,GG,CC,AG,AA,TT,TT,GT,GG,AT,AA,AC,NN,GG,CC,CC,GG,CC,GG,TT,AG,CC,TT,GG,CC,CC,AA,GG,CG,AA,CC,AT,AA,AC,CC,CC,AT,AA,GG,AA,AC,AA,AA,AG,AG,AA,AA,TT,GG,AA,GG,AC,AA,CT,AA,AA,GG,GG,GG,GT,AA,AG,TT,TT,TT,AG,TT,GG,GG,AA,5.2,Susceptible,Medium,Poor,Early
L0666,Davangere,Karnataka,Rabi,Black Cotton,Irrigated,430,25.5,58,AC,TT,GG,AG,GG,CC,GG,TT,CC,CG,AA,CC,CC,AT,NN,GT,CG,TT,TT,AA,CC,TT,GT,CC,TT,CC,TT,TT,GG,AA,CT,CC,AA,CC,GG,GG,GG,CC,GG,CC,TT,CT,AA,GG,AG,GG,CC,AT,CC,AC,GT,AA,AA,GG,CT,GG,AA,AA,GT,AC,AG,TT,TT,AA,TT,AT,CC,GT,TT,GG,AA,GG,CC,AA,GG,AC,AA,GG,TT,TT,GG,GT,GG,CC,AT,GG,AA,AT,CC,TT,AC,TT,CC,TT,TT,GG,CT,CC,GT,TT,CT,CC,AG,AA,TT,TT,CC,AA,AA,AA,CT,GG,TT,CC,TT,AA,AA,TT,CC,GG,CC,GG,CT,GG,TT,AG,CC,CC,AA,CC,AA,TT,CC,AA,CC,CT,AA,TT,AA,AT,GG,CC,CC,GG,AA,AA,AA,CC,GG,CC,CG,AG,AA,AG,TT,AG,CC,GT,CT,GG,CC,TT,TT,TT,CG,AA,TT,TT,AT,TT,GG,CC,AG,CT,CC,CC,GG,CC,AA,GG,AA,CC,TT,CG,GT,TT,GG,TT,AA,AA,GG,AA,GG,AA,CC,CC,GG,GG,AA,GG,TT,AA,AA,CC,GG,AA,AC,AA,TT,GT,TT,AA,AT,CG,GT,TT,CC,TT,GT,AA,GG,AA,CT,AA,AT,CG,CC,CC,CC,TT,GG,AA,CG,AA,CC,TT,CT,GT,GG,TT,AA,CC,AG,GG,CC,CC,GG,CC,GG,AT,AA,CC,TT,GG,CC,CC,AA,GG,CC,AT,CC,AT,AA,AC,CC,CC,TT,AA,GG,AA,AA,AC,AA,AG,AG,AG,AA,TT,GG,AA,AA,AC,AA,TT,AA,AA,GG,GG,GG,TT,AT,AA,TT,TT,TT,AA,AT,GG,CG,AA,10.8,Moderate,Medium,Standard,Late
L0667,Davangere,Karnataka,Rabi,Black Cotton,Irrigated,430,25.5,58,AA,TT,GG,AA,NN,CC,GT,TT,CC,CG,AA,CC,CC,TT,TT,GG,CG,AT,TT,AG,CG,GG,GT,CC,TT,CC,TT,TT,GG,AA,TT,CC,AA,CC,AG,CG,GG,CC,GG,NN,TT,CC,AC,TT,AA,GG,TT,TT,CC,AA,GT,AA,AA,GG,CC,GT,NN,AC,GT,AA,AA,TT,TT,NN,TT,AT,CC,GG,TT,GT,AA,GG,CC,AG,AG,AC,TT,GG,TT,TT,GG,GT,GT,CC,AT,GG,AA,AT,CC,TT,CC,TT,CT,TT,TT,AG,TT,CC,NN,CC,CC,CC,GG,AA,AT,TT,CC,AA,AA,CC,NN,GG,TT,CC,TT,AA,AA,TT,CC,AG,CC,GG,CC,GT,TT,AG,CC,CC,CC,CC,NN,TT,CC,AA,CC,CC,AA,TT,AA,AA,GG,CT,CG,GG,AA,AG,AA,CC,GG,CC,CC,AG,AA,GG,TT,GG,AA,TT,CT,AA,AC,TT,TT,TT,CG,AA,GT,TT,AA,TT,GG,CC,AA,TT,CC,CC,CG,CC,NN,GG,AG,CC,TT,CG,GT,TT,GG,AA,AA,AA,GT,CC,GG,AA,CC,CC,GG,GG,AC,GG,TT,AC,AA,CG,GT,AT,AC,AA,AT,GT,TT,AT,AA,CG,GG,AA,CC,TT,TT,AA,GG,AA,TT,AA,TT,CC,TT,AA,CC,TT,CG,AG,CC,AG,AC,TT,CT,GT,GG,TT,AA,CC,AA,GG,CC,CC,GG,CC,GG,AT,AG,CC,GG,GG,CC,CC,AA,GG,CC,AA,CC,AA,AA,AC,CC,AC,TT,AA,GG,AA,AA,AA,AA,AG,GG,AA,AA,AT,GG,AA,AA,AC,AA,CT,AA,AA,GG,GG,GG,TT,AA,AA,GT,TT,TT,AG,AT,GG,GG,AA,7.9,Susceptible,High,Standard,Late
L0668,Davangere,Karnataka,Rabi,Black Cotton,Irrigated,430,25.5,58,AC,TT,GG,AA,GG,CG,GG,TT,CC,GG,AA,CC,GG,AT,GT,GG,NN,TT,TT,AA,CC,GT,NN,CC,TT,CT,TT,TT,GG,AA,TT,CC,AA,CC,NN,CG,NN,CG,GG,CC,NN,NN,AA,TT,AA,GG,CT,TT,CC,AC,GT,AA,AA,GG,CT,TT,AT,AA,GT,AA,AG,TT,TT,AA,CT,TT,CC,GG,TT,GT,NN,GG,CC,AA,GG,AC,AA,GG,TT,TT,GG,GG,GG,CC,AA,GG,AA,AT,CC,TT,CC,TT,CC,AT,TT,GG,CT,CC,TT,CC,CC,CC,AG,AA,AT,TT,CC,AG,AA,AA,CC,GG,TT,GG,TT,AA,AA,TT,CG,AG,CC,GG,CT,TT,TT,AA,CC,CC,CC,CC,AA,TT,CC,AA,CC,CC,AA,AT,AG,AA,CG,CC,CC,GG,AA,AA,AA,CC,GT,CC,CC,AG,AG,GG,TT,GG,AA,TT,TT,GG,CC,GT,GT,TT,CG,AA,TT,TT,AA,TT,GG,CC,AG,CC,CC,CC,GG,CC,AA,GG,GG,CC,TT,CC,GG,TT,GG,AT,AA,AG,GT,CC,GG,AA,AC,CC,GG,GG,CC,GG,TT,AA,AA,CC,GG,AA,CC,AA,AA,GG,GT,TT,NN,CG,GT,AA,CG,TT,TT,AA,GG,AA,TT,AA,NN,CC,TT,AA,CC,CT,CC,AG,CC,AA,CC,TT,CT,TT,GG,TT,AA,CC,NN,GT,CC,CG,GG,CC,GG,TT,GG,CC,TT,GG,CC,CG,AA,GG,CG,AA,CG,AA,AA,CC,CC,CC,TT,AA,GG,AA,AC,AA,AA,AG,AG,AA,AA,TT,GG,AA,AG,CC,AA,CT,AA,AA,GG,GG,GG,TT,TT,NN,GT,NN,TT,AA,TT,GG,GG,AA,8.99,Moderate,Medium,Premium,Early
L0669,Davangere,Karnataka,Rabi,Black Cotton,Irrigated,430,25.5,58,CC,TT,AA,GG,GG,CC,GG,TT,CC,CC,AA,TT,CG,AT,TT,GG,CG,TT,TT,AA,CG,GT,TT,CC,TT,CC,TT,AT,GG,AA,CT,CC,AA,CC,GG,GG,GG,CC,GG,CC,TT,CT,AA,GT,AA,AG,TT,AT,CC,AC,GG,AA,AA,GG,CC,GT,AA,AA,GT,AA,AG,TT,TT,AG,TT,TT,CC,GG,TT,GG,AA,GT,CC,NN,AG,CC,AT,GG,TT,TT,GG,GG,GG,CC,AA,GG,AA,AA,GG,TT,CC,GT,CT,TT,GT,GG,TT,CC,TT,CC,CT,CC,AA,AA,AT,TT,CC,AG,AG,AA,CT,GG,TT,CC,TT,AC,AA,TT,CC,AG,CC,GG,CC,GG,NN,AA,CT,CC,CC,CC,AA,TT,CC,AA,CC,CC,AA,TT,AA,AA,GG,CT,CC,AG,AG,AA,AA,CC,GG,CC,CC,AA,AA,GG,TT,GG,AC,GT,TT,GG,AC,TT,TT,TT,CG,AA,TT,TT,TT,TT,CC,CC,AG,CT,CC,CC,CG,CC,AA,GG,AA,AC,TT,CC,GT,GG,GG,TT,AA,AG,TT,CC,GG,AA,CC,CC,GG,GG,AC,GG,TT,AA,AA,CC,GG,AA,AC,AT,AA,GG,TT,NN,AA,GG,GT,AT,CC,TT,TT,AA,GG,AA,CT,AC,TT,CC,CT,AC,CC,CT,CC,AG,CC,AG,CC,TT,CT,GT,GG,TT,AA,AC,AA,GG,CC,CC,GG,CC,GG,AT,AG,GG,NN,GG,CC,CC,AA,AG,CG,AA,CC,AA,AA,CC,CC,AA,TT,AA,GG,AA,AA,CC,AA,GG,NN,NN,NN,TT,CG,AA,AA,CC,AA,TT,AA,AG,GG,GG,GG,TT,AT,AA,TT,TT,TT,AA,TT,GG,GG,AC,8.18,Resistant,High,Poor,Early
L0670,Davangere,Karnataka,Rabi,Black Cotton,Irrigated,430,25.5,58,AC,TT,AG,GG,CG,CC,GG,AT,CC,CG,AT,CC,CC,AT,TT,GT,GG,TT,TT,AA,CC,GT,GT,CC,TT,CC,GT,TT,GG,AA,TT,CC,AA,CC,GG,CG,GG,CG,GG,CC,TT,CT,AC,GT,AA,AG,TT,TT,CC,CC,GG,AA,AA,GG,CC,GT,AA,AC,GG,NN,AG,TT,AT,AG,CT,AT,CC,GG,TT,GT,AG,GG,CC,AA,GG,AC,TT,AG,TT,TT,GG,GG,GG,CC,AA,GG,AA,AA,CC,TT,AC,TT,CT,TT,TT,AG,TT,CC,TT,CC,CC,CC,GG,AG,TT,TT,CC,AA,GG,AA,CT,GG,NN,CC,TT,AA,AC,TT,CG,GG,CG,GG,CC,GG,CC,AA,CC,CC,CC,CG,AA,TT,CC,AA,CC,CC,AA,AT,AA,AA,GG,TT,CC,GG,AA,AA,AA,CC,GG,CC,CG,AG,AA,AG,TT,GG,CC,GT,TT,GG,AC,GT,TT,TT,NN,AA,TT,TT,AA,TT,CG,CC,AA,CC,CC,AC,GG,CC,AA,GG,AA,AC,TT,CC,GT,GT,GG,TT,AA,AG,GT,CC,GG,AA,CC,CC,GG,GG,AC,GG,TT,AC,AA,CC,GG,AA,AC,AA,AA,GG,TT,TT,AA,GG,TT,AA,CC,AT,GT,AA,GG,AG,TT,AA,TT,CC,CT,AC,CC,TT,CG,GG,CG,GG,CC,TT,CT,TT,GG,AT,AA,CC,AG,GG,CC,CG,GG,CC,GG,NN,AG,CC,TT,AG,CG,CG,AA,AG,CC,AA,CC,AA,AA,CC,CC,AC,TT,AA,GG,AA,AC,AC,AC,AG,AG,AA,AA,TT,CG,AA,AA,AC,AA,CT,AG,AA,CG,GG,GG,GT,AA,AA,TT,TT,TT,AG,AT,GG,GG,NN,7.69,Moderate,Low,Poor,Early
L0671,Davangere,Karnataka,Rabi,Black Cotton,Irrigated,430,25.5,58,AC,TT,GG,GG,GG,CC,TT,TT,CC,GG,NN,CC,CG,AT,TT,GG,GG,TT,TT,AG,CC,GT,TT,CC,TT,CC,TT,TT,GG,AA,TT,CC,AG,CC,GG,CG,GG,CG,GG,CC,TT,TT,AC,TT,AA,GG,TT,TT,CC,AC,GG,AT,AA,GG,CC,GT,AA,AA,GG,AA,AG,TT,TT,AA,TT,AT,CC,GG,TT,GT,AG,GG,CC,AA,GG,AC,AA,GG,TT,TT,GG,GG,GG,CC,AA,AG,AA,AA,CC,GT,CC,TT,CT,TT,TT,GG,CC,AC,TT,CC,CC,CC,GG,AG,TT,TT,CC,AA,AG,AA,CT,GG,TT,CC,TT,AA,AA,TT,CG,GG,CC,AG,CC,GT,CT,AA,CC,CC,CC,CC,AA,TT,CC,AA,CC,CC,AA,TT,AA,AA,GG,CT,CC,GG,AA,AG,AA,CC,GT,CC,CC,AA,NN,AG,TT,GG,AA,TT,CT,GG,AC,TT,TT,TT,CC,AA,TT,TT,AT,TT,GG,CG,AA,CC,CC,CC,CG,CC,AA,GG,AA,CC,TT,CG,GG,GT,GG,AT,AA,AA,GT,CC,CG,AA,AC,CC,GG,GG,AC,GG,TT,AC,AA,CC,GG,AA,CC,NN,AT,GT,TT,TT,AA,GG,GT,AT,CG,AA,GT,AA,AG,AA,CT,AA,TT,CC,CC,AC,CC,TT,GG,AA,CG,GG,CC,TT,TT,TT,GG,NN,AA,AC,AA,GG,CC,CG,GG,CC,GG,TT,AA,CG,TT,GG,CC,CC,AT,AG,CC,AA,CG,TT,AA,AC,CC,CC,TT,AA,GG,AA,AA,AC,AA,AG,AA,AA,AA,TT,GG,AC,GG,CC,AC,TT,AA,AA,GG,GG,NN,TT,AA,AA,GT,TT,TT,AA,TT,GG,CG,AC,8.56,Resistant,Medium,Poor,Late
L0672,Davangere,Karnataka,Rabi,Black Cotton,Irrigated,430,25.5,58,AA,TT,GG,AG,GG,CC,GG,AT,CC,CC,AT,CC,CG,AT,TT,GT,CC,TT,TT,AA,CC,GG,TT,CT,TT,CC,TT,TT,GG,AA,TT,CC,AA,CC,GG,CG,GG,CC,GG,CC,TT,CT,AA,TT,AG,GG,TT,AT,CC,AC,GG,AA,AA,GG,CC,TT,AA,AA,GT,NN,AA,TT,TT,AG,TT,TT,CC,GG,TT,GG,AG,GG,CC,NN,GG,AA,AA,AG,TT,TT,GG,GT,GG,CC,AA,GG,AA,AT,CC,GT,CC,TT,CC,TT,NN,GG,TT,AC,TT,CC,CT,CC,GG,AG,AT,TT,CC,AA,GG,AA,CT,GG,TT,CG,GG,CC,AA,TT,CC,AG,CG,GG,CC,GT,CT,AA,CC,CC,CC,CC,AA,TT,CC,AA,CC,CC,AA,TT,AG,TT,GG,CC,CC,GG,AA,AG,AA,AC,GG,CC,CC,AA,AA,GG,GT,GG,AC,TT,TT,GG,AC,TT,GT,CT,GG,TT,NN,TT,AA,TT,GG,CC,AG,TT,AC,CC,GG,CC,AA,GG,AG,CC,TT,CC,GT,GT,CC,TT,AA,AA,TT,AC,NN,AC,AC,CC,GG,GG,AC,GG,CT,AA,AA,CC,GG,AA,AC,AA,AT,GG,TT,AT,AT,CG,GG,AT,CC,TT,GT,AA,GG,AA,TT,AC,TT,CC,TT,AA,CC,TT,CG,AA,CG,AG,CC,TT,CT,GG,GG,TT,AA,AC,AA,GG,CC,CC,GG,CC,GG,AT,AG,CC,TT,GG,CC,CC,AA,GG,CG,AT,CC,AA,AA,NN,CG,AC,TT,AA,GG,AA,AA,AA,AA,AA,AA,AA,AA,AT,GG,AA,AA,AC,AC,CT,AA,GG,GG,GG,GG,TT,AA,AA,GT,TT,AT,AA,AT,GG,GG,AA,6.54,Moderate,Medium,Premium,Late
L0673,Davangere,Karnataka,Rabi,Black Cotton,Irrigated,430,25.5,58,AA,TT,GG,AG,GG,CC,GT,NN,CC,CG,AA,CC,CG,TT,TT,NN,GG,TT,TT,AA,CC,TT,GT,CT,TT,CC,GT,TT,GG,AA,TT,CT,AA,CC,GG,GG,GG,CC,GG,CC,TT,TT,AA,TT,AA,AA,TT,TT,CC,AC,GG,AA,AG,GG,CC,GT,AA,CC,GT,AA,AA,TT,TT,AA,TT,TT,CC,GG,TT,GG,AA,GT,CC,AA,GG,AC,AA,GG,TT,TT,GG,GG,GG,CC,AA,GG,AA,AT,CC,GG,AC,TT,CT,TT,GT,GG,TT,CC,GT,CC,CC,CG,NN,NN,TT,TT,CC,AA,GG,AA,CC,GG,TT,CC,TT,AA,AC,TT,CC,AA,CC,AG,CC,GG,TT,AA,CC,CC,CC,CC,AA,TT,AC,AA,CC,CT,AA,TT,AA,AA,CG,CT,CC,GG,AA,AA,AA,CC,GG,CC,CC,AA,AA,GG,GT,GG,AA,GT,TT,NN,AC,TT,TT,TT,CC,AA,TT,TT,AA,AT,GG,CC,AA,CT,CC,AC,GG,NN,AT,GG,AG,CC,TT,CC,GT,TT,GG,AT,AA,AA,TT,CC,CG,AC,CC,CC,GG,AG,AC,GG,TT,AA,AA,CC,NN,TT,CC,AA,AA,GG,TT,NN,AA,GG,GG,AA,CG,AT,GT,NN,GG,AA,TT,AA,TT,CC,TT,AA,CC,CT,GG,AG,CC,AG,CC,AT,CT,TT,GG,TT,AC,CC,AG,GG,CC,CG,GG,CC,GG,AA,AG,CC,GG,GG,CC,CG,NN,GG,CC,AT,CC,AT,AA,AC,CC,CC,TT,AA,GG,AA,AA,AC,AA,AG,AA,AA,AA,AT,CG,AA,AA,NN,AA,TT,AA,AA,GG,AG,GG,TT,AA,AA,TT,TT,TT,AA,TT,GG,GG,AA,6.73,Susceptible,Medium,Poor,Early
L0674,Davangere,Karnataka,Rabi,Black Cotton,Irrigated,430,25.5,58,AA,TT,GG,AG,GG,CG,GG,AT,CC,CG,AA,CC,GG,TT,TT,GG,GG,TT,AT,AA,CC,GT,GG,CC,TT,CC,TT,TT,GT,AA,TT,CC,AA,CC,AG,GG,GG,CC,GG,AC,TT,TT,AC,TT,AA,GG,TT,TT,CC,CC,GG,AA,AA,CG,CT,TT,AA,AA,GT,CC,AA,TT,AA,AA,CT,TT,CC,GG,TT,GG,AG,GG,CC,AA,GG,AC,TT,AG,TT,TT,GG,GG,GG,CC,AA,GG,AA,AA,CG,GT,CC,TT,CT,AT,TT,GG,CT,AC,GT,CC,CT,CC,AG,AG,TT,TT,CC,AA,AG,AA,NN,GG,TT,CC,TT,AA,AA,TT,CC,GG,CG,GG,CC,GT,TT,AA,CC,CC,AC,NN,AA,TT,CC,AA,CC,CC,AA,AT,AA,NN,GG,CT,CC,GG,AA,AA,AA,CC,GG,CC,CG,AG,AG,GG,TT,AG,AA,TT,CC,GG,CC,GT,TT,CT,CG,AT,GT,TT,AA,TT,GG,CC,AA,CT,CC,CC,GG,CC,AA,GG,AG,CC,TT,CC,GG,GG,GG,AA,AA,AG,TT,CC,GG,AA,AC,CC,GG,GG,AA,CG,NN,AC,AG,CC,GG,AT,CC,AA,AT,GT,TT,TT,AA,GG,GT,AA,CC,TT,TT,AA,NN,AA,TT,AC,TT,CC,TT,AA,AC,TT,GG,NN,CG,AA,CC,TT,CT,GT,GG,TT,AC,AC,AG,GG,CG,CG,GG,CC,GG,AA,AA,CC,GT,GG,CC,CC,AT,AG,CC,AA,CC,AA,AA,AC,CC,CC,TT,AA,GG,AA,AA,AA,AA,AG,AG,AA,AA,TT,NN,NN,AA,CC,AA,CC,AA,AA,CG,GG,GG,TT,AA,AA,TT,TT,TT,AA,TT,GG,GG,AC,7.3,Resistant,Low,Premium,Medium
L0675,Davangere,Karnataka,Rabi,Black Cotton,Irrigated,430,25.5,58,AC,TT,GG,AA,GG,CG,GG,AT,CG,CG,AA,CC,CG,TT,TT,GG,GG,TT,TT,GG,CG,TT,GT,CT,TT,CT,TT,TT,GG,AA,TT,CC,AA,AC,GG,GG,GG,CG,GG,CC,TT,NN,AC,NN,AA,AG,CT,TT,CC,AA,GG,AA,AG,GG,CT,TT,AA,AA,GG,AA,AA,TT,AT,AG,TT,TT,CC,GG,TT,GT,AA,GG,CC,AG,AG,AC,TT,AG,TT,TT,GG,GG,GG,CC,AT,GG,AA,AA,CC,TT,AC,TT,CC,TT,TT,GG,TT,CC,TT,CC,CT,CC,AG,AA,TT,TT,CC,AA,AG,AA,CT,GG,TT,CC,TT,AA,AA,TT,CG,AG,CC,AG,CC,GG,TT,AA,CC,CC,CC,CC,AG,GT,CC,AA,AC,CC,AA,AT,AA,AA,GG,CC,CC,GG,AA,AA,AA,CC,GT,CC,CC,AA,AG,GG,TT,GG,CC,TT,TT,GG,AC,TT,GT,TT,CC,AT,TT,TT,AT,TT,GG,CC,AG,CC,CC,CC,CG,CC,AA,GG,AG,CC,TT,CC,GG,TT,GG,AA,AA,AG,TT,CC,GG,AC,CC,CC,GG,GG,AA,CG,TT,AA,AA,NN,GG,AA,AC,AA,AA,GT,TT,TT,AT,CG,GT,AT,GG,AT,TT,AA,GG,NN,TT,AA,AT,CC,TT,AA,CC,TT,GG,AG,CC,GG,CC,TT,TT,TT,GG,TT,AA,CC,AA,GG,CC,CG,GG,CC,GG,AT,AA,CC,GT,AG,CC,CG,AA,AG,CC,AT,CC,AA,AA,AC,CC,AC,TT,AA,CG,AA,AA,AC,AC,AG,AA,AA,AA,TT,GG,CC,AA,CC,AA,TT,AA,AG,CG,GG,GG,GT,AA,AA,TT,TT,TT,AG,TT,GG,GG,AA,8.3,Susceptible,Low,Poor,Early
L0676,Davangere,Karnataka,Rabi,Black Cotton,Irrigated,430,25.5,58,AC,CT,GG,AA,CG,CC,GG,AT,CC,CC,AT,CC,CG,NN,TT,GG,CG,TT,TT,AA,CC,TT,TT,CT,TT,CC,TT,TT,GG,AA,TT,CC,AA,CC,GG,GG,GG,CC,GG,CC,TT,TT,AA,TT,AA,GG,TT,TT,CC,CC,GT,AA,AA,GG,CC,TT,AA,AA,GT,AA,AA,TT,TT,GG,TT,AT,CC,GG,TT,GG,AA,GG,AC,AA,GG,AA,AT,GG,TT,TT,GG,GT,GG,CC,AT,GG,AA,AA,CC,TT,CC,TT,CT,AA,TT,AG,CT,CC,TT,CC,CC,CG,AA,AA,TT,TT,CC,AA,AA,AA,TT,GG,TT,CG,TT,AA,AA,TT,CG,AG,CC,GG,CC,GG,TT,AG,CC,CC,CC,CC,AA,TT,CC,AA,CC,CT,AA,TT,AG,AT,GG,CC,CC,GG,AA,GG,AA,CC,GT,CC,CC,AA,AG,AG,TT,GG,AA,TT,CT,AG,AC,TT,TT,TT,CC,AT,TT,TT,AA,TT,GG,CC,AA,CC,CC,CC,GG,CC,AT,GG,AA,CC,TT,CG,GT,TT,GG,AT,AA,AG,TT,CC,GG,AA,CC,CC,CG,GG,AC,GG,TT,AA,NN,CG,GG,AA,CC,AA,AT,GG,TT,TT,AA,CC,TT,AA,CG,TT,GT,AA,GG,AA,TT,AA,TT,CC,TT,AA,CC,CT,GG,AG,CG,AG,AC,TT,TT,TT,GG,TT,AA,AA,AA,GG,CC,CC,GG,CC,GG,NN,AA,CC,TT,GG,CC,CC,AA,AG,CC,AT,CC,AT,AG,CC,CG,CC,TT,AA,GG,AA,AA,AA,AA,AG,AG,AA,AA,TT,GG,AC,NN,CC,AA,CT,AA,AA,GG,GG,GG,GT,AT,AA,TT,TT,TT,AG,TT,GG,GG,AA,9.55,Susceptible,Medium,Standard,Medium
L0677,Davangere,Karnataka,Rabi,Black Cotton,Irrigated,430,25.5,58,AA,TT,GG,GG,GG,CC,GG,TT,CC,CG,AA,CC,CC,TT,TT,GG,GG,TT,TT,AA,CC,TT,TT,CC,TT,CC,TT,TT,GG,AA,TT,CC,AA,CC,GG,GG,GG,CC,GG,AC,TT,CT,AA,TT,AG,AG,TT,TT,CC,AC,GG,AA,AG,GG,CC,TT,AA,AC,GT,AC,AA,TT,AT,AG,TT,TT,CC,GG,CC,GG,AA,GG,CC,AA,GG,AC,AT,GG,TT,TT,GG,GT,GG,CC,AT,NN,AA,AA,CC,GG,CC,TT,CC,AT,TT,GG,TT,CC,GT,CT,CC,CC,AA,AA,AT,GT,CC,AA,AA,AA,CC,GT,TT,CC,TT,AA,AA,TT,CC,GG,CC,GG,CT,GT,CT,AA,TT,CC,AC,CC,AA,TT,CC,AA,CC,CC,AA,TT,GG,AA,GG,CC,CC,GG,AG,AG,AA,AC,GG,CC,NN,AA,AA,GG,TT,GG,AC,TT,CT,AG,CC,GT,GT,TT,CC,AT,TT,TT,AA,TT,GG,CG,AA,TT,CC,CC,CC,CC,AA,GG,AA,CC,TT,CC,GG,TT,GG,NN,AA,AG,TT,CC,GG,AA,AC,CC,GG,GG,AC,GG,TT,NN,AA,CC,GG,AA,AC,AA,TT,GG,GT,TT,AA,GG,GT,AT,CG,AT,TT,AA,GG,AA,CT,AA,TT,CC,TT,AC,CC,CT,CC,AG,CC,AA,CC,TT,CT,GT,GG,TT,AA,CC,AA,GG,CC,CC,GG,CC,GG,AT,AA,CC,TT,GG,CC,CC,AA,AG,CC,AA,CC,AA,AA,CC,CG,CC,AT,AA,GG,AA,AA,AA,AA,GG,AG,AA,AA,AT,GG,AA,AA,CC,AA,CT,AA,AA,GG,GG,GG,TT,AT,AA,TT,TT,TT,AA,NN,GG,CG,AA,7.77,Susceptible,High,Standard,Early
L0678,Davangere,Karnataka,Rabi,Black Cotton,Irrigated,430,25.5,58,AA,CT,GG,AA,CG,CC,GG,AT,CC,CC,AA,CC,CG,AT,GT,GT,CC,TT,TT,AG,CC,TT,TT,CC,TT,CC,TT,TT,GG,AA,TT,CT,AA,CC,GG,GG,GG,CC,GG,NN,TT,TT,AA,TT,AA,AG,TT,NN,CC,AC,GG,AA,AA,GG,CT,TT,AA,AA,TT,AA,AA,TT,AA,AG,TT,TT,CC,GG,TT,GG,AG,GG,CC,AA,AG,AA,AT,GG,GT,TT,GG,GG,GG,CC,AA,GG,AA,AA,CC,GT,CC,TT,CT,NN,GT,GG,TT,CC,GT,CC,CC,CG,AA,AA,TT,TT,CG,AG,AG,AA,CT,GT,GT,CG,TT,AC,AA,TT,CC,AG,CC,AG,CC,GT,NN,AG,CT,CG,CC,CC,AG,GT,CC,AA,CC,CC,AA,TT,AA,AA,CG,CC,CC,GG,AA,AG,AA,AC,GG,CC,CC,AA,AG,GG,GT,AG,AA,TT,CT,AG,NN,GT,TT,TT,CC,AA,GT,CT,AT,TT,CG,CC,AA,CC,CC,CC,CG,CC,AA,GG,AA,CC,TT,NN,GG,TT,GG,AA,AA,AA,TT,CC,GG,AA,CC,CG,GG,GG,CC,GG,TT,AC,AA,CC,GG,AA,CC,AA,AA,GG,TT,AT,AT,GG,GG,AA,CC,AT,GG,AA,GG,AA,CT,AA,TT,CC,TT,AA,CC,TT,CG,AA,CC,GG,CC,TT,CT,TT,GG,TT,AA,AA,AG,GG,CC,GG,GG,CC,GG,AT,AA,CC,TT,GG,CC,CC,AA,AG,CC,AT,CC,AA,AA,CC,CC,NN,TT,AA,NN,AA,AA,AC,AA,AG,AA,AA,AA,AT,GG,AA,AA,AC,AA,CT,AA,AG,GG,GG,GG,TT,AA,AG,TT,TT,TT,AG,TT,GG,CG,AA,7.61,Susceptible,Low,Standard,Late
L0679,Davangere,Karnataka,Rabi,Black Cotton,Irrigated,430,25.5,58,AA,TT,GG,AG,GG,CC,GG,AA,CC,GG,AA,CT,CC,TT,TT,GG,GG,TT,TT,AA,CC,TT,TT,CC,AT,CC,TT,TT,GT,AA,TT,CC,AG,CC,GG,CG,GG,CC,GG,CC,TT,CT,AA,TT,AA,GG,TT,AT,CC,CC,GG,AA,AG,GG,CT,TT,AA,AC,GT,AC,AA,TT,AT,AG,CT,AT,CC,GG,CT,GG,AG,GG,CC,AA,GG,AC,AT,GG,TT,TT,GG,GG,GG,CC,AA,NN,AA,AA,CC,GG,CC,TT,CC,TT,GT,GG,CC,CC,TT,CC,CC,CG,AG,AA,TT,TT,CC,AA,GG,AA,CC,GG,GT,CC,TT,AA,AA,TT,CC,AG,CC,GG,NN,GG,CT,AG,CT,CG,CC,CC,AA,TT,AC,AA,CC,CC,AA,AT,AA,AA,GG,CT,CC,AG,AA,AA,AA,AC,GT,CC,CC,AA,AA,GG,TT,GG,AA,TT,TT,GG,AA,GT,GT,TT,CC,AA,TT,TT,AT,TT,GG,NN,AG,NN,CC,CC,GG,CC,AA,GG,AG,CC,TT,CC,GG,TT,GG,TT,AA,AA,TT,CC,GG,AA,AC,CC,GG,GG,AA,CG,TT,AA,NN,CC,GG,AA,AA,AA,AT,GT,TT,AT,AA,CC,TT,TT,CC,TT,TT,AA,GG,AA,CT,AC,TT,CG,TT,AA,CC,TT,GG,AG,CC,AG,CC,TT,TT,GG,GG,TT,AA,CC,AA,GG,CC,CC,GG,CC,GG,TT,AA,CC,TT,AG,CC,CC,AA,AG,CC,AA,CC,AT,AA,AC,CG,AC,TT,AG,GG,AA,AA,AA,AA,GG,AA,AA,AA,TT,GG,AA,AG,CC,AA,TT,AA,AA,GG,GG,CC,TT,AT,AA,TT,TT,AT,AA,AT,GG,CG,AA,8.82,Susceptible,Medium,Poor,Medium
L0680,Davangere,Karnataka,Rabi,Black Cotton,Irrigated,430,25.5,58,AA,TT,GG,AG,GG,CC,NN,TT,CC,CC,AA,CT,CC,AT,TT,GG,GG,TT,TT,AA,CC,TT,GT,CC,TT,CT,TT,TT,GG,AA,TT,CC,AA,CC,GG,CG,GG,CC,GG,NN,TT,CT,AA,TT,AA,GG,CT,TT,CC,AC,GG,AA,AG,GG,CC,TT,AT,AA,GG,AC,AA,TT,TT,AA,TT,AT,CC,GG,TT,GG,AG,GG,CC,AA,AG,AC,AT,GG,TT,TT,GG,GG,GG,CC,AA,GG,AA,AA,CC,TT,CC,TT,CT,TT,GT,GG,TT,CC,GT,CT,CC,CG,AG,AA,AT,TT,CG,AA,AG,AC,CT,GG,TT,CC,GT,NN,AA,TT,CC,GG,CG,AG,CC,GT,CT,AA,CC,CC,CC,CC,AA,TT,CC,AA,CC,CC,AA,TT,AA,AA,GG,CT,NN,GG,AA,AG,AA,CC,GT,CC,CC,AA,AA,GG,TT,GG,AA,GT,NN,GG,CC,TT,GT,TT,CC,AT,GT,TT,AA,TT,GG,CC,AA,CC,CC,AC,GG,CC,AA,GG,AA,CC,TT,CC,GT,TT,GG,AT,AA,AA,TT,CC,CG,AA,CC,CC,GG,GG,AA,GG,TT,AA,AA,CC,GT,AA,AC,NN,TT,GG,GT,TT,AT,GG,GG,AA,CC,AT,GT,AA,GG,AA,TT,AC,TT,CC,CT,AC,CC,CC,GG,AG,CC,AG,CC,AT,CT,TT,GG,TT,AC,CC,AA,GG,CC,CG,GG,CC,GT,TT,AA,CC,GT,GG,CC,CC,AA,GG,CC,AA,CG,AA,AA,CC,CC,AC,TT,AA,GG,AA,AA,AA,AC,AA,AA,AG,AA,TT,GG,CC,AG,CC,AA,CT,AG,AA,GG,GG,CG,GT,AA,AG,TT,TT,TT,AA,AT,GG,CG,AA,9.11,Moderate,Low,Premium,Medium
L0681,Davangere,Karnataka,Rabi,Black Cotton,Irrigated,430,25.5,58,AA,TT,GG,AG,GG,CC,GG,TT,CC,CC,AA,CT,CC,TT,GT,GG,GG,TT,TT,AA,CC,TT,TT,CC,TT,CC,TT,NN,GG,AA,TT,CT,AA,CC,GG,GG,GG,CC,GG,CC,TT,CT,AA,TT,AG,GG,TT,AT,CC,CC,GG,AA,AA,GG,CC,TT,AT,AA,GG,AA,AA,TT,TT,AA,TT,AT,CC,GG,TT,GG,NN,GG,CC,AA,AG,CC,AA,GG,TT,TT,GG,GT,GT,CC,AA,GG,AA,AT,CC,GG,CC,TT,CC,TT,GT,GG,CT,CC,TT,CT,CC,CC,AG,AA,TT,TT,CC,AG,AG,AA,CT,GG,GT,CC,TT,AA,AA,TT,CC,GG,CC,GG,CC,GG,CT,AA,CC,CC,CC,CC,NN,TT,CC,AA,CC,CC,AG,AT,AG,AT,CG,CC,CC,GG,AA,AA,AA,CC,NN,CC,CC,AA,AG,GG,TT,GG,AC,GT,TT,AG,CC,GT,TT,CT,CC,AA,TT,CT,AT,AT,GG,NN,AG,CC,CC,CC,GG,CC,AA,GG,AG,CC,TT,CC,GG,TT,CG,AT,AA,AA,TT,CC,NN,AA,CC,CC,GG,GG,AA,GG,TT,AC,AG,CC,GG,AT,CC,AT,AA,GG,TT,TT,AA,CC,GG,AA,CG,TT,TT,AA,GG,NN,TT,AA,TT,CC,CT,AA,CC,TT,GG,AG,CG,GG,CC,AT,TT,GT,GG,AT,AA,AC,AA,GG,CC,CC,GG,CC,GG,AA,AA,CC,GT,GG,CC,CG,AA,GG,CC,AA,CC,AA,AA,CC,NN,CC,TT,AA,GG,AA,AC,AA,AA,GG,AA,AA,AA,TT,CG,AC,NN,AC,AA,CC,AA,AG,GG,GG,GG,GT,AA,AA,TT,TT,TT,AG,TT,GG,GG,AC,7.94,Resistant,Low,Premium,Medium
L0682,Davangere,Karnataka,Rabi,Black Cotton,Irrigated,430,25.5,58,AC,TT,AG,AA,GG,CC,GT,NN,CC,GG,AA,NN,CC,AT,TT,GT,CG,TT,TT,GG,CC,GT,TT,NN,TT,CC,TT,TT,GG,AC,TT,CC,AA,AC,GG,GG,GG,CC,GG,CC,TT,TT,AC,GG,AA,NN,TT,TT,CC,CC,GG,AA,AA,GG,CT,GT,TT,AA,GT,AC,AA,TT,AT,AG,TT,AT,CC,GG,TT,GT,AA,GG,NN,NN,GG,AA,AT,GG,TT,TT,GG,GG,GG,CC,AT,GG,AA,AA,CC,GT,AC,TT,CT,TT,GT,GG,TT,CC,TT,CC,CC,CC,AA,AA,TT,TT,GG,AG,AG,AA,CC,GT,TT,CG,GT,AC,AA,TT,CC,AG,CC,GG,CC,GG,TT,AA,CC,CC,CC,CC,AA,TT,AC,AA,CC,CC,GG,TT,AA,AA,GG,CC,CC,GG,AA,AG,AA,AC,GG,CC,CC,AA,AA,AG,TT,GG,CC,TT,CT,AG,CC,GT,GT,CT,CC,TT,TT,CT,AT,TT,GG,CC,GG,CT,AC,CC,CG,AC,AA,GG,AA,CC,TT,CC,GG,TT,CG,AT,NN,AA,TT,CC,CG,AA,CC,CC,GG,GG,AA,GG,TT,AA,AA,CC,GG,NN,AC,AA,AA,GT,TT,AT,AA,NN,GG,AA,CC,AT,GT,AA,GG,AA,TT,AA,TT,CC,TT,AA,CC,TT,CG,AA,CG,AG,CC,AT,TT,GT,GG,TT,AA,CC,AG,GG,CC,CG,GG,CC,GG,AT,AG,CC,TT,GG,CG,CC,AT,GG,CC,AT,CG,AT,AA,CC,GG,AC,TT,NN,GG,AA,AA,AA,AA,GG,AA,AG,AA,AA,GG,AA,AA,CC,AA,CT,AG,AG,GG,GG,CG,GT,AA,AG,GG,TT,TT,AG,TT,GG,GG,AA,7.16,Susceptible,Medium,Premium,Late
L0683,Davangere,Karnataka,Rabi,Black Cotton,Irrigated,430,25.5,58,AC,CT,GG,AG,CG,CG,GT,TT,CC,CC,AT,CT,CG,TT,TT,GT,GG,TT,TT,AA,CG,TT,GT,CT,TT,CC,TT,TT,GT,AA,TT,CC,AA,CC,AG,GG,GG,CG,GG,CC,TT,CT,AA,TT,AA,GG,TT,AT,CC,AA,GT,AA,AA,GG,CC,TT,AA,AA,GG,AA,AA,TT,TT,AG,TT,TT,CC,GG,TT,GG,AA,GG,CC,AA,AG,AA,TT,AG,GT,TT,GG,GG,GT,CC,AA,GG,AA,AA,CC,GT,CC,TT,CT,AT,TT,GG,TT,CC,GT,CC,CC,CG,GG,AA,TT,NN,CC,AA,AG,AA,CT,GG,TT,CG,GT,AA,AA,TT,CC,AG,CG,GG,CC,GG,TT,AG,CC,CC,CC,CG,AA,TT,CC,AA,CC,CC,AA,TT,AA,AA,GG,CC,CC,GG,AA,AG,AA,CC,GT,CG,CC,AG,AA,AG,TT,AG,AA,TT,TT,GG,AA,TT,TT,NN,CC,AA,GT,TT,AA,TT,GG,CC,AG,CT,CC,CC,CG,CC,AA,GG,AA,CC,TT,CC,GT,TT,GG,AA,AA,AA,TT,AC,CG,NN,AC,CC,GG,NN,AC,GG,TT,AA,AA,CC,GG,AA,AC,AT,AA,GT,TT,TT,AA,GG,GG,TT,CG,TT,TT,AA,GG,AA,CT,AA,TT,CC,CT,AA,CC,TT,GG,AA,CC,AA,CC,TT,CT,GT,GG,TT,AA,AA,AG,GG,CC,CC,GG,CC,GT,TT,AA,CC,GG,GG,CC,CG,AT,GG,CC,TT,CC,AA,AA,CC,CC,AC,TT,AA,GG,AA,NN,AC,AA,AG,AA,AA,AG,TT,GG,AA,AA,AC,AA,TT,AA,AA,CG,GG,GG,TT,AA,AA,TT,TT,TT,AA,TT,GG,GG,AC,6.56,Resistant,Medium,Poor,Early
L0684,Davangere,Karnataka,Rabi,Black Cotton,Irrigated,430,25.5,58,AA,TT,AG,AA,GG,CC,GG,TT,NN,CG,AA,CT,CG,TT,TT,GG,CG,TT,TT,AA,CC,TT,TT,CC,TT,CC,TT,AT,GG,AA,TT,CC,AA,CC,GG,CG,GG,CG,GG,CC,TT,CC,AC,GT,AA,GG,TT,AT,CC,AC,GG,AA,AA,GG,CC,TT,AA,AA,TT,CC,AA,TT,TT,AG,TT,TT,CC,GG,TT,GG,AA,GG,CC,AA,AG,AA,AT,GG,TT,TT,GG,GT,GG,CC,AA,GG,AA,AA,CC,TT,CC,TT,CC,TT,TT,GG,TT,CC,GT,CC,CT,CG,AA,AA,TT,TT,CG,AA,AG,AA,CC,GG,TT,CC,TT,AA,AC,TT,CC,GG,CC,AG,CT,GG,CT,AA,CC,CC,CC,CC,AA,TT,CC,AA,CC,CT,AA,TT,AA,AA,GG,CC,CC,GG,AA,AG,AA,CC,GG,CC,CC,AA,AA,GG,TT,AG,AC,GT,TT,GG,AC,GT,TT,TT,CC,AA,TT,TT,AA,AT,GG,CC,AA,CC,CC,CC,GG,CC,AT,GG,AG,CC,TT,CC,GG,GT,GG,AT,AA,AA,TT,AA,GG,AA,CC,CC,GG,GG,AA,GG,TT,AA,AG,CC,GT,AA,CC,AA,TT,GG,TT,TT,AT,GG,GG,AA,GG,TT,TT,AA,GG,AA,TT,AA,TT,CC,CT,AC,CC,TT,NN,AG,CC,AA,CC,TT,TT,TT,GG,AT,AC,AC,AA,TT,CC,NN,GG,CC,GG,AT,AG,CG,TT,GG,CC,CC,AA,GG,CC,AT,CC,NN,AA,CC,CC,AA,TT,AA,GG,AA,NN,AA,AA,AG,AA,AG,AA,TT,GG,AA,AA,CC,AA,CT,AA,AG,GG,GG,GG,TT,AT,AA,GT,TT,TT,AG,AA,GG,GG,AA,7.78,Moderate,Low,Standard,Medium
L0685,Davangere,Karnataka,Rabi,Black Cotton,Irrigated,430,25.5,58,AC,CT,NN,AG,GG,CC,GG,TT,CC,CC,AA,CT,CC,AT,TT,GG,CG,TT,TT,AG,CC,GT,TT,CC,AT,CC,TT,TT,GT,AA,TT,CC,AA,CC,GG,GG,GG,CC,GG,CC,TT,TT,AA,GG,AA,AG,TT,TT,CC,AC,GG,AA,AA,GG,CC,GT,AA,AA,GT,AC,AA,TT,TT,AA,CC,TT,CC,GG,TT,TT,AA,GT,CC,AA,AG,AC,AA,GG,TT,TT,GG,GG,GT,CC,AT,GG,AA,AA,NN,GT,CC,TT,CT,AT,GG,GG,TT,CC,GT,CC,CC,CC,AA,AA,AT,TT,CG,AA,AG,AC,CC,GG,TT,CC,TT,AC,AA,TT,CC,GG,CG,AG,CC,GT,TT,AA,CC,CC,AC,CC,AA,GT,CC,AA,CC,CC,AA,AT,AA,AA,CG,CC,CG,NN,AA,NN,AA,AC,GG,CC,CC,AA,AG,GG,GT,GG,AA,GT,TT,GG,CC,TT,TT,TT,CC,AT,TT,TT,AT,TT,GG,CC,AA,CC,AC,CC,CG,AC,AA,GG,AA,AC,TT,CC,GT,GT,GG,AT,AA,AA,TT,CC,GG,AA,CC,CC,GG,GG,AA,GG,TT,AA,AA,CC,GG,AT,AC,AT,AA,GT,TT,AT,AA,GG,GT,AA,CC,TT,GT,NN,GG,AA,TT,AA,TT,CC,TT,AC,CC,TT,CG,AG,CC,AG,AC,TT,TT,TT,GG,TT,AA,CC,AG,GG,CC,CG,GG,CC,GG,AT,AA,CC,NN,GG,CC,CC,AA,GG,CC,AT,CG,AA,AA,CC,CC,AC,TT,AA,GG,AA,AA,AA,AA,AG,AG,AA,AA,AT,GG,AC,AA,CC,AC,CT,AA,AG,CG,GG,GG,GT,AA,AG,TT,TT,AT,AG,TT,GG,GG,AA,9.16,Moderate,Medium,Standard,Medium
L0686,Davangere,Karnataka,Rabi,Black Cotton,Irrigated,430,25.5,58,AC,TT,GG,AA,GG,CC,GG,TT,CC,CG,AA,CC,CG,TT,GG,GT,GG,TT,TT,AA,CC,GT,GT,CT,TT,CC,TT,TT,GG,AA,TT,CC,AA,CC,GG,CG,GG,CG,GG,AC,TT,TT,AA,TT,GG,AG,TT,TT,CC,CC,GG,AA,NN,GG,CT,GT,AA,AC,GT,AA,AG,GT,TT,AG,CT,NN,CC,GG,TT,GG,AA,GG,CC,AA,GG,AA,AA,AG,GT,CT,GG,GG,GT,CC,AA,GG,AA,AA,CC,GT,CC,TT,CT,TT,GT,GG,TT,CC,TT,CC,CT,CG,AG,AA,TT,TT,CC,AA,AG,AA,CT,GG,TT,CC,GT,AA,AA,TT,CC,AG,CG,GG,CC,GT,TT,AG,CC,CC,CC,CC,AA,TT,CC,AA,CC,CC,AA,TT,AA,AA,GG,CT,CC,GG,AA,GG,AA,CC,GG,CC,CC,AA,AG,AG,TT,AG,AC,TT,CT,AG,NN,GT,GT,TT,CC,TT,GT,CT,AT,TT,GG,CC,AG,CC,CC,CC,GG,CC,AA,GG,AA,CC,TT,CC,GG,TT,GG,AA,AA,AG,TT,CC,CG,AC,AC,CC,GG,GG,AC,GG,CT,AA,AA,CC,GG,AA,CC,AT,AA,GG,TT,AT,AT,GG,TT,AT,CC,TT,TT,AA,GG,AA,TT,AA,TT,CC,TT,NN,CC,CT,GG,AG,CG,AA,CC,TT,TT,TT,GG,TT,AA,CC,AA,GG,CC,CG,GG,CC,GG,AT,AA,CC,TT,GG,CC,CC,AA,GG,CG,AT,CC,TT,AA,CC,CG,AC,TT,NN,CG,AA,AA,AA,AA,GG,NN,AG,AA,TT,GG,AA,AG,CC,AA,CT,AA,AA,GG,AG,GG,GT,AA,AA,TT,TT,TT,AG,TT,GG,GG,AA,8.58,Moderate,Medium,Poor,Medium
L0687,Davangere,Karnataka,Rabi,Black Cotton,Irrigated,430,25.5,58,NN,CT,GG,AG,CG,CC,GG,TT,CC,CC,AA,CC,CC,TT,TT,GG,GG,TT,TT,AA,CC,GT,TT,CC,TT,CC,GT,AT,GT,AA,TT,CT,AA,CC,GG,CG,GG,CC,GG,CC,TT,TT,AC,TT,AA,GG,CT,AT,CC,NN,GT,AT,AA,GG,CT,TT,AA,AC,GT,AA,AA,TT,TT,AG,TT,AT,CT,GG,CT,TT,AA,GG,CC,AA,GG,AA,TT,AG,TT,TT,GG,GT,GG,CC,AT,GG,AA,AA,CC,TT,CC,TT,CC,TT,TT,GG,TT,CC,TT,CC,CC,NN,AG,AA,NN,TT,CG,AA,AA,AA,CT,GG,TT,CG,TT,AC,AC,TT,CC,AG,CC,GG,CC,GT,TT,AA,CC,CC,CC,CC,AG,GT,CC,AC,CC,CT,AG,TT,AG,AA,GG,CC,CC,GG,AA,AA,AA,AC,GT,CC,CC,AA,AA,GG,TT,GG,AA,GT,CT,AG,CC,GT,TT,CT,CC,AA,GT,TT,AA,TT,GG,CC,AG,CC,CC,CC,CG,CC,AA,GG,AA,CC,TT,CG,GT,TT,GG,TT,AA,AA,TT,CC,CG,CC,CC,CC,GG,AG,AA,GG,CT,AA,AA,CC,GT,AT,CC,AA,AA,GT,TT,TT,AA,GG,GT,AA,CC,AT,TT,AA,GG,AA,CC,AA,TT,CC,CC,CC,CC,TT,GG,AA,CC,GG,CC,AT,CT,GT,GG,TT,AA,CC,AG,GG,CC,CC,GG,CC,GG,AA,AG,CG,GT,GG,CC,CG,AA,AG,CG,AA,CC,AA,AA,AC,CC,AC,TT,AG,GG,AA,AA,AA,AA,AG,AG,AA,AA,AT,CG,AC,AA,AA,AA,TT,AA,AG,GG,GG,GG,TT,AA,AA,TT,TT,TT,AA,TT,GG,CG,AA,7.56,Susceptible,Medium,Premium,Late
L0688,Davangere,Karnataka,Rabi,Black Cotton,Irrigated,430,25.5,58,AA,CT,GG,AG,GG,CG,GG,TT,CC,CG,AA,CC,CG,AT,GT,GT,GG,TT,TT,AA,CC,TT,GT,CC,TT,CC,TT,TT,GT,AA,TT,CC,AA,CC,GG,GG,GG,CC,GG,AC,TT,CC,AA,TT,AA,GG,CT,TT,CC,CC,GG,AT,AA,GG,CT,GT,AA,AC,GG,AC,AA,TT,TT,AA,TT,AT,CC,GG,TT,GT,NN,GG,CC,AA,GG,AA,AA,GG,TT,TT,AG,GT,GG,CC,AA,AG,AA,AT,CC,GT,CC,NN,CC,TT,NN,GG,TT,CC,TT,CC,CC,CC,AA,AA,TT,TT,CG,AA,AA,AA,CT,GG,TT,CG,GT,AC,AA,AT,CC,GG,CG,GG,CT,GG,TT,AA,CC,CC,CC,CC,AA,TT,CC,AA,CC,CT,AA,TT,AA,AT,CG,CC,CC,GG,AG,AG,AA,CC,GG,CC,CC,AA,AG,GG,GT,AG,AA,GT,TT,GG,CC,GT,TT,CT,GG,AA,TT,TT,AA,AA,GG,CC,AA,CC,CC,CC,GG,AC,AA,GG,AA,CC,TT,CC,GT,TT,GG,AA,AA,AG,TT,CC,CG,AA,AC,NN,GG,GG,AA,GG,TT,AC,AA,CC,GG,AA,AC,AA,AA,GT,GT,TT,AA,GG,TT,AA,CG,AT,TT,AA,GG,AA,TT,AA,AT,CC,CT,AA,CC,TT,GG,AG,CC,AG,AC,TT,TT,TT,GG,TT,AA,AC,AG,GG,CG,CC,GG,CC,GG,AT,AA,CC,GT,GG,CC,CC,AA,GG,CC,AT,NN,AA,AA,AC,CC,CC,AT,AA,GG,AA,AA,AA,AA,NN,AA,AA,AA,TT,GG,AA,AG,CC,AC,TT,AA,AA,GG,GG,GG,TT,AA,AA,TT,TT,TT,AA,AT,GG,GG,AA,8.67,Moderate,Low,Premium,Early
L0689,Davangere,Karnataka,Rabi,Black Cotton,Irrigated,430,25.5,58,AA,TT,GG,AA,GG,CC,GG,AT,CC,CG,AA,CC,CC,AT,TT,GT,CG,TT,TT,AA,CC,TT,GT,CC,AT,CC,TT,TT,GT,AA,TT,CC,AA,AC,GG,NN,GG,CC,GG,CC,TT,TT,AA,TT,AG,GG,TT,TT,CC,CC,GT,AA,AA,GG,CT,GT,AT,AC,GT,AA,AA,TT,TT,AA,TT,TT,CC,GG,TT,GG,AG,GT,CC,AA,GG,AC,AA,GG,TT,TT,GG,GG,GT,CC,AT,GG,AA,AA,CG,GT,AC,TT,CC,TT,GT,AG,TT,CC,TT,CC,CC,CC,AG,AA,TT,TT,CC,AA,AA,AA,CC,GG,TT,CC,GT,AA,AA,TT,CG,AG,CC,GG,CT,GG,TT,AA,CC,CC,CC,CC,AA,TT,CC,AA,AC,CC,AA,TT,AA,AT,GG,CC,CC,GG,AA,AG,AA,CC,GG,CC,CC,AA,AG,GG,GT,GG,AA,TT,CT,GG,CC,TT,TT,TT,GG,AA,TT,TT,AA,TT,GG,CC,AA,CT,CC,CC,GG,CC,AA,GG,AG,CC,NN,CC,GG,GT,GG,NN,AA,NN,TT,CC,GG,AA,AC,CG,GG,NN,AC,GG,TT,AA,AA,CC,GG,AT,AA,AA,TT,GG,GT,AT,AA,CG,GT,NN,CC,TT,GT,AA,GG,AA,TT,AA,TT,CC,TT,AC,CC,TT,CG,AA,CG,GG,NN,TT,CC,GT,GG,TT,AC,AA,AA,GG,CC,CG,GG,CC,GG,AT,AA,CC,TT,GG,CC,CC,AT,AG,CG,AT,CC,AT,AA,AC,CC,CC,TT,AA,GG,AA,NN,AA,AA,AG,AA,AG,AA,TT,GG,AA,AG,CC,AC,TT,AA,AA,GG,AG,GG,TT,AA,AA,TT,TT,TT,AG,NN,CG,CG,AA,8.04,Moderate,High,Standard,Early
L0690,Davangere,Karnataka,Rabi,Black Cotton,Irrigated,430,25.5,58,AA,TT,AG,AA,GG,CC,GG,TT,CC,CC,AA,CC,CC,TT,TT,GG,CG,TT,TT,AA,CG,GT,GT,CC,TT,CC,TT,TT,GT,AA,CT,CC,AA,AC,GG,GG,GG,CC,GG,CC,TT,TT,AA,TT,AG,GG,TT,AT,CC,AC,GG,AA,AA,GG,CC,GT,AA,AA,GT,AA,AG,GT,AT,AA,TT,TT,CC,GG,TT,GG,AG,GG,CC,NN,GG,AA,AA,GG,TT,TT,GG,GT,GG,CC,AT,GG,AA,AA,CC,GT,CC,GT,CC,TT,GT,GG,TT,CC,TT,CC,CT,GG,AG,AA,AT,TT,CC,AA,GG,AA,CC,GG,TT,CC,TT,AA,AA,TT,NN,AA,CC,AG,CC,GG,TT,GG,CC,CC,AA,CC,AA,TT,CC,AA,CC,CC,AA,AT,AG,TT,CG,CC,CG,GG,NN,GG,AA,CC,GT,CC,CC,AA,AA,GG,TT,GG,AA,TT,TT,GG,CC,GT,GT,TT,CC,AA,GG,TT,AA,AA,GG,CC,AA,CC,CC,CC,CG,CC,AA,GG,AA,CC,TT,CC,GT,TT,GG,AT,AG,AA,TT,CC,GG,AA,AA,CC,GG,GG,CC,GG,TT,AC,AA,CC,GG,TT,CC,AT,TT,GG,TT,AT,TT,CC,GG,AT,CC,AA,GT,AA,GG,AA,CT,AA,TT,CC,TT,AA,CC,TT,GG,AA,CC,GG,NN,TT,CT,GT,GG,TT,AA,AC,AG,GG,CC,CG,GG,CC,GG,AT,AG,CG,TT,GG,CC,CC,AA,AG,CC,AT,CC,AT,AG,CC,CG,CC,TT,AG,GG,AA,AA,AA,AA,GG,AG,AA,AA,TT,GG,AA,AG,AA,AA,TT,AA,AA,GG,GG,GG,TT,AT,AA,TT,TT,TT,AA,TT,GG,GG,AA,6.66,Susceptible,Low,Premium,Early
L0691,Davangere,Karnataka,Rabi,Black Cotton,Irrigated,430,25.5,58,AC,TT,AG,AG,CG,CC,GG,TT,CC,CC,AA,CC,CG,TT,TT,GG,GG,TT,TT,AA,CC,TT,TT,CC,AT,CC,TT,AT,GT,AA,TT,CC,AA,CC,GG,GG,GG,CG,GG,CC,TT,CC,AA,TT,AA,GG,CT,TT,CC,AC,GG,AA,AA,GG,CC,TT,AA,AA,GT,CC,AA,TT,AA,AA,TT,AT,CT,GG,TT,GG,AG,GG,CC,AA,GG,AC,AA,GG,TT,TT,GG,GT,GG,CC,AT,GG,AA,AA,CC,GT,CC,GT,CC,TT,TT,GG,TT,CC,GT,CC,CC,CC,AA,AA,AT,TT,CG,AA,AG,AC,CT,GG,TT,CG,GT,AC,AA,TT,CC,GG,CC,AG,CC,GT,CT,AA,CT,CC,CC,CC,AA,TT,CC,AA,CC,NN,AA,TT,AG,AA,GG,CC,CC,GG,AA,AA,AA,CC,GG,CC,CC,AA,AA,GG,TT,AG,AC,TT,CT,AG,CC,GT,GT,TT,CC,AA,TT,CT,AA,TT,GG,CC,AA,CC,CC,CC,CG,CC,AA,GG,AG,CC,TT,CG,GT,TT,GG,TT,AA,AA,TT,CC,GG,AA,AA,CC,GG,GG,AC,CG,TT,AA,AA,CG,GG,AT,CC,AA,AT,GG,TT,AT,AT,GG,GG,TT,CC,TT,TT,AA,GG,AA,TT,CC,TT,CC,TT,AC,AC,TT,CG,AA,CC,AA,CC,TT,CT,TT,GG,TT,AA,CC,AA,GG,CC,CG,GG,CC,GG,AA,AG,CC,TT,GG,CC,CC,AA,GG,GG,AA,CC,AA,AA,AC,CG,CC,TT,AG,GG,AA,AC,AA,AA,AG,AA,AG,AA,TT,GG,CC,GG,AC,AC,TT,AA,AA,GG,GG,GG,TT,AA,AA,TT,TT,AT,AA,TT,GG,GG,AA,6.71,Moderate,Low,Premium,Medium
L0692,Davangere,Karnataka,Rabi,Black Cotton,Irrigated,430,25.5,58,CC,TT,GG,AA,GG,CC,TT,AT,CC,CC,AA,CC,CC,TT,TT,GT,CC,TT,AT,AG,CC,GT,TT,CC,TT,CT,TT,TT,GT,AA,TT,CC,AA,CC,GG,CG,GG,CC,GG,AC,TT,TT,AA,GT,AA,AG,TT,AT,CC,CC,GG,AA,AA,GG,CT,GT,AA,AA,GT,AA,GG,TT,TT,AG,TT,AT,CC,GG,TT,GT,AA,GG,CC,AA,GG,AA,NN,GG,TT,TT,GG,GG,GG,CC,AT,GG,AG,AA,CC,GG,CC,TT,CC,TT,TT,GG,TT,NN,TT,CC,CC,CC,AG,AA,TT,TT,CC,AA,AA,AA,TT,GG,TT,CC,TT,AC,AA,TT,CC,AG,CC,GG,CC,GG,CT,AA,CT,CC,CC,CC,AA,TT,CC,AA,NN,CC,AA,TT,AA,AA,GG,CC,CC,GG,AA,AA,AA,AC,GT,CC,CC,AA,AG,AG,TT,AG,AA,GT,TT,GG,CC,GT,TT,TT,CC,AT,TT,CT,AT,AT,CG,CC,AG,CC,AC,CC,GG,CC,NN,GG,AG,CC,TT,CG,GG,TT,GG,AT,AA,AA,TT,CC,GG,AA,CC,CC,GG,GG,AA,GG,TT,CC,AA,CC,GG,AT,AC,AA,AA,GG,TT,TT,AA,CG,GG,AA,CC,AT,GT,AA,GG,AA,CT,AA,AT,CC,CC,AA,CC,TT,GG,AA,CC,AG,AC,TT,TT,TT,GG,TT,AA,AA,AA,GG,CC,CG,GG,CC,GG,AA,AA,CC,TT,GG,CC,CC,AA,AA,CC,TT,CG,AA,AA,CC,CC,AA,TT,AA,NN,AA,AA,AC,AC,GG,AG,AG,AA,TT,GG,AC,AA,AC,AA,CT,AA,AA,CG,GG,GG,TT,AA,AA,GT,TT,TT,AA,NN,GG,GG,AA,7.64,Susceptible,Low,Standard,Late
L0693,Davangere,Karnataka,Rabi,Black Cotton,Irrigated,430,25.5,58,AA,CT,GG,AA,GG,CC,GG,AT,CC,CG,AA,CT,CC,TT,TT,GG,GG,TT,TT,AA,CC,TT,GT,CT,AT,CC,TT,TT,GG,AA,TT,NN,AA,CC,GG,GG,GG,CG,GG,CC,GT,TT,AC,TT,AG,AA,TT,TT,CC,CC,GT,AA,AA,GG,CT,GT,AA,AA,GT,AA,AA,TT,AT,AA,TT,AT,CC,GG,TT,GG,GG,GG,CC,AG,AG,AC,AA,GG,TT,TT,GG,GT,GG,CC,AA,GG,AA,AA,CC,TT,AA,TT,CT,AT,TT,GG,TT,CC,GT,CC,CT,CC,AA,AA,TT,TT,CC,AA,AG,AA,CT,GG,GT,CC,TT,AA,AA,TT,GG,AG,CG,AG,CC,GG,CC,AA,CC,CC,CC,CC,AA,TT,CC,AA,CC,CC,AA,TT,AA,AA,GG,CC,CC,GG,AA,AG,AT,CC,GG,CC,CC,AA,AA,GG,TT,AG,AA,TT,TT,GG,CC,GT,GG,TT,CC,TT,GG,TT,AT,TT,GG,CC,AA,CC,CC,AC,GG,CC,AA,GG,AA,CC,TT,CC,GT,TT,GG,AT,AG,AA,TT,CC,GG,AA,AC,CC,GG,GG,AC,GG,TT,AC,AA,NN,GG,AT,AC,AA,AA,GT,TT,TT,AT,CG,GT,AA,CG,AT,TT,AA,GG,AA,TT,AA,TT,CC,TT,AA,CC,TT,GG,AG,CG,AA,CC,TT,TT,TT,GG,TT,AA,AC,AA,GG,CG,CG,GG,CG,NN,AT,AA,CC,GT,AG,CC,CC,AA,GG,CG,AA,CC,AT,AA,AC,CG,AC,TT,AA,GG,AA,AA,AC,AA,AG,AA,AG,AA,TT,GG,AA,AA,AC,AA,CT,AG,AA,CG,GG,GG,TT,AT,AA,GG,TT,TT,AG,TT,GG,CG,AA,6.21,Resistant,Low,Poor,Medium
L0694,Davangere,Karnataka,Rabi,Black Cotton,Irrigated,430,25.5,58,AC,TT,NN,AG,CG,CC,GG,TT,CC,CC,AA,CC,CC,TT,TT,GG,CG,TT,TT,AG,CC,TT,TT,CC,TT,CT,TT,TT,GG,AA,TT,CC,AA,CC,AA,GG,GG,CC,GG,CC,TT,CT,CC,TT,AA,AG,TT,AT,CC,AC,GT,AA,AG,GG,CC,TT,AA,AC,GT,AA,AA,TT,TT,AG,TT,AT,CC,GT,TT,GG,AG,GG,CC,AA,AG,AA,AT,GG,GT,TT,GG,GG,GG,CC,AT,GG,AA,AA,CC,GT,CC,TT,CT,TT,TT,GG,CT,CC,TT,CC,CT,CC,AG,AA,TT,TT,CC,AG,AA,AA,CC,GG,TT,CC,GT,AA,AA,TT,CC,GG,CG,GG,CC,GT,CT,AA,CC,CC,CC,CC,AA,TT,CC,AA,CC,CC,NN,AT,AA,AA,GG,CC,CC,GG,AA,AA,AT,AC,GG,CG,CC,AA,AG,GG,TT,AG,CC,TT,TT,AG,CC,GG,TT,TT,CG,AA,GG,CT,AA,TT,GG,CG,AA,CT,AC,CC,GG,CC,AA,GG,AG,CC,TT,CG,GG,TT,CG,TT,AA,AG,TT,CC,CC,AA,AC,CC,GG,GG,CC,CG,CT,AC,AG,CG,GT,AA,AC,AA,AA,GG,TT,TT,AT,GG,GG,AA,NN,TT,GG,AA,GG,AA,CT,AA,TT,CG,TT,AC,CC,TT,CG,GG,CG,AA,CC,TT,CT,TT,GG,TT,AA,CC,AG,GG,CC,CC,GG,CC,GG,TT,AA,CG,TT,GG,CC,CC,AT,GG,CC,AA,CC,AA,AA,AC,GG,AA,TT,AA,GG,AA,AA,CC,AA,GG,AA,AG,AA,TT,GG,AA,GG,AC,AC,CT,AA,AA,GG,GG,GG,TT,AA,AA,GT,TT,TT,AA,TT,GG,CG,AA,9.38,Susceptible,High,Poor,Late
L0695,Davangere,Karnataka,Rabi,Black Cotton,Irrigated,430,25.5,58,AA,TT,GG,GG,GG,CC,GG,TT,CC,CC,AA,TT,CC,TT,TT,GT,CG,TT,TT,AA,CG,GT,TT,CT,AT,CC,TT,TT,GG,AA,TT,CT,AA,CC,GG,GG,GG,CC,GG,CC,TT,TT,AA,GT,AA,GG,TT,TT,CC,CC,GG,AA,AG,GG,CC,TT,AA,AA,NN,AA,AA,TT,AT,GG,TT,TT,CC,GG,TT,GT,AG,GG,AC,AA,GG,AA,AA,GG,GT,TT,GG,GG,GG,CC,AA,GG,AA,AA,CC,GT,CC,GT,CC,TT,TT,GG,TT,CC,GT,CC,CC,CG,AA,AA,TT,TT,CC,AA,AG,AA,CC,GG,TT,CC,GT,CC,AC,TT,CC,AG,CC,GG,CC,GG,TT,AA,TT,CC,CC,CC,AA,TT,CC,AA,CC,CC,AA,TT,AA,AA,GG,CC,CC,GG,AA,AG,AA,CC,GG,CC,CC,AA,AG,GG,TT,GG,AA,TT,TT,GG,CC,GT,TT,TT,CC,AA,GT,CT,AA,TT,GG,CC,AA,CC,CC,CC,CC,CC,AA,GG,AA,CC,TT,CC,GG,GT,CG,TT,NN,AA,TT,CC,GG,NN,CC,CG,GG,GG,AA,GG,CC,AA,AA,CC,GG,AA,CC,AA,AA,GT,TT,TT,AT,CG,GT,TT,CG,TT,TT,AA,GG,AA,TT,AA,TT,CC,TT,AC,CC,CT,GG,GG,CG,AA,AC,TT,TT,TT,CG,TT,AA,AC,AA,GG,CC,CC,GG,CC,GG,TT,AA,CC,TT,GG,CC,CG,AA,GG,CC,AA,CC,AA,AA,CC,CC,CC,TT,AA,CG,AA,AA,AC,NN,AG,AA,AG,AA,AT,GG,AA,AA,CC,AC,TT,AG,AA,CC,GG,GG,GT,AA,AG,TT,TT,TT,AG,TT,GG,CG,AA,8.92,Susceptible,Medium,Premium,Early
L0696,Davangere,Karnataka,Rabi,Black Cotton,Irrigated,430,25.5,58,AC,TT,GG,AG,GG,CC,GT,TT,CC,CC,AA,CT,CG,NN,GT,GG,GG,TT,TT,AA,CC,TT,TT,CT,AT,CC,GT,TT,GG,AA,TT,CC,AA,CC,GG,CG,GG,CC,GG,CC,TT,CT,AA,NN,AA,GG,TT,TT,CC,CC,GG,AA,GG,GG,CT,TT,AA,AC,TT,AA,AA,NN,TT,AA,CT,TT,CC,GG,TT,GT,AG,GG,CC,AA,GG,AC,AA,GG,TT,TT,GG,GG,NN,CC,AA,GG,AA,AT,CC,TT,CC,TT,TT,TT,TT,GG,TT,AC,TT,CC,CC,CG,GG,AA,TT,TT,CC,AA,AG,AC,CC,GG,TT,CC,TT,AA,AA,TT,CC,GG,CC,GG,CC,GG,TT,AA,CC,CC,CC,CC,AA,TT,CC,AA,CC,CC,AA,TT,AA,AA,GG,CC,CC,GG,AA,AG,AA,CC,GG,CC,CC,AG,AA,GG,TT,GG,AC,GG,CT,GG,AC,GT,GT,TT,CC,AA,TT,TT,AT,TT,GG,CC,AA,CT,CC,CC,GG,AC,AA,GG,AG,CC,TT,CG,GT,GT,GG,AA,AA,AA,TT,AC,GG,AA,CC,CC,GG,GG,AA,GG,TT,AA,AA,CC,GG,AT,CC,AT,AT,GT,TT,AT,AT,CG,GT,AA,CC,NN,TT,AA,GG,AA,CC,AC,TT,CC,CT,AA,CC,CT,CC,AG,CC,GG,CC,TT,TT,GT,GG,TT,AA,CC,AG,GG,CC,GG,NN,CC,GG,NN,AA,CC,TT,GG,CG,CC,AA,GG,CC,AA,CC,AA,AA,AC,CG,CC,TT,AA,CG,AA,AA,AA,AA,GG,AG,AA,AA,TT,GG,CC,AA,AC,AA,TT,AA,NN,GG,GG,GG,TT,AA,AG,TT,TT,TT,AA,AT,GG,GG,AA,7.58,Moderate,High,Standard,Early
L0697,Davangere,Karnataka,Rabi,Black Cotton,Irrigated,430,25.5,58,AC,TT,AG,AG,GG,CC,GG,AT,CC,CG,AA,CT,CC,TT,GT,GG,GG,TT,NN,AG,CG,TT,TT,CC,TT,CC,TT,AA,GG,AA,TT,CC,AA,CC,GG,GG,GG,CC,GG,CC,TT,TT,AA,TT,AG,AG,CT,AT,CC,AA,GG,AA,AA,NN,CC,TT,AA,AA,GT,AC,AG,TT,AT,AG,TT,TT,CC,GG,CT,GT,AG,GG,CC,AA,GG,AA,AT,GG,TT,TT,GG,GG,GG,CC,AA,GG,AA,AA,CC,GG,CC,NN,CC,AT,TT,GG,TT,CC,TT,CC,CC,CG,AG,AA,AT,TT,CC,AA,AG,AA,CT,GG,GT,CC,TT,AA,AC,TT,CC,GG,CG,GG,CC,GG,TT,AA,CC,CC,CC,CC,AA,TT,AC,AA,CC,CC,AA,TT,AA,AA,CG,CT,CC,GG,AA,GG,AA,AC,GG,CC,CC,AA,AA,AG,GT,NN,AA,TT,CT,GG,CC,TT,TT,CT,CC,AA,TT,TT,AT,TT,GG,CC,AA,CT,CC,CC,GG,CC,AA,GG,AG,CC,TT,CG,TT,GT,GG,TT,AA,AG,TT,CC,GG,AC,CC,CG,GG,GG,AA,GG,TT,CC,AA,CG,GG,AA,CC,AA,AA,GG,GT,AA,NN,GG,GT,AA,CC,TT,TT,AA,GG,AA,CT,AA,TT,CC,CT,AC,CC,TT,GG,GG,CG,GG,AC,TT,TT,TT,GG,AT,AA,CC,AG,GG,CC,CG,GG,CC,GG,AT,AA,CG,NN,GG,CC,CC,AA,AG,CC,AT,CC,AA,AA,CC,CC,AC,TT,AA,GG,AA,AA,AC,AA,AG,AG,AA,AA,TT,GG,AA,AA,CC,AA,TT,AG,AG,GG,AG,GG,GT,AA,AA,TT,TT,TT,AG,AT,GG,GG,AA,6.63,Susceptible,Medium,Standard,Early
L0698,Davangere,Karnataka,Rabi,Black Cotton,Irrigated,430,25.5,58,AA,CT,GG,GG,GG,CC,GG,TT,CC,CG,AA,CT,CC,AT,TT,GG,GG,TT,TT,AA,NN,GT,TT,CC,AT,CC,TT,AT,GG,AA,CT,CC,AA,CC,GG,GG,GG,CC,GG,CC,TT,CT,AC,TT,AA,GG,TT,NN,GG,CC,GT,AA,AA,GG,CT,TT,AA,AA,GG,AA,AA,TT,TT,AA,TT,TT,CC,GG,TT,GG,AA,GG,CC,AA,AA,AA,AA,GG,TT,TT,GG,GG,GG,CC,AA,GG,AA,AA,CG,TT,AC,TT,CT,TT,TT,GG,TT,CC,TT,CC,CT,CG,AG,AA,TT,TT,CC,AA,AG,CC,CT,GG,GT,CC,TT,AA,AA,TT,CC,GG,CC,GG,CT,GG,CT,AG,CC,CC,AC,CC,AA,TT,CC,AA,CC,CC,AA,TT,AA,AA,GG,CC,CC,AG,AA,AG,AA,CC,GT,CC,CC,AA,AA,GG,GT,GG,AA,TT,CT,GG,CC,TT,NN,TT,CC,AA,TT,TT,AA,TT,CG,CC,AA,CT,CC,CC,GG,CC,AT,GG,AG,AC,TT,CC,GG,GG,GG,AT,AA,AA,TT,CC,GG,AA,CC,CC,GG,AG,AC,GG,TT,AC,AA,CC,TT,AT,AA,AA,AA,GG,TT,AT,AT,CG,GT,AT,CC,TT,TT,AA,GG,AA,TT,AA,TT,CC,TT,AA,CC,TT,CG,AA,CG,GG,CC,TT,CT,TT,GG,TT,AA,CC,AA,GG,CG,CG,GG,CC,GG,AT,AG,CC,TT,GG,CC,CC,AA,GG,GG,AT,CC,AA,AA,AC,GG,CC,TT,AA,GG,AA,AC,AC,AA,AG,AA,AA,AA,TT,GG,AA,AG,AC,AC,TT,AA,AA,GG,GG,GG,TT,AA,AA,GT,TT,TT,AA,TT,GG,GG,AA,6.04,Moderate,Low,Premium,Early
L0699,Davangere,Karnataka,Rabi,Black Cotton,Irrigated,430,25.5,58,AA,TT,GG,AG,GG,CC,GT,TT,CC,CG,AA,CC,CG,TT,GG,GG,CG,TT,TT,AA,CC,TT,GG,CC,TT,CT,TT,TT,GT,AA,TT,CC,AA,CC,GG,CG,GG,CC,GG,AC,TT,CT,AA,TT,AA,AG,TT,AT,CC,AC,GT,AT,AA,GG,CT,TT,AA,CC,GT,AA,AA,TT,TT,AA,TT,TT,CC,GG,TT,GT,AA,GG,CC,AA,GG,AC,AA,GG,GT,TT,GG,GG,GG,CC,AA,GG,AG,AT,CC,GT,AA,TT,CC,AT,TT,GG,TT,CC,GT,CC,CT,CG,AG,AA,AA,TT,CC,AA,AG,AC,CC,GG,TT,CC,TT,AA,AA,TT,CC,GG,CC,GG,CT,GT,CT,AA,CT,CC,CC,CC,AA,GT,CC,AA,CC,CC,AA,AT,AA,AA,GG,CT,CC,GG,AA,AG,AA,CC,GG,CC,CC,AA,AG,GG,TT,GG,AA,TT,TT,NN,CC,TT,GT,TT,CC,AT,GT,TT,AT,TT,GG,CC,AA,CT,CC,CC,GG,CC,AA,GG,AG,CC,GT,CG,GG,TT,GG,TT,AA,AA,TT,AC,GG,AA,AC,CC,GG,AG,AC,GG,TT,CC,AA,CC,GG,AA,NN,AA,AA,GG,TT,AA,AA,GG,TT,AT,CC,TT,TT,AA,GG,AA,TT,AA,TT,CC,TT,AA,CC,TT,CG,AA,CC,AA,CC,TT,TT,GT,GG,TT,AC,AC,AG,GG,CC,CC,GG,CG,GG,AT,AG,CC,TT,GG,CC,CG,AA,GG,CC,AT,CC,AT,NN,CC,CC,AC,TT,AA,CG,AA,AA,AA,AA,GG,AA,AA,AA,AT,GG,AC,AG,CC,AA,CC,AA,AA,GG,GG,GG,TT,AA,AG,TT,NN,TT,AG,TT,GG,GG,AC,8.89,Resistant,Medium,Premium,Late
L0700,Davangere,Karnataka,Rabi,Black Cotton,Irrigated,430,25.5,58,AC,TT,GG,AG,GG,CC,GG,AT,CC,GG,AA,CC,CG,TT,TT,GG,GG,TT,TT,AA,CC,TT,GT,CC,TT,CC,TT,AT,GG,AA,CT,CC,AA,AC,GG,GG,GG,CC,GG,CC,TT,TT,AA,TT,AG,AG,TT,TT,CC,AA,GG,AA,AA,GG,CC,TT,AA,AA,GT,AA,NN,TT,AT,AA,CT,AT,CC,GG,TT,GG,AA,GG,CC,AA,GG,AA,AT,GG,GT,CT,GG,GT,GG,CC,AA,GG,AA,AA,CC,TT,CC,TT,CC,TT,TT,GG,TT,CC,GT,CC,CC,CC,AG,AG,TT,TT,CG,AA,NN,AA,CC,GG,TT,CC,TT,AC,AA,TT,CC,GG,NN,GG,CC,GG,CT,AG,CC,CC,AC,CC,AA,TT,CC,NN,CC,CC,AA,AT,AA,AA,GG,CT,CC,GG,AA,AG,AT,AC,GG,CC,CC,AA,AA,GG,TT,GG,AC,GT,TT,GG,AC,TT,GT,TT,CC,AT,TT,TT,AA,TT,GG,CC,AG,CC,AC,AC,GG,CC,AA,GG,AA,CC,TT,CC,GT,GT,CG,TT,AA,AA,TT,CC,GG,AC,CC,CC,GG,GG,AA,GG,TT,AA,AG,CC,GG,AA,AC,AA,NN,GG,TT,AT,AT,GG,GT,AA,CC,TT,TT,AA,GG,AA,TT,AC,TT,CC,TT,AA,CC,TT,GG,AA,CC,AA,CC,TT,CT,GT,GG,TT,AC,AC,AA,GT,CC,GG,GG,CC,GG,TT,AA,CC,TT,GG,CC,CC,AT,GG,CC,NN,CC,AA,AA,AC,CC,AC,TT,AA,GG,AA,AC,AC,AC,GG,AA,AA,AA,TT,GG,AA,AG,AC,AA,TT,AA,AA,GG,GG,GG,TT,AA,AA,TT,TT,TT,AA,AT,GG,GG,AA,7.16,Resistant,Low,Poor,Medium
L0701,Davangere,Karnataka,Rabi,Black Cotton,Irrigated,430,25.5,58,CC,CT,GG,AG,GG,CG,GG,AT,CC,CG,AA,CT,CC,AT,TT,GT,CG,TT,AT,AA,CC,TT,GT,CC,TT,CC,TT,AT,GG,AA,TT,CC,AG,CC,GG,GG,GG,CG,GG,AC,TT,CT,AA,TT,AG,AA,CT,TT,CC,AC,GG,AA,AG,GG,CC,GT,AA,CC,GG,AC,AA,TT,AT,AA,TT,TT,CC,GG,TT,GT,AG,GT,CC,AA,GG,AA,AT,GG,TT,TT,GG,GG,GG,CC,AA,GG,AA,AA,CC,GT,AC,GT,CT,TT,TT,GG,CT,CC,GG,CC,CC,CC,GG,AG,TT,TT,CC,AG,AA,AA,CT,GG,TT,CC,TT,AC,AA,TT,CC,GG,CG,GG,CC,GG,TT,AA,CT,CC,CC,CC,AA,TT,CC,AA,CC,CC,AA,TT,NN,AA,GG,CC,CC,GG,AA,AG,AA,CC,GT,CC,CC,AA,AG,AG,GT,GG,AC,TT,TT,AG,CC,TT,TT,CT,CC,AA,TT,CT,AA,TT,GG,CC,AG,CC,CC,CC,GG,CC,AA,GG,AG,AC,TT,CC,GT,TT,GG,AT,AA,AG,TT,CC,GG,AA,CC,CC,GG,NN,AA,GG,TT,AA,AA,CC,GT,AA,AC,NN,TT,GG,TT,TT,AA,CG,GG,AA,CG,TT,GT,AA,GG,AA,CC,AA,TT,CC,TT,AA,CC,TT,GG,AA,CC,AG,CC,TT,TT,TT,GG,TT,AA,CC,AG,GG,CC,NN,GG,CC,GG,TT,AA,CC,TT,GG,CC,CC,AA,AG,CC,AT,NN,AT,AA,CC,CC,NN,TT,AA,GG,AA,AA,AC,AA,GG,AA,AA,AA,TT,CG,AC,AA,CC,AA,TT,AA,AA,GG,GG,GG,TT,AA,AG,TT,TT,TT,AA,TT,GG,GG,AA,7.93,Moderate,Medium,Poor,Early
L0702,Davangere,Karnataka,Rabi,Black Cotton,Irrigated,430,25.5,58,AA,TT,GG,AA,GG,CC,GG,TT,CC,CG,AA,CC,CG,AT,TT,GG,GG,TT,TT,AA,CC,TT,TT,CC,TT,CC,TT,AT,GG,AA,TT,CT,AA,CC,GG,GG,GG,CG,GG,CC,TT,CC,AC,TT,AA,AG,TT,AT,CC,AC,GG,AA,AA,GG,CT,TT,AA,AA,GT,AC,AA,GT,TT,AG,TT,TT,CC,GG,TT,GT,AA,GG,CC,AA,AG,AA,AT,GG,TT,CT,GG,GG,GT,CC,AA,AG,AA,AA,CC,GT,AC,TT,CT,TT,GG,GG,TT,CC,TT,CC,CT,CC,AG,AA,TT,TT,CC,AA,GG,AA,CT,GG,TT,CG,GT,AA,AC,TT,CC,AG,CC,GG,CC,GT,NN,AG,CC,CC,CC,CC,AA,TT,CC,AA,CC,CC,AA,TT,AA,AA,GG,CC,CG,AG,AG,AG,AT,CC,GG,CC,CC,AA,AA,GG,TT,GG,AC,TT,TT,GG,AC,TT,GT,TT,CC,AT,TT,TT,AA,TT,GG,CC,AA,CT,CC,CC,GG,CC,AA,GG,AG,CC,TT,CC,GG,GT,CC,AT,AA,AA,TT,CC,GG,AC,CC,CC,GG,GG,AA,GG,TT,AA,AA,CC,GG,AA,AC,AA,TT,GG,TT,TT,AA,GG,GT,AT,CG,TT,TT,AA,GG,AA,CC,AA,TT,CC,TT,AA,AC,TT,GG,AA,CC,AA,CC,TT,CT,TT,GG,TT,AA,AC,AG,GG,CC,CG,GG,CG,GG,TT,AA,CC,GT,GG,CC,CC,AA,GG,CG,AA,CG,AT,AA,AC,CC,AA,TT,AA,GG,AA,AA,AA,AA,AG,AA,AA,AA,TT,GG,AA,AG,CC,AC,CT,AA,AA,GG,GG,GG,TT,TT,AG,TT,TT,TT,AA,TT,GG,CG,AA,8.24,Resistant,High,Poor,Late
L0703,Davangere,Karnataka,Rabi,Black Cotton,Irrigated,430,25.5,58,AA,TT,AG,AA,GG,CC,GT,AT,CC,CG,AA,CC,CC,TT,TT,GT,GG,TT,AT,AA,CG,GT,TT,CC,TT,NN,GT,AT,GG,AA,TT,CT,AA,CC,GG,GG,GG,CG,GG,CC,TT,CT,AA,TT,AA,GG,TT,AT,CC,AC,GT,AA,AG,GG,CC,TT,AT,AA,GT,AC,AA,GT,TT,AG,TT,TT,CC,GT,TT,GG,AA,GG,AC,AA,AG,AC,AA,GG,TT,TT,GG,GG,GT,CC,AA,NN,AA,AT,NN,GT,CC,TT,CC,AT,TT,AG,TT,CC,GG,CC,CC,CC,AA,AA,AT,GT,CC,AA,AA,AA,CT,GG,TT,CC,TT,AA,AA,AT,CG,GG,GG,GG,CT,GT,CT,AA,CC,NN,CC,CG,AA,TT,CC,AA,CC,CC,AA,TT,AA,AA,GG,CC,CC,GG,AA,AA,AA,CC,GT,CC,CC,AA,AA,AG,TT,GG,AA,GT,TT,GG,CC,GT,GG,TT,CC,AA,TT,TT,AA,TT,CG,CC,AA,CC,CC,AC,CC,CC,AA,GG,AG,CC,TT,NN,TT,TT,GG,AT,AA,AA,TT,CC,CG,AA,AC,CC,GG,GG,AC,CG,TT,AC,AA,CC,GG,AT,NN,AA,TT,GG,TT,AT,AA,GG,TT,AA,GG,TT,TT,AA,GG,AA,TT,NN,TT,CC,TT,AA,CC,TT,CG,AG,CC,GG,CC,TT,CT,GT,GG,TT,AC,AC,AA,GG,CC,CC,GG,CC,GG,TT,AG,CC,GT,GG,CC,CC,AT,AG,CG,AA,CC,AA,AA,CC,CG,CC,TT,AA,GG,AA,AA,AA,AA,GG,AA,AG,AA,TT,CG,AC,AA,AC,AA,CT,AA,AA,CG,GG,GG,TT,AT,AA,TT,TT,TT,AG,AT,GG,GG,AA,6.54,Resistant,Low,Premium,Early
L0704,Davangere,Karnataka,Rabi,Black Cotton,Irrigated,430,25.5,58,AA,TT,GG,AG,GG,GG,TT,AT,NN,CC,AA,CC,CC,AA,TT,GT,CG,NN,TT,AG,CC,TT,GT,CC,TT,CC,TT,AT,GG,AA,CT,CC,AA,CC,GG,CG,GG,CG,GT,CC,TT,CC,AA,TT,AA,GG,TT,AT,CC,CC,GG,AA,AG,GG,CT,GT,AA,AA,GT,AC,AG,TT,AT,AA,CT,AT,CC,GG,TT,GG,AA,GG,CC,AA,GG,AA,TT,GG,TT,TT,GG,GT,GG,CC,AA,GG,AA,AA,CC,GT,CC,GT,CC,TT,TT,AG,CT,AC,TT,CC,CC,CC,AG,NN,TT,TT,CC,AA,AG,AC,CC,GG,GT,CG,TT,AA,AA,TT,CC,GG,GG,GG,CC,GT,TT,AA,CT,CC,CC,CC,AA,TT,CC,AA,CC,CC,AA,TT,AA,AA,GG,CC,CC,GG,AA,AA,AA,AC,GT,CC,CC,AG,AG,AG,TT,AG,AC,TT,CC,GG,AC,GT,GT,TT,CC,AA,TT,TT,AA,TT,GG,CC,AA,CC,CC,CC,GG,CC,AA,GG,AG,CC,TT,CC,GG,TT,CG,TT,AG,AA,TT,AC,CG,AC,CC,CC,GG,GG,AC,GG,TT,AA,AA,CC,GG,AA,AC,AA,AT,GT,TT,AA,AT,CG,GG,AA,CG,TT,TT,AA,GG,AA,CT,AA,TT,CC,TT,AA,CC,TT,GG,AG,CC,AG,CC,TT,CT,TT,GG,TT,AA,CC,AG,GG,CG,CC,GG,CC,GG,TT,AA,CG,GT,GG,CC,CC,AA,GG,CC,AA,CG,AA,AA,AA,GG,AC,TT,AA,GG,AA,AA,AA,AC,AA,AG,AA,AA,TT,GG,AC,AG,AC,AA,TT,AG,AA,GG,GG,GG,TT,AA,AA,TT,TT,TT,AG,AT,GG,GG,AA,6.9,Moderate,Medium,Premium,Late
L0705,Davangere,Karnataka,Rabi,Black Cotton,Irrigated,430,25.5,58,AC,TT,AG,AA,GG,CC,GT,AT,CC,NN,AA,NN,CG,TT,TT,GG,GG,TT,TT,AA,CC,TT,GT,CC,TT,CT,TT,TT,GG,AA,TT,CC,AA,CC,GG,GG,GG,CC,GG,NN,TT,CC,AA,TT,AA,AG,CT,AT,CC,AC,GG,AA,AA,GG,CC,TT,AA,AA,GG,AC,AG,GT,AA,AA,TT,AT,CC,GG,TT,GG,AA,GT,CC,AA,GG,AC,AA,AG,TT,TT,GG,GT,GG,CC,AA,GG,AA,AA,CC,GT,AC,TT,CT,AT,TT,GG,TT,CC,GT,CT,CC,CG,AG,AA,TT,TT,CC,AA,GG,AA,CT,GG,TT,CC,GT,AA,AA,TT,CC,AG,CC,GG,CT,GT,CT,AG,CC,CC,CC,CC,AA,GT,AC,AA,CC,CC,AA,TT,AA,AA,GG,CC,CC,GG,AA,AA,AA,CC,GT,CC,CC,AA,AA,GG,TT,GG,AA,TT,CT,GG,AC,TT,GG,CC,CG,AT,TT,TT,AA,TT,GG,CC,AA,CC,CC,CC,GG,AC,AA,GG,AA,CC,TT,CC,TT,TT,CG,AT,AA,AA,TT,CC,CG,AA,CC,CC,GG,GG,AA,GG,TT,AA,AA,CC,GT,AA,AA,AA,AA,GG,TT,AT,AT,CG,GG,AT,CC,AT,TT,AA,GG,AA,CT,AA,TT,CC,CT,CC,CC,TT,GG,AA,CG,AA,AC,TT,TT,NN,GG,TT,AA,AA,AA,GG,CG,CC,GG,CC,GG,TT,AA,CC,GT,GG,CG,GG,AA,GG,NN,AA,CC,AA,AA,CC,CC,AA,TT,AA,GG,AA,AA,AA,AA,GG,AA,AG,AA,AT,GG,AA,AA,CC,AC,TT,AA,AA,GG,GG,GG,TT,AA,AA,GT,TT,TT,AA,TT,GG,GG,AA,7.68,Susceptible,Low,Premium,Late
L0706,Davangere,Karnataka,Rabi,Black Cotton,Irrigated,430,25.5,58,AC,TT,AG,AG,GG,CC,GG,AT,CC,CG,AA,CC,CC,TT,GT,GT,CG,TT,TT,AA,CC,TT,GG,CC,TT,CC,TT,TT,GG,AA,TT,CC,AA,CC,GG,GG,GG,CG,GG,CC,TT,TT,AA,TT,AA,AG,TT,TT,CC,AA,GT,AA,AA,GG,NN,TT,AA,AC,GG,AC,AA,TT,AT,AG,CC,TT,CC,GG,TT,GG,NN,GG,CC,AA,AG,AA,AA,NN,TT,TT,NN,GG,GG,CC,AA,GG,AA,AT,CC,GT,CC,TT,NN,TT,TT,GG,TT,CC,TT,CC,CT,CG,GG,AA,AT,TT,CC,AG,NN,AA,CT,GG,TT,CC,TT,AA,AC,TT,CC,AG,CG,GG,CC,GT,TT,AA,CT,CC,CC,CC,AA,TT,CC,AA,CC,CC,AA,TT,AA,AA,GG,CC,CC,GG,AA,NN,AA,CC,GT,CC,CC,AG,AA,AG,TT,GG,AA,TT,CT,GG,AA,TT,TT,TT,GG,AT,TT,TT,AA,TT,GG,CC,AG,CT,CC,AC,GG,AC,AA,GG,AA,CC,TT,CC,GT,TT,GG,AT,AA,AA,TT,CC,CG,AA,CC,CC,GG,GG,AC,GG,TT,AA,AA,CC,GT,AA,CC,AA,AT,GT,TT,TT,AT,CG,TT,AA,CG,TT,GT,AA,GG,AA,TT,AA,TT,CG,CT,AA,CC,TT,GG,AA,CG,GG,CC,TT,CT,GT,GG,TT,AA,CC,AG,GG,CC,CC,GG,CC,GG,AT,AA,CC,TT,GG,CC,CG,AA,GG,CG,AA,CC,AT,AA,AC,GG,AA,TT,AA,GG,AA,AC,AC,AA,AA,AA,AA,AG,TT,GG,AC,AG,AC,AA,TT,AA,AG,GG,GG,GG,TT,AA,AG,TT,TT,TT,AA,TT,GG,CG,AA,5.86,Moderate,Medium,Poor,Medium
L0707,Davangere,Karnataka,Rabi,Black Cotton,Irrigated,430,25.5,58,AC,CT,AG,AA,GG,CC,GG,AT,CC,CG,AA,CC,CC,TT,TT,GT,GG,TT,TT,AA,CC,GT,TT,CT,AT,CC,TT,TT,GT,AA,TT,CC,AA,CC,GG,CG,GG,GG,GG,CC,TT,CT,AA,TT,AA,AG,CC,AT,CC,CC,GG,AT,AA,GG,CC,GT,AA,AA,GT,AA,AA,GT,TT,GG,TT,NN,CC,GG,TT,TT,AG,GG,CC,AA,AG,CC,AA,GG,TT,TT,GG,GG,GG,CC,AT,NN,AG,NN,CC,GT,CC,TT,CT,TT,GT,GG,CT,CC,TT,CT,CC,CG,AG,AA,TT,TT,CC,AG,AA,AA,CC,GG,TT,CC,TT,AA,AA,TT,CC,GG,CC,GG,CC,GT,TT,AG,CC,CG,AC,CG,AA,TT,CC,AA,CC,CC,NN,TT,AG,AT,GG,NN,CC,AG,AA,AA,AA,AC,GG,CC,CC,AG,AG,AG,TT,GG,AC,TT,CT,GG,CC,GG,TT,TT,CG,AA,GT,TT,AA,AT,GG,CC,AG,CC,NN,CC,CG,CC,AA,GG,AG,CC,TT,CC,GG,TT,GG,TT,AG,AA,TT,AC,GG,AC,CC,CC,GG,GG,AC,GG,TT,AC,AG,CC,GG,AA,AC,AT,AA,GT,GT,AT,AA,GG,TT,AA,CC,TT,GT,AA,GG,AA,TT,AA,TT,CC,CT,AA,CC,CT,CG,AG,CC,AG,CC,TT,CT,TT,GG,TT,AA,AA,AA,GG,CC,CC,GG,CC,GG,TT,AA,CC,TT,AG,CC,CC,AA,AG,CG,AA,CC,AT,AA,CC,CC,AC,TT,AA,GG,AA,AA,AA,NN,AG,AA,AG,AA,TT,GG,AC,AG,CC,AC,CT,AA,AA,GG,GG,GG,TT,AA,AG,TT,TT,TT,AG,AA,GG,GG,AC,8.93,Resistant,Low,Poor,Early
L0708,Davangere,Karnataka,Rabi,Black Cotton,Irrigated,430,25.5,58,AC,TT,GG,AG,GG,CC,GG,TT,CC,CC,AA,CC,CG,TT,GT,GG,GG,TT,TT,AA,CC,TT,TT,CC,TT,CC,GT,TT,GG,AA,CT,CC,AA,CC,GG,GG,GG,CC,GG,NN,TT,CT,AA,TT,AG,GG,TT,AT,CC,AA,GG,AA,AG,GG,CC,TT,AA,AA,GG,AC,AG,TT,AA,AA,TT,AT,CC,GG,TT,GT,AA,GG,CC,AA,GG,AA,AT,GG,TT,TT,GG,GG,GT,CC,AA,GG,AA,AA,CG,TT,CC,TT,CC,TT,GT,AG,TT,AC,GT,CC,NN,CC,AA,AA,TT,TT,CC,AA,AG,AA,CT,GG,TT,GG,TT,AC,AA,TT,CG,GG,CG,GG,CC,GT,CT,AA,CC,CC,CC,CC,AA,TT,CC,AA,CC,CC,AA,TT,AA,AT,GG,CC,CC,GG,AA,AG,AT,CC,GG,CC,CG,AG,AA,GG,GT,AG,CC,TT,CT,GG,AC,GT,TT,TT,CC,TT,TT,TT,AA,TT,GG,CC,AA,CC,CC,CC,GG,AC,AA,GG,AG,CC,TT,CC,NN,GT,GG,AT,AA,AG,TT,CC,GG,AA,AC,CC,GG,GG,AA,GG,TT,CC,AA,NN,GG,AA,CC,AA,AT,GT,GT,AT,AA,GG,GT,AT,CG,AT,GT,AA,GG,AA,CT,AA,TT,CC,TT,AA,CC,TT,CG,NN,CC,AG,CC,TT,CT,GT,GG,TT,AA,AC,AG,GG,CG,CC,GG,CC,GG,AT,AA,CG,TT,GG,CG,CC,AT,GG,CC,AA,CG,AA,AA,CC,CG,CC,TT,AA,GG,AA,AA,AA,AA,AG,AA,AA,AG,TT,GG,AA,AA,CC,AC,TT,AA,AA,GG,GG,GG,TT,AA,AG,TT,TT,TT,AG,TT,GG,GG,AA,8.12,Moderate,Low,Poor,Early
L0709,Davangere,Karnataka,Rabi,Black Cotton,Irrigated,430,25.5,58,CC,CT,GG,AA,GG,CC,GT,TT,CC,CC,AA,CT,CG,AT,TT,GG,GG,TT,TT,NN,CC,GT,GT,CC,TT,CC,TT,AT,GG,AA,TT,CT,AG,CC,GG,GG,NN,NN,GG,CC,TT,CT,AA,GT,NN,AG,TT,AT,CC,AC,GG,AT,AA,GG,CT,TT,AA,AA,TT,AC,AG,GT,AT,AG,TT,AT,CC,GG,TT,GG,AA,GG,CC,AG,GG,AA,AT,GG,TT,TT,GG,GG,GT,CC,AT,GG,AA,AA,CC,GT,AC,TT,CC,TT,GT,AG,TT,CC,NN,CC,CC,CC,AA,AA,TT,TT,CC,AA,AA,AA,CC,GG,TT,CC,TT,AC,AA,AT,CG,GG,CC,GG,CC,GG,CT,AA,TT,CG,CC,CC,AA,TT,CC,AA,CC,CT,AA,TT,AA,AT,GG,CC,CC,GG,AA,AA,AT,CC,GG,CC,CC,AA,AA,GG,TT,AG,CC,TT,TT,GG,AC,TT,TT,TT,CG,AA,GT,TT,AA,AT,GG,CC,AA,CT,CC,CC,CG,AC,AA,GG,AG,CC,TT,CC,GT,GG,GG,AA,AA,AA,GT,CC,GG,AC,AC,CC,CG,GG,AC,GG,TT,AC,AA,CC,GG,AT,AA,AA,AT,GT,GG,AT,AT,GG,GG,AA,CC,AT,GT,AA,GG,AG,TT,AA,TT,CC,TT,AC,CC,TT,GG,AG,CG,AG,CC,TT,CT,GT,GG,TT,AA,AC,AA,GG,CC,CC,GG,CC,GG,TT,AA,CC,TT,GG,CC,CC,AT,GG,GG,AT,CG,AA,AA,AC,CC,CC,TT,AA,CG,AA,AA,AA,AA,GG,AG,AA,AA,TT,GG,AA,AA,CC,AC,CT,AA,AA,CG,GG,GG,GT,AA,AA,GT,TT,NN,AA,TT,GG,GG,AA,7.62,Susceptible,High,Poor,Early
L0710,Davangere,Karnataka,Rabi,Black Cotton,Irrigated,430,25.5,58,AC,CT,GG,AG,GG,CC,GT,AT,CC,CG,AT,CC,CG,NN,TT,GG,GG,TT,TT,AA,CC,TT,TT,CC,TT,CC,GT,AA,GG,NN,TT,CC,AA,AC,GG,GG,GG,CC,NN,AC,TT,CT,AA,TT,NN,GG,TT,AT,CC,AC,GT,AA,AA,GG,CT,TT,AA,AA,GT,AA,AA,GT,AT,AG,TT,TT,CC,GG,TT,GG,AA,GG,CC,AA,GG,AA,AT,GG,TT,TT,GG,GT,GG,CC,AA,GG,AA,AA,CC,GT,CC,TT,CC,TT,GT,GG,TT,CC,GT,CC,CC,CC,AA,AA,TT,TT,CC,AA,NN,AA,CT,GT,TT,CG,TT,AA,AA,TT,CC,GG,CC,GG,CC,GG,CT,AA,CC,CC,AC,CC,AA,TT,AC,AA,CC,CC,AA,TT,AA,AA,GG,CC,CC,GG,AA,AG,AA,CC,GG,CC,CC,AA,AG,GG,TT,AG,AA,TT,CT,GG,AC,TT,TT,TT,CG,TT,GT,TT,AA,TT,GG,CC,AA,TT,CC,CC,CG,CC,AA,GG,AG,CC,TT,CC,GT,TT,GG,TT,AA,AA,TT,CC,GG,NN,CC,CC,GG,AG,AA,GG,TT,AC,AA,CC,GG,AA,AC,AA,AT,GG,TT,TT,TT,GG,GT,AA,CG,TT,GT,AA,AG,AA,TT,AA,TT,CC,CT,AA,CC,TT,GG,AA,CC,AG,CC,TT,TT,GT,GG,TT,AA,CC,AA,GG,CC,CG,GG,CC,GG,TT,AA,CC,TT,GG,CC,GG,AA,AG,CC,AT,CC,AA,AA,AC,CG,AC,AT,AA,GG,AA,AA,AC,AC,AA,AG,AG,AA,TT,CG,AA,AG,AA,AA,CT,AG,NN,GG,GG,GG,TT,AT,AA,TT,TT,TT,AG,TT,GG,GG,AA,4.96,Susceptible,Medium,Standard,Early
L0711,Davangere,Karnataka,Rabi,Black Cotton,Irrigated,430,25.5,58,NN,CT,GG,AG,GG,CC,GT,TT,CC,CG,AA,CC,CG,AT,TT,GG,CG,TT,TT,AA,CC,TT,TT,CC,TT,CC,TT,AT,GG,AA,CT,CT,AA,CC,GG,GG,GG,CC,GG,CC,TT,TT,AA,TT,AA,GG,TT,AT,CC,AC,GG,AA,AG,GG,CC,TT,AA,AC,GG,AC,AA,TT,TT,AA,CT,TT,NN,GG,TT,GG,AG,GG,CC,AA,GG,AC,AT,GG,GT,TT,GG,GG,GG,CC,AA,GG,AA,AA,CC,GT,AC,TT,CC,AT,TT,GG,CT,AC,GT,CC,TT,CC,AA,AA,TT,TT,CC,AA,AG,AC,CC,GG,TT,CG,GT,AC,AA,TT,CC,GG,CG,GG,CC,GG,TT,AA,CC,CC,AC,CC,AG,TT,AC,AA,CC,CC,AA,AT,AG,AA,GG,CC,CC,GG,AA,AA,AA,CC,GG,CC,CC,AA,AA,GG,TT,AG,NN,TT,CT,GG,AC,GT,TT,TT,CC,AA,TT,TT,AT,AT,GG,CC,AA,CT,CC,CC,GG,NN,AA,AG,GG,AC,TT,CC,GT,GG,CG,AA,AA,AA,TT,CC,GG,AA,AC,CC,GG,GG,AA,GG,TT,AC,GG,CC,GG,AA,AC,AA,AA,GG,TT,TT,AA,GG,GG,AA,CC,TT,TT,AA,GG,AA,TT,AA,TT,CC,TT,AC,CC,TT,CG,AA,CG,AA,CC,TT,TT,GT,GG,TT,AA,CC,AA,GG,CC,CC,GG,CC,GG,AA,AG,CC,TT,GG,CC,CC,AA,GG,CC,AA,CG,AA,AA,AA,CG,AC,NN,AA,GG,AA,AA,AA,AA,AG,GG,AA,AA,TT,NN,AC,AA,CC,AC,TT,AA,AA,GG,GG,GG,GT,AA,AG,TT,TT,TT,AG,TT,GG,GG,AC,7.0,Resistant,High,Standard,Medium
L0712,Davangere,Karnataka,Rabi,Black Cotton,Irrigated,430,25.5,58,AC,TT,AG,AA,CG,CG,GG,TT,CC,CG,AA,CC,CC,TT,TT,GG,GG,TT,TT,AA,CC,GT,TT,CT,TT,CC,GT,AT,GG,AA,TT,CT,AA,CC,GG,GG,GG,CC,GG,CC,TT,CC,AC,NN,AA,AG,CT,AT,CC,AC,GG,AA,AG,GG,CC,GT,AA,AA,GT,AC,AA,TT,TT,AA,TT,TT,CC,GG,TT,GT,AA,GG,CC,AA,AG,AA,AA,GG,TT,TT,GG,GG,GG,CC,AA,GG,AG,AA,CG,GT,AC,TT,CC,TT,TT,GG,CT,CC,TT,CC,CT,CC,GG,AA,TT,TT,CC,AA,AA,AA,CC,GG,TT,CC,TT,AA,AA,TT,CG,GG,CC,GG,CT,GG,CT,AG,CT,CC,CC,CC,AA,GT,CC,AA,NN,CC,AA,TT,AA,AT,GG,CC,CC,NN,AA,AA,AA,CC,GG,CC,CC,AA,AA,GG,TT,GG,AC,TT,TT,GG,AA,TT,TT,TT,CG,AT,TT,TT,AT,TT,GG,CC,AG,CC,CC,CC,CG,CC,AA,GG,GG,NN,TT,CC,GG,TT,NN,TT,AA,AA,TT,CC,GG,AA,AC,CC,GG,GG,AA,CG,TT,AA,AA,CC,GG,AA,CC,AA,AT,GT,GT,TT,AT,GG,GG,AT,CC,TT,GT,AA,GG,AA,TT,AA,TT,CC,TT,AA,CC,CT,GG,AG,CC,AA,CC,TT,TT,TT,GG,TT,AA,CC,AG,GG,CC,CC,GG,CC,NN,AT,AG,CC,TT,GG,CG,GG,AA,GG,CG,AA,CC,AA,AA,CC,CG,AC,TT,AA,GG,AA,AA,CC,AA,AA,AA,AG,AA,NN,CG,AA,AA,AC,AA,CT,AG,AA,GG,GG,GG,TT,AA,AA,TT,TT,TT,AG,NN,GG,GG,AA,7.61,Moderate,Low,Poor,Early
L0713,Davangere,Karnataka,Rabi,Black Cotton,Irrigated,430,25.5,58,AA,TT,GG,NN,GG,CC,GT,TT,CC,CC,AA,CC,CG,TT,TT,GG,GG,TT,TT,AG,CC,TT,TT,CT,TT,CC,GT,TT,GT,AA,TT,CC,AA,NN,GG,CG,GG,CC,GG,CC,TT,TT,AA,TT,AA,GG,TT,TT,CC,AC,GT,AA,AG,GG,CT,TT,AA,NN,TT,AA,AA,TT,TT,AA,TT,TT,CC,GG,TT,GG,AA,GG,CC,AA,GG,AA,AT,GG,TT,TT,GG,GG,GG,CC,AT,GG,AA,AA,CC,TT,CC,TT,CC,TT,TT,AG,CT,AC,GG,CC,CT,CG,AG,AA,TT,TT,CG,AA,AA,AA,CC,GG,TT,CG,TT,AC,AC,AT,CC,GG,NN,GG,CT,GG,TT,AA,CC,CC,CC,CC,AA,GT,CC,AA,CC,CC,AG,TT,AA,TT,GG,CT,CC,GG,AA,AA,NN,CC,GG,CC,CC,AA,GG,GG,TT,GG,AA,TT,TT,GG,AC,GG,TT,TT,CC,AT,TT,TT,AA,AT,GG,CC,AA,CT,AC,CC,GG,CC,AA,GG,AA,CC,TT,CC,GT,TT,GG,AT,AA,AA,TT,CC,GG,AC,CC,CC,NN,GG,AA,GG,TT,AC,AG,CC,GT,AA,CC,AA,AA,GT,TT,TT,AA,GG,GT,AA,CC,AT,TT,AA,GG,AA,TT,AA,TT,CC,TT,AC,AC,CT,CG,AG,CG,AA,CC,NN,TT,GT,GG,TT,AC,AC,NN,GG,CC,CC,GG,CC,GG,TT,AA,CC,TT,GG,CG,CC,AT,GG,CC,NN,CG,AA,AA,CC,CG,CC,TT,AA,GG,AA,AA,AA,AA,GG,AG,AA,AA,TT,GG,AC,GG,CC,CC,TT,AA,AA,CG,GG,GG,TT,AA,AG,TT,TT,TT,AA,AT,CG,GG,AA,6.27,Susceptible,High,Standard,Early
L0714,Davangere,Karnataka,Rabi,Black Cotton,Irrigated,430,25.5,58,AA,TT,AG,AA,GG,CC,GT,AT,CC,CG,AA,CC,CC,TT,GT,GT,GG,TT,TT,AA,CC,GT,GT,CT,TT,CC,GT,TT,GG,AA,TT,CT,AA,CC,AG,GG,GG,CC,GG,CC,TT,CT,AA,GT,AA,GG,TT,TT,CC,AC,GT,AT,AA,GG,CC,TT,AA,AA,GT,AA,AA,TT,AT,AA,TT,TT,CC,GG,TT,GT,AA,GG,CC,AA,GG,AC,AA,AA,TT,CT,GG,GG,GG,AC,AT,GG,AA,AT,CG,GT,CC,TT,CT,TT,TT,GG,TT,CC,GT,CC,CC,CG,AG,AA,TT,TT,GG,AG,AG,AA,TT,GG,TT,CG,TT,AA,AA,TT,NN,GG,CC,AG,CC,GG,CT,AA,CT,CC,CC,NN,AA,TT,AA,AA,CC,CC,AA,TT,AA,AA,GG,CC,CC,GG,AA,GG,AA,CC,GT,CC,CC,AA,AA,AG,GT,GG,AA,TT,TT,GG,AC,GT,GT,CT,CC,AA,GT,CT,AA,TT,GG,CC,AG,CC,CC,CC,GG,CC,AA,GG,AA,CC,TT,CC,GT,TT,GG,AT,AA,AA,TT,CC,GG,AC,CC,CC,GG,GG,AC,GG,TT,AA,AG,CC,GT,AA,CC,AT,AT,GG,TT,AT,AT,GG,TT,AT,CC,TT,GT,AA,GG,AA,TT,AA,NN,CC,CT,AA,CC,TT,CC,AA,CC,AG,CC,TT,TT,GT,GG,AT,AA,CC,AG,GG,CC,CG,GG,CC,GT,AT,AA,CG,TT,GG,CC,CC,NN,GG,CC,AA,CG,AA,AA,AC,CC,CC,AT,AA,GG,AA,AA,AC,AA,AG,AG,AA,AA,TT,GG,AA,NN,AC,AC,CT,AA,AA,CG,GG,CG,TT,AT,AA,TT,TT,TT,AG,TT,GG,GG,AA,4.93,Resistant,Low,Standard,Early
L0715,Davangere,Karnataka,Rabi,Black Cotton,Irrigated,430,25.5,58,CC,TT,GG,AG,GG,CC,GT,TT,CC,CC,AA,CC,CG,TT,TT,GG,CG,TT,TT,AA,CC,GT,GG,CT,TT,CC,GT,TT,GG,AA,TT,CT,AA,CC,GG,CG,NN,CG,GG,CC,TT,CC,AA,GT,AG,AG,TT,AT,CC,NN,GG,AA,AG,GG,CC,TT,AA,AC,GT,AC,AA,TT,TT,AA,TT,TT,CC,GG,TT,GG,AA,GG,CC,AA,GG,AA,AT,GG,GT,TT,GG,GG,GG,CC,AA,GG,AG,AA,CC,GT,AC,TT,CT,TT,TT,GG,TT,CC,GG,CC,NN,CG,GG,AA,TT,TT,CC,AA,AG,AA,CT,GG,TT,CC,TT,AC,AA,TT,CC,AA,CC,GG,CT,GG,CT,AA,CT,CC,CC,CC,AG,GT,AC,AA,CC,CT,AA,AT,AA,AA,GG,CT,CG,GG,AA,AG,AA,AC,GG,CC,CC,AA,AA,GG,TT,GG,CC,GT,CT,GG,AA,TT,TT,TT,CC,AT,GT,TT,AA,TT,GG,CG,AA,CC,CC,CC,GG,CC,AA,GG,AA,CC,TT,CC,GT,TT,GG,TT,AA,AA,TT,CC,GG,AA,CC,CC,GG,GG,AC,GG,TT,AA,AA,CC,GG,AT,CC,AT,AA,GG,TT,AT,AA,CG,GG,AT,CC,TT,GT,AA,GG,AA,TT,AA,TT,CC,TT,AA,CC,CT,GG,GG,CC,AA,CC,TT,TT,GT,CG,TT,AA,AC,AA,GG,CC,CC,GG,CC,GG,AT,AG,CC,TT,GG,CC,CC,AA,GG,CC,AA,CC,AA,AA,AA,CC,AC,TT,AA,GG,AA,AC,AA,AA,AG,AA,AG,AA,TT,GG,AA,AA,CC,AC,TT,AA,AG,GG,GG,GG,TT,AA,AG,GT,TT,AT,AG,TT,NN,NN,AA,7.8,Susceptible,Medium,Poor,Early
L0716,Davangere,Karnataka,Rabi,Black Cotton,Irrigated,430,25.5,58,AC,TT,GG,AA,GG,CC,GT,TT,CC,CC,AA,CT,CC,AT,TT,GG,CG,TT,TT,GG,CC,GT,GT,CC,TT,CC,TT,TT,GG,AA,CT,CC,AA,CC,GG,CG,GG,CC,GG,CC,TT,TT,AA,TT,AA,GG,TT,TT,CC,AA,GG,AA,AA,GG,CT,TT,AT,AA,GT,AA,AA,TT,AT,AA,CT,NN,CC,GG,TT,GG,AA,GG,CC,AA,GG,AC,AA,GG,TT,TT,GG,GT,GT,CC,AA,GG,AA,AA,CC,TT,AC,TT,CC,TT,TT,GG,TT,CC,GT,CC,CT,CG,AG,AA,TT,TT,CC,AA,GG,AC,TT,GG,TT,CC,TT,AA,AA,TT,CC,AG,CG,GG,CC,GT,CT,AA,TT,CG,CC,CC,AA,TT,CC,AA,CC,CT,AG,TT,AA,AA,GG,CC,CC,GG,AA,AA,AA,CC,GG,CC,CC,AA,AA,GG,TT,GG,AA,TT,CT,GG,CC,GT,TT,TT,CC,AA,GT,CT,AA,TT,GG,CG,AA,CC,CC,CC,GG,CC,AA,GG,AG,CC,TT,CC,GG,TT,GG,TT,AA,AA,GT,CC,GG,AC,AC,CC,GG,GG,AA,GG,TT,AA,AA,CG,GG,AA,AC,AA,TT,GT,TT,AT,AT,CG,GT,AA,CG,AT,TT,AA,GG,AA,TT,CC,TT,CG,CT,AC,AA,TT,CC,GG,CC,GG,CC,TT,CT,GT,CG,TT,AA,CC,AA,GG,CC,CC,GG,CC,GG,AT,AA,CG,GT,GG,CC,CC,AA,GG,CC,AT,CC,AA,AA,AC,GG,AC,TT,AA,GG,AA,AA,AA,AA,AG,AG,AA,AA,AT,CG,AA,AA,AC,AA,TT,AA,AA,GG,AG,GG,TT,AA,AG,TT,TT,TT,AA,TT,GG,GG,AA,8.27,Susceptible,Low,Premium,Medium
L0717,Davangere,Karnataka,Rabi,Black Cotton,Irrigated,430,25.5,58,CC,TT,GG,AG,GG,CC,GG,TT,CC,CC,AA,CC,CC,AT,GT,GT,CG,TT,TT,AG,CG,TT,TT,CT,TT,CC,TT,TT,GG,AA,TT,CC,AA,CC,AG,GG,GG,CC,GG,CC,TT,CT,AA,TT,AA,AG,TT,TT,CC,CC,NN,AA,AA,GG,CC,TT,AA,AC,GG,AA,AG,TT,TT,AA,TT,AT,CC,GG,TT,GG,AG,GG,AC,AG,GG,AC,AA,GG,GT,CT,GG,GT,GG,NN,AA,AG,AA,AA,CC,GT,CC,TT,CT,AT,TT,GG,CT,CC,GG,CC,CT,CC,AG,AA,TT,TT,CC,AA,AG,AA,CT,GG,TT,CC,TT,AA,AA,AT,CC,AG,CC,AG,CC,GG,TT,AA,CC,CC,AC,CC,AA,GT,CC,AA,CC,CC,AA,TT,AA,AA,CG,CT,CC,GG,AA,GG,AA,CC,GG,CC,CC,NN,AG,GG,GT,GG,AA,TT,CT,GG,AC,GT,GT,TT,CC,AT,TT,TT,AT,TT,GG,CC,AA,CT,CC,CC,GG,CC,AA,GG,GG,CC,TT,CG,GT,TT,GG,AT,AA,AA,TT,CC,GG,AC,CC,CG,GG,GG,AC,CG,TT,AA,AA,CC,GG,AA,AC,AA,AT,GG,TT,AT,AA,GG,TT,TT,CG,TT,GT,AA,GG,AA,TT,AA,TT,CC,TT,AA,CC,TT,CG,AA,CC,AG,CC,TT,TT,GT,GG,TT,AA,CC,AA,GG,CC,CG,GG,CC,GG,AT,AA,CC,GT,GG,CC,CC,AA,AG,CC,AT,CG,AA,AA,CC,CC,CC,AT,AG,CG,AA,AA,AA,AA,GG,AG,AG,AA,TT,GG,AC,AG,CC,AA,TT,AA,AA,CG,GG,GG,TT,AA,AA,GT,AT,TT,AG,AT,GG,GG,AA,7.65,Resistant,Medium,Standard,Early
L0718,Davangere,Karnataka,Rabi,Black Cotton,Irrigated,430,25.5,58,AA,TT,AG,AA,GG,CC,GT,TT,CC,CG,AT,NN,CC,AT,TT,GG,CC,TT,TT,AG,CG,GT,GT,CT,AT,CT,TT,TT,GG,AA,TT,CC,AA,CC,GG,CG,GG,CC,GG,CC,TT,CT,AC,TT,AG,GG,CT,TT,CC,CC,GG,AA,AA,GG,CC,TT,AA,AA,GT,AA,AA,TT,AT,AA,TT,TT,CC,GT,TT,GG,AG,GG,CC,AA,GG,AA,TT,GG,TT,TT,GG,GG,GT,CC,AA,GG,AA,AT,CC,GT,AC,TT,CT,NN,GT,GG,CT,AC,TT,CC,CT,CC,AG,AA,AT,GT,CC,AA,AA,AC,CC,GG,TT,CC,TT,AA,AA,TT,CC,AG,CG,GG,CT,GG,TT,AA,CC,CC,CC,CC,AA,GT,AC,AA,CC,NN,AA,NN,AA,AT,GG,CT,CC,GG,AA,AA,AA,AC,GG,CC,CC,AG,AG,GG,TT,AG,AC,GT,CC,AA,CC,TT,TT,TT,CC,TT,TT,TT,AA,TT,GG,CC,AG,CT,CC,CC,CG,CC,AA,GG,AG,CC,TT,CC,TT,TT,GG,TT,AA,AA,TT,CC,NN,AA,CC,CC,GG,GG,AA,CG,TT,AA,AG,CC,GG,AA,CC,AA,AA,GT,TT,AT,AT,GG,GG,AA,CC,AT,TT,AA,GG,AG,CT,AA,TT,CC,TT,AA,CC,TT,GG,AG,CC,AA,CC,TT,CT,GT,GG,TT,NN,AC,AA,GG,CC,NN,GG,CC,GG,TT,AA,CC,GT,GG,CC,CC,AA,AG,CC,AA,CC,AA,AA,CC,CC,CC,TT,AA,GG,AA,AA,AC,AA,GG,AA,AG,AA,TT,GG,AA,AG,AA,AA,TT,AA,AA,NN,GG,GG,TT,AT,AA,TT,TT,TT,AG,AT,GG,GG,AA,7.5,Moderate,Medium,Premium,Medium
L0719,Davangere,Karnataka,Rabi,Black Cotton,Irrigated,430,25.5,58,AC,TT,GG,AA,CG,CC,GG,AT,CC,CG,AT,CC,CG,AT,GT,GG,GG,TT,TT,AA,CG,NN,NN,CT,AT,CC,TT,TT,GG,AA,TT,CC,AA,CC,GG,CG,GG,GG,GG,CC,TT,CC,AA,GT,AA,AG,TT,TT,CC,AA,GG,AA,AA,GG,CC,GT,AA,NN,GG,AC,AA,TT,TT,AA,TT,AT,CC,GG,TT,GT,AA,GG,CC,AA,GG,CC,AT,GG,TT,TT,GG,GT,GG,CC,AA,GG,AA,AA,CC,GT,AC,TT,CC,TT,GG,GG,TT,CC,GG,CC,NN,CC,AA,AA,AT,TT,CC,AA,AA,AA,CT,GG,TT,CC,GT,AC,AA,AT,CC,GG,CC,GG,CC,GG,CC,AG,CC,CC,CC,CC,AG,TT,CC,AA,CC,TT,AA,TT,AA,AA,GG,CC,CC,GG,AA,GG,AA,CC,GG,CC,CC,GG,GG,AG,GT,GG,AC,TT,TT,GG,AC,GT,GT,TT,CC,AT,TT,TT,AA,AT,CG,CG,AG,TT,CC,CC,CG,CC,AA,GG,AA,CC,TT,CC,TT,GT,CG,AT,AA,AG,TT,CC,CG,AA,CC,CC,GG,GG,AC,GG,TT,AC,AA,CC,TT,AA,CC,AA,AA,GG,GT,TT,AT,GG,GG,AA,CC,NN,GT,AA,GG,AA,TT,AA,TT,CC,CT,AA,CC,TT,GG,AG,CC,AG,CC,TT,TT,TT,GG,TT,AA,CC,AA,GG,CC,CC,GG,CC,GG,TT,AA,CC,TT,GG,CC,CG,AA,AG,CG,AA,CC,AA,AA,AC,CG,AC,TT,AA,GG,AA,AA,AA,AC,AA,AG,AG,AA,TT,GG,AC,AA,CC,AA,CT,AA,AA,GG,GG,CG,TT,AA,AA,GT,TT,TT,AA,TT,GG,GG,AA,7.64,Susceptible,Low,Poor,Early
L0720,Davangere,Karnataka,Rabi,Black Cotton,Irrigated,430,25.5,58,AC,TT,GG,AG,GG,CC,GG,AT,CC,GG,AA,CC,CC,TT,TT,GG,GG,TT,TT,AG,CC,GT,GT,CT,TT,CT,TT,TT,GG,AA,CT,CT,AG,CC,GG,CC,GG,CG,GG,CC,TT,CT,AA,GG,AG,GG,TT,NN,CC,CC,GG,NN,AA,CG,CC,TT,AA,AA,GT,AC,AA,TT,AA,AG,TT,AT,CC,GG,TT,GT,AA,GG,CC,AA,GG,AA,AA,GG,GT,TT,GG,GT,GT,CC,AA,GG,AA,AA,CC,GT,CC,TT,CC,TT,TT,GG,CT,CC,TT,CC,CC,GG,AG,AA,TT,TT,CC,AA,AG,AA,CC,GG,TT,CC,TT,NN,AA,TT,CC,GG,CC,AG,CC,GG,TT,AA,CC,CC,CC,CC,AA,GG,CC,AA,CC,CC,NN,TT,AA,AA,CG,CT,CC,GG,AA,AG,AA,AC,GT,CC,CC,AG,GG,GG,TT,GG,AC,TT,CT,GG,CC,GG,GT,TT,CC,AT,GT,TT,AA,TT,CG,CC,NN,CT,CC,CC,CG,CC,AA,GG,AA,CC,TT,CC,GG,GT,GG,TT,AA,AA,TT,CC,GG,AA,AA,CC,GG,GG,AC,CG,TT,AA,AA,CC,GT,AT,CC,AA,AA,GG,TT,TT,AA,GG,GG,TT,CC,AT,TT,AT,GG,AA,CC,AA,TT,CC,TT,AA,CC,TT,NN,AG,CC,AG,AC,TT,TT,GT,GG,TT,AA,AC,AA,GG,CC,GG,GG,CG,GG,AT,AA,CC,TT,AG,CG,CC,AT,NN,CG,AA,CC,AA,AA,CC,GG,AC,TT,AG,GG,AA,AA,AC,AA,GG,GG,AG,AA,TT,CG,AA,AG,CC,AA,CT,AA,AA,GG,GG,CG,GT,AA,AG,TT,TT,TT,AG,AT,CG,GG,AA,8.26,Susceptible,Medium,Premium,Late
L0721,Davangere,Karnataka,Rabi,Black Cotton,Irrigated,430,25.5,58,AA,TT,AG,AG,GG,CC,GT,TT,CG,CG,AT,CC,CG,TT,TT,GG,GG,TT,TT,AA,CC,NN,GT,CC,AT,CC,TT,TT,GG,AA,TT,CC,AA,CC,GG,CG,GG,CC,GG,CC,TT,CT,AA,TT,NN,AG,CT,TT,CC,AA,GG,AA,AA,GG,CC,TT,AA,AA,GG,AA,AA,TT,AT,AG,TT,AT,CC,GG,TT,GG,AG,GG,CC,AA,AA,AA,AT,GG,TT,TT,GG,GG,GG,CC,AT,GG,AA,AA,CC,TT,CC,TT,CT,TT,TT,GG,TT,CC,TT,CC,CC,CC,GG,AA,AT,GT,CC,AA,AG,CC,TT,GG,TT,CC,TT,AC,AA,AT,CC,GG,CG,GG,CC,GG,TT,AG,CT,CC,CC,CC,AA,TT,CC,AA,CC,CT,AA,TT,AA,AA,CG,CC,CC,GG,AA,AA,AA,AC,GG,CC,CC,AA,GG,GG,GT,AA,AA,TT,TT,GG,CC,TT,GT,TT,CG,TT,GT,CT,AT,NN,CG,CC,AG,CT,CC,CC,GG,CC,AA,AG,AG,CC,TT,CG,GT,GG,CG,AT,AA,AA,TT,CC,CG,AA,CC,CC,GG,GG,AA,GG,TT,AC,AA,CC,GT,AA,AC,AA,AT,GG,GT,AA,TT,GG,GT,AT,GG,AA,GG,AA,GG,AA,CT,AC,TT,CC,TT,NN,CC,TT,CG,AA,CC,AG,CC,TT,TT,TT,GG,TT,AA,CC,AG,NN,CG,GG,GG,CC,GG,AT,AA,CC,TT,GG,CC,CG,AT,AG,GG,AA,GG,AA,AA,CC,GG,CC,TT,NN,GG,AA,AA,AA,AC,AA,AA,AA,AA,AT,GG,AA,AG,AA,AA,TT,AA,AA,GG,GG,GG,GT,AA,AA,GT,TT,TT,AG,TT,GG,GG,AA,6.27,Susceptible,Medium,Standard,Early
L0722,Davangere,Karnataka,Rabi,Black Cotton,Irrigated,430,25.5,58,AA,TT,GG,AA,GG,CC,GT,TT,CC,CG,AT,CT,CG,TT,TT,GG,GG,TT,TT,AA,CG,TT,GG,CC,TT,CC,TT,TT,GG,AC,TT,CT,AA,CC,GG,GG,GG,CG,GG,CC,GT,TT,AC,TT,AA,GG,TT,TT,CC,CC,GT,AA,AG,GG,CC,TT,AA,AA,GT,AC,AA,GT,AT,AG,TT,AA,CC,GG,TT,GT,AG,GT,CC,AA,AG,NN,AA,GG,GG,TT,GG,GT,GG,AC,AT,GG,AA,AA,CC,TT,AC,TT,CT,AT,GT,GG,TT,CC,GT,CC,CT,CG,GG,AA,TT,TT,CC,AA,AA,AC,CC,GG,TT,CC,TT,AA,AA,TT,CG,AA,CC,GG,CC,GT,TT,AA,CT,CC,CC,CC,AA,NN,CC,AA,CC,CC,AA,TT,AA,AA,CG,TT,CC,GG,AA,GG,AA,CC,GG,CC,CC,AA,AA,GG,TT,AG,AA,TT,CT,AA,CC,GT,GT,TT,CC,AA,GT,TT,AA,AT,GG,NN,AA,CT,CC,CC,GG,CC,AA,GG,AG,CC,TT,CG,GT,TT,GG,TT,AA,AG,TT,CC,CG,AA,CC,GG,GG,GG,AA,GG,TT,AA,AG,CC,GG,AT,CC,AA,AA,GG,TT,TT,AT,GG,GT,AA,CC,TT,GG,AA,GG,AA,CT,AC,TT,CC,TT,AA,CC,CT,CG,GG,CG,AG,AA,TT,TT,GT,GG,TT,AA,CC,AA,GG,CC,CG,GG,CC,GG,AT,AA,CC,TT,NN,CC,CG,AA,GG,CG,AA,CC,AA,AA,NN,CC,CC,TT,AG,GG,AA,AA,AC,AC,AG,AA,AA,AA,TT,GG,AA,AA,CC,AA,CT,AA,AA,GG,GG,GG,TT,AA,AG,TT,TT,TT,AG,AA,GG,GG,AA,6.58,Susceptible,Medium,Premium,Late
L0723,Davangere,Karnataka,Rabi,Black Cotton,Irrigated,430,25.5,58,AC,CT,GG,GG,GG,CG,GT,AT,CC,CG,AA,CC,CG,AT,TT,GT,CG,TT,TT,AG,CC,TT,TT,CC,TT,CC,TT,AT,GG,AA,TT,CC,AA,CC,GG,GG,GG,CG,GG,CC,TT,TT,AA,TT,AA,AG,CT,TT,CC,CC,GT,AA,GG,GG,CC,TT,AA,AC,TT,AA,AA,TT,TT,AA,TT,AT,CC,GG,TT,TT,AG,GG,CC,AA,GG,AC,AA,GG,GT,TT,GG,GT,GT,CC,AA,GG,AA,AA,CC,TT,CC,TT,CC,TT,TT,GG,TT,CC,GT,CC,TT,CG,AA,AA,TT,TT,CG,AA,AG,AA,CC,GG,GT,CC,TT,AA,NN,AT,CC,AG,CC,GG,CC,GT,TT,AA,CC,CC,CC,CC,AA,TT,CC,AA,CC,CC,AA,TT,AA,AA,GG,CT,CC,GG,AA,GG,AA,AC,GG,CC,CC,AG,AA,GG,GT,AG,AC,GT,TT,GG,AC,TT,TT,TT,CC,AT,TT,TT,AA,AT,GG,CC,AA,CT,AC,CC,CG,CC,AA,GG,AG,CC,NN,CC,GT,TT,CG,AT,AG,AA,TT,CC,NN,AA,CC,CG,GG,GG,AA,GG,TT,AC,AG,CC,GG,AT,AA,AA,AA,GG,TT,TT,AT,CG,GT,AA,CC,AT,GT,AA,GG,AA,TT,AA,TT,CC,CT,AA,CC,TT,GG,GG,CG,AA,CC,TT,CT,GG,GG,TT,AA,AA,AA,GG,CC,GG,GG,GG,GG,TT,AG,CC,TT,GG,CC,CG,AA,GG,CC,AT,CG,AA,AA,CC,CC,AC,TT,AG,CG,AA,AC,AA,AA,GG,AA,AG,AA,TT,GG,AC,AA,CC,AC,TT,AA,AA,GG,GG,GG,TT,AA,AA,TT,TT,TT,GG,TT,GG,GG,AA,6.9,Susceptible,Medium,Poor,Late
L0724,Davangere,Karnataka,Rabi,Black Cotton,Irrigated,430,25.5,58,AA,TT,GG,AA,CG,CC,GG,TT,CC,CG,AA,CC,CC,TT,TT,GG,CG,TT,TT,AA,CC,TT,GT,CC,TT,CC,TT,TT,GG,AA,CT,CC,AA,AC,AG,CG,GG,CG,GG,CC,TT,TT,AA,TT,GG,AG,TT,AT,CC,NN,GG,AT,AA,GG,CT,TT,AA,AA,GT,AC,AA,GT,TT,AA,CT,AT,CC,NN,NN,GT,AA,GG,CC,AA,GG,AC,AA,GG,TT,TT,GG,GT,GG,CC,AA,AG,AA,AA,CG,GT,CC,TT,CC,TT,NN,GG,TT,CC,GT,CC,CT,CG,GG,AA,TT,TT,CC,AA,AA,AA,CT,GG,TT,CC,TT,AC,AA,TT,CG,AG,CG,GG,CC,GG,CT,AA,CC,CC,CC,CC,AA,GT,CC,AA,CC,CC,AA,TT,AG,AA,GG,CC,CC,GG,AG,GG,AA,AA,GG,CC,CC,AA,AA,AG,TT,AG,CC,GT,TT,GG,CC,TT,TT,TT,CC,AA,TT,CT,AA,AT,CG,CC,AA,CT,CC,CC,GG,CC,AA,GG,AG,CC,TT,CC,GT,TT,CG,NN,AA,AA,TT,CC,GG,AA,CC,CC,GG,GG,AA,GG,CT,AC,AA,CG,GT,AA,CC,AA,AT,GT,GG,TT,AA,CG,GG,AT,CC,AT,TT,AA,GG,AA,TT,AA,TT,CC,TT,AC,CC,CT,CG,AG,CC,AA,CC,TT,CT,GT,GG,TT,AC,AA,AG,GG,CC,CC,GG,CC,GG,TT,AG,CG,TT,NN,CC,CG,AA,GG,CG,AT,CC,AA,AA,CC,CG,AC,TT,AA,GG,AA,AA,AC,AA,AA,AG,AA,AA,AT,GG,AA,AA,AC,AA,CT,AA,AG,GG,GG,GG,NN,AT,AA,TT,TT,AT,AA,AT,GG,GG,AA,4.9,Resistant,Medium,Standard,Early
L0725,Davangere,Karnataka,Rabi,Black Cotton,Irrigated,430,25.5,58,CC,CT,GG,AA,GG,CC,GG,AA,CC,GG,AA,CC,CC,TT,TT,GG,GG,TT,TT,AG,CC,GT,GT,CC,TT,CC,TT,AT,GG,AA,CT,NN,AA,AC,AG,CG,GG,CG,GG,CC,TT,CT,AA,TT,AA,GG,TT,TT,CC,CC,GT,AT,AA,GG,CC,GT,AA,AA,GT,CC,AA,GT,AT,AA,TT,TT,CC,GG,TT,GG,AA,GG,CC,AA,GG,AC,TT,GG,TT,TT,GG,GG,GT,CC,TT,GG,AA,AA,CC,GT,AC,TT,CC,TT,TT,AG,TT,CC,TT,CC,CT,CC,GG,AA,AA,TT,CC,AA,AA,AA,CT,GG,TT,CC,TT,AA,AC,TT,CC,AA,CC,GG,CT,GG,TT,AA,CC,CC,CC,CC,AA,GT,CC,AA,CC,CC,AA,TT,AA,AA,GG,CC,CC,GG,AA,AG,AA,CC,GG,CC,CC,AA,GG,GG,GT,AG,AC,TT,CC,GG,CC,TT,GT,TT,CC,AT,GT,CT,AT,TT,CG,CC,AG,CT,CC,CC,CG,AC,AA,GG,NN,CC,TT,CC,GG,TT,GG,TT,AA,AA,TT,CC,CG,AA,AC,CC,CG,GG,AA,CG,CT,AA,AA,CC,GG,AA,CC,AA,AT,GG,TT,AT,AA,GG,GG,AA,CC,TT,GG,AA,GG,AA,TT,AA,TT,CC,CT,AC,CC,TT,CG,AG,CG,AG,CC,TT,CC,TT,GG,TT,AC,AC,AG,GG,CC,CG,GG,CC,GG,TT,AA,CC,GT,GG,CC,CC,AT,GG,CC,AA,CC,AA,AA,AC,CC,AC,TT,AA,GG,NN,AA,AC,AA,AA,AA,GG,AA,TT,CG,AA,AG,AC,AA,CT,AG,AG,GG,GG,GG,TT,AA,AA,GT,TT,TT,AA,AT,GG,CG,AA,5.2,Susceptible,Medium,Premium,Early
L0726,Davangere,Karnataka,Rabi,Black Cotton,Irrigated,430,25.5,58,AA,CT,GG,AG,GG,CC,GG,TT,CC,CG,AA,CC,CG,AT,GG,GG,CG,TT,TT,GG,CC,TT,GG,CC,TT,CC,GT,TT,GG,NN,TT,CT,AA,CC,GG,GG,GG,CC,GG,AC,TT,CT,AA,GT,AA,NN,TT,TT,CC,AC,GG,AT,AA,GG,CT,TT,AA,AC,GT,AC,AA,GT,AT,AA,TT,AT,CC,GG,TT,GG,GG,GG,CC,AA,AG,AA,AT,GG,TT,TT,GG,GG,GT,AC,AT,GG,AA,AA,CC,TT,CC,TT,CT,TT,TT,GG,TT,CC,GT,CC,CC,CG,AG,AA,TT,GT,CC,AA,AA,NN,CT,GG,TT,CC,TT,AA,AA,TT,CC,GG,GG,GG,CC,GT,CT,AA,CC,CC,CC,CC,AA,TT,CC,AA,CC,CC,AA,TT,AG,AA,CG,CC,CC,GG,AG,AA,AA,AC,GG,CC,CC,AA,AG,AG,TT,GG,AA,GT,CT,GG,AC,GT,TT,CC,CC,AT,GT,TT,AA,TT,GG,CC,AA,TT,CC,CC,GG,CC,AA,GG,AA,CC,TT,CG,GT,GG,GG,TT,GG,AA,TT,CC,GG,AC,AC,CC,GG,GG,AA,GG,CT,AA,AA,CC,GG,AA,CC,TT,AT,NN,TT,AT,AT,GG,GT,AA,GG,TT,GT,AA,GG,AA,TT,AA,TT,CC,TT,AC,CC,TT,GG,AA,CC,AG,AC,NN,CT,GT,GG,TT,AA,CC,AG,GG,CC,CG,GG,CC,GG,TT,AA,CC,TT,GG,CC,CG,AA,AG,CC,AA,CC,AA,AA,AC,CC,CC,TT,AA,CG,AA,AA,AA,AA,GG,AG,AA,AG,AT,GG,AA,AG,AC,AA,CT,AA,AA,GG,GG,GG,GT,AA,AA,TT,TT,AT,AA,AT,GG,GG,AA,6.03,Moderate,Medium,Poor,Late
L0727,Davangere,Karnataka,Rabi,Black Cotton,Irrigated,430,25.5,58,AA,TT,NN,AG,GG,CC,GT,TT,CC,CC,AA,CT,CG,TT,TT,GG,GG,TT,TT,AA,CC,TT,GG,CT,AT,CC,TT,TT,GT,AA,TT,CC,AA,CC,AG,CG,GG,CC,GG,CC,TT,TT,AA,TT,AA,GG,CT,TT,CC,AC,GG,NN,AA,NN,CC,GT,AA,AA,GG,AC,AA,TT,AT,AG,TT,NN,CT,GG,TT,GG,AA,GG,CC,AG,GG,AA,AA,GG,TT,TT,GG,GG,GG,CC,AA,GG,AA,AA,CC,GT,CC,TT,TT,TT,TT,GG,TT,CC,TT,CC,CC,CG,AG,AA,AA,TT,CC,AA,AA,AA,CT,GG,TT,CC,GT,AA,CC,TT,CC,AG,CG,GG,CT,GT,TT,AA,CC,CC,CC,CC,AA,TT,NN,AA,CC,CC,AA,TT,AA,AA,CG,CC,CC,GG,AA,AG,AA,AC,GG,CC,CC,AA,AA,GG,TT,GG,AA,TT,TT,AG,CC,GT,TT,TT,CC,AA,TT,TT,AA,TT,GG,CC,AG,CT,CC,CC,GG,CC,AA,AG,AG,CC,TT,CG,GT,TT,GG,TT,AA,AA,TT,AC,GG,AA,CC,CC,GG,GG,CC,GG,TT,AA,AA,CC,GG,AA,AA,AA,AT,GG,TT,TT,AA,CG,GG,AT,CC,AT,GT,AA,GG,AA,CT,AA,AT,CC,TT,CC,CC,TT,GG,AA,CC,AG,CC,AT,TT,TT,GG,AT,AA,AC,AG,GG,CG,GG,GG,CC,GG,TT,AA,CC,TT,GG,CG,CC,AA,AA,CC,AA,CC,AA,AA,AC,CC,CC,TT,AA,GG,AA,AA,AA,AA,AG,AG,AG,AA,TT,GG,AC,AG,AC,AA,CC,AA,AA,GG,GG,GG,TT,AA,AA,TT,TT,TT,AA,AA,GG,GG,AA,7.36,Susceptible,High,Premium,Late
L0728,Davangere,Karnataka,Rabi,Black Cotton,Irrigated,430,25.5,58,AC,TT,GG,AG,GG,CC,GT,TT,CC,CG,AA,TT,CC,TT,TT,GG,CG,TT,TT,AA,CC,GT,TT,CC,TT,CC,TT,NN,GG,AA,TT,CC,AA,NN,GG,GG,GG,CG,GG,CC,TT,TT,AA,GG,AA,GG,CT,AA,CC,AA,GG,AA,AG,GG,CC,TT,AA,AA,GT,NN,AG,TT,TT,AA,TT,TT,CC,GG,TT,TT,AA,GG,CC,AA,GG,AC,AT,AG,TT,TT,GG,GT,GG,CC,AT,GG,AA,AA,CC,GT,CC,TT,CC,TT,TT,AG,TT,AC,GT,CC,CT,GG,AG,AG,TT,TT,CG,AA,AG,AA,CC,GG,TT,CG,TT,AA,AC,TT,CG,AG,CG,GG,CC,GG,CT,AG,CC,CG,AA,CG,AA,TT,CC,AA,CC,CC,AA,TT,AA,NN,GG,CC,CC,GG,AG,AG,AA,CC,GG,CC,CC,AA,AG,GG,GT,AG,AA,TT,TT,GG,CC,TT,TT,TT,CC,AA,GT,TT,AA,AT,GG,CC,AA,CC,CC,AC,GG,CC,AA,GG,AG,CC,TT,CC,GT,TT,CG,AT,AG,AA,TT,CC,GG,AC,CC,CC,GG,GG,AC,CG,TT,AA,AA,CC,GT,AA,CC,AA,TT,GG,TT,TT,AT,NN,GG,TT,CG,TT,TT,AA,GG,AA,TT,AA,TT,CC,TT,AC,AC,TT,CG,AA,CC,GG,CC,TT,TT,GT,GG,TT,AA,CC,AA,GG,CC,CC,GG,CC,GG,TT,AA,CC,TT,GG,CG,CC,AA,GG,CC,AT,CC,AA,AA,AA,CG,AC,TT,AA,CG,AA,AA,AA,AA,AG,AG,AA,AG,TT,GG,AC,AA,CC,AA,CC,AG,AA,CG,AG,GG,TT,AA,AG,TT,TT,TT,AA,TT,GG,CG,AA,6.39,Moderate,Low,Premium,Medium
L0729,Davangere,Karnataka,Rabi,Black Cotton,Irrigated,430,25.5,58,AA,TT,GG,AA,GG,CC,TT,TT,CC,CC,AA,CC,GG,TT,TT,GG,GG,TT,TT,AG,CC,TT,GT,CC,TT,CC,TT,TT,GG,AA,TT,CT,AA,CC,AG,CC,GG,CG,GG,CC,TT,TT,AC,TT,AA,GG,TT,TT,CC,AC,GG,AT,AG,GG,CC,GT,AT,AA,GT,AA,AA,TT,AT,AA,TT,TT,CC,GG,TT,GG,AA,GG,CC,AA,AG,AC,TT,AG,GT,TT,GG,GT,GG,CC,AA,GG,AA,AA,CG,TT,CC,TT,CT,TT,TT,AG,CT,CC,GT,CC,CC,CG,AG,AA,AT,TT,CC,AA,GG,NN,CT,GG,TT,CC,TT,AA,AC,TT,NN,AG,CC,AG,CC,GT,CC,AA,CC,CC,CC,CC,AG,TT,CC,AA,CC,CT,AA,TT,AA,AA,GG,CC,CC,GG,AA,AA,TT,CC,GG,CC,CC,AA,AA,AG,GG,AG,AC,TT,CT,GG,AC,TT,TT,TT,CC,AA,TT,TT,AA,AT,CG,CC,AG,CC,CC,CC,CG,CC,AA,GG,AG,CC,GT,CC,GT,TT,GG,AT,AA,AG,TT,AC,GG,AA,CC,CG,GG,GG,AC,GG,TT,AA,AA,CC,GG,AA,AC,AA,TT,GT,TT,AT,NN,CG,GT,AT,CC,AT,GT,AA,GG,AA,CT,AC,TT,CG,CT,AC,CC,TT,GG,AA,CC,AG,CC,TT,TT,TT,GG,TT,AA,CC,AG,GG,CC,CG,GG,CC,GG,TT,AA,CC,GT,GG,CC,CG,AA,AG,CC,TT,CG,AT,AA,AC,CG,AC,TT,AA,GG,AA,AA,AC,AA,AG,AG,AA,AA,TT,CG,AA,AG,AA,AA,CT,AA,AA,CG,GG,CG,TT,AA,AA,GT,TT,TT,GG,AT,GG,CG,AA,8.81,Susceptible,Low,Standard,Early
L0730,Davangere,Karnataka,Rabi,Black Cotton,Irrigated,430,25.5,58,CC,TT,GG,GG,GG,CC,GG,TT,CC,CC,AA,CC,CC,TT,TT,GT,CG,TT,TT,AA,CC,GG,TT,CC,TT,CC,TT,AT,GG,AA,TT,CC,AA,CC,GG,GG,GG,CC,GG,CC,TT,CC,AA,NN,AA,AG,TT,AT,CC,AC,GT,AT,AG,GG,CT,TT,AA,AA,GG,AA,NN,TT,AT,AG,TT,NN,CC,GG,TT,GT,AA,GG,CC,AA,AG,AA,AT,GG,TT,TT,AG,GG,GT,CC,AA,GG,AG,AA,CC,TT,CC,TT,CT,TT,GT,GG,CT,CC,GT,CC,CT,CG,AG,AA,TT,TT,CC,NN,AG,AA,CC,GG,TT,CG,TT,AA,AA,TT,CC,AG,CC,AA,CC,GT,CT,AA,CC,CC,CC,CC,AA,TT,CC,AA,CC,CC,AA,AT,AA,AA,GG,CT,CC,GG,AA,AG,AA,AA,GT,CC,CC,AA,AG,GG,GT,GG,AA,TT,TT,GG,CC,GG,GT,TT,CC,AA,TT,TT,NN,AT,CG,CC,AA,CC,CC,CC,CC,CC,AA,GG,AA,CC,TT,GG,GG,TT,GG,AA,AA,AA,NN,CC,GG,AA,CC,CC,GG,GG,AC,CC,TT,AC,AA,CC,GG,TT,CC,AT,AT,GT,TT,AT,AT,CG,GT,AT,CC,TT,TT,NN,GG,AG,CT,AA,TT,CC,TT,AA,CC,TT,CG,AA,CC,AG,CC,TT,TT,TT,GG,TT,AC,AC,AA,NN,CC,CC,GG,CC,GG,AT,AA,CC,TT,GG,CC,CG,AA,GG,CC,AA,CG,AT,AA,CC,CG,AC,TT,AA,GG,AA,AA,CC,AA,AG,AA,AG,AA,TT,GG,AA,NN,CC,AA,CT,AA,AA,GG,GG,GG,TT,AT,AA,TT,TT,TT,AA,AA,GG,GG,AA,7.99,Susceptible,Low,Premium,Late
L0731,Davangere,Karnataka,Rabi,Black Cotton,Irrigated,430,25.5,58,AC,TT,GG,AG,GG,CC,GG,AT,CC,CG,AA,CC,CC,TT,TT,GT,GG,TT,TT,AA,CG,TT,GT,CC,TT,CC,TT,TT,GG,AA,TT,CT,AA,CC,GG,GG,GG,CG,GG,AC,TT,TT,NN,TT,AA,AG,TT,TT,CC,AC,GG,AA,AA,GG,CC,NN,TT,AC,GT,AA,AA,GT,AT,AA,TT,TT,CC,GG,TT,GT,AA,GG,CC,AA,NN,AC,AA,GG,TT,TT,GG,GT,GG,CC,AT,NN,AA,AA,CG,TT,AC,TT,CT,TT,GT,GG,TT,CC,GT,CT,CT,CC,AA,AA,TT,TT,CC,AA,GG,AC,CT,GG,TT,CC,TT,AA,AA,TT,CC,GG,CC,AG,CC,GG,TT,AA,CC,CG,CC,CC,AA,TT,CC,AA,CC,CC,AA,AA,AA,AA,GG,CC,CC,GG,AA,NN,AA,CC,GG,CC,CC,GG,AG,GG,TT,GG,AA,TT,TT,AA,AC,TT,TT,TT,CC,AT,TT,TT,AA,TT,GG,CC,NN,CC,CC,CC,GG,CC,AA,GG,AG,CC,TT,CC,GG,GT,GG,AT,AG,NN,TT,CC,GG,AA,CC,CC,GG,GG,AC,GG,NN,AC,AG,CC,GG,AA,CC,AA,AT,GT,GT,AT,TT,GG,GG,AA,CC,TT,TT,AA,GG,AA,TT,AA,NN,CC,CT,AC,CC,TT,GG,AA,CC,AA,CC,TT,CT,GT,GG,TT,AC,CC,AG,GT,CG,CC,GG,CG,GG,AT,AG,CC,NN,GG,CC,CG,AA,AG,CC,AT,CC,AT,AA,CC,CC,AA,TT,AA,GG,AA,AA,AC,AA,GG,AG,NN,AA,TT,GG,NN,AA,AC,AA,TT,AA,AA,GG,GG,GG,TT,AT,AA,GT,TT,TT,AG,TT,GG,NN,AC,8.4,Resistant,Low,Poor,Early
L0732,Davangere,Karnataka,Rabi,Black Cotton,Irrigated,430,25.5,58,AA,TT,GG,GG,GG,CG,GT,TT,CC,CG,AA,TT,CC,AT,TT,GG,CC,TT,TT,AA,CC,TT,TT,CC,TT,CC,TT,TT,GT,AA,TT,CC,AA,CC,GG,GG,GG,CG,GT,CC,TT,CT,AA,TT,AG,AA,TT,TT,CC,AC,GT,AA,AG,GG,CC,GT,AA,AC,GT,AA,AG,TT,TT,AA,TT,AT,CC,GG,CT,GG,AG,GG,CC,AA,AG,AC,TT,GG,TT,TT,GG,GG,GG,CC,AA,GG,AA,AA,CC,GT,CC,TT,CT,AT,GT,NN,TT,CC,TT,CT,CC,GG,AG,AA,AT,GT,CC,AA,AG,AA,CC,NN,TT,CC,TT,AA,AA,TT,CC,GG,CC,AG,CC,GT,TT,AA,CC,CC,CC,NN,AA,TT,CC,AA,CC,CC,AA,TT,AA,AA,GG,CC,CC,GG,AG,AG,AA,CC,GT,CC,CC,AA,AA,GG,TT,GG,CC,GT,CC,GG,CC,TT,TT,CT,CC,AT,GT,TT,AA,TT,CG,CC,AA,CC,AC,CC,CG,AC,AA,GG,AG,CC,TT,CC,NN,TT,CG,TT,AA,AG,TT,CC,NN,AA,CC,CC,GG,GG,AA,GG,TT,AA,AA,CC,GG,AT,CC,AA,AA,GT,TT,TT,AT,CG,GT,AT,CC,AT,TT,AA,GG,AA,CT,AA,TT,CC,CT,AC,CC,TT,CC,AA,CC,GG,CC,TT,TT,TT,GG,TT,AC,AA,AA,GG,CC,CG,GG,CC,GG,TT,AA,CC,GG,GG,CC,CC,AA,GG,CC,AA,CC,AT,AA,CC,CG,CC,TT,AA,GG,AA,AA,AC,AA,AA,AG,AA,AA,AT,CG,AA,AA,CC,AC,TT,AA,AG,GG,GG,GG,TT,AA,AA,TT,TT,TT,AG,TT,GG,GG,AA,10.67,Susceptible,Low,Poor,Late
L0733,Davangere,Karnataka,Rabi,Black Cotton,Irrigated,430,25.5,58,AC,CT,GG,AG,GG,CC,GG,TT,CC,CC,AT,CC,CC,AT,TT,GG,CC,TT,TT,AG,CG,TT,GT,CC,TT,CC,GT,AT,GG,AA,TT,CT,AA,CC,GG,CG,GG,NN,GG,CC,TT,CT,AA,TT,AA,GG,TT,AT,CC,AA,GG,AT,AA,GG,CT,GT,AA,AA,TT,AA,AG,TT,AT,AA,TT,AT,CC,GG,TT,NN,AA,GG,CC,AA,AG,AA,TT,AG,TT,TT,AG,GG,GG,CC,AA,AG,AA,AA,CC,GG,AC,TT,TT,TT,TT,GG,CT,CC,TT,CC,CC,CC,AG,AA,AT,TT,CC,AG,AG,AA,CC,GT,TT,CC,GT,AA,AA,TT,CG,GG,CG,GG,CC,GG,CT,AA,CT,CC,CC,CC,AA,GT,CC,AA,CC,CT,AA,TT,AA,AT,GG,CC,CC,GG,AG,AG,AA,NN,GG,CC,CC,AA,AG,GG,TT,AG,AC,GT,CT,GG,AC,GT,TT,TT,CC,AA,TT,TT,AA,AT,GG,CC,AG,CC,CC,CC,GG,AC,AA,GG,AA,NN,TT,CC,GT,GT,CG,TT,AA,AA,TT,CC,GG,AA,CC,CC,GG,GG,AA,GG,TT,AA,AA,CG,GG,AT,CC,AA,AT,GG,TT,TT,AA,CG,GT,AA,CG,TT,GG,AA,GG,AA,TT,AA,TT,CC,TT,AA,CC,TT,CC,GG,CC,AA,CC,TT,TT,TT,GG,TT,AA,AA,GG,GG,CC,CC,GG,CC,GG,TT,AG,CC,GT,NN,CC,CG,AA,GG,CC,AT,CC,AA,AA,AC,CC,AC,TT,AA,GG,AA,AA,AA,AC,AG,AA,AA,AA,TT,CC,NN,AG,AC,AC,CT,AA,AA,GG,GG,GG,NN,AT,AA,TT,AT,TT,AG,TT,GG,GG,AA,7.11,Susceptible,Low,Poor,Medium
L0734,Davangere,Karnataka,Rabi,Black Cotton,Irrigated,430,25.5,58,AC,CT,GG,GG,GG,CC,TT,AT,CC,CC,TT,CC,CC,TT,TT,GG,GG,TT,TT,AG,NN,TT,GG,CC,TT,CC,TT,AT,GT,AA,TT,CC,AA,CC,GG,CG,GG,CG,GG,CC,TT,CC,AA,TT,AA,GG,TT,TT,CC,AC,GG,AT,AA,GG,CC,GT,AA,AA,GG,AA,AA,TT,AT,AG,TT,TT,CC,GG,TT,GG,NN,GT,NN,AA,AG,AA,AT,GG,TT,TT,AG,GG,GG,CC,AA,GG,AG,AA,CC,TT,CC,TT,CT,TT,NN,GG,TT,CC,GT,CC,CT,CC,AG,AA,TT,TT,CC,AA,AG,AA,TT,GG,TT,CC,TT,AA,CC,TT,CC,AG,CC,GG,CC,TT,TT,AA,CC,CC,CC,CC,AA,TT,CC,AA,CC,CC,AA,TT,AA,AA,GG,CC,CC,GG,AA,AG,AA,AC,GG,CG,CC,AA,AG,GG,TT,GG,AA,NN,NN,GG,AC,TT,GT,TT,CC,AA,TT,CT,AT,AT,CG,CC,AA,CC,CC,CC,CG,CC,AA,GG,GG,CC,TT,CC,GG,TT,CG,TT,AA,AA,TT,CC,GG,AA,AC,CG,CG,GG,AC,GG,TT,AC,AA,CC,GG,AA,CC,AA,AT,GG,TT,TT,AA,CG,GG,AT,CC,AT,TT,AA,GG,AA,TT,AA,TT,CC,TT,AC,AC,TT,CG,AA,CC,GG,AC,TT,CC,GT,GG,AT,AC,AC,AA,GG,CC,CG,GG,CC,GG,TT,AA,CG,TT,GG,CC,CC,AA,AG,CC,AT,CC,AT,AA,AC,CC,CC,AT,AA,GG,AA,AA,AA,AC,AA,GG,AG,AA,TT,GG,AA,AA,AA,AA,TT,AA,AA,CG,GG,GG,TT,AA,AA,TT,TT,TT,AG,AT,GG,GG,AA,6.75,Susceptible,Low,Premium,Medium
L0735,Davangere,Karnataka,Rabi,Black Cotton,Irrigated,430,25.5,58,AC,CT,GG,AG,GG,CG,GG,AT,CC,GG,AA,TT,CG,AT,TT,GG,GG,AT,TT,AA,CG,TT,GT,CC,TT,CC,TT,TT,GG,AA,CT,CC,AA,AC,GG,GG,GG,CC,GG,CC,TT,CT,AA,TT,AA,GG,TT,TT,CC,AC,GG,AA,AA,NN,CT,TT,AA,AC,GT,AA,AA,TT,AT,GG,CT,TT,CC,GG,TT,GG,NN,GG,AC,AA,AG,AC,AT,GG,TT,CT,GG,GG,GG,CC,AA,GG,AA,AA,CC,GT,AC,TT,CC,TT,GT,GG,TT,CC,TT,CC,CC,CG,GG,AA,TT,GT,CG,AG,AA,AA,CC,GG,TT,CC,TT,AA,AA,TT,CC,GG,CC,GG,CC,GT,TT,NN,CC,CC,CC,CC,AA,TT,AC,AA,CC,CT,AA,TT,AA,AA,GG,CC,CC,GG,AA,AG,AA,CC,GG,CC,CC,AA,AG,GG,TT,GG,AA,TT,TT,AG,AA,TT,GT,TT,CC,AA,GG,TT,AA,TT,GG,CC,AA,CT,CC,CC,CG,CC,AA,GG,AG,CC,TT,CC,NN,TT,GG,NN,AA,AA,TT,CC,GG,AC,CC,CC,GG,AG,AA,GG,TT,AA,AA,CC,GT,AT,AC,AT,AT,NN,TT,AA,AT,GG,GG,AT,CC,TT,TT,AA,GG,AA,CT,AC,TT,CC,TT,AC,CC,CT,GG,GG,CC,AG,CC,TT,CT,GG,GG,TT,AC,AA,AG,GG,CC,CC,GG,CC,GG,AT,AA,CC,TT,GG,CC,CC,TT,AA,CC,AT,CC,AA,AA,CC,CC,AC,TT,AA,GG,AA,AC,AC,AA,GG,AA,AA,AA,TT,GG,AA,AA,AC,AA,NN,AA,AA,GG,GG,GG,GT,AA,AA,GG,TT,TT,AG,TT,GG,GG,AA,6.52,Moderate,Medium,Premium,Medium
L0736,Davangere,Karnataka,Rabi,Black Cotton,Irrigated,430,25.5,58,AC,TT,GG,AA,GG,CC,GG,TT,CC,CC,AA,CT,CC,AT,GT,GG,CG,TT,TT,AG,CC,GT,GT,CC,TT,CC,TT,TT,GG,AA,TT,CC,AA,CC,NN,CG,GG,CC,GG,CC,TT,TT,AA,TT,AA,AG,TT,TT,CC,AC,GG,AA,AA,GG,CC,TT,AA,AC,TT,AA,AG,TT,AT,AA,TT,AT,CC,GG,TT,GG,AG,GT,AC,AA,GG,AC,AA,GG,TT,TT,GG,NN,GG,CC,AA,GG,AA,AA,CC,TT,AC,TT,CC,TT,GT,GG,TT,CC,TT,CC,CC,CC,NN,NN,TT,TT,CG,AA,AG,AA,CT,GG,GT,CC,TT,AC,AA,TT,CG,AG,CC,GG,CC,GG,CT,AA,CT,CC,AC,CC,AA,TT,CC,AA,CC,CC,AA,AT,AG,AA,GG,CC,CC,GG,AG,AA,AA,AC,GT,CC,CG,AA,AG,GG,GT,GG,AA,GT,CT,GG,AC,GT,TT,CT,CG,AA,TT,TT,AA,TT,CG,CC,AG,CT,CC,CC,GG,CC,AA,GG,AG,CC,TT,CC,GG,TT,GG,TT,AA,AG,TT,CC,GG,AA,AC,CC,GG,AG,AC,CG,TT,AA,AA,CG,GT,AT,AC,AA,AA,GG,TT,TT,AT,GG,GT,TT,CC,AT,TT,AA,AG,AA,TT,AC,TT,CC,TT,AC,CC,TT,GG,AG,NN,GG,CC,TT,CT,GT,GG,TT,AA,AA,AG,GG,CC,CC,GG,CC,GG,TT,AG,CG,GT,GG,CC,CC,TT,GG,CC,AA,CC,AT,AA,CC,CC,CC,AT,AA,CG,AA,AA,AC,AA,NN,AG,AA,AA,AT,GG,AA,AG,AA,AA,TT,AA,AA,GG,GG,GG,TT,AA,AA,TT,TT,TT,AA,TT,GG,CG,AA,6.15,Moderate,Low,Poor,Medium
L0737,Davangere,Karnataka,Rabi,Black Cotton,Irrigated,430,25.5,58,AC,TT,AG,AG,GG,CC,GG,TT,CC,CC,AT,CC,CG,AT,TT,GG,CG,TT,TT,AG,NN,TT,TT,CC,NN,CC,NN,TT,GG,AA,TT,CC,AA,CC,AG,GG,GT,CC,GG,CC,TT,TT,AC,GG,AA,GG,CT,TT,CC,AC,GG,AT,GG,GG,CT,GT,AA,AA,GG,AC,AA,TT,TT,AA,TT,TT,CC,GG,TT,GG,AG,GG,CC,AA,GG,AC,AA,GG,GT,TT,GG,GG,GG,CC,AA,NN,AA,AT,CC,GT,CC,TT,CC,TT,TT,GG,TT,AC,GT,CC,CT,NN,GG,AA,TT,TT,CC,AA,AA,AA,CC,GG,GT,CC,TT,AC,AA,TT,CC,GG,CC,GG,CC,GT,TT,AG,CC,CC,CC,CC,AA,TT,CC,AA,CC,CC,AA,TT,AA,AT,GG,CC,CC,GG,AG,AA,AA,CC,GG,CC,CC,AA,GG,AG,GT,GG,NN,GT,CT,AG,AC,TT,TT,TT,CG,AA,TT,CT,AT,AT,GG,CC,GG,CC,CC,CC,GG,CC,AA,GG,AG,CC,TT,CC,GT,GT,GG,TT,AA,AA,GT,AA,CG,AC,CC,CC,GG,GG,AA,GG,TT,AA,AA,CC,TT,AA,AC,AA,AA,GG,TT,TT,AT,GG,GT,AA,CC,TT,TT,AA,GG,AA,TT,AA,AT,CC,CT,AA,AC,TT,CG,AA,CG,AA,CC,TT,TT,TT,GG,AT,AC,CC,AA,GG,CC,CC,GG,CC,GG,AA,AG,CC,TT,GG,CC,CC,AA,GG,CC,AA,CC,AA,AA,AC,NN,CC,AT,AA,GG,AA,AA,AC,AA,AG,AG,AA,AA,TT,GG,AC,AG,CC,AA,CT,AG,AA,GG,GG,GG,TT,AA,AA,GT,TT,TT,AA,AT,CG,CG,AA,7.46,Moderate,Low,Standard,Medium
L0738,Davangere,Karnataka,Rabi,Black Cotton,Irrigated,430,25.5,58,AC,CC,AG,AG,GG,CC,GT,TT,CC,CG,AA,CC,CG,AT,GT,GG,GG,TT,TT,AA,CG,GT,TT,NN,TT,CC,TT,AT,GG,AC,TT,CC,AA,CC,GG,GG,GG,CC,GG,CC,TT,TT,AA,GT,AA,GG,TT,TT,CC,CC,GG,AA,AA,GG,CC,GT,AA,AC,GT,AA,AA,TT,AT,AA,TT,TT,CC,GG,TT,GT,AA,GG,CC,AA,GG,NN,AA,GG,TT,TT,GG,GG,GG,CC,AA,GG,AA,AA,CC,GT,CC,TT,CT,TT,TT,GG,CT,CC,GT,CC,CC,CG,GG,AA,AT,TT,CC,AA,AG,AA,CC,GG,TT,CC,GG,AA,AA,TT,CC,GG,CG,GG,CC,GG,TT,AA,CT,CC,CC,CC,AA,TT,CC,AA,CC,CC,AA,TT,AA,AT,GG,CC,CC,GG,AA,AA,AA,CC,GG,CC,CC,AA,AG,GG,TT,GG,AA,TT,CT,GG,AC,GT,NN,CT,CC,AA,GT,TT,AT,AT,GG,CC,AA,CC,CC,CC,GG,CC,AA,GG,AG,CC,TT,CC,GG,GT,GG,AA,AA,NN,TT,CC,GG,AC,AC,CC,GG,GG,CC,CG,TT,AC,AA,CG,GG,AT,CC,AA,AA,GT,TT,TT,AA,GG,GT,AT,CG,TT,GT,AA,GG,AA,TT,AA,TT,CC,TT,AC,CC,CT,GG,AG,CC,GG,CC,TT,TT,TT,GG,TT,AA,AC,AG,GG,CC,CG,GG,CG,GG,AT,AA,CG,TT,GG,CC,CG,AT,GG,CG,AA,CG,AA,AG,AC,CG,AA,TT,AA,GG,AA,AA,CC,AC,GG,AG,AG,AA,AT,GG,AA,AG,AC,AC,TT,AG,AA,CG,GG,GG,TT,AT,AA,TT,TT,TT,AG,TT,GG,GG,AA,5.84,Susceptible,Medium,Standard,Medium
L0739,Davangere,Karnataka,Rabi,Black Cotton,Irrigated,430,25.5,58,AA,TT,GG,AG,CG,CC,GT,TT,CC,CG,AT,CT,CG,AT,GT,GG,CG,TT,TT,AA,CC,TT,TT,CC,AT,CC,NN,TT,GG,AA,TT,CC,AA,CC,GG,GG,GG,CC,GG,CC,TT,CT,AA,GT,AA,AA,TT,TT,CC,AC,GG,AA,AG,GG,CC,TT,AA,AC,GT,AC,AA,GT,AT,AG,TT,AT,CC,GG,TT,GT,AA,GG,CC,AA,GG,AA,AT,GG,TT,TT,GG,GG,GG,CC,AA,GG,AA,AA,CC,GT,CC,TT,CC,AT,GG,GG,TT,CC,TT,CT,CT,CG,AG,AA,TT,TT,CC,AA,AG,AA,CC,GG,TT,CG,GT,AC,AC,TT,CC,GG,CG,GG,CC,GT,TT,AG,CT,CC,CC,CG,AG,TT,CC,AA,CC,CC,AA,TT,AA,AT,GG,CC,CC,GG,AA,AG,AA,CC,GG,CC,CG,AA,AA,GG,TT,AG,AA,TT,TT,GG,AC,TT,TT,TT,CG,AT,GT,TT,AA,AT,GG,CC,AG,CT,CC,CC,CG,CC,AA,GG,GG,CC,TT,CG,GT,GT,GG,TT,AA,AA,TT,AC,GG,AC,AC,CG,GG,GG,NN,GG,CT,CC,AA,CC,GG,AT,CC,AT,AA,GG,TT,TT,AA,CG,TT,AA,CC,AT,TT,AA,GG,AA,TT,AA,TT,CC,TT,AA,CC,TT,GG,NN,CC,AA,AC,TT,TT,TT,GG,TT,AC,AC,AA,GG,CC,CC,GG,CC,GG,AT,AA,CG,GT,GG,CC,CC,AT,GG,CC,AT,CG,AA,AA,AA,CG,CC,TT,AG,GG,AA,AA,CC,AA,AG,AA,AG,AA,AA,GG,AA,AG,AC,AA,CT,AA,AA,GG,GG,GG,TT,AA,AG,GT,TT,TT,AA,TT,GG,GG,AA,6.73,Susceptible,High,Poor,Late
L0740,Davangere,Karnataka,Rabi,Black Cotton,Irrigated,430,25.5,58,AC,TT,GG,AG,GG,CC,GT,AT,CC,CG,AA,CT,CC,TT,TT,GG,CG,TT,TT,AA,CC,GT,TT,CT,AT,CC,TT,TT,GG,AA,TT,CC,AA,CC,AG,GG,GG,CC,GG,AC,TT,TT,AA,TT,AG,GG,TT,TT,CG,AA,GT,AT,AA,GG,CC,TT,AA,AA,GG,NN,AG,TT,AT,AA,TT,TT,CC,GG,TT,GG,AG,GG,CC,AA,GG,AC,AT,AG,TT,TT,GG,GT,GG,CC,AT,AG,AA,AA,CC,TT,AA,TT,CT,AT,GT,GG,TT,CC,NN,CC,CC,CG,AG,AA,TT,GT,CG,AA,AG,AC,CC,GG,TT,CC,TT,AC,AC,TT,CC,GG,CC,GG,CC,GG,CT,AA,CT,CC,CC,CC,AA,TT,CC,AA,CC,CC,AA,TT,AA,AT,GG,CC,CC,GG,AA,AG,AA,CC,GG,CC,CG,AA,AA,GG,GT,AG,AA,GT,TT,GG,AC,GG,TT,CT,CC,AT,GT,TT,AA,TT,GG,CC,AA,CT,CC,CC,GG,AC,AA,AG,AA,CC,TT,CC,TT,GT,GG,AT,AA,AA,TT,CC,GG,AA,AC,CG,GG,GG,NN,GG,TT,AA,AA,CC,GT,AA,CC,AA,AT,GG,TT,TT,AT,GG,GT,AA,CC,AT,TT,AA,GG,AA,CT,AA,TT,CC,CT,AA,CC,CC,CG,AG,CC,AG,CC,TT,TT,TT,GG,TT,AA,AC,AA,GG,CC,CC,GG,CC,GG,AT,AA,CC,TT,GG,CC,CC,AA,GG,CC,TT,CG,AA,NN,AC,CG,CC,TT,AA,GG,AA,AA,AC,AA,GG,GG,AG,AA,TT,GG,AA,AA,AC,AA,TT,AA,AG,CG,GG,CG,TT,AA,AA,GT,TT,TT,AA,TT,GG,GG,AA,6.52,Resistant,Low,Standard,Medium
L0741,Davangere,Karnataka,Rabi,Black Cotton,Irrigated,430,25.5,58,CC,TT,GG,AA,GG,CC,GT,TT,CG,CG,AA,CC,CG,TT,TT,GT,CG,TT,TT,AG,CC,TT,GG,CT,TT,CC,TT,AA,GG,AA,CT,CC,AA,CC,GG,GG,GG,CC,GT,CC,TT,TT,AC,TT,AA,GG,TT,TT,CC,AA,GG,AA,AG,GG,CT,TT,AA,AC,TT,AC,AA,TT,TT,GG,TT,TT,CC,GG,TT,GG,AA,GG,CC,AA,GG,AC,TT,GG,GT,TT,GG,GG,GG,CC,AT,AG,AA,AA,CC,TT,CC,TT,CT,TT,TT,GG,CT,CC,TT,CC,CT,CC,GG,AA,TT,TT,CC,AA,GG,AA,CC,GT,TT,CC,GT,NN,NN,TT,CC,AG,CG,GG,CC,GT,CT,AG,CC,CC,CC,CC,AA,TT,CC,AA,CC,CT,AA,TT,AA,AA,GG,CC,CC,AG,AG,AG,AT,CC,GG,CG,CC,AG,AA,GG,TT,GG,AC,GT,CC,GG,CC,TT,GT,TT,CC,AA,GT,TT,AA,NN,GG,CC,AG,CC,CC,AC,GG,CC,AA,GG,AG,CC,TT,CC,GG,TT,GG,AA,AA,AA,TT,CC,GG,AA,CC,CC,GG,AG,AA,GG,TT,AA,AA,CC,GG,AT,CC,AA,AT,GG,TT,TT,AA,GG,GT,AT,CC,TT,GT,AA,GG,AA,TT,AC,TT,CC,TT,CC,CC,NN,GG,AA,CG,AG,AC,TT,CT,GG,GG,AT,AA,CC,AA,GG,CC,CG,GG,CC,GG,TT,AA,CG,TT,GG,CC,CC,AA,AG,CC,AT,CG,AT,AA,CC,CC,CC,AT,AA,GG,AA,CC,AA,AA,AG,AG,AA,AA,AT,CG,NN,AA,AC,AA,CC,AG,AA,GG,GG,GG,TT,AA,AA,TT,TT,TT,AA,TT,GG,GG,AA,9.17,Moderate,Low,Premium,Medium
L0742,Davangere,Karnataka,Rabi,Black Cotton,Irrigated,430,25.5,58,AC,TT,AG,AG,GG,CC,GG,TT,CC,CC,AA,CC,CC,TT,TT,GG,GG,TT,TT,AA,CC,TT,GT,CC,TT,CC,GG,TT,GT,AA,TT,CT,AA,CC,GG,GG,GG,CC,GG,CC,TT,TT,AA,TT,AA,GG,CT,TT,CC,AA,TT,AT,AG,GG,CC,TT,AA,NN,GT,AA,AA,TT,AT,AA,TT,AA,CC,GG,TT,GT,AA,GG,CC,AA,AG,AA,AT,AG,NN,TT,GG,GT,GG,AC,AA,GG,AG,AT,CG,TT,CC,TT,NN,TT,TT,GG,TT,CC,GT,CC,CC,CG,GG,AA,TT,TT,CG,AA,AG,AA,CC,GG,TT,CC,GT,AC,AC,TT,CC,AG,CC,AG,CC,GG,TT,AA,CT,CC,CC,CC,AA,TT,CC,AA,CC,CC,AA,TT,AA,AA,GG,CT,CC,GG,AA,AA,AA,CC,GG,CC,CC,AA,AA,GG,TT,GG,CC,TT,TT,AG,CC,GT,TT,TT,CC,AA,TT,TT,AA,NN,CG,CG,AA,CT,CC,CC,CG,CC,AA,GG,AA,CC,TT,CC,GT,TT,GG,AT,AA,AA,TT,CC,GG,AA,CC,CC,GG,GG,AA,GG,TT,AA,AA,CC,GG,AT,CC,AT,AA,GG,TT,TT,AA,CG,GG,AA,CC,TT,GT,AA,GG,AA,CT,AA,TT,CC,CT,CC,CC,CT,CG,AG,CC,AG,AC,TT,TT,TT,GG,TT,AA,AA,GG,GT,CC,CC,GG,CC,GG,AA,AA,CC,TT,GG,CC,CG,AA,GG,CC,AT,CC,AA,AA,AC,CC,CC,TT,AA,NN,AA,AA,AA,AA,AG,AG,AA,AA,TT,GG,AC,AG,CC,AA,CT,AA,AG,GG,GG,GG,GT,AA,AA,NN,TT,TT,AA,TT,GG,GG,AA,4.62,Susceptible,High,Premium,Medium
L0743,Davangere,Karnataka,Rabi,Black Cotton,Irrigated,430,25.5,58,AC,TT,GG,AA,GG,CC,GT,AT,CC,CC,AA,CC,CG,TT,GT,GG,CG,TT,TT,AA,CC,TT,TT,CC,TT,CC,TT,TT,GG,AA,CT,CC,AA,CC,GG,GG,GG,CC,GG,CC,TT,CT,AA,TT,AA,GG,TT,AT,CC,AC,GG,AA,AA,GG,CC,TT,AA,AC,GT,AC,AA,TT,TT,AA,TT,AT,CT,GG,CT,GT,AA,GG,CC,AA,GG,AC,AT,GG,TT,NN,GG,GT,GG,CC,AA,GG,AA,AT,CC,TT,CC,TT,CT,TT,TT,AG,TT,CC,TT,CC,CC,CG,GG,AG,TT,GT,CC,AA,AA,AA,CT,GG,TT,CC,TT,AC,AA,TT,CC,GG,NN,GG,CC,GT,TT,AA,CC,CC,CC,CC,AA,TT,CC,AA,CC,CT,AA,TT,AG,AA,CG,CC,CC,GG,AA,AG,AA,AC,GG,CC,CC,AA,AA,GG,TT,GG,AC,GT,CT,GG,AC,TT,TT,TT,CC,AT,GT,TT,AA,TT,GG,CC,AG,CT,CC,CC,GG,CC,AA,GG,AA,CC,TT,CC,GG,GT,CG,AT,AA,AA,TT,CC,NN,AA,CC,GG,GG,GG,AC,GG,TT,AA,AG,CC,GG,AT,CC,AT,AT,GT,TT,TT,AA,GG,GT,AA,CC,TT,GT,AA,GG,AA,CT,AA,TT,CC,TT,AC,CC,TT,GG,AG,CG,AG,AC,TT,TT,GG,CG,TT,AC,NN,AA,GG,CC,CC,GG,CC,GG,AA,AA,CC,TT,GG,CC,CC,AA,AA,CC,AA,CC,AA,AA,AA,GG,AC,TT,AG,NN,AA,AC,AA,AA,AG,AA,AG,AA,TT,GG,AA,AA,AC,AC,TT,AA,AA,GG,GG,GG,TT,AA,AA,TT,TT,TT,AG,TT,GG,CC,AA,7.69,Susceptible,Medium,Standard,Late
L0744,Davangere,Karnataka,Rabi,Black Cotton,Irrigated,430,25.5,58,AC,TT,GG,GG,CG,CC,GT,TT,CC,CG,AA,CC,CC,AT,TT,GG,GG,TT,TT,AA,CC,TT,GT,CC,AT,CC,GT,AA,GG,AA,TT,CC,AA,AC,GG,GG,GG,CC,GG,CC,TT,TT,AC,NN,AA,GG,TT,TT,CC,AC,GG,AA,AA,GG,CC,GT,AA,AA,GT,AA,AG,GT,TT,AA,TT,AT,CC,GG,TT,GG,AA,GG,CC,AA,GG,AC,AT,GG,TT,TT,GG,GT,GT,CC,AA,GG,AG,AA,CC,GT,CC,GT,CC,TT,TT,GG,TT,NN,GT,CC,CC,CG,GG,AA,TT,TT,CC,AA,GG,AA,CT,GG,TT,CC,TT,AA,AA,AT,CC,AG,CC,AG,CT,GG,CT,AA,CC,CC,AC,CC,AA,TT,CC,AA,CC,CC,AA,TT,AA,AA,GG,CT,CC,GG,AA,AG,AA,AC,TT,CC,CC,AA,AA,GG,TT,GG,CC,GT,TT,GG,CC,GT,TT,TT,NN,AT,GT,CT,AT,TT,GG,CG,AA,CT,CC,CC,CC,CC,AA,AG,AA,CC,TT,CG,GG,GT,GG,TT,NN,AA,TT,CC,GG,AA,NN,CC,GG,GG,AA,GG,TT,AC,AA,CC,GG,NN,CC,AA,AA,GG,TT,AT,AT,GG,GT,AA,CG,NN,TT,AA,GG,AA,CT,AA,AT,CC,CT,AA,CC,TT,GG,AG,CC,AA,AC,TT,TT,GT,GG,TT,AA,CC,AG,GT,CC,CC,GG,CC,GG,AT,AA,CC,TT,GG,CC,CC,AA,AA,CC,AT,CC,AA,AA,AC,CC,AA,TT,AA,GG,AA,AC,AC,AC,GG,GG,AG,AA,TT,GG,AA,AA,CC,AC,TT,AG,AG,GG,GG,GG,TT,AA,AA,GT,TT,NN,AG,AT,GG,GG,AA,6.88,Susceptible,Low,Standard,Medium
L0745,Davangere,Karnataka,Rabi,Black Cotton,Irrigated,430,25.5,58,AC,TT,GG,AA,GG,CG,GG,TT,CC,CG,AA,CC,CG,TT,TT,GT,GG,TT,TT,AA,CC,TT,TT,CC,TT,CC,TT,TT,GT,AA,TT,CT,NN,CC,GG,GG,GG,CC,GG,CC,TT,TT,AA,TT,AA,GG,TT,TT,CC,NN,GT,AA,AG,GG,CC,TT,AA,AA,GT,AA,AA,GT,TT,AA,TT,TT,CC,GG,CT,GG,AG,GG,AC,AA,AG,AA,AA,GG,TT,CT,GG,GT,GG,CC,AT,GG,AA,AA,CG,GT,CC,GT,CC,TT,GT,GG,TT,CC,TT,CC,CC,CC,GG,AA,TT,GT,GG,AA,AA,AC,CC,GG,TT,NN,TT,AC,AC,TT,CC,GG,CC,GG,CC,GG,CC,AA,CC,CC,CC,CC,AA,TT,AC,AA,CC,CT,AA,TT,AA,AA,GG,CC,CC,GG,AA,AA,AA,CC,GT,CC,CC,AA,AG,GG,GT,GG,NN,NN,TT,GG,CC,GT,TT,TT,GG,AT,TT,TT,AA,AT,GG,CC,AA,TT,CC,CC,CG,CC,AA,GG,AA,CC,TT,CC,GG,TT,GG,AA,AA,AG,TT,CC,GG,AA,AC,CC,GG,GG,AA,GG,TT,AC,AG,CC,GG,AA,CC,AA,AT,GG,TT,AA,AT,GG,TT,AT,CC,TT,GT,AA,GG,AA,TT,AA,TT,CC,CT,AA,CC,TT,CG,AA,CC,AG,CC,TT,TT,TT,GG,AT,AA,CC,AG,GG,CC,CG,GG,CC,GG,AA,AA,CG,TT,GG,CC,CC,AT,GG,CC,AT,CC,AA,AA,CC,GG,AC,TT,AA,GG,AA,AC,AA,AA,AG,AG,AA,AA,TT,CG,AC,AA,CC,CC,CT,AA,AA,CG,GG,GG,TT,AT,AA,GT,TT,TT,AA,AT,GG,GG,AA,6.16,Resistant,Medium,Standard,Early
L0746,Davangere,Karnataka,Rabi,Black Cotton,Irrigated,430,25.5,58,CC,TT,GG,AA,GG,CG,GT,TT,CC,CC,AT,CT,CC,TT,TT,GG,CC,TT,TT,AA,CC,TT,TT,CC,TT,CC,TT,TT,GG,AA,CT,CC,AA,CC,GG,GG,GG,CG,GT,CC,TT,TT,AA,TT,AA,GG,TT,NN,CC,AC,GG,AA,AA,GG,CC,TT,AA,AA,GG,AA,AA,TT,AT,AA,TT,TT,TT,GG,CT,GG,AA,GT,CC,AA,GG,AC,AT,GG,TT,TT,AG,GG,GG,CC,AT,GG,AA,AA,CC,GT,CC,TT,CT,TT,TT,GG,TT,CC,GT,CC,CC,CC,AG,AA,TT,TT,CC,AA,AG,AA,CT,GG,TT,CC,TT,AA,AA,AT,CG,GG,CC,GG,CC,GG,CT,AA,CT,CC,CC,CC,AA,TT,CC,AA,CC,CC,AA,TT,AA,AA,GG,CC,CC,GG,AA,AA,TT,AC,GG,CC,CC,AA,AA,AG,GT,GG,CC,TT,TT,GG,CC,GT,TT,TT,CC,AT,GT,TT,AA,AA,CG,CC,GG,CC,CC,CC,CG,CC,AA,GG,AA,CC,TT,CC,GG,TT,GG,TT,AA,AA,TT,CC,GG,NN,CC,CC,GG,GG,CC,GG,TT,AA,AG,CC,GG,AT,AC,AA,AA,GT,TT,TT,TT,CG,GT,AA,CC,AT,TT,AA,GG,AA,TT,AA,TT,CG,TT,AC,CC,TT,NN,GG,CG,AG,AC,TT,CT,TT,GG,TT,AA,AC,AA,GG,CC,CG,GG,CC,GT,TT,AA,CC,TT,GG,CG,CC,NN,GG,NN,AA,CC,AA,AG,CC,CG,AA,TT,AA,GG,AA,AA,AC,AA,GG,AG,AA,AA,AT,GG,AA,AA,AC,AA,TT,AA,AA,GG,GG,GG,TT,AA,AA,GT,TT,TT,AG,TT,GG,GG,AC,7.23,Resistant,Low,Standard,Medium
L0747,Davangere,Karnataka,Rabi,Black Cotton,Irrigated,430,25.5,58,AA,TT,GG,AG,CG,CC,GG,AT,CC,CC,AA,CC,CG,AT,GT,GG,GG,TT,TT,AA,CG,TT,TT,CC,TT,CC,TT,TT,GG,AC,TT,CT,AG,CC,GG,GG,GG,CG,GG,CC,TT,CT,AA,TT,AA,GG,TT,AA,CC,AA,GG,AA,AA,GG,CC,TT,AA,AA,TT,AC,AG,TT,TT,AA,TT,TT,CC,GG,TT,GG,AA,GT,AC,AA,GG,AA,AA,GG,TT,TT,GG,GG,GG,CC,AA,GG,AA,AT,CC,TT,AC,TT,CC,TT,TT,GG,TT,CC,GT,CC,CC,CC,GG,AA,TT,TT,CG,NN,AA,AC,CC,GG,TT,CC,TT,AA,AC,TT,NN,GG,CC,AG,TT,GT,CT,AA,CC,CC,AC,CC,AA,TT,CC,AA,CC,CC,AA,AT,AG,AA,GG,CT,CC,GG,AG,AA,AA,CC,NN,CC,CC,AA,AA,GG,TT,GG,AA,GT,TT,GG,AC,GT,GG,TT,CG,AA,GT,TT,AT,AT,CC,CC,AA,CT,AC,CC,CG,CC,AA,AG,AA,CC,TT,CC,GG,GT,GG,AT,AA,AG,GT,CC,GG,AA,AC,CC,GG,GG,AC,GG,TT,AA,AA,CC,GG,AA,CC,AA,TT,GG,GT,TT,AA,GG,GG,AT,CC,TT,GT,AA,NN,AA,TT,AA,TT,CC,CT,AA,CC,TT,CG,AG,NN,AG,CC,AT,TT,GT,CG,TT,AA,AC,AA,GG,CC,CG,GG,CC,GG,AT,AA,CC,GT,GG,CC,CG,AT,GG,CC,AA,CG,AT,AA,AC,GG,AC,TT,AA,CG,AA,AC,AA,AA,AG,GG,AA,AA,AT,CG,AA,AG,CC,AA,TT,AA,AA,GG,GG,GG,TT,AA,AA,TT,TT,TT,AG,TT,GG,GG,AA,8.24,Susceptible,Medium,Standard,Early
L0748,Davangere,Karnataka,Rabi,Black Cotton,Irrigated,430,25.5,58,AA,TT,AG,AG,GG,CC,GG,AT,CG,CC,NN,CC,CC,AT,TT,GG,GG,TT,TT,AA,CC,GG,TT,CC,TT,CC,GT,TT,GG,AA,TT,CC,AA,AC,GG,GG,GG,CC,GG,CC,TT,TT,AA,TT,AA,GG,TT,TT,CC,AC,GT,AA,AA,NN,CT,TT,AA,AA,GT,AA,AA,TT,AT,AG,TT,AT,CC,GG,CT,GT,AG,GG,CC,AA,GG,AC,AT,GG,TT,TT,GG,GG,GG,CC,AA,GG,AA,AT,CC,TT,CC,TT,CC,AT,TT,GG,TT,CC,GT,CC,CC,CG,AA,AA,AT,TT,CG,AA,AG,AA,CC,GG,TT,CG,NN,AA,AA,TT,CC,GG,CC,GG,CC,GG,TT,AA,CT,CC,CC,CC,AA,TT,CC,AA,CC,CC,AG,TT,AA,AA,GG,TT,CC,NN,AA,AA,AA,AC,GG,CC,CC,AA,NN,AA,TT,AG,AA,TT,CT,AG,AC,GT,GT,TT,CG,AA,TT,TT,AA,AT,GG,CC,AG,CC,CC,CC,CC,CC,AA,GG,AG,CC,TT,CG,GT,TT,CG,AA,AA,AA,TT,CC,GG,AC,CC,NN,GG,GG,AC,GG,TT,AC,AA,CC,GG,AA,CC,AA,AA,GG,TT,TT,AA,GG,GT,AA,CC,TT,GT,AA,GG,AA,CT,AA,TT,CC,TT,AC,CC,CT,GG,AG,CC,AA,CC,TT,TT,GT,GG,TT,AA,CC,AG,GG,CC,CG,GG,CC,GG,TT,GG,CC,TT,AG,CC,CC,AA,GG,CC,AT,CC,AA,AA,CC,CC,AC,TT,AA,GG,AA,AC,AA,AA,AG,AG,AG,AA,AT,CG,AC,AA,CC,AC,CT,NN,AA,GG,GG,GG,TT,AA,AG,TT,TT,TT,AG,TT,GG,GG,AA,6.25,Susceptible,Low,Standard,Early
L0749,Davangere,Karnataka,Rabi,Black Cotton,Irrigated,430,25.5,58,AC,TT,AG,AG,GG,CC,GG,TT,CC,CC,AA,CT,CC,TT,GT,GG,CG,TT,TT,AG,CG,TT,GT,CC,TT,TT,GT,TT,GG,AA,TT,CC,AA,CC,GG,GG,GG,CG,GG,CC,TT,CT,AA,GT,AA,GG,TT,TT,CC,AC,GG,AA,AA,GG,CC,GT,TT,AA,GT,AA,AA,TT,AA,AG,TT,AT,NN,GG,TT,GG,AA,GG,NN,AA,GG,AA,AT,GG,GT,TT,GG,GG,GG,CC,AA,GG,AG,AA,CC,GG,AC,TT,TT,TT,TT,GG,CT,AC,GT,CC,CC,CC,GG,AA,TT,TT,CC,AA,AG,AA,CT,GG,GT,CG,GT,AA,AA,TT,CC,AG,CC,GG,CC,GT,CT,AA,CT,CC,CC,CG,AA,TT,CC,AA,CC,CT,AA,TT,AA,AT,CG,CT,CC,GG,AA,AA,AA,CC,GG,CC,CC,AA,AA,GG,TT,AG,AC,TT,TT,AG,CC,GT,GT,TT,CC,AA,GT,TT,TT,TT,CG,CC,NN,CC,CC,CC,CG,AC,AA,GG,AA,CC,TT,CG,GT,TT,GG,AA,AA,AA,GT,CC,CG,AC,CC,CC,GG,GG,AC,GG,CT,AC,AA,CG,GG,AA,CC,AA,AA,GT,TT,TT,AA,GG,GT,AA,CG,AA,GT,AA,GG,AA,CT,AA,TT,CC,CT,AC,CC,CT,CC,AA,CC,AG,CC,AT,TT,GT,GG,TT,AA,AC,AA,GG,CC,CG,GG,CC,GG,AA,AA,CC,TT,GG,CC,NN,AT,GG,CC,AT,CC,NN,AA,AC,CC,AC,TT,AA,GG,AA,AC,AA,AA,AG,AG,GG,AA,AT,GG,AC,GG,CC,AA,CC,AG,AA,GG,GG,GG,TT,AT,AA,TT,TT,TT,AA,AT,GG,GG,AA,7.63,Susceptible,Low,Premium,Late
L0750,Davangere,Karnataka,Rabi,Black Cotton,Irrigated,430,25.5,58,AC,CT,GG,GG,GG,CC,GT,AT,CC,CC,AA,CC,CG,AT,TT,GT,CG,TT,TT,AG,CC,TT,GT,NN,TT,CC,TT,TT,GT,AA,TT,CT,AA,CC,GG,GG,GG,CC,GG,AC,TT,CT,AA,TT,AA,AG,TT,AT,CC,AC,GG,AA,AA,GG,CT,TT,AT,AA,TT,CC,AA,TT,AT,AG,TT,AT,CC,GG,TT,GG,AG,GG,CC,AA,GG,AA,AT,GG,TT,TT,GG,GG,GG,CC,AA,GG,AA,AA,CC,GT,CC,TT,CT,TT,TT,GG,TT,CC,TT,CC,CC,CC,GG,AA,TT,TT,CG,AG,AG,AC,CT,GT,TT,CC,TT,AA,AA,NN,CC,GG,CG,AG,CT,GT,TT,AG,CC,CC,CC,CC,AA,TT,CC,AA,CC,CC,AA,TT,NN,AA,GG,CT,CC,GG,NN,AG,AA,CC,GT,CC,CG,AA,AG,GG,TT,GG,AA,TT,CT,GG,AC,TT,GT,TT,CC,AA,GT,TT,AA,NN,GG,GG,AG,CT,AC,CC,GG,AC,AA,GG,AA,CC,TT,CC,TT,TT,CG,TT,AA,AA,TT,CC,GG,AA,CC,CC,GG,GG,AC,GG,TT,AC,AA,CC,GG,AT,AC,AA,AA,GG,TT,TT,AA,GG,TT,AA,CG,AA,GG,AA,GG,NN,TT,AA,TT,CC,CT,AA,CC,TT,CG,AA,CG,AG,CC,TT,TT,GT,GG,TT,AC,CC,AA,NN,CC,CG,GG,CC,GG,TT,AA,CC,TT,GG,CC,CG,AA,AG,CC,AA,CG,AA,AA,AC,CG,AC,AT,AA,GG,AA,AA,AC,AA,AG,AG,AA,AG,AA,GG,AC,AG,AC,AC,TT,GG,AG,GG,GG,CG,GT,AA,AG,TT,TT,TT,GG,TT,GG,GG,NN,5.25,Moderate,Medium,Poor,Late
L0751,Davangere,Karnataka,Rabi,Black Cotton,Irrigated,430,25.5,58,AC,TT,GG,AA,GG,CC,GG,TT,CC,CC,AA,CC,CC,TT,TT,GG,GG,TT,TT,AG,NN,TT,GT,CC,TT,CC,TT,TT,GT,AA,TT,CC,AA,CC,GG,CG,GG,CC,GG,CC,GT,CT,AC,TT,AG,GG,TT,TT,CC,CC,GG,AA,AA,GG,CT,GT,AA,AC,GT,AA,AA,TT,AT,AA,TT,AT,CC,GG,TT,GG,AA,GG,CC,AA,GG,AA,TT,GG,TT,TT,GG,GT,GT,CC,AA,GG,AA,AA,CC,GG,NN,TT,CT,TT,GT,GG,TT,CC,GG,CC,CC,CG,GG,AA,AA,TT,CG,AA,AA,AA,CC,GG,TT,CC,GT,AC,AC,AT,CG,GG,CC,GG,CC,GG,CT,AA,CT,CC,CC,CC,AA,GT,CC,AA,CC,CC,AA,TT,AA,AA,CG,CT,CC,AG,AA,GG,AA,AC,GG,CC,CC,AG,AA,AG,TT,GG,AC,GT,CT,GG,AC,TT,TT,TT,CC,AA,TT,TT,AA,TT,GG,CC,AG,CT,CC,CC,CG,CC,AA,GG,AA,CC,TT,CC,GG,GT,GG,AT,AA,AG,GT,CC,GG,AA,CC,CC,GG,GG,AC,GG,TT,AA,AA,CG,GT,TT,AC,NN,TT,GG,TT,NN,TT,GG,GG,AT,CG,AT,TT,AA,GG,AA,TT,AA,TT,CC,CT,AA,CC,TT,GG,AG,CC,AG,CC,TT,TT,GT,GG,TT,AA,CC,AG,GG,CC,CC,GG,CC,GG,TT,AA,CC,NN,GG,CC,CC,AT,GG,CG,AT,CC,AA,AA,CC,CC,AC,TT,AA,CC,AA,AC,AC,AA,AG,AA,AG,AG,TT,GG,AA,AA,AC,AA,CT,AA,AA,GG,GG,GG,GT,AA,AA,TT,TT,TT,AA,AA,GG,GG,AA,7.08,Resistant,Medium,Poor,Medium
L0752,Davangere,Karnataka,Rabi,Black Cotton,Irrigated,430,25.5,58,AA,TT,GG,AG,NN,CC,GG,TT,CC,NN,AA,CT,CG,TT,TT,GG,GG,TT,NN,AA,CC,TT,GT,CT,AT,CC,TT,TT,GG,AA,TT,CC,AA,CC,GG,GG,GG,CC,GG,CC,TT,TT,AA,TT,AG,GG,TT,TT,CC,CC,GT,AA,AA,GG,CC,TT,AA,AA,GG,AC,AA,GT,TT,NN,TT,TT,CC,GG,TT,GT,AA,GG,CC,AA,GG,AC,AA,GG,TT,TT,GG,GG,GG,CC,AA,GG,AA,AA,CC,GT,AC,TT,CT,TT,TT,GG,TT,CC,GT,CC,CT,CC,AG,AA,TT,TT,CC,AA,GG,AA,TT,NN,GT,CC,GT,AA,AA,TT,CC,AG,CC,GG,CC,GT,NN,AA,CC,CC,CC,CC,AA,TT,CC,AA,CC,CC,AA,AT,AA,AA,GG,CC,CC,GG,AA,AG,AA,CC,GG,CC,CC,AA,AA,AA,GT,GG,AA,TT,TT,GG,AC,GT,TT,NN,CG,AA,GT,TT,AT,AT,GG,CC,AG,CC,CC,CC,GG,AC,AA,GG,AA,CC,TT,CC,GT,TT,CG,AT,AA,AG,TT,AC,GG,AA,CC,CC,GG,GG,AC,GG,TT,AA,AA,CC,GG,AA,CC,AA,AA,GG,GT,TT,AA,CG,GT,AT,CC,AT,TT,AA,GG,AA,CT,AA,TT,CC,CT,AC,CC,TT,CG,AG,CC,AG,CC,TT,TT,GG,GG,TT,AA,AC,AG,GG,CC,CC,GG,CC,GG,TT,AA,CC,GT,GG,CC,CC,AA,AG,CC,AA,CG,AA,AA,AC,GG,AC,TT,AA,GG,AT,AA,AA,AA,GG,AG,AA,AA,TT,GG,AC,AA,AC,AA,TT,AA,AA,GG,GG,CG,GT,AA,AA,TT,TT,TT,AG,TT,GG,GG,AA,8.15,Resistant,Low,Poor,Early
L0753,Davangere,Karnataka,Rabi,Black Cotton,Irrigated,430,25.5,58,AA,CT,GG,AA,GG,CC,GT,TT,CC,CC,AA,CC,NN,TT,TT,GG,GG,TT,TT,AA,CG,TT,GG,NN,TT,CC,TT,AT,GT,AA,TT,CC,AA,CC,GG,GG,GT,CG,GG,CC,TT,CT,AA,TT,AG,AG,TT,AT,CC,AA,GG,AA,AG,NN,CT,GT,AA,AC,GG,AA,AA,TT,TT,GG,TT,TT,CC,GG,TT,GG,AG,GG,CC,AA,GG,AC,TT,GG,TT,TT,GG,GG,GG,CC,AA,GG,NN,AA,CC,TT,AC,TT,CT,TT,TT,GG,TT,CC,GG,CC,CT,CC,AG,AA,TT,TT,CC,AA,AA,AC,CT,GG,TT,CC,TT,AA,AC,TT,CC,AA,CG,GG,CC,GG,TT,AA,CT,CC,CC,CC,AA,TT,CC,AA,CC,NN,AA,TT,AA,AA,GG,CT,CG,GG,AA,AG,AA,AC,GG,CC,CC,AA,AA,AG,GT,GG,AA,TT,CC,GG,CC,TT,TT,CT,CG,AA,GT,TT,AA,AT,GG,CC,AG,CT,CC,CC,GG,AC,AA,GG,AG,CC,TT,CC,GG,TT,CG,TT,AA,AA,TT,AC,GG,AA,CC,CC,GG,GG,NN,GG,TT,AC,AA,CC,GT,AA,AC,AA,NN,GG,TT,AT,AT,CG,GT,AA,CG,AT,GT,AA,GG,AA,CT,AA,TT,CC,TT,AA,CC,TT,NN,AG,CC,AG,CC,TT,TT,TT,GG,TT,AA,CC,AG,GG,CC,CG,GG,CC,GG,TT,AG,CC,GT,GG,CC,CC,AA,GG,CG,AA,CG,AA,AA,CC,GG,AC,TT,AA,GG,AA,AA,AC,AA,AG,AA,AG,AA,TT,GG,NN,AG,CC,AA,TT,NN,AA,GG,GG,GG,TT,AA,AA,GT,TT,AT,AG,AT,GG,GG,AA,7.75,Susceptible,High,Standard,Early
L0754,Davangere,Karnataka,Rabi,Black Cotton,Irrigated,430,25.5,58,AC,TT,GG,AG,GG,CC,GG,TT,CC,CG,AA,CT,CG,AT,TT,GG,GG,TT,TT,AG,CC,GT,GT,NN,TT,CC,TT,TT,GG,AA,TT,CC,AA,CC,GG,CG,GG,CG,GG,CC,TT,CT,AA,TT,AA,AG,TT,TT,CC,AC,GT,AA,AA,GG,CC,TT,AT,AA,TT,AC,AA,TT,TT,AA,TT,AA,CC,GG,TT,GG,AA,GG,CC,AA,GG,AC,AT,GG,TT,TT,GG,GG,GT,CC,AA,GG,AA,AA,CC,GT,CC,TT,CT,TT,GT,GG,CT,AC,GG,CT,CT,CG,GG,AA,TT,GT,CC,AA,AG,AA,CT,GG,GT,CC,TT,AA,AA,TT,CC,AG,CC,GG,CC,GG,TT,AA,CC,CC,CC,CC,AA,TT,CC,AA,CC,CC,AA,TT,AA,AA,CG,CC,CC,GG,AA,AG,AA,CC,GG,CC,NN,AA,AG,GG,TT,GG,AA,GT,CT,GG,AC,GT,NN,TT,CC,AA,GT,TT,AT,AT,CG,CC,GG,CC,CC,CC,CG,CC,AA,GG,AA,CC,TT,CC,TT,TT,CC,AA,AA,AA,TT,CC,GG,AA,AC,CG,GG,GG,CC,GG,TT,AA,AG,CG,GT,AA,AC,AA,TT,GT,TT,AA,AA,GG,GT,AA,CC,AT,TT,AA,AG,AA,TT,AA,TT,CC,CT,AA,CC,TT,CG,AG,CC,AG,CC,AT,TT,GT,GG,TT,AA,AC,AG,GG,CC,CG,GG,CC,GG,AT,AA,GG,TT,GG,CC,CC,AA,AG,CC,AA,CC,AA,AG,AC,NN,AC,AT,AA,CG,AA,AA,AA,AA,GG,AG,AA,AA,TT,GG,AA,AA,AA,AC,TT,AG,AA,GG,GG,GG,GT,AA,AG,TT,TT,TT,NN,NN,GG,GG,AA,8.83,Susceptible,Low,Poor,Medium
L0755,Davangere,Karnataka,Rabi,Black Cotton,Irrigated,430,25.5,58,AC,CT,GG,AG,GG,CC,GT,TT,CC,CG,AA,CC,CG,TT,TT,GG,GG,AT,TT,AA,CC,TT,GG,CC,AT,CC,TT,TT,GG,AA,TT,CC,AA,CC,GG,CG,GG,CG,GG,CC,TT,TT,AA,GT,GG,AG,TT,TT,CC,CC,TT,AA,AA,GG,CC,TT,AA,AA,GT,AA,AA,TT,AT,AG,TT,AT,CC,GG,TT,GG,AA,GG,AC,AA,AG,CC,AT,GG,TT,TT,NN,GT,GG,CC,AA,AG,AA,AA,CC,GG,CC,GT,CC,TT,TT,GG,TT,CC,TT,CC,CC,CC,GG,AA,TT,TT,CC,AA,GG,AA,CC,GG,TT,CC,TT,AA,AA,AT,CC,AG,CG,GG,CC,GT,TT,AA,CT,CG,CC,CC,AA,TT,CC,AA,CC,CC,AA,NN,AA,AA,GG,CC,CC,GG,AA,AA,AA,CC,GT,CC,CC,AA,AA,GG,TT,AG,AA,GT,CT,GG,CC,GT,GT,TT,CG,AA,TT,TT,AA,TT,GG,CC,AA,CT,CC,CC,GG,CC,AA,GG,AA,CC,TT,CC,TT,TT,GG,TT,AA,AA,TT,CC,GG,AC,AC,CC,GG,GG,AC,GG,TT,AA,AA,CC,GG,AA,AC,AA,TT,GG,GT,TT,AA,GG,GT,AT,CC,AT,GT,AA,GG,AA,CT,AA,TT,CC,CT,AC,CC,CT,CG,AA,CC,AA,CC,TT,TT,GG,CG,TT,AA,CC,AA,GG,CG,CG,GG,CC,GG,AT,AG,CC,TT,GG,CC,CC,AA,GG,CC,AA,CC,AA,AA,CC,CC,AC,TT,AA,GG,AA,AA,AC,AA,AG,AA,AA,AA,TT,CG,AC,AG,CC,AA,TT,AA,AA,GG,GG,GG,TT,AT,AG,TT,TT,TT,GG,TT,NN,CG,AA,7.23,Susceptible,High,Premium,Medium
L0756,Davangere,Karnataka,Rabi,Black Cotton,Irrigated,430,25.5,58,AC,TT,AG,AA,GG,CC,GT,AT,CC,CG,AA,CC,CG,TT,GT,GG,GG,TT,TT,AA,CC,GT,GG,CC,TT,CC,TT,AT,GG,AA,TT,CT,AA,CC,GG,GG,GG,CG,GG,CC,TT,TT,AC,TT,AA,GG,TT,TT,CC,AA,GT,AT,AG,GG,CC,NN,AA,AC,GT,AC,AG,TT,AT,AG,TT,AT,CC,GG,TT,GT,AG,GG,CC,AA,GG,AC,NN,GG,TT,TT,GG,GG,GG,CC,AT,AG,AA,AA,CC,GT,AC,TT,CC,TT,NN,GG,CC,CC,GG,CC,CC,CG,GG,GG,TT,NN,CC,AA,AG,AC,CC,GG,TT,CC,TT,AC,AA,TT,CG,GG,CC,AG,CC,GT,TT,AG,CC,CC,CC,CC,AA,TT,CC,AA,CC,CC,AA,TT,AA,AA,GG,CC,CC,GG,AA,AG,AA,AC,GG,CC,CC,NN,AG,GG,TT,GG,AC,TT,TT,GG,CC,TT,TT,CC,CC,TT,TT,TT,AT,AT,CG,CC,AG,TT,CC,CC,CG,CC,AA,GG,AG,CC,TT,CG,TT,TT,GG,TT,AA,AG,TT,CC,GG,AA,CC,CG,GG,GG,AC,GG,TT,AC,AA,CC,GG,AA,AC,AA,AA,GT,TT,AT,AT,CG,GG,AT,CG,TT,TT,AA,GG,AA,TT,AA,TT,CG,CT,AA,CC,TT,CG,AA,CG,AG,CC,TT,TT,GG,GG,TT,CC,CC,AA,GG,CC,CG,GG,CC,GG,TT,AA,CG,TT,GG,CC,CC,AA,GG,CG,AT,CC,AA,AA,AC,CG,CC,TT,AA,GG,AA,AA,AA,AA,GG,AA,AA,AA,AT,GG,AA,AG,CC,AC,TT,AA,AA,GG,GG,GG,TT,AA,AA,GT,TT,TT,AG,TT,GG,GG,AA,8.03,Susceptible,High,Standard,Late
L0757,Davangere,Karnataka,Rabi,Black Cotton,Irrigated,430,25.5,58,AC,TT,AG,AG,GG,CC,GG,TT,CC,GG,AT,CC,CG,AT,TT,GG,CG,TT,TT,AA,CC,TT,GT,CC,AT,CC,TT,TT,GG,AA,TT,CC,AA,CC,GG,CG,GG,CC,GG,CC,TT,CC,AA,TT,AA,AG,CT,AA,CC,AA,GG,AA,AG,GG,CC,TT,AA,AA,GT,AA,AG,TT,TT,AA,TT,AT,CC,GT,CT,GT,AA,GG,CC,AA,AG,AC,AA,GG,GT,TT,GG,GG,GG,CC,AA,AG,AA,AT,CC,TT,CC,TT,CC,TT,GT,GG,CT,NN,GT,CC,CC,CG,AA,NN,TT,TT,NN,AA,AA,AA,CC,GG,TT,CC,TT,AA,AA,TT,CC,GG,CC,GG,CC,GG,TT,AA,CT,CC,CC,CC,AA,TT,CC,AA,NN,CC,AA,TT,AG,AT,GG,CC,CC,GG,AA,AA,AA,AC,GG,CC,CC,AA,GG,GG,TT,AA,AA,TT,CT,GG,NN,TT,TT,TT,CC,AT,GT,TT,AA,TT,GG,CG,AG,CT,CC,CC,CG,CC,AA,GG,AA,AC,TT,CG,GG,GT,GG,TT,AA,AA,TT,CC,GG,AA,CC,CC,GG,GG,AC,GG,TT,AA,AA,CC,GG,AA,CC,AA,AT,TT,TT,TT,AA,GG,GT,AA,CC,AT,TT,AA,GG,AA,CT,AA,TT,CC,CT,AA,AC,TT,CG,AA,CG,AG,CC,TT,TT,GT,GG,TT,AA,CC,AA,GG,CC,CC,GG,CC,GG,TT,AA,CG,GT,GG,CC,CG,AA,AG,CC,AT,CC,AA,AA,CC,CC,CC,TT,AA,GG,AA,AA,AC,AA,AA,AG,AA,AA,TT,GG,AA,GG,CC,AA,TT,AA,AG,GG,GG,GG,GT,NN,AA,GG,TT,TT,AA,TT,GG,GG,AA,8.08,Susceptible,High,Poor,Late
L0758,Davangere,Karnataka,Rabi,Black Cotton,Irrigated,430,25.5,58,AC,TT,GG,AG,GG,CC,GG,AT,CC,CC,AA,CC,CC,AT,TT,GT,CG,TT,TT,AA,CC,TT,TT,CC,TT,CC,TT,TT,GG,AA,TT,CC,AA,CC,GG,GG,GG,CG,GG,CC,TT,TT,AA,TT,AG,AG,TT,AT,CC,NN,GT,AA,AA,GG,CC,TT,AT,AA,GT,AC,AA,TT,AT,AA,CT,AT,CC,GG,TT,GT,AA,GG,CC,AA,AG,AA,AA,GG,TT,TT,GG,GT,GG,CC,AT,GG,AG,AA,CC,GT,CC,GT,CT,TT,TT,GG,TT,CC,GT,CC,CC,CC,AG,NN,NN,TT,CC,AA,AG,AA,CC,GG,TT,CC,TT,NN,AC,TT,CC,AG,CC,GG,CC,GG,TT,AA,CC,CC,CC,CC,AA,TT,CC,AA,CC,CC,AA,TT,AG,AA,GG,CT,CC,AG,AA,AA,AA,CC,GT,CC,CG,AA,AA,GG,GG,GG,AC,TT,TT,GG,CC,GG,GT,TT,CC,AA,TT,TT,AT,TT,GG,CG,AG,CC,CC,CC,CC,CC,AA,GG,AG,CC,TT,CC,GT,GT,GG,AT,AA,AA,NN,CC,GG,AC,CC,NN,GG,GG,AA,GG,TT,AC,AA,CC,GG,AT,CC,AT,AA,GG,TT,AT,AA,CG,GG,NN,CC,AA,GT,AA,GG,AA,TT,AA,TT,CC,TT,AC,CC,CT,CG,AG,CC,GG,AC,TT,TT,TT,CG,TT,AC,CC,GG,GG,CG,GG,GG,CC,GG,AA,AG,CC,GT,GG,CG,CC,AA,GG,CC,AT,CC,AT,AA,AC,NN,CC,TT,AA,CG,AA,AA,AC,AA,AG,GG,AA,AA,AT,GG,AA,AG,AC,AC,NN,AA,AA,GG,GG,CG,TT,AT,AA,GT,TT,TT,AA,AA,GG,CG,AC,7.41,Resistant,Low,Standard,Late
L0759,Davangere,Karnataka,Rabi,Black Cotton,Irrigated,430,25.5,58,AC,TT,GG,AA,GG,CC,TT,AT,CC,CC,AA,CC,CG,TT,TT,GG,CG,TT,TT,AA,CC,GT,TT,CC,TT,CC,TT,TT,GG,NN,TT,CC,AA,CC,GG,GG,GG,CG,GG,CC,TT,CT,AA,TT,AA,GG,TT,TT,CC,CC,GT,AA,AA,GG,CC,GT,AA,AA,GT,AA,AA,TT,AT,AA,TT,AT,CC,GG,TT,GT,AA,GT,AC,AA,GG,AC,AA,AG,TT,TT,GG,GG,GG,AC,AA,GG,AA,AT,CC,GT,AC,TT,CT,AT,TT,AG,TT,CC,TT,CT,CC,CG,AG,AA,TT,TT,CC,AA,AA,AA,CT,GG,GT,CC,GT,AA,AA,AT,CC,AG,CG,GG,CC,TT,TT,AA,CC,CC,CC,CC,AA,TT,CC,NN,CC,CC,AA,AA,AA,AA,GG,CC,CC,GG,AA,AG,AA,AC,GG,CC,CG,AA,AG,GG,TT,AG,AC,TT,TT,GG,CC,GG,TT,TT,CC,AA,TT,CT,TT,TT,GG,CC,AG,CC,AC,CC,GG,CC,AA,GG,AA,CC,TT,CC,NN,TT,GG,AT,AA,AA,TT,CC,GG,AA,CC,CC,GG,NN,AC,CG,TT,AC,AA,CC,GG,AT,AC,AA,AT,GT,TT,TT,AT,GG,GT,AT,CC,AT,TT,AA,GG,AA,CC,AA,TT,CC,TT,AC,CC,TT,CG,AA,CC,AG,AC,TT,TT,GT,GG,TT,AA,CC,AA,GG,CC,CG,GG,CC,GG,TT,AG,CC,TT,GG,CC,CC,AA,AG,CC,AA,CC,AA,AA,AC,CG,CC,TT,AA,GG,AA,AA,AA,AA,GG,GG,AA,AA,TT,GG,AA,AA,AC,AA,CT,AG,AA,CG,GG,GG,TT,AA,AG,TT,TT,TT,AG,AT,NN,GG,AA,7.98,Moderate,Low,Premium,Late
L0760,Davangere,Karnataka,Rabi,Black Cotton,Irrigated,430,25.5,58,AC,CC,GG,GG,GG,CG,GG,TT,CC,CG,AA,CC,CG,TT,TT,GG,CG,TT,TT,AG,CC,TT,GT,CC,TT,CC,TT,TT,GT,AA,TT,CC,AA,CC,GG,CG,GG,CG,GG,CC,NN,TT,AA,TT,AA,GG,CT,TT,CC,AC,GG,AT,AA,NN,CC,TT,NN,AC,TT,AA,AA,TT,AT,AA,TT,AT,CC,GG,TT,TT,NN,GG,CC,AA,AG,AA,AA,GG,TT,TT,GG,GG,GG,CC,AA,GG,AA,AA,CC,GT,AC,TT,CC,TT,GT,GG,TT,AA,TT,CC,CT,CC,AA,AA,AT,TT,CC,AA,AA,AC,CC,GT,TT,CC,TT,AC,AA,TT,CC,GG,CC,AG,CC,GG,TT,AA,CT,CC,CC,CC,AA,TT,AC,AA,CC,CC,AA,AT,AA,AA,GG,CC,CC,GG,AA,AG,AA,AC,GG,CC,CC,AA,NN,AG,TT,GG,AA,GT,CT,GG,CC,TT,TT,CT,CC,AT,GG,TT,AA,AT,GG,CC,AG,CC,CC,CC,CG,CC,AA,GG,GG,CC,TT,CC,GG,TT,GG,AA,AA,AA,TT,CC,GG,AC,AA,CC,GG,GG,AA,GG,TT,AA,AG,CC,GG,AT,AC,AA,AA,GG,GT,TT,AT,GG,GT,AA,CC,AT,TT,AA,GG,AA,TT,AA,TT,CC,TT,AA,CC,TT,CG,AA,CC,AA,CC,TT,CT,GT,GG,TT,AA,AC,AG,GT,CC,CG,GG,CC,GG,TT,AA,CG,TT,GG,CC,CC,AA,GG,CG,AA,CC,AA,AA,AC,GG,CC,TT,AA,GG,AA,AA,AA,AA,AG,AG,AA,AA,TT,GG,CC,AA,AA,AC,TT,AA,AA,GG,GG,GG,TT,AT,AA,TT,TT,TT,AG,AA,GG,GG,AA,6.09,Susceptible,Medium,Premium,Early
L0761,Davangere,Karnataka,Rabi,Black Cotton,Irrigated,430,25.5,58,AC,CT,GG,AG,GG,CC,GG,TT,CC,CC,AT,CC,CC,AT,TT,GT,CG,TT,TT,AG,CG,TT,GT,CC,TT,CC,TT,TT,GG,AA,TT,CC,AA,CC,GG,GG,GG,CC,GG,CC,TT,CT,AA,TT,AA,GG,TT,TT,CC,AA,GG,AA,AG,GG,CT,TT,AA,AC,GG,AA,AA,TT,TT,AA,TT,TT,CC,GG,CT,GG,AG,GG,CC,AA,GG,AC,AA,GG,TT,TT,GG,GG,GG,CC,AT,GG,AA,AA,CC,GT,AC,TT,CT,TT,TT,GG,TT,CC,TT,CC,CC,CC,AG,AA,TT,TT,CG,AA,AA,AA,CC,GG,TT,CG,TT,CC,AA,TT,CC,GG,CG,GG,CT,GG,TT,AG,CC,CC,CC,CC,AA,TT,CC,AA,CC,CC,AA,AT,AA,AT,GG,CC,CG,GG,AA,AG,AT,CC,GG,CG,CC,AA,AG,GG,GT,GG,AA,GT,TT,GG,AC,GT,TT,TT,CG,AA,TT,TT,AA,TT,GG,CC,AG,CT,AC,AC,GG,CC,AA,AG,GG,CC,TT,CC,GG,GT,CG,AT,AA,AA,TT,CC,GG,AA,CC,CC,GG,GG,CC,GG,TT,AC,AA,CC,GG,AT,CC,AA,AT,GT,TT,AT,NN,GG,GT,AT,CG,AT,GG,AA,GG,AG,TT,AA,TT,CC,TT,AC,CC,TT,GG,AA,CC,AG,CC,TT,TT,GT,GG,TT,AA,AC,AA,GG,CC,CG,GG,CC,GG,AT,AA,CG,TT,GG,CC,CC,AT,GG,CG,AA,CC,AA,AA,CC,CG,CC,TT,AA,GG,AA,AA,AA,AA,AG,AG,AG,AA,TT,CG,AA,AA,CC,AA,CC,AA,AA,GG,AG,GG,TT,AA,AA,GT,TT,NN,GG,TT,GG,GG,AA,6.54,Moderate,Low,Standard,Early
L0762,Davangere,Karnataka,Rabi,Black Cotton,Irrigated,430,25.5,58,AC,CT,GG,AA,GG,CC,GT,TT,CC,CC,AA,CC,CC,AT,GT,GG,CG,TT,TT,AA,CC,TT,GT,CT,TT,CC,GT,TT,GT,AC,TT,CC,AA,CC,GG,CG,GG,CC,GG,AC,TT,TT,AA,TT,GG,GG,CC,AT,CC,NN,GG,AT,AG,GG,CT,TT,AA,NN,GG,AC,AA,GT,AT,AG,TT,AA,CC,GG,TT,GT,AA,GG,CC,AA,GG,CC,AA,GG,TT,TT,GG,GG,GG,CC,AA,GG,AA,AT,CC,GG,AC,TT,CC,TT,TT,GG,TT,CC,TT,CC,CT,CC,AG,AA,TT,TT,CG,AA,AG,AA,CT,GG,GT,CC,TT,AA,AA,TT,CC,AA,CC,GG,CC,GT,TT,AG,CC,CC,CC,CC,AA,TT,CC,AA,CC,CC,AA,TT,AA,AA,NN,CC,CC,AG,AA,AG,AA,AC,GT,CC,CC,AA,AG,GG,TT,AG,AA,TT,CT,GG,CC,GT,GT,TT,CG,AA,TT,CT,AT,TT,GG,CC,AA,CT,CC,CC,GG,CC,AA,GG,AG,CC,TT,CG,GG,GT,GG,TT,AA,AA,TT,CC,CG,AA,CC,CC,GG,GG,CC,GG,TT,AA,AA,CC,GG,AT,CC,AA,AA,GG,TT,AT,AT,GG,GT,AT,CC,AT,TT,AA,GG,AA,CT,AA,TT,CC,TT,AC,CC,TT,GG,NN,CC,AG,CC,TT,TT,GT,GG,TT,AC,AC,AA,NN,CC,CG,GG,CC,GG,TT,AG,CC,TT,GG,CC,CC,AA,GG,CC,AA,CC,AT,AA,AA,CC,AC,AT,AA,GG,AA,CC,AC,AA,AG,AG,AG,AA,AT,GG,AC,AG,CC,AC,TT,AA,AA,GG,GG,GG,TT,AA,AG,TT,TT,TT,GG,AT,GG,CC,AA,4.89,Moderate,High,Premium,Late
L0763,Davangere,Karnataka,Rabi,Black Cotton,Irrigated,430,25.5,58,AA,CT,GG,AG,GG,CC,GT,TT,CC,CC,AA,CT,CC,TT,GT,GG,GG,TT,TT,GG,CC,GT,GT,CC,TT,CC,TT,AT,GG,NN,TT,CC,AA,CC,GG,GG,GG,CC,GG,CC,TT,CT,AA,TT,AA,GG,TT,TT,CC,CC,GG,AA,AA,GG,CT,GT,AA,AA,TT,AA,AA,TT,TT,AG,CT,TT,CC,GG,NN,GT,AG,GG,CC,AA,GG,AC,AT,GG,TT,TT,GG,GG,GG,CC,AA,GG,AG,AA,CC,TT,AC,TT,CT,TT,GG,GG,CT,CC,TT,CC,CC,GG,AA,AG,TT,TT,CC,AA,AA,AA,CC,GG,TT,CC,NN,AA,AA,AT,CG,AG,CC,GG,CC,GG,TT,AG,CC,CG,CC,CC,AA,TT,CC,AA,CC,CT,AA,TT,AA,AA,GG,CC,CC,GG,AA,AG,AA,CC,GG,CC,CG,AA,AA,GG,TT,GG,AC,TT,TT,GG,AC,TT,TT,CT,CC,AT,TT,TT,AA,TT,GG,CC,AA,CC,CC,CC,NN,CC,AA,AA,AG,AC,TT,CC,GG,GT,GG,AT,AA,AG,TT,CC,GG,AA,CC,CC,GG,GG,AC,GG,CT,AA,AA,CC,GT,AT,AC,AA,AT,GT,TT,AT,AA,GG,GG,AA,CC,TT,TT,AA,GG,AA,TT,AC,AT,CG,NN,AA,CC,TT,GG,AA,CG,GG,CC,AT,TT,TT,GG,TT,AA,AC,AG,GG,CC,CC,GG,CC,GG,TT,AG,CC,GT,GG,CC,CC,AA,GG,CC,AA,CC,AT,AA,AA,CG,CC,TT,AA,GG,AA,AA,AC,AA,AG,AA,AA,AA,TT,CC,AA,AA,CC,AA,TT,AG,AA,GG,GG,CG,TT,AA,AG,TT,TT,TT,GG,AT,GG,CG,AA,8.89,Susceptible,Medium,Poor,Early
L0764,Davangere,Karnataka,Rabi,Black Cotton,Irrigated,430,25.5,58,AA,TT,GG,AA,GG,CC,GT,TT,CC,GG,AA,CC,CG,TT,GT,GG,CG,TT,TT,AA,CC,TT,NN,CC,TT,CC,GT,TT,GG,AA,TT,CC,AA,CC,GG,GG,GG,CC,GG,CC,TT,NN,AA,TT,AA,GG,TT,TT,CC,CC,GT,AA,AA,GG,CC,TT,AT,AC,GG,AC,AA,TT,TT,AG,TT,TT,CT,GG,TT,GG,AG,GG,NN,AA,AG,AA,AT,GG,TT,TT,GG,GT,GG,CC,AT,GG,AA,AA,CC,GT,CC,TT,CC,TT,TT,GG,TT,CC,GT,CC,CT,CC,GG,AA,TT,TT,CC,AG,AG,AA,CC,GG,TT,CG,TT,AA,AC,TT,GG,AG,CC,GG,CC,GG,TT,AA,CC,CC,CC,CG,AA,TT,CC,AA,CC,TT,AA,TT,AA,AA,GG,CT,CC,GG,AA,AG,AA,CC,GG,CC,CC,AA,AA,GG,GT,GG,AC,TT,CT,AG,NN,TT,TT,TT,CC,AA,GT,TT,AA,TT,CG,CG,AA,CT,CC,CC,GG,CC,AT,GG,AG,CC,TT,CC,GT,TT,GG,TT,AA,AA,TT,AA,GG,AA,CC,CC,GG,GG,CC,GG,TT,NN,AA,CC,GG,AT,CC,AA,AA,GG,GT,TT,AT,GG,GT,AA,CC,AA,NN,AA,GG,AA,CT,AC,TT,CC,TT,AA,CC,CT,GG,AG,CC,AG,CC,TT,NN,TT,GG,TT,AC,AC,AA,GG,CC,CC,GG,CC,GT,AT,GG,CC,TT,GG,CC,CC,AA,GG,CG,AT,CC,AT,AA,CC,CG,AC,TT,AA,GG,AA,AA,AC,AA,AG,AG,AA,AA,TT,GG,AC,AG,AC,AC,TT,AG,AA,GG,GG,GG,TT,AA,AG,TT,TT,TT,GG,TT,GG,GG,AA,6.26,Susceptible,High,Poor,Early
L0765,Davangere,Karnataka,Rabi,Black Cotton,Irrigated,430,25.5,58,AC,CT,AG,AA,GG,CC,GG,NN,CC,CC,AA,CC,CC,TT,TT,GG,GG,TT,TT,AA,GG,GT,GT,TT,TT,CC,TT,TT,GG,AA,TT,CT,AA,CC,AG,GG,GG,CC,GG,CC,TT,TT,AA,TT,AA,AA,TT,AA,CC,AC,GG,AA,AG,GG,CT,TT,AA,AC,TT,AC,AG,GT,TT,AA,TT,TT,CC,GG,TT,NN,GG,GG,CC,AA,AG,AC,AT,GG,GT,TT,GG,GG,GT,CC,AA,GG,AA,AA,CC,GT,CC,GT,CT,TT,GT,NN,CT,CC,GT,CC,CC,CG,GG,AA,TT,TT,CC,AA,AG,AA,CC,GG,TT,CC,TT,AA,AA,TT,CG,GG,CC,GG,CC,GT,CT,AA,CC,CC,AC,CC,NN,TT,CC,AA,CC,CT,AA,TT,AA,AA,CG,CC,CC,GG,AA,AG,AA,CC,GT,CC,CG,AA,AA,AG,TT,GG,AC,TT,CT,GG,CC,TT,TT,TT,CC,AT,TT,TT,AT,TT,GG,CC,AA,CC,AC,CC,GG,AC,AA,AG,AA,CC,TT,CC,TT,TT,GG,AT,AA,AG,TT,CC,GG,CC,AC,NN,GG,GG,AC,CG,TT,AA,AA,CC,GG,AA,CC,AA,AT,GG,TT,AT,AA,CG,GG,AT,CC,AT,GT,AA,GG,AG,CC,AA,TT,CC,TT,AA,CC,CT,GG,AA,CC,GG,CC,TT,TT,TT,GG,AT,AA,AC,AG,GG,CC,CG,GG,NN,GG,AA,AA,CC,TT,GG,CC,CC,AT,GG,CC,AA,CG,AA,AA,AC,CG,AC,TT,AA,GG,AA,AA,AC,AA,AA,AA,AA,AA,TT,GG,AA,AA,AC,AA,CC,AG,AA,CG,GG,GG,TT,TT,AA,TT,TT,TT,AA,AA,GG,GG,AA,10.37,Susceptible,Low,Poor,Medium
L0766,Davangere,Karnataka,Rabi,Black Cotton,Irrigated,430,25.5,58,AC,TT,GG,AG,GG,CC,GT,AT,CG,CG,AA,CC,CG,AT,TT,GT,GG,TT,TT,AA,CC,TT,GT,CC,TT,CC,TT,AT,GG,AA,TT,CT,AA,CC,AG,CG,GG,CC,GG,NN,TT,CT,AA,GT,AA,AG,TT,AT,CC,AC,GG,AA,AG,GG,TT,GT,AA,AA,TT,AA,AA,TT,AT,AA,TT,AT,CC,GG,TT,GG,AG,GG,CC,AA,AA,AA,AA,GG,GT,TT,GG,TT,GT,CC,AA,GG,AA,AA,CC,TT,AC,NN,CC,TT,GT,GG,TT,NN,TT,CC,CC,CC,AG,AA,TT,TT,CG,AA,AG,NN,CT,GG,TT,CC,TT,AA,AC,AT,CG,GG,CC,AG,CC,GT,TT,AG,CT,CC,CC,CC,AA,NN,CC,AA,CC,CC,AA,TT,AA,AA,CG,CC,CC,AG,AA,AA,AA,CC,GG,CC,CC,AA,AG,GG,TT,AG,AC,TT,TT,AG,CC,TT,GT,NN,CC,AT,TT,TT,AA,AT,GG,CC,AG,CT,CC,CC,GG,AC,AA,GG,GG,NN,TT,CC,GT,TT,GG,AT,AA,AA,TT,CC,CG,AA,AC,CC,NN,GG,AC,GG,TT,AC,NN,CC,GG,AA,CC,AA,TT,GG,TT,TT,AA,NN,GG,AA,CC,AT,GT,AA,GG,AA,CT,AA,TT,CC,TT,AA,CC,TT,GG,AG,CC,AG,NN,TT,CT,GT,GG,TT,AA,AC,AG,GT,CC,CG,GG,CG,GG,AT,AA,CG,TT,GG,CC,CC,AA,GG,CG,AA,CC,AA,AA,CC,CC,CC,TT,AA,GG,AA,AA,NN,AA,AG,AG,AA,NN,TT,GG,AA,AG,CC,AA,CT,AA,AA,GG,GG,GG,GT,AA,AA,GG,TT,AT,AA,TT,GG,CG,AC,4.57,Resistant,High,Standard,Late
L0767,Davangere,Karnataka,Rabi,Black Cotton,Irrigated,430,25.5,58,AC,CT,GG,AA,GG,CC,GT,TT,CC,CG,AA,CC,CG,TT,GT,GG,GG,TT,TT,AG,CC,GG,TT,CC,TT,CC,TT,AA,GT,AA,CT,CC,AG,CC,GG,GG,GG,CC,GG,AC,TT,CT,AC,GT,AG,GG,TT,NN,CC,AA,GG,AA,AA,GG,CT,TT,AA,AC,GT,AC,AA,TT,AT,AA,TT,AT,CC,GG,TT,GT,AA,GG,CC,AA,GG,AC,AT,GG,GT,TT,GG,GG,GT,CC,AT,GG,AA,AT,CC,GG,AC,GT,CC,TT,GT,GG,TT,CC,GT,CC,CT,NN,GG,AA,TT,TT,CC,AA,AA,AC,CC,GG,TT,CC,TT,AA,AA,TT,CG,GG,CG,GG,CC,GT,CT,AA,CC,CC,CC,GG,AA,TT,CC,AA,CC,CT,AA,TT,AA,AT,GG,CT,CC,GG,AA,AG,AA,CC,GT,CC,CC,AA,AG,GG,TT,GG,AC,TT,CT,GG,AC,GT,GT,CT,CC,TT,TT,TT,AA,TT,CG,NN,AG,CT,CC,CC,CG,CC,AA,GG,AA,CC,TT,CC,GG,TT,GG,TT,AA,AA,TT,AC,GG,CC,CC,CC,GG,GG,NN,CG,TT,AA,AA,CG,GT,AA,CC,AA,AA,GG,GT,TT,AA,GG,GG,AT,CC,TT,GT,AA,GG,AA,TT,AC,TT,CG,CT,AC,AC,TT,GG,AG,CC,AG,CC,TT,TT,TT,CG,TT,AA,CC,AG,GT,CC,CC,GG,CC,GG,TT,AA,CC,TT,GG,CC,CC,AA,AG,CC,AA,CC,AA,AA,CC,CG,AC,TT,AA,GG,AA,AA,CC,AC,GG,AA,AA,AA,TT,GG,AA,AA,CC,NN,TT,AA,AA,GG,GG,GG,TT,AA,AA,TT,TT,TT,AG,NN,GG,GG,AA,7.23,Moderate,Low,Premium,Early
L0768,Davangere,Karnataka,Rabi,Black Cotton,Irrigated,430,25.5,58,AA,TT,GG,AA,GG,CC,GT,TT,CC,CG,AA,CC,CG,AT,TT,GT,GG,TT,TT,AA,CC,TT,GT,CC,TT,CC,TT,TT,GG,AA,TT,CC,AG,CC,GG,GG,GG,CC,GG,CC,TT,TT,AA,TT,AA,GG,TT,TT,CC,AA,GG,AA,AG,CG,NN,TT,AA,AA,GG,AC,AG,TT,TT,AG,TT,TT,CC,GG,TT,GT,AG,GG,CC,AA,GG,AC,AT,GG,TT,TT,GG,GG,GG,CC,AA,GG,AA,AA,CC,TT,AC,TT,NN,TT,TT,AG,CC,CC,GT,CC,CT,CG,AG,AA,TT,TT,CC,AA,AG,AC,TT,GG,TT,NN,TT,AA,AA,TT,NN,AG,CG,AG,CC,GT,TT,AA,CC,CC,CC,CC,AA,TT,AC,AA,CC,CT,AA,TT,AG,AT,GG,CC,CC,GG,AA,AG,AT,AC,GG,CC,CC,AA,AA,GG,TT,GG,AC,TT,CT,GG,AC,GT,GT,TT,CC,AA,NN,TT,AT,TT,GG,CC,AA,CT,CC,CC,CG,AC,AA,GG,AA,CC,TT,CC,GG,GT,CG,TT,AA,AA,TT,CC,CG,AA,CC,CC,GG,NN,CC,CG,CT,AC,AA,CC,NN,AT,AC,AA,AA,GG,TT,TT,AT,GG,TT,AT,CC,TT,GT,AA,GG,AA,TT,AA,TT,CC,TT,CC,CC,CT,GG,AA,CG,AG,CC,TT,CT,GT,GG,TT,AA,AC,AG,GG,CC,CG,GG,CC,GG,TT,AA,CC,TT,GG,CC,CG,AA,GG,CC,AA,CC,AA,AA,AC,CC,CC,AT,AA,GG,AA,AA,AC,AC,AG,AG,GG,AA,AT,GG,AA,AG,AA,AC,TT,AA,AA,GG,GG,GG,TT,AA,AA,GT,TT,TT,AA,NN,GG,GG,AA,6.63,Susceptible,High,Premium,Medium
L0769,Davangere,Karnataka,Rabi,Black Cotton,Irrigated,430,25.5,58,AC,TT,AG,AG,GG,CG,GT,TT,CC,CC,AA,CC,CC,TT,TT,GG,GG,TT,NN,AG,CG,GT,TT,CT,AA,CC,TT,TT,GG,AA,TT,CC,AA,CC,GG,CG,GT,GG,GG,CC,TT,CT,AA,GT,AA,AG,NN,AT,CC,AA,GT,AT,AG,GG,CC,TT,AA,AC,GG,AC,AA,GT,TT,AA,CT,TT,CC,GG,TT,GT,AG,GG,CC,AA,GG,AC,AT,GG,TT,TT,GG,GT,GG,CC,AA,GG,AG,AA,CG,NN,AC,TT,CC,AT,GT,GG,TT,CC,TT,CC,CC,CG,GG,AG,TT,TT,CC,AA,GG,AA,CC,GG,TT,CC,GT,AA,AA,TT,CC,AA,CC,GG,CC,GG,TT,AG,CC,CC,CC,CC,AA,GT,CC,AA,CC,CT,AA,TT,AG,AA,GG,CC,CC,GG,AA,GG,AA,AC,GG,CC,CC,AA,AG,GG,TT,GG,AA,TT,CT,GG,AC,TT,GT,TT,CC,AT,GT,TT,AA,AT,CG,CC,AG,TT,CC,AC,GG,AC,AA,AG,AA,CC,TT,CG,GT,TT,CG,TT,AA,AA,TT,AC,CG,AC,AC,CC,GG,GG,AA,GG,TT,AC,AA,CC,GG,AA,AC,AA,AT,GG,GT,AT,TT,GG,TT,AT,CC,TT,GG,AA,GG,AG,TT,AC,TT,CC,TT,AA,CC,CT,GG,AG,CG,AG,CC,TT,TT,GT,GG,TT,NN,AC,AG,GG,CC,CC,GG,CC,GG,AT,AA,CC,TT,GG,CC,CC,AA,GG,CC,AA,CC,AA,AA,AC,GG,CC,TT,AA,CG,AA,AA,AC,AA,AA,AA,AA,AA,TT,GG,AC,AA,CC,AC,TT,AA,AA,GG,GG,GG,TT,AA,AA,TT,TT,TT,AG,TT,GG,GG,AA,7.43,Susceptible,High,Poor,Early
L0770,Davangere,Karnataka,Rabi,Black Cotton,Irrigated,430,25.5,58,AA,CT,GG,AA,GG,CG,GT,AA,CC,GG,AT,CT,CG,AT,TT,GG,CG,TT,TT,AA,CC,TT,TT,CC,TT,CT,TT,TT,GG,AA,TT,CC,AA,CC,GG,GG,GG,CC,GG,AC,GT,CC,AC,TT,AG,GG,TT,TT,CC,AC,GT,AA,AA,GG,CT,TT,AT,AA,GG,AC,AA,TT,TT,AA,TT,AT,CC,GG,TT,GG,AA,GT,CC,AA,AG,AA,AT,GG,TT,TT,GG,GG,GG,AC,AT,AG,NN,AA,CC,TT,CC,TT,CT,TT,TT,GG,CT,CC,TT,CC,CC,CG,AA,AA,TT,TT,CC,AA,AG,AA,CT,GG,TT,CC,TT,AC,AA,TT,CC,GG,CG,GG,CC,GG,CT,AA,CC,CC,CC,CC,AA,TT,CC,AA,CC,CC,AA,NN,AA,AA,GG,CT,CC,GG,AA,AA,AA,CC,GT,CC,CG,AA,AG,GG,GT,GG,AC,GG,TT,AG,CC,GT,TT,TT,CC,AA,GT,TT,AA,TT,CC,CC,AA,CC,CC,CC,CG,CC,NN,GG,AG,CC,TT,CG,GG,GT,GG,AT,AA,GG,TT,AC,CG,AA,CC,CC,GG,GG,AA,GG,TT,AA,AA,CC,GG,AA,CC,AA,AA,GG,TT,TT,AA,CG,GT,AT,CG,AT,GT,NN,GG,AA,CT,AA,TT,CC,TT,AC,CC,TT,GG,AG,CC,AA,CC,TT,TT,GT,GG,TT,AA,AA,AA,GG,CC,NN,GG,CC,GG,TT,AA,CC,GT,GG,CC,CC,AA,GG,CC,AA,CG,AA,AA,CC,CG,AA,TT,AA,GG,AA,AA,AA,AA,GG,NN,AG,AA,TT,GG,AA,AG,AC,AA,TT,AA,AA,GG,GG,GG,TT,AA,AA,GT,TT,TT,AA,AA,GG,GG,AA,9.87,Resistant,Low,Standard,Medium
L0771,Davangere,Karnataka,Rabi,Black Cotton,Irrigated,430,25.5,58,AC,CT,GG,AG,CG,CC,GG,TT,CC,CG,AA,NN,CG,TT,GT,GG,GG,AT,TT,AA,CC,GT,GT,CC,AT,CC,NN,TT,GG,AA,TT,CT,AA,CC,GG,GG,GG,GG,GG,CC,TT,TT,AA,GT,AA,AG,TT,AT,CC,AC,GT,AA,AA,GG,CC,TT,AA,AA,GT,CC,AA,GT,TT,GG,TT,AT,CC,GT,TT,GG,AA,GG,CC,AA,GG,AC,AT,GG,TT,TT,GG,GG,GG,CC,AT,GG,AA,AA,CC,TT,CC,TT,CC,TT,GT,GG,TT,CC,TT,CT,CC,CG,AG,AA,TT,TT,CC,AA,AG,AA,CT,GG,GT,CC,TT,AA,AA,AT,CC,AG,GG,AG,CC,GG,CT,AA,CC,CC,CC,CC,AA,TT,CC,AA,CC,CT,AA,TT,AA,AA,GG,CC,CG,GG,AA,AA,AA,AC,GG,CC,CC,AA,AA,GG,GT,GG,AA,GT,TT,AG,CC,TT,TT,TT,NN,AA,TT,TT,AT,TT,GG,CC,AA,CT,CC,CC,GG,CC,AA,GG,GG,CC,TT,CC,NN,GT,GG,TT,AA,AA,GT,CC,GG,NN,CC,CC,GG,GG,AC,GG,TT,AC,AA,CC,GG,AA,AC,AA,AT,GT,GT,TT,AT,CG,GG,AA,CC,TT,TT,AA,GG,AA,TT,AC,TT,CC,CC,AA,CC,TT,GG,AG,CC,GG,CC,TT,TT,GT,GG,TT,AA,AC,AA,GG,CC,CG,GG,CC,GG,AT,AA,CG,GT,GG,CG,CC,AA,GG,CC,AA,CC,AA,AA,AC,GG,AA,TT,AA,GG,AA,AC,AA,AA,GG,AA,AA,AA,TT,GG,AA,AA,CC,AA,CT,AA,AG,GG,GG,GG,TT,AA,AA,TT,TT,NN,AG,TT,GG,NN,AA,10.42,Susceptible,Low,Standard,Early
L0772,Davangere,Karnataka,Rabi,Black Cotton,Irrigated,430,25.5,58,AC,TT,GG,AG,GG,CC,GG,TT,CC,CG,AA,CC,CC,AT,TT,GG,GG,TT,TT,AG,CG,TT,TT,CT,TT,CC,TT,TT,GG,AA,TT,CC,AA,CC,GG,GG,GG,CG,GG,CC,TT,CT,AA,GG,AG,AA,CT,TT,CC,AC,TT,AA,AA,CG,CC,TT,AA,AA,GT,AC,AG,GT,AA,GG,TT,TT,CT,GG,TT,GG,AA,GG,CC,AA,GG,AA,TT,GG,TT,TT,GG,GG,GT,CC,AA,GG,AA,AT,CG,TT,CC,TT,CT,AT,NN,GG,CT,CC,TT,CT,CC,CG,AG,AA,TT,GT,CC,AA,AG,CC,CT,GG,GT,CC,TT,AA,AA,TT,CG,GG,CC,GG,CC,GT,TT,AA,CC,CC,CC,CC,AA,TT,CC,AA,CC,CT,AA,TT,AA,AA,GG,CT,CC,GG,AA,AA,AA,CC,GT,CC,CC,AG,AA,GG,GT,GG,AA,TT,TT,GG,AC,TT,GT,TT,CG,AA,TT,TT,AA,TT,GG,NN,AG,TT,AC,CC,GG,CC,AA,GG,GG,AC,TT,CC,GG,TT,GG,TT,AA,AA,TT,CC,GG,AC,AC,CC,GG,GG,AC,GG,TT,AA,AA,CC,GG,AA,AC,TT,AA,GG,TT,TT,AT,CC,GT,AA,GG,NN,GT,AA,GG,AA,CT,NN,TT,CG,TT,CC,CC,CT,GG,AA,CC,AA,AC,TT,TT,TT,GG,TT,AC,AC,AA,GG,CC,CG,GG,CC,GG,AT,AA,CC,TT,AG,CC,CC,AA,AG,CC,AA,CC,AA,AA,AC,CG,CC,TT,AA,GG,AA,AA,AC,AA,GG,AG,AA,AA,TT,GG,AC,AG,CC,AA,TT,AG,AA,GG,GG,GG,TT,AA,AG,TT,TT,TT,AA,NN,GG,GG,AA,6.88,Moderate,High,Poor,Medium
L0773,Davangere,Karnataka,Rabi,Black Cotton,Irrigated,430,25.5,58,AC,TT,GG,AA,GG,CC,GG,TT,CC,NN,AA,CT,CC,TT,GG,GG,GG,AT,TT,AG,CC,GT,GG,CC,TT,CC,GT,TT,GT,AC,TT,CC,AG,CC,GG,GG,GG,CC,GG,CC,TT,TT,AA,TT,AG,GG,CT,TT,CC,AA,NN,AA,AG,GG,CC,TT,AA,AC,GT,AA,AA,GT,AT,AA,TT,TT,CC,GG,TT,GG,GG,GG,AC,NN,AG,AC,AA,GG,TT,TT,GG,GG,GG,AC,AA,GG,AA,AT,CC,TT,CC,TT,CC,TT,TT,GG,TT,CC,TT,NN,CC,CC,AG,AA,AT,GT,CC,AA,AG,AA,CT,GG,GT,CC,TT,AA,AA,TT,NN,GG,CG,AG,CT,GG,TT,AG,CC,CC,CC,CC,AA,TT,CC,AA,CC,CC,AA,AT,AA,AA,CG,CC,CC,AG,AA,AG,AA,CC,GT,CC,CG,AA,GG,GG,TT,GG,AC,TT,CC,GG,AC,TT,GT,TT,CG,AT,TT,TT,AT,AT,GG,CC,AA,TT,CC,CC,CG,CC,AA,NN,AG,CC,TT,CC,GT,TT,GG,AT,AA,AA,GT,CC,GG,AA,CC,CC,GG,GG,AC,GG,TT,AA,AA,CC,GG,AT,AC,AA,AT,GG,TT,TT,AT,GG,GG,AA,CG,TT,GT,AA,GG,AA,TT,AA,TT,CC,TT,AA,CC,TT,CG,AG,CC,AG,CC,TT,CT,TT,GG,TT,AA,AC,AA,NN,CC,CG,GG,CC,GG,TT,NN,CC,TT,GG,CC,CG,AA,GG,CC,AT,CC,AA,AA,AA,CG,AC,TT,AA,GG,AA,AA,AA,AC,AG,AG,AG,AA,TT,GG,AA,AA,CC,AA,CT,AA,AA,CG,GG,GG,GT,AT,AA,TT,TT,TT,GG,TT,GG,CC,AA,4.59,Susceptible,Medium,Premium,Early
L0774,Davangere,Karnataka,Rabi,Black Cotton,Irrigated,430,25.5,58,AC,TT,AA,AG,CG,CC,GG,TT,CC,CG,AA,CC,CC,TT,TT,GT,CG,TT,AT,AG,CC,GT,GT,CC,TT,CC,TT,TT,GG,AA,TT,CT,AG,CC,GG,GG,GG,CC,GG,CC,TT,CT,AA,TT,AG,GG,TT,AT,CC,AC,GG,AA,AA,GG,NN,GT,AA,AC,GG,AC,AA,GT,TT,GG,TT,TT,CC,GG,TT,GG,AG,GG,CC,AA,AG,AA,AA,GG,TT,TT,GG,GT,GG,CC,AT,GG,AA,AA,CC,TT,CC,TT,TT,TT,TT,GG,TT,CC,GT,CC,CC,CC,AA,AA,AT,TT,CC,AA,AG,AA,CC,GG,GT,CC,GT,AA,AA,TT,CC,GG,CC,AG,CC,GT,CT,AA,CT,CC,CC,CC,AA,TT,AC,NN,CC,CT,AA,TT,AA,TT,GG,CC,CG,AG,AA,AG,NN,CC,GT,CC,CG,AA,AA,GG,TT,AG,CC,GT,CC,GG,CC,TT,GT,TT,CC,AA,GT,CT,AT,TT,CG,CC,AA,TT,CC,CC,CG,AC,AA,GG,AG,CC,TT,CC,GT,TT,GG,AT,AA,GG,TT,AC,CG,AA,AC,CC,CG,GG,AC,CG,TT,AA,AA,CC,GG,AA,AC,AA,AA,GT,TT,TT,AT,CG,GT,AT,CC,AT,GT,AA,GG,AA,TT,NN,TT,CC,TT,AA,CC,NN,GG,AG,CC,AG,CC,TT,CT,GT,GG,TT,AA,CC,AG,GG,CC,CG,GG,CG,GG,AT,AG,CC,TT,GG,CG,CC,AT,GG,CC,AT,CC,AA,AA,AA,CC,AC,AT,AA,GG,AA,AA,AC,AA,AG,AG,AA,AA,TT,GG,AA,AA,CC,AA,CC,AA,AA,GG,GG,GG,TT,AA,AA,GT,TT,TT,AG,AA,GG,CG,AA,8.63,Moderate,High,Premium,Late
L0775,Davangere,Karnataka,Rabi,Black Cotton,Irrigated,430,25.5,58,AA,CT,GG,AA,CG,CC,GG,TT,CC,CG,AA,CC,GG,TT,TT,GG,GG,TT,TT,AA,CC,TT,GT,CT,TT,CC,TT,TT,GG,AA,TT,CT,AA,CC,AG,GG,GG,CC,GG,CC,TT,CT,AA,GT,GG,AG,TT,AT,CC,AC,GT,AA,AG,GG,TT,GT,AA,AA,GG,AC,AA,GT,AT,AA,TT,AT,CC,GG,TT,GG,AA,GG,CC,AA,GG,AC,AT,GG,TT,TT,GG,GT,GT,CC,AA,GG,AA,AT,CG,GT,CC,TT,CC,TT,GT,AG,CT,CC,GT,CC,CT,NN,AA,AA,TT,GT,CC,GG,AA,AA,CT,GG,TT,CC,TT,AA,AA,TT,CG,AG,CG,GG,CC,GG,TT,AA,CC,CC,AC,CC,AA,TT,CC,AA,CC,CC,AA,TT,AA,AT,CG,CT,CG,GG,AA,AA,AA,CC,GT,CC,CC,AA,AA,AG,GT,AG,AA,TT,CT,AG,AA,GT,NN,TT,CC,AA,GT,TT,AA,TT,GG,CC,AA,CT,CC,CC,CG,CC,AA,GG,AA,CC,TT,CC,GT,TT,CG,AT,AG,AA,NN,CC,GG,AC,NN,CG,GG,GG,AA,GG,TT,AA,AA,CC,GG,AA,CC,AA,AA,GG,TT,TT,AA,GG,GT,AT,GG,AT,GT,AA,GG,AA,TT,AA,TT,CC,TT,AA,AC,TT,GG,AA,CC,AG,CC,TT,CT,TT,GG,NN,AA,AA,AA,GT,CC,CG,GG,CC,GG,AT,AG,CG,TT,GG,CC,CC,AA,GG,CC,AT,CC,AA,AA,CC,CC,AC,TT,AA,CG,AA,AC,AA,AC,GG,AG,AA,AA,TT,GG,AA,AG,AC,AA,CT,AG,AA,GG,GG,CC,TT,AT,AG,TT,TT,TT,AA,AT,GG,GG,AC,7.06,Resistant,Medium,Poor,Medium
L0776,Davangere,Karnataka,Rabi,Black Cotton,Irrigated,430,25.5,58,AC,TT,AG,AG,GG,CC,GG,AT,CC,CG,AA,CC,CC,TT,TT,GT,GG,TT,TT,AA,CC,TT,TT,CT,TT,CC,TT,AT,GG,AA,TT,CC,NN,CC,GG,GG,GG,CC,GG,NN,TT,CT,AA,TT,AG,GG,TT,TT,CC,AC,GG,AA,AG,GG,CC,TT,AA,AA,GT,AA,AA,GT,AT,AG,TT,TT,CC,GG,TT,TT,AG,GG,CC,AG,GG,AA,AA,GG,TT,TT,GG,GG,GG,CC,AT,GG,AA,AA,CC,GT,CC,TT,CT,TT,TT,GG,CT,AC,TT,CC,CT,CG,GG,AA,TT,TT,CG,AA,AG,AA,CC,GG,TT,CC,TT,AA,AC,TT,CC,GG,CC,GG,CT,GT,CC,AA,CT,CC,AC,CC,AA,TT,CC,AA,CC,CC,AA,TT,AA,AA,GG,CC,CC,GG,AG,AA,AA,CC,GG,CC,CC,AA,AA,GG,TT,GG,AA,TT,CT,GG,CC,TT,GG,CT,CC,AT,GT,TT,AA,AT,GG,NN,AA,CT,CC,AC,CG,CC,AA,GG,AG,CC,TT,CG,TT,GT,GG,TT,AA,AG,TT,CC,GG,AA,CC,NN,GG,AG,AA,GG,TT,AA,AG,CC,GG,AA,CC,AA,AA,GT,TT,TT,AA,GG,GG,AT,CG,TT,GT,AA,GG,AA,CT,AA,AT,CC,TT,AC,AC,TT,GG,GG,CG,AG,AC,TT,TT,GT,GG,TT,AC,CC,AA,GG,CG,CC,GG,CC,GG,TT,AA,CC,TT,GG,CC,CC,AA,AG,CC,AT,CC,AA,AA,AC,CC,CC,AT,AA,NN,AA,AC,AC,AA,GG,AG,AA,AA,TT,GG,AA,AG,AC,AA,CC,AA,AA,CG,GG,GG,TT,AT,AG,TT,TT,TT,AA,AA,GG,GG,CC,8.02,Resistant,Low,Premium,Medium
L0777,Davangere,Karnataka,Rabi,Black Cotton,Irrigated,430,25.5,58,AC,TT,GG,AA,GG,CC,GT,TT,CC,CC,AA,CT,CC,TT,GT,GG,CG,TT,AT,AA,CC,TT,GT,CC,AT,CC,TT,TT,GT,AC,TT,CC,AA,NN,GG,GG,GG,CC,NN,CC,TT,TT,AA,TT,AA,GG,CT,AT,CC,AC,GT,AA,AA,GG,CT,TT,AT,AA,GG,AA,AA,TT,TT,AA,CT,AT,CC,GG,TT,GT,AG,GG,NN,AA,GG,AC,AA,GG,TT,TT,GG,GT,NN,CC,AT,GG,AA,AA,CC,GT,CC,TT,CT,TT,TT,GG,TT,CC,GT,CC,CC,CG,GG,AA,TT,TT,CC,AG,AG,AA,CT,GG,TT,CC,TT,AA,AA,TT,CC,AA,CC,GG,CC,GG,CT,AA,CC,CC,CC,CC,AA,GT,CC,AC,CC,CC,AA,TT,AG,AA,GG,CC,CC,GG,AG,AA,AA,CC,GG,CC,CC,AA,AG,GG,TT,AG,AC,TT,TT,AG,CC,TT,TT,TT,CG,AT,GT,TT,AA,AT,GG,CC,AG,CC,CC,CC,GG,CC,AT,AG,AG,AC,TT,CG,GG,GT,GG,AA,AA,AA,TT,CC,GG,AC,AC,CC,GG,GG,AA,GG,TT,AA,AA,CC,GT,AT,NN,AA,AT,GT,TT,AT,AA,GG,GT,AA,CC,AT,TT,NN,GG,AA,TT,AA,TT,CC,TT,AC,CC,CT,CG,AG,CC,AA,CC,TT,TT,GG,GG,TT,AA,AA,AG,GG,CC,CC,GG,CC,GG,AT,AA,CG,TT,GG,CG,CC,AA,AG,CG,AA,CC,AA,AA,AC,CG,AC,TT,AA,GG,AA,AA,AA,AA,GG,AA,AA,AA,AT,GG,AA,AG,CC,AC,CT,NN,AA,GG,GG,GG,TT,NN,AA,TT,TT,TT,AG,TT,GG,GG,AA,7.08,Susceptible,Low,Standard,Medium
L0778,Davangere,Karnataka,Rabi,Black Cotton,Irrigated,430,25.5,58,AC,TT,GG,GG,CG,CC,GG,TT,CC,CC,AA,CC,CC,AT,TT,GG,CG,TT,TT,AG,CC,GG,GT,NN,TT,CC,GG,TT,GG,AA,CT,CC,AA,CC,GG,CG,GG,CG,GG,CC,TT,TT,AA,GT,AA,AG,TT,AT,CC,CC,GT,NN,AA,GG,CC,TT,AA,AA,GT,AA,AA,TT,AT,AA,TT,TT,CC,GG,TT,GG,AG,GG,CC,AA,GG,AC,TT,GG,TT,TT,AG,GT,GG,CC,AA,AG,AA,AA,CC,GG,CC,TT,CT,TT,TT,GG,TT,CC,GG,CC,CC,CG,AA,AA,AT,TT,CG,AA,AA,AA,CT,GG,TT,NN,TT,AA,AA,TT,CC,AG,CG,GG,CC,GG,TT,AA,CC,CC,CC,CC,AA,TT,CC,AA,CC,CC,AA,TT,AA,AA,GG,CC,CG,GG,AG,AG,AA,CC,GG,CC,CC,AA,AA,GG,TT,AG,AC,TT,CT,GG,AC,GG,GT,TT,CC,AA,TT,TT,AA,TT,GG,NN,AG,CC,CC,CC,GG,CC,AA,GG,AA,CC,TT,CG,TT,GG,GG,AT,AA,AA,TT,CC,GG,AC,CC,CC,GG,GG,AC,CG,TT,AA,AA,CC,GG,AA,AC,AA,AA,GG,TT,AT,AA,GG,GG,TT,CG,AT,GT,AA,GG,AA,CT,AA,TT,CC,TT,AA,CC,TT,CG,AG,CG,GG,AC,TT,CT,TT,GG,TT,AC,CC,AG,GG,CC,CC,GG,CC,GG,TT,AA,CC,TT,GG,CC,CG,AA,GG,CC,AT,CC,AA,AA,CC,CC,AC,TT,AA,GG,AA,AC,AC,AA,AG,NN,AA,AA,TT,GG,AA,AA,CC,AC,TT,AA,AA,GG,GG,GG,GT,NN,AA,TT,TT,TT,AG,NN,GG,GG,AA,6.61,Susceptible,Low,Poor,Early
L0779,Davangere,Karnataka,Rabi,Black Cotton,Irrigated,430,25.5,58,AC,TT,GG,AA,GG,CC,GG,TT,CC,CC,AA,CC,CC,AT,GT,GG,GG,TT,TT,AA,CC,GT,GT,CC,TT,CC,TT,AT,GG,AA,TT,CC,AA,CC,AG,GG,GG,CC,GG,CC,TT,CT,AC,TT,AG,GG,TT,AT,CC,AC,GG,TT,AA,GG,CC,TT,AA,AC,GG,AA,AA,TT,TT,AG,TT,TT,CC,GG,CT,GG,AG,GT,CC,AA,GG,AC,AA,GG,TT,TT,GG,GG,GG,CC,AA,AG,AG,AA,CC,TT,CC,TT,CT,TT,TT,GG,TT,CC,GT,CC,CC,NN,GG,AG,TT,NN,CG,AA,AG,AA,CC,GG,TT,CC,TT,AA,AC,NN,CC,GG,CC,GG,CC,GT,TT,GG,TT,CG,CC,CC,AA,TT,CC,AA,CC,CC,AG,AT,AA,AA,CG,CC,CC,GG,AA,AG,NN,CC,GG,CC,CC,AA,AG,GG,TT,GG,AC,NN,CT,GG,AC,GT,TT,TT,CC,AA,GG,TT,AT,TT,CG,CC,AG,CC,CC,CC,CG,CC,AA,GG,AA,CC,TT,CC,GG,TT,GG,AA,AA,AG,TT,CC,GG,AC,CC,CC,GG,AG,AC,GG,TT,AC,AA,CC,GG,AT,CC,AA,AA,GT,GG,AT,AA,GG,GT,NN,CC,TT,GG,AA,GG,AA,TT,AA,TT,CC,TT,AC,CC,TT,CG,AA,CC,AA,CC,TT,TT,GT,GG,AT,AA,AA,AG,GT,CG,CC,GG,CC,GG,AT,AA,CC,GT,GG,CC,CG,TT,GG,CC,AA,CC,AA,AA,CC,CC,CC,TT,AA,GG,AA,AA,CC,AA,AG,AG,AG,AA,AT,GG,AA,AA,AC,AA,TT,AA,AA,GG,GG,GG,TT,AA,AA,TT,TT,TT,AA,TT,GG,NN,AA,8.62,Susceptible,Medium,Poor,Early
L0780,Davangere,Karnataka,Rabi,Black Cotton,Irrigated,430,25.5,58,AA,TT,GG,AG,GG,CC,GG,TT,CC,CC,AA,CC,CC,TT,TT,GG,CG,TT,TT,AA,CC,TT,GT,CT,TT,CC,TT,TT,GT,AA,TT,CC,AA,CC,AG,GG,GG,CC,NN,CC,TT,CT,AA,TT,AA,GG,TT,TT,CC,AC,GT,AA,AA,GG,CC,TT,AA,NN,GT,AC,AG,TT,TT,AA,TT,TT,CT,GG,TT,GG,AA,GG,AC,AA,GG,AC,AT,GG,TT,TT,GG,GG,GG,CC,AA,GG,AA,AA,CC,TT,AC,TT,CC,TT,TT,GG,TT,CC,TT,CC,CC,GG,AG,AA,TT,TT,CC,AG,AG,AA,CC,GG,GT,CG,TT,AA,AA,TT,CC,NN,CC,GG,CC,GG,TT,AA,CC,CC,CC,CC,AA,TT,CC,AA,CC,CC,AA,TT,AA,AT,GG,CT,CC,NN,AA,AA,AT,AC,GT,CC,CC,AA,AA,GG,TT,GG,AA,TT,CT,AG,CC,TT,GT,TT,CG,AT,TT,TT,AA,TT,GG,CC,AA,TT,CC,CC,CG,NN,AA,GG,AG,CC,TT,CC,GG,GT,CG,AT,AA,AG,TT,CC,GG,NN,AC,CC,GG,GG,AC,GG,TT,AA,AA,CC,GG,AA,CC,AA,AA,GG,TT,TT,AA,GG,TT,AA,CC,AT,TT,AA,GG,AA,CT,AA,TT,CG,CT,AA,CC,TT,CG,AG,CG,GG,AC,TT,TT,GT,GG,AA,AA,AC,AG,GG,CC,GG,GG,CC,GG,AT,AG,CC,TT,GG,CC,CC,AA,GG,CG,AA,CC,AT,AA,AC,CC,CC,NN,AA,GG,AA,AA,AC,AA,AA,AA,AG,AA,AT,GG,CC,AG,CC,AC,CC,AA,AA,GG,AG,GG,TT,AA,AA,TT,TT,TT,AA,TT,GG,GG,AA,7.32,Susceptible,High,Premium,Medium
L0781,Davangere,Karnataka,Rabi,Black Cotton,Irrigated,430,25.5,58,AA,TT,GG,AA,GG,CC,GG,AA,CC,CC,AA,CC,CG,TT,GT,GG,GG,TT,TT,AA,CC,TT,GT,CC,TT,CC,TT,TT,GG,AA,CT,CC,AA,CC,GG,GG,GG,CC,GG,CC,TT,CT,AC,TT,AA,AG,CT,AA,CC,AC,GG,AA,AA,GG,CT,GT,AA,AA,GT,AC,AA,TT,AT,GG,NN,TT,CC,GG,TT,GG,AA,GG,CC,AA,GG,CC,AA,GG,TT,TT,GG,GG,GT,CC,AT,GG,AA,AT,CG,TT,CC,TT,CT,TT,TT,GG,TT,CC,GG,CC,CT,CC,AA,AA,AT,TT,CG,AA,AA,AA,CT,GG,TT,CC,TT,AC,AA,TT,CC,GG,CG,GG,CC,GT,CC,AA,CC,CC,CC,CC,NN,TT,CC,AA,CC,CC,AA,TT,AA,AA,GG,CT,CG,GG,AA,AG,AT,CC,GG,CC,CC,AA,AG,GG,TT,AG,AA,TT,CT,GG,CC,TT,TT,CT,CC,AT,TT,TT,AA,TT,GG,CC,NN,CC,CC,CC,CG,CC,AA,GG,AA,CC,TT,CC,GG,GG,GG,AT,AA,AA,TT,CC,GG,AA,CC,CC,CG,GG,AA,GG,TT,AA,AA,CC,GG,AT,CC,AA,AT,GT,TT,TT,AT,GG,GG,AT,GG,TT,GT,AA,GG,AA,TT,AA,TT,CC,TT,AA,CC,CT,CC,AA,CC,GG,CC,TT,TT,GT,GG,TT,AA,CC,AG,GG,CC,GG,GG,CC,GG,AT,AA,CC,GT,GG,CC,CC,AA,GG,CC,AA,CC,AA,AA,AC,CG,AC,TT,AA,GG,AA,AA,AA,AA,NN,AA,AA,AA,TT,GG,AC,AA,AC,AA,CT,GG,AA,GG,GG,GG,TT,TT,AA,GT,TT,TT,AG,TT,GG,CG,AA,7.84,Moderate,Low,Poor,Late
L0782,Davangere,Karnataka,Rabi,Black Cotton,Irrigated,430,25.5,58,AA,CT,GG,AA,GG,CC,GT,TT,CC,CC,AA,CC,CC,TT,GT,GT,CG,TT,AT,AG,CC,TT,GT,CC,TT,NN,GT,TT,GG,AA,TT,CC,AA,CC,GG,CG,GG,CG,GG,CC,TT,TT,AA,GT,AG,GG,NN,AT,CC,CC,GG,AA,AA,GG,CC,GT,AA,AA,GT,AC,AA,GT,NN,AA,TT,TT,CC,GG,CT,GG,AA,GG,CC,AA,GG,CC,AA,GG,TT,TT,GG,GT,GG,CC,AT,GG,AA,AA,NN,GT,CC,TT,CC,TT,TT,GG,CT,AC,TT,CC,CC,CG,GG,AA,TT,TT,NN,AA,AA,AC,CC,GG,TT,CC,GG,AA,AA,TT,CC,AG,CC,AG,CC,GT,TT,AA,CC,CC,NN,CG,AA,TT,CC,AA,AC,CC,AA,AT,AA,AT,GG,CC,CC,GG,AG,AA,AA,CC,GG,CC,CC,AA,AA,AG,TT,GG,AA,GT,TT,NN,CC,TT,TT,TT,CG,AA,GG,TT,AT,AT,GG,CC,AG,CT,NN,CC,GG,AC,AA,GG,AA,CC,TT,CC,GT,GT,GG,AT,AA,AA,TT,AC,GG,AA,CC,CC,NN,GG,AA,GG,CT,AA,AA,CC,GG,AA,CC,AA,AT,GG,TT,TT,AT,NN,GT,AA,CC,TT,GT,AT,GG,AA,CT,AA,TT,CC,CC,AC,CC,TT,GG,AA,CC,AG,CC,TT,CC,GT,GG,TT,AA,AC,AA,GG,CC,CC,GG,CG,GG,TT,AG,CC,GT,GG,CC,CC,AA,AG,CC,AA,CC,AA,AA,CC,CC,CC,TT,AA,GG,AA,AA,AA,AA,AG,AA,AG,AA,TT,CG,AA,AG,AC,AA,CT,AA,AA,GG,GG,GG,TT,AT,GG,GT,TT,TT,AG,TT,GG,GG,AA,7.02,Moderate,Medium,Standard,Late
L0783,Davangere,Karnataka,Rabi,Black Cotton,Irrigated,430,25.5,58,AA,CT,GG,AG,NN,CC,GG,AT,CC,GG,AA,CC,CG,AT,TT,GG,CG,TT,TT,AA,CC,TT,GT,CC,TT,CC,TT,TT,GG,AA,TT,CC,AA,CC,GG,CG,GG,GG,GG,NN,TT,TT,AA,TT,AA,GG,TT,AT,CC,AC,GT,AA,AA,GG,CC,GT,AA,AA,TT,AA,AA,GT,TT,AA,TT,AT,CC,GG,TT,GG,AG,GG,CC,AA,GG,AA,AA,GG,TT,TT,GG,GG,GG,CC,AA,GG,AA,AA,CC,GT,CC,TT,CT,TT,GT,GG,CT,CC,TT,CC,CC,CG,GG,AA,TT,TT,CC,AA,GG,AA,CT,GT,TT,CC,GT,AA,AA,TT,NN,GG,CC,GG,CT,GT,CT,AG,CT,CC,CC,CC,AA,TT,CC,AA,CC,CC,AA,TT,AA,AA,GG,CC,CC,GG,AG,AG,AA,CC,GG,CC,CC,AA,AG,AG,TT,GG,AA,TT,TT,GG,CC,GT,TT,TT,CG,AT,GT,TT,AT,AT,GG,CC,AG,CT,CC,CC,GG,CC,AA,GG,AG,CC,TT,CG,GG,TT,CG,TT,AA,AA,TT,CC,GG,AA,CC,CC,GG,GG,AA,GG,TT,AA,AA,CC,GG,AT,CC,AA,AT,GT,TT,AT,AT,GG,GT,AA,CG,AT,TT,AA,GG,AA,CT,AA,TT,CC,TT,AC,CC,TT,GG,AG,CC,AA,AA,TT,CT,GT,GG,TT,AC,AC,AA,GG,CC,CG,GG,CG,GG,TT,AA,NN,TT,GG,CC,CC,AA,GG,GG,AA,CC,AA,AA,AA,CC,CC,AT,AA,GG,AA,AC,AA,AA,AG,AA,AG,AA,TT,GG,NN,AG,AA,AA,NN,AA,AA,CG,GG,GG,TT,AA,AG,TT,TT,TT,AA,AT,CG,GG,AA,6.82,Susceptible,High,Standard,Late
L0784,Davangere,Karnataka,Rabi,Black Cotton,Irrigated,430,25.5,58,AA,CT,AG,AG,GG,CC,GG,TT,CC,CG,AT,CT,CC,TT,TT,GG,CG,TT,TT,GG,CC,TT,GT,CC,TT,CC,GT,TT,GT,AA,TT,CC,AA,CC,GG,GG,GT,CC,GG,CC,GT,CT,AA,NN,AA,GG,TT,TT,CG,CC,GG,AA,AA,GG,CC,GT,AA,AA,TT,AA,AA,TT,AT,AG,TT,TT,CC,GG,TT,GT,AG,GT,AC,AA,AG,AC,AA,GG,TT,TT,GG,GT,GG,CC,AT,GG,AA,AA,CC,TT,CC,TT,CC,TT,TT,AG,TT,CC,GT,CC,CC,CC,AG,AA,TT,TT,CC,AG,AA,AA,CC,GG,TT,CG,TT,AA,AC,TT,CC,GG,CC,AG,CC,TT,TT,AA,CC,CC,CC,CC,AA,TT,CC,AA,CC,CT,AA,TT,AA,AA,GG,CC,CC,AG,AG,AA,AA,CC,GG,CC,CC,AG,AG,GG,GT,GG,AC,TT,TT,GG,AA,TT,TT,TT,CG,AT,TT,TT,TT,TT,GG,CC,AA,CT,CC,CC,GG,CC,AA,GG,AG,CC,TT,CC,GT,TT,CG,TT,AG,AG,TT,AC,CG,AA,AC,CC,GG,GG,AC,GG,TT,AA,AA,CC,GG,AA,AC,AA,AA,GG,TT,TT,AA,GG,TT,AT,CG,AT,GT,AA,GG,AA,CC,AA,TT,CG,TT,AA,CC,TT,CG,AG,CG,AG,AC,AT,TT,GT,CG,TT,AC,CC,AA,GG,NN,CC,GG,CG,GG,AT,AA,CG,TT,AG,CC,CC,AA,GG,CG,AT,CC,AA,AA,CC,CC,CC,TT,AA,GG,AA,AA,AA,AA,AG,AG,AA,AG,TT,GG,AC,AG,CC,AA,CT,AA,AA,CG,GG,GG,TT,AA,AA,TT,TT,TT,AG,TT,NN,GG,AA,5.97,Resistant,High,Poor,Late
L0785,Davangere,Karnataka,Rabi,Black Cotton,Irrigated,430,25.5,58,CC,TT,AG,GG,GG,CG,GT,AT,CC,CG,AA,CT,CC,TT,TT,GG,GG,NN,TT,AA,CC,GT,TT,CC,AT,CC,TT,TT,GG,AA,NN,CT,AA,CC,GG,CG,GT,CC,GG,CC,TT,TT,AA,TT,AA,GG,TT,TT,CC,CC,GG,AA,AA,GG,CC,TT,NN,AC,GG,AC,NN,GT,AT,AG,CT,TT,CC,GG,TT,GG,AA,GG,CC,AG,GG,AA,AA,GG,TT,TT,GG,GT,GG,CC,AA,GG,AA,AA,CG,GT,CC,TT,CC,TT,TT,GG,TT,CC,TT,CT,CC,CC,AG,AG,AT,TT,CC,AA,AG,AA,CC,GG,GT,CC,TT,AA,AA,TT,NN,GG,CC,GG,CC,GG,TT,AA,CC,CC,AC,CC,AA,TT,AC,AA,CC,CC,AA,TT,AA,AT,GG,CT,CC,GG,AA,GG,AT,CC,GT,CC,CC,AA,NN,GG,TT,GG,AA,GT,TT,AG,AC,GT,TT,TT,CG,AT,TT,TT,AA,TT,GG,CC,AA,CT,AC,CC,GG,CC,AA,GG,AG,CC,TT,CG,GT,TT,CC,AT,NN,AA,GT,CC,GG,AA,CC,CC,GG,GG,AA,GG,TT,AC,AA,CG,GG,AA,AC,AA,AT,GT,TT,AT,AA,CG,GG,AT,CG,TT,TT,AA,GG,AG,CT,AA,TT,CG,TT,AC,CC,TT,GG,AG,CC,AG,AC,TT,TT,TT,GG,TT,AC,CC,AA,GG,CC,CC,GG,CC,GG,AT,AA,CG,TT,GG,CC,CC,AA,AG,CG,AA,CC,AA,AA,CC,CG,CC,TT,AA,GG,AA,AA,AA,AC,GG,AA,AA,AA,TT,GG,AA,AA,AC,AA,CT,AA,AG,CG,GG,GG,GT,AT,AA,TT,TT,TT,AA,TT,GG,GG,AA,7.03,Susceptible,Medium,Standard,Early
L0786,Davangere,Karnataka,Rabi,Black Cotton,Irrigated,430,25.5,58,AC,TT,GG,AA,GG,CC,GG,AA,CG,CG,AT,CC,CG,TT,GT,GG,CG,TT,TT,AA,CG,TT,GG,CC,TT,CC,TT,TT,GG,AA,TT,CC,AA,AC,GG,GG,GG,GG,GG,CC,TT,CC,AC,TT,AG,AG,TT,TT,CC,AC,GT,AA,AA,GG,CC,GT,AA,AC,GG,AA,NN,TT,AT,AA,TT,TT,CC,GG,TT,GT,AA,GT,CC,AA,AG,AA,AT,GG,TT,TT,GG,GG,GG,CC,AA,GG,AA,AA,CC,TT,CC,TT,CT,AT,NN,GG,TT,CC,GT,CC,CC,CC,GG,AA,TT,TT,CC,AA,AG,CC,TT,GG,GT,CC,GT,AA,AA,TT,CG,AG,CC,GG,CT,GG,CT,AA,CT,CC,NN,CC,AA,TT,CC,AA,CC,CC,AA,AT,AA,AT,GG,TT,CC,GG,AG,AG,AA,CC,GT,CC,CC,AA,AG,GG,GT,GG,AA,TT,TT,GG,AC,GG,TT,TT,CG,AA,GT,TT,AA,TT,GG,CC,AA,CC,CC,CC,GG,CC,AA,GG,AG,CC,TT,CC,GT,TT,GG,TT,AA,AA,TT,CC,CG,AC,AC,CC,GG,GG,AC,GG,TT,AC,AG,CC,GG,AA,CC,AA,NN,GG,TT,AT,NN,GG,GT,AT,CC,TT,GT,AT,GG,AA,TT,AA,TT,CC,TT,AC,CC,TT,CG,GG,CC,AA,AA,TT,CT,TT,GG,TT,AC,CC,AA,GG,CC,CC,GG,CC,GG,AT,AA,CC,TT,GG,CG,CC,AA,GG,CC,AA,CC,AA,AA,CC,CG,AC,AT,AA,GG,AA,AA,AA,AA,GG,AA,AG,AA,AT,CG,AA,GG,CC,AC,CT,AA,AA,CG,GG,GG,TT,AT,AG,TT,TT,TT,AA,TT,GG,CG,AA,7.9,Moderate,Low,Poor,Early
L0787,Davangere,Karnataka,Rabi,Black Cotton,Irrigated,430,25.5,58,AA,TT,GG,AA,GG,NN,GG,TT,CC,CG,AA,CC,CG,TT,GT,GG,GG,TT,TT,AG,CC,GT,TT,CC,TT,CC,GT,AA,GG,AA,TT,TT,AA,AC,GG,GG,GG,GG,GG,CC,TT,CT,AA,TT,AG,AA,TT,TT,CC,CC,GT,AA,AG,GG,CT,TT,AA,AC,TT,CC,AA,TT,TT,AG,CT,TT,CC,GG,TT,GT,AA,GT,CC,AA,AG,AA,AT,GG,TT,TT,GG,GT,GG,CC,AT,GG,AG,AT,CC,GT,CC,TT,CT,TT,TT,GG,TT,CC,GT,CC,TT,CC,GG,AA,AT,TT,CC,AA,AA,AA,CT,GG,TT,CC,TT,AA,AA,TT,CC,GG,CC,GG,CC,GG,TT,AG,CC,CG,CC,NN,AA,TT,CC,AA,CC,CC,AA,TT,AA,AA,GG,CC,CC,GG,AA,AA,AA,CC,GT,CC,CC,AA,AG,AG,TT,GG,CC,TT,CT,GG,AC,GT,TT,TT,CC,AT,GT,TT,AT,AT,GG,CC,AG,CT,CC,CC,GG,CC,AA,GG,AA,CC,TT,CC,GT,GT,GG,AT,AA,AA,TT,AC,GG,AA,CC,CC,GG,GG,AC,GG,CT,NN,AA,CC,GG,AT,AC,AA,TT,TT,TT,TT,AA,CG,GT,AA,GG,AT,GG,AA,GG,AA,CT,AA,TT,CG,TT,AC,CC,TT,GG,AA,CC,GG,CC,AT,CT,GT,GG,TT,AA,CC,AG,GG,CC,CC,GG,CC,GG,AT,AA,CG,TT,GG,CC,CG,AA,AG,CC,AT,CC,AA,AA,AC,CC,CC,TT,AA,GG,AA,AA,AC,AC,GG,AA,AA,AA,AT,GG,AA,AA,AC,AC,TT,AA,AA,GG,GG,GG,TT,AT,AA,TT,TT,TT,AG,AT,GG,CG,AA,5.26,Moderate,Medium,Poor,Early
L0788,Davangere,Karnataka,Rabi,Black Cotton,Irrigated,430,25.5,58,AA,CT,AG,AA,CG,CC,GT,AA,CC,CC,AA,CC,CG,TT,TT,GG,GG,AT,TT,AA,CC,GG,TT,CC,AT,CC,TT,TT,GG,AC,TT,CC,AA,CC,GG,GG,GG,CG,GG,CC,TT,CT,AA,TT,AG,AA,TT,AT,CC,AC,GG,AA,AA,GG,CT,TT,AA,AC,GT,AC,GG,GT,TT,AA,TT,TT,CC,GT,TT,GG,AA,GG,AC,AA,AG,AC,AA,GG,TT,TT,GG,GT,GG,CC,AA,GG,AA,AT,CC,GT,CC,TT,CC,TT,TT,GG,TT,CC,GT,CC,CC,CC,AA,AA,TT,TT,CC,AG,GG,AA,CC,GG,TT,CG,GT,AA,AA,TT,CC,AG,CC,AG,CC,GG,CT,NN,CT,CC,CC,CC,AA,GT,CC,AA,CC,CC,AG,AT,AA,AT,GG,CC,CC,GG,AA,AA,AA,CC,GG,CC,CC,AA,AA,GG,TT,NN,AC,TT,CT,GG,CC,GT,TT,TT,CC,AT,GT,TT,AA,TT,CG,CC,AG,CT,CC,CC,GG,CC,AA,AG,AG,CC,TT,CG,GG,GG,CG,AT,AA,GG,TT,CC,GG,AC,CC,CC,GG,GG,CC,GG,TT,CC,AA,CC,GG,AA,AA,AA,AA,GG,TT,TT,AA,CG,TT,NN,CC,AT,TT,AA,GG,AA,TT,AC,TT,CC,CT,AA,AC,TT,CG,AG,CC,AG,CC,TT,TT,TT,GG,TT,AA,CC,AG,GG,CC,CG,GG,CC,GG,AT,AA,CC,TT,GG,CC,CG,AA,GG,CC,AA,CG,AA,AA,AA,CG,AC,TT,AA,GG,AA,AA,NN,AA,GG,AG,AA,AA,TT,GG,AA,AA,CC,AA,CT,AA,AA,GG,AG,GG,TT,AA,AA,TT,TT,TT,AA,TT,GG,GG,AC,7.4,Moderate,Medium,Standard,Medium
L0789,Davangere,Karnataka,Rabi,Black Cotton,Irrigated,430,25.5,58,AA,TT,GG,AA,GG,CC,GG,TT,CC,CG,AA,CC,CC,TT,TT,GG,CG,TT,TT,AA,CG,TT,TT,CC,TT,CC,NN,AT,GG,AA,TT,CT,GG,CC,GG,GG,GG,CG,GG,CC,TT,TT,AA,TT,AG,GG,CT,TT,CC,AC,GG,AA,AA,GG,CC,TT,AA,AC,TT,AA,AA,GT,TT,AA,CT,AT,CC,GG,TT,GG,AG,GG,AC,AA,GG,AC,AT,GG,TT,CC,GG,GT,GG,CC,AT,GG,AA,AA,CC,GG,AC,TT,CC,TT,NN,GG,TT,CC,TT,CC,CC,CC,GG,AA,AT,GT,CC,AA,AA,AA,CC,GT,TT,CC,TT,AA,AA,TT,CC,GG,CC,GG,CC,NN,TT,AA,CT,CC,CC,CC,AG,TT,CC,AA,CC,CC,AA,AT,AA,AA,GG,CC,CC,GG,AA,AG,AA,CC,GG,CC,CC,AA,AA,AG,GT,GG,AC,GT,CT,AG,CC,GT,GT,TT,CC,AA,GT,TT,AA,AT,GG,CC,AA,CC,CC,CC,CG,CC,AA,GG,AA,CC,TT,CG,GT,TT,CG,TT,AA,AA,NN,CC,CG,AA,CC,CC,GG,GG,AA,GG,CT,AC,AA,CC,GT,AT,AA,AT,TT,GG,TT,AT,AA,CG,GG,AA,CC,TT,GT,AA,GG,AA,TT,AC,TT,CC,TT,AC,CC,CT,CG,AA,CG,AG,AC,TT,CC,TT,GG,TT,AA,AC,AA,GG,CC,CC,GG,CC,GG,AT,AA,CC,GT,GG,CC,CG,AT,GG,CG,AA,CC,AA,AA,CC,CG,AC,TT,AA,GG,AA,AA,AA,AA,GG,GG,AA,AA,TT,GG,AA,AG,CC,CC,TT,AA,AA,GG,GG,GG,GT,AA,AA,TT,TT,TT,AA,AT,GG,GG,AA,7.28,Resistant,Medium,Premium,Medium
L0790,Davangere,Karnataka,Rabi,Black Cotton,Irrigated,430,25.5,58,AC,TT,AG,GG,CG,CC,GT,AT,CC,CC,AA,CC,CC,TT,GT,GT,CG,TT,TT,AA,CC,TT,TT,CC,TT,CC,TT,AT,GG,AA,TT,CC,AA,CC,AG,GG,GG,CC,GG,CC,TT,TT,AA,TT,AA,AA,CT,TT,CC,AC,GG,AA,AG,GG,CC,TT,AT,AC,GG,AA,AG,GT,TT,AA,TT,TT,CC,GG,TT,GT,AA,GG,CC,AA,GG,AC,AT,GG,TT,TT,GG,GG,GT,CC,AA,GG,AG,AA,CC,TT,CC,TT,CC,TT,TT,AG,TT,CC,GG,CC,CC,CG,AG,AA,AT,GT,CC,AA,AG,AA,CT,GT,TT,CC,TT,AC,AA,TT,CC,AG,CC,GG,CC,GG,TT,AG,CC,CC,CC,NN,AG,TT,CC,AA,CC,CC,AG,AT,AA,AA,GG,CC,CG,GG,AA,AG,AA,CC,GG,CC,CC,AA,AA,GG,TT,GG,CC,GT,CT,GG,CC,GT,TT,TT,CG,AA,TT,TT,AT,TT,GG,CC,AA,CC,AC,CC,GG,CC,AA,GG,GG,CC,TT,CC,TT,GG,CG,AT,AG,AA,TT,AC,GG,AA,CC,CC,GG,GG,AC,GG,TT,AA,AA,CG,GG,AA,CC,AA,AT,GT,TT,TT,AA,CG,GG,AA,CG,TT,TT,AA,GG,AA,TT,AA,TT,CC,CT,AA,AC,TT,CG,AG,CC,AG,AC,TT,CT,TT,GG,TT,AC,CC,AG,GG,CC,CC,GG,CC,GT,AA,AA,CC,TT,GG,CC,CG,AA,GG,CC,AA,CC,AT,AA,CC,CC,CC,TT,AA,GG,AA,AA,AA,AA,GG,AA,AA,AA,TT,GG,AA,AG,AC,AA,CT,AG,AA,GG,GG,GG,GT,AA,AA,TT,TT,TT,GG,AA,GG,GG,NN,7.68,Susceptible,Low,Poor,Medium
L0791,Davangere,Karnataka,Rabi,Black Cotton,Irrigated,430,25.5,58,AA,CT,GG,GG,CG,CC,GT,TT,CC,CG,AA,CT,CG,AT,GT,GG,GG,TT,AT,AA,CC,TT,TT,CC,TT,CC,TT,TT,GG,NN,TT,CC,AA,CC,AG,GG,GG,CG,GG,CC,TT,CC,AA,TT,AA,GG,TT,TT,CC,CC,GG,AA,AA,GG,TT,TT,AA,AC,TT,AC,AA,TT,AT,AA,TT,TT,CC,GG,TT,GT,AG,GG,CC,AA,GG,AA,AA,GG,TT,TT,GG,GG,GT,CC,AA,GG,AA,AT,CC,TT,AC,TT,TT,TT,TT,GG,TT,AC,TT,CC,CC,CC,AG,AA,TT,TT,CC,AA,AA,AA,CC,GG,NN,CG,TT,AA,AA,TT,CC,GG,CC,AG,CC,TT,TT,AG,CC,CC,CC,NN,AA,NN,AC,AA,CC,CC,AA,TT,AA,AT,CG,CC,CC,GG,AG,AG,AA,CC,GG,CC,CC,AA,GG,GG,TT,GG,AA,TT,CT,GG,AC,TT,TT,TT,CG,TT,TT,NN,AA,TT,GG,CG,AG,CT,AC,NN,GG,CC,AA,GG,AA,CC,TT,CC,GG,TT,GG,TT,AA,AA,GT,AC,GG,AC,CC,CC,GG,GG,AA,GG,TT,AA,AG,CG,GG,AA,CC,AT,AT,GG,TT,AT,AA,CG,GT,AA,CC,TT,TT,AA,GG,AA,CT,AA,TT,CC,CT,CC,AC,CT,GG,AG,CC,AG,CC,TT,TT,TT,GG,TT,AA,AC,GG,GG,CG,CC,GG,CC,GG,AA,AA,CC,TT,GG,CC,CC,AA,AG,CC,AT,CC,NN,AG,CC,CG,CC,TT,AA,GG,AA,AA,AC,AA,AG,GG,AA,AA,AT,GG,AA,AA,AC,CC,CT,AA,AA,GG,GG,GG,TT,AA,AA,TT,TT,TT,AG,TT,GG,GG,AA,6.6,Moderate,High,Standard,Late
L0792,Davangere,Karnataka,Rabi,Black Cotton,Irrigated,430,25.5,58,AC,TT,AG,GG,GG,CC,GT,TT,CC,NN,AA,CC,CC,TT,TT,GG,CG,TT,AT,AA,CC,TT,GT,CT,TT,CC,TT,TT,GG,AA,TT,CC,AA,NN,GG,CG,GG,CC,GG,CC,TT,CT,AA,TT,AA,NN,TT,AT,CC,CC,GG,AA,AA,GG,CC,GT,AA,AA,TT,AA,AG,TT,TT,AA,TT,AT,CC,GG,TT,GT,AA,GG,CC,AA,GG,AA,AA,AA,GT,TT,GG,GT,GT,CC,AA,GG,AA,AT,CC,GT,CC,TT,CC,TT,GT,GG,TT,CC,TT,CC,CC,CC,AG,AA,TT,TT,CC,AA,AG,AA,CC,GG,TT,CC,GT,AC,AA,TT,CG,AG,NN,GG,CC,GG,TT,AA,NN,CC,CC,CC,AA,GT,CC,AC,CC,CC,AG,AT,AG,AA,GG,CC,CC,GG,AA,AA,AA,CC,GG,CC,CC,AA,AA,GG,TT,GG,AA,GT,TT,GG,CC,TT,GT,TT,CC,TT,TT,TT,AA,TT,NN,CC,NN,CT,CC,AC,CG,CC,AA,GG,AA,CC,TT,CC,GG,GT,GG,AT,AA,AG,TT,CC,GG,AA,CC,CC,GG,GG,AC,GG,TT,AC,NN,CG,GG,AA,CC,AA,AA,GG,TT,TT,AA,GG,TT,AT,CG,TT,TT,AA,AG,AA,CT,AA,TT,CC,CT,AA,CC,CT,GG,AA,CC,AA,CC,AT,TT,GT,GG,TT,AA,AC,AG,GG,CC,CC,GG,CC,GG,AT,AG,CC,TT,AG,CC,CC,AA,AG,CC,AA,CC,AA,AA,CC,CC,CC,TT,AG,GG,AA,AA,AA,AA,AG,AG,AG,AA,TT,GG,AC,AG,CC,AC,TT,AA,AA,GG,GG,GG,GT,AT,AA,TT,TT,TT,AG,AT,GG,GG,AA,7.68,Moderate,High,Premium,Medium
L0793,Davangere,Karnataka,Rabi,Black Cotton,Irrigated,430,25.5,58,AC,CT,GG,AA,GG,CC,GG,TT,CC,GG,AA,CC,CG,TT,GG,GG,GG,TT,TT,AA,CC,GT,GT,CC,TT,CC,TT,AT,NN,AA,CT,CC,AA,AC,GG,CG,GG,CG,GG,CC,TT,TT,AA,TT,AA,GG,TT,TT,CC,AC,GG,TT,AA,GG,CC,TT,AA,AA,GG,AA,AA,TT,AT,AG,TT,NN,CC,GG,TT,GG,AA,GT,CC,AA,GG,CC,AT,GG,TT,TT,GG,GG,GT,CC,AA,GG,AA,AA,CC,GT,AC,NN,CT,TT,TT,GG,CC,CC,TT,CC,CC,CC,AG,AA,TT,TT,CC,AA,AG,AA,CC,GG,TT,CG,TT,AA,AC,TT,CC,GG,CC,GG,CC,GT,CT,AG,CT,CC,CC,CC,AA,TT,CC,AA,CC,CC,AA,AT,AA,AA,GG,CT,CC,GG,AA,AA,AA,CC,GG,CC,CC,AG,AA,GG,TT,AG,AA,TT,CT,GG,AC,TT,GT,TT,CC,AA,TT,TT,AA,AT,GG,CC,AA,TT,CC,CC,GG,CC,AA,GG,AG,CC,GT,CC,GT,TT,GG,TT,AA,NN,TT,CC,GG,AA,CC,NN,GG,GG,AC,GG,TT,AA,AA,CC,GG,AT,AC,AT,AT,GG,TT,AT,AT,GG,GG,AA,CC,AT,TT,AT,GG,AA,TT,AA,TT,CC,TT,AA,CC,TT,GG,AG,CG,AG,CC,TT,CT,GT,GG,TT,NN,NN,AA,GG,CC,CG,GG,CC,GG,AA,AA,CG,GT,GG,CC,CC,AA,GG,CC,AA,CG,AA,AA,AA,CC,AC,TT,AA,GG,AA,AA,AA,AA,AG,AG,AA,AG,AA,CG,AA,AG,CC,AC,CT,AA,AG,GG,GG,NN,GT,AT,AA,TT,TT,TT,AG,NN,GG,GG,AA,8.68,Susceptible,Medium,Premium,Late
L0794,Davangere,Karnataka,Rabi,Black Cotton,Irrigated,430,25.5,58,AA,TT,GG,AG,GG,CC,GT,AT,CG,CC,AT,CC,CC,TT,TT,GG,CG,TT,TT,NN,CC,TT,GG,CC,TT,CC,TT,NN,GG,AA,TT,CC,AA,CC,GG,CG,GG,CG,GG,CC,TT,CC,NN,GT,AG,AG,CT,AT,CC,CC,GG,AA,AA,GG,CC,GG,AA,AA,GG,AA,GG,TT,TT,AA,TT,TT,CC,GG,TT,GT,AA,GT,CC,AA,GG,AC,AT,GG,TT,TT,GG,GG,GG,CC,AA,GG,AA,AT,CC,GT,CC,TT,CC,TT,TT,GG,CT,CC,TT,CT,CT,NN,GG,AG,TT,TT,CG,AA,GG,AA,CT,GG,GT,CC,TT,AA,AA,TT,CC,GG,CG,GG,CC,GG,NN,AG,CC,CG,CC,CC,AA,TT,CC,AA,CC,CC,AA,TT,AA,AT,GG,CC,CC,GG,AG,AA,AT,NN,GG,CC,CG,AA,AA,GG,TT,GG,AA,GT,CT,GG,CC,TT,GT,CT,CC,AA,GG,TT,AA,AT,GG,CC,AA,CC,CC,CC,GG,AC,AA,GG,AG,CC,TT,CC,GG,TT,GG,TT,AG,GG,GT,AC,GG,AC,CC,CC,GG,GG,AC,GG,CT,AA,AA,CC,GG,AT,AC,AT,AA,GG,TT,AT,AT,GG,GG,AA,CC,AA,TT,AA,GG,AA,TT,AA,TT,CC,CT,AA,CC,TT,CG,AG,CC,AG,CC,TT,TT,TT,GG,TT,AC,AA,AA,GG,CC,CC,GG,CC,GG,AT,AA,CC,TT,GG,CC,CC,AT,GG,CG,AA,CC,AA,AA,CC,NN,CC,TT,AA,GG,AA,NN,AC,AA,AG,AG,AA,AA,AA,GG,AC,AG,AC,AA,TT,AA,AA,GG,GG,GG,GT,AA,AG,TT,TT,TT,AA,TT,CG,GG,AA,11.44,Moderate,Low,Premium,Late
L0795,Davangere,Karnataka,Rabi,Black Cotton,Irrigated,430,25.5,58,AC,TT,GG,AG,CG,CC,GT,AT,CC,CG,AA,TT,CC,AT,TT,GT,GG,TT,TT,NN,CC,TT,TT,CC,TT,CT,GT,TT,GG,AC,TT,CC,AA,CC,AG,GG,GG,CC,GG,CC,TT,TT,AA,GT,AA,GG,TT,TT,CC,CC,GG,TT,AG,GG,CC,TT,AA,AA,GT,AC,NN,GT,TT,AA,TT,TT,CC,GG,TT,GG,AA,GG,CC,AA,GG,CC,AA,GG,TT,TT,GG,GT,TT,CC,TT,AG,AA,AA,CC,GT,CC,TT,CT,TT,TT,GG,TT,CC,TT,CT,CC,CG,AG,AA,TT,TT,CC,AA,AG,AA,CC,GG,TT,CC,TT,AA,AA,TT,CC,GG,CG,GG,CT,GG,TT,AA,CT,CC,CC,CC,AA,TT,CC,AA,CC,CT,AA,TT,AA,AA,GG,CT,CC,GG,AA,GG,AA,CC,GG,CC,CG,AA,AA,AG,TT,GG,AA,TT,TT,GG,AC,TT,GT,TT,CC,AA,TT,TT,AT,AT,GG,CG,AA,CC,CC,CC,GG,CC,AA,AG,AG,CC,TT,CC,GG,GT,GG,TT,AA,AA,TT,NN,GG,AA,NN,CC,GG,GG,AA,GG,TT,AA,AA,CC,GG,AT,CC,AT,AA,TT,TT,AT,AT,CG,GG,AA,CC,TT,TT,AA,GG,AA,CT,AA,NN,CC,CT,AA,CC,TT,CG,AA,GG,AG,CC,TT,CT,TT,GG,TT,AA,CC,AG,GT,CC,CG,GG,CC,GG,AT,AG,CC,TT,GG,CC,CC,AA,GG,CC,AT,CG,AA,AG,CC,CC,AC,AT,AG,GG,AA,AA,AC,AA,AG,AA,AA,AA,TT,CG,AA,AG,CC,AA,CT,AA,AA,GG,GG,GG,TT,AA,AA,GT,TT,TT,AA,AT,GG,GG,AA,8.43,Moderate,Medium,Standard,Early
L0796,Davangere,Karnataka,Rabi,Black Cotton,Irrigated,430,25.5,58,CC,TT,GG,AA,GG,CG,GG,TT,CC,CC,AA,CC,CG,AT,TT,GG,GG,TT,TT,AA,CC,GT,GT,CT,TT,CC,TT,TT,GG,AA,CT,CC,AA,CC,GG,GG,GG,CC,GG,CC,TT,CT,AA,TT,AA,AG,TT,TT,CC,AC,GG,AA,AG,GG,CC,TT,AA,AC,GT,AC,AG,NN,TT,AA,TT,TT,CC,GG,TT,GG,AG,GG,CC,AA,AG,AA,AA,GG,GT,TT,GG,GT,GT,CC,AA,AG,AA,AA,CC,TT,CC,TT,TT,AT,TT,GG,TT,CC,TT,CC,CT,GG,AG,AA,AT,TT,CC,AA,AG,AA,CC,GG,TT,CC,TT,AA,AA,TT,CC,GG,CC,GG,CC,GT,CT,NN,CC,CC,CC,CC,AG,TT,CC,AA,CC,CT,AA,TT,AA,AA,GG,CC,CC,GG,AA,GG,AA,AC,GG,CC,CC,AA,AG,GG,TT,GG,AC,TT,TT,GG,CC,TT,TT,TT,CC,AT,GT,TT,AA,AT,CG,CC,AA,CT,CC,AC,GG,CC,AA,GG,AG,CC,TT,CC,GT,GT,GG,TT,AA,AA,TT,CC,GG,AA,CC,CC,GG,GG,AA,GG,TT,AC,AA,CC,GG,AT,AA,AA,AT,NN,TT,AT,TT,CG,GT,AA,GG,TT,TT,AA,GG,NN,TT,AA,TT,CC,TT,AA,CC,CT,CG,AG,CG,AG,CC,TT,CT,TT,GG,TT,AA,CC,GG,GG,CC,GG,GG,CC,GG,TT,AA,CC,TT,GG,CC,CC,AA,GG,CC,AA,CG,AA,AA,CC,GG,CC,TT,AA,GG,AA,AA,AA,AA,AA,AA,AA,AA,TT,GG,AA,AG,CC,AA,NN,AA,AA,GG,GG,GG,TT,AA,AG,TT,TT,TT,AA,TT,GG,GG,AA,7.4,Susceptible,Low,Poor,Medium
L0797,Davangere,Karnataka,Rabi,Black Cotton,Irrigated,430,25.5,58,NN,TT,AG,AG,GG,GG,GT,AT,CC,CC,NN,CT,CG,TT,TT,GG,CG,TT,TT,AA,CC,TT,TT,CC,TT,CC,TT,TT,GG,AA,TT,CC,AA,CC,GG,GG,GG,CG,GG,CC,TT,TT,AC,GT,AG,AG,TT,TT,CC,CC,GT,AA,AG,GG,CC,TT,AA,AC,GG,AA,AA,GT,NN,AG,TT,AA,CC,GG,TT,GG,NN,GT,CC,AA,GG,AA,AT,GG,TT,TT,GG,GG,GG,CC,AA,AG,AA,AA,CC,TT,AC,TT,CC,NN,GT,AG,TT,CC,GT,CC,CC,CC,NN,NN,TT,TT,CC,AA,AG,AA,CC,GG,GT,CC,TT,AA,AA,TT,CC,GG,CG,GG,CC,GT,TT,AA,CT,CC,CC,CC,AA,TT,CC,AA,CC,CT,AA,AT,AA,AA,GG,CC,CC,GG,AA,AG,AA,CC,GG,CC,CG,AA,AA,AG,TT,GG,AC,GT,TT,GG,CC,GT,NN,CT,GG,AA,GT,CT,AA,TT,GG,CC,AG,TT,CC,CC,CG,CC,AA,GG,AA,CC,TT,CC,GT,TT,NN,AA,AG,AA,TT,AA,GG,AA,CC,CC,GG,GG,AC,GG,TT,AA,AA,CC,GG,AA,CC,AA,AA,GG,TT,AT,TT,CG,GT,AA,CC,TT,GT,AA,GG,AA,TT,AA,TT,CC,TT,AA,CC,TT,GG,AA,GG,AG,CC,TT,CT,GG,GG,TT,AA,CC,AA,GG,CC,CC,NN,CC,GG,TT,AA,CC,TT,GG,CC,CC,AT,GG,CC,AT,CG,AA,AA,AC,CG,CC,TT,AA,GG,AA,AA,AC,AA,NN,AA,AA,AA,TT,GG,AA,AA,AC,AA,CC,GG,AA,GG,GG,GG,TT,AA,AA,GT,TT,TT,GG,TT,GG,GG,AA,8.14,Moderate,High,Standard,Late
L0798,Davangere,Karnataka,Rabi,Black Cotton,Irrigated,430,25.5,58,AA,CT,AA,AA,CG,CC,GG,AT,CC,CC,AA,CT,CG,AT,TT,GT,GG,TT,TT,AG,CC,TT,GT,TT,TT,CC,TT,TT,GT,AC,TT,CC,AA,CC,GG,GG,GG,CC,GG,AC,TT,CT,AA,TT,AG,GG,TT,TT,CC,AC,GG,AA,AA,GG,CC,TT,AA,AA,GG,AC,AA,TT,TT,AG,TT,AT,CC,GG,TT,GG,AA,GT,CC,AA,GG,AC,NN,GG,TT,TT,GG,GT,GT,AC,AA,GG,AG,AT,CG,GG,CC,GT,CT,TT,TT,GG,TT,CC,TT,CC,CC,CG,AA,AA,TT,TT,CC,AG,AG,AA,CT,GG,TT,CC,TT,AA,AA,TT,CC,AA,CC,GG,CC,GG,CT,AA,CT,CC,CC,CC,AA,TT,NN,AA,CC,CC,AA,AT,AA,AT,GG,CT,CC,GG,AA,AA,AT,CC,GT,CC,CC,AA,AA,GG,TT,GG,AC,GT,TT,AG,AC,TT,TT,TT,CG,AA,TT,TT,AA,TT,GG,CC,AA,CT,CC,CC,CG,CC,AA,GG,GG,CC,TT,CC,GT,TT,GG,AT,AA,AA,TT,CC,CG,AA,CC,CC,CG,GG,AC,GG,TT,AA,AA,CC,GG,AA,CC,AA,AT,GT,TT,TT,AA,GG,GT,AT,CC,TT,GT,AA,GG,AA,CT,AA,TT,CC,CT,AA,CC,CC,NN,AA,CG,AA,AC,TT,TT,TT,GG,TT,AA,AC,AG,GG,CC,CG,GG,CC,GT,AA,AG,CC,TT,GG,CC,CG,AA,AG,CC,AA,CC,AT,AA,NN,CG,AC,TT,AA,GG,AA,AA,AA,AC,AG,AA,AG,AA,TT,GG,AA,AA,AA,AC,TT,AA,AG,GG,AG,GG,TT,AA,AA,TT,TT,TT,GG,AT,GG,GG,AC,5.96,Resistant,High,Poor,Medium
L0799,Davangere,Karnataka,Rabi,Black Cotton,Irrigated,430,25.5,58,CC,TT,GG,AA,NN,CC,GT,TT,CC,CC,AA,CC,CG,TT,TT,GG,CG,TT,TT,AG,CC,GG,TT,CC,TT,CC,GT,AA,TT,AA,TT,CC,AA,AC,GG,CG,GG,CG,GG,CC,TT,CC,AA,GT,AA,AG,TT,TT,CC,CC,GG,AT,AA,GG,CC,TT,AT,AA,TT,AC,AA,TT,AA,AG,TT,NN,CC,GG,TT,GT,AA,GG,CC,AA,GG,AC,AT,GG,TT,TT,GG,NN,GG,CC,AT,AG,AA,AA,CC,TT,CC,TT,CT,TT,GT,GG,TT,CC,GT,CT,CC,CG,AG,AA,AT,TT,CC,AG,AA,AA,CT,GT,GT,CC,TT,AA,AA,TT,CC,AG,CC,GG,CC,GG,CT,AG,CC,CC,CC,CC,AA,TT,CC,AA,CC,CT,AA,TT,AA,AA,GG,CC,CC,GG,AA,AA,AA,AC,GG,CC,CC,AA,AA,GG,TT,GG,AC,TT,CT,GG,AC,GG,GT,CT,CC,TT,TT,NN,AA,TT,GG,CC,AA,CC,CC,CC,CG,CC,AA,GG,GG,CC,TT,CC,GG,TT,CG,AT,AG,AA,TT,AC,CG,AC,CC,CC,GG,GG,AC,GG,TT,AA,AA,CC,GT,AT,AC,AA,TT,GT,TT,TT,AA,CG,GG,AA,CC,TT,TT,AA,GG,AA,TT,AA,TT,CC,TT,AC,CC,TT,GG,AG,CC,AG,CC,AT,TT,GT,GG,AT,AA,CC,AA,GG,CC,CC,GG,CC,GG,AT,AA,CC,GT,GG,CC,CC,AT,GG,CG,AA,CC,AA,NN,CC,CG,CC,TT,AA,GG,AA,AA,AC,AA,AA,AA,AA,AA,AT,GG,AA,AA,CC,AA,CC,AA,AA,GG,GG,CG,TT,AA,AA,TT,TT,TT,AA,TT,GG,GG,AA,4.28,Susceptible,Low,Poor,Late
L0800,Davangere,Karnataka,Rabi,Black Cotton,Irrigated,430,25.5,58,CC,TT,GG,GG,CG,CG,GG,TT,CC,CG,AA,CC,CC,TT,TT,GG,GG,AT,TT,AA,GG,TT,GT,CC,AT,CC,TT,TT,GG,AA,TT,CC,AA,CC,GG,GG,GG,CG,GG,CC,TT,TT,AC,GT,AA,GG,CT,AT,CC,CC,GG,AT,NN,GG,CC,TT,AA,AA,GG,AC,AA,TT,TT,AA,TT,TT,CC,GG,TT,GG,AG,GG,CC,AA,AG,AA,AA,GG,NN,TT,GG,GT,GT,CC,AA,GG,AG,AA,CC,GT,AC,TT,CC,TT,TT,GG,CT,AC,GT,CC,CC,CC,AG,AA,TT,TT,CG,AA,AG,AA,CC,GG,TT,CC,TT,AA,AA,TT,CG,NN,CC,GG,CC,GG,TT,AA,CC,CC,CC,CC,AG,GT,CC,NN,CC,CC,AA,TT,AA,AA,CG,CC,CC,GG,NN,AG,AA,AC,GG,CC,CC,AG,AG,GG,TT,NN,AA,TT,NN,AG,CC,GT,GT,TT,CC,AA,GT,TT,AA,TT,GG,CC,AG,CT,CC,CC,CG,CC,AA,GG,GG,CC,TT,CG,GG,TT,CG,TT,AA,AG,TT,AC,GG,AC,CC,CC,GG,GG,AA,GG,CT,AC,AA,CC,GT,AA,NN,AA,AT,GT,GT,AT,AA,GG,GG,AA,CC,TT,TT,AA,GG,AA,TT,AA,TT,CC,TT,AA,AC,CT,GG,AA,CC,AA,CC,TT,CT,GT,GG,TT,AC,AC,AA,GG,CC,CG,GG,CC,GG,TT,AG,CC,TT,GG,CC,CG,TT,GG,CC,AA,CG,AA,AA,AC,CC,CC,TT,AA,GG,AA,AA,AC,AA,AA,AG,AG,AA,TT,GG,AA,AG,CC,AA,TT,AG,AG,GG,GG,GG,TT,AA,AG,TT,TT,TT,AG,TT,GG,CG,AA,8.4,Susceptible,Medium,Premium,Early
L0801,Davangere,Karnataka,Rabi,Black Cotton,Irrigated,430,25.5,58,AC,CT,GG,AA,GG,CC,GG,TT,CC,CC,AT,CC,CG,AT,TT,GG,CG,TT,TT,AA,CC,TT,GT,CC,TT,CC,TT,TT,GG,AA,TT,CC,AA,CC,GG,CG,GG,CC,GG,CC,TT,TT,NN,TT,AA,GG,TT,TT,CC,AA,GT,AA,AA,CG,CT,GT,AT,AA,TT,AA,AA,GT,AT,NN,TT,AT,CC,GG,TT,GT,GG,GG,CC,AA,AG,AC,AT,GG,TT,TT,GG,GG,GG,CC,AA,GG,AA,AA,CC,TT,CC,TT,CT,TT,GT,GG,TT,CC,TT,NN,CC,CC,AA,AA,AT,TT,CC,AG,GG,AC,CT,GG,TT,CG,GT,AC,AA,TT,CC,GG,CC,GG,NN,GT,TT,AA,CT,CC,CC,CC,AA,TT,CC,AA,CC,CC,AA,TT,AA,AA,GG,CT,CC,NN,AA,AG,AA,CC,GT,CC,CC,AA,AG,AG,TT,GG,AA,TT,TT,GG,AC,TT,GT,TT,CG,AA,TT,CT,AA,NN,GG,CC,GG,CC,CC,CC,GG,CC,AA,AG,AG,CC,TT,CG,GG,GG,GG,TT,AA,NN,TT,AA,GG,AA,AC,CC,GG,AG,AA,GG,TT,AA,AA,CC,GT,AT,AC,AA,AA,GG,TT,AT,AT,GG,GG,AT,CC,TT,TT,AA,GG,AA,CT,AA,TT,CG,TT,AA,CC,CT,CG,AG,CG,AA,AA,TT,TT,TT,GG,TT,AA,AC,AA,GG,CC,CG,GG,CC,GG,TT,AA,CG,GT,GG,CC,CG,AA,GG,CC,AA,CC,AA,AA,CC,NN,CC,TT,AG,GG,AA,AA,AC,AA,AG,AA,AG,AA,TT,GG,AC,AG,AC,AA,CT,AA,AA,GG,GG,CG,TT,AA,AG,NN,TT,TT,AG,TT,GG,CG,AA,7.28,Susceptible,Low,Premium,Late
L0802,Davangere,Karnataka,Rabi,Black Cotton,Irrigated,430,25.5,58,AC,TT,GG,GG,GG,CC,GG,TT,CC,CC,AA,CC,GG,AT,TT,GT,GG,TT,TT,AA,CC,TT,TT,CC,TT,CC,TT,TT,GG,AA,TT,CC,AA,CC,GG,GG,GG,CC,GG,AC,TT,CT,AA,GT,AA,GG,TT,AT,CC,AC,GG,AA,AG,GG,CC,TT,AT,AC,GG,AA,AG,TT,TT,AA,CT,TT,CC,GT,TT,GG,AA,GG,CC,AA,AG,AC,AA,GG,TT,TT,GG,GG,GT,CC,AA,AG,AA,AA,CC,TT,CC,TT,CT,TT,TT,GG,CT,CC,TT,CC,CC,CC,AA,AG,TT,TT,CC,AA,AA,AA,CC,GG,TT,CG,TT,AC,AC,TT,CC,AG,CC,GG,CC,GG,NN,AA,CC,CC,AC,CC,AA,TT,CC,AA,CC,CT,AA,TT,AA,AA,GG,CC,CC,GG,AA,AA,AA,CC,GG,CC,CC,AA,AA,GG,TT,GG,AA,TT,CT,AG,AC,GG,TT,CT,CC,AA,GT,TT,AA,TT,CG,CG,NN,CC,CC,CC,GG,CC,AA,GG,AA,CC,TT,CG,GT,GT,GG,AT,AA,AA,TT,CC,GG,AC,CC,CC,GG,GG,AC,GG,TT,AA,AA,CC,GG,AA,AC,AA,TT,GT,TT,TT,AA,GG,GT,AA,CC,TT,TT,AA,GG,AA,TT,AC,TT,CC,CT,AC,CC,CT,GG,AA,GG,GG,CC,AT,TT,GT,GG,TT,AA,AC,AA,GG,CC,CG,GG,CC,GG,TT,GG,CG,GG,GG,CC,CC,AA,GG,CG,AT,CC,AA,AA,CC,CC,AC,TT,AA,GG,AA,AC,AC,AA,AG,AG,AA,AA,TT,GG,AA,AA,CC,AA,TT,AA,AA,GG,GG,GG,TT,AT,AA,TT,NN,TT,AG,TT,GG,CG,AA,7.14,Susceptible,Medium,Standard,Early
L0803,Davangere,Karnataka,Rabi,Black Cotton,Irrigated,430,25.5,58,AA,CT,GG,AA,GG,CC,GT,TT,CC,GG,AA,CC,CC,TT,GT,GT,CG,TT,TT,AA,CC,TT,TT,CT,AT,CC,GT,TT,GT,AA,TT,CT,AA,CC,GG,GG,GG,CC,NN,CC,TT,TT,CC,TT,AG,AG,TT,AT,CC,CC,GT,AA,AA,GG,CC,GT,AA,AA,TT,AC,AA,TT,AT,AG,TT,AT,CC,GG,TT,GG,AG,GG,CC,AA,AG,AA,AT,GG,TT,TT,GG,GG,GT,CC,TT,GG,AG,AA,CG,GT,CC,GT,CC,TT,TT,GG,TT,AC,GT,CC,CT,CC,GG,AA,TT,TT,CC,AA,AA,AA,CC,GG,TT,CC,GT,AA,AA,TT,CC,GG,CC,AG,CC,GG,CT,GG,CC,CC,CC,CC,AA,NN,CC,AA,CC,CC,AA,TT,AA,AA,GG,CC,CC,GG,AA,AA,AA,CC,GG,CC,CC,AG,AA,AG,TT,GG,AA,GT,CT,GG,AA,GT,TT,CT,CC,AA,GT,TT,AA,TT,GG,CC,AA,TT,CC,CC,GG,CC,AT,GG,AG,CC,TT,CC,GG,TT,CG,TT,AA,AA,GT,CC,GG,AA,CC,CC,GG,GG,CC,CG,TT,AC,AG,CC,GG,AA,CC,AA,AA,GT,TT,AT,AT,GG,GG,AA,CG,TT,TT,AA,GG,AA,TT,AA,TT,NN,TT,AA,CC,TT,CC,GG,CG,GG,CC,TT,CC,GG,GG,TT,AA,CC,AA,GG,CC,CC,GG,CC,GG,TT,AG,CG,TT,GG,CC,CC,AA,GG,CC,AA,GG,AA,AA,AC,CC,AA,TT,AA,NN,AA,AC,AA,AA,AG,AA,AA,AA,AT,GG,AA,AA,CC,AA,TT,AA,AA,GG,GG,GG,GT,AA,AA,NN,TT,TT,AG,TT,GG,GG,AA,5.08,Resistant,High,Poor,Late
L0804,Davangere,Karnataka,Rabi,Black Cotton,Irrigated,430,25.5,58,AC,TT,AG,AA,GG,CC,GG,AA,CC,CG,AA,CC,CC,TT,GG,NN,CG,TT,TT,AG,CC,TT,GT,CC,TT,CC,TT,TT,GG,AA,TT,CT,AA,CC,GG,GG,GG,CC,GG,CC,TT,CT,AA,GT,AA,GG,TT,AT,CG,CC,GG,AT,AA,GG,CC,TT,AA,AA,GG,AA,AA,GT,TT,AA,TT,TT,CC,GG,TT,GG,AA,GG,CC,AA,AG,AA,AA,GG,TT,TT,GG,GG,GT,CC,AA,GG,AA,AA,CC,GT,CC,TT,CC,AT,GT,GG,CT,CC,GG,CC,TT,CG,AG,AA,AT,GT,CG,AG,AA,AA,CC,GG,TT,CC,GG,AA,AA,TT,CC,AG,CC,GG,CC,GT,TT,AG,CT,CC,CC,CC,AA,TT,AC,AC,CC,CT,AA,TT,GG,AA,CG,CC,CC,GG,AA,GG,AA,CC,GG,CC,CC,AA,AA,GG,TT,AG,AA,TT,CT,GG,CC,GT,GT,CT,CC,AT,TT,TT,AA,AT,CG,CC,AG,CT,CC,CC,GG,CC,AA,GG,GG,CC,TT,CC,GT,GT,GG,AA,AA,AA,TT,CC,GG,AA,AC,CC,GG,GG,AA,GG,TT,AA,AA,CC,GG,AA,CC,AA,AT,GG,TT,TT,AT,GG,TT,AT,CC,TT,GT,AA,AG,AA,TT,AA,TT,CC,NN,AA,CC,CC,GG,AG,CC,AG,CC,TT,TT,GT,GG,TT,AA,AC,AA,GG,CC,CG,GG,CC,GG,AT,AA,CG,GT,GG,CC,CG,AA,GG,CC,TT,CG,AT,AA,CC,CG,CC,TT,AA,GG,AA,AC,AC,AA,GG,AA,AA,AA,AT,GG,AC,GG,CC,CC,CT,AA,AA,CG,AG,GG,TT,AA,AA,TT,TT,TT,AG,TT,GG,GG,AA,7.28,Moderate,Medium,Standard,Medium
L0805,Davangere,Karnataka,Rabi,Black Cotton,Irrigated,430,25.5,58,AC,CT,AG,AA,GG,CC,GG,TT,CC,CG,AA,CT,CG,TT,TT,GG,GG,TT,TT,AA,CC,GT,TT,CT,TT,CC,TT,TT,GG,AA,CT,CC,AA,CC,GG,CG,GG,CC,GG,CC,TT,CT,AA,TT,AA,AG,TT,AT,CC,AC,GG,AA,AG,CG,NN,TT,AA,AA,GG,AC,GG,TT,AT,AG,TT,TT,CC,GG,TT,GG,AA,GG,AC,AA,AG,CC,AA,GG,TT,TT,GG,TT,NN,CC,AA,GG,AA,AA,CC,TT,CC,TT,CT,TT,TT,GG,CT,NN,GT,CC,CC,CC,AG,AA,TT,TT,CG,AA,GG,AA,CT,GG,TT,CG,TT,AA,AA,TT,CC,AG,CC,GG,CC,GT,CT,AG,CC,CC,CC,CC,AA,TT,CC,AA,CC,CC,AA,TT,AA,AA,GG,CC,CC,GG,AG,AA,AA,CC,GG,CC,CC,AA,AA,AG,TT,GG,NN,TT,TT,GG,CC,TT,GG,TT,CG,AA,GT,TT,NN,TT,CG,CC,AA,CT,CC,CC,GG,CC,AA,GG,AA,CC,TT,CC,GT,TT,GG,TT,AA,AA,TT,CC,GG,AA,CC,CC,CG,GG,AC,GG,TT,AC,AA,CC,GG,AA,CC,AA,AA,GT,GG,TT,TT,GG,TT,AT,CC,AT,TT,AA,GG,AA,CT,AA,NN,CC,TT,AC,AC,TT,GG,AA,GG,AG,CC,TT,CT,GT,GG,AA,AC,AA,AG,GG,CC,CG,GG,CC,GG,AA,AA,CC,GG,GG,CC,CC,AA,GG,CC,AA,CC,AA,AA,CC,CC,AC,TT,AA,GG,NN,AA,AC,AA,GG,AG,AA,AA,AT,GG,AA,AG,AC,CC,CC,AG,AA,GG,AG,GG,TT,AT,AA,TT,TT,TT,AA,AT,CG,GG,AA,7.97,Susceptible,Medium,Premium,Early
L0806,Davangere,Karnataka,Rabi,Black Cotton,Irrigated,430,25.5,58,AA,TT,GG,AA,CG,CC,GG,AT,CC,CG,AA,CT,CC,TT,GT,GG,GG,TT,AT,AA,CC,TT,GT,TT,TT,CC,TT,TT,GG,AA,TT,CC,AA,CC,GG,NN,GG,CG,GG,CC,TT,TT,AA,TT,AG,GG,TT,TT,CC,AC,GG,AT,AA,GG,CC,GT,AA,NN,GT,AC,AG,TT,AT,AG,TT,TT,CC,GG,TT,GT,AA,GG,CC,AA,GG,AA,AT,GG,TT,TT,GG,GT,GG,CC,AA,GG,AA,AT,NN,GT,CC,TT,CC,TT,GT,GG,TT,CC,TT,CC,CC,CC,AG,AG,TT,TT,CC,AG,AA,AA,CC,GG,TT,CG,TT,AC,AA,TT,CC,GG,CC,GG,CC,GG,CC,AA,CC,CC,AC,CC,AA,TT,CC,AA,CC,CC,AA,TT,AA,AA,GG,CC,CG,GG,AG,AG,AT,CC,GG,CC,CC,AA,GG,GG,TT,GG,NN,TT,TT,GG,CC,TT,TT,TT,CC,AT,TT,TT,AA,AT,GG,CG,AG,CT,CC,CC,GG,CC,AA,GG,AG,CC,TT,CC,GG,TT,GG,TT,AA,GG,TT,CC,GG,AC,AA,CC,GG,GG,CC,NN,TT,AA,AG,CC,GT,AA,CC,AA,AA,TT,TT,TT,AT,CG,GT,AA,CC,AT,GT,AA,GG,AA,TT,AA,TT,CC,CT,CC,AC,TT,GG,AA,CG,AG,CC,TT,TT,GT,GG,AT,AA,CC,AA,NN,CC,CG,GG,CC,GG,TT,AA,CC,TT,GG,CC,CG,AA,AG,CC,AA,CG,AA,AA,AC,CG,CC,TT,AA,GG,AA,AA,AA,AA,GG,AG,AA,AA,TT,GG,AC,AA,AA,AA,TT,AG,AG,GG,GG,GG,TT,AA,AA,GT,TT,TT,AA,AT,GG,GG,AA,8.05,Moderate,Low,Standard,Early
L0807,Davangere,Karnataka,Rabi,Black Cotton,Irrigated,430,25.5,58,AC,TT,GG,AG,GG,CC,GT,TT,CC,CG,AA,CC,CG,AT,TT,GT,CG,TT,TT,AA,CC,TT,GT,CT,TT,CC,TT,TT,GG,AA,CT,CC,AG,AC,GG,GG,GT,CC,GG,CC,TT,CC,AA,GT,AA,AG,TT,TT,CC,AC,GT,AA,AG,GG,CC,GT,AA,AC,GG,AA,AG,TT,TT,AA,CT,TT,CC,GG,TT,GG,AA,GG,CC,NN,GG,AC,AT,GG,GT,TT,GG,GG,NN,CC,AA,GG,AA,AA,CG,GG,CC,TT,CT,AT,TT,GG,CT,CC,TT,CC,CT,CG,GG,AA,TT,TT,CC,AA,GG,AC,CC,GG,TT,CC,GT,AA,AA,TT,CG,AA,CC,AG,CC,NN,CT,AA,CT,CC,CC,CC,AA,TT,CC,AA,CC,CC,AA,AT,AA,AA,CG,CT,CC,GG,AG,AG,AA,CC,GG,CC,NN,AA,AA,GG,TT,GG,AA,TT,TT,AG,CC,TT,TT,TT,CG,AA,TT,TT,AA,TT,GG,CC,AG,CT,CC,AC,GG,CC,AA,AG,AG,CC,TT,CC,GT,TT,CG,AA,AA,AG,TT,CC,CG,AA,AC,CG,GG,GG,AA,GG,TT,AA,AG,GG,GG,AA,CC,AT,TT,GT,TT,AT,AT,GG,GT,AA,CG,TT,GT,AA,GG,AA,TT,AC,TT,CC,TT,AA,NN,CT,GG,AA,CG,AG,CC,AT,TT,GT,GG,TT,AA,CC,AA,GG,CC,CG,GG,CC,GG,AT,AA,CC,TT,GG,CG,CC,AA,GG,CG,AT,CG,AA,NN,CC,CG,CC,AT,AA,GG,AA,AA,AA,AA,GG,AG,AG,AA,TT,GG,AA,AG,CC,CC,CT,AG,AA,GG,AA,GG,TT,AA,AA,TT,TT,TT,AG,TT,GG,CG,AA,10.22,Susceptible,Low,Standard,Medium
L0808,Davangere,Karnataka,Rabi,Black Cotton,Irrigated,430,25.5,58,CC,TT,GG,AA,GG,CC,GG,TT,CC,CG,AA,CC,NN,TT,TT,GG,CG,TT,TT,AA,CC,TT,GT,CC,TT,CC,TT,NN,GG,AA,CT,CC,AA,CC,GG,GG,GG,CG,GG,CC,TT,CT,AA,GG,AG,GG,TT,TT,CC,CC,GT,AA,GG,GG,CT,TT,AT,AA,GG,AA,AA,GT,TT,AG,TT,AA,CC,GG,TT,GG,AA,GT,CC,AA,AG,AA,AA,GG,TT,TT,GG,TT,GT,CC,AA,GG,AA,AT,CG,TT,CC,TT,CC,TT,TT,GG,TT,CC,TT,CC,CT,CC,AG,AG,AT,TT,CC,AA,GG,AC,CC,GG,TT,CG,TT,AA,AC,TT,CC,AG,CC,GG,CC,GT,CT,AA,CC,CC,AC,CC,AA,TT,CC,AA,CC,CC,AA,TT,NN,AT,GG,CT,CG,GG,AA,AA,AA,CC,GG,CC,CC,AA,AG,GG,GT,GG,AC,TT,CT,GG,CC,GT,TT,TT,CC,AA,GT,TT,AA,TT,CG,CC,AG,CC,CC,CC,GG,CC,AA,GG,AG,CC,TT,CG,GT,TT,GG,AA,AA,AA,TT,CC,GG,AA,CC,CG,GG,GG,AC,GG,TT,AA,AA,CC,GG,AA,AC,AA,AT,GG,TT,TT,AT,CG,GT,AA,CC,TT,GT,AA,GG,AA,TT,AA,TT,CC,TT,AC,CC,TT,GG,AG,CC,GG,CC,TT,CC,TT,GG,TT,AA,AC,AG,GG,CC,CC,GG,CC,GG,AT,AG,CG,GT,GG,CC,CC,AA,GG,CC,AA,CC,AA,AA,CC,CC,CC,TT,AG,GG,AA,AA,AC,AC,AG,NN,AA,AA,AA,GG,AC,AG,AC,AC,TT,NN,AG,GG,GG,GG,TT,AA,AG,TT,TT,AT,AG,TT,NN,GG,AA,8.9,Susceptible,Medium,Premium,Late
L0809,Davangere,Karnataka,Rabi,Black Cotton,Irrigated,430,25.5,58,AC,TT,GG,AG,CG,CC,GG,TT,CC,CG,AT,CC,CG,AA,TT,GG,GG,AT,AT,AG,CC,TT,GG,CT,TT,CC,TT,TT,GG,AA,TT,NN,AA,CC,GG,CG,GG,CC,GG,AC,TT,TT,AA,TT,AA,NN,TT,TT,CC,AA,GG,AT,AA,GG,CC,TT,AA,AA,GT,AA,AG,TT,TT,AG,TT,TT,CC,GG,TT,GG,AA,GG,NN,AA,AG,CC,AA,GG,GT,TT,GG,GT,GG,CC,AA,GG,AG,AT,CC,GT,AC,TT,CT,TT,TT,AG,TT,CC,GT,CC,CC,CC,AG,AG,TT,TT,CC,AA,AG,AA,TT,GG,TT,CC,TT,AA,AA,TT,CC,GG,CC,AG,CC,GT,CT,AG,CT,CC,CC,CC,AA,GT,CC,AA,CC,CT,AA,TT,AA,AA,CG,CC,CC,GG,AA,AA,AA,AC,GG,CC,CC,AA,AG,GG,TT,AG,AC,TT,TT,GG,AC,TT,TT,CT,CC,AA,TT,TT,AA,TT,CG,CC,AA,CC,CC,CC,CG,CC,AA,GG,AG,CC,TT,CC,GG,GT,GG,TT,AA,AA,TT,CC,GG,AC,CC,CG,GG,GG,AA,GG,TT,AC,AA,CC,GT,AA,CC,AA,TT,GG,TT,AT,AA,CG,GT,AA,CC,AT,GT,AA,GG,AA,CT,AA,AT,CC,TT,AA,CC,TT,GG,AG,CC,NN,CC,TT,CC,GT,GG,TT,AA,AC,AA,GG,CC,CG,GG,CC,GG,AT,AA,CC,GT,GG,CC,CC,AA,AA,CG,AT,NN,AA,AG,AC,CC,AC,TT,AA,GG,AA,AA,AA,AA,AG,AG,AA,AG,TT,GG,AA,AG,AA,NN,TT,AA,AA,GG,GG,GG,TT,AA,AA,GT,TT,TT,AG,AT,GG,GG,AA,9.58,Susceptible,Low,Premium,Early
L0810,Davangere,Karnataka,Rabi,Black Cotton,Irrigated,430,25.5,58,AA,TT,GG,GG,GG,CC,GT,TT,CC,GG,AA,CC,CG,TT,TT,GG,CG,TT,TT,AA,CC,GT,TT,CC,TT,CC,TT,TT,GG,AA,TT,CT,AA,CC,GG,GG,GG,CG,GG,CC,TT,CT,AC,TT,AA,GG,TT,TT,CC,AA,TT,AA,AG,GG,CC,TT,AA,CC,GT,AC,AA,TT,AT,AA,TT,AT,CC,GG,TT,GG,AG,GG,CC,AA,GG,AC,AT,GG,TT,TT,GG,GG,GG,CC,AA,GG,AA,AA,CC,TT,CC,NN,CC,TT,GT,GG,TT,CC,TT,CC,CT,CG,GG,AA,TT,TT,CC,AA,AG,AA,CC,GG,TT,CC,TT,AA,AA,TT,CC,AG,CC,GG,CC,GT,TT,AA,CC,CC,AC,CC,AA,TT,CC,AA,CC,CC,AA,TT,AA,AA,GG,CC,CC,GG,AA,AG,AA,AC,GT,CC,CC,AA,AA,GG,TT,GG,AC,GT,CT,GG,CC,TT,GT,TT,CC,AT,TT,TT,AA,AT,GG,CC,AA,CC,CC,CC,GG,CC,AA,GG,AA,CC,TT,CG,GT,GT,CG,TT,AA,AA,GT,AC,GG,CC,AC,CC,GG,AG,AC,GG,TT,CC,AA,CG,GT,AA,CC,AT,AA,GT,TT,AT,AA,CG,GT,AA,CG,TT,TT,AA,GG,AA,TT,AA,TT,CC,CT,AC,CC,TT,CG,AG,CG,GG,CC,TT,TT,TT,GG,TT,AA,AC,AA,GG,CC,CG,GG,CC,GG,TT,AG,CC,GT,GG,CC,CC,AA,GG,CC,AA,CC,AA,AA,AA,CC,AA,TT,AG,GG,AA,AA,AC,AA,AG,AA,AG,AA,AT,GG,AA,GG,AC,AA,CT,AA,AA,GG,AG,GG,TT,AT,AA,TT,TT,TT,GG,TT,GG,GG,AA,6.36,Susceptible,Medium,Premium,Late
L0811,Davangere,Karnataka,Rabi,Black Cotton,Irrigated,430,25.5,58,AA,TT,GG,AA,GG,CC,GG,TT,CC,CC,AA,CC,CG,AT,GT,GG,CG,TT,TT,AA,CC,GT,GG,CC,AT,CC,TT,TT,GG,AA,TT,CC,AA,CC,AA,CC,GG,CC,GG,CC,TT,CT,AA,TT,AA,GG,TT,TT,CC,AC,GG,AT,AG,GG,CC,TT,AA,AC,GT,AA,AG,TT,AT,AG,TT,TT,CC,GG,TT,GG,AA,GG,CC,AA,GG,CC,AT,GG,TT,TT,GG,GG,GG,CC,AA,AG,AA,AA,CC,TT,CC,TT,CT,TT,TT,GG,TT,AC,GT,CC,CC,CC,GG,AG,TT,TT,CG,AA,AG,AA,CC,GG,TT,GG,TT,AC,AA,NN,CC,GG,CC,AG,CT,GG,TT,AA,CC,CC,CC,CC,AA,TT,CC,AA,CC,CC,AA,TT,AA,AA,GG,CT,CC,GG,AA,GG,AA,CC,GG,CC,CC,AA,NN,AG,TT,GG,CC,TT,NN,GG,AC,TT,GG,TT,CC,AA,GT,TT,NN,AT,CG,CC,GG,CT,CC,CC,GG,CC,AA,GG,GG,CC,TT,CG,GG,TT,GG,AT,AA,AA,TT,CC,GG,AA,CC,NN,GG,GG,AC,CG,TT,AA,AA,CC,GG,AA,CC,AA,NN,GT,TT,TT,AA,GG,GT,AA,CG,AT,TT,AA,GG,AA,CT,AC,TT,CC,TT,AA,CC,TT,CG,AG,CC,AG,AA,TT,CT,TT,GG,TT,AC,AC,AG,GG,CC,CC,GG,CC,GG,AT,AA,GG,TT,GG,CC,CC,AA,GG,CC,AA,CC,AT,AA,AC,CG,AC,NN,AA,GG,AA,AA,AC,AA,AG,AG,AA,AA,TT,GG,AA,AA,AC,AA,CT,AA,AA,GG,GG,GG,GT,AA,AG,TT,TT,TT,AA,AA,GG,GG,AA,6.86,Susceptible,Medium,Premium,Medium
L0812,Davangere,Karnataka,Rabi,Black Cotton,Irrigated,430,25.5,58,CC,TT,GG,AA,CG,CG,GG,TT,CC,CG,AA,CC,CG,AT,TT,GG,CG,TT,TT,AA,CC,GT,NN,CC,TT,CC,TT,TT,GG,AA,CT,CC,AA,CC,GG,GG,GG,CG,GG,CC,TT,CT,AA,GT,AA,GG,TT,TT,CC,AA,GG,AA,AG,GG,CC,TT,AA,AC,GG,AC,AA,TT,TT,AG,CT,TT,CC,GG,TT,GG,AA,GG,CC,NN,AG,AC,AA,GG,GT,CT,GG,GG,GT,CC,AA,GG,AA,AA,CC,TT,CC,TT,TT,TT,TT,GG,TT,CC,GG,TT,CC,CC,AG,AA,AA,NN,CC,AA,AA,AC,CT,GG,TT,CG,TT,AA,AA,TT,CC,GG,CC,GG,CC,GT,CC,AA,CC,CC,CC,CC,AA,TT,CC,AA,CC,CT,AA,TT,AA,AA,GG,TT,CC,GG,AA,AA,AA,AC,GT,CC,CC,AG,AA,AG,GG,GG,AA,GT,CC,GG,CC,GT,GG,TT,CC,AT,GT,CT,AA,TT,GG,CC,AA,CT,CC,CC,GG,CC,AA,GG,AA,CC,TT,CC,GT,TT,GG,AT,AA,AA,TT,CC,GG,AA,CC,CG,GG,AG,AC,GG,TT,AA,AA,CC,GT,AA,AC,AA,TT,GG,TT,TT,TT,GG,GT,AT,CC,TT,TT,AA,GG,AG,CT,AA,TT,CC,TT,AA,CC,TT,GG,AG,CC,AA,AC,TT,CT,GT,GG,TT,AA,CC,AA,GT,CC,CG,GG,CC,GG,AT,NN,CC,GT,GG,CC,CC,AA,GG,CC,AA,CC,AA,AA,AC,CG,AC,TT,AG,CG,AA,AA,AC,AC,GG,AA,AG,AA,TT,GG,AA,AG,AC,AA,CT,AA,AA,GG,AG,GG,TT,AT,AA,TT,TT,TT,AA,TT,GG,GG,AA,11.01,Resistant,Low,Premium,Medium
L0813,Davangere,Karnataka,Rabi,Black Cotton,Irrigated,430,25.5,58,CC,CT,GG,AG,GG,CC,GG,TT,CC,CC,AA,CT,CC,AT,TT,GG,GG,TT,TT,AA,CG,TT,NN,CT,TT,CC,TT,TT,GG,AA,TT,CC,AA,CC,GG,GG,GG,CC,GG,CC,TT,CC,AA,TT,AA,AG,TT,TT,CC,CC,GT,AA,AG,CG,NN,GT,AA,AC,TT,AC,AA,TT,TT,AG,TT,AT,CC,GG,TT,GT,AA,GG,CC,AA,GG,AC,AT,GG,TT,TT,GG,GG,GT,CC,AA,GG,AA,AT,CC,TT,CC,TT,CC,AT,TT,GG,TT,CC,TT,CT,CT,CG,AA,AA,TT,TT,CG,AA,AA,AA,TT,GG,TT,CG,TT,AA,AA,TT,CC,GG,CC,AG,CC,GG,TT,AA,CC,CC,CC,CC,AA,TT,CC,AC,CC,CC,AA,TT,AA,AT,CG,CC,CC,GG,AA,AA,AA,AC,GG,CC,CC,AA,AA,AG,TT,GG,AC,TT,NN,GG,AC,TT,GT,TT,CC,TT,GT,TT,AA,TT,NN,CC,AG,CT,CC,CC,CC,CC,AA,GG,GG,CC,TT,CC,TT,TT,GG,AT,AG,AA,GT,CC,GG,AA,AC,CC,GG,GG,AC,GG,TT,AA,AA,CC,GG,AA,CC,AA,AA,GG,GT,TT,AT,CG,TT,AT,CG,AT,GT,AA,GG,AA,CT,AA,TT,CC,TT,AA,CC,TT,GG,AG,CC,AG,CC,TT,TT,TT,GG,TT,AA,NN,AA,GG,CC,CG,GG,CC,GG,AT,AA,CC,GT,GG,CC,CG,AA,GG,CC,AA,CC,NN,AA,AC,CC,AC,TT,AA,GG,AA,AA,AC,AA,AG,AG,AA,AA,TT,GG,AC,AA,CC,AA,CC,AG,AA,GG,GG,GG,TT,AA,AA,TT,TT,TT,AG,TT,GG,GG,AC,8.04,Resistant,Medium,Poor,Early
L0814,Davangere,Karnataka,Rabi,Black Cotton,Irrigated,430,25.5,58,AC,TT,AG,AG,GG,CC,GT,AT,CC,GG,AT,CC,CG,TT,TT,GT,GG,TT,TT,AG,CC,TT,GT,CT,TT,CC,GG,TT,GG,AA,TT,CT,AA,CC,GG,GG,NN,CG,GG,CC,TT,TT,AC,GT,AA,GG,TT,AT,CC,AC,GG,AA,AA,GG,CT,TT,AA,AC,GG,AC,AA,TT,TT,AG,CT,TT,CC,GT,TT,GT,AG,GG,CC,AG,NN,AA,TT,GG,TT,TT,GG,GG,GT,CC,AT,NN,AA,AT,CC,GT,CC,TT,CT,TT,TT,GG,NN,AC,GG,CC,CT,CC,AA,AA,TT,GT,CG,AA,AA,AA,CT,GG,TT,CG,TT,AA,AA,TT,CC,GG,CC,GG,CC,GG,TT,AG,CT,CC,CC,CC,AA,GT,CC,AC,CC,CC,AA,TT,AA,AT,GG,CC,CC,GG,AA,AG,AA,AC,GG,CG,CC,AA,AG,GG,TT,AG,AA,GT,TT,GG,CC,GG,GT,TT,CC,AT,TT,TT,AT,AT,NN,CC,AG,TT,CC,AC,CC,CC,AA,GG,AG,CC,TT,CG,GG,NN,GG,TT,AA,AA,TT,NN,GG,AA,CC,CC,GG,GG,AA,GG,TT,AC,AA,CC,GG,AA,AA,AT,AA,GG,NN,AA,AA,GG,GT,AT,CC,TT,GG,AA,GG,AA,CT,AA,TT,CC,TT,AA,CC,TT,GG,AA,CC,GG,CC,AT,CC,TT,GG,TT,AA,CC,AA,GT,CC,CC,GG,CG,GG,AT,AA,CC,TT,NN,CC,CC,AA,GG,CC,NN,CC,AT,AA,AC,GG,CC,TT,AA,GG,AA,AA,AC,AA,GG,AA,AG,AA,AT,GG,AC,AG,CC,AA,CT,AG,AA,GG,NN,GG,TT,AA,AA,TT,TT,TT,AA,TT,GG,GG,AA,7.53,Moderate,High,Premium,Early
L0815,Davangere,Karnataka,Rabi,Black Cotton,Irrigated,430,25.5,58,AC,TT,GG,AG,GG,CC,GT,TT,CC,CC,AA,CT,CG,TT,TT,GG,CC,TT,TT,AG,CC,GT,GT,CC,TT,CC,TT,TT,GG,AA,TT,CT,AA,CC,GG,GG,TT,CC,GG,CC,TT,TT,AA,TT,AG,GG,TT,TT,CC,AC,GT,AA,AA,GG,CC,TT,AA,AC,TT,AC,NN,GT,AT,AA,TT,AT,CC,GG,TT,GG,AA,GG,CC,AA,GG,AC,AT,AG,GT,TT,GG,GG,GG,CC,AA,GG,AA,AA,CC,TT,CC,TT,CT,TT,TT,GG,CT,CC,GT,CC,CC,CC,GG,AA,AT,TT,CC,AA,AA,AA,CT,GG,TT,CC,TT,AA,AA,TT,CC,GG,GG,AG,TT,GG,CT,AA,CC,CC,CC,CC,AG,TT,CC,AA,CC,CC,AA,AT,AA,AA,GG,CT,CC,GG,AA,AG,AA,CC,GG,CC,CC,AG,AA,GG,TT,GG,AA,TT,CT,GG,CC,TT,TT,TT,CC,AA,TT,TT,AA,AT,GG,CC,AG,CT,CC,AC,CG,CC,AA,GG,AA,CC,TT,CC,GG,GG,GG,AT,AA,AG,TT,CC,GG,AA,AC,CG,NN,GG,AA,GG,CT,AA,AA,CC,GG,AA,CC,AT,AT,GG,TT,TT,AT,GG,GG,AT,CC,TT,TT,AA,GG,AA,CT,AA,TT,CC,TT,AA,CC,TT,CG,AG,CC,GG,CC,TT,CT,TT,GG,TT,NN,CC,AG,GG,CC,CG,GG,CC,GG,AT,AA,CG,TT,GG,CC,CC,AA,GG,CG,AA,CC,AT,AA,AC,CG,CC,TT,AA,GG,AA,AA,AC,AA,AG,AA,AA,AA,AT,GG,AA,AA,CC,NN,CT,AA,AA,GG,GG,GG,TT,AA,AA,TT,TT,TT,AG,AT,GG,GG,AA,8.91,Moderate,Low,Standard,Late
L0816,Davangere,Karnataka,Rabi,Black Cotton,Irrigated,430,25.5,58,AC,CT,GG,AA,GG,CC,GG,TT,CC,CC,AA,CC,GG,TT,TT,GT,CG,TT,TT,AG,CC,GT,GT,CT,TT,CC,TT,TT,GG,NN,TT,CT,AG,CC,GG,CG,NN,GG,GG,CC,TT,CT,AA,NN,AA,GG,TT,TT,CC,NN,NN,AT,AG,GG,CC,NN,AA,AC,GT,CC,AA,TT,TT,GG,CT,TT,CC,GG,TT,GG,AA,GG,CC,AA,GG,AA,AT,GG,TT,TT,GG,GT,GT,CC,AA,GG,AA,AA,CC,TT,AC,TT,CT,TT,TT,GG,TT,CC,GT,CC,CC,CG,GG,AA,TT,TT,CG,AA,AG,AA,CC,GG,TT,GG,GT,AA,AA,TT,CC,GG,CC,GG,CT,GT,TT,AA,CT,CC,CC,CC,AG,GT,CC,AA,CC,CC,AG,TT,AG,AA,GG,CT,CC,AG,AA,GG,AA,CC,GG,CC,CC,AA,AA,GG,TT,GG,AA,TT,CT,GG,AA,TT,GT,TT,CC,AA,TT,CT,AA,TT,GG,CC,AA,CT,AC,CC,CG,CC,AA,GG,GG,CC,TT,CC,TT,TT,CG,TT,AA,AA,TT,CC,CG,AA,CC,CG,GG,GG,AC,GG,TT,AA,AA,CC,GT,AA,CC,AA,AA,GG,TT,AA,TT,GG,GT,AT,GG,TT,TT,AA,GG,AA,CT,AA,TT,CG,TT,AA,CC,TT,GG,AG,CG,AG,CC,TT,NN,GG,GG,TT,AA,CC,AA,GG,CC,CG,GG,CC,GG,AA,AA,CG,TT,GG,CC,CG,AA,GG,CC,AT,CC,AA,AA,CC,CG,AC,TT,AA,GG,AA,NN,AA,AA,AG,AA,AG,AA,TT,GG,AA,AA,AC,AC,CT,AG,AA,GG,GG,GG,TT,AA,AG,TT,TT,TT,AA,TT,GG,CG,AA,9.02,Susceptible,High,Standard,Medium
L0817,Davangere,Karnataka,Rabi,Black Cotton,Irrigated,430,25.5,58,AA,TT,GG,AG,GG,CC,GG,TT,CC,GG,AA,CC,GG,TT,TT,GG,GG,TT,TT,AA,CG,GT,GT,CC,TT,CC,TT,TT,GG,AA,CT,CC,AA,CC,GG,GG,GG,CC,GG,CC,TT,TT,AA,TT,AA,AG,TT,TT,CG,CC,GG,AA,AA,GG,CT,GT,AA,AC,GG,AC,AA,GT,AT,AG,TT,TT,CC,GG,TT,GG,AA,GG,CC,AA,GG,AC,AT,GG,TT,TT,GG,GG,TT,AC,AA,GG,AA,AA,CC,TT,AC,TT,CC,AA,TT,GG,TT,CC,GG,CC,CC,CC,AG,AA,TT,TT,CC,AA,AG,AA,CC,GG,TT,CC,TT,AA,AC,TT,CG,GG,CG,GG,CC,GG,TT,AA,CC,CG,CC,CC,AA,TT,CC,AA,AC,NN,AA,TT,AA,AT,GG,CC,CC,GG,AA,AG,AA,CC,NN,CC,CC,AA,AG,GG,TT,AG,AC,TT,TT,GG,AC,TT,TT,TT,CC,AT,TT,TT,AA,TT,NN,CC,AG,CT,CC,CC,CG,CC,AA,NN,AA,CC,TT,CC,TT,TT,GG,AA,AA,AG,TT,CC,GG,AA,CC,CC,NN,GG,AC,GG,TT,CC,AA,CC,GG,AA,AC,AA,AT,GG,TT,AT,AA,GG,TT,NN,CG,AT,TT,AA,GG,AG,CC,AC,TT,CC,TT,NN,CC,TT,GG,AA,CG,AA,AC,TT,CT,GT,GG,TT,AA,CC,AA,GT,CC,CG,GG,CC,GG,TT,AG,CC,GT,GG,CC,GG,AA,AA,CC,AA,CC,TT,AA,CC,CC,CC,TT,AA,GG,AA,AA,AA,AA,AA,AG,AA,AA,AT,CG,AA,AA,CC,AA,CT,AA,AA,GG,GG,GG,TT,AA,AA,GT,TT,TT,AG,AT,GG,GG,AA,6.56,Susceptible,Medium,Poor,Early
L0818,Davangere,Karnataka,Rabi,Black Cotton,Irrigated,430,25.5,58,AA,CC,AG,AG,GG,CC,GG,TT,CC,CG,AA,CT,CG,AA,TT,GG,CC,TT,TT,AG,CC,TT,GG,CC,TT,CC,TT,TT,GT,AA,TT,CC,AA,CC,GG,CG,GG,CG,GG,CC,TT,TT,AA,TT,AA,GG,CT,TT,CG,AA,GG,AT,AG,GG,CC,GG,AA,AC,GT,AC,AA,GT,AT,AA,CT,AT,CC,GT,TT,GG,AA,NN,CC,AA,GG,CC,AT,GG,TT,TT,AG,GG,GT,CC,NN,GG,AA,AT,CG,GT,CC,GT,CT,AT,GT,GG,CT,CC,TT,CC,CT,CG,AG,AA,AT,TT,CC,AA,AG,AC,CC,GG,TT,CC,TT,AA,AA,TT,CC,GG,CG,GG,CT,GT,TT,AA,CC,CC,CC,CC,AA,TT,CC,AA,CC,CT,AA,AT,AA,AA,GG,CC,CC,GG,AA,NN,AA,CC,GT,CC,CC,AA,GG,GG,TT,GG,AC,TT,CT,GG,CC,TT,TT,TT,CG,AA,TT,CT,AT,TT,GG,CC,AG,CC,CC,CC,GG,CC,AA,NN,AA,CC,TT,CG,GT,TT,NN,TT,AA,AG,TT,CC,GG,AA,CC,CG,GG,GG,AC,GG,TT,AA,AG,CC,GG,AA,CC,AA,AA,GG,TT,AT,AA,GG,GT,TT,CC,TT,TT,AA,AG,AA,TT,AA,TT,CC,TT,AA,CC,CT,CG,GG,CC,AG,AC,TT,TT,TT,GG,TT,AA,CC,AG,GT,CC,CG,GG,CC,GG,TT,AA,CC,GT,GG,CC,CC,AA,GG,CC,AT,CG,AT,AA,AA,CG,CC,TT,AA,CG,AA,CC,CC,AA,AG,GG,AA,AA,TT,GG,AA,AA,AC,AA,CT,AA,AG,NN,GG,GG,TT,AT,AA,TT,TT,TT,GG,AT,GG,GG,AA,6.75,Susceptible,Low,Premium,Late
L0819,Davangere,Karnataka,Rabi,Black Cotton,Irrigated,430,25.5,58,AA,CT,GG,AA,GG,CC,TT,AT,CC,CC,AA,CC,CG,TT,GT,GG,GG,TT,TT,AA,CC,TT,GT,CC,NN,CC,TT,TT,GT,AA,CT,CC,AG,AC,GG,GG,GG,CC,GG,CC,TT,CT,AA,TT,AA,GG,TT,TT,CC,AA,GT,NN,AA,GG,CT,TT,AA,AC,GT,AC,AA,TT,AT,AA,TT,AT,CT,GG,TT,GG,AG,GG,CC,AA,GG,AA,AA,GG,TT,TT,GG,GG,GG,CC,NN,GG,AA,AT,CC,GG,CC,GT,TT,TT,GT,GG,TT,AC,GT,CC,CT,NN,AA,NN,TT,TT,GG,AG,GG,AA,CC,GG,TT,CC,TT,AA,AA,TT,CC,AG,CC,AG,CC,GT,TT,AA,CT,CC,CC,CC,AA,TT,AC,AA,CC,NN,AA,TT,AA,AA,CG,CT,CC,GG,AA,AG,AA,CC,GT,CG,CC,AA,AG,AG,GT,GG,AC,GT,TT,AG,AC,GG,TT,CC,CG,AT,TT,TT,AT,TT,GG,CC,AG,CT,CC,CC,GG,AC,AA,GG,AA,CC,TT,CC,GG,GT,CC,AT,AA,AA,TT,CC,GG,AC,CC,CC,CG,GG,AC,GG,TT,AA,AA,CC,GT,AA,CC,AA,AT,GT,TT,AT,AA,GG,GG,AA,CC,TT,TT,AA,GG,AA,TT,AA,TT,CC,TT,AA,AA,CT,GG,GG,CC,GG,CC,TT,TT,TT,GG,AA,AA,AC,AA,GG,CC,CG,GG,CC,GG,AT,AA,CC,TT,GG,CC,CC,AA,GG,CG,AT,CC,AA,AA,AC,CG,AC,AT,AA,GG,AA,AA,AC,AA,GG,AG,AA,AA,TT,CG,AA,AG,CC,AA,TT,AG,AG,GG,GG,GG,TT,AT,AA,TT,TT,TT,AG,AT,GG,GG,AA,6.56,Susceptible,Medium,Standard,Late
L0820,Davangere,Karnataka,Rabi,Black Cotton,Irrigated,430,25.5,58,AA,CT,GG,AA,GG,CC,GG,TT,CC,CC,AA,CC,CG,TT,TT,GG,GG,TT,TT,AA,CC,TT,GT,CC,AT,CC,TT,TT,GG,AA,TT,CC,AA,CC,GG,CG,GG,CC,GG,CC,TT,TT,AC,TT,AA,GG,TT,TT,CC,AC,GT,AA,AA,GG,CT,TT,AT,AC,GT,AA,AA,TT,AT,AG,CT,AT,CC,GT,CT,GG,AA,GG,AC,AA,AG,AA,AA,AG,TT,TT,GG,GT,GG,CC,AA,GG,AA,AA,CC,TT,CC,TT,CC,AT,TT,GG,TT,CC,GG,CT,TT,CC,AA,AA,TT,TT,NN,AA,AG,AA,CC,GG,TT,CC,TT,AC,AC,TT,CC,GG,CC,GG,CC,GT,CC,AG,CC,CC,CC,NN,AA,TT,AC,AA,CC,CC,AA,TT,AA,AA,GG,CC,CC,GG,AA,AA,AA,CC,GG,CC,CC,AA,AG,AG,GT,GG,AA,TT,TT,GG,AC,TT,TT,TT,CG,AT,TT,TT,AA,TT,GG,CC,AA,CT,CC,CC,GG,CC,AA,GG,AA,CC,TT,CC,TT,GT,GG,AT,AA,AA,TT,CC,GG,AA,AC,CC,GG,GG,AC,GG,TT,AA,AA,CC,TT,AA,AA,AA,TT,GG,GT,TT,AA,CG,GG,AA,CC,AT,TT,AA,GG,AA,TT,AA,TT,CC,CT,AA,AC,CT,GG,NN,CC,AG,CC,AT,TT,TT,GG,NN,AA,AC,AA,GG,CC,CC,GG,CC,GG,AT,AG,NN,GT,AG,CC,CC,AA,GG,CC,AA,CC,AA,AA,CC,CG,AA,TT,AA,CG,AA,AA,AC,AA,AA,AA,AA,AA,AT,GG,AC,AG,AC,AA,CT,AG,AA,CG,GG,GG,TT,AA,AG,TT,TT,TT,AG,AT,GG,CG,AA,7.08,Moderate,Low,Standard,Medium
L0821,Davangere,Karnataka,Rabi,Black Cotton,Irrigated,430,25.5,58,AC,CT,GG,GG,GG,CC,GG,AT,CC,CC,AA,CT,CG,TT,TT,GG,CG,TT,TT,AA,CC,NN,TT,CC,TT,CC,TT,AT,GG,AA,TT,CC,AA,CC,GG,CG,GG,CG,GG,CC,TT,NN,AA,TT,AA,AG,CT,TT,CC,AC,TT,AA,AG,GG,CC,GT,AA,AA,GT,AA,AA,TT,TT,AA,TT,AT,CC,GG,TT,GG,NN,GT,CC,AA,GG,AA,AT,GG,GT,TT,GG,GG,GT,CC,AA,AG,AA,TT,CC,TT,AC,TT,CT,TT,GT,GG,TT,AC,GT,CC,CC,CC,GG,AG,TT,TT,CC,AA,AA,AA,CT,GG,TT,CC,TT,AA,AC,AT,CG,GG,CC,GG,CC,GT,CT,AA,CC,CC,CC,CC,AA,GT,CC,AA,CC,CT,AA,TT,AA,AT,GG,CC,CG,GG,AA,AG,AA,CC,GG,CC,CC,AG,AG,AG,GT,GG,AC,GT,TT,GG,CC,TT,TT,TT,CC,AT,TT,TT,AA,TT,GG,CC,AA,CT,CC,CC,CG,CC,AA,GG,AA,CC,TT,CG,TT,GT,CG,TT,AG,AA,TT,CC,GG,AA,AC,CC,GG,GG,AC,GG,TT,AA,AA,CC,GG,AA,CC,AT,AT,GT,TT,AT,AA,GG,GT,AA,CG,TT,GT,AA,GG,AA,TT,AA,TT,CC,TT,AA,CC,TT,GG,AA,CC,AG,NN,TT,TT,GT,GG,TT,AA,AC,AA,GG,CC,CC,GG,CG,GG,AT,AA,CC,TT,AG,CC,CC,AT,GG,CG,AA,CG,AA,AA,CC,CG,AA,TT,AA,GG,AA,AA,AA,AC,AG,AG,AA,AA,AT,GG,AA,AA,AC,AA,CT,AA,AA,CG,GG,CG,TT,AT,AA,TT,TT,TT,AG,NN,GG,NN,AC,7.78,Resistant,Low,Standard,Late
L0822,Davangere,Karnataka,Rabi,Black Cotton,Irrigated,430,25.5,58,AA,TT,GG,AA,GG,CG,GT,AT,CC,GG,AA,CC,CG,TT,TT,GG,CG,TT,TT,AG,CC,TT,GG,CT,AT,CC,GT,TT,GT,AA,CT,CC,AG,CC,GG,CG,GG,CC,GG,CC,TT,TT,AA,TT,AA,GG,CT,TT,CC,CC,GT,AA,AA,GG,CT,NN,AA,CC,GT,AA,AA,TT,AA,AA,TT,TT,CC,GG,TT,GG,AA,GG,CC,AA,AG,AC,AA,AG,TT,TT,GG,GG,GG,CC,AA,GG,AA,AT,CC,TT,CC,TT,CC,TT,GT,AG,TT,CC,TT,CT,CT,CG,GG,AA,TT,NN,CC,AA,NN,AA,CC,GG,TT,CC,TT,AA,AA,TT,CC,GG,CC,NN,CC,GG,TT,AG,CC,CC,CC,CC,AA,TT,CC,AA,CC,CT,AA,TT,AA,AA,CG,CC,CG,GG,AA,AA,AA,CC,GG,CG,CG,AA,AG,GG,TT,GG,AA,TT,CT,GG,CC,TT,GT,TT,CC,AT,TT,CC,AA,TT,GG,CC,AG,CC,CC,CC,CG,CC,AA,GG,AG,CC,TT,CC,TT,GT,GG,TT,AA,AA,TT,CC,GG,AA,AC,CC,GG,GG,AA,GG,TT,AA,AA,CC,GG,AT,CC,AA,AT,GT,TT,AT,AT,GG,GT,AT,CG,AT,GT,AA,GG,AA,TT,AA,TT,CC,CT,AA,CC,CT,GG,GG,CC,NN,AC,TT,CT,TT,GG,AT,CC,CC,AA,GG,CC,GG,GG,CC,GG,AT,AA,CC,GT,GG,CC,CC,AA,GG,CC,AA,CC,AA,AA,AC,CG,AC,TT,AA,CG,AA,AC,AA,AA,GG,AA,AA,AA,TT,GG,AA,AG,AC,AC,CT,AA,AG,GG,GG,CG,TT,AA,AA,TT,TT,TT,AG,TT,GG,GG,AA,8.46,Susceptible,Low,Premium,Medium
L0823,Davangere,Karnataka,Rabi,Black Cotton,Irrigated,430,25.5,58,AA,TT,GG,AA,GG,CC,GG,TT,CC,CG,AA,CC,CC,TT,TT,GG,CC,TT,AT,AG,CC,TT,GT,TT,TT,CC,GT,TT,GG,AA,CT,CC,AA,CC,GG,GG,GG,CG,GG,CC,TT,TT,AA,TT,GG,GG,CT,TT,CC,CC,GG,AA,AA,GG,CC,GT,AA,AA,GT,CC,AA,TT,TT,AA,TT,AT,CC,GG,TT,GG,AG,GG,CC,AA,GG,CC,AA,NN,TT,TT,GG,GG,GG,CC,AA,GG,AG,AT,CC,GG,AC,TT,CC,TT,GT,GG,TT,CC,GT,CC,CT,CG,AG,AA,TT,TT,CC,AA,AG,AA,NN,GG,TT,CG,TT,AC,AA,TT,CG,AA,CC,AG,CC,GG,TT,GG,CC,CC,CC,CC,AA,GT,CC,AA,CC,CT,AA,TT,AG,AA,GG,CC,CC,GG,AA,GG,NN,CC,GG,CC,CC,AA,AA,GG,GT,GG,AA,TT,CT,AG,CC,NN,TT,TT,CC,AT,GT,TT,AA,TT,GG,CC,AG,CT,AC,CC,GG,CC,NN,GG,AA,AC,TT,CC,GG,TT,GG,AA,AA,AA,TT,CC,NN,AC,CC,CC,CG,GG,AA,GG,TT,AC,AA,CC,GG,AT,CC,AA,AT,GT,TT,AA,AT,GG,GT,AT,CC,TT,TT,AA,GG,AG,TT,AA,TT,CC,TT,AA,CC,TT,CG,GG,CC,AG,AC,AT,TT,TT,GG,TT,AC,AC,AA,GG,CC,CC,GG,CG,GG,AT,AA,CC,TT,GG,CC,CC,AT,GG,CC,AT,CC,AT,AA,CC,GG,CC,TT,AA,GG,AA,AC,AC,AA,AA,AG,AA,AA,TT,GG,AA,AG,AC,NN,TT,AG,AA,GG,GG,GG,NN,AA,AA,GT,TT,TT,AG,AT,GG,CG,AA,6.95,Susceptible,Medium,Standard,Late
L0824,Davangere,Karnataka,Rabi,Black Cotton,Irrigated,430,25.5,58,AC,TT,AG,AA,GG,CC,GG,NN,CC,CC,AA,CC,CC,TT,TT,GG,CG,AT,AT,AA,CC,TT,GT,CC,AT,CT,GT,TT,GG,AA,TT,CC,NN,AC,GG,CG,GG,CC,GG,CC,TT,TT,AA,TT,AA,AA,TT,TT,CC,AC,GG,AA,AG,GG,CC,GT,AA,AA,GG,CC,AG,TT,AT,AA,TT,TT,CC,GG,TT,GT,AG,GT,CC,AA,GG,AC,TT,GG,TT,TT,GG,GT,GG,CC,AA,GG,AA,AA,CG,GT,AC,TT,CC,TT,TT,GG,TT,CC,GT,CC,CT,CG,AG,AA,TT,TT,CG,AA,AA,AA,CC,GT,TT,CC,TT,AA,AA,AT,CC,GG,CC,AG,CC,GT,TT,AG,CC,CC,CC,CC,AA,TT,CC,AA,CC,CT,AA,TT,AA,AA,CG,CT,CC,GG,AA,AA,AA,AC,GG,CC,CC,AG,AG,AG,TT,GG,AA,NN,TT,GG,CC,TT,TT,TT,CC,AA,TT,TT,AA,TT,GG,CC,AA,CC,CC,CC,GG,CC,AA,GG,AA,CC,TT,CC,GG,GT,GG,TT,AA,AG,TT,CC,NN,AA,CC,CC,GG,GG,AC,CG,TT,AA,AA,CC,GG,AA,AC,AA,AA,GG,TT,TT,AT,GG,GG,AT,CC,AT,GT,AA,GG,AA,CT,AA,TT,CC,CT,AA,CC,TT,GG,AA,CG,AA,CC,TT,TT,TT,GG,TT,AC,AA,AG,GT,CC,CG,GG,CC,GG,TT,AA,CC,TT,GG,CC,CC,AA,AG,CC,AA,CC,AA,AG,NN,CG,AC,TT,AA,GG,AA,AA,AA,AA,AG,AA,AG,AA,TT,GG,AA,GG,AC,AC,CT,AA,AA,GG,GG,GG,GT,AA,AA,GG,TT,TT,AA,TT,GG,GG,AA,8.47,Susceptible,Low,Standard,Medium
L0825,Davangere,Karnataka,Rabi,Black Cotton,Irrigated,430,25.5,58,AA,CT,GG,AG,GG,CC,GG,TT,CC,CG,AA,CC,CG,NN,TT,GT,GG,TT,TT,AG,CC,TT,GT,CC,TT,CC,TT,AT,GG,AA,NN,CC,AA,CC,GG,GG,NN,CG,GG,CC,TT,TT,AA,TT,AG,AA,CT,AA,CC,AC,GG,AA,AA,CG,CT,GT,AA,AA,GT,AA,AA,TT,AT,AA,TT,TT,CC,GG,TT,GT,AG,GG,AC,AA,AG,AC,AT,GG,TT,NN,GG,GG,GT,CC,AA,GG,AA,AA,CC,TT,AC,TT,TT,TT,GT,GG,TT,CC,TT,CC,CC,CC,NN,AA,TT,TT,CC,AG,AA,AC,CC,GG,TT,CG,GT,AA,AA,TT,CC,AG,CC,GG,CC,GT,TT,AA,CC,CC,CC,CC,AA,TT,AC,AA,CC,CC,NN,TT,AA,AA,GG,CT,CC,GG,AG,AA,AA,CC,GG,CC,CC,AA,AG,GG,TT,AG,AC,GT,TT,GG,CC,GT,TT,TT,CC,AA,GT,TT,AA,AT,GG,CC,AA,CT,CC,CC,CG,AC,AA,GG,AA,CC,TT,CG,GT,TT,CC,AT,AA,AA,TT,AC,GG,AA,CC,CC,GG,GG,CC,GG,TT,AC,AG,CC,GG,AA,CC,AA,AT,GG,TT,AT,AT,CG,TT,AA,CC,AT,TT,AA,GG,AA,TT,AA,TT,CC,CT,AA,CC,CC,CC,AA,CG,AA,CC,TT,CC,GT,GG,TT,AC,AC,AG,GG,CC,CG,GG,CC,GG,AT,AA,CC,TT,GG,CC,CC,AA,AG,CC,AT,CC,AA,AA,AC,CC,CC,TT,AA,GG,AA,AA,AA,AA,GG,AA,AA,AA,TT,CG,AC,AG,AC,AA,TT,AG,AA,GG,GG,NN,TT,AT,AA,TT,TT,TT,AG,AA,GG,GG,AC,4.11,Resistant,Medium,Poor,Medium
L0826,Davangere,Karnataka,Rabi,Black Cotton,Irrigated,430,25.5,58,AA,TT,GG,AG,CG,CC,GT,AT,CC,CG,AA,CC,CC,TT,GT,GG,GG,TT,TT,AG,CC,TT,TT,CC,TT,CC,GG,TT,GG,AA,NN,CC,AA,CC,AG,GG,GG,CC,GG,CC,NN,CC,AC,TT,AG,GG,TT,TT,CC,AC,GG,TT,AG,GG,CC,TT,NN,AA,GT,AA,AA,TT,AT,AA,CT,AT,CC,GG,TT,GT,AA,GG,CC,AG,AG,AA,AA,GG,TT,TT,GG,GT,GG,CC,AA,GG,AA,AA,CC,TT,CC,TT,CT,TT,GT,GG,TT,CC,GT,CC,CC,CG,GG,AA,TT,TT,CC,AA,AG,AA,CT,GG,TT,CC,GT,AC,AA,TT,CC,AG,CG,AG,CC,GT,TT,AA,CC,CC,CC,CC,AA,TT,CC,AA,CC,CC,AA,TT,AA,AT,GG,CC,NN,GG,AA,GG,AA,CC,GT,CC,CC,AA,AA,GG,GG,GG,AC,TT,CC,NN,AA,GT,GG,TT,CC,AT,TT,TT,AT,AT,GG,CC,NN,CC,CC,CC,GG,CC,AA,GG,AG,CC,TT,CG,GG,TT,GG,AT,AA,AA,TT,CC,CG,AA,CC,CC,GG,GG,AC,GG,TT,AA,AA,CC,GT,AA,CC,AA,AT,GG,TT,AT,TT,CG,GT,AT,CC,TT,TT,AA,GG,AA,CT,AA,TT,CC,NN,AA,CC,TT,GG,AG,CG,AG,CC,TT,CT,GT,GG,TT,AA,AC,AA,GT,CC,CG,GG,CC,GG,AT,AA,CC,GT,GG,CC,CC,AA,GG,CG,AA,CC,AA,AA,AC,CG,NN,TT,AA,GG,AA,AA,AA,AA,GG,AG,GG,AA,TT,NN,AA,AG,CC,NN,CT,AG,AA,GG,GG,GG,TT,AA,AA,GT,TT,TT,GG,AT,GG,GG,AA,4.69,Susceptible,Low,Standard,Late
L0827,Davangere,Karnataka,Rabi,Black Cotton,Irrigated,430,25.5,58,AC,CT,GG,AA,GG,CC,GG,TT,CC,CC,AA,CT,CC,TT,TT,GG,GG,AT,TT,AG,CG,TT,TT,CT,TT,CC,TT,TT,GT,AA,CT,CC,AG,CC,GG,CG,GG,CG,GG,AC,TT,NN,AA,GT,AA,AG,CT,TT,CC,AC,GG,AA,AG,GG,CC,TT,AA,AA,TT,AC,AA,TT,AT,AA,TT,AT,CC,GG,TT,GG,AA,GG,CC,AA,GG,AA,AA,GG,GT,TT,GG,GG,GG,CC,AA,GG,AG,AA,CC,GT,CC,TT,TT,TT,NN,GG,CT,CC,TT,CC,NN,CC,AG,AA,TT,TT,CC,AA,AG,AA,CT,GG,TT,CG,GT,AA,AA,TT,CC,AG,CC,GG,CC,GT,CT,AA,CC,CC,CC,CC,AA,GT,AC,AA,CC,CC,AA,TT,AA,AA,GG,CT,CC,GG,AA,AG,AA,CC,GG,CC,CC,AA,GG,AG,TT,GG,AA,TT,TT,GG,AC,GT,TT,TT,CC,TT,TT,TT,AA,TT,GG,CC,AG,CC,CC,CC,CG,CC,AA,AG,AA,CC,TT,CC,GT,TT,GG,TT,AA,AA,TT,CC,GG,AA,CC,CC,GG,AG,AC,GG,TT,AA,AG,CC,GG,AA,CC,AA,TT,TT,TT,AT,AA,CG,GT,AT,CC,TT,GT,AA,GG,AA,CT,AA,TT,CC,CT,AC,CC,CT,GG,AA,CC,AA,CC,TT,CT,GT,CG,TT,AC,AC,AA,GG,CC,CC,GG,CC,GG,TT,NN,CC,GT,GG,CC,CG,AA,GG,CG,AA,CC,AA,AA,CC,CG,AC,TT,AA,GG,AA,AA,AC,AA,AA,AA,AG,AG,TT,GG,AC,AA,CC,AA,TT,AA,AG,CG,GG,GG,TT,AA,AA,TT,TT,TT,GG,AA,GG,CG,AA,8.42,Susceptible,Low,Poor,Late
L0828,Davangere,Karnataka,Rabi,Black Cotton,Irrigated,430,25.5,58,AA,TT,AG,AG,GG,CC,TT,TT,CC,GG,AT,CC,CC,TT,GT,GG,CG,TT,TT,AA,CC,TT,GT,CC,TT,CC,TT,AT,NN,AA,CT,CC,AA,AC,GG,GG,GG,CG,GG,CC,TT,TT,AC,TT,AA,AG,TT,TT,CC,AA,GT,AT,AA,GG,CC,TT,AA,CC,TT,AC,AG,TT,NN,AA,TT,AA,CC,GG,TT,GT,AA,GG,CC,AA,GG,AA,AT,GG,TT,TT,GG,GG,GG,CC,AA,GG,AA,AA,CG,TT,CC,GT,CC,TT,TT,GG,NN,CC,GG,CC,CC,NN,GG,AA,TT,TT,CG,AA,AG,AC,CC,GT,TT,CC,TT,AC,AC,TT,CC,GG,CC,GG,CT,GG,TT,AA,CC,CC,CC,CC,AA,TT,AC,AA,NN,CT,AA,TT,AA,AA,GG,TT,CC,GG,AG,AG,AA,CC,GG,CC,CC,AA,AG,GG,TT,GG,AA,TT,CT,GG,CC,GT,GT,TT,CG,AA,GT,TT,AA,AT,GG,CC,AG,CT,CC,CC,GG,CC,AA,GG,AA,CC,TT,CG,GG,GT,GG,TT,NN,AA,TT,CC,CG,CC,AC,CC,GG,GG,AA,GG,TT,AC,AA,CC,GT,AA,CC,AT,TT,GG,TT,TT,AA,CG,TT,AT,CC,TT,GG,AA,GG,AA,CT,AA,TT,CC,CT,AA,AC,TT,GG,AG,CC,AA,CC,AT,TT,TT,GG,TT,AC,AC,AA,GG,CC,CC,GG,CC,GG,AT,AA,CC,GT,GG,CC,CG,AA,AG,CC,AA,CC,AA,AA,CC,CC,CC,TT,NN,GG,AA,AA,AA,AA,AA,AA,AG,AA,TT,CC,AA,GG,CC,AA,NN,AA,AG,GG,NN,CG,TT,AA,AA,TT,TT,TT,AA,TT,GG,GG,AA,6.63,Susceptible,Low,Standard,Late
L0829,Davangere,Karnataka,Rabi,Black Cotton,Irrigated,430,25.5,58,AC,TT,AG,AG,GG,CC,GG,TT,CC,NN,AA,CC,CG,TT,TT,GG,GG,TT,TT,GG,CC,TT,GG,CC,TT,CC,TT,TT,GT,AA,TT,CT,AA,CC,GG,CG,GG,CG,GG,CC,TT,NN,AC,TT,AA,AA,TT,AT,CC,CC,GG,AA,AA,GG,CC,GT,AA,AA,GG,AC,AA,TT,NN,AG,CT,TT,CC,GG,TT,GT,AA,GG,CC,AA,AG,AA,AT,GG,TT,TT,GG,GT,GG,CC,AT,GG,AA,AA,CC,TT,CC,TT,CT,TT,TT,GG,TT,CC,TT,CT,CC,GG,GG,AA,TT,TT,CC,AA,AA,AA,CC,GG,GT,CC,TT,AC,AA,TT,CC,AG,CC,GG,CC,GT,TT,AA,CC,CC,CC,CC,AG,TT,CC,AA,CC,CC,AA,TT,AA,AA,GG,CC,CC,AG,AA,AA,AA,CC,GG,CC,CC,AG,AG,GG,TT,AG,AA,TT,TT,GG,CC,TT,TT,TT,CG,AT,TT,TT,AA,TT,CG,CC,AG,CC,CC,CC,CG,CC,AA,GG,AA,CC,TT,CC,GG,TT,CG,AT,AA,AA,TT,CC,GG,AA,CC,CC,GG,GG,AC,GG,TT,AC,AG,CC,GG,AA,CC,AA,AA,GG,TT,AT,AT,GG,GG,AA,CG,AT,GT,AA,GG,AA,CT,AA,TT,CC,CT,AA,CC,CT,GG,AA,CG,AG,CC,TT,CC,TT,GG,TT,AA,CC,AA,GT,CC,GG,GG,CC,GG,TT,AG,CC,TT,GG,CC,CC,AA,GG,CC,AT,CC,AA,AA,CC,CC,AC,TT,AA,GG,AA,AA,AA,AA,AA,AA,AG,AG,TT,GG,AA,AA,CC,AA,CT,AG,AA,GG,GG,GG,GT,AA,AA,TT,TT,TT,AA,AT,CG,GG,AA,9.9,Susceptible,Low,Poor,Medium
L0830,Davangere,Karnataka,Rabi,Black Cotton,Irrigated,430,25.5,58,CC,TT,AG,AA,GG,NN,GG,TT,CC,GG,AA,CC,GG,AT,TT,GT,GG,TT,TT,AG,CC,GG,GT,CC,TT,CT,TT,TT,GG,AA,TT,CC,AA,CC,GG,GG,GG,CG,GG,CC,TT,CT,AA,TT,AA,GG,TT,TT,CC,CC,GG,AA,AA,GG,CC,TT,AT,AC,GT,AC,AG,TT,AT,AA,TT,AT,CC,GG,TT,GT,AA,GG,AC,AA,AG,NN,AA,GG,TT,TT,AG,GG,GG,CC,AA,GG,AA,AA,CC,TT,CC,GT,CT,TT,TT,GG,TT,CC,TT,CC,CT,CG,AA,AA,NN,TT,CC,AA,GG,AA,CT,GG,GT,CG,TT,AA,AA,TT,CG,AG,GG,NN,CC,GG,TT,AA,CC,CC,CC,CC,AA,TT,CC,AA,CC,CC,AA,TT,AA,AA,GG,CC,CG,GG,AA,AG,AA,AC,TT,CC,CC,AG,AA,GG,TT,GG,AA,TT,TT,AG,AA,TT,GT,TT,CG,AA,GT,TT,AA,TT,GG,CC,AG,CT,CC,CC,GG,CC,AA,GG,AG,CC,TT,CC,TT,GT,GG,AT,AA,AA,GT,CC,GG,AA,CC,CC,GG,GG,AA,GG,CT,AC,AA,CC,GG,AT,AC,AA,AT,GT,TT,AT,TT,CG,TT,AT,CC,TT,GT,AA,GG,AA,TT,AC,TT,CC,CT,CC,CC,CT,GG,AA,CG,AG,CC,TT,CT,GT,GG,AT,AA,AC,AA,GT,NN,CG,GG,CC,GG,AA,AA,CG,TT,NN,CC,CG,AT,AG,CC,AA,CC,AA,AA,AC,GG,AC,AT,AA,GG,AA,AA,AA,AA,AG,AG,AA,AA,TT,GG,AA,AA,CC,AC,TT,AA,AA,GG,AG,CG,NN,AA,AA,GT,TT,TT,AG,TT,GG,CG,AA,4.59,Susceptible,Medium,Standard,Medium
L0831,Davangere,Karnataka,Rabi,Black Cotton,Irrigated,430,25.5,58,AA,TT,GG,GG,CC,CC,GT,TT,CC,CG,AA,CC,CG,AT,TT,NN,GG,TT,TT,AA,CC,TT,GT,CC,TT,CC,GT,TT,GG,AA,TT,CC,AA,CC,GG,GG,GT,CG,GG,CC,TT,TT,AA,TT,AA,AG,TT,TT,CC,CC,GT,AA,AG,GG,CT,TT,AT,AA,GT,AC,AA,TT,TT,AG,TT,AT,CC,GG,TT,GG,AA,GG,CC,AA,AG,AC,AT,GG,TT,CT,GG,GG,GG,NN,AT,GG,AA,AA,NN,GT,CC,NN,CC,TT,GG,GG,TT,CC,TT,CC,CC,CC,AG,AA,AT,TT,CC,AA,AG,AA,CT,GG,TT,CC,TT,AC,AA,TT,CG,GG,CC,GG,CC,TT,TT,AA,CC,CC,CC,CC,AA,TT,CC,AA,CC,CT,AG,TT,AA,AA,GG,CC,CC,GG,AA,AA,AT,CC,GT,CC,CC,AA,GG,GG,TT,GG,AC,TT,CC,AG,AC,GT,TT,CT,CG,AA,TT,CT,AT,AT,GG,CC,AA,CC,CC,CC,CG,CC,AA,GG,AA,CC,TT,CC,GG,TT,GG,AT,AA,AA,TT,CC,GG,AA,AC,CC,GG,GG,AA,GG,TT,AA,AA,CC,GG,AT,CC,AA,AT,GG,TT,TT,AA,GG,GT,AT,CC,TT,TT,NN,GG,AA,CT,AA,TT,CC,TT,AA,CC,CT,GG,AG,CG,AG,AC,TT,TT,TT,CG,TT,AA,AC,AG,GG,CC,CC,GG,CC,GT,AT,AA,CC,TT,GG,CC,CC,AA,GG,CG,AA,CG,AA,AA,AC,CG,CC,TT,AA,GG,AA,AA,AA,AA,AG,AA,AG,AA,TT,GG,AA,AG,CC,NN,TT,AA,AA,GG,GG,GG,TT,AT,AA,GG,AT,AT,AA,TT,GG,CG,AA,5.21,Resistant,Medium,Poor,Late
L0832,Davangere,Karnataka,Rabi,Black Cotton,Irrigated,430,25.5,58,CC,TT,AG,AA,GG,CC,GT,NN,CG,CC,AA,CT,GG,TT,TT,GT,NN,TT,TT,AA,CC,GT,TT,CT,TT,CC,TT,AT,GG,AA,TT,CC,AA,CC,NN,GG,GG,NN,GG,CC,TT,CC,AA,TT,AA,GG,TT,TT,CC,AA,GT,AT,AA,GG,CT,GT,AA,AA,GT,AC,AA,NN,TT,GG,TT,TT,CC,GG,TT,GG,AG,GG,CC,AA,GG,AA,TT,GG,TT,NN,GG,GG,GG,CC,AA,GG,AA,AA,CC,GT,CC,TT,CC,AT,TT,GG,TT,CC,GT,CC,CT,CG,AA,AA,TT,TT,CG,AA,AG,AA,CT,GG,TT,GG,TT,AA,AC,TT,NN,AG,CC,GG,CC,GG,TT,AA,CC,CC,AC,CC,AA,TT,CC,AA,CC,CC,AA,AT,AA,AA,GG,TT,CC,GG,GG,GG,AA,CC,GT,GG,CC,AA,AG,AG,TT,AG,AA,TT,TT,NN,CC,TT,TT,CT,CC,AA,GT,TT,AA,AT,GG,CC,GG,CC,CC,CC,GG,CC,AA,AG,NN,CC,TT,CC,GG,TT,GG,AA,AA,AA,TT,AC,GG,AC,AC,CC,GG,GG,AC,GG,TT,AA,AA,CC,GT,AA,CC,AA,AT,GG,TT,TT,AA,CC,GT,AA,GG,TT,GT,AA,GG,AA,CT,AA,TT,CC,TT,AA,CC,TT,GG,AA,CC,AA,CC,TT,TT,GG,GG,TT,AC,AC,AA,GG,CC,CC,GG,CC,GG,TT,AG,CC,GT,GG,NN,CC,AA,GG,CC,AT,CC,AA,AA,AC,GG,AC,TT,AA,GG,AA,AC,AC,AC,GG,AG,AA,AA,TT,CG,AA,AG,CC,AA,CT,AG,AA,GG,GG,GG,TT,AA,AG,GT,TT,TT,AA,TT,GG,CG,AA,7.16,Moderate,Low,Premium,Early
L0833,Davangere,Karnataka,Rabi,Black Cotton,Irrigated,430,25.5,58,CC,TT,GG,AA,GG,CC,GT,TT,CC,CG,AA,CC,CG,AT,TT,GT,GG,TT,TT,AG,CC,TT,GT,CC,TT,CC,TT,TT,GT,AA,TT,CC,AG,CC,GG,GG,GG,CG,GG,CC,TT,CC,AC,TT,AA,AG,TT,AT,CC,AC,GG,AA,AA,GG,CT,TT,AA,AA,GG,AC,AG,GT,AT,GG,TT,TT,NN,GG,TT,TT,AA,GG,CC,NN,AA,AC,AA,GG,GT,TT,GG,GT,GG,CC,AA,GG,AA,AA,CC,TT,CC,TT,CC,AT,GG,AA,TT,CC,TT,CT,CT,GG,GG,AA,TT,GT,CC,AA,AG,AA,CC,GG,TT,CC,GT,AA,AA,TT,CC,GG,CC,GG,CC,GG,NN,AA,CC,CC,CC,CC,AA,TT,CC,AA,CC,CC,AA,AT,AA,AA,CG,CC,CC,AG,AA,AG,AA,AC,GT,CC,CC,AA,AA,AA,GT,GG,AA,GT,CT,GG,CC,GT,GT,TT,CG,AT,TT,CT,AT,TT,CC,CC,AG,CC,CC,CC,GG,CC,AA,GG,AG,CC,TT,CC,GG,TT,GG,AT,AA,AG,TT,CC,GG,AC,AA,CC,GG,GG,AC,GG,TT,AA,AA,CC,GG,AA,AC,AT,AT,GG,TT,TT,AA,GG,GT,AT,CG,AA,TT,AA,GG,AA,TT,AA,TT,CC,CT,AA,CC,CT,GG,AA,CG,GG,AC,TT,TT,TT,GG,TT,AC,AA,AG,GG,CC,CC,GG,CC,GG,AT,AA,CC,TT,GG,CG,CC,AT,AG,CC,AT,CC,AA,AA,CC,CG,CC,TT,AA,GG,AA,AA,AA,AA,GG,AG,AA,AA,TT,CG,AA,AA,AA,AA,TT,AA,AA,CG,GG,GG,TT,AA,AG,TT,TT,TT,AG,TT,GG,GG,AA,8.5,Moderate,Low,Premium,Early
L0834,Davangere,Karnataka,Rabi,Black Cotton,Irrigated,430,25.5,58,AC,CT,GG,GG,GG,CC,GT,AT,CC,CG,AA,CC,CC,TT,TT,GG,CG,TT,TT,AG,CC,GT,TT,CC,TT,CC,TT,AT,GT,AA,TT,CT,AA,CC,GG,GG,GG,CC,GT,CC,TT,CT,AC,TT,AA,AG,TT,TT,CG,AC,GG,AA,AG,GG,CC,GT,AA,AA,GT,AA,AA,TT,AA,AA,CT,TT,CC,GG,TT,GG,AA,GG,CC,AA,GG,AC,AT,GG,TT,TT,AG,GT,GG,CC,AA,GG,AA,AA,CG,GT,CC,TT,CC,TT,GT,GG,CT,CC,TT,CC,CT,CG,GG,AA,TT,TT,CC,AA,AG,AA,CT,GT,TT,CC,TT,AC,AA,TT,CG,AG,CG,GG,CT,GG,TT,AG,CC,CC,CC,CC,AA,TT,CC,AA,CC,CT,AA,AT,AA,AA,GG,CC,CC,GG,AA,GG,AA,CC,GG,CC,CC,AA,AA,AG,TT,GG,AC,TT,TT,AG,AC,TT,GT,TT,CC,AA,TT,TT,AT,TT,GG,CG,AA,CC,CC,CC,GG,AC,AT,GG,NN,CC,TT,CC,GT,TT,GG,NN,AA,AA,TT,AC,CG,AA,CC,CC,GG,GG,CC,GG,TT,AA,AA,CC,GG,AT,AC,AA,AA,GT,TT,AT,AT,CG,GT,AT,CC,AT,GT,AA,GG,AA,CT,AA,TT,CC,CT,AA,CC,TT,CG,NN,CC,AG,CC,TT,CT,TT,GG,TT,AC,CC,AG,GG,CC,GG,GG,CC,GG,AA,AA,CC,GT,GG,CC,CC,AA,NN,CG,AA,CC,AA,AA,AC,CG,AC,TT,AA,GG,AA,CC,AA,AA,AG,AG,AG,AA,TT,GG,CC,AA,CC,AA,CT,AA,AA,GG,GG,GG,TT,AA,AA,TT,TT,TT,AA,TT,CG,GG,AA,5.95,Susceptible,Low,Poor,Medium
L0835,Davangere,Karnataka,Rabi,Black Cotton,Irrigated,430,25.5,58,AC,TT,GG,AG,GG,CC,GG,NN,CC,CG,AA,CC,CC,TT,TT,GG,GG,TT,AT,AA,CC,TT,GG,CC,TT,CT,TT,TT,GG,AC,TT,CT,AA,CC,GG,CG,GG,CC,GG,CC,TT,CT,AA,GT,AA,AG,TT,TT,CC,AA,GG,AA,AA,GG,CC,TT,AA,CC,GG,NN,AG,TT,AT,AG,TT,TT,CC,GG,TT,GT,AA,GG,CC,AA,AG,AC,AA,GG,TT,TT,GG,GG,GG,CC,AA,GG,AA,AA,CC,GT,CC,TT,CT,TT,TT,GG,TT,AC,GT,CT,CT,CG,AG,AA,TT,TT,CC,AA,AG,AA,CC,GG,TT,CG,GT,AA,AA,TT,CG,AG,CG,GG,CC,GG,TT,AA,CC,CC,CC,CC,AA,TT,CC,AA,CC,CC,AA,TT,AG,AT,GG,CC,CC,GG,AA,AA,AA,CC,GG,CC,CC,AA,AA,AG,TT,GG,AC,GG,CT,AG,AA,GT,GT,TT,CC,AT,GT,TT,AT,AT,GG,CC,AA,CT,CC,CC,GG,CC,AA,GG,AA,CC,TT,CC,NN,TT,GG,AA,AA,AA,GT,CC,GG,AA,CC,NN,GG,GG,AA,GG,TT,AC,AA,CG,GG,AA,AC,AA,AA,GG,TT,TT,AA,CG,GG,AT,CC,TT,TT,AA,AG,AA,TT,AC,TT,CC,CT,AA,CC,TT,GG,GG,GG,AG,CC,TT,CT,GT,GG,TT,AA,CC,AG,GG,CC,CG,GG,CC,GG,AA,AG,CC,GT,GG,CC,CC,TT,GG,CC,AT,CC,AA,AA,AC,CC,AA,AT,AG,GG,AA,AA,AC,AA,AG,AA,AG,AA,AT,GG,CC,AA,CC,AC,TT,AG,AA,GG,GG,CG,TT,AT,AA,TT,TT,TT,AG,TT,GG,GG,AA,7.45,Susceptible,Medium,Poor,Early
L0836,Davangere,Karnataka,Rabi,Black Cotton,Irrigated,430,25.5,58,AC,TT,AG,AA,GG,CC,GT,TT,CC,CG,AA,CT,CC,AT,TT,GG,CC,TT,TT,GG,CC,GT,GT,CC,TT,CC,GT,AT,GT,AA,TT,CC,AA,AC,GG,GG,GG,CG,GG,CC,TT,CT,AA,TT,AA,AG,CT,TT,CC,AC,GG,AT,AG,GG,CC,TT,AT,AA,TT,AC,AA,TT,TT,AG,TT,TT,CC,NN,TT,GG,AG,GT,CC,AA,GG,AA,TT,GG,TT,TT,AG,GG,GG,CC,AA,GG,AA,AT,CC,GG,CC,TT,CC,TT,TT,GG,CT,CC,TT,CC,CT,CG,AG,AA,TT,TT,CC,AA,AA,AC,CC,GG,TT,CC,TT,AA,AA,TT,CG,AG,CC,GG,CC,GG,TT,AA,CC,CC,CC,CC,AG,TT,CC,AA,CC,CC,AA,TT,AA,NN,CG,CC,CC,GG,AG,AG,AA,AC,GG,CC,CG,AA,AG,GG,TT,GG,AA,GT,TT,GG,AC,TT,TT,TT,CC,AT,TT,TT,AT,TT,CC,CC,AA,TT,CC,CC,CG,CC,AA,GG,AG,CC,NN,CG,GG,TT,GG,AA,AA,AA,TT,CC,CG,AA,CC,CC,GG,GG,CC,GG,TT,AA,AA,CC,GG,AA,CC,AA,AT,GG,TT,AT,AA,CG,TT,AA,CC,TT,TT,AA,GG,AA,TT,AC,TT,CC,CT,AA,CC,CT,GG,AG,CC,AG,CC,TT,TT,GT,GG,TT,AA,AC,AG,GT,CC,CG,GG,CC,GG,AA,AA,CG,GT,GG,CG,CG,NN,GG,CG,AA,CC,AT,AA,AC,CG,AC,TT,AA,GG,AA,AA,AC,AA,GG,AA,GG,AA,AT,CG,AA,GG,AC,AA,CT,AA,AA,CC,AA,GG,TT,NN,AA,GG,TT,TT,AG,TT,GG,GG,AA,6.57,Susceptible,High,Poor,Late
L0837,Davangere,Karnataka,Rabi,Black Cotton,Irrigated,430,25.5,58,AC,TT,GG,AG,CG,CC,GG,TT,CC,CC,AA,CC,CC,AT,TT,GT,CG,NN,TT,AA,CC,GT,TT,CC,TT,CC,TT,TT,GT,AA,TT,CC,AA,CC,GG,GG,GG,CG,GG,CC,TT,CC,NN,TT,AA,GG,TT,AT,CC,AC,GG,AA,AA,GG,CC,TT,AT,AA,GT,AC,AA,TT,AT,AA,TT,AT,CT,GG,TT,GG,GG,GG,AC,AA,GG,NN,AA,GG,TT,TT,GG,GG,GG,CC,AA,GG,AA,AA,CC,GG,AC,TT,CC,TT,TT,GG,CT,NN,GT,CC,CT,CG,AA,AA,TT,TT,CG,AA,AA,AA,CT,GG,TT,CC,TT,AC,AA,TT,CC,AG,CC,GG,CC,GG,TT,AA,CC,CC,CC,CG,AA,TT,AC,AA,CC,NN,AA,NN,AG,AT,CG,CT,CG,GG,AA,AA,AA,CC,GG,CC,CC,AG,AG,GG,TT,GG,AA,TT,TT,GG,AC,GT,TT,TT,CC,AA,TT,TT,AA,TT,CC,CC,AA,CC,CC,CC,GG,CC,AA,GG,GG,CC,TT,CC,GT,TT,GG,AA,AA,AA,TT,CC,GG,AA,CC,CC,GG,GG,AC,GG,TT,CC,AA,CG,GT,AA,AA,AA,AA,GG,TT,AT,AA,CG,GT,AA,CG,AA,TT,AA,GG,AA,TT,AA,TT,CC,CC,AA,AC,TT,CC,GG,CC,AG,CC,TT,TT,GT,GG,TT,AA,AA,AG,GG,CC,CG,GG,CC,GG,AT,NN,CC,TT,GG,CC,CC,AA,AG,CG,AA,CC,AA,AA,AC,CC,AC,TT,AA,GG,AA,AA,AC,AA,AA,AA,GG,AA,TT,GG,AA,AG,AC,AA,CT,AA,AA,CG,GG,GG,TT,AT,AG,TT,TT,TT,AG,AT,GG,GG,AA,7.57,Susceptible,Low,Standard,Medium
L0838,Davangere,Karnataka,Rabi,Black Cotton,Irrigated,430,25.5,58,AC,TT,GG,AG,GG,CC,GG,AT,CC,CC,AA,CC,CG,TT,GT,GG,GG,TT,TT,AA,CC,TT,GT,CC,TT,CC,TT,TT,GT,AA,TT,CC,AA,CC,GG,GG,GG,CG,GG,CC,TT,CT,AA,GG,AG,GG,TT,TT,CC,CC,GT,AA,AG,GG,CC,TT,AT,AC,GG,CC,AA,TT,AA,GG,TT,TT,CC,GG,TT,GG,AA,GT,CC,AA,GG,AA,AA,GG,TT,TT,AG,TT,GG,CC,AA,GG,AG,AT,CC,TT,CC,TT,CT,AT,TT,GG,TT,CC,GT,CC,CC,GG,AA,AA,AT,TT,CC,AA,AA,AA,CT,GG,TT,CC,TT,CC,AA,TT,CC,GG,CC,GG,CC,GT,TT,AG,CC,CC,CC,CC,AA,TT,CC,AA,CC,CC,AA,TT,AG,AA,GG,CC,CC,GG,AA,NN,AT,CC,GT,CC,CC,AA,GG,AG,TT,AG,AC,TT,TT,GG,AC,TT,TT,TT,CC,AA,TT,CT,AA,TT,GG,CC,AG,CT,CC,CC,NN,CC,AA,AG,AG,CC,TT,CC,GG,TT,CG,AT,AA,AG,GT,AC,GG,AC,AC,CC,GG,GG,AA,GG,TT,AC,AA,CG,GT,AA,CC,AA,AA,GG,TT,TT,AA,GG,GT,AA,CC,AT,NN,AA,GG,AA,CT,AC,TT,CC,TT,AC,CC,TT,CG,AG,CC,AG,CC,TT,TT,TT,GG,TT,AA,AC,AG,GG,CC,CG,GG,CC,GG,AT,AG,CC,GT,GG,CC,CG,AA,GG,NN,AT,CG,AA,AA,AC,NN,AC,TT,AA,GG,AA,AA,CC,AA,AG,AG,AG,AA,TT,NN,AA,AA,AC,AC,TT,AA,AA,GG,GG,CG,GT,AA,AA,TT,TT,TT,AA,AT,GG,GG,AA,6.49,Susceptible,Medium,Standard,Medium
L0839,Davangere,Karnataka,Rabi,Black Cotton,Irrigated,430,25.5,58,AA,TT,GG,AA,GG,CC,GT,NN,CC,CG,AA,CT,CC,AT,GT,GG,CG,TT,TT,AA,CC,GT,GG,CC,TT,CC,TT,TT,GG,AA,TT,CT,AA,CC,GG,GG,GG,GG,GG,CC,TT,CT,AC,TT,AA,AG,CT,TT,CC,AC,GG,AA,AA,GG,CC,TT,AA,AA,GT,AC,AA,TT,AT,AA,TT,AT,CC,GG,TT,GT,GG,GT,CC,AA,GG,AA,AA,GG,TT,TT,GG,GG,GG,CC,AT,GG,AG,AA,CC,TT,AC,GT,CC,TT,TT,GG,TT,CC,GG,CC,TT,CC,GG,AA,TT,TT,CG,AA,AG,AA,CC,GT,TT,CC,TT,AC,AA,TT,CC,AG,CG,GG,CC,GG,CT,AG,CT,CC,CC,CC,AA,TT,CC,AC,CC,CT,AA,TT,AA,AT,GG,CC,CC,GG,AA,AA,AA,CC,GT,CC,CC,AA,AA,AG,TT,GG,AA,TT,CT,GG,CC,TT,TT,CT,CC,AA,TT,TT,AA,TT,GG,CC,AA,CT,CC,CC,GG,CC,AA,GG,AG,CC,TT,CC,GT,TT,CG,AT,AA,AA,TT,CC,GG,AA,CC,CC,GG,GG,CC,GG,TT,AC,AA,CC,GG,AT,CC,AA,AA,GT,GT,TT,AA,GG,GT,AT,CG,AT,GG,AA,NN,AA,CT,AA,TT,CC,TT,CC,CC,CT,GG,AG,CG,AG,CC,TT,TT,GT,GG,TT,AC,CC,AA,GG,CC,CG,GG,CC,GG,AT,AG,CC,GT,GG,CC,CC,AA,AG,CC,AA,CG,AA,AG,CC,CC,AC,TT,AA,GG,AA,AA,AA,AC,AG,AG,AA,AG,AT,GG,AA,AA,AA,AA,CT,AA,AA,GG,GG,GG,TT,AA,AA,TT,TT,TT,AG,TT,GG,CG,AC,5.38,Resistant,High,Standard,Early
L0840,Davangere,Karnataka,Rabi,Black Cotton,Irrigated,430,25.5,58,CC,TT,GG,AG,GG,CC,GT,AT,CC,CC,AA,CC,CG,AT,TT,GG,GG,TT,TT,AA,CG,GT,GT,CC,TT,CC,GT,AT,GT,AA,TT,CC,AG,CC,GG,CG,GG,NN,GG,CC,TT,TT,AA,TT,AA,GG,NN,TT,CC,AC,GG,AT,AA,GG,CT,TT,AA,AA,GT,AA,AG,TT,AT,AG,CT,TT,CC,GG,TT,GG,AA,GG,CC,AA,GG,AA,AA,GG,TT,TT,GG,GT,GG,NN,AA,GG,AA,NN,CC,GG,CC,TT,CT,TT,TT,GG,TT,AC,GG,CC,CC,CC,AA,AA,AA,TT,CG,AA,AG,CC,CC,GG,TT,CG,TT,AA,AC,TT,CC,AG,CC,AG,CC,GT,CT,AG,CC,CC,CC,CC,AA,TT,AC,AA,CC,CC,AA,TT,AA,AT,GG,CC,CC,GG,AA,AA,AA,CC,GG,CC,CC,AA,GG,GG,GT,GG,AA,GG,CT,GG,CC,TT,GT,TT,CC,AT,TT,TT,AA,TT,CG,CC,AA,CT,AC,CC,GG,CC,AA,GG,AG,CC,TT,CC,GG,GT,GG,TT,AA,AA,TT,CC,CG,AA,CC,CC,GG,GG,AA,GG,TT,AA,AA,CC,GG,AA,AC,AA,AT,GG,TT,AA,AA,GG,GT,AA,CG,TT,TT,AT,GG,AA,TT,AA,TT,CC,TT,AA,CC,TT,GG,AG,CC,AG,CC,TT,TT,TT,GG,TT,AC,AC,AA,GG,CC,CC,GG,CC,GG,TT,AA,CC,GT,GG,CC,CC,AT,GG,CG,AT,CC,AA,AA,AC,CG,CC,TT,AA,GG,NN,NN,AA,AA,GG,AG,AA,AG,TT,GG,AA,AG,CC,AC,TT,AA,AA,GG,NN,GG,GT,AA,AA,GT,TT,NN,GG,NN,GG,GG,AA,6.5,Susceptible,Low,Premium,Medium
L0841,Davangere,Karnataka,Rabi,Black Cotton,Irrigated,430,25.5,58,AC,CT,GG,AG,GG,CG,GG,TT,CC,CC,NN,CC,CG,TT,TT,GT,GG,TT,TT,AA,CC,GT,TT,CC,TT,CC,TT,TT,GG,AA,TT,CC,AA,CC,GG,CG,GG,CG,GG,CC,TT,CT,AA,GT,AG,AG,NN,TT,CC,AA,GG,AA,AA,GG,CC,GT,AT,AA,GG,AC,AG,TT,AT,AA,TT,TT,CC,GG,TT,GG,AG,GG,CC,AA,GG,CC,AT,GG,TT,TT,GG,TT,GG,CC,AT,GG,AA,AA,CC,GT,AC,TT,CC,TT,TT,GG,TT,CC,TT,CT,CC,CG,GG,AA,TT,TT,CC,AA,GG,AC,CT,GG,TT,CC,TT,AC,AA,NN,CC,AG,CG,GG,CC,GG,TT,AA,CC,CC,CC,CC,AA,TT,CC,AA,CC,CC,AA,TT,AG,AA,GG,CT,CC,GG,AA,AA,AA,CC,GT,CC,CC,AA,AA,GG,TT,GG,AA,TT,CT,GG,CC,TT,GT,TT,CG,AA,GT,CT,AA,TT,CG,CC,AA,CT,CC,CC,GG,CC,AA,GG,GG,CC,TT,CC,GT,NN,GG,AT,AA,AA,TT,CC,NN,AA,CC,CC,GG,GG,AC,GG,CT,AC,AA,CC,GG,AT,AC,AA,AT,GT,TT,AT,AT,NN,GT,AT,CC,TT,GT,AA,GG,AA,CT,AA,TT,CC,TT,AA,NN,TT,GG,AG,CC,GG,CC,TT,CC,TT,GG,TT,AA,AA,AG,GT,CC,CG,GG,CC,GG,AT,AG,CC,TT,GG,CC,CG,AT,GG,CC,AT,CC,TT,AA,AA,CC,AC,NN,AA,GG,AA,AA,AA,AC,AG,AA,AG,AA,TT,GG,AA,AA,CC,AC,CT,AG,AA,GG,GG,GG,TT,AA,AA,TT,TT,TT,AG,TT,GG,GG,NN,7.56,Susceptible,Medium,Standard,Medium
L0842,Davangere,Karnataka,Rabi,Black Cotton,Irrigated,430,25.5,58,AC,TT,GG,AA,GG,CC,GG,AT,CC,CG,AA,CT,CC,TT,TT,GG,GG,TT,NN,AA,CC,TT,GT,NN,AT,CC,TT,TT,GG,AA,CT,CC,AA,CC,GG,GG,GG,CG,GG,CC,TT,CC,AA,TT,AA,AG,TT,TT,CC,CC,TT,AA,AG,GG,CC,GT,AA,AC,GT,AC,AA,GT,TT,AA,TT,AT,CC,GG,TT,GT,AG,GT,CC,AA,GG,CC,AA,GG,TT,TT,GG,GT,GG,CC,AT,GG,AA,AT,NN,TT,CC,TT,CC,TT,GT,GG,TT,CC,TT,CC,CT,CC,GG,AG,AT,TT,CC,AG,AA,AC,CC,GG,TT,CC,TT,AA,AA,TT,CG,AG,CG,AG,CC,GG,TT,AA,CC,CC,CC,CC,AA,GT,CC,AA,CC,CC,AA,AT,AG,AT,GG,CC,CC,AG,AA,GG,AA,AC,GG,CC,CC,AA,AG,GG,TT,GG,AC,GG,TT,GG,AC,GT,TT,TT,CC,AA,TT,CT,AA,TT,CG,CC,AA,CT,AC,CC,CG,CC,AA,GG,AA,CC,GT,CC,GT,GT,CG,TT,AA,AA,TT,CC,GG,AA,AC,CC,GG,GG,AC,GG,TT,AC,AA,CC,GG,AT,AC,AA,AT,GG,GT,TT,AA,CG,TT,AA,CC,AT,TT,AA,GG,AA,TT,AA,TT,CC,TT,AA,AC,TT,GG,AG,CC,AA,CC,TT,TT,TT,GG,TT,AA,AC,AG,GG,CC,GG,GG,CC,GG,AA,AA,CC,TT,GG,CC,CG,AA,AG,CC,AA,CC,AT,AA,AC,CG,AC,TT,AA,GG,AA,AA,AA,AA,NN,AA,AA,AA,TT,GG,AA,AA,CC,AA,CT,AA,AA,GG,GG,GG,TT,AA,NN,TT,AT,TT,AA,TT,GG,GG,AA,6.82,Susceptible,High,Poor,Early
L0843,Davangere,Karnataka,Rabi,Black Cotton,Irrigated,430,25.5,58,AA,TT,AG,AG,GG,CC,GT,TT,CC,CC,AA,CT,GG,TT,GT,GG,CG,TT,TT,AA,CC,TT,GT,CC,TT,CC,GG,TT,GG,AA,TT,CC,AG,CC,GG,GG,GG,CC,GG,CC,TT,TT,AA,TT,AA,AG,TT,AT,CC,AC,GT,AT,AA,GG,CT,TT,AA,NN,GG,AA,AG,TT,TT,AG,CT,AT,CC,GG,TT,GT,AG,GG,CC,AA,AA,AC,AT,GG,TT,TT,GG,GG,GG,CC,AA,AG,AA,AT,CG,GT,CC,TT,CT,TT,TT,AG,TT,CC,TT,CC,CT,CG,AG,AA,TT,TT,CC,AA,AG,AA,CC,GG,TT,CC,TT,AA,AA,TT,CC,AA,GG,AG,CT,TT,CT,AG,CC,CC,CC,NN,AA,TT,CC,AA,CC,CC,AA,TT,AA,AT,GG,CC,CC,GG,AA,AA,AA,CC,GG,CC,CC,AG,AA,GG,TT,GG,AC,TT,TT,GG,CC,GT,TT,CT,CC,AA,TT,TT,AA,TT,GG,CC,AG,CC,CC,CC,GG,CC,AA,GG,AA,CC,TT,CC,GG,TT,GG,TT,AA,AA,TT,CC,GG,AA,CC,CC,GG,GG,AA,GG,CT,AC,AA,CG,GG,AA,AA,AA,AA,GT,TT,AT,AA,GG,GG,TT,CG,AT,GG,AA,GG,AA,TT,AA,TT,CC,TT,AC,CC,TT,CG,AA,CG,AG,CC,TT,TT,TT,GG,TT,AC,AC,AG,GG,CG,CG,GG,CC,GG,AA,AA,CC,GT,GG,CG,CG,AA,GG,CG,AT,CC,AA,AA,AC,CG,CC,TT,AA,GG,AA,AA,AA,AA,GG,AG,AA,AG,TT,CG,AA,GG,AC,AC,CT,AA,AA,GG,AG,GG,TT,AA,AA,TT,AT,TT,AA,TT,GG,GG,AA,7.63,Susceptible,Low,Premium,Late
L0844,Davangere,Karnataka,Rabi,Black Cotton,Irrigated,430,25.5,58,AA,TT,GG,AA,GG,CC,GG,AT,CC,CG,AT,CC,GG,TT,TT,GG,CG,TT,TT,AA,NN,GT,TT,CC,NN,CC,TT,TT,GG,AA,TT,CT,AA,CC,GG,GG,GG,CC,GG,AC,TT,TT,AA,GT,AA,AG,TT,TT,CC,CC,GT,AA,AG,GG,CT,TT,AT,AC,GG,AC,AA,TT,TT,AG,CT,NN,CC,GG,TT,GT,AA,GG,CC,AA,GG,AC,AT,GG,TT,TT,GG,GG,GG,CC,AA,GG,AA,AA,CC,GT,CC,TT,CT,TT,GT,GG,TT,CC,GT,CC,CC,CC,AA,AA,TT,TT,CG,AA,GG,AA,CC,GG,TT,CG,TT,AC,AA,TT,CC,AG,NN,GG,CC,GG,TT,AA,CC,CC,CC,CC,AA,TT,CC,AA,CC,CC,AA,TT,AA,AT,CG,CC,CC,GG,AA,AA,AA,CC,GG,CC,CC,AA,AA,GG,TT,GG,AC,GT,TT,GG,CC,GT,GT,TT,CC,AA,GG,TT,AA,TT,GG,CC,AA,TT,CC,CC,CG,CC,AA,GG,AA,CC,TT,CC,GG,TT,GG,AT,AA,AA,TT,CC,GG,AC,AC,CC,GG,GG,AA,GG,TT,AC,AA,CC,NN,TT,CC,AT,AA,GT,TT,AT,AT,GG,GT,AA,CC,TT,GT,AA,GG,AA,TT,AA,TT,CC,TT,AA,AC,CT,GG,AA,CC,GG,CC,TT,TT,TT,GG,TT,AA,AC,AA,GG,CC,CG,GG,CC,GG,AT,GG,NN,GT,GG,CC,CC,AA,GG,CC,AA,CC,AA,AG,CC,CG,AC,TT,AA,GG,AA,AA,AA,AA,AG,AG,NN,AA,AT,CG,AC,AA,AC,AA,TT,AA,AA,GG,GG,GG,GT,AA,AA,TT,TT,TT,GG,TT,GG,CG,AA,6.81,Susceptible,High,Premium,Early
L0845,Davangere,Karnataka,Rabi,Black Cotton,Irrigated,430,25.5,58,AC,TT,GG,AA,GG,CC,GG,TT,CC,CG,AA,CT,CG,AT,TT,GT,GG,TT,TT,AA,CG,GT,GT,CT,TT,CC,TT,TT,GT,AA,CT,CC,AA,CC,GG,GG,GG,CG,GG,AC,TT,CT,AA,TT,AA,GG,NN,TT,CC,AA,GT,AA,AG,GG,CC,TT,AA,AC,GT,AA,AA,TT,TT,AG,TT,AT,CT,GG,TT,GG,AG,GT,CC,AA,GG,AC,AA,GG,TT,TT,NN,GG,GT,CC,AA,GG,AA,AA,CG,GT,CC,TT,CC,AT,GT,GG,CT,CC,GT,CC,CC,CG,AG,AA,TT,TT,CC,AA,AG,AC,CT,GG,TT,CG,TT,AA,AA,TT,CC,AG,CG,AG,CC,NN,CT,AA,CC,CC,CC,CC,AA,TT,CC,AC,CC,CT,AA,AT,AA,AA,GG,CC,CC,NN,AA,AG,AA,CC,GG,CC,CC,AA,AG,GG,TT,GG,AC,TT,TT,AG,CC,TT,TT,CT,CC,AT,GT,TT,AT,AT,GG,CC,AG,TT,AC,AC,GG,CC,AT,GG,AA,CC,TT,CC,GG,TT,GG,AT,AA,AA,TT,CC,GG,AA,AC,CC,GG,GG,AA,GG,CT,AC,AA,CC,GG,AA,CC,AA,AT,GG,TT,TT,AT,GG,GT,AT,CG,TT,GG,AA,GG,AA,TT,AA,TT,CC,CT,CC,CC,CT,CG,AG,CG,AG,CC,TT,TT,TT,GG,TT,AC,AC,AA,GG,CC,CC,NN,CC,GG,AT,AA,CC,GT,GG,CC,CG,AA,GG,CG,AT,CC,AA,AA,CC,CC,AA,TT,AA,GG,AA,AA,AA,AA,AG,AG,AA,AA,AT,GG,AA,AA,AC,AC,TT,AA,AA,GG,GG,GG,TT,AA,AA,TT,TT,TT,AG,AT,GG,CG,AA,7.85,Susceptible,High,Premium,Medium
L0846,Davangere,Karnataka,Rabi,Black Cotton,Irrigated,430,25.5,58,AC,CT,GG,GG,CG,CG,GG,AA,CC,CG,AA,CC,CG,TT,GG,GT,CG,TT,TT,AA,CC,GG,TT,CC,TT,CC,TT,TT,GG,AA,TT,CT,AA,CC,GG,GG,GG,CG,GG,CC,TT,CT,AC,NN,AA,GG,TT,TT,CC,CC,GG,AA,AA,GG,CC,TT,AA,AA,GT,AC,AA,TT,TT,AA,TT,AT,CC,GG,TT,GG,AG,GG,CC,AA,GG,AC,AA,GG,TT,TT,GG,GG,GG,CC,AA,NN,AA,AT,CC,GG,CC,TT,CT,TT,TT,GG,TT,CC,TT,CC,CC,CG,AG,AA,TT,TT,CC,AA,AG,AA,CC,GG,TT,CC,GT,AA,AA,TT,CC,AG,CC,GG,CC,GT,TT,AA,CC,CC,AC,CC,AA,TT,CC,AA,CC,CC,AA,AT,AG,AT,GG,CT,CC,GG,AA,AA,AT,CC,GT,CC,CC,AA,AA,GG,TT,AG,AC,TT,NN,GG,CC,GT,TT,TT,CC,AT,TT,CT,AA,AT,GG,CC,GG,CT,CC,CC,CC,CC,AA,GG,AA,CC,TT,CG,GT,GT,GG,TT,AA,AA,TT,CC,GG,AA,CC,CC,GG,GG,AC,GG,TT,AA,AA,CC,GG,AA,AC,AA,AT,GG,GT,TT,AT,GG,GT,TT,CG,AA,GT,AA,GG,AA,CT,AA,TT,CC,CT,AA,CC,TT,CG,AA,CG,AG,CC,AT,CT,TT,GG,AT,AA,AC,AA,GG,CC,CG,GG,CC,GG,AT,AA,CC,TT,GG,CC,CC,AA,GG,GG,AA,CC,AA,AA,AC,CC,AC,TT,AA,GG,AA,AA,AA,AA,AG,AA,AA,AA,TT,GG,AC,AG,CC,CC,TT,AA,AA,GG,GG,GG,TT,AA,AG,TT,TT,TT,AA,AT,GG,CG,AC,6.7,Resistant,Medium,Premium,Medium
L0847,Davangere,Karnataka,Rabi,Black Cotton,Irrigated,430,25.5,58,AC,TT,GG,AG,GG,CC,GG,AT,CC,CC,AA,TT,GG,TT,TT,GG,CG,TT,TT,AA,CC,TT,GT,CT,AT,CC,TT,TT,GG,AA,TT,CC,AA,CC,GG,CG,GG,CC,GG,CC,TT,CT,AA,TT,AA,AG,TT,TT,CC,CC,GG,AA,AA,GG,CT,GT,AA,AC,GG,AA,AG,TT,AT,AG,TT,TT,CC,GG,TT,GG,AA,NN,CC,AA,GG,AC,AA,AG,TT,TT,GG,GG,GG,CC,NN,GG,AA,AA,CC,TT,CC,GT,CC,TT,GT,GG,CT,AC,GT,CC,CC,CC,AG,AA,TT,TT,CC,AA,AA,AA,CT,GG,TT,CC,TT,AA,AA,TT,CG,AA,CG,GG,CC,GG,CT,AA,CC,CC,AC,CC,AA,TT,CC,AA,CC,CC,AA,AT,AA,AA,GG,CC,CC,GG,AA,AG,AA,CC,GT,CC,CC,AA,AA,GG,TT,GG,AA,TT,TT,AG,NN,TT,TT,NN,GG,AA,GG,TT,AA,TT,NN,CC,AG,CT,CC,CC,CG,CC,AA,GG,AG,CC,GT,CC,GG,TT,GG,AT,AA,AA,TT,CC,CG,AA,AC,CC,GG,GG,AA,CG,TT,AA,AA,CG,GT,AA,CC,AA,AT,GT,TT,AT,AA,CG,GG,AA,CC,AA,TT,AA,GG,AA,CC,AC,NN,CG,TT,AC,CC,CT,GG,AA,CG,GG,CC,TT,CT,GT,GG,TT,AA,AA,AG,GG,CC,CC,GG,CC,GG,AT,AA,CC,TT,GG,CC,CG,AA,AA,GG,AA,CC,AA,AA,AC,CC,CC,TT,AA,GG,AA,AA,AC,AC,GG,AA,AA,AA,TT,CG,AC,AA,CC,AC,TT,AA,AA,GG,GG,GG,GT,AA,AA,TT,TT,TT,AG,AT,GG,GG,AA,9.12,Resistant,High,Poor,Early
L0848,Davangere,Karnataka,Rabi,Black Cotton,Irrigated,430,25.5,58,AA,CT,AA,AG,NN,CC,GG,TT,CC,CG,AA,CC,CG,TT,TT,GG,CG,TT,TT,AA,CC,GT,GT,CC,TT,CC,GT,AT,GT,AA,TT,CC,AG,CC,AA,GG,GG,CG,GG,CC,TT,CC,AA,TT,AA,GG,TT,TT,CC,AC,GG,AA,AG,GG,CC,TT,NN,CC,GG,AA,AA,TT,AT,AA,CT,TT,CC,GG,TT,TT,AG,GG,CC,AA,GG,CC,AT,GG,TT,TT,GG,GT,GG,CC,AA,GG,AA,AA,CC,GT,CC,TT,TT,TT,TT,GG,TT,CC,GT,CC,CC,CG,GG,AA,AT,TT,CC,AA,AG,AC,CT,GG,TT,CC,GG,AA,AA,TT,CG,AG,CC,AG,CC,TT,TT,AA,CT,CC,CC,CC,AA,TT,CC,AA,CC,CC,AA,NN,AA,AA,GG,NN,CC,GG,AA,AG,AA,CC,GG,CC,CC,AA,AA,GG,TT,AG,AC,GT,CT,GG,CC,TT,TT,TT,CC,AT,TT,TT,AA,TT,GG,CC,AA,CC,CC,NN,CG,AC,AA,GG,GG,CC,TT,CC,GG,TT,CG,AT,AA,AA,TT,CC,GG,AA,CC,NN,GG,GG,AA,GG,TT,AC,AA,CG,GG,AA,AC,AA,AT,GG,TT,AT,AA,GG,GT,AT,CC,AA,TT,AA,GG,AA,CT,AA,TT,CC,TT,AA,CC,CT,GG,AG,CC,AA,NN,TT,TT,TT,CG,TT,AC,AC,AG,GT,CG,CG,GG,CC,GG,AT,AG,CC,GT,GG,CC,CC,AA,GG,CC,AA,CG,AA,AG,AC,GG,AA,TT,AA,GG,AA,AC,AC,AA,GG,GG,AA,AA,TT,CG,CC,AA,CC,AC,CC,AA,AA,GG,GG,GG,GT,AT,AA,TT,TT,TT,AG,AT,GG,GG,AC,6.19,Resistant,Medium,Premium,Late
L0849,Davangere,Karnataka,Rabi,Black Cotton,Irrigated,430,25.5,58,AA,NN,GG,AG,GG,CG,TT,TT,CC,CG,AA,CC,CG,TT,GT,GG,GG,TT,TT,AA,CC,GT,GT,CC,TT,CC,GT,TT,GG,AC,TT,CT,AA,CC,GG,CG,GG,NN,GG,CC,TT,TT,AA,GT,AA,AG,TT,TT,CC,AA,GG,AA,AG,GG,CC,GT,AA,AA,GT,AC,AG,GT,AT,AA,CT,TT,CC,GG,TT,GG,AG,GG,CC,AA,GG,AA,AA,GG,TT,TT,GG,GT,GT,CC,AA,GG,AG,AT,CC,GT,CC,TT,CT,TT,TT,AG,TT,AC,TT,CC,CC,CC,AG,AG,TT,NN,CG,AA,AA,AA,CC,GG,GT,CG,TT,AC,AA,TT,CC,GG,CC,AA,CC,GG,TT,AG,CC,CC,NN,CC,AA,TT,CC,AA,CC,CC,AA,TT,AA,AA,GG,CC,CC,GG,AA,AA,AA,CC,GG,CC,CG,AG,GG,GG,TT,GG,AC,NN,CT,GG,AC,TT,GT,TT,CG,AA,GT,TT,AA,NN,GG,CC,AG,TT,CC,CC,GG,CC,AA,GG,AG,CC,TT,CC,GT,GT,GG,AA,AA,AA,TT,CC,GG,AA,CC,CG,GG,GG,AC,GG,TT,AC,AA,CC,GG,AT,AC,AA,AA,GT,GT,TT,AA,CC,GT,AA,CG,TT,TT,AA,GG,AA,TT,AA,TT,CC,TT,AA,CC,TT,GG,AG,CG,GG,CC,AT,TT,TT,GG,TT,AC,CC,AA,GG,CC,CC,GG,CG,GG,AT,AG,CC,GT,GG,CG,CC,AA,GG,CC,AT,CC,AA,AA,AC,CG,AC,TT,AA,CG,AA,AC,AC,AA,GG,AA,AA,AA,TT,GG,AA,AG,AC,AA,TT,AA,AA,GG,GG,GG,TT,AT,AG,TT,TT,TT,AA,AT,GG,GG,AC,3.52,Resistant,Medium,Poor,Early
L0850,Davangere,Karnataka,Rabi,Black Cotton,Irrigated,430,25.5,58,AC,NN,GG,AG,GG,CC,GG,TT,CC,CC,AA,CC,CC,AT,GT,GG,CG,TT,TT,AA,CC,GT,GT,CC,TT,CC,TT,AA,GG,AA,TT,CC,AA,CC,GG,GG,GG,CC,GG,CC,TT,CT,AA,GT,AG,GG,TT,TT,CC,CC,GG,AA,AG,GG,CC,TT,AA,AA,GT,AA,AA,GT,TT,AA,TT,TT,CC,GG,TT,GT,AA,GG,CC,AA,GG,AC,AT,GG,GT,TT,GG,GT,TT,CC,AA,GG,AA,AA,CC,TT,CC,TT,TT,AA,TT,AG,TT,CC,GT,CC,CC,CC,AG,AG,AT,TT,CC,AA,AG,AC,CC,GG,TT,CG,TT,AA,AA,TT,CC,GG,CG,GG,CC,GT,CT,AG,CC,CC,CC,CC,AA,TT,CC,AA,CC,CC,AA,TT,AA,AT,GG,CC,CC,GG,AA,AA,AT,AC,GT,CC,CC,AA,AG,AG,TT,AG,AC,GG,TT,GG,CC,TT,GT,CT,CC,AT,TT,CT,AA,TT,GG,CC,AA,TT,CC,CC,CG,CC,AA,GG,AG,CC,TT,CC,GT,TT,CG,AA,AA,AG,TT,CC,CG,AA,CC,CC,GG,GG,AA,GG,TT,AA,AA,CC,GG,AA,AC,AA,AT,GG,TT,AT,NN,GG,GT,AT,CC,TT,GT,AA,GG,AA,TT,AA,TT,CC,TT,AA,CC,CT,CG,AA,CG,AG,CC,TT,TT,GG,GG,TT,AA,CC,AG,GG,CC,CG,GG,CC,GG,TT,AA,CC,TT,GG,CC,CC,AT,GG,CC,AT,CG,AT,AG,AC,CC,AC,TT,AA,NN,AA,AC,AA,AA,AA,AG,AA,AG,TT,GG,AA,AG,CC,AA,TT,AA,AG,GG,GG,GG,TT,AT,AA,TT,TT,TT,AA,AT,GG,GG,AC,7.6,Resistant,High,Premium,Early
L0851,Davangere,Karnataka,Rabi,Black Cotton,Irrigated,430,25.5,58,NN,TT,GG,AA,CG,CC,GG,TT,CC,CG,AA,CT,CG,TT,TT,GG,CG,TT,TT,NN,CC,GT,GT,CC,TT,CT,TT,TT,GG,AA,CT,CT,AA,CC,GG,CG,GG,CC,NN,NN,TT,CT,AA,GT,AG,AG,TT,AA,NN,CC,GT,AA,AG,GG,CC,TT,AA,AC,GT,AC,AA,TT,TT,AA,CT,TT,CC,GG,TT,GG,AG,GG,CC,AA,GG,AA,NN,GG,TT,TT,GG,GT,GG,CC,AA,GG,AA,AA,CC,GT,CC,TT,CT,TT,TT,GG,CT,CC,TT,CC,CC,CC,AG,AA,TT,TT,CC,AA,AA,AA,CT,GG,TT,CC,GT,AA,AA,TT,CC,AG,CC,GG,CT,GG,TT,NN,CC,CC,AC,CC,AG,TT,CC,AA,CC,CC,AA,TT,AA,AA,GG,CT,CC,GG,AG,GG,AA,CC,GG,CC,CC,AA,AG,GG,TT,AG,AA,GT,CT,GG,NN,GT,TT,TT,CC,AT,TT,TT,NN,TT,GG,CG,AA,CC,AC,CC,GG,CC,AA,AG,AG,CC,TT,CC,GG,GG,GG,AT,AA,AA,TT,CC,CC,AA,AC,CC,GG,GG,AC,GG,TT,AA,AA,CC,GG,AA,AC,AA,AA,GG,TT,AT,AT,GG,GT,AA,CC,TT,TT,AA,GG,AA,CT,AA,TT,CC,TT,AA,CC,CT,GG,AG,GG,GG,CC,TT,TT,GT,GG,TT,AA,CC,AG,GG,CC,CG,GG,CC,GG,TT,AA,CC,TT,GG,CC,NN,AA,AG,CG,AA,CC,AA,AA,AC,CC,AA,TT,AA,GG,AA,AA,AC,AA,GG,AA,GG,AA,AT,CG,NN,AG,CC,AA,CT,AA,AA,GG,GG,GG,TT,AA,AA,TT,TT,TT,NN,AT,GG,GG,AA,9.56,Susceptible,Medium,Standard,Medium
L0852,Davangere,Karnataka,Rabi,Black Cotton,Irrigated,430,25.5,58,CC,TT,AA,NN,GG,CC,GT,AT,CC,CG,AT,TT,CC,TT,TT,GG,GG,TT,TT,AG,CC,TT,TT,CC,TT,CC,GT,TT,GG,AA,TT,CC,AA,CC,GG,CG,GG,CG,GG,CC,TT,TT,AA,TT,AA,GG,TT,TT,CG,CC,GG,AA,AA,GG,CC,NN,AA,AC,TT,AA,AG,GT,AA,AG,TT,AT,CC,GG,TT,GT,AG,GG,CC,AA,NN,AA,TT,GG,TT,TT,GG,GG,GT,CC,AT,GG,AA,AT,CC,GT,CC,TT,CT,AT,GT,GG,CT,CC,GT,CC,CT,CC,AG,AA,AT,TT,CC,AG,AG,AA,CC,GG,TT,GG,TT,AA,AA,TT,NN,GG,CG,GG,CC,GT,TT,AG,CC,CC,NN,CC,AA,TT,CC,AA,CC,CC,AA,AT,AA,AA,GG,CT,CC,GG,AA,AG,AA,CC,GG,CC,CC,AG,AG,AG,TT,GG,CC,TT,CT,GG,AA,TT,TT,TT,CC,AA,TT,CT,AA,AT,GG,CC,GG,CT,CC,CC,GG,AC,AA,GG,AA,CC,TT,CC,GG,TT,GG,TT,AA,AG,TT,CC,GG,AA,CC,CG,GG,GG,AA,CG,TT,AC,AA,CC,GG,AT,AC,AA,AT,GG,TT,AT,AA,GG,GT,AA,CG,AT,GT,AA,GG,AA,TT,AC,TT,CC,TT,AA,CC,TT,GG,AG,CC,AG,CC,TT,TT,TT,CG,TT,AA,AC,AG,GG,CC,CC,GG,CC,GT,AT,AA,CC,TT,GG,CC,GG,AA,GG,CG,AT,CG,AA,AA,AC,CG,CC,TT,NN,GG,AA,AA,AA,AA,AG,AA,AA,AA,TT,GG,AA,AG,CC,AA,CC,AA,AA,GG,GG,GG,TT,AT,AA,GT,TT,TT,AA,TT,GG,GG,AA,5.88,Susceptible,High,Poor,Late
L0853,Davangere,Karnataka,Rabi,Black Cotton,Irrigated,430,25.5,58,AA,CC,GG,AG,GG,CC,GG,AT,CC,CC,AA,CC,CC,TT,TT,GT,CG,TT,TT,AA,CC,GT,TT,CT,TT,CC,TT,TT,GG,AA,CT,CC,AG,CC,GG,CG,GT,CC,GG,CC,TT,TT,AA,GG,AG,AG,TT,AT,CC,AA,GG,AA,AA,GG,CC,TT,AA,AA,GT,AA,AA,TT,AA,AA,CT,TT,CC,GG,TT,GG,AG,GT,CC,AA,GG,AA,TT,GG,TT,TT,GG,GG,GG,CC,AT,GG,AA,AA,CC,TT,AC,GT,CT,TT,TT,AG,TT,CC,GT,CC,CT,CG,AG,AA,TT,TT,CC,AG,AG,AC,CC,GG,GT,CG,TT,AA,AC,TT,CC,AG,CC,GG,CC,GT,TT,AG,CC,CC,CC,CC,AA,TT,CC,AA,CC,CT,AA,TT,AA,AA,GG,CT,CC,GG,AA,AG,AA,CC,GG,CC,CC,AG,AG,GG,TT,GG,AC,GT,TT,AG,AC,TT,TT,TT,CC,AT,TT,CT,AA,AT,GG,CC,GG,NN,CC,AC,GG,CC,AA,GG,GG,CC,TT,CC,GT,TT,CG,TT,AG,AG,TT,CC,GG,AA,AC,CC,GG,GG,CC,GG,TT,AC,AA,CG,GG,AA,CC,AA,NN,GG,TT,AA,AA,CG,GG,AT,CC,TT,GG,AA,GG,AA,TT,AA,TT,CG,TT,AA,CC,CT,GG,GG,CC,AG,CC,TT,TT,GT,CG,TT,AC,NN,AG,GG,CC,CG,GG,CC,GG,AA,AA,CC,TT,GG,CG,CG,AA,AG,CC,AT,CC,NN,AA,AA,CG,CC,AA,AA,GG,AA,AA,NN,AA,GG,AA,AG,AA,AT,GG,AA,AA,AC,AA,TT,AA,AA,GG,GG,GG,GT,AA,AA,TT,TT,TT,AA,TT,GG,GG,AA,5.87,Susceptible,Low,Poor,Medium
L0854,Davangere,Karnataka,Rabi,Black Cotton,Irrigated,430,25.5,58,AA,TT,AG,AG,GG,CC,GT,TT,CC,CC,AA,CC,CC,AT,TT,GG,GG,TT,TT,AA,CG,TT,GT,CC,TT,CC,TT,TT,GT,AA,TT,CC,AA,CC,GG,GG,GG,CC,GG,CC,NN,CT,AA,TT,AA,GG,TT,AT,CC,AC,GG,AA,AA,GG,CT,GT,AA,NN,TT,NN,AA,TT,AA,AA,CT,AT,CT,GG,TT,GG,AG,GG,CC,AA,AG,AC,AA,GG,TT,TT,GG,GT,GG,NN,AA,GG,GG,AA,CC,GT,CC,TT,TT,TT,TT,GG,CT,CC,GT,CC,CC,CC,AG,AA,TT,TT,CC,AA,AA,AA,CC,GG,TT,CC,TT,AC,AA,TT,CC,AG,CC,GG,CC,GG,TT,AA,CC,CC,CC,CC,AA,GT,CC,AA,CC,CT,AA,TT,AA,AA,GG,CT,CC,GG,AA,AA,AA,CC,GT,CC,CG,AA,AG,GG,TT,AG,AC,TT,TT,GG,CC,TT,TT,TT,CC,AA,TT,TT,AA,AT,GG,CC,AA,CC,CC,CC,GG,CC,AA,GG,AG,CC,TT,CC,GT,TT,CG,AT,AA,AA,TT,CC,GG,AC,CC,CC,GG,GG,AC,CG,TT,AC,AA,CC,GG,AA,CC,AT,AT,GG,GT,TT,AA,GG,GG,AT,CC,AT,GT,AA,GG,AA,CT,AA,TT,CC,TT,AC,CC,CT,CG,AG,CC,AG,CC,TT,TT,TT,GG,TT,AC,AC,AA,GG,CC,CG,GG,CC,GG,AT,AA,CC,TT,GG,CC,GG,NN,AG,CC,AT,CC,AA,AA,AC,GG,AC,TT,AA,GG,AA,AA,AC,AA,GG,AA,AG,AA,TT,CG,AC,AG,CC,AA,CC,AG,AA,CC,GG,GG,TT,AT,AA,TT,TT,TT,AG,TT,GG,GG,AA,7.38,Susceptible,Low,Standard,Early
L0855,Davangere,Karnataka,Rabi,Black Cotton,Irrigated,430,25.5,58,AA,CT,GG,AG,GG,CC,GT,TT,CC,CG,AA,CC,NN,AT,TT,GG,CG,TT,AT,AA,CC,TT,GG,CC,TT,CC,GT,TT,GG,AA,CT,CT,AA,CC,GG,GG,GG,CG,GG,CC,TT,CT,AA,TT,AG,GG,CT,TT,CC,AA,GG,AA,AG,GG,CT,TT,AA,AA,GT,AA,AA,TT,AA,AA,TT,TT,CC,GG,TT,GT,AG,GT,CC,AA,GG,AA,AT,GG,TT,TT,GG,GG,GT,CC,AA,GG,AA,AA,CC,GT,CC,TT,CT,TT,GT,AG,CT,CC,TT,CC,CT,CC,AG,AA,TT,TT,CC,AA,AA,AA,CC,GG,TT,CC,GT,AA,AA,TT,CC,AG,CC,GG,CC,GG,CT,AA,CC,CC,CC,CC,AA,TT,NN,AA,CC,CC,AG,TT,AA,AA,GG,NN,CC,GG,AA,AG,AT,AC,GG,CC,CC,AG,AA,GG,TT,GG,CC,GT,CT,GG,AC,TT,GT,CT,CC,AT,TT,TT,AT,AT,NN,CC,AA,CT,CC,CC,CG,CC,AA,GG,AG,CC,TT,CC,GG,TT,GG,AT,AA,AG,TT,CC,CG,AC,CC,CC,GG,GG,AC,GG,TT,AC,AA,CC,GG,AT,AC,AT,AA,GG,GT,AA,AA,GG,GT,AT,CC,TT,GT,AA,GG,AA,CC,AA,TT,CG,TT,AA,CC,TT,GG,AA,CC,AG,AC,TT,TT,GT,GG,TT,NN,CC,AA,GG,CC,CG,GG,CC,GG,AT,AA,CC,GT,GG,CC,CC,AA,GG,CC,AA,CC,AA,AA,CC,CG,AC,TT,AA,GG,AA,AA,AC,AA,AG,GG,AG,AA,TT,CG,AC,AA,AA,AA,TT,AA,AA,GG,GG,GG,TT,AA,AA,TT,TT,TT,AG,TT,GG,CG,AA,6.29,Moderate,Low,Premium,Early
L0856,Davangere,Karnataka,Rabi,Black Cotton,Irrigated,430,25.5,58,AC,CT,GG,AA,CG,CG,GG,AT,CC,CC,AA,CC,CC,AT,TT,GG,CG,TT,TT,AA,CC,TT,TT,CC,TT,CC,TT,AT,GG,AA,TT,CC,AG,CC,GG,GG,GG,CG,GG,CC,TT,CT,AA,GT,AG,GG,TT,AT,CC,CC,GG,AT,AA,GG,CC,TT,NN,AA,GT,AC,AA,TT,NN,AA,TT,TT,CC,GG,TT,GG,AA,GT,CC,AA,GG,AC,AT,GG,TT,TT,GG,GG,GG,CC,AA,GG,AA,AA,CC,TT,CC,GT,CC,TT,TT,AG,TT,CC,TT,CC,CC,CG,AG,AA,AT,TT,CC,AA,AG,AA,CC,GG,TT,CC,TT,AA,AA,TT,CC,AG,CC,GG,CT,TT,TT,AA,CC,CC,CC,CC,AA,NN,CC,AA,CC,CC,AA,AA,AG,AA,GG,CT,CC,GG,AA,GG,AT,CC,GG,CC,CC,AA,AA,AG,TT,AG,AC,TT,CT,GG,CC,TT,TT,TT,CC,AT,TT,TT,AA,TT,GG,CC,AA,CC,CC,CC,CG,CC,AA,GG,AG,CC,NN,CC,GT,GT,GG,AT,AA,AA,TT,CC,GG,AA,AC,CC,GG,GG,AC,CG,TT,AA,AA,CC,GG,AA,CC,AA,AT,GG,TT,AT,AA,GG,GT,AA,CC,AA,TT,AA,GG,AA,TT,AC,TT,CC,CT,CC,CC,TT,GG,AG,CG,AG,CC,TT,TT,TT,NN,TT,AC,CC,AA,GG,CC,GG,GG,CG,GG,AT,NN,CC,GT,GG,CC,CC,AA,GG,CC,AA,CC,AT,AA,AC,CC,AA,TT,AG,GG,AA,NN,AC,AA,AG,AG,AA,AA,AT,GG,AA,NN,CC,AA,CT,NN,AA,GG,GG,GG,TT,AT,AA,GT,TT,TT,AG,TT,GG,GG,AA,10.11,Susceptible,Medium,Premium,Late
L0857,Davangere,Karnataka,Rabi,Black Cotton,Irrigated,430,25.5,58,AC,TT,GG,AA,GG,CC,GT,TT,CC,GG,AA,CT,CC,TT,TT,GG,GG,TT,TT,AA,CC,GT,TT,CC,TT,CC,TT,TT,GG,AA,TT,CC,AA,CC,AG,GG,GG,CG,GG,CC,TT,CT,AA,GT,AA,GG,TT,TT,CC,AC,TT,AA,AG,GG,CC,NN,AA,AA,GT,AC,AA,TT,AT,AA,TT,AT,CC,GG,TT,GG,AA,GG,CC,AA,GG,AC,AT,GG,TT,TT,GG,GG,GG,CC,AA,GG,AA,AT,CC,TT,CC,TT,CT,AT,TT,AG,TT,CC,NN,CC,CC,CC,AG,AA,TT,TT,CG,AA,AA,CC,CC,GG,TT,CC,TT,AA,AA,TT,CG,GG,CC,GG,CC,GG,TT,AA,CC,CC,CC,CC,AA,TT,AC,AA,CC,CC,AA,TT,AA,AT,GG,CC,CC,GG,AA,AG,AA,CC,GG,CG,CC,GG,GG,GG,TT,GG,AA,TT,CT,GG,AA,GT,GG,TT,CG,AT,TT,TT,AA,TT,CG,CC,AA,CC,CC,CC,GG,CC,AT,GG,AA,CC,TT,CG,GG,NN,NN,AT,AG,AA,TT,CC,CG,AC,AC,CC,GG,GG,AC,GG,TT,AC,AA,CC,GG,AA,CC,AA,AT,GG,TT,AA,NN,CG,GT,AT,CC,TT,GT,AA,GG,AA,TT,AA,TT,CC,TT,AC,AC,CT,GG,AG,CC,AG,CC,AT,CT,GT,GG,TT,AA,CC,AA,NN,CC,CC,GG,CC,GG,TT,AA,CC,GT,GG,CG,CC,AA,GG,CC,AA,CC,AA,AA,CC,CG,AC,TT,AA,GG,AA,AA,AA,AA,AG,AA,AA,AA,TT,GG,AC,AG,AC,AC,CT,AA,AA,GG,GG,GG,TT,AT,AG,TT,TT,TT,AG,AT,GG,GG,AA,7.44,Susceptible,Low,Standard,Medium
L0858,Davangere,Karnataka,Rabi,Black Cotton,Irrigated,430,25.5,58,AC,TT,GG,AA,CG,CC,GT,TT,CC,CG,AA,CC,CC,TT,GT,GG,GG,TT,TT,AG,CC,TT,GG,CC,AT,CC,TT,TT,GT,AA,TT,CT,AA,AC,GG,NN,GG,CG,GG,CC,TT,CT,AC,TT,AA,AA,TT,TT,CC,AC,GG,AA,AA,GG,CC,TT,AA,AC,GG,CC,AG,TT,TT,GG,TT,AT,CC,GG,TT,GG,AA,GG,CC,AA,AG,AA,AA,GG,TT,TT,GG,GG,GT,CC,AA,GG,AA,AA,CC,GT,CC,TT,CC,TT,TT,GG,TT,CC,TT,CC,CC,CG,AA,AA,TT,TT,CC,AA,AA,AA,NN,GG,TT,NN,GT,AA,AA,TT,CC,GG,CC,AG,CC,GT,TT,AG,CC,CC,CC,CG,AA,TT,CC,AA,CC,CC,AA,TT,AA,AA,GG,CC,CC,GG,AA,GG,AA,AC,GG,CC,CC,AA,AG,GG,TT,GG,AC,TT,TT,GG,AA,GT,TT,TT,GG,AT,GG,TT,AA,TT,GG,CC,AA,CT,CC,CC,GG,CC,AA,GG,AG,CC,TT,CC,GT,NN,CG,TT,AA,AG,NN,CC,GG,AC,CC,CC,GG,GG,CC,CG,TT,AA,AA,CC,GG,AT,AC,AA,TT,GG,TT,TT,AT,GG,GT,AA,CC,AT,GT,AA,GG,AA,CC,AA,TT,CC,TT,AA,CC,CT,CG,AG,CC,AG,AC,TT,TT,TT,GG,TT,AC,AC,AA,GG,CC,CC,GG,CC,GG,AT,AG,CC,GT,GG,CC,CC,AT,GG,CC,AA,CC,AA,AA,AA,CC,AC,TT,AG,GG,AA,AA,AA,AA,AG,AG,GG,AA,TT,GG,CC,AG,CC,AA,CT,AA,AA,GG,GG,GG,GT,AA,AA,TT,TT,TT,AA,NN,GG,GG,AA,7.99,Susceptible,Medium,Poor,Late
L0859,Davangere,Karnataka,Rabi,Black Cotton,Irrigated,430,25.5,58,CC,TT,GG,AA,GG,CC,GT,TT,CC,CC,AA,CT,CG,AT,GT,GG,CG,TT,TT,AA,NN,TT,TT,CC,TT,CC,TT,TT,GG,AA,TT,CC,AA,CC,GG,CG,GG,CG,GG,AC,TT,TT,AA,TT,AA,GG,NN,TT,NN,CC,GT,TT,AA,GG,CC,TT,AA,AA,GT,AA,AA,TT,TT,GG,CT,TT,CC,GG,TT,GG,AG,GT,CC,NN,GG,AC,AA,GG,TT,TT,GG,GG,GG,CC,AA,GG,AA,AT,NN,GG,CC,TT,CT,TT,TT,GG,TT,AC,TT,CC,CT,CG,GG,AA,AT,TT,NN,AG,AG,AA,CT,GG,TT,CC,TT,CC,AA,TT,CG,GG,CG,GG,CC,GG,TT,AA,CC,CC,CC,CC,AA,TT,CC,AA,CC,CT,AG,TT,AA,AA,GG,CC,CC,GG,AG,AG,AA,CC,GG,CC,CG,AA,AA,AG,GT,GG,NN,TT,TT,GG,CC,GT,TT,TT,CC,AT,GT,TT,AA,TT,GG,CC,GG,CT,CC,CC,GG,CC,AA,GG,AG,CC,TT,CC,GT,TT,CG,AT,AA,AG,TT,CC,CG,CC,CC,CC,GG,GG,AC,CG,TT,AA,AA,CC,GG,AT,NN,AA,AA,GT,TT,TT,AA,CG,GG,AA,CC,TT,GT,AA,GG,AA,TT,AA,TT,CC,CT,AA,AC,TT,CG,AG,CC,GG,AC,TT,TT,GG,CG,TT,AA,CC,AA,GG,CC,CC,GG,CC,GT,TT,AA,CC,TT,GG,CC,CC,AA,GG,CC,AA,CC,AA,AA,CC,CC,AC,TT,AA,GG,AA,AA,AA,AA,AG,AA,AA,AA,TT,CG,AA,AG,CC,NN,CT,AA,AA,GG,GG,GG,TT,TT,AG,GT,TT,TT,AA,TT,GG,GG,AA,7.4,Moderate,Medium,Premium,Medium
L0860,Davangere,Karnataka,Rabi,Black Cotton,Irrigated,430,25.5,58,AA,TT,GG,AG,GG,CC,GT,TT,CC,CG,AT,CT,CG,AT,GT,GG,CG,TT,TT,AA,CC,GT,GG,CC,TT,CC,TT,AT,GT,AA,TT,CT,AA,AC,GG,GG,GG,CG,GG,CC,TT,TT,AA,TT,AA,GG,TT,TT,CC,AC,GT,AT,AA,GG,CC,TT,AA,AC,NN,AA,AA,TT,TT,AG,TT,TT,CC,GG,TT,GT,AA,GG,CC,AA,GG,NN,AA,GG,TT,TT,GG,GT,GG,CC,AA,GG,AA,TT,CC,TT,CC,TT,CC,TT,TT,NN,TT,CC,TT,CC,CT,CC,AG,AA,TT,GT,CC,AA,AA,AA,CT,GT,TT,CC,TT,AA,AC,TT,CC,GG,CC,GG,CC,GG,TT,AA,CC,CC,CC,CC,AA,TT,CC,AA,CC,CC,AA,TT,AA,AA,GG,CC,CC,GG,AA,AA,AT,CC,GG,CC,CC,AA,AA,AG,GT,GG,AA,GT,CT,GG,AA,GT,GG,CT,CC,AT,TT,TT,AA,AA,GG,CC,GG,CC,CC,CC,CG,CC,AA,GG,AG,CC,TT,CG,GG,TT,CC,AT,AG,AG,TT,CC,GG,AA,CC,CC,GG,GG,AA,CG,CT,AC,NN,CC,NN,TT,AC,AA,AT,TT,GT,AT,AT,CG,GG,AT,CC,AT,GT,AA,GG,AA,TT,AC,TT,CC,TT,AC,NN,CT,CC,GG,CC,AG,CC,TT,TT,TT,GG,TT,AA,CC,AA,GG,CC,CC,GG,CC,GG,NN,AA,CC,TT,GG,CC,CC,AA,GG,CC,AA,CC,AA,AA,AC,CG,AA,TT,AA,GG,AT,AA,AA,AA,GG,AG,AA,AA,AT,GG,AA,AG,CC,AA,CT,AG,AA,GG,GG,GG,TT,AT,AA,TT,TT,TT,AA,TT,GG,GG,AA,6.86,Susceptible,Medium,Standard,Early
L0861,Davangere,Karnataka,Rabi,Black Cotton,Irrigated,430,25.5,58,AC,CT,AG,GG,GG,CG,GG,TT,CC,CG,AA,CC,CG,TT,TT,GG,CG,TT,TT,AA,CC,GG,GT,CC,TT,CC,TT,NN,GG,AA,CT,CC,AA,CC,GG,GG,GG,CG,GG,AC,TT,CT,AA,TT,AA,GG,TT,TT,CC,AC,GG,AT,AA,GG,CC,TT,AA,AC,GG,AA,AA,TT,AT,AG,CT,TT,CC,GG,TT,GT,AA,GG,CC,AA,AG,AC,AA,AG,TT,TT,GG,GG,GT,CC,AA,GG,NN,AA,CC,GT,CC,TT,CC,TT,TT,GG,CT,CC,GT,CT,CT,CG,GG,AA,TT,TT,CG,AA,AA,AA,CT,NN,TT,CG,TT,AA,AA,TT,CC,GG,CG,AG,CT,GG,CT,AG,CC,CC,CC,CC,AA,TT,CC,AA,AC,CC,AA,TT,AG,AA,CG,CT,CC,AG,AA,GG,AA,CC,GG,CC,CC,AA,AA,AG,TT,GG,NN,TT,CT,AG,CC,TT,TT,TT,CG,TT,TT,TT,AA,TT,GG,CC,AG,CT,CC,CC,CG,CC,AA,GG,AA,NN,TT,CC,GG,TT,GG,AT,AA,GG,TT,AC,CC,AC,CC,CC,GG,GG,AC,GG,TT,AA,AA,CC,GG,AA,AC,AA,AA,GT,NN,NN,AA,CG,GG,AA,CC,AT,GG,AA,GG,AA,CT,AA,TT,CC,TT,AA,CC,TT,GG,AA,CG,GG,CC,TT,TT,GT,GG,NN,AA,AC,AG,GG,CC,CG,GG,CC,GG,AT,AG,CC,TT,GG,CC,CC,AT,GG,CG,NN,CG,AA,AA,AC,CG,CC,AT,AA,GG,AA,AA,AC,AA,GG,AG,AA,AA,AT,GG,AA,AA,AC,AC,TT,AG,AA,GG,GG,CG,TT,AA,AA,TT,TT,TT,AG,AT,GG,GG,AA,12.37,Moderate,Low,Premium,Medium
L0862,Davangere,Karnataka,Rabi,Black Cotton,Irrigated,430,25.5,58,AA,TT,AG,AA,CG,CC,GT,TT,CC,CC,AA,CC,CC,AT,TT,GT,CG,TT,TT,AA,CC,GT,TT,CC,TT,CC,TT,AT,GG,AA,TT,CT,AA,AC,GG,GG,GT,CC,GG,CC,TT,CT,AA,TT,AG,GG,TT,TT,CC,CC,GG,AA,AA,CG,CT,TT,AA,AA,GG,AA,AA,TT,TT,GG,TT,AT,CC,GG,TT,GT,AA,GG,CC,AA,GG,AA,AT,GG,TT,TT,GG,GG,GT,CC,AA,GG,AA,AA,CC,GG,CC,TT,TT,AT,TT,GG,TT,CC,GG,CT,CC,GG,AA,AA,TT,TT,CG,AA,NN,AA,CT,GG,TT,CC,GT,AA,AA,TT,GG,GG,CC,GG,CC,GT,CT,AA,CT,CC,CC,CC,AA,TT,CC,AA,CC,CC,AA,TT,AG,AT,GG,CC,NN,GG,AA,AG,AA,CC,GG,CC,CG,AA,AA,GG,TT,GG,AC,GT,TT,GG,AC,GT,TT,TT,CC,AT,TT,TT,AA,AT,GG,CC,AA,CC,AC,CC,GG,CC,AA,GG,AG,CC,TT,CC,GG,TT,CG,AA,AA,AA,GT,CC,CG,AC,NN,CC,GG,GG,AA,GG,TT,AC,AA,NN,GG,AA,CC,AA,AT,GG,TT,TT,AA,CC,GG,AA,CC,TT,NN,AA,GG,AA,CT,AC,TT,CC,TT,AA,CC,TT,GG,GG,GG,AA,CC,TT,TT,TT,GG,TT,CC,CC,AG,GG,CC,CG,GG,CC,GG,AT,AA,CC,GT,GG,CC,CC,AT,AG,CG,AA,CC,AT,AA,AA,CG,AA,TT,AA,GG,AA,AA,AC,AA,GG,AG,AA,AA,AT,GG,AA,AA,AC,AC,TT,AA,AG,CG,NN,CG,TT,AA,AA,NN,TT,TT,AG,TT,GG,GG,AA,10.2,Moderate,Low,Premium,Late
L0863,Davangere,Karnataka,Rabi,Black Cotton,Irrigated,430,25.5,58,AA,CT,AG,AA,GG,CC,GT,NN,CC,GG,AA,TT,CG,TT,TT,GT,GG,NN,TT,AA,CG,TT,TT,CC,TT,CC,TT,TT,GG,AA,TT,CT,AA,AC,GG,GG,GG,CC,NN,CC,TT,CT,AA,TT,AA,GG,TT,TT,CC,AC,GG,AT,AA,GG,CC,GT,AT,AA,GT,AA,NN,TT,TT,AA,CT,AT,CC,GG,TT,GG,AG,GG,CC,AA,GG,AA,AT,GG,TT,TT,GG,GG,GG,CC,AT,GG,AA,AT,CC,GT,CC,TT,CT,TT,TT,GG,TT,AC,GT,CC,CT,CC,AA,AA,TT,NN,CG,AA,AG,AA,CC,GG,TT,CG,GT,AA,AA,TT,CC,GG,CC,GG,CC,TT,TT,AA,CC,CC,CC,CC,AA,TT,CC,AA,CC,CC,AA,TT,AA,AT,GG,CT,CC,GG,AA,AA,AA,CC,NN,CC,CG,AA,GG,GG,TT,AG,CC,TT,CT,AA,CC,GT,TT,TT,CC,TT,TT,TT,AA,TT,GG,CG,AG,CT,CC,NN,GG,CC,AA,GG,AG,CC,TT,CC,GT,TT,GG,AT,AA,AA,TT,CC,GG,AA,CC,CC,GG,GG,AC,GG,TT,CC,AA,CC,GG,AA,CC,AA,AT,GG,TT,TT,AA,GG,GT,AA,CC,AT,GT,NN,GG,AA,CC,AA,AT,CC,CT,AA,CC,TT,CG,AG,CC,AA,CC,TT,TT,TT,GG,TT,AC,CC,GG,GT,CC,CC,GG,CC,GG,AA,AA,CC,TT,GG,CC,CG,AT,GG,CC,AA,CC,NN,AA,CC,CG,AC,TT,AA,GG,AA,AA,AA,AA,AG,AG,AG,AA,TT,GG,AA,AG,CC,AA,CT,AA,AA,GG,GG,GG,GT,AA,AG,GT,TT,TT,AA,TT,GG,GG,AA,6.33,Moderate,Medium,Premium,Late
L0864,Davangere,Karnataka,Rabi,Black Cotton,Irrigated,430,25.5,58,AC,TT,GG,AG,CG,CC,NN,TT,CC,CG,AA,CT,CC,TT,TT,GG,GG,TT,NN,AA,CC,TT,GG,CC,AT,CC,GT,TT,NN,AA,TT,CC,AA,CC,GG,GG,GG,CC,GG,CC,TT,CT,AC,TT,AA,AG,CT,TT,CC,AC,GT,AT,AA,GG,CC,TT,AT,AC,GT,AC,AG,TT,AT,AA,TT,AT,CC,GG,TT,GG,AG,GG,CC,AA,GG,AA,AT,AG,TT,TT,GG,GG,GG,CC,AA,GG,AA,AA,CC,GT,CC,TT,CC,AT,TT,GG,TT,CC,GT,CC,CC,CG,AG,AA,AT,TT,CC,AA,AG,AA,CC,GG,TT,CC,NN,AA,AA,TT,CC,GG,CG,GG,CT,GG,CT,AG,CC,CC,CC,CC,AA,TT,AC,AA,CC,CT,AA,TT,AA,AA,GG,CC,CC,AG,AA,AA,AT,CC,GG,CC,CC,AG,AG,AG,TT,AG,AC,TT,TT,GG,AC,GT,TT,TT,NN,AA,GT,TT,NN,TT,GG,CC,AG,CC,CC,CC,CG,CC,AA,GG,AA,CC,TT,CC,GG,TT,GG,AT,AA,AA,TT,CC,GG,AA,CC,CC,GG,GG,AA,GG,TT,AA,AA,CC,GG,AA,CC,AA,AT,TT,TT,TT,AT,CG,GG,AT,GG,AT,GG,AA,GG,AA,CT,AA,TT,CC,CT,AC,CC,TT,GG,AG,GG,AG,CC,AT,CC,GT,GG,TT,AA,CC,AA,GT,CC,CG,GG,CC,GG,TT,AA,CG,GT,GG,CC,CG,AA,AG,CC,AA,CC,AA,AA,CC,GG,CC,TT,AA,GG,AA,AA,AC,AA,GG,GG,AA,AA,TT,GG,AA,AA,CC,AA,CT,AA,AA,CG,GG,GG,TT,AA,AG,NN,TT,TT,AA,TT,GG,CG,AA,6.61,Moderate,Low,Poor,Medium
L0865,Davangere,Karnataka,Rabi,Black Cotton,Irrigated,430,25.5,58,NN,TT,GG,AA,GG,CG,GT,AT,CC,CG,AA,CT,CC,AA,TT,GG,CG,TT,TT,AA,CG,TT,TT,CC,TT,CC,GT,AT,GG,AA,TT,CT,AG,AC,GG,GG,GG,CC,GG,CC,TT,CT,AA,TT,AA,AA,TT,TT,CC,AC,GT,AA,AG,GG,CC,TT,AT,AA,GT,AA,AA,TT,TT,AG,TT,AT,CC,GG,CT,GG,AA,GG,CC,AA,GG,AC,AT,NN,GT,CT,GG,GT,GT,CC,AA,GG,AA,AA,CG,GG,CC,TT,TT,TT,TT,GG,TT,CC,TT,CC,CC,CC,AG,AA,TT,TT,CG,AA,GG,AA,CC,GG,TT,CC,TT,AA,AC,TT,CC,AA,CG,GG,CC,GG,TT,AA,CT,CC,CC,CC,AA,GT,CC,AA,CC,CC,AA,TT,AA,AA,GG,NN,CC,GG,AA,AG,AA,AC,TT,CC,CG,AG,AG,GG,TT,AG,AA,TT,TT,AG,CC,TT,TT,CT,CC,AA,GT,CT,AA,TT,GG,CC,AA,CC,CC,CC,CG,CC,AA,GG,AA,CC,TT,CC,GT,GT,CG,TT,AA,AA,TT,CC,GG,AC,CC,CC,GG,GG,AC,GG,TT,CC,AA,CC,GG,AA,AC,AA,AA,GT,GT,AT,AT,CG,GT,NN,CG,TT,GT,AA,GG,AA,CT,AA,AT,CC,CT,AA,AC,CT,GG,AA,CG,AA,CC,AT,TT,NN,GG,TT,AC,CC,AA,GG,CC,CG,GG,CC,GG,TT,AA,CC,TT,GG,CC,CC,AA,AG,CG,AA,CC,AA,AA,AC,GG,AC,TT,AA,GG,AA,AA,AC,AA,GG,AG,AA,AA,TT,GG,AA,NN,AC,NN,TT,AG,AA,GG,GG,CG,TT,AA,AG,TT,TT,TT,AG,TT,GG,GG,AA,6.69,Moderate,High,Poor,Early
L0866,Davangere,Karnataka,Rabi,Black Cotton,Irrigated,430,25.5,58,AC,TT,AA,GG,GG,CG,GG,AT,CC,CG,AA,CC,CC,TT,GT,GG,GG,TT,AT,AA,CC,TT,GT,CC,AT,CC,TT,TT,GG,AA,TT,CT,AA,CC,GG,GG,GG,CC,GG,CC,TT,CC,AC,GT,AA,GG,TT,TT,CC,AC,GG,AA,AA,GG,CC,GT,AA,AA,GT,AA,AG,TT,AT,AG,NN,TT,CC,GG,TT,GG,AG,GG,CC,AA,GG,AA,AT,GG,GT,TT,GG,NN,GG,CC,AA,GG,AA,AA,CC,TT,AC,TT,CC,TT,TT,GG,TT,AC,TT,CC,CT,CC,GG,NN,TT,TT,CG,AA,AG,AC,CC,GG,GT,CG,TT,AA,AA,AT,CC,GG,CC,GG,CC,GG,NN,AG,CT,CC,CC,CC,AA,TT,CC,AA,CC,NN,AA,TT,NN,AA,GG,CC,CC,GG,AA,AG,NN,CC,GG,CC,CG,AA,AA,GG,TT,GG,AA,TT,CT,GG,AC,GT,GT,CT,CG,AT,TT,CT,AA,TT,GG,CC,AA,CT,CC,CC,CC,CC,AA,GG,AG,CC,TT,CC,GG,GG,CG,TT,AA,AA,TT,CC,GG,AA,CC,CC,GG,GG,AA,CG,TT,AA,AA,CC,GT,AA,CC,AA,AT,GG,GT,TT,AA,GG,GT,AT,CC,TT,GT,AA,GG,AA,TT,AC,TT,CC,CT,AA,CC,TT,CC,GG,CG,AG,CC,TT,TT,GT,GG,TT,AA,CC,AG,GG,CC,CC,GG,CC,GG,AT,AA,CC,GT,GG,CC,CC,AA,AG,CC,AA,CC,AT,AA,AC,CG,AC,TT,AA,GG,AA,AA,AC,AA,GG,AG,AA,AA,TT,GG,AA,AG,CC,AA,CT,AA,AG,CG,GG,GG,TT,AA,AA,GT,TT,TT,GG,TT,GG,CG,AA,7.73,Moderate,Medium,Standard,Early
L0867,Davangere,Karnataka,Rabi,Black Cotton,Irrigated,430,25.5,58,AC,TT,NN,AA,GG,CC,GG,TT,CC,CG,AA,CC,CG,AT,TT,GT,CG,TT,TT,AG,CC,GT,TT,CC,TT,CC,TT,TT,GG,AA,TT,CC,AA,CC,GG,CG,GG,CC,GG,CC,TT,CT,AA,TT,AA,AG,TT,AT,CC,AA,GG,AA,AA,GG,CT,TT,AA,NN,TT,AC,AA,TT,AT,AA,TT,TT,CC,GG,TT,GT,AG,GT,AC,AA,GG,AA,AA,GG,TT,TT,GG,GG,GG,CC,AT,GG,AA,AT,CC,GT,NN,TT,TT,TT,GT,GG,NN,AC,TT,CC,CC,CG,AG,AA,TT,TT,CC,AA,AG,AA,CC,GG,TT,CG,TT,AA,AA,TT,CC,GG,CC,GG,CC,GT,TT,AG,CC,CC,CC,CC,AG,TT,CC,AA,CC,CT,AA,TT,AA,AT,GG,CT,CC,GG,AG,NN,AA,CC,GT,CC,CC,AA,AA,GG,GT,AG,AA,GT,CT,GG,AC,GT,GT,TT,CC,TT,TT,TT,AA,TT,GG,CC,AA,CC,CC,CC,GG,CC,AA,GG,AA,CC,TT,CC,GT,GT,GG,TT,AA,AG,TT,NN,GG,AC,CC,CC,GG,GG,AC,CG,TT,AA,AA,CG,NN,TT,AC,AT,AA,GG,GT,TT,TT,CG,GG,AA,CC,AT,GT,AA,GG,AA,CT,AA,TT,CG,CT,AA,CC,CT,GG,AG,CG,AG,CC,TT,CC,GT,GG,TT,AC,AC,AA,GG,CC,CC,GG,CC,GG,NN,AA,CC,TT,GG,CC,CG,AA,AG,CC,AA,CC,AT,AA,AC,CC,AA,TT,AA,GG,AA,AA,AC,AA,AG,GG,AA,AG,TT,GG,CC,AG,AA,AA,CT,AG,AA,GG,GG,GG,TT,AT,AA,TT,TT,TT,AA,TT,GG,GG,AA,9.08,Susceptible,Low,Poor,Medium
L0868,Davangere,Karnataka,Rabi,Black Cotton,Irrigated,430,25.5,58,AC,CT,GG,AA,GG,CC,GT,TT,CC,CG,AA,CT,GG,TT,TT,GT,GG,TT,TT,NN,CC,TT,GT,CC,TT,CC,TT,AT,GG,AA,CT,CT,AA,CC,GG,GG,GG,CC,GG,CC,TT,CT,AA,TT,AA,AA,TT,AA,CC,AC,GG,AA,AA,GG,CC,TT,AA,AC,GT,AA,NN,TT,TT,AA,TT,AT,CC,GG,CT,GG,AA,NN,CC,AA,AA,AC,AA,GG,TT,CT,GG,GG,GT,CC,AT,GG,AG,AA,CC,GT,CC,TT,CC,AT,GT,GG,TT,CC,TT,CC,TT,CG,AA,AA,TT,GT,CC,AA,AA,AC,CC,GG,TT,CC,GT,AA,AA,TT,CC,GG,CC,GG,CT,GT,TT,AA,CT,CC,CC,CC,AA,TT,CC,AA,CC,CC,AA,AT,AA,AA,GG,CC,CC,GG,AA,GG,AA,CC,GG,CC,CC,AA,AA,GG,TT,GG,AA,TT,TT,AG,AA,TT,TT,TT,CC,AA,TT,TT,AA,AT,GG,CC,AA,CT,CC,CC,CG,CC,AA,GG,AG,CC,TT,CC,GT,TT,GG,TT,AA,AA,TT,CC,CG,AC,AC,CC,GG,GG,AA,GG,TT,AC,AA,CC,NN,AA,AC,AA,AA,GG,GT,AT,AA,CG,NN,AT,CC,TT,TT,NN,GG,AA,CT,AA,TT,CC,TT,AA,AC,TT,GG,AG,CC,AG,CC,TT,TT,TT,GG,TT,CC,CC,AA,GT,CG,GG,GG,CC,GG,AT,AG,CC,TT,AG,NN,CG,AA,GG,CC,AT,CC,AA,AA,AC,CC,CC,TT,AA,GG,AA,AA,AA,AA,GG,GG,AA,AG,AT,CG,AA,AG,CC,NN,TT,AG,AA,CG,NN,GG,TT,AA,AG,GT,TT,TT,AG,TT,CG,CG,AA,7.33,Moderate,Medium,Poor,Medium
L0869,Davangere,Karnataka,Rabi,Black Cotton,Irrigated,430,25.5,58,AC,TT,AG,AA,CG,CC,GG,TT,CC,CC,AT,CC,NN,AT,TT,GG,GG,TT,AT,AA,CC,TT,GT,CC,TT,CC,TT,TT,GG,AA,TT,CC,AA,CC,GG,CG,GG,CG,GG,CC,NN,CC,AA,TT,AA,AA,TT,TT,CC,AC,GG,AA,AA,GG,CC,GT,AT,AA,GT,AA,AA,TT,TT,AA,CT,NN,CC,GG,TT,GG,AA,GG,CC,AA,GG,AA,AA,GG,TT,TT,GG,NN,GG,CC,AA,GG,AA,AA,CC,TT,CC,TT,CC,TT,GG,AG,TT,AC,TT,CC,CC,CG,GG,AA,TT,TT,CC,AA,GG,AA,CC,GG,TT,CC,NN,AA,AA,TT,CG,GG,CG,GG,CC,GG,CT,AG,CC,CC,CC,CC,AA,TT,AA,AA,CC,CC,AA,TT,AA,AA,GG,NN,CC,GG,AA,AA,AA,AC,GG,CC,CC,AA,GG,GG,TT,GG,AA,TT,TT,GG,AC,TT,TT,CT,CC,AA,GT,CT,AT,TT,CG,CC,AA,CC,CC,AC,GG,CC,AA,GG,AG,CC,TT,CC,GG,GT,NN,AA,AA,AA,TT,CC,GG,AA,CC,NN,GG,AG,CC,GG,TT,AC,AA,CC,GG,AA,CC,AA,AA,GG,TT,TT,AA,GG,GT,AT,CG,AT,TT,AT,GG,AA,TT,AA,TT,CC,CT,AC,AA,TT,GG,AG,CC,AG,CC,TT,TT,GT,GG,AT,CC,CC,AG,GG,CC,CG,GG,CC,GG,AT,AA,CC,TT,GG,CC,CC,AA,GG,CC,AA,CG,AA,AA,AC,CC,AC,TT,AA,GG,AA,AA,AC,AA,GG,AG,AA,AG,TT,GG,AA,AG,AC,AA,TT,AA,AG,GG,GG,CG,TT,AT,AG,TT,TT,TT,AA,AT,GG,GG,NN,7.96,Resistant,Medium,Poor,Early
L0870,Davangere,Karnataka,Rabi,Black Cotton,Irrigated,430,25.5,58,AC,CT,GG,GG,GG,CC,GG,TT,CC,CC,AA,CC,CG,TT,GT,GG,CG,TT,TT,AG,CC,GT,GT,CC,TT,CC,TT,TT,GG,AA,CT,CT,AA,CC,GG,GG,GG,CC,GG,CC,TT,TT,AA,TT,AA,AG,TT,AA,CC,CC,GG,AA,AG,GG,CC,TT,AA,AC,GG,AA,AG,TT,TT,AA,TT,TT,CC,GG,TT,GT,AA,GG,AC,AA,GG,AC,AA,GG,GT,TT,GG,GG,GG,CC,AA,GG,AA,AA,CC,GT,AC,TT,CC,TT,TT,GG,TT,NN,TT,CC,CC,CC,AG,AA,TT,TT,CG,AA,GG,AA,CT,GG,TT,CC,GT,AC,AA,TT,CC,GG,CC,GG,CC,GG,TT,AA,CC,CC,CC,CC,AA,TT,CC,AA,CC,CC,AA,TT,AA,AA,GG,CT,CG,GG,AA,AG,AA,CC,GG,CC,CC,AA,AA,GG,TT,GG,AC,TT,CT,GG,CC,NN,TT,CT,CC,AT,GT,CT,NN,TT,GG,CC,AA,TT,CC,CC,CG,AC,AA,GG,AA,CC,TT,CC,TT,TT,CG,TT,AA,AG,TT,CC,GG,AA,CC,CC,CG,NN,AC,GG,TT,AA,AA,CG,GG,AA,AC,AA,AT,GT,TT,AT,AT,CG,GT,AA,CG,TT,GT,AA,GG,AG,TT,AA,TT,CC,TT,AA,AC,TT,GG,AA,GG,AG,CC,TT,CT,GT,GG,TT,AA,AC,AG,GG,CC,CC,GG,CC,GG,AT,AA,CG,TT,GG,CC,CC,AT,GG,CC,AA,CC,AT,AA,AC,CG,CC,AT,AA,GG,AA,AA,CC,AA,GG,AA,AG,AA,AT,GG,AA,AG,AC,AA,TT,AA,AG,CG,GG,GG,GT,AT,AA,TT,TT,TT,AG,TT,GG,GG,AA,7.23,Susceptible,High,Poor,Late
L0871,Davangere,Karnataka,Rabi,Black Cotton,Irrigated,430,25.5,58,AA,CT,GG,AA,GG,CG,GG,TT,CC,CG,AA,CT,CC,AT,TT,GG,CG,TT,TT,AA,CC,TT,TT,CC,TT,CC,TT,AT,GG,AC,TT,CT,AA,CC,GG,CG,GG,CC,GG,AC,TT,CT,NN,GT,AA,AG,TT,AA,CC,AC,GG,AT,GG,GG,CC,GG,AA,AC,GG,CC,AG,TT,AT,NN,TT,AT,CC,GG,TT,GT,AA,GG,CC,AA,GG,AC,NN,AG,TT,TT,GG,GT,GG,CC,AT,GG,AA,AA,CG,GT,CC,TT,CT,AT,TT,GG,TT,AC,GT,CC,CT,CG,GG,AA,AT,TT,CG,AA,AG,AA,CC,GG,GT,CC,TT,AA,AA,TT,CC,AG,CC,GG,CC,GT,TT,AA,CT,CC,CC,CC,AA,TT,CC,AA,CC,CC,AA,AA,AA,AT,GG,CT,CG,AG,AA,GG,AA,CC,GG,CC,CC,AA,AA,GG,TT,GG,AA,TT,NN,GG,CC,GT,TT,TT,CC,AA,TT,TT,AT,TT,GG,CC,AA,CC,CC,CC,CG,CC,AA,GG,AA,CC,TT,CC,TT,TT,CG,TT,AA,AG,TT,AC,GG,AA,AC,CC,GG,GG,AA,CG,TT,AA,AA,NN,GG,AT,AC,AA,AT,GG,TT,NN,AA,GG,GG,AA,NN,AA,GG,AA,GG,AA,CT,AC,TT,CC,CT,AA,CC,CT,GG,NN,CC,AG,CC,TT,TT,GT,GG,TT,AA,AC,AG,GG,CC,CC,GG,CC,GG,AA,AA,CG,TT,GG,CC,CG,AA,AG,CG,AA,CC,AT,AG,CC,CG,CC,TT,AA,GG,AA,AA,NN,AA,AA,GG,AG,AA,TT,GG,AA,AA,CC,AC,CT,AA,AA,GG,GG,GG,TT,AA,AA,GT,TT,TT,AA,TT,GG,GG,AA,7.64,Susceptible,Low,Standard,Late
L0872,Davangere,Karnataka,Rabi,Black Cotton,Irrigated,430,25.5,58,AA,CT,AG,AG,GG,CC,GT,TT,CC,CG,AA,CC,CG,AT,TT,GG,CG,AT,TT,AA,CC,TT,GT,CC,TT,CC,GT,TT,GT,AA,TT,CC,AA,CC,GG,CG,GG,CG,GG,CC,GT,CT,AA,TT,AA,GG,TT,TT,CC,NN,GT,AT,AA,GG,CC,TT,AA,AA,GT,AA,AA,GT,AT,AA,TT,TT,CC,GG,TT,GT,AA,GG,CC,NN,AG,AA,AT,AG,TT,TT,GG,TT,GT,CC,AA,AG,AA,AA,CG,NN,CC,TT,CT,TT,TT,GG,TT,CC,TT,CC,NN,CC,AG,AA,TT,TT,NN,AA,AG,AA,CC,GG,TT,CG,TT,AA,AA,TT,CC,GG,CC,AG,CC,GT,TT,AA,CC,CC,CC,CC,AA,GT,CC,AA,CC,CC,AA,TT,AG,AT,GG,CC,CC,GG,AA,AA,AA,CC,GG,CC,CC,AA,GG,GG,GT,GG,CC,TT,TT,GG,CC,TT,TT,TT,CC,AA,TT,TT,AT,TT,NN,CC,AG,CC,CC,CC,CG,NN,AA,GG,AG,CC,TT,CC,GT,GT,GG,TT,AA,AA,TT,CC,GG,AA,CC,CG,GG,GG,AA,GG,TT,AC,AA,NN,GG,AA,AC,AA,AA,GG,TT,AT,AT,GG,GT,AA,CC,AT,GT,AA,GG,AA,TT,AC,TT,CC,CT,AA,CC,TT,GG,AG,CG,AG,CC,TT,CT,GG,GG,TT,AA,NN,AG,GG,CC,CG,GG,CC,GG,AT,AA,CC,TT,GG,CC,CC,AA,GG,CC,AT,CC,AA,AA,CC,CG,CC,TT,AA,GG,AA,AA,AA,AA,AG,AA,AA,AA,TT,GG,AA,AA,CC,AA,CT,AA,AA,GG,GG,GG,TT,AA,AG,NN,TT,TT,AG,TT,GG,GG,AA,6.51,Moderate,Low,Premium,Medium
L0873,Davangere,Karnataka,Rabi,Black Cotton,Irrigated,430,25.5,58,AA,TT,GG,AA,GG,CC,GG,AT,CC,CG,AA,CC,CC,TT,TT,GG,GG,TT,TT,AA,CC,TT,GT,CC,AT,CC,GT,AT,GT,AA,TT,CC,AA,CC,GG,CG,GG,CG,GG,CC,TT,CT,AC,GT,AG,AG,TT,AT,CC,CC,GT,AT,AA,GG,CT,TT,AA,AA,GT,AA,GG,GT,TT,AA,CT,TT,CC,GG,CT,GT,AA,GG,CC,AA,GG,CC,AA,AG,TT,TT,GG,GG,GT,CC,AA,GG,AA,AA,CC,TT,CC,TT,CC,TT,TT,GG,TT,NN,TT,NN,CC,CC,AG,AA,TT,TT,CG,AG,AG,AA,CC,GT,TT,CC,GT,AC,AA,TT,CC,AG,CC,AG,CC,GT,CT,AA,CC,CC,CC,CC,AA,TT,CC,AA,CC,CC,AA,AT,AG,AT,GG,CT,CC,GG,AA,GG,AA,CC,GG,CC,CC,AA,AA,AG,GT,GG,AA,TT,CT,GG,CC,GT,GT,TT,CC,AA,GT,NN,AT,TT,GG,CC,AA,CT,NN,CC,GG,CC,AA,GG,AG,CC,TT,CC,GG,GT,GG,TT,AA,AA,TT,CC,GG,AA,CC,CC,GG,GG,CC,GG,TT,AC,AA,CC,GG,AA,CC,AA,AA,GG,TT,TT,AT,CG,GG,TT,NN,AT,TT,AA,GG,AA,CT,AA,TT,CC,CT,AC,CC,TT,GG,AA,CG,AA,CC,TT,TT,GT,GG,TT,AA,CC,AA,GG,CC,CC,GG,CC,GG,AT,AA,GG,GG,GG,CG,CC,AA,GG,CG,AA,CC,AT,AA,AC,GG,CC,TT,AA,GG,AA,AC,AA,AA,AA,AA,AG,AA,TT,CG,AA,AA,AC,AC,TT,AG,AG,GG,AG,GG,TT,AA,AG,TT,TT,TT,AA,TT,GG,GG,AA,6.09,Susceptible,Low,Standard,Medium
L0874,Davangere,Karnataka,Rabi,Black Cotton,Irrigated,430,25.5,58,AC,CT,GG,AA,GG,CG,GT,TT,CC,CG,AT,CC,CC,TT,GT,NN,CG,TT,TT,AA,CG,TT,TT,CC,TT,CC,TT,AT,GG,AA,TT,CC,AA,CC,GG,GG,GG,CG,GG,CC,TT,CC,AA,TT,AG,AG,TT,AT,CC,AC,GG,AA,AG,GG,CT,TT,AA,AC,NN,AA,AA,GT,AT,AA,TT,TT,CC,GG,TT,GG,GG,GG,CC,AA,GG,AC,AT,GG,TT,TT,AG,GG,GG,CC,AA,GG,AA,AA,CG,GT,CC,TT,CT,TT,GT,GG,TT,CC,GT,CC,CC,CG,AG,AA,TT,TT,CC,AA,AG,AC,TT,GG,TT,CC,TT,AA,AA,TT,CG,GG,CC,AG,CC,GT,TT,AA,CC,CC,CC,CC,AG,TT,CC,AA,CC,CT,AA,AT,AG,AA,GG,CC,CC,GG,AG,AA,AA,CC,GG,CC,CC,NN,AG,AG,TT,GG,AA,GT,TT,GG,AC,TT,TT,TT,CC,AT,GT,CT,AA,AT,NN,CC,AG,TT,CC,CC,CG,CC,AA,GG,AG,CC,TT,CG,GT,TT,GG,AT,AA,AG,TT,CC,GG,AA,CC,CC,GG,GG,AA,GG,TT,AA,NN,CC,GG,AA,CC,AA,AT,GT,TT,TT,AT,GG,TT,AA,CC,TT,GT,AA,GG,AA,TT,AA,TT,CC,TT,AA,AC,TT,GG,AG,CC,GG,CC,TT,CT,TT,GG,AT,AA,AA,AG,GG,CC,CG,GG,CC,GG,AA,AA,CG,GT,GG,CC,CC,TT,GG,CC,AA,CG,AA,AA,AC,CG,CC,TT,AA,GG,AA,AC,AA,AA,AG,AA,AA,AA,TT,GG,AC,AG,AA,AA,CT,AG,AG,GG,GG,GG,TT,AA,AA,TT,TT,TT,AG,AA,GG,GG,AA,5.9,Susceptible,High,Poor,Medium
L0875,Davangere,Karnataka,Rabi,Black Cotton,Irrigated,430,25.5,58,CC,TT,GG,GG,CG,CG,GT,TT,CC,CG,AA,CT,GG,TT,TT,GG,GG,TT,TT,AG,CC,TT,GT,CC,TT,CC,GT,TT,GG,AC,TT,CT,AA,CC,GG,GG,GG,CC,NN,CC,TT,TT,AC,TT,AG,GG,TT,AT,CC,AA,GT,AA,GG,GG,CC,TT,AA,AA,GT,AC,AA,TT,TT,AG,NN,TT,CC,GG,TT,GT,AA,GG,CC,AA,GG,AC,AT,GG,TT,TT,GG,GG,NN,CC,TT,GG,AA,AA,CC,TT,CC,TT,TT,AT,TT,GG,TT,CC,GT,CC,CT,CC,AG,AA,TT,TT,CC,AA,AG,AA,TT,GG,TT,CC,TT,AA,AC,TT,CC,GG,CC,GG,NN,GG,TT,AA,CC,CC,CC,CC,AA,GT,CC,AA,CC,CC,AA,AT,AA,AT,GG,CT,CC,GG,AA,AG,AA,CC,GG,CC,CC,AA,AA,GG,TT,GG,AC,TT,TT,GG,CC,TT,TT,TT,CC,AT,GT,TT,AA,TT,CG,CG,AG,CT,AA,CC,CG,AC,AA,GG,AG,CC,TT,CC,TT,GT,CG,AT,AA,NN,TT,CC,GG,AC,CC,CC,NN,GG,AC,CG,TT,AA,AA,CG,GG,AA,CC,AT,AT,GG,TT,TT,AA,CG,TT,AA,CC,NN,TT,AA,GG,AA,CT,AC,TT,CC,CT,AA,NN,TT,GG,GG,CC,AG,CC,AT,TT,GT,GG,TT,AA,CC,AA,GG,CC,CC,CG,CC,GG,AT,AA,CC,TT,GG,CC,CG,AA,NN,CG,AA,CC,AA,AA,AC,CG,CC,AT,AA,GG,AA,AA,AA,AA,AG,AA,AA,AA,TT,GG,AC,AA,AC,AC,TT,AA,AA,GG,GG,CG,TT,AA,AG,TT,TT,TT,AG,AT,GG,GG,AA,6.01,Moderate,Medium,Standard,Early
L0876,Davangere,Karnataka,Rabi,Black Cotton,Irrigated,430,25.5,58,AA,CT,GG,AA,GG,CC,GT,TT,CC,CG,AA,CC,GG,TT,TT,GG,CG,AT,TT,AA,CC,GG,GT,CT,TT,CC,TT,TT,GT,AA,TT,CT,AA,CC,GG,GG,GG,CG,GG,CC,TT,TT,AA,TT,AG,GG,TT,TT,CC,CC,GG,AT,AA,GG,CC,TT,AA,AA,GG,AA,AG,TT,AT,AG,TT,TT,CC,GG,CT,GT,NN,GT,CC,AA,GG,AC,AA,GG,GT,TT,GG,GT,GT,CC,AA,GG,AG,AT,CC,GT,CC,TT,TT,TT,TT,GG,TT,CC,TT,CC,CT,CG,AG,AA,TT,TT,CC,GG,GG,AA,TT,GG,TT,CC,TT,AA,AA,TT,CG,GG,CC,AG,CC,GG,CT,NN,NN,CC,CC,CC,AA,TT,CC,AA,CC,CC,AA,TT,AA,AA,GG,CC,CC,GG,AA,GG,AA,CC,GT,CC,CC,AA,AA,GG,TT,AG,AA,TT,TT,AG,CC,TT,TT,TT,CC,AT,TT,TT,AA,TT,GG,CC,GG,CC,CC,CC,CG,CC,AA,GG,AG,CC,TT,CC,TT,TT,GG,TT,AA,AA,TT,AC,GG,AA,AC,CC,GG,GG,AA,GG,TT,AA,AA,CC,GG,AA,AC,AA,AA,GT,GT,TT,AA,CG,TT,AT,CC,TT,TT,NN,GG,AA,TT,AA,TT,CC,TT,AC,CC,CT,CG,AG,CC,NN,CC,TT,CT,TT,GG,TT,AA,AA,AA,GG,CC,CC,GG,CC,GG,TT,AG,CC,GT,GG,CC,CC,NN,GG,CC,AT,CC,AA,AA,AC,CG,AC,TT,AA,GG,AA,AA,AA,AA,AG,AG,AA,AA,TT,GG,AC,AA,AC,AA,CT,AA,AA,GG,GG,GG,GT,AA,AA,TT,TT,TT,GG,AT,GG,GG,AA,6.04,Resistant,Low,Premium,Early
L0877,Davangere,Karnataka,Rabi,Black Cotton,Irrigated,430,25.5,58,AC,TT,AG,AA,GG,CG,GT,TT,CC,GG,NN,CC,CC,AT,TT,NN,CG,TT,TT,AA,CC,GT,TT,CC,TT,CC,TT,TT,GT,AA,TT,CT,AA,CC,NN,GG,GG,CG,GG,CC,TT,TT,AA,TT,AA,GG,TT,AT,CC,AC,GG,AA,AG,GG,CC,TT,AT,AA,GT,AA,AA,TT,AT,AA,TT,TT,CC,GG,TT,GG,AA,GG,CC,AA,NN,AC,AT,GG,NN,TT,GG,GT,GT,NN,AA,GG,AA,AA,CC,GT,CC,TT,CC,TT,TT,GG,CT,NN,TT,CC,CT,CG,GG,AA,AT,TT,CC,AG,AA,AA,TT,GG,TT,CG,GT,AA,AA,TT,CC,GG,CC,AG,CC,GT,TT,AA,CT,CC,CC,CG,AA,TT,CC,AA,CC,CC,AA,AT,AA,NN,GG,CT,CC,GG,AA,AA,AA,CC,GG,NN,CC,AA,AG,GG,TT,AG,AC,GT,TT,AG,AA,TT,GT,CT,CC,AT,GT,TT,AT,TT,GG,CC,AG,CT,AC,CC,GG,CC,AT,GG,AA,CC,TT,CC,GT,GT,GG,AT,AA,AA,TT,AC,GG,AA,AC,CC,GG,GG,AC,GG,TT,AA,AG,CC,GG,AT,CC,AA,AT,GT,GG,TT,AA,GG,GT,AT,CC,TT,GG,AA,GG,AA,TT,AA,TT,CG,TT,AA,CC,TT,GG,AA,CG,AA,CC,TT,CT,TT,GG,TT,AA,CC,GG,GG,CC,CC,GG,CG,GG,AT,AA,CC,NN,GG,CC,CC,AT,AG,GG,AT,CC,AA,AG,AA,NN,AC,AT,AA,GG,AA,AA,AA,AA,AG,AA,AA,AA,TT,GG,AA,AA,CC,AA,TT,AA,AA,GG,GG,GG,TT,AA,AA,TT,TT,TT,AG,TT,GG,GG,AA,7.0,Susceptible,Medium,Standard,Early
L0878,Davangere,Karnataka,Rabi,Black Cotton,Irrigated,430,25.5,58,AC,TT,GG,NN,GG,CC,GT,TT,CC,CC,AA,CT,CC,TT,TT,GG,GG,TT,TT,AG,CC,GT,GG,CC,TT,CC,TT,TT,GG,AA,CT,CT,AA,AC,GG,GG,GG,CC,GG,CC,NN,CC,AC,TT,AG,GG,TT,TT,CC,CC,GG,AA,AA,GG,CC,GT,AA,AC,GT,AC,AA,TT,AT,AA,TT,TT,CC,GG,TT,GG,AA,GG,CC,AA,GG,AA,AA,GG,TT,TT,GG,GT,TT,CC,AA,AG,AA,AA,CC,NN,CC,TT,CT,TT,TT,GG,TT,CC,GT,CC,CC,CG,AG,AA,AT,TT,CC,AA,AG,AA,CT,GG,TT,CC,NN,AA,AA,TT,CC,AG,NN,GG,CC,GG,TT,AA,CT,CC,CC,CG,AA,NN,CC,AA,CC,CC,AA,AT,AA,AA,GG,CC,CC,GG,AA,AG,AA,CC,GT,CC,CC,AA,NN,GG,TT,GG,AC,TT,CT,GG,CC,TT,GT,TT,CC,AT,TT,CT,AA,AT,GG,NN,AA,TT,CC,CC,GG,CC,AA,GG,AA,CC,TT,NN,GT,GT,GG,TT,NN,AA,TT,CC,GG,AA,CC,CC,GG,GG,AA,GG,TT,CC,AG,CG,GG,AA,CC,AT,AT,GT,TT,TT,AA,CG,GT,AA,CC,TT,TT,AA,GG,AA,TT,AA,TT,CC,NN,AA,AC,CC,GG,AG,CC,GG,CC,TT,TT,TT,GG,TT,AA,AC,AG,GG,CC,CC,GG,CC,GG,AA,AA,CC,TT,GG,CC,CC,AA,GG,CC,TT,CG,AA,AA,AC,CC,NN,TT,AA,GG,AA,AA,NN,AA,GG,GG,AA,AA,TT,GG,AA,AG,CC,AA,CT,AA,AA,GG,GG,GG,NN,AT,AA,TT,TT,TT,AG,TT,GG,CG,AA,5.25,Moderate,High,Premium,Early
L0879,Davangere,Karnataka,Rabi,Black Cotton,Irrigated,430,25.5,58,AC,TT,GG,GG,GG,CC,GG,AT,CC,GG,AA,CT,CC,AT,TT,GT,CG,TT,TT,AA,CC,GT,GT,CT,TT,CC,GT,TT,NN,NN,CT,CC,AA,CC,GG,GG,GG,CC,GG,CC,TT,TT,AA,TT,AG,GG,TT,AT,CC,CC,GG,AA,AA,GG,CC,GT,AT,AA,GT,AC,AA,TT,TT,AA,CT,AT,CC,GG,TT,GG,AA,GG,CC,AA,GG,AC,AA,GG,TT,TT,GG,GG,GT,CC,AA,GG,AA,AA,CC,GT,CC,TT,CT,TT,GT,AA,TT,CC,TT,CC,CC,CC,GG,AA,AT,TT,CC,AA,AA,AA,CC,GG,TT,CG,TT,AA,AC,TT,CG,GG,CG,GG,CC,GG,CT,AA,CT,CC,CC,CC,AA,TT,CC,AA,CC,CC,AA,AT,AA,AA,GG,CC,CC,GG,AA,GG,AA,CC,GG,CC,CC,AA,AA,AG,TT,GG,AA,GT,CT,GG,CC,TT,GT,TT,CG,AA,TT,CT,AA,TT,GG,CG,AA,CC,CC,CC,CG,CC,AA,GG,AA,CC,GT,CC,GG,GT,GG,TT,AA,AG,TT,CC,GG,AA,AC,CC,GG,GG,AC,GG,TT,AA,AA,CC,GG,AA,CC,AA,AA,GT,TT,AT,AA,GG,GG,AT,CC,TT,TT,AA,GG,AA,CC,AA,TT,CG,TT,AC,AC,TT,CC,AA,CG,AG,CC,TT,CT,GT,GG,TT,AA,AC,AA,GG,CC,CG,GG,CG,GG,AT,AA,CC,TT,GG,CC,CG,AA,GG,CC,AA,CC,AA,AA,AC,GG,AC,TT,AA,GG,AA,AC,AC,AA,AA,GG,AA,AA,AT,GG,AA,AG,AC,AA,TT,AA,AA,GG,GG,GG,TT,AA,AA,GT,TT,TT,AG,TT,CG,GG,AC,6.84,Resistant,Medium,Premium,Late
L0880,Davangere,Karnataka,Rabi,Black Cotton,Irrigated,430,25.5,58,AC,TT,AG,AA,GG,CC,GT,TT,CC,CG,AA,CC,CC,TT,GT,GG,CG,TT,TT,AG,CC,TT,TT,CC,TT,CC,TT,AT,GG,AA,TT,CC,AA,CC,GG,GG,GG,CC,GG,CC,TT,CT,AC,TT,AG,AG,CT,TT,NN,AC,GT,AA,AA,GG,CC,TT,AT,AA,TT,AC,GG,TT,AT,AG,TT,TT,CC,GG,TT,GG,AA,GG,CC,AA,GG,CC,TT,GG,TT,TT,GG,GT,GG,CC,AA,GG,AA,AA,CG,TT,CC,TT,TT,AT,TT,GG,TT,CC,GT,CC,CT,CC,AG,AA,AT,TT,CG,AA,GG,AA,CC,GG,TT,CG,TT,AC,AA,TT,CG,GG,CC,GG,CC,GT,TT,AA,CC,CG,CC,CC,AA,GT,AC,AA,CC,CC,AA,TT,AA,AA,GG,CC,CC,GG,AA,AG,AA,CC,GG,CG,CC,AG,AG,GG,GT,AA,CC,TT,CC,GG,CC,TT,GT,CT,CC,AA,TT,TT,AT,TT,GG,CC,AG,CC,CC,CC,GG,CC,AA,GG,GG,CC,TT,CC,GG,GT,CG,AT,AG,AA,TT,CC,CG,AC,CC,CC,GG,AG,AC,GG,TT,AC,AA,CC,NN,AA,AC,AA,AT,GG,TT,TT,AT,GG,GT,AT,CC,AT,TT,AT,GG,AA,CT,AA,TT,CC,CT,AA,CC,TT,GG,GG,CC,AA,AC,TT,CC,TT,GG,TT,AC,CC,AA,GT,NN,CC,GG,CC,GG,AT,AA,CC,TT,GG,CC,CC,AT,AG,CC,AA,CC,AA,AA,AC,CC,CC,TT,AA,GG,AA,AC,AA,NN,GG,AA,AG,AA,TT,GG,AA,AG,AA,CC,CT,AG,AA,CG,GG,GG,GT,AA,AA,TT,TT,TT,AA,TT,GG,GG,AA,6.78,Susceptible,Low,Premium,Late
L0881,Davangere,Karnataka,Rabi,Black Cotton,Irrigated,430,25.5,58,AC,TT,GG,AA,GG,CG,GG,TT,CC,CC,AA,CT,CC,TT,TT,GG,GG,TT,TT,AA,CC,GT,TT,CC,TT,CC,TT,AT,GG,AA,TT,TT,AA,CC,GG,CC,GG,CC,GT,CC,TT,TT,AA,TT,AG,AG,CT,AT,CC,CC,GT,AA,AA,GG,CT,GT,AT,AC,GT,AA,AG,GT,TT,AA,CT,TT,CT,GG,TT,GG,AA,GG,NN,AA,GG,CC,AT,GG,TT,TT,GG,GT,GG,CC,AT,AG,AA,AA,CC,NN,CC,TT,TT,TT,TT,GG,TT,CC,TT,CT,TT,CC,GG,AA,TT,TT,CC,AA,GG,AA,CT,GG,GT,CC,TT,AA,AA,TT,CC,AG,CG,GG,CC,GG,CT,AA,CC,CC,AA,CC,AA,GT,CC,AA,CC,CT,AA,AT,AA,AA,GG,CT,CC,GG,AA,AG,AA,CC,GG,CC,CC,AA,AA,AG,GT,AG,AC,TT,CC,GG,AC,TT,TT,TT,CC,AA,NN,CT,TT,AT,CG,CG,AA,CC,CC,CC,GG,CC,AA,GG,GG,CC,TT,CC,GT,GT,CG,AT,AA,AA,TT,AC,GG,AA,AC,CC,GG,GG,AC,GG,TT,AA,AA,CC,GG,AT,CC,AA,AA,GG,TT,AT,TT,GG,GG,AA,CC,TT,TT,AA,GG,AA,TT,AA,TT,CC,CT,AA,CC,TT,GG,NN,CC,GG,CC,TT,CT,GT,GG,AT,AA,AC,AA,GG,CC,CC,GG,CC,GG,NN,AA,CC,TT,GG,CC,CG,AA,GG,CC,AA,CC,AA,AA,CC,GG,AC,TT,AA,CG,AA,AC,AC,AC,GG,NN,AA,AA,TT,CG,AC,AA,AC,AA,CT,AA,AA,GG,AG,GG,TT,AA,AG,TT,TT,TT,AG,TT,GG,CG,AA,8.27,Moderate,Low,Poor,Early
L0882,Davangere,Karnataka,Rabi,Black Cotton,Irrigated,430,25.5,58,AC,CT,AG,GG,GG,CG,GG,TT,CC,CC,NN,CC,CG,AA,TT,GT,CG,TT,TT,AA,CC,TT,TT,CT,TT,CC,TT,AT,GG,AA,TT,CC,AA,CC,GG,CG,GG,CC,GG,CC,TT,CT,AA,TT,AA,AG,CT,AT,CC,AA,GG,AT,AA,GG,CC,TT,AA,CC,GT,CC,AA,TT,TT,AG,TT,AT,CC,GG,CT,GT,AA,GG,CC,AA,GG,AA,AT,GG,TT,TT,GG,GG,TT,CC,AA,GG,AG,AA,CC,GT,CC,TT,CT,AT,GT,GG,TT,CC,TT,CC,CC,CC,AG,AA,TT,TT,CC,AG,AG,AA,CC,GG,TT,CC,GT,AA,AA,TT,CC,GG,CC,GG,NN,GT,TT,AA,CC,CC,CC,CC,NN,TT,CC,AA,CC,CC,AA,TT,AA,AA,GG,CC,CC,GG,AA,AA,AA,CC,GG,CC,CC,AA,AA,GG,TT,GG,AC,TT,CT,AA,AC,TT,TT,TT,CC,AA,TT,TT,AA,TT,GG,CG,AG,CC,CC,CC,CG,CC,AA,GG,GG,CC,TT,CC,TT,GG,GG,AA,AA,AA,TT,AC,GG,AA,CC,CC,GG,AG,AA,GG,TT,AA,AA,CC,GT,AA,CC,AA,AT,GG,TT,TT,AA,GG,GG,TT,CC,AT,TT,AA,GG,AA,TT,AA,TT,CC,TT,AA,CC,CT,GG,AG,CG,AG,CC,TT,CT,TT,GG,TT,AA,AA,AG,GG,CC,CC,GG,NN,GG,TT,AG,CC,GT,GG,CC,CC,AT,GG,CC,AT,CG,AT,AA,CC,CG,AA,AT,AA,GG,AA,AA,AA,AA,AG,AG,AA,AA,AA,GG,AC,AA,AA,AA,TT,AA,AG,GG,GG,GG,TT,AT,AA,TT,TT,TT,AG,TT,GG,GG,AA,6.99,Moderate,Low,Poor,Late
L0883,Davangere,Karnataka,Rabi,Black Cotton,Irrigated,430,25.5,58,AC,TT,GG,AG,GG,CC,GG,AT,CC,CC,AT,TT,CC,TT,TT,GG,GG,TT,TT,AG,CG,TT,TT,CC,TT,CC,TT,AT,GG,AA,TT,CC,AA,CC,GG,CG,NN,CC,GG,NN,TT,CT,AA,TT,AA,AG,TT,TT,CC,NN,GG,AA,AA,CG,CT,GT,AA,AA,GG,AA,AA,TT,TT,AA,TT,TT,CC,GG,TT,GG,AG,GT,CC,AA,AG,AA,AA,GG,TT,TT,GG,TT,GT,CC,AT,GG,AA,AA,CC,GT,CC,TT,CT,TT,TT,GG,TT,CC,TT,CC,CC,CG,AA,AA,TT,TT,CC,AA,AG,AA,CT,GG,TT,CG,TT,AA,AA,TT,CC,GG,CC,GG,CC,GG,CT,AA,CC,CC,CC,CC,AA,TT,CC,AA,CC,CC,AA,TT,AA,AA,GG,CC,CC,GG,AA,AG,AA,NN,GG,CC,CC,AG,GG,GG,GT,GG,AA,TT,TT,GG,CC,GT,TT,TT,CC,AA,TT,TT,AA,AT,GG,CC,AG,CC,AC,NN,GG,AC,AA,GG,AG,CC,TT,GG,GT,TT,CG,AA,NN,AA,TT,CC,GG,AA,CC,CC,GG,GG,AA,GG,TT,AC,AA,CC,GG,AT,AC,AT,AA,GT,TT,TT,AT,GG,GG,AA,CC,AT,GT,AA,GG,AA,CT,AA,TT,CC,TT,AA,AC,TT,GG,AG,CG,AG,CC,AT,CT,TT,GG,TT,AA,AC,AA,GG,CC,CC,GG,CC,GG,NN,AA,CG,TT,GG,CC,CC,NN,AG,CC,AT,CC,AA,AA,AA,CC,CC,TT,AA,CG,AA,AA,AA,AA,AG,AG,AA,AA,AT,GG,AA,AG,CC,AA,TT,AA,AA,GG,GG,GG,GT,AA,AG,GT,TT,TT,AG,TT,GG,GG,AC,6.83,Resistant,Low,Poor,Early
L0884,Davangere,Karnataka,Rabi,Black Cotton,Irrigated,430,25.5,58,AA,CT,GG,AG,CG,CC,GT,TT,CC,CG,AA,CT,CC,TT,TT,GG,CG,TT,TT,AA,CC,TT,TT,CT,TT,CC,TT,TT,GG,AC,TT,CC,AA,CC,GG,CG,GG,CC,GG,CC,TT,TT,AA,TT,AG,GG,TT,TT,CC,AC,GG,AT,AA,GG,TT,TT,AA,AC,GG,AA,AA,TT,TT,AG,TT,TT,CC,GG,TT,GT,AG,GG,CC,AA,GG,AA,AA,GG,TT,TT,GG,GG,GG,CC,AA,GG,AA,AA,CC,GT,AC,TT,CC,TT,TT,AG,TT,CC,TT,CC,CC,CC,AG,AA,AT,TT,CC,AA,AG,AA,CC,GG,TT,CC,GT,AA,AC,TT,CG,AA,CC,GG,CC,GG,CT,AA,CC,CC,CC,CC,AA,TT,CC,AA,CC,CC,AG,TT,AA,AA,GG,CC,CC,GG,AA,AG,AA,CC,GG,CC,CC,AA,AA,GG,TT,GG,AA,NN,TT,GG,CC,TT,TT,TT,CC,AT,TT,CT,AA,TT,CG,CC,AA,CC,CC,CC,GG,CC,AA,GG,AA,CC,TT,CG,TT,TT,CG,TT,AG,AA,TT,CC,CG,AC,CC,CC,GG,GG,AA,NN,TT,AA,AG,CC,GG,AT,AC,AA,TT,GG,TT,AT,AT,CG,TT,NN,CC,TT,GT,AA,GG,AA,TT,NN,TT,CC,TT,AC,CC,TT,CG,AG,CC,AG,CC,TT,TT,TT,GG,TT,AC,CC,AG,GG,CC,CG,GG,CC,GG,TT,AA,CG,GT,GG,CC,CC,AA,GG,CC,AA,CG,AA,AA,AC,CC,AC,TT,AA,GG,AA,AA,AA,AA,GG,AG,AA,AA,AT,CG,AA,AG,AC,AC,TT,AA,AA,GG,GG,GG,TT,AT,AA,TT,TT,TT,AG,TT,GG,CG,AA,6.99,Moderate,Low,Premium,Early
L0885,Davangere,Karnataka,Rabi,Black Cotton,Irrigated,430,25.5,58,CC,TT,GG,AG,CG,CC,GG,TT,CC,CG,AA,CC,CC,TT,TT,GG,GG,TT,TT,AA,CG,TT,GT,CT,TT,CC,TT,TT,GG,AA,TT,CC,AA,AC,GG,GG,GG,CC,GG,CC,TT,TT,AA,TT,NN,GG,TT,TT,CC,CC,GG,AA,AA,GG,CC,GG,AA,AA,TT,NN,AG,TT,TT,AG,TT,AT,CC,GG,TT,GT,AA,GG,CC,AA,GG,CC,AT,GG,TT,TT,GG,GG,GG,CC,AT,GG,AA,AT,NN,TT,CC,TT,TT,TT,TT,GG,TT,CC,GT,CC,CC,CC,GG,AA,TT,TT,CG,AA,AA,AA,CC,GG,TT,CC,TT,AA,AA,TT,CC,GG,CC,GG,CC,GT,TT,AA,CC,CC,CC,CC,AA,TT,CC,AA,CC,CC,AA,TT,AA,AA,GG,CC,CC,GG,NN,AA,AA,CC,GG,CC,CC,AA,AA,GG,GG,GG,AA,TT,TT,AG,CC,GT,GT,TT,CG,AT,TT,TT,AT,AT,GG,CC,AA,CC,AC,CC,GG,CC,AT,GG,AA,CC,TT,CG,GG,GG,CG,AT,AA,AA,TT,AC,GG,AA,CC,CC,GG,GG,AA,GG,TT,AC,AG,CC,GG,AT,AA,AA,AA,GT,TT,AT,AA,GG,TT,AA,CG,TT,TT,AA,GG,AA,TT,AA,TT,CG,TT,NN,CC,TT,GG,AA,CC,AG,AC,TT,TT,TT,GG,AT,AA,AC,AG,GT,CC,CG,GG,CC,GG,AT,AA,CC,TT,GG,CG,CC,AA,GG,CC,AA,CC,AA,AA,CC,CC,CC,TT,AA,GG,AA,AA,AC,AA,AG,AG,AG,AA,AT,GG,AC,AG,AA,AA,TT,AA,AA,GG,AG,GG,TT,AT,AA,TT,TT,TT,AA,AT,GG,GG,AA,7.94,Susceptible,Low,Premium,Late
L0886,Davangere,Karnataka,Rabi,Black Cotton,Irrigated,430,25.5,58,AA,NN,GG,AG,GG,CC,GG,AT,CC,CG,AA,CC,CG,TT,GT,GG,GG,TT,TT,AA,CC,TT,GT,CC,AT,CT,GT,TT,GG,AA,TT,CC,AA,CC,GG,GG,GT,CG,GG,CC,TT,TT,AC,TT,AA,GG,TT,TT,CC,CC,GT,AA,AA,GG,CC,GT,AA,AA,TT,AA,AA,TT,AA,AA,NN,TT,CC,GG,TT,GG,AA,GG,CC,AA,GG,CC,AA,GG,GT,TT,GG,GG,GG,CC,AT,GG,NN,AA,CG,TT,CC,TT,CT,TT,GT,GG,TT,AC,GT,CC,CC,CG,GG,AA,AT,GT,CC,AA,AG,AA,CT,GG,TT,CC,TT,AC,AA,AT,CC,AA,CC,GG,CC,GT,TT,AA,CC,CC,CC,CC,AA,TT,CC,AA,CC,CC,AA,TT,AA,AA,GG,CC,CC,GG,AA,AA,AT,CC,GG,CC,CC,AA,AA,GG,TT,AG,AC,GT,CT,AG,CC,TT,TT,TT,CC,AA,TT,TT,AA,AT,GG,CC,AA,CT,CC,CC,GG,CC,NN,GG,AA,CC,TT,CG,GT,TT,GG,AT,AG,AG,TT,CC,GG,AC,CC,CC,GG,GG,AC,CG,CT,AC,AA,NN,GT,AA,CC,AA,AA,GT,TT,AT,AT,CG,GT,AA,CC,TT,GT,AA,GG,AA,TT,AC,AT,CC,TT,AC,CC,CT,GG,GG,CG,GG,CC,TT,CT,TT,GG,TT,AA,CC,AA,GG,CC,CC,GG,CC,GG,TT,NN,CG,GT,GG,CC,CC,AA,GG,CC,TT,CC,AA,AG,AC,CG,AC,AT,AA,GG,AA,AC,AC,AC,AG,AG,AA,AA,TT,GG,AC,GG,NN,AC,CT,AA,AA,GG,GG,GG,TT,AA,AG,GT,TT,AT,AA,AT,GG,CG,AA,6.64,Susceptible,High,Standard,Medium
L0887,Davangere,Karnataka,Rabi,Black Cotton,Irrigated,430,25.5,58,AC,CT,AG,AG,GG,CC,GG,TT,CC,CG,AA,CC,CC,TT,GT,NN,CG,TT,TT,AG,CG,TT,TT,CC,TT,CC,TT,TT,GG,AA,TT,CC,AG,CC,GG,GG,GG,GG,GG,CC,NN,TT,AA,TT,GG,AG,TT,AA,CC,AC,GG,AT,AA,GG,TT,GT,AA,AA,GT,AA,AA,TT,TT,AA,TT,TT,CC,GG,TT,GG,AA,GG,CC,AA,GG,AC,AA,GG,TT,TT,GG,GG,GG,CC,AA,GG,AA,AA,CC,TT,CC,TT,CC,TT,TT,AG,TT,AC,GT,CC,CC,CG,AG,AA,TT,TT,CG,AA,AA,AA,CT,GG,TT,CC,GT,AC,AA,TT,CC,AG,CC,GG,CC,GG,TT,AA,CC,CC,AC,CC,AA,TT,AC,AA,CC,CC,AA,TT,AA,AT,CG,CT,CC,GG,AG,GG,AA,CC,GT,CC,CC,AA,AG,GG,TT,GG,AA,TT,TT,GG,CC,GG,TT,TT,CC,AA,TT,TT,AA,AT,CG,CC,AA,CT,CC,CC,GG,CC,AA,GG,AA,CC,TT,CC,TT,GT,GG,AT,AA,AG,TT,CC,GG,AC,CC,CC,GG,GG,AA,GG,TT,AA,AA,CC,GG,AA,CC,AA,AT,GG,TT,AT,AT,GG,GT,AA,CC,AT,TT,AA,GG,AA,TT,AA,TT,CC,TT,AC,CC,TT,CG,AG,CC,AG,CC,TT,TT,GG,GG,TT,AC,CC,AA,GT,CC,CC,GG,CG,GG,TT,AA,CC,GT,GG,CC,CC,AT,GG,CC,AA,CC,AT,AA,CC,CG,CC,TT,AA,CG,AA,AA,CC,AA,GG,AA,AG,AA,NN,GG,AC,AG,AA,AA,TT,AG,AA,GG,GG,GG,TT,AA,AG,TT,TT,TT,AG,AT,GG,GG,AA,7.32,Susceptible,Medium,Standard,Late
L0888,Davangere,Karnataka,Rabi,Black Cotton,Irrigated,430,25.5,58,AA,TT,AG,AA,GG,CC,GG,TT,CC,CC,AA,CC,CC,AT,TT,GG,GG,TT,TT,GG,CG,TT,GT,CC,TT,CC,TT,AT,GG,AA,CT,CC,AA,CC,GG,CG,GG,CC,GG,CC,TT,CT,AC,TT,AG,AG,TT,AT,CC,AC,GG,AA,AA,GG,CC,GT,AA,AC,TT,AC,AG,TT,AA,AA,CT,TT,CC,GG,TT,TT,AA,GG,CC,AA,AG,AC,AT,GG,TT,TT,AG,GG,GG,CC,AA,AG,AA,AA,CC,TT,CC,TT,CC,TT,GT,GG,TT,CC,TT,CC,CC,CG,AG,AA,TT,TT,CG,AA,AA,AA,CT,GG,TT,CC,GT,AA,AC,TT,CC,AG,CG,GG,CT,GG,TT,AA,CC,CC,AC,CC,AA,TT,CC,AA,CC,CC,AA,TT,AA,AT,GG,CC,CC,GG,AA,GG,AA,CC,GG,CC,CG,AA,AG,AG,TT,GG,AC,TT,CT,GG,AC,GG,GT,CT,CC,AT,GT,CT,AA,AT,CG,CC,AG,CC,CC,CC,CG,CC,AA,GG,AG,CC,TT,CC,GG,TT,CG,AT,AA,AG,TT,AC,GG,AA,CC,CC,GG,GG,AA,GG,TT,AA,AA,CC,GG,AA,CC,AA,AT,GT,TT,TT,AT,GG,GG,NN,CC,TT,GT,AA,GG,AA,TT,AA,TT,NN,CT,AC,CC,TT,GG,AA,CG,GG,CC,TT,CT,NN,GG,TT,AA,AC,AA,GG,CC,CG,NN,CC,GG,AT,AA,CC,TT,GG,CC,CG,AA,AG,CC,AA,CC,AA,AA,NN,CG,AA,TT,AA,GG,AA,AA,AA,AA,GG,AG,AA,AA,TT,GG,AC,AG,AA,AA,CT,AA,AA,GG,GG,GG,GT,AA,AA,TT,TT,TT,AA,AA,GG,CG,AA,8.68,Susceptible,Low,Poor,Early
L0889,Davangere,Karnataka,Rabi,Black Cotton,Irrigated,430,25.5,58,AA,TT,AA,AG,GG,CC,GG,AT,CC,CC,AA,CC,CG,TT,GT,GG,NN,TT,TT,AA,CG,TT,GT,CC,TT,CC,TT,AT,GG,AA,TT,CC,AA,CC,GG,GG,GG,CG,GG,CC,TT,CT,AA,TT,AA,AG,TT,AT,CG,NN,GG,AT,AA,GG,CC,GT,AA,AA,GG,AA,AA,TT,TT,AA,TT,TT,CC,GG,TT,GG,AA,GG,CC,AA,AG,AA,AT,GG,TT,TT,AG,GT,GT,CC,AA,GG,AG,AA,CG,GT,CC,TT,CC,AT,TT,GG,TT,AC,TT,CT,NN,CG,AA,AG,AT,TT,CC,AA,AA,CC,CT,GG,TT,CC,GT,AC,AA,TT,CC,NN,CC,GG,CC,TT,CT,AA,CC,CC,CC,CC,AA,TT,CC,AA,CC,CC,AA,TT,AA,AA,GG,CC,CC,GG,AA,AA,AA,AC,GT,CC,CC,AG,AA,GG,GT,GG,AA,TT,TT,GG,CC,TT,TT,TT,CC,AA,TT,TT,AA,TT,GG,CC,NN,CT,CC,CC,GG,CC,AA,GG,AG,CC,TT,CG,GT,GT,GG,AT,AA,AG,TT,AC,GG,AA,CC,CC,GG,GG,AC,GG,TT,AC,AA,CC,GG,AA,CC,AA,AT,GT,TT,TT,AT,NN,GT,AA,CG,AA,GT,AA,GG,AA,TT,CC,AT,CC,TT,AA,CC,TT,GG,AG,CC,GG,CC,TT,TT,GT,GG,TT,AA,CC,AG,GG,CC,CC,GG,CC,GG,AA,AA,CC,TT,GG,CC,CC,AA,GG,CC,AA,CC,AA,AG,AC,CC,AC,TT,AA,GG,AA,AA,AC,AA,AA,AG,AA,AA,AT,GG,AC,GG,CC,AA,CT,AG,AA,GG,GG,GG,TT,AA,AG,TT,TT,TT,AG,TT,GG,GG,AA,10.48,Susceptible,Low,Standard,Late
L0890,Davangere,Karnataka,Rabi,Black Cotton,Irrigated,430,25.5,58,AA,CT,GG,AG,GG,CC,GT,AT,CC,GG,AA,CC,CG,AT,GT,GG,GG,TT,TT,AA,CC,TT,GT,CC,TT,CT,TT,AT,TT,AA,TT,CC,AA,CC,GG,GG,GG,CC,GG,CC,TT,TT,AA,TT,AA,GG,CT,AT,NN,CC,GG,AA,AA,GG,CC,TT,AA,AC,GT,AA,AA,TT,AT,AA,TT,AT,CC,GG,TT,GT,AA,GG,CC,AA,GG,AC,AA,GG,TT,TT,GG,GG,GG,CC,AA,GG,AA,AT,CC,TT,CC,TT,CT,TT,TT,GG,TT,CC,GT,CC,CC,CC,AA,AA,TT,TT,CG,AA,AG,AA,CC,GG,GT,CC,TT,AA,AA,TT,CC,AA,CC,GG,CC,GG,TT,AA,CT,CC,CC,CC,AA,TT,CC,AA,CC,CC,AA,TT,AA,AA,CG,CC,CC,GG,AA,AA,AA,CC,GT,CC,CC,AA,AA,GG,TT,AG,AC,GT,CT,GG,AA,TT,TT,CT,CC,AA,TT,TT,AA,TT,GG,CC,AA,CC,CC,CC,GG,AC,AA,GG,AG,CC,TT,CC,NN,TT,CG,AT,AA,AA,TT,AA,CG,AA,CC,CC,GG,GG,CC,GG,TT,AC,AG,CC,GG,AA,CC,AA,AT,GG,TT,TT,AA,GG,GT,AT,CG,AT,TT,AA,GG,AA,TT,AA,TT,CC,TT,AA,AC,TT,GG,AA,CC,GG,AC,TT,CT,TT,GG,TT,AA,AC,AG,GG,CC,CG,NN,CC,GG,AT,AG,CC,GT,GG,CC,NN,AA,GG,CG,AA,CC,AA,NN,CC,CG,AC,TT,AG,GG,AA,AC,AC,AA,AG,AA,AA,AA,TT,GG,AA,AG,AA,AA,CT,AA,AA,GG,AG,GG,TT,AT,AG,TT,NN,TT,AG,AT,GG,CG,AA,4.65,Susceptible,Medium,Standard,Early
L0891,Davangere,Karnataka,Rabi,Black Cotton,Irrigated,430,25.5,58,AC,CT,AG,GG,GG,CC,GG,AT,CC,GG,AA,CT,CC,TT,TT,TT,GG,TT,TT,AA,CC,TT,GG,CT,TT,CC,TT,TT,GG,AA,TT,CC,AA,AC,GG,CG,GG,CG,GG,CC,GT,TT,AA,TT,AA,AA,TT,TT,CC,AC,GG,AA,AG,GG,CC,GT,AA,AA,GG,CC,AA,GT,TT,AA,TT,TT,CC,GG,TT,GG,NN,GG,AC,AA,AG,AA,AT,AG,TT,TT,GG,GT,GG,AC,AA,GG,AA,AT,CC,TT,AC,TT,CC,AT,GT,GG,CT,AC,GT,CC,CC,CG,AG,AA,TT,TT,CC,AA,AG,AA,CT,GG,TT,CG,GG,AC,AA,TT,CG,GG,CG,GG,CC,GT,TT,AA,CC,CC,CC,CC,AA,TT,AC,AA,NN,CC,AA,TT,AA,AA,GG,CC,CC,GG,AA,AA,AA,CC,GG,CC,CC,AG,AA,GG,TT,GG,AA,TT,CT,GG,CC,TT,NN,CT,CG,AA,TT,TT,AA,TT,GG,CC,AA,CC,CC,CC,GG,CC,AA,GG,AA,CC,TT,CG,GG,TT,GG,TT,AA,AA,TT,CC,GG,AA,CC,CC,GG,GG,AC,CG,TT,AC,AG,CC,GG,AA,AC,AA,TT,GG,TT,AA,AA,GG,GG,TT,CC,AT,TT,AA,GG,AA,TT,AA,TT,CC,TT,AC,CC,TT,CG,AG,CC,AA,CC,TT,TT,TT,GG,TT,AA,AC,AA,GG,CC,CG,GG,CC,GG,TT,AA,CG,TT,AG,CG,CC,AA,AG,CG,AA,NN,AA,AA,CC,CC,CC,TT,AA,CG,AA,AA,AA,AA,GG,AG,AA,AA,TT,GG,AC,AA,AA,AC,TT,AA,AA,GG,GG,GG,TT,AA,AG,TT,AT,TT,GG,TT,GG,GG,AA,10.08,Resistant,Medium,Poor,Early
L0892,Davangere,Karnataka,Rabi,Black Cotton,Irrigated,430,25.5,58,AA,TT,GG,AG,GG,CC,GG,NN,CC,CG,AA,CC,CG,TT,TT,GT,GG,TT,TT,AA,CG,TT,TT,CC,TT,CC,TT,TT,GG,NN,TT,CT,AA,CC,GG,GG,GG,CG,GG,CC,TT,CT,AC,TT,AA,GG,TT,TT,CC,AC,GG,AT,AG,GG,CT,TT,AT,AC,GT,AA,AA,TT,AT,AG,TT,TT,CC,GG,TT,GG,AG,GG,CC,AA,AA,AA,AA,GG,TT,TT,GG,GG,GG,CC,AA,AG,AA,AA,NN,TT,AC,TT,CC,TT,TT,AG,CT,CC,GG,CC,CC,CC,GG,AA,TT,GT,CC,AA,GG,NN,CT,GG,TT,CC,GT,AA,AA,TT,CC,GG,CC,GG,CC,NN,NN,AG,CC,CC,CC,CC,AA,TT,CC,AA,CC,CC,AA,TT,AA,AT,GG,CC,CC,GG,GG,AA,AA,CC,NN,CC,CC,AA,AA,GG,GT,GG,AC,TT,NN,GG,AA,GT,GT,TT,CG,AA,TT,TT,AT,TT,CG,CC,AA,CT,CC,AC,CG,AC,AA,GG,AG,CC,TT,CC,GG,TT,GG,AT,AA,NN,TT,AC,NN,AC,CC,CC,GG,GG,AC,GG,TT,AC,NN,CC,GG,AA,AC,AA,AA,GT,TT,AA,TT,CG,GG,AT,CC,AT,TT,AA,GG,AA,TT,AC,TT,CC,TT,AC,CC,TT,GG,AA,NN,AG,CC,TT,TT,TT,CG,TT,AC,AA,GG,GG,CC,CG,GG,CC,GG,AT,AA,CG,TT,NN,CC,CC,AT,GG,CC,AT,CC,AA,AA,NN,CC,CC,TT,AA,GG,AA,AC,AA,AA,AG,AG,AG,AA,AT,GG,AA,AA,CC,AA,CT,AG,AA,GG,GG,GG,GT,AA,AA,TT,TT,TT,AA,TT,GG,GG,AA,6.13,Resistant,Low,Poor,Early
L0893,Davangere,Karnataka,Rabi,Black Cotton,Irrigated,430,25.5,58,AA,TT,AG,AA,CG,GG,GG,TT,CG,CC,AA,CT,CC,TT,GG,NN,GG,TT,TT,AA,CC,TT,TT,CT,TT,CC,TT,TT,GG,AA,TT,CC,AA,CC,GG,CG,GG,CG,GG,CC,TT,CC,AA,TT,AA,GG,CT,TT,CC,AA,GT,AA,AA,GG,CC,GT,AA,AA,GT,AA,AA,GT,TT,AG,TT,TT,CC,GG,TT,GT,AG,GT,CC,AA,AG,AA,AA,NN,TT,TT,GG,GG,GG,CC,AT,GG,AA,AA,CC,GT,CC,TT,CT,TT,TT,GG,CT,AC,TT,CC,CC,CG,AG,AA,TT,GT,CC,AG,AG,AA,CT,GG,TT,CC,TT,AC,AA,TT,CC,AG,CC,AG,CC,GG,CT,AG,CT,CC,CC,CC,AA,TT,CC,AA,CC,CC,AG,AT,AA,AA,GG,CC,CC,GG,AA,AG,AA,CC,GT,CC,CC,AA,AA,GG,GT,AG,AA,GT,TT,GG,CC,TT,GT,CT,CC,AA,TT,TT,AA,AT,CG,CC,AA,CT,CC,CC,GG,CC,AA,GG,AG,CC,TT,CC,TT,TT,CG,AT,AA,AA,TT,CC,CG,AC,AC,CC,GG,GG,AA,GG,TT,AA,AA,CC,GG,AT,AC,NN,TT,GG,TT,TT,AT,CG,GG,AA,GG,AA,TT,AT,GG,AA,CT,AA,TT,CC,CC,AC,CC,CT,GG,AG,CG,GG,CC,TT,TT,TT,NN,TT,AC,AC,AA,GG,CG,CC,GG,CC,GG,AT,AG,CG,GT,GG,CG,CC,AA,GG,CC,AA,CC,AA,AA,CC,CG,AA,TT,AA,GG,AA,AA,AA,AC,AG,AA,GG,AA,TT,GG,AA,AG,NN,AA,TT,AA,AA,GG,GG,CG,GT,AA,NN,GT,TT,TT,AG,TT,GG,GG,AA,7.75,Susceptible,Medium,Premium,Early
L0894,Davangere,Karnataka,Rabi,Black Cotton,Irrigated,430,25.5,58,AC,CT,GG,AG,CG,CC,GG,AT,CC,CC,AA,CC,CG,TT,GT,GG,GG,NN,TT,AG,CC,TT,TT,CC,TT,CC,TT,TT,GG,AA,TT,CT,NN,AC,GG,CG,GG,CG,GG,CC,TT,CT,AC,TT,AA,AG,TT,TT,CC,CC,GT,AT,AG,GG,CC,TT,AA,NN,GT,AC,AG,TT,TT,AA,CT,TT,CC,GG,TT,GT,AA,GG,CC,AA,GG,AC,AT,GG,TT,TT,GG,TT,GG,CC,AT,GG,AA,AT,CC,TT,AC,TT,CT,TT,TT,AG,TT,CC,GT,CC,CC,CC,GG,AA,TT,TT,CC,AA,AA,AA,CC,GG,TT,CC,TT,AA,AA,TT,CC,GG,CG,AG,CC,GG,CT,AA,CC,CC,CC,CC,AA,TT,CC,AA,CC,CC,AA,TT,AA,AA,CG,CT,CG,GG,AA,AA,AA,AC,GG,CC,CC,AG,AG,AG,TT,GG,AA,TT,TT,GG,CC,GT,TT,TT,NN,AT,TT,TT,AA,TT,GG,CC,GG,CC,CC,CC,GG,CC,AT,GG,AG,CC,TT,CC,GG,TT,CG,AA,AA,GG,TT,AC,CG,AA,CC,CC,GG,GG,AC,GG,TT,AA,AG,CC,GG,AA,AC,AA,AT,GT,TT,TT,AA,GG,GT,AA,GG,TT,TT,AA,GG,AA,TT,AC,TT,NN,TT,AA,CC,CT,GG,AG,CC,AG,AC,TT,TT,TT,NN,TT,AA,CC,AA,GG,CC,CG,GG,CC,GG,TT,AA,CC,TT,GG,CC,CC,NN,AG,CC,AA,CC,AA,AA,NN,CG,CC,TT,AA,CG,AA,AA,CC,AA,GG,AA,AG,AA,NN,GG,AC,AA,AC,AC,CT,AA,AA,GG,AG,GG,TT,AT,AA,GT,TT,TT,AG,AA,GG,GG,AC,8.39,Resistant,Low,Standard,Early
L0895,Davangere,Karnataka,Rabi,Black Cotton,Irrigated,430,25.5,58,AA,TT,AG,AG,GG,CC,GT,TT,CC,CC,AA,CC,CC,NN,TT,GG,GG,TT,TT,AA,CC,TT,TT,CC,AT,CC,GT,TT,GT,AA,TT,CC,AA,CC,GG,NN,GG,CG,GG,CC,TT,CC,AA,TT,AG,AG,TT,AT,CC,CC,GT,AA,AA,GG,CC,TT,AA,CC,GG,AC,AA,TT,TT,AG,CC,AT,CC,GG,TT,GG,AG,GG,CC,AG,GG,AA,AA,GG,TT,TT,GG,GT,GG,CC,AT,GG,AA,AA,CG,TT,CC,GT,CC,AT,GT,GG,TT,CC,GT,CC,CC,CC,GG,AA,TT,TT,CC,AA,AA,AA,TT,GG,TT,CG,TT,AA,AA,TT,CC,AG,CG,GG,NN,GT,CT,AA,CC,CC,CC,CG,AG,TT,AC,AA,CC,NN,AA,TT,AA,AA,GG,CC,CC,GG,AA,GG,AA,AC,GT,CC,CC,AA,NN,GG,TT,GG,AA,TT,TT,GG,CC,GT,TT,TT,CC,AA,GG,TT,AA,TT,CG,CC,AG,TT,CC,CC,GG,AC,AA,GG,AG,CC,TT,CC,TT,TT,CG,AT,AA,AG,TT,CC,NN,AA,CC,CC,GG,GG,AA,CG,TT,AC,AA,CC,GT,TT,CC,AA,TT,GG,TT,TT,AT,GG,GT,AA,CC,AA,GT,AA,GG,AA,TT,AA,TT,CC,TT,AA,CC,TT,GG,AA,CC,AG,CC,TT,TT,TT,GG,TT,AC,AC,GG,GG,CC,CC,GG,CC,GG,TT,AA,CG,TT,GG,CC,CC,AA,AG,CG,NN,CC,AA,AA,AC,CC,CC,TT,AG,GG,AA,AC,AC,AA,AA,AA,AA,AA,TT,GG,AA,AA,AA,AA,CT,AA,AA,GG,GG,GG,GT,AA,AA,GT,TT,TT,AG,TT,GG,GG,AA,5.4,Susceptible,Medium,Standard,Medium
L0896,Davangere,Karnataka,Rabi,Black Cotton,Irrigated,430,25.5,58,AC,CT,GG,AG,GG,CC,GG,AT,CC,CG,AA,CC,CG,TT,GT,GG,GG,TT,TT,AA,CC,GT,GT,CT,TT,CC,TT,TT,GT,AA,TT,CC,AA,CC,GG,GG,GG,CG,GG,AC,TT,CT,AA,TT,AA,AA,CT,AT,CC,AC,GG,AT,AA,GG,CC,TT,AA,CC,TT,AC,AG,TT,AT,AA,TT,TT,CC,GG,TT,TT,AA,GG,AC,AG,AG,AA,AT,AG,TT,TT,GG,GG,TT,CC,AA,GG,AA,AA,CC,TT,AC,TT,CT,TT,TT,GG,TT,CC,TT,CC,CC,CG,AA,AA,TT,TT,CC,AA,AA,AA,CT,GG,TT,CC,GT,AC,AA,TT,CC,GG,CC,GG,CC,GG,CT,AA,CC,CC,CC,CC,AA,NN,CC,AA,CC,CT,AA,TT,AA,AA,GG,CC,CC,GG,AA,AA,AT,CC,GT,CC,CC,AA,AG,GG,GT,GG,CC,TT,CT,AG,AC,TT,TT,TT,CG,AA,TT,CT,AA,TT,GG,CC,AG,CT,CC,CC,GG,AC,AA,GG,GG,CC,TT,CC,TT,TT,CG,AT,AA,AA,TT,AA,CC,AA,CC,CC,GG,GG,AA,GG,TT,AA,AA,CC,GG,AA,CC,AA,AA,GT,TT,AT,NN,CG,GT,AA,CC,AT,GT,AA,GG,AA,CT,AA,TT,CC,TT,AA,CC,CC,GG,AA,CG,GG,CC,AT,TT,GT,GG,TT,AA,AC,AA,GT,CC,CG,GG,CC,GG,AA,AA,CC,GT,GG,CC,CC,AA,GG,CC,AT,CC,AA,AA,AC,CG,CC,TT,AA,GG,AA,AA,AC,AA,GG,AG,AA,AA,AT,GG,AC,GG,AC,AA,CC,AA,AG,GG,GG,GG,TT,AA,AG,TT,TT,TT,GG,AT,GG,GG,AA,8.16,Susceptible,Medium,Poor,Early
L0897,Davangere,Karnataka,Rabi,Black Cotton,Irrigated,430,25.5,58,CC,TT,NN,AG,GG,CG,GG,TT,CC,CC,AT,CC,GG,TT,TT,GG,GG,NN,TT,AA,CC,GT,TT,CC,NN,CC,TT,TT,GG,AA,TT,CT,AA,CC,GG,GG,GG,CC,NN,CC,TT,CT,AA,TT,AA,AG,TT,TT,CC,AC,GG,AA,AG,GG,CT,TT,AA,AC,GT,AA,AA,TT,AT,AA,TT,TT,CC,GT,TT,GT,AA,GG,CC,AA,GG,AC,AT,GG,TT,TT,GG,GG,GT,AC,AA,GG,AA,AT,CC,TT,CC,TT,CT,TT,TT,GG,TT,AC,GG,CC,CT,CC,GG,AG,TT,TT,CC,AA,AG,AA,CC,GG,TT,CC,TT,AA,AA,AT,CC,GG,CC,GG,CC,GG,TT,AA,CC,CC,AC,NN,AA,GT,CC,AA,CC,TT,AA,TT,AA,AT,GG,CT,CC,GG,NN,GG,AA,CC,GG,CC,CC,AA,AG,AG,TT,GG,AA,GT,CT,GG,AC,TT,GT,TT,CC,AT,GT,TT,AA,AT,GG,CC,AA,CT,CC,CC,CC,CC,AA,GG,AG,CC,TT,CC,GG,GT,CG,TT,AA,AA,TT,CC,GG,NN,CC,CC,GG,GG,AA,GG,TT,AA,AA,CC,GT,AA,CC,AT,AT,GG,TT,TT,AA,GG,GT,AA,CG,TT,NN,AA,GG,AA,CT,AA,TT,CC,TT,AA,CC,TT,GG,AG,CC,AG,CC,TT,TT,GT,GG,TT,AA,CC,AA,GG,CC,CG,GG,CG,GG,AT,AA,CC,GT,GG,CC,CC,AT,GG,CC,AA,CC,AA,AA,CC,CC,CC,NN,AA,GG,AA,AC,AC,AA,GG,AA,AG,AA,TT,GG,AA,AA,CC,AC,TT,AA,AG,GG,GG,GG,GT,AA,AA,TT,TT,TT,AA,AA,GG,GG,NN,6.77,Resistant,Medium,Premium,Early
L0898,Davangere,Karnataka,Rabi,Black Cotton,Irrigated,430,25.5,58,AC,CT,AG,AG,GG,CC,GT,AT,CC,GG,AA,CC,CG,TT,TT,GG,GG,TT,TT,AA,CC,TT,GT,CC,AT,CC,TT,TT,GG,AA,TT,CC,AA,CC,GG,GG,GG,CC,GG,CC,TT,TT,AA,TT,AA,AA,TT,TT,CC,CC,GG,AA,AG,GG,CC,GT,AA,AA,TT,AA,AA,TT,AT,AA,TT,AT,CC,GG,TT,GG,AA,GG,CC,AA,GG,AA,AA,GG,GT,TT,NN,GG,GG,CC,AA,GG,AA,AA,CC,GG,CC,TT,CC,TT,GT,GG,TT,AC,TT,CC,TT,CG,AG,AA,TT,TT,GG,AA,AG,AC,CT,GG,GT,CG,GT,AA,AC,TT,CC,GG,CC,AG,CC,GG,CT,AG,CC,CC,CC,CC,AA,GT,CC,AA,AC,CT,AA,TT,AG,AA,NN,CT,CC,GG,AA,AG,AA,CC,GT,CC,CC,AA,AA,GG,TT,GG,AC,TT,TT,GG,CC,GT,TT,CC,CC,AA,TT,TT,AA,TT,GG,CC,AA,CT,CC,CC,CG,CC,AA,GG,AA,NN,TT,CG,GG,GT,GG,AT,AA,AA,TT,CC,GG,AA,NN,CC,GG,GG,AC,GG,TT,AA,AA,CC,GG,AA,AC,AA,AA,GG,TT,AT,AA,GG,GG,NN,CC,TT,GT,AA,GG,AA,CT,AC,TT,CG,TT,AA,CC,TT,GG,AG,CC,AG,AC,TT,TT,GG,GG,AT,AC,AC,AA,GT,CC,CG,GG,CC,GG,AT,AG,CC,TT,GG,CC,CC,AT,GG,CC,AA,CC,AA,AA,AC,CG,AC,AT,AA,GG,AA,AA,AC,AA,AG,AA,AA,AA,AA,GG,AC,AG,CC,NN,CT,AA,AG,GG,GG,GG,TT,AA,AA,TT,TT,TT,AG,AT,GG,GG,AA,7.13,Susceptible,Low,Poor,Early
L0899,Davangere,Karnataka,Rabi,Black Cotton,Irrigated,430,25.5,58,AA,TT,GG,AA,GG,CC,GG,TT,CC,CG,AA,CC,CG,TT,TT,GG,GG,TT,AT,AA,CC,TT,GG,CC,TT,CT,TT,AT,GG,AA,TT,CC,AA,CC,NN,CG,GG,CG,GG,CC,TT,CT,AA,TT,AA,AG,TT,TT,CC,CC,GG,AA,AA,CG,CT,GT,AA,AC,GT,AA,AA,TT,AT,AA,TT,TT,CC,GG,TT,GG,AG,GG,CC,AA,GG,AA,AT,AG,TT,TT,GG,GG,GG,CC,AT,GG,AA,AT,CC,TT,CC,TT,CT,TT,TT,GG,CT,CC,GT,CC,CT,CG,GG,AA,TT,TT,CC,AA,AA,AA,CC,GT,TT,CC,GT,AA,AA,TT,CC,GG,CC,GG,CC,GT,TT,AA,CC,CG,CC,CC,AA,TT,AC,AA,CC,CC,AA,TT,AA,AA,GG,CC,CC,GG,AA,AA,AA,CC,GG,CC,CC,AG,AA,GG,TT,GG,AC,TT,TT,GG,CC,TT,GT,TT,CC,AT,TT,TT,AA,TT,GG,CC,AG,CC,AC,AC,GG,CC,AA,GG,AA,CC,TT,CC,GG,GT,CG,AT,AA,AG,TT,CC,GG,AA,CC,CG,GG,GG,AA,GG,TT,AA,AA,CC,GT,AA,CC,NN,AT,GT,TT,TT,AA,CG,GT,AA,CC,AT,TT,AA,GG,AA,TT,AA,TT,CC,TT,AA,CC,CT,GG,GG,CC,AG,CC,TT,TT,GT,GG,TT,AA,AA,AG,GG,CC,CG,GG,CC,GG,AT,AA,CC,TT,GG,CC,CC,AT,AG,CC,AT,CC,AT,AA,CC,CG,AC,TT,AA,GG,AA,AA,CC,AA,GG,NN,AG,AA,TT,CG,AA,AA,AC,AA,CT,AA,AA,GG,GG,GG,TT,AA,AA,TT,AT,TT,GG,AT,GG,GG,AA,9.29,Susceptible,Low,Premium,Medium
L0900,Davangere,Karnataka,Rabi,Black Cotton,Irrigated,430,25.5,58,AA,TT,GG,NN,CC,CC,GG,TT,CC,CG,AA,CT,CC,AT,TT,GT,GG,TT,TT,AA,CC,GT,GT,CC,TT,CT,TT,TT,GG,AA,CT,CC,AA,CC,GG,GG,GG,NN,GG,CC,TT,NN,AA,TT,AG,AA,TT,TT,CC,AC,GG,AT,AA,GG,CC,TT,AT,CC,GT,AA,AA,TT,AA,AG,TT,AA,CC,GG,TT,GT,AG,GG,CC,AA,AG,AC,AA,AG,TT,TT,GG,GG,GG,CC,AA,GG,AA,AT,CC,TT,CC,TT,CC,TT,GT,AG,TT,CC,GT,CC,CT,CC,GG,AA,TT,TT,CC,AA,AG,NN,CT,GG,TT,CC,TT,AA,AC,TT,CC,GG,CC,AG,CC,TT,TT,AA,CT,CC,CC,CC,AA,TT,CC,AA,CC,CC,AA,TT,NN,AA,CG,CC,CC,GG,AA,AG,AA,CC,GG,CC,CC,AA,AA,AG,TT,GG,AA,TT,CC,GG,NN,TT,TT,TT,CG,AT,TT,TT,AA,TT,GG,CC,AG,TT,CC,AC,CG,CC,AA,GG,GG,CC,TT,CC,GG,TT,GG,TT,AA,AA,NN,CC,GG,AC,AA,CC,GG,GG,AA,GG,TT,AC,AA,CG,GG,AT,CC,AA,TT,GT,TT,TT,AA,CG,GT,AT,CC,AT,GT,AT,GG,AG,TT,AA,TT,CC,NN,AA,CC,TT,GG,AA,CC,AG,CC,TT,CT,TT,GG,TT,AA,AC,AG,GT,CC,CG,GG,CC,GG,AT,AA,CG,GT,GG,CG,CG,AA,GG,CC,NN,CC,NN,AA,CC,CG,AA,TT,AA,GG,AA,AA,CC,AA,AG,GG,AG,AA,AT,GG,AA,AA,CC,AA,TT,AA,AA,GG,GG,GG,NN,AA,AA,GT,TT,TT,AA,TT,GG,GG,AA,7.07,Susceptible,High,Standard,Late
L0901,Davangere,Karnataka,Rabi,Black Cotton,Irrigated,430,25.5,58,CC,CC,AA,AG,GG,CG,GT,TT,CC,CC,AA,CC,CG,TT,TT,GG,GG,TT,TT,AA,CC,TT,GT,CC,TT,CC,TT,TT,GG,AA,CT,CT,AA,CC,GG,CG,GG,CC,GG,CC,TT,CT,AA,GT,AA,AG,CT,TT,CC,AC,GG,AA,AG,GG,CT,TT,AA,AA,TT,AC,AA,GT,AT,AA,TT,AT,CC,GG,TT,GG,AA,GG,CC,AA,AG,AA,AT,AG,GT,TT,AG,GG,GG,CC,AA,GG,AA,AA,CC,TT,CC,GT,TT,TT,TT,AG,TT,CC,GT,TT,CC,CC,AG,AA,TT,TT,CC,AA,AG,AC,CC,GG,TT,CC,TT,AA,AA,AA,CC,AG,CC,GG,CC,GG,TT,AA,CC,CC,CC,CG,AA,TT,CC,AA,CC,CT,AA,AT,AA,AA,GG,CT,CC,GG,AA,AA,AA,CC,GG,CC,CC,AG,AA,GG,TT,GG,AC,GT,TT,GG,CC,GG,GT,TT,GG,AA,TT,TT,AA,TT,GG,CC,AA,CT,CC,AC,GG,CC,AA,GG,AA,CC,GT,CC,NN,TT,GG,AT,AA,AG,TT,CC,GG,AC,CC,CC,GG,GG,AC,GG,TT,AA,AA,CC,GG,AA,CC,AT,AT,GT,TT,AT,AA,GG,GG,AT,CC,TT,GT,AA,GG,AA,TT,AC,TT,CC,CT,AA,CC,CT,CG,AG,CC,GG,AA,TT,TT,GT,GG,TT,AC,CC,AA,GG,CC,CC,CG,CC,GG,AT,AA,CC,TT,GG,CC,CG,AA,GG,CG,AA,CC,AA,AA,CC,CG,AC,TT,AA,GG,AA,AC,AA,AA,AG,AA,AA,AA,TT,GG,AA,AA,AA,AC,CC,AA,AA,GG,GG,GG,TT,AA,AG,TT,TT,TT,AG,TT,GG,GG,AA,10.46,Moderate,Medium,Standard,Early
L0902,Davangere,Karnataka,Rabi,Black Cotton,Irrigated,430,25.5,58,AA,CT,GG,GG,GG,CC,GT,TT,CC,CC,AT,CC,CC,TT,TT,GG,GG,TT,TT,AA,CC,TT,GT,CC,TT,CC,TT,AT,GG,AA,TT,CT,AA,CC,GG,CC,GG,GG,GG,CC,TT,CC,AC,TT,AA,AG,NN,TT,CC,AC,GT,AA,AA,GG,TT,TT,AA,AA,GT,AA,AA,NN,TT,AA,TT,TT,CC,GG,TT,GT,GG,GG,CC,AA,AG,AA,AT,AG,GT,TT,GG,GG,GG,CC,AA,GG,AA,AT,CC,GT,CC,TT,CC,AT,TT,AG,CT,CC,TT,CC,CC,CC,GG,AA,AT,TT,CC,AA,AA,AA,CC,GG,GT,CC,GT,AA,AA,TT,CC,GG,CC,GG,CT,GT,CT,AA,CC,CC,CC,CC,AG,NN,CC,AA,CC,CC,AA,TT,AA,AA,GG,CC,CC,GG,GG,AG,AA,AC,GG,CC,CC,AA,AA,GG,TT,GG,AA,TT,CT,GG,AA,TT,GT,TT,CC,AA,GT,TT,AA,AT,GG,CC,AA,CT,CC,CC,GG,CC,AA,GG,AG,CC,TT,CG,GT,GT,GG,TT,AG,AA,TT,CC,GG,AA,NN,CG,GG,AG,AC,GG,TT,AC,AA,CC,GG,AT,CC,AA,AT,GG,TT,TT,AA,CG,GG,AT,CC,TT,TT,AA,GG,AA,TT,AA,TT,CC,TT,AA,CC,TT,CG,GG,CC,GG,CC,TT,TT,GT,GG,TT,AC,CC,AA,GG,CC,CG,GG,CC,GG,AT,AA,CC,TT,GG,CG,CC,AA,AG,CG,AT,CC,AA,AA,CC,CC,AC,TT,AA,GG,AA,AC,AC,AC,AG,AA,AA,AA,TT,GG,AC,AA,AC,AA,TT,AA,AG,GG,GG,GG,TT,AT,AA,GT,TT,TT,AG,AT,GG,GG,AA,6.96,Susceptible,Medium,Poor,Early
L0903,Davangere,Karnataka,Rabi,Black Cotton,Irrigated,430,25.5,58,AA,CT,GG,AG,GG,CC,GT,TT,CC,NN,AA,CT,CC,TT,TT,GT,GG,NN,TT,AA,CG,TT,GT,CT,TT,CC,TT,AT,GG,AA,TT,CC,AA,AC,AG,CG,GG,GG,GG,CC,NN,CT,AA,GT,AA,AG,TT,AT,CC,AC,GT,AA,AG,CG,CT,TT,AA,AA,GG,AA,AG,TT,TT,AG,CT,TT,CC,GG,TT,GT,AA,GG,AC,AA,GG,CC,AT,GG,TT,TT,GG,GG,GG,CC,AA,NN,AA,AT,CC,GG,AC,TT,CC,TT,TT,GG,NN,CC,TT,CC,CC,CG,AG,AA,AT,TT,CC,AA,AA,AA,CT,GG,TT,CG,GT,AA,AA,TT,CC,GG,CC,GG,CC,GG,TT,AA,CC,CC,CC,CC,AA,TT,CC,AA,CC,CT,AA,AT,AG,AA,GG,CT,CC,GG,AA,AG,AT,CC,GG,CC,CG,AA,AG,GG,TT,AA,AA,TT,CT,GG,CC,TT,TT,TT,CC,AA,TT,TT,AA,TT,CG,CC,AG,CC,AC,CC,CG,CC,AT,AG,GG,CC,TT,CC,GT,GT,GG,AT,AA,AG,TT,CC,CG,AA,CC,CC,GG,GG,AC,GG,TT,AC,AA,CC,GG,AA,AC,AA,AA,GG,TT,AT,TT,GG,GT,AT,CC,AT,TT,AA,GG,AA,TT,AA,TT,CC,TT,AA,CC,CT,CG,GG,CC,AA,CC,TT,TT,GG,GG,TT,AA,CC,AG,GG,CC,CC,GG,CC,GG,AT,AA,CG,GT,AG,CC,CG,AA,GG,CG,AT,CC,AT,AA,CC,CG,AC,TT,NN,GG,NN,AC,AC,AA,AG,GG,AA,AA,TT,GG,AC,AG,CC,AA,TT,AA,AA,GG,GG,GG,TT,AT,AA,GT,TT,TT,AG,TT,GG,GG,AA,8.32,Susceptible,Low,Standard,Early
L0904,Davangere,Karnataka,Rabi,Black Cotton,Irrigated,430,25.5,58,CC,CT,GG,AG,GG,CC,GG,AT,CC,CG,AA,CC,CC,AT,GT,GG,GG,TT,TT,AA,CC,GT,GT,CC,AA,CC,TT,TT,GG,AA,TT,CC,AA,CC,GG,GG,GG,CC,GG,CC,TT,TT,AA,GT,AA,AG,CT,AT,CC,CC,GT,AA,AA,GG,TT,TT,AA,AC,GT,AA,AA,TT,AT,AA,TT,TT,CC,GG,TT,GG,AA,GG,AC,AA,AG,AC,AA,GG,TT,TT,GG,GG,GG,CC,AA,GG,AA,AA,CC,GT,CC,TT,CT,TT,TT,GG,TT,AC,TT,CC,CC,CG,AA,AA,TT,TT,CC,AA,AG,AA,CT,GT,NN,CC,TT,AA,AA,TT,CC,GG,CC,GG,CC,GT,TT,AG,CC,CC,CC,CC,AA,TT,CC,AA,CC,CC,AA,AT,GG,AA,GG,CC,CC,GG,AA,AG,AA,CC,GG,CC,CC,AA,AA,GG,TT,GG,AC,TT,CT,AG,CC,GT,GT,TT,CC,AT,GG,CT,AA,TT,GG,CC,AG,CC,CC,CC,GG,CC,AA,GG,AA,CC,TT,CG,GT,GT,GG,TT,AA,AG,TT,CC,GG,AA,CC,CC,GG,GG,AA,CG,TT,AA,AA,CC,GG,AA,CC,AA,AA,GG,TT,TT,AT,GG,GG,AA,CC,AT,TT,AA,GG,AA,TT,AA,TT,CG,TT,AA,CC,TT,GG,AG,CC,GG,CC,TT,CT,TT,GG,TT,AA,AA,AA,GG,CC,CC,GG,CG,GG,AT,AA,CG,TT,GG,CG,CC,AA,GG,CC,AA,CC,NN,AA,AC,GG,AC,TT,AA,GG,AA,AA,AA,AA,AG,AA,AA,AA,AT,CG,AA,AA,AC,AA,CT,AA,AG,GG,GG,GG,GT,AA,AA,GT,TT,TT,GG,TT,GG,GG,AA,8.21,Susceptible,Low,Standard,Late
L0905,Davangere,Karnataka,Rabi,Black Cotton,Irrigated,430,25.5,58,CC,TT,GG,AG,GG,CC,GG,TT,CC,CC,AA,CC,CG,AT,TT,GG,GG,TT,TT,AG,CC,TT,TT,CT,NN,CT,TT,TT,GT,AC,CT,CC,AA,CC,AG,GG,GG,CC,GT,CC,TT,CT,AA,GT,AA,GG,TT,NN,CC,AC,GG,AA,GG,GG,CT,TT,AA,AA,GG,AA,AA,NN,AT,AA,TT,TT,CC,GG,CC,GT,AA,GG,CC,AA,AG,AC,AT,GG,TT,TT,GG,GG,GG,CC,AA,GG,AA,AT,CC,GT,CC,TT,CC,AT,TT,GG,TT,CC,TT,CC,CC,CC,AG,AA,TT,TT,CG,AA,AG,AA,CC,GG,GT,CC,GT,AC,AA,AT,CG,AG,CC,NN,CC,GT,TT,AA,CC,CC,CC,CC,AA,TT,CC,AA,CC,CC,AA,TT,AA,AA,CG,CC,CC,GG,AA,AG,AA,CC,GG,CC,CC,AA,AG,GG,GT,GG,AC,TT,CT,GG,CC,TT,TT,TT,CC,AA,TT,CT,AA,TT,CG,CC,AG,CT,CC,CC,GG,AC,AA,GG,AA,CC,TT,CC,GT,TT,CC,AT,AA,AA,TT,CC,GG,AC,CC,CC,CG,GG,AA,GG,TT,AA,AA,CC,GG,AA,AC,AA,AT,GG,TT,TT,AT,CG,GT,AT,CC,TT,TT,AA,GG,AA,TT,AA,TT,CC,CT,CC,CC,TT,GG,AA,CC,AA,CC,TT,TT,GG,GG,TT,AA,AC,AA,GG,CC,CC,GG,CC,GG,AT,AG,CC,GT,AG,CC,CC,AA,GG,CC,AA,CC,AA,AA,AC,CC,CC,AT,AG,NN,AA,AA,AA,AA,AG,AA,AA,AA,TT,CG,AA,AA,CC,AC,TT,AA,AA,CG,GG,CG,TT,AA,AA,TT,TT,TT,AA,TT,GG,CG,AA,5.6,Resistant,Medium,Standard,Medium
L0906,Davangere,Karnataka,Rabi,Black Cotton,Irrigated,430,25.5,58,AA,TT,GG,AG,GG,GG,GG,TT,CC,CG,AA,CC,CG,TT,TT,GG,CG,TT,TT,AA,CC,GT,TT,CT,TT,CC,TT,TT,GG,AA,TT,CT,AA,CC,GG,GG,GG,CC,GG,CC,TT,CT,AA,TT,AG,AG,TT,TT,CC,AC,GG,AA,AA,GG,CT,TT,AA,AA,TT,AA,AA,GT,AT,AG,TT,TT,CC,GG,TT,GT,AG,GG,CC,AA,AG,AA,AT,AG,TT,TT,GG,GG,GG,CC,AA,GG,AA,AA,CC,GT,CC,TT,CC,AA,TT,NN,TT,CC,GT,CC,CT,CG,GG,AA,TT,TT,CG,AA,AG,AA,CC,GG,TT,CC,GT,AC,AA,TT,CC,AG,CC,NN,CC,TT,TT,AA,CC,CC,CC,CC,AA,TT,CC,AA,CC,CC,AA,TT,AA,AT,CG,CC,CC,GG,AA,AA,AA,AC,GT,CC,CC,AA,AA,GG,GT,GG,AC,TT,TT,AG,AC,GT,GT,CT,CG,AT,GT,TT,AA,TT,CG,CC,AA,TT,CC,CC,GG,CC,AA,GG,AA,NN,TT,CC,GT,GT,CG,TT,AA,AA,TT,AC,GG,AA,CC,CC,GG,GG,AC,NN,TT,AC,AA,CC,GG,AA,CC,AA,AA,GG,GT,AT,AT,CG,GG,AA,CG,AA,TT,AA,GG,AA,TT,AA,TT,CC,CT,AC,CC,TT,GG,AA,CG,AA,CC,TT,TT,GT,GG,TT,AA,CC,AG,GG,NN,CC,GG,CC,GG,AT,AA,CC,GG,GG,CC,CC,AA,AG,CC,AT,CC,AA,AA,AC,CG,CC,AT,AA,GG,AA,AA,AC,AA,GG,GG,NN,AA,AT,GG,AA,AA,CC,AC,CT,AG,AA,GG,AA,GG,TT,AA,AA,TT,TT,TT,GG,TT,GG,GG,AA,6.62,Susceptible,High,Standard,Medium
L0907,Davangere,Karnataka,Rabi,Black Cotton,Irrigated,430,25.5,58,AC,TT,AG,AA,GG,CG,GG,TT,NN,CC,AT,CC,CG,TT,TT,GG,GG,AT,TT,AA,CC,GT,TT,CC,NN,CC,TT,TT,GT,AA,TT,CT,AG,CC,GG,GG,GG,CC,GG,CC,TT,TT,AC,GT,AG,GG,TT,TT,CC,AC,GG,AA,AG,GG,CC,GT,AA,AA,GT,AA,AA,TT,TT,AA,TT,TT,CC,GG,TT,GG,AG,GG,CC,AA,GG,AC,AT,AG,TT,TT,GG,GG,GG,CC,AA,GG,AA,AA,CC,TT,CC,GT,CT,TT,TT,GG,TT,CC,TT,CC,CT,CC,AA,AA,TT,TT,CG,AA,AG,AA,CT,GG,TT,CC,TT,AA,AA,TT,CC,GG,CC,GG,CC,GG,TT,AG,CC,CC,CC,CC,AA,TT,CC,AA,CC,CT,AA,TT,AA,AA,GG,CT,CC,GG,AA,AG,AA,AC,NN,CC,CC,AA,AA,GG,GT,GG,AA,GT,CT,GG,AC,GT,TT,TT,CC,AA,GT,TT,AA,TT,GG,CC,AA,CT,NN,CC,GG,CC,AA,GG,GG,CC,TT,CC,GG,TT,GG,TT,AA,AA,GG,CC,GG,AA,AC,CC,GG,GG,CC,CG,TT,AA,AA,CC,GG,AT,AC,AA,NN,GG,GT,AT,AT,GG,GT,AT,CC,AT,TT,AA,GG,AA,TT,AA,TT,CC,TT,AA,CC,TT,GG,AG,CC,AA,AC,TT,CC,GT,GG,TT,AA,AC,AA,GG,NN,CC,GG,CC,GG,AT,AA,CC,TT,GG,CC,CC,AA,GG,CC,TT,CG,AA,AA,AC,CG,AC,TT,AA,GG,AA,AA,AC,AA,GG,AG,AA,AA,TT,CG,AA,AG,CC,AA,CT,AA,AA,GG,GG,GG,TT,AA,AA,NN,TT,TT,AA,TT,GG,GG,AA,8.84,Susceptible,High,Premium,Early
L0908,Davangere,Karnataka,Rabi,Black Cotton,Irrigated,430,25.5,58,AC,TT,AA,GG,GG,CC,GG,AT,CC,CC,AT,CC,CG,AT,TT,GG,GG,AT,TT,AG,CC,TT,GT,CT,AA,CC,TT,TT,GT,AA,TT,CC,AA,CC,GG,GG,GG,GG,GG,CC,TT,TT,AA,TT,AG,AG,TT,AT,CC,CC,GG,AA,AG,GG,CC,GG,AA,AC,GG,AA,AA,TT,TT,AG,TT,AT,CC,GG,TT,GG,AG,GG,CC,AA,GG,AA,AT,GG,TT,TT,GG,GG,GG,CC,AA,GG,AA,AA,CC,GT,CC,TT,CC,TT,NN,GG,TT,CC,NN,CC,CC,CC,GG,AA,TT,TT,CC,AA,AG,AA,CC,GG,TT,CC,TT,AC,AA,TT,CC,GG,CC,GG,CC,GG,TT,AG,CC,CC,CC,CC,AA,TT,CC,AA,CC,CT,AA,AT,AA,AA,CG,CC,CC,GG,AG,AG,AA,CC,GG,CC,NN,AA,AG,GG,TT,AG,AC,TT,CT,GG,CC,TT,GT,TT,CC,AA,GG,TT,AT,TT,CG,CC,AA,CC,CC,CC,CG,CC,AA,GG,AA,CC,TT,CC,GG,TT,GG,AT,AA,AA,TT,CC,GG,AA,CC,CC,GG,GG,AC,CG,TT,AA,AA,CC,GG,AA,CC,AA,AA,GG,TT,AT,AA,GG,GT,AA,CC,AT,NN,NN,GG,AA,TT,AA,TT,CC,TT,AA,CC,CT,GG,AG,CG,AG,CC,TT,TT,TT,GG,AT,AA,CC,AA,GG,CC,CG,GG,CC,GG,TT,AA,CC,GT,GG,CC,CC,AA,AA,CC,AT,CG,AT,AA,CC,CG,AA,TT,AA,CG,AA,AA,AC,AC,GG,AA,AA,AA,TT,NN,AC,AG,AA,AA,TT,AA,AA,GG,GG,GG,TT,AA,AG,TT,TT,TT,AA,TT,GG,GG,AA,7.96,Moderate,Low,Premium,Late
L0909,Davangere,Karnataka,Rabi,Black Cotton,Irrigated,430,25.5,58,AC,TT,GG,GG,GG,CC,TT,TT,CC,GG,AA,CC,CG,TT,TT,GG,CG,TT,NN,AA,CC,TT,GT,CT,TT,CC,TT,TT,GG,AA,TT,CC,AA,CC,GG,GG,GG,CC,GG,CC,TT,CT,CC,TT,AA,NN,TT,NN,CC,AC,GG,AA,AG,GG,CT,GT,AA,AA,GG,AA,AA,TT,TT,AG,TT,AT,CC,GG,TT,NN,AG,GG,CC,AA,AG,CC,AT,GG,TT,TT,GG,GT,GT,CC,AT,GG,AA,AA,CC,TT,AC,TT,CT,TT,TT,GG,TT,CC,TT,CC,CC,CG,AG,AA,TT,TT,CC,AA,AG,AA,CT,GG,TT,CC,GT,AA,AC,TT,CC,GG,CC,AG,CC,GG,TT,AA,CT,CC,CC,CC,AA,GT,AC,AA,CC,NN,AA,TT,AA,AA,GG,CC,CC,AG,AG,AA,AA,AC,GG,CC,CG,AA,AA,GG,TT,GG,AA,TT,CT,GG,CC,TT,TT,TT,CG,AA,GT,TT,AA,TT,GG,CC,AA,CT,CC,CC,CC,CC,AA,GG,AA,CC,TT,CC,GG,TT,GG,TT,AA,AA,TT,AA,GG,AA,CC,CC,GG,GG,AC,GG,TT,AA,AA,CC,GG,AA,AC,AA,AT,GG,GT,TT,AA,CG,GG,AT,CC,TT,TT,AA,GG,AA,CT,AA,TT,CG,CT,AA,CC,CT,NN,AA,CG,GG,AA,TT,CT,TT,GG,TT,AC,CC,AG,GT,CC,CG,GG,CC,GG,AT,AA,CC,TT,GG,CC,CC,AA,GG,CC,AA,CC,AA,AA,CC,CG,AC,TT,AA,CG,AA,AC,AC,AA,AG,AA,AA,AA,AT,GG,AC,AA,AC,AC,TT,AA,AG,GG,AA,GG,TT,AA,AA,GT,TT,TT,GG,TT,GG,CG,AA,5.96,Moderate,Medium,Poor,Medium
L0910,Davangere,Karnataka,Rabi,Black Cotton,Irrigated,430,25.5,58,AA,CT,GG,AG,GG,CG,GT,TT,CC,CC,AA,CC,CG,TT,TT,GG,GG,TT,TT,AA,NN,TT,TT,CC,TT,CC,TT,TT,GT,AA,CC,CT,AA,CC,GG,CG,GG,CC,GG,AC,TT,TT,AA,TT,AA,GG,TT,TT,CC,CC,GG,AT,AA,GG,CC,TT,AA,AC,GG,AC,AA,TT,AA,AG,CT,TT,CC,GG,TT,TT,AG,GT,CC,AA,GG,AC,AA,AG,TT,TT,GG,GG,GG,CC,AA,GG,AA,AT,CC,TT,AC,TT,CC,TT,TT,GG,CT,AC,TT,CC,CT,CC,AG,AA,AT,TT,CC,AG,AG,AA,CC,GG,GT,CC,TT,AA,AA,TT,CG,GG,CG,GG,CT,GT,TT,AG,CT,CC,CC,CC,AA,TT,CC,AA,CC,CC,AG,AT,AA,AA,GG,CC,CC,GG,AA,AG,AA,CC,GG,CC,CC,AG,AG,GG,TT,GG,AC,TT,CT,AG,AC,GT,TT,TT,CG,AA,GT,TT,AA,AT,GG,CC,AG,CT,CC,CC,CG,AC,AA,GG,AA,CC,TT,CC,GG,GT,GG,TT,AA,AG,TT,CC,GG,AA,CC,CC,GG,GG,AA,GG,TT,AA,AG,CC,GT,AA,AC,AA,AA,GG,TT,TT,AA,GG,GT,AT,CC,AT,NN,AA,GG,AA,TT,AA,TT,CC,CT,AC,CC,NN,GG,AG,CC,AA,CC,TT,TT,GT,GG,TT,AA,AA,GG,GG,CC,CC,GG,CC,GG,TT,AG,CC,TT,GG,CC,CG,AA,GG,CG,AA,CG,AA,AA,AC,CC,CC,TT,AA,GG,AA,NN,CC,AA,GG,AA,AA,AA,TT,GG,AA,AA,CC,AA,CT,AA,AA,GG,GG,GG,TT,AA,AA,GT,TT,TT,GG,AT,GG,GG,AA,6.23,Moderate,High,Poor,Medium
L0911,Davangere,Karnataka,Rabi,Black Cotton,Irrigated,430,25.5,58,AA,TT,GG,AG,GG,CG,GG,AT,CC,CC,AA,CC,CG,TT,TT,GG,GG,TT,NN,AG,CC,TT,TT,CC,TT,CC,TT,TT,GG,AA,TT,CC,AA,CC,GG,GG,GG,CG,GG,CC,TT,TT,AA,TT,GG,AG,TT,TT,CC,AA,GG,NN,AA,GG,CC,GT,AT,AA,GT,AC,AG,TT,TT,AA,TT,TT,CC,GG,TT,GG,AA,GG,CC,AA,GG,AC,AA,GG,TT,TT,GG,GT,GG,CC,AA,GG,AA,AA,CC,GT,AC,TT,CC,TT,TT,GG,CC,CC,GT,CC,CT,CC,AA,AA,TT,TT,CC,AA,AA,AC,CC,GG,TT,CC,TT,AC,AA,TT,CC,GG,CC,GG,CT,TT,CT,AA,CC,CC,CC,NN,AA,TT,CC,AA,CC,CC,AA,AT,AA,AA,GG,CC,CC,GG,AA,GG,AA,CC,GG,NN,CC,AA,AA,GG,TT,GG,AC,GT,TT,GG,AC,GT,GT,CT,CC,AT,GT,TT,AA,NN,GG,CC,AA,CT,AC,AC,CG,CC,AA,GG,AG,CC,TT,CC,GT,NN,GG,AT,AA,AG,TT,CC,GG,AA,AA,CC,GG,GG,AC,GG,TT,AC,AA,CC,GG,AT,CC,AA,AT,GG,TT,TT,AA,GG,GT,AT,CG,AT,TT,AA,GG,AA,TT,AA,TT,CG,TT,AA,CC,TT,GG,AA,CG,AG,AC,TT,CT,GT,GG,AT,AA,AC,AA,GG,CC,CG,GG,CC,GG,TT,AA,CG,NN,GG,CC,CC,AA,AG,CC,AA,CC,AA,AA,AC,CG,AC,TT,AA,CG,AA,AC,AA,AA,AA,AG,AG,AA,TT,GG,AA,GG,AA,AA,TT,AA,AA,NN,GG,GG,NN,AA,NN,TT,TT,TT,AA,TT,CC,GG,AA,11.62,Moderate,Low,Poor,Medium
L0912,Davangere,Karnataka,Rabi,Black Cotton,Irrigated,430,25.5,58,NN,TT,NN,NN,CG,CC,GG,TT,CC,CG,AA,CC,CC,TT,GT,GT,NN,TT,TT,AA,CC,TT,GT,CT,TT,CC,TT,TT,GG,AA,TT,CT,AA,CC,GG,GG,GG,CC,GG,CC,TT,CC,AA,TT,AG,AG,TT,NN,CC,AC,GG,AA,AA,GG,CC,TT,AT,AA,TT,AC,AA,TT,AT,AG,TT,TT,CC,NN,NN,GG,AA,GG,CC,AA,GG,AA,AT,AG,TT,TT,GG,TT,GG,CC,AA,GG,AA,AT,CC,TT,AC,TT,CC,AT,GT,AG,TT,CC,GT,CT,CT,CG,GG,AA,TT,TT,CC,AA,AA,AA,CC,GG,GT,CC,TT,AC,AA,TT,CC,GG,CC,GG,CC,GG,NN,AA,CT,CC,CC,CC,AA,GT,CC,AA,CC,CC,AA,TT,AA,AA,GG,CC,CC,GG,AA,AG,AA,CC,GG,CC,CG,AG,NN,GG,TT,NN,AA,TT,CT,GG,CC,TT,TT,TT,CC,AA,GT,TT,AT,TT,GG,CC,AA,CC,CC,AC,GG,CC,AA,GG,AA,CC,TT,CC,GG,GT,GG,TT,AA,AA,TT,CC,GG,CC,CC,CC,GG,GG,AA,GG,TT,AC,AA,CC,GG,AA,CC,AA,AA,GG,TT,TT,AA,GG,TT,AA,CC,AT,GT,AA,GG,AA,TT,AA,TT,CG,TT,AA,CC,TT,GG,GG,CC,AG,CC,TT,CC,GT,GG,TT,AA,CC,AG,GG,CC,CC,GG,CC,GG,TT,AA,CC,TT,GG,CC,CC,AA,AG,CC,AT,CG,AA,AA,AC,CG,AC,TT,AA,GG,NN,AA,AC,AA,GG,AA,AA,AA,AT,GG,AA,AG,AC,AC,TT,AA,AA,GG,GG,GG,GT,AA,AA,TT,TT,TT,AG,TT,GG,GG,AA,8.89,Moderate,Low,Standard,Early
L0913,Davangere,Karnataka,Rabi,Black Cotton,Irrigated,430,25.5,58,AA,TT,GG,AG,GG,CC,GT,TT,CC,CG,AT,TT,CC,TT,TT,NN,CG,NN,TT,AG,CG,TT,TT,TT,TT,CC,TT,TT,GG,AA,CT,NN,AA,CC,GG,NN,GG,GG,GG,CC,TT,CC,AC,TT,AA,GG,TT,TT,CC,AA,GG,AA,AG,GG,CC,TT,AA,AC,TT,AA,AA,TT,TT,AA,TT,AA,CC,GG,TT,GT,AA,GT,AC,AA,AG,AC,AA,GG,TT,CT,GG,GT,GT,NN,AA,GG,AA,AA,CC,TT,AC,GT,NN,AT,TT,GG,TT,AC,GT,CC,CC,GG,GG,AA,TT,GT,CC,AA,AA,AA,CT,GG,GT,CC,TT,AA,AA,AT,CG,GG,CG,AG,CC,TT,TT,AA,CC,CC,CC,CC,AA,TT,AC,AA,CC,CC,AA,TT,AA,AA,CG,CC,CC,GG,AA,AG,AA,CC,GG,CC,CC,AA,AG,GG,TT,AG,AA,GT,TT,GG,CC,TT,GT,TT,CC,AA,GT,TT,AA,AT,CG,CC,AA,CT,CC,CC,CG,CC,AA,GG,AA,CC,TT,CC,GG,GT,GG,AT,AA,AA,TT,NN,GG,AA,CC,CC,GG,GG,AC,GG,TT,AA,AA,CC,GG,AA,CC,AT,AA,GG,TT,AA,AT,NN,GT,AT,CG,TT,TT,AA,GG,AA,TT,AA,TT,CC,CT,AC,CC,TT,GG,AG,CC,AA,CC,TT,CT,TT,GG,TT,AA,AC,AA,GT,CC,CC,GG,CC,GG,TT,AA,CC,TT,GG,CC,CC,AT,AG,CC,AA,CC,AA,AA,AC,CG,AC,TT,AA,GG,AA,AC,CC,AA,AA,AG,AG,AA,TT,GG,AA,AA,CC,AC,TT,AA,AA,GG,GG,GG,TT,AT,AA,TT,TT,TT,GG,TT,CG,CG,AA,5.89,Resistant,High,Premium,Late
L0914,Davangere,Karnataka,Rabi,Black Cotton,Irrigated,430,25.5,58,AC,TT,GG,AG,GG,CC,GG,AA,CC,CC,AA,CC,CG,NN,TT,GG,CC,TT,TT,AA,CC,GT,GT,TT,TT,CC,TT,TT,GG,AA,TT,CT,AA,CC,AG,GG,GG,CC,GG,CC,TT,TT,AA,NN,AG,AG,TT,TT,CC,AA,GG,AT,AA,GG,CC,TT,AA,AA,GT,AA,AA,TT,AT,AA,CC,TT,CC,GG,TT,TT,AA,GG,CC,AA,GG,AA,TT,GG,TT,TT,GG,GG,GG,CC,AA,GG,AA,AA,CG,TT,CC,TT,CC,AT,GT,GG,CT,CC,TT,CC,CC,CC,GG,AA,TT,TT,CC,AA,AG,AA,CT,GG,TT,CC,TT,AC,AA,TT,CG,GG,CG,AG,CC,GG,CT,AA,CC,CC,CC,CC,AG,GT,CC,AA,CC,CC,AA,TT,AA,AA,GG,TT,CC,GG,AA,AA,AT,AC,GG,CC,CC,AA,AA,AG,GT,GG,AA,TT,CT,GG,AA,TT,GG,CT,CG,AT,TT,TT,AA,TT,CG,CC,NN,CT,AC,CC,CG,CC,AA,GG,AG,CC,TT,CC,GT,TT,GG,AA,AA,AG,TT,CC,GG,AA,AA,CC,GG,NN,AA,GG,TT,AA,AG,CC,GT,AA,CC,AA,AA,GG,TT,AT,AT,GG,GG,AA,CC,TT,TT,AA,GG,AA,TT,AA,TT,CC,TT,AA,CC,TT,GG,AG,CC,AA,AC,AT,TT,GT,GG,TT,AA,CC,AA,GG,CC,CC,GG,NN,GG,AT,AA,CC,TT,GG,CG,CC,AA,GG,CC,AT,CC,AA,AG,CC,CC,CC,TT,AA,GG,AA,AA,AC,AA,GG,AA,AG,AA,TT,GG,AC,AG,AC,AC,CT,AA,AG,CC,GG,GG,TT,AA,AG,TT,TT,TT,AA,AT,GG,GG,AA,8.09,Susceptible,Low,Poor,Late
L0915,Davangere,Karnataka,Rabi,Black Cotton,Irrigated,430,25.5,58,AA,TT,AG,AG,GG,CG,GG,TT,CC,CC,AT,CC,GG,TT,GT,GG,CC,TT,AT,AA,CC,GT,TT,CC,TT,CC,GT,TT,NN,AA,TT,CC,AA,CC,AG,GG,GG,CC,GG,CC,TT,CC,AA,TT,AA,GG,TT,TT,CC,AC,GG,AT,AA,GG,CT,TT,AA,AC,TT,CC,AA,TT,AT,AG,TT,AT,CC,GG,TT,GG,AG,GT,CC,AA,GG,AA,AT,AG,TT,TT,GG,GT,GG,CC,AA,GG,AA,AA,CC,GT,CC,TT,CT,AT,TT,GG,TT,AC,GT,CC,CT,CG,AG,AA,TT,TT,CG,AA,GG,AA,TT,GG,TT,CC,TT,AC,AA,TT,CC,AG,CC,AG,CC,GT,TT,AG,CT,CC,CC,CC,AA,TT,CC,AA,CC,CC,AA,TT,AA,AA,GG,CC,CC,GG,AA,AA,AA,CC,GG,CC,CC,AG,AG,GG,TT,AG,AA,TT,TT,GG,AC,TT,TT,TT,CC,AA,GT,TT,AA,AT,GG,CC,AG,CT,CC,CC,GG,NN,AA,GG,AA,CC,TT,CC,GG,GT,CG,AT,AA,AA,TT,CC,GG,AA,NN,CC,GG,GG,AA,GG,TT,AC,AG,CC,GT,AA,AC,AA,AT,GG,TT,TT,AA,CG,TT,TT,CC,TT,NN,AA,GG,AA,TT,AA,TT,CC,CT,AC,CC,CT,GG,AA,CG,GG,CC,TT,TT,GG,GG,TT,AA,AC,AA,GG,CC,CG,GG,CC,GG,AT,AA,CC,TT,GG,CC,CC,AA,GG,CC,AA,CC,AA,AA,AA,GG,CC,TT,AA,GG,AA,AA,AC,AC,GG,AA,AA,AA,AT,GG,AA,GG,CC,AA,TT,AG,AA,GG,AG,GG,TT,AA,AA,GT,TT,TT,AA,AT,GG,GG,AA,6.16,Susceptible,High,Standard,Late
L0916,Davangere,Karnataka,Rabi,Black Cotton,Irrigated,430,25.5,58,CC,TT,AG,AA,GG,CC,GG,AT,CC,CC,AA,CT,CC,TT,TT,GG,CG,TT,TT,AA,CC,GT,TT,CT,TT,CC,TT,TT,GG,AA,TT,CT,AA,CC,GG,GG,GG,GG,GG,CC,TT,CT,AA,TT,AA,AG,TT,TT,CC,AA,GT,AT,AA,GG,CC,GT,AA,AC,GT,AA,AA,TT,AT,AG,CT,TT,CC,GG,TT,GG,AA,GG,CC,AA,AG,AA,AA,GG,TT,TT,GG,GT,GG,CC,AA,GG,AA,AA,CC,GT,CC,TT,NN,TT,TT,GG,CT,CC,GT,CC,CT,CG,GG,AA,AT,TT,CG,AA,AA,AC,CC,GG,TT,NN,TT,AA,AA,TT,CC,AG,CC,GG,CC,GG,TT,AG,CT,CC,CC,CC,AA,TT,AC,AA,CC,CC,AA,TT,AA,TT,GG,CT,CG,GG,AA,GG,AA,AC,GT,CC,CC,AA,AA,GG,TT,AG,AC,TT,CT,GG,CC,GT,TT,CT,CG,AA,TT,CT,AA,TT,GG,CC,AG,CC,CC,CC,GG,CC,AA,GG,AA,CC,TT,CC,GT,GT,CG,AT,AA,AG,GT,CC,CG,AA,CC,CC,GG,GG,AC,GG,TT,AC,AA,CC,GG,AA,CC,AT,AA,GG,TT,AT,TT,GG,GG,AA,CC,TT,GT,AA,GG,AA,TT,AC,TT,CC,TT,AA,CC,TT,GG,GG,CG,AA,AC,TT,TT,GT,NN,AT,CC,AC,AA,GT,CC,CG,GG,CC,GG,AT,AA,CG,GT,GG,CC,CC,AT,AA,CG,AA,CC,AA,AA,AC,CC,AC,TT,AA,GG,AA,AA,AC,AC,AG,AA,AG,AA,TT,GG,AA,AA,AA,AC,CT,AA,AA,GG,GG,GG,TT,AA,AG,GT,TT,TT,AA,AT,GG,GG,AC,9.89,Moderate,Medium,Premium,Early
L0917,Davangere,Karnataka,Rabi,Black Cotton,Irrigated,430,25.5,58,AC,TT,GG,AG,GG,CC,GT,AT,CC,CG,AA,CC,CC,TT,TT,GG,CG,TT,TT,AA,CC,TT,GT,CC,TT,CC,TT,TT,GG,AA,TT,CC,AA,CC,GG,GG,GG,CC,GG,CC,GT,CT,AC,TT,AG,AG,TT,AT,CC,CC,GG,AT,AG,GG,CT,GT,AT,AA,GT,NN,AG,GT,AT,AG,TT,AT,CC,GG,TT,TT,AA,GT,CC,AA,GG,AA,AT,GG,TT,TT,NN,GG,GG,AC,AT,GG,AA,AT,CC,GT,AC,TT,NN,TT,GG,GG,TT,AC,NN,CC,CT,CC,AG,AA,TT,TT,CC,AA,AG,AC,CT,GG,TT,CC,TT,AA,AA,TT,NN,GG,CC,GG,CC,GG,CT,AA,CC,CC,CC,CC,AA,TT,CC,AA,CC,CC,AA,NN,AA,AT,GG,CC,CC,GG,AA,AG,AA,CC,GG,CC,CC,AA,AG,GG,TT,GG,AC,GT,TT,GG,AC,GT,GT,TT,CC,AA,TT,TT,AA,TT,CG,CC,AA,CT,AC,CC,CG,CC,AA,NN,AA,CC,TT,CC,GT,TT,GG,AT,AA,AG,TT,CC,CG,AA,AC,CC,GG,NN,AA,GG,TT,AA,AG,CC,GG,AT,CC,AA,AT,GG,GT,AT,NN,GG,TT,AA,CC,TT,TT,AA,NN,AA,TT,AA,TT,CC,TT,AA,CC,TT,CG,AA,CC,GG,CC,TT,TT,GT,CG,TT,AC,AC,NN,GG,CC,CG,GG,CC,GG,TT,AA,CC,GT,GG,CG,CC,AA,GG,CC,AT,CC,AA,AA,CC,CC,CC,TT,AA,GG,AA,AA,CC,AA,AA,AG,AG,AA,TT,GG,AA,AA,AC,AA,CT,AG,AA,GG,GG,GG,GT,AA,AA,TT,TT,TT,AG,TT,GG,GG,AC,7.23,Resistant,Low,Standard,Medium
L0918,Davangere,Karnataka,Rabi,Black Cotton,Irrigated,430,25.5,58,AC,TT,GG,AA,GG,CC,GT,TT,CC,CC,AA,CC,CC,TT,TT,GG,GG,TT,TT,AA,NN,GT,TT,CT,TT,CC,TT,TT,GT,AA,TT,CC,AA,CC,GG,GG,GG,CG,GG,AC,TT,CT,AA,TT,AG,GG,TT,TT,CC,CC,GG,AA,AG,GG,CC,TT,AT,AA,GG,AA,AA,TT,AT,AG,TT,TT,CC,GG,TT,GG,AA,GT,CC,AA,GG,AA,AT,AG,TT,TT,NN,TT,GG,CC,AA,GG,AA,AA,CC,GT,CC,TT,CC,TT,TT,GG,TT,AC,TT,CC,CT,CG,AA,AA,TT,TT,NN,AA,AG,AA,CC,GG,TT,GG,GT,AA,AA,TT,CG,AG,CC,GG,CC,GT,CT,NN,CC,CC,CC,CC,AA,NN,CC,AA,CC,CC,AA,TT,AA,AA,GG,TT,CC,GG,AA,AA,AA,CC,GG,CC,CC,AA,AG,GG,TT,AG,AA,TT,CT,GG,AA,NN,TT,TT,CC,AA,TT,CT,AT,AT,GG,CC,AG,CT,CC,CC,CG,CC,AA,GG,AA,CC,TT,CG,GG,TT,CC,AA,AA,AA,TT,CC,GG,AA,CC,CG,GG,AG,AA,GG,TT,AC,AA,CC,GG,AA,AC,AA,AA,GG,TT,AT,AA,GG,GT,AA,CC,NN,TT,AA,GG,AA,TT,AA,TT,CC,CT,AA,CC,CT,GG,AA,CG,AG,CC,TT,CT,GT,GG,TT,AA,AC,AG,GG,CG,CG,GG,CC,GG,TT,AA,CG,GT,GG,CC,CC,AA,AA,CG,AT,CC,AA,AA,CC,CC,CC,TT,AA,GG,AA,AA,AC,AA,GG,AA,AA,AA,TT,GG,AA,AG,CC,AC,TT,AA,AA,GG,GG,GG,TT,AA,AA,TT,TT,TT,AA,TT,GG,GG,AA,6.04,Moderate,Low,Poor,Medium
L0919,Davangere,Karnataka,Rabi,Black Cotton,Irrigated,430,25.5,58,AC,CT,GG,AG,GG,CC,GG,TT,CC,CG,AA,CT,CC,TT,TT,GG,CG,TT,TT,AA,CG,GT,TT,CC,TT,CC,TT,TT,GG,AA,TT,CT,AA,CC,GG,GG,GG,CC,GG,CC,TT,CC,AA,TT,AG,GG,TT,AT,CC,AC,GT,AA,AA,GG,CT,TT,AA,AA,GT,AC,AA,TT,TT,GG,CT,TT,CC,GG,TT,GG,AG,GG,CC,AA,AG,AC,AA,GG,TT,TT,GG,GT,GT,CC,AA,GG,AA,AA,CC,TT,CC,TT,CC,TT,GT,GG,CT,CC,TT,CC,TT,CG,AG,AG,AT,TT,CC,AA,GG,AA,CC,GG,TT,CC,TT,AA,AC,TT,CC,GG,CC,GG,CC,GT,TT,AA,CC,CC,CC,CC,NN,TT,CC,AA,CC,CC,AA,TT,AA,AA,GG,CC,CC,GG,AA,AG,AA,AC,GG,CC,CG,AA,AA,GG,TT,GG,AC,TT,TT,GG,CC,GT,TT,TT,CC,AA,GT,TT,AA,TT,GG,CG,AA,TT,CC,CC,CG,AC,AA,GG,AG,CC,TT,CG,GT,GT,GG,AT,AA,AG,TT,CC,GG,AA,CC,CC,GG,GG,AA,CG,TT,AA,AA,CC,GG,AT,AC,AA,AA,GG,TT,AT,AT,GG,GT,AT,CC,AT,GT,AA,GG,AA,CC,AA,TT,CC,CT,AA,CC,TT,NN,AA,CC,AA,CC,TT,TT,NN,CG,TT,AA,CC,AA,GG,CC,CG,GG,CC,GG,AT,AA,CC,TT,GG,CC,CC,AA,GG,CG,AA,CG,AA,AA,AC,CG,CC,TT,AA,GG,AT,AA,AA,AA,AG,AG,AG,AA,TT,GG,AA,AA,AC,AC,CT,AA,AG,GG,GG,GG,TT,AT,AA,TT,TT,TT,AA,AT,GG,GG,CC,7.73,Resistant,High,Premium,Medium
L0920,Davangere,Karnataka,Rabi,Black Cotton,Irrigated,430,25.5,58,AA,TT,NN,AG,CG,CC,GG,TT,CC,GG,AA,CT,CG,TT,TT,GG,GG,TT,TT,AA,CC,GT,GG,CT,TT,CC,GT,AT,GG,AA,TT,CC,AA,NN,AG,GG,GG,CG,GT,CC,TT,CT,AA,TT,AG,GG,TT,AT,CC,AC,GT,AT,AA,GG,CT,TT,AA,AA,TT,AC,AA,GT,TT,AA,TT,TT,CC,GG,TT,GG,AG,GG,CC,AA,GG,AA,NN,GG,TT,TT,GG,GT,NN,CC,AA,GG,AA,AA,CC,GT,CC,TT,CT,TT,TT,GG,TT,AC,GT,CC,CC,CG,AG,AG,TT,TT,CC,AA,AA,AA,CC,GG,TT,CC,TT,AC,AA,TT,CG,AG,CC,GG,CC,GG,TT,AA,CC,CC,CC,CC,AA,TT,CC,AA,CC,CC,AA,AA,AA,AT,GG,CC,CC,GG,AA,AG,AA,CC,GT,CC,CC,AA,AA,GG,TT,AG,AA,GT,NN,GG,AA,GT,GT,TT,CC,AA,GG,TT,AA,TT,GG,NN,AG,CC,CC,CC,GG,CC,AA,GG,AG,CC,TT,CG,GG,GT,CG,AT,AA,AA,TT,CC,CG,AA,CC,CC,GG,GG,AA,CG,TT,AC,AA,CC,GG,AA,AA,AA,AA,GT,TT,TT,AA,NN,GT,AA,CG,AT,TT,AA,GG,AA,TT,AC,TT,CC,TT,AC,NN,CT,CG,AA,CC,AG,CC,TT,TT,GT,NN,TT,AA,AC,AG,GG,CC,CC,GG,CC,GG,TT,AA,CC,GT,GG,CC,CC,AA,GG,CG,AA,CC,AT,AA,CC,GG,AC,TT,AA,GG,AA,AA,AC,AA,AG,AG,AA,AA,TT,CG,AC,AA,AC,AA,TT,AA,AA,GG,GG,GG,TT,AA,AG,GT,TT,TT,AA,AT,GG,GG,AA,5.37,Susceptible,Medium,Poor,Early
L0921,Davangere,Karnataka,Rabi,Black Cotton,Irrigated,430,25.5,58,AC,TT,GG,AA,GG,CC,GT,TT,CC,CC,AA,CC,CC,AT,GT,GG,GG,TT,TT,AA,CC,GT,GT,TT,TT,CC,GT,TT,GG,AA,TT,CT,AG,CC,GG,GG,GG,CC,GG,CC,TT,TT,AA,TT,AA,AG,TT,TT,CC,AA,GG,AA,AA,GG,TT,GT,AA,AA,TT,AA,AA,TT,AT,AA,TT,AA,CC,GG,TT,GG,AA,GT,AC,AA,GG,CC,AT,GG,TT,TT,GG,GG,GG,CC,AA,GG,AG,AA,CC,GT,CC,TT,TT,TT,TT,GG,TT,AC,GT,CC,CT,CG,AG,AA,TT,TT,CC,AA,AG,AA,CC,GG,NN,CC,TT,AA,AA,TT,CG,AG,CC,AG,CT,GG,TT,AA,CC,CC,NN,CC,AG,TT,CC,AA,CC,CC,AA,TT,AA,AA,GG,CC,CC,GG,AA,AA,AA,CC,TT,CC,CG,AA,AG,AG,TT,AG,AA,TT,TT,GG,AC,TT,TT,TT,CC,AA,TT,TT,AA,AT,CG,CC,AG,TT,CC,CC,CG,CC,AA,GG,NN,CC,TT,CG,GG,TT,GG,AA,AA,AA,TT,CC,CG,AC,AC,CC,GG,GG,AC,NN,TT,AA,AA,CC,NN,AA,CC,AA,AA,GG,TT,TT,AA,GG,TT,TT,CC,TT,GT,AA,GG,AA,TT,AA,TT,CC,TT,AC,AC,TT,GG,AA,CG,AG,AC,TT,TT,TT,GG,TT,AA,CC,AG,GG,CC,CG,GG,CC,GG,AA,AG,CG,GG,AG,CC,CC,AT,GG,CC,AA,CC,AA,AA,AC,CC,AC,TT,AA,CG,AA,AA,AA,AC,AG,AA,AA,AA,TT,GG,AA,AA,CC,AA,CC,AA,AA,GG,AG,GG,TT,AA,AA,TT,TT,TT,AA,AT,GG,CG,AA,5.55,Susceptible,High,Poor,Medium
L0922,Davangere,Karnataka,Rabi,Black Cotton,Irrigated,430,25.5,58,AA,TT,GG,AG,GG,CC,GG,TT,CC,CC,AA,CC,CC,AT,TT,GT,GG,TT,TT,AA,CC,TT,GT,CC,TT,CC,TT,TT,GT,AA,TT,CC,AA,CC,GG,GG,GG,CG,GG,CC,TT,TT,AA,GG,AA,GG,TT,TT,CC,AC,GT,AA,AG,GG,CC,TT,AA,AC,GT,AA,AA,TT,TT,AG,TT,TT,CC,GG,CT,GG,AA,GG,CC,AA,GG,AC,AA,GG,TT,TT,GG,TT,GG,CC,AA,NN,AA,AT,CC,TT,AA,TT,CC,TT,GT,GG,CT,AC,TT,CC,CC,CC,AG,AA,TT,TT,CC,AA,AG,AC,CC,GG,TT,CC,TT,AA,AA,AT,CC,GG,CC,AG,CT,GG,TT,AA,TT,CC,CC,CC,AA,TT,CC,AA,CC,CC,AA,AT,AA,AA,GG,CC,CC,AG,AG,AG,AA,AC,GG,CC,CC,AA,AA,GG,TT,AA,AA,TT,TT,AG,CC,GT,TT,TT,CG,AA,TT,CT,AA,AT,GG,CC,GG,CT,CC,CC,CG,CC,AA,GG,AG,CC,GT,CC,GG,TT,GG,TT,AA,AG,TT,CC,CC,AA,CC,CC,GG,GG,AC,CG,TT,AA,AA,CC,GT,AA,CC,AA,AA,GT,TT,TT,AT,CG,GG,AT,CC,AT,TT,AA,GG,AG,TT,AC,TT,NN,TT,AC,CC,TT,GG,AG,CC,GG,CC,TT,TT,TT,GG,TT,AC,CC,AA,GG,CG,CC,GG,CC,GG,AT,AA,CG,TT,GG,CC,CC,AT,GG,CG,AA,CC,AA,AG,CC,CC,CC,TT,AA,GG,AA,AA,AA,AA,AG,AA,AG,AA,TT,GG,AC,AG,CC,AC,CC,AA,AA,GG,GG,CG,GT,AT,AA,GG,TT,TT,AG,TT,GG,CG,AA,9.43,Susceptible,High,Premium,Medium
L0923,Davangere,Karnataka,Rabi,Black Cotton,Irrigated,430,25.5,58,AC,TT,GG,AG,CG,CC,GT,TT,CC,CC,AA,TT,CG,TT,GT,GG,CG,TT,TT,AA,CC,GT,GT,CT,AT,CC,TT,TT,GG,AA,TT,CC,AA,CC,GG,CG,GG,GG,GG,CC,TT,CT,AA,TT,AA,AG,TT,TT,CC,CC,GG,AA,AG,GG,CT,TT,AA,AA,GG,AC,AG,TT,AT,AA,TT,TT,CC,GG,TT,GG,AA,GG,CC,AA,AG,AC,AA,GG,GG,TT,GG,GG,GG,CC,AT,GG,AA,AA,CC,TT,CC,TT,CC,TT,GG,GG,TT,CC,TT,CC,CT,CC,AG,AA,TT,TT,CC,AA,AA,AC,CC,GG,TT,NN,TT,AA,AA,TT,CC,AG,CC,GG,CC,GG,TT,AA,CC,CC,CC,CC,AA,TT,CC,AA,CC,CC,AG,TT,AA,AA,CG,CC,CC,GG,AA,AG,AA,AC,GG,CC,CG,AA,AA,GG,GG,GG,AC,TT,TT,GG,AC,TT,TT,CT,CC,AA,GG,TT,AT,TT,GG,CC,AG,CT,CC,AC,GG,CC,AA,GG,GG,CC,TT,CC,GG,GT,GG,AT,AA,AA,TT,CC,GG,AC,CC,CC,GG,GG,AA,GG,NN,AC,NN,CC,GG,AA,AA,AA,AT,TT,NN,AA,TT,GG,GG,AT,CC,AT,GT,AA,GG,AA,CC,AC,AT,CC,TT,AA,CC,CT,CG,AG,CC,AA,CC,TT,NN,GT,NN,TT,AA,AC,AG,GG,CC,CC,GG,CC,GT,AA,AA,CC,TT,GG,CC,CG,AA,GG,CG,AA,CC,AA,AA,CC,CC,CC,AT,AA,GG,AA,AA,AC,AA,AG,AG,AA,AA,TT,GG,CC,AA,CC,AA,TT,AA,AG,GG,GG,GG,TT,AA,AA,GT,TT,TT,AA,AT,GG,GG,AA,7.58,Susceptible,Medium,Poor,Early
L0924,Davangere,Karnataka,Rabi,Black Cotton,Irrigated,430,25.5,58,AC,TT,GG,AG,GG,CC,GG,TT,CC,CC,AA,CC,CC,TT,TT,GT,GG,TT,TT,AA,CC,TT,TT,CC,TT,CC,GT,AT,GT,AA,TT,CC,AA,CC,GG,NN,GG,CC,GG,CC,TT,TT,AA,TT,AA,GG,TT,AT,CC,CC,GG,AA,AA,CG,CC,GG,AA,AC,GT,AC,AA,TT,AT,AA,CC,TT,CC,GG,TT,GG,AG,GG,CC,AA,GG,AC,AA,AG,TT,TT,AG,GT,GG,CC,AA,GG,AA,AA,CC,TT,AC,TT,CT,TT,GT,GG,TT,AC,TT,CC,CT,CG,AG,AA,TT,TT,CC,AA,AA,AC,CC,GG,TT,CG,TT,AA,AA,AT,CC,AG,CG,GG,CC,GG,CC,AA,CC,CC,AC,CC,AA,TT,CC,AA,CC,CC,AA,TT,AA,AA,CG,CC,CC,GG,AA,AG,AT,CC,GT,CC,CC,AA,AA,GG,TT,GG,AC,GT,CT,GG,AC,TT,GG,TT,CG,AA,TT,TT,AA,TT,GG,CC,AA,CC,CC,AC,CG,CC,AA,GG,AA,CC,TT,CC,GT,TT,GG,AT,AA,AA,TT,AA,GG,AA,CC,CC,GG,GG,AC,GG,TT,CC,AA,NN,GG,AA,AC,AT,AT,GG,TT,TT,AA,GG,GT,AT,CC,TT,TT,AA,GG,AA,CT,AA,TT,CC,TT,AA,CC,CT,GG,AA,CG,GG,CC,AT,CT,TT,GG,AT,AA,CC,AA,GG,CC,CG,GG,CC,GG,AT,AA,CG,GT,GG,CC,CC,AA,GG,GG,AA,CC,AA,AG,CC,CG,CC,AT,AA,GG,AA,AA,AA,AA,AG,AA,AG,NN,AT,GG,AC,AA,CC,AA,TT,NN,AA,GG,GG,GG,TT,AT,AA,TT,TT,TT,AA,AT,GG,GG,AA,5.61,Moderate,Low,Premium,Early
L0925,Davangere,Karnataka,Rabi,Black Cotton,Irrigated,430,25.5,58,CC,CT,GG,AA,GG,CC,GT,AT,CC,CC,AT,CT,CC,TT,GT,GG,NN,TT,TT,AA,CC,NN,TT,CC,TT,CC,TT,TT,GG,AA,TT,CC,NN,CC,AG,GG,GG,CC,GG,CC,TT,TT,AA,TT,AA,AG,TT,TT,CC,AC,GT,AA,AA,GG,CC,TT,AA,AA,GT,AC,AA,TT,TT,AG,TT,AT,CC,GG,CT,GG,AA,GG,CC,AA,AG,AC,AT,GG,TT,TT,GG,GT,TT,CC,AA,GG,AA,AA,CC,GT,AC,GT,CC,TT,TT,GG,TT,CC,GT,CC,CC,CC,GG,AA,TT,TT,CC,AA,AA,AA,CC,GG,TT,CC,TT,AA,AA,TT,CC,GG,CC,AG,CT,GT,TT,AA,CT,CC,CC,CC,AA,TT,CC,AA,CC,CC,AG,TT,AA,AA,CG,CC,CC,GG,AA,AA,AA,AC,GT,CC,CC,AG,AG,GG,TT,GG,AA,TT,TT,AA,AC,GT,GT,TT,CC,AT,TT,TT,AT,AT,GG,CC,AG,TT,CC,NN,CG,CC,AA,GG,AG,CC,TT,CC,TT,GT,GG,AT,AA,AA,GT,AC,GG,AA,CC,CC,GG,GG,AC,GG,TT,AC,AA,CC,GG,TT,AC,AA,AT,GT,TT,AT,AA,GG,GT,AA,CC,TT,GT,AA,GG,AA,CC,AA,TT,CC,CC,AA,CC,TT,GG,AA,CG,AG,NN,TT,TT,TT,GG,TT,CC,AC,AG,GT,CC,CG,CG,CC,GT,TT,AA,CC,TT,GG,CC,CC,AA,GG,CC,AA,CC,AT,AA,CC,CC,AC,TT,AA,GG,AA,AA,AC,AA,NN,AG,AA,AA,TT,GG,AA,AA,AA,AC,CC,AA,AA,CG,GG,GG,TT,AA,AG,TT,TT,TT,AA,TT,GG,GG,AA,4.84,Moderate,High,Poor,Late
L0926,Davangere,Karnataka,Rabi,Black Cotton,Irrigated,430,25.5,58,AC,TT,GG,AG,GG,CC,GT,TT,CC,CG,AA,CC,CG,AT,TT,GG,GG,TT,TT,AG,CC,TT,TT,CC,TT,CC,GT,TT,GG,AA,TT,CC,AA,CC,AG,CG,GG,CG,GG,CC,TT,CT,AA,TT,AA,AG,CT,TT,CG,AC,GG,AA,AA,GG,CC,TT,AA,AC,GG,CC,AA,GT,TT,AA,TT,TT,CC,GG,TT,GG,AA,GG,CC,AA,GG,AA,AT,AG,TT,TT,GG,GG,GT,CC,AT,GG,AA,AA,CC,GT,AC,GT,CT,TT,TT,GG,TT,CC,TT,CC,CC,CC,AG,AA,TT,GT,CG,NN,AG,AC,CT,GG,TT,CC,TT,AC,AA,TT,CC,GG,CC,GG,CC,GG,TT,AA,CT,CC,CC,CC,AG,NN,CC,AA,CC,CC,AA,AT,AA,AT,CG,CC,CC,GG,GG,AA,AT,CC,GG,CG,CC,AG,AA,GG,TT,GG,AC,TT,TT,GG,AA,TT,GG,TT,CC,AT,GG,TT,AA,AT,GG,CC,AA,CT,CC,CC,CG,AC,AA,GG,AG,CC,TT,CC,GT,TT,GG,AA,AA,AA,TT,CC,GG,AC,CC,CG,GG,GG,AA,GG,TT,AC,AA,CC,GG,TT,CC,AT,AT,GG,TT,AT,AA,CG,GT,AA,GG,AT,TT,AA,GG,AA,TT,AA,NN,CC,CT,AC,CC,CT,CG,GG,CC,AG,CC,TT,TT,TT,GG,TT,AA,CC,AG,GG,CC,CG,GG,CC,GG,AT,AA,CG,TT,GG,CC,CC,AA,AG,CC,AT,CC,AA,AA,AC,CC,AC,TT,AA,CG,AA,AA,AC,AA,AG,AG,AA,AA,TT,CG,AA,AA,AC,AA,TT,AA,AA,GG,GG,GG,TT,NN,AG,TT,TT,TT,GG,TT,GG,CG,AA,8.52,Susceptible,Medium,Poor,Early
L0927,Davangere,Karnataka,Rabi,Black Cotton,Irrigated,430,25.5,58,CC,TT,AG,AA,GG,CC,GG,AT,CC,CC,AA,CC,CC,TT,TT,GG,CG,TT,TT,AA,CC,TT,TT,CC,AT,CC,TT,NN,GG,AA,TT,CT,AA,AC,GG,CG,GG,GG,GG,CC,TT,TT,AA,TT,AA,AG,CT,AT,CC,AC,GG,AA,AG,GG,CT,GG,AT,AA,GT,AA,AA,GT,TT,AG,TT,TT,CC,GG,TT,GG,AA,GG,CC,AA,GG,AC,AT,GG,TT,TT,GG,GG,GG,CC,AT,GG,AA,AA,CC,GT,CC,TT,CC,TT,GT,GG,TT,AC,GT,CC,CT,CC,AG,AA,TT,TT,CC,AA,AA,AC,CC,GG,TT,CC,GT,AC,NN,TT,GG,GG,CG,GG,CC,GT,CT,AA,CC,CC,CC,CC,AA,TT,CC,AA,CC,CC,AA,TT,AA,AT,GG,CT,CC,GG,AG,AG,AT,CC,GG,CC,CC,AA,AA,GG,GG,AG,AC,GT,TT,GG,AC,TT,TT,TT,CC,AA,TT,TT,AA,TT,GG,CC,AG,CC,CC,CC,CG,CC,AA,GG,AA,CC,TT,CC,GG,TT,GG,TT,AA,AA,TT,CC,CG,AC,CC,CC,GG,GG,AC,CG,TT,AA,AA,CC,GG,TT,AC,AA,AA,GT,TT,TT,AT,CG,TT,AA,CG,TT,GT,AA,GG,AA,CC,AA,TT,CC,TT,AC,AC,NN,GG,AG,CC,AG,CC,TT,TT,TT,GG,AA,AA,CC,AA,GG,CC,CC,GG,CC,GG,AT,AA,CC,GT,GG,CC,CC,AA,GG,CC,AA,CG,AA,AA,NN,CC,CC,TT,AA,NN,AA,AA,AA,AA,GG,GG,AG,GG,TT,CG,AA,AA,CC,AA,CC,AA,AA,GG,GG,GG,TT,AA,AA,GT,TT,TT,GG,TT,GG,CG,AA,8.92,Susceptible,Low,Poor,Medium
L0928,Davangere,Karnataka,Rabi,Black Cotton,Irrigated,430,25.5,58,AA,TT,GG,AG,GG,CC,GG,AT,CC,CG,AA,CT,GG,TT,TT,GT,GG,TT,TT,AA,CC,TT,TT,CC,AT,CC,TT,TT,GG,AA,TT,CT,AA,CC,GG,GG,GG,CC,GG,CC,TT,TT,AA,GT,AA,GG,TT,AT,CG,AA,GG,AA,AG,GG,CT,TT,AA,AA,GT,AC,AA,TT,TT,AG,CT,TT,CC,GG,TT,GG,AA,GG,CC,AG,GG,AA,AA,GG,TT,TT,GG,GG,GG,CC,AA,GG,AA,NN,NN,NN,CC,TT,CC,TT,GT,GG,CT,AA,TT,CC,CT,CC,AG,NN,TT,TT,CC,AG,AA,AA,CC,GG,TT,CC,TT,CC,AA,TT,CG,AG,CG,GG,CT,GG,CC,AG,CC,CC,CC,CC,AA,TT,AC,AA,CC,NN,AA,TT,AA,TT,GG,CC,CC,GG,AA,AG,AT,AC,GT,CC,GG,AA,AA,NN,TT,GG,AC,NN,TT,GG,CC,TT,TT,CT,CC,AT,TT,TT,AT,TT,GG,CC,AG,CT,CC,CC,CG,CC,AA,GG,AA,CC,TT,CC,GG,GT,CG,AT,AG,AG,TT,CC,GG,AA,AC,CC,CG,GG,AC,GG,NN,AA,AA,CC,GT,AA,AC,AA,AT,GG,TT,TT,AA,GG,GT,AT,CC,AT,GT,AA,GG,AA,CT,AA,TT,CC,TT,AC,CC,TT,GG,AG,CG,GG,CC,TT,TT,GT,GG,TT,AA,CC,AG,GG,CC,CG,GG,CC,GG,AT,AA,CC,TT,GG,CC,CC,AT,GG,CC,AA,CC,AA,AA,AC,CG,CC,TT,AA,GG,AA,AA,AA,AA,GG,AG,AA,AA,TT,GG,AA,AA,CC,AA,TT,AA,AA,CG,GG,GG,GT,NN,AA,GT,TT,TT,NN,AT,GG,CG,AA,8.17,Moderate,Low,Premium,Early
L0929,Davangere,Karnataka,Rabi,Black Cotton,Irrigated,430,25.5,58,CC,CT,AG,AG,GG,CC,GT,AT,CC,CG,AA,TT,CG,AT,TT,GG,CG,TT,TT,AG,CC,TT,GT,CC,NN,CC,TT,TT,GG,AA,TT,CC,AA,CC,AG,GG,GG,GG,GG,CC,TT,CC,AA,TT,AG,AG,TT,TT,CC,CC,GT,AA,AA,GG,CT,TT,AA,AA,TT,CC,AA,TT,TT,AG,CT,TT,CC,GG,TT,GT,AA,GG,CC,AA,GG,AA,AA,GG,TT,TT,GG,TT,GT,CC,AA,GG,AA,AA,CC,NN,AC,TT,CC,TT,TT,AG,TT,AC,TT,CT,CC,CC,AG,AA,TT,TT,CC,AA,AA,AA,CT,GG,TT,CG,GT,AC,AA,TT,CC,GG,CC,AG,CC,GG,CT,AA,CC,CC,CC,CC,AA,GT,CC,AA,CC,CC,AA,TT,AA,AA,GG,CC,CC,GG,AA,AG,AA,AC,GT,CC,CC,AG,AG,GG,GT,AG,AA,TT,CT,AG,CC,TT,TT,TT,GG,AA,TT,TT,AA,TT,GG,CC,AA,CT,CC,CC,GG,CC,NN,GG,AG,CC,TT,CC,TT,GT,GG,AT,AA,AA,TT,CC,GG,AA,AC,CC,GG,GG,AA,GG,TT,AC,AA,CC,GG,AA,CC,AA,AA,GT,TT,TT,AT,CG,TT,AA,CC,AT,TT,AA,GG,AA,CT,AC,TT,CC,CT,AA,CC,TT,CG,AA,CG,GG,AC,TT,TT,GG,GG,TT,AA,CC,AA,GG,CC,CG,GG,CC,GT,AT,AA,CC,TT,AG,CG,CC,AA,GG,CC,AT,CC,AT,AA,CC,CC,AC,TT,AA,GG,AA,AA,AC,AA,GG,AA,AA,AA,AT,GG,AA,AG,AC,AC,CC,AA,AA,GG,GG,GG,TT,AA,AA,TT,TT,TT,AG,TT,GG,CG,AC,7.99,Resistant,Low,Poor,Early
L0930,Davangere,Karnataka,Rabi,Black Cotton,Irrigated,430,25.5,58,AC,TT,GG,AA,GG,CC,GG,AT,CC,CG,AT,CC,GG,TT,TT,GT,GG,TT,TT,AG,CC,TT,TT,CC,TT,CC,TT,TT,GT,AA,CT,CC,AA,CC,GG,GG,GG,CG,GG,CC,TT,TT,AA,TT,AG,GG,TT,TT,CC,AC,GT,AA,AA,GG,CC,TT,AA,AC,GT,CC,AA,TT,TT,AA,TT,AT,CC,GT,TT,GG,AG,GT,AC,AA,GG,AA,TT,GG,TT,TT,GG,GT,TT,CC,AA,GG,AA,AA,CC,GT,AC,GT,CT,TT,GT,GG,CT,CC,GT,NN,CC,CC,AA,AA,TT,TT,CC,AA,AG,AA,CC,GG,TT,CC,TT,AC,AA,TT,CC,AG,CC,AG,NN,GG,NN,AA,CC,CC,CC,CC,AA,TT,AC,AA,CC,CC,AA,NN,AA,AA,GG,CC,CC,GG,AA,AA,AA,CC,GT,CC,CG,AA,AA,AG,TT,AG,AC,GT,TT,GG,CC,GT,GT,CT,CC,AA,TT,TT,TT,TT,GG,CC,AA,CC,AC,AC,CG,CC,AA,GG,AG,CC,TT,CC,GG,GT,GG,AT,AA,AG,TT,NN,GG,AA,CC,CG,GG,GG,AC,GG,TT,AA,AA,CC,GG,AT,AA,AA,AT,GG,TT,AT,AA,GG,GT,AA,CC,TT,TT,AA,GG,AA,CT,AA,TT,CG,TT,AC,CC,TT,GG,AA,CG,AG,CC,TT,TT,TT,GG,TT,AA,CC,AA,GG,CC,CG,GG,CC,GG,AT,AA,CG,TT,GG,CC,CG,AT,GG,CC,AA,CC,AA,AA,AC,CG,CC,TT,AA,GG,AA,AA,AC,AA,AG,AA,NN,AA,AT,CG,AA,GG,CC,AA,TT,AA,AA,GG,GG,CG,TT,AA,AA,GT,TT,TT,AG,AT,GG,GG,AA,9.22,Susceptible,High,Premium,Late
L0931,Davangere,Karnataka,Rabi,Black Cotton,Irrigated,430,25.5,58,AA,TT,GG,AG,CG,NN,GG,AT,CC,CC,AA,CC,CC,TT,TT,GG,GG,TT,TT,AA,CC,GT,NN,CC,TT,CC,TT,TT,GG,AA,TT,CC,AA,CC,GG,GG,GG,CG,GG,CC,TT,CT,AA,TT,AA,GG,TT,TT,CC,CC,GG,AA,AA,GG,CC,TT,AA,CC,GT,AA,GG,TT,TT,GG,TT,TT,CC,GT,TT,GG,AG,GG,CC,AA,AG,AA,AT,AG,GT,TT,GG,GG,GG,CC,AA,GG,AA,AA,CC,GT,CC,TT,CT,TT,TT,AG,CC,AA,TT,CC,NN,CG,AA,AA,TT,TT,CC,AA,NN,AA,CC,GG,TT,CC,TT,AA,AA,AT,CC,GG,CC,GG,CC,GG,CC,AA,CC,CC,CC,CC,AA,GT,CC,AA,CC,CC,AA,TT,AA,AA,GG,CC,CC,GG,AG,AG,AA,CC,GG,CC,CC,AG,AA,GG,TT,GG,AA,TT,CT,GG,AC,GT,GT,TT,CC,AA,TT,CT,TT,AT,GG,CC,AA,TT,CC,CC,CG,CC,AA,AG,AA,CC,TT,CC,GG,GT,GG,TT,AA,AA,TT,AC,GG,AA,CC,CC,GG,GG,AC,CG,TT,AC,AA,CC,GT,AA,AC,AA,AA,GG,TT,AT,AA,CG,GT,AT,CC,TT,GT,AA,GG,AG,TT,AA,TT,CC,TT,AC,CC,TT,CG,AG,CC,GG,CC,TT,TT,GG,GG,AT,AC,CC,AG,GT,CC,CG,GG,CC,GG,TT,AA,CC,GT,GG,CC,CC,AT,GG,CC,AA,CC,AA,AA,AC,GG,AC,TT,AA,GG,AA,AA,AC,AA,AG,GG,AA,AA,AT,GG,AA,AA,AC,AA,CT,AA,AA,GG,NN,GG,TT,AA,AG,TT,AT,TT,AA,TT,GG,GG,AA,8.14,Moderate,Medium,Standard,Early
L0932,Davangere,Karnataka,Rabi,Black Cotton,Irrigated,430,25.5,58,AC,CT,AG,AG,GG,CG,GG,TT,CC,CC,AA,CT,CG,TT,TT,GG,GG,TT,TT,AA,CC,TT,GT,CC,TT,CC,TT,TT,GG,AC,CT,CC,NN,CC,GG,GG,GG,CC,GG,CC,TT,CT,AA,GT,AG,GG,TT,TT,CC,AC,GG,AA,AA,GG,CC,GT,AA,AA,GG,AC,NN,TT,TT,GG,TT,TT,CC,GG,TT,GG,AA,GG,CC,AA,AG,AC,AA,GG,TT,TT,GG,GG,GG,CC,AA,AG,AA,AT,CG,TT,CC,TT,CC,TT,TT,GG,TT,CC,GG,CC,CC,CG,AG,AA,TT,TT,CC,AA,AA,AA,CC,GG,TT,CG,TT,AA,AA,TT,CC,AG,CC,GG,NN,GT,TT,AG,CT,CC,CC,CC,AA,GT,AC,AA,CC,CC,AA,TT,AA,AA,GG,CC,CC,AG,AA,AG,AA,CC,NN,CC,CC,AG,AG,GG,TT,GG,AC,TT,TT,AG,AC,GT,TT,TT,CG,AT,TT,CT,AT,TT,GG,CC,AG,CT,CC,CC,CG,CC,AT,GG,AG,CC,TT,CC,GG,TT,GG,TT,AA,AA,TT,CC,GG,AA,CC,CC,CG,GG,AC,GG,TT,AC,AA,CC,GG,NN,CC,AA,AA,GG,TT,AT,AT,GG,GT,AT,CG,TT,GT,AA,GG,AA,TT,AA,TT,CC,TT,AC,CC,TT,GG,AA,CC,AG,CC,TT,TT,GT,GG,AT,AA,CC,AG,GG,CC,CG,GG,CC,GG,AA,AA,CC,TT,GG,CC,CG,AA,AG,CG,AA,CC,AA,AA,CC,CC,CC,TT,AA,GG,AA,AA,CC,AA,AA,AG,AA,AA,TT,GG,AA,AA,CC,AC,CT,AA,AA,CG,GG,GG,TT,AT,AA,NN,TT,TT,AA,TT,GG,CG,AA,5.86,Susceptible,High,Standard,Early
L0933,Davangere,Karnataka,Rabi,Black Cotton,Irrigated,430,25.5,58,AA,TT,GG,AG,GG,CG,GT,TT,CC,GG,AA,CC,CG,TT,TT,GT,GG,TT,AT,AG,CC,TT,GT,CT,TT,CC,GT,TT,GG,AA,TT,CT,AA,CC,GG,CC,GG,CG,GG,CC,TT,CC,AA,TT,AA,GG,TT,TT,CC,AC,GT,AT,GG,GG,CC,GT,AA,AC,GT,AA,AA,TT,TT,AG,CT,AT,CC,GG,TT,GG,AA,GG,CC,AA,AG,AC,AT,GG,TT,NN,GG,GT,GT,CC,AA,GG,AA,AA,CC,TT,AC,TT,TT,TT,GT,GG,CT,AC,TT,CC,CC,CG,GG,AA,NN,TT,CC,AA,GG,AA,TT,GG,TT,CC,GT,AC,AC,TT,CG,GG,NN,AG,CC,GT,CT,AA,CC,CC,CC,CG,AA,TT,CC,AA,CC,CC,AA,NN,AA,AT,GG,CC,CC,GG,AA,AA,AA,CC,GT,CC,CC,AA,AA,GG,TT,AG,AC,GT,TT,GG,CC,TT,TT,TT,GG,AA,GG,CT,AT,TT,GG,CC,GG,TT,AA,CC,CG,CC,AA,GG,GG,CC,TT,CC,GT,TT,GG,AT,AG,AA,TT,CC,NN,AA,CC,CC,GG,GG,AC,GG,TT,AA,AG,CG,GT,AA,CC,AA,AA,GG,TT,TT,AA,CG,TT,AA,CG,TT,TT,AA,GG,AA,CT,AC,TT,CC,TT,AC,CC,TT,CG,AG,CG,GG,CC,TT,NN,GT,GG,TT,AA,CC,AA,GG,CC,CC,GG,CG,GG,AT,AA,CC,TT,GG,CG,CC,AT,GG,CC,AT,CC,AA,AA,AC,CC,AA,TT,AA,CG,AA,AA,AA,AA,AA,AG,AA,AA,TT,CG,AC,AA,CC,AA,TT,AA,AA,GG,GG,GG,TT,AA,AA,TT,TT,TT,AG,TT,GG,CG,AA,7.56,Susceptible,High,Premium,Late
L0934,Davangere,Karnataka,Rabi,Black Cotton,Irrigated,430,25.5,58,AA,TT,GG,AA,GG,CC,GG,AT,CC,CC,AA,CT,CG,NN,TT,GT,GG,TT,TT,AA,CC,TT,GT,CC,TT,CC,TT,TT,GG,AA,TT,CC,AA,CC,GG,CG,GG,CG,GG,AC,NN,TT,AA,TT,AA,GG,TT,AA,CC,AC,GG,AA,AG,GG,CT,TT,AA,AA,TT,AC,AA,TT,TT,AA,TT,AT,CC,GG,TT,GG,AA,GT,CC,AA,AA,AA,AT,GG,TT,TT,GG,GG,GG,CC,AA,GG,AA,AA,CC,TT,CC,GT,TT,TT,GT,GG,TT,CC,GT,CC,CC,CC,GG,AA,TT,NN,CC,AG,AA,AC,CC,GG,TT,CC,GT,AA,AA,TT,CC,AG,CC,AG,CC,GG,TT,AA,CC,CC,CC,CC,NN,TT,CC,AA,CC,CC,AA,TT,AG,AA,GG,CC,CC,GG,AA,AG,AA,CC,GG,CC,CC,AA,GG,GG,TT,GG,AA,TT,CT,GG,CC,GT,TT,CT,CC,AA,TT,TT,AA,TT,GG,CC,AA,CT,CC,CC,CG,CC,AA,GG,AA,CC,TT,CC,TT,TT,GG,AT,AA,AA,TT,CC,GG,AA,CC,CG,GG,GG,AC,GG,TT,AA,AA,CC,GG,AA,CC,AA,AT,GG,TT,TT,AA,GG,GG,AT,CG,TT,GT,AA,GG,AA,CT,AA,AT,CC,TT,AA,CC,TT,GG,AG,CC,AG,CC,TT,TT,TT,GG,TT,AA,CC,AA,GG,CC,CG,GG,CC,GG,TT,AG,CC,TT,GG,CC,CC,AT,AA,CC,AA,CC,AA,AA,CC,CC,CC,AT,AA,CG,AA,AA,CC,AA,GG,AG,AA,AA,TT,GG,CC,GG,CC,AC,CC,AA,GG,CG,GG,CG,GT,AA,AG,TT,TT,TT,AG,TT,CG,GG,AA,6.49,Moderate,Medium,Standard,Medium
L0935,Davangere,Karnataka,Rabi,Black Cotton,Irrigated,430,25.5,58,AA,TT,GG,AA,GG,CC,GT,AT,CC,CG,AA,CC,CC,TT,TT,GT,CG,TT,AT,NN,CC,TT,TT,CC,AT,CC,TT,AT,GG,AA,CT,CC,AA,CC,AG,GG,GG,CG,GG,CC,TT,TT,AA,TT,AG,AG,TT,AT,CC,AC,GG,AA,AA,GG,CC,TT,AA,CC,GT,AC,AA,TT,AA,AA,CT,AT,CC,GG,TT,GG,AA,GT,CC,AA,GG,AC,AT,AG,TT,TT,GG,TT,GT,CC,NN,AG,AA,AA,CC,TT,CC,TT,CC,TT,TT,GG,TT,CC,TT,CC,CC,CC,AG,AA,TT,NN,CC,AA,AA,AA,CT,GG,TT,CC,TT,AC,AA,TT,CC,AG,CC,GG,CC,GG,TT,NN,CC,CC,CC,CC,AA,TT,AC,AA,CC,CC,AA,TT,AA,AA,GG,CC,CC,GG,AA,AG,AA,CC,GG,CC,CC,AA,AG,GG,GT,GG,AA,TT,CT,GG,CC,GT,TT,TT,CG,AA,GT,CT,TT,TT,GG,CC,AG,NN,AC,AC,CG,CC,AA,GG,AA,CC,TT,CG,GT,TT,CG,AT,AA,AG,TT,AC,GG,AA,AC,CC,GG,GG,CC,GG,TT,AC,AG,CC,GG,AA,CC,AA,AA,GT,TT,AA,AT,GG,GT,AA,CG,AT,GT,AA,GG,AA,TT,AC,TT,CC,TT,AA,CC,TT,GG,AG,CC,AG,CC,AT,CT,TT,GG,TT,AA,CC,AA,GG,CC,CC,GG,CG,NN,AT,AA,CC,TT,GG,CC,NN,AT,GG,CC,AT,CC,AA,AA,AC,CC,CC,TT,AA,GG,AA,AA,AC,AA,GG,AG,AA,AA,TT,GG,AC,AA,CC,AC,CT,AG,AA,GG,AG,CG,TT,AT,AA,NN,TT,TT,AG,AA,GG,GG,AA,7.3,Susceptible,Low,Standard,Late
L0936,Davangere,Karnataka,Rabi,Black Cotton,Irrigated,430,25.5,58,AA,TT,GG,AG,GG,CC,GG,AT,CC,CG,AA,CC,CC,AT,TT,GG,GG,TT,TT,AA,CC,TT,GT,CC,TT,CC,TT,TT,GT,AA,TT,CT,AA,AC,AG,CC,GG,CC,GT,CC,TT,CT,AC,TT,AG,AG,NN,TT,CC,CC,GG,AA,AA,CG,CT,TT,AA,AA,TT,AA,AA,TT,AT,AA,TT,TT,CC,GG,TT,GG,AA,GG,CC,AA,AG,CC,AA,AG,NN,TT,AG,GG,GG,CC,AA,GG,NN,AA,CC,TT,AA,TT,CC,TT,TT,GG,TT,CC,GT,CC,CT,NN,GG,AA,TT,TT,CC,AG,AG,AA,CC,GG,TT,CC,TT,NN,AA,TT,CC,GG,CC,GG,CC,GT,TT,AA,CC,CC,AC,CC,AA,GT,CC,AA,CC,CC,AA,TT,AA,AA,GG,CT,CC,NN,AA,AG,AA,CC,GT,CC,CC,AA,AA,AG,TT,GG,AC,TT,CT,GG,AA,GG,TT,TT,CC,AT,GT,TT,AA,TT,CG,CC,AA,CT,CC,CC,GG,CC,AA,GG,AA,CC,TT,CG,GT,TT,GG,TT,AA,AA,TT,CC,GG,AA,CC,CC,GG,GG,CC,GG,TT,AC,AA,CC,GT,AA,AC,AA,NN,GG,TT,TT,TT,CG,GT,AA,CC,TT,TT,AA,GG,AA,TT,AA,TT,CC,TT,AC,CC,TT,GG,AA,CC,AA,AC,TT,CT,TT,GG,TT,AA,AA,AA,GG,CC,CC,GG,CC,GG,AT,AA,CG,TT,GG,CC,CC,AA,AG,CC,AA,CC,AA,AA,AC,CG,CC,TT,AG,GG,AA,AA,AA,AA,AG,AG,AA,AA,TT,GG,AA,AA,NN,AA,CC,AA,AA,GG,GG,GG,TT,AT,NN,TT,TT,TT,AA,TT,GG,CG,AA,6.81,Susceptible,Medium,Poor,Late
L0937,Davangere,Karnataka,Rabi,Black Cotton,Irrigated,430,25.5,58,AC,CT,GG,AA,GG,CC,GG,AA,CC,CG,AA,CT,CC,TT,TT,NN,CG,AT,TT,AA,CG,GT,GT,CT,TT,CC,TT,TT,TT,AA,TT,CC,AA,AC,GG,CG,GG,CG,GG,CC,TT,CT,AC,GT,AA,AA,TT,TT,CC,AA,GG,AA,AA,GG,CC,GT,AA,AA,GT,AA,AA,TT,TT,AA,TT,AT,CC,GG,TT,GG,AA,GT,CC,AA,GG,NN,AT,GG,TT,TT,GG,GG,GT,CC,AA,GG,AG,AA,CC,TT,AC,TT,CC,TT,TT,GG,CC,CC,GT,CC,CC,CC,GG,AA,TT,TT,CG,AA,GG,AC,CC,GG,TT,CG,TT,AC,AA,AT,CC,GG,CC,GG,CC,GT,CC,AA,CC,CC,AC,CC,AA,GT,CC,AA,CC,CC,AA,TT,AA,AT,CG,CC,CC,GG,AG,GG,AA,CC,TT,CG,CC,AG,AG,AG,TT,AG,AA,TT,TT,GG,AA,GT,GT,TT,CC,AA,TT,TT,AA,TT,GG,CC,AA,CC,CC,CC,CG,CC,AA,GG,AA,CC,TT,CC,GT,TT,GG,AT,AA,AA,TT,AC,GG,AA,CC,CC,GG,GG,AC,GG,TT,AC,AG,CG,GG,AA,CC,AA,AA,GT,TT,AT,AA,GG,GT,TT,CC,TT,GT,AA,GG,AA,TT,CC,TT,CC,TT,AC,AC,CT,CG,AA,CG,AG,CC,TT,CT,GT,GG,TT,AC,AA,AA,GG,CC,CG,GG,CC,GG,TT,AA,CC,GT,GG,CC,CG,AA,GG,CC,AA,CC,AT,AG,AC,CC,CC,TT,AA,GG,AA,AA,AA,AA,AA,AG,AA,AA,TT,GG,AA,AA,AC,AC,CT,AA,AA,GG,GG,GG,TT,AA,AG,GT,TT,NN,AA,AT,GG,GG,AA,8.06,Susceptible,Low,Poor,Late
L0938,Davangere,Karnataka,Rabi,Black Cotton,Irrigated,430,25.5,58,CC,TT,GG,NN,CG,CG,GG,TT,CG,CC,AT,CT,CG,TT,TT,GG,CG,TT,TT,AG,CC,GG,GT,CC,AT,CC,TT,TT,GG,AA,TT,CC,AA,CC,AG,CG,GG,CG,GG,CC,TT,CT,AA,TT,AG,GG,CT,AT,CC,AC,GG,TT,AA,GG,CC,TT,AA,AC,GT,AA,AA,TT,AT,AA,TT,AT,CC,GG,TT,NN,AA,GG,AC,AA,GG,AA,AA,GG,GT,TT,GG,TT,GG,CC,AT,GG,AG,AA,CC,GT,CC,TT,CC,TT,GT,GG,TT,CC,GT,CC,CC,CG,AG,AA,TT,TT,CC,AG,NN,AA,CT,GG,TT,CC,TT,AA,AA,TT,CC,GG,CC,GG,CC,GT,TT,AA,CT,CC,CC,CC,AA,TT,CC,AA,CC,CT,AA,TT,AA,AA,GG,CC,CC,GG,AG,AA,AA,AC,GT,CC,CC,AA,AA,AG,GT,AG,AC,TT,CC,GG,CC,GT,TT,TT,CC,AA,TT,TT,AA,TT,GG,CC,AG,CT,CC,CC,GG,CC,AA,GG,AA,CC,TT,CC,GG,GT,GG,TT,AA,AA,TT,CC,CG,CC,CC,CC,CG,GG,AC,GG,TT,AA,AA,CC,GG,AT,CC,AA,AA,GG,TT,AT,TT,GG,TT,AA,CG,TT,GG,AA,GG,AA,TT,AC,AT,CC,TT,AA,CC,TT,CG,AG,CC,AA,CC,TT,TT,GT,GG,TT,AA,CC,AA,GG,CC,GG,GG,CC,NN,TT,AA,CC,TT,GG,CC,CC,AA,GG,CC,AA,CC,AA,AA,AC,CG,CC,TT,AA,GG,AA,AA,AC,AA,AG,AG,GG,AG,TT,GG,AA,AA,AC,AA,TT,AA,AA,GG,GG,GG,GT,AT,AA,GG,TT,TT,AA,TT,GG,GG,AA,7.49,Susceptible,Medium,Standard,Late
L0939,Davangere,Karnataka,Rabi,Black Cotton,Irrigated,430,25.5,58,NN,TT,GG,AA,GG,CC,GT,TT,CC,CC,AA,NN,NN,AT,TT,GT,GG,TT,TT,AA,CC,TT,GT,CT,AT,CT,TT,TT,GG,AA,TT,CC,AA,CC,GG,CG,GG,CC,GT,CC,TT,TT,AA,TT,AG,AG,TT,TT,CC,AA,GT,AA,AG,GG,CC,TT,AT,AA,TT,AA,AA,TT,NN,AA,TT,TT,CT,GG,TT,GT,AA,NN,CC,AA,GG,AA,TT,GG,TT,TT,GG,GT,GT,CC,AT,GG,AA,AT,CC,TT,AC,TT,CC,TT,TT,GG,TT,CC,TT,CC,CC,CG,GG,AA,TT,TT,CC,AA,AG,AA,CT,GG,TT,GG,TT,AA,AA,TT,CG,AG,CC,GG,CC,NN,TT,AA,CC,CC,CC,CG,AA,TT,CC,AA,CC,CC,AA,AT,AA,AA,GG,CC,CG,GG,AA,AG,AA,CC,GT,CC,CC,AA,AG,GG,GT,AG,AA,GT,CT,GG,AA,GT,TT,TT,CG,AA,TT,NN,AA,AT,GG,CG,AG,CT,NN,CC,GG,CC,AA,GG,AG,NN,TT,CC,GG,TT,GG,NN,AG,AA,TT,AC,GG,AA,CC,CC,GG,GG,AA,GG,TT,AC,AA,CC,NN,AA,CC,AA,AT,GT,TT,AT,AT,GG,GT,AA,CC,TT,GT,AA,GG,AA,CT,AC,TT,CC,CT,AC,CC,TT,CG,AG,CC,AG,CC,TT,CT,TT,GG,TT,AC,AC,AA,GT,CC,CG,GG,CC,GG,AA,AA,CC,GT,GG,CC,CC,AA,GG,CG,AT,CC,AA,AA,CC,GG,AA,TT,AA,GG,AA,CC,AC,AA,GG,GG,AA,AA,AT,GG,CC,AG,AC,AA,CT,AA,AG,GG,GG,GG,TT,AT,AA,GT,TT,TT,AA,AA,GG,GG,AC,4.77,Resistant,Medium,Poor,Medium
L0940,Davangere,Karnataka,Rabi,Black Cotton,Irrigated,430,25.5,58,AC,TT,GG,AA,GG,CC,GG,TT,CC,CG,AA,CT,CC,AT,TT,TT,CG,TT,TT,AA,CC,TT,TT,CC,TT,CC,GT,TT,GG,AA,TT,CT,AA,AC,GG,GG,GG,CG,GG,CC,TT,TT,AA,GT,AA,AG,TT,AT,CC,CC,GG,AA,AA,GG,CC,TT,AT,CC,TT,AA,AA,TT,AT,GG,TT,TT,CC,GG,TT,TT,AA,GG,CC,AA,GG,AA,AT,GG,TT,TT,GG,GG,GG,CC,AA,GG,AG,AA,CC,TT,CC,TT,CT,TT,TT,GG,TT,CC,TT,CC,CC,CG,GG,AA,TT,TT,CC,AA,AG,AA,CT,GG,GT,CC,TT,AC,AA,TT,CC,AG,CC,GG,CC,GG,CT,AA,CC,CC,CC,CC,AA,TT,CC,AA,CC,CC,AA,NN,AA,AA,CG,CC,CC,GG,AA,AG,AA,CC,GT,CC,CC,AA,AG,GG,TT,GG,AC,TT,TT,GG,AC,TT,TT,TT,CC,AT,GT,TT,TT,AT,GG,CC,AG,CC,CC,CC,GG,CC,AA,GG,AG,CC,TT,CG,GG,GT,GG,TT,AA,AA,TT,CC,GG,AA,AC,CC,GG,GG,AA,GG,TT,AC,AA,CC,GG,AA,AA,AT,AT,GT,TT,AA,AA,GG,GG,AT,CC,AT,TT,AT,AG,AA,CT,AA,TT,CC,TT,AA,CC,TT,GG,AA,CC,AA,CC,TT,TT,NN,GG,TT,AA,AC,AA,GG,CC,CC,GG,CC,GG,TT,AA,CC,TT,GG,CG,CC,AA,GG,CC,AA,CC,AT,AG,AA,NN,AC,TT,AA,GG,AA,AA,AA,AA,AG,AA,AA,AA,TT,CG,AA,AA,AA,AA,CC,AG,AG,GG,GG,GG,TT,AA,AA,TT,TT,TT,AG,AA,GG,CC,AA,5.63,Susceptible,Low,Poor,Medium
L0941,Davangere,Karnataka,Rabi,Black Cotton,Irrigated,430,25.5,58,AC,TT,GG,AG,GG,CC,GG,TT,CC,CG,AA,CC,CG,AT,TT,GG,CG,TT,TT,AA,CC,GT,TT,CT,TT,CT,GT,TT,GG,AA,TT,CT,AA,CC,GG,GG,GG,CC,GG,CC,TT,TT,AA,GT,AA,GG,TT,TT,CC,CC,GG,AT,AA,GG,CC,GT,AA,AC,GT,AA,AG,TT,AT,AG,CT,TT,CC,GG,TT,GT,AG,GG,CC,AA,AA,AC,AT,GG,TT,TT,GG,GG,GT,CC,AA,GG,AA,AT,CC,GT,AC,TT,CC,TT,TT,GG,CT,CC,GT,CC,CC,CC,AA,AA,AT,TT,CC,AA,AG,AA,CC,GG,TT,CC,TT,AA,AA,TT,CC,GG,CC,GG,CT,GT,TT,AA,CT,CC,CC,CC,AA,TT,CC,AA,CC,CC,AA,TT,AA,AT,CG,CC,CC,GG,AA,AA,AA,CC,GT,CC,CC,AA,AG,AG,TT,GG,AC,GT,TT,AG,CC,GT,GT,TT,CC,AA,GT,TT,AA,TT,GG,CC,AA,NN,CC,CC,GG,CC,AA,GG,AG,CC,TT,CC,TT,TT,GG,AT,AA,AG,TT,CC,GG,AA,AC,CC,GG,GG,AA,GG,TT,AA,AA,CC,GT,AT,AA,AA,AT,GT,TT,TT,AA,GG,GT,AA,CC,AT,TT,AA,GG,AA,CC,AA,TT,CC,TT,AA,CC,TT,GG,AA,CG,AA,AC,TT,TT,GT,GG,TT,AA,CC,AG,GG,CC,CC,GG,CC,GG,TT,AA,CC,TT,NN,CC,CC,AT,AG,CC,AA,CG,AA,AA,AC,CG,AC,TT,AA,GG,AA,AA,AC,AA,AG,AA,AA,AA,TT,GG,AA,AA,AC,AA,TT,AA,AA,GG,GG,GG,TT,AA,AA,TT,TT,TT,AA,AT,GG,GG,AC,5.36,Resistant,High,Premium,Late
L0942,Davangere,Karnataka,Rabi,Black Cotton,Irrigated,430,25.5,58,AC,CT,GG,NN,GG,CC,GG,TT,CG,CG,AA,CC,CG,AT,GT,GG,CG,TT,TT,AA,CC,TT,TT,CC,TT,CC,GT,TT,GG,AA,CT,CC,AA,CC,GG,CG,GG,CC,GG,CC,TT,CT,AA,GT,AG,AG,TT,TT,CC,AC,GG,AA,AA,GG,CT,GT,AA,AA,GT,AA,AA,GT,AT,AG,TT,AT,CC,GG,TT,GT,AG,GG,CC,AA,AG,AC,AA,GG,TT,TT,GG,GT,GG,CC,AA,GG,AA,AA,CC,TT,CC,TT,CC,TT,TT,GG,TT,CC,TT,CC,CT,CC,AG,AA,AT,TT,CC,AA,NN,AA,CT,GG,TT,CC,TT,AA,AA,TT,CC,GG,CC,GG,CC,GG,TT,AA,CC,CC,CC,CC,AA,GT,CC,AA,CC,CC,AA,TT,AA,AA,GG,CT,CC,GG,AA,AA,AA,CC,GT,CC,CC,AA,AA,GG,TT,GG,AA,TT,TT,GG,CC,TT,GT,TT,CG,AA,GT,TT,AT,TT,GG,CG,AA,CC,CC,CC,GG,CC,AA,GG,GG,CC,TT,CC,GG,GG,GG,AT,AA,AA,TT,CC,CG,AC,CC,CC,GG,GG,CC,CG,TT,AC,AG,CG,GG,AA,AC,AA,AA,GG,TT,TT,AT,GG,GG,AT,CC,TT,TT,AA,GG,AA,TT,AA,TT,CC,CT,CC,CC,CT,CG,AG,CC,AA,CC,TT,TT,GT,NN,AT,AA,CC,AG,GG,CC,NN,GG,CG,GG,TT,AA,CC,GT,GG,CC,CC,AA,GG,CG,AT,CG,AA,AA,AC,CC,AC,AT,AA,GG,AA,AA,AA,AA,AG,AG,AA,AA,TT,GG,AA,AG,AC,AC,TT,AA,AA,GG,GG,GG,TT,AA,AA,TT,TT,TT,AG,TT,GG,GG,AC,5.45,Resistant,Medium,Premium,Late
L0943,Davangere,Karnataka,Rabi,Black Cotton,Irrigated,430,25.5,58,AA,TT,GG,AG,GG,CG,GG,AT,CC,CG,AA,CC,CG,TT,GT,GG,CG,TT,TT,AG,CC,GT,GT,CC,AT,CC,TT,TT,GG,AC,TT,CC,AA,CC,AG,GG,GG,CC,GG,CC,TT,TT,AA,TT,AA,GG,TT,TT,CC,AC,GG,AA,AA,GG,CT,TT,AT,AA,TT,AA,AA,GT,AT,AG,TT,AT,NN,GG,TT,GG,AA,GG,AC,AA,AG,AA,AA,GG,TT,TT,GG,GT,GG,CC,AA,GG,AA,AT,CC,GT,CC,TT,CT,TT,TT,GG,TT,CC,TT,CC,CC,CC,AG,AA,AT,GT,CC,AG,AG,CC,CT,GG,TT,CC,TT,AA,NN,TT,CC,GG,CG,GG,CC,GT,CT,AA,CC,CC,CC,CC,AA,TT,CC,AA,CC,CC,AA,TT,AA,AA,GG,CC,CC,GG,AA,AA,AA,AC,GG,CC,CC,AG,AG,GG,TT,AG,AA,TT,CT,AG,AC,TT,TT,TT,CC,AA,TT,CT,AA,TT,GG,CC,AG,CC,CC,CC,CG,CC,AA,GG,AG,CC,TT,CC,GG,TT,NN,TT,AA,AA,TT,CC,GG,AA,AC,CC,GG,GG,AC,GG,TT,AA,AA,CC,GG,AA,CC,AA,AA,GG,GT,AT,AT,CG,GG,AA,CC,AT,GT,AA,GG,AA,CT,AC,TT,CG,TT,AA,CC,TT,GG,AA,CC,AG,CC,TT,CT,TT,GG,TT,AA,AC,GG,GG,CC,CC,GG,CC,GG,AT,AA,CG,TT,GG,CC,CC,AA,AG,CC,AA,CC,NN,AA,CC,CG,AC,TT,AA,GG,AA,AA,AA,AA,GG,AA,AA,AA,TT,GG,AC,AG,AC,AC,TT,AA,AG,GG,GG,GG,TT,AA,AA,TT,TT,TT,AG,TT,GG,GG,AA,6.91,Moderate,Low,Poor,Medium
L0944,Davangere,Karnataka,Rabi,Black Cotton,Irrigated,430,25.5,58,AC,CT,GG,AA,GG,CC,GG,TT,CC,GG,AA,CT,CC,TT,TT,GT,CG,TT,TT,AG,CC,TT,GT,CC,TT,CC,TT,TT,GG,AA,TT,CC,AG,CC,GG,CG,GG,CC,GG,CC,TT,TT,AA,TT,AA,GG,TT,TT,CC,AC,NN,AT,AA,GG,CC,TT,AA,AA,GT,AC,AA,GT,TT,AA,TT,AT,CC,GG,CC,GG,AA,GG,CC,AA,GG,AC,AT,GG,TT,TT,GG,GG,GG,CC,AA,GG,AA,AA,CC,TT,CC,TT,CT,TT,TT,GG,TT,CC,TT,CT,CC,CC,AG,AA,TT,TT,CG,AA,AG,AA,CC,GG,TT,CC,TT,AA,AA,TT,CG,GG,CC,NN,CC,GT,TT,AA,CT,CC,CC,CC,AA,TT,AC,AA,CC,CC,AA,TT,AA,AA,GG,CC,CC,GG,AA,AG,AA,CC,GT,CC,CC,AA,AA,GG,TT,AG,AA,TT,CT,GG,NN,GT,TT,TT,CC,NN,GT,TT,NN,AT,CG,CC,AG,CC,CC,CC,GG,CC,AA,GG,AG,CC,TT,CC,GT,GT,GG,AT,AA,AA,TT,CC,GG,AC,AC,CC,GG,GG,AC,CG,TT,AA,AA,CC,GG,AT,CC,AT,AA,GG,GT,TT,AA,CG,GG,TT,CC,AA,TT,AA,GG,AA,TT,AA,AT,CC,TT,AA,NN,CT,GG,AA,CG,AA,AC,TT,CT,TT,GG,TT,AA,CC,AG,GG,CC,CC,GG,CC,GG,TT,AA,CC,GT,GG,CC,CG,NN,AG,CC,AT,CC,AA,AA,AA,CG,CC,TT,AA,GG,AA,AA,AC,AA,AG,AG,AA,AA,TT,GG,AC,AA,AC,CC,TT,AA,AA,GG,GG,GG,GT,AA,AG,TT,TT,TT,AA,TT,CG,GG,AA,10.01,Susceptible,Low,Standard,Medium
L0945,Davangere,Karnataka,Rabi,Black Cotton,Irrigated,430,25.5,58,NN,TT,GG,AG,GG,CC,GG,TT,CC,GG,AA,NN,CG,TT,TT,GT,CC,TT,NN,AA,CG,GT,TT,CC,TT,CT,TT,TT,TT,AA,CT,CC,AA,CC,AG,CG,GG,CG,GG,CC,TT,CT,AA,GT,AA,GG,TT,TT,CC,AC,GT,AA,AA,GG,CC,GT,TT,AA,GG,AC,GG,TT,AT,GG,TT,AT,CC,GG,CC,GG,AA,GT,CC,AA,GG,AC,AA,AG,GT,TT,GG,GG,GG,CC,AA,GG,AA,AA,CC,TT,CC,TT,CC,TT,GT,AG,CC,CC,GT,NN,CC,CG,AG,AG,TT,TT,CC,AA,GG,AC,CT,NN,TT,CC,TT,AA,AA,TT,CC,GG,CC,AG,CC,GG,TT,AA,CC,CC,CC,CC,AA,TT,CC,AA,CC,CC,AA,TT,AA,AA,GG,CC,CC,NN,AA,AG,AA,CC,GG,CC,CC,AA,AG,GG,GT,AG,AC,TT,CT,AG,AC,GT,TT,TT,CC,AA,TT,TT,AA,AT,GG,CC,AG,CC,CC,CC,CG,CC,AA,GG,AG,CC,TT,CG,GT,TT,GG,TT,AA,AG,TT,CC,GG,AA,CC,CC,GG,GG,AA,GG,TT,AA,AA,CC,GG,AT,AC,AA,AA,GG,TT,AT,AT,GG,GT,AT,CC,TT,GT,AA,GG,AA,TT,AA,AT,CC,CT,AA,CC,TT,GG,AG,CG,AG,AC,TT,CT,TT,CG,TT,AA,AC,AA,GG,CC,CC,GG,CC,GG,AT,AA,CC,TT,GG,CG,CG,AA,AA,CG,AA,CC,AA,AA,AC,CC,AC,TT,AA,GG,AA,AA,NN,AA,GG,AA,AA,AA,TT,GG,AA,AG,AC,NN,TT,AG,AA,GG,GG,GG,TT,AA,AG,TT,TT,TT,AG,AT,GG,GG,AA,8.46,Susceptible,Medium,Poor,Late
L0946,Davangere,Karnataka,Rabi,Black Cotton,Irrigated,430,25.5,58,AC,TT,GG,AG,GG,CC,GG,AT,CC,CG,AA,CC,CG,TT,TT,GT,GG,TT,TT,AG,CG,TT,TT,CC,TT,CC,TT,TT,GT,AA,TT,CC,AA,AC,GG,CG,GG,CG,GT,CC,TT,TT,AC,GT,NN,GG,TT,AT,CC,AC,GG,AA,AA,GG,CC,TT,AA,AC,GT,AA,AA,GT,TT,AG,TT,TT,CC,GG,TT,GT,AA,GG,AC,AA,GG,AA,AA,GG,TT,TT,GG,GT,GG,CC,AT,GG,AA,AT,CC,TT,CC,TT,CT,TT,TT,GG,TT,CC,GT,CC,CC,CC,AG,AA,TT,TT,CC,AG,AG,AA,CT,GG,TT,CG,GT,AA,AA,TT,CC,GG,CC,AG,CT,TT,CT,AA,CC,CC,AC,CC,AA,TT,CC,AC,CC,CC,AA,TT,AA,AA,GG,CC,CC,GG,AA,GG,AA,CC,GT,CC,CC,AG,AA,GG,GT,GG,AC,GT,TT,GG,CC,TT,GT,TT,CC,AA,GT,TT,AA,TT,CG,CC,AG,CT,CC,CC,GG,AC,AA,GG,AA,CC,TT,CC,GT,GT,NN,AT,AA,AA,TT,CC,CG,AA,CC,CC,GG,GG,CC,CC,TT,AA,AA,CG,GG,AA,AC,AT,AA,GG,TT,TT,AA,GG,GT,AA,CC,TT,TT,AA,GG,AA,CT,NN,TT,CC,TT,AA,CC,TT,GG,GG,CG,GG,CC,TT,TT,GT,GG,TT,AA,CC,AA,GG,CC,CG,GG,CC,GG,TT,AA,CG,TT,GG,CC,CC,AA,AG,CG,AA,CC,AT,AA,AC,CG,CC,TT,AA,GG,AA,NN,AA,AA,GG,AA,AA,AA,TT,CG,AA,AA,CC,AA,TT,NN,AA,CG,GG,NN,TT,AT,AA,TT,TT,NN,AA,TT,GG,GG,AA,5.78,Moderate,Low,Premium,Late
L0947,Davangere,Karnataka,Rabi,Black Cotton,Irrigated,430,25.5,58,AC,TT,GG,AG,GG,CG,TT,TT,CC,CC,AA,CT,CG,TT,TT,GT,GG,TT,AA,AA,CC,GG,GG,CC,TT,CC,TT,TT,GG,AA,CT,CC,AA,AC,GG,GG,GG,CC,GG,CC,TT,TT,AA,TT,AA,GG,TT,AT,CC,AC,GT,AT,AG,GG,CT,TT,AA,AA,GT,AC,AG,TT,TT,AA,TT,TT,CC,GG,CT,GT,AA,GT,CC,AA,AG,AA,AT,GG,GT,CT,GG,GG,GT,CC,AA,GG,AA,AA,CG,TT,AC,TT,CT,TT,GT,GG,CT,CC,TT,CC,CT,CG,GG,AA,AT,TT,CG,AA,GG,AA,CT,GG,TT,CC,TT,AA,AA,TT,CC,GG,CG,GG,CC,GT,TT,AA,CT,CC,CC,CC,AA,GT,CC,AA,CC,CC,AA,TT,AG,AA,CG,CC,CG,GG,AA,AA,AA,CC,GT,CC,CC,AA,AA,GG,TT,AG,CC,NN,TT,GG,CC,GT,TT,TT,CC,AA,GT,TT,AA,AT,GG,CC,AA,CC,CC,CC,NN,CC,AA,GG,AG,CC,TT,CC,GG,GT,CG,AA,AA,AG,TT,AC,GG,AA,CC,CC,CG,GG,AA,GG,TT,AC,AA,CC,GG,AA,CC,AA,AA,GG,GT,TT,AT,CG,GT,AA,CC,TT,GG,AA,GG,AA,TT,AA,TT,CC,TT,AA,CC,TT,GG,GG,CC,AA,NN,TT,TT,GG,GG,TT,AA,CC,AA,GG,CC,CG,GG,CC,GG,TT,AG,CC,GT,NN,CC,CC,AA,GG,CC,AA,CC,AT,AA,CC,CC,AA,TT,AA,GG,AA,AA,AC,AA,AG,AG,AA,AA,TT,GG,AC,AA,AC,AC,CT,AG,AG,GG,GG,NN,TT,AA,GG,TT,TT,TT,AG,TT,GG,GG,AA,9.11,Resistant,Medium,Premium,Early
L0948,Davangere,Karnataka,Rabi,Black Cotton,Irrigated,430,25.5,58,AC,CT,GG,AG,GG,CC,GG,AT,CC,CG,AA,CC,CG,TT,TT,GG,CG,TT,TT,AA,CC,GG,TT,CC,TT,CC,GT,TT,GT,AA,TT,CT,AA,AC,GG,CG,GG,CC,GG,CC,TT,TT,AA,TT,AA,AG,TT,TT,CC,CC,GT,AA,AA,GG,CC,TT,AA,AA,GT,AA,AA,TT,AT,AG,TT,TT,CT,GG,TT,GG,AA,GG,CC,AA,GG,AA,AA,AG,TT,TT,GG,GG,GT,CC,AA,GG,AA,AA,CC,GT,CC,TT,CC,TT,TT,GG,TT,CC,GG,CC,CT,CG,AA,AA,TT,TT,CG,AA,AG,AA,CC,GG,TT,CC,GT,AA,AA,TT,CG,GG,CC,GG,CC,GG,TT,AG,CC,CC,CC,CC,AA,TT,CC,AA,CC,CC,AA,TT,AA,AA,GG,CT,CC,GG,AA,AG,AA,CC,GG,CC,CC,AA,AG,AG,TT,AA,AC,TT,TT,AA,CC,GT,TT,TT,CG,AA,GT,TT,AA,TT,GG,CC,AG,CT,CC,AC,GG,CC,AA,GG,AA,CC,TT,CG,GG,TT,GG,AA,AA,AA,TT,CC,CC,AA,AC,CC,GG,GG,AA,GG,TT,AA,AG,CC,GG,AA,CC,AA,AT,TT,GT,AT,AA,GG,GT,AA,CC,AT,TT,AA,NN,AA,TT,AA,TT,CC,TT,AA,CC,TT,GG,AA,CG,AG,CC,TT,TT,GT,GG,TT,AC,AC,AA,GG,CG,CC,GG,CC,GG,TT,AA,CC,TT,GG,CC,CC,AA,AG,CC,AA,CC,AT,AA,AC,CG,AA,TT,AA,GG,AA,AC,AC,AA,GG,AG,AA,AA,AT,CG,AA,AG,AC,AC,CT,AA,AA,GG,GG,GG,TT,AA,AA,GG,TT,TT,AG,TT,GG,GG,NN,5.09,Susceptible,Medium,Poor,Early
L0949,Davangere,Karnataka,Rabi,Black Cotton,Irrigated,430,25.5,58,AC,TT,GG,AA,GG,CC,GG,TT,CG,CG,AA,CC,CG,TT,TT,GT,GG,TT,TT,AA,NN,TT,GT,CC,TT,CC,GT,TT,GT,AA,TT,CC,AA,CC,GG,GG,GG,CG,GG,CC,TT,CT,AA,TT,AA,GG,TT,AT,CG,AC,GG,AA,AA,GG,CT,TT,AA,AA,GG,AA,AA,TT,AA,AA,CC,AT,CC,GG,TT,GG,AG,GG,CC,NN,GG,AC,AA,GG,TT,TT,GG,GG,GG,CC,AA,GG,AA,AA,CC,TT,AC,TT,CT,AA,GT,GG,TT,CC,GT,CC,CT,CG,AA,AA,AT,TT,CC,AA,AA,AC,CT,GG,TT,CC,TT,AA,AA,AT,CG,GG,CC,GG,CC,GT,TT,AG,CT,CC,CC,CC,AA,TT,CC,AA,CC,NN,AA,AT,AA,TT,GG,CC,CC,AG,AA,AG,AA,CC,NN,CC,CG,AA,AG,GG,GT,AG,NN,TT,CT,AG,CC,TT,GT,TT,CC,AT,GT,CT,AT,TT,GG,CG,AA,CC,CC,AC,CG,CC,AA,GG,GG,CC,TT,CG,GG,GT,CG,AA,AA,AA,TT,CC,GG,AA,CC,CC,CG,GG,AC,GG,TT,AA,AA,CC,GT,NN,CC,AT,AA,TT,TT,AT,AT,CC,TT,AA,CC,TT,TT,AA,GG,AA,CT,AA,TT,CC,CT,AC,CC,TT,CG,AA,CC,AA,CC,TT,CT,GT,GG,TT,AA,AC,AA,GG,CC,CC,GG,CC,GT,TT,AA,CG,TT,GG,CC,CG,AA,AG,CC,TT,CC,NN,AA,AC,CC,CC,TT,AA,GG,AA,AA,AA,AA,GG,AA,AA,AA,TT,GG,AA,AA,AC,AA,CT,AA,AA,GG,GG,CG,TT,AA,AG,GT,TT,TT,AG,TT,GG,GG,AA,5.09,Resistant,Low,Premium,Late
L0950,Davangere,Karnataka,Rabi,Black Cotton,Irrigated,430,25.5,58,AA,TT,GG,AG,GG,CC,GG,AT,CC,CG,AA,CC,CC,AT,TT,GG,CG,TT,TT,AA,CC,TT,TT,CC,AT,CC,TT,TT,GG,AA,TT,CC,AG,CC,GG,CG,GG,CC,GG,CC,TT,CT,AA,NN,AG,GG,TT,TT,CC,AC,GT,AA,AA,GG,CC,TT,AA,AC,NN,AA,AA,GT,AT,AG,TT,AT,CC,GG,TT,GG,AA,GT,CC,AA,GG,AA,AT,GG,TT,TT,GG,GT,TT,CC,AA,GG,AA,AA,CC,GT,CC,TT,CC,TT,GT,AG,TT,CC,TT,CC,CT,CG,GG,AA,AT,TT,CC,AA,AA,AA,CT,GG,TT,CC,GT,AA,AA,TT,CC,GG,CC,AG,CC,GT,CT,AA,CC,CC,CC,CC,AA,TT,CC,AA,CC,CT,AA,AT,AA,AA,GG,CT,CC,GG,AA,AA,AT,CC,GG,CC,CC,AA,AA,GG,NN,GG,AA,TT,CT,GG,CC,GT,TT,TT,GG,AT,TT,CT,AT,TT,GG,CC,NN,CT,CC,CC,CG,CC,AA,GG,AG,CC,TT,CC,GG,TT,GG,AT,AA,AG,TT,CC,GG,AA,CC,CC,GG,GG,AC,GG,TT,AC,AA,CC,GG,AA,CC,AA,AT,GG,TT,AT,AA,CG,GT,AT,CC,TT,TT,AA,GG,AA,TT,AA,TT,CC,CT,AC,CC,CT,GG,GG,CG,AG,CC,TT,TT,GT,GG,TT,AC,AC,AA,GG,CC,CC,GG,CC,GG,TT,AA,CC,TT,GG,CC,CG,AA,GG,CG,AT,CG,AT,AA,CC,NN,AC,TT,AA,GG,AA,AA,AC,AA,AG,AA,AA,AA,AT,GG,AA,GG,AA,AA,CC,AA,AA,GG,GG,GG,TT,AA,AA,TT,TT,NN,GG,TT,GG,GG,AA,8.11,Susceptible,Medium,Premium,Late
L0951,Davangere,Karnataka,Rabi,Black Cotton,Irrigated,430,25.5,58,CC,CT,AA,AA,GG,CC,GG,TT,CC,CC,AT,CT,CG,TT,TT,GG,GG,TT,TT,AA,GG,TT,GG,CC,TT,CC,TT,AA,GT,AA,CT,CT,AA,CC,GG,GG,GG,GG,GG,CC,TT,CT,AA,TT,AA,AG,TT,TT,CC,AC,GG,NN,AA,GG,CT,GT,AA,AA,GT,AC,AA,GT,TT,AA,TT,TT,CC,NN,TT,TT,AA,GG,CC,AA,GG,AA,AA,AG,TT,TT,GG,GG,GT,CC,AA,AG,AA,AA,CC,GT,CC,TT,CT,AT,GT,GG,TT,AC,GT,CC,CT,CC,AG,AA,TT,TT,CC,AG,AG,AA,CC,GG,TT,CC,GT,AA,AC,TT,NN,AG,CC,NN,CC,GT,CC,AA,CT,CC,CC,CC,AA,TT,AC,AA,CC,CT,AA,TT,AA,AA,GG,CC,CC,GG,AA,AA,AA,AC,GG,CC,CG,AA,AA,GG,TT,GG,AA,GT,TT,GG,CC,TT,TT,CT,CC,AT,GT,TT,AA,TT,GG,CC,AA,CC,CC,CC,CG,CC,AA,GG,AA,CC,TT,CC,GT,GT,CC,TT,AA,AA,TT,CC,GG,AC,AC,CC,GG,GG,AC,GG,TT,AC,NN,CC,GG,AA,CC,AA,AT,GG,GT,AT,AT,CG,GT,AA,CC,TT,GT,AA,GG,AA,TT,AA,TT,CC,TT,AA,AC,TT,GG,AG,CC,AG,CC,TT,CT,GG,GG,AT,AA,CC,AA,GG,CC,CC,GG,CC,GG,AT,AA,CC,GT,GG,CC,CC,AA,GG,CC,AA,CC,AA,AA,AC,CC,CC,TT,AA,GG,AA,AA,AA,AA,AG,AA,AA,AA,AT,GG,AC,AG,AC,AA,TT,AA,AA,GG,GG,GG,TT,AA,AA,TT,TT,TT,AA,NN,GG,GG,AA,8.38,Susceptible,Low,Poor,Early
L0952,Davangere,Karnataka,Rabi,Black Cotton,Irrigated,430,25.5,58,AC,TT,AG,AG,GG,CC,GT,TT,CC,CG,AA,CC,CC,TT,TT,GG,GG,TT,TT,AG,CC,TT,TT,CC,TT,CC,TT,TT,GT,AA,TT,CC,AA,CC,GG,GG,NN,CG,NN,CC,TT,CT,AA,GT,AA,AA,TT,TT,CC,AA,GT,AA,AA,GG,CT,TT,AA,AC,GT,AA,AA,TT,TT,AG,TT,AA,CC,GG,TT,GG,AG,GG,AC,AA,GG,CC,AT,GG,TT,TT,GG,GG,GG,CC,AT,GG,AA,AT,CC,GT,CC,GT,CC,TT,GT,GG,TT,CC,GT,CT,CT,CG,GG,AA,TT,TT,CG,AA,AA,AA,CC,GG,TT,CC,TT,AC,AC,TT,CC,AG,CC,NN,CT,GG,TT,AA,CC,CC,AC,CC,AA,TT,AC,AA,CC,CT,AG,TT,AA,AA,GG,CC,CC,GG,AA,AG,AA,CC,GT,CC,CC,AA,AA,GG,TT,GG,AC,TT,CT,GG,AC,GT,GG,CT,CC,AA,GT,CT,AT,TT,GG,CC,AA,CT,CC,CC,GG,CC,AA,GG,AG,AC,TT,NN,GG,TT,GG,AT,AG,AA,TT,CC,CG,AC,CC,CC,CG,GG,AC,GG,TT,AC,AG,CG,GG,AA,CC,AA,AA,GG,TT,AT,AA,CG,GT,AT,CG,TT,GT,AA,GG,AA,CT,CC,AT,CG,CT,AA,CC,CT,CG,GG,CC,AG,CC,TT,TT,GT,GG,AT,AA,AA,AA,GT,CC,CC,GG,CC,GG,AT,AA,CG,GT,GG,CC,CC,AA,GG,CG,AT,CG,AA,AA,AC,CG,CC,TT,AA,GG,AA,AA,AC,AC,GG,AG,AA,AA,TT,CG,AA,AA,AC,AA,CT,AG,AA,GG,GG,GG,TT,AT,AA,TT,TT,TT,AG,AT,GG,CG,AA,7.43,Susceptible,Medium,Standard,Medium
L0953,Davangere,Karnataka,Rabi,Black Cotton,Irrigated,430,25.5,58,AC,TT,GG,AA,GG,CC,GG,TT,CC,CC,AA,CT,CG,AT,TT,GG,CG,TT,TT,AA,CC,GG,NN,CC,TT,CC,TT,TT,GG,AA,CT,CC,AA,CC,GG,CG,GG,GG,GG,NN,TT,CC,AA,NN,AG,GG,CT,TT,CC,AA,GT,AT,AA,GG,CC,TT,AA,AC,GG,AA,AA,TT,TT,AA,TT,TT,CC,GG,CT,GT,AG,GG,CC,AA,AA,AA,AT,GG,TT,TT,GG,TT,GT,CC,AA,GG,AA,AA,CC,GT,CC,TT,CC,TT,TT,GG,CT,CC,GT,CC,CT,CC,AG,AA,TT,TT,CC,AA,AG,AC,CC,GG,GT,CC,TT,AA,AA,TT,CC,AG,CC,GG,CC,GT,TT,AA,CC,CC,CC,CC,AA,TT,CC,AA,CC,CC,AA,AT,AA,AA,CG,CT,CC,GG,AA,AA,AA,CC,GG,CC,CC,AA,AA,GG,TT,GG,AC,TT,TT,AG,AC,TT,TT,TT,CG,AA,GT,NN,AA,TT,CG,CC,AA,CT,CC,CC,GG,AC,AA,GG,AG,CC,TT,CC,GT,TT,CG,AT,AA,AA,TT,CC,GG,AC,AC,CC,CG,NN,AC,NN,TT,CC,AA,CC,GT,AA,AC,AA,AT,GG,TT,TT,AA,GG,TT,AT,CG,NN,TT,AA,GG,AA,TT,AA,TT,CC,CT,CC,CC,CT,GG,AA,CC,AA,CC,TT,CT,GT,GG,TT,AA,AA,AA,GG,CC,CG,GG,CC,GG,AT,AA,CC,TT,GG,CC,CC,AA,GG,CG,AA,CC,AA,AA,CC,CC,CC,TT,AA,GG,AA,AA,AC,AC,GG,GG,AA,AA,AT,GG,AC,AG,AC,AC,CT,AA,AA,GG,GG,GG,TT,AA,AA,TT,TT,AT,AA,AA,GG,GG,AA,9.27,Susceptible,High,Standard,Medium
L0954,Davangere,Karnataka,Rabi,Black Cotton,Irrigated,430,25.5,58,AC,TT,GG,AG,CG,CC,GG,TT,CC,CC,AA,CC,CG,TT,GT,GG,GG,TT,TT,AA,NN,TT,GT,CC,TT,CT,TT,TT,GT,AA,TT,CT,AA,AC,AG,GG,GG,CG,GG,CC,TT,NN,AA,TT,AA,AG,TT,AT,CC,AC,GT,AA,AA,GG,CC,TT,AT,AA,GT,CC,AA,TT,AT,AG,CT,TT,CC,GG,TT,GT,AG,GG,CC,AA,AG,AA,AT,GG,GT,TT,GG,GG,GG,CC,AT,GG,AG,AA,CC,TT,AC,TT,CC,TT,TT,GG,NN,CC,GT,CC,CT,CC,AG,AA,TT,TT,CC,AA,GG,AA,CT,GG,TT,CC,GT,AA,AA,TT,CC,AG,CG,GG,CC,GG,TT,AA,CC,CC,AC,CC,AA,TT,CC,AA,CC,CT,AA,TT,AA,AA,GG,CC,CG,GG,AA,AA,AA,CC,GT,CC,CC,AA,AA,GG,TT,GG,AC,TT,TT,GG,CC,GT,TT,TT,CC,AT,TT,TT,AA,AT,GG,CC,AA,CC,AC,CC,GG,CC,AA,GG,AG,CC,TT,GG,GG,TT,GG,AT,AA,AG,TT,AC,GG,AC,CC,CC,GG,GG,AC,GG,TT,AC,AA,CC,NN,AA,AC,AA,TT,GG,TT,TT,AT,GG,TT,TT,CC,AT,GT,AA,GG,AA,CT,AC,TT,CC,TT,AA,AC,CC,CG,NN,CC,GG,CC,TT,CT,GT,GG,TT,AA,AC,AA,GT,CC,GG,GG,CC,GG,AT,AG,CC,TT,GG,CG,CG,AA,GG,CC,AA,CC,AA,AA,AA,CC,AA,TT,AA,GG,AA,AA,AC,AA,GG,AA,AA,AA,TT,CG,AA,AA,CC,AA,NN,AA,AA,CG,AG,GG,GT,AA,AA,GT,TT,TT,AG,TT,GG,NN,AA,7.9,Susceptible,Low,Standard,Early
L0955,Davangere,Karnataka,Rabi,Black Cotton,Irrigated,430,25.5,58,AC,CT,GG,AA,GG,CC,GT,TT,CC,CG,AA,CC,CG,TT,GT,GT,GG,TT,TT,AG,CC,TT,GG,CC,TT,CC,TT,TT,GG,AA,TT,CT,AA,CC,GG,GG,GG,GG,GG,CC,TT,TT,AA,TT,AA,GG,TT,TT,CC,AA,GG,AA,AG,GG,CC,GT,AA,AC,GT,AC,AA,GT,TT,AG,TT,TT,CC,GG,TT,GT,AA,GG,CC,AA,GG,AC,AA,NN,GT,TT,GG,GT,GG,CC,AT,GG,AA,AA,CC,GT,CC,TT,CC,TT,TT,GG,CT,CC,TT,CC,CC,GG,AG,AA,TT,GT,CC,AA,AA,AA,CC,GG,TT,CC,TT,AA,AA,TT,CC,AA,CC,GG,CC,GT,TT,AA,CT,CC,CC,CC,AA,TT,CC,AA,CC,CC,AA,TT,AA,AA,GG,CC,CC,GG,AA,AG,AA,CC,GG,CC,CG,AA,AG,AG,GG,AG,AC,TT,TT,GG,AA,TT,GT,TT,CG,AA,TT,TT,AA,TT,GG,CC,AA,NN,NN,CC,GG,CC,AA,GG,GG,CC,TT,CG,GT,TT,GG,TT,AA,AA,TT,AC,GG,AA,AC,CC,GG,GG,AA,GG,TT,AC,AA,CC,GT,AT,AC,AA,AA,GT,TT,TT,AT,GG,GT,AA,CC,TT,GT,AA,GG,AA,TT,AA,AT,CC,TT,AC,CC,CT,CC,AA,CG,AG,CC,TT,CT,TT,NN,TT,AA,AC,AA,GG,CC,GG,GG,CC,GG,AT,AA,CG,TT,AG,CC,CC,AA,GG,CC,TT,CC,AA,AA,AA,GG,AC,TT,AA,GG,AA,AA,AC,AA,AG,AG,AA,AA,TT,CG,AC,AA,CC,AA,CT,AA,AA,GG,GG,GG,GT,AA,AA,GT,TT,TT,AA,AT,GG,NN,AA,9.08,Susceptible,High,Poor,Medium
L0956,Davangere,Karnataka,Rabi,Black Cotton,Irrigated,430,25.5,58,CC,TT,AG,GG,GG,CC,GG,AT,CC,CG,AA,CT,CG,TT,TT,GG,CG,TT,TT,AG,CG,TT,GG,CT,TT,CC,GT,TT,GG,AA,TT,CC,AG,CC,GG,GG,GG,CG,GG,CC,TT,CC,AA,TT,AA,GG,TT,AT,CG,AC,GT,AA,AA,GG,CC,TT,AA,AA,GG,AC,AA,GT,AT,AG,TT,NN,CC,GG,TT,NN,GG,GG,CC,AA,GG,CC,AA,GG,TT,TT,GG,GG,NN,CC,AT,NN,AA,AT,CC,TT,CC,TT,CC,AT,GT,GG,CT,CC,TT,CC,CC,GG,AG,AA,TT,TT,CC,AG,GG,AA,TT,GG,TT,CC,TT,AC,AA,TT,CG,GG,CC,AA,CT,GT,TT,AA,CC,CC,CC,CC,AA,TT,NN,AA,CC,CC,AA,AA,AA,AA,GG,CC,CC,AG,AA,AG,AA,CC,GG,CC,CC,AG,AG,GG,TT,GG,AC,TT,TT,GG,CC,TT,GT,TT,CG,AT,TT,TT,AA,TT,GG,CC,AG,CT,CC,CC,CG,CC,AA,GG,GG,CC,TT,CC,GT,TT,GG,AA,AA,AA,TT,CC,GG,AC,CC,CC,GG,GG,AC,GG,TT,AA,AA,CC,GT,AA,CC,AA,AT,GG,TT,TT,AA,CG,GT,AT,CC,AT,GT,AA,GG,AA,TT,AA,AT,CC,TT,AA,AC,CC,CG,AA,CC,AG,CC,TT,CT,TT,GG,TT,AA,NN,AA,GG,CC,CC,GG,CC,GG,TT,AA,CC,TT,GG,CC,CC,AA,AG,CC,AA,CC,AA,AA,CC,CC,AA,TT,AA,GG,AA,AA,AC,AA,AG,AA,AG,AA,TT,GG,AA,AA,AC,AA,CT,AA,AA,CG,AG,GG,TT,AT,AA,TT,TT,TT,AA,AT,GG,GG,AC,7.15,Resistant,High,Premium,Medium
L0957,Davangere,Karnataka,Rabi,Black Cotton,Irrigated,430,25.5,58,AA,TT,AG,AG,CG,CC,GT,AT,CC,CG,AA,CC,CC,AT,GT,GG,CG,TT,TT,AA,CC,TT,GT,CT,TT,CC,TT,AT,GG,AA,TT,CT,AA,CC,AG,GG,GG,CC,GG,CC,TT,CT,AC,TT,AA,AA,TT,AT,CC,CC,GG,AA,AA,GG,CC,TT,AA,AC,GT,AA,AG,TT,AA,AG,TT,AT,CC,GG,TT,GG,AA,GG,CC,AA,AG,AC,NN,GG,TT,TT,GG,GG,TT,CC,AT,GG,AA,TT,CG,GT,CC,TT,CC,TT,TT,GG,TT,CC,GT,CT,CC,CC,AG,AA,TT,TT,CC,AA,AA,AC,CT,GG,TT,CC,TT,AA,AA,TT,CC,AG,CC,GG,CT,GT,TT,AA,CC,CC,CC,CC,AA,GG,CC,AA,CC,CC,AA,TT,AA,AA,CG,CC,CC,GG,AA,AA,AA,AC,GG,CC,CC,AA,AA,GG,TT,GG,AC,GT,TT,GG,CC,TT,GT,CT,CG,AA,TT,TT,AA,TT,CG,CC,AA,TT,AC,CC,CG,CC,AA,GG,AG,CC,TT,CC,GG,GT,CC,TT,AA,AA,TT,AC,GG,AA,CC,CC,GG,GG,AC,GG,TT,AA,AA,CC,GG,AT,CC,AA,AA,GG,NN,TT,AT,GG,GT,AA,CC,TT,GG,AA,GG,AA,TT,AA,AT,CC,TT,AA,AC,TT,GG,GG,CG,GG,AC,AT,CT,NN,GG,TT,AC,CC,AG,GG,CG,CG,GG,CC,GG,TT,AA,CC,GT,GG,CC,CC,AA,GG,CC,AA,CC,AA,AA,NN,CC,AC,TT,AA,GG,AA,AA,CC,NN,GG,AG,AA,AG,TT,GG,AA,AG,AC,AA,TT,AA,AA,GG,GG,GG,TT,AT,AA,TT,TT,TT,AA,AT,GG,GG,AA,5.74,Susceptible,Medium,Standard,Medium
L0958,Davangere,Karnataka,Rabi,Black Cotton,Irrigated,430,25.5,58,AC,TT,GG,AG,GG,CC,TT,TT,CC,CG,AA,CC,CC,AT,GT,GG,CG,TT,TT,AA,CC,GT,TT,CC,AT,CC,TT,AT,GG,AA,TT,CC,AA,CC,GG,CG,GG,CG,GG,CC,TT,CC,AA,TT,AA,AG,CT,AT,CG,CC,GT,AT,AA,GG,CT,TT,AA,AA,GT,AA,AA,TT,TT,GG,TT,TT,CC,GG,NN,GG,GG,GT,CC,AA,AG,AC,AT,GG,GT,TT,GG,GG,GG,NN,AA,GG,AA,AA,CC,GT,AC,TT,CC,NN,GT,GG,CT,CC,GG,CC,CC,CG,AG,NN,TT,TT,CC,AA,AG,AA,TT,GG,TT,CC,TT,AC,AA,TT,CC,AG,CC,GG,CC,GT,CC,AG,CC,CC,CC,CC,AA,TT,CC,AA,CC,CC,AA,AT,AA,AT,GG,CT,CG,GG,AA,NN,AA,CC,GG,CC,CC,AA,AA,AG,GT,AG,CC,TT,CT,AG,AA,GT,GT,CT,CG,AA,TT,TT,AA,AA,GG,NN,AG,CT,CC,CC,GG,CC,AA,GG,AG,CC,TT,CC,GG,TT,CG,AA,AA,AA,TT,CC,GG,AA,AA,CC,NN,GG,AC,GG,TT,AC,AA,CC,GG,AT,CC,TT,AA,GG,TT,TT,AT,GG,GT,AA,CG,TT,TT,AA,GG,AA,TT,CC,TT,CC,TT,AA,CC,TT,GG,AG,CC,AG,AC,TT,TT,GG,GG,TT,AA,CC,AA,GG,CC,CG,GG,CC,GG,TT,AA,CC,GT,GG,CC,CG,AT,GG,CG,AA,CC,AA,AA,CC,CG,AC,TT,AA,GG,AA,AA,AC,AA,AG,AA,AG,AA,TT,CC,AA,AG,CC,AA,TT,AG,AG,GG,GG,NN,TT,AA,AA,TT,TT,TT,AG,AT,GG,GG,AA,8.11,Susceptible,Low,Poor,Medium
L0959,Davangere,Karnataka,Rabi,Black Cotton,Irrigated,430,25.5,58,AC,TT,GG,AA,GG,CC,GG,AT,CC,CG,AA,CC,CG,TT,TT,GT,GG,TT,TT,AG,CC,GT,GT,CC,TT,CC,TT,NN,GG,AA,TT,CC,AA,CC,GG,CG,GT,CC,GG,CC,GT,CT,AA,GT,AG,AG,TT,AA,CC,AC,GG,AA,AA,GG,CC,NN,AA,AA,GT,AA,AG,TT,AA,AA,TT,AT,CC,GG,TT,GT,AA,GG,CC,AA,GG,AA,AA,GG,TT,TT,GG,GT,GG,CC,AA,GG,AA,AA,CC,GG,CC,TT,TT,TT,GT,GG,TT,AC,GT,CC,CC,GG,GG,AG,TT,GT,CC,AG,AA,AA,CC,GG,TT,CC,TT,AA,AA,TT,CC,GG,CC,GG,CC,GG,NN,AA,CC,CC,CC,CG,AA,TT,CC,AA,CC,CT,AA,TT,AG,AA,GG,CC,CC,GG,AA,GG,AA,CC,GG,CC,CG,AA,AA,GG,TT,GG,AA,TT,CT,NN,CC,TT,GT,TT,CC,AT,TT,TT,AT,TT,GG,CC,AG,CT,CC,CC,CG,CC,AA,GG,GG,CC,GT,CC,GG,GT,GG,AT,AG,AA,TT,CC,GG,AC,AC,CC,GG,AG,AA,CG,NN,AC,AA,CC,GG,AA,AC,AA,AA,GG,GT,AT,AT,GG,GT,AA,CG,AT,TT,AA,GG,AA,CT,AA,TT,CC,TT,CC,CC,TT,GG,AG,CC,AG,CC,TT,CT,TT,GG,TT,AA,AC,AA,GG,CC,CC,GG,CC,GG,AA,AA,CC,TT,GG,CC,CC,AA,GG,CG,AA,CC,AA,AA,AC,CC,AC,TT,AA,GG,AA,AA,AC,AC,AG,AA,AA,AA,TT,GG,AA,AA,AA,AA,TT,AA,AA,GG,GG,GG,TT,AA,NN,GT,TT,TT,AG,TT,GG,GG,AA,5.71,Resistant,Medium,Premium,Early
L0960,Davangere,Karnataka,Rabi,Black Cotton,Irrigated,430,25.5,58,AC,TT,GG,AA,GG,CC,GG,AT,CC,CC,AA,CC,CC,TT,NN,GG,CG,TT,TT,AA,CG,NN,GT,CC,TT,CC,GT,AT,GG,AA,TT,CC,AA,CC,GG,GG,GG,CG,GG,CC,TT,CT,AA,TT,AG,GG,CT,TT,CC,CC,GG,AA,AG,GG,CT,TT,AT,CC,GT,NN,GG,TT,TT,AA,TT,TT,CC,GG,TT,GG,GG,GG,CC,AA,NN,AA,AA,GG,TT,TT,GG,GG,GG,CC,AA,GG,AA,AT,CC,TT,CC,TT,CC,TT,TT,GG,TT,CC,GT,CC,CC,GG,AG,AA,TT,TT,CG,AA,NN,AA,CC,GG,TT,CC,TT,AA,AA,TT,CC,AG,CC,GG,CC,GG,CT,NN,CT,CC,CC,CC,AA,GT,CC,AA,CC,CT,AA,TT,AA,AA,GG,CC,CC,GG,AA,AG,AT,CC,GG,CC,CC,AA,AA,AG,TT,AG,AC,TT,TT,GG,CC,TT,GT,TT,CC,AT,GT,TT,AA,TT,GG,NN,AA,CC,CC,CC,GG,AC,AA,GG,AG,CC,TT,CC,GT,TT,GG,AT,AA,AA,TT,AC,GG,AA,CC,CC,CG,GG,CC,CG,TT,AC,AA,CC,GG,AA,CC,AA,AA,GT,TT,AT,AT,GG,GG,AA,CG,TT,TT,AT,GG,AA,CT,AA,TT,CC,TT,AC,CC,TT,GG,AA,CC,AG,CC,NN,CT,TT,GG,TT,AA,AC,AG,GG,CC,CC,GG,CC,NN,AT,AA,CC,GT,GG,CC,CC,AA,GG,CC,AA,CC,AA,AA,CC,CC,AC,TT,AA,GG,AA,AA,AA,AA,AG,AA,AA,AA,AT,GG,AA,AA,NN,AA,CT,AA,AG,GG,GG,GG,GT,AT,AA,GT,TT,TT,GG,TT,GG,GG,AA,7.47,Moderate,Medium,Premium,Medium
L0961,Davangere,Karnataka,Rabi,Black Cotton,Irrigated,430,25.5,58,CC,TT,AG,AA,GG,NN,GG,AT,CC,CG,AA,CC,CC,TT,GT,GG,CG,TT,TT,AA,CC,TT,GT,CT,NN,CC,TT,TT,GT,AA,TT,CC,AA,CC,GG,GG,GG,CC,NN,CC,TT,CT,AA,TT,AA,AG,TT,TT,CC,AA,GT,AT,AG,GG,CC,TT,AA,AA,GG,AC,AA,TT,TT,AG,TT,TT,CC,GG,CT,GT,GG,GG,CC,AA,GG,CC,AA,GG,TT,TT,AG,GT,NN,CC,TT,GG,AA,AT,CC,GT,CC,TT,CC,TT,GT,GG,TT,CC,GT,CC,CT,CC,AG,AA,AT,TT,CC,AA,AG,AA,CC,GG,TT,CG,TT,AA,CC,TT,CG,AG,CC,GG,CC,TT,TT,AG,CT,CC,AA,CC,AA,TT,CC,AA,CC,CC,AA,TT,AA,AA,CG,CT,CG,GG,AA,GG,AT,CC,GT,CC,CC,AA,AA,NN,GG,GG,AC,TT,TT,AG,AC,TT,TT,CT,CC,AT,TT,CC,AA,TT,GG,CC,AA,CC,CC,CC,CG,CC,AA,GG,AG,CC,TT,CC,GT,TT,CG,AA,AA,AG,TT,AC,GG,AC,CC,CC,GG,GG,AC,GG,NN,AA,AA,CC,GT,AA,CC,AA,AA,GT,TT,TT,AA,CG,GT,AA,CC,TT,GT,AA,GG,AA,TT,AA,TT,CC,CT,AA,CC,CT,GG,AG,CG,AG,CC,TT,TT,TT,GG,AT,AC,AC,AG,GG,CC,CC,GG,CC,GG,AT,AA,CC,GT,GG,CG,CG,AT,GG,NN,AA,GG,AA,AA,AC,CC,AC,TT,AA,CC,AA,AC,AC,AA,AA,AG,AG,AA,NN,GG,AC,NN,AA,AA,TT,AA,AA,GG,AG,GG,TT,AT,AG,TT,TT,TT,NN,TT,GG,GG,AA,6.73,Susceptible,Low,Poor,Late
L0962,Davangere,Karnataka,Rabi,Black Cotton,Irrigated,430,25.5,58,AA,TT,AG,GG,GG,CC,GG,TT,CC,CC,AA,CT,GG,TT,TT,GG,CG,TT,TT,AA,CC,GT,GG,CC,AT,CC,GT,TT,GT,AA,TT,CC,AA,CC,GG,GG,GT,CG,GG,CC,TT,TT,AA,TT,AA,GG,CT,NN,CC,AA,GG,AA,AG,GG,CC,TT,AT,AA,GT,AA,AA,TT,TT,AG,TT,AT,CC,GG,TT,GG,AA,GG,CC,AA,GG,CC,AT,GG,GG,TT,GG,GG,GG,CC,AA,GG,AA,AA,CC,TT,CC,TT,CT,TT,TT,GG,TT,CC,GT,CC,CC,CC,AG,AA,AT,TT,CC,AA,AA,AC,CT,GG,TT,CC,TT,AA,AC,TT,CG,AG,CG,AG,CC,TT,CT,AG,CC,CC,CC,CC,AA,TT,AC,AA,CC,CC,AA,TT,AG,TT,CG,CC,CC,GG,AA,AG,AA,AC,NN,CC,CC,AG,AA,GG,TT,AG,AA,TT,CT,GG,CC,GT,GT,CT,GG,AA,TT,TT,AA,TT,GG,CC,AG,CC,CC,CC,GG,CC,AA,GG,AG,CC,TT,CC,GG,GT,GG,TT,AA,GG,TT,CC,GG,AA,AC,CC,GG,GG,AA,GG,CT,AA,AA,CC,GG,AT,CC,AA,AA,GG,TT,AT,AA,NN,GG,AA,CC,AT,GG,AA,GG,AA,CT,AC,TT,CG,TT,AC,CC,CT,CC,AG,CG,GG,AC,TT,CT,TT,GG,TT,AA,AA,AA,GG,CC,CG,GG,CC,GG,TT,AA,CG,TT,GG,CC,CC,AA,GG,CC,AA,CC,AA,AA,CC,CC,CC,TT,AA,CG,AA,AA,AA,AA,GG,AA,AA,AA,TT,GG,AC,AA,AC,AA,CT,AA,AA,GG,GG,GG,TT,AA,AG,TT,TT,TT,AA,AT,GG,GG,AA,8.64,Susceptible,Low,Premium,Late
L0963,Davangere,Karnataka,Rabi,Black Cotton,Irrigated,430,25.5,58,AC,TT,GG,AG,CG,CC,GG,TT,CC,CG,AA,CC,CC,AT,TT,GG,GG,TT,TT,AA,CC,TT,GT,CC,AT,CC,TT,NN,GG,AA,TT,CC,AA,CC,GG,GG,GG,CG,GG,CC,TT,CC,CC,TT,AA,GG,TT,TT,CC,AC,GG,AA,AA,GG,CT,GT,AA,AA,TT,AA,AA,TT,TT,AG,TT,AT,CC,GG,TT,GG,AA,GG,CC,AG,AG,AA,AT,GG,GT,TT,GG,GG,NN,CC,AA,GG,AG,AA,CG,TT,AA,TT,CC,AT,GG,GG,CT,CC,GG,CC,CC,CC,AA,AA,TT,TT,CC,AA,AG,CC,CT,GG,GT,CG,GT,AA,AA,NN,CC,AG,CC,GG,CT,GT,TT,AA,CC,CC,AC,CC,AG,TT,NN,AA,CC,CC,AA,TT,AG,AT,GG,CC,CG,AG,AA,GG,AA,AC,GG,CC,CC,AA,AG,GG,TT,GG,CC,TT,TT,AG,CC,TT,TT,TT,CC,AA,TT,TT,AA,AT,GG,CC,AG,CT,CC,CC,GG,CC,AA,GG,AA,CC,TT,CC,GT,TT,GG,TT,AA,AG,GT,CC,GG,AA,AC,CC,GG,GG,AA,GG,TT,AA,AA,CC,GG,AT,CC,AA,AA,GT,GT,TT,AT,GG,GT,TT,CG,AT,GG,AA,GG,AA,TT,AA,TT,CC,CT,AA,CC,TT,GG,AG,CC,AG,CC,TT,CT,TT,GG,TT,AA,AC,AA,NN,CC,CC,GG,CC,GG,AT,AA,CC,TT,GG,CC,CC,AA,GG,CC,AT,CC,AA,NN,AC,CC,CC,TT,AA,GG,AA,AA,AC,AA,GG,AG,AA,AA,TT,GG,AA,AG,AC,AA,TT,AG,AG,GG,GG,GG,TT,AA,AA,TT,TT,TT,AG,TT,GG,GG,AA,9.65,Moderate,Medium,Poor,Early
L0964,Davangere,Karnataka,Rabi,Black Cotton,Irrigated,430,25.5,58,AA,CT,GG,AA,GG,CC,GG,AT,CC,CC,AT,CC,CC,AT,TT,GG,GG,TT,TT,AA,CC,TT,TT,CC,AT,CC,GT,TT,GG,AA,TT,CT,AA,CC,GG,CG,GG,NN,GG,CC,TT,CT,AA,TT,AG,AG,TT,AT,CC,AC,GG,AA,AG,GG,CC,TT,AA,AC,GG,NN,AG,GT,AT,GG,TT,AT,CC,GG,TT,GT,AG,GG,CC,AA,AA,AC,AT,AG,TT,TT,GG,GG,GG,CC,AA,GG,AA,AA,CG,GT,CC,GT,CT,AT,TT,GG,CT,CC,TT,CT,CC,CC,AG,AG,AT,TT,CC,AA,AA,AA,CC,GG,TT,CC,GT,AC,AC,TT,CC,AG,CG,GG,CT,GG,TT,AG,CC,CC,CC,CC,AA,GT,CC,AA,CC,CC,AA,TT,AG,AA,CG,CT,CC,NN,AA,GG,AA,AC,GG,CG,CC,AA,AA,GG,TT,AG,AA,NN,TT,GG,AC,TT,GT,CT,NN,AT,TT,TT,AT,TT,CG,CC,AG,CC,CC,CC,GG,CC,AA,GG,AA,CC,TT,CC,GG,GG,GG,TT,AA,AA,GT,CC,GG,AA,CC,CG,GG,GG,AA,CG,TT,AA,AA,CC,GG,AT,CC,AA,AT,GG,TT,AT,AA,GG,GG,AT,CC,TT,GG,AA,GG,AA,TT,AC,TT,CC,TT,AA,CC,CT,CG,AG,CG,GG,AC,AT,TT,GT,GG,TT,AA,AC,AA,GT,CC,CG,GG,CC,GG,AT,AA,CC,TT,GG,CC,CC,AT,GG,CC,AA,CC,AA,AA,CC,CG,AC,TT,AA,GG,AA,AA,AC,AA,GG,AG,AG,NN,AT,GG,AC,AA,CC,AA,TT,AA,AG,GG,GG,GG,TT,NN,AG,GT,TT,TT,GG,AA,GG,GG,AA,9.04,Susceptible,Low,Poor,Early
L0965,Davangere,Karnataka,Rabi,Black Cotton,Irrigated,430,25.5,58,AA,TT,GG,AG,GG,CC,GG,TT,CC,GG,AA,CC,CC,AT,TT,GG,GG,TT,TT,AG,CG,TT,TT,CT,AT,CC,GT,TT,GG,AA,TT,CC,AA,CC,GG,GG,GG,CC,GG,CC,TT,TT,AC,TT,AA,AG,TT,AT,CC,AA,GG,AA,AA,GG,CC,GT,AT,AC,TT,AC,AA,GT,AT,AA,TT,TT,CT,GG,TT,GT,AA,GG,CC,AA,GG,AA,AT,GG,TT,TT,GG,GG,GG,CC,AA,GG,AA,AA,CC,GT,CC,TT,CC,TT,TT,GG,TT,CC,GT,CT,CC,CC,GG,AA,AT,TT,CC,AA,AA,AC,CC,GG,TT,CC,TT,AC,AC,TT,CC,AA,CG,AG,CC,GG,CT,AG,CC,CC,CC,CG,AA,TT,CC,AA,CC,CC,AA,AT,AA,AT,CG,CT,CC,GG,AA,GG,AA,CC,GG,CC,NN,AA,AG,GG,TT,AG,AC,TT,CT,AG,AC,TT,TT,TT,CC,AT,TT,TT,AA,AT,GG,CC,AG,CT,CC,CC,CG,CC,AA,GG,AA,CC,TT,CC,GG,TT,GG,AA,AA,AA,TT,CC,CG,AC,AC,CC,GG,GG,AA,GG,TT,AC,AA,CC,GG,AA,CC,AT,AT,GG,TT,AT,AA,CG,GT,AA,CC,TT,GT,AA,GG,AA,CC,AA,TT,CC,TT,AA,CC,TT,CG,AA,CC,AA,CC,TT,TT,GG,CG,AT,AA,CC,AA,GG,CC,CG,GG,NN,GG,AT,AA,CC,TT,GG,CC,CG,AA,AG,CG,AA,CC,TT,AA,CC,CG,AC,TT,AA,GG,AA,AA,AA,AA,GG,AG,AG,AA,TT,CC,AC,AG,CC,AC,TT,AA,AA,GG,GG,GG,TT,AA,AA,TT,TT,TT,AA,TT,GG,CG,AA,6.11,Susceptible,Low,Poor,Early
L0966,Davangere,Karnataka,Rabi,Black Cotton,Irrigated,430,25.5,58,AC,TT,GG,AG,GG,CC,GG,TT,CC,CG,AT,CC,CG,AA,TT,GG,CG,TT,TT,AA,CC,GG,TT,CC,TT,CC,GT,TT,GG,AA,TT,CT,AA,CC,GG,GG,GG,GG,GG,CC,TT,TT,AA,TT,AG,AG,TT,AT,CC,AC,GT,AA,AA,GG,CC,TT,AT,AA,GT,AA,AA,TT,AT,AG,TT,TT,CC,GG,TT,GG,AA,GG,AC,AA,GG,AA,AA,GG,TT,TT,GG,GG,GG,AC,AA,GG,AA,AT,CC,TT,CC,TT,CT,TT,TT,GG,TT,CC,GT,CC,CC,CC,AA,AA,TT,TT,CC,AA,AG,AA,CC,GG,TT,CC,TT,AA,AA,AT,CG,AG,CC,GG,CC,GT,TT,AA,CC,CC,CC,CC,AG,TT,CC,AA,CC,CC,AA,AT,AG,AA,GG,CT,CC,AG,AA,AA,AT,CC,GG,CG,CC,AA,AA,AG,TT,GG,AA,NN,TT,GG,NN,GT,TT,CT,CC,AT,TT,TT,AA,AT,GG,CG,AA,CT,CC,CC,GG,CC,AA,GG,GG,CC,TT,CC,GT,TT,GG,AA,AA,AG,TT,CC,GG,AA,AC,CC,GG,AG,AC,GG,TT,AA,AG,CC,GG,AA,CC,AA,AA,GG,NN,AT,AT,CC,GT,AA,CG,AT,GT,AA,GG,AA,TT,AA,TT,CC,CC,AC,CC,CT,GG,GG,NN,AG,AC,TT,TT,TT,GG,TT,AA,AC,GG,GG,CC,CG,GG,CC,GG,AA,AA,CC,TT,GG,CC,CG,AT,GG,CC,AA,CC,AA,AG,AC,CG,AC,TT,AA,GG,AA,AA,AC,AA,GG,GG,AG,AA,AA,GG,AC,AA,AC,AA,CT,AA,AA,GG,AG,GG,TT,AT,AA,GT,TT,TT,AA,TT,GG,CG,AA,5.26,Susceptible,Medium,Poor,Medium
L0967,Davangere,Karnataka,Rabi,Black Cotton,Irrigated,430,25.5,58,AA,CT,AG,AA,CG,CG,GG,AT,CC,CG,AA,CC,CC,TT,GG,GG,GG,TT,TT,AG,CC,GT,GT,CT,TT,CC,TT,TT,GG,AA,TT,CC,AA,CC,GG,GG,GG,CG,GG,CC,TT,TT,AA,TT,GG,GG,CT,TT,CC,CC,GT,AA,AA,GG,CC,TT,AA,AA,GG,AA,AA,TT,TT,AA,TT,TT,CC,GG,TT,GG,GG,GG,CC,AA,GG,AC,AA,GG,GT,TT,GG,TT,GG,CC,AA,GG,AG,AA,CC,TT,CC,TT,CC,TT,GT,GG,NN,CC,TT,CC,CC,CG,AG,AA,TT,TT,NN,GG,AA,AA,CC,GG,TT,CG,TT,AA,AA,TT,CC,GG,CC,GG,CT,GG,CT,AA,CC,CC,CC,CC,AA,TT,CC,AA,CC,CT,AA,TT,AA,AA,GG,CC,CC,GG,AA,AG,AA,CC,GG,CC,CC,AA,AA,GG,TT,GG,AC,TT,CT,GG,AC,GT,TT,TT,CC,AT,TT,TT,AA,TT,GG,CC,AA,CC,AC,CC,CG,CC,AA,GG,AA,AC,TT,CC,GG,GT,NN,TT,AA,AG,TT,CC,GG,AA,AC,CC,GG,GG,AC,GG,TT,AA,AA,CC,GG,AA,CC,AA,AA,GG,TT,AA,AA,GG,TT,AT,CC,TT,GT,AA,GG,AA,TT,AA,TT,CC,CT,AA,NN,NN,GG,AA,CC,AG,CC,TT,TT,TT,GG,AT,AA,AC,AG,NN,CC,CC,GG,GG,GG,AT,AA,CG,TT,GG,CC,CC,AA,GG,CC,AA,CC,AT,AA,CC,CG,AC,TT,AA,GG,AA,AA,AA,AC,GG,AA,AG,AA,TT,CG,AA,AA,AC,AA,TT,AA,AG,GG,GG,GG,TT,AT,AG,TT,TT,TT,AG,TT,GG,GG,AA,8.75,Moderate,Low,Standard,Medium
L0968,Davangere,Karnataka,Rabi,Black Cotton,Irrigated,430,25.5,58,AA,CT,GG,AG,GG,CC,TT,TT,CG,CC,AA,CT,CG,AT,TT,GG,GG,TT,TT,AA,CG,GT,GT,CC,TT,CT,TT,TT,GT,AA,CT,CC,NN,CC,GG,GG,GG,CC,GG,CC,TT,TT,AA,TT,AA,AG,TT,TT,CC,AA,GG,AA,AA,GG,CC,TT,AT,AC,GG,AA,AA,TT,AT,AG,TT,TT,CC,GG,TT,GG,AG,GG,CC,AA,GG,AC,AA,GG,TT,TT,GG,GT,GG,CC,AT,GG,AA,AA,CC,GG,CC,TT,CC,AT,GT,GG,TT,CC,TT,CC,CC,CC,GG,AA,TT,TT,CG,AA,AA,AA,CC,GT,TT,CG,TT,AC,AC,TT,CG,GG,CG,AG,CC,GT,TT,AA,CC,CC,CC,CC,AA,GT,CC,AA,CC,CC,AA,TT,AA,AA,GG,CC,CC,GG,AA,GG,AA,CC,GG,CC,CC,AA,GG,AG,GT,GG,NN,TT,TT,GG,AA,NN,TT,TT,CC,AA,GT,TT,AA,AA,GG,CC,AA,CC,CC,CC,CC,CC,AA,GG,AA,CC,TT,GG,GT,TT,CG,AT,AA,AG,TT,CC,GG,AA,AC,CC,CG,GG,AC,GG,TT,AC,AA,CC,GT,AA,AC,AT,NN,GG,TT,TT,AA,GG,NN,AT,CC,AT,NN,AA,GG,AA,CC,AA,TT,CC,TT,AA,CC,TT,GG,AG,CG,AG,AC,TT,CC,TT,GG,AT,AA,AC,AA,GT,CC,CC,GG,CC,GG,TT,AA,CC,TT,GG,CG,CC,AA,AG,CC,AA,CC,AA,AA,AA,CG,CC,AA,AA,GG,AT,AC,AC,AA,AG,AG,AG,AA,AT,GG,AA,AG,AC,AA,TT,AG,AG,GG,GG,NN,TT,AA,AA,TT,TT,TT,AG,AT,GG,GG,AA,7.32,Susceptible,Low,Poor,Medium
L0969,Davangere,Karnataka,Rabi,Black Cotton,Irrigated,430,25.5,58,AA,TT,GG,AA,CG,CG,GT,AT,CC,CG,AA,CC,CC,AT,TT,GT,CG,TT,TT,AA,CC,TT,TT,CT,TT,CC,TT,TT,GG,AA,NN,CC,AA,CC,GG,CG,GG,CC,GG,CC,TT,TT,AA,TT,AA,AA,TT,AT,CC,AC,GT,AA,AA,GG,CC,TT,AA,AC,GG,AC,AA,TT,AT,AA,TT,TT,CC,GG,TT,GT,AG,GT,CC,AA,AG,AA,AT,GG,TT,TT,GG,GG,GG,CC,AA,GG,AG,AT,CC,GT,CC,TT,CT,TT,TT,NN,TT,CC,TT,CC,CC,CG,GG,AA,TT,TT,CC,AA,AA,AA,CT,GG,TT,CC,TT,AC,AA,TT,CC,GG,CC,AG,CC,GG,TT,AA,CC,CC,CC,CC,AA,TT,AC,AA,CC,CC,AA,TT,AA,AA,GG,CT,CC,GG,AA,GG,AA,CC,GG,CC,CC,AA,AG,AG,TT,GG,AA,GT,TT,GG,CC,GT,TT,CT,CC,AA,TT,TT,AA,TT,GG,CC,AA,TT,CC,CC,GG,CC,AA,GG,AA,CC,TT,CC,GT,TT,CG,AT,AA,AA,NN,CC,CG,AA,CC,CC,GG,AG,CC,GG,TT,AC,AA,CC,GG,AA,CC,AA,TT,GG,TT,AA,AT,GG,GT,AT,CC,TT,GT,AA,GG,AA,CT,AA,TT,CC,CT,AC,CC,TT,GG,GG,CC,AG,AC,TT,CT,GT,GG,TT,AA,CC,AG,GG,CC,CC,GG,CC,GG,AT,AA,CC,GT,NN,CG,CC,AT,GG,CC,AT,CC,AA,AA,AC,CC,CC,TT,AA,NN,AA,AA,AA,AA,AG,AG,AG,AA,TT,CG,AA,AA,AC,AC,TT,AA,AA,GG,GG,GG,TT,AA,AG,TT,TT,TT,AG,AT,CG,GG,AA,6.13,Susceptible,High,Poor,Early
L0970,Davangere,Karnataka,Rabi,Black Cotton,Irrigated,430,25.5,58,AC,TT,GG,AA,GG,CC,GG,TT,CC,CG,AA,CT,CC,TT,TT,GG,GG,TT,TT,AA,CC,TT,GT,TT,TT,CC,TT,TT,GG,AA,CT,CC,AA,CC,GG,GG,GG,CC,GG,CC,TT,TT,NN,TT,AG,AG,TT,TT,CG,CC,GG,AA,AA,GG,CC,GT,NN,AC,GT,AC,AA,GT,TT,AA,TT,TT,CC,GG,TT,GT,AG,GG,CC,AA,AG,AC,AA,GG,TT,TT,GG,GG,GG,CC,AA,GG,AA,AT,CC,GT,CC,TT,CT,TT,TT,AG,TT,CC,TT,CC,CC,CG,GG,AA,AA,TT,CC,AA,AG,AA,CC,GG,TT,CC,TT,AC,AA,TT,CC,GG,CC,GG,CC,GT,CT,AA,CC,CC,AC,CC,AA,GT,CC,AA,CC,CT,AA,TT,AG,AT,GG,CT,CC,GG,AA,GG,AA,CC,GG,CC,CC,AA,AA,GG,GT,GG,AA,GT,CT,GG,CC,TT,TT,TT,CC,AT,TT,TT,AA,TT,CG,CG,AG,CC,CC,CC,CG,CC,AA,AG,AA,CC,TT,CG,GG,GT,GG,TT,AA,AA,TT,CC,GG,AC,AC,CC,GG,GG,CC,GG,TT,AA,AA,CC,GG,AA,CC,AA,AA,GG,GG,TT,AT,GG,GT,AT,GG,TT,GT,AA,GG,AA,CT,AA,TT,CC,TT,AA,CC,TT,GG,GG,CG,GG,CC,AT,CC,GT,GG,NN,AA,AC,AG,GG,CC,GG,GG,CG,GG,TT,AA,CC,GG,GG,CC,CC,AA,GG,CC,AT,CC,AA,AA,AC,CC,AA,TT,AA,GG,AA,AA,AC,AA,GG,AA,AA,AG,AT,CC,AC,AA,CC,AC,CT,AG,AA,GG,GG,GG,TT,AT,AA,TT,TT,TT,AG,TT,GG,CG,AA,7.63,Moderate,Low,Poor,Early
L0971,Davangere,Karnataka,Rabi,Black Cotton,Irrigated,430,25.5,58,AC,TT,GG,AG,GG,CC,GT,AT,CC,CG,AA,CC,CC,AT,TT,GG,GG,TT,NN,AA,CG,TT,TT,CC,TT,CT,TT,TT,GG,AA,TT,CT,AA,CC,GG,GG,GG,CC,GG,AC,TT,CC,AA,GT,AA,GG,TT,TT,CC,CC,GT,AT,AG,GG,CT,TT,AA,AA,GG,AC,AA,TT,TT,GG,CT,TT,CC,GG,TT,GT,AG,GG,CC,AA,GG,AC,TT,GG,NN,TT,GG,GG,GG,CC,AT,GG,AA,AA,CC,TT,CC,TT,CC,TT,GT,AG,TT,CC,TT,CC,CC,CC,AA,AA,TT,TT,CC,AA,AG,AA,CC,GG,TT,CC,GT,AA,AA,TT,CG,AG,CG,GG,CC,TT,TT,AA,CC,CC,AC,CC,AA,TT,AC,AA,CC,CC,AA,TT,AG,AA,GG,CC,CG,GG,AA,AG,AT,CC,TT,NN,CC,AA,AA,GG,TT,AG,AC,GT,TT,GG,CC,TT,TT,TT,CC,AT,GG,CC,AA,TT,GG,CC,AG,CC,CC,CC,NN,CC,AA,GG,AA,CC,TT,CC,GG,TT,GG,AT,AA,NN,TT,CC,GG,AA,CC,CC,GG,GG,AC,GG,TT,AC,AA,CC,GG,AT,CC,AA,AA,GG,TT,AT,AT,CC,GG,AA,CC,AT,TT,AA,GG,AA,TT,AA,TT,CC,CT,AC,CC,NN,CG,NN,CC,NN,AC,TT,TT,GG,GG,TT,AA,AA,AA,GG,CG,CG,GG,CC,GG,AA,AG,CG,TT,GG,CC,CC,AT,AG,CC,AA,CC,NN,AA,CC,CC,CC,TT,AA,GG,AT,NN,AA,AA,AG,AG,AA,AA,AT,GG,AC,AG,CC,AA,CT,AG,AA,GG,GG,GG,NN,AT,AA,TT,TT,TT,AG,TT,GG,GG,AA,7.54,Susceptible,Medium,Premium,Late
L0972,Davangere,Karnataka,Rabi,Black Cotton,Irrigated,430,25.5,58,CC,TT,AG,AA,GG,CC,GG,AA,CC,CG,AA,CC,CC,AT,TT,GG,GG,TT,AT,AA,CC,GT,TT,CC,TT,CC,TT,AT,GG,AA,TT,CC,AA,CC,GG,GG,GG,CG,GG,CC,TT,CT,AA,GT,AA,GG,TT,AT,CG,AA,GT,AT,AA,GG,CC,TT,AA,AA,GT,AC,GG,GG,AT,AG,TT,TT,CC,GG,TT,GG,AG,GT,CC,AA,AG,AA,AA,GG,TT,TT,GG,GG,GG,CC,AA,GG,AA,AA,CC,TT,CC,TT,CC,TT,TT,GG,TT,CC,TT,CC,CC,GG,GG,AA,TT,TT,CC,AA,AG,AA,CC,GG,TT,CC,TT,AA,AA,TT,CC,GG,CC,GG,CC,TT,TT,AA,CC,CC,CC,CG,AA,TT,CC,AA,CC,CT,AG,TT,AA,AA,GG,CC,CC,GG,AA,AA,AA,CC,GG,CC,CC,AA,AA,GG,TT,GG,AC,GT,TT,AG,AC,TT,GT,TT,CC,AA,GT,NN,AT,TT,NN,CC,AG,CC,CC,CC,CG,CC,AA,GG,AA,CC,TT,CC,GG,GT,CG,TT,AA,AA,TT,CC,GG,AA,AC,NN,GG,GG,CC,GG,TT,AA,AA,CC,GG,AT,AC,AA,AA,GG,TT,AT,AA,CG,TT,AA,CG,AT,GT,AA,GG,AA,CT,AA,TT,CC,CC,AA,CC,CT,GG,AG,CG,AG,CC,TT,TT,TT,GG,TT,AA,AC,AG,GG,CC,CC,GG,CC,GG,AT,AA,CG,TT,GG,CC,CG,NN,AG,CG,AT,CC,AA,AA,AC,CG,AC,TT,AA,GG,AA,AA,AC,AA,AG,AA,GG,AA,AT,GG,AA,AG,CC,AA,TT,AA,AA,CG,GG,GG,TT,AA,AA,TT,TT,TT,AG,AT,GG,CG,AA,7.39,Susceptible,Medium,Standard,Late
L0973,Davangere,Karnataka,Rabi,Black Cotton,Irrigated,430,25.5,58,AA,TT,GG,GG,GG,CC,GT,AA,CC,GG,AA,CT,NN,AA,TT,GG,CG,TT,AT,AA,CG,GT,GT,CC,TT,CT,TT,TT,GG,AA,TT,CT,AA,CC,GG,GG,GG,CC,GG,CC,TT,TT,AA,TT,AG,AG,TT,TT,CC,CC,GG,AA,AG,GG,CC,TT,AT,AA,TT,AC,GG,TT,AT,AG,TT,TT,CT,GG,TT,GG,AG,GG,CC,AA,GG,AA,AA,GG,TT,TT,GG,GG,GT,CC,AA,GG,AG,AA,CC,GT,CC,TT,TT,TT,GT,GG,TT,AC,TT,CT,CC,CC,AG,AA,TT,TT,CG,AA,AG,AA,CC,GG,TT,CC,TT,AA,AA,TT,CC,GG,CC,GG,NN,GT,TT,AA,NN,CC,CC,CC,AA,GT,CC,AA,CC,CC,AA,AT,AA,AA,GG,CC,CC,GG,AA,GG,AA,CC,GG,CC,CC,AA,AA,GG,GT,GG,AA,TT,TT,GG,CC,TT,GT,TT,CC,AA,TT,CT,AA,TT,GG,CC,AA,CT,CC,CC,CG,CC,AA,GG,AG,CC,TT,CC,GT,TT,GG,AT,AA,AA,TT,CC,CG,AA,AC,CC,GG,GG,AC,GG,TT,NN,AA,CC,GG,AA,CC,AA,AT,GT,TT,AT,AA,GG,GG,AA,CC,AT,TT,AA,GG,AA,TT,AC,TT,CG,TT,AA,CC,TT,GG,AA,CG,AG,CC,AT,CC,GG,GG,TT,AA,AA,NN,GG,CC,CG,GG,CC,GG,TT,AA,CC,TT,GG,CC,CC,AA,GG,CC,AT,CC,AA,AA,CC,CG,CC,TT,AG,GG,AA,AA,CC,AA,AG,AA,AA,AA,AT,GG,AC,AA,AC,AA,CT,AA,AG,GG,AG,GG,TT,AT,AA,TT,TT,AT,AG,AT,GG,GG,AA,7.76,Moderate,High,Standard,Late
L0974,Davangere,Karnataka,Rabi,Black Cotton,Irrigated,430,25.5,58,AC,TT,AG,AG,GG,CC,GG,AT,CC,CG,AA,CC,CC,TT,TT,GG,NN,TT,TT,AA,CC,GT,GT,CT,TT,CC,TT,TT,GG,AA,TT,CT,AA,CC,GG,CG,GG,CC,GG,AC,NN,NN,CC,TT,AA,AG,TT,AT,CC,AA,GG,AT,AA,GG,CC,TT,AA,AA,TT,AA,AG,TT,AT,AA,TT,TT,NN,GG,TT,GG,AA,GG,CC,AA,GG,CC,AA,GG,TT,TT,GG,GG,GG,CC,AT,GG,AG,AT,CC,TT,AC,TT,CC,TT,GT,GG,CT,AC,TT,CC,CC,CG,AG,AA,TT,TT,CG,AA,AA,AA,CC,GG,TT,GG,TT,AA,AA,TT,CC,GG,CC,GG,CT,GT,NN,NN,CT,CC,CC,CC,AA,TT,CC,AA,CC,CC,AA,TT,AA,AA,GG,CC,CC,GG,AA,AA,AA,AC,GT,CC,CC,AA,AA,AG,TT,GG,AC,TT,CC,GG,AC,GT,TT,TT,CC,AA,GT,CT,AA,TT,CG,CC,AA,TT,CC,CC,CG,CC,AA,GG,AA,CC,TT,CG,GG,TT,GG,TT,AA,AA,TT,CC,CG,AA,CC,CC,GG,GG,AC,GG,TT,AA,AA,CC,GG,AA,CC,AA,AT,GT,GT,AT,AA,GG,GG,AT,CG,TT,GT,AA,GG,AA,TT,AA,TT,CC,TT,AA,AC,CT,CG,AG,GG,AA,CC,TT,TT,GT,GG,TT,AA,AA,AG,GG,CC,CG,GG,CC,GG,TT,AA,CC,TT,GG,CC,CG,AA,GG,CC,AA,CG,AA,AA,AC,CC,AA,TT,AA,GG,AA,AA,AA,AA,AG,AA,AA,AA,AT,GG,AC,AA,CC,AC,TT,AA,AG,CC,GG,GG,TT,AA,AG,TT,TT,TT,AG,TT,GG,GG,AA,7.02,Resistant,High,Poor,Late
L0975,Davangere,Karnataka,Rabi,Black Cotton,Irrigated,430,25.5,58,AC,TT,GG,AG,CG,CC,GT,AT,CC,CG,AT,CT,CC,TT,TT,GG,GG,TT,TT,AA,CC,TT,TT,CC,TT,CC,TT,AT,GG,NN,TT,CC,AA,CC,GG,GG,GG,CG,GG,CC,TT,CT,AA,TT,AA,AG,CT,TT,CC,AC,GG,AA,AA,GG,CT,TT,AA,AC,TT,AC,AA,TT,AA,AA,CT,TT,CC,GT,TT,GT,AA,GG,CC,AA,AG,CC,AT,GG,TT,TT,AG,TT,GG,CC,AA,GG,AA,AA,CC,GT,CC,TT,CC,AA,TT,GG,TT,CC,GG,CC,CC,CG,AG,AA,TT,TT,CC,AA,AA,AA,CC,GG,TT,CC,TT,AA,CC,TT,CG,GG,CC,GG,CC,GG,TT,AA,CC,CC,AC,CC,NN,TT,CC,AA,CC,CC,AA,TT,AA,AT,CG,CC,CC,GG,AA,AA,AA,AC,GG,CC,CC,AG,AA,GG,TT,AG,AA,TT,CT,GG,CC,GT,GT,TT,CC,TT,TT,TT,AA,TT,GG,CC,AA,CC,CC,CC,GG,CC,AA,GG,AA,CC,TT,CC,GG,TT,CC,AT,AA,AA,GT,CC,CC,AA,AC,CC,GG,GG,AC,GG,TT,AC,AA,CC,GT,AT,AA,AA,AA,GG,GT,TT,AA,CC,GG,AA,CC,AT,GG,AA,GG,AA,TT,AC,TT,CC,TT,AA,CC,TT,GG,AG,CC,AG,AC,TT,CT,TT,GG,TT,AA,AC,AA,GG,CC,CC,GG,CC,GG,TT,AA,CG,GT,GG,CC,CC,AT,AG,CC,AA,CC,AA,AA,CC,CC,CC,TT,AA,GG,AT,AA,AA,AA,GG,AA,AG,AA,AT,GG,AC,AG,CC,AC,TT,AA,AA,GG,GG,NN,GT,AT,AA,TT,TT,TT,GG,TT,GG,GG,AA,6.98,Moderate,Low,Premium,Early
L0976,Davangere,Karnataka,Rabi,Black Cotton,Irrigated,430,25.5,58,AC,TT,GG,AG,GG,CG,GG,TT,CC,CG,AA,CT,CC,AT,GT,GG,CC,TT,TT,AA,CC,TT,GT,CC,TT,CC,TT,TT,GT,AA,TT,CC,AA,CC,GG,GG,GG,CC,GG,CC,TT,CT,AA,GT,AA,GG,CT,AA,CG,CC,GT,AT,AA,GG,CC,GT,AA,AC,GT,AA,AA,TT,TT,AA,TT,AA,CC,GG,TT,GG,AG,GG,CC,AA,GG,CC,AT,GG,TT,TT,GG,GG,GG,NN,AA,GG,AG,AA,CC,TT,AC,TT,CC,AT,TT,GG,TT,CC,TT,CC,CC,CC,AG,AA,AT,TT,CC,AA,AA,AA,CT,GG,TT,CC,TT,AA,AA,TT,CC,GG,CG,GG,CC,GG,TT,AA,CC,CC,CC,CC,AA,TT,CC,AA,CC,CT,AA,TT,AA,AA,CG,CT,CC,GG,AG,AG,AA,CC,GG,CC,CG,AA,AA,AG,GT,AG,AA,NN,TT,AG,AC,GT,TT,TT,GG,AA,TT,TT,AT,TT,GG,CC,AA,CT,CC,CC,CG,CC,AA,GG,AG,CC,TT,CC,GG,TT,CG,AT,AA,AA,TT,CC,CG,AA,CC,CC,GG,GG,AA,GG,TT,CC,AA,CC,GG,AA,AC,AT,AA,GT,TT,TT,AT,GG,GT,AA,CG,TT,TT,AA,AG,AA,CC,AA,TT,CC,TT,AC,CC,TT,CG,GG,CC,AA,CC,TT,TT,GT,GG,TT,AA,CC,AG,GG,CC,CG,GG,CC,GG,AT,AA,CC,GT,GG,CC,CG,AT,AA,CG,AA,CC,AA,AA,AC,CC,CC,TT,AA,GG,AA,AA,AA,AA,GG,AG,AA,AA,TT,GG,AA,AA,CC,AA,CC,AG,AG,GG,GG,CG,TT,AA,AA,GT,TT,AT,AG,AT,GG,GG,AA,7.1,Susceptible,High,Poor,Late
L0977,Davangere,Karnataka,Rabi,Black Cotton,Irrigated,430,25.5,58,AC,TT,GG,GG,GG,CC,GG,AA,CC,CG,AT,CT,NN,TT,GT,GG,CG,TT,TT,AA,CC,TT,GT,CT,TT,CC,TT,TT,GG,AA,TT,CT,AA,CC,GG,GG,GT,CG,GG,CC,TT,TT,AA,TT,AA,AG,TT,TT,CC,AC,GG,AA,AG,NN,CT,NN,AA,AC,GG,CC,AA,TT,AT,AA,TT,TT,CC,GG,TT,TT,AG,GG,AC,AA,GG,AC,NN,GG,TT,CT,GG,GG,GG,CC,AT,GG,AA,AT,CC,TT,CC,TT,CC,TT,GT,GG,TT,CC,GT,CC,CT,CG,AG,AA,TT,TT,CG,AA,AA,AA,CC,GG,TT,CG,TT,AA,AA,TT,CC,AG,CC,GG,CT,TT,TT,AA,CC,NN,CC,CC,AA,TT,CC,AA,CC,CC,AA,TT,AA,AA,GG,CC,CC,GG,AA,AG,AA,CC,GG,CC,CC,AA,AA,AA,GT,GG,AC,TT,CT,GG,CC,TT,TT,TT,CC,AA,GT,CT,TT,TT,CG,CC,AG,CT,CC,CC,CC,CC,AA,GG,AG,AC,TT,CC,GT,GT,GG,TT,AA,AG,TT,CC,GG,AC,CC,CC,GG,GG,CC,CG,TT,AC,AA,CC,GG,AA,CC,AA,AT,GG,TT,AT,AT,GG,GG,AT,CG,TT,GT,AA,GG,AA,CT,AA,TT,CG,TT,AA,CC,CT,CC,AG,CC,GG,CC,TT,CT,GT,GG,TT,AC,CC,AA,GG,CG,CC,GG,CC,GG,AT,AA,CC,GT,GG,CC,CG,NN,GG,CC,AT,CG,AA,AA,AA,CC,AC,TT,AA,GG,AA,AC,AC,AA,GG,AA,AA,AA,TT,CG,AC,AA,CC,AA,CT,AA,AA,GG,AG,GG,TT,AT,AA,TT,TT,TT,GG,AA,GG,GG,AA,8.35,Resistant,Medium,Premium,Late
L0978,Davangere,Karnataka,Rabi,Black Cotton,Irrigated,430,25.5,58,AA,TT,GG,AA,GG,CG,TT,AT,CC,CG,AA,CC,CC,AT,TT,GG,GG,TT,AT,AA,CC,GT,GT,CC,AT,CC,TT,AT,GG,AA,TT,CC,AA,CC,GG,GG,GG,CC,GG,CC,TT,CC,AA,TT,AG,GG,TT,TT,CG,AC,GG,AA,AA,GG,CC,TT,AA,AA,GT,AC,AA,GT,TT,AG,TT,TT,CC,GG,NN,GT,AA,GG,CC,AA,AG,CC,AA,GG,TT,TT,GG,GG,NN,AC,AA,AG,AA,AA,CG,NN,CC,TT,CC,TT,TT,GG,TT,AC,TT,CC,CC,CG,GG,AA,TT,TT,CC,AA,AA,AA,CC,GG,TT,CC,NN,AA,AA,TT,CC,AA,CG,GG,CC,GG,TT,AA,TT,CC,CC,CC,AA,TT,AC,AA,CC,CT,AA,TT,AA,AT,GG,CC,CC,GG,AA,GG,AT,CC,GG,CC,CC,AA,AA,GG,GT,GG,AA,GT,CT,GG,AC,NN,GT,TT,CC,AA,GT,TT,AA,TT,GG,CC,AA,TT,CC,CC,GG,CC,AA,GG,AA,CC,TT,CC,GT,GT,GG,AA,AA,AA,TT,CC,CG,AA,CC,CC,GG,GG,AA,CG,TT,AA,AA,CC,GG,AA,AC,AA,AT,GT,TT,AT,AA,GG,GG,AA,CC,AT,GT,AA,GG,AA,CT,AA,TT,CC,CT,AA,CC,TT,CG,AA,CC,AG,CC,AT,CT,GT,GG,TT,AC,AC,AA,GG,NN,CC,GG,CC,GG,AT,NN,CG,GT,GG,CC,CC,AA,GG,CG,AA,CC,AA,AA,AA,CC,AC,TT,AG,CG,AA,AA,AA,AA,AG,AA,AA,AA,AT,CG,AC,AA,NN,AA,NN,AA,AA,GG,AG,GG,TT,AT,AA,GT,TT,TT,AG,AT,GG,GG,AA,7.23,Susceptible,High,Standard,Early
L0979,Davangere,Karnataka,Rabi,Black Cotton,Irrigated,430,25.5,58,AC,TT,GG,AG,GG,CC,GG,TT,CC,CG,AA,CC,CC,TT,TT,GG,CG,TT,TT,AA,CC,GG,GG,CT,TT,CC,GT,TT,GG,AA,TT,CT,AA,CC,AG,CG,GG,CC,GG,CC,TT,TT,AA,TT,NN,AA,CT,AT,CC,CC,GG,AA,AA,GG,CC,TT,AT,AC,GG,AC,AA,TT,TT,AG,TT,TT,CC,GG,TT,GG,AA,GG,AC,AA,GG,AC,AA,GG,TT,TT,GG,GG,GG,CC,AA,GG,AA,AA,CC,TT,CC,TT,CC,TT,GT,GG,TT,CC,TT,CC,CT,CG,AG,AA,TT,TT,CC,AA,AG,AA,CT,NN,TT,CC,TT,AA,AA,TT,CG,GG,NN,GG,CT,GT,TT,AA,CC,CC,AA,CC,AA,TT,CC,AA,CC,CC,AA,AT,AA,AA,CG,CT,CC,GG,AA,AG,AA,AC,GG,CC,CG,AA,AA,GG,TT,GG,AA,TT,CT,GG,CC,TT,TT,TT,CC,TT,TT,TT,AA,TT,CG,CC,AA,CT,CC,CC,CC,CC,AA,GG,GG,AC,TT,CC,GT,TT,GG,TT,AA,AG,TT,CC,GG,AA,AC,CC,GG,GG,AA,GG,TT,AC,AA,CG,GT,AT,CC,AA,AA,GG,TT,AT,AA,GG,NN,AA,CC,AT,TT,AA,AG,AA,TT,AA,TT,CG,TT,AC,CC,CT,GG,AG,CC,GG,CC,TT,TT,TT,GG,TT,AC,AC,AA,GG,CC,CG,GG,CC,GG,TT,AA,CC,GG,GG,CC,CC,AA,GG,CC,AA,CG,AA,AA,AC,CG,AC,TT,AA,GG,AA,AC,AA,AA,AG,GG,AA,AA,TT,GG,AA,AG,AA,NN,CC,AG,AG,GG,AG,GG,TT,AT,AG,TT,TT,TT,AA,AA,GG,GG,NN,7.34,Susceptible,High,Standard,Medium
L0980,Davangere,Karnataka,Rabi,Black Cotton,Irrigated,430,25.5,58,AC,CT,GG,AG,GG,CC,GG,TT,CC,CC,AA,CC,NN,TT,TT,GG,CC,TT,TT,AA,CC,TT,TT,CC,TT,CC,TT,TT,GG,AA,TT,CC,AA,CC,GG,GG,GG,CG,GG,CC,TT,TT,AC,TT,AG,GG,TT,AT,CC,AC,GT,AA,AA,GG,CT,GT,AT,NN,TT,AA,AA,TT,TT,AA,TT,TT,CC,GG,TT,GG,GG,GG,CC,AA,GG,AC,AA,GG,TT,TT,AG,GG,GG,CC,AA,GG,AA,AA,CC,GG,CC,TT,CT,TT,TT,GG,CT,CC,GT,CC,CT,CG,AG,AA,TT,TT,CC,AA,AG,AA,CT,GG,TT,CC,TT,AA,AA,AT,CC,GG,CC,GG,CC,GG,TT,AG,CC,CC,CC,CC,AA,TT,CC,AA,CC,CC,AA,TT,AA,AA,GG,CT,CC,GG,AA,AG,AA,CC,GT,CC,CC,AA,AA,GG,GT,GG,AA,TT,TT,AG,CC,GT,TT,CT,CC,AT,TT,TT,AA,NN,CG,CC,AG,CC,CC,CC,CG,CC,AA,GG,GG,AC,TT,CC,TT,TT,GG,TT,AA,AA,TT,CC,GG,AA,AC,CC,CG,GG,CC,CG,TT,AA,AA,CC,GG,AA,AC,AA,AA,GG,TT,AT,AA,GG,GT,AA,CG,TT,GG,AT,AG,AA,CT,AA,TT,CC,TT,AA,CC,TT,CG,AA,CC,AA,CC,AT,CT,TT,GG,TT,AA,AC,AA,GG,CC,CG,GG,CC,GG,TT,AA,CC,GT,GG,CC,CG,AA,AG,CC,AA,CC,AA,AA,CC,GG,CC,TT,AA,CG,AA,AA,AA,AA,AA,AG,AA,AA,TT,GG,AA,AG,CC,AC,TT,AA,AA,GG,AG,GG,TT,AA,AG,GT,TT,TT,AA,NN,GG,CG,AA,8.11,Susceptible,Low,Premium,Early
L0981,Davangere,Karnataka,Rabi,Black Cotton,Irrigated,430,25.5,58,AC,CT,GG,GG,GG,CC,GT,TT,CC,CC,AA,TT,CC,TT,GT,GG,NN,TT,TT,AG,CC,GT,TT,CC,TT,CC,GT,TT,GG,AA,TT,CC,AA,CC,GG,CG,GG,CC,GG,CC,TT,TT,AA,TT,AA,AG,TT,TT,CC,AA,GT,AA,AG,GG,CC,TT,AA,AA,GT,AA,AA,TT,AT,AA,TT,AT,CC,GG,TT,GG,AA,GG,CC,AA,GG,AC,AA,GG,TT,TT,GG,GG,GT,CC,AA,AG,AA,AA,CC,TT,CC,TT,CC,TT,GT,AA,TT,CC,GT,CC,CC,CC,AG,AA,TT,TT,CC,AA,AG,AA,CC,GG,TT,CC,TT,AA,AA,TT,CC,AG,CC,GG,CC,TT,TT,AA,CC,CG,CC,CC,AG,GT,AC,AA,CC,CC,AA,TT,AA,AA,GG,CT,CC,GG,AA,AA,AA,CC,GT,CC,CC,AA,AA,GG,TT,GG,AC,GT,CT,GG,AC,TT,GT,TT,CG,AT,TT,TT,AT,TT,GG,CC,AA,CC,CC,CC,CG,CC,AA,GG,AA,CC,TT,CC,GT,TT,CG,TT,AA,AA,TT,CC,GG,AA,CC,CC,CG,GG,AA,GG,TT,AA,AA,CC,GG,AA,CC,AT,AA,GG,TT,TT,AT,CG,GT,AA,NN,TT,TT,AA,GG,AA,CT,AA,TT,CC,TT,AA,CC,TT,CG,AA,CG,AG,CC,TT,TT,GT,CG,TT,AA,AC,AA,GG,CC,GG,GG,CC,GG,TT,AA,CC,TT,GG,CG,CG,AA,GG,CG,AT,CC,AA,AA,CC,CG,AC,TT,AA,GG,AA,AC,AA,AA,GG,AG,AA,AA,TT,GG,AC,GG,CC,AA,TT,AA,AA,GG,GG,GG,GT,AA,AA,GT,AT,TT,AA,TT,GG,CG,AA,7.14,Susceptible,Medium,Poor,Late
L0982,Davangere,Karnataka,Rabi,Black Cotton,Irrigated,430,25.5,58,AC,TT,GG,AA,GG,CC,GT,TT,CC,CC,AA,CC,CG,AT,GT,GT,CG,TT,TT,AG,CC,GT,TT,CT,TT,CC,GT,TT,GT,AA,TT,CT,AG,CC,GG,GG,GG,CC,GG,AC,TT,CC,AA,TT,AG,AG,CT,TT,CC,AC,GG,AA,AA,GG,CC,TT,AA,AA,GG,AC,AA,GT,AT,AG,CT,AT,CC,GG,TT,GG,AA,GG,CC,AA,GG,AC,AA,AG,TT,TT,GG,GG,GG,CC,AA,GG,AG,AA,CC,GT,CC,TT,CC,TT,GT,GG,TT,NN,TT,CC,CC,CG,AG,AA,TT,TT,CC,AA,AG,AC,CT,GG,TT,CG,TT,AC,AA,TT,CC,AG,CC,AG,CC,TT,CC,AA,CC,CC,CC,CC,AA,TT,CC,AC,CC,CC,AA,TT,AA,AA,CG,CC,CC,AG,AA,AA,AA,CC,GG,CC,CC,AA,AG,AG,TT,AG,AC,GT,TT,GG,AC,TT,TT,TT,CC,AA,TT,TT,AA,AT,CG,CC,AG,CC,CC,CC,GG,AC,AA,GG,AA,CC,NN,CG,GG,GT,CG,TT,AG,AA,TT,AC,GG,AA,AC,CC,GG,GG,AA,GG,TT,AC,AA,CC,GG,AA,AC,AT,AT,GG,TT,AA,AA,CC,GT,AT,CC,AT,TT,AA,GG,AA,CT,AA,TT,CG,TT,AC,CC,TT,GG,AA,CC,AG,CC,TT,TT,GG,GG,TT,AA,CC,AG,GG,CC,CC,GG,CC,GG,AA,AA,CC,TT,GG,CG,CC,AA,GG,CC,AT,CC,AA,AA,CC,CC,AC,TT,AA,GG,AA,AC,CC,AC,AG,AG,AA,AA,AT,CG,AA,AG,AC,AA,CT,AA,AA,CG,GG,NN,TT,AA,AA,TT,TT,NN,AG,TT,GG,GG,AA,7.03,Susceptible,Low,Poor,Late
L0983,Davangere,Karnataka,Rabi,Black Cotton,Irrigated,430,25.5,58,AC,TT,GG,AG,CG,CG,GT,AT,CC,GG,AA,CC,CG,TT,TT,GG,GG,TT,TT,AA,CC,TT,GT,CC,TT,CT,TT,TT,GT,AA,TT,CC,AA,CC,GG,GG,GG,GG,GG,CC,TT,NN,NN,TT,AG,GG,TT,TT,CC,AC,GG,AA,AA,CG,CC,TT,AA,AC,GT,AA,AA,TT,AT,AA,TT,TT,CC,GG,TT,TT,AG,GG,CC,NN,AG,AA,AT,GG,TT,TT,GG,GT,GG,CC,AT,GG,AA,AA,CC,GT,AC,TT,CC,TT,TT,GG,CT,CC,TT,CC,CC,CC,AA,AA,TT,TT,CC,AA,AA,AA,NN,GG,TT,CC,TT,AA,AA,TT,CC,GG,CC,GG,CC,GG,CT,AG,CT,CC,CC,CC,AA,TT,CC,AA,CC,CT,AA,TT,AA,AA,CG,CT,CG,GG,AG,AG,AA,AC,GG,CC,CC,AA,AA,GG,GT,NN,AC,TT,TT,GG,CC,GT,TT,CT,CC,AT,GG,TT,AA,TT,GG,CC,AG,CC,CC,CC,CG,CC,AA,GG,AA,CC,TT,NN,TT,GG,GG,TT,AA,AA,TT,CC,GG,AC,CC,CG,GG,GG,AC,GG,TT,AA,AA,CC,GG,AA,CC,AA,TT,GG,TT,TT,AT,GG,GG,AA,CC,TT,TT,AA,GG,AA,TT,AA,TT,CC,TT,AC,CC,CT,CC,AG,CG,AA,CC,TT,TT,GT,GG,TT,AC,CC,AG,GG,CC,CC,GG,CC,GG,AA,AA,CC,TT,GG,CC,CC,AT,GG,CC,AA,CC,AA,AA,CC,CG,CC,TT,AA,NN,AA,AA,AA,AA,AG,AG,AA,AG,TT,GG,AA,AA,CC,AC,CT,AA,AA,CG,GG,CC,TT,AA,AG,TT,TT,TT,AA,TT,GG,GG,AA,7.99,Susceptible,Low,Standard,Medium
L0984,Davangere,Karnataka,Rabi,Black Cotton,Irrigated,430,25.5,58,AC,TT,GG,AG,GG,CG,GT,TT,NN,CG,AA,CC,CC,AT,GT,GG,CG,TT,TT,AA,CC,TT,TT,CC,TT,CC,TT,TT,GG,AA,TT,CT,AA,CC,GG,GG,GG,CC,GG,CC,TT,CT,AA,NN,AA,AG,TT,TT,CC,AA,GG,NN,AG,GG,CC,TT,AA,AC,GG,AC,AA,TT,AT,AA,TT,TT,CC,NN,TT,TT,AA,GG,CC,AA,GG,AA,AT,AG,TT,TT,GG,GT,GG,CC,AA,GG,AA,AA,CC,TT,CC,TT,CT,AT,TT,GG,CT,CC,GT,CC,CC,CG,AA,AA,AT,TT,CC,NN,AA,AA,CT,GG,TT,CG,GT,AA,AA,TT,CC,AA,CC,GG,CC,GG,TT,AA,CC,CC,CC,CC,AA,TT,CC,AC,CC,CC,AG,TT,AA,AA,GG,CC,CC,GG,AA,GG,AA,AC,GG,CC,CC,AA,GG,GG,TT,GG,AA,TT,CT,GG,AC,GT,NN,TT,CC,AT,GT,TT,AT,AT,GG,CC,AA,CC,CC,AC,GG,CC,AT,GG,GG,CC,TT,CG,GG,TT,GG,AA,AA,AA,TT,CC,CG,AA,AC,CC,GG,GG,AC,GG,TT,AA,AA,CC,GT,AT,AC,AA,AA,TT,TT,AA,NN,GG,GT,AT,CG,TT,TT,AA,GG,AA,CT,AA,TT,CG,TT,AA,CC,CT,GG,GG,CC,AG,CC,TT,TT,TT,GG,TT,AC,AC,AA,GG,CC,CG,GG,CC,GG,AA,AA,CG,TT,GG,CC,CC,AT,AG,CC,AA,CC,AA,AA,AC,CC,AC,TT,AA,GG,AA,AC,AC,AA,GG,GG,AA,AA,TT,GG,AA,AG,CC,AC,TT,AA,AA,GG,GG,GG,TT,AA,AA,TT,TT,TT,NN,TT,GG,GG,AA,7.52,Susceptible,Low,Poor,Early
L0985,Davangere,Karnataka,Rabi,Black Cotton,Irrigated,430,25.5,58,AA,TT,AG,AA,GG,CG,GT,TT,CC,CC,AA,CC,CG,AT,TT,GG,CG,TT,TT,AA,CC,TT,GG,CC,NN,CC,TT,TT,GG,AA,TT,CC,AA,CC,GG,GG,GG,CG,GG,CC,TT,CT,AA,TT,AA,GG,CT,TT,CC,AA,GG,AT,AG,GG,CT,TT,AA,CC,GT,AA,AA,TT,TT,AA,CC,AT,CC,GG,TT,GG,AA,GG,NN,AA,GG,CC,AT,GG,TT,TT,GG,GG,TT,CC,NN,GG,AA,AA,CC,GT,CC,TT,CT,TT,GT,GG,CT,CC,TT,CC,CC,CG,AA,AA,TT,TT,CC,AA,AG,AC,CT,GG,TT,CG,TT,CC,AA,TT,CC,NN,CC,GG,CT,GG,CT,AA,CT,CC,AC,CC,AA,GT,CC,AA,CC,TT,AG,TT,AA,AT,CG,CC,CC,GG,AA,GG,AA,CC,GG,CC,CC,AA,GG,GG,TT,AG,AC,TT,CT,GG,CC,TT,TT,TT,CC,AA,TT,TT,AT,TT,GG,CC,AG,TT,AC,CC,GG,CC,AA,GG,AA,CC,TT,CC,GG,GT,GG,TT,AA,AG,TT,CC,GG,AC,CC,CC,GG,GG,AA,CG,TT,AC,AA,CC,GG,AT,CC,AA,AA,GG,TT,AT,AA,GG,TT,AT,CC,TT,GT,AA,GG,AA,TT,AA,TT,CC,TT,AC,CC,CT,GG,AG,CG,AA,CC,TT,CT,TT,GG,TT,AA,CC,AA,GG,CC,CC,GG,CC,GG,TT,AA,CC,TT,GG,CC,CC,AA,AA,CC,AT,CC,AA,AA,AC,CG,CC,TT,AA,GG,AA,AA,AA,AA,AG,AG,AG,AA,TT,GG,AC,AG,AA,AA,TT,AA,AA,GG,NN,GG,TT,AA,AA,TT,TT,TT,AG,TT,GG,CG,AA,8.5,Moderate,High,Premium,Late
L0986,Davangere,Karnataka,Rabi,Black Cotton,Irrigated,430,25.5,58,AC,TT,AG,GG,GG,GG,GG,TT,CC,CG,AT,CC,CG,AT,TT,GT,CC,TT,TT,AA,CC,GT,NN,CC,AT,CC,GT,TT,NN,AC,TT,CT,AA,CC,AG,GG,GG,GG,GG,CC,TT,TT,AA,TT,AA,GG,TT,TT,CC,AA,GT,AA,AG,GG,CT,TT,AA,AA,GG,AC,AG,TT,TT,AA,TT,TT,CC,GG,TT,GG,AG,GG,AC,AA,AG,AC,AT,GG,TT,TT,NN,GT,GT,CC,AA,GG,AA,AA,CG,GT,AC,TT,CT,AT,TT,GG,TT,CC,GG,CC,CC,CG,AG,AG,TT,TT,CC,AA,AA,AC,CC,GG,TT,CC,TT,AA,AA,NN,CC,AG,CC,GG,CC,GT,TT,AA,CC,CC,CC,CC,AG,GT,CC,AA,CC,CC,AA,TT,AG,AA,CG,CC,CC,GG,AA,AG,AT,CC,GT,CC,CC,AA,AG,GG,TT,GG,AA,TT,TT,GG,CC,TT,TT,TT,CC,TT,TT,CT,AT,TT,CG,CC,AA,CT,CC,CC,CG,CC,AA,GG,AG,CC,TT,CG,GG,GT,GG,TT,AA,AG,TT,CC,GG,AA,AC,CC,GG,GG,AC,GG,TT,AA,AA,CC,GG,AA,AC,AA,AT,GG,TT,TT,AA,GG,GT,AT,CG,AT,TT,AA,GG,AA,TT,AA,TT,CC,TT,AC,CC,TT,CG,AG,CG,AA,CC,TT,CT,GT,GG,TT,AA,CC,NN,GG,CC,CG,GG,CC,GG,AT,AA,CC,TT,GG,CC,CC,AA,GG,CC,AA,CG,AA,AA,AA,CG,CC,TT,AA,GG,AA,AA,AA,AA,AG,GG,AG,AA,TT,GG,AC,AG,AC,AC,TT,AA,AA,GG,GG,GG,TT,AT,AG,TT,TT,TT,NN,TT,GG,GG,AC,7.01,Resistant,Medium,Premium,Late
L0987,Davangere,Karnataka,Rabi,Black Cotton,Irrigated,430,25.5,58,AC,TT,GG,AA,CG,CC,GG,TT,CC,CG,AA,CC,CG,TT,TT,GG,CG,TT,TT,AG,CC,TT,GT,CC,TT,CC,TT,TT,GG,AA,CT,CC,AA,CC,GG,CG,GG,CC,GG,AC,TT,TT,AA,TT,AA,GG,TT,TT,CC,CC,GT,AA,AA,GG,CC,GT,AA,AA,TT,AA,AA,TT,TT,AA,CT,TT,CC,GG,TT,GG,AA,GG,CC,AA,GG,AA,AA,GG,TT,TT,GG,GG,GG,CC,AA,GG,AA,AA,CC,TT,CC,TT,CC,TT,GT,GG,TT,AC,GT,CC,CT,CG,GG,AA,AT,TT,CG,AA,AA,AA,CT,GG,TT,CC,TT,AA,AA,TT,CC,GG,CC,GG,CC,GT,TT,AA,CC,CC,CC,CC,AG,TT,AC,AA,CC,CC,AA,TT,AA,AT,CG,CC,CC,GG,NN,GG,AA,CC,GG,CC,CC,AA,AA,GG,TT,GG,AC,TT,CT,GG,CC,TT,TT,TT,CC,AT,GT,TT,AA,AT,GG,CC,AA,CT,CC,CC,CG,AC,AA,GG,GG,CC,TT,CG,GT,TT,GG,AA,NN,AA,TT,CC,GG,AA,AC,CC,CG,AG,AC,GG,TT,AA,AA,CC,GG,AA,CC,AA,AA,GG,TT,TT,AT,GG,GT,AT,CC,TT,GT,AA,GG,AA,TT,AA,TT,CC,TT,AA,CC,CT,GG,GG,CC,AG,CC,TT,CC,TT,GG,TT,AA,AA,AA,GG,CC,CC,GG,CC,GG,TT,AG,CC,TT,GG,CC,CC,AA,NN,CC,AT,CG,AA,AG,CC,CG,AC,TT,AG,GG,AA,AA,AC,NN,GG,AA,GG,AA,TT,GG,AA,AA,CC,AA,TT,AA,AG,GG,GG,GG,GT,AT,AG,TT,TT,TT,AA,TT,CG,GG,AC,8.93,Resistant,High,Premium,Medium
L0988,Davangere,Karnataka,Rabi,Black Cotton,Irrigated,430,25.5,58,AA,NN,AG,AA,GG,CC,GT,AT,CC,GG,AA,CC,GG,TT,TT,GG,GG,TT,TT,AA,CC,TT,GT,CC,TT,CC,TT,NN,GT,AA,TT,CC,AA,CC,GG,GG,GG,CG,GT,CC,TT,TT,AA,TT,AA,AA,TT,AT,CC,CC,GG,AA,AG,GG,CT,TT,AA,AA,GT,AC,AA,TT,TT,AA,TT,TT,CT,GG,NN,GG,AA,GG,CC,AA,GG,CC,TT,GG,GT,TT,GG,GG,GG,CC,AA,GG,AA,AT,CC,GT,CC,GT,CT,TT,TT,AA,TT,CC,TT,CC,CT,CC,AG,AA,TT,TT,CC,AG,AG,AA,CT,GG,TT,CC,TT,AC,AC,AT,CC,AG,CC,AG,CC,GG,TT,AA,CC,CC,CC,CC,AA,TT,NN,AA,CC,CC,AA,TT,AA,AA,GG,CT,CC,GG,AA,AG,AA,AC,GT,CC,CC,AA,AA,GG,GT,GG,NN,GT,TT,AG,NN,GT,GT,TT,CC,AA,TT,CT,AA,AT,CG,CC,AG,CC,CC,CC,GG,CC,AA,AG,AG,CC,TT,CC,GT,TT,GG,AT,AA,AA,NN,CC,CG,AC,CC,NN,GG,GG,NN,GG,TT,AA,AA,CC,GG,AA,CC,AA,AT,GT,GT,TT,TT,CG,GT,AA,NN,NN,TT,AA,GG,AA,CT,AA,TT,CC,TT,AA,CC,TT,GG,AA,NN,GG,AC,TT,CT,TT,GG,TT,AA,AC,AG,GG,CC,CC,GG,CC,GG,AT,AA,CC,TT,GG,CC,CC,AA,AG,CC,AA,CG,AA,AA,CC,CG,AC,TT,AA,GG,AA,AC,CC,AA,AG,AA,AG,AA,TT,GG,AA,AA,AA,AA,TT,AA,AA,GG,GG,GG,TT,AA,NN,GT,TT,TT,AG,AT,GG,GG,NN,7.01,Susceptible,Medium,Poor,Early
L0989,Davangere,Karnataka,Rabi,Black Cotton,Irrigated,430,25.5,58,AC,TT,AG,AG,GG,CC,GT,TT,CC,GG,AA,CT,CG,AT,TT,GT,GG,TT,TT,AG,CC,TT,GT,CC,TT,CC,TT,TT,GG,AA,TT,CC,AA,CC,GG,GG,GG,CG,GG,CC,TT,CC,AA,TT,AA,GG,TT,AT,CC,AC,GG,AA,AA,GG,CC,GT,AT,AC,GT,AC,AG,TT,TT,AG,TT,TT,CC,GT,TT,GG,AA,GT,CC,AA,AG,AC,AA,GG,TT,TT,GG,GG,GT,CC,AA,GG,AA,AA,CC,GG,AC,TT,CC,TT,GT,GG,CT,CC,TT,CC,CC,CC,AG,AA,TT,TT,CC,AA,AG,AA,CT,GG,TT,CC,TT,AC,AA,TT,CG,GG,CC,GG,CC,GT,TT,AA,CC,CC,AC,CC,AA,TT,CC,AA,CC,CC,AA,AT,AG,AA,GG,CT,CC,GG,AA,AA,AA,CC,GG,CC,CC,AG,AA,GG,TT,AG,AC,TT,CT,GG,AA,TT,TT,TT,CC,AA,GT,TT,AT,TT,GG,CC,GG,TT,AC,CC,CG,CC,AA,GG,AA,CC,TT,CC,GT,GT,CG,AA,AA,AG,TT,AA,GG,AA,CC,CG,GG,GG,AA,CG,TT,AC,AA,CC,GG,AA,CC,AA,AT,GG,TT,TT,AT,GG,TT,AA,CC,TT,NN,AA,GG,AA,TT,AA,TT,CC,TT,AC,CC,TT,GG,AA,CG,AG,CC,TT,TT,TT,GG,TT,AC,AA,AA,GG,CC,CC,CG,CC,GG,AT,AG,CG,NN,GG,CG,CC,AA,GG,CC,AT,CC,TT,AA,AC,CC,CC,AT,AA,GG,AA,AA,AA,AA,AG,AA,AA,AA,TT,GG,AA,AA,AC,AA,TT,AA,AA,CG,GG,GG,TT,AT,AA,GT,TT,TT,AA,TT,GG,CG,AA,8.84,Moderate,High,Poor,Late
L0990,Davangere,Karnataka,Rabi,Black Cotton,Irrigated,430,25.5,58,AA,TT,AA,AG,GG,CC,GG,TT,CC,CG,AA,CC,CC,TT,TT,GG,CG,TT,TT,AA,CC,GT,GT,CC,TT,CC,TT,TT,GG,AA,TT,CC,AA,CC,AG,GG,GG,GG,GG,CC,TT,CT,AA,TT,AA,GG,TT,TT,CC,CC,GG,AA,AA,GG,CC,TT,AA,NN,GG,AC,AA,GT,AA,AA,TT,AT,CC,GG,TT,GG,AA,GG,CC,AA,AG,AC,TT,GG,TT,TT,GG,GG,GG,CC,AT,GG,AA,TT,CC,TT,CC,TT,CT,AT,GT,GG,TT,CC,GT,CC,CC,CG,GG,AA,AT,TT,CC,AA,AA,AA,CC,GG,TT,CG,TT,AA,AC,TT,CC,AG,CC,GG,CC,GT,CC,AG,CC,CC,CC,CC,AA,TT,CC,AA,CC,CC,AA,TT,AA,AA,CG,CC,CC,AG,AA,AG,AA,CC,GG,CC,CC,AG,AG,GG,GT,GG,AC,GT,CT,GG,CC,TT,TT,TT,CC,AA,GT,TT,AT,AT,CG,CC,AG,CC,CC,CC,CG,CC,AA,GG,AG,CC,TT,CG,GG,TT,GG,TT,AG,GG,GT,CC,CG,AA,CC,CG,GG,GG,AA,CG,TT,NN,AA,CC,GG,AA,AC,AA,AT,GG,TT,TT,AT,CG,TT,AT,CC,TT,GT,AA,GG,AA,TT,AC,TT,CC,CT,AA,AA,CT,CG,AG,CC,AA,CC,TT,CT,GG,GG,TT,AC,AC,AG,GG,CC,CC,GG,CC,GG,AT,AA,CG,NN,GG,CG,CC,AA,GG,CC,AA,CC,AT,AA,CC,CC,CC,TT,AA,GG,AA,AA,AA,AA,AG,AA,AG,AA,TT,GG,AA,AA,NN,AA,TT,AG,AG,GG,GG,GG,TT,AA,AA,NN,TT,AT,AG,AT,GG,GG,AA,7.23,Susceptible,Low,Premium,Late
L0991,Davangere,Karnataka,Rabi,Black Cotton,Irrigated,430,25.5,58,AC,TT,GG,NN,GG,CC,GG,TT,CC,CG,AA,CC,CG,TT,GT,GG,GG,TT,TT,AG,CG,TT,GT,CC,TT,CC,TT,TT,GG,AA,TT,CT,AA,CC,AG,GG,GG,CG,GG,CC,TT,CT,NN,TT,AA,AG,TT,AT,CC,AC,GT,AA,AA,GG,CC,GT,AA,AA,GT,AA,AA,TT,AA,AA,TT,TT,NN,GG,TT,GG,AA,GG,CC,AA,AG,CC,TT,GG,GT,TT,GG,GT,GG,NN,AT,GG,AA,AT,CC,TT,CC,TT,CC,AT,TT,GG,TT,CC,TT,CC,CC,CC,AG,AA,TT,GT,CG,AA,AA,AA,CC,GG,GT,CC,GT,AC,AA,TT,GG,GG,CC,GG,CC,GG,TT,AA,CC,CC,CC,CC,AA,TT,CC,AA,CC,CC,AA,TT,AA,AA,GG,CC,CG,GG,AA,AA,AT,NN,GT,CC,CC,AA,AA,GG,TT,AG,NN,GT,CT,GG,CC,GT,TT,TT,CG,AT,GT,TT,AA,NN,GG,CC,AA,TT,NN,CC,GG,CC,AA,AG,AG,CC,TT,CC,GT,GT,GG,TT,AA,AA,TT,AC,CC,AC,AC,CC,GG,GG,AA,GG,TT,AC,AA,CC,GG,AA,CC,AA,NN,GT,TT,TT,AT,CG,GG,AA,CC,TT,TT,AA,GG,AA,TT,AA,TT,CC,TT,AA,CC,TT,GG,AA,CG,GG,CC,TT,CT,TT,GG,TT,AA,AC,AG,GG,CC,CG,GG,CC,GG,TT,AA,CC,GG,GG,CC,CC,AA,GG,CG,AA,CC,AT,AA,CC,CG,CC,TT,AA,GG,AA,AA,AC,AA,AG,AA,AA,AA,TT,CG,AA,AG,AC,AC,CT,AA,AA,GG,GG,GG,GT,AA,NN,TT,TT,TT,AA,AT,GG,GG,AA,4.91,Susceptible,Medium,Poor,Early
L0992,Davangere,Karnataka,Rabi,Black Cotton,Irrigated,430,25.5,58,AA,TT,GG,AA,CG,CC,GT,AT,CC,NN,AA,CC,CC,AT,GT,GG,GG,TT,AT,AG,CC,GG,GT,CT,TT,CC,TT,TT,GG,AC,TT,CT,AA,CC,GG,GG,GG,CG,GG,CC,GT,CC,AA,GT,AA,GG,CT,TT,CC,AA,GG,AA,GG,GG,CT,TT,AA,AA,GT,AA,AG,TT,AT,AG,CT,TT,CC,GG,TT,GG,AG,GG,CC,AA,GG,AC,AA,GG,NN,TT,GG,GG,GG,CC,AA,NN,AA,AA,CC,GG,CC,TT,CC,TT,TT,GG,TT,CC,GT,CT,CC,CC,AG,AA,TT,TT,CG,AA,AG,AA,CC,GG,TT,CG,GG,AC,AC,TT,CC,AA,CC,GG,NN,GT,CT,AG,CC,CC,CC,CC,AA,TT,CC,AA,CC,CC,AA,TT,AA,AA,GG,CT,CC,GG,AA,AA,AA,CC,GG,CC,CC,AA,AA,GG,TT,GG,AA,GT,TT,GG,CC,TT,TT,TT,CC,AA,GT,TT,AT,TT,CG,CC,AA,CT,CC,CC,GG,CC,AA,GG,AG,CC,TT,CC,TT,GT,GG,TT,AA,AA,TT,CC,GG,AC,AC,CC,GG,GG,AA,GG,TT,AA,AA,CC,GG,AA,AC,AA,TT,GG,GT,TT,AA,GG,GT,AA,CC,TT,TT,AT,NN,AA,TT,AA,TT,CG,TT,AC,CC,CT,CC,AA,CC,AG,CC,TT,TT,TT,CG,TT,AC,AC,AG,GG,CC,CG,GG,CC,GG,AT,AA,CC,TT,GG,CC,CC,AT,GG,CC,AT,CC,AA,AA,CC,GG,CC,TT,AA,GG,AA,AA,AA,AC,AG,AG,AA,AA,AT,CG,AC,AA,AC,AC,TT,AG,AA,GG,GG,GG,TT,AA,AA,TT,TT,TT,AA,NN,GG,GG,AA,8.33,Resistant,Low,Premium,Early
L0993,Davangere,Karnataka,Rabi,Black Cotton,Irrigated,430,25.5,58,AC,NN,GG,AA,CG,CC,GG,AT,CC,CC,AA,CC,CG,TT,TT,GG,CG,TT,TT,AG,CG,TT,TT,CT,AT,CC,GT,AT,GG,AA,CT,CT,AA,CC,GG,GG,GG,CC,GG,CC,TT,TT,AA,TT,AG,GG,TT,TT,CC,AA,GG,AA,AA,GG,CC,GT,AT,AC,GG,AA,AA,TT,TT,AA,CT,TT,CC,GG,CT,GG,AG,GG,CC,NN,GG,AA,AA,GG,TT,TT,GG,GG,GT,CC,AA,GG,AA,AA,CC,TT,CC,TT,CC,AT,TT,GG,TT,CC,TT,CC,CC,CC,AG,AA,AT,TT,CC,AA,AA,AC,CC,GG,TT,CC,GT,AA,AA,TT,CC,AG,CC,GG,CC,GG,TT,AA,CT,CC,AC,CC,AA,NN,CC,AA,CC,CC,AA,TT,AG,AA,GG,CT,CC,GG,AA,AA,AA,NN,GG,CC,CC,AA,AG,AG,GT,AG,AA,TT,CT,GG,AC,TT,TT,CT,CC,AT,TT,TT,AA,TT,GG,CC,AA,CC,CC,CC,GG,AC,AA,GG,GG,NN,TT,CG,GG,GT,GG,TT,AA,AG,TT,CC,GG,AA,AC,CC,GG,GG,AC,GG,TT,AA,AA,CC,GG,AA,AC,AT,AT,GT,GT,AT,AT,GG,TT,TT,CG,AT,GT,AA,GG,AA,TT,AA,TT,CC,TT,AC,CC,TT,GG,GG,CG,AG,CC,TT,TT,TT,GG,TT,AA,CC,AG,GG,CC,CC,GG,CC,GG,AT,AA,CG,TT,GG,GG,CG,AA,GG,CG,AA,CC,AA,AG,AC,CG,AC,TT,AA,GG,AA,AA,AA,AA,AG,AG,AA,AA,TT,CG,AC,AG,AC,AC,CC,AA,AA,GG,GG,CG,TT,AA,AA,TT,TT,TT,AG,AT,GG,CG,AA,7.75,Moderate,High,Standard,Early
L0994,Davangere,Karnataka,Rabi,Black Cotton,Irrigated,430,25.5,58,AA,TT,AG,AG,GG,CC,GG,TT,CC,CG,AA,CC,CG,TT,TT,GT,GG,TT,TT,AG,CC,GT,GG,CC,TT,CC,TT,TT,GG,AA,TT,CT,AA,CC,AG,GG,GG,CG,GG,CC,TT,TT,AA,TT,AA,GG,TT,TT,CC,AC,GG,AT,AA,GG,CT,TT,AA,AA,GG,AA,AG,TT,AT,AG,TT,TT,CC,GG,TT,GG,AG,GG,CC,AA,AG,AC,AA,GG,GT,TT,GG,GT,GT,AC,AT,GG,AA,AT,CC,TT,CC,TT,CT,TT,TT,GG,CT,AC,TT,CT,CT,CC,AG,AG,TT,TT,CC,AA,GG,AA,CT,GG,TT,CC,TT,AC,AA,TT,CC,AG,CC,GG,CC,GG,TT,AA,CC,CC,CC,CC,AA,TT,CC,AA,CC,CC,AA,TT,AA,AT,GG,CT,CC,GG,AA,AA,AA,CC,GG,CC,NN,AA,AA,GG,TT,GG,AA,GG,TT,GG,CC,GT,TT,TT,CC,TT,TT,TT,AA,TT,GG,CC,AA,CC,CC,CC,GG,CC,AA,GG,AG,CC,TT,CC,GT,TT,GG,TT,AA,AA,TT,CC,GG,AA,CC,CC,GG,AG,AA,GG,CT,AC,AA,CC,GG,AT,CC,AA,AT,GT,GT,AA,AT,GG,GG,AA,CG,AT,TT,AA,NN,AA,TT,AA,TT,CC,CT,AC,NN,TT,GG,AA,CC,AA,CC,TT,TT,TT,GG,TT,AA,CC,AG,GG,CC,CC,GG,CG,GT,AT,AA,CG,TT,GG,CC,CG,AT,GG,CC,AA,CC,AT,AA,AC,CC,AC,TT,AA,GG,AA,AA,AA,AA,GG,AG,AA,AA,TT,GG,AA,AA,AC,CC,CT,AA,AG,GG,GG,GG,TT,AT,AA,TT,TT,TT,AA,TT,GG,NN,AA,8.04,Moderate,Low,Standard,Early
L0995,Davangere,Karnataka,Rabi,Black Cotton,Irrigated,430,25.5,58,AC,TT,AG,GG,GG,CC,GT,TT,CG,CG,AA,CC,CG,AA,TT,GG,GG,TT,TT,AA,CC,TT,GT,CT,TT,CC,TT,TT,GT,AA,TT,CT,AA,CC,GG,CG,GG,CG,GG,CC,TT,TT,AA,TT,AG,GG,TT,AT,CG,AA,GG,AT,AA,GG,CT,TT,AA,AA,GT,AC,AA,TT,AA,AA,TT,AA,CC,GG,TT,GT,AA,GG,CC,AA,GG,AA,AT,GG,GT,TT,GG,GG,GT,CC,AA,GG,AG,AA,CC,TT,AC,TT,CC,AT,TT,GG,TT,CC,TT,CT,CT,GG,AA,AG,AT,TT,CC,AA,AA,AC,CT,GG,GT,CC,TT,AC,AA,TT,CC,GG,CG,AG,CC,GG,TT,AA,CT,CC,CC,CC,AA,TT,CC,AA,CC,CC,AA,TT,AA,AA,GG,CC,CC,AG,AA,AG,AA,CC,GG,CC,NN,AG,AG,GG,TT,GG,AC,TT,TT,AG,CC,GT,TT,TT,CC,AA,TT,TT,AA,AT,GG,CC,AA,CT,CC,AA,GG,CC,AA,GG,AA,CC,GT,CC,GG,TT,GG,TT,AA,AG,TT,CC,CG,AA,CC,CC,GG,GG,AA,GG,TT,AA,AA,CC,GG,AT,AC,AA,AA,GT,TT,TT,AA,CG,GT,AT,CC,NN,GG,AA,GG,AA,TT,AA,TT,CC,TT,AC,CC,CC,GG,AG,CC,AG,CC,TT,TT,GG,GG,TT,AA,AC,AA,GG,CC,CC,GG,CC,GG,TT,AG,NN,GT,GG,CC,CC,AA,GG,CC,AA,CC,AT,AA,CC,CC,AC,TT,AA,GG,AA,AA,CC,AA,AG,AG,GG,AA,TT,GG,AA,AG,AC,AA,TT,AA,AA,GG,GG,GG,TT,AT,AG,TT,TT,TT,AA,AT,GG,GG,AA,7.25,Susceptible,Medium,Premium,Late
L0996,Davangere,Karnataka,Rabi,Black Cotton,Irrigated,430,25.5,58,CC,TT,GG,AG,GG,CC,GG,TT,CC,CC,AA,CC,CG,TT,TT,GG,GG,TT,TT,AA,CC,TT,GT,CC,TT,CC,TT,TT,NN,AA,NN,CC,AA,CC,GG,GG,GG,GG,GG,CC,TT,CC,AA,GT,AA,AG,CT,AT,CC,AC,GG,AA,AA,GG,CC,TT,AA,AC,GT,CC,AA,TT,TT,AA,TT,TT,CC,GG,TT,GG,AG,GG,CC,AA,AG,AC,AA,GG,GT,TT,GG,GG,GG,CC,AT,GG,AA,AA,CC,GT,CC,TT,CC,TT,TT,GG,TT,CC,TT,CC,CC,CG,AG,AA,TT,TT,CC,AG,GG,AA,CC,GG,TT,CC,GT,AC,AC,TT,CC,GG,CG,AG,CC,GG,TT,AA,CC,CC,CC,CC,AA,TT,AC,AC,CC,CC,AA,TT,AA,AT,GG,CT,CC,AG,AA,AG,AT,AC,GT,CG,CC,AG,AA,GG,GT,GG,AC,GT,CT,GG,AC,GT,TT,TT,CC,AA,TT,TT,AT,AT,GG,CC,AG,CC,CC,CC,CG,CC,AA,GG,AA,CC,TT,CG,TT,TT,GG,TT,AG,AA,TT,AC,GG,NN,AC,CC,GG,GG,AC,GG,TT,AC,AA,CC,GT,AA,CC,AA,AT,GG,GT,AT,AA,GG,GG,AT,CG,TT,TT,AA,GG,AG,TT,AA,TT,CC,CT,AC,CC,TT,GG,AG,CC,AG,AC,AT,CC,GG,GG,AT,AA,AC,AA,GG,CC,CG,GG,CC,GG,AT,AA,CC,GT,GG,CC,CG,AA,AG,CC,AA,CC,AA,AA,CC,CG,CC,TT,AA,GG,AA,AA,CC,AA,GG,AA,AA,AA,TT,GG,AA,AG,AC,AC,CT,AG,AA,CG,AG,GG,TT,AA,AA,GT,TT,TT,AA,TT,GG,CG,AA,6.43,Susceptible,Medium,Poor,Early
L0997,Davangere,Karnataka,Rabi,Black Cotton,Irrigated,430,25.5,58,AA,TT,GG,AA,GG,CC,NN,TT,CC,CG,AA,CT,NN,TT,GT,GG,GG,TT,TT,AA,CC,GT,TT,CC,TT,CC,TT,TT,GT,AA,CT,CC,AA,CC,AG,CG,GG,CC,GT,CC,TT,TT,AA,TT,AG,AG,TT,TT,CC,AC,GT,AA,AG,CG,CT,TT,AA,AC,GT,AC,AA,TT,TT,AA,TT,TT,CC,GG,TT,GG,AG,GG,CC,AA,AG,AA,AT,GG,TT,TT,AG,GG,GG,NN,AA,GG,AA,AA,CC,GG,AC,TT,CT,TT,TT,GG,TT,CC,TT,CC,CC,CC,AG,AA,TT,TT,CC,AA,AA,AA,CC,GG,TT,CC,TT,AC,AA,TT,CC,GG,CG,GG,CC,GG,TT,AA,CC,CC,AC,CC,AA,TT,CC,AA,CC,CC,AA,TT,AG,AA,CG,CC,CC,GG,AA,AG,AA,CC,GT,NN,CC,AA,AA,AG,TT,AG,AC,TT,CT,GG,CC,GT,GT,TT,NN,AT,TT,TT,AA,AT,CG,CG,AG,CC,CC,CC,GG,CC,AA,GG,AA,CC,TT,CG,GT,TT,CG,AT,AA,AG,TT,CC,CG,AA,AA,CC,GG,GG,AC,CG,TT,AA,AA,CC,GG,AA,AA,AA,TT,GT,GT,TT,AA,GG,GT,AA,CC,AA,GT,AA,GG,AA,TT,AA,TT,CG,TT,AC,CC,CC,GG,AG,CC,AA,AC,TT,TT,TT,NN,AT,AA,CC,AG,GG,CC,CC,CG,CC,GG,AT,AA,CC,TT,GG,CC,CC,AT,AG,CC,AT,CC,AA,AA,NN,CC,CC,TT,AA,GG,AA,AC,AA,AA,AG,GG,AG,AA,TT,CG,AA,AG,CC,AA,CT,AA,AA,CG,GG,GG,TT,AT,AA,GT,TT,TT,AG,AT,GG,GG,AA,8.05,Susceptible,Low,Premium,Early
L0998,Davangere,Karnataka,Rabi,Black Cotton,Irrigated,430,25.5,58,AC,TT,AG,AG,CG,CC,GG,AT,CC,CC,AT,NN,CG,TT,TT,GT,CG,TT,TT,AG,CC,TT,TT,CC,TT,CC,TT,TT,GG,AA,TT,CT,AA,CC,GG,GG,GG,CC,GG,CC,TT,TT,AA,GT,AG,AG,CT,TT,CC,CC,GG,AT,AA,GG,CC,GG,AA,AC,TT,AC,AG,TT,TT,AG,TT,AT,NN,GG,TT,GT,GG,GG,CC,AA,AG,AA,TT,AG,TT,TT,GG,GT,GG,CC,AA,GG,AA,AT,CC,GT,CC,TT,CC,AT,TT,GG,TT,AC,TT,CC,CC,GG,AG,AA,TT,TT,CC,AA,AA,AA,CC,GG,TT,CC,TT,AA,AA,TT,CC,GG,CC,GG,CT,GG,CT,AG,CT,CC,CC,CC,AA,TT,CC,AA,CC,CT,AA,TT,AG,AA,GG,TT,CC,GG,AA,AG,AA,AC,GG,CC,CC,AG,AG,GG,GT,GG,AC,TT,CT,AG,AA,GT,TT,TT,CC,AT,GT,TT,TT,TT,GG,CC,AG,CC,CC,CC,GG,CC,AA,GG,AG,CC,TT,CC,GG,GT,GG,TT,AA,AA,TT,CC,GG,CC,CC,CC,GG,GG,AC,NN,TT,AA,AA,CC,GT,AA,CC,AA,AT,GT,TT,TT,AA,GG,GT,AA,CG,TT,GT,AA,GG,AA,TT,AA,TT,CC,CT,AC,CC,TT,GG,AA,CC,AG,CC,TT,TT,GG,GG,NN,AA,AC,AA,GG,CC,CG,CG,CC,GG,AT,AA,CC,TT,GG,CC,CC,AT,AG,CC,AA,CG,AA,AA,CC,CC,AC,TT,AA,GG,AA,AC,CC,AA,AG,AG,AG,AA,TT,GG,NN,AG,AC,AA,CT,AG,AG,GG,GG,CG,TT,TT,AA,GT,TT,TT,AG,AT,GG,GG,AA,9.25,Susceptible,Low,Poor,Late
L0999,Davangere,Karnataka,Rabi,Black Cotton,Irrigated,430,25.5,58,CC,NN,AG,GG,GG,CC,GG,TT,CC,CC,AA,CC,CC,AT,TT,GG,GG,TT,TT,AG,CC,TT,TT,CT,TT,CT,TT,TT,GG,AA,TT,CC,AA,CC,AG,CG,GG,GG,GG,CC,TT,TT,AA,TT,AG,GG,TT,TT,CC,CC,GT,AA,AA,GG,CT,TT,AT,AA,TT,AC,AG,TT,AT,AA,TT,AT,CC,GG,TT,GG,AG,GG,CC,AA,NN,AC,AA,GG,TT,TT,AG,GG,GG,CC,AA,GG,AA,AT,CC,GT,AC,GT,CC,TT,TT,AG,TT,CC,GT,CC,CC,GG,AG,AA,TT,TT,CG,AA,AA,AC,CT,GG,TT,CC,TT,AA,AC,AT,CG,GG,CC,AG,CC,GT,TT,AG,CT,NN,CC,CG,AG,TT,AC,AA,CC,CC,AA,TT,AA,AA,GG,CC,CC,GG,AA,AA,AA,CC,GT,CC,CC,AA,GG,AG,TT,GG,AA,TT,CT,GG,CC,GT,GT,TT,CC,AT,GT,CT,AT,TT,GG,CC,AA,CC,CC,CC,CG,CC,AA,GG,AA,CC,TT,CC,GT,TT,CG,AA,AG,AA,TT,AC,CG,AA,CC,CC,CG,GG,CC,NN,TT,AA,AA,CC,GG,AA,AC,AA,AA,GG,TT,AT,AA,CC,TT,AT,CG,TT,GT,AA,GG,AA,CC,AA,TT,CG,CT,AC,CC,TT,CG,AA,CC,GG,AC,AT,TT,GT,GG,TT,AA,AC,AG,GG,CC,CG,GG,CG,GG,TT,AA,CC,TT,GG,CC,GG,AT,GG,CG,TT,CC,AT,AA,CC,CC,AC,TT,AA,CG,AA,AA,CC,AA,GG,AG,AA,AA,TT,GG,AC,AA,AC,AA,TT,AA,AA,GG,GG,GG,TT,AA,AA,GT,TT,TT,AA,TT,GG,GG,AA,6.95,Moderate,Medium,Premium,Late
L1000,Davangere,Karnataka,Rabi,Black Cotton,Irrigated,430,25.5,58,AC,CT,GG,AG,GG,CC,GT,TT,CC,CC,AA,CC,CG,AT,GT,GG,GG,TT,TT,AA,CC,GT,GT,CC,TT,CC,GT,TT,GG,AC,TT,CC,AA,CC,GG,CG,GG,NN,GG,CC,TT,CC,AA,TT,AG,AG,TT,AA,CC,AC,GT,AT,AG,GG,CC,TT,AA,AA,TT,AA,AG,GT,AT,GG,CT,TT,CC,GG,TT,GT,AA,TT,CC,AA,AG,AA,AA,GG,TT,TT,GG,GT,GG,CC,AA,GG,AA,AA,CC,TT,CC,TT,CT,TT,TT,GG,CT,CC,TT,CC,CC,CG,GG,AA,TT,TT,CC,AA,AG,AA,CC,GG,TT,CC,TT,AA,AA,TT,CG,AA,CC,GG,CC,GG,TT,AA,CC,CC,CC,CC,AA,TT,AC,AA,CC,CC,AA,AT,AG,AA,GG,CC,NN,GG,AA,GG,AA,CC,GG,CC,CC,AG,NN,AG,TT,GG,AA,TT,CT,GG,CC,GT,TT,TT,CG,AT,GT,TT,AA,TT,GG,CC,AA,CC,CC,CC,GG,CC,AA,GG,AA,CC,TT,CG,GG,TT,GG,AT,AA,AG,TT,CC,GG,AA,CC,CG,GG,GG,AA,GG,TT,AA,AA,CC,GG,AA,AC,NN,AT,GG,TT,AT,AT,GG,TT,AT,GG,AT,GT,AA,GG,AG,TT,AC,TT,CC,TT,AA,CC,CT,GG,AG,CG,AG,CC,TT,TT,TT,GG,TT,AA,AC,AA,GG,CC,CG,GG,CC,GG,AT,AA,CC,TT,GG,CC,CC,AA,GG,CG,TT,CC,AA,AA,CC,CG,NN,TT,AA,GG,AA,AA,CC,AA,AG,AG,AA,AA,TT,GG,AC,AG,AC,AA,TT,AG,AA,GG,AG,GG,TT,AA,AA,GG,TT,TT,AG,TT,GG,GG,AA,9.1,Susceptible,Low,Standard,Early
L0001,Anantapur,Andhra Pradesh,Kharif,Red Sandy,Rainfed,390,31.0,52,AC,TT,GG,AG,GG,CC,GG,TT,CC,CC,AT,CT,CC,AT,GT,GG,CG,TT,TT,AA,CC,TT,GT,CC,TT,CT,GT,TT,GG,AA,TT,CC,AA,CC,AG,GG,GG,CC,GG,CC,GT,CT,AA,NN,AG,GG,TT,AT,CC,AA,GG,AA,AA,GG,CC,TT,AA,AC,GG,AA,AA,TT,TT,GG,TT,AT,CC,GG,TT,GG,AA,GG,CC,AG,GG,AA,TT,AG,TT,TT,AG,GT,GG,CC,AA,GG,AA,TT,CC,GT,CC,TT,CT,TT,TT,GG,TT,CC,GT,CC,CC,CC,AG,AA,TT,TT,CC,AA,AA,AA,CC,GG,TT,CC,TT,AA,AA,AT,CC,AG,CC,GG,CC,GG,TT,AG,CT,CC,CC,CC,AA,TT,CC,AA,CC,CC,AA,TT,AA,AA,CG,CC,CC,GG,AA,AG,AA,AC,GT,CC,CC,AA,AA,AA,TT,AG,AA,TT,CT,GG,AC,TT,TT,TT,NN,AA,TT,NN,AA,TT,CG,CC,AG,CC,CC,CC,CG,CC,AA,AG,GG,CC,TT,CC,GG,GT,CG,AA,AA,AG,TT,CC,GG,AA,AC,CC,GG,GG,AC,GG,TT,AA,AA,CC,GG,AT,CC,AA,TT,GG,TT,TT,AA,GG,GT,AT,CG,AT,GT,AA,GG,AG,TT,AA,TT,CC,TT,AA,CC,TT,GG,AA,CG,AA,CC,AT,TT,TT,GG,TT,AA,CC,AG,GG,CC,CC,GG,CC,GG,TT,AA,CC,TT,GG,CC,GG,AA,GG,CC,AA,CC,AT,AA,AC,CC,AC,TT,AA,GG,AA,AA,AC,AA,AG,AA,AG,AA,TT,CG,AA,AA,CC,AC,CC,AA,AA,CG,GG,GG,TT,AA,AG,TT,TT,TT,AA,AT,GG,GG,AA,3.15,Resistant,Medium,Standard,Medium
L0002,Anantapur,Andhra Pradesh,Kharif,Red Sandy,Rainfed,390,31.0,52,AA,CT,GG,AG,GG,CC,GG,TT,CC,CG,AA,CT,CC,TT,GT,NN,GG,TT,TT,AA,CC,TT,GT,TT,AT,CC,TT,TT,GG,AC,TT,CT,AA,CC,GG,GG,GG,CC,GG,CC,TT,TT,AA,GG,AA,AG,TT,TT,CC,AA,GT,AA,NN,GG,CC,GT,AA,CC,TT,AA,AA,GT,TT,AA,TT,TT,CC,GG,TT,GT,AA,GG,CC,AA,GG,AA,AA,GG,TT,TT,GG,GT,GT,CC,AA,GG,AA,AA,CC,GT,CC,TT,CT,TT,TT,GG,TT,CC,TT,CC,CC,CC,GG,AA,TT,TT,CC,AA,AA,AA,CT,GG,TT,CC,NN,AA,AA,TT,CG,AG,CC,GG,CC,TT,TT,AG,CC,CG,CC,CC,AA,TT,CC,AA,CC,CC,AA,TT,AG,AA,NN,CT,CC,GG,AA,AG,AT,CC,GT,CC,CC,AA,AG,GG,TT,GG,AC,TT,TT,AG,CC,TT,GT,TT,CC,AA,TT,TT,AA,AT,GG,CC,AG,CC,CC,CC,GG,CC,AA,GG,AG,CC,TT,CG,GT,TT,CG,AT,AA,AA,TT,CC,GG,AC,AC,CC,GG,GG,AA,GG,TT,AA,AA,NN,GG,AA,CC,AA,AT,GT,TT,AT,AT,CG,GT,AA,CC,TT,TT,AA,GG,AA,CT,AA,TT,CC,TT,AC,CC,CT,GG,AG,CG,AG,CC,TT,CT,GT,GG,TT,AA,AC,NN,NN,CC,CG,GG,CC,GG,AT,AA,CC,TT,GG,CC,CG,AA,AG,CC,AA,CC,NN,AG,CC,CC,AC,AT,AA,GG,AT,AC,AA,AA,GG,AA,AA,AG,TT,GG,AC,AA,CC,AC,TT,AA,AA,GG,AG,CG,TT,AA,AA,TT,TT,TT,NN,TT,GG,GG,AA,2.72,Susceptible,Medium,Standard,Late
L0003,Anantapur,Andhra Pradesh,Kharif,Red Sandy,Rainfed,390,31.0,52,AC,TT,GG,AG,CG,CC,GT,TT,CC,CG,AA,CT,CC,AT,TT,GG,CG,TT,TT,AA,CC,TT,GT,CT,TT,CC,TT,AT,GT,AA,TT,CT,AA,CC,GG,GG,GG,CC,GG,CC,TT,CT,AC,TT,AA,AG,CT,TT,CC,AA,GG,AA,AA,GG,CC,TT,AA,AA,GG,AC,AA,TT,TT,AA,TT,TT,CC,GT,CT,GG,AA,GG,CC,AA,GG,AC,AA,GG,TT,TT,GG,GG,GG,CC,AA,GG,AA,AA,CC,GT,AC,NN,CC,TT,TT,GG,CT,CC,TT,CC,CT,GG,AG,AG,TT,TT,CC,AA,AG,AA,CC,GG,TT,CC,GT,AA,AA,AT,CC,GG,CG,GG,CC,GT,TT,AA,CC,CC,CC,CC,AA,TT,CC,AA,CC,CC,AA,TT,AA,AA,GG,CC,CG,GG,AA,NN,AA,CC,GT,CC,CC,AA,AG,AG,TT,GG,AC,TT,CT,AG,CC,GT,GT,TT,CC,AT,GT,CT,AA,TT,GG,CC,GG,CC,CC,CC,CG,CC,AA,GG,AA,CC,TT,CC,GG,TT,CC,AT,AA,AA,TT,CC,GG,AA,AC,CC,GG,GG,AA,GG,TT,AA,AA,CC,GG,AT,CC,AA,AT,GG,TT,TT,AT,GG,GT,AA,CC,AT,TT,AA,GG,AA,CT,AC,TT,CC,TT,AC,CC,TT,GG,AA,CC,AG,CC,TT,TT,TT,GG,TT,AC,AC,AG,GG,CG,CG,GG,CC,GG,AA,AA,CG,TT,GG,CC,CG,AT,AG,CC,AA,CC,AA,AA,CC,GG,AC,TT,AA,GG,AA,AA,AC,AA,GG,AA,AA,AA,NN,GG,AA,AA,CC,AC,CT,AA,AG,GG,GG,GG,TT,AA,AA,TT,TT,TT,AG,AT,GG,GG,AA,3.29,Moderate,Low,Standard,Medium
L0004,Anantapur,Andhra Pradesh,Kharif,Red Sandy,Rainfed,390,31.0,52,CC,TT,GG,AG,CG,CC,GG,TT,CC,GG,AA,CT,CC,TT,TT,GT,CG,TT,TT,AG,CC,TT,GT,CC,TT,CC,GT,TT,GG,AA,TT,CT,AA,CC,GG,CG,GG,CC,GT,CC,TT,CT,AA,TT,AA,GG,TT,TT,CC,CC,GG,AA,AA,GG,CC,GT,AA,AA,GT,AC,AA,TT,TT,AA,CC,TT,CC,GG,TT,GG,AA,GT,CC,AA,GG,CC,AA,GG,TT,TT,GG,GG,GT,NN,AA,GG,AA,AA,CC,TT,CC,TT,CT,TT,TT,GG,TT,CC,GT,CC,CC,CG,AG,AA,AT,TT,CC,AG,AA,AC,CT,GG,TT,CC,NN,CC,AA,TT,CG,GG,CC,GG,CT,GG,TT,AG,CC,CC,CC,CC,AA,TT,CC,AA,CC,CC,AA,TT,AA,AA,GG,CC,CC,GG,AA,AA,AA,CC,GG,CC,CC,AG,AA,GG,TT,AG,AC,GG,CT,GG,CC,TT,TT,TT,CC,AA,GT,TT,AA,AT,GG,CC,GG,TT,CC,CC,CG,AC,AA,AG,AA,CC,TT,CC,GG,GT,CG,AT,AA,AG,TT,CC,GG,AA,AC,CC,GG,GG,AA,GG,TT,AA,AA,CG,GG,AA,AC,AA,AT,GG,TT,TT,AT,GG,GT,AT,CG,AT,TT,AA,GG,NN,CT,AC,TT,CC,TT,AA,CC,TT,GG,AG,CG,GG,CC,TT,CT,GT,GG,AT,AA,NN,GG,GG,CC,CC,GG,CC,GG,TT,AA,CC,GT,GG,CC,CC,AA,AG,CC,AA,CC,AA,AA,AC,GG,CC,TT,AA,CG,AA,AA,AC,AA,AA,AG,GG,AA,TT,GG,AC,AA,CC,AA,TT,GG,AA,GG,GG,CG,TT,AT,AA,TT,TT,TT,AA,AT,GG,GG,AA,1.88,Moderate,High,Standard,Medium
L0005,Anantapur,Andhra Pradesh,Kharif,Red Sandy,Rainfed,390,31.0,52,AC,CT,GG,AG,GG,CC,GG,TT,CC,CG,AA,CC,CC,TT,NN,GT,GG,TT,TT,AA,CC,GT,TT,CC,TT,CC,GT,TT,GG,AA,TT,CC,AA,CC,GG,CG,GG,CC,GG,CC,TT,CT,AA,TT,AA,GG,TT,TT,CC,NN,GG,AA,AA,GG,CC,TT,AA,AA,GG,AC,AA,TT,TT,AA,TT,TT,CC,GG,TT,GG,AA,GG,CC,AA,GG,AA,AT,GG,TT,TT,GG,GG,GG,AC,NN,GG,AA,AA,CC,GT,AC,TT,CC,TT,TT,GG,CT,CC,GT,CT,CC,CC,AG,AA,AT,GT,CG,AA,GG,AA,CC,GG,TT,CC,TT,AA,AC,AT,CG,GG,CG,GG,CC,GG,TT,AG,CC,CC,AC,CC,AA,TT,CC,AA,CC,CC,AA,TT,AA,AA,CG,CC,CC,GG,AA,AA,AA,AC,GG,CC,CG,AA,AA,GG,TT,AG,AA,GT,TT,AG,CC,TT,TT,CT,CC,AA,GT,TT,TT,AT,GG,CC,AA,CC,CC,AC,GG,CC,AA,GG,AA,CC,TT,CC,GG,TT,GG,AA,AA,AG,TT,CC,GG,CC,CC,CC,GG,GG,AA,GG,TT,CC,AA,CC,GG,AA,AC,AT,AT,GG,TT,AT,AA,GG,TT,AA,CG,AT,TT,AA,GG,AA,CC,AA,TT,CC,CT,AA,CC,CC,GG,AG,NN,GG,CC,TT,CT,GT,GG,AT,CC,CC,AG,GG,CC,CC,GG,CC,GG,AT,AA,CC,TT,GG,CC,CC,AA,GG,NN,NN,CC,AA,AA,AC,CC,CC,TT,AA,GG,AA,AA,AC,AA,AG,AG,AA,AA,AT,GG,AA,AG,CC,AC,CC,AA,AG,GG,GG,CG,TT,AA,AA,TT,TT,TT,AA,TT,GG,GG,AA,1.18,Susceptible,Low,Premium,Early
L0006,Anantapur,Andhra Pradesh,Kharif,Red Sandy,Rainfed,390,31.0,52,CC,TT,AG,GG,GG,CC,GG,TT,CC,CG,AA,CC,CG,NN,GT,GG,CG,TT,TT,AG,CC,TT,TT,CC,TT,CC,GT,TT,GT,AA,TT,CC,AA,AC,GG,CG,GG,CC,GG,CC,TT,CT,AA,TT,AA,GG,TT,TT,CC,AC,GG,AT,AA,GG,CT,TT,AT,AC,GT,AC,AA,TT,TT,GG,TT,AT,CC,GG,TT,GT,AA,GG,NN,AA,AA,AA,AT,GG,TT,TT,GG,GG,GG,CC,AA,GG,AG,AA,CC,TT,CC,TT,CT,TT,GT,AG,CT,CC,GT,CC,CT,CG,AG,AA,TT,TT,CC,AA,GG,AA,CT,GG,NN,CG,TT,AC,AC,TT,CG,AA,CC,GG,CC,GG,TT,AG,CC,CC,CC,CC,AG,GT,CC,AA,CC,CC,AA,AT,AA,AA,GG,NN,CC,GG,AA,AA,AA,CC,GT,CC,CC,AA,AA,GG,TT,AG,AC,TT,CT,GG,AA,TT,GT,TT,CC,AA,GT,TT,AT,TT,GG,CC,NN,CT,AA,CC,GG,CC,AA,GG,AG,CC,TT,CC,GT,TT,GG,NN,NN,AG,TT,CC,GG,AC,CC,CC,GG,GG,AA,GG,TT,CC,AA,CC,GG,NN,CC,AA,AT,GG,TT,AT,AA,GG,GT,AT,CC,TT,GT,AA,GG,AA,CC,AA,TT,CC,TT,AA,CC,TT,GG,AA,CC,AA,AC,AT,TT,GG,GG,TT,AC,CC,AG,GG,CC,CG,GG,CC,GG,TT,AA,CC,TT,AG,GG,CC,AA,GG,CG,AA,CC,AA,AA,CC,CG,AC,TT,AA,GG,AA,AC,AC,AA,AG,AA,AG,AA,AT,GG,AC,GG,CC,AC,CC,AA,AA,CG,GG,GG,GT,AA,AA,TT,TT,TT,AA,AA,GG,GG,AA,3.4,Susceptible,High,Poor,Medium
L0007,Anantapur,Andhra Pradesh,Kharif,Red Sandy,Rainfed,390,31.0,52,CC,TT,GG,AG,GG,CC,GG,TT,CC,CG,AA,CT,CC,AT,GT,GG,CC,TT,TT,AG,CC,TT,TT,CC,TT,CC,TT,TT,GG,AA,TT,CC,AG,AC,AG,GG,GG,CG,GG,CC,TT,CT,AA,TT,AG,GG,TT,TT,CC,CC,GG,AT,AA,GG,CT,TT,AA,AC,GG,AC,AA,TT,AT,AG,CT,AT,CC,GG,TT,GG,AG,GG,CC,AA,GG,CC,AT,GG,TT,TT,GG,GG,GG,CC,AA,GG,AA,AA,CC,TT,CC,TT,CC,AT,GG,GG,TT,CC,GT,CC,CC,CC,NN,AA,TT,GT,CG,AA,AG,AA,CC,GG,TT,CC,TT,AC,AA,TT,CC,AG,CC,GG,CC,GT,TT,AA,CC,CC,CC,CG,AA,TT,CC,AA,CC,CC,AA,TT,AA,AA,GG,CT,CC,GG,AA,AG,AT,AC,TT,CC,CC,AA,AA,AG,GT,AG,AA,GT,CT,GG,CC,TT,TT,TT,CG,TT,TT,TT,AA,AT,GG,CG,AA,CT,CC,CC,GG,AC,AA,GG,AG,CC,TT,CC,GG,TT,GG,AA,AA,AA,TT,CC,GG,AC,CC,CG,GG,GG,AC,GG,TT,AA,AA,CC,NN,AA,CC,AA,AA,GG,TT,AT,NN,GG,TT,AT,CC,AT,GT,AA,GG,AA,TT,AA,TT,CC,CT,AC,CC,TT,CG,AG,CG,AA,CC,TT,TT,TT,GG,TT,AA,CC,AA,GT,CC,CC,GG,CC,GG,AA,AA,CC,TT,GG,CG,CC,AA,GG,CG,AT,CG,AA,AA,AC,CC,CC,AT,AA,GG,AA,AC,AA,AA,NN,AA,AA,AA,TT,GG,AA,AG,AC,AC,CT,AA,AA,GG,GG,GG,GT,AT,AA,TT,TT,TT,AA,TT,GG,GG,AC,0.4,Resistant,Medium,Premium,Late
L0008,Anantapur,Andhra Pradesh,Kharif,Red Sandy,Rainfed,390,31.0,52,AA,TT,GG,AA,GG,CG,GG,TT,CG,CC,AA,CT,CC,TT,TT,GG,GG,TT,TT,AA,CC,TT,GT,CC,TT,CC,TT,TT,GG,AA,TT,CC,AA,CC,GG,CC,GG,CG,GG,CC,TT,CT,AC,TT,NN,AG,TT,TT,NN,AC,GG,AT,AA,CG,CT,TT,AT,AC,GT,AA,AA,TT,AT,AG,TT,TT,CC,GG,CT,GG,AA,GG,CC,AA,GG,AC,AT,GG,TT,TT,GG,GG,GG,CC,AA,GG,AA,AA,CC,TT,CC,TT,CT,TT,TT,GG,CT,AC,NN,CT,CC,CG,GG,AA,TT,TT,CC,AA,AG,AA,NN,GG,TT,CC,TT,AA,AA,TT,CC,AG,CG,GG,CC,GG,CT,AA,CC,CC,CC,CC,AA,TT,CC,AA,NN,CC,AA,TT,AA,AT,GG,CC,CC,GG,AA,AA,AA,AC,GG,CC,CC,AA,AA,GG,TT,GG,AA,GT,TT,AG,CC,TT,TT,NN,CC,AA,TT,CT,AA,TT,GG,CC,AA,CT,CC,CC,CC,CC,AA,GG,AA,CC,NN,CC,GG,TT,GG,AT,AA,AA,TT,CC,GG,AA,AA,CC,CG,GG,AC,GG,TT,AC,AA,CG,GG,AA,CC,AA,AA,GG,GT,TT,AT,GG,TT,AA,CC,TT,TT,AA,GG,NN,CT,AC,TT,CC,CC,CC,CC,CT,GG,AG,CC,AG,CC,TT,TT,GT,GG,TT,AA,CC,AG,GG,CC,CC,GG,CC,GG,TT,GG,CC,GG,GG,CC,CC,AA,NN,CC,AT,CG,AA,AA,CC,NN,AC,NN,AA,GG,AA,CC,AA,AC,GG,GG,AA,NN,AT,CG,CC,AA,AA,AA,CT,AA,AG,GG,AG,CG,GG,AA,AA,TT,TT,TT,AA,TT,GG,GG,AA,2.88,Moderate,Low,Poor,Early
L0009,Anantapur,Andhra Pradesh,Kharif,Red Sandy,Rainfed,390,31.0,52,AC,CT,NN,AA,NN,CC,GT,TT,CC,CG,AA,CC,CC,TT,GT,GG,GG,TT,TT,AA,CC,GT,TT,CT,TT,CC,TT,TT,GG,AA,TT,CT,AA,CC,GG,CG,GG,CG,NN,CC,TT,TT,NN,GT,AG,AG,CT,NN,CC,AC,GG,AT,AA,NN,CT,GT,AT,AA,TT,AA,AA,TT,AT,AA,TT,TT,CC,GG,TT,NN,AA,GG,CC,AG,AG,AA,AT,GG,TT,TT,GG,GT,GT,CC,AA,GG,AA,AA,CC,TT,CC,TT,CC,TT,TT,GG,CT,CC,GT,CC,CC,CC,AA,AA,NN,TT,CC,AA,GG,AC,CT,GG,GT,CC,TT,AC,AA,AT,CG,NN,CC,GG,CT,GG,CT,AG,CT,CC,CC,CC,AA,TT,CC,AA,CC,CC,AA,TT,AG,AA,GG,CT,CG,GG,AG,AA,AA,CC,GT,CC,CC,AA,AG,GG,TT,GG,AC,TT,TT,AG,AC,TT,GT,TT,GG,AT,TT,TT,AT,TT,GG,CC,AG,TT,CC,CC,GG,CC,AA,GG,AG,CC,TT,CC,GT,TT,CG,AA,AA,AA,TT,CC,GG,AC,AA,CC,GG,GG,AC,GG,TT,AA,AA,CG,GG,AA,CC,AA,AT,GG,TT,AT,AT,GG,TT,AT,CC,TT,TT,AA,GG,AA,TT,AA,TT,CC,TT,AC,CC,CT,GG,AG,CC,GG,CC,TT,TT,TT,GG,TT,AA,CC,GG,GG,CC,CG,GG,CC,GG,AA,AA,CG,TT,GG,CG,CC,AA,GG,CG,AA,CC,AT,AA,AC,GG,CC,TT,AA,GG,AA,AC,AC,AA,AG,AA,AA,AA,TT,CG,AA,NN,AA,AA,CT,AA,GG,GG,GG,GG,TT,AA,AA,TT,TT,TT,AA,AT,GG,CG,AA,0.55,Moderate,Medium,Poor,Early
L0010,Anantapur,Andhra Pradesh,Kharif,Red Sandy,Rainfed,390,31.0,52,AC,TT,GG,AA,GG,CC,GG,TT,CC,CC,AA,CC,CC,TT,TT,GG,CG,TT,TT,AA,CC,GT,TT,CT,TT,CC,TT,TT,GG,AA,TT,CC,AA,CC,AG,GG,GT,CG,GG,CC,TT,CC,AA,GT,AA,GG,TT,TT,CC,AA,GG,AA,AG,GG,CC,TT,AA,AC,GT,AA,AG,GT,NN,AG,CT,TT,CC,GG,TT,GG,AA,GT,CC,AA,AA,CC,TT,GG,TT,TT,GG,GG,GT,CC,AT,GG,AA,AA,CC,GT,CC,TT,CC,TT,TT,AG,TT,CC,GT,CC,CC,CG,GG,AG,TT,TT,CC,AA,GG,AA,CC,GT,NN,CC,TT,AA,AA,TT,CC,GG,CC,AG,CC,GT,TT,AA,CC,CC,AC,CC,AA,TT,AC,AA,CC,CC,AA,TT,AA,AT,GG,TT,CC,GG,AA,AA,AA,CC,GG,CG,CC,AA,AA,GG,GT,AG,AA,TT,CC,GG,CC,GT,TT,TT,CG,AT,GT,TT,AT,TT,GG,CC,AA,CT,CC,CC,CC,CC,AA,GG,AG,CC,TT,CC,TT,GT,GG,AT,AA,AA,TT,CC,CG,AA,CC,CG,GG,GG,AC,NN,TT,AA,AA,CC,GG,AT,CC,AA,AT,GG,TT,AT,AT,GG,GT,AT,CG,TT,GT,AA,GG,AA,TT,AA,TT,CG,TT,AA,CC,TT,GG,AA,CG,GG,CC,TT,CC,TT,GG,TT,AA,AC,AA,GG,CC,CC,GG,CC,GG,AA,AA,CG,GT,GG,CC,CC,AT,AG,CC,AT,CC,AT,AA,AC,CG,CC,AT,AA,GG,AA,AA,AC,AA,GG,AG,AA,AA,TT,GG,AC,AA,AA,CC,CT,AA,AA,GG,GG,GG,TT,AA,AA,TT,TT,TT,GG,TT,GG,GG,AC,2.1,Resistant,Low,Premium,Medium
L0011,Anantapur,Andhra Pradesh,Kharif,Red Sandy,Rainfed,390,31.0,52,CC,TT,GG,AA,GG,CC,GG,TT,CC,CG,AA,CT,CG,TT,TT,GG,GG,TT,TT,AG,CC,GT,GT,CC,AT,TT,TT,TT,GG,AA,TT,CT,AA,CC,GG,GG,GG,CC,GG,AC,TT,TT,AA,GT,AG,GG,TT,AT,CG,AC,GG,AA,AA,GG,CC,GT,AA,AA,TT,AA,AA,GT,TT,GG,CC,TT,CC,GG,TT,GT,AG,GG,AC,AA,GG,AC,AA,GG,TT,TT,GG,GG,GG,CC,AA,GG,AG,AT,CC,GT,CC,GT,CT,AT,TT,GG,TT,AA,TT,CC,CC,CC,AG,AA,AT,TT,CC,AA,AG,AA,CC,GG,NN,CC,GT,AA,AA,TT,CC,GG,CC,GG,CC,GG,TT,AA,CT,CC,CC,CG,AA,TT,CC,AA,CC,CC,AA,TT,AA,AA,GG,CC,CC,GG,AA,AG,AA,CC,TT,CG,CC,AA,AG,GG,NN,AG,AC,TT,CT,GG,CC,GT,GT,TT,CC,AT,TT,TT,AA,TT,GG,CG,AG,CT,CC,CC,CC,CC,AA,GG,AG,CC,TT,CC,GG,TT,GG,AT,AA,AG,NN,CC,GG,AA,AC,CC,GG,GG,AC,CG,TT,AC,AA,CC,GT,AT,AC,AA,AA,GG,GT,TT,AA,GG,GG,AT,CC,AT,GT,AA,GG,AA,CT,AA,TT,CC,TT,AA,CC,CT,GG,AA,CG,GG,NN,TT,TT,GT,GG,TT,AA,CC,AA,GG,CC,CG,GG,CG,GG,AT,AG,CC,TT,GG,CC,CC,AA,AG,CC,AA,CC,AA,AA,CC,NN,AC,TT,AA,GG,AA,AA,AA,NN,AG,GG,AA,AA,TT,GG,AC,AA,CC,AA,CT,AA,AA,GG,GG,GG,TT,AT,AG,GT,TT,TT,AG,AA,GG,GG,AA,2.2,Susceptible,Medium,Premium,Early
L0012,Anantapur,Andhra Pradesh,Kharif,Red Sandy,Rainfed,390,31.0,52,AA,CT,GG,AA,CG,CC,GG,TT,CC,GG,AA,CC,CC,TT,TT,GG,GG,TT,TT,AA,CC,TT,TT,CC,TT,CC,TT,TT,GT,AA,TT,CC,AA,CC,GG,GG,GG,CC,GG,CC,TT,CT,AA,TT,AG,AG,TT,TT,CC,CC,GG,AA,AG,GG,CC,GG,AA,AA,GG,AC,AG,GT,AT,AG,CT,TT,CC,GG,TT,GG,AA,GG,CC,AA,AG,AA,AA,GG,TT,TT,GG,GG,GG,CC,AA,GG,AA,AT,CC,TT,CC,TT,CT,TT,TT,GG,CT,CC,TT,CC,CT,CG,AG,AA,TT,GT,CC,AA,AG,AA,CC,GG,TT,CC,TT,AA,AA,TT,CG,AG,CC,GG,CC,GT,TT,AG,CC,CC,CC,CC,AA,GT,CC,AA,CC,CT,AA,TT,AA,AA,GG,CC,CC,GG,AA,GG,AA,AC,GT,CC,CG,AA,AG,GG,TT,GG,CC,TT,CT,GG,CC,GT,TT,CT,CG,AA,TT,TT,AA,TT,GG,CC,AA,TT,CC,CC,CG,CC,AA,GG,AG,CC,TT,CC,GT,GG,CG,TT,AA,AA,TT,CC,GG,AC,CC,CC,GG,GG,AA,GG,TT,AC,NN,CC,GG,AA,CC,AA,AA,GG,TT,AT,AA,GG,GT,AA,CC,TT,GT,AA,GG,AA,TT,AA,TT,CC,TT,AA,AC,TT,CC,GG,CG,AA,CC,TT,CT,GT,GG,AT,AC,CC,AA,GG,CG,CC,GG,CC,GG,TT,AA,CC,TT,GG,CC,CC,AT,GG,CC,AA,CC,AT,AA,AC,CG,AC,AA,AA,GG,AA,AA,AA,AA,GG,AA,AA,AA,TT,GG,CC,AA,AA,AC,CC,AG,AA,GG,NN,GG,GT,AA,AA,TT,TT,TT,AA,TT,GG,GG,AA,1.04,Resistant,Medium,Poor,Late
L0013,Anantapur,Andhra Pradesh,Kharif,Red Sandy,Rainfed,390,31.0,52,AA,TT,GG,AG,CG,CC,GG,TT,CC,CG,AA,CC,CC,TT,GT,GG,GG,TT,TT,AA,CG,TT,TT,CC,TT,CC,TT,TT,GG,AA,TT,CC,AA,CC,GG,GG,GG,CC,GG,CC,GT,CT,AA,GT,AG,AG,NN,TT,CC,AA,GT,AA,AA,GG,CC,TT,AA,AC,GT,AA,AA,TT,TT,AG,TT,TT,CC,GG,CT,GG,AA,GG,CC,AA,AG,AC,AT,GG,TT,TT,GG,GT,GG,CC,AA,GG,AA,AA,CG,TT,CC,TT,CC,TT,TT,GG,CT,CC,TT,CC,CC,CC,AG,AA,TT,TT,CC,AA,GG,AA,CC,GG,TT,CC,TT,AA,AC,TT,CC,AG,CC,GG,CC,GT,TT,AA,CC,CC,AC,CC,AA,TT,CC,AA,CC,CC,AA,TT,AA,AA,GG,CC,CC,GG,AA,AG,AA,CC,GT,CC,CG,AA,GG,AG,TT,AG,AC,TT,CC,GG,CC,TT,TT,TT,CC,AA,GG,TT,AA,TT,CG,CC,AA,CT,CC,CC,GG,CC,AA,GG,AA,CC,TT,CC,TT,TT,CC,AT,AA,GG,TT,CC,CG,AA,CC,CC,NN,AG,AC,GG,TT,CC,AA,CC,GG,AA,CC,AT,AT,GT,TT,AT,AA,GG,GG,AT,CC,TT,GT,AA,GG,AA,CT,AA,TT,CC,TT,CC,CC,TT,GG,GG,CC,AA,CC,AT,CT,TT,GG,TT,AA,NN,AG,GG,CC,CC,GG,CC,GG,TT,AG,CG,TT,GG,CC,CG,AT,GG,CC,AT,CC,AT,AA,CC,CC,AC,AT,AA,GG,AA,AA,AA,AA,AG,GG,AG,AA,TT,CG,AC,AA,AA,AC,CT,AA,AA,GG,AG,GG,TT,AA,AA,GT,TT,TT,AA,AT,GG,GG,AA,3.15,Moderate,High,Standard,Early
L0014,Anantapur,Andhra Pradesh,Kharif,Red Sandy,Rainfed,390,31.0,52,AC,TT,GG,AA,GG,CC,GG,TT,CC,CG,AA,CC,GG,TT,TT,GG,CG,TT,TT,AG,CC,TT,GT,CC,TT,CT,TT,TT,GG,AA,TT,CT,AA,CC,GG,CG,GG,CG,GG,CC,TT,CT,AA,TT,AG,AG,TT,TT,CC,AC,GG,AA,AA,GG,CC,GT,AT,AC,GG,AC,AA,TT,TT,AG,TT,NN,CC,GG,TT,TT,GG,GG,CC,AG,GG,AA,TT,GG,TT,TT,AG,GG,GT,CC,AA,GG,AA,AT,CC,TT,AA,TT,TT,AT,TT,GG,TT,CC,GG,NN,CT,CC,AG,AA,TT,GT,CC,AA,AA,AA,CT,GG,TT,CC,TT,AA,AA,AT,CC,AG,CC,GG,CC,GG,CT,AA,CT,CC,CC,CC,AA,TT,CC,AC,CC,CC,AA,AT,AA,AT,GG,CC,CC,GG,AA,AG,AA,CC,GT,CC,CG,AA,AA,GG,TT,GG,AC,TT,TT,AA,CC,TT,TT,TT,CC,AT,TT,TT,AA,TT,CG,CC,AG,CC,AC,CC,CG,CC,AA,GG,AA,CC,TT,CC,GG,TT,GG,TT,AG,AA,TT,CC,GG,AC,CC,NN,GG,AG,CC,GG,TT,AC,AA,CC,GT,AA,AC,AA,AT,GG,TT,AA,AA,CG,GT,AA,CC,AT,GG,AA,GG,AA,CT,AA,TT,CC,TT,AC,CC,CT,CC,AA,CG,GG,CC,AA,CT,GT,GG,AT,AA,AC,AA,GG,CC,CC,GG,CC,GT,AT,AA,CC,GT,AG,CC,CC,AA,AG,CG,AT,CC,AA,AA,CC,CG,CC,TT,AA,GG,NN,AA,AC,AA,GG,AA,AA,AA,TT,GG,AA,AA,CC,AC,NN,AA,AA,GG,GG,GG,TT,AT,AA,TT,TT,TT,GG,TT,CG,GG,AA,4.24,Moderate,Medium,Poor,Early
L0015,Anantapur,Andhra Pradesh,Kharif,Red Sandy,Rainfed,390,31.0,52,AA,TT,AG,AA,GG,CC,GT,TT,CC,CG,AA,CC,CC,AT,TT,GG,CG,TT,TT,AA,CG,TT,GT,CC,TT,CC,GT,TT,GT,AA,TT,CC,AA,CC,GG,CG,GG,CG,GG,CC,TT,CT,CC,TT,AG,GG,TT,TT,CC,AC,GG,AA,AA,GG,CC,TT,AA,AC,GT,NN,AA,GT,TT,NN,TT,TT,CC,GG,TT,GG,AA,GG,CC,AA,GG,AC,AT,GG,TT,TT,GG,GG,GG,CC,AA,GG,AA,AT,CG,GT,CC,TT,CT,TT,TT,AG,TT,AC,TT,CC,CC,CG,AA,AA,AT,TT,CC,AA,AG,AA,CC,GG,TT,CC,GT,NN,AA,TT,CC,GG,CC,GG,CC,GT,CT,AA,CC,CC,CC,CC,AA,TT,CC,AA,AC,CC,AA,TT,AA,AA,GG,CT,CC,GG,AA,GG,AA,CC,GG,CC,CG,AA,GG,AG,TT,GG,AC,TT,TT,GG,AC,TT,GT,TT,GG,AT,TT,TT,AA,TT,GG,CG,AA,CC,CC,CC,GG,CC,AA,GG,AA,CC,TT,CC,GT,TT,GG,NN,AA,AA,TT,CC,GG,AA,AC,CC,GG,GG,AA,GG,TT,CC,AA,CC,GG,AT,CC,AA,AT,GG,TT,TT,AA,GG,GT,TT,GG,TT,GT,AA,GG,AA,CT,AA,TT,CC,TT,AC,CC,TT,NN,AG,CC,AG,CC,TT,TT,GT,GG,TT,AC,AC,AA,GG,CC,NN,CG,CC,GG,TT,AG,CC,GT,GG,CC,CG,AA,GG,CG,NN,CC,AA,AA,CC,CC,AC,TT,AA,GG,AA,AA,AA,AA,AG,AG,AA,AA,AT,GG,AA,AA,CC,AC,CC,AA,AA,GG,GG,GG,GT,AT,AG,TT,TT,TT,AA,AT,GG,CG,AA,1.74,Moderate,Low,Standard,Medium
L0016,Anantapur,Andhra Pradesh,Kharif,Red Sandy,Rainfed,390,31.0,52,AC,CT,AG,AG,GG,CC,GG,AT,CC,CG,AA,CC,CC,TT,GT,GG,CC,TT,TT,AG,CC,GT,GT,CT,AT,CC,GT,TT,GG,AA,TT,CC,AA,CC,GG,GG,GG,CC,NN,CC,TT,CT,AA,GT,AG,AG,TT,TT,CC,AA,GT,AA,AG,GG,CC,GG,AA,AA,GT,AC,AG,TT,AT,AA,TT,TT,CC,GT,TT,GT,AG,GG,CC,AA,AG,AA,AA,GG,TT,TT,GG,GG,GG,CC,AA,GG,NN,AA,CC,GT,CC,TT,CC,TT,TT,GG,TT,CC,GT,CC,NN,CC,AG,AA,AT,TT,NN,AA,AA,AA,CT,GG,TT,CC,GT,AC,AA,TT,CC,AG,CC,GG,CC,GG,CT,AA,CT,CC,CC,CC,AA,TT,AC,AA,CC,CC,AA,TT,AA,AT,GG,CC,CC,GG,AA,AA,AA,CC,GG,NN,CG,AA,AA,GG,TT,AG,AA,TT,CT,AG,CC,GT,TT,CT,NN,AT,GG,TT,NN,TT,GG,CC,AG,TT,CC,AC,CG,CC,AA,GG,AA,CC,TT,CG,GT,TT,CG,AT,AA,AA,TT,NN,GG,AA,CC,CC,GG,AG,CC,GG,TT,AA,AA,CC,GG,NN,AC,AA,AA,GT,TT,AA,AT,GG,TT,AT,CC,TT,NN,AA,GG,AA,TT,AA,TT,CC,CT,AA,AC,CT,CG,AG,CC,GG,CC,TT,TT,GG,GG,AT,AA,AC,AG,GG,CC,CG,GG,CC,GG,AT,AA,CC,TT,GG,CC,CG,AT,AG,CG,AT,CC,AA,AA,AC,CG,AC,TT,AA,GG,AA,AA,AC,AA,GG,AG,AG,AA,AA,GG,AA,AA,AC,AC,CT,AA,AG,GG,GG,GG,TT,AA,AA,TT,AT,TT,AA,TT,GG,GG,AA,0.4,Susceptible,Medium,Poor,Late
L0017,Anantapur,Andhra Pradesh,Kharif,Red Sandy,Rainfed,390,31.0,52,AA,TT,AG,AA,GG,NN,GT,TT,CC,CG,AA,CC,CG,TT,NN,GG,GG,TT,TT,AA,CG,GG,TT,CT,TT,NN,TT,TT,GT,AA,TT,CT,AA,AC,GG,GG,GG,GG,GG,CC,TT,CT,AA,GT,AG,GG,TT,TT,CC,AC,TT,AA,AA,GG,CC,GT,AA,AA,GT,CC,AG,TT,AT,AG,TT,NN,CC,GG,TT,GT,AG,GG,CC,AA,AG,AC,AT,GG,TT,TT,AG,GG,GG,CC,AA,GG,AA,AA,CG,TT,CC,TT,CC,TT,GT,GG,CC,CC,TT,CT,CT,CC,GG,AG,AT,TT,CG,AG,AG,AA,CC,GG,TT,CG,TT,AC,AA,TT,CG,GG,CC,AG,CT,GT,TT,AA,CT,CC,CC,CC,AG,TT,CC,AA,CC,CC,AA,TT,AA,AA,CG,CT,CG,GG,AA,GG,AA,CC,GG,CC,CC,AG,AA,GG,TT,AG,AC,TT,TT,GG,CC,GG,GT,TT,CG,AA,TT,TT,AA,TT,GG,CC,AG,CC,CC,CC,GG,CC,AA,GG,AA,CC,TT,CG,GT,TT,GG,TT,AA,AA,TT,CC,GG,AA,CC,CG,GG,GG,AA,GG,NN,AA,AG,CC,GG,AA,CC,AA,AA,GG,TT,AT,AT,GG,GT,AT,CG,AT,TT,AA,GG,AA,CT,AA,TT,CG,CT,NN,CC,TT,GG,AA,CC,AG,CC,TT,TT,TT,GG,AT,AA,AA,AA,GG,CC,GG,GG,CC,GT,AT,AA,CC,TT,GG,CC,CG,AA,GG,CC,AA,CC,AA,AA,CC,CC,AC,TT,AA,GG,AT,AA,AC,AA,AA,AG,AA,AA,TT,GG,AA,AA,AC,AA,CC,AG,AA,GG,GG,GG,TT,AT,AA,TT,TT,TT,AA,TT,GG,GG,AA,5.87,Susceptible,Medium,Premium,Medium
L0018,Anantapur,Andhra Pradesh,Kharif,Red Sandy,Rainfed,390,31.0,52,CC,TT,AA,AG,CG,CC,GG,AT,CC,CG,AA,CC,NN,AT,TT,GG,CC,TT,TT,AA,CC,TT,GT,CC,NN,CC,GT,TT,GT,AA,TT,CC,AA,CC,GG,GG,GG,CC,GG,CC,TT,CT,AA,TT,AG,GG,TT,TT,CC,AC,GG,AA,AA,GG,CC,TT,AA,AA,GT,AC,AA,TT,AT,AA,CT,TT,CC,GG,TT,GT,AA,GG,CC,AA,GG,AC,AA,GG,TT,TT,GG,GG,GG,CC,AT,GG,AA,TT,CC,GG,CC,TT,CC,TT,GT,GG,TT,CC,TT,CC,CT,CC,GG,AA,TT,TT,CG,AA,AG,AA,CC,GG,GT,CC,GT,AA,AC,TT,CC,GG,CG,AG,CC,GG,TT,AA,CC,CC,CC,CC,AA,TT,CC,AA,CC,CC,AA,TT,AA,AT,CG,CC,CC,GG,AA,AG,AA,CC,GT,CC,CC,AG,NN,GG,GT,AG,CC,TT,TT,GG,AC,GT,TT,CT,CC,AT,TT,TT,AT,NN,GG,CC,AA,CT,CC,CC,GG,CC,AA,GG,GG,CC,TT,CC,GT,GT,GG,TT,AG,AG,TT,CC,CG,AC,CC,CC,GG,GG,AA,GG,TT,AC,AA,CC,GT,AA,AC,AA,AA,GG,TT,NN,AA,GG,GT,AT,CC,AT,TT,AA,GG,NN,TT,AA,TT,CC,TT,AA,CC,CC,GG,AA,CG,AA,CC,NN,CT,TT,GG,TT,AC,AC,AG,GG,CC,CG,NN,CC,NN,TT,AA,CG,GT,GG,CC,GG,AA,AG,CC,AT,CC,AA,NN,CC,CG,CC,TT,AA,GG,AA,AA,AC,AA,AG,GG,NN,AA,TT,GG,AA,AA,CC,AA,CT,AA,AA,GG,GG,GG,TT,AA,AA,TT,TT,TT,AA,AA,GG,GG,AA,0.58,Susceptible,Low,Standard,Medium
L0019,Anantapur,Andhra Pradesh,Kharif,Red Sandy,Rainfed,390,31.0,52,NN,TT,NN,GG,GG,CC,GG,AT,CC,CC,AA,CC,CC,TT,TT,GG,GG,TT,TT,AA,CC,TT,GG,CT,TT,CC,GT,TT,GG,AA,TT,CC,AA,CC,GG,CG,GG,GG,GG,CC,TT,CT,AC,GT,AA,GG,TT,TT,CG,AC,GG,AT,AA,GG,CT,GG,AA,AA,TT,AC,AA,TT,NN,AA,TT,AT,CC,GG,TT,GG,AG,GG,AC,AA,AG,AC,AA,GG,TT,TT,GG,GT,GG,CC,AA,GG,AA,AA,CC,TT,AC,GT,CT,TT,TT,AG,TT,CC,GT,CC,CC,GG,AG,AG,TT,TT,CC,AA,AG,AC,CT,GG,TT,CC,TT,AC,AC,TT,CC,GG,CG,AG,CC,GG,TT,AA,CT,CC,CC,CC,AA,NN,CC,AA,CC,CC,AA,AT,AA,AT,GG,TT,CC,GG,AA,AA,AA,CC,GG,CC,CG,AA,AA,GG,TT,GG,AC,GG,TT,AG,AC,TT,GT,CT,CC,AT,NN,TT,AT,TT,GG,CC,AA,CC,AC,CC,GG,CC,AA,AG,AA,CC,TT,CC,GT,GT,GG,AA,AA,AG,TT,CC,GG,AA,CC,NN,GG,AG,AA,CG,TT,AA,AA,CC,GG,AT,AC,AA,AA,GG,TT,AT,AA,GG,TT,AA,CC,TT,GT,AA,GG,AA,CT,AA,TT,CC,CT,AA,CC,TT,CG,AG,CG,GG,CC,TT,CT,TT,GG,TT,AA,AC,AA,GG,CC,CG,GG,CC,GG,AA,AA,CC,TT,GG,CC,CC,AT,NN,CC,AA,CC,TT,AA,CC,CG,AC,TT,AA,GG,AA,AC,AA,AA,AA,GG,AA,AA,AT,GG,AC,AG,CC,AC,CT,AG,AA,GG,NN,GG,TT,AA,AA,TT,TT,TT,AG,AA,GG,GG,AA,5.31,Susceptible,Medium,Premium,Medium
L0020,Anantapur,Andhra Pradesh,Kharif,Red Sandy,Rainfed,390,31.0,52,AA,CT,AG,AG,GG,CC,GG,TT,CC,CG,AT,CC,CG,AT,TT,GG,CG,TT,TT,AG,CC,GT,TT,CC,TT,CC,TT,TT,GG,AA,TT,CT,AA,CC,GG,GG,GG,GG,GG,CC,TT,CT,AA,GT,AG,AG,TT,TT,CC,AA,GG,NN,GG,GG,CC,TT,AA,AC,GG,AC,AA,TT,TT,AG,TT,AT,CC,GG,TT,GG,AG,GG,CC,AA,GG,AA,AT,GG,TT,TT,GG,GG,GT,CC,AT,GG,AA,AA,CC,GT,CC,TT,CT,TT,TT,GG,TT,CC,GT,CC,CC,CC,AG,AA,TT,TT,CC,AG,AA,AA,CC,GG,TT,CC,GG,NN,AA,TT,CC,AA,CC,GG,CC,GG,TT,GG,CT,CC,CC,CC,AA,TT,CC,AA,CC,CC,AG,AT,AA,AA,GG,CC,CC,GG,AA,AG,AA,AC,GG,CC,CC,AA,AG,GG,TT,GG,AA,TT,TT,GG,AC,GT,TT,TT,CC,AT,GT,TT,AA,TT,CG,CG,AG,CC,CC,CC,CG,CC,AA,GG,AG,CC,TT,CC,NN,TT,GG,AA,AA,AG,GT,CC,GG,AC,CC,CC,GG,GG,AC,GG,TT,AA,AG,CC,NN,AA,CC,AA,AT,GG,TT,AT,AA,GG,GG,AT,CC,AT,TT,AA,GG,AA,TT,AA,AT,CC,CT,AC,CC,TT,GG,GG,CC,AG,CC,TT,NN,GT,GG,TT,AA,AA,AG,GG,CC,CG,GG,CC,GG,TT,AA,CC,TT,GG,CC,CC,AA,GG,CC,AT,CC,AT,AA,AC,CC,AC,AT,AA,GG,AA,AC,AC,AC,AA,AA,AA,AA,TT,GG,AA,AA,AC,AA,TT,AA,AA,GG,GG,GG,TT,AA,AG,TT,TT,TT,AG,AT,CG,CG,AA,3.56,Susceptible,Medium,Poor,Medium
L0021,Anantapur,Andhra Pradesh,Kharif,Red Sandy,Rainfed,390,31.0,52,AC,TT,AG,AA,GG,CC,GG,TT,CC,CC,AT,CC,CC,TT,TT,GG,CG,TT,TT,AA,CC,TT,TT,CC,TT,CC,TT,TT,GG,AA,TT,CC,AA,CC,GG,GG,GG,CC,GG,CC,TT,TT,AC,TT,AA,AG,TT,TT,CC,AC,GG,AA,AA,GG,CC,TT,AA,AA,GT,AA,AA,TT,AT,AG,TT,TT,CC,GG,TT,GT,AG,GT,CC,AA,GG,AC,AA,AG,TT,TT,GG,GG,GG,CC,AA,GG,AA,AA,CC,GT,CC,TT,TT,TT,TT,GG,TT,CC,GT,CT,CC,CG,GG,AA,TT,TT,CC,AA,AA,AA,CC,GG,TT,CC,TT,AC,AA,TT,CC,GG,CC,GG,CC,GT,TT,AA,CC,CC,CC,CC,AA,TT,CC,AC,CC,CC,AA,TT,AA,AA,GG,CT,CC,GG,NN,NN,AA,CC,GT,CC,CC,GG,AG,GG,TT,AG,AC,GT,CT,GG,CC,TT,GT,TT,GG,AA,TT,CT,AT,TT,GG,CC,NN,CT,CC,CC,GG,CC,AA,GG,AA,CC,TT,CG,GG,TT,GG,TT,AG,AA,TT,AC,GG,AC,CC,CC,GG,GG,AC,GG,TT,AC,AA,CC,GG,AA,AC,AA,TT,GG,TT,TT,AA,GG,TT,AA,CC,TT,GT,AT,GG,AA,CT,AA,TT,CC,NN,AC,CC,TT,CG,AG,CC,AG,CC,TT,TT,GT,CG,NN,AC,CC,AA,GG,CC,CC,GG,CG,GG,TT,AA,CC,TT,GG,CC,CG,AT,GG,CC,AA,CC,AA,AA,NN,CG,CC,AT,AA,GG,AA,AC,AA,AC,AG,AG,AA,AA,AT,GG,AA,AA,AC,AA,TT,AA,AA,GG,GG,GG,TT,AA,AA,TT,TT,TT,AG,TT,NN,CG,AC,2.49,Resistant,Medium,Premium,Late
L0022,Anantapur,Andhra Pradesh,Kharif,Red Sandy,Rainfed,390,31.0,52,AA,TT,NN,AA,GG,CC,GG,TT,CC,NN,AA,CC,CG,TT,TT,GG,GG,TT,TT,AA,CC,GT,TT,CT,TT,CC,GT,TT,GG,AA,TT,CT,NN,AC,AG,GG,GG,CC,GG,CC,TT,CT,AA,TT,AG,GG,TT,AT,CC,AC,GG,AA,AA,GG,CT,GT,AA,AA,TT,AC,AA,TT,TT,AA,TT,AA,CC,GG,CT,GG,AA,GG,CC,AA,GG,CC,AT,GG,TT,TT,GG,GG,GT,CC,AA,GG,AA,AA,CC,TT,CC,TT,CC,TT,GT,GG,CT,CC,GT,CC,CC,GG,GG,AA,AT,TT,CC,AA,AA,AC,CC,NN,TT,CG,TT,AA,AC,TT,CG,GG,CC,GG,CC,GT,CT,AG,TT,CC,CC,CG,AA,TT,AC,AA,CC,CC,AA,TT,AA,AA,GG,CT,CC,GG,AA,AA,AA,AC,GT,CC,CC,AA,AA,GG,TT,GG,CC,GT,CT,AG,AC,TT,GG,TT,CC,AA,TT,TT,AT,TT,GG,CG,AA,CT,CC,AC,GG,CC,AA,GG,AA,CC,TT,CG,GT,GT,GG,AA,AA,AA,TT,CC,GG,AA,AC,CC,GG,GG,AA,NN,TT,AC,AA,CC,GT,AT,CC,AA,AT,GG,TT,TT,AA,GG,GT,AA,CC,AT,TT,AA,GG,AA,CT,AA,TT,CC,TT,AC,CC,CT,GG,AG,CC,AG,CC,AT,TT,TT,GG,TT,AC,CC,AA,GG,CC,CC,GG,CC,GG,AT,AA,CC,TT,GG,CC,CC,AA,AG,CC,AA,CC,AT,AA,CC,CG,AC,TT,AA,GG,AA,AA,AA,AA,AG,AA,AG,AA,AT,GG,AC,AG,AC,AA,TT,AA,GG,GG,GG,GG,TT,AA,AA,GT,TT,TT,AG,TT,GG,GG,AA,2.8,Susceptible,High,Premium,Late
L0023,Anantapur,Andhra Pradesh,Kharif,Red Sandy,Rainfed,390,31.0,52,AC,CC,AG,AG,CC,CC,GT,TT,CC,CG,AA,CT,CC,AT,GT,GG,NN,TT,TT,AG,CC,TT,GG,CC,TT,CC,TT,TT,GG,AA,TT,CT,AA,CC,GG,CG,GG,CC,GG,CC,TT,TT,AA,TT,AG,AG,TT,AT,CC,AA,GT,AA,AA,GG,CC,TT,AA,AA,GT,AC,AA,TT,TT,AA,TT,AT,CC,GG,TT,GT,AA,GG,CC,AA,GG,AC,AT,GG,TT,TT,GG,TT,GT,CC,AA,GG,AA,AA,CC,TT,CC,TT,CC,TT,GT,NN,CC,CC,GT,CC,CC,CC,AG,AA,TT,TT,GG,AA,AA,AC,CC,GG,TT,CC,TT,AA,AA,TT,CC,AG,CG,GG,CC,GG,TT,AA,CT,CG,CC,CG,AA,TT,CC,AA,CC,CC,AG,TT,AA,AT,GG,CC,CC,GG,AG,AA,AA,CC,GG,CC,CC,AA,AA,AG,GT,AG,AA,GT,CT,GG,AC,TT,GT,TT,CC,AT,TT,TT,AA,TT,GG,CC,AG,CT,CC,CC,GG,CC,AA,GG,AG,CC,TT,CC,TT,NN,CG,AT,AA,AG,TT,AC,CG,AA,CC,CC,GG,GG,AC,GG,TT,AA,AA,CC,GG,AT,AC,AA,AA,GT,GT,TT,TT,CG,GT,AT,CG,TT,TT,AA,GG,AA,CC,AC,TT,CC,TT,AC,AC,TT,GG,NN,CC,AA,CC,TT,CT,GT,GG,TT,AA,AA,AA,GT,CC,CC,GG,CC,GG,AT,AA,GG,TT,AG,CG,CC,AA,GG,CC,AT,CC,AA,AA,CC,CG,AC,TT,AG,GG,AA,AA,AA,AC,AG,AA,AA,AA,TT,CG,AC,AG,AC,AC,CT,AA,AA,CG,GG,GG,TT,AA,AG,GT,TT,TT,AG,TT,GG,CG,NN,4.35,Susceptible,High,Poor,Early
L0024,Anantapur,Andhra Pradesh,Kharif,Red Sandy,Rainfed,390,31.0,52,AC,TT,AG,AG,GG,CC,GT,TT,CC,CC,AA,CC,CG,TT,TT,GG,GG,TT,AT,GG,CC,TT,TT,CC,TT,CC,TT,TT,GG,AA,TT,CC,AA,CC,GG,GG,GG,CC,GG,CC,TT,CT,AA,GG,AA,AA,TT,TT,CC,CC,GT,AT,AA,GG,CC,TT,AA,AA,GT,AA,AA,TT,TT,NN,TT,AT,CC,GG,TT,GT,AA,GT,CC,AA,GG,AA,AT,GG,GT,TT,GG,GG,GG,CC,AA,GG,AA,AA,CC,GT,CC,TT,CT,TT,GG,GG,TT,AC,GT,CC,CT,CG,AG,AA,TT,TT,CC,AG,AA,AA,CC,GG,TT,CG,TT,AA,AA,TT,CC,AG,CC,AG,CC,GT,TT,GG,CC,CC,AC,CC,AA,TT,CC,AA,CC,CC,AA,TT,AA,AA,GG,CT,CC,GG,AA,AG,AA,CC,GT,CC,CC,AA,AA,AG,TT,AG,AA,TT,CT,GG,AA,TT,TT,TT,CG,TT,GT,TT,AA,TT,NN,CC,AG,CT,CC,CC,GG,CC,AA,GG,AG,AC,TT,CC,GG,NN,GG,TT,AA,AA,TT,AC,GG,AC,AC,CC,GG,GG,AC,GG,TT,AC,AA,CC,GT,AA,CC,AA,AT,GT,TT,TT,AA,GG,GT,AA,CC,AT,TT,AT,GG,AA,CT,AA,TT,CC,TT,AA,CC,TT,GG,AG,CC,AA,CC,TT,TT,TT,GG,TT,AA,AC,AG,GG,CC,CG,GG,CC,GG,AT,AA,CC,TT,GG,CC,CC,AA,AG,CC,NN,CC,TT,AA,AC,CC,AA,TT,AA,GG,AA,AA,AA,AA,AA,AG,AA,AA,TT,GG,AA,AA,CC,AA,CT,AA,AA,GG,AG,GG,TT,AT,AA,TT,TT,AT,AG,TT,GG,CG,AA,1.81,Susceptible,High,Poor,Late
L0025,Anantapur,Andhra Pradesh,Kharif,Red Sandy,Rainfed,390,31.0,52,AC,TT,GG,AA,NN,CC,GG,TT,CC,CG,AT,CC,CC,TT,TT,GG,GG,TT,TT,AA,CC,TT,GT,CC,TT,CC,TT,TT,GG,AA,TT,CT,AA,CC,GG,GG,GG,CG,GG,CC,TT,TT,AC,TT,AA,GG,TT,TT,CC,AC,GG,AA,AA,GG,CT,TT,AA,AA,GT,AA,AA,GT,TT,AA,TT,TT,CC,GG,TT,GT,AA,GG,CC,AA,GG,AC,AA,GG,GT,TT,GG,GG,GG,CC,AA,GG,AA,AT,CC,GT,CC,TT,CC,AT,GT,GG,TT,CC,GT,CC,TT,CG,GG,AA,AT,GT,CG,AA,AG,AA,CT,GG,GT,CC,NN,AA,AA,TT,CC,GG,CC,AG,CC,GT,NN,AA,CT,CC,AC,CC,AA,TT,CC,AA,CC,CC,AA,TT,AA,AA,GG,CC,CC,GG,AA,AA,AA,CC,GT,CC,CC,AA,AA,GG,TT,GG,AC,TT,NN,GG,AC,GT,TT,TT,CG,TT,GT,TT,AT,TT,GG,CG,AA,CT,CC,CC,CG,CC,AA,GG,AG,CC,TT,CG,GG,TT,GG,TT,AA,AA,TT,CC,GG,AA,CC,CC,GG,GG,AA,GG,TT,AC,AA,CC,GG,AT,AC,AA,TT,GG,GT,AT,AA,GG,GT,AA,CG,AT,TT,AA,GG,AA,CT,AC,TT,CC,TT,AC,AC,TT,GG,AG,CC,AG,CC,TT,CT,GT,GG,TT,AA,AC,AA,GG,CC,CC,GG,CG,GG,TT,AA,CC,GT,GG,CC,CC,AA,GG,CC,AA,CG,AA,AA,CC,CC,AC,TT,AA,GG,AA,AC,AC,AA,GG,AA,AG,AA,TT,CG,AA,AG,AC,AA,TT,AA,AA,GG,GG,GG,TT,AA,AA,GT,NN,TT,AG,AT,GG,GG,AC,1.09,Resistant,Medium,Standard,Medium
L0026,Anantapur,Andhra Pradesh,Kharif,Red Sandy,Rainfed,390,31.0,52,AA,TT,GG,AG,GG,CC,GG,AT,CC,CC,AA,CC,CC,AT,GT,GG,CG,TT,TT,AA,CG,TT,GT,CC,TT,CT,GT,TT,GG,NN,TT,CC,AA,CC,GG,GG,GG,GG,GG,CC,TT,CT,AA,TT,AA,GG,TT,AT,CC,AA,GT,AA,AA,GG,CT,TT,AA,AA,GG,AA,AG,GT,AT,AA,TT,AT,CC,GG,TT,GT,AA,GG,CC,AA,GG,AC,AT,AG,TT,TT,GG,GT,GG,AC,AA,GG,AA,AA,CC,TT,CC,GT,CT,TT,GT,GG,TT,CC,TT,CC,CC,CG,GG,AG,AT,TT,GG,AA,AA,AC,CC,GG,TT,CC,GT,AA,AA,TT,CG,GG,CC,GG,CC,GG,NN,AA,CC,CC,CC,CC,AA,TT,CC,AA,CC,CC,AA,AT,AA,NN,CG,CT,CC,GG,AA,AG,AT,AA,GT,CC,CC,AA,AA,GG,TT,GG,AA,GT,CT,AG,AC,GT,TT,CT,CG,AA,GT,TT,AA,TT,GG,CC,AA,CC,CC,CC,GG,CC,AA,GG,AG,CC,TT,CC,GT,TT,GG,AA,AA,AA,TT,CC,CG,AA,CC,CG,GG,GG,AC,GG,TT,AA,AA,CC,GT,AA,CC,AA,AA,GG,TT,TT,AA,GG,GT,AA,CC,TT,GT,AA,GG,AA,NN,AA,TT,CC,TT,AA,CC,TT,CG,AG,CC,AA,CC,TT,CT,GT,GG,TT,AA,AA,AA,GG,CC,GG,GG,CG,GG,TT,AA,CC,TT,GG,CC,CC,AT,NN,CC,AA,CC,AA,AA,CC,CG,CC,TT,AA,GG,AA,AA,CC,AA,AG,AA,AA,AA,TT,CG,AC,AA,AC,AC,TT,AA,AA,GG,GG,GG,TT,AA,AA,TT,TT,NN,AG,TT,GG,GG,AA,1.64,Moderate,Low,Poor,Late
L0027,Anantapur,Andhra Pradesh,Kharif,Red Sandy,Rainfed,390,31.0,52,AA,CT,GG,AG,GG,CC,GT,TT,NN,CC,AA,CC,CC,TT,TT,GG,GG,TT,TT,AA,CC,GT,GG,CC,TT,CC,TT,TT,GT,AA,TT,CC,AA,CC,GG,CC,GG,CC,GG,CC,TT,TT,AA,TT,AA,GG,TT,NN,CC,NN,GG,AA,AA,GG,CC,TT,AA,AA,GT,AA,AA,TT,AT,AA,TT,TT,CC,GG,TT,TT,AA,GG,CC,AA,GG,AA,AT,AG,GT,TT,GG,TT,GG,CC,AA,GG,AG,AA,CC,TT,AC,TT,CC,TT,TT,AA,CT,CC,GT,CC,CC,CC,AG,AA,TT,NN,CC,AA,AG,AA,CC,GG,TT,CC,TT,AA,AA,TT,CC,GG,CC,GG,CC,GT,TT,AA,CC,CC,AC,CC,AA,TT,CC,AA,CC,CC,AA,AT,NN,AA,GG,CC,CC,GG,AA,AG,AA,AC,GG,CC,CC,AA,GG,AG,TT,AG,AA,GG,CC,GG,CC,GT,TT,TT,CC,AT,TT,TT,AA,AT,GG,CG,AG,CT,AC,CC,GG,AA,AA,GG,AA,CC,TT,CC,GT,TT,GG,TT,AA,AA,TT,CC,CG,AC,CC,CC,GG,GG,AC,GG,TT,CC,AG,CC,GG,AA,AC,AA,AA,GG,GT,AT,AA,GG,GG,AA,CC,TT,TT,AA,GG,AA,TT,AA,TT,CC,CT,AA,CC,TT,CG,AA,CG,GG,CC,AT,TT,TT,GG,NN,AA,AC,AA,GG,CC,GG,GG,CC,GG,TT,AA,CC,TT,GG,CC,CC,AT,AG,CC,NN,CC,AA,AA,AA,CG,CC,TT,AA,GG,AA,AA,AC,AA,AG,AG,AG,AG,TT,GG,AC,AG,AC,AA,TT,AA,AA,GG,GG,GG,TT,AA,AA,NN,TT,TT,AA,TT,GG,GG,AC,1.61,Resistant,Medium,Premium,Early
L0028,Anantapur,Andhra Pradesh,Kharif,Red Sandy,Rainfed,390,31.0,52,AC,TT,AG,AA,GG,CC,GG,AT,CC,CC,AA,CC,CG,AT,GT,GG,CG,TT,TT,AA,CC,TT,TT,CC,TT,CC,TT,TT,GG,AA,CT,CC,AG,CC,GG,CG,GG,CC,GG,CC,TT,TT,AA,TT,AA,GG,TT,TT,CC,AC,GG,AA,AA,GG,CC,TT,AT,AA,GT,AC,NN,TT,AT,AA,TT,AT,CC,GG,TT,GT,AA,GG,CC,AA,GG,CC,AA,GG,TT,TT,GG,TT,GT,CC,AA,GG,AA,TT,CC,GG,CC,TT,NN,TT,TT,GG,TT,CC,TT,CC,CT,CG,GG,AA,TT,TT,CG,AA,AG,AA,TT,GG,TT,CC,TT,AA,AA,TT,CC,AG,CG,GG,CC,GG,TT,AA,CT,CC,CC,CC,AA,TT,CC,AA,CC,CT,AA,TT,AA,AT,GG,CT,CC,GG,AA,AA,AA,CC,GT,CC,CC,AA,AG,AG,TT,GG,AC,TT,CT,GG,CC,GT,GT,TT,CG,AA,TT,TT,AT,AT,GG,CC,AA,CT,CC,CC,CC,CC,AA,GG,AG,CC,TT,CC,GT,TT,GG,AT,AA,AA,TT,CC,CG,AC,CC,CC,GG,NN,AC,GG,TT,AA,AA,CC,GG,AA,CC,AA,AA,GG,TT,TT,AA,GG,TT,AT,CC,AT,GT,AA,GG,AA,TT,AA,TT,CC,TT,AA,CC,TT,GG,AA,CG,AG,AC,TT,TT,GG,CG,TT,AA,CC,AA,GG,CG,GG,GG,CC,GG,AT,AA,CC,TT,GG,CC,CC,AA,GG,CC,TT,CC,AA,AA,AC,CC,CC,TT,AA,GG,AA,AA,AC,AA,GG,AG,AA,AA,TT,GG,AC,AA,AC,AA,TT,AA,AA,NN,GG,GG,TT,AA,AA,TT,TT,TT,AA,TT,GG,GG,AA,1.82,Moderate,Medium,Premium,Medium
L0029,Anantapur,Andhra Pradesh,Kharif,Red Sandy,Rainfed,390,31.0,52,AC,TT,GG,AG,CG,CC,GG,AT,CC,CC,AA,TT,CG,TT,GT,GG,GG,TT,TT,AA,CG,TT,GT,CC,TT,CC,TT,AT,GG,AA,TT,NN,NN,CC,AG,CG,GG,CG,GG,CC,TT,CT,AA,TT,AA,AG,TT,AT,CC,AA,GG,AT,AA,GG,CT,TT,AA,AA,GG,AC,AA,GG,AT,AA,TT,TT,CC,GG,TT,GG,GG,GG,AC,AA,GG,AA,AA,GG,TT,TT,GG,GG,GG,CC,AA,GG,AA,AA,CC,TT,CC,TT,CC,TT,GT,GG,TT,CC,GT,CC,CC,CG,GG,AA,TT,GT,CG,AA,GG,AA,CT,GG,TT,CC,TT,AA,AC,TT,GG,AG,CC,GG,CC,GG,CT,AA,CC,CC,CC,CC,AA,TT,CC,AA,CC,CT,AG,TT,AG,TT,GG,CC,CC,GG,AG,AG,AA,AC,GG,CC,CG,AG,AG,AG,TT,GG,AA,GT,CT,GG,CC,GT,TT,TT,CC,AT,TT,TT,TT,TT,GG,CC,AG,CT,CC,CC,CG,CC,AT,GG,GG,CC,TT,CC,GG,TT,GG,AT,AA,AA,GT,AC,GG,AA,AC,CC,GG,GG,AC,GG,TT,AA,AA,CC,GG,AA,AC,AT,AA,GT,GT,AT,AA,GG,GT,AT,CC,TT,TT,AA,GG,AA,CT,AA,TT,CC,TT,AA,CC,CT,CG,AA,CC,AA,CC,TT,CT,GT,GG,TT,AA,AC,AA,GG,CC,CG,GG,CC,GG,TT,AA,CC,TT,GG,CC,CC,AT,GG,CG,AA,CC,AA,AA,CC,CG,AC,TT,AA,GG,AA,AA,AA,AC,GG,AA,AG,AA,AT,GG,AA,GG,CC,AA,CT,AA,AA,GG,GG,GG,TT,AA,AA,TT,TT,TT,AA,AT,GG,GG,AA,3.29,Susceptible,Low,Standard,Early
L0030,Anantapur,Andhra Pradesh,Kharif,Red Sandy,Rainfed,390,31.0,52,AC,TT,AG,AA,GG,CC,GT,TT,NN,GG,AA,CC,CG,TT,GT,GT,GG,TT,TT,AA,CC,GG,GG,CC,TT,CC,GT,TT,GG,AA,TT,CC,AA,CC,GG,CG,GG,CG,GG,CC,TT,CT,AA,TT,AA,GG,TT,TT,CG,AC,TT,AA,NN,CG,CC,TT,AA,AA,TT,AA,AA,TT,TT,AA,CT,AT,CC,GG,TT,GG,AG,GG,CC,AA,GG,CC,TT,GG,TT,TT,GG,GG,GG,CC,AA,GG,AA,AT,CC,TT,CC,TT,CC,TT,TT,GG,NN,CC,GT,CT,CT,CC,AG,AA,TT,TT,CG,AG,AG,AA,CT,GG,TT,CC,TT,AA,AA,TT,CC,AG,CC,GG,CC,GG,TT,AA,CC,CG,CC,CC,AA,TT,CC,AA,AC,CC,AA,AT,AA,AA,GG,CC,NN,GG,AA,AG,AA,CC,GG,CC,CC,AA,AG,GG,TT,GG,AA,TT,TT,GG,AC,TT,TT,TT,CC,AT,GT,TT,AA,AT,GG,CC,AG,CT,CC,CC,CG,CC,AA,GG,AG,CC,TT,CC,GT,TT,NN,TT,AA,AG,TT,AC,CG,AA,CC,CC,GG,GG,CC,GG,TT,AA,AG,CC,GT,AA,AC,AA,AT,GT,GT,AT,AT,GG,GT,AA,CC,TT,TT,AA,GG,AA,TT,AA,TT,CC,TT,AA,AC,TT,GG,AG,CG,AG,AC,AT,CT,TT,GG,TT,AC,CC,AA,GG,CG,GG,GG,CC,GG,AT,AA,CC,TT,GG,CC,CC,AA,AG,CC,AA,CC,AT,AA,AA,CC,AC,TT,AA,CG,AA,AA,AA,AA,AG,AG,AA,AA,TT,GG,AA,AA,AC,AA,CT,AG,AG,GG,GG,GG,TT,AT,AA,TT,TT,TT,AA,TT,GG,GG,AA,1.86,Susceptible,Medium,Poor,Early
L0031,Anantapur,Andhra Pradesh,Kharif,Red Sandy,Rainfed,390,31.0,52,AA,TT,AG,AA,CG,CC,GG,AT,CC,GG,AA,CC,GG,AT,TT,GG,CG,TT,TT,AA,CC,TT,TT,CC,TT,CC,TT,TT,GG,AA,TT,CC,AA,CC,GG,GG,GG,CG,GG,CC,TT,CT,AA,GT,AA,GG,CT,TT,CC,CC,GG,AT,AG,CG,CC,GT,AA,AA,GG,AA,AA,TT,AT,AA,TT,AT,CC,GG,TT,GG,AA,GG,CC,AG,GG,AC,AA,GG,TT,TT,GG,GG,GT,CC,AA,GG,AA,TT,CC,GT,CC,TT,CC,TT,GT,GG,CT,CC,TT,CC,CC,CC,AG,AA,TT,TT,CG,AA,AG,AA,CC,GG,TT,CG,TT,AA,AA,TT,CG,AG,CC,GG,CC,TT,TT,AA,CC,CC,CC,CC,AA,TT,CC,AA,CC,CC,AA,AT,AG,AT,GG,CT,CC,GG,AA,AA,AA,CC,GG,CC,CC,AA,AA,GG,GT,AG,AC,TT,CT,AG,CC,NN,GT,TT,CG,AT,TT,CT,AA,AT,GG,CC,AA,CC,CC,AC,CG,CC,AA,GG,AA,CC,TT,CC,GG,GT,CG,TT,AA,AA,TT,CC,GG,AA,CC,CC,CG,GG,AA,GG,TT,AC,AA,CC,GG,AA,CC,AA,TT,TT,TT,AA,AT,GG,GG,AT,CC,TT,TT,AA,GG,AA,CT,AC,TT,CC,NN,AA,AC,TT,GG,AA,CC,AG,CC,TT,CT,GG,GG,TT,AC,CC,AA,GG,CC,CC,GG,CG,GG,TT,AA,CC,TT,GG,CG,CC,AA,AG,CG,AA,CC,AA,AA,CC,GG,AC,TT,AA,GG,AA,AA,AA,AA,AG,AA,AA,AA,TT,CG,AA,AA,CC,AC,CT,AA,AG,GG,GG,GG,TT,AA,AG,GT,TT,TT,AG,AT,GG,GG,AA,3.2,Moderate,Low,Premium,Late
L0032,Anantapur,Andhra Pradesh,Kharif,Red Sandy,Rainfed,390,31.0,52,AA,CT,AG,AG,GG,CC,GG,AA,CC,CG,AA,CT,CC,TT,TT,GT,GG,TT,TT,AA,CG,TT,GT,CC,TT,CC,GT,TT,GG,AA,TT,CC,AA,CC,GG,CG,GG,CC,GG,CC,TT,CC,AA,TT,AG,GG,TT,AT,CC,CC,GG,AA,AA,GG,CC,TT,AA,AA,TT,AC,AG,GT,TT,AG,TT,AT,CC,GG,TT,GG,AA,GG,CC,AA,GG,AA,AA,GG,TT,TT,GG,GT,GG,CC,AT,GG,AA,AT,CC,GT,CC,GT,CT,TT,TT,GG,NN,CC,TT,CC,CT,CG,GG,AA,TT,TT,CC,AG,AG,AA,CC,GG,TT,CC,TT,AA,AA,TT,CG,AG,CC,GG,CC,GT,TT,AA,CC,CC,CC,CC,AA,TT,CC,AA,CC,CC,AA,TT,AA,AA,GG,CC,CC,GG,AA,AG,AA,CC,GG,CC,CG,AG,AA,GG,GT,GG,AA,TT,TT,GG,CC,TT,TT,TT,CG,AA,TT,TT,AT,AT,GG,CC,GG,CT,CC,CC,GG,CC,AT,AG,AA,CC,TT,CC,GG,TT,GG,AA,AA,AA,TT,CC,GG,AC,AC,CG,GG,GG,AA,CG,TT,AC,AA,CC,GG,AT,AC,AA,AT,GG,TT,TT,AT,GG,GG,AA,CC,TT,GG,AA,GG,AA,CC,AC,TT,CG,TT,AA,CC,TT,CG,AA,CC,AG,CC,TT,NN,TT,GG,TT,AA,AA,GG,GG,CC,CG,GG,CC,GG,TT,AA,CG,NN,AG,CC,CC,AA,GG,CC,AT,CG,AA,AA,CC,CG,AA,TT,AA,GG,AA,AA,AC,AA,GG,AA,AG,AA,TT,GG,AA,AG,AC,CC,CT,AA,AA,GG,GG,GG,TT,AA,AA,GT,TT,TT,AA,TT,GG,GG,AA,1.15,Susceptible,Medium,Premium,Medium
L0033,Anantapur,Andhra Pradesh,Kharif,Red Sandy,Rainfed,390,31.0,52,AC,TT,NN,AA,GG,CC,GG,TT,CC,CG,AA,CC,CG,TT,TT,GG,CC,TT,TT,AA,CG,GT,TT,CT,TT,CC,TT,TT,GG,AA,TT,CC,AA,CC,GG,CG,GG,CC,GG,CC,TT,TT,AC,GT,AA,GG,CT,NN,CC,CC,GG,AA,AA,GG,CC,GT,AT,CC,GT,AC,GG,GT,TT,AA,TT,TT,CC,GG,TT,GG,AA,NN,CC,AA,AG,AC,AT,GG,TT,TT,GG,GG,GG,CC,AT,GG,AA,AT,CC,GT,CC,TT,CT,TT,TT,AG,TT,CC,TT,CC,NN,GG,AG,AA,AT,TT,CC,AA,AG,AA,CC,GG,GT,CG,TT,NN,AA,TT,CC,GG,CG,GG,CT,TT,TT,AA,CC,CC,CC,CC,AA,GT,CC,AA,CC,CT,AA,TT,AG,AA,CG,CC,CC,GG,AA,AG,AA,CC,NN,CC,CC,AA,AA,GG,TT,GG,AC,GT,CC,AG,CC,TT,TT,TT,CG,AA,TT,TT,AT,TT,GG,CC,AA,CC,AC,CC,GG,CC,AA,GG,AA,CC,TT,CC,GG,GT,GG,AA,AA,AA,TT,AC,GG,AA,CC,CC,GG,GG,AC,GG,TT,AA,AG,CC,GG,TT,CC,AA,AT,GG,TT,AT,AT,GG,GG,AA,CG,AT,GT,AA,GG,AA,CT,AA,TT,CC,CT,AA,CC,TT,CG,AA,CC,AA,AC,TT,TT,GG,CG,TT,AA,AC,AG,GG,CC,CG,GG,NN,GG,AT,AA,CC,TT,GG,CC,CC,AA,GG,CC,AA,CC,AA,AA,CC,CC,CC,TT,AA,GG,AA,AA,AA,AA,AG,AG,AA,AA,NN,CG,AC,AG,CC,AA,TT,AA,AA,GG,GG,GG,TT,AA,AA,GT,TT,TT,AA,TT,GG,GG,AA,3.06,Moderate,Low,Premium,Late
L0034,Anantapur,Andhra Pradesh,Kharif,Red Sandy,Rainfed,390,31.0,52,AA,TT,GG,AG,CG,CC,GG,TT,CC,CG,AA,CC,CC,AT,GT,GT,CC,TT,TT,GG,CC,TT,TT,CC,TT,CT,GT,TT,GG,AA,TT,CC,AA,CC,GG,GG,GG,CC,GG,CC,GT,TT,AA,GT,AA,GG,TT,AT,CG,AC,GG,AA,AA,GG,CC,NN,AA,AA,GG,AA,AA,TT,AT,AA,TT,TT,CC,GG,NN,GG,AA,GG,CC,AA,GG,AC,AT,GG,GT,TT,GG,GG,GG,AC,AA,GG,AG,TT,CC,TT,CC,TT,CT,AT,TT,GG,CT,CC,GT,CC,CT,GG,AG,AA,TT,TT,GG,AA,AA,AA,CT,GG,TT,CC,TT,AA,AA,TT,CG,GG,CG,GG,CT,TT,CT,NN,CC,CC,CC,CC,AA,TT,CC,AA,AC,CT,AA,TT,AA,AA,GG,CC,CC,GG,AA,GG,AA,CC,GG,CC,CC,AA,AA,GG,TT,AG,AA,GG,CT,GG,AC,TT,TT,CC,CC,AT,TT,TT,AA,AT,GG,CC,AA,CC,CC,AC,CG,AC,AA,GG,AA,CC,TT,CG,GG,TT,GG,TT,AA,AA,TT,CC,GG,AA,CC,CC,GG,GG,AA,CG,TT,AC,AG,CC,GG,AA,CC,AA,AA,GT,TT,TT,AT,GG,GG,AA,CC,TT,TT,AA,GG,AG,TT,AA,TT,CC,TT,CC,CC,TT,GG,AG,CG,AG,CC,TT,CT,GT,GG,TT,AA,AC,AA,GG,CG,CC,GG,CC,GG,AT,NN,CC,TT,GG,CC,CC,AT,GG,CC,AA,CC,AA,AA,AC,GG,AC,TT,AA,GG,AA,AA,AA,AA,AG,AG,AA,AA,TT,CG,AA,AA,AC,AA,CT,AA,AA,GG,GG,GG,TT,AT,AA,GT,TT,TT,AA,TT,GG,GG,AA,3.32,Resistant,Low,Standard,Late
L0035,Anantapur,Andhra Pradesh,Kharif,Red Sandy,Rainfed,390,31.0,52,AA,CT,AG,AG,GG,CC,GG,TT,CC,GG,AA,CC,CG,TT,GG,GT,GG,TT,TT,AA,CC,GT,NN,CC,TT,CC,TT,TT,GG,AA,TT,CT,AG,CC,GG,GG,GG,NN,GG,CC,TT,CT,AA,TT,AA,AG,TT,AA,CC,AC,GT,AA,AG,GG,CT,GT,AA,AC,GG,AC,AA,TT,AT,AG,CT,TT,CC,GG,TT,GG,AA,GG,CC,AA,GG,AC,TT,GG,TT,TT,GG,GG,GT,AC,AA,GG,AA,AA,CG,TT,CC,TT,CT,TT,TT,AG,TT,CC,TT,CC,CC,CG,GG,AA,AT,TT,CC,AA,GG,AA,CC,GG,TT,CC,GT,AA,AC,TT,CG,GG,CC,GG,CC,GG,CT,NN,CC,CC,CC,CG,AA,TT,CC,AA,CC,CC,AA,TT,AA,AA,GG,CC,CC,GG,AA,GG,AT,NN,NN,CC,CC,AG,AA,AG,TT,GG,AC,TT,TT,GG,CC,GT,TT,TT,CG,AA,GT,CT,AA,TT,GG,CC,AA,CT,CC,CC,GG,CC,AA,GG,NN,CC,TT,CC,GG,GT,GG,AT,AA,AA,TT,CC,GG,AC,AC,CC,GG,GG,AA,GG,TT,AA,AA,CC,GG,AA,CC,AA,AT,GG,TT,TT,AA,GG,GG,AT,CC,AT,TT,AA,GG,AA,TT,AA,TT,CC,TT,AA,CC,CT,CG,AA,CC,AG,CC,AT,CC,GT,GG,TT,AA,AC,AA,GG,CC,CG,GG,CC,GG,AT,AA,CC,GT,AG,CC,CC,AA,GG,CC,AT,CC,AA,AA,AA,CC,AC,TT,AA,GG,AA,AC,CC,AA,GG,AG,AG,AA,TT,GG,AC,AG,CC,AA,CT,AA,AA,GG,AG,GG,TT,AA,AA,TT,TT,TT,AG,TT,GG,GG,AC,2.66,Resistant,Medium,Standard,Early
L0036,Anantapur,Andhra Pradesh,Kharif,Red Sandy,Rainfed,390,31.0,52,CC,TT,AG,AA,GG,CC,GT,TT,CC,CG,AT,CT,CG,AT,TT,GG,GG,TT,TT,AG,CC,TT,TT,CT,TT,CC,GT,TT,GG,AA,TT,CT,AA,CC,GG,GG,GG,CC,GG,CC,TT,CT,AA,TT,AA,GG,TT,TT,CC,AC,GG,AA,NN,GG,CC,GT,AA,AC,GT,AA,AA,TT,AT,AG,CT,TT,CC,GG,TT,GG,AG,GG,CC,AA,GG,AA,AT,GG,TT,NN,GG,GT,GG,CC,AA,GG,AA,AT,CC,GG,CC,TT,CC,TT,GT,AG,CT,AC,GT,CC,CC,CC,AG,AA,TT,TT,CC,AA,AA,AC,CC,GG,GT,CC,GT,AC,AA,TT,CC,AG,CC,GG,CC,GG,TT,AA,CT,CC,AC,CC,AA,TT,CC,AA,CC,CT,AA,TT,AA,AA,GG,CC,CC,GG,AA,AG,AA,AC,GG,CC,CC,AA,AA,GG,TT,AG,AC,TT,CT,GG,AC,GT,TT,CT,CG,AA,GG,CT,AA,TT,GG,CC,AG,TT,CC,AC,GG,CC,AA,GG,AG,CC,TT,CC,GG,GG,CG,AT,AA,AA,NN,CC,GG,AA,CC,CC,GG,GG,AA,GG,TT,AA,AG,GG,GG,AA,AA,AT,AT,GG,TT,TT,AT,GG,TT,AA,CC,TT,TT,AA,GG,AA,TT,AA,TT,CC,TT,AC,CC,TT,CG,GG,CG,AG,CC,TT,TT,GT,GG,TT,AC,AA,AA,GG,CC,CG,GG,CC,GG,TT,AA,CG,GT,GG,CC,GG,AA,GG,CG,AT,CC,AT,AG,AC,CG,AC,TT,AA,GG,AA,AA,AC,AA,AG,GG,AG,AA,TT,CC,AA,AG,AC,AC,NN,AG,AA,GG,GG,NN,TT,AA,GG,TT,TT,TT,GG,TT,GG,GG,AA,1.32,Moderate,High,Standard,Medium
L0037,Anantapur,Andhra Pradesh,Kharif,Red Sandy,Rainfed,390,31.0,52,AA,TT,AG,GG,CG,CC,GG,TT,NN,CC,AA,CC,CC,TT,TT,GG,GG,TT,TT,NN,CG,GT,TT,CT,TT,CC,GT,TT,GG,AA,CT,CC,AA,CC,GG,CG,GG,CC,GG,CC,GT,TT,AC,TT,AA,GG,TT,TT,CC,AC,GG,AA,AG,GG,NN,TT,TT,CC,GG,AA,AA,GT,TT,AG,CT,TT,CC,GG,TT,GT,AA,GG,CC,AG,AG,AA,AT,GG,TT,TT,GG,GT,GT,CC,AA,GG,AA,AA,CC,GG,CC,TT,CC,TT,TT,GG,TT,CC,GT,CC,CC,CG,AG,AA,TT,TT,CG,AA,AG,AA,NN,GG,TT,CC,GT,AA,AA,TT,CC,AG,CG,GG,CC,GT,CT,AG,CT,CC,CC,CC,AA,TT,CC,AA,CC,CT,AA,TT,AA,AA,GG,CC,CC,GG,AA,AA,AA,CC,GG,CG,CG,AA,AA,NN,GG,GG,AC,TT,TT,AG,CC,GT,TT,TT,CG,AA,TT,CT,TT,TT,CG,CC,AG,CC,CC,CC,CG,CC,AA,AG,AA,CC,TT,CC,GG,TT,CG,TT,AA,AG,TT,CC,CG,AA,CC,CC,CG,GG,AA,GG,TT,AC,AA,CC,GG,AA,CC,AA,AT,GG,TT,AT,AT,GG,GG,NN,CG,AT,GT,AA,GG,AA,CT,AA,TT,CC,TT,AA,AC,CT,GG,AA,CC,AG,CC,AT,TT,TT,GG,TT,AA,CC,AG,GG,CC,CC,GG,CC,GG,TT,AG,CC,TT,GG,CC,CC,AA,AG,CC,AA,CC,TT,AA,AC,CC,CC,TT,AA,GG,AA,AA,AA,AC,AG,AG,AA,AA,TT,CG,NN,AG,AC,AA,CC,AA,AA,GG,GG,GG,TT,AT,AA,TT,TT,TT,AA,TT,GG,GG,AA,3.29,Resistant,Low,Premium,Early
L0038,Anantapur,Andhra Pradesh,Kharif,Red Sandy,Rainfed,390,31.0,52,AC,TT,GG,AA,GG,CC,GG,TT,CG,CG,AT,CC,CC,TT,NN,GG,CG,TT,TT,AG,CG,TT,GT,CC,TT,CC,TT,TT,GG,AA,TT,CC,AA,CC,GG,GG,GG,CC,GG,CC,TT,TT,AA,GG,AG,GG,TT,TT,CC,AC,GT,AA,AA,GG,CT,TT,AA,AC,GG,AA,AG,TT,AT,AG,TT,AT,CT,GG,TT,GG,AG,GG,CC,AA,GG,AA,AA,GG,TT,TT,AG,TT,GG,CC,AT,GG,AA,AA,CC,TT,AC,TT,CT,TT,GT,AG,TT,CC,TT,CT,CT,CG,AA,AA,AT,TT,CC,AA,AG,AA,CC,GG,GT,CC,TT,AA,NN,TT,CC,GG,CC,GG,CC,GG,TT,AA,CT,CC,CC,CC,AA,TT,AC,AA,CC,CC,AA,TT,AA,AA,GG,CC,CC,GG,AA,AG,AA,CC,GT,CC,CC,AA,GG,GG,TT,AG,AA,TT,CT,GG,AC,TT,TT,TT,CG,AA,GT,TT,AT,TT,GG,CC,AG,CT,CC,CC,CG,CC,AA,GG,AA,CC,TT,CC,GG,GT,CG,TT,AA,AA,TT,AC,CG,AA,CC,CC,GG,GG,AA,GG,TT,AC,AA,CC,GG,AA,CC,AA,AT,GG,TT,TT,AA,GG,GT,AA,CG,TT,TT,AA,GG,AA,TT,AA,TT,CC,TT,AA,AC,CT,GG,AG,CG,AG,CC,AT,CT,GT,GG,TT,AC,CC,AA,GG,CC,CG,GG,CC,GG,AT,AA,CC,TT,GG,CC,CC,AT,AG,CG,AA,CC,AT,AA,AC,CC,CC,TT,AA,GG,AA,AA,AC,AA,GG,AA,AA,AA,TT,CG,AA,AG,AC,AA,CT,AA,AA,GG,GG,CG,TT,AT,AA,GT,TT,TT,AA,TT,GG,CG,AA,1.37,Susceptible,High,Standard,Late
L0039,Anantapur,Andhra Pradesh,Kharif,Red Sandy,Rainfed,390,31.0,52,AA,TT,GG,AA,CG,CC,GG,TT,CC,GG,AA,CT,CG,AT,TT,GG,GG,TT,AT,AG,CC,TT,NN,CC,TT,CC,TT,TT,GT,AA,TT,CC,AA,CC,GG,GG,GG,NN,GT,CC,TT,CT,AA,TT,AA,AG,CT,TT,CC,AC,GG,AT,AA,GG,CT,GT,AA,AC,GT,AA,NN,TT,AT,AA,TT,TT,CC,GG,TT,GT,AG,GG,CC,AA,GG,AC,AT,NN,TT,TT,GG,GG,GG,AC,AA,GG,AA,AT,CC,NN,CC,TT,CC,TT,TT,GG,TT,CC,GT,CC,CC,CC,GG,AA,TT,TT,CC,AG,AG,AA,CC,GG,TT,CC,TT,AA,AC,TT,CC,AA,CC,GG,CC,GG,TT,AG,CC,CC,CC,CC,AA,TT,CC,AA,CC,CC,AA,TT,AA,AA,GG,CC,CG,GG,AA,GG,AA,NN,GG,CG,CC,AA,AG,GG,GT,GG,AC,TT,TT,GG,CC,TT,TT,CT,CC,AT,TT,TT,AT,TT,GG,NN,AG,CC,CC,CC,GG,CC,AA,GG,AA,CC,NN,CG,GT,TT,GG,AT,AA,NN,TT,CC,GG,AC,AC,CC,GG,GG,AC,GG,TT,AA,AA,CC,GT,AA,AC,AA,AT,GG,TT,AT,AA,GG,TT,AT,CC,TT,GT,AA,GG,AA,TT,AA,TT,CC,TT,AC,CC,TT,CG,AA,CC,AG,CC,TT,TT,GG,GG,TT,NN,NN,AA,GG,CC,CC,GG,CG,GG,TT,AG,CC,GT,GG,CC,CC,AT,GG,CG,AA,CC,AA,AA,CC,CC,CC,TT,AG,GG,AA,AA,AA,AA,AG,AG,AA,AA,TT,GG,AA,AG,AC,AA,CT,AA,AA,GG,AG,GG,TT,AA,AA,TT,TT,TT,AG,AT,GG,NN,AA,2.53,Susceptible,Low,Standard,Medium
L0040,Anantapur,Andhra Pradesh,Kharif,Red Sandy,Rainfed,390,31.0,52,AC,TT,GG,GG,GG,CC,GT,AT,CC,CC,AT,CT,CG,AT,GT,GG,CG,TT,TT,AA,CG,GG,TT,CC,TT,CC,GT,TT,GG,AA,TT,CC,AA,CC,GG,CG,GG,CC,GG,CC,TT,CT,AC,GT,AG,AA,TT,AT,CC,AA,TT,AT,AA,GG,CC,TT,AA,AA,TT,AA,AA,TT,TT,AG,TT,TT,CC,GG,NN,TT,AA,GG,CC,AA,AG,AA,AT,GG,TT,TT,GG,GT,NN,NN,AT,GG,AA,AA,CC,GT,CC,TT,CT,TT,GT,GG,TT,CC,TT,CC,CT,CC,GG,AA,TT,TT,CC,AA,AA,AA,CC,GG,GT,CC,TT,AC,AA,TT,CC,AG,CC,AG,TT,NN,TT,AA,CC,CC,CC,CC,AA,GT,CC,AA,CC,CC,AA,TT,AA,AT,GG,CC,CC,GG,AA,AA,AA,CC,GT,NN,CC,AA,AG,GG,GT,GG,AA,GT,CT,GG,AA,GT,TT,TT,CC,AT,GT,TT,AA,AT,GG,CC,AG,CC,AC,CC,CG,CC,AA,GG,AA,CC,TT,CC,GG,GT,CG,TT,AA,AA,TT,AC,CG,NN,CC,CC,GG,AG,AA,GG,TT,CC,AA,CC,GG,AT,CC,AA,AA,GG,GT,AT,AA,CG,GG,TT,CC,TT,GG,AA,GG,AA,CT,AA,NN,CG,TT,AA,CC,CT,CG,AA,CC,AG,CC,AT,CT,GT,GG,TT,AA,AC,AG,GG,CC,CC,GG,CC,GG,AT,AA,CG,GT,GG,CC,CC,AT,GG,CG,AT,CC,AA,AA,CC,CG,AC,AT,NN,GG,AA,AA,AA,AA,GG,GG,AG,AA,TT,GG,AA,AA,AC,AA,CC,AG,AA,GG,GG,GG,TT,AA,AA,TT,TT,AT,AA,AT,GG,GG,AA,2.67,Susceptible,Medium,Poor,Early
L0041,Anantapur,Andhra Pradesh,Kharif,Red Sandy,Rainfed,390,31.0,52,AC,TT,AG,AG,CG,CG,GG,TT,CC,CG,AT,TT,CG,TT,GT,GT,CC,TT,TT,AA,CC,TT,GT,CC,AT,CC,GT,TT,GG,AA,TT,CC,AA,CC,GG,GG,GG,CG,GG,CC,TT,CT,AC,GG,AA,AA,TT,TT,CC,AA,GT,AA,AA,CG,CC,TT,AT,AA,GT,AA,AA,TT,TT,AG,TT,TT,CC,GG,TT,GG,AA,GT,CC,AA,GG,AC,AT,GG,TT,TT,GG,TT,GG,CC,AA,GG,AA,AA,CC,TT,CC,TT,CC,AT,GT,GG,TT,CC,TT,CC,CC,CC,AA,AA,AT,TT,CC,AA,AG,AC,CC,GG,TT,CC,TT,AA,AA,TT,CC,AG,CC,AG,CC,GG,CT,AA,CC,CC,CC,CC,AA,TT,CC,AA,CC,CT,AA,TT,AG,AT,GG,CT,CC,GG,GG,AG,AA,CC,NN,CC,CG,AA,AG,GG,TT,AG,AA,GG,CT,GG,AC,TT,GT,CC,CC,AT,TT,TT,AA,TT,GG,CG,AA,CC,CC,CC,GG,CC,AA,GG,AA,CC,TT,CC,GG,TT,GG,AT,AA,AA,TT,CC,GG,AA,CC,CC,GG,GG,AA,GG,TT,AA,AA,CG,GG,AA,CC,AA,AA,GT,TT,AT,AA,GG,GG,AA,CG,AT,GT,AT,GG,AA,CT,AA,TT,CC,TT,AA,AC,TT,GG,AA,CC,AA,CC,TT,TT,TT,GG,AT,AA,CC,AG,GG,CC,CC,GG,CC,GT,TT,AA,CG,GT,GG,CG,CG,AA,GG,CC,AA,CC,AA,AA,AC,GG,CC,TT,AA,GG,AT,AC,AA,AC,AG,AG,AA,AA,TT,GG,CC,AA,AC,AA,CT,AA,AA,CG,GG,CG,TT,AA,AG,TT,TT,TT,AG,TT,GG,GG,AC,3.66,Resistant,Low,Poor,Medium
L0042,Anantapur,Andhra Pradesh,Kharif,Red Sandy,Rainfed,390,31.0,52,CC,TT,GG,AG,GG,CC,GT,TT,CC,CC,AA,CC,CC,AT,TT,GG,GG,TT,TT,AA,CC,TT,GG,CC,TT,CC,TT,TT,GT,AA,TT,CT,AA,CC,GG,GG,GT,CC,NN,CC,GT,TT,AA,TT,AA,GG,TT,TT,CC,AC,GT,AA,AA,GG,CC,GT,AA,AC,GT,AA,AA,TT,TT,AA,TT,TT,CC,GG,TT,GG,AA,GG,CC,AG,GG,AC,AT,GG,TT,TT,GG,GG,GG,CC,AA,GG,AG,AA,CC,GT,CC,TT,CC,TT,GT,GG,TT,CC,TT,CC,CT,CG,AG,AA,TT,TT,CC,AA,AG,AA,CC,GG,TT,CC,TT,AC,AA,TT,CG,AG,CC,GG,CC,GG,TT,AG,CC,CC,CC,CC,AA,TT,CC,AA,CC,CC,AA,TT,AA,AA,GG,CC,CC,GG,AA,AA,AA,AC,GT,CC,CC,AA,AG,GG,TT,GG,AC,TT,CT,GG,AC,TT,TT,TT,CG,AT,TT,TT,AA,AT,GG,CC,AA,TT,CC,CC,CG,AC,AA,GG,AA,CC,TT,CC,GG,GT,GG,AT,AA,AA,TT,CC,CG,AC,CC,CC,GG,GG,CC,GG,TT,AA,AA,CC,GG,AA,CC,AA,AA,GT,TT,TT,AT,GG,GG,AA,CG,AT,GT,AT,GG,AG,CT,AC,TT,CG,TT,AA,CC,TT,GG,AG,CG,AA,CC,TT,TT,GG,GG,TT,AC,AC,AA,GG,CG,CC,GG,CC,GG,AT,GG,CG,GT,GG,CC,CC,AA,AG,CC,AA,CC,AA,AA,CC,CC,CC,TT,AG,GG,AA,AC,AA,AA,AG,NN,GG,AA,TT,GG,AA,AG,AC,AA,TT,AA,AA,GG,GG,NN,TT,AT,AA,TT,TT,TT,AA,AT,GG,GG,AC,1.52,Resistant,High,Standard,Early
L0043,Anantapur,Andhra Pradesh,Kharif,Red Sandy,Rainfed,390,31.0,52,AA,TT,AG,AA,GG,CC,GG,TT,CC,CG,AA,CT,CC,TT,GT,NN,CG,TT,AT,AA,CC,TT,TT,CC,TT,CC,TT,TT,GG,AA,TT,CC,AA,CC,GG,GG,GG,CG,GG,CC,GT,TT,AA,GT,AA,AG,TT,AT,CC,CC,GG,AA,NN,GG,CT,TT,AT,AA,GT,AC,NN,TT,TT,AG,CT,AT,CC,GG,TT,GG,AA,GT,CC,AA,GG,AA,TT,AG,TT,TT,GG,GG,GG,CC,AA,GG,AA,AA,CG,TT,CC,TT,CT,AT,TT,GG,CT,CC,TT,CC,CC,CG,AG,AA,TT,TT,CC,AA,AG,AA,CC,GG,TT,GG,GT,AA,AA,TT,CC,GG,CC,GG,CC,GG,TT,AA,CC,CC,CC,CC,AA,TT,CC,AA,CC,CC,AA,AT,AA,AA,GG,CC,CC,GG,AA,AG,AA,CC,GG,CC,CC,AA,AG,AG,GT,AG,CC,TT,CT,GG,NN,TT,GT,TT,CC,AA,GT,TT,AA,AT,CG,NN,AA,CC,CC,CC,GG,CC,AT,GG,AG,CC,TT,CC,GG,TT,GG,AT,AG,AA,TT,AC,GG,AA,CC,CC,GG,GG,AA,CG,TT,AA,AA,CC,GG,AT,AC,AA,AA,GT,TT,AA,AA,GG,TT,AT,CG,AT,GT,AA,GG,AA,CT,AC,TT,CG,NN,AA,CC,TT,GG,AA,CC,AG,CC,TT,TT,GT,GG,TT,AA,CC,AA,GG,CG,CG,GG,CC,GG,TT,AA,CC,GT,GG,CC,CC,AA,GG,CC,AA,CC,AA,AA,CC,CG,CC,AT,AA,GG,AA,AA,CC,AA,AA,AA,AA,AA,AT,GG,AC,AG,AC,AC,TT,AA,AA,GG,AG,GG,TT,AA,AA,TT,TT,TT,AA,AT,GG,GG,AA,3.28,Resistant,Low,Standard,Medium
L0044,Anantapur,Andhra Pradesh,Kharif,Red Sandy,Rainfed,390,31.0,52,AC,TT,AG,AA,CG,CC,GG,AT,CC,CG,AA,CC,GG,TT,TT,GT,GG,TT,TT,AG,CC,TT,TT,CC,TT,CT,GT,AT,GG,AA,CT,CT,AA,CC,AG,CG,GG,CC,GG,CC,GT,CT,AA,GT,AA,AG,TT,TT,CC,AA,GG,AT,GG,GG,CC,TT,AT,AC,GT,CC,AA,NN,TT,AG,CT,AT,CC,GG,TT,GT,AA,GG,CC,AA,GG,AC,TT,GG,TT,NN,GG,TT,GT,CC,AT,GG,AA,AA,CC,TT,CC,TT,TT,TT,TT,GG,TT,CC,GT,CC,CC,CC,AG,AA,TT,TT,CC,AA,AA,AC,CC,GG,TT,CG,TT,AA,AA,TT,CG,GG,CC,GG,CT,GG,CT,AG,CC,CC,CC,CC,AA,TT,CC,NN,CC,CT,AA,TT,AA,AA,CG,CT,CG,GG,AA,AA,AA,AC,GT,CC,CC,AA,GG,GG,GT,GG,AC,TT,TT,GG,CC,TT,GT,TT,CC,AT,TT,TT,AA,TT,GG,CC,AA,TT,CC,CC,GG,CC,AA,GG,AG,CC,TT,GG,GT,GT,GG,TT,AA,AA,TT,CC,GG,AA,AC,CC,GG,GG,AC,GG,TT,AA,AA,CC,GG,AT,AC,AA,AT,GT,TT,AT,AA,CG,GT,AT,CG,AT,GT,AA,GG,AA,CT,AC,AT,CC,TT,AC,AC,TT,GG,GG,CC,AA,CC,TT,CT,GT,GG,TT,AA,NN,AA,GG,CC,CC,GG,CC,GG,TT,AA,CC,TT,AG,CC,CC,AT,AG,CC,AA,CC,AA,AA,CC,CC,AC,AT,AA,GG,AA,AC,NN,AC,AA,AA,AA,AA,TT,GG,AC,AG,CC,CC,TT,AA,AG,GG,GG,GG,TT,AA,AA,TT,TT,TT,AA,AT,GG,CG,AA,0.4,Resistant,High,Standard,Medium
L0045,Anantapur,Andhra Pradesh,Kharif,Red Sandy,Rainfed,390,31.0,52,AC,TT,GG,AG,GG,CC,GG,TT,CC,CC,AA,CT,CG,AT,TT,GT,GG,TT,TT,AA,CG,TT,TT,CC,TT,CC,TT,TT,NN,AA,TT,CT,AA,CC,GG,CC,GG,CG,GG,CC,TT,TT,AA,TT,AA,GG,TT,TT,NN,AA,GG,AA,AA,GG,CC,TT,AA,AA,GG,AC,AA,TT,TT,AA,TT,AT,CC,GG,TT,GG,AA,GT,CC,AG,GG,AC,AA,GG,TT,TT,GG,GG,GG,CC,AA,GG,AA,AA,CC,TT,CC,TT,CC,AT,TT,GG,TT,CC,TT,CC,CT,CC,AG,AA,TT,TT,CC,NN,AG,AA,CC,GG,GT,CG,TT,AA,AC,TT,CC,GG,CG,AG,CC,GT,TT,AA,CC,CC,AC,CC,AA,TT,CC,AA,CC,CC,AA,TT,AA,AA,GG,CT,CC,GG,AA,AG,AT,CC,GG,CC,CC,AA,AA,GG,TT,GG,AA,TT,CC,GG,AC,TT,TT,TT,CC,AA,TT,TT,AA,AT,NN,CC,AA,CT,CC,CC,CG,CC,AA,GG,AG,AC,TT,CC,GT,TT,CG,TT,AA,AA,TT,CC,GG,AA,AC,CC,GG,GG,AA,GG,TT,AC,AA,CG,GG,TT,AC,AA,TT,GG,GG,TT,AT,CC,GG,AA,CC,TT,TT,AA,GG,AA,TT,AA,TT,CC,TT,AC,CC,TT,CG,NN,CG,AG,CC,TT,CT,TT,GG,TT,AC,CC,AA,GG,CC,CC,GG,CC,GG,TT,AA,CC,GT,GG,CC,CG,AT,AG,CG,AA,CC,AA,AA,CC,CC,AC,TT,AA,GG,AA,AA,AA,AA,AA,AA,AG,AA,TT,CG,AA,AG,CC,AA,TT,AG,AG,GG,GG,GG,GT,AA,AG,TT,TT,TT,AG,AT,GG,GG,AA,0.4,Susceptible,Medium,Premium,Early
L0046,Anantapur,Andhra Pradesh,Kharif,Red Sandy,Rainfed,390,31.0,52,AA,TT,GG,NN,GG,CC,GG,TT,CC,GG,AA,CT,CG,TT,TT,GG,GG,TT,TT,AA,CC,TT,GT,CC,TT,CC,TT,TT,GG,AA,TT,CC,AA,CC,GG,CG,GG,CC,GG,CC,TT,CT,AC,GT,AA,AG,TT,AT,CC,AA,GG,AA,AG,GG,CC,GT,AA,AA,GT,AA,AA,GT,TT,NN,TT,TT,CC,GG,TT,GG,AA,NN,CC,AA,AG,AC,AA,GG,TT,TT,GG,GG,GT,CC,AA,AG,AA,AT,CC,GT,CC,TT,CC,AT,TT,GG,TT,NN,GT,CC,CT,CG,AG,AA,AT,TT,CC,AA,AA,AA,CC,GG,GT,CC,GT,NN,AA,TT,CG,AA,CC,GG,CC,GG,TT,AA,CC,CC,CC,CC,AA,TT,CC,AA,CC,CC,AA,TT,AA,AA,GG,CC,NN,GG,AA,AG,AA,CC,GG,CC,NN,AA,AG,GG,TT,NN,AC,GG,TT,AG,AA,TT,GT,TT,CC,AA,TT,TT,AT,AA,GG,CC,AA,CT,NN,CC,CG,CC,AA,GG,AA,CC,TT,CC,GT,TT,GG,TT,AA,AG,TT,CC,GG,AA,CC,CC,GG,GG,AC,GG,TT,AC,AA,CC,GT,AA,CC,AA,AT,GG,TT,TT,AT,GG,GG,AT,CC,TT,GT,AA,GG,AA,CT,AA,TT,CC,CC,AC,CC,CT,GG,AA,CC,NN,CC,AT,CT,GT,GG,TT,AC,CC,AA,GG,CC,CC,CG,CC,GG,AT,AA,CC,TT,GG,CC,CC,AA,GG,CC,AA,NN,AA,AA,CC,CG,AA,TT,AA,GG,AA,AC,AC,AA,AG,AA,AA,AA,AT,GG,AA,AA,AC,AA,CT,AA,AA,CG,GG,GG,GT,AA,AA,TT,TT,TT,GG,TT,GG,GG,AA,1.43,Susceptible,High,Poor,Early
L0047,Anantapur,Andhra Pradesh,Kharif,Red Sandy,Rainfed,390,31.0,52,AA,CT,GG,AA,GG,CC,GG,AT,CC,CG,AA,CC,CG,TT,TT,GG,CG,TT,TT,GG,CC,TT,GT,CC,TT,CC,TT,TT,NN,AA,CC,CT,AA,CC,GG,GG,GG,CC,GG,CC,TT,TT,AA,TT,AG,AG,TT,NN,CC,AC,GG,AT,AG,GG,CC,TT,AT,AC,GT,AA,AA,GT,TT,AA,TT,TT,CC,GG,TT,GT,GG,GT,AC,AA,GG,AC,AA,GG,TT,TT,GG,GG,GT,CC,AA,GG,AA,AT,CC,GT,AC,TT,CT,TT,GT,GG,TT,CC,TT,CT,CC,CG,AG,AG,TT,TT,CC,AA,AA,AA,CC,GG,TT,CC,GT,AC,AA,TT,CG,GG,CC,GG,CC,GT,CT,AG,CC,CC,CC,NN,AA,GT,CC,AA,CC,CC,AA,TT,AA,TT,GG,NN,CC,GG,NN,GG,AA,CC,GT,CC,CC,AA,AG,GG,GT,AG,AA,TT,TT,GG,CC,GG,TT,TT,CC,AT,GT,CT,AA,NN,GG,CC,AA,CC,CC,CC,GG,CC,AT,GG,AA,CC,GT,CG,GT,TT,GG,AT,AA,AG,TT,CC,GG,AC,AC,CG,GG,GG,AC,CG,TT,AA,AA,CG,GG,AT,AC,AA,AA,GG,TT,TT,AA,GG,GT,AA,CC,AT,GT,AA,GG,AA,TT,AA,TT,CC,TT,AC,CC,CT,GG,AG,CG,AG,CC,TT,TT,GT,NN,TT,AC,AC,AA,GG,CC,CG,GG,CC,GG,AT,AA,CC,TT,AG,CC,CG,AT,GG,CC,AT,CC,AA,AA,NN,CC,CC,TT,AA,GG,AA,AA,AC,AA,AG,AG,AA,AA,TT,GG,AA,AA,CC,AC,CT,AA,AA,GG,AG,GG,TT,AT,AA,GT,TT,TT,AA,TT,GG,GG,AA,4.66,Susceptible,Low,Standard,Late
L0048,Anantapur,Andhra Pradesh,Kharif,Red Sandy,Rainfed,390,31.0,52,AA,TT,AG,AG,GG,CC,GT,TT,CC,CC,TT,CC,CG,AT,GT,GT,GG,TT,TT,AA,CC,GT,GT,CT,TT,CC,TT,TT,GG,AA,TT,CC,AA,CC,GG,CG,GG,GG,GG,CC,TT,CT,AA,TT,AA,AG,TT,AT,CC,AC,GG,AA,AA,GG,CT,GT,AA,AC,GG,AA,AG,TT,AT,GG,CT,TT,CC,GG,TT,GG,AA,GG,CC,AA,GG,AC,AA,GG,TT,TT,GG,GG,GT,CC,AA,GG,AA,AA,CC,GT,CC,TT,CC,TT,TT,GG,CT,CC,GG,NN,CC,CG,AA,AA,AT,NN,CC,AA,AG,NN,CT,GG,TT,CG,GT,AA,AA,TT,CG,AA,CC,GG,CC,TT,TT,AG,NN,CC,CC,CC,AA,TT,CC,AA,CC,CT,AA,TT,AA,AT,CG,CC,CG,GG,AA,GG,AA,CC,GT,CC,CC,AA,AG,GG,GT,NN,AC,TT,TT,GG,AC,TT,GT,TT,CC,AA,GT,TT,AA,TT,CG,CC,AA,CT,CC,CC,CG,AC,AA,GG,AG,CC,TT,CC,GT,TT,GG,AA,AA,AA,TT,CC,GG,AA,AC,CG,GG,GG,AA,CG,TT,AA,AA,CC,GG,AA,CC,AT,AT,GG,GT,TT,AT,GG,GT,AT,CC,TT,GT,AA,GG,AA,TT,AA,TT,CC,CT,AA,AC,CT,GG,AA,CG,AG,AC,TT,NN,NN,GG,TT,AA,CC,AA,GG,CC,CC,GG,CC,GG,TT,AA,CC,TT,AG,CG,CC,AA,GG,CC,TT,CG,AA,AA,AC,CC,AA,TT,AA,GG,AA,AA,AA,AA,AG,AA,AG,AA,TT,GG,AA,AG,AA,AC,TT,AA,AG,GG,GG,GG,TT,AA,AA,TT,TT,TT,AG,AT,GG,GG,AA,2.4,Susceptible,Medium,Poor,Early
L0049,Anantapur,Andhra Pradesh,Kharif,Red Sandy,Rainfed,390,31.0,52,CC,CT,GG,AA,CG,CC,GT,AT,CC,CG,AA,CC,CG,TT,TT,GG,CG,TT,TT,AA,CC,GT,TT,CC,TT,CC,GT,TT,GT,AA,TT,CT,AG,CC,GG,GG,GG,CC,GG,CC,TT,CC,AA,TT,AG,GG,TT,TT,CC,AC,GG,AT,AG,GG,CT,TT,AA,AA,GG,AA,AA,TT,AT,GG,TT,TT,CC,GG,NN,TT,AA,GG,CC,AA,GG,AA,AT,GG,TT,TT,GG,NN,GT,CC,AA,GG,AA,AA,CG,GT,CC,TT,CT,AT,TT,AG,TT,AC,GT,CC,CC,NN,GG,AA,TT,GT,CC,NN,AA,AA,CC,GG,TT,CC,GT,AA,AA,TT,CC,AG,CG,GG,CC,GG,TT,AA,CC,CC,AC,CC,AA,TT,NN,AA,CC,CC,AA,TT,AA,AA,GG,CC,CC,GG,AA,AG,AT,CC,NN,CC,CC,AA,AA,GG,GT,GG,AA,TT,CT,AG,CC,TT,TT,CT,CG,AT,GT,TT,AA,TT,GG,CC,AA,CT,CC,CC,GG,CC,AA,GG,AA,CC,TT,CC,GT,TT,CG,TT,AA,AG,TT,CC,CG,AC,CC,CC,CG,GG,AC,CG,CT,CC,AA,CC,GG,AA,AC,AA,AT,GG,TT,TT,AT,GG,GT,AT,CC,TT,TT,NN,GG,AA,TT,AA,TT,CC,TT,AA,CC,TT,CG,AG,CC,AG,AC,TT,TT,TT,GG,TT,AA,AC,AA,GG,CC,CG,GG,CC,GG,TT,AA,CG,GT,GG,CC,CC,AA,AG,CC,AA,CC,AA,AA,AC,CG,AC,TT,AA,NN,AA,AA,AC,AA,NN,AG,AA,AG,AT,GG,CC,AA,AC,AA,TT,AA,AA,CG,GG,GG,GT,AT,AA,TT,TT,TT,AG,TT,GG,GG,AA,1.58,Moderate,Low,Premium,Medium
L0050,Anantapur,Andhra Pradesh,Kharif,Red Sandy,Rainfed,390,31.0,52,AC,TT,GG,AA,GG,CC,GT,TT,CC,CG,AA,CT,CG,AT,TT,GG,GG,TT,TT,AA,CC,GT,GT,CC,TT,CC,GT,NN,GG,AA,TT,CC,AA,CC,GG,GG,GG,CG,GG,NN,TT,CC,AA,GT,AA,GG,TT,TT,CG,AC,GG,AA,AA,GG,CC,TT,AA,AA,GT,AC,AA,GT,TT,AA,TT,TT,CC,GG,TT,GG,AA,GG,CC,AA,GG,AC,AT,GG,TT,TT,GG,GT,GG,CC,AT,GG,AA,AT,CC,GT,AA,TT,CT,TT,GT,GG,TT,CC,GT,CC,CC,CC,AG,AA,AT,TT,CC,AA,AA,AC,CT,GG,TT,CC,TT,AA,AA,TT,CC,NN,CG,GG,CC,TT,TT,AA,CC,CC,AC,CC,AA,TT,CC,AA,CC,CC,AA,TT,AA,NN,CG,CC,CC,GG,AG,AG,AA,CC,GG,CC,CG,AA,AA,GG,TT,GG,AC,TT,TT,GG,AC,TT,TT,TT,CC,AA,TT,CT,AT,TT,GG,CC,AG,CC,CC,CC,GG,CC,AA,GG,GG,CC,TT,NN,GG,TT,GG,AT,AA,AG,TT,CC,GG,AC,AC,CC,GG,GG,AA,GG,TT,AC,AA,CC,GG,AA,CC,AA,AA,GT,TT,AA,AT,CG,GG,AT,CG,TT,TT,AA,GG,AA,CC,AA,TT,CC,CT,AC,CC,CT,CC,AG,CC,GG,CC,TT,CT,TT,GG,TT,AA,AC,AA,GG,CC,CG,GG,CC,GG,AT,AA,CC,TT,GG,CG,CC,AA,AG,CC,AT,CC,AA,AA,AC,CG,AC,AT,AA,GG,AA,AA,AA,AA,AG,AA,AA,AA,TT,GG,AA,AG,NN,AC,TT,AA,AA,GG,GG,GG,TT,AA,AG,TT,TT,TT,AG,TT,GG,CG,AA,2.83,Moderate,Medium,Poor,Late
L0051,Anantapur,Andhra Pradesh,Kharif,Red Sandy,Rainfed,390,31.0,52,AC,CT,AG,AA,GG,CC,GG,TT,CC,CG,AT,CC,CG,AT,TT,GG,CG,TT,TT,GG,CG,TT,GT,CT,TT,CC,TT,TT,GG,AA,CT,CC,AA,CC,GG,GG,GG,CG,GG,CC,TT,TT,AA,GT,AA,AG,TT,TT,CC,AC,GG,AA,AA,GG,CC,TT,AA,AC,GG,AC,AA,TT,AA,AA,CT,TT,CC,GG,CC,GG,AA,GT,CC,AA,AA,AA,AT,GG,TT,TT,GG,GG,GG,CC,TT,GG,AA,AA,CC,GT,CC,TT,CC,TT,TT,GG,TT,CC,GT,CC,CT,CC,AG,AA,TT,TT,CC,AA,AG,AA,CC,NN,TT,CC,TT,AC,AC,TT,CG,GG,CC,AG,CC,GG,TT,AA,CC,CC,CC,CC,AA,TT,AC,AA,CC,CT,AA,AT,AA,AA,CG,NN,CC,GG,AG,AA,AA,CC,GG,CC,CC,AG,AG,AG,GT,GG,AC,TT,TT,GG,CC,GT,GT,TT,CC,AT,TT,TT,AA,TT,GG,CC,AA,CC,CC,CC,CG,CC,AA,GG,GG,NN,TT,CC,GT,TT,GG,AT,AA,AA,TT,AC,GG,AA,CC,CC,GG,AG,AC,NN,CT,AC,AG,CG,GG,AA,CC,AA,TT,GT,TT,AA,AA,GG,GG,AA,CG,AT,GG,AA,GG,AA,CT,AA,TT,CC,TT,AC,NN,TT,GG,GG,CC,AG,CC,TT,TT,TT,GG,TT,AA,CC,AA,GG,CC,CG,GG,CC,GG,TT,AG,CC,GT,GG,CG,CC,AA,GG,CC,AA,CC,AA,AA,CC,CC,AC,TT,AA,GG,AA,AA,AC,AA,GG,AA,AA,AA,TT,GG,AA,AA,AC,AA,CC,AA,NN,GG,GG,GG,TT,AA,AA,TT,TT,NN,AA,TT,GG,GG,AA,3.72,Susceptible,Low,Standard,Early
L0052,Anantapur,Andhra Pradesh,Kharif,Red Sandy,Rainfed,390,31.0,52,AC,TT,GG,AG,GG,CC,GG,AT,CC,CG,AA,CT,CG,TT,TT,GG,CG,TT,TT,AA,CC,TT,TT,CC,TT,NN,TT,AT,GT,AA,TT,CC,AG,CC,GG,GG,GT,CC,GG,CC,TT,TT,AA,TT,AA,GG,TT,TT,CG,AC,GT,AA,AG,GG,CT,GT,AT,AC,GT,AA,AG,TT,TT,GG,CT,TT,CC,GG,TT,GT,AG,GG,NN,AA,GG,AC,AT,GG,TT,TT,GG,GG,GG,CC,AA,GG,AA,AA,CG,TT,CC,TT,CC,TT,GT,GG,CT,AC,TT,CT,CC,GG,GG,AA,TT,TT,CG,AA,AA,AA,CT,GG,TT,CC,TT,AA,AA,TT,CC,GG,CC,GG,CT,GG,TT,AA,TT,CG,CC,CG,AA,TT,CC,AA,CC,CC,AA,TT,AG,AT,GG,CT,CC,GG,AA,AA,AA,CC,GG,CC,CC,AA,AG,GG,GT,GG,AA,TT,TT,AG,CC,GT,TT,CC,CC,AT,TT,TT,AA,TT,GG,CC,AA,NN,AC,CC,CG,CC,AA,GG,AA,CC,TT,CC,GT,GT,CG,AT,AA,AA,TT,CC,CG,AA,CC,CC,GG,GG,AA,GG,TT,AA,AG,CC,GG,AA,CC,AT,AT,GG,TT,AT,AT,CG,GT,AT,CG,NN,GT,AA,GG,AA,CT,AA,TT,CC,TT,AC,CC,TT,GG,AA,CC,GG,CC,TT,CT,GT,GG,TT,AC,AC,AG,GG,NN,CC,GG,CC,GG,AT,AG,CG,TT,GG,CC,CC,AA,AG,CG,AT,CC,AT,AA,AC,CC,AA,TT,AA,GG,AA,AA,CC,AA,AG,AG,AA,AA,TT,GG,AA,AA,CC,AA,TT,AA,AA,GG,GG,GG,TT,AA,AA,TT,TT,TT,AA,TT,GG,GG,AA,4.85,Susceptible,High,Premium,Early
L0053,Anantapur,Andhra Pradesh,Kharif,Red Sandy,Rainfed,390,31.0,52,AC,TT,AG,AG,CG,NN,GT,AT,CC,CG,AA,CC,CC,TT,TT,GT,CG,TT,TT,AA,CC,TT,TT,CC,AT,CC,TT,TT,GG,AA,TT,CC,AA,CC,GG,GG,GG,CC,GG,CC,TT,CC,AC,TT,AG,GG,TT,TT,CC,AA,GG,AT,AA,GG,CC,TT,AT,AA,GT,AA,AA,GT,AT,AA,TT,TT,CC,GG,TT,GT,GG,GG,AC,AA,AA,AC,AA,GG,TT,TT,GG,GT,GT,CC,AA,AG,AA,AA,CC,GT,CC,TT,CC,AT,GT,AG,CT,CC,TT,CC,CT,CC,AA,AA,TT,TT,CC,AA,AA,AC,CC,GG,TT,NN,TT,AA,AA,TT,CG,GG,CC,AG,CC,GG,TT,AA,CC,CC,CC,CC,AA,TT,CC,AA,CC,CC,AA,TT,AA,AA,GG,CC,CC,GG,AA,AA,AA,CC,GG,CC,CC,AA,NN,AG,TT,GG,AC,GT,CC,GG,AA,TT,GT,TT,CG,AA,TT,TT,AA,TT,GG,CC,AG,CC,CC,CC,CG,CC,AA,GG,AA,CC,TT,GG,GG,TT,CG,AT,AA,AG,TT,CC,GG,AA,CC,CC,GG,AG,AA,GG,TT,NN,GG,CG,GG,AA,CC,AA,TT,GT,TT,AA,AA,GG,GT,AT,CC,AT,GT,AA,GG,AA,CT,AC,TT,CG,TT,AA,CC,TT,GG,AA,CC,AG,CC,TT,TT,GG,GG,TT,AC,CC,AA,GG,CC,CC,GG,CC,GG,AT,AG,CG,TT,GG,CC,CC,AA,GG,CC,TT,CC,AA,AA,AC,CC,AA,TT,AA,CG,AT,AA,AC,AA,AA,AA,AA,AA,TT,GG,AC,AA,CC,AA,CT,AA,AG,GG,GG,GG,TT,AA,AG,TT,TT,AT,AA,AA,GG,CG,AA,5.53,Moderate,Medium,Poor,Early
L0054,Anantapur,Andhra Pradesh,Kharif,Red Sandy,Rainfed,390,31.0,52,AC,TT,GG,GG,CG,CC,GG,AT,CC,CG,AA,CC,CC,AT,TT,GG,GG,TT,TT,AA,CC,TT,TT,CC,TT,CC,TT,AT,GT,AC,TT,CT,AA,CC,GG,GG,GG,CG,GG,CC,TT,CT,AA,TT,AG,AG,TT,AT,CC,AC,GG,AA,AA,GG,CC,GT,AA,AC,GG,AC,AG,TT,AT,AG,TT,AT,CC,NN,TT,GG,AG,GG,CC,AA,AG,AC,TT,GG,TT,TT,GG,GT,GG,CC,AA,GG,AA,AA,CC,GT,CC,TT,CC,TT,TT,GG,TT,CC,TT,CC,CT,CC,GG,AG,TT,TT,CC,AG,AA,AA,CC,GT,TT,CC,TT,AA,AA,TT,CC,AG,CG,GG,CC,GG,TT,AA,CC,CC,CC,CC,AA,TT,AC,AA,CC,CC,AA,AT,AA,AA,GG,CC,CC,GG,AG,AG,AA,CC,GG,CC,CG,AA,AA,AG,TT,GG,AC,TT,TT,GG,CC,GT,GT,CT,CC,AA,TT,TT,AT,TT,CG,CC,AG,CC,CC,CC,CG,AC,AA,GG,AA,CC,TT,CC,GG,TT,CG,AT,AG,AG,TT,CC,GG,AA,AC,CG,GG,NN,AC,GG,TT,AA,AA,CG,GG,AA,AC,AA,AA,GT,TT,AT,AA,GG,GT,AA,CC,TT,GT,AA,GG,AG,CT,AA,TT,CC,TT,AA,CC,TT,GG,AG,CC,GG,AC,TT,TT,TT,GG,TT,AA,AA,AG,GG,CC,CG,GG,CC,GG,AT,AG,CC,TT,GG,CC,CC,AT,AG,CC,AA,CC,AA,AA,CC,CC,NN,TT,AA,GG,AA,AA,AC,AA,NN,AG,AA,AA,AA,CG,AC,AA,CC,AA,CT,AA,AA,GG,GG,GG,TT,AA,AA,GG,TT,TT,GG,TT,GG,GG,AA,5.2,Susceptible,Low,Premium,Early
L0055,Anantapur,Andhra Pradesh,Kharif,Red Sandy,Rainfed,390,31.0,52,AC,TT,GG,AA,CG,CC,GT,TT,CC,CC,AA,CC,CG,AT,TT,GG,GG,TT,TT,AG,CC,TT,GT,CC,TT,CC,NN,TT,GT,AA,TT,CT,AA,CC,GG,GG,GG,CG,GG,AC,GT,CT,NN,TT,AA,GG,TT,TT,CC,AC,GG,AA,AA,GG,CC,TT,AA,AA,TT,AC,AG,TT,AT,AA,TT,AA,CC,GG,TT,GG,AG,GG,CC,AA,AG,AC,AA,GG,TT,NN,GG,GG,GG,CC,AA,GG,AA,AA,CC,TT,CC,TT,CC,TT,TT,GG,TT,CC,TT,CT,CT,CC,AG,AA,TT,TT,CG,AA,AG,AA,CC,GG,TT,CG,TT,AC,CC,TT,CC,GG,CC,GG,CC,GG,CT,AA,CC,CC,CC,CC,AA,TT,CC,NN,CC,CT,AA,AT,AA,NN,GG,CC,CC,GG,AG,GG,AT,CC,GG,CC,CG,AA,AA,GG,GG,GG,AC,TT,CT,GG,CC,TT,GT,TT,CC,AT,TT,TT,AA,TT,GG,CC,AG,CC,CC,CC,CG,CC,AA,AG,AA,CC,TT,CC,TT,TT,GG,TT,AA,AA,TT,CC,CG,CC,AC,CC,GG,GG,AA,GG,TT,AA,NN,CC,GG,AA,AC,AA,AT,GG,TT,AT,AA,GG,TT,AA,CC,TT,GT,AA,GG,AA,TT,AC,TT,CC,NN,AA,AC,TT,GG,AA,CC,AG,CC,AT,TT,GT,GG,TT,AC,AC,AA,GG,CC,CC,GG,CC,GG,AT,AA,CC,TT,GG,CC,CC,AA,GG,CC,AA,CC,AA,AA,AC,CC,AC,TT,AA,GG,AA,AA,AC,AA,AG,AA,AG,AA,TT,GG,AA,AG,CC,AA,CT,AA,AA,GG,AG,GG,TT,AT,AA,GT,TT,TT,AA,AT,GG,GG,AA,4.83,Resistant,Low,Standard,Late
L0056,Anantapur,Andhra Pradesh,Kharif,Red Sandy,Rainfed,390,31.0,52,AC,TT,GG,AA,GG,CC,GT,AT,CC,CC,AT,CT,CG,TT,TT,GG,GG,TT,TT,AA,CG,GT,GG,CC,TT,CC,TT,TT,GT,AA,CT,CC,AA,AC,GG,GG,GG,CC,GT,CC,TT,CT,AA,NN,AA,GG,TT,TT,CC,AC,GG,AT,AG,GG,CC,GT,AT,AA,TT,AC,AA,TT,TT,AA,CT,TT,CT,GG,TT,GG,AG,GG,CC,AA,NN,AA,AA,GG,TT,NN,GG,GG,GG,CC,AT,GG,AA,AT,CC,GG,CC,GT,CC,TT,TT,GG,CT,CC,GT,CC,CT,CG,AG,AA,TT,TT,CC,AA,AG,AA,CT,GG,TT,CC,TT,CC,AA,TT,CC,GG,CG,GG,CC,GG,CT,AG,CC,CC,AC,CC,AG,TT,CC,AA,CC,CC,AA,TT,AA,AA,GG,CC,CC,GG,AA,AG,AT,CC,GG,CC,CG,AG,AG,GG,TT,GG,AA,TT,TT,GG,AA,TT,TT,TT,CG,NN,TT,TT,AA,AT,GG,CC,AA,CC,AC,CC,CG,CC,AA,GG,AG,CC,TT,CG,GT,TT,GG,TT,AA,AA,TT,CC,GG,AA,CC,CC,GG,GG,CC,GG,TT,AC,AG,CC,GT,AA,AC,AA,NN,GT,TT,AT,AA,CG,TT,AT,CC,TT,GT,AA,AG,AA,TT,AA,TT,CC,TT,AA,CC,TT,CG,GG,CC,AA,CC,TT,TT,GT,GG,TT,AA,AC,AG,GG,CC,CG,GG,CC,GG,AT,AA,CC,TT,GG,CC,CG,AA,GG,CC,NN,CC,AT,AA,AC,CG,AC,AT,AA,GG,AA,AA,AA,AA,AG,AA,AA,AA,TT,GG,AC,GG,CC,CC,TT,AA,AA,GG,GG,GG,TT,AT,AA,TT,TT,TT,AA,AT,GG,GG,AA,2.06,Moderate,Low,Poor,Early
L0057,Anantapur,Andhra Pradesh,Kharif,Red Sandy,Rainfed,390,31.0,52,AA,NN,GG,AG,GG,CC,GG,TT,CC,CC,AA,CC,CC,TT,GT,GG,GG,TT,TT,GG,CC,GT,TT,CC,TT,CC,TT,TT,GG,AA,NN,CT,AA,CC,NN,GG,GG,CG,GG,CC,TT,TT,AA,GT,AA,GG,TT,TT,CC,CC,GG,AA,AA,GG,CT,TT,AA,AA,GT,AA,AG,TT,AT,AA,TT,TT,CC,GT,TT,GT,AA,GG,CC,AA,GG,AC,AT,GG,TT,TT,GG,GG,GG,CC,AT,GG,AA,AA,CC,TT,CC,TT,CC,TT,TT,GG,TT,AC,GT,CC,CC,CC,AG,AA,TT,TT,CG,AA,AA,AA,CC,GG,TT,CC,GT,AA,AA,TT,CC,AG,CG,AG,CC,GT,TT,AG,CT,CC,CC,CC,AA,TT,CC,AA,NN,CT,AA,TT,AG,AA,GG,CC,CC,GG,AA,NN,AA,AC,GG,CC,CC,AA,AG,GG,TT,GG,AA,TT,TT,GG,CC,TT,TT,TT,CC,AT,TT,TT,AA,TT,GG,CG,AG,TT,CC,CC,GG,CC,AA,GG,AA,CC,TT,NN,TT,TT,GG,AT,AA,AA,TT,CC,CG,AC,CC,CC,GG,AG,AC,GG,TT,AA,AA,CC,GG,AA,CC,AT,AA,GG,TT,AT,AT,GG,GG,AA,CC,TT,GT,AA,GG,AA,TT,AA,TT,CG,TT,AA,CC,TT,CG,AA,CC,NN,AC,TT,TT,GT,GG,TT,AA,CC,GG,GT,CC,CC,GG,CC,GG,AA,AA,CC,GT,GG,CC,CG,AA,GG,CC,AT,CC,TT,AA,CC,CG,AC,AT,AA,GG,AA,AA,AA,AA,GG,GG,AA,AA,AT,GG,AA,AG,AC,AA,CT,AG,AG,GG,AG,GG,GT,AT,AA,TT,TT,TT,AG,AT,GG,CG,AA,2.77,Susceptible,High,Premium,Medium
L0058,Anantapur,Andhra Pradesh,Kharif,Red Sandy,Rainfed,390,31.0,52,CC,CT,GG,AA,GG,CC,GT,AT,CC,CG,AA,CC,CG,TT,TT,GG,CC,TT,TT,AA,CG,TT,GG,CC,TT,CC,TT,TT,GG,AA,TT,CC,AA,CC,GG,GG,GG,CG,GG,CC,TT,CT,AA,TT,AA,GG,TT,AT,CC,CC,GG,AA,AA,GG,CC,TT,AA,AA,GT,AC,AA,GT,TT,AG,TT,TT,CC,GG,TT,GT,GG,GG,CC,AA,GG,AC,AT,GG,TT,TT,GG,GG,GT,CC,AA,GG,AA,AA,CC,TT,CC,TT,CC,TT,TT,GG,TT,CC,GT,CC,CC,CC,AA,AA,TT,TT,CC,AA,AG,AA,CT,GG,TT,CG,TT,AA,AA,TT,CC,GG,CC,GG,CC,TT,TT,AA,CC,CG,CC,CG,AA,TT,CC,AA,CC,CC,AA,TT,AG,AA,GG,TT,CC,GG,AA,AG,AA,CC,GG,CC,CC,AA,AA,AG,TT,GG,CC,GT,CT,GG,AC,TT,GT,TT,CG,AT,TT,TT,AT,TT,NN,CC,AG,CC,CC,CC,GG,CC,AA,GG,AA,CC,TT,CC,GG,TT,CG,TT,AA,AA,TT,CC,GG,AA,CC,CC,GG,GG,CC,GG,TT,AA,AA,CC,GG,AT,CC,AA,AT,GG,TT,TT,AA,GG,TT,AT,CC,AT,GG,AA,GG,AA,CC,AA,TT,CC,TT,AA,CC,CT,GG,AG,CC,AA,CC,TT,CT,TT,GG,AT,AC,CC,AA,GT,CC,CG,GG,GG,GG,TT,AA,CC,TT,GG,GG,CC,AT,AG,CC,AA,CC,AA,AA,CC,CC,CC,TT,AA,GG,AA,NN,AA,AA,GG,AG,AA,AA,TT,GG,AA,AA,AC,AA,CT,AA,AG,GG,GG,GG,TT,AA,AG,TT,TT,TT,AA,TT,GG,GG,AA,2.12,Moderate,Low,Premium,Late
L0059,Anantapur,Andhra Pradesh,Kharif,Red Sandy,Rainfed,390,31.0,52,AC,TT,AG,AG,GG,CG,GT,AT,CC,CC,AA,CC,CC,AT,TT,GG,GG,TT,TT,AA,CC,TT,GT,CC,TT,CC,TT,TT,GT,AA,TT,CC,AA,CC,AG,GG,GG,CG,GG,CC,TT,CT,AA,TT,AA,GG,TT,TT,CC,AC,GT,AA,AA,CG,CC,TT,AA,AA,GT,AC,AA,TT,TT,AG,TT,TT,NN,GG,TT,GT,GG,GT,CC,AA,GG,AA,AA,GG,TT,TT,GG,GG,GT,CC,TT,GG,AA,AA,CG,TT,AC,TT,CT,TT,GT,GG,TT,AC,GT,CC,CC,CC,AG,AG,TT,NN,CC,AA,AA,AA,CT,GG,TT,CC,TT,AA,AC,TT,CC,NN,CC,AG,TT,GT,TT,AA,CC,CC,CC,CC,AA,TT,CC,AA,CC,CC,AA,AT,AG,AA,CG,CC,CC,GG,AG,GG,AA,CC,GT,CC,CC,AA,AG,AG,TT,GG,AA,TT,TT,GG,CC,TT,TT,CT,CG,AA,GT,TT,AA,TT,CC,CC,AG,CT,CC,CC,GG,CC,AA,GG,AA,CC,TT,CC,GG,TT,CG,TT,AA,AA,NN,CC,GG,AC,CC,CC,GG,GG,AC,GG,TT,AA,AA,CC,GT,TT,CC,AA,AA,GT,NN,TT,AT,GG,GG,AT,CG,TT,TT,AA,GG,AA,TT,AA,TT,CC,TT,AA,CC,TT,GG,AG,CC,AG,CC,TT,TT,GT,GG,TT,AA,AC,AG,GG,CC,CC,GG,GG,GG,AT,AA,CG,GG,GG,CC,CC,AA,GG,CC,AT,CC,AA,AA,NN,CC,AC,TT,AA,GG,AA,AA,AC,AA,GG,AG,AA,AA,TT,GG,AA,AA,CC,AA,CT,AG,AA,GG,GG,GG,TT,AA,AA,GT,TT,AT,AA,TT,GG,GG,AA,0.86,Moderate,Medium,Standard,Late
L0060,Anantapur,Andhra Pradesh,Kharif,Red Sandy,Rainfed,390,31.0,52,AA,CT,GG,GG,GG,CC,NN,TT,CC,CG,AA,NN,CC,AT,TT,GG,GG,TT,TT,AA,CC,TT,GT,CC,TT,CC,TT,TT,GG,AA,TT,CC,AA,CC,GG,GG,GG,CG,GG,CC,TT,CT,AA,TT,AG,AG,TT,TT,CC,AC,GG,AA,AA,GG,CT,TT,AA,AA,GG,AC,AG,TT,TT,AG,CT,AT,CC,GG,TT,GT,AA,GG,CC,AA,GG,AA,AA,GG,TT,CT,GG,NN,GG,CC,AA,GG,AA,AA,CC,GG,CC,TT,TT,TT,TT,AG,TT,CC,TT,CC,CT,CC,AG,AA,TT,TT,CG,AG,AG,AA,CT,GT,GT,CC,TT,AA,AA,TT,CC,GG,GG,GG,CT,GT,CT,AA,CC,CC,CC,CG,AA,TT,AC,AA,CC,CC,AA,TT,AA,AA,GG,CC,CC,GG,AA,NN,AA,AC,GG,CC,CC,AA,AA,GG,GT,GG,AA,GT,TT,GG,CC,GT,TT,TT,CC,AT,GT,TT,AT,TT,CG,CC,AA,CC,CC,CC,CG,CC,AA,GG,AA,CC,TT,CC,GT,TT,GG,AT,AA,AA,TT,CC,GG,CC,AC,CC,GG,GG,AC,GG,TT,AA,AA,CG,GG,AT,CC,AA,AA,GT,TT,TT,AT,CG,GT,AA,CC,AT,TT,AA,GG,AG,CT,AA,TT,CC,CT,AC,AA,TT,GG,AG,CC,AG,CC,AT,CT,TT,CG,TT,AA,CC,AG,GG,CC,CC,GG,CG,GG,TT,AA,CC,TT,GG,CC,CC,AA,GG,CC,AA,CC,AA,AA,AC,CC,CC,TT,AA,GG,AA,AA,AC,AA,AG,GG,AG,AA,TT,GG,AA,AA,CC,AA,CT,AG,AA,GG,GG,GG,GT,AT,AA,GT,TT,TT,GG,AT,GG,GG,AC,2.18,Resistant,Low,Standard,Late
L0061,Anantapur,Andhra Pradesh,Kharif,Red Sandy,Rainfed,390,31.0,52,AC,CT,GG,AG,GG,CC,GT,NN,CC,CG,AA,CT,CG,AT,TT,GG,CG,NN,TT,AA,CG,TT,GT,CC,TT,CC,TT,TT,GG,AA,TT,CT,AA,CC,AG,GG,GG,CC,GT,CC,TT,CT,AA,GT,AA,AG,TT,AT,CC,CC,GT,TT,AA,GG,CC,GT,AA,AC,GT,AA,AA,TT,TT,AA,TT,TT,CC,GG,TT,GG,AA,GG,CC,AA,AG,CC,AT,GG,TT,TT,GG,GG,GT,CC,AA,GG,AA,AA,CC,GT,AC,TT,TT,TT,TT,GG,TT,CC,TT,CC,CT,GG,AG,AG,AT,TT,CG,AA,AA,AA,CC,GG,TT,CG,TT,AC,AA,TT,CG,GG,CG,GG,CC,GT,TT,AA,CC,NN,CC,CC,AA,TT,CC,AA,CC,CC,AG,TT,AA,AA,GG,CC,CC,GG,NN,AG,AA,AC,GG,CC,CC,AA,AA,AG,TT,GG,AA,GG,CT,AG,CC,TT,TT,TT,CC,AT,GT,TT,AA,TT,GG,CC,AA,CC,CC,CC,GG,CC,AA,GG,AA,CC,TT,CC,GG,TT,GG,AT,AA,AA,TT,CC,CG,AA,AC,CC,GG,GG,CC,GG,TT,AA,AA,CC,GT,AA,AA,AT,AT,GG,TT,TT,AT,GG,GG,AT,CG,AT,GT,AA,GG,AA,TT,AA,TT,CC,TT,AA,CC,CT,CG,AA,CC,NN,CC,TT,TT,TT,GG,TT,AA,AC,AA,GT,CC,CC,GG,CG,GG,AA,AA,CG,TT,GG,CC,NN,AT,GG,CG,AA,CC,AA,AA,CC,CC,AC,AT,AA,CG,AA,AA,AC,AA,AG,AA,AA,AA,TT,GG,AA,AG,CC,AA,CT,AA,AA,GG,GG,GG,TT,AA,AA,GT,NN,TT,AA,TT,GG,GG,AC,2.77,Resistant,Low,Standard,Late
L0062,Anantapur,Andhra Pradesh,Kharif,Red Sandy,Rainfed,390,31.0,52,AA,CT,GG,AG,GG,CC,GG,NN,CC,CG,AT,CC,GG,TT,TT,GG,GG,TT,TT,AG,CG,TT,GT,CT,TT,CC,TT,AT,GG,AA,TT,CC,AA,CC,AG,GG,GG,CC,GG,CC,TT,CC,AA,TT,AG,GG,TT,AT,CC,AC,GG,AA,AG,GG,CC,TT,AA,AA,GG,AC,AA,GT,TT,AA,TT,AT,CC,GG,TT,GG,AA,GG,CC,AA,GG,AC,AT,GG,TT,TT,GG,GG,GG,AC,AA,GG,AA,AA,CC,GT,AC,TT,CC,AT,TT,GG,CT,CC,TT,CC,CT,GG,AA,AA,AT,TT,CC,AA,AG,AA,CC,GG,TT,CC,GT,AA,AA,TT,CC,GG,CC,GG,CC,GT,TT,AA,CC,CC,CC,GG,AA,GT,CC,AA,CC,CT,AA,TT,AG,AT,CG,CC,CC,GG,AA,AA,AA,CC,GG,CC,CC,AA,AG,AG,TT,AG,AA,GT,TT,AG,AC,TT,TT,TT,GG,AT,GT,CT,AA,TT,CC,CG,AA,CC,CC,CC,NN,CC,AT,GG,AA,CC,TT,CC,GG,NN,GG,AT,AA,AA,GT,CC,GG,AA,CC,CC,GG,GG,AC,GG,TT,AA,AA,CC,GG,AA,CC,AA,TT,GG,TT,AT,AT,GG,TT,AT,NN,TT,TT,AA,AG,AA,TT,AA,TT,CC,TT,AA,CC,TT,GG,AG,CC,AG,CC,TT,CC,GT,GG,TT,AA,AC,AG,GG,CC,CG,GG,CC,GG,TT,AA,CC,GT,GG,CC,CG,TT,GG,CC,AA,CC,AT,AA,AC,CC,CC,TT,AA,GG,AA,AC,AC,AA,AG,AA,AA,AA,TT,GG,AA,AA,CC,AA,CT,AA,AG,GG,GG,GG,GT,AA,AA,TT,TT,TT,AG,TT,GG,GG,AA,5.2,Moderate,Low,Poor,Medium
L0063,Anantapur,Andhra Pradesh,Kharif,Red Sandy,Rainfed,390,31.0,52,CC,TT,GG,GG,GG,CG,GG,TT,CC,CG,AA,CC,CC,AT,TT,GG,CG,TT,TT,AA,CC,GT,TT,CC,AT,CC,GT,TT,GG,AA,TT,CC,AA,CC,GG,GG,GG,GG,GG,CC,TT,TT,AC,TT,AG,AG,CT,TT,CC,CC,GG,AA,AA,GG,CC,GT,AT,AA,TT,AA,AA,TT,TT,AG,TT,TT,CC,GG,TT,GT,AG,GG,AC,AG,AG,AA,AT,GG,TT,TT,GG,GG,GG,CC,AA,GG,AA,AA,CC,TT,AC,TT,CT,TT,TT,GG,TT,CC,TT,CC,CC,CG,AA,AA,TT,TT,NN,AA,AA,AC,CC,GG,TT,CC,TT,AC,AC,TT,CC,AG,CC,GG,CC,GG,CT,AG,CC,CC,CC,CC,AA,TT,CC,AA,AC,CC,AA,AT,AA,AA,CG,CT,CC,GG,AA,AA,AA,CC,GG,CC,CC,AA,AG,GG,TT,GG,AA,GT,CT,AG,AC,GT,TT,TT,CC,AA,GT,CT,AT,TT,GG,CC,AA,CT,CC,CC,GG,CC,AA,GG,AA,CC,TT,CC,GT,GT,GG,AT,AA,AA,TT,CC,GG,AA,AC,CC,GG,GG,AC,GG,TT,AC,AA,CC,GG,AA,CC,AA,AT,GG,NN,TT,AA,GG,GG,AT,CC,TT,TT,AA,GG,AA,CT,AA,TT,CC,TT,AA,CC,TT,CG,AG,CC,GG,CC,AT,TT,GG,GG,TT,AC,AC,AA,GG,CG,CG,GG,CC,GG,AT,AA,CC,GT,GG,CC,CC,AA,GG,CG,AT,CC,AA,AG,AA,CC,AC,TT,AA,GG,AA,AA,AC,AA,AG,AG,AG,AA,AT,GG,AA,AG,AC,AA,TT,AA,AA,GG,GG,GG,TT,AA,AA,GT,TT,TT,AA,AT,GG,GG,AC,3.12,Resistant,Medium,Poor,Medium
L0064,Anantapur,Andhra Pradesh,Kharif,Red Sandy,Rainfed,390,31.0,52,NN,TT,AG,AA,GG,CC,GG,TT,CC,GG,AA,CC,CC,TT,TT,GG,GG,TT,TT,AA,CC,TT,TT,CC,TT,CC,TT,TT,GT,AA,TT,CC,AA,CC,GG,GG,GG,NN,GG,CC,TT,CC,AA,TT,AA,GG,CT,TT,CC,CC,GG,AA,AG,GG,CT,TT,AT,AA,GT,AA,AA,TT,TT,AA,TT,TT,CC,GG,TT,GG,AG,GG,CC,AA,GG,AA,AA,GG,TT,TT,GG,GG,GG,CC,AA,GG,AA,AA,CC,GT,AC,TT,CC,TT,TT,GG,TT,CC,GT,CT,CT,CC,AA,AA,AA,TT,CG,AA,AG,AA,CC,GG,TT,CC,TT,AA,AA,TT,CG,GG,CC,GG,CC,GT,TT,GG,CT,CC,CC,CC,AA,TT,CC,AA,CC,CC,AA,TT,AA,AT,GG,CC,CC,GG,AA,GG,AT,CC,GG,CC,CG,AA,AG,GG,GT,GG,AC,TT,TT,AG,CC,TT,GT,TT,CC,AT,TT,TT,AA,TT,GG,CC,NN,CT,CC,CC,CG,CC,AA,GG,AA,CC,TT,CC,GG,GT,GG,TT,AA,AG,TT,NN,CG,AC,AC,CC,GG,GG,AA,CC,TT,AA,AA,CC,GG,AA,CC,AA,AA,GG,GT,AA,AT,GG,GG,AA,CC,AA,TT,AA,GG,AA,TT,AA,TT,CC,TT,AC,CC,CT,CG,AG,CC,AG,CC,TT,TT,GT,GG,TT,AA,AC,AG,GG,CC,CC,GG,CG,GG,TT,NN,CC,GT,GG,CC,CC,AA,AG,CC,AT,CC,AT,NN,CC,CC,AC,TT,AA,GG,AA,AC,AC,AA,AA,GG,NN,AA,AT,GG,AC,AG,AA,AA,NN,AA,NN,GG,GG,GG,TT,AA,AG,TT,TT,TT,AA,AT,GG,GG,AA,3.43,Susceptible,High,Premium,Medium
L0065,Anantapur,Andhra Pradesh,Kharif,Red Sandy,Rainfed,390,31.0,52,CC,TT,GG,GG,GG,CC,GG,TT,CC,GG,AA,CC,CC,TT,TT,GT,GG,TT,TT,AA,CG,TT,GT,CC,AT,CC,GT,TT,GT,AA,CT,CT,AG,CC,GG,GG,GG,CC,GG,CC,NN,TT,AA,TT,AA,GG,TT,NN,CC,AC,GG,AA,AA,GG,CT,GT,AA,CC,GT,AC,AA,TT,AT,AA,TT,AT,CC,GG,TT,GG,AA,GG,CC,AA,GG,AC,AT,GG,TT,TT,GG,GG,GG,CC,AT,GG,NN,AA,CC,GT,AC,TT,CT,TT,GT,GG,CT,CC,TT,CT,CC,CG,AA,AA,TT,TT,NN,AA,AA,AA,CC,GG,GT,CC,GG,AC,AC,TT,CC,NN,CC,GG,CC,GG,TT,AA,CC,CC,CC,CC,AA,TT,CC,AA,CC,CC,AA,TT,AG,AA,GG,CC,CC,GG,AA,AG,AA,CC,GG,CC,CC,AG,AG,GG,TT,GG,CC,TT,CT,GG,NN,GT,TT,NN,GG,AA,GT,TT,AA,TT,GG,CC,AA,CT,CC,CC,GG,CC,AT,GG,AA,CC,TT,CC,GG,TT,GG,TT,AA,AG,TT,CC,CG,AC,CC,CC,GG,GG,AC,GG,TT,AC,AA,CC,GG,AA,CC,AT,AA,GT,TT,TT,AT,GG,TT,AT,CC,AT,TT,AT,GG,AA,TT,AA,NN,CG,TT,AC,CC,TT,CG,GG,CG,AG,CC,TT,NN,NN,GG,TT,AC,AC,AG,GG,CC,CG,GG,CC,GT,AT,AA,NN,TT,GG,CC,CC,AA,GG,CC,AA,CC,AA,AA,AC,CG,AC,TT,AA,GG,AA,AA,AA,AA,AG,AG,AA,AA,TT,GG,AC,GG,CC,CC,CT,AA,AG,GG,GG,GG,TT,NN,AA,GT,AT,TT,AA,TT,GG,CG,AA,4.5,Susceptible,Medium,Standard,Early
L0066,Anantapur,Andhra Pradesh,Kharif,Red Sandy,Rainfed,390,31.0,52,AA,TT,AA,AG,GG,CC,GG,TT,CC,CC,AA,CT,CC,TT,TT,GT,CG,TT,TT,AA,CC,GT,GT,CC,TT,CC,TT,TT,GG,AA,TT,CC,AA,CC,GG,GG,GG,CG,GG,AC,TT,CC,AA,GT,AA,AG,TT,TT,CC,AA,GG,AT,AA,GG,CC,TT,NN,AC,GG,CC,AG,TT,AT,AA,TT,AT,CC,GG,TT,GG,AA,GT,CC,AG,GG,AC,AA,GG,TT,CT,GG,GG,GG,CC,AT,AG,AA,AT,CC,TT,CC,TT,CC,TT,GT,GG,CT,CC,TT,CC,CC,CC,AG,AA,TT,TT,CC,AA,AA,AC,CC,GG,TT,CC,TT,AA,AA,TT,CG,AG,CG,GG,CC,GT,TT,AG,CC,CC,AC,CC,AA,TT,CC,AA,CC,CC,AA,TT,AA,AA,GG,CC,CC,GG,AA,AA,AA,AC,GG,CC,CC,AA,AG,GG,TT,GG,AC,TT,CT,GG,AC,GT,GT,TT,CG,AT,GT,TT,AA,AT,CG,CC,AA,CT,CC,CC,CG,CC,AA,GG,AG,CC,TT,CC,GT,TT,GG,TT,AA,AG,TT,AC,GG,AC,CC,CC,GG,GG,AA,GG,CT,AC,AA,CC,GT,AT,AC,AA,AT,GT,TT,AT,TT,GG,GG,AA,CG,TT,GG,AA,GG,AA,TT,AA,AT,CG,TT,AA,CC,CT,CG,GG,CC,AG,CC,TT,TT,GT,GG,TT,AA,AC,AG,GG,CC,CC,GG,CC,GG,AT,AG,CG,TT,GG,CC,CC,AA,GG,CC,AA,CC,AA,AA,CC,CG,CC,TT,AA,CG,AA,AA,AC,AA,AG,AG,AA,AA,AT,GG,AA,AA,AC,AA,CC,AA,AA,CG,GG,GG,GT,AA,AG,TT,TT,TT,AG,AA,GG,GG,AA,3.98,Resistant,Medium,Standard,Medium
L0067,Anantapur,Andhra Pradesh,Kharif,Red Sandy,Rainfed,390,31.0,52,AA,CT,GG,AG,CG,CC,GT,TT,CC,CG,AA,CC,CC,TT,GG,GT,GG,TT,TT,AG,CG,GT,TT,CT,TT,CC,TT,TT,GG,AA,TT,CC,AA,CC,GG,GG,GG,CC,GG,CC,TT,TT,AA,TT,AA,AA,CT,AT,CC,CC,GG,AA,AA,GG,CT,GG,AA,AC,GT,CC,AA,GT,AT,AG,CT,AT,CC,GG,TT,GT,AA,GG,CC,AA,AG,AA,AA,GG,TT,CT,GG,GG,GG,CC,AA,GG,AA,AT,CC,GT,CC,TT,CC,TT,GT,GG,TT,AC,TT,CC,CC,CC,GG,AA,TT,TT,CC,AA,GG,AA,CC,GT,TT,CC,TT,AA,AA,TT,CC,AG,CC,AG,CC,GT,TT,AA,CC,CC,CC,CC,AA,TT,CC,AA,CC,CT,AA,TT,AA,AA,CG,CC,CC,GG,AA,AA,AA,CC,NN,CC,CC,AA,AA,AG,TT,GG,AA,TT,CT,GG,AA,GT,GT,TT,CC,AA,TT,TT,AA,TT,GG,CG,AG,CC,CC,CC,GG,CC,AA,NN,AG,CC,TT,CC,TT,GT,GG,AT,AA,AA,TT,CC,GG,AC,CC,CC,GG,GG,AA,CG,CT,AA,AA,CC,NN,AT,AC,NN,TT,GG,TT,TT,AT,CG,GT,AT,CC,AT,GG,AA,GG,AG,CT,AA,TT,CC,CT,AA,CC,TT,GG,AA,CC,AG,AC,AT,TT,GT,GG,AT,AA,AA,AA,GG,CC,CG,GG,CC,GG,TT,AA,CC,TT,GG,CC,CG,AT,GG,CC,AA,CC,AA,AA,AC,CG,AC,TT,AA,GG,AA,NN,CC,AA,GG,GG,GG,AA,TT,GG,CC,AG,CC,AA,TT,AG,AA,GG,AG,NN,TT,AA,AA,GT,AT,TT,AA,TT,GG,CG,AA,1.66,Resistant,Low,Poor,Late
L0068,Anantapur,Andhra Pradesh,Kharif,Red Sandy,Rainfed,390,31.0,52,AA,TT,GG,GG,GG,CG,GG,TT,CC,CC,NN,CC,CC,TT,TT,GG,CG,TT,TT,AA,CC,GT,GT,CC,TT,CC,GT,TT,GG,AA,TT,CC,AA,CC,GG,GG,GG,CC,GG,CC,TT,TT,AC,GT,AA,GG,TT,TT,CC,AC,GG,AA,AA,GG,CC,GT,AA,AA,GG,AC,AA,TT,AT,AA,TT,AA,CC,GG,TT,TT,AG,GT,CC,AA,GG,AC,AT,GG,TT,TT,GG,GG,GG,CC,AA,GG,AG,AA,CC,TT,AC,TT,CT,TT,GT,GG,TT,CC,GT,CC,NN,CG,AA,AA,TT,TT,CC,GG,AG,AA,CC,GG,TT,GG,TT,AC,AA,TT,CC,GG,CC,GG,CC,GG,CT,AA,CC,CC,CC,CC,AG,TT,CC,AA,CC,CC,AA,TT,AA,AA,GG,CC,CC,GG,AA,AA,AA,CC,GG,CC,CC,AA,AA,GG,TT,GG,AA,TT,CT,GG,CC,GT,GT,TT,CC,AA,TT,CT,AT,AT,GG,CC,AA,CC,CC,CC,CG,AC,AA,GG,AG,CC,TT,CG,GT,TT,GG,AT,AA,AA,TT,CC,GG,AC,CC,CG,GG,GG,AC,GG,TT,AC,AA,CG,GG,AA,NN,AA,AT,GG,TT,TT,AA,GG,GT,AA,GG,TT,GT,AA,GG,AG,TT,AA,TT,CC,CT,AA,CC,TT,GG,AG,CG,AG,CC,TT,TT,TT,CG,TT,AC,AC,AA,GT,CC,CC,NN,CG,GG,TT,AG,CC,TT,AG,CC,CC,AA,GG,CG,AT,CC,AA,AA,AC,CC,CC,TT,AA,GG,AA,AA,AC,AC,AG,AA,AG,AA,AT,GG,CC,AG,CC,AC,CT,AA,AA,GG,GG,GG,TT,AA,AA,TT,TT,TT,AG,TT,GG,CG,AC,1.91,Resistant,Low,Premium,Late
L0069,Anantapur,Andhra Pradesh,Kharif,Red Sandy,Rainfed,390,31.0,52,AA,TT,GG,AG,CG,CC,GG,AT,CC,CG,AA,CT,CC,TT,TT,GG,GG,TT,TT,AG,CC,TT,TT,CT,TT,CC,GT,AT,GG,AA,TT,CC,AA,CC,GG,CG,GG,CC,GT,CC,TT,NN,AC,TT,AA,AG,CT,TT,CC,AC,GG,AA,AA,GG,CC,GT,AA,AA,NN,AC,AA,TT,TT,AA,CT,AT,CC,GG,TT,GG,AG,GG,CC,AA,AG,AA,AT,NN,TT,TT,GG,GG,GT,CC,AT,GG,AG,AA,CC,TT,AC,TT,TT,AT,GT,GG,TT,CC,GT,CC,CC,CC,GG,AA,AT,TT,CC,AA,AA,AA,CT,GG,TT,CC,GT,AA,AA,TT,CC,GG,CC,AG,CC,GG,TT,AA,CC,NN,CC,CC,AA,GT,CC,AA,CC,CC,AA,TT,AG,AT,GG,CT,CC,AG,AG,AA,AA,AC,GG,CC,CC,AG,AG,GG,TT,GG,AC,TT,CT,GG,CC,GG,TT,CT,CC,AT,GT,TT,AA,TT,GG,CC,AA,NN,CC,AC,GG,AC,AT,GG,AG,CC,TT,CG,TT,TT,GG,AT,AA,AA,TT,NN,GG,AA,CC,CC,GG,GG,AC,GG,TT,AA,AA,CC,GG,AA,CC,AA,AT,GG,TT,AT,AT,GG,TT,AA,CC,TT,TT,AA,GG,AA,CT,AA,TT,CC,TT,AA,AC,CT,CG,AA,CC,AG,CC,TT,TT,TT,GG,TT,AA,AC,AG,GG,CC,CC,CG,CG,GG,AA,AA,CC,GT,GG,CC,CC,AA,AG,CG,AA,CC,AA,AA,AC,CG,AC,AT,AA,GG,AA,AA,AA,AA,GG,GG,AA,AA,TT,GG,AA,AA,CC,AC,CT,AG,AG,GG,GG,GG,TT,AA,AA,GT,TT,TT,AG,AT,GG,GG,AA,1.26,Moderate,Low,Poor,Medium
L0070,Anantapur,Andhra Pradesh,Kharif,Red Sandy,Rainfed,390,31.0,52,AA,TT,GG,AG,GG,CC,GT,TT,CC,CG,AT,CC,CG,TT,TT,GT,GG,TT,TT,AA,CC,TT,TT,CC,TT,CC,TT,TT,GG,AA,CT,CC,AA,CC,GG,GG,NN,CC,GG,CC,TT,CC,AC,TT,AA,GG,TT,TT,CC,AC,TT,AA,AG,GG,CC,TT,AT,AA,GT,AA,AG,GT,TT,AG,TT,TT,CC,GG,TT,GG,AG,GG,CC,AA,AG,AC,AA,NN,TT,CT,GG,GG,GT,NN,AA,GG,AA,AT,CC,TT,NN,TT,CC,AT,GT,GG,TT,CC,GG,CC,NN,CC,GG,AG,AT,TT,CC,NN,AA,AC,CC,GG,TT,GG,TT,AA,AA,AT,CC,AG,CG,GG,CC,GT,TT,AG,CC,CC,CC,CC,AA,TT,CC,AA,CC,CC,AA,TT,AA,AT,GG,CC,CG,GG,AA,AA,AT,NN,GG,CC,CC,AA,AG,GG,GT,GG,AC,TT,TT,AG,AC,GG,GT,TT,CC,AA,GT,TT,AA,TT,GG,CC,AA,TT,CC,CC,GG,CC,AA,GG,GG,CC,TT,CG,NN,TT,GG,TT,AA,AA,TT,CC,GG,AA,AC,CC,GG,AG,AA,GG,TT,AC,AA,CC,GT,AT,CC,AA,AT,GG,GT,TT,TT,CG,TT,AA,CC,TT,TT,AA,GG,AA,TT,AA,TT,CC,TT,AA,CC,TT,GG,AA,CC,AG,AC,TT,TT,GT,GG,TT,AA,CC,AG,GG,CC,CG,GG,CC,GG,TT,AA,CG,GT,GG,CC,CC,AA,GG,CG,AT,CG,AT,AA,AA,CC,CC,AT,AA,CG,AA,AA,AC,AA,AG,AG,AA,AA,TT,GG,AA,AG,AC,AA,TT,AA,AA,GG,GG,GG,TT,AT,AA,TT,TT,TT,AA,AT,GG,CG,AA,1.8,Resistant,High,Standard,Early
L0071,Anantapur,Andhra Pradesh,Kharif,Red Sandy,Rainfed,390,31.0,52,AA,CT,AG,AA,GG,CC,GG,TT,CC,CC,AA,CC,CG,AT,TT,TT,GG,TT,TT,GG,CC,GT,GT,CC,TT,CC,TT,TT,GG,AA,TT,CT,AA,CC,GG,GG,GG,CC,GG,CC,TT,CT,AA,TT,AA,AG,TT,TT,CC,AC,GG,AT,AA,GG,CC,TT,AA,AC,GT,AC,AA,TT,AT,AG,TT,AT,CC,GG,TT,GT,AA,NN,CC,AA,GG,AA,AA,GG,GT,TT,GG,GT,GG,CC,AT,GG,AG,AA,CC,TT,CC,TT,CT,TT,TT,GG,CT,CC,GT,CC,CC,CC,AG,AA,TT,TT,CC,AA,GG,AA,CC,GG,TT,CC,NN,AA,AA,TT,CC,AG,CC,GG,CC,GT,TT,AA,CT,CC,CC,CC,AA,NN,CC,AC,CC,CC,AA,TT,AA,AA,GG,CT,CC,GG,AA,AG,AA,CC,NN,CC,CC,AA,AA,AG,TT,GG,AA,TT,TT,GG,CC,NN,TT,CT,CG,AT,TT,TT,AA,TT,GG,CC,AA,CC,CC,AC,GG,CC,AA,AG,AG,CC,TT,CC,GG,TT,CG,AT,AA,AG,TT,AC,GG,AA,CC,CG,GG,GG,AC,CG,NN,AC,AA,CC,GG,AA,CC,AA,AT,GG,GG,TT,AA,CG,GT,AT,CC,AT,GT,AA,GG,AA,CT,AA,TT,CC,TT,AC,AC,TT,GG,AA,CC,AG,CC,TT,TT,TT,GG,TT,AA,CC,AG,GG,CC,CG,GG,CC,GG,TT,AA,CC,TT,GG,CC,CC,AA,GG,CG,AT,CC,AA,AA,CC,CC,AA,TT,AG,GG,AA,AC,AC,AA,AA,AA,AA,AA,AT,GG,AA,AA,AA,AC,TT,AA,AA,GG,GG,GG,TT,AA,AA,TT,NN,TT,GG,TT,GG,GG,AA,4.33,Moderate,Low,Poor,Early
L0072,Anantapur,Andhra Pradesh,Kharif,Red Sandy,Rainfed,390,31.0,52,CC,TT,GG,AG,GG,CC,GT,AT,CC,CC,AA,CC,CG,TT,TT,GG,GG,TT,TT,AG,CC,GT,TT,CC,TT,CC,TT,TT,GG,AA,TT,CC,AA,CC,GG,GG,GG,CC,GG,NN,TT,CT,AC,TT,AA,AG,TT,TT,CC,AC,GT,AA,AG,GG,CT,GT,AA,AC,GT,AA,AA,GT,TT,AA,TT,AT,CC,GG,CT,GG,AA,GG,CC,AA,GG,AA,AT,GG,TT,TT,NN,GT,GG,CC,AA,GG,AA,AA,CC,GG,AC,TT,CC,TT,TT,AG,TT,CC,GT,CC,CT,CC,AG,AA,TT,TT,NN,AA,AG,AC,CC,GG,GT,CC,TT,AC,AA,TT,CC,GG,CC,GG,CC,GT,TT,AA,CC,CC,CC,CC,AA,GT,AC,AA,CC,CC,AA,TT,AA,AA,GG,CC,CC,GG,AA,AA,AT,CC,GT,CC,CC,AA,AG,AG,TT,NN,AC,TT,CT,GG,AC,GG,TT,TT,CG,AA,GT,TT,AT,NN,GG,CC,AA,CT,CC,CC,CG,CC,AT,AG,AG,CC,TT,CC,GG,TT,GG,TT,AA,AA,TT,CC,GG,AC,CC,CC,GG,GG,AA,GG,NN,AA,AA,CC,GG,AA,CC,AA,AA,GG,TT,AT,AT,GG,TT,AT,CC,AA,TT,AA,GG,AA,CT,AA,TT,CC,TT,AC,CC,TT,GG,AA,CC,AG,AC,TT,TT,GT,GG,TT,AA,AC,AA,GG,CC,GG,GG,CC,GG,TT,AA,CG,GT,GG,CC,CC,AA,AG,CC,AA,CC,AA,AA,CC,GG,AA,TT,AA,GG,AA,AA,AA,AA,GG,AG,AG,AA,TT,GG,AA,AA,CC,AC,CT,AA,AA,GG,GG,GG,TT,AA,AA,GT,TT,TT,AA,AA,GG,GG,AA,1.07,Moderate,High,Poor,Late
L0073,Anantapur,Andhra Pradesh,Kharif,Red Sandy,Rainfed,390,31.0,52,AA,TT,GG,AG,GG,CC,GG,AA,CC,CG,NN,CC,CC,TT,GT,GG,CG,TT,TT,AA,CC,GG,TT,CT,TT,CC,TT,TT,GG,AA,TT,CT,AA,AC,GG,CG,GG,CG,GG,CC,TT,CC,AA,TT,AA,AG,TT,TT,CC,AA,NN,AT,AA,GG,CC,TT,AA,AC,GG,AC,NN,GG,AT,AA,TT,TT,CC,GG,TT,GG,AG,GG,CC,AA,GG,AA,AT,GG,TT,TT,GG,GG,GG,CC,AA,GG,AA,AA,CC,TT,CC,TT,CT,TT,TT,GG,TT,CC,GT,CC,CC,CG,AG,NN,TT,GT,CC,AA,AA,AA,CT,GG,TT,CC,TT,AC,AA,NN,CC,AG,CC,GG,CC,GG,CT,AG,CC,CC,CC,CC,AA,TT,CC,AA,CC,CC,AA,TT,AG,AA,CG,CC,CC,GG,AA,AG,AA,AC,TT,CC,CC,AA,GG,GG,GT,GG,AA,TT,TT,GG,CC,TT,TT,TT,CC,AA,TT,CT,AT,TT,GG,CC,AG,CC,CC,CC,CG,AC,AA,GG,AG,CC,TT,CG,GT,GT,GG,AT,AA,AG,TT,AC,NN,AA,CC,CC,GG,GG,AA,GG,CT,CC,AG,CC,GT,AT,CC,AA,AT,GT,TT,TT,AA,GG,GT,AA,CC,AT,TT,AA,GG,AA,TT,AA,TT,CG,TT,AA,CC,CT,GG,AG,CC,GG,CC,TT,TT,TT,GG,TT,AA,AC,AG,GG,CC,CC,GG,CG,GG,TT,AA,CG,GT,GG,CC,CC,AA,AG,CC,AA,CC,AA,AA,CC,GG,CC,TT,AA,GG,AA,AA,AA,AA,AA,AG,AA,AA,TT,GG,AA,AG,AC,AA,CT,AA,AA,GG,AG,GG,TT,AT,AA,TT,TT,TT,AG,TT,GG,GG,AA,4.16,Susceptible,Low,Standard,Late
L0074,Anantapur,Andhra Pradesh,Kharif,Red Sandy,Rainfed,390,31.0,52,AA,CT,GG,AA,GG,CC,TT,TT,CC,CG,AA,CC,CC,TT,TT,GG,GG,TT,TT,AA,CG,TT,TT,CC,AT,CC,TT,TT,GG,AA,TT,CT,AA,CC,GG,GG,GG,CG,GG,AC,TT,CT,AA,TT,AG,AG,TT,AT,CC,CC,GG,AT,AA,GG,CC,TT,NN,AC,GT,AC,AA,TT,AT,AA,TT,TT,CC,GG,TT,GT,AA,GG,CC,AA,AG,CC,TT,GG,GT,TT,GG,GT,GT,CC,AA,GG,AA,AA,CC,NN,CC,NN,CC,TT,TT,GG,TT,CC,TT,CC,CT,GG,AG,AA,TT,TT,CC,AA,AA,AC,CT,GG,TT,CC,TT,AA,AA,TT,CC,GG,CC,GG,CC,GG,TT,AA,CC,CC,CC,CC,AA,TT,AC,AA,CC,CC,AA,TT,AA,AA,GG,CC,CC,GG,AA,AG,NN,CC,GG,CC,CG,AG,AG,GG,TT,GG,AA,GT,CT,GG,AC,TT,GT,CT,CG,AA,GT,TT,AT,TT,CG,CC,AA,CT,CC,AC,GG,CC,AA,GG,AG,CC,TT,CG,GG,TT,GG,AA,AA,AA,TT,AC,GG,AA,CC,CC,GG,GG,AC,GG,TT,AC,AA,CC,GG,AA,AC,AA,AA,GG,TT,TT,AT,CG,GT,TT,CC,AT,GT,AT,GG,AA,CT,AA,TT,CC,CT,AA,CC,TT,GG,AG,CC,AG,CC,TT,TT,TT,GG,TT,AA,CC,AA,GG,CC,CC,GG,CC,GG,AT,AA,CC,GT,GG,CC,CC,AT,AG,CC,AT,CG,AT,AA,AC,GG,AC,TT,AG,GG,AA,AC,AA,AC,AA,AA,AA,AA,TT,GG,AA,AG,AC,AA,CC,AA,AA,GG,GG,GG,TT,AA,AA,TT,TT,NN,AA,TT,GG,GG,AA,0.4,Moderate,Medium,Premium,Early
L0075,Anantapur,Andhra Pradesh,Kharif,Red Sandy,Rainfed,390,31.0,52,AC,CC,GG,AG,GG,CC,GT,TT,CC,CG,AA,CC,CC,TT,TT,GG,GG,NN,TT,AG,CC,GT,GG,CC,TT,CC,TT,TT,GG,AA,TT,CC,AA,CC,GG,GG,GG,CC,GG,CC,TT,CC,AA,NN,AA,AG,CC,TT,CC,NN,GT,AT,AG,GG,CT,TT,AA,AA,GG,AC,AA,TT,AT,AA,TT,AT,CC,GG,TT,GG,AA,GG,CC,AA,AG,AA,AT,GG,GT,TT,GG,GG,GG,CC,AT,GG,AA,AA,CC,TT,AA,TT,CT,AT,TT,GG,TT,CC,GT,CC,CC,CC,AA,AA,TT,TT,CC,AA,AG,AA,CC,GG,TT,CC,TT,AA,AA,AT,CC,AG,CC,GG,CC,GG,TT,AG,CT,CC,CC,CG,AA,TT,CC,AA,CC,CC,AA,TT,AA,AA,GG,CT,CC,GG,AA,GG,AA,CC,GG,CC,CC,AG,AG,AG,NN,GG,AA,TT,CT,GG,CC,TT,GT,TT,CC,AA,TT,TT,AA,AT,CG,CC,GG,CC,AC,CC,CG,CC,AA,GG,GG,CC,TT,CC,GT,GT,CG,TT,AA,AG,TT,CC,GG,AA,CC,CC,GG,GG,AA,GG,TT,AA,AA,CC,GT,NN,AC,AA,AT,GG,TT,AA,AA,GG,GG,AT,CG,AT,GG,AA,GG,AA,CC,AA,TT,CC,TT,AC,CC,CT,NN,AA,CC,AG,CC,TT,TT,GG,GG,TT,AA,AC,AA,GG,CC,CG,GG,CC,GG,TT,AA,CC,GT,GG,CC,CG,AA,GG,CC,AA,CG,AA,AA,CC,CC,AC,TT,AA,CG,AA,AA,AA,AA,AA,GG,AG,AA,AT,CG,CC,AA,CC,AA,TT,AA,AG,CG,GG,GG,GT,AA,AA,GT,AT,TT,AG,AT,GG,GG,AA,2.59,Susceptible,Medium,Standard,Medium
L0076,Anantapur,Andhra Pradesh,Kharif,Red Sandy,Rainfed,390,31.0,52,AC,TT,AG,AG,GG,CC,GG,TT,CC,NN,AA,CC,GG,TT,GT,TT,NN,TT,TT,AA,GG,TT,TT,CT,TT,CC,TT,TT,GT,AA,TT,CC,AA,CC,GG,GG,GT,CC,GG,CC,TT,TT,AC,TT,AA,AA,TT,TT,CC,CC,TT,AA,NN,GG,NN,TT,AA,AA,GT,AC,AA,TT,TT,AA,TT,TT,CC,GG,TT,GT,AG,GG,CC,AA,GG,AC,NN,GG,TT,TT,GG,GT,GT,CC,AA,AG,AA,AA,CC,TT,CC,TT,CT,TT,TT,GG,TT,CC,GT,CT,CC,CG,AG,AA,TT,TT,CC,AA,AG,CC,CT,GG,TT,CG,TT,NN,AA,TT,CC,AG,CC,GG,CC,GT,CT,AA,CC,CC,CC,CC,AA,TT,AC,AC,CC,CC,AA,TT,AA,AA,GG,CT,CC,GG,AA,AA,AA,CC,GG,CC,CC,AG,GG,GG,TT,GG,AC,NN,CT,GG,CC,TT,TT,TT,CC,AT,TT,TT,AA,TT,GG,CC,AA,CT,AC,CC,CG,CC,AA,GG,AA,CC,TT,CC,GG,TT,CG,TT,AA,AA,TT,CC,GG,NN,CC,CC,GG,GG,AA,GG,TT,AC,AA,CC,GG,AA,NN,AA,AT,GT,TT,AT,AA,GG,GT,AA,CG,AT,GT,AA,GG,AA,TT,AA,TT,CC,TT,AA,CC,CT,GG,AA,NN,AA,AC,TT,CT,GT,GG,TT,AC,AC,AG,GG,CG,CG,GG,CC,GG,TT,AA,NN,TT,GG,CC,CC,AT,AA,CG,AA,CC,AT,AA,AC,CG,CC,TT,AA,GG,AA,AC,AC,AC,GG,AA,NN,AA,TT,CG,CC,AA,CC,AC,TT,AG,AG,GG,GG,GG,TT,AA,AA,GT,TT,TT,AA,AT,GG,GG,AA,4.05,Susceptible,Low,Poor,Medium
L0077,Anantapur,Andhra Pradesh,Kharif,Red Sandy,Rainfed,390,31.0,52,AC,CT,AG,AG,CG,CC,GG,AA,CC,CC,AA,CC,CC,AT,TT,GT,GG,TT,TT,AA,CC,TT,TT,CC,TT,CC,TT,AT,GG,AA,TT,CC,AG,CC,GG,GG,GG,GG,GG,CC,TT,TT,CC,TT,AA,GG,TT,TT,CC,AA,GG,AA,AA,GG,CT,TT,AA,AA,GT,AA,AG,TT,TT,AA,TT,AT,CT,GG,TT,GG,AA,GG,CC,AA,AG,NN,AT,AA,TT,TT,AG,GT,GT,CC,AA,NN,AA,AT,CC,TT,AC,TT,CC,TT,TT,GG,CT,AC,GT,CC,CC,CG,AA,AA,TT,TT,CC,AA,GG,AA,CC,GG,TT,CG,TT,AA,AA,TT,CC,AG,CC,GG,CT,GT,TT,AA,CC,CC,CC,CC,AA,TT,AC,AA,CC,CC,AA,TT,AA,AA,GG,CC,CC,AG,AA,AA,AA,CC,GG,CC,CC,AA,AG,GG,GT,AA,AA,TT,CT,AG,CC,TT,GG,TT,CC,AT,GT,TT,AA,TT,GG,CC,GG,CT,CC,CC,CG,CC,AA,GG,AA,CC,TT,CC,GG,TT,GG,AT,AA,NN,TT,AC,CC,AA,CC,CC,GG,GG,AA,GG,TT,AA,AA,CC,GG,NN,AC,AT,AA,GG,TT,AT,AA,CG,GG,AA,CC,TT,TT,AA,GG,AA,CT,AC,TT,CC,TT,AC,CC,TT,GG,AG,CC,AG,CC,AT,CT,TT,GG,TT,AA,AC,AA,GG,CC,CG,GG,CC,GG,TT,AA,CC,GT,GG,CC,CG,AT,AG,CC,AA,CC,AA,AA,AC,CG,CC,TT,AA,GG,AA,AA,AA,AA,AG,AA,AA,AA,AT,CG,AC,AA,NN,AA,TT,NN,AA,GG,AG,GG,TT,AT,AA,TT,TT,TT,GG,AT,GG,GG,AA,5.2,Susceptible,Medium,Premium,Late
L0078,Anantapur,Andhra Pradesh,Kharif,Red Sandy,Rainfed,390,31.0,52,AC,CT,GG,AA,GG,CC,GG,AT,CC,NN,AA,CT,CG,TT,TT,TT,CG,TT,TT,AG,CC,TT,TT,CC,TT,CC,TT,AT,NN,AA,TT,CT,AG,CC,GG,CG,GG,CC,GG,CC,TT,TT,AA,TT,AA,AA,TT,AT,CC,AC,GG,AA,AA,GG,CC,TT,AA,AA,GT,AC,AG,TT,AT,AA,TT,TT,CC,GG,TT,GT,AA,GG,CC,AG,AG,AA,AA,GG,TT,TT,GG,GT,GT,CC,AA,GG,AA,AA,CC,GT,CC,TT,CT,TT,TT,AG,TT,CC,TT,CT,CC,CC,AA,AA,AT,TT,CG,AA,AG,AA,TT,GG,TT,CC,TT,AA,AA,TT,CG,AG,CC,AG,CC,GG,TT,AA,CT,CC,CC,CC,NN,GT,CC,AA,CC,CC,AG,TT,AA,AA,CG,CC,CC,GG,AA,AG,AA,CC,TT,CC,CC,AA,AA,GG,TT,GG,AA,GT,CT,GG,AC,TT,TT,CT,CC,TT,TT,TT,NN,TT,GG,CC,AA,CC,CC,CC,CG,CC,AA,GG,AA,CC,TT,CC,GG,GT,GG,TT,AA,AA,NN,CC,GG,AA,AC,CC,GG,GG,AC,GG,TT,AA,AA,CC,GG,AT,CC,AA,AT,GG,TT,AA,TT,GG,GT,AA,CC,AT,GG,AA,GG,AA,TT,AA,TT,NN,CT,AA,CC,CT,GG,AG,CC,AG,CC,TT,TT,GT,GG,TT,AA,AC,AA,GG,CC,CG,GG,CC,GG,AA,AA,CC,GT,GG,CC,CC,AA,GG,CC,AA,CC,AA,AA,AC,CG,AC,TT,AA,GG,AA,AA,AA,AA,GG,AG,AA,AA,TT,GG,AA,AA,AC,AA,TT,GG,AA,GG,GG,GG,TT,AA,AA,GT,TT,TT,AG,AT,GG,CG,AC,1.56,Resistant,Low,Poor,Early
L0079,Anantapur,Andhra Pradesh,Kharif,Red Sandy,Rainfed,390,31.0,52,CC,TT,AG,AG,GG,CG,GT,AT,CC,CG,AA,CC,CC,TT,TT,GG,GG,TT,TT,AG,CC,TT,TT,CC,TT,CC,TT,TT,GG,AA,TT,CC,AA,CC,AG,GG,GG,CG,GG,CC,TT,CC,AA,TT,AA,AG,TT,TT,CC,AC,GT,AT,AA,GG,CC,TT,AT,AC,TT,AA,AA,GG,TT,AG,TT,TT,CC,GG,TT,GG,AA,GG,CC,AA,GG,AA,AA,GG,TT,CT,GG,GT,GT,CC,AA,GG,AA,AA,CC,GT,AC,TT,CC,TT,GT,AG,TT,CC,GT,CC,CC,CG,AA,AA,TT,TT,CC,AA,GG,AA,CT,GG,TT,CC,TT,AA,AC,TT,CG,NN,CC,GG,CC,GT,TT,AA,TT,CC,CC,CC,NN,TT,CC,AA,CC,CT,AA,AT,AA,AA,CG,CC,CC,GG,AA,AG,AA,NN,GT,NN,CG,NN,AG,GG,GT,GG,AA,TT,CT,GG,CC,GT,TT,CT,CC,AA,NN,TT,AT,TT,CG,CC,AG,CC,CC,CC,GG,CC,AA,GG,AG,AC,TT,CC,GG,TT,GG,AT,AG,AA,TT,CC,GG,AA,CC,NN,GG,GG,AA,GG,TT,CC,AA,CC,GG,AA,NN,AA,AA,GT,TT,TT,AA,GG,GG,AA,CG,AT,GT,AA,GG,AA,TT,AA,TT,CC,TT,AA,CC,TT,GG,AG,CG,AG,AA,TT,CT,GT,GG,TT,AA,AC,AA,GT,CC,CC,GG,CC,GG,AT,AA,CC,TT,GG,CC,CC,AT,GG,CC,AA,CC,AA,AA,CC,CG,AC,NN,AA,GG,AA,AA,CC,AA,GG,AA,AA,AG,TT,GG,AC,AA,CC,AA,CT,AA,AA,GG,GG,GG,GT,AA,AA,GG,TT,TT,AA,AT,GG,GG,AA,4.04,Resistant,Medium,Standard,Medium
L0080,Anantapur,Andhra Pradesh,Kharif,Red Sandy,Rainfed,390,31.0,52,AC,CT,AG,AA,GG,CC,GT,AT,CC,CC,AA,CC,CG,AT,TT,GG,CG,TT,TT,AG,CC,TT,TT,NN,TT,CC,TT,NN,GG,AA,TT,CC,AA,CC,GG,GG,GT,CC,GT,CC,TT,TT,AC,GT,AA,GG,CT,TT,CC,AC,GT,AA,AG,GG,CC,TT,AA,AA,GG,AA,AG,TT,TT,AG,TT,TT,CC,GG,TT,GG,AA,NN,CC,AA,GG,AA,AT,GG,TT,TT,GG,GG,GG,CC,AA,GG,AA,AA,CC,TT,CC,TT,TT,TT,TT,GG,CT,CC,TT,CC,CC,CG,AG,AA,TT,GT,NN,AG,AA,AC,CC,GG,TT,CC,GT,AA,AA,TT,CG,AG,CC,GG,CC,GG,CT,AG,CC,CC,CC,CC,AA,TT,CC,AA,CC,CC,AA,TT,AA,AT,GG,CT,CC,GG,AA,AG,AA,CC,GG,CC,CC,AA,AG,GG,GT,GG,AC,TT,TT,AG,CC,TT,TT,TT,CC,TT,TT,TT,AT,AT,GG,CC,AA,NN,CC,AC,GG,CC,AA,GG,AA,CC,TT,CC,GT,GT,GG,AT,AA,AA,NN,AC,GG,AA,CC,CG,GG,GG,AA,GG,TT,AC,AG,GG,GG,AA,CC,AA,AA,GT,TT,AT,AT,GG,TT,AT,CC,AT,GT,AA,GG,AA,TT,AA,TT,CC,TT,AA,CC,TT,GG,AA,CG,AG,AC,TT,TT,GT,GG,TT,AC,AC,AG,GG,CC,CC,CG,CC,GG,AT,AG,CC,TT,GG,CC,CC,AA,GG,CC,AA,CC,AA,AA,CC,CC,CC,TT,AA,GG,AA,AC,AA,AA,GG,AA,AA,AA,TT,CG,AC,AA,AC,CC,CC,AA,AA,GG,GG,CG,GT,AA,AA,GT,AT,TT,AA,TT,GG,CG,AA,3.66,Moderate,Low,Standard,Early
L0081,Anantapur,Andhra Pradesh,Kharif,Red Sandy,Rainfed,390,31.0,52,AC,TT,GG,AA,GG,CC,GG,TT,CC,CC,AA,CC,CC,TT,GT,GT,GG,TT,TT,AG,CC,TT,TT,CC,TT,CC,GT,TT,GG,AA,CT,CT,AA,AA,GG,GG,GG,GG,GG,CC,TT,TT,AA,GT,AG,NN,TT,TT,CC,AC,GT,AA,AA,CG,CC,TT,AA,AC,GT,AA,AA,TT,TT,GG,CT,AT,CC,GG,TT,GG,AG,GT,CC,AA,GG,AC,AT,GG,GT,TT,GG,GG,GG,CC,AA,GG,AA,AA,CC,GG,CC,TT,CC,TT,GT,GG,CT,CC,GT,CT,CC,CC,GG,AA,TT,TT,CC,AA,AA,AA,CT,GG,TT,CC,TT,AC,AA,TT,CC,AA,CC,GG,CC,GT,TT,AG,CC,CC,CC,CC,AA,TT,CC,AA,CC,CC,AA,TT,AG,AA,GG,CC,CC,GG,AA,AA,AA,CC,GG,CC,CC,AG,AG,AG,GT,GG,AA,TT,CT,GG,CC,GG,GT,TT,CC,TT,TT,CC,AA,TT,GG,CC,AG,CC,CC,CC,NN,CC,AA,GG,AG,CC,TT,CC,GG,TT,GG,TT,AA,GG,GG,CC,CG,CC,CC,CC,GG,GG,AC,CG,TT,AA,AA,CC,GT,AT,CC,AA,AA,GT,TT,TT,AT,CG,GT,TT,CC,AT,GT,NN,GG,AA,NN,AA,TT,CC,TT,AA,CC,CT,CG,AG,CC,AA,CC,TT,CT,GT,GG,AT,AA,AC,AA,GG,CC,CG,GG,CC,GG,AT,AG,CC,TT,GG,CC,NN,AA,GG,CG,AA,CC,AA,AA,CC,CC,AC,TT,AG,GG,AA,AC,AA,AA,AA,GG,AG,AA,TT,GG,AA,AA,CC,AA,CT,AA,AA,GG,GG,GG,GT,AA,AA,GT,TT,TT,AG,TT,GG,GG,AA,6.76,Susceptible,Low,Premium,Late
L0082,Anantapur,Andhra Pradesh,Kharif,Red Sandy,Rainfed,390,31.0,52,AC,TT,GG,AG,GG,CC,GG,TT,CC,GG,AA,CC,CC,AT,TT,GG,CG,TT,TT,AA,CC,GT,TT,CC,TT,CC,GT,TT,GT,AA,TT,CT,AA,CC,AG,CC,GG,CC,GG,CC,TT,TT,AA,TT,AA,AG,TT,AT,CC,CC,GG,AT,AA,GG,CC,TT,AA,AA,GT,AA,AG,TT,AT,AG,CT,AA,CC,GG,TT,GT,AA,GG,CC,AA,GG,AC,AT,GG,TT,TT,GG,NN,GG,CC,AT,GG,AA,AA,CC,TT,AC,TT,CC,TT,TT,AG,TT,CC,TT,CC,CT,CG,GG,AA,TT,GT,CG,AA,AG,AA,CT,GG,TT,CC,GT,AA,AA,TT,CG,AG,CC,GG,CC,GG,TT,AG,CT,CC,CC,CC,AA,TT,CC,AA,CC,CC,NN,TT,AA,AA,GG,CT,CC,AG,AA,AG,AA,CC,GG,CG,CC,AA,AA,GG,NN,GG,AA,TT,TT,GG,CC,GT,GG,TT,CC,AA,GT,TT,AT,TT,GG,CC,AA,TT,CC,CC,CG,CC,AA,GG,AG,CC,TT,CC,GG,GT,GG,TT,AA,AG,TT,CC,GG,AA,CC,CC,GG,GG,AC,GG,TT,CC,AA,CC,GG,AA,AC,AA,AT,GG,GT,AA,AA,CG,GT,AT,CC,TT,TT,AA,GG,AA,TT,AA,TT,CC,CT,AA,AC,TT,GG,AA,CG,AA,NN,TT,CT,TT,GG,AT,AA,CC,AA,GG,CC,CC,GG,CC,GG,AT,AG,CC,TT,GG,CC,CC,AA,AG,CC,AA,CC,AA,AA,CC,CG,AC,TT,AA,GG,AA,AC,AA,AC,AG,AG,AG,AA,TT,GG,NN,AG,CC,AA,CT,AA,AA,CG,GG,GG,TT,AA,AA,TT,TT,TT,AG,AT,GG,CG,AA,2.09,Susceptible,High,Premium,Late
L0083,Anantapur,Andhra Pradesh,Kharif,Red Sandy,Rainfed,390,31.0,52,AC,TT,GG,AA,GG,CC,GT,AT,CC,CG,AA,CC,CG,TT,GG,GG,GG,TT,TT,AG,CC,GT,GT,CT,TT,CC,TT,TT,GG,AA,TT,CC,AA,CC,AG,CG,GG,GG,NN,AC,TT,TT,AA,GT,AG,AG,TT,TT,CC,AC,GG,AA,AA,GG,CC,TT,AA,AA,GT,AC,AA,TT,AA,AG,TT,AA,CC,GG,CT,GG,AA,GT,CC,AA,GG,AA,NN,GG,TT,TT,GG,GG,NN,AC,AT,GG,AA,AA,CC,TT,AC,TT,CT,TT,GT,GG,CT,CC,GG,CC,CC,CC,GG,AA,TT,TT,CG,AA,GG,AA,CC,GG,TT,CC,TT,AA,AA,TT,CC,GG,CG,GG,CC,GG,TT,AG,CC,CC,CC,CC,AA,TT,AC,AA,CC,NN,AA,TT,AA,AA,GG,CC,CC,GG,AA,GG,AT,CC,GG,CC,CC,AA,AG,GG,TT,GG,NN,TT,CC,AG,AC,TT,GT,TT,CC,AT,TT,TT,AA,TT,GG,CC,AA,CC,AC,CC,CG,CC,AA,GG,AA,CC,TT,CC,GT,GT,CG,AT,AA,AA,TT,CC,GG,AC,AC,CG,GG,GG,AA,GG,CT,AC,AA,CC,GG,AA,CC,AA,AA,GG,TT,TT,AA,CG,GT,AT,CC,TT,GT,AA,GG,AA,TT,AC,TT,CC,CT,AA,CC,TT,GG,AA,CG,AG,AC,TT,TT,GT,GG,TT,AA,AC,AG,GG,CC,GG,GG,CC,GG,AT,AA,CG,TT,GG,CC,CC,AT,AG,CC,AA,CC,AA,AA,AC,CC,AC,AT,AA,GG,AA,AA,AA,AA,AA,AG,AA,AA,TT,GG,AA,AA,AC,AC,CT,AG,AG,GG,GG,NN,TT,AT,AA,TT,TT,TT,GG,TT,GG,GG,AA,2.72,Susceptible,Low,Poor,Late
L0084,Anantapur,Andhra Pradesh,Kharif,Red Sandy,Rainfed,390,31.0,52,AA,TT,AG,AA,GG,CC,GG,AT,CC,CG,AA,CC,CC,AT,TT,GG,GG,TT,TT,AA,CC,TT,TT,CC,AT,CC,TT,TT,GG,AA,TT,CT,AA,CC,GG,CG,GG,GG,GG,CC,TT,CT,AA,TT,AA,GG,TT,TT,CC,AC,GT,AA,AG,GG,CT,TT,AT,AA,GT,AA,AG,GT,TT,AG,TT,AT,CC,TT,TT,GG,AG,GG,AC,AA,AG,CC,AA,GG,TT,TT,GG,GT,GT,CC,AA,GG,AA,AA,CC,TT,AC,TT,CT,AT,GT,GG,TT,CC,GG,CC,CC,CC,AG,AA,TT,TT,CC,AA,GG,AA,CC,GG,GT,CC,TT,AA,AC,TT,CC,NN,CG,NN,CC,TT,TT,AG,CC,CC,CC,CG,AA,TT,CC,AA,CC,CT,AA,AT,AA,AA,GG,CC,CC,GG,AA,AA,AA,CC,GT,CC,CC,AA,AG,GG,GT,GG,CC,TT,CT,AG,CC,GT,TT,TT,CC,AA,GT,CT,AA,AT,GG,CC,GG,CT,CC,CC,CG,CC,AA,GG,AG,CC,TT,CC,GG,TT,CG,AT,AA,AG,TT,CC,GG,AA,CC,CC,GG,GG,AA,GG,CT,AA,AA,CG,GT,AT,CC,AA,AT,GT,TT,AT,AT,CG,TT,AT,CC,TT,GT,AA,GG,AA,TT,AA,TT,CC,TT,AA,CC,CT,CG,AA,CG,AG,AC,TT,CT,GT,GG,TT,AA,AC,AA,GG,CC,CG,GG,CC,GG,AT,AA,CC,GT,GG,CC,CG,AA,GG,CC,AA,CC,AA,NN,AA,CC,CC,TT,AA,GG,AA,AA,AA,NN,GG,AG,AG,AA,TT,GG,AA,GG,AC,AA,TT,AA,AA,GG,GG,GG,TT,NN,AG,TT,TT,TT,AG,NN,GG,CG,NN,2.72,Susceptible,High,Standard,Late
L0085,Anantapur,Andhra Pradesh,Kharif,Red Sandy,Rainfed,390,31.0,52,AC,TT,AG,AG,GG,NN,GT,TT,CC,CG,AT,CT,CG,TT,TT,GG,GG,TT,TT,AG,CC,NN,TT,CC,AT,CC,GT,TT,GG,AA,CT,CT,AA,CC,GG,GG,GG,GG,GG,CC,TT,TT,AA,TT,AA,GG,TT,TT,CC,AC,GG,AA,AA,GG,CT,GT,AT,AA,TT,AC,AG,GT,TT,AA,TT,NN,CC,GG,TT,GT,AA,GG,CC,AA,GG,AC,AA,AG,GT,TT,GG,GG,GG,CC,AA,GG,NN,AA,CC,GT,CC,TT,CC,TT,TT,GG,TT,CC,TT,CC,CT,CC,GG,AA,TT,TT,CG,AA,AG,AA,CC,GG,TT,CC,GT,AA,CC,TT,CC,GG,CC,GG,CC,GT,TT,AG,CC,CC,CC,CC,AA,TT,CC,AA,CC,CC,AA,TT,AG,AT,CG,CC,CG,GG,AA,GG,AA,CC,GT,CC,CC,AA,AA,GG,GT,GG,AA,TT,TT,GG,AC,TT,GT,TT,CC,AA,GT,TT,AT,AT,GG,CG,AA,CC,CC,CC,GG,CC,AA,GG,AG,CC,TT,CC,GT,GT,GG,TT,NN,GG,TT,CC,GG,AC,CC,CC,GG,GG,AC,GG,TT,AA,AA,CC,GT,AA,CC,AA,AT,GG,GT,TT,AA,GG,GT,AT,CG,TT,GT,AA,GG,AA,CT,AA,TT,CC,TT,AC,CC,NN,CG,AA,CC,AG,CC,TT,TT,TT,CG,TT,AC,AA,AG,GG,CC,GG,GG,CC,GT,TT,AA,CC,GT,GG,CC,CC,AA,GG,CG,AT,CC,AT,AA,CC,CG,AC,AT,AA,GG,AA,AA,AA,AA,GG,GG,AA,AA,TT,GG,AA,AA,AC,AA,TT,AG,NN,GG,GG,GG,TT,AT,AG,TT,TT,TT,AA,TT,GG,GG,AA,3.56,Moderate,Medium,Standard,Medium
L0086,Anantapur,Andhra Pradesh,Kharif,Red Sandy,Rainfed,390,31.0,52,AA,TT,GG,AA,CC,CC,GT,TT,CC,CG,AA,CC,CC,TT,TT,GG,GG,TT,TT,AA,CC,TT,GT,CC,TT,CC,TT,TT,GG,AA,CT,CC,AA,CC,GG,GG,GG,CG,GG,CC,TT,CC,AA,TT,AG,GG,TT,AT,CC,AC,GG,AT,NN,CG,CC,TT,AA,AA,GT,AA,AG,TT,AT,AA,CC,TT,CC,GG,TT,GT,AG,GG,CC,AA,AG,AC,AT,GG,GT,TT,GG,GG,GG,CC,AA,GG,AA,AA,CC,TT,CC,TT,CT,NN,TT,AG,CT,CC,GT,CC,CT,CG,GG,AA,TT,TT,CC,AA,AA,AA,CT,GG,TT,CC,TT,AA,AA,TT,CC,GG,CC,AG,CC,GG,TT,AG,CC,CC,CC,CC,AA,TT,CC,AA,CC,CC,AA,TT,AA,AT,CG,CC,CC,GG,AG,AA,AA,AC,GG,CC,CG,AG,AG,GG,TT,GG,AA,TT,TT,GG,AC,TT,GT,CT,CC,AA,TT,CT,AA,TT,NN,CC,AA,CT,CC,CC,CG,NN,AA,GG,GG,CC,TT,CC,GG,TT,CG,TT,AA,AG,TT,CC,GG,AA,CC,CC,GG,AG,AC,GG,TT,AC,AA,CC,GG,AA,CC,AA,AA,GG,GG,AT,AA,GG,GT,AT,CC,TT,TT,AT,GG,AA,CT,AA,TT,CC,TT,AA,AC,CT,CG,AG,CC,AG,CC,TT,TT,TT,GG,TT,AC,CC,AA,GT,CC,CG,CG,CC,GT,AT,GG,CC,GT,GG,CC,CG,AT,NN,CC,AA,CG,AA,AA,AC,CC,CC,TT,AA,GG,AA,AA,AC,AA,AG,AA,AG,AA,TT,CG,AA,GG,AC,AA,TT,AA,AA,GG,GG,GG,TT,AA,AA,TT,NN,AT,AA,AT,GG,GG,AA,2.44,Moderate,High,Standard,Early
L0087,Anantapur,Andhra Pradesh,Kharif,Red Sandy,Rainfed,390,31.0,52,AC,TT,AG,GG,CC,CC,GG,TT,CC,CG,AA,CT,GG,TT,TT,GT,CG,TT,TT,AA,CC,TT,TT,CC,TT,CC,TT,TT,GG,AA,TT,CC,AA,AC,GG,CG,GG,CG,GG,CC,TT,CC,AA,GT,AG,GG,CT,AT,CC,AC,GG,AA,AA,GG,CT,GT,AA,AA,TT,AA,AG,TT,TT,AA,TT,TT,CC,NN,TT,GT,AA,GG,CC,AA,AA,AC,AA,AG,TT,TT,GG,GG,GG,CC,AA,GG,AG,AA,CC,GG,AC,TT,TT,AT,GT,GG,TT,CC,TT,CC,CC,CC,GG,AA,NN,TT,CC,AA,AA,AA,CT,GG,TT,CC,TT,AA,AA,TT,CC,AG,CC,AG,CC,GT,TT,AA,CC,CC,AC,CC,AA,TT,CC,AA,CC,CC,AA,TT,AA,AA,GG,CT,CC,GG,AG,AG,AA,CC,GG,CC,CC,AA,AA,AG,GT,GG,CC,TT,CT,GG,AC,TT,TT,TT,CG,TT,GT,CC,AA,TT,CC,CC,GG,CC,CC,CC,CG,CC,AA,GG,NN,CC,TT,CC,GG,TT,CG,AT,AA,AA,TT,CC,GG,AA,CC,CC,GG,GG,AA,GG,TT,AA,AA,CC,GG,AA,CC,AA,AA,GT,TT,AT,AA,CG,GG,AT,CC,AT,TT,AA,GG,AA,TT,AC,TT,CC,CT,CC,CC,TT,GG,AG,CC,AG,CC,TT,CT,TT,GG,TT,AA,AC,AA,GG,CC,CG,GG,CC,GG,AT,AA,CG,TT,GG,CC,CC,AA,GG,CC,AA,CC,AA,AA,AC,GG,AA,TT,AA,GG,AA,AA,AC,AA,AA,GG,AA,AA,TT,GG,AC,AG,AC,AA,TT,NN,AG,GG,GG,GG,TT,AT,AA,TT,TT,TT,AA,TT,CG,CG,AA,4.06,Susceptible,High,Poor,Late
L0088,Anantapur,Andhra Pradesh,Kharif,Red Sandy,Rainfed,390,31.0,52,AA,TT,AG,GG,GG,CC,GG,AT,CC,CC,AA,CC,CG,TT,TT,GG,GG,TT,TT,GG,CC,GG,TT,CC,TT,CC,TT,TT,GT,AA,TT,CT,AA,CC,GG,GG,GG,GG,GG,CC,TT,CT,AC,TT,AA,GG,TT,TT,CC,AA,GG,AA,AG,GG,CT,TT,AA,AC,GT,AC,AA,GG,TT,AG,TT,TT,CC,GG,TT,GT,AA,GG,CC,AA,GG,AA,AT,GG,TT,TT,AG,GG,GG,CC,AT,AG,AG,AA,CC,TT,AA,TT,CC,TT,TT,GG,TT,AC,GT,CC,CT,CC,AG,AA,AT,TT,CC,AG,AG,AA,TT,GG,TT,CG,TT,AA,AA,AT,CG,AG,GG,GG,CC,GT,TT,AG,CT,CG,CC,CC,AA,TT,AC,AA,CC,NN,AA,TT,AA,AA,GG,CC,CG,GG,AA,AA,AA,CC,GT,CC,CG,NN,AA,GG,GT,GG,AC,TT,CT,GG,CC,TT,GT,TT,CC,AA,GT,TT,AT,AT,CG,CC,AG,CT,CC,CC,GG,CC,AA,GG,AG,CC,GT,CC,GG,TT,GG,AT,AA,AA,TT,CC,GG,AA,CC,CC,GG,GG,AA,GG,TT,AC,AA,CC,GG,AA,AC,AA,TT,GG,TT,AT,AA,CG,GT,AA,CC,AT,GG,AA,GG,AA,TT,AA,TT,CC,CT,AC,CC,TT,GG,AA,CC,AA,CC,TT,TT,GT,GG,TT,AC,AA,AA,GT,CC,CG,GG,CC,GG,TT,AG,CC,GG,GG,CC,CG,AA,GG,CG,AA,CC,AT,AA,CC,CC,AC,TT,AA,GG,AA,AA,AC,AA,AG,AG,AA,AA,TT,GG,AA,AA,AC,AA,CT,AA,AA,GG,GG,CG,GT,AA,AA,GT,TT,TT,AG,AT,GG,GG,AA,3.16,Susceptible,Medium,Premium,Early
L0089,Anantapur,Andhra Pradesh,Kharif,Red Sandy,Rainfed,390,31.0,52,AA,TT,GG,AG,CG,CC,GG,TT,CC,CC,AA,CC,CC,AT,TT,GG,CC,TT,TT,AA,CC,TT,GG,CC,AA,CC,TT,TT,GG,AA,TT,CT,AA,CC,GG,GG,GG,CC,GG,AC,TT,CT,NN,TT,AA,AG,NN,TT,CC,AC,GT,AA,AA,GG,CT,GT,AA,AA,GT,AA,AG,GT,AA,AA,TT,TT,CC,GG,TT,GG,AG,GG,NN,AA,AG,AA,AT,GG,TT,TT,GG,GT,GG,CC,AA,AG,AA,AA,CC,GT,CC,TT,CT,TT,TT,GG,TT,CC,GT,CT,CT,CG,AG,AG,TT,TT,CC,AA,AG,AA,CC,GG,TT,CC,TT,AA,AA,TT,CC,GG,CC,GG,CC,GT,TT,AA,CC,NN,CC,CC,AA,TT,CC,AA,CC,TT,AA,TT,AA,AA,CG,CT,CC,GG,AA,AG,AA,CC,GG,CC,CC,AA,AA,GG,TT,GG,AA,GT,CT,GG,CC,TT,GT,CT,CC,AT,NN,CT,AT,TT,GG,CC,AG,CC,CC,CC,GG,CC,AA,GG,AG,CC,TT,CC,TT,GG,GG,TT,AA,AA,TT,CC,GG,AC,AA,CC,GG,GG,AC,GG,TT,AA,AA,CC,GG,AA,AC,AA,AT,GT,TT,AT,AT,GG,GG,AA,CC,TT,GT,AA,GG,AA,CT,AA,TT,CC,TT,AA,AC,TT,CG,AG,CC,AA,CC,TT,TT,TT,GG,TT,AA,CC,AG,GG,CC,CG,GG,CG,GG,TT,AA,CC,GT,GG,CG,CC,AA,GG,CG,AA,CC,AA,AA,AA,CG,AC,TT,AA,GG,AA,AA,CC,AA,AG,AA,AA,AG,TT,CG,AA,AG,AC,AA,TT,AA,AA,GG,GG,GG,GT,AT,AA,TT,TT,TT,AG,AT,GG,GG,AA,4.68,Susceptible,Low,Premium,Late
L0090,Anantapur,Andhra Pradesh,Kharif,Red Sandy,Rainfed,390,31.0,52,AA,TT,GG,GG,GG,CC,GG,NN,CC,GG,AA,CC,CG,TT,TT,GG,GG,TT,TT,NN,CG,TT,GT,CC,TT,CC,TT,TT,GT,AA,CT,CC,AA,CC,AG,CG,GG,CG,GG,CC,TT,CC,AA,GT,AA,GG,TT,TT,CC,AC,GG,AA,AA,GG,CC,TT,AA,AC,GG,AA,AA,TT,AA,AA,TT,AT,CC,GG,TT,GG,AA,GT,CC,AA,AG,AA,AA,GG,TT,TT,GG,GG,GG,CC,AT,GG,AA,AA,CC,TT,AC,TT,CC,TT,TT,GG,TT,CC,GT,CT,CC,CC,AG,AA,AT,TT,CG,AG,AG,AC,CC,GG,TT,CC,TT,AA,AA,TT,CC,GG,CG,GG,CC,GG,TT,AA,CT,CC,CC,CC,AA,TT,NN,AA,CC,CC,AA,TT,AA,AA,GG,CC,CC,GG,AA,GG,AA,CC,TT,CC,CC,AA,AA,GG,TT,GG,AA,TT,TT,GG,CC,GT,GT,TT,CC,NN,TT,CT,AA,TT,GG,CC,AG,CT,CC,CC,CG,CC,AT,AG,GG,CC,TT,CC,TT,GT,CG,TT,AA,AG,TT,AC,GG,AA,CC,CC,GG,GG,AA,GG,TT,AA,AA,CC,GT,AA,AC,AA,AA,GG,TT,TT,AT,CG,GT,AT,CC,AT,TT,AA,GG,AA,TT,AA,TT,CC,TT,AC,CC,TT,CG,AG,CG,AG,CC,TT,TT,GT,CG,TT,AC,AC,AA,NN,CC,CG,GG,CC,GG,AT,AA,CG,TT,GG,CC,CG,AA,AG,CC,AA,CC,AA,AA,AA,GG,AA,TT,AA,GG,AA,AC,AC,AC,GG,AG,AG,AA,TT,NN,AA,AG,AC,AA,CC,AA,AA,CG,GG,GG,TT,AA,AA,GT,TT,TT,AA,AT,GG,GG,AA,1.71,Moderate,High,Premium,Early
L0091,Anantapur,Andhra Pradesh,Kharif,Red Sandy,Rainfed,390,31.0,52,AC,TT,AG,GG,GG,CC,TT,TT,CC,GG,AA,CC,CG,TT,TT,GG,GG,TT,TT,AA,CG,GT,GT,CT,TT,CC,TT,TT,GT,AA,TT,CT,AA,CC,AG,GG,GG,CC,GG,CC,TT,CT,AA,GT,AG,GG,TT,TT,CC,AA,GG,AA,AA,GG,CC,TT,AA,NN,GG,AA,NN,TT,AT,AA,CT,TT,CC,GG,TT,GG,AG,GG,CC,AA,GG,AC,AA,GG,GT,TT,GG,GG,GG,CC,AA,GG,AA,AT,CC,GG,CC,TT,CC,TT,TT,AG,TT,CC,TT,CC,CT,CG,GG,AA,AT,GT,CC,AA,AA,AA,TT,GT,TT,CG,TT,AC,AC,TT,CC,GG,CC,GG,CC,GG,CT,AG,NN,CC,AC,CC,AA,TT,CC,AA,CC,CC,AG,TT,AA,AA,GG,CC,CC,GG,AG,AA,AA,CC,GG,CC,CC,AA,AA,AG,GT,GG,AA,GT,CT,GG,CC,TT,TT,TT,CC,AA,GT,TT,AT,TT,CG,CC,AA,CC,CC,CC,CG,CC,AA,GG,AA,CC,TT,CC,GT,TT,GG,AA,AA,AA,NN,CC,GG,AA,CC,CC,GG,GG,AC,GG,TT,AA,AA,CC,TT,AA,AC,AA,AT,GT,GT,TT,NN,GG,TT,AA,CC,AT,TT,AA,GG,AG,CT,AA,TT,CC,CT,AC,CC,CT,GG,AA,CG,GG,CC,TT,TT,GT,GG,TT,AC,AC,AA,GG,CC,CG,GG,CC,GG,TT,AA,CG,NN,GG,CG,CG,AA,GG,CG,AA,CC,AT,AA,AC,CG,CC,TT,AA,GG,AA,AA,CC,AA,AG,GG,AA,AA,TT,GG,AA,AG,CC,AA,CT,GG,AG,GG,GG,CG,TT,AA,AG,TT,TT,TT,GG,AT,GG,CG,AA,2.93,Susceptible,Low,Premium,Early
L0092,Anantapur,Andhra Pradesh,Kharif,Red Sandy,Rainfed,390,31.0,52,AA,TT,AG,AA,CG,CC,GT,TT,CC,CG,AA,CT,CG,AT,GG,GG,GG,TT,TT,AA,CC,TT,GT,CC,AT,CC,NN,TT,GT,AA,TT,CC,AA,CC,GG,CG,GG,CC,GG,CC,TT,TT,AA,GT,AA,GG,TT,TT,CC,CC,TT,AT,AA,GG,CC,TT,AA,AA,TT,AA,AA,TT,TT,AA,TT,AT,CC,GG,TT,GG,AA,GT,CC,AA,GG,AC,AT,GG,TT,TT,GG,GG,GG,CC,AA,GG,AA,AT,CC,GT,CC,TT,CT,TT,GT,GG,CT,AC,TT,CC,CC,CC,AG,AG,AT,TT,CC,AG,AG,AA,CT,GG,TT,CG,TT,AA,AC,TT,CC,GG,CC,GG,CT,GT,TT,AA,CC,CC,NN,CC,AA,TT,CC,AC,CC,CC,AA,TT,AA,TT,GG,CT,CC,GG,AA,AA,AT,CC,GT,CC,CC,AA,AA,GG,GT,GG,AA,TT,NN,GG,AC,GT,TT,TT,CC,AA,GT,TT,AA,AT,GG,CC,AA,CT,CC,CC,CG,CC,AA,GG,GG,AC,TT,CC,GG,TT,GG,AT,AA,AG,GT,AC,CG,AA,CC,CC,CG,GG,AC,GG,TT,AA,AG,CC,GT,AA,AC,AA,AT,GG,TT,TT,AA,GG,GG,AT,CG,TT,GG,AA,GG,AA,CT,AA,TT,CC,TT,AC,CC,CT,GG,AA,CC,GG,CC,TT,CT,GT,GG,TT,AC,AC,AG,NN,CC,CC,GG,CC,GG,AA,AA,CG,GT,GG,CG,CC,TT,GG,CG,AA,CC,AT,AG,AC,CG,NN,TT,AA,GG,AA,AA,AA,AC,GG,GG,AG,AG,AT,CG,AC,AG,AC,AA,CT,AA,AA,GG,GG,GG,TT,AT,AA,TT,TT,TT,AA,TT,GG,GG,AA,1.4,Susceptible,Medium,Premium,Late
L0093,Anantapur,Andhra Pradesh,Kharif,Red Sandy,Rainfed,390,31.0,52,AC,TT,GG,AG,GG,CC,GT,AT,CC,CC,AA,CT,CC,AT,TT,GG,GG,TT,TT,AA,CC,TT,GG,CC,TT,CC,TT,TT,NN,AA,NN,CC,AA,CC,AG,CG,GG,CC,GG,CC,TT,TT,AA,TT,AA,GG,TT,TT,CC,CC,GG,AA,AA,GG,CT,GG,AA,AC,TT,AC,AA,TT,TT,AA,TT,AA,CC,GG,TT,GT,AG,GG,CC,AA,GG,AA,AT,GG,TT,TT,GG,GT,GG,CC,AT,GG,AA,AA,CC,TT,CC,GT,CC,TT,TT,GG,CT,CC,NN,CC,CC,GG,GG,AA,TT,GT,CC,AA,AG,AA,CC,GT,TT,CG,TT,AC,AA,TT,CC,AG,CC,GG,CC,GG,CT,AA,CT,CC,CC,CC,AA,GT,CC,AA,CC,CT,AA,AT,AA,AA,GG,CT,CC,GG,AG,AA,AA,AC,GG,CC,CC,AA,AA,GG,TT,GG,AC,GT,CT,GG,CC,TT,TT,TT,CC,AT,TT,TT,AT,AA,GG,CC,AA,TT,CC,CC,GG,CC,AT,GG,GG,CC,TT,CG,NN,TT,NN,AT,AA,AA,TT,CC,CG,AA,CC,CC,CG,AG,CC,CG,TT,AA,AG,CC,GG,AA,AC,AA,AA,GG,GT,AA,AT,CC,GT,AA,CC,NN,GT,AA,GG,AA,TT,NN,TT,CC,TT,AC,CC,TT,GG,AG,CG,AG,CC,TT,CT,GT,CG,TT,AA,AA,GG,GG,CC,CC,GG,CC,GG,TT,AA,CC,GT,GG,CC,CC,AA,AG,CC,AT,CC,AA,AA,AA,CG,AA,TT,AA,GG,AA,AA,AA,CC,AG,AA,AA,AA,TT,GG,AA,AA,CC,AA,CT,AA,AG,GG,AG,CG,TT,AT,AA,TT,TT,TT,AA,AT,GG,GG,AA,2.23,Moderate,High,Standard,Early
L0094,Anantapur,Andhra Pradesh,Kharif,Red Sandy,Rainfed,390,31.0,52,AC,CT,GG,AA,GG,CC,GG,TT,CC,CC,AA,CT,CC,TT,TT,GT,CG,AT,TT,GG,CG,GT,TT,CC,TT,CC,TT,TT,GG,AA,TT,CT,AA,CC,GG,CG,GG,GG,GG,CC,TT,TT,AA,TT,AA,AG,TT,AT,CC,AA,GT,AA,AA,GG,CT,TT,AA,AC,GT,AA,AA,TT,TT,AG,TT,TT,CC,GG,TT,TT,AA,GG,CC,AA,AG,CC,AA,GG,TT,TT,GG,GT,GG,CC,AA,GG,AA,AA,NN,TT,AC,TT,CC,TT,TT,NN,TT,AC,TT,CC,CC,CC,AG,AA,NN,TT,CC,AA,AG,AA,CT,GG,TT,CC,GT,AA,AA,AT,CC,AA,CC,GG,CC,TT,CT,AG,CC,CC,CC,CC,AA,TT,CC,NN,CC,CC,AA,TT,AA,AA,GG,CT,CC,GG,AA,GG,AA,CC,GG,CC,CC,AA,AA,AA,TT,GG,AA,TT,CT,GG,AC,GT,TT,TT,CC,AT,TT,TT,AT,TT,GG,CC,AG,CT,CC,CC,GG,CC,AA,GG,AA,CC,TT,CC,GT,TT,CG,AT,AA,AG,TT,CC,GG,AA,CC,CC,GG,GG,AC,CG,TT,AA,AG,CC,GG,AA,CC,AA,AT,GG,TT,AA,AA,NN,TT,AA,CC,TT,TT,AA,GG,AA,TT,AA,TT,CC,CT,AA,AC,CT,CG,AG,CC,AG,CC,TT,CT,GT,CG,TT,AA,AA,AG,NN,CC,GG,GG,CC,GG,AA,AA,CC,GT,GG,CG,NN,AA,GG,CG,AA,CC,AA,AA,CC,CG,CC,TT,AA,CG,AA,AA,CC,CC,AG,AA,AG,AA,TT,GG,AA,AA,CC,AA,TT,AA,AA,GG,GG,GG,TT,AT,AA,TT,TT,TT,GG,AT,GG,GG,AA,4.62,Susceptible,Low,Standard,Late
L0095,Anantapur,Andhra Pradesh,Kharif,Red Sandy,Rainfed,390,31.0,52,AA,TT,GG,AG,GG,CC,GG,AT,CC,CC,AA,CC,CG,TT,GT,GG,GG,TT,TT,AA,CG,TT,TT,CT,TT,CC,TT,TT,GG,AA,TT,CT,AA,CC,GG,CG,GG,CC,GG,CC,TT,CT,AA,TT,AG,GG,TT,TT,CC,AC,GG,AT,AA,GG,CC,TT,AT,AC,GT,AC,AA,TT,AT,AA,TT,TT,CC,GG,NN,GG,AA,GG,CC,AA,AA,CC,AT,AG,TT,TT,GG,GG,GG,CC,AA,GG,AG,AA,CC,GT,AA,TT,CT,TT,TT,AG,TT,NN,TT,CC,CT,CG,GG,AA,TT,TT,CC,AA,AG,AA,CT,GG,TT,CC,GT,AA,AA,TT,CC,GG,CC,AG,CC,GT,TT,AA,CC,CC,CC,CC,AA,TT,CC,AA,AC,CC,AA,TT,AA,AA,CG,CC,CC,GG,AG,GG,AA,CC,GG,CC,CC,AA,NN,GG,GT,GG,AA,TT,TT,GG,AC,TT,NN,TT,CC,AT,GT,CC,AT,AT,CG,CC,AA,CC,CC,CC,GG,CC,AT,GG,GG,CC,TT,CC,GG,GT,GG,AT,AA,AA,TT,AC,GG,AA,CC,CC,GG,GG,AC,GG,NN,AA,AA,CC,GG,AA,CC,AT,AA,GG,TT,TT,AA,GG,TT,AT,CG,TT,TT,AT,GG,AA,TT,AA,TT,CC,TT,CC,CC,TT,CG,GG,GG,AG,CC,TT,CT,TT,GG,TT,AA,AA,AG,GG,CC,CC,GG,CC,GG,TT,AA,CC,TT,GG,CC,CC,AA,GG,CC,AA,CC,AT,AA,NN,CC,CC,TT,AA,GG,AA,AA,AC,AA,AA,AA,AA,AA,TT,CG,AC,AA,AC,AC,TT,GG,AA,GG,AG,GG,TT,AT,AA,GT,TT,TT,AG,AT,NN,CG,AA,2.79,Susceptible,Low,Premium,Early
L0096,Anantapur,Andhra Pradesh,Kharif,Red Sandy,Rainfed,390,31.0,52,AC,CT,GG,AG,GG,CC,GT,AT,CC,GG,AA,CC,CC,AT,TT,GG,CG,TT,TT,AA,CC,TT,GT,CT,TT,CC,GG,AT,GG,AC,TT,CC,AA,CC,GG,GG,GG,CG,GG,CC,TT,CT,AA,TT,AA,AA,TT,TT,CC,AC,GG,AA,AG,GG,CT,GT,AT,AA,GG,AC,AG,GT,TT,AA,TT,AT,CC,GG,TT,GG,AA,GG,CC,AA,GG,AA,TT,GG,TT,TT,GG,GT,GT,CC,AA,GG,AA,AA,CG,TT,CC,TT,CC,TT,GT,GG,TT,CC,GT,CC,CC,GG,AG,AA,TT,TT,CC,AA,AG,AA,NN,GG,TT,CC,TT,AA,AA,TT,CC,GG,CG,GG,CC,GG,CC,AA,CC,CC,CC,CC,AA,GT,CC,AA,CC,CT,AG,TT,AA,AT,GG,CC,CC,NN,AA,AA,AA,AA,GG,CC,CC,AA,AA,GG,TT,GG,AA,GT,TT,AG,AC,TT,GT,TT,CC,AA,GT,TT,AA,TT,GG,CC,AA,CC,CC,CC,CG,CC,AT,GG,AG,CC,TT,CC,GT,TT,CC,AT,AA,AA,TT,CC,CG,AC,AC,CC,GG,GG,NN,GG,TT,AA,AA,CC,GG,AA,AC,AA,AT,GG,TT,AT,AA,GG,GT,AT,CG,NN,GG,AA,GG,AA,TT,AA,TT,CC,TT,AA,CC,TT,GG,AG,CC,GG,CC,TT,CC,TT,GG,TT,AA,AC,AG,GG,CC,CG,GG,CC,GG,TT,NN,CC,TT,GG,CC,CC,AA,AA,CC,AA,CC,AA,AA,AA,CC,AC,TT,AA,GG,AA,AA,CC,AA,AG,AA,AA,AA,TT,GG,AA,AG,CC,AC,TT,AA,AA,GG,GG,GG,TT,AT,AA,GT,TT,TT,AG,AT,GG,GG,AA,1.39,Moderate,Low,Poor,Medium
L0097,Anantapur,Andhra Pradesh,Kharif,Red Sandy,Rainfed,390,31.0,52,AA,TT,GG,AA,GG,CC,GG,AT,CC,CG,AA,CC,CG,AT,GT,GG,GG,TT,TT,AA,CC,GT,TT,CT,TT,CC,TT,TT,GG,AA,TT,CC,AA,CC,GG,GG,GG,CG,NN,CC,TT,CT,AA,TT,AA,AG,TT,TT,CC,CC,GT,AT,AA,GG,CC,TT,AA,AA,GG,AC,AA,TT,TT,AG,TT,AT,CC,GG,TT,GG,AA,GG,CC,AA,GG,AA,TT,GG,TT,TT,AG,GG,GG,CC,AA,GG,AG,AA,CG,TT,CC,TT,CT,AT,TT,NN,TT,CC,TT,CC,CT,CC,GG,AA,TT,TT,CC,AA,AG,AA,CC,GG,TT,CG,GT,AA,AA,TT,CC,AG,CC,GG,CC,GG,TT,AA,CT,CC,CC,CC,AA,TT,CC,AA,CC,CT,AA,TT,AA,AT,GG,CC,CC,GG,AA,AG,AA,CC,TT,CC,CC,AA,AG,GG,TT,GG,AA,TT,CT,GG,CC,TT,TT,TT,CG,AA,GT,CT,AA,TT,GG,NN,AA,CT,CC,CC,GG,CC,AA,GG,AG,CC,TT,CC,GT,TT,CG,AT,AA,AA,TT,CC,CC,AC,AC,CC,GG,GG,AA,GG,TT,AC,AG,CC,GG,AA,CC,AA,TT,GG,TT,AT,AT,GG,GG,AT,CC,TT,GT,AA,GG,AA,TT,AA,TT,CC,CT,AA,CC,TT,CG,AG,CC,AG,CC,TT,TT,TT,GG,TT,AA,AA,AG,GG,CC,CC,GG,NN,GG,AA,AG,CG,TT,GG,CC,CG,AA,GG,CG,AA,CC,AA,AA,AC,CC,AC,TT,AA,GG,AA,AC,AA,AC,GG,AA,AG,AA,AT,GG,AC,AA,CC,AA,CT,AA,AA,GG,GG,GG,TT,AT,AA,GT,TT,TT,AA,TT,GG,CG,AA,1.01,Moderate,High,Standard,Early
L0098,Anantapur,Andhra Pradesh,Kharif,Red Sandy,Rainfed,390,31.0,52,AA,TT,GG,AA,GG,CC,GG,TT,CC,CG,AA,CC,CC,AT,GT,NN,GG,TT,TT,AG,CC,TT,GT,CT,TT,CC,TT,TT,GG,AA,TT,CC,AG,AC,GG,CG,GG,CG,GG,AC,TT,CT,AA,GT,AG,AG,TT,TT,CC,AC,GT,AA,AG,GG,CC,GT,AA,AA,GG,AC,AA,TT,AA,AG,TT,AT,CT,GG,TT,GG,AG,GG,CC,AA,GG,CC,AT,GG,TT,NN,GG,GG,GG,CC,AA,GG,AA,AA,CC,TT,CC,NN,TT,AT,TT,GG,TT,CC,TT,CC,CT,GG,AG,AA,AT,TT,CC,AA,AG,AA,CC,GG,TT,CC,TT,AA,AC,TT,CC,GG,CG,AG,CC,GG,TT,AA,CC,CG,AC,CC,AA,TT,CC,AA,CC,CC,AA,TT,AA,AA,GG,CC,CC,GG,AA,AA,AA,CC,GT,CC,CC,AA,AA,GG,TT,AG,AC,GT,CC,GG,CC,GT,TT,TT,CC,AA,GT,TT,AT,TT,GG,CC,AG,CC,CC,CC,CG,CC,AA,GG,AA,CC,TT,CC,GT,GT,GG,AT,AA,AG,GT,AC,CG,AA,CC,CC,GG,GG,AA,GG,TT,AA,AA,CC,GT,AA,CC,AA,TT,GT,TT,AT,AA,GG,GG,AT,CG,AT,GG,AA,GG,AA,TT,AA,TT,CG,TT,AC,NN,CT,CG,GG,CG,AG,AC,AT,TT,TT,GG,TT,AA,AC,AG,GG,CC,CC,GG,CC,GG,AA,AG,CC,GG,AG,GG,CG,AA,NN,CG,AA,CC,AA,AA,AC,CG,AC,AT,AG,GG,AA,NN,AC,AA,GG,GG,AG,AA,AT,GG,AC,AA,AA,AA,TT,GG,AA,CG,GG,GG,TT,AA,AG,GT,TT,TT,AG,TT,GG,GG,AA,3.3,Susceptible,Low,Standard,Late
L0099,Anantapur,Andhra Pradesh,Kharif,Red Sandy,Rainfed,390,31.0,52,AC,CC,GG,GG,GG,CC,GG,AT,CC,GG,AA,CC,CG,AT,TT,GG,GG,AT,TT,AG,GG,TT,TT,CT,TT,CC,TT,AT,GG,AA,TT,CC,AA,CC,GG,CG,GG,CC,GG,CC,TT,TT,AA,TT,AG,GG,TT,AA,CC,AC,GG,AA,AA,GG,CT,TT,AA,AA,TT,AA,AA,TT,AT,AG,TT,AT,CC,GG,TT,GG,AG,GG,CC,AA,AG,CC,AT,GG,GT,TT,GG,GG,GG,CC,AA,GG,AA,AT,CC,GT,AC,TT,CC,AT,GT,GG,TT,AC,TT,CC,CC,CG,GG,AA,TT,TT,CC,AA,AG,AA,CT,GG,TT,CC,TT,AA,AC,TT,CC,AG,CG,GG,CC,GT,CT,AA,CT,CC,CC,CC,AA,TT,CC,AA,CC,CC,AA,TT,AA,AA,GG,CT,CC,GG,AA,AA,AA,CC,GG,CG,CG,AA,AG,GG,TT,GG,AC,TT,CT,GG,CC,TT,TT,CT,CC,AT,TT,TT,AA,TT,GG,CC,AA,CC,CC,CC,CC,CC,AA,GG,GG,CC,TT,CC,GG,TT,GG,AT,NN,AG,TT,AC,GG,AA,AC,CC,GG,GG,AA,GG,TT,AA,AA,CG,GG,AT,CC,AA,AT,GG,TT,TT,AA,GG,GT,AA,CC,TT,GT,AA,GG,AA,CT,AA,TT,CC,TT,NN,CC,TT,CG,AA,CG,AG,CC,TT,TT,TT,CG,TT,AA,AA,AG,GG,NN,CC,GG,CC,GG,AT,AA,CC,TT,GG,CC,CG,AA,GG,CC,AA,CC,AA,AA,AC,GG,CC,TT,AA,GG,AA,AA,AC,AA,AG,AG,AA,AA,AT,NN,CC,AG,AC,AC,TT,AA,AG,GG,GG,GG,TT,AA,AA,TT,TT,TT,AA,AT,GG,CG,AA,4.87,Susceptible,Low,Premium,Medium
L0100,Anantapur,Andhra Pradesh,Kharif,Red Sandy,Rainfed,390,31.0,52,CC,CT,GG,NN,GG,CC,GT,TT,CC,CC,AA,CC,CC,TT,TT,GG,CG,TT,TT,AA,CC,TT,TT,CT,AT,CC,TT,TT,GG,AA,TT,CT,AA,CC,GG,CG,GG,CG,GG,CC,TT,CT,AA,TT,AA,AG,TT,AT,CC,NN,GT,AA,AA,GG,CC,TT,AA,AA,GG,CC,AA,TT,TT,AG,CT,AT,CC,GG,TT,GT,AG,GT,CC,AG,GG,AA,AT,GG,GG,TT,GG,TT,GG,CC,AT,GG,AA,AA,CC,TT,AC,TT,TT,TT,NN,GG,TT,AC,NN,CC,CC,CC,GG,AA,NN,GT,CC,AA,GG,AA,CC,GG,TT,CC,TT,AA,AA,TT,CC,AG,CC,GG,CC,GG,TT,AA,CC,CC,AC,CC,AA,TT,AC,AA,CC,CT,AA,TT,AA,TT,GG,CC,CC,GG,AA,AA,AT,CC,GG,CC,CC,AA,AA,GG,GT,AG,AA,NN,CT,GG,CC,TT,TT,TT,CC,AT,GT,TT,AA,TT,GG,CC,AA,CT,CC,CC,GG,CC,AA,GG,AG,CC,TT,CG,GT,TT,GG,AT,AA,AA,TT,AC,GG,AA,NN,CC,GG,GG,AC,GG,TT,AA,AA,CC,GG,AA,CC,AA,AA,GG,TT,AA,AA,GG,GG,AA,CC,TT,GT,AA,GG,AA,CT,AA,AT,CC,TT,AA,CC,CT,GG,GG,CC,AA,CC,TT,TT,TT,GG,TT,AC,AC,AG,GG,CC,GG,GG,CG,GG,AA,AA,CC,TT,GG,CG,CC,AA,AG,CC,AT,CG,AT,AA,AC,CG,CC,TT,AA,CG,AA,AA,AA,AA,AG,AA,AG,AA,TT,GG,AC,AA,AC,AC,CC,AA,AA,GG,GG,CG,TT,AA,AG,GT,AT,TT,AG,TT,GG,GG,AA,3.48,Susceptible,Medium,Standard,Late
L0101,Anantapur,Andhra Pradesh,Kharif,Red Sandy,Rainfed,390,31.0,52,AA,TT,GG,AA,GG,CC,GT,TT,CC,CG,AA,CC,CG,AT,TT,GG,GG,AT,TT,AA,CC,TT,GT,CC,TT,CT,GT,TT,GT,AA,CT,CC,AA,CC,GG,CC,GG,CG,GG,CC,TT,CT,AA,TT,AA,AG,CT,AT,CC,AA,GG,AT,AG,GG,CT,TT,AA,AA,GT,AA,AA,TT,AT,AA,TT,AT,CC,GG,TT,TT,GG,GG,AC,AA,GG,AC,AT,GG,TT,TT,GG,GG,GT,CC,AT,GG,AA,AA,CC,TT,CC,TT,CT,TT,TT,GG,TT,CC,GT,CC,CC,CG,AA,AG,AT,TT,CC,AA,AA,AA,CT,GG,NN,CC,GT,AA,AA,TT,CC,AA,CC,AA,CC,GT,TT,AA,CC,CC,AC,CG,AA,GT,AC,AA,NN,CT,AA,TT,AA,AA,GG,CC,CC,AG,AA,AG,AA,AA,GT,CC,CG,AA,GG,GG,TT,GG,AC,TT,TT,GG,AA,GT,GT,TT,CC,AA,TT,CT,AA,TT,GG,NN,AG,CC,CC,CC,GG,CC,AA,GG,AG,CC,TT,CC,NN,TT,GG,AT,AA,AA,TT,CC,GG,CC,CC,CC,NN,AG,AC,GG,TT,AC,AA,CC,GG,AA,CC,AA,AT,GG,TT,TT,AA,GG,GT,AA,CG,AT,TT,AA,GG,AA,TT,AA,TT,CC,TT,AC,CC,TT,CG,NN,CC,AA,AC,TT,CT,TT,GG,TT,AA,AC,AA,GG,CC,CC,NN,CC,GG,TT,AG,CC,TT,GG,CC,CC,AA,GG,CC,AA,CC,AA,AG,CC,GG,AC,AT,AA,GG,AA,AC,AC,AA,AA,AG,AA,AA,AT,GG,AA,AG,AC,AC,CT,AA,AA,CG,GG,GG,TT,AT,AA,TT,TT,TT,NN,TT,GG,CG,AA,2.56,Susceptible,Low,Standard,Medium
L0102,Anantapur,Andhra Pradesh,Kharif,Red Sandy,Rainfed,390,31.0,52,AC,TT,GG,AA,GG,CC,GG,TT,CC,CC,AA,CT,CC,TT,TT,GG,CC,TT,NN,AA,CG,NN,GT,CC,TT,CC,GT,TT,GG,AA,TT,CT,AA,CC,GG,CG,GG,CG,GG,CC,TT,TT,AC,TT,AA,AA,TT,AT,CC,CC,GG,AT,AG,GG,CC,GT,AT,AC,GT,NN,AA,TT,AT,AA,CT,TT,CT,GG,TT,GG,AA,GG,CC,AA,AG,CC,AA,GG,GT,TT,GG,GG,GG,CC,AT,GG,AA,AT,CC,GT,AC,TT,CC,TT,GT,GG,CT,CC,TT,CC,CT,CC,AA,AA,TT,TT,CG,NN,AG,AA,CC,GG,TT,CC,TT,AC,NN,TT,CC,NN,CG,GG,CC,GT,TT,AG,CC,CG,AC,CG,AA,GT,CC,AA,CC,CT,AA,AT,AA,AT,GG,CC,CC,GG,AG,AA,AA,CC,GG,CC,CC,AA,AA,GG,TT,GG,AC,TT,TT,GG,CC,GT,TT,TT,CC,AT,GT,TT,AA,TT,GG,CG,AA,CT,CC,CC,GG,CC,AA,GG,AG,AC,TT,CC,GG,TT,GG,AT,AA,AA,TT,CC,GG,AA,CC,CC,GG,GG,AA,GG,TT,AC,AA,CC,GT,AA,CC,AA,AA,GG,TT,AA,AT,GG,GG,AA,CC,TT,NN,AA,GG,AA,CT,AA,TT,CC,TT,AC,CC,TT,CG,AA,CC,NN,CC,TT,TT,TT,GG,TT,AA,AC,AG,GG,CG,CC,GG,CC,GG,TT,AA,CC,GG,GG,CC,CC,AA,AG,CC,AA,CC,AA,AA,AC,GG,AC,TT,AA,GG,AA,AA,AC,AA,AG,AG,AA,AA,TT,GG,AA,AA,CC,AC,CT,AA,AA,GG,GG,GG,GT,AA,AA,GT,TT,TT,AA,TT,GG,GG,AC,1.05,Resistant,Medium,Poor,Late
L0103,Anantapur,Andhra Pradesh,Kharif,Red Sandy,Rainfed,390,31.0,52,AA,TT,AG,AG,CG,CC,GT,NN,CC,CC,AA,CC,CC,TT,TT,GG,GG,TT,TT,AA,CC,GT,GT,CC,AT,CC,TT,TT,GG,AC,TT,CC,AG,CC,AG,CG,GG,GG,GG,CC,TT,TT,AA,GT,AA,AG,TT,TT,CC,AC,GT,AT,AA,GG,TT,TT,AA,AC,GT,AA,AA,TT,AA,AG,TT,AA,CC,GG,NN,TT,AA,GG,CC,AA,GG,CC,AA,GG,TT,TT,GG,GG,GG,AC,AA,GG,AA,AT,CC,TT,CC,TT,CT,TT,TT,GG,CT,CC,GT,CC,CC,CG,GG,AA,TT,TT,CG,AG,AA,AA,CC,GG,TT,CC,TT,AC,AC,TT,CC,GG,CC,GG,CC,GG,TT,AA,CT,CC,CC,CC,AA,TT,CC,AA,CC,CC,AA,TT,AA,AA,GG,CC,CC,GG,AA,AA,AA,CC,GG,CC,CC,AA,AA,GG,TT,NN,AC,GT,TT,GG,NN,GT,TT,TT,CG,AA,GT,TT,AT,AA,GG,CC,AG,TT,CC,CC,GG,CC,AA,GG,GG,CC,TT,CC,GG,TT,GG,AT,AA,AG,TT,CC,GG,AA,CC,CC,GG,AA,AA,GG,TT,AA,AA,CC,GG,AA,CC,AA,AT,GG,TT,TT,TT,CC,TT,AT,CC,AT,TT,NN,GG,AA,TT,AA,TT,CC,TT,AA,CC,TT,GG,AG,NN,AA,CC,TT,TT,NN,GG,AT,AA,CC,AG,GG,CC,CG,GG,CC,GG,AT,AA,CC,TT,GG,CC,CG,AA,GG,CC,AA,CC,AA,AA,CC,CC,AA,TT,AA,GG,AA,AA,AA,AA,AA,AG,AA,AA,AT,CC,AA,AG,CC,AA,CT,AG,AG,GG,GG,GG,TT,AA,AG,GG,TT,TT,AG,AT,GG,GG,AA,2.27,Susceptible,Medium,Poor,Late
L0104,Anantapur,Andhra Pradesh,Kharif,Red Sandy,Rainfed,390,31.0,52,AC,TT,GG,AG,GG,CC,GG,TT,CC,GG,AA,CC,CC,AT,TT,GG,GG,TT,TT,AA,CC,TT,TT,CC,TT,CC,TT,TT,GG,AA,TT,CT,AA,CC,GG,GG,GG,CC,GG,NN,TT,CT,AC,TT,AG,AG,TT,TT,CC,CC,GT,AA,AG,GG,CC,GT,AA,AA,GT,AC,AA,GT,AT,NN,CT,AT,CT,GG,CT,GT,AG,GG,CC,AG,GG,AC,AT,GG,TT,TT,GG,GG,GT,CC,AA,AG,AA,AA,CC,GT,CC,TT,CT,TT,GT,GG,TT,CC,TT,CC,CC,CG,AA,AA,AT,TT,CC,AA,AG,AA,NN,GT,TT,CC,GT,AC,AA,TT,CG,GG,NN,AG,CC,GG,TT,AA,TT,CC,CC,CC,AA,TT,CC,AA,CC,CC,AA,TT,AA,NN,GG,CC,CG,GG,AG,AG,AA,CC,GG,CC,CC,AA,AA,GG,GT,GG,AA,GT,TT,AG,AC,TT,TT,CT,CC,AT,GG,TT,AT,TT,GG,CC,AA,CT,CC,CC,CG,AC,AA,GG,AG,CC,TT,CC,GG,TT,GG,TT,AA,AG,TT,CC,CC,AA,CC,CC,GG,GG,AC,GG,NN,AA,AA,CC,GG,AT,AC,AT,AA,GT,GT,AA,AT,CG,GG,AT,CC,TT,TT,AA,GG,AA,TT,AA,TT,CC,TT,AA,CC,CT,GG,AG,CC,AG,CC,AT,CT,TT,GG,TT,AA,AC,AA,GT,CC,CC,GG,CC,GT,TT,AA,CC,TT,GG,CC,CG,AA,AG,CG,AA,CG,TT,AA,CC,CG,CC,AT,AA,GG,AA,AA,AA,AA,AG,AG,AG,AA,TT,GG,AA,AA,CC,AA,CT,AA,AA,GG,GG,GG,GT,AA,AA,TT,TT,TT,AG,AT,GG,GG,AA,3.12,Susceptible,Medium,Poor,Early
L0105,Anantapur,Andhra Pradesh,Kharif,Red Sandy,Rainfed,390,31.0,52,AC,CT,GG,AG,GG,CC,GG,TT,CC,GG,AA,CC,CG,TT,GT,GG,CG,TT,TT,AA,CC,TT,TT,CC,TT,CT,TT,AT,GG,AA,TT,CC,AA,CC,GG,CC,GG,CC,GG,CC,TT,NN,AA,GT,AA,AG,TT,TT,CC,AC,GT,TT,AG,GG,CC,TT,AA,AA,GT,AC,AG,TT,TT,AA,TT,TT,CC,GG,TT,GT,AA,GG,CC,AA,GG,AC,AT,GG,TT,TT,GG,GG,GG,CC,AA,GG,AA,AA,CC,GT,CC,TT,CC,TT,TT,GG,CT,CC,GG,CC,CC,CC,GG,AA,TT,GT,CC,AG,AG,CC,CT,GG,GT,CC,TT,AA,AA,TT,CC,NN,CC,AG,CT,TT,TT,AA,CC,CC,AC,CC,AG,GT,CC,AA,CC,CT,AA,TT,AG,AA,GG,CT,CC,GG,AA,AA,AA,CC,GT,CC,NN,AA,AG,AG,TT,GG,AA,TT,CT,GG,CC,TT,TT,TT,CC,TT,TT,TT,AA,TT,GG,CG,AA,CC,CC,CC,CG,CC,AA,GG,AA,CC,TT,CC,GT,TT,GG,AT,NN,AA,TT,AA,CG,AA,CC,CC,GG,GG,AA,GG,TT,AA,AA,CC,GT,AA,CC,AA,AA,GG,TT,AA,AT,GG,GT,AA,CC,AT,TT,AA,AG,AA,TT,AA,TT,CC,TT,AC,CC,CT,GG,AA,CG,AA,CC,TT,TT,GT,GG,TT,AA,CC,AG,GG,CC,CC,GG,CC,GG,TT,AA,CC,TT,GG,CC,CC,AA,GG,CC,AA,CC,AA,AA,CC,CC,AC,TT,AA,GG,AA,AA,AC,AC,AG,AA,AA,AA,TT,GG,AA,AG,CC,AA,TT,AA,AG,GG,GG,GG,TT,AT,AA,GG,TT,TT,AA,AT,GG,GG,AA,3.14,Susceptible,Medium,Poor,Late
L0106,Anantapur,Andhra Pradesh,Kharif,Red Sandy,Rainfed,390,31.0,52,AC,CC,GG,AG,GG,CC,GG,TT,CC,CC,AA,CT,CC,TT,TT,GG,CG,TT,TT,AA,CC,TT,GT,CC,AT,CC,TT,TT,GG,AA,TT,CT,AA,CC,GG,CG,GG,CG,GG,CC,TT,TT,AA,TT,AA,AA,TT,AT,CC,AA,GT,AT,AA,GG,CC,TT,AA,AA,GG,AA,NN,TT,AT,AG,TT,TT,CC,GG,TT,GG,AG,GG,CC,AA,GG,AC,AT,GG,GT,TT,GG,GG,GG,CC,AT,GG,AG,AA,CC,GT,CC,TT,CC,TT,TT,GG,TT,CC,GT,CC,CC,CG,GG,AA,AT,TT,CC,AA,GG,AC,CC,GG,TT,CC,TT,AA,AA,TT,CG,AG,GG,GG,CC,GT,CT,AA,CC,CC,CC,CC,AA,TT,CC,AA,CC,CC,AA,TT,AA,AA,GG,CC,CC,GG,AA,AG,AA,CC,GT,CC,CC,AA,AA,AG,GT,GG,AA,TT,TT,AG,CC,TT,TT,TT,CG,AT,TT,TT,AA,TT,GG,NN,NN,CC,CC,CC,CC,CC,AA,GG,AA,CC,TT,CG,GG,TT,GG,TT,AG,AA,TT,CC,GG,AA,CC,CC,GG,GG,AA,CG,TT,AA,AG,CC,GT,NN,AC,AT,AT,GT,TT,TT,AA,CG,GG,AA,CC,TT,TT,AA,GG,AA,TT,AA,TT,CC,TT,CC,CC,CT,CG,AG,CC,AA,AC,TT,TT,GT,GG,TT,AC,CC,AA,GG,CC,CG,GG,CG,GG,AT,AG,CC,GT,GG,CG,CC,AT,AA,CC,AA,CC,AA,AA,AC,CG,CC,AT,AA,GG,AA,AA,AA,AC,GG,AA,AA,AA,TT,GG,AC,AA,AA,AC,TT,AA,AG,NN,GG,GG,GT,NN,AA,TT,TT,TT,AA,AT,GG,GG,AA,2.1,Susceptible,Low,Poor,Late
L0107,Anantapur,Andhra Pradesh,Kharif,Red Sandy,Rainfed,390,31.0,52,AC,TT,GG,AA,GG,CC,GT,TT,CC,CC,AA,CC,CG,AT,TT,GG,CG,TT,TT,GG,CC,GT,TT,CC,TT,CC,TT,TT,GG,AA,TT,CC,AA,CC,GG,GG,GG,CC,GG,CC,TT,CT,AA,TT,NN,AG,CT,TT,CC,CC,GG,AA,AA,GG,CC,TT,AT,CC,GT,AC,AA,TT,TT,AA,TT,AA,CC,GG,TT,GG,AA,GG,CC,AA,AG,AC,TT,GG,TT,TT,GG,GG,NN,CC,TT,AG,AA,AA,CC,GT,CC,TT,CC,TT,TT,GG,TT,CC,TT,CT,TT,CC,AG,AA,TT,TT,CC,AA,AA,AC,CT,GG,TT,CC,TT,AC,AC,TT,CG,GG,GG,GG,CC,GG,CT,AG,CC,CC,AC,CC,AA,TT,AC,AA,CC,CC,AA,TT,AA,AT,GG,CT,CG,GG,AA,AG,AT,CC,GG,CC,CC,AG,AA,GG,TT,GG,AC,TT,TT,GG,AC,TT,TT,TT,CC,AA,TT,CT,AA,TT,GG,CC,AA,CT,CC,CC,CG,AC,AA,GG,AG,CC,TT,CC,GG,TT,GG,AT,AA,AA,TT,AC,GG,AA,CC,CG,GG,GG,AA,GG,TT,AA,AA,CC,GT,AA,AC,AA,AT,GG,TT,TT,AT,GG,GT,AT,CC,TT,GG,AA,GG,AA,CT,AA,TT,CC,TT,AC,AC,CT,GG,AA,CC,AA,CC,TT,CT,TT,GG,TT,AA,AC,AA,GG,CC,CG,GG,CC,GG,TT,AA,CG,GG,GG,CC,CC,AA,GG,CC,AA,CC,AA,AA,AC,CC,AC,TT,AA,GG,AA,AC,AA,AA,AG,AG,GG,AA,TT,GG,AA,AA,AC,NN,CC,AA,AA,GG,GG,GG,TT,AA,AA,TT,TT,AT,AG,TT,GG,GG,AA,2.7,Moderate,Medium,Poor,Late
L0108,Anantapur,Andhra Pradesh,Kharif,Red Sandy,Rainfed,390,31.0,52,AA,TT,GG,AA,GG,CC,GG,TT,CC,CG,AA,CC,CC,TT,TT,NN,GG,TT,TT,AG,CC,TT,GT,CC,AT,CC,TT,TT,GG,AA,CT,CC,AA,CC,AG,GG,GG,CG,GG,AC,TT,CT,CC,TT,AA,GG,TT,TT,CC,AC,GT,AA,AA,GG,CC,TT,AA,AA,GT,AA,AA,NN,TT,AA,TT,TT,CC,GG,TT,GG,AA,GT,CC,AA,AG,AA,AA,GG,TT,TT,GG,GT,GG,CC,AA,GG,AA,AT,CC,GT,CC,TT,CC,TT,TT,GG,TT,CC,TT,CC,CC,CC,AG,AA,TT,TT,CC,AA,AA,AA,CT,GG,TT,CG,GT,AA,AA,TT,CC,AG,CC,GG,CC,GG,CT,AA,CC,CC,CC,CC,AG,TT,AC,AA,CC,CC,AG,AT,AA,AT,GG,CT,CC,GG,AA,AG,AT,NN,NN,CC,CC,AA,AA,GG,GT,GG,AC,TT,TT,GG,CC,GT,GT,CT,CG,AA,TT,CC,AA,AA,GG,CC,AA,CC,AC,CC,CG,CC,AA,GG,AA,CC,TT,CC,GG,TT,CG,AT,AA,AA,TT,CC,GG,AA,AC,CC,GG,GG,AA,CG,TT,AC,AA,CC,GG,AA,CC,AT,AT,GT,TT,NN,TT,GG,GT,AT,CC,AT,GT,AA,GG,AA,CT,AA,TT,CC,CT,AA,CC,TT,GG,AG,CC,AA,CC,AT,CT,GT,GG,TT,AC,AC,AG,GG,CC,CC,GG,CC,GG,AT,AA,CG,TT,GG,CG,CC,AA,GG,CC,AA,CC,AT,AA,CC,CC,CC,TT,AA,CG,AT,AA,AA,AC,AG,AG,AG,AA,TT,CG,AC,AG,CC,AA,CT,AA,AA,GG,GG,GG,TT,AA,AA,GT,TT,TT,AA,AT,GG,GG,AA,2.91,Susceptible,Low,Premium,Early
L0109,Anantapur,Andhra Pradesh,Kharif,Red Sandy,Rainfed,390,31.0,52,AC,TT,GG,AG,NN,CC,GG,TT,CC,CC,AA,CC,CG,TT,GG,GG,CG,TT,TT,AG,CC,GT,GT,CC,AT,CC,TT,AT,GG,AA,TT,CC,AA,CC,GG,GG,GG,CG,GG,CC,TT,TT,AC,TT,AG,AG,TT,AT,CC,AC,GG,TT,AA,GG,CC,TT,AT,AA,TT,AC,AG,GG,AT,AG,CT,AT,CC,GG,TT,GT,AG,GG,AC,AA,GG,AC,TT,GG,TT,TT,GG,NN,GG,CC,AA,GG,AA,AA,CC,GT,AA,TT,CT,TT,TT,AG,CT,AC,GT,CC,CT,CG,AG,AA,TT,TT,CC,AA,AG,AC,CC,GG,TT,CC,GT,AA,AC,TT,CC,AG,CC,GG,CT,GT,TT,AA,CC,CC,CC,CC,AA,TT,CC,AA,CC,CT,AG,TT,AA,AT,GG,CC,CC,GG,AA,AG,AA,CC,GT,CC,CC,AA,AA,AG,GT,AG,AC,GT,CT,GG,NN,TT,TT,TT,CC,AT,TT,TT,AA,NN,GG,CC,AA,NN,CC,CC,CG,CC,AT,GG,AA,CC,TT,CC,GT,TT,GG,TT,AA,AA,TT,CC,GG,AC,CC,CC,GG,GG,AC,CG,TT,AA,AA,CC,GG,AA,CC,AA,AT,GG,TT,AT,AA,CG,TT,AT,CC,AT,GT,AA,GG,AA,CT,AA,TT,CC,TT,AA,CC,CT,GG,AA,CC,AA,CC,AT,TT,NN,GG,TT,AA,CC,AA,GG,CC,CG,GG,CC,GG,AT,AA,CC,TT,GG,CC,GG,AA,AG,CG,AA,CC,AA,AA,CC,CG,AC,AT,AA,GG,AA,AA,CC,AC,GG,AG,AG,AA,TT,GG,AA,AG,CC,AC,CC,AA,NN,CG,GG,GG,TT,AA,AA,TT,TT,TT,AG,TT,GG,CG,AA,2.42,Susceptible,Medium,Poor,Late
L0110,Anantapur,Andhra Pradesh,Kharif,Red Sandy,Rainfed,390,31.0,52,AC,TT,GG,AG,GG,CG,GG,AT,CC,CG,AA,CC,CG,TT,NN,NN,GG,TT,TT,AA,CC,TT,TT,CC,TT,CC,TT,TT,GG,AA,TT,CC,AA,CC,GG,CG,GG,CC,GG,CC,TT,CT,AA,GG,AA,AA,CT,TT,CC,AC,GG,AA,AA,GG,CC,GT,AA,AA,GT,AC,AA,TT,AT,AA,CT,TT,CC,GG,TT,GG,AA,GG,CC,AA,GG,AC,AA,AG,TT,TT,GG,GG,GG,CC,AA,GG,AA,AA,CC,TT,CC,TT,CC,AT,TT,GG,TT,AC,GG,CC,CC,CC,AG,AA,AT,TT,CG,AA,AA,AA,NN,GG,TT,NN,TT,AC,AA,TT,CG,AG,CC,GG,CC,GT,TT,AG,CT,CC,CC,CC,AA,TT,CC,AA,CC,CC,AA,TT,AG,TT,GG,CT,CC,GG,AA,NN,AA,CC,GG,CG,CC,AG,NN,GG,TT,GG,AA,GT,NN,GG,CC,TT,GG,CT,CC,AA,GG,NN,AA,TT,CG,CC,AA,CT,CC,NN,GG,AC,AA,GG,AG,CC,TT,CG,TT,GT,GG,TT,AA,AG,TT,AC,GG,AC,CC,CC,GG,GG,AA,GG,TT,AA,AA,CC,GG,AA,CC,AA,AA,GT,TT,TT,AA,CG,GT,AT,CC,AT,TT,AA,GG,AA,TT,AA,TT,CC,TT,AA,AC,TT,GG,AG,CC,GG,CC,TT,TT,TT,GG,NN,AC,AC,AA,GT,CC,CC,GG,CC,GG,TT,AG,CG,TT,GG,CC,CC,AA,GG,CG,AA,CC,AA,AA,CC,CC,AA,TT,AA,GG,AA,AA,AC,AA,GG,AG,AA,AA,TT,GG,AA,AA,AA,AA,CC,AA,AA,GG,GG,CG,TT,AT,AA,GT,TT,TT,AG,AT,GG,GG,AA,2.43,Moderate,Medium,Standard,Medium
L0111,Anantapur,Andhra Pradesh,Kharif,Red Sandy,Rainfed,390,31.0,52,AC,TT,GG,AG,GG,CC,GT,TT,CC,CG,AA,CC,CC,AT,GT,GT,CC,TT,TT,GG,CC,TT,TT,CT,TT,CC,TT,AT,GG,AA,TT,CC,AA,AC,AG,GG,GG,CG,GG,CC,TT,CT,AC,GT,AA,AA,TT,AT,CC,CC,TT,AT,AA,GG,CC,GT,AA,AA,GT,AA,AA,GT,NN,AA,TT,TT,CC,GG,TT,GG,AA,GG,CC,AA,AG,AC,AA,NN,TT,TT,NN,GT,GG,CC,AA,GG,AA,AA,CC,GG,CC,TT,CT,AT,NN,GG,CT,CC,TT,CC,CC,CG,NN,AG,AA,TT,CC,AA,AA,AC,TT,GG,TT,CG,GT,AC,AA,TT,CC,GG,CC,AG,CC,GT,TT,AA,CC,CG,CC,CC,AA,TT,CC,AA,CC,CT,AA,TT,AA,AA,GG,CC,CC,GG,AA,AG,AA,CC,GT,CC,CC,AA,AA,GG,TT,GG,CC,GT,CC,GG,CC,TT,TT,TT,GG,AA,TT,TT,AA,AA,GG,CC,AA,CT,CC,AC,CG,AC,AT,GG,GG,CC,TT,CC,TT,TT,CG,TT,AG,AA,TT,CC,GG,AA,NN,CC,NN,AG,CC,GG,TT,AC,AA,CC,GG,AA,AC,AT,AT,GG,TT,TT,AA,GG,GT,AA,CG,TT,TT,AA,GG,AG,CT,AA,TT,CC,TT,AC,CC,TT,GG,GG,CG,AG,CC,TT,TT,GT,GG,TT,AA,CC,AG,GG,CC,CG,GG,CC,GG,TT,AA,CC,TT,GG,CC,NN,AA,GG,CC,AA,CC,AT,AA,CC,CG,CC,TT,AA,CG,AA,AA,AA,AA,GG,AA,AA,AA,TT,GG,AC,AG,AC,AA,TT,AG,AG,GG,GG,GG,TT,AA,AG,TT,TT,TT,AA,AT,GG,GG,AA,0.7,Susceptible,Medium,Poor,Medium
L0112,Anantapur,Andhra Pradesh,Kharif,Red Sandy,Rainfed,390,31.0,52,AA,TT,GG,AG,GG,CC,GT,TT,CC,CC,AA,CT,CC,TT,GT,GG,GG,TT,TT,AA,CC,GT,GT,CC,TT,CC,TT,TT,GG,AA,CT,CT,AA,CC,GG,GG,GG,CC,GG,CC,TT,TT,AA,TT,AA,AA,CT,AT,CC,AC,GG,AA,AA,GG,CT,TT,AA,AC,TT,AC,AG,GT,TT,AG,TT,TT,CC,GG,TT,TT,AG,GG,CC,AA,GG,AC,AT,GG,TT,CC,GG,GG,GT,CC,AT,GG,AA,AA,NN,GT,CC,TT,TT,TT,TT,AG,TT,CC,TT,CT,CT,CC,AA,AA,TT,TT,CG,AA,GG,AA,CC,GG,TT,CC,TT,AA,AA,TT,CC,GG,CG,GG,CC,GT,TT,AA,CC,CC,CC,CC,AG,TT,CC,AA,AC,CC,AG,AT,AA,AA,CG,CC,CG,GG,AA,AA,AA,CC,GG,CC,CC,AG,GG,AG,TT,GG,AC,TT,CT,GG,AC,GT,GT,TT,CG,AA,TT,TT,AA,AT,GG,CC,AG,CC,CC,CC,GG,CC,AA,GG,AG,CC,NN,CC,GT,TT,GG,AT,AA,AA,TT,CC,GG,AA,AC,CC,GG,GG,AA,GG,TT,AC,AA,CC,GG,AA,AC,AT,AA,GG,TT,TT,AA,NN,GT,AA,CG,TT,TT,AA,GG,AA,CT,AA,TT,CC,TT,AC,CC,TT,CG,AG,CC,AA,CC,TT,TT,GG,GG,TT,AA,CC,AA,GG,CC,CC,GG,CC,GG,AT,AA,CC,GG,GG,CC,CC,AA,GG,CG,AA,CC,AA,AA,CC,CC,AC,AT,AA,GG,AA,NN,AA,AA,GG,GG,AA,AA,AT,GG,AA,AG,AC,AC,CT,AA,AA,GG,GG,GG,GT,NN,AG,GT,TT,AT,AA,TT,GG,GG,AC,3.15,Resistant,High,Poor,Medium
L0113,Anantapur,Andhra Pradesh,Kharif,Red Sandy,Rainfed,390,31.0,52,AC,TT,GG,AG,GG,CG,GG,AT,CC,CC,AA,CT,CC,TT,TT,GG,CG,TT,TT,AG,CC,GT,TT,CC,TT,CC,TT,TT,GG,AA,TT,CT,AA,CC,GG,GG,GG,GG,GG,CC,TT,CC,AA,GT,AA,GG,CT,TT,CC,AA,GG,AA,AA,GG,CC,TT,AA,AA,GG,AC,AA,GT,AT,AA,TT,TT,CC,GG,TT,GG,AA,GG,CC,AA,AG,CC,TT,GG,TT,TT,GG,GT,GT,CC,AT,GG,AA,AA,CC,GT,AC,TT,CC,AT,TT,GG,TT,CC,NN,CC,CT,CG,GG,AA,TT,NN,CC,AA,AA,AA,NN,GG,TT,CC,TT,AA,AA,TT,CC,GG,CC,GG,CC,GG,TT,AA,CC,CC,AC,CC,AA,TT,CC,AC,CC,CT,AA,TT,AG,AA,GG,CT,CC,GG,AA,AA,AA,CC,GT,CC,CC,AA,AA,GG,TT,GG,AC,NN,NN,GG,CC,TT,TT,CT,CC,AA,GG,TT,AT,TT,CG,CC,AG,TT,CC,CC,CG,AC,AA,GG,AG,CC,TT,CC,GT,TT,GG,TT,AA,AA,TT,CC,GG,AA,AC,CC,GG,NN,CC,GG,TT,CC,AA,CC,GG,AT,AC,AA,TT,GG,TT,AT,AA,GG,GG,AT,CC,TT,GT,AA,GG,AA,CC,AA,TT,CC,TT,AA,AC,TT,GG,AG,CC,AA,AC,TT,TT,GT,NN,TT,AA,CC,AA,GG,CC,CC,GG,CG,GG,AT,AA,CC,TT,GG,CC,CC,AA,AG,CG,AA,CC,AT,AA,CC,CC,AC,TT,AA,GG,AA,AA,AA,AA,AA,AG,AA,AA,TT,GG,AA,GG,AA,AA,TT,AA,AA,GG,GG,GG,TT,AA,AA,GT,TT,TT,GG,NN,GG,GG,AA,0.4,Susceptible,Medium,Premium,Medium
L0114,Anantapur,Andhra Pradesh,Kharif,Red Sandy,Rainfed,390,31.0,52,AA,TT,AG,AG,GG,CC,GT,AT,CC,CC,AA,CT,CG,TT,TT,GG,GG,TT,TT,AA,CC,TT,TT,CC,TT,CC,TT,TT,GG,AC,TT,CC,AA,CC,GG,GG,GG,CC,GG,CC,TT,CT,AA,TT,GG,AG,TT,AT,CC,CC,GT,AA,AA,GG,CC,TT,AA,AA,GG,AA,AA,GT,AT,AG,TT,TT,CC,GG,TT,GG,AA,TT,CC,AA,AG,AA,TT,GG,TT,TT,GG,GG,GT,CC,AA,GG,AG,AT,CC,TT,CC,TT,CC,TT,TT,GG,TT,CC,GT,CC,TT,CC,GG,AA,TT,TT,CC,AA,AG,AA,CC,GG,TT,CG,TT,AA,AC,TT,CC,GG,CC,GG,CT,GT,CT,AA,CC,CC,CC,CC,AA,TT,CC,AA,AC,CC,AG,TT,AA,AA,GG,CT,CC,GG,AA,AG,AA,CC,GG,CC,CC,AA,AA,AA,TT,AG,AA,GT,TT,GG,NN,GT,GT,TT,CG,AA,GT,CT,AA,TT,GG,CC,AA,CC,CC,CC,CG,AC,AA,GG,AA,CC,TT,CC,GT,TT,CC,TT,AA,AA,TT,CC,GG,CC,CC,CC,GG,GG,CC,GG,TT,AA,AA,CC,GG,AA,CC,AA,AA,GG,TT,AT,AT,GG,TT,AT,CC,AA,TT,AA,GG,AA,TT,AA,TT,CC,TT,AC,CC,TT,CG,AG,CC,AG,CC,TT,TT,GG,GG,TT,AA,CC,AA,GG,CC,CC,GG,CC,GG,TT,AA,CG,TT,GG,CC,CG,AA,GG,CC,AA,CC,AA,AA,AC,CC,AC,TT,AA,GG,AA,AC,AA,AA,GG,AA,AA,AA,AT,GG,AA,NN,AA,CC,CC,AA,AA,GG,GG,GG,TT,AA,GG,TT,TT,TT,AA,AT,GG,CG,AC,2.48,Resistant,Low,Standard,Early
L0115,Anantapur,Andhra Pradesh,Kharif,Red Sandy,Rainfed,390,31.0,52,AA,TT,AG,AG,GG,CC,GG,AT,CC,GG,AT,CC,GG,TT,TT,GG,CG,TT,TT,AA,CC,TT,GG,CC,TT,CC,TT,TT,GG,AA,CT,CT,AA,CC,GG,CC,GG,CG,GT,CC,TT,CC,AA,TT,AG,GG,CT,TT,CC,CC,GG,AA,AA,GG,CT,TT,AA,AA,GG,AC,AG,TT,TT,AA,TT,TT,CC,GG,TT,GG,AG,GG,CC,AG,AG,AC,AT,GG,TT,TT,GG,GG,GT,CC,AA,GG,AA,AA,CC,GT,AC,TT,CC,TT,TT,AG,TT,CC,GG,CC,CC,CC,GG,AA,AT,TT,CG,AA,AG,AC,CC,GG,GT,CC,TT,AA,AA,AT,CG,AG,CC,GG,CC,GT,CT,AA,CC,CC,AC,CC,AA,TT,AC,AA,CC,CC,AA,TT,AA,AA,GG,CC,CC,GG,AA,AG,AA,CC,GG,CC,CC,AA,AA,GG,TT,GG,AA,TT,TT,GG,CC,GT,GT,TT,CC,AA,TT,TT,AT,TT,GG,CC,AG,CC,CC,CC,GG,CC,AA,NN,AA,CC,TT,CG,TT,TT,GG,TT,AA,AG,TT,AC,GG,AA,CC,CC,GG,GG,AC,CC,TT,AA,GG,NN,GG,NN,CC,AA,AA,GT,TT,AT,AT,CG,GT,AA,CC,NN,GT,AA,GG,AA,TT,AC,TT,CC,CT,AA,CC,TT,GG,AG,CC,AG,CC,TT,CT,TT,GG,TT,AC,AC,AA,GG,CC,CC,GG,CC,GG,TT,AA,CG,GT,GG,CC,CC,AT,GG,CG,AT,CC,AA,AA,CC,CC,AC,TT,AA,GG,AA,AA,AA,AC,GG,AA,AA,AA,TT,GG,AA,AA,CC,AA,TT,AA,AA,GG,GG,GG,TT,AT,AA,TT,TT,TT,AG,TT,GG,CG,AA,3.33,Moderate,Low,Premium,Medium
L0116,Anantapur,Andhra Pradesh,Kharif,Red Sandy,Rainfed,390,31.0,52,AA,TT,GG,AG,GG,CC,GG,AT,CC,CG,AT,CT,CC,AT,TT,GT,CG,TT,TT,AA,CG,GT,TT,CT,TT,CC,TT,TT,GG,AA,TT,CC,AA,CC,GG,GG,GG,CC,GG,CC,TT,TT,AA,GT,AA,AG,TT,AT,CG,CC,GT,AA,AA,GG,CT,TT,AA,AC,TT,AA,AA,TT,AT,AA,TT,TT,CC,GG,TT,GG,AA,GG,CC,AA,AG,AC,AT,GG,TT,TT,AG,GG,GG,CC,AT,GG,AG,AA,CC,GG,CC,TT,CT,AT,TT,GG,CT,CC,TT,CT,CT,CG,GG,AA,AT,TT,CC,AA,AG,AA,CC,GT,TT,CG,TT,AA,AA,TT,GG,GG,CC,GG,CC,GG,TT,AG,CC,CC,CC,CC,AA,TT,AC,AA,CC,CT,AA,TT,AA,AA,GG,CC,CC,GG,AA,AA,AA,CC,GG,CC,CC,AA,AA,AG,TT,AG,AA,TT,CT,GG,CC,TT,TT,CT,CG,AT,GT,TT,AT,TT,GG,CC,AA,CT,CC,AC,CG,CC,NN,GG,AG,CC,TT,CC,TT,TT,GG,AT,AA,AA,TT,CC,GG,AC,AC,CC,GG,GG,AA,GG,NN,AA,AG,CC,GT,AA,AC,AA,AT,GG,TT,TT,AT,CG,GG,AA,CC,TT,GT,AA,GG,AA,TT,AA,TT,CC,TT,AA,CC,TT,GG,AA,CC,AG,CC,AT,TT,TT,GG,TT,AA,CC,AA,GG,CC,CC,GG,CC,GG,TT,AA,CC,GT,AG,CC,CC,AT,GG,CC,AA,CC,AT,AA,CC,CG,AC,AT,AA,GG,AT,AA,AA,AA,GG,AA,AA,AA,TT,CG,AA,AA,AC,AA,TT,AA,AA,GG,GG,CG,TT,AA,AA,TT,TT,TT,NN,AT,GG,NN,AA,4.92,Susceptible,Low,Standard,Medium
L0117,Anantapur,Andhra Pradesh,Kharif,Red Sandy,Rainfed,390,31.0,52,AC,CT,GG,AG,GG,CC,GG,AA,CC,CG,AA,CC,CG,TT,TT,GT,CG,TT,AT,NN,CC,GT,GT,CC,TT,CC,TT,TT,GG,AA,TT,CC,AA,CC,GG,GG,GG,CC,GG,CC,TT,CT,AA,GT,AA,NN,TT,TT,CC,AC,GT,AA,AA,GG,CC,GG,AA,AA,GT,AA,AA,GT,AT,AG,TT,TT,CC,GG,TT,GG,AA,GT,CC,AA,AG,AA,AA,GG,TT,TT,GG,GG,GG,CC,AA,GG,AA,AT,CC,GG,CC,TT,CT,AT,GT,AG,CT,CC,TT,CC,CT,CC,GG,AG,TT,TT,CC,AA,AG,AA,CT,GG,TT,CC,GT,AC,AA,TT,CC,GG,CC,AG,CC,GG,NN,AA,CC,CC,CC,CG,AA,GT,CC,AA,CC,CC,AA,TT,AA,AA,GG,CC,CC,GG,AA,GG,AT,CC,GG,CC,CC,AA,AA,GG,GT,GG,AA,GG,CC,GG,CC,TT,GG,CT,CC,AT,GT,TT,AA,TT,GG,CC,AG,CT,CC,CC,GG,CC,NN,GG,AA,CC,TT,CC,GT,GT,GG,AA,AA,AA,TT,CC,CG,AA,CC,CC,GG,GG,AC,GG,TT,AC,AA,CC,GT,AA,CC,AA,AA,GT,TT,AT,AA,GG,TT,AT,NN,TT,NN,AA,GG,AA,CT,AA,TT,CC,CT,AA,CC,CT,GG,AG,CC,GG,CC,TT,TT,GT,GG,AT,AA,CC,AA,GG,CC,CG,GG,CC,GG,AT,AA,CC,TT,GG,CC,CC,AA,AG,CG,AT,CC,AA,AA,CC,CG,CC,TT,AA,GG,AA,AA,CC,AA,AG,AG,AA,AA,TT,GG,CC,AA,CC,CC,CT,AA,AA,GG,GG,GG,TT,AT,AG,TT,NN,TT,AG,TT,GG,GG,AA,1.83,Resistant,Low,Premium,Early
L0118,Anantapur,Andhra Pradesh,Kharif,Red Sandy,Rainfed,390,31.0,52,AC,TT,GG,AG,GG,CC,GT,TT,CC,CC,AT,CC,CG,AT,TT,GT,GG,TT,TT,AA,CC,GT,TT,CT,NN,CC,TT,TT,TT,AA,TT,CC,AG,CC,GG,CG,GG,CC,GG,CC,TT,CT,AA,GT,AA,GG,TT,TT,NN,CC,GT,AA,AG,GG,CC,TT,AA,AA,GT,AA,AA,TT,AT,AA,NN,TT,CC,GG,TT,GG,AA,GG,CC,AG,AG,AC,AT,GG,TT,TT,GG,GT,GG,CC,AA,GG,AA,AA,CC,TT,CC,TT,CT,AA,TT,AG,TT,CC,TT,CC,CC,CG,GG,NN,TT,TT,CC,AA,AG,AA,CC,GG,TT,NN,TT,AA,AA,TT,CC,GG,CG,GG,CT,GT,TT,AA,CT,CC,CC,GG,AA,NN,CC,AA,CC,CC,AA,AT,AA,AA,CG,CC,CC,AG,AA,GG,AA,CC,GT,CC,CC,AG,AG,AG,GT,GG,AC,TT,CT,AG,CC,GT,TT,CT,NN,AT,TT,TT,AA,TT,GG,CC,AG,CT,CC,CC,CG,CC,AA,GG,AA,CC,TT,CC,GT,TT,GG,TT,AA,GG,TT,CC,CG,AA,AC,CC,GG,GG,AA,GG,TT,AA,AA,CC,GG,AT,AA,AT,AA,GG,TT,TT,AT,GG,GT,AA,CC,TT,TT,AA,GG,AA,TT,AC,TT,CC,CT,AC,CC,TT,GG,AG,CG,GG,AC,TT,TT,TT,GG,TT,AA,CC,AA,GG,CC,CG,GG,CC,GG,TT,AA,CC,TT,NN,CG,CC,AA,AG,CC,AT,CC,AA,AA,AC,CG,AC,AT,AA,CG,AA,AA,AA,AA,GG,AA,AA,AA,TT,GG,AA,AA,AC,AC,CT,AA,AA,GG,GG,GG,GT,AT,AG,TT,TT,TT,AG,TT,GG,CG,AA,2.9,Moderate,High,Standard,Medium
L0119,Anantapur,Andhra Pradesh,Kharif,Red Sandy,Rainfed,390,31.0,52,AA,TT,GG,GG,GG,CC,GG,AT,CC,CG,TT,CC,CG,TT,GT,GG,GG,TT,TT,AA,CC,GT,TT,CC,TT,CC,TT,TT,NN,AA,TT,CC,AA,CC,GG,GG,GG,CG,GG,CC,TT,CC,AA,TT,AG,GG,TT,TT,CC,AA,GG,AT,AG,GG,CC,TT,AA,AC,GT,AC,AA,TT,AA,AG,TT,AT,CC,GT,TT,GG,AG,GG,CC,AA,AG,AC,AT,AG,GT,TT,GG,GG,GT,CC,AA,GG,AA,AT,CC,GT,CC,TT,TT,AT,TT,GG,NN,CC,GT,CC,CC,CG,GG,AG,TT,TT,CC,AA,AA,AA,CC,GG,TT,CC,TT,NN,AA,AT,CC,AG,CG,GG,CT,GG,TT,AA,CT,CC,CC,CC,AA,TT,CC,AA,CC,CC,AA,TT,AA,AA,CC,CC,CC,AG,AA,AG,AA,CC,GG,CC,CC,AA,AA,NN,GT,GG,AC,TT,CT,GG,AA,TT,TT,CT,CC,AA,GT,CT,AA,AT,GG,NN,AG,CT,CC,CC,CC,CC,AA,GG,AG,CC,TT,CG,GG,TT,GG,AT,AA,AG,TT,CC,GG,AA,CC,CC,GG,GG,AA,GG,TT,AA,AG,CC,GG,AA,CC,AA,AA,GG,GT,TT,AT,NN,GT,AT,CC,TT,TT,AA,GG,AA,TT,AA,TT,NN,CT,AA,CC,CT,GG,GG,CC,AG,CC,TT,TT,GT,GG,AT,AA,CC,AA,GG,CC,CG,GG,CG,NN,TT,AA,CG,GG,GG,CC,CG,AA,GG,CC,AA,CC,AA,AA,AC,CC,CC,TT,AA,GG,AA,AA,AA,NN,GG,AA,AA,AA,TT,GG,AC,AG,AC,AC,TT,AA,AA,GG,AG,GG,TT,AA,AA,TT,TT,TT,AA,AA,GG,GG,AA,2.5,Susceptible,Medium,Poor,Early
L0120,Anantapur,Andhra Pradesh,Kharif,Red Sandy,Rainfed,390,31.0,52,AC,TT,GG,AG,GG,CC,GG,AT,CG,CC,AA,CC,CC,TT,TT,GT,CG,TT,TT,AA,CC,GT,GT,CT,TT,CC,TT,TT,GG,NN,TT,CC,AG,CC,GG,GG,GT,GG,GG,CC,TT,CT,NN,TT,AA,GG,TT,AT,CC,AC,GT,AA,GG,GG,CC,GT,AA,AC,GT,AA,AA,TT,AT,AG,TT,AT,CT,GG,TT,GG,AA,GT,AC,AA,GG,AC,AA,GG,TT,TT,GG,GG,GG,CC,AA,GG,AA,AT,CG,GT,AC,TT,CC,TT,TT,GG,TT,AC,GT,CC,CC,GG,GG,AG,AT,TT,CC,NN,AG,AA,CC,GG,TT,CG,GT,AA,AA,TT,CG,GG,CC,AG,CC,GG,CT,AA,CC,CC,AC,CC,AA,TT,CC,AA,CC,CC,AA,AT,AA,AA,GG,CC,CC,AG,AA,AG,AA,CC,GT,CC,CC,AA,AA,AG,GT,GG,AC,TT,TT,GG,CC,GG,TT,TT,CC,AA,TT,CT,AA,AT,GG,CC,GG,CC,CC,CC,GG,CC,AA,GG,GG,CC,TT,CC,GT,GT,CG,AT,AA,AG,TT,CC,CG,AA,CC,CG,GG,GG,CC,GG,TT,AA,AA,CC,GG,AT,AC,AA,AT,GG,TT,AT,AA,GG,GG,AT,CG,TT,GT,AA,GG,AA,TT,AA,TT,CC,TT,AA,CC,TT,GG,GG,CC,AG,NN,TT,CT,GT,GG,TT,AA,AC,AA,GG,CC,CC,GG,CC,GG,TT,NN,CC,TT,GG,CC,CC,AA,AG,CG,AA,CC,AA,AA,AC,CG,CC,TT,AA,GG,AA,AC,AA,AA,NN,AA,AA,AA,TT,CC,AC,AG,CC,AA,CT,AA,AA,GG,GG,GG,TT,AT,AA,GT,TT,TT,AG,TT,GG,CG,AA,3.28,Susceptible,Low,Premium,Late
L0121,Anantapur,Andhra Pradesh,Kharif,Red Sandy,Rainfed,390,31.0,52,AC,TT,GG,AA,GG,CC,GG,TT,CC,CC,AA,CC,GG,TT,GT,GG,CG,TT,NN,GG,CG,TT,TT,CC,TT,CC,TT,TT,GT,AA,TT,CC,NN,CC,GG,GG,GG,CG,GG,CC,TT,CT,AA,GT,AA,GG,TT,AT,CC,AC,GG,AA,AA,GG,CC,TT,AT,AA,GT,AC,AG,TT,TT,AA,TT,TT,CC,GG,TT,GT,AG,GG,CC,AA,GG,AA,AA,GG,GT,TT,GG,GT,GT,CC,AA,GG,AA,AA,CC,NN,CC,NN,CT,AT,GG,NN,CT,CC,GT,CC,CT,CG,GG,AA,AT,TT,CG,AA,AA,AC,CC,GG,TT,CC,TT,CC,AA,AT,GG,AG,CG,GG,CC,GG,TT,AG,CC,CC,AC,CC,NN,GG,CC,AA,CC,CC,AA,TT,AA,AT,CG,CC,CC,AG,AA,AG,AA,CC,GG,CC,CC,AA,AG,AG,TT,GG,AC,TT,CC,GG,CC,GT,TT,TT,CC,AA,TT,TT,AT,TT,GG,CC,AA,CC,CC,CC,CG,AC,AA,GG,AA,AC,TT,CC,GT,TT,GG,TT,AA,AA,TT,CC,GG,AA,CC,CC,GG,GG,AA,GG,TT,AC,AA,CC,GG,AT,CC,AA,AT,GT,TT,TT,AT,GG,GG,AT,CC,AT,GT,AA,GG,AA,TT,AA,TT,CC,CT,AC,CC,TT,GG,AG,CG,AA,CC,TT,CT,GT,GG,TT,AA,AC,AG,GG,CC,CC,GG,CC,GT,AA,AA,CC,TT,GG,CC,CG,AT,AG,GG,AA,CC,AA,AA,CC,CG,AC,TT,AA,GG,AA,AC,AA,AA,AA,NN,AA,AA,AT,GG,AA,GG,CC,CC,TT,AG,AA,GG,GG,NN,TT,AA,AA,GT,TT,TT,GG,AT,GG,GG,AA,3.18,Susceptible,Low,Premium,Medium
L0122,Anantapur,Andhra Pradesh,Kharif,Red Sandy,Rainfed,390,31.0,52,AC,TT,GG,AA,GG,CC,GG,AT,CC,CG,AA,CT,CC,AT,TT,GT,CG,TT,TT,AG,CC,TT,GT,CC,TT,CC,TT,TT,GG,AA,TT,CC,AA,CC,GG,CG,GG,CG,GG,CC,TT,CT,AA,TT,AA,AG,TT,TT,CC,CC,GG,AT,NN,GG,CC,GT,AT,AC,GG,AC,AA,NN,TT,AA,TT,AT,CC,GG,TT,GT,AA,GG,CC,AA,AA,AC,AA,GG,TT,TT,GG,GG,GG,CC,NN,GG,AA,AA,CC,GG,CC,TT,CT,TT,TT,GG,TT,CC,GT,CC,CC,CG,GG,AA,TT,TT,CC,AA,AG,AA,CT,GG,TT,CC,TT,AA,AC,TT,CC,AG,CG,GG,CC,GG,CC,AA,CC,CC,CC,CC,AA,TT,CC,AA,CC,CC,AA,TT,AA,AT,CG,CT,CC,GG,AA,AG,AT,AC,NN,CC,CG,AA,AA,GG,TT,GG,AC,GT,CT,GG,CC,GT,GT,TT,CC,AA,TT,CT,AA,TT,CG,CC,AA,TT,CC,CC,GG,CC,AA,AG,AA,CC,TT,CC,GT,NN,GG,AT,AA,AG,TT,CC,GG,AA,CC,CG,GG,GG,AA,CG,TT,AA,AA,CC,GT,AA,CC,AA,AT,GG,GT,AT,AA,GG,GG,AA,NN,TT,TT,AA,GG,AA,CT,AA,TT,CC,CT,AA,CC,CT,GG,GG,CC,AG,AC,TT,CC,GT,GG,TT,AA,AC,AA,GG,CC,CG,GG,CC,GG,AT,AA,CG,TT,GG,CC,NN,AA,GG,CC,AA,CC,AA,AA,AC,CC,AC,AT,AA,GG,AA,AA,CC,AA,AA,NN,AA,AA,AT,GG,AA,AA,AC,AC,TT,AA,AA,GG,GG,GG,TT,AA,AA,GT,TT,TT,AG,TT,GG,GG,AA,3.72,Moderate,Medium,Standard,Early
L0123,Anantapur,Andhra Pradesh,Kharif,Red Sandy,Rainfed,390,31.0,52,AC,TT,GG,AG,GG,CC,GT,AT,CC,CG,AA,CT,CG,AT,TT,GG,GG,TT,TT,AG,CG,TT,TT,CC,NN,CC,TT,TT,GG,AA,TT,CC,AA,CC,AG,CG,GG,CC,GG,CC,TT,TT,AA,GT,AA,GG,TT,AT,CC,AC,GT,AT,AA,GG,CT,TT,AA,AC,GT,AC,AA,TT,AT,AA,TT,AT,CC,GG,TT,GG,AA,GG,CC,AA,GG,AA,TT,NN,TT,TT,GG,GG,TT,CC,AT,GG,AA,AA,CC,TT,AC,TT,CT,AT,TT,GG,TT,NN,TT,CC,CT,GG,GG,AA,TT,TT,CG,AA,AA,AA,CC,GG,TT,CC,TT,AA,AA,TT,CG,GG,CC,GG,CC,GG,CT,AG,CC,CC,CC,CG,AA,TT,NN,AA,CC,CT,AA,AT,AA,AT,GG,CC,CC,GG,AG,AA,AA,CC,GT,CG,CC,AA,AG,GG,TT,GG,AA,TT,CT,GG,CC,GT,TT,TT,CC,AT,TT,NN,AA,AT,GG,CC,AG,CT,CC,AC,GG,CC,AA,GG,AG,CC,TT,CC,GT,TT,CG,AT,AA,AA,TT,CC,GG,AA,AC,CC,GG,GG,AA,GG,TT,AA,AA,CC,GG,NN,CC,AA,AA,GG,TT,AT,AA,CG,GT,AA,CG,TT,GT,AA,GG,AA,CT,AC,TT,CC,CT,AC,CC,TT,GG,AA,CC,AA,CC,TT,CC,GT,GG,TT,AA,CC,AA,GG,CC,CG,GG,CC,GG,AT,AG,CG,TT,GG,CC,CC,AA,GG,CG,AT,CC,AA,AA,AC,CC,AA,TT,AA,GG,AA,AA,AA,AA,AG,AG,AA,AA,AT,GG,AA,AA,AA,AA,CT,AA,AA,GG,GG,GG,TT,AA,AA,TT,TT,TT,AA,TT,GG,CG,AA,2.57,Moderate,Low,Premium,Early
L0124,Anantapur,Andhra Pradesh,Kharif,Red Sandy,Rainfed,390,31.0,52,AC,TT,GG,AG,GG,CC,TT,AT,CC,CC,AA,CC,CC,TT,TT,GT,GG,TT,TT,AA,CC,GT,GT,CC,TT,CC,TT,TT,GG,AA,CT,CC,AA,CC,GG,GG,GG,GG,GG,CC,TT,CT,AA,GT,AA,AG,TT,TT,CC,AA,GT,AT,AA,GG,CT,TT,AA,AC,GT,AA,AA,TT,TT,AG,TT,AT,CC,GG,CT,GT,AA,GG,AC,AA,GG,AC,AT,GG,TT,TT,GG,GT,GG,CC,AA,GG,AA,AA,CC,TT,CC,TT,CT,TT,GT,GG,TT,CC,TT,CC,CT,GG,AG,AA,TT,TT,CG,AA,AA,AA,CC,GG,TT,CC,TT,AA,AA,TT,CC,AG,CC,GG,CT,GG,CT,AG,CC,CC,CC,CC,AA,GT,CC,AA,CC,CC,AG,TT,AA,AT,GG,CC,CC,GG,AA,AA,AA,AC,GT,CG,CC,AG,AA,GG,GT,GG,NN,TT,CT,GG,AC,GT,TT,TT,CC,AA,TT,TT,AT,TT,GG,CC,AG,CC,AC,CC,GG,CC,AA,GG,GG,CC,GT,CC,GT,TT,CG,TT,AA,AA,TT,CC,GG,AC,CC,CC,GG,AG,AC,GG,TT,AC,AA,CC,GG,AT,CC,AA,AA,GG,TT,TT,AT,CG,GT,AT,CC,AT,TT,AA,GG,AA,TT,AA,TT,CC,TT,AC,CC,TT,GG,AG,CG,AA,CC,TT,CT,TT,GG,TT,AA,AC,GG,GG,CC,CG,GG,CG,GG,AA,AA,CG,TT,AG,CG,GG,AA,GG,CC,AT,CC,AA,AA,AC,CC,CC,AT,AA,GG,AT,AA,CC,AA,GG,GG,AA,AA,TT,CG,AC,AA,AC,AA,CT,AA,AA,GG,GG,GG,TT,AA,AG,GT,TT,TT,AA,TT,GG,CG,AA,2.29,Susceptible,Low,Poor,Late
L0125,Anantapur,Andhra Pradesh,Kharif,Red Sandy,Rainfed,390,31.0,52,AC,CT,AG,AG,GG,CG,GG,AT,CC,CC,AA,CC,CG,TT,TT,GG,GG,TT,AT,AG,GG,TT,GT,TT,TT,CC,TT,AT,GT,AA,TT,CC,AA,CC,GG,GG,GG,CC,GG,CC,TT,CT,AA,GT,AG,GG,TT,AT,CC,AC,GT,AA,AA,GG,CT,GT,AA,AA,GT,NN,AA,TT,AT,GG,TT,AA,CC,GG,TT,GG,AG,GT,CC,AA,AG,AC,AA,GG,GT,TT,GG,GG,GG,CC,AT,GG,AG,AA,CC,GG,CC,GT,CT,TT,GT,GG,TT,CC,TT,CC,CC,CG,AG,AA,TT,TT,CC,AA,AG,AA,CT,GG,TT,CC,TT,AC,AA,TT,CC,GG,CC,AG,CT,TT,TT,AG,CT,CC,CC,CC,AA,TT,CC,AA,CC,CC,AA,TT,AA,AT,GG,CC,CC,AG,AG,AG,AA,CC,GT,CC,CC,AA,AG,AG,TT,GG,AA,TT,CT,GG,AC,TT,TT,TT,CC,AA,GT,TT,AT,TT,GG,CC,AA,TT,AC,CC,GG,CC,AA,GG,AA,CC,TT,CC,GT,TT,CG,TT,AA,AA,TT,CC,GG,AA,AC,CG,GG,GG,AA,GG,CT,AC,AA,CC,GG,AT,AC,AT,AA,GG,TT,AT,AT,GG,GT,AT,CG,AT,TT,AA,NN,AA,TT,AA,TT,CC,TT,CC,CC,TT,CC,AA,CC,AG,CC,TT,CT,GG,GG,TT,AA,AC,AA,GG,CC,CG,GG,CC,GG,AT,AA,GG,GT,GG,CC,CC,AA,AG,CC,AT,CC,AA,AA,AC,CC,CC,TT,AA,CG,AA,AA,AA,AA,AG,AA,AG,AA,TT,GG,AA,AG,CC,AA,CT,NN,AA,GG,GG,GG,TT,AA,AA,TT,TT,TT,AG,AA,GG,GG,AA,0.56,Susceptible,High,Standard,Late
L0126,Anantapur,Andhra Pradesh,Kharif,Red Sandy,Rainfed,390,31.0,52,CC,TT,AG,AG,GG,CC,GT,TT,CC,GG,AA,CC,GG,TT,GT,GG,CG,TT,TT,AA,CC,TT,GT,CC,TT,CC,TT,TT,GG,AC,TT,CC,AA,CC,GG,GG,GG,CG,GG,CC,TT,TT,AA,TT,AG,GG,TT,TT,CC,AC,GG,AA,AG,GG,CC,TT,AA,AA,GG,AA,AA,GT,TT,AA,TT,AT,CC,GG,TT,GG,AA,GG,CC,AA,GG,AC,AT,GG,TT,TT,AG,GG,GT,AC,AA,GG,AA,AA,CG,GT,CC,TT,CC,AT,TT,AG,CT,CC,TT,CC,CC,CC,GG,AA,TT,TT,CC,AA,AA,AA,CC,GG,TT,CC,TT,AA,CC,TT,CC,AG,CC,GG,CC,GG,TT,AA,CC,CC,CC,CG,AA,GT,CC,AA,CC,CC,AA,AT,AA,AA,GG,CC,CC,GG,AA,AG,AA,CC,GG,CC,CC,AA,AA,GG,TT,AG,AC,GT,TT,GG,CC,TT,GT,TT,CG,AA,GT,TT,AT,TT,GG,CC,AA,CC,CC,CC,GG,CC,AA,GG,AA,CC,TT,CC,GT,TT,GG,TT,AA,AG,TT,CC,CG,AA,CC,CC,GG,GG,CC,GG,TT,AA,AG,CC,GG,AT,CC,AA,AA,GG,TT,TT,AA,GG,GG,AT,CG,AT,GT,AA,GG,AG,CC,AC,TT,CC,TT,AC,CC,TT,GG,AA,CC,AA,CC,TT,TT,GT,GG,TT,AA,CC,AA,NN,CC,CC,GG,CG,GG,AT,AA,CC,TT,AG,CC,CG,AA,AG,CC,AT,CG,AA,AA,CC,CC,AC,TT,AA,GG,AA,AA,AC,AA,GG,AA,AA,AA,TT,CG,AA,AA,CC,AA,TT,AA,AA,GG,AG,GG,TT,AT,AA,TT,TT,TT,AG,AT,CG,GG,AA,6.58,Susceptible,Medium,Premium,Late
L0127,Anantapur,Andhra Pradesh,Kharif,Red Sandy,Rainfed,390,31.0,52,AC,TT,GG,AA,CG,CG,GG,TT,CC,CC,AA,CC,CG,TT,TT,TT,GG,TT,TT,AA,CC,GT,GT,CC,TT,CC,GG,TT,GG,AC,TT,CC,AA,CC,GG,GG,GG,CC,GG,CC,TT,TT,AA,TT,AG,GG,TT,AA,CC,AC,GG,AT,AA,GG,CT,TT,AA,AC,GG,AC,AA,TT,NN,GG,TT,AT,CC,GG,TT,GG,AG,GT,AC,AA,GG,AA,AA,GG,TT,TT,GG,GG,GG,CC,AT,GG,AA,AA,NN,TT,CC,TT,CC,TT,GT,GG,CT,CC,TT,CC,CT,CG,AG,AA,AT,TT,CC,AA,AA,AA,CC,GG,TT,CC,TT,AA,AC,TT,CC,AG,CC,GG,CC,TT,NN,AG,CC,CC,CC,CC,AA,TT,CC,AA,CC,CC,AA,TT,AA,AT,CG,CC,CC,GG,AG,AG,AA,AC,GT,CC,CC,AA,AA,GG,GG,AG,AC,NN,TT,AG,CC,TT,GT,CT,CG,AT,TT,TT,AT,TT,GG,CC,AA,CC,CC,CC,GG,CC,AA,GG,AA,CC,TT,CC,GT,GT,GG,AT,AA,AG,TT,CC,CG,AA,CC,CC,GG,GG,AA,CG,TT,AC,AA,CC,GG,AT,AC,AA,AT,GG,TT,TT,AA,GG,GT,AA,CC,AT,GG,AA,GG,AA,TT,AC,TT,CC,TT,AC,CC,CT,GG,AG,CC,AA,AC,TT,CT,GT,GG,TT,AA,AC,AA,GG,CC,CC,GG,CC,GG,TT,AA,CG,TT,AG,NN,CC,AT,GG,CG,AT,CG,AA,AA,CC,CC,AC,AT,AA,GG,AA,AA,AC,AA,AA,AA,AA,AA,TT,GG,AC,AG,AC,AA,CT,AA,AA,GG,GG,GG,TT,AT,AA,GT,TT,TT,AA,TT,GG,GG,AC,3.42,Moderate,Low,Premium,Late
L0128,Anantapur,Andhra Pradesh,Kharif,Red Sandy,Rainfed,390,31.0,52,AC,TT,GG,AG,GG,CC,GG,TT,CC,CC,AA,CC,CC,TT,TT,GG,GG,TT,TT,AA,CC,TT,TT,CT,TT,CC,GT,AT,GT,AA,TT,CC,AA,CC,GG,GG,GG,CG,GG,CC,TT,TT,AA,TT,AA,GG,CT,AT,CC,AA,GG,NN,AA,GG,CC,GT,AA,AA,GG,AA,AA,GT,AT,AA,TT,AT,CC,GG,TT,GT,AA,GG,CC,AA,GG,AA,AT,AG,GT,TT,GG,TT,GG,CC,AA,GG,AA,AA,CG,GT,CC,TT,CC,TT,TT,GG,TT,AC,GT,NN,CT,CC,AG,AA,TT,TT,CC,AA,AA,AA,NN,GG,GG,CG,TT,AA,AA,TT,CC,GG,CC,GG,CC,GG,TT,AG,CT,CC,CC,CC,AA,TT,AC,AA,CC,CC,AA,TT,AA,AA,GG,CC,CC,GG,AA,AA,AA,AC,GG,CC,CG,AA,AA,GG,TT,GG,AA,TT,TT,GG,AC,TT,GT,TT,CC,AT,TT,NN,AT,AT,GG,CC,AA,CT,AC,CC,GG,CC,AA,GG,AG,CC,TT,CC,GG,GT,GG,TT,AA,AA,GT,CC,GG,AA,AC,CC,GG,GG,AA,GG,TT,CC,AA,CG,GG,AA,AC,AA,AA,GG,TT,AT,AA,CG,GT,AT,CC,AT,TT,AA,GG,AA,NN,AA,TT,CC,CT,AC,CC,TT,NN,AG,CC,AG,AC,TT,TT,TT,GG,TT,AA,CC,AA,GG,CG,CC,GG,CC,GG,TT,AG,CC,TT,GG,CC,CG,AA,AG,CC,AT,CC,AA,AA,CC,CG,NN,AT,AA,GG,AA,AA,CC,AA,AG,AA,AA,AA,TT,GG,AC,AG,CC,AA,TT,AG,AA,GG,GG,GG,TT,AA,AA,TT,TT,TT,AG,TT,GG,GG,AA,0.4,Moderate,Medium,Premium,Early
L0129,Anantapur,Andhra Pradesh,Kharif,Red Sandy,Rainfed,390,31.0,52,AC,CT,GG,AG,GG,CC,GG,AT,CC,CG,AA,CC,CG,AT,TT,GT,CG,TT,TT,AA,CC,GG,TT,CC,AT,CC,GT,AT,GT,AA,TT,CC,AA,CC,GG,GG,GG,CC,GG,CC,TT,TT,AA,TT,AA,AG,TT,AT,CC,AC,GG,AA,AG,GG,CT,GG,AA,AA,TT,AA,AG,TT,AT,AG,TT,TT,CT,GG,TT,GT,AG,GT,CC,AA,GG,AA,AT,GG,TT,TT,GG,GG,GT,NN,AA,GG,AA,AA,CC,TT,AC,TT,CT,TT,TT,GG,TT,CC,TT,CC,CC,GG,NN,AA,TT,TT,CG,AA,AG,AA,CT,GG,GT,CC,TT,AC,NN,TT,CC,AG,CG,GG,CT,GT,TT,AA,CC,CC,CC,CC,AA,TT,CC,AA,CC,CC,AA,TT,AA,AA,GG,CC,CC,GG,AA,GG,AA,CC,GT,CC,CC,AA,NN,GG,TT,GG,AA,GT,CT,AG,CC,GT,TT,TT,CC,AT,TT,CT,AA,AA,GG,CC,AG,CC,CC,CC,GG,AC,AA,GG,AG,AC,TT,CC,GG,TT,CG,AT,AA,AG,TT,CC,GG,AA,CC,CC,GG,GG,AC,GG,TT,AA,AG,CC,GG,AT,CC,AA,AA,GT,TT,AT,AT,CG,GG,AA,CC,TT,GT,AA,GG,AA,TT,AA,TT,CC,CT,AA,CC,TT,GG,AG,CC,AA,AC,TT,TT,TT,GG,AT,AA,NN,AG,GG,CC,CC,GG,CC,GG,TT,AA,CC,TT,GG,CC,CC,AA,GG,CC,AA,CG,AA,AA,AC,CC,NN,TT,AA,GG,AT,AA,AA,AA,GG,AG,AA,AA,TT,GG,AC,AG,AC,AC,TT,AA,AA,GG,GG,GG,TT,AA,AA,GT,TT,TT,AA,TT,GG,GG,AA,1.34,Susceptible,Low,Poor,Medium
L0130,Anantapur,Andhra Pradesh,Kharif,Red Sandy,Rainfed,390,31.0,52,AC,CT,AG,AG,GG,CC,TT,AT,CC,CC,AA,CC,CC,TT,TT,GG,GG,TT,TT,AA,CC,TT,GG,CT,TT,CC,GT,AT,GG,AA,TT,CC,AA,CC,GG,GG,GG,CC,GG,CC,TT,TT,AA,TT,GG,AG,CT,TT,CC,AA,GT,AA,AG,GG,CC,GG,AT,AA,GG,AA,AA,GT,AT,AA,TT,TT,CC,GG,TT,GG,AG,GG,CC,AA,AA,CC,AT,AG,TT,TT,GG,GG,GG,CC,AT,GG,AA,AA,CC,GT,CC,TT,CC,TT,TT,GG,CT,CC,TT,CC,CC,CG,AG,AA,AT,TT,CC,AA,AG,AA,CT,GG,NN,CG,GT,AA,AA,TT,CC,GG,CC,GG,CC,TT,CT,AA,CT,CG,AC,CC,AA,TT,CC,AA,CC,CT,AA,TT,AA,AA,GG,CC,CC,GG,AG,AA,AA,CC,GG,CC,CG,AG,AA,GG,TT,GG,AC,TT,CT,GG,CC,GT,TT,TT,CC,AA,GT,TT,AA,TT,GG,CC,AG,CT,CC,CC,GG,CC,AA,GG,AG,CC,TT,CC,GT,TT,GG,AT,AA,AA,TT,CC,GG,AA,NN,NN,GG,GG,AC,GG,TT,AC,AA,CC,GG,AA,CC,AA,AT,GG,GT,TT,AA,GG,GG,AT,CC,AT,GT,NN,GG,AA,TT,AC,TT,CC,TT,CC,CC,TT,GG,AG,CC,AG,CC,TT,TT,GT,GG,TT,AA,CC,AG,GT,CC,CG,GG,CC,GG,TT,AG,CC,GT,GG,CC,CC,AA,AG,CC,AA,CC,AA,AA,AC,CG,AC,TT,AA,GG,AA,AA,AC,NN,AA,GG,AG,AA,TT,GG,AC,AG,AC,NN,TT,AA,AA,GG,GG,GG,TT,AA,AA,TT,TT,AT,AG,TT,GG,GG,AA,1.72,Moderate,Medium,Standard,Early
L0131,Anantapur,Andhra Pradesh,Kharif,Red Sandy,Rainfed,390,31.0,52,AA,TT,GG,AG,GG,CC,GG,AT,NN,CG,AA,CT,CG,AT,TT,GG,CG,TT,TT,AA,CC,GT,GT,CC,TT,CC,TT,TT,GG,AA,TT,CT,AA,CC,GG,CG,GG,CC,GG,CC,TT,TT,AA,TT,AA,AG,TT,AT,CC,CC,GG,AA,AG,GG,CC,GT,AA,AC,GT,AA,AA,TT,TT,AA,TT,AT,CC,GG,CT,GG,AA,GG,CC,AA,GG,CC,AA,GG,TT,TT,GG,GG,GG,CC,AA,GG,AA,AA,CC,TT,AC,TT,CT,TT,TT,GG,TT,CC,TT,CT,CT,CG,AG,AA,TT,GT,CC,AA,AA,AA,CC,GG,TT,CC,TT,AA,AA,TT,CG,GG,CG,GG,CC,GT,TT,AA,CC,CC,CC,CC,AG,TT,CC,AC,CC,CC,AA,TT,AA,AA,GG,CC,CC,GG,AG,AA,AA,CC,TT,CC,CC,AA,NN,GG,TT,AG,AA,TT,TT,GG,CC,GT,TT,TT,GG,AA,TT,TT,AA,AT,GG,CC,AG,CT,CC,CC,CG,AC,AA,GG,AA,NN,TT,CG,TT,TT,GG,AT,AA,AA,TT,CC,GG,AA,AC,CC,GG,GG,AA,GG,TT,AC,AG,CC,GG,AT,CC,AA,AA,GG,TT,AT,NN,GG,GG,AA,CC,AT,GT,AA,GG,AA,TT,AA,TT,CC,TT,AA,CC,CT,CG,AG,CG,AG,CC,TT,CT,GT,GG,TT,AC,AC,AG,GG,CC,CC,GG,CC,GG,TT,AG,CC,GT,GG,CC,CG,AA,AG,CC,AT,CC,AA,AA,CC,CC,NN,TT,AA,GG,AA,AA,AA,AA,AA,AG,AG,AA,TT,GG,AA,AA,AA,AA,CT,AA,AG,CG,GG,CG,TT,AA,NN,TT,NN,TT,AA,AT,GG,GG,AC,1.62,Resistant,Medium,Standard,Late
L0132,Anantapur,Andhra Pradesh,Kharif,Red Sandy,Rainfed,390,31.0,52,AC,TT,GG,AA,GG,CC,GT,AT,CC,CG,AA,CT,CC,AT,TT,GG,GG,TT,AT,AG,CC,TT,GT,CC,TT,CC,TT,TT,NN,AA,TT,CC,AA,CC,AG,GG,GG,CG,GG,CC,TT,CT,AA,TT,AG,AG,TT,TT,CG,AC,GG,AA,AG,GG,NN,TT,AA,AA,GG,AA,AA,TT,NN,AA,TT,AT,CC,NN,TT,GG,AA,GG,CC,AA,GG,AA,TT,GG,GT,TT,GG,GG,GT,CC,AA,GG,AA,AA,CC,GT,CC,TT,CC,TT,TT,GG,TT,CC,GG,CC,CC,CC,AG,AA,TT,TT,CC,AA,AG,AC,CC,GG,TT,CG,TT,AA,AA,TT,CC,GG,CC,GG,CC,GG,TT,NN,CC,CC,CC,CC,AA,GT,CC,AA,CC,CC,AA,TT,AA,AT,CG,CC,CC,GG,AA,AA,AA,AC,GG,CC,CC,AA,AA,AG,TT,GG,AC,TT,TT,AG,CC,TT,TT,TT,CG,AT,TT,TT,AA,TT,GG,CC,AA,CC,CC,CC,CC,AC,AA,GG,GG,CC,TT,CC,GT,GT,GG,AA,AA,AA,TT,CC,GG,AA,CC,CC,CG,GG,AC,GG,CT,AA,AA,CC,GG,AA,CC,AT,TT,GT,TT,AT,AT,CG,GT,AA,CC,AT,GG,AA,GG,AA,CC,AA,TT,CC,TT,AA,CC,TT,GG,AA,CC,AG,AC,TT,TT,GT,GG,TT,AA,CC,AA,GG,CC,CC,GG,CC,GG,TT,AA,CC,TT,GG,CC,CC,AA,GG,CG,AA,CC,AA,NN,AA,CG,AC,AT,AA,CG,AA,AA,AC,AA,GG,AA,AG,AA,AT,GG,AA,AG,AC,AA,CT,AA,AG,CG,GG,GG,TT,AA,NN,GT,TT,TT,AA,TT,GG,GG,AA,3.56,Moderate,Low,Standard,Early
L0133,Anantapur,Andhra Pradesh,Kharif,Red Sandy,Rainfed,390,31.0,52,NN,TT,GG,AG,GG,CG,GG,AT,CC,CG,AA,CC,CG,TT,GT,NN,GG,TT,TT,AG,CC,TT,GT,CC,TT,CT,TT,AT,GT,AA,TT,CC,AA,CC,NN,GG,GG,CC,GG,AC,TT,CT,AC,TT,AA,AG,TT,TT,CC,AC,GG,AT,AA,GG,CC,GT,AT,AA,GG,AA,AA,TT,AT,AA,TT,TT,CC,GG,TT,GT,AA,GG,CC,AA,GG,AC,AT,GG,GT,TT,GG,GG,GG,CC,AA,GG,AA,AA,CC,TT,CC,TT,CT,TT,TT,AG,TT,CC,TT,CT,CT,CC,AG,AA,AT,GT,GG,AA,AG,AA,CC,GG,GT,CG,TT,AA,AC,AT,CC,GG,CC,GG,CC,GG,CT,AA,CC,CC,NN,NN,AA,TT,CC,AA,CC,CC,AA,TT,AA,AA,GG,CC,CC,AA,AA,GG,AT,CC,GT,CC,CC,AG,AA,GG,GT,GG,AC,TT,CT,GG,AC,GG,GT,TT,CC,AA,TT,TT,AA,AT,CG,CC,AA,CC,CC,CC,GG,CC,AA,GG,AG,CC,TT,GG,GT,TT,GG,AT,AA,AA,TT,CC,GG,AC,AC,CG,GG,AG,AC,GG,TT,CC,AA,CC,GG,AA,NN,AA,AT,GT,TT,AT,AT,GG,GT,AA,CG,AT,GT,AA,GG,AA,CT,AA,TT,CC,TT,AA,CC,CT,GG,GG,NN,AA,CC,TT,CT,TT,GG,NN,AA,AC,AG,GG,CC,CC,GG,CC,GG,TT,AA,CC,GT,GG,CG,CG,AA,GG,CC,AA,CC,AA,AA,CC,CG,CC,NN,AA,GG,AT,AC,AC,AA,GG,AA,AA,AG,TT,GG,AC,AA,AC,AA,CT,AA,AA,GG,GG,GG,TT,AT,AG,TT,TT,TT,AA,TT,GG,CG,AA,3.06,Moderate,Low,Standard,Early
L0134,Anantapur,Andhra Pradesh,Kharif,Red Sandy,Rainfed,390,31.0,52,CC,CT,AG,AG,GG,CC,GT,TT,CC,CG,AA,CT,CC,TT,TT,GT,GG,TT,TT,AA,CC,TT,TT,CC,AT,CC,TT,TT,GG,AA,CT,CC,AA,CC,GG,CC,GG,CG,GG,CC,TT,TT,AA,TT,AG,AG,CT,TT,CC,AC,GG,AA,NN,GG,CC,TT,AA,AC,GT,CC,AG,GT,AT,AA,TT,AT,CC,GG,TT,GG,GG,GG,CC,AA,GG,AC,AA,GG,TT,TT,GG,GG,GT,CC,AA,GG,GG,AT,CC,GT,NN,TT,CC,TT,TT,GG,TT,CC,GT,CT,CC,CC,AG,AG,AT,GT,CC,AA,AA,AA,CT,GG,GT,CG,TT,AC,AA,TT,CC,AG,CC,GG,CT,GG,TT,AA,CC,CC,CC,CC,AA,TT,NN,AA,CC,CC,AA,TT,AG,NN,GG,CC,CC,GG,AA,AG,AA,AC,GT,CC,CC,AA,AG,GG,TT,GG,CC,TT,CT,NN,CC,TT,TT,CC,CC,AA,TT,TT,AA,TT,GG,CC,AG,CT,CC,NN,GG,CC,AA,GG,AG,CC,TT,CC,GT,TT,GG,TT,NN,AA,GT,NN,GG,AA,CC,CC,GG,GG,AA,GG,TT,AA,AG,CC,GT,AT,CC,AA,AA,GG,GT,AT,AT,CG,GT,AT,CC,TT,TT,AA,GG,AG,CT,AA,TT,CG,TT,AA,CC,TT,GG,AA,CC,AA,CC,TT,TT,TT,GG,TT,AA,CC,AA,GG,CC,CC,GG,CC,GG,AT,AA,CC,TT,GG,CC,CC,AA,GG,CC,AA,CC,AA,AG,AC,CG,CC,TT,AA,CG,AA,AA,AC,AC,AG,AA,GG,AA,TT,GG,AA,AA,AC,AA,TT,AA,AA,GG,GG,GG,TT,AA,AA,TT,TT,TT,AA,AT,GG,GG,AA,3.7,Moderate,Medium,Standard,Early
L0135,Anantapur,Andhra Pradesh,Kharif,Red Sandy,Rainfed,390,31.0,52,NN,TT,GG,GG,NN,CC,GG,AT,CC,NN,AA,CC,CC,AT,TT,GG,GG,TT,TT,AG,CC,TT,TT,CT,TT,CC,GT,TT,GT,AA,TT,CC,AA,CC,GG,GG,GG,CG,GG,CC,GT,CT,AA,TT,AG,AG,TT,AT,CC,CC,GG,AA,AA,GG,CT,TT,AA,AA,TT,CC,AA,TT,AT,AA,CT,AT,CC,GG,TT,GT,AG,GG,CC,AA,GG,AA,AT,GG,TT,TT,GG,GT,GT,CC,AA,GG,AA,AT,CC,GT,CC,TT,CC,AT,TT,GG,CT,CC,GG,CC,CT,CC,GG,AA,AT,TT,CG,AG,AG,AA,CT,GG,TT,CC,TT,AA,AA,AT,CC,NN,CG,GG,CC,GT,TT,AG,CC,CC,CC,CC,AA,TT,AC,NN,CC,CC,AA,TT,AG,AT,GG,CC,CC,GG,AA,AG,AA,CC,GG,CG,CC,AA,AA,GG,TT,AG,AA,GT,CT,GG,AA,TT,TT,TT,CG,AA,TT,TT,AA,TT,GG,CG,AA,CC,CC,CC,CG,CC,AA,GG,AA,CC,TT,CC,TT,GT,GG,TT,AG,AA,TT,CC,GG,AC,AC,CC,GG,GG,AC,GG,TT,AA,AA,CC,GG,AT,AC,AA,AA,GG,TT,TT,AT,CG,GG,AA,CC,TT,TT,AA,GG,AA,TT,AA,TT,CC,TT,AA,AC,CT,GG,AA,CG,AG,CC,TT,CT,GG,GG,TT,AA,CC,AG,GT,CC,CC,GG,CC,GG,AT,AA,CC,GT,GG,CC,CC,AA,AG,GG,AA,CC,AA,AA,CC,CC,CC,TT,AA,GG,AA,AA,AC,AA,AA,AG,AA,AA,AT,GG,AA,AA,AC,AA,CC,AA,AG,GG,GG,GG,TT,AT,AG,TT,TT,TT,AG,AT,GG,NN,AA,2.65,Resistant,Low,Poor,Late
L0136,Anantapur,Andhra Pradesh,Kharif,Red Sandy,Rainfed,390,31.0,52,AC,TT,GG,AG,GG,CC,TT,TT,CC,CG,AA,CC,NN,TT,GT,GG,CG,TT,TT,AA,CC,GT,TT,CC,AT,CC,GT,AT,GG,AA,TT,CC,AG,CC,AG,CG,GG,GG,GG,AC,TT,TT,AC,TT,AA,GG,CT,AA,CC,AC,GT,AA,AG,GG,CC,TT,AA,AA,GT,AA,AA,TT,TT,AG,TT,TT,CC,GG,TT,GG,GG,GG,CC,AG,GG,AC,AT,GG,GT,TT,GG,TT,GG,CC,AA,GG,AA,AA,CC,GT,CC,TT,CT,TT,GT,GG,CT,AC,NN,CC,CC,CC,AG,AG,TT,TT,CG,AA,AG,AA,CC,GG,TT,CC,TT,AA,AA,TT,CC,AG,CG,GG,CC,GG,CT,AG,CT,CC,CC,CC,AG,TT,CC,AA,CC,CC,AA,TT,AA,AA,GG,CT,NN,GG,AA,AA,AA,CC,GT,CC,CC,AG,AG,AG,GT,GG,AA,TT,CT,GG,CC,TT,GG,TT,CC,AA,TT,CT,AT,NN,CG,CC,AA,CC,CC,CC,CG,AC,AT,GG,AA,CC,TT,CC,GT,TT,CG,TT,AA,AA,TT,CC,GG,AC,CC,CC,GG,AG,AC,GG,TT,AC,AA,CC,GG,AA,CC,AA,TT,GT,TT,AT,AT,GG,TT,AA,CC,TT,TT,AA,GG,AA,CT,AA,TT,CC,TT,AA,CC,TT,GG,AA,CC,AA,AC,TT,TT,TT,GG,TT,AC,CC,AG,GT,CC,GG,GG,CC,GG,TT,AA,CG,TT,AG,CC,CC,AT,GG,CG,AT,CC,AA,AA,AC,GG,AC,TT,AA,GG,AA,AC,AC,AC,AG,AG,AA,AA,TT,CG,AA,AG,AA,AA,CT,AG,AG,GG,GG,GG,GT,AA,AA,GT,AT,TT,AG,TT,GG,GG,AC,3.14,Resistant,Low,Premium,Medium
L0137,Anantapur,Andhra Pradesh,Kharif,Red Sandy,Rainfed,390,31.0,52,CC,TT,GG,AA,GG,CC,GT,TT,CC,CC,AA,CC,CC,TT,TT,GG,GG,TT,TT,AA,CG,GT,NN,CC,TT,CC,TT,AT,GT,AA,CT,CT,AA,CC,GG,GG,GG,CC,GG,CC,TT,CT,AA,TT,AG,AG,TT,TT,CC,CC,TT,AT,AA,NN,CT,TT,AA,AA,GT,AC,AA,TT,AT,AG,TT,AT,CC,GG,TT,GG,AA,GG,CC,AA,GG,CC,AT,GG,TT,TT,GG,GT,GG,CC,AA,GG,AA,AT,CC,GT,CC,TT,CC,TT,TT,AG,TT,CC,GT,CC,CC,CG,AG,AA,TT,TT,CC,AA,AA,AA,CC,GG,TT,CC,GT,AC,AA,TT,CC,AA,CG,AG,CC,TT,TT,AA,CC,CC,CC,NN,AA,TT,CC,AA,CC,CC,AA,TT,AA,TT,GG,CC,CC,GG,AG,AA,AA,CC,GT,CC,CC,AA,GG,AG,TT,AG,AC,GT,CC,GG,CC,TT,TT,TT,CC,AT,TT,TT,AT,TT,GG,CC,AA,CT,AC,CC,GG,CC,AA,GG,AG,CC,TT,CC,GG,TT,GG,AA,AA,AA,TT,CC,GG,CC,CC,CC,GG,GG,CC,GG,TT,AA,AA,CC,GG,AT,CC,AA,AT,GG,TT,AT,AA,GG,TT,AT,CC,AT,TT,AT,GG,AA,TT,AA,TT,NN,TT,AA,CC,CT,GG,AG,CC,GG,AC,TT,CT,TT,GG,AT,AC,AA,AA,GG,CC,CG,GG,CC,GG,AT,AA,CG,TT,GG,CG,CC,AA,GG,CC,AT,CC,AA,AA,AC,CG,CC,TT,AA,GG,AA,AC,CC,AA,AA,GG,AA,AA,AT,GG,AC,AA,AA,AC,CC,AG,AG,GG,GG,NN,GT,AA,AG,TT,TT,TT,AA,TT,GG,GG,AA,1.85,Moderate,Medium,Poor,Late
L0138,Anantapur,Andhra Pradesh,Kharif,Red Sandy,Rainfed,390,31.0,52,AC,TT,GG,AG,GG,CC,NN,TT,CC,CC,AA,CC,CC,AT,GT,GG,GG,TT,TT,AA,CC,TT,TT,CT,TT,CC,GT,TT,GG,AA,TT,CC,AA,CC,GG,CG,GG,CG,GG,CC,TT,CC,AA,TT,AA,GG,TT,AT,CC,AC,GG,AT,AA,GG,CC,TT,AA,AA,GT,AA,AA,TT,TT,AA,TT,AT,CC,GG,CT,GG,AG,GG,CC,AA,AA,AA,AA,GG,TT,TT,GG,GT,GG,NN,AA,GG,AA,AA,CC,GT,AC,TT,CC,TT,TT,AG,CT,CC,TT,CC,CC,CC,AG,AA,AT,TT,CC,AA,AG,AC,CC,GG,TT,CC,TT,AA,AC,TT,CG,GG,CG,GG,CC,GT,CC,AA,CC,CC,AC,CC,AA,TT,AC,AA,CC,CC,AA,AT,AA,AA,GG,CC,CC,GG,AA,AA,AA,AC,GG,CC,CC,AA,AA,GG,TT,AG,AA,TT,CC,AG,AC,TT,GT,TT,CC,AA,GT,TT,TT,NN,GG,CC,AA,CC,CC,AC,GG,CC,AA,GG,AG,CC,TT,CC,TT,TT,GG,TT,AA,AA,TT,CC,GG,AA,AA,CC,GG,GG,AC,GG,TT,CC,AA,CC,GG,AT,CC,AA,AA,GG,TT,TT,AT,CG,GT,AT,CG,AT,GT,AA,GG,AA,TT,AC,TT,CC,TT,AC,CC,TT,GG,AG,CG,AG,AC,TT,TT,GT,GG,NN,AA,CC,AA,GG,CC,CG,GG,CC,GG,AT,AA,CC,GT,GG,CC,CC,AA,AG,CC,AT,CC,AA,AA,CC,CC,CC,TT,AA,NN,AA,AA,AC,AA,GG,AA,AA,AA,AT,CG,AA,GG,CC,AC,CT,AA,AA,GG,GG,CG,TT,AA,AA,GT,TT,TT,AG,TT,GG,CG,AC,4.38,Resistant,Low,Premium,Late
L0139,Anantapur,Andhra Pradesh,Kharif,Red Sandy,Rainfed,390,31.0,52,AA,CT,GG,AG,GG,CG,GT,TT,CC,CG,AA,CC,CG,TT,TT,GT,GG,TT,TT,AA,CC,TT,TT,CC,TT,CC,TT,TT,GG,AA,TT,CC,AA,CC,GG,GG,GG,CC,GG,CC,TT,CT,AA,TT,AA,AA,CT,TT,CC,CC,GG,AA,AG,GG,CC,GT,AA,AC,GT,AC,AG,TT,TT,NN,TT,TT,CT,GG,TT,GG,GG,GT,CC,AG,GG,AA,AT,GG,GT,TT,AG,GT,GG,CC,AA,GG,AA,AA,CC,GG,CC,GT,NN,TT,GT,GG,TT,CC,GT,CC,CC,CC,AA,AG,TT,TT,CC,AA,AG,AC,TT,GG,TT,CC,GT,AA,AA,TT,CG,GG,CC,GG,CC,GT,TT,AA,CT,CC,AC,CC,AA,TT,CC,AA,CC,CC,AA,TT,AG,AA,GG,CC,CC,GG,AA,AG,AA,CC,GG,CG,CC,AA,AG,AG,TT,GG,AA,GT,TT,AG,AC,GG,TT,TT,CC,AA,GT,TT,AT,TT,GG,CC,AG,TT,CC,CC,CG,CC,AA,GG,AA,CC,TT,CC,GT,GT,GG,TT,AG,AA,TT,AC,GG,NN,CC,CC,GG,GG,AA,GG,TT,AA,AA,CC,GG,AA,AA,AA,AT,GG,TT,AT,AA,CG,GT,AA,GG,TT,TT,AA,GG,NN,CT,CC,TT,CC,CT,AA,CC,TT,NN,AA,CG,AG,AC,TT,TT,GG,NN,TT,AA,AC,AA,GG,CC,CG,NN,CC,GG,NN,AG,CC,TT,AG,CC,CC,AA,AG,CG,AA,CC,AA,AA,CC,CG,CC,TT,AG,GG,AA,AA,AA,AA,GG,AG,AG,AA,AT,NN,AA,AA,CC,AA,TT,AA,AA,GG,GG,GG,TT,AA,AA,GT,TT,TT,AA,TT,GG,CG,AA,1.63,Susceptible,Medium,Poor,Late
L0140,Anantapur,Andhra Pradesh,Kharif,Red Sandy,Rainfed,390,31.0,52,AA,TT,GG,AA,GG,CC,GG,TT,CC,CC,AA,CC,CG,AT,TT,GT,CG,TT,TT,AA,CC,GG,GT,CC,TT,CC,TT,AT,NN,AA,TT,CC,AA,CC,AG,CG,GG,CG,GG,CC,TT,CT,AC,TT,NN,AG,TT,TT,CC,AC,GG,AA,AA,GG,CC,GG,AA,AA,TT,AA,AA,TT,TT,AG,TT,AT,CC,GG,TT,GG,AA,GG,CC,AA,GG,CC,AT,GG,TT,TT,GG,GG,GG,CC,AA,GG,AA,AA,CC,GT,AC,TT,CC,AT,TT,AG,TT,CC,GT,CC,CT,CG,AA,AG,TT,TT,CC,AG,AA,AA,CC,GG,GT,CG,GT,AA,AA,TT,CC,AG,CC,GG,CC,GT,TT,AG,CT,CC,CC,CC,AA,TT,CC,AA,CC,CC,AA,TT,AG,AA,NN,CC,CG,GG,NN,GG,AT,CC,GT,CC,CC,AA,AG,GG,TT,AG,AA,GT,CT,GG,AA,TT,TT,TT,CC,AA,GT,TT,AA,TT,CG,CC,AA,TT,CC,CC,CG,CC,AA,GG,AG,NN,TT,CC,GG,TT,CG,AA,AA,AA,TT,CC,GG,AA,CC,CC,GG,GG,CC,CG,TT,AC,AA,CC,GG,AA,CC,AA,AA,GG,TT,AA,AA,GG,TT,AA,CG,TT,TT,AA,GG,AA,CT,AA,TT,CG,CT,AC,CC,CT,CG,AG,CG,AA,CC,TT,TT,TT,GG,TT,AC,AC,AA,GG,CC,CC,GG,CC,GT,AT,AA,CC,GT,GG,CC,CC,AA,GG,CC,AA,CC,NN,AA,CC,CG,AC,TT,AA,GG,AA,AA,AA,AA,AA,AA,AG,AA,TT,CG,AA,AG,CC,AA,NN,AA,AG,GG,GG,GG,TT,AA,AA,GT,TT,TT,AA,AT,GG,GG,AA,0.41,Moderate,High,Poor,Late
L0141,Anantapur,Andhra Pradesh,Kharif,Red Sandy,Rainfed,390,31.0,52,AA,TT,GG,AG,GG,CC,GG,TT,CC,CC,AT,CC,CG,TT,TT,GG,CG,TT,NN,AA,CC,TT,GT,CC,TT,CC,TT,TT,GG,AA,TT,CT,AA,CC,GG,CG,GG,CC,GT,CC,TT,CT,AA,TT,GG,GG,TT,TT,CC,AC,GG,AA,AA,GG,CC,TT,AT,CC,GG,AC,AA,TT,AT,AG,TT,AT,CC,GG,TT,GG,AA,GG,CC,AA,AG,AC,AA,GG,TT,TT,GG,GG,GT,CC,AA,GG,AA,AA,CC,GT,AC,TT,CC,TT,TT,GG,TT,CC,GT,CC,CC,CC,AA,AA,AT,TT,CC,AA,AA,AA,CC,GG,TT,CC,TT,AC,AA,TT,CG,GG,CC,GG,CC,GG,TT,AA,CT,CC,AC,CC,AA,TT,AC,AA,CC,CC,AA,TT,AA,AA,GG,CT,CG,GG,AG,AG,AA,CC,GT,CG,CC,AA,AG,GG,TT,GG,AC,TT,CT,GG,AC,GT,GT,TT,CG,AA,TT,TT,AA,TT,GG,CG,AA,CT,CC,CC,CG,CC,AA,GG,AA,CC,TT,CG,TT,TT,GG,TT,AA,AA,TT,CC,CC,AC,CC,CC,GG,GG,AC,GG,TT,AA,AA,CC,GT,AT,CC,AA,TT,GG,TT,AT,TT,GG,GG,TT,CG,AT,TT,AA,GG,AA,TT,AA,TT,CC,CT,AA,CC,TT,GG,AG,CC,AA,CC,TT,TT,GT,GG,TT,AA,CC,AA,GG,CC,CG,GG,CC,GG,AT,AA,CC,TT,GG,CC,CC,AA,NN,CC,AA,CC,AT,AA,AC,CG,CC,AT,AA,GG,AA,AA,AC,AA,GG,AG,AA,AA,TT,GG,AC,AA,CC,AA,TT,AA,AA,GG,GG,GG,TT,AA,AG,GT,TT,TT,AG,TT,GG,GG,AA,3.25,Moderate,Medium,Standard,Late
L0142,Anantapur,Andhra Pradesh,Kharif,Red Sandy,Rainfed,390,31.0,52,AA,TT,GG,AA,CG,CC,GG,TT,CC,CC,AA,CT,CG,TT,TT,GG,GG,TT,TT,AG,CC,GT,GT,CC,NN,CC,GT,TT,GG,AA,TT,CC,AA,NN,GG,GG,GG,CC,GG,CC,TT,TT,AA,TT,AA,AA,TT,TT,CC,CC,GG,AA,AA,GG,CC,TT,AA,CC,GG,AA,AA,TT,TT,AA,TT,AT,CC,GG,TT,GG,AA,GT,AC,AG,GG,AA,AA,GG,TT,TT,GG,TT,GT,CC,AA,GG,AA,AA,CC,TT,CC,TT,CT,AT,TT,GG,TT,CC,GT,CC,CT,CC,AG,AA,TT,TT,CG,AA,AA,AA,NN,GG,TT,CC,TT,AA,AA,TT,CC,AG,CG,AG,NN,GG,CT,AG,CC,CC,CC,CC,AA,TT,CC,AA,CC,CT,AA,AT,AA,AA,GG,CC,CC,GG,AA,AA,AA,CC,GG,CC,CC,AA,AG,NN,TT,GG,AC,TT,TT,GG,CC,GT,GT,TT,CC,AA,TT,TT,AA,TT,CC,CC,AA,CC,CC,CC,GG,CC,AA,AG,NN,AC,TT,CC,TT,GT,GG,AT,AA,GG,TT,CC,CG,AA,CC,CC,GG,GG,AA,GG,TT,AA,AG,CC,GG,AA,AC,AA,AT,NN,TT,AT,AA,GG,GT,AA,GG,TT,TT,AA,AG,AA,NN,NN,TT,CC,TT,AA,CC,CT,GG,GG,CC,AA,CC,TT,CT,GT,GG,TT,AA,CC,AA,GG,CC,CC,GG,CC,GG,AT,AA,CC,TT,GG,CC,CC,AA,GG,CC,TT,CC,AA,AA,CC,CG,CC,AT,AA,GG,AA,AA,AC,AC,GG,AA,AG,AA,AT,GG,AC,NN,NN,AC,CC,AA,AA,GG,GG,GG,TT,AA,NN,TT,TT,TT,AG,TT,GG,GG,AA,5.46,Susceptible,Low,Standard,Early
L0143,Anantapur,Andhra Pradesh,Kharif,Red Sandy,Rainfed,390,31.0,52,AC,TT,GG,AA,GG,CC,GT,AT,NN,CG,AT,CC,CC,TT,GT,GG,GG,TT,TT,AA,CG,TT,GT,CT,TT,CC,TT,TT,GG,AA,CT,CC,AA,CC,GG,GG,GG,CC,GG,CC,TT,CT,AA,GT,AA,GG,TT,TT,NN,AC,GG,AT,AA,GG,CC,TT,AA,AC,GT,AC,AA,TT,AT,AA,TT,TT,CC,GG,TT,GG,AA,GG,CC,AA,GG,AA,AT,GG,TT,CT,GG,GG,GG,CC,AT,GG,AA,AA,CC,GG,CC,GT,CC,TT,GT,GG,TT,CC,GG,CC,CC,CG,AG,AG,TT,TT,CC,AA,AA,AA,TT,GG,TT,CG,TT,AC,AA,TT,CG,AG,NN,GG,CC,TT,CC,AA,CC,CC,CC,CC,AA,GT,AC,AA,CC,CC,AA,AT,AA,NN,GG,CC,CC,GG,AA,GG,AA,CC,GG,CC,CC,AA,AA,AA,TT,GG,AC,TT,TT,GG,CC,TT,GT,TT,CC,AA,GT,TT,AA,TT,GG,CC,AA,TT,CC,CC,GG,CC,AA,GG,GG,CC,TT,CC,NN,GT,GG,AT,GG,AA,TT,CC,CG,AC,AC,NN,GG,GG,AC,GG,TT,AA,AG,CC,GT,AA,CC,AA,TT,GG,TT,TT,AT,GG,TT,AT,CC,TT,NN,AA,GG,AA,CT,AA,TT,CC,TT,AA,CC,CT,GG,AG,CC,AG,CC,TT,TT,GT,GG,TT,AA,AC,GG,GG,CC,CG,GG,CC,GG,AT,AA,CC,TT,GG,CC,CG,AA,GG,CC,NN,CC,AT,AA,CC,CG,AC,TT,AA,GG,AA,AA,AA,AA,GG,AA,AA,AA,TT,GG,AA,NN,CC,AA,CT,AG,AA,GG,GG,GG,TT,AA,AA,TT,TT,TT,AG,TT,GG,GG,AA,2.79,Resistant,Low,Premium,Medium
L0144,Anantapur,Andhra Pradesh,Kharif,Red Sandy,Rainfed,390,31.0,52,AC,TT,AG,AA,GG,CG,GT,TT,CC,CC,AA,CC,CC,TT,GT,GG,GG,TT,TT,AG,CC,TT,GT,CC,TT,CC,TT,TT,GT,AA,TT,CC,AA,CC,AG,CG,GG,CC,GG,CC,TT,TT,AA,GT,AA,AG,TT,TT,CC,AC,GG,AA,AA,GG,CT,TT,AA,AA,GT,AA,AA,GT,AA,GG,TT,AT,CC,GG,TT,GG,AG,GG,CC,AA,GG,AC,AA,AG,TT,NN,GG,GG,GG,CC,AA,GG,AA,AA,CC,GT,CC,TT,CT,TT,GT,GG,TT,CC,GT,CC,CC,CC,AG,AA,TT,TT,CC,AA,GG,AC,CC,GG,TT,CG,TT,AA,AA,TT,CG,GG,CG,AG,CC,GT,TT,AA,CC,CC,CC,CC,AA,TT,CC,AA,CC,CC,AA,TT,AA,AA,GG,CT,CC,GG,AG,AG,AA,CC,GG,CC,CG,AA,AA,AG,TT,GG,AA,TT,TT,GG,AC,GT,GT,TT,CC,AT,TT,CC,AA,TT,GG,CG,AA,CT,CC,CC,CC,CC,AT,GG,AG,CC,TT,CC,GT,NN,GG,AT,AA,AG,TT,NN,CG,AC,CC,CC,GG,GG,AC,GG,TT,AA,AA,CC,GG,AT,CC,AA,AA,GG,GT,TT,AA,GG,TT,AT,CC,AT,TT,AA,GG,AA,CT,NN,TT,CC,TT,AA,CC,CT,CC,AG,CC,AG,AC,TT,TT,GT,GG,TT,AA,CC,AA,GG,CC,CG,GG,CC,GG,AA,AA,CC,TT,GG,CC,CC,AA,GG,CG,AA,CC,AA,AA,CC,GG,AC,TT,AG,GG,AA,AA,AC,AA,GG,AA,AG,AA,TT,GG,AA,AA,CC,AA,CT,AA,AG,GG,GG,GG,TT,AT,AG,TT,TT,TT,AA,AA,GG,GG,NN,2.21,Susceptible,Low,Standard,Early
L0145,Anantapur,Andhra Pradesh,Kharif,Red Sandy,Rainfed,390,31.0,52,AC,TT,GG,AA,GG,CG,GG,AT,CG,CG,AA,TT,CC,TT,TT,NN,CG,TT,TT,AG,CG,TT,TT,CC,TT,CC,TT,TT,GG,AC,TT,CT,AA,AC,GG,GG,GG,CG,GG,CC,TT,CT,AA,TT,AG,AG,TT,TT,CC,AC,GT,AT,AA,GG,CC,GT,AA,AA,GT,AC,AA,GT,TT,AA,TT,AT,CC,GG,TT,GG,GG,GG,CC,AA,AG,AC,TT,GG,NN,TT,GG,GT,GG,NN,AA,GG,AA,AT,CG,TT,CC,TT,CT,TT,TT,GG,TT,CC,TT,CC,CC,CG,AA,AA,TT,TT,CC,AA,AG,AA,CC,GG,GT,CC,TT,AC,AA,TT,CG,AG,CG,GG,CT,GG,TT,AA,CC,CC,CC,CC,AA,TT,CC,AA,CC,CC,AA,AT,AA,AT,GG,CT,CC,GG,AA,AG,AA,CC,GT,CC,CC,AA,AA,AG,TT,GG,AA,GT,TT,GG,CC,TT,GT,TT,CC,AA,TT,TT,AT,TT,GG,CC,AA,NN,CC,CC,CG,AC,AA,GG,AG,CC,TT,CC,GG,TT,GG,AT,AA,AA,TT,CC,GG,AA,CC,CC,GG,GG,AA,CG,TT,AC,GG,CC,GG,AA,AC,AA,AA,GT,TT,AT,AA,GG,GG,AT,CC,TT,GT,AA,GG,AA,CT,AA,TT,CC,TT,NN,CC,TT,GG,AA,CC,AA,CC,TT,CT,NN,GG,AT,NN,CC,AG,GG,CC,CC,GG,CC,GG,TT,AA,CC,TT,GG,CC,CG,AA,AG,CC,AT,CC,AT,AA,AC,CC,CC,TT,AA,GG,AA,AA,CC,AA,AG,GG,AA,AA,TT,GG,AA,AG,AA,AA,CT,AA,AA,CG,GG,CG,TT,AA,AA,TT,TT,TT,AA,NN,GG,GG,AA,2.29,Susceptible,Low,Premium,Medium
L0146,Anantapur,Andhra Pradesh,Kharif,Red Sandy,Rainfed,390,31.0,52,AA,CT,GG,GG,GG,CC,GT,TT,CC,CG,AT,CC,CC,TT,TT,GG,GG,TT,TT,AA,CC,TT,GT,CC,TT,CC,GT,AT,GG,AA,TT,CT,AG,CC,GG,GG,GG,CC,GG,CC,TT,CC,AC,TT,AG,AG,TT,AT,CC,AA,GG,AA,AA,GG,CC,GT,AA,AC,TT,AA,AG,TT,TT,AA,CT,AT,CC,GG,TT,GT,AG,GG,NN,AA,GG,AA,AT,GG,TT,TT,GG,GG,GT,AC,AA,GG,AA,TT,CC,GT,CC,TT,CT,TT,TT,GG,CT,CC,NN,CC,CT,CC,GG,AA,AT,TT,CC,AA,AG,CC,TT,GG,TT,CC,GT,AA,AC,TT,CC,AG,CC,GG,CC,GT,TT,AA,CC,CC,CC,CC,AA,TT,CC,AA,CC,CT,AA,AT,AA,AA,GG,CC,CC,GG,AG,AA,AA,CC,GG,CC,CC,AG,AG,AG,GT,GG,AA,NN,TT,GG,CC,TT,TT,TT,CC,AA,GT,TT,AA,AT,CG,CC,AA,CT,CC,CC,GG,AA,AA,AG,AG,CC,TT,CC,GG,TT,CG,AT,AA,AA,TT,CC,GG,AA,AC,CC,GG,GG,AA,GG,TT,AC,AA,CC,GG,AA,AC,AA,AA,GG,GT,TT,AA,GG,GT,AA,CG,AA,TT,AT,GG,AA,CT,AA,TT,CC,CT,AA,CC,TT,GG,GG,CG,GG,CC,AT,TT,TT,GG,NN,AC,AC,AA,GG,CC,CC,GG,CG,GG,TT,AA,CG,TT,GG,CG,CC,AT,GG,CG,AT,CC,AA,AA,AA,CC,AA,TT,AA,GG,AA,AA,AC,AA,GG,GG,AA,AA,TT,GG,AA,AA,CC,AA,CT,AA,AA,GG,GG,GG,TT,AA,AG,TT,TT,TT,AA,TT,GG,GG,AA,1.54,Resistant,High,Standard,Late
L0147,Anantapur,Andhra Pradesh,Kharif,Red Sandy,Rainfed,390,31.0,52,AC,TT,GG,AG,GG,CG,NN,TT,CC,CG,AT,NN,CG,TT,TT,GG,GG,TT,AT,AA,GG,GT,GT,CC,TT,CC,GT,TT,GG,AA,TT,CT,AA,CC,GG,CG,GG,CG,GG,CC,TT,CT,AA,GT,AG,GG,TT,TT,CC,AA,GG,AT,AA,GG,CT,TT,AT,AA,GG,AA,AA,TT,AA,AG,TT,TT,CC,GG,CT,GT,AA,GT,CC,AA,GG,AC,AT,GG,TT,TT,GG,GG,GG,CC,AA,GG,AA,AA,CC,GT,CC,TT,TT,AT,GT,GG,TT,CC,TT,CC,CC,GG,GG,AA,TT,TT,CC,AG,AG,AA,CT,GG,TT,CC,NN,AA,AA,TT,CC,AG,CC,GG,CC,GG,TT,AA,CT,CC,CC,CC,AA,TT,CC,AA,CC,CC,AA,TT,AA,AA,GG,CC,CG,GG,AA,AA,AA,AC,GG,CC,CG,AA,NN,GG,TT,AG,AA,TT,CT,GG,CC,GT,TT,TT,CC,TT,TT,CT,AT,NN,GG,CC,AA,CT,CC,CC,CG,AC,AA,GG,AG,CC,TT,CC,GG,TT,GG,AA,AA,AA,TT,CC,NN,CC,CC,CC,GG,GG,CC,GG,TT,AA,AA,CC,GG,AA,AC,AA,AA,GG,TT,TT,AT,GG,GG,AT,CC,TT,TT,AA,GG,AA,TT,AA,TT,CC,TT,AC,CC,CT,GG,AA,CG,AA,CC,TT,TT,GT,GG,AT,AC,NN,AA,GG,CC,CG,NN,CC,GG,TT,AA,CC,TT,GG,CC,CC,AA,AG,CC,AT,CC,AA,AA,CC,CC,AC,TT,AA,GG,AA,NN,AA,AA,GG,AG,AG,AA,TT,GG,AA,AA,CC,AA,TT,AA,AA,GG,GG,CG,GT,AA,AG,TT,TT,AT,AA,AT,GG,GG,AC,0.4,Resistant,High,Premium,Early
L0148,Anantapur,Andhra Pradesh,Kharif,Red Sandy,Rainfed,390,31.0,52,AA,TT,GG,AA,GG,CC,GG,TT,CC,CC,AA,CT,CG,TT,TT,GG,CG,TT,AT,AA,CC,GT,GT,CC,TT,CC,TT,TT,GT,AA,TT,CT,AA,CC,AG,GG,GG,CC,GG,CC,TT,CT,AA,TT,AA,GG,TT,AT,CC,AC,GG,AA,AA,GG,CT,GT,AA,AC,TT,AC,AA,GT,AA,AG,TT,AT,CC,GG,TT,GG,AG,GG,CC,AG,GG,AA,AA,GG,TT,TT,AG,GG,GG,CC,AT,GG,AA,AT,CC,TT,CC,TT,CC,TT,TT,GG,TT,CC,TT,CC,CC,CG,AG,AA,TT,TT,CG,AA,AA,AA,CC,GG,TT,CG,TT,AA,AA,TT,GG,GG,CC,AG,CT,GG,CT,AA,CC,CC,CC,CC,AA,TT,CC,AA,CC,CC,AA,TT,AA,AA,GG,CT,CC,AG,AA,AA,AA,CC,GG,CC,CC,AA,AA,GG,GG,GG,AC,TT,CC,GG,AC,GT,GT,TT,CC,AA,GT,TT,TT,AT,GG,CC,AA,CT,CC,CC,GG,CC,AA,GG,GG,CC,TT,CC,GT,TT,CG,TT,AA,AA,TT,CC,GG,AC,CC,CC,GG,GG,AA,GG,TT,AC,AG,CG,GG,AA,CC,AA,NN,GG,TT,AT,AT,CG,GG,AA,CG,TT,TT,AA,GG,AA,TT,AA,TT,CC,CT,AA,CC,CT,GG,AA,CC,GG,CC,TT,CT,GG,GG,AT,AA,AC,AG,GG,CC,CG,GG,CC,GG,AT,AA,CG,TT,GG,CG,CC,AA,AG,CC,AA,CC,AA,AA,CC,CC,AA,TT,AG,GG,AA,AA,AC,AA,AG,AA,AA,AA,AT,GG,AA,AA,AA,AC,CT,AA,AA,CG,GG,GG,TT,AA,AA,TT,TT,TT,NN,TT,GG,GG,AA,1.35,Susceptible,Low,Standard,Late
L0149,Anantapur,Andhra Pradesh,Kharif,Red Sandy,Rainfed,390,31.0,52,CC,TT,GG,AG,GG,CC,GG,TT,CC,CG,AA,CC,CG,TT,TT,GG,GG,TT,TT,AA,CC,GT,GG,CC,TT,CC,GG,TT,GT,AA,TT,CC,AA,CC,GG,GG,GG,CC,GG,CC,TT,CT,AC,TT,AG,GG,TT,AT,CC,AC,GG,AA,AG,GG,CC,TT,AA,AC,GT,AA,AA,TT,TT,AG,CT,AT,CC,GG,TT,GG,AG,GT,CC,AA,GG,AA,AA,GG,TT,TT,AG,NN,GG,CC,AA,GG,AA,AT,CC,TT,AC,TT,CC,TT,TT,AA,TT,AC,TT,CT,CC,CC,AG,AA,TT,TT,CC,AA,AA,AA,CC,GG,TT,CC,TT,AA,AA,TT,CG,AG,CC,AG,CC,GT,TT,AG,CC,CC,CC,CC,AA,GT,CC,AA,CC,CC,AG,TT,AA,AA,GG,CC,CC,GG,AA,AA,AA,CC,GT,CC,CC,AA,AG,GG,TT,GG,AC,TT,TT,GG,CC,GT,TT,TT,CC,AT,GT,TT,AT,AA,GG,CC,AG,TT,CC,CC,GG,CC,AA,GG,AG,CC,TT,CC,GG,TT,GG,TT,AA,AG,TT,CC,GG,AA,AC,CC,GG,GG,AA,GG,TT,AA,AA,CC,GG,AA,AA,AA,AA,GG,TT,AT,AA,CG,GT,AA,CG,AT,GT,AA,GG,AA,TT,AC,TT,CC,TT,AC,CC,CT,GG,GG,CC,AA,CC,TT,CC,GG,GG,TT,AA,AC,AA,GG,CG,CC,GG,CC,GG,AT,AA,CC,TT,GG,CC,CC,AA,GG,CC,AA,CC,AA,NN,AC,CG,CC,AT,AA,GG,AA,AA,AA,AA,AG,AA,AG,AA,AA,GG,AC,AA,AC,AC,CT,AG,AA,CG,GG,GG,TT,AA,AA,TT,TT,AT,AA,AT,GG,GG,AA,0.8,Susceptible,High,Premium,Late
L0150,Anantapur,Andhra Pradesh,Kharif,Red Sandy,Rainfed,390,31.0,52,AA,TT,AG,AG,GG,CC,GG,AT,CC,CC,AA,CC,CG,TT,GT,GT,CG,TT,AT,AA,CC,GT,NN,CT,AT,CC,NN,TT,GG,AC,TT,CC,AA,CC,GG,GG,GG,NN,GG,CC,TT,CT,AA,TT,AA,GG,TT,TT,CC,AC,GG,AA,AA,GG,CC,GT,AA,AC,NN,AA,AA,TT,NN,AA,TT,TT,CC,GG,TT,TT,AA,GG,CC,AA,GG,AA,TT,GG,TT,CT,GG,NN,GG,CC,AA,GG,AA,AA,CC,GT,CC,TT,CC,TT,TT,GG,TT,CC,TT,CC,CT,CG,GG,AA,AT,GG,CC,AA,NN,AA,CC,GG,TT,CC,TT,AA,AA,TT,CG,AG,CC,GG,CC,GT,CT,AG,CC,CC,AC,CC,AA,TT,CC,AA,CC,CT,AA,AT,AA,AA,GG,CT,CC,GG,AA,GG,AA,CC,GG,CC,CC,AG,AG,GG,GT,GG,AA,GT,CC,GG,AC,TT,TT,CT,CC,AA,TT,TT,AA,AT,GG,CC,AG,TT,CC,CC,CC,CC,AA,AG,AG,CC,TT,CC,GT,GT,CG,AA,AA,AA,TT,AC,CG,AA,CC,CC,GG,GG,AA,GG,TT,AA,AA,CC,GG,AT,AA,AA,AT,GG,TT,AT,AT,GG,TT,AT,CG,TT,TT,AA,GG,AA,TT,AA,AT,CC,TT,AA,CC,TT,CG,AA,CC,AG,AC,TT,CT,GT,CG,NN,AC,CC,AA,GG,CC,CG,GG,CC,GG,TT,AA,CC,GT,GG,CC,CC,AA,GG,CC,AA,CC,AT,AA,AC,CG,CC,TT,AA,GG,AA,AA,AC,AA,GG,AA,AA,AA,TT,CG,AC,AA,AC,AA,CT,AA,AG,GG,GG,GG,TT,AT,AG,TT,TT,TT,AG,TT,GG,GG,AA,3.63,Resistant,Medium,Standard,Late
L0151,Anantapur,Andhra Pradesh,Kharif,Red Sandy,Rainfed,390,31.0,52,AC,TT,GG,AA,CG,CC,GG,TT,CC,GG,AA,CC,CC,TT,TT,GG,GG,TT,TT,AA,CC,GT,GT,CC,TT,CC,GT,AT,GG,AA,TT,CT,AA,CC,GG,GG,GG,CG,GG,CC,TT,CT,AA,GT,AG,GG,NN,AT,CC,AC,GT,AA,AG,GG,CT,TT,AA,CC,GT,AC,AG,TT,TT,GG,TT,AT,CC,GG,TT,GT,AG,GT,CC,AA,GG,AC,AA,GG,TT,TT,NN,GG,GT,CC,AA,GG,AA,AA,CG,GT,CC,TT,CT,TT,GT,AG,TT,CC,TT,CC,CT,CG,AG,AA,TT,TT,CC,AA,AG,AC,CT,GG,TT,GG,TT,AA,AC,TT,GG,GG,CG,GG,CC,GG,CT,AG,CC,CC,AC,CC,AA,TT,CC,AA,AC,CC,AA,AT,AA,AA,CG,CC,CG,GG,AA,AA,AA,CC,GG,CG,CC,AA,AA,NN,GT,GG,AC,TT,CC,GG,AC,TT,TT,TT,CC,AA,TT,TT,AT,AA,GG,CC,GG,CT,CC,CC,CG,CC,NN,GG,AG,CC,TT,CG,GG,TT,GG,AT,AA,AA,TT,CC,GG,AA,CC,CC,GG,GG,NN,GG,TT,AC,AA,CC,GG,AA,CC,AA,AA,GG,TT,AT,AA,GG,GG,AT,CG,TT,GT,AA,GG,AG,CT,AA,TT,CC,TT,AA,CC,TT,GG,AA,CG,AG,CC,TT,TT,GT,GG,TT,CC,CC,AA,GG,CC,CG,GG,CC,GG,AT,AA,CC,TT,GG,CC,CC,AA,GG,CC,AA,CC,AA,AA,CC,CC,AC,AT,AA,GG,AA,AA,AA,AC,AG,AA,AA,AA,TT,GG,AC,AG,AA,AA,TT,AA,AG,GG,GG,GG,TT,AT,AA,GT,TT,TT,AG,TT,GG,GG,AA,1.57,Moderate,Low,Standard,Medium
L0152,Anantapur,Andhra Pradesh,Kharif,Red Sandy,Rainfed,390,31.0,52,AA,TT,AG,AA,CG,CC,GG,AT,CC,CG,AA,CC,CG,NN,TT,GG,CG,TT,TT,AA,CC,GT,TT,CT,TT,CC,TT,TT,GG,AA,TT,CC,AA,CC,GG,GG,GG,GG,GT,CC,TT,CC,AA,TT,AG,GG,TT,TT,CC,AC,GG,AA,AA,GG,CC,TT,AA,AC,GT,AA,AA,GT,AT,AG,TT,AT,CC,GG,NN,GT,AA,GG,CC,AA,AA,AA,AT,GG,TT,TT,GG,GG,TT,CC,AT,GG,AA,AA,CC,GT,CC,TT,CT,AT,GT,GG,TT,CC,GT,CC,CT,CC,GG,AA,AT,TT,CC,AA,AA,AA,CT,GG,TT,CC,TT,AC,AA,TT,CC,GG,NN,GG,CC,GG,CT,AA,CC,CC,CC,CG,AA,TT,CC,AA,CC,CC,AA,AT,AA,AA,GG,CC,CC,GG,AA,AA,AA,AC,GT,CC,CC,AA,AG,GG,TT,GG,AA,GT,CT,GG,AC,TT,GT,TT,CG,AA,TT,TT,AT,AT,GG,CG,AG,TT,CC,AC,CG,CC,AA,GG,AA,CC,TT,CG,GG,TT,CG,AT,AA,AA,TT,AC,CG,AC,CC,CC,GG,GG,AA,GG,TT,AC,AA,CC,NN,AA,CC,AA,AT,GT,GT,AT,AT,CC,GT,AA,CG,AT,GT,AA,GG,AA,CT,AA,TT,CC,CT,AA,CC,CT,GG,AG,CG,AA,CC,TT,TT,TT,GG,TT,AA,AC,AG,GG,CC,CG,CG,CC,GG,AA,AA,CC,TT,GG,CC,CC,AA,AG,CG,AT,CC,AT,AA,CC,CC,AC,AA,AA,GG,AA,AC,AC,AA,GG,AA,AA,AA,AT,CG,AC,AA,CC,AA,CT,AA,AA,GG,GG,GG,TT,AA,AA,TT,TT,TT,AG,TT,GG,GG,AC,2.71,Resistant,Low,Standard,Medium
L0153,Anantapur,Andhra Pradesh,Kharif,Red Sandy,Rainfed,390,31.0,52,AC,TT,GG,AG,GG,CC,GG,TT,CC,CC,AA,CT,CC,TT,TT,GG,GG,TT,TT,AA,CC,GT,TT,CC,TT,CT,TT,AT,GG,AA,TT,CC,AA,CC,GG,GG,GG,CC,GG,CC,TT,CT,AA,TT,AA,AG,TT,NN,CC,CC,GG,AT,AG,GG,CT,TT,AA,AA,GT,AA,AA,GT,AA,AG,TT,TT,CC,GG,TT,GG,AA,GG,CC,AA,GG,AA,AA,GG,GT,TT,GG,GG,GG,CC,AT,GG,AA,AA,CC,TT,CC,GT,CT,AT,GT,GG,TT,AC,GT,CT,CT,GG,AG,AA,AT,TT,CC,AA,AG,AA,CC,GG,TT,CC,TT,AC,AA,TT,CC,GG,CG,GG,CT,GT,TT,AG,CC,CC,CC,CC,AA,TT,CC,AA,CC,CC,AA,TT,AA,AA,GG,CC,CC,GG,AA,GG,AA,AC,GG,CC,CC,AA,AG,GG,GT,AG,AA,TT,TT,AG,AC,GG,GT,TT,CC,AA,GT,CT,AA,TT,NN,CG,NN,CC,CC,CC,CG,CC,AA,GG,AA,CC,TT,CC,TT,TT,GG,TT,AA,AA,TT,CC,GG,AA,CC,CC,GG,GG,AC,GG,CT,AA,AA,CG,GG,AA,CC,AA,AA,GG,TT,TT,TT,CG,GG,AA,CG,AT,TT,AA,GG,AA,CT,AA,TT,CG,CT,AA,CC,TT,GG,AA,CC,AA,AC,TT,CT,TT,GG,TT,CC,CC,AA,GG,CC,CG,GG,CC,GG,AA,AG,CC,GT,GG,CC,CC,AA,GG,CC,AA,CC,AA,AA,CC,CG,AC,AT,AA,GG,AA,AA,AC,AA,AA,AG,AG,AG,AT,CG,AA,GG,AC,AC,CT,AA,AG,GG,GG,CG,TT,AA,AG,TT,TT,TT,AG,AT,GG,CG,AA,5.2,Susceptible,Low,Standard,Early
L0154,Anantapur,Andhra Pradesh,Kharif,Red Sandy,Rainfed,390,31.0,52,AA,CT,GG,AA,GG,CC,GG,AT,CC,CG,AA,CC,CG,TT,GG,GG,GG,TT,TT,AA,CC,GT,GT,CT,AT,CC,GT,AT,GG,AA,CT,CC,AA,CC,GG,CC,GG,CG,GG,CC,NN,CT,AA,GT,AA,AG,TT,TT,CC,AA,GG,AA,AG,GG,TT,TT,AT,CC,GT,AC,AA,TT,TT,GG,CT,AT,CC,GG,TT,GG,AG,GG,CC,AA,GG,AC,AT,GG,GT,TT,GG,GG,GG,CC,AA,GG,AA,AA,CC,GT,CC,TT,CC,TT,GG,GG,TT,CC,TT,CC,CC,CC,AG,AA,TT,TT,CC,AA,AG,AA,CT,GG,TT,CC,GT,AA,AA,TT,CC,AG,CG,GG,CC,GT,TT,AA,CT,CC,AC,CC,AA,TT,AC,AA,CC,CC,AA,TT,AA,AA,GG,CC,CC,GG,AA,AA,AA,AC,GG,CC,CC,AA,AG,GG,TT,AA,AC,TT,TT,GG,AA,TT,TT,TT,CC,TT,TT,TT,AA,TT,GG,CC,GG,CC,CC,CC,GG,AC,AA,GG,AA,CC,TT,CC,TT,GT,GG,AT,AA,NN,TT,CC,GG,AA,AA,CC,GG,GG,AA,GG,TT,AC,AA,CC,TT,AA,AC,AA,AT,GT,TT,TT,AT,GG,GG,AT,CC,AT,TT,AA,GG,AA,TT,AA,TT,CG,TT,AC,CC,TT,GG,GG,CC,AG,CC,AT,CT,GG,GG,TT,AA,AC,AG,GG,CC,CC,GG,CG,GG,NN,GG,CG,TT,GG,CC,CC,AA,GG,CC,AA,CC,AA,AA,CC,CG,CC,TT,AA,GG,AA,AA,CC,AA,AG,AG,AA,AA,TT,GG,AA,AG,CC,AA,NN,AA,AA,GG,GG,GG,TT,AA,AG,TT,TT,TT,AG,TT,GG,CG,AA,1.84,Susceptible,Medium,Poor,Late
L0155,Anantapur,Andhra Pradesh,Kharif,Red Sandy,Rainfed,390,31.0,52,AC,TT,GG,AG,GG,CG,GT,AA,CC,CG,AA,CC,CC,TT,GT,GG,GG,TT,TT,AA,CC,TT,TT,CC,AT,CC,GT,TT,GG,AA,TT,CC,AA,CC,AG,GG,GG,CG,GG,CC,TT,TT,AA,TT,AA,GG,TT,TT,CC,CC,GG,AT,AA,GG,CC,TT,AA,AA,TT,AC,AA,TT,TT,AA,TT,AT,CC,GG,TT,GG,AA,GG,CC,AA,AG,AA,AT,GG,GT,TT,GG,GG,NN,CC,AT,GG,AA,AA,CC,GT,AC,TT,CT,TT,TT,GG,TT,AC,GT,CC,CC,GG,GG,AA,TT,TT,CG,AA,GG,AC,CC,GG,TT,CG,GT,AC,AA,TT,CC,GG,CG,AG,CC,GG,CC,AA,CT,CC,CC,CC,AA,GT,CC,AA,CC,CC,AA,TT,AA,AA,GG,NN,CC,GG,AA,AA,AA,CC,GG,CC,CC,AA,AA,GG,TT,NN,CC,GG,CT,AG,CC,GT,GT,TT,CC,AA,TT,TT,AA,TT,CG,CC,AA,CT,CC,CC,GG,AC,AA,GG,AG,CC,TT,CC,GG,GT,GG,TT,AA,AA,TT,AC,CG,AA,CC,CC,GG,GG,AA,GG,TT,AA,AA,CC,GT,AA,CC,AA,AA,GG,TT,TT,AT,GG,TT,AA,CG,TT,GG,AA,GG,AA,CT,AC,TT,CC,TT,AA,CC,CC,CG,AG,CC,GG,CC,TT,TT,GT,GG,TT,AA,CC,AA,GG,CC,CC,GG,CC,GG,AT,AA,CC,GT,GG,CC,CC,AA,AG,CC,AA,CC,AA,AA,CC,CC,CC,TT,AA,GG,AA,AA,AC,AA,GG,GG,AG,AA,TT,GG,AC,AG,CC,AC,TT,AA,AA,GG,AG,GG,TT,AT,AA,TT,TT,TT,AA,AT,GG,GG,AA,1.76,Susceptible,Medium,Premium,Medium
L0156,Anantapur,Andhra Pradesh,Kharif,Red Sandy,Rainfed,390,31.0,52,AA,TT,GG,AA,CC,GG,GG,TT,CC,CG,AA,CT,CC,TT,TT,GT,GG,TT,TT,AA,CG,TT,TT,CT,TT,CC,TT,TT,GG,AA,TT,CC,AG,CC,GG,CG,GG,CG,GG,CC,TT,CT,AA,GT,AA,GG,TT,TT,CC,AC,GG,AA,GG,GG,CC,TT,AA,AC,GT,AA,AA,TT,NN,AA,TT,TT,CC,GG,TT,GT,AG,GG,AC,AA,GG,AC,AA,GG,TT,TT,GG,GT,GG,CC,AA,GG,AA,AT,CC,TT,CC,TT,CT,TT,TT,GG,TT,CC,TT,CC,CC,CC,AG,AA,TT,TT,CC,AA,AA,AC,CT,GG,TT,CC,TT,AA,AA,TT,CG,AG,CC,AG,CC,GG,NN,AA,CC,CC,CC,CC,AA,TT,CC,AA,CC,CT,AA,TT,AA,AT,CG,CC,CG,GG,AG,AG,AT,CC,GG,CC,CG,AA,AA,GG,GG,GG,NN,TT,CT,GG,AC,TT,TT,TT,CG,AA,TT,TT,AT,TT,CG,CC,AG,CC,AC,CC,GG,AC,AA,GG,GG,CC,NN,CC,GT,TT,CG,AA,AA,AA,TT,CC,GG,AA,CC,CG,GG,GG,AC,GG,TT,AA,AA,CC,GT,AA,CC,AT,AA,GT,NN,TT,AT,GG,GG,AA,CC,TT,GT,AA,GG,AA,CT,AA,TT,CC,TT,AA,AC,TT,GG,AA,CC,AG,CC,TT,CT,GT,GG,TT,AA,AC,AA,GG,CC,CC,GG,CC,GG,AT,AA,CC,TT,GG,CC,CG,AA,GG,CC,AT,CC,AA,AA,CC,CG,CC,TT,AA,GG,AA,CC,AA,AA,NN,AA,AA,AA,TT,GG,AA,AG,AC,CC,CT,AA,AA,GG,AG,CG,TT,AT,AA,GT,TT,TT,AA,TT,GG,GG,AC,1.67,Resistant,Medium,Standard,Early
L0157,Anantapur,Andhra Pradesh,Kharif,Red Sandy,Rainfed,390,31.0,52,CC,TT,GG,AG,CG,CC,GT,TT,CC,CG,AA,TT,CC,AT,TT,GG,CG,TT,TT,AG,CC,TT,GT,CC,TT,CC,GT,AT,GG,AA,TT,CC,AA,CC,GG,CG,GG,CC,GG,AC,TT,TT,AA,GT,AA,AG,TT,AT,CC,CC,GT,AA,AG,GG,TT,NN,AT,AC,GG,AA,AA,TT,TT,AG,TT,AT,CC,GG,CT,GG,AA,GG,AC,AG,GG,AA,TT,GG,TT,TT,NN,GG,GT,CC,AA,GG,AA,AT,CC,GT,CC,TT,CT,TT,GT,GG,CT,CC,GG,CC,CC,CC,GG,AA,TT,GT,CC,AA,GG,AA,CC,GG,TT,CC,TT,AA,AA,TT,CC,AG,CC,GG,CC,GG,TT,AG,CT,CG,CC,CC,AA,TT,AC,AA,CC,CC,AA,TT,AA,AA,GG,CT,CC,GG,AA,AA,AA,CC,GT,CC,CC,AA,AA,GG,TT,GG,AC,TT,TT,GG,CC,TT,GT,TT,NN,AA,GT,TT,AA,TT,GG,CC,AA,CT,CC,CC,CC,CC,AA,GG,AG,CC,TT,CC,GT,TT,GG,NN,AA,AG,TT,CC,GG,AC,CC,CC,GG,AG,AC,GG,TT,AC,AA,CC,GG,AA,CC,AA,TT,GT,TT,TT,AT,GG,GG,AA,CC,AT,TT,AA,GG,AA,CT,AA,TT,CC,TT,AC,CC,TT,GG,AA,CC,AG,CC,TT,CT,GT,GG,TT,AA,CC,AG,GT,CC,CC,GG,NN,GG,AT,AG,CC,TT,GG,CC,CC,AA,GG,CG,AT,CC,AT,AG,CC,CC,AC,TT,AA,GG,AA,AC,AA,AA,NN,AG,GG,NN,TT,CG,AA,AA,CC,AC,CT,AA,AG,GG,GG,GG,GT,AA,AA,TT,TT,TT,AG,TT,GG,GG,AA,2.06,Susceptible,High,Premium,Medium
L0158,Anantapur,Andhra Pradesh,Kharif,Red Sandy,Rainfed,390,31.0,52,AC,CT,GG,AG,GG,CC,GG,TT,CC,NN,AA,CC,CC,AT,GT,GG,GG,TT,TT,AA,CC,TT,TT,CC,TT,CC,TT,TT,GG,AA,TT,CC,AA,CC,AG,CG,GG,CC,GG,CC,TT,TT,AA,GT,AA,AG,TT,TT,CC,CC,GG,AA,GG,GG,CC,TT,AA,AA,GT,AA,AA,GT,NN,AG,TT,TT,CC,GG,CT,GG,AA,GT,CC,AA,GG,AA,TT,AG,GT,TT,GG,GT,GG,CC,AA,GG,AA,AA,CC,GG,AC,TT,CT,TT,GG,AG,TT,CC,TT,CC,CT,CG,GG,AA,AT,TT,CC,NN,AG,CC,CC,GG,TT,CC,TT,AA,AA,TT,NN,AG,CC,GG,CC,GT,TT,AA,CC,CC,CC,CC,AA,NN,CC,AA,CC,CC,AA,TT,AA,AA,GG,CC,CC,GG,AA,AG,AA,CC,GG,CC,CC,AA,GG,GG,TT,AA,AC,GG,CT,GG,CC,TT,TT,TT,CG,AT,TT,TT,AT,AT,GG,CC,AA,CC,CC,CC,CG,CC,AA,GG,AG,CC,TT,CC,GG,TT,GG,AT,AG,AG,TT,CC,GG,AA,AC,CC,GG,GG,AC,GG,TT,AA,AA,CC,GG,AA,CC,AA,AA,GG,TT,AT,AT,GG,GG,AT,CG,TT,TT,AA,GG,AA,TT,AA,TT,CC,TT,AA,CC,CT,GG,GG,CC,AG,AC,TT,TT,TT,GG,TT,AA,CC,AA,GG,CC,CG,GG,CC,GG,AA,AG,CC,TT,GG,CC,CC,AA,AG,CG,AA,CC,AT,AA,AC,CG,AC,TT,AA,GG,AA,AA,AC,AA,AA,AG,AG,AG,TT,GG,CC,AG,AC,AC,CT,AG,AG,GG,GG,GG,TT,AA,AG,TT,TT,TT,AA,TT,GG,GG,AA,2.45,Susceptible,Medium,Poor,Medium
L0159,Anantapur,Andhra Pradesh,Kharif,Red Sandy,Rainfed,390,31.0,52,AC,TT,GG,AA,GG,CC,GG,TT,CC,CG,AT,CC,CC,TT,TT,GG,GG,TT,NN,NN,CC,TT,GT,CC,TT,CT,TT,AT,GT,AA,TT,CC,AA,CC,GG,GG,GG,CC,GG,CC,TT,CT,AA,TT,AA,GG,TT,AA,CC,CC,GG,AT,AG,GG,CC,TT,AA,AA,GT,AC,AA,TT,TT,AG,TT,TT,NN,GG,TT,GG,AG,GG,CC,AG,GG,AC,AA,GG,TT,TT,GG,GT,GG,CC,AA,GG,AG,AA,CC,TT,AC,TT,CC,TT,GT,GG,TT,CC,GT,CC,CC,CC,GG,AA,AT,TT,CC,AA,AG,AA,CC,GG,TT,CC,TT,AA,AC,TT,CC,GG,CG,GG,CC,GG,TT,AG,CC,CC,CC,CC,AA,TT,CC,AA,AC,CC,AA,TT,AA,AA,GG,CT,CC,GG,AA,AG,AA,CC,GG,CC,CC,AA,AA,GG,GT,GG,AC,TT,CT,GG,CC,TT,TT,TT,CC,AT,GG,CT,AA,TT,GG,CC,AA,CT,CC,CC,GG,CC,AA,GG,AA,CC,TT,CG,GG,TT,GG,AT,AA,AA,TT,CC,CG,AA,CC,CC,GG,GG,AC,GG,NN,AC,AA,CC,GG,AA,CC,AA,AA,GG,GT,TT,AA,GG,GG,AA,CC,TT,TT,AA,GG,AA,TT,AA,TT,CC,CT,AA,CC,TT,GG,AG,CC,AA,CC,TT,CT,GT,GG,TT,AC,AC,AG,GG,CC,CG,GG,CC,GG,TT,AG,CG,TT,GG,CC,CG,TT,GG,CC,AA,CC,AA,AA,CC,CC,AA,TT,AA,GG,AA,AA,CC,AA,GG,GG,AG,AA,TT,GG,AC,AA,AC,AA,CT,AG,AA,GG,GG,GG,TT,AT,AA,TT,TT,TT,GG,AT,GG,GG,AA,1.32,Susceptible,Medium,Premium,Early
L0160,Anantapur,Andhra Pradesh,Kharif,Red Sandy,Rainfed,390,31.0,52,AC,CT,GG,AA,GG,NN,GG,TT,CC,GG,AA,CT,CC,AT,GT,GT,CG,TT,TT,AA,CC,TT,TT,CT,TT,CC,TT,TT,GG,AA,TT,CC,AA,CC,GG,GG,NN,CG,GG,AC,TT,CC,AC,TT,AA,GG,TT,TT,CC,AC,GG,AA,AG,GG,CC,TT,AA,AC,GT,AA,AA,TT,AT,AG,TT,TT,CC,GG,CT,GT,AA,GG,AC,AA,GG,CC,AT,GG,TT,TT,GG,GG,GG,CC,TT,NN,AA,AA,CG,GT,CC,TT,CC,AT,TT,GG,CT,CC,TT,CC,CC,CC,NN,AA,TT,TT,NN,AA,AA,AC,TT,GG,TT,CG,TT,AC,AC,TT,CC,GG,CC,GG,CC,GG,NN,AA,NN,CC,AC,CC,AA,TT,CC,AA,CC,CC,AA,AT,AA,AA,GG,CC,CC,GG,AA,AG,AA,CC,GG,CC,CC,AA,AG,GG,TT,GG,AC,GT,TT,GG,CC,TT,TT,TT,CG,AA,TT,TT,AA,AA,GG,CC,AA,CT,CC,CC,CC,CC,AA,GG,AG,CC,TT,CC,GG,TT,GG,AT,AA,AA,TT,CC,GG,AC,CC,CC,GG,GG,AC,GG,TT,AA,AA,CC,GG,AA,CC,AA,AT,GG,TT,TT,AT,GG,GT,AT,CC,AT,GG,AA,GG,AA,CT,AA,TT,CC,TT,AC,CC,CT,CG,AA,GG,GG,CC,TT,TT,TT,GG,TT,AA,CC,AA,GG,CC,CC,NN,CC,GG,TT,AA,CG,GT,GG,CG,CG,AT,GG,CC,AA,CC,AA,AA,AC,CC,CC,TT,NN,NN,AA,AA,CC,AA,AG,AA,AA,AA,TT,GG,NN,AG,AA,AC,TT,AG,GG,GG,GG,GG,TT,AA,AA,TT,TT,TT,GG,TT,GG,GG,AC,0.4,Resistant,High,Standard,Medium
L0161,Anantapur,Andhra Pradesh,Kharif,Red Sandy,Rainfed,390,31.0,52,CC,CT,GG,GG,GG,CC,GT,TT,CC,CC,AA,CC,CG,TT,GT,NN,GG,TT,TT,AA,CG,TT,TT,CT,TT,CC,TT,TT,GT,AA,TT,CT,AA,AC,GG,GG,GG,CG,GG,CC,TT,CT,AC,TT,AA,NN,TT,TT,CC,NN,GG,AA,AA,GG,CT,GT,AA,AA,GG,AA,AA,GT,AT,NN,TT,AT,CC,GG,TT,GG,AA,GT,CC,AA,AG,AA,AA,GG,TT,TT,GG,TT,GG,CC,AA,GG,AA,AA,CC,TT,CC,TT,CC,TT,GT,GG,TT,CC,TT,CC,CC,CG,AG,AA,AT,TT,CG,AA,AG,AA,CC,GG,TT,CC,TT,AA,AA,TT,CC,AG,CC,GG,CC,GT,CT,AA,CC,CC,CC,CC,AA,TT,AC,AA,CC,CC,AA,TT,AA,AA,GG,CC,CC,GG,NN,AA,AA,CC,GG,CC,CG,AA,AA,AG,TT,GG,AC,TT,NN,NN,AC,GT,GT,TT,CC,AT,TT,TT,AA,TT,GG,CG,AA,TT,CC,CC,GG,CC,AA,GG,GG,CC,NN,CC,GT,TT,CG,AT,AA,AA,TT,CC,GG,AA,CC,CC,GG,GG,AA,GG,CT,AC,AA,CC,GG,AT,AC,AA,AA,GG,TT,AT,TT,GG,TT,AA,CC,TT,GG,AA,GG,AA,CC,AA,TT,CC,TT,AC,CC,TT,GG,AA,CG,AA,CC,AT,TT,GT,GG,AT,AA,CC,AA,GG,CC,CG,GG,CC,GG,TT,AA,CC,GT,GG,CC,CC,AT,GG,CG,AA,CC,AA,AA,AC,CC,CC,TT,AA,NN,AA,CC,AA,AA,AG,AG,AA,AA,TT,GG,AA,AA,AC,AA,CT,AG,AA,GG,GG,GG,TT,AA,AA,TT,TT,TT,AA,AA,GG,GG,AA,2.69,Moderate,Medium,Standard,Medium
L0162,Anantapur,Andhra Pradesh,Kharif,Red Sandy,Rainfed,390,31.0,52,AA,TT,AG,AG,GG,CC,GG,AT,CC,CG,AA,CC,CG,TT,GT,GG,CG,TT,TT,AA,CG,TT,GT,CC,TT,CC,TT,TT,GT,AA,TT,CT,AA,CC,GG,CG,GG,CG,GG,CC,TT,TT,AC,TT,AA,GG,TT,AT,CC,AA,GT,AA,NN,GG,CT,TT,AT,AC,GT,AC,AA,GT,AT,AG,TT,AT,CC,GG,TT,GG,AA,GT,CC,AA,GG,AA,AT,AG,GT,TT,GG,GT,GG,CC,AA,GG,AA,AA,CC,TT,CC,TT,NN,TT,TT,GG,CT,CC,TT,CC,CC,CC,AG,AA,TT,TT,CC,AA,AA,AA,CT,GG,TT,CC,TT,AA,AA,TT,CG,GG,CC,GG,CC,GT,TT,AA,NN,CC,CC,CG,AA,TT,CC,AA,CC,CC,AA,TT,AA,AT,GG,TT,CC,GG,AA,AA,AA,CC,GT,CC,CC,AA,AA,GG,TT,GG,AC,TT,CT,GG,CC,GT,TT,TT,CG,AT,TT,TT,AT,TT,CG,CC,AA,TT,CC,CC,CG,CC,AA,GG,AA,CC,TT,CC,GT,NN,GG,TT,AA,AA,TT,CC,GG,AC,CC,CG,GG,GG,AA,GG,TT,AA,AA,CC,GG,AA,CC,NN,AT,GG,TT,AT,AT,GG,GG,AT,NN,TT,GT,AA,GG,AA,CT,AA,TT,CC,TT,AC,AC,TT,CC,AA,CC,AA,CC,TT,CT,TT,GG,TT,AA,AC,AA,GG,CG,CC,GG,CC,GG,NN,AA,CC,TT,GG,CC,CG,AA,GG,CC,AT,CC,NN,AA,AC,CC,CC,TT,AA,GG,AA,AA,AC,AC,AG,AG,AA,AG,AT,CG,AC,GG,AC,AA,CT,AA,AA,GG,GG,GG,GT,AA,AA,TT,TT,TT,AA,TT,GG,GG,AA,2.81,Susceptible,High,Standard,Late
L0163,Anantapur,Andhra Pradesh,Kharif,Red Sandy,Rainfed,390,31.0,52,AA,TT,GG,AG,GG,CC,GG,AT,CC,CG,AA,CC,CC,TT,TT,GT,CG,AT,TT,AA,CC,GT,GT,CC,TT,CC,TT,TT,GG,AA,TT,CT,AA,CC,GG,CG,GG,CC,GG,CC,TT,TT,AA,TT,AG,AG,TT,AT,CC,AC,GG,AA,AA,GG,CT,TT,AA,AA,GT,AA,AA,TT,TT,AA,TT,TT,CC,NN,TT,GG,AA,GT,AC,AA,GG,AC,AT,GG,NN,TT,GG,GT,GT,CC,AA,GG,AA,AA,CC,GT,AC,TT,TT,TT,TT,GG,CT,CC,GG,CC,CT,CC,AG,AA,NN,TT,NN,AA,AA,CC,CT,GG,TT,CG,NN,AA,AC,TT,CG,AG,CG,AG,CC,GG,CT,AA,CC,CC,CC,CG,AA,TT,CC,AA,CC,CC,AG,TT,AA,AT,GG,CC,CC,NN,AA,AG,AT,AC,GG,CC,CC,AA,AA,GG,TT,GG,AA,TT,TT,GG,AC,TT,GT,TT,CC,AA,TT,CT,AT,TT,CG,CC,AA,CT,CC,CC,CG,CC,AA,GG,GG,CC,TT,CC,GT,TT,GG,TT,AA,AA,TT,CC,GG,AA,AC,CG,GG,GG,AC,GG,TT,AA,AA,CC,GG,NN,CC,AA,AA,GG,TT,TT,AA,GG,GG,AA,CC,AA,TT,AA,GG,AG,CT,AA,TT,CC,TT,AA,CC,TT,GG,AA,CC,GG,CC,TT,TT,TT,GG,TT,AA,CC,AG,GG,CC,CC,GG,CC,GG,AT,AA,CG,TT,GG,CC,CC,AA,AG,CC,NN,CC,AA,AA,CC,CC,AC,TT,AA,GG,AA,AA,AA,AA,AA,AA,AA,AA,TT,GG,AA,AA,CC,AA,TT,AA,AA,GG,GG,GG,NN,AA,AA,NN,TT,TT,AG,TT,GG,GG,AA,2.6,Resistant,Medium,Premium,Early
L0164,Anantapur,Andhra Pradesh,Kharif,Red Sandy,Rainfed,390,31.0,52,AA,CT,GG,AA,GG,CC,GT,TT,CC,CG,AA,CT,CC,TT,TT,GG,GG,TT,TT,AA,CC,GT,GT,CC,TT,CT,TT,TT,GG,AA,TT,CC,AA,CC,GG,GG,GG,NN,GG,CC,TT,TT,AA,TT,AA,GG,TT,TT,CC,AA,GG,AA,AG,GG,CC,TT,AA,AA,TT,AA,AA,TT,AT,NN,TT,TT,CC,GG,TT,GT,AA,GG,CC,AG,GG,CC,AA,AG,GT,TT,GG,GG,GG,CC,AA,GG,AG,AA,CC,TT,CC,TT,CC,TT,TT,GG,CT,CC,TT,CC,CT,CC,AG,AA,TT,TT,CC,AA,AG,AA,CT,GG,TT,CG,TT,AA,AA,AT,CC,GG,CG,GG,CC,GG,TT,AA,CC,CC,CC,CC,AA,TT,CC,AA,CC,CC,AA,NN,AA,AA,GG,TT,CC,GG,AA,AG,AA,CC,GG,CC,CC,AA,AG,GG,TT,AG,CC,TT,TT,GG,NN,TT,TT,TT,CC,AA,TT,TT,AT,AT,GG,CC,AG,CT,CC,CC,CG,CC,AA,GG,AG,CC,TT,CC,GG,TT,CG,AT,AG,AA,TT,CC,CC,AA,CC,CC,GG,GG,AC,GG,TT,AC,AA,CC,GG,AT,CC,AA,AT,GG,TT,AA,AT,CG,GT,AA,CC,TT,GG,AA,GG,AA,TT,AC,NN,CC,TT,CC,CC,TT,NN,AG,CC,GG,CC,TT,CT,TT,NN,TT,AA,AA,AG,GG,CC,CC,CG,CC,GG,TT,GG,CG,TT,GG,CC,CG,AA,GG,CC,AA,CC,AT,AA,CC,CG,AC,TT,AA,GG,AA,AA,AA,AC,GG,AA,AA,AG,TT,GG,AC,AA,AC,AA,CT,AG,AG,CG,GG,GG,TT,AT,AA,TT,TT,TT,AG,AT,GG,GG,AA,1.71,Susceptible,High,Premium,Early
L0165,Anantapur,Andhra Pradesh,Kharif,Red Sandy,Rainfed,390,31.0,52,AA,TT,GG,AA,GG,CC,GT,TT,CC,CG,AA,CC,CG,TT,GG,GT,CG,TT,TT,AA,CG,TT,GG,CC,TT,CC,TT,TT,GG,AA,CT,CT,AA,CC,AG,CG,GG,CC,GT,CC,TT,TT,AA,TT,AA,GG,TT,TT,CC,AC,GT,AA,AA,GG,CC,TT,AA,AC,GT,AA,AG,TT,AT,AG,TT,TT,CC,GG,NN,GT,AG,GG,CC,AA,AA,AC,AT,AG,TT,TT,GG,GT,GG,CC,AA,AG,AA,AA,CC,GG,AC,TT,CC,NN,NN,GG,TT,CC,TT,CC,NN,CC,AG,AA,AT,TT,CC,AA,AA,AA,CC,GG,TT,CC,GT,AA,AC,TT,CC,GG,CC,GG,CC,GT,TT,AA,CC,CC,AC,CC,AA,TT,CC,AA,CC,CC,AA,TT,AG,AA,GG,CC,CC,GG,AA,GG,AA,CC,GG,NN,CC,AA,AA,GG,TT,GG,AA,TT,TT,GG,CC,TT,TT,CT,CG,AA,NN,TT,AA,TT,GG,CC,AG,CC,CC,CC,GG,CC,AA,AG,AG,CC,TT,CC,GT,GT,CG,AT,AA,AG,TT,CC,GG,AA,CC,CC,GG,GG,AA,GG,TT,AC,AA,CC,GG,AT,CC,AT,AT,GG,TT,AA,AT,GG,GG,AA,CC,TT,TT,AA,GG,AA,CT,AA,TT,CC,TT,AA,CC,TT,CG,AG,CG,AG,CC,AT,NN,GT,GG,TT,AC,AC,AG,GG,CC,CG,GG,CC,GG,AT,AA,CG,GG,NN,CC,CC,AA,GG,CC,AA,CC,AT,AA,AC,CC,AC,TT,AA,GG,AA,AA,AA,AA,AG,AA,AA,AA,TT,GG,AA,AG,CC,AC,TT,AA,AA,GG,GG,GG,GT,AA,AA,GT,TT,TT,AA,TT,GG,CG,AA,3.21,Susceptible,Low,Standard,Medium
L0166,Anantapur,Andhra Pradesh,Kharif,Red Sandy,Rainfed,390,31.0,52,AC,TT,GG,AG,GG,CC,GG,TT,CC,CG,AT,CC,CC,TT,TT,GT,CG,TT,TT,AA,NN,GT,TT,CC,TT,CC,TT,TT,GG,AA,TT,CT,AA,CC,GG,GG,GG,CG,GG,CC,TT,TT,AA,GT,AG,AG,TT,AT,CG,CC,GT,AT,AA,GG,CT,TT,AA,AA,GG,AC,AA,GT,AT,GG,CC,TT,CC,GG,TT,GG,AA,GG,CC,AA,GG,AC,AT,GG,TT,TT,GG,GG,TT,CC,AA,AG,AA,AA,CC,GT,NN,TT,TT,TT,GT,AG,CT,CC,TT,CC,CC,CC,GG,AA,TT,TT,CC,AA,AG,AA,CC,NN,TT,CC,TT,AA,AA,TT,CC,GG,CC,GG,CC,GT,TT,AA,CT,CC,CC,CC,AG,TT,AC,AA,CC,CC,AA,AT,AA,AT,NN,CC,CC,AG,AA,AA,AA,CC,GG,CC,CG,AA,AA,GG,GT,GG,AC,TT,CT,AG,CC,TT,TT,TT,CC,AT,GT,TT,AA,TT,GG,CG,AA,TT,CC,CC,GG,CC,AA,GG,GG,CC,TT,CC,TT,TT,GG,NN,AA,AA,TT,CC,CC,AA,CC,CC,GG,AG,AC,GG,TT,AC,AG,CC,GG,AA,AC,AA,AA,GG,TT,AT,AT,GG,GT,AT,CC,AT,GT,AA,GG,AA,CC,AA,TT,CC,CT,AA,CC,TT,CG,AA,NN,AG,CC,TT,CT,GG,GG,TT,AA,CC,AA,GG,CC,CG,GG,CC,GG,AT,AA,CC,TT,GG,CG,CC,AA,GG,CC,AA,CC,TT,AA,AA,GG,AC,TT,AA,CG,AT,AC,CC,AA,GG,AG,AA,AA,TT,CG,AA,AA,AC,AA,CT,AG,AA,GG,NN,GG,TT,AT,AA,TT,TT,TT,AG,TT,GG,CG,AA,2.29,Moderate,High,Standard,Medium
L0167,Anantapur,Andhra Pradesh,Kharif,Red Sandy,Rainfed,390,31.0,52,CC,TT,GG,GG,GG,CG,GG,TT,CC,CG,TT,CT,CG,AT,GT,GT,CG,TT,TT,AG,CG,GT,TT,CC,TT,CC,TT,TT,GG,NN,TT,CC,AA,CC,GG,GG,GG,CC,GG,CC,TT,TT,AC,GT,AA,AG,TT,AT,CC,AA,GT,AA,AA,GG,CC,GT,AA,AC,GT,AC,AA,TT,AT,GG,TT,TT,CC,GG,TT,GG,AG,GG,CC,AA,GG,AA,AA,GG,TT,TT,AG,GT,GG,CC,AA,AG,AA,AA,CC,TT,CC,TT,CT,TT,GT,GG,TT,CC,TT,CC,CC,CC,GG,AA,TT,TT,GG,AA,AA,AC,CC,GG,GT,CC,TT,AC,AA,AT,CC,GG,CC,GG,CC,GG,NN,AA,CC,CC,CC,CC,AA,TT,AC,AA,AC,CC,AA,AT,AA,AA,CG,CC,CC,GG,AA,GG,AA,AC,GG,CC,CC,AA,AA,GG,TT,GG,AA,TT,TT,GG,AC,GT,TT,TT,CC,AT,TT,CT,AA,AT,GG,CC,GG,CC,CC,CC,GG,CC,AA,GG,AA,CC,TT,CC,TT,TT,GG,TT,AA,AA,TT,CC,GG,AA,AC,CC,GG,GG,AA,GG,TT,AC,AG,CC,GG,AT,CC,AA,AA,GG,TT,TT,AT,CG,GT,AA,CC,AT,GT,AA,GG,AA,TT,AC,TT,CC,CT,AA,CC,TT,GG,AG,CC,AG,AC,TT,TT,TT,GG,AT,AA,AC,AA,NN,CC,GG,GG,CC,GG,TT,AA,CC,GT,GG,CG,CG,AA,GG,CC,AA,CC,AA,AA,AC,CG,CC,TT,AA,GG,AA,AC,AC,AA,GG,GG,AA,AA,TT,GG,AA,AG,AC,AA,TT,AG,AA,GG,GG,GG,GT,AA,AA,TT,AT,TT,AG,TT,GG,GG,AA,3.4,Susceptible,Low,Poor,Medium
L0168,Anantapur,Andhra Pradesh,Kharif,Red Sandy,Rainfed,390,31.0,52,CC,TT,GG,AA,GG,CC,GG,AT,CC,CC,AT,CC,CC,TT,TT,GG,GG,TT,TT,AA,CC,GT,GT,CT,TT,CC,TT,TT,GG,AA,TT,CC,AA,CC,GG,GG,GG,CG,GG,CC,TT,TT,AA,TT,AG,GG,TT,AT,CC,AC,GG,AA,AG,GG,CT,GT,AA,AA,GT,AC,AA,TT,AT,AA,TT,TT,NN,GG,TT,GT,AG,GG,CC,AA,GG,AA,AT,GG,TT,TT,GG,GG,GG,CC,AT,GG,AG,AA,CG,GG,CC,TT,CC,AT,NN,GG,CT,CC,TT,CC,CT,CC,AG,AA,TT,TT,CC,AG,AG,AA,CC,GG,GT,CG,TT,AA,AA,TT,CC,AG,GG,GG,CC,GT,CT,GG,CC,CC,CC,CC,AA,TT,CC,AA,CC,CC,AA,TT,AA,AA,GG,CC,CC,GG,AA,AA,AA,CC,GG,CC,CC,AA,AA,GG,GT,AG,AC,GT,CT,GG,CC,GT,TT,TT,CG,AA,TT,TT,AA,TT,GG,CC,AA,CC,CC,CC,GG,CC,AA,GG,AG,CC,TT,CC,GT,TT,GG,AT,AA,AA,TT,CC,CG,AC,CC,CC,GG,AG,AA,GG,TT,CC,AG,CC,GG,AA,CC,AA,AT,GT,TT,TT,AA,GG,GG,AA,CG,AT,GT,NN,GG,AA,CT,AC,TT,CC,TT,AA,CC,CT,GG,AG,CC,AG,CC,TT,CT,GT,CG,TT,AC,AA,AA,GT,CC,CC,GG,CC,GG,TT,AA,CC,TT,AG,CC,CC,AA,GG,CC,AT,CC,AA,AA,AA,CG,AC,AT,AA,GG,AA,NN,NN,AA,GG,AA,AA,AA,TT,GG,AC,AA,AA,AA,CT,AG,AA,GG,AG,GG,TT,AT,AA,TT,TT,TT,AA,NN,GG,GG,AA,4.06,Susceptible,Low,Premium,Medium
L0169,Anantapur,Andhra Pradesh,Kharif,Red Sandy,Rainfed,390,31.0,52,AC,TT,GG,AG,GG,CC,GG,TT,CC,CC,AA,CC,CC,TT,GT,NN,GG,TT,AT,AA,CC,TT,GT,CC,TT,CC,TT,AT,GG,AA,TT,NN,AG,CC,AG,GG,GG,CC,GG,CC,TT,TT,AA,TT,AG,NN,TT,AT,CC,AC,GT,AA,AG,GG,CC,TT,AT,AC,GT,AA,AA,TT,TT,AA,CT,AA,CC,GG,TT,GG,AA,GG,CC,AA,GG,AA,AT,GG,GT,TT,GG,GG,NN,CC,AA,GG,AA,AT,CC,TT,CC,TT,CC,AT,TT,GG,TT,CC,TT,CC,CT,CC,GG,AA,AT,TT,CC,AA,AG,AA,CC,GG,TT,CG,TT,AA,AC,TT,CC,NN,CG,GG,CC,GT,CT,AA,CC,CC,CC,CC,AA,GT,CC,AA,CC,CC,AA,TT,AA,AA,GG,CC,CC,GG,AA,AG,AA,AC,GT,CC,CC,AG,AA,GG,TT,GG,NN,TT,CT,GG,CC,TT,GT,TT,CC,AT,GT,TT,AA,AT,GG,CC,AA,CT,CC,CC,GG,CC,AA,GG,AA,CC,TT,CC,GG,TT,CC,AT,NN,AA,TT,AC,CG,AA,CC,CC,GG,GG,AA,GG,TT,AA,AG,CC,GG,AA,CC,AA,AT,GG,TT,NN,AT,GG,GT,AA,CG,AT,TT,AA,GG,AA,TT,AA,TT,CG,TT,NN,CC,CT,GG,AA,CC,AG,CC,TT,CT,TT,GG,TT,AA,CC,AA,GG,CC,CG,GG,CC,GG,AT,AA,NN,GT,GG,CC,CC,AT,GG,CG,AT,CC,AA,AA,CC,CG,AC,AT,AA,GG,AA,AA,AA,AA,GG,AA,AA,AA,AT,GG,AA,GG,AC,AA,TT,AA,AA,CG,GG,GG,TT,AT,AA,TT,TT,AT,AG,AT,GG,CG,AA,2.06,Susceptible,Low,Premium,Late
L0170,Anantapur,Andhra Pradesh,Kharif,Red Sandy,Rainfed,390,31.0,52,AC,TT,AG,AG,GG,CC,GT,TT,CC,CG,AA,CC,CC,TT,TT,GT,CG,TT,TT,AA,CC,TT,GG,CC,TT,CC,TT,AT,GT,AA,TT,CC,AA,CC,GG,CC,GG,CC,GG,AC,TT,TT,AA,TT,AG,AG,TT,TT,CC,CC,GG,AA,AA,GG,CC,TT,AA,CC,TT,AA,AG,GT,AT,AG,TT,AT,CC,GG,TT,GG,AA,GT,CC,AA,GG,AA,AT,GG,TT,TT,GG,GG,GG,CC,AA,GG,AA,AA,CC,GG,AC,TT,CC,AT,GT,AG,TT,CC,GT,CC,CC,CG,AG,AA,TT,TT,CG,AA,AG,AA,CC,GG,GT,CG,GT,AA,AA,TT,CC,GG,CC,AG,CC,GG,TT,AA,CC,CC,CC,CC,AA,NN,CC,AA,CC,CC,AA,TT,AA,TT,GG,CT,CC,GG,AA,AG,AA,AC,GG,CC,CC,AA,AG,GG,TT,GG,AC,TT,CT,GG,CC,TT,GG,TT,CC,AT,TT,TT,AT,AA,GG,CC,AA,CC,CC,CC,GG,CC,AA,GG,AG,AC,TT,GG,GT,GG,GG,AT,NN,AA,TT,CC,GG,AA,CC,CC,GG,GG,AC,GG,TT,AA,AA,CC,GT,AA,CC,AA,AT,GG,TT,AT,AA,NN,GG,AT,CC,TT,GG,AA,GG,AA,TT,AA,TT,CC,TT,AA,CC,CC,GG,AA,CC,GG,AC,TT,TT,TT,GG,TT,AC,AC,AA,GT,CC,CG,GG,CG,GG,AT,AA,CG,TT,GG,CC,CC,AA,AG,CC,AA,CG,AA,AA,CC,CG,CC,TT,AA,GG,AA,AA,AA,AC,GG,GG,AA,AA,TT,CG,AA,AG,AC,AA,TT,AA,AA,GG,GG,GG,GT,AA,AA,TT,TT,TT,AG,AA,GG,GG,AA,3.14,Susceptible,Low,Premium,Late
L0171,Anantapur,Andhra Pradesh,Kharif,Red Sandy,Rainfed,390,31.0,52,AC,TT,GG,AA,GG,CC,GG,TT,CC,CC,AA,CT,CC,TT,TT,GG,CG,TT,TT,AA,CC,TT,GT,CC,AT,CC,TT,TT,GG,AA,TT,CT,AA,CC,GG,GG,GG,CC,GG,CC,TT,CC,AA,TT,AA,AG,CT,TT,CC,AC,GT,AA,AA,GG,CC,GT,AA,AC,TT,CC,AA,TT,TT,AG,TT,TT,CC,GT,TT,GG,AA,GG,CC,AA,GG,AC,AA,GG,TT,TT,GG,GG,GG,CC,AA,GG,AA,AA,CG,GT,CC,TT,CC,AT,TT,GG,TT,CC,GG,CC,CC,CC,AG,AA,AT,TT,CC,AG,AG,AA,CC,GG,TT,CG,TT,AA,AA,TT,CG,AG,CC,GG,CC,GT,CT,AG,CC,CC,CC,CC,AG,TT,CC,NN,CC,CC,AG,TT,AA,AA,GG,NN,CC,GG,AA,GG,AA,CC,GT,CC,CG,AA,AA,GG,TT,AG,AC,GT,TT,AG,AC,TT,TT,TT,CC,AT,GT,CT,AT,TT,GG,CC,AA,CT,CC,CC,GG,CC,AA,GG,AG,CC,TT,CC,GG,TT,GG,AA,AA,AA,TT,CC,CC,AA,CC,CC,GG,GG,AC,CC,TT,AA,AA,CG,GG,AT,AA,AA,AT,GG,TT,AT,AA,CG,GT,AA,CC,TT,TT,AA,GG,AA,TT,AA,NN,CC,TT,AA,CC,CT,CG,AA,CC,GG,NN,TT,CC,GT,GG,TT,AA,CC,AA,GG,CC,CC,GG,CC,GG,TT,AA,CC,GT,GG,CC,CC,AA,GG,CC,AA,CC,AA,AA,CC,CC,CC,TT,AA,GG,AA,AA,AC,AA,AG,AA,AA,AA,TT,GG,AA,AA,AA,CC,CT,AG,AA,GG,GG,CG,TT,AT,AA,TT,TT,TT,AA,AT,GG,GG,AA,2.8,Susceptible,Low,Poor,Medium
L0172,Anantapur,Andhra Pradesh,Kharif,Red Sandy,Rainfed,390,31.0,52,CC,TT,GG,AA,GG,CC,GG,TT,CC,CC,AA,CC,CG,TT,TT,GG,GG,NN,TT,AA,CG,GT,GT,CC,TT,CC,TT,AT,GG,AA,TT,CC,AA,CC,GG,GG,GG,NN,GG,CC,NN,CC,AA,TT,AA,GG,TT,TT,CC,AC,GT,AT,GG,GG,CT,GT,AA,AA,TT,CC,AA,GT,AT,AA,TT,TT,CC,GT,TT,GT,AG,GG,CC,AA,AG,AC,AA,GG,TT,TT,GG,GG,GG,CC,AT,GG,AA,AT,CC,GT,CC,TT,CT,TT,TT,GG,TT,CC,TT,CC,CC,GG,AG,AA,AT,TT,CG,NN,AG,AA,CC,GG,TT,CG,TT,AA,AA,TT,CC,AG,CG,AG,CC,GG,CT,AA,CT,CC,CC,CC,AA,TT,CC,AA,CC,CC,AA,TT,AA,AA,GG,CT,CC,GG,AA,AG,AA,CC,GG,CC,CC,AA,AA,GG,TT,GG,AA,GT,CT,GG,AC,TT,TT,TT,CC,AA,GT,TT,AA,TT,CG,CC,AA,TT,AC,CC,CG,CC,AA,GG,AG,CC,TT,CC,GT,GT,GG,TT,AA,AG,TT,CC,GG,AC,CC,CC,GG,GG,AA,GG,TT,AA,AA,CC,GG,AT,CC,AA,AT,GT,TT,TT,AA,CG,TT,AT,CC,TT,TT,AA,GG,AA,TT,AA,TT,CC,TT,AA,CC,TT,CG,AA,CG,GG,AC,TT,TT,TT,GG,TT,AA,CC,AA,GT,CC,CG,GG,CG,GG,AT,AA,CC,GT,GG,CC,CC,AA,GG,CC,AA,CC,AT,AA,NN,CC,CC,TT,AA,GG,AA,AA,AC,AA,AG,AA,AG,AA,TT,GG,AC,AG,AC,AA,CT,AA,AA,CG,GG,GG,NN,AT,AA,TT,TT,TT,AG,TT,GG,GG,AA,2.3,Susceptible,Medium,Poor,Medium
L0173,Anantapur,Andhra Pradesh,Kharif,Red Sandy,Rainfed,390,31.0,52,AA,TT,GG,AA,GG,CC,GG,TT,CC,CC,AA,CT,CG,TT,TT,GG,GG,TT,TT,AA,CC,GT,TT,CC,AT,CC,GT,TT,GG,AA,TT,CC,AA,CC,AG,GG,GG,CC,GG,AC,TT,CT,AA,TT,AA,GG,TT,TT,CG,AC,GG,NN,AA,GG,CT,TT,AA,AA,GG,NN,AA,TT,AA,NN,TT,AT,CC,GG,TT,NN,AA,GG,NN,AA,AG,AC,AT,GG,GT,TT,GG,GG,GG,CC,AA,GG,AA,AA,CC,NN,CC,TT,CT,TT,TT,GG,TT,CC,GG,NN,CC,CC,AG,AA,TT,TT,CC,AA,AG,AA,CC,GG,TT,CC,TT,AC,AA,AT,CG,AG,CC,GG,CC,GG,CT,AA,CC,CC,AC,CG,AA,TT,AC,AA,CC,CC,AA,TT,AA,AA,GG,CC,CC,AG,AA,GG,AA,CC,GG,CC,CC,AA,AA,AG,TT,GG,AA,TT,CT,GG,CC,GT,TT,CT,CG,AA,TT,TT,AT,AA,CG,CC,AA,NN,CC,CC,GG,CC,AA,GG,AG,CC,TT,CC,GG,TT,GG,TT,AA,AA,TT,AA,GG,AA,CC,CC,GG,GG,AA,GG,NN,CC,AA,CC,GG,AT,CC,AA,AT,GG,TT,AT,AT,NN,TT,AA,CC,TT,TT,NN,GG,AA,TT,AC,TT,CC,CT,AC,CC,TT,CG,AG,CC,GG,CC,TT,CT,TT,GG,TT,AC,AC,AA,GG,CC,CC,GG,CC,GG,AT,AG,CC,GT,GG,CC,CC,AA,GG,CG,NN,CC,AA,AG,AC,CC,CC,TT,AA,CG,AA,AA,AA,AA,AA,AG,AG,AA,TT,GG,AA,AG,AC,AA,TT,AG,AA,CG,AG,GG,TT,AA,AA,TT,TT,TT,AG,TT,GG,GG,AA,0.4,Moderate,Low,Premium,Early
L0174,Anantapur,Andhra Pradesh,Kharif,Red Sandy,Rainfed,390,31.0,52,AC,CT,GG,AG,GG,CC,GG,TT,CC,CG,AA,CC,CC,TT,TT,GG,CG,NN,TT,AA,CC,GT,TT,CC,TT,CC,GT,TT,GT,AA,TT,CC,AA,CC,GG,CG,GG,CG,GG,CC,TT,TT,AC,TT,AA,AG,TT,TT,CC,AC,GG,AT,AA,GG,CT,TT,AA,AA,GG,AA,AA,NN,AT,AG,TT,AT,CC,GG,TT,GG,AA,GG,CC,AA,GG,AC,AT,GG,TT,TT,GG,GG,GG,CC,AT,GG,AA,AA,CC,TT,CC,TT,CC,TT,TT,GG,CT,CC,TT,CC,CC,CG,AG,AA,TT,TT,CC,AA,AA,AC,CC,GG,TT,CC,TT,AC,AA,TT,CG,GG,CC,GG,CC,GG,CT,AA,CC,CC,CC,CC,AA,TT,CC,AA,CC,CT,AA,TT,AA,AA,GG,CC,CC,AG,AA,GG,AA,AC,GG,CC,CC,AG,AG,GG,TT,GG,AC,TT,TT,GG,CC,TT,TT,TT,CC,AA,GT,TT,TT,TT,GG,CC,AA,CC,CC,CC,CG,CC,AA,GG,GG,CC,TT,CC,GT,GT,CG,AT,AA,AG,TT,CC,CG,AA,AA,CC,GG,AG,AC,NN,CT,AC,AA,GG,GG,AA,AC,AA,AA,GT,TT,TT,AT,CG,GT,AA,CG,AT,GT,AA,GG,AA,CT,AA,TT,CC,TT,AC,CC,TT,GG,AG,CC,AG,CC,TT,CT,GT,GG,TT,AA,AC,AA,GG,CC,CC,GG,CC,GG,AT,AA,CC,TT,GG,CC,CG,AT,GG,CG,AA,CC,AT,AA,AC,CC,AC,TT,AA,GG,AA,AA,CC,AA,GG,AA,AA,AA,AT,GG,AA,NN,AC,AA,TT,AA,AA,GG,GG,CG,TT,AA,AG,GT,TT,TT,AG,NN,GG,CG,AA,4.49,Moderate,Low,Standard,Late
L0175,Anantapur,Andhra Pradesh,Kharif,Red Sandy,Rainfed,390,31.0,52,AC,TT,GG,AG,GG,CC,GT,TT,CC,GG,AA,CC,CG,TT,GT,GG,CG,TT,TT,GG,CC,GT,GT,CC,TT,CC,TT,TT,TT,AA,TT,CT,AA,CC,GG,CG,GG,CC,GG,CC,TT,TT,CC,TT,AA,AA,TT,TT,CG,AA,GG,AA,AG,GG,CC,GT,AT,AC,GG,AA,AA,GT,AT,NN,TT,TT,CC,GT,CT,GG,GG,GG,CC,AA,GG,AA,AT,GG,TT,TT,GG,GG,GG,CC,AA,GG,NN,AA,CC,GG,CC,TT,CC,TT,TT,GG,CT,CC,TT,CC,CC,CG,AG,AA,AT,TT,CG,AA,AA,AC,CC,GT,TT,CC,GT,AA,AA,TT,CC,GG,CG,GG,CC,GG,CT,AA,CT,CC,CC,CC,AA,TT,CC,AA,CC,CC,AA,TT,AA,AA,CG,CT,CC,GG,AA,GG,AA,CC,GG,CC,CC,AG,AA,AA,TT,GG,AA,GT,CC,GG,AC,GT,GT,CT,CC,AT,TT,TT,AA,TT,GG,CC,AG,CT,CC,AC,CG,CC,AA,GG,AG,CC,TT,CG,GG,GT,GG,NN,AA,AG,TT,CC,GG,AA,CC,CC,CC,AG,AC,GG,TT,AA,GG,CC,GT,AA,CC,AA,AT,GG,TT,TT,AA,GG,TT,TT,CG,AT,TT,AA,GG,AG,TT,AA,TT,CC,CT,AC,CC,TT,CG,GG,CC,GG,CC,TT,TT,GT,GG,AT,AA,CC,AG,GG,CC,CG,GG,CC,GG,TT,AA,CC,TT,AG,CC,CC,AT,AA,CG,AA,CC,AA,AA,CC,CC,CC,AT,AA,GG,AA,AA,CC,AA,AG,NN,AG,AA,TT,GG,AA,AG,AC,AA,CT,AA,AA,GG,AG,GG,TT,AA,AA,TT,TT,TT,AG,AT,GG,GG,AA,2.97,Susceptible,Low,Poor,Early
L0176,Anantapur,Andhra Pradesh,Kharif,Red Sandy,Rainfed,390,31.0,52,AA,TT,GG,AG,GG,CC,GG,TT,CC,CG,AA,CT,CC,TT,TT,GT,CG,TT,TT,AA,CG,GT,GT,CC,AT,CC,TT,AT,GG,AA,TT,CT,AA,CC,AG,GG,GG,CG,GG,CC,TT,CT,AA,GT,AA,AG,TT,AT,CC,AA,GG,AT,AG,GG,CT,GT,AA,AA,TT,AA,AA,TT,AT,AG,TT,AA,CC,GG,TT,GT,AA,GG,CC,AA,GG,AC,AT,GG,TT,TT,GG,GG,NN,CC,AA,GG,AA,AA,CC,GT,CC,TT,CT,TT,GT,GG,NN,CC,TT,CC,CC,CG,AG,AA,TT,GT,CC,AA,AG,AC,CC,GG,TT,CG,GT,AA,AA,AT,CC,GG,CC,GG,CC,GT,CT,GG,CC,CC,CC,CC,AA,TT,CC,AA,CC,CC,AA,AT,AA,AA,GG,CC,CG,GG,AA,AG,AA,CC,GG,CC,CC,AA,AA,GG,TT,GG,AA,TT,TT,GG,AA,TT,TT,TT,CG,AA,GT,TT,AT,TT,CG,CC,AA,CC,AC,CC,CG,CC,AA,GG,GG,CC,TT,CC,GG,TT,GG,AT,AA,AA,TT,CC,GG,AA,CC,CC,GG,GG,AA,GG,TT,AA,AA,CC,GG,AT,CC,AA,AA,NN,TT,AT,AA,GG,GT,AA,CG,AT,GT,AA,GG,AA,TT,AA,TT,CC,TT,AA,AC,TT,GG,AA,CC,AG,CC,TT,CT,GT,GG,TT,AA,CC,AG,GT,CC,CG,GG,CC,GG,TT,AA,CG,GT,GG,CC,CC,AA,GG,CG,AA,CG,AA,AA,CC,CC,AC,TT,AA,CG,AA,AA,AC,AA,NN,AG,AA,AA,TT,NN,NN,AG,CC,AA,TT,AA,AA,GG,GG,GG,GT,AA,AA,TT,TT,AT,AA,TT,GG,GG,AA,3.89,Susceptible,Low,Poor,Medium
L0177,Anantapur,Andhra Pradesh,Kharif,Red Sandy,Rainfed,390,31.0,52,AC,TT,GG,AA,GG,CC,GG,AT,CC,CC,AA,NN,CC,AT,GT,GG,CG,TT,TT,AA,CG,TT,GT,CC,TT,CC,TT,TT,GT,AA,TT,CC,AA,CC,GG,GG,GG,CC,GG,CC,TT,CT,AA,GT,AA,AA,TT,TT,CC,AA,GG,AA,AA,GG,CC,TT,AA,AA,GT,AA,AA,GT,AT,AA,TT,AT,CC,GG,TT,GG,AA,TT,CC,AA,GG,AC,AT,GG,TT,TT,GG,GG,GT,CC,AA,GG,AA,AA,CC,GT,CC,TT,CC,TT,TT,GG,TT,CC,TT,CT,CC,CC,AA,AA,TT,TT,CC,AA,AA,AA,CC,GG,TT,CC,GT,AA,AA,TT,CC,GG,CC,GG,CC,GG,CT,AA,CC,CC,CC,CC,AA,TT,CC,AA,CC,CC,AA,TT,AA,AT,CG,CC,CC,GG,AA,AA,AT,CC,GG,CC,CC,AA,AA,AA,GT,GG,AC,TT,TT,AG,CC,TT,TT,TT,CC,AA,TT,CT,AA,AT,GG,CC,AG,NN,AC,CC,GG,CC,AA,GG,AG,CC,TT,CC,GT,TT,CG,AT,AA,AG,TT,CC,GG,AA,CC,CC,CG,GG,AA,GG,TT,AA,AA,CG,GT,AA,AC,AA,AT,GG,GT,AT,AA,CG,TT,AT,CC,AT,GT,AA,GG,AA,TT,AA,TT,CC,CT,AC,CC,TT,CG,AG,CG,GG,AC,TT,TT,GT,GG,TT,AA,CC,AA,GG,CC,CG,GG,CC,GG,AA,AA,CC,NN,GG,CC,CC,AA,GG,CC,AT,CC,AA,AA,AC,CC,AC,AT,NN,GG,AA,AC,AC,AA,GG,AA,AA,AA,TT,GG,AA,AG,CC,AC,CC,AG,AA,CG,GG,GG,GT,AA,AA,GT,TT,TT,AG,TT,GG,GG,AA,3.77,Moderate,Low,Poor,Early
L0178,Anantapur,Andhra Pradesh,Kharif,Red Sandy,Rainfed,390,31.0,52,CC,TT,GG,AG,GG,CC,GG,TT,CC,CG,AA,CC,CG,AT,NN,GG,GG,TT,TT,AA,CC,GT,GG,CT,TT,CC,TT,NN,GG,AA,TT,TT,AA,CC,GG,GG,GG,CC,GG,CC,TT,CT,AA,TT,AA,AG,TT,AT,CG,NN,GT,AA,AA,GG,CT,TT,AA,AA,GG,AA,AA,TT,TT,GG,TT,TT,CC,GG,CT,GG,AG,GG,CC,AA,GG,AA,AT,AG,GT,TT,GG,GT,GG,CC,AT,AG,AA,AT,CG,GT,AC,TT,CT,TT,TT,GG,TT,CC,TT,CC,CC,CC,AG,AA,TT,TT,CC,AA,AG,AA,CT,GG,TT,CC,GT,AA,AA,TT,CC,AG,CC,AG,CC,GT,CT,AA,CT,CC,CC,CC,AG,GT,AC,AA,AC,CC,AA,TT,AG,AA,GG,CC,CC,GG,AA,AA,AA,CC,GG,CC,CC,AA,AA,GG,TT,AG,AA,GT,CT,GG,CC,TT,TT,CT,CG,AT,TT,TT,AT,TT,GG,NN,AA,TT,CC,CC,CG,CC,AA,GG,AG,CC,TT,CC,GG,GT,GG,TT,AG,AA,TT,CC,GG,AC,CC,CC,GG,GG,AA,GG,TT,AA,AG,CG,GG,AA,AC,AA,AA,GG,TT,TT,AA,CG,GT,AA,CC,TT,GG,AA,GG,AA,NN,AA,AT,CG,CT,AA,CC,CT,GG,NN,CG,AA,CC,TT,TT,GT,GG,AT,AC,CC,AA,GG,CC,CC,GG,CC,GG,TT,GG,CC,TT,GG,CG,CG,AA,GG,CC,AA,CC,AA,AG,CC,CG,AC,TT,AA,GG,AA,AA,NN,AA,GG,AA,AA,AA,TT,GG,AC,AG,AC,AA,CT,AG,AA,GG,GG,GG,TT,AA,AA,GT,TT,TT,AA,TT,GG,GG,AA,3.73,Susceptible,High,Standard,Early
L0179,Anantapur,Andhra Pradesh,Kharif,Red Sandy,Rainfed,390,31.0,52,CC,TT,GG,AG,GG,CC,GG,AT,CC,CC,AA,CT,CG,TT,TT,GT,CG,TT,TT,AA,CC,GT,TT,CC,AT,CC,TT,TT,GG,AA,TT,CC,AA,CC,GG,GG,GG,CG,GG,CC,TT,CT,AC,TT,AG,GG,CT,TT,CC,AA,TT,AA,GG,GG,CT,TT,AA,AA,GT,AA,AG,TT,TT,AG,CT,AT,CC,GG,TT,TT,AA,GG,CC,AA,GG,CC,AT,GG,TT,TT,GG,GG,GG,CC,AT,GG,AA,AT,CC,GG,CC,TT,CT,TT,GT,GG,TT,CC,GT,CC,CC,CG,AA,AA,TT,TT,CG,AA,AA,AA,CC,GG,TT,CC,TT,AA,AA,TT,CC,GG,CG,GG,CT,GG,TT,AA,CT,CC,CC,CC,AA,GT,CC,AC,CC,CC,AA,TT,AA,AA,CG,CC,CC,GG,AA,AG,AA,CC,GG,CC,CC,AA,GG,AG,GT,AG,AC,TT,CT,GG,CC,TT,GT,TT,CC,AT,TT,TT,AA,TT,GG,CG,AG,TT,CC,CC,CG,CC,AA,GG,AG,CC,TT,CC,GT,GG,GG,AT,AA,AA,TT,CC,GG,AA,AC,CC,GG,GG,NN,GG,TT,AA,AA,CC,GG,AT,AC,AA,TT,GG,TT,AT,AA,CG,GT,AA,CC,TT,GT,AA,GG,AA,TT,AA,TT,CG,CT,AA,CC,CT,GG,AG,CC,AG,CC,AT,CT,TT,GG,TT,AC,CC,AG,GT,CC,CC,GG,CG,GG,TT,AA,CG,GG,GG,CC,CG,AA,GG,CC,AA,CC,AT,AA,AC,CG,CC,TT,AA,GG,AA,AA,AC,AC,AG,AG,AA,AA,TT,CG,AA,AA,AC,AC,CT,AA,AG,GG,GG,GG,GT,AA,AA,TT,NN,TT,AA,AT,GG,NN,AA,0.4,Moderate,High,Premium,Late
L0180,Anantapur,Andhra Pradesh,Kharif,Red Sandy,Rainfed,390,31.0,52,CC,TT,AA,AG,GG,CC,GG,TT,CC,GG,AA,CC,CC,TT,GT,GG,GG,TT,TT,AA,CC,TT,GT,TT,TT,CC,TT,TT,GT,AA,TT,CC,AA,CC,GG,GG,NN,CG,GG,CC,TT,CT,AA,NN,AA,GG,TT,AT,CC,AC,GT,AT,AA,GG,CC,GT,AA,AC,TT,AC,GG,GT,AT,AG,CT,TT,CC,GG,TT,GG,AG,GG,CC,AA,GG,AC,AA,GG,TT,TT,GG,GT,GG,AC,AA,GG,NN,AT,CC,TT,CC,GT,CT,TT,TT,GG,TT,CC,GT,CT,CC,GG,GG,AA,TT,TT,CG,AG,AA,AA,CC,GG,TT,CC,TT,AA,AA,TT,CG,AG,CG,AG,CC,GT,CT,AG,CC,CC,CC,CC,AA,TT,CC,NN,CC,CC,AA,TT,AA,AA,GG,CC,CC,GG,AA,AA,AT,CC,GT,CC,CC,AA,AA,AG,GT,GG,AC,TT,CC,AG,AC,GT,GT,NN,CC,AA,GT,TT,AA,TT,GG,CC,AA,CT,CC,CC,CC,AC,NN,GG,AG,CC,TT,CC,GG,TT,GG,AT,AA,AG,TT,CC,CG,CC,CC,CC,GG,GG,AC,GG,TT,AA,AA,CC,GT,AA,AC,AT,AT,GG,TT,AT,AT,GG,GT,AA,CC,TT,TT,AA,GG,AA,CT,AA,TT,CG,TT,AC,CC,CC,CC,AA,CC,AG,CC,TT,TT,TT,GG,TT,AA,AC,AA,GG,CC,CG,GG,CC,GG,AT,AA,CG,TT,GG,CC,CC,AA,GG,CG,AA,CG,AT,AA,AC,NN,CC,TT,AA,GG,AA,AA,AC,AC,NN,AG,AA,AA,TT,CG,AA,AA,CC,AC,TT,AA,AA,CG,GG,GG,GT,AA,AG,TT,TT,TT,AG,TT,GG,GG,AA,2.19,Moderate,Low,Standard,Medium
L0181,Anantapur,Andhra Pradesh,Kharif,Red Sandy,Rainfed,390,31.0,52,AC,TT,GG,AG,GG,CC,GG,TT,CC,CG,AA,CC,CC,AT,TT,GG,GG,TT,TT,AA,CG,GT,GT,CT,TT,CC,TT,TT,GG,AA,TT,CC,AA,CC,GG,GG,GG,CC,GG,CC,TT,CC,AC,TT,AA,AG,TT,TT,CC,AC,GG,AA,AA,GG,CC,GT,AT,AA,GG,AA,AA,GT,AT,AG,TT,AT,CC,GG,TT,GT,GG,GG,CC,AA,GG,CC,AT,NN,TT,TT,GG,GG,GG,AC,AA,GG,AA,AT,CC,GT,CC,TT,CT,TT,TT,GG,TT,CC,TT,CT,CC,CG,GG,AA,TT,TT,CC,AG,AA,AA,CC,GG,TT,CG,TT,AA,AC,TT,CC,AA,CC,GG,CC,GT,CT,AA,CC,CC,CC,CG,AA,TT,CC,NN,CC,CC,AA,TT,AA,AA,GG,CC,CC,GG,AA,AA,AA,CC,GG,CC,CC,AA,AA,GG,TT,GG,CC,GT,CT,GG,CC,GT,TT,TT,CC,AT,GT,TT,AA,TT,GG,CC,AG,TT,CC,CC,GG,CC,AA,AG,AA,CC,TT,CC,GT,TT,CG,AT,AA,AA,TT,CC,GG,AA,CC,CC,GG,GG,AA,CC,TT,AA,AA,CC,GG,AA,CC,AT,AA,GG,TT,TT,AT,GG,GG,AA,CC,TT,GT,AA,GG,AA,CT,AA,TT,CG,TT,AC,CC,TT,GG,AA,CC,AG,AC,TT,NN,GT,GG,TT,AC,AC,AA,GG,CC,CG,GG,CC,GG,AT,AG,CG,TT,GG,CC,CC,AA,AG,CG,AA,CC,AA,AA,CC,CG,AC,TT,AA,GG,AA,AA,AC,AC,GG,AG,AA,AA,TT,GG,AA,AG,CC,AA,CT,AA,AA,GG,GG,GG,TT,AA,AA,TT,TT,NN,AA,AT,GG,NN,AC,2.36,Resistant,Medium,Standard,Late
L0182,Anantapur,Andhra Pradesh,Kharif,Red Sandy,Rainfed,390,31.0,52,AA,TT,GG,AA,GG,CC,GT,AT,CC,CC,AA,CT,CC,AT,GT,GG,GG,TT,AT,AG,CC,NN,GT,CC,AA,CC,TT,TT,GG,AA,CT,CT,AA,CC,GG,GG,GG,CG,GG,CC,TT,CT,AC,TT,AA,GG,TT,TT,CC,CC,GG,AA,AG,GG,TT,TT,AA,AA,GT,AA,AA,GT,AT,AA,TT,AT,CC,GG,TT,GG,AA,GG,CC,AG,GG,AC,AA,GG,TT,TT,GG,GG,GT,CC,AA,AG,AA,AA,CC,GT,CC,TT,CT,TT,TT,GG,TT,CC,TT,CC,CT,CC,AG,AG,TT,TT,CC,AA,AG,AC,CC,GG,TT,CC,TT,AC,AA,AT,CC,GG,CC,GG,CC,GG,TT,AA,CC,CC,CC,CC,AA,TT,CC,AC,CC,CC,AA,TT,AG,AA,GG,CC,CC,GG,AA,AA,TT,AC,GG,CC,CC,AA,AG,GG,GT,AG,AC,TT,TT,AG,CC,TT,TT,TT,CC,AT,TT,CT,AA,AT,GG,CC,AA,CC,CC,CC,GG,CC,AA,GG,AA,CC,TT,CC,GT,TT,CG,TT,AA,AA,TT,CC,CG,AA,CC,CC,GG,GG,AC,GG,TT,NN,AA,CC,GT,AA,AC,AA,AA,GG,GT,AT,AA,GG,GT,AA,CC,AT,GG,AA,GG,AA,TT,AC,TT,CC,TT,AC,CC,TT,GG,AG,CG,AG,CC,TT,CT,GT,GG,TT,AA,CC,AA,GT,CC,CG,GG,CC,GG,TT,AA,CC,GT,GG,CC,CC,AA,AG,CC,AA,CC,AA,AA,CC,CG,AC,AT,AA,GG,AA,AA,AA,AA,AG,AA,AG,AA,AT,GG,AA,AG,CC,NN,CT,AA,AG,GG,GG,GG,TT,AA,AA,TT,TT,TT,AG,TT,GG,CG,AA,2.05,Susceptible,Low,Premium,Early
L0183,Anantapur,Andhra Pradesh,Kharif,Red Sandy,Rainfed,390,31.0,52,AA,TT,AG,AG,GG,CC,GT,AT,CC,CG,AA,CC,CC,TT,GG,GG,CG,TT,TT,AG,CC,TT,GT,CC,TT,NN,GT,TT,GG,AA,CT,CT,AA,CC,GG,GG,GG,CG,GG,CC,TT,TT,AA,TT,AA,AG,TT,TT,CC,NN,GG,AA,AA,GG,CC,TT,AA,AA,GT,AC,NN,TT,TT,AG,TT,AA,CC,GG,TT,GG,AG,GG,CC,AA,GG,AC,AA,GG,TT,CT,AA,GG,GG,CC,AA,GG,AA,AA,CC,GG,AC,TT,CC,TT,TT,GG,TT,AC,TT,CC,CT,CG,AG,AA,TT,TT,CC,AA,GG,AA,CT,GG,TT,CC,GT,AA,AA,TT,GG,GG,CC,GG,CC,GG,TT,AA,CC,CC,CC,CC,AA,TT,CC,AA,CC,CC,AA,AT,AA,AA,GG,TT,CC,GG,AA,AG,AA,CC,GT,CC,CC,AG,GG,GG,TT,GG,AC,TT,TT,GG,CC,GG,TT,CT,CC,AA,TT,TT,AT,TT,GG,CC,AG,CT,NN,CC,GG,CC,AA,GG,AA,CC,TT,CC,TT,TT,CG,TT,NN,AA,TT,CC,CG,AA,AC,CC,GG,GG,AA,GG,TT,AC,AA,CC,GG,AA,AC,AA,AT,GG,GT,AT,AT,GG,GT,AA,CG,TT,GG,AA,GG,AA,CT,AC,TT,CC,TT,AA,NN,TT,GG,AA,CG,AG,CC,TT,CT,TT,GG,AT,AA,CC,AA,GG,CC,CG,GG,CC,GG,AT,AA,CC,TT,GG,CC,CG,AA,AG,CG,AA,CC,AA,AA,CC,CC,AC,TT,AA,GG,AA,AC,AA,AC,GG,AA,AG,AA,TT,GG,AA,AA,AC,CC,NN,AA,AA,GG,GG,CG,TT,AA,AA,TT,TT,TT,AG,TT,GG,CG,AA,3.09,Resistant,Medium,Standard,Late
L0184,Anantapur,Andhra Pradesh,Kharif,Red Sandy,Rainfed,390,31.0,52,AC,TT,GG,AG,GG,CC,TT,TT,CC,CC,AA,CC,CG,TT,TT,GG,GG,TT,TT,AA,CC,GG,GT,CT,TT,CC,TT,AT,GG,AA,TT,CT,AA,CC,AG,GG,GG,CC,GG,CC,TT,TT,AA,TT,AA,GG,TT,TT,CC,AC,GG,AA,AA,GG,CT,GT,AA,AA,GG,AA,AG,TT,TT,AA,CT,TT,CC,GG,TT,GG,AG,GG,AC,NN,GG,AA,AT,AG,TT,TT,GG,GG,GT,CC,AA,GG,AA,AA,CC,GT,CC,TT,CT,TT,TT,GG,TT,CC,TT,CC,CC,CG,AG,AA,TT,TT,CC,AA,AA,AC,CT,GG,TT,CG,TT,AC,AC,TT,CC,AA,CG,GG,CC,GT,TT,AG,CC,CC,CC,NN,AA,TT,CC,AA,CC,CT,AA,TT,AA,AA,GG,CT,CC,GG,AA,AG,NN,CC,TT,CC,CC,AA,AG,AG,TT,GG,AC,TT,TT,GG,AC,GG,TT,TT,CG,AA,TT,TT,AT,NN,GG,CC,AG,TT,AC,CC,GG,CC,AA,GG,AG,CC,TT,CC,GG,TT,GG,TT,AA,AA,TT,CC,GG,CC,AC,CC,GG,AG,AA,CG,TT,AC,AA,CC,GG,AA,CC,AA,AA,GT,TT,TT,AA,CG,GT,AT,CC,AT,TT,AA,GG,AA,TT,AA,TT,CC,TT,AA,CC,CT,CG,AA,CC,AG,AC,AT,CT,GT,GG,TT,AA,AC,AA,GG,CC,CC,GG,CC,GG,AT,AA,CC,TT,GG,CG,CC,AA,GG,CC,AA,CC,AA,AA,AA,CG,AC,TT,AA,GG,AA,AC,AC,AA,GG,AG,AA,AA,TT,GG,AA,AG,NN,AA,TT,AA,AA,CG,AA,GG,TT,AA,AA,TT,TT,TT,AA,AT,GG,GG,AA,2.3,Susceptible,High,Standard,Late
L0185,Anantapur,Andhra Pradesh,Kharif,Red Sandy,Rainfed,390,31.0,52,AC,TT,GG,AA,GG,CC,GT,TT,CC,CG,AA,CC,CC,AT,GT,GG,GG,TT,TT,AA,CC,TT,GG,CC,TT,CC,TT,TT,GG,AA,TT,CT,AA,CC,GG,GG,GG,CC,GG,CC,TT,CT,AA,GT,AA,GG,TT,TT,CC,CC,GG,AA,AA,GG,NN,GT,AA,AA,GT,AC,AA,TT,AT,AA,TT,TT,CC,GG,CT,GG,AA,GG,CC,AA,GG,AC,TT,GG,TT,TT,GG,GG,GG,CC,AA,GG,AA,AA,CC,GT,CC,TT,CT,TT,TT,AG,CC,CC,TT,CT,CT,CC,GG,AA,TT,TT,CC,AA,AA,AA,CT,GG,TT,CC,TT,AA,AA,AT,CC,NN,CC,AG,CC,GT,CT,AA,CT,CC,CC,CC,AA,TT,AC,AA,CC,CC,AA,TT,AA,AA,GG,CC,CC,GG,AA,AG,AA,AC,GG,CC,NN,AA,AG,GG,TT,GG,CC,TT,CT,GG,AA,TT,TT,TT,CC,AA,TT,TT,AT,AT,CG,CC,AA,CC,AC,AA,GG,NN,AA,GG,AG,CC,TT,CG,GT,GT,CG,TT,AG,AA,TT,CC,GG,AA,AC,CC,NN,GG,AA,GG,TT,AA,AA,CC,GT,AA,CC,AA,AA,GG,TT,AT,AT,CG,GG,AT,CC,AT,GG,AA,GG,AA,TT,AA,TT,CC,TT,AA,CC,CT,GG,AA,CC,GG,CC,TT,CT,TT,GG,TT,AC,CC,AA,GG,CC,CC,GG,CC,GG,TT,AG,NN,TT,GG,CC,CC,AA,GG,CC,AT,CC,AA,AA,CC,CC,CC,TT,AA,GG,AA,NN,AA,AA,AG,AG,AA,AA,TT,GG,AC,AA,AC,AC,CT,AA,AA,GG,GG,GG,GT,AA,AA,TT,TT,TT,AA,AT,GG,GG,AC,4.91,Resistant,Low,Poor,Medium
L0186,Anantapur,Andhra Pradesh,Kharif,Red Sandy,Rainfed,390,31.0,52,AC,TT,AG,AA,GG,CC,GG,AT,CC,CC,AA,CC,CG,TT,TT,GG,GG,TT,TT,AA,CC,TT,TT,CC,TT,CC,GT,TT,GG,AA,TT,NN,AA,CC,GG,GG,GG,CC,GG,CC,GT,TT,AA,GT,AA,AG,TT,AT,CC,AC,GG,AT,AA,GG,CC,GT,AA,AC,TT,AA,AA,TT,TT,GG,TT,AT,CC,GG,TT,GG,AG,GG,CC,AG,GG,CC,AT,GG,GT,TT,GG,GG,GG,CC,AA,GG,AA,AA,CC,TT,CC,TT,CT,TT,GT,GG,CT,CC,TT,CT,CC,CG,AG,AA,TT,TT,CC,AA,AG,AA,CC,GG,TT,CC,TT,AA,AA,AT,CC,NN,CG,AA,CC,GG,CT,AA,CC,CC,CC,CC,AA,GT,AC,AA,CC,CC,AA,TT,AA,AT,GG,CT,CG,GG,AA,AA,AA,NN,GT,CC,CG,AA,AA,AG,TT,GG,CC,TT,CT,GG,AC,TT,TT,TT,CC,AA,GT,TT,AA,TT,GG,CC,AA,CC,CC,CC,CG,CC,AA,GG,AG,CC,TT,CC,GG,TT,CC,AT,AA,AG,TT,CC,GG,AA,CC,CC,GG,GG,AA,GG,TT,AA,AG,CC,GT,AT,CC,AA,AT,GT,TT,AT,AT,GG,GG,TT,CC,AA,GT,AA,GG,AA,CT,AA,TT,CC,TT,AC,CC,TT,CG,AG,CC,AG,AC,AT,TT,TT,GG,AT,AA,CC,AG,GG,CC,CG,CG,CC,GG,TT,AA,CC,GG,GG,CC,CG,AA,GG,CC,AA,CG,AA,AA,CC,CC,AC,AT,AA,CG,AA,AA,AA,AA,AA,AG,AA,AA,TT,GG,AC,AG,AC,AA,NN,AA,AG,GG,GG,GG,NN,AA,AA,TT,TT,TT,AG,TT,GG,GG,AA,5.01,Resistant,Low,Standard,Medium
L0187,Anantapur,Andhra Pradesh,Kharif,Red Sandy,Rainfed,390,31.0,52,AC,TT,AG,AG,GG,CC,GG,AT,CC,GG,AA,CT,CC,AT,TT,GG,GG,TT,TT,AA,CC,GG,TT,CT,TT,CC,TT,TT,GG,AA,TT,CC,AA,CC,GG,CC,GG,GG,GG,CC,TT,CT,AA,TT,AG,GG,TT,AT,CC,AA,GG,AA,AA,GG,CC,TT,TT,AC,GG,AC,AA,TT,TT,AG,TT,TT,CC,GG,TT,GG,AA,GG,CC,AA,GG,AA,AA,GG,NN,TT,GG,GG,GG,CC,AT,GG,AA,AA,CC,TT,CC,TT,CC,TT,GT,GG,TT,CC,TT,CC,CT,CC,AA,AA,TT,TT,CC,AA,GG,AC,CT,GG,TT,CC,TT,AC,AA,TT,CC,GG,CC,GG,CC,GG,CT,AA,CC,CG,CC,CC,NN,TT,AC,AA,CC,CT,AA,TT,AA,AA,CG,CC,CC,GG,AA,AA,AA,CC,GG,CC,CG,AA,AG,GG,TT,AA,AC,TT,TT,GG,CC,GG,GT,TT,CC,AT,TT,TT,NN,AT,CG,NN,AA,CT,CC,CC,GG,CC,AA,AG,AA,CC,TT,CC,GT,GT,CG,TT,AA,AA,TT,AA,GG,AA,AC,CC,GG,GG,AA,GG,TT,AA,AG,CC,GG,AA,AC,AA,AA,GG,TT,AT,AT,GG,GT,AA,CC,TT,TT,AA,GG,AA,CT,AA,TT,CC,NN,AC,CC,TT,GG,GG,CC,AG,CC,TT,TT,TT,GG,TT,AA,AC,GG,GG,CC,CG,GG,CC,GG,AT,AA,CC,TT,GG,CC,CC,AA,GG,CC,AA,CG,AA,AA,AC,CC,AA,TT,AA,GG,AA,AA,AA,AC,AA,AG,AG,AA,TT,CG,AC,AG,AC,AC,CT,AA,AA,CG,AG,GG,TT,AA,AA,TT,TT,TT,AG,AT,GG,CG,AA,1.02,Susceptible,Medium,Premium,Medium
L0188,Anantapur,Andhra Pradesh,Kharif,Red Sandy,Rainfed,390,31.0,52,AA,TT,GG,AG,GG,CC,GG,TT,CC,CG,AA,CC,CC,TT,TT,GG,GG,TT,TT,AG,CC,TT,TT,CT,TT,CC,TT,TT,GG,AA,TT,CC,AA,CC,GG,GG,GG,CC,GG,CC,TT,CT,AA,GT,AA,AA,TT,AT,CC,AC,GG,AA,AA,GG,CC,GT,AT,AC,GT,AA,AA,GT,AT,AG,TT,AT,CC,GG,TT,GT,AA,TT,CC,AA,AG,AC,AA,GG,TT,TT,GG,GG,GG,CC,AT,AG,AA,AA,CG,GT,CC,TT,CC,TT,GT,AG,TT,CC,TT,CC,CC,GG,GG,GG,TT,TT,CC,AA,AA,NN,CC,GG,TT,CC,TT,AC,AC,TT,CC,AG,CC,GG,CT,GG,TT,AG,CC,CC,CC,CC,AA,GT,AC,AA,CC,CT,AA,TT,AG,AA,CG,CC,CC,GG,AG,AG,AA,CC,GT,CC,CG,AG,AG,NN,TT,GG,AC,TT,CT,GG,CC,GT,TT,CT,CG,AA,GT,TT,AA,TT,CG,CC,AG,CT,CC,CC,CG,CC,AA,GG,AG,CC,TT,CG,GT,TT,GG,AT,AA,AG,TT,CC,CG,AA,AC,CC,GG,GG,CC,CG,TT,AA,AA,CG,GG,AT,CC,AA,AT,GG,TT,AT,AA,GG,TT,AT,CG,AT,GT,AA,GG,AG,CT,AA,TT,CC,TT,AA,CC,TT,GG,AG,CG,AG,AC,TT,TT,TT,GG,TT,AA,AC,AG,NN,CC,CG,GG,CC,GG,AA,NN,CG,TT,GG,CC,CC,AT,AG,CG,AT,CC,AT,AA,CC,CG,AC,TT,AA,GG,AA,AC,AC,AC,GG,AG,AA,AA,TT,GG,AA,AA,AC,AC,CT,AG,AA,GG,GG,GG,TT,AA,GG,TT,TT,TT,AG,TT,GG,GG,AA,3.61,Susceptible,High,Poor,Medium
L0189,Anantapur,Andhra Pradesh,Kharif,Red Sandy,Rainfed,390,31.0,52,AC,TT,GG,AA,CG,CC,GT,TT,CC,GG,AT,CT,CC,TT,GT,GG,GG,TT,TT,AA,CG,TT,GT,CT,TT,CC,TT,AT,GG,AA,TT,CC,AA,CC,AA,GG,GG,NN,GG,CC,NN,CT,AA,TT,AA,GG,TT,TT,CC,CC,GG,AT,AA,GG,CC,TT,AA,AA,TT,CC,AA,TT,TT,AG,TT,AT,CC,GG,TT,GT,AG,GG,CC,AA,GG,AA,AA,GG,TT,TT,GG,GG,GG,CC,AA,GG,AA,AA,CG,GT,CC,GG,CC,TT,TT,GG,CT,CC,GT,CC,CC,CG,AA,AA,TT,TT,CG,AA,AA,AA,CT,GG,TT,CG,GT,AA,AA,TT,CC,AG,CC,AG,CC,GG,NN,AA,CC,CC,CC,CC,AA,TT,CC,AA,CC,CC,AA,TT,AA,AT,GG,CC,CC,GG,AA,AG,AA,NN,GG,CC,CC,AA,AG,GG,GT,GG,AA,TT,CT,GG,AC,TT,GT,CT,CC,AA,GT,CT,AA,TT,GG,CC,AA,CT,CC,CC,GG,CC,AA,GG,AG,CC,TT,CC,GT,TT,CG,AA,AA,AA,TT,CC,CG,AC,CC,CC,GG,GG,AA,CG,TT,AA,AA,CG,GG,AT,AC,AA,AT,GG,TT,TT,AA,CG,GG,AT,CC,TT,GG,AT,GG,AA,CC,AA,TT,CC,CT,AA,CC,TT,GG,AA,CC,AG,CC,TT,CT,TT,GG,TT,AA,CC,AG,GG,CC,CG,GG,CG,GG,AA,AA,CC,TT,GG,CG,CC,AA,GG,CC,AA,CC,AA,AA,AC,CC,CC,TT,AA,CG,AA,AA,AC,AA,AG,GG,AA,AA,TT,GG,AA,AG,AC,AC,TT,AG,AG,GG,GG,GG,TT,AA,AA,TT,TT,TT,AA,AT,GG,GG,AA,4.24,Susceptible,Medium,Premium,Medium
L0190,Anantapur,Andhra Pradesh,Kharif,Red Sandy,Rainfed,390,31.0,52,AA,TT,AG,GG,GG,CG,GG,TT,CC,GG,AA,CT,CC,AT,TT,GG,GG,TT,TT,AA,CC,TT,GT,CT,TT,CC,TT,TT,GG,AA,CT,CC,AA,CC,GG,CG,GG,GG,GG,CC,TT,CT,AA,TT,AG,AG,TT,TT,CC,AC,GT,AA,AG,GG,CT,GG,AT,AA,GT,AA,AA,TT,AT,AG,TT,TT,CC,GG,TT,GG,AA,GT,NN,AA,GG,AC,AA,AG,GT,TT,GG,GG,GG,CC,AA,GG,AA,AT,CC,GT,AC,TT,CT,TT,GT,GG,TT,CC,GT,CT,CT,CG,AG,AA,TT,TT,CC,AA,AA,AA,TT,GG,TT,CC,TT,AA,AA,TT,CC,GG,CC,GG,CT,GT,TT,AA,CC,CC,CC,CC,AA,TT,CC,AA,CC,CT,AA,TT,AA,AA,CC,CT,CC,GG,AG,AA,AA,CC,GG,CC,CC,AA,AA,GG,GT,GG,AA,TT,TT,GG,CC,GT,TT,CT,CG,AA,TT,TT,AA,AT,GG,NN,AG,CC,CC,CC,CC,CC,AA,GG,GG,CC,TT,CG,GT,TT,GG,TT,AG,AA,TT,CC,GG,AC,CC,CC,GG,NN,AA,GG,TT,AA,AA,CC,GG,AA,CC,AT,AA,GT,TT,AT,AT,GG,GT,AT,CC,TT,TT,AA,GG,AA,TT,AA,TT,CC,TT,AA,CC,TT,GG,AA,CG,AG,CC,TT,CC,TT,GG,TT,AC,CC,AG,GG,CC,CC,GG,CC,GG,AT,AA,CC,TT,GG,CC,CC,AA,GG,CC,AT,CC,AA,AA,CC,CC,CC,TT,AA,GG,AA,AA,AA,AA,NN,AA,AA,AA,TT,GG,AA,AA,AC,AC,CT,AA,AA,GG,NN,GG,TT,AA,AA,TT,TT,TT,AG,AT,GG,CG,AA,3.97,Susceptible,Low,Standard,Early
L0191,Anantapur,Andhra Pradesh,Kharif,Red Sandy,Rainfed,390,31.0,52,AA,TT,GG,AG,GG,CG,GG,TT,CC,CC,AA,CT,CG,AT,NN,GG,GG,TT,TT,AA,CC,TT,GT,CC,TT,CC,TT,TT,GT,AA,TT,CC,AG,CC,GG,CC,GG,CG,GG,CC,TT,TT,AA,GT,AG,GG,CT,TT,CC,AC,GG,AA,AG,GG,CC,GT,AA,AA,GG,AC,AA,GT,TT,AG,TT,TT,CC,NN,TT,GG,AG,GG,CC,AA,AG,NN,AA,GG,TT,TT,GG,GG,GG,CC,AT,GG,AG,AA,CG,GG,NN,TT,CT,TT,TT,GG,TT,CC,TT,CC,CT,GG,AG,AG,AT,TT,CC,AA,AG,AA,CC,GG,TT,CC,TT,AA,AA,TT,CG,GG,CG,GG,CC,GG,TT,AA,CC,CC,CC,CC,AA,TT,CC,AA,CC,CC,AA,TT,AA,AA,GG,CC,CC,GG,AA,AG,AA,CC,GG,CC,CG,AA,AG,GG,GT,GG,AA,GT,TT,GG,AC,TT,TT,TT,CC,AA,TT,TT,AA,TT,GG,CG,AG,CC,CC,CC,CG,CC,AA,GG,AA,CC,TT,CG,GT,GT,GG,AA,AA,AA,TT,CC,GG,AC,CC,CC,GG,GG,AA,GG,TT,AC,AA,CC,GT,AT,AC,AA,AT,GG,TT,AT,AA,CG,GG,AT,CC,AT,TT,AA,GG,AA,TT,AA,TT,CC,TT,AA,CC,TT,CG,AG,CG,AG,CC,TT,TT,GT,GG,TT,AA,CC,AA,GG,NN,CG,GG,CC,GG,AT,AG,GG,GT,GG,CG,CC,AA,AG,CC,TT,CC,AT,AA,CC,CC,AC,AT,AG,GG,AA,AA,AC,AA,AG,AG,AA,AA,TT,GG,AA,AA,CC,AC,CT,AG,NN,CG,GG,GG,TT,AA,AA,GT,TT,TT,GG,AT,GG,GG,AC,4.23,Moderate,Medium,Standard,Medium
L0192,Anantapur,Andhra Pradesh,Kharif,Red Sandy,Rainfed,390,31.0,52,AA,TT,AA,AA,GG,CC,GG,TT,CC,CG,AT,CC,GG,TT,GT,GG,CG,TT,TT,AA,CG,TT,GT,CC,TT,CC,TT,TT,GG,AA,TT,CC,AA,CC,GG,CG,GG,CC,GG,AA,TT,CC,AA,TT,AA,GG,TT,TT,CC,AC,GG,AA,AG,GG,CC,TT,AT,AC,GT,AA,AA,TT,TT,AG,TT,TT,CC,GG,TT,GG,AA,GG,CC,AA,GG,AA,AT,GG,GT,TT,GG,GT,GT,CC,AT,AA,AA,AA,CG,TT,CC,TT,CT,TT,GT,GG,TT,CC,TT,CC,CT,CC,AG,AG,AT,NN,CC,AA,GG,AA,CC,GG,TT,CG,TT,AC,AA,TT,CC,GG,CC,GG,CT,GT,NN,AA,CT,CC,CC,CC,AA,TT,AC,AA,CC,CC,AA,TT,AA,AA,GG,CC,CC,GG,AG,AG,AA,CC,NN,CC,CC,AA,AA,AG,GT,GG,CC,GT,CT,GG,CC,TT,GT,TT,CC,AA,TT,TT,AT,TT,GG,CC,AG,CC,CC,CC,GG,AC,AA,AG,AG,CC,TT,CC,TT,TT,GG,TT,AA,AG,TT,NN,GG,AA,CC,NN,GG,GG,AA,GG,TT,AC,AA,CC,GG,TT,AA,AA,AT,GG,TT,TT,AA,GG,GT,AA,CG,NN,GT,AA,GG,AA,NN,AA,AT,CC,TT,AA,CC,CT,GG,AA,CC,GG,CC,TT,CT,TT,GG,TT,AA,AC,AA,GG,CC,CG,GG,CC,GG,AT,AA,CC,GT,GG,CC,GG,NN,AG,CC,TT,CC,AT,AA,AC,CC,AC,TT,AA,GG,AA,AA,AA,AA,AG,GG,AA,AG,TT,GG,NN,AG,AC,AA,TT,AA,AA,CG,GG,CG,TT,AA,AG,GT,TT,TT,AA,AT,GG,CG,AA,3.1,Susceptible,Low,Premium,Late
L0193,Anantapur,Andhra Pradesh,Kharif,Red Sandy,Rainfed,390,31.0,52,AA,CT,AG,AG,GG,CC,GG,TT,CC,CG,AA,CC,CG,AT,TT,GT,CG,TT,TT,NN,CC,TT,TT,CT,TT,CC,TT,TT,GG,AA,TT,CC,AA,CC,GG,GG,GG,CC,GG,CC,TT,TT,AA,TT,AG,GG,TT,AT,CC,CC,GG,AA,AG,GG,CC,TT,AA,AC,GT,AC,AG,GT,AT,AA,TT,AA,CC,GG,TT,GG,AG,GG,CC,AA,GG,AC,AA,GG,TT,TT,AG,GG,GG,CC,AA,GG,AA,AA,CC,GT,CC,TT,CC,TT,TT,AG,CT,CC,GT,CC,CC,NN,AG,AA,TT,TT,CC,AA,AA,AA,CC,GG,TT,CC,TT,AA,AA,TT,CG,GG,CC,GG,CC,GT,TT,AA,CC,CC,CC,CC,AA,TT,CC,AA,CC,CC,AA,AT,AA,AA,CG,CC,CC,GG,AG,GG,AA,AC,TT,CG,CC,AA,GG,GG,TT,GG,CC,TT,CT,GG,AC,TT,NN,TT,CG,AT,TT,TT,AA,TT,GG,CC,AA,CT,CC,CC,CG,CC,AA,GG,AG,CC,GT,CC,GG,TT,GG,AT,AG,AG,TT,AC,GG,AC,CC,NN,GG,GG,AA,GG,TT,AC,AA,CC,GG,AA,AC,AT,AA,GT,TT,AT,AT,CG,TT,AT,GG,TT,GT,AA,GG,AA,TT,AA,TT,CC,TT,AC,CC,TT,GG,AG,CC,AG,CC,TT,TT,GG,GG,TT,AA,AC,AG,GG,CC,CG,GG,CC,GG,TT,AA,CC,GT,GG,CC,CC,AT,GG,CC,AA,CG,AA,AA,AC,CG,AC,AT,NN,GG,AA,AA,AA,AC,GG,AG,AA,AA,AT,GG,AC,AG,CC,CC,CT,AG,AA,GG,GG,GG,TT,AT,AA,GG,TT,TT,AA,TT,GG,GG,AA,2.11,Susceptible,High,Poor,Late
L0194,Anantapur,Andhra Pradesh,Kharif,Red Sandy,Rainfed,390,31.0,52,AC,TT,AG,AG,CG,CC,GT,AT,CC,CC,AA,CT,CG,AT,GT,GG,CG,TT,TT,AA,CC,GT,GT,CC,TT,CC,TT,TT,GG,AA,TT,CC,AA,AC,GG,GG,GT,CG,GG,AC,TT,CC,AA,TT,AA,GG,TT,TT,CC,AC,GG,AA,AA,GG,CC,TT,AA,AC,GG,AA,AA,TT,TT,AG,TT,TT,CC,GG,TT,GG,AG,GG,CC,AA,GG,AA,AA,GG,GT,NN,GG,GT,GG,CC,AA,AG,AA,AT,CC,GT,CC,TT,CC,TT,TT,AG,TT,CC,TT,CC,CC,CC,AG,AA,TT,TT,CC,AA,AG,AC,CC,GG,TT,CC,GT,AA,AA,TT,CG,AG,CC,AG,CC,GT,TT,AG,CT,CC,CC,CC,AA,TT,AC,AA,CC,CC,AA,AT,AA,AA,CG,CC,CC,GG,AA,AA,AA,CC,GG,CG,CG,AA,AA,GG,NN,GG,CC,GT,CC,GG,CC,TT,TT,TT,CG,AA,GT,TT,AA,TT,CG,CC,AG,CC,CC,CC,CG,CC,AA,GG,GG,CC,TT,CC,GG,TT,CG,AT,AA,AG,TT,CC,GG,AA,CC,CC,GG,GG,AC,GG,TT,AC,AG,CC,GT,AA,AC,AA,AT,GG,TT,TT,AA,CC,GG,AT,CG,TT,GT,AA,GG,AA,TT,AA,TT,CC,CT,AA,CC,TT,GG,AG,CC,AA,CC,TT,TT,TT,GG,TT,AC,CC,AA,GG,CC,CC,GG,CC,GG,TT,AG,CC,TT,GG,CC,CC,AT,GG,CG,AA,CC,AA,AA,AC,CG,CC,TT,AG,GG,AA,AA,AA,AA,AG,AG,AG,AA,TT,GG,AA,AA,AC,AA,CT,AA,AA,GG,GG,CG,GT,AA,AA,TT,TT,TT,AA,TT,GG,GG,AA,3.62,Moderate,Medium,Premium,Medium
L0195,Anantapur,Andhra Pradesh,Kharif,Red Sandy,Rainfed,390,31.0,52,AC,TT,GG,GG,GG,CC,GT,TT,CC,CC,AA,CC,CC,TT,TT,GT,GG,TT,TT,AA,CG,TT,TT,CC,TT,CC,TT,TT,GT,NN,CT,TT,AA,CC,GG,CG,GG,CG,GG,CC,TT,TT,AA,TT,AA,AG,TT,TT,CC,AC,GT,AA,AA,GG,CC,TT,AA,AC,GG,AA,AA,GT,AT,AA,CT,AA,CT,GG,TT,GT,AG,GG,CC,AA,GG,AC,TT,GG,TT,TT,NN,GT,GG,CC,AA,GG,AA,AA,CC,GG,AC,TT,CC,TT,TT,GG,TT,AC,TT,CC,CC,CC,AG,AA,TT,TT,CC,AA,AA,AA,TT,GG,TT,CC,TT,AA,AA,TT,CC,AG,CG,GG,CC,GG,TT,AA,CC,CC,AC,CG,AA,NN,CC,AA,CC,CT,AA,NN,AG,AA,CG,CT,CC,GG,AA,AA,AA,CC,GT,CC,CC,AA,AA,NN,GT,GG,AA,TT,TT,AA,AC,TT,TT,TT,CC,AA,GT,TT,AA,TT,GG,CC,AG,CT,CC,CC,GG,CC,AA,GG,AA,CC,TT,CG,GG,GT,GG,AT,AA,AA,TT,CC,GG,AC,CC,CG,GG,GG,AA,GG,TT,AC,AA,CG,GT,AT,AC,AA,AA,GT,TT,TT,AT,GG,TT,AA,CG,AT,TT,AA,GG,AA,CC,NN,TT,CC,TT,AA,CC,TT,GG,AG,CC,GG,CC,TT,TT,GT,GG,TT,AC,CC,AA,TT,CC,GG,GG,CC,GG,AA,AG,CC,TT,GG,CC,CC,NN,GG,CC,AT,CC,AA,AA,AC,CC,AC,TT,AG,GG,AA,AA,AA,AA,NN,AA,AA,AA,TT,GG,AA,GG,CC,AA,TT,AG,AA,CG,NN,GG,TT,AA,AA,TT,TT,TT,AA,AT,GG,CG,AC,2.82,Moderate,Medium,Poor,Late
L0196,Anantapur,Andhra Pradesh,Kharif,Red Sandy,Rainfed,390,31.0,52,AA,TT,GG,AA,CG,CC,GG,AT,CC,CC,AA,CT,CG,AA,TT,GG,GG,TT,TT,AA,CC,TT,GT,CC,AT,CC,TT,TT,GG,AA,TT,CC,AA,CC,AG,CG,GG,CC,GG,CC,TT,CT,AA,TT,AG,GG,TT,TT,CC,CC,GG,AA,AG,GG,CT,TT,AT,AA,TT,AC,AA,TT,AT,AA,TT,AT,CC,GG,TT,GG,AA,GG,CC,AA,GG,AA,AT,GG,TT,TT,GG,GG,GG,CC,AA,GG,AA,AA,CC,TT,CC,TT,CC,TT,TT,GG,TT,CC,TT,CC,CT,CC,GG,AA,TT,TT,CC,AA,GG,AA,CT,GG,TT,CC,GT,AA,AA,TT,GG,GG,CC,GG,CC,GG,CT,AA,CT,CC,CC,CC,AA,TT,CC,AA,CC,CC,AA,AT,AA,AT,GG,CT,CC,GG,NN,AA,NN,CC,GT,CC,CC,AG,NN,AG,GT,GG,AA,GT,TT,GG,AC,TT,TT,TT,CC,AT,GT,TT,AA,TT,GG,NN,AA,CC,CC,CC,CC,CC,AA,GG,GG,CC,TT,CG,GT,TT,CG,AT,AA,AA,TT,AC,GG,AA,CC,CC,GG,AG,AC,GG,TT,AA,AG,CC,GG,AA,CC,AA,AT,GT,GT,TT,NN,GG,GT,AT,CG,TT,GT,AT,GG,AA,CT,AA,TT,CC,TT,AC,CC,TT,GG,NN,CG,GG,CC,TT,TT,GT,GG,TT,AA,AC,AA,GG,CC,CG,GG,CC,GT,TT,AG,CC,TT,NN,CC,CC,AA,GG,CC,AT,CC,AA,AA,AC,CC,AC,TT,GG,GG,AA,AA,AC,AA,AG,GG,AA,AA,TT,CG,AA,AA,AC,AA,CT,AG,AA,GG,GG,GG,TT,TT,AA,TT,TT,TT,AA,AA,GG,GG,AA,2.1,Moderate,Low,Poor,Early
L0197,Anantapur,Andhra Pradesh,Kharif,Red Sandy,Rainfed,390,31.0,52,AC,CC,GG,AA,GG,CC,GT,AT,CC,CC,AA,CT,CG,TT,TT,GG,GG,TT,TT,AA,CG,TT,TT,CT,TT,CC,TT,TT,GT,AA,TT,CT,AA,CC,GG,GG,GG,CC,GG,CC,TT,CC,AC,GT,AA,GG,TT,NN,CC,AC,GT,AA,AG,GG,CT,GT,AA,AC,GT,AA,AA,TT,AT,AG,TT,TT,CC,GG,TT,GT,AA,GG,CC,AA,GG,CC,AT,GG,TT,TT,GG,GG,GT,CC,AA,GG,AA,AA,CC,TT,CC,TT,TT,TT,GG,AG,CT,CC,GT,CC,CC,CG,AG,AA,TT,TT,CC,AA,AG,AC,CC,GG,TT,CC,TT,AA,AC,TT,CC,AA,CG,GG,CC,NN,TT,NN,CC,CC,CC,CC,AA,TT,CC,AA,CC,CC,AA,TT,AA,AA,CG,CT,CC,GG,AA,AG,AA,CC,GT,CC,CG,AA,AG,GG,TT,GG,CC,GT,TT,GG,AC,GG,TT,TT,CC,AT,TT,CT,AA,TT,GG,CC,AA,CT,CC,CC,GG,CC,AA,AG,GG,CC,TT,CC,GG,TT,GG,AT,AA,AA,TT,CC,GG,AA,AC,CC,NN,GG,AC,GG,TT,AA,AA,CC,GG,AA,CC,AA,AT,GT,TT,AT,AA,GG,GT,AA,CG,NN,GT,AA,GG,AA,TT,AA,AT,CC,CT,AA,CC,TT,GG,AG,CC,AG,CC,TT,TT,TT,GG,TT,AA,CC,AG,GG,CG,CG,GG,CC,GG,AT,AA,CC,TT,GG,CC,CC,AA,GG,CC,AT,CC,AA,AA,CC,CC,AC,TT,AA,GG,AA,AA,AC,AA,AG,AG,AA,AA,AT,GG,AC,GG,CC,AC,TT,AA,AA,GG,AG,GG,TT,AT,AA,GG,TT,TT,AA,AT,GG,GG,AA,3.84,Susceptible,Medium,Standard,Early
L0198,Anantapur,Andhra Pradesh,Kharif,Red Sandy,Rainfed,390,31.0,52,AC,TT,GG,AG,GG,CC,GG,AT,CC,GG,AA,CC,CG,TT,TT,GG,CC,TT,TT,AA,CC,TT,GT,CC,AT,CC,TT,TT,GG,AA,TT,CC,AA,CC,GG,GG,GG,CG,GG,CC,TT,TT,AC,GT,AA,AG,TT,AT,CG,AC,GG,AA,AA,CG,CC,TT,AA,AA,GG,AA,AA,TT,TT,AG,TT,TT,CC,GG,TT,GT,AG,GG,CC,AA,GG,AA,AT,NN,TT,TT,GG,GG,GG,CC,AA,GG,AG,AA,CC,GT,AC,TT,CT,TT,TT,GG,CT,NN,TT,CC,CC,CC,GG,AA,TT,TT,CC,AA,AG,AA,CT,GG,TT,CC,GT,AA,AA,TT,CC,GG,CG,NN,CC,GT,CT,AA,CC,CC,CC,CC,AA,TT,CC,AA,CC,CT,AA,TT,AA,AA,CC,CC,CC,GG,AA,AA,AA,CC,GG,CC,CC,AA,AG,AG,GT,GG,AC,GT,CT,GG,AC,TT,TT,CT,CG,AA,TT,TT,AA,TT,NN,CC,AA,CT,AA,NN,GG,CC,AA,GG,AA,CC,TT,NN,TT,GT,GG,AT,AA,AA,TT,CC,GG,AA,AC,CC,GG,GG,AA,GG,CT,AC,AG,CC,GT,AA,CC,AA,AA,GT,TT,AA,TT,CG,GG,TT,CC,AA,TT,AA,GG,AA,TT,AA,TT,CC,TT,AA,CC,TT,CG,AA,CC,AG,CC,TT,CT,GT,GG,TT,AA,AA,AG,GG,CC,CC,GG,CC,GG,TT,AA,CG,TT,GG,CC,CG,AT,GG,CC,AT,CG,AA,AA,AC,CG,AC,TT,AG,GG,AA,NN,CC,AA,AG,AA,AA,AA,AT,GG,AA,AG,CC,AA,CT,AA,AA,GG,GG,NN,TT,AA,AA,TT,NN,TT,AA,TT,GG,CG,AA,4.94,Moderate,Low,Poor,Late
L0199,Anantapur,Andhra Pradesh,Kharif,Red Sandy,Rainfed,390,31.0,52,AA,NN,GG,AA,CG,CC,GG,NN,CC,CG,AA,CC,CC,AT,TT,GG,GG,TT,TT,AG,CC,GT,GT,CT,TT,CC,TT,TT,GG,AA,TT,CT,AG,CC,GG,GG,GG,CG,GT,AC,TT,CT,AA,NN,AA,AG,TT,TT,CC,AC,GG,AA,AA,GG,CC,GG,AA,AA,GG,AA,AA,TT,AT,AA,TT,AT,CC,GG,TT,TT,AA,GG,CC,AA,AG,AA,TT,GG,TT,TT,GG,GG,GT,CC,AA,GG,AA,AA,NN,GT,AC,TT,CT,TT,GT,GG,TT,CC,GT,CC,CC,GG,AG,AG,TT,TT,NN,AG,AG,AC,CC,GG,TT,CC,TT,CC,AC,TT,CC,GG,GG,GG,CC,GG,TT,AG,CC,CC,CC,CC,AA,TT,CC,AA,CC,NN,AA,AA,AA,AA,GG,CC,CC,GG,AA,AA,AT,CC,GG,CC,CC,AA,GG,GG,TT,GG,AA,GT,CT,GG,CC,GG,GT,CT,CC,AT,GT,TT,NN,TT,CG,CG,AA,CT,CC,CC,CG,CC,AA,GG,AA,CC,TT,CC,GT,TT,GG,TT,AA,AG,TT,AC,CG,AA,CC,CG,GG,GG,NN,GG,TT,AC,AA,CC,GG,AA,AA,AA,AT,GG,TT,AT,AT,GG,GG,AT,CC,AT,TT,AA,GG,AA,TT,AA,TT,CC,TT,AC,CC,TT,GG,AA,CG,AG,CC,AT,TT,TT,GG,TT,AC,CC,AG,GG,CC,CG,GG,CC,GG,TT,AG,CG,TT,GG,CG,CG,AT,GG,CC,AA,CC,AT,AA,AC,CC,AC,TT,AA,GG,AA,AA,AC,AC,AA,AA,AG,AA,TT,GG,AA,AA,AA,AA,CT,GG,AA,GG,AG,CG,TT,AT,AA,TT,TT,TT,GG,AT,GG,GG,AA,2.98,Susceptible,Low,Standard,Medium
L0200,Anantapur,Andhra Pradesh,Kharif,Red Sandy,Rainfed,390,31.0,52,AA,CC,AG,AG,GG,CC,GG,TT,CC,CG,AA,CC,CC,TT,GT,GG,GG,TT,TT,AA,CG,TT,GT,CC,TT,CC,TT,TT,GG,AA,TT,CC,AA,CC,GG,CG,GG,CC,GG,CC,TT,CT,AC,TT,AA,AA,CT,TT,CC,AA,GT,AA,GG,GG,CC,TT,AA,AC,TT,AA,NN,TT,TT,AG,TT,TT,CC,GG,TT,GG,AG,GG,AC,AA,AG,CC,AT,GG,TT,TT,GG,GT,GG,CC,AT,GG,AA,AA,CC,TT,AC,TT,CT,AT,GT,GG,TT,CC,TT,CC,CC,CG,GG,AA,TT,TT,CC,AA,AA,AC,CT,GG,TT,CC,GT,AC,AA,AT,CC,GG,CC,GG,CC,GG,TT,AG,CC,CC,AC,CC,AG,TT,CC,AA,CC,TT,AA,TT,AA,AA,CG,CT,CC,GG,AG,GG,AA,CC,GG,CC,CG,AA,AA,GG,TT,GG,AC,TT,TT,GG,CC,TT,TT,TT,CG,AA,TT,TT,AA,TT,CG,CC,GG,CT,CC,CC,CG,CC,AA,GG,AA,CC,TT,CC,GG,GT,NN,AT,AA,AA,GT,AC,GG,AA,CC,CC,GG,GG,AC,NN,TT,AA,AA,CC,GG,AA,AC,AA,AA,GG,GT,NN,AA,GG,GT,AT,CC,AT,NN,AA,GG,AA,TT,AA,TT,CG,CT,AC,AC,CT,GG,AG,CG,AG,CC,TT,TT,TT,GG,TT,AC,AC,AG,GG,CC,CC,GG,CG,GG,AT,AA,CC,GT,GG,CG,CG,AA,GG,CC,AA,CG,AA,AA,CC,CG,NN,TT,AA,GG,AT,AA,AC,AA,GG,AA,AG,AA,AT,GG,AC,AA,CC,AA,TT,AA,AG,GG,GG,CG,TT,TT,AA,GT,TT,TT,AA,TT,CG,GG,AA,2.78,Susceptible,High,Poor,Early
L0201,Anantapur,Andhra Pradesh,Kharif,Red Sandy,Rainfed,390,31.0,52,AA,TT,GG,AG,GG,CC,GT,TT,CC,GG,AA,CC,CG,AT,GT,GT,CC,TT,TT,AA,CC,TT,GT,CC,NN,CC,TT,TT,GG,AA,TT,CC,AA,CC,GG,GG,GG,CG,GG,CC,TT,CT,AA,GT,AA,AG,TT,TT,CC,AA,GG,AA,AA,GG,TT,TT,NN,AC,TT,AA,GG,TT,TT,AA,TT,TT,CT,GG,CT,NN,AA,GG,AC,AA,AG,AC,AA,GG,TT,TT,GG,GT,GG,CC,AA,GG,AA,AA,CC,GT,CC,TT,CT,TT,GT,GG,TT,CC,TT,CC,CC,GG,AG,AA,TT,TT,CG,AA,AG,AA,CC,GG,TT,CC,GT,AC,AA,AT,CC,GG,CC,GG,CC,GG,CT,AA,CC,CC,CC,CC,AA,TT,CC,AA,CC,CT,AA,AT,AA,AA,GG,TT,CC,GG,AA,GG,AT,CC,GG,CC,CC,AA,AA,GG,TT,GG,AC,TT,TT,GG,AC,TT,TT,TT,CC,AA,TT,TT,AA,TT,CG,CC,AA,CT,CC,CC,GG,AC,AA,GG,AA,CC,TT,CC,GG,TT,CG,TT,AA,AG,TT,CC,GG,AA,CC,CC,GG,GG,AA,GG,TT,AC,AA,CC,GT,AA,AC,AA,AA,GT,TT,TT,AA,CG,TT,AT,CC,AA,GT,AA,GG,AA,CT,AA,TT,CC,TT,AA,AC,TT,GG,AA,CC,AG,CC,AT,CT,GT,GG,TT,AC,CC,AG,GG,CC,CG,GG,CC,GG,AT,AA,CC,TT,GG,CC,CG,AA,GG,CC,AA,CC,AA,AA,CC,CC,CC,TT,AA,CG,AA,AA,AA,AA,AG,GG,AA,AA,TT,CG,AA,AG,AC,AA,CT,AA,AA,GG,GG,GG,TT,AA,AA,GT,TT,TT,AG,TT,GG,GG,AA,3.06,Susceptible,Low,Poor,Medium
L0202,Anantapur,Andhra Pradesh,Kharif,Red Sandy,Rainfed,390,31.0,52,AC,CT,NN,AA,GG,CG,GG,TT,CC,CC,AA,CC,CC,TT,TT,GT,CC,TT,TT,AA,CC,TT,GG,CC,TT,CC,TT,TT,GG,AA,TT,CC,AA,CC,GG,GG,GG,CG,GG,CC,TT,CT,AA,GT,AG,AG,TT,TT,CC,AC,GG,AT,AG,GG,CC,TT,AA,AC,GT,AA,AA,TT,TT,AG,TT,TT,CC,GG,TT,GG,AG,GG,CC,AA,GG,AC,AT,GG,TT,TT,GG,GG,GG,CC,AT,GG,AA,AA,CC,TT,CC,TT,CT,TT,TT,GG,TT,CC,TT,CC,CT,CC,GG,NN,TT,GT,CC,AA,AG,AA,CT,GG,TT,CC,GT,NN,AC,TT,CG,GG,CC,GG,CT,GG,TT,AA,CC,CC,AC,CG,AA,TT,CC,AA,CC,CC,AA,TT,AA,AA,GG,CC,CC,GG,AA,AG,AA,CC,GG,CC,CC,AA,AG,AG,GT,GG,AC,GT,CT,AG,AC,TT,GT,TT,CC,AT,TT,TT,AA,AT,CG,NN,AA,TT,AC,CC,GG,CC,AA,GG,AG,CC,TT,CC,GT,TT,CG,TT,AA,AA,TT,CC,GG,AA,AC,CC,GG,GG,AA,CG,TT,AA,NN,CC,GG,AA,CC,AA,AT,GT,TT,TT,AT,GG,GT,AA,CC,TT,TT,AA,AA,AA,CT,AA,TT,CC,TT,AC,CC,TT,GG,AA,CC,AG,CC,TT,TT,TT,GG,TT,AA,AC,AA,GG,CC,CC,GG,CC,GG,TT,AA,CG,TT,GG,CC,CC,AA,AG,CG,AA,CG,AA,AG,AC,CG,AA,TT,AA,GG,AA,AA,AA,AC,GG,AG,AA,AA,AT,GG,AA,AA,CC,NN,CT,AA,AA,CG,GG,CG,TT,AA,AG,GT,TT,TT,NN,TT,GG,GG,AA,2.31,Susceptible,High,Poor,Medium
L0203,Anantapur,Andhra Pradesh,Kharif,Red Sandy,Rainfed,390,31.0,52,AA,TT,GG,NN,CG,CC,GG,TT,CC,CG,AA,CC,CC,TT,TT,TT,GG,TT,TT,AA,CG,TT,GG,CT,AT,CC,TT,TT,GT,AA,TT,CC,AG,CC,GG,GG,GG,GG,GG,CC,TT,TT,AA,TT,AA,GG,TT,TT,CC,AC,GG,AA,AG,GG,CT,TT,AT,AC,GT,AC,AA,TT,AT,AG,TT,TT,CC,GG,CT,GG,AA,GG,CC,AA,GG,AC,AA,GG,TT,TT,GG,GT,GG,CC,AA,GG,AA,AA,CC,GG,CC,TT,CT,TT,TT,GG,TT,CC,GT,CT,TT,CC,GG,AA,TT,TT,CG,AG,AG,AA,CC,GG,TT,CC,TT,AA,AC,TT,CC,AG,CG,AG,CT,GG,TT,AG,CC,CC,CC,CC,AA,TT,CC,AA,CC,CC,AA,TT,AA,AA,GG,CC,CC,GG,AA,AA,AA,CC,GG,CC,CC,AG,AA,GG,TT,GG,AA,GT,CT,GG,CC,TT,GT,TT,CG,AA,GT,NN,AT,TT,GG,CC,AG,CT,CC,CC,GG,CC,AA,GG,AA,CC,TT,CC,GG,GT,GG,TT,AA,AA,TT,AC,GG,AA,CC,CG,GG,GG,AC,GG,TT,CC,AA,NN,GG,AA,CC,AT,TT,GG,TT,TT,AA,CC,GT,AT,CG,AT,TT,AA,GG,AA,TT,AC,TT,CC,CT,AA,CC,CT,CC,AG,CC,AG,CC,TT,TT,TT,GG,TT,AC,AC,AA,GT,CC,CC,GG,CG,GG,AT,AA,CC,GT,GG,CC,CC,AT,GG,CC,AT,CC,AA,AA,CC,CG,AC,TT,AA,GG,AA,AA,AC,AC,AA,AG,AG,AA,TT,GG,AA,AG,AC,AA,CT,AA,AA,CC,GG,GG,TT,AA,AA,TT,TT,TT,AA,AA,GG,GG,AA,5.19,Susceptible,Medium,Premium,Medium
L0204,Anantapur,Andhra Pradesh,Kharif,Red Sandy,Rainfed,390,31.0,52,AA,TT,GG,GG,GG,CC,TT,TT,CC,CC,AA,CT,CC,NN,TT,GT,CG,AT,TT,AA,CG,TT,TT,CC,TT,CC,TT,TT,GG,AA,TT,CT,AA,CC,GG,CG,GG,CC,GG,CC,TT,CT,AA,GT,AG,AA,TT,AT,CC,CC,GT,AT,AG,GG,CT,TT,AA,AC,GG,AC,AG,TT,TT,AG,CT,AT,CC,GG,TT,GT,AG,GG,CC,AA,GG,AC,TT,GG,GT,TT,GG,GT,GT,CC,AT,GG,NN,AA,CC,TT,CC,TT,CC,TT,TT,GG,TT,CC,GT,CC,CC,CG,GG,AA,TT,TT,CC,AA,AA,AA,CT,GG,GT,CG,GG,AA,AA,TT,CC,AG,CC,AG,CC,GT,TT,AA,CC,CC,CC,CC,AA,TT,CC,AA,CC,CC,AA,TT,AA,AA,GG,CC,CC,GG,AG,AA,AA,CC,GT,CC,CC,AA,AA,GG,GT,AG,NN,GT,CT,GG,AA,TT,GT,TT,CC,AT,GT,CT,AA,TT,GG,CC,AA,CT,CC,CC,CG,CC,AA,GG,AA,CC,TT,CC,GG,TT,CC,AT,AA,GG,TT,CC,GG,AC,CC,CC,GG,GG,NN,GG,TT,AC,AA,CC,GG,AA,CC,AA,AT,TT,TT,TT,AT,GG,GT,AA,CC,TT,TT,AA,GG,AA,CT,AA,TT,CC,NN,AA,CC,TT,CG,AG,CC,AG,CC,TT,TT,GG,GG,TT,AA,AC,AA,GG,CC,CC,GG,CC,GG,NN,AA,CG,GG,GG,CC,CG,AA,GG,CC,AT,CG,AA,AA,AC,CG,NN,TT,AA,GG,AA,AC,AC,AA,GG,AG,AA,AA,TT,GG,AA,AA,AC,AA,TT,AA,AA,CG,GG,GG,TT,AA,AG,GT,TT,TT,AA,TT,GG,GG,AA,2.86,Susceptible,Medium,Poor,Late
L0205,Anantapur,Andhra Pradesh,Kharif,Red Sandy,Rainfed,390,31.0,52,AA,TT,GG,AG,GG,CG,GG,TT,CC,CC,AT,CC,CG,TT,TT,GG,GG,TT,TT,AA,CG,TT,TT,CT,TT,CC,TT,TT,GT,AA,TT,CC,AG,CC,GG,CG,GG,CC,GG,CC,TT,TT,AC,GT,AA,GG,TT,AT,CG,AC,GG,AA,AA,GG,TT,GT,AA,AC,GG,AC,AG,TT,AT,AA,TT,AA,CC,GG,TT,GG,NN,GG,CC,AA,AG,AC,AT,GG,TT,TT,AG,GG,GT,CC,AA,GG,AA,AA,CC,TT,AC,TT,CC,TT,GT,GG,TT,CC,GT,CT,CC,CG,AG,AA,TT,TT,CG,AA,AG,AA,CT,GG,GT,CC,TT,AC,AA,TT,CC,AG,CC,NN,CC,GG,TT,AA,CC,CC,CC,CG,AA,TT,AC,AA,CC,CC,AA,TT,AA,AA,GG,CC,CC,GG,AA,AG,AT,AC,GT,CC,CC,AA,AG,AG,TT,GG,AC,NN,TT,GG,NN,TT,TT,TT,CC,AA,TT,CT,AT,AT,CG,CC,AA,TT,CC,CC,CG,CC,AA,GG,AA,CC,TT,CG,GG,TT,GG,AA,AA,AG,TT,CC,GG,AC,CC,CC,GG,GG,AA,GG,TT,AA,AA,CG,GT,AA,AC,AA,AA,GG,NN,AT,TT,GG,GG,AT,CC,AT,GT,AA,GG,AG,CT,AC,TT,CC,CT,AA,NN,CT,CG,AG,CC,AA,CC,TT,TT,GT,GG,TT,NN,CC,AA,GG,CC,CG,GG,CC,GG,TT,AA,CG,GT,GG,CC,CC,AT,AG,CC,AA,CC,AA,AA,CC,CG,AA,TT,AA,GG,AA,AA,AA,AA,AG,AG,AG,AA,TT,CG,AA,AA,AC,AA,CT,AA,AA,CC,GG,GG,GT,AA,AA,GT,TT,TT,AA,AA,GG,GG,AA,2.11,Susceptible,High,Premium,Late
L0206,Anantapur,Andhra Pradesh,Kharif,Red Sandy,Rainfed,390,31.0,52,AC,TT,GG,AG,GG,CC,GG,TT,CC,CC,AA,CC,CC,AT,TT,GG,GG,TT,TT,AA,CC,TT,TT,CC,TT,CC,TT,AT,GG,AA,TT,CC,AA,CC,GG,CG,GG,CG,NN,CC,GT,CT,AA,TT,AA,AG,TT,AA,CC,AC,GT,AA,GG,NN,CT,TT,AA,AC,TT,AA,GG,TT,AA,AA,TT,AT,CC,GG,TT,GT,AG,GG,CC,AG,AG,AA,AT,GG,TT,TT,GG,GG,GG,CC,AA,GG,AG,AA,CC,TT,AC,TT,CC,AT,TT,NN,TT,CC,TT,CC,CC,CG,GG,AA,TT,TT,CC,AA,AA,AA,CC,GG,GT,CG,TT,AA,AA,TT,CC,GG,CC,GG,CC,GT,NN,AA,CC,CC,CC,CC,AG,TT,AC,AA,CC,CT,AA,TT,AA,AA,NN,CC,CC,GG,AA,AA,AA,CC,GG,CC,CC,GG,AA,AG,TT,GG,AA,GT,CT,GG,AC,GT,GT,TT,CG,AA,TT,TT,NN,TT,GG,CG,AA,CC,CC,CC,CG,CC,AT,GG,AG,CC,TT,CC,GG,TT,GG,AT,AA,AA,TT,CC,GG,AA,AC,CC,GG,GG,AC,CG,TT,AA,AA,CG,GT,AT,AC,AT,TT,GT,TT,AT,AT,CC,TT,AT,CC,AT,TT,AA,GG,AG,TT,AC,TT,CC,TT,AA,CC,TT,GG,GG,CC,AG,CC,AT,CT,GT,GG,TT,AA,AA,GG,GG,CC,CC,NN,CC,GG,AT,AA,CC,TT,GG,CC,CC,AA,GG,CC,AA,CC,AA,AA,CC,CG,CC,TT,AA,GG,AA,AA,AA,AA,AG,AA,AA,AA,TT,CG,AC,AA,AC,AA,CT,AA,AA,GG,GG,GG,GT,AA,AG,TT,TT,TT,AA,AT,GG,GG,AC,2.1,Resistant,Low,Standard,Late
L0207,Anantapur,Andhra Pradesh,Kharif,Red Sandy,Rainfed,390,31.0,52,AA,CT,AG,AA,GG,CC,GT,AT,CC,CC,AA,CT,CG,TT,TT,GG,GG,TT,TT,AA,CC,TT,TT,CC,TT,CC,TT,TT,GG,AA,TT,CT,AA,CC,GG,GG,GG,CC,GG,CC,TT,CT,AA,TT,AG,GG,TT,TT,CC,AC,GG,AT,AG,GG,CC,TT,AT,AA,GT,AA,AA,TT,AT,AA,TT,TT,CC,GG,TT,GG,AA,GG,CC,AA,AG,AA,NN,GG,TT,CC,AG,GG,GG,CC,AA,GG,AG,AT,CC,TT,CC,TT,CT,TT,TT,GG,TT,CC,GT,CC,CT,CC,AG,AA,TT,TT,NN,AA,AA,AA,CC,GG,GT,CG,NN,CC,AA,TT,NN,AG,CC,GG,CC,NN,TT,NN,CT,CC,CC,CC,AA,TT,CC,AA,CC,CT,AA,TT,AA,AA,GG,NN,CC,GG,AA,AA,AA,CC,TT,CC,CC,AA,AA,GG,TT,GG,AA,TT,CT,GG,CC,TT,TT,TT,CC,AA,TT,TT,AA,TT,GG,CC,AA,CT,AC,CC,GG,CC,AA,GG,GG,CC,TT,CC,GG,GT,GG,TT,AA,AA,TT,AC,GG,AC,CC,CC,GG,GG,CC,CG,TT,AC,AA,CC,GG,AA,AC,AA,AA,GT,TT,AT,AT,GG,GT,AT,CG,AT,TT,AA,GG,AA,CT,AA,TT,CC,TT,AA,CC,CT,CG,AG,CC,AA,CC,TT,CT,TT,GG,TT,AA,AC,AA,GG,CC,GG,GG,CC,GG,NN,AA,CC,GT,GG,CC,GG,AA,AG,CG,AA,CC,AA,AA,CC,CC,AC,AT,NN,GG,AA,AA,AA,AA,AA,AA,AA,AA,TT,GG,AC,NN,AA,AA,CT,AA,AA,GG,GG,GG,GT,AT,GG,TT,TT,TT,AG,TT,GG,GG,AA,0.85,Resistant,High,Premium,Early
L0208,Anantapur,Andhra Pradesh,Kharif,Red Sandy,Rainfed,390,31.0,52,AC,TT,GG,AA,GG,NN,GT,AT,CC,CG,AA,CT,CG,TT,GT,GG,CC,TT,AT,AA,CC,TT,TT,CC,TT,CC,TT,TT,GG,AA,TT,CC,AA,CC,GG,CG,GG,CC,GG,CC,GT,TT,AC,GT,AA,NN,TT,TT,CC,AA,GG,AA,AA,GG,CC,GT,NN,AA,GG,AC,AA,TT,TT,AG,TT,TT,CC,GG,TT,GG,AA,NN,AA,AA,AG,AC,AA,GG,TT,TT,GG,GG,NN,CC,AT,GG,AA,TT,CC,GG,AC,TT,CT,TT,GT,GG,TT,AC,TT,CC,CC,CG,AA,NN,AA,TT,CC,AA,AA,AC,CC,GG,TT,CC,TT,AA,AA,TT,CC,GG,CG,AG,CC,GT,TT,AA,CC,CC,CC,CG,AG,TT,CC,AA,CC,CC,AA,TT,AA,AA,GG,CT,CC,GG,AA,AG,AA,CC,GG,CC,CC,AA,AA,GG,TT,GG,AC,TT,CT,GG,CC,TT,TT,NN,GG,AA,TT,TT,AA,TT,GG,CC,AA,CC,CC,CC,CG,CC,AA,GG,AA,CC,TT,CC,GG,TT,GG,AA,AA,AA,NN,CC,GG,AC,AA,CC,GG,AG,AA,CG,TT,AA,AA,CC,GG,AA,CC,AA,AT,GG,TT,AT,AA,GG,GT,AT,CC,TT,GT,AA,GG,AA,TT,AA,TT,CG,CT,CC,CC,CT,CC,AA,CC,GG,CC,NN,CC,GT,GG,TT,AA,AC,AG,GG,CC,CC,GG,CC,GG,AA,AA,CG,GT,GG,CC,CG,AA,GG,CG,AT,CC,AA,AA,AC,CG,AC,TT,AA,GG,AA,AA,AA,AA,AG,AA,AA,AA,TT,GG,AC,AG,AC,AC,CT,AG,AG,GG,AG,GG,TT,AA,AG,GT,AT,TT,GG,AT,GG,GG,AA,3.32,Resistant,Medium,Premium,Late
L0209,Anantapur,Andhra Pradesh,Kharif,Red Sandy,Rainfed,390,31.0,52,AA,CC,GG,GG,GG,CC,GT,TT,CC,CG,AA,NN,CC,TT,GT,GT,GG,TT,TT,AG,CG,GT,GG,CT,TT,CC,GT,TT,GG,AA,TT,CC,AA,CC,GG,GG,GG,CG,GG,CC,TT,TT,AA,GT,GG,AG,TT,TT,CC,CC,GG,AA,GG,GG,CC,TT,AA,AA,GT,CC,AA,TT,TT,AA,TT,TT,CC,GG,TT,GG,AA,GG,CC,NN,GG,AC,TT,GG,TT,TT,GG,GG,GT,CC,AA,GG,AA,AA,CC,GT,CC,TT,TT,TT,TT,GG,CT,CC,TT,CC,CC,CG,AG,AA,AT,TT,CC,AA,AA,AA,CC,GG,TT,CC,TT,AC,AA,TT,CC,AG,CC,GG,CC,GG,CT,AA,CT,CC,CC,CG,AA,TT,CC,AA,CC,CT,NN,TT,AA,AT,GG,CT,CC,GG,AA,AA,AT,CC,GT,CC,CC,AA,AG,AG,TT,GG,AC,TT,CC,GG,CC,TT,GT,TT,CC,TT,TT,TT,AA,AT,GG,CC,AA,CT,CC,CC,GG,CC,AT,GG,AG,CC,TT,NN,TT,GT,GG,AT,AA,AA,TT,CC,GG,AA,CC,CC,GG,GG,AC,GG,CT,AA,AA,CG,GG,AA,CC,AT,AA,GT,GT,TT,AT,CG,GT,AA,CC,AT,TT,AA,GG,AA,CT,AA,TT,CC,TT,AC,CC,TT,CG,GG,GG,GG,AC,TT,CT,GG,GG,TT,AC,CC,AA,GG,CC,CC,GG,CC,GG,AA,AG,CC,TT,GG,CC,GG,AT,GG,CC,AT,CC,AA,AA,AC,CC,CC,TT,AA,GG,AA,NN,AA,AA,AG,AA,GG,AA,AT,GG,AA,AA,CC,AC,TT,AG,AG,GG,GG,CG,TT,AT,AG,GG,TT,TT,AG,TT,GG,GG,AA,2.07,Moderate,Medium,Standard,Early
L0210,Anantapur,Andhra Pradesh,Kharif,Red Sandy,Rainfed,390,31.0,52,AC,TT,GG,AG,GG,CC,TT,AT,CC,CC,AA,CC,CC,TT,GT,GG,CG,TT,TT,AA,CC,TT,GG,CC,TT,CC,TT,TT,GG,NN,TT,CC,AA,CC,GG,GG,GG,CG,GG,AC,TT,CT,AA,TT,AA,GG,TT,TT,CC,AC,GG,AA,AA,GG,CC,TT,AA,AA,GT,AA,AG,TT,TT,AA,TT,TT,CC,GG,TT,GG,AA,GG,CC,AA,GG,AA,AT,GG,GT,TT,GG,GG,GG,CC,AT,GG,AA,AA,CC,GT,AC,GT,CC,TT,TT,GG,TT,AC,GG,CC,CC,CG,AG,AA,TT,TT,CG,AA,AA,AA,CC,GG,TT,CC,TT,AC,AA,TT,CG,GG,CC,AG,CC,GT,TT,AG,CC,CC,CC,CC,AA,TT,CC,AA,CC,CC,AA,TT,GG,AA,GG,CC,CC,GG,AA,AG,AA,AC,GG,CC,CC,AA,GG,GG,TT,GG,AA,GT,CT,GG,AA,TT,GT,TT,CC,AA,TT,TT,AA,AT,CG,CC,AG,CC,CC,AC,GG,CC,AA,GG,GG,AC,TT,CC,GG,TT,GG,AT,AA,AG,TT,AC,CG,AC,CC,CC,GG,GG,AA,GG,TT,AA,AG,CC,GT,AA,CC,AA,AA,GG,TT,TT,AT,CG,GT,AA,CG,TT,GT,AA,GG,AA,TT,AA,TT,CC,TT,AA,CC,TT,GG,AG,CC,GG,AC,TT,TT,GG,GG,AT,AA,CC,AG,GT,CC,CG,NN,CC,GG,TT,AG,CC,GT,GG,CC,CC,AA,GG,CC,AT,CC,AT,AG,CC,CG,AA,TT,AA,GG,AA,AA,AC,AC,AA,AA,AA,AG,TT,CG,CC,AG,AA,CC,CT,AA,AA,GG,GG,GG,TT,AA,AG,TT,TT,AT,AA,AT,GG,GG,AA,3.71,Moderate,Low,Standard,Medium
L0211,Anantapur,Andhra Pradesh,Kharif,Red Sandy,Rainfed,390,31.0,52,AC,TT,GG,AG,CG,CC,GG,TT,CC,CC,AA,CT,NN,AT,TT,GG,GG,TT,AT,AA,CC,TT,TT,CT,TT,CC,TT,TT,GG,AA,TT,CC,AA,CC,GG,GG,GG,CC,GG,AC,TT,TT,AA,GT,AG,GG,TT,TT,CC,AC,GG,AA,AG,GG,TT,TT,AA,AC,TT,AC,AA,TT,TT,AG,TT,AT,CC,GG,TT,GT,AA,GG,CC,AA,GG,AA,AT,GG,TT,TT,NN,GG,GG,CC,NN,GG,AA,AA,CC,TT,AC,TT,CT,TT,TT,GG,CT,AC,TT,CC,CC,CC,GG,AG,AT,TT,CC,AA,AA,AA,CC,GG,TT,CG,TT,AC,AA,TT,CC,AG,CC,GG,CC,GG,CC,AA,CC,CC,CC,CC,AA,TT,CC,AA,CC,CC,AA,TT,AA,AA,CG,CC,CC,GG,AA,AG,AA,CC,GG,CC,CC,AG,AG,GG,GT,GG,CC,TT,TT,GG,CC,GT,TT,TT,CC,AA,TT,TT,TT,TT,CG,CC,AG,CT,CC,AC,GG,CC,AA,GG,GG,CC,TT,CC,GG,NN,GG,TT,AA,AA,TT,CC,GG,AA,CC,CC,GG,AG,AC,NN,TT,AC,AA,CC,GG,AA,CC,AT,AT,GT,GT,AT,AT,CG,GG,AA,CC,TT,TT,AA,GG,AA,CC,AC,TT,CC,TT,AA,CC,TT,CG,AG,GG,AG,CC,TT,TT,TT,GG,TT,AA,AC,AA,GG,CC,CC,GG,CG,GG,AT,AA,CC,GT,GG,CC,CC,AT,AG,CC,AA,CG,AA,AA,AC,CG,AC,TT,AA,GG,AA,AA,AC,AA,AG,AG,AA,AA,NN,GG,AA,AG,CC,AA,CC,AA,AA,CG,GG,GG,TT,AT,AA,TT,TT,TT,AA,TT,GG,GG,AA,5.03,Moderate,Low,Premium,Medium
L0212,Anantapur,Andhra Pradesh,Kharif,Red Sandy,Rainfed,390,31.0,52,AC,CT,AG,GG,GG,NN,GT,TT,CC,CG,AA,NN,CC,AT,TT,GG,NN,TT,TT,AG,CC,TT,GT,CC,TT,CC,GT,NN,GT,AA,TT,CC,AA,CC,GG,CG,GG,CC,GG,AC,TT,CT,AA,GT,AA,AG,TT,TT,CG,AC,GG,AA,AG,GG,NN,TT,AT,AC,GG,AC,AG,GT,TT,AA,TT,TT,CC,GG,TT,GG,AA,GT,CC,AA,GG,AC,AT,GG,TT,TT,GG,GT,GT,CC,AT,GG,AG,AA,CG,TT,NN,TT,CC,TT,GT,GG,TT,AC,GT,CC,CC,CG,AG,AA,TT,TT,CG,AG,AA,AA,CC,GG,TT,CC,TT,AA,AC,TT,CG,AG,CC,GG,CC,GT,TT,AA,CC,CG,CC,CC,AA,TT,CC,AC,CC,CC,AA,TT,AA,AA,GG,CC,CC,GG,AA,AA,AA,CC,GG,CC,CC,AA,AG,GG,TT,GG,AA,TT,TT,GG,AC,GT,GT,TT,CC,AA,TT,TT,AT,AT,GG,NN,AA,CC,CC,AC,GG,CC,AA,AG,AA,CC,TT,NN,GT,GT,GG,TT,AA,AA,TT,AC,GG,AC,CC,CC,NN,GG,AC,GG,TT,AA,AA,CC,GG,AA,AC,AA,TT,GG,TT,TT,AT,CG,GG,AT,CG,TT,GT,AA,GG,AA,TT,AA,TT,CC,TT,AC,CC,NN,GG,AG,CG,AA,CC,TT,TT,GG,GG,TT,AC,AA,NN,GT,CC,CG,GG,CC,GG,AT,AA,CC,TT,GG,CG,CC,AT,GG,CC,AA,CC,AA,AA,AC,CC,CC,TT,AA,GG,AA,AA,AA,AA,GG,GG,AG,AA,TT,GG,AA,AA,AA,AA,CT,AG,AA,CG,AG,CG,TT,AT,AG,TT,TT,TT,AA,TT,GG,CG,AA,0.4,Susceptible,Low,Standard,Late
L0213,Anantapur,Andhra Pradesh,Kharif,Red Sandy,Rainfed,390,31.0,52,AA,TT,AG,AA,GG,CC,GT,AT,CC,CC,AA,CT,CC,TT,TT,GT,CG,TT,TT,NN,CC,TT,GT,CC,TT,CC,TT,TT,GG,AA,CT,CC,AA,NN,GG,GG,GG,CG,GG,NN,TT,CC,AA,TT,AA,AG,TT,TT,CC,CC,GG,AA,AA,GG,CC,GT,AA,AC,GT,AC,AG,TT,TT,AA,TT,TT,CC,GG,TT,GG,GG,GG,CC,AA,NN,AC,AA,GG,NN,TT,GG,GG,GT,CC,AA,GG,AA,AA,CC,TT,CC,TT,CC,AT,TT,AG,TT,AC,TT,CC,CC,CC,GG,AA,AT,TT,CG,AA,AA,AC,CC,GG,TT,CG,NN,AA,AA,TT,CC,GG,CC,GG,CC,GT,TT,AA,CT,CC,CC,CC,AA,GT,CC,AA,AC,CC,AA,AT,AA,AA,CG,CC,CC,GG,AA,AA,AA,AC,GG,CC,CG,AA,AA,AG,TT,AG,AA,TT,CT,AG,AC,TT,GT,TT,CC,AA,TT,TT,AA,TT,GG,CC,AA,CC,CC,CC,GG,CC,AA,GG,AA,CC,TT,CC,NN,TT,GG,AT,AA,AA,TT,AC,GG,AA,CC,CC,GG,GG,CC,GG,TT,AA,AA,CG,GG,AT,AA,AA,AT,GT,TT,AA,AA,GG,TT,AT,CC,TT,GT,AA,GG,AA,TT,AA,TT,CC,CT,AC,CC,TT,CG,GG,CG,NN,AC,TT,CT,TT,GG,TT,AA,AC,AA,GG,CC,CC,GG,CC,GG,TT,AA,CC,TT,AG,NN,CC,AA,GG,CC,AA,CC,AA,AA,CC,CC,AC,AT,AA,GG,AA,AA,AA,AA,GG,AG,AA,AA,TT,GG,AA,GG,CC,AA,TT,AA,AA,GG,GG,GG,TT,AA,AA,GT,TT,AT,GG,TT,NN,GG,AA,2.59,Moderate,Medium,Premium,Late
L0214,Anantapur,Andhra Pradesh,Kharif,Red Sandy,Rainfed,390,31.0,52,AC,CT,GG,AG,GG,CG,GG,TT,CC,CG,AA,CC,CC,TT,TT,GG,CG,NN,AT,AA,CC,TT,TT,CC,TT,CT,TT,NN,GG,AA,TT,CC,AA,CC,AG,GG,GG,CG,GG,CC,TT,TT,AA,TT,AA,AA,TT,AT,CG,AC,GG,NN,AG,GG,CC,TT,AA,AA,GT,AA,AA,TT,AT,AA,TT,AA,CC,GG,TT,GT,AG,GG,CC,AA,GG,AA,AA,GG,TT,TT,GG,GG,GG,CC,AA,AG,AA,AA,CG,TT,CC,GT,CT,TT,TT,GG,TT,CC,TT,CC,CC,CG,AG,AA,TT,TT,CC,AA,AA,AC,CC,GG,GT,CC,GG,AC,AA,TT,CC,GG,CC,GG,CC,GT,CT,AA,CC,CC,CC,CG,AA,TT,CC,AA,CC,CC,AA,TT,AA,AA,CG,CC,CC,GG,AA,GG,AA,CC,GT,CC,CC,AA,AA,GG,TT,GG,AA,GT,TT,GG,CC,TT,GT,TT,CC,AT,TT,NN,AA,TT,GG,CC,AA,CT,AA,CC,CG,CC,AT,GG,AA,CC,TT,CG,GT,GT,CC,TT,AA,AA,TT,CC,GG,AA,AC,CC,CG,GG,AA,GG,TT,AA,AA,CC,GG,AA,CC,AA,AT,GG,TT,TT,AT,GG,GT,TT,CG,NN,GT,AA,GG,AA,CC,AA,AT,CC,TT,AC,AC,CC,GG,GG,CG,AG,CC,TT,TT,GT,GG,TT,AA,CC,AG,GG,CC,NN,GG,CC,GG,AT,AA,CC,GT,GG,CC,CC,AA,GG,CC,AA,CC,AT,AA,CC,CG,CC,TT,AA,GG,AA,AA,AA,CC,GG,AA,AG,AA,TT,GG,AA,AA,CC,AA,CT,AA,AA,GG,GG,GG,TT,AT,AA,TT,TT,TT,AA,TT,GG,NN,AA,1.46,Moderate,Low,Poor,Late
L0215,Anantapur,Andhra Pradesh,Kharif,Red Sandy,Rainfed,390,31.0,52,CC,TT,AG,AA,GG,CC,GG,TT,CC,GG,AA,CC,CC,AT,TT,GG,CG,TT,TT,AA,CC,TT,GT,CC,AT,CC,TT,TT,GG,AA,TT,TT,AA,NN,GG,GG,GG,CC,GG,CC,TT,CT,AA,GT,GG,AG,TT,NN,CC,CC,GG,AT,AA,GG,CC,TT,AA,AC,GT,AC,AA,TT,AT,AG,CT,TT,CC,GG,TT,GG,AA,GT,CC,AA,AG,AA,AA,GG,TT,TT,GG,GG,GT,CC,TT,GG,AA,AA,CC,GT,CC,TT,CT,TT,GG,GG,TT,AC,GT,CC,CC,CC,AG,AA,TT,TT,CC,AA,AA,AC,CT,GG,TT,CG,TT,AA,AA,TT,CC,AA,CC,GG,CC,TT,TT,AA,CT,CC,CC,CC,AA,TT,CC,AA,CC,CT,AA,TT,AA,AA,GG,CC,CC,GG,AG,AG,AA,AC,GT,CG,CC,AA,AA,GG,TT,GG,AC,TT,TT,GG,AC,TT,TT,CT,CG,AA,GT,TT,AA,TT,CG,CC,AG,CT,CC,CC,GG,CC,AA,GG,AA,CC,TT,CC,GG,TT,GG,AT,AA,AA,TT,CC,CG,AA,AA,CC,GG,GG,NN,GG,TT,AA,AA,CG,GG,AA,AC,AT,AA,GT,TT,TT,AA,GG,GT,AT,CC,AT,TT,AA,GG,AA,TT,AA,TT,CC,CT,AC,CC,TT,GG,AA,NN,AA,CC,TT,TT,GG,GG,TT,AA,CC,AG,GG,CC,GG,GG,CC,GG,AT,NN,CG,GT,GG,CC,CC,AT,GG,CC,AA,CC,AA,AA,AC,CC,AC,TT,AA,GG,AA,AA,AA,AC,GG,AA,AA,AA,TT,GG,AC,AA,AA,CC,CT,AG,NN,GG,GG,GG,TT,AT,AG,TT,TT,AT,AG,AT,GG,GG,AA,1.27,Susceptible,Medium,Poor,Late
L0216,Anantapur,Andhra Pradesh,Kharif,Red Sandy,Rainfed,390,31.0,52,AA,TT,GG,AA,CG,CC,TT,TT,CC,CG,AT,CC,CG,TT,GT,GG,CG,NN,TT,AA,CC,TT,GG,CC,TT,CC,TT,TT,GG,AA,TT,CC,AA,CC,GG,GG,GT,CC,GG,CC,TT,CC,AA,TT,AA,GG,TT,TT,CC,AC,GT,AT,AG,GG,CC,TT,AA,AC,GT,AA,AA,TT,TT,AG,CC,AT,CC,GG,TT,GG,AG,GG,CC,AA,GG,AA,AT,GG,TT,TT,GG,GT,GG,CC,AA,GG,AA,AA,CC,GT,CC,TT,CT,AT,GT,GG,TT,CC,TT,CC,TT,CG,GG,AA,AT,TT,CG,AA,AA,AA,CC,GG,TT,CC,TT,AA,AA,TT,CC,AG,CG,GG,CC,GG,TT,AG,CC,CC,CC,GG,AA,TT,CC,AA,CC,CC,AA,AT,AA,AT,GG,CC,CC,GG,NN,AA,AA,AA,GG,CC,CC,AG,AA,GG,TT,AG,AA,TT,TT,GG,AA,GT,GT,TT,CC,AA,GT,TT,AT,TT,GG,CC,AA,CC,CC,CC,GG,CC,AA,GG,AG,CC,TT,CC,GG,TT,GG,AT,AA,AA,TT,AC,CG,AC,CC,CC,GG,GG,AA,GG,TT,CC,AA,CG,GG,AA,CC,AT,AT,GG,TT,AT,AA,GG,GT,AT,CC,AT,TT,AA,GG,AA,TT,AA,TT,CC,CT,AC,CC,TT,NN,GG,CC,AG,CC,TT,CT,TT,GG,AT,AA,AA,AA,GG,CC,CC,GG,CC,GG,TT,AA,CG,GT,GG,CG,CC,AA,GG,CC,AA,CG,AA,AA,CC,CC,CC,NN,AA,GG,AA,AC,AC,AC,AG,AG,AG,AA,AT,CG,AC,AG,AC,AC,CT,AA,AA,GG,GG,GG,TT,AA,AA,TT,TT,TT,AA,AA,CG,CG,AA,5.38,Susceptible,Low,Standard,Medium
L0217,Anantapur,Andhra Pradesh,Kharif,Red Sandy,Rainfed,390,31.0,52,AA,NN,GG,AG,GG,CC,NN,TT,CC,CG,AT,CC,CC,TT,TT,GG,CG,TT,TT,AA,CC,TT,GG,CC,TT,CT,TT,TT,NN,AA,TT,CC,AA,CC,AA,NN,GG,CC,GG,CC,TT,CC,AA,TT,AG,AG,TT,TT,CG,AA,GG,AA,AA,GG,CC,GT,AA,AA,GT,AA,AA,GT,TT,AA,TT,AT,CC,GG,TT,GG,AA,GG,AC,AA,GG,AC,AA,GG,TT,TT,GG,GG,GG,CC,AA,GG,AA,AA,CC,GT,CC,TT,CC,TT,TT,GG,CT,CC,TT,CC,CC,CG,GG,AA,TT,TT,CC,AA,AA,AA,CT,GG,TT,CC,TT,AA,AA,TT,CC,AG,CC,GG,CC,TT,CC,AA,CC,CC,CC,CC,AA,TT,CC,AA,CC,TT,AA,AT,AG,AT,NN,CT,CC,AG,AA,GG,AA,CC,GG,CC,CG,AA,AG,GG,TT,AG,CC,TT,CC,GG,CC,TT,GT,TT,CG,AT,TT,CT,AT,TT,GG,CC,AA,CC,CC,CC,CG,CC,AA,GG,AA,CC,TT,CC,GG,TT,GG,TT,AA,AG,TT,CC,CG,AC,CC,CC,GG,GG,AA,CC,TT,AC,AA,CC,GG,AA,AC,AA,AA,GG,TT,AT,AT,GG,TT,AA,CC,TT,GT,AA,GG,AA,NN,AC,TT,CC,TT,NN,CC,CT,CG,AA,CC,GG,AC,TT,TT,GG,GG,AT,AA,AC,AA,GT,CC,CC,GG,CC,GG,AA,AA,CC,GG,GG,CC,CC,AA,AG,CC,TT,CC,AA,AA,CC,CC,AC,TT,AG,GG,AA,AA,AA,AA,AG,AG,AA,AA,TT,GG,AA,AG,CC,AA,CT,AA,AA,GG,AG,GG,GT,AT,AA,TT,TT,TT,AG,TT,GG,GG,AA,7.47,Susceptible,Low,Poor,Late
L0218,Anantapur,Andhra Pradesh,Kharif,Red Sandy,Rainfed,390,31.0,52,CC,TT,AG,AG,GG,CC,GG,TT,CC,CG,AT,CC,CG,TT,TT,GG,GG,AT,TT,AA,CC,TT,GT,CC,TT,CC,GT,TT,GG,AA,TT,CT,AA,CC,GG,GG,GG,CG,GG,AC,TT,TT,AA,GT,AA,GG,TT,NN,CG,AC,TT,AT,AA,GG,CC,GT,AT,AA,GT,AA,AA,TT,AT,AG,NN,TT,CC,GG,TT,GG,AA,GT,AC,AA,GG,CC,AA,GG,TT,TT,GG,GG,GG,CC,AA,GG,AA,AA,CC,GT,CC,TT,CC,TT,TT,GG,CT,AA,GT,CC,CC,GG,AG,AA,TT,TT,CC,AA,AG,AA,CT,GG,TT,CC,TT,AA,AC,TT,CC,AG,CC,AG,CC,GT,CT,AG,CC,CC,CC,CC,AA,TT,CC,AA,CC,CT,AG,TT,AG,AT,GG,CC,CC,GG,AA,AA,AT,CC,GG,CC,CC,AA,GG,AG,TT,GG,AC,TT,TT,AA,AC,TT,TT,TT,CC,TT,TT,CT,AT,AT,GG,CC,AA,CC,CC,CC,GG,CC,NN,GG,NN,AC,TT,CG,GG,GT,GG,AT,AG,AG,TT,CC,CG,AA,CC,CC,GG,GG,AA,GG,TT,AC,AA,CC,GT,AA,AC,AA,AA,GT,TT,TT,AA,CG,TT,AA,CC,AT,TT,AT,GG,AA,TT,AA,TT,CC,TT,AC,CC,TT,CG,AA,CC,AA,CC,TT,CC,GT,GG,AT,AC,AC,AA,GG,CC,CG,CC,CC,GG,AA,AA,CG,GT,AG,CC,CC,AT,GG,CC,AA,CC,AA,NN,CC,CC,CC,TT,AA,GG,AA,AA,AA,AA,GG,AG,AG,AA,TT,GG,AA,AA,CC,AA,TT,AA,AA,GG,GG,GG,TT,AT,AA,TT,TT,AT,AA,TT,GG,CG,AA,3.58,Susceptible,Low,Premium,Early
L0219,Anantapur,Andhra Pradesh,Kharif,Red Sandy,Rainfed,390,31.0,52,AC,TT,GG,GG,GG,CC,GT,TT,CC,CG,AA,CT,CC,TT,TT,GT,CC,TT,TT,AG,CG,GT,TT,CC,TT,CC,TT,TT,GG,AA,TT,TT,AA,CC,GG,GG,GG,CG,GG,CC,TT,CT,AA,GT,AG,GG,CT,AT,CC,CC,GT,AT,GG,GG,CC,TT,AA,AC,GG,AC,NN,GT,AT,AA,TT,TT,CC,GT,TT,GG,AA,GG,CC,AA,AG,AA,AT,GG,TT,TT,GG,GG,NN,CC,AT,GG,AA,AT,CC,GG,CC,TT,CC,AT,TT,GG,TT,CC,GT,CC,CT,CG,AA,AA,AT,TT,CC,AG,AA,AC,TT,GG,TT,CC,TT,AA,AA,AT,CC,GG,CC,GG,CC,GT,CT,AA,CC,CC,CC,CC,AA,TT,CC,AA,CC,CC,AA,TT,AG,AA,GG,CC,CC,GG,AA,AA,AA,AC,GG,CC,CG,AA,AG,AG,TT,GG,AA,TT,TT,AG,CC,TT,GT,TT,CC,AA,TT,CT,AA,TT,CG,CC,AG,CT,CC,CC,GG,CC,AA,GG,AA,CC,TT,CC,GG,TT,GG,TT,AG,AG,TT,CC,GG,AA,CC,CC,GG,GG,AC,CG,TT,AA,AG,CG,GG,AT,CC,AA,AA,GG,TT,TT,AA,CG,GT,AT,CC,TT,TT,AA,GG,AA,CT,AA,TT,CC,TT,AC,CC,TT,CG,AG,CC,AG,CC,TT,CT,GT,NN,TT,AC,AC,AA,GG,CC,CG,GG,CC,GG,AT,AA,CG,GT,GG,CC,CC,NN,GG,CC,AA,CC,AA,AA,CC,CC,CC,TT,AA,GG,AA,AA,AA,AA,NN,AA,AG,AG,TT,GG,AA,AG,NN,AA,CT,AA,AA,CG,GG,GG,TT,AA,AA,GT,TT,TT,AG,AT,GG,GG,AC,5.09,Resistant,Low,Premium,Medium
L0220,Anantapur,Andhra Pradesh,Kharif,Red Sandy,Rainfed,390,31.0,52,AA,TT,GG,AA,GG,CC,GT,TT,CC,GG,AT,CC,GG,TT,GT,GT,GG,TT,TT,AA,CC,GT,TT,CC,TT,CT,TT,TT,GG,AC,CT,CT,AA,CC,GG,CG,GG,CG,GG,CC,TT,TT,AA,TT,GG,AG,CT,TT,CC,AA,GT,AA,AA,GG,CT,TT,AA,AA,TT,AC,AA,TT,AT,AA,TT,AT,CC,GG,TT,GG,NN,GG,CC,AA,AG,AC,AA,GG,GT,TT,GG,NN,GG,CC,AA,GG,AA,AA,CC,GT,CC,TT,CC,TT,TT,GG,TT,CC,TT,CC,CC,CG,GG,AA,TT,TT,CC,AA,AG,AA,CT,GG,TT,CC,TT,AC,AC,TT,CC,AG,CC,GG,CC,NN,TT,AA,CC,CC,CC,CC,AA,TT,CC,AA,CC,CC,AA,TT,NN,AA,GG,CC,CC,GG,AA,GG,AA,CC,GG,CC,CC,AA,AG,AG,GT,AG,AC,TT,TT,AG,AC,TT,TT,TT,CC,AT,TT,TT,AA,TT,GG,CC,AG,CT,CC,CC,CG,CC,AA,GG,AG,CC,TT,CC,GG,GT,CG,AT,NN,AA,TT,CC,CG,AA,CC,NN,GG,GG,AC,GG,TT,AA,AA,CC,GG,AA,CC,AA,AT,GT,TT,TT,AT,CG,GT,AA,CC,TT,TT,AA,GG,AA,TT,AC,TT,CC,TT,AA,CC,TT,CG,AA,CG,GG,CC,TT,TT,GT,GG,TT,AA,AC,AG,GG,CC,CG,GG,CG,GG,AT,AG,CG,TT,GG,CC,CC,AA,AG,CC,AA,CC,AA,AA,AC,CC,NN,TT,AA,GG,AA,AA,AC,AA,AG,AA,AA,AA,TT,CG,AC,AA,AA,AC,CC,AA,AG,GG,GG,GG,TT,AA,AA,TT,TT,TT,AA,TT,GG,CG,AA,1.29,Moderate,Medium,Poor,Late
L0221,Anantapur,Andhra Pradesh,Kharif,Red Sandy,Rainfed,390,31.0,52,AA,TT,GG,AG,GG,CG,TT,TT,CC,GG,AA,CT,CG,TT,TT,GG,GG,TT,TT,AA,CC,TT,GG,CC,TT,CC,GT,TT,NN,AA,TT,CC,AA,CC,GG,GG,GG,CG,GG,CC,TT,CT,AC,TT,AG,AG,TT,AT,CC,CC,GG,AA,AA,GG,CC,TT,AA,AC,GG,AA,AA,TT,AA,AA,CT,NN,CC,GG,TT,GG,AA,GG,CC,AA,AG,AC,AT,GG,GG,TT,GG,GT,TT,CC,AT,GG,AA,AA,CC,GT,CC,TT,CC,TT,TT,GG,TT,CC,TT,CC,CC,CC,AG,AG,TT,TT,CC,AG,AA,AA,CT,NN,TT,CC,TT,AA,AA,TT,CC,GG,CC,GG,CC,GG,CT,AA,CT,CC,CC,CC,AG,GT,CC,AA,NN,CC,AA,TT,AG,AA,CG,CC,CC,GG,AA,AG,AA,CC,GG,CC,CC,AA,AG,GG,TT,AG,AC,TT,CT,GG,AC,GG,GT,TT,CC,AA,TT,TT,AA,AT,GG,CG,AA,CT,CC,CC,CG,CC,NN,GG,AA,CC,TT,CG,GG,TT,GG,TT,AA,AA,TT,CC,GG,AA,AA,CG,GG,GG,AC,GG,TT,AA,AA,CC,GG,AA,CC,AA,AT,GT,TT,TT,NN,GG,TT,AT,CG,AT,TT,AA,GG,AA,CT,AA,TT,CC,TT,AA,CC,CT,CG,AG,CG,AA,AA,TT,CT,GT,GG,TT,AA,CC,AG,GG,CC,CC,GG,CC,GG,AT,AG,CC,TT,GG,CC,CC,AT,GG,CC,AA,CC,AA,AA,CC,CC,AC,TT,AA,GG,AA,AC,AA,AA,AA,AA,AA,AA,AA,GG,AA,AG,CC,AC,CC,AA,AA,GG,GG,GG,TT,AA,AA,GT,TT,TT,AG,AA,GG,CG,AA,1.32,Susceptible,Low,Poor,Early
L0222,Anantapur,Andhra Pradesh,Kharif,Red Sandy,Rainfed,390,31.0,52,AC,TT,GG,AG,GG,CC,GT,TT,CC,CG,AA,CC,CC,AT,GT,GG,GG,TT,TT,AG,CC,GT,TT,CC,TT,CC,GT,TT,GG,AA,TT,CT,AA,CC,GG,GG,GG,CC,GG,CC,TT,TT,AA,GT,AA,GG,TT,AT,CC,CC,GG,AA,AG,GG,CC,TT,AA,CC,GG,AA,AG,TT,AT,AA,TT,AT,CC,GG,CT,GT,AA,GG,CC,AA,GG,CC,AA,GG,GT,TT,GG,TT,GG,CC,AT,GG,AA,AA,CC,TT,AC,TT,CC,TT,TT,GG,CT,CC,TT,NN,CT,CG,AG,AG,AT,GT,CC,AA,AG,AA,CT,GG,TT,CC,TT,AA,AA,TT,CC,AA,CC,GG,CC,GG,TT,AA,CC,CC,CC,CC,AA,TT,AC,AA,CC,CC,AG,TT,AA,AA,GG,CT,CC,GG,AA,AA,AA,CC,GT,CC,CC,AA,AG,GG,TT,NN,AC,GT,CT,GG,CC,NN,TT,TT,CC,AA,TT,TT,AT,TT,GG,CC,AA,TT,CC,CC,CG,CC,AA,GG,AG,CC,TT,CC,GT,TT,GG,AT,AA,AA,TT,CC,GG,AC,CC,CG,GG,AG,CC,GG,TT,AC,AA,CC,GG,AA,AC,AA,AT,GT,TT,AT,AT,CG,GG,TT,CC,AT,GT,AA,GG,AA,TT,AA,TT,CC,TT,AA,CC,TT,CG,GG,CC,AG,CC,TT,CT,GG,GG,AT,AA,CC,AA,GT,CC,CC,GG,CC,GT,AT,AA,CG,TT,AG,CC,CG,AA,GG,CC,AA,CG,AA,AA,NN,CG,AC,TT,AA,GG,AA,AA,AC,AC,AG,AA,AA,AA,TT,GG,AA,AG,AC,AA,CT,AA,AA,GG,GG,GG,TT,AA,AA,TT,TT,TT,AA,AT,GG,GG,AA,0.4,Susceptible,High,Premium,Medium
L0223,Anantapur,Andhra Pradesh,Kharif,Red Sandy,Rainfed,390,31.0,52,AC,CT,GG,AG,GG,CC,GG,TT,CC,CG,AA,CT,CG,TT,TT,GG,GG,TT,TT,AA,CC,TT,GT,CC,TT,CC,TT,TT,GG,AA,CT,CC,AA,CC,GG,GG,GG,CC,GG,AC,TT,TT,AA,TT,AG,GG,CT,TT,CC,AA,GT,AT,AA,GG,CT,TT,AA,AA,GG,AC,AA,TT,AA,AG,TT,AT,CC,GG,TT,GT,AA,GG,AC,AA,GG,AA,AA,NN,TT,TT,GG,GG,GG,CC,AA,GG,AA,AA,CC,GT,CC,TT,CT,AT,GT,GG,CT,CC,GT,CC,CC,GG,GG,AA,TT,TT,CC,AA,AA,AA,CT,GG,TT,CG,TT,AA,AA,TT,CC,AG,CC,AG,CC,GG,CT,AA,CC,CC,AC,CC,AA,TT,CC,AC,CC,CC,AA,TT,AA,AA,CG,CT,CC,GG,AA,AG,AA,CC,GT,CG,CC,AA,AG,GG,TT,GG,AC,TT,TT,GG,AA,GT,TT,TT,CG,AA,TT,TT,AA,TT,GG,CC,AG,TT,AC,CC,GG,CC,AA,GG,AA,CC,TT,CC,GG,TT,GG,TT,AA,AA,TT,CC,CG,AC,CC,CC,GG,GG,AA,GG,TT,AC,AG,CC,GG,AA,CC,AA,AT,GG,TT,TT,AT,CG,GT,AT,CC,TT,GT,AT,GG,AA,TT,AA,TT,CC,TT,AA,CC,TT,GG,AA,CG,AG,AC,TT,CT,TT,GG,TT,AA,CC,AA,GG,CC,CG,GG,CC,GG,TT,AA,CC,TT,GG,CC,CC,AA,GG,CC,AA,CC,AA,AA,AC,CC,AC,NN,AA,GG,AA,NN,AC,NN,AA,AA,AG,AG,AT,GG,AA,AG,AA,AC,TT,AA,AA,CG,GG,CG,GT,AT,AA,GT,TT,TT,AG,AT,GG,GG,AA,2.95,Susceptible,Medium,Poor,Early
L0224,Anantapur,Andhra Pradesh,Kharif,Red Sandy,Rainfed,390,31.0,52,AC,TT,GG,GG,CG,CC,GT,AT,CC,CG,AT,CC,CC,AT,TT,GG,CG,TT,TT,AA,CC,TT,TT,CC,AT,CC,TT,AT,GG,AC,TT,CT,AA,CC,GG,CG,GT,CC,GG,CC,TT,CT,AA,TT,AA,AA,TT,AT,CC,AC,GT,AA,AA,GG,CT,TT,AT,AA,GG,AC,AA,TT,AA,AA,TT,TT,CC,GG,TT,GG,AG,GG,AC,AA,GG,CC,AT,AG,TT,TT,NN,GG,GG,CC,AT,GG,AA,AA,CC,GT,AC,TT,CT,TT,GT,GG,NN,CC,GT,CC,CC,CG,GG,AA,TT,TT,CC,AA,AG,AA,CC,GG,TT,CC,TT,AA,AC,TT,CG,GG,CC,AG,CC,GT,TT,AG,CC,CC,CC,CC,AA,TT,CC,AA,CC,CC,AA,TT,AA,AT,GG,CC,CG,GG,AA,AG,AA,CC,GT,CC,CC,AA,AA,GG,TT,GG,AC,TT,NN,GG,AA,GT,GG,CT,CC,AT,TT,TT,AA,TT,CG,CC,AA,CC,CC,AC,CG,CC,AA,GG,AG,AC,TT,CG,GG,GT,CC,TT,AA,AA,TT,CC,GG,AA,AC,CC,GG,GG,AA,GG,TT,AC,AG,CG,GG,AT,CC,AA,AA,GG,TT,AT,AA,GG,GT,AA,CC,NN,TT,AA,GG,AG,CT,AA,TT,CG,TT,AA,AC,TT,GG,AA,CC,GG,CC,TT,TT,GT,GG,TT,AA,AC,AA,GG,CC,CC,GG,CC,GG,AA,AA,CC,GT,GG,CG,CC,AA,AG,CG,AT,CC,AT,AA,AC,CG,AC,TT,AA,GG,AA,AA,AA,AA,AG,AG,AG,AA,AT,CG,AC,AA,AA,AA,CT,AA,AA,CG,GG,GG,TT,AA,AA,TT,TT,TT,AA,AT,GG,GG,AA,4.94,Susceptible,Low,Poor,Medium
L0225,Anantapur,Andhra Pradesh,Kharif,Red Sandy,Rainfed,390,31.0,52,CC,TT,GG,AG,GG,CC,GG,AT,CC,CC,AA,CC,NN,TT,GT,GG,GG,TT,TT,AA,CG,TT,GT,CC,TT,CT,TT,TT,GG,AC,CT,CC,AA,NN,GG,CG,GG,CC,GG,CC,TT,TT,AA,GT,AA,GG,CT,TT,CC,AC,GT,AA,AA,GG,CC,TT,AA,AA,GG,AC,AA,TT,AT,AA,TT,TT,CC,GG,TT,GG,AG,GG,CC,AA,GG,AC,AA,GG,TT,TT,AG,GG,GG,CC,AA,GG,AA,AA,CG,GG,AC,TT,CC,TT,GT,GG,CC,CC,GT,CC,CC,CC,AG,AA,AT,TT,GG,AA,GG,AA,TT,GG,TT,CC,TT,AA,AA,AT,CC,AG,CG,AG,CC,GG,CT,AG,CC,CC,CC,CC,AA,TT,AC,AA,CC,CC,AA,TT,AA,AA,GG,CC,CC,NN,AA,AG,AA,CC,GG,CC,CC,AA,AA,GG,TT,GG,AC,TT,CT,GG,CC,TT,TT,TT,CC,AT,GT,TT,AA,AA,GG,CC,AA,CT,AC,AC,GG,CC,AA,GG,AG,CC,TT,CC,GT,TT,CG,AT,AA,AA,TT,CC,GG,AA,CC,CC,GG,GG,AA,GG,TT,AC,AA,CC,GG,AA,AC,AA,AA,GG,TT,TT,AA,CG,GT,NN,CC,TT,TT,AA,AG,AA,TT,AC,TT,CG,TT,AC,CC,TT,GG,AA,CC,AG,CC,TT,CT,GT,GG,TT,AA,CC,AA,GG,CC,CC,GG,CG,GG,AT,AA,CC,TT,GG,CC,CC,AA,AG,NN,AT,CG,AA,AA,AC,CG,CC,AT,AA,GG,AA,AA,AA,AA,GG,AA,AA,AA,AT,GG,AA,AA,AC,AA,CT,AA,AA,GG,GG,GG,TT,AT,AG,TT,TT,TT,AA,TT,GG,GG,AA,4.15,Moderate,Low,Premium,Medium
L0226,Anantapur,Andhra Pradesh,Kharif,Red Sandy,Rainfed,390,31.0,52,AC,CC,GG,AG,GG,CC,GT,TT,CC,CG,AA,CC,CG,TT,TT,GG,GG,TT,TT,AA,CC,GT,TT,CC,TT,CC,TT,TT,GG,AA,TT,CC,AA,CC,AG,GG,GG,CC,GG,CC,TT,CT,AA,GT,AA,GG,TT,AT,CC,AC,GT,AA,AA,GG,CT,TT,AT,AA,GT,AC,AA,TT,AT,AA,NN,AT,CC,GG,TT,GG,AA,GG,CC,AA,AG,CC,AA,GG,TT,TT,GG,GT,GT,CC,AA,GG,AA,AT,CC,TT,NN,TT,CC,AT,TT,GG,TT,CC,TT,CC,CC,CC,AG,AG,TT,GT,CC,AA,AG,AC,CC,GG,TT,CC,TT,AA,AA,TT,CC,AG,CC,GG,CT,GG,TT,AG,CT,CC,CC,CC,AA,GT,AC,AA,AC,CC,AA,TT,AA,AT,GG,CT,CC,GG,AA,AG,AT,CC,GT,CC,CC,NN,AG,GG,GT,AA,AA,TT,CT,GG,NN,TT,TT,TT,CC,AT,GT,TT,AA,TT,GG,CG,AG,CT,CC,CC,CC,CC,AA,GG,AA,CC,TT,CC,GG,TT,CG,TT,AA,AG,TT,AC,GG,AA,CC,CC,GG,GG,CC,GG,TT,AA,AA,CC,GT,AA,CC,AA,AT,GG,TT,TT,AT,GG,GG,TT,CC,TT,GT,AA,GG,AA,CT,AA,TT,CC,CT,AA,CC,CT,GG,AG,CC,AG,AC,AT,CC,GT,GG,TT,AA,CC,AA,GG,CC,CC,GG,CC,GG,AA,AA,CC,TT,GG,CC,CG,AA,AG,CC,AT,CC,AA,NN,CC,CC,CC,TT,AA,GG,AA,AA,AA,AA,NN,AG,AG,AG,TT,CG,AC,GG,CC,AA,TT,AA,AA,GG,GG,GG,TT,AA,AA,GT,TT,TT,AG,AT,GG,GG,AA,1.47,Susceptible,Medium,Standard,Medium
L0227,Anantapur,Andhra Pradesh,Kharif,Red Sandy,Rainfed,390,31.0,52,AA,TT,AG,AA,GG,CC,GG,AT,CC,CG,AA,CT,CC,AT,TT,GG,CG,TT,TT,AA,CC,TT,GT,CC,TT,CC,GT,TT,GG,AA,TT,CT,AA,CC,GG,CG,GG,CC,GG,CC,TT,CT,AA,TT,AG,GG,NN,TT,CC,AC,GG,AT,AA,GG,CC,GT,AA,AC,GT,AA,AA,TT,TT,AA,TT,TT,CC,GG,TT,GG,AG,GG,CC,AA,AG,AC,AA,GG,TT,CT,GG,GT,GG,CC,AT,GG,AA,AA,CC,TT,CC,TT,CT,TT,TT,GG,TT,AC,TT,CC,CT,CC,GG,AG,TT,TT,CG,AA,AA,AA,CT,GG,TT,CG,TT,AC,AA,AT,CC,GG,CG,AG,CC,GT,TT,AA,CC,CC,AC,CC,AG,TT,CC,AA,AC,CC,AA,AT,AA,AA,GG,CC,CC,GG,AA,AG,AA,CC,GG,CC,CC,AA,AG,GG,TT,GG,AC,TT,CT,AG,AC,TT,GT,TT,CC,AT,TT,TT,AA,TT,GG,CC,AA,CT,CC,CC,CG,CC,AA,GG,AA,CC,TT,CC,TT,TT,GG,AT,AA,AA,TT,AC,GG,AA,CC,CC,GG,GG,AC,GG,TT,AA,AA,CC,GG,AA,CC,AT,AA,GT,TT,AT,AT,CG,GT,AA,CC,AA,TT,AA,GG,AA,CC,AA,TT,CC,TT,AA,CC,TT,GG,AA,CC,AG,CC,TT,CT,NN,GG,TT,AC,CC,AA,GG,CC,NN,GG,CC,GG,TT,AA,GG,TT,GG,CC,CC,AA,GG,CC,AA,CC,AT,AG,AC,CC,AA,TT,AA,GG,AA,AC,AA,AA,GG,AA,AG,AA,TT,GG,AA,AG,AC,AC,CC,AA,AA,GG,GG,GG,TT,AT,AA,TT,TT,TT,AA,AA,GG,GG,AA,2.03,Resistant,Medium,Standard,Medium
L0228,Anantapur,Andhra Pradesh,Kharif,Red Sandy,Rainfed,390,31.0,52,AC,TT,GG,AA,GG,CC,GT,TT,CC,CG,AA,CC,CC,TT,TT,GT,CG,TT,TT,AA,CG,GT,GT,CC,TT,CC,GT,TT,GG,AC,CT,CT,AA,CC,GG,GG,GG,GG,GG,CC,TT,CC,AA,TT,AA,GG,TT,TT,CC,AA,GT,AA,AA,GG,CT,TT,AA,AA,GT,AA,AA,TT,AT,GG,CT,AT,CC,GG,TT,GG,AA,GG,CC,AA,GG,AA,AA,GG,GT,TT,GG,GT,GG,CC,AA,GG,AA,AA,CC,GG,CC,TT,CC,TT,TT,GG,TT,CC,TT,CT,CC,CG,AG,AA,TT,TT,CG,AA,AG,AA,NN,GG,GT,CC,TT,AA,AA,TT,CG,AA,CC,GG,CC,GG,CT,AA,CC,CC,CC,CC,AA,TT,CC,AA,CC,CC,AA,TT,AA,AT,CG,CT,CC,GG,AA,AA,AA,CC,GG,CC,CC,AA,AA,GG,TT,GG,AC,GG,CC,AG,CC,TT,TT,TT,CC,AA,NN,TT,AT,TT,CG,CC,AG,CT,CC,CC,CG,CC,AA,GG,AG,CC,TT,CC,GG,TT,CG,TT,AA,AA,TT,CC,GG,AA,NN,CC,GG,GG,AC,GG,TT,AC,AA,CC,NN,AT,CC,AA,TT,GT,TT,AT,AA,CG,GG,AA,CG,TT,TT,AA,GG,AG,TT,AA,TT,CC,TT,AC,CC,TT,GG,NN,CG,AG,AA,TT,TT,GT,GG,TT,AA,AC,NN,GG,CC,CG,GG,CG,GT,TT,AA,CC,TT,GG,CC,CC,AA,GG,CC,AT,CC,AT,AA,CC,CG,CC,TT,AA,GG,AA,AA,AA,AA,GG,AA,AG,AA,TT,GG,AA,AA,AC,AA,CT,AA,AA,GG,GG,GG,TT,AA,AA,TT,TT,TT,AA,TT,GG,GG,AC,3.74,Resistant,Medium,Premium,Late
L0229,Anantapur,Andhra Pradesh,Kharif,Red Sandy,Rainfed,390,31.0,52,AA,TT,AG,GG,GG,CC,GG,TT,CC,CC,AA,CC,GG,TT,TT,GG,GG,TT,TT,AA,CG,GT,GT,CC,AT,CC,GT,TT,GT,NN,TT,CT,AA,CC,AG,CG,GG,CG,GG,CC,TT,CT,AA,TT,AG,GG,TT,TT,CC,AC,GT,AT,AA,GG,CT,NN,AA,AA,TT,AA,AA,GT,AT,AA,CT,TT,CC,GG,TT,GG,AG,GG,CC,AA,AG,AC,AA,GG,TT,TT,AG,GT,GG,CC,AT,AG,GG,AA,CC,TT,AC,TT,CC,TT,GG,GG,TT,CC,GT,CC,CC,CG,AG,AG,TT,TT,CG,AA,AG,AA,CC,GG,GT,CG,TT,AA,AA,TT,CC,GG,CC,GG,CC,GG,CT,AA,CC,CC,CC,CC,AA,TT,CC,AA,CC,CC,AA,TT,AA,AA,GG,CC,CC,GG,AA,AA,AT,CC,GG,CC,CG,AA,AA,GG,TT,GG,AA,TT,TT,GG,CC,TT,TT,TT,CC,TT,TT,TT,AT,TT,GG,CC,AG,CT,CC,CC,CC,CC,AA,GG,AG,CC,GT,CC,GT,TT,CG,TT,AA,AA,TT,AA,GG,AA,CC,CC,GG,GG,AC,GG,TT,AA,AG,CC,GG,AA,CC,AA,TT,GG,GT,TT,AT,CG,GT,AA,NN,TT,GT,AA,GG,AA,CT,AA,TT,CC,CT,AC,AC,CC,CG,AA,CC,AG,AC,TT,TT,GT,GG,TT,AC,CC,AG,GT,CC,CG,GG,CC,NN,TT,AA,CC,NN,GG,CC,CG,AA,GG,CC,AA,CC,AT,AA,AA,CG,CC,TT,AA,CG,AA,AA,AA,AA,AG,AG,AG,AA,TT,GG,AA,AG,AC,AC,CT,AA,AA,CG,GG,GG,TT,AA,AG,GT,TT,TT,AA,AT,GG,NN,AA,3.21,Susceptible,Medium,Premium,Early
L0230,Anantapur,Andhra Pradesh,Kharif,Red Sandy,Rainfed,390,31.0,52,AA,TT,GG,AG,GG,CC,GT,TT,CC,CC,AA,CT,CG,TT,TT,GG,CC,TT,TT,AA,CC,TT,TT,CT,TT,CC,TT,TT,GT,AA,TT,CT,AA,CC,GG,GG,GG,CG,GG,CC,TT,CT,AC,TT,AA,AG,TT,AT,CG,AC,GT,AA,AA,NN,CC,GT,AA,AA,GT,AC,AG,NN,AT,AA,CT,AT,CC,GG,TT,GG,AG,GG,CC,AG,GG,AA,AT,GG,TT,TT,GG,GG,GG,CC,AA,AG,AA,AT,CG,GT,CC,TT,CC,TT,TT,GG,CT,AC,TT,CC,CT,CC,AA,AA,TT,TT,CC,AG,AG,AC,CT,GG,TT,CC,TT,AA,AA,TT,NN,GG,CG,GG,CC,GT,CT,AA,CT,CC,AC,CC,AA,TT,CC,AA,CC,CT,AA,TT,AA,AA,GG,CT,CC,AG,AA,AA,AA,CC,GT,CC,CC,AG,AG,AG,GT,GG,AA,TT,CT,GG,CC,TT,GT,TT,CC,NN,GT,TT,NN,AT,GG,CG,AA,CC,AC,CC,GG,CC,AA,GG,AG,CC,TT,CC,GT,TT,GG,NN,AA,AA,TT,CC,GG,AA,CC,CC,GG,GG,AA,GG,TT,NN,AA,CC,GG,AA,AC,AA,AT,GG,GT,AA,AA,CG,GG,AT,CC,AT,TT,AA,GG,AA,CT,AA,TT,CC,CT,AC,CC,CT,GG,AA,GG,AG,AC,TT,CC,GT,GG,TT,AA,CC,AA,GT,CC,CC,GG,CC,GG,AT,AA,CC,NN,GG,CC,CC,AA,AG,CG,AA,CG,AT,AA,AA,CG,AC,TT,AA,GG,AA,AA,AA,AC,AG,AG,AA,AG,TT,GG,AC,AA,CC,AC,TT,AG,AG,GG,GG,GG,TT,AT,NN,TT,TT,TT,AA,TT,GG,CG,AA,3.4,Moderate,Low,Standard,Late
L0231,Anantapur,Andhra Pradesh,Kharif,Red Sandy,Rainfed,390,31.0,52,AA,NN,GG,AA,GG,CC,GG,TT,CG,CC,AA,CC,CC,AT,GT,TT,GG,TT,TT,AG,CC,TT,GT,CT,TT,CC,TT,TT,GG,AA,TT,CT,AA,CC,GG,GG,GG,CG,GG,CC,TT,TT,AA,GG,AA,GG,TT,NN,CC,CC,GG,AT,AA,GG,NN,GT,AA,AC,TT,AC,AA,TT,TT,AA,TT,AT,CC,GG,TT,GG,AA,GG,CC,AA,GG,AA,AT,NN,TT,TT,GG,GT,GG,CC,AA,GG,AA,AA,CC,GG,CC,TT,CC,TT,GT,AG,CT,CC,TT,CC,CC,CG,AA,AA,AT,TT,CG,AA,AA,AA,CC,GG,TT,CG,NN,AA,AA,TT,CC,AG,CC,GG,CC,GG,NN,AA,CC,CC,CC,CC,AA,TT,AC,AA,CC,NN,AA,AT,AG,AA,CG,CC,CC,GG,AA,AA,AA,CC,GG,CC,CC,AA,AA,AA,GT,GG,CC,TT,TT,GG,CC,TT,GT,TT,CG,AT,TT,CT,AA,AT,CG,CC,AA,CT,CC,CC,GG,CC,AA,GG,AA,CC,TT,CC,GT,TT,GG,AA,AA,AG,TT,CC,CG,AA,CC,CC,GG,GG,AC,GG,TT,AA,AA,CC,GG,AT,CC,AA,AT,GT,TT,AT,AT,GG,GT,AT,CC,TT,TT,AA,GG,AA,CT,AC,TT,CC,CT,AA,NN,TT,GG,GG,CC,AG,CC,TT,TT,GT,NN,TT,AC,CC,AA,GG,CC,GG,GG,CG,GG,AT,AA,CC,TT,GG,CG,CG,AT,GG,CG,AT,CG,AA,AA,AC,GG,AA,TT,AA,CC,AA,AA,AA,AA,GG,AG,AA,AA,AT,GG,CC,AA,AC,AC,TT,AG,AA,GG,GG,GG,TT,AT,AA,TT,TT,TT,AG,AT,GG,GG,AA,4.55,Susceptible,Low,Premium,Late
L0232,Anantapur,Andhra Pradesh,Kharif,Red Sandy,Rainfed,390,31.0,52,AA,TT,GG,AA,GG,CC,GG,AT,CC,CG,AA,CC,NN,TT,GT,GT,GG,TT,TT,AA,CC,TT,GT,CC,TT,CC,TT,TT,GG,AA,TT,CC,AA,CC,GG,GG,GG,CG,GG,CC,TT,CC,AA,TT,AA,GG,TT,TT,CC,CC,GT,AA,AA,GG,CC,NN,AT,AA,GG,AA,NN,GT,TT,AA,TT,AT,CT,GG,NN,GG,AA,GG,CC,AA,GG,CC,AA,NN,TT,TT,GG,GT,GG,CC,AT,AG,AA,AA,CG,TT,CC,TT,CC,TT,GT,GG,TT,AC,GT,CC,CC,CC,AA,AA,TT,TT,CC,GG,GG,AA,CT,GG,TT,CG,TT,AA,AA,TT,CG,GG,CG,GG,CC,GG,TT,AA,CC,CC,AC,CC,AA,TT,AC,AC,CC,CC,AA,AT,AA,AT,CG,CC,CC,GG,AG,AG,AA,CC,GT,CC,CC,AA,AA,GG,TT,GG,AC,TT,TT,GG,AC,TT,TT,TT,CC,AT,TT,TT,AA,NN,GG,CC,AA,CT,AC,CC,GG,AC,AA,GG,AA,CC,TT,CC,GT,TT,GG,AT,AA,AA,TT,CC,GG,AA,CC,CC,GG,GG,AA,GG,TT,AA,AA,CC,GG,AA,CC,AT,AT,GT,TT,TT,TT,CG,GT,AA,CG,TT,GT,AA,GG,AA,CT,AA,TT,CC,TT,AA,AC,TT,CG,AA,CC,AA,CC,TT,CT,TT,GG,TT,AC,AC,AG,GG,CC,CC,GG,CG,GG,TT,AA,CC,TT,AG,CC,CC,AA,AG,CC,AA,CC,AT,AA,AC,CC,CC,TT,AA,GG,AA,AC,AA,AA,GG,AG,AG,AA,AT,CG,AC,AA,CC,AA,TT,AA,AG,GG,GG,GG,TT,AA,AA,GT,TT,TT,AG,TT,GG,GG,AA,1.95,Moderate,Low,Poor,Late
L0233,Anantapur,Andhra Pradesh,Kharif,Red Sandy,Rainfed,390,31.0,52,AC,TT,AG,AG,GG,CG,GG,AT,CC,GG,AA,CC,CC,AT,TT,GG,CG,TT,TT,AA,CC,GT,GG,CC,TT,CC,NN,TT,GG,AA,TT,CC,AA,CC,GG,GG,GG,CC,GG,CC,TT,CT,AA,TT,AA,GG,CT,TT,CC,CC,GG,AA,AG,GG,CC,TT,AA,AA,GT,AA,AA,TT,TT,AG,CT,AT,CT,GT,TT,GT,AA,GG,CC,AA,AA,AC,AT,GG,NN,TT,GG,GT,GT,CC,AA,NN,AA,AT,CC,TT,AC,TT,CC,AT,TT,GG,TT,CC,GG,CC,CC,CG,AG,AA,TT,TT,CC,AA,AA,AC,CT,NN,TT,CC,GT,AA,AC,TT,CC,AG,CC,GG,CC,GG,CT,AA,CT,CC,CC,CC,AA,TT,AC,AA,CC,CT,AA,TT,AA,AA,GG,CC,CC,GG,AA,GG,AA,CC,GG,CC,CC,AG,AG,AG,TT,GG,AA,TT,CT,GG,CC,GT,TT,TT,CC,AA,TT,TT,AA,TT,GG,CC,AA,CT,CC,CC,GG,AC,AA,GG,AG,CC,TT,CC,GT,GT,GG,TT,AA,AA,TT,AC,GG,AA,CC,CG,CG,GG,AC,GG,TT,AA,AA,CG,GG,AA,AC,AA,AA,GG,TT,AT,AT,GG,TT,AT,CG,AT,TT,AA,AG,AA,CT,AA,TT,CC,NN,AA,CC,CT,CG,AG,CC,NN,CC,TT,TT,NN,GG,NN,AA,AC,AA,GG,CC,NN,GG,CG,GG,AA,AG,CC,TT,GG,CC,CG,NN,GG,CC,AA,CG,AA,AA,AC,CC,CC,TT,AA,GG,AA,AA,AA,AA,AG,GG,AG,AG,TT,NN,AA,AA,AC,AC,TT,AA,NN,GG,GG,NN,TT,AT,AG,GT,TT,AT,AA,TT,GG,GG,AA,1.39,Moderate,High,Premium,Late
L0234,Anantapur,Andhra Pradesh,Kharif,Red Sandy,Rainfed,390,31.0,52,AA,TT,GG,AG,CG,CC,GG,TT,CC,GG,AA,CC,CG,TT,TT,GG,CG,TT,TT,AA,CC,TT,GT,CC,TT,CT,TT,TT,GG,AA,TT,CC,AA,CC,GG,GG,GG,CC,GG,AC,TT,TT,AA,TT,AG,GG,TT,AT,CC,AC,GG,AT,AA,GG,CC,NN,AA,AA,GG,AA,GG,TT,AA,NN,TT,TT,CC,GG,TT,GG,AG,GG,CC,AA,AG,AA,AT,GG,GT,TT,GG,GG,GG,CC,AA,GG,AA,AA,CC,NN,AC,GT,CC,TT,GT,GG,CT,CC,TT,CC,CC,CC,GG,AA,AT,TT,CC,AA,AA,AA,CC,GG,TT,CC,TT,AA,AA,TT,CG,AG,CC,AG,CT,GT,TT,AA,CC,NN,CC,CC,AG,GT,CC,AA,CC,CT,AA,TT,AA,AA,GG,CT,CC,GG,AG,AG,AA,CC,GG,CC,CC,AA,GG,GG,GG,AG,AA,TT,CT,GG,NN,GT,GT,TT,CG,AA,GT,TT,NN,TT,GG,CC,AA,CT,CC,CC,GG,CC,AA,GG,AA,CC,TT,CC,GG,GT,CG,AT,AA,AG,TT,CC,CG,AA,AC,CC,GG,GG,AA,GG,TT,NN,AA,CG,GG,AA,CC,AA,AT,GT,GT,TT,AA,GG,GT,AA,CC,AT,TT,AA,GG,AA,CT,AA,TT,CC,TT,AA,CC,TT,CG,GG,CG,AG,CC,TT,CT,GT,GG,TT,AC,AC,AG,GG,CC,CC,CG,CC,GG,TT,AA,CG,GT,GG,CC,CC,AA,GG,CC,TT,CC,AA,AA,CC,CC,CC,TT,AA,GG,AA,AA,AC,AA,GG,AG,AG,AA,TT,CG,AA,AA,CC,AC,CC,AA,AA,GG,GG,GG,TT,AA,AA,TT,TT,TT,AA,AT,NN,GG,AA,4.12,Resistant,Low,Premium,Medium
L0235,Anantapur,Andhra Pradesh,Kharif,Red Sandy,Rainfed,390,31.0,52,AC,TT,AG,AA,GG,NN,GT,TT,CC,CC,AA,CC,CG,TT,TT,GG,CG,TT,AT,AA,CC,TT,GT,CC,TT,CT,TT,TT,GT,AA,CT,CC,AA,CC,AG,CG,GT,CG,GG,CC,TT,CT,AA,TT,AG,GG,TT,TT,CC,AC,GT,AA,AG,GG,CT,TT,AA,AA,GT,AC,NN,TT,AT,AG,CC,AT,CC,GG,TT,GT,AA,GG,CC,AA,AG,AC,AT,GG,TT,TT,GG,GT,GT,CC,AA,GG,NN,AA,CC,GT,AC,GT,CC,TT,GT,GG,TT,CC,TT,CC,CC,CG,GG,AA,TT,NN,CC,AA,AG,AA,CT,GG,TT,CC,TT,AA,AA,TT,CG,GG,CC,AG,CC,GG,TT,AA,CT,CC,CC,CC,AA,TT,CC,AA,CC,CC,AG,AT,AA,AA,GG,CC,CC,GG,AA,AA,AA,AC,GG,CC,CC,AA,AA,GG,TT,GG,AC,TT,CT,GG,CC,TT,GT,CT,CC,AA,TT,TT,AA,NN,CG,CC,NN,CC,CC,CC,CG,CC,AA,GG,AA,CC,TT,CG,GG,TT,CG,AA,AA,AG,TT,AC,GG,AA,AC,CC,GG,GG,AC,GG,TT,AA,AA,CC,GG,AT,AC,AA,AT,GG,TT,AT,AA,CG,TT,AA,CC,TT,GT,AA,GG,NN,TT,AA,TT,NN,CT,AA,CC,TT,GG,AA,CG,AA,AC,TT,TT,GT,GG,TT,AA,AC,AA,GT,CC,NN,GG,CC,GG,AT,AA,CG,TT,GG,CC,CC,NN,AG,GG,AT,CC,AA,AA,CC,CC,AA,TT,AA,GG,AA,AA,AC,AA,AA,GG,AA,AA,AT,GG,AA,AG,CC,AC,CC,AG,AG,GG,AG,GG,GT,AA,AG,TT,NN,TT,AA,AT,GG,GG,AA,2.68,Susceptible,Medium,Premium,Late
L0236,Anantapur,Andhra Pradesh,Kharif,Red Sandy,Rainfed,390,31.0,52,AC,TT,GG,AG,CG,CC,GG,TT,CC,NN,AA,CC,CG,TT,TT,GT,GG,TT,AT,AG,CC,TT,GT,TT,TT,CC,TT,TT,GG,AA,TT,CT,AA,CC,GG,CG,GG,CG,GG,CC,TT,TT,AA,TT,AA,GG,TT,TT,CC,AC,GG,AA,AA,GG,CC,TT,AA,AA,TT,AA,AA,TT,AT,AA,TT,TT,CC,GG,TT,GG,AA,GG,CC,AA,GG,AA,TT,GG,TT,NN,GG,GG,GG,CC,AT,GG,AA,AT,CG,GT,AC,TT,CT,TT,GT,GG,TT,CC,GT,CC,CC,CC,AA,NN,AT,TT,CC,AG,GG,AA,CC,GG,TT,CG,TT,AA,AA,AT,CC,GG,CG,GG,CC,GT,TT,GG,CC,CC,CC,CC,AA,GT,CC,AC,CC,CT,AA,AT,AG,AT,CG,CT,CC,GG,AG,AG,AT,CC,GG,CC,CC,AA,AA,GG,TT,GG,AC,TT,CT,GG,CC,TT,GT,TT,CC,AT,TT,TT,AA,AT,GG,CC,AG,CC,CC,CC,GG,CC,AA,GG,AA,CC,TT,CC,TT,GT,GG,TT,AA,AA,TT,CC,GG,AC,CC,CC,GG,GG,AC,GG,CT,AC,AA,CG,GG,AA,CC,AA,AA,GT,TT,TT,AT,CC,GT,AT,CG,TT,TT,AA,GG,AA,TT,AC,AT,CC,TT,AA,CC,TT,GG,GG,NN,AG,CC,TT,CT,TT,GG,TT,AA,AC,AA,GG,CC,CG,GG,CC,GG,AT,AA,CC,GT,GG,CC,CC,AA,GG,CG,AA,CC,AA,AA,CC,CG,CC,TT,AA,GG,AA,AA,AC,AC,AG,AG,AA,AA,TT,GG,AA,AA,AC,AA,CT,AA,AA,GG,GG,GG,TT,AT,AA,TT,TT,TT,AA,AT,GG,GG,AA,1.85,Susceptible,Low,Premium,Early
L0237,Anantapur,Andhra Pradesh,Kharif,Red Sandy,Rainfed,390,31.0,52,AC,TT,GG,AG,GG,CC,GG,TT,CC,CG,AA,CC,CG,TT,TT,GG,GG,TT,TT,AG,CC,GT,GT,CC,TT,CC,TT,AT,GG,AA,TT,CT,AA,CC,GG,GG,GT,CC,GG,CC,TT,TT,AA,TT,AA,GG,TT,AA,CC,CC,GT,AA,AA,GG,CC,GT,AA,AA,GG,AC,AA,TT,TT,AG,CT,AA,CC,GG,TT,GT,AG,GG,CC,AA,AG,AA,AA,GG,TT,TT,GG,GG,GG,CC,AT,GG,AA,AA,CC,GG,CC,TT,CT,TT,TT,GG,CT,CC,GT,CC,CT,CG,GG,AA,TT,TT,CC,AA,GG,AC,CT,GG,GT,CC,GT,AC,AA,TT,CG,AG,CC,GG,CC,GG,TT,AA,CC,CC,CC,CC,AA,TT,CC,AA,CC,CC,AA,AT,AA,AA,GG,CC,CC,GG,AG,GG,AA,NN,GG,CC,CG,AA,AG,GG,TT,GG,AA,TT,CC,AG,CC,TT,GT,TT,GG,AT,NN,TT,AA,TT,GG,CC,AA,CT,CC,CC,CG,CC,AA,GG,AG,CC,TT,CC,GG,GT,GG,AT,AA,AA,TT,CC,CG,AA,CC,CC,GG,AG,AA,GG,TT,AA,AA,CG,GG,AA,AC,AT,AA,GG,TT,TT,AA,GG,TT,AA,CC,TT,GT,AA,GG,AA,CT,AA,TT,CC,TT,AA,CC,TT,CG,GG,CC,GG,CC,TT,CC,GT,CG,TT,AC,CC,AA,GT,NN,CG,GG,CC,GG,AT,AA,CC,GT,GG,CC,CG,AT,GG,CC,AT,CC,AA,AA,CC,CG,AC,TT,AA,GG,AA,AC,AA,AA,AG,GG,AA,AA,TT,GG,AA,AA,CC,AA,CT,AG,AA,GG,GG,GG,TT,AT,AA,GT,TT,TT,AA,TT,GG,GG,AA,3.55,Moderate,Medium,Premium,Late
L0238,Anantapur,Andhra Pradesh,Kharif,Red Sandy,Rainfed,390,31.0,52,AC,TT,GG,AG,GG,CC,GG,TT,CC,CG,AA,CC,CG,AT,TT,GG,GG,TT,TT,AG,CC,GT,GT,CC,TT,CC,TT,TT,GT,AA,TT,CC,AA,CC,AG,CG,GG,CG,GG,CC,TT,TT,AA,TT,AG,GG,TT,TT,CC,AC,GG,AT,AG,GG,CC,TT,AA,AC,GT,AA,AA,TT,TT,AA,TT,AT,CC,GG,TT,GG,AA,GT,CC,AA,GG,CC,AT,GG,TT,TT,AG,GG,GG,CC,AA,AG,AG,AA,CC,GT,CC,TT,CC,TT,GT,GG,NN,CC,TT,CC,TT,CC,AG,AA,AT,TT,CC,AA,AG,AA,CT,GG,TT,CG,GG,AA,AA,TT,NN,AG,CC,GG,CC,GT,TT,AA,CC,CC,CC,CC,AA,TT,AC,AA,CC,CC,AA,TT,AA,AA,GG,CC,CG,GG,AA,GG,AA,CC,NN,CC,CC,AG,AA,AA,TT,GG,AC,NN,CT,GG,CC,TT,GT,TT,CC,AT,GT,TT,AT,AT,GG,CC,AG,TT,CC,CC,CG,AC,AA,GG,AG,CC,TT,CC,GG,TT,GG,TT,AA,AA,TT,CC,GG,AA,CC,CC,GG,GG,AC,GG,TT,CC,AA,CC,TT,AT,CC,AA,AT,GG,TT,TT,AA,CG,GT,TT,CC,AT,GG,AA,GG,AA,TT,AC,TT,CC,TT,AA,CC,TT,CG,AA,CC,AG,CC,TT,TT,TT,GG,TT,AC,CC,AA,GG,CC,CC,GG,CC,GG,TT,AA,CG,GT,GG,CC,CC,AA,GG,CC,AT,CC,AA,AA,AC,CG,CC,TT,AG,CG,AA,AA,AA,AA,AA,AA,AA,AA,AT,GG,AC,AG,AC,AC,TT,AA,AA,GG,GG,GG,TT,AT,AG,TT,TT,TT,AG,AT,GG,GG,AA,0.4,Susceptible,High,Premium,Late
L0239,Anantapur,Andhra Pradesh,Kharif,Red Sandy,Rainfed,390,31.0,52,AC,CT,GG,AA,GG,CC,GG,AT,CC,CG,AA,CT,CC,TT,GT,GG,CC,TT,TT,AG,CC,TT,GT,CT,TT,CC,TT,TT,GT,AA,TT,CT,AA,CC,GG,CG,GG,CC,GG,CC,TT,CT,AA,GT,AA,AA,CT,TT,CC,CC,GG,AA,AA,NN,CT,TT,AA,AC,GT,AA,AA,TT,AA,AA,TT,TT,CC,GG,CC,TT,AG,GG,CC,NN,GG,CC,AT,GG,TT,TT,GG,GG,TT,CC,AA,GG,AA,AA,CC,TT,CC,TT,CC,AT,TT,NN,TT,AC,GT,CC,CC,GG,GG,AA,AT,TT,CC,AA,AA,AA,CC,GG,TT,CC,GT,AA,AA,TT,CC,AG,CC,GG,CC,GT,CC,AA,CC,CC,AC,CC,AA,TT,CC,AA,CC,CT,AA,TT,AA,AA,GG,TT,CC,GG,AA,GG,AT,CC,GG,CG,CC,AA,AA,GG,TT,AG,AA,TT,CT,GG,CC,TT,TT,TT,CC,AT,GT,TT,AA,AT,GG,CC,AA,CC,CC,AC,GG,CC,AA,GG,AG,CC,TT,CC,GG,GT,GG,TT,AA,AA,TT,CC,GG,AA,CC,CC,GG,GG,AA,GG,TT,AA,AG,CC,GG,AA,NN,AA,AA,GG,TT,AT,AT,GG,GG,TT,CC,AT,GG,AA,GG,AA,CT,AA,TT,CC,TT,AA,CC,TT,CG,AA,CC,AA,CC,AT,CT,TT,GG,TT,AA,AC,AG,GG,CC,GG,GG,CC,GT,AT,AA,CC,TT,AG,CC,CG,AA,GG,CC,AA,CC,AA,AG,AC,GG,AC,TT,AA,GG,AA,AA,AC,AC,GG,AG,AA,AA,TT,GG,AA,AG,AC,CC,TT,AA,AG,GG,GG,GG,TT,AT,AG,GT,TT,TT,AA,AA,GG,GG,AC,0.4,Resistant,Low,Poor,Medium
L0240,Anantapur,Andhra Pradesh,Kharif,Red Sandy,Rainfed,390,31.0,52,AC,TT,GG,AG,GG,CC,NN,AT,CC,CG,AT,TT,CG,AT,TT,GG,GG,TT,TT,AA,CC,TT,TT,CT,AT,CC,TT,AT,GG,AC,TT,CT,AA,CC,GG,CG,GG,CC,GG,CC,TT,TT,AA,GT,AA,GG,TT,TT,CC,AA,GG,AA,AA,GG,CC,TT,AA,AC,GG,AA,AA,TT,TT,GG,CT,TT,CC,GG,TT,GG,AG,GG,AC,AA,GG,AC,AT,GG,TT,TT,GG,GT,GG,CC,AT,GG,AA,AA,CG,TT,CC,TT,CC,TT,TT,GG,CT,CC,GT,CT,CC,CC,GG,AA,AT,TT,CC,AA,AG,AC,CC,GG,TT,CC,GT,AC,AA,TT,CC,AA,CC,GG,CC,GT,TT,AA,CC,CC,CC,CC,AG,TT,AC,AA,CC,CT,AA,TT,AG,AA,GG,CC,NN,GG,AA,AG,AA,CC,GT,CC,CC,AA,AA,GG,GT,GG,AA,GT,CC,GG,CC,TT,TT,TT,CC,AT,GG,CT,AT,TT,GG,CC,AA,CT,CC,CC,GG,CC,AA,GG,AA,CC,TT,CG,GG,TT,CG,AT,AA,AA,GT,CC,CG,AA,CC,CC,GG,GG,AC,GG,TT,AA,AA,CC,GG,AT,CC,AA,AA,GG,TT,AT,NN,CG,GG,TT,CC,AT,GT,AA,GG,AA,TT,AA,TT,CC,TT,AC,CC,CT,GG,AA,CC,AG,CC,TT,TT,GT,GG,TT,AA,CC,AA,GG,CC,CG,CG,CC,GG,TT,AA,CC,GT,GG,CC,CG,AT,GG,CG,AT,CG,AA,AA,CC,CG,AC,TT,AA,GG,AT,AA,AA,AA,AA,GG,AG,AA,TT,GG,AA,AG,AC,AA,CC,AA,NN,GG,GG,GG,TT,AA,AG,TT,TT,TT,AG,TT,GG,GG,AA,3.95,Susceptible,Medium,Premium,Medium
L0241,Anantapur,Andhra Pradesh,Kharif,Red Sandy,Rainfed,390,31.0,52,AA,TT,GG,AA,GG,CC,GG,AT,CC,CC,AA,CC,CC,TT,TT,GG,GG,TT,AT,AA,CG,TT,GT,CC,TT,CC,TT,TT,GG,AA,TT,TT,AA,CC,GG,GG,GG,GG,GG,AC,TT,CT,AA,TT,AG,AG,TT,TT,CG,AA,GG,AA,AA,CG,CC,TT,AA,AC,GT,AA,AA,TT,TT,AA,TT,AT,CC,GG,TT,GT,AG,GG,CC,AA,GG,AC,AT,GG,TT,TT,GG,GG,GG,CC,AA,GG,AA,AT,CC,GG,CC,TT,CC,AT,GT,AG,CT,CC,TT,CC,CT,CC,AG,AA,TT,TT,CC,AA,AA,AA,CC,GG,TT,CC,NN,AC,AA,TT,GG,GG,CG,GG,CT,GT,TT,AA,CC,CC,CC,CG,AA,TT,CC,AA,CC,CT,AG,AT,AG,AA,GG,TT,CC,GG,AA,AA,AA,CC,GG,CC,CG,AA,GG,AG,TT,GG,AC,GT,CT,GG,CC,GT,TT,TT,CC,AA,TT,TT,AA,TT,GG,CC,AA,CT,CC,CC,GG,CC,AA,GG,AA,CC,TT,CC,GG,GT,CG,TT,AA,AA,TT,CC,GG,CC,CC,CC,GG,GG,AA,GG,TT,AC,AA,CC,GG,AT,CC,AA,AT,GT,TT,AT,AT,CG,GG,NN,CC,TT,TT,AA,GG,AG,CT,AA,TT,CC,TT,AA,CC,TT,GG,AA,CC,GG,CC,TT,TT,TT,GG,TT,AC,AC,AA,GG,CC,CC,GG,CG,GG,TT,AA,CC,TT,AG,GG,CC,NN,GG,CC,AT,CG,AA,AA,AC,CC,CC,TT,AA,GG,AA,AA,CC,AA,AG,AG,AA,AA,NN,GG,AC,GG,NN,AA,CT,AA,AA,GG,AG,GG,TT,AA,AG,TT,NN,AT,GG,AT,CG,GG,AA,4.07,Susceptible,High,Standard,Late
L0242,Anantapur,Andhra Pradesh,Kharif,Red Sandy,Rainfed,390,31.0,52,AC,TT,GG,AA,GG,CG,GG,TT,CC,CG,AT,CC,CG,TT,GT,GT,GG,TT,TT,AA,CC,TT,GT,CC,TT,CC,TT,TT,GG,AA,TT,CC,AA,AC,GG,GG,GG,CG,GG,CC,TT,TT,AA,TT,AA,AG,TT,TT,CC,AC,GG,AT,AG,GG,CC,TT,AA,AA,GG,AA,AA,TT,AT,GG,CT,TT,CC,GG,TT,GT,AA,GG,CC,AA,AG,AA,AT,GG,GT,TT,GG,GG,GG,CC,AA,GG,AA,AA,CC,GG,CC,TT,TT,TT,TT,GG,CT,CC,TT,CC,CT,CC,AG,AA,TT,GT,CC,AA,AG,AA,CC,GG,TT,CC,TT,AA,AC,TT,CG,GG,CC,AA,CC,GG,TT,AA,CC,CC,CC,NN,AA,GT,CC,AA,CC,CC,AA,TT,AA,AA,GG,CC,CC,GG,AA,GG,AA,AC,GG,CC,CC,AG,AA,GG,TT,GG,AA,TT,CT,AG,CC,TT,TT,CT,CC,AA,GT,TT,AA,AT,GG,CC,AA,CC,CC,AC,GG,CC,AA,GG,AG,CC,TT,CC,GT,GT,GG,AT,AA,AA,TT,NN,GG,AA,AC,CG,GG,GG,CC,GG,TT,AC,AA,CC,GT,AA,AA,AA,AA,GG,TT,AT,AT,GG,GT,AA,CG,AT,GT,AA,GG,AG,CT,AA,NN,CC,CT,AA,CC,NN,GG,AA,CC,AG,AC,AT,NN,TT,GG,TT,AA,AA,AA,GG,CC,CG,GG,CC,GG,AT,AA,CC,TT,GG,CC,CG,AA,GG,CC,AA,CC,AA,AA,NN,CC,CC,TT,AA,GG,AA,AA,AC,AC,AG,AA,AG,AA,TT,CG,CC,AG,AA,AC,CT,AA,AA,GG,GG,GG,TT,AA,AA,TT,TT,TT,AG,AT,GG,GG,AA,2.65,Susceptible,Low,Standard,Medium
L0243,Anantapur,Andhra Pradesh,Kharif,Red Sandy,Rainfed,390,31.0,52,AC,TT,GG,AG,GG,CC,GG,TT,CC,CG,TT,CC,CC,TT,TT,GG,CG,TT,TT,AG,CC,TT,TT,CT,TT,CC,TT,TT,GG,AA,TT,CC,AA,CC,GG,CG,GG,CC,GT,CC,TT,TT,AA,TT,AA,GG,CT,AT,NN,AA,GT,AT,AA,GG,CC,TT,AA,CC,GT,AA,AA,TT,TT,AG,TT,TT,CC,GG,TT,GT,AA,GG,CC,AA,GG,AC,TT,GG,TT,TT,NN,GG,GG,CC,AA,GG,AG,AA,CC,TT,AC,TT,CC,TT,TT,GG,TT,CC,TT,CC,CT,CC,GG,AG,AT,TT,CC,AG,AG,AA,CC,GG,GT,CG,TT,AA,AA,TT,CG,GG,CC,GG,CT,GT,TT,AG,CC,CC,AC,CC,AA,TT,CC,AA,AC,CC,AA,AT,AA,AA,GG,CC,CC,GG,AA,AG,AA,CC,GG,CC,CC,AG,AG,GG,GT,GG,AA,TT,TT,AG,AC,GT,GT,CC,CC,AA,GT,TT,AT,NN,GG,CC,AG,CC,CC,CC,CG,AC,AA,GG,AA,CC,TT,CG,GT,GT,CG,TT,AA,AG,TT,CC,GG,AA,AC,CC,GG,GG,AC,CG,TT,AA,AA,NN,GG,AA,AC,AA,AA,GG,TT,TT,AT,CG,GT,AT,CC,AA,GT,AA,GG,AA,TT,AA,TT,CC,CT,AC,CC,CT,GG,AA,CC,AG,CC,TT,TT,TT,GG,AT,AA,CC,AG,GG,CC,CG,GG,CG,GG,AT,AG,CC,TT,GG,CG,CC,AA,GG,GG,AT,CC,AA,AA,CC,CC,CC,AT,AA,GG,AA,AA,AC,AC,GG,AA,AG,AA,TT,CG,AC,AG,AA,AA,CT,NN,AA,CG,GG,GG,TT,AA,AA,GT,TT,TT,AG,AT,GG,GG,AA,4.44,Susceptible,Low,Premium,Late
L0244,Anantapur,Andhra Pradesh,Kharif,Red Sandy,Rainfed,390,31.0,52,AA,TT,GG,AG,GG,CC,GG,TT,CC,CC,AA,CT,CG,AT,TT,GT,GG,TT,TT,AA,CC,GT,GT,CC,TT,CC,TT,TT,GT,AA,CT,NN,AA,CC,GG,GG,GG,CC,GG,AC,GT,TT,AC,TT,AA,GG,TT,AT,CC,AC,GG,AT,AA,GG,CT,GT,AA,AC,GT,AC,AG,TT,TT,AA,TT,TT,CT,GG,TT,GG,AG,GG,CC,AA,AA,AA,AA,GG,TT,TT,GG,GG,GG,CC,AA,GG,AA,AT,CC,TT,CC,TT,CT,TT,TT,GG,CT,CC,TT,CC,CT,CC,AG,AA,TT,TT,CC,AA,AG,AC,CT,GG,TT,CG,TT,CC,AA,TT,CC,NN,CG,GG,CC,NN,TT,AG,CC,CC,CC,CC,AA,TT,AC,AA,CC,CC,AA,TT,AA,AA,GG,CC,CC,GG,AA,AG,AA,CC,GG,CC,CG,AA,AA,GG,TT,GG,AC,TT,CT,GG,CC,GT,TT,CT,CC,TT,GT,TT,AT,TT,GG,CC,AA,TT,CC,CC,CG,CC,AA,GG,GG,AC,TT,CC,GT,TT,GG,AT,AA,AG,TT,CC,CG,AA,AC,CC,GG,GG,CC,GG,TT,AA,AA,CC,GT,AT,CC,TT,AA,GG,GT,AA,AT,GG,GG,AA,CC,AT,GT,AA,GG,NN,TT,AA,TT,CC,TT,AA,AC,TT,GG,AG,CC,AG,CC,TT,CT,GT,GG,TT,AA,AC,AG,GG,CC,CC,GG,CC,GG,AT,AA,CC,NN,AG,CC,CC,AA,AG,CC,AT,CC,AT,AA,CC,CG,AC,TT,AA,GG,AA,AA,AC,AC,AA,AG,AA,AA,TT,CG,AC,AA,AC,AC,TT,AG,AA,GG,GG,CG,TT,AT,AA,GT,TT,TT,AA,TT,GG,GG,AA,2.83,Resistant,Medium,Premium,Early
L0245,Anantapur,Andhra Pradesh,Kharif,Red Sandy,Rainfed,390,31.0,52,AA,TT,GG,AA,GG,CC,GT,AT,CC,GG,AA,CC,CG,TT,TT,GG,CG,AT,TT,AA,CC,TT,TT,CC,TT,CC,TT,TT,GG,AA,CT,CT,AG,CC,GG,GG,GG,CG,GG,CC,TT,CT,AA,GT,AA,NN,TT,TT,CC,AC,GT,AT,AA,GG,CT,GG,AA,AC,GG,AC,AA,GT,TT,AG,TT,AT,CC,GG,NN,GT,AA,GG,CC,AA,AG,AA,AT,GG,TT,NN,AG,GG,GG,CC,AT,GG,AG,AT,CG,TT,AC,TT,CC,AT,GT,GG,CT,CC,GT,CC,CT,CC,AG,AA,AT,TT,CC,AG,AA,AA,CT,GG,TT,CC,TT,AA,AA,TT,CC,GG,CG,GG,CC,GG,TT,AA,CT,CC,CC,CC,AA,TT,CC,AA,CC,CT,AG,TT,AG,NN,GG,CT,CG,NN,AA,AG,AA,CC,GG,CC,CC,AA,AG,GG,TT,GG,AC,GT,TT,AG,AC,TT,TT,CT,CG,AA,GT,TT,AT,TT,GG,CC,AG,CC,CC,CC,GG,CC,AA,GG,NN,CC,TT,CC,GT,TT,GG,AT,AA,AA,TT,CC,CG,AA,CC,CC,GG,GG,AA,GG,TT,AA,AA,CC,GG,AA,CC,AA,AT,GG,TT,AT,AA,GG,NN,AA,CC,AA,TT,AT,GG,AA,CT,AA,TT,CC,CT,AC,AC,CT,GG,AG,CC,GG,CC,TT,TT,GT,NN,TT,AC,AA,AG,GG,CC,CC,CG,CC,GG,AT,GG,CG,GT,GG,CC,GG,AA,AA,CC,TT,CC,AA,AA,AC,GG,CC,TT,AA,GG,AA,AC,AA,AA,GG,AG,AA,AA,TT,GG,AC,AG,AC,AA,CC,AA,AA,GG,GG,GG,TT,AA,AA,GG,TT,TT,AA,TT,GG,GG,AA,2.35,Moderate,Medium,Premium,Late
L0246,Anantapur,Andhra Pradesh,Kharif,Red Sandy,Rainfed,390,31.0,52,AA,CC,GG,GG,GG,CC,GG,TT,CC,CG,AA,CT,NN,TT,TT,GT,GG,TT,AT,AG,CC,TT,GT,CT,TT,CC,GT,TT,GG,AA,TT,CT,AA,CC,GG,GG,GG,GG,GG,CC,GT,TT,AA,GT,AA,AG,TT,AT,CC,AC,GG,AA,AA,GG,CT,TT,AA,AA,TT,AC,AA,TT,TT,GG,CT,TT,CC,GG,TT,GT,AG,GG,AC,AG,AG,AC,AA,GG,TT,TT,GG,GG,GG,CC,AA,GG,AA,AT,CC,TT,CC,GT,NN,TT,TT,GG,TT,CC,TT,CC,CT,CC,AA,AA,TT,TT,CG,AA,AG,AA,TT,GG,TT,CC,TT,AA,AA,TT,CG,GG,CG,GG,CC,GT,TT,AG,CT,CC,CC,CC,AA,TT,CC,AA,CC,CC,AA,AT,AA,AA,GG,CC,CC,GG,AG,AA,AA,CC,GT,CC,CC,AA,AG,GG,TT,GG,CC,GG,NN,AG,AA,GT,TT,TT,CC,AA,GT,CT,AA,TT,GG,CC,AG,CT,CC,CC,CG,AC,AA,GG,AA,CC,TT,CG,TT,TT,GG,AA,AA,AG,TT,CC,GG,AC,AC,CC,GG,GG,AC,GG,TT,AC,AA,CC,GG,AA,AC,AA,AA,GG,TT,AT,AA,CG,TT,AT,CG,TT,GG,AA,GG,AA,NN,AA,TT,CC,CC,AA,CC,CC,CG,AA,CC,GG,CC,TT,TT,TT,GG,TT,AA,CC,AA,GG,CC,CC,GG,CC,GG,AT,AA,CG,TT,GG,CC,GG,AA,GG,CC,AT,CC,AA,AA,CC,CG,AC,TT,AA,GG,AA,AC,AA,AA,GG,AA,AA,AA,TT,GG,AA,AG,AC,AC,TT,AA,AA,GG,NN,GG,TT,AA,AA,TT,TT,TT,AG,TT,GG,GG,AA,1.62,Resistant,High,Poor,Medium
L0247,Anantapur,Andhra Pradesh,Kharif,Red Sandy,Rainfed,390,31.0,52,AC,TT,GG,AA,GG,CC,NN,TT,CC,GG,AA,CC,CC,AT,TT,GG,GG,TT,TT,AA,CC,TT,GT,CC,TT,CC,TT,TT,GG,AA,TT,CT,AA,CC,GG,GG,GG,CC,GG,CC,TT,TT,AC,TT,AA,AG,TT,TT,CC,CC,GG,AA,AG,GG,CT,TT,AA,AC,GT,AA,AA,TT,AT,NN,TT,TT,CC,GG,TT,GT,AA,GG,CC,AA,GG,AA,AA,GG,TT,TT,GG,GT,GT,CC,AA,GG,AA,AA,CC,TT,CC,TT,CC,TT,NN,GG,TT,CC,GT,CC,CC,CG,AG,AA,TT,TT,CC,AA,AG,AA,CT,GG,TT,NN,TT,AA,AA,TT,CC,GG,CC,AG,CT,GG,TT,AA,CC,CC,CC,CC,AA,TT,CC,AA,CC,CC,AA,AT,AA,AA,GG,CC,CC,GG,AG,AA,AT,CC,NN,CC,CC,AA,AA,GG,TT,AG,AA,TT,TT,GG,CC,GG,TT,TT,CG,AT,GT,TT,AA,TT,CG,CC,AA,CT,CC,CC,GG,CC,AA,GG,GG,CC,TT,CC,GG,TT,GG,TT,AA,AA,NN,CC,CC,AA,CC,CC,GG,GG,AC,GG,TT,AA,AA,CC,GG,AA,AC,AA,AT,TT,GT,TT,AA,GG,GG,AA,CC,AT,TT,AA,GG,AA,CT,AA,TT,CG,TT,AC,CC,TT,GG,AG,CC,AG,CC,NN,TT,TT,GG,TT,AA,AC,AG,GG,CC,CG,GG,CC,NN,NN,AA,CC,TT,GG,CC,CC,AA,AG,CC,AT,CC,AA,AA,AC,CC,CC,TT,AA,GG,AA,AC,AA,AA,GG,AG,AA,AA,TT,GG,AC,AA,AC,AC,CT,AA,AA,GG,GG,GG,TT,AT,AG,TT,TT,TT,AA,AT,GG,GG,AA,0.4,Moderate,Medium,Premium,Early
L0248,Anantapur,Andhra Pradesh,Kharif,Red Sandy,Rainfed,390,31.0,52,AA,CT,GG,AG,GG,CC,GT,TT,CC,CG,AA,CC,CG,AT,TT,GG,GG,TT,TT,AG,CC,TT,TT,CC,TT,CC,TT,TT,GT,AA,TT,CC,AA,CC,AG,GG,GG,CC,GG,CC,TT,TT,AA,GT,GG,GG,TT,TT,CC,CC,GG,AA,AG,GG,CT,TT,AA,AC,GG,AA,AA,TT,AA,AA,TT,TT,CC,GG,TT,GT,AG,GG,CC,AA,GG,AA,AT,GG,TT,TT,GG,GG,GG,CC,AT,GG,AA,AA,CC,GG,CC,TT,CC,AT,TT,GG,CT,AC,TT,CC,CC,CG,GG,AA,TT,TT,CG,AA,GG,AA,TT,GG,TT,CC,TT,AA,NN,TT,GG,GG,CC,GG,CC,GG,TT,AA,CT,CC,CC,CC,AA,GT,CC,AA,CC,CC,AG,TT,AA,AA,GG,CT,CC,GG,AA,AG,AA,CC,GG,CC,CC,AA,NN,GG,GT,AG,AA,TT,TT,GG,AC,GT,TT,TT,CC,AA,GT,TT,AT,TT,GG,CC,AG,CC,CC,CC,GG,CC,AA,NN,AA,CC,TT,CC,GG,GT,GG,AT,AA,AA,TT,CC,CG,AA,CC,CC,GG,GG,AC,GG,NN,AA,AA,CC,GG,AA,CC,AA,AA,GT,GT,TT,AT,CG,GT,AT,CC,AT,TT,AA,GG,AA,CT,AA,NN,CC,TT,AA,CC,TT,GG,AA,CC,AG,AC,TT,TT,TT,GG,AT,AA,AA,AA,GG,NN,CC,GG,CC,GG,AT,AA,CC,TT,GG,CC,NN,AT,GG,CC,AT,CC,AA,AG,CC,CC,CC,TT,AA,GG,AA,AC,AC,AA,GG,AG,AA,AA,AT,GG,AC,AA,CC,AC,CT,AA,AA,GG,AG,GG,TT,AT,AA,TT,TT,TT,AA,TT,GG,CG,AA,1.2,Moderate,Low,Poor,Early
L0249,Anantapur,Andhra Pradesh,Kharif,Red Sandy,Rainfed,390,31.0,52,AA,TT,GG,GG,GG,CC,GG,AT,CC,CG,AA,CT,CC,TT,TT,GT,GG,TT,TT,AG,CC,TT,TT,CC,TT,CC,TT,TT,GG,AA,TT,CC,AA,CC,GG,GG,GG,CG,GG,AC,TT,CC,AA,TT,AG,GG,TT,TT,CC,AC,GG,AT,AG,GG,CT,GT,AA,AA,GT,AC,AA,TT,TT,AG,TT,AT,CC,GG,TT,GT,AA,GT,CC,AA,AG,AA,AT,GG,GT,TT,GG,GG,GG,CC,AA,GG,AA,AT,CC,TT,CC,TT,NN,TT,NN,GG,TT,CC,GT,CC,TT,CC,GG,GG,AT,TT,CC,AA,AG,AA,CC,NN,TT,CC,TT,AA,AA,TT,CC,AG,CC,GG,CC,GG,TT,AG,CC,CC,CC,CC,AA,GT,CC,AA,CC,CT,AA,TT,AG,AA,GG,CC,NN,GG,AA,AA,AT,CC,GG,CC,CG,AA,AA,GG,TT,GG,AC,GT,TT,GG,CC,GT,GT,CC,CC,AT,TT,TT,AT,TT,GG,CG,AG,CC,AC,CC,CG,CC,AA,GG,AG,CC,TT,CC,GT,TT,GG,AT,AA,AA,TT,CC,GG,AC,AA,CC,GG,GG,AC,GG,TT,AA,AA,CC,GG,AT,CC,AA,AA,GG,TT,AT,TT,GG,TT,AA,CC,TT,GT,AA,GG,AA,CT,AC,TT,CC,CT,AA,CC,TT,CG,AA,CC,AA,CC,TT,CC,TT,GG,TT,AC,CC,AG,GG,CC,GG,GG,CC,GG,TT,AA,CC,GT,GG,CC,CG,AA,AG,CC,AA,CG,AT,AA,CC,CC,AC,TT,AA,GG,AA,AA,AA,CC,AA,AG,AA,AA,TT,CG,NN,AG,CC,AA,CC,AA,AA,GG,GG,GG,GT,AA,AG,TT,NN,AT,AG,TT,GG,CG,AA,2.99,Moderate,Medium,Premium,Early
L0250,Anantapur,Andhra Pradesh,Kharif,Red Sandy,Rainfed,390,31.0,52,AC,TT,GG,AG,GG,CC,GG,AT,CC,GG,AA,CC,CC,AT,TT,GT,CG,TT,TT,NN,CC,GT,GT,CC,TT,CC,TT,TT,GG,AA,TT,CT,AA,AC,AG,GG,GT,CC,GG,CC,TT,TT,AA,TT,AG,GG,TT,TT,CC,CC,GT,AA,AA,GG,CC,TT,AT,AA,GT,AA,AA,GT,TT,AA,TT,TT,CC,GG,TT,GT,AG,TT,CC,AA,AG,AC,TT,GG,TT,TT,GG,GG,GG,CC,AT,AG,AA,AA,CC,TT,CC,TT,CT,TT,TT,AG,TT,CC,GT,CC,CC,CG,AA,AA,TT,TT,CC,NN,AG,AA,CT,GG,TT,CC,TT,AA,AA,TT,CC,AG,CC,GG,CC,GG,CC,AA,CC,CC,CC,CC,AA,TT,CC,AA,CC,CC,AA,TT,AA,AA,GG,CC,CC,GG,NN,AG,AT,CC,GT,CC,CG,AA,AG,GG,TT,GG,AC,GT,TT,GG,AA,GT,GT,NN,CC,AT,TT,TT,TT,TT,CG,CC,AG,CT,CC,CC,CG,AC,AA,GG,AG,CC,TT,CC,GT,TT,CG,TT,AA,AG,TT,CC,GG,AC,CC,CG,NN,AG,CC,GG,TT,AC,AA,CC,GG,AA,CC,AA,AA,GG,TT,AT,AT,NN,GT,AT,CG,TT,GG,AA,AG,AG,TT,AC,TT,CC,TT,AC,CC,CT,GG,AA,CG,AA,CC,TT,CT,GT,GG,TT,AA,CC,AA,GG,CC,CG,GG,CC,GG,AT,AA,CC,TT,AG,CC,CC,AA,GG,CC,AT,CC,AA,AA,CC,CC,AC,TT,AA,CG,AA,AA,CC,AA,GG,AA,AA,AA,TT,GG,AA,AA,AC,CC,CT,AA,AG,GG,GG,CG,GT,AA,AG,GT,TT,TT,AA,AT,GG,CG,AC,2.68,Resistant,Low,Poor,Early
L0251,Anantapur,Andhra Pradesh,Kharif,Red Sandy,Rainfed,390,31.0,52,CC,TT,AG,AG,GG,CC,GG,AT,CC,GG,AA,CC,CG,TT,TT,GT,CG,TT,TT,AA,CG,NN,TT,CC,TT,CC,GT,TT,GT,AA,TT,CC,AG,CC,GG,GG,NN,CG,GG,CC,TT,TT,AA,TT,AG,AG,TT,TT,CC,AA,GG,AA,AA,GG,CC,GT,AA,AA,GT,AC,AG,GT,TT,AA,TT,TT,CC,GG,TT,GT,AA,GG,CC,AA,GG,AA,AT,GG,TT,TT,GG,GG,GT,CC,AA,GG,AA,AA,CC,GG,AC,TT,CC,TT,TT,GG,TT,CC,TT,CC,CC,CC,GG,AA,TT,TT,CC,AA,AG,AA,CC,GG,TT,CG,TT,AA,AA,TT,CG,AG,CC,GG,CC,GG,CT,AA,CC,CC,CC,CC,AA,TT,CC,AA,CC,CC,AA,TT,AA,AA,GG,CC,CC,GG,AA,AG,AT,CC,GG,CC,CC,AA,AG,GG,TT,AG,AA,TT,CT,GG,AC,GG,TT,TT,CC,AA,TT,TT,AA,TT,CG,CC,AG,CC,AC,CC,GG,CC,AA,AG,AG,CC,TT,NN,GG,TT,NN,AT,AA,AA,TT,CC,CG,AC,CC,CC,GG,GG,AC,GG,TT,AA,AA,CC,GT,AA,CC,AT,AT,GT,TT,TT,AA,GG,GG,AA,CC,TT,TT,AA,GG,AA,TT,AA,TT,CG,TT,NN,CC,TT,CG,AA,CC,AG,CC,TT,CT,TT,GG,TT,AA,AA,AA,GG,CG,CG,CG,CC,GG,AT,AA,CG,TT,GG,CC,CC,AT,GG,CC,AA,CC,AA,AA,CC,CG,CC,TT,AA,GG,AA,AC,AA,AA,AG,AA,AA,AA,TT,GG,AA,AG,CC,AC,CT,AA,AG,GG,GG,CG,TT,AA,AA,GT,TT,TT,AG,TT,GG,CG,AC,3.53,Resistant,Low,Poor,Medium
L0252,Anantapur,Andhra Pradesh,Kharif,Red Sandy,Rainfed,390,31.0,52,AA,TT,GG,AG,GG,CC,GT,TT,CC,GG,NN,CC,CG,TT,TT,GT,GG,TT,TT,AA,CG,TT,TT,CC,TT,CC,TT,TT,GT,AA,TT,CT,AA,CC,GG,GG,GG,CC,GG,CC,TT,CT,AC,TT,AA,AG,TT,TT,CC,CC,GT,AA,AA,GG,NN,TT,AA,AC,GT,AC,AG,TT,TT,AA,NN,TT,CC,GG,TT,GG,AA,GT,CC,AA,GG,AA,AT,GG,TT,TT,GG,GG,GG,CC,AA,GG,NN,AT,CC,TT,CC,TT,CC,TT,TT,GG,TT,CC,TT,CC,CC,CG,AA,AG,AT,TT,CC,AA,AG,NN,CC,GG,GT,CG,NN,NN,AA,TT,CC,GG,CC,GG,TT,GG,TT,AG,CC,CC,CC,CC,AA,TT,AC,AA,CC,CC,AA,TT,AA,AA,GG,CC,CC,GG,AG,AA,AA,CC,GG,CC,GG,AA,AA,AG,TT,GG,AA,TT,CT,GG,CC,GT,GT,TT,CC,AA,GG,TT,AA,AT,GG,CC,AA,CT,CC,CC,GG,CC,AA,GG,GG,CC,TT,CC,TT,GT,GG,TT,AA,AA,TT,CC,GG,AA,AC,CC,GG,AG,AC,GG,TT,AA,AA,CC,GG,AA,AC,AA,AT,GG,TT,TT,AA,GG,TT,AA,CC,TT,GG,AA,GG,AA,CT,AA,TT,CG,CT,AC,CC,CC,CC,GG,CC,AG,CC,TT,CT,GT,GG,TT,AC,CC,AG,GG,CC,CG,GG,CC,GG,AT,AA,CC,GT,GG,CC,CC,AA,AG,CC,TT,CG,AT,AA,CC,GG,AA,TT,AA,GG,AA,AA,AA,AA,AG,AA,AA,AA,AT,CG,AC,AA,AA,AA,TT,AA,AA,GG,AG,GG,TT,AA,AA,TT,TT,TT,AA,AT,GG,GG,AA,0.48,Susceptible,Medium,Premium,Early
L0253,Anantapur,Andhra Pradesh,Kharif,Red Sandy,Rainfed,390,31.0,52,CC,CT,GG,AG,GG,CC,GG,AT,CC,CG,AA,NN,CC,TT,TT,GG,GG,TT,TT,AG,CC,TT,GT,CC,TT,CC,TT,TT,GG,AA,TT,CT,AA,CC,GG,GG,GG,CC,GG,AC,TT,CT,AA,TT,AA,GG,TT,AT,CC,AC,GT,TT,AA,GG,CC,GT,AA,CC,GT,AA,AA,TT,AT,AG,CT,AT,CC,GG,TT,TT,AA,GG,CC,AA,GG,AA,AA,GG,TT,TT,GG,GG,GG,CC,AA,GG,AA,AA,CC,TT,CC,TT,CC,NN,GT,GG,TT,CC,TT,CC,TT,CC,GG,AA,AT,TT,CC,AA,AA,AA,CC,GG,TT,CC,TT,AC,AA,TT,CC,AG,CC,AG,CC,GT,CT,GG,CC,CC,CC,CC,AA,TT,CC,AA,CC,CC,AA,TT,AA,AA,CG,CC,CC,GG,AA,AG,AA,CC,GT,CC,CC,AA,GG,AG,TT,GG,AC,TT,CT,GG,CC,GG,TT,TT,CG,AA,TT,CT,AA,TT,GG,CC,AA,CC,CC,CC,GG,CC,AA,GG,AG,CC,TT,CC,GG,TT,GG,TT,AA,AG,TT,CC,CC,AA,AC,CC,GG,AG,AA,GG,TT,AC,AA,CC,GG,TT,AA,AA,AA,GG,TT,AT,AT,GG,GG,AT,CC,AT,GT,AA,GG,AA,TT,AA,TT,CG,TT,AA,CC,TT,GG,AA,CC,GG,CC,TT,TT,GT,GG,TT,AA,CC,AA,GG,CC,CG,GG,CC,GG,TT,AA,CC,GT,AG,CC,CC,AT,AG,CC,AT,CC,AA,AA,AC,CC,AC,TT,AA,GG,AA,AA,AA,AA,GG,AG,AA,AA,TT,GG,NN,AA,AC,AA,CT,AA,AA,GG,GG,GG,TT,AA,AA,TT,TT,TT,AA,TT,GG,GG,AA,5.59,Susceptible,Low,Premium,Late
L0254,Anantapur,Andhra Pradesh,Kharif,Red Sandy,Rainfed,390,31.0,52,AA,CT,AG,AG,GG,CC,GG,TT,CC,CG,NN,CC,GG,AT,TT,GG,GG,TT,TT,AA,CC,TT,TT,CT,TT,CC,TT,TT,GG,AA,TT,CT,AA,CC,GG,GG,GG,CG,GG,CC,TT,TT,AC,TT,AA,GG,TT,AT,CC,AC,GG,AA,AA,GG,CC,TT,AA,AA,TT,AA,AA,TT,TT,AA,TT,TT,CC,GG,TT,GT,AA,GG,AC,AA,AG,AA,AA,GG,TT,TT,GG,GG,GG,CC,AT,GG,AA,AA,CC,GT,AC,GT,CT,TT,TT,GG,TT,CC,TT,CT,CT,GG,AG,AA,TT,TT,CC,AA,AG,AC,CC,GT,TT,CC,TT,AC,AA,TT,CC,GG,CC,AG,CT,GG,CC,AA,CT,CC,AC,CC,AA,TT,AC,AA,CC,CC,AA,TT,AA,AA,GG,CC,CC,GG,AA,AG,AA,AC,GG,CC,CC,AA,AG,GG,TT,GG,AC,GT,CC,GG,CC,TT,GT,TT,NN,AA,GG,TT,TT,TT,CG,CC,AA,CT,CC,CC,GG,CC,AA,GG,AG,CC,TT,CC,GG,GT,GG,AT,AA,AG,TT,CC,GG,AA,CC,CC,GG,GG,AA,GG,TT,AC,AA,CC,GG,AA,AC,AA,AA,GG,TT,AA,AA,GG,GG,AT,CC,TT,TT,AA,GG,AA,CT,AA,TT,CC,CT,AC,CC,TT,GG,AA,CC,AG,CC,TT,CT,GT,GG,AT,AC,AC,AG,GG,CC,CC,GG,CC,GG,AT,AA,CG,GT,GG,CC,CG,AA,GG,CC,AA,CC,AA,AA,CC,GG,CC,TT,AA,GG,AA,AC,AA,AA,GG,NN,AA,AA,TT,GG,AC,AA,CC,NN,TT,AA,AA,GG,GG,CG,TT,AT,AA,TT,TT,TT,AG,AA,GG,CG,AA,3.29,Moderate,Low,Premium,Early
L0255,Anantapur,Andhra Pradesh,Kharif,Red Sandy,Rainfed,390,31.0,52,CC,CT,GG,AG,GG,CG,GT,TT,CC,CC,AA,CT,CC,TT,GT,GG,CG,TT,NN,AA,CC,GT,GT,CC,TT,CC,TT,TT,TT,AA,CT,CT,AA,CC,GG,GG,GG,CC,GG,AC,TT,CC,AA,TT,AA,AG,TT,TT,CC,CC,GT,AA,AA,GG,CC,TT,AA,AA,GG,AA,AG,TT,TT,AG,TT,AT,CC,GT,TT,GG,AA,GG,CC,AA,GG,AC,AT,GG,TT,TT,GG,GT,GG,CC,AT,GG,AA,AA,CC,TT,CC,TT,CC,TT,TT,GG,NN,CC,GT,CC,CC,CG,AG,AA,TT,TT,CC,AG,AA,AA,TT,GG,GT,CC,GT,AA,AA,TT,CC,GG,CC,GG,CC,GT,TT,AG,CC,CG,CC,CC,AA,TT,CC,AA,CC,CC,AA,TT,AG,AA,CC,CC,CC,GG,AA,AA,AA,CC,GG,CC,CC,AA,AA,GG,TT,AG,AA,GT,CT,AG,CC,GG,TT,TT,CC,AA,TT,TT,AT,TT,GG,CC,AG,CC,CC,AC,GG,CC,AA,GG,GG,CC,TT,CC,GT,TT,GG,TT,AA,AA,TT,NN,GG,AA,CC,CC,CG,GG,AA,GG,NN,AC,AA,CC,GG,AA,CC,AA,AT,GG,TT,AT,AA,GG,GT,AT,CC,TT,GT,AA,GG,AA,CT,AA,TT,CC,CT,AC,CC,CC,GG,NN,CG,AG,CC,AT,TT,GT,GG,TT,AA,AC,AA,GT,CC,GG,GG,CC,GG,AA,AG,CC,GT,GG,CC,CC,AA,AG,CC,AT,CC,AA,AA,AC,CC,NN,TT,AA,GG,AA,AA,AC,AA,GG,AA,AA,AA,TT,GG,CC,AA,AC,AA,CT,AG,AA,GG,GG,CG,TT,AT,AA,TT,TT,TT,AG,AT,GG,GG,AC,3.62,Resistant,Medium,Standard,Late
L0256,Anantapur,Andhra Pradesh,Kharif,Red Sandy,Rainfed,390,31.0,52,CC,TT,GG,AA,GG,CC,GT,TT,CC,CC,AT,CC,CG,AT,TT,GT,CC,TT,TT,GG,CC,GT,TT,CC,TT,CT,TT,TT,GG,AA,TT,CC,AA,CC,GG,GG,GG,CG,GG,CC,TT,CT,AC,TT,AA,AG,TT,AT,CC,CC,GT,AA,AA,GG,CT,TT,AA,AA,GT,AA,AA,TT,TT,AA,TT,AT,CC,GG,TT,GG,AA,GG,CC,AA,GG,AA,AA,GG,TT,TT,GG,GG,GG,CC,AA,GG,AA,AA,CC,TT,CC,NN,CT,TT,TT,GG,TT,NN,TT,CT,CC,CC,AG,AA,TT,TT,CC,AA,AG,AA,CT,GG,TT,CC,TT,AC,AA,TT,CC,GG,CC,GG,CC,GT,CT,AA,NN,CC,CC,CC,AA,TT,CC,AA,CC,CC,AA,AT,AA,AA,GG,CC,CC,GG,AA,GG,AT,CC,GT,CC,CG,AA,AA,AG,TT,AG,AC,TT,CC,GG,AC,GG,TT,CT,CC,AT,GT,CT,AA,TT,GG,CC,NN,NN,AC,CC,CG,CC,AA,GG,AG,CC,NN,CG,GG,TT,GG,TT,AA,AG,TT,CC,CG,AC,CC,CC,GG,GG,AA,CG,TT,AC,AA,CC,GT,AT,AA,AT,AT,GG,TT,TT,AT,GG,GG,AT,CC,TT,GT,AA,GG,AA,CT,AA,TT,CC,CT,AC,CC,CT,GG,AA,CC,AG,CC,TT,TT,GT,GG,TT,AA,CC,AA,GG,CC,CC,GG,CC,GG,AT,AG,CG,TT,GG,CC,CC,AA,GG,CG,AA,CC,AT,AA,CC,CC,AA,TT,AA,GG,AA,AA,AA,AA,AA,AG,AA,AA,TT,GG,CC,AG,CC,AC,CT,AA,AG,GG,GG,GG,GT,AT,AA,TT,TT,TT,GG,TT,GG,CG,AA,6.08,Susceptible,Low,Poor,Late
L0257,Anantapur,Andhra Pradesh,Kharif,Red Sandy,Rainfed,390,31.0,52,AA,CT,AG,NN,GG,CG,GG,TT,CG,GG,AA,CC,CG,AT,TT,GT,CG,TT,TT,AG,CC,GT,TT,CT,AT,CC,TT,TT,GG,AA,TT,CC,AA,CC,GG,CG,NN,CC,GT,AC,TT,CT,AA,TT,AA,GG,TT,TT,CC,AC,GG,NN,AG,GG,CC,GT,AA,AC,GG,AA,AA,TT,TT,AA,TT,AT,CC,GT,TT,GG,AG,GG,CC,AA,GG,NN,AT,AG,TT,TT,GG,GG,GG,CC,AT,GG,AA,AA,CC,TT,CC,TT,CT,TT,GG,GG,CT,CC,TT,CC,CC,CG,GG,AG,AT,TT,CC,AA,AG,AA,CC,GT,TT,CC,TT,AA,AA,TT,CC,GG,CG,GG,CC,GG,CT,AA,CT,CC,AC,CC,AA,GT,CC,AA,CC,CT,AA,TT,AA,AT,GG,CC,CC,GG,AG,AG,AA,AC,GT,CG,GG,AA,AA,GG,TT,AG,AA,GT,CC,AG,CC,TT,TT,TT,CG,AT,TT,TT,NN,TT,GG,CG,AA,CC,CC,CC,CG,CC,AA,GG,AA,CC,TT,CG,NN,TT,NN,TT,AA,AG,TT,CC,CC,AA,CC,CC,GG,GG,AC,GG,TT,AC,AA,CC,GG,AT,CC,AA,AA,GG,TT,AA,AT,GG,GT,AA,CG,AT,GT,AA,GG,AA,TT,AC,TT,CC,CT,NN,CC,CT,GG,NN,CC,AG,CC,TT,TT,TT,CG,AT,AA,AC,AA,GG,CG,CG,GG,CC,GG,AT,AA,CC,TT,GG,CC,CC,AA,AG,CC,AA,CG,AA,AA,CC,CC,AC,TT,AA,GG,AA,AA,AC,AA,AG,AG,AA,AA,AT,GG,AA,AA,AC,AC,CT,AA,AA,GG,GG,GG,TT,AA,AA,TT,TT,TT,AG,AT,GG,CG,AA,4.88,Susceptible,Low,Premium,Medium
L0258,Anantapur,Andhra Pradesh,Kharif,Red Sandy,Rainfed,390,31.0,52,AC,TT,AG,AA,GG,CC,GT,TT,CC,CC,AA,CC,CG,TT,TT,TT,GG,TT,TT,AG,CG,GT,TT,CC,TT,CC,GT,TT,GG,AA,TT,CC,AA,CC,AG,GG,GG,CC,GG,CC,TT,CT,AA,TT,AA,AG,TT,TT,CC,CC,GG,AA,AA,GG,CC,TT,AT,AA,GT,AC,AG,TT,TT,AA,NN,TT,CC,GG,TT,GG,AG,GG,CC,AA,GG,AA,AT,GG,TT,TT,GG,GG,GT,CC,AA,GG,AA,AA,CC,GT,CC,TT,CC,TT,TT,GG,TT,CC,GT,CC,TT,CC,GG,AA,TT,TT,NN,AA,AA,AA,CT,GG,TT,CC,TT,AA,AA,TT,CG,GG,CC,AG,CC,GG,TT,AG,CT,CC,CC,CC,AA,TT,CC,AA,CC,CT,AA,TT,AG,AA,GG,CT,CC,AG,AG,AG,AA,AC,GG,CC,CC,AG,AG,AG,TT,GG,AA,GT,CT,GG,AC,GT,TT,CT,CC,AA,GT,TT,AA,TT,CG,CC,AG,CT,CC,CC,GG,CC,AA,GG,GG,CC,TT,CG,GG,GT,GG,AT,NN,AG,TT,CC,GG,AA,CC,CC,GG,GG,NN,CC,TT,AA,AA,CC,GG,AA,CC,AA,AT,GT,TT,TT,AT,CG,TT,AA,CC,AT,TT,AA,GG,AA,CC,AC,TT,CC,TT,AC,AA,TT,GG,AG,CG,AG,AC,TT,TT,GT,GG,TT,AA,AC,AA,GG,CC,CC,GG,CC,GG,TT,AA,CC,GT,GG,CC,CC,AA,GG,CC,AA,CC,AT,NN,AC,CC,AC,TT,AG,GG,AA,AA,AA,AA,AG,AG,AG,AA,TT,GG,AC,AA,CC,AC,CC,AA,AA,GG,GG,GG,TT,AA,AA,GT,TT,TT,AG,TT,GG,CG,AA,0.72,Susceptible,Medium,Poor,Late
L0259,Anantapur,Andhra Pradesh,Kharif,Red Sandy,Rainfed,390,31.0,52,CC,CT,AG,GG,GG,CC,GG,AA,CC,CG,AT,CC,CG,TT,TT,GT,GG,TT,AT,AA,CC,GT,GG,CT,TT,CC,TT,TT,GT,AA,TT,CT,AA,CC,GG,GG,GG,GG,GG,CC,TT,CT,AA,TT,AA,AG,TT,TT,CG,CC,GG,AA,AA,GG,CC,TT,AA,AC,GG,AA,AA,TT,AT,AG,TT,TT,CC,GG,CT,GG,AG,GG,CC,AA,AG,AA,AA,AG,TT,TT,GG,GG,GG,CC,AA,GG,AA,AA,CC,TT,AC,TT,CT,NN,GT,GG,TT,CC,TT,CC,CC,CC,AG,NN,TT,TT,CC,AA,GG,AC,NN,GT,TT,CC,GT,AA,AA,TT,CC,GG,CC,GG,CC,GT,CT,AA,CC,CC,CC,CC,AA,TT,CC,AA,CC,CC,AA,TT,AG,AA,GG,CC,CC,NN,AA,AG,AT,CC,GG,CC,CC,AA,AA,GG,GT,AG,AA,GT,TT,AG,AC,TT,GT,CT,CC,AA,GT,CT,AA,AT,GG,CC,AA,CT,CC,AC,GG,CC,AA,GG,AA,CC,TT,CC,GT,TT,CC,AA,AG,AA,GT,CC,GG,AA,CC,CC,GG,GG,CC,GG,TT,AA,AG,CC,GT,AT,CC,AA,NN,GG,TT,AT,AT,CG,GG,AA,CG,AT,GT,AA,GG,AA,TT,AA,TT,CC,TT,AA,CC,TT,GG,AA,CC,AG,CC,AT,CT,TT,GG,TT,AA,CC,AG,GG,CC,CG,GG,CC,GG,NN,AG,CC,GT,GG,CC,CC,AA,AG,CC,AA,CG,AT,AA,CC,CC,CC,TT,AG,GG,AA,AA,AC,AA,AG,AA,AA,AG,TT,GG,AA,AG,AA,AA,CC,AG,AA,CG,GG,GG,TT,AA,AG,TT,TT,TT,AA,AT,GG,GG,AA,2.78,Moderate,Low,Poor,Early
L0260,Anantapur,Andhra Pradesh,Kharif,Red Sandy,Rainfed,390,31.0,52,CC,TT,GG,AA,GG,CC,GT,TT,CC,GG,AT,CT,GG,AT,TT,GG,CC,TT,TT,AA,CC,TT,GT,CC,TT,CC,TT,TT,GT,AA,CT,CT,AA,CC,NN,GG,GG,CC,GT,CC,TT,TT,AA,TT,AG,GG,TT,TT,CC,CC,GG,AA,AA,GG,CC,TT,AA,AA,GG,AA,AA,TT,AT,AA,CT,AT,CC,GG,TT,NN,NN,GG,CC,NN,AG,AA,AA,GG,TT,TT,GG,TT,GG,CC,AT,GG,AA,AA,CC,GT,CC,GT,CC,TT,GT,GG,CT,CC,TT,CC,CC,CC,AG,AA,TT,GT,CC,AA,AA,AA,CT,GG,TT,CC,GT,AA,AA,TT,CC,AA,CG,AG,CC,GG,CT,AA,CC,CC,CC,CC,AG,TT,CC,AC,CC,CC,AA,TT,AA,AA,CG,CT,CG,GG,AA,AG,AA,CC,TT,CC,CC,AA,AA,GG,TT,GG,AC,TT,CC,AG,CC,GG,TT,TT,CC,AA,TT,TT,AA,AA,GG,CC,AG,CT,CC,CC,CC,CC,AA,GG,GG,CC,GT,CC,TT,TT,CG,TT,AA,AG,TT,CC,GG,AA,AC,CC,GG,GG,AA,GG,TT,AC,AA,CC,NN,AA,CC,AA,AT,GT,GT,AT,AT,GG,GT,AA,CC,AT,TT,AA,GG,AA,CT,AA,TT,CC,CT,AC,CC,CT,GG,AG,CC,AG,CC,TT,TT,GT,GG,TT,AC,CC,AG,GG,CC,CC,GG,CG,GG,AT,NN,CG,NN,GG,CC,CG,AA,AG,CC,AA,CG,AA,AA,CC,CC,CC,AT,AG,GG,AA,AC,AA,AA,AG,AA,AA,AA,TT,CG,AA,AG,CC,AA,CT,AG,AA,GG,GG,GG,TT,AA,AA,TT,TT,TT,AA,AT,GG,GG,AA,3.7,Susceptible,Low,Standard,Medium
L0261,Anantapur,Andhra Pradesh,Kharif,Red Sandy,Rainfed,390,31.0,52,CC,TT,GG,AA,GG,CC,GT,TT,CC,GG,AA,CC,CG,TT,GT,GG,GG,TT,AT,AG,CC,TT,TT,CC,AT,CC,GT,TT,GG,AA,TT,CC,AA,CC,AG,GG,GG,CC,GG,CC,GT,CC,AA,TT,AG,GG,CT,TT,CC,AC,GG,AA,AA,GG,CT,TT,AA,AA,GG,AA,AA,TT,AT,AG,TT,TT,NN,GG,TT,GG,AA,GG,CC,AG,GG,AA,AA,GG,TT,TT,GG,GT,GG,CC,AA,GG,AA,AT,CC,TT,CC,TT,CC,TT,GT,GG,CT,CC,TT,CC,CT,CG,AA,AA,TT,TT,CG,AA,AA,AA,CC,NN,TT,CC,TT,AA,AA,TT,CG,AG,CG,GG,CC,TT,TT,AG,CC,CC,CC,CC,AG,TT,CC,AA,CC,CC,AA,AT,AG,AA,GG,CT,CC,GG,AA,AA,AA,CC,GT,CC,CC,GG,AG,GG,TT,GG,AA,TT,CT,GG,AC,TT,TT,CT,CC,AA,TT,TT,AA,TT,GG,CC,AA,CT,CC,AC,CG,AC,AA,AG,AG,CC,TT,CC,GT,TT,GG,AT,AA,AA,TT,CC,GG,AA,AC,CC,GG,GG,AA,GG,TT,AA,AA,CC,GT,AT,CC,AA,AT,GT,TT,TT,AT,CG,GT,TT,CC,TT,TT,AA,GG,AA,TT,AA,TT,CC,TT,AC,CC,TT,GG,AG,CC,GG,CC,TT,CT,TT,GG,TT,AC,CC,AG,NN,CG,CG,GG,CC,GG,AT,AA,CC,GG,GG,CC,CC,AA,GG,CC,AA,CC,AA,AA,CC,CG,NN,TT,AA,GG,AA,AA,AA,AA,AA,AA,AA,AA,TT,CG,AA,AG,AC,AA,CT,AA,AA,GG,GG,CG,TT,AA,GG,TT,TT,TT,AA,NN,GG,GG,AA,2.51,Resistant,Medium,Standard,Medium
L0262,Anantapur,Andhra Pradesh,Kharif,Red Sandy,Rainfed,390,31.0,52,AC,TT,AA,GG,GG,CC,GG,AT,CC,NN,AA,CC,CC,TT,TT,GG,CG,TT,TT,AA,CC,GT,TT,CC,TT,CC,TT,AT,GG,AA,TT,CC,AA,CC,GG,GG,GG,CC,GG,CC,TT,TT,AA,TT,AA,GG,TT,TT,CC,AA,GG,AA,AA,GG,CC,TT,AA,AA,TT,AA,AA,TT,TT,AA,TT,AT,CC,GG,TT,GG,AA,GG,CC,AA,GG,AA,AA,GG,NN,TT,AG,GT,GT,CC,AT,GG,AA,AT,CC,GG,CC,TT,CC,AT,GT,GG,TT,CC,TT,CC,CC,CC,AG,AA,TT,TT,GG,NN,AA,AA,CC,GG,TT,CC,TT,AA,AA,TT,CC,GG,CG,GG,CC,GG,TT,AA,CC,CC,CC,CC,AA,TT,CC,AA,CC,CC,AA,AT,AA,AT,GG,CC,CC,GG,AA,AG,AA,AC,GG,CG,CC,AA,AA,GG,TT,NN,AA,GT,CT,GG,CC,GT,TT,NN,CG,AT,GT,TT,AA,TT,GG,CC,AG,CC,CC,CC,NN,CC,AA,GG,AA,CC,TT,CC,TT,TT,GG,TT,AA,AA,TT,AC,GG,AC,AC,CC,GG,GG,CC,GG,TT,AC,AA,CC,GG,AT,NN,AA,AA,GG,GT,TT,AA,GG,TT,AT,CC,AA,GT,AA,GG,AG,TT,AA,TT,CC,CT,AA,CC,TT,GG,AA,CC,AG,CC,AT,TT,GG,GG,TT,AA,CC,AG,GG,CC,CG,GG,CC,GG,AT,AA,CC,GG,GG,CG,CC,AA,GG,CG,AA,CC,AT,NN,AC,CG,AC,TT,AA,GG,AA,AA,AA,AA,AA,AG,NN,AA,TT,GG,AA,AA,AC,AC,CT,AA,AA,GG,GG,GG,TT,AA,AA,TT,TT,TT,AG,AT,GG,GG,AA,1.49,Susceptible,Low,Premium,Early
L0263,Anantapur,Andhra Pradesh,Kharif,Red Sandy,Rainfed,390,31.0,52,AA,TT,AG,NN,GG,CC,GG,TT,CC,CG,AA,CC,CC,TT,TT,GG,CC,TT,TT,AA,CC,TT,GT,CC,TT,CC,TT,TT,GG,AA,TT,CC,AA,CC,GG,CG,GG,CG,GG,CC,TT,CT,AA,GT,AA,GG,TT,TT,CG,AA,GG,AT,AA,GG,CT,TT,AT,AA,GG,AC,AA,TT,TT,AG,TT,TT,CC,GG,TT,GT,AA,GG,AC,AA,GG,AC,AA,GG,TT,TT,GG,GT,GG,CC,AT,GG,AA,AA,CC,GT,CC,TT,TT,TT,GT,GG,TT,CC,TT,CC,CC,CG,AA,AA,TT,TT,CG,AA,AG,AA,CC,GG,TT,CC,TT,AC,AA,TT,CC,AG,CG,AA,CC,GG,TT,AA,CT,CC,CC,CC,AG,TT,CC,AA,CC,CC,NN,TT,AA,AA,GG,CC,CC,GG,AA,AG,AA,CC,GG,CC,CC,AA,AG,AG,NN,AG,AC,TT,CT,GG,AC,TT,GT,TT,NN,AA,GT,NN,AA,TT,GG,CC,AA,TT,CC,AC,CG,CC,AA,GG,NN,CC,TT,CC,GT,TT,GG,AT,AA,AG,TT,AC,GG,AA,CC,CC,GG,GG,AC,GG,TT,AA,AA,CC,GG,AA,AC,AA,AA,GG,TT,TT,AT,GG,GT,AA,CC,AT,TT,AA,GG,AA,CT,AA,TT,CG,TT,AA,CC,CT,GG,AA,CC,NN,CC,TT,CT,TT,GG,TT,AA,AC,AG,GG,CC,CC,GG,CC,GG,TT,AG,CG,GT,GG,CC,NN,AT,GG,CC,AT,CC,AA,AA,CC,CC,AA,TT,AA,GG,AA,AA,AC,AC,NN,AG,AG,AA,AT,CC,AA,NN,AC,AA,CT,AG,AA,CG,GG,GG,TT,AA,AA,TT,NN,TT,AG,TT,GG,CG,AC,3.79,Moderate,High,Standard,Medium
L0264,Anantapur,Andhra Pradesh,Kharif,Red Sandy,Rainfed,390,31.0,52,AC,TT,GG,AA,GG,CC,GG,TT,CC,CG,AA,CT,CG,AT,TT,GT,CG,TT,TT,AA,CC,TT,GT,CC,TT,CC,TT,TT,GG,AA,TT,CC,AA,CC,GG,GG,GG,CG,GG,CC,TT,TT,AA,TT,AA,GG,TT,TT,CC,AC,GG,AT,AA,GG,CC,TT,AA,CC,GT,AA,AA,TT,AT,AG,TT,AT,CC,GG,TT,GT,GG,GG,CC,AA,AG,AA,AA,GG,TT,TT,GG,GT,GG,CC,AA,GG,AA,AA,CC,TT,CC,TT,CC,TT,GT,GG,TT,CC,GG,CC,CC,CC,AG,AA,TT,TT,CC,AA,AG,AA,CC,GG,TT,CC,TT,AA,AC,TT,CC,AG,CC,GG,CC,TT,TT,AA,CC,CC,CC,CC,AA,TT,CC,AA,CC,CC,AA,TT,AG,AA,CG,CC,CC,GG,AG,AA,TT,CC,GG,CC,CC,AA,AA,GG,GT,GG,AC,TT,TT,GG,AC,GG,TT,TT,CC,AA,TT,CT,AA,TT,GG,CC,AA,CC,CC,CC,CC,CC,AA,GG,AG,CC,TT,CG,GG,TT,CG,TT,AA,AA,TT,AC,GG,AA,CC,CC,GG,GG,AC,CG,TT,AC,AA,CC,GG,AT,CC,AA,AA,TT,GT,AT,AA,GG,GG,AA,CC,AA,TT,AA,GG,AA,CT,AC,TT,CC,NN,AA,CC,TT,CG,AG,CC,AG,CC,TT,TT,TT,GG,TT,AA,AC,AA,GT,CC,CG,GG,CC,GG,AT,AG,CG,GT,GG,CC,CC,AA,GG,CC,AT,CC,AT,AA,AC,CC,AC,AT,AA,GG,AA,AA,AC,AA,AG,AA,GG,AA,AT,GG,AA,AA,CC,CC,TT,AA,AA,GG,AG,CG,TT,AA,AA,TT,TT,TT,AA,AT,GG,CG,AC,2.72,Resistant,Low,Poor,Late
L0265,Anantapur,Andhra Pradesh,Kharif,Red Sandy,Rainfed,390,31.0,52,AC,CT,GG,AG,GG,CG,GT,TT,CC,GG,AA,CT,CC,TT,TT,GG,CG,TT,TT,AG,CC,GT,TT,CC,TT,CC,TT,TT,GT,AA,TT,TT,AA,CC,GG,GG,GG,CC,GG,CC,TT,CT,AA,GT,AG,AG,TT,TT,CC,AC,GG,AA,AG,GG,CT,TT,AT,AA,GT,AA,AA,TT,TT,AG,TT,TT,CC,GG,TT,GT,AA,GG,CC,AA,GG,AC,AT,GG,TT,TT,AG,GG,GG,CC,AA,GG,NN,AA,CC,GT,CC,TT,CT,TT,TT,GG,TT,AA,TT,CC,CC,CG,AG,AA,TT,TT,NN,AA,GG,AA,CT,GG,TT,CC,TT,CC,AA,TT,CC,NN,CC,GG,CC,GT,TT,AG,CC,CC,CC,CC,AG,TT,CC,AA,CC,CT,AA,TT,AG,AT,CG,CT,NN,GG,AG,GG,AA,CC,GT,CC,CG,AA,AA,GG,TT,AG,AC,TT,TT,GG,CC,GT,GT,TT,CC,AA,TT,CT,AA,TT,GG,CC,AA,CT,CC,CC,GG,AA,AA,GG,GG,CC,TT,CC,GG,TT,GG,AA,AA,AA,TT,AC,CG,AC,CC,CC,GG,GG,AC,GG,TT,AA,AA,CC,GG,AA,AC,AA,AA,GG,GT,TT,AA,CG,GG,TT,CG,TT,TT,AA,GG,AA,TT,AA,TT,CC,TT,AC,CC,TT,CG,AA,CG,AA,CC,TT,CT,GT,CG,TT,AA,CC,AA,GG,CC,CC,GG,CC,GG,TT,AG,GG,TT,GG,CC,CG,AA,GG,CC,AA,CC,AA,AA,CC,CG,AC,TT,AA,CG,AA,AA,AA,AA,AG,AG,AG,AA,TT,CG,AC,AG,CC,CC,TT,AA,AA,GG,GG,GG,TT,AT,AG,TT,TT,TT,AG,AT,GG,GG,AA,2.25,Moderate,High,Premium,Medium
L0266,Anantapur,Andhra Pradesh,Kharif,Red Sandy,Rainfed,390,31.0,52,AC,CT,GG,AA,GG,CC,GG,TT,CC,CC,AA,CC,CG,TT,GT,GT,GG,TT,TT,AA,CC,TT,TT,CC,TT,CC,TT,TT,GG,AA,CT,CC,AA,CC,GG,GG,GG,CC,GG,CC,TT,CT,AA,TT,AA,AG,TT,TT,CC,AA,GT,AA,AA,GG,CT,GT,AA,AC,GG,AC,AA,GT,AT,AG,TT,AT,CC,GG,TT,GG,AA,GG,AC,AA,GG,AA,AA,GG,TT,TT,GG,GG,GG,AC,AA,GG,AG,AA,CC,TT,CC,TT,CC,AT,TT,GG,TT,CC,TT,CC,CC,CG,AG,AA,TT,TT,CC,AG,AA,AA,CT,GG,TT,CG,GT,AC,AA,TT,CG,GG,CG,AG,CC,GT,CT,AA,CC,CC,CC,CC,AA,TT,CC,AA,CC,CC,AA,TT,AA,AA,GG,CT,CC,GG,AA,NN,AA,CC,GG,CC,CC,AA,AG,AA,TT,AG,AA,TT,CT,GG,CC,GT,NN,CT,CC,AA,TT,TT,AA,NN,GG,CC,AA,CC,CC,NN,CG,CC,AA,GG,AG,CC,TT,CC,GT,TT,GG,TT,AA,GG,TT,CC,GG,AA,CC,CC,GG,GG,AA,GG,TT,AC,AG,CC,GG,AA,CC,AA,AA,GG,TT,TT,AA,GG,TT,TT,CC,AT,TT,AA,GG,AG,CC,AA,TT,CC,CT,AA,CC,TT,CG,AA,CC,AA,AC,TT,CT,TT,GG,TT,AA,AC,NN,GG,CC,CG,GG,CC,GG,AA,AG,CC,GG,GG,CC,CC,AA,AG,CG,AA,NN,AA,AA,CC,GG,AC,TT,AA,GG,AA,AA,AA,AA,AA,AG,AG,AA,TT,GG,AA,AG,CC,AA,CT,AG,AA,GG,GG,CG,TT,AA,AA,TT,TT,TT,AG,TT,GG,GG,AA,6.26,Susceptible,Low,Premium,Medium
L0267,Anantapur,Andhra Pradesh,Kharif,Red Sandy,Rainfed,390,31.0,52,NN,CT,GG,AA,GG,CC,GG,TT,CC,CC,AA,CC,CC,TT,TT,GG,CG,TT,TT,AA,CG,TT,GT,CC,TT,CC,GT,TT,GG,AA,TT,CC,AA,AC,GG,GG,GG,CG,GG,CC,TT,CT,AC,GT,AA,AG,TT,TT,CC,AC,GG,AA,AG,GG,CC,TT,AT,AC,TT,AC,AA,TT,AT,AA,TT,TT,CT,NN,TT,GG,AG,GG,CC,AA,AG,AA,TT,GG,TT,TT,GG,GG,GG,CC,AT,GG,AG,AA,CC,NN,AC,GT,CT,AT,TT,GG,TT,CC,TT,CC,CC,CG,AG,AA,TT,TT,CG,AA,NN,AA,CC,GG,TT,CG,GT,NN,AA,TT,CG,GG,CC,GG,CC,GG,CT,AA,CC,CC,CC,CC,NN,TT,CC,AA,CC,CC,AA,TT,AA,AT,GG,CT,CC,GG,AA,AA,AA,AC,GT,NN,CC,AA,AA,GG,TT,AG,NN,TT,TT,GG,AC,TT,TT,TT,CG,AT,GT,CT,AA,AT,CG,CC,AG,CT,CC,CC,CC,CC,AA,GG,AG,CC,TT,CC,GG,GT,GG,AT,AA,AG,TT,CC,GG,AC,CC,CC,GG,GG,AA,GG,TT,CC,AG,CC,GT,AA,CC,AA,TT,GT,GT,TT,AA,CG,GT,AT,CC,TT,GG,AT,GG,NN,CT,AA,TT,CC,CT,AA,CC,TT,CC,AA,CC,GG,NN,AT,CT,TT,GG,TT,AC,AC,AA,GG,CC,CG,GG,CC,GG,TT,AA,CC,GT,GG,CC,CC,AA,GG,CC,AT,CC,AT,AA,AA,CC,AC,AT,AA,GG,AA,AA,AA,AA,GG,AG,AA,AA,TT,CG,AA,AA,CC,AC,CT,AA,AA,GG,GG,GG,TT,TT,AA,GT,TT,TT,AG,TT,GG,GG,AA,1.64,Moderate,Low,Poor,Early
L0268,Anantapur,Andhra Pradesh,Kharif,Red Sandy,Rainfed,390,31.0,52,AC,TT,GG,AG,GG,CC,GT,AT,CC,GG,AA,CT,CG,TT,TT,GG,GG,TT,AT,AA,CC,TT,GT,CC,AT,CC,TT,TT,GG,AA,TT,CC,AA,CC,GG,CG,GG,CG,GG,CC,TT,TT,AA,TT,AA,AG,TT,TT,CC,AA,GG,AA,AG,GG,CC,GT,AA,AC,GG,AA,AA,TT,AT,AA,TT,AT,CC,GG,TT,GT,AG,GG,CC,AA,GG,AA,AT,GG,TT,TT,GG,GT,GT,CC,TT,GG,AA,AA,CC,TT,CC,TT,CT,TT,TT,GG,TT,CC,GG,CC,CC,CG,AG,AA,TT,TT,CC,AG,AG,AA,CT,GG,TT,CC,TT,AA,AC,TT,CC,AG,CC,GG,CC,GT,TT,AA,CC,CC,AC,CC,AA,TT,CC,AA,CC,CC,AA,TT,AA,AA,GG,CC,CC,GG,AA,AA,AA,CC,GG,CC,CC,AG,AA,GG,TT,GG,AA,TT,CT,GG,AC,TT,TT,TT,CG,AA,TT,TT,AA,TT,GG,CC,AA,CT,CC,CC,GG,AC,AA,GG,AA,CC,TT,CC,GG,TT,CG,AT,AG,GG,TT,CC,GG,AA,AC,NN,CG,GG,AC,CG,TT,AA,AA,CC,GG,AA,AC,AA,AA,GT,TT,TT,AT,GG,TT,AA,CC,AT,TT,AA,GG,AA,CT,AA,TT,CG,TT,AC,CC,TT,CG,AG,CC,AG,CC,AT,CT,GT,GG,AT,AC,AC,AG,GG,CC,CG,GG,CC,GG,AA,AA,CC,TT,GG,CC,CC,AA,GG,CC,AT,CC,AA,AA,CC,CC,AC,TT,AA,CG,AA,AA,AA,AA,GG,AA,AA,AA,TT,CG,AA,AA,CC,AC,CT,AG,AG,GG,GG,GG,GT,AA,AA,TT,TT,TT,AA,TT,GG,CG,AA,3.31,Moderate,Medium,Poor,Late
L0269,Anantapur,Andhra Pradesh,Kharif,Red Sandy,Rainfed,390,31.0,52,AA,TT,GG,AA,GG,CC,GT,TT,CG,CG,AA,CT,CC,AA,GT,GT,CG,TT,AT,AA,CC,TT,GT,CC,TT,CC,TT,TT,GG,AA,TT,CT,AA,CC,GG,CG,GG,CC,GG,CC,TT,CT,AA,GT,AG,AA,TT,TT,CC,AC,GG,AA,AG,GG,CT,TT,AT,CC,TT,NN,AA,TT,TT,AA,TT,TT,CC,GG,TT,GG,AA,GT,CC,AG,AG,AA,AT,GG,GT,TT,GG,GG,GG,CC,AA,GG,AA,TT,CC,GT,CC,TT,CC,TT,TT,GG,TT,CC,TT,CC,CT,CG,GG,AA,TT,TT,CC,AA,AG,AA,CC,GG,TT,CC,TT,AC,AA,TT,CG,AG,CC,AG,CC,GT,TT,AA,CC,CC,CC,CC,AA,TT,CC,AA,CC,CC,AA,TT,AA,AA,GG,CT,CC,GG,AA,AG,AA,AC,TT,CC,CC,AA,AG,AG,TT,GG,AC,TT,TT,AG,CC,GT,TT,TT,CC,AT,TT,TT,AA,AT,GG,CC,GG,CT,AC,AC,CG,CC,AA,GG,AA,CC,TT,CC,GT,TT,CG,NN,AA,AA,TT,CC,CG,AA,AC,CC,CG,GG,AC,GG,TT,AA,AA,CG,GG,NN,CC,AA,AT,GT,TT,AT,AT,CG,GG,AA,CC,AT,TT,AA,GG,AA,CT,AA,TT,CC,TT,AC,AC,TT,CG,AA,NN,GG,CC,AT,TT,GT,GG,TT,NN,AC,AG,GT,CC,CC,GG,CC,GG,AT,AG,CC,GT,GG,CC,CC,AA,GG,CC,AT,CC,AA,AG,AC,CC,CC,TT,AA,GG,AA,AA,AA,AA,GG,GG,AA,AA,TT,GG,AC,AG,NN,AA,TT,AA,GG,GG,GG,GG,TT,AA,AA,GT,TT,AT,AA,TT,GG,GG,AA,1.24,Moderate,High,Poor,Medium
L0270,Anantapur,Andhra Pradesh,Kharif,Red Sandy,Rainfed,390,31.0,52,AC,TT,GG,AA,GG,CC,GG,TT,CC,CG,AA,CC,CG,TT,TT,GG,GG,TT,TT,AG,CC,TT,GT,CC,TT,CC,TT,TT,GG,AA,CT,CC,AA,CC,GG,GG,GG,CC,GG,CC,TT,CC,AC,TT,AA,AG,CT,AT,CC,CC,GG,AA,AA,NN,CC,NN,AA,AA,GG,AC,GG,TT,NN,GG,TT,TT,CC,GG,TT,GG,AA,GT,CC,AA,GG,AC,AA,GG,TT,TT,GG,GG,GG,CC,NN,GG,AA,AA,CG,TT,CC,GG,CC,TT,GT,GG,CT,CC,TT,CC,CT,CC,GG,AA,TT,TT,CC,AA,AA,AC,CT,GG,TT,CC,GT,AA,AA,TT,CC,AG,GG,GG,CC,GG,TT,AG,CC,CC,CC,CC,AA,TT,CC,AA,CC,CC,AG,TT,AA,AA,GG,CC,CC,GG,AA,AA,AA,CC,GG,CC,CC,AA,AG,AG,GT,GG,AA,TT,CT,GG,CC,TT,GT,TT,CG,AT,GT,TT,AT,TT,GG,CC,AA,CT,CC,CC,CG,CC,AA,GG,AA,CC,TT,CG,GT,GG,GG,AT,AA,AG,TT,AC,GG,AC,AC,CC,GG,GG,AA,GG,TT,AA,AA,CC,GG,AA,CC,AA,AT,GG,GT,TT,AA,CG,GT,TT,CG,AT,GT,AA,GG,AA,TT,AA,TT,CC,TT,AC,CC,TT,GG,AG,CC,AG,CC,TT,CT,TT,GG,AT,AA,AC,AA,GG,CC,CG,GG,CC,GG,TT,AA,CC,GT,GG,CG,CC,AA,AG,GG,AT,CG,AA,AA,AC,CC,AC,TT,AA,GG,AA,AC,AC,AA,GG,GG,AG,AA,TT,GG,AC,AA,CC,AC,CT,AA,AA,GG,GG,GG,TT,AA,AA,GT,TT,TT,AG,TT,GG,GG,AA,3.84,Moderate,Medium,Standard,Early
L0271,Anantapur,Andhra Pradesh,Kharif,Red Sandy,Rainfed,390,31.0,52,AA,TT,GG,AA,GG,CC,GT,TT,CC,CC,AA,CT,GG,AT,GT,GG,CG,AT,TT,AA,CC,TT,GT,CC,AT,CC,TT,AT,GG,AA,TT,CC,AA,CC,GG,GG,GG,CG,GG,CC,TT,TT,AC,GG,AA,AG,CT,AA,CC,AC,NN,AA,NN,GG,CC,TT,AA,AC,GT,AA,AA,TT,TT,AA,TT,TT,CC,GG,TT,GG,AA,GG,CC,AA,GG,AC,AA,NN,TT,TT,GG,GG,GT,CC,AT,GG,AA,AT,CC,TT,AC,TT,CC,TT,TT,GG,TT,AC,GT,CC,CC,CC,AG,AA,TT,TT,CG,AA,AA,AA,CC,GG,TT,CC,TT,AA,AA,TT,CC,GG,NN,GG,CC,GG,TT,AA,CC,CC,CC,CC,AA,TT,CC,AA,CC,CC,AA,AT,AA,AA,GG,CT,CC,GG,AA,AA,AA,CC,GT,CC,CC,AA,AA,GG,TT,GG,AA,TT,CT,GG,AC,GT,TT,CT,CC,TT,TT,TT,AT,TT,GG,CC,AG,CC,CC,CC,GG,CC,AA,GG,AA,CC,TT,CC,TT,TT,GG,TT,AA,AA,TT,AC,GG,AC,CC,CC,GG,GG,CC,GG,TT,AC,AA,CC,GG,AA,AC,AA,AA,GG,TT,AT,AA,GG,GG,TT,CC,TT,TT,AA,GG,AA,TT,AA,TT,CC,TT,AC,CC,CT,CG,AA,CC,AG,CC,TT,CT,GG,GG,TT,AA,CC,AG,GG,CC,CG,GG,CG,GG,TT,AA,CC,TT,GG,CG,CC,AA,GG,CC,AA,CC,AT,AA,CC,CG,CC,TT,AA,CG,AA,AA,AA,AA,AA,AA,AA,AA,TT,CG,AA,NN,CC,AA,CT,AA,AA,GG,AG,CG,TT,AT,AA,GT,TT,TT,GG,TT,GG,GG,AA,4.91,Moderate,Low,Premium,Late
L0272,Anantapur,Andhra Pradesh,Kharif,Red Sandy,Rainfed,390,31.0,52,AC,TT,GG,AA,GG,CC,GG,TT,CC,CG,AA,CC,CC,AT,TT,GG,CG,TT,TT,AA,CC,TT,GT,CC,AT,CC,TT,TT,GG,AA,TT,CC,AA,AC,GG,CG,GG,CC,GG,CC,TT,TT,AA,TT,AG,AA,TT,TT,CC,AA,GG,AA,AG,GG,CT,GT,AA,AA,GT,AA,AA,TT,AT,AG,TT,AT,CC,GG,TT,GG,AA,GG,CC,AA,AG,AA,AA,AG,TT,TT,GG,GG,GG,CC,AA,GG,AA,AA,CC,GT,AC,GT,CC,TT,GT,GG,TT,CC,TT,CC,CT,CG,GG,AA,TT,TT,CC,AA,GG,AA,CC,GT,TT,CG,TT,AA,AA,TT,CC,GG,CC,GG,CC,GG,CC,AA,CC,CC,CC,CC,AA,TT,CC,AA,CC,TT,AA,TT,AA,AA,GG,CC,CC,GG,AG,GG,AT,CC,GG,CC,CC,AA,AA,AG,TT,GG,AA,TT,TT,AG,CC,TT,TT,TT,CG,AT,GT,TT,AA,AT,GG,CC,AG,CC,CC,CC,CG,CC,AA,GG,NN,CC,TT,CC,GT,NN,GG,AT,AA,AA,TT,CC,GG,AA,CC,CC,GG,GG,AC,GG,TT,AC,AA,CG,GG,AA,CC,AA,AA,GT,GT,AT,AA,NN,GT,AA,CG,AT,NN,AA,GG,AA,TT,AC,TT,CC,CT,AA,CC,CT,CC,AA,CG,AG,CC,TT,CT,TT,CG,TT,AA,CC,AA,GG,CC,CG,GG,CC,GG,AT,AA,CC,GG,GG,CC,CC,AA,AA,CC,AT,CC,AT,AA,AC,CG,AC,TT,AA,GG,AA,AA,NN,AA,AG,AG,AA,AA,TT,GG,AC,AA,CC,AA,CT,AA,AA,GG,GG,GG,TT,AA,AA,TT,TT,TT,GG,TT,GG,GG,AA,4.16,Susceptible,Low,Poor,Early
L0273,Anantapur,Andhra Pradesh,Kharif,Red Sandy,Rainfed,390,31.0,52,AC,TT,GG,AA,GG,CC,GT,TT,CC,GG,AA,CC,CG,TT,TT,GG,GG,TT,TT,AA,CC,TT,GT,CT,TT,CC,NN,TT,GG,AA,TT,CC,AA,CC,NN,GG,GG,CG,GG,CC,TT,CT,AA,GT,AA,GG,TT,TT,CC,CC,GG,AA,AA,GG,CT,TT,AA,AC,GG,AA,AA,TT,TT,AG,TT,AT,CC,GG,TT,GT,AG,GG,AC,AG,AG,AA,AT,NN,GT,TT,GG,GG,GT,CC,AA,GG,AG,AA,CC,GG,CC,TT,TT,TT,GT,AG,CT,CC,GT,CT,CT,CC,AG,AA,TT,TT,CG,AA,AA,AA,CC,GG,TT,CC,TT,CC,AA,TT,CC,AG,CC,GG,CC,GT,NN,NN,CT,CC,CC,CG,AA,TT,AC,AC,CC,CC,AA,TT,GG,AT,GG,CT,CC,GG,AG,AG,AA,CC,GG,CC,CC,AA,AG,GG,TT,GG,AA,TT,TT,AG,CC,TT,TT,TT,CC,AA,TT,TT,AA,TT,GG,CC,AA,CT,AC,CC,GG,CC,AA,GG,AA,CC,TT,CC,GG,TT,GG,TT,AA,AA,GT,CC,CG,AC,AC,CC,GG,GG,CC,CG,TT,CC,AG,CC,GG,AA,CC,AA,AA,GG,TT,AT,AA,GG,GG,AT,CC,AT,GG,AA,GG,AA,CT,AA,AT,CC,TT,AA,AC,CC,GG,AA,CC,AG,AC,TT,TT,TT,GG,TT,AC,CC,AA,GG,CC,CC,GG,CC,GG,TT,AA,CC,TT,GG,CC,CC,AA,GG,CC,AT,CC,AA,AA,AC,CG,AC,TT,AA,GG,AA,CC,AA,AC,GG,AA,AA,AA,AT,GG,AA,AA,CC,AC,TT,AG,AA,GG,GG,GG,TT,AA,AA,TT,TT,AT,AG,TT,GG,GG,AA,4.6,Moderate,High,Standard,Late
L0274,Anantapur,Andhra Pradesh,Kharif,Red Sandy,Rainfed,390,31.0,52,AC,TT,GG,AA,GG,CC,GG,AT,CC,CG,AA,CC,CC,AT,TT,NN,NN,TT,TT,AA,CC,TT,GT,NN,TT,CC,TT,AT,GG,AA,TT,CC,AA,CC,GG,GG,GG,CC,GT,AC,TT,CT,AA,TT,AA,AA,TT,AT,CC,CC,GG,AA,AA,GG,CC,TT,AA,AC,GT,AA,AA,TT,TT,GG,TT,TT,CC,GG,TT,GT,AA,GT,CC,AA,GG,AA,AT,GG,TT,TT,GG,GG,GG,CC,AA,AG,AA,AT,CC,GG,CC,TT,NN,AT,GT,AG,TT,CC,TT,CT,CT,CC,AG,AG,AT,GT,CC,AA,GG,AC,CT,GG,TT,CC,TT,AA,AA,TT,CC,NN,CC,AG,CC,GG,TT,AG,CC,CC,CC,CG,AA,NN,CC,AA,CC,NN,AA,TT,AA,AA,GG,CT,CC,GG,AA,AG,AA,CC,GG,CC,CC,AA,AG,GG,TT,GG,CC,TT,CT,GG,AC,TT,GT,TT,GG,AA,GT,TT,AT,TT,GG,CG,AG,CT,CC,CC,CG,CC,AA,GG,AA,CC,TT,CC,GT,TT,GG,TT,AA,GG,TT,CC,GG,AA,AC,CC,GG,GG,AC,GG,TT,AC,AA,CC,GG,AA,CC,AT,AA,GT,TT,TT,AA,GG,GG,AT,CC,NN,TT,AA,GG,AA,TT,AA,TT,CC,TT,AC,AC,TT,GG,NN,CC,AA,AC,TT,CT,GT,GG,AT,CC,AC,AA,GG,CC,CG,GG,CC,GG,AT,AA,CC,GT,GG,CG,CC,AA,NN,CG,AT,CC,AA,AA,CC,CG,AC,TT,AA,GG,AA,AA,AA,AA,AG,AG,AG,AA,TT,NN,AA,GG,CC,NN,TT,AA,AA,GG,GG,GG,TT,AA,AG,TT,TT,TT,AG,TT,GG,GG,AA,3.59,Susceptible,Medium,Poor,Early
L0275,Anantapur,Andhra Pradesh,Kharif,Red Sandy,Rainfed,390,31.0,52,AC,TT,GG,AG,GG,CC,GG,TT,CC,CG,AA,CC,CG,AA,TT,GG,GG,TT,TT,AA,CC,TT,TT,CC,AT,CC,TT,TT,GG,AA,NN,CT,AA,CC,GG,GG,GG,CG,GG,CC,TT,TT,AA,TT,AA,AA,TT,TT,CC,CC,GG,AA,AA,CG,CC,GT,AA,AC,GT,AA,AG,TT,TT,AA,TT,TT,CC,GG,TT,GG,AG,GG,CC,AA,GG,AA,AA,GG,TT,TT,GG,GG,GG,AC,AA,GG,AA,AT,CC,GG,NN,GT,CC,TT,GG,AG,TT,CC,TT,CT,CT,CG,GG,AA,TT,TT,CC,AG,AG,AA,TT,GG,TT,NN,TT,AA,AA,TT,NN,AG,NN,GG,CC,GT,TT,AA,CT,CC,CC,CC,AA,TT,CC,AA,CC,CC,AA,TT,AA,AA,GG,CC,CC,GG,AA,NN,AA,AC,GT,CC,CG,AA,AA,GG,TT,GG,AA,TT,TT,GG,AC,GT,TT,TT,CC,AA,GT,TT,AT,AT,GG,CC,AG,CT,CC,CC,CG,CC,AA,GG,AA,CC,TT,CC,GT,TT,GG,TT,AA,AA,TT,CC,GG,AA,AC,CC,GG,GG,AA,GG,TT,AC,AA,CC,GG,AT,AC,AA,AT,GG,TT,AA,AA,CG,TT,AA,CG,AT,TT,AA,GG,AA,TT,CC,TT,CC,CT,AA,CC,TT,GG,AG,CG,AG,CC,TT,TT,GT,GG,TT,AC,AA,AA,GG,NN,CG,GG,CC,GG,AT,AA,CG,GT,GG,CG,CC,AT,GG,CC,AT,CC,AA,AG,CC,CC,CC,TT,AA,GG,AA,AA,AA,AA,GG,AA,AG,AA,TT,NN,AA,AG,CC,AA,CT,AG,AG,GG,GG,CG,TT,AT,AA,GT,TT,TT,AG,TT,GG,GG,AA,3.3,Susceptible,Medium,Poor,Medium
L0276,Anantapur,Andhra Pradesh,Kharif,Red Sandy,Rainfed,390,31.0,52,AA,TT,AG,AG,GG,CC,GT,AT,CC,CG,AA,CC,CG,AT,TT,GT,CG,TT,TT,AG,CC,TT,GG,CC,TT,CC,TT,TT,GG,AA,TT,CT,AA,AC,AG,GG,GT,CG,GG,CC,TT,TT,AC,TT,AA,GG,TT,TT,CC,CC,GG,AA,AA,GG,CT,GT,AA,AA,GT,AC,AA,TT,TT,AA,TT,AT,CC,GG,TT,GT,AA,GG,CC,AA,AG,AC,AA,GG,GT,TT,AG,GG,GG,CC,AA,GG,AA,AT,CC,TT,AC,TT,CC,TT,TT,GG,TT,CC,GT,CT,TT,CG,AA,AA,TT,TT,CC,AA,AG,AC,CT,GG,TT,CC,TT,AA,AC,TT,CC,GG,CC,GG,CC,GG,TT,AA,CC,CC,CC,CC,AA,NN,CC,AA,CC,CC,AA,TT,AA,AA,GG,CC,CC,GG,AA,AA,AA,CC,GG,CC,CC,AA,AA,GG,TT,GG,AA,TT,CT,GG,CC,GT,GT,TT,CC,AA,TT,TT,AA,TT,GG,CC,AG,CC,CC,CC,GG,NN,AA,GG,AG,CC,TT,CC,GT,NN,CG,AT,AA,AA,TT,CC,GG,AA,CC,CC,GG,GG,AC,NN,TT,AC,AA,CC,GG,AA,CC,AT,AT,GG,TT,AT,AT,CG,GG,AT,CC,AT,NN,AA,GG,AA,TT,AC,TT,CC,TT,AA,CC,TT,GG,AA,CC,AG,NN,AT,TT,GT,GG,TT,AA,AC,AG,GG,CC,CC,GG,CG,GG,AT,AA,CC,GT,GG,CC,CG,NN,AG,CC,AA,CC,AA,AA,CC,CG,CC,AT,AA,GG,AA,AA,AC,AA,GG,AA,AA,AA,TT,GG,AA,NN,AC,AA,TT,AA,AG,GG,GG,GG,TT,AA,AG,TT,TT,TT,AA,NN,GG,GG,AC,5.88,Resistant,Low,Premium,Late
L0277,Anantapur,Andhra Pradesh,Kharif,Red Sandy,Rainfed,390,31.0,52,CC,NN,GG,AA,GG,CC,GG,TT,CC,GG,AA,CC,CC,AT,TT,GT,CG,TT,NN,AA,CC,TT,TT,CC,TT,CC,TT,AT,GG,AA,TT,CC,AA,AC,GG,CG,GG,GG,GG,CC,TT,CT,AA,TT,AG,AG,TT,TT,CC,CC,GG,AA,AA,GG,CC,GT,AA,AC,NN,AC,AA,TT,AA,AA,TT,TT,CC,GG,CT,GT,AG,GG,CC,AA,AG,AC,AT,GG,TT,CT,GG,GG,TT,CC,AA,GG,AA,AA,CC,TT,CC,TT,CT,TT,TT,GG,TT,NN,TT,CC,CC,CC,AG,AA,AT,TT,CC,NN,GG,AA,CT,GG,TT,CC,TT,AA,AA,TT,CC,AA,CC,GG,CC,GG,CC,AA,CC,CC,CC,CC,AA,TT,CC,AA,CC,CT,AA,AT,AA,AA,GG,CC,CC,GG,AA,AG,AA,CC,GG,CC,CC,AA,AA,GG,TT,GG,AC,TT,CT,GG,CC,TT,TT,TT,CC,AA,GT,TT,AA,TT,GG,CG,AA,TT,CC,CC,CG,CC,AA,GG,AG,CC,TT,CC,GT,TT,GG,TT,AG,AG,TT,AC,GG,AA,AC,CG,GG,GG,AA,GG,TT,AA,AA,CC,GG,AA,CC,AA,AT,NN,TT,TT,TT,GG,GT,AT,CG,AA,TT,AA,GG,AA,TT,AA,TT,CC,TT,AC,CC,TT,GG,AA,CC,AA,AC,TT,CT,GT,GG,NN,AC,AC,AG,GG,CC,CC,GG,CC,GG,AA,AA,CC,GT,GG,CC,CC,AA,GG,CC,TT,CC,AA,AA,AC,CC,CC,AT,AA,GG,AA,AA,AC,AA,AG,AA,AA,AA,AT,GG,AA,AA,AC,AA,CT,AA,AA,GG,GG,GG,TT,AA,AA,GT,AT,AT,AG,TT,GG,GG,AC,2.52,Resistant,Low,Standard,Early
L0278,Anantapur,Andhra Pradesh,Kharif,Red Sandy,Rainfed,390,31.0,52,AC,TT,GG,AA,GG,CC,GG,AT,CG,GG,AT,CT,CC,TT,TT,GT,GG,TT,TT,AA,CC,GT,GT,CT,TT,CT,GT,TT,GG,AA,TT,CC,AA,CC,GG,GG,GG,CG,GG,CC,TT,CT,AA,TT,AA,GG,TT,TT,CC,AC,GG,AA,AA,GG,CT,TT,AA,AC,GG,CC,AA,GT,AT,AA,TT,TT,CC,GG,TT,GT,AA,GT,CC,AA,GG,AC,AA,GG,TT,TT,GG,GG,GG,CC,AA,GG,AA,AA,CC,TT,CC,TT,CC,TT,TT,AG,CT,AC,GT,CC,CC,CC,AA,AA,AT,TT,CC,AA,AG,AA,CC,GG,TT,CC,TT,AA,AA,TT,CC,GG,CG,GG,CT,GT,CT,AG,NN,CC,NN,CC,AA,TT,CC,AA,CC,CC,AA,TT,AG,AA,GG,CC,CC,GG,AA,AA,AT,CC,GT,CC,CC,AG,GG,GG,GT,GG,AC,TT,TT,GG,AC,TT,TT,TT,CC,AA,TT,TT,TT,TT,GG,CC,AA,CT,CC,CC,GG,CC,AA,GG,AG,CC,TT,CC,GG,TT,GG,AT,AA,AA,TT,CC,GG,AC,AC,CC,GG,GG,AA,GG,TT,AC,AA,CC,GG,AA,CC,AA,AT,GT,TT,TT,AA,CG,TT,AT,CC,TT,TT,AA,GG,AA,TT,AA,TT,CG,TT,AC,CC,TT,CG,GG,CC,AA,CC,TT,CT,TT,CG,TT,AA,CC,AA,GG,CC,CG,GG,CC,GG,TT,AA,CC,TT,GG,CC,CC,AA,GG,CC,AA,CG,AA,AA,CC,CC,AC,TT,AA,GG,AA,AA,AA,AA,GG,AG,AA,AA,TT,GG,AA,AG,CC,AA,TT,AA,AA,GG,GG,GG,TT,AA,AA,TT,TT,TT,AG,TT,GG,GG,AA,3.16,Moderate,Medium,Standard,Medium
L0279,Anantapur,Andhra Pradesh,Kharif,Red Sandy,Rainfed,390,31.0,52,AA,CT,GG,GG,CC,CG,GG,TT,CC,CG,AA,CT,CC,AT,TT,GG,NN,TT,TT,AA,CC,TT,GT,CC,TT,CC,TT,TT,GT,AA,TT,CC,AA,CC,GG,CG,GG,CC,GG,CC,NN,TT,AA,TT,AG,GG,TT,TT,CC,AC,GG,AA,AG,GG,CC,GT,AT,AA,GT,CC,AA,TT,AT,AG,TT,TT,CC,GG,TT,GG,AG,GG,CC,AA,AG,AA,TT,GG,TT,TT,GG,GG,GT,CC,TT,GG,AA,AA,CC,GT,CC,TT,CC,TT,TT,GG,TT,CC,TT,NN,CC,CC,AG,AA,TT,TT,CG,AA,AA,AC,CC,GG,TT,CC,TT,AA,AA,TT,CC,GG,CC,AG,CC,GG,TT,AG,CC,CC,CC,CG,AA,TT,CC,AA,CC,CC,AA,AT,AA,AA,NN,CT,CC,GG,AA,AA,AA,CC,GT,CC,CC,AA,AA,AG,TT,NN,CC,GT,TT,GG,AC,GT,TT,TT,CC,AT,TT,CT,AA,TT,GG,CC,AG,CC,CC,CC,GG,CC,AA,GG,AG,CC,TT,CC,GT,TT,CG,AT,AA,AA,TT,CC,CG,AA,CC,CC,GG,GG,AC,GG,TT,AA,AG,CC,GG,AT,AC,AA,AA,NN,TT,AT,AA,GG,GG,AA,CG,AT,NN,AA,GG,AA,TT,AA,TT,CC,TT,AA,CC,TT,GG,AA,CC,NN,AC,TT,TT,GG,GG,TT,AA,CC,AG,GG,CC,CG,GG,CC,GG,TT,AA,CC,TT,GG,CC,CG,AA,GG,CG,AA,CC,AT,AA,AA,GG,AC,TT,NN,GG,AA,AA,AA,AA,GG,AG,AG,AA,AT,CG,AC,AA,CC,AC,CT,AA,GG,GG,GG,GG,TT,AA,AA,TT,TT,TT,AA,AT,GG,GG,AA,1.82,Moderate,Low,Poor,Early
L0280,Anantapur,Andhra Pradesh,Kharif,Red Sandy,Rainfed,390,31.0,52,AA,NN,GG,AG,CG,CC,GT,TT,CC,CG,AA,CC,CC,TT,TT,TT,CG,TT,TT,GG,CG,GT,GT,CC,TT,CC,TT,TT,GG,AA,TT,CC,AA,CC,GG,CG,GG,CG,GG,CC,TT,CT,AA,TT,AG,AG,TT,AT,CC,CC,GT,AA,AA,GG,CC,GT,AA,AA,GG,AA,AA,TT,AT,AG,TT,TT,CC,GG,TT,GG,AG,GT,CC,AA,AG,AA,AT,GG,TT,TT,GG,GG,GG,CC,AA,GG,AA,AA,CC,GG,CC,TT,CT,AA,TT,AG,TT,CC,GT,CC,CT,CG,GG,AA,TT,TT,CC,AA,AA,AA,CC,GG,TT,CC,TT,AA,AC,TT,CC,GG,CC,GG,CC,GT,CT,AA,CC,CC,CC,CC,AA,TT,CC,AA,CC,CC,AA,TT,AA,AA,GG,CC,CC,GG,AA,AG,AT,NN,GG,NN,CC,AA,AG,AG,GT,GG,AC,GT,CC,GG,AC,TT,GT,TT,CC,AT,GT,TT,AA,TT,GG,CC,AA,CT,CC,CC,GG,CC,AA,NN,AA,CC,TT,CC,TT,GT,CG,TT,AA,AA,TT,CC,GG,AC,AC,CC,CG,GG,AC,CG,TT,CC,AA,CC,GG,AA,AC,AA,AT,GG,TT,TT,TT,GG,GG,AT,CC,AT,TT,AA,GG,AA,TT,AA,TT,CC,CT,AA,AC,TT,GG,AG,CC,GG,CC,AT,CT,GT,GG,TT,AA,CC,AA,GG,CC,NN,CG,CC,GG,TT,AG,CC,GT,GG,CC,CC,AA,GG,CC,AA,CC,AA,AG,AC,CG,CC,TT,AA,GG,AA,AA,AA,AA,GG,AG,AG,AA,AT,CG,AA,AA,AC,AC,TT,AA,AG,CG,GG,CG,TT,AA,AA,TT,TT,TT,AG,AT,GG,GG,AA,2.07,Moderate,Low,Standard,Medium
L0281,Anantapur,Andhra Pradesh,Kharif,Red Sandy,Rainfed,390,31.0,52,AA,CT,GG,AG,GG,CC,GT,TT,CC,CC,AA,CC,CG,AT,TT,GG,CG,TT,TT,AG,CC,GT,TT,CT,TT,CC,TT,TT,GG,AA,TT,CC,AA,CC,GG,GG,GT,CG,GG,CC,TT,CT,AC,TT,AA,GG,TT,TT,CG,AA,GG,AT,AA,GG,CC,TT,AA,AA,GG,AA,AA,TT,TT,AA,TT,AT,CC,GG,TT,GT,AA,GG,CC,AA,GG,AC,AA,GG,TT,TT,GG,GG,GT,CC,AA,GG,AA,AT,CC,GG,AC,TT,CC,NN,TT,GG,CT,CC,TT,CC,CC,CG,AG,AA,TT,TT,CC,AA,AG,AC,CC,GG,GG,CC,TT,AC,AC,TT,CC,AG,CC,GG,CT,GG,CT,AG,CC,CC,CC,CG,AA,TT,CC,AA,NN,CC,AA,TT,AA,AA,GG,CT,CC,GG,AA,AG,AT,CC,GT,CC,CC,AA,AA,AG,TT,GG,CC,TT,CT,GG,CC,GT,TT,TT,CC,AA,TT,TT,AA,AT,GG,CC,AG,CC,CC,CC,GG,CC,AA,GG,AG,CC,TT,CC,GG,TT,CG,AT,AA,AG,TT,CC,GG,AC,AC,CC,GG,GG,AA,GG,TT,AA,AA,CG,GG,AA,AC,AA,AA,NN,TT,AA,AT,CG,GG,AA,CC,TT,GT,AA,GG,AA,CT,AA,TT,CC,TT,AC,CC,TT,CG,AA,CG,AG,CC,TT,CT,TT,GG,TT,AC,AC,AA,GG,CG,CG,GG,CG,GT,TT,NN,CC,GT,GG,CC,CC,AT,GG,CC,AA,CC,NN,AG,CC,CC,AC,AT,AA,GG,AA,AA,AC,AA,AG,AA,AG,AA,TT,GG,AC,AA,AC,AA,CT,AA,AG,GG,AG,GG,TT,AT,AA,TT,TT,TT,GG,TT,GG,GG,AA,5.4,Susceptible,Low,Premium,Late
L0282,Anantapur,Andhra Pradesh,Kharif,Red Sandy,Rainfed,390,31.0,52,AC,TT,GG,AG,GG,CC,GT,TT,CC,CG,AA,CC,CC,TT,TT,GG,CG,TT,TT,AA,CC,TT,GG,CC,AT,CC,TT,AT,GG,AA,TT,CT,AA,CC,AG,GG,GG,CC,GG,CC,TT,TT,AA,TT,AA,AG,CC,TT,CC,AA,GT,AA,AG,GG,CC,TT,AA,AC,GG,AC,AA,TT,AT,AG,TT,AT,CC,GG,TT,GT,AA,GG,CC,AA,GG,CC,AA,GG,NN,TT,GG,GG,GG,CC,AA,GG,AA,AA,CC,GT,CC,TT,CT,TT,TT,GG,TT,CC,GT,CT,CC,CG,GG,AA,TT,TT,CC,AA,AG,AC,CT,GG,GT,NN,TT,AA,AA,TT,CG,AG,CC,GG,CC,GT,CT,AA,CC,CC,CC,CC,AA,TT,CC,AA,CC,CT,AA,AT,AA,AA,GG,CC,CC,GG,NN,AG,AA,CC,TT,CC,CC,AA,AA,GG,TT,GG,AA,TT,TT,GG,CC,GT,TT,TT,CC,AA,TT,TT,AA,TT,CG,CG,AA,CC,CC,CC,CG,CC,AA,GG,AA,CC,TT,CC,GG,TT,CG,AT,AA,AA,TT,CC,GG,AA,CC,CC,GG,GG,NN,CG,TT,AA,AA,CC,GG,AA,AA,AT,AA,GT,TT,TT,AA,CG,TT,TT,CG,TT,TT,AT,GG,AA,TT,AA,TT,CC,TT,CC,CC,CT,CG,AA,CC,GG,CC,TT,TT,GT,GG,TT,AC,AC,AA,GG,CC,CG,GG,CC,GT,AA,AA,CC,GG,GG,CC,CC,AA,AG,CC,AA,CC,AA,NN,CC,CC,CC,AT,AA,GG,AA,AA,AA,AA,GG,AA,AA,AA,AT,GG,AC,GG,AA,AA,TT,AA,AA,GG,GG,GG,TT,AA,AA,TT,TT,TT,AA,AT,CG,GG,AA,5.2,Moderate,Low,Standard,Late
L0283,Anantapur,Andhra Pradesh,Kharif,Red Sandy,Rainfed,390,31.0,52,CC,TT,GG,AA,GG,CC,TT,AT,CC,CC,AA,CC,GG,TT,GT,GT,CC,TT,TT,AA,CC,TT,TT,CC,TT,CC,TT,TT,GG,AA,CT,CC,AA,CC,GG,GG,GG,CC,GG,CC,TT,TT,AC,TT,AA,GG,TT,TT,CC,AC,GT,AA,AG,GG,CC,TT,AA,AA,GG,CC,AG,TT,AT,AG,CT,TT,CC,GG,TT,GG,AG,GT,CC,AA,AG,AA,AA,GG,TT,TT,GG,GG,GG,CC,AT,GG,AA,NN,CC,GT,AC,TT,CT,AT,TT,GG,TT,AC,TT,CC,CC,CG,NN,AA,TT,TT,CC,AA,AG,AC,CC,GG,TT,GG,GT,CC,AA,TT,CC,NN,CC,AG,CC,GT,TT,AG,CT,CC,CC,CC,AA,TT,CC,AA,CC,CT,AA,TT,AA,AA,GG,CC,CG,GG,AA,AA,AA,CC,GG,CC,CC,AA,AG,GG,GT,GG,AA,GT,CC,GG,AC,NN,GT,TT,CC,AA,TT,TT,AT,TT,GG,CC,AA,TT,CC,CC,GG,CC,AA,GG,AA,CC,TT,CC,GG,GT,GG,NN,AA,AA,TT,CC,GG,AA,AC,CC,GG,GG,AA,GG,TT,AA,AA,CC,GG,AA,CC,AA,TT,GT,TT,TT,TT,CC,GT,AT,CG,AT,GT,AA,GG,AG,TT,AA,TT,CC,TT,AA,AC,TT,CG,AA,CC,AA,CC,TT,TT,GG,GG,TT,AA,AC,AA,GG,CC,CG,GG,CC,GG,AA,AA,CG,TT,GG,CG,CG,AA,GG,GG,AA,CC,AA,AA,CC,CC,AC,TT,AG,GG,AA,AA,NN,AA,AG,NN,AA,AA,AT,GG,CC,AA,CC,AA,TT,AA,AA,CG,GG,GG,TT,AA,AA,GT,TT,TT,AA,TT,GG,GG,AA,1.34,Moderate,High,Standard,Late
L0284,Anantapur,Andhra Pradesh,Kharif,Red Sandy,Rainfed,390,31.0,52,NN,TT,GG,AG,GG,CC,GT,AT,CC,CG,AA,CC,GG,AT,TT,GT,CG,TT,NN,AA,CC,TT,TT,CC,AT,CC,TT,TT,GG,AA,NN,CC,AA,CC,GG,GG,GG,CC,GG,AC,TT,TT,AA,NN,AG,GG,TT,TT,CC,AA,GG,AA,AA,GG,CT,TT,AA,AA,GG,AC,NN,TT,TT,AA,TT,AT,CC,GG,TT,TT,AG,NN,CC,AA,AG,AA,AT,GG,GT,TT,GG,GG,GG,CC,AT,GG,AA,AA,CC,GT,CC,TT,CT,TT,GT,AG,TT,CC,GG,CC,CC,CC,AA,AG,TT,TT,CG,AG,AG,AA,CC,GG,TT,CG,TT,AA,AA,AT,CC,AG,CG,GG,CC,GG,TT,AA,CC,CC,CC,CC,AA,TT,CC,AA,CC,CC,AA,TT,AA,AT,CG,CC,CC,GG,AG,AG,AA,CC,GG,CC,CC,AA,AG,GG,TT,GG,AC,TT,TT,GG,CC,TT,GG,TT,CG,AT,TT,TT,AA,TT,GG,CC,AA,CT,CC,CC,GG,CC,AA,AG,AA,CC,TT,CG,GG,GT,CG,TT,AA,AA,TT,AC,GG,AC,CC,CG,GG,AA,AA,GG,TT,AA,AA,CC,GG,AA,CC,AA,AA,GG,TT,AA,TT,GG,GT,AA,CC,AT,TT,AA,AG,NN,TT,AC,TT,CC,TT,AC,AA,CT,GG,AA,CC,GG,CC,AT,TT,TT,GG,TT,AC,CC,AA,GG,CC,CC,GG,CC,GG,AT,AA,CC,GT,GG,CC,CC,AT,AG,CC,AT,CC,AT,AA,AC,CG,AA,TT,AA,GG,AA,AA,AC,AC,GG,AG,AG,AA,AA,GG,AA,AG,CC,AA,CT,AA,AA,GG,GG,GG,TT,AA,AA,TT,TT,TT,AA,TT,GG,GG,AA,3.14,Resistant,Medium,Premium,Medium
L0285,Anantapur,Andhra Pradesh,Kharif,Red Sandy,Rainfed,390,31.0,52,AA,CT,GG,GG,GG,CC,GG,TT,CC,CG,AT,CT,CG,TT,GT,GT,GG,TT,TT,AG,CC,TT,GT,CT,AT,CC,GT,TT,GG,AA,TT,CC,AA,CC,GG,GG,GG,NN,GG,AC,TT,CT,AA,TT,AA,AG,TT,TT,NN,AC,GT,AA,AA,GG,CC,TT,AT,AC,GG,AA,AA,TT,AT,AA,TT,AT,CC,GG,TT,GG,AG,GG,CC,AA,GG,AC,AT,GG,GT,CT,GG,GG,GG,AC,AA,GG,AA,AA,CC,GT,CC,TT,CT,TT,TT,GG,TT,CC,TT,CC,CC,CC,AG,AA,AT,TT,CG,AG,AG,AC,CC,GG,TT,CG,TT,AA,AA,TT,CC,AG,CC,GG,CC,GT,NN,AA,CC,CC,CC,CC,AA,TT,CC,AA,AC,CC,AA,TT,AA,AA,GG,CC,CC,GG,AA,AG,AA,AC,GG,CC,CC,AA,AA,GG,GT,GG,AA,TT,CT,GG,CC,GT,GG,TT,CG,AT,TT,TT,AA,NN,GG,CC,AA,CT,CC,CC,GG,CC,AA,GG,AG,CC,GT,CC,GG,TT,GG,AA,AA,AA,TT,AC,GG,AA,NN,CC,GG,GG,CC,GG,TT,AC,AA,CC,GG,AA,CC,AT,AT,GT,GT,TT,AA,GG,GT,AA,CC,AT,TT,AA,AG,AA,CT,AA,NN,CC,TT,AC,CC,TT,GG,AA,CC,AG,AC,TT,TT,GT,GG,TT,AA,AC,AA,GG,CC,CG,GG,CC,GG,TT,AA,CC,GT,GG,CC,CC,AA,AG,CC,AA,CC,AA,AA,CC,CC,AC,TT,AA,GG,AA,AA,AA,AA,AG,GG,AA,AA,TT,GG,AC,AA,CC,AA,TT,AG,AA,CG,GG,GG,TT,AT,AA,TT,TT,NN,AA,AT,GG,GG,AA,1.54,Resistant,Low,Premium,Medium
L0286,Anantapur,Andhra Pradesh,Kharif,Red Sandy,Rainfed,390,31.0,52,NN,TT,GG,GG,NN,CG,GG,TT,CC,CC,AA,CC,CG,TT,TT,GT,CC,TT,TT,GG,CC,GT,TT,CC,TT,CC,TT,TT,GG,AA,TT,CC,AA,CC,GG,GG,GG,CC,GG,CC,TT,CT,AC,GT,AG,AA,TT,TT,CC,CC,GG,AA,AG,GG,CT,TT,AA,AA,GG,AA,AA,TT,AT,AG,TT,TT,CC,GG,TT,GT,GG,GG,CC,AA,AG,AC,NN,GG,TT,TT,GG,GT,GG,CC,AA,GG,AA,AT,CC,GT,CC,TT,CT,TT,NN,GG,TT,CC,TT,CC,CT,CG,AA,AA,TT,GT,CC,AA,GG,AC,CC,GG,TT,CC,TT,AA,AC,TT,CG,GG,CC,GG,CC,GT,CT,AA,CT,CC,AA,CC,AA,TT,CC,AA,CC,CC,AA,TT,AA,AT,NN,CC,CC,GG,AA,AG,AA,AC,GG,CG,CC,NN,AA,GG,GT,AG,AA,GT,TT,GG,CC,GT,TT,TT,NN,AA,TT,TT,AA,AT,GG,CC,AA,CT,CC,AC,GG,CC,AA,GG,AG,CC,TT,CC,GG,TT,CG,AT,AA,AG,TT,CC,GG,AA,CC,CC,GG,GG,AA,GG,TT,AC,AA,CC,GG,TT,CC,AA,AT,GG,TT,AT,AT,CG,GT,AA,CC,TT,TT,AA,GG,AA,TT,AC,TT,NN,TT,AC,CC,TT,GG,AG,CC,AG,CC,TT,TT,TT,GG,TT,AA,CC,AG,GG,CC,CG,GG,CC,GG,AA,AA,CC,TT,GG,CC,CC,AA,GG,CC,AA,CC,AA,AA,CC,CC,AC,TT,AA,GG,AA,AA,AA,AA,GG,AA,AA,AA,TT,GG,AA,AA,CC,AC,CT,NN,AA,GG,NN,GG,TT,AA,AG,TT,TT,NN,AG,TT,GG,CG,AA,3.15,Moderate,Low,Poor,Late
L0287,Anantapur,Andhra Pradesh,Kharif,Red Sandy,Rainfed,390,31.0,52,AA,TT,GG,AA,GG,CG,GT,TT,CC,CC,AA,CC,CC,AT,TT,GG,GG,TT,TT,AG,CC,GT,GT,CC,TT,CC,TT,TT,GG,AA,TT,CC,AA,CC,GG,CG,GG,CC,GG,CC,GT,CT,AA,TT,AA,GG,CT,TT,CC,CC,TT,AA,AG,GG,CC,TT,AA,AC,GT,CC,AA,TT,TT,AG,TT,TT,CT,GG,TT,GT,AA,GG,CC,NN,GG,CC,AT,GG,TT,TT,GG,GG,GG,CC,AT,GG,AA,AA,CC,GT,AC,TT,NN,TT,TT,GG,TT,CC,TT,CC,CT,GG,GG,AG,AT,TT,CG,AA,AG,AA,CC,GG,TT,CC,GT,AA,AA,TT,GG,GG,GG,GG,CC,GG,TT,AA,CT,CC,CC,CC,AA,TT,CC,AA,CC,CC,AA,TT,AA,AA,NN,CC,CG,GG,AA,AG,AA,AC,GG,CC,CC,AG,AG,GG,TT,AG,AC,TT,CC,AG,AC,TT,TT,TT,CC,AT,TT,TT,AA,TT,GG,CC,AA,CC,CC,CC,GG,CC,AA,GG,AA,CC,TT,CC,GT,TT,CG,TT,AA,NN,TT,CC,GG,AC,NN,CC,GG,GG,AA,CG,TT,AC,AA,CC,GG,AA,CC,AA,AA,GT,TT,AT,AA,GG,GG,AA,CC,TT,TT,AA,GG,AA,CT,AA,TT,CC,TT,AA,CC,CT,GG,AG,CC,AA,CC,TT,CT,NN,GG,TT,AC,CC,AG,GG,CC,CG,GG,CG,GG,TT,AA,CG,GT,GG,CC,CC,AA,GG,CC,AT,CC,AA,AA,AC,CC,CC,TT,AA,GG,AT,AA,CC,AA,GG,AG,AG,AA,TT,GG,AA,AG,AC,AA,TT,AA,AA,GG,GG,GG,TT,AA,AA,TT,TT,NN,AA,TT,GG,GG,AA,3.28,Resistant,Medium,Poor,Late
L0288,Anantapur,Andhra Pradesh,Kharif,Red Sandy,Rainfed,390,31.0,52,AC,TT,GG,AA,GG,CC,GT,TT,CG,CC,AA,CT,CG,AT,TT,GG,CG,TT,TT,AG,CG,GT,GT,CC,AT,CC,TT,TT,GG,AA,TT,CC,AA,AC,GG,GG,GG,CG,GG,AC,TT,CT,AC,TT,AA,GG,TT,AT,CC,AC,GT,AA,AG,GG,CC,GT,AA,AC,GT,AA,AA,TT,AA,GG,TT,TT,CC,GT,TT,GT,AA,GT,CC,AA,AG,AC,AT,GG,TT,TT,GG,GG,GG,CC,AT,GG,AA,AA,CC,TT,CC,TT,CT,TT,TT,GG,TT,AC,TT,CC,CT,CC,GG,AA,TT,TT,CC,AG,GG,AC,CT,GG,GT,CG,GT,AC,AC,AT,CC,AG,CG,AG,NN,NN,CT,AA,CC,CC,CC,CC,AA,TT,CC,AA,CC,CC,AA,TT,AA,AT,CG,CC,NN,GG,AA,AG,AA,CC,GT,CC,CG,AA,AG,GG,GG,GG,AC,GT,TT,AG,AC,GG,GT,TT,CC,AT,TT,TT,AA,TT,CG,CC,AA,CC,CC,CC,CG,CC,AA,GG,AA,CC,TT,CC,GT,GT,GG,AT,AG,AA,TT,CC,GG,AC,AA,CC,GG,GG,AA,GG,TT,AA,AA,CC,GG,AA,CC,AA,AA,GG,GT,TT,AT,GG,GT,TT,CG,TT,GT,AA,GG,AA,CT,AA,TT,CC,TT,AA,AC,CT,GG,AA,CC,AA,CC,AT,CT,GT,GG,TT,AC,CC,AA,GG,CC,CG,GG,CC,GG,AA,AA,CC,TT,GG,CC,CC,AA,AG,CG,AA,CC,AA,AA,CC,CC,CC,TT,AA,GG,AA,AA,AA,AC,AG,AA,AG,AA,AA,GG,AA,AA,CC,AC,CT,AA,AA,CG,GG,GG,GT,NN,AG,GG,TT,TT,AA,AT,GG,GG,AA,3.38,Moderate,Low,Standard,Early
L0289,Anantapur,Andhra Pradesh,Kharif,Red Sandy,Rainfed,390,31.0,52,AA,TT,GG,AA,GG,CC,TT,AT,CC,CC,AA,CC,CG,AT,TT,GG,CG,TT,TT,AA,CC,GT,GG,CC,TT,CC,GT,TT,GG,AA,TT,CT,AA,CC,GG,GG,GG,GG,GG,CC,TT,TT,AA,GT,GG,GG,TT,AT,CC,AA,GG,AA,AA,GG,CT,TT,AA,AA,TT,AC,AG,TT,TT,AG,CT,TT,CC,GG,TT,GT,AA,GT,AC,AA,GG,AA,AT,GG,TT,TT,AG,GT,GG,CC,AA,GG,AA,AA,CC,TT,AC,TT,CT,TT,GT,AG,TT,CC,GT,CC,NN,CG,AG,AA,AT,TT,CG,AA,AA,AC,CC,GG,TT,CC,GT,CC,AC,TT,CC,AG,CC,GG,CC,GT,CT,AA,CT,CC,CC,CC,AA,TT,CC,AA,CC,CC,AA,TT,AA,AA,GG,CC,CC,GG,AA,AA,AA,CC,GG,CC,CC,AG,AG,GG,GT,GG,AC,GT,CT,GG,AC,TT,TT,CT,CG,AA,NN,TT,AA,NN,GG,CC,AG,CC,CC,CC,CG,CC,AA,GG,AA,CC,GT,CC,GT,TT,GG,AT,AA,AA,TT,CC,GG,AA,AA,CC,GG,GG,AA,GG,TT,AC,AA,CC,GT,AT,AC,AA,AT,GG,TT,TT,TT,GG,TT,AT,CC,AA,TT,AA,GG,AA,TT,AC,TT,CC,TT,AA,CC,TT,GG,AA,CC,GG,CC,TT,TT,TT,GG,TT,AC,AC,AA,GT,NN,CC,GG,CC,GG,TT,AA,CC,GG,GG,CC,CG,AA,GG,CC,AT,CC,AA,AA,CC,CG,AA,TT,AG,GG,AA,AA,AC,AA,AG,AG,AA,AA,TT,GG,AA,AG,CC,AA,TT,AA,AG,GG,GG,GG,GG,AT,AA,TT,TT,TT,AG,TT,GG,GG,AA,2.99,Susceptible,Low,Standard,Late
L0290,Anantapur,Andhra Pradesh,Kharif,Red Sandy,Rainfed,390,31.0,52,AC,TT,GG,AA,GG,CC,GT,TT,CC,NN,AA,CC,GG,AT,TT,GG,CG,TT,TT,AA,NN,GT,GT,TT,TT,CC,TT,TT,GG,AA,TT,CC,AA,CC,AG,GG,GG,CC,GG,CC,TT,CT,AA,TT,AG,GG,TT,AT,CC,CC,NN,AA,AA,GG,CC,TT,AA,AA,GT,AA,AG,GT,AA,AA,TT,TT,CC,GG,CT,GG,AA,NN,CC,NN,AA,AC,AT,GG,TT,TT,GG,TT,GT,CC,AT,GG,AA,AT,CC,GT,CC,TT,CC,TT,GG,GG,CT,CC,TT,CC,CC,CC,AG,AG,AT,TT,CC,AA,AG,AA,TT,GG,TT,CC,TT,AA,AA,TT,CC,GG,CC,GG,CC,GG,TT,AA,CC,CC,CC,CC,AA,TT,CC,AA,NN,CC,AA,TT,AA,AT,GG,CC,CC,GG,AA,GG,AA,CC,GG,CC,CC,AA,AA,GG,GG,GG,CC,NN,CC,GG,AC,TT,TT,TT,CC,AA,TT,TT,AA,TT,GG,CC,AA,CC,CC,CC,CG,CC,AA,GG,AA,CC,TT,CC,GT,TT,GG,TT,AA,AG,TT,AC,GG,AA,NN,CC,GG,GG,AA,GG,TT,AC,AA,CC,GG,AT,CC,AA,AT,GG,TT,TT,AA,CG,GG,AA,CC,TT,TT,AA,AG,AA,CT,AA,TT,CC,TT,AA,CC,TT,GG,AA,CC,AA,AC,TT,CT,GT,GG,TT,AA,CC,AA,GG,CC,CC,GG,CC,GG,AT,AA,CC,GT,GG,CG,CC,AT,GG,CC,AA,CC,AA,AA,CC,CG,AC,TT,AA,GG,AA,AA,AA,AA,AG,AA,AG,AA,AT,GG,AC,AA,CC,AA,CT,AA,AA,GG,GG,GG,TT,AA,AA,TT,TT,TT,AG,AT,GG,CG,AA,4.53,Susceptible,Low,Poor,Medium
L0291,Anantapur,Andhra Pradesh,Kharif,Red Sandy,Rainfed,390,31.0,52,CC,TT,GG,NN,GG,CC,GG,AT,CC,CC,AA,CT,CC,AT,TT,GG,GG,TT,TT,AA,CC,GT,TT,CC,AT,CC,GT,TT,GG,AA,TT,CC,AA,CC,GG,CG,GG,CC,GG,CC,TT,CT,AA,TT,AA,GG,TT,TT,CC,AC,GT,AA,AA,GG,CT,TT,AA,AA,GT,CC,AA,GT,AT,AG,TT,TT,CC,GG,TT,GG,AG,GT,AC,AA,AG,AA,AT,GG,TT,TT,GG,TT,GT,CC,AA,GG,AG,AA,CC,GT,CC,TT,CC,TT,GT,GG,CT,CC,GG,CC,CT,CC,GG,AA,TT,TT,CC,AA,AA,AA,CC,GG,TT,CC,NN,AA,AA,TT,CC,AG,CG,GG,CT,GG,CT,AA,CC,CC,CC,CC,AA,TT,CC,AA,CC,CC,AA,TT,AA,AA,GG,CC,CC,GG,AG,AA,AA,CC,GT,CC,CC,AA,AG,GG,TT,AG,AC,GG,TT,GG,CC,GT,TT,TT,CC,AA,GT,TT,AA,TT,GG,CG,GG,CC,CC,CC,GG,CC,AA,GG,AA,CC,TT,CC,GG,TT,CG,AT,AA,AA,TT,CC,GG,AA,CC,CC,GG,GG,AA,CG,TT,AA,AA,CC,GT,AA,CC,AA,AA,GG,TT,TT,AT,CG,GT,AT,CC,AT,GG,AA,GG,AA,CT,AA,TT,CC,CT,AC,CC,CT,GG,GG,CC,AG,AC,TT,CT,GT,GG,TT,AA,CC,AA,GG,CC,CG,GG,CC,GG,TT,AA,CG,GT,GG,CC,CG,AT,GG,CC,AA,NN,AA,AA,AC,CG,CC,AT,AG,GG,AA,AC,AA,AA,GG,AG,AA,AA,TT,GG,AA,AA,AC,AC,NN,AA,AA,GG,GG,GG,GT,AA,AG,TT,TT,TT,AG,AT,GG,GG,AA,3.93,Moderate,Low,Premium,Early
L0292,Anantapur,Andhra Pradesh,Kharif,Red Sandy,Rainfed,390,31.0,52,AA,TT,GG,AG,GG,CC,GT,TT,CC,CC,AA,CT,CC,AT,TT,GG,GG,TT,TT,AG,CC,TT,GT,CC,TT,CC,TT,TT,GG,AA,TT,NN,AA,CC,GG,GG,GG,GG,GG,CC,TT,CT,AC,TT,AG,GG,TT,AT,CC,AA,GG,AA,GG,GG,CC,GT,AA,AA,GG,AA,AA,TT,TT,AA,TT,TT,CC,GG,CT,GG,AA,GG,CC,AA,AG,AC,AA,GG,TT,TT,GG,GG,GG,CC,AA,GG,AA,AT,CC,GT,CC,TT,CC,TT,GT,AG,TT,CC,GG,CT,CC,CG,AG,AA,AT,TT,CC,AG,GG,AC,CC,GG,TT,CG,TT,AA,AA,TT,CC,AA,CG,AA,CC,GG,CT,AG,CC,CC,CC,CC,AA,TT,CC,AA,CC,CC,AA,TT,AA,AT,GG,CC,CC,GG,AG,AG,AA,AC,GG,CC,CC,AG,AA,GG,GT,GG,AC,TT,TT,GG,AA,GT,GT,TT,CC,AT,TT,TT,AA,AT,GG,CC,AA,CT,CC,AC,GG,CC,AA,GG,AG,CC,TT,CC,GT,GT,GG,TT,AA,AA,TT,CC,GG,AC,AC,CC,GG,GG,AC,GG,CT,AA,GG,CC,GG,AA,AC,AA,AT,GT,TT,TT,AA,CG,GG,AT,CG,TT,GG,AA,GG,AA,TT,AA,TT,CC,CT,AA,AA,CT,CG,AG,GG,AG,CC,TT,TT,GT,GG,TT,AA,CC,AG,GG,CC,CG,GG,CC,GG,AT,AA,CC,TT,GG,CG,CG,AA,GG,CG,AA,CC,AA,AA,AA,CC,AC,TT,AA,GG,AA,AA,NN,AA,GG,AA,AA,AA,AT,CG,AC,AG,AA,CC,TT,AA,AA,GG,GG,CG,TT,AT,NN,TT,TT,TT,AA,TT,GG,CG,AA,5.35,Susceptible,Low,Poor,Early
L0293,Anantapur,Andhra Pradesh,Kharif,Red Sandy,Rainfed,390,31.0,52,AC,TT,GG,AA,GG,CC,GT,AA,CC,GG,AA,CC,GG,TT,TT,GG,GG,TT,TT,AA,CC,TT,TT,CT,AT,CC,TT,TT,GG,AA,TT,CC,AA,CC,GG,CG,GG,GG,GG,CC,TT,CC,AA,TT,AA,AG,CT,TT,CC,AA,GG,AA,AA,GG,CT,TT,AA,AA,GT,CC,AA,TT,AT,AG,CT,AT,CC,GG,TT,GG,AA,GG,CC,AA,GG,AC,AA,GG,TT,TT,GG,GG,GT,CC,AA,GG,NN,AA,CC,GT,CC,TT,CT,TT,TT,GG,TT,CC,TT,CC,CC,CG,AG,AA,TT,TT,CC,AG,AG,AA,CC,GG,TT,CG,TT,AA,AA,TT,CC,AG,CC,GG,CT,GG,CT,AA,CT,CC,NN,CG,AA,GT,CC,AA,CC,CT,AA,TT,AA,AA,NN,CT,CC,GG,AA,AA,AT,CC,GG,CC,CG,AA,AA,GG,GT,GG,AC,GT,TT,AG,CC,GT,TT,TT,CC,AA,TT,TT,AA,AT,CG,CC,AA,CC,CC,CC,GG,AC,AA,GG,AA,CC,GT,CC,GT,TT,CG,TT,AA,AA,TT,AC,GG,AC,CC,CC,GG,GG,CC,CG,TT,AA,AA,CC,GG,AT,CC,AA,TT,GG,GT,TT,AT,GG,GT,AT,CG,AT,GT,AA,GG,AA,CC,AA,TT,NN,CT,AA,CC,TT,GG,AA,CC,AG,CC,TT,TT,GT,GG,TT,AC,AC,AA,GG,CC,CG,GG,CC,GG,AT,AA,CC,TT,GG,CC,CC,AT,GG,CC,AT,CC,AA,AA,CC,CG,CC,TT,AA,GG,AA,AA,AC,AA,AA,GG,AA,AA,TT,GG,AA,AG,AA,AA,CT,AG,AA,GG,GG,GG,TT,AA,AA,TT,TT,TT,AG,AT,GG,GG,AC,3.16,Resistant,Low,Poor,Early
L0294,Anantapur,Andhra Pradesh,Kharif,Red Sandy,Rainfed,390,31.0,52,CC,TT,AA,GG,CG,CC,GT,TT,CC,CC,AT,CC,CG,TT,TT,GG,CG,TT,TT,AA,CC,TT,GT,CC,TT,CC,GT,TT,TT,AA,TT,CT,AA,CC,GG,CG,GG,CC,GG,CC,TT,CT,AC,TT,AA,GG,CT,TT,CC,AA,GG,AT,AA,GG,CC,GT,AA,AC,GT,AA,AA,GT,TT,AA,TT,TT,CC,GG,CT,GG,AA,GG,CC,AA,GG,AC,AT,GG,TT,TT,AG,GT,GG,CC,AT,GG,AG,AA,CG,TT,CC,TT,CC,TT,GT,GG,TT,CC,GT,CC,CC,CG,AG,AG,TT,TT,CG,AG,AG,AA,CC,GG,GT,CC,TT,AA,AC,TT,CG,AG,CG,GG,CC,GG,CT,AA,CC,CC,CC,CC,AA,TT,CC,AA,CC,CC,AA,TT,AA,AT,GG,CC,CC,GG,AA,AA,AT,AC,GG,CG,CG,AA,AG,GG,GT,GG,AA,TT,CT,GG,CC,TT,GG,TT,CC,AT,TT,TT,AA,AT,CG,CC,AA,CC,CC,CC,CG,AC,AA,GG,AA,CC,TT,CC,GT,GT,CG,AT,AA,AG,TT,CC,CG,NN,CC,CC,GG,GG,CC,GG,TT,AC,AA,CC,GG,AT,CC,AA,AT,GT,TT,TT,AT,CG,GG,AT,CC,AA,TT,AA,GG,AA,CT,AA,TT,CC,TT,AA,CC,CT,CG,AA,NN,NN,CC,TT,CT,TT,GG,TT,AA,NN,AG,GG,CC,CG,GG,CC,GG,AA,NN,CG,GT,GG,CC,CG,AA,GG,CG,AA,CG,AT,AA,CC,CC,AC,TT,AA,GG,AA,AA,AA,AA,GG,AG,AA,AA,TT,GG,AA,AA,CC,AA,CT,AA,AA,GG,GG,GG,TT,AA,AA,GT,TT,TT,AG,AT,GG,GG,AA,3.29,Susceptible,Low,Premium,Medium
L0295,Anantapur,Andhra Pradesh,Kharif,Red Sandy,Rainfed,390,31.0,52,AA,TT,AA,AA,GG,CC,GT,TT,CC,GG,AA,CC,CC,AT,TT,GG,CG,TT,TT,AA,CC,TT,GT,CC,NN,CC,TT,AT,GT,AA,TT,CC,AA,AC,GG,CG,GG,CC,GG,CC,TT,CT,AA,GT,AA,AG,TT,AA,CC,CC,GG,AA,AG,GG,CC,TT,AT,AA,GT,AC,AA,TT,TT,AA,TT,NN,CC,GG,TT,GG,AA,GG,CC,AA,GG,AA,AA,GG,TT,TT,GG,GT,GT,CC,AA,GG,AG,AT,CC,TT,NN,GT,CT,TT,TT,GG,TT,CC,GT,CC,CC,CC,AA,AA,TT,TT,CC,AA,AG,CC,TT,GG,TT,CC,TT,AA,AA,TT,CC,GG,CG,AG,CC,GG,TT,AA,CC,CC,CC,CC,AA,TT,CC,AA,CC,CT,AA,TT,AA,AA,GG,CC,CG,GG,AA,AG,AA,AC,GT,CC,CC,AA,AA,GG,TT,GG,AA,GT,TT,GG,AC,GT,TT,CT,CC,AA,TT,TT,AA,TT,GG,CC,AG,CT,CC,AC,GG,CC,AA,GG,AA,CC,TT,CC,GT,GT,GG,AT,AA,AG,TT,AC,GG,AA,CC,CC,GG,GG,AC,GG,TT,AA,AA,CC,GG,AT,CC,AA,AT,GG,TT,AT,AT,GG,GT,AT,CC,AT,GG,AA,GG,AA,CT,AA,TT,CC,CT,AC,CC,TT,GG,AA,CC,AA,CC,TT,TT,TT,GG,AT,AC,AA,AA,NN,CC,CC,GG,CC,GG,TT,AG,CC,TT,GG,CC,CC,AA,GG,CC,TT,CC,AA,AA,AC,CC,CC,TT,AA,GG,AA,AA,AA,AA,GG,AA,AA,AA,TT,GG,AA,GG,AC,AA,TT,AA,AA,GG,GG,GG,GT,AT,AA,TT,TT,TT,GG,AT,GG,GG,AA,2.92,Susceptible,High,Poor,Late
L0296,Anantapur,Andhra Pradesh,Kharif,Red Sandy,Rainfed,390,31.0,52,AA,CT,NN,AA,GG,CC,GG,AT,CC,CG,AT,CC,CG,AT,TT,GG,GG,TT,TT,AA,CC,TT,GT,CT,TT,CC,TT,TT,GG,AA,CT,CC,AA,CC,GG,CG,GG,CC,GG,CC,TT,TT,AA,GT,GG,GG,TT,TT,CC,CC,GG,AA,AG,GG,CT,TT,AT,CC,GG,AA,AG,TT,TT,AG,TT,AT,CC,GG,TT,GG,NN,GG,CC,AA,GG,AC,AA,GG,TT,TT,GG,GG,GG,CC,AA,GG,AA,AA,CC,TT,AA,TT,CC,TT,GT,GG,TT,CC,TT,CC,CT,CC,AG,AA,AA,TT,CG,AA,AG,AA,CT,GG,GT,CG,GT,AA,AA,TT,CC,GG,CC,GG,CC,GG,TT,AG,TT,CC,CC,CC,AA,TT,CC,AA,CC,CT,AG,TT,AA,AA,CG,CT,CC,GG,AA,AA,AT,CC,GG,CC,CC,AG,AA,AG,TT,GG,AC,NN,CC,GG,AC,TT,TT,TT,CC,AA,TT,CT,AA,TT,GG,CG,AA,CT,CC,CC,GG,CC,AA,GG,GG,CC,NN,CG,GG,TT,CG,TT,AA,NN,TT,CC,CG,AC,CC,CC,GG,GG,AC,GG,TT,AC,AA,CG,GG,AA,AC,AA,AT,GG,TT,TT,AA,CG,GG,AA,CC,AT,GG,AA,AG,AA,CT,AA,TT,CC,TT,AA,CC,TT,GG,GG,CC,AA,AC,AT,CT,TT,GG,TT,AC,CC,AG,GG,CC,CC,GG,CC,GG,AT,AA,CC,GT,GG,CC,CC,AA,AG,CC,AT,CC,AA,AA,AC,CC,AC,TT,AA,GG,AA,AA,AA,AC,AA,AG,AG,AA,TT,GG,AA,AA,CC,AC,CC,AA,AA,GG,GG,GG,TT,AT,AA,TT,TT,AT,AG,TT,GG,GG,NN,0.97,Susceptible,High,Premium,Early
L0297,Anantapur,Andhra Pradesh,Kharif,Red Sandy,Rainfed,390,31.0,52,AC,CT,GG,GG,GG,CC,GT,TT,CC,CG,AA,CC,CC,TT,GT,GG,GG,TT,TT,AG,CC,TT,GT,CC,TT,CC,GT,TT,GT,AA,TT,CC,AA,CC,GG,CG,GG,CC,GG,CC,TT,CT,AA,TT,AG,AG,TT,TT,CC,CC,GT,AA,AA,GG,CC,GT,AA,AA,GT,AA,AA,GT,TT,AA,TT,AT,CC,GG,TT,GT,AG,GG,CC,AA,GG,AC,AT,GG,TT,TT,GG,GG,GG,CC,AA,GG,AA,AA,CC,TT,CC,TT,CC,TT,GT,GG,TT,CC,GT,CC,CT,CG,AG,AA,TT,TT,CC,AA,AA,AA,CC,GG,TT,CC,TT,AC,AA,TT,CG,GG,CC,GG,NN,GG,TT,AA,CC,CC,CC,CC,AA,TT,CC,AA,CC,CT,AA,TT,AA,AA,GG,CC,CC,GG,AA,GG,AA,CC,TT,NN,CC,AA,AA,GG,TT,GG,CC,TT,TT,GG,CC,TT,TT,TT,CG,AA,TT,TT,AA,TT,GG,CC,AG,CC,AC,CC,GG,CC,AA,GG,AA,CC,TT,CC,GT,GT,GG,AT,AA,AG,NN,CC,GG,CC,CC,CG,GG,GG,AC,GG,TT,AA,AG,CC,GG,AA,AC,AT,AA,GT,GT,TT,TT,GG,NN,AA,CG,TT,TT,AA,NN,AA,CT,AA,TT,CC,TT,AA,CC,TT,GG,AA,CC,AG,CC,TT,CT,TT,GG,TT,AA,CC,AA,GT,CC,CG,GG,CC,GT,TT,NN,CC,TT,GG,CG,CC,AT,GG,CC,AA,CC,NN,AA,CC,GG,CC,TT,AA,GG,AT,AA,AC,AA,AA,AA,AA,AA,TT,CG,AA,AA,CC,AA,CT,AG,AA,GG,GG,GG,GT,AT,AA,TT,TT,TT,AA,TT,GG,GG,AA,3.24,Moderate,Low,Standard,Early
L0298,Anantapur,Andhra Pradesh,Kharif,Red Sandy,Rainfed,390,31.0,52,AA,TT,GG,AG,CG,CG,GG,TT,CC,CG,AT,CC,CG,TT,TT,GG,CG,TT,TT,AA,CC,GT,GT,CC,TT,CC,TT,TT,GG,AA,TT,CT,AA,CC,GG,GG,GG,CC,GG,CC,TT,CT,AA,TT,AG,GG,TT,TT,CC,CC,GG,AT,AA,GG,TT,GT,AA,AA,GT,AA,AA,TT,TT,AA,TT,TT,CC,GG,TT,GG,AG,GG,CC,AG,AG,AA,AT,GG,TT,TT,GG,GG,GT,AC,AT,NN,AA,AA,CC,TT,CC,TT,CT,TT,GT,GG,CC,CC,GT,CT,CC,CG,AG,AA,NN,TT,CC,AA,AG,CC,CC,GG,GT,CG,TT,AA,AA,TT,CC,GG,CG,GG,CC,GT,TT,AA,CC,CC,CC,CC,AG,TT,CC,AA,CC,CC,AA,TT,AA,AA,CG,CT,CC,GG,AA,AA,AT,AC,GT,CC,NN,AA,AA,AG,GT,GG,AA,TT,CT,GG,CC,TT,TT,CT,CC,AA,TT,TT,AA,AT,GG,CC,AA,CC,CC,CC,GG,CC,AA,GG,AG,CC,TT,CG,TT,GT,GG,TT,AA,AA,NN,CC,GG,AA,CC,CC,CG,GG,AC,GG,TT,AC,AA,CC,GG,AA,CC,AA,AT,GG,TT,AT,AA,GG,GT,AT,CG,TT,TT,AT,GG,NN,CT,AA,TT,CC,TT,AA,CC,TT,CG,AA,CC,AA,AC,TT,TT,GT,GG,AT,CC,AC,AA,GG,CC,CG,GG,CC,GT,TT,AA,CC,TT,GG,CG,CC,AA,GG,CC,AA,CC,AT,NN,AC,CC,AC,TT,AA,GG,AA,AA,AC,AC,AG,AG,AA,AA,TT,GG,AC,AA,AC,AC,CT,AA,AA,GG,GG,GG,TT,AT,AA,GG,TT,TT,AG,AT,GG,CG,AA,6.89,Moderate,Low,Premium,Late
L0299,Anantapur,Andhra Pradesh,Kharif,Red Sandy,Rainfed,390,31.0,52,AA,TT,GG,AA,CG,CC,GT,TT,CC,CC,AA,CC,CC,TT,TT,GG,GG,TT,TT,AG,CC,TT,GT,CC,AT,CC,GT,TT,GG,AA,TT,CT,AA,CC,GG,CG,GG,CG,GT,CC,TT,CT,AA,TT,AA,GG,CT,TT,CC,AA,GT,AA,AG,GG,CC,TT,TT,AC,GT,AC,AA,TT,TT,AA,TT,TT,CC,GG,TT,GG,AA,GT,CC,AA,GG,AC,AA,GG,TT,TT,AG,GG,GG,CC,AA,GG,AA,AA,CC,GT,CC,TT,TT,TT,NN,GG,TT,CC,TT,CC,CC,CC,AG,AA,AT,TT,CC,AA,GG,AA,CT,GG,GT,CC,GT,AA,AA,TT,CG,GG,CC,GG,CC,GT,TT,AA,CC,CC,CC,CC,AA,TT,CC,AA,NN,CC,AA,TT,AG,AA,GG,CT,CC,GG,AA,AG,AA,CC,NN,CC,CC,AG,AA,NN,GT,GG,AA,GT,TT,AG,CC,TT,TT,TT,CC,TT,TT,CT,AT,TT,GG,CC,AG,NN,CC,CC,CG,AC,AA,GG,AA,CC,TT,CG,GG,TT,CG,TT,AA,AA,TT,CC,GG,AC,CC,CC,GG,GG,AA,GG,TT,AC,AA,CC,GG,AA,AC,AA,AT,GG,GT,TT,AT,CC,GG,AA,CC,TT,GG,AT,GG,AA,CT,AA,TT,CC,TT,CC,AC,TT,GG,AA,CC,AG,CC,TT,TT,TT,GG,AT,AA,CC,AA,GG,CC,CG,GG,CC,GG,TT,AA,CG,TT,GG,CC,CC,AT,GG,CG,AA,CC,AT,AA,AA,CG,AC,TT,AA,GG,AA,AC,AA,AA,GG,AG,AA,AA,TT,GG,AA,AA,AC,AA,TT,AA,AA,GG,GG,GG,TT,AA,AG,TT,TT,TT,AG,AT,GG,GG,AA,0.9,Susceptible,Medium,Premium,Early
L0300,Anantapur,Andhra Pradesh,Kharif,Red Sandy,Rainfed,390,31.0,52,AC,TT,GG,AG,GG,CC,GG,TT,CC,CG,AA,CT,CC,AT,TT,GG,GG,TT,TT,AA,CG,GT,GG,CC,TT,CC,GT,TT,GT,AA,TT,CC,AA,CC,GG,GG,GG,CG,GG,CC,TT,CC,AA,TT,AG,GG,TT,TT,CC,AC,GT,AA,AA,GG,CC,GT,AA,AA,GT,AA,AA,TT,AT,AA,TT,TT,NN,GG,TT,GT,AA,GG,CC,AA,GG,AC,AT,AG,TT,TT,GG,GG,GG,CC,AA,GG,AA,AA,CC,GT,CC,TT,CC,TT,TT,GG,TT,CC,GT,CC,CC,CG,GG,NN,TT,TT,CC,AA,AG,AA,CC,GG,TT,CC,NN,AA,NN,TT,CC,AG,CC,GG,CT,GG,CT,AA,CC,CC,CC,CC,AA,GT,CC,AA,CC,CC,AA,TT,AA,AA,GG,CC,CC,GG,AG,AG,AA,CC,GG,CC,CC,AG,AA,GG,TT,GG,AA,GT,CT,GG,CC,GT,TT,TT,CG,AA,GG,TT,AA,AT,GG,CC,AA,CC,CC,CC,GG,CC,AA,GG,AA,CC,TT,CC,GT,TT,GG,TT,AA,AA,GT,AC,GG,AC,AC,CC,GG,GG,AC,GG,TT,AA,AA,CC,GG,AA,AC,AA,AA,GG,TT,TT,TT,GG,GG,AT,CC,TT,GT,AA,GG,AA,TT,AA,TT,CG,TT,AC,CC,TT,CC,AA,CC,AG,CC,TT,CT,GT,GG,TT,AA,AC,AA,GG,CC,CC,GG,CC,GG,TT,AG,CC,TT,GG,CC,CC,TT,GG,CC,AA,CG,AT,AA,AC,CG,CC,TT,AA,GG,AA,AA,CC,AA,AA,AG,AA,AA,TT,NN,AA,AA,AC,AA,TT,AA,AG,GG,GG,GG,GG,AT,NN,TT,TT,AT,AG,TT,CG,CG,AC,2.54,Resistant,Low,Standard,Early
L0301,Anantapur,Andhra Pradesh,Kharif,Red Sandy,Rainfed,390,31.0,52,AC,TT,GG,AA,GG,CC,GG,AT,CC,CG,AA,CC,CC,AT,TT,GG,GG,TT,TT,AA,CC,TT,TT,CC,TT,CC,TT,TT,GG,AA,TT,CC,AA,CC,GG,GG,GG,CG,GG,CC,TT,CC,AC,TT,AA,AG,TT,TT,CC,AA,GT,AA,AA,GG,CC,TT,AA,AA,GG,AC,AA,TT,NN,AA,TT,TT,CC,GG,TT,GT,AG,GG,CC,NN,AG,AC,AA,GG,TT,TT,GG,GG,GG,CC,AT,GG,AA,AA,CC,TT,CC,TT,CT,AT,GT,GG,TT,CC,TT,CC,CT,GG,AG,AA,AT,TT,CC,NN,AA,AC,CC,GG,TT,CC,TT,AA,AA,TT,CC,GG,CC,GG,CC,GG,TT,AA,CC,CC,CC,CC,AA,TT,CC,AA,CC,CC,AA,TT,AA,TT,CG,CC,CC,GG,AA,AA,AA,AC,GG,CC,CG,AG,AG,GG,TT,GG,AC,TT,TT,GG,CC,TT,GT,CT,CG,AA,TT,CT,TT,TT,GG,CC,AA,CC,AC,NN,CC,CC,AA,GG,AA,AC,TT,CC,GT,TT,CG,TT,AA,AA,TT,CC,CG,AA,AC,CC,GG,GG,AA,CG,TT,AA,AA,CC,GG,AA,CC,AA,AA,GT,TT,TT,AA,CG,GT,AA,CG,AT,GT,AA,GG,AA,CT,AA,TT,CC,TT,AA,CC,TT,GG,AG,CG,AA,CC,AT,CT,GT,GG,NN,AA,AC,AG,GG,CC,CC,GG,CC,GG,AA,AA,CC,TT,GG,CC,CC,AA,GG,CC,AT,CC,AT,AA,AC,CC,CC,TT,AA,GG,AA,AA,AA,AA,AG,AG,GG,AA,AT,GG,AA,AG,AC,AA,TT,AA,AG,GG,GG,GG,TT,AA,AG,GT,TT,TT,AA,TT,GG,GG,AA,3.31,Resistant,Low,Standard,Early
L0302,Anantapur,Andhra Pradesh,Kharif,Red Sandy,Rainfed,390,31.0,52,AA,TT,GG,AA,GG,NN,GG,AT,CC,CC,AA,CT,CC,TT,GT,GT,CG,TT,TT,AG,CC,TT,TT,CC,TT,CC,TT,TT,GG,AA,CT,CC,NN,CC,GG,CG,GG,CG,GG,CC,TT,NN,AA,GT,AA,AG,TT,TT,CC,AC,GG,AT,AG,GG,CC,TT,AA,AA,GG,AA,AA,TT,TT,AA,TT,TT,CC,GG,TT,GT,AA,GT,CC,AG,GG,AA,AA,GG,TT,TT,GG,GT,GG,NN,AA,GG,AA,AA,CG,TT,NN,GT,CC,TT,TT,GG,TT,CC,GT,CC,CC,CC,AA,AA,AT,TT,CG,AG,AA,AA,CC,GG,TT,CC,TT,AA,AA,TT,CG,GG,CC,GG,CT,GG,CT,AG,CT,CC,CC,CC,AA,TT,CC,AC,CC,CC,AA,AT,AA,AA,CG,CT,CC,GG,AA,AG,AA,CC,GG,NN,CC,AA,AA,GG,TT,GG,AA,TT,CT,GG,CC,TT,GT,TT,CG,AT,GT,TT,AA,NN,GG,CC,GG,CT,CC,CC,CC,CC,AA,AG,AA,CC,TT,CG,GG,TT,GG,AT,AA,AA,TT,CC,GG,AA,CC,CC,GG,GG,AC,GG,TT,AA,AA,CC,GG,AA,CC,AA,AT,GG,TT,TT,AT,GG,GG,AT,CC,TT,GT,AA,GG,AA,TT,AA,TT,CG,TT,AA,CC,CT,CC,AG,CC,AG,CC,TT,CT,GT,GG,AT,AA,CC,AA,GT,CG,CC,GG,CC,GG,AA,AA,CC,TT,GG,CC,GG,AT,GG,CC,AA,CC,AA,AA,AC,CC,AC,TT,AA,GG,AA,AA,AC,AA,AG,AA,GG,AA,TT,GG,AA,AG,CC,AA,CT,AA,AA,GG,AG,GG,TT,AA,AA,GT,TT,TT,AG,AT,GG,GG,AA,2.01,Moderate,Low,Premium,Medium
L0303,Anantapur,Andhra Pradesh,Kharif,Red Sandy,Rainfed,390,31.0,52,AA,TT,GG,AG,GG,CC,GG,TT,CC,CG,AA,CC,CC,TT,TT,GT,CG,TT,TT,AG,CC,GT,GT,CC,TT,CC,TT,AT,GG,AA,CT,CC,AG,CC,GG,GG,GG,CG,GG,CC,TT,CT,AA,TT,AG,AG,TT,TT,CG,AC,GG,AA,AA,GG,CT,TT,AA,AA,GG,AC,AA,TT,TT,AG,TT,TT,CC,GG,TT,GT,AG,GT,CC,AA,GG,AA,TT,GG,TT,TT,GG,GG,GG,CC,AT,AG,AA,AA,CC,TT,CC,GT,CC,TT,TT,AG,TT,CC,GT,CC,CC,CG,GG,AA,AT,TT,CC,AG,AA,AA,CT,GG,TT,CC,GT,AA,AA,AT,CG,AG,CC,AG,CC,GG,TT,AA,CT,CC,CC,CC,AA,GT,AC,AA,CC,CC,AA,AT,AA,AA,NN,CT,CC,GG,AA,GG,AA,CC,GG,CC,CC,AA,AA,GG,GT,GG,AA,TT,CT,NN,CC,TT,TT,TT,CC,AT,TT,TT,AA,TT,GG,CC,AG,CT,CC,CC,CG,CC,AA,GG,GG,CC,TT,CC,GT,GT,GG,AT,AA,AA,TT,AA,GG,AC,CC,CC,GG,GG,AA,GG,TT,AA,AA,CC,GG,AA,AA,AA,AA,GG,TT,TT,AA,GG,GT,AT,CC,TT,GT,AA,GG,AA,CC,AC,TT,CG,CT,AA,CC,TT,GG,AG,CG,AG,CC,TT,CC,TT,GG,TT,AA,AC,AA,GG,CC,CG,GG,CC,GG,TT,AA,CC,TT,GG,CG,CC,AA,AG,CC,AA,CC,AA,AA,AC,GG,AC,TT,AA,GG,AA,AA,AA,AC,AG,AG,AG,AA,TT,GG,AA,AG,AA,AC,CC,AG,AG,GG,GG,GG,GG,AT,AA,GT,TT,TT,AA,AT,GG,GG,AA,3.11,Moderate,Medium,Standard,Early
L0304,Anantapur,Andhra Pradesh,Kharif,Red Sandy,Rainfed,390,31.0,52,AC,CT,GG,AA,CG,CG,GG,AA,CC,CG,AA,CT,CC,TT,GT,GG,CG,TT,TT,AG,CC,TT,TT,CC,TT,CC,TT,TT,GT,AA,TT,CC,AA,CC,AG,GG,GG,CC,GG,CC,TT,CT,AC,TT,AA,GG,TT,TT,CC,CC,GG,AA,AA,GG,CC,GG,AA,AC,GT,AA,AA,GG,AA,AA,TT,AT,CC,GT,TT,GG,AA,GG,CC,AA,AG,AA,AA,GG,TT,TT,GG,GG,GG,CC,AA,GG,AA,AA,CG,GT,CC,GT,NN,TT,TT,GG,TT,CC,TT,CC,TT,CG,AG,AA,TT,TT,CC,AA,AA,AA,CC,GG,TT,CC,TT,AA,AA,TT,CC,GG,CC,GG,CC,GG,TT,AA,CC,CC,CC,CG,AA,TT,CC,AA,CC,CC,AA,TT,AA,AA,GG,CT,CC,GG,AA,AA,AT,CC,GG,CC,CC,AG,GG,GG,TT,AG,AC,GT,CT,GG,CC,TT,TT,TT,NN,AA,TT,CT,AT,AT,GG,CC,AA,CT,CC,CC,CG,CC,AA,AG,AA,CC,TT,CG,GT,TT,GG,TT,AA,AA,TT,CC,GG,AC,CC,CC,GG,GG,AA,GG,TT,AA,AA,CC,GT,NN,AC,AA,AA,GG,GT,AT,AT,GG,GT,AA,CC,AA,GT,AT,GG,AA,CC,AA,TT,CC,CT,AA,CC,TT,GG,AG,NN,AG,CC,AT,TT,GT,GG,TT,AA,CC,AA,GG,CC,CG,GG,CC,GG,TT,AG,CC,TT,GG,CC,CC,AA,GG,CC,AT,CC,AA,AG,AA,CC,AC,TT,AA,CG,AA,NN,AC,AA,AG,AG,AA,AA,AT,GG,AA,GG,AC,AA,TT,AA,AA,GG,GG,GG,TT,AT,AA,TT,TT,TT,AA,TT,GG,GG,AA,1.79,Moderate,Low,Premium,Medium
L0305,Anantapur,Andhra Pradesh,Kharif,Red Sandy,Rainfed,390,31.0,52,AC,TT,GG,AG,GG,CC,GT,TT,CC,GG,NN,CC,CC,AT,TT,GG,GG,TT,TT,AA,CC,GT,GT,CC,TT,CC,TT,AT,GG,AA,TT,TT,AA,CC,GG,GG,GT,CC,GG,CC,TT,CT,AA,TT,AA,AG,CT,TT,CG,AC,NN,AT,AA,GG,CC,TT,AA,AA,GG,AC,AA,TT,TT,AA,TT,AT,CC,GG,TT,GG,AA,GG,CC,AA,GG,AA,AA,AG,TT,TT,GG,GT,GG,CC,AT,GG,AA,AA,CC,GT,AC,TT,CC,AT,GT,GG,CT,AC,GG,CC,CC,GG,GG,AA,TT,TT,CC,NN,AG,AC,CT,GG,TT,CC,GT,AA,AA,TT,CC,GG,CC,GG,CC,GG,CC,AA,CC,CC,CC,CC,AA,TT,AC,AA,CC,CC,AA,TT,AA,AT,GG,CC,CC,GG,AA,AG,AA,NN,GT,CC,CC,AA,AG,GG,TT,GG,AA,TT,TT,AG,CC,TT,TT,CT,CG,AA,TT,TT,AT,AT,GG,CC,AA,CC,CC,CC,GG,CC,AA,GG,NN,CC,TT,CC,GT,TT,GG,AT,AA,NN,TT,CC,CG,AC,AC,CG,GG,GG,AA,GG,TT,AA,AA,CC,GT,AA,AC,AA,AA,GG,TT,AT,AA,GG,GT,AT,CG,TT,GT,AA,GG,AA,TT,AA,TT,CC,CT,AC,CC,CC,GG,GG,CC,AA,CC,TT,TT,GT,GG,TT,AA,AC,AG,GG,CG,CC,GG,CC,GG,TT,AA,CG,TT,AA,CC,CG,AA,GG,CC,AT,CC,AT,AA,AC,CC,AC,TT,AA,GG,AA,AA,AA,AA,AA,AA,AA,AA,TT,GG,AA,GG,CC,AA,CT,AA,AA,CG,AG,CG,TT,AA,AG,TT,TT,TT,AA,TT,GG,GG,AC,3.68,Resistant,Low,Poor,Early
L0306,Anantapur,Andhra Pradesh,Kharif,Red Sandy,Rainfed,390,31.0,52,AC,CT,AG,AA,GG,CC,GG,AT,CC,CG,AA,CC,CG,TT,TT,GG,GG,TT,TT,AA,CC,GT,GT,CT,NN,CC,TT,TT,GG,AA,TT,CC,AA,CC,GG,GG,GG,CG,GG,CC,TT,TT,AA,TT,AA,GG,TT,TT,CC,AC,GG,AA,AA,GG,CC,TT,AA,AA,TT,AA,AA,TT,AA,AA,TT,TT,CC,GG,TT,GG,AA,GG,CC,AG,GG,AC,AA,AG,NN,TT,GG,GG,GG,CC,AT,AG,AA,AA,CC,TT,AC,TT,CC,TT,TT,AG,CT,CC,GG,CC,CC,CG,AG,AA,AT,TT,CC,AA,AG,AA,CC,NN,TT,CC,TT,AA,AA,TT,CC,GG,CC,GG,CC,GG,TT,AA,CT,CC,CC,CC,AA,TT,AC,AA,CC,CT,AA,TT,AA,AA,GG,CC,CC,GG,AA,AG,AA,CC,GT,CC,CC,AA,AA,AG,GT,GG,CC,TT,CT,GG,CC,TT,TT,TT,CC,AT,GT,TT,AA,TT,GG,CC,AA,CC,CC,CC,CG,CC,AA,GG,AA,CC,TT,CC,GG,GT,CG,AT,AA,AA,TT,AC,CG,AA,CC,CG,GG,GG,AA,CC,TT,AA,AA,CC,GG,AT,CC,AA,AA,GG,TT,AT,AA,GG,GG,AA,CC,AT,GT,AA,GG,AA,CT,AA,TT,CC,TT,AA,CC,TT,CG,AA,CC,AA,CC,TT,TT,GT,GG,TT,AC,CC,AG,GG,CC,CC,GG,CC,GG,AA,NN,CC,GT,GG,CC,CC,AT,AA,CC,AA,CC,AA,AA,AC,CG,AC,TT,AA,CG,AA,AA,AC,AA,GG,AG,AG,AA,TT,GG,AA,AA,CC,AC,CT,AA,AA,GG,GG,GG,TT,AA,AA,GT,TT,TT,GG,TT,GG,GG,AA,3.74,Susceptible,Low,Premium,Early
L0307,Anantapur,Andhra Pradesh,Kharif,Red Sandy,Rainfed,390,31.0,52,AC,TT,GG,AG,GG,CG,GT,TT,CC,CC,AA,CT,CG,TT,TT,GG,CG,AT,AT,AG,CC,TT,GT,TT,AT,CC,NN,AT,GG,AA,TT,CC,AA,CC,GG,CG,GT,CG,GG,CC,TT,CC,AC,GT,AG,AG,TT,TT,CC,AC,GT,AA,AA,GG,CT,GT,AT,AC,GT,AC,AG,NN,AT,AG,TT,AT,CC,GG,TT,GT,AA,GG,CC,AA,GG,AA,TT,GG,TT,TT,GG,GG,GG,CC,AA,GG,AA,AA,CC,TT,AC,TT,CT,TT,TT,GG,CC,CC,GG,CC,CC,NN,AG,AA,AT,TT,CG,AA,AG,AC,TT,GG,TT,CC,GT,AC,AA,TT,CC,GG,CC,GG,CC,GT,CT,AA,CT,CC,CC,CC,AA,TT,CC,AA,CC,CC,AA,AA,AA,AT,GG,CC,CC,GG,AA,AG,AA,CC,GT,CC,CC,GG,GG,GG,GT,GG,AA,GT,CT,GG,CC,GG,GT,TT,CG,AA,TT,TT,AT,TT,GG,CC,AA,CT,CC,CC,CG,CC,AA,GG,AA,CC,TT,CC,GG,GT,CG,TT,AA,AA,TT,CC,CG,AC,AC,CC,GG,GG,AA,GG,TT,AC,AA,CG,GG,AT,CC,AA,AA,GG,TT,AT,AT,CG,GT,AT,CC,TT,GT,AA,GG,AA,CT,AA,TT,CC,TT,AC,CC,CC,GG,AA,CC,AA,AC,TT,CT,TT,GG,TT,AA,CC,AA,GG,CC,CC,NN,CC,GT,AA,AG,CC,GT,GG,CG,CG,AT,GG,NN,AA,CC,AA,AA,CC,CC,AC,AT,AA,GG,AA,AA,CC,AA,GG,AA,AA,AA,AT,GG,AC,AG,AC,AA,CC,AA,AA,GG,AG,GG,TT,AA,GG,TT,TT,TT,AG,TT,GG,GG,AA,5.17,Moderate,Medium,Premium,Late
L0308,Anantapur,Andhra Pradesh,Kharif,Red Sandy,Rainfed,390,31.0,52,CC,TT,AG,AG,GG,CC,GG,TT,CC,GG,AA,CT,CG,TT,TT,GG,CC,TT,TT,AG,CC,TT,TT,CT,TT,CC,TT,TT,TT,AA,TT,CT,AA,CC,GG,CG,GG,CC,GG,CC,TT,CC,AA,TT,AA,GG,TT,AA,CC,AC,GG,AA,AA,GG,CC,TT,AA,AA,TT,AC,AA,TT,AT,AA,TT,TT,CC,GG,TT,GT,AG,GG,CC,AA,NN,AA,AA,GG,TT,TT,GG,GG,GT,CC,NN,GG,AA,AT,CC,GG,CC,TT,CT,TT,GT,GG,TT,CC,GT,CC,CT,CG,GG,AA,TT,TT,CC,AA,GG,AA,CC,GG,GT,CC,TT,AC,AA,TT,CG,GG,CC,GG,CC,GG,TT,GG,CC,CC,CC,CC,AA,TT,AC,AA,CC,CC,AG,TT,AA,AA,GG,CT,CC,GG,AA,AA,AA,CC,GG,CC,CC,AA,AG,AG,TT,GG,AC,TT,TT,GG,CC,TT,GT,CT,CG,AT,GT,TT,AA,AT,CG,CC,AG,CC,CC,CC,CG,CC,AA,GG,AG,CC,TT,CG,GT,TT,GG,TT,AA,AA,GT,CC,CG,AA,AC,CG,GG,GG,AC,GG,TT,AC,AA,CC,GG,AT,CC,AA,AT,GG,TT,TT,AA,CG,GG,AA,CC,AA,TT,AA,GG,AA,CT,AA,TT,CC,TT,AA,CC,TT,CG,AG,CC,AA,CC,TT,CT,TT,GG,TT,AC,CC,AA,GG,CC,CG,GG,CC,GG,TT,AA,CG,GG,GG,CC,CC,AT,GG,CG,AT,CC,AA,AA,AC,CC,AC,TT,NN,GG,AA,AC,AC,AA,AG,AA,AA,AA,AT,GG,AA,AA,CC,CC,CT,AA,AA,GG,GG,GG,TT,AA,AA,TT,TT,TT,AA,TT,GG,CG,AA,1.34,Susceptible,Low,Premium,Medium
L0309,Anantapur,Andhra Pradesh,Kharif,Red Sandy,Rainfed,390,31.0,52,AC,CT,GG,AA,GG,CC,GG,TT,CC,GG,AT,CC,CC,AT,TT,GT,GG,TT,TT,AG,CC,TT,TT,CC,TT,CC,TT,TT,GG,AA,CT,CC,AA,CC,GG,GG,GG,NN,GG,CC,TT,CT,AA,TT,AA,AG,TT,AT,CC,AA,GG,AA,AA,GG,CC,TT,AA,AA,TT,AA,AA,TT,TT,AA,TT,AT,CC,GG,TT,GG,AA,GT,CC,AA,AG,AA,AA,GG,TT,TT,GG,GT,GG,CC,AA,GG,AA,AA,CC,TT,CC,TT,CC,AT,TT,GG,TT,CC,TT,CC,NN,CG,GG,AA,TT,TT,CG,AA,AA,AA,CT,GG,TT,CG,TT,AA,AA,AT,CC,GG,CC,AG,CC,GT,CT,AA,CT,CC,CC,CC,AA,TT,CC,AA,CC,CC,AA,TT,AA,AT,GG,CC,CC,GG,AA,AA,AA,CC,GG,CC,CC,AG,AG,GG,TT,GG,AA,TT,TT,GG,CC,TT,GT,TT,CG,AT,TT,TT,AA,AT,GG,CC,AA,CT,NN,AC,GG,CC,AT,GG,AA,AC,TT,CC,NN,TT,GG,AT,AA,AG,TT,CC,GG,AC,CC,CC,GG,GG,AC,GG,TT,AC,AA,NN,GG,AA,AA,AA,TT,GG,TT,AT,NN,GG,GG,AT,CC,AT,TT,AA,GG,AA,CT,AA,TT,CC,TT,AA,CC,TT,CG,AA,CC,AA,AC,TT,TT,GG,GG,TT,AA,AC,AG,GG,CC,CC,GG,CC,GG,AT,AA,CC,TT,GG,CC,CG,AA,GG,CC,AA,CG,AA,AA,AA,CG,CC,TT,AA,GG,AA,AC,AC,AA,AA,GG,AG,AA,AT,GG,AA,AA,CC,AA,TT,AA,AA,GG,AG,GG,TT,AA,AA,TT,TT,TT,AG,AA,GG,GG,AA,4.43,Susceptible,Medium,Premium,Late
L0310,Anantapur,Andhra Pradesh,Kharif,Red Sandy,Rainfed,390,31.0,52,AA,TT,GG,NN,GG,CG,GT,TT,CC,CG,AA,CC,CC,TT,TT,GG,CG,TT,TT,AG,CC,TT,TT,CC,TT,CC,GT,AT,GG,AA,TT,TT,AA,CC,GG,GG,GG,CG,GT,CC,TT,TT,AC,TT,AG,AG,CT,TT,CC,CC,GG,TT,AA,GG,CC,TT,AT,AA,GT,AC,AA,GT,TT,AG,TT,TT,CC,GG,TT,TT,AA,GG,CC,NN,AG,AC,AA,GG,TT,TT,GG,GG,GT,CC,AA,GG,AA,AA,CG,TT,CC,TT,CC,TT,TT,AG,CT,CC,GT,CC,CC,CC,GG,AA,TT,TT,CG,AA,AG,AC,CT,GG,TT,CG,TT,AC,AA,TT,CC,AG,CC,GG,CT,GT,TT,AA,CC,CC,AC,CC,AA,TT,CC,AA,CC,CT,AA,AT,AG,AA,GG,CC,CC,GG,AA,AG,AT,CC,GT,CC,CC,AA,AA,GG,GT,AG,CC,TT,TT,GG,CC,GT,TT,TT,GG,AA,NN,TT,TT,TT,GG,CC,AA,CT,CC,AA,CG,CC,AA,GG,AG,CC,TT,CC,GG,GG,GG,AT,AA,NN,TT,AC,GG,AA,AC,NN,GG,GG,AC,GG,TT,AA,AA,CC,GG,AA,CC,AA,AT,GT,TT,AA,AA,GG,TT,AT,GG,AT,GT,AA,GG,AA,TT,AA,TT,CC,NN,AA,CC,CT,CG,AA,CG,AG,CC,NN,CT,GT,GG,AT,AA,CC,AG,GG,CC,CC,GG,CC,GG,AT,AA,CC,TT,GG,CC,CC,AA,GG,CC,AT,CC,AA,AA,AC,CC,CC,AT,AA,GG,AA,AC,AA,AA,GG,AG,AG,AA,AT,CG,AA,AG,AC,AC,CT,AA,AA,GG,GG,GG,TT,AA,AA,TT,TT,TT,AA,TT,GG,GG,AA,2.19,Resistant,Medium,Standard,Medium
L0311,Anantapur,Andhra Pradesh,Kharif,Red Sandy,Rainfed,390,31.0,52,CC,CT,GG,AG,GG,CC,GT,AT,CC,CC,AA,CC,CG,TT,GT,GG,CG,TT,TT,AA,CC,GT,TT,CC,TT,CC,GT,AT,GG,AA,TT,CC,AA,CC,GG,GG,GG,CC,GG,CC,TT,TT,AA,TT,AA,GG,TT,TT,CC,CC,GT,AA,AA,GG,CC,TT,AT,AC,GT,AA,AA,TT,AT,GG,TT,TT,CC,GG,TT,GT,AA,GG,AC,AA,GG,AA,AA,GG,GT,TT,GG,GG,GG,CC,AT,GG,AA,AT,CC,GT,AC,TT,CC,TT,TT,GG,CT,AC,GT,CC,CC,CG,AA,AA,TT,TT,GG,AA,AA,AC,CT,GG,TT,CC,GT,AA,AA,TT,CG,GG,CC,GG,CC,GT,TT,AA,CC,CC,CC,CC,AA,TT,AC,AC,CC,CT,AA,TT,AG,AA,CG,CC,CC,GG,AA,AA,AA,CC,GG,NN,CG,AA,AA,GG,TT,AG,AC,TT,CT,AG,CC,TT,GT,TT,CC,AA,GT,TT,AA,AT,GG,CC,AA,TT,CC,CC,CG,CC,AA,GG,AA,CC,TT,CG,GT,TT,GG,AT,AA,NN,GT,AC,GG,AC,CC,CG,NN,GG,AA,GG,TT,AA,AA,CC,GG,AT,CC,AT,AT,GG,TT,TT,AA,GG,GT,AA,CC,TT,GT,AT,GG,AA,TT,AA,TT,CC,TT,AA,CC,CT,GG,AA,CC,GG,CC,TT,CT,GT,GG,TT,AC,AC,AG,GG,CC,CC,GG,CC,GG,TT,AA,CC,GT,GG,CC,CG,AA,GG,CC,TT,CC,AA,AA,AC,CG,AA,TT,AA,GG,AA,AA,AC,AC,AG,AG,AA,AG,TT,GG,CC,AA,AC,AC,CT,AA,AA,CG,GG,GG,TT,AA,AA,TT,TT,TT,GG,TT,GG,CG,NN,0.91,Moderate,Medium,Premium,Late
L0312,Anantapur,Andhra Pradesh,Kharif,Red Sandy,Rainfed,390,31.0,52,AC,TT,GG,AG,NN,CC,GG,TT,CC,CG,AA,CC,CG,TT,GT,GT,CG,TT,TT,AA,CC,NN,TT,CC,AT,CC,TT,AT,GG,AA,CC,CT,AA,AC,AG,CG,GG,CG,GG,CC,TT,TT,AA,TT,AG,GG,TT,AT,CC,AC,GG,AA,AA,GG,CC,TT,AA,AC,GT,AC,AA,GT,TT,AA,TT,TT,CC,GG,TT,GT,AG,TT,CC,AA,AG,AC,AA,AG,TT,TT,GG,GG,GG,CC,AA,GG,AA,AA,CC,GG,AC,TT,CC,TT,TT,GG,TT,CC,GT,CC,CC,CG,AG,AA,TT,TT,CC,AA,AA,AC,CC,GG,TT,CC,TT,AA,AC,TT,CG,GG,CC,GG,CT,GG,CT,AG,CC,CC,CC,CC,AA,TT,CC,AA,CC,CC,AA,TT,AA,AT,GG,CC,CC,GG,AA,AG,AA,CC,GG,CC,CC,AA,AG,GG,TT,GG,CC,TT,TT,GG,CC,GT,GT,TT,CG,AA,GT,TT,AA,TT,CG,CC,AG,CC,CC,CC,CG,AC,AA,GG,AG,CC,TT,CC,GT,TT,CC,AT,AA,NN,TT,CC,CG,AC,AC,CC,GG,GG,AA,CG,TT,AC,AG,NN,GT,AA,AC,AA,TT,GT,TT,AT,AA,GG,GT,AA,CG,AT,TT,AA,GG,AA,TT,AA,TT,CC,CT,AA,CC,TT,CC,AG,CC,AA,CC,AA,TT,TT,GG,TT,AA,AC,AA,GG,CC,CG,CG,CC,GG,TT,AA,CG,GT,GG,CC,CC,AT,GG,CC,AA,CC,AA,AG,AC,CC,CC,TT,AA,GG,AA,AA,AC,AA,AG,AG,AA,AA,AT,CG,AC,GG,CC,AC,TT,AA,AA,GG,GG,GG,TT,NN,AA,TT,NN,TT,AA,TT,NN,GG,AA,2.62,Susceptible,Low,Premium,Medium
L0313,Anantapur,Andhra Pradesh,Kharif,Red Sandy,Rainfed,390,31.0,52,AA,TT,GG,AG,CG,CC,GT,TT,CG,CG,AT,CC,GG,AT,TT,GG,GG,TT,TT,AG,CG,TT,GT,CT,TT,NN,TT,AT,GG,AA,TT,CC,AA,CC,GG,GG,GT,CC,GG,CC,TT,CT,AA,TT,AA,AG,TT,TT,CC,AC,GT,AA,AA,CG,CT,TT,AA,AA,GT,AC,AA,TT,AT,AA,TT,AA,CC,GG,TT,GT,AA,GT,CC,AA,AG,AC,AA,GG,TT,TT,GG,GG,GT,CC,AA,GG,AA,AA,CC,GG,CC,TT,CC,AT,TT,GG,TT,AC,GT,CC,CC,CC,GG,AA,TT,GT,CC,AA,AG,AC,CC,GG,TT,CC,TT,AA,AA,TT,CC,GG,CG,GG,CC,GG,TT,AG,CT,CC,CC,CC,AA,TT,CC,AA,CC,CT,AA,TT,AG,AT,GG,CC,CC,GG,AA,AG,AT,AA,GG,CC,GG,AA,AA,AG,TT,NN,AA,TT,CT,GG,AA,GT,TT,TT,CC,AA,GT,TT,AA,TT,GG,CC,AG,CT,CC,CC,GG,CC,TT,GG,AA,CC,TT,CC,GT,TT,GG,TT,AG,AA,TT,AC,GG,AA,AC,CC,GG,AG,AC,CG,TT,AC,AA,CG,GG,AA,AC,AA,AA,GG,TT,TT,AT,CC,GG,AT,CC,AT,GT,AA,GG,AA,CT,AA,TT,CG,TT,AC,CC,CT,GG,AA,CC,GG,CC,TT,TT,TT,GG,TT,AA,CC,AG,GG,CG,CC,GG,CG,GG,TT,AG,CC,TT,GG,CC,CG,AA,GG,CC,AA,CC,AA,AA,CC,CC,AA,TT,AA,GG,AA,AC,AC,AC,GG,GG,AA,AA,TT,CG,AC,AG,AC,AA,TT,AA,AG,GG,AG,GG,TT,AA,AA,TT,TT,TT,NN,TT,GG,GG,AA,1.42,Susceptible,Medium,Poor,Late
L0314,Anantapur,Andhra Pradesh,Kharif,Red Sandy,Rainfed,390,31.0,52,AA,TT,GG,AG,GG,CC,GT,AT,CC,CC,AA,CT,GG,TT,TT,GG,GG,TT,TT,AA,CC,GT,TT,CC,TT,CC,TT,TT,GG,AA,TT,CC,AA,CC,GG,CG,GG,CG,GG,CC,TT,CT,AC,GT,AA,AG,TT,AT,CC,CC,GT,AA,AA,GG,CC,TT,AA,AA,GT,AC,AG,GT,AT,AA,TT,TT,CC,GG,NN,TT,GG,GG,CC,AA,GG,AC,AT,NN,TT,CT,GG,GG,GG,CC,AA,GG,AA,AA,CC,GT,AC,TT,CT,TT,TT,GG,TT,CC,TT,CC,CT,CC,AA,AA,TT,TT,CC,AA,AA,AA,CC,GG,GT,CC,TT,AA,AA,TT,CC,GG,CC,GG,CC,GT,TT,AG,CC,CC,CC,CC,AA,TT,CC,AA,AC,CC,AA,TT,AA,AA,GG,CC,CC,GG,AA,AA,AT,CC,GG,CC,CC,GG,AA,GG,TT,GG,AA,TT,CC,GG,CC,GT,TT,CT,CG,AT,TT,CT,AT,TT,GG,CC,AA,CC,CC,CC,GG,CC,AA,GG,AG,CC,TT,CC,GT,TT,CG,AT,AA,AA,GT,CC,GG,AA,CC,NN,GG,GG,AC,GG,TT,AC,AA,CG,GG,AT,CC,AA,AT,GG,TT,AT,AA,GG,GG,AT,CC,TT,GT,AA,GG,AA,CT,AA,AT,CC,CT,AA,CC,TT,GG,AA,CC,AA,CC,TT,TT,TT,GG,TT,AA,CC,AA,GG,CC,CC,GG,CC,GG,TT,AA,CC,GT,GG,CG,CC,AA,GG,CC,AT,CC,AA,AA,CC,GG,AC,AT,AA,GG,AA,AA,AC,AC,GG,AG,AA,AA,AT,GG,AA,AA,AC,AC,CT,AA,AA,GG,AG,GG,TT,AA,AG,TT,TT,TT,AG,AT,GG,GG,AA,3.47,Resistant,Low,Standard,Medium
L0315,Anantapur,Andhra Pradesh,Kharif,Red Sandy,Rainfed,390,31.0,52,AC,CT,GG,NN,CG,CC,GG,TT,CC,GG,AA,CC,CG,TT,TT,GG,GG,TT,TT,AG,CG,GT,GT,CC,TT,CC,TT,TT,GT,AA,TT,CC,AA,CC,GG,GG,GG,CC,GG,CC,TT,CT,AA,TT,AA,AG,TT,AT,CC,CC,GG,NN,AA,GG,CC,TT,AA,AC,GT,AA,AA,GT,AT,AG,TT,TT,CC,GG,TT,GG,AA,NN,AC,AA,GG,AA,AT,GG,TT,TT,GG,GT,GG,CC,AT,GG,AA,AA,CG,TT,CC,TT,CC,TT,TT,GG,TT,CC,GT,NN,CC,GG,AA,AA,TT,TT,CG,AG,AA,AA,CT,GG,TT,CC,TT,AA,AA,TT,CC,AG,CC,GG,CC,GT,TT,NN,CT,CC,AC,GG,AA,TT,NN,AA,CC,CT,AA,AT,AA,AA,GG,CT,CC,NN,AG,AA,AA,CC,GG,CC,CC,AA,AG,NN,TT,GG,AA,GT,CC,AG,AC,TT,GT,TT,CC,AT,TT,TT,AA,TT,GG,CC,AA,CT,CC,NN,CG,CC,AA,GG,GG,CC,TT,CC,GG,GT,GG,AA,AA,AG,TT,CC,CG,AA,AC,CG,GG,GG,AC,CG,CT,AA,AA,CC,GG,AA,CC,AA,AA,GG,TT,AT,AT,GG,GG,AA,CC,AT,TT,AA,GG,AG,TT,AA,TT,CC,TT,AA,CC,NN,CG,AG,CC,AG,CC,TT,CT,TT,GG,TT,AC,CC,AG,GG,CC,CC,GG,CC,GG,AT,AA,CC,GT,GG,CC,CC,AA,GG,CC,TT,CC,AT,AA,CC,CG,CC,TT,AA,GG,AA,AA,CC,AA,GG,AG,AG,AA,TT,GG,AA,GG,CC,AC,TT,AA,AA,CG,GG,GG,TT,AT,AA,TT,TT,TT,AG,TT,GG,CG,AA,1.87,Moderate,Medium,Poor,Early
L0316,Anantapur,Andhra Pradesh,Kharif,Red Sandy,Rainfed,390,31.0,52,AA,TT,GG,AA,GG,CC,TT,TT,CC,CG,AT,CC,CG,TT,TT,GG,CG,TT,TT,AA,CC,TT,GG,CC,TT,NN,TT,TT,GG,AC,TT,CT,AA,CC,GG,GG,GG,CC,GG,AC,TT,TT,AA,NN,AA,AG,TT,TT,CC,AA,GT,AT,AA,CG,CC,TT,AT,AA,GG,AA,AG,TT,AT,AA,CT,TT,CC,GG,TT,GG,AA,GT,CC,AG,GG,AC,AA,GG,TT,TT,GG,GT,TT,CC,AA,GG,AA,AA,CC,TT,AC,TT,CC,TT,TT,GG,CT,CC,TT,CC,CC,CG,AG,AA,AT,TT,CC,AA,GG,AA,CC,GG,TT,CC,GT,AA,AA,AT,CG,GG,CC,AG,CC,GT,CT,AA,CT,CC,CC,CG,AA,TT,CC,AA,CC,CC,AA,TT,AA,AA,GG,CC,CC,GG,AA,AG,AA,CC,GT,CC,CG,AA,AA,GG,TT,GG,CC,GT,CT,NN,AA,TT,TT,TT,CC,AA,GT,TT,AA,TT,GG,CC,AG,TT,CC,CC,GG,CC,AA,GG,AG,CC,TT,CC,GT,TT,GG,TT,AA,AG,TT,CC,CG,AA,CC,CC,GG,GG,AC,CC,TT,AA,AA,CG,GG,AT,CC,AA,AA,GT,GT,TT,AT,CG,TT,AT,CC,AT,TT,AA,GG,AA,CT,AA,TT,CC,TT,AA,CC,CT,CC,GG,CG,AG,CC,TT,TT,TT,GG,TT,AA,CC,AA,GG,CC,CC,GG,CC,GG,AT,AA,CC,TT,GG,CG,CG,AA,GG,CC,AT,CC,AA,AA,AC,CG,CC,TT,AA,GG,AA,AA,CC,AC,AG,GG,AG,AA,TT,GG,AA,AG,AA,AC,CT,GG,AG,GG,GG,GG,TT,AT,GG,TT,TT,AT,AG,AA,GG,GG,AA,2.99,Moderate,High,Poor,Late
L0317,Anantapur,Andhra Pradesh,Kharif,Red Sandy,Rainfed,390,31.0,52,AA,CT,GG,AG,GG,CG,GT,AT,CC,CG,AA,CC,CC,TT,TT,GG,CG,TT,TT,AG,CC,NN,TT,CC,TT,CC,TT,TT,GG,AA,TT,CC,NN,CC,GG,GG,GG,CG,GG,CC,GT,CT,AA,GT,AG,GG,TT,TT,CG,AA,GG,AA,AG,GG,CC,TT,AA,AA,GT,AC,AA,TT,TT,AG,TT,AT,CC,GG,CT,GG,AG,GT,CC,AA,GG,AC,AT,AG,TT,TT,GG,GT,GG,CC,AA,GG,AG,AA,CC,TT,CC,TT,CT,TT,TT,AG,TT,CC,GG,CC,CT,GG,GG,AA,TT,TT,CG,AA,AG,AC,CT,GG,TT,CC,TT,AC,AA,TT,CC,AG,CC,AG,CC,GT,CC,AA,CC,CC,CC,CC,AA,TT,CC,AA,CC,CT,AA,TT,AA,AA,CG,CT,CC,GG,AA,AA,AA,AC,GG,CC,CC,AG,AA,GG,TT,GG,AC,GT,CC,AG,CC,TT,TT,TT,NN,AT,TT,CT,TT,TT,GG,CC,AG,CC,CC,CC,GG,CC,AA,GG,AG,CC,TT,CC,GG,TT,CG,AT,AG,AA,TT,CC,GG,AA,CC,CC,GG,GG,AA,GG,TT,AC,AA,NN,GG,AA,CC,AA,AA,GG,TT,AT,AA,CG,GG,AA,CC,AT,GT,AA,GG,AA,TT,AA,TT,CC,CT,AC,CC,CT,GG,AA,CC,AG,AC,TT,TT,TT,GG,NN,AC,CC,AG,GG,CC,CC,GG,CC,GG,TT,AA,CC,GT,GG,CC,CG,AA,NN,CC,NN,CC,AT,AA,AC,CC,AA,TT,AA,GG,AA,AA,AC,AC,AG,AG,AA,AA,TT,GG,CC,AG,AC,AA,TT,AG,AA,GG,GG,GG,TT,AT,AG,TT,TT,TT,AG,AA,GG,GG,AC,4.56,Resistant,Low,Premium,Late
L0318,Anantapur,Andhra Pradesh,Kharif,Red Sandy,Rainfed,390,31.0,52,NN,CT,AG,AA,GG,CC,GT,AT,CC,CG,AT,TT,CG,AT,TT,GT,GG,TT,TT,AG,CC,GT,GG,CT,TT,CC,TT,TT,GT,AA,TT,NN,AA,CC,GG,GG,GG,CC,NN,CC,TT,CT,AA,TT,AA,AG,CT,TT,CC,AC,GG,NN,AA,GG,CC,TT,AA,AC,GT,AA,AA,TT,AT,AA,TT,TT,CC,GG,TT,GT,AA,GT,CC,AA,GG,AA,TT,GG,TT,TT,GG,GG,GG,CC,AA,AG,AA,AT,CC,GT,AC,TT,CT,TT,TT,AG,TT,CC,TT,CC,CC,GG,AG,AA,TT,TT,CC,AA,GG,AA,CT,GG,TT,CC,TT,AC,AC,TT,CC,GG,CC,GG,CC,GT,CT,NN,CC,CC,CC,CC,AA,TT,CC,AA,CC,CT,AA,TT,AA,NN,CG,CT,CC,GG,AA,AA,AA,CC,GG,CC,CC,AA,AA,GG,GT,GG,AA,TT,CT,GG,AC,GT,NN,CT,CC,AT,TT,TT,AA,AT,GG,CG,AG,CT,CC,CC,GG,CC,AA,GG,AG,CC,TT,CC,GT,TT,CC,TT,AA,AA,TT,CC,GG,AA,AC,CG,GG,GG,AC,CG,TT,AA,AG,CG,GT,AA,CC,AA,AA,GT,TT,AT,AA,GG,GT,AT,GG,AT,TT,AA,GG,AA,CT,AA,TT,CC,TT,AA,AC,CT,GG,AA,CG,AG,CC,AT,CT,TT,GG,TT,AA,AA,AG,GG,NN,CC,GG,CC,GG,TT,AA,CC,TT,GG,CG,CG,AA,AG,CG,AT,CC,AA,AA,AC,CG,CC,TT,AA,GG,AA,AA,AA,AA,GG,AA,AG,AA,TT,GG,AA,AA,AA,AA,CT,AA,AA,GG,GG,CG,TT,AT,AA,TT,TT,TT,AA,TT,GG,GG,AA,4.57,Moderate,Low,Poor,Medium
L0319,Anantapur,Andhra Pradesh,Kharif,Red Sandy,Rainfed,390,31.0,52,AC,TT,GG,AG,GG,CC,GG,TT,CC,CC,AA,CC,GG,AT,TT,GG,GG,TT,TT,AA,CC,GT,TT,CC,AT,CC,TT,AT,GG,AA,TT,CC,AA,CC,GG,CG,GG,CC,GG,CC,TT,CC,AA,GT,AA,GG,TT,TT,CC,AC,GT,AA,AG,GG,CT,TT,AA,AA,GG,AC,AA,TT,AT,AA,TT,TT,CC,GG,TT,GG,AA,GG,CC,AA,GG,CC,AT,GG,GT,TT,GG,GG,GG,CC,AA,GG,AA,AA,CC,GT,CC,TT,CT,TT,GT,GG,TT,CC,TT,CC,CC,CG,GG,AA,TT,TT,CG,AA,AA,AA,CT,GG,TT,CG,GT,AC,AA,TT,CG,GG,CC,GG,CT,GG,CT,AA,CC,CC,CC,CC,AA,GT,CC,AA,AC,CC,AA,TT,AA,AA,CG,CC,CC,GG,AA,AA,AA,CC,GG,CC,CC,AG,AA,GG,TT,GG,AA,TT,TT,GG,CC,TT,GT,CT,CC,AT,TT,TT,AA,TT,GG,CC,AA,CC,CC,CC,CG,CC,AA,GG,AG,CC,TT,CC,GT,TT,CG,AT,AA,AG,TT,AC,CG,AA,AC,CC,GG,GG,AC,GG,TT,AC,AA,CC,GG,AA,AC,AT,AT,GG,TT,TT,AA,GG,GT,AA,CC,TT,TT,AA,GG,AA,CT,AA,TT,CC,TT,AA,AC,TT,CC,GG,CC,AA,CC,TT,TT,GT,GG,TT,AA,AC,AG,GG,CC,CG,GG,CC,GG,AT,AA,CC,TT,GG,CG,CC,AT,GG,CC,AA,CC,AA,AA,AC,GG,AC,TT,AA,GG,AA,AA,AA,AA,GG,GG,AG,AG,AT,GG,AC,AG,CC,AA,CC,AA,AG,NN,GG,GG,GT,AA,AA,TT,TT,TT,AA,TT,GG,GG,AA,2.82,Susceptible,Low,Premium,Early
L0320,Anantapur,Andhra Pradesh,Kharif,Red Sandy,Rainfed,390,31.0,52,AA,TT,GG,AA,GG,NN,GG,AA,NN,GG,AA,CC,CG,TT,TT,GT,GG,TT,TT,AG,CC,TT,GT,CC,NN,CC,GT,TT,GG,AA,NN,CC,AA,CC,GG,GG,GG,CC,GG,CC,GT,CT,AA,TT,AA,AG,TT,AT,CC,CC,GT,AT,AA,GG,CC,GT,AA,AA,GT,AC,AA,TT,AA,GG,CT,NN,CC,GG,TT,GG,AG,GG,CC,AA,GG,AC,AT,GG,TT,TT,GG,GG,GT,CC,AA,NN,AA,AT,CC,GG,CC,TT,CT,TT,GT,GG,TT,CC,TT,CT,TT,CC,GG,AA,TT,TT,CC,AA,GG,AA,CC,GG,TT,CC,GT,AA,AC,TT,CC,AG,CC,GG,CC,GG,CT,AA,CC,CC,CC,CC,AA,TT,AA,AA,CC,CC,AA,TT,AA,AA,GG,CT,CC,GG,AA,GG,AA,CC,GG,CC,CC,AA,AG,AG,GT,GG,CC,GT,CT,AG,AC,GG,TT,TT,CC,AT,GT,TT,AA,AT,CG,CC,AA,CC,CC,CC,CG,CC,AT,GG,AA,CC,TT,CC,GT,TT,GG,AT,AA,AA,GT,CC,CG,AA,CC,CC,GG,GG,AC,CC,TT,AC,AA,CC,GG,AA,AC,AA,AT,GG,GT,AT,AA,GG,GG,AA,CC,AT,TT,AA,GG,AG,TT,AA,TT,CG,TT,AC,CC,TT,GG,AG,CC,AA,NN,TT,CT,GT,GG,TT,CC,CC,AG,GG,CC,CC,GG,CG,GG,TT,AA,CC,TT,AG,CC,CC,AT,AG,CC,AA,CC,AA,AA,CC,CG,AC,TT,AA,GG,AA,AA,AA,AA,AG,AG,AG,AA,TT,GG,AA,AG,AA,AA,TT,AA,AA,GG,AG,GG,GT,AA,GG,TT,TT,TT,AG,TT,GG,CG,AA,2.44,Moderate,Low,Poor,Early
L0321,Anantapur,Andhra Pradesh,Kharif,Red Sandy,Rainfed,390,31.0,52,AC,TT,GG,AA,GG,CG,GG,AT,CC,CG,AA,CC,CC,AT,TT,GG,CG,TT,TT,NN,CC,TT,GG,CC,TT,CC,GT,TT,GG,AA,TT,CT,AA,CC,GG,CG,GG,CC,GG,CC,TT,TT,AC,GT,AG,GG,CT,TT,CG,CC,GT,AA,AG,GG,CC,NN,AT,AC,NN,AA,AA,GT,TT,AA,CT,TT,CC,GG,TT,GT,AA,GG,CC,AA,GG,AC,AT,GG,TT,TT,GG,GG,GG,CC,AA,GG,AA,AA,CC,GT,CC,TT,CT,NN,TT,GG,TT,CC,TT,CC,CC,GG,AA,AA,AT,TT,CC,AA,AG,AA,CC,GG,TT,CC,TT,AA,AA,TT,CC,AG,CG,GG,CC,GG,TT,AG,CC,CC,CC,CC,AA,TT,CC,AA,CC,CC,AA,TT,AG,AT,GG,CT,CC,GG,AA,AA,AA,AC,GG,CC,CC,NN,AA,AG,TT,GG,AC,TT,TT,GG,CC,GG,NN,TT,CG,AT,TT,CT,AT,AT,CG,CG,GG,CC,CC,CC,GG,CC,AA,GG,AG,CC,TT,CC,GT,TT,GG,TT,AA,AA,TT,CC,GG,AA,AC,CC,GG,GG,AC,GG,TT,AC,AA,CC,GG,AT,CC,AA,AA,GT,TT,AA,AA,NN,GT,AA,CC,TT,GT,AA,GG,AA,TT,AA,TT,CC,CT,AC,CC,TT,CG,AG,CC,GG,CC,TT,CT,TT,GG,TT,AA,CC,AA,GG,CC,CC,GG,CC,GG,TT,GG,CC,GT,GG,CG,CC,AA,AG,CC,AT,CC,AA,AA,AC,CC,AC,TT,AG,GG,AA,CC,AA,AA,AG,AA,AA,AA,TT,GG,AA,AG,AC,AA,CT,AA,AA,GG,AG,GG,TT,AA,AA,TT,TT,TT,AG,TT,GG,GG,AA,3.24,Susceptible,Low,Premium,Early
L0322,Anantapur,Andhra Pradesh,Kharif,Red Sandy,Rainfed,390,31.0,52,AA,CT,GG,AG,GG,CC,GT,TT,CC,CG,TT,CT,CC,TT,TT,GT,CG,TT,TT,AA,CC,TT,GT,CC,TT,CT,TT,TT,GG,AA,TT,CT,AG,CC,GG,GG,GG,CC,GG,CC,TT,TT,AA,TT,AA,GG,TT,AT,CC,AC,GG,AA,AA,GG,CT,TT,AA,AA,GT,AA,AA,TT,AT,AA,CT,TT,CC,GG,TT,GG,AG,GG,CC,AA,GG,AC,AA,GG,TT,TT,GG,TT,GG,CC,AA,GG,AA,AA,CC,GT,CC,TT,CC,TT,GT,GG,CC,CC,TT,CC,CC,CG,GG,AA,AT,TT,CC,AA,AA,AA,CC,GG,TT,CG,NN,AA,AA,TT,CC,GG,CC,GG,CC,GG,TT,AA,CC,CC,CC,CC,AA,TT,CC,AA,CC,CC,AA,TT,AA,AA,CG,CT,CC,GG,AG,AG,AA,CC,GG,CC,CC,AA,AA,GG,TT,NN,AC,TT,CT,AG,CC,TT,GT,TT,CC,AT,TT,TT,AA,AT,GG,CC,AG,CC,CC,CC,GG,CC,AA,GG,AG,CC,TT,CC,GT,GT,CC,AT,AA,AG,TT,NN,GG,AA,AC,CC,GG,AG,AC,GG,TT,AC,AA,CC,GT,AA,CC,AA,AA,GG,GT,TT,AA,CG,GT,AA,CC,AT,TT,AA,GG,AG,TT,AC,TT,CC,TT,AC,CC,CT,CC,AA,CC,AG,CC,TT,TT,GT,GG,TT,AA,AC,GG,GG,CC,CC,GG,CC,GG,AT,AA,CG,TT,GG,CC,CG,AA,AG,CC,AA,CG,AT,AA,CC,CC,CC,NN,AA,GG,NN,AA,AC,AA,GG,AG,AG,AG,TT,GG,AA,AG,NN,AA,TT,AA,AG,GG,GG,GG,TT,AA,AA,TT,TT,TT,AA,TT,GG,GG,AA,5.41,Susceptible,Low,Premium,Early
L0323,Anantapur,Andhra Pradesh,Kharif,Red Sandy,Rainfed,390,31.0,52,AA,TT,GG,AG,GG,CC,GT,TT,CC,CG,AT,CC,CC,AT,TT,GG,GG,TT,TT,AG,CC,TT,TT,CC,TT,CC,TT,AT,GG,AA,TT,CC,AA,CC,GG,CG,GG,CC,GG,CC,TT,CT,AA,GT,AA,AG,TT,TT,CC,CC,NN,AA,AA,GG,NN,TT,AA,AA,GT,AA,AG,GT,AT,GG,CT,TT,CC,GG,TT,GG,AA,GG,CC,AA,GG,AA,AA,GG,TT,TT,GG,GG,GG,CC,AT,GG,AA,AT,CC,TT,AC,TT,CC,TT,GG,GG,TT,CC,GT,CC,CT,CC,GG,AA,TT,TT,CC,AA,AG,AA,CC,GG,TT,CG,TT,AA,AA,TT,CG,AG,CC,GG,CC,GG,CT,AA,CC,CC,CC,CC,AG,TT,CC,AA,CC,CC,AA,AA,AA,AA,GG,CC,CC,GG,AG,AA,AT,AC,TT,CC,CC,AA,NN,GG,TT,GG,AA,GT,TT,GG,CC,GT,GT,TT,CC,AA,TT,TT,AA,AT,GG,CC,AA,CC,CC,AC,GG,CC,AA,GG,AA,CC,TT,CG,GG,GT,CG,AT,AA,AG,TT,CC,GG,AA,CC,CG,GG,GG,AC,GG,TT,AC,AG,CC,GG,AA,CC,AA,AT,GG,TT,AT,TT,CG,TT,AT,CC,TT,GT,AA,GG,AA,TT,AA,TT,CC,TT,AA,NN,TT,CG,AG,CG,GG,CC,TT,NN,GT,GG,TT,AA,CC,AG,GG,CC,CC,CG,CC,GG,TT,AA,NN,TT,GG,CC,CC,AA,AG,CC,AT,CC,AA,AA,CC,CC,AA,TT,AA,CG,AA,AA,AC,AA,AG,AG,AA,AA,TT,GG,AC,AG,AC,CC,CT,AA,AA,CG,GG,GG,TT,AA,AA,GT,TT,TT,AG,AT,GG,GG,AA,4.0,Moderate,Low,Standard,Early
L0324,Anantapur,Andhra Pradesh,Kharif,Red Sandy,Rainfed,390,31.0,52,AC,TT,GG,AG,GG,CC,GG,AT,CC,CC,AA,CC,CC,TT,TT,GG,CG,TT,TT,AA,CC,GT,TT,CC,TT,CC,TT,TT,GG,AA,CT,CC,AA,CC,GG,GG,GG,CC,GG,CC,TT,CT,AA,TT,GG,GG,CT,TT,CG,AA,GG,AA,AA,GG,CT,TT,AA,AC,GT,NN,AG,GT,AT,AA,CT,TT,CC,GG,TT,TT,AG,GT,CC,AA,GG,AA,AA,GG,TT,TT,GG,GT,GG,CC,NN,AG,AA,AA,CC,GT,CC,TT,CC,TT,TT,GG,TT,AC,GT,CC,CC,CC,GG,AA,TT,TT,CC,AA,AA,AA,CC,GG,TT,GG,TT,AC,AC,TT,CC,GG,CC,GG,CC,GT,CT,AA,CC,CC,CC,CC,AA,TT,CC,AA,CC,CC,AA,TT,AG,AA,GG,CC,CC,GG,AA,AG,AA,CC,GG,CC,CC,AA,AG,GG,TT,AG,CC,TT,CT,GG,AC,GT,TT,TT,CG,AT,GT,CC,AA,TT,GG,CC,AA,CT,CC,CC,CG,AC,AA,GG,GG,CC,TT,CG,GG,GT,GG,AT,AA,AA,TT,CC,GG,AA,CC,CG,CG,GG,AA,GG,TT,AC,AA,CC,GG,AA,AC,AA,AA,GT,NN,TT,AA,GG,GT,AT,CC,TT,GG,AA,GG,AA,NN,NN,TT,CG,NN,AA,CC,NN,GG,AG,CC,AA,CC,TT,TT,TT,GG,TT,AA,AC,AA,GG,CC,CG,GG,CG,GG,AT,AA,CC,TT,GG,CC,CG,AA,AG,CC,AA,CC,AA,AA,CC,CG,CC,TT,AA,CG,AA,AA,AA,AA,GG,AA,AA,AA,TT,GG,CC,AG,CC,AA,CC,AA,AA,GG,GG,GG,TT,AA,AA,TT,TT,TT,AA,TT,GG,CG,AA,3.05,Susceptible,Low,Poor,Late
L0325,Anantapur,Andhra Pradesh,Kharif,Red Sandy,Rainfed,390,31.0,52,AA,TT,AG,AG,CG,CC,GT,AT,CC,CG,AA,CC,CG,TT,GG,GG,GG,TT,TT,AA,CC,TT,TT,NN,TT,CC,TT,TT,GG,AA,CC,CC,AA,CC,GG,GG,GG,CG,NN,CC,TT,TT,AC,TT,AA,NN,TT,AT,CC,NN,GG,AT,AA,GG,CC,GG,AA,AA,GT,CC,AA,TT,AA,AA,CT,TT,CC,GG,TT,GT,AA,GG,AC,AA,NN,AC,AT,GG,TT,TT,GG,GG,GG,CC,AA,GG,AA,AT,CC,GT,CC,TT,TT,TT,GT,GG,TT,CC,TT,CC,CC,CC,GG,AA,TT,TT,CC,NN,AG,AA,CC,GG,TT,CC,TT,AA,NN,TT,CC,AG,CC,GG,CC,GG,CT,AA,CC,CC,CC,CC,AA,TT,CC,AA,CC,CC,AG,AT,AA,AA,GG,CC,CC,GG,AA,GG,AA,CC,GT,CC,CG,AA,AA,GG,TT,GG,AA,TT,TT,GG,AC,TT,GT,CT,CG,TT,TT,CT,AA,AT,GG,CG,AG,CT,CC,CC,GG,CC,AA,GG,AG,CC,TT,CC,GG,GT,GG,AA,AG,AA,TT,CC,CG,AA,CC,CC,GG,GG,AA,CG,TT,AA,AA,CC,GG,AT,CC,AA,AT,GT,TT,AT,AA,CG,GG,AA,CC,AT,GT,AA,GG,AA,TT,AA,TT,GG,TT,AA,CC,TT,CG,AG,CG,GG,CC,TT,TT,TT,GG,TT,AA,AC,AG,NN,CG,GG,GG,CC,GG,TT,AA,CC,TT,GG,CC,CC,AA,GG,CC,NN,CC,AA,GG,CC,CC,AC,TT,AA,GG,AA,AC,AA,AA,GG,NN,AA,AA,AT,GG,AA,GG,AA,AA,TT,AA,AA,GG,GG,GG,GT,AA,AG,TT,TT,TT,AA,AT,GG,GG,AA,2.52,Resistant,Low,Standard,Early
L0326,Anantapur,Andhra Pradesh,Kharif,Red Sandy,Rainfed,390,31.0,52,AC,TT,GG,GG,CG,CG,GG,TT,CC,CG,AA,CT,CG,AT,TT,GG,CG,TT,TT,AA,CC,GT,GG,CT,TT,CC,GT,TT,GG,AA,TT,CC,AA,CC,GG,GG,GG,CG,GG,CC,TT,TT,AA,GG,AG,AG,TT,TT,CC,AC,GG,AA,AG,GG,CT,GT,AA,AC,GT,NN,AG,TT,TT,AA,TT,AT,CC,GG,TT,GG,AA,GG,CC,AA,GG,AC,AA,GG,TT,TT,GG,GT,GG,CC,AA,GG,AA,AA,CC,TT,CC,TT,CT,TT,GT,GG,TT,CC,TT,CC,CC,CG,GG,AA,TT,GT,CC,AA,AA,AC,CC,GG,TT,CC,TT,AA,AA,TT,CC,AG,CC,GG,CT,GT,TT,AA,CC,CC,CC,CC,AA,GT,AC,AC,CC,CC,AA,TT,AA,AT,GG,CC,CC,GG,AA,AA,AA,CC,GG,CC,CC,AA,AA,GG,TT,GG,AC,TT,TT,GG,AC,TT,GT,TT,CC,AA,TT,CT,AA,TT,GG,CC,AA,CC,CC,CC,CG,CC,AA,GG,AG,CC,TT,CC,GT,TT,CG,AT,AG,AA,TT,CC,GG,AA,AC,CC,GG,GG,AA,GG,TT,AC,AA,CC,GG,AA,CC,AT,AT,GG,TT,AT,AT,GG,GG,AT,CG,AT,TT,AA,GG,AA,CT,AA,TT,CC,TT,AC,CC,TT,GG,AA,CC,AG,CC,TT,CT,GT,GG,AT,AA,AC,AG,NN,CC,CG,GG,CC,GG,AT,AA,CC,TT,GG,CC,CC,AT,GG,CC,AA,CC,AA,AA,AC,CG,NN,NN,AA,CG,AA,AA,AC,AA,AG,AA,AG,AA,TT,GG,AC,AA,AC,AA,CC,NN,AA,NN,GG,GG,TT,AA,AA,GG,TT,TT,AA,NN,GG,GG,AA,4.2,Susceptible,Medium,Poor,Late
L0327,Anantapur,Andhra Pradesh,Kharif,Red Sandy,Rainfed,390,31.0,52,AA,TT,GG,AG,CG,CG,GG,AA,CC,GG,AA,CC,CC,AT,TT,GG,CG,TT,TT,GG,CC,TT,TT,CC,TT,CT,TT,AT,GG,AA,TT,NN,AA,CC,GG,GG,GG,CC,GG,CC,TT,CT,AA,GT,AA,AG,TT,AT,CC,AA,GT,AA,AA,GG,CC,TT,AA,AA,GT,AA,AA,TT,AT,AG,TT,TT,CC,GG,TT,GG,AA,GG,AC,AA,GG,AA,AT,GG,GT,TT,AG,GT,GG,NN,TT,GG,AA,AA,CG,GG,AC,TT,CT,TT,GT,AG,TT,CC,TT,CT,CC,GG,AG,AA,AT,TT,CC,AA,AA,AA,CT,GT,TT,CG,TT,AA,AA,TT,CC,AG,CC,AG,CC,GT,CT,AG,CC,CC,CC,CC,AA,TT,CC,AA,CC,CC,AA,TT,AG,AA,GG,CC,CC,GG,AA,AG,AT,CC,GG,CC,CC,AA,AG,GG,TT,AG,AA,TT,TT,GG,AC,NN,TT,TT,CG,AA,TT,TT,AT,TT,GG,CC,AG,NN,CC,CC,CG,CC,AA,GG,AG,CC,TT,CC,GG,TT,GG,AT,AA,AA,TT,CC,GG,AA,CC,CC,GG,GG,AA,GG,TT,AC,AA,CG,GG,AA,AC,NN,AT,GG,TT,TT,AA,GG,GG,AT,CG,TT,TT,AA,GG,AA,TT,AA,TT,CC,CC,AA,CC,TT,GG,AA,CC,AG,CC,TT,CT,TT,GG,TT,CC,CC,AA,GG,CC,CG,GG,CC,GG,TT,AA,CG,GT,GG,CC,CC,AT,AG,CG,AT,CC,AT,AA,CC,CG,AA,TT,AA,GG,AA,AA,CC,AC,GG,AG,AA,AA,TT,GG,AC,AG,CC,NN,CT,AA,AA,GG,AG,GG,TT,AA,AA,GT,TT,TT,AG,AT,GG,CG,AA,2.69,Susceptible,Low,Poor,Late
L0328,Anantapur,Andhra Pradesh,Kharif,Red Sandy,Rainfed,390,31.0,52,AA,TT,GG,GG,GG,CC,GT,AT,CC,GG,AA,CC,CG,AT,GT,GG,GG,TT,TT,AA,CG,GT,GT,CT,TT,CC,TT,TT,GG,AA,CT,CC,AA,CC,GG,GG,GG,CG,GG,CC,TT,CT,AA,TT,AA,AG,TT,AT,CC,CC,GG,AT,AA,GG,CC,GT,AA,AC,TT,AA,AA,TT,TT,GG,TT,TT,CC,GG,TT,GG,AA,GG,CC,AA,GG,AC,AT,GG,TT,TT,GG,GG,GT,CC,AA,GG,AA,AT,CG,GT,CC,TT,CC,NN,TT,GG,CT,CC,GT,CC,CC,CC,AG,AA,TT,TT,CC,AA,GG,AA,TT,GG,TT,CC,GT,AA,AA,TT,CC,AG,CC,AG,CC,GG,CT,AA,CT,CC,CC,CG,AA,TT,AC,AA,CC,CT,AA,TT,AG,AA,CG,CT,CC,GG,AA,AA,AT,CC,GG,CC,CC,AA,AG,AG,TT,GG,AA,TT,TT,GG,CC,TT,TT,CT,CC,AT,GT,TT,AA,TT,GG,CC,AG,TT,CC,CC,GG,AC,AA,GG,AA,CC,TT,CG,GT,GT,GG,AA,AA,AA,TT,AC,GG,AA,AC,CC,GG,GG,AA,GG,TT,NN,AA,CC,GG,AT,CC,AA,AA,GG,TT,TT,AT,GG,TT,AT,CG,TT,TT,AA,GG,AA,CT,AA,TT,CC,TT,AA,CC,TT,GG,AG,CC,GG,CC,TT,TT,TT,GG,TT,AA,CC,AG,GG,CC,CG,GG,CC,GG,AA,AA,CC,TT,GG,CC,CC,AA,GG,CC,AA,CG,AA,AA,CC,CC,CC,TT,AA,GG,AA,NN,AC,AA,AA,AG,AA,AA,TT,GG,AC,AA,AC,AC,TT,AA,AA,GG,GG,GG,TT,AA,AA,GT,TT,TT,GG,AT,GG,GG,AA,3.24,Susceptible,Medium,Standard,Early
L0329,Anantapur,Andhra Pradesh,Kharif,Red Sandy,Rainfed,390,31.0,52,NN,TT,AG,AG,CG,CC,GG,NN,CG,CG,AA,CC,CC,AT,TT,GT,CG,TT,TT,AA,CG,GT,TT,CC,TT,CC,TT,TT,GT,AA,TT,CC,AA,CC,GG,GG,NN,GG,GG,CC,TT,CT,AA,TT,AA,AG,TT,TT,CC,AC,GG,AA,AA,GG,CC,TT,AA,AC,GG,AC,AG,TT,AT,AG,CT,TT,CC,GG,TT,GG,AA,GG,CC,AA,GG,AC,AA,GG,TT,TT,GG,GG,GT,CC,AA,GG,AA,AA,CC,TT,CC,TT,CT,TT,TT,GG,TT,CC,GT,CC,CC,CG,GG,AA,TT,TT,CC,AA,AG,AC,CT,GG,TT,CG,TT,AA,AA,TT,CC,GG,CC,GG,CC,GG,TT,GG,CC,NN,CC,CC,AA,TT,CC,AA,CC,CC,AA,AT,AA,AT,GG,CC,CC,GG,AA,AG,AA,CC,GT,CC,CC,AG,AA,GG,TT,GG,AA,TT,CC,GG,AC,TT,GT,TT,CC,AA,TT,TT,AT,TT,GG,CC,AA,CT,CC,CC,CG,CC,AA,GG,AA,CC,TT,CC,GG,TT,GG,TT,AA,AA,TT,CC,CG,AA,CC,CC,GG,AG,AA,GG,NN,AA,AA,CC,GG,AA,AC,AA,AT,GG,GT,TT,AT,GG,TT,AA,CG,TT,TT,AA,GG,AG,TT,AA,TT,CC,TT,AA,CC,NN,GG,AA,CG,AG,NN,TT,TT,TT,GG,TT,AC,CC,AA,GT,CC,CC,GG,CC,GG,TT,AA,CG,GT,GG,CC,CC,AA,GG,CG,AT,CC,AA,AA,AA,CG,AC,TT,AA,GG,AA,AC,AC,AA,AG,GG,AA,AA,TT,GG,AC,AG,AC,CC,CT,AA,AA,GG,GG,GG,TT,AA,AG,GT,TT,TT,AA,AA,GG,GG,AA,1.37,Moderate,Medium,Premium,Early
L0330,Anantapur,Andhra Pradesh,Kharif,Red Sandy,Rainfed,390,31.0,52,AC,TT,AG,AG,GG,CC,GG,AT,CC,CC,AA,CC,CG,AT,GT,GG,CG,TT,TT,AA,CC,TT,TT,CC,TT,CC,TT,TT,GG,AA,TT,CT,AA,CC,GG,GG,GG,CG,GG,CC,TT,TT,AC,GG,AG,AG,TT,TT,CC,AC,NN,AA,AA,GG,CC,GT,AA,AA,GT,NN,AA,TT,TT,GG,TT,AT,CC,GG,TT,GG,GG,GG,CC,AA,GG,AA,AT,GG,TT,TT,GG,GG,GG,CC,AA,GG,AA,AT,CC,TT,CC,TT,CC,TT,TT,AG,TT,CC,NN,CC,CC,CG,AG,AA,AT,TT,CG,AA,AA,AA,CC,GG,TT,CC,TT,AC,AA,TT,CG,AG,CC,GG,CC,GT,CC,AA,CC,CC,CC,CC,AA,TT,AC,AA,CC,CT,AA,TT,AA,AA,GG,CT,CG,NN,AA,AG,AA,CC,GG,CC,CC,AA,AA,AG,TT,AG,AC,TT,CT,GG,AC,GT,TT,TT,CC,AA,GT,TT,AA,AT,GG,CC,AG,CT,AC,CC,CG,CC,AA,GG,AG,CC,TT,CC,GG,TT,GG,TT,AA,AA,TT,AC,CG,AA,CC,CC,GG,GG,AC,GG,TT,CC,AG,CC,GG,AA,AA,AA,AT,GG,TT,AT,AA,GG,GG,AA,CC,NN,TT,AA,GG,AA,CT,AA,TT,CC,TT,AC,AC,TT,GG,AG,CC,AG,CC,TT,CT,GT,GG,TT,AA,AC,AA,GG,CG,CC,GG,CC,GG,AT,AA,CC,TT,GG,CC,CC,AA,AG,CC,AA,CC,AA,AA,AC,CC,CC,AT,AA,GG,AT,AA,AA,AA,GG,AA,AG,AA,TT,GG,AC,AA,NN,AC,CT,AA,AA,GG,GG,CG,GT,AA,AA,TT,TT,TT,AG,TT,GG,GG,AA,1.73,Moderate,Low,Poor,Late
L0331,Anantapur,Andhra Pradesh,Kharif,Red Sandy,Rainfed,390,31.0,52,AA,TT,AG,AG,CG,CC,GG,TT,CC,CG,AA,CC,CC,AT,GG,GG,CG,TT,TT,AA,CC,TT,TT,CC,TT,CC,TT,NN,NN,NN,TT,CC,AA,CC,GG,CG,NN,CG,GG,CC,TT,CC,AA,TT,AG,GG,CT,TT,CC,CC,GT,AA,AA,GG,CC,TT,AA,AA,NN,AA,AA,GT,TT,AA,TT,TT,CC,GG,TT,GG,AA,GG,CC,AA,AA,AC,AT,GG,TT,TT,GG,GG,GG,CC,AT,GG,AA,AA,CC,GG,AC,TT,CT,TT,TT,GG,CT,CC,TT,CC,CT,CC,AG,AA,TT,TT,CG,AA,AG,AC,CC,GG,GT,CC,TT,AC,AC,NN,CC,GG,CC,GG,CC,GT,CT,AG,CC,CC,CC,CC,AA,TT,CC,AA,AC,CC,AA,TT,AG,AA,GG,CC,CC,GG,AA,AG,AA,NN,GT,CC,CC,AG,AA,AG,TT,GG,AA,TT,TT,GG,CC,GG,GT,CT,CG,AA,TT,TT,AA,TT,GG,CC,AG,CC,CC,CC,CG,CC,AA,GG,AA,CC,TT,CC,GT,GT,GG,AT,AA,AA,TT,AC,GG,AA,CC,CC,GG,GG,AA,GG,TT,AC,AG,CC,GT,AA,CC,AT,TT,GT,TT,TT,AA,GG,GG,AT,CC,AT,TT,AA,GG,AA,TT,AA,TT,CC,TT,AA,CC,TT,GG,AA,CC,GG,AC,TT,CT,TT,GG,TT,AA,AC,AG,GG,CC,CC,GG,CC,GG,AA,AA,CC,GT,GG,CG,CG,AA,GG,CG,AA,CC,AT,AA,AA,CC,AA,TT,AA,GG,AA,AA,AA,AC,GG,AA,AA,AA,TT,GG,AA,AA,AC,AA,TT,AA,AG,GG,GG,CG,TT,TT,AA,TT,TT,TT,NN,AA,GG,NN,AC,2.37,Resistant,Low,Premium,Late
L0332,Anantapur,Andhra Pradesh,Kharif,Red Sandy,Rainfed,390,31.0,52,AC,TT,GG,AG,GG,CC,GG,AT,CC,CC,AT,CC,CC,TT,GT,GT,CG,NN,TT,AG,CC,TT,TT,CT,TT,CC,TT,AT,GG,AA,TT,CT,AA,CC,GG,CG,GG,CC,GG,CC,TT,CT,AA,TT,AA,GG,TT,TT,CC,CC,TT,AT,AA,GG,CC,TT,AA,AA,GT,AA,AA,TT,AT,AG,TT,TT,CC,GT,CT,GG,AA,GG,CC,AG,GG,AA,AT,GG,GT,TT,GG,GG,GG,CC,AA,GG,AA,AA,CC,TT,AC,TT,CT,TT,GT,GG,CT,CC,GT,CC,TT,CG,NN,AA,TT,TT,CC,AA,AA,AA,CT,GG,TT,CC,TT,AA,AA,TT,CC,AG,CG,NN,TT,GT,TT,AG,TT,CC,AC,CC,AG,TT,CC,AA,CC,CC,AG,TT,AA,AT,CG,CC,CC,GG,AA,GG,AT,CC,GG,CG,CC,AA,AA,AG,TT,GG,NN,TT,CT,GG,CC,GT,TT,TT,CC,AA,TT,NN,AA,TT,GG,CC,AG,CT,CC,CC,GG,CC,AA,GG,AA,CC,TT,CC,GG,TT,CG,AT,AG,AA,TT,AC,GG,AC,CC,CC,GG,GG,AC,NN,TT,CC,AA,CG,GG,AT,AC,AT,AT,GG,GT,AT,AA,GG,GT,AA,CG,AT,GT,AA,GG,AA,CT,AA,TT,CC,TT,AA,CC,CT,CG,AA,CC,AA,AC,TT,TT,TT,GG,TT,AC,CC,AA,GG,CC,CC,GG,CG,GG,AT,AA,CG,GT,GG,CC,CG,AA,GG,CG,AT,CC,AA,AA,AC,CC,AC,AT,AA,GG,AA,AA,AA,AA,GG,AA,AG,AA,TT,GG,AC,AG,CC,AA,CT,AA,AA,GG,GG,CG,TT,AA,AG,TT,TT,TT,GG,AA,GG,GG,AA,1.9,Susceptible,High,Premium,Medium
L0333,Anantapur,Andhra Pradesh,Kharif,Red Sandy,Rainfed,390,31.0,52,AA,CT,GG,AA,GG,CC,GT,AT,CC,CG,AA,CC,CG,TT,GG,GG,GG,TT,TT,AA,CC,GT,GT,CT,TT,CC,TT,TT,GG,NN,TT,CT,AA,AC,GG,CG,GG,CC,GG,CC,TT,CT,AC,TT,AG,GG,TT,AT,CG,AA,NN,AA,AA,CG,CT,TT,AA,CC,GG,AA,AA,TT,TT,AG,TT,AA,CC,GT,TT,GT,AA,GG,CC,AG,AG,AA,AA,GG,TT,TT,GG,GT,GG,CC,AA,GG,AA,AA,CC,GT,AC,NN,CT,TT,TT,GG,TT,CC,GG,CC,CC,CG,AG,AA,TT,TT,CG,AA,GG,AA,CC,GG,TT,CG,TT,AA,AA,TT,CG,GG,CC,GG,CC,GT,CC,AA,CC,CC,AC,CC,AA,TT,AC,AA,CC,CC,AG,TT,AA,AA,GG,CC,CC,GG,AA,GG,AA,CC,GG,CC,CC,AG,AA,GG,TT,AG,AC,GT,TT,AG,AC,GT,TT,CC,CG,AA,TT,TT,AA,TT,GG,CC,AG,CT,CC,CC,CG,CC,AA,GG,GG,CC,TT,CG,GG,TT,CG,AT,NN,AA,GT,CC,GG,AA,CC,CC,GG,GG,AA,GG,TT,AC,AA,CG,GT,AA,CC,NN,TT,GG,TT,TT,AA,GG,GT,AA,CG,TT,GT,AA,GG,AA,TT,AC,TT,CC,CC,AA,CC,TT,CG,AG,CC,AG,AC,AT,TT,GT,NN,TT,AA,CC,AA,GG,CC,CG,GG,CG,GG,AT,AA,CC,TT,GG,CC,CC,AT,GG,CC,AT,CC,AT,AA,AA,CC,AA,TT,AA,NN,AA,AC,CC,AC,AA,AG,AG,AA,TT,GG,AA,AG,AC,AC,TT,AA,AA,GG,GG,GG,GT,AT,AG,GT,TT,TT,AA,TT,NN,GG,AA,0.4,Susceptible,Low,Standard,Late
L0334,Anantapur,Andhra Pradesh,Kharif,Red Sandy,Rainfed,390,31.0,52,AC,TT,GG,AG,CG,CC,TT,TT,CC,CG,AA,CC,CG,AT,TT,GG,NN,TT,TT,AG,CC,GT,GT,CC,TT,CC,TT,TT,GG,AA,TT,CT,AG,CC,GG,CG,GG,GG,GG,CC,TT,TT,AA,TT,AG,GG,TT,TT,CC,AC,GG,AA,AG,GG,CC,TT,AA,AC,GT,AC,AA,GT,TT,AA,CT,TT,CC,GG,TT,GG,AA,TT,CC,AA,AG,AA,AA,GG,TT,TT,GG,GG,GT,CC,AA,GG,AA,AA,CC,TT,CC,TT,CC,TT,TT,GG,TT,AC,GG,CC,CT,CG,AA,AA,NN,TT,CC,AA,AA,AC,TT,GG,TT,CC,TT,CC,AA,TT,CG,AG,CG,GG,CC,GG,TT,AA,CC,CC,CC,CC,AG,GT,CC,AA,CC,CC,AA,TT,AA,AA,GG,CC,CC,GG,AA,AA,NN,CC,GG,CC,CC,AA,AG,GG,TT,GG,AA,TT,TT,GG,AC,GT,TT,CT,CC,AT,TT,TT,AA,TT,GG,CC,AG,CC,CC,CC,GG,CC,AA,AG,GG,CC,TT,CC,GT,TT,GG,AA,AA,AA,TT,CC,GG,AA,CC,CG,GG,GG,CC,NN,TT,CC,AA,CC,GG,AA,CC,AA,AA,GG,TT,TT,AT,GG,GT,AT,CC,AT,TT,AA,GG,AA,TT,AA,TT,CC,TT,CC,CC,CT,GG,AG,CG,AG,CC,TT,TT,GT,GG,TT,AA,AC,AA,GG,CC,CC,GG,CC,GG,AT,AA,CC,GT,GG,CC,CC,AA,GG,CG,AT,CC,AA,AA,AC,CC,CC,TT,AA,CG,AA,AA,AA,AA,AA,AG,AA,AA,AT,GG,AA,AG,AA,AC,TT,AA,AA,GG,GG,GG,TT,AA,AG,TT,TT,TT,AG,AT,NN,GG,NN,2.47,Susceptible,Medium,Poor,Early
L0335,Anantapur,Andhra Pradesh,Kharif,Red Sandy,Rainfed,390,31.0,52,AC,TT,AG,AA,GG,CG,GG,TT,CC,GG,AA,CC,CG,TT,TT,GT,CG,TT,TT,AG,CC,TT,GT,CC,TT,CC,GT,TT,GT,AA,TT,TT,AA,CC,GG,CC,GG,GG,GG,CC,TT,TT,AA,TT,AA,GG,TT,TT,CC,CC,GT,TT,AA,CG,CC,GG,AA,AC,GG,AA,AA,TT,TT,NN,TT,AA,CC,GG,TT,GG,AA,GG,CC,AG,GG,AA,AT,AG,GG,TT,GG,GG,GT,CC,AT,GG,AA,AA,CC,GT,CC,TT,CC,TT,TT,AG,CT,CC,TT,CT,CC,CC,AG,AA,TT,TT,CC,NN,AG,AA,CC,GG,TT,CC,GT,AA,AA,TT,CC,GG,CC,GG,CT,GG,TT,AA,CT,CC,CC,CC,AA,GT,CC,AA,CC,CT,AA,TT,AA,AA,GG,CC,CC,GG,AG,AA,AA,CC,GG,CC,CC,AA,AA,GG,TT,GG,AA,TT,TT,GG,CC,GT,TT,TT,CC,AT,GT,TT,AA,TT,CG,CC,AA,CT,CC,CC,GG,CC,AA,GG,AG,CC,TT,CC,GT,TT,CG,AT,AA,AA,TT,AC,GG,AA,CC,CC,GG,AG,AC,GG,TT,AC,AA,CC,GG,AA,CC,AA,TT,GG,TT,AT,AA,CG,GT,AT,CC,AT,TT,AA,GG,AA,CT,AA,TT,CC,CT,AA,CC,TT,GG,AA,CC,AG,CC,TT,TT,TT,GG,TT,AA,AA,AA,GG,CC,GG,GG,CC,GG,NN,AA,CG,GT,GG,CG,CC,AA,AA,CC,TT,CC,AA,AA,AA,CC,CC,TT,AG,CG,AA,AA,AC,AA,AG,GG,AG,AA,TT,GG,AC,AG,AC,AC,CT,AA,AA,GG,AG,GG,TT,AA,AA,TT,TT,TT,AG,TT,GG,GG,AA,1.59,Moderate,High,Premium,Late
L0336,Anantapur,Andhra Pradesh,Kharif,Red Sandy,Rainfed,390,31.0,52,AA,CT,GG,AA,GG,CC,NN,TT,CC,CC,AA,NN,CC,AT,GT,GT,GG,TT,TT,GG,CC,GG,GT,CT,TT,CC,TT,TT,GT,AA,TT,CC,AA,CC,GG,GG,GT,CC,GG,CC,TT,TT,AA,GT,AA,GG,TT,TT,CC,AC,NN,AA,AG,GG,CC,TT,AA,CC,GT,AA,NN,TT,TT,AA,CT,TT,CC,GT,TT,GT,AA,GG,CC,AG,GG,AC,AT,GG,TT,TT,GG,GG,GT,CC,AT,GG,AA,AA,CC,TT,CC,TT,CC,TT,GG,GG,TT,AC,TT,CC,CC,GG,AG,AG,AT,GT,CC,AG,AA,AA,CC,GG,TT,CG,TT,AA,AA,TT,CG,GG,CG,GG,CC,GG,TT,AG,CC,CC,CC,CC,AA,TT,CC,AA,CC,NN,AA,TT,AA,AA,GG,CC,CC,GG,AG,AA,AA,CC,GG,CC,CG,AA,AA,NN,GT,GG,AA,TT,TT,GG,CC,TT,GT,CT,CG,AA,TT,TT,AA,TT,CG,CC,AA,CT,CC,CC,CG,CC,AA,GG,AA,CC,TT,CC,GG,TT,GG,TT,AA,AG,GT,CC,GG,AA,AC,CC,GG,GG,AA,GG,TT,AA,AG,CC,GG,AA,CC,AA,AA,TT,TT,TT,AT,CC,GT,AA,CG,TT,GT,AA,GG,AA,TT,AA,TT,CG,CT,AC,CC,TT,GG,AG,CG,AG,CC,TT,TT,TT,GG,TT,AA,AC,AG,GG,CC,GG,GG,CG,GG,AT,AA,CC,GG,GG,CC,CC,AA,AG,CG,AA,CC,AA,AG,CC,CC,AA,TT,AA,GG,AA,AA,AA,AA,AG,AA,AA,AA,TT,GG,AC,AG,CC,AC,CT,AA,AA,GG,GG,GG,TT,AA,AA,GT,TT,TT,AA,TT,NN,GG,NN,2.88,Susceptible,Medium,Premium,Medium
L0337,Anantapur,Andhra Pradesh,Kharif,Red Sandy,Rainfed,390,31.0,52,AC,TT,GG,AG,GG,CC,GG,AT,CC,CC,AA,CC,CG,TT,GT,GG,CC,TT,TT,AG,CC,GT,TT,CC,TT,CC,TT,TT,GG,AA,TT,CC,AA,CC,NN,NN,GG,CC,GG,CC,TT,TT,AC,TT,AA,GG,TT,AT,CC,AA,GG,AA,AA,GG,CC,TT,AT,AA,GT,AC,AA,TT,AT,AG,TT,TT,CC,GG,TT,GG,AA,NN,CC,AA,AG,AA,AT,GG,TT,TT,GG,GG,GG,CC,AA,GG,NN,AA,CC,GT,CC,TT,CT,TT,TT,GG,TT,CC,TT,CC,CT,CC,GG,AA,TT,TT,CC,AA,AG,AC,CT,GG,TT,CC,TT,AA,AA,TT,CG,GG,CC,GG,CC,GT,TT,AG,CC,CC,CC,CC,AG,TT,CC,AA,CC,CT,AA,TT,AA,AA,GG,CT,CC,GG,AA,AA,AA,CC,GT,CC,CC,AA,AG,GG,TT,GG,AA,TT,CT,GG,CC,TT,TT,TT,CG,AA,TT,TT,AT,TT,GG,CG,AA,CT,CC,CC,CG,CC,AA,GG,AA,CC,TT,CG,GT,TT,GG,TT,AA,AG,TT,CC,GG,AA,CC,CC,GG,GG,AA,GG,TT,AA,AA,CC,GG,AA,AC,AA,AA,GT,GG,TT,AT,GG,GT,AT,GG,AT,GT,AA,GG,AA,CT,AA,NN,CC,TT,AA,CC,TT,GG,AA,CC,AG,AC,TT,TT,TT,CG,TT,AC,CC,AA,GT,CC,CG,GG,CC,GG,AA,AG,CC,TT,GG,CC,CC,AA,GG,CC,AA,CC,AT,AA,CC,CC,AC,TT,AA,GG,AA,AA,AA,AA,GG,AA,AA,AG,TT,NN,AC,AG,AC,AA,TT,AG,AA,GG,AG,CG,TT,AA,AA,TT,TT,TT,AA,TT,GG,GG,AA,3.44,Susceptible,Low,Premium,Medium
L0338,Anantapur,Andhra Pradesh,Kharif,Red Sandy,Rainfed,390,31.0,52,AA,TT,GG,AA,GG,CC,GG,TT,CC,GG,AA,CC,CC,TT,TT,GG,GG,TT,TT,AA,CG,TT,GT,CC,TT,CC,TT,TT,GG,AA,TT,CT,AA,CC,GG,GG,GG,CC,GG,AC,TT,CC,NN,TT,AA,GG,TT,TT,CC,AC,GG,AA,AA,GG,CC,TT,AA,AA,GG,AA,NN,TT,TT,AG,TT,AT,CC,GG,TT,GG,AG,GG,CC,AA,GG,AC,AT,GG,TT,TT,GG,GT,GG,CC,AA,GG,AA,AA,CC,TT,CC,TT,CC,TT,GT,AG,CT,CC,GG,CC,CT,GG,GG,AA,TT,TT,CC,AA,AA,AA,CC,GG,TT,CG,TT,AC,AA,TT,CG,AA,CG,GG,CC,GG,CT,AG,CC,CC,CC,CG,AA,TT,CC,AA,CC,CT,NN,TT,AA,AA,GG,CC,CC,NN,AA,AA,AA,CC,GG,CC,CC,AA,AG,GG,NN,GG,AA,TT,TT,GG,CC,TT,TT,TT,CG,AA,TT,TT,AA,TT,GG,CG,AG,TT,CC,CC,CC,CC,AA,GG,AA,CC,TT,CG,GG,NN,GG,TT,AA,AA,TT,CC,GG,AA,AC,CC,GG,GG,AC,GG,TT,AC,AA,CC,GG,AA,CC,AA,TT,GT,TT,AT,AA,CG,GG,AA,CC,AA,TT,AA,GG,AA,TT,AA,TT,CC,TT,AC,CC,TT,GG,AG,CG,AG,CC,TT,TT,GT,GG,AT,AA,CC,NN,GG,CC,CG,GG,CC,GG,TT,AG,CC,GT,AG,CC,CC,AA,GG,CC,AA,CC,AA,AA,AC,CC,AC,TT,AA,GG,AA,AA,NN,AA,GG,AA,AA,AA,TT,CG,AA,AA,AC,AC,CT,AA,AA,GG,GG,CG,TT,TT,AA,TT,TT,TT,AA,TT,GG,GG,AA,2.22,Susceptible,High,Standard,Early
L0339,Anantapur,Andhra Pradesh,Kharif,Red Sandy,Rainfed,390,31.0,52,AA,TT,GG,AG,GG,CC,GG,AT,CC,CG,AA,CC,CC,TT,TT,GG,CG,TT,TT,AG,CC,TT,GT,CC,TT,CT,GT,TT,GG,AC,TT,CT,AA,CC,AG,GG,GG,CC,GG,CC,TT,CT,AA,TT,AG,GG,TT,TT,CC,AA,GG,AA,AA,GG,CT,TT,AT,CC,TT,AA,AG,TT,TT,AA,NN,TT,CC,GG,TT,GG,AA,GG,CC,AA,GG,CC,AA,GG,TT,TT,GG,GG,GT,CC,AA,GG,AG,AA,CC,TT,CC,TT,CT,TT,GT,GG,CT,CC,TT,CT,CT,CC,AG,AG,TT,TT,CC,AA,GG,AA,CC,GG,GT,CC,TT,AA,AA,TT,CC,AG,CC,AG,CC,GG,CT,AA,CC,CC,AC,CC,AA,TT,CC,AA,CC,CC,AA,TT,AA,AA,GG,CC,CC,GG,AA,AG,AA,AC,NN,CC,CG,AA,AG,GG,NN,GG,AA,TT,CT,GG,AC,TT,GT,CT,CC,AT,TT,TT,AT,TT,GG,CC,AG,CT,CC,CC,GG,CC,AA,GG,AG,CC,TT,CC,GG,TT,GG,AT,AA,AG,TT,AC,GG,AA,AA,CC,GG,GG,AC,GG,TT,AA,AA,CC,GG,AT,AC,AA,AA,GG,TT,TT,AA,GG,GT,AA,CC,TT,GT,AA,GG,AA,TT,AC,TT,CC,CT,AC,CC,CT,CG,AG,CC,AG,CC,NN,TT,TT,GG,TT,AC,AA,AA,GG,CC,CG,GG,CC,GG,AT,AA,CC,TT,GG,CC,CC,AT,AG,CC,AA,CC,AA,AA,CC,CG,AC,AT,AA,GG,AA,CC,CC,AA,AG,AG,AA,AA,TT,GG,AC,AA,CC,NN,CT,AA,AA,GG,GG,GG,GG,AA,GG,TT,TT,TT,AA,AT,GG,GG,AA,3.35,Susceptible,Medium,Premium,Early
L0340,Anantapur,Andhra Pradesh,Kharif,Red Sandy,Rainfed,390,31.0,52,NN,CC,GG,AG,CC,CC,GG,TT,CG,GG,AA,CC,CG,AT,TT,GG,GG,AT,TT,AA,CC,TT,GT,CC,TT,CC,TT,TT,GG,AA,TT,CC,AA,CC,GG,GG,GG,CG,GG,CC,TT,CC,AA,NN,AG,GG,TT,AT,CG,AC,GG,AA,AG,GG,CT,TT,AT,AC,GG,AC,AA,TT,TT,AA,NN,TT,CC,GG,TT,TT,AA,GG,CC,AA,GG,AC,AT,GG,TT,TT,GG,GG,GG,CC,AA,AG,AA,AA,CC,NN,CC,TT,TT,TT,TT,GG,TT,CC,GT,CC,CC,CG,NN,AA,TT,TT,CG,AA,AG,AA,CC,GG,NN,CG,TT,AA,AA,TT,CG,AG,CC,GG,CC,GG,CT,AA,CC,CC,CC,CC,AA,TT,CC,AA,CC,CT,AA,AT,AA,AA,GG,CC,CC,GG,AA,AG,AT,AC,GG,CC,CC,AG,AA,GG,TT,GG,AC,GT,CT,NN,CC,TT,TT,TT,CC,AT,GT,NN,AA,AT,GG,CC,AA,CC,CC,CC,GG,CC,AA,GG,NN,CC,TT,CG,GT,GT,CG,TT,AA,AA,TT,CC,GG,AC,AC,CC,CG,GG,AA,GG,TT,AA,AA,CC,GG,AA,CC,AA,AA,GG,TT,TT,AA,CG,GT,AA,CC,TT,GT,AA,GG,AA,TT,AA,TT,CC,TT,AA,CC,TT,NN,AG,CC,AG,CC,TT,TT,GG,GG,TT,AA,AC,AA,GT,CC,CC,CG,CC,GT,AT,AA,CG,TT,GG,CC,CC,AA,GG,CC,AA,CC,AA,AA,AA,CG,CC,TT,AA,GG,AA,AA,AC,AC,AG,AA,AG,AA,AT,GG,AA,GG,AC,AA,CT,AA,AA,GG,GG,CG,TT,AA,AA,GT,TT,TT,AA,TT,GG,GG,AC,3.79,Resistant,Low,Premium,Medium
L0341,Anantapur,Andhra Pradesh,Kharif,Red Sandy,Rainfed,390,31.0,52,AC,TT,GG,AA,CG,CC,GT,TT,CC,GG,AT,CT,CG,TT,GT,GT,GG,TT,TT,AA,CC,TT,TT,CC,TT,CC,NN,TT,TT,AA,TT,CC,AG,CC,GG,GG,GG,CC,GG,CC,TT,CT,AA,TT,AG,AG,TT,TT,CC,CC,GT,AA,AA,GG,CT,TT,AA,AA,GG,AC,AA,TT,TT,AG,TT,AT,CC,GG,TT,GG,AG,GG,CC,AA,GG,AC,AT,GG,TT,TT,GG,GT,GT,CC,AT,GG,AA,AA,CC,GT,AC,TT,CC,TT,TT,GG,TT,AC,TT,NN,CC,CG,AG,AA,TT,TT,CC,AA,AA,AA,TT,GG,TT,CC,TT,AC,AA,AT,CC,GG,CC,GG,CC,GG,TT,AA,CC,CC,AA,CC,AA,TT,CC,AA,CC,CC,AG,TT,AA,AA,GG,CT,CC,GG,AA,AG,AA,CC,GG,CC,CG,AA,AG,AG,TT,GG,AA,TT,CC,AG,AA,TT,GT,CT,CG,AA,GT,CT,AA,TT,GG,CC,AA,CT,CC,CC,CG,AC,AA,GG,AA,CC,TT,CC,GG,GT,GG,TT,AA,AG,TT,CC,GG,AA,CC,CC,GG,GG,AC,GG,TT,AA,AA,CG,GT,AT,AC,AA,AA,GG,TT,TT,AT,GG,GG,AA,CC,TT,TT,AT,GG,AA,TT,AC,TT,CG,TT,CC,CC,TT,CG,AG,CG,AG,CC,TT,TT,TT,GG,TT,AC,AC,AA,GG,CC,CG,GG,CC,GG,AA,AA,CG,GG,GG,CC,CC,AA,GG,CG,TT,CC,AA,AA,CC,CC,AC,AA,AA,GG,AA,AA,AA,AA,AG,AA,AA,AG,AT,GG,AA,AA,CC,AA,CT,NN,AA,CG,GG,GG,TT,AA,AG,TT,TT,TT,AG,AT,GG,GG,AA,3.13,Susceptible,High,Poor,Medium
L0342,Anantapur,Andhra Pradesh,Kharif,Red Sandy,Rainfed,390,31.0,52,CC,TT,GG,GG,CG,CC,GG,AT,CC,CG,AA,CT,CG,AT,TT,GT,GG,TT,TT,AA,CC,GG,TT,CC,TT,CC,TT,AT,GG,AA,TT,CT,AA,CC,GG,GG,GG,CG,GG,CC,TT,TT,AA,TT,AG,AG,TT,TT,CC,CC,GT,AA,AA,GG,CC,TT,AT,AA,GT,AC,AA,TT,TT,AG,TT,AT,CC,GG,TT,GT,AA,GG,CC,AA,AG,AC,AA,GG,TT,TT,AG,GT,GG,CC,NN,GG,AA,AA,CC,GG,AC,GT,CC,TT,GT,AG,TT,CC,TT,CC,CT,CC,AA,AG,TT,TT,CC,AA,AA,AC,CC,GG,GT,CC,TT,AC,AA,TT,CC,GG,NN,AG,CT,GG,TT,AG,CT,CC,CC,CG,AA,TT,CC,AA,CC,CC,AA,TT,AA,AT,GG,CC,CC,GG,AA,AG,AA,CC,GG,CC,NN,GG,AA,AG,TT,GG,AC,TT,CC,GG,CC,GG,GT,TT,CC,AA,TT,TT,AA,AT,GG,CC,AG,CC,CC,CC,GG,CC,AA,GG,AG,CC,TT,CC,TT,TT,GG,TT,AA,AA,TT,AC,CG,AA,CC,CC,GG,GG,NN,GG,TT,AC,AA,CC,GG,AA,CC,AA,AT,GG,GT,TT,AT,GG,TT,AT,CC,TT,TT,NN,GG,AA,CT,AA,TT,CC,CT,AA,CC,TT,GG,AG,CC,AG,CC,TT,CC,GG,GG,TT,AA,AC,AA,GG,CC,CG,GG,CC,GG,AT,AA,CC,TT,AG,CC,CC,AA,GG,CC,AT,CC,AA,AA,AA,CC,AC,TT,AA,GG,AA,AA,AA,AA,GG,AA,AG,AA,TT,GG,AC,GG,CC,AA,CT,AA,AA,GG,GG,GG,TT,AA,AA,GT,TT,TT,AG,TT,GG,GG,AA,2.29,Moderate,Low,Premium,Early
L0343,Anantapur,Andhra Pradesh,Kharif,Red Sandy,Rainfed,390,31.0,52,AA,TT,AG,AA,GG,CC,NN,TT,CC,CG,AA,CC,CC,TT,TT,GG,CG,TT,TT,AG,CG,GT,GT,CT,TT,CC,TT,TT,GG,AA,TT,CC,AA,CC,AG,GG,GG,CG,GG,CC,TT,CT,AA,GT,AG,AG,TT,TT,CC,AC,GG,AA,AA,GG,CT,TT,NN,AA,GG,CC,AG,TT,TT,AA,TT,TT,CT,GG,TT,GT,AA,GG,CC,AA,GG,CC,AT,GG,TT,TT,GG,GG,GG,CC,AA,AG,AA,AA,CC,GT,CC,TT,CT,TT,TT,GG,CT,AC,TT,CT,CC,GG,AG,AA,TT,TT,CC,AA,AA,AA,CC,GG,TT,CC,TT,AC,AC,TT,CG,AG,CC,GG,CT,GT,CC,AG,CT,CC,CC,CC,AA,TT,AC,AA,CC,CT,AA,TT,AA,AA,GG,CC,CC,GG,AA,AG,AA,CC,GG,CC,CC,NN,AA,GG,TT,AG,AA,GT,TT,AA,CC,TT,GT,TT,GG,AA,TT,TT,AA,TT,GG,CC,AA,TT,NN,CC,CG,CC,AA,GG,AG,CC,TT,CC,GG,TT,CG,TT,AG,AG,TT,CC,GG,AA,AC,CC,GG,GG,AC,GG,TT,AC,AA,CC,GG,AT,AC,AA,AA,GT,TT,AA,AT,GG,TT,AT,CC,AT,TT,AA,GG,AA,TT,AA,AT,CC,TT,AA,CC,CT,GG,AA,CC,GG,CC,AT,CT,TT,GG,TT,AA,AA,AA,GG,CG,CC,GG,CC,GG,TT,AA,CC,TT,GG,CC,GG,AT,GG,CC,AA,NN,AA,AA,AC,CG,AC,TT,AG,GG,AA,AA,AA,AA,GG,AA,AA,AA,TT,GG,AA,AG,CC,AC,CT,AA,AG,CC,GG,GG,TT,AT,AA,GT,TT,AT,AG,TT,GG,GG,AA,5.36,Susceptible,High,Premium,Late
L0344,Anantapur,Andhra Pradesh,Kharif,Red Sandy,Rainfed,390,31.0,52,AC,TT,GG,GG,GG,CG,GG,TT,CC,CG,AA,CC,CG,TT,TT,GG,CG,TT,TT,AA,CC,NN,GT,CC,TT,CC,GT,TT,GG,AA,TT,CC,AA,NN,GG,CG,GG,CC,GG,CC,NN,CT,AA,GT,AG,AA,CT,AT,CC,AC,GG,AA,AA,GG,CC,GT,AA,AC,GT,AC,AA,TT,TT,AA,TT,AT,CT,GG,TT,GG,AA,GT,CC,AA,GG,AC,AA,GG,TT,TT,AG,GG,GG,CC,AT,GG,AA,AA,CC,TT,CC,TT,CC,TT,GT,GG,CT,NN,GG,CC,CT,CG,AG,AG,TT,TT,CC,AA,AA,AA,CC,GG,GT,CG,GT,AA,AA,TT,CG,GG,CC,GG,CC,TT,TT,AA,CC,CC,CC,CC,AG,TT,AC,AA,CC,CC,AA,TT,AA,AT,GG,CC,CC,GG,AA,AG,AA,CC,GT,CC,CC,AA,AG,GG,TT,GG,AA,GT,TT,GG,AC,TT,TT,TT,CG,AT,TT,CT,AT,TT,GG,CC,AG,TT,CC,CC,GG,AC,AA,AA,AG,NN,GT,CC,TT,GT,CG,AA,AA,AA,TT,CC,CG,AA,CC,CC,GG,GG,AA,GG,TT,AC,AA,CC,GG,AT,NN,AA,AT,GG,TT,AT,AA,CG,GT,AT,CC,AA,TT,AA,GG,AA,CT,AA,TT,CC,CT,CC,CC,CT,GG,AG,CC,GG,NN,TT,TT,GT,GG,TT,AC,CC,AG,GG,CC,CC,GG,CC,GG,TT,AA,NN,TT,GG,CC,CC,AA,AG,CC,AA,CG,AA,AA,AC,CC,NN,TT,AA,CG,AA,AA,AC,AA,AA,AG,AA,AA,TT,GG,AA,AG,AC,AC,CT,AA,AA,GG,AG,GG,TT,AA,AA,GT,TT,TT,AA,AT,GG,GG,AA,0.46,Susceptible,High,Poor,Late
L0345,Anantapur,Andhra Pradesh,Kharif,Red Sandy,Rainfed,390,31.0,52,AC,TT,AG,AG,GG,CG,GT,TT,CC,CG,AA,TT,CC,AT,TT,GG,GG,TT,TT,NN,CG,TT,TT,CC,AT,CC,TT,TT,GT,AA,CT,CC,AA,CC,GG,CG,GG,CG,GG,CC,TT,CC,AA,TT,AG,GG,CT,TT,CC,AC,GG,AA,AG,GG,CT,TT,AT,AC,NN,AA,AA,TT,AT,AG,TT,TT,CT,GG,TT,GT,AA,GG,CC,AA,GG,AA,AT,GG,GT,TT,AG,GT,GT,CC,AT,GG,AA,AA,CG,GT,CC,GT,CC,TT,TT,AA,CT,CC,GT,CC,CT,CG,AG,AA,AT,TT,CC,AA,AA,NN,TT,GT,TT,CC,GT,AA,AA,TT,NN,GG,CC,AG,CC,GT,CT,GG,CC,CC,CC,CC,AA,TT,CC,AA,CC,CC,AA,AT,AA,AA,GG,CC,CC,AG,AA,AA,AA,AC,GG,CC,GG,AA,AA,AG,GT,GG,AA,GT,CT,GG,CC,GT,TT,TT,GG,AT,TT,TT,AA,NN,GG,CC,AG,CT,CC,CC,CG,CC,AA,GG,AA,NN,TT,CC,GG,TT,NN,AT,NN,AA,TT,AC,GG,AA,CC,CC,GG,NN,AC,GG,TT,AA,AA,NN,GG,AT,CC,AA,AA,GG,TT,AT,AA,GG,NN,AT,CC,AT,GT,AA,GG,AG,TT,AA,TT,CG,TT,AC,CC,TT,GG,AA,GG,AG,CC,TT,CC,TT,GG,TT,AC,AC,AG,GG,CC,CC,GG,CC,GG,TT,AA,CC,TT,GG,CC,CC,AA,GG,CC,AA,CG,AA,AA,AC,CG,AC,TT,AA,GG,AA,AA,AA,AA,GG,AG,AA,AA,AT,CG,AA,AG,AC,AA,TT,AA,AA,GG,GG,GG,GT,AA,AG,TT,TT,TT,GG,TT,GG,CG,AA,2.53,Susceptible,Low,Premium,Early
L0346,Anantapur,Andhra Pradesh,Kharif,Red Sandy,Rainfed,390,31.0,52,AA,TT,GG,AA,GG,CC,GG,TT,CC,GG,AA,TT,CG,TT,GT,GG,GG,TT,TT,AA,CC,TT,TT,CC,TT,CT,TT,AT,GG,AA,TT,CC,AA,CC,GG,GG,GG,CC,GG,CC,TT,CT,AA,GT,AA,AG,CT,TT,CC,AC,GT,AA,AA,GG,CT,GT,AA,AA,GT,AA,AA,TT,AT,AA,TT,TT,CC,GG,TT,GG,AA,GG,CC,AA,AG,AA,AT,AG,TT,CT,GG,GG,GG,CC,AT,GG,AA,AA,CG,GG,AA,TT,CC,AT,TT,GG,NN,CC,TT,CC,CC,CC,AG,AG,TT,TT,CG,AA,GG,AC,CC,GG,TT,CC,TT,AA,AA,TT,CG,GG,CC,GG,CC,GT,TT,AG,CC,NN,AC,CG,AA,GT,CC,AA,CC,CC,AA,TT,AA,AA,GG,CC,CC,GG,AA,GG,AA,CC,GT,CC,CC,AA,AA,GG,GT,GG,AA,TT,CT,GG,AC,TT,GT,TT,CG,AT,TT,TT,AA,TT,GG,CC,AG,CC,CC,CC,GG,CC,AA,AG,GG,CC,TT,CC,GT,GT,GG,AT,AA,AG,TT,CC,CG,AA,CC,CC,GG,GG,AA,GG,TT,AA,AA,CG,GG,AA,CC,AA,AT,GG,TT,TT,AT,CG,NN,AA,CC,AT,NN,AA,GG,AG,TT,AC,TT,CC,TT,AC,CC,TT,CG,AG,CC,AA,CC,TT,TT,TT,GG,TT,AC,AA,AA,GG,CC,CC,GG,CC,GG,TT,AA,CC,GT,GG,CG,CG,AA,GG,CC,AT,CC,AA,AA,CC,CC,AC,TT,AA,GG,AA,AA,AA,AA,GG,AG,AG,AA,TT,GG,AA,AA,AC,AA,CT,AA,AA,GG,AG,GG,TT,AA,AA,GT,TT,TT,AG,AA,GG,GG,AA,4.29,Resistant,Low,Poor,Medium
L0347,Anantapur,Andhra Pradesh,Kharif,Red Sandy,Rainfed,390,31.0,52,AC,CT,AG,AA,GG,CC,GG,TT,CC,CC,AA,CC,CG,AT,TT,GT,NN,TT,TT,AA,CC,TT,TT,CC,TT,CC,GT,TT,GG,AA,TT,CC,AA,CC,GG,GG,GG,CC,GG,CC,TT,TT,AA,TT,AG,GG,TT,AT,CG,CC,GG,AA,AA,GG,NN,TT,AA,AC,GT,AA,AA,TT,TT,AA,TT,TT,CC,GG,TT,GG,AG,GT,CC,AA,GG,AA,AT,GG,TT,TT,GG,GG,GG,CC,AA,GG,AA,AA,CC,TT,CC,GT,CC,TT,GG,GG,CT,CC,TT,CC,CC,CC,GG,AG,AA,TT,CC,AA,AG,AA,CC,GG,TT,CC,TT,AA,AA,TT,CG,AG,CG,GG,CC,GG,TT,AA,CC,CC,CC,CC,AG,TT,CC,AA,CC,CT,AA,AT,AA,AA,CG,CC,CC,GG,AA,AG,AT,CC,GG,CC,CC,AA,AG,GG,TT,GG,AC,TT,TT,GG,CC,GT,GT,TT,CC,AT,TT,TT,AA,TT,CG,CC,AA,TT,CC,NN,GG,CC,AT,AG,AA,CC,TT,CG,GT,TT,GG,AA,AA,AA,GT,CC,GG,AA,CC,CC,GG,GG,AC,GG,TT,AC,AG,CC,GG,AA,CC,AA,AT,GG,TT,TT,AA,GG,GT,AA,CC,TT,TT,AA,GG,AG,TT,AA,TT,CC,TT,AA,AC,TT,CG,AA,CC,AA,CC,TT,NN,GT,GG,TT,AA,CC,AG,GG,CC,CC,GG,CC,GG,AA,AA,CG,TT,GG,CC,CC,AA,GG,CC,AT,CC,AT,AA,AC,CG,AC,TT,AA,GG,AA,AA,AC,AA,AG,AA,AA,AA,TT,GG,CC,AA,CC,AA,TT,AG,AG,CG,AG,GG,TT,NN,AA,GT,TT,TT,AG,TT,GG,GG,AA,0.81,Moderate,High,Premium,Medium
L0348,Anantapur,Andhra Pradesh,Kharif,Red Sandy,Rainfed,390,31.0,52,AC,CT,GG,AA,GG,CC,GT,TT,CC,CG,AT,CC,CG,TT,TT,GG,CG,TT,AT,AG,CC,TT,GT,CC,TT,CC,TT,TT,GG,AA,CT,CC,AA,AC,AG,GG,GG,CC,GG,CC,TT,CT,AC,TT,AG,GG,TT,TT,CC,AA,GG,AT,AA,GG,CC,GT,AA,AA,GT,AC,AA,TT,TT,AA,TT,NN,CC,GG,TT,GT,AG,GG,CC,AA,GG,CC,AA,GG,NN,TT,GG,GT,GG,CC,AT,GG,AA,AA,CC,TT,AC,TT,NN,TT,GT,AG,TT,CC,TT,CC,CC,CC,GG,AA,TT,TT,CC,AA,AG,AC,CC,GG,TT,CC,TT,AA,AC,TT,CC,GG,CC,GG,CC,GT,TT,AA,CT,CC,CC,CC,AA,TT,CC,AA,AC,CC,AA,TT,AG,AT,CG,CT,CC,GG,AA,GG,AT,CC,GG,CC,CC,AA,AG,GG,GT,GG,AA,GT,CT,NN,CC,TT,TT,TT,CC,AA,TT,TT,AA,TT,GG,CG,AA,CC,CC,CC,GG,CC,AA,AG,AA,CC,GT,CG,GT,TT,CC,TT,AA,AG,TT,CC,GG,AA,CC,CC,GG,GG,AA,CG,TT,AC,GG,CC,GG,AA,AC,AT,AT,GG,TT,AA,AT,GG,TT,AT,CC,AA,TT,AA,GG,AA,TT,AA,TT,CC,TT,AC,CC,CT,NN,AG,CC,AG,AC,TT,CT,TT,GG,TT,AC,CC,AA,GG,CC,CC,GG,CC,GG,TT,AA,CC,TT,GG,CC,CG,AA,GG,CC,AA,CC,AA,AA,CC,CC,CC,TT,AA,GG,AA,AA,CC,AA,GG,AG,AA,AA,AT,CG,AC,AG,AC,AA,CT,AA,AG,GG,GG,GG,TT,AA,AA,TT,TT,TT,AG,TT,GG,CG,AA,3.47,Moderate,Medium,Standard,Late
L0349,Anantapur,Andhra Pradesh,Kharif,Red Sandy,Rainfed,390,31.0,52,CC,TT,AG,AG,CC,CC,GG,TT,CC,CC,AA,CT,CG,TT,TT,GG,GG,TT,TT,AA,CC,GT,TT,CC,AT,CC,TT,TT,GG,AA,CT,CT,AA,CC,GG,GG,GT,CC,GG,CC,TT,CT,AA,GT,AA,AG,TT,TT,CC,AC,GT,AT,AA,GG,CC,GT,AT,AC,GG,AC,AA,TT,AT,AA,CC,TT,CC,GG,TT,GG,AA,GG,CC,AA,GG,AC,AT,GG,TT,TT,AG,NN,GG,CC,AA,GG,AA,AA,CC,GT,NN,GT,CT,TT,GT,GG,TT,CC,TT,CC,CC,NN,GG,AA,TT,TT,CC,AA,AG,AA,CT,GG,NN,CC,TT,AA,AA,TT,CC,GG,CG,GG,CC,GG,TT,AG,CC,CG,CC,CC,AA,TT,CC,AA,CC,CC,AA,TT,AA,AA,GG,CC,CC,GG,AA,AG,AA,CC,GG,CC,CC,AA,AA,GG,NN,GG,AC,GT,CT,GG,AC,GT,GG,CT,CC,AA,GT,TT,TT,TT,CG,CC,AG,CT,CC,CC,CC,AC,NN,GG,AA,CC,TT,CC,GG,TT,GG,NN,AA,AA,TT,CC,GG,AC,CC,CC,GG,GG,AC,CG,TT,AA,AG,CC,GG,AA,AC,AA,AT,GT,TT,TT,AA,CG,TT,AA,CC,AT,GG,AA,GG,AA,TT,AA,TT,CC,TT,AC,CC,TT,CG,AG,CC,GG,CC,TT,TT,TT,GG,TT,AA,AC,AG,GG,CC,CC,GG,CC,GG,TT,AA,CG,GG,GG,NN,CC,AT,AG,CG,AT,CC,AA,AA,AC,CC,CC,TT,AA,GG,AA,AA,AC,AA,AA,AA,AA,AA,TT,GG,CC,AG,CC,AA,CT,AG,AG,GG,GG,GG,TT,AT,AA,TT,TT,TT,AG,AT,GG,GG,AA,1.49,Moderate,Low,Premium,Medium
L0350,Anantapur,Andhra Pradesh,Kharif,Red Sandy,Rainfed,390,31.0,52,CC,CT,NN,AA,GG,CG,GT,TT,CC,CG,AA,CT,CG,TT,GT,GG,CG,TT,TT,AG,CG,GT,GG,CC,TT,CC,TT,TT,GG,AA,TT,CC,AA,CC,GG,GG,GG,CG,GG,CC,TT,CT,AC,TT,AA,AG,TT,NN,CC,AC,GG,AA,AG,GG,CT,TT,AT,AA,GG,AC,AA,TT,AA,GG,TT,AT,CC,GG,TT,GT,AA,GG,CC,AA,GG,AC,AT,GG,TT,TT,GG,GT,GG,CC,AT,GG,AA,AA,CC,GT,CC,TT,TT,TT,TT,GG,CT,CC,TT,CC,CC,CG,AG,AG,TT,TT,CC,AG,AG,AA,CC,GG,TT,CG,GT,NN,AC,TT,CC,GG,CC,AG,CC,GG,CC,AG,CT,CC,NN,CC,AA,TT,CC,AA,CC,CC,AA,TT,AG,AA,GG,CC,CC,GG,AA,GG,AA,AC,GG,CC,CC,AG,AA,AG,GT,GG,AA,TT,TT,AG,CC,GT,TT,TT,CC,AT,GT,TT,AA,TT,GG,CC,AA,CT,CC,CC,CG,AC,AA,GG,AA,CC,TT,CC,GG,TT,CC,AA,AA,AA,TT,CC,CG,AC,AC,CC,CG,GG,CC,GG,TT,AC,AG,CC,GG,AA,CC,AA,AA,GG,TT,AT,AT,GG,GG,AT,CG,AA,TT,NN,GG,NN,TT,AA,TT,CC,TT,AA,CC,TT,CG,AG,CC,AA,CC,TT,TT,TT,GG,TT,AA,CC,AA,GG,CC,CG,GG,CG,GG,AA,AG,CG,TT,GG,CC,CG,AA,AG,CG,AT,CC,AA,AA,NN,GG,AC,TT,AA,GG,AA,AC,AC,AA,AA,AA,AA,AA,TT,GG,AA,AA,CC,AC,TT,AA,AG,GG,GG,GG,TT,AT,AA,GT,TT,TT,GG,TT,GG,GG,AA,2.17,Moderate,Low,Poor,Late
L0351,Anantapur,Andhra Pradesh,Kharif,Red Sandy,Rainfed,390,31.0,52,AA,CT,GG,GG,GG,CG,GG,TT,CC,CG,AA,CT,CC,AT,TT,TT,GG,TT,TT,AG,CC,GT,TT,TT,TT,CC,TT,AT,GT,AA,TT,CT,AA,AC,AG,GG,GG,CC,GG,CC,TT,TT,NN,TT,AG,GG,TT,TT,CC,AC,GG,AA,AA,GG,CC,GT,AA,AA,GT,AC,AA,GT,AT,AA,CC,TT,CC,GG,TT,GG,AA,GG,CC,AA,GG,AA,AT,GG,GT,TT,GG,GG,GT,CC,AA,GG,NN,AT,CC,GT,AC,TT,CC,NN,TT,GG,CT,CC,TT,CT,CT,CG,AA,AA,TT,TT,CC,AA,AG,AC,CC,GG,TT,CC,TT,AA,AA,TT,CC,AG,CG,GG,CC,GT,CT,AA,CC,CC,CC,CC,AA,TT,CC,AA,CC,CC,AG,AT,AA,AA,GG,CC,NN,GG,AG,AA,AT,CC,GG,CC,GG,AG,AA,GG,TT,GG,AA,TT,CT,GG,CC,TT,TT,TT,CC,AA,GG,TT,AT,AT,GG,CC,AG,CT,CC,CC,CG,CC,AA,GG,AA,CC,TT,CC,GT,TT,GG,TT,AA,AG,TT,CC,CG,AA,AC,CC,GG,GG,AC,GG,TT,AC,AA,CC,GG,AT,AC,AA,AA,GT,TT,TT,AA,GG,GT,AA,CC,AT,GT,AA,GG,AA,TT,AA,TT,CC,TT,AC,CC,TT,CG,AA,CC,AG,AC,TT,TT,GT,GG,TT,AA,CC,AG,GG,CC,CC,GG,CC,GG,TT,AA,CG,GT,GG,CC,CC,AA,GG,CC,AA,CC,AA,AA,CC,CC,AC,TT,AA,GG,AA,AA,AA,AA,AA,AA,AA,AA,TT,CG,AA,AA,CC,AA,CC,AA,AA,GG,GG,GG,TT,AA,AA,TT,TT,TT,AG,AT,CG,CG,AA,5.26,Susceptible,Low,Premium,Early
L0352,Anantapur,Andhra Pradesh,Kharif,Red Sandy,Rainfed,390,31.0,52,AC,TT,GG,AA,GG,CC,GT,TT,CC,GG,AA,CC,GG,TT,TT,GG,GG,TT,TT,AA,CC,TT,GG,CC,TT,CC,GT,TT,GG,AA,TT,NN,AA,CC,GG,CG,GG,CG,GG,CC,TT,CT,AA,GT,AA,GG,TT,AT,CC,AC,GT,AA,AG,GG,CC,TT,AA,AC,GG,AA,AA,TT,TT,AG,TT,TT,CC,GG,TT,GG,AA,GG,CC,AA,GG,CC,AA,GG,TT,TT,GG,GG,GT,CC,AT,GG,AA,AA,CC,GG,CC,TT,CC,TT,TT,AG,CT,CC,GT,CC,CC,CG,GG,AA,TT,TT,CG,AA,NN,AA,CT,GG,TT,CG,TT,AA,AA,AT,CC,AG,CC,AG,CC,GT,TT,AA,CC,CC,CC,CC,AA,GT,CC,NN,CC,CC,AA,TT,AA,AA,CG,CC,CC,GG,AA,AG,AA,AC,GG,CC,CC,AA,AA,GG,TT,AG,CC,TT,CT,GG,AC,TT,GT,TT,CG,AA,TT,TT,AA,NN,NN,CC,AG,CC,CC,CC,GG,CC,AA,GG,AG,CC,TT,CC,GT,GT,GG,TT,AA,AA,TT,CC,GG,AC,CC,CC,CG,GG,AA,GG,TT,AC,AA,CC,GG,AA,AC,AA,AA,GG,TT,AT,AT,CG,GT,AA,CC,TT,GG,AA,GG,AA,TT,AA,TT,NN,CT,AA,CC,CT,GG,GG,CG,AG,CC,TT,TT,TT,CG,TT,AA,AC,AG,GG,CG,CC,GG,CG,GT,AT,AG,CC,GG,GG,CG,CG,AA,GG,CC,AT,CC,AA,AA,AC,CG,AC,AT,AA,GG,AA,AA,AC,AA,GG,AA,AA,AA,TT,CG,AA,AG,CC,AC,CC,AA,AA,GG,GG,CG,GT,TT,AA,TT,TT,TT,AA,TT,GG,CG,AA,2.93,Susceptible,Medium,Standard,Late
L0353,Anantapur,Andhra Pradesh,Kharif,Red Sandy,Rainfed,390,31.0,52,AC,TT,GG,AG,GG,CC,TT,TT,CC,CG,AA,CC,GG,TT,TT,GT,GG,TT,TT,AA,CC,TT,TT,CC,TT,CC,TT,TT,GT,AA,TT,CT,AA,CC,AG,GG,GG,CG,GG,CC,TT,CT,AA,TT,AA,AG,TT,AT,CC,AA,GG,AA,AA,GG,CC,NN,AA,AC,GT,AA,AA,TT,AA,AG,CT,AT,CC,GG,TT,GG,AA,GG,CC,AA,GG,AC,AT,AG,TT,TT,GG,GG,GG,CC,AA,GG,AA,AA,CC,GG,CC,TT,CC,TT,NN,GG,TT,CC,TT,CC,NN,CG,GG,AA,AT,TT,CC,AA,AG,AA,CT,GG,GT,CC,TT,AA,AC,TT,CC,AG,CC,GG,CC,GG,TT,AA,NN,CC,CC,CC,AA,TT,CC,AA,CC,CT,AA,TT,AA,AT,GG,CC,CC,GG,AA,AA,AA,AC,GT,CC,CC,AA,AA,AG,GT,AG,AC,GT,NN,GG,AC,GT,TT,CT,CC,AT,TT,TT,AA,AT,GG,CC,AA,TT,CC,CC,GG,AC,AA,GG,GG,CC,TT,CC,GG,TT,GG,TT,AA,AA,TT,CC,CG,AA,CC,CC,GG,GG,AC,GG,TT,AA,AA,CC,GG,AA,AC,AA,AT,GG,TT,TT,AA,GG,GG,AT,CC,TT,GT,AA,GG,AG,TT,AA,TT,CG,CT,AA,CC,TT,GG,AA,CC,AG,AC,TT,CT,TT,GG,TT,AA,AC,AA,GG,CC,CC,GG,CC,GG,TT,AA,GG,GT,AG,CC,CC,AA,GG,CC,AT,CC,AT,AA,AC,CG,AC,TT,AG,GG,AT,AA,AA,AA,AA,AA,AA,AG,TT,GG,AA,GG,AC,AA,TT,GG,AA,GG,AG,GG,TT,AA,AG,GT,TT,TT,AG,AT,GG,GG,AA,0.4,Susceptible,Low,Poor,Medium
L0354,Anantapur,Andhra Pradesh,Kharif,Red Sandy,Rainfed,390,31.0,52,AA,CT,GG,AA,GG,CC,GG,AA,CG,CC,AA,TT,CC,AT,GT,GG,CG,TT,TT,AA,NN,GT,TT,CT,TT,CT,TT,TT,GG,AA,TT,CC,AA,AC,GG,GG,GG,GG,GG,CC,TT,TT,AC,GT,AA,AG,TT,TT,CC,CC,GG,AA,AA,GG,CT,TT,AT,CC,TT,AA,AA,TT,TT,AA,TT,TT,CC,GT,TT,GG,AA,GG,AC,AA,GG,AA,AT,GG,TT,TT,GG,GG,GT,CC,AA,GG,AG,AT,CC,TT,AA,TT,CT,AT,TT,GG,CT,CC,GG,CC,CC,CG,GG,AA,TT,TT,CC,NN,AA,AC,CC,GG,TT,CC,TT,AA,AA,TT,CC,GG,CC,AG,CC,GG,TT,AG,CC,CC,AC,NN,AA,TT,AC,AA,CC,CC,AA,TT,AA,NN,GG,CC,CC,GG,AA,AG,AA,CC,GT,CC,CC,AG,NN,GG,TT,AA,AA,TT,CT,GG,CC,TT,TT,CT,CC,AT,TT,TT,AT,TT,GG,CC,AA,NN,CC,CC,CG,CC,AA,GG,AA,CC,TT,CG,NN,TT,CG,TT,NN,AA,TT,CC,GG,AC,AC,CC,GG,GG,AC,GG,TT,AA,AA,CC,GG,AA,AC,AA,AA,NN,TT,AT,AT,GG,TT,AA,CC,AT,TT,AA,GG,AA,TT,AA,TT,CC,TT,CC,CC,TT,CG,GG,CC,GG,CC,TT,TT,TT,GG,TT,AA,CC,AA,GT,CC,CC,GG,CC,GG,AT,AA,CG,TT,AG,CC,CC,AA,AG,CC,NN,NN,AA,AA,AC,CC,AA,TT,AA,GG,AA,AA,AC,AA,GG,AA,AA,AA,AT,GG,AC,NN,CC,AA,CT,AA,AA,CG,GG,GG,GT,AA,AA,TT,TT,TT,AA,AT,GG,GG,AA,3.11,Moderate,High,Standard,Medium
L0355,Anantapur,Andhra Pradesh,Kharif,Red Sandy,Rainfed,390,31.0,52,AA,TT,AG,GG,GG,CC,GT,TT,CC,CC,AA,CC,CC,AA,GT,GG,GG,TT,TT,AA,CG,TT,TT,CC,TT,CC,GT,TT,GT,AA,TT,CC,AA,CC,GG,GG,GG,CG,GG,CC,TT,CT,AC,TT,AA,GG,TT,TT,CC,AC,GG,AA,AG,GG,CT,TT,AA,AC,TT,AA,AA,NN,TT,AA,TT,TT,CC,GG,TT,GT,AA,GG,CC,AA,AG,AC,AT,AG,TT,TT,GG,GG,GT,CC,AA,GG,AA,AT,CC,GT,AC,TT,CT,TT,TT,GG,TT,CC,TT,CT,CC,CC,GG,AA,AT,TT,CC,AA,AA,AA,CC,GG,NN,CG,GT,AA,AA,TT,CG,AG,CC,GG,CC,GG,TT,AA,CC,CC,CC,CC,AA,NN,CC,AA,CC,CC,AA,TT,AG,AA,GG,CC,CC,GG,AG,AG,AA,CC,GG,CC,CC,AA,AG,GG,GG,GG,AC,GT,TT,GG,AC,TT,GT,TT,CC,AT,GT,CT,AA,TT,CG,CC,AG,CT,CC,CC,GG,CC,AA,GG,AA,CC,TT,CG,GG,TT,CG,AT,AG,AA,GT,CC,CG,AA,CC,CC,GG,GG,AA,GG,TT,AC,AA,CC,GT,AT,CC,AA,AT,GT,TT,TT,AA,GG,GG,AA,CC,AT,GT,AT,AG,AA,CT,AA,TT,GG,CT,AA,CC,TT,CG,AA,NN,GG,CC,TT,CT,GG,GG,TT,AA,AA,AG,GT,CC,CC,GG,CC,GG,TT,AG,CC,GT,GG,CC,CG,AT,GG,CG,AT,CG,AA,AA,AC,CC,AC,TT,AA,GG,AA,AA,AC,AA,AG,AG,AA,AA,TT,GG,AC,AG,AC,AA,CC,AA,AA,GG,GG,GG,TT,AA,AA,TT,TT,TT,AG,TT,GG,GG,AA,3.19,Susceptible,Medium,Standard,Early
L0356,Anantapur,Andhra Pradesh,Kharif,Red Sandy,Rainfed,390,31.0,52,CC,CT,AG,AA,GG,CG,GG,TT,CC,CC,AA,CC,CC,AT,TT,GG,CG,TT,TT,AA,CG,TT,TT,CC,TT,CC,TT,TT,GG,AA,CT,CC,AG,CC,GG,GG,GG,CG,GG,CC,TT,TT,AA,TT,AA,GG,TT,AA,CC,AC,GG,AA,AA,GG,CT,TT,AA,AA,GG,AA,AA,GT,AT,AA,TT,TT,CC,GG,TT,GG,AA,GG,CC,AA,GG,AA,AT,AG,TT,TT,GG,GG,GG,CC,AA,GG,AA,AA,CC,TT,CC,GT,TT,TT,GT,AG,CT,CC,GT,CC,CC,CG,AG,AA,TT,TT,CC,AA,AA,AA,CC,GT,GT,CC,TT,AA,AA,TT,NN,AG,CG,NN,CC,GT,TT,AA,CC,CC,CC,CC,AA,TT,CC,AA,CC,CC,AA,TT,AG,AA,GG,CC,CC,GG,AA,GG,AA,CC,GT,CC,CG,AA,AA,AG,TT,GG,AA,GT,TT,GG,CC,TT,GT,TT,CC,AT,TT,TT,AA,TT,CG,CC,AA,CC,CC,CC,CG,AC,AA,GG,AG,CC,TT,CC,TT,TT,GG,TT,AA,AA,GT,CC,GG,AA,CC,CC,GG,GG,AA,GG,TT,AC,AA,CC,GT,AA,AC,AA,AT,GT,GT,TT,AT,CG,TT,AT,CG,TT,GT,AA,GG,AA,TT,AC,TT,CG,TT,AA,CC,TT,GG,NN,CG,GG,CC,AT,TT,GT,GG,TT,AA,NN,AA,GG,CC,CC,GG,CC,GG,AT,AA,CG,TT,GG,CC,CG,AT,AG,CC,AT,CC,AA,AA,AC,CG,CC,TT,AA,GG,AA,AA,AC,AA,GG,AG,AA,AA,TT,GG,AC,AA,AC,NN,TT,AA,AA,GG,AG,GG,GT,AA,AA,TT,TT,TT,NN,TT,NN,CG,AA,5.69,Susceptible,Low,Premium,Early
L0357,Anantapur,Andhra Pradesh,Kharif,Red Sandy,Rainfed,390,31.0,52,AA,TT,GG,AG,GG,CC,GT,TT,CC,CC,AA,CT,CG,AT,TT,GG,GG,TT,TT,AA,CC,GG,GG,CT,TT,CC,TT,TT,GT,AA,TT,CC,AA,CC,GG,GG,GG,CC,GG,CC,GT,TT,AA,TT,AA,GG,TT,TT,CC,AA,GG,AA,AA,GG,CT,TT,AA,AA,TT,AC,AA,TT,TT,AA,TT,TT,CC,GG,TT,GG,AA,GG,NN,AA,GG,CC,AT,GG,GT,CT,GG,GG,GT,CC,AA,GG,AA,AT,CC,TT,CC,TT,CC,TT,GT,AG,TT,AC,GT,CC,CC,CC,AA,AA,TT,TT,CG,AA,AA,AA,CT,GG,TT,CC,TT,AA,AA,TT,CC,GG,CC,AG,CC,GG,TT,AA,CC,CC,CC,CC,AA,TT,CC,AA,CC,CC,AA,TT,AA,AA,CG,CC,CG,GG,AA,GG,AA,AA,GG,CC,CC,AG,AA,AG,TT,GG,AC,TT,CT,GG,AC,TT,TT,TT,CC,AT,TT,TT,AA,TT,GG,CC,AG,CC,AC,AC,GG,CC,AA,GG,GG,AC,TT,CC,GT,GT,GG,NN,AA,AA,TT,CC,GG,AA,AC,CC,GG,GG,AA,GG,TT,AA,AA,CC,GG,AA,CC,AA,TT,GT,TT,TT,AA,GG,GG,AT,CC,AT,GT,AA,GG,AG,TT,AC,TT,CC,CT,AA,CC,TT,CC,NN,CC,AG,AA,TT,CC,TT,GG,TT,AA,CC,AA,GT,CC,CC,GG,CC,GG,TT,AA,CC,GT,GG,CC,CC,AA,GG,CC,AT,CC,AA,AA,CC,CC,AC,TT,AA,GG,AA,AA,AA,AA,GG,AA,AA,AA,TT,GG,AC,AG,CC,AC,CT,AA,AA,CG,GG,CG,TT,AT,AA,TT,TT,TT,AA,TT,GG,GG,AC,3.49,Resistant,Low,Standard,Early
L0358,Anantapur,Andhra Pradesh,Kharif,Red Sandy,Rainfed,390,31.0,52,AC,TT,GG,AG,CG,CC,GT,AT,CC,GG,AA,CC,GG,TT,GT,GG,CC,TT,TT,AG,CC,GT,GT,CC,TT,CC,TT,TT,GG,AA,TT,CC,AA,CC,GG,GG,GG,CC,GG,AC,TT,TT,AA,TT,AG,GG,TT,AT,CC,AC,GG,AA,AG,GG,CC,TT,AA,AA,GT,AA,AA,TT,AA,AA,NN,TT,CC,GG,TT,GT,AG,GG,CC,AA,GG,AC,AA,GG,GT,TT,GG,GG,GG,CC,AT,GG,AA,AA,CC,TT,CC,GT,CC,TT,GT,GG,TT,NN,GT,CC,CC,CC,AG,AA,TT,TT,NN,AA,AA,AC,CC,GG,TT,CC,TT,AA,AA,TT,CG,NN,CC,GG,CC,GT,TT,AA,CC,CC,CC,CC,AA,TT,CC,AA,CC,CC,AA,AT,AA,AA,GG,CT,CC,GG,AA,GG,AA,CC,GT,CC,CC,AG,AA,GG,TT,GG,AA,GT,TT,GG,CC,GT,TT,TT,CC,AA,TT,TT,AA,TT,GG,CC,AG,CC,CC,AC,CG,CC,AA,GG,AG,CC,TT,CC,GT,TT,GG,AT,AA,AA,TT,CC,GG,AA,CC,CC,GG,GG,AA,GG,TT,AA,AA,CC,GG,AT,AC,AA,AA,NN,TT,AT,AA,GG,GT,AA,CC,AT,TT,AA,GG,AA,TT,AA,TT,CC,CT,AA,CC,CT,GG,AG,CC,AA,CC,TT,TT,TT,GG,TT,AC,CC,AA,GG,CC,CC,GG,CC,GG,TT,AA,NN,GT,GG,CC,CG,AA,GG,CC,AT,CC,AA,AA,CC,CG,CC,TT,AA,GG,AA,AC,AC,AA,AA,GG,AA,AG,TT,GG,AA,GG,CC,AC,CT,AA,AA,GG,GG,CC,NN,AA,AA,TT,TT,TT,AG,AT,GG,GG,AC,1.78,Resistant,Low,Standard,Late
L0359,Anantapur,Andhra Pradesh,Kharif,Red Sandy,Rainfed,390,31.0,52,AC,CT,GG,NN,GG,CC,GT,AT,CC,CG,AA,CC,CG,TT,TT,GG,GG,TT,TT,AA,CC,GT,TT,CC,TT,CC,TT,AT,GT,AA,CC,CC,AA,CC,GG,CG,GT,CG,GG,CC,TT,TT,AA,GT,AA,GG,TT,TT,CC,CC,GG,AA,AG,GG,CC,TT,AA,AA,TT,AC,AA,TT,AT,GG,TT,TT,CC,NN,TT,GG,AG,NN,CC,AA,GG,AA,AT,AG,TT,TT,GG,GG,GT,CC,AA,GG,AA,AA,CC,GG,CC,TT,CC,AT,TT,GG,TT,CC,GG,CC,CT,CC,AG,AA,TT,TT,CC,AA,AG,AA,CC,GG,TT,CG,NN,AC,AC,TT,CC,GG,CG,GG,NN,GG,CT,AG,CC,CC,CC,CC,NN,TT,CC,AA,CC,CT,AA,AT,AA,AA,CG,CT,CC,GG,AA,AA,AA,CC,GG,CC,CC,AA,AG,GG,GT,AG,CC,GT,TT,AG,AC,TT,TT,TT,CC,AA,TT,TT,AT,AT,CG,CC,AA,CC,CC,CC,CG,CC,AA,GG,AA,CC,TT,CC,GT,GT,GG,AT,AA,NN,TT,AA,GG,AC,CC,CC,GG,AG,AA,GG,TT,AA,AG,CG,GG,AA,CC,AA,AA,GG,TT,AT,AT,CG,GT,AT,CG,TT,TT,AA,GG,AA,TT,AA,TT,CC,TT,AC,CC,TT,CG,AA,CC,GG,AC,TT,TT,GG,GG,TT,AA,AA,AA,GG,CC,CC,GG,CC,GG,TT,AA,CC,GT,GG,CC,CG,AA,GG,NN,AA,CC,AA,AA,AA,CG,CC,TT,AA,GG,AA,AA,AA,AA,GG,AA,AA,AA,TT,CG,NN,AG,AC,AA,TT,NN,AA,GG,GG,GG,TT,AT,AG,TT,NN,TT,AG,AT,GG,GG,AA,0.4,Moderate,Low,Poor,Early
L0360,Anantapur,Andhra Pradesh,Kharif,Red Sandy,Rainfed,390,31.0,52,AA,TT,AG,AG,GG,CC,GT,AT,CC,CC,AT,CC,CC,AT,TT,GG,GG,TT,TT,AA,CG,TT,GG,CC,TT,CC,TT,AT,GG,AA,TT,CT,AA,CC,GG,GG,GG,CG,GG,CC,TT,TT,AA,GT,AA,GG,TT,TT,CC,NN,GG,AT,GG,GG,CT,GT,AA,AC,GT,AA,AA,TT,AT,AG,TT,TT,CC,GT,CT,GT,AG,GG,CC,AA,GG,AA,NN,GG,TT,TT,AG,GG,GG,CC,AA,GG,AA,AA,CC,TT,CC,TT,NN,TT,GT,GG,TT,CC,GT,CC,CT,CC,AA,AA,AT,TT,CC,AA,AA,AA,CC,GG,TT,CC,GT,AC,AA,TT,CC,GG,CC,AG,CC,GG,TT,AA,CC,CC,CC,CC,AG,TT,CC,AA,CC,CC,AG,TT,AA,AA,GG,CC,CC,AG,AA,AG,AA,CC,GT,CC,CC,AA,AG,GG,TT,AG,AA,GT,CT,AG,CC,TT,TT,TT,CC,AA,TT,TT,AA,AT,GG,CC,AG,CT,CC,CC,CG,AC,AA,GG,AA,CC,TT,CG,GG,GT,GG,TT,AA,NN,TT,CC,GG,CC,CC,CC,GG,GG,AA,GG,TT,AA,AG,GG,GT,AA,AA,AA,AT,GG,GT,TT,AA,CG,GG,AT,CG,TT,GT,AA,GG,AA,CC,AA,TT,CC,TT,AA,CC,TT,CC,AG,CG,AA,AC,TT,TT,TT,GG,TT,AA,CC,AA,GT,CC,CG,GG,CC,GG,TT,NN,CC,GT,GG,CC,CC,AA,GG,CC,AA,CG,AA,AA,AA,CG,CC,TT,AA,GG,AA,AA,AA,AA,AA,AG,AG,AA,AT,GG,AC,AG,AA,AC,TT,AA,AA,GG,GG,GG,GT,AT,AA,TT,TT,TT,AG,AT,GG,CG,AA,3.19,Moderate,Low,Premium,Early
L0361,Anantapur,Andhra Pradesh,Kharif,Red Sandy,Rainfed,390,31.0,52,AC,TT,AG,AA,GG,CC,GG,AT,CC,CG,AA,CC,CC,AT,GT,GG,GG,TT,TT,AA,CC,TT,TT,CT,TT,CC,TT,TT,GG,AA,TT,CC,AA,CC,GG,GG,GG,CG,GG,CC,TT,CT,AC,TT,NN,AG,TT,TT,CC,AC,GG,AT,AA,GG,CC,TT,AA,AA,GG,AC,AG,TT,TT,AA,TT,AT,CC,GG,TT,GG,AA,GG,CC,AA,AG,AC,AA,GG,TT,TT,GG,GG,GG,CC,AA,GG,AA,AA,CC,GT,AC,TT,CT,TT,TT,GG,CT,CC,TT,CC,CC,CC,AA,AA,TT,TT,CG,AA,AG,AA,CC,GG,TT,CC,TT,AC,AA,TT,CG,AG,CG,GG,CC,GG,TT,AA,CC,CC,AC,CC,AA,TT,CC,AA,CC,CT,AA,TT,AA,AA,CG,CC,CC,GG,AG,AA,AA,NN,GG,CC,CC,AA,AG,GG,GT,GG,AA,TT,CC,NN,CC,GT,TT,CT,CC,AA,GT,CT,AT,TT,GG,CC,AA,CT,CC,CC,GG,CC,AA,GG,AG,CC,NN,CC,GT,GT,GG,TT,AA,AA,TT,CC,GG,AA,CC,CC,GG,GG,AA,GG,TT,AA,AA,CC,GG,AA,CC,AT,AA,GG,TT,TT,AT,GG,TT,AT,CG,AA,GT,AA,GG,AA,TT,AA,TT,CC,TT,AA,CC,CT,GG,AA,CC,AA,CC,TT,CT,TT,GG,TT,AA,AA,AG,GG,CC,CG,GG,CC,GG,AT,AG,CC,TT,GG,CC,CC,AT,GG,CG,TT,CC,AT,AA,AC,CC,AC,TT,AA,GG,AA,AA,AA,AC,GG,AA,AA,AA,AT,CG,AA,GG,CC,AA,CC,AA,AA,GG,GG,GG,TT,AT,AG,GT,TT,TT,AA,AT,GG,GG,AA,3.17,Resistant,Medium,Poor,Late
L0362,Anantapur,Andhra Pradesh,Kharif,Red Sandy,Rainfed,390,31.0,52,CC,TT,GG,AG,GG,CG,GG,TT,CC,CC,AA,NN,CC,AT,GT,GT,GG,TT,TT,AG,CG,TT,TT,CC,TT,CC,TT,AT,GT,AA,TT,CT,AA,CC,GG,GG,GG,CC,GG,AC,TT,CT,AA,TT,AA,AG,TT,TT,CC,CC,GG,AA,AA,GG,CC,GT,AA,AA,TT,AC,AG,TT,TT,AA,CT,TT,CC,GG,TT,GG,AA,GG,CC,AA,GG,AC,AT,GG,TT,TT,GG,GT,GG,CC,AT,GG,AG,AA,CC,NN,CC,TT,CT,AT,TT,AG,TT,CC,GG,CC,CC,CC,AG,AA,TT,TT,CG,AA,GG,AA,CT,GG,NN,CG,TT,AA,AC,TT,CC,GG,CC,GG,CC,GT,TT,AG,CC,CC,CC,CC,AA,GT,AC,AA,CC,CT,AA,TT,AA,AA,GG,CC,NN,GG,NN,AA,AA,CC,GT,CC,CG,AG,AG,GG,TT,AG,CC,GT,NN,GG,AC,GT,GT,TT,CG,AT,GT,TT,AA,TT,CG,CC,AA,CT,CC,CC,GG,CC,AA,GG,AA,CC,TT,CC,GT,TT,GG,AT,AG,AA,TT,CC,GG,AA,CC,CC,GG,GG,NN,GG,TT,AA,AA,CC,GG,AA,CC,AA,AT,GG,TT,TT,AT,GG,GT,AT,CG,NN,TT,AA,GG,AA,CT,AA,TT,CG,CT,AC,CC,CT,GG,AG,CC,AG,CC,TT,TT,TT,NN,TT,AA,AA,AA,GG,CC,CC,NN,CC,GG,AT,AA,CG,TT,GG,CC,CG,AT,GG,CC,AA,CC,AA,AG,CC,CG,CC,TT,AA,CG,AA,AA,AA,AA,AG,AG,AA,AA,TT,GG,AA,AG,CC,CC,CT,AA,AG,GG,AG,GG,TT,AA,AG,TT,TT,TT,AG,AT,GG,GG,AA,2.3,Moderate,High,Poor,Early
L0363,Anantapur,Andhra Pradesh,Kharif,Red Sandy,Rainfed,390,31.0,52,AC,TT,AG,AG,GG,CC,GG,AA,CC,CC,AT,CC,CC,AT,TT,GT,GG,TT,AT,AA,CG,TT,TT,CT,TT,CC,TT,TT,GG,AA,TT,CC,AA,CC,GG,CC,GG,CC,GG,CC,TT,TT,AA,TT,AA,GG,TT,TT,CC,AC,GG,AA,AA,GG,CT,GT,AA,AC,GG,AA,AG,TT,AA,AA,CT,AA,CC,GG,TT,GG,AA,GG,CC,AA,AG,AA,AA,NN,GG,TT,GG,GG,GG,CC,AA,GG,AA,AA,CC,TT,CC,TT,CT,TT,TT,AG,TT,CC,TT,CC,CC,CG,GG,AA,AT,TT,CC,AA,AA,AA,CT,GG,TT,CC,TT,AA,AA,AT,CC,GG,CG,GG,CC,GT,TT,AA,CC,CC,CC,CC,NN,TT,CC,AA,CC,CC,AA,TT,AA,AA,GG,CC,CC,GG,AA,AG,AA,CC,GT,CC,CG,AA,AA,GG,TT,GG,AC,TT,TT,AG,CC,GT,GT,TT,CC,AA,TT,TT,AA,AT,GG,CC,AA,CT,CC,AC,GG,CC,AA,GG,AA,CC,TT,CC,GT,TT,GG,AT,AA,GG,TT,CC,CG,AA,AC,CG,GG,GG,AC,GG,TT,CC,AA,CC,GG,AA,AC,AA,AA,GG,NN,AT,AA,CG,GG,AA,CG,TT,GT,AA,GG,AA,CC,AA,TT,CG,TT,AA,NN,TT,CG,GG,CC,GG,CC,TT,TT,GT,GG,AT,AA,AC,AG,GG,CC,CC,GG,CC,GG,TT,AA,CC,TT,GG,CC,CG,AA,GG,CC,AT,CC,AT,AA,AC,CG,CC,TT,AA,NN,AA,AA,AC,AA,GG,AA,AA,AG,AT,GG,AA,NN,CC,AA,TT,AA,AA,GG,NN,GG,TT,AT,AA,TT,TT,TT,AG,AT,GG,CG,AA,1.73,Moderate,Medium,Premium,Late
L0364,Anantapur,Andhra Pradesh,Kharif,Red Sandy,Rainfed,390,31.0,52,AA,TT,GG,AG,GG,CC,GT,TT,CC,GG,AA,CC,CC,AT,GT,GG,CG,TT,TT,AA,CC,TT,GT,CC,AT,CC,TT,TT,GG,AA,TT,CC,AA,CC,GG,GG,GG,CC,GG,CC,TT,CT,AA,GT,AG,GG,NN,TT,CC,AC,GT,AA,AA,GG,CC,GT,AA,AC,GT,AA,AG,TT,TT,AG,CT,TT,CC,GG,TT,GT,AA,GG,CC,AA,GG,AC,TT,GG,GT,TT,GG,GG,GT,CC,AT,GG,AA,AA,CC,NN,CC,TT,TT,AT,GT,GG,TT,CC,TT,CC,CC,CC,GG,AA,TT,TT,CC,AA,AA,AC,CC,GG,TT,CC,GT,AA,AC,TT,CG,GG,CG,GG,CC,TT,TT,AG,CC,CC,CC,CC,AG,TT,CC,AA,CC,CC,AA,TT,AG,AA,GG,CC,CC,AG,AA,AG,AA,CC,GG,CC,CC,AA,AG,GG,TT,GG,AA,GT,CC,GG,CC,TT,TT,TT,GG,AA,TT,CT,AA,AT,CG,CC,AA,CC,CC,CC,CC,AC,AA,GG,AA,CC,TT,CC,GT,TT,GG,TT,AA,AG,TT,CC,GG,AA,CC,CC,GG,GG,AC,GG,CT,AA,AA,CC,GG,AA,AC,AA,AT,GG,GT,AT,AA,GG,TT,AA,CC,AT,TT,AA,AG,AA,TT,AA,TT,CC,TT,AC,CC,CT,CG,AG,CC,AA,CC,TT,CT,NN,GG,NN,AC,AC,AG,GG,CC,CG,GG,CC,GG,TT,AA,CC,TT,GG,CC,CC,AT,GG,CG,AT,CC,AA,AA,CC,CG,CC,TT,AA,GG,AA,AA,AC,AC,AG,AG,AA,AA,AT,CG,AA,AA,CC,AA,CT,AA,AA,GG,GG,GG,TT,AT,NN,GT,TT,TT,AG,AT,GG,GG,AA,2.43,Moderate,Low,Premium,Late
L0365,Anantapur,Andhra Pradesh,Kharif,Red Sandy,Rainfed,390,31.0,52,AA,TT,AG,AA,CG,CC,GT,AT,CG,CC,AA,CC,CC,TT,TT,GG,CG,TT,AT,AA,CC,GT,GG,CC,TT,CC,TT,TT,GG,AA,TT,CT,AA,CC,GG,CG,GG,CC,GG,NN,TT,CT,AA,TT,AA,AG,TT,TT,CC,CC,GG,AT,AA,GG,NN,TT,AA,AA,GT,NN,AA,GT,AT,AG,TT,TT,CC,GG,TT,GG,AA,GG,CC,AA,NN,AA,TT,GG,TT,TT,GG,GG,GT,CC,AT,GG,AA,AT,CC,GT,CC,TT,CT,TT,GT,GG,TT,CC,TT,CC,CC,CC,AG,AA,AT,TT,CC,AA,AG,AA,NN,GG,TT,CG,TT,AA,AA,TT,CG,AG,CC,GG,CT,TT,TT,AA,CC,CC,CC,CG,AG,TT,CC,AA,CC,TT,AA,TT,AA,AA,GG,CT,CC,AG,AA,AG,AA,CC,GG,CC,CC,AA,AG,GG,TT,GG,CC,TT,CC,GG,AC,TT,TT,CT,CC,AT,TT,TT,AA,AT,GG,CC,AA,CT,AC,CC,GG,CC,AA,GG,AG,CC,TT,CC,GT,TT,GG,AT,AA,AA,TT,CC,CG,AA,CC,CC,GG,AG,AA,GG,CT,AA,AA,CC,GT,AA,CC,AA,AA,GG,TT,AT,AA,CG,TT,AA,CG,AT,TT,AA,GG,AA,CT,AA,TT,CC,TT,AA,AC,TT,CG,AA,CC,AA,CC,TT,CC,GT,GG,TT,AC,AA,AG,GG,CC,CG,GG,CC,GG,TT,AG,CC,GT,GG,CC,CC,AA,GG,CC,AA,CG,AA,AA,AC,CG,CC,TT,AA,GG,AA,AA,AC,AA,AG,AG,AA,AA,TT,GG,AA,AG,AC,AA,TT,AA,AA,CG,AG,GG,GT,AA,AA,GT,TT,AT,GG,AA,GG,GG,AA,0.44,Susceptible,Medium,Poor,Late
L0366,Anantapur,Andhra Pradesh,Kharif,Red Sandy,Rainfed,390,31.0,52,CC,TT,AG,AA,GG,CC,GT,AT,CC,CG,AA,CC,CC,TT,TT,TT,CG,TT,TT,AG,CC,TT,TT,CT,TT,CC,TT,AT,GG,AA,TT,CC,AA,CC,GG,CG,GG,CG,GG,CC,TT,CT,AA,TT,AA,AA,CT,TT,CC,CC,GT,AA,AG,GG,TT,GT,AA,AC,GT,AC,AG,TT,TT,AA,TT,TT,CC,GG,TT,GG,AA,GG,CC,AA,GG,CC,TT,GG,TT,TT,GG,GG,GG,CC,AA,GG,AG,AT,CC,TT,CC,TT,CC,TT,GT,GG,CT,AC,GG,NN,CT,CC,AG,AA,TT,TT,CC,AA,AA,AA,CT,NN,TT,CG,TT,AC,AA,TT,CC,GG,CC,GG,CC,GG,CT,AA,CC,CC,CC,CC,AA,GT,NN,AA,CC,CC,AA,TT,AG,AA,GG,CT,CC,GG,AA,AG,AA,CC,GG,CC,CG,AG,AA,GG,TT,AG,AA,TT,CT,GG,CC,GG,TT,TT,CC,AT,TT,CT,AA,AA,GG,CC,AA,CT,CC,CC,GG,AC,AA,GG,AG,CC,TT,CC,GG,TT,GG,AT,AG,AG,TT,AC,GG,AC,AC,CC,GG,GG,AA,CG,TT,AC,AA,CC,GG,AT,CC,AA,AA,GG,GT,TT,AT,GG,GG,AT,CC,TT,TT,AA,AG,AA,TT,AA,TT,CC,TT,AA,CC,TT,CG,AA,CC,GG,CC,TT,CT,TT,GG,TT,AA,CC,AA,GT,CC,CC,GG,CG,GG,TT,AA,CG,GT,GG,CC,CC,AA,GG,CC,AT,CC,AA,AA,CC,CG,AC,TT,AA,GG,AA,AA,AC,AA,AG,AG,AA,AA,TT,CG,AA,AA,AC,AC,CT,AA,AG,GG,AG,GG,TT,AA,AA,GT,TT,TT,GG,TT,GG,GG,AA,5.74,Moderate,Low,Poor,Medium
L0367,Anantapur,Andhra Pradesh,Kharif,Red Sandy,Rainfed,390,31.0,52,AA,TT,GG,AA,GG,CC,GG,AT,CC,CG,AA,CT,CC,AA,TT,GG,GG,TT,TT,AA,CC,TT,GT,TT,TT,CC,TT,TT,GT,AA,TT,CT,AA,CC,AG,CC,GG,CG,GG,CC,TT,CT,AA,TT,AA,AA,TT,AT,CC,AC,GT,AT,AA,GG,CC,TT,AA,AA,GG,AC,AA,TT,TT,AG,TT,TT,CC,GG,TT,GG,AA,GT,CC,AA,GG,AC,AA,GG,TT,TT,GG,GG,GG,CC,AA,GG,AA,AA,CC,GT,AC,GG,CC,TT,TT,GG,TT,CC,GG,CC,CC,CC,AG,AA,TT,TT,CC,AA,AA,AA,CT,GG,TT,CC,TT,AA,AA,TT,CG,AA,CC,AG,CC,GG,TT,AA,CT,CC,CC,CC,AA,GT,CC,AA,CC,CT,AA,AT,AA,AT,GG,CC,CC,GG,AA,AA,AA,CC,GT,CC,CC,AA,AA,GG,TT,GG,AA,TT,TT,GG,AC,TT,GG,TT,CC,AT,TT,TT,AT,TT,GG,CC,AA,CT,CC,CC,GG,CC,AA,GG,GG,CC,TT,CC,GT,GG,GG,TT,AA,AG,TT,CC,GG,AA,CC,CC,GG,AA,AA,GG,TT,AC,AA,CC,GG,AT,AC,AA,TT,GG,TT,TT,AT,CG,TT,AA,CC,TT,TT,AA,GG,AA,TT,CC,TT,CC,TT,AC,CC,CT,CG,AG,CC,AG,AC,TT,CT,GT,GG,TT,AC,AC,AG,GG,CG,CG,CG,CC,GG,AT,AG,CC,GT,GG,CC,CG,AA,AG,CG,AA,CC,AA,AA,CC,CC,CC,TT,AG,GG,AT,AC,AA,AA,AG,GG,AA,AA,AT,GG,AC,GG,AC,AC,TT,AG,AA,GG,GG,GG,TT,AA,AG,GT,NN,TT,AG,TT,GG,CG,AA,3.31,Susceptible,High,Poor,Medium
L0368,Anantapur,Andhra Pradesh,Kharif,Red Sandy,Rainfed,390,31.0,52,AC,TT,GG,AA,GG,CC,GG,NN,CC,CC,AA,CC,CG,TT,TT,GT,CG,TT,TT,AA,CC,GT,TT,CC,TT,CC,TT,TT,GT,AA,TT,CC,AG,CC,AG,CG,GG,CC,GG,CC,NN,TT,AA,TT,AG,AG,TT,TT,CC,CC,GG,AA,AG,GG,CC,TT,AA,AC,GG,AA,AA,TT,AT,AA,TT,TT,CC,GG,NN,GG,AA,GG,CC,AA,AG,AC,AT,GG,TT,TT,GG,GG,GG,CC,AT,GG,AA,AA,CC,TT,CC,TT,CT,AT,TT,GG,TT,AC,GT,CC,CT,CC,GG,AA,AT,TT,CC,NN,GG,AA,CC,GG,TT,CG,TT,AC,AA,TT,CC,GG,CC,GG,CC,GT,TT,AA,CT,CC,CC,CC,AA,TT,CC,AA,CC,CT,AA,AT,AA,AA,GG,CC,CC,GG,AG,AG,AT,AC,GG,CC,CC,AG,AG,GG,TT,AG,AA,GT,TT,AA,CC,TT,GT,TT,CC,AA,TT,CT,AA,TT,NN,CC,AG,CC,AC,CC,GG,CC,AA,GG,AA,CC,TT,CG,GG,TT,GG,AT,AA,AA,TT,AC,GG,AC,AC,CC,GG,AG,AA,GG,NN,AC,AA,CC,GT,AA,AC,AA,TT,GG,GT,AA,AA,GG,GT,AA,CC,AT,GG,AA,GG,AA,TT,AA,TT,CC,TT,AA,AC,TT,GG,AG,CC,AG,CC,TT,CT,TT,GG,TT,AA,AC,AG,GG,CG,CC,GG,CC,GG,TT,AA,CC,GG,GG,CC,CC,AA,GG,CC,AT,CC,AA,AA,CC,CC,AA,TT,AA,GG,AA,AC,AC,AA,GG,GG,AG,AA,AT,GG,AA,AG,AC,AA,CT,AA,AA,GG,GG,GG,TT,AA,AA,TT,TT,TT,AG,AT,GG,GG,AA,0.92,Moderate,Low,Standard,Early
L0369,Anantapur,Andhra Pradesh,Kharif,Red Sandy,Rainfed,390,31.0,52,AA,CT,GG,AA,GG,CC,GT,AT,CC,CC,AA,CT,CC,TT,TT,GG,GG,AT,TT,AA,CC,GT,TT,CC,TT,CT,TT,TT,GG,AA,TT,CC,AA,AC,GG,GG,GG,CC,GG,CC,TT,CT,AA,TT,AG,AA,TT,TT,CC,CC,GG,AT,AA,GG,CC,GT,AA,AA,TT,AC,AA,TT,TT,AG,TT,TT,CC,GG,TT,GG,AA,GT,CC,AA,GG,NN,AA,GG,TT,TT,GG,GT,GT,CC,AT,GG,AA,AA,CG,TT,CC,TT,CC,TT,GT,GG,TT,CC,GT,CC,CC,CC,AG,AA,AT,TT,CC,AG,AA,AA,CC,GG,TT,CC,GG,AA,AC,TT,CG,GG,CC,GG,CC,GG,TT,AA,CC,CC,CC,CC,AA,GT,AC,AA,CC,CC,AA,AT,AA,AA,GG,CT,CC,GG,AA,AA,AA,CC,GG,CC,CC,AA,AA,AG,TT,AG,AC,TT,CT,AG,AC,TT,GT,TT,CC,AA,TT,TT,AA,TT,NN,CC,AG,CT,CC,CC,CC,CC,AA,GG,GG,CC,TT,CG,GT,GT,GG,AT,AA,AA,TT,AC,GG,AA,CC,CC,GG,GG,AA,CG,TT,AA,AG,CC,GG,AA,CC,AA,AT,GT,TT,TT,AA,CC,GT,AA,CG,TT,GT,AA,GG,AA,CT,AA,TT,CC,CC,AA,CC,CT,CG,AA,CC,GG,CC,TT,CT,GT,GG,TT,AA,AC,AG,GG,CC,NN,GG,CC,GG,AT,AG,CC,TT,GG,CC,CC,AT,GG,CC,AT,CC,AA,AA,CC,CC,CC,TT,AA,GG,AA,AA,AA,AC,GG,AG,AA,AA,TT,GG,AA,AG,CC,AA,CT,AA,AA,GG,GG,GG,GG,AA,AA,GT,TT,AT,AG,TT,GG,GG,NN,1.02,Resistant,Medium,Poor,Early
L0370,Anantapur,Andhra Pradesh,Kharif,Red Sandy,Rainfed,390,31.0,52,AA,TT,GG,GG,GG,CC,GT,TT,CC,CC,AA,CC,CC,TT,TT,GT,CG,TT,TT,AA,CC,TT,GT,CC,TT,CC,GT,TT,GG,AA,TT,CT,AA,CC,GG,GG,GG,CG,GG,CC,TT,TT,AA,TT,AG,GG,TT,AA,CC,AC,TT,AA,AA,GG,CC,GT,AA,AC,GT,AC,AA,TT,AA,AG,CT,AT,CC,GG,TT,GT,AG,GG,CC,AA,AG,AA,AA,GG,TT,TT,GG,GG,GT,CC,AT,GG,AA,AA,CC,TT,AA,TT,CC,TT,TT,GG,TT,CC,GT,CC,CT,CG,AG,AA,TT,TT,CC,AA,AA,AA,CT,GG,TT,CG,GT,CC,AC,TT,CC,GG,CC,GG,CC,GG,CT,AA,CT,CC,CC,CC,AA,TT,CC,AA,CC,CT,AA,TT,AA,AA,GG,CC,CC,GG,AA,AG,AA,AC,GG,CC,CC,AA,AA,AG,TT,NN,AC,TT,TT,AG,AA,TT,GT,TT,CC,AA,TT,TT,AA,TT,GG,CC,AG,CT,CC,CC,CG,AC,AA,GG,AA,CC,TT,CC,GT,TT,GG,TT,AA,AA,TT,CC,GG,AA,CC,CC,CG,GG,AA,GG,TT,AA,AA,CG,GG,AT,AA,AA,AA,GT,TT,TT,AT,CG,TT,AA,CG,TT,TT,AA,GG,AA,CC,AA,TT,CC,TT,AA,CC,TT,GG,GG,CC,AA,AC,TT,CT,TT,GG,TT,AA,AA,AA,GG,CC,CG,GG,CG,GG,TT,AG,CG,TT,GG,CG,CC,AA,AG,CC,AT,CC,AA,AA,AC,CC,CC,TT,AA,CG,AA,AA,AA,NN,AA,AA,AA,AA,TT,GG,AC,AG,AC,AA,CT,AA,AA,GG,GG,GG,GT,AA,AG,TT,TT,TT,GG,TT,CG,GG,AA,4.02,Susceptible,Low,Poor,Late
L0371,Anantapur,Andhra Pradesh,Kharif,Red Sandy,Rainfed,390,31.0,52,CC,TT,AG,AG,CG,NN,GG,TT,CC,CC,AA,CC,CG,NN,GT,GG,CG,TT,TT,AA,CC,GT,GT,CC,TT,CC,GT,TT,GG,AA,TT,CC,AA,CC,GG,CG,NN,CC,GG,CC,TT,TT,AA,GG,AA,GG,TT,TT,CC,CC,GG,AA,AA,GG,CC,TT,AA,AA,GT,AA,AG,TT,TT,AA,TT,TT,CC,GG,TT,GT,AG,GG,AC,AA,GG,AA,AA,GG,TT,TT,GG,GG,GT,CC,AT,GG,AA,AT,CG,GG,AA,NN,CC,TT,TT,AG,TT,CC,GT,CT,CC,CC,AG,AA,TT,TT,CC,AA,AA,AA,CT,GG,TT,CC,GT,AA,AC,TT,CC,AG,CG,GG,CC,GG,TT,AA,CC,CC,AC,CC,AA,TT,CC,AA,CC,TT,AA,TT,AA,AA,CG,CT,CC,AG,AA,GG,AA,CC,GT,CC,CG,AA,AA,GG,TT,GG,AA,TT,CT,GG,CC,GT,GT,TT,CG,TT,TT,CT,AA,TT,GG,CC,AG,CT,CC,CC,CC,CC,AA,GG,AA,CC,TT,CC,GT,TT,GG,TT,AA,AG,TT,CC,GG,AA,CC,CC,GG,GG,AC,CG,TT,AA,AA,CC,GG,AA,CC,AA,AA,GG,TT,AA,AA,CG,TT,AA,CG,TT,GT,AA,GG,AA,CT,AA,TT,CC,TT,AA,CC,TT,GG,AG,CC,AG,CC,TT,CT,GT,GG,TT,AA,AC,AA,GG,NN,CG,GG,CC,GG,TT,AA,CG,GT,GG,CG,CC,AA,AG,CC,AA,CC,AA,AA,AC,CG,CC,AT,AA,GG,AA,AA,AA,AA,AA,AG,GG,AA,TT,CG,AC,AA,AA,AC,CT,AA,AA,GG,GG,GG,TT,AA,AA,GT,TT,TT,NN,AT,GG,CG,AA,4.29,Moderate,Low,Premium,Early
L0372,Anantapur,Andhra Pradesh,Kharif,Red Sandy,Rainfed,390,31.0,52,AC,TT,GG,AG,GG,CC,GG,TT,CC,GG,AA,CT,GG,AT,TT,GG,GG,TT,TT,AA,CG,TT,GT,CC,TT,CC,TT,TT,GG,AA,TT,CC,AA,CC,GG,GG,GG,CC,GG,CC,TT,TT,AA,TT,AA,GG,TT,TT,CC,CC,GG,AA,AA,GG,CC,TT,AA,AC,GT,AC,AA,TT,TT,AG,TT,AT,CC,GG,TT,GT,AA,GG,CC,AA,GG,AC,AT,GG,TT,TT,GG,GG,GG,CC,AA,GG,AA,AA,CC,TT,AC,TT,CC,TT,TT,GG,TT,CC,TT,CC,CC,NN,AA,AG,TT,TT,CG,AA,AG,AA,CC,GG,TT,CG,GT,AC,AC,TT,CC,AG,CC,GG,CC,GT,TT,AA,CC,CC,CC,CC,AA,TT,CC,AA,CC,CC,AA,TT,AA,AA,GG,CC,CC,GG,AG,AG,AA,AC,GG,CC,CC,AA,AA,GG,TT,GG,AC,TT,TT,GG,AC,GT,TT,TT,CG,NN,GT,TT,AA,TT,CG,CC,AG,CC,CC,CC,GG,AC,AA,GG,AA,CC,TT,CC,GT,TT,GG,AT,AA,AA,TT,CC,GG,AC,CC,CC,GG,GG,CC,GG,TT,AA,AA,CC,GT,AA,AC,TT,AA,GG,TT,AT,AA,GG,GT,AT,CC,AT,GT,AA,GG,AA,CT,CC,TT,CC,TT,AA,CC,TT,CG,GG,NN,AG,CC,TT,CT,TT,GG,TT,AA,AC,NN,GG,NN,GG,GG,CC,GG,TT,AA,CC,GT,GG,CC,CC,AA,AG,CG,AT,CC,AT,AA,CC,CC,AC,TT,AA,CG,AA,AA,AA,AA,AG,AG,AG,AA,AT,GG,AA,GG,CC,AC,CC,AA,AA,GG,GG,GG,TT,AA,AA,TT,TT,TT,AA,TT,GG,GG,AA,4.02,Moderate,Low,Standard,Late
L0373,Anantapur,Andhra Pradesh,Kharif,Red Sandy,Rainfed,390,31.0,52,CC,TT,GG,AA,GG,CG,GG,TT,CC,CG,AT,CT,CG,AT,GT,GG,GG,NN,TT,AA,CG,TT,TT,CC,NN,CC,GT,TT,GT,AA,TT,CC,AA,CC,GG,CG,GG,CG,GG,CC,TT,CC,AA,NN,AA,AG,TT,TT,CC,AA,GG,AA,AA,GG,CC,TT,AT,AA,TT,AA,AG,TT,AT,AA,NN,AT,CC,GG,TT,GG,NN,GG,CC,AA,GG,CC,AA,AG,TT,TT,GG,GG,GG,CC,AA,GG,AA,TT,CC,GG,CC,TT,CC,AT,TT,GG,TT,AC,GT,CC,CC,CG,GG,AA,TT,TT,CC,AG,AG,AA,CC,GG,TT,NN,TT,AA,AA,TT,CC,GG,CC,GG,CC,TT,NN,AA,CC,CC,CC,NN,AA,TT,CC,AA,CC,CC,AG,TT,GG,AT,GG,CC,CC,GG,AG,AA,AA,CC,GG,CC,CC,AG,AA,GG,GT,GG,AC,GG,TT,GG,AC,GT,TT,TT,CC,AT,TT,TT,AA,AT,GG,CC,AG,CT,CC,AC,CC,CC,AA,AG,AA,NN,TT,CC,GG,TT,GG,TT,AG,AA,TT,AC,GG,AA,CC,CC,GG,GG,AC,GG,TT,AA,AA,CC,GG,AA,CC,AA,AT,GG,TT,AT,AA,GG,GT,AT,CG,TT,GT,AA,GG,AA,CT,AA,TT,CC,CT,CC,CC,CT,GG,AG,CC,GG,AC,TT,NN,NN,GG,TT,AC,CC,AA,GG,CC,GG,GG,CC,GG,TT,AA,CC,TT,GG,CC,CG,NN,GG,CC,AA,CC,AA,AA,AA,CC,AC,TT,AA,GG,AA,AA,AA,AC,AA,AG,AA,AG,TT,CG,AA,AG,AC,AC,CT,AG,AA,GG,GG,CG,TT,AA,AA,GT,TT,TT,GG,TT,CG,GG,AC,1.61,Moderate,Low,Poor,Late
L0374,Anantapur,Andhra Pradesh,Kharif,Red Sandy,Rainfed,390,31.0,52,AA,TT,AG,AA,GG,CC,GG,AT,CC,CG,AA,CC,CG,TT,TT,GG,CG,TT,TT,AA,CC,TT,TT,CT,TT,CC,TT,AT,GG,AA,TT,CT,AA,CC,AG,CG,GG,CG,GG,AC,TT,TT,AC,TT,AA,GG,TT,AT,CC,AC,GT,AA,AA,GG,CC,TT,AT,AA,GG,AA,AA,GT,TT,AA,TT,TT,CC,GG,TT,GT,AA,GG,CC,AA,GG,AC,AA,GG,TT,TT,GG,GT,GG,NN,AT,GG,AA,AA,CC,TT,CC,TT,CC,TT,TT,GG,CT,CC,GT,CC,CC,CC,GG,AG,TT,TT,CC,AA,AA,AA,CC,GG,TT,CG,TT,AA,AA,AT,CG,AG,CC,GG,CC,GG,CT,NN,CT,CC,CC,CC,AA,TT,CC,AA,CC,CC,AA,TT,AA,AA,CG,CC,CC,GG,AA,AG,NN,CC,GG,CC,CC,AG,AA,AG,TT,GG,AA,TT,TT,GG,AA,TT,TT,TT,CC,TT,TT,TT,AA,AT,GG,CC,AA,CT,CC,CC,CG,CC,AA,GG,AA,CC,TT,CC,GG,TT,GG,TT,AA,AA,TT,CC,CG,AC,CC,CC,GG,GG,CC,GG,TT,AA,AA,CC,NN,NN,CC,AA,AT,GG,GG,TT,AA,GG,GT,AT,CC,TT,TT,AA,GG,AA,CT,AA,TT,CC,CT,AA,CC,TT,GG,GG,CC,AG,CC,TT,CT,TT,CG,TT,AA,AC,AA,GG,CC,CC,GG,CC,GG,AT,AA,CC,GT,GG,CC,CC,AA,GG,CC,AA,CC,AA,AA,AC,CC,CC,TT,AA,GG,AA,AA,AA,AA,GG,GG,AA,AA,TT,GG,AA,AA,AC,AA,TT,AA,AA,GG,GG,CG,TT,AT,AG,GT,TT,TT,AA,AT,GG,CG,AA,3.75,Susceptible,Medium,Poor,Early
L0375,Anantapur,Andhra Pradesh,Kharif,Red Sandy,Rainfed,390,31.0,52,AC,TT,GG,AG,GG,CC,TT,TT,CC,CG,AA,CC,CG,TT,TT,GG,GG,TT,TT,AA,CC,GT,GT,CC,TT,CC,GT,TT,GG,AA,TT,CC,AA,CC,GG,GG,GG,CC,GG,CC,TT,CT,AA,TT,AA,AG,TT,TT,CC,CC,GG,AT,AA,GG,CT,TT,AA,AA,GG,AA,AG,TT,TT,AG,TT,TT,CC,GG,TT,GG,AG,GG,CC,AA,GG,CC,AT,GG,TT,TT,GG,GG,GT,CC,AA,GG,AA,AA,CG,GT,CC,TT,CT,TT,GG,GG,TT,CC,TT,CC,CC,CG,GG,AA,TT,TT,CC,AA,AG,AC,CT,GG,TT,CG,TT,AC,AA,TT,CG,GG,CC,GG,CC,GT,TT,AA,CC,CC,CC,CC,AA,TT,CC,AC,AC,TT,AA,TT,AA,AA,CG,CT,CC,GG,AG,AA,AA,CC,GT,CG,CC,AG,AA,GG,GT,GG,AA,GG,TT,GG,AC,TT,GT,CT,CG,AT,GT,TT,AA,TT,CG,CC,AG,CC,CC,AC,CG,CC,AA,GG,AA,CC,TT,CC,GT,TT,GG,TT,AA,AA,TT,CC,GG,AC,AC,CC,GG,GG,AA,GG,TT,AA,AA,CG,GG,AA,CC,AA,AT,GT,TT,TT,AA,GG,GT,AA,CC,TT,NN,AA,GG,AA,TT,AA,TT,CC,TT,AA,AC,TT,GG,AG,CC,AA,CC,TT,TT,TT,GG,TT,AA,CC,GG,GG,CC,CG,GG,NN,GG,AA,AA,CC,GT,GG,CC,CG,AT,AG,CC,AA,CC,AT,AA,AC,CC,AC,AT,AG,GG,AA,AC,AC,AA,GG,AG,AA,AA,TT,GG,AA,AG,AC,AC,CT,AA,AA,GG,GG,GG,GT,AT,AA,GT,TT,TT,AG,AT,GG,GG,AA,2.06,Susceptible,Low,Standard,Early
L0376,Anantapur,Andhra Pradesh,Kharif,Red Sandy,Rainfed,390,31.0,52,AC,TT,GG,AA,CG,CC,GG,TT,CC,GG,AA,CC,CG,TT,TT,TT,CG,TT,TT,AG,CC,GT,GT,CC,AT,CC,GT,AT,GG,AC,TT,CC,AA,CC,GG,CG,GG,CC,GG,CC,TT,CT,AC,TT,AA,GG,TT,TT,CC,CC,GT,AA,AA,GG,CC,TT,AA,AC,TT,AA,AA,TT,TT,AA,CT,AT,CC,GG,CT,GG,AG,GT,CC,AA,AG,CC,AT,GG,GT,TT,GG,TT,GG,AC,AA,GG,AA,AA,CC,NN,CC,TT,CC,TT,TT,GG,CC,AC,GT,CC,CT,CC,AA,AA,TT,TT,CC,AA,AG,CC,CC,GG,TT,CC,TT,AA,AC,TT,CC,AG,CC,GG,CC,GG,CT,AG,CC,CC,CC,CC,AA,GT,CC,AA,CC,CC,AA,TT,AA,AT,GG,CC,CC,GG,AA,AA,AA,CC,GG,CC,CC,AA,AA,GG,TT,NN,AA,TT,CT,GG,CC,TT,TT,TT,CC,AA,TT,TT,AT,TT,GG,CC,AA,CT,CC,CC,GG,AC,AA,GG,AG,CC,TT,CG,GG,GG,CG,AA,AA,AA,TT,AC,GG,AC,AC,CC,GG,AG,AC,GG,TT,AA,AA,CC,GG,AT,AC,AA,AT,GG,TT,AT,AT,GG,GG,AA,CC,AT,GT,AA,GG,AA,TT,AA,TT,CC,TT,AA,CC,CC,GG,AG,CC,GG,CC,TT,CT,GT,GG,TT,AA,CC,AA,GG,CC,CC,GG,CC,GT,TT,AA,CC,TT,GG,CC,CC,AA,GG,CG,AA,CC,AA,AA,CC,CG,CC,TT,AA,GG,AA,AA,AA,AA,AG,NN,AA,AA,TT,GG,AA,AA,CC,AA,TT,AG,AG,GG,GG,GG,TT,AA,AG,GT,TT,AT,AG,AT,GG,GG,AA,3.27,Moderate,Medium,Premium,Medium
L0377,Anantapur,Andhra Pradesh,Kharif,Red Sandy,Rainfed,390,31.0,52,AC,CT,GG,AA,GG,CC,GG,TT,CC,CC,AA,CC,CG,AT,TT,GG,CC,TT,AT,AA,CC,GT,GT,CC,TT,CT,TT,AT,GG,AA,TT,CC,AA,AC,GG,GG,GG,CC,GG,CC,TT,TT,AC,NN,AG,NN,TT,TT,CC,CC,GG,AT,AA,GG,CT,TT,AA,AA,GT,AC,AA,TT,AT,AA,TT,TT,CC,GG,TT,GG,AA,GG,CC,AA,NN,AC,NN,GG,TT,TT,GG,GG,GT,CC,AA,GG,AA,TT,CG,TT,CC,TT,CT,TT,TT,AG,TT,CC,TT,CC,CT,CC,AA,AG,TT,GT,CC,AA,AG,AA,CT,GG,TT,CC,GT,AA,AA,TT,CC,AG,CC,AG,CC,GT,CT,GG,CT,CC,CC,CC,AG,TT,CC,AA,CC,CT,AA,TT,AA,AT,CG,CT,CC,GG,AA,AA,AA,CC,GG,CC,CC,AG,AA,AG,TT,AG,AC,TT,CC,GG,CC,GT,GT,TT,CG,AA,GT,TT,AT,TT,GG,CC,AA,TT,CC,CC,GG,CC,AT,GG,AG,CC,TT,CC,GT,GT,GG,TT,AA,AA,TT,CC,GG,AA,CC,CC,GG,GG,AC,GG,TT,AA,AA,CC,GG,AA,AC,AA,AT,GG,TT,TT,AT,CG,GT,AT,CG,TT,GT,AA,GG,AA,TT,AA,TT,CG,TT,AA,CC,CT,GG,AG,CC,AG,AC,TT,TT,GG,GG,TT,AC,CC,AA,GG,CC,CC,GG,CC,GG,AT,AA,CG,TT,GG,CC,CC,AT,GG,CG,AA,CG,AA,AA,CC,CG,CC,TT,AA,CG,AA,AA,AC,AA,GG,AA,AG,AA,TT,GG,AA,AG,AC,AA,CT,AG,AA,GG,GG,GG,GT,AT,AG,TT,TT,TT,GG,AT,GG,GG,AA,2.81,Moderate,Low,Premium,Late
L0378,Anantapur,Andhra Pradesh,Kharif,Red Sandy,Rainfed,390,31.0,52,AA,CT,GG,AG,GG,CC,GG,AT,CC,GG,AA,CC,CC,TT,TT,GG,GG,TT,TT,AG,CC,TT,TT,CC,TT,CC,TT,AT,GG,AA,CT,CC,AA,CC,AG,GG,GG,CG,GG,CC,TT,TT,AA,TT,AG,AG,TT,TT,CC,AC,GG,AA,AA,GG,CT,TT,AA,AA,GG,AA,AG,TT,TT,AA,TT,TT,CC,GG,CT,GG,AA,GG,CC,AA,GG,AA,AA,GG,TT,TT,GG,TT,GT,CC,AA,GG,AA,AA,CC,GT,CC,TT,CT,TT,NN,GG,CC,CC,GT,CC,CT,CG,AG,AG,TT,TT,CC,AA,AA,AA,CC,GG,TT,CG,GT,AA,AA,TT,CG,GG,CC,GG,CC,GG,TT,AA,CC,CC,CC,CC,AA,TT,CC,AA,CC,CC,AA,TT,AG,AT,CG,CC,CC,GG,AA,AG,AT,CC,GG,CC,CG,AA,AG,AG,TT,GG,AA,GT,CT,GG,CC,TT,GT,CT,CC,AT,TT,TT,AT,TT,CG,CG,AG,CC,CC,AC,GG,CC,AA,GG,GG,CC,TT,CC,GG,TT,GG,AT,AA,AA,GT,CC,GG,AC,CC,CC,GG,GG,AA,CG,TT,NN,AA,CC,GG,AA,AC,AA,AT,GG,TT,AT,AA,GG,GT,AA,CC,AT,GT,AA,GG,AA,CT,AC,TT,CC,CT,AA,CC,TT,CG,AG,NN,GG,CC,TT,CT,TT,GG,TT,AA,AC,AA,GT,CC,CG,GG,CC,GG,TT,AG,CG,GG,GG,CG,CG,AA,GG,CG,AA,CC,AA,AA,AC,CG,CC,TT,AA,GG,AA,AA,AC,AA,GG,AG,AG,AA,TT,GG,AA,AA,AC,AA,CT,AG,AA,GG,AG,CG,TT,AT,AA,TT,TT,TT,GG,AT,GG,GG,AA,4.05,Moderate,Medium,Premium,Medium
L0379,Anantapur,Andhra Pradesh,Kharif,Red Sandy,Rainfed,390,31.0,52,AC,TT,GG,AG,GG,CC,GG,AT,CC,CC,AA,CC,CG,TT,TT,GG,GG,NN,TT,AG,CC,TT,GT,CC,TT,CC,TT,TT,GG,AA,TT,TT,AA,CC,GG,GG,GG,CC,GG,CC,TT,TT,AA,GT,GG,AG,TT,TT,CC,AC,GG,AA,AA,CG,CC,TT,AT,AC,GG,AA,AG,TT,AT,AA,TT,TT,CC,GG,TT,GG,AA,GG,CC,AA,GG,AC,AA,GG,TT,TT,GG,GG,GT,CC,AA,GG,AA,AT,CC,TT,AC,GT,CC,TT,GT,AG,TT,CC,GG,CC,CT,CG,AG,AA,TT,TT,CC,AA,AG,AA,CT,GG,TT,CC,TT,AA,AA,TT,CG,NN,CG,GG,CC,GG,TT,AA,CC,CC,CC,CC,AA,GT,CC,AA,CC,CC,AA,TT,AA,AA,GG,CC,CC,GG,AG,GG,AA,CC,GT,CG,CC,AA,AA,GG,GT,GG,AA,TT,CT,GG,CC,GG,TT,TT,CG,AT,TT,TT,AT,TT,GG,CG,AA,CT,CC,CC,GG,CC,AT,GG,AA,CC,TT,CC,GG,TT,GG,AA,AA,AA,TT,CC,GG,AC,AC,CC,NN,AG,AA,GG,TT,AC,AA,CC,GG,AT,CC,AA,AA,GT,TT,TT,AT,GG,GT,AA,CG,AA,TT,AA,GG,AA,CT,AC,TT,CC,TT,AA,CC,TT,GG,AG,CG,AG,CC,TT,CT,NN,GG,TT,AC,AC,AA,GG,CC,CC,GG,CC,GG,TT,AG,CC,TT,GG,CC,CC,AT,GG,CC,AA,CC,AA,AA,CC,CC,AC,TT,AA,GG,AA,AA,AA,AA,AA,AA,AA,AA,AT,GG,AA,AG,CC,AA,TT,AG,AA,GG,AG,GG,GT,AA,AA,GT,TT,TT,AG,AT,GG,CG,AA,2.89,Moderate,Low,Standard,Early
L0380,Anantapur,Andhra Pradesh,Kharif,Red Sandy,Rainfed,390,31.0,52,AA,CT,GG,GG,GG,CC,TT,AT,CC,NN,AA,CC,CC,TT,TT,GG,GG,TT,TT,AA,CC,TT,TT,CC,TT,CC,TT,AT,GG,AA,TT,TT,AA,CC,GG,GG,GG,CG,GG,CC,TT,TT,AA,TT,AG,GG,TT,TT,NN,CC,GG,AA,AG,GG,CC,TT,AA,AC,TT,AA,AA,NN,AA,AA,CT,AT,CC,GG,TT,GG,AG,GG,CC,NN,AG,AA,AT,GG,GT,TT,GG,GT,GG,CC,AT,GG,AG,AA,CC,TT,AC,GT,CT,TT,TT,AG,CT,CC,GT,CT,CC,NN,GG,AA,AT,TT,NN,AA,AG,AA,CT,GG,TT,CG,TT,AC,CC,TT,CC,AA,CC,AG,CC,GT,CT,AA,CC,CC,AC,CC,AA,TT,CC,AA,CC,CC,AA,TT,AA,AA,GG,CC,CC,GG,AA,AA,AA,CC,GT,CC,CC,AA,AG,AG,TT,AG,AA,TT,TT,GG,AC,TT,GT,TT,CG,AA,TT,TT,AA,TT,GG,CC,AG,CT,CC,CC,CC,CC,AA,GG,AG,CC,TT,CC,GT,TT,GG,AT,AA,AA,TT,CC,GG,AC,CC,CC,GG,GG,AC,GG,TT,AA,AA,CC,GG,AA,CC,AA,TT,GG,TT,TT,AA,GG,GT,AT,CC,AT,TT,AA,GG,AA,CT,AA,AT,CG,TT,AA,AC,CT,GG,AG,CG,AG,CC,TT,TT,TT,GG,AT,AA,CC,AA,GG,CC,GG,GG,CC,GG,TT,AA,CC,TT,GG,CC,CG,AA,GG,CG,AT,CC,AA,AA,CC,CG,CC,TT,AA,GG,AA,AA,AC,AA,GG,GG,AG,AA,TT,CG,AC,AA,AC,AA,CT,AA,AA,GG,GG,GG,TT,TT,AA,TT,TT,TT,GG,TT,GG,GG,AA,1.28,Susceptible,Low,Standard,Late
L0381,Anantapur,Andhra Pradesh,Kharif,Red Sandy,Rainfed,390,31.0,52,AC,CT,GG,AA,GG,CC,GG,TT,CC,CC,TT,CT,CC,TT,TT,GG,CG,TT,AT,AA,CC,GG,GT,CC,TT,CC,TT,TT,GT,AA,TT,CT,AA,CC,GG,CC,GG,CC,GG,CC,TT,CC,AA,GT,AA,GG,TT,TT,CG,AA,GG,AA,AG,GG,CT,TT,AA,AC,GT,AA,AA,TT,TT,GG,TT,TT,CC,GG,TT,GG,AA,GG,CC,AA,AG,CC,AT,GG,TT,TT,GG,GT,TT,CC,AA,GG,AA,AT,CC,TT,CC,TT,TT,TT,TT,GG,TT,CC,TT,CC,CC,CC,AA,AA,TT,TT,CC,AA,GG,AC,CC,GG,TT,CC,GT,AA,AA,TT,CC,AG,CC,GG,CC,GG,TT,AA,CT,CC,CC,CC,AA,TT,CC,AA,CC,CC,AA,TT,AA,AA,GG,CC,CC,GG,AA,AG,AA,AC,GG,CG,CC,AA,AA,AG,TT,GG,AA,TT,CC,AG,AA,TT,TT,TT,CG,AA,GT,TT,AA,TT,GG,CC,AG,TT,CC,CC,GG,CC,AA,GG,AG,AC,TT,CC,GT,TT,GG,AT,NN,AA,TT,CC,GG,AA,CC,CC,GG,GG,CC,GG,TT,AA,AA,CC,GT,AT,AC,AA,AA,GG,TT,TT,NN,CG,GG,AT,CC,AT,TT,AA,GG,AA,TT,AC,TT,CC,TT,AA,CC,TT,GG,GG,CG,AG,CC,TT,TT,GT,GG,TT,AC,CC,AA,GG,CC,CC,GG,CC,GG,AT,NN,CC,TT,GG,CC,CC,AA,GG,CC,AT,CC,AT,AA,AC,CG,AA,TT,AA,CG,AA,AA,AA,AA,GG,AA,AG,AA,TT,GG,AC,AG,CC,AA,TT,AA,AA,GG,AG,GG,TT,AA,NN,TT,TT,TT,AG,TT,GG,GG,AA,0.4,Susceptible,High,Poor,Late
L0382,Anantapur,Andhra Pradesh,Kharif,Red Sandy,Rainfed,390,31.0,52,CC,TT,GG,AG,GG,CC,GG,AT,CC,CC,AA,CC,CC,TT,TT,GG,GG,TT,TT,AA,NN,GT,GT,CC,TT,CT,TT,TT,GG,AA,TT,CT,AA,CC,AG,CG,GG,CG,GG,CC,TT,TT,AC,TT,AA,GG,TT,TT,CC,AC,GT,AA,AA,GG,CC,GT,AA,AC,TT,AA,AA,TT,TT,AG,TT,TT,CC,GG,TT,GT,GG,GG,CC,AA,GG,AA,AA,GG,TT,TT,GG,GG,GG,AC,AA,GG,AA,AA,CG,TT,CC,TT,CC,AT,TT,AG,TT,AC,GT,CC,CT,CG,GG,AA,TT,TT,CC,AA,AG,AC,CC,GG,TT,CC,GT,AA,AA,AT,CC,GG,CC,GG,CC,GG,TT,AA,CC,CC,CC,NN,NN,TT,CC,AA,CC,CC,AA,TT,AA,AT,CG,NN,CC,GG,AA,AG,AA,CC,GG,CC,CC,AG,AA,GG,TT,GG,AA,GT,TT,GG,CC,TT,TT,CT,CC,AT,TT,TT,AA,TT,GG,CC,AA,TT,CC,CC,GG,CC,AA,AG,AG,CC,TT,CC,GG,TT,CG,TT,AA,AA,GT,CC,CG,AA,AC,CG,GG,GG,AC,GG,TT,AA,AA,CC,GG,AA,AC,AA,AA,GT,GT,TT,AA,CG,GT,AA,CC,TT,GT,AA,GG,AA,TT,AA,TT,CC,TT,AA,CC,TT,GG,AA,CC,GG,CC,TT,CT,GT,GG,TT,AA,AA,AA,GT,CC,CG,GG,CC,GG,TT,AA,CC,GT,GG,CG,CC,AA,GG,CC,AA,CC,AA,AA,CC,CC,CC,AT,AA,GG,AA,AA,AC,AA,GG,AA,AA,AA,TT,GG,AA,AA,AC,AC,TT,AG,AA,GG,GG,GG,TT,AT,AA,GT,TT,TT,AA,TT,GG,GG,AA,1.99,Susceptible,High,Premium,Early
L0383,Anantapur,Andhra Pradesh,Kharif,Red Sandy,Rainfed,390,31.0,52,AA,TT,GG,AA,GG,CG,GG,AT,CC,CG,AT,CT,CC,AT,TT,GT,GG,TT,TT,AA,CC,GG,TT,CC,TT,CC,TT,TT,GT,AA,TT,CT,AA,CC,GG,NN,GG,CG,GG,CC,TT,NN,NN,TT,AG,GG,TT,TT,CC,AA,GT,AA,AA,GG,CC,TT,AA,AC,NN,AC,AA,TT,TT,AA,TT,AT,CC,GG,TT,GG,AG,GG,CC,AA,AG,AA,AT,GG,TT,TT,GG,TT,GG,CC,AA,GG,AA,AA,CC,GT,CC,TT,CC,AT,TT,GG,TT,CC,GT,CC,CT,GG,GG,AA,AT,TT,CC,AA,AA,AA,CT,GG,TT,CC,TT,AA,NN,TT,CC,GG,CG,GG,CT,GG,TT,AA,CC,CC,CC,CC,AA,TT,CC,AA,CC,CC,AA,TT,AA,AA,GG,CC,CC,GG,AA,AG,AT,AC,GT,CC,CC,AA,AA,GG,TT,GG,CC,GT,TT,GG,CC,GT,TT,TT,GG,AT,TT,TT,AT,AT,GG,CC,AG,CC,CC,NN,GG,AC,AA,GG,AA,CC,TT,CG,GT,TT,GG,AT,AA,AG,TT,CC,CG,AA,CC,CC,GG,GG,AA,GG,TT,AC,AA,CC,GG,AT,CC,AA,TT,GG,GT,TT,AA,GG,TT,AA,CC,TT,GG,AA,GG,AA,CT,AA,TT,CC,TT,CC,CC,TT,CG,AA,CG,AG,CC,TT,TT,TT,GG,TT,AA,AC,AG,GG,CC,CC,GG,CC,GG,AT,AA,CC,GT,GG,CC,CC,AA,GG,CC,AT,CC,AA,AA,AC,CC,AA,TT,AA,GG,AA,AA,CC,AA,AG,AA,AG,AA,TT,GG,AA,AA,AC,CC,CC,AA,AA,GG,GG,GG,TT,AA,AA,TT,TT,TT,AG,AT,GG,NN,AA,2.21,Susceptible,Medium,Premium,Early
L0384,Anantapur,Andhra Pradesh,Kharif,Red Sandy,Rainfed,390,31.0,52,AA,TT,GG,AA,GG,CC,TT,TT,CC,CC,AA,CT,CC,TT,TT,GT,GG,TT,TT,AG,GG,TT,GT,CT,TT,CC,GT,NN,GG,AA,TT,CC,AA,CC,GG,CG,GG,CG,GG,CC,NN,TT,AA,GT,AA,GG,TT,TT,CC,AC,GG,AA,AA,GG,CC,GT,AA,CC,GT,AC,AA,GT,AT,AG,CT,AT,CC,GG,TT,GG,AA,GT,CC,AA,GG,AA,AA,GG,TT,NN,GG,GG,GG,CC,AA,GG,AA,AA,CG,GT,CC,TT,CT,AT,TT,GG,CT,CC,TT,CC,CT,CC,AG,AG,TT,TT,CC,AA,AG,AC,CC,GG,GT,CC,TT,AA,AA,TT,CG,AG,CG,GG,CC,TT,CT,AA,NN,CC,AC,CC,AA,GT,NN,NN,CC,CC,AA,TT,AA,AA,GG,CT,CC,GG,AG,AA,AA,CC,GT,CG,CC,AA,AA,GG,TT,GG,AC,GT,CT,GG,CC,GT,TT,TT,CC,AA,TT,TT,AT,AT,GG,CG,AA,CC,CC,CC,GG,CC,AA,GG,GG,CC,TT,CC,GG,GT,CC,TT,AA,AG,TT,CC,GG,AC,AC,CC,CG,GG,AA,CG,TT,AC,AA,CC,GT,AA,CC,AA,AA,GG,TT,AT,AT,NN,GT,AT,CC,AT,TT,AA,GG,AA,CT,AA,AT,CC,TT,AA,CC,TT,GG,AG,CG,GG,CC,AT,CC,TT,GG,TT,AC,CC,AG,NN,CG,CC,GG,CC,GG,AA,AA,CC,GT,GG,CC,CG,AA,GG,NN,AA,CG,NN,AA,CC,CG,AC,TT,AA,GG,AA,NN,AC,AA,AG,GG,AA,AA,TT,GG,AA,AA,AC,AA,CT,AA,AA,GG,AG,GG,TT,AA,AA,TT,TT,TT,AA,AT,GG,CG,AC,4.45,Resistant,Low,Premium,Medium
L0385,Anantapur,Andhra Pradesh,Kharif,Red Sandy,Rainfed,390,31.0,52,AA,TT,GG,AG,CG,CG,TT,TT,CC,CG,AA,TT,CG,TT,TT,GG,CC,TT,TT,AA,CG,TT,GT,CC,TT,CC,GT,TT,GG,AA,CT,CC,AA,CC,GG,GG,GG,CC,GG,CC,TT,CT,AA,TT,AA,AG,NN,TT,CC,AA,GG,AA,AA,GG,CC,TT,AA,AA,TT,CC,AA,TT,AT,AA,TT,TT,CC,GG,TT,GG,AA,GG,CC,AA,GG,AA,AA,GG,GT,TT,GG,GG,GT,CC,AA,GG,AA,AT,CC,GG,AC,TT,CC,AT,TT,GG,CT,CC,TT,CC,CC,CC,AG,NN,TT,TT,CG,AA,AG,AA,CT,GG,TT,CC,TT,CC,AA,AT,CC,GG,CC,GG,CC,GT,NN,AA,CC,CC,CC,CG,AA,TT,CC,AA,CC,CT,AA,TT,AA,TT,GG,CC,CC,GG,AA,AG,AA,CC,NN,CC,CC,AA,AA,GG,TT,GG,AC,NN,TT,GG,AA,GT,GT,NN,CG,AA,TT,TT,AT,TT,GG,CC,AG,CT,CC,CC,GG,CC,AA,GG,AA,CC,TT,CC,GT,GT,GG,TT,AG,AG,TT,CC,CG,AA,AC,CC,GG,GG,AA,GG,TT,AC,AA,CC,GT,AA,CC,AA,AA,GG,TT,AT,AT,CG,NN,AA,CC,TT,TT,AA,GG,AA,TT,AA,TT,CG,CC,AA,CC,CT,GG,AA,CC,AA,AC,TT,CT,GT,GG,TT,AC,CC,AA,GT,CC,CC,GG,CC,GG,AA,AA,CC,GT,GG,CC,CC,AT,AG,CC,AT,CC,AT,AA,CC,CC,AC,AT,AA,GG,AA,AA,AA,AA,AG,AG,AG,AA,TT,GG,CC,AG,AA,AC,TT,AA,AA,CG,GG,GG,TT,AA,AA,TT,TT,TT,AA,TT,GG,GG,AA,5.04,Moderate,Low,Poor,Late
L0386,Anantapur,Andhra Pradesh,Kharif,Red Sandy,Rainfed,390,31.0,52,AA,TT,GG,AA,GG,CC,GG,TT,CC,CG,AT,CC,CC,TT,TT,GT,CG,TT,TT,AA,CC,TT,GT,CC,TT,CC,TT,TT,GG,AA,TT,CC,AA,CC,GG,GG,GG,CC,GG,CC,TT,TT,AA,TT,AA,AA,TT,TT,CC,AC,GG,AA,AA,GG,CC,TT,AA,AA,GT,AC,AA,TT,AA,AA,TT,AT,CC,GG,TT,GG,AA,GG,CC,AA,AG,AC,AA,GG,GT,NN,GG,GG,GT,CC,NN,GG,NN,AT,CC,TT,CC,TT,CT,TT,TT,GG,CT,CC,TT,CC,CC,CG,AG,AA,AT,TT,CC,AA,AG,AA,CT,GG,TT,CC,TT,AA,AA,TT,CC,AG,CC,GG,CC,GG,CT,AA,CC,CC,CC,CC,AA,TT,CC,AC,CC,CC,AA,TT,AA,AT,CC,CT,NN,GG,AG,AG,AA,CC,GG,CC,CC,AA,AA,AG,TT,GG,AA,GT,TT,GG,AA,GT,TT,TT,CG,AA,TT,NN,AA,AT,GG,CC,AA,CT,CC,CC,GG,CC,AA,GG,AA,CC,TT,CG,GT,TT,CG,AT,AA,AA,TT,AC,GG,AA,AC,CC,GG,GG,AC,CG,TT,AA,AG,CC,GG,NN,AA,AA,AA,GT,TT,AA,AT,CG,TT,AA,CC,AT,GT,AA,GG,AA,TT,AA,TT,CC,TT,AC,CC,CT,GG,AG,CG,AG,AC,TT,TT,TT,GG,TT,AC,AA,AA,GG,CC,CC,GG,CC,GG,AA,AA,CC,GG,GG,CC,CG,AA,GG,CG,AT,CG,AA,AA,AC,CG,CC,NN,AA,GG,AT,AA,AA,AA,GG,AG,AA,AA,TT,GG,AA,AG,AC,AA,TT,AA,AG,GG,GG,CG,TT,AT,AG,TT,TT,TT,AG,TT,GG,GG,AA,2.92,Susceptible,Low,Poor,Medium
L0387,Anantapur,Andhra Pradesh,Kharif,Red Sandy,Rainfed,390,31.0,52,AA,TT,GG,AG,GG,CC,GG,TT,CC,CG,AT,CC,CC,TT,TT,GG,CG,TT,NN,AA,CC,TT,GG,CC,TT,CC,TT,TT,GG,AA,CT,CC,AA,CC,GG,CG,GG,CC,GG,CC,TT,TT,AA,GT,AA,GG,TT,TT,CC,CC,GG,AA,AA,GG,NN,TT,AA,AA,GT,AC,AA,TT,AA,AA,TT,AT,CC,GG,TT,GG,AG,GG,CC,AA,GG,AA,AT,GG,TT,TT,GG,GG,GT,CC,AT,GG,AA,TT,CC,GG,CC,TT,NN,AT,GG,GG,CT,CC,TT,CT,CC,CC,AG,AA,TT,TT,CC,AG,AG,AA,CC,GG,TT,CC,TT,AA,AA,TT,CG,AA,CC,AG,CC,GT,TT,AA,CC,CC,CC,CC,AA,GT,CC,AA,CC,CC,AA,TT,AG,AA,GG,CT,CC,AG,AA,AA,AA,CC,GT,CC,CC,AA,AA,GG,TT,AG,AA,GT,TT,GG,CC,GT,TT,TT,CC,AA,GT,TT,AT,AT,GG,CC,AG,CC,CC,CC,GG,NN,AA,GG,AG,AC,TT,CC,GG,GT,CG,TT,AA,AA,TT,CC,GG,AA,CC,CC,GG,GG,AA,GG,TT,AA,AA,CC,GG,AA,CC,AA,AA,GG,GT,TT,AT,GG,GG,AA,CC,AT,GT,AA,GG,AA,TT,AA,TT,CC,CT,AC,NN,TT,GG,NN,GG,AG,CC,TT,TT,GG,GG,TT,AA,AC,AA,GG,CC,GG,GG,CC,GG,AT,AA,CC,TT,GG,CC,CC,TT,GG,NN,AA,CG,AA,AA,CC,CC,CC,TT,AA,CG,AA,AC,AA,AA,AA,AA,AA,AA,AT,GG,CC,AG,AA,AC,CT,AA,AG,GG,GG,GG,TT,AA,AA,GT,TT,TT,AA,TT,GG,GG,AA,3.54,Susceptible,Low,Premium,Medium
L0388,Anantapur,Andhra Pradesh,Kharif,Red Sandy,Rainfed,390,31.0,52,AC,TT,AG,AG,GG,CC,GG,TT,CC,CC,AA,CC,CC,TT,TT,GG,CC,TT,TT,AA,CG,TT,GT,CC,TT,CC,GT,TT,GT,AA,TT,CT,AA,CC,GG,CG,GG,CC,GG,CC,TT,TT,AA,TT,AA,GG,TT,TT,CC,CC,GT,AA,AA,GG,CT,TT,AA,AC,GT,AA,AG,TT,TT,AA,CT,TT,CC,GG,TT,GG,AG,GG,CC,AA,AG,AC,TT,GG,NN,TT,GG,GG,GT,CC,AA,GG,AA,AA,CC,GT,CC,TT,CC,TT,GT,GG,CC,CC,TT,CT,CC,CG,AG,AA,AT,TT,CG,AA,AG,AC,TT,GG,TT,CG,GT,AC,AA,TT,CC,AG,CG,GG,CC,TT,CT,AA,CC,NN,CC,CC,AA,TT,CC,AA,CC,CC,AA,TT,AA,AA,GG,CT,CC,GG,AA,AA,AA,CC,TT,CG,CC,NN,AG,AG,TT,GG,AC,GT,NN,GG,CC,TT,TT,TT,CG,AA,TT,TT,AA,TT,GG,CG,AA,CC,CC,CC,CG,CC,AA,GG,GG,CC,TT,CC,GT,TT,CG,TT,AA,AG,TT,AC,CG,AC,NN,CC,GG,AA,AC,GG,TT,AC,AA,CC,GG,AA,AC,AA,AT,GT,GT,AA,AA,GG,GT,AT,CC,TT,TT,AA,GG,AA,CT,AA,TT,CC,CT,AA,AC,CC,GG,GG,CC,AA,CC,TT,CT,TT,GG,TT,AA,CC,AA,GG,CC,CC,GG,CC,GG,AA,AA,CC,TT,GG,CC,CG,AA,GG,CC,AT,CC,AA,AA,CC,CC,CC,AT,AA,GG,AA,AA,AA,AA,AG,AG,AA,AA,TT,GG,AA,AA,AC,AC,CC,AA,AG,GG,GG,CG,TT,AA,AA,TT,TT,TT,AG,AA,GG,CG,AA,7.26,Susceptible,Low,Premium,Late
L0389,Anantapur,Andhra Pradesh,Kharif,Red Sandy,Rainfed,390,31.0,52,AA,CT,GG,AA,GG,CC,GG,NN,CC,CG,AA,CC,CC,AT,GT,GT,CG,TT,TT,AG,NN,TT,TT,CT,TT,CC,TT,AT,GG,AA,CT,CC,NN,CC,GG,GG,GG,CC,GG,CC,TT,CC,AC,TT,AA,GG,TT,TT,CC,CC,GG,AT,AG,GG,CC,GT,AA,AC,TT,AA,AA,TT,TT,AA,TT,TT,CC,GG,TT,GG,AG,GT,CC,AA,GG,AA,AA,GG,TT,CT,GG,GG,GT,CC,AA,GG,AA,AA,CC,GT,AC,TT,CT,TT,GT,AG,CT,AA,GT,CC,CT,CG,AG,AA,TT,TT,CC,AA,GG,AC,CT,GG,TT,CC,TT,AC,AA,TT,CC,AG,CC,GG,CC,GG,CT,AA,CC,CC,AC,CC,AA,TT,CC,AA,CC,CC,AA,TT,AA,AT,GG,CC,CC,AG,AA,GG,AA,CC,GG,CC,CC,AA,AG,GG,NN,AG,AA,GT,CT,GG,CC,TT,GT,CT,CG,TT,GT,TT,AT,TT,GG,CC,AG,CT,CC,CC,CG,CC,AA,GG,AG,CC,TT,CG,GG,TT,CG,AT,AA,AG,TT,CC,CG,AA,CC,CC,GG,GG,AC,GG,TT,AA,AA,CC,GG,AA,CC,AA,AT,GG,TT,AT,AA,CG,GT,AT,CC,AA,TT,AA,GG,AG,CC,AA,TT,CC,TT,AC,CC,CT,CG,AA,CC,GG,CC,TT,CT,TT,GG,AT,AA,AC,AA,GG,CC,CG,GG,CC,GG,TT,AA,CC,TT,GG,CC,CG,AT,GG,CC,AT,CC,AA,AA,CC,CG,AC,AT,AA,GG,AA,AA,AC,AA,AA,AA,NN,AA,TT,GG,AA,AA,AC,AC,CC,AA,AA,GG,GG,GG,TT,AA,AG,TT,TT,TT,AA,AT,GG,CG,AA,2.42,Resistant,Medium,Premium,Medium
L0390,Anantapur,Andhra Pradesh,Kharif,Red Sandy,Rainfed,390,31.0,52,AC,CT,GG,NN,GG,CC,GG,TT,CC,CC,AT,NN,CG,TT,GT,GT,CC,TT,AT,AA,CC,TT,TT,CC,AT,CC,GT,TT,GG,AA,TT,CC,AA,CC,GG,GG,GG,CC,GG,CC,TT,CT,AA,GT,AA,AG,TT,TT,CC,AA,GT,AA,AA,GG,CC,TT,AA,AA,GT,AA,AG,TT,NN,AG,TT,AT,CC,GG,TT,GT,AA,GT,CC,AA,AG,AC,AT,AG,TT,TT,GG,GG,GT,CC,AT,AG,AA,AA,CC,GT,CC,TT,CC,TT,GT,AG,TT,CC,TT,CC,CC,CC,GG,AA,AT,GT,CC,AA,AA,AC,TT,GG,TT,CC,TT,NN,AC,TT,CC,GG,CC,AG,CC,GG,TT,AA,CT,CC,CC,CC,AA,TT,CC,AA,CC,CT,AG,TT,AA,AT,GG,CC,CC,GG,AA,AG,AA,CC,GT,CC,CC,AA,AA,AG,TT,GG,AC,TT,TT,GG,CC,GT,TT,TT,GG,TT,TT,TT,AT,AT,CG,CC,AA,CT,CC,CC,CG,CC,AA,GG,GG,CC,TT,CC,GT,GT,GG,AT,AA,AA,TT,CC,GG,AA,CC,CC,GG,GG,NN,GG,TT,AA,AA,CC,GG,AA,CC,AT,AT,GG,TT,TT,AA,GG,GT,AA,CC,TT,GT,AA,GG,AA,TT,AA,TT,CG,TT,AC,AC,TT,CG,AA,CG,AG,AC,TT,CT,TT,GG,TT,AC,AC,AA,GG,CC,CG,GG,CC,GG,TT,AG,CC,TT,GG,CC,CC,AA,GG,CC,AA,CC,AA,AA,AC,CC,AC,TT,AA,GG,AA,AA,AA,AA,AG,AA,AA,AA,AT,GG,AA,AA,CC,AC,CT,AA,AA,GG,GG,GG,TT,AA,AA,GG,TT,TT,AA,TT,GG,GG,AA,0.4,Moderate,Medium,Poor,Late
L0391,Anantapur,Andhra Pradesh,Kharif,Red Sandy,Rainfed,390,31.0,52,AA,NN,AG,AG,GG,CC,GT,TT,CC,GG,AA,CT,CC,AT,TT,GG,GG,TT,TT,AA,CC,TT,GT,CT,TT,NN,TT,AT,GG,AA,TT,CT,AA,CC,GG,GG,GG,CG,GG,CC,TT,TT,AC,TT,AA,GG,TT,AT,CC,AC,GG,AA,AA,GG,CC,NN,AA,AC,GG,AA,AG,GT,AT,AA,CT,AT,CC,GG,TT,GG,AA,GG,CC,AA,GG,AC,AT,GG,TT,TT,GG,GG,GT,CC,AT,GG,AA,AA,CC,TT,CC,GT,CT,TT,GT,GG,TT,CC,TT,CC,CC,CC,GG,AA,TT,TT,CC,AA,AG,AC,CC,GG,TT,CG,GT,AA,AA,TT,CC,AG,CG,GG,CT,GT,NN,AA,CC,CC,CC,CC,AA,TT,CC,AA,CC,CC,AA,AT,AA,AT,GG,CC,CG,GG,AA,GG,AA,CC,GT,CG,CC,AA,AA,GG,TT,GG,AA,TT,CT,GG,CC,GT,GG,TT,CC,NN,GT,TT,AT,TT,CG,CC,AG,CT,CC,AC,CG,CC,AA,NN,AA,CC,TT,CC,GT,TT,CG,TT,AA,AA,NN,CC,GG,AA,CC,CC,GG,GG,AC,GG,TT,AC,AA,CC,GG,AT,AC,AA,AT,GT,TT,AA,TT,CG,GG,AA,CC,TT,GT,AA,GG,AA,TT,AA,TT,CG,CT,AC,CC,TT,NN,AA,CC,AG,CC,TT,CT,GT,GG,AT,AA,AC,AG,GG,CC,CC,GG,CC,GG,TT,AA,CC,TT,GG,CC,CC,AA,GG,CC,AA,CC,AA,AA,AC,GG,CC,TT,AA,GG,AA,AC,AC,AA,AG,AA,AA,AA,TT,CG,NN,AA,AC,AC,CT,AG,AG,GG,GG,GG,TT,AT,AG,TT,TT,TT,AG,AT,GG,CG,AA,1.79,Susceptible,Medium,Premium,Late
L0392,Anantapur,Andhra Pradesh,Kharif,Red Sandy,Rainfed,390,31.0,52,AA,TT,GG,AG,GG,CC,GT,TT,CC,CG,AA,CC,CC,TT,TT,GG,GG,TT,AT,AA,CC,GT,TT,CC,TT,CC,TT,TT,GG,AA,TT,CC,AA,CC,GG,CG,GG,CG,GT,CC,TT,CT,AA,GT,NN,AG,TT,AT,CG,CC,GG,AT,AA,GG,CC,GT,AT,AA,GT,AA,AA,TT,TT,AA,CT,NN,CC,GG,TT,GG,AG,GG,CC,AA,AG,CC,AT,GG,TT,TT,GG,GG,GG,CC,AT,GG,AG,AT,CC,GT,AC,TT,CT,TT,NN,GG,TT,CC,TT,CC,TT,GG,GG,AA,AT,TT,CC,AA,AA,AA,CC,GG,TT,CG,GT,AA,AA,AT,CC,AG,CC,GG,CC,GT,TT,AA,CT,CC,NN,CC,AA,TT,AC,AA,CC,CT,AA,TT,AG,AT,GG,CC,CC,GG,AA,AG,AA,AC,GG,CC,NN,AA,AG,GG,NN,GG,AA,TT,CT,AG,AC,GT,TT,TT,NN,AT,TT,TT,AA,AT,CG,CC,AA,CC,CC,CC,GG,AC,AA,GG,GG,CC,TT,CG,GG,GT,CG,AT,AA,AG,TT,AC,GG,AA,CC,CC,GG,GG,AA,GG,TT,AA,AA,NN,GG,AA,CC,AT,TT,GG,TT,TT,TT,GG,GT,AA,CG,TT,GT,AA,GG,AA,TT,AA,TT,CC,TT,AA,CC,TT,CG,AG,CC,GG,CC,TT,TT,GT,GG,TT,AA,CC,AA,GG,CC,CG,GG,CC,GG,TT,AA,CC,TT,GG,CG,CC,AA,GG,CC,AT,CC,AA,AA,AA,CG,CC,TT,AA,GG,AA,AA,AC,AA,AG,AA,AA,AA,TT,GG,AC,AG,AC,AA,CT,AA,AA,GG,GG,GG,TT,AT,AA,GT,TT,TT,AA,TT,GG,GG,AC,3.29,Resistant,Low,Poor,Medium
L0393,Anantapur,Andhra Pradesh,Kharif,Red Sandy,Rainfed,390,31.0,52,AA,TT,GG,AG,GG,CC,GG,AT,CC,CG,AA,CC,CC,AT,TT,GG,CG,TT,TT,AA,CC,GT,GT,CT,TT,CC,TT,TT,GG,AA,TT,TT,AG,CC,GG,GG,GG,CG,GG,AC,GT,CT,AA,GT,AA,GG,TT,TT,CC,CC,GG,AT,AA,GG,CT,TT,AA,AC,NN,AA,AG,TT,AT,AG,TT,TT,CC,GG,TT,GG,AA,GG,CC,AA,NN,CC,AA,AG,TT,NN,GG,GT,GG,CC,AA,GG,AA,AA,CC,TT,AC,TT,TT,TT,GT,GG,CT,CC,TT,CC,CC,CG,GG,AA,TT,TT,CC,AA,AG,AC,CC,GG,TT,CC,TT,AC,AA,TT,CC,AG,CC,AG,NN,GG,TT,AG,CC,CC,CC,CG,AA,TT,CC,AA,CC,CT,AA,TT,AA,AA,GG,CC,CC,GG,AA,AA,AA,AC,GG,CC,CC,AA,AG,GG,GT,GG,AC,GT,TT,GG,CC,GT,TT,TT,CG,AA,NN,TT,AT,AT,GG,CC,AA,CT,CC,CC,GG,CC,AA,AG,AG,CC,TT,CC,GG,TT,GG,AT,AA,AG,TT,AC,CG,AA,CC,CC,GG,GG,AA,GG,TT,AA,AA,CC,GG,AA,CC,AT,AT,GG,NN,TT,AT,GG,GT,AT,CG,AT,TT,AA,GG,AA,CT,AA,TT,CC,CT,AA,CC,CT,GG,AG,CC,AA,CC,TT,CC,GT,GG,TT,AA,AA,AG,GG,CC,CG,GG,CC,GG,AT,AA,CC,GT,GG,CG,CC,AA,GG,CC,AA,CG,AA,AG,CC,CC,AC,TT,AA,GG,AA,AC,CC,AA,AG,AA,AA,AA,TT,GG,AA,AA,CC,AA,CC,AA,AG,GG,GG,GG,GT,AA,AA,TT,TT,TT,AA,AT,GG,GG,AA,3.95,Moderate,Medium,Poor,Early
L0394,Anantapur,Andhra Pradesh,Kharif,Red Sandy,Rainfed,390,31.0,52,AC,TT,GG,GG,GG,CC,GG,TT,CC,GG,AA,CT,CC,TT,TT,GG,GG,TT,TT,GG,CC,GT,TT,CC,TT,CC,TT,TT,GG,AA,TT,CT,AA,CC,GG,GG,GG,CC,GG,CC,TT,CT,AA,GT,AG,GG,TT,AT,CC,AC,GG,AA,AA,GG,CC,TT,AA,AA,TT,AA,AG,GT,TT,AG,TT,TT,CC,GG,TT,GG,AG,GG,CC,AA,AG,AA,AA,GG,GT,TT,GG,GG,GG,AC,AA,GG,AA,AT,CC,TT,CC,TT,CC,TT,GG,AG,TT,CC,GT,CT,CC,CC,GG,AA,TT,TT,CC,AA,AG,AC,CT,GG,GT,CG,TT,AA,AA,TT,CC,AG,CC,AA,CC,GT,TT,AA,CC,CC,CC,CC,AA,TT,AC,AA,CC,CC,AA,AT,AA,TT,CG,CT,CC,GG,AA,AA,AA,AC,GT,CC,CC,AG,AA,AG,TT,GG,CC,GT,TT,GG,CC,GT,GT,TT,CC,AT,TT,CT,AA,TT,GG,CC,AG,CT,AC,CC,CG,CC,AA,GG,AA,CC,TT,CG,GT,TT,CG,AT,AA,AA,TT,CC,GG,AA,CC,CC,GG,GG,AC,GG,CT,AA,AA,CC,GT,TT,AC,AA,AT,GG,TT,TT,AT,GG,GT,AA,CC,AT,TT,AA,GG,AA,CT,AC,TT,NN,TT,AC,CC,CT,GG,AA,NN,AG,CC,TT,CT,TT,GG,TT,AA,CC,AA,GG,CC,CC,GG,CC,GG,AT,AA,CC,TT,GG,CG,CC,AA,AG,CG,AA,CC,AT,AA,CC,CC,CC,TT,AA,GG,AA,AA,AC,AA,AG,AA,AA,AA,TT,GG,AA,AG,CC,AC,CT,AG,AA,GG,GG,GG,TT,AA,AG,TT,TT,TT,AG,AA,GG,GG,AA,3.09,Susceptible,High,Premium,Medium
L0395,Anantapur,Andhra Pradesh,Kharif,Red Sandy,Rainfed,390,31.0,52,AC,NN,GG,AA,GG,CC,GG,TT,CC,CG,AA,CT,CC,TT,TT,GG,GG,TT,TT,AA,CG,TT,TT,CC,TT,CC,TT,AT,GG,AA,TT,CC,AA,CC,GG,CG,GG,CG,GG,CC,TT,CC,AA,TT,AG,AG,TT,TT,CC,AC,GG,AA,AA,GG,CC,TT,AT,AC,GT,AA,AA,TT,TT,GG,TT,AT,CC,GG,TT,GG,AA,GG,CC,AA,GG,AC,AA,AG,TT,TT,GG,GG,GG,CC,AA,GG,AA,AA,CC,TT,CC,TT,CC,TT,TT,GG,CT,CC,GT,CC,CC,CG,GG,AA,TT,TT,CC,AA,GG,AA,CT,GG,TT,CG,GG,AA,AA,TT,CC,GG,CC,GG,CC,GT,CT,AA,CC,CC,CC,CG,AA,TT,AC,AA,CC,CT,AA,TT,AA,AT,GG,CT,CC,GG,AA,AA,AA,CC,GT,CC,CC,AA,AA,AG,TT,GG,AC,TT,CT,GG,CC,TT,GT,TT,CC,AA,GG,CT,AA,TT,GG,CC,AA,CT,CC,CC,CG,CC,AA,GG,AG,CC,TT,CC,GT,TT,CG,TT,AA,AA,TT,CC,GG,AA,AC,CC,GG,AG,CC,GG,TT,AA,AA,CC,GG,AA,AC,AA,AT,GG,TT,AT,AT,GG,GG,AT,CC,AT,TT,AA,GG,AA,TT,AA,TT,CC,TT,AA,CC,CT,GG,AA,CC,AA,AC,TT,TT,GT,GG,TT,CC,CC,AA,GG,CC,CG,GG,CC,GG,NN,AA,CC,GT,GG,CC,CG,AA,GG,CC,NN,CC,AA,AG,AC,CG,AC,TT,AA,GG,AA,AA,CC,AA,GG,AA,AA,AA,AT,GG,AC,AG,CC,AC,TT,AA,AA,GG,GG,CG,TT,AA,AA,TT,AT,TT,AA,AT,GG,CG,AA,2.13,Susceptible,Low,Premium,Late
L0396,Anantapur,Andhra Pradesh,Kharif,Red Sandy,Rainfed,390,31.0,52,AA,CT,GG,AG,GG,CC,GG,AT,CC,CG,AA,CC,CC,TT,TT,GG,CG,TT,TT,AG,CC,GT,TT,CC,TT,CC,GT,AT,GG,AA,NN,CT,AA,CC,GG,GG,GG,CG,GG,CC,TT,TT,AA,TT,AA,GG,CT,TT,CC,AC,GG,AT,AA,GG,CC,GT,AA,AA,GT,AA,AA,TT,AT,AG,TT,AA,CC,GT,TT,GT,AA,GT,CC,AA,AG,AA,TT,GG,TT,TT,GG,GG,GT,CC,AA,GG,AG,AA,CC,GT,CC,TT,CC,TT,GT,GG,CT,CC,TT,CT,CT,CC,AA,AA,TT,TT,CC,AA,AG,AC,TT,GG,TT,CC,GT,AA,AA,TT,CC,GG,CG,GG,CC,GT,TT,AA,CC,CC,CC,CC,AA,TT,CC,AA,CC,CC,AA,TT,AA,AA,GG,CT,CC,GG,GG,AG,AA,CC,GT,CC,CC,AA,GG,AG,TT,GG,AC,TT,CT,AG,CC,TT,GG,CT,CC,NN,GT,CT,AA,NN,GG,CC,AG,TT,CC,CC,CG,CC,AA,AG,AA,CC,TT,CG,GG,TT,GG,AT,AA,AA,TT,CC,GG,AC,CC,CC,GG,GG,AA,GG,TT,AC,AA,CC,GG,AA,CC,AA,AA,GG,TT,TT,AA,CC,GT,AT,CG,TT,GT,AA,GG,AA,CC,AA,TT,CC,TT,AA,AC,CT,CG,AG,CC,AA,AC,AT,TT,GG,GG,NN,AA,CC,AG,GT,CC,GG,GG,CC,GG,AT,AG,CG,TT,GG,CC,CC,AA,AG,CC,AA,CC,AA,AA,NN,CC,AC,TT,AA,GG,AA,AA,AC,AA,GG,AG,AG,AA,TT,GG,AA,GG,AC,AA,NN,AA,AA,GG,GG,GG,TT,AT,AA,TT,TT,TT,AA,AT,GG,GG,AA,3.37,Susceptible,High,Premium,Late
L0397,Anantapur,Andhra Pradesh,Kharif,Red Sandy,Rainfed,390,31.0,52,AC,CT,AG,AG,GG,CC,GG,TT,CC,CC,AA,CT,CG,AT,GT,GT,CG,TT,TT,AG,CG,NN,GG,CC,AT,CC,TT,TT,GG,AA,TT,CC,AA,CC,GG,CG,GG,CG,GG,CC,TT,CT,AA,GT,AA,AG,TT,TT,CC,AA,GG,AT,AA,GG,CC,GG,AT,AA,GG,AC,AA,TT,TT,AA,TT,TT,CC,GG,NN,GT,AA,GG,CC,AA,GG,AA,TT,GG,TT,TT,GG,GT,TT,CC,AA,GG,AA,AT,CC,TT,CC,TT,CT,AT,GG,GG,TT,CC,TT,CT,CC,CC,AG,AA,TT,GT,CG,AG,AG,AA,CC,GG,TT,CC,TT,AA,AC,TT,CC,GG,CC,GG,CC,GT,TT,AG,CC,CC,CC,CC,AA,TT,CC,AA,CC,CC,AA,AT,AA,AT,GG,TT,CC,GG,AA,AA,AA,CC,TT,CC,CC,AA,AA,GG,GT,GG,AA,TT,CT,GG,CC,GT,TT,TT,CC,AA,TT,TT,AT,TT,GG,CC,AA,CC,CC,CC,CG,CC,AA,GG,AA,CC,TT,CC,GG,TT,GG,TT,AG,GG,TT,CC,CG,AC,CC,CC,GG,AG,AC,GG,TT,NN,AA,CC,GG,AA,AC,AA,AT,GG,TT,TT,AT,GG,GT,AT,CG,AA,GG,AA,AG,AA,TT,AA,TT,CC,CT,AC,CC,TT,CG,GG,CC,AA,CC,TT,CT,TT,GG,TT,AA,CC,AG,GG,CC,CG,NN,CC,GG,AT,AA,CC,TT,GG,CC,CC,AT,AG,CC,AT,CG,AA,AA,AC,CC,AC,TT,AA,GG,AA,AA,AA,AA,GG,AG,AA,AA,AT,GG,AA,AA,CC,AA,CT,AA,AA,GG,GG,GG,GT,AT,AG,TT,TT,TT,AA,TT,GG,GG,AA,5.52,Moderate,Medium,Poor,Early
L0398,Anantapur,Andhra Pradesh,Kharif,Red Sandy,Rainfed,390,31.0,52,AC,CT,AG,AA,GG,CC,GG,TT,CC,CG,AA,CC,GG,TT,TT,GG,GG,TT,TT,AA,CG,TT,GT,CC,NN,CT,TT,TT,GG,AA,CT,CC,AA,CC,GG,GG,GG,CC,GG,CC,TT,NN,AA,GT,AA,GG,TT,TT,CG,AC,GG,TT,AA,NN,CC,GT,AA,AC,GG,AC,AA,GT,AA,AA,TT,AT,CC,GG,TT,GG,AA,GG,CC,AA,GG,AA,AA,GG,TT,TT,GG,GG,GG,CC,AA,GG,AA,AA,CC,GT,CC,TT,CC,TT,GT,GG,TT,CC,GT,CC,CC,NN,GG,AA,TT,TT,CC,AA,AG,AA,CC,GG,TT,CG,GT,AA,AA,AT,CC,GG,CC,AA,CC,GG,TT,AA,CC,CC,CC,CC,AA,TT,AC,AA,CC,CC,AA,TT,AA,AT,GG,CC,CG,GG,AA,NN,AA,CC,GG,CC,CC,AA,AA,AG,TT,GG,AA,TT,CT,GG,CC,TT,NN,TT,GG,AT,TT,CC,AA,NN,GG,CC,AA,CT,CC,CC,GG,CC,AA,GG,AA,CC,TT,NN,GT,NN,GG,AA,AA,AA,TT,AC,CG,AC,AC,CC,GG,GG,AA,CG,TT,AC,AA,CC,GG,AA,AC,AA,AA,GG,TT,AT,AT,GG,TT,AA,GG,TT,GT,AA,GG,AA,CT,AA,TT,CC,TT,AC,CC,TT,GG,NN,CG,AG,CC,TT,CT,NN,GG,TT,AA,AC,AA,GG,CC,CG,GG,CC,GG,TT,AG,CC,TT,GG,CC,CC,AA,GG,CC,AT,CC,AA,AA,AC,CC,AC,AT,AA,GG,AA,AA,AC,AA,GG,AA,AA,AA,AT,GG,AC,GG,AC,AC,TT,AA,AA,GG,GG,GG,TT,AA,AG,TT,TT,TT,AG,TT,GG,GG,CC,1.99,Resistant,Medium,Standard,Early
L0399,Anantapur,Andhra Pradesh,Kharif,Red Sandy,Rainfed,390,31.0,52,AA,NN,GG,AA,GG,CC,TT,TT,CC,CC,AA,CT,CG,AT,TT,GG,GG,TT,TT,AG,CC,TT,GT,NN,TT,CC,TT,TT,GG,AA,TT,CT,AA,CC,AG,GG,GG,CG,GG,CC,TT,CT,AA,GT,AG,AG,TT,AT,CC,CC,GG,AA,AA,GG,CT,TT,AA,AA,TT,AC,AG,GT,AT,AA,CT,TT,CC,GG,TT,GT,AA,GG,CC,AA,AG,NN,AT,NN,TT,TT,GG,TT,GT,CC,AT,GG,AA,AA,CG,GT,CC,TT,CC,TT,TT,GG,TT,CC,GT,CC,CT,CC,AG,AA,AT,TT,CC,AA,AA,AA,CC,GG,TT,CG,TT,AC,AA,TT,CC,AG,CC,GG,CC,GG,TT,GG,CT,CC,CC,CC,NN,TT,CC,AA,CC,CC,AA,TT,AG,AT,GG,CC,CC,GG,AA,AA,AA,NN,GT,CC,CC,AA,AA,GG,TT,GG,AC,TT,CT,GG,AC,TT,GT,TT,CG,TT,GT,TT,AT,TT,CG,CC,AG,CT,CC,CC,CG,CC,AA,GG,AG,CC,TT,CC,GG,TT,CG,AT,AA,AA,TT,CC,GG,AA,CC,CG,GG,GG,AA,GG,TT,NN,AG,CG,GG,AA,CC,AA,AA,TT,TT,TT,AA,GG,GT,AA,CC,AA,TT,AA,GG,AA,TT,AA,TT,CC,TT,AA,CC,CT,GG,AG,CG,AG,CC,TT,TT,TT,GG,TT,AA,CC,AG,GG,CC,CG,GG,CC,GG,AT,AG,CG,GT,GG,CC,CC,AT,AG,CG,AT,CG,AA,AA,CC,CC,AA,TT,AA,GG,AA,AA,AC,AA,AG,AA,GG,AA,AT,GG,AA,AG,AC,AC,CT,AA,AA,GG,GG,GG,GT,AT,AA,TT,TT,TT,AG,TT,GG,GG,AA,0.4,Susceptible,Medium,Standard,Early
L0400,Anantapur,Andhra Pradesh,Kharif,Red Sandy,Rainfed,390,31.0,52,CC,TT,GG,GG,CG,CC,GG,TT,CC,CC,AA,CC,CC,TT,GT,GT,GG,TT,TT,AA,CC,TT,TT,CT,TT,CC,TT,TT,GG,AA,TT,CC,AA,CC,GG,GG,GT,CC,GG,CC,TT,CT,AA,GT,AG,AG,TT,TT,CC,AC,GT,AA,AG,GG,CC,TT,AA,NN,GT,AC,AA,NN,AT,AA,TT,TT,CT,GG,CT,GG,AA,GT,CC,AA,GG,AC,AA,GG,TT,TT,GG,GG,GG,CC,AA,GG,AA,AA,CC,GT,CC,TT,CC,TT,GT,AG,TT,CC,GT,CC,CC,CC,AG,AA,TT,TT,CC,AA,AA,AA,CT,GG,TT,CG,TT,AA,AA,TT,CG,GG,CC,NN,CC,GT,CT,AA,CC,CC,CC,CC,AG,TT,CC,AA,CC,CC,AA,TT,AA,AA,GG,CC,CC,GG,AA,AG,AA,CC,GT,CG,CC,AA,AG,GG,TT,GG,CC,TT,TT,GG,AC,TT,TT,TT,CC,AA,GT,CT,AA,TT,GG,CC,AG,TT,CC,CC,CG,CC,AA,AG,AG,CC,TT,CC,TT,GT,GG,AT,AA,GG,TT,CC,CG,AA,CC,CC,GG,GG,AA,GG,TT,AC,AA,CG,GG,AA,CC,AA,AT,GT,TT,TT,AA,CC,GT,AT,CC,AT,TT,AA,GG,AA,TT,AA,TT,CG,CT,AA,CC,CT,GG,AG,CG,NN,CC,TT,TT,GT,GG,TT,AA,CC,AG,GG,CC,CC,GG,CC,GG,AT,AA,CC,TT,GG,CG,CC,AT,GG,CG,AA,CG,AA,AA,CC,GG,AA,TT,AA,GG,AA,AA,AA,AC,GG,AG,AA,AG,TT,GG,AA,AG,AC,AA,TT,AA,AA,GG,GG,GG,TT,AA,AA,TT,TT,TT,AA,AT,GG,GG,AA,2.4,Susceptible,Low,Poor,Medium
L0401,Anantapur,Andhra Pradesh,Kharif,Red Sandy,Rainfed,390,31.0,52,AA,TT,GG,AG,GG,CC,GT,TT,CC,CG,AA,CC,CC,AT,TT,GT,GG,TT,TT,AA,CC,GT,GG,CT,NN,CC,TT,TT,GT,AA,TT,CC,AA,CC,GG,GG,GG,CC,GG,CC,TT,TT,AA,TT,AA,GG,CT,AT,CC,AC,GT,AA,AA,CG,CT,TT,AA,AA,GT,AC,AA,TT,TT,AG,TT,TT,CC,GG,TT,GG,AA,GG,CC,AA,GG,CC,AA,GG,NN,TT,GG,GG,GT,CC,AT,GG,AA,AA,CC,GT,CC,TT,CC,TT,TT,GG,CT,CC,GG,TT,CT,GG,AA,AA,AT,TT,CC,AA,GG,AA,CT,GG,TT,CC,TT,AA,AA,AT,CC,GG,CC,GG,CC,GG,CT,AA,CC,CC,CC,CG,AA,TT,CC,AA,CC,CC,AA,TT,AA,AT,GG,CC,CC,GG,AA,AA,AA,CC,GT,CC,CC,AA,AG,AG,TT,GG,AA,TT,TT,GG,AC,TT,GT,NN,CG,AT,TT,TT,AT,AT,GG,CG,AA,CT,CC,CC,CG,CC,AA,AG,AG,CC,TT,CC,GG,TT,CG,AT,AA,AA,TT,AC,CG,AA,AC,CC,CG,GG,AC,GG,TT,AC,AA,CG,GG,AA,CC,AA,AT,GG,TT,AT,AA,GG,GT,AA,CC,AT,GT,AA,GG,AA,CT,AA,TT,CG,TT,AC,CC,NN,CG,NN,CC,AA,CC,TT,TT,GT,NN,TT,AA,CC,AA,GG,CC,CC,GG,CC,GG,TT,AA,NN,TT,GG,CC,CC,AT,GG,CC,AA,CC,AA,AA,CC,CG,AC,TT,AA,GG,AA,AC,AA,AA,GG,GG,AG,AG,TT,CG,AA,AG,AC,AC,TT,AA,AA,GG,GG,CG,TT,AA,NN,TT,TT,TT,AG,AT,GG,GG,AA,4.14,Moderate,Medium,Standard,Early
L0402,Anantapur,Andhra Pradesh,Kharif,Red Sandy,Rainfed,390,31.0,52,AA,TT,GG,AG,GG,CC,GG,TT,CC,CC,NN,CC,CG,AT,TT,GG,GG,TT,TT,AG,CC,GT,GG,CC,TT,CC,TT,TT,GG,AA,TT,CC,AA,CC,GG,GG,GG,CC,GG,CC,GT,TT,AA,TT,AG,AG,TT,TT,CC,AA,GG,AA,AG,GG,CT,GT,AA,AA,GT,AC,AG,TT,AT,AG,TT,AA,CC,GG,TT,TT,AA,GG,CC,AA,GG,AA,AA,GG,TT,TT,GG,GT,GG,CC,AA,AG,AA,AA,CC,TT,AC,TT,CC,TT,GT,GG,TT,CC,GT,CC,CT,CG,AG,AA,AT,TT,CC,AA,AA,AA,CT,GG,TT,CC,GT,AA,AA,TT,CC,AG,CG,GG,CC,GT,TT,AA,CC,CC,CC,CC,AA,TT,CC,AA,NN,CC,AA,TT,AA,AA,GG,CC,CC,GG,AA,AG,AA,CC,GG,CC,GG,AA,AG,GG,GT,GG,AC,NN,CC,AG,AC,GT,TT,CT,CC,AA,TT,TT,AA,TT,NN,CC,AA,CC,CC,CC,CG,CC,AA,GG,AA,CC,TT,CC,GT,TT,GG,AT,AA,AG,TT,CC,CC,AC,CC,CC,GG,GG,AA,GG,TT,CC,AA,CC,GG,AA,CC,AA,AA,GT,TT,AT,AA,GG,GT,AA,CG,TT,GG,AA,AG,AA,CT,AA,TT,CC,TT,CC,CC,TT,CG,NN,CG,AG,CC,TT,TT,NN,GG,TT,AC,AC,AA,GG,CC,CC,GG,CC,GG,AA,AA,CC,GT,GG,CC,CC,AA,AG,CG,AA,CC,AA,AA,AC,CG,AA,TT,AA,GG,AA,AC,AC,AA,GG,AG,AA,AG,AT,GG,AA,AG,CC,AA,TT,AA,AA,GG,GG,NN,TT,AT,AG,GT,TT,TT,AA,TT,GG,CG,AC,2.78,Resistant,Low,Poor,Late
L0403,Anantapur,Andhra Pradesh,Kharif,Red Sandy,Rainfed,390,31.0,52,AC,TT,GG,AG,GG,CC,GG,TT,CG,CG,AA,CC,CC,TT,TT,GG,GG,TT,TT,AA,CG,TT,NN,CC,TT,CC,TT,TT,GG,AA,TT,CC,AG,CC,GG,GG,GG,CC,GG,CC,TT,CT,AA,TT,AA,AG,TT,TT,CC,CC,GG,AA,AG,GG,CC,NN,AT,AA,GG,AA,AG,TT,AT,AA,TT,TT,CC,GG,TT,GT,AA,GG,CC,AA,AA,AC,AA,GG,TT,TT,GG,GG,GG,CC,AA,GG,AA,AA,CC,GT,CC,TT,CC,TT,GT,GG,TT,CC,GT,CC,CC,CG,AG,AA,AT,TT,CG,AA,AA,AA,CC,GG,TT,CC,TT,AA,AA,TT,CC,AG,CC,GG,CT,GG,TT,AA,CT,CC,CC,CC,NN,TT,AC,AA,CC,CC,NN,TT,AA,AT,GG,CC,CC,GG,AA,AG,AA,CC,GG,CC,CC,AA,AG,GG,TT,GG,NN,TT,CT,AG,CC,GT,GT,TT,CC,AA,TT,TT,NN,AT,GG,CC,GG,CT,CC,CC,GG,CC,AA,GG,AA,CC,TT,CC,GT,TT,CG,AT,AA,AA,TT,CC,GG,AA,CC,CC,GG,GG,AC,CG,TT,AC,AA,CC,GG,AA,AA,AA,AA,GG,TT,AT,AA,GG,GT,AA,CG,TT,GT,AA,GG,AA,CT,AA,TT,CC,TT,AC,CC,TT,GG,AG,CC,AG,CC,TT,TT,GT,GG,TT,AA,AC,AA,GG,CC,CG,GG,CC,GG,AA,AG,CC,TT,GG,CC,CG,AA,GG,CC,TT,CC,AT,AA,AC,GG,CC,TT,AA,GG,AA,AA,AA,AA,GG,AG,AG,AA,TT,GG,AA,AG,AC,AC,CC,AA,AA,GG,GG,GG,TT,AA,AA,GT,TT,AT,AG,TT,GG,GG,AC,3.31,Resistant,High,Premium,Early
L0404,Anantapur,Andhra Pradesh,Kharif,Red Sandy,Rainfed,390,31.0,52,AA,TT,GG,AG,GG,CC,GG,TT,CC,CC,AT,CT,CG,AT,TT,GT,CG,TT,TT,AG,CG,GT,GT,CC,TT,CT,GT,AT,GG,AA,TT,CT,AA,CC,GG,GG,GG,GG,GG,CC,TT,CC,AA,TT,AG,GG,TT,TT,CC,AC,GG,AA,AG,GG,CC,TT,AT,AA,GT,AC,AA,TT,AT,GG,TT,AT,CC,GG,TT,GG,AG,GG,CC,AA,AG,AC,AT,AG,GG,TT,GG,GG,GG,CC,TT,GG,AA,AA,CC,GT,AC,TT,CC,TT,TT,GG,TT,CC,GT,CC,CC,CC,GG,AG,TT,TT,CG,AA,AG,AA,CC,GG,TT,CC,GT,CC,AA,TT,CC,AG,GG,GG,CC,GG,TT,AA,CC,CC,AC,CC,AA,TT,CC,AA,CC,CC,AA,AT,AA,AT,GG,NN,CG,GG,AA,AA,TT,CC,GT,CC,CC,AG,AA,AG,TT,GG,AC,TT,TT,AG,AC,TT,TT,TT,CC,TT,TT,CT,AA,NN,GG,CG,GG,CT,CC,AC,CG,CC,AA,GG,AA,CC,TT,CC,GT,GT,GG,AA,AA,AA,TT,CC,CG,AC,CC,CC,GG,GG,AA,GG,TT,CC,AG,CG,GG,AA,CC,AA,AT,GG,TT,TT,AA,CG,GG,AA,CC,TT,GT,AA,GG,AA,CT,AC,TT,CC,TT,AC,AC,TT,CG,AA,CC,AG,CC,TT,CC,TT,GG,TT,AC,AA,AA,GG,CC,CG,GG,CG,GG,TT,AA,CC,GT,GG,CG,CG,AT,NN,CG,AA,CC,AA,AA,CC,CG,AC,TT,AG,GG,AA,AA,AC,AA,AA,AG,AG,AA,TT,GG,AA,AA,AC,AA,CT,AA,AA,GG,GG,GG,TT,AA,AG,TT,TT,TT,AG,TT,GG,GG,AA,1.2,Susceptible,Low,Poor,Late
L0405,Anantapur,Andhra Pradesh,Kharif,Red Sandy,Rainfed,390,31.0,52,AA,TT,NN,GG,GG,CC,GT,AA,CC,CG,AA,CC,CC,TT,GT,GT,GG,TT,TT,AA,CC,TT,GG,CT,TT,CC,GT,TT,GG,AA,TT,CC,AA,CC,GG,GG,GG,CG,GG,CC,TT,TT,AC,TT,AA,AG,TT,TT,CC,AC,GT,AT,AA,GG,CC,TT,NN,AA,TT,AA,AA,GT,AT,AA,TT,AT,CC,GG,TT,GT,AA,GG,CC,AA,GG,AA,AA,GG,TT,TT,AG,GG,GG,CC,AA,GG,AA,AA,CC,GT,AC,TT,CT,TT,GT,GG,CT,CC,GT,NN,CC,CC,AA,AA,AT,TT,CC,AA,AA,NN,CT,GG,GT,CG,GT,AA,AA,TT,CG,GG,CC,AG,CC,GT,CT,AG,CC,CC,CC,CC,AA,TT,CC,AA,CC,CC,AA,TT,AG,AA,GG,CC,CC,GG,AG,AG,AT,CC,GT,CG,CC,AA,AA,GG,TT,AG,AA,GT,CT,AG,AA,TT,TT,TT,CC,AA,TT,TT,AT,TT,NN,CG,AA,TT,CC,CC,GG,CC,AA,GG,AA,CC,TT,CC,GG,GT,GG,AT,AA,AA,TT,CC,GG,AA,CC,CC,GG,GG,AA,GG,TT,AA,AG,CC,GG,AA,AC,AT,AA,GG,TT,TT,AA,CG,TT,AA,CG,AT,GT,AA,GG,AA,CT,AA,TT,CC,TT,AA,CC,TT,CC,AA,CC,AG,AA,TT,CT,TT,GG,TT,AC,AC,AG,GG,CG,GG,GG,CC,GG,AA,AA,CC,TT,AG,CG,CC,AA,GG,CC,AA,CC,AT,AA,CC,CG,AA,TT,AA,GG,AA,AC,AA,AA,AA,AA,AA,AA,TT,GG,AA,AA,AC,AA,TT,AG,AG,NN,GG,GG,TT,AA,AA,GT,TT,TT,AA,TT,GG,GG,AA,0.66,Moderate,High,Poor,Medium
L0406,Anantapur,Andhra Pradesh,Kharif,Red Sandy,Rainfed,390,31.0,52,AC,CT,GG,AG,GG,CC,GG,TT,CG,GG,AA,CC,CC,TT,TT,GG,GG,TT,TT,AA,CG,TT,TT,CC,TT,CC,TT,TT,GG,AC,TT,CC,AA,CC,GG,CG,GG,CG,GG,CC,TT,CT,AA,TT,AA,GG,TT,TT,CC,AC,GT,AA,AG,CG,CC,GT,AA,AA,GT,AC,AA,TT,AA,AG,TT,AT,CC,GG,TT,GT,AG,GG,CC,AA,AG,AA,AT,GG,TT,TT,GG,GG,GT,CC,AA,GG,AA,AA,CG,GT,CC,GT,CT,AT,GG,GG,CT,CC,GT,CC,CC,CG,GG,AG,TT,GT,CC,AG,AG,AC,CT,GG,TT,CC,TT,AA,AA,TT,CC,GG,CC,GG,CC,GG,TT,AA,CC,CC,CC,CC,AA,GT,CC,AA,CC,CC,AA,TT,AA,AA,GG,CC,CC,GG,AA,GG,AA,CC,GT,CC,CC,AA,AA,GG,TT,GG,AC,GT,CT,GG,CC,GT,GT,TT,CC,NN,TT,TT,AA,AT,GG,CC,AG,CT,CC,CC,GG,CC,AA,GG,AG,CC,TT,CG,NN,TT,GG,AT,AA,AA,TT,CC,NN,AC,CC,CC,GG,GG,AC,CG,NN,AA,AA,CG,GG,AA,CC,AA,TT,GT,TT,TT,AT,GG,GG,AA,CC,AT,GT,AA,GG,AA,CT,AA,TT,CC,TT,AC,AC,CT,GG,AG,CC,AG,CC,TT,TT,TT,GG,TT,AA,CC,AA,GG,CG,CC,GG,CC,GG,TT,AA,CG,TT,GG,CC,NN,AA,AG,GG,AA,CC,AT,AG,AC,CC,CC,TT,AA,GG,AA,AC,AC,AA,AA,AG,AA,AA,AT,GG,AA,AA,AA,AA,CC,AA,AG,GG,GG,CG,TT,AA,AA,TT,TT,TT,AG,TT,GG,CG,AC,1.13,Resistant,Low,Premium,Medium
L0407,Anantapur,Andhra Pradesh,Kharif,Red Sandy,Rainfed,390,31.0,52,AA,TT,GG,AA,GG,CC,GG,TT,NN,CC,AA,CC,CC,TT,TT,GG,CG,TT,AT,AA,CC,GT,TT,NN,AT,CC,TT,TT,GG,AA,TT,CT,AA,CC,GG,CG,GG,GG,GG,CC,TT,TT,AC,TT,AG,AG,CC,TT,CC,CC,GT,AA,AA,GG,CC,TT,AA,AC,GT,AA,AA,TT,AT,AG,TT,TT,CC,GG,CT,TT,AA,GG,CC,AA,GG,AC,TT,GG,TT,TT,GG,GG,GG,CC,AA,GG,AG,AA,CC,TT,AC,TT,CC,TT,TT,GG,TT,CC,GG,CC,CC,CC,AA,AA,TT,TT,CG,NN,AG,AC,CC,GT,TT,CC,TT,AC,NN,TT,CC,GG,CC,GG,CC,GG,TT,AA,CC,CC,CC,CC,AG,TT,CC,AA,CC,CC,AA,NN,AA,AT,CG,CT,CC,GG,AG,AG,AA,AC,GG,CC,CC,AA,AA,AG,TT,AG,AA,TT,TT,GG,CC,TT,TT,TT,NN,AA,GT,TT,AA,TT,GG,CC,AA,CT,CC,CC,CG,CC,AA,GG,AA,CC,TT,CC,GG,GT,GG,AT,AA,AA,TT,CC,GG,AA,CC,CC,GG,GG,AC,GG,TT,AA,AA,CC,GT,AA,CC,AA,AT,GG,TT,TT,AT,GG,GG,AA,CC,AT,TT,AA,GG,AA,TT,AC,TT,CG,NN,AA,CC,CT,GG,AA,CC,AG,CC,AT,TT,GT,GG,TT,AA,AC,AA,GG,CC,GG,GG,CC,GG,AT,AG,CG,TT,GG,CG,CC,AA,GG,CG,AA,CC,AA,AA,CC,GG,CC,TT,AA,GG,AA,AA,AA,AA,AG,GG,AG,AA,TT,GG,AA,AA,AC,CC,CT,AA,AG,GG,GG,GG,TT,AA,AA,TT,TT,TT,AG,AT,GG,CG,AA,2.25,Susceptible,Medium,Standard,Medium
L0408,Anantapur,Andhra Pradesh,Kharif,Red Sandy,Rainfed,390,31.0,52,AC,CT,GG,AA,CG,CC,NN,TT,CC,CG,AA,CC,CG,AT,NN,GT,GG,TT,TT,AA,CG,GT,GT,CC,TT,CC,GT,TT,GG,AA,TT,CC,AG,CC,GG,CG,GG,CG,GG,CC,TT,TT,NN,TT,AA,AG,CT,TT,CC,CC,GT,AA,AA,GG,CT,TT,AA,AA,GT,AA,AG,TT,TT,AA,TT,TT,CC,GG,TT,GG,AA,GG,CC,AA,GG,AA,AT,AG,TT,NN,AG,GG,GG,CC,AT,GG,AA,AA,GG,GT,CC,TT,CC,TT,GT,NN,TT,CC,TT,CT,CC,CG,AA,AA,TT,TT,CC,AA,AA,AA,CT,GG,TT,CG,GT,NN,AA,TT,CC,GG,CC,AG,CT,GT,CT,GG,CT,CC,AC,CC,AA,TT,CC,AA,CC,CC,AA,TT,AA,AT,GG,CC,CC,NN,AA,GG,AA,CC,GG,CC,CC,AG,AA,GG,TT,GG,AA,TT,TT,GG,AC,TT,GT,TT,CC,AT,GT,TT,AA,AT,GG,CC,AG,CT,CC,CC,CC,CC,AA,GG,AG,CC,TT,CC,GT,TT,GG,AT,AA,AG,TT,CC,GG,AA,CC,CC,GG,GG,AA,CG,TT,CC,AA,CC,GG,AT,AC,AA,AT,GT,TT,TT,TT,GG,GG,AA,CC,AT,TT,AA,GG,AA,TT,AC,TT,CC,TT,AA,CC,TT,GG,GG,CC,AG,CC,TT,TT,TT,GG,TT,AA,AC,AA,GG,CC,CC,NN,CC,GG,AT,NN,CG,TT,GG,CC,CC,AA,GG,CC,AA,CC,AA,AA,CC,CC,AC,TT,AA,GG,AA,AA,AC,AC,AA,AG,AA,AA,AT,GG,AA,AG,AC,AA,CT,AA,AA,GG,GG,GG,TT,AA,AA,TT,TT,TT,GG,TT,GG,GG,NN,3.74,Susceptible,Low,Poor,Medium
L0409,Anantapur,Andhra Pradesh,Kharif,Red Sandy,Rainfed,390,31.0,52,CC,CT,GG,AG,GG,CC,GT,AT,CC,CG,AA,CT,GG,TT,TT,TT,GG,TT,TT,AA,CC,GT,TT,CC,TT,CC,TT,TT,GT,AA,TT,CC,AA,CC,GG,GG,GG,CG,GG,CC,TT,TT,AA,TT,AA,GG,TT,AT,CC,AA,GT,AT,AA,GG,NN,GT,AA,AC,GG,CC,AA,GT,TT,AA,TT,TT,CC,GG,TT,GG,AG,GG,CC,AA,GG,AA,AA,GG,TT,TT,GG,GG,GG,CC,AA,GG,AA,AA,CG,GT,CC,TT,CT,AT,TT,GG,CT,AC,TT,CC,TT,CG,AG,AA,AT,TT,CC,AA,AA,AA,CC,GG,TT,CC,GT,AA,AA,TT,CC,GG,CC,GG,CC,GG,CT,AA,TT,CC,CC,CC,AA,TT,CC,AA,CC,CC,AA,TT,AA,AA,GG,CC,CC,GG,AA,AA,AT,CC,GT,CC,CC,AA,AA,GG,TT,GG,AA,GT,TT,GG,CC,TT,TT,TT,CC,AA,GG,TT,AT,TT,GG,CC,AA,CC,CC,CC,GG,CC,AA,GG,AA,CC,TT,CG,GT,TT,GG,AT,AA,AA,TT,CC,GG,AC,AC,CC,GG,GG,AC,GG,TT,AC,AA,CC,GT,AA,CC,AA,AA,GG,TT,TT,AA,CG,GG,NN,CG,TT,TT,AA,GG,AA,NN,AA,TT,CC,TT,AC,CC,TT,GG,AG,CG,AG,CC,TT,CT,TT,CG,TT,AC,AC,AA,GG,CC,CG,GG,CC,GG,AT,AA,CC,TT,GG,CC,CC,AA,AA,CG,AA,CC,AA,AA,CC,CC,CC,TT,AA,GG,AA,AA,AC,AA,AG,AA,AA,NN,TT,GG,CC,AG,AA,AC,TT,AA,AA,GG,GG,GG,TT,AA,AG,GT,TT,TT,AA,NN,GG,CG,AA,3.84,Moderate,Low,Premium,Early
L0410,Anantapur,Andhra Pradesh,Kharif,Red Sandy,Rainfed,390,31.0,52,AC,TT,AG,AG,GG,CC,GT,AT,CC,GG,AA,CC,CG,TT,TT,GG,GG,TT,NN,AA,CC,TT,NN,NN,NN,CC,TT,AT,GT,AC,TT,CC,AA,CC,GG,CG,GG,CG,GG,CC,TT,CC,AA,TT,AG,AG,TT,TT,CC,CC,GG,AT,AA,GG,CT,TT,AA,CC,GG,AA,AG,TT,TT,AA,TT,TT,CC,GG,TT,GT,AG,GG,CC,AA,GG,CC,AA,GG,TT,TT,GG,GG,GG,CC,AT,GG,AA,AA,CC,TT,CC,GT,CT,TT,TT,GG,CT,CC,GG,CT,CC,CG,AG,AA,TT,TT,CG,AA,AA,AA,CC,GG,TT,CG,GT,AA,AA,TT,CC,AA,CC,AG,CT,GT,TT,AA,CC,CC,CC,CC,AA,TT,CC,AA,CC,CC,AA,AT,AA,TT,CG,CT,GG,GG,AA,AG,AA,CC,GG,CC,CG,AG,AG,GG,TT,AG,AC,GT,TT,GG,AC,TT,GT,TT,CC,AT,TT,TT,AA,TT,NN,CC,AA,CT,CC,AC,GG,CC,AT,GG,GG,CC,TT,CC,TT,TT,GG,AT,AA,AA,TT,AA,GG,AA,AC,CC,GG,GG,AA,GG,TT,AC,AA,CC,GG,AA,AC,AT,AT,NN,TT,AT,AA,GG,GG,AT,CG,AA,TT,AA,GG,AA,TT,AA,AT,CC,TT,AC,CC,TT,GG,GG,CC,AG,CC,TT,CT,NN,GG,TT,AC,AC,AG,GG,CC,CG,CG,CG,GG,AT,AA,CC,GT,GG,CC,CC,AT,AG,GG,AA,CC,AT,AA,AC,CG,AC,TT,AA,GG,AA,AC,CC,AA,AG,AG,AA,AA,TT,GG,AC,AG,AA,AC,CT,AA,AA,GG,GG,GG,TT,NN,AA,GT,TT,TT,AG,TT,GG,GG,AA,3.01,Susceptible,Medium,Poor,Late
L0411,Anantapur,Andhra Pradesh,Kharif,Red Sandy,Rainfed,390,31.0,52,AC,TT,GG,AG,CG,CC,GG,AT,CC,CC,AA,CT,CC,AT,TT,GG,CG,TT,TT,AA,CG,TT,GT,CC,AT,CC,TT,TT,GG,AA,TT,CT,AA,CC,GG,GG,GG,CC,GG,CC,TT,TT,AA,TT,AA,AG,TT,TT,CC,AC,GG,AA,AA,GG,CC,TT,AA,AC,GG,AA,AA,TT,TT,AA,NN,AT,CC,GG,TT,GG,AA,GT,CC,AG,AA,AC,TT,GG,TT,TT,GG,GG,GG,CC,AA,AG,AA,AA,CC,TT,CC,GT,CC,TT,GT,GG,CT,AC,GG,CC,CC,CC,GG,AA,AT,TT,CG,AA,AG,AA,CC,GG,TT,CC,TT,AA,AC,TT,CC,GG,CC,GG,CC,GG,NN,AA,CC,CC,CC,CC,AA,TT,CC,AA,CC,CT,AA,TT,AA,AA,GG,CC,CG,AG,AA,AG,AA,CC,GG,CC,CC,NN,AG,GG,TT,GG,AA,TT,CT,GG,AC,GT,NN,TT,CC,AA,TT,NN,AA,AT,CG,CC,AG,CT,CC,AC,CG,CC,AT,GG,GG,CC,TT,NN,GT,GT,GG,AT,AA,AA,TT,CC,GG,AC,CC,CC,GG,GG,AC,GG,TT,AA,AA,CC,GT,AA,AC,AA,AA,GT,GT,TT,AA,CG,GG,AA,CG,TT,TT,AA,GG,AA,TT,AA,TT,CC,CT,AA,NN,TT,GG,AG,CC,AA,AC,TT,CC,GG,GG,TT,AC,AC,AG,GG,CC,CC,GG,CC,GG,TT,AA,CC,GT,GG,CC,CC,AA,GG,CG,NN,CC,AT,AA,CC,CC,AA,TT,AA,GG,AA,AA,AA,AA,GG,AG,NN,AA,AT,GG,AA,AG,CC,AA,CC,AA,AA,GG,AG,GG,TT,AA,AA,TT,TT,TT,AG,TT,GG,GG,AA,3.05,Moderate,Low,Standard,Early
L0412,Anantapur,Andhra Pradesh,Kharif,Red Sandy,Rainfed,390,31.0,52,AC,TT,GG,AA,CG,CC,GG,TT,CC,CG,AA,CT,CG,TT,TT,GT,GG,TT,TT,AG,CC,TT,TT,CT,TT,CC,TT,TT,GG,AA,TT,CC,AA,CC,GG,GG,GG,NN,GG,CC,TT,TT,AA,TT,AG,GG,TT,TT,CC,AC,GT,AA,AG,GG,CC,TT,AT,AC,GT,AA,AA,GT,TT,AA,TT,TT,CC,GG,TT,GT,AA,GT,CC,AA,GG,AA,TT,GG,TT,TT,GG,GG,GG,CC,TT,GG,AA,AA,CC,GT,AC,TT,CT,AT,TT,GG,CT,CC,GT,CC,CT,CC,AA,AA,TT,TT,CC,AA,GG,AC,CC,GG,TT,CC,TT,AC,AA,TT,CC,AG,CG,GG,CC,GG,CT,AG,CC,CC,CC,CC,AA,NN,CC,AA,CC,CC,AA,AA,AA,AA,GG,CC,CC,GG,AA,AG,AA,CC,GG,CC,CC,AA,AG,GG,TT,AA,NN,TT,TT,GG,CC,TT,TT,TT,CC,AT,TT,TT,AT,TT,CG,CC,AG,TT,CC,CC,CG,CC,AA,GG,AA,CC,TT,CC,GG,GT,CC,AT,AA,AA,TT,CC,GG,AA,CC,NN,GG,GG,AC,CG,TT,AA,AA,CC,GG,AA,CC,AA,AA,GG,TT,AT,AA,GG,GT,TT,CG,AT,TT,AA,GG,AA,CT,AA,TT,CC,CT,AC,AC,TT,CG,AG,CG,GG,CC,TT,CC,TT,GG,TT,AA,AC,AA,GG,CC,CC,GG,CC,GG,AA,AG,CG,TT,GG,CC,CC,AA,GG,CC,AA,CC,AT,AG,CC,CC,AC,AT,AA,GG,AA,AA,AA,AA,AG,GG,AA,AA,TT,NN,AC,AA,CC,AA,CT,AA,AA,GG,AG,GG,TT,AT,AG,TT,TT,TT,AA,TT,GG,NN,AA,3.44,Resistant,High,Premium,Early
L0413,Anantapur,Andhra Pradesh,Kharif,Red Sandy,Rainfed,390,31.0,52,CC,TT,AG,AA,GG,CC,GT,TT,CC,CG,AA,CC,CC,TT,TT,GG,GG,TT,TT,AA,CC,TT,TT,TT,TT,CC,TT,TT,GT,AA,TT,CC,AA,CC,GG,GG,GG,CC,GG,CC,TT,TT,AA,TT,AA,GG,CT,TT,CC,AC,GG,AT,AA,GG,CC,TT,AA,AA,TT,AA,AA,TT,TT,AG,TT,TT,CT,GG,TT,GG,AA,GG,CC,AA,AG,AA,AT,AG,GT,TT,AG,GG,GT,CC,AA,GG,AA,AA,CG,TT,CC,TT,CC,TT,TT,GG,TT,CC,GT,CT,CT,GG,AG,AA,TT,TT,CC,AG,AA,AA,CC,GG,TT,NN,TT,AA,AA,TT,GG,GG,CC,GG,CC,GT,TT,AA,CC,CC,CC,CG,AA,TT,AC,AA,CC,CT,AA,TT,AA,AT,GG,CC,NN,GG,AA,AG,AA,CC,GG,CC,CC,AG,AG,GG,TT,GG,AA,TT,TT,GG,AC,GT,GT,TT,CC,AA,GT,TT,AA,AA,GG,CC,AA,CC,CC,NN,CC,CC,AA,GG,AA,CC,TT,CG,GG,TT,GG,TT,AA,AG,TT,CC,GG,AA,CC,CC,GG,GG,AA,CG,TT,AA,AA,CC,GT,AT,CC,AA,AT,GG,GT,AT,AA,GG,NN,AA,CC,AT,GG,AA,GG,AA,NN,AA,TT,CC,TT,AA,CC,CT,CG,AA,CC,AA,CC,TT,NN,GT,GG,TT,AA,AC,AG,GG,CC,CC,GG,CC,GG,AT,AA,CC,GT,GG,CC,CC,AA,AG,CG,AT,CC,AA,AA,AC,GG,AC,TT,AA,GG,AA,AA,CC,AA,AG,AG,AG,AA,TT,GG,AA,AG,CC,AA,CT,AG,NN,GG,GG,GG,TT,AA,AA,GT,TT,TT,AA,TT,GG,CG,AA,3.96,Moderate,Low,Premium,Early
L0414,Anantapur,Andhra Pradesh,Kharif,Red Sandy,Rainfed,390,31.0,52,AA,TT,AG,AG,GG,CC,GG,AT,CC,CG,AA,CT,CC,TT,GT,GG,CG,TT,TT,AA,CG,TT,GT,CC,TT,CC,TT,TT,GG,AA,TT,CC,AA,NN,GG,CG,GG,CG,GG,CC,TT,CT,AA,TT,AA,GG,TT,TT,CC,AC,GG,AA,AA,GG,CC,TT,AA,AA,NN,NN,AA,TT,AT,AA,TT,TT,CC,GG,TT,NN,AA,GG,AC,AA,GG,AC,AA,GG,GT,TT,GG,GG,GG,CC,AA,GG,NN,AA,CC,GT,CC,TT,CT,TT,TT,GG,TT,CC,GT,CC,CC,CG,GG,AA,TT,TT,CC,AA,AG,AC,CC,GG,TT,CC,TT,AC,AA,TT,CC,AA,CC,GG,CC,GT,TT,AG,CT,CC,CC,CC,AA,TT,CC,AA,CC,CC,AA,TT,AA,AT,GG,CC,CC,GG,AA,AG,AT,CC,GG,CC,CC,AA,AG,GG,GT,GG,AC,TT,CC,GG,CC,GT,GG,CT,CC,AA,GT,TT,AA,TT,CG,CC,AA,CC,AC,CC,GG,CC,AA,GG,AA,CC,TT,CG,GT,TT,CG,AT,AA,AA,TT,AC,GG,AA,AC,CC,GG,GG,AC,GG,CT,AC,AA,CC,GG,AA,AA,AA,AT,GG,TT,AT,AT,CG,GG,AT,CG,AA,TT,AA,GG,AA,TT,AA,TT,CC,TT,AC,CC,TT,GG,AA,CG,AG,CC,AT,CT,TT,GG,AT,AA,CC,AA,GG,CC,CC,GG,CC,GG,AT,AA,CC,TT,GG,CC,CC,AA,AG,CC,NN,CC,AT,AA,AC,CC,AC,TT,AA,GG,AA,AA,AC,AA,GG,AA,AA,AA,TT,GG,AA,AG,CC,AA,TT,AA,AA,GG,AG,GG,TT,AA,AA,TT,TT,TT,AA,AT,GG,CG,AA,1.76,Susceptible,Low,Premium,Late
L0415,Anantapur,Andhra Pradesh,Kharif,Red Sandy,Rainfed,390,31.0,52,AA,CT,GG,AG,GG,CC,GG,TT,CC,CC,AA,CC,CG,AT,GT,GG,CG,TT,TT,AA,CC,TT,TT,CC,TT,CC,TT,TT,GT,AA,TT,CC,AA,CC,GG,GG,GG,CG,GG,CC,TT,CT,AA,TT,AA,AG,TT,TT,CC,AC,GT,AA,AG,GG,CT,TT,AA,AC,TT,AC,AG,TT,TT,AG,CT,AT,CC,GG,TT,GG,AA,GG,CC,AA,GG,AC,AA,GG,TT,TT,GG,GG,GG,CC,AT,GG,AG,TT,CC,TT,CC,TT,CC,TT,NN,GG,TT,CC,TT,CC,CT,CG,GG,AA,TT,TT,CG,AA,AG,AA,CT,GG,TT,CG,TT,AA,AA,TT,CG,GG,CC,AG,CC,GG,CT,AA,CC,CC,CC,CC,AG,TT,CC,AA,CC,CC,AA,TT,AA,AA,NN,CC,CC,GG,AA,AG,AT,CC,GG,CC,CC,AA,AA,GG,TT,GG,AA,GT,TT,AA,AC,TT,GT,CT,CC,AT,GG,TT,AA,TT,GG,CG,AA,CT,CC,CC,GG,CC,AA,GG,AG,CC,GT,CC,GG,GT,GG,AT,AA,AA,TT,CC,CG,AA,CC,CC,GG,GG,AA,GG,TT,AA,AA,CC,GG,AT,CC,AA,AT,GT,TT,AA,AT,GG,TT,AT,CC,TT,TT,AA,AG,AG,TT,NN,TT,CC,TT,AC,CC,TT,GG,AG,CC,AG,AC,TT,CT,TT,GG,TT,AC,AA,AG,GG,CC,CC,GG,CC,GG,TT,AA,CC,GG,GG,CG,CC,AT,GG,GG,AA,CG,AA,AA,CC,CG,AA,TT,AA,CG,AA,AA,AC,AA,AG,AG,AG,AG,TT,GG,AC,AA,NN,AA,CT,AG,AA,GG,NN,CG,TT,AT,AG,TT,TT,TT,AG,AT,GG,GG,AA,2.56,Susceptible,Medium,Standard,Medium
L0416,Anantapur,Andhra Pradesh,Kharif,Red Sandy,Rainfed,390,31.0,52,AC,TT,GG,AA,GG,CG,GG,AA,CC,CG,AA,CC,GG,TT,GT,GG,CG,TT,TT,AA,CC,TT,TT,CT,TT,CC,TT,AT,GG,AA,TT,CT,AA,CC,GG,CG,GG,CC,GG,CC,TT,TT,AA,GT,AA,GG,TT,TT,CC,AC,GT,AA,AA,GG,CC,GT,AA,AC,GG,AC,AA,TT,TT,AG,TT,TT,CC,GG,CT,GT,AG,GG,CC,AA,GG,AC,AA,GG,TT,TT,GG,GT,GG,CC,AT,GG,AA,AT,CC,TT,AC,TT,CT,TT,GT,GG,TT,CC,TT,NN,CT,GG,AG,AG,AT,TT,CC,AG,AG,AA,CC,GG,GT,CC,TT,AA,AA,TT,GG,GG,CC,GG,CC,GG,CT,AA,CC,CC,CC,CC,AG,TT,CC,AA,CC,CC,AA,AT,AA,AA,GG,CT,CC,NN,AG,AA,AA,CC,GT,CC,CC,AG,AG,GG,TT,GG,AC,GT,CT,GG,CC,GT,TT,CT,CC,AA,TT,CT,AA,TT,GG,CC,AA,CT,CC,CC,CG,CC,NN,GG,AA,CC,TT,CC,GG,GT,CG,AT,AA,AA,TT,AC,GG,AA,CC,CC,GG,GG,AC,GG,TT,AA,AA,CC,GG,TT,AC,AA,AT,GG,TT,TT,AA,CG,GT,AT,NN,TT,GT,AA,GG,AA,CT,AA,TT,CC,TT,AA,CC,CT,GG,GG,CC,GG,CC,TT,TT,GT,GG,TT,AA,CC,AA,GG,CC,CC,GG,CC,GG,TT,AA,CC,GT,AG,CC,CC,AT,GG,CC,AA,CC,AA,AA,AC,CC,CC,AT,AA,CG,AA,AA,AA,AC,AG,AG,AA,AA,AT,CG,AA,AA,CC,AA,TT,AA,AA,GG,GG,NN,GT,AT,AA,TT,TT,TT,AA,AT,GG,GG,AA,1.43,Resistant,Low,Premium,Medium
L0417,Anantapur,Andhra Pradesh,Kharif,Red Sandy,Rainfed,390,31.0,52,NN,TT,AG,AG,GG,CC,GG,TT,CC,CG,AA,CC,CC,TT,TT,GG,CC,TT,TT,AA,CC,TT,TT,CC,TT,CC,TT,TT,GT,AA,CT,CT,AA,CC,AG,GG,GG,CG,GG,CC,TT,TT,AA,TT,AA,GG,TT,TT,CC,CC,GG,AA,AG,GG,CT,TT,AA,AA,GT,AA,AG,TT,TT,AA,TT,TT,CC,GG,TT,GG,AG,GG,CC,AA,GG,AC,AA,GG,TT,TT,GG,GG,GG,CC,AA,GG,AA,AA,CC,GT,CC,TT,CT,TT,GT,AG,TT,CC,TT,CC,CC,CC,AG,AA,TT,GT,CC,AA,AG,AA,CC,GG,TT,CG,TT,AA,AA,TT,CG,GG,CG,GG,CC,GT,CT,AA,CC,CG,CC,CC,AG,GT,CC,AC,CC,CC,AA,AT,AG,AA,GG,CC,CC,GG,AA,AG,AA,AC,GG,CC,CC,AA,AA,GG,TT,GG,AA,GT,CT,GG,CC,GT,NN,CT,CC,AT,GT,TT,AA,TT,GG,CC,AA,CT,CC,CC,GG,CC,AA,GG,GG,CC,TT,CC,TT,TT,NN,TT,AA,AA,TT,CC,GG,AA,AA,CC,GG,GG,AA,CG,TT,AA,AA,CG,GG,AA,AC,AA,AT,GG,TT,AT,AT,GG,GT,AA,CC,TT,TT,AA,GG,AA,TT,AA,TT,CC,CC,AC,AC,TT,GG,NN,GG,GG,AC,TT,TT,GT,GG,TT,AA,CC,AA,GG,CC,CG,GG,CC,GG,AT,AG,CC,TT,GG,CC,CC,AA,GG,CG,AA,CG,AT,AA,AC,GG,NN,TT,AA,GG,AA,AC,AC,AA,AG,AG,AA,AA,AT,CG,AC,AG,NN,AA,TT,AA,NN,GG,GG,GG,GT,AA,AA,TT,TT,TT,AG,TT,GG,GG,AA,2.51,Moderate,Low,Premium,Medium
L0418,Anantapur,Andhra Pradesh,Kharif,Red Sandy,Rainfed,390,31.0,52,AA,TT,AG,AG,GG,CC,GT,TT,CC,CC,AA,CC,CC,AA,GT,GG,CG,TT,TT,AA,CC,GT,GT,CC,AT,CC,TT,AT,GG,AA,TT,CC,AA,CC,GG,GG,GG,CG,GG,CC,TT,TT,AA,TT,AA,GG,CT,TT,CC,AC,GG,AA,GG,GG,CT,NN,AA,AC,GT,AA,AA,GT,AT,AA,NN,TT,CC,GG,TT,GG,AA,GT,CC,AA,GG,CC,AA,GG,TT,TT,AG,GG,GG,CC,AA,GG,AA,AA,CC,GT,CC,TT,CC,TT,GT,GG,TT,CC,TT,CC,CC,CG,GG,AA,TT,TT,CC,AA,AA,AA,CT,GG,TT,CC,TT,AA,AC,TT,CG,AG,CC,AG,CC,GG,TT,AG,CC,CC,CC,CC,AA,TT,CC,AA,CC,CC,AA,TT,AA,AA,GG,CC,CC,GG,AA,AA,AT,CC,GG,CC,CC,AA,AG,GG,TT,GG,AA,TT,CT,AG,CC,TT,TT,TT,CC,AA,TT,TT,AA,TT,GG,CC,AA,TT,CC,CC,GG,CC,AA,GG,NN,CC,TT,CC,GG,TT,CG,AA,AA,AA,TT,CC,GG,AA,CC,NN,GG,GG,AC,GG,TT,AC,AA,CC,GG,AA,CC,AA,AA,GG,TT,TT,AA,CG,GT,AA,CG,AA,GT,AT,GG,AA,CC,AA,TT,CC,CT,AC,CC,TT,CG,AG,NN,GG,CC,TT,TT,TT,GG,TT,AA,AC,AG,GG,CC,CG,GG,CC,GT,TT,AA,CC,TT,GG,CC,CC,AT,GG,CC,AA,CC,AA,AA,CC,CC,CC,TT,AA,GG,AA,AA,AA,NN,GG,NN,AG,AA,TT,GG,AA,AA,AC,AA,CT,AA,AA,CG,GG,GG,TT,AA,AA,GT,TT,TT,NN,TT,GG,GG,AC,0.4,Resistant,High,Premium,Early
L0419,Anantapur,Andhra Pradesh,Kharif,Red Sandy,Rainfed,390,31.0,52,AC,TT,GG,GG,CG,CC,GT,TT,CC,CG,AA,CC,CC,AT,GT,GT,GG,TT,TT,AA,CC,TT,TT,CC,TT,CC,TT,TT,NN,AA,TT,CC,AA,CC,GG,GG,GG,CC,GG,CC,NN,TT,AA,GT,AG,GG,TT,AT,CG,AC,GG,AA,AA,GG,CC,TT,AT,AA,GG,AC,GG,TT,TT,NN,TT,TT,CC,GG,TT,GG,AG,GG,CC,AA,GG,AC,AT,GG,TT,TT,GG,GG,GT,CC,AA,GG,AA,AT,CC,TT,CC,GT,TT,TT,GT,AG,CC,AC,TT,CT,CT,GG,AG,AA,TT,TT,CG,AA,AA,AA,CT,GG,NN,CG,TT,AA,AC,TT,CC,AG,CC,GG,CC,GG,CC,AG,CC,CC,AC,CC,AA,TT,AC,AA,CC,CC,AA,AT,AA,AA,GG,CC,CC,GG,AA,AA,AA,AC,GG,CC,CC,AA,AA,GG,GT,GG,AA,TT,CT,GG,AC,GG,TT,TT,CC,AA,TT,TT,TT,AT,CG,CC,AG,CC,CC,AC,CG,CC,AA,GG,AA,CC,TT,CC,GT,GT,GG,AT,AA,AA,TT,CC,GG,AA,CC,CG,GG,GG,AA,CG,TT,CC,AA,CC,GG,AA,AC,AA,AT,GG,TT,TT,AT,GG,GT,AT,CC,TT,TT,AA,GG,AA,TT,CC,TT,CC,TT,AC,CC,TT,GG,AG,CG,AG,CC,TT,CT,GT,GG,TT,AC,CC,AA,GG,CC,CC,GG,CC,GG,AT,AA,CC,GG,GG,CC,CG,AA,AA,CG,AA,CC,AA,AA,AA,CG,AC,TT,AA,GG,AA,AC,AC,AA,AA,AA,AA,AA,TT,GG,AA,AG,AC,AA,CC,AA,AA,GG,AG,GG,TT,AA,AG,TT,TT,TT,AA,AA,GG,GG,AA,6.84,Moderate,Low,Standard,Early
L0420,Anantapur,Andhra Pradesh,Kharif,Red Sandy,Rainfed,390,31.0,52,AA,TT,AG,AA,GG,CC,GG,TT,CC,CG,AA,CC,CC,TT,TT,GG,GG,TT,TT,AA,CC,TT,TT,CC,TT,CC,TT,AT,GG,AA,TT,CC,AG,CC,GG,CG,GG,CG,GG,CC,TT,CT,AA,TT,AA,GG,TT,TT,CC,AA,GG,AA,AA,GG,CC,TT,AA,AC,GG,AA,AG,TT,AT,AA,TT,AT,CC,GG,TT,GT,AG,GG,CC,AA,GG,AC,AT,GG,TT,TT,GG,GG,GG,CC,AT,GG,AA,AA,NN,TT,AC,TT,CT,TT,GG,GG,TT,CC,GT,CC,CT,NN,AG,AA,TT,TT,CC,AA,AG,AA,CT,GG,TT,CC,GT,AC,AA,TT,CC,AA,CC,GG,CC,TT,TT,AA,CC,CC,AC,CC,AA,TT,CC,AA,CC,NN,NN,TT,AG,AA,GG,CC,CC,GG,AG,AA,AA,CC,GG,CC,CC,AA,AG,GG,TT,GG,AA,GT,CC,GG,CC,TT,NN,CT,CC,AT,GT,TT,AA,NN,GG,CC,AG,CC,CC,CC,CG,CC,AA,GG,AG,CC,TT,CC,GT,TT,CG,AT,AG,AA,GT,CC,GG,AA,CC,CC,GG,AG,AA,GG,CT,AA,AA,CC,GG,AT,CC,AA,AT,GG,TT,AA,TT,GG,GT,AT,CC,AT,TT,AT,GG,AA,TT,AA,TT,CC,TT,AC,CC,CT,GG,AA,CG,AG,CC,TT,TT,TT,GG,TT,AA,CC,AA,GG,CC,CC,GG,CC,GG,AT,AA,CG,GT,GG,CC,CC,AA,AG,CG,AT,CG,AA,AA,CC,CG,AA,NN,AA,GG,AA,AA,AC,AC,AG,AA,AA,AA,AT,GG,AA,AA,CC,NN,CT,AA,AA,GG,GG,GG,TT,AA,AA,TT,TT,TT,AG,AA,GG,CG,AA,2.02,Susceptible,Low,Premium,Late
L0421,Anantapur,Andhra Pradesh,Kharif,Red Sandy,Rainfed,390,31.0,52,CC,TT,GG,GG,GG,CG,GT,AT,CC,CG,AA,NN,CC,TT,TT,GT,GG,TT,TT,AA,CC,GT,GT,CC,TT,CC,TT,AT,GG,AA,CT,CC,AA,AC,GG,GG,NN,CG,GG,CC,TT,CT,AA,TT,AG,GG,TT,AA,CC,CC,GG,AT,AA,GG,CT,GT,AA,AC,GG,AA,AG,TT,AT,AA,TT,TT,CC,GG,TT,GG,AA,GG,CC,AA,AG,AC,AT,GG,TT,TT,GG,GT,GT,CC,AT,AG,AA,AT,CC,TT,CC,GT,CC,AT,TT,GG,CT,NN,GT,CC,CT,GG,AA,AA,NN,TT,CC,AA,GG,AA,CC,GG,GT,CC,GT,AA,AA,TT,CC,GG,CG,GG,CT,GT,NN,AA,CC,CC,CC,CC,AA,TT,CC,AA,CC,CC,AA,TT,AA,AA,GG,NN,CC,GG,AA,AG,AA,AC,GG,CC,CC,AG,GG,AG,TT,AG,AA,TT,TT,GG,CC,GG,GT,TT,GG,AA,GT,TT,AT,TT,GG,CC,GG,CT,CC,CC,CG,CC,AA,GG,AG,CC,TT,CG,GG,TT,GG,AT,AA,AG,TT,CC,GG,AA,AC,CC,GG,GG,AC,GG,TT,AA,AA,CC,GT,AT,CC,AA,AT,GT,TT,AA,AA,GG,GG,AT,CC,TT,GT,AA,GG,NN,TT,AC,TT,CG,CT,AA,AC,CT,GG,AG,CC,AA,CC,AT,TT,GT,GG,TT,AA,CC,AA,GT,CC,CG,GG,CC,GG,TT,AA,CC,TT,GG,CC,CG,AA,AG,CC,NN,CC,AA,AA,AA,CC,CC,AT,AA,GG,AA,AA,AA,AA,AA,AG,AG,AA,AT,CG,AC,AG,AC,AA,CT,AA,AA,GG,GG,GG,NN,AA,AA,TT,TT,TT,AA,TT,GG,GG,AA,4.15,Susceptible,Low,Premium,Late
L0422,Anantapur,Andhra Pradesh,Kharif,Red Sandy,Rainfed,390,31.0,52,AA,TT,GG,AG,GG,CC,GG,TT,CC,CC,AA,CC,CG,TT,TT,GG,GG,TT,TT,AA,CC,GT,TT,CC,TT,CC,TT,TT,GG,AA,TT,CC,AA,CC,GG,GG,GG,CC,GG,NN,TT,TT,AA,GT,AA,GG,TT,TT,CC,AC,GT,AA,NN,GG,CC,GT,AA,AC,GG,AA,AA,NN,AT,GG,TT,AT,CT,GT,TT,GG,GG,GG,CC,AA,GG,AA,TT,AG,TT,TT,GG,GG,GT,CC,AT,GG,AA,AA,CC,TT,CC,TT,CC,AT,TT,GG,CT,CC,TT,CC,CC,GG,GG,AA,TT,TT,NN,AA,AG,AC,CC,GG,TT,CC,TT,AC,AA,TT,CG,GG,CC,GG,CC,GT,TT,AA,CC,CC,AC,CC,AA,GT,AC,AC,AC,CT,AA,TT,AA,AT,GG,CC,CC,GG,AG,AA,AA,CC,GG,CC,CC,AA,AA,AG,TT,GG,AA,NN,TT,GG,CC,TT,TT,TT,CC,AA,TT,TT,AA,TT,GG,CC,AA,CC,CC,CC,GG,CC,AA,GG,NN,CC,TT,CC,GT,GT,GG,TT,AA,GG,TT,NN,GG,AA,AC,CC,GG,GG,AC,GG,TT,AC,AA,CC,GT,TT,CC,AT,AT,GG,TT,TT,AT,GG,GT,AA,CC,AT,GT,AA,GG,AA,CT,AA,TT,CC,CT,AC,CC,TT,CG,AG,CC,GG,CC,TT,TT,TT,GG,TT,AA,AC,AG,GG,CC,CC,GG,CC,GG,AT,AG,CC,TT,GG,CC,CC,AA,GG,CC,AA,CC,AT,AA,CC,CC,AC,TT,AA,GG,AA,AA,AC,AA,GG,GG,AA,AA,AT,CG,AA,AG,CC,AC,TT,AA,AA,GG,GG,GG,TT,AT,NN,GT,TT,TT,AG,TT,GG,GG,AA,4.25,Moderate,Low,Standard,Late
L0423,Anantapur,Andhra Pradesh,Kharif,Red Sandy,Rainfed,390,31.0,52,AA,TT,AG,AG,GG,CC,GG,TT,CC,CC,AA,CT,CC,AT,GG,GG,GG,TT,TT,AA,CG,TT,GT,CC,TT,CC,TT,TT,GG,AA,CT,CC,AA,CC,GG,GG,GG,CC,GG,CC,TT,CT,AA,TT,AG,GG,TT,TT,CC,CC,GG,AA,AA,GG,CC,GT,AA,AA,TT,AA,AA,GT,TT,AG,TT,AT,CC,GG,TT,GT,AA,GG,CC,AA,GG,AC,AT,AG,TT,TT,NN,GG,GG,CC,AT,GG,AA,TT,CC,GT,AA,TT,CC,TT,GT,GG,TT,CC,GT,CC,CT,CC,AG,AA,TT,TT,CC,AA,AG,AA,CC,GG,TT,CC,GT,NN,AC,TT,CC,GG,CC,GG,CC,GG,CT,AG,CT,CC,CC,CC,AA,TT,CC,AA,CC,CC,AA,TT,AA,AA,GG,CC,CC,GG,AG,AA,AA,CC,TT,CC,CC,AA,AG,AG,GT,GG,AC,GT,CT,AG,CC,TT,GT,TT,CC,AA,TT,CT,AA,AT,GG,CC,AG,CC,CC,CC,CG,CC,AA,GG,AA,CC,GT,CC,GG,GT,GG,TT,AA,AA,GT,CC,CG,AA,CC,CC,GG,GG,AC,GG,TT,AC,AA,CC,GT,AA,CC,AA,AA,TT,TT,TT,AA,GG,GT,AA,CC,AT,TT,AA,GG,AA,TT,AA,TT,CC,CT,AC,CC,TT,GG,AA,CC,GG,CC,TT,TT,GT,GG,TT,AA,AA,AG,GG,CC,CC,GG,CC,NN,AT,AA,CC,GT,GG,CC,CC,AA,GG,CC,AA,CC,AA,AA,CC,CC,AC,AT,AG,GG,AA,AC,AA,AA,GG,AA,AA,NN,AT,GG,AA,AA,CC,AC,CT,AA,AA,GG,GG,CG,GG,AT,AA,TT,TT,TT,AG,TT,GG,GG,AA,3.88,Moderate,Low,Premium,Early
L0424,Anantapur,Andhra Pradesh,Kharif,Red Sandy,Rainfed,390,31.0,52,AA,TT,GG,AA,CG,CC,GG,TT,CC,CG,AA,CC,CG,TT,GT,GT,GG,TT,TT,AA,CG,TT,NN,CC,TT,CC,TT,AT,GG,AA,TT,CC,AA,CC,GG,GG,GG,CG,GG,CC,TT,TT,AC,GT,AG,AG,TT,TT,CC,CC,GT,AA,AA,GG,CC,TT,AA,AC,GG,CC,AA,GT,AT,AA,CT,TT,CC,GG,TT,GG,AA,GG,CC,AA,GG,AA,AA,GG,TT,TT,GG,GG,GG,CC,AA,GG,AA,AA,CC,GG,CC,TT,CC,TT,GT,GG,TT,CC,TT,CC,CT,NN,AA,AA,AT,TT,CC,AA,AA,AC,CT,GG,TT,CG,TT,AC,AC,AT,CC,AG,CG,AG,NN,NN,TT,AG,CC,CC,CC,CC,AA,NN,CC,AA,CC,CC,AA,TT,NN,AA,GG,CC,CC,GG,AA,AG,AA,CC,GG,CC,CC,AA,AA,GG,GT,GG,AC,TT,CT,GG,CC,TT,TT,TT,CC,AT,GT,TT,AA,TT,GG,CC,AG,CT,CC,CC,CG,CC,AA,GG,AG,CC,TT,CC,GT,TT,GG,AT,AA,AA,GT,CC,GG,AC,CC,CC,GG,GG,CC,GG,TT,AA,AA,CC,GG,AA,CC,AA,AA,GG,TT,TT,AA,GG,GT,AA,CC,TT,GT,AA,GG,AG,CT,AA,TT,CC,CT,AC,CC,CT,CC,AG,CC,AG,CC,AT,CT,GT,GG,TT,AA,AA,AA,GG,CC,CC,GG,CC,GG,AT,AA,CC,TT,GG,CG,CC,AT,GG,CC,AA,CC,AT,AA,AC,CC,AC,TT,AA,CG,AA,AA,AA,AA,AG,AA,AA,AA,AT,CG,AA,AA,CC,AA,TT,AG,AA,GG,GG,GG,GT,AA,AA,TT,AT,TT,AG,TT,GG,GG,AA,3.41,Susceptible,Low,Poor,Early
L0425,Anantapur,Andhra Pradesh,Kharif,Red Sandy,Rainfed,390,31.0,52,AA,TT,GG,AG,GG,NN,GT,AT,CC,CG,AA,CC,CC,TT,GT,GT,CG,TT,TT,AG,CC,TT,GT,CC,TT,CC,TT,AT,GT,AA,TT,CT,AA,CC,AG,CG,GG,CC,GG,CC,TT,TT,AA,TT,AG,AG,TT,AT,CC,AC,GG,AA,AA,GG,TT,TT,AA,AC,GG,AC,AA,TT,AA,AA,TT,TT,CC,GG,TT,GG,AA,GG,AC,AA,AG,AA,AT,GG,TT,TT,GG,GG,GG,CC,AA,GG,AA,AA,CC,GT,CC,NN,CT,AT,TT,GG,TT,CC,TT,CC,CC,CC,AG,AA,TT,TT,CG,AA,GG,AA,TT,GG,NN,CC,TT,AC,AA,TT,CC,AG,CC,AG,CC,GG,TT,AG,CT,CC,AC,CC,AA,TT,CC,AA,CC,CC,AA,TT,AA,AA,GG,NN,CC,AG,AA,AG,AA,AC,GG,CC,CC,AA,AA,AG,TT,GG,AC,TT,CT,AA,CC,GT,TT,TT,CG,AA,TT,TT,AT,TT,GG,CC,AA,CC,CC,CC,CG,CC,AA,GG,AG,AC,TT,CG,GT,TT,GG,AT,AA,AG,GT,AC,CG,AC,AC,CC,GG,AG,AA,GG,TT,AC,AA,CC,GG,AT,CC,AA,AA,GG,TT,AT,AA,GG,GG,AT,CC,TT,TT,AA,GG,AA,TT,AA,TT,CC,TT,AC,CC,TT,GG,AG,CC,AG,AC,TT,TT,GT,GG,TT,AA,AC,AG,GG,CC,CC,GG,CC,GG,AT,AA,CC,TT,GG,CC,CC,AA,GG,CG,AT,CC,AT,AA,CC,CC,AC,AT,AA,GG,AA,AA,AA,AA,AG,AG,AA,AA,TT,GG,AC,AA,AC,AA,CC,AA,AA,GG,GG,GG,TT,AA,AA,TT,AT,TT,AG,TT,GG,CG,AA,3.64,Susceptible,Low,Standard,Early
L0426,Anantapur,Andhra Pradesh,Kharif,Red Sandy,Rainfed,390,31.0,52,AA,TT,AG,AG,GG,CC,GG,TT,CC,GG,AA,CC,CC,TT,TT,GG,CG,TT,TT,AA,CC,GG,TT,CC,AT,CC,GT,TT,GT,AA,TT,CC,AA,CC,GG,CG,GG,CC,GG,CC,TT,CT,AA,GT,AA,AG,TT,AT,CC,AA,GG,AA,AA,GG,TT,TT,AA,AC,GT,AA,AA,TT,AT,AG,TT,TT,CC,GG,TT,GT,AA,GG,CC,AA,AG,AA,AA,GG,TT,TT,GG,GT,GG,CC,TT,GG,AA,AA,GG,TT,CC,TT,CC,TT,TT,GG,CT,CC,TT,CT,CC,CG,AG,AA,TT,TT,CG,AA,AG,AA,CC,GG,TT,CC,GT,AA,AC,TT,CG,GG,CC,GG,CC,GG,TT,AA,CC,CC,AC,CC,AA,TT,CC,AA,CC,CC,AG,TT,AA,AA,GG,CC,CG,GG,AG,AA,AA,CC,GG,CC,CG,AG,AA,GG,TT,GG,AA,TT,CT,GG,CC,GT,GT,TT,CC,AT,GT,TT,TT,TT,GG,CC,AA,CT,CC,CC,GG,AC,AA,GG,AA,CC,TT,CG,GG,TT,CG,AT,AG,AA,TT,CC,GG,AC,AC,CC,GG,GG,CC,GG,TT,AC,AA,CC,GG,AA,CC,AA,AT,GT,TT,TT,AA,GG,GT,AA,CC,AT,TT,AT,GG,AA,CC,AA,TT,NN,CT,AA,NN,TT,GG,AG,CC,AG,AC,TT,TT,GT,GG,AT,AA,CC,AA,GG,CC,CG,GG,CC,GG,TT,AG,CG,TT,GG,CC,CC,AT,GG,CC,AA,CC,AA,AA,AA,CG,AA,TT,AG,GG,AA,AA,AC,AA,GG,GG,AA,AA,TT,GG,AA,AA,AC,AC,TT,AA,AA,GG,GG,GG,TT,AA,AA,GT,TT,TT,AG,TT,GG,CG,AA,0.43,Susceptible,Medium,Premium,Medium
L0427,Anantapur,Andhra Pradesh,Kharif,Red Sandy,Rainfed,390,31.0,52,AA,TT,AG,AA,GG,CC,GG,AT,CC,CG,AA,CC,CC,TT,GT,GG,GG,TT,TT,AA,CG,TT,TT,CT,TT,CC,TT,AT,GT,AC,TT,CC,AA,AC,GG,GG,GG,CG,GG,CC,TT,CT,AA,GT,AG,GG,TT,TT,CC,AC,GG,AT,AA,GG,CT,TT,AA,AA,GG,AA,AA,TT,TT,GG,TT,TT,CC,GG,TT,GG,AG,GG,CC,AA,NN,AC,AA,AG,TT,TT,GG,GG,GG,CC,AA,GG,AA,AT,CC,TT,CC,GT,CT,AT,TT,GG,TT,AC,TT,CC,CC,GG,AG,AA,TT,TT,CG,AA,GG,AA,CC,GG,GT,CC,GT,AA,AA,TT,CC,AG,CC,GG,CT,GT,TT,NN,CC,CC,CC,CG,AA,TT,CC,AA,CC,CC,AA,AT,NN,AA,GG,CC,CC,GG,AA,AA,AT,CC,GG,CC,CC,AA,AG,AG,TT,GG,NN,TT,CT,GG,AC,TT,GT,TT,CG,AT,GT,TT,AT,TT,GG,CC,AA,TT,CC,CC,GG,AC,AA,GG,AA,CC,TT,CC,GG,TT,CG,AT,AA,AA,TT,CC,GG,AC,AC,CC,GG,AG,AC,GG,CT,AC,AA,CG,GG,AT,NN,AT,AT,GG,TT,NN,AA,CG,GG,AA,CC,TT,GT,AA,GG,AA,CT,CC,TT,CC,TT,AA,CC,CT,CG,AA,CC,AG,CC,AT,CC,GT,GG,TT,AC,AC,AA,GG,NN,CC,GG,CC,GG,AT,AA,CG,TT,AG,CC,CC,AA,AG,CC,AT,CG,AA,AA,AC,CC,CC,TT,AA,GG,AA,AA,AA,AA,AG,AA,AA,AA,AT,NN,AA,AA,AA,AA,TT,AA,AA,GG,GG,GG,TT,AT,AG,TT,TT,TT,GG,TT,GG,GG,AC,1.76,Resistant,High,Premium,Early
L0428,Anantapur,Andhra Pradesh,Kharif,Red Sandy,Rainfed,390,31.0,52,AA,TT,AG,AG,GG,CG,GT,AT,NN,CG,AA,CC,CC,TT,TT,GG,GG,AT,AT,AA,CG,TT,TT,CT,AT,CC,TT,AT,TT,AA,TT,CC,AA,CC,GG,GG,GG,CC,GG,CC,GT,TT,AA,GT,AG,AA,TT,TT,CC,CC,GT,AT,AA,GG,NN,TT,AA,AA,GT,AC,AA,TT,AT,AG,CT,AT,CC,GG,TT,GT,AG,GG,CC,AA,GG,CC,AA,GG,TT,TT,GG,GG,GG,CC,AT,GG,AG,AA,CC,TT,CC,TT,CT,TT,TT,GG,NN,CC,TT,CT,CC,GG,AG,AA,AT,TT,CC,AA,AG,AC,CC,GG,TT,CC,TT,AA,AA,TT,CG,AG,CC,GG,CC,GG,TT,GG,CC,CC,CC,CC,AG,TT,CC,AA,CC,CC,AA,TT,AA,AA,GG,CC,CC,GG,AA,AA,AT,CC,GT,CC,CC,AA,AA,GG,GT,GG,CC,GT,CC,GG,CC,GT,GT,TT,CC,AT,TT,TT,AA,TT,GG,CC,AA,CT,CC,CC,CC,CC,AA,GG,AA,CC,TT,CC,GG,TT,GG,AT,NN,AA,TT,CC,GG,AA,CC,CC,GG,GG,AC,GG,TT,AA,AG,CC,GG,AT,CC,AA,AT,GT,GG,AT,AA,CG,GG,AT,CG,AT,GT,AA,AG,AA,CC,AA,TT,CC,TT,AC,CC,CT,CC,AG,CC,GG,CC,AT,CT,TT,GG,TT,AA,AA,AG,GT,CC,CC,GG,CG,GG,NN,AA,CC,TT,GG,CC,CC,AT,GG,CC,AA,CC,AT,AA,CC,CG,CC,AA,AA,GG,AA,AA,AA,AA,AG,AG,AG,AA,TT,GG,AA,AA,CC,AA,TT,AA,AA,GG,GG,GG,TT,AA,AG,GT,TT,TT,AG,TT,GG,GG,AA,2.05,Resistant,High,Premium,Medium
L0429,Anantapur,Andhra Pradesh,Kharif,Red Sandy,Rainfed,390,31.0,52,AA,TT,GG,AG,GG,CG,GG,TT,CC,CC,AT,CT,CG,AT,TT,TT,GG,TT,TT,AA,CC,GT,GG,CT,TT,CC,TT,TT,GT,AA,CT,CC,AA,CC,GG,CG,GG,CC,GG,AC,TT,TT,AA,TT,AG,GG,CT,NN,CG,AA,GT,AA,AG,GG,CT,TT,AA,AC,GG,AA,AA,TT,AT,AG,TT,TT,CC,GG,TT,GG,AA,GG,CC,AA,GG,AC,TT,GG,TT,TT,GG,GG,GT,CC,AA,GG,AA,AA,CC,GT,CC,TT,CC,TT,TT,GG,TT,CC,TT,CC,CC,CG,AG,AA,NN,TT,CC,AA,GG,AC,CT,GG,TT,CC,GG,CC,AC,TT,NN,AA,CC,GG,CC,GT,TT,AA,CC,CC,CC,CC,AA,TT,CC,AA,CC,CC,AA,TT,AA,AA,GG,CC,CC,GG,AA,AG,AA,AC,GT,CC,CC,AA,GG,GG,GT,NN,AA,NN,TT,GG,CC,TT,TT,CT,CC,AT,TT,TT,AA,TT,CG,CC,AG,CT,CC,CC,CG,CC,AA,GG,GG,CC,TT,CC,GG,GT,CC,AA,NN,AG,TT,CC,CG,AA,CC,CC,CG,GG,AA,GG,TT,AA,AA,CC,GG,AA,CC,AA,AT,GG,TT,AA,AA,GG,GG,AT,CC,TT,GT,AA,GG,AA,TT,AA,AT,CC,TT,CC,NN,TT,GG,AG,CC,AG,AC,TT,TT,GG,GG,TT,AC,CC,AA,GG,CC,CC,GG,CG,GG,TT,AA,CC,GT,GG,CC,CC,AA,GG,CC,AT,CC,AA,AA,CC,CC,AC,TT,AA,GG,AA,AA,AA,AA,GG,AG,GG,AA,TT,GG,AA,AG,AC,AA,CT,AA,AA,GG,AG,GG,TT,AA,AA,TT,TT,TT,AG,AA,GG,GG,AC,1.88,Moderate,Medium,Premium,Late
L0430,Anantapur,Andhra Pradesh,Kharif,Red Sandy,Rainfed,390,31.0,52,AA,TT,AA,AG,GG,CC,GT,AT,CC,GG,TT,CT,CG,TT,TT,GG,GG,TT,TT,AG,CC,GT,GT,CT,TT,CC,TT,TT,GT,AA,CT,CC,AA,CC,GG,CG,GG,CG,GG,CC,TT,TT,AA,TT,AA,AG,CT,TT,CC,NN,GG,AA,AG,GG,CC,GT,AA,AC,TT,AC,AG,TT,AA,AA,TT,AA,CC,GG,TT,GT,AG,GG,AC,AA,AG,AA,AA,GG,TT,TT,GG,GT,GG,CC,AA,GG,AA,AA,CC,TT,CC,TT,CC,TT,GT,GG,TT,CC,TT,CC,CC,CG,GG,AA,TT,TT,CC,AA,NN,AA,CC,GG,TT,GG,GT,AA,AA,TT,CC,GG,CC,GG,CC,GG,TT,AA,CT,CC,CC,CC,AA,TT,CC,AA,CC,CT,AA,AA,AA,AA,GG,CC,CC,GG,AA,AA,AA,CC,GG,CC,CG,AA,AA,AA,GT,GG,AC,GG,CT,GG,CC,TT,GT,TT,CG,AA,GT,TT,AA,TT,GG,CC,AG,TT,CC,CC,GG,CC,AA,GG,AG,CC,TT,GG,GG,TT,GG,TT,AG,AA,TT,AC,CG,AA,CC,CC,GG,GG,AC,CG,TT,AA,NN,GG,GT,AT,CC,AA,AT,GG,TT,TT,AA,CG,GT,AT,CC,AT,TT,AA,GG,AA,CT,AA,TT,GG,TT,AC,CC,TT,CG,AA,CC,AA,CC,TT,TT,GT,GG,AT,AA,AC,AG,GG,CC,CC,GG,CC,GG,AT,AG,CC,GT,GG,CC,CC,AA,GG,NN,AT,CC,AA,AA,CC,CC,AC,TT,AA,GG,AA,AA,AA,AA,AG,AA,NN,AA,TT,GG,AA,AG,AC,AC,TT,AA,AG,GG,GG,GG,TT,AT,AA,TT,TT,AT,AG,TT,GG,GG,AA,0.4,Moderate,High,Standard,Medium
L0431,Anantapur,Andhra Pradesh,Kharif,Red Sandy,Rainfed,390,31.0,52,AA,TT,GG,AA,GG,GG,GG,AT,CC,CC,AA,CC,GG,TT,GT,GT,GG,TT,AT,AG,CC,TT,TT,CC,TT,CC,GT,TT,GG,AA,CT,CC,AA,CC,GG,CG,GG,CG,GG,CC,TT,TT,AA,TT,AG,AG,TT,TT,CC,AC,GG,AA,AA,GG,CC,GT,AA,AC,TT,AA,AG,TT,TT,AG,TT,AT,CC,GT,TT,GG,AA,GG,AC,AG,GG,CC,AA,GG,GT,TT,GG,GT,GT,CC,AA,GG,AA,TT,CC,GT,AC,GT,CC,TT,TT,GG,CT,CC,GT,CT,CC,GG,AA,AG,TT,TT,CC,AA,AA,AA,CT,GG,TT,CC,TT,AA,AA,TT,CC,AG,CC,AG,CC,GT,CT,AA,CC,CC,CC,CC,AA,TT,CC,AA,CC,CC,AA,AT,AA,AA,GG,CC,CC,GG,AA,AG,AA,CC,GT,CC,CC,AA,AG,AG,TT,GG,AC,GT,TT,GG,CC,GT,TT,TT,CC,AA,GT,CT,AA,TT,GG,CC,GG,CC,CC,CC,CG,CC,AA,GG,AG,CC,TT,CG,GG,TT,GG,AT,AA,AA,GT,CC,GG,AA,AC,CC,NN,GG,AC,GG,TT,AA,AA,CC,GG,AT,CC,AA,AT,GG,GT,TT,NN,GG,GT,AA,CG,TT,GG,AA,GG,AA,TT,NN,TT,CC,CT,AA,CC,TT,GG,AG,CC,AG,CC,TT,TT,TT,GG,TT,AA,AC,AG,GG,CC,CG,GG,CC,GG,AT,AA,CC,GT,GG,CC,CC,AT,GG,CG,AA,CC,AT,AA,CC,CC,CC,AT,AA,GG,AA,AA,CC,AA,GG,AA,AA,AA,TT,GG,AA,AG,CC,AA,CT,AG,AG,GG,GG,GG,TT,AT,AA,TT,TT,TT,AA,TT,GG,GG,AA,6.8,Moderate,Low,Standard,Early
L0432,Anantapur,Andhra Pradesh,Kharif,Red Sandy,Rainfed,390,31.0,52,AA,TT,GG,AG,GG,CC,GG,TT,CC,CC,AA,CC,CC,AT,GT,GG,GG,TT,TT,AG,CC,TT,TT,CC,TT,CC,GT,TT,GG,AA,TT,TT,AA,CC,GG,GG,GT,CC,GG,CC,TT,CT,AC,TT,AA,GG,TT,TT,CG,AC,GG,AA,AG,GG,CT,GT,AA,AA,TT,AA,AA,GT,AA,AG,TT,TT,CC,GG,TT,GG,AA,GG,CC,AA,GG,AA,AT,GG,TT,TT,GG,GT,GT,CC,AA,GG,AA,TT,CC,GT,CC,GT,CC,AT,TT,GG,TT,CC,GT,NN,CC,CC,AG,AA,TT,TT,CC,AA,AA,AA,CT,GG,TT,GG,TT,AC,AC,TT,CC,GG,CC,GG,CC,TT,CT,AA,CC,NN,CC,CC,AA,TT,AC,AA,NN,CC,AA,TT,AA,AT,GG,CC,CC,NN,AA,AA,AA,AC,GT,CC,CC,AG,AA,GG,GT,GG,AC,GT,CC,GG,CC,GT,TT,TT,CC,AT,TT,TT,AA,AT,GG,CC,AA,CT,CC,CC,GG,CC,AA,GG,AG,CC,TT,GG,GG,TT,GG,TT,AA,AA,TT,AC,GG,AA,CC,CC,GG,GG,AC,CG,TT,AC,AA,CC,GG,AT,AA,AA,AA,GG,TT,TT,AT,GG,GT,AA,CG,AT,GT,AA,GG,AA,TT,AA,NN,CC,TT,AC,CC,CT,GG,AG,CC,AG,AC,TT,TT,TT,GG,TT,AA,CC,AA,GT,CC,CC,GG,NN,GG,AT,AG,CC,GT,GG,CC,CG,AT,GG,CG,TT,CG,AA,AA,AC,CC,AA,TT,AG,GG,AA,AA,AC,AA,GG,GG,AA,AA,AT,CG,AC,AA,CC,AA,CT,AG,AG,GG,GG,GG,TT,AA,AG,TT,TT,TT,AG,TT,GG,GG,AC,1.99,Resistant,Low,Premium,Medium
L0433,Anantapur,Andhra Pradesh,Kharif,Red Sandy,Rainfed,390,31.0,52,AA,TT,GG,AA,GG,CC,GT,TT,CC,CC,AA,CC,CG,TT,TT,GG,GG,TT,TT,AA,CC,TT,TT,CC,TT,CC,TT,AT,GT,AC,TT,CC,AA,CC,GG,CG,GG,CC,GG,CC,TT,CT,AA,GT,GG,GG,TT,TT,CC,AC,GG,AA,AA,GG,CC,TT,AA,AA,GG,AC,AA,TT,AT,AG,TT,AT,CC,GG,TT,GT,GG,GT,AC,AA,AG,AA,TT,GG,TT,TT,GG,NN,GG,CC,AA,GG,AA,AA,CC,TT,CC,TT,CC,TT,TT,GG,TT,CC,GT,CC,CC,CC,AA,AA,TT,TT,CC,AA,AA,AA,CT,GG,TT,CG,TT,AA,AC,TT,CC,GG,CC,GG,CC,GG,TT,AG,CC,CC,CC,CC,AA,TT,CC,AA,CC,CC,AA,AT,AA,AA,GG,CC,CC,GG,AA,AA,AA,NN,TT,CC,CC,AG,AA,GG,GT,GG,AC,GT,CT,GG,CC,TT,TT,TT,CC,AA,GT,CT,AA,AT,GG,CC,AG,CC,CC,CC,GG,CC,AA,GG,AG,CC,TT,CC,GG,TT,GG,AT,AA,AG,TT,CC,GG,AA,CC,CC,GG,GG,AA,GG,TT,AA,AG,CC,GG,AA,CC,AT,AA,GG,TT,AT,AT,CG,GG,AA,CC,TT,GG,AA,GG,AA,CT,AA,TT,CC,TT,AA,CC,CC,GG,AG,CC,GG,CC,TT,TT,TT,GG,TT,AA,AC,AA,GG,CG,CC,GG,CG,GG,AT,AA,CC,TT,NN,CC,CC,AA,AG,CG,AA,CG,AT,AA,CC,CC,CC,TT,AA,GG,AA,AA,AC,AA,AG,AA,AA,AA,AT,CG,AA,AG,AC,AC,TT,AA,AA,GG,GG,CC,TT,AT,AA,GT,TT,TT,GG,NN,GG,GG,AA,2.64,Moderate,Low,Premium,Medium
L0434,Anantapur,Andhra Pradesh,Kharif,Red Sandy,Rainfed,390,31.0,52,AA,TT,AG,GG,GG,CC,GG,TT,CC,CC,AA,CC,CG,TT,TT,GG,CC,TT,TT,AA,CC,TT,TT,CC,TT,CC,TT,AT,GG,AA,TT,CC,AA,CC,GG,CG,GG,CC,GG,CC,TT,TT,AC,TT,AA,AG,CT,TT,CG,AA,GG,AA,AA,GG,CT,TT,AA,AC,GG,AC,AG,GT,AT,NN,TT,TT,CC,GG,TT,GT,AA,GG,AC,AA,AG,AA,AT,GG,TT,TT,AG,NN,GG,CC,AT,GG,AA,AA,CG,TT,AC,TT,CC,NN,GT,GG,TT,CC,TT,CC,CC,CC,GG,AA,TT,TT,CC,AA,AG,AA,TT,GT,TT,CC,TT,AA,AA,TT,CC,AG,CC,GG,CC,GT,TT,AG,CC,CC,CC,NN,AA,TT,AC,AA,CC,CC,AA,AT,AA,AA,GG,CC,CC,GG,AA,AA,AA,CC,GG,CC,CG,AA,AA,GG,TT,GG,AA,TT,TT,AG,NN,TT,TT,CT,CC,AT,GT,TT,TT,TT,GG,CC,GG,CC,CC,CC,NN,CC,AA,GG,GG,AC,TT,CC,GT,TT,GG,TT,AA,GG,TT,AC,GG,AA,CC,CC,GG,GG,AC,GG,TT,AA,AA,CC,GG,AT,AC,AT,AT,GG,TT,TT,AA,CG,GG,AA,CG,AA,GG,AA,GG,AA,TT,AC,TT,CC,TT,AC,CC,TT,CG,AA,CC,AG,CC,TT,TT,TT,GG,TT,AA,CC,AG,GG,CC,CG,GG,CC,GG,TT,AG,GG,TT,GG,CC,CC,AA,AG,CC,AA,CC,AA,AA,CC,GG,AC,TT,AA,GG,AA,AC,AA,AA,NN,GG,AG,AA,TT,CG,AC,AA,CC,AA,CT,AA,AA,CG,GG,GG,TT,AT,AA,GT,TT,TT,AG,AT,GG,GG,AC,3.77,Resistant,Low,Poor,Late
L0435,Anantapur,Andhra Pradesh,Kharif,Red Sandy,Rainfed,390,31.0,52,AA,CT,AG,GG,GG,CC,GG,TT,CC,CG,AT,CC,NN,TT,TT,GG,GG,TT,TT,AA,CG,TT,TT,CC,TT,CC,TT,TT,GG,AA,TT,CC,AA,CC,GG,GG,GG,CC,GG,CC,TT,CT,AC,TT,AA,AG,TT,AT,CG,CC,GG,NN,AA,GG,CC,TT,AA,CC,TT,AA,AA,TT,AT,AA,CT,TT,CC,GG,TT,GG,AG,GG,CC,AA,GG,AA,AA,GG,TT,TT,GG,GG,GG,NN,AA,AG,AG,AT,CC,NN,AC,TT,CC,TT,TT,GG,TT,AC,TT,CC,CT,CG,GG,AA,TT,TT,CG,AA,AG,AC,CC,GG,TT,CC,TT,AA,AA,TT,CC,GG,CC,GG,CC,GT,CT,AA,CC,CC,CC,CC,AA,TT,AC,AA,CC,CC,AA,TT,AA,AT,GG,NN,NN,GG,AA,AA,AA,CC,GT,CC,CC,AA,AG,AG,TT,GG,AA,GG,CT,GG,CC,TT,TT,CT,CC,AA,GG,TT,AA,TT,GG,CC,AG,CC,CC,CC,CG,CC,AA,GG,AG,CC,TT,CC,GG,TT,GG,AT,AA,AG,TT,CC,GG,AA,CC,CC,GG,GG,AC,GG,TT,AC,AA,CG,GG,AT,CC,AA,AA,GG,GT,AT,AA,GG,GT,AA,CC,AT,GG,AA,GG,AA,CT,AA,TT,CC,TT,AA,CC,TT,GG,AG,CC,AA,AC,TT,TT,NN,GG,AT,NN,AC,AA,GG,CC,CG,GG,CC,GG,AA,AA,CC,GT,GG,CG,CC,AA,GG,CG,AT,CC,AT,AA,CC,CC,AC,TT,AA,GG,AA,CC,AA,AA,AG,AG,AG,AA,NN,GG,AC,AG,AC,AC,NN,AA,AA,GG,GG,GG,TT,AT,AA,GG,TT,TT,AG,TT,GG,NN,AA,4.7,Susceptible,Low,Standard,Early
L0436,Anantapur,Andhra Pradesh,Kharif,Red Sandy,Rainfed,390,31.0,52,AA,TT,AG,AA,GG,CC,GT,TT,CC,CC,AA,CC,CG,AT,TT,GT,CG,TT,TT,AG,CG,GT,GG,CC,TT,CC,TT,TT,GG,AA,TT,CC,AA,CC,GG,CG,GG,CG,GG,CC,TT,CC,AA,TT,AG,AA,CT,TT,CC,AC,GT,AT,AA,GG,CT,TT,AA,AA,TT,AC,AA,GT,TT,AA,CT,AT,CC,GG,TT,GG,AA,GG,CC,AG,GG,AC,TT,GG,TT,TT,GG,GG,GT,AC,AA,AG,AA,AA,CC,GT,CC,TT,CC,TT,NN,GG,TT,AC,TT,CT,CC,CC,GG,AA,AT,TT,CC,AA,GG,AA,CC,GT,GT,CC,TT,AA,AA,TT,CC,GG,CC,NN,CC,GT,TT,AA,CC,CC,CC,CC,AA,TT,AC,AA,CC,CC,AA,AT,AA,AA,CG,CC,CC,GG,AA,AA,AA,AC,GG,CC,CC,AG,GG,GG,GT,GG,AC,GT,CT,AG,AC,TT,TT,TT,CG,AA,TT,TT,AA,TT,GG,CC,AG,CT,AC,CC,CG,CC,AA,GG,AG,CC,TT,CC,GT,TT,CG,TT,AA,GG,TT,CC,GG,AA,CC,CC,GG,GG,AA,GG,TT,AA,AA,CC,NN,AA,AC,AA,AA,GG,TT,TT,AT,CG,GG,AA,CC,TT,GT,AA,GG,AA,TT,AA,AT,CC,TT,AA,CC,CT,CG,AA,CG,AG,CC,TT,TT,GT,GG,AT,AC,CC,AA,GG,CC,CG,GG,CC,GG,AT,AA,CC,TT,GG,CC,CG,AA,GG,CG,AA,CG,NN,AG,CC,CG,AC,TT,AA,GG,AA,AA,AA,AA,NN,AA,AA,AG,TT,GG,AA,AG,AC,AA,CT,AA,AA,GG,GG,GG,TT,AT,AA,GT,TT,TT,GG,TT,GG,GG,AA,4.79,Susceptible,Medium,Poor,Late
L0437,Anantapur,Andhra Pradesh,Kharif,Red Sandy,Rainfed,390,31.0,52,AC,CT,GG,AA,GG,CC,GT,AT,CC,CC,AA,CT,GG,TT,GT,GG,GG,TT,TT,AA,CC,GT,TT,CT,AT,CC,TT,TT,GG,AA,TT,CT,AA,CC,GG,GG,GG,CC,GG,CC,TT,TT,AA,NN,AA,AG,CT,AT,CC,AC,GG,AA,AA,GG,CC,TT,AA,AA,GT,AA,AA,TT,TT,AA,TT,TT,CC,GG,TT,GG,AA,GG,CC,AG,GG,AA,AA,AG,TT,TT,GG,TT,GT,CC,AA,GG,AA,AA,CC,GG,CC,TT,CC,TT,TT,GG,TT,CC,TT,CC,CT,CC,GG,AA,TT,TT,CC,AA,AA,AA,CC,GG,TT,CC,TT,AA,AC,TT,CC,GG,CC,GG,CT,GG,CT,AA,CC,CC,CC,CC,AA,TT,CC,AA,CC,CC,AA,TT,AA,AA,GG,CC,CC,NN,AA,NN,AA,CC,GG,CG,CC,AA,AG,AG,TT,AG,AC,GT,CT,GG,CC,GT,TT,TT,CG,AA,TT,TT,AT,TT,GG,CC,AA,CT,CC,CC,CG,CC,AA,GG,AG,CC,TT,CC,GT,TT,CG,TT,AA,NN,TT,AC,GG,AA,CC,CC,GG,GG,AC,GG,CT,AA,AA,CG,GG,AT,CC,AA,AA,GG,TT,TT,AT,GG,GG,AT,CC,TT,TT,AA,GG,AA,CT,AA,TT,CG,TT,AA,CC,TT,GG,AA,CC,GG,CC,TT,CC,GT,NN,TT,AA,NN,AA,GG,CC,CC,GG,CC,GG,TT,AA,CC,TT,GG,CC,CC,AT,GG,CG,AA,CC,AA,AA,AA,CC,AC,TT,AA,GG,AA,AA,AA,AA,GG,AG,GG,AA,AT,GG,AA,AG,CC,AA,TT,AG,AA,GG,GG,GG,GT,AA,AA,TT,TT,TT,AG,TT,GG,GG,AA,2.9,Resistant,Medium,Poor,Early
L0438,Anantapur,Andhra Pradesh,Kharif,Red Sandy,Rainfed,390,31.0,52,CC,TT,GG,AA,GG,CC,GT,TT,CC,CC,AA,CC,CG,AT,TT,GT,GG,NN,TT,AA,CC,GT,GG,CC,TT,CC,GT,TT,GG,AA,TT,CC,AA,CC,GG,GG,GG,CC,GG,CC,TT,CT,AA,TT,AG,AA,TT,AT,CC,AA,GT,AT,AA,GG,CC,TT,AA,AC,GT,AA,AA,TT,TT,AG,TT,AT,CC,GG,TT,GG,AA,GT,CC,AA,GG,AA,AA,GG,TT,CT,NN,GT,GT,CC,AA,GG,AA,AA,CC,GT,AC,TT,CT,TT,TT,GG,TT,CC,GT,CC,CC,CG,AG,NN,TT,TT,CC,AA,AG,AC,CT,GG,TT,CC,TT,AA,AC,TT,CC,GG,CG,GG,CT,GT,CT,AA,CT,CC,NN,CC,AA,TT,CC,AA,CC,CC,AA,TT,AA,AA,GG,CT,CC,GG,AA,AG,AA,CC,GG,CC,CG,AA,AA,GG,TT,AG,AC,TT,CT,GG,AC,TT,GT,TT,GG,AT,GT,TT,AA,TT,GG,CC,AG,CC,AC,CC,CG,CC,AA,GG,AG,CC,TT,CC,GT,NN,CG,AT,AA,AA,TT,CC,GG,AA,AC,CG,GG,GG,AA,GG,CT,AC,AA,CC,GG,AA,AC,AA,AA,GG,TT,TT,AA,GG,GG,AT,CC,TT,TT,AA,GG,AA,TT,AA,NN,CC,CT,AC,AC,TT,CC,AG,CC,AG,NN,TT,TT,TT,GG,TT,AA,AC,AG,GG,CC,CG,GG,CC,GG,TT,AA,CC,GG,GG,CC,CG,AA,GG,CC,AT,CC,AT,AA,AC,CC,AC,TT,AA,GG,AA,AA,AC,AA,AG,GG,AA,AA,AT,GG,AC,AG,AA,AA,TT,AA,AA,GG,GG,GG,TT,AA,AA,GT,TT,TT,AG,TT,GG,GG,AA,4.3,Resistant,Low,Poor,Medium
L0439,Anantapur,Andhra Pradesh,Kharif,Red Sandy,Rainfed,390,31.0,52,CC,TT,GG,AG,GG,CC,GT,TT,CC,GG,AA,CC,NN,TT,TT,GG,GG,TT,TT,AA,CC,GT,TT,CC,TT,CC,TT,TT,GG,AA,TT,CT,AA,CC,GG,GG,GG,CG,GG,CC,TT,TT,AA,TT,AA,AG,TT,TT,CC,AC,GT,AT,AA,GG,CT,TT,AT,AA,GT,CC,AA,TT,TT,AA,TT,AT,CC,GG,TT,GG,AG,GT,CC,AA,AG,AA,AA,AG,GT,TT,GG,GG,GG,CC,AA,GG,AA,AA,NN,GT,CC,TT,CT,NN,TT,GG,TT,AC,TT,CC,TT,CC,AG,AA,TT,TT,CG,AA,AG,AA,CT,GG,TT,CC,TT,AA,AA,TT,CC,AG,CC,AG,CC,GG,TT,GG,CT,CC,CC,CG,AA,TT,CC,AA,CC,CT,AA,TT,AA,AT,GG,CC,CC,GG,AG,AA,AA,CC,GG,CC,CG,AA,AA,GG,TT,GG,AC,GT,TT,GG,AC,TT,TT,TT,CC,AA,GT,TT,AA,TT,GG,CC,AA,CC,CC,CC,GG,CC,AA,GG,AA,CC,TT,CC,GG,TT,GG,AT,AA,AA,TT,CC,GG,AA,CC,CC,GG,GG,AC,GG,TT,AC,AA,CC,GG,AA,CC,AA,AT,GT,TT,TT,TT,GG,TT,AT,CC,AA,GT,AA,GG,AA,TT,AA,AT,CC,TT,AA,CC,CT,CG,GG,CG,GG,AC,TT,CT,TT,GG,AT,AA,AC,AA,GG,CC,CG,GG,CC,GG,TT,AA,CC,TT,GG,CG,CC,AA,AG,CG,AA,CG,AA,AA,AC,CC,AC,NN,AA,GG,AA,AA,AA,AA,AG,AG,AA,AA,TT,GG,AC,AG,CC,AC,CT,AA,AA,GG,GG,CG,TT,AT,AG,TT,TT,TT,AA,TT,GG,CG,AA,1.56,Susceptible,Medium,Poor,Medium
L0440,Anantapur,Andhra Pradesh,Kharif,Red Sandy,Rainfed,390,31.0,52,AC,TT,NN,GG,GG,CC,GG,TT,CC,NN,AT,CC,CG,TT,TT,GG,CC,TT,TT,AG,CC,TT,GT,CT,TT,CC,GT,TT,GG,AA,TT,CC,AA,CC,GG,GG,GG,CG,GG,AC,TT,CT,AC,TT,AG,GG,TT,TT,CC,CC,GT,AA,AA,GG,CC,TT,AA,AA,GG,AA,AA,NN,AT,AA,CT,TT,CC,GG,TT,GT,AA,GG,CC,NN,AG,AA,AA,GG,TT,TT,GG,GT,GG,CC,AA,GG,AA,AA,CG,TT,CC,TT,CC,TT,TT,GG,CC,CC,TT,CC,CC,CC,GG,AG,TT,TT,CC,AA,AA,AA,CC,GG,GT,CC,GT,AA,AA,TT,CC,GG,CG,GG,CC,NN,TT,AA,CC,CC,CC,CC,AA,TT,AC,AA,CC,CC,AA,NN,AA,AA,GG,CT,CC,GG,AA,AA,AA,AC,GT,CC,CC,AA,AA,AG,TT,AG,AA,GG,TT,GG,CC,TT,GT,TT,CC,AA,TT,TT,AT,TT,CG,CC,GG,TT,CC,CC,CG,CC,AA,GG,AG,CC,TT,CC,GT,TT,CG,TT,AA,AA,TT,CC,GG,AA,CC,CC,GG,GG,AC,GG,TT,AC,AA,CC,GT,AA,AC,AT,AT,GG,TT,AA,AT,GG,GT,AA,CC,NN,GT,AA,GG,AA,TT,AA,TT,CC,TT,AA,CC,TT,GG,AA,CG,GG,CC,NN,CT,GT,GG,TT,AC,AA,AG,GG,CC,CC,GG,CC,GG,AT,AA,CC,GT,GG,CC,CC,AA,GG,CG,AT,CG,AA,AA,AC,CG,AC,TT,AA,CG,AA,AC,AC,AA,AG,AG,AA,AG,TT,GG,AA,AG,CC,AA,CT,AA,AA,GG,GG,GG,GT,AA,AA,TT,TT,TT,AG,AT,GG,GG,AC,2.38,Resistant,High,Premium,Late
L0441,Anantapur,Andhra Pradesh,Kharif,Red Sandy,Rainfed,390,31.0,52,NN,CT,GG,AG,GG,CC,GG,AT,CC,GG,AA,CT,CC,TT,TT,GT,GG,TT,TT,AA,CC,TT,GT,CC,TT,CT,GT,TT,GG,AA,TT,CC,AA,CC,GG,GG,GG,CG,NN,AC,TT,CC,AA,TT,AA,AA,TT,AT,CC,AA,GG,TT,AA,GG,CC,TT,AA,CC,GT,AA,AG,TT,AT,AA,TT,AT,CC,GG,TT,GG,AA,GT,CC,AA,AG,AC,AT,GG,TT,TT,GG,GT,GG,CC,AA,GG,AA,AA,CC,GT,CC,TT,CC,TT,GT,GG,TT,CC,GT,CT,CC,GG,GG,AA,TT,TT,CC,AA,AG,AA,CC,GG,TT,CC,TT,AA,AA,AT,CC,AG,CC,AG,CC,GG,CT,AA,CC,CC,CC,CC,NN,TT,CC,AA,CC,CC,AA,AT,AA,AA,GG,CT,CC,GG,AA,AA,AA,CC,GT,CC,CC,AA,NN,GG,GT,GG,AA,TT,TT,GG,CC,TT,GT,TT,CC,AA,GT,CT,AT,AA,GG,CC,AA,CT,CC,CC,CG,AC,AT,GG,AG,NN,TT,CC,TT,GT,CG,AT,AA,AA,TT,CC,GG,AA,CC,CC,GG,GG,AC,GG,TT,AC,AA,CC,GT,AA,AC,AA,AA,GG,TT,TT,AT,CG,GT,AT,CG,AT,GT,AA,GG,AA,TT,AA,TT,CC,TT,AC,CC,CT,GG,AG,CG,NN,CC,TT,CT,GT,GG,TT,AA,AC,AG,GG,CC,CG,GG,CC,GG,AT,AA,CC,TT,GG,NN,CC,AA,GG,CC,AA,CC,AA,AA,CC,CC,CC,TT,AA,GG,AA,AA,AA,AC,AG,AG,AA,AA,TT,GG,AA,NN,AC,AA,CT,AA,AA,GG,GG,GG,GT,AA,AA,TT,TT,AT,AA,TT,CG,GG,AC,0.4,Resistant,Medium,Standard,Early
L0442,Anantapur,Andhra Pradesh,Kharif,Red Sandy,Rainfed,390,31.0,52,NN,CT,GG,AA,CG,CC,GG,TT,CC,GG,AA,CC,CG,TT,NN,GG,GG,TT,TT,AA,CG,GT,TT,CT,TT,CC,TT,TT,GG,AA,TT,CC,AA,CC,GG,CG,GG,CC,GG,CC,TT,CC,AA,GT,AA,AG,CC,TT,CC,AC,GG,AA,AG,GG,CC,NN,AT,AC,TT,AA,AG,TT,TT,AG,TT,AT,CC,GG,TT,TT,AA,GG,CC,AA,GG,AA,AT,GG,TT,TT,GG,GG,GG,CC,AA,GG,AA,AA,CC,GG,AC,TT,CC,TT,TT,AA,TT,CC,GT,CC,CC,CC,AG,AA,TT,GT,CG,AG,AA,AA,TT,GG,TT,CC,TT,AA,AA,TT,CC,AG,CC,GG,TT,GG,CT,AA,CC,NN,AC,CC,AA,TT,CC,AA,CC,CC,AA,TT,AA,AA,GG,CT,CC,GG,AA,GG,AA,AC,GT,CC,CC,AA,AA,GG,GT,GG,AA,GT,TT,GG,AC,TT,GG,CT,CC,TT,TT,TT,AA,TT,GG,CG,AA,CC,AC,CC,CG,CC,AA,GG,AA,CC,TT,CG,GT,TT,CG,AT,AA,AA,TT,CC,CC,AA,CC,CG,GG,GG,CC,GG,TT,AA,AA,CC,GG,AA,AC,AT,AA,GT,NN,TT,AT,GG,GT,AA,CC,TT,GT,AA,AG,AA,TT,AA,TT,CC,TT,AA,CC,TT,NN,AA,CG,AA,CC,TT,TT,GT,GG,TT,AA,AC,AG,GG,CC,CG,GG,CG,GG,AT,NN,CC,TT,AG,CG,CC,AT,GG,CC,AA,CG,AT,AA,AC,GG,AC,AT,AA,GG,AA,AA,AA,AA,AG,AG,AA,AA,TT,GG,AA,GG,AA,AA,TT,AA,AA,GG,GG,CC,TT,AA,AA,TT,TT,TT,AG,TT,GG,GG,AA,3.09,Susceptible,Low,Standard,Late
L0443,Anantapur,Andhra Pradesh,Kharif,Red Sandy,Rainfed,390,31.0,52,AC,TT,AG,AA,GG,CC,GG,TT,CC,GG,AA,CC,GG,TT,TT,GG,CC,TT,TT,AG,CC,TT,GT,CT,TT,CC,TT,AT,GG,AC,TT,CC,AA,CC,GG,CG,GT,CC,GG,CC,TT,CT,AA,TT,AG,GG,TT,TT,CC,AC,GG,AA,AA,GG,CT,TT,AA,AA,TT,AC,AG,GT,AT,GG,CT,AT,CC,GG,CT,GT,AA,GG,CC,AA,AG,AC,AT,GG,TT,TT,GG,GT,GG,CC,AA,AG,AA,AA,CC,TT,AC,GT,CT,TT,TT,GG,TT,CC,GG,CC,CC,CG,AG,AA,TT,TT,CC,AA,AG,AC,CT,GG,TT,CG,GT,CC,AA,TT,CC,GG,CC,GG,CC,GT,TT,AG,CC,CC,CC,CC,AG,GT,CC,AA,CC,CC,AA,TT,AA,AA,GG,CC,CC,GG,AG,AG,AA,AC,GG,CC,CC,AA,AA,AG,TT,GG,AC,TT,CT,GG,AC,NN,TT,CT,CC,AA,GT,TT,AA,AT,GG,CC,AA,CC,CC,AC,CG,CC,AA,GG,AA,CC,TT,CC,GT,TT,GG,TT,AA,AA,TT,CC,GG,AA,AC,CC,GG,AG,AC,GG,TT,AC,AA,CC,GT,AT,CC,AA,AT,GG,TT,AT,AT,NN,GT,AA,CC,AT,TT,AA,GG,AA,TT,AA,TT,CC,CT,AA,AC,TT,GG,AA,CG,AG,CC,TT,TT,GT,GG,TT,AA,NN,AG,GG,CC,CC,GG,CC,GG,TT,AG,CG,GT,GG,CC,CG,AA,GG,CC,AT,CC,AA,AA,AC,CG,AC,TT,AA,GG,AA,AA,AA,AA,NN,AA,AA,AA,AT,GG,AA,AA,CC,AC,CT,AA,AG,GG,GG,GG,TT,AA,NN,GT,TT,TT,AA,AT,GG,GG,AA,2.48,Moderate,Low,Poor,Late
L0444,Anantapur,Andhra Pradesh,Kharif,Red Sandy,Rainfed,390,31.0,52,AC,CT,GG,AA,GG,CC,NN,TT,CC,CG,AA,CC,CC,AT,TT,GG,GG,TT,TT,AA,CC,TT,TT,CT,TT,CC,NN,TT,GG,AA,TT,CC,AA,CC,GG,GG,GG,GG,GG,CC,TT,CT,AC,TT,AA,AG,TT,AT,CC,CC,GG,AA,AA,GG,CT,GT,AT,CC,GG,AA,AA,TT,TT,AA,TT,AT,NN,GG,TT,GG,AA,GG,AC,AA,GG,AC,AT,GG,GT,TT,GG,GG,GG,CC,AT,GG,AA,AT,CC,GT,AC,TT,CC,AT,TT,GG,CT,CC,GT,CC,CC,CC,GG,AA,TT,TT,CC,NN,AG,AA,NN,GG,TT,CC,TT,AA,AA,TT,CC,GG,CC,GG,CC,GT,TT,AA,CC,CC,CC,CC,AG,TT,AC,AA,CC,CC,AA,TT,AG,AA,GG,CT,CC,GG,AA,GG,AA,AC,GT,CC,CC,AA,AA,GG,TT,GG,AA,TT,NN,GG,CC,TT,TT,TT,CC,AA,TT,TT,AA,TT,GG,CC,AG,TT,CC,CC,CG,CC,AA,GG,AG,CC,TT,CC,GT,TT,GG,AT,AA,AG,TT,CC,GG,AC,AC,CC,GG,GG,AC,GG,TT,AC,AA,CC,GG,AT,AA,AA,AT,GT,TT,TT,AT,GG,GT,AA,CC,NN,TT,AA,GG,AA,TT,AA,TT,CC,CC,AA,CC,TT,GG,AG,CG,AA,AC,TT,TT,TT,GG,TT,AA,CC,AA,GG,CC,CC,GG,CC,GG,AT,AA,NN,NN,GG,CC,CC,AT,AG,CC,AA,CC,AA,AA,AC,CG,CC,TT,AA,GG,AA,AC,AC,AA,GG,AA,AA,AA,AT,GG,AA,AA,CC,AC,CT,AA,AA,GG,AG,GG,TT,AT,AA,GG,TT,TT,AA,AT,GG,GG,AA,3.65,Susceptible,High,Standard,Medium
L0445,Anantapur,Andhra Pradesh,Kharif,Red Sandy,Rainfed,390,31.0,52,AC,TT,AG,NN,GG,CC,GG,TT,CC,CC,AA,CT,CG,TT,GT,GG,GG,TT,TT,AG,CC,TT,GG,CT,TT,CC,GT,TT,GG,AA,TT,CC,AA,CC,GG,GG,GG,CG,GG,CC,TT,CT,AA,TT,AA,GG,TT,AT,CC,AA,GG,AA,AA,GG,CC,TT,AA,AC,GG,AC,AA,GT,AT,AG,CT,TT,CC,GG,TT,GT,AA,GG,CC,AA,GG,AC,AT,NN,TT,TT,GG,GG,GG,CC,AA,AG,AA,AA,CC,GG,AC,TT,CC,AT,TT,GG,TT,CC,TT,CC,CC,CC,AG,AA,TT,TT,CC,AA,AG,AC,CC,GG,TT,CC,TT,AA,AA,TT,CC,AA,CG,GG,CC,GG,CT,AA,NN,CC,CC,CC,AA,TT,CC,AA,CC,CC,AA,TT,AG,AT,GG,CC,CC,GG,AG,AG,AA,CC,GG,CC,CC,AA,AG,GG,TT,GG,AC,TT,CT,GG,AC,TT,GT,CT,CC,AA,TT,TT,AA,TT,GG,CC,AG,CT,CC,AC,CC,CC,AA,GG,GG,CC,TT,CC,GG,TT,GG,TT,AA,NN,GT,CC,GG,AA,AA,CC,GG,GG,NN,GG,TT,AC,AA,CC,GG,AA,CC,AA,AT,GG,TT,AT,AA,CG,GT,AT,CC,TT,GG,AA,GG,AA,TT,AA,TT,CC,TT,AA,CC,CT,GG,AA,CC,AG,CC,TT,TT,GT,GG,TT,AA,AC,AG,GG,CC,CC,GG,CC,GG,TT,AA,CC,GT,GG,CC,CG,AA,GG,CC,AT,CC,AT,AA,CC,GG,AC,TT,AG,NN,AA,AA,CC,AC,AG,AG,AA,AA,TT,GG,AC,AG,AC,AA,CT,AG,AA,GG,GG,GG,TT,AA,AA,GT,TT,TT,AG,AT,GG,CG,AA,4.24,Susceptible,Low,Poor,Early
L0446,Anantapur,Andhra Pradesh,Kharif,Red Sandy,Rainfed,390,31.0,52,CC,TT,GG,AG,GG,CC,GG,TT,CC,CC,AA,CT,CC,TT,TT,GT,CG,TT,TT,AA,CC,GT,GT,CC,TT,CC,TT,AT,GG,AA,TT,CC,AA,CC,GG,GG,GG,CG,GG,CC,TT,CT,AA,TT,AG,AA,TT,TT,CC,AC,GG,AA,AG,GG,CC,TT,AT,CC,GG,AC,AA,GT,TT,AA,TT,AT,CC,GG,TT,GG,AA,GG,CC,AA,GG,AC,AT,GG,GT,TT,GG,GG,TT,CC,AT,GG,AG,AA,CC,GT,AC,TT,CT,TT,TT,GG,TT,CC,GT,CC,CT,CC,AG,AG,AT,TT,CC,AA,AA,AA,CC,GG,TT,CC,TT,AA,AC,TT,CC,AG,CC,GG,CC,GT,TT,AG,CC,CC,CC,CC,AA,TT,AC,AA,CC,CT,AA,TT,AA,AA,GG,CT,CC,GG,AA,AG,AA,CC,GG,CC,CG,AG,AA,AG,TT,GG,AA,TT,CT,GG,CC,TT,TT,TT,CC,AA,TT,CT,AA,TT,GG,CC,AA,CT,CC,CC,CG,CC,AA,GG,AA,CC,TT,CC,GT,TT,GG,TT,AG,AG,TT,CC,GG,AA,AC,CC,GG,GG,AC,GG,TT,AC,AA,CC,GG,AA,CC,AA,AT,GG,GT,AA,AT,GG,GT,AT,CC,TT,TT,AA,GG,AA,TT,AC,AT,CC,TT,AC,CC,CT,GG,AG,CC,GG,CC,TT,TT,GT,GG,TT,AA,AA,NN,GG,CC,CC,GG,CC,GG,AT,AA,CC,TT,GG,CC,CC,AA,GG,CC,AA,CC,AT,AA,CC,CC,AC,TT,AA,GG,AA,AA,AC,AA,GG,AG,AA,AA,TT,GG,AA,AA,AC,AA,CC,AA,AA,GG,GG,GG,TT,AA,AA,TT,TT,TT,AG,AA,GG,GG,AA,4.08,Susceptible,High,Poor,Early
L0447,Anantapur,Andhra Pradesh,Kharif,Red Sandy,Rainfed,390,31.0,52,AC,TT,GG,AG,GG,CC,GG,AT,CC,CC,AA,CC,CC,AT,TT,GG,GG,TT,TT,AG,CG,TT,GG,CC,TT,CC,TT,AT,GT,AA,TT,CT,AA,CC,GG,GG,GG,CC,GG,CC,TT,CC,AC,TT,AA,AG,TT,TT,CC,AA,GT,AT,AA,GG,CC,TT,AA,AA,GG,AC,AA,TT,TT,AA,TT,TT,CC,GG,TT,GG,AA,GG,CC,AA,GG,AC,AA,GG,GT,TT,GG,GG,GG,CC,AA,GG,AG,AA,CC,GT,CC,TT,CC,TT,GT,GG,TT,CC,TT,CC,CC,CG,GG,AA,AT,TT,CC,AA,AG,AA,CC,GG,TT,CG,GG,AA,AA,TT,CG,GG,CC,AG,CC,NN,TT,AA,CC,CC,CC,CC,AA,TT,AC,AA,CC,CC,AA,AT,AA,AA,CG,CC,CG,GG,AG,GG,AA,AC,GT,CC,CC,AA,AA,GG,TT,GG,AC,GT,TT,GG,AC,GT,GG,TT,CG,AA,GG,CT,AA,AT,GG,CC,AG,CC,CC,CC,CG,AC,AA,GG,AG,CC,TT,CG,GG,TT,GG,TT,AA,AA,TT,CC,GG,AA,CC,CC,GG,GG,AC,GG,TT,AC,AA,CC,GT,AA,CC,AA,AT,GG,TT,AT,AA,CG,TT,AT,CC,TT,GT,AA,GG,AA,TT,AA,TT,CC,CT,AC,CC,CT,CG,AG,CC,AA,CC,TT,TT,TT,GG,TT,AA,AA,AA,GT,CC,CG,GG,CC,GG,AT,AA,CC,TT,GG,CC,CC,AA,AG,CC,AA,CC,AA,AA,CC,CC,AC,TT,AA,NN,AA,AA,AA,AA,AG,AG,AA,AA,TT,GG,AA,AA,CC,AA,CT,AA,AA,CC,GG,CG,TT,AA,AA,TT,TT,TT,AG,AT,GG,CG,AA,1.59,Susceptible,Low,Standard,Medium
L0448,Anantapur,Andhra Pradesh,Kharif,Red Sandy,Rainfed,390,31.0,52,AC,CC,GG,AA,NN,CC,GG,TT,CC,CG,AT,CC,CG,TT,TT,GG,CC,TT,TT,AG,CG,TT,GT,CT,TT,CC,TT,TT,GG,AA,TT,CC,AA,CC,GG,CG,GG,CG,GG,CC,TT,CT,AA,GT,AA,GG,TT,TT,CC,AC,GG,AA,AA,GG,CC,TT,AA,AC,GG,AC,AA,GT,TT,AA,TT,TT,CC,GG,CT,GT,AA,GT,CC,AA,GG,AC,AT,AG,GT,TT,GG,GG,GG,CC,AT,GG,AA,AA,CG,GG,CC,TT,CC,TT,TT,AG,TT,CC,GT,CT,CC,CG,NN,AG,TT,TT,CG,AA,AG,AA,CC,GG,TT,CG,GT,AA,AC,TT,CC,AG,CC,GG,CC,GT,CT,AA,CC,CC,CC,CC,AA,TT,CC,AA,CC,CC,AA,TT,AA,AA,GG,CT,CC,GG,AA,AG,AA,CC,GT,CC,CC,AA,AA,AG,TT,GG,AA,TT,CT,GG,CC,GT,TT,TT,CC,TT,NN,TT,AT,AT,GG,CG,AG,TT,CC,AC,GG,CC,AT,GG,AG,CC,TT,CG,GT,TT,CG,AT,AA,AA,TT,CC,GG,AC,AC,CC,GG,GG,AC,GG,TT,AC,AG,CC,GG,AA,CC,AA,AT,GG,TT,AT,AT,GG,TT,AA,CG,TT,GT,AA,GG,AA,TT,AA,TT,CC,TT,AA,CC,TT,GG,AG,CG,AG,CC,TT,CT,TT,GG,AT,AC,CC,AG,GG,CC,CC,GG,CC,GG,TT,AA,CC,TT,GG,CC,CG,AA,GG,CC,AA,CG,AA,AA,AC,GG,CC,TT,AA,NN,AA,AA,AC,AA,AG,AG,AG,AA,TT,GG,AA,AA,CC,AA,CT,AA,AA,CG,GG,GG,TT,AT,AG,GT,TT,TT,AA,AT,GG,GG,AA,3.32,Moderate,Low,Premium,Medium
L0449,Anantapur,Andhra Pradesh,Kharif,Red Sandy,Rainfed,390,31.0,52,AC,TT,GG,GG,GG,CC,GG,AT,NN,CC,AA,CT,CG,TT,GG,GG,GG,TT,TT,AA,CC,NN,NN,CC,TT,CC,TT,NN,GT,AA,TT,CC,NN,CC,GG,GG,GG,GG,GG,CC,TT,TT,AA,TT,AA,AA,TT,AT,CC,CC,GG,AA,AA,GG,CC,TT,AA,AA,GG,AC,AA,TT,AA,AG,TT,TT,CC,GG,TT,GT,GG,GG,CC,AA,GG,AA,TT,GG,TT,TT,AG,GG,GG,CC,AA,GG,AA,AA,CC,GT,AC,TT,CC,TT,TT,GG,CT,CC,TT,CC,CC,CC,AA,AA,TT,TT,CC,AA,AA,AA,CC,GG,TT,CC,TT,AA,AC,TT,CC,GG,CG,GG,CC,GG,TT,AG,CT,CC,CC,CC,AA,TT,AC,AA,CC,CC,AA,AT,AA,AT,NN,CC,CC,GG,AA,AG,AT,CC,GG,CC,CC,AA,AA,GG,TT,GG,AC,TT,TT,AG,CC,TT,GT,CT,CC,AA,GG,TT,AA,TT,GG,CG,AG,CC,AC,CC,GG,CC,AA,AG,AA,CC,TT,CC,GG,GT,GG,AA,AA,AA,TT,CC,GG,AC,CC,CC,GG,GG,AA,CG,TT,AA,AG,CG,GG,AT,CC,AA,AA,GG,TT,TT,AA,CG,GT,AT,CC,AA,GT,AA,GG,AA,TT,AA,TT,CC,TT,CC,CC,TT,GG,AG,CC,AA,CC,TT,TT,GT,GG,NN,AC,CC,AA,GG,CC,CC,GG,CC,GT,TT,AA,CC,GT,GG,CC,CC,AA,AG,CC,AA,CC,AT,AA,AA,CG,AC,TT,AA,GG,AA,AA,AA,AA,GG,AG,AA,AA,TT,GG,AC,AG,CC,AC,CT,AA,AA,GG,AG,CG,TT,NN,AA,TT,TT,TT,AA,TT,GG,GG,AA,0.91,Moderate,Medium,Poor,Early
L0450,Anantapur,Andhra Pradesh,Kharif,Red Sandy,Rainfed,390,31.0,52,AA,CT,GG,AA,GG,CC,GG,TT,CC,CC,AA,CC,CG,TT,TT,GG,CG,TT,TT,AG,CG,GT,TT,NN,TT,CT,TT,TT,GT,AA,NN,CT,AA,CC,NN,CG,GG,CC,GG,CC,TT,TT,AA,TT,AA,GG,TT,AT,CC,AC,GG,AA,AA,GG,CT,TT,AA,AA,TT,AA,AA,GT,AT,AG,TT,AA,CC,GG,TT,GG,AA,GG,CC,AA,GG,AA,AA,GG,TT,TT,GG,GG,GT,CC,AA,NN,AA,AA,CC,TT,CC,TT,TT,TT,GT,GG,TT,CC,TT,CT,CC,CC,GG,AA,TT,GT,CC,AA,AA,AA,CC,GG,TT,CG,TT,AA,AA,TT,CC,GG,CC,GG,CC,GG,CT,AG,CC,CC,AC,CC,AA,TT,CC,AA,CC,CT,AA,TT,AA,AT,GG,CT,CC,GG,AA,AG,AA,AC,GG,CC,CC,AA,AA,AG,GT,GG,CC,TT,CC,GG,AC,GG,TT,TT,CG,AT,GT,TT,AT,AT,GG,CC,AG,CC,CC,CC,GG,CC,AA,GG,AG,CC,TT,CC,GG,GT,GG,AA,NN,AG,TT,CC,GG,AA,AC,CC,GG,GG,AA,GG,TT,AC,AA,CC,GG,AA,CC,AA,AA,GG,TT,TT,AA,CG,GT,AA,CC,TT,GT,AA,GG,AA,TT,AA,TT,CC,TT,AC,CC,CT,GG,AG,CC,AG,CC,NN,CT,TT,GG,TT,AC,AC,AG,GG,CC,CG,GG,CC,GG,AA,AA,CG,GT,GG,CC,CC,AA,AG,CG,AT,CC,AA,AA,AC,GG,CC,TT,AA,GG,AA,AA,AC,AA,AA,AA,AG,AA,AT,GG,AA,NN,AC,AA,CT,AA,AA,CG,GG,GG,TT,AT,AG,GT,TT,TT,AA,TT,GG,NN,AA,5.75,Susceptible,Low,Poor,Late
L0451,Anantapur,Andhra Pradesh,Kharif,Red Sandy,Rainfed,390,31.0,52,CC,TT,GG,AG,GG,CC,GG,AT,CC,CG,AA,CC,CG,TT,TT,GT,GG,TT,TT,AA,CC,TT,GT,CC,TT,CC,GT,TT,GT,AA,TT,CC,AA,CC,GG,GG,GG,CC,GG,CC,TT,CT,NN,TT,GG,GG,CT,TT,CC,CC,GG,AA,AA,NN,CC,GT,AA,AC,TT,AC,AA,TT,AT,AG,TT,TT,CC,GG,TT,GT,AG,GT,CC,AA,GG,AC,AA,GG,TT,TT,GG,GG,GG,CC,AA,GG,AA,AA,CC,GT,CC,TT,CC,TT,TT,GG,TT,CC,GT,CC,CC,GG,AG,AA,TT,TT,CC,AA,AG,AA,TT,GG,TT,CC,TT,AA,AA,TT,CC,AG,CC,GG,CC,GG,TT,AA,CC,CC,CC,CG,AA,TT,CC,AA,CC,CC,AA,TT,AA,NN,GG,CC,CC,GG,AG,AA,AT,CC,GG,CC,CC,AA,AA,GG,TT,GG,AA,TT,CT,AG,NN,GT,GT,CT,CG,AA,TT,CT,AT,TT,CG,CC,AA,CC,CC,CC,GG,CC,AA,GG,GG,CC,TT,CG,GT,GG,GG,AT,NN,AA,TT,AC,GG,AA,CC,CC,GG,NN,AC,CG,TT,AA,AA,CC,GT,AA,AC,AA,AA,GT,TT,TT,AA,GG,GG,AT,CC,TT,TT,AA,GG,AA,CC,AA,TT,CC,NN,AC,CC,CT,CG,GG,CC,AA,CC,AT,CT,GT,CG,TT,AC,AA,AA,GG,CC,CG,GG,CG,GG,AT,AA,CC,GG,GG,CC,CC,AA,GG,CC,AT,CC,AA,AA,AC,CC,AC,TT,AA,GG,AA,AA,AC,AA,AG,AA,AG,AG,AT,GG,AC,AG,AC,AA,TT,AG,AG,GG,AG,GG,TT,AT,AA,NN,TT,TT,AA,AT,GG,CG,AA,1.31,Moderate,Low,Premium,Late
L0452,Anantapur,Andhra Pradesh,Kharif,Red Sandy,Rainfed,390,31.0,52,AA,TT,GG,GG,GG,CC,GG,TT,CC,CC,AA,CT,CC,AT,TT,GT,CG,TT,TT,AA,CG,TT,TT,CC,TT,CT,TT,TT,GG,AA,CT,CC,AA,CC,GG,CC,GG,CC,GG,CC,TT,TT,AA,TT,AG,GG,TT,TT,CC,CC,GG,AA,AA,GG,CC,GT,AA,AA,TT,AA,AA,GT,TT,AG,TT,TT,NN,GG,CT,GG,AA,GG,CC,AA,GG,AC,AA,GG,NN,TT,GG,GG,GT,CC,AA,GG,AA,AA,CG,TT,AC,TT,CC,TT,NN,GG,TT,CC,GT,CC,CC,CC,GG,AA,TT,TT,CC,NN,NN,CC,CC,GG,TT,CC,TT,AA,AA,TT,CC,AG,CC,GG,CC,GT,CT,AA,CC,CC,CC,CG,AA,TT,CC,AA,CC,CC,AA,AA,AA,AT,GG,CC,CC,GG,AA,AG,AA,CC,GT,CC,CC,AA,AG,GG,GT,GG,AA,TT,CT,NN,CC,GT,GT,CT,CG,AA,GT,CT,TT,TT,GG,CC,GG,CT,CC,CC,GG,CC,AA,GG,AA,CC,TT,CC,GG,GT,GG,TT,AG,AG,TT,AC,GG,AA,CC,CC,GG,GG,AA,GG,TT,AA,AA,CC,GT,AA,CC,AT,AT,GG,GT,TT,AA,GG,GG,AT,CC,AT,TT,AA,GG,AA,TT,AA,TT,CC,TT,CC,CC,TT,GG,AA,CC,AA,CC,AT,TT,GT,GG,AT,AC,CC,GG,GG,CC,CC,GG,CC,GG,AT,AA,CC,GG,GG,CC,CC,AA,GG,CC,AA,CC,AA,AA,AC,GG,CC,TT,AG,GG,AA,AA,AC,AA,GG,AG,AG,AA,TT,GG,AA,AA,CC,AC,TT,GG,AG,GG,GG,GG,TT,AT,AG,TT,TT,TT,AG,AT,GG,GG,AA,2.26,Moderate,Medium,Premium,Early
L0453,Anantapur,Andhra Pradesh,Kharif,Red Sandy,Rainfed,390,31.0,52,CC,TT,GG,AG,GG,CC,GG,TT,CC,CC,AA,CC,CG,AA,TT,GG,CG,TT,TT,AA,CC,GT,GT,CC,TT,CC,TT,TT,GG,AA,TT,CC,AA,CC,AG,GG,GG,CG,GG,CC,TT,NN,AA,GT,AG,GG,TT,AT,NN,NN,GG,AT,AG,GG,CC,TT,AA,AA,GT,AC,AA,TT,TT,AA,TT,TT,CC,GG,TT,GT,AA,GT,CC,AA,AG,AC,AT,GG,TT,TT,GG,GT,GG,CC,AA,GG,AA,NN,CC,GG,CC,GT,CC,TT,TT,GG,CT,AC,GG,CC,CC,CC,AG,AA,TT,TT,CC,AA,AG,CC,CT,GG,TT,CC,TT,AA,AC,TT,CC,GG,CC,GG,CC,TT,CC,AG,CT,CC,CC,CG,AA,TT,AC,AA,CC,CC,AA,TT,AA,AA,GG,CC,CC,GG,AA,AG,AA,AC,GG,CG,CC,AG,AG,GG,GT,GG,AC,GT,CC,GG,AC,TT,TT,TT,CG,TT,GT,CT,AA,AT,CG,CC,AG,CT,CC,AC,CC,CC,AA,GG,AG,CC,TT,CC,GT,GT,GG,TT,AA,GG,TT,AC,GG,AA,CC,CG,GG,AG,AC,GG,TT,AC,AG,CC,GG,AA,CC,AA,AA,GG,TT,TT,AT,GG,GT,AT,CC,AT,GT,AA,GG,AA,TT,AA,TT,CC,CT,AC,CC,TT,CG,AA,CC,AG,CC,TT,CC,TT,GG,TT,AA,CC,AA,GG,CG,CC,GG,CC,GG,TT,AA,CC,GT,GG,CC,CC,AA,GG,CC,NN,CC,AA,AA,CC,GG,CC,TT,AA,GG,AA,AA,AC,AA,AG,AA,AG,AA,TT,GG,AA,AA,CC,AA,TT,AA,AA,GG,GG,GG,TT,NN,AA,GT,TT,AT,AA,TT,GG,GG,AA,4.73,Moderate,Low,Poor,Medium
L0454,Anantapur,Andhra Pradesh,Kharif,Red Sandy,Rainfed,390,31.0,52,AC,CT,GG,GG,CG,CC,GT,TT,CC,CC,AA,CC,CG,TT,TT,GG,CG,TT,TT,AA,CC,GT,TT,CT,TT,CT,TT,TT,GG,AA,TT,CC,AA,CC,GG,CG,GG,CC,GG,CC,TT,CT,AA,TT,AG,GG,TT,TT,CC,AA,GT,AT,AA,GG,CT,TT,AA,AA,GT,AA,AA,TT,AA,AG,TT,TT,NN,GG,TT,GT,AG,GG,CC,AG,GG,AA,AA,GG,TT,TT,GG,GG,GG,CC,AT,GG,AA,AT,CC,GT,CC,TT,CC,TT,TT,GG,TT,CC,GG,CC,CT,CC,GG,AG,TT,TT,CC,AA,AA,AA,CC,GG,TT,CC,TT,AA,AC,TT,CG,GG,CG,GG,NN,GT,TT,AA,CT,CC,CC,CC,AA,TT,CC,AA,CC,CT,AA,TT,NN,AT,NN,CC,CC,GG,AA,AA,AA,CC,GT,CG,CC,AA,AA,NN,TT,AG,AA,GT,CC,GG,AC,GT,TT,TT,CG,AA,TT,TT,AA,TT,GG,CC,AG,CC,CC,CC,GG,CC,AA,GG,AG,CC,TT,CC,GG,TT,NN,AT,AA,AA,TT,AC,NN,AA,CC,CG,GG,GG,AC,GG,TT,AC,AA,CC,GG,AA,AA,AA,AA,GG,TT,AA,AA,GG,GT,AA,CC,NN,GG,AA,GG,AA,CT,AA,TT,CC,TT,AA,CC,CT,GG,AA,CG,AG,CC,TT,CT,GT,GG,TT,AA,AC,AA,GG,CC,CC,GG,CC,GG,AT,AA,CC,GT,GG,CC,CC,AA,GG,CG,AA,CG,AT,AA,AC,CC,CC,AT,AA,GG,AA,AA,AA,AA,AG,AA,AA,AA,TT,GG,AC,AA,AC,AC,CT,AA,AA,GG,GG,GG,TT,AA,AA,TT,TT,TT,AA,TT,GG,CG,AA,0.53,Resistant,Low,Standard,Medium
L0455,Anantapur,Andhra Pradesh,Kharif,Red Sandy,Rainfed,390,31.0,52,AA,TT,GG,AA,GG,CC,GG,TT,CC,CG,AA,CC,CG,AT,TT,GG,CG,NN,TT,AA,CC,TT,GT,CC,AA,CC,TT,NN,GG,AA,CT,CC,AA,CC,GG,GG,GG,CC,GG,CC,TT,CT,AA,TT,AG,AG,TT,AT,CC,AC,GT,AA,AG,GG,CC,GT,AA,AA,GT,AA,AA,GT,AT,AG,TT,AA,CC,GG,TT,GG,AA,GG,CC,AA,GG,AA,AA,GG,TT,TT,GG,GT,GG,CC,AA,GG,AA,AA,CC,GT,CC,TT,CT,TT,TT,GG,TT,CC,GT,CC,CT,GG,NN,AA,AT,TT,CG,AG,AG,AA,CT,GG,TT,CC,TT,NN,AA,TT,CC,AG,NN,AG,CC,GG,TT,AG,CC,CC,CC,CC,AA,TT,CC,AA,CC,CC,AA,AT,AG,AA,GG,CC,CC,GG,AA,AG,AA,AC,GG,CC,CC,AA,AG,AG,TT,GG,NN,GT,CT,GG,AC,GT,GT,TT,CC,AT,GT,TT,AT,TT,CG,CC,AA,CT,AC,CC,GG,AC,AA,GG,AG,CC,TT,CG,GT,NN,GG,AT,AA,AG,TT,CC,GG,AA,CC,CC,GG,AG,AC,GG,TT,AA,AA,CC,GG,AT,CC,AA,AT,GG,TT,AT,AT,GG,GG,AA,CG,AT,GG,AA,GG,AA,TT,AA,TT,CC,CT,AA,CC,CT,CG,AG,CC,AG,CC,AT,CC,GT,NN,TT,AA,NN,AA,GG,CC,CC,GG,CC,NN,AT,AA,CC,TT,GG,CC,CC,AA,GG,CC,AA,CC,AT,AA,AA,CG,AC,TT,AA,GG,AA,AC,AC,AA,AA,AA,AA,AA,TT,CG,AA,AG,CC,AA,CT,AA,AG,GG,GG,GG,TT,AA,AG,TT,TT,TT,AA,AT,GG,CG,NN,5.32,Moderate,Medium,Poor,Late
L0456,Anantapur,Andhra Pradesh,Kharif,Red Sandy,Rainfed,390,31.0,52,AC,TT,GG,AG,GG,CC,GG,TT,CC,CC,AA,CT,CC,TT,TT,GT,CG,TT,TT,AA,CG,NN,TT,CC,TT,CC,TT,AT,GG,AA,TT,CC,AA,CC,GG,CG,GG,CG,GG,CC,TT,CT,AC,TT,AA,GG,TT,TT,CC,CC,NN,AA,AA,CG,CT,TT,AA,CC,GT,AC,AA,TT,TT,AG,TT,TT,CC,GG,TT,GG,AG,GG,AC,AA,GG,NN,AA,GG,TT,TT,GG,GG,GT,CC,AA,GG,AA,AA,CC,TT,AC,TT,CC,TT,TT,GG,TT,CC,TT,CT,CT,CG,AG,AA,TT,GT,CC,AA,AG,AA,CC,GG,TT,CC,GT,CC,AC,TT,CC,AG,CC,AG,CC,GG,TT,AG,CT,CC,CC,CC,AG,TT,CC,AA,CC,CC,AA,TT,AA,AT,GG,TT,CC,GG,AA,GG,AA,CC,NN,CC,CG,AA,AA,GG,GT,GG,AC,TT,TT,GG,CC,GT,TT,TT,CC,AA,GT,CT,AA,TT,GG,CC,AG,NN,CC,CC,CG,CC,NN,AG,AA,CC,TT,CC,NN,TT,CG,TT,AA,AA,TT,CC,CG,AA,AC,CC,GG,GG,AA,GG,TT,AC,AA,CG,GG,AT,CC,AA,AA,GG,TT,AT,AA,CG,GT,AA,CC,AT,GT,AA,GG,AA,TT,AA,TT,CC,TT,AC,CC,TT,GG,AA,CG,AG,CC,TT,TT,GG,GG,TT,AA,AC,AA,GG,CC,CC,GG,CC,GG,AT,AA,CC,GT,GG,CC,CC,AT,AG,GG,TT,CC,AA,AA,CC,CG,AC,TT,AA,GG,AA,AA,AA,AA,AG,AA,AG,AA,AT,GG,AA,AG,CC,AC,TT,AA,AA,CG,GG,GG,TT,AA,GG,GT,TT,TT,AA,AT,CG,CG,AA,4.35,Susceptible,High,Standard,Early
L0457,Anantapur,Andhra Pradesh,Kharif,Red Sandy,Rainfed,390,31.0,52,AA,TT,GG,AA,GG,CC,GG,TT,CC,CC,AT,CT,CC,AA,TT,GG,GG,TT,NN,AG,CG,GT,TT,CC,TT,CC,TT,TT,GG,AA,TT,CT,AA,CC,GG,GG,GG,CG,GG,CC,TT,TT,AA,TT,AA,AA,TT,TT,CC,AC,GG,AA,AA,GG,CC,TT,AA,AC,GG,AC,AA,TT,AT,AG,CT,TT,CC,GG,TT,GG,NN,GG,CC,AA,GG,CC,AA,GG,TT,TT,GG,GG,GG,CC,AA,GG,AA,AT,CC,GT,CC,TT,CC,TT,TT,AG,CT,AC,GT,CC,CC,CC,AG,AA,TT,TT,CC,AG,AG,AA,CT,GG,TT,CG,GT,AA,AC,TT,CC,AG,CG,GG,CC,GT,CT,AG,CC,CC,AC,CC,AA,TT,CC,AA,CC,TT,AA,NN,AG,AA,GG,CC,CC,GG,AA,GG,AA,CC,GG,CC,CC,AA,AG,AG,TT,GG,CC,GT,TT,GG,CC,TT,GT,CT,CG,AA,TT,TT,AA,AT,GG,CC,AA,CT,CC,CC,GG,CC,AA,GG,AA,CC,TT,CC,GT,TT,GG,AA,AG,AG,TT,CC,CG,AA,CC,CC,GG,GG,AC,GG,TT,AC,AA,CC,GG,AA,AC,AA,AA,GT,TT,AT,AT,CG,TT,AT,CC,AT,TT,AA,GG,AA,TT,AA,TT,CC,CT,AC,AC,TT,CG,AG,CG,GG,CC,TT,TT,TT,GG,TT,AC,AC,AG,GG,CC,CG,GG,CC,GG,TT,AA,CC,GT,GG,CC,CC,AT,GG,CC,AT,CC,AA,AA,AC,CG,CC,TT,AG,GG,AA,AC,AC,AA,AA,AA,AA,AA,AT,GG,AA,AA,AA,AC,TT,AA,AG,GG,AG,GG,TT,AT,AA,GT,TT,TT,AA,TT,GG,GG,AA,3.71,Susceptible,Low,Poor,Early
L0458,Anantapur,Andhra Pradesh,Kharif,Red Sandy,Rainfed,390,31.0,52,AC,TT,GG,AG,GG,GG,GG,TT,CC,CC,AA,CC,CG,AT,TT,NN,GG,TT,TT,AG,CC,TT,GG,CC,TT,CC,GT,TT,GG,AA,TT,CC,AG,CC,GG,CG,NN,CC,GG,CC,TT,CT,AA,TT,AG,GG,TT,TT,CC,AC,GT,AA,AG,GG,CC,GT,AA,AA,GG,AC,AA,GT,TT,AG,TT,AA,CC,GG,TT,GG,AG,GG,CC,AA,GG,AA,TT,GG,TT,TT,GG,GT,GG,CC,AA,AG,AA,AA,CC,GT,AC,NN,CC,TT,TT,GG,CC,CC,GT,CC,CC,CC,AG,AA,TT,TT,CC,AA,AG,AA,CC,GG,TT,CC,GT,AA,AA,TT,CC,AA,CC,GG,CC,GT,CT,AA,NN,CC,CC,CC,AA,TT,CC,AA,CC,CC,AA,TT,AA,AA,GG,CC,CC,GG,AA,AA,AA,CC,GG,CC,CC,AA,AA,GG,GT,GG,CC,TT,CT,GG,CC,TT,TT,CT,CC,AT,GT,TT,AA,AA,GG,CC,AA,CC,CC,CC,CG,CC,AA,GG,AA,CC,TT,CC,GT,GT,GG,TT,NN,AA,TT,AA,CG,AA,CC,CC,GG,GG,AC,GG,TT,AA,AA,CC,GG,AT,AC,AA,AT,GG,GT,TT,AA,CG,GG,AA,CC,TT,GT,AA,GG,AA,TT,AA,TT,CC,CT,AA,CC,CT,CG,AA,CC,AA,CC,TT,TT,TT,GG,TT,AA,AC,AA,GG,CC,CC,GG,CC,GG,TT,AG,CC,TT,GG,CG,CC,AT,GG,CC,AA,CC,AT,AA,CC,CG,AC,TT,AG,GG,AA,AA,AA,AA,AG,AG,AA,AA,TT,GG,AC,AG,AC,AA,TT,AA,AA,NN,AG,GG,TT,AA,AA,GT,TT,TT,AA,AA,GG,NN,AA,3.04,Susceptible,Low,Standard,Medium
L0459,Anantapur,Andhra Pradesh,Kharif,Red Sandy,Rainfed,390,31.0,52,AC,TT,GG,AA,GG,CC,GT,AA,CC,CG,AA,CC,CC,TT,TT,GG,GG,TT,TT,AA,CG,GT,GT,CC,TT,CC,TT,TT,GG,AA,TT,CT,AA,CC,GG,GG,GG,GG,GG,CC,TT,CT,AA,TT,AA,GG,CT,TT,CC,AC,GT,AA,AA,GG,CT,TT,AA,AC,GT,AA,AA,GT,AT,AA,TT,AT,CC,GG,TT,GG,GG,GT,CC,AA,GG,CC,AT,AG,GT,TT,GG,GG,GT,CC,AT,GG,AA,AA,CC,TT,CC,TT,CC,TT,TT,GG,TT,AC,TT,CT,CC,CC,GG,AA,AT,TT,CC,AA,AG,AA,CT,GG,GT,CC,NN,AA,AC,TT,CC,GG,CC,GG,CC,GG,TT,AG,CC,CC,AC,CC,AA,TT,CC,AA,CC,CC,AA,NN,AA,AT,GG,CC,CC,GG,AG,GG,AA,CC,GG,CC,CC,AA,AA,GG,TT,AG,AA,TT,CT,AG,CC,TT,GT,TT,CC,AT,TT,CT,AT,TT,GG,CG,AG,CC,CC,CC,GG,CC,AA,AG,AA,CC,TT,CG,GT,GT,CG,TT,AA,AA,GT,CC,GG,AA,AC,NN,GG,GG,AA,GG,CT,AA,AA,CC,GG,AA,CC,AA,AT,GT,TT,TT,AA,GG,GT,AT,CC,TT,GT,AA,GG,AA,TT,AA,NN,CC,TT,AC,CC,TT,CG,GG,CC,AG,CC,AT,TT,TT,GG,TT,AA,AC,AA,GG,CC,CG,GG,CC,GG,TT,AA,CG,GT,GG,CG,CC,AT,AG,CG,AA,CG,AT,AA,CC,NN,AA,TT,AA,CG,AA,AC,AC,AA,AG,AG,NN,AA,AT,GG,AC,GG,AC,AA,CT,AA,AA,CG,AG,GG,TT,AA,AG,TT,TT,TT,AG,AT,GG,CG,AA,2.37,Susceptible,Low,Premium,Early
L0460,Anantapur,Andhra Pradesh,Kharif,Red Sandy,Rainfed,390,31.0,52,AC,TT,GG,AA,GG,CC,NN,TT,CC,CC,AA,CT,NN,TT,TT,TT,GG,AT,TT,AA,CC,GT,TT,CC,TT,CC,TT,TT,GG,AA,TT,CC,NN,CC,GG,CG,GG,CC,GG,CC,TT,TT,AC,GT,GG,GG,CT,TT,CC,AC,GT,AA,AG,GG,CC,GT,AT,CC,GT,AC,AA,TT,TT,AA,CT,AT,CC,GG,TT,GT,AG,GG,NN,AA,AG,CC,AT,GG,GT,TT,GG,GT,GT,CC,AA,GG,AA,AT,CC,TT,AC,TT,TT,TT,TT,AG,TT,AC,TT,CC,TT,GG,AG,AA,TT,TT,CC,AA,AA,AA,CC,GG,TT,CC,TT,AC,AA,AT,CC,GG,CC,GG,CC,GT,TT,AA,CC,CC,CC,CC,AA,TT,CC,AA,CC,CC,AA,AT,AA,AA,GG,CC,CC,GG,AA,AA,AT,CC,GG,CC,CC,NN,AA,GG,GT,GG,AA,TT,TT,GG,AC,TT,GG,CT,CG,AT,TT,CT,AA,TT,GG,NN,AG,CT,CC,CC,GG,CC,AA,GG,NN,AC,TT,CC,GG,TT,GG,AA,AA,AA,TT,CC,CG,AA,CC,CC,GG,GG,AA,GG,TT,AA,AA,CC,GG,AA,CC,AA,AT,GT,TT,TT,AA,GG,GG,AT,CC,AT,TT,AA,GG,AG,TT,AA,TT,CC,TT,AA,AC,CT,GG,AA,CC,AG,CC,TT,TT,GG,NN,TT,AA,AC,AA,GG,CG,CC,GG,CG,GG,AT,AA,CC,GT,GG,CC,GG,AA,GG,CC,TT,CC,AA,AA,AA,CG,CC,TT,AA,GG,AA,AC,AA,AA,AG,AG,AG,AA,TT,GG,AC,GG,AC,AA,CT,AA,AA,NN,AA,GG,TT,AA,NN,GT,TT,AT,AA,AT,GG,GG,AA,1.05,Resistant,High,Premium,Late
L0461,Anantapur,Andhra Pradesh,Kharif,Red Sandy,Rainfed,390,31.0,52,AC,TT,GG,AA,GG,CC,TT,AT,CC,CC,AA,CT,CG,AT,GT,GG,GG,TT,TT,AA,CC,GT,TT,CC,TT,CC,GT,TT,GG,AA,TT,CC,AA,CC,GG,GG,GG,CC,GG,CC,TT,CT,AA,GT,AG,GG,NN,AT,CC,AC,GG,AA,AA,GG,CC,GT,AA,AA,GG,AA,AA,TT,AT,GG,CT,AT,CC,GG,TT,GT,AA,GG,CC,AA,GG,AC,AA,GG,TT,TT,GG,GG,GG,CC,AA,GG,AA,AA,CC,GT,CC,TT,CT,TT,TT,GG,TT,CC,GT,CC,TT,CG,AG,AA,TT,TT,CC,AA,AG,AA,CC,GG,TT,CC,TT,AA,AA,TT,CC,AA,CC,AG,CC,GT,TT,GG,CC,CC,CC,CC,AA,TT,CC,AA,CC,CC,AA,TT,AG,AA,CG,CC,CC,GG,AA,AA,AA,AC,GG,CC,CC,AA,AA,GG,TT,GG,AC,TT,CT,AG,CC,GT,TT,TT,CC,AT,TT,TT,AA,AA,CG,CC,AG,TT,CC,CC,CG,CC,AA,GG,AG,CC,TT,CC,TT,TT,GG,TT,AA,AA,TT,CC,GG,AA,CC,CC,GG,GG,CC,GG,TT,NN,AA,CC,GG,AA,CC,AA,AT,GG,TT,TT,AA,GG,TT,AT,CC,AT,GT,AA,GG,AA,CT,AC,TT,CG,TT,CC,AC,CT,GG,AA,CC,GG,CC,TT,TT,TT,GG,TT,AA,AC,AA,GG,CC,CG,GG,CC,GG,NN,AA,CG,TT,GG,CC,CC,AT,GG,CC,AA,NN,AA,AA,CC,CC,AA,TT,AA,GG,AA,AA,AA,AA,AG,AA,AA,AA,TT,GG,AA,AA,CC,AA,TT,AA,AA,GG,GG,GG,TT,AT,AG,TT,TT,TT,AA,TT,GG,GG,AA,0.4,Moderate,High,Premium,Late
L0462,Anantapur,Andhra Pradesh,Kharif,Red Sandy,Rainfed,390,31.0,52,AA,TT,AG,AA,GG,CC,GT,TT,CC,GG,AT,CC,CG,TT,TT,GG,CG,TT,TT,AA,CC,TT,GT,CC,TT,CC,TT,TT,GG,AA,TT,CC,AA,CC,GG,GG,GG,CG,GG,CC,TT,CT,AC,TT,AA,AG,TT,TT,CC,AC,GT,NN,AA,GG,CC,GT,AA,AC,GT,AC,AA,TT,AA,AA,CC,TT,CC,GG,TT,GG,AG,GG,CC,AA,GG,AC,AT,GG,TT,TT,GG,GT,GT,CC,AA,GG,AA,AA,CC,GT,CC,TT,CC,TT,TT,AG,TT,AC,TT,CC,TT,CG,GG,AA,TT,TT,CG,AG,AG,AA,CC,GG,TT,CC,TT,AA,AA,TT,CC,GG,CG,GG,CC,GG,TT,AG,CC,CC,CC,CG,AA,TT,CC,AA,CC,CC,AA,AT,AA,AT,GG,CT,CC,GG,AA,AA,AA,CC,GG,CC,CC,AA,AA,GG,NN,GG,AC,GT,TT,AG,AA,GT,TT,CT,CC,AA,TT,TT,AA,TT,GG,CC,AA,CT,CC,CC,CG,CC,AA,GG,AG,CC,TT,CC,GG,TT,CG,AT,AA,NN,GT,CC,GG,AA,CC,CC,CG,GG,AA,GG,TT,AC,AA,CC,GG,AA,AC,AA,AT,GG,TT,TT,AA,GG,GG,AT,CC,TT,TT,AA,GG,AA,TT,AA,TT,CC,CT,AA,CC,CT,GG,AA,CG,GG,AC,TT,TT,GT,GG,TT,AA,AC,AA,GG,CC,CC,GG,CC,GG,AT,AA,CC,TT,GG,CC,CC,AT,AG,CG,NN,CC,AA,AA,CC,CG,CC,AT,AA,GG,AA,AA,AC,AA,GG,AG,AA,AA,TT,CC,AC,AA,AC,AC,TT,AA,AA,CG,GG,CG,TT,AT,AG,TT,TT,TT,AA,AT,GG,CG,AA,2.37,Susceptible,Low,Poor,Early
L0463,Anantapur,Andhra Pradesh,Kharif,Red Sandy,Rainfed,390,31.0,52,AA,NN,GG,AG,GG,CG,GG,TT,CC,GG,AA,CC,CG,TT,GT,GT,CG,TT,TT,AG,CC,TT,TT,CC,AT,CC,GT,AT,GG,AA,TT,CC,AA,CC,AG,GG,GG,CG,GG,CC,TT,TT,AC,TT,AA,AA,TT,AT,CG,AC,GG,AA,AG,GG,CT,TT,AA,AA,TT,AA,AA,TT,TT,AG,TT,AT,CC,GG,TT,TT,AG,GT,CC,AA,GG,AA,AT,GG,TT,TT,GG,TT,GT,NN,AA,GG,AG,AA,CC,GT,AC,TT,CT,TT,TT,GG,CT,AC,GT,CT,CT,CC,AA,AG,AT,TT,CG,AG,AG,AA,CT,GG,TT,CC,TT,AA,AA,TT,CG,AG,CG,AG,CC,GT,TT,AA,CC,CC,CC,CC,AA,GT,CC,AA,CC,CT,AA,TT,AA,AT,GG,CC,CC,GG,AA,AA,AA,CC,GT,CC,CC,AA,AA,AG,TT,GG,AA,GT,CT,AG,NN,GG,GG,CT,CC,AA,TT,TT,AT,TT,GG,CC,AA,CT,CC,CC,GG,CC,AA,GG,AG,CC,TT,CC,GT,TT,GG,AT,AA,AA,TT,CC,GG,AA,AC,NN,GG,GG,AC,GG,TT,AA,AA,CG,GT,AT,AC,AA,AT,GG,GT,AT,AT,GG,GG,AT,CC,TT,TT,AA,GG,AA,CT,AA,TT,CC,TT,AA,CC,TT,GG,AA,CC,AG,CC,TT,CT,GG,GG,TT,AA,AC,AG,GG,CC,GG,GG,CC,GG,AT,AA,CC,GT,GG,CG,CC,AA,GG,CG,AT,CC,AT,AA,AA,CC,AC,TT,AA,GG,AA,AC,AA,AC,GG,AG,AA,AA,AT,CG,AC,AG,AC,AA,TT,AA,AA,CG,GG,GG,TT,AT,AA,GG,TT,TT,AG,AT,GG,GG,AA,3.21,Susceptible,Medium,Standard,Medium
L0464,Anantapur,Andhra Pradesh,Kharif,Red Sandy,Rainfed,390,31.0,52,AA,CT,GG,AG,GG,CC,GG,TT,CC,CC,AA,CT,CG,TT,GT,GT,CC,TT,TT,GG,CC,TT,GT,CC,TT,CC,TT,AT,GG,AA,CT,CC,NN,CC,GG,GG,NN,CG,GG,CC,GT,TT,AC,TT,AA,GG,TT,TT,CC,CC,GG,AA,AA,GG,CT,TT,AA,CC,GG,AA,AA,GT,AT,AA,TT,AT,CC,GG,TT,GG,AA,GG,CC,AA,AG,AC,AA,AG,TT,TT,AG,GG,GG,CC,AA,GG,AA,AT,CC,TT,CC,TT,CC,TT,TT,GG,CT,AC,GG,CC,CC,CC,GG,AG,TT,TT,CC,AA,GG,AA,CC,GG,TT,CG,TT,AA,CC,TT,CC,GG,CG,GG,CC,GG,TT,AA,CC,CC,CC,CC,AA,TT,CC,AA,CC,CC,AA,AT,AA,AA,GG,CT,CC,GG,AA,AG,AA,CC,GG,CC,CG,AG,AG,GG,GT,GG,AC,TT,TT,GG,AC,TT,TT,TT,CG,AT,GT,TT,AT,TT,CG,CC,AG,CT,CC,CC,CG,CC,AA,GG,AG,AC,TT,CC,GT,TT,GG,TT,NN,AA,TT,CC,CG,AC,CC,CC,GG,AG,AA,GG,TT,AA,AA,CC,GT,AA,AC,AA,AA,GT,GT,AT,NN,GG,GG,AA,CC,AT,GT,AA,GG,AA,CT,AA,TT,CC,TT,AC,CC,CT,GG,GG,CC,GG,CC,TT,TT,GT,GG,TT,AA,NN,AA,GG,CC,CC,GG,CC,GG,AT,AG,CC,TT,GG,CG,CC,AA,AG,CC,AA,CC,AT,AA,AC,CG,AC,AA,AA,GG,AA,AA,AA,AA,AA,AA,AA,AA,AT,GG,AA,AG,CC,AA,CT,AA,AA,GG,GG,GG,GT,AA,AA,GT,TT,TT,AG,AT,GG,GG,AA,2.63,Resistant,Medium,Premium,Early
L0465,Anantapur,Andhra Pradesh,Kharif,Red Sandy,Rainfed,390,31.0,52,AA,TT,GG,AA,CG,CC,GG,TT,CC,CC,AT,CC,GG,TT,GT,GG,GG,TT,TT,AA,CC,TT,NN,CT,TT,CC,TT,AT,GT,AA,TT,CC,AA,AC,GG,CG,GG,CG,GG,CC,TT,TT,AA,TT,AG,GG,TT,AT,CC,AA,GG,NN,AA,GG,CT,NN,AA,AA,GG,AC,AG,TT,AT,AA,TT,TT,CC,GG,TT,GT,AA,GG,CC,AA,GG,AA,AA,GG,TT,TT,GG,GT,GG,CC,AT,GG,AG,AA,CC,GG,AC,TT,CT,TT,TT,GG,TT,CC,GT,CC,CT,CC,AG,AA,TT,TT,CC,AA,AG,AA,CT,GG,GT,CG,TT,AC,AA,TT,CG,GG,CG,GG,CC,GT,TT,AA,CC,CC,CC,CG,AA,TT,CC,AC,CC,CC,AA,TT,AA,AA,GG,CT,CC,GG,AG,AG,AA,CC,TT,CC,CC,AA,AA,GG,TT,GG,AC,TT,CT,GG,CC,TT,TT,CT,CC,AT,TT,TT,AA,AT,CC,CC,AA,CT,CC,CC,CC,CC,AA,GG,AG,CC,TT,CC,GG,GT,GG,TT,AA,NN,TT,AC,CG,AA,CC,CC,GG,GG,CC,GG,TT,AC,AA,CC,GG,AA,AA,AA,AA,GT,TT,TT,AT,GG,GG,AT,CG,AT,GT,AA,GG,AA,TT,AA,TT,CC,CT,AA,CC,CT,GG,AA,CC,AA,CC,AT,TT,TT,GG,TT,AA,CC,AG,GG,CC,CC,GG,CC,GG,AT,AA,CC,TT,GG,CC,NN,AA,GG,CC,AA,CC,AA,AA,AC,CC,AC,TT,AA,GG,AA,AA,AA,AA,AA,AG,AA,AA,AT,GG,AA,AG,AC,AC,CT,AG,AA,GG,GG,GG,GT,AA,AA,TT,TT,TT,GG,TT,GG,GG,AA,1.97,Susceptible,Low,Premium,Medium
L0466,Anantapur,Andhra Pradesh,Kharif,Red Sandy,Rainfed,390,31.0,52,AC,CC,GG,GG,GG,CC,GG,TT,CC,CC,AA,CC,CC,TT,TT,GT,CG,TT,TT,AA,CC,TT,TT,CT,TT,CC,TT,TT,GG,AA,CT,CC,AA,CC,AG,GG,NN,CG,GG,CC,TT,CT,AA,TT,AG,GG,TT,TT,CC,AA,GG,AT,AA,GG,CC,GT,AA,AC,TT,AC,NN,TT,AT,AA,CT,TT,CC,GG,TT,GT,AA,GG,AC,AA,AA,AA,AA,GG,TT,TT,GG,GT,GG,CC,AA,AG,AA,AA,CC,GT,CC,TT,TT,TT,TT,GG,TT,CC,TT,CC,CT,CG,GG,AA,TT,GT,CC,AG,AG,AA,CC,GG,TT,CC,TT,NN,AA,TT,CC,AA,CC,GG,CC,GG,TT,AG,CC,CC,CC,CC,NN,TT,CC,AA,CC,CC,AA,TT,AA,NN,GG,CC,CC,GG,AA,AG,AA,CC,GG,CC,CC,AG,AA,GG,TT,GG,AC,TT,CT,GG,CC,TT,TT,TT,CC,AA,GT,TT,AA,AT,CG,CC,AG,TT,CC,CC,GG,AC,AT,GG,GG,CC,TT,CC,GT,GT,GG,TT,AA,AA,TT,CC,GG,AC,CC,CC,GG,GG,CC,GG,TT,AA,AA,CC,GG,AA,AA,AA,AT,GT,NN,AT,AT,GG,GT,AT,CC,TT,GT,AA,GG,AA,CT,AC,TT,CC,CT,AA,AC,TT,GG,AG,CC,AG,CC,TT,TT,TT,GG,TT,CC,CC,AA,GG,CC,CG,GG,CC,GG,AT,AA,CG,TT,GG,CC,CC,AA,GG,CC,AA,CC,AA,AA,CC,CC,AC,TT,AA,GG,AA,AA,AA,AA,GG,AA,AA,AA,TT,CG,AA,AA,CC,AC,CT,AA,AG,GG,GG,GG,TT,AT,AG,TT,TT,TT,AG,TT,GG,NN,AC,0.4,Resistant,Medium,Premium,Early
L0467,Anantapur,Andhra Pradesh,Kharif,Red Sandy,Rainfed,390,31.0,52,AA,CT,GG,GG,NN,CC,GG,AT,CC,CG,AA,CC,CG,TT,TT,GG,CG,TT,TT,AA,CC,TT,TT,CT,TT,CC,TT,AT,GT,AA,TT,CC,AA,CC,AA,GG,GG,CG,GT,CC,TT,TT,AA,TT,AA,AG,TT,AT,CG,AC,GT,AA,AA,GG,CC,TT,AA,AA,GG,AC,AG,TT,AT,AA,TT,AT,CC,GG,TT,GT,AA,GG,CC,AA,AG,AA,AA,GG,GT,TT,GG,GG,GG,CC,AT,GG,AA,AA,CC,GT,CC,TT,CC,AT,TT,GG,CT,CC,GT,CC,CC,CC,AG,AA,AT,TT,CC,AG,GG,AA,TT,GG,TT,CC,TT,AA,AA,TT,CC,AG,CC,NN,CT,GT,TT,AA,CT,CC,CC,CG,AA,TT,CC,AA,CC,CC,AA,TT,AA,AA,CG,CC,CC,GG,AA,AG,AA,CC,GG,CC,CC,AA,AG,AG,TT,AG,AC,TT,TT,AG,AC,GG,TT,TT,CC,AT,GT,TT,AA,AT,GG,CC,AA,CC,CC,AC,GG,CC,AA,GG,AA,CC,TT,CC,GT,TT,CG,AT,AA,AG,TT,AC,GG,AA,AC,CG,GG,GG,AC,GG,TT,AA,NN,CC,GG,AA,CC,AA,AT,GG,GT,AT,AT,GG,TT,AA,CC,AT,TT,AA,GG,AA,TT,AA,TT,CG,TT,AA,CC,NN,GG,AA,CG,AG,CC,TT,CT,GG,GG,TT,AA,AC,NN,GG,CC,CC,GG,CC,GG,AT,AA,CC,TT,GG,CC,CC,AA,GG,CC,AT,CC,AA,AA,AC,CC,AC,TT,AA,GG,AA,AA,CC,AA,GG,AA,AA,AA,AA,GG,AA,GG,CC,AA,CC,AA,AA,GG,GG,GG,GT,AA,AA,GT,AT,TT,GG,AT,GG,GG,AA,4.1,Susceptible,Low,Poor,Medium
L0468,Anantapur,Andhra Pradesh,Kharif,Red Sandy,Rainfed,390,31.0,52,AA,TT,AG,AA,NN,CC,GG,AT,NN,CC,AA,NN,CG,AT,TT,GG,CC,NN,TT,AA,CC,TT,TT,CT,TT,CC,GT,TT,GG,AC,TT,CC,AA,CC,AG,CG,GG,GG,GG,CC,TT,CT,AA,TT,AA,GG,TT,AT,CC,AA,GT,AT,AA,GG,CC,NN,AA,AC,GG,CC,AA,TT,AT,GG,TT,TT,CC,GG,TT,GT,AA,GT,CC,AA,AG,AA,AT,AG,TT,TT,GG,GG,GG,CC,AA,GG,AA,AT,CG,GT,AC,TT,CT,TT,GT,GG,TT,CC,GT,CC,CC,CC,AA,AA,TT,TT,CC,AA,AG,AA,CC,GG,TT,CC,GT,AA,AA,TT,CC,AG,CC,GG,CC,GG,TT,AA,CC,CC,CC,NN,AA,GT,CC,AA,CC,CC,AA,TT,AA,AA,CG,CC,CC,GG,NN,AG,AA,CC,GG,CC,CG,AA,AA,GG,TT,GG,AC,GT,CT,GG,CC,TT,GT,TT,CC,NN,GT,TT,AA,TT,GG,CC,AG,CT,CC,CC,CG,CC,AA,GG,AA,CC,TT,GG,GG,GT,CG,AT,AA,AA,TT,CC,GG,AC,CC,CC,GG,GG,AA,CG,TT,AC,AA,CC,GG,AA,AC,AT,AT,GG,TT,TT,AA,GG,TT,AT,CC,TT,GT,AA,GG,AA,TT,AA,TT,CC,TT,AC,CC,NN,GG,AA,CC,AG,CC,TT,TT,GT,GG,TT,AA,AC,AA,GG,CC,CC,GG,CC,GG,TT,AA,CC,GT,GG,CC,CC,AT,GG,CC,AA,CG,AA,AA,AA,CG,AC,TT,AA,GG,AA,AA,AC,AA,AG,AA,AA,AA,AA,GG,AA,AG,CC,AA,TT,AA,AA,GG,GG,GG,TT,AA,AG,TT,TT,TT,AA,TT,GG,GG,AA,0.91,Susceptible,Medium,Premium,Medium
L0469,Anantapur,Andhra Pradesh,Kharif,Red Sandy,Rainfed,390,31.0,52,AC,TT,GG,AG,GG,CC,GG,TT,CC,GG,AA,CC,CG,TT,TT,GG,CG,TT,TT,AA,CC,GT,TT,CC,AT,CC,GT,TT,GG,AA,TT,CC,AA,CC,GG,CG,GG,GG,GG,CC,TT,CT,AA,GT,AA,GG,TT,AT,CC,AC,GG,AT,AG,NN,CC,TT,TT,AC,GT,AC,AA,TT,TT,AG,TT,AT,CC,GG,TT,GG,AG,GG,CC,AA,GG,AA,AT,GG,TT,TT,GG,GG,GG,CC,AA,GG,AA,AA,CC,TT,CC,TT,CC,TT,GT,GG,TT,CC,TT,CC,TT,CC,AG,NN,TT,TT,CC,AA,GG,AA,CC,GG,TT,CC,GT,AA,AA,TT,CC,GG,CC,GG,CC,GT,TT,AA,CC,CG,CC,CC,AA,TT,CC,AA,AC,CT,AA,TT,AA,AA,GG,CC,CC,GG,AA,NN,AA,CC,GG,CG,CG,AA,AG,AG,TT,GG,AA,GT,TT,GG,AA,GT,NN,TT,CC,AT,TT,CT,AT,AT,CG,CC,AG,CC,CC,CC,CG,CC,AA,GG,AA,CC,TT,CC,GT,GT,GG,TT,AA,AA,TT,CC,CG,AC,CC,CC,GG,GG,AC,GG,TT,AA,AG,CG,GG,AA,AC,AA,AT,GT,TT,TT,AT,GG,GT,AT,CC,TT,TT,AA,GG,AA,TT,AA,TT,CC,TT,AA,CC,TT,GG,GG,CC,AG,CC,TT,CT,TT,GG,TT,AA,AA,AG,GG,CC,CC,GG,CC,GG,TT,AA,CC,TT,GG,CC,CC,AA,NN,CG,AT,NN,AA,AA,AA,CC,CC,TT,AG,GG,AA,AA,AA,AA,GG,AA,AA,AA,AA,GG,AA,AG,AA,AA,CC,AA,AA,GG,GG,GG,TT,AA,AA,GT,TT,TT,AG,TT,GG,GG,AA,2.51,Susceptible,Medium,Poor,Late
L0470,Anantapur,Andhra Pradesh,Kharif,Red Sandy,Rainfed,390,31.0,52,CC,TT,GG,AG,CG,CG,GG,TT,CC,CG,AA,NN,CC,TT,TT,GG,GG,TT,TT,AA,CC,TT,GT,CT,TT,CC,TT,TT,GG,AA,TT,CC,AG,CC,AG,GG,GG,CC,GG,CC,TT,TT,AA,TT,AA,AG,TT,TT,CC,AA,GG,AT,AA,GG,CC,TT,AA,AA,TT,AC,AA,TT,TT,GG,CT,AT,CC,GG,NN,GT,AG,GG,CC,AA,GG,AC,AA,GG,TT,TT,GG,GG,GT,CC,AA,GG,AA,AT,CC,GT,CC,TT,CC,TT,TT,GG,TT,AC,TT,CC,CC,CG,AG,AA,TT,TT,CC,AA,AG,AA,CC,GG,TT,CC,TT,AC,AA,AT,CC,NN,CG,GG,CT,GT,CC,AA,CC,CC,AC,CC,AA,GT,AC,AA,CC,CC,AA,TT,AA,AA,GG,CC,CC,GG,AA,AA,AT,CC,GG,NN,CC,AA,AA,GG,TT,GG,CC,TT,TT,GG,CC,GG,TT,TT,CC,AT,TT,CT,AA,TT,CC,CC,AA,CT,AC,CC,CG,CC,AA,GG,AA,CC,GT,CC,GT,TT,CG,AT,AA,AG,TT,CC,GG,AA,CC,CC,GG,GG,AC,GG,TT,AC,AG,CC,GG,AT,CC,AA,AA,GG,TT,AT,AA,GG,GT,TT,CG,AT,TT,AA,GG,AA,CT,AA,TT,CC,NN,AA,CC,TT,CG,AG,CC,AG,CC,TT,CT,TT,GG,TT,CC,CC,AA,GG,CC,CG,GG,CC,GG,TT,AA,CC,GT,GG,CC,CC,AA,GG,CG,AA,CC,AA,AA,AC,CC,AA,TT,AA,GG,AA,AA,AC,AA,AG,AG,AG,AA,TT,GG,AA,AG,AC,AA,TT,AA,AA,CG,GG,GG,GT,AA,AA,TT,TT,TT,AA,TT,GG,GG,AA,5.29,Susceptible,Low,Poor,Late
L0471,Anantapur,Andhra Pradesh,Kharif,Red Sandy,Rainfed,390,31.0,52,AA,TT,GG,AG,GG,CC,NN,TT,CC,CG,AA,CC,CC,TT,TT,GG,GG,TT,TT,AA,CC,TT,TT,CC,AT,CC,TT,TT,GG,AA,TT,CC,AA,CC,GG,GG,GG,CG,GG,CC,TT,CT,AA,TT,AA,AG,TT,TT,CC,AA,GG,AT,AA,GG,CC,GT,AA,CC,GG,AC,AA,TT,TT,AA,TT,TT,CC,GG,CT,GG,GG,GG,CC,AA,AG,AA,AA,AG,TT,TT,GG,GT,GG,CC,AA,GG,AA,NN,CG,GT,AC,TT,CC,TT,GT,GG,CT,CC,TT,CC,TT,CC,AG,AA,TT,TT,CC,AA,GG,AA,CC,GG,TT,CC,TT,AA,AA,TT,CC,AA,CG,GG,CC,GT,TT,AA,CC,CC,CC,CC,AA,GT,AC,AA,CC,CT,NN,TT,AA,AA,GG,CC,CC,GG,AA,AG,AA,CC,GG,CC,CC,AA,AA,GG,GT,AG,AC,TT,CT,GG,CC,TT,TT,TT,CG,AT,NN,TT,AA,TT,GG,CC,AA,CC,CC,CC,NN,CC,AA,GG,AG,CC,TT,CG,GT,GT,GG,AT,AA,AA,TT,CC,GG,AA,CC,CC,GG,GG,AA,CG,TT,AA,AA,CC,GG,AA,CC,AA,AT,GG,TT,TT,AA,CG,GT,AT,CC,TT,GT,AA,GG,AA,CT,AA,TT,CC,TT,AC,CC,TT,GG,AA,CC,NN,CC,TT,CT,GT,GG,TT,AC,AC,AA,GG,CC,CG,GG,CC,GG,AT,AA,CC,TT,GG,CC,CG,NN,GG,CC,AT,GG,AA,AA,CC,CG,AC,TT,AA,GG,AA,AA,AA,AA,AA,AG,AG,AA,TT,GG,AA,AG,AC,AA,TT,AA,AA,CG,GG,NN,TT,TT,AA,GG,TT,TT,AG,TT,GG,GG,AA,4.85,Susceptible,Low,Premium,Medium
L0472,Anantapur,Andhra Pradesh,Kharif,Red Sandy,Rainfed,390,31.0,52,NN,TT,GG,AA,GG,CC,GT,TT,CC,CC,AA,CC,CG,TT,TT,GG,CC,TT,TT,AA,CC,TT,GG,CT,AT,CC,TT,TT,GG,AA,TT,CC,AA,CC,AG,GG,GG,CC,GG,CC,TT,TT,AA,TT,GG,GG,TT,AT,CC,AC,GG,AA,AG,GG,CC,GG,AA,AA,GG,AA,AA,TT,TT,AG,TT,TT,CC,GG,TT,GG,AG,NN,CC,AA,GG,AC,AA,GG,TT,TT,GG,GG,NN,CC,AA,GG,AA,AA,CC,GT,CC,TT,CC,TT,GT,GG,CT,CC,TT,CC,CC,CG,AG,AA,TT,TT,CG,AA,AA,AA,CC,NN,TT,CC,TT,AC,AC,TT,CG,GG,CC,AG,CC,GG,TT,AA,CC,CC,AC,CC,AA,TT,CC,AA,CC,CT,AA,NN,AA,AA,GG,CC,CC,GG,AA,AA,AA,CC,GG,CC,CG,AA,AA,GG,GT,GG,AA,GT,CT,GG,CC,GT,TT,TT,CG,AA,TT,TT,AA,TT,GG,CC,AG,CC,CC,CC,CG,CC,NN,GG,AA,NN,TT,CC,GT,TT,GG,AT,AA,NN,TT,AC,CG,AA,CC,CC,GG,AA,AA,CG,TT,AC,AA,CC,GG,AA,CC,AA,AA,GT,TT,AT,AA,GG,GG,TT,CC,AT,TT,AA,GG,AA,TT,AA,TT,CC,TT,AA,CC,TT,GG,AA,NN,AG,CC,AT,TT,TT,CG,AT,AC,CC,AA,GG,CC,CG,GG,CC,GG,TT,AA,CG,GG,GG,CC,CC,NN,AG,CG,AA,CG,AT,AA,CC,CC,AA,TT,AA,GG,AA,AC,AC,AA,GG,AA,AA,AA,AA,GG,AC,NN,AC,NN,CT,AA,AA,GG,GG,GG,TT,AA,AA,GT,TT,TT,AG,TT,GG,GG,AA,4.33,Moderate,Low,Standard,Late
L0473,Anantapur,Andhra Pradesh,Kharif,Red Sandy,Rainfed,390,31.0,52,AC,TT,GG,AG,GG,CC,NN,TT,CC,GG,TT,CC,CG,AT,GT,GG,CG,TT,TT,AG,CG,GT,GT,CC,TT,CC,TT,AT,GG,AA,TT,CC,AA,CC,GG,CG,GG,CG,GG,CC,TT,TT,AA,TT,AA,AG,TT,TT,CC,AA,GT,AT,AG,GG,TT,TT,AA,AA,GT,AA,AG,GT,TT,AA,TT,TT,CC,GG,CT,GG,GG,GG,CC,AA,GG,AC,AT,GG,TT,TT,GG,GG,GG,CC,AA,GG,AA,AA,CC,GG,CC,TT,CC,TT,NN,GG,TT,CC,GT,CT,TT,CC,AG,AA,AT,TT,CC,AA,AA,AC,CC,GG,TT,CC,TT,AA,AA,TT,CG,AG,NN,GG,CT,GT,CT,AG,NN,CC,CC,CC,AG,TT,CC,AA,CC,CC,AA,TT,AG,AT,GG,CC,CC,AG,AA,AG,AA,CC,GT,NN,CC,NN,AG,GG,TT,GG,AA,GT,CT,GG,CC,TT,TT,TT,CC,AA,GT,TT,AT,AT,GG,CC,AA,CC,CC,CC,CG,CC,AA,GG,AA,CC,TT,CC,GT,GT,CC,TT,AA,AA,TT,CC,GG,AA,AC,CC,GG,AA,AC,GG,TT,AA,AG,CC,GG,AT,AC,AA,AA,GG,TT,TT,AT,GG,TT,AA,CG,AT,GG,AT,GG,AA,CT,AA,TT,CC,CT,AA,CC,TT,CG,AA,CG,AG,CC,TT,TT,TT,GG,TT,AA,CC,AG,GG,NN,CG,GG,CC,GG,AT,AA,CC,TT,GG,CC,CG,AT,GG,CC,AT,CC,AA,AA,CC,CC,NN,NN,AA,GG,AA,AC,AC,AA,GG,AG,AG,AA,AT,CG,AA,AG,AC,AA,TT,AA,AG,GG,GG,GG,TT,AT,AA,TT,TT,TT,AG,TT,GG,GG,AA,2.09,Susceptible,Low,Poor,Medium
L0474,Anantapur,Andhra Pradesh,Kharif,Red Sandy,Rainfed,390,31.0,52,AA,TT,GG,AA,GG,CC,GG,TT,CC,CG,AA,CC,CG,TT,TT,GG,CG,TT,TT,AG,GG,TT,TT,CC,TT,CC,TT,TT,GG,AA,TT,CC,AA,CC,GG,GG,GG,CC,GT,CC,TT,TT,AA,TT,AG,AG,TT,TT,CC,CC,GG,AA,AG,GG,CT,TT,AA,AC,GT,CC,AG,TT,TT,AA,NN,TT,CC,GG,TT,GG,GG,GG,AC,AA,GG,AC,AA,GG,TT,TT,GG,GG,NN,CC,AA,GG,AA,AA,CC,TT,CC,TT,CT,TT,TT,GG,TT,CC,TT,CC,CC,CC,AA,AA,TT,TT,CC,AA,AG,AA,TT,GG,TT,CC,TT,AA,AC,TT,CC,GG,CG,GG,CT,GT,TT,AA,CC,CC,CC,CC,AA,TT,CC,AA,CC,CT,AA,TT,AA,TT,GG,CC,CC,GG,AA,AG,AA,CC,GG,CC,CC,AG,AA,GG,GT,GG,AA,GT,CT,GG,CC,TT,TT,TT,CC,AA,TT,TT,AA,AT,GG,CC,AG,CT,CC,CC,GG,CC,AA,GG,AG,CC,TT,CC,GG,GT,CG,TT,AA,GG,TT,CC,GG,AA,AC,CC,GG,GG,AA,GG,TT,NN,AG,CC,GG,AA,AC,AA,AT,GT,TT,AT,AT,GG,GT,AA,CC,AA,TT,AA,GG,AA,TT,AA,TT,CC,CT,AC,CC,CT,GG,AA,CG,AG,AC,AT,CT,TT,GG,TT,AC,AC,GG,GG,CC,CC,GG,CC,GG,AA,AA,CC,GT,GG,CG,CC,AA,GG,CC,AA,CC,AA,AA,CC,GG,AC,TT,AA,CG,AA,AA,AA,AA,AG,AG,NN,AA,AT,CG,AA,AG,CC,AA,CT,AA,AG,CG,GG,GG,TT,AT,AA,TT,TT,TT,AA,AT,GG,GG,AC,2.71,Moderate,Medium,Standard,Early
L0475,Anantapur,Andhra Pradesh,Kharif,Red Sandy,Rainfed,390,31.0,52,NN,TT,GG,AA,GG,CC,GG,TT,CC,CG,AA,CC,CG,AT,GT,GG,CG,TT,TT,AA,CC,GT,GT,CC,TT,CC,TT,AT,GG,AA,TT,CT,AA,CC,GG,GG,GG,CC,GG,CC,TT,CT,AA,GT,AG,GG,TT,TT,CC,AA,GG,AA,AG,GG,CT,GT,AA,AA,GT,AC,GG,TT,NN,AA,TT,TT,CC,GG,TT,GT,AG,GT,CC,AA,AG,AA,TT,GG,TT,TT,GG,GG,GG,CC,AT,GG,AA,AA,CG,TT,AC,TT,CC,AT,TT,AG,TT,CC,GT,TT,CT,CC,GG,AA,TT,TT,CC,AA,AA,AA,NN,GG,TT,CC,TT,AC,AA,TT,CC,AA,CG,GG,CC,GG,TT,AG,CC,CC,CC,CC,AA,TT,CC,AA,CC,CC,AA,TT,AA,AA,GG,CC,CC,GG,AA,AG,AA,CC,GG,CC,CC,AA,GG,GG,TT,AG,AA,TT,TT,AG,NN,TT,GT,TT,CC,AT,GT,TT,AA,TT,GG,CC,AA,CC,CC,CC,GG,CC,AA,GG,AA,CC,TT,CC,GG,GG,GG,TT,AA,AA,TT,CC,CC,AC,AC,CC,CG,GG,AA,GG,TT,AA,AA,CC,GG,AA,AC,AA,AT,GG,TT,AT,AT,CC,GT,AT,CC,TT,TT,AA,GG,AA,TT,AA,TT,CC,TT,AA,CC,TT,CG,GG,CC,GG,NN,TT,TT,TT,GG,TT,AA,AC,AG,GG,CC,CC,GG,CC,GG,AT,AA,CC,GT,GG,CG,CC,AA,AG,CC,AA,CC,AA,AA,CC,CG,AC,TT,AA,GG,AA,AA,AA,AA,AG,AG,AA,AA,TT,GG,AC,AG,AC,AA,TT,AG,AA,GG,AG,CG,GT,AA,AA,GT,TT,TT,AA,TT,GG,GG,AC,4.43,Resistant,Low,Premium,Medium
L0476,Anantapur,Andhra Pradesh,Kharif,Red Sandy,Rainfed,390,31.0,52,AA,CC,AG,AG,CG,CC,TT,TT,CC,CC,AA,TT,CG,TT,GT,GG,CG,TT,TT,AA,CG,TT,TT,CC,TT,CC,TT,TT,GG,AA,TT,CT,AA,CC,GG,CG,NN,CG,GG,CC,TT,CT,AA,TT,AG,AG,TT,AT,CC,AC,GG,AT,AA,GG,CC,TT,AA,AA,NN,AA,AA,GT,TT,AG,TT,TT,CC,GG,TT,GG,AA,GG,CC,AA,AG,AC,TT,GG,TT,TT,GG,GG,GG,CC,AA,GG,AA,AT,CC,GG,AC,TT,CT,TT,GT,GG,TT,CC,TT,CC,CC,CG,GG,AG,TT,TT,CC,AA,AA,AA,CC,GG,GT,CG,TT,AA,AA,TT,CC,GG,CG,AG,CC,GG,CT,AA,CC,CC,CC,CG,AA,TT,CC,AA,CC,CC,AA,TT,AA,AT,GG,CC,CC,GG,AA,AG,AA,CC,GT,CC,CC,AA,AA,AG,TT,AG,AC,GT,CT,GG,AC,TT,TT,TT,CC,TT,GT,TT,AA,TT,CG,NN,AG,CC,AC,CC,GG,AC,AA,GG,AA,CC,TT,CC,GG,GT,CG,AT,NN,AA,TT,CC,GG,AA,CC,GG,GG,GG,AA,GG,TT,AA,AG,CC,GG,AA,AC,AA,NN,GG,TT,TT,AT,GG,GT,AA,CG,AT,TT,AA,GG,AA,CC,AA,TT,CC,TT,AA,CC,TT,CG,AA,CC,AA,CC,TT,TT,TT,GG,TT,AA,AC,AA,GT,CC,CG,GG,CC,GG,AT,AA,CC,TT,GG,CC,CG,AA,AG,CC,AT,CC,AA,AA,CC,CC,AC,TT,AA,GG,AA,AA,AA,AA,AA,AG,AA,AA,TT,GG,AA,AA,AC,AA,CC,AA,AG,GG,GG,GG,TT,AT,AA,TT,AT,TT,AA,TT,GG,GG,AC,3.35,Resistant,Low,Poor,Medium
L0477,Anantapur,Andhra Pradesh,Kharif,Red Sandy,Rainfed,390,31.0,52,AA,TT,GG,AG,GG,CC,GT,AT,CC,CG,AT,CC,CC,AT,TT,GG,CG,TT,AT,AG,CC,TT,TT,CC,TT,CC,NN,TT,GT,AA,TT,CC,AA,CC,GG,GG,GG,CG,GG,CC,TT,TT,AC,TT,AA,GG,TT,AT,CC,AC,GG,AA,AA,GG,CC,TT,AA,AA,GT,AA,AA,TT,TT,AA,TT,TT,CC,GG,TT,GG,AA,GT,CC,AA,AG,AA,NN,GG,GT,TT,GG,GG,GG,CC,AA,GG,AG,AA,CC,GT,CC,TT,CT,TT,TT,GG,TT,CC,GG,CC,CT,CC,AA,AA,TT,TT,CC,AG,AG,AA,CC,GG,GT,CC,TT,AA,AA,TT,CC,GG,CG,AG,CC,TT,CT,AG,CT,CC,CC,CC,AA,TT,AC,AA,CC,CT,AG,TT,AG,AA,CG,CC,CC,GG,AA,AG,AA,AC,GG,CC,CC,AA,GG,AG,GT,AG,AC,GT,CT,GG,AC,GT,TT,TT,CC,AA,TT,TT,AA,AT,GG,CC,GG,TT,CC,CC,GG,CC,AT,GG,AA,CC,TT,CC,GG,TT,CG,AT,AA,AA,TT,CC,GG,AA,CC,CC,GG,GG,AC,CG,TT,AA,AA,CC,GT,AA,AC,AA,TT,GG,GT,TT,AA,GG,TT,AT,CG,TT,TT,AA,GG,AA,TT,AA,TT,CC,TT,AA,CC,TT,CG,AA,CC,AG,CC,TT,TT,TT,GG,TT,AC,CC,AG,GT,CC,CC,GG,CC,GG,AT,AA,CC,TT,GG,CC,CC,AA,GG,CC,AT,CG,AA,AG,AC,CG,CC,TT,AA,GG,AA,AA,AA,AA,AG,AA,AA,AA,TT,GG,AC,AA,CC,AA,TT,AA,AA,GG,GG,GG,TT,AA,AA,TT,TT,TT,AG,AT,GG,GG,AA,1.84,Moderate,High,Poor,Late
L0478,Anantapur,Andhra Pradesh,Kharif,Red Sandy,Rainfed,390,31.0,52,AC,TT,AA,AG,GG,CC,GG,TT,CC,CG,AA,CT,CG,TT,TT,GG,CG,TT,TT,AA,CG,GT,GT,CC,AT,CC,TT,TT,GG,AA,TT,CC,AA,AC,AG,CG,GG,CC,GG,CC,NN,TT,AC,TT,AA,GG,TT,AT,CC,AC,GG,AA,AG,GG,CC,TT,AT,AA,GG,AA,AG,GT,TT,AA,TT,TT,CC,GG,TT,GG,AG,GG,CC,GG,GG,AC,AT,GG,TT,TT,GG,GT,GG,CC,AA,GG,AA,AT,CC,TT,CC,TT,CC,TT,TT,GG,TT,CC,TT,CC,CC,CG,AG,AA,TT,TT,CC,AA,AA,AA,CT,GG,TT,CG,TT,AA,AA,TT,CC,GG,CC,GG,CC,GT,TT,AA,CT,CC,CC,CC,AA,TT,CC,AA,CC,CT,AA,TT,AA,AA,CG,CC,CC,GG,AA,AG,AA,CC,GG,CC,CC,AG,AA,AG,GT,GG,AC,TT,TT,GG,CC,TT,TT,TT,CG,TT,GT,TT,AA,TT,GG,CC,AG,CC,CC,CC,GG,CC,AA,GG,AA,CC,TT,CC,GT,TT,CG,AA,AA,AG,TT,CC,GG,AC,AC,CC,GG,GG,AA,GG,TT,AC,AA,CC,GG,AA,NN,AT,AA,GG,TT,TT,AA,CG,TT,AT,CG,AA,GT,AA,GG,AA,TT,AA,TT,CC,CT,AC,CC,CT,CG,GG,CC,AA,CC,TT,CT,TT,GG,TT,AA,CC,AA,GG,CC,GG,GG,CG,GT,TT,AA,CC,TT,GG,CC,CC,AA,NN,CC,AA,CC,AA,AA,AC,CC,AC,TT,AA,GG,AA,AA,AA,AA,NN,GG,AA,AA,AT,GG,AA,AA,AC,AC,CT,AA,AA,GG,GG,CG,TT,AA,NN,TT,TT,TT,AA,TT,GG,GG,AA,2.5,Moderate,Medium,Premium,Late
L0479,Anantapur,Andhra Pradesh,Kharif,Red Sandy,Rainfed,390,31.0,52,AA,CC,GG,AA,GG,CC,GG,TT,CC,GG,AA,CC,CG,AT,TT,GG,CG,TT,TT,AG,CC,TT,TT,TT,TT,CC,TT,TT,GG,AA,TT,CT,AA,CC,GG,CG,GG,CC,GG,CC,TT,TT,AA,TT,AA,GG,TT,TT,CC,CC,GG,AA,AA,GG,CT,TT,AA,AC,GT,AC,AA,TT,AT,AA,TT,TT,CC,GG,CT,GT,AA,GG,CC,AA,AG,AC,AT,AG,TT,TT,AG,NN,GG,CC,AA,GG,AA,AT,CC,GG,AC,TT,CT,TT,GT,GG,TT,CC,TT,CC,CC,CC,GG,AA,AT,TT,CC,AA,AG,AA,CC,GG,TT,CG,TT,AC,AA,TT,CC,GG,CC,GG,CC,GG,TT,AA,TT,CC,AC,CC,AA,TT,CC,AA,CC,CT,AA,TT,AA,AT,NN,CC,CC,GG,AA,AA,AA,AC,GG,CC,CC,AA,AA,GG,GT,GG,AC,TT,TT,GG,CC,GT,GT,TT,CC,AA,GT,TT,AA,AT,GG,NN,AA,CT,AC,CC,CG,CC,AA,GG,AG,CC,TT,CC,GG,GT,GG,AT,AA,AA,GT,CC,GG,AA,CC,CG,GG,AG,AC,CG,TT,AC,AA,CC,GG,AA,AC,AA,AT,GG,GT,TT,AA,CG,GT,AT,CC,TT,GT,AA,GG,AG,TT,AA,TT,CC,TT,AA,NN,TT,GG,AG,CC,GG,CC,TT,TT,GT,GG,TT,AC,AC,AG,GG,CC,CG,GG,CC,GG,AT,AA,CC,TT,GG,CC,CC,AA,GG,CC,AA,CC,AT,AA,AC,CG,AC,TT,AA,GG,AA,AA,AA,AA,AA,AG,AG,AA,TT,GG,AC,AA,CC,AA,CC,AA,AG,GG,GG,GG,TT,AA,GG,TT,TT,TT,AG,TT,GG,GG,AA,0.91,Moderate,High,Premium,Early
L0480,Anantapur,Andhra Pradesh,Kharif,Red Sandy,Rainfed,390,31.0,52,AA,TT,AG,AA,GG,CC,GG,AT,CC,CG,AT,CC,CC,TT,GT,GG,GG,TT,TT,AA,CC,GT,TT,CC,TT,CC,TT,AT,GG,AA,TT,CC,AA,CC,GG,CG,GG,CC,GG,CC,TT,TT,AA,TT,AA,AG,TT,TT,CC,CC,GT,AA,AA,GG,CC,TT,AT,AC,GT,CC,AA,TT,AA,AA,CT,AT,CC,GG,TT,GT,AG,GT,AC,AA,GG,AC,AT,GG,TT,TT,GG,GT,GG,CC,AA,GG,AA,AA,CC,TT,AC,TT,CC,AT,GT,GG,TT,CC,TT,CC,CC,CG,AG,AA,TT,GT,CC,AA,AA,AA,CC,GG,TT,CG,TT,AA,AC,TT,CG,AG,CC,GG,CT,GG,CT,AA,NN,CC,NN,CC,AA,TT,CC,AA,CC,CT,AA,TT,AA,AA,CG,CT,CC,GG,AA,AA,AA,CC,GG,CC,CC,AG,AG,AG,TT,GG,AA,GT,CT,GG,CC,GT,GT,CT,CC,AA,TT,TT,AT,AT,GG,CC,AA,CT,CC,CC,GG,CC,AA,GG,AA,CC,TT,CC,GG,GT,GG,TT,AA,AA,TT,CC,GG,AC,CC,CC,GG,GG,AC,CG,TT,AA,AA,NN,GG,AA,CC,AA,AT,GT,TT,AT,AT,NN,GG,AA,CC,AA,NN,AA,GG,AA,TT,AC,TT,CC,CT,AA,CC,CC,GG,AG,CG,GG,CC,TT,TT,TT,GG,TT,AA,CC,AA,GG,CC,CC,GG,CC,GG,TT,AA,CC,GT,GG,CC,CC,AA,GG,CC,AA,CC,AT,AA,CC,CC,AC,TT,NN,GG,AA,AA,AA,CC,AG,AG,AA,AA,NN,GG,AC,AG,CC,AA,CT,AA,AA,GG,AG,CG,TT,AA,AA,TT,AT,TT,AA,TT,GG,GG,AA,1.35,Susceptible,Low,Standard,Medium
L0481,Anantapur,Andhra Pradesh,Kharif,Red Sandy,Rainfed,390,31.0,52,AC,TT,GG,AA,CG,CC,GT,AA,CC,CG,AA,CC,CC,AT,TT,GG,GG,TT,TT,AG,CC,GT,TT,CC,TT,CC,TT,TT,GG,AA,TT,CC,AA,CC,GG,GG,GG,CG,GG,CC,TT,TT,AC,TT,AA,GG,TT,AT,CC,NN,GG,AA,AG,GG,CC,TT,AA,AA,GT,AC,NN,TT,AT,AG,TT,TT,CC,GG,TT,GG,GG,GG,AC,AA,AG,AA,AA,GG,TT,TT,GG,GG,GG,CC,AT,GG,AA,AA,CC,GT,CC,TT,CT,TT,TT,GG,TT,CC,TT,CC,CT,CG,AA,AA,TT,TT,CC,NN,AA,AA,CC,GG,TT,CC,TT,AC,AA,TT,CG,AG,CG,GG,CT,GG,TT,AA,CC,CC,CC,CG,AA,TT,CC,AA,CC,NN,AA,TT,AA,TT,GG,CC,CC,GG,AA,AA,AA,NN,GT,NN,CC,AA,AG,AG,TT,AG,AC,TT,CT,AA,AC,TT,TT,TT,CC,AA,TT,TT,AA,TT,GG,CC,AG,CC,CC,CC,CG,CC,AA,AG,AG,CC,TT,CC,TT,TT,CG,AT,AG,AA,TT,CC,GG,AC,CC,CC,GG,GG,AA,GG,TT,AA,AG,CC,GT,AA,CC,AA,AA,GG,TT,TT,AT,GG,GT,AT,CC,TT,GG,AA,GG,AA,CT,AC,TT,CC,CT,AA,AC,TT,CG,AG,CC,AA,CC,TT,TT,TT,GG,TT,AC,NN,AG,GG,CC,CC,GG,CC,GG,TT,AA,CG,TT,GG,CC,CC,AA,GG,CC,AA,CC,NN,AA,AA,CC,CC,TT,AA,CG,AA,AA,AA,AC,AG,AA,AA,AA,TT,GG,AA,AA,AC,AC,CT,GG,AA,NN,GG,GG,TT,AA,AA,TT,TT,TT,AG,TT,GG,CG,AA,2.29,Moderate,Low,Poor,Medium
L0482,Anantapur,Andhra Pradesh,Kharif,Red Sandy,Rainfed,390,31.0,52,AA,CT,GG,AA,GG,CC,GT,TT,CC,CG,AA,CC,CG,TT,TT,GG,GG,TT,TT,AA,CG,TT,TT,CC,TT,CC,TT,TT,GT,AA,CT,CC,AA,CC,GG,GG,GG,CC,GG,CC,TT,TT,AA,GT,AA,AG,TT,TT,CC,AC,GG,AA,AA,GG,CT,GT,AA,AA,GT,AC,AA,GT,AA,AA,TT,AT,CC,GG,TT,GG,AG,GG,CC,AG,GG,CC,AT,AG,TT,TT,GG,GG,GG,CC,AT,GG,AA,AA,CG,TT,CC,TT,CC,TT,GT,GG,CC,CC,NN,CT,CC,CG,AG,AA,TT,TT,CC,AA,AA,AA,TT,GG,TT,CC,TT,AC,AA,TT,CC,GG,CC,AG,CC,TT,TT,AA,CC,CC,CC,CC,AA,TT,CC,AA,CC,CC,AA,NN,AG,AA,GG,CC,CC,GG,AG,AG,AA,CC,GG,CC,CC,AA,AA,AG,GT,GG,AC,GT,TT,GG,CC,GT,GT,CT,CC,AT,TT,TT,AA,TT,GG,CG,AG,CC,CC,CC,CG,CC,AA,GG,AA,CC,TT,CC,TT,GT,GG,TT,AA,AA,GT,CC,GG,AA,CC,CC,GG,GG,AC,GG,TT,AA,AA,CC,GT,AA,AC,AA,AA,GG,TT,AT,AT,GG,NN,AA,CC,AT,TT,AA,GG,AA,CT,AA,TT,CC,CT,AA,CC,CT,GG,AA,CC,AA,CC,TT,CT,GT,GG,TT,AA,CC,AA,GG,CC,CC,GG,CC,GG,NN,AA,CG,TT,AG,CC,CC,AA,GG,CC,AA,CC,AA,AA,CC,CC,CC,TT,NN,GG,AA,AA,AC,AC,AG,AA,AA,AA,TT,CG,AA,AG,AC,AC,CT,AA,AA,GG,GG,GG,TT,AA,AA,TT,TT,TT,AG,TT,GG,CG,AA,6.16,Susceptible,Low,Standard,Late
L0483,Anantapur,Andhra Pradesh,Kharif,Red Sandy,Rainfed,390,31.0,52,AC,TT,AA,AA,GG,CG,GG,TT,CC,CG,AT,CC,CG,TT,TT,GT,GG,TT,TT,AG,CC,TT,GT,CC,TT,CC,TT,TT,GG,AA,TT,CC,AA,CC,GG,GG,NN,NN,GG,CC,TT,CT,AA,GT,AG,GG,TT,TT,CG,CC,GG,AA,AA,GG,CC,GT,AA,AC,GT,NN,AG,TT,AA,AG,TT,AT,CC,GG,TT,GT,GG,GG,CC,AA,AG,AC,AT,GG,TT,TT,GG,GG,GT,CC,AA,GG,AA,AT,CG,GG,AC,TT,CT,AT,TT,GG,CT,CC,GT,CC,CC,CG,GG,AA,AT,TT,CC,AA,GG,AA,CT,GG,TT,CC,GT,AA,AC,TT,CC,GG,CC,AG,CC,TT,CT,AA,CC,CC,CC,CC,AA,TT,CC,AA,CC,CC,AA,TT,AA,TT,GG,CC,CC,GG,AA,AG,NN,AC,GG,CC,CC,AA,AA,AG,TT,GG,CC,TT,NN,GG,CC,TT,GT,TT,CC,AA,TT,TT,AA,NN,GG,CC,AA,CC,AC,CC,CG,CC,AA,GG,AG,CC,TT,CC,GG,TT,GG,AT,AA,AA,TT,CC,GG,AC,AC,CC,GG,GG,AC,GG,TT,AA,AA,CC,GG,AA,CC,AA,AA,GT,TT,TT,AT,GG,GT,AT,CC,TT,TT,AA,GG,AA,NN,AA,TT,CG,TT,AA,CC,TT,CG,AG,CC,AG,AC,TT,TT,GT,GG,TT,AA,AC,GG,GG,CC,CC,GG,CC,GG,NN,AA,CG,TT,GG,GG,CC,AT,GG,CG,AA,CC,AA,AA,CC,CC,AC,TT,AA,GG,AA,AA,AC,AA,AG,AG,AA,AA,AT,GG,AA,AA,CC,AC,TT,AA,AA,GG,GG,CG,TT,AT,AA,TT,TT,TT,AA,AT,GG,GG,AA,3.31,Moderate,Low,Premium,Late
L0484,Anantapur,Andhra Pradesh,Kharif,Red Sandy,Rainfed,390,31.0,52,AA,TT,GG,AG,GG,CG,GG,AT,CC,GG,AA,CC,CC,TT,TT,GT,CG,TT,TT,AA,CC,GT,GG,CC,TT,CC,TT,TT,GG,AC,TT,CC,AG,CC,GG,GG,GG,CG,GG,CC,TT,CC,AA,TT,AA,AG,TT,AT,CG,AA,GT,AT,AA,GG,CT,GT,AA,AC,GT,AA,AA,TT,AT,AA,TT,TT,CC,GG,TT,GG,AG,GG,CC,AA,AA,AC,AT,AG,TT,TT,GG,GG,GG,CC,AT,GG,AA,NN,CG,GG,CC,TT,CC,TT,GT,GG,TT,AC,TT,CC,CC,CG,AG,AA,TT,TT,CC,AA,AA,AA,CT,GG,TT,CC,TT,AA,AA,TT,CC,GG,CC,AG,CC,GG,CT,AA,CC,CC,AC,CC,AA,TT,CC,AA,AC,CC,AG,AT,AG,AA,GG,NN,CC,GG,AA,AA,AA,CC,GT,CC,NN,AG,AA,GG,TT,AG,AA,TT,TT,GG,AC,TT,GT,CT,CC,AA,TT,TT,AA,TT,GG,CC,AA,CT,AC,CC,CG,CC,NN,GG,AG,CC,TT,CG,GT,GG,CG,TT,AA,AA,TT,CC,GG,AA,CC,CC,GG,GG,CC,GG,TT,AC,AA,CC,TT,AA,AC,AA,AT,GG,TT,TT,AA,CG,GT,AT,CC,AT,GT,AA,GG,AG,TT,AA,TT,CC,TT,AA,CC,TT,GG,AG,CC,AG,CC,TT,TT,TT,GG,TT,AC,CC,GG,GT,CC,CC,GG,CC,GG,AT,AA,CC,GG,GG,CC,CC,AT,GG,CG,AA,CC,AA,AA,AC,CG,AC,TT,AA,GG,AA,AA,AC,AA,GG,AA,AA,AA,AT,GG,CC,AA,AC,AC,CT,AA,AA,CG,GG,GG,TT,AT,AG,TT,TT,TT,AG,TT,GG,CG,AA,2.3,Susceptible,Low,Poor,Medium
L0485,Anantapur,Andhra Pradesh,Kharif,Red Sandy,Rainfed,390,31.0,52,CC,TT,AG,AG,GG,CC,GG,NN,CC,CG,AA,CT,CC,TT,GT,GG,CG,TT,TT,AG,CC,GT,GT,CC,TT,CC,GT,TT,GG,AA,CT,CC,NN,CC,GG,GG,GG,CG,GG,CC,TT,TT,AA,TT,AA,AG,TT,AT,CC,AA,GG,AA,AA,GG,CC,TT,AA,AA,GT,AA,AA,TT,AT,AA,TT,AT,CC,GG,TT,GT,GG,GT,CC,AG,GG,AA,AA,GG,GT,TT,GG,GT,GG,CC,AA,AG,AA,AA,CC,TT,CC,TT,CC,TT,TT,GG,TT,CC,TT,CC,CT,CC,GG,AG,TT,TT,CC,AA,AA,AA,CT,GT,TT,CC,TT,AC,AA,TT,CC,AA,CC,GG,CC,GG,TT,AA,CT,CC,AC,CC,AA,TT,CC,AA,CC,CC,AA,TT,AA,AT,GG,CC,CC,GG,AA,GG,AA,CC,GT,CC,CG,AA,AA,GG,TT,AA,AA,TT,TT,GG,CC,TT,TT,TT,CC,AT,TT,TT,AA,TT,CG,CC,AA,CC,CC,CC,GG,CC,AA,AG,AA,CC,TT,CG,GT,TT,GG,TT,AA,AA,TT,CC,CG,AC,AC,CC,GG,GG,AC,GG,TT,CC,AA,CC,GG,AA,AC,AA,AA,GG,TT,TT,NN,GG,GG,AT,GG,AT,GT,NN,GG,AG,TT,AA,TT,CC,CT,AC,CC,TT,GG,AG,CC,AG,AC,TT,NN,GT,GG,TT,AC,CC,AA,GG,CC,CC,GG,CC,GG,AT,AA,CC,TT,GG,CG,CC,AA,AG,CC,AT,CC,AT,AG,AC,CC,AA,AT,AA,GG,AA,AA,AC,AA,GG,AA,AA,AA,TT,GG,NN,AG,AA,AC,CC,AA,AG,CC,GG,GG,TT,AT,AG,GT,TT,TT,AG,AT,GG,GG,AA,0.4,Susceptible,Medium,Standard,Medium
L0486,Anantapur,Andhra Pradesh,Kharif,Red Sandy,Rainfed,390,31.0,52,AC,CT,AG,AG,GG,CC,GG,TT,CC,CC,AA,CC,CC,TT,GT,GG,GG,TT,TT,AA,CG,GT,GG,CC,TT,CC,TT,TT,GG,AA,TT,CC,AA,CC,GG,GG,GG,CC,GG,CC,TT,CT,AA,TT,AA,GG,CT,TT,CC,AC,GG,NN,AA,GG,CC,GT,AT,AA,GG,AC,AA,GT,AT,AA,TT,AT,CC,GG,TT,GG,GG,GG,CC,AA,GG,AC,AA,GG,TT,TT,GG,TT,GG,CC,AA,GG,AG,NN,NN,GG,CC,TT,CC,TT,GT,GG,TT,CC,GT,CC,CC,CC,GG,AA,TT,TT,CC,AA,AA,AA,TT,GG,TT,CC,TT,AA,AA,AT,CC,AG,CG,GG,CC,GG,TT,AA,CC,CC,CC,CC,AA,TT,CC,AA,CC,CC,AA,TT,AA,AA,GG,CC,CC,GG,AA,AG,AT,CC,GG,CC,CC,AA,AA,AG,TT,GG,AC,GT,TT,GG,AC,TT,TT,TT,CC,AA,TT,TT,AA,TT,GG,CC,AG,TT,CC,CC,CG,CC,AA,GG,AA,CC,TT,CG,GT,GT,CG,AT,AA,AA,TT,CC,NN,CC,CC,CC,GG,GG,CC,GG,TT,AA,AA,CG,GG,AT,CC,AA,AT,GG,TT,TT,AA,GG,GG,AT,CG,TT,TT,AA,GG,AA,CT,AA,TT,CC,CT,AA,CC,CT,GG,AA,CC,GG,CC,TT,TT,GT,GG,TT,AA,AC,GG,GG,CC,CG,GG,CC,GG,TT,AA,CC,TT,GG,CC,CG,AA,GG,CC,AT,CC,AT,AA,CC,CC,AC,TT,AA,NN,AA,AC,AA,AA,AG,AG,AA,AA,TT,GG,AA,AA,AC,AA,CT,AG,AA,GG,AG,GG,TT,AA,AA,TT,TT,TT,GG,TT,GG,GG,AC,2.27,Resistant,Medium,Poor,Early
L0487,Anantapur,Andhra Pradesh,Kharif,Red Sandy,Rainfed,390,31.0,52,CC,TT,NN,AG,GG,CC,GT,TT,CC,CC,AA,CT,CG,AT,TT,GG,GG,TT,TT,AA,CC,TT,GT,CC,TT,CC,TT,TT,GG,AA,TT,CC,AA,AC,AG,GG,GG,CG,GG,CC,TT,TT,AA,GT,AA,AG,TT,TT,CC,AA,GG,AA,GG,CG,CT,TT,AA,CC,GT,AC,AA,TT,TT,GG,TT,TT,CC,GG,TT,GT,AG,GG,CC,AA,GG,CC,AT,GG,TT,TT,GG,GG,GG,CC,AA,GG,AG,AA,NN,TT,AC,TT,CT,TT,TT,AG,CT,CC,GT,CC,CC,CG,GG,AA,AT,TT,CC,AA,GG,AC,CT,GG,GT,CC,TT,AA,AA,TT,GG,AG,CC,GG,CC,GT,CT,AA,CC,CC,CC,CC,AA,TT,CC,AA,CC,CC,AA,AA,AA,AT,CG,TT,CC,GG,AA,AA,AA,AC,GG,CC,CC,AA,AA,GG,TT,GG,AA,GT,CT,GG,AC,GT,TT,TT,CC,AT,GT,TT,AA,TT,GG,CC,AA,CC,CC,CC,CG,CC,AA,GG,AG,CC,GT,CC,GG,TT,GG,TT,AG,AG,TT,CC,GG,AA,AC,CC,GG,GG,AA,CG,TT,AA,AA,CG,GG,AA,AC,AA,AA,GT,TT,AT,AT,GG,GG,AA,CC,TT,TT,AA,GG,AA,TT,AA,TT,CG,TT,AC,AC,TT,CG,AA,CC,AG,CC,TT,TT,TT,GG,TT,AA,CC,AG,GG,CC,CG,GG,CC,GG,TT,AA,CC,TT,GG,CC,CC,AA,GG,CG,TT,CC,AA,AA,AA,CC,NN,TT,AA,GG,NN,AA,AA,AA,AG,AG,AG,AA,TT,CC,AA,AA,AC,AC,TT,AA,AA,GG,GG,GG,TT,AA,AA,TT,TT,TT,AA,AT,GG,GG,AA,5.3,Susceptible,Low,Poor,Medium
L0488,Anantapur,Andhra Pradesh,Kharif,Red Sandy,Rainfed,390,31.0,52,AC,TT,GG,AA,GG,CC,GG,TT,CC,CG,AT,CC,CG,AT,TT,GT,GG,TT,TT,AG,CC,TT,TT,CC,TT,CC,TT,TT,GG,AA,TT,CC,AG,CC,GG,GG,GG,CG,GG,CC,TT,TT,AA,TT,AA,AG,TT,AT,CC,AC,GG,NN,AA,GG,CC,TT,AT,AA,GG,AA,AA,TT,TT,AG,TT,TT,CC,GG,TT,GG,AG,GG,CC,AA,GG,CC,AA,GG,TT,TT,GG,GT,GG,CC,AA,GG,AA,AA,CC,GG,CC,GT,CC,AT,TT,GG,TT,CC,GT,CT,CC,GG,AA,AG,TT,TT,CC,AA,AA,AA,CT,GG,TT,CG,TT,AA,AC,AT,CC,GG,CG,GG,CC,GG,TT,AA,CC,CC,CC,CC,AA,TT,CC,AA,CC,CT,AA,TT,AA,AT,GG,CC,CC,GG,AA,GG,AA,CC,GT,CC,CC,AA,AA,AG,TT,AG,AA,TT,TT,AG,CC,TT,GG,CT,CC,TT,TT,TT,AA,TT,GG,CG,AG,NN,CC,AA,CG,CC,AA,GG,AG,CC,TT,CG,GG,TT,GG,TT,AA,AA,TT,CC,GG,AA,AC,CC,GG,GG,AA,CG,TT,AC,AA,CG,GG,AA,CC,AT,AT,GG,GT,AT,AA,CG,TT,AT,CC,AT,GT,AA,GG,AA,CT,AA,TT,CC,TT,AA,CC,CT,GG,AG,CC,AA,CC,TT,TT,GG,GG,TT,AC,AC,AA,GG,CC,CC,GG,CC,GG,AT,AA,CG,TT,GG,CC,CC,AT,GG,CC,AA,CC,AA,AA,AC,CG,CC,AT,AA,GG,AA,AA,AC,AA,AG,AG,AA,AA,TT,GG,AA,AA,CC,AA,CC,AA,AA,GG,NN,GG,GT,AA,AA,TT,TT,TT,GG,TT,GG,GG,AA,4.28,Susceptible,Low,Premium,Early
L0489,Anantapur,Andhra Pradesh,Kharif,Red Sandy,Rainfed,390,31.0,52,AA,TT,NN,AG,GG,CC,GG,AA,CC,GG,AA,CC,CC,TT,TT,GG,CG,TT,TT,AA,NN,GT,GT,CC,TT,CC,GT,TT,GT,AA,TT,CC,AA,CC,GG,GG,GG,CC,GG,AC,TT,CT,AA,TT,AA,AG,TT,AT,CC,AA,GT,AA,AA,GG,CC,TT,AA,CC,GT,AC,AA,TT,TT,AG,TT,TT,CC,GG,TT,GG,AG,GG,CC,AA,GG,AC,AA,GG,TT,TT,GG,GG,GG,CC,AA,GG,AA,AA,CC,GG,AC,TT,CT,TT,TT,GG,TT,CC,TT,CC,CT,CC,AG,AG,TT,TT,CC,AA,GG,AA,CC,GG,TT,CC,GT,AA,AA,TT,CG,AA,CC,GG,CC,TT,CT,AA,CC,CC,CC,CC,AA,TT,CC,NN,CC,CC,AG,TT,AA,AA,CG,CC,CG,AG,AA,AG,AA,CC,GG,CC,CC,AA,AA,GG,TT,GG,CC,TT,CT,GG,AC,GT,GT,TT,CG,AA,TT,TT,AA,NN,GG,CC,AA,CC,AC,CC,GG,CC,AA,GG,AG,CC,TT,CC,GT,TT,GG,AT,AA,AG,TT,CC,GG,AC,AC,CG,GG,GG,AC,GG,TT,AC,AA,CC,GG,AT,AC,AT,AA,GG,TT,TT,AA,CG,GG,AT,GG,AT,GG,AA,GG,AA,TT,AA,NN,CC,TT,AA,CC,CT,CG,AG,CC,AG,CC,TT,TT,TT,NN,TT,AA,AC,AG,GG,CC,CG,GG,CC,GG,AT,AA,CC,GT,GG,CC,CC,AA,AG,CC,AA,CC,AA,AA,AC,CG,CC,TT,AA,GG,AA,AA,AC,AA,AA,AG,AG,AA,TT,GG,AA,GG,AA,AA,TT,AA,AA,GG,GG,GG,TT,AT,AA,TT,TT,TT,AA,AT,GG,GG,AA,4.05,Susceptible,Low,Premium,Late
L0490,Anantapur,Andhra Pradesh,Kharif,Red Sandy,Rainfed,390,31.0,52,AC,TT,AG,AA,GG,CC,GG,AT,CC,CC,AA,CC,CG,AA,TT,GG,CG,TT,TT,AA,CG,GT,TT,CT,TT,CC,TT,TT,GG,AA,TT,CC,AA,AC,GG,GG,GG,CC,GG,CC,TT,TT,AA,GT,AA,AG,CT,TT,CC,AC,GT,AA,AA,GG,CC,GT,AA,AA,GT,AC,AA,TT,TT,AA,TT,TT,CC,GG,TT,GG,AG,GT,CC,AA,AA,AA,AT,GG,GT,TT,GG,GT,GG,CC,AT,GG,AA,AA,CC,GT,CC,TT,CC,TT,TT,GG,CT,CC,GT,CT,CT,CG,AG,AA,TT,TT,CC,AA,AA,CC,CT,GG,TT,CC,TT,AA,CC,TT,CG,GG,CC,AG,CC,GG,CT,AA,CC,CC,AC,CC,AA,TT,AC,AA,CC,CC,AA,TT,AA,AA,CG,CC,CC,GG,AA,AG,AA,CC,GG,CC,CG,AA,AG,GG,TT,AG,CC,GT,TT,GG,CC,TT,TT,TT,CC,AA,TT,TT,AT,TT,CG,CC,AA,CT,CC,CC,GG,CC,AA,AG,AA,CC,TT,CC,GG,TT,GG,AT,AG,AA,GT,CC,GG,AA,AC,CC,GG,GG,AA,GG,TT,AC,AA,CC,GG,AA,CC,AA,AT,GG,TT,TT,AA,CG,GT,AT,CC,TT,TT,AT,GG,AA,CT,AA,TT,CC,TT,AA,AC,CT,CG,AG,CC,GG,CC,TT,CT,GG,GG,NN,AA,CC,AG,GG,CC,CC,GG,CC,GG,TT,AA,CG,TT,GG,CC,CC,AA,AG,CC,AT,CC,AA,AA,CC,CG,AC,AT,AA,GG,AA,AA,CC,AA,AG,GG,AA,AA,TT,CG,AA,AG,NN,CC,TT,AA,AA,GG,GG,GG,TT,AA,AA,GT,TT,TT,AA,TT,GG,GG,AA,2.82,Resistant,Low,Standard,Early
L0491,Anantapur,Andhra Pradesh,Kharif,Red Sandy,Rainfed,390,31.0,52,AA,TT,AG,GG,GG,CC,GT,AA,CC,CG,AA,CC,CC,TT,TT,GG,GG,TT,TT,AA,CC,TT,TT,CT,TT,CC,TT,TT,GG,NN,CT,CC,AA,CC,GG,CG,GG,CG,GG,CC,TT,CT,AA,TT,AA,AG,TT,AT,CC,AC,GG,AT,AA,GG,NN,GT,AA,AA,TT,AA,AA,GT,TT,AG,TT,TT,CC,GG,TT,GG,AG,GG,CC,AA,AG,AA,AT,GG,NN,TT,GG,GG,GT,CC,AA,AG,AA,AA,CC,TT,CC,TT,CC,TT,TT,GG,TT,CC,GT,CT,CC,CC,AG,AA,AT,NN,CG,AG,AA,AA,CT,GG,TT,CC,TT,CC,AA,TT,CC,GG,CC,GG,CC,GG,TT,AG,CC,CC,CC,CC,AA,TT,CC,AA,CC,CT,AA,AT,AA,TT,GG,CC,CC,GG,AA,AG,AA,CC,GG,CC,CC,AA,AA,GG,TT,GG,AC,TT,TT,GG,AC,GT,TT,TT,CG,AT,TT,TT,AT,TT,GG,CC,AA,CC,CC,CC,GG,CC,AA,GG,AA,CC,TT,CG,GG,TT,NN,AT,AA,AA,TT,CC,GG,AC,CC,CC,CG,GG,AA,GG,TT,AC,AG,CC,GG,AA,CC,AT,NN,GT,GT,TT,AT,GG,GT,AA,CG,TT,TT,AA,GG,AA,CT,AA,TT,CC,TT,AC,CC,TT,CG,AA,CC,GG,CC,AT,CT,GT,GG,TT,AA,AC,AG,GG,CC,CG,GG,CC,GG,AA,AA,CC,GT,GG,CC,CC,AA,AG,CG,AT,CC,AA,AA,AA,CC,CC,TT,AA,GG,AA,AA,AA,AA,AG,GG,AG,AA,TT,GG,AA,AA,AC,NN,CT,AA,AG,GG,GG,GG,TT,AT,AA,GT,TT,TT,GG,TT,GG,GG,AC,5.0,Resistant,Medium,Poor,Early
L0492,Anantapur,Andhra Pradesh,Kharif,Red Sandy,Rainfed,390,31.0,52,AC,TT,GG,AA,NN,CC,GG,AT,CC,GG,AA,CC,NN,TT,TT,GG,GG,AT,TT,AG,CC,TT,GG,CC,TT,CC,TT,TT,GG,AA,TT,CC,AA,CC,AG,GG,GG,CC,GG,CC,TT,TT,AA,GG,AA,AG,TT,AT,CC,CC,GG,AA,AA,GG,CC,TT,AA,AA,GG,AA,AG,TT,TT,AG,TT,AT,CC,GG,TT,GT,AG,GT,CC,AA,AG,AA,TT,GG,TT,TT,AG,GG,GG,CC,AA,GG,AA,AA,CC,TT,CC,TT,CT,TT,GG,GG,CT,CC,TT,CT,CC,CC,AG,AA,AT,TT,CC,AA,AA,AA,CC,GG,TT,CG,GT,AA,AA,TT,CG,AG,CC,GG,CC,GT,CT,AA,CC,CC,CC,CG,AA,TT,CC,AA,CC,CT,AA,TT,AA,AT,GG,CC,CC,GG,AA,GG,AA,CC,GT,CC,CC,AA,AA,AG,TT,AG,AA,GG,CT,AG,CC,TT,GT,TT,CG,TT,GT,TT,AT,TT,CG,CC,AA,CC,CC,CC,CG,CC,AA,GG,AG,CC,TT,CC,GG,TT,CG,AA,AA,AA,TT,AC,GG,AC,CC,CG,GG,GG,AC,GG,TT,AA,AA,CC,TT,AA,CC,AA,AA,GG,TT,TT,AT,GG,GT,AA,CG,AT,GT,AA,GG,AA,TT,AA,TT,CC,TT,AA,CC,CT,GG,AA,CG,AG,CC,TT,TT,GT,GG,TT,AA,AC,NN,GG,CC,CC,GG,CC,GG,NN,AA,CC,TT,GG,CC,CC,AA,GG,CG,AT,CC,TT,AA,CC,GG,AC,AT,AA,GG,AA,AA,AC,AA,GG,AG,AA,AA,TT,GG,AA,AA,AC,AA,TT,AA,AA,GG,GG,GG,TT,AA,AA,TT,TT,TT,AA,TT,GG,GG,AA,4.96,Resistant,Low,Premium,Medium
L0493,Anantapur,Andhra Pradesh,Kharif,Red Sandy,Rainfed,390,31.0,52,AC,CT,GG,AG,GG,CC,GG,TT,CC,CG,AA,CC,CC,AT,GT,GT,GG,TT,TT,AG,CC,GT,GT,CC,TT,CC,TT,TT,GG,AA,TT,CT,AA,CC,NN,CG,GG,CC,GG,CC,TT,CT,AA,TT,AA,AA,CT,AT,CC,AA,GG,TT,AA,GG,CC,TT,AA,AC,GT,AA,AA,TT,AT,AA,TT,AT,CC,GG,TT,GG,AA,GG,CC,AA,GG,AC,TT,GG,TT,TT,GG,GT,GG,AC,AA,GG,AA,AA,NN,GT,CC,TT,CT,TT,TT,GG,CT,CC,GT,CC,CC,CG,GG,AA,TT,TT,CC,AA,AA,AA,TT,GG,TT,CC,TT,AA,AA,TT,CC,GG,CC,AG,CC,GT,CT,AA,CC,CC,CC,CC,AG,GT,CC,AA,CC,CT,AA,AT,AA,AT,CG,CC,CC,GG,AA,AA,AA,CC,GT,CC,CC,AA,AA,GG,TT,GG,AC,GT,TT,GG,AC,TT,TT,TT,CG,AT,TT,TT,AT,AT,GG,CC,AG,CC,CC,AC,GG,CC,AA,GG,GG,CC,GT,CC,GG,GT,GG,TT,AA,AA,TT,CC,GG,AA,CC,CC,GG,GG,NN,GG,TT,AC,AA,CC,GG,AA,AC,AA,AA,GG,TT,AA,AA,GG,GT,TT,CC,AT,GT,AA,GG,AA,CT,AA,TT,CC,TT,AA,AC,TT,CG,AA,CG,AG,CC,AT,CT,GT,GG,AT,AA,AA,AA,GG,CC,CG,GG,CC,GT,TT,AA,CC,GT,AG,CC,CC,AA,GG,CC,AT,CC,AA,AA,CC,CG,AA,TT,AA,GG,AA,AA,AC,NN,AG,AG,AG,AA,TT,CG,AA,AA,AA,AC,CC,AA,AG,GG,GG,GG,TT,AT,AA,GT,TT,TT,AA,AT,GG,GG,AC,3.12,Resistant,Low,Poor,Medium
L0494,Anantapur,Andhra Pradesh,Kharif,Red Sandy,Rainfed,390,31.0,52,AA,TT,GG,GG,GG,CC,GT,AT,CC,CC,AA,CC,CG,TT,GT,GG,GG,TT,TT,AA,CC,TT,GG,CT,TT,CC,GT,TT,GG,AA,TT,CC,AA,CC,GG,CG,GG,CC,GG,AC,TT,CT,AA,TT,AA,AG,CT,TT,CC,AC,GT,AA,AA,GG,CC,TT,AA,AA,GT,AA,AA,GT,TT,AA,TT,TT,NN,GG,TT,GT,GG,GG,CC,AA,GG,AA,AA,GG,TT,TT,GG,GT,GG,AC,AT,GG,AA,AA,CC,GT,AC,TT,CC,TT,TT,GG,TT,CC,GT,CC,CC,CC,AG,AA,TT,TT,CC,AA,GG,AC,CC,GG,TT,CC,TT,AA,AA,TT,CG,AG,CG,GG,CT,GT,CT,AA,CC,CC,CC,CC,AA,TT,AC,AA,CC,CC,AA,AT,AA,AA,GG,CT,CC,GG,AA,AG,AA,CC,GT,NN,CC,AA,AA,GG,TT,AG,AC,GG,TT,GG,CC,TT,GT,TT,CG,AA,GT,TT,AT,TT,GG,CC,AA,CC,CC,CC,CC,CC,AA,AG,AA,CC,TT,CC,GG,TT,GG,TT,AA,AA,TT,AC,GG,AC,CC,CC,GG,GG,CC,NN,TT,AC,AG,CG,GT,AA,AC,AA,AA,GG,TT,TT,AT,GG,GT,AT,CC,TT,GT,AA,GG,AA,TT,AA,TT,CC,TT,AC,AA,CT,GG,AA,CC,GG,AC,TT,CT,GT,GG,AT,AA,CC,AA,GG,CC,CC,CG,CC,GG,AT,AA,CC,GT,GG,CC,CC,AT,GG,CG,AT,NN,AT,AA,AC,CG,AC,TT,AG,GG,AA,AA,AA,AA,GG,AG,AA,AA,TT,CG,AA,AA,AC,AC,CT,AA,AA,CG,GG,GG,TT,AA,AA,NN,TT,TT,AG,AT,GG,GG,AA,0.65,Susceptible,Low,Standard,Medium
L0495,Anantapur,Andhra Pradesh,Kharif,Red Sandy,Rainfed,390,31.0,52,CC,TT,GG,AG,GG,CC,GT,AT,CC,CC,AA,CT,CG,TT,TT,GG,CG,TT,TT,AG,CC,GG,TT,CC,AT,CC,GT,NN,GT,AA,TT,CC,AA,CC,GG,CG,GG,CC,GG,CC,TT,CT,AA,TT,AA,GG,TT,TT,CC,CC,GG,AA,AA,GG,CC,TT,AA,AC,GG,AA,AG,GT,AT,AA,TT,TT,CC,GG,TT,GG,AA,GT,AC,AA,GG,AA,AT,GG,GT,TT,GG,GT,NN,CC,AT,GG,AA,AA,CG,GT,CC,TT,CT,AT,TT,GG,TT,CC,TT,CC,CC,CG,AG,AG,TT,TT,CC,AA,AG,AA,CT,GG,TT,CC,TT,AC,AA,AT,CC,AA,CC,NN,CT,GG,TT,AA,CC,CC,CC,CC,AA,TT,CC,AA,CC,CC,AA,TT,AA,AA,GG,CT,CC,GG,AG,AG,AA,CC,TT,CC,CC,AA,AA,AG,TT,NN,AC,TT,TT,GG,AC,TT,TT,TT,CG,AA,NN,TT,AT,TT,GG,CC,AA,TT,CC,CC,GG,CC,AA,GG,GG,CC,TT,CG,GT,TT,CG,TT,AA,AA,TT,CC,GG,AA,CC,CC,GG,GG,AA,GG,TT,AA,AA,CC,GG,NN,CC,AA,TT,GT,TT,TT,AA,CG,GT,AA,CC,TT,NN,AA,GG,AA,CC,AA,AT,CC,CT,AA,CC,TT,CG,AA,CC,AA,NN,TT,CT,GT,GG,AT,AA,AC,AA,GG,CC,CC,GG,CC,GG,AT,AA,CC,TT,GG,CC,CC,AA,GG,CC,AT,CG,AA,AG,AC,CG,CC,TT,AA,GG,AA,AA,AA,CC,AA,AA,AA,AA,AT,GG,AA,AG,AC,AA,TT,AA,NN,GG,AG,GG,TT,AA,AA,TT,TT,TT,AA,TT,GG,GG,NN,1.25,Susceptible,High,Poor,Medium
L0496,Anantapur,Andhra Pradesh,Kharif,Red Sandy,Rainfed,390,31.0,52,AA,TT,GG,AG,CG,CC,GT,TT,CC,CG,AA,CC,CC,TT,TT,GG,CG,TT,TT,AG,CC,TT,GT,NN,TT,CC,GT,TT,GG,AA,NN,CC,AA,CC,GG,CG,GG,CG,NN,CC,TT,TT,AC,GT,AG,AG,TT,TT,CC,CC,GT,AA,AA,GG,CT,TT,AA,AC,GT,AA,AA,GT,TT,AG,TT,TT,CC,GG,TT,GT,AA,GT,AC,AA,GG,AA,AA,AG,GT,TT,GG,GG,GG,CC,AT,GG,AA,AA,CC,GT,CC,TT,CT,AT,GT,GG,TT,CC,GT,CC,CC,CC,AG,AA,TT,TT,CG,AG,AG,AA,CC,GG,TT,CC,TT,AC,AA,TT,CG,AG,CC,GG,CC,TT,CT,AG,CC,CC,CC,CC,AA,GT,CC,AA,CC,CT,AA,TT,AA,AT,GG,CC,CC,GG,AA,GG,AA,CC,GG,CC,CC,AA,AA,GG,GT,GG,AC,TT,CT,GG,AC,TT,GT,TT,CC,AA,GT,TT,AA,TT,GG,CC,AG,TT,CC,CC,GG,CC,AT,GG,AA,AC,TT,CC,GT,TT,GG,TT,AA,AA,TT,CC,GG,AA,CC,CC,GG,GG,AA,GG,TT,CC,AA,CG,GG,AA,AC,AA,TT,GG,TT,TT,AT,CG,GG,TT,CC,TT,GG,AA,GG,AA,CT,AA,AT,CC,TT,AC,AC,TT,CG,AG,CG,AG,CC,TT,CT,GG,GG,TT,AA,AC,AG,GG,CG,CG,NN,CC,NN,TT,AA,CG,TT,GG,CC,CC,AA,GG,CC,AT,CC,AA,AA,CC,CG,AC,TT,AA,GG,AA,AA,AA,AA,AG,AG,AA,AA,TT,GG,AA,AG,AA,AA,TT,AA,AA,GG,GG,GG,GT,AA,AA,GT,TT,TT,AA,AT,GG,GG,AC,1.22,Resistant,High,Poor,Late
L0497,Anantapur,Andhra Pradesh,Kharif,Red Sandy,Rainfed,390,31.0,52,AC,TT,AG,AG,GG,CC,GT,TT,CC,CC,NN,TT,CG,TT,TT,GG,GG,TT,TT,AA,CC,TT,TT,CC,AT,CC,TT,TT,GG,AA,CT,CC,AA,NN,GG,CG,GG,GG,GG,CC,NN,TT,AA,TT,AG,GG,TT,TT,CC,AA,GT,AA,AA,GG,CC,TT,AA,AA,GG,AC,AA,TT,TT,AA,NN,TT,CC,GG,TT,GG,AA,GT,CC,AA,AG,AA,AT,AG,TT,NN,AG,GT,GG,CC,AA,GG,AA,AA,CC,TT,CC,TT,CC,TT,TT,GG,TT,AA,GG,CC,CC,CC,GG,AG,TT,TT,CG,AG,AA,AA,CT,GG,TT,CG,TT,AC,AA,TT,CC,AG,CC,GG,CC,GG,TT,AG,CC,CC,AC,CG,AA,TT,CC,AA,CC,CC,AA,AT,AA,AA,GG,CC,CC,GG,AA,AA,AA,AC,GG,CC,GG,AA,GG,AG,TT,AG,AC,TT,CC,GG,AC,GT,TT,TT,CC,TT,TT,CT,AT,TT,GG,CC,AA,CC,CC,CC,CG,CC,AA,AG,AG,CC,TT,CC,TT,GT,GG,AT,AA,AA,TT,CC,GG,AA,CC,CC,GG,GG,AC,GG,TT,AC,AA,CC,GG,AT,AC,AA,AT,GG,TT,AA,AT,GG,GG,AT,CG,TT,TT,AA,GG,AA,CT,AA,AT,CC,TT,AA,AC,NN,GG,AG,CC,AA,CC,TT,TT,TT,GG,TT,AA,AC,AA,GG,CC,CC,GG,CC,GG,AT,AG,CG,GT,GG,CC,CC,AA,AG,CC,AT,CG,AT,AA,AA,CG,CC,TT,AA,GG,AA,AA,AA,AA,GG,AG,AG,AA,TT,NN,NN,AG,AC,AA,TT,AA,AA,GG,GG,GG,GT,AT,AA,GT,TT,TT,AG,AT,NN,GG,AA,5.83,Moderate,Low,Poor,Early
L0498,Anantapur,Andhra Pradesh,Kharif,Red Sandy,Rainfed,390,31.0,52,AC,TT,GG,AA,GG,CC,GG,TT,CC,CG,AA,CC,CG,TT,GG,GG,GG,TT,TT,AA,CC,TT,TT,CC,TT,CC,TT,TT,GT,AA,TT,CC,AA,CC,GG,GG,GG,CG,GG,CC,TT,CT,AA,TT,AA,GG,CT,TT,CC,AA,GG,AA,AA,GG,CT,TT,AA,AA,GT,AC,AA,TT,TT,AA,TT,TT,CC,GG,TT,GG,AA,GG,CC,AA,AG,AC,AT,GG,GT,TT,GG,GG,GG,CC,AA,GG,AA,AA,CC,GT,AC,TT,CC,TT,GG,AG,TT,AC,GT,CT,CC,CC,AA,AA,TT,TT,CC,AA,AA,AA,CC,GG,TT,CG,TT,AA,AC,TT,CC,NN,CG,GG,CC,GG,CT,AA,CC,CC,CC,CG,AA,GT,CC,AA,CC,CC,AA,TT,AA,AT,GG,CC,CC,GG,AA,NN,AA,CC,GG,CC,CC,AG,GG,GG,GG,GG,AC,TT,TT,GG,CC,TT,TT,CT,CG,TT,GT,TT,AA,TT,GG,CC,AA,CC,AC,CC,GG,CC,AT,GG,AG,CC,TT,CC,GT,TT,GG,AT,AA,AG,TT,CC,GG,AA,CC,CC,GG,GG,CC,GG,TT,NN,AA,CC,GG,AT,AC,AA,AT,GG,TT,TT,AT,CG,GT,AT,CC,AT,TT,AA,GG,AA,TT,AC,TT,CC,TT,AA,CC,TT,CG,AG,CC,GG,AA,AT,TT,GT,GG,TT,AA,AC,AA,GG,CC,CC,GG,CC,GG,AT,AA,CC,GT,AG,CC,CC,AA,GG,CG,AT,CG,AA,AA,AC,CG,AC,NN,AA,GG,AA,AA,AC,AA,GG,AA,AG,AA,AT,GG,AC,AG,CC,AA,TT,AA,AG,CG,GG,GG,TT,AA,AA,TT,TT,AT,AG,AT,CG,GG,AC,7.25,Resistant,Low,Premium,Early
L0499,Anantapur,Andhra Pradesh,Kharif,Red Sandy,Rainfed,390,31.0,52,AA,TT,AG,AG,GG,CC,GT,TT,CC,CG,AA,CC,CG,TT,GT,GG,GG,TT,TT,AA,CC,TT,GG,CT,TT,CC,TT,TT,GT,AC,TT,CC,AA,CC,GG,GG,GG,CC,GG,CC,TT,CT,AA,TT,AA,AG,TT,AT,CC,AC,GG,AA,AA,GG,CC,GT,AT,AC,GT,CC,AA,GT,AT,AG,TT,TT,CC,GG,TT,GG,GG,GG,CC,AA,GG,AC,TT,GG,TT,TT,GG,GG,GG,CC,AA,GG,AA,AA,CC,TT,CC,TT,CT,AT,TT,GG,CT,CC,GT,CC,CC,CG,AG,AG,TT,TT,CC,AA,AG,AC,CT,GG,TT,CC,TT,AA,AA,AT,CC,GG,GG,AG,CC,GG,CT,AA,CC,CC,CC,CC,AA,GG,CC,AA,CC,CC,AA,AT,AA,AA,GG,CC,CC,GG,AA,AG,AA,AC,GG,CC,CC,AA,AA,GG,GT,GG,AA,TT,TT,GG,CC,TT,TT,TT,CC,TT,TT,TT,AA,TT,GG,CC,AG,CC,CC,CC,GG,CC,AA,GG,AG,CC,TT,CG,GT,TT,GG,TT,AA,AA,NN,CC,GG,CC,CC,CC,GG,GG,AA,GG,TT,AA,AA,CG,GG,AT,NN,AA,AT,GT,TT,AA,AA,CG,GT,AA,CC,AT,TT,AA,GG,AA,TT,AA,TT,CC,TT,AC,AC,TT,GG,AA,CC,AG,CC,TT,CT,TT,GG,AT,AA,AC,AA,GG,CC,CC,GG,CC,GG,TT,AA,CC,GG,GG,CC,CC,AT,GG,CC,AA,CC,AA,AA,CC,CC,AC,TT,AA,GG,AA,AA,AA,AA,AG,AA,AA,NN,AT,GG,AC,AA,AA,AA,NN,NN,AG,GG,GG,CG,GT,AA,AA,TT,TT,TT,AG,AT,CG,GG,AA,6.42,Susceptible,Low,Poor,Early
L0500,Anantapur,Andhra Pradesh,Kharif,Red Sandy,Rainfed,390,31.0,52,AC,TT,GG,GG,GG,CC,GT,TT,CC,CG,AA,CC,CG,TT,TT,GG,GG,TT,TT,AA,CC,TT,NN,CT,TT,CC,GT,AT,GG,AA,TT,TT,AA,CC,GG,CG,GG,CC,GG,CC,TT,CT,AA,TT,AA,GG,TT,TT,CC,CC,GG,AA,AA,GG,CC,TT,AA,AA,GT,AC,AA,TT,TT,AA,CT,TT,CC,GG,TT,GG,AG,GG,CC,AA,NN,AA,TT,AG,TT,TT,GG,GG,GG,CC,TT,GG,AA,AA,CC,TT,CC,TT,CT,TT,TT,GG,TT,CC,GT,CC,CC,CC,GG,AA,TT,TT,CC,AG,AA,NN,CC,GG,TT,CC,TT,AA,AA,TT,CG,GG,CC,AG,CC,GT,CT,AA,CT,CC,AC,CC,AA,TT,CC,AA,CC,CC,AA,AT,AA,AA,GG,CC,CC,GG,AA,AA,AA,CC,GG,CG,CC,AA,AG,AA,TT,GG,AA,GT,CC,GG,CC,GT,TT,TT,CC,AT,TT,TT,AA,AT,CG,CC,AG,CC,CC,CC,GG,CC,AA,GG,AA,CC,TT,CC,GG,GT,CG,AT,AA,AA,TT,CC,CG,AA,CC,CC,GG,GG,AC,GG,NN,AC,AG,CG,GG,TT,AC,AA,AA,GG,GT,TT,AA,GG,GG,AA,CC,AT,TT,AA,GG,AA,TT,AA,TT,CC,TT,AA,AC,CT,GG,AG,CC,GG,CC,TT,CT,TT,GG,TT,AA,CC,AA,GG,CC,CG,GG,CC,GG,AT,AA,CC,TT,GG,CC,CC,AT,GG,CC,AA,CC,AA,AA,AC,CC,CC,TT,AA,GG,AA,AC,AC,AA,AG,AG,AG,AA,TT,GG,AC,AA,AC,AA,CT,AA,AA,GG,GG,GG,TT,AA,AG,TT,TT,TT,AA,TT,GG,CG,AC,2.43,Resistant,Low,Premium,Early
L0501,Anantapur,Andhra Pradesh,Kharif,Red Sandy,Rainfed,390,31.0,52,AC,TT,GG,GG,GG,CG,GG,TT,CC,CG,AA,CC,CG,AT,TT,GT,GG,TT,TT,AA,CG,TT,GT,CC,TT,CC,TT,AT,GT,AA,TT,CC,AG,CC,GG,CG,GG,CC,GG,CC,TT,CT,AA,GT,AA,AG,TT,TT,CC,AC,NN,AA,AA,GG,CC,TT,AA,AC,GT,AC,AA,TT,AA,AA,CT,AT,CC,GG,TT,GT,AA,GG,CC,AA,GG,AA,AT,GG,TT,TT,AG,GG,GG,CC,AA,GG,AG,AA,CC,GT,CC,TT,CT,TT,GG,GG,TT,CC,GG,CC,CT,CG,AG,AA,TT,TT,CC,AA,GG,AA,CC,GG,TT,CC,TT,AA,AA,TT,CG,GG,CC,GG,CT,GT,TT,AA,CT,CC,AC,CC,AA,TT,CC,AA,CC,CC,AA,TT,AA,AT,GG,CT,CC,AG,AA,AG,AT,CC,GG,CC,CG,AA,AA,GG,TT,AG,AC,GT,TT,GG,AC,TT,TT,TT,CG,AT,NN,TT,AA,TT,CG,CG,AA,CT,CC,CC,GG,CC,AA,GG,AG,CC,TT,CC,TT,GT,GG,AT,AA,AA,TT,CC,CG,AA,CC,CC,GG,GG,AA,GG,TT,AA,AA,CC,GG,AT,CC,AA,AT,GG,GT,AT,AT,NN,TT,AA,CC,TT,TT,AA,GG,AA,NN,AA,TT,CC,TT,AC,CC,TT,GG,AA,CC,AG,CC,TT,TT,GT,NN,TT,AA,CC,GG,GG,CG,CG,GG,CC,GG,AT,AA,CC,GT,AG,CC,CG,AA,GG,CC,AA,CC,AA,AA,AC,CC,CC,TT,AA,GG,NN,AA,AC,AA,GG,AG,AA,AA,TT,GG,AA,AG,CC,AA,TT,AG,AA,GG,GG,GG,TT,AA,AA,TT,AT,TT,GG,TT,GG,CG,AA,2.36,Susceptible,Medium,Poor,Medium
L0502,Anantapur,Andhra Pradesh,Kharif,Red Sandy,Rainfed,390,31.0,52,AA,TT,GG,AG,GG,CC,GT,TT,CC,CC,AA,CT,CC,NN,TT,GG,GG,TT,TT,AA,CC,TT,GG,CC,AT,CC,TT,TT,GG,AA,NN,CC,AA,CC,AG,GG,GG,CG,GG,NN,TT,CT,AA,TT,AA,NN,TT,TT,CC,CC,GT,AT,AA,GG,CC,GT,AA,AC,GT,AA,AA,GT,AT,AA,CT,TT,CC,GG,TT,GG,AA,GG,CC,AA,GG,AC,AA,GG,TT,TT,GG,GG,GG,CC,AA,GG,AA,AA,CC,GT,CC,TT,CT,TT,TT,GG,TT,CC,TT,CC,CT,CC,AG,AG,TT,GT,CC,AG,AG,AC,CC,GG,TT,CC,TT,NN,AC,TT,CC,AG,CC,GG,CT,GG,CT,AA,CT,CC,CC,CC,AA,TT,CC,AA,CC,CC,AA,TT,AA,AT,GG,CT,CC,AG,AG,AG,AA,CC,GG,CG,CC,AA,AA,GG,TT,AG,AA,GG,CC,GG,AC,GG,TT,CT,CG,AA,GT,TT,AA,TT,CG,CC,AA,CC,CC,CC,GG,CC,AA,GG,AA,CC,TT,CC,GG,TT,CG,TT,AA,AG,TT,CC,CG,AA,CC,CC,GG,GG,AA,GG,TT,AA,AA,CC,GG,AA,CC,AA,AA,GG,GT,AA,AT,CG,TT,AA,CC,TT,GG,AA,AG,AA,CT,AA,TT,CC,TT,AC,CC,CT,GG,AG,CC,AG,CC,TT,CT,GT,GG,NN,AA,AC,AA,TT,CC,CG,GG,CC,GG,AT,AA,CC,GG,GG,CC,CC,AA,GG,CC,AA,CC,AA,AG,CC,CC,AC,TT,AA,NN,AA,AC,AA,AA,AA,AA,AA,AG,TT,GG,AC,AA,CC,AA,TT,AG,AA,GG,GG,GG,TT,AT,AA,GT,TT,TT,AG,TT,GG,GG,AA,4.47,Susceptible,Low,Standard,Early
L0503,Anantapur,Andhra Pradesh,Kharif,Red Sandy,Rainfed,390,31.0,52,AC,TT,AG,AA,GG,CG,GG,TT,CC,CC,AA,CT,CC,TT,TT,GG,GG,TT,TT,AG,CC,TT,GT,CT,TT,CC,GG,NN,GT,AA,TT,CT,AA,CC,AG,CG,GG,CG,GG,CC,TT,CT,AA,TT,AG,AG,TT,AT,CC,AA,GG,AA,AA,GG,CT,TT,AA,AC,GT,AA,AA,TT,AT,AG,TT,AT,NN,GG,TT,GT,AA,GG,CC,AA,AG,AA,AA,GG,TT,TT,GG,GG,GG,CC,AT,GG,AA,AT,CC,TT,AA,TT,CC,TT,TT,GG,TT,CC,TT,CC,CT,CG,GG,AA,TT,TT,CG,AA,AA,CC,CT,GG,GT,CC,NN,AA,AA,TT,CG,GG,CC,GG,CC,GT,CT,AA,CC,CC,CC,CC,AA,TT,CC,AA,CC,CT,AA,TT,AA,AT,GG,CC,CC,GG,AA,AG,AT,CC,GT,CC,CC,AA,AA,GG,GT,GG,AA,TT,CT,GG,CC,GG,GG,TT,CC,AA,GT,TT,AA,TT,GG,CC,AA,CT,CC,CC,GG,CC,AA,GG,AA,CC,TT,CC,GG,TT,GG,TT,AA,AA,TT,AC,CC,AA,CC,CC,GG,GG,AA,GG,TT,AA,AA,CC,GG,NN,CC,AA,AT,GG,TT,AT,AT,GG,TT,AA,CC,TT,TT,AA,GG,AA,TT,CC,TT,CC,CC,AA,CC,CT,GG,AA,CC,GG,CC,TT,TT,TT,CG,AT,AA,AA,AG,GG,NN,CC,GG,CC,GG,AT,AG,CC,GT,GG,CC,CG,AA,GG,CC,AA,CC,AT,AA,AC,CC,CC,TT,AA,GG,AA,AA,AC,AA,AG,GG,AG,AA,TT,GG,AC,GG,AC,NN,TT,AA,AG,GG,GG,GG,TT,AA,AA,TT,TT,TT,AA,AT,GG,GG,AA,2.77,Susceptible,Low,Premium,Late
L0504,Anantapur,Andhra Pradesh,Kharif,Red Sandy,Rainfed,390,31.0,52,AA,TT,GG,AG,GG,CC,GG,TT,CC,CC,AA,CC,GG,TT,TT,GG,CG,TT,TT,AA,CC,GT,TT,CC,TT,CT,GT,TT,GG,AA,TT,CC,AA,AC,GG,CG,GG,GG,GG,CC,TT,TT,AC,GT,AG,GG,TT,AT,CC,CC,GG,AA,AA,GG,CC,TT,AA,AA,GG,AA,AA,TT,TT,AA,TT,TT,CC,GG,TT,GT,AG,GG,CC,AA,AG,AC,AT,GG,TT,TT,AG,GG,GG,CC,AA,GG,AA,AA,CC,TT,CC,TT,CC,AA,GT,GG,CT,CC,TT,CC,CC,CC,AA,AA,TT,GT,CC,AA,AA,AA,CT,GG,GT,CG,GG,AA,AC,TT,CC,AG,CC,AG,CC,GT,TT,AG,CC,CC,CC,CC,AA,TT,CC,AA,AC,CT,AA,TT,AA,AA,GG,CC,CC,GG,AG,AA,AA,AC,NN,CC,CC,AG,AG,AG,TT,GG,AA,GT,TT,GG,CC,TT,TT,TT,CC,AA,NN,TT,NN,TT,GG,CC,AA,CC,CC,CC,GG,CC,AA,GG,AG,CC,TT,CC,GG,GT,GG,AT,AA,AA,TT,NN,GG,AC,AC,CC,GG,GG,AC,GG,TT,AC,AA,CC,GG,AA,AC,AA,AA,GG,GT,AA,AA,GG,GT,TT,CC,AT,TT,AA,GG,AA,CT,AA,TT,CC,TT,CC,CC,TT,CC,AG,NN,AG,CC,TT,CT,GG,GG,TT,AA,CC,NN,GT,CC,GG,CG,CC,GT,TT,AA,CG,TT,NN,CC,CG,AA,GG,CG,AA,CG,AA,AG,CC,CC,AC,AT,AG,GG,AA,AA,NN,AA,AG,GG,AA,AA,TT,GG,AA,AG,AC,AA,CT,AG,AA,GG,GG,CG,TT,AA,AA,TT,TT,AT,AA,AT,GG,CG,CC,2.91,Resistant,Medium,Premium,Medium
L0505,Anantapur,Andhra Pradesh,Kharif,Red Sandy,Rainfed,390,31.0,52,AC,CT,GG,AG,CG,CC,GG,TT,CC,CC,AA,CC,CG,TT,TT,GT,GG,TT,TT,AA,CG,TT,TT,CC,TT,CC,TT,TT,GG,AA,TT,CC,AA,CC,GG,CG,GG,CC,GG,CC,TT,CC,AC,TT,AG,GG,TT,TT,CC,AC,GG,AA,AA,GG,CC,TT,AA,AC,GT,AC,AA,GT,AT,AG,TT,TT,CC,GG,TT,TT,AA,GG,CC,AA,GG,AC,AA,GG,GT,TT,GG,GT,GG,CC,AA,GG,AA,AA,CC,GT,NN,TT,CT,AT,TT,AG,TT,CC,GT,CC,CT,CC,AG,AA,AT,TT,CG,AA,AA,AA,CC,GG,TT,CG,TT,AC,AA,TT,CG,GG,CG,GG,CC,GG,CT,AA,CC,CC,CC,CC,AA,TT,CC,AA,CC,CT,AA,TT,AA,AT,GG,CC,CG,GG,AA,AG,AA,CC,GG,CC,CC,AA,AG,GG,TT,AG,AA,TT,CT,GG,AC,TT,GT,TT,CG,AA,TT,CT,AA,TT,GG,CG,AA,CC,CC,CC,GG,CC,AA,AG,AG,CC,TT,CC,GG,TT,CG,TT,AA,AA,GT,AC,CG,AA,CC,CC,GG,GG,AA,GG,CT,AA,AA,CC,GG,AA,AC,AA,AA,GG,TT,AT,AA,GG,GT,AA,CC,AT,GT,AA,GG,AA,TT,AA,TT,CG,TT,AA,CC,CT,GG,AA,CG,GG,CC,TT,TT,TT,GG,TT,AA,AC,AA,GG,CC,CC,GG,CC,GG,TT,AG,CC,GT,GG,CC,CC,AT,GG,CG,AT,CG,AA,AA,AC,CC,AA,TT,AA,CG,AA,AC,AC,AA,AG,AA,AA,AA,TT,GG,AA,AG,CC,CC,CT,AA,AG,GG,GG,GG,TT,AT,NN,TT,TT,TT,AA,TT,GG,GG,AA,1.57,Moderate,Low,Premium,Early
L0506,Anantapur,Andhra Pradesh,Kharif,Red Sandy,Rainfed,390,31.0,52,AA,CT,GG,AA,GG,CC,GG,TT,CC,CG,AT,CT,CC,TT,TT,GT,CG,TT,NN,AA,CG,TT,GG,CC,TT,NN,TT,TT,NN,AA,TT,CC,AA,CC,AG,GG,GG,CC,GG,CC,TT,CT,AA,TT,AA,AG,TT,TT,CC,AC,GG,AT,AA,GG,CC,GT,AA,AC,TT,AA,AA,TT,TT,AA,TT,TT,CC,GG,TT,GG,GG,GG,CC,AA,GG,AC,AA,GG,TT,TT,GG,GG,GG,AC,AT,GG,AA,AA,CC,GT,CC,TT,CT,TT,TT,GG,TT,AC,GT,CC,CC,GG,AG,AA,TT,TT,CG,AA,AA,AA,CT,GG,TT,CC,GT,AC,AA,TT,CG,AG,CC,GG,NN,NN,TT,AA,CC,CC,CC,CG,AA,TT,CC,AA,CC,CC,AA,TT,AA,AA,GG,CC,CC,AG,AA,AA,AA,AC,GG,CC,CC,AA,AG,AG,TT,GG,AA,GT,TT,AG,AA,TT,TT,CT,CG,AT,GT,TT,AA,AT,GG,CC,AA,NN,CC,CC,GG,CC,AA,GG,GG,CC,TT,CC,GG,GT,CG,AT,AA,AA,GT,CC,GG,AC,AC,CC,GG,GG,AC,CG,TT,AC,AA,CC,GG,AT,AC,AA,AT,GG,NN,TT,AA,GG,GT,TT,CG,TT,GT,AA,GG,AA,TT,AA,TT,CC,TT,AC,CC,TT,GG,AG,CC,AG,AC,AT,TT,GG,GG,TT,AA,AC,AA,GG,CC,CC,GG,CC,GG,AT,AA,CC,TT,GG,CC,CC,AA,GG,CC,AT,CC,AA,AA,AC,CC,CC,TT,AA,CG,AA,AA,AA,AA,AG,AA,AG,AG,TT,GG,AC,AA,AC,CC,CT,AG,AA,GG,GG,GG,TT,TT,AA,TT,TT,TT,AA,TT,GG,GG,AC,4.17,Resistant,Medium,Poor,Medium
L0507,Anantapur,Andhra Pradesh,Kharif,Red Sandy,Rainfed,390,31.0,52,CC,CT,AG,AA,GG,CC,TT,AT,CC,CC,AA,CC,CG,TT,TT,GG,GG,TT,TT,AA,CG,GT,GT,CT,TT,CC,TT,AA,GG,AA,CT,CC,AA,CC,GG,GG,GG,CG,GG,CC,TT,TT,AA,TT,AG,AG,TT,TT,CC,AC,GG,AA,AA,GG,CC,TT,AA,AC,GT,AC,AA,GT,AT,AA,TT,AT,CC,GG,TT,GG,AA,GG,CC,AA,GG,CC,AA,AG,TT,TT,AG,GT,GG,CC,AT,GG,AG,AT,CC,TT,CC,TT,CC,AT,TT,GG,TT,AC,TT,CC,CT,CC,AG,AA,TT,TT,CC,AA,AA,AA,NN,GG,TT,CC,TT,AC,AC,TT,CG,GG,CC,AG,CC,TT,TT,AA,CC,CC,AC,CC,AA,TT,CC,AA,CC,CT,AA,TT,AA,AA,GG,CC,CC,GG,AA,AA,AT,CC,GG,CC,CC,AA,AG,GG,GT,GG,AA,TT,CT,AG,CC,GT,TT,TT,CC,AA,GG,TT,AT,TT,GG,CC,AA,CC,CC,CC,GG,AC,AA,GG,AA,CC,TT,CG,GG,TT,CC,AA,AA,AG,TT,CC,GG,AA,NN,CC,GG,GG,AC,GG,TT,AA,AG,CC,GG,AA,CC,AA,AA,GG,TT,AT,AA,CG,GT,AA,CC,TT,GG,AA,GG,AA,CT,AA,TT,CC,TT,AA,AC,TT,GG,AA,NN,AA,AC,TT,CT,GT,GG,TT,AA,CC,AA,GG,CC,CC,GG,CC,GG,TT,AA,CG,TT,GG,CC,CC,AA,AG,CC,AT,CC,AT,AA,AC,CC,AC,TT,AA,GG,AA,AA,AC,AC,GG,AA,AA,AA,AT,GG,AA,AG,AC,AC,CT,AA,AA,GG,GG,GG,TT,AA,AA,TT,TT,TT,NN,TT,GG,GG,AA,3.66,Susceptible,Low,Standard,Late
L0508,Anantapur,Andhra Pradesh,Kharif,Red Sandy,Rainfed,390,31.0,52,CC,CT,GG,AA,GG,CC,GG,TT,CC,CG,AA,CC,CG,TT,TT,GG,GG,TT,TT,AG,NN,TT,GT,CC,TT,CC,TT,TT,GT,AA,TT,CC,AA,CC,GG,GG,GG,CC,GG,CC,TT,TT,AA,GT,AG,AG,TT,TT,CC,AA,TT,AA,AA,GG,CT,TT,AT,AC,GG,AC,AA,GT,TT,AG,TT,AA,CC,GG,NN,GG,AA,GT,CC,AA,AG,AA,AA,GG,TT,TT,GG,GT,GG,CC,AT,GG,AA,AA,CC,GT,AC,TT,CC,TT,TT,GG,CT,CC,GG,TT,CC,CC,AG,AA,TT,TT,CG,AA,AG,AA,TT,GG,TT,CC,GT,AA,AA,TT,CC,AG,CC,AG,TT,GG,TT,AA,CC,CC,CC,CC,AA,GT,CC,AA,CC,CC,AA,TT,AA,AA,GG,CC,CC,GG,AA,AG,AA,CC,GG,CC,CC,AA,AG,AG,TT,GG,CC,TT,TT,GG,CC,TT,TT,TT,CG,AA,GT,TT,AA,TT,GG,CC,AA,CT,CC,CC,CG,CC,AA,GG,GG,CC,TT,CC,GG,GT,GG,AA,AA,AA,TT,CC,GG,AA,CC,CC,GG,GG,CC,GG,TT,AA,AA,CC,GG,AT,CC,AT,AT,GG,TT,TT,AA,CG,GG,AA,CC,TT,GT,AA,NN,AA,CT,AA,TT,NN,TT,AA,CC,CT,GG,AG,NN,AG,CC,TT,CT,TT,GG,AT,AA,CC,AG,GG,CC,CC,GG,CC,GG,TT,AG,CC,TT,GG,CC,CC,AA,GG,CC,AA,CC,AA,AA,CC,CG,AC,TT,NN,GG,AA,AA,AC,AA,AG,AA,AG,AG,TT,GG,AA,AA,CC,AC,CT,AA,AA,GG,AG,CG,TT,AT,AG,GT,TT,TT,AA,AT,GG,GG,AC,3.0,Resistant,High,Standard,Late
L0509,Anantapur,Andhra Pradesh,Kharif,Red Sandy,Rainfed,390,31.0,52,AA,TT,GG,AG,GG,CG,GG,TT,CC,CC,AT,CC,CG,AT,TT,GG,NN,TT,TT,AA,CC,TT,TT,CC,TT,CC,TT,TT,GG,AA,TT,CT,AA,CC,GG,GG,GG,CC,GG,CC,TT,CT,AC,TT,AG,AG,TT,AT,CC,AC,GT,AA,AA,GG,CC,TT,AA,AA,GT,AA,AG,GT,NN,AG,TT,TT,CC,GG,TT,GG,GG,GG,AC,AA,GG,AC,TT,AG,TT,TT,GG,GG,GT,CC,AA,GG,AA,AA,CC,TT,CC,GT,CC,TT,TT,AG,TT,CC,GT,CT,CT,CC,AA,AA,TT,TT,CC,AA,AG,AA,CC,GG,TT,CC,GT,AC,AC,TT,CC,GG,CC,GG,CC,GT,TT,AA,CC,CC,CC,CC,AA,TT,CC,AA,CC,CC,AA,AT,AA,AA,GG,CT,CC,GG,AA,AG,AA,CC,GT,CC,CC,AG,AG,GG,GT,AG,AC,TT,TT,GG,AC,GT,TT,CT,CC,AT,GG,TT,AA,TT,GG,CC,GG,CT,CC,CC,CC,CC,AT,GG,GG,CC,TT,CG,TT,GG,CG,AT,AA,AA,GT,CC,GG,AA,AC,CC,GG,GG,AC,GG,CT,AC,NN,CG,TT,AA,AC,AA,AA,GG,GT,AT,AA,GG,GG,AT,CC,TT,GT,AA,GG,AA,CT,AA,TT,CC,CT,AA,CC,TT,GG,AG,CG,AG,CC,TT,TT,TT,GG,TT,AC,AA,AG,NN,CC,CG,GG,CC,GG,TT,AA,CC,TT,GG,CC,CG,AA,AG,CC,TT,CG,AA,AA,AC,CC,CC,TT,AA,GG,AA,AA,AA,AA,AA,GG,AA,AA,TT,GG,AA,AA,AC,AA,TT,AG,AG,GG,GG,GG,TT,AA,AA,TT,TT,TT,AG,TT,GG,GG,AA,2.83,Susceptible,Low,Poor,Early
L0510,Anantapur,Andhra Pradesh,Kharif,Red Sandy,Rainfed,390,31.0,52,AA,CT,AG,AA,GG,CC,GG,TT,CC,CC,AA,CC,CG,TT,TT,GG,GG,TT,TT,AG,CC,GT,TT,CC,TT,CC,TT,TT,GG,AA,TT,CC,AA,CC,GG,GG,GG,CC,GG,CC,TT,CT,AA,TT,AA,AG,CT,AT,CC,CC,GG,TT,AG,GG,CT,TT,AT,AC,GT,AA,AG,TT,AA,AG,TT,TT,CC,NN,TT,GG,AA,GG,CC,AA,AG,AA,AA,GG,TT,TT,GG,GG,GG,CC,AA,GG,AA,AA,CC,TT,AC,TT,CT,AT,GT,GG,TT,CC,TT,CC,CC,CG,GG,AA,TT,TT,CC,AA,AA,AC,CC,GG,TT,CG,GT,NN,AC,AT,CG,AG,CG,GG,CC,GG,TT,AG,CT,CC,AC,CC,AA,TT,CC,AA,CC,CT,AA,TT,AA,AA,CG,CT,CC,GG,AA,AA,AA,CC,GG,NN,CC,AA,AG,AG,TT,AG,AC,TT,TT,GG,AC,TT,GT,TT,CC,AT,GG,TT,AA,TT,GG,CG,AA,CT,CC,AC,CG,CC,AA,GG,AG,CC,TT,CC,GG,TT,GG,AT,AA,AA,TT,CC,GG,AC,CC,CC,GG,GG,AC,GG,TT,AC,AA,CC,GG,AT,AC,AA,AA,GG,TT,TT,AA,GG,GG,AA,CG,TT,GG,AA,GG,AA,CT,AA,TT,CC,TT,AA,AC,TT,GG,AA,CC,AG,AC,TT,CT,TT,GG,TT,AA,CC,AA,GG,CC,CG,GG,CC,GG,TT,AA,CG,TT,GG,CC,CC,AA,NN,CC,AA,CC,AA,AA,AC,CC,AC,TT,AA,GG,AA,AA,AA,AA,AA,AA,AA,AA,TT,GG,AA,AA,AC,AA,TT,AA,AA,GG,GG,CG,GT,AA,AA,TT,TT,TT,AA,TT,GG,CG,AA,0.98,Susceptible,Medium,Poor,Medium
L0511,Anantapur,Andhra Pradesh,Kharif,Red Sandy,Rainfed,390,31.0,52,AC,TT,AG,AA,GG,CC,GG,AT,CC,CC,AA,CC,CC,AT,TT,GT,GG,TT,TT,AA,CG,TT,GG,CC,NN,CC,TT,TT,GG,AA,TT,CC,AA,CC,GG,GG,GG,CC,GG,CC,TT,CC,AA,GT,AA,GG,TT,AT,CC,CC,TT,AA,AG,GG,CC,TT,AA,NN,GT,AC,AG,TT,TT,AA,TT,AT,CC,GG,TT,GG,AA,GG,AC,AA,GG,AC,AT,GG,GT,TT,AG,GG,GG,CC,TT,GG,AA,AA,CC,GT,CC,GT,CC,TT,TT,GG,TT,CC,TT,CC,CT,CC,GG,AA,TT,GT,CC,AA,AG,AA,CT,GG,TT,NN,TT,AA,AA,AT,CC,AG,NN,AG,CC,GG,TT,AG,CC,CC,CC,CC,AG,GT,CC,AA,CC,CC,AA,AT,AA,AA,GG,CC,CC,GG,AA,GG,AA,CC,GT,CC,CG,AA,AG,GG,GT,GG,AA,TT,TT,GG,AC,TT,TT,CT,CC,TT,TT,TT,AA,TT,GG,CG,AG,CT,CC,CC,GG,CC,AA,GG,AG,CC,TT,CC,GT,TT,CG,TT,AA,AA,TT,CC,GG,AA,CC,CC,GG,GG,AA,GG,TT,AC,AA,CC,GT,AA,CC,AA,AT,GT,TT,AT,AA,CG,GT,AA,CG,AA,GT,AA,GG,AA,CT,AA,TT,CC,TT,AA,AC,CT,GG,AG,CC,GG,CC,TT,TT,TT,GG,TT,AA,AC,AA,GT,CC,CC,GG,CC,GG,TT,AA,CC,GG,GG,CC,CG,AA,AA,CC,AT,CC,AA,AA,CC,CC,AC,TT,AA,GG,AA,AA,AC,AC,GG,AA,AG,AA,TT,GG,AA,NN,CC,AA,TT,AG,AA,CG,GG,GG,TT,AT,AA,TT,TT,TT,AA,AT,GG,GG,AA,2.27,Susceptible,Medium,Poor,Medium
L0512,Anantapur,Andhra Pradesh,Kharif,Red Sandy,Rainfed,390,31.0,52,AC,TT,GG,AA,GG,CC,GG,TT,CC,CG,AA,CC,CG,AT,GT,GT,CG,NN,AT,AA,CC,TT,GT,CC,TT,CC,GT,AT,GG,AA,TT,CC,AA,CC,GG,CG,GG,CC,GG,CC,TT,CT,AA,GT,AA,GG,TT,AT,CC,AC,GG,AT,AA,GG,CC,TT,AA,AA,GT,AC,NN,TT,TT,AG,CT,TT,CC,GG,TT,GG,AA,GG,CC,AA,GG,AC,AT,GG,GT,TT,GG,GG,GG,NN,AA,GG,AG,AA,CC,GG,CC,NN,CT,TT,GT,GG,TT,CC,TT,CC,CT,CG,GG,AA,TT,TT,CC,AA,GG,AA,CT,GG,TT,CG,TT,AA,AA,TT,CC,GG,NN,AG,CC,GG,CT,AG,CT,CC,CC,CC,AG,TT,CC,AA,CC,CC,AA,TT,AG,AT,GG,CC,CC,GG,AA,AG,AA,CC,GT,CC,CC,AA,AG,GG,TT,GG,AC,TT,TT,GG,AA,TT,TT,TT,CC,TT,TT,TT,AT,TT,GG,CC,AA,CT,NN,AC,CC,CC,AA,GG,AG,CC,TT,CC,GT,GT,CG,TT,NN,AA,TT,AC,GG,AA,CC,CC,GG,GG,AC,GG,TT,AC,AA,CC,GG,AA,AA,AA,AA,GG,TT,AT,AA,CG,GG,AA,CC,TT,TT,AA,GG,AG,CT,AA,TT,CC,CT,AA,CC,CT,CG,GG,CC,AG,CC,NN,TT,TT,GG,TT,AA,CC,AG,GG,CC,CC,GG,CG,GG,TT,AA,CC,GT,GG,CC,CC,AA,GG,CC,AT,CC,AA,AA,NN,CC,AC,TT,AA,GG,AA,AC,AC,AA,AG,AG,AA,AA,AT,GG,AA,AG,AC,CC,CT,AA,AG,GG,GG,GG,TT,AT,AA,GT,TT,TT,AA,TT,GG,GG,AA,0.4,Moderate,Low,Poor,Late
L0513,Anantapur,Andhra Pradesh,Kharif,Red Sandy,Rainfed,390,31.0,52,AC,TT,GG,GG,GG,CC,GG,TT,CC,CG,AA,CT,GG,AT,TT,GG,CG,TT,TT,AA,CC,GT,GT,CT,TT,CC,GT,TT,GG,AA,TT,CC,AA,CC,GG,GG,GG,CC,GG,CC,TT,TT,AA,TT,AA,GG,TT,TT,CC,CC,GG,AA,AA,CG,CT,TT,AT,AC,GT,AA,AA,GT,AT,AG,TT,TT,CC,GG,TT,GG,AG,GG,CC,AA,GG,AA,AT,AG,TT,TT,GG,TT,GT,CC,AA,GG,AA,AA,CG,TT,CC,TT,CT,TT,GT,GG,TT,CC,GT,CC,CC,CG,GG,AA,TT,TT,CG,AA,AG,AC,CT,GG,TT,CC,TT,CC,AA,TT,CC,GG,CC,GG,CC,GT,CC,AG,CC,CC,CC,CC,AA,TT,CC,AA,CC,CC,AG,TT,AA,AA,GG,CC,CC,GG,AA,AG,AT,CC,GG,CC,CG,AA,AG,GG,TT,GG,AC,TT,CT,GG,AC,TT,TT,TT,CC,AT,GT,CT,AT,TT,CG,CC,AA,TT,AC,CC,GG,CC,AA,GG,AG,CC,TT,CC,GG,TT,GG,AT,AA,AG,TT,CC,GG,AA,CC,CC,GG,GG,AA,GG,TT,AC,AA,CC,GG,AA,CC,AA,TT,GT,GT,AT,AT,GG,TT,AT,CG,NN,GT,AA,GG,AA,CT,AA,TT,CC,TT,AA,CC,TT,GG,AG,CG,AG,CC,TT,TT,TT,GG,TT,AA,AC,AA,GG,CC,CG,GG,CC,GG,TT,AA,CG,GT,GG,CC,CC,AT,GG,CG,AT,CC,AA,AA,CC,CG,AC,TT,AG,CG,AA,AA,AC,AA,GG,AA,AA,AA,TT,GG,AA,AA,AC,AC,CT,AA,AG,CG,GG,GG,TT,AA,AA,GT,TT,TT,AG,NN,NN,GG,AA,3.53,Susceptible,Low,Poor,Medium
L0514,Anantapur,Andhra Pradesh,Kharif,Red Sandy,Rainfed,390,31.0,52,AA,TT,GG,AA,GG,CC,GT,TT,CC,CG,AA,CC,CC,TT,NN,GT,GG,TT,TT,AA,CC,GT,TT,CT,TT,CC,GT,TT,GG,AA,TT,TT,AA,CC,GG,GG,GG,CG,GG,CC,TT,TT,AA,TT,AA,GG,TT,TT,CC,AC,GT,AT,GG,GG,CT,TT,AA,AC,GT,AC,AA,TT,AT,AA,TT,TT,CC,GG,TT,GT,AG,GG,CC,AA,AG,AC,TT,GG,TT,TT,GG,GG,GG,CC,AT,GG,AA,AT,CC,GT,CC,TT,CC,AT,GT,GG,CT,CC,GT,CC,CC,NN,AG,AA,TT,GT,CC,AA,AG,AA,CT,GG,TT,CC,GT,AA,AA,TT,CG,AG,CC,GG,CT,GG,TT,AA,CC,CC,CC,CC,AA,TT,CC,AA,CC,CC,AA,TT,AA,AT,CG,CC,CC,GG,AA,AG,AA,CC,GG,CC,CC,AG,GG,GG,TT,AG,AA,TT,CT,NN,CC,TT,TT,TT,NN,AT,TT,TT,AA,TT,CG,CC,AG,CT,CC,CC,GG,CC,AA,GG,AG,CC,TT,CG,GT,TT,CG,AA,AA,AG,TT,AA,GG,AA,CC,CC,GG,GG,AA,GG,TT,AA,AA,CC,GG,AT,AC,AA,AT,GG,GT,AT,AA,CG,GT,AA,CC,AT,GT,AT,GG,AA,TT,AC,TT,CC,TT,AA,CC,TT,GG,AA,CC,GG,CC,TT,TT,GT,GG,TT,AA,AC,AA,GT,CC,GG,GG,CG,GG,NN,AA,CG,GT,GG,CC,CC,AA,AG,CC,AA,CC,AT,AA,AA,NN,AC,TT,AA,GG,AA,AA,NN,AA,AG,AG,AA,AA,TT,GG,AC,AA,AC,AA,TT,AA,AA,GG,GG,GG,GT,AA,AA,GT,TT,TT,AG,AT,GG,GG,AA,1.7,Susceptible,Medium,Premium,Early
L0515,Anantapur,Andhra Pradesh,Kharif,Red Sandy,Rainfed,390,31.0,52,AA,TT,GG,AA,CG,CC,TT,AT,CC,CC,AA,CT,CC,AT,TT,GG,GG,TT,TT,AA,CC,GT,TT,CC,TT,CC,GT,TT,GG,AA,TT,CC,AA,CC,GG,GG,GG,CG,GG,CC,TT,NN,AC,GT,AG,AG,TT,TT,CG,AC,GG,AA,AG,GG,CC,TT,AA,CC,GT,AA,AA,TT,TT,AA,CT,TT,CC,GG,TT,GT,AA,GG,CC,AG,AG,CC,TT,GG,TT,TT,GG,GT,GG,CC,AA,AG,AA,AA,CC,TT,CC,TT,CT,TT,GT,AG,NN,CC,GT,CC,CC,CG,GG,AA,TT,TT,NN,AA,AA,AA,CC,GG,TT,CC,TT,AA,AA,AT,CC,GG,CC,GG,CC,GG,CT,AA,CC,CC,CC,CC,AA,TT,CC,AA,CC,CC,AA,TT,AA,AT,CC,CC,CC,AG,AA,AG,AA,CC,GG,NN,CC,AA,AA,NN,TT,GG,AA,TT,CT,AG,CC,TT,TT,TT,CG,AT,TT,TT,AA,AT,GG,CC,AA,CC,AC,AC,GG,CC,AA,GG,AG,CC,TT,CC,GG,TT,GG,AT,AA,AA,TT,AC,CG,AA,CC,CC,GG,GG,NN,GG,TT,AA,AA,CC,GG,AA,AC,AA,TT,TT,TT,AT,AT,CG,GT,AA,CC,AA,TT,AA,GG,AA,CT,AA,TT,CC,CT,AA,CC,TT,CG,AA,CC,AG,CC,TT,TT,GT,GG,TT,AC,AC,AA,GG,CC,CG,GG,CC,GG,AT,AA,CC,TT,GG,CC,CC,AT,GG,CG,AA,CC,AT,AA,AC,CG,AA,TT,AA,GG,AA,AC,AA,AA,AG,NN,AG,AA,TT,CG,AC,AA,CC,AC,TT,AA,AA,GG,GG,GG,TT,AA,GG,GG,TT,TT,AA,AT,GG,GG,AA,2.43,Moderate,Low,Premium,Early
L0516,Anantapur,Andhra Pradesh,Kharif,Red Sandy,Rainfed,390,31.0,52,CC,TT,GG,AG,GG,CC,GG,AT,CC,CG,AA,CT,CG,AT,TT,GT,GG,TT,TT,AA,CC,TT,GT,CC,NN,CC,TT,TT,GG,AC,CT,CC,AA,CC,GG,CG,GG,CC,GG,CC,TT,CT,AA,GT,NN,GG,TT,TT,CC,AC,GT,AA,AA,GG,CC,TT,AA,NN,GT,AC,AG,TT,AT,AA,TT,TT,CC,GT,TT,GG,AG,GT,CC,AG,GG,AA,AA,AG,GT,TT,GG,GT,GT,CC,AA,GG,AA,AA,CC,GT,CC,TT,CC,AT,GG,NN,TT,CC,TT,CC,TT,CG,GG,AG,AT,TT,CC,AA,AG,AC,CT,GG,TT,CG,GT,AA,AA,TT,CG,AG,CG,GG,CC,GG,CT,AA,CT,CC,CC,CC,AA,TT,CC,AA,CC,CC,AA,AT,AA,AA,GG,CC,CC,GG,AA,AG,AT,CC,GG,CC,CC,AA,AG,GG,NN,GG,AC,GT,TT,GG,AC,TT,TT,TT,CG,AA,TT,TT,AA,TT,GG,CC,GG,CT,CC,CC,GG,CC,NN,GG,GG,CC,TT,CC,TT,GT,CG,TT,AA,AA,TT,CC,GG,AA,CC,CC,GG,GG,AC,GG,TT,AC,AA,CC,GG,AT,NN,AA,AA,GT,TT,AA,AT,GG,NN,TT,CC,TT,TT,AA,GG,AA,CC,AA,TT,CG,TT,AA,CC,TT,CG,AG,CC,AA,CC,TT,TT,GT,GG,TT,AA,CC,AA,GG,CC,CC,GG,CG,GG,TT,AA,CG,GT,GG,CC,CC,AA,GG,CC,AT,CC,AA,AA,CC,NN,AC,TT,AA,GG,AA,CC,AC,AA,AG,AA,AG,AA,TT,GG,AC,AA,AC,AA,TT,AG,AA,CG,GG,GG,TT,AA,AG,TT,TT,TT,GG,AT,GG,GG,AA,4.16,Moderate,Medium,Poor,Early
L0517,Anantapur,Andhra Pradesh,Kharif,Red Sandy,Rainfed,390,31.0,52,AC,TT,GG,NN,GG,CC,TT,TT,CC,CG,AA,CC,CC,TT,TT,GT,CG,TT,TT,NN,CG,GT,GG,CT,TT,CC,TT,TT,GG,AA,TT,CC,AA,CC,AG,CG,GG,CC,GG,CC,TT,CC,AA,TT,AA,NN,TT,TT,CG,CC,GT,AT,AA,GG,CC,GG,AA,AA,GT,CC,AA,TT,AA,AG,CT,TT,CC,GG,TT,GG,AA,NN,CC,AA,AG,CC,AA,GG,TT,NN,GG,GT,GT,CC,AA,GG,AA,AT,CC,GT,CC,GT,CC,TT,GT,AG,TT,CC,GT,CC,TT,GG,GG,AG,TT,TT,CC,AA,GG,AA,CT,GG,TT,CC,TT,AA,AA,TT,CC,AG,CC,GG,CC,NN,TT,AA,CT,CC,CC,CG,AA,TT,CC,AA,CC,CC,AA,TT,AG,AA,GG,CT,NN,GG,AA,NN,AA,AC,GG,CC,CC,AG,AG,GG,TT,GG,AC,TT,TT,GG,AC,GT,GG,TT,CC,AT,GT,TT,AA,TT,GG,CC,AG,CC,AC,AC,CG,CC,AA,GG,AG,CC,TT,CC,GT,GT,GG,AT,AA,AA,TT,AC,GG,AA,AC,CC,GG,GG,AA,GG,TT,AA,AG,CC,GG,AT,CC,AA,AA,GG,GT,AT,AT,CC,GT,AT,CG,TT,GT,AA,GG,AA,CT,AA,TT,CC,TT,AC,CC,TT,GG,AG,CC,AG,AC,TT,TT,GT,GG,TT,AA,CC,AA,GG,CC,CG,GG,CG,NN,AT,AG,CC,TT,GG,CC,CC,AA,GG,CC,AA,CC,AA,AA,CC,CG,CC,TT,AA,GG,AA,AA,AC,AA,AG,AA,AA,AA,NN,CG,AA,AA,CC,AA,CT,AA,AA,GG,GG,GG,TT,AA,AA,GT,TT,NN,AG,TT,GG,GG,AA,3.38,Moderate,Low,Premium,Medium
L0518,Anantapur,Andhra Pradesh,Kharif,Red Sandy,Rainfed,390,31.0,52,AC,CT,GG,GG,GG,CC,GT,TT,CC,CC,AA,CC,CC,TT,TT,GG,GG,AT,TT,AA,CC,TT,TT,CC,TT,CC,TT,TT,GG,AA,TT,CT,AA,CC,GG,CG,GG,CG,GG,CC,TT,CT,AA,TT,AA,GG,TT,TT,CC,AA,GG,AA,AG,GG,CC,TT,AT,CC,TT,AA,AG,GT,AA,AA,CT,AT,NN,GG,TT,GG,AG,GG,CC,AA,AG,AC,AA,AG,TT,TT,GG,GG,GG,CC,AA,GG,AA,AA,CC,GG,CC,TT,CT,TT,TT,GG,CT,CC,GT,CC,CT,CG,AG,AA,TT,TT,CC,AA,AG,AA,CT,GG,TT,CC,GT,AA,AA,TT,CC,GG,CC,GG,CC,GG,CT,AA,CT,CC,CC,CC,AA,TT,CC,AA,CC,CC,AA,TT,AA,AT,GG,CC,CC,GG,AG,AG,AA,CC,GG,CC,CC,AA,AG,GG,TT,GG,AA,GT,CT,GG,CC,GT,TT,TT,CC,AT,TT,TT,AA,TT,GG,CG,AA,CC,AC,CC,CG,CC,AA,GG,AG,CC,TT,CC,GT,TT,GG,AT,AA,AA,TT,CC,GG,AC,CC,CC,GG,GG,AA,GG,TT,AA,AA,CC,GG,AA,AC,NN,AT,GG,TT,AT,AA,GG,GG,AA,CG,AA,TT,AA,GG,AA,CT,AC,TT,CC,NN,AA,CC,TT,GG,AA,CC,AG,CC,TT,CT,GT,GG,TT,AA,AA,AG,GG,CC,CG,GG,CC,GG,TT,AA,CC,GT,GG,CC,CC,AA,GG,CC,AT,CC,AA,AA,NN,CG,AA,TT,NN,GG,AA,AA,AA,AA,GG,AA,AA,NN,AT,GG,AA,AG,CC,AA,CT,AA,AG,GG,GG,GG,TT,AT,AA,TT,TT,TT,AA,AT,GG,GG,AA,3.96,Susceptible,Low,Premium,Early
L0519,Anantapur,Andhra Pradesh,Kharif,Red Sandy,Rainfed,390,31.0,52,AC,TT,GG,GG,GG,CC,GG,TT,CC,CC,AT,CC,CC,AT,TT,GT,GG,TT,TT,AA,CC,TT,TT,CC,TT,CC,TT,TT,GG,AA,TT,CC,AA,CC,GG,GG,GG,GG,GT,CC,TT,CC,AA,NN,AA,AG,TT,TT,CC,AC,GT,AA,AA,GG,CT,GT,AA,AA,GG,AA,AG,GT,TT,AG,TT,AT,CC,GG,CT,GT,AA,GT,CC,AG,AG,AC,TT,GG,GT,TT,AG,GT,GG,CC,AA,GG,AA,AA,CC,TT,CC,TT,CT,AT,GT,GG,TT,CC,GT,CC,CT,CC,AA,AA,TT,TT,CG,AA,AG,AA,CC,GG,TT,CC,GT,AA,AA,TT,GG,AG,CC,GG,CC,GG,CT,NN,CC,CC,CC,CG,AG,TT,NN,AA,CC,CC,AA,TT,AA,AA,GG,CT,CC,GG,AA,AG,AA,CC,GG,CC,CC,AA,AG,GG,TT,AG,AA,TT,CC,GG,AC,TT,TT,TT,GG,TT,NN,TT,AA,AA,GG,CC,AA,CC,CC,AC,CG,AC,AA,GG,AG,CC,TT,CC,GG,TT,GG,AT,AA,AA,TT,AC,GG,AA,CC,CC,GG,GG,AA,GG,CT,AC,AA,CC,GG,AA,CC,AA,AA,GT,GT,TT,AA,CG,GT,AT,CC,TT,GT,AA,GG,AA,TT,AA,TT,CC,TT,AA,NN,TT,GG,AA,CG,AG,CC,AT,CT,TT,GG,TT,AA,AA,AA,GG,CC,CG,GG,CC,GG,TT,AA,CG,TT,GG,CC,CC,AT,GG,CC,AA,CC,AA,AG,AC,CC,AC,TT,AA,GG,AT,AA,AC,AA,AG,NN,AG,AA,TT,GG,AA,AA,CC,AA,CT,AA,AA,GG,GG,GG,TT,AA,AA,TT,TT,TT,AA,AA,GG,GG,AA,3.91,Moderate,Low,Poor,Early
L0520,Anantapur,Andhra Pradesh,Kharif,Red Sandy,Rainfed,390,31.0,52,CC,TT,GG,AG,GG,CC,GG,TT,CC,CC,AA,CT,CC,TT,TT,GG,CG,TT,TT,AA,CC,TT,GT,CC,TT,CC,TT,TT,GT,AA,NN,CC,AA,NN,GG,GG,GG,CG,GG,CC,TT,CT,AA,GT,AA,AA,TT,TT,CC,AC,GT,AT,AA,NN,CT,TT,AT,AC,NN,AC,AG,TT,AT,AG,CT,TT,CC,GT,TT,GG,AA,GG,CC,AA,AG,AC,AA,GG,TT,TT,GG,GG,GG,CC,AA,GG,AA,AA,CC,TT,AA,TT,CC,AT,GT,GG,TT,CC,GT,CC,CT,CG,GG,AG,TT,TT,CG,AA,AG,AA,CC,GG,TT,CC,TT,AC,AA,TT,CC,AA,CC,GG,CC,GT,TT,AA,CT,CC,CC,CG,AG,TT,CC,AA,CC,TT,AG,TT,AA,AA,GG,CT,CC,GG,AA,AG,AA,CC,GT,CC,CC,AA,AG,GG,TT,GG,AA,GT,TT,GG,AC,GT,GT,CT,CG,TT,GT,TT,AA,TT,CG,CC,AG,CT,CC,CC,GG,CC,AA,GG,AA,CC,TT,CG,GT,TT,GG,TT,AA,AA,TT,CC,GG,AC,CC,CC,GG,GG,AC,GG,TT,AA,AA,CC,GG,AA,CC,AA,AA,GG,GT,TT,AA,GG,GG,AT,CC,AT,TT,AA,GG,AA,TT,AA,TT,CC,CT,AA,CC,TT,GG,AG,CG,AG,AC,TT,NN,NN,GG,TT,AA,AC,AG,GG,CC,CG,GG,CC,GG,AT,AA,CC,GG,NN,CC,CC,AA,GG,CC,AA,CC,AA,AA,AA,CG,CC,TT,AA,GG,AA,AC,AA,AC,AG,AG,AA,AA,AT,CG,AA,AG,AC,AC,CT,AG,AA,CG,AG,GG,TT,AA,AG,GT,TT,TT,AA,TT,GG,GG,AA,2.78,Susceptible,Low,Poor,Early
L0521,Anantapur,Andhra Pradesh,Kharif,Red Sandy,Rainfed,390,31.0,52,AA,CT,GG,AG,GG,CC,GG,AT,CC,CC,AA,CC,CC,TT,TT,GG,CG,TT,TT,AG,CC,GT,TT,CC,TT,CC,TT,TT,GG,AA,TT,CT,AA,CC,GG,GG,GG,CC,GG,CC,TT,CT,AC,TT,AA,AG,TT,AT,CC,AC,NN,AA,AA,GG,CC,TT,AA,AC,GT,AA,AA,TT,AT,AA,TT,TT,CC,GG,TT,GG,NN,GG,CC,AA,GG,AA,AT,GG,TT,TT,GG,GT,GG,CC,TT,GG,AG,AA,CC,TT,CC,TT,CC,TT,GT,GG,TT,CC,TT,CC,CC,CG,GG,AA,TT,TT,CC,AG,GG,AA,CC,GG,TT,CC,GT,AA,AA,TT,CC,AG,CC,GG,CC,GG,CT,AA,CT,CC,CC,CC,AA,GT,CC,AA,CC,CC,AA,TT,AA,AA,CG,CC,CC,GG,AG,AG,AA,NN,GT,CC,CC,AG,AA,GG,TT,GG,AC,GT,TT,GG,CC,TT,GT,CT,CC,AT,GT,TT,AA,AT,GG,CC,AG,CC,CC,CC,CC,CC,AA,GG,AA,CC,TT,CC,GT,GT,GG,AA,AA,AG,NN,CC,GG,AA,AC,CC,GG,GG,AA,GG,TT,AA,AA,CC,GG,AA,CC,AA,AA,GT,TT,TT,AA,GG,GG,AA,CC,AT,TT,AA,GG,AA,TT,AA,TT,CG,TT,AA,CC,TT,CC,AA,CG,AG,CC,TT,NN,TT,GG,TT,AA,CC,NN,GG,CC,CG,GG,CC,NN,AT,AA,CC,TT,AG,NN,CC,AA,GG,CC,AT,CC,AA,AA,CC,CC,CC,TT,AA,GG,AA,AA,AA,AA,AG,AA,AA,NN,TT,CG,AC,AG,AA,AC,TT,AA,AA,GG,AG,GG,TT,AA,AA,TT,TT,TT,AA,AT,GG,GG,AA,2.23,Susceptible,Low,Poor,Early
L0522,Anantapur,Andhra Pradesh,Kharif,Red Sandy,Rainfed,390,31.0,52,AA,TT,GG,AA,GG,CC,GT,AA,CC,GG,AA,CT,CG,TT,TT,GG,CG,TT,AT,AA,NN,TT,TT,CC,TT,CC,GT,AT,GG,AA,TT,CC,AA,CC,GG,CG,GG,CG,GT,NN,TT,CT,AA,NN,AA,NN,CT,TT,CC,AC,GT,AT,AA,GG,CT,TT,AA,AA,GT,AA,AA,GT,TT,AA,TT,TT,CC,GG,TT,GG,AA,GG,CC,AA,GG,AA,AT,GG,TT,TT,GG,GG,GT,CC,AA,GG,AA,AA,CC,TT,CC,TT,CC,NN,GT,GG,TT,AC,GT,CC,CT,CC,GG,AG,NN,TT,CC,AA,AA,AA,CT,GG,TT,CC,TT,AC,AA,AT,CC,AG,CG,GG,CC,GG,CT,AG,CC,CC,CC,CC,AA,TT,CC,AA,CC,CT,AA,TT,AG,AA,GG,CC,CG,GG,AA,AG,AA,CC,GG,CC,CC,AA,AG,GG,TT,GG,AA,GT,CT,GG,CC,GG,TT,TT,CC,AA,TT,TT,AA,TT,CG,CC,AA,TT,CC,CC,GG,CC,AA,GG,GG,NN,TT,CC,GT,GT,GG,AT,AA,AA,TT,CC,GG,AA,CC,CC,GG,GG,AC,CG,TT,AC,AA,CC,GG,AA,AC,AA,AA,GG,TT,AT,AA,GG,GT,AA,CC,AT,GG,AA,GG,AA,CT,AA,TT,CC,CT,AA,AC,CT,GG,AG,CC,AG,AC,TT,CT,GT,CG,TT,AA,AC,AG,GG,CC,CC,GG,CC,GG,AT,AA,CC,TT,GG,CC,CC,AA,GG,CC,AT,CC,AA,AA,AC,CG,AC,NN,AA,GG,AA,AC,CC,AA,AG,AG,AA,AA,AT,GG,AA,AA,AC,AA,TT,AA,AA,CG,GG,GG,TT,AA,AG,GT,TT,TT,AG,AT,GG,GG,AA,1.77,Resistant,Medium,Premium,Early
L0523,Anantapur,Andhra Pradesh,Kharif,Red Sandy,Rainfed,390,31.0,52,CC,TT,GG,AA,GG,CC,GG,AA,CC,CC,AA,NN,CG,AT,TT,GT,GG,TT,TT,AG,CC,GT,GT,CC,TT,CC,TT,TT,GG,AA,TT,CC,AA,CC,GG,CC,GG,CG,GG,CC,GT,CT,AC,TT,AA,GG,TT,TT,CC,AC,GT,AA,AA,GG,CT,TT,AA,AA,GG,AC,AA,TT,TT,GG,TT,AA,CC,GG,TT,GG,AA,GG,CC,AA,GG,AC,AT,GG,TT,TT,GG,GT,GT,CC,AA,GG,AA,AT,CC,TT,AC,GT,TT,TT,GT,GG,TT,CC,GT,CT,CC,CC,AG,AG,TT,TT,CG,AA,AA,AA,CC,GG,TT,CC,TT,AA,AC,TT,CC,GG,CC,GG,CC,GG,CT,AA,CC,NN,CC,CC,AA,TT,CC,AA,CC,CC,AA,TT,AA,AA,GG,CC,CC,GG,AA,AG,AA,CC,GG,CC,CC,AA,AG,GG,TT,GG,CC,GT,TT,GG,CC,GT,TT,TT,CC,AT,TT,CT,AA,TT,GG,CC,AA,CC,CC,CC,GG,CC,AA,GG,AG,CC,TT,CC,GT,TT,GG,AA,AA,AG,TT,AC,GG,AC,AC,CC,CC,AG,AA,GG,TT,AC,AA,CG,GG,AT,AC,AA,AT,GG,TT,TT,AA,GG,TT,AT,CC,TT,TT,AT,GG,AG,TT,AA,TT,CC,TT,AA,CC,TT,CG,AG,CC,AA,CC,TT,TT,TT,GG,TT,AA,CC,AA,GG,CC,CG,GG,CC,GG,TT,AA,CG,TT,GG,CC,CC,AT,GG,CC,AA,NN,AA,AA,AC,CC,CC,TT,AA,GG,AA,AC,AC,AC,GG,AA,NN,AA,TT,GG,AC,AA,CC,AA,TT,AA,AA,GG,GG,GG,TT,AA,AA,TT,TT,TT,AG,AT,GG,CG,AA,4.51,Resistant,Medium,Poor,Medium
L0524,Anantapur,Andhra Pradesh,Kharif,Red Sandy,Rainfed,390,31.0,52,CC,TT,AG,AA,GG,CC,GG,AT,CC,CG,AT,CC,CG,TT,TT,GG,GG,AT,TT,AG,CC,GG,TT,CC,AT,CC,TT,AT,GG,AA,TT,CC,AG,CC,GG,GG,GG,CC,GG,CC,TT,CT,AA,GT,AG,GG,TT,TT,NN,AA,GG,AA,AG,GG,CC,TT,AA,AC,TT,AC,AG,TT,TT,AG,CT,AT,CC,GG,TT,GG,AG,GG,CC,AA,GG,AC,AT,AG,TT,TT,GG,GG,GT,CC,AT,GG,AA,AT,CC,TT,CC,TT,CT,TT,TT,GG,TT,CC,GG,CC,CC,CG,AG,AA,TT,TT,CC,AA,AA,AC,CC,GG,TT,CC,TT,AC,AA,TT,CG,AG,CG,GG,CC,GG,TT,AA,CC,CC,CC,CC,AA,TT,AC,AA,AC,CC,AA,TT,AA,AA,GG,CC,CC,GG,AA,AA,AA,AC,NN,CG,CC,AA,AA,GG,TT,GG,CC,TT,CT,GG,AC,TT,TT,TT,CC,AA,TT,TT,AA,TT,CG,CG,AA,CT,CC,CC,NN,CC,AA,GG,AG,CC,TT,CC,TT,GT,GG,AT,AA,AG,TT,AC,GG,AA,AC,CC,GG,GG,NN,GG,CT,AA,AA,CC,GG,AA,NN,AT,AA,GG,TT,AT,AA,GG,GT,AA,CC,AT,TT,AA,GG,AA,TT,AA,TT,CC,CC,AC,AC,TT,GG,AA,CC,AG,CC,AT,CT,GT,GG,TT,AC,CC,AA,GG,CC,CG,CG,CC,GG,TT,AA,CC,TT,GG,CG,CG,AA,GG,CC,AA,CC,AA,AA,CC,GG,NN,TT,AA,GG,AT,AA,AA,AA,AG,AA,AG,AA,TT,GG,AA,AG,CC,AA,TT,AA,AA,GG,GG,GG,TT,AT,AA,TT,AT,TT,AA,AT,GG,GG,AA,2.62,Susceptible,High,Premium,Early
L0525,Anantapur,Andhra Pradesh,Kharif,Red Sandy,Rainfed,390,31.0,52,AA,TT,GG,AA,GG,CC,GT,TT,CC,CG,AA,CC,CC,TT,TT,GG,GG,TT,TT,AA,CC,TT,GT,CC,AT,CC,GT,AT,GG,AC,TT,CT,AA,CC,GG,GG,GG,CC,GG,NN,GT,CT,AA,TT,AA,GG,TT,TT,CC,AC,GG,AA,AA,GG,CC,GT,AA,AC,GG,AC,AA,TT,TT,AA,TT,AA,CC,GG,TT,GG,AA,TT,CC,AA,NN,AA,AT,GG,TT,TT,GG,GT,GG,CC,AA,GG,AA,AA,CC,GT,AC,TT,TT,TT,TT,GG,TT,CC,GT,CC,CT,CC,AG,AA,TT,TT,CG,AA,AG,AA,CC,GG,TT,CC,TT,AC,AC,TT,CG,GG,CC,GG,CC,GG,CT,AA,CT,CC,CC,CC,AA,TT,CC,AA,CC,NN,AA,AT,AA,AT,GG,CC,NN,GG,AA,GG,AA,CC,GG,CC,CG,AG,AG,GG,TT,AG,AC,TT,TT,GG,CC,NN,GT,TT,CC,AA,TT,CT,AA,TT,CG,CG,AG,CC,CC,CC,CG,CC,AA,GG,AA,AC,TT,CG,GG,TT,GG,TT,AA,AA,TT,CC,GG,AC,CC,CC,GG,GG,AC,GG,TT,AA,AA,NN,GG,AA,CC,AA,TT,GG,TT,TT,AA,CG,TT,AA,CC,AA,TT,AA,GG,AA,TT,AA,TT,CC,TT,AA,CC,TT,GG,AG,CG,GG,CC,TT,TT,TT,GG,TT,AC,AA,AA,GG,CG,CC,CG,CC,GG,AT,AG,CC,TT,GG,CC,CC,AT,GG,CC,AT,CC,AA,AA,NN,CG,AC,AT,AA,CG,AA,AA,AA,AC,AG,AA,AA,AA,AT,GG,AC,AA,AC,AA,TT,AA,AA,GG,GG,GG,TT,AA,AA,TT,TT,TT,AA,AT,GG,GG,AA,3.34,Resistant,Low,Premium,Late
L0526,Anantapur,Andhra Pradesh,Kharif,Red Sandy,Rainfed,390,31.0,52,AA,TT,GG,AA,GG,CC,GG,AA,CC,CC,AA,CC,CC,TT,TT,GT,CG,TT,TT,AA,CC,TT,TT,CC,TT,CC,TT,TT,GG,AA,CT,NN,AG,CC,GG,GG,GG,GG,GG,CC,TT,TT,AA,TT,AA,AG,TT,AA,CC,CC,GG,AA,AA,GG,CC,TT,AA,CC,GT,AA,AA,TT,AT,AA,TT,TT,CC,GG,TT,GT,AA,GG,CC,AA,NN,CC,AT,GG,TT,TT,GG,TT,GT,CC,AT,GG,AA,AA,CC,GT,CC,TT,CT,TT,TT,GG,CC,CC,TT,CC,CC,CC,AA,AA,TT,TT,CC,AA,AG,AA,CC,GG,GT,CC,GT,AA,AA,TT,CG,AG,CC,AG,CT,GT,TT,AG,CC,CC,AC,CG,AA,TT,CC,AA,CC,CC,AA,AA,AA,AT,CG,CC,CC,GG,AA,AG,AT,CC,GT,CC,CC,AG,AG,GG,TT,GG,AA,TT,CT,GG,AC,GT,GT,CT,CC,AT,GT,TT,AT,AT,GG,CC,AG,CC,AC,CC,GG,AC,AA,GG,AA,CC,TT,CC,GG,TT,GG,TT,AA,AA,TT,CC,CG,AA,AC,CC,GG,GG,AA,GG,TT,AA,AA,CC,GT,AT,AC,AA,TT,GG,TT,AT,AA,CG,GT,TT,CG,AT,TT,AA,NN,AG,TT,AA,TT,CG,TT,AC,CC,TT,GG,AA,CC,AA,CC,TT,CC,GT,GG,TT,AA,AC,AA,GG,CC,CG,GG,CC,GG,AT,AA,CG,GT,GG,CC,CG,AA,GG,CC,AA,CC,AT,AA,CC,CC,CC,TT,AA,GG,AA,AA,AC,AA,AG,AG,AA,AA,TT,GG,AA,AA,AC,AA,TT,AG,AA,CG,GG,NN,NN,AA,AA,TT,TT,TT,AA,AT,GG,GG,AA,4.08,Susceptible,Medium,Standard,Late
L0527,Anantapur,Andhra Pradesh,Kharif,Red Sandy,Rainfed,390,31.0,52,AC,CT,GG,AG,GG,CC,GT,TT,CC,CG,AA,CC,CC,AT,TT,GG,CG,TT,TT,AA,CC,GG,GT,CC,TT,CC,TT,AA,GT,AA,TT,CT,AA,CC,GG,GG,GG,CG,GG,CC,TT,CC,AC,TT,AA,AA,TT,TT,CC,AA,GG,AA,AG,CG,CT,TT,AA,CC,GT,CC,AG,TT,TT,AA,TT,AT,CC,GG,TT,GT,AG,GT,CC,AA,GG,AA,AA,AG,TT,TT,GG,GG,GG,CC,AA,GG,AA,AA,CG,TT,AC,TT,CC,TT,GT,GG,CT,CC,GT,CC,CC,CG,GG,AG,AT,TT,CC,AA,AG,AA,CT,GG,TT,CG,TT,AA,AA,TT,CG,GG,CC,GG,CT,GG,TT,AG,CC,CC,CC,CC,AA,TT,CC,AA,CC,CC,AA,TT,AA,AA,GG,CC,CC,GG,AA,GG,AA,CC,GG,CC,CC,AA,AA,AG,GT,GG,AC,GT,CT,GG,AC,TT,GT,TT,CC,AA,TT,CT,AA,NN,GG,CC,AG,CC,CC,CC,CG,CC,AA,GG,AA,CC,TT,CG,GG,TT,GG,AT,AA,AA,TT,CC,CG,AA,AC,CC,GG,GG,AC,GG,TT,AA,AA,CC,GG,AT,AC,AA,AA,GT,TT,TT,AA,GG,NN,AA,CC,TT,TT,AT,GG,AG,CT,AA,TT,CC,CT,AA,CC,TT,NN,GG,CC,AG,CC,TT,TT,GT,GG,TT,AA,CC,AG,GT,CC,CG,GG,CC,GG,AA,AA,CC,TT,GG,CC,CG,AA,GG,CC,AT,CG,AA,AG,CC,CC,CC,TT,AA,GG,AA,AA,AA,AC,AG,AA,AG,AA,TT,CG,AC,AA,AC,AC,CT,AG,AA,GG,GG,GG,TT,AA,AG,GT,TT,TT,AA,AT,GG,GG,AA,4.41,Susceptible,Low,Poor,Medium
L0528,Anantapur,Andhra Pradesh,Kharif,Red Sandy,Rainfed,390,31.0,52,AA,CT,GG,AA,GG,CC,GG,TT,CC,CC,AA,CC,CG,AT,TT,GG,GG,TT,TT,AA,CC,TT,GT,CC,TT,CC,TT,TT,GT,AA,TT,CC,AA,AC,GG,CG,GG,CC,GG,CC,TT,CT,NN,GT,AA,GG,TT,AT,CC,AC,GG,AA,AA,GG,CC,TT,AA,AA,GG,AA,AA,TT,AT,AA,TT,AT,CC,GG,TT,GG,AG,GG,CC,AA,GG,AC,AA,GG,TT,TT,GG,GG,GG,CC,AA,GG,AA,AT,CC,GT,CC,TT,CC,TT,TT,AG,CT,CC,TT,CC,CT,CC,AG,AA,TT,TT,CC,AA,AG,AA,CC,GG,TT,CG,TT,AA,AA,TT,CG,GG,CC,NN,CC,GT,TT,AG,CC,CC,CC,CC,AA,TT,CC,AA,CC,CC,AA,TT,AA,AT,GG,CC,CC,GG,AA,AA,AA,AC,GT,CG,GG,AA,AA,AG,TT,AG,AA,GG,TT,GG,CC,TT,TT,TT,GG,AA,TT,CC,AT,AT,CG,CC,AA,CC,CC,CC,GG,CC,AA,GG,AA,CC,TT,CC,GT,TT,CG,AA,AA,AA,TT,AC,GG,AA,CC,CC,GG,GG,CC,GG,TT,AC,AA,CC,GG,AA,AC,AA,AT,GG,GT,TT,AA,GG,GT,AT,CG,TT,GT,AA,GG,AA,TT,AA,TT,CC,TT,AA,CC,CT,GG,GG,CG,GG,CC,AT,TT,GT,GG,TT,AA,AC,AG,GG,CC,CC,GG,CC,GG,TT,AA,CC,GT,GG,CG,NN,AA,GG,CG,AA,CC,AA,AA,CC,CC,AC,AT,AA,GG,AA,AA,AA,AA,AA,AA,AA,AA,TT,GG,AA,AA,AC,AC,CT,AA,AA,GG,GG,GG,TT,AA,AG,TT,TT,TT,GG,TT,GG,GG,AA,2.43,Moderate,Low,Premium,Medium
L0529,Anantapur,Andhra Pradesh,Kharif,Red Sandy,Rainfed,390,31.0,52,AA,TT,GG,AA,GG,CC,GT,AT,CC,CG,AA,NN,GG,TT,GT,GG,CG,TT,TT,AG,CC,GT,GT,CC,TT,CC,TT,AT,GG,AA,CT,CT,AA,CC,AG,GG,GG,CG,GG,CC,TT,NN,AA,TT,AG,GG,TT,AT,CC,CC,GG,AA,AA,GG,CC,TT,NN,AA,TT,AA,AG,TT,AT,AA,TT,TT,CC,GG,TT,GG,AA,GG,NN,AG,GG,AC,AT,GG,TT,TT,AG,GT,GT,CC,AA,GG,AA,AT,CC,TT,AC,TT,CT,TT,TT,GG,TT,AC,TT,CC,CT,GG,GG,AA,TT,TT,CC,AA,AG,AA,CT,GG,TT,CC,TT,AA,AA,TT,CC,AG,CG,AG,CC,TT,CT,AG,CC,CC,CC,CC,AA,TT,CC,AA,CC,CT,AA,AT,AA,AT,GG,CC,CC,GG,AA,AA,AA,CC,GG,CC,CC,AG,AG,GG,TT,NN,AC,GT,TT,GG,AC,TT,TT,TT,CG,AT,GT,TT,AA,AT,GG,CC,AG,CT,CC,CC,GG,CC,AT,GG,AG,CC,TT,CG,GT,TT,CG,AT,AA,AA,TT,AC,GG,AA,AC,CC,NN,GG,AA,GG,TT,AA,AA,CC,GG,AT,CC,AT,AT,GT,TT,AT,AA,NN,GG,AA,CC,AT,GT,AA,GG,AA,CT,AA,TT,CG,TT,AA,CC,TT,GG,AA,CC,AG,AC,TT,TT,GT,GG,NN,AA,AA,AA,GG,CC,CC,GG,CG,GT,AT,AA,CC,TT,GG,CG,CC,AA,AG,CC,AT,CC,AT,GG,CC,CC,AC,TT,AA,GG,AA,AA,AC,AA,AA,AA,AG,AA,TT,GG,AA,AG,CC,AA,CC,AA,AA,GG,GG,GG,TT,NN,AG,TT,TT,TT,AG,TT,GG,GG,AA,3.83,Susceptible,Low,Premium,Late
L0530,Anantapur,Andhra Pradesh,Kharif,Red Sandy,Rainfed,390,31.0,52,CC,TT,NN,AG,GG,CC,GG,TT,CC,CC,AA,CC,CC,TT,TT,GG,GG,TT,TT,AG,CC,TT,GT,CT,TT,CC,TT,TT,GG,AA,TT,CC,AG,CC,GG,CG,GG,CC,GG,CC,TT,NN,AA,TT,AA,GG,TT,AT,CC,CC,GG,AA,AA,GG,CT,TT,AT,AA,TT,AC,AG,TT,TT,AG,TT,AT,CC,GG,TT,GG,AG,GT,CC,AA,GG,AC,AT,AA,GT,TT,GG,GG,GT,CC,AA,GG,AA,AA,CC,GT,CC,TT,CT,AT,TT,NN,TT,CC,GT,CC,CC,CG,GG,AA,TT,TT,CC,AA,AG,AA,CC,GG,TT,CC,TT,AA,CC,TT,CG,AA,CC,AG,CC,GG,TT,AA,CT,CC,CC,CC,AA,TT,CC,AA,CC,CC,AA,AT,NN,AT,CG,CC,CC,GG,AA,AA,AA,CC,GG,CC,CG,AA,GG,GG,NN,GG,AC,GT,CT,AG,CC,GT,TT,CT,CC,AT,TT,TT,NN,TT,GG,CC,AA,TT,CC,CC,GG,AC,AT,GG,GG,CC,TT,CC,GT,TT,GG,TT,AA,AA,TT,CC,GG,AA,AC,CC,GG,GG,CC,GG,TT,AA,AA,CC,GG,AA,AC,AA,AT,GT,GT,AA,AT,GG,GG,AA,CG,TT,TT,AA,GG,AA,CT,AC,TT,CC,CT,AA,AC,TT,GG,AG,CC,GG,CC,TT,TT,GT,GG,TT,AA,NN,GG,GG,CC,CG,GG,CC,GG,AT,AA,CG,TT,AG,CC,CC,AA,GG,CC,AA,CC,AA,AA,CC,CG,AC,TT,AA,GG,AA,AA,AA,AA,GG,AG,AA,AA,TT,GG,AA,AG,AC,AC,CT,AA,AA,GG,GG,GG,TT,AT,AG,TT,TT,TT,AG,AT,GG,GG,AA,0.4,Susceptible,High,Standard,Early
L0531,Anantapur,Andhra Pradesh,Kharif,Red Sandy,Rainfed,390,31.0,52,AA,CT,AG,AG,GG,CC,GG,AT,CC,CC,AA,CC,GG,TT,TT,GG,CG,TT,TT,AA,CC,TT,GT,TT,TT,CC,TT,AT,GG,AA,TT,CC,AA,CC,GG,GG,GG,CG,GG,CC,TT,TT,AA,GG,AA,AG,CT,TT,CC,AC,GG,AA,AA,GG,CC,TT,AA,CC,GG,AC,AG,TT,TT,AA,TT,TT,CC,GG,TT,GG,AA,GG,CC,AA,GG,AA,TT,GG,TT,TT,GG,GG,GG,CC,AA,GG,AA,AA,CC,GT,AC,TT,CC,TT,TT,AG,TT,CC,TT,CC,CC,CC,AG,AA,TT,TT,CC,AA,GG,AA,CC,GT,TT,CG,TT,AA,AC,TT,CG,GG,CC,GG,CC,GT,TT,AA,CC,CC,CC,CC,AA,TT,CC,AA,CC,NN,NN,TT,AA,AT,CG,CT,CC,GG,AA,GG,AA,CC,GT,CC,CG,AA,AA,GG,TT,GG,AC,GG,CT,GG,CC,GT,TT,TT,CG,AT,GT,NN,TT,TT,GG,CC,AA,CC,CC,CC,GG,CC,AA,GG,AA,CC,TT,CC,TT,TT,CG,TT,AG,AA,TT,AC,GG,AC,AC,CC,GG,GG,AC,GG,TT,AA,AG,CC,GG,AA,AA,AT,AT,GG,TT,AA,AA,GG,GT,AA,CC,TT,GT,AA,GG,AA,TT,AA,TT,CC,TT,AA,CC,TT,GG,AG,NN,AA,CC,TT,CC,GT,GG,AT,AA,CC,AG,GG,CC,CC,GG,NN,GG,AT,AA,CC,TT,GG,CC,CG,AA,GG,CC,AA,CC,AA,AA,CC,CG,AC,TT,AA,GG,AA,AC,AC,AA,AG,AG,AG,AA,TT,GG,AA,AG,CC,AC,CC,AA,AA,GG,GG,GG,TT,AT,AA,GT,TT,TT,AG,AT,GG,GG,AA,3.66,Moderate,Low,Standard,Medium
L0532,Anantapur,Andhra Pradesh,Kharif,Red Sandy,Rainfed,390,31.0,52,AC,TT,NN,AA,GG,CC,GT,AA,CC,CC,AA,CC,CC,TT,GG,GG,GG,TT,TT,AA,CC,TT,TT,CC,AT,NN,GT,TT,GG,AA,TT,CT,AA,CC,GG,GG,GG,CC,GG,CC,TT,CT,AA,TT,AG,AA,TT,TT,CC,AC,GG,AA,AA,NN,CT,TT,AA,AA,GG,AA,AG,NN,TT,AG,TT,AA,CC,GG,TT,GG,AG,GT,CC,AA,NN,AC,AA,AG,TT,TT,GG,TT,GG,CC,AT,GG,AG,AA,CC,TT,AC,TT,CC,TT,GT,GG,TT,CC,TT,CC,CC,CC,AG,NN,TT,TT,CC,AA,AA,CC,CT,GG,TT,CC,GT,AA,AA,TT,CC,GG,CC,AG,CC,GT,TT,AG,CT,CC,CC,CC,AA,TT,AC,AA,AC,CC,AA,TT,AG,AA,GG,CC,CC,GG,AG,NN,AA,CC,GT,CC,CC,AA,AA,AG,GT,GG,AA,TT,CT,GG,CC,TT,GG,TT,CC,AA,GT,TT,AA,AT,GG,CC,AA,TT,CC,CC,GG,CC,AT,GG,GG,CC,TT,CC,GG,TT,GG,AT,AA,AA,TT,CC,GG,AA,AC,CC,GG,GG,AA,CG,NN,CC,AG,CC,GG,AA,CC,AA,AA,GG,TT,TT,AT,GG,GT,NN,CC,TT,GT,AA,GG,AA,TT,AA,TT,CC,CT,AA,CC,TT,CG,GG,CC,AG,CC,TT,TT,GT,GG,TT,AA,AC,AG,GT,CC,CC,GG,CC,GG,AT,AA,CC,TT,GG,CC,CC,AA,GG,CC,AT,CC,AA,AA,AC,CG,CC,NN,AA,GG,AA,AA,AC,AC,AG,AA,AG,NN,TT,GG,AA,AG,AA,AA,CC,AA,AA,GG,AG,CG,GT,AA,AA,GT,TT,TT,AA,AT,GG,GG,AA,0.4,Moderate,High,Poor,Late
L0533,Anantapur,Andhra Pradesh,Kharif,Red Sandy,Rainfed,390,31.0,52,AA,TT,GG,AA,GG,CC,GG,AT,CC,CG,AA,CC,CC,AT,GT,GG,GG,TT,TT,NN,CC,TT,GT,CC,TT,CC,TT,TT,GG,AA,TT,CT,AA,CC,GG,GG,GG,CC,GT,AC,TT,TT,AA,GT,AA,GG,TT,TT,CC,AA,GT,AA,AG,GG,CT,TT,AT,AC,TT,AA,AG,TT,AT,AG,TT,TT,CC,GG,TT,GT,AA,GG,CC,AA,GG,AA,AA,GG,TT,TT,GG,GG,GG,AC,AA,GG,AG,AA,CC,TT,CC,TT,CT,TT,TT,GG,CT,CC,TT,CC,CT,CC,AG,AA,TT,TT,CC,AA,AA,CC,CC,GG,TT,CC,TT,AA,AA,TT,CC,AG,CC,GG,CC,GG,TT,AA,CC,CC,CC,CC,NN,TT,CC,AA,CC,CC,AG,TT,AA,AT,GG,CC,NN,GG,AA,AG,AA,CC,GT,CC,CC,AG,AA,GG,GT,AG,AC,GT,CT,GG,AC,GT,NN,TT,CC,AT,GT,TT,AA,AT,CG,CC,AG,CC,CC,CC,CG,CC,AA,GG,AG,CC,TT,CC,GG,GT,CG,AT,AG,AA,TT,CC,GG,AA,AC,CC,GG,GG,NN,GG,TT,NN,AA,CC,GG,AA,AC,AA,TT,GT,TT,TT,AA,CG,GT,AA,CC,TT,GT,AA,GG,AA,TT,AA,TT,CC,CC,AC,CC,CT,CG,AG,CC,AG,AC,TT,TT,TT,GG,TT,NN,CC,AG,GG,CC,CG,GG,CG,GG,AT,AA,NN,GT,GG,CC,CC,AA,AG,CC,AA,CC,AA,AA,AC,NN,AC,TT,AA,GG,AA,AC,AC,AA,AA,AG,AG,AA,TT,GG,AC,AA,CC,AA,TT,AA,AA,CG,GG,GG,TT,AA,AA,TT,TT,TT,AA,TT,GG,GG,AA,3.04,Susceptible,Medium,Standard,Late
L0534,Anantapur,Andhra Pradesh,Kharif,Red Sandy,Rainfed,390,31.0,52,AA,TT,GG,AA,GG,CC,GT,AT,CC,CG,AT,CC,CG,TT,TT,GT,GG,TT,TT,AA,CC,GT,TT,CT,TT,CC,TT,AT,GG,NN,TT,CT,AA,CC,GG,CG,GG,CC,GG,CC,TT,TT,AA,TT,NN,GG,TT,AT,CC,CC,GT,AA,AA,GG,CC,TT,AA,CC,TT,AA,AA,TT,TT,GG,CT,TT,CC,GG,TT,GT,AG,GG,CC,AA,GG,AC,AT,GG,TT,TT,GG,GT,GG,CC,AT,GG,AA,AA,CC,TT,CC,TT,CC,TT,GT,GG,TT,AC,TT,CC,CC,CC,AG,NN,TT,TT,CG,AA,AG,AC,CC,GG,TT,CC,GT,AA,CC,TT,CC,AA,CC,AG,CC,GT,TT,AA,CC,CC,CC,CC,AG,TT,CC,AA,CC,CT,AA,TT,AA,AA,GG,CC,CG,GG,AA,AG,AA,CC,GT,CC,CG,AA,AG,AG,GT,GG,CC,TT,CT,GG,CC,GT,GT,TT,CC,AT,GT,TT,AA,NN,GG,CC,AG,TT,CC,CC,CG,CC,AA,GG,AG,CC,TT,CG,GT,GT,GG,AA,AA,AA,TT,AC,CC,AA,CC,NN,GG,GG,AA,GG,TT,AA,AG,CC,GG,AA,AC,AT,AA,GT,NN,AA,AA,GG,GG,AA,CC,TT,GT,AA,GG,AA,CT,AA,TT,CC,TT,AA,CC,CC,CG,GG,CC,GG,CC,TT,TT,TT,GG,TT,AA,CC,NN,GG,CC,CC,GG,CC,GG,TT,AG,CC,GT,GG,CG,CC,AT,GG,CG,AA,CG,AT,AA,AC,GG,CC,TT,AA,GG,AA,AA,AC,AA,AG,AA,AG,AA,TT,CG,AC,GG,AC,AA,NN,AG,AA,GG,GG,GG,GT,AA,AA,TT,TT,AT,AG,TT,GG,GG,AA,0.7,Susceptible,High,Premium,Early
L0535,Anantapur,Andhra Pradesh,Kharif,Red Sandy,Rainfed,390,31.0,52,AC,TT,GG,AA,GG,CG,GT,TT,CC,CG,AA,CT,CC,AT,GT,GT,CG,TT,TT,AA,CG,TT,GT,CC,TT,CC,TT,TT,GG,AA,TT,CC,AA,CC,GG,CG,GG,CC,GG,CC,TT,TT,AA,TT,AG,GG,TT,AT,CC,AC,GG,AA,AA,GG,CT,TT,AT,AA,GT,AA,AA,TT,AT,AA,CT,TT,CC,GG,TT,GT,AG,GG,AC,AA,GG,AA,AA,GG,TT,TT,GG,NN,GG,CC,AA,GG,AA,AA,CG,GT,CC,GT,CT,TT,TT,GG,CT,CC,GT,CC,CC,CC,NN,AA,TT,TT,CG,AA,AA,AA,CT,GG,TT,CC,GT,AA,AA,TT,CC,GG,CC,GG,CC,GG,CT,AA,CC,CC,CC,CC,AA,TT,CC,AA,CC,CC,AA,AT,AA,AA,GG,CC,CC,GG,AA,AA,AA,CC,GG,CC,CC,AA,AA,GG,TT,GG,AA,TT,CT,GG,NN,TT,GT,TT,CC,AT,TT,TT,AT,TT,GG,CC,AA,CT,CC,CC,GG,CC,AA,GG,AA,CC,GT,CC,TT,TT,GG,AT,AA,AA,TT,CC,GG,AA,CC,CC,GG,GG,AC,CG,TT,AC,AA,CC,GG,AA,CC,AA,AA,GG,TT,TT,AA,CC,GG,AA,CC,NN,GT,AA,GG,AA,CC,AA,TT,CC,CT,AC,CC,CT,CG,AA,CG,AA,CC,TT,TT,TT,CG,AT,AA,CC,AA,GG,CC,CG,GG,CG,GG,AT,AA,CC,GT,AG,CC,CG,AA,GG,CG,AT,CC,AA,AA,AC,CC,CC,AT,AG,CG,AA,AA,AA,AA,GG,AG,AA,AA,AT,CG,AA,AA,AC,AA,TT,AA,AA,CG,AG,GG,TT,AA,AA,TT,TT,TT,AG,AT,GG,CG,AA,2.95,Moderate,Low,Standard,Medium
L0536,Anantapur,Andhra Pradesh,Kharif,Red Sandy,Rainfed,390,31.0,52,AA,TT,AA,AG,CG,CC,GG,TT,CC,CC,AA,CC,CG,AT,TT,GG,GG,TT,TT,AA,CC,TT,TT,CT,TT,CC,TT,TT,GT,AA,TT,CC,AA,CC,AG,CG,NN,GG,GG,CC,TT,TT,AC,TT,AA,AG,TT,NN,CC,CC,GG,AT,AA,GG,CT,TT,AA,AA,GG,NN,AA,GT,AT,AA,TT,TT,CT,GG,TT,GG,AG,GT,CC,AA,GG,AC,AT,GG,TT,TT,GG,GT,GG,CC,AA,GG,AA,AA,CG,TT,CC,TT,CC,AA,TT,GG,CT,CC,GT,CT,CC,CC,AG,AA,AT,TT,CC,AA,AA,AA,CC,GG,TT,CC,TT,AC,AA,NN,CC,GG,CG,AG,CC,GG,CC,AA,CC,CC,CC,CC,AA,GT,AC,AA,CC,CC,AA,TT,AA,AA,GG,CT,CC,GG,AA,GG,AA,AC,GT,CC,CC,AA,AA,GG,TT,GG,CC,TT,CT,AG,CC,GT,GT,TT,CC,AA,TT,TT,AA,TT,GG,CC,AG,CC,AC,CC,CG,CC,AA,AG,AA,CC,TT,CC,GG,TT,CG,AT,AA,AG,TT,CC,CG,AA,CC,CC,CG,GG,CC,GG,TT,AA,AA,CC,GG,AA,AC,AA,AA,NN,TT,TT,AA,GG,GT,AA,CC,AT,TT,AA,GG,AA,TT,AA,TT,CC,TT,AA,CC,CT,GG,AA,CG,GG,CC,TT,TT,TT,GG,AT,AC,AC,AG,GT,CC,CC,GG,CC,NN,AT,AA,CC,TT,GG,GG,CG,AA,AG,CG,AT,CC,AA,AG,CC,CC,AA,AT,AA,GG,AA,AA,AC,AA,GG,GG,AA,AA,AT,GG,AA,AA,CC,AC,CT,AG,AA,GG,GG,GG,TT,NN,AA,GT,TT,TT,AG,AT,GG,NN,AA,7.75,Susceptible,Low,Premium,Early
L0537,Anantapur,Andhra Pradesh,Kharif,Red Sandy,Rainfed,390,31.0,52,AC,TT,GG,GG,GG,CC,GG,AT,CC,GG,AT,CC,CC,AT,GT,GT,GG,TT,TT,AA,CC,GT,TT,NN,TT,CC,GT,TT,GG,AA,TT,CT,AA,AC,AG,GG,GG,CG,GG,CC,TT,CC,AA,GT,AA,GG,TT,TT,CC,AC,GT,AA,AA,GG,CC,TT,AA,AA,GG,AC,AA,GT,AT,AG,TT,TT,NN,GG,TT,GG,GG,GT,AC,AA,GG,AA,AA,GG,TT,TT,GG,GG,GG,CC,AT,GG,AG,AA,CC,GG,AC,TT,CT,TT,GT,GG,TT,AC,GT,CC,CT,CC,GG,AA,TT,GT,CC,AA,AG,AA,CT,GG,GT,CG,TT,AA,NN,TT,CC,GG,CC,GG,CC,TT,CT,AA,CC,CC,CC,CC,AA,TT,CC,AA,CC,CC,AA,TT,AA,AA,GG,CC,CC,GG,AA,AG,AA,CC,GG,CC,CC,AA,AA,GG,TT,GG,CC,TT,CC,GG,CC,TT,TT,TT,CC,AA,GT,TT,AA,AT,GG,CC,AA,CC,CC,CC,GG,CC,AA,GG,AG,CC,TT,CG,GG,TT,CG,AT,AG,AG,TT,CC,GG,AC,CC,CC,GG,GG,AC,GG,TT,AC,AG,CC,GT,AA,NN,AA,AT,GG,TT,TT,AA,GG,GG,AT,NN,AA,TT,AA,GG,AA,NN,AA,TT,CC,CT,AA,CC,TT,CC,GG,CG,AG,CC,AT,TT,GT,GG,TT,AC,AC,AA,NN,CC,CC,GG,CC,GT,AA,AA,CC,GG,GG,CC,CC,AT,AG,CC,TT,CC,AT,AA,CC,CC,AC,TT,AA,GG,AA,NN,AC,AA,GG,AA,NN,AA,TT,GG,AA,AG,AA,AA,CC,AA,AG,GG,GG,GG,TT,AA,AA,TT,TT,TT,GG,AT,NN,GG,AA,2.15,Susceptible,Low,Premium,Late
L0538,Anantapur,Andhra Pradesh,Kharif,Red Sandy,Rainfed,390,31.0,52,AA,TT,AG,AG,GG,CC,GT,TT,CC,CC,AA,CC,CG,TT,TT,GT,CG,TT,TT,AA,CG,GG,GT,CC,TT,CT,TT,TT,GG,AA,TT,TT,AA,CC,AG,GG,GG,CC,GG,AC,TT,CT,AA,TT,AA,GG,CT,TT,CG,AA,GG,AT,AA,GG,CT,GT,AA,AC,GT,AA,AA,TT,TT,GG,TT,TT,CC,GG,TT,GG,AA,GG,CC,AA,AG,AC,AT,GG,TT,TT,GG,GT,GT,NN,AA,GG,AA,AA,CC,TT,CC,TT,CT,TT,GT,GG,CT,CC,GT,CC,TT,CC,AA,AA,TT,TT,CC,AG,GG,AA,CC,GG,TT,CC,TT,CC,AA,AT,CC,AG,CC,GG,TT,GG,TT,AA,CT,CC,AC,CC,AA,TT,CC,AA,CC,CT,AA,TT,AA,AA,CG,CC,CC,GG,AA,GG,AA,CC,GT,CC,CC,AG,AA,GG,GT,GG,AC,TT,NN,AA,AC,TT,TT,TT,CG,AT,TT,TT,AA,TT,GG,CC,AG,CC,CC,CC,CG,AC,AA,GG,AA,CC,TT,CG,GG,TT,GG,TT,AG,AA,TT,CC,GG,AA,NN,CC,GG,GG,AC,GG,TT,AA,AA,NN,GG,AA,AC,AA,AT,GG,TT,TT,AT,CG,GG,AA,CC,TT,TT,AA,GG,AG,TT,AC,TT,CC,TT,AA,CC,TT,CG,AG,CC,GG,CC,TT,CT,TT,GG,TT,AA,AC,AA,GG,CC,CC,GG,CG,GG,AT,AA,CC,TT,GG,CC,CC,AA,GG,CG,AA,CC,AA,AA,NN,CC,AC,TT,AA,GG,AA,AC,AC,AA,AA,AG,AA,AA,TT,GG,CC,AG,CC,CC,CT,AA,AA,NN,AG,GG,TT,AT,AA,TT,TT,TT,AA,AA,GG,GG,AA,2.54,Moderate,Medium,Standard,Late
L0539,Anantapur,Andhra Pradesh,Kharif,Red Sandy,Rainfed,390,31.0,52,CC,TT,AG,AG,GG,CC,GG,AT,CC,CG,AA,CC,CC,TT,TT,GT,CG,TT,TT,AA,CC,TT,GT,CC,AT,CC,GT,TT,GG,AC,TT,CC,AA,CC,GG,CG,GG,CC,GG,CC,TT,CT,AC,TT,AG,AG,CT,TT,NN,CC,GT,AT,GG,GG,CC,TT,AA,AA,GT,AA,AA,GT,AA,AG,TT,TT,CC,GG,CT,GG,NN,GT,CC,AA,GG,AC,AA,AA,TT,TT,GG,GT,GG,CC,AA,GG,AA,AT,CC,TT,AC,TT,CC,TT,TT,GG,NN,CC,TT,CC,CC,CG,AG,AA,TT,TT,CG,AA,AA,AA,CC,GG,TT,CC,GT,AC,AA,TT,CC,AG,CC,AG,CC,NN,TT,AG,CC,CC,CC,CC,AA,TT,CC,AA,CC,CC,AA,TT,AG,AT,GG,CT,CC,GG,NN,AA,AA,AC,GT,CC,CC,AA,AA,AG,TT,GG,AA,TT,CT,AG,AC,TT,GT,CT,CC,AA,GT,CT,AA,AT,GG,CC,AG,CC,CC,CC,CG,CC,AT,GG,AA,CC,TT,CG,GG,GT,GG,TT,AA,AA,TT,AC,GG,AA,AC,CC,GG,GG,AA,GG,TT,AA,AA,CC,GG,AT,CC,AA,AT,GG,TT,TT,AT,CG,GG,AA,CG,TT,GT,AA,GG,AA,TT,AA,TT,CC,TT,AC,AC,TT,GG,AG,CG,GG,CC,AT,TT,GT,GG,TT,CC,AA,AG,GG,CC,CC,GG,CC,GG,AT,GG,CC,GT,GG,CC,CC,AA,GG,CC,AA,CC,AA,AA,CC,CG,CC,TT,AA,GG,AA,AA,AA,AC,GG,AA,AA,AA,AT,GG,AC,GG,CC,AA,TT,AA,AA,GG,GG,GG,TT,AA,AA,TT,TT,TT,AG,TT,GG,GG,NN,3.35,Susceptible,Low,Standard,Medium
L0540,Anantapur,Andhra Pradesh,Kharif,Red Sandy,Rainfed,390,31.0,52,AC,TT,GG,AG,GG,CC,GT,TT,CC,CG,AT,CT,CC,TT,GG,GG,CG,TT,TT,AA,CC,GT,TT,CC,TT,CC,GT,TT,GT,AA,TT,CC,AA,CC,GG,CG,GG,CC,GG,CC,TT,CC,AC,GT,AG,GG,TT,AA,CC,AA,GG,AT,AA,GG,CT,TT,AA,AA,GT,AC,AA,TT,TT,AA,TT,TT,CC,GG,CT,GG,AA,GG,CC,AA,GG,AC,AA,GG,GG,TT,AG,GG,GG,CC,AA,GG,AA,AA,CC,GT,AC,NN,CC,NN,TT,GG,CT,CC,TT,CC,CC,CC,AG,AA,NN,TT,CG,AA,GG,AC,CC,GG,TT,CC,TT,AA,AA,TT,CC,AG,CG,AG,CC,GG,TT,AA,NN,CC,CC,CC,AA,TT,CC,AA,CC,CC,AA,TT,AA,AA,GG,CC,CC,GG,AA,AA,AA,AC,GG,CC,CC,AG,AA,AG,GT,GG,AA,TT,CT,GG,CC,GT,TT,TT,CC,AA,TT,CT,AA,AT,GG,CC,AA,CC,CC,CC,CG,CC,AA,GG,AG,CC,TT,CC,GG,TT,GG,AT,AA,AA,TT,CC,GG,AA,CC,CC,GG,GG,AC,GG,TT,AC,AA,CC,GT,AT,CC,AT,AA,GG,TT,AT,AT,GG,GT,AA,CC,TT,GT,AA,GG,AA,TT,AA,NN,CC,CT,AA,AC,TT,GG,AG,CC,AG,CC,NN,TT,GT,GG,AT,AC,AC,AG,GG,CC,CC,GG,CC,GG,TT,AA,CC,TT,GG,CG,CC,AA,GG,CC,AT,CG,AA,AA,AC,CC,CC,TT,AA,GG,AA,AC,AC,AA,AG,AG,AA,AA,AT,GG,AA,AG,AA,AC,CT,AA,AG,GG,GG,GG,TT,AA,AG,TT,TT,TT,AA,AT,GG,GG,AA,2.57,Susceptible,Low,Standard,Early
L0541,Anantapur,Andhra Pradesh,Kharif,Red Sandy,Rainfed,390,31.0,52,AC,TT,GG,AG,GG,NN,GG,TT,CC,CG,AT,CC,CC,AT,TT,GG,CG,TT,TT,AA,CC,TT,GT,CT,TT,CC,TT,TT,GG,AA,TT,CC,AA,CC,GG,GG,GG,CC,GT,CC,TT,TT,AA,GT,AA,GG,TT,TT,CC,CC,GG,AA,AA,GG,CT,TT,AA,AA,GT,AA,AA,TT,TT,GG,TT,TT,CC,GG,TT,GG,AG,GG,CC,AA,GG,AA,AT,GG,TT,TT,GG,GG,GT,CC,AT,GG,AA,AA,CG,TT,CC,TT,CT,AT,TT,AG,TT,CC,GT,CC,CC,CC,GG,AA,TT,TT,CC,AA,GG,AA,CT,GG,TT,CG,GT,NN,AA,TT,CC,GG,CG,GG,CT,GG,TT,AG,CT,CC,AC,CC,AA,TT,CC,AA,CC,CC,AA,TT,AA,AA,CG,CC,CC,GG,AA,AG,AA,CC,GT,CG,CC,AA,AG,GG,GT,GG,NN,GT,TT,GG,AC,GT,TT,TT,CG,AA,GT,TT,AA,TT,GG,CC,AA,CT,CC,CC,GG,CC,AA,GG,AA,CC,NN,CG,GG,TT,CG,AA,AA,AA,TT,CC,GG,AA,CC,CC,GG,GG,CC,GG,TT,AA,AA,CC,GG,AA,CC,AA,AA,GG,TT,TT,AA,CG,GT,AA,GG,AT,TT,AA,GG,AA,CT,AA,TT,NN,TT,AA,CC,TT,GG,AG,CC,AA,CC,TT,TT,GT,GG,TT,AA,CC,GG,GG,CG,CC,GG,CC,GG,TT,AA,CC,GG,GG,CC,CC,AT,AG,CC,AA,CC,AA,AA,CC,GG,CC,TT,AA,GG,AA,AA,AC,AA,AA,AA,AG,AG,TT,GG,AA,AG,CC,AA,CT,GG,AA,CG,GG,GG,GT,AT,AG,TT,TT,TT,AG,TT,GG,GG,AA,0.4,Moderate,High,Standard,Early
L0542,Anantapur,Andhra Pradesh,Kharif,Red Sandy,Rainfed,390,31.0,52,AA,CT,GG,AA,NN,CC,GT,TT,CC,CG,AA,CC,GG,AT,GT,GG,CG,TT,TT,AA,CC,GT,GT,CC,TT,CC,GT,TT,GT,AA,TT,CC,AA,CC,GG,GG,GT,CC,GG,CC,TT,CC,AA,GT,AA,GG,TT,TT,CC,AC,GG,AA,AA,CG,CT,TT,AA,AC,TT,AA,AA,TT,AT,AG,CT,AT,CC,GG,TT,GG,AA,GG,CC,AA,GG,AC,AT,GG,TT,TT,GG,GT,GT,CC,AA,GG,AA,AA,CC,GT,CC,TT,TT,TT,TT,AG,TT,NN,GT,CC,CC,CG,AG,AA,TT,TT,CC,AA,AG,AA,CT,GG,TT,CC,GT,CC,AA,TT,CG,AG,CC,GG,CC,GG,TT,AA,CC,CC,CC,CC,AG,TT,AC,AA,CC,NN,AA,TT,AA,AT,GG,CC,CC,GG,AA,AG,AA,CC,GG,CC,CC,AA,AG,GG,TT,AG,AC,TT,CT,AG,AC,GT,TT,CT,CC,AA,GT,TT,AA,TT,GG,CC,AG,CT,CC,CC,CG,CC,AT,GG,GG,CC,TT,CC,GT,TT,GG,AT,AA,AA,GT,CC,GG,AA,CC,CC,GG,GG,AA,GG,TT,AC,AG,CC,GG,AA,AC,AA,AT,GG,TT,AT,AA,CG,GT,AT,CC,TT,TT,AA,GG,AA,TT,AA,TT,CC,TT,AC,CC,TT,GG,AG,CC,GG,CC,TT,TT,GG,GG,TT,AA,AC,AG,GG,CC,CC,GG,CC,GG,AA,AA,CC,TT,GG,CC,NN,AA,GG,CC,TT,CC,AA,AA,CC,CC,AC,TT,AA,CG,AA,AC,NN,AA,AG,GG,AG,AA,TT,GG,AA,AG,AC,AC,CC,AA,AG,GG,GG,GG,GG,AT,AA,TT,TT,TT,GG,TT,GG,GG,AA,0.62,Susceptible,Medium,Poor,Late
L0543,Anantapur,Andhra Pradesh,Kharif,Red Sandy,Rainfed,390,31.0,52,AA,TT,AG,AA,GG,CC,GG,AT,CC,CG,AA,CC,CG,TT,TT,GG,CG,TT,AT,AA,CC,GT,GG,CC,TT,CC,GG,AT,TT,AA,CT,CC,AA,CC,GG,GG,GG,CC,GG,CC,TT,CC,AA,TT,AA,GG,CT,TT,CC,AC,GG,AA,AA,GG,CT,TT,AA,NN,GG,AA,AA,TT,AA,AA,TT,TT,CC,GG,TT,GG,AA,GG,CC,AA,AG,AA,TT,GG,TT,TT,GG,GG,GG,CC,AA,GG,AA,AA,CC,GT,CC,GT,CC,TT,GT,GG,CT,CC,TT,CC,CC,CG,AG,AA,TT,TT,CG,AA,AG,AC,CC,GG,TT,CG,GT,AA,AA,TT,GG,AG,CC,GG,CC,GT,CT,AG,CC,CC,CC,CC,AG,TT,CC,AA,CC,CC,AA,TT,AA,AA,GG,CC,CC,GG,AG,AA,AT,CC,GG,CC,CC,AG,AA,AG,GT,GG,AC,TT,TT,GG,CC,TT,TT,TT,CG,AT,GT,TT,AT,TT,NN,CC,AG,CT,CC,CC,GG,CC,AA,GG,AG,CC,TT,CC,GT,TT,CG,AA,AA,AA,GT,CC,GG,AA,CC,CC,CG,NN,CC,GG,TT,CC,AG,CC,GG,AA,CC,AA,AA,GT,GT,TT,AT,GG,GG,AA,CC,TT,GT,AA,GG,AA,CT,AA,TT,CC,TT,AA,CC,TT,GG,AG,CC,AG,CC,TT,TT,TT,GG,TT,AA,NN,AG,GG,CC,CG,GG,CC,GG,TT,AA,CC,TT,GG,CC,CC,AA,AG,CC,AA,CG,AA,AA,AC,CC,AC,TT,AA,CG,AA,AC,AA,AA,AG,AA,GG,AA,TT,GG,AA,AG,CC,AA,TT,AA,AA,GG,GG,CG,TT,AA,AA,TT,TT,TT,AG,AA,GG,GG,AA,1.03,Susceptible,Low,Premium,Early
L0544,Anantapur,Andhra Pradesh,Kharif,Red Sandy,Rainfed,390,31.0,52,AA,TT,GG,AG,GG,CC,GT,AT,CC,CG,AT,CC,CG,AT,TT,GG,GG,TT,TT,AA,CC,GT,GT,CC,TT,CC,GT,TT,GG,AA,TT,CT,AA,AC,GG,CG,GG,CC,GG,CC,TT,CT,AA,TT,AA,AG,TT,TT,CC,AC,GT,AA,AA,GG,CT,TT,AA,AC,GT,AC,AG,TT,NN,AG,TT,TT,CC,GG,TT,GT,AG,GG,CC,AA,GG,AC,AT,GG,TT,TT,GG,GG,NN,CC,AT,GG,AA,AA,CC,GG,AC,TT,CC,AT,TT,GG,CT,CC,TT,CC,CC,CC,AG,AA,AT,TT,CG,AA,AG,AC,CC,GG,GT,CG,TT,AA,AA,NN,CG,GG,CC,GG,CC,GG,CT,AG,CC,CC,CC,CC,AG,TT,CC,AA,CC,CC,AA,TT,AA,AA,CC,CT,CC,GG,AA,AG,AA,CC,GG,CC,CC,AA,AG,AG,TT,GG,AA,GT,CC,GG,CC,TT,GT,CT,CC,AA,TT,CT,AT,TT,GG,CC,AA,CT,CC,CC,CG,CC,AT,GG,AG,CC,TT,CC,GT,TT,GG,AT,AA,AA,TT,CC,CG,AA,CC,CC,GG,AG,AC,GG,NN,AA,AA,CC,GG,AA,AC,AA,AT,GG,TT,TT,AA,GG,GG,AA,CG,TT,TT,AA,GG,AA,TT,AA,TT,CC,TT,AA,CC,TT,GG,AA,GG,GG,AC,TT,CT,GT,GG,TT,AC,AC,AA,NN,CC,CG,GG,CC,GT,AT,AA,CG,TT,GG,CG,CG,AA,AG,CG,AT,CC,AA,AA,AC,CG,AC,TT,AA,GG,AA,AA,AA,AA,AG,GG,AA,AA,AT,GG,AA,AA,AC,AA,CT,AA,AA,GG,GG,GG,TT,AT,AA,TT,TT,TT,AA,AT,GG,GG,AA,1.24,Susceptible,Low,Standard,Medium
L0545,Anantapur,Andhra Pradesh,Kharif,Red Sandy,Rainfed,390,31.0,52,AC,TT,GG,AG,GG,CC,GG,AT,CC,CC,AA,CC,CC,TT,GT,GG,GG,TT,TT,AG,CC,GT,TT,CT,NN,CC,TT,TT,GG,AA,TT,CC,AA,CC,GG,GG,GG,GG,GG,CC,TT,CT,AC,TT,AG,GG,CT,TT,CC,AA,NN,AT,AA,GG,CC,TT,AA,AA,GG,AC,AG,GT,AT,AA,TT,AT,CC,GG,TT,TT,GG,GG,CC,AA,GG,AC,AT,GG,TT,TT,GG,GG,GG,CC,AA,GG,AA,AT,CC,GT,AC,GT,CT,TT,GT,GG,CT,AA,TT,CC,CC,CG,GG,AG,TT,TT,CC,AA,AA,AA,CC,GG,TT,CG,GT,AA,AA,TT,CG,GG,CC,AG,CC,GT,TT,AA,CC,NN,CC,CC,AA,TT,AC,AA,CC,CC,AA,TT,AG,AA,GG,CC,CC,GG,AA,AA,AA,CC,GT,CC,CC,AA,AA,NN,TT,GG,AC,TT,TT,GG,AA,GG,GG,TT,CG,AA,TT,TT,AA,TT,GG,CC,AA,CT,AC,CC,CG,CC,AA,GG,GG,CC,NN,CC,GT,TT,CG,TT,AA,AG,TT,CC,GG,AC,CC,CC,GG,GG,AC,GG,TT,AA,AA,CC,GG,AT,CC,AA,AA,TT,TT,TT,AA,GG,GT,TT,CG,AT,TT,AA,GG,AA,TT,AA,TT,CC,TT,AC,CC,CT,CG,AG,CC,GG,CC,TT,TT,GT,GG,TT,AA,AA,AG,GG,CC,CG,GG,CC,GG,AT,AG,CC,GT,GG,CG,CG,AA,GG,CC,TT,CC,AA,AA,AC,CC,CC,TT,AA,GG,AA,AA,CC,AC,AG,AA,AG,AA,AT,GG,AA,AG,AC,AA,CT,NN,AA,CG,AG,GG,GT,AA,AA,TT,NN,TT,AG,AT,GG,GG,AA,2.82,Moderate,Medium,Standard,Medium
L0546,Anantapur,Andhra Pradesh,Kharif,Red Sandy,Rainfed,390,31.0,52,AA,CT,AG,AA,GG,CC,GG,TT,CC,CG,AA,CC,CC,TT,TT,GG,GG,TT,TT,AA,CC,GT,GT,NN,TT,CC,TT,TT,GG,AC,TT,CT,AG,AC,GG,GG,GG,CG,GG,CC,TT,CT,AA,TT,AA,AG,TT,TT,CC,AC,GG,AA,AA,GG,CC,TT,AA,AA,GT,AA,AA,GT,AT,AA,TT,NN,CC,GG,CT,GT,AA,GG,CC,AA,NN,AA,AT,GG,GT,TT,GG,GG,GG,CC,AT,GG,AA,AA,CC,GT,CC,TT,CC,TT,GT,GG,TT,CC,GT,CC,CC,CC,AG,AA,TT,TT,CC,AG,AA,AA,CC,GG,TT,CC,GT,AC,AA,TT,CC,AA,CC,GG,CC,GG,TT,AG,CC,CC,CC,CG,AA,TT,AC,AA,CC,CC,AA,TT,AA,AA,GG,CC,CC,GG,AA,AG,AA,CC,GT,CC,CC,AG,AG,GG,TT,AG,AA,GT,TT,GG,CC,GT,GT,TT,CG,AA,TT,TT,AA,TT,NN,CC,AA,CC,CC,CC,NN,AC,AA,GG,AG,CC,TT,CC,GG,TT,CG,AT,AA,NN,TT,CC,GG,AA,AA,CC,GG,GG,CC,CG,TT,AC,AA,CG,GG,AA,CC,AA,AT,GG,TT,AT,AA,GG,GG,AT,CC,AT,GT,AA,GG,AA,TT,AC,TT,CC,CC,AC,AC,CT,CG,AA,CC,AG,AC,TT,TT,GT,GG,TT,NN,AC,AG,GG,CC,CG,GG,CC,GG,AT,AA,CC,TT,GG,CC,CG,AA,GG,CC,AA,CC,AT,AA,CC,CG,AC,TT,AA,GG,AA,AA,AC,AA,AG,AA,AA,AG,AT,GG,AA,AA,AC,AA,CT,AA,AG,GG,GG,GG,TT,AT,AA,GT,TT,AT,AA,TT,GG,GG,AA,2.26,Susceptible,Low,Standard,Early
L0547,Anantapur,Andhra Pradesh,Kharif,Red Sandy,Rainfed,390,31.0,52,AA,TT,AG,AA,GG,CC,TT,TT,CC,CC,NN,CC,CC,AT,NN,GG,GG,TT,TT,AA,CC,TT,TT,CC,AT,CC,TT,AT,GG,AA,TT,CC,AA,NN,GG,GG,GG,CC,GG,AC,TT,TT,AA,TT,AA,AG,TT,TT,CC,AC,GG,AT,AG,GG,CC,GT,AA,NN,GT,AA,AG,TT,AT,AG,TT,TT,CC,GG,TT,GT,AA,GT,CC,NN,GG,AC,NN,GG,TT,TT,GG,GG,GT,CC,AA,GG,AA,AA,CC,GT,AC,TT,CC,TT,GT,GG,CT,NN,TT,CC,CC,CG,GG,AA,NN,TT,CC,AA,AA,AA,CC,GG,TT,CG,GT,AC,AA,TT,CG,AG,CG,GG,CC,GG,CT,AG,CT,CC,CC,CC,AA,TT,CC,AA,CC,CC,AA,TT,AA,AT,GG,CC,CC,GG,AA,AA,AA,CC,GT,CC,CG,AA,AG,GG,TT,GG,AA,NN,TT,GG,CC,GT,TT,TT,NN,AT,TT,TT,AA,TT,GG,CC,AA,CC,CC,CC,CG,CC,AA,GG,AG,CC,TT,CC,GG,GT,CC,AT,AA,AA,TT,AC,CG,AA,CC,CC,GG,GG,AA,GG,TT,AA,AA,CC,GG,AA,CC,AA,AT,GG,TT,TT,AT,GG,GT,AT,CC,AT,TT,AA,GG,AA,TT,AA,TT,CC,TT,AA,CC,TT,CG,AA,CC,AG,CC,TT,CT,TT,GG,AT,AC,CC,AA,GG,CC,CC,GG,CC,GG,TT,AG,CC,TT,GG,CC,CG,AA,AG,CC,AA,CC,AA,AA,AC,CG,AC,AT,AA,GG,AA,AA,AC,AA,AA,AG,AG,NN,TT,GG,AA,AA,CC,AA,CT,AA,AA,GG,GG,GG,TT,AA,AA,TT,TT,TT,AG,TT,GG,GG,AA,3.04,Moderate,Low,Standard,Medium
L0548,Anantapur,Andhra Pradesh,Kharif,Red Sandy,Rainfed,390,31.0,52,AA,CT,GG,AA,GG,CC,TT,TT,CC,CG,AA,TT,CG,TT,GT,GG,GG,TT,TT,AA,CC,GT,TT,CC,TT,CC,TT,TT,GG,AA,TT,CC,AA,CC,GG,CG,GG,CG,GG,CC,TT,TT,AC,TT,AA,GG,TT,NN,CC,NN,GT,AA,AA,GG,CC,TT,AA,AC,TT,AC,AA,TT,AT,AG,TT,AT,CC,GG,TT,GG,AG,GG,CC,AA,AG,AC,TT,GG,GT,TT,GG,GT,GG,CC,AA,GG,AA,AT,CC,TT,AC,TT,CC,AT,GT,GG,CT,AC,GG,CC,CC,CG,AG,AA,TT,TT,CG,NN,AA,AA,CT,GG,TT,CC,TT,AA,AA,TT,CC,GG,CG,GG,CC,GT,TT,AA,CC,CC,CC,CG,AA,TT,CC,NN,CC,CC,AA,TT,AA,AA,CG,CT,CC,GG,AA,AA,AT,AC,GT,CC,CC,AA,AA,GG,GG,GG,AA,GT,TT,GG,CC,GT,TT,CT,CG,AT,NN,CT,AA,TT,CG,CC,AA,TT,CC,CC,CG,CC,AA,GG,GG,CC,TT,CC,GG,TT,CG,TT,AA,AA,GT,CC,GG,AC,AC,CG,GG,GG,CC,GG,TT,AA,AA,CC,GT,AA,AC,AA,AA,GG,TT,TT,AA,GG,GG,AA,CG,AT,TT,AA,GG,AA,TT,AC,TT,CC,TT,AC,AC,CT,GG,AG,CC,AG,CC,TT,NN,GT,GG,TT,NN,CC,AG,GG,CG,CG,GG,CC,GG,TT,AA,CC,TT,GG,CG,CC,AT,GG,CG,AA,CC,AA,AA,CC,CG,AC,TT,AA,GG,AA,AA,AC,AA,AA,AG,NN,AA,TT,GG,AC,AA,AA,AA,CT,AA,AA,GG,GG,GG,TT,AA,AA,TT,TT,TT,AG,AT,GG,GG,AA,1.06,Susceptible,High,Premium,Medium
L0549,Anantapur,Andhra Pradesh,Kharif,Red Sandy,Rainfed,390,31.0,52,AA,TT,GG,AA,GG,CC,GG,TT,CC,CG,AA,CC,CC,AA,TT,GG,GG,TT,TT,AA,CC,GT,TT,CC,TT,CC,TT,TT,GT,AA,TT,CC,AA,CC,GG,GG,GG,CC,GG,CC,TT,TT,AA,TT,AG,GG,TT,TT,CC,AC,GT,AA,AA,GG,CT,TT,AT,AA,GG,AC,AA,TT,AT,AG,TT,AT,CC,GG,TT,GT,AA,GG,CC,AA,GG,AC,AA,GG,TT,TT,GG,GT,GG,CC,AA,GG,AG,AA,CC,GT,CC,TT,CT,TT,TT,GG,TT,AC,GT,CC,CC,CC,AA,AA,TT,TT,CC,AA,AA,AA,CT,GG,TT,CC,TT,AC,AA,TT,CC,GG,CG,AG,CC,GG,CT,AA,CC,CC,CC,CC,AA,TT,CC,AA,CC,CC,AA,TT,AA,AA,GG,CC,CC,GG,AA,AA,AA,AC,GG,CC,CC,AA,AA,NN,TT,AG,AC,TT,CT,GG,AC,TT,GT,TT,CC,TT,TT,TT,AA,TT,GG,CG,GG,CT,CC,CC,CG,AC,AA,NN,AG,CC,TT,CC,GT,TT,GG,TT,AA,AA,TT,CC,CG,AA,CC,CC,GG,GG,AC,GG,TT,AA,AA,CC,GG,AA,AC,AA,TT,GG,GT,TT,AA,GG,GT,TT,CC,TT,TT,AA,GG,AA,TT,AC,NN,CG,CT,AA,CC,CT,GG,AG,CC,AG,CC,TT,TT,TT,GG,TT,AA,AC,AG,GG,CC,CG,CG,CC,GG,TT,AA,CC,TT,GG,CC,CC,AA,GG,CC,AA,CC,AA,AA,AC,CC,CC,TT,AA,GG,AA,AA,AC,AA,AG,AA,AG,AA,AT,GG,NN,AA,AA,AA,CT,AA,AA,GG,GG,GG,TT,AT,AA,GT,AT,TT,AG,TT,GG,GG,AA,0.96,Moderate,Medium,Standard,Early
L0550,Anantapur,Andhra Pradesh,Kharif,Red Sandy,Rainfed,390,31.0,52,AA,NN,AG,AG,GG,CC,GT,TT,CC,CG,AT,CC,CC,AT,TT,GT,GG,TT,TT,AA,CG,TT,GT,CC,TT,CC,NN,AT,GT,AA,TT,CC,AA,CC,GG,GG,GG,CG,GG,CC,TT,TT,AA,NN,AG,AG,TT,TT,CC,CC,GG,AA,GG,GG,CC,TT,AA,AA,TT,AC,AG,TT,TT,AA,CT,TT,CC,GG,TT,GG,AA,GG,CC,AA,GG,AC,AT,GG,TT,TT,GG,GG,GT,CC,AA,GG,AA,AA,CC,GT,CC,TT,CC,TT,TT,AG,TT,CC,GT,CC,CT,CC,AA,NN,TT,TT,CG,AA,AG,AA,CT,GG,GT,CC,TT,AC,AA,TT,CC,AG,CG,GG,CC,GT,TT,AA,CT,CC,CC,CC,AA,TT,AC,AA,CC,CC,AA,TT,AA,AA,GG,CC,CC,GG,AA,AG,AA,CC,GG,CC,CC,AA,AA,AG,GT,GG,AC,TT,TT,GG,CC,GT,TT,TT,CC,AA,GT,TT,AA,AT,CG,CC,AA,TT,NN,CC,NN,CC,AT,GG,AG,CC,TT,CG,GG,TT,CG,AA,AA,AA,TT,CC,GG,AC,CC,CC,GG,GG,AC,GG,TT,AA,AG,CC,GT,AA,CC,AA,AA,GG,TT,TT,AA,CC,GT,AT,CC,AT,GT,AA,GG,AA,TT,AA,TT,CC,TT,AA,CC,TT,CG,AG,NN,AA,AC,TT,CT,TT,GG,TT,AC,CC,AA,GG,CC,CG,GG,CC,GG,AT,AA,CC,TT,NN,CC,CG,AA,GG,CG,AA,CG,AA,AA,CC,CC,NN,TT,AA,GG,AA,AA,AA,AA,AG,AA,AG,AA,TT,CG,AC,AG,AC,AA,TT,AA,AA,GG,GG,GG,TT,AA,AA,TT,TT,TT,AA,TT,CG,GG,NN,1.1,Susceptible,High,Premium,Medium
L0551,Anantapur,Andhra Pradesh,Kharif,Red Sandy,Rainfed,390,31.0,52,AA,TT,GG,AG,GG,CG,GG,TT,CC,CG,AA,CT,CG,AA,TT,GG,CG,TT,TT,AG,CC,GT,GT,CT,TT,CC,TT,TT,GG,AC,CT,CT,AA,CC,GG,GG,GG,CC,GG,CC,TT,TT,AA,GT,AA,AG,TT,AT,CC,AC,GG,AA,AA,GG,CC,GT,AA,AC,GT,AA,AA,TT,AT,AA,CT,TT,CC,GG,TT,GG,AA,GG,CC,AA,AG,AA,AA,GG,GT,TT,GG,GG,GG,CC,AT,GG,AA,AA,CC,GT,CC,TT,CC,TT,TT,GG,TT,CC,GT,CC,CC,CG,GG,AA,AT,TT,CC,AA,AA,AA,CT,GG,GT,CG,TT,AA,AA,TT,CG,AA,CC,GG,NN,GT,TT,AA,CC,CC,AC,CC,AA,TT,NN,AA,CC,CC,AA,TT,AA,AT,GG,CC,CG,GG,AG,AG,AA,CC,GT,CC,CG,AA,AG,GG,TT,AG,AC,TT,CC,GG,CC,TT,TT,TT,CC,AA,GT,TT,AA,TT,GG,CC,AA,CT,CC,CC,CG,CC,AA,AG,NN,CC,TT,CG,GT,GT,GG,TT,AA,AA,TT,CC,CC,AA,CC,CC,GG,GG,CC,GG,TT,AA,AA,CG,GG,AA,CC,AA,AA,GG,TT,TT,TT,GG,GT,AA,CC,TT,TT,AA,GG,AA,CT,AA,TT,CC,CT,AA,CC,CT,CG,AG,CG,GG,CC,TT,CC,GT,NN,TT,AA,AC,AA,GT,CG,CG,GG,CC,GT,AT,AA,CC,GT,AG,CC,CC,AA,AG,CC,AT,CC,AA,AA,CC,CC,NN,TT,AG,GG,AA,AA,AC,AA,GG,AG,AG,AA,TT,NN,NN,AA,AC,AA,TT,AA,AA,GG,GG,GG,GT,AA,AA,TT,TT,TT,AA,AT,CG,GG,AA,2.26,Susceptible,Low,Poor,Medium
L0552,Anantapur,Andhra Pradesh,Kharif,Red Sandy,Rainfed,390,31.0,52,AA,TT,AG,AG,CG,CG,GG,TT,CC,CC,AA,CT,CG,AT,TT,GG,CG,TT,TT,AG,CC,GT,GT,CT,NN,CC,GT,TT,GG,AA,TT,CC,AA,CC,AG,GG,GG,CC,GG,CC,TT,CT,AA,TT,AG,AG,TT,TT,CC,AA,GG,AT,AA,GG,CC,TT,AA,CC,GG,NN,AG,TT,TT,AG,CT,TT,CC,GG,TT,GG,AA,GG,CC,AG,GG,AA,AA,GG,TT,TT,GG,GG,GG,CC,AT,GG,AA,AA,CC,TT,AC,TT,CC,AT,TT,GG,CT,CC,TT,CC,CC,CC,AG,AA,TT,TT,CG,AG,AG,AA,CT,GG,TT,CC,TT,AA,AA,TT,CC,AG,GG,AG,CC,GG,TT,AG,CC,CC,CC,CC,AA,TT,AC,AA,CC,NN,AA,TT,AG,AA,NN,CC,CC,GG,AA,AG,AA,CC,GG,CC,CC,AA,AA,GG,TT,GG,AC,NN,CT,AG,CC,TT,TT,TT,NN,AA,TT,TT,AA,TT,GG,CC,AG,CT,CC,CC,CG,AC,AA,GG,AG,CC,TT,CC,GG,TT,GG,TT,AA,AG,TT,AC,GG,AA,AC,CC,GG,GG,AC,GG,TT,AA,AG,CC,GG,AA,AC,AA,AT,GT,TT,TT,AA,CC,GT,AA,CC,TT,GT,AA,GG,AA,TT,AA,TT,CG,TT,AA,CC,TT,CG,AG,CC,AG,CC,TT,TT,GT,GG,TT,AC,CC,AG,GG,CC,CG,GG,CC,GG,AT,AA,CC,TT,GG,CC,CC,AT,GG,CC,AT,CC,AT,AA,CC,CG,AC,TT,AA,GG,AA,AA,AA,AA,AG,AA,AA,AA,AT,GG,AA,AA,AC,AC,CT,AA,AA,GG,GG,GG,TT,AA,AA,TT,TT,TT,GG,TT,GG,GG,AA,3.18,Moderate,Medium,Standard,Medium
L0553,Anantapur,Andhra Pradesh,Kharif,Red Sandy,Rainfed,390,31.0,52,AC,CT,GG,AA,CG,CC,GG,TT,CC,CG,AA,CC,CC,TT,TT,GG,CG,TT,TT,AA,CC,GT,GT,CT,TT,CC,TT,TT,GG,AA,TT,CT,AA,AC,GG,GG,GG,CC,GG,CC,TT,TT,AA,TT,AG,AG,TT,AT,CC,AC,GG,AA,AA,GG,CT,TT,AA,AA,TT,CC,AA,TT,NN,AG,TT,AT,CC,GG,CT,GT,AG,GT,CC,AG,GG,AA,AT,GG,TT,TT,GG,GG,GG,CC,AA,GG,AA,AT,CC,GG,CC,TT,CT,TT,TT,AG,CT,CC,TT,CC,CC,CC,AA,AA,TT,TT,CC,AA,AG,AA,CT,GG,TT,CC,TT,AA,AA,TT,CG,AG,CC,GG,CC,GG,TT,AA,CC,CC,CC,CC,AA,TT,CC,AA,CC,CC,AA,TT,AA,AA,GG,CT,CC,GG,AA,AA,AA,CC,GG,CC,CC,AA,AG,GG,GT,GG,CC,NN,CT,AG,CC,GT,GT,TT,CG,AA,GT,TT,AT,AT,CG,CC,GG,CT,AC,CC,GG,AC,AA,GG,AG,NN,TT,NN,GG,TT,GG,AT,AA,AG,TT,CC,GG,AA,AC,NN,GG,AG,AC,GG,CT,AA,AG,CC,GT,TT,CC,AT,AT,GG,TT,AT,AA,GG,TT,TT,CC,TT,GT,AA,GG,AA,CT,AA,TT,CC,TT,AC,CC,TT,CG,AA,CC,AA,CC,TT,TT,TT,GG,TT,AA,AC,AA,GG,CC,CG,GG,CC,GG,TT,GG,CG,GT,GG,CC,CC,AT,GG,GG,AT,CC,AA,AA,CC,CG,AC,TT,AG,GG,AA,AA,AC,AC,AA,AG,AA,AA,AT,CG,CC,AA,CC,AA,CT,AA,AA,CG,GG,GG,GT,AA,AA,TT,TT,TT,AA,NN,GG,CG,AA,3.23,Susceptible,High,Standard,Late
L0554,Anantapur,Andhra Pradesh,Kharif,Red Sandy,Rainfed,390,31.0,52,NN,CT,GG,AA,GG,CC,GG,TT,CC,CC,AA,CT,CC,TT,TT,GG,CG,TT,TT,AA,CG,TT,GT,CC,TT,CC,GT,TT,GG,AA,TT,CC,AA,CC,AG,GG,GG,GG,GG,CC,TT,CT,AA,TT,AG,AG,TT,TT,CC,AA,GT,AA,AA,GG,CC,TT,AT,AC,GG,AC,GG,GT,TT,AG,TT,AT,NN,GG,CT,GG,AA,GG,CC,AA,GG,AA,AT,GG,TT,TT,GG,GT,GG,CC,AA,GG,AA,AT,CC,TT,CC,TT,CC,TT,GT,GG,TT,NN,GT,CC,CT,CG,AG,AA,TT,TT,CC,AA,AG,AA,CT,GT,TT,CC,GT,AA,AA,TT,CC,GG,CC,GG,CC,GG,TT,AA,CC,NN,CC,CC,AA,TT,CC,AA,CC,CT,AA,AT,AA,AA,CG,CC,CG,GG,AA,AG,AA,CC,GG,CG,CC,AG,AA,AG,TT,GG,AC,GT,TT,AG,AC,TT,GT,TT,CC,AT,TT,TT,AA,TT,NN,CC,AG,CT,CC,CC,CG,CC,AA,GG,AA,CC,TT,CG,GT,TT,GG,TT,NN,AA,TT,CC,CG,AC,AC,CC,GG,GG,CC,GG,TT,AC,AA,CC,GT,AA,AC,AA,NN,TT,GT,TT,AT,GG,GT,AA,CG,AT,TT,AA,GG,AA,CT,AA,TT,CC,CT,AC,CC,TT,GG,AG,CG,AG,CC,TT,CT,GT,GG,TT,CC,AA,AA,GT,CC,CC,GG,CC,GG,TT,AA,CC,TT,GG,CC,CG,AA,GG,CC,AT,CC,AA,AG,AC,CG,AC,TT,AA,GG,AA,AA,AC,AA,GG,AG,AA,AA,TT,GG,AA,GG,AC,AC,CT,AA,AA,GG,GG,GG,TT,AA,AA,GG,TT,TT,AA,AT,CG,CG,AA,0.98,Susceptible,Medium,Poor,Early
L0555,Anantapur,Andhra Pradesh,Kharif,Red Sandy,Rainfed,390,31.0,52,AA,TT,AG,AG,NN,CC,GG,AT,CC,CG,AA,CC,CC,TT,GT,GT,GG,TT,TT,AG,CC,GT,TT,CT,TT,CC,TT,TT,GG,AA,TT,CT,AA,CC,GG,GG,GG,CG,GG,CC,TT,TT,AA,TT,AA,AG,TT,AT,CC,AA,GT,AA,AA,GG,TT,GT,AA,CC,GT,AC,AA,GT,AT,AA,TT,TT,CC,GT,TT,GT,AA,GG,NN,AA,GG,AA,AT,GG,TT,TT,GG,GG,GG,CC,AA,GG,AA,AT,CC,GT,CC,GT,CC,TT,TT,GG,TT,AC,TT,CC,CC,CG,GG,AA,TT,TT,CC,AA,AG,AC,CT,GG,TT,CG,GT,AA,AA,TT,CC,GG,CC,GG,CT,GT,TT,AG,CC,CC,CC,CC,AA,TT,CC,AA,CC,CT,AA,TT,AA,AA,GG,CT,CC,AG,AA,GG,AA,CC,GG,CC,CC,AG,AG,GG,TT,GG,CC,TT,CT,GG,CC,GT,TT,TT,CG,NN,GT,TT,AA,AT,GG,CC,AA,CC,AC,CC,CG,CC,AA,GG,AG,CC,TT,CG,GT,GT,CG,TT,AA,AA,TT,AC,CG,AA,AA,CC,GG,GG,NN,GG,TT,AC,AG,CG,GG,AA,CC,AT,AA,GT,TT,AT,AA,GG,GT,AT,CC,AT,TT,AA,GG,AA,TT,AA,TT,CC,CC,AA,CC,TT,CC,AA,CC,GG,CC,TT,CT,TT,GG,TT,AA,CC,AG,GG,CC,CG,GG,CC,GG,TT,AA,CC,GT,GG,CC,NN,AA,GG,CC,AA,CC,AT,AA,CC,CG,CC,TT,AA,GG,AA,AA,AA,AA,AG,NN,AG,AA,AA,GG,AC,AA,AC,AA,TT,AA,AA,GG,GG,GG,GT,AT,AA,GT,TT,TT,AG,TT,GG,GG,AA,3.27,Moderate,Low,Poor,Medium
L0556,Anantapur,Andhra Pradesh,Kharif,Red Sandy,Rainfed,390,31.0,52,AC,CT,GG,AG,GG,CC,GG,TT,CC,CG,AA,CT,CG,AT,TT,GG,GG,TT,TT,AA,CC,TT,GT,CT,TT,CC,TT,TT,GT,AA,TT,CC,AA,CC,AG,GG,GG,CG,GG,CC,NN,TT,AA,TT,AA,AG,TT,TT,CG,CC,GT,AA,AA,GG,CC,TT,AA,AA,GT,AA,AA,TT,AT,AA,TT,AT,CC,GG,TT,GG,AA,GG,CC,AA,AG,AA,AA,GG,TT,TT,AG,GG,GG,CC,AA,GG,AA,AT,CC,TT,CC,TT,CT,AT,TT,GG,TT,CC,GT,CC,CT,CG,GG,NN,TT,TT,CC,AA,AA,AA,CT,GG,TT,CC,GT,AA,AC,TT,CC,AG,CC,GG,CC,GT,NN,AA,CC,CC,CC,CC,AA,NN,CC,AC,CC,CT,AA,TT,AA,AA,GG,CC,CC,GG,AG,GG,AA,CC,GT,CC,CC,AA,AA,GG,TT,GG,AC,TT,CT,GG,NN,TT,TT,TT,CG,AA,TT,CT,AA,TT,GG,CC,AG,CT,CC,AC,CG,AC,AA,AG,AA,CC,TT,CC,GG,TT,GG,AT,AA,AG,TT,CC,CG,AA,CC,CC,CG,GG,AA,GG,TT,AC,AA,CC,GG,AT,CC,AA,AA,GT,TT,TT,AA,GG,GT,AT,CG,TT,TT,AA,GG,AA,TT,AC,TT,CC,TT,AA,CC,TT,CG,GG,CC,AG,AC,TT,CC,GT,GG,TT,AC,CC,AA,GG,CC,CG,GG,CG,GG,AT,AG,CG,TT,GG,CC,CC,AT,GG,CG,AA,CG,AA,AA,AA,CC,AC,TT,AA,GG,AA,AC,AC,AA,GG,AG,AA,AA,TT,GG,NN,AG,CC,CC,NN,AG,AA,GG,GG,GG,TT,AA,AA,TT,TT,TT,AG,TT,GG,GG,AA,1.69,Susceptible,Low,Standard,Late
L0557,Anantapur,Andhra Pradesh,Kharif,Red Sandy,Rainfed,390,31.0,52,AC,TT,GG,AA,GG,CC,GG,TT,CG,CG,AA,CC,CC,TT,TT,GT,GG,TT,TT,AA,CG,GG,GT,CC,TT,CC,GT,TT,GG,AA,TT,CC,AA,CC,GG,GG,GG,CG,GG,AC,TT,CT,AA,TT,AG,NN,TT,TT,CC,AC,GG,AA,AG,GG,CC,TT,AA,AC,GT,AA,AA,TT,AT,AA,TT,AA,CC,GG,TT,GT,AG,GG,CC,AA,GG,CC,AA,GG,TT,TT,GG,GT,GG,CC,AA,GG,AG,AA,CC,GT,AC,TT,CC,AT,GT,GG,TT,CC,TT,CC,CC,CC,GG,AA,TT,TT,GG,AA,GG,AA,CT,GG,TT,CC,TT,AC,AA,TT,CC,GG,CC,AG,CC,GG,NN,AA,CC,CC,AC,CC,AA,GT,CC,AA,CC,CT,AA,TT,AA,AA,GG,CC,CC,GG,AA,NN,AA,CC,GG,CC,CC,AG,AG,GG,GT,GG,AA,GT,CT,GG,AC,TT,TT,TT,CG,AT,GT,CT,AA,AT,CG,CC,AG,CC,AC,CC,GG,AC,AA,GG,AA,CC,TT,CC,GT,GT,GG,AA,AA,AA,TT,AC,NN,AA,CC,CC,GG,GG,AA,GG,TT,AA,AA,CC,GT,AT,AC,AA,AT,GT,TT,AT,AA,GG,GG,AT,CG,AT,TT,AA,GG,AA,TT,AA,TT,NN,TT,AC,CC,TT,CG,AG,CC,AG,CC,TT,TT,TT,GG,TT,AA,AC,AA,GG,CC,CC,GG,CC,GG,TT,AA,NN,GT,GG,CG,CG,AA,AG,CC,AA,CC,AA,AG,AC,CC,AC,TT,AA,GG,AA,AC,AC,AC,GG,AA,AA,NN,TT,GG,AC,AG,AC,AA,CT,AA,AA,CG,GG,GG,TT,NN,AA,TT,TT,TT,AA,AT,GG,GG,AA,0.4,Susceptible,Low,Poor,Late
L0558,Anantapur,Andhra Pradesh,Kharif,Red Sandy,Rainfed,390,31.0,52,AA,TT,GG,AA,GG,CC,GT,AT,CC,CC,AA,NN,CG,AT,TT,TT,GG,TT,TT,AG,CC,TT,GT,CT,TT,CC,TT,TT,GG,AA,TT,CC,AA,CC,GG,GG,GG,CG,GG,CC,TT,CT,AA,TT,AA,AA,TT,AT,CC,AA,GT,AA,AA,CG,CC,TT,AA,AA,GT,AA,AA,TT,TT,AA,TT,TT,CC,GT,NN,GG,GG,GG,CC,AA,GG,AA,AT,GG,TT,TT,GG,GT,GT,CC,AT,GG,AA,AA,CC,GT,CC,TT,CT,TT,TT,GG,TT,AC,GG,CC,CC,CG,AA,AG,TT,GT,CC,AA,AA,AA,CT,GG,GT,CG,GT,AC,AA,TT,CC,GG,CC,GG,CC,GG,TT,AG,CC,CC,AC,CC,AA,TT,CC,AA,CC,NN,AA,TT,AA,AA,GG,CC,CC,GG,AA,AG,AA,CC,GG,CC,CC,AA,AA,AG,GG,GG,AA,GG,CT,AG,AC,NN,GT,TT,CC,AA,GT,CT,AA,TT,GG,CC,AA,CT,CC,AC,CG,CC,AA,GG,AG,NN,NN,CC,GG,TT,GG,AT,AA,AA,GT,AC,GG,AA,CC,CC,GG,GG,AA,GG,TT,NN,AA,CC,GG,AA,AC,AT,AA,GG,TT,AT,AA,GG,TT,AA,CC,TT,GT,AA,GG,AA,TT,AA,TT,CC,CT,AA,CC,TT,CG,GG,CC,GG,CC,AT,CT,TT,GG,TT,AA,CC,AA,GG,CC,CC,GG,CC,GG,AT,AA,CC,GT,AG,CC,CC,AT,GG,CC,AA,CC,AT,AA,CC,CG,AC,TT,AA,GG,AA,CC,AC,AA,GG,AG,AA,AA,TT,GG,AA,AG,AC,AA,TT,AA,AG,GG,AG,GG,TT,AA,AG,TT,TT,TT,AG,TT,GG,GG,AA,0.97,Resistant,Low,Poor,Early
L0559,Anantapur,Andhra Pradesh,Kharif,Red Sandy,Rainfed,390,31.0,52,AC,TT,GG,AG,GG,CC,GT,AT,CC,CC,AA,CC,CC,TT,TT,GG,GG,TT,TT,AA,CG,GT,GT,CC,TT,CT,TT,AT,GG,AA,TT,CC,AA,NN,GG,CG,GG,CG,GG,CC,TT,CT,AA,TT,AA,AG,TT,TT,CC,CC,GG,AA,AA,GG,CT,GT,AA,AC,TT,AC,AG,TT,TT,AG,TT,TT,CC,GG,TT,GG,AA,GG,CC,AA,GG,AC,AT,GG,TT,TT,GG,GG,GG,CC,AT,GG,AA,AT,CC,TT,AA,TT,CT,TT,TT,GG,TT,CC,TT,CT,CC,CG,GG,AA,TT,TT,CC,AA,GG,AA,CC,GG,GT,CC,GT,AA,AA,TT,CC,GG,CC,GG,CC,GG,CC,AA,CC,CC,CC,CC,AA,TT,CC,AA,CC,CC,AG,TT,AG,AA,GG,CC,CG,GG,AA,GG,AA,AC,GT,CC,CC,AA,AA,GG,TT,GG,AC,TT,TT,GG,CC,GT,GT,CT,CC,AT,GG,CT,AA,TT,GG,CC,GG,CT,AC,AC,GG,CC,AT,AG,AG,CC,TT,CC,GG,GT,CG,AA,AA,AA,TT,CC,CG,AA,CC,CC,GG,GG,CC,GG,TT,AA,AA,CC,GG,AA,AC,AA,AT,GG,GT,TT,AA,CG,GG,AA,CG,TT,GT,AA,GG,AA,TT,AA,TT,CC,TT,AA,CC,TT,CG,GG,CC,AA,CC,TT,TT,GT,GG,TT,AC,AC,AG,GG,CC,GG,GG,CC,GG,NN,AA,CC,GT,GG,CG,CG,AA,GG,CC,AT,CC,AA,AA,AC,CG,CC,TT,AG,GG,AA,AA,AA,AC,AG,AG,AA,AA,TT,CG,AC,AA,AC,AC,CT,AG,AA,GG,GG,GG,TT,AA,AA,GT,TT,TT,AA,TT,GG,GG,AA,4.65,Susceptible,Low,Premium,Early
L0560,Anantapur,Andhra Pradesh,Kharif,Red Sandy,Rainfed,390,31.0,52,CC,TT,AG,AG,CG,CC,NN,AT,CC,CG,AA,CT,CG,TT,TT,GG,CG,TT,TT,AA,CC,TT,GT,CC,TT,CC,GT,TT,GG,AA,TT,CC,AA,CC,GG,CG,GG,CC,GG,AC,TT,CT,AA,GT,AG,GG,TT,TT,CC,CC,GG,AA,AA,GG,CC,GT,AA,AA,GT,AA,AA,GT,AT,AA,CT,TT,CC,GG,TT,GG,AG,GG,CC,AA,GG,AA,AA,GG,GT,TT,GG,GG,GT,CC,AA,GG,AA,AA,CC,TT,AC,TT,CC,AT,TT,AG,TT,CC,GT,CC,CC,CC,GG,AA,TT,GT,CC,AA,AG,AA,CC,GG,TT,CC,TT,AC,AA,TT,CG,AA,CC,GG,CC,GT,CT,AG,CC,CC,CC,CC,AA,TT,CC,AA,CC,CC,AA,TT,AA,AA,CG,CC,CC,GG,AG,AG,AA,CC,GG,CC,CC,AA,AG,AG,TT,GG,NN,TT,TT,GG,AA,TT,GT,TT,CG,AT,TT,TT,NN,AT,GG,CC,AG,CC,CC,CC,GG,CC,AA,GG,AA,CC,TT,GG,TT,TT,GG,TT,AA,AG,TT,AC,GG,AC,CC,CC,GG,GG,AC,GG,TT,AC,AA,CC,GG,AA,AC,AA,AT,GG,GT,AT,AA,GG,GG,AT,CC,AT,TT,AA,GG,AG,CT,AA,TT,NN,TT,AC,CC,CC,CG,AA,CC,AG,CC,AA,CT,TT,GG,TT,AA,AC,NN,GG,CC,CG,GG,CC,GG,AT,AA,CG,NN,GG,CC,CG,AA,NN,CG,AA,CC,AA,AA,AC,CG,CC,TT,AA,GG,AA,AC,AA,AA,GG,AG,AA,AA,TT,GG,AA,AG,AC,AC,CC,AA,AA,CG,GG,CG,TT,AA,AA,TT,TT,TT,AA,NN,GG,GG,AC,1.91,Resistant,Low,Poor,Early
L0561,Anantapur,Andhra Pradesh,Kharif,Red Sandy,Rainfed,390,31.0,52,AC,CT,GG,GG,CG,CC,GG,TT,CC,CC,AT,CC,GG,TT,TT,NN,GG,TT,TT,AA,CG,GT,GT,CC,TT,CC,GT,TT,GT,AA,TT,CT,AA,CC,GG,GG,GG,CC,GG,CC,TT,CT,AA,TT,GG,AG,TT,TT,CC,CC,GG,AA,AG,GG,NN,TT,AA,AA,GG,AA,AA,TT,TT,AG,TT,TT,CC,NN,CT,GG,AG,GG,CC,AA,GG,AC,AT,GG,TT,TT,GG,GT,GG,CC,AT,GG,AA,AA,CC,TT,NN,TT,CC,TT,GT,GG,TT,CC,GT,CC,CC,CG,AG,AA,TT,TT,CC,AA,AA,AC,CC,GG,TT,CG,TT,AA,AA,TT,CC,AG,CC,GG,CT,GG,TT,AA,CC,CC,CC,CC,AA,TT,CC,AA,CC,CC,AA,AT,AA,AA,GG,CC,CC,AG,AA,AA,AA,CC,GG,CC,CG,AG,AG,GG,TT,AG,AC,TT,CT,GG,CC,TT,GG,TT,CC,AA,TT,CT,AA,AT,CG,CC,AG,CT,CC,CC,CC,CC,AA,GG,AG,CC,TT,CG,GT,TT,GG,AT,AA,NN,TT,CC,GG,AC,AC,CC,GG,GG,AA,GG,TT,AC,AA,CC,GT,AT,CC,NN,AA,GG,TT,TT,AT,GG,GG,AA,CC,TT,GT,AA,GG,AA,CT,AA,TT,CC,CT,AA,AC,TT,GG,AG,CC,AA,CC,AT,TT,GT,GG,TT,AA,AC,AG,GG,CC,CC,GG,CG,GG,AT,AA,GG,TT,GG,CC,CC,AA,NN,CC,AA,CC,AT,AA,CC,CC,AA,TT,AA,GG,AA,AA,AC,AA,GG,AA,AA,AA,AT,GG,AA,AG,AA,AA,CT,AA,AG,GG,GG,GG,TT,AA,AG,TT,TT,NN,AA,TT,GG,GG,AA,1.79,Moderate,High,Premium,Medium
L0562,Anantapur,Andhra Pradesh,Kharif,Red Sandy,Rainfed,390,31.0,52,CC,TT,GG,AG,GG,CC,GT,TT,CC,CC,AA,CC,CC,AT,TT,GG,GG,TT,TT,AA,NN,TT,TT,CC,TT,CC,GT,TT,GT,AA,TT,CT,AA,CC,GG,CG,GG,CG,GG,CC,TT,TT,AC,TT,AA,GG,CT,AT,CC,AA,GG,AA,AA,GG,CC,TT,AA,NN,TT,AC,AA,TT,TT,AG,TT,AT,CC,GG,TT,GT,AA,GG,CC,AA,GG,AA,AT,GG,TT,TT,GG,GG,GT,CC,AT,GG,AA,AA,CC,GT,CC,TT,CC,TT,NN,GG,TT,CC,GT,TT,NN,CC,AA,AA,TT,GT,CC,AA,AG,AA,CT,GG,NN,CC,TT,NN,AA,TT,CC,GG,CG,GG,CC,GG,TT,AA,CC,CC,NN,CC,AA,TT,CC,AC,CC,CC,AA,TT,AA,AT,GG,CC,CC,GG,AA,AG,AA,CC,GG,CC,CC,AA,AG,AG,NN,AG,AA,TT,TT,GG,AC,TT,TT,TT,CG,AA,GG,CT,AT,TT,GG,CG,AG,TT,AC,CC,GG,CC,AA,GG,GG,CC,TT,CC,TT,GT,CG,TT,AA,AA,TT,AA,GG,AA,CC,CC,GG,GG,AA,GG,TT,AC,AA,CG,GG,AA,AA,AA,AA,TT,TT,AT,AT,GG,GG,AT,CC,AT,GT,AA,GG,AA,CT,AA,TT,CC,TT,AA,CC,CC,GG,AA,CC,AG,CC,TT,TT,GG,GG,TT,AC,CC,AG,GG,CC,CG,GG,CC,GG,AT,AA,CC,TT,AG,CC,CG,AA,AG,CC,AA,CC,AA,AA,AA,CG,AA,TT,AG,GG,AA,AA,AA,AA,AG,AA,AA,AA,AT,CG,AC,AA,CC,AC,TT,AG,AA,GG,GG,GG,TT,AT,AG,GT,NN,TT,AG,TT,GG,GG,AA,3.14,Susceptible,High,Poor,Medium
L0563,Anantapur,Andhra Pradesh,Kharif,Red Sandy,Rainfed,390,31.0,52,AC,TT,GG,AG,GG,CG,GG,AT,CC,CC,AA,CT,CC,TT,TT,GG,GG,TT,TT,GG,CC,GT,GT,CC,TT,CC,TT,TT,GG,AA,TT,CC,AA,CC,AG,GG,GG,GG,GG,CC,TT,CT,AA,GT,AA,AG,TT,AT,CC,AA,GT,AA,AA,GG,CC,TT,AT,AA,GG,CC,AA,NN,AA,AA,TT,TT,CT,GT,TT,GG,AA,GG,CC,AA,AG,CC,AA,GG,GT,TT,GG,GG,GT,CC,AA,GG,AA,AT,CC,GG,CC,TT,CT,TT,GG,GG,TT,CC,GT,CC,CT,CC,NN,AA,TT,TT,CG,AA,AA,AA,CT,GG,TT,CC,GT,AA,AA,TT,CC,AG,CG,AG,CC,GT,TT,AA,CC,CC,CC,CC,AA,TT,CC,NN,CC,CC,AA,TT,AA,AA,GG,CC,CG,GG,AA,AA,AA,CC,GT,CC,CC,AA,AA,GG,TT,GG,AA,TT,TT,GG,CC,TT,GT,TT,CG,AA,TT,TT,AA,TT,GG,CC,AA,CT,CC,CC,GG,CC,AA,GG,AG,CC,TT,CC,GG,TT,CG,AT,AA,AA,TT,AC,GG,AA,AC,GG,GG,GG,AA,GG,TT,AC,AA,CC,GG,AA,CC,AT,AA,GT,GT,TT,AA,CG,GT,AT,CG,TT,TT,AA,GG,AA,CC,AA,TT,CC,TT,AA,CC,TT,GG,AA,CG,AG,CC,TT,TT,GT,GG,AT,AC,AC,AA,GT,CC,CC,GG,CC,GT,TT,AA,CC,GT,GG,CC,CC,AA,GG,GG,AA,CG,AA,AA,CC,CG,CC,AT,AA,GG,AA,AA,AC,AA,AG,AG,AA,AA,TT,GG,AA,AA,CC,AC,TT,AA,AA,GG,GG,GG,TT,AT,AA,TT,TT,TT,AG,TT,GG,GG,AA,3.39,Resistant,Low,Standard,Early
L0564,Anantapur,Andhra Pradesh,Kharif,Red Sandy,Rainfed,390,31.0,52,AA,TT,AG,AG,GG,CC,GT,TT,CC,CG,AA,CC,CC,TT,GT,GG,GG,TT,TT,AA,CC,GT,TT,CC,AA,CC,TT,AT,GG,AA,TT,CC,AA,CC,GG,CG,GG,CG,GG,CC,TT,TT,AA,TT,AG,GG,TT,TT,NN,AA,GT,AA,AA,GG,CC,TT,AT,AC,GT,AA,AA,TT,TT,AG,TT,TT,CT,GG,TT,GT,AA,GG,CC,AA,GG,AA,AT,AA,TT,TT,GG,GG,GG,CC,AA,GG,AA,AT,CC,GT,AC,TT,CC,TT,TT,GG,TT,NN,GT,CC,CC,CG,GG,AA,TT,TT,CC,AG,AA,AA,CC,GG,TT,CC,TT,AA,AA,TT,CC,GG,CC,AG,CC,GT,TT,GG,CC,CC,CC,CC,AA,GT,CC,AA,CC,CC,AA,TT,AA,AA,GG,CC,CC,GG,AA,AG,AA,CC,GG,CC,CC,AA,AA,AG,TT,GG,AA,TT,TT,AG,AA,TT,GT,CC,CC,TT,GT,CT,AA,TT,GG,CC,AG,CT,CC,CC,GG,CC,AA,GG,AA,CC,TT,CC,GT,TT,CG,AT,AA,AA,TT,CC,GG,AA,AC,CC,GG,GG,AC,GG,TT,AC,AA,CC,GG,AA,CC,AA,AA,GT,TT,AT,TT,GG,TT,AT,CC,TT,TT,AA,GG,AA,CT,AA,TT,CC,TT,AC,CC,TT,CG,AA,CC,AG,CC,TT,CT,TT,GG,TT,NN,AC,AA,GG,CC,CC,GG,CC,GG,TT,AA,NN,TT,GG,CG,CG,AA,GG,CC,AA,CC,AA,AA,AC,CG,AC,TT,AA,GG,AA,AA,AA,AC,GG,AG,AG,AG,AT,GG,AC,AA,AC,AC,CT,AG,AA,GG,GG,GG,TT,AA,AA,GT,TT,TT,AG,AT,GG,GG,AA,3.41,Susceptible,High,Standard,Early
L0565,Anantapur,Andhra Pradesh,Kharif,Red Sandy,Rainfed,390,31.0,52,AC,TT,GG,AA,GG,CC,GG,TT,CC,CC,AA,CT,CG,TT,GT,GG,CG,TT,TT,AA,CC,TT,TT,CC,TT,CT,TT,TT,GT,AA,CT,CC,AA,CC,GG,GG,GG,GG,GG,CC,GT,TT,AA,TT,AA,GG,TT,TT,CC,AC,GG,AA,NN,GG,CC,TT,AA,AA,GT,AA,AA,GT,TT,AA,TT,AT,CC,GG,TT,GT,AG,GG,CC,AA,AG,AA,AT,GG,TT,TT,AG,GT,GT,CC,AA,GG,AA,AA,CC,GG,CC,TT,CC,TT,GT,AG,CT,CC,TT,CC,TT,CC,AA,AA,TT,TT,CC,AA,GG,AC,CC,GG,TT,CC,TT,AA,AA,TT,CC,AG,CG,AG,CC,GG,TT,AA,CC,CC,CC,CC,AA,GT,NN,AA,CC,CC,AA,TT,AA,AT,GG,CC,CC,GG,AA,AG,AA,CC,GG,CG,CC,AA,GG,GG,TT,GG,AC,TT,CT,GG,CC,TT,TT,TT,CC,AA,TT,TT,AT,TT,GG,CC,AA,TT,CC,CC,GG,CC,AA,GG,AG,CC,TT,CC,GT,TT,GG,AA,AA,AA,TT,CC,GG,AA,CC,CC,GG,GG,AC,GG,TT,AA,AA,CC,GG,AT,CC,AA,AA,GG,TT,TT,AT,GG,GG,AA,CC,AT,GT,AA,GG,AA,CT,AA,TT,NN,CT,AC,CC,TT,CG,AA,CC,GG,CC,TT,CC,TT,GG,TT,AA,CC,AG,GG,CC,GG,GG,CC,GG,AT,AA,CC,TT,GG,CC,CC,AA,GG,CG,AA,NN,AA,AA,AA,CG,CC,TT,AA,GG,AA,AA,AA,AA,AG,GG,AG,AG,TT,CG,CC,AG,CC,AA,CT,AA,AA,GG,GG,GG,TT,AA,AG,TT,TT,TT,AA,AT,GG,GG,AA,1.76,Resistant,High,Premium,Early
L0566,Anantapur,Andhra Pradesh,Kharif,Red Sandy,Rainfed,390,31.0,52,AC,TT,AG,AG,CG,CG,GG,AA,CC,CG,AA,CC,CC,TT,TT,GG,CG,TT,NN,AA,CC,GT,GT,CC,TT,CC,TT,TT,GG,AA,TT,CT,AA,CC,GG,GG,GG,CG,GG,CC,TT,CC,AA,GT,NN,GG,TT,TT,CC,AC,GG,AT,AA,GG,CC,TT,AA,AC,GG,AC,AA,GT,TT,AA,TT,TT,CC,GG,TT,GG,AA,GG,CC,AA,AG,CC,AA,GG,TT,TT,NN,GG,GG,CC,AA,GG,AA,AA,CC,GT,CC,TT,TT,TT,GT,GG,TT,CC,TT,CT,CC,CC,GG,AA,TT,TT,CC,AA,AA,CC,CC,GG,TT,CC,NN,AA,AA,TT,CC,GG,CG,GG,CC,GT,TT,AA,TT,CC,CC,CC,AA,GT,CC,AA,CC,CC,AG,TT,AA,NN,GG,CT,CC,GG,AA,GG,AA,CC,GG,CC,CG,AA,AA,GG,TT,GG,AC,GT,TT,GG,AA,TT,GT,TT,CC,AA,TT,TT,TT,TT,GG,CC,AA,CT,CC,AC,GG,NN,AA,GG,AG,CC,TT,CC,GT,TT,GG,AA,AA,AA,NN,CC,GG,AC,CC,CC,GG,GG,AC,GG,TT,AA,AG,CC,GG,AA,AC,AA,AA,GG,GT,AT,AT,GG,TT,TT,CC,TT,TT,AA,GG,AA,CT,AA,TT,CG,CT,AC,CC,NN,GG,AA,CC,AG,CC,TT,TT,TT,GG,TT,AC,CC,AA,GG,CC,GG,GG,CC,GG,AT,AG,CG,GT,GG,CC,CC,AT,AG,CC,AT,CG,AA,AA,CC,CG,CC,TT,AA,GG,AT,AA,AC,AA,AG,AA,AA,AA,TT,GG,AA,AG,AC,AA,CT,AA,AA,GG,GG,CG,TT,AA,AA,TT,TT,TT,AA,TT,GG,GG,NN,3.2,Susceptible,High,Standard,Early
L0567,Anantapur,Andhra Pradesh,Kharif,Red Sandy,Rainfed,390,31.0,52,CC,TT,AG,AG,GG,CC,GG,TT,CG,NN,AA,CC,CG,AT,NN,GG,CG,TT,TT,AA,CG,GT,GT,CC,TT,CC,GT,TT,GG,AA,TT,CT,AG,CC,GG,GG,GG,CC,GG,CC,TT,CT,AA,TT,AA,AG,TT,TT,CG,CC,GG,TT,AA,CG,CT,TT,AT,AA,GG,AA,AA,TT,TT,AA,TT,TT,CC,GG,TT,GT,AA,GG,CC,AA,AA,AA,AT,GG,TT,TT,GG,GT,GT,CC,AA,GG,AG,AA,CC,TT,CC,TT,CT,TT,TT,GG,TT,CC,TT,CC,CC,GG,GG,AA,TT,TT,CC,AA,GG,AA,CC,GG,TT,CC,TT,AC,AA,TT,CC,GG,CG,GG,CC,GG,CC,AA,CC,CC,CC,CC,AA,TT,CC,AA,CC,CC,AA,TT,AA,AT,GG,CT,CC,GG,AA,AG,AA,CC,GT,CG,CC,AA,AA,AG,TT,GG,AC,GT,TT,AG,CC,GT,TT,TT,CC,AA,TT,TT,AA,TT,CG,CC,AG,CC,CC,CC,CG,CC,AA,GG,AG,CC,TT,CC,TT,TT,GG,AA,AA,AG,TT,CC,CG,AA,CC,CG,GG,GG,AA,GG,TT,AA,AA,CC,GG,AA,CC,AA,AA,GT,TT,TT,AT,GG,GT,AA,CG,AT,TT,AT,GG,AG,CT,AA,TT,CC,TT,AC,CC,TT,GG,GG,CG,AA,AC,TT,TT,TT,GG,TT,AA,AC,AA,GG,CC,CG,GG,CC,GG,AT,AA,CC,TT,GG,CC,CG,AA,GG,CC,AA,CG,AA,AA,AC,CG,AC,TT,AA,GG,AA,AC,AA,AA,GG,AG,GG,AA,TT,GG,AC,AA,AC,AA,CT,AA,AA,GG,GG,GG,GT,AA,AA,TT,TT,TT,GG,AT,GG,GG,AA,3.63,Susceptible,Low,Standard,Medium
L0568,Anantapur,Andhra Pradesh,Kharif,Red Sandy,Rainfed,390,31.0,52,AC,TT,GG,AA,GG,CC,GT,AT,CC,CG,AA,CC,CC,TT,GT,NN,CG,TT,TT,AA,CC,TT,GT,CC,TT,CC,TT,AT,GT,AA,TT,CC,AA,CC,GG,GG,GG,CG,GG,CC,TT,CT,AA,TT,AA,AA,TT,TT,CC,NN,GG,AA,AA,GG,CC,TT,AA,AC,TT,AC,AA,TT,TT,AA,TT,AT,CC,GG,TT,GG,AA,GG,CC,NN,GG,AA,NN,GG,TT,TT,GG,GG,GG,CC,AA,GG,AA,AT,CC,TT,AC,TT,CC,TT,TT,GG,TT,CC,TT,CT,CC,CC,AG,AA,AT,TT,CC,AA,GG,AA,CT,GG,TT,CC,TT,AC,AA,TT,CC,AG,CC,AG,CC,GG,TT,AA,CC,CC,CC,CC,AA,TT,CC,AA,CC,CC,AA,NN,AA,AA,GG,CC,CC,GG,AG,AA,AT,CC,GG,CC,CC,AA,AA,GG,TT,GG,AA,NN,TT,GG,NN,TT,GT,TT,CC,TT,GT,TT,AA,TT,GG,CC,AA,CC,CC,CC,GG,CC,AA,GG,AG,CC,TT,CG,GT,NN,GG,AA,AA,AA,TT,CC,GG,AA,CC,CC,GG,GG,AA,GG,TT,AA,AA,CC,GG,AA,CC,AA,AA,GG,TT,TT,AT,GG,GG,AA,CG,AT,TT,AA,GG,AA,CT,AA,TT,CC,TT,AC,CC,TT,CG,AG,CC,AA,CC,TT,TT,GT,GG,TT,AA,AC,NN,GG,CC,CC,GG,CC,GG,AA,AA,CC,GT,GG,CC,CG,AA,AG,CG,AA,CC,AA,AA,CC,CC,AC,TT,AA,GG,AA,AA,AA,AA,AG,AA,AA,AA,TT,GG,AA,AA,AC,AA,TT,AA,AA,GG,GG,NN,GT,AT,AG,TT,TT,TT,AG,TT,GG,GG,AA,4.54,Susceptible,Low,Poor,Early
L0569,Anantapur,Andhra Pradesh,Kharif,Red Sandy,Rainfed,390,31.0,52,AA,TT,AG,GG,GG,CC,GT,AT,CC,CC,AA,CC,CC,TT,TT,GG,GG,TT,TT,AA,CC,TT,GT,CT,TT,CC,TT,TT,GG,AA,TT,CC,AA,CC,GG,GG,GG,CG,GG,CC,TT,TT,AA,TT,AA,GG,TT,TT,CC,AA,GT,AA,AG,GG,CC,NN,NN,AA,GG,CC,AA,TT,NN,GG,TT,AA,CC,GG,CT,GG,AA,GG,CC,AA,NN,AA,AT,GG,TT,TT,AG,NN,GG,CC,AA,GG,AA,AA,CC,GT,CC,TT,CT,TT,TT,GG,CT,CC,GT,CT,CC,CG,GG,AA,TT,TT,CC,AA,AA,AA,CC,GG,TT,CG,TT,AA,AA,AT,CG,AG,CC,GG,CC,TT,CT,AG,CC,CC,CC,CC,AG,TT,CC,AA,CC,CC,AA,AT,AA,AA,GG,CC,NN,GG,AA,AG,AA,CC,GG,CC,CC,AA,AG,GG,GT,GG,AA,TT,CT,GG,CC,TT,TT,TT,CC,TT,TT,CT,AA,TT,GG,CC,AA,CT,CC,CC,GG,NN,AA,GG,AG,CC,TT,CC,GT,TT,GG,AT,AA,AA,TT,AC,GG,AC,AC,CC,GG,GG,AA,GG,TT,AA,AG,CC,GG,AA,CC,AT,AA,GT,TT,TT,TT,GG,GT,AA,CG,AT,TT,AA,GG,AA,TT,AA,TT,CC,TT,AC,AC,CT,CG,AA,CC,AG,AC,TT,TT,TT,GG,TT,AC,AC,AG,GG,CC,CC,GG,CC,GG,AA,AA,CC,TT,GG,CC,CC,AT,AG,CC,AT,CC,AA,AA,AC,GG,AC,AT,AA,GG,AT,AA,AA,AA,AG,AG,AG,AA,AT,GG,AA,AA,AC,AC,CT,AA,AA,GG,GG,GG,TT,AA,AA,TT,TT,TT,AA,TT,GG,GG,AA,5.5,Moderate,Medium,Premium,Late
L0570,Anantapur,Andhra Pradesh,Kharif,Red Sandy,Rainfed,390,31.0,52,AC,TT,GG,AA,GG,CC,GT,TT,CC,CC,AA,CC,CG,TT,GT,GT,GG,TT,TT,AA,CC,TT,GG,CC,TT,CC,TT,TT,GG,AA,TT,CC,AA,CC,GG,GG,GG,CC,GG,AC,TT,CT,AC,GG,AA,GG,TT,AT,CC,AC,GT,AT,AG,GG,CT,TT,AA,AC,GT,AA,AA,TT,TT,AG,TT,AT,CT,GG,TT,GG,AG,GT,CC,AA,GG,AA,AA,GG,TT,TT,GG,GT,GT,NN,AT,GG,AA,AA,CC,TT,CC,TT,CT,AT,GT,GG,TT,CC,TT,CC,CC,CG,AG,AA,AT,TT,CC,AA,AG,AA,CC,GG,TT,GG,TT,AA,AA,TT,CC,GG,CC,GG,CC,GG,CT,AA,CC,CC,AC,CC,AA,TT,CC,AA,CC,CC,AA,TT,AA,AA,GG,CC,CC,GG,AG,AG,AA,CC,TT,CC,CC,AA,AA,GG,TT,NN,AC,TT,CT,AG,AA,GG,GG,TT,CG,AT,TT,CT,AA,TT,GG,CC,AG,TT,CC,CC,GG,CC,AA,GG,AA,CC,TT,CC,GT,TT,CG,AA,AG,AG,GT,CC,GG,AA,CC,CC,GG,GG,AA,GG,TT,AA,AA,CC,GT,AA,CC,AA,AA,GG,TT,TT,AT,GG,TT,TT,CG,TT,TT,AA,GG,AA,TT,AA,TT,CC,TT,AA,CC,TT,CG,AG,CC,GG,CC,AT,CT,GT,GG,TT,NN,CC,AA,GG,CC,CC,GG,CC,GG,AT,AG,CC,GT,GG,CC,CG,NN,AG,CC,AA,CC,AA,AA,AA,CC,AC,TT,AA,GG,AA,AA,AC,AA,GG,AG,AA,AA,TT,GG,AC,GG,AC,AC,CT,AA,AA,CG,GG,GG,TT,AA,AG,TT,TT,TT,AA,TT,CG,CG,AC,2.5,Resistant,Medium,Standard,Early
L0571,Anantapur,Andhra Pradesh,Kharif,Red Sandy,Rainfed,390,31.0,52,AA,TT,GG,AA,GG,CC,TT,AT,CC,NN,AA,CC,CG,TT,TT,GG,CG,TT,AT,AA,CG,TT,TT,NN,AT,CC,TT,TT,NN,AA,NN,CC,AA,CC,GG,CG,GG,CG,GG,NN,TT,CC,AC,GT,AG,AG,TT,AA,CG,CC,GG,AA,AA,NN,CT,GT,AT,AA,GG,AA,AA,TT,AA,AA,TT,TT,CC,GG,TT,GG,AG,GG,CC,AA,GG,AA,AA,GG,TT,TT,GG,GG,GG,CC,AA,GG,AA,AA,CC,GT,AC,TT,CC,TT,TT,GG,CT,CC,GT,CC,CC,CC,AA,AA,TT,TT,CC,AA,NN,AA,CC,GT,GT,CG,TT,AA,AA,TT,CG,GG,CC,GG,CC,GT,CT,AA,CC,CC,AC,CC,AA,TT,CC,AA,CC,CC,AA,TT,AA,AA,GG,CC,CC,GG,AA,AG,AA,CC,GG,CC,CC,AA,AA,GG,TT,GG,AA,GT,TT,GG,CC,TT,GT,TT,CC,TT,GT,TT,AA,TT,GG,CC,AA,CC,CC,CC,CG,AC,AA,GG,AG,CC,GT,CC,GT,TT,GG,AT,AA,AA,TT,AC,CG,AA,AC,CC,GG,GG,CC,GG,TT,AC,AG,CC,GG,TT,CC,AA,AA,GT,GT,AT,AA,GG,GT,AA,CC,TT,GT,AA,AG,AG,CT,AA,TT,CC,CT,CC,CC,TT,CG,AG,CC,AG,CC,TT,TT,GT,GG,TT,AC,CC,AA,GG,CC,CC,GG,CC,GG,AT,AA,CC,GT,AG,CC,CC,AA,GG,CG,AA,CC,AA,AA,CC,CC,CC,TT,AA,GG,AA,AA,AA,AA,GG,AA,AA,AA,AT,GG,AA,AG,CC,CC,CT,AA,AA,GG,GG,GG,TT,AA,AG,TT,TT,TT,AG,AT,GG,GG,AA,3.25,Moderate,Low,Standard,Early
L0572,Anantapur,Andhra Pradesh,Kharif,Red Sandy,Rainfed,390,31.0,52,AC,TT,GG,AA,GG,CC,GT,TT,CC,CG,AA,CC,CG,TT,TT,GG,GG,TT,TT,AG,CC,TT,TT,CT,AT,CC,TT,TT,GG,AA,TT,CC,AA,CC,GG,GG,GG,CC,GG,CC,TT,CC,AA,GT,AA,GG,TT,TT,CC,AA,GT,AA,AG,GG,CT,TT,AA,AA,GT,CC,AG,TT,AT,AA,CT,AT,CC,GG,TT,GG,AA,GG,CC,AA,GG,AA,AT,GG,TT,TT,GG,GG,GG,CC,AA,GG,AA,AA,CC,GT,AC,TT,CC,TT,TT,GG,CC,CC,TT,CC,CT,CG,AA,AA,AA,TT,CG,AA,AG,AA,CC,GG,TT,CC,TT,AC,AA,TT,CC,GG,CC,GG,CC,GG,CT,AG,CC,CC,CC,CC,AA,TT,CC,AA,CC,CT,AA,AT,GG,AA,CG,CC,CC,GG,AA,GG,AA,AA,TT,CC,CC,AA,AG,AG,GT,GG,AA,TT,TT,AG,AC,TT,TT,TT,CC,AT,TT,TT,AA,AT,GG,CC,AA,CT,CC,CC,GG,CC,AA,GG,AA,CC,GT,CC,TT,TT,GG,AT,AA,AG,TT,CC,GG,AA,AC,CC,GG,GG,AC,GG,TT,AC,AA,CC,GG,AA,AA,AA,AT,GT,TT,NN,AT,CG,GT,AA,CC,AT,GT,AA,GG,AA,TT,AA,TT,CC,CC,AA,CC,TT,CG,AA,CC,AA,AC,TT,CT,GT,GG,TT,AA,CC,AG,GG,CC,CC,GG,CC,GG,AT,AG,CC,GT,GG,CG,CG,AT,GG,CC,NN,CC,AT,AA,CC,GG,AC,TT,AA,GG,AA,AA,AC,AA,GG,NN,AA,AA,TT,GG,AA,AG,AC,AA,CT,AG,AA,GG,GG,GG,TT,TT,AA,TT,TT,TT,AG,TT,GG,GG,AA,4.72,Susceptible,Low,Standard,Medium
L0573,Anantapur,Andhra Pradesh,Kharif,Red Sandy,Rainfed,390,31.0,52,AC,CT,AG,GG,GG,CC,GG,AT,CC,CG,AA,CC,CG,TT,TT,GG,GG,NN,TT,AA,CC,TT,GT,CC,TT,CC,TT,AA,GT,AC,TT,CC,AA,CC,GG,GG,GG,CG,GG,NN,TT,CT,AA,TT,AA,AA,TT,TT,CC,AA,GT,AA,AA,GG,CC,TT,AA,AA,GT,AC,AA,GT,TT,AA,TT,TT,CC,GT,TT,GT,AG,GG,CC,AA,AG,AA,AA,GG,TT,TT,GG,GG,GG,CC,AA,GG,AA,AA,CG,TT,CC,TT,CT,TT,GT,GG,TT,CC,GG,CC,CT,CC,AA,AA,TT,TT,CC,AA,AG,AC,CC,GG,TT,CC,TT,CC,AA,AT,CC,AG,CC,GG,CC,GG,TT,AA,CT,CC,CC,CC,AA,TT,AC,AA,CC,CC,AA,TT,NN,AT,CG,CC,CC,GG,AA,AG,AA,CC,GG,CC,CC,AA,AA,GG,GG,GG,CC,TT,NN,GG,CC,GT,TT,TT,CG,AA,GT,TT,AT,TT,NN,CC,AA,CC,CC,CC,GG,CC,AA,GG,NN,NN,TT,CG,GT,TT,GG,AA,AA,AA,TT,CC,GG,AA,CC,CC,GG,GG,AC,GG,TT,AC,AA,CC,GG,AA,CC,AA,AT,GG,TT,AT,AT,GG,GG,AA,CC,TT,TT,AA,GG,AA,CT,AC,TT,CC,CT,AA,CC,TT,GG,AA,CC,NN,AC,TT,CT,GT,GG,TT,AC,AC,AG,GG,CC,CG,GG,CC,GG,AT,AA,CC,GT,GG,CC,CG,AA,GG,GG,AA,CG,AA,AA,CC,CG,AA,AT,AA,GG,AA,AA,CC,AA,AG,AG,AA,AG,TT,GG,AA,AA,CC,AA,CT,AA,AA,CG,GG,CG,TT,AT,AA,NN,NN,TT,AG,AT,GG,CG,AC,3.72,Moderate,Low,Poor,Early
L0574,Anantapur,Andhra Pradesh,Kharif,Red Sandy,Rainfed,390,31.0,52,AC,CT,AG,GG,GG,CG,GT,AT,CC,CC,AA,CC,CG,TT,GT,GT,GG,TT,TT,AG,CC,TT,GT,CC,TT,CT,TT,AT,GG,AA,TT,CT,AA,CC,GG,CG,GG,CC,GG,CC,TT,CT,AA,TT,AA,GG,TT,TT,CC,AA,GG,AA,AG,GG,CC,TT,AA,AC,TT,AA,NN,GT,AA,AA,TT,TT,CC,GG,TT,GG,AG,GG,CC,AA,GG,AA,TT,GG,TT,TT,GG,GT,GG,CC,AA,GG,AA,AA,CC,TT,CC,TT,CT,TT,GT,GG,TT,CC,GG,CC,CC,CG,NN,AA,TT,TT,CC,AA,AA,AA,CC,GG,TT,CC,GG,AA,AA,TT,CC,AG,CC,GG,CC,GG,TT,AG,CC,CC,CC,CC,AG,TT,CC,AA,AC,CC,AA,AT,AA,AA,GG,CC,CC,GG,AG,GG,AA,CC,GG,CC,CG,AA,AA,GG,TT,AG,AA,TT,CT,GG,AC,TT,TT,CT,CG,AA,GT,TT,AA,AT,GG,CC,GG,CT,CC,CC,GG,CC,AT,GG,AA,CC,TT,CC,TT,GT,GG,TT,AG,NN,TT,CC,GG,AA,CC,CC,GG,AG,AA,GG,TT,AC,AA,CC,GG,AA,AC,AA,AA,GT,TT,TT,AA,GG,GT,AA,CC,AA,TT,AA,GG,AA,CT,AA,TT,CC,TT,AA,CC,CT,GG,AG,CC,AA,CC,TT,CC,GT,GG,TT,AA,CC,AG,GG,CC,CG,GG,NN,GG,AT,AG,CG,TT,GG,CC,CG,AA,GG,CC,TT,CC,AA,AA,NN,CC,CC,TT,AA,GG,AA,AC,AA,AA,AG,AA,NN,AA,TT,CG,AA,GG,AC,AC,CT,AA,AA,GG,GG,GG,TT,AA,AA,TT,TT,TT,AG,AT,GG,GG,AA,0.4,Susceptible,Low,Poor,Early
L0575,Anantapur,Andhra Pradesh,Kharif,Red Sandy,Rainfed,390,31.0,52,AC,TT,AG,AG,GG,CC,GG,AT,CC,CC,AA,CT,CC,TT,GT,GT,CG,TT,TT,AA,CC,GT,GT,CC,TT,CC,GT,AT,GG,AA,TT,CC,AG,CC,AG,GG,GG,CC,GG,CC,TT,NN,AA,GT,AA,AG,TT,TT,CC,AC,GG,AT,AA,GG,CC,TT,AA,AA,GT,AA,AA,GT,AT,AA,TT,TT,CC,GG,TT,GT,AA,GT,CC,AA,GG,AC,AA,GG,TT,TT,GG,GG,GG,CC,AT,GG,AA,AA,CC,GG,CC,GT,CC,TT,GT,GG,TT,CC,GT,CC,CC,CC,AA,AA,TT,TT,CC,AA,AG,AA,CT,GG,TT,CC,TT,AA,AA,TT,CC,GG,CC,GG,CC,GT,TT,GG,CC,CC,CC,CC,AA,TT,CC,AA,CC,CT,AA,TT,AA,AA,GG,CC,CC,GG,AA,AG,AT,AC,GG,CC,CC,AG,AA,GG,TT,GG,AA,GT,CC,AG,CC,GT,TT,TT,CC,AA,TT,TT,AA,AT,GG,CC,AG,CT,CC,CC,CG,CC,AA,GG,AG,CC,TT,CC,GG,GT,GG,AT,AA,AA,TT,CC,CG,AA,CC,CC,GG,GG,CC,CG,CT,AC,AG,CC,GG,AA,CC,AT,AA,GT,TT,AT,AA,CG,GG,AT,CC,TT,TT,AA,GG,AA,CT,AA,NN,GG,CT,AC,CC,TT,GG,AG,CG,AG,AC,TT,TT,GT,GG,TT,AA,CC,AA,GT,CC,NN,GG,CG,GG,TT,AG,CC,GT,GG,CC,CC,AA,GG,NN,AA,CC,AA,AA,CC,CC,AA,TT,AA,CG,AA,AA,AA,AA,GG,AA,AA,AA,TT,GG,AC,AG,AA,AA,TT,AA,AA,GG,GG,GG,TT,AA,AG,TT,TT,TT,AA,NN,GG,CG,AC,0.4,Resistant,Low,Poor,Late
L0576,Anantapur,Andhra Pradesh,Kharif,Red Sandy,Rainfed,390,31.0,52,AC,CT,AA,GG,GG,CG,GG,TT,CC,CC,AT,CC,CG,TT,GT,GG,GG,TT,TT,AA,CC,TT,GG,CT,TT,CC,TT,AT,GG,AA,CT,TT,AA,CC,GG,GG,GG,CG,GG,CC,TT,TT,AA,TT,AG,GG,TT,TT,CC,AC,GG,AA,AA,GG,CC,TT,AA,AC,GT,AC,AA,GG,TT,AA,TT,TT,CC,GG,TT,GT,AG,GT,CC,AA,AA,AC,AA,GG,TT,NN,GG,GT,GG,CC,AA,GG,AA,AA,CC,GT,CC,GT,CT,TT,GT,GG,TT,CC,GT,CC,CC,CC,GG,AA,TT,TT,CC,AA,AA,AA,CT,GG,TT,NN,TT,AC,AA,TT,CC,GG,CC,GG,CT,GG,CT,AA,CC,CC,CC,CC,AA,NN,CC,AA,CC,CC,AA,TT,AA,AA,GG,CC,CG,GG,AA,AA,AA,CC,GT,CC,CC,AA,AG,GG,TT,GG,AC,TT,TT,GG,CC,GG,TT,CT,CC,AA,TT,TT,AT,TT,NN,CC,AA,CT,CC,NN,GG,NN,AA,GG,AA,CC,TT,CG,GG,GT,CG,AT,AA,AG,TT,CC,GG,AA,CC,CC,GG,GG,NN,CG,CT,AA,AA,CC,GG,AA,CC,AA,AA,GG,TT,AT,AT,GG,GT,AA,CC,TT,GT,AA,GG,AA,TT,AA,TT,CC,CT,AA,AC,CT,GG,AG,CG,AG,CC,TT,TT,TT,GG,TT,AA,AC,AA,GG,CC,CC,GG,CC,GG,AA,AA,CC,TT,GG,CC,CC,AA,GG,CC,AA,CC,AA,AA,CC,CC,AC,TT,AA,GG,AA,AA,AC,AA,AG,AA,AA,AA,TT,GG,AC,AA,CC,AA,TT,AG,AA,GG,GG,GG,TT,AT,AA,TT,TT,TT,AA,TT,GG,CG,AA,2.6,Moderate,Medium,Standard,Early
L0577,Anantapur,Andhra Pradesh,Kharif,Red Sandy,Rainfed,390,31.0,52,AC,TT,GG,GG,GG,CG,GG,AT,CC,CC,AA,CC,CG,AT,GG,GG,CC,TT,TT,AG,CC,GT,TT,CC,TT,CC,TT,AT,GT,AA,TT,CT,AA,CC,GG,GG,GG,CC,GG,CC,TT,TT,AC,GT,AA,AA,TT,TT,CC,AC,GG,AA,AA,GG,CC,TT,AA,AA,GG,AA,AA,TT,TT,AG,TT,TT,CC,GG,TT,GT,AG,GG,CC,AA,NN,AC,TT,GG,TT,TT,GG,GG,GG,CC,AA,GG,AG,AA,CC,TT,CC,TT,CC,TT,TT,GG,TT,CC,GT,CC,CC,CC,AG,AA,NN,TT,CC,AA,GG,AC,CC,GG,GT,CC,GT,AA,AA,TT,CC,AA,CC,GG,CC,GG,CT,AA,CT,CC,CC,CC,AA,TT,CC,AA,CC,CC,AA,TT,AA,AA,GG,CC,CC,GG,AG,AG,AA,CC,GT,CC,CC,AG,AA,GG,GT,GG,CC,GT,TT,GG,CC,GT,GT,TT,CG,AA,GT,TT,AA,TT,GG,CC,AA,CT,CC,CC,GG,AC,AA,GG,AA,CC,TT,CG,GG,TT,GG,TT,AA,AG,GT,CC,CG,AC,CC,CC,GG,GG,AC,GG,TT,AA,AG,CC,NN,AA,AA,AA,AA,GG,TT,TT,AA,GG,GT,AA,CC,AT,GT,AA,GG,AA,CT,AA,TT,CC,TT,AA,CC,TT,GG,AG,CC,AG,AC,AT,CT,GT,GG,TT,AA,AC,AA,GG,CC,CC,GG,CC,GG,AT,AA,CC,GT,GG,CG,CC,AT,NN,CG,AT,CC,AA,AG,AC,CC,AC,TT,AA,GG,AT,AA,AA,AA,AG,AG,AA,AA,TT,CG,CC,AA,CC,AA,TT,AA,AA,GG,GG,GG,TT,AA,AG,TT,TT,TT,AA,TT,NN,GG,AA,4.62,Susceptible,Low,Standard,Early
L0578,Anantapur,Andhra Pradesh,Kharif,Red Sandy,Rainfed,390,31.0,52,AC,NN,NN,AG,GG,CC,TT,AT,CC,GG,AA,CT,CG,TT,TT,GG,GG,TT,TT,AG,CC,GT,TT,CT,TT,CC,TT,TT,GG,AC,CT,CC,AG,CC,AG,GG,GG,CC,GG,CC,TT,CT,AA,GT,AG,AG,TT,TT,CC,AC,GT,AT,AA,GG,CC,TT,AA,CC,GT,AC,AA,TT,TT,AG,CT,AT,CT,GG,TT,GT,AG,GG,CC,AA,GG,AA,TT,GG,TT,TT,GG,GT,GT,CC,AT,GG,AA,AA,CC,TT,AC,TT,CC,TT,GT,GG,TT,CC,TT,CC,CC,CC,AG,AA,TT,TT,CG,AA,AG,AA,TT,GG,TT,CC,TT,AA,AC,TT,CG,GG,CG,GG,CC,GT,CC,AA,CC,CC,CC,CG,AA,TT,CC,AA,CC,CC,AA,TT,AA,AT,CG,CC,CC,AG,AA,AA,AA,CC,GG,CG,CC,AG,AG,AG,TT,AG,AA,TT,CT,AG,CC,GT,TT,CT,CC,AT,TT,TT,AT,TT,GG,CC,AG,CC,NN,CC,GG,CC,AA,GG,AA,CC,TT,CG,GG,TT,CG,TT,AG,AA,NN,CC,GG,AC,AC,CC,GG,GG,AA,GG,TT,AA,AA,CC,GG,AT,CC,AA,AT,GG,TT,TT,AT,GG,TT,AA,CC,TT,GT,AA,GG,AA,TT,AA,TT,CC,CT,CC,CC,TT,CG,AA,CC,AA,CC,TT,TT,GT,GG,TT,AC,AC,AA,GG,CC,CC,GG,CC,GG,NN,AA,CC,GT,GG,CC,CC,AT,AG,CC,AA,CC,AA,AA,CC,CG,AC,TT,AA,GG,AA,AA,AC,AA,AG,NN,AG,AA,AT,GG,AA,AG,CC,AA,CT,AA,AA,GG,GG,GG,TT,AT,AA,GT,NN,TT,GG,AT,GG,CG,AA,4.89,Susceptible,Low,Poor,Late
L0579,Anantapur,Andhra Pradesh,Kharif,Red Sandy,Rainfed,390,31.0,52,AC,TT,AG,GG,GG,CC,GT,TT,CC,CC,AA,CC,GG,AT,TT,GG,GG,TT,TT,AA,CC,GT,GT,CC,AT,CC,TT,AT,GG,AA,CT,CC,AA,CC,GG,CG,GG,CC,GG,CC,TT,CC,AA,TT,AA,AA,TT,TT,CC,AA,GG,AT,AA,GG,CC,TT,AA,AA,GT,AA,AA,TT,AT,GG,TT,TT,CC,GG,TT,GG,NN,GT,CC,AG,GG,AC,NN,GG,TT,TT,AG,GT,GT,CC,AA,AG,AA,AT,CC,GT,CC,TT,CT,TT,TT,NN,CT,CC,GG,CC,CC,CG,AG,AA,TT,TT,CG,AA,AG,CC,CC,GG,GT,CC,TT,AA,AA,TT,CC,AG,GG,AG,CC,GT,TT,AG,CC,CC,CC,CG,AA,TT,CC,AA,CC,CT,AA,AT,AA,AT,GG,CC,CC,GG,AA,AG,AA,AC,GT,CC,CG,AG,AA,AG,GT,AG,AA,GT,TT,GG,CC,GT,TT,CC,CC,AT,TT,TT,AA,NN,GG,CG,AA,CC,CC,CC,GG,CC,AA,GG,AG,CC,TT,CC,GT,TT,CG,TT,AA,AA,GT,CC,GG,AA,CC,CG,GG,GG,AA,GG,TT,AC,AG,GG,GG,AA,CC,AT,AT,GG,TT,TT,AT,CG,GT,AT,CG,AT,GT,AA,GG,AA,TT,AA,TT,CC,TT,AA,CC,CT,GG,GG,CC,AG,CC,TT,TT,GT,GG,TT,AA,CC,AA,GG,CC,CC,GG,CC,GG,TT,AG,CC,TT,GG,CC,CC,AA,AA,CC,AA,CC,AT,AA,CC,CC,CC,TT,AA,GG,AA,AA,AA,AA,AG,AG,AA,AA,TT,GG,AC,AG,AC,AA,TT,AA,AG,GG,GG,GG,TT,AT,AA,TT,AT,TT,AG,AT,GG,GG,AA,3.29,Susceptible,Low,Poor,Medium
L0580,Anantapur,Andhra Pradesh,Kharif,Red Sandy,Rainfed,390,31.0,52,AC,TT,GG,AA,GG,CC,GG,TT,CC,CC,NN,CC,NN,TT,TT,GG,GG,TT,TT,AA,CC,TT,GT,CC,TT,CC,TT,TT,GG,AA,TT,CC,AA,CC,GG,GG,GG,CG,GG,CC,TT,CC,AA,TT,GG,GG,TT,TT,CC,CC,GT,AA,AA,GG,CC,GT,AT,AA,GT,AA,AA,TT,AT,AA,TT,TT,CC,GG,TT,GT,AG,GG,CC,AG,AA,CC,AA,GG,TT,TT,GG,TT,GG,CC,AT,GG,AA,AA,CC,GT,NN,GT,CC,TT,GT,GG,TT,AC,TT,CC,CT,CG,GG,AA,AT,TT,CC,AA,GG,AC,CC,GG,TT,CC,TT,AA,AA,TT,CC,GG,CC,GG,CC,GG,NN,AA,CC,CC,CC,CC,AG,TT,CC,AA,CC,CC,AA,TT,AA,AT,CG,CC,CC,GG,AA,AA,AA,CC,GG,CG,CC,AA,AG,GG,TT,GG,AC,TT,TT,GG,CC,GT,GT,TT,CC,AT,GT,TT,AA,TT,NN,CC,AA,CT,CC,CC,GG,CC,AA,GG,GG,CC,TT,CC,TT,TT,GG,NN,AA,AA,TT,CC,GG,AA,AC,CG,GG,GG,AA,GG,TT,AA,AA,CC,GG,AA,NN,AA,AT,GG,TT,NN,AT,NN,GG,AT,CC,TT,TT,AA,GG,AA,CT,AA,TT,CC,TT,AC,AC,CT,CG,AG,CC,AG,CC,TT,TT,GT,NN,TT,AA,AA,AG,GG,CC,CG,GG,CC,GG,TT,AA,CC,TT,GG,CC,CC,AA,AG,CG,AA,CC,AA,AA,AC,CG,AC,TT,AA,CG,AA,AA,CC,AC,AA,AA,AA,AA,AT,GG,AA,AA,AC,AC,TT,AA,AA,GG,GG,GG,TT,AA,AG,TT,TT,AT,AA,TT,GG,GG,AA,1.7,Resistant,High,Premium,Early
L0581,Anantapur,Andhra Pradesh,Kharif,Red Sandy,Rainfed,390,31.0,52,AA,CT,GG,AG,GG,CC,GG,TT,CC,CC,AA,CT,CG,AT,TT,GG,GG,TT,TT,AG,CG,TT,GT,CT,AT,CC,TT,TT,GG,AA,TT,CT,AA,NN,AG,GG,GT,CC,GG,CC,TT,TT,AA,TT,AA,AG,CT,AT,CC,AC,GG,AA,AG,GG,CC,TT,AT,AC,GT,AA,AA,GT,AT,AA,CT,AT,CC,NN,TT,GG,AG,GT,CC,AG,AG,CC,TT,GG,GG,TT,GG,GG,GG,CC,AA,GG,AG,AT,CC,GG,CC,TT,CC,TT,TT,GG,CT,AC,TT,CC,CC,CG,AG,AA,TT,TT,CG,AA,AG,AA,CT,GG,TT,CG,GT,CC,AA,TT,CC,GG,CC,GG,CC,GT,TT,AG,CC,CC,AC,CC,AA,TT,CC,AA,CC,CC,AA,NN,AA,AA,CG,NN,CC,GG,AA,AG,AA,CC,GG,CC,CC,AA,AA,GG,TT,GG,AA,TT,TT,GG,AC,GT,GT,TT,CG,AT,GT,TT,AA,AT,CG,CC,GG,TT,CC,CC,GG,CC,AA,GG,AG,CC,TT,CC,GT,GG,CG,TT,AA,AA,TT,CC,GG,AA,CC,CC,CG,GG,AA,GG,TT,AC,AA,CC,GG,AA,AC,AA,AT,GT,TT,AT,TT,GG,TT,AT,CG,TT,GT,AA,GG,AA,TT,AA,TT,CC,TT,AA,CC,CT,GG,AA,CC,GG,CC,AT,TT,TT,GG,TT,AC,AC,AA,GG,CC,CG,GG,CC,GG,AT,AA,CC,TT,GG,CC,CG,AT,GG,CC,AA,CC,AA,AA,CC,CG,AC,AT,AA,GG,AA,AA,AA,AA,AA,GG,AG,AA,AT,GG,AC,AA,CC,AA,TT,AG,AA,GG,GG,GG,GT,AA,AA,GT,TT,TT,AG,TT,GG,GG,AA,0.75,Susceptible,Medium,Poor,Late
L0582,Anantapur,Andhra Pradesh,Kharif,Red Sandy,Rainfed,390,31.0,52,AC,TT,NN,AG,GG,CC,GG,AT,CC,CC,AT,CC,CG,TT,TT,GT,GG,TT,NN,AA,CC,GT,GG,CT,TT,CC,TT,TT,GG,AA,TT,CC,AA,CC,GG,CG,GG,CC,GT,CC,TT,TT,AA,TT,AG,GG,TT,TT,CC,AA,GG,AA,AG,GG,CC,TT,AA,AA,GG,AC,AG,TT,AT,AA,TT,AT,CC,GG,TT,GG,AG,GT,CC,AA,AA,CC,AA,GG,GT,TT,GG,GG,GG,CC,AA,GG,AA,AT,CC,TT,CC,TT,CC,TT,TT,GG,TT,CC,GG,CC,CC,NN,AG,AA,TT,TT,CC,AA,GG,AA,CT,GG,TT,CG,TT,AA,AA,TT,CC,AG,CG,GG,CC,GT,TT,AA,CT,CC,CC,CC,NN,TT,CC,AA,CC,CC,AA,TT,AA,AT,GG,CC,CC,GG,AG,GG,AA,NN,GG,CC,CC,AA,AG,GG,TT,AG,NN,TT,CT,GG,CC,TT,TT,CT,CC,AA,TT,TT,AT,AT,GG,CC,AA,CT,CC,CC,CG,AC,AA,GG,GG,CC,TT,CC,GT,TT,GG,AA,AA,AA,TT,CC,GG,AC,AC,CC,GG,GG,AA,CG,TT,AA,AA,NN,GG,AT,AC,AA,AA,GG,TT,TT,AA,GG,GT,AA,CG,AT,TT,AA,GG,AA,TT,AA,TT,CC,CC,AA,CC,TT,GG,GG,CC,AG,CC,TT,TT,GT,GG,AT,AC,AC,AA,GG,CC,CG,GG,CC,GG,NN,AA,CC,TT,GG,CC,CC,AA,GG,CC,AT,CC,AA,AA,CC,CG,CC,TT,AA,CG,AA,AA,AA,AA,GG,AA,AG,AA,TT,GG,AA,AG,AC,AA,CC,AA,AA,GG,AG,GG,TT,AT,AG,TT,TT,TT,AA,AA,GG,GG,AA,0.4,Moderate,Medium,Premium,Medium
L0583,Anantapur,Andhra Pradesh,Kharif,Red Sandy,Rainfed,390,31.0,52,AA,TT,AG,AG,GG,CC,GT,TT,CC,CC,AA,TT,CC,AT,GT,GG,NN,TT,TT,AA,CG,GT,GT,CT,TT,CC,NN,TT,GG,AA,TT,CT,AA,CC,GG,CG,GG,CC,GG,AC,TT,TT,AA,TT,AA,AG,TT,AT,CC,CC,GG,AA,AA,GG,CC,GT,AA,AA,GT,AA,AA,TT,TT,AG,TT,TT,CC,GG,TT,GT,AG,GT,CC,NN,GG,AA,AT,GG,TT,CT,GG,GT,GG,NN,AA,GG,AA,AA,CC,GT,CC,TT,CT,TT,TT,GG,TT,CC,TT,CC,CC,CG,GG,AA,TT,TT,CG,AG,AG,AA,CC,GG,TT,CC,GT,AA,AA,TT,CG,AG,CC,GG,CC,GT,TT,AA,CT,CC,AC,CC,AG,TT,CC,AA,CC,CT,AA,TT,AA,AT,NN,CT,CC,GG,AA,GG,AA,CC,GT,CC,CC,AA,AG,GG,TT,GG,AC,TT,TT,GG,AC,TT,TT,TT,CG,AA,GT,TT,AA,TT,GG,CG,AA,CT,CC,NN,CG,CC,AA,GG,AA,CC,TT,CC,GG,GT,GG,AA,AA,AG,TT,CC,GG,AA,CC,CC,GG,GG,AA,CG,CT,AA,AA,CC,GG,AA,AC,AA,AT,GG,TT,AT,AT,GG,GG,AA,CC,TT,GT,AA,GG,AA,TT,AA,TT,CC,CT,AA,CC,TT,GG,AG,CG,AG,CC,TT,CT,GT,GG,TT,AC,AC,AG,GG,CC,CC,GG,CC,GG,AT,AA,CG,GT,GG,CC,CC,AA,AG,CC,AA,CC,AA,AA,AC,CC,CC,TT,AA,GG,AA,AA,AA,AA,GG,GG,AA,AA,AT,GG,AA,AA,AA,AC,CT,AA,AA,GG,GG,GG,TT,AT,AA,TT,TT,TT,AG,TT,GG,GG,AA,2.73,Resistant,High,Poor,Medium
L0584,Anantapur,Andhra Pradesh,Kharif,Red Sandy,Rainfed,390,31.0,52,AC,TT,GG,AA,GG,CC,GT,TT,CC,CG,NN,CC,CG,AT,TT,GG,GG,TT,TT,AA,CC,GT,GG,CT,TT,CC,GT,TT,GG,AA,CT,CT,AA,CC,NN,CG,GG,CC,GG,CC,TT,CT,AA,TT,AG,NN,TT,TT,CC,AC,GT,AA,AA,GG,CC,TT,AT,AC,TT,AC,AA,TT,TT,AA,TT,AA,CC,GG,TT,GT,AG,GT,CC,AA,GG,CC,AT,AG,TT,TT,GG,GT,GT,CC,AA,GG,AG,AA,CC,TT,CC,TT,CC,TT,GT,GG,TT,AC,GT,CT,CC,CG,AG,AA,TT,TT,CC,AA,AA,AA,CT,GG,TT,CC,GT,AA,AA,TT,CC,AA,CC,GG,CC,GG,TT,AA,CC,CC,CC,CG,AA,TT,AC,AA,CC,CT,AA,TT,AA,AA,GG,CT,CC,GG,AA,AA,AA,CC,GT,CC,CC,AA,AG,GG,TT,GG,AA,GT,CT,GG,CC,TT,TT,TT,CC,NN,TT,TT,AA,TT,GG,CC,AG,CC,CC,AC,GG,CC,AA,GG,AA,CC,TT,CC,GG,TT,GG,AT,AA,AA,TT,NN,CG,AC,AC,NN,GG,GG,AA,GG,TT,AA,AA,CC,GG,AT,CC,AT,TT,GT,GT,TT,TT,GG,GG,AT,CC,TT,TT,AA,GG,AA,TT,AA,TT,CC,CT,CC,CC,NN,GG,AA,CC,GG,AC,TT,TT,GT,GG,TT,AA,AC,AA,GG,CC,CG,GG,CC,GG,AT,AG,CC,TT,GG,CC,CC,AA,AG,CG,AA,CC,TT,AA,AC,CG,AC,TT,AA,GG,AA,AA,AC,AA,AG,AG,AA,AA,TT,GG,AA,GG,AA,AA,CT,AA,AA,GG,GG,NN,GT,AA,AG,GT,TT,TT,AG,AT,GG,GG,AA,3.49,Susceptible,Medium,Premium,Medium
L0585,Anantapur,Andhra Pradesh,Kharif,Red Sandy,Rainfed,390,31.0,52,AC,TT,GG,AG,GG,CC,GG,AT,CG,CC,AA,CC,CC,AA,TT,GG,GG,TT,TT,AG,CG,TT,TT,CT,TT,CC,GG,TT,GG,AA,TT,CC,AA,CC,GG,GG,GG,CG,GG,CC,TT,CT,AA,TT,AA,GG,TT,TT,CG,AA,GG,AT,AA,GG,CC,TT,AA,AC,GT,AC,AA,TT,AT,AA,CC,TT,CC,GG,TT,GG,AA,GG,CC,AA,AG,AA,AT,GG,TT,TT,GG,GG,GT,CC,AA,GG,AA,AA,CG,GT,AC,TT,CC,AA,GT,AG,CT,CC,GG,CC,CC,GG,AG,AA,AT,TT,CC,AA,AG,AA,CC,GG,GT,CC,GT,AA,AC,TT,CG,GG,CC,GG,CC,GT,CT,AA,CC,CC,CC,CC,AA,TT,CC,AA,CC,CC,AA,TT,AG,AA,GG,CT,CC,GG,AA,AA,AA,CC,GG,CC,CC,AA,AA,GG,TT,AG,AA,TT,CT,GG,CC,TT,GT,TT,GG,TT,GT,TT,TT,TT,CG,CC,AG,CC,CC,CC,CG,CC,AA,GG,AG,CC,TT,CC,GG,TT,GG,TT,AA,AA,TT,AC,GG,AC,CC,CC,GG,GG,AA,GG,TT,AA,AA,CC,GG,AA,CC,AA,AA,GG,GT,AT,AT,GG,GT,AT,CC,TT,TT,AA,GG,AA,CT,AA,TT,CG,TT,AA,CC,CC,CC,AG,CG,GG,CC,TT,CT,TT,GG,AT,AA,CC,AA,GG,CC,CG,GG,CC,GG,AT,AG,CG,GT,GG,CC,CC,AA,AA,CG,AA,CC,AA,AA,AC,CG,AC,TT,AA,GG,AA,AA,AA,AA,AA,AA,AA,AG,TT,GG,AA,AA,CC,AA,TT,AA,AG,GG,GG,GG,TT,AA,AA,GT,TT,TT,NN,NN,GG,GG,AA,1.64,Moderate,Low,Premium,Early
L0586,Anantapur,Andhra Pradesh,Kharif,Red Sandy,Rainfed,390,31.0,52,AA,TT,GG,GG,GG,CC,GG,AT,CC,CC,AA,CC,CC,AT,GG,GG,GG,TT,TT,AA,CC,TT,TT,CC,TT,CC,TT,TT,GG,AA,TT,CC,AA,CC,GG,GG,GG,CG,GG,AC,TT,CT,AA,TT,AA,AG,TT,TT,CC,AC,GT,NN,AA,GG,CT,TT,AA,AA,GT,AA,AG,TT,TT,AG,CT,TT,CC,GG,TT,GT,AG,GG,CC,AA,AG,AA,AT,GG,GT,TT,GG,GT,GG,CC,AA,GG,AA,AA,CC,GT,CC,TT,CC,TT,TT,GG,CT,CC,GG,CC,CC,CC,AG,AA,TT,TT,CC,AA,AA,AA,CC,GG,GT,CC,TT,AA,AA,TT,CC,GG,CC,GG,CC,GT,TT,AA,CC,CC,CC,CC,AA,TT,CC,AA,CC,TT,AA,TT,AG,TT,GG,CC,CC,GG,AA,AG,AA,CC,TT,CG,CC,AA,AG,GG,TT,GG,AC,TT,CT,GG,CC,TT,TT,TT,CG,AT,TT,TT,AA,TT,GG,CC,AG,CC,CC,CC,CG,CC,AA,GG,AA,CC,TT,CG,GT,TT,GG,AA,AA,AG,TT,CC,GG,AA,CC,CC,GG,GG,AC,GG,TT,AA,AG,CC,GG,AA,AC,AA,AA,GG,TT,AT,AT,CG,GT,AA,CG,AA,TT,AA,GG,AA,CT,AA,TT,CC,TT,AA,CC,CT,NN,AA,CC,AG,CC,TT,TT,TT,GG,TT,AA,AC,AA,GG,CC,CC,GG,CC,GG,TT,AA,CC,TT,GG,CC,CC,AA,GG,CC,AT,CC,AA,AA,AC,CG,CC,TT,AA,GG,AA,AA,AC,NN,AA,AA,AA,AA,TT,GG,AA,AA,AA,AA,TT,AA,AA,CG,NN,GG,NN,AA,AA,TT,TT,TT,AA,AT,GG,NN,AA,5.05,Moderate,Medium,Standard,Medium
L0587,Anantapur,Andhra Pradesh,Kharif,Red Sandy,Rainfed,390,31.0,52,AA,TT,GG,AA,GG,CC,GG,AA,CC,CG,AT,CC,CC,TT,GT,GT,GG,TT,TT,AA,CG,TT,TT,CT,TT,CC,TT,TT,GG,AA,TT,CC,AA,CC,GG,CC,GG,CG,GG,AC,TT,CC,AA,TT,AA,GG,TT,AT,CC,AC,GG,AA,AA,GG,CC,TT,AT,AA,GT,AC,AG,TT,TT,AA,TT,AT,CC,GG,TT,GT,AA,GG,CC,AA,AG,AA,AT,GG,TT,TT,GG,GG,GG,CC,TT,GG,AA,AA,CC,TT,CC,TT,CT,TT,TT,GG,TT,CC,GT,CT,CC,GG,GG,AA,AT,TT,CC,AA,AA,CC,CC,GG,GT,CC,TT,AA,AA,TT,CC,GG,CC,GG,CC,GG,TT,AA,CC,CC,CC,CG,AA,TT,CC,AA,CC,CC,AA,TT,AG,AA,GG,CC,CC,GG,AA,AA,AA,AC,GG,CC,CC,AA,AG,GG,TT,GG,AA,TT,CT,GG,AC,GT,TT,TT,CG,TT,TT,TT,AA,TT,GG,CC,AG,TT,CC,CC,CG,CC,AA,GG,AA,CC,TT,CC,TT,GT,GG,TT,AA,AA,GT,AC,GG,AA,CC,CG,GG,GG,AC,CG,TT,AA,AA,CC,GG,TT,AC,AA,AT,GG,TT,TT,AA,GG,TT,AA,CC,TT,GT,AA,GG,AG,TT,AC,TT,CC,TT,CC,CC,TT,CC,AG,CC,NN,CC,AT,TT,GT,GG,TT,AC,AC,AA,NN,CC,CG,GG,CC,GG,AT,AA,CG,GT,GG,CC,CG,AA,GG,CG,AT,CC,AA,AA,NN,CC,CC,TT,AA,GG,AA,AA,CC,AA,AA,AG,GG,AA,TT,GG,AA,AG,CC,AA,CT,AG,AA,GG,GG,GG,TT,AA,AG,GT,TT,TT,AG,TT,GG,GG,AA,1.32,Moderate,High,Poor,Medium
L0588,Anantapur,Andhra Pradesh,Kharif,Red Sandy,Rainfed,390,31.0,52,AA,TT,GG,NN,GG,CC,GG,TT,CC,CG,AT,TT,CG,AT,TT,GT,CC,TT,TT,AG,CC,GT,GT,NN,TT,CC,TT,NN,GT,AA,TT,CC,AA,CC,GG,GG,GG,CC,GG,CC,TT,CT,AC,TT,AG,AG,TT,TT,CC,AC,GG,AT,AA,GG,CC,GT,AA,AA,GG,AC,AA,GT,TT,AG,TT,TT,CT,GG,CT,GG,AG,GG,CC,AA,GG,AA,AA,GG,TT,NN,GG,GT,GG,CC,AA,GG,AA,AA,CG,GT,CC,TT,CC,TT,GT,GG,TT,CC,GT,CT,CC,CG,AA,AA,TT,TT,CC,AA,GG,AA,CC,GG,TT,CC,TT,AA,AC,TT,CG,GG,CG,AG,CC,GG,TT,AA,CC,CC,CC,CC,AA,TT,CC,AA,CC,CC,AA,TT,AA,AT,GG,CT,CC,GG,AA,AG,AA,AC,GG,CC,CC,AA,AG,AG,TT,GG,AA,GT,TT,GG,CC,GT,TT,CT,CC,AA,TT,TT,AT,TT,CG,CG,AG,CC,CC,CC,GG,CC,AA,GG,AA,CC,GT,CC,GT,TT,GG,TT,AA,AA,TT,CC,CG,AA,CC,CC,GG,GG,AC,GG,TT,AA,AA,CC,GG,AT,CC,AA,AA,GG,TT,AT,AT,GG,TT,AT,CG,TT,GG,AA,GG,AA,CT,AA,TT,CC,TT,NN,NN,CT,GG,AA,CC,GG,CC,TT,CT,TT,GG,AT,AA,AC,AA,GG,CC,CC,GG,CC,GG,AT,AA,CG,GT,GG,CC,CC,AT,GG,CG,AA,CC,AT,AA,CC,CG,AC,AT,AA,GG,AA,AC,AC,AA,GG,AA,AA,AA,AT,GG,AC,AA,CC,AC,CT,AA,AA,GG,GG,GG,GT,AA,AA,TT,TT,TT,AA,AT,GG,GG,NN,4.76,Resistant,Low,Standard,Medium
L0589,Anantapur,Andhra Pradesh,Kharif,Red Sandy,Rainfed,390,31.0,52,AC,TT,GG,AA,GG,CC,GG,TT,CC,CC,AA,CC,CG,AT,TT,GG,GG,TT,TT,AA,CC,GT,TT,CC,TT,CC,TT,TT,GG,AA,TT,CC,AA,CC,GG,CG,GG,CG,GG,CC,TT,CT,AC,TT,AA,AG,TT,TT,CC,CC,GG,AT,NN,GG,CC,GT,AA,NN,GT,AA,AG,TT,NN,AG,TT,AT,CC,GG,TT,GT,AA,GG,CC,AA,GG,AC,TT,GG,TT,TT,GG,TT,GT,CC,AT,GG,AA,AA,CG,GG,AC,TT,CT,AT,TT,AG,TT,CC,TT,CC,NN,CC,GG,AG,TT,TT,CC,AA,GG,AA,CT,GG,TT,CC,GT,AC,AA,TT,GG,AG,CG,GG,CT,GG,TT,AA,CC,CC,CC,CC,AA,TT,CC,AA,CC,CC,AG,TT,AA,AT,GG,CC,CC,GG,AG,AA,AT,CC,GT,CC,CG,AA,AG,AG,TT,AG,AC,GT,TT,GG,CC,TT,GG,CT,CC,AA,GT,CT,AA,TT,GG,CC,AG,CT,CC,CC,CC,CC,AA,GG,AG,CC,TT,CC,TT,TT,GG,AT,AA,AG,TT,CC,GG,AA,AC,CC,GG,GG,AC,GG,TT,AA,AA,CC,GG,AA,CC,AA,AT,GG,TT,AT,AA,GG,GG,AT,CC,TT,TT,AA,GG,AA,CT,AA,TT,CC,TT,AA,CC,CT,GG,AG,CG,GG,CC,TT,TT,GT,GG,TT,AC,AA,AA,GG,CC,CC,CG,NN,GG,TT,AA,CC,GT,GG,CC,CC,AT,GG,CC,AT,CC,AA,AA,AC,CC,CC,TT,AA,GG,AA,AA,AA,AA,AG,AG,AA,AA,AT,CG,AA,AA,AA,AC,TT,AA,AA,GG,NN,GG,TT,AA,AA,TT,TT,TT,GG,AT,GG,GG,AA,0.76,Susceptible,Low,Premium,Medium
L0590,Anantapur,Andhra Pradesh,Kharif,Red Sandy,Rainfed,390,31.0,52,AA,TT,AG,AA,GG,CG,GG,TT,CC,GG,NN,TT,CC,TT,TT,GT,CG,TT,TT,AG,CC,TT,TT,CC,TT,CC,TT,TT,NN,AA,TT,CT,AA,CC,GG,CG,GG,CC,GG,AC,TT,NN,AA,GT,AA,AG,CT,TT,CC,AC,GG,AA,AA,CG,CC,GT,AA,AC,GG,CC,NN,TT,AT,AG,TT,AT,CC,GG,CT,GG,AA,GT,CC,AA,GG,CC,AA,GG,TT,TT,AG,GT,NN,CC,AA,GG,AA,AA,CC,GT,CC,TT,CC,TT,GT,GG,NN,CC,GG,CC,CT,CG,GG,AA,TT,TT,CC,AA,AG,AA,CC,GG,TT,CC,TT,AA,AA,TT,CC,GG,CC,GG,CT,GT,CT,AA,CC,CC,CC,CC,AA,TT,CC,AA,CC,CC,AA,TT,AA,AA,GG,CC,CC,GG,AA,AG,AT,CC,GT,CC,CC,AG,AA,AG,TT,GG,AA,TT,TT,GG,CC,NN,GT,TT,GG,AA,TT,TT,AT,AT,GG,CC,AA,CC,CC,CC,GG,NN,AA,GG,AA,CC,TT,CC,GT,TT,GG,AA,AA,AA,TT,AC,GG,AA,CC,CC,GG,GG,AA,GG,TT,AA,AA,CC,GG,AA,AC,AA,AA,GG,TT,AT,AT,GG,GT,AT,CC,AT,TT,AA,GG,AA,CT,AA,TT,CC,TT,NN,CC,TT,CG,GG,CC,AG,CC,TT,TT,GT,GG,AT,AA,AC,AA,GG,CC,CG,GG,CC,GT,TT,AA,CG,TT,GG,CC,CG,AA,AA,CC,AT,CC,TT,AA,CC,CC,AC,TT,AA,CG,AA,AA,AC,AA,AG,GG,AG,AA,TT,CG,AA,AG,AC,AA,CC,AG,AA,GG,GG,GG,TT,AT,AG,GT,TT,TT,AG,AT,GG,GG,AC,0.42,Resistant,Low,Premium,Late
L0591,Anantapur,Andhra Pradesh,Kharif,Red Sandy,Rainfed,390,31.0,52,AA,TT,GG,AA,GG,CG,GG,TT,CC,CC,AA,CC,CC,TT,TT,GG,GG,TT,TT,AA,CC,TT,TT,CC,TT,CC,TT,TT,GG,NN,TT,CC,AA,CC,GG,CG,GG,CG,GG,CC,TT,CT,AA,TT,NN,AG,TT,AA,CC,AA,GT,AA,AA,GG,CC,TT,AT,AA,GG,AC,AA,GT,TT,AA,TT,AT,CC,GG,CT,GT,AA,GG,CC,AA,GG,AC,NN,GG,GT,TT,GG,GT,GG,CC,AA,GG,AA,AT,CC,GT,CC,TT,CT,TT,GT,GG,TT,CC,TT,CC,CC,CG,GG,AA,AT,GT,CC,AA,AA,AA,TT,GG,TT,CC,TT,CC,AA,AT,CG,AA,CC,GG,CC,GT,TT,AA,CC,CC,CC,CC,AA,NN,CC,AA,NN,CC,AA,TT,AA,AA,GG,CT,CC,GG,AA,AA,AA,AC,GT,CC,CC,AA,AA,GG,TT,GG,AA,TT,CC,AA,AC,TT,GT,CT,CC,AA,TT,TT,AA,TT,GG,CC,AG,CC,CC,CC,CG,CC,AA,GG,AG,CC,TT,CG,GG,TT,GG,AT,AA,GG,TT,CC,GG,AA,CC,CC,GG,GG,AC,GG,TT,AC,AA,CC,GT,AA,AC,AA,AT,GT,GT,TT,AT,GG,NN,TT,CG,TT,TT,AA,GG,AA,TT,AC,TT,CC,TT,AA,CC,TT,CG,AG,CC,GG,CC,TT,CT,TT,GG,TT,AC,AC,GG,GG,CC,CC,GG,CC,GG,TT,AG,CC,GT,GG,NN,CG,AA,GG,CC,AA,CC,AA,AA,AC,CC,CC,TT,AA,GG,AA,AC,AC,AA,AG,AG,AA,AA,TT,GG,AC,AA,AC,AC,TT,AG,AA,GG,GG,NN,TT,AT,AA,GT,TT,TT,AA,TT,GG,GG,AA,3.85,Susceptible,Low,Poor,Early
L0592,Anantapur,Andhra Pradesh,Kharif,Red Sandy,Rainfed,390,31.0,52,CC,TT,AG,AG,GG,CC,GG,AT,CC,GG,AA,CT,CG,AT,TT,GG,GG,TT,TT,AG,CC,TT,TT,CC,TT,CC,TT,TT,GG,AA,TT,CC,AA,CC,GG,GG,GG,CC,GG,CC,TT,NN,AC,GT,AA,GG,TT,AA,CC,CC,GG,AA,AA,GG,CC,TT,AT,AC,GG,AA,AA,TT,TT,AG,TT,AT,CC,GG,TT,GG,AG,GG,CC,AA,AA,AC,AT,GG,GT,TT,GG,GT,GG,CC,AA,AG,AA,AT,CC,TT,CC,TT,NN,TT,TT,GG,CT,CC,TT,CC,CC,CC,AG,AA,TT,TT,CC,AA,GG,AC,CC,GG,TT,CG,TT,AA,AA,NN,CC,GG,CG,GG,CC,GG,TT,AG,CC,CC,CC,CG,AA,GT,AC,AA,CC,CT,AA,TT,AA,AA,GG,CC,CC,GG,AA,AG,AA,CC,GT,CC,CC,AA,AA,GG,TT,GG,CC,TT,CT,GG,CC,TT,TT,TT,CC,AT,TT,TT,AA,TT,GG,CC,AG,TT,CC,CC,GG,AC,AA,GG,AA,CC,TT,CC,GT,TT,GG,AT,AA,AA,TT,AC,GG,AA,CC,CC,GG,GG,AA,CG,TT,AC,AA,CC,GG,AA,CC,AA,AT,GG,TT,TT,AA,GG,GT,AA,CG,TT,GT,AA,GG,AA,CT,AA,TT,CC,CT,AC,CC,TT,GG,AG,CG,AG,CC,TT,TT,GT,GG,TT,AC,CC,AA,GG,CC,CC,GG,CC,GG,AT,AA,CG,TT,GG,CC,CC,AA,AG,CC,AA,CC,AA,AA,AC,CG,AC,AT,AA,GG,AA,AA,AC,AA,AG,AG,AA,NN,AT,GG,AC,AA,CC,AA,CT,AG,AA,GG,GG,CG,NN,AA,AG,GT,TT,TT,AG,AT,GG,GG,AA,0.4,Resistant,High,Premium,Medium
L0593,Anantapur,Andhra Pradesh,Kharif,Red Sandy,Rainfed,390,31.0,52,AC,TT,GG,AG,CG,CC,GT,TT,CC,GG,AA,CT,CC,TT,TT,GG,CG,TT,TT,AA,CC,TT,GT,CT,TT,CC,NN,TT,GG,AA,TT,CT,AA,AC,GG,CG,GG,CG,GG,CC,TT,TT,CC,NN,AA,GG,TT,AT,CC,NN,GG,AA,AG,NN,CC,TT,AT,AC,GT,AC,AA,TT,AT,AA,NN,AT,CC,GG,TT,GT,GG,GG,CC,AA,AG,AA,AA,GG,GT,CT,GG,GT,GG,CC,AA,GG,AA,AT,CG,TT,CC,TT,CT,TT,GT,GG,CT,CC,TT,CC,NN,CG,AA,AA,TT,TT,CC,AA,AA,AA,CC,GG,TT,CG,GT,AA,AA,TT,CG,NN,CG,NN,CC,GG,CC,AA,CT,CC,CC,CC,AA,TT,CC,AA,CC,CC,AA,NN,AA,AA,CG,CT,CC,GG,AA,AA,AA,AC,GT,CC,CG,AA,AG,GG,TT,GG,AA,TT,TT,GG,CC,TT,GT,TT,CC,AT,GG,TT,AA,AT,GG,CC,AA,TT,NN,CC,GG,CC,AA,GG,AA,CC,TT,CC,GG,GT,GG,TT,AA,AA,TT,CC,NN,AA,AC,CC,GG,NN,AA,GG,CT,NN,AA,CC,GG,AA,CC,AA,AA,GG,GT,AT,AA,CG,GT,AT,NN,AT,NN,AA,GG,AA,TT,AC,TT,CC,CT,AA,CC,TT,GG,AA,CC,AA,CC,TT,TT,GT,GG,TT,AA,CC,AA,GG,CC,CC,GG,CC,GG,AT,AA,CC,TT,GG,CG,CC,AA,GG,CC,AA,CC,AA,AA,CC,CC,NN,TT,AA,GG,AA,AA,AA,AA,AA,GG,AG,AA,AT,GG,CC,AA,AC,CC,CT,AA,AG,GG,GG,GG,TT,AA,AG,TT,TT,TT,AA,TT,GG,CG,AA,3.07,Resistant,Low,Premium,Early
L0594,Anantapur,Andhra Pradesh,Kharif,Red Sandy,Rainfed,390,31.0,52,AA,TT,AA,AA,GG,CC,GG,TT,CC,CG,AT,CC,CC,AT,TT,GG,GG,TT,TT,AA,CC,TT,GG,CC,AT,CC,TT,TT,GG,AA,TT,CC,AA,CC,GG,CG,NN,GG,GG,CC,TT,TT,AA,NN,AA,NN,CT,TT,CC,CC,GG,AA,AG,GG,CT,TT,AA,AC,TT,AC,AG,TT,AT,AA,TT,TT,CC,GG,TT,GT,AA,GG,NN,AA,GG,AC,AA,GG,TT,TT,GG,GT,GG,CC,NN,GG,AA,AA,CC,TT,CC,TT,NN,AT,TT,GG,CT,CC,GT,CC,CC,CC,GG,AG,AT,TT,CG,AA,GG,AA,CT,GG,TT,CC,TT,AA,AA,TT,GG,GG,CG,GG,CC,GG,TT,AA,CC,CC,AC,CC,AA,TT,CC,AA,CC,CC,AA,NN,AA,AA,GG,CT,CC,GG,AA,AA,AA,CC,GG,CC,CC,AA,AG,GG,TT,GG,AA,TT,TT,GG,AC,GT,TT,TT,CG,AA,TT,CT,AT,TT,GG,CC,AA,NN,CC,CC,CG,CC,AA,GG,AA,CC,TT,CC,GT,GT,CG,TT,AG,AA,TT,CC,GG,AA,CC,CC,GG,GG,AA,GG,TT,AC,AA,CC,GG,AA,CC,AT,AT,GG,TT,AA,AT,GG,GT,AA,CC,AT,TT,AA,GG,AA,TT,AA,TT,CC,TT,AA,AA,TT,GG,AG,CC,AG,CC,TT,TT,GT,GG,TT,AA,CC,AA,GG,CC,CC,GG,CC,GG,AT,AG,CG,GT,AG,CC,CC,AA,GG,CC,AT,CC,AT,AG,CC,CG,AC,TT,AA,GG,AA,AC,AC,AA,AG,AG,AA,AA,AT,GG,AA,AA,AC,AA,CC,AA,AA,GG,GG,GG,TT,AA,AG,GT,TT,TT,AG,TT,GG,GG,AA,2.44,Moderate,Low,Poor,Early
L0595,Anantapur,Andhra Pradesh,Kharif,Red Sandy,Rainfed,390,31.0,52,AA,TT,GG,AG,CG,CC,GG,TT,CC,CC,AA,TT,CC,TT,TT,GG,CG,TT,TT,AA,CG,TT,TT,CT,TT,CC,GT,TT,GG,AA,CT,CC,AA,CC,GG,CG,GG,CG,GG,CC,TT,TT,AA,TT,AA,GG,TT,TT,CC,AC,GG,AA,AG,GG,CC,GG,AA,AA,GG,AC,AG,TT,TT,AG,TT,TT,CC,GG,TT,GG,AA,GG,CC,AA,GG,AA,AT,GG,TT,TT,GG,TT,GG,NN,AA,GG,AA,AA,CC,TT,AC,TT,TT,TT,TT,AG,TT,AC,TT,CT,CC,CC,AG,AA,AT,TT,CC,AG,AG,AC,CC,GG,TT,CC,GT,AA,AA,TT,CC,GG,CC,GG,CC,GT,TT,AA,CT,CC,CC,CC,AG,TT,AC,AA,CC,CT,AA,TT,AA,AT,GG,CT,CG,AG,AA,GG,AA,AC,GG,CC,CC,AG,AG,AG,TT,GG,AC,TT,TT,AG,AA,TT,TT,TT,CG,TT,TT,TT,AA,TT,GG,CC,AA,CC,CC,CC,GG,CC,AA,GG,AA,CC,TT,CC,GT,TT,GG,AT,AG,AA,TT,CC,GG,AA,CC,CC,GG,GG,AA,GG,TT,AC,AA,CC,GG,AT,CC,AT,AT,GG,TT,AA,AT,CG,GG,AT,CG,TT,GT,AA,GG,AA,TT,AA,TT,CC,TT,AC,AC,TT,GG,GG,CC,AG,CC,TT,CT,GT,GG,TT,AA,AC,AA,GG,CC,CG,GG,CC,GG,NN,GG,CC,TT,GG,CC,CG,AA,GG,CC,AA,CG,AA,AA,AC,CC,AC,TT,AA,NN,AA,AA,AA,AA,GG,AG,AA,AA,TT,CG,AC,GG,CC,AA,TT,AA,AA,GG,GG,GG,TT,AA,AA,NN,TT,AT,AG,TT,GG,GG,AA,3.9,Moderate,High,Poor,Late
L0596,Anantapur,Andhra Pradesh,Kharif,Red Sandy,Rainfed,390,31.0,52,CC,TT,GG,AA,GG,CC,GT,TT,CC,CG,AA,CT,CG,AT,TT,GG,GG,TT,TT,AG,CC,TT,GT,CC,TT,CC,TT,TT,GG,AA,TT,CC,AA,CC,GG,CG,GG,CG,GG,CC,NN,CT,AA,TT,AG,AA,TT,TT,CC,AC,GG,AA,NN,GG,CC,TT,AT,AA,GT,AC,AA,TT,AT,AA,TT,TT,CC,GG,TT,GT,AA,GG,CC,AA,GG,AA,AT,GG,TT,TT,GG,GT,GT,CC,AT,AG,AA,AT,CC,TT,CC,TT,CT,TT,TT,GG,TT,CC,TT,CC,CT,CC,AG,AA,TT,TT,CC,AA,AA,AC,CC,GG,TT,CC,TT,CC,AA,TT,CG,GG,CG,GG,CC,GG,TT,AA,CC,CC,CC,CC,AA,TT,AC,AA,CC,CT,AA,AT,AA,AA,GG,CC,CC,GG,AA,AA,AA,CC,GG,CG,CC,AA,AG,AG,GT,AG,AA,TT,CT,GG,AC,TT,GT,TT,CC,AA,GT,TT,AA,TT,GG,CC,AA,CC,AC,CC,GG,CC,AA,AG,AA,CC,TT,CC,GG,TT,GG,AT,AA,AG,TT,CC,CC,AA,CC,CC,GG,GG,AA,GG,TT,AC,AG,CC,GT,AA,CC,AA,AA,GT,TT,TT,AT,GG,GG,AA,CC,AT,GG,AA,GG,AA,CT,AC,TT,CC,CT,AA,CC,TT,GG,AA,CC,AA,CC,AT,TT,NN,GG,TT,AC,NN,AA,GG,CC,CG,GG,CC,GG,AT,AA,CC,GT,GG,CC,CC,AT,GG,CG,AT,CC,AA,AA,AC,CC,AC,TT,AA,GG,AA,AA,AC,AC,AG,AG,AA,AA,AA,GG,AC,AG,CC,AA,TT,AA,AA,GG,GG,GG,TT,AA,GG,TT,TT,TT,AG,TT,GG,GG,AA,2.24,Resistant,Low,Poor,Early
L0597,Anantapur,Andhra Pradesh,Kharif,Red Sandy,Rainfed,390,31.0,52,AC,TT,GG,AG,CG,CC,GT,AT,CC,CC,AA,CC,CC,TT,TT,GG,GG,TT,TT,AA,CC,GT,TT,CT,TT,CC,TT,TT,GG,AA,TT,CT,AA,CC,GG,CG,NN,CC,GG,CC,TT,NN,AA,TT,AA,GG,TT,TT,CC,AC,GG,AA,AG,GG,CT,TT,AT,AA,TT,AC,AA,GT,AT,AA,CT,AT,CC,GG,NN,GG,AG,GG,CC,AA,GG,AC,AT,GG,TT,TT,GG,GG,GG,CC,AA,GG,AA,AA,CC,GG,CC,TT,TT,TT,GT,GG,TT,CC,TT,CC,CC,CC,AG,AA,TT,TT,CC,AA,AG,AA,CT,GG,TT,CC,TT,AC,AA,TT,CC,GG,CC,GG,NN,GG,NN,AA,CT,CC,CC,CC,AA,TT,AC,AA,CC,CC,NN,TT,AA,AT,GG,CT,CC,GG,AA,AG,AA,CC,GT,CC,CG,AA,AA,GG,GT,GG,CC,TT,CT,NN,AC,TT,TT,TT,CC,TT,GT,CT,AT,TT,GG,CC,AG,CC,NN,AC,CG,CC,AA,GG,AG,CC,TT,CC,GG,TT,GG,TT,AA,AA,TT,CC,GG,AA,AC,CC,GG,GG,AC,GG,TT,AA,AA,CC,GG,AA,CC,AA,AA,GG,TT,AT,TT,GG,GG,AA,CG,TT,TT,AA,GG,AA,CT,AA,TT,CC,TT,AA,CC,TT,CG,NN,CC,AG,CC,AT,TT,GT,GG,TT,AA,AC,AA,GG,CC,GG,GG,CC,GG,AT,AA,CG,GT,GG,CC,CC,AA,GG,CC,AA,CC,AA,AA,AC,CC,AA,TT,AA,GG,AA,AA,CC,AA,AG,AG,AA,AA,TT,GG,AA,AA,AC,AC,TT,AA,AA,GG,GG,CG,GT,AA,AG,NN,TT,AT,AG,AT,GG,GG,AA,1.43,Susceptible,Medium,Standard,Medium
L0598,Anantapur,Andhra Pradesh,Kharif,Red Sandy,Rainfed,390,31.0,52,AC,TT,GG,GG,CG,CC,GG,AT,CC,CC,AA,CC,CG,AT,TT,TT,CG,TT,TT,AA,CC,GT,TT,CC,TT,CC,TT,AT,GG,AA,TT,CC,AA,CC,AG,GG,GG,CC,GG,CC,TT,TT,AA,GT,AA,GG,TT,AT,CC,AC,GG,AA,AA,GG,CC,TT,AT,AA,TT,AC,AG,TT,TT,AG,CT,TT,CC,GG,TT,GG,AA,GG,CC,AA,GG,CC,AA,GG,TT,TT,GG,GG,GG,CC,AA,GG,AA,AA,CC,TT,CC,NN,TT,TT,TT,AG,CT,CC,TT,CC,CT,GG,AA,AA,NN,NN,CC,AA,GG,AC,CC,GT,NN,CG,TT,AA,AC,TT,CC,GG,CC,GG,CC,GG,CT,AA,CC,CC,CC,CC,AA,TT,CC,AA,CC,CC,AA,TT,AA,AA,GG,CC,CC,GG,AA,AA,AA,CC,GT,CC,CC,AA,AG,GG,TT,GG,AC,GT,CT,GG,AC,TT,TT,TT,CC,AA,TT,TT,AA,TT,CG,CC,AA,CT,CC,CC,GG,CC,AA,GG,GG,CC,TT,CG,GG,GT,CG,AT,AG,AA,TT,CC,GG,AA,AC,CC,GG,GG,AC,GG,TT,AA,GG,CC,GT,AA,AC,AA,NN,GG,TT,TT,AA,GG,GG,AA,CG,AT,TT,NN,GG,AA,TT,AA,TT,CC,TT,AA,CC,TT,GG,AG,CC,AG,CC,TT,TT,TT,GG,TT,AA,AA,AA,GG,CC,CG,GG,CC,GG,TT,AA,CG,TT,GG,CC,CC,AA,GG,CC,AT,CC,NN,AG,AC,CG,AC,TT,AA,CG,AA,AA,AA,AC,AG,AG,AA,AA,TT,GG,AA,AA,CC,AA,TT,AA,AA,CG,GG,GG,GT,AT,AA,TT,TT,TT,AA,TT,GG,GG,AA,3.42,Moderate,Medium,Standard,Early
L0599,Anantapur,Andhra Pradesh,Kharif,Red Sandy,Rainfed,390,31.0,52,AA,TT,GG,AG,CG,CC,GG,TT,CC,CG,AA,CC,CG,TT,TT,GG,GG,TT,TT,AA,CC,TT,TT,CC,TT,CC,TT,TT,GG,AA,TT,CC,AA,CC,GG,GG,GG,CC,GG,CC,TT,TT,AA,TT,AA,GG,TT,TT,CC,AC,GG,AA,AA,GG,CC,GT,AA,AA,GT,AC,AA,GG,AT,AA,CT,TT,CC,GG,TT,GT,AA,GG,CC,AG,GG,NN,AA,GG,TT,TT,GG,GG,GG,CC,AT,AG,AA,AA,CC,GT,AC,TT,NN,TT,TT,AG,TT,NN,TT,CC,CC,CC,AG,AA,AT,TT,CC,AA,AG,AA,CT,GG,GT,CC,GT,CC,AC,TT,CC,AG,CC,AA,CC,GG,CT,AG,CT,CC,CC,CC,AA,TT,CC,AA,CC,CT,AA,TT,AA,AT,GG,CC,CC,GG,AG,AG,NN,AC,GG,CC,CC,AA,AA,GG,TT,GG,AC,GT,CC,GG,CC,TT,TT,TT,CC,AT,GT,TT,AA,TT,GG,CC,AG,CC,CC,CC,CG,CC,AA,GG,AG,CC,TT,CC,GG,GT,GG,AT,AA,AA,TT,CC,GG,AA,AC,CC,GG,GG,AC,GG,TT,AA,AA,CC,GT,AA,AC,AA,AT,GG,GT,AT,TT,CG,TT,AT,CC,NN,TT,AA,GG,AA,CT,NN,TT,CC,TT,AA,CC,TT,CC,GG,CC,NN,CC,TT,CT,TT,GG,AT,AA,CC,AA,GG,CC,NN,GG,CC,GG,TT,AG,CC,TT,GG,CC,CC,AA,AG,GG,AT,CG,AT,AG,CC,CC,CC,TT,AA,GG,AA,AA,AC,AA,AG,AA,AA,NN,AT,GG,AA,AG,AC,AA,CT,AG,AG,GG,GG,GG,TT,AT,AA,TT,TT,TT,AG,AT,GG,GG,AA,4.33,Susceptible,Low,Standard,Early
L0600,Anantapur,Andhra Pradesh,Kharif,Red Sandy,Rainfed,390,31.0,52,AA,TT,AG,AG,GG,CC,GT,TT,CC,CG,AA,CC,CC,AT,TT,GG,CC,TT,TT,AA,CC,TT,GT,CT,AT,CC,TT,AT,GT,AA,TT,CT,AG,AC,GG,CG,GG,CG,GG,CC,TT,TT,AA,TT,AA,GG,CT,TT,CC,AC,GG,AA,AA,GG,CT,TT,AA,AC,GT,AA,AG,GT,TT,AA,TT,TT,CC,GG,TT,GG,AG,GG,CC,AA,GG,CC,AA,AG,GT,TT,GG,GT,GT,CC,AA,GG,AA,AA,CC,GG,CC,TT,CC,TT,GT,GG,TT,CC,TT,CT,CT,CG,AG,AA,TT,TT,CC,AA,AG,AC,CC,GG,TT,CG,GT,AA,AA,TT,CC,GG,CG,GG,CC,TT,CT,AA,CC,CC,AC,CC,AA,TT,CC,AA,CC,CC,AA,TT,AA,NN,CG,CT,CC,GG,AG,AG,AT,CC,GG,CC,CC,AA,AA,GG,TT,GG,AC,TT,TT,GG,AC,TT,TT,TT,CG,AA,TT,TT,AT,TT,GG,CC,AA,CT,CC,AC,CC,AC,AA,NN,AG,CC,TT,CC,GT,TT,GG,AT,AA,AA,TT,CC,CG,AC,AC,CC,GG,GG,AA,GG,NN,AC,AA,CC,GG,AT,AC,AA,AT,GG,TT,AT,AT,GG,GT,AT,CC,AT,GT,AA,GG,AA,TT,AA,TT,CC,TT,AA,CC,TT,GG,AA,CG,AG,AC,TT,CT,TT,GG,TT,AA,AC,AG,GG,CC,CC,GG,CC,GG,AT,AA,CC,TT,GG,CC,CG,AA,AG,CG,AT,CC,AT,AA,AC,CG,AC,TT,AG,GG,AA,AA,AC,AC,GG,GG,AA,AA,TT,GG,AA,AA,AC,AA,CT,AA,AA,GG,NN,CG,TT,AA,AA,TT,TT,TT,AA,TT,GG,GG,AA,3.44,Susceptible,Low,Standard,Late
L0601,Anantapur,Andhra Pradesh,Kharif,Red Sandy,Rainfed,390,31.0,52,AA,CT,GG,AG,GG,CG,GG,TT,CC,CG,AA,CC,CG,TT,TT,GT,CC,TT,TT,AA,CC,GT,GT,CC,TT,CC,GT,TT,GG,AA,TT,CT,AA,CC,AG,CG,GT,CG,GG,CC,TT,CT,AA,TT,AA,AA,TT,AT,CC,AA,GT,AA,AA,GG,CT,TT,AA,AC,GG,AC,AA,TT,AT,AA,TT,TT,CC,GG,TT,GT,AA,GG,CC,AA,GG,AC,AT,GG,TT,TT,GG,GG,GG,CC,AA,GG,AA,AA,CC,TT,AC,TT,CC,TT,TT,GG,CT,CC,TT,CC,CC,CG,GG,AA,TT,TT,CC,AA,AA,AA,CC,GG,TT,CG,GT,AA,AC,TT,CC,AA,CC,GG,CC,GT,CT,AA,CC,CC,CC,CC,AA,TT,CC,AA,CC,CT,AA,TT,AA,AA,GG,CT,CC,GG,AA,AA,AA,AA,GG,CC,CC,AA,AA,GG,TT,GG,AA,TT,CT,AG,CC,TT,TT,TT,CC,AA,TT,TT,NN,TT,GG,CC,AG,CC,CC,CC,CG,CC,AA,GG,AG,CC,TT,CG,GG,GT,NN,AT,AG,NN,TT,CC,GG,AA,CC,CC,GG,GG,AA,GG,TT,AA,AG,CC,GG,AA,AC,AA,AA,GG,TT,TT,AT,GG,NN,AT,CC,TT,GT,AA,GG,AA,NN,AA,TT,CC,TT,AC,CC,TT,GG,AG,CG,GG,CC,AT,CT,GG,GG,TT,AC,AC,AA,GG,CC,CC,GG,CC,GG,TT,AA,CC,TT,GG,CC,CC,AA,GG,CC,AA,CC,AA,AA,AC,CG,CC,TT,AA,GG,AA,AA,AA,AA,GG,AA,AA,AA,AA,GG,AA,AA,AA,AA,CC,AA,AA,GG,GG,GG,TT,AA,AA,TT,TT,TT,AA,TT,GG,CG,AA,3.39,Susceptible,Low,Poor,Late
L0602,Anantapur,Andhra Pradesh,Kharif,Red Sandy,Rainfed,390,31.0,52,AC,CT,GG,GG,GG,CC,GT,TT,CC,CG,TT,CC,CC,TT,TT,GG,GG,TT,TT,AA,CG,TT,GT,CC,AT,CC,TT,TT,GG,AA,TT,CC,AA,CC,GG,GG,GG,CG,GG,AC,NN,NN,AA,TT,AG,NN,TT,TT,CC,AC,GG,AA,NN,GG,CC,TT,AA,AA,GT,AC,AA,TT,AT,GG,TT,AT,CC,GG,TT,GG,AG,GG,CC,AA,GG,AA,AA,GG,TT,TT,AG,GT,GT,CC,AT,GG,AA,AA,CC,TT,CC,TT,CC,TT,TT,GG,CT,AC,TT,CC,CT,NN,AG,AA,TT,TT,CC,AA,AA,AC,CC,GG,TT,NN,GT,AA,AA,TT,CC,NN,CC,AG,CT,GG,CT,AA,CT,CG,CC,CC,AA,TT,CC,AA,CC,CT,AA,TT,AG,AA,GG,CC,CC,GG,AA,AG,AA,CC,GT,CC,CG,AG,AA,GG,TT,GG,AA,GT,TT,GG,AA,GT,GG,TT,CG,AT,TT,TT,AA,TT,GG,CC,AG,CC,CC,CC,NN,CC,AA,GG,AA,CC,TT,CC,GG,TT,GG,AT,AA,AA,TT,CC,CG,CC,CC,CC,GG,GG,AC,GG,TT,AA,AA,CC,NN,AA,CC,AA,AA,GG,TT,TT,AT,CG,GT,AT,CC,AT,TT,AA,GG,AA,CT,AA,TT,CC,TT,NN,AC,CC,GG,AG,CG,AG,AC,TT,TT,TT,GG,TT,AA,AC,AG,GG,NN,CG,GG,CC,GT,AT,AA,CC,GT,GG,CC,CC,AA,GG,CC,AT,CG,AT,AG,CC,CC,AA,TT,AA,GG,AA,AA,AC,AA,GG,AA,AG,AA,TT,GG,AA,AA,AC,AA,CC,AA,AG,GG,GG,CG,TT,AA,AA,TT,TT,TT,AA,NN,GG,GG,AC,4.09,Resistant,Low,Poor,Medium
L0603,Anantapur,Andhra Pradesh,Kharif,Red Sandy,Rainfed,390,31.0,52,AA,TT,GG,AA,GG,CC,GG,AT,CC,GG,AA,CC,CC,TT,GT,GG,GG,TT,TT,AA,CG,TT,GT,CC,TT,CC,TT,TT,GG,AA,TT,CC,AG,CC,GG,GG,GG,GG,GG,AC,TT,TT,AA,TT,AG,AG,TT,TT,CC,AA,GG,AA,AG,GG,CC,TT,AA,AA,GT,CC,AA,TT,TT,AG,TT,TT,CC,GG,TT,GT,AG,GG,CC,AA,GG,AC,AT,GG,TT,TT,GG,GG,GG,CC,AA,GG,AA,AT,CC,GT,CC,TT,CT,TT,GG,GG,TT,CC,TT,CC,CT,CC,GG,AA,TT,TT,CC,AG,GG,AA,CC,GG,TT,CC,GT,AA,AA,TT,CC,AG,CG,AG,CC,TT,TT,AA,CC,CC,CC,CC,AA,NN,CC,AA,CC,CC,AA,TT,AA,AT,GG,CC,CC,GG,AA,AG,AA,AC,GT,CC,CC,AA,AA,GG,TT,GG,AA,GT,CC,GG,AC,TT,TT,TT,CC,AA,GT,TT,AA,AT,GG,CG,AA,CT,AC,CC,CG,CC,AA,GG,AG,CC,TT,CC,GG,TT,GG,AT,AA,AA,GT,AC,CG,AA,CC,CC,GG,AG,AA,CG,CT,AA,AA,CC,GG,AA,AC,AA,AA,GG,TT,TT,AT,CG,GT,AA,CC,AT,GT,AA,GG,AA,TT,AA,TT,CG,TT,AA,CC,TT,CG,AA,CC,AG,CC,TT,TT,GT,GG,AT,AA,CC,AG,GT,CC,CC,GG,CC,GG,AT,AA,CC,TT,GG,CC,CG,AA,GG,CC,AA,CC,AT,NN,AC,CG,CC,AT,AA,GG,AA,AA,AC,AA,AG,AG,AA,AA,TT,GG,AA,AA,CC,AA,TT,AG,AG,GG,GG,GG,TT,AT,AA,GT,TT,TT,AG,TT,GG,GG,AA,0.4,Moderate,High,Poor,Medium
L0604,Anantapur,Andhra Pradesh,Kharif,Red Sandy,Rainfed,390,31.0,52,AA,TT,GG,AA,GG,CG,GG,TT,CC,CG,AA,CC,CC,TT,TT,GG,CG,TT,AA,AA,CC,TT,TT,CC,TT,CC,GT,AT,GT,AA,TT,CC,AA,AC,GG,CG,GG,GG,GG,CC,TT,CT,AA,TT,AA,AA,TT,TT,CC,AC,GG,AA,AA,GG,CC,TT,AA,AC,GT,AC,AA,TT,TT,AG,TT,TT,CT,GG,TT,GT,AG,GG,CC,AA,GG,AC,TT,GG,TT,TT,GG,GT,GG,CC,AA,GG,AA,AA,CC,GG,CC,TT,CC,AT,GT,GG,TT,CC,TT,CC,CC,CC,AG,AA,TT,NN,CC,AA,NN,AC,CC,GG,TT,CC,TT,AA,AC,TT,GG,AG,CG,GG,CC,GG,TT,AA,CC,CC,CC,CG,AA,TT,AC,AA,CC,CC,AA,TT,AA,AA,GG,CC,CC,GG,AA,AG,AA,CC,GG,CC,CC,AA,AA,GG,TT,GG,CC,TT,CT,GG,CC,GT,TT,TT,CC,AA,GT,TT,AA,AT,GG,CC,AA,CC,CC,AC,CC,CC,AA,GG,AA,CC,TT,CC,GG,TT,GG,AT,AA,AA,GT,AC,GG,AC,CC,CC,GG,GG,CC,GG,TT,AC,AA,CC,GT,AA,AC,AA,AT,GG,TT,TT,AT,GG,GG,AT,CG,TT,GT,AA,GG,AA,CT,AA,TT,CC,TT,AC,AC,TT,GG,AA,CC,AG,CC,AT,NN,GG,GG,TT,AA,CC,AG,GG,CC,CC,GG,CC,GG,TT,AA,CC,GT,GG,CC,CC,TT,GG,CG,AA,CC,AT,AA,CC,CG,AC,TT,AA,GG,AT,AC,AA,AA,AG,AG,AA,AG,AT,GG,AA,AA,AC,AA,TT,AA,AA,GG,GG,GG,TT,AA,AA,GT,TT,TT,AG,TT,GG,GG,AA,1.45,Susceptible,Medium,Poor,Medium
L0605,Anantapur,Andhra Pradesh,Kharif,Red Sandy,Rainfed,390,31.0,52,AC,TT,GG,AA,CG,CC,GG,TT,CG,CG,AA,CC,CG,AA,TT,GG,GG,TT,TT,AA,CC,GG,GT,CC,TT,CC,TT,AT,GG,AA,TT,CC,AA,CC,GG,GG,GG,CC,GG,CC,TT,NN,AA,GT,AA,GG,CT,TT,CC,AC,GG,AA,AA,GG,CC,TT,AA,AC,GG,AA,AG,TT,AT,AA,TT,AT,CC,GG,TT,GT,AA,GG,CC,AA,GG,CC,AT,GG,TT,TT,GG,NN,GG,CC,AA,GG,AA,AT,CG,TT,CC,TT,NN,TT,GT,GG,CT,CC,GT,CC,CC,CG,AG,GG,TT,TT,CC,AA,AG,AC,CC,GG,TT,CC,TT,AA,AA,TT,CC,GG,CC,GG,CC,GT,TT,AA,CC,CC,NN,CC,AA,TT,CC,AA,CC,CC,AA,AT,AA,AA,GG,CT,CC,GG,AA,AG,AA,CC,GG,CC,CC,AA,NN,GG,TT,GG,AA,TT,CT,GG,AA,GT,TT,TT,CC,AA,GT,TT,AA,TT,GG,CC,AA,CT,CC,CC,CG,CC,AA,GG,AA,CC,TT,CC,GG,GG,GG,AT,AA,AG,TT,CC,CG,AA,CC,CC,GG,GG,AA,GG,TT,AA,AA,CC,GG,AA,CC,AA,AT,GT,TT,TT,TT,GG,TT,AT,CC,TT,TT,AA,AG,AA,TT,AA,TT,CG,TT,AA,CC,TT,GG,AA,CC,AA,CC,TT,CT,TT,GG,AT,AC,CC,AA,GT,CC,GG,GG,CC,GG,AT,AA,CC,TT,GG,CC,CG,AA,GG,CC,TT,CC,AA,AA,AC,CC,CC,TT,AA,GG,AA,AC,AC,AA,AA,AA,AG,AA,TT,CG,AC,AG,AC,AA,CT,AA,AG,GG,AG,GG,TT,AT,AA,GT,TT,TT,AA,TT,GG,CG,AA,3.53,Moderate,High,Poor,Late
L0606,Anantapur,Andhra Pradesh,Kharif,Red Sandy,Rainfed,390,31.0,52,CC,CT,GG,AG,GG,CC,GT,AT,CC,CG,AA,CC,GG,TT,TT,GG,CG,NN,TT,AA,CG,TT,GT,CC,TT,CC,TT,TT,GT,AA,TT,CT,AA,CC,GG,CG,GG,CG,GG,CC,TT,TT,AA,TT,AA,GG,TT,TT,NN,CC,GT,AA,AG,GG,CT,TT,AA,AA,GG,AC,AA,TT,AT,AA,TT,TT,CC,GG,TT,GG,AA,GG,CC,AA,AG,AA,AA,GG,TT,TT,GG,TT,GG,CC,AA,GG,AA,AA,CG,TT,CC,TT,CT,TT,TT,AA,TT,CC,TT,CC,CT,CG,AG,AA,TT,TT,CC,AA,AG,AA,CC,GG,TT,CC,TT,AA,AA,TT,CC,AA,CC,GG,CC,GT,TT,AG,CC,CC,CC,CC,AG,TT,AC,AA,CC,CC,AG,AT,AA,AT,CG,CC,CC,NN,AA,GG,AA,AC,NN,CC,CC,AA,GG,GG,TT,GG,AC,TT,TT,AG,AC,TT,TT,TT,CC,AT,GT,TT,AA,AT,GG,CC,NN,CC,CC,CC,CG,CC,AA,GG,AG,CC,TT,CC,GT,TT,CG,AT,AA,AA,TT,AC,GG,AA,AC,CG,GG,GG,NN,GG,TT,AA,AA,CC,GG,AA,CC,AA,AA,GT,TT,NN,AA,CG,GT,AT,CC,AT,TT,AA,GG,AA,CT,AA,TT,CC,NN,AA,CC,CT,GG,GG,CC,AA,CC,TT,CT,GT,GG,TT,AA,AA,AG,GG,CC,CC,GG,CC,GG,AA,AG,CC,GT,GG,CC,CC,AA,AG,CC,AA,CG,AA,AA,AC,CC,CC,TT,AA,GG,AA,AA,AC,AA,AA,AA,AG,AA,TT,GG,AA,AA,AC,AA,TT,AA,AA,CG,GG,CG,GT,AA,AA,TT,TT,TT,AG,TT,GG,GG,AA,1.48,Moderate,Low,Standard,Medium
L0607,Anantapur,Andhra Pradesh,Kharif,Red Sandy,Rainfed,390,31.0,52,AC,TT,GG,AG,GG,CC,GG,TT,CC,GG,AA,CT,CG,TT,TT,GG,GG,TT,TT,AA,CC,GG,TT,CC,TT,CC,TT,TT,GG,AA,TT,CC,AG,CC,GG,GG,GG,CG,GG,CC,GT,CT,AA,TT,AA,AG,CT,TT,CC,AC,GG,AA,AG,CG,CT,TT,AT,AC,GG,AA,AA,TT,TT,GG,TT,TT,CC,GG,CT,GG,AA,GG,CC,AA,AG,AA,AT,AG,GT,TT,GG,GG,GG,CC,AA,AG,AA,AA,CG,GT,CC,TT,CC,TT,GT,GG,TT,CC,TT,CC,CC,NN,AG,AA,TT,TT,CC,AA,AA,AA,CC,GG,GT,CC,GT,AA,AA,TT,CC,GG,CC,AG,CC,GT,CT,AA,CT,CC,NN,CC,AA,GT,CC,AC,CC,CC,AA,NN,AA,AA,GG,CC,CC,GG,AA,GG,AA,CC,GT,CC,NN,AA,NN,GG,GT,GG,AC,TT,CT,GG,NN,TT,TT,TT,CG,AT,GT,CC,AA,TT,GG,CC,AA,CT,CC,CC,CG,CC,AA,GG,GG,CC,TT,CC,GT,GT,CG,NN,AA,AA,TT,CC,CG,AC,CC,CG,GG,GG,AC,CG,TT,AC,AA,CC,GG,AA,CC,AA,AT,GT,GT,AA,AA,CG,GT,AT,CG,AT,TT,AA,GG,AA,CT,AA,TT,CC,TT,AA,CC,CT,GG,AG,CC,AG,AC,TT,TT,TT,GG,TT,AA,AC,AA,GG,CC,CG,GG,NN,GG,TT,AA,CC,TT,GG,CC,CC,AA,GG,CC,AA,CC,AA,AA,CC,CG,AC,TT,AA,GG,AA,AA,AA,AA,GG,AA,AA,AA,TT,GG,AA,AG,CC,AA,CT,AA,AG,GG,GG,GG,GT,AA,AA,GT,TT,TT,AG,TT,GG,CG,AA,3.25,Resistant,High,Standard,Early
L0608,Anantapur,Andhra Pradesh,Kharif,Red Sandy,Rainfed,390,31.0,52,AC,TT,AA,AG,GG,CG,GG,TT,CC,GG,AT,CT,CG,AT,TT,GG,GG,TT,TT,AA,CC,TT,TT,CC,TT,CC,TT,TT,GG,AA,TT,CT,AG,CC,GG,CG,GG,CG,GG,CC,TT,CT,AC,TT,AA,AG,TT,AT,CC,AC,GG,NN,AA,GG,CC,TT,AA,AC,GG,AC,AA,TT,TT,AA,TT,AT,CC,GG,TT,GG,AA,GG,CC,AA,GG,AC,AT,GG,TT,TT,GG,GG,GT,CC,AA,GG,AA,AA,CC,TT,CC,TT,CT,TT,TT,GG,CT,CC,TT,CC,CT,GG,AG,AA,TT,GT,CC,AA,AA,AA,CC,GG,TT,CG,TT,AC,AA,TT,CC,GG,CC,GG,CC,GT,CT,AA,TT,CC,CC,CC,AG,TT,CC,AA,CC,CC,AA,TT,GG,AT,NN,CT,CC,GG,AG,AG,AA,CC,NN,CC,CC,AA,AA,AG,TT,GG,AC,TT,CT,GG,AC,TT,TT,TT,CG,AT,TT,CT,AT,AT,GG,CC,AA,NN,CC,CC,GG,CC,AA,GG,AG,CC,TT,CC,GG,TT,GG,AT,AA,AG,TT,CC,GG,AA,AC,CC,GG,NN,AA,GG,TT,AC,AA,CG,GG,AA,CC,AA,AA,GG,TT,AT,AA,GG,GT,AA,CC,AT,TT,AA,GG,AA,TT,AA,TT,CC,CT,NN,CC,TT,GG,AA,CC,GG,AC,TT,CT,TT,GG,AT,AA,CC,AA,GG,CC,CG,GG,CG,GG,AT,AA,CC,TT,GG,NN,CC,AA,GG,CC,TT,CC,AA,AG,AC,CC,AC,TT,AA,GG,AA,NN,AC,AA,AG,AG,AG,AA,TT,GG,AA,AA,CC,AA,CT,AG,AA,GG,GG,CG,TT,AA,AA,TT,TT,TT,AG,TT,GG,GG,AC,4.23,Resistant,High,Poor,Late
L0609,Anantapur,Andhra Pradesh,Kharif,Red Sandy,Rainfed,390,31.0,52,AC,CC,GG,AA,GG,CC,GG,TT,CC,CG,AA,CT,CC,TT,TT,GG,GG,TT,AT,AG,CC,TT,TT,CC,TT,CC,TT,TT,GG,AA,NN,TT,AA,CC,GG,GG,GG,CC,GG,CC,TT,CT,AC,NN,AA,GG,TT,AT,CC,AA,GG,AT,AA,GG,CC,TT,AT,AA,TT,AA,AA,TT,TT,AG,TT,TT,CC,GG,TT,GG,NN,GT,CC,AA,AG,AA,AT,GG,GT,CT,GG,GT,GG,CC,AA,GG,NN,AA,CC,TT,NN,TT,CT,TT,TT,GG,CT,CC,TT,CT,CC,CC,AG,AA,TT,GT,CC,AA,AG,AA,CT,GG,GT,CG,TT,AA,AA,AT,CC,AG,CG,GG,CC,GT,CC,AG,CC,CC,CC,CC,AA,TT,CC,AA,CC,CC,NN,AT,AA,AA,GG,CT,CG,GG,AA,AG,AA,CC,GT,CC,CC,AA,AG,GG,GT,AG,AC,TT,TT,GG,AC,TT,TT,NN,CC,AA,TT,TT,AA,AT,GG,CC,AG,CT,AC,CC,GG,AC,AA,GG,AG,CC,TT,CC,TT,NN,NN,AA,AA,AG,TT,CC,GG,AA,AA,CC,GG,GG,AC,GG,TT,AC,AG,CG,GG,AA,CC,AA,AA,GG,TT,TT,AA,GG,GT,AA,CG,AT,GG,AA,GG,AA,TT,AA,TT,CC,TT,AC,AC,TT,GG,AG,CG,AG,AA,TT,CT,GG,GG,TT,AA,CC,AA,GG,CC,GG,GG,CC,GG,AT,AA,CC,TT,GG,CC,CC,AA,GG,CC,AT,NN,AA,AA,CC,CC,AC,TT,AA,GG,AA,CC,AC,AA,GG,AG,AA,AA,TT,GG,AA,AG,CC,AC,TT,AA,NN,CG,GG,GG,GT,AT,AA,GT,TT,TT,AA,TT,NN,GG,AA,5.93,Resistant,Low,Standard,Early
L0610,Anantapur,Andhra Pradesh,Kharif,Red Sandy,Rainfed,390,31.0,52,AC,TT,GG,AA,GG,CC,GT,TT,CC,CG,AA,CC,GG,TT,GT,GT,CG,AT,TT,AA,CC,TT,TT,CC,TT,CC,TT,TT,GG,AC,TT,CC,AA,CC,GG,GG,GG,CC,GG,CC,TT,CT,AA,GT,AA,AG,CT,TT,CC,AC,GG,AT,AG,GG,CT,GT,AA,AC,GG,AC,AA,TT,TT,AA,CC,AT,CC,GG,TT,GT,GG,GG,CC,AA,GG,AC,AT,AG,TT,TT,GG,GT,GG,CC,AA,GG,AA,AA,CC,TT,CC,TT,CC,AT,TT,GG,CT,CC,TT,CC,CT,NN,GG,AA,AT,TT,CC,AA,GG,NN,CC,GG,TT,CC,TT,CC,AA,TT,CC,GG,CG,GG,CC,GT,TT,AG,CC,CC,CC,CG,AA,TT,CC,AA,CC,CC,AG,TT,AA,AT,GG,CC,CC,GG,AA,AG,AT,CC,TT,CC,CC,AA,AA,NN,GT,GG,AA,TT,CT,AG,CC,TT,TT,CT,CG,AT,TT,CT,AA,TT,GG,CC,AG,CT,CC,CC,GG,CC,AA,GG,AG,CC,TT,CC,TT,GG,CC,AT,AA,AG,TT,CC,GG,AA,CC,CC,GG,GG,AC,CG,NN,AA,AA,CC,GG,AT,AC,AA,AA,GG,TT,TT,AA,GG,GT,AA,CG,TT,TT,AA,GG,AA,CC,AA,TT,CC,TT,AC,CC,TT,CG,AA,CG,AA,CC,TT,CT,TT,GG,TT,AC,AC,AA,GG,CG,CG,GG,CC,GG,AT,AA,CC,TT,GG,NN,CC,AA,GG,CG,AT,CC,AA,AA,AC,CC,CC,TT,AA,CG,AA,AC,AC,AC,AG,AG,AA,AA,TT,GG,AC,AA,AC,AA,CT,AG,AA,GG,GG,GG,TT,AA,AA,GT,TT,TT,AG,TT,GG,CG,AA,4.28,Resistant,High,Premium,Late
L0611,Anantapur,Andhra Pradesh,Kharif,Red Sandy,Rainfed,390,31.0,52,AA,TT,GG,AG,GG,CC,GG,TT,CC,CG,AA,CC,CC,AT,GT,GT,CG,TT,TT,AA,CC,GT,TT,CT,TT,CC,TT,AT,GG,AA,TT,CC,AA,CC,GG,GG,GG,CC,GG,CC,TT,TT,AC,GT,AA,GG,CT,AT,CC,AA,GG,AA,AA,GG,CC,TT,AT,AC,GG,AA,AA,TT,AA,AA,TT,TT,CT,GG,TT,TT,AG,GG,AC,AA,GG,AC,AT,GG,TT,TT,GG,GG,GG,CC,AA,GG,AA,AA,CG,GT,CC,TT,CT,TT,GT,GG,TT,AC,GT,CT,CC,CC,AG,AA,TT,TT,CG,AA,GG,AC,CC,GG,TT,CC,TT,AA,AA,TT,CC,AG,CC,GG,CC,GG,CT,AA,CC,CC,AC,CG,AA,TT,CC,AA,CC,CC,AA,AT,AG,AT,GG,CT,CC,GG,AA,GG,AT,CC,GT,CC,CC,AA,AA,GG,GT,GG,CC,GT,TT,GG,CC,GG,TT,TT,CC,AA,GG,TT,AT,AA,GG,CC,AG,CT,CC,CC,CG,CC,AA,GG,AA,CC,TT,CC,GG,GT,GG,AT,AA,AA,TT,CC,GG,AA,CC,CC,GG,GG,AC,GG,TT,AA,AA,CG,TT,AT,AC,AA,AT,GT,GT,TT,AA,CG,TT,AT,CC,TT,GT,AA,GG,AA,TT,AA,TT,CC,TT,AA,CC,TT,CC,AG,NN,AG,CC,AT,TT,TT,CG,TT,AA,CC,NN,GG,CC,CC,GG,CC,GG,AT,AA,CC,GT,GG,CC,CC,AA,GG,CC,AT,CG,AA,AA,CC,CG,AA,TT,AA,GG,AA,AC,AA,AA,GG,GG,AA,AA,AT,GG,AC,AA,CC,AA,CT,AA,AA,GG,GG,GG,GT,AA,AA,GT,TT,TT,AG,AT,GG,GG,AA,3.62,Moderate,Low,Premium,Early
L0612,Anantapur,Andhra Pradesh,Kharif,Red Sandy,Rainfed,390,31.0,52,AC,TT,GG,GG,GG,CC,GT,AT,CC,CC,AA,CT,CC,TT,TT,GG,NN,TT,TT,AG,CC,TT,TT,CT,TT,CC,GT,TT,GT,AA,CT,CC,AA,CC,GG,CG,GG,CC,GG,CC,TT,TT,AA,GT,AA,AG,TT,TT,CC,CC,GG,AA,AA,GG,CT,TT,AA,AC,GT,AA,AG,TT,AT,AA,TT,AT,CC,GG,CT,GG,AG,GG,CC,AA,AG,AA,AA,GG,GT,TT,GG,GG,GG,CC,AA,GG,AA,AA,CC,TT,AC,TT,CC,TT,TT,GG,CT,CC,TT,CC,CT,GG,AA,AA,TT,TT,CC,AA,AA,AA,TT,GG,TT,CG,TT,AC,AC,AT,CC,GG,CC,GG,CC,GG,TT,GG,CC,CC,CC,CC,AG,GG,CC,AA,CC,CC,AA,TT,AA,AA,GG,CC,CC,GG,AA,AA,AA,CC,GG,CC,CC,AA,AA,NN,GT,AG,AA,GT,CC,AG,AC,TT,GT,TT,CG,AA,NN,TT,NN,AT,GG,CC,AG,CC,CC,CC,CC,CC,AA,AG,AG,CC,TT,CC,GG,GG,CG,AT,AA,AA,TT,AC,GG,AC,CC,CC,CG,GG,AA,GG,TT,AA,AA,CC,GT,AA,AC,AA,AA,GT,TT,AT,AT,GG,TT,AT,CC,TT,TT,AA,GG,AG,TT,AA,TT,CC,TT,AC,CC,TT,CG,AG,CC,AG,CC,TT,TT,GT,GG,TT,AC,AC,AA,GG,CC,CC,GG,CC,GG,TT,AA,CC,TT,AG,CC,CC,AA,GG,CC,AA,CC,AA,AA,AC,CC,AC,AT,AA,CG,AA,AA,AA,AA,AA,AG,AA,AA,AT,GG,AC,AA,AC,AA,TT,AG,AG,GG,GG,CG,TT,AA,AA,GT,AT,TT,AG,TT,GG,CG,AA,1.07,Moderate,Medium,Poor,Medium
L0613,Anantapur,Andhra Pradesh,Kharif,Red Sandy,Rainfed,390,31.0,52,AC,TT,GG,AA,CG,CC,GT,AT,CC,GG,AA,CC,GG,AT,TT,GT,GG,TT,TT,AA,CG,TT,GG,CC,TT,CC,TT,TT,NN,AA,TT,CC,AA,CC,AG,CG,GG,CC,GG,CC,TT,CT,AA,TT,AG,AG,TT,TT,CC,AC,GG,AA,AG,GG,CC,TT,AA,NN,GG,AC,AG,TT,AT,AG,TT,AT,CC,GG,TT,GG,AG,GT,CC,AA,GG,CC,AA,GG,TT,TT,GG,GG,TT,CC,AA,GG,AA,AA,CC,GT,AC,TT,CC,TT,TT,GG,TT,CC,GT,CC,NN,NN,AG,AA,TT,TT,CC,AA,AG,AA,TT,GT,TT,CC,TT,AA,AA,TT,CG,GG,CG,GG,CC,GG,CT,AG,CT,CC,AC,CC,AA,TT,CC,AA,CC,TT,AA,TT,AA,AA,GG,CT,CC,GG,AA,GG,AA,CC,GT,CC,CC,AA,AA,GG,TT,GG,AA,TT,CC,GG,AC,GT,TT,TT,CC,AA,GT,TT,AT,TT,GG,CC,AG,CT,AC,CC,CG,CC,AA,GG,AG,CC,TT,CG,GG,GG,GG,AT,AA,AA,TT,CC,CG,AC,CC,CC,GG,GG,AC,GG,TT,AA,AG,CC,GG,AA,AC,AA,AA,GT,TT,AT,AA,GG,TT,AA,CC,AT,TT,AA,GG,AA,TT,AA,TT,CC,TT,AA,CC,TT,GG,AA,CG,AG,CC,TT,CT,TT,GG,TT,AA,AC,AA,GG,CC,CC,GG,CC,GG,AT,AA,CG,GT,GG,CC,CC,AA,GG,CC,AA,CC,AA,AA,CC,CG,AC,AT,AA,GG,AA,AA,AA,AA,GG,AG,AA,AA,TT,GG,AC,AG,CC,AA,CT,AG,AA,GG,GG,GG,TT,AT,AA,TT,TT,TT,AA,AA,GG,GG,AA,0.75,Susceptible,Medium,Poor,Early
L0614,Anantapur,Andhra Pradesh,Kharif,Red Sandy,Rainfed,390,31.0,52,AC,NN,AG,AA,GG,CC,GG,TT,CC,CC,AA,CC,CC,NN,GT,GT,GG,TT,TT,AG,CG,GG,NN,CT,TT,CC,TT,TT,GG,AA,CT,TT,AA,CC,GG,GG,GG,CC,GG,CC,TT,TT,AA,TT,AG,GG,TT,TT,CC,AC,GT,AT,AG,GG,TT,TT,AA,AA,GT,AA,AG,TT,AA,AG,TT,AT,CC,NN,TT,GG,AA,GG,CC,AA,GG,AA,AT,GG,TT,TT,GG,GG,GT,CC,AA,GG,AA,AA,CC,GT,CC,TT,CT,TT,GG,GG,TT,CC,GT,CC,CC,CG,GG,AA,TT,GT,CG,AA,AA,AC,CC,GG,TT,CG,GT,AA,AA,TT,CC,GG,CC,GG,CC,GG,TT,AA,CC,CC,CC,CG,AA,TT,CC,AA,CC,CC,NN,TT,AA,AA,GG,CT,CG,GG,AA,AG,AA,CC,GG,CC,CC,AA,AG,AG,GT,GG,AC,TT,TT,GG,CC,TT,TT,TT,CC,AT,GT,TT,AA,TT,GG,CC,AG,CC,CC,CC,GG,CC,AA,GG,AA,CC,TT,CG,GG,TT,GG,NN,AA,AA,TT,AC,CG,AC,NN,CC,CG,GG,AA,GG,TT,CC,AA,CC,GG,AA,AC,TT,AT,GT,TT,AT,AA,CG,GT,AT,CC,TT,GG,AA,GG,NN,CT,AA,TT,CC,TT,AA,CC,CT,CG,AA,CC,GG,CC,TT,CT,GT,CG,TT,AC,AC,AA,GG,CC,CG,GG,CC,GG,TT,AA,CC,TT,GG,CC,CG,AT,GG,CC,AA,CC,AA,AA,AC,CC,CC,TT,AA,GG,AA,NN,AC,AA,AG,GG,AA,AA,TT,GG,AA,AA,CC,AA,CT,AG,NN,GG,AG,GG,TT,AT,AA,TT,TT,TT,AA,TT,GG,GG,AA,1.17,Susceptible,Low,Poor,Early
L0615,Anantapur,Andhra Pradesh,Kharif,Red Sandy,Rainfed,390,31.0,52,CC,TT,GG,AA,GG,CC,TT,TT,CC,CC,AA,CC,CC,TT,GT,GT,GG,TT,TT,AA,CC,TT,GT,CT,TT,CC,GT,TT,GG,AA,TT,TT,AA,CC,GG,GG,GG,CC,GG,CC,TT,TT,AC,GT,AA,AG,TT,TT,CC,CC,GG,AA,AA,GG,CC,GT,AA,AA,GG,AA,AA,TT,TT,AG,CT,AT,CC,GG,TT,GG,AA,GG,CC,AA,GG,AA,AA,NN,TT,TT,GG,GT,GG,CC,AT,GG,AA,AA,CC,GG,AC,TT,CT,AT,TT,GG,TT,CC,TT,CC,CC,GG,AG,AA,AA,TT,GG,AA,AG,AA,CC,GG,TT,CC,TT,CC,AC,TT,CC,AG,CC,GG,CC,NN,TT,AA,CC,CC,CC,CC,AA,TT,CC,AA,CC,CC,AA,AT,AA,AA,GG,CT,CC,GG,AA,GG,AA,AC,GG,CC,CC,AA,AA,GG,TT,GG,AC,TT,TT,GG,CC,GT,GT,CT,CG,AA,TT,TT,AA,TT,GG,CC,AG,TT,CC,CC,CG,CC,AA,GG,AG,CC,TT,CC,GG,TT,GG,AT,AA,AA,TT,CC,GG,AA,AC,CC,GG,GG,AC,GG,TT,AA,AA,CC,GT,AA,AC,AA,AA,GG,TT,TT,AT,GG,GG,AA,CC,AT,GT,AA,GG,AA,TT,AA,TT,CC,CT,AA,NN,TT,CG,AA,CC,AG,CC,TT,TT,GT,GG,TT,AA,AC,AG,GG,CC,CG,GG,CC,GG,AT,AA,CC,TT,GG,CC,CC,AA,GG,CC,AA,CC,AA,AA,CC,CG,AA,TT,AA,GG,AA,AA,AA,AA,AG,AA,AA,AA,AT,GG,AA,AG,AC,AC,TT,AA,AA,CG,GG,CG,TT,AA,AA,GT,TT,TT,AG,AA,GG,GG,AA,0.78,Moderate,High,Standard,Late
L0616,Anantapur,Andhra Pradesh,Kharif,Red Sandy,Rainfed,390,31.0,52,CC,CT,GG,AG,GG,CC,GT,TT,CC,CG,AT,CC,CC,TT,TT,GG,GG,TT,TT,AG,CC,TT,GT,CT,TT,CC,TT,TT,GG,AA,TT,CC,AA,CC,GG,GG,GG,CG,GG,CC,TT,TT,AA,TT,AG,AG,CT,TT,CG,AC,GG,AA,AG,GG,CC,TT,AA,AC,TT,AC,AA,GT,AT,AA,TT,TT,CC,GG,TT,GG,AA,GG,AC,AA,AG,AA,AT,GG,TT,CT,GG,GT,GG,CC,AA,GG,AA,AA,CC,TT,AC,TT,CC,TT,TT,GG,TT,CC,GG,CC,CC,CG,AA,AA,AT,TT,CC,AA,AG,AC,CT,GG,GT,CG,TT,AA,AA,TT,CC,AA,CC,GG,CT,GG,TT,AA,CC,CC,CC,CC,AA,TT,CC,AA,CC,CC,AA,TT,AG,AT,GG,CC,CC,GG,AA,AA,AA,AC,GT,CC,CC,AA,AG,AA,TT,GG,AA,GT,TT,GG,CC,GT,GG,TT,CG,AT,GT,TT,AA,TT,CG,CC,AA,CC,CC,CC,GG,NN,AA,GG,GG,CC,TT,CC,GG,TT,GG,TT,AA,AA,TT,CC,CG,AA,CC,CC,GG,GG,CC,GG,TT,AC,AA,CC,GG,AT,CC,AA,AA,GG,GT,TT,AA,CG,GG,AA,CC,TT,TT,AA,GG,AA,TT,AA,TT,CC,CT,AA,CC,TT,GG,AA,CG,GG,AA,TT,CC,GG,GG,TT,AA,AC,AA,GG,CG,CC,GG,CC,GG,AA,AA,CC,GG,GG,CC,CC,AA,GG,CC,AA,CC,AT,AA,CC,CC,CC,AA,AA,GG,AA,AC,AA,AA,AG,AG,AA,AA,TT,GG,AA,AA,AA,AA,TT,AA,AG,GG,GG,GG,GT,AA,AA,TT,TT,TT,GG,TT,CG,CG,AC,3.45,Resistant,Low,Premium,Early
L0617,Anantapur,Andhra Pradesh,Kharif,Red Sandy,Rainfed,390,31.0,52,AA,CT,AG,AA,CG,CC,GG,TT,CC,CG,AA,CT,CC,AT,GT,GG,GG,TT,TT,AG,CG,GT,GG,CC,TT,CC,TT,TT,GG,AA,CT,CT,AA,CC,GG,GG,GG,CC,GG,CC,TT,CT,AC,GT,AG,GG,TT,AT,CC,CC,GG,AA,AA,GG,CT,TT,AA,AA,TT,AA,AA,TT,NN,AG,TT,TT,CC,GG,TT,TT,GG,GG,CC,AA,GG,AC,NN,GG,TT,TT,GG,GG,GT,CC,AA,GG,AA,AA,CC,NN,CC,TT,CC,TT,TT,GG,TT,CC,TT,CT,CC,CC,AG,AA,TT,GT,CG,AA,AA,AA,CT,GG,TT,CC,TT,AC,AA,TT,CC,AG,CC,GG,CC,GG,TT,AA,CC,CC,NN,CC,AA,NN,CC,AA,CC,CC,AA,AT,AA,AA,GG,CC,CC,GG,NN,AG,AT,CC,GT,CC,CC,AA,AG,AG,TT,GG,AC,GT,NN,GG,CC,GT,TT,TT,CC,AA,GT,TT,AA,TT,GG,CC,AG,TT,CC,CC,CC,CC,AA,GG,AG,CC,NN,CC,GT,GT,CG,AT,AA,AG,TT,CC,GG,AC,CC,CC,GG,GG,CC,GG,TT,AC,AA,CC,GG,AT,AC,AA,AA,GG,TT,AT,AT,GG,GT,AT,CC,TT,GT,AA,GG,AA,CT,AA,TT,CC,CT,AA,CC,TT,CG,AA,CC,AG,CC,TT,TT,TT,GG,TT,AC,CC,AA,GT,CC,CG,GG,CC,GG,AT,AA,CC,TT,GG,CG,CC,AT,GG,CC,AT,CC,AT,AA,CC,CG,AC,TT,AA,GG,AA,AA,AA,AA,AG,AG,GG,AA,TT,GG,AA,AA,AC,AC,CC,AG,AA,GG,GG,GG,TT,AA,AG,TT,TT,TT,AA,TT,GG,GG,AA,4.01,Susceptible,High,Standard,Early
L0618,Anantapur,Andhra Pradesh,Kharif,Red Sandy,Rainfed,390,31.0,52,AA,NN,GG,AA,CG,CC,GG,TT,CC,CG,AA,CC,NN,TT,GT,GG,CG,TT,TT,AG,CC,TT,TT,CC,TT,CC,TT,TT,GG,AA,TT,CT,AA,CC,AG,CG,GG,CG,GG,CC,TT,CT,AA,TT,AA,GG,TT,AT,CC,CC,GG,AA,AA,GG,CC,GT,AA,AA,GT,AA,AA,TT,TT,AG,TT,TT,CC,GG,TT,GG,AG,GG,CC,AA,GG,AC,AT,AG,TT,TT,GG,GT,GT,CC,AA,GG,AA,AA,CC,GG,CC,TT,CT,AA,TT,GG,CC,CC,GT,CC,CT,CG,AG,AA,TT,TT,CC,AA,GG,AA,CC,GG,TT,CG,TT,AA,AC,TT,CG,GG,CC,GG,TT,GG,CT,AA,CC,CC,CC,CC,AA,TT,CC,AA,CC,CT,AA,AT,AA,AA,CG,CC,CC,GG,AA,AA,AA,CC,GG,CC,CG,AA,AA,GG,TT,GG,AA,TT,CC,AG,CC,TT,TT,TT,CG,AT,TT,TT,AA,TT,GG,CC,AA,CC,AC,AC,CC,AC,AA,GG,AG,CC,TT,CG,GG,GT,GG,AT,AA,AA,TT,AC,CG,AC,CC,CC,GG,AG,AA,GG,TT,AA,AA,CC,GG,AT,AC,AA,AA,GG,GT,AT,AA,GG,GT,TT,CC,TT,TT,NN,GG,AA,TT,AA,TT,CC,TT,AA,AC,TT,GG,AA,CG,GG,CC,AT,CC,TT,GG,TT,AA,AA,AA,GG,CC,CC,GG,CC,GG,AA,AG,CC,GT,GG,CG,CG,AA,AG,CC,AT,CC,AT,AA,CC,CC,CC,TT,AA,GG,AA,AA,AC,AA,AG,AA,GG,AA,TT,GG,AC,AG,CC,AC,CT,AA,AA,GG,GG,GG,GT,AA,AG,TT,TT,TT,AA,AT,CG,GG,AA,6.52,Moderate,Low,Premium,Early
L0619,Anantapur,Andhra Pradesh,Kharif,Red Sandy,Rainfed,390,31.0,52,AA,TT,AG,AG,GG,CC,GG,TT,CG,CC,AA,CT,CC,AT,GT,GT,GG,TT,TT,AA,CC,TT,GT,CC,TT,CT,GT,TT,GG,AA,TT,CC,AA,CC,GG,CG,GG,CC,GG,AC,TT,CT,AC,TT,AA,AG,TT,TT,CC,AC,GG,AA,AA,GG,CC,TT,AA,AA,GG,AC,NN,TT,AA,AG,CT,AT,CC,GG,TT,GG,AA,GG,CC,AA,AG,AC,AA,GG,TT,TT,GG,GT,GG,CC,AT,GG,AG,AT,CC,NN,CC,GT,CC,TT,TT,GG,TT,CC,TT,CC,CC,CC,AG,AG,TT,TT,CC,AG,AA,AA,CT,GG,TT,CG,TT,AA,AA,AT,CC,GG,CG,GG,CC,GT,TT,AA,CC,CC,CC,CC,AA,TT,CC,AA,CC,CC,AA,TT,AG,AA,GG,CT,CC,GG,AA,AG,AA,NN,GG,CC,CC,AG,AA,GG,TT,GG,AA,TT,TT,GG,AC,TT,GT,TT,CC,AA,GT,TT,AA,TT,GG,CC,AA,CC,CC,CC,CG,CC,AA,GG,AA,CC,TT,CG,GG,GT,CG,AT,AA,AA,TT,CC,GG,AA,AC,CC,GG,GG,AC,GG,TT,AC,AG,CC,GG,AT,CC,AA,AT,GT,GT,TT,AA,GG,TT,AT,CG,AA,GG,AA,GG,AA,CT,AA,TT,CC,TT,AA,CC,CT,GG,AA,CC,AA,CC,TT,CT,GT,GG,TT,AA,CC,AA,GG,CC,GG,GG,CC,GG,TT,NN,CC,TT,GG,CC,CC,AA,GG,CC,AA,CG,AT,AA,AC,CC,AC,TT,AA,GG,AA,AA,AC,AA,AA,GG,AG,AA,TT,GG,AA,AA,AC,NN,TT,AA,AA,GG,AG,GG,TT,AT,AA,TT,TT,TT,AA,TT,GG,CG,AA,0.4,Moderate,Low,Poor,Early
L0620,Anantapur,Andhra Pradesh,Kharif,Red Sandy,Rainfed,390,31.0,52,AA,TT,GG,AA,GG,CC,GG,TT,CC,CC,AA,CC,GG,TT,TT,NN,GG,TT,TT,AG,CC,GT,GT,CC,TT,CT,GT,AT,GG,AA,TT,CT,AA,CC,GG,GG,GG,CC,GG,CC,TT,CC,AA,GG,AA,GG,CT,TT,CC,AA,GG,AA,AA,CG,CC,GT,AA,AC,GT,AC,GG,GT,AT,AA,TT,AT,CC,GG,TT,GT,AA,GT,AC,AA,GG,AA,AT,GG,GT,TT,GG,GG,GT,CC,AA,GG,AA,AT,CC,GG,CC,TT,CT,TT,TT,GG,CT,AC,GT,CC,CT,CG,GG,AA,TT,TT,CC,AG,GG,AA,CT,GG,TT,CC,TT,AC,AC,TT,CC,AG,CC,GG,CC,TT,CT,AA,CC,CC,CC,CC,AA,TT,CC,AA,CC,CT,AA,TT,AA,AA,GG,CT,CC,GG,AG,AA,AA,CC,GT,CC,CG,AA,AG,GG,GT,GG,AA,TT,CC,GG,AC,GT,GG,TT,CC,AT,TT,TT,AA,TT,GG,CG,AG,CC,CC,CC,GG,CC,AT,AG,AG,CC,TT,CC,GT,TT,GG,TT,AA,AA,TT,CC,GG,AA,AC,CC,GG,AG,AC,GG,TT,AA,AA,CC,GG,AA,AC,AT,TT,GT,TT,AT,AT,GG,TT,AA,CC,AT,GT,AA,GG,AA,CT,AA,TT,CC,TT,CC,CC,TT,CG,AA,CC,AA,CC,TT,TT,GT,GG,AT,AA,AC,AG,GG,CC,CC,GG,CC,GG,TT,AA,CC,GT,GG,CC,CC,AA,AA,NN,AA,CC,AA,AA,CC,CC,CC,TT,AA,GG,AA,AA,AA,AA,AG,AG,AA,AA,AT,GG,NN,AG,CC,AA,CT,AA,AA,GG,GG,GG,TT,AA,AA,TT,TT,NN,AG,AT,GG,GG,NN,3.88,Susceptible,Low,Premium,Late
L0621,Anantapur,Andhra Pradesh,Kharif,Red Sandy,Rainfed,390,31.0,52,AA,TT,GG,AG,GG,CC,GG,AT,CC,CC,AA,CC,CC,TT,GG,GT,CG,TT,TT,AA,CC,TT,GG,CC,TT,CC,TT,TT,GT,AA,TT,CC,AA,CC,GG,GG,GG,CC,GG,AC,TT,CT,AC,GT,AG,GG,TT,TT,CC,AA,GG,AT,AA,GG,CC,GT,AA,NN,GT,AA,AA,TT,TT,AG,TT,TT,CC,GG,TT,GG,AA,GG,CC,AA,AG,CC,AA,AA,TT,TT,GG,GG,GG,CC,AT,GG,AA,AA,CC,TT,AC,TT,CC,AT,TT,GG,TT,CC,GT,CC,CT,CC,GG,AA,TT,TT,CC,AA,GG,AA,CC,GG,TT,CC,TT,CC,AC,TT,CC,GG,CG,GG,CC,NN,CT,AA,CC,CC,CC,CC,AA,TT,CC,AA,CC,CC,AA,AT,AA,AT,GG,CT,CC,GG,AA,AG,AA,CC,GT,CC,CC,AA,AG,AA,GT,GG,AA,TT,TT,GG,CC,TT,GT,TT,CC,AA,GT,TT,AA,TT,GG,CG,AA,CT,CC,CC,GG,CC,AA,GG,AA,CC,TT,CG,GT,GT,GG,AT,AA,AA,TT,CC,CG,AA,CC,CC,GG,GG,AA,GG,TT,AC,AG,CC,GG,AA,CC,AA,TT,GT,TT,TT,AT,GG,GT,AA,CC,TT,TT,AA,GG,AA,CT,AA,NN,CC,TT,AA,CC,CT,CG,AG,CC,AG,CC,TT,CT,TT,GG,TT,AC,AC,AA,GG,CC,CC,GG,CC,GG,TT,AG,CC,TT,AG,CC,CC,AT,GG,CC,NN,CC,AA,AA,AC,CC,AC,AT,AA,GG,AA,AA,AA,AA,AA,AG,AG,AA,TT,GG,AC,AG,AC,AA,CT,AA,AA,CG,GG,GG,TT,AT,AG,TT,TT,TT,AA,TT,GG,GG,AA,1.81,Moderate,Low,Premium,Medium
L0622,Anantapur,Andhra Pradesh,Kharif,Red Sandy,Rainfed,390,31.0,52,AA,TT,AG,AA,GG,CG,GT,AT,CC,CC,AT,CC,CG,AT,TT,NN,GG,TT,TT,AA,CG,TT,GT,CC,TT,CC,TT,TT,GG,AA,TT,TT,AG,CC,GG,CG,GG,CG,GG,CC,TT,CT,CC,GT,AG,GG,TT,AT,CC,AA,GG,NN,AA,GG,TT,TT,AA,AC,GG,AA,GG,TT,TT,AG,CT,AT,CC,NN,TT,GT,AA,GG,CC,AA,GG,AA,AA,GG,TT,TT,GG,GG,GG,CC,AA,GG,AA,AT,CC,GT,CC,TT,CT,AT,GT,GG,TT,CC,TT,CC,CC,CC,AG,AG,TT,TT,CC,AG,NN,AA,CC,GG,TT,CC,GT,AA,AA,TT,CG,GG,CC,AG,CC,TT,CT,AA,CC,NN,CC,CG,AG,TT,CC,AA,CC,CC,AA,AT,AA,AT,GG,CT,CC,GG,AA,GG,AT,CC,GT,CC,CC,AA,AA,GG,TT,AG,AC,TT,CT,GG,AA,TT,TT,CT,CC,AT,GT,TT,AA,TT,GG,CC,AA,CT,CC,CC,GG,CC,AA,GG,AA,CC,TT,CC,GG,TT,GG,TT,AA,AA,TT,CC,GG,AA,CC,CC,GG,GG,AC,GG,TT,NN,AA,CC,GG,AA,CC,AT,AA,GG,TT,TT,AT,GG,TT,AA,CC,TT,TT,AA,NN,AA,TT,AA,TT,CC,TT,AC,CC,TT,GG,AA,CC,AA,CC,AT,TT,TT,GG,TT,AA,AC,AG,GG,CC,CC,GG,CC,GG,TT,AA,CC,TT,GG,CC,CC,AA,GG,CC,AA,CC,AA,AA,CC,CC,CC,TT,AA,GG,AA,AA,AA,AA,GG,AG,AA,AA,NN,GG,CC,AG,AC,AA,TT,AA,AA,GG,GG,GG,TT,AA,AA,TT,TT,TT,AG,AT,GG,GG,AA,3.45,Susceptible,Medium,Poor,Late
L0623,Anantapur,Andhra Pradesh,Kharif,Red Sandy,Rainfed,390,31.0,52,AC,TT,AG,GG,GG,CG,GT,TT,CC,CC,AA,CC,CG,TT,TT,GG,CC,TT,TT,AA,CC,TT,TT,CC,TT,CC,NN,TT,GG,AA,TT,CT,AA,CC,GG,GG,GG,CC,GG,CC,TT,TT,AA,GT,AA,GG,TT,TT,CG,CC,GG,AT,NN,GG,CT,TT,AT,AC,GT,AA,AG,TT,TT,AA,CT,NN,CC,GG,TT,GT,AA,GG,CC,AA,GG,AC,AT,GG,TT,TT,GG,GG,GG,CC,AA,GG,AA,AA,CC,GT,AC,TT,CC,TT,TT,GG,TT,CC,TT,CC,CC,CG,GG,AA,TT,TT,CC,AA,AG,AC,CC,GG,TT,CG,TT,AA,AA,TT,CC,GG,CG,AG,CC,GG,TT,AA,CC,CC,CC,CC,AA,TT,CC,AA,CC,CC,AA,TT,AA,AT,CG,CC,CC,GG,AA,GG,AA,CC,GT,CC,CC,AA,AA,GG,TT,GG,NN,GT,CT,GG,AA,TT,GT,TT,CC,TT,TT,TT,AA,TT,GG,CC,AG,CC,CC,CC,CG,CC,AT,GG,NN,CC,TT,CC,TT,TT,CG,TT,AA,AA,TT,CC,GG,AA,CC,CG,GG,GG,AC,CG,TT,AC,AA,CC,GG,AA,CC,AA,AA,GT,GT,TT,AA,GG,GT,AT,CC,AT,TT,AA,GG,AA,TT,AA,NN,CC,CT,AA,CC,TT,CG,AA,CG,AG,CC,TT,CT,GT,GG,AT,AA,AC,AA,GG,CC,CG,GG,CC,GG,TT,AA,CC,GT,GG,CC,CC,AA,AG,CC,AA,CC,AA,AA,CC,CG,CC,TT,AA,GG,AA,AC,AA,AA,AG,AG,AA,AA,TT,GG,AC,AG,AC,AC,TT,AA,AA,GG,AA,GG,TT,AA,AA,TT,TT,TT,AA,AT,GG,GG,AA,2.11,Susceptible,Low,Standard,Early
L0624,Anantapur,Andhra Pradesh,Kharif,Red Sandy,Rainfed,390,31.0,52,AC,TT,AG,AG,GG,CC,GG,AT,CG,CG,AA,CT,CG,TT,TT,GG,GG,NN,TT,NN,CC,TT,GT,CT,TT,CC,TT,AT,GT,AA,CT,CC,AA,AC,GG,GG,GG,CG,GG,CC,TT,TT,AA,TT,AA,AG,TT,TT,CC,NN,GG,AA,AA,GG,CT,GG,AA,CC,GG,CC,AA,TT,AT,AA,CT,TT,CC,GG,TT,GT,AA,GT,CC,AA,AG,AC,AA,GG,GT,TT,GG,GG,GT,CC,AA,GG,AA,AA,CC,GT,CC,TT,CT,TT,GT,GG,TT,CC,GT,CC,CC,CG,AA,AA,TT,TT,CC,AA,AG,AA,CC,GG,TT,NN,TT,AA,AC,TT,CC,AG,CC,AG,CC,GT,TT,AA,CC,CC,CC,CC,AA,TT,CC,AA,CC,CC,AA,TT,AG,AA,GG,CT,NN,GG,AA,AG,AA,AC,GT,CC,CG,AG,AA,AG,TT,GG,AA,GT,TT,AG,CC,GT,TT,TT,CC,TT,GG,TT,AA,TT,GG,CC,AA,CT,CC,CC,GG,CC,AA,GG,AA,CC,TT,CG,GG,TT,NN,TT,AA,AA,TT,CC,GG,AA,CC,CC,GG,AG,AC,CG,TT,AA,AA,CG,NN,AA,CC,AA,AA,GT,GT,TT,AT,GG,GG,AA,CC,AT,GG,AA,GG,AA,TT,AA,TT,CC,TT,AA,CC,TT,GG,AG,CC,AG,CC,TT,TT,GT,CG,TT,AC,CC,AA,GG,CC,CG,GG,CC,GG,TT,AA,CC,TT,GG,CC,CC,AA,GG,CC,AA,CG,AT,AA,NN,CG,AC,TT,AA,GG,AA,AA,AA,AA,GG,AG,AG,AA,TT,GG,AA,AA,CC,AA,CC,AA,AG,GG,GG,GG,TT,AA,AA,GT,TT,TT,GG,TT,GG,GG,AA,2.74,Susceptible,Medium,Standard,Early
L0625,Anantapur,Andhra Pradesh,Kharif,Red Sandy,Rainfed,390,31.0,52,CC,TT,GG,AA,GG,CC,GG,TT,CC,CC,AT,CC,CC,TT,TT,GT,GG,TT,TT,AG,CC,TT,TT,CC,TT,CC,TT,TT,GG,AA,TT,CC,AA,CC,GG,CG,GG,CC,GG,CC,TT,TT,AA,TT,AG,AG,TT,AT,CC,CC,GG,AA,AA,GG,CC,TT,AA,AA,GG,AC,AA,TT,TT,AG,TT,AT,CC,GG,TT,TT,AG,GG,CC,AA,GG,AA,AT,GG,TT,TT,AG,GT,GT,CC,AA,GG,AA,AA,CC,TT,CC,TT,TT,AT,GG,GG,TT,CC,GT,CC,CC,CG,GG,AA,TT,TT,CC,AA,AA,AA,CC,GG,TT,CC,TT,AC,AC,TT,CC,AG,CC,GG,CC,GT,CT,AA,CC,CC,CC,CC,AA,TT,CC,AA,AC,CT,AA,NN,AA,AA,GG,CT,CC,GG,AA,AA,AT,CC,GG,CG,CC,AA,AA,GG,TT,AG,AC,GT,CT,GG,CC,TT,TT,TT,CC,AT,GT,TT,AA,TT,GG,CC,AG,CC,AC,CC,CG,CC,AT,GG,AA,CC,TT,CG,TT,GT,CG,AT,NN,AA,TT,AC,GG,AC,AC,CC,CG,GG,AC,GG,TT,AA,AA,CC,GG,AA,CC,AT,TT,GG,TT,AT,AT,GG,TT,AA,CG,TT,TT,AA,NN,AA,TT,AC,TT,CC,TT,AA,AC,NN,CG,AG,CG,AA,CC,TT,TT,TT,GG,TT,AA,CC,AA,GG,CC,GG,GG,CC,GG,AT,AA,CC,TT,GG,CC,CG,AA,GG,CC,AT,CC,AA,AA,CC,CC,AA,TT,AA,GG,AA,AA,AC,AC,GG,AG,AA,AA,TT,GG,AC,AA,AA,AA,TT,AA,AA,CG,GG,GG,GT,AT,AA,GT,TT,TT,AA,TT,GG,GG,AA,4.93,Moderate,Low,Standard,Medium
L0626,Anantapur,Andhra Pradesh,Kharif,Red Sandy,Rainfed,390,31.0,52,AA,TT,AG,AA,GG,CC,GG,AT,CC,CC,AA,CC,CG,AT,GT,GG,CG,TT,TT,AG,CG,TT,TT,CT,AT,CC,TT,AT,GG,AA,TT,CT,AA,CC,GG,CG,GG,CC,GG,CC,TT,TT,AC,TT,AA,GG,CT,TT,CC,AC,GG,AT,AA,GG,CC,TT,AA,NN,GT,AA,AA,GG,TT,NN,CT,AT,CC,NN,TT,GG,AA,GG,CC,AA,GG,AA,AA,GG,TT,TT,AG,GG,GT,CC,AT,GG,AA,AA,CC,TT,AC,TT,CT,TT,GT,AG,CT,CC,TT,CC,NN,CC,AG,AA,AT,GT,CC,AA,AA,AA,CC,GG,TT,CC,TT,AA,AA,TT,CC,AA,CC,AG,CC,GG,TT,AG,CC,CC,CC,CC,AA,TT,AC,AA,CC,CC,AA,TT,AA,AT,GG,CT,CC,NN,AA,AA,AA,CC,GG,CC,CC,AA,AG,GG,TT,GG,AA,TT,CT,GG,AC,TT,GT,TT,CC,AA,GT,TT,AA,AT,CG,CC,AA,CC,CC,CC,CG,CC,AT,AG,AA,CC,TT,CC,TT,TT,GG,TT,AA,AA,TT,CC,GG,CC,AC,CC,GG,GG,AC,NN,CT,AA,AG,CC,GG,AT,CC,AA,TT,GT,TT,AA,AT,CG,GG,AA,CC,TT,TT,AT,GG,AA,CT,AA,TT,CG,TT,AA,CC,TT,CG,AG,CC,AA,CC,TT,CT,GT,GG,TT,AA,CC,AA,GG,CC,CG,GG,CG,GG,TT,AA,CC,GT,GG,CG,CC,AA,GG,CG,AA,CC,AA,AA,AC,CC,AC,AT,AA,CG,AA,AA,AC,AA,AG,AG,AG,AA,AT,GG,AA,AA,CC,AA,TT,AA,AA,GG,GG,CG,GT,AT,AA,TT,TT,AT,AA,TT,GG,GG,AA,4.68,Susceptible,Low,Standard,Late
L0627,Anantapur,Andhra Pradesh,Kharif,Red Sandy,Rainfed,390,31.0,52,NN,TT,GG,AG,GG,CC,GG,TT,CC,CC,AA,CC,CG,TT,TT,GG,CG,TT,TT,AA,CC,TT,GT,CT,TT,CC,TT,AT,GT,AA,TT,CC,AA,AC,GG,GG,GG,CC,GG,CC,TT,CT,AA,TT,AA,GG,TT,NN,CC,AA,GT,AA,AG,GG,CT,TT,AA,AA,GT,AC,AA,TT,AT,AA,TT,TT,CC,GG,TT,GT,AA,GG,AC,AA,GG,AC,AT,GG,TT,TT,GG,GT,GG,AC,AT,GG,AA,AA,CG,GT,CC,TT,CC,TT,GT,GG,TT,CC,GT,CC,CC,CG,AG,AA,TT,TT,CC,AA,GG,AA,CC,GG,TT,CC,TT,AC,AA,TT,CC,AG,GG,AG,CC,GG,TT,AG,CC,CC,CC,CC,AA,TT,CC,AA,CC,CC,AA,AT,AA,TT,GG,CC,CC,GG,AA,GG,AA,AC,GT,CC,CC,AG,AG,AG,GT,AG,AA,TT,CT,GG,AC,TT,GT,TT,CC,AA,TT,TT,AA,TT,GG,CC,GG,TT,CC,AC,CG,CC,NN,GG,AA,CC,TT,CC,TT,TT,CG,AT,AA,AA,TT,CC,GG,AA,CC,CC,GG,GG,AA,CG,TT,AC,AA,CC,GG,AA,CC,AA,TT,GT,TT,AT,AA,GG,GG,AA,CG,AT,TT,AA,GG,AA,CC,AA,TT,CC,TT,AA,CC,CT,GG,AG,CC,AA,CC,TT,TT,TT,GG,TT,AA,CC,AG,GG,CC,GG,GG,CG,GG,AT,AA,CG,GT,GG,CC,CC,AA,GG,CC,AA,CC,AT,AA,CC,CC,AC,AT,AA,GG,AA,AA,AC,AA,GG,AA,AA,AA,TT,GG,AA,AG,CC,AC,TT,AA,AA,GG,GG,GG,TT,AA,AA,TT,TT,TT,AG,NN,GG,GG,AA,0.4,Susceptible,High,Standard,Medium
L0628,Anantapur,Andhra Pradesh,Kharif,Red Sandy,Rainfed,390,31.0,52,AA,TT,GG,GG,CG,CC,GG,TT,CC,CG,AA,CT,CG,TT,TT,GT,CG,TT,TT,AA,CC,TT,GT,CC,TT,CC,TT,TT,GG,AA,TT,CC,AA,CC,GG,GG,GG,CC,GG,CC,TT,TT,AA,NN,AA,AA,TT,TT,CC,AC,GG,AA,AG,GG,CC,GT,AT,AA,GT,AC,AG,TT,AT,AG,TT,AT,CC,GG,TT,TT,AA,GG,CC,AA,GG,AA,TT,GG,TT,TT,AG,GG,GG,CC,AA,GG,AA,AT,CC,TT,AC,TT,CC,TT,NN,GG,TT,CC,GT,CC,CT,CG,GG,AA,AT,TT,CC,AA,AA,AC,CC,GG,TT,CC,TT,AA,AA,TT,CC,AG,CC,GG,CC,GG,TT,AA,CC,CC,CC,CC,AA,TT,CC,AA,NN,CT,AA,TT,AA,AA,GG,CC,CC,GG,AA,AG,AA,CC,GG,CC,CC,AA,AA,GG,TT,GG,AA,GT,TT,GG,AC,TT,GG,TT,CC,TT,GG,TT,AA,TT,GG,CC,AA,CC,CC,CC,GG,CC,AA,AG,GG,AC,TT,CC,GG,TT,GG,TT,AA,AA,TT,CC,GG,AA,CC,NN,GG,GG,CC,CG,TT,AA,AG,CC,GG,AT,CC,AA,AA,GG,TT,TT,AT,CG,GT,AA,NN,AT,GT,AA,GG,AA,CT,AA,TT,CC,TT,AC,CC,TT,GG,AG,CC,AG,CC,TT,CT,NN,GG,TT,AC,AC,AA,GG,CC,CC,GG,CC,GG,AT,AA,CC,TT,GG,CC,CG,AA,GG,CC,AA,CC,AA,AA,AA,CG,AA,TT,AG,GG,AA,AC,AA,AA,GG,GG,AA,AA,TT,GG,AA,AG,AA,AC,CT,AA,AA,GG,GG,CG,GT,AA,AA,GT,TT,NN,AG,AT,GG,GG,AA,2.09,Moderate,Low,Poor,Medium
L0629,Anantapur,Andhra Pradesh,Kharif,Red Sandy,Rainfed,390,31.0,52,AA,CT,GG,AA,GG,CG,GT,AT,CC,GG,AA,TT,CC,TT,TT,GG,GG,TT,TT,AA,CC,TT,TT,CC,TT,CT,GT,TT,GG,AC,TT,CC,AA,CC,GG,GG,GG,GG,GG,CC,TT,TT,AA,TT,AG,GG,NN,AT,CC,AC,GT,AA,AG,GG,CC,TT,AT,AA,GT,AC,AA,GT,TT,AG,TT,TT,CC,GG,TT,GT,AA,GT,CC,AA,AA,AA,AA,GG,TT,TT,GG,GG,NN,CC,AA,GG,AA,AA,CC,TT,CC,TT,TT,TT,GT,GG,TT,CC,GT,CC,CC,CG,AA,AA,TT,TT,CC,AA,AG,AA,CT,GG,TT,CC,TT,AA,AA,TT,GG,AA,CC,AG,CC,GG,TT,AA,CC,CC,CC,CC,AA,NN,AC,AA,CC,CC,AA,AT,AA,AA,CG,CC,CC,GG,AG,AG,AA,CC,GT,CC,CC,AA,AA,AG,GT,GG,AC,GT,CC,AG,CC,TT,GT,TT,CC,AT,TT,TT,AA,TT,GG,CC,AA,CC,CC,CC,CC,AC,AA,GG,AA,AC,TT,CC,GG,TT,GG,AA,AA,AA,GT,CC,GG,AA,CC,CG,GG,GG,AC,GG,TT,AC,AA,CC,GT,AA,CC,AA,AT,GG,TT,TT,AT,GG,GT,AA,CC,TT,TT,AA,GG,AA,TT,AA,TT,CG,CT,AC,AC,TT,GG,GG,CG,AG,AC,AT,CT,GT,GG,TT,AA,AC,AA,GG,CC,CG,GG,CC,GG,AT,AA,CC,TT,GG,CC,NN,AT,GG,CC,AA,CC,AA,AG,AA,CC,CC,AT,AA,GG,AA,AA,AA,AA,GG,AG,AA,AA,AT,CG,AA,AA,AC,AA,TT,AA,AA,GG,GG,GG,TT,AA,AA,TT,TT,TT,AG,TT,GG,GG,AA,3.26,Susceptible,High,Premium,Early
L0630,Anantapur,Andhra Pradesh,Kharif,Red Sandy,Rainfed,390,31.0,52,AA,TT,GG,AA,GG,CC,GT,TT,CC,CC,AA,CC,CC,AT,TT,NN,GG,AT,TT,AA,CC,TT,TT,CT,TT,CT,TT,NN,GG,AA,NN,CC,AA,CC,GG,CG,GG,CG,GG,CC,TT,CT,AA,GT,AA,GG,TT,AT,CC,CC,GG,AA,AA,CG,CC,TT,AA,AA,GG,AC,AG,TT,TT,AG,TT,TT,CC,GG,TT,GG,AA,GG,CC,AA,GG,AA,AA,GG,TT,TT,GG,GT,GG,CC,AA,GG,AG,AT,CC,TT,CC,TT,CT,TT,TT,GG,TT,CC,TT,CC,CC,CG,GG,AA,TT,TT,CC,AA,AA,AC,CT,GG,TT,CC,TT,AC,AC,TT,CC,AA,CC,AG,CC,GT,TT,AA,CC,CC,CC,NN,AA,TT,CC,AA,CC,CC,AA,TT,AA,AA,CG,CC,CG,GG,AA,GG,AT,CC,GG,CC,CC,AA,AG,AG,GT,GG,AA,TT,CT,GG,CC,TT,TT,TT,CC,AA,TT,TT,AA,AT,GG,CC,AA,CT,CC,AC,CG,CC,AA,GG,AA,CC,TT,CG,GG,TT,CG,TT,AG,AA,TT,CC,GG,AA,CC,CC,GG,GG,AA,GG,TT,AC,AG,CC,GG,AA,CC,AA,AT,GG,TT,TT,AT,GG,TT,AA,CG,AT,TT,AA,GG,AA,CT,AA,TT,CC,CT,AA,CC,TT,GG,AG,CC,AA,CC,TT,TT,TT,GG,TT,AA,AC,AG,GG,CC,CC,GG,CC,GG,AT,AA,NN,GT,GG,CC,CC,AA,GG,CC,AA,CC,AA,AA,AC,CC,AA,TT,AA,CG,AA,AC,AC,AA,AG,AG,AA,AA,TT,GG,AA,GG,CC,AA,CT,AA,AA,GG,GG,GG,TT,AA,AA,TT,TT,TT,AG,TT,GG,GG,AA,2.7,Moderate,Low,Premium,Medium
L0631,Anantapur,Andhra Pradesh,Kharif,Red Sandy,Rainfed,390,31.0,52,CC,CT,GG,AA,GG,CC,GG,TT,CC,CC,AA,CC,CG,TT,TT,GG,CG,TT,TT,AG,GG,TT,GT,CC,TT,CC,TT,TT,GG,AA,CT,CC,AA,CC,GG,GG,GG,CC,GG,CC,TT,TT,AA,GT,AA,AA,TT,TT,CC,AC,GG,AT,AA,GG,CT,TT,AA,AA,NN,AA,AA,TT,AT,AA,CT,AT,CC,GG,TT,GG,AG,GG,CC,AA,AG,AC,AA,GG,TT,TT,GG,GT,GG,CC,AT,GG,AA,AA,CC,GG,CC,TT,TT,TT,TT,GG,CT,CC,TT,CC,CC,CG,AG,AA,AT,TT,CC,AA,AA,AC,CC,GG,TT,GG,TT,AA,AA,AT,CG,GG,CG,NN,CC,TT,TT,AA,CC,CC,CC,CC,AA,GT,CC,AA,CC,CC,AA,TT,AG,AA,CG,CC,CC,GG,AA,AG,AA,CC,GT,CC,CC,AA,AA,GG,TT,GG,AA,TT,CC,GG,AA,GT,TT,TT,CG,AT,TT,CT,AA,TT,GG,CC,AG,CC,CC,CC,GG,CC,AA,GG,AG,CC,TT,CC,GG,GT,GG,TT,AA,AA,TT,AC,GG,AA,AA,CC,GG,GG,AA,GG,TT,AA,AA,CC,GG,AT,CC,AA,AT,GG,TT,AT,AT,CG,GG,AA,CC,TT,GT,AA,GG,AA,CT,AA,TT,CC,TT,NN,CC,TT,GG,AG,CC,GG,CC,TT,CT,GG,GG,AT,AA,AC,AA,GT,CC,CG,GG,CC,GG,AT,AA,CC,TT,GG,CC,CC,AT,GG,CC,AA,CG,AT,AA,CC,CG,AC,TT,AA,GG,AA,AA,AC,AA,GG,GG,AA,AA,AT,GG,AA,AA,AC,AA,CT,AA,AG,GG,GG,GG,GT,AA,AA,GT,TT,TT,NN,AT,GG,GG,AA,3.59,Susceptible,Low,Poor,Late
L0632,Anantapur,Andhra Pradesh,Kharif,Red Sandy,Rainfed,390,31.0,52,AA,TT,GG,AG,CG,CG,GT,TT,CC,CG,AA,CT,CC,TT,TT,GT,GG,TT,TT,AA,CG,GG,TT,CC,TT,CC,GT,AT,GG,AA,TT,CC,AA,CC,GG,GG,GG,CG,GG,CC,TT,CC,AA,TT,AA,GG,CT,TT,CC,AA,GT,TT,AA,GG,CC,TT,AA,CC,GG,AA,AG,TT,TT,AA,TT,TT,CC,GG,TT,GG,AA,GG,NN,AA,GG,AC,AT,GG,GT,TT,AG,GG,GG,CC,AT,GG,AG,AT,CC,GT,AC,TT,CC,TT,TT,GG,TT,CC,TT,CC,CC,CC,AG,AA,TT,GT,CC,AG,AA,AA,CC,GG,TT,CC,GT,AA,AA,TT,GG,GG,CC,GG,CT,GG,CT,AA,CC,CC,CC,CG,AA,TT,AC,AA,CC,CT,AA,TT,AG,AA,GG,CT,CC,GG,AA,AA,AA,CC,GG,CC,CC,AA,AA,GG,GT,GG,AA,TT,CC,GG,AC,TT,GT,TT,CC,AA,TT,TT,AA,AT,NN,CC,AA,CC,CC,CC,GG,CC,AA,GG,AG,CC,TT,CG,GT,TT,NN,AA,AA,AG,TT,CC,GG,AA,CC,CC,CC,AA,AC,GG,TT,NN,AA,CC,GG,AT,CC,AA,AT,GG,GT,TT,TT,CG,GG,AT,CG,AT,GG,AA,GG,AA,TT,AA,TT,CC,CT,AC,CC,CT,CG,AA,CG,AG,CC,AT,TT,GT,GG,TT,AA,CC,GG,GG,CC,GG,GG,CC,GG,TT,AA,CC,GT,GG,CC,GG,AA,GG,CG,AA,CC,AA,AA,AA,CC,CC,TT,AA,GG,AA,AC,AA,AC,AG,AG,AG,AA,TT,GG,AA,AG,CC,AA,CC,AG,AA,GG,GG,GG,TT,AA,AA,TT,TT,TT,GG,TT,GG,GG,AA,3.37,Susceptible,Low,Premium,Early
L0633,Anantapur,Andhra Pradesh,Kharif,Red Sandy,Rainfed,390,31.0,52,AA,CT,AG,GG,GG,CC,GG,TT,CC,CC,AA,CC,CC,TT,TT,GG,GG,TT,TT,AG,CG,TT,GT,CC,TT,CC,GT,AT,GG,AA,TT,TT,AA,CC,GG,GG,GG,CG,GG,CC,TT,CT,AC,TT,AA,GG,TT,TT,CC,AC,GG,AA,AG,GG,CC,GT,AA,AC,GT,AC,AA,TT,AT,GG,TT,TT,CC,GG,TT,GT,AG,GG,CC,AA,GG,CC,AA,GG,TT,TT,GG,GG,TT,CC,TT,GG,AA,AA,CC,TT,CC,TT,CT,TT,GT,NN,TT,CC,GT,CT,CC,CG,GG,AA,TT,GT,CC,AA,AG,AA,CC,GG,TT,CC,GT,AA,AC,TT,CC,AG,CC,GG,CC,GG,CT,AA,CT,CC,CC,CC,AG,TT,AC,AA,CC,CC,AA,TT,AA,AA,GG,CC,CC,GG,AA,AG,AA,CC,GG,CC,CC,AG,AG,AG,GT,GG,AA,TT,CT,AG,AC,TT,GT,TT,CG,AT,GT,TT,AT,TT,CG,CC,AG,CT,CC,CC,GG,CC,AA,GG,AA,CC,TT,CC,GT,TT,GG,AT,AA,AA,TT,CC,GG,AA,CC,CC,GG,GG,AA,GG,NN,AA,AA,CC,GG,AA,CC,AT,AT,GG,TT,AT,AA,CG,GT,AT,CC,TT,GT,AA,GG,AA,CC,AC,TT,CC,TT,AC,CC,TT,GG,AA,CC,GG,CC,TT,TT,GT,GG,TT,AC,AC,AA,GG,CC,GG,GG,CC,GG,AA,AA,CC,GG,GG,CC,CC,AT,GG,CC,AA,CC,AT,AA,CC,CC,AC,TT,AA,GG,AA,AA,AC,AA,GG,AA,AA,AA,TT,GG,AA,AA,AC,NN,CT,AA,AA,CG,GG,GG,TT,AT,AG,TT,TT,TT,AG,AA,GG,GG,AA,2.48,Susceptible,Medium,Standard,Early
L0634,Anantapur,Andhra Pradesh,Kharif,Red Sandy,Rainfed,390,31.0,52,AC,TT,AG,AG,GG,CC,GT,TT,CC,CG,AA,CC,GG,TT,TT,GG,GG,TT,TT,AA,CC,TT,GT,CC,TT,CC,GT,TT,GG,AA,TT,CT,AA,CC,GG,GG,GG,CC,GG,CC,TT,TT,AA,GT,AA,AG,TT,TT,CC,AC,GT,AA,AG,GG,TT,TT,AA,AC,GG,AA,AA,TT,TT,AA,TT,TT,CT,GG,TT,GG,AA,GG,CC,AA,AG,CC,AT,GG,TT,TT,GG,GG,GG,CC,AA,GG,NN,AA,CC,GG,CC,TT,NN,TT,TT,GG,CT,CC,GG,CC,CC,CC,GG,AA,AT,TT,CC,AA,AG,AA,CC,GG,TT,NN,TT,AA,AA,TT,CC,AG,CC,GG,CT,GG,CC,AA,CT,CC,CC,CC,AA,TT,AC,AC,CC,CC,AA,TT,AA,AT,GG,CC,CC,GG,AA,AG,AA,CC,GT,CC,CC,AA,AA,GG,GG,GG,AA,NN,CT,GG,AC,TT,TT,CT,CG,AA,GT,TT,AA,TT,CG,CG,GG,CT,CC,CC,GG,CC,AA,GG,AA,CC,GT,CC,GT,TT,GG,AA,NN,AA,TT,CC,CG,AA,CC,CC,GG,GG,CC,GG,TT,AC,AG,CC,GG,AA,AC,AT,AT,GG,TT,TT,TT,GG,TT,AT,CG,TT,TT,AA,GG,AA,TT,AA,TT,CC,TT,AA,CC,TT,CG,AG,CC,AA,CC,TT,TT,GT,GG,TT,AA,AC,AA,NN,CC,CC,GG,CC,GG,TT,AG,CG,TT,AG,CC,CC,AT,GG,CG,AA,CC,AT,AA,AA,CC,AC,TT,AA,GG,AA,AA,AA,AA,GG,AG,AA,AA,AT,GG,AA,AA,AC,AC,CC,AA,AA,GG,GG,GG,TT,AA,AA,TT,TT,TT,AG,TT,GG,GG,AA,4.4,Susceptible,Low,Poor,Early
L0635,Anantapur,Andhra Pradesh,Kharif,Red Sandy,Rainfed,390,31.0,52,AC,TT,AG,AA,GG,CC,GG,TT,CC,GG,AA,CC,CC,TT,TT,GG,GG,AT,TT,AA,CC,GT,GT,CC,TT,CC,TT,TT,GT,AA,TT,CT,AA,CC,GG,GG,GG,GG,GG,CC,TT,TT,CC,GT,AA,GG,TT,TT,CC,AC,GT,AT,AA,GG,CC,GT,AA,AA,GT,AA,AA,GT,TT,AA,CT,TT,CC,GG,TT,GT,AG,GT,CC,AG,GG,AC,AT,GG,TT,TT,GG,GT,GG,CC,AA,GG,AA,AA,CC,TT,CC,TT,CC,TT,GT,GG,TT,CC,GT,CC,CC,CG,GG,AA,TT,TT,CC,AA,AG,AA,CC,GG,TT,CC,GT,AC,AC,NN,CG,AG,CC,GG,CC,GG,CT,AG,CC,CC,CC,CC,AA,TT,CC,AA,CC,CT,AA,AT,AG,AT,NN,CT,CC,GG,AA,AA,AA,AC,GG,CC,CC,AG,AA,AG,TT,GG,NN,TT,CT,GG,CC,GT,TT,TT,CG,AA,TT,CT,AT,TT,CG,CC,AG,CC,CC,CC,CG,CC,AA,AG,AA,CC,TT,CC,GG,TT,GG,TT,AA,AA,TT,CC,GG,AA,CC,CC,GG,GG,AC,GG,TT,AA,AA,CC,GG,AA,CC,AA,AA,GG,GT,AT,AA,GG,GT,AA,CC,TT,GT,AA,GG,AA,CT,AA,AT,CC,TT,AC,CC,TT,GG,GG,CC,AA,AC,TT,TT,GT,GG,TT,AA,AA,AG,GG,CC,CC,GG,CC,GG,TT,AG,CC,GT,GG,CG,CC,AA,GG,CC,AA,CC,AA,AG,CC,CC,CC,TT,AA,CG,AA,AA,AC,AA,AG,NN,AA,AA,TT,GG,AA,AG,AC,AA,TT,AA,AA,CG,GG,GG,TT,AA,AG,TT,TT,TT,AG,AT,GG,CG,AA,4.33,Susceptible,Low,Premium,Early
L0636,Anantapur,Andhra Pradesh,Kharif,Red Sandy,Rainfed,390,31.0,52,AC,CT,GG,AG,GG,CC,GG,TT,CC,CG,AA,CC,CC,AT,TT,GG,GG,TT,TT,AG,CC,TT,TT,CT,AT,CC,TT,TT,GG,AA,TT,CC,AG,CC,GG,CG,GG,CC,GG,CC,TT,CC,AA,TT,NN,AG,TT,TT,NN,AC,GG,AA,AG,GG,CC,TT,AA,AA,GT,AC,AA,TT,AT,AA,TT,TT,CC,GG,TT,GT,AA,GG,CC,AA,AA,CC,AT,GG,GT,TT,GG,GG,GG,CC,AT,GG,AA,AA,CC,TT,CC,TT,CT,TT,TT,AG,TT,CC,TT,CC,CC,CC,GG,AA,TT,TT,CC,AA,AG,AA,CC,GG,TT,CC,TT,AC,AA,TT,CC,GG,CG,AG,CC,GG,TT,AA,CT,CC,CC,CC,AA,TT,CC,AA,CC,CC,AG,TT,AA,AA,GG,CC,CC,GG,AA,GG,AA,CC,GG,CC,CC,AG,AA,GG,GT,AG,AA,GG,TT,GG,AC,GG,TT,TT,CG,AT,TT,TT,AT,NN,GG,CC,AG,CT,CC,CC,GG,CC,AA,GG,AA,CC,TT,CC,GG,TT,GG,AT,AA,AA,TT,CC,GG,AA,CC,CC,GG,GG,CC,GG,TT,AA,AA,CC,GG,AT,CC,AA,AT,GT,TT,TT,AT,NN,GT,AA,CC,TT,TT,AA,GG,AG,TT,AA,TT,CC,TT,AC,CC,TT,CG,AG,CC,AG,CC,AT,CT,TT,GG,TT,AA,AC,AG,GG,CC,GG,GG,CC,GG,TT,AA,CC,TT,AG,NN,CC,AT,AG,CC,NN,CC,AA,AA,AC,CC,AC,TT,AA,GG,AA,AA,AC,AA,AG,AG,AA,AA,AT,GG,AC,GG,AC,AC,CT,AG,AA,GG,GG,CG,TT,AA,AA,GT,TT,TT,AG,TT,GG,GG,AA,0.89,Susceptible,High,Poor,Early
L0637,Anantapur,Andhra Pradesh,Kharif,Red Sandy,Rainfed,390,31.0,52,AA,TT,AG,AG,CG,CG,GT,TT,CC,GG,AA,CC,CG,AT,TT,GG,CG,TT,TT,AA,CC,GT,GG,CC,AT,CC,TT,TT,GG,AA,TT,CC,AG,CC,AG,GG,GG,CC,GG,CC,TT,CT,AA,TT,AG,AG,TT,TT,CC,AC,GG,AA,AA,GG,CC,TT,AT,AA,TT,AC,NN,TT,TT,AA,TT,AA,CC,GG,TT,GT,AG,GG,CC,AA,AG,AA,AT,GG,TT,TT,GG,GG,GG,CC,AT,GG,AA,AA,CC,TT,AC,TT,CT,TT,GG,GG,TT,AC,GT,CC,CT,CC,AG,AA,TT,TT,CC,AA,AA,AA,CC,GG,TT,CC,TT,AA,AC,TT,CC,AG,CC,GG,CC,GG,TT,AG,CC,CC,CC,CG,AG,GT,CC,AA,CC,CT,AA,TT,AA,AT,CG,CC,CC,GG,AA,AA,AA,AC,GG,CC,CC,AA,AA,GG,TT,AG,AA,TT,CT,GG,CC,TT,GT,TT,CC,AA,TT,TT,AT,TT,GG,NN,AA,CT,CC,CC,CG,AC,AA,GG,AG,CC,TT,CC,TT,TT,GG,TT,AG,AG,NN,CC,GG,CC,CC,CC,NN,GG,AC,GG,TT,AA,AA,CG,GG,AA,AC,AA,AT,GG,TT,TT,AA,GG,TT,TT,CC,AT,GT,AA,GG,AA,TT,AA,TT,CC,TT,NN,CC,TT,CC,AA,CG,AG,AC,TT,CT,GT,GG,TT,AC,CC,AG,GG,CC,CC,GG,CC,GG,AT,AA,CG,GT,GG,CC,CC,AA,GG,CC,AA,CC,AA,AA,AA,CG,CC,TT,AA,GG,AT,AA,AC,AA,GG,AG,AA,AA,TT,GG,AC,AA,CC,AC,TT,AA,AA,CG,GG,GG,GG,AA,AA,GT,TT,TT,AG,TT,GG,GG,AA,2.82,Moderate,High,Standard,Late
L0638,Anantapur,Andhra Pradesh,Kharif,Red Sandy,Rainfed,390,31.0,52,AC,TT,GG,AA,GG,CC,NN,TT,CC,CG,AA,CC,CC,TT,GT,GG,GG,TT,TT,GG,CC,GT,GG,CT,TT,CC,GT,TT,GG,AA,TT,CC,AA,CC,GG,GG,GG,CG,GG,CC,TT,CC,AC,TT,AG,GG,TT,AT,CC,AA,GG,AA,AA,GG,CC,GT,AA,AA,TT,AC,AA,TT,TT,AG,CT,AT,CC,GG,TT,GG,AG,GG,CC,AA,AG,AA,NN,AG,GT,TT,GG,GG,GG,CC,AA,GG,AA,AA,CC,GT,AC,TT,CT,TT,GT,GG,TT,CC,TT,CC,CC,CC,GG,AA,TT,TT,CC,AG,AG,AA,CT,GG,TT,CC,TT,AC,AA,TT,CC,GG,CC,GG,CT,GT,CT,AA,CC,CC,CC,CC,AA,GT,CC,AA,CC,CC,AA,AT,AG,AA,NN,CC,CC,GG,AA,AG,AA,CC,GG,CC,CC,AG,AA,AG,TT,AG,AC,GG,TT,GG,CC,GT,GT,TT,CG,AA,GT,TT,AA,TT,GG,CC,AA,TT,CC,CC,NN,CC,AT,GG,AA,CC,TT,CC,GT,TT,CG,AT,AA,AA,TT,CC,GG,AA,AC,CC,GG,GG,AC,GG,TT,AA,AA,CG,GG,AA,CC,AA,AT,GT,TT,AT,AA,CG,GT,AA,CC,TT,TT,AA,GG,AA,TT,AC,TT,CC,TT,AA,CC,NN,CG,AG,CC,GG,AC,AT,CC,TT,GG,TT,AC,CC,AA,GG,CC,CG,GG,CC,GG,AT,AG,CC,TT,GG,CC,CC,AA,GG,CC,AA,CC,AA,AA,AC,CC,AC,AT,AA,GG,AA,AC,AC,AA,NN,GG,AA,AA,TT,GG,AA,AG,AA,AA,TT,AG,AA,GG,GG,GG,TT,AA,AA,GT,TT,TT,AA,AA,GG,GG,AA,2.51,Susceptible,Medium,Standard,Medium
L0639,Anantapur,Andhra Pradesh,Kharif,Red Sandy,Rainfed,390,31.0,52,AA,TT,GG,AA,GG,CC,GG,TT,CC,CG,AA,CC,CC,TT,GT,GT,CC,TT,TT,AG,CC,TT,TT,CC,AT,CT,GT,TT,GG,AA,TT,CC,AA,AC,GG,GG,GG,GG,GG,CC,TT,TT,AA,GT,AA,AG,TT,TT,CC,AC,GG,AA,AA,GG,CT,TT,AA,NN,GT,AC,AA,TT,TT,GG,TT,TT,CC,GG,TT,GG,AG,GG,CC,AA,GG,AC,NN,GG,TT,TT,GG,GG,GG,CC,AA,GG,AA,AA,CC,GG,CC,TT,CC,TT,TT,AG,CT,CC,GT,CC,CC,CC,AA,AA,TT,TT,CC,AA,AA,AA,CT,GG,TT,CG,TT,AA,AA,TT,GG,AG,CC,AG,CC,GG,TT,AA,CC,CC,CC,CC,AA,TT,AC,AA,CC,CC,AA,TT,AA,AA,GG,CC,CC,GG,AG,AA,AT,CC,GT,CC,CC,AA,AG,AG,GT,AG,AC,TT,TT,GG,CC,TT,TT,TT,CC,AA,TT,TT,AA,TT,CG,CC,AA,CT,CC,NN,GG,AC,AA,GG,AA,CC,NN,CG,GT,TT,GG,AA,AA,NN,GT,CC,GG,AA,AC,CC,GG,AG,AA,GG,TT,AA,AA,CC,GG,AA,NN,AA,AA,GG,TT,AA,AA,GG,GG,AA,CC,TT,TT,AA,GG,AA,TT,AA,TT,CC,TT,AA,AC,TT,CC,AG,CC,AA,CC,NN,TT,TT,GG,TT,AA,CC,AG,GG,CC,CC,GG,CC,GG,AA,AG,CG,GG,GG,CC,CC,AA,GG,CC,AA,CC,AT,AA,CC,CG,AC,TT,AA,GG,AA,AC,AC,AA,GG,AG,AA,NN,TT,GG,AC,AA,CC,AA,TT,AA,AA,GG,AG,CG,TT,AT,AA,TT,TT,TT,AG,AT,GG,GG,AA,1.73,Susceptible,Medium,Poor,Medium
L0640,Anantapur,Andhra Pradesh,Kharif,Red Sandy,Rainfed,390,31.0,52,AC,TT,AG,AA,GG,CC,GG,AT,NN,CC,AA,CC,CC,TT,TT,GG,GG,TT,TT,AG,CC,TT,GT,CT,TT,CC,TT,TT,GG,AA,TT,CT,AA,CC,GG,GG,GT,CC,GG,CC,TT,CT,AA,GT,AG,GG,TT,TT,CC,NN,GT,AA,AA,GG,CC,TT,AA,AA,TT,AA,AA,TT,TT,AA,TT,AA,CC,GG,TT,TT,GG,GG,CC,AA,GG,AC,AT,GG,TT,TT,GG,GG,GT,CC,TT,GG,AA,AT,CC,GT,AC,TT,CC,AT,TT,GG,TT,CC,TT,CC,NN,CC,GG,AA,TT,TT,CG,AA,AA,AC,CT,GG,TT,CC,GT,AC,AA,TT,CC,AA,CG,GG,CC,GT,CT,AA,CC,CC,AC,CC,AA,TT,CC,AA,CC,CT,AA,TT,AA,AA,GG,CC,CC,GG,AA,AA,AA,AC,GG,CC,CC,AG,AA,GG,TT,GG,AA,GT,TT,GG,CC,GT,TT,TT,CC,AA,TT,TT,AA,NN,GG,CC,AG,CT,CC,CC,GG,CC,AA,GG,AA,CC,TT,CC,GG,TT,GG,AA,AA,AA,TT,CC,GG,AA,AA,CC,GG,GG,AA,GG,TT,AA,AA,CC,GG,AT,CC,AA,AA,GG,TT,TT,AT,GG,GG,TT,NN,AT,TT,AT,GG,AA,CC,AA,TT,CC,TT,AA,CC,TT,GG,AG,CG,AG,CC,AT,TT,GT,GG,TT,AA,AC,AG,GG,CC,CG,GG,CC,GG,TT,AA,CC,TT,GG,GG,CC,AA,AG,CC,AA,CC,AT,NN,AA,CC,CC,TT,NN,GG,AA,AA,AA,AA,AG,AG,AA,AA,TT,CG,AC,AG,AA,AC,TT,AA,AA,GG,GG,GG,TT,AA,AA,TT,NN,TT,GG,AT,CG,GG,AA,3.58,Susceptible,Low,Standard,Medium
L0641,Anantapur,Andhra Pradesh,Kharif,Red Sandy,Rainfed,390,31.0,52,AC,TT,GG,AG,GG,CG,GT,AT,CC,CC,AA,CC,CC,TT,TT,GT,GG,TT,TT,AG,CC,TT,GT,CT,TT,CC,TT,TT,GT,AA,TT,CC,AA,AC,GG,GG,GG,CC,GG,CC,TT,TT,AC,TT,AA,AG,TT,TT,CC,AC,GG,AA,AA,GG,CC,TT,AA,AA,TT,AC,AG,TT,TT,AG,TT,AA,CC,GG,CT,GG,AA,GG,CC,AA,GG,AC,AT,GG,TT,TT,GG,GT,GG,CC,NN,GG,AG,AA,CC,GT,CC,TT,CT,TT,TT,GG,TT,CC,GT,CC,CC,CC,AA,AA,AT,GT,CC,AA,AG,AC,CC,GG,TT,CG,GT,AA,AC,TT,CC,AA,CC,GG,CC,GG,TT,AA,CC,CC,AC,CC,AG,TT,CC,AA,CC,CC,AA,TT,AA,AA,GG,CC,CC,GG,AA,AG,AA,CC,GG,CC,CC,AA,AA,AG,TT,GG,AC,TT,CT,GG,AC,GT,GT,CT,CG,AA,TT,TT,AT,AT,CG,CC,AA,CT,CC,AC,CG,AA,AA,GG,NN,CC,TT,CC,GG,TT,CG,TT,AA,AA,TT,NN,GG,AA,CC,CC,CG,GG,AC,GG,TT,AA,AA,CC,GG,AA,AA,AA,AA,GT,TT,AT,AA,CG,GT,AA,CG,TT,GT,AA,GG,AA,TT,AA,AT,CC,CT,AA,NN,CT,CG,AA,CC,AA,CC,AT,TT,GT,GG,TT,AA,AA,AA,GG,CC,CG,GG,CC,GG,TT,AA,CC,GT,GG,CC,CC,AA,GG,CC,AT,CC,AA,AA,AC,CC,CC,TT,AA,CG,AA,AA,AC,AA,AG,AA,AG,AA,TT,GG,AA,AA,CC,AA,CT,AA,AA,GG,AG,GG,TT,AA,AG,TT,TT,TT,AA,AA,GG,GG,AA,1.55,Susceptible,High,Standard,Late
L0642,Anantapur,Andhra Pradesh,Kharif,Red Sandy,Rainfed,390,31.0,52,AC,TT,GG,AG,GG,CC,GT,TT,CC,CC,AA,CC,CC,TT,TT,GT,GG,TT,TT,AA,CC,GT,TT,CC,TT,CC,TT,TT,GT,AA,TT,CT,AG,CC,GG,GG,GG,CG,GG,CC,GT,TT,AA,TT,AA,GG,TT,TT,CC,CC,NN,AA,AA,GG,CC,TT,AA,AC,GG,AC,AA,TT,AA,AG,TT,TT,CC,GG,TT,GT,AG,GG,CC,AA,GG,AC,AT,GG,TT,TT,GG,GT,GG,CC,AT,GG,AA,AA,CC,GT,CC,TT,CC,TT,TT,GG,CT,CC,GT,CT,CT,NN,AA,AA,TT,TT,CC,NN,AA,AA,CC,GG,GT,CC,GT,AA,AA,TT,NN,AG,CC,GG,CC,GG,TT,AA,CT,CC,CC,CC,AA,TT,AA,AA,CC,CC,AA,TT,AA,AA,GG,CC,CC,GG,AA,AG,AA,CC,GG,CC,CC,AA,AA,GG,TT,GG,AA,TT,CT,GG,CC,GT,TT,TT,CC,AA,TT,TT,AA,TT,CG,CC,AG,CC,CC,CC,GG,CC,AA,GG,AG,CC,TT,CG,GT,NN,CG,AT,AA,AA,TT,AC,GG,AA,AC,CC,GG,GG,AC,NN,TT,AA,AA,CC,GG,AA,AA,AA,AA,GT,TT,TT,TT,CG,GG,AT,CG,AT,TT,AA,GG,AA,CT,AC,TT,CG,TT,AA,CC,TT,GG,AG,CG,AG,CC,TT,TT,GT,GG,TT,AA,CC,AG,GT,CC,CC,GG,CC,GG,AT,AA,CG,TT,GG,CC,CC,AA,GG,CC,AT,CC,AA,AG,CC,CC,AC,TT,AA,GG,AA,AA,AC,NN,GG,AA,AA,AA,TT,GG,AA,GG,AC,AC,TT,AA,NN,GG,GG,GG,TT,AA,AG,TT,TT,TT,AG,TT,GG,GG,AA,4.99,Resistant,Low,Premium,Early
L0643,Anantapur,Andhra Pradesh,Kharif,Red Sandy,Rainfed,390,31.0,52,AA,CT,GG,AG,GG,CC,GG,TT,CC,CG,AA,CT,CG,TT,GT,GG,CG,TT,TT,AA,CC,TT,GT,CT,TT,CC,TT,TT,GT,AA,TT,CT,AA,CC,AG,GG,GG,CG,GG,CC,TT,TT,AA,TT,AA,AG,TT,TT,CC,CC,GG,AT,AA,GG,CC,GT,AA,CC,GT,AA,AA,TT,NN,AG,TT,TT,CC,GG,TT,GT,AA,GT,CC,AA,GG,AA,AT,GG,TT,TT,GG,GG,GG,CC,AA,GG,AA,AA,CG,TT,CC,TT,CT,TT,TT,GG,CT,CC,GG,CC,CC,CC,AG,AA,AT,TT,CG,AA,AG,AA,CT,GG,TT,CC,TT,AC,AA,TT,CG,AG,CG,GG,CC,GG,CT,AG,CC,NN,CC,CG,AA,GT,CC,AA,CC,CC,AA,TT,AA,AA,CG,CC,CC,GG,AA,AG,AA,CC,GG,CC,NN,AA,AA,GG,GT,AG,AA,GT,CT,GG,CC,TT,GT,CT,CC,TT,GG,TT,AT,TT,CG,CC,GG,CC,CC,CC,GG,CC,AA,GG,AG,CC,TT,CG,GG,GT,CG,AT,AA,AG,TT,CC,GG,AA,CC,CC,GG,GG,AC,CG,TT,AA,AA,CC,GG,AA,CC,AA,AT,GG,TT,AT,AT,CG,TT,AA,CC,AT,GT,AA,GG,AA,TT,AA,TT,CC,CT,AA,CC,CT,GG,AG,NN,AG,AC,AT,TT,GT,GG,TT,AA,CC,AA,GG,CG,CG,GG,CC,GG,AT,AG,CG,TT,GG,CC,CC,AT,GG,CG,AA,CC,AA,AA,CC,CC,AA,AT,AA,GG,AA,AA,AC,AA,GG,GG,AG,AA,AT,GG,AC,AA,CC,AC,TT,AA,AG,GG,GG,GG,TT,AA,AA,TT,TT,TT,AA,TT,CG,GG,AA,6.29,Susceptible,Low,Standard,Medium
L0644,Anantapur,Andhra Pradesh,Kharif,Red Sandy,Rainfed,390,31.0,52,AC,TT,GG,AG,GG,CC,GG,TT,CC,CG,AA,CT,CC,AT,TT,GG,CG,TT,TT,AG,CC,GT,GT,CT,TT,CC,TT,TT,GT,AA,TT,CC,AA,CC,GG,GG,GG,CC,GG,CC,TT,CT,AA,TT,AA,AG,TT,TT,CG,CC,GT,AA,AA,GG,CC,TT,AT,AA,GG,AC,AA,GT,AT,AA,TT,TT,CC,GG,TT,GG,AG,NN,CC,AA,AG,AA,AT,GG,GG,TT,GG,GG,GT,CC,AA,GG,AA,AA,CC,GG,CC,TT,CT,TT,TT,GG,TT,CC,TT,CC,CC,CC,AG,AA,TT,TT,CC,AA,AA,AC,CC,GG,TT,CC,GT,AA,NN,TT,CC,GG,CG,GG,CT,GT,CT,AG,CT,CC,CC,CC,AG,TT,AC,AA,CC,CC,AA,TT,AA,AA,GG,CC,CC,GG,AA,AA,AA,CC,NN,CC,CC,AG,AA,GG,TT,AG,AC,TT,TT,AG,AC,GT,TT,CC,CG,AA,GT,CT,AT,TT,GG,CC,AA,TT,CC,CC,GG,AC,AA,NN,AA,CC,TT,CG,TT,TT,GG,AA,AA,AA,TT,CC,GG,AA,CC,CC,GG,AG,AA,GG,TT,AA,AA,CC,GG,AA,CC,AT,AT,GT,TT,AT,AA,CG,TT,AT,CC,AA,TT,AA,GG,AA,CT,AC,TT,CC,TT,AA,CC,TT,CG,AA,CC,AG,CC,TT,CT,GT,GG,TT,AC,AA,AG,GG,CC,CG,GG,CC,GG,TT,AA,CG,TT,GG,CC,CC,AA,GG,CC,AA,CC,AT,AA,AC,CC,CC,AT,AA,CG,AA,AC,AC,AA,GG,NN,AA,AA,TT,CG,AC,AA,AC,AA,CT,AA,AA,GG,GG,GG,TT,AT,AA,GT,TT,AT,AG,AT,GG,GG,AA,1.46,Moderate,High,Poor,Late
L0645,Anantapur,Andhra Pradesh,Kharif,Red Sandy,Rainfed,390,31.0,52,AA,TT,AG,AA,GG,CG,GT,TT,CC,CC,AA,CC,CC,TT,TT,GG,GG,TT,TT,AA,CC,GT,GT,CC,TT,CC,TT,TT,GG,AA,TT,NN,AA,CC,GG,GG,GG,GG,GG,AC,TT,CT,AA,TT,AA,GG,TT,TT,CC,AA,GG,AT,AA,GG,CC,TT,AA,AA,TT,AA,AA,TT,TT,AG,TT,AT,CC,GG,TT,GG,AG,GG,CC,AA,GG,AA,AT,GG,TT,TT,GG,GT,GG,CC,AT,GG,AA,AA,CC,GT,CC,TT,CT,AT,TT,GG,CT,AC,TT,CC,CT,CG,AG,AA,AT,TT,CC,AA,AG,AA,CC,GG,TT,CC,TT,AA,AA,TT,CC,AG,CG,AA,CC,TT,CT,AA,CC,CC,CC,CG,AA,TT,CC,AA,CC,CC,AA,TT,AG,AT,GG,CC,CC,GG,AG,AG,AA,CC,GG,CC,CC,AA,AG,GG,GT,GG,AC,GT,CT,GG,CC,TT,GG,TT,CC,AT,TT,TT,AA,TT,GG,CC,AA,CC,CC,CC,GG,CC,AA,GG,GG,CC,TT,CC,GG,TT,GG,AA,AG,AG,TT,CC,CG,AA,AC,CC,GG,GG,AA,GG,TT,NN,AA,CC,GG,AA,CC,AA,AT,GG,TT,AT,AT,GG,GT,AT,CG,TT,GT,AA,GG,AA,CT,AA,TT,CG,CT,AA,CC,TT,CG,AG,CC,AA,CC,TT,CT,TT,GG,TT,AC,AC,AA,GG,CC,CG,GG,CC,GG,AT,AG,CC,GT,GG,CC,CG,AA,AG,CC,AT,CC,AA,AA,AC,CG,AC,TT,AA,GG,AA,AC,AC,AA,GG,AA,AA,AG,AT,GG,AC,AA,AC,AC,CC,AA,AG,GG,AG,GG,TT,AT,NN,TT,TT,TT,AA,TT,GG,GG,AC,5.2,Resistant,Low,Premium,Late
L0646,Anantapur,Andhra Pradesh,Kharif,Red Sandy,Rainfed,390,31.0,52,AA,TT,NN,AA,NN,CC,GG,TT,CC,CG,AA,CC,CG,TT,TT,GG,GG,TT,TT,AG,CC,GT,GG,CT,TT,CC,TT,TT,GT,AA,TT,CT,AA,CC,GG,GG,GG,CC,GG,CC,TT,CT,AA,GT,AA,GG,TT,AT,CG,CC,GG,AT,AG,GG,CC,TT,AT,AA,GT,AA,AA,TT,TT,AG,TT,TT,CC,GG,TT,GG,AG,GG,CC,AA,GG,AC,AT,GG,TT,TT,AG,GG,GG,CC,AA,GG,AA,AA,CC,GT,AC,TT,CC,AT,TT,GG,TT,AC,TT,CC,CT,CC,GG,AA,AT,TT,CG,AA,AA,AC,CT,GG,TT,CC,TT,CC,NN,TT,CC,GG,CC,AG,CC,GG,TT,AA,CT,CC,CC,CC,AA,TT,AC,AA,CC,CC,AA,TT,AG,AA,GG,CC,CC,GG,AA,AA,AA,CC,GG,CC,CC,AA,AA,GG,TT,AG,AC,TT,CT,GG,CC,GT,TT,TT,CC,AT,GT,TT,AA,TT,GG,CG,AA,CC,AC,CC,CG,CC,AA,GG,AG,CC,TT,CC,GT,TT,CG,AA,AA,AG,TT,CC,GG,AA,AC,CC,GG,GG,NN,GG,TT,AA,AA,CC,GT,AA,CC,AA,AA,GT,TT,TT,AT,GG,GG,AA,GG,AT,TT,AA,GG,AA,TT,AA,TT,CC,TT,AA,CC,TT,CG,AG,CC,AA,AC,AT,TT,TT,GG,TT,AA,AC,AA,GT,CC,CG,GG,CC,GG,AA,AA,CC,TT,AG,CG,CC,AT,AG,CG,TT,CC,AT,AA,CC,CG,AC,TT,AA,GG,AA,AA,AC,AA,AG,AG,AA,AA,TT,GG,AC,GG,AC,AC,TT,AA,AA,GG,GG,GG,TT,AA,AA,TT,TT,AT,AA,TT,GG,GG,AC,4.24,Resistant,Medium,Premium,Early
L0647,Anantapur,Andhra Pradesh,Kharif,Red Sandy,Rainfed,390,31.0,52,AA,CT,GG,AA,CG,CC,GG,TT,CG,CC,AT,CC,CC,AA,TT,GG,CG,TT,TT,AA,CG,TT,TT,CC,AT,CC,TT,AT,GG,AA,TT,CC,AA,CC,GG,CC,GG,CG,GG,CC,TT,TT,AA,TT,AG,AG,TT,TT,CC,AA,GG,AA,AG,CG,CC,GT,AT,AC,GG,CC,AA,TT,AT,AA,TT,AT,CC,GG,TT,GT,AA,GT,CC,AA,AG,AA,AT,AG,TT,TT,AG,GG,GG,CC,AA,GG,AA,AA,CG,GT,CC,TT,CT,TT,TT,GG,TT,CC,GT,CC,CC,CC,AA,AA,TT,TT,CC,AG,AG,AA,CC,GG,TT,CC,TT,AA,AA,TT,CC,AG,CC,GG,CC,GG,CT,AA,CC,CC,CC,CC,AA,TT,CC,AA,CC,CC,AA,TT,AA,AA,CG,CT,CG,GG,AA,GG,AA,CC,GG,CC,CC,AA,AG,GG,GT,GG,AA,TT,TT,GG,CC,GT,TT,TT,CG,AT,TT,TT,AA,AT,GG,CC,AA,TT,CC,CC,GG,AC,AA,GG,AG,CC,TT,CC,GG,TT,GG,TT,AA,AG,TT,CC,GG,AA,CC,CC,GG,GG,AA,GG,TT,AA,AA,CG,GG,AA,AC,AA,AT,GT,TT,AT,AA,CG,GG,AT,GG,TT,GT,AA,GG,AA,CT,AC,TT,CC,TT,AC,CC,CT,GG,GG,CC,AG,AC,TT,CT,TT,CG,TT,AA,CC,AA,GT,CC,CC,GG,CC,NN,AT,AA,CG,TT,AG,CC,CC,AT,GG,GG,AA,CC,AA,AA,CC,CC,AC,TT,AG,GG,AA,AA,AC,AA,AA,AA,AA,AA,AT,GG,AA,AA,AC,AA,CT,AA,AA,GG,GG,GG,TT,AA,AA,GT,TT,TT,AG,AA,GG,CG,AA,0.9,Susceptible,Medium,Premium,Late
L0648,Anantapur,Andhra Pradesh,Kharif,Red Sandy,Rainfed,390,31.0,52,AC,TT,GG,GG,CG,CG,GT,AT,CC,CC,AA,CC,CC,TT,TT,GG,NN,TT,TT,AG,CC,GT,GG,CC,TT,CC,TT,TT,GG,AA,TT,CC,AA,CC,GG,CC,GG,CG,GG,CC,TT,CC,AA,TT,AA,AG,TT,TT,CC,AC,GT,AT,AA,GG,CC,GT,AA,AA,GT,AA,AG,TT,AT,AG,TT,TT,CC,GG,CT,GT,AA,GG,CC,AA,GG,AC,TT,GG,TT,TT,GG,GT,GG,CC,AA,GG,AA,AA,CC,NN,CC,TT,CT,AA,TT,GG,TT,CC,NN,NN,CC,CG,AA,GG,AT,TT,CC,AA,GG,AA,CC,GG,TT,CC,GT,AA,AC,TT,CC,AA,CC,GG,CC,GG,TT,AG,CC,CC,CC,CG,AA,TT,CC,AA,CC,CC,AA,TT,AA,AT,GG,CT,CC,GG,AA,GG,AA,CC,GG,CC,CC,AG,AG,GG,TT,NN,AA,TT,CT,GG,AA,TT,GT,CT,CG,AA,NN,CT,AA,TT,GG,CC,AA,CC,CC,CC,CC,CC,AA,AG,AA,CC,TT,CC,GT,GG,GG,AT,AA,AG,TT,CC,GG,AA,CC,CC,GG,AG,AA,GG,TT,AC,AA,CC,GG,AA,CC,AA,AA,GT,TT,TT,AT,GG,TT,AA,CG,TT,TT,AA,GG,AA,CT,AA,TT,CC,TT,AA,CC,CC,CC,AG,CC,AA,CC,TT,CT,TT,GG,TT,AA,CC,AA,GG,CC,CC,GG,CC,GG,AT,AA,CC,TT,GG,CC,CC,AA,GG,GG,AA,CC,AA,AA,AC,CC,CC,TT,AA,GG,AA,AC,AA,AC,GG,AA,GG,AA,AA,CG,AA,GG,AA,AA,TT,AA,AA,GG,GG,GG,TT,AA,AA,GT,TT,TT,AG,TT,GG,GG,AA,3.84,Susceptible,Low,Poor,Early
L0649,Anantapur,Andhra Pradesh,Kharif,Red Sandy,Rainfed,390,31.0,52,AA,TT,GG,AG,GG,CC,GG,TT,CC,CC,AT,CC,CC,TT,TT,GG,CG,TT,TT,AA,CG,GT,GG,CC,TT,CC,TT,TT,NN,AA,CT,CT,AA,CC,GG,GG,GG,CC,GG,CC,TT,TT,AA,GT,AA,GG,TT,AT,CC,AC,GG,AA,AA,GG,CC,TT,AA,AA,TT,AA,AG,TT,TT,AA,CT,AT,CC,GG,TT,GG,AA,GG,CC,AA,AG,AC,AT,GG,TT,TT,GG,GG,GG,CC,AA,AG,AA,AA,CG,GT,AC,TT,CT,TT,GT,GG,TT,CC,GG,NN,CT,CC,GG,AG,TT,TT,CC,AA,AG,AA,CT,GG,TT,CC,TT,AA,AC,TT,CC,AG,CC,GG,CC,GG,TT,AA,CC,CC,CC,CC,AA,TT,CC,AC,CC,CC,AA,TT,AA,AA,GG,CT,CC,AG,AA,GG,AA,AC,GT,CC,CC,AA,AG,AG,NN,AG,AC,TT,CT,GG,CC,TT,TT,CT,NN,AA,TT,CT,AT,TT,CG,CC,AA,CT,CC,AC,GG,CC,AA,GG,AA,CC,TT,CC,GT,TT,CG,TT,AA,AG,TT,CC,CG,AC,AC,CC,CG,GG,AC,GG,TT,CC,AA,CC,GG,AA,CC,AT,AT,GG,TT,TT,AA,CG,GT,TT,CC,TT,GT,AA,NN,AG,CT,AC,TT,CC,TT,AA,CC,CT,GG,AG,CC,AG,AC,AT,TT,TT,GG,TT,AA,AC,AA,GG,CC,CG,GG,CC,GG,TT,AA,CC,GT,GG,CG,CC,AA,GG,CC,AA,CC,AA,AA,CC,CC,AC,TT,AA,GG,AA,AC,AC,AA,AG,AG,AA,AA,TT,NN,AC,AG,CC,AC,CT,AA,AG,GG,GG,GG,GT,AA,AG,GT,TT,TT,AA,TT,GG,GG,AA,1.87,Moderate,Medium,Standard,Late
L0650,Anantapur,Andhra Pradesh,Kharif,Red Sandy,Rainfed,390,31.0,52,AC,TT,AG,AA,GG,CC,GT,TT,CC,CG,AA,CC,CC,TT,TT,GG,CG,TT,TT,AG,CC,TT,TT,CC,TT,CT,TT,TT,GT,AA,TT,CT,AA,CC,GG,GG,GT,CC,GG,CC,TT,CC,AA,GT,AG,AG,CT,TT,CC,AA,GT,AT,AA,GG,CC,GT,AA,AA,GT,AC,AG,TT,TT,AG,TT,TT,CC,GG,TT,GT,AG,GG,CC,AA,AG,AA,AA,GG,GT,TT,GG,GG,GG,CC,AA,GG,AG,AA,CG,TT,CC,TT,CC,TT,TT,GG,CT,CC,TT,CC,CT,CC,GG,AA,AT,TT,CG,AA,AA,AA,CT,GG,TT,CC,TT,AC,AA,TT,CC,AG,CC,GG,CC,GG,CC,AA,CT,CG,CC,CC,AA,TT,CC,AA,CC,CC,NN,NN,AA,AA,GG,CC,CC,AG,AA,AG,AA,CC,GG,CC,CC,AA,AG,GG,TT,GG,AA,TT,TT,AG,CC,TT,TT,CC,CC,AA,GT,TT,AA,TT,GG,CC,AA,CT,AC,CC,CG,AC,AA,GG,AG,CC,TT,CC,GG,TT,GG,TT,AA,AG,TT,CC,GG,NN,CC,CC,GG,AG,AC,GG,TT,AA,AG,CC,GG,AA,CC,AA,AT,NN,GG,AT,AT,GG,TT,TT,CC,AA,TT,AA,GG,AA,TT,AA,TT,CC,TT,AA,CC,TT,CG,GG,CG,AG,CC,AT,TT,GT,GG,TT,AA,AC,AA,GG,CC,CC,GG,CG,GG,AT,AA,CC,TT,GG,CC,CG,AT,GG,CC,AA,CC,AA,AA,CC,CG,AC,TT,AA,GG,AA,AA,AC,AA,AG,AA,AA,AA,AT,CG,AC,AA,CC,AA,CT,AG,AG,GG,GG,GG,TT,AA,AA,TT,TT,TT,AG,AT,GG,GG,AC,2.88,Resistant,Low,Poor,Early
L0651,Anantapur,Andhra Pradesh,Kharif,Red Sandy,Rainfed,390,31.0,52,AA,TT,AG,AA,GG,CC,GG,TT,CC,CG,AA,CT,CC,AA,TT,GG,GG,TT,TT,AA,CG,GT,GT,CC,AT,CC,TT,TT,GG,AA,NN,CC,AA,CC,GG,CG,GG,CC,GG,CC,TT,CT,AA,TT,AA,GG,TT,AT,CC,CC,GG,AA,AA,GG,CC,TT,AA,AA,GT,AA,AA,TT,TT,AG,CT,TT,CC,NN,TT,GT,AG,GG,CC,AA,AG,AC,AT,GG,TT,TT,GG,GG,GG,CC,AA,GG,AA,AA,CC,GT,CC,TT,CC,TT,TT,GG,CT,CC,TT,CC,CC,CG,AG,AA,AT,TT,CG,AA,AA,AA,CC,GG,TT,CC,TT,AA,AA,TT,CC,AG,CG,GG,NN,GT,TT,AG,CC,CC,CC,CC,AA,GT,CC,AA,CC,CC,AA,TT,AA,AA,GG,CC,CC,GG,AA,AA,AA,CC,GT,CC,CC,AA,GG,GG,GT,AG,AC,TT,CT,GG,AC,TT,GT,TT,CC,AT,TT,TT,AA,AT,GG,CC,AG,CT,NN,CC,GG,CC,AA,GG,AG,CC,TT,CC,GT,TT,CG,AT,AA,AA,GT,AC,GG,NN,CC,CG,GG,GG,AA,GG,TT,AC,AA,CC,GG,AA,CC,AA,AA,GT,TT,TT,AA,CG,GT,AA,CC,TT,GT,AA,GG,AA,CT,AA,TT,CG,TT,NN,AC,TT,NN,AG,CC,AG,AC,TT,CT,GT,GG,TT,AA,AA,AG,GG,CC,CG,GG,CC,GG,TT,AG,CC,TT,GG,CC,CC,AA,GG,CC,AA,CC,AA,AA,CC,CC,AC,TT,AA,GG,AA,AA,AA,AA,AG,AA,AG,AA,AT,GG,AC,AG,AA,AC,CT,AA,AG,CG,GG,GG,TT,AT,AA,TT,TT,TT,AG,TT,GG,GG,AA,3.11,Susceptible,Medium,Premium,Medium
L0652,Anantapur,Andhra Pradesh,Kharif,Red Sandy,Rainfed,390,31.0,52,AC,CT,AG,AG,CG,CC,GT,TT,CC,CG,AA,CT,CC,TT,TT,GG,CG,TT,TT,AA,CC,TT,GT,CC,TT,CT,TT,TT,GT,AA,TT,CC,AA,CC,GG,GG,GG,CG,GG,CC,TT,TT,AA,GT,AA,AG,TT,AT,NN,AA,GT,TT,AG,GG,CC,GT,AA,AA,GG,CC,AA,TT,AT,AG,TT,AT,CC,GG,TT,GG,AA,GG,CC,AA,GG,AA,TT,GG,TT,TT,GG,GG,GG,CC,AA,GG,AA,AA,CC,NN,CC,TT,CT,TT,TT,GG,TT,CC,TT,CC,CC,CC,GG,AA,TT,TT,CC,AA,GG,AA,TT,GT,GT,CG,TT,AA,AC,NN,CC,GG,CG,GG,CC,GG,TT,AA,CC,CC,CC,CC,AA,GT,CC,AA,CC,CT,AA,TT,AA,AA,GG,CT,CC,GG,AA,AA,AA,CC,GT,CC,CG,AG,AG,GG,NN,GG,AA,TT,CT,GG,AC,TT,TT,TT,CC,AA,TT,TT,AT,AT,GG,CC,AA,CC,AC,CC,CC,CC,AA,GG,AG,CC,TT,CC,GT,GG,GG,AT,AG,AA,TT,CC,GG,AA,CC,CC,GG,GG,AC,NN,TT,AA,AA,CC,TT,AT,CC,AA,TT,GT,TT,TT,AT,GG,GG,AT,CG,TT,TT,AA,GG,AA,CT,AA,TT,CC,CT,AC,CC,TT,CG,AG,CC,GG,CC,AT,TT,GT,GG,TT,AA,CC,AA,GG,CC,GG,GG,CC,GG,AT,AA,CC,TT,GG,CC,CG,AT,AG,CC,AA,CG,AA,NN,CC,CG,CC,TT,AA,GG,AA,AC,AA,AA,AG,AG,AA,AG,TT,CG,AA,AA,AC,CC,CT,AA,AA,CG,AG,GG,TT,AA,AA,GT,TT,TT,AA,TT,GG,CG,AA,3.27,Moderate,Low,Poor,Late
L0653,Anantapur,Andhra Pradesh,Kharif,Red Sandy,Rainfed,390,31.0,52,AC,NN,AG,AG,GG,CC,GG,AT,CC,CC,AA,CT,CG,TT,GT,GG,CG,TT,AT,AG,CG,GG,GG,CT,TT,NN,TT,TT,GT,AA,TT,CC,AA,CC,GG,CG,GG,CG,GG,CC,TT,CT,AC,TT,AA,AG,TT,TT,CC,AC,GT,AT,AA,GG,CC,TT,AA,AC,GT,AA,AA,TT,AT,AA,TT,AA,CC,GG,TT,GG,AG,GG,CC,AG,GG,AA,AA,GG,TT,TT,GG,GG,GT,CC,AT,GG,AA,AA,CC,TT,CC,TT,CT,AT,GT,GG,CT,CC,GG,CT,TT,CC,AG,AA,TT,TT,CG,AA,AA,AA,CT,GG,TT,CC,TT,AA,AA,TT,CC,AG,CC,GG,CC,GT,TT,AA,CC,CC,CC,CC,AG,TT,CC,AA,CC,CC,NN,TT,AA,AA,GG,CT,CC,GG,AG,AG,TT,CC,GG,CC,CC,AG,AG,GG,GT,NN,AC,TT,CT,GG,CC,TT,GT,TT,CC,AT,TT,TT,AA,AT,CG,CC,AG,CC,CC,AC,GG,CC,NN,GG,AG,CC,TT,CC,GT,TT,CC,TT,AA,AA,TT,CC,CG,AA,CC,CC,GG,GG,AA,GG,TT,AA,AG,CC,GG,TT,CC,AA,AT,TT,TT,TT,AT,CG,NN,AA,CC,TT,GT,AA,GG,AA,CT,AA,TT,CC,CT,AA,CC,TT,CG,AG,CG,AG,CC,TT,TT,TT,GG,TT,AA,AC,AA,GG,CC,CG,GG,CC,GG,TT,AA,CC,TT,GG,CC,CG,AA,AG,CG,AT,CG,AA,AA,AA,CG,AC,TT,AA,GG,AA,AA,AA,AA,GG,AG,AA,AA,TT,GG,AC,AA,CC,AC,CT,AA,AA,GG,GG,GG,GT,AT,AA,TT,TT,TT,AA,AT,GG,GG,AA,4.16,Susceptible,Low,Standard,Late
L0654,Anantapur,Andhra Pradesh,Kharif,Red Sandy,Rainfed,390,31.0,52,AA,CT,GG,AG,GG,CC,GG,AT,CC,CG,AT,CC,GG,TT,GG,GG,GG,TT,TT,AA,CG,TT,TT,CC,TT,CC,TT,TT,GG,AA,CT,CC,NN,CC,AG,NN,GG,CG,GG,CC,TT,CT,CC,TT,AA,AG,TT,AT,CC,CC,GG,AA,AA,GG,CC,TT,AA,AC,GT,AC,AA,TT,AT,AG,CT,TT,CC,GG,TT,GT,AA,GG,CC,AA,GG,AC,TT,GG,TT,TT,GG,TT,GG,CC,TT,GG,AA,AA,CC,TT,CC,TT,CC,AT,TT,AG,TT,CC,TT,CC,CC,CG,GG,AA,AT,TT,CC,AA,AG,AC,TT,GG,TT,CC,TT,AA,AA,TT,CC,AG,CG,GG,CC,GG,CC,AG,CC,CC,CC,CC,AA,GT,CC,AA,CC,CC,AA,TT,AA,AA,GG,TT,CC,GG,AA,AG,AA,CC,GT,CC,CC,AG,AA,GG,GT,GG,AA,TT,CT,GG,CC,TT,GT,TT,CG,AT,GT,TT,AA,AT,GG,CC,AA,CT,CC,CC,CG,CC,AA,GG,AG,CC,TT,CG,GT,TT,CG,TT,AA,AA,TT,CC,GG,AC,CC,CC,GG,GG,AA,GG,TT,AC,AA,CC,GG,AA,CC,AA,AT,GT,TT,TT,AA,GG,GT,AA,CC,AT,TT,AA,GG,AA,TT,AC,TT,CC,TT,AC,CC,CT,GG,AA,CG,GG,CC,AT,CC,TT,GG,TT,AA,AC,AA,GG,CC,CC,GG,CG,GG,TT,AA,CC,TT,GG,CC,CC,AA,GG,CG,AT,CC,AA,AA,CC,CG,AA,AT,AG,GG,AA,AA,AC,AA,AG,AG,AA,AA,TT,GG,AA,AG,AC,AA,CT,AA,AA,GG,GG,CG,TT,AT,AA,GT,TT,TT,AA,AT,GG,GG,AA,2.23,Susceptible,Low,Poor,Early
L0655,Anantapur,Andhra Pradesh,Kharif,Red Sandy,Rainfed,390,31.0,52,AA,TT,AG,AA,GG,CC,GG,TT,CC,GG,AA,CT,CG,TT,TT,GG,GG,TT,TT,AA,CC,TT,TT,CT,TT,CT,TT,TT,GG,AA,TT,CC,NN,CC,GG,GG,GG,CC,GT,CC,TT,TT,AC,TT,AG,AG,TT,TT,CC,AA,GT,AA,AA,GG,CT,GT,AA,CC,GT,AA,AA,TT,TT,AA,TT,AT,CC,GT,TT,GG,AG,GT,CC,AA,AG,AC,AT,GG,TT,TT,GG,GG,GG,CC,AA,GG,AA,AA,CG,GT,CC,TT,CT,TT,TT,GG,CT,CC,GT,CC,CT,CC,AG,AA,AA,TT,CC,AA,AA,AA,CC,GG,TT,CC,TT,AA,AC,TT,CG,AG,NN,GG,CC,GG,TT,AA,CC,CC,CC,CG,AA,TT,CC,AA,CC,CC,AA,TT,AG,AA,GG,CC,CC,GG,AA,AA,AA,CC,GG,CC,CC,AA,AG,GG,TT,AG,AA,TT,TT,GG,CC,GT,GT,TT,CC,AT,GG,TT,AA,TT,GG,CG,GG,CC,CC,CC,CG,CC,AA,GG,AG,CC,TT,CC,GG,GT,GG,NN,AA,AA,TT,CC,GG,AC,AC,CC,GG,GG,AC,CG,TT,AA,AG,CG,GG,AA,CC,AA,AA,GG,TT,AT,AT,GG,TT,AA,CC,TT,GT,AA,GG,AA,CT,AA,TT,CC,NN,AA,CC,TT,GG,AG,CC,AG,AC,AT,CT,GG,GG,AT,AA,AC,AA,GG,CC,CG,GG,CC,GG,AA,AA,CC,GT,GG,CC,CC,AA,GG,CC,AA,CC,AA,AA,AC,CC,CC,TT,AA,GG,AA,AC,AA,AA,GG,AA,AA,AA,AA,CG,AA,AG,AC,AA,TT,AA,AA,GG,GG,GG,GT,AA,AA,TT,TT,TT,NN,AT,GG,GG,AA,4.93,Susceptible,Low,Premium,Medium
L0656,Anantapur,Andhra Pradesh,Kharif,Red Sandy,Rainfed,390,31.0,52,AA,TT,GG,GG,GG,CC,GT,AT,CC,CC,AT,CT,CC,TT,TT,GG,GG,TT,TT,AA,CC,GT,GT,NN,TT,CC,TT,TT,GG,AA,CT,CC,AA,CC,GG,GG,GG,CC,GG,CC,TT,TT,AA,GT,AA,NN,TT,AT,CC,CC,GT,AA,AG,GG,CC,GT,AA,AA,GT,AA,AA,GT,NN,AA,TT,AT,CC,GG,TT,GT,AA,GT,CC,AG,GG,AC,AA,GG,TT,TT,GG,GG,GG,CC,AA,GG,AA,AA,CC,GT,AC,TT,CT,TT,TT,GG,TT,CC,GT,CC,CC,CC,GG,AA,TT,TT,CG,AA,AA,AA,CC,GG,TT,CC,GT,AA,AA,TT,CC,GG,CC,AG,CC,TT,CT,AA,CT,CC,CC,CC,AA,GT,AC,AA,CC,CT,AA,TT,AA,AT,GG,CT,CC,GG,AA,GG,AA,CC,GT,CC,CC,AA,AG,AG,TT,GG,AA,TT,CT,AG,CC,TT,GT,TT,CG,AA,TT,CC,AA,TT,GG,CC,AA,CT,NN,CC,CG,AC,AA,GG,AG,CC,TT,CC,GT,GT,GG,TT,AA,AG,NN,AC,CG,AA,CC,CC,GG,GG,AA,GG,TT,NN,AG,NN,GG,AA,CC,AA,AA,GG,TT,TT,TT,GG,GG,AA,CC,AA,TT,AA,GG,AA,TT,AA,TT,CC,TT,AA,CC,CT,GG,AA,CC,AG,CC,TT,TT,TT,GG,TT,AA,CC,AG,GG,CC,CG,GG,CC,GT,AA,AA,CC,TT,GG,CC,CG,AA,GG,CC,AA,CC,AT,AA,CC,CC,CC,TT,AA,CG,AA,AA,AC,AA,AG,AA,AA,AA,TT,CG,AA,AG,CC,AA,CT,AG,AA,GG,GG,GG,TT,AT,GG,TT,TT,TT,AA,TT,GG,CG,AA,2.23,Susceptible,Medium,Premium,Late
L0657,Anantapur,Andhra Pradesh,Kharif,Red Sandy,Rainfed,390,31.0,52,AC,TT,GG,AG,CG,CC,GT,TT,CC,CG,AA,CT,CG,TT,TT,GG,CG,TT,TT,NN,CC,TT,TT,CC,TT,CC,TT,TT,GG,AA,TT,CT,AA,CC,GG,CG,GG,CC,GG,AC,TT,CC,AA,TT,GG,GG,TT,TT,CC,CC,GG,AA,AA,GG,CT,TT,AT,AC,GG,AA,AA,TT,AT,AA,TT,AT,CC,GG,TT,NN,AA,GG,CC,AA,GG,AA,AT,GG,TT,TT,GG,NN,GT,CC,AA,GG,AA,AT,CC,TT,CC,TT,CC,TT,TT,GG,CT,AC,GT,CC,CT,GG,AG,AA,NN,GT,CC,AA,GG,AA,CC,GG,TT,CC,TT,AA,AA,TT,CC,GG,CG,GG,CC,GT,TT,AA,CC,CC,CC,CC,AA,TT,CC,AA,CC,CC,AA,TT,AA,AA,CG,CT,CC,GG,AA,AG,AA,AC,GG,CC,CC,AA,AA,GG,TT,GG,AA,TT,TT,GG,AC,TT,TT,TT,GG,AA,GT,TT,AA,TT,GG,CC,AA,CC,CC,CC,GG,CC,AA,GG,AG,CC,TT,CC,GG,TT,GG,NN,AA,AG,TT,CC,GG,AC,CC,CC,GG,GG,AA,GG,TT,NN,AA,CC,GG,AA,CC,AA,AA,GG,GT,AA,AT,GG,TT,AA,CC,TT,GT,AA,GG,AA,TT,AA,TT,CC,TT,AA,CC,TT,GG,AA,CG,GG,CC,TT,CT,GT,GG,AT,AA,CC,AG,GG,CC,CC,GG,CC,GG,TT,AA,CG,TT,GG,CC,CC,AA,GG,CG,AA,CG,AT,AG,AC,CC,AC,TT,AA,GG,AA,AA,AA,AA,AA,AG,AG,AA,TT,GG,AA,AG,AC,AA,TT,AA,AA,GG,GG,GG,GT,AA,AA,TT,TT,TT,AA,TT,GG,NN,AA,4.16,Moderate,Low,Premium,Medium
L0658,Anantapur,Andhra Pradesh,Kharif,Red Sandy,Rainfed,390,31.0,52,AA,TT,GG,AG,GG,CG,GT,TT,CC,CC,AA,CT,NN,AT,TT,GG,CG,TT,TT,AA,CC,TT,GT,CT,TT,CC,TT,TT,GG,AA,CT,CC,AA,CC,GG,GG,GG,CC,GG,AC,TT,CC,AC,TT,AA,GG,TT,TT,CC,NN,GT,AA,AG,GG,CC,TT,AA,AA,GT,NN,AA,TT,AT,AG,TT,AT,CC,GG,TT,GT,AG,GG,CC,AA,GG,AC,AT,GG,TT,TT,GG,NN,GG,CC,NN,GG,AA,AA,CC,TT,CC,TT,CC,TT,TT,GG,CT,CC,GT,CC,CT,CC,AG,AA,TT,TT,CG,AG,GG,AA,CC,GG,TT,CC,TT,AA,NN,TT,CC,AG,CC,GG,CT,GG,CT,AG,CC,CC,CC,CC,AA,TT,CC,AA,CC,CC,AA,TT,AG,AA,GG,CC,CC,GG,AG,AA,AA,CC,GG,CC,CG,AA,GG,AG,GT,GG,AC,TT,TT,AG,CC,GT,TT,TT,CG,AT,GT,TT,AA,TT,GG,CC,AG,CC,CC,CC,CG,CC,AA,GG,GG,CC,TT,CC,GG,TT,CG,TT,AA,AA,TT,CC,GG,AC,AC,CC,GG,GG,AC,GG,TT,AA,AA,CC,GT,AT,AC,AA,AA,GG,TT,AT,AT,CG,GT,AT,CG,TT,TT,AA,GG,AA,TT,AC,TT,CC,TT,AC,CC,TT,CG,AA,CC,GG,AC,TT,CT,GT,GG,TT,AA,CC,AA,GG,CC,CG,GG,CC,GG,AT,AA,CC,TT,GG,CC,CC,AA,AG,CC,AA,CC,AA,AA,CC,CC,AC,TT,NN,GG,AA,AA,AC,AA,AG,AG,AG,AA,TT,GG,AA,AA,AC,AA,TT,AG,AG,GG,GG,GG,TT,AT,AA,GT,TT,TT,AA,AA,GG,GG,AC,6.43,Resistant,Low,Standard,Medium
L0659,Anantapur,Andhra Pradesh,Kharif,Red Sandy,Rainfed,390,31.0,52,AC,TT,GG,AG,GG,CC,GG,AT,CC,CC,AA,CT,CC,AT,GT,GG,GG,TT,TT,AA,CG,TT,GT,CC,AT,CC,TT,AT,GG,AA,CT,CC,AA,AC,GG,CG,GG,CC,GG,CC,TT,CT,AA,TT,AA,AG,TT,TT,CC,AC,TT,AA,AA,GG,CC,GT,AA,AA,GG,AC,AA,GT,AT,AG,TT,TT,CC,GG,CT,GT,AA,GG,CC,AA,GG,AC,TT,GG,GT,TT,GG,GT,GG,CC,AA,GG,AA,NN,CC,NN,AC,TT,CT,TT,TT,GG,TT,CC,TT,CC,CC,CC,AG,AA,TT,TT,CC,AA,AG,AA,TT,GG,TT,CC,TT,AA,AA,TT,CG,GG,CC,GG,CC,GG,TT,AA,CC,CC,CC,CC,AA,TT,CC,AA,CC,CC,AA,TT,AA,AA,GG,CC,CC,GG,AA,AA,AA,AC,NN,CC,CG,NN,AG,AG,TT,AG,AC,TT,CC,GG,AC,TT,TT,TT,CC,TT,NN,TT,AT,AT,GG,CC,AA,CT,CC,CC,GG,CC,AA,AG,AG,CC,TT,GG,TT,TT,GG,AT,AA,AA,TT,AC,GG,AC,CC,CC,GG,GG,AA,GG,TT,AC,AA,CC,GT,AA,AC,AA,AA,GG,TT,AT,AT,GG,GT,AT,CG,TT,TT,AA,GG,AA,TT,AA,TT,CC,TT,AA,CC,CT,CG,AA,CC,AG,CC,TT,TT,TT,GG,TT,AA,CC,AA,GG,CC,CC,GG,CC,GG,AT,AA,CC,GT,GG,CC,CC,AA,GG,CG,TT,CC,AA,AA,CC,CC,CC,TT,AA,NN,AA,AA,AA,AA,AG,AG,AA,AA,TT,GG,AA,AG,AC,AA,TT,AA,AA,GG,GG,GG,TT,AA,AA,TT,TT,TT,AG,AT,GG,CG,AA,1.31,Moderate,Low,Poor,Early
L0660,Anantapur,Andhra Pradesh,Kharif,Red Sandy,Rainfed,390,31.0,52,AC,TT,AG,NN,GG,CC,GG,AT,CC,CG,AA,CT,GG,TT,TT,GG,GG,AT,TT,AA,CG,GT,GG,CC,TT,CC,TT,TT,GG,AC,TT,CC,AG,CC,GG,CG,GG,CG,GG,CC,TT,TT,AA,GT,AA,GG,TT,TT,CG,AC,GG,AT,AA,GG,CT,TT,AA,AA,TT,AA,AA,TT,TT,AA,TT,TT,CC,GG,TT,GT,AG,GG,CC,AA,AG,AA,AT,GG,TT,TT,GG,GG,GG,CC,AA,GG,AA,AA,CC,GT,CC,TT,CT,AT,TT,GG,TT,AC,TT,CC,CC,CC,AG,AA,TT,GT,CC,AA,AG,AA,CT,GG,TT,CC,TT,AC,AC,TT,CG,AA,CG,AA,CC,GT,TT,AA,CT,CC,CC,NN,AA,TT,AA,AA,CC,CC,AA,TT,AA,AA,GG,CC,CC,GG,AA,AA,AA,AC,GT,CC,CC,AA,AG,GG,TT,AG,AA,TT,CT,GG,CC,GG,TT,TT,CC,AT,TT,TT,AA,TT,GG,CC,AA,CC,CC,CC,CG,CC,AA,GG,AG,CC,TT,CC,GG,TT,GG,TT,AA,AA,GT,CC,GG,AA,AC,CC,GG,AG,AA,CG,NN,AA,AG,CC,GG,AT,CC,AA,AT,GT,TT,TT,AT,GG,GG,AA,CC,AT,TT,AA,GG,AA,TT,AA,TT,CC,CT,AA,CC,TT,GG,AG,CC,AG,CC,NN,TT,TT,GG,TT,AA,CC,AA,GG,CC,CC,GG,CC,GG,TT,AA,CC,TT,GG,CC,CG,AT,GG,CC,AA,NN,AT,AA,CC,CC,AA,TT,AA,CC,AA,AC,AC,AC,AA,NN,AA,AA,TT,GG,AA,GG,AC,AA,TT,AA,AG,GG,GG,GG,TT,AA,AA,TT,TT,TT,GG,TT,GG,GG,AA,3.46,Susceptible,Medium,Premium,Early
L0661,Anantapur,Andhra Pradesh,Kharif,Red Sandy,Rainfed,390,31.0,52,AC,TT,GG,GG,GG,CC,GT,TT,CC,CC,AA,CC,CG,TT,TT,TT,GG,TT,TT,AA,CC,TT,TT,TT,TT,CC,NN,TT,GG,AA,CT,CT,AA,CC,GG,GG,GG,CG,GG,CC,TT,TT,AA,GT,AA,GG,TT,TT,CC,CC,GG,AA,AA,GG,CC,NN,AA,AA,GT,AA,AA,GT,TT,AA,TT,AT,CC,GG,TT,GT,AA,GG,CC,AA,NN,CC,AT,GG,TT,TT,GG,GG,GG,CC,AT,GG,AA,AA,CC,GT,CC,GT,CT,AA,TT,GG,TT,CC,GT,CC,CC,GG,AA,AA,TT,TT,CG,AA,AG,AA,NN,GG,TT,GG,TT,AA,AA,TT,CC,AG,CC,NN,CT,GG,TT,AA,CC,CC,CC,CC,AA,TT,AC,AA,CC,CC,AA,TT,AG,AA,GG,CC,CC,GG,AA,AG,AT,CC,GG,CC,CC,AA,GG,AG,GT,GG,AC,TT,CT,AG,AA,TT,NN,TT,CC,AT,TT,TT,AA,AT,GG,CC,AG,CC,CC,CC,GG,CC,AA,GG,GG,CC,TT,CC,GG,TT,GG,TT,AA,AA,TT,CC,CG,AA,CC,CC,GG,GG,AC,GG,TT,AC,AA,CC,GG,AA,AC,AA,AT,GG,TT,TT,AT,CG,GG,AT,CG,TT,GT,AA,GG,AA,TT,AA,TT,CG,CT,AA,CC,CC,GG,AA,CG,GG,CC,AT,TT,GT,GG,TT,AC,AC,AA,GG,CC,CG,GG,CC,GG,AT,AA,CC,TT,GG,CG,CC,AA,AG,CC,AT,CC,AT,AA,CC,CC,AC,TT,AG,GG,NN,AA,AA,AA,AG,AA,AG,AA,AT,GG,AA,AA,CC,AA,CT,AA,AA,GG,AA,GG,NN,AT,AA,TT,TT,TT,AA,TT,GG,CG,AA,4.3,Susceptible,Low,Poor,Medium
L0662,Anantapur,Andhra Pradesh,Kharif,Red Sandy,Rainfed,390,31.0,52,AC,TT,AG,AG,GG,CC,GT,AA,CC,CG,AT,CC,CC,TT,GT,GG,GG,TT,TT,AG,CC,GT,GG,CC,TT,CC,TT,AT,GG,AA,TT,TT,AA,CC,GG,GG,NN,CC,GG,CC,TT,TT,AA,GT,AA,GG,TT,TT,CC,AA,GG,AA,AA,GG,CC,GT,AA,AC,GG,AA,AA,TT,AT,GG,TT,AT,CC,GG,CT,GG,AA,GT,CC,AG,GG,AA,AA,GG,TT,TT,AG,GG,GG,CC,AA,GG,AA,AA,CC,GT,CC,TT,CC,TT,GT,GG,TT,CC,GG,CC,CT,CG,GG,AA,TT,TT,CC,AA,AA,AC,CC,GG,TT,CC,GT,AA,AA,TT,CC,AG,CG,GG,CC,GG,TT,NN,CC,CC,AC,CC,AA,TT,AC,AA,CC,CC,AA,TT,AG,AA,GG,CC,CC,GG,AA,AG,AA,CC,GG,CC,CC,GG,AA,GG,TT,GG,AC,TT,CT,AG,AC,GT,TT,TT,CG,AA,TT,TT,AA,AA,CG,CC,AG,CT,CC,NN,CG,CC,AA,GG,AA,CC,TT,CG,GT,TT,GG,AA,AA,AA,TT,CC,GG,AA,CC,CC,GG,GG,AC,CG,CT,AA,AA,CG,GG,AT,CC,AA,AA,GG,GT,AT,AA,GG,TT,TT,CG,AT,TT,AA,GG,AG,CT,AA,TT,CC,CT,AA,CC,TT,CG,AA,CC,AG,CC,TT,TT,TT,GG,TT,AA,AA,AA,GG,CC,CC,GG,CC,GG,TT,AA,CG,TT,GG,CC,CC,AA,AG,CC,AA,CC,AA,AA,AC,CC,CC,TT,AA,GG,AA,AA,AA,AA,GG,GG,AG,AA,TT,GG,AA,AA,AC,AC,CT,AA,AA,GG,GG,GG,TT,AA,AA,TT,TT,TT,AG,TT,GG,GG,AA,2.34,Moderate,Low,Poor,Early
L0663,Anantapur,Andhra Pradesh,Kharif,Red Sandy,Rainfed,390,31.0,52,AC,TT,GG,AG,CG,CC,GG,TT,CC,GG,AA,CC,GG,TT,TT,GG,GG,TT,NN,AA,CC,TT,GT,CC,TT,CC,TT,TT,GG,AA,TT,CT,AG,CC,GG,GG,GG,GG,GG,CC,TT,CT,AC,TT,AA,GG,TT,TT,CC,AC,GG,AA,AA,GG,CC,TT,AA,CC,GG,AA,AA,GT,AT,AA,NN,AT,CT,GG,CT,GG,AA,GG,CC,AA,GG,AA,AA,GG,TT,TT,AG,GG,GG,CC,AA,GG,AA,AA,CC,GG,AA,TT,CT,TT,TT,GG,TT,CC,TT,CT,CT,CC,AG,AA,TT,TT,CC,AA,AG,AA,CC,GG,TT,CC,GT,AC,AC,TT,CG,GG,CC,GG,CC,GG,CT,AA,CC,CC,CC,CC,AA,TT,CC,AA,CC,CC,AA,AT,AG,AA,GG,CC,CC,GG,AA,AA,AA,CC,GG,CG,CC,AA,AG,GG,TT,GG,AC,TT,TT,GG,CC,TT,TT,TT,CG,AT,TT,TT,AA,TT,GG,CC,AA,CC,AC,CC,CC,CC,AA,GG,AG,AC,TT,CC,GT,GT,GG,TT,AG,NN,TT,CC,GG,AA,CC,CC,GG,GG,AA,GG,TT,AC,AA,CC,GG,AT,CC,NN,TT,GG,TT,TT,AA,GG,GG,AT,CC,AA,TT,AA,GG,AA,CT,AA,TT,CC,CT,AC,CC,CT,GG,GG,CC,GG,AC,TT,TT,TT,GG,TT,AA,AC,AA,GG,CC,CC,GG,CC,GG,AT,AG,CC,TT,GG,CC,CG,AA,GG,CC,AA,CC,AA,AA,CC,CG,AC,AT,AA,GG,AA,AA,AC,AA,AG,AA,AA,AA,AT,CG,AA,AA,AC,AA,CT,AA,AA,CG,GG,CG,TT,AT,AA,TT,TT,TT,AG,AT,GG,NN,AA,4.07,Susceptible,Low,Standard,Medium
L0664,Anantapur,Andhra Pradesh,Kharif,Red Sandy,Rainfed,390,31.0,52,CC,TT,GG,AA,GG,CC,GT,TT,CC,CC,AT,CC,CC,AT,TT,GG,GG,TT,TT,AA,CC,TT,GG,CC,TT,CC,TT,TT,GG,AA,NN,CC,AA,CC,GG,GG,GG,CC,GT,CC,TT,CT,AA,GT,AA,AG,TT,TT,CC,CC,GT,AA,AA,GG,CT,TT,AA,AA,TT,AA,AA,TT,AA,AA,TT,TT,CC,GG,TT,GT,AA,GG,CC,AG,AG,AC,AA,GG,TT,NN,GG,GG,GT,CC,TT,GG,AA,AA,CC,TT,CC,TT,CT,TT,TT,GG,TT,AC,TT,CC,CC,CC,AA,AA,AT,TT,CG,NN,AG,AA,TT,GG,TT,CC,TT,AA,AA,AT,CG,GG,CG,GG,CC,GG,TT,AA,CC,CC,AC,CC,AA,TT,CC,AA,CC,CC,AA,TT,AA,NN,CG,CC,CC,AG,AA,AA,AA,CC,GG,CC,CC,AA,AG,GG,TT,GG,AA,TT,TT,GG,CC,TT,TT,TT,CC,AT,TT,TT,AT,TT,CG,CG,AA,CT,CC,CC,CG,AC,AA,GG,AA,CC,TT,CG,GT,GT,CG,AT,AA,AA,TT,CC,GG,AA,CC,CC,GG,GG,AA,GG,TT,AA,AG,CG,NN,AA,CC,AA,AT,GG,TT,AT,AT,GG,GT,TT,CC,TT,TT,AA,GG,AA,TT,AA,TT,CC,TT,CC,CC,TT,CG,AG,CC,AG,CC,TT,TT,GT,GG,TT,AC,AC,AA,GT,CG,CC,GG,CC,GG,AT,AG,CG,TT,GG,CC,CC,AA,GG,CG,AA,CC,AA,AA,CC,CG,AC,TT,NN,GG,AA,AA,AC,AA,AG,AA,AG,AA,TT,GG,AA,AA,AC,AA,CT,AA,AG,GG,GG,GG,TT,AA,AA,TT,TT,TT,AG,TT,GG,GG,AA,1.55,Moderate,Medium,Poor,Early
L0665,Anantapur,Andhra Pradesh,Kharif,Red Sandy,Rainfed,390,31.0,52,AA,TT,AG,AG,GG,CC,NN,TT,CC,CC,TT,CC,CC,TT,GT,GT,GG,TT,TT,AA,CC,TT,TT,CC,TT,CC,GT,AT,GT,AA,TT,CC,AA,CC,GG,GG,GG,GG,GG,CC,NN,TT,AA,TT,AG,AA,TT,TT,CC,AA,GG,AA,AA,GG,CC,TT,AA,AC,TT,AC,AG,TT,AT,AG,CT,TT,CC,GG,TT,GT,GG,GG,CC,AA,GG,AC,AT,GG,TT,TT,GG,GT,GG,CC,AA,NN,AA,AT,CC,GT,CC,TT,CT,TT,TT,GG,TT,CC,TT,CC,CC,CC,GG,AA,TT,TT,CG,AA,GG,AA,CC,GT,TT,CC,TT,AA,AA,TT,CC,GG,CC,GG,CC,GG,TT,AA,CC,CC,AC,CC,AA,TT,AC,AA,CC,CC,AA,TT,AA,AT,GG,CT,CC,GG,AA,AG,AT,CC,GT,CC,CC,AG,AG,GG,TT,GG,AC,TT,TT,GG,AC,GT,GT,TT,CC,AT,TT,TT,AA,TT,GG,CC,AA,CT,AC,CC,GG,CC,AA,GG,AA,CC,TT,CC,GG,GT,GG,AA,AA,AA,TT,CC,GG,AC,CC,CC,GG,GG,AA,GG,TT,AA,AA,CC,GG,AA,CC,AA,AT,GG,TT,TT,AT,CG,GG,AT,GG,TT,TT,AA,GG,AA,CT,AA,TT,CC,TT,AA,CC,TT,CG,GG,CC,AG,AA,TT,TT,GT,GG,AT,AA,AC,NN,GG,CC,CC,GG,CC,GG,TT,AG,CC,TT,GG,CC,CC,AA,GG,CG,AA,CC,AT,AA,AC,CC,CC,AT,AA,GG,AA,AC,AA,AA,AG,AG,AA,AA,TT,GG,AA,GG,AC,AA,CT,AA,AA,GG,GG,GG,GT,AA,AG,TT,TT,TT,AG,TT,GG,GG,AA,0.4,Susceptible,Medium,Poor,Medium
L0666,Anantapur,Andhra Pradesh,Kharif,Red Sandy,Rainfed,390,31.0,52,AC,TT,GG,AG,GG,CC,GG,TT,CC,CG,AA,CC,CC,AT,NN,GT,CG,TT,TT,AA,CC,TT,GT,CC,TT,CC,TT,TT,GG,AA,CT,CC,AA,CC,GG,GG,GG,CC,GG,CC,TT,CT,AA,GG,AG,GG,CC,AT,CC,AC,GT,AA,AA,GG,CT,GG,AA,AA,GT,AC,AG,TT,TT,AA,TT,AT,CC,GT,TT,GG,AA,GG,CC,AA,GG,AC,AA,GG,TT,TT,GG,GT,GG,CC,AT,GG,AA,AT,CC,TT,AC,TT,CC,TT,TT,GG,CT,CC,GT,TT,CT,CC,AG,AA,TT,TT,CC,AA,AA,AA,CT,GG,TT,CC,TT,AA,AA,TT,CC,GG,CC,GG,CT,GG,TT,AG,CC,CC,AA,CC,AA,TT,CC,AA,CC,CT,AA,TT,AA,AT,GG,CC,CC,GG,AA,AA,AA,CC,GG,CC,CG,AG,AA,AG,TT,AG,CC,GT,CT,GG,CC,TT,TT,TT,CG,AA,TT,TT,AT,TT,GG,CC,AG,CT,CC,CC,GG,CC,AA,GG,AA,CC,TT,CG,GT,TT,GG,TT,AA,AA,GG,AA,GG,AA,CC,CC,GG,GG,AA,GG,TT,AA,AA,CC,GG,AA,AC,AA,TT,GT,TT,AA,AT,CG,GT,TT,CC,TT,GT,AA,GG,AA,CT,AA,AT,CG,CC,CC,CC,TT,GG,AA,CG,AA,CC,TT,CT,GT,GG,TT,AA,CC,AG,GG,CC,CC,GG,CC,GG,AT,AA,CC,TT,GG,CC,CC,AA,GG,CC,AT,CC,AT,AA,AC,CC,CC,TT,AA,GG,AA,AA,AC,AA,AG,AG,AG,AA,TT,GG,AA,AA,AC,AA,TT,AA,AA,GG,GG,GG,TT,AT,AA,TT,TT,TT,AA,AT,GG,CG,AA,5.23,Moderate,Medium,Standard,Late
L0667,Anantapur,Andhra Pradesh,Kharif,Red Sandy,Rainfed,390,31.0,52,AA,TT,GG,AA,NN,CC,GT,TT,CC,CG,AA,CC,CC,TT,TT,GG,CG,AT,TT,AG,CG,GG,GT,CC,TT,CC,TT,TT,GG,AA,TT,CC,AA,CC,AG,CG,GG,CC,GG,NN,TT,CC,AC,TT,AA,GG,TT,TT,CC,AA,GT,AA,AA,GG,CC,GT,NN,AC,GT,AA,AA,TT,TT,NN,TT,AT,CC,GG,TT,GT,AA,GG,CC,AG,AG,AC,TT,GG,TT,TT,GG,GT,GT,CC,AT,GG,AA,AT,CC,TT,CC,TT,CT,TT,TT,AG,TT,CC,NN,CC,CC,CC,GG,AA,AT,TT,CC,AA,AA,CC,NN,GG,TT,CC,TT,AA,AA,TT,CC,AG,CC,GG,CC,GT,TT,AG,CC,CC,CC,CC,NN,TT,CC,AA,CC,CC,AA,TT,AA,AA,GG,CT,CG,GG,AA,AG,AA,CC,GG,CC,CC,AG,AA,GG,TT,GG,AA,TT,CT,AA,AC,TT,TT,TT,CG,AA,GT,TT,AA,TT,GG,CC,AA,TT,CC,CC,CG,CC,NN,GG,AG,CC,TT,CG,GT,TT,GG,AA,AA,AA,GT,CC,GG,AA,CC,CC,GG,GG,AC,GG,TT,AC,AA,CG,GT,AT,AC,AA,AT,GT,TT,AT,AA,CG,GG,AA,CC,TT,TT,AA,GG,AA,TT,AA,TT,CC,TT,AA,CC,TT,CG,AG,CC,AG,AC,TT,CT,GT,GG,TT,AA,CC,AA,GG,CC,CC,GG,CC,GG,AT,AG,CC,GG,GG,CC,CC,AA,GG,CC,AA,CC,AA,AA,AC,CC,AC,TT,AA,GG,AA,AA,AA,AA,AG,GG,AA,AA,AT,GG,AA,AA,AC,AA,CT,AA,AA,GG,GG,GG,TT,AA,AA,GT,TT,TT,AG,AT,GG,GG,AA,3.47,Susceptible,Medium,Premium,Late
L0668,Anantapur,Andhra Pradesh,Kharif,Red Sandy,Rainfed,390,31.0,52,AC,TT,GG,AA,GG,CG,GG,TT,CC,GG,AA,CC,GG,AT,GT,GG,NN,TT,TT,AA,CC,GT,NN,CC,TT,CT,TT,TT,GG,AA,TT,CC,AA,CC,NN,CG,NN,CG,GG,CC,NN,NN,AA,TT,AA,GG,CT,TT,CC,AC,GT,AA,AA,GG,CT,TT,AT,AA,GT,AA,AG,TT,TT,AA,CT,TT,CC,GG,TT,GT,NN,GG,CC,AA,GG,AC,AA,GG,TT,TT,GG,GG,GG,CC,AA,GG,AA,AT,CC,TT,CC,TT,CC,AT,TT,GG,CT,CC,TT,CC,CC,CC,AG,AA,AT,TT,CC,AG,AA,AA,CC,GG,TT,GG,TT,AA,AA,TT,CG,AG,CC,GG,CT,TT,TT,AA,CC,CC,CC,CC,AA,TT,CC,AA,CC,CC,AA,AT,AG,AA,CG,CC,CC,GG,AA,AA,AA,CC,GT,CC,CC,AG,AG,GG,TT,GG,AA,TT,TT,GG,CC,GT,GT,TT,CG,AA,TT,TT,AA,TT,GG,CC,AG,CC,CC,CC,GG,CC,AA,GG,GG,CC,TT,CC,GG,TT,GG,AT,AA,AG,GT,CC,GG,AA,AC,CC,GG,GG,CC,GG,TT,AA,AA,CC,GG,AA,CC,AA,AA,GG,GT,TT,NN,CG,GT,AA,CG,TT,TT,AA,GG,AA,TT,AA,NN,CC,TT,AA,CC,CT,CC,AG,CC,AA,CC,TT,CT,TT,GG,TT,AA,CC,NN,GT,CC,CG,GG,CC,GG,TT,GG,CC,TT,GG,CC,CG,AA,GG,CG,AA,CG,AA,AA,CC,CC,CC,TT,AA,GG,AA,AC,AA,AA,AG,AG,AA,AA,TT,GG,AA,AG,CC,AA,CT,AA,AA,GG,GG,GG,TT,TT,NN,GT,NN,TT,AA,TT,GG,GG,AA,3.85,Moderate,Low,Premium,Early
L0669,Anantapur,Andhra Pradesh,Kharif,Red Sandy,Rainfed,390,31.0,52,CC,TT,AA,GG,GG,CC,GG,TT,CC,CC,AA,TT,CG,AT,TT,GG,CG,TT,TT,AA,CG,GT,TT,CC,TT,CC,TT,AT,GG,AA,CT,CC,AA,CC,GG,GG,GG,CC,GG,CC,TT,CT,AA,GT,AA,AG,TT,AT,CC,AC,GG,AA,AA,GG,CC,GT,AA,AA,GT,AA,AG,TT,TT,AG,TT,TT,CC,GG,TT,GG,AA,GT,CC,NN,AG,CC,AT,GG,TT,TT,GG,GG,GG,CC,AA,GG,AA,AA,GG,TT,CC,GT,CT,TT,GT,GG,TT,CC,TT,CC,CT,CC,AA,AA,AT,TT,CC,AG,AG,AA,CT,GG,TT,CC,TT,AC,AA,TT,CC,AG,CC,GG,CC,GG,NN,AA,CT,CC,CC,CC,AA,TT,CC,AA,CC,CC,AA,TT,AA,AA,GG,CT,CC,AG,AG,AA,AA,CC,GG,CC,CC,AA,AA,GG,TT,GG,AC,GT,TT,GG,AC,TT,TT,TT,CG,AA,TT,TT,TT,TT,CC,CC,AG,CT,CC,CC,CG,CC,AA,GG,AA,AC,TT,CC,GT,GG,GG,TT,AA,AG,TT,CC,GG,AA,CC,CC,GG,GG,AC,GG,TT,AA,AA,CC,GG,AA,AC,AT,AA,GG,TT,NN,AA,GG,GT,AT,CC,TT,TT,AA,GG,AA,CT,AC,TT,CC,CT,AC,CC,CT,CC,AG,CC,AG,CC,TT,CT,GT,GG,TT,AA,AC,AA,GG,CC,CC,GG,CC,GG,AT,AG,GG,NN,GG,CC,CC,AA,AG,CG,AA,CC,AA,AA,CC,CC,AA,TT,AA,GG,AA,AA,CC,AA,GG,NN,NN,NN,TT,CG,AA,AA,CC,AA,TT,AA,AG,GG,GG,GG,TT,AT,AA,TT,TT,TT,AA,TT,GG,GG,AC,2.51,Resistant,High,Poor,Early
L0670,Anantapur,Andhra Pradesh,Kharif,Red Sandy,Rainfed,390,31.0,52,AC,TT,AG,GG,CG,CC,GG,AT,CC,CG,AT,CC,CC,AT,TT,GT,GG,TT,TT,AA,CC,GT,GT,CC,TT,CC,GT,TT,GG,AA,TT,CC,AA,CC,GG,CG,GG,CG,GG,CC,TT,CT,AC,GT,AA,AG,TT,TT,CC,CC,GG,AA,AA,GG,CC,GT,AA,AC,GG,NN,AG,TT,AT,AG,CT,AT,CC,GG,TT,GT,AG,GG,CC,AA,GG,AC,TT,AG,TT,TT,GG,GG,GG,CC,AA,GG,AA,AA,CC,TT,AC,TT,CT,TT,TT,AG,TT,CC,TT,CC,CC,CC,GG,AG,TT,TT,CC,AA,GG,AA,CT,GG,NN,CC,TT,AA,AC,TT,CG,GG,CG,GG,CC,GG,CC,AA,CC,CC,CC,CG,AA,TT,CC,AA,CC,CC,AA,AT,AA,AA,GG,TT,CC,GG,AA,AA,AA,CC,GG,CC,CG,AG,AA,AG,TT,GG,CC,GT,TT,GG,AC,GT,TT,TT,NN,AA,TT,TT,AA,TT,CG,CC,AA,CC,CC,AC,GG,CC,AA,GG,AA,AC,TT,CC,GT,GT,GG,TT,AA,AG,GT,CC,GG,AA,CC,CC,GG,GG,AC,GG,TT,AC,AA,CC,GG,AA,AC,AA,AA,GG,TT,TT,AA,GG,TT,AA,CC,AT,GT,AA,GG,AG,TT,AA,TT,CC,CT,AC,CC,TT,CG,GG,CG,GG,CC,TT,CT,TT,GG,AT,AA,CC,AG,GG,CC,CG,GG,CC,GG,NN,AG,CC,TT,AG,CG,CG,AA,AG,CC,AA,CC,AA,AA,CC,CC,AC,TT,AA,GG,AA,AC,AC,AC,AG,AG,AA,AA,TT,CG,AA,AA,AC,AA,CT,AG,AA,CG,GG,GG,GT,AA,AA,TT,TT,TT,AG,AT,GG,GG,NN,4.77,Moderate,Low,Standard,Medium
L0671,Anantapur,Andhra Pradesh,Kharif,Red Sandy,Rainfed,390,31.0,52,AC,TT,GG,GG,GG,CC,TT,TT,CC,GG,NN,CC,CG,AT,TT,GG,GG,TT,TT,AG,CC,GT,TT,CC,TT,CC,TT,TT,GG,AA,TT,CC,AG,CC,GG,CG,GG,CG,GG,CC,TT,TT,AC,TT,AA,GG,TT,TT,CC,AC,GG,AT,AA,GG,CC,GT,AA,AA,GG,AA,AG,TT,TT,AA,TT,AT,CC,GG,TT,GT,AG,GG,CC,AA,GG,AC,AA,GG,TT,TT,GG,GG,GG,CC,AA,AG,AA,AA,CC,GT,CC,TT,CT,TT,TT,GG,CC,AC,TT,CC,CC,CC,GG,AG,TT,TT,CC,AA,AG,AA,CT,GG,TT,CC,TT,AA,AA,TT,CG,GG,CC,AG,CC,GT,CT,AA,CC,CC,CC,CC,AA,TT,CC,AA,CC,CC,AA,TT,AA,AA,GG,CT,CC,GG,AA,AG,AA,CC,GT,CC,CC,AA,NN,AG,TT,GG,AA,TT,CT,GG,AC,TT,TT,TT,CC,AA,TT,TT,AT,TT,GG,CG,AA,CC,CC,CC,CG,CC,AA,GG,AA,CC,TT,CG,GG,GT,GG,AT,AA,AA,GT,CC,CG,AA,AC,CC,GG,GG,AC,GG,TT,AC,AA,CC,GG,AA,CC,NN,AT,GT,TT,TT,AA,GG,GT,AT,CG,AA,GT,AA,AG,AA,CT,AA,TT,CC,CC,AC,CC,TT,GG,AA,CG,GG,CC,TT,TT,TT,GG,NN,AA,AC,AA,GG,CC,CG,GG,CC,GG,TT,AA,CG,TT,GG,CC,CC,AT,AG,CC,AA,CG,TT,AA,AC,CC,CC,TT,AA,GG,AA,AA,AC,AA,AG,AA,AA,AA,TT,GG,AC,GG,CC,AC,TT,AA,AA,GG,GG,NN,TT,AA,AA,GT,TT,TT,AA,TT,GG,CG,AC,4.72,Resistant,Low,Poor,Late
L0672,Anantapur,Andhra Pradesh,Kharif,Red Sandy,Rainfed,390,31.0,52,AA,TT,GG,AG,GG,CC,GG,AT,CC,CC,AT,CC,CG,AT,TT,GT,CC,TT,TT,AA,CC,GG,TT,CT,TT,CC,TT,TT,GG,AA,TT,CC,AA,CC,GG,CG,GG,CC,GG,CC,TT,CT,AA,TT,AG,GG,TT,AT,CC,AC,GG,AA,AA,GG,CC,TT,AA,AA,GT,NN,AA,TT,TT,AG,TT,TT,CC,GG,TT,GG,AG,GG,CC,NN,GG,AA,AA,AG,TT,TT,GG,GT,GG,CC,AA,GG,AA,AT,CC,GT,CC,TT,CC,TT,NN,GG,TT,AC,TT,CC,CT,CC,GG,AG,AT,TT,CC,AA,GG,AA,CT,GG,TT,CG,GG,CC,AA,TT,CC,AG,CG,GG,CC,GT,CT,AA,CC,CC,CC,CC,AA,TT,CC,AA,CC,CC,AA,TT,AG,TT,GG,CC,CC,GG,AA,AG,AA,AC,GG,CC,CC,AA,AA,GG,GT,GG,AC,TT,TT,GG,AC,TT,GT,CT,GG,TT,NN,TT,AA,TT,GG,CC,AG,TT,AC,CC,GG,CC,AA,GG,AG,CC,TT,CC,GT,GT,CC,TT,AA,AA,TT,AC,NN,AC,AC,CC,GG,GG,AC,GG,CT,AA,AA,CC,GG,AA,AC,AA,AT,GG,TT,AT,AT,CG,GG,AT,CC,TT,GT,AA,GG,AA,TT,AC,TT,CC,TT,AA,CC,TT,CG,AA,CG,AG,CC,TT,CT,GG,GG,TT,AA,AC,AA,GG,CC,CC,GG,CC,GG,AT,AG,CC,TT,GG,CC,CC,AA,GG,CG,AT,CC,AA,AA,NN,CG,AC,TT,AA,GG,AA,AA,AA,AA,AA,AA,AA,AA,AT,GG,AA,AA,AC,AC,CT,AA,GG,GG,GG,GG,TT,AA,AA,GT,TT,AT,AA,AT,GG,GG,AA,2.44,Resistant,High,Standard,Late
L0673,Anantapur,Andhra Pradesh,Kharif,Red Sandy,Rainfed,390,31.0,52,AA,TT,GG,AG,GG,CC,GT,NN,CC,CG,AA,CC,CG,TT,TT,NN,GG,TT,TT,AA,CC,TT,GT,CT,TT,CC,GT,TT,GG,AA,TT,CT,AA,CC,GG,GG,GG,CC,GG,CC,TT,TT,AA,TT,AA,AA,TT,TT,CC,AC,GG,AA,AG,GG,CC,GT,AA,CC,GT,AA,AA,TT,TT,AA,TT,TT,CC,GG,TT,GG,AA,GT,CC,AA,GG,AC,AA,GG,TT,TT,GG,GG,GG,CC,AA,GG,AA,AT,CC,GG,AC,TT,CT,TT,GT,GG,TT,CC,GT,CC,CC,CG,NN,NN,TT,TT,CC,AA,GG,AA,CC,GG,TT,CC,TT,AA,AC,TT,CC,AA,CC,AG,CC,GG,TT,AA,CC,CC,CC,CC,AA,TT,AC,AA,CC,CT,AA,TT,AA,AA,CG,CT,CC,GG,AA,AA,AA,CC,GG,CC,CC,AA,AA,GG,GT,GG,AA,GT,TT,NN,AC,TT,TT,TT,CC,AA,TT,TT,AA,AT,GG,CC,AA,CT,CC,AC,GG,NN,AT,GG,AG,CC,TT,CC,GT,TT,GG,AT,AA,AA,TT,CC,CG,AC,CC,CC,GG,AG,AC,GG,TT,AA,AA,CC,NN,TT,CC,AA,AA,GG,TT,NN,AA,GG,GG,AA,CG,AT,GT,NN,GG,AA,TT,AA,TT,CC,TT,AA,CC,CT,GG,AG,CC,AG,CC,AT,CT,TT,GG,TT,AC,CC,AG,GG,CC,CG,GG,CC,GG,AA,AG,CC,GG,GG,CC,CG,NN,GG,CC,AT,CC,AT,AA,AC,CC,CC,TT,AA,GG,AA,AA,AC,AA,AG,AA,AA,AA,AT,CG,AA,AA,NN,AA,TT,AA,AA,GG,AG,GG,TT,AA,AA,TT,TT,TT,AA,TT,GG,GG,AA,0.4,Susceptible,High,Poor,Early
L0674,Anantapur,Andhra Pradesh,Kharif,Red Sandy,Rainfed,390,31.0,52,AA,TT,GG,AG,GG,CG,GG,AT,CC,CG,AA,CC,GG,TT,TT,GG,GG,TT,AT,AA,CC,GT,GG,CC,TT,CC,TT,TT,GT,AA,TT,CC,AA,CC,AG,GG,GG,CC,GG,AC,TT,TT,AC,TT,AA,GG,TT,TT,CC,CC,GG,AA,AA,CG,CT,TT,AA,AA,GT,CC,AA,TT,AA,AA,CT,TT,CC,GG,TT,GG,AG,GG,CC,AA,GG,AC,TT,AG,TT,TT,GG,GG,GG,CC,AA,GG,AA,AA,CG,GT,CC,TT,CT,AT,TT,GG,CT,AC,GT,CC,CT,CC,AG,AG,TT,TT,CC,AA,AG,AA,NN,GG,TT,CC,TT,AA,AA,TT,CC,GG,CG,GG,CC,GT,TT,AA,CC,CC,AC,NN,AA,TT,CC,AA,CC,CC,AA,AT,AA,NN,GG,CT,CC,GG,AA,AA,AA,CC,GG,CC,CG,AG,AG,GG,TT,AG,AA,TT,CC,GG,CC,GT,TT,CT,CG,AT,GT,TT,AA,TT,GG,CC,AA,CT,CC,CC,GG,CC,AA,GG,AG,CC,TT,CC,GG,GG,GG,AA,AA,AG,TT,CC,GG,AA,AC,CC,GG,GG,AA,CG,NN,AC,AG,CC,GG,AT,CC,AA,AT,GT,TT,TT,AA,GG,GT,AA,CC,TT,TT,AA,NN,AA,TT,AC,TT,CC,TT,AA,AC,TT,GG,NN,CG,AA,CC,TT,CT,GT,GG,TT,AC,AC,AG,GG,CG,CG,GG,CC,GG,AA,AA,CC,GT,GG,CC,CC,AT,AG,CC,AA,CC,AA,AA,AC,CC,CC,TT,AA,GG,AA,AA,AA,AA,AG,AG,AA,AA,TT,NN,NN,AA,CC,AA,CC,AA,AA,CG,GG,GG,TT,AA,AA,TT,TT,TT,AA,TT,GG,GG,AC,2.71,Resistant,Low,Premium,Early
L0675,Anantapur,Andhra Pradesh,Kharif,Red Sandy,Rainfed,390,31.0,52,AC,TT,GG,AA,GG,CG,GG,AT,CG,CG,AA,CC,CG,TT,TT,GG,GG,TT,TT,GG,CG,TT,GT,CT,TT,CT,TT,TT,GG,AA,TT,CC,AA,AC,GG,GG,GG,CG,GG,CC,TT,NN,AC,NN,AA,AG,CT,TT,CC,AA,GG,AA,AG,GG,CT,TT,AA,AA,GG,AA,AA,TT,AT,AG,TT,TT,CC,GG,TT,GT,AA,GG,CC,AG,AG,AC,TT,AG,TT,TT,GG,GG,GG,CC,AT,GG,AA,AA,CC,TT,AC,TT,CC,TT,TT,GG,TT,CC,TT,CC,CT,CC,AG,AA,TT,TT,CC,AA,AG,AA,CT,GG,TT,CC,TT,AA,AA,TT,CG,AG,CC,AG,CC,GG,TT,AA,CC,CC,CC,CC,AG,GT,CC,AA,AC,CC,AA,AT,AA,AA,GG,CC,CC,GG,AA,AA,AA,CC,GT,CC,CC,AA,AG,GG,TT,GG,CC,TT,TT,GG,AC,TT,GT,TT,CC,AT,TT,TT,AT,TT,GG,CC,AG,CC,CC,CC,CG,CC,AA,GG,AG,CC,TT,CC,GG,TT,GG,AA,AA,AG,TT,CC,GG,AC,CC,CC,GG,GG,AA,CG,TT,AA,AA,NN,GG,AA,AC,AA,AA,GT,TT,TT,AT,CG,GT,AT,GG,AT,TT,AA,GG,NN,TT,AA,AT,CC,TT,AA,CC,TT,GG,AG,CC,GG,CC,TT,TT,TT,GG,TT,AA,CC,AA,GG,CC,CG,GG,CC,GG,AT,AA,CC,GT,AG,CC,CG,AA,AG,CC,AT,CC,AA,AA,AC,CC,AC,TT,AA,CG,AA,AA,AC,AC,AG,AA,AA,AA,TT,GG,CC,AA,CC,AA,TT,AA,AG,CG,GG,GG,GT,AA,AA,TT,TT,TT,AG,TT,GG,GG,AA,3.82,Susceptible,Low,Poor,Early
L0676,Anantapur,Andhra Pradesh,Kharif,Red Sandy,Rainfed,390,31.0,52,AC,CT,GG,AA,CG,CC,GG,AT,CC,CC,AT,CC,CG,NN,TT,GG,CG,TT,TT,AA,CC,TT,TT,CT,TT,CC,TT,TT,GG,AA,TT,CC,AA,CC,GG,GG,GG,CC,GG,CC,TT,TT,AA,TT,AA,GG,TT,TT,CC,CC,GT,AA,AA,GG,CC,TT,AA,AA,GT,AA,AA,TT,TT,GG,TT,AT,CC,GG,TT,GG,AA,GG,AC,AA,GG,AA,AT,GG,TT,TT,GG,GT,GG,CC,AT,GG,AA,AA,CC,TT,CC,TT,CT,AA,TT,AG,CT,CC,TT,CC,CC,CG,AA,AA,TT,TT,CC,AA,AA,AA,TT,GG,TT,CG,TT,AA,AA,TT,CG,AG,CC,GG,CC,GG,TT,AG,CC,CC,CC,CC,AA,TT,CC,AA,CC,CT,AA,TT,AG,AT,GG,CC,CC,GG,AA,GG,AA,CC,GT,CC,CC,AA,AG,AG,TT,GG,AA,TT,CT,AG,AC,TT,TT,TT,CC,AT,TT,TT,AA,TT,GG,CC,AA,CC,CC,CC,GG,CC,AT,GG,AA,CC,TT,CG,GT,TT,GG,AT,AA,AG,TT,CC,GG,AA,CC,CC,CG,GG,AC,GG,TT,AA,NN,CG,GG,AA,CC,AA,AT,GG,TT,TT,AA,CC,TT,AA,CG,TT,GT,AA,GG,AA,TT,AA,TT,CC,TT,AA,CC,CT,GG,AG,CG,AG,AC,TT,TT,TT,GG,TT,AA,AA,AA,GG,CC,CC,GG,CC,GG,NN,AA,CC,TT,GG,CC,CC,AA,AG,CC,AT,CC,AT,AG,CC,CG,CC,TT,AA,GG,AA,AA,AA,AA,AG,AG,AA,AA,TT,GG,AC,NN,CC,AA,CT,AA,AA,GG,GG,GG,GT,AT,AA,TT,TT,TT,AG,TT,GG,GG,AA,3.73,Moderate,Low,Poor,Medium
L0677,Anantapur,Andhra Pradesh,Kharif,Red Sandy,Rainfed,390,31.0,52,AA,TT,GG,GG,GG,CC,GG,TT,CC,CG,AA,CC,CC,TT,TT,GG,GG,TT,TT,AA,CC,TT,TT,CC,TT,CC,TT,TT,GG,AA,TT,CC,AA,CC,GG,GG,GG,CC,GG,AC,TT,CT,AA,TT,AG,AG,TT,TT,CC,AC,GG,AA,AG,GG,CC,TT,AA,AC,GT,AC,AA,TT,AT,AG,TT,TT,CC,GG,CC,GG,AA,GG,CC,AA,GG,AC,AT,GG,TT,TT,GG,GT,GG,CC,AT,NN,AA,AA,CC,GG,CC,TT,CC,AT,TT,GG,TT,CC,GT,CT,CC,CC,AA,AA,AT,GT,CC,AA,AA,AA,CC,GT,TT,CC,TT,AA,AA,TT,CC,GG,CC,GG,CT,GT,CT,AA,TT,CC,AC,CC,AA,TT,CC,AA,CC,CC,AA,TT,GG,AA,GG,CC,CC,GG,AG,AG,AA,AC,GG,CC,NN,AA,AA,GG,TT,GG,AC,TT,CT,AG,CC,GT,GT,TT,CC,AT,TT,TT,AA,TT,GG,CG,AA,TT,CC,CC,CC,CC,AA,GG,AA,CC,TT,CC,GG,TT,GG,NN,AA,AG,TT,CC,GG,AA,AC,CC,GG,GG,AC,GG,TT,NN,AA,CC,GG,AA,AC,AA,TT,GG,GT,TT,AA,GG,GT,AT,CG,AT,TT,AA,GG,AA,CT,AA,TT,CC,TT,AC,CC,CT,CC,AG,CC,AA,CC,TT,CT,GT,GG,TT,AA,CC,AA,GG,CC,CC,GG,CC,GG,AT,AA,CC,TT,GG,CC,CC,AA,AG,CC,AA,CC,AA,AA,CC,CG,CC,AT,AA,GG,AA,AA,AA,AA,GG,AG,AA,AA,AT,GG,AA,AA,CC,AA,CT,AA,AA,GG,GG,GG,TT,AT,AA,TT,TT,TT,AA,NN,GG,CG,AA,3.55,Susceptible,High,Standard,Medium
L0678,Anantapur,Andhra Pradesh,Kharif,Red Sandy,Rainfed,390,31.0,52,AA,CT,GG,AA,CG,CC,GG,AT,CC,CC,AA,CC,CG,AT,GT,GT,CC,TT,TT,AG,CC,TT,TT,CC,TT,CC,TT,TT,GG,AA,TT,CT,AA,CC,GG,GG,GG,CC,GG,NN,TT,TT,AA,TT,AA,AG,TT,NN,CC,AC,GG,AA,AA,GG,CT,TT,AA,AA,TT,AA,AA,TT,AA,AG,TT,TT,CC,GG,TT,GG,AG,GG,CC,AA,AG,AA,AT,GG,GT,TT,GG,GG,GG,CC,AA,GG,AA,AA,CC,GT,CC,TT,CT,NN,GT,GG,TT,CC,GT,CC,CC,CG,AA,AA,TT,TT,CG,AG,AG,AA,CT,GT,GT,CG,TT,AC,AA,TT,CC,AG,CC,AG,CC,GT,NN,AG,CT,CG,CC,CC,AG,GT,CC,AA,CC,CC,AA,TT,AA,AA,CG,CC,CC,GG,AA,AG,AA,AC,GG,CC,CC,AA,AG,GG,GT,AG,AA,TT,CT,AG,NN,GT,TT,TT,CC,AA,GT,CT,AT,TT,CG,CC,AA,CC,CC,CC,CG,CC,AA,GG,AA,CC,TT,NN,GG,TT,GG,AA,AA,AA,TT,CC,GG,AA,CC,CG,GG,GG,CC,GG,TT,AC,AA,CC,GG,AA,CC,AA,AA,GG,TT,AT,AT,GG,GG,AA,CC,AT,GG,AA,GG,AA,CT,AA,TT,CC,TT,AA,CC,TT,CG,AA,CC,GG,CC,TT,CT,TT,GG,TT,AA,AA,AG,GG,CC,GG,GG,CC,GG,AT,AA,CC,TT,GG,CC,CC,AA,AG,CC,AT,CC,AA,AA,CC,CC,NN,TT,AA,NN,AA,AA,AC,AA,AG,AA,AA,AA,AT,GG,AA,AA,AC,AA,CT,AA,AG,GG,GG,GG,TT,AA,AG,TT,TT,TT,AG,TT,GG,CG,AA,4.26,Susceptible,Low,Standard,Late
L0679,Anantapur,Andhra Pradesh,Kharif,Red Sandy,Rainfed,390,31.0,52,AA,TT,GG,AG,GG,CC,GG,AA,CC,GG,AA,CT,CC,TT,TT,GG,GG,TT,TT,AA,CC,TT,TT,CC,AT,CC,TT,TT,GT,AA,TT,CC,AG,CC,GG,CG,GG,CC,GG,CC,TT,CT,AA,TT,AA,GG,TT,AT,CC,CC,GG,AA,AG,GG,CT,TT,AA,AC,GT,AC,AA,TT,AT,AG,CT,AT,CC,GG,CT,GG,AG,GG,CC,AA,GG,AC,AT,GG,TT,TT,GG,GG,GG,CC,AA,NN,AA,AA,CC,GG,CC,TT,CC,TT,GT,GG,CC,CC,TT,CC,CC,CG,AG,AA,TT,TT,CC,AA,GG,AA,CC,GG,GT,CC,TT,AA,AA,TT,CC,AG,CC,GG,NN,GG,CT,AG,CT,CG,CC,CC,AA,TT,AC,AA,CC,CC,AA,AT,AA,AA,GG,CT,CC,AG,AA,AA,AA,AC,GT,CC,CC,AA,AA,GG,TT,GG,AA,TT,TT,GG,AA,GT,GT,TT,CC,AA,TT,TT,AT,TT,GG,NN,AG,NN,CC,CC,GG,CC,AA,GG,AG,CC,TT,CC,GG,TT,GG,TT,AA,AA,TT,CC,GG,AA,AC,CC,GG,GG,AA,CG,TT,AA,NN,CC,GG,AA,AA,AA,AT,GT,TT,AT,AA,CC,TT,TT,CC,TT,TT,AA,GG,AA,CT,AC,TT,CG,TT,AA,CC,TT,GG,AG,CC,AG,CC,TT,TT,GG,GG,TT,AA,CC,AA,GG,CC,CC,GG,CC,GG,TT,AA,CC,TT,AG,CC,CC,AA,AG,CC,AA,CC,AT,AA,AC,CG,AC,TT,AG,GG,AA,AA,AA,AA,GG,AA,AA,AA,TT,GG,AA,AG,CC,AA,TT,AA,AA,GG,GG,CC,TT,AT,AA,TT,TT,AT,AA,AT,GG,CG,AA,3.2,Susceptible,Medium,Standard,Medium
L0680,Anantapur,Andhra Pradesh,Kharif,Red Sandy,Rainfed,390,31.0,52,AA,TT,GG,AG,GG,CC,NN,TT,CC,CC,AA,CT,CC,AT,TT,GG,GG,TT,TT,AA,CC,TT,GT,CC,TT,CT,TT,TT,GG,AA,TT,CC,AA,CC,GG,CG,GG,CC,GG,NN,TT,CT,AA,TT,AA,GG,CT,TT,CC,AC,GG,AA,AG,GG,CC,TT,AT,AA,GG,AC,AA,TT,TT,AA,TT,AT,CC,GG,TT,GG,AG,GG,CC,AA,AG,AC,AT,GG,TT,TT,GG,GG,GG,CC,AA,GG,AA,AA,CC,TT,CC,TT,CT,TT,GT,GG,TT,CC,GT,CT,CC,CG,AG,AA,AT,TT,CG,AA,AG,AC,CT,GG,TT,CC,GT,NN,AA,TT,CC,GG,CG,AG,CC,GT,CT,AA,CC,CC,CC,CC,AA,TT,CC,AA,CC,CC,AA,TT,AA,AA,GG,CT,NN,GG,AA,AG,AA,CC,GT,CC,CC,AA,AA,GG,TT,GG,AA,GT,NN,GG,CC,TT,GT,TT,CC,AT,GT,TT,AA,TT,GG,CC,AA,CC,CC,AC,GG,CC,AA,GG,AA,CC,TT,CC,GT,TT,GG,AT,AA,AA,TT,CC,CG,AA,CC,CC,GG,GG,AA,GG,TT,AA,AA,CC,GT,AA,AC,NN,TT,GG,GT,TT,AT,GG,GG,AA,CC,AT,GT,AA,GG,AA,TT,AC,TT,CC,CT,AC,CC,CC,GG,AG,CC,AG,CC,AT,CT,TT,GG,TT,AC,CC,AA,GG,CC,CG,GG,CC,GT,TT,AA,CC,GT,GG,CC,CC,AA,GG,CC,AA,CG,AA,AA,CC,CC,AC,TT,AA,GG,AA,AA,AA,AC,AA,AA,AG,AA,TT,GG,CC,AG,CC,AA,CT,AG,AA,GG,GG,CG,GT,AA,AG,TT,TT,TT,AA,AT,GG,CG,AA,5.89,Susceptible,Low,Premium,Medium
L0681,Anantapur,Andhra Pradesh,Kharif,Red Sandy,Rainfed,390,31.0,52,AA,TT,GG,AG,GG,CC,GG,TT,CC,CC,AA,CT,CC,TT,GT,GG,GG,TT,TT,AA,CC,TT,TT,CC,TT,CC,TT,NN,GG,AA,TT,CT,AA,CC,GG,GG,GG,CC,GG,CC,TT,CT,AA,TT,AG,GG,TT,AT,CC,CC,GG,AA,AA,GG,CC,TT,AT,AA,GG,AA,AA,TT,TT,AA,TT,AT,CC,GG,TT,GG,NN,GG,CC,AA,AG,CC,AA,GG,TT,TT,GG,GT,GT,CC,AA,GG,AA,AT,CC,GG,CC,TT,CC,TT,GT,GG,CT,CC,TT,CT,CC,CC,AG,AA,TT,TT,CC,AG,AG,AA,CT,GG,GT,CC,TT,AA,AA,TT,CC,GG,CC,GG,CC,GG,CT,AA,CC,CC,CC,CC,NN,TT,CC,AA,CC,CC,AG,AT,AG,AT,CG,CC,CC,GG,AA,AA,AA,CC,NN,CC,CC,AA,AG,GG,TT,GG,AC,GT,TT,AG,CC,GT,TT,CT,CC,AA,TT,CT,AT,AT,GG,NN,AG,CC,CC,CC,GG,CC,AA,GG,AG,CC,TT,CC,GG,TT,CG,AT,AA,AA,TT,CC,NN,AA,CC,CC,GG,GG,AA,GG,TT,AC,AG,CC,GG,AT,CC,AT,AA,GG,TT,TT,AA,CC,GG,AA,CG,TT,TT,AA,GG,NN,TT,AA,TT,CC,CT,AA,CC,TT,GG,AG,CG,GG,CC,AT,TT,GT,GG,AT,AA,AC,AA,GG,CC,CC,GG,CC,GG,AA,AA,CC,GT,GG,CC,CG,AA,GG,CC,AA,CC,AA,AA,CC,NN,CC,TT,AA,GG,AA,AC,AA,AA,GG,AA,AA,AA,TT,CG,AC,NN,AC,AA,CC,AA,AG,GG,GG,GG,GT,AA,AA,TT,TT,TT,AG,TT,GG,GG,AC,4.97,Resistant,Low,Premium,Early
L0682,Anantapur,Andhra Pradesh,Kharif,Red Sandy,Rainfed,390,31.0,52,AC,TT,AG,AA,GG,CC,GT,NN,CC,GG,AA,NN,CC,AT,TT,GT,CG,TT,TT,GG,CC,GT,TT,NN,TT,CC,TT,TT,GG,AC,TT,CC,AA,AC,GG,GG,GG,CC,GG,CC,TT,TT,AC,GG,AA,NN,TT,TT,CC,CC,GG,AA,AA,GG,CT,GT,TT,AA,GT,AC,AA,TT,AT,AG,TT,AT,CC,GG,TT,GT,AA,GG,NN,NN,GG,AA,AT,GG,TT,TT,GG,GG,GG,CC,AT,GG,AA,AA,CC,GT,AC,TT,CT,TT,GT,GG,TT,CC,TT,CC,CC,CC,AA,AA,TT,TT,GG,AG,AG,AA,CC,GT,TT,CG,GT,AC,AA,TT,CC,AG,CC,GG,CC,GG,TT,AA,CC,CC,CC,CC,AA,TT,AC,AA,CC,CC,GG,TT,AA,AA,GG,CC,CC,GG,AA,AG,AA,AC,GG,CC,CC,AA,AA,AG,TT,GG,CC,TT,CT,AG,CC,GT,GT,CT,CC,TT,TT,CT,AT,TT,GG,CC,GG,CT,AC,CC,CG,AC,AA,GG,AA,CC,TT,CC,GG,TT,CG,AT,NN,AA,TT,CC,CG,AA,CC,CC,GG,GG,AA,GG,TT,AA,AA,CC,GG,NN,AC,AA,AA,GT,TT,AT,AA,NN,GG,AA,CC,AT,GT,AA,GG,AA,TT,AA,TT,CC,TT,AA,CC,TT,CG,AA,CG,AG,CC,AT,TT,GT,GG,TT,AA,CC,AG,GG,CC,CG,GG,CC,GG,AT,AG,CC,TT,GG,CG,CC,AT,GG,CC,AT,CG,AT,AA,CC,GG,AC,TT,NN,GG,AA,AA,AA,AA,GG,AA,AG,AA,AA,GG,AA,AA,CC,AA,CT,AG,AG,GG,GG,CG,GT,AA,AG,GG,TT,TT,AG,TT,GG,GG,AA,0.53,Susceptible,Low,Standard,Late
L0683,Anantapur,Andhra Pradesh,Kharif,Red Sandy,Rainfed,390,31.0,52,AC,CT,GG,AG,CG,CG,GT,TT,CC,CC,AT,CT,CG,TT,TT,GT,GG,TT,TT,AA,CG,TT,GT,CT,TT,CC,TT,TT,GT,AA,TT,CC,AA,CC,AG,GG,GG,CG,GG,CC,TT,CT,AA,TT,AA,GG,TT,AT,CC,AA,GT,AA,AA,GG,CC,TT,AA,AA,GG,AA,AA,TT,TT,AG,TT,TT,CC,GG,TT,GG,AA,GG,CC,AA,AG,AA,TT,AG,GT,TT,GG,GG,GT,CC,AA,GG,AA,AA,CC,GT,CC,TT,CT,AT,TT,GG,TT,CC,GT,CC,CC,CG,GG,AA,TT,NN,CC,AA,AG,AA,CT,GG,TT,CG,GT,AA,AA,TT,CC,AG,CG,GG,CC,GG,TT,AG,CC,CC,CC,CG,AA,TT,CC,AA,CC,CC,AA,TT,AA,AA,GG,CC,CC,GG,AA,AG,AA,CC,GT,CG,CC,AG,AA,AG,TT,AG,AA,TT,TT,GG,AA,TT,TT,NN,CC,AA,GT,TT,AA,TT,GG,CC,AG,CT,CC,CC,CG,CC,AA,GG,AA,CC,TT,CC,GT,TT,GG,AA,AA,AA,TT,AC,CG,NN,AC,CC,GG,NN,AC,GG,TT,AA,AA,CC,GG,AA,AC,AT,AA,GT,TT,TT,AA,GG,GG,TT,CG,TT,TT,AA,GG,AA,CT,AA,TT,CC,CT,AA,CC,TT,GG,AA,CC,AA,CC,TT,CT,GT,GG,TT,AA,AA,AG,GG,CC,CC,GG,CC,GT,TT,AA,CC,GG,GG,CC,CG,AT,GG,CC,TT,CC,AA,AA,CC,CC,AC,TT,AA,GG,AA,NN,AC,AA,AG,AA,AA,AG,TT,GG,AA,AA,AC,AA,TT,AA,AA,CG,GG,GG,TT,AA,AA,TT,TT,TT,AA,TT,GG,GG,AC,2.97,Resistant,Low,Poor,Early
L0684,Anantapur,Andhra Pradesh,Kharif,Red Sandy,Rainfed,390,31.0,52,AA,TT,AG,AA,GG,CC,GG,TT,NN,CG,AA,CT,CG,TT,TT,GG,CG,TT,TT,AA,CC,TT,TT,CC,TT,CC,TT,AT,GG,AA,TT,CC,AA,CC,GG,CG,GG,CG,GG,CC,TT,CC,AC,GT,AA,GG,TT,AT,CC,AC,GG,AA,AA,GG,CC,TT,AA,AA,TT,CC,AA,TT,TT,AG,TT,TT,CC,GG,TT,GG,AA,GG,CC,AA,AG,AA,AT,GG,TT,TT,GG,GT,GG,CC,AA,GG,AA,AA,CC,TT,CC,TT,CC,TT,TT,GG,TT,CC,GT,CC,CT,CG,AA,AA,TT,TT,CG,AA,AG,AA,CC,GG,TT,CC,TT,AA,AC,TT,CC,GG,CC,AG,CT,GG,CT,AA,CC,CC,CC,CC,AA,TT,CC,AA,CC,CT,AA,TT,AA,AA,GG,CC,CC,GG,AA,AG,AA,CC,GG,CC,CC,AA,AA,GG,TT,AG,AC,GT,TT,GG,AC,GT,TT,TT,CC,AA,TT,TT,AA,AT,GG,CC,AA,CC,CC,CC,GG,CC,AT,GG,AG,CC,TT,CC,GG,GT,GG,AT,AA,AA,TT,AA,GG,AA,CC,CC,GG,GG,AA,GG,TT,AA,AG,CC,GT,AA,CC,AA,TT,GG,TT,TT,AT,GG,GG,AA,GG,TT,TT,AA,GG,AA,TT,AA,TT,CC,CT,AC,CC,TT,NN,AG,CC,AA,CC,TT,TT,TT,GG,AT,AC,AC,AA,TT,CC,NN,GG,CC,GG,AT,AG,CG,TT,GG,CC,CC,AA,GG,CC,AT,CC,NN,AA,CC,CC,AA,TT,AA,GG,AA,NN,AA,AA,AG,AA,AG,AA,TT,GG,AA,AA,CC,AA,CT,AA,AG,GG,GG,GG,TT,AT,AA,GT,TT,TT,AG,AA,GG,GG,AA,2.57,Resistant,Low,Standard,Early
L0685,Anantapur,Andhra Pradesh,Kharif,Red Sandy,Rainfed,390,31.0,52,AC,CT,NN,AG,GG,CC,GG,TT,CC,CC,AA,CT,CC,AT,TT,GG,CG,TT,TT,AG,CC,GT,TT,CC,AT,CC,TT,TT,GT,AA,TT,CC,AA,CC,GG,GG,GG,CC,GG,CC,TT,TT,AA,GG,AA,AG,TT,TT,CC,AC,GG,AA,AA,GG,CC,GT,AA,AA,GT,AC,AA,TT,TT,AA,CC,TT,CC,GG,TT,TT,AA,GT,CC,AA,AG,AC,AA,GG,TT,TT,GG,GG,GT,CC,AT,GG,AA,AA,NN,GT,CC,TT,CT,AT,GG,GG,TT,CC,GT,CC,CC,CC,AA,AA,AT,TT,CG,AA,AG,AC,CC,GG,TT,CC,TT,AC,AA,TT,CC,GG,CG,AG,CC,GT,TT,AA,CC,CC,AC,CC,AA,GT,CC,AA,CC,CC,AA,AT,AA,AA,CG,CC,CG,NN,AA,NN,AA,AC,GG,CC,CC,AA,AG,GG,GT,GG,AA,GT,TT,GG,CC,TT,TT,TT,CC,AT,TT,TT,AT,TT,GG,CC,AA,CC,AC,CC,CG,AC,AA,GG,AA,AC,TT,CC,GT,GT,GG,AT,AA,AA,TT,CC,GG,AA,CC,CC,GG,GG,AA,GG,TT,AA,AA,CC,GG,AT,AC,AT,AA,GT,TT,AT,AA,GG,GT,AA,CC,TT,GT,NN,GG,AA,TT,AA,TT,CC,TT,AC,CC,TT,CG,AG,CC,AG,AC,TT,TT,TT,GG,TT,AA,CC,AG,GG,CC,CG,GG,CC,GG,AT,AA,CC,NN,GG,CC,CC,AA,GG,CC,AT,CG,AA,AA,CC,CC,AC,TT,AA,GG,AA,AA,AA,AA,AG,AG,AA,AA,AT,GG,AC,AA,CC,AC,CT,AA,AG,CG,GG,GG,GT,AA,AG,TT,TT,AT,AG,TT,GG,GG,AA,2.81,Moderate,High,Standard,Late
L0686,Anantapur,Andhra Pradesh,Kharif,Red Sandy,Rainfed,390,31.0,52,AC,TT,GG,AA,GG,CC,GG,TT,CC,CG,AA,CC,CG,TT,GG,GT,GG,TT,TT,AA,CC,GT,GT,CT,TT,CC,TT,TT,GG,AA,TT,CC,AA,CC,GG,CG,GG,CG,GG,AC,TT,TT,AA,TT,GG,AG,TT,TT,CC,CC,GG,AA,NN,GG,CT,GT,AA,AC,GT,AA,AG,GT,TT,AG,CT,NN,CC,GG,TT,GG,AA,GG,CC,AA,GG,AA,AA,AG,GT,CT,GG,GG,GT,CC,AA,GG,AA,AA,CC,GT,CC,TT,CT,TT,GT,GG,TT,CC,TT,CC,CT,CG,AG,AA,TT,TT,CC,AA,AG,AA,CT,GG,TT,CC,GT,AA,AA,TT,CC,AG,CG,GG,CC,GT,TT,AG,CC,CC,CC,CC,AA,TT,CC,AA,CC,CC,AA,TT,AA,AA,GG,CT,CC,GG,AA,GG,AA,CC,GG,CC,CC,AA,AG,AG,TT,AG,AC,TT,CT,AG,NN,GT,GT,TT,CC,TT,GT,CT,AT,TT,GG,CC,AG,CC,CC,CC,GG,CC,AA,GG,AA,CC,TT,CC,GG,TT,GG,AA,AA,AG,TT,CC,CG,AC,AC,CC,GG,GG,AC,GG,CT,AA,AA,CC,GG,AA,CC,AT,AA,GG,TT,AT,AT,GG,TT,AT,CC,TT,TT,AA,GG,AA,TT,AA,TT,CC,TT,NN,CC,CT,GG,AG,CG,AA,CC,TT,TT,TT,GG,TT,AA,CC,AA,GG,CC,CG,GG,CC,GG,AT,AA,CC,TT,GG,CC,CC,AA,GG,CG,AT,CC,TT,AA,CC,CG,AC,TT,NN,CG,AA,AA,AA,AA,GG,NN,AG,AA,TT,GG,AA,AG,CC,AA,CT,AA,AA,GG,AG,GG,GT,AA,AA,TT,TT,TT,AG,TT,GG,GG,AA,3.98,Resistant,Low,Poor,Medium
L0687,Anantapur,Andhra Pradesh,Kharif,Red Sandy,Rainfed,390,31.0,52,NN,CT,GG,AG,CG,CC,GG,TT,CC,CC,AA,CC,CC,TT,TT,GG,GG,TT,TT,AA,CC,GT,TT,CC,TT,CC,GT,AT,GT,AA,TT,CT,AA,CC,GG,CG,GG,CC,GG,CC,TT,TT,AC,TT,AA,GG,CT,AT,CC,NN,GT,AT,AA,GG,CT,TT,AA,AC,GT,AA,AA,TT,TT,AG,TT,AT,CT,GG,CT,TT,AA,GG,CC,AA,GG,AA,TT,AG,TT,TT,GG,GT,GG,CC,AT,GG,AA,AA,CC,TT,CC,TT,CC,TT,TT,GG,TT,CC,TT,CC,CC,NN,AG,AA,NN,TT,CG,AA,AA,AA,CT,GG,TT,CG,TT,AC,AC,TT,CC,AG,CC,GG,CC,GT,TT,AA,CC,CC,CC,CC,AG,GT,CC,AC,CC,CT,AG,TT,AG,AA,GG,CC,CC,GG,AA,AA,AA,AC,GT,CC,CC,AA,AA,GG,TT,GG,AA,GT,CT,AG,CC,GT,TT,CT,CC,AA,GT,TT,AA,TT,GG,CC,AG,CC,CC,CC,CG,CC,AA,GG,AA,CC,TT,CG,GT,TT,GG,TT,AA,AA,TT,CC,CG,CC,CC,CC,GG,AG,AA,GG,CT,AA,AA,CC,GT,AT,CC,AA,AA,GT,TT,TT,AA,GG,GT,AA,CC,AT,TT,AA,GG,AA,CC,AA,TT,CC,CC,CC,CC,TT,GG,AA,CC,GG,CC,AT,CT,GT,GG,TT,AA,CC,AG,GG,CC,CC,GG,CC,GG,AA,AG,CG,GT,GG,CC,CG,AA,AG,CG,AA,CC,AA,AA,AC,CC,AC,TT,AG,GG,AA,AA,AA,AA,AG,AG,AA,AA,AT,CG,AC,AA,AA,AA,TT,AA,AG,GG,GG,GG,TT,AA,AA,TT,TT,TT,AA,TT,GG,CG,AA,2.48,Moderate,Low,Premium,Late
L0688,Anantapur,Andhra Pradesh,Kharif,Red Sandy,Rainfed,390,31.0,52,AA,CT,GG,AG,GG,CG,GG,TT,CC,CG,AA,CC,CG,AT,GT,GT,GG,TT,TT,AA,CC,TT,GT,CC,TT,CC,TT,TT,GT,AA,TT,CC,AA,CC,GG,GG,GG,CC,GG,AC,TT,CC,AA,TT,AA,GG,CT,TT,CC,CC,GG,AT,AA,GG,CT,GT,AA,AC,GG,AC,AA,TT,TT,AA,TT,AT,CC,GG,TT,GT,NN,GG,CC,AA,GG,AA,AA,GG,TT,TT,AG,GT,GG,CC,AA,AG,AA,AT,CC,GT,CC,NN,CC,TT,NN,GG,TT,CC,TT,CC,CC,CC,AA,AA,TT,TT,CG,AA,AA,AA,CT,GG,TT,CG,GT,AC,AA,AT,CC,GG,CG,GG,CT,GG,TT,AA,CC,CC,CC,CC,AA,TT,CC,AA,CC,CT,AA,TT,AA,AT,CG,CC,CC,GG,AG,AG,AA,CC,GG,CC,CC,AA,AG,GG,GT,AG,AA,GT,TT,GG,CC,GT,TT,CT,GG,AA,TT,TT,AA,AA,GG,CC,AA,CC,CC,CC,GG,AC,AA,GG,AA,CC,TT,CC,GT,TT,GG,AA,AA,AG,TT,CC,CG,AA,AC,NN,GG,GG,AA,GG,TT,AC,AA,CC,GG,AA,AC,AA,AA,GT,GT,TT,AA,GG,TT,AA,CG,AT,TT,AA,GG,AA,TT,AA,AT,CC,CT,AA,CC,TT,GG,AG,CC,AG,AC,TT,TT,TT,GG,TT,AA,AC,AG,GG,CG,CC,GG,CC,GG,AT,AA,CC,GT,GG,CC,CC,AA,GG,CC,AT,NN,AA,AA,AC,CC,CC,AT,AA,GG,AA,AA,AA,AA,NN,AA,AA,AA,TT,GG,AA,AG,CC,AC,TT,AA,AA,GG,GG,GG,TT,AA,AA,TT,TT,TT,AA,AT,GG,GG,AA,3.11,Moderate,Low,Poor,Early
L0689,Anantapur,Andhra Pradesh,Kharif,Red Sandy,Rainfed,390,31.0,52,AA,TT,GG,AA,GG,CC,GG,AT,CC,CG,AA,CC,CC,AT,TT,GT,CG,TT,TT,AA,CC,TT,GT,CC,AT,CC,TT,TT,GT,AA,TT,CC,AA,AC,GG,NN,GG,CC,GG,CC,TT,TT,AA,TT,AG,GG,TT,TT,CC,CC,GT,AA,AA,GG,CT,GT,AT,AC,GT,AA,AA,TT,TT,AA,TT,TT,CC,GG,TT,GG,AG,GT,CC,AA,GG,AC,AA,GG,TT,TT,GG,GG,GT,CC,AT,GG,AA,AA,CG,GT,AC,TT,CC,TT,GT,AG,TT,CC,TT,CC,CC,CC,AG,AA,TT,TT,CC,AA,AA,AA,CC,GG,TT,CC,GT,AA,AA,TT,CG,AG,CC,GG,CT,GG,TT,AA,CC,CC,CC,CC,AA,TT,CC,AA,AC,CC,AA,TT,AA,AT,GG,CC,CC,GG,AA,AG,AA,CC,GG,CC,CC,AA,AG,GG,GT,GG,AA,TT,CT,GG,CC,TT,TT,TT,GG,AA,TT,TT,AA,TT,GG,CC,AA,CT,CC,CC,GG,CC,AA,GG,AG,CC,NN,CC,GG,GT,GG,NN,AA,NN,TT,CC,GG,AA,AC,CG,GG,NN,AC,GG,TT,AA,AA,CC,GG,AT,AA,AA,TT,GG,GT,AT,AA,CG,GT,NN,CC,TT,GT,AA,GG,AA,TT,AA,TT,CC,TT,AC,CC,TT,CG,AA,CG,GG,NN,TT,CC,GT,GG,TT,AC,AA,AA,GG,CC,CG,GG,CC,GG,AT,AA,CC,TT,GG,CC,CC,AT,AG,CG,AT,CC,AT,AA,AC,CC,CC,TT,AA,GG,AA,NN,AA,AA,AG,AA,AG,AA,TT,GG,AA,AG,CC,AC,TT,AA,AA,GG,AG,GG,TT,AA,AA,TT,TT,TT,AG,NN,CG,CG,AA,2.55,Moderate,High,Premium,Early
L0690,Anantapur,Andhra Pradesh,Kharif,Red Sandy,Rainfed,390,31.0,52,AA,TT,AG,AA,GG,CC,GG,TT,CC,CC,AA,CC,CC,TT,TT,GG,CG,TT,TT,AA,CG,GT,GT,CC,TT,CC,TT,TT,GT,AA,CT,CC,AA,AC,GG,GG,GG,CC,GG,CC,TT,TT,AA,TT,AG,GG,TT,AT,CC,AC,GG,AA,AA,GG,CC,GT,AA,AA,GT,AA,AG,GT,AT,AA,TT,TT,CC,GG,TT,GG,AG,GG,CC,NN,GG,AA,AA,GG,TT,TT,GG,GT,GG,CC,AT,GG,AA,AA,CC,GT,CC,GT,CC,TT,GT,GG,TT,CC,TT,CC,CT,GG,AG,AA,AT,TT,CC,AA,GG,AA,CC,GG,TT,CC,TT,AA,AA,TT,NN,AA,CC,AG,CC,GG,TT,GG,CC,CC,AA,CC,AA,TT,CC,AA,CC,CC,AA,AT,AG,TT,CG,CC,CG,GG,NN,GG,AA,CC,GT,CC,CC,AA,AA,GG,TT,GG,AA,TT,TT,GG,CC,GT,GT,TT,CC,AA,GG,TT,AA,AA,GG,CC,AA,CC,CC,CC,CG,CC,AA,GG,AA,CC,TT,CC,GT,TT,GG,AT,AG,AA,TT,CC,GG,AA,AA,CC,GG,GG,CC,GG,TT,AC,AA,CC,GG,TT,CC,AT,TT,GG,TT,AT,TT,CC,GG,AT,CC,AA,GT,AA,GG,AA,CT,AA,TT,CC,TT,AA,CC,TT,GG,AA,CC,GG,NN,TT,CT,GT,GG,TT,AA,AC,AG,GG,CC,CG,GG,CC,GG,AT,AG,CG,TT,GG,CC,CC,AA,AG,CC,AT,CC,AT,AG,CC,CG,CC,TT,AG,GG,AA,AA,AA,AA,GG,AG,AA,AA,TT,GG,AA,AG,AA,AA,TT,AA,AA,GG,GG,GG,TT,AT,AA,TT,TT,TT,AA,TT,GG,GG,AA,2.51,Susceptible,Low,Premium,Early
L0691,Anantapur,Andhra Pradesh,Kharif,Red Sandy,Rainfed,390,31.0,52,AC,TT,AG,AG,CG,CC,GG,TT,CC,CC,AA,CC,CG,TT,TT,GG,GG,TT,TT,AA,CC,TT,TT,CC,AT,CC,TT,AT,GT,AA,TT,CC,AA,CC,GG,GG,GG,CG,GG,CC,TT,CC,AA,TT,AA,GG,CT,TT,CC,AC,GG,AA,AA,GG,CC,TT,AA,AA,GT,CC,AA,TT,AA,AA,TT,AT,CT,GG,TT,GG,AG,GG,CC,AA,GG,AC,AA,GG,TT,TT,GG,GT,GG,CC,AT,GG,AA,AA,CC,GT,CC,GT,CC,TT,TT,GG,TT,CC,GT,CC,CC,CC,AA,AA,AT,TT,CG,AA,AG,AC,CT,GG,TT,CG,GT,AC,AA,TT,CC,GG,CC,AG,CC,GT,CT,AA,CT,CC,CC,CC,AA,TT,CC,AA,CC,NN,AA,TT,AG,AA,GG,CC,CC,GG,AA,AA,AA,CC,GG,CC,CC,AA,AA,GG,TT,AG,AC,TT,CT,AG,CC,GT,GT,TT,CC,AA,TT,CT,AA,TT,GG,CC,AA,CC,CC,CC,CG,CC,AA,GG,AG,CC,TT,CG,GT,TT,GG,TT,AA,AA,TT,CC,GG,AA,AA,CC,GG,GG,AC,CG,TT,AA,AA,CG,GG,AT,CC,AA,AT,GG,TT,AT,AT,GG,GG,TT,CC,TT,TT,AA,GG,AA,TT,CC,TT,CC,TT,AC,AC,TT,CG,AA,CC,AA,CC,TT,CT,TT,GG,TT,AA,CC,AA,GG,CC,CG,GG,CC,GG,AA,AG,CC,TT,GG,CC,CC,AA,GG,GG,AA,CC,AA,AA,AC,CG,CC,TT,AG,GG,AA,AC,AA,AA,AG,AA,AG,AA,TT,GG,CC,GG,AC,AC,TT,AA,AA,GG,GG,GG,TT,AA,AA,TT,TT,AT,AA,TT,GG,GG,AA,1.74,Moderate,Low,Premium,Medium
L0692,Anantapur,Andhra Pradesh,Kharif,Red Sandy,Rainfed,390,31.0,52,CC,TT,GG,AA,GG,CC,TT,AT,CC,CC,AA,CC,CC,TT,TT,GT,CC,TT,AT,AG,CC,GT,TT,CC,TT,CT,TT,TT,GT,AA,TT,CC,AA,CC,GG,CG,GG,CC,GG,AC,TT,TT,AA,GT,AA,AG,TT,AT,CC,CC,GG,AA,AA,GG,CT,GT,AA,AA,GT,AA,GG,TT,TT,AG,TT,AT,CC,GG,TT,GT,AA,GG,CC,AA,GG,AA,NN,GG,TT,TT,GG,GG,GG,CC,AT,GG,AG,AA,CC,GG,CC,TT,CC,TT,TT,GG,TT,NN,TT,CC,CC,CC,AG,AA,TT,TT,CC,AA,AA,AA,TT,GG,TT,CC,TT,AC,AA,TT,CC,AG,CC,GG,CC,GG,CT,AA,CT,CC,CC,CC,AA,TT,CC,AA,NN,CC,AA,TT,AA,AA,GG,CC,CC,GG,AA,AA,AA,AC,GT,CC,CC,AA,AG,AG,TT,AG,AA,GT,TT,GG,CC,GT,TT,TT,CC,AT,TT,CT,AT,AT,CG,CC,AG,CC,AC,CC,GG,CC,NN,GG,AG,CC,TT,CG,GG,TT,GG,AT,AA,AA,TT,CC,GG,AA,CC,CC,GG,GG,AA,GG,TT,CC,AA,CC,GG,AT,AC,AA,AA,GG,TT,TT,AA,CG,GG,AA,CC,AT,GT,AA,GG,AA,CT,AA,AT,CC,CC,AA,CC,TT,GG,AA,CC,AG,AC,TT,TT,TT,GG,TT,AA,AA,AA,GG,CC,CG,GG,CC,GG,AA,AA,CC,TT,GG,CC,CC,AA,AA,CC,TT,CG,AA,AA,CC,CC,AA,TT,AA,NN,AA,AA,AC,AC,GG,AG,AG,AA,TT,GG,AC,AA,AC,AA,CT,AA,AA,CG,GG,GG,TT,AA,AA,GT,TT,TT,AA,NN,GG,GG,AA,2.88,Susceptible,Low,Standard,Late
L0693,Anantapur,Andhra Pradesh,Kharif,Red Sandy,Rainfed,390,31.0,52,AA,CT,GG,AA,GG,CC,GG,AT,CC,CG,AA,CT,CC,TT,TT,GG,GG,TT,TT,AA,CC,TT,GT,CT,AT,CC,TT,TT,GG,AA,TT,NN,AA,CC,GG,GG,GG,CG,GG,CC,GT,TT,AC,TT,AG,AA,TT,TT,CC,CC,GT,AA,AA,GG,CT,GT,AA,AA,GT,AA,AA,TT,AT,AA,TT,AT,CC,GG,TT,GG,GG,GG,CC,AG,AG,AC,AA,GG,TT,TT,GG,GT,GG,CC,AA,GG,AA,AA,CC,TT,AA,TT,CT,AT,TT,GG,TT,CC,GT,CC,CT,CC,AA,AA,TT,TT,CC,AA,AG,AA,CT,GG,GT,CC,TT,AA,AA,TT,GG,AG,CG,AG,CC,GG,CC,AA,CC,CC,CC,CC,AA,TT,CC,AA,CC,CC,AA,TT,AA,AA,GG,CC,CC,GG,AA,AG,AT,CC,GG,CC,CC,AA,AA,GG,TT,AG,AA,TT,TT,GG,CC,GT,GG,TT,CC,TT,GG,TT,AT,TT,GG,CC,AA,CC,CC,AC,GG,CC,AA,GG,AA,CC,TT,CC,GT,TT,GG,AT,AG,AA,TT,CC,GG,AA,AC,CC,GG,GG,AC,GG,TT,AC,AA,NN,GG,AT,AC,AA,AA,GT,TT,TT,AT,CG,GT,AA,CG,AT,TT,AA,GG,AA,TT,AA,TT,CC,TT,AA,CC,TT,GG,AG,CG,AA,CC,TT,TT,TT,GG,TT,AA,AC,AA,GG,CG,CG,GG,CG,NN,AT,AA,CC,GT,AG,CC,CC,AA,GG,CG,AA,CC,AT,AA,AC,CG,AC,TT,AA,GG,AA,AA,AC,AA,AG,AA,AG,AA,TT,GG,AA,AA,AC,AA,CT,AG,AA,CG,GG,GG,TT,AT,AA,GG,TT,TT,AG,TT,GG,CG,AA,0.83,Moderate,Low,Standard,Medium
L0694,Anantapur,Andhra Pradesh,Kharif,Red Sandy,Rainfed,390,31.0,52,AC,TT,NN,AG,CG,CC,GG,TT,CC,CC,AA,CC,CC,TT,TT,GG,CG,TT,TT,AG,CC,TT,TT,CC,TT,CT,TT,TT,GG,AA,TT,CC,AA,CC,AA,GG,GG,CC,GG,CC,TT,CT,CC,TT,AA,AG,TT,AT,CC,AC,GT,AA,AG,GG,CC,TT,AA,AC,GT,AA,AA,TT,TT,AG,TT,AT,CC,GT,TT,GG,AG,GG,CC,AA,AG,AA,AT,GG,GT,TT,GG,GG,GG,CC,AT,GG,AA,AA,CC,GT,CC,TT,CT,TT,TT,GG,CT,CC,TT,CC,CT,CC,AG,AA,TT,TT,CC,AG,AA,AA,CC,GG,TT,CC,GT,AA,AA,TT,CC,GG,CG,GG,CC,GT,CT,AA,CC,CC,CC,CC,AA,TT,CC,AA,CC,CC,NN,AT,AA,AA,GG,CC,CC,GG,AA,AA,AT,AC,GG,CG,CC,AA,AG,GG,TT,AG,CC,TT,TT,AG,CC,GG,TT,TT,CG,AA,GG,CT,AA,TT,GG,CG,AA,CT,AC,CC,GG,CC,AA,GG,AG,CC,TT,CG,GG,TT,CG,TT,AA,AG,TT,CC,CC,AA,AC,CC,GG,GG,CC,CG,CT,AC,AG,CG,GT,AA,AC,AA,AA,GG,TT,TT,AT,GG,GG,AA,NN,TT,GG,AA,GG,AA,CT,AA,TT,CG,TT,AC,CC,TT,CG,GG,CG,AA,CC,TT,CT,TT,GG,TT,AA,CC,AG,GG,CC,CC,GG,CC,GG,TT,AA,CG,TT,GG,CC,CC,AT,GG,CC,AA,CC,AA,AA,AC,GG,AA,TT,AA,GG,AA,AA,CC,AA,GG,AA,AG,AA,TT,GG,AA,GG,AC,AC,CT,AA,AA,GG,GG,GG,TT,AA,AA,GT,TT,TT,AA,TT,GG,CG,AA,3.44,Resistant,Medium,Poor,Late
L0695,Anantapur,Andhra Pradesh,Kharif,Red Sandy,Rainfed,390,31.0,52,AA,TT,GG,GG,GG,CC,GG,TT,CC,CC,AA,TT,CC,TT,TT,GT,CG,TT,TT,AA,CG,GT,TT,CT,AT,CC,TT,TT,GG,AA,TT,CT,AA,CC,GG,GG,GG,CC,GG,CC,TT,TT,AA,GT,AA,GG,TT,TT,CC,CC,GG,AA,AG,GG,CC,TT,AA,AA,NN,AA,AA,TT,AT,GG,TT,TT,CC,GG,TT,GT,AG,GG,AC,AA,GG,AA,AA,GG,GT,TT,GG,GG,GG,CC,AA,GG,AA,AA,CC,GT,CC,GT,CC,TT,TT,GG,TT,CC,GT,CC,CC,CG,AA,AA,TT,TT,CC,AA,AG,AA,CC,GG,TT,CC,GT,CC,AC,TT,CC,AG,CC,GG,CC,GG,TT,AA,TT,CC,CC,CC,AA,TT,CC,AA,CC,CC,AA,TT,AA,AA,GG,CC,CC,GG,AA,AG,AA,CC,GG,CC,CC,AA,AG,GG,TT,GG,AA,TT,TT,GG,CC,GT,TT,TT,CC,AA,GT,CT,AA,TT,GG,CC,AA,CC,CC,CC,CC,CC,AA,GG,AA,CC,TT,CC,GG,GT,CG,TT,NN,AA,TT,CC,GG,NN,CC,CG,GG,GG,AA,GG,CC,AA,AA,CC,GG,AA,CC,AA,AA,GT,TT,TT,AT,CG,GT,TT,CG,TT,TT,AA,GG,AA,TT,AA,TT,CC,TT,AC,CC,CT,GG,GG,CG,AA,AC,TT,TT,TT,CG,TT,AA,AC,AA,GG,CC,CC,GG,CC,GG,TT,AA,CC,TT,GG,CC,CG,AA,GG,CC,AA,CC,AA,AA,CC,CC,CC,TT,AA,CG,AA,AA,AC,NN,AG,AA,AG,AA,AT,GG,AA,AA,CC,AC,TT,AG,AA,CC,GG,GG,GT,AA,AG,TT,TT,TT,AG,TT,GG,CG,AA,2.9,Moderate,Medium,Premium,Early
L0696,Anantapur,Andhra Pradesh,Kharif,Red Sandy,Rainfed,390,31.0,52,AC,TT,GG,AG,GG,CC,GT,TT,CC,CC,AA,CT,CG,NN,GT,GG,GG,TT,TT,AA,CC,TT,TT,CT,AT,CC,GT,TT,GG,AA,TT,CC,AA,CC,GG,CG,GG,CC,GG,CC,TT,CT,AA,NN,AA,GG,TT,TT,CC,CC,GG,AA,GG,GG,CT,TT,AA,AC,TT,AA,AA,NN,TT,AA,CT,TT,CC,GG,TT,GT,AG,GG,CC,AA,GG,AC,AA,GG,TT,TT,GG,GG,NN,CC,AA,GG,AA,AT,CC,TT,CC,TT,TT,TT,TT,GG,TT,AC,TT,CC,CC,CG,GG,AA,TT,TT,CC,AA,AG,AC,CC,GG,TT,CC,TT,AA,AA,TT,CC,GG,CC,GG,CC,GG,TT,AA,CC,CC,CC,CC,AA,TT,CC,AA,CC,CC,AA,TT,AA,AA,GG,CC,CC,GG,AA,AG,AA,CC,GG,CC,CC,AG,AA,GG,TT,GG,AC,GG,CT,GG,AC,GT,GT,TT,CC,AA,TT,TT,AT,TT,GG,CC,AA,CT,CC,CC,GG,AC,AA,GG,AG,CC,TT,CG,GT,GT,GG,AA,AA,AA,TT,AC,GG,AA,CC,CC,GG,GG,AA,GG,TT,AA,AA,CC,GG,AT,CC,AT,AT,GT,TT,AT,AT,CG,GT,AA,CC,NN,TT,AA,GG,AA,CC,AC,TT,CC,CT,AA,CC,CT,CC,AG,CC,GG,CC,TT,TT,GT,GG,TT,AA,CC,AG,GG,CC,GG,NN,CC,GG,NN,AA,CC,TT,GG,CG,CC,AA,GG,CC,AA,CC,AA,AA,AC,CG,CC,TT,AA,CG,AA,AA,AA,AA,GG,AG,AA,AA,TT,GG,CC,AA,AC,AA,TT,AA,NN,GG,GG,GG,TT,AA,AG,TT,TT,TT,AA,AT,GG,GG,AA,1.74,Resistant,Medium,Standard,Early
L0697,Anantapur,Andhra Pradesh,Kharif,Red Sandy,Rainfed,390,31.0,52,AC,TT,AG,AG,GG,CC,GG,AT,CC,CG,AA,CT,CC,TT,GT,GG,GG,TT,NN,AG,CG,TT,TT,CC,TT,CC,TT,AA,GG,AA,TT,CC,AA,CC,GG,GG,GG,CC,GG,CC,TT,TT,AA,TT,AG,AG,CT,AT,CC,AA,GG,AA,AA,NN,CC,TT,AA,AA,GT,AC,AG,TT,AT,AG,TT,TT,CC,GG,CT,GT,AG,GG,CC,AA,GG,AA,AT,GG,TT,TT,GG,GG,GG,CC,AA,GG,AA,AA,CC,GG,CC,NN,CC,AT,TT,GG,TT,CC,TT,CC,CC,CG,AG,AA,AT,TT,CC,AA,AG,AA,CT,GG,GT,CC,TT,AA,AC,TT,CC,GG,CG,GG,CC,GG,TT,AA,CC,CC,CC,CC,AA,TT,AC,AA,CC,CC,AA,TT,AA,AA,CG,CT,CC,GG,AA,GG,AA,AC,GG,CC,CC,AA,AA,AG,GT,NN,AA,TT,CT,GG,CC,TT,TT,CT,CC,AA,TT,TT,AT,TT,GG,CC,AA,CT,CC,CC,GG,CC,AA,GG,AG,CC,TT,CG,TT,GT,GG,TT,AA,AG,TT,CC,GG,AC,CC,CG,GG,GG,AA,GG,TT,CC,AA,CG,GG,AA,CC,AA,AA,GG,GT,AA,NN,GG,GT,AA,CC,TT,TT,AA,GG,AA,CT,AA,TT,CC,CT,AC,CC,TT,GG,GG,CG,GG,AC,TT,TT,TT,GG,AT,AA,CC,AG,GG,CC,CG,GG,CC,GG,AT,AA,CG,NN,GG,CC,CC,AA,AG,CC,AT,CC,AA,AA,CC,CC,AC,TT,AA,GG,AA,AA,AC,AA,AG,AG,AA,AA,TT,GG,AA,AA,CC,AA,TT,AG,AG,GG,AG,GG,GT,AA,AA,TT,TT,TT,AG,AT,GG,GG,AA,1.85,Moderate,Low,Standard,Early
L0698,Anantapur,Andhra Pradesh,Kharif,Red Sandy,Rainfed,390,31.0,52,AA,CT,GG,GG,GG,CC,GG,TT,CC,CG,AA,CT,CC,AT,TT,GG,GG,TT,TT,AA,NN,GT,TT,CC,AT,CC,TT,AT,GG,AA,CT,CC,AA,CC,GG,GG,GG,CC,GG,CC,TT,CT,AC,TT,AA,GG,TT,NN,GG,CC,GT,AA,AA,GG,CT,TT,AA,AA,GG,AA,AA,TT,TT,AA,TT,TT,CC,GG,TT,GG,AA,GG,CC,AA,AA,AA,AA,GG,TT,TT,GG,GG,GG,CC,AA,GG,AA,AA,CG,TT,AC,TT,CT,TT,TT,GG,TT,CC,TT,CC,CT,CG,AG,AA,TT,TT,CC,AA,AG,CC,CT,GG,GT,CC,TT,AA,AA,TT,CC,GG,CC,GG,CT,GG,CT,AG,CC,CC,AC,CC,AA,TT,CC,AA,CC,CC,AA,TT,AA,AA,GG,CC,CC,AG,AA,AG,AA,CC,GT,CC,CC,AA,AA,GG,GT,GG,AA,TT,CT,GG,CC,TT,NN,TT,CC,AA,TT,TT,AA,TT,CG,CC,AA,CT,CC,CC,GG,CC,AT,GG,AG,AC,TT,CC,GG,GG,GG,AT,AA,AA,TT,CC,GG,AA,CC,CC,GG,AG,AC,GG,TT,AC,AA,CC,TT,AT,AA,AA,AA,GG,TT,AT,AT,CG,GT,AT,CC,TT,TT,AA,GG,AA,TT,AA,TT,CC,TT,AA,CC,TT,CG,AA,CG,GG,CC,TT,CT,TT,GG,TT,AA,CC,AA,GG,CG,CG,GG,CC,GG,AT,AG,CC,TT,GG,CC,CC,AA,GG,GG,AT,CC,AA,AA,AC,GG,CC,TT,AA,GG,AA,AC,AC,AA,AG,AA,AA,AA,TT,GG,AA,AG,AC,AC,TT,AA,AA,GG,GG,GG,TT,AA,AA,GT,TT,TT,AA,TT,GG,GG,AA,2.34,Moderate,Medium,Premium,Early
L0699,Anantapur,Andhra Pradesh,Kharif,Red Sandy,Rainfed,390,31.0,52,AA,TT,GG,AG,GG,CC,GT,TT,CC,CG,AA,CC,CG,TT,GG,GG,CG,TT,TT,AA,CC,TT,GG,CC,TT,CT,TT,TT,GT,AA,TT,CC,AA,CC,GG,CG,GG,CC,GG,AC,TT,CT,AA,TT,AA,AG,TT,AT,CC,AC,GT,AT,AA,GG,CT,TT,AA,CC,GT,AA,AA,TT,TT,AA,TT,TT,CC,GG,TT,GT,AA,GG,CC,AA,GG,AC,AA,GG,GT,TT,GG,GG,GG,CC,AA,GG,AG,AT,CC,GT,AA,TT,CC,AT,TT,GG,TT,CC,GT,CC,CT,CG,AG,AA,AA,TT,CC,AA,AG,AC,CC,GG,TT,CC,TT,AA,AA,TT,CC,GG,CC,GG,CT,GT,CT,AA,CT,CC,CC,CC,AA,GT,CC,AA,CC,CC,AA,AT,AA,AA,GG,CT,CC,GG,AA,AG,AA,CC,GG,CC,CC,AA,AG,GG,TT,GG,AA,TT,TT,NN,CC,TT,GT,TT,CC,AT,GT,TT,AT,TT,GG,CC,AA,CT,CC,CC,GG,CC,AA,GG,AG,CC,GT,CG,GG,TT,GG,TT,AA,AA,TT,AC,GG,AA,AC,CC,GG,AG,AC,GG,TT,CC,AA,CC,GG,AA,NN,AA,AA,GG,TT,AA,AA,GG,TT,AT,CC,TT,TT,AA,GG,AA,TT,AA,TT,CC,TT,AA,CC,TT,CG,AA,CC,AA,CC,TT,TT,GT,GG,TT,AC,AC,AG,GG,CC,CC,GG,CG,GG,AT,AG,CC,TT,GG,CC,CG,AA,GG,CC,AT,CC,AT,NN,CC,CC,AC,TT,AA,CG,AA,AA,AA,AA,GG,AA,AA,AA,AT,GG,AC,AG,CC,AA,CC,AA,AA,GG,GG,GG,TT,AA,AG,TT,NN,TT,AG,TT,GG,GG,AC,3.48,Resistant,Low,Standard,Late
L0700,Anantapur,Andhra Pradesh,Kharif,Red Sandy,Rainfed,390,31.0,52,AC,TT,GG,AG,GG,CC,GG,AT,CC,GG,AA,CC,CG,TT,TT,GG,GG,TT,TT,AA,CC,TT,GT,CC,TT,CC,TT,AT,GG,AA,CT,CC,AA,AC,GG,GG,GG,CC,GG,CC,TT,TT,AA,TT,AG,AG,TT,TT,CC,AA,GG,AA,AA,GG,CC,TT,AA,AA,GT,AA,NN,TT,AT,AA,CT,AT,CC,GG,TT,GG,AA,GG,CC,AA,GG,AA,AT,GG,GT,CT,GG,GT,GG,CC,AA,GG,AA,AA,CC,TT,CC,TT,CC,TT,TT,GG,TT,CC,GT,CC,CC,CC,AG,AG,TT,TT,CG,AA,NN,AA,CC,GG,TT,CC,TT,AC,AA,TT,CC,GG,NN,GG,CC,GG,CT,AG,CC,CC,AC,CC,AA,TT,CC,NN,CC,CC,AA,AT,AA,AA,GG,CT,CC,GG,AA,AG,AT,AC,GG,CC,CC,AA,AA,GG,TT,GG,AC,GT,TT,GG,AC,TT,GT,TT,CC,AT,TT,TT,AA,TT,GG,CC,AG,CC,AC,AC,GG,CC,AA,GG,AA,CC,TT,CC,GT,GT,CG,TT,AA,AA,TT,CC,GG,AC,CC,CC,GG,GG,AA,GG,TT,AA,AG,CC,GG,AA,AC,AA,NN,GG,TT,AT,AT,GG,GT,AA,CC,TT,TT,AA,GG,AA,TT,AC,TT,CC,TT,AA,CC,TT,GG,AA,CC,AA,CC,TT,CT,GT,GG,TT,AC,AC,AA,GT,CC,GG,GG,CC,GG,TT,AA,CC,TT,GG,CC,CC,AT,GG,CC,NN,CC,AA,AA,AC,CC,AC,TT,AA,GG,AA,AC,AC,AC,GG,AA,AA,AA,TT,GG,AA,AG,AC,AA,TT,AA,AA,GG,GG,GG,TT,AA,AA,TT,TT,TT,AA,AT,GG,GG,AA,2.63,Resistant,Low,Standard,Medium
L0701,Anantapur,Andhra Pradesh,Kharif,Red Sandy,Rainfed,390,31.0,52,CC,CT,GG,AG,GG,CG,GG,AT,CC,CG,AA,CT,CC,AT,TT,GT,CG,TT,AT,AA,CC,TT,GT,CC,TT,CC,TT,AT,GG,AA,TT,CC,AG,CC,GG,GG,GG,CG,GG,AC,TT,CT,AA,TT,AG,AA,CT,TT,CC,AC,GG,AA,AG,GG,CC,GT,AA,CC,GG,AC,AA,TT,AT,AA,TT,TT,CC,GG,TT,GT,AG,GT,CC,AA,GG,AA,AT,GG,TT,TT,GG,GG,GG,CC,AA,GG,AA,AA,CC,GT,AC,GT,CT,TT,TT,GG,CT,CC,GG,CC,CC,CC,GG,AG,TT,TT,CC,AG,AA,AA,CT,GG,TT,CC,TT,AC,AA,TT,CC,GG,CG,GG,CC,GG,TT,AA,CT,CC,CC,CC,AA,TT,CC,AA,CC,CC,AA,TT,NN,AA,GG,CC,CC,GG,AA,AG,AA,CC,GT,CC,CC,AA,AG,AG,GT,GG,AC,TT,TT,AG,CC,TT,TT,CT,CC,AA,TT,CT,AA,TT,GG,CC,AG,CC,CC,CC,GG,CC,AA,GG,AG,AC,TT,CC,GT,TT,GG,AT,AA,AG,TT,CC,GG,AA,CC,CC,GG,NN,AA,GG,TT,AA,AA,CC,GT,AA,AC,NN,TT,GG,TT,TT,AA,CG,GG,AA,CG,TT,GT,AA,GG,AA,CC,AA,TT,CC,TT,AA,CC,TT,GG,AA,CC,AG,CC,TT,TT,TT,GG,TT,AA,CC,AG,GG,CC,NN,GG,CC,GG,TT,AA,CC,TT,GG,CC,CC,AA,AG,CC,AT,NN,AT,AA,CC,CC,NN,TT,AA,GG,AA,AA,AC,AA,GG,AA,AA,AA,TT,CG,AC,AA,CC,AA,TT,AA,AA,GG,GG,GG,TT,AA,AG,TT,TT,TT,AA,TT,GG,GG,AA,4.86,Moderate,Low,Poor,Medium
L0702,Anantapur,Andhra Pradesh,Kharif,Red Sandy,Rainfed,390,31.0,52,AA,TT,GG,AA,GG,CC,GG,TT,CC,CG,AA,CC,CG,AT,TT,GG,GG,TT,TT,AA,CC,TT,TT,CC,TT,CC,TT,AT,GG,AA,TT,CT,AA,CC,GG,GG,GG,CG,GG,CC,TT,CC,AC,TT,AA,AG,TT,AT,CC,AC,GG,AA,AA,GG,CT,TT,AA,AA,GT,AC,AA,GT,TT,AG,TT,TT,CC,GG,TT,GT,AA,GG,CC,AA,AG,AA,AT,GG,TT,CT,GG,GG,GT,CC,AA,AG,AA,AA,CC,GT,AC,TT,CT,TT,GG,GG,TT,CC,TT,CC,CT,CC,AG,AA,TT,TT,CC,AA,GG,AA,CT,GG,TT,CG,GT,AA,AC,TT,CC,AG,CC,GG,CC,GT,NN,AG,CC,CC,CC,CC,AA,TT,CC,AA,CC,CC,AA,TT,AA,AA,GG,CC,CG,AG,AG,AG,AT,CC,GG,CC,CC,AA,AA,GG,TT,GG,AC,TT,TT,GG,AC,TT,GT,TT,CC,AT,TT,TT,AA,TT,GG,CC,AA,CT,CC,CC,GG,CC,AA,GG,AG,CC,TT,CC,GG,GT,CC,AT,AA,AA,TT,CC,GG,AC,CC,CC,GG,GG,AA,GG,TT,AA,AA,CC,GG,AA,AC,AA,TT,GG,TT,TT,AA,GG,GT,AT,CG,TT,TT,AA,GG,AA,CC,AA,TT,CC,TT,AA,AC,TT,GG,AA,CC,AA,CC,TT,CT,TT,GG,TT,AA,AC,AG,GG,CC,CG,GG,CG,GG,TT,AA,CC,GT,GG,CC,CC,AA,GG,CG,AA,CG,AT,AA,AC,CC,AA,TT,AA,GG,AA,AA,AA,AA,AG,AA,AA,AA,TT,GG,AA,AG,CC,AC,CT,AA,AA,GG,GG,GG,TT,TT,AG,TT,TT,TT,AA,TT,GG,CG,AA,1.31,Resistant,High,Poor,Medium
L0703,Anantapur,Andhra Pradesh,Kharif,Red Sandy,Rainfed,390,31.0,52,AA,TT,AG,AA,GG,CC,GT,AT,CC,CG,AA,CC,CC,TT,TT,GT,GG,TT,AT,AA,CG,GT,TT,CC,TT,NN,GT,AT,GG,AA,TT,CT,AA,CC,GG,GG,GG,CG,GG,CC,TT,CT,AA,TT,AA,GG,TT,AT,CC,AC,GT,AA,AG,GG,CC,TT,AT,AA,GT,AC,AA,GT,TT,AG,TT,TT,CC,GT,TT,GG,AA,GG,AC,AA,AG,AC,AA,GG,TT,TT,GG,GG,GT,CC,AA,NN,AA,AT,NN,GT,CC,TT,CC,AT,TT,AG,TT,CC,GG,CC,CC,CC,AA,AA,AT,GT,CC,AA,AA,AA,CT,GG,TT,CC,TT,AA,AA,AT,CG,GG,GG,GG,CT,GT,CT,AA,CC,NN,CC,CG,AA,TT,CC,AA,CC,CC,AA,TT,AA,AA,GG,CC,CC,GG,AA,AA,AA,CC,GT,CC,CC,AA,AA,AG,TT,GG,AA,GT,TT,GG,CC,GT,GG,TT,CC,AA,TT,TT,AA,TT,CG,CC,AA,CC,CC,AC,CC,CC,AA,GG,AG,CC,TT,NN,TT,TT,GG,AT,AA,AA,TT,CC,CG,AA,AC,CC,GG,GG,AC,CG,TT,AC,AA,CC,GG,AT,NN,AA,TT,GG,TT,AT,AA,GG,TT,AA,GG,TT,TT,AA,GG,AA,TT,NN,TT,CC,TT,AA,CC,TT,CG,AG,CC,GG,CC,TT,CT,GT,GG,TT,AC,AC,AA,GG,CC,CC,GG,CC,GG,TT,AG,CC,GT,GG,CC,CC,AT,AG,CG,AA,CC,AA,AA,CC,CG,CC,TT,AA,GG,AA,AA,AA,AA,GG,AA,AG,AA,TT,CG,AC,AA,AC,AA,CT,AA,AA,CG,GG,GG,TT,AT,AA,TT,TT,TT,AG,AT,GG,GG,AA,1.71,Moderate,Low,Premium,Early
L0704,Anantapur,Andhra Pradesh,Kharif,Red Sandy,Rainfed,390,31.0,52,AA,TT,GG,AG,GG,GG,TT,AT,NN,CC,AA,CC,CC,AA,TT,GT,CG,NN,TT,AG,CC,TT,GT,CC,TT,CC,TT,AT,GG,AA,CT,CC,AA,CC,GG,CG,GG,CG,GT,CC,TT,CC,AA,TT,AA,GG,TT,AT,CC,CC,GG,AA,AG,GG,CT,GT,AA,AA,GT,AC,AG,TT,AT,AA,CT,AT,CC,GG,TT,GG,AA,GG,CC,AA,GG,AA,TT,GG,TT,TT,GG,GT,GG,CC,AA,GG,AA,AA,CC,GT,CC,GT,CC,TT,TT,AG,CT,AC,TT,CC,CC,CC,AG,NN,TT,TT,CC,AA,AG,AC,CC,GG,GT,CG,TT,AA,AA,TT,CC,GG,GG,GG,CC,GT,TT,AA,CT,CC,CC,CC,AA,TT,CC,AA,CC,CC,AA,TT,AA,AA,GG,CC,CC,GG,AA,AA,AA,AC,GT,CC,CC,AG,AG,AG,TT,AG,AC,TT,CC,GG,AC,GT,GT,TT,CC,AA,TT,TT,AA,TT,GG,CC,AA,CC,CC,CC,GG,CC,AA,GG,AG,CC,TT,CC,GG,TT,CG,TT,AG,AA,TT,AC,CG,AC,CC,CC,GG,GG,AC,GG,TT,AA,AA,CC,GG,AA,AC,AA,AT,GT,TT,AA,AT,CG,GG,AA,CG,TT,TT,AA,GG,AA,CT,AA,TT,CC,TT,AA,CC,TT,GG,AG,CC,AG,CC,TT,CT,TT,GG,TT,AA,CC,AG,GG,CG,CC,GG,CC,GG,TT,AA,CG,GT,GG,CC,CC,AA,GG,CC,AA,CG,AA,AA,AA,GG,AC,TT,AA,GG,AA,AA,AA,AC,AA,AG,AA,AA,TT,GG,AC,AG,AC,AA,TT,AG,AA,GG,GG,GG,TT,AA,AA,TT,TT,TT,AG,AT,GG,GG,AA,3.06,Susceptible,Medium,Premium,Late
L0705,Anantapur,Andhra Pradesh,Kharif,Red Sandy,Rainfed,390,31.0,52,AC,TT,AG,AA,GG,CC,GT,AT,CC,NN,AA,NN,CG,TT,TT,GG,GG,TT,TT,AA,CC,TT,GT,CC,TT,CT,TT,TT,GG,AA,TT,CC,AA,CC,GG,GG,GG,CC,GG,NN,TT,CC,AA,TT,AA,AG,CT,AT,CC,AC,GG,AA,AA,GG,CC,TT,AA,AA,GG,AC,AG,GT,AA,AA,TT,AT,CC,GG,TT,GG,AA,GT,CC,AA,GG,AC,AA,AG,TT,TT,GG,GT,GG,CC,AA,GG,AA,AA,CC,GT,AC,TT,CT,AT,TT,GG,TT,CC,GT,CT,CC,CG,AG,AA,TT,TT,CC,AA,GG,AA,CT,GG,TT,CC,GT,AA,AA,TT,CC,AG,CC,GG,CT,GT,CT,AG,CC,CC,CC,CC,AA,GT,AC,AA,CC,CC,AA,TT,AA,AA,GG,CC,CC,GG,AA,AA,AA,CC,GT,CC,CC,AA,AA,GG,TT,GG,AA,TT,CT,GG,AC,TT,GG,CC,CG,AT,TT,TT,AA,TT,GG,CC,AA,CC,CC,CC,GG,AC,AA,GG,AA,CC,TT,CC,TT,TT,CG,AT,AA,AA,TT,CC,CG,AA,CC,CC,GG,GG,AA,GG,TT,AA,AA,CC,GT,AA,AA,AA,AA,GG,TT,AT,AT,CG,GG,AT,CC,AT,TT,AA,GG,AA,CT,AA,TT,CC,CT,CC,CC,TT,GG,AA,CG,AA,AC,TT,TT,NN,GG,TT,AA,AA,AA,GG,CG,CC,GG,CC,GG,TT,AA,CC,GT,GG,CG,GG,AA,GG,NN,AA,CC,AA,AA,CC,CC,AA,TT,AA,GG,AA,AA,AA,AA,GG,AA,AG,AA,AT,GG,AA,AA,CC,AC,TT,AA,AA,GG,GG,GG,TT,AA,AA,GT,TT,TT,AA,TT,GG,GG,AA,3.87,Susceptible,Low,Standard,Late
L0706,Anantapur,Andhra Pradesh,Kharif,Red Sandy,Rainfed,390,31.0,52,AC,TT,AG,AG,GG,CC,GG,AT,CC,CG,AA,CC,CC,TT,GT,GT,CG,TT,TT,AA,CC,TT,GG,CC,TT,CC,TT,TT,GG,AA,TT,CC,AA,CC,GG,GG,GG,CG,GG,CC,TT,TT,AA,TT,AA,AG,TT,TT,CC,AA,GT,AA,AA,GG,NN,TT,AA,AC,GG,AC,AA,TT,AT,AG,CC,TT,CC,GG,TT,GG,NN,GG,CC,AA,AG,AA,AA,NN,TT,TT,NN,GG,GG,CC,AA,GG,AA,AT,CC,GT,CC,TT,NN,TT,TT,GG,TT,CC,TT,CC,CT,CG,GG,AA,AT,TT,CC,AG,NN,AA,CT,GG,TT,CC,TT,AA,AC,TT,CC,AG,CG,GG,CC,GT,TT,AA,CT,CC,CC,CC,AA,TT,CC,AA,CC,CC,AA,TT,AA,AA,GG,CC,CC,GG,AA,NN,AA,CC,GT,CC,CC,AG,AA,AG,TT,GG,AA,TT,CT,GG,AA,TT,TT,TT,GG,AT,TT,TT,AA,TT,GG,CC,AG,CT,CC,AC,GG,AC,AA,GG,AA,CC,TT,CC,GT,TT,GG,AT,AA,AA,TT,CC,CG,AA,CC,CC,GG,GG,AC,GG,TT,AA,AA,CC,GT,AA,CC,AA,AT,GT,TT,TT,AT,CG,TT,AA,CG,TT,GT,AA,GG,AA,TT,AA,TT,CG,CT,AA,CC,TT,GG,AA,CG,GG,CC,TT,CT,GT,GG,TT,AA,CC,AG,GG,CC,CC,GG,CC,GG,AT,AA,CC,TT,GG,CC,CG,AA,GG,CG,AA,CC,AT,AA,AC,GG,AA,TT,AA,GG,AA,AC,AC,AA,AA,AA,AA,AG,TT,GG,AC,AG,AC,AA,TT,AA,AG,GG,GG,GG,TT,AA,AG,TT,TT,TT,AA,TT,GG,CG,AA,2.74,Moderate,High,Poor,Medium
L0707,Anantapur,Andhra Pradesh,Kharif,Red Sandy,Rainfed,390,31.0,52,AC,CT,AG,AA,GG,CC,GG,AT,CC,CG,AA,CC,CC,TT,TT,GT,GG,TT,TT,AA,CC,GT,TT,CT,AT,CC,TT,TT,GT,AA,TT,CC,AA,CC,GG,CG,GG,GG,GG,CC,TT,CT,AA,TT,AA,AG,CC,AT,CC,CC,GG,AT,AA,GG,CC,GT,AA,AA,GT,AA,AA,GT,TT,GG,TT,NN,CC,GG,TT,TT,AG,GG,CC,AA,AG,CC,AA,GG,TT,TT,GG,GG,GG,CC,AT,NN,AG,NN,CC,GT,CC,TT,CT,TT,GT,GG,CT,CC,TT,CT,CC,CG,AG,AA,TT,TT,CC,AG,AA,AA,CC,GG,TT,CC,TT,AA,AA,TT,CC,GG,CC,GG,CC,GT,TT,AG,CC,CG,AC,CG,AA,TT,CC,AA,CC,CC,NN,TT,AG,AT,GG,NN,CC,AG,AA,AA,AA,AC,GG,CC,CC,AG,AG,AG,TT,GG,AC,TT,CT,GG,CC,GG,TT,TT,CG,AA,GT,TT,AA,AT,GG,CC,AG,CC,NN,CC,CG,CC,AA,GG,AG,CC,TT,CC,GG,TT,GG,TT,AG,AA,TT,AC,GG,AC,CC,CC,GG,GG,AC,GG,TT,AC,AG,CC,GG,AA,AC,AT,AA,GT,GT,AT,AA,GG,TT,AA,CC,TT,GT,AA,GG,AA,TT,AA,TT,CC,CT,AA,CC,CT,CG,AG,CC,AG,CC,TT,CT,TT,GG,TT,AA,AA,AA,GG,CC,CC,GG,CC,GG,TT,AA,CC,TT,AG,CC,CC,AA,AG,CG,AA,CC,AT,AA,CC,CC,AC,TT,AA,GG,AA,AA,AA,NN,AG,AA,AG,AA,TT,GG,AC,AG,CC,AC,CT,AA,AA,GG,GG,GG,TT,AA,AG,TT,TT,TT,AG,AA,GG,GG,AC,4.03,Resistant,Medium,Standard,Medium
L0708,Anantapur,Andhra Pradesh,Kharif,Red Sandy,Rainfed,390,31.0,52,AC,TT,GG,AG,GG,CC,GG,TT,CC,CC,AA,CC,CG,TT,GT,GG,GG,TT,TT,AA,CC,TT,TT,CC,TT,CC,GT,TT,GG,AA,CT,CC,AA,CC,GG,GG,GG,CC,GG,NN,TT,CT,AA,TT,AG,GG,TT,AT,CC,AA,GG,AA,AG,GG,CC,TT,AA,AA,GG,AC,AG,TT,AA,AA,TT,AT,CC,GG,TT,GT,AA,GG,CC,AA,GG,AA,AT,GG,TT,TT,GG,GG,GT,CC,AA,GG,AA,AA,CG,TT,CC,TT,CC,TT,GT,AG,TT,AC,GT,CC,NN,CC,AA,AA,TT,TT,CC,AA,AG,AA,CT,GG,TT,GG,TT,AC,AA,TT,CG,GG,CG,GG,CC,GT,CT,AA,CC,CC,CC,CC,AA,TT,CC,AA,CC,CC,AA,TT,AA,AT,GG,CC,CC,GG,AA,AG,AT,CC,GG,CC,CG,AG,AA,GG,GT,AG,CC,TT,CT,GG,AC,GT,TT,TT,CC,TT,TT,TT,AA,TT,GG,CC,AA,CC,CC,CC,GG,AC,AA,GG,AG,CC,TT,CC,NN,GT,GG,AT,AA,AG,TT,CC,GG,AA,AC,CC,GG,GG,AA,GG,TT,CC,AA,NN,GG,AA,CC,AA,AT,GT,GT,AT,AA,GG,GT,AT,CG,AT,GT,AA,GG,AA,CT,AA,TT,CC,TT,AA,CC,TT,CG,NN,CC,AG,CC,TT,CT,GT,GG,TT,AA,AC,AG,GG,CG,CC,GG,CC,GG,AT,AA,CG,TT,GG,CG,CC,AT,GG,CC,AA,CG,AA,AA,CC,CG,CC,TT,AA,GG,AA,AA,AA,AA,AG,AA,AA,AG,TT,GG,AA,AA,CC,AC,TT,AA,AA,GG,GG,GG,TT,AA,AG,TT,TT,TT,AG,TT,GG,GG,AA,2.1,Resistant,Low,Poor,Early
L0709,Anantapur,Andhra Pradesh,Kharif,Red Sandy,Rainfed,390,31.0,52,CC,CT,GG,AA,GG,CC,GT,TT,CC,CC,AA,CT,CG,AT,TT,GG,GG,TT,TT,NN,CC,GT,GT,CC,TT,CC,TT,AT,GG,AA,TT,CT,AG,CC,GG,GG,NN,NN,GG,CC,TT,CT,AA,GT,NN,AG,TT,AT,CC,AC,GG,AT,AA,GG,CT,TT,AA,AA,TT,AC,AG,GT,AT,AG,TT,AT,CC,GG,TT,GG,AA,GG,CC,AG,GG,AA,AT,GG,TT,TT,GG,GG,GT,CC,AT,GG,AA,AA,CC,GT,AC,TT,CC,TT,GT,AG,TT,CC,NN,CC,CC,CC,AA,AA,TT,TT,CC,AA,AA,AA,CC,GG,TT,CC,TT,AC,AA,AT,CG,GG,CC,GG,CC,GG,CT,AA,TT,CG,CC,CC,AA,TT,CC,AA,CC,CT,AA,TT,AA,AT,GG,CC,CC,GG,AA,AA,AT,CC,GG,CC,CC,AA,AA,GG,TT,AG,CC,TT,TT,GG,AC,TT,TT,TT,CG,AA,GT,TT,AA,AT,GG,CC,AA,CT,CC,CC,CG,AC,AA,GG,AG,CC,TT,CC,GT,GG,GG,AA,AA,AA,GT,CC,GG,AC,AC,CC,CG,GG,AC,GG,TT,AC,AA,CC,GG,AT,AA,AA,AT,GT,GG,AT,AT,GG,GG,AA,CC,AT,GT,AA,GG,AG,TT,AA,TT,CC,TT,AC,CC,TT,GG,AG,CG,AG,CC,TT,CT,GT,GG,TT,AA,AC,AA,GG,CC,CC,GG,CC,GG,TT,AA,CC,TT,GG,CC,CC,AT,GG,GG,AT,CG,AA,AA,AC,CC,CC,TT,AA,CG,AA,AA,AA,AA,GG,AG,AA,AA,TT,GG,AA,AA,CC,AC,CT,AA,AA,CG,GG,GG,GT,AA,AA,GT,TT,NN,AA,TT,GG,GG,AA,2.64,Susceptible,High,Poor,Early
L0710,Anantapur,Andhra Pradesh,Kharif,Red Sandy,Rainfed,390,31.0,52,AC,CT,GG,AG,GG,CC,GT,AT,CC,CG,AT,CC,CG,NN,TT,GG,GG,TT,TT,AA,CC,TT,TT,CC,TT,CC,GT,AA,GG,NN,TT,CC,AA,AC,GG,GG,GG,CC,NN,AC,TT,CT,AA,TT,NN,GG,TT,AT,CC,AC,GT,AA,AA,GG,CT,TT,AA,AA,GT,AA,AA,GT,AT,AG,TT,TT,CC,GG,TT,GG,AA,GG,CC,AA,GG,AA,AT,GG,TT,TT,GG,GT,GG,CC,AA,GG,AA,AA,CC,GT,CC,TT,CC,TT,GT,GG,TT,CC,GT,CC,CC,CC,AA,AA,TT,TT,CC,AA,NN,AA,CT,GT,TT,CG,TT,AA,AA,TT,CC,GG,CC,GG,CC,GG,CT,AA,CC,CC,AC,CC,AA,TT,AC,AA,CC,CC,AA,TT,AA,AA,GG,CC,CC,GG,AA,AG,AA,CC,GG,CC,CC,AA,AG,GG,TT,AG,AA,TT,CT,GG,AC,TT,TT,TT,CG,TT,GT,TT,AA,TT,GG,CC,AA,TT,CC,CC,CG,CC,AA,GG,AG,CC,TT,CC,GT,TT,GG,TT,AA,AA,TT,CC,GG,NN,CC,CC,GG,AG,AA,GG,TT,AC,AA,CC,GG,AA,AC,AA,AT,GG,TT,TT,TT,GG,GT,AA,CG,TT,GT,AA,AG,AA,TT,AA,TT,CC,CT,AA,CC,TT,GG,AA,CC,AG,CC,TT,TT,GT,GG,TT,AA,CC,AA,GG,CC,CG,GG,CC,GG,TT,AA,CC,TT,GG,CC,GG,AA,AG,CC,AT,CC,AA,AA,AC,CG,AC,AT,AA,GG,AA,AA,AC,AC,AA,AG,AG,AA,TT,CG,AA,AG,AA,AA,CT,AG,NN,GG,GG,GG,TT,AT,AA,TT,TT,TT,AG,TT,GG,GG,AA,0.4,Susceptible,Medium,Poor,Early
L0711,Anantapur,Andhra Pradesh,Kharif,Red Sandy,Rainfed,390,31.0,52,NN,CT,GG,AG,GG,CC,GT,TT,CC,CG,AA,CC,CG,AT,TT,GG,CG,TT,TT,AA,CC,TT,TT,CC,TT,CC,TT,AT,GG,AA,CT,CT,AA,CC,GG,GG,GG,CC,GG,CC,TT,TT,AA,TT,AA,GG,TT,AT,CC,AC,GG,AA,AG,GG,CC,TT,AA,AC,GG,AC,AA,TT,TT,AA,CT,TT,NN,GG,TT,GG,AG,GG,CC,AA,GG,AC,AT,GG,GT,TT,GG,GG,GG,CC,AA,GG,AA,AA,CC,GT,AC,TT,CC,AT,TT,GG,CT,AC,GT,CC,TT,CC,AA,AA,TT,TT,CC,AA,AG,AC,CC,GG,TT,CG,GT,AC,AA,TT,CC,GG,CG,GG,CC,GG,TT,AA,CC,CC,AC,CC,AG,TT,AC,AA,CC,CC,AA,AT,AG,AA,GG,CC,CC,GG,AA,AA,AA,CC,GG,CC,CC,AA,AA,GG,TT,AG,NN,TT,CT,GG,AC,GT,TT,TT,CC,AA,TT,TT,AT,AT,GG,CC,AA,CT,CC,CC,GG,NN,AA,AG,GG,AC,TT,CC,GT,GG,CG,AA,AA,AA,TT,CC,GG,AA,AC,CC,GG,GG,AA,GG,TT,AC,GG,CC,GG,AA,AC,AA,AA,GG,TT,TT,AA,GG,GG,AA,CC,TT,TT,AA,GG,AA,TT,AA,TT,CC,TT,AC,CC,TT,CG,AA,CG,AA,CC,TT,TT,GT,GG,TT,AA,CC,AA,GG,CC,CC,GG,CC,GG,AA,AG,CC,TT,GG,CC,CC,AA,GG,CC,AA,CG,AA,AA,AA,CG,AC,NN,AA,GG,AA,AA,AA,AA,AG,GG,AA,AA,TT,NN,AC,AA,CC,AC,TT,AA,AA,GG,GG,GG,GT,AA,AG,TT,TT,TT,AG,TT,GG,GG,AC,0.93,Resistant,Medium,Poor,Early
L0712,Anantapur,Andhra Pradesh,Kharif,Red Sandy,Rainfed,390,31.0,52,AC,TT,AG,AA,CG,CG,GG,TT,CC,CG,AA,CC,CC,TT,TT,GG,GG,TT,TT,AA,CC,GT,TT,CT,TT,CC,GT,AT,GG,AA,TT,CT,AA,CC,GG,GG,GG,CC,GG,CC,TT,CC,AC,NN,AA,AG,CT,AT,CC,AC,GG,AA,AG,GG,CC,GT,AA,AA,GT,AC,AA,TT,TT,AA,TT,TT,CC,GG,TT,GT,AA,GG,CC,AA,AG,AA,AA,GG,TT,TT,GG,GG,GG,CC,AA,GG,AG,AA,CG,GT,AC,TT,CC,TT,TT,GG,CT,CC,TT,CC,CT,CC,GG,AA,TT,TT,CC,AA,AA,AA,CC,GG,TT,CC,TT,AA,AA,TT,CG,GG,CC,GG,CT,GG,CT,AG,CT,CC,CC,CC,AA,GT,CC,AA,NN,CC,AA,TT,AA,AT,GG,CC,CC,NN,AA,AA,AA,CC,GG,CC,CC,AA,AA,GG,TT,GG,AC,TT,TT,GG,AA,TT,TT,TT,CG,AT,TT,TT,AT,TT,GG,CC,AG,CC,CC,CC,CG,CC,AA,GG,GG,NN,TT,CC,GG,TT,NN,TT,AA,AA,TT,CC,GG,AA,AC,CC,GG,GG,AA,CG,TT,AA,AA,CC,GG,AA,CC,AA,AT,GT,GT,TT,AT,GG,GG,AT,CC,TT,GT,AA,GG,AA,TT,AA,TT,CC,TT,AA,CC,CT,GG,AG,CC,AA,CC,TT,TT,TT,GG,TT,AA,CC,AG,GG,CC,CC,GG,CC,NN,AT,AG,CC,TT,GG,CG,GG,AA,GG,CG,AA,CC,AA,AA,CC,CG,AC,TT,AA,GG,AA,AA,CC,AA,AA,AA,AG,AA,NN,CG,AA,AA,AC,AA,CT,AG,AA,GG,GG,GG,TT,AA,AA,TT,TT,TT,AG,NN,GG,GG,AA,2.95,Moderate,Low,Poor,Early
L0713,Anantapur,Andhra Pradesh,Kharif,Red Sandy,Rainfed,390,31.0,52,AA,TT,GG,NN,GG,CC,GT,TT,CC,CC,AA,CC,CG,TT,TT,GG,GG,TT,TT,AG,CC,TT,TT,CT,TT,CC,GT,TT,GT,AA,TT,CC,AA,NN,GG,CG,GG,CC,GG,CC,TT,TT,AA,TT,AA,GG,TT,TT,CC,AC,GT,AA,AG,GG,CT,TT,AA,NN,TT,AA,AA,TT,TT,AA,TT,TT,CC,GG,TT,GG,AA,GG,CC,AA,GG,AA,AT,GG,TT,TT,GG,GG,GG,CC,AT,GG,AA,AA,CC,TT,CC,TT,CC,TT,TT,AG,CT,AC,GG,CC,CT,CG,AG,AA,TT,TT,CG,AA,AA,AA,CC,GG,TT,CG,TT,AC,AC,AT,CC,GG,NN,GG,CT,GG,TT,AA,CC,CC,CC,CC,AA,GT,CC,AA,CC,CC,AG,TT,AA,TT,GG,CT,CC,GG,AA,AA,NN,CC,GG,CC,CC,AA,GG,GG,TT,GG,AA,TT,TT,GG,AC,GG,TT,TT,CC,AT,TT,TT,AA,AT,GG,CC,AA,CT,AC,CC,GG,CC,AA,GG,AA,CC,TT,CC,GT,TT,GG,AT,AA,AA,TT,CC,GG,AC,CC,CC,NN,GG,AA,GG,TT,AC,AG,CC,GT,AA,CC,AA,AA,GT,TT,TT,AA,GG,GT,AA,CC,AT,TT,AA,GG,AA,TT,AA,TT,CC,TT,AC,AC,CT,CG,AG,CG,AA,CC,NN,TT,GT,GG,TT,AC,AC,NN,GG,CC,CC,GG,CC,GG,TT,AA,CC,TT,GG,CG,CC,AT,GG,CC,NN,CG,AA,AA,CC,CG,CC,TT,AA,GG,AA,AA,AA,AA,GG,AG,AA,AA,TT,GG,AC,GG,CC,CC,TT,AA,AA,CG,GG,GG,TT,AA,AG,TT,TT,TT,AA,AT,CG,GG,AA,0.51,Susceptible,High,Poor,Early
L0714,Anantapur,Andhra Pradesh,Kharif,Red Sandy,Rainfed,390,31.0,52,AA,TT,AG,AA,GG,CC,GT,AT,CC,CG,AA,CC,CC,TT,GT,GT,GG,TT,TT,AA,CC,GT,GT,CT,TT,CC,GT,TT,GG,AA,TT,CT,AA,CC,AG,GG,GG,CC,GG,CC,TT,CT,AA,GT,AA,GG,TT,TT,CC,AC,GT,AT,AA,GG,CC,TT,AA,AA,GT,AA,AA,TT,AT,AA,TT,TT,CC,GG,TT,GT,AA,GG,CC,AA,GG,AC,AA,AA,TT,CT,GG,GG,GG,AC,AT,GG,AA,AT,CG,GT,CC,TT,CT,TT,TT,GG,TT,CC,GT,CC,CC,CG,AG,AA,TT,TT,GG,AG,AG,AA,TT,GG,TT,CG,TT,AA,AA,TT,NN,GG,CC,AG,CC,GG,CT,AA,CT,CC,CC,NN,AA,TT,AA,AA,CC,CC,AA,TT,AA,AA,GG,CC,CC,GG,AA,GG,AA,CC,GT,CC,CC,AA,AA,AG,GT,GG,AA,TT,TT,GG,AC,GT,GT,CT,CC,AA,GT,CT,AA,TT,GG,CC,AG,CC,CC,CC,GG,CC,AA,GG,AA,CC,TT,CC,GT,TT,GG,AT,AA,AA,TT,CC,GG,AC,CC,CC,GG,GG,AC,GG,TT,AA,AG,CC,GT,AA,CC,AT,AT,GG,TT,AT,AT,GG,TT,AT,CC,TT,GT,AA,GG,AA,TT,AA,NN,CC,CT,AA,CC,TT,CC,AA,CC,AG,CC,TT,TT,GT,GG,AT,AA,CC,AG,GG,CC,CG,GG,CC,GT,AT,AA,CG,TT,GG,CC,CC,NN,GG,CC,AA,CG,AA,AA,AC,CC,CC,AT,AA,GG,AA,AA,AC,AA,AG,AG,AA,AA,TT,GG,AA,NN,AC,AC,CT,AA,AA,CG,GG,CG,TT,AT,AA,TT,TT,TT,AG,TT,GG,GG,AA,2.27,Resistant,Low,Standard,Early
L0715,Anantapur,Andhra Pradesh,Kharif,Red Sandy,Rainfed,390,31.0,52,CC,TT,GG,AG,GG,CC,GT,TT,CC,CC,AA,CC,CG,TT,TT,GG,CG,TT,TT,AA,CC,GT,GG,CT,TT,CC,GT,TT,GG,AA,TT,CT,AA,CC,GG,CG,NN,CG,GG,CC,TT,CC,AA,GT,AG,AG,TT,AT,CC,NN,GG,AA,AG,GG,CC,TT,AA,AC,GT,AC,AA,TT,TT,AA,TT,TT,CC,GG,TT,GG,AA,GG,CC,AA,GG,AA,AT,GG,GT,TT,GG,GG,GG,CC,AA,GG,AG,AA,CC,GT,AC,TT,CT,TT,TT,GG,TT,CC,GG,CC,NN,CG,GG,AA,TT,TT,CC,AA,AG,AA,CT,GG,TT,CC,TT,AC,AA,TT,CC,AA,CC,GG,CT,GG,CT,AA,CT,CC,CC,CC,AG,GT,AC,AA,CC,CT,AA,AT,AA,AA,GG,CT,CG,GG,AA,AG,AA,AC,GG,CC,CC,AA,AA,GG,TT,GG,CC,GT,CT,GG,AA,TT,TT,TT,CC,AT,GT,TT,AA,TT,GG,CG,AA,CC,CC,CC,GG,CC,AA,GG,AA,CC,TT,CC,GT,TT,GG,TT,AA,AA,TT,CC,GG,AA,CC,CC,GG,GG,AC,GG,TT,AA,AA,CC,GG,AT,CC,AT,AA,GG,TT,AT,AA,CG,GG,AT,CC,TT,GT,AA,GG,AA,TT,AA,TT,CC,TT,AA,CC,CT,GG,GG,CC,AA,CC,TT,TT,GT,CG,TT,AA,AC,AA,GG,CC,CC,GG,CC,GG,AT,AG,CC,TT,GG,CC,CC,AA,GG,CC,AA,CC,AA,AA,AA,CC,AC,TT,AA,GG,AA,AC,AA,AA,AG,AA,AG,AA,TT,GG,AA,AA,CC,AC,TT,AA,AG,GG,GG,GG,TT,AA,AG,GT,TT,AT,AG,TT,NN,NN,AA,2.9,Susceptible,Medium,Poor,Early
L0716,Anantapur,Andhra Pradesh,Kharif,Red Sandy,Rainfed,390,31.0,52,AC,TT,GG,AA,GG,CC,GT,TT,CC,CC,AA,CT,CC,AT,TT,GG,CG,TT,TT,GG,CC,GT,GT,CC,TT,CC,TT,TT,GG,AA,CT,CC,AA,CC,GG,CG,GG,CC,GG,CC,TT,TT,AA,TT,AA,GG,TT,TT,CC,AA,GG,AA,AA,GG,CT,TT,AT,AA,GT,AA,AA,TT,AT,AA,CT,NN,CC,GG,TT,GG,AA,GG,CC,AA,GG,AC,AA,GG,TT,TT,GG,GT,GT,CC,AA,GG,AA,AA,CC,TT,AC,TT,CC,TT,TT,GG,TT,CC,GT,CC,CT,CG,AG,AA,TT,TT,CC,AA,GG,AC,TT,GG,TT,CC,TT,AA,AA,TT,CC,AG,CG,GG,CC,GT,CT,AA,TT,CG,CC,CC,AA,TT,CC,AA,CC,CT,AG,TT,AA,AA,GG,CC,CC,GG,AA,AA,AA,CC,GG,CC,CC,AA,AA,GG,TT,GG,AA,TT,CT,GG,CC,GT,TT,TT,CC,AA,GT,CT,AA,TT,GG,CG,AA,CC,CC,CC,GG,CC,AA,GG,AG,CC,TT,CC,GG,TT,GG,TT,AA,AA,GT,CC,GG,AC,AC,CC,GG,GG,AA,GG,TT,AA,AA,CG,GG,AA,AC,AA,TT,GT,TT,AT,AT,CG,GT,AA,CG,AT,TT,AA,GG,AA,TT,CC,TT,CG,CT,AC,AA,TT,CC,GG,CC,GG,CC,TT,CT,GT,CG,TT,AA,CC,AA,GG,CC,CC,GG,CC,GG,AT,AA,CG,GT,GG,CC,CC,AA,GG,CC,AT,CC,AA,AA,AC,GG,AC,TT,AA,GG,AA,AA,AA,AA,AG,AG,AA,AA,AT,CG,AA,AA,AC,AA,TT,AA,AA,GG,AG,GG,TT,AA,AG,TT,TT,TT,AA,TT,GG,GG,AA,3.63,Susceptible,Low,Standard,Medium
L0717,Anantapur,Andhra Pradesh,Kharif,Red Sandy,Rainfed,390,31.0,52,CC,TT,GG,AG,GG,CC,GG,TT,CC,CC,AA,CC,CC,AT,GT,GT,CG,TT,TT,AG,CG,TT,TT,CT,TT,CC,TT,TT,GG,AA,TT,CC,AA,CC,AG,GG,GG,CC,GG,CC,TT,CT,AA,TT,AA,AG,TT,TT,CC,CC,NN,AA,AA,GG,CC,TT,AA,AC,GG,AA,AG,TT,TT,AA,TT,AT,CC,GG,TT,GG,AG,GG,AC,AG,GG,AC,AA,GG,GT,CT,GG,GT,GG,NN,AA,AG,AA,AA,CC,GT,CC,TT,CT,AT,TT,GG,CT,CC,GG,CC,CT,CC,AG,AA,TT,TT,CC,AA,AG,AA,CT,GG,TT,CC,TT,AA,AA,AT,CC,AG,CC,AG,CC,GG,TT,AA,CC,CC,AC,CC,AA,GT,CC,AA,CC,CC,AA,TT,AA,AA,CG,CT,CC,GG,AA,GG,AA,CC,GG,CC,CC,NN,AG,GG,GT,GG,AA,TT,CT,GG,AC,GT,GT,TT,CC,AT,TT,TT,AT,TT,GG,CC,AA,CT,CC,CC,GG,CC,AA,GG,GG,CC,TT,CG,GT,TT,GG,AT,AA,AA,TT,CC,GG,AC,CC,CG,GG,GG,AC,CG,TT,AA,AA,CC,GG,AA,AC,AA,AT,GG,TT,AT,AA,GG,TT,TT,CG,TT,GT,AA,GG,AA,TT,AA,TT,CC,TT,AA,CC,TT,CG,AA,CC,AG,CC,TT,TT,GT,GG,TT,AA,CC,AA,GG,CC,CG,GG,CC,GG,AT,AA,CC,GT,GG,CC,CC,AA,AG,CC,AT,CG,AA,AA,CC,CC,CC,AT,AG,CG,AA,AA,AA,AA,GG,AG,AG,AA,TT,GG,AC,AG,CC,AA,TT,AA,AA,CG,GG,GG,TT,AA,AA,GT,AT,TT,AG,AT,GG,GG,AA,3.47,Resistant,Medium,Standard,Early
L0718,Anantapur,Andhra Pradesh,Kharif,Red Sandy,Rainfed,390,31.0,52,AA,TT,AG,AA,GG,CC,GT,TT,CC,CG,AT,NN,CC,AT,TT,GG,CC,TT,TT,AG,CG,GT,GT,CT,AT,CT,TT,TT,GG,AA,TT,CC,AA,CC,GG,CG,GG,CC,GG,CC,TT,CT,AC,TT,AG,GG,CT,TT,CC,CC,GG,AA,AA,GG,CC,TT,AA,AA,GT,AA,AA,TT,AT,AA,TT,TT,CC,GT,TT,GG,AG,GG,CC,AA,GG,AA,TT,GG,TT,TT,GG,GG,GT,CC,AA,GG,AA,AT,CC,GT,AC,TT,CT,NN,GT,GG,CT,AC,TT,CC,CT,CC,AG,AA,AT,GT,CC,AA,AA,AC,CC,GG,TT,CC,TT,AA,AA,TT,CC,AG,CG,GG,CT,GG,TT,AA,CC,CC,CC,CC,AA,GT,AC,AA,CC,NN,AA,NN,AA,AT,GG,CT,CC,GG,AA,AA,AA,AC,GG,CC,CC,AG,AG,GG,TT,AG,AC,GT,CC,AA,CC,TT,TT,TT,CC,TT,TT,TT,AA,TT,GG,CC,AG,CT,CC,CC,CG,CC,AA,GG,AG,CC,TT,CC,TT,TT,GG,TT,AA,AA,TT,CC,NN,AA,CC,CC,GG,GG,AA,CG,TT,AA,AG,CC,GG,AA,CC,AA,AA,GT,TT,AT,AT,GG,GG,AA,CC,AT,TT,AA,GG,AG,CT,AA,TT,CC,TT,AA,CC,TT,GG,AG,CC,AA,CC,TT,CT,GT,GG,TT,NN,AC,AA,GG,CC,NN,GG,CC,GG,TT,AA,CC,GT,GG,CC,CC,AA,AG,CC,AA,CC,AA,AA,CC,CC,CC,TT,AA,GG,AA,AA,AC,AA,GG,AA,AG,AA,TT,GG,AA,AG,AA,AA,TT,AA,AA,NN,GG,GG,TT,AT,AA,TT,TT,TT,AG,AT,GG,GG,AA,4.81,Susceptible,Low,Premium,Early
L0719,Anantapur,Andhra Pradesh,Kharif,Red Sandy,Rainfed,390,31.0,52,AC,TT,GG,AA,CG,CC,GG,AT,CC,CG,AT,CC,CG,AT,GT,GG,GG,TT,TT,AA,CG,NN,NN,CT,AT,CC,TT,TT,GG,AA,TT,CC,AA,CC,GG,CG,GG,GG,GG,CC,TT,CC,AA,GT,AA,AG,TT,TT,CC,AA,GG,AA,AA,GG,CC,GT,AA,NN,GG,AC,AA,TT,TT,AA,TT,AT,CC,GG,TT,GT,AA,GG,CC,AA,GG,CC,AT,GG,TT,TT,GG,GT,GG,CC,AA,GG,AA,AA,CC,GT,AC,TT,CC,TT,GG,GG,TT,CC,GG,CC,NN,CC,AA,AA,AT,TT,CC,AA,AA,AA,CT,GG,TT,CC,GT,AC,AA,AT,CC,GG,CC,GG,CC,GG,CC,AG,CC,CC,CC,CC,AG,TT,CC,AA,CC,TT,AA,TT,AA,AA,GG,CC,CC,GG,AA,GG,AA,CC,GG,CC,CC,GG,GG,AG,GT,GG,AC,TT,TT,GG,AC,GT,GT,TT,CC,AT,TT,TT,AA,AT,CG,CG,AG,TT,CC,CC,CG,CC,AA,GG,AA,CC,TT,CC,TT,GT,CG,AT,AA,AG,TT,CC,CG,AA,CC,CC,GG,GG,AC,GG,TT,AC,AA,CC,TT,AA,CC,AA,AA,GG,GT,TT,AT,GG,GG,AA,CC,NN,GT,AA,GG,AA,TT,AA,TT,CC,CT,AA,CC,TT,GG,AG,CC,AG,CC,TT,TT,TT,GG,TT,AA,CC,AA,GG,CC,CC,GG,CC,GG,TT,AA,CC,TT,GG,CC,CG,AA,AG,CG,AA,CC,AA,AA,AC,CG,AC,TT,AA,GG,AA,AA,AA,AC,AA,AG,AG,AA,TT,GG,AC,AA,CC,AA,CT,AA,AA,GG,GG,CG,TT,AA,AA,GT,TT,TT,AA,TT,GG,GG,AA,2.86,Susceptible,Low,Poor,Early
L0720,Anantapur,Andhra Pradesh,Kharif,Red Sandy,Rainfed,390,31.0,52,AC,TT,GG,AG,GG,CC,GG,AT,CC,GG,AA,CC,CC,TT,TT,GG,GG,TT,TT,AG,CC,GT,GT,CT,TT,CT,TT,TT,GG,AA,CT,CT,AG,CC,GG,CC,GG,CG,GG,CC,TT,CT,AA,GG,AG,GG,TT,NN,CC,CC,GG,NN,AA,CG,CC,TT,AA,AA,GT,AC,AA,TT,AA,AG,TT,AT,CC,GG,TT,GT,AA,GG,CC,AA,GG,AA,AA,GG,GT,TT,GG,GT,GT,CC,AA,GG,AA,AA,CC,GT,CC,TT,CC,TT,TT,GG,CT,CC,TT,CC,CC,GG,AG,AA,TT,TT,CC,AA,AG,AA,CC,GG,TT,CC,TT,NN,AA,TT,CC,GG,CC,AG,CC,GG,TT,AA,CC,CC,CC,CC,AA,GG,CC,AA,CC,CC,NN,TT,AA,AA,CG,CT,CC,GG,AA,AG,AA,AC,GT,CC,CC,AG,GG,GG,TT,GG,AC,TT,CT,GG,CC,GG,GT,TT,CC,AT,GT,TT,AA,TT,CG,CC,NN,CT,CC,CC,CG,CC,AA,GG,AA,CC,TT,CC,GG,GT,GG,TT,AA,AA,TT,CC,GG,AA,AA,CC,GG,GG,AC,CG,TT,AA,AA,CC,GT,AT,CC,AA,AA,GG,TT,TT,AA,GG,GG,TT,CC,AT,TT,AT,GG,AA,CC,AA,TT,CC,TT,AA,CC,TT,NN,AG,CC,AG,AC,TT,TT,GT,GG,TT,AA,AC,AA,GG,CC,GG,GG,CG,GG,AT,AA,CC,TT,AG,CG,CC,AT,NN,CG,AA,CC,AA,AA,CC,GG,AC,TT,AG,GG,AA,AA,AC,AA,GG,GG,AG,AA,TT,CG,AA,AG,CC,AA,CT,AA,AA,GG,GG,CG,GT,AA,AG,TT,TT,TT,AG,AT,CG,GG,AA,3.35,Susceptible,Low,Premium,Medium
L0721,Anantapur,Andhra Pradesh,Kharif,Red Sandy,Rainfed,390,31.0,52,AA,TT,AG,AG,GG,CC,GT,TT,CG,CG,AT,CC,CG,TT,TT,GG,GG,TT,TT,AA,CC,NN,GT,CC,AT,CC,TT,TT,GG,AA,TT,CC,AA,CC,GG,CG,GG,CC,GG,CC,TT,CT,AA,TT,NN,AG,CT,TT,CC,AA,GG,AA,AA,GG,CC,TT,AA,AA,GG,AA,AA,TT,AT,AG,TT,AT,CC,GG,TT,GG,AG,GG,CC,AA,AA,AA,AT,GG,TT,TT,GG,GG,GG,CC,AT,GG,AA,AA,CC,TT,CC,TT,CT,TT,TT,GG,TT,CC,TT,CC,CC,CC,GG,AA,AT,GT,CC,AA,AG,CC,TT,GG,TT,CC,TT,AC,AA,AT,CC,GG,CG,GG,CC,GG,TT,AG,CT,CC,CC,CC,AA,TT,CC,AA,CC,CT,AA,TT,AA,AA,CG,CC,CC,GG,AA,AA,AA,AC,GG,CC,CC,AA,GG,GG,GT,AA,AA,TT,TT,GG,CC,TT,GT,TT,CG,TT,GT,CT,AT,NN,CG,CC,AG,CT,CC,CC,GG,CC,AA,AG,AG,CC,TT,CG,GT,GG,CG,AT,AA,AA,TT,CC,CG,AA,CC,CC,GG,GG,AA,GG,TT,AC,AA,CC,GT,AA,AC,AA,AT,GG,GT,AA,TT,GG,GT,AT,GG,AA,GG,AA,GG,AA,CT,AC,TT,CC,TT,NN,CC,TT,CG,AA,CC,AG,CC,TT,TT,TT,GG,TT,AA,CC,AG,NN,CG,GG,GG,CC,GG,AT,AA,CC,TT,GG,CC,CG,AT,AG,GG,AA,GG,AA,AA,CC,GG,CC,TT,NN,GG,AA,AA,AA,AC,AA,AA,AA,AA,AT,GG,AA,AG,AA,AA,TT,AA,AA,GG,GG,GG,GT,AA,AA,GT,TT,TT,AG,TT,GG,GG,AA,3.48,Susceptible,Medium,Premium,Early
L0722,Anantapur,Andhra Pradesh,Kharif,Red Sandy,Rainfed,390,31.0,52,AA,TT,GG,AA,GG,CC,GT,TT,CC,CG,AT,CT,CG,TT,TT,GG,GG,TT,TT,AA,CG,TT,GG,CC,TT,CC,TT,TT,GG,AC,TT,CT,AA,CC,GG,GG,GG,CG,GG,CC,GT,TT,AC,TT,AA,GG,TT,TT,CC,CC,GT,AA,AG,GG,CC,TT,AA,AA,GT,AC,AA,GT,AT,AG,TT,AA,CC,GG,TT,GT,AG,GT,CC,AA,AG,NN,AA,GG,GG,TT,GG,GT,GG,AC,AT,GG,AA,AA,CC,TT,AC,TT,CT,AT,GT,GG,TT,CC,GT,CC,CT,CG,GG,AA,TT,TT,CC,AA,AA,AC,CC,GG,TT,CC,TT,AA,AA,TT,CG,AA,CC,GG,CC,GT,TT,AA,CT,CC,CC,CC,AA,NN,CC,AA,CC,CC,AA,TT,AA,AA,CG,TT,CC,GG,AA,GG,AA,CC,GG,CC,CC,AA,AA,GG,TT,AG,AA,TT,CT,AA,CC,GT,GT,TT,CC,AA,GT,TT,AA,AT,GG,NN,AA,CT,CC,CC,GG,CC,AA,GG,AG,CC,TT,CG,GT,TT,GG,TT,AA,AG,TT,CC,CG,AA,CC,GG,GG,GG,AA,GG,TT,AA,AG,CC,GG,AT,CC,AA,AA,GG,TT,TT,AT,GG,GT,AA,CC,TT,GG,AA,GG,AA,CT,AC,TT,CC,TT,AA,CC,CT,CG,GG,CG,AG,AA,TT,TT,GT,GG,TT,AA,CC,AA,GG,CC,CG,GG,CC,GG,AT,AA,CC,TT,NN,CC,CG,AA,GG,CG,AA,CC,AA,AA,NN,CC,CC,TT,AG,GG,AA,AA,AC,AC,AG,AA,AA,AA,TT,GG,AA,AA,CC,AA,CT,AA,AA,GG,GG,GG,TT,AA,AG,TT,TT,TT,AG,AA,GG,GG,AA,2.64,Susceptible,High,Premium,Medium
L0723,Anantapur,Andhra Pradesh,Kharif,Red Sandy,Rainfed,390,31.0,52,AC,CT,GG,GG,GG,CG,GT,AT,CC,CG,AA,CC,CG,AT,TT,GT,CG,TT,TT,AG,CC,TT,TT,CC,TT,CC,TT,AT,GG,AA,TT,CC,AA,CC,GG,GG,GG,CG,GG,CC,TT,TT,AA,TT,AA,AG,CT,TT,CC,CC,GT,AA,GG,GG,CC,TT,AA,AC,TT,AA,AA,TT,TT,AA,TT,AT,CC,GG,TT,TT,AG,GG,CC,AA,GG,AC,AA,GG,GT,TT,GG,GT,GT,CC,AA,GG,AA,AA,CC,TT,CC,TT,CC,TT,TT,GG,TT,CC,GT,CC,TT,CG,AA,AA,TT,TT,CG,AA,AG,AA,CC,GG,GT,CC,TT,AA,NN,AT,CC,AG,CC,GG,CC,GT,TT,AA,CC,CC,CC,CC,AA,TT,CC,AA,CC,CC,AA,TT,AA,AA,GG,CT,CC,GG,AA,GG,AA,AC,GG,CC,CC,AG,AA,GG,GT,AG,AC,GT,TT,GG,AC,TT,TT,TT,CC,AT,TT,TT,AA,AT,GG,CC,AA,CT,AC,CC,CG,CC,AA,GG,AG,CC,NN,CC,GT,TT,CG,AT,AG,AA,TT,CC,NN,AA,CC,CG,GG,GG,AA,GG,TT,AC,AG,CC,GG,AT,AA,AA,AA,GG,TT,TT,AT,CG,GT,AA,CC,AT,GT,AA,GG,AA,TT,AA,TT,CC,CT,AA,CC,TT,GG,GG,CG,AA,CC,TT,CT,GG,GG,TT,AA,AA,AA,GG,CC,GG,GG,GG,GG,TT,AG,CC,TT,GG,CC,CG,AA,GG,CC,AT,CG,AA,AA,CC,CC,AC,TT,AG,CG,AA,AC,AA,AA,GG,AA,AG,AA,TT,GG,AC,AA,CC,AC,TT,AA,AA,GG,GG,GG,TT,AA,AA,TT,TT,TT,GG,TT,GG,GG,AA,1.05,Susceptible,High,Poor,Late
L0724,Anantapur,Andhra Pradesh,Kharif,Red Sandy,Rainfed,390,31.0,52,AA,TT,GG,AA,CG,CC,GG,TT,CC,CG,AA,CC,CC,TT,TT,GG,CG,TT,TT,AA,CC,TT,GT,CC,TT,CC,TT,TT,GG,AA,CT,CC,AA,AC,AG,CG,GG,CG,GG,CC,TT,TT,AA,TT,GG,AG,TT,AT,CC,NN,GG,AT,AA,GG,CT,TT,AA,AA,GT,AC,AA,GT,TT,AA,CT,AT,CC,NN,NN,GT,AA,GG,CC,AA,GG,AC,AA,GG,TT,TT,GG,GT,GG,CC,AA,AG,AA,AA,CG,GT,CC,TT,CC,TT,NN,GG,TT,CC,GT,CC,CT,CG,GG,AA,TT,TT,CC,AA,AA,AA,CT,GG,TT,CC,TT,AC,AA,TT,CG,AG,CG,GG,CC,GG,CT,AA,CC,CC,CC,CC,AA,GT,CC,AA,CC,CC,AA,TT,AG,AA,GG,CC,CC,GG,AG,GG,AA,AA,GG,CC,CC,AA,AA,AG,TT,AG,CC,GT,TT,GG,CC,TT,TT,TT,CC,AA,TT,CT,AA,AT,CG,CC,AA,CT,CC,CC,GG,CC,AA,GG,AG,CC,TT,CC,GT,TT,CG,NN,AA,AA,TT,CC,GG,AA,CC,CC,GG,GG,AA,GG,CT,AC,AA,CG,GT,AA,CC,AA,AT,GT,GG,TT,AA,CG,GG,AT,CC,AT,TT,AA,GG,AA,TT,AA,TT,CC,TT,AC,CC,CT,CG,AG,CC,AA,CC,TT,CT,GT,GG,TT,AC,AA,AG,GG,CC,CC,GG,CC,GG,TT,AG,CG,TT,NN,CC,CG,AA,GG,CG,AT,CC,AA,AA,CC,CG,AC,TT,AA,GG,AA,AA,AC,AA,AA,AG,AA,AA,AT,GG,AA,AA,AC,AA,CT,AA,AG,GG,GG,GG,NN,AT,AA,TT,TT,AT,AA,AT,GG,GG,AA,2.16,Moderate,Medium,Standard,Early
L0725,Anantapur,Andhra Pradesh,Kharif,Red Sandy,Rainfed,390,31.0,52,CC,CT,GG,AA,GG,CC,GG,AA,CC,GG,AA,CC,CC,TT,TT,GG,GG,TT,TT,AG,CC,GT,GT,CC,TT,CC,TT,AT,GG,AA,CT,NN,AA,AC,AG,CG,GG,CG,GG,CC,TT,CT,AA,TT,AA,GG,TT,TT,CC,CC,GT,AT,AA,GG,CC,GT,AA,AA,GT,CC,AA,GT,AT,AA,TT,TT,CC,GG,TT,GG,AA,GG,CC,AA,GG,AC,TT,GG,TT,TT,GG,GG,GT,CC,TT,GG,AA,AA,CC,GT,AC,TT,CC,TT,TT,AG,TT,CC,TT,CC,CT,CC,GG,AA,AA,TT,CC,AA,AA,AA,CT,GG,TT,CC,TT,AA,AC,TT,CC,AA,CC,GG,CT,GG,TT,AA,CC,CC,CC,CC,AA,GT,CC,AA,CC,CC,AA,TT,AA,AA,GG,CC,CC,GG,AA,AG,AA,CC,GG,CC,CC,AA,GG,GG,GT,AG,AC,TT,CC,GG,CC,TT,GT,TT,CC,AT,GT,CT,AT,TT,CG,CC,AG,CT,CC,CC,CG,AC,AA,GG,NN,CC,TT,CC,GG,TT,GG,TT,AA,AA,TT,CC,CG,AA,AC,CC,CG,GG,AA,CG,CT,AA,AA,CC,GG,AA,CC,AA,AT,GG,TT,AT,AA,GG,GG,AA,CC,TT,GG,AA,GG,AA,TT,AA,TT,CC,CT,AC,CC,TT,CG,AG,CG,AG,CC,TT,CC,TT,GG,TT,AC,AC,AG,GG,CC,CG,GG,CC,GG,TT,AA,CC,GT,GG,CC,CC,AT,GG,CC,AA,CC,AA,AA,AC,CC,AC,TT,AA,GG,NN,AA,AC,AA,AA,AA,GG,AA,TT,CG,AA,AG,AC,AA,CT,AG,AG,GG,GG,GG,TT,AA,AA,GT,TT,TT,AA,AT,GG,CG,AA,0.4,Susceptible,Medium,Premium,Early
L0726,Anantapur,Andhra Pradesh,Kharif,Red Sandy,Rainfed,390,31.0,52,AA,CT,GG,AG,GG,CC,GG,TT,CC,CG,AA,CC,CG,AT,GG,GG,CG,TT,TT,GG,CC,TT,GG,CC,TT,CC,GT,TT,GG,NN,TT,CT,AA,CC,GG,GG,GG,CC,GG,AC,TT,CT,AA,GT,AA,NN,TT,TT,CC,AC,GG,AT,AA,GG,CT,TT,AA,AC,GT,AC,AA,GT,AT,AA,TT,AT,CC,GG,TT,GG,GG,GG,CC,AA,AG,AA,AT,GG,TT,TT,GG,GG,GT,AC,AT,GG,AA,AA,CC,TT,CC,TT,CT,TT,TT,GG,TT,CC,GT,CC,CC,CG,AG,AA,TT,GT,CC,AA,AA,NN,CT,GG,TT,CC,TT,AA,AA,TT,CC,GG,GG,GG,CC,GT,CT,AA,CC,CC,CC,CC,AA,TT,CC,AA,CC,CC,AA,TT,AG,AA,CG,CC,CC,GG,AG,AA,AA,AC,GG,CC,CC,AA,AG,AG,TT,GG,AA,GT,CT,GG,AC,GT,TT,CC,CC,AT,GT,TT,AA,TT,GG,CC,AA,TT,CC,CC,GG,CC,AA,GG,AA,CC,TT,CG,GT,GG,GG,TT,GG,AA,TT,CC,GG,AC,AC,CC,GG,GG,AA,GG,CT,AA,AA,CC,GG,AA,CC,TT,AT,NN,TT,AT,AT,GG,GT,AA,GG,TT,GT,AA,GG,AA,TT,AA,TT,CC,TT,AC,CC,TT,GG,AA,CC,AG,AC,NN,CT,GT,GG,TT,AA,CC,AG,GG,CC,CG,GG,CC,GG,TT,AA,CC,TT,GG,CC,CG,AA,AG,CC,AA,CC,AA,AA,AC,CC,CC,TT,AA,CG,AA,AA,AA,AA,GG,AG,AA,AG,AT,GG,AA,AG,AC,AA,CT,AA,AA,GG,GG,GG,GT,AA,AA,TT,TT,AT,AA,AT,GG,GG,AA,2.69,Susceptible,Medium,Poor,Late
L0727,Anantapur,Andhra Pradesh,Kharif,Red Sandy,Rainfed,390,31.0,52,AA,TT,NN,AG,GG,CC,GT,TT,CC,CC,AA,CT,CG,TT,TT,GG,GG,TT,TT,AA,CC,TT,GG,CT,AT,CC,TT,TT,GT,AA,TT,CC,AA,CC,AG,CG,GG,CC,GG,CC,TT,TT,AA,TT,AA,GG,CT,TT,CC,AC,GG,NN,AA,NN,CC,GT,AA,AA,GG,AC,AA,TT,AT,AG,TT,NN,CT,GG,TT,GG,AA,GG,CC,AG,GG,AA,AA,GG,TT,TT,GG,GG,GG,CC,AA,GG,AA,AA,CC,GT,CC,TT,TT,TT,TT,GG,TT,CC,TT,CC,CC,CG,AG,AA,AA,TT,CC,AA,AA,AA,CT,GG,TT,CC,GT,AA,CC,TT,CC,AG,CG,GG,CT,GT,TT,AA,CC,CC,CC,CC,AA,TT,NN,AA,CC,CC,AA,TT,AA,AA,CG,CC,CC,GG,AA,AG,AA,AC,GG,CC,CC,AA,AA,GG,TT,GG,AA,TT,TT,AG,CC,GT,TT,TT,CC,AA,TT,TT,AA,TT,GG,CC,AG,CT,CC,CC,GG,CC,AA,AG,AG,CC,TT,CG,GT,TT,GG,TT,AA,AA,TT,AC,GG,AA,CC,CC,GG,GG,CC,GG,TT,AA,AA,CC,GG,AA,AA,AA,AT,GG,TT,TT,AA,CG,GG,AT,CC,AT,GT,AA,GG,AA,CT,AA,AT,CC,TT,CC,CC,TT,GG,AA,CC,AG,CC,AT,TT,TT,GG,AT,AA,AC,AG,GG,CG,GG,GG,CC,GG,TT,AA,CC,TT,GG,CG,CC,AA,AA,CC,AA,CC,AA,AA,AC,CC,CC,TT,AA,GG,AA,AA,AA,AA,AG,AG,AG,AA,TT,GG,AC,AG,AC,AA,CC,AA,AA,GG,GG,GG,TT,AA,AA,TT,TT,TT,AA,AA,GG,GG,AA,0.79,Moderate,High,Standard,Late
L0728,Anantapur,Andhra Pradesh,Kharif,Red Sandy,Rainfed,390,31.0,52,AC,TT,GG,AG,GG,CC,GT,TT,CC,CG,AA,TT,CC,TT,TT,GG,CG,TT,TT,AA,CC,GT,TT,CC,TT,CC,TT,NN,GG,AA,TT,CC,AA,NN,GG,GG,GG,CG,GG,CC,TT,TT,AA,GG,AA,GG,CT,AA,CC,AA,GG,AA,AG,GG,CC,TT,AA,AA,GT,NN,AG,TT,TT,AA,TT,TT,CC,GG,TT,TT,AA,GG,CC,AA,GG,AC,AT,AG,TT,TT,GG,GT,GG,CC,AT,GG,AA,AA,CC,GT,CC,TT,CC,TT,TT,AG,TT,AC,GT,CC,CT,GG,AG,AG,TT,TT,CG,AA,AG,AA,CC,GG,TT,CG,TT,AA,AC,TT,CG,AG,CG,GG,CC,GG,CT,AG,CC,CG,AA,CG,AA,TT,CC,AA,CC,CC,AA,TT,AA,NN,GG,CC,CC,GG,AG,AG,AA,CC,GG,CC,CC,AA,AG,GG,GT,AG,AA,TT,TT,GG,CC,TT,TT,TT,CC,AA,GT,TT,AA,AT,GG,CC,AA,CC,CC,AC,GG,CC,AA,GG,AG,CC,TT,CC,GT,TT,CG,AT,AG,AA,TT,CC,GG,AC,CC,CC,GG,GG,AC,CG,TT,AA,AA,CC,GT,AA,CC,AA,TT,GG,TT,TT,AT,NN,GG,TT,CG,TT,TT,AA,GG,AA,TT,AA,TT,CC,TT,AC,AC,TT,CG,AA,CC,GG,CC,TT,TT,GT,GG,TT,AA,CC,AA,GG,CC,CC,GG,CC,GG,TT,AA,CC,TT,GG,CG,CC,AA,GG,CC,AT,CC,AA,AA,AA,CG,AC,TT,AA,CG,AA,AA,AA,AA,AG,AG,AA,AG,TT,GG,AC,AA,CC,AA,CC,AG,AA,CG,AG,GG,TT,AA,AG,TT,TT,TT,AA,TT,GG,CG,AA,3.26,Moderate,Low,Premium,Medium
L0729,Anantapur,Andhra Pradesh,Kharif,Red Sandy,Rainfed,390,31.0,52,AA,TT,GG,AA,GG,CC,TT,TT,CC,CC,AA,CC,GG,TT,TT,GG,GG,TT,TT,AG,CC,TT,GT,CC,TT,CC,TT,TT,GG,AA,TT,CT,AA,CC,AG,CC,GG,CG,GG,CC,TT,TT,AC,TT,AA,GG,TT,TT,CC,AC,GG,AT,AG,GG,CC,GT,AT,AA,GT,AA,AA,TT,AT,AA,TT,TT,CC,GG,TT,GG,AA,GG,CC,AA,AG,AC,TT,AG,GT,TT,GG,GT,GG,CC,AA,GG,AA,AA,CG,TT,CC,TT,CT,TT,TT,AG,CT,CC,GT,CC,CC,CG,AG,AA,AT,TT,CC,AA,GG,NN,CT,GG,TT,CC,TT,AA,AC,TT,NN,AG,CC,AG,CC,GT,CC,AA,CC,CC,CC,CC,AG,TT,CC,AA,CC,CT,AA,TT,AA,AA,GG,CC,CC,GG,AA,AA,TT,CC,GG,CC,CC,AA,AA,AG,GG,AG,AC,TT,CT,GG,AC,TT,TT,TT,CC,AA,TT,TT,AA,AT,CG,CC,AG,CC,CC,CC,CG,CC,AA,GG,AG,CC,GT,CC,GT,TT,GG,AT,AA,AG,TT,AC,GG,AA,CC,CG,GG,GG,AC,GG,TT,AA,AA,CC,GG,AA,AC,AA,TT,GT,TT,AT,NN,CG,GT,AT,CC,AT,GT,AA,GG,AA,CT,AC,TT,CG,CT,AC,CC,TT,GG,AA,CC,AG,CC,TT,TT,TT,GG,TT,AA,CC,AG,GG,CC,CG,GG,CC,GG,TT,AA,CC,GT,GG,CC,CG,AA,AG,CC,TT,CG,AT,AA,AC,CG,AC,TT,AA,GG,AA,AA,AC,AA,AG,AG,AA,AA,TT,CG,AA,AG,AA,AA,CT,AA,AA,CG,GG,CG,TT,AA,AA,GT,TT,TT,GG,AT,GG,CG,AA,5.02,Susceptible,Low,Standard,Late
L0730,Anantapur,Andhra Pradesh,Kharif,Red Sandy,Rainfed,390,31.0,52,CC,TT,GG,GG,GG,CC,GG,TT,CC,CC,AA,CC,CC,TT,TT,GT,CG,TT,TT,AA,CC,GG,TT,CC,TT,CC,TT,AT,GG,AA,TT,CC,AA,CC,GG,GG,GG,CC,GG,CC,TT,CC,AA,NN,AA,AG,TT,AT,CC,AC,GT,AT,AG,GG,CT,TT,AA,AA,GG,AA,NN,TT,AT,AG,TT,NN,CC,GG,TT,GT,AA,GG,CC,AA,AG,AA,AT,GG,TT,TT,AG,GG,GT,CC,AA,GG,AG,AA,CC,TT,CC,TT,CT,TT,GT,GG,CT,CC,GT,CC,CT,CG,AG,AA,TT,TT,CC,NN,AG,AA,CC,GG,TT,CG,TT,AA,AA,TT,CC,AG,CC,AA,CC,GT,CT,AA,CC,CC,CC,CC,AA,TT,CC,AA,CC,CC,AA,AT,AA,AA,GG,CT,CC,GG,AA,AG,AA,AA,GT,CC,CC,AA,AG,GG,GT,GG,AA,TT,TT,GG,CC,GG,GT,TT,CC,AA,TT,TT,NN,AT,CG,CC,AA,CC,CC,CC,CC,CC,AA,GG,AA,CC,TT,GG,GG,TT,GG,AA,AA,AA,NN,CC,GG,AA,CC,CC,GG,GG,AC,CC,TT,AC,AA,CC,GG,TT,CC,AT,AT,GT,TT,AT,AT,CG,GT,AT,CC,TT,TT,NN,GG,AG,CT,AA,TT,CC,TT,AA,CC,TT,CG,AA,CC,AG,CC,TT,TT,TT,GG,TT,AC,AC,AA,NN,CC,CC,GG,CC,GG,AT,AA,CC,TT,GG,CC,CG,AA,GG,CC,AA,CG,AT,AA,CC,CG,AC,TT,AA,GG,AA,AA,CC,AA,AG,AA,AG,AA,TT,GG,AA,NN,CC,AA,CT,AA,AA,GG,GG,GG,TT,AT,AA,TT,TT,TT,AA,AA,GG,GG,AA,2.72,Moderate,Low,Standard,Late
L0731,Anantapur,Andhra Pradesh,Kharif,Red Sandy,Rainfed,390,31.0,52,AC,TT,GG,AG,GG,CC,GG,AT,CC,CG,AA,CC,CC,TT,TT,GT,GG,TT,TT,AA,CG,TT,GT,CC,TT,CC,TT,TT,GG,AA,TT,CT,AA,CC,GG,GG,GG,CG,GG,AC,TT,TT,NN,TT,AA,AG,TT,TT,CC,AC,GG,AA,AA,GG,CC,NN,TT,AC,GT,AA,AA,GT,AT,AA,TT,TT,CC,GG,TT,GT,AA,GG,CC,AA,NN,AC,AA,GG,TT,TT,GG,GT,GG,CC,AT,NN,AA,AA,CG,TT,AC,TT,CT,TT,GT,GG,TT,CC,GT,CT,CT,CC,AA,AA,TT,TT,CC,AA,GG,AC,CT,GG,TT,CC,TT,AA,AA,TT,CC,GG,CC,AG,CC,GG,TT,AA,CC,CG,CC,CC,AA,TT,CC,AA,CC,CC,AA,AA,AA,AA,GG,CC,CC,GG,AA,NN,AA,CC,GG,CC,CC,GG,AG,GG,TT,GG,AA,TT,TT,AA,AC,TT,TT,TT,CC,AT,TT,TT,AA,TT,GG,CC,NN,CC,CC,CC,GG,CC,AA,GG,AG,CC,TT,CC,GG,GT,GG,AT,AG,NN,TT,CC,GG,AA,CC,CC,GG,GG,AC,GG,NN,AC,AG,CC,GG,AA,CC,AA,AT,GT,GT,AT,TT,GG,GG,AA,CC,TT,TT,AA,GG,AA,TT,AA,NN,CC,CT,AC,CC,TT,GG,AA,CC,AA,CC,TT,CT,GT,GG,TT,AC,CC,AG,GT,CG,CC,GG,CG,GG,AT,AG,CC,NN,GG,CC,CG,AA,AG,CC,AT,CC,AT,AA,CC,CC,AA,TT,AA,GG,AA,AA,AC,AA,GG,AG,NN,AA,TT,GG,NN,AA,AC,AA,TT,AA,AA,GG,GG,GG,TT,AT,AA,GT,TT,TT,AG,TT,GG,NN,AC,2.06,Resistant,Low,Poor,Early
L0732,Anantapur,Andhra Pradesh,Kharif,Red Sandy,Rainfed,390,31.0,52,AA,TT,GG,GG,GG,CG,GT,TT,CC,CG,AA,TT,CC,AT,TT,GG,CC,TT,TT,AA,CC,TT,TT,CC,TT,CC,TT,TT,GT,AA,TT,CC,AA,CC,GG,GG,GG,CG,GT,CC,TT,CT,AA,TT,AG,AA,TT,TT,CC,AC,GT,AA,AG,GG,CC,GT,AA,AC,GT,AA,AG,TT,TT,AA,TT,AT,CC,GG,CT,GG,AG,GG,CC,AA,AG,AC,TT,GG,TT,TT,GG,GG,GG,CC,AA,GG,AA,AA,CC,GT,CC,TT,CT,AT,GT,NN,TT,CC,TT,CT,CC,GG,AG,AA,AT,GT,CC,AA,AG,AA,CC,NN,TT,CC,TT,AA,AA,TT,CC,GG,CC,AG,CC,GT,TT,AA,CC,CC,CC,NN,AA,TT,CC,AA,CC,CC,AA,TT,AA,AA,GG,CC,CC,GG,AG,AG,AA,CC,GT,CC,CC,AA,AA,GG,TT,GG,CC,GT,CC,GG,CC,TT,TT,CT,CC,AT,GT,TT,AA,TT,CG,CC,AA,CC,AC,CC,CG,AC,AA,GG,AG,CC,TT,CC,NN,TT,CG,TT,AA,AG,TT,CC,NN,AA,CC,CC,GG,GG,AA,GG,TT,AA,AA,CC,GG,AT,CC,AA,AA,GT,TT,TT,AT,CG,GT,AT,CC,AT,TT,AA,GG,AA,CT,AA,TT,CC,CT,AC,CC,TT,CC,AA,CC,GG,CC,TT,TT,TT,GG,TT,AC,AA,AA,GG,CC,CG,GG,CC,GG,TT,AA,CC,GG,GG,CC,CC,AA,GG,CC,AA,CC,AT,AA,CC,CG,CC,TT,AA,GG,AA,AA,AC,AA,AA,AG,AA,AA,AT,CG,AA,AA,CC,AC,TT,AA,AG,GG,GG,GG,TT,AA,AA,TT,TT,TT,AG,TT,GG,GG,AA,4.96,Moderate,Low,Poor,Late
L0733,Anantapur,Andhra Pradesh,Kharif,Red Sandy,Rainfed,390,31.0,52,AC,CT,GG,AG,GG,CC,GG,TT,CC,CC,AT,CC,CC,AT,TT,GG,CC,TT,TT,AG,CG,TT,GT,CC,TT,CC,GT,AT,GG,AA,TT,CT,AA,CC,GG,CG,GG,NN,GG,CC,TT,CT,AA,TT,AA,GG,TT,AT,CC,AA,GG,AT,AA,GG,CT,GT,AA,AA,TT,AA,AG,TT,AT,AA,TT,AT,CC,GG,TT,NN,AA,GG,CC,AA,AG,AA,TT,AG,TT,TT,AG,GG,GG,CC,AA,AG,AA,AA,CC,GG,AC,TT,TT,TT,TT,GG,CT,CC,TT,CC,CC,CC,AG,AA,AT,TT,CC,AG,AG,AA,CC,GT,TT,CC,GT,AA,AA,TT,CG,GG,CG,GG,CC,GG,CT,AA,CT,CC,CC,CC,AA,GT,CC,AA,CC,CT,AA,TT,AA,AT,GG,CC,CC,GG,AG,AG,AA,NN,GG,CC,CC,AA,AG,GG,TT,AG,AC,GT,CT,GG,AC,GT,TT,TT,CC,AA,TT,TT,AA,AT,GG,CC,AG,CC,CC,CC,GG,AC,AA,GG,AA,NN,TT,CC,GT,GT,CG,TT,AA,AA,TT,CC,GG,AA,CC,CC,GG,GG,AA,GG,TT,AA,AA,CG,GG,AT,CC,AA,AT,GG,TT,TT,AA,CG,GT,AA,CG,TT,GG,AA,GG,AA,TT,AA,TT,CC,TT,AA,CC,TT,CC,GG,CC,AA,CC,TT,TT,TT,GG,TT,AA,AA,GG,GG,CC,CC,GG,CC,GG,TT,AG,CC,GT,NN,CC,CG,AA,GG,CC,AT,CC,AA,AA,AC,CC,AC,TT,AA,GG,AA,AA,AA,AC,AG,AA,AA,AA,TT,CC,NN,AG,AC,AC,CT,AA,AA,GG,GG,GG,NN,AT,AA,TT,AT,TT,AG,TT,GG,GG,AA,4.25,Susceptible,Low,Poor,Late
L0734,Anantapur,Andhra Pradesh,Kharif,Red Sandy,Rainfed,390,31.0,52,AC,CT,GG,GG,GG,CC,TT,AT,CC,CC,TT,CC,CC,TT,TT,GG,GG,TT,TT,AG,NN,TT,GG,CC,TT,CC,TT,AT,GT,AA,TT,CC,AA,CC,GG,CG,GG,CG,GG,CC,TT,CC,AA,TT,AA,GG,TT,TT,CC,AC,GG,AT,AA,GG,CC,GT,AA,AA,GG,AA,AA,TT,AT,AG,TT,TT,CC,GG,TT,GG,NN,GT,NN,AA,AG,AA,AT,GG,TT,TT,AG,GG,GG,CC,AA,GG,AG,AA,CC,TT,CC,TT,CT,TT,NN,GG,TT,CC,GT,CC,CT,CC,AG,AA,TT,TT,CC,AA,AG,AA,TT,GG,TT,CC,TT,AA,CC,TT,CC,AG,CC,GG,CC,TT,TT,AA,CC,CC,CC,CC,AA,TT,CC,AA,CC,CC,AA,TT,AA,AA,GG,CC,CC,GG,AA,AG,AA,AC,GG,CG,CC,AA,AG,GG,TT,GG,AA,NN,NN,GG,AC,TT,GT,TT,CC,AA,TT,CT,AT,AT,CG,CC,AA,CC,CC,CC,CG,CC,AA,GG,GG,CC,TT,CC,GG,TT,CG,TT,AA,AA,TT,CC,GG,AA,AC,CG,CG,GG,AC,GG,TT,AC,AA,CC,GG,AA,CC,AA,AT,GG,TT,TT,AA,CG,GG,AT,CC,AT,TT,AA,GG,AA,TT,AA,TT,CC,TT,AC,AC,TT,CG,AA,CC,GG,AC,TT,CC,GT,GG,AT,AC,AC,AA,GG,CC,CG,GG,CC,GG,TT,AA,CG,TT,GG,CC,CC,AA,AG,CC,AT,CC,AT,AA,AC,CC,CC,AT,AA,GG,AA,AA,AA,AC,AA,GG,AG,AA,TT,GG,AA,AA,AA,AA,TT,AA,AA,CG,GG,GG,TT,AA,AA,TT,TT,TT,AG,AT,GG,GG,AA,2.17,Moderate,Low,Premium,Late
L0735,Anantapur,Andhra Pradesh,Kharif,Red Sandy,Rainfed,390,31.0,52,AC,CT,GG,AG,GG,CG,GG,AT,CC,GG,AA,TT,CG,AT,TT,GG,GG,AT,TT,AA,CG,TT,GT,CC,TT,CC,TT,TT,GG,AA,CT,CC,AA,AC,GG,GG,GG,CC,GG,CC,TT,CT,AA,TT,AA,GG,TT,TT,CC,AC,GG,AA,AA,NN,CT,TT,AA,AC,GT,AA,AA,TT,AT,GG,CT,TT,CC,GG,TT,GG,NN,GG,AC,AA,AG,AC,AT,GG,TT,CT,GG,GG,GG,CC,AA,GG,AA,AA,CC,GT,AC,TT,CC,TT,GT,GG,TT,CC,TT,CC,CC,CG,GG,AA,TT,GT,CG,AG,AA,AA,CC,GG,TT,CC,TT,AA,AA,TT,CC,GG,CC,GG,CC,GT,TT,NN,CC,CC,CC,CC,AA,TT,AC,AA,CC,CT,AA,TT,AA,AA,GG,CC,CC,GG,AA,AG,AA,CC,GG,CC,CC,AA,AG,GG,TT,GG,AA,TT,TT,AG,AA,TT,GT,TT,CC,AA,GG,TT,AA,TT,GG,CC,AA,CT,CC,CC,CG,CC,AA,GG,AG,CC,TT,CC,NN,TT,GG,NN,AA,AA,TT,CC,GG,AC,CC,CC,GG,AG,AA,GG,TT,AA,AA,CC,GT,AT,AC,AT,AT,NN,TT,AA,AT,GG,GG,AT,CC,TT,TT,AA,GG,AA,CT,AC,TT,CC,TT,AC,CC,CT,GG,GG,CC,AG,CC,TT,CT,GG,GG,TT,AC,AA,AG,GG,CC,CC,GG,CC,GG,AT,AA,CC,TT,GG,CC,CC,TT,AA,CC,AT,CC,AA,AA,CC,CC,AC,TT,AA,GG,AA,AC,AC,AA,GG,AA,AA,AA,TT,GG,AA,AA,AC,AA,NN,AA,AA,GG,GG,GG,GT,AA,AA,GG,TT,TT,AG,TT,GG,GG,AA,1.43,Resistant,Medium,Standard,Medium
L0736,Anantapur,Andhra Pradesh,Kharif,Red Sandy,Rainfed,390,31.0,52,AC,TT,GG,AA,GG,CC,GG,TT,CC,CC,AA,CT,CC,AT,GT,GG,CG,TT,TT,AG,CC,GT,GT,CC,TT,CC,TT,TT,GG,AA,TT,CC,AA,CC,NN,CG,GG,CC,GG,CC,TT,TT,AA,TT,AA,AG,TT,TT,CC,AC,GG,AA,AA,GG,CC,TT,AA,AC,TT,AA,AG,TT,AT,AA,TT,AT,CC,GG,TT,GG,AG,GT,AC,AA,GG,AC,AA,GG,TT,TT,GG,NN,GG,CC,AA,GG,AA,AA,CC,TT,AC,TT,CC,TT,GT,GG,TT,CC,TT,CC,CC,CC,NN,NN,TT,TT,CG,AA,AG,AA,CT,GG,GT,CC,TT,AC,AA,TT,CG,AG,CC,GG,CC,GG,CT,AA,CT,CC,AC,CC,AA,TT,CC,AA,CC,CC,AA,AT,AG,AA,GG,CC,CC,GG,AG,AA,AA,AC,GT,CC,CG,AA,AG,GG,GT,GG,AA,GT,CT,GG,AC,GT,TT,CT,CG,AA,TT,TT,AA,TT,CG,CC,AG,CT,CC,CC,GG,CC,AA,GG,AG,CC,TT,CC,GG,TT,GG,TT,AA,AG,TT,CC,GG,AA,AC,CC,GG,AG,AC,CG,TT,AA,AA,CG,GT,AT,AC,AA,AA,GG,TT,TT,AT,GG,GT,TT,CC,AT,TT,AA,AG,AA,TT,AC,TT,CC,TT,AC,CC,TT,GG,AG,NN,GG,CC,TT,CT,GT,GG,TT,AA,AA,AG,GG,CC,CC,GG,CC,GG,TT,AG,CG,GT,GG,CC,CC,TT,GG,CC,AA,CC,AT,AA,CC,CC,CC,AT,AA,CG,AA,AA,AC,AA,NN,AG,AA,AA,AT,GG,AA,AG,AA,AA,TT,AA,AA,GG,GG,GG,TT,AA,AA,TT,TT,TT,AA,TT,GG,CG,AA,2.64,Susceptible,Low,Poor,Medium
L0737,Anantapur,Andhra Pradesh,Kharif,Red Sandy,Rainfed,390,31.0,52,AC,TT,AG,AG,GG,CC,GG,TT,CC,CC,AT,CC,CG,AT,TT,GG,CG,TT,TT,AG,NN,TT,TT,CC,NN,CC,NN,TT,GG,AA,TT,CC,AA,CC,AG,GG,GT,CC,GG,CC,TT,TT,AC,GG,AA,GG,CT,TT,CC,AC,GG,AT,GG,GG,CT,GT,AA,AA,GG,AC,AA,TT,TT,AA,TT,TT,CC,GG,TT,GG,AG,GG,CC,AA,GG,AC,AA,GG,GT,TT,GG,GG,GG,CC,AA,NN,AA,AT,CC,GT,CC,TT,CC,TT,TT,GG,TT,AC,GT,CC,CT,NN,GG,AA,TT,TT,CC,AA,AA,AA,CC,GG,GT,CC,TT,AC,AA,TT,CC,GG,CC,GG,CC,GT,TT,AG,CC,CC,CC,CC,AA,TT,CC,AA,CC,CC,AA,TT,AA,AT,GG,CC,CC,GG,AG,AA,AA,CC,GG,CC,CC,AA,GG,AG,GT,GG,NN,GT,CT,AG,AC,TT,TT,TT,CG,AA,TT,CT,AT,AT,GG,CC,GG,CC,CC,CC,GG,CC,AA,GG,AG,CC,TT,CC,GT,GT,GG,TT,AA,AA,GT,AA,CG,AC,CC,CC,GG,GG,AA,GG,TT,AA,AA,CC,TT,AA,AC,AA,AA,GG,TT,TT,AT,GG,GT,AA,CC,TT,TT,AA,GG,AA,TT,AA,AT,CC,CT,AA,AC,TT,CG,AA,CG,AA,CC,TT,TT,TT,GG,AT,AC,CC,AA,GG,CC,CC,GG,CC,GG,AA,AG,CC,TT,GG,CC,CC,AA,GG,CC,AA,CC,AA,AA,AC,NN,CC,AT,AA,GG,AA,AA,AC,AA,AG,AG,AA,AA,TT,GG,AC,AG,CC,AA,CT,AG,AA,GG,GG,GG,TT,AA,AA,GT,TT,TT,AA,AT,CG,CG,AA,3.58,Susceptible,Low,Poor,Medium
L0738,Anantapur,Andhra Pradesh,Kharif,Red Sandy,Rainfed,390,31.0,52,AC,CC,AG,AG,GG,CC,GT,TT,CC,CG,AA,CC,CG,AT,GT,GG,GG,TT,TT,AA,CG,GT,TT,NN,TT,CC,TT,AT,GG,AC,TT,CC,AA,CC,GG,GG,GG,CC,GG,CC,TT,TT,AA,GT,AA,GG,TT,TT,CC,CC,GG,AA,AA,GG,CC,GT,AA,AC,GT,AA,AA,TT,AT,AA,TT,TT,CC,GG,TT,GT,AA,GG,CC,AA,GG,NN,AA,GG,TT,TT,GG,GG,GG,CC,AA,GG,AA,AA,CC,GT,CC,TT,CT,TT,TT,GG,CT,CC,GT,CC,CC,CG,GG,AA,AT,TT,CC,AA,AG,AA,CC,GG,TT,CC,GG,AA,AA,TT,CC,GG,CG,GG,CC,GG,TT,AA,CT,CC,CC,CC,AA,TT,CC,AA,CC,CC,AA,TT,AA,AT,GG,CC,CC,GG,AA,AA,AA,CC,GG,CC,CC,AA,AG,GG,TT,GG,AA,TT,CT,GG,AC,GT,NN,CT,CC,AA,GT,TT,AT,AT,GG,CC,AA,CC,CC,CC,GG,CC,AA,GG,AG,CC,TT,CC,GG,GT,GG,AA,AA,NN,TT,CC,GG,AC,AC,CC,GG,GG,CC,CG,TT,AC,AA,CG,GG,AT,CC,AA,AA,GT,TT,TT,AA,GG,GT,AT,CG,TT,GT,AA,GG,AA,TT,AA,TT,CC,TT,AC,CC,CT,GG,AG,CC,GG,CC,TT,TT,TT,GG,TT,AA,AC,AG,GG,CC,CG,GG,CG,GG,AT,AA,CG,TT,GG,CC,CG,AT,GG,CG,AA,CG,AA,AG,AC,CG,AA,TT,AA,GG,AA,AA,CC,AC,GG,AG,AG,AA,AT,GG,AA,AG,AC,AC,TT,AG,AA,CG,GG,GG,TT,AT,AA,TT,TT,TT,AG,TT,GG,GG,AA,1.73,Moderate,Medium,Premium,Late
L0739,Anantapur,Andhra Pradesh,Kharif,Red Sandy,Rainfed,390,31.0,52,AA,TT,GG,AG,CG,CC,GT,TT,CC,CG,AT,CT,CG,AT,GT,GG,CG,TT,TT,AA,CC,TT,TT,CC,AT,CC,NN,TT,GG,AA,TT,CC,AA,CC,GG,GG,GG,CC,GG,CC,TT,CT,AA,GT,AA,AA,TT,TT,CC,AC,GG,AA,AG,GG,CC,TT,AA,AC,GT,AC,AA,GT,AT,AG,TT,AT,CC,GG,TT,GT,AA,GG,CC,AA,GG,AA,AT,GG,TT,TT,GG,GG,GG,CC,AA,GG,AA,AA,CC,GT,CC,TT,CC,AT,GG,GG,TT,CC,TT,CT,CT,CG,AG,AA,TT,TT,CC,AA,AG,AA,CC,GG,TT,CG,GT,AC,AC,TT,CC,GG,CG,GG,CC,GT,TT,AG,CT,CC,CC,CG,AG,TT,CC,AA,CC,CC,AA,TT,AA,AT,GG,CC,CC,GG,AA,AG,AA,CC,GG,CC,CG,AA,AA,GG,TT,AG,AA,TT,TT,GG,AC,TT,TT,TT,CG,AT,GT,TT,AA,AT,GG,CC,AG,CT,CC,CC,CG,CC,AA,GG,GG,CC,TT,CG,GT,GT,GG,TT,AA,AA,TT,AC,GG,AC,AC,CG,GG,GG,NN,GG,CT,CC,AA,CC,GG,AT,CC,AT,AA,GG,TT,TT,AA,CG,TT,AA,CC,AT,TT,AA,GG,AA,TT,AA,TT,CC,TT,AA,CC,TT,GG,NN,CC,AA,AC,TT,TT,TT,GG,TT,AC,AC,AA,GG,CC,CC,GG,CC,GG,AT,AA,CG,GT,GG,CC,CC,AT,GG,CC,AT,CG,AA,AA,AA,CG,CC,TT,AG,GG,AA,AA,CC,AA,AG,AA,AG,AA,AA,GG,AA,AG,AC,AA,CT,AA,AA,GG,GG,GG,TT,AA,AG,GT,TT,TT,AA,TT,GG,GG,AA,2.25,Susceptible,Medium,Poor,Late
L0740,Anantapur,Andhra Pradesh,Kharif,Red Sandy,Rainfed,390,31.0,52,AC,TT,GG,AG,GG,CC,GT,AT,CC,CG,AA,CT,CC,TT,TT,GG,CG,TT,TT,AA,CC,GT,TT,CT,AT,CC,TT,TT,GG,AA,TT,CC,AA,CC,AG,GG,GG,CC,GG,AC,TT,TT,AA,TT,AG,GG,TT,TT,CG,AA,GT,AT,AA,GG,CC,TT,AA,AA,GG,NN,AG,TT,AT,AA,TT,TT,CC,GG,TT,GG,AG,GG,CC,AA,GG,AC,AT,AG,TT,TT,GG,GT,GG,CC,AT,AG,AA,AA,CC,TT,AA,TT,CT,AT,GT,GG,TT,CC,NN,CC,CC,CG,AG,AA,TT,GT,CG,AA,AG,AC,CC,GG,TT,CC,TT,AC,AC,TT,CC,GG,CC,GG,CC,GG,CT,AA,CT,CC,CC,CC,AA,TT,CC,AA,CC,CC,AA,TT,AA,AT,GG,CC,CC,GG,AA,AG,AA,CC,GG,CC,CG,AA,AA,GG,GT,AG,AA,GT,TT,GG,AC,GG,TT,CT,CC,AT,GT,TT,AA,TT,GG,CC,AA,CT,CC,CC,GG,AC,AA,AG,AA,CC,TT,CC,TT,GT,GG,AT,AA,AA,TT,CC,GG,AA,AC,CG,GG,GG,NN,GG,TT,AA,AA,CC,GT,AA,CC,AA,AT,GG,TT,TT,AT,GG,GT,AA,CC,AT,TT,AA,GG,AA,CT,AA,TT,CC,CT,AA,CC,CC,CG,AG,CC,AG,CC,TT,TT,TT,GG,TT,AA,AC,AA,GG,CC,CC,GG,CC,GG,AT,AA,CC,TT,GG,CC,CC,AA,GG,CC,TT,CG,AA,NN,AC,CG,CC,TT,AA,GG,AA,AA,AC,AA,GG,GG,AG,AA,TT,GG,AA,AA,AC,AA,TT,AA,AG,CG,GG,CG,TT,AA,AA,GT,TT,TT,AA,TT,GG,GG,AA,2.93,Moderate,Low,Poor,Medium
L0741,Anantapur,Andhra Pradesh,Kharif,Red Sandy,Rainfed,390,31.0,52,CC,TT,GG,AA,GG,CC,GT,TT,CG,CG,AA,CC,CG,TT,TT,GT,CG,TT,TT,AG,CC,TT,GG,CT,TT,CC,TT,AA,GG,AA,CT,CC,AA,CC,GG,GG,GG,CC,GT,CC,TT,TT,AC,TT,AA,GG,TT,TT,CC,AA,GG,AA,AG,GG,CT,TT,AA,AC,TT,AC,AA,TT,TT,GG,TT,TT,CC,GG,TT,GG,AA,GG,CC,AA,GG,AC,TT,GG,GT,TT,GG,GG,GG,CC,AT,AG,AA,AA,CC,TT,CC,TT,CT,TT,TT,GG,CT,CC,TT,CC,CT,CC,GG,AA,TT,TT,CC,AA,GG,AA,CC,GT,TT,CC,GT,NN,NN,TT,CC,AG,CG,GG,CC,GT,CT,AG,CC,CC,CC,CC,AA,TT,CC,AA,CC,CT,AA,TT,AA,AA,GG,CC,CC,AG,AG,AG,AT,CC,GG,CG,CC,AG,AA,GG,TT,GG,AC,GT,CC,GG,CC,TT,GT,TT,CC,AA,GT,TT,AA,NN,GG,CC,AG,CC,CC,AC,GG,CC,AA,GG,AG,CC,TT,CC,GG,TT,GG,AA,AA,AA,TT,CC,GG,AA,CC,CC,GG,AG,AA,GG,TT,AA,AA,CC,GG,AT,CC,AA,AT,GG,TT,TT,AA,GG,GT,AT,CC,TT,GT,AA,GG,AA,TT,AC,TT,CC,TT,CC,CC,NN,GG,AA,CG,AG,AC,TT,CT,GG,GG,AT,AA,CC,AA,GG,CC,CG,GG,CC,GG,TT,AA,CG,TT,GG,CC,CC,AA,AG,CC,AT,CG,AT,AA,CC,CC,CC,AT,AA,GG,AA,CC,AA,AA,AG,AG,AA,AA,AT,CG,NN,AA,AC,AA,CC,AG,AA,GG,GG,GG,TT,AA,AA,TT,TT,TT,AA,TT,GG,GG,AA,6.13,Susceptible,Low,Premium,Early
L0742,Anantapur,Andhra Pradesh,Kharif,Red Sandy,Rainfed,390,31.0,52,AC,TT,AG,AG,GG,CC,GG,TT,CC,CC,AA,CC,CC,TT,TT,GG,GG,TT,TT,AA,CC,TT,GT,CC,TT,CC,GG,TT,GT,AA,TT,CT,AA,CC,GG,GG,GG,CC,GG,CC,TT,TT,AA,TT,AA,GG,CT,TT,CC,AA,TT,AT,AG,GG,CC,TT,AA,NN,GT,AA,AA,TT,AT,AA,TT,AA,CC,GG,TT,GT,AA,GG,CC,AA,AG,AA,AT,AG,NN,TT,GG,GT,GG,AC,AA,GG,AG,AT,CG,TT,CC,TT,NN,TT,TT,GG,TT,CC,GT,CC,CC,CG,GG,AA,TT,TT,CG,AA,AG,AA,CC,GG,TT,CC,GT,AC,AC,TT,CC,AG,CC,AG,CC,GG,TT,AA,CT,CC,CC,CC,AA,TT,CC,AA,CC,CC,AA,TT,AA,AA,GG,CT,CC,GG,AA,AA,AA,CC,GG,CC,CC,AA,AA,GG,TT,GG,CC,TT,TT,AG,CC,GT,TT,TT,CC,AA,TT,TT,AA,NN,CG,CG,AA,CT,CC,CC,CG,CC,AA,GG,AA,CC,TT,CC,GT,TT,GG,AT,AA,AA,TT,CC,GG,AA,CC,CC,GG,GG,AA,GG,TT,AA,AA,CC,GG,AT,CC,AT,AA,GG,TT,TT,AA,CG,GG,AA,CC,TT,GT,AA,GG,AA,CT,AA,TT,CC,CT,CC,CC,CT,CG,AG,CC,AG,AC,TT,TT,TT,GG,TT,AA,AA,GG,GT,CC,CC,GG,CC,GG,AA,AA,CC,TT,GG,CC,CG,AA,GG,CC,AT,CC,AA,AA,AC,CC,CC,TT,AA,NN,AA,AA,AA,AA,AG,AG,AA,AA,TT,GG,AC,AG,CC,AA,CT,AA,AG,GG,GG,GG,GT,AA,AA,NN,TT,TT,AA,TT,GG,GG,AA,0.4,Susceptible,High,Premium,Late
L0743,Anantapur,Andhra Pradesh,Kharif,Red Sandy,Rainfed,390,31.0,52,AC,TT,GG,AA,GG,CC,GT,AT,CC,CC,AA,CC,CG,TT,GT,GG,CG,TT,TT,AA,CC,TT,TT,CC,TT,CC,TT,TT,GG,AA,CT,CC,AA,CC,GG,GG,GG,CC,GG,CC,TT,CT,AA,TT,AA,GG,TT,AT,CC,AC,GG,AA,AA,GG,CC,TT,AA,AC,GT,AC,AA,TT,TT,AA,TT,AT,CT,GG,CT,GT,AA,GG,CC,AA,GG,AC,AT,GG,TT,NN,GG,GT,GG,CC,AA,GG,AA,AT,CC,TT,CC,TT,CT,TT,TT,AG,TT,CC,TT,CC,CC,CG,GG,AG,TT,GT,CC,AA,AA,AA,CT,GG,TT,CC,TT,AC,AA,TT,CC,GG,NN,GG,CC,GT,TT,AA,CC,CC,CC,CC,AA,TT,CC,AA,CC,CT,AA,TT,AG,AA,CG,CC,CC,GG,AA,AG,AA,AC,GG,CC,CC,AA,AA,GG,TT,GG,AC,GT,CT,GG,AC,TT,TT,TT,CC,AT,GT,TT,AA,TT,GG,CC,AG,CT,CC,CC,GG,CC,AA,GG,AA,CC,TT,CC,GG,GT,CG,AT,AA,AA,TT,CC,NN,AA,CC,GG,GG,GG,AC,GG,TT,AA,AG,CC,GG,AT,CC,AT,AT,GT,TT,TT,AA,GG,GT,AA,CC,TT,GT,AA,GG,AA,CT,AA,TT,CC,TT,AC,CC,TT,GG,AG,CG,AG,AC,TT,TT,GG,CG,TT,AC,NN,AA,GG,CC,CC,GG,CC,GG,AA,AA,CC,TT,GG,CC,CC,AA,AA,CC,AA,CC,AA,AA,AA,GG,AC,TT,AG,NN,AA,AC,AA,AA,AG,AA,AG,AA,TT,GG,AA,AA,AC,AC,TT,AA,AA,GG,GG,GG,TT,AA,AA,TT,TT,TT,AG,TT,GG,CC,AA,0.97,Moderate,Medium,Standard,Late
L0744,Anantapur,Andhra Pradesh,Kharif,Red Sandy,Rainfed,390,31.0,52,AC,TT,GG,GG,CG,CC,GT,TT,CC,CG,AA,CC,CC,AT,TT,GG,GG,TT,TT,AA,CC,TT,GT,CC,AT,CC,GT,AA,GG,AA,TT,CC,AA,AC,GG,GG,GG,CC,GG,CC,TT,TT,AC,NN,AA,GG,TT,TT,CC,AC,GG,AA,AA,GG,CC,GT,AA,AA,GT,AA,AG,GT,TT,AA,TT,AT,CC,GG,TT,GG,AA,GG,CC,AA,GG,AC,AT,GG,TT,TT,GG,GT,GT,CC,AA,GG,AG,AA,CC,GT,CC,GT,CC,TT,TT,GG,TT,NN,GT,CC,CC,CG,GG,AA,TT,TT,CC,AA,GG,AA,CT,GG,TT,CC,TT,AA,AA,AT,CC,AG,CC,AG,CT,GG,CT,AA,CC,CC,AC,CC,AA,TT,CC,AA,CC,CC,AA,TT,AA,AA,GG,CT,CC,GG,AA,AG,AA,AC,TT,CC,CC,AA,AA,GG,TT,GG,CC,GT,TT,GG,CC,GT,TT,TT,NN,AT,GT,CT,AT,TT,GG,CG,AA,CT,CC,CC,CC,CC,AA,AG,AA,CC,TT,CG,GG,GT,GG,TT,NN,AA,TT,CC,GG,AA,NN,CC,GG,GG,AA,GG,TT,AC,AA,CC,GG,NN,CC,AA,AA,GG,TT,AT,AT,GG,GT,AA,CG,NN,TT,AA,GG,AA,CT,AA,AT,CC,CT,AA,CC,TT,GG,AG,CC,AA,AC,TT,TT,GT,GG,TT,AA,CC,AG,GT,CC,CC,GG,CC,GG,AT,AA,CC,TT,GG,CC,CC,AA,AA,CC,AT,CC,AA,AA,AC,CC,AA,TT,AA,GG,AA,AC,AC,AC,GG,GG,AG,AA,TT,GG,AA,AA,CC,AC,TT,AG,AG,GG,GG,GG,TT,AA,AA,GT,TT,NN,AG,AT,GG,GG,AA,2.86,Susceptible,Medium,Premium,Early
L0745,Anantapur,Andhra Pradesh,Kharif,Red Sandy,Rainfed,390,31.0,52,AC,TT,GG,AA,GG,CG,GG,TT,CC,CG,AA,CC,CG,TT,TT,GT,GG,TT,TT,AA,CC,TT,TT,CC,TT,CC,TT,TT,GT,AA,TT,CT,NN,CC,GG,GG,GG,CC,GG,CC,TT,TT,AA,TT,AA,GG,TT,TT,CC,NN,GT,AA,AG,GG,CC,TT,AA,AA,GT,AA,AA,GT,TT,AA,TT,TT,CC,GG,CT,GG,AG,GG,AC,AA,AG,AA,AA,GG,TT,CT,GG,GT,GG,CC,AT,GG,AA,AA,CG,GT,CC,GT,CC,TT,GT,GG,TT,CC,TT,CC,CC,CC,GG,AA,TT,GT,GG,AA,AA,AC,CC,GG,TT,NN,TT,AC,AC,TT,CC,GG,CC,GG,CC,GG,CC,AA,CC,CC,CC,CC,AA,TT,AC,AA,CC,CT,AA,TT,AA,AA,GG,CC,CC,GG,AA,AA,AA,CC,GT,CC,CC,AA,AG,GG,GT,GG,NN,NN,TT,GG,CC,GT,TT,TT,GG,AT,TT,TT,AA,AT,GG,CC,AA,TT,CC,CC,CG,CC,AA,GG,AA,CC,TT,CC,GG,TT,GG,AA,AA,AG,TT,CC,GG,AA,AC,CC,GG,GG,AA,GG,TT,AC,AG,CC,GG,AA,CC,AA,AT,GG,TT,AA,AT,GG,TT,AT,CC,TT,GT,AA,GG,AA,TT,AA,TT,CC,CT,AA,CC,TT,CG,AA,CC,AG,CC,TT,TT,TT,GG,AT,AA,CC,AG,GG,CC,CG,GG,CC,GG,AA,AA,CG,TT,GG,CC,CC,AT,GG,CC,AT,CC,AA,AA,CC,GG,AC,TT,AA,GG,AA,AC,AA,AA,AG,AG,AA,AA,TT,CG,AC,AA,CC,CC,CT,AA,AA,CG,GG,GG,TT,AT,AA,GT,TT,TT,AA,AT,GG,GG,AA,3.21,Resistant,Low,Standard,Early
L0746,Anantapur,Andhra Pradesh,Kharif,Red Sandy,Rainfed,390,31.0,52,CC,TT,GG,AA,GG,CG,GT,TT,CC,CC,AT,CT,CC,TT,TT,GG,CC,TT,TT,AA,CC,TT,TT,CC,TT,CC,TT,TT,GG,AA,CT,CC,AA,CC,GG,GG,GG,CG,GT,CC,TT,TT,AA,TT,AA,GG,TT,NN,CC,AC,GG,AA,AA,GG,CC,TT,AA,AA,GG,AA,AA,TT,AT,AA,TT,TT,TT,GG,CT,GG,AA,GT,CC,AA,GG,AC,AT,GG,TT,TT,AG,GG,GG,CC,AT,GG,AA,AA,CC,GT,CC,TT,CT,TT,TT,GG,TT,CC,GT,CC,CC,CC,AG,AA,TT,TT,CC,AA,AG,AA,CT,GG,TT,CC,TT,AA,AA,AT,CG,GG,CC,GG,CC,GG,CT,AA,CT,CC,CC,CC,AA,TT,CC,AA,CC,CC,AA,TT,AA,AA,GG,CC,CC,GG,AA,AA,TT,AC,GG,CC,CC,AA,AA,AG,GT,GG,CC,TT,TT,GG,CC,GT,TT,TT,CC,AT,GT,TT,AA,AA,CG,CC,GG,CC,CC,CC,CG,CC,AA,GG,AA,CC,TT,CC,GG,TT,GG,TT,AA,AA,TT,CC,GG,NN,CC,CC,GG,GG,CC,GG,TT,AA,AG,CC,GG,AT,AC,AA,AA,GT,TT,TT,TT,CG,GT,AA,CC,AT,TT,AA,GG,AA,TT,AA,TT,CG,TT,AC,CC,TT,NN,GG,CG,AG,AC,TT,CT,TT,GG,TT,AA,AC,AA,GG,CC,CG,GG,CC,GT,TT,AA,CC,TT,GG,CG,CC,NN,GG,NN,AA,CC,AA,AG,CC,CG,AA,TT,AA,GG,AA,AA,AC,AA,GG,AG,AA,AA,AT,GG,AA,AA,AC,AA,TT,AA,AA,GG,GG,GG,TT,AA,AA,GT,TT,TT,AG,TT,GG,GG,AC,2.71,Resistant,Low,Premium,Late
L0747,Anantapur,Andhra Pradesh,Kharif,Red Sandy,Rainfed,390,31.0,52,AA,TT,GG,AG,CG,CC,GG,AT,CC,CC,AA,CC,CG,AT,GT,GG,GG,TT,TT,AA,CG,TT,TT,CC,TT,CC,TT,TT,GG,AC,TT,CT,AG,CC,GG,GG,GG,CG,GG,CC,TT,CT,AA,TT,AA,GG,TT,AA,CC,AA,GG,AA,AA,GG,CC,TT,AA,AA,TT,AC,AG,TT,TT,AA,TT,TT,CC,GG,TT,GG,AA,GT,AC,AA,GG,AA,AA,GG,TT,TT,GG,GG,GG,CC,AA,GG,AA,AT,CC,TT,AC,TT,CC,TT,TT,GG,TT,CC,GT,CC,CC,CC,GG,AA,TT,TT,CG,NN,AA,AC,CC,GG,TT,CC,TT,AA,AC,TT,NN,GG,CC,AG,TT,GT,CT,AA,CC,CC,AC,CC,AA,TT,CC,AA,CC,CC,AA,AT,AG,AA,GG,CT,CC,GG,AG,AA,AA,CC,NN,CC,CC,AA,AA,GG,TT,GG,AA,GT,TT,GG,AC,GT,GG,TT,CG,AA,GT,TT,AT,AT,CC,CC,AA,CT,AC,CC,CG,CC,AA,AG,AA,CC,TT,CC,GG,GT,GG,AT,AA,AG,GT,CC,GG,AA,AC,CC,GG,GG,AC,GG,TT,AA,AA,CC,GG,AA,CC,AA,TT,GG,GT,TT,AA,GG,GG,AT,CC,TT,GT,AA,NN,AA,TT,AA,TT,CC,CT,AA,CC,TT,CG,AG,NN,AG,CC,AT,TT,GT,CG,TT,AA,AC,AA,GG,CC,CG,GG,CC,GG,AT,AA,CC,GT,GG,CC,CG,AT,GG,CC,AA,CG,AT,AA,AC,GG,AC,TT,AA,CG,AA,AC,AA,AA,AG,GG,AA,AA,AT,CG,AA,AG,CC,AA,TT,AA,AA,GG,GG,GG,TT,AA,AA,TT,TT,TT,AG,TT,GG,GG,AA,2.81,Susceptible,Low,Standard,Early
L0748,Anantapur,Andhra Pradesh,Kharif,Red Sandy,Rainfed,390,31.0,52,AA,TT,AG,AG,GG,CC,GG,AT,CG,CC,NN,CC,CC,AT,TT,GG,GG,TT,TT,AA,CC,GG,TT,CC,TT,CC,GT,TT,GG,AA,TT,CC,AA,AC,GG,GG,GG,CC,GG,CC,TT,TT,AA,TT,AA,GG,TT,TT,CC,AC,GT,AA,AA,NN,CT,TT,AA,AA,GT,AA,AA,TT,AT,AG,TT,AT,CC,GG,CT,GT,AG,GG,CC,AA,GG,AC,AT,GG,TT,TT,GG,GG,GG,CC,AA,GG,AA,AT,CC,TT,CC,TT,CC,AT,TT,GG,TT,CC,GT,CC,CC,CG,AA,AA,AT,TT,CG,AA,AG,AA,CC,GG,TT,CG,NN,AA,AA,TT,CC,GG,CC,GG,CC,GG,TT,AA,CT,CC,CC,CC,AA,TT,CC,AA,CC,CC,AG,TT,AA,AA,GG,TT,CC,NN,AA,AA,AA,AC,GG,CC,CC,AA,NN,AA,TT,AG,AA,TT,CT,AG,AC,GT,GT,TT,CG,AA,TT,TT,AA,AT,GG,CC,AG,CC,CC,CC,CC,CC,AA,GG,AG,CC,TT,CG,GT,TT,CG,AA,AA,AA,TT,CC,GG,AC,CC,NN,GG,GG,AC,GG,TT,AC,AA,CC,GG,AA,CC,AA,AA,GG,TT,TT,AA,GG,GT,AA,CC,TT,GT,AA,GG,AA,CT,AA,TT,CC,TT,AC,CC,CT,GG,AG,CC,AA,CC,TT,TT,GT,GG,TT,AA,CC,AG,GG,CC,CG,GG,CC,GG,TT,GG,CC,TT,AG,CC,CC,AA,GG,CC,AT,CC,AA,AA,CC,CC,AC,TT,AA,GG,AA,AC,AA,AA,AG,AG,AG,AA,AT,CG,AC,AA,CC,AC,CT,NN,AA,GG,GG,GG,TT,AA,AG,TT,TT,TT,AG,TT,GG,GG,AA,1.21,Susceptible,Low,Standard,Early
L0749,Anantapur,Andhra Pradesh,Kharif,Red Sandy,Rainfed,390,31.0,52,AC,TT,AG,AG,GG,CC,GG,TT,CC,CC,AA,CT,CC,TT,GT,GG,CG,TT,TT,AG,CG,TT,GT,CC,TT,TT,GT,TT,GG,AA,TT,CC,AA,CC,GG,GG,GG,CG,GG,CC,TT,CT,AA,GT,AA,GG,TT,TT,CC,AC,GG,AA,AA,GG,CC,GT,TT,AA,GT,AA,AA,TT,AA,AG,TT,AT,NN,GG,TT,GG,AA,GG,NN,AA,GG,AA,AT,GG,GT,TT,GG,GG,GG,CC,AA,GG,AG,AA,CC,GG,AC,TT,TT,TT,TT,GG,CT,AC,GT,CC,CC,CC,GG,AA,TT,TT,CC,AA,AG,AA,CT,GG,GT,CG,GT,AA,AA,TT,CC,AG,CC,GG,CC,GT,CT,AA,CT,CC,CC,CG,AA,TT,CC,AA,CC,CT,AA,TT,AA,AT,CG,CT,CC,GG,AA,AA,AA,CC,GG,CC,CC,AA,AA,GG,TT,AG,AC,TT,TT,AG,CC,GT,GT,TT,CC,AA,GT,TT,TT,TT,CG,CC,NN,CC,CC,CC,CG,AC,AA,GG,AA,CC,TT,CG,GT,TT,GG,AA,AA,AA,GT,CC,CG,AC,CC,CC,GG,GG,AC,GG,CT,AC,AA,CG,GG,AA,CC,AA,AA,GT,TT,TT,AA,GG,GT,AA,CG,AA,GT,AA,GG,AA,CT,AA,TT,CC,CT,AC,CC,CT,CC,AA,CC,AG,CC,AT,TT,GT,GG,TT,AA,AC,AA,GG,CC,CG,GG,CC,GG,AA,AA,CC,TT,GG,CC,NN,AT,GG,CC,AT,CC,NN,AA,AC,CC,AC,TT,AA,GG,AA,AC,AA,AA,AG,AG,GG,AA,AT,GG,AC,GG,CC,AA,CC,AG,AA,GG,GG,GG,TT,AT,AA,TT,TT,TT,AA,AT,GG,GG,AA,2.8,Susceptible,Low,Premium,Late
L0750,Anantapur,Andhra Pradesh,Kharif,Red Sandy,Rainfed,390,31.0,52,AC,CT,GG,GG,GG,CC,GT,AT,CC,CC,AA,CC,CG,AT,TT,GT,CG,TT,TT,AG,CC,TT,GT,NN,TT,CC,TT,TT,GT,AA,TT,CT,AA,CC,GG,GG,GG,CC,GG,AC,TT,CT,AA,TT,AA,AG,TT,AT,CC,AC,GG,AA,AA,GG,CT,TT,AT,AA,TT,CC,AA,TT,AT,AG,TT,AT,CC,GG,TT,GG,AG,GG,CC,AA,GG,AA,AT,GG,TT,TT,GG,GG,GG,CC,AA,GG,AA,AA,CC,GT,CC,TT,CT,TT,TT,GG,TT,CC,TT,CC,CC,CC,GG,AA,TT,TT,CG,AG,AG,AC,CT,GT,TT,CC,TT,AA,AA,NN,CC,GG,CG,AG,CT,GT,TT,AG,CC,CC,CC,CC,AA,TT,CC,AA,CC,CC,AA,TT,NN,AA,GG,CT,CC,GG,NN,AG,AA,CC,GT,CC,CG,AA,AG,GG,TT,GG,AA,TT,CT,GG,AC,TT,GT,TT,CC,AA,GT,TT,AA,NN,GG,GG,AG,CT,AC,CC,GG,AC,AA,GG,AA,CC,TT,CC,TT,TT,CG,TT,AA,AA,TT,CC,GG,AA,CC,CC,GG,GG,AC,GG,TT,AC,AA,CC,GG,AT,AC,AA,AA,GG,TT,TT,AA,GG,TT,AA,CG,AA,GG,AA,GG,NN,TT,AA,TT,CC,CT,AA,CC,TT,CG,AA,CG,AG,CC,TT,TT,GT,GG,TT,AC,CC,AA,NN,CC,CG,GG,CC,GG,TT,AA,CC,TT,GG,CC,CG,AA,AG,CC,AA,CG,AA,AA,AC,CG,AC,AT,AA,GG,AA,AA,AC,AA,AG,AG,AA,AG,AA,GG,AC,AG,AC,AC,TT,GG,AG,GG,GG,CG,GT,AA,AG,TT,TT,TT,GG,TT,GG,GG,NN,1.0,Moderate,Medium,Poor,Late
L0751,Anantapur,Andhra Pradesh,Kharif,Red Sandy,Rainfed,390,31.0,52,AC,TT,GG,AA,GG,CC,GG,TT,CC,CC,AA,CC,CC,TT,TT,GG,GG,TT,TT,AG,NN,TT,GT,CC,TT,CC,TT,TT,GT,AA,TT,CC,AA,CC,GG,CG,GG,CC,GG,CC,GT,CT,AC,TT,AG,GG,TT,TT,CC,CC,GG,AA,AA,GG,CT,GT,AA,AC,GT,AA,AA,TT,AT,AA,TT,AT,CC,GG,TT,GG,AA,GG,CC,AA,GG,AA,TT,GG,TT,TT,GG,GT,GT,CC,AA,GG,AA,AA,CC,GG,NN,TT,CT,TT,GT,GG,TT,CC,GG,CC,CC,CG,GG,AA,AA,TT,CG,AA,AA,AA,CC,GG,TT,CC,GT,AC,AC,AT,CG,GG,CC,GG,CC,GG,CT,AA,CT,CC,CC,CC,AA,GT,CC,AA,CC,CC,AA,TT,AA,AA,CG,CT,CC,AG,AA,GG,AA,AC,GG,CC,CC,AG,AA,AG,TT,GG,AC,GT,CT,GG,AC,TT,TT,TT,CC,AA,TT,TT,AA,TT,GG,CC,AG,CT,CC,CC,CG,CC,AA,GG,AA,CC,TT,CC,GG,GT,GG,AT,AA,AG,GT,CC,GG,AA,CC,CC,GG,GG,AC,GG,TT,AA,AA,CG,GT,TT,AC,NN,TT,GG,TT,NN,TT,GG,GG,AT,CG,AT,TT,AA,GG,AA,TT,AA,TT,CC,CT,AA,CC,TT,GG,AG,CC,AG,CC,TT,TT,GT,GG,TT,AA,CC,AG,GG,CC,CC,GG,CC,GG,TT,AA,CC,NN,GG,CC,CC,AT,GG,CG,AT,CC,AA,AA,CC,CC,AC,TT,AA,CC,AA,AC,AC,AA,AG,AA,AG,AG,TT,GG,AA,AA,AC,AA,CT,AA,AA,GG,GG,GG,GT,AA,AA,TT,TT,TT,AA,AA,GG,GG,AA,1.86,Resistant,Low,Standard,Medium
L0752,Anantapur,Andhra Pradesh,Kharif,Red Sandy,Rainfed,390,31.0,52,AA,TT,GG,AG,NN,CC,GG,TT,CC,NN,AA,CT,CG,TT,TT,GG,GG,TT,NN,AA,CC,TT,GT,CT,AT,CC,TT,TT,GG,AA,TT,CC,AA,CC,GG,GG,GG,CC,GG,CC,TT,TT,AA,TT,AG,GG,TT,TT,CC,CC,GT,AA,AA,GG,CC,TT,AA,AA,GG,AC,AA,GT,TT,NN,TT,TT,CC,GG,TT,GT,AA,GG,CC,AA,GG,AC,AA,GG,TT,TT,GG,GG,GG,CC,AA,GG,AA,AA,CC,GT,AC,TT,CT,TT,TT,GG,TT,CC,GT,CC,CT,CC,AG,AA,TT,TT,CC,AA,GG,AA,TT,NN,GT,CC,GT,AA,AA,TT,CC,AG,CC,GG,CC,GT,NN,AA,CC,CC,CC,CC,AA,TT,CC,AA,CC,CC,AA,AT,AA,AA,GG,CC,CC,GG,AA,AG,AA,CC,GG,CC,CC,AA,AA,AA,GT,GG,AA,TT,TT,GG,AC,GT,TT,NN,CG,AA,GT,TT,AT,AT,GG,CC,AG,CC,CC,CC,GG,AC,AA,GG,AA,CC,TT,CC,GT,TT,CG,AT,AA,AG,TT,AC,GG,AA,CC,CC,GG,GG,AC,GG,TT,AA,AA,CC,GG,AA,CC,AA,AA,GG,GT,TT,AA,CG,GT,AT,CC,AT,TT,AA,GG,AA,CT,AA,TT,CC,CT,AC,CC,TT,CG,AG,CC,AG,CC,TT,TT,GG,GG,TT,AA,AC,AG,GG,CC,CC,GG,CC,GG,TT,AA,CC,GT,GG,CC,CC,AA,AG,CC,AA,CG,AA,AA,AC,GG,AC,TT,AA,GG,AT,AA,AA,AA,GG,AG,AA,AA,TT,GG,AC,AA,AC,AA,TT,AA,AA,GG,GG,CG,GT,AA,AA,TT,TT,TT,AG,TT,GG,GG,AA,4.99,Resistant,Low,Standard,Early
L0753,Anantapur,Andhra Pradesh,Kharif,Red Sandy,Rainfed,390,31.0,52,AA,CT,GG,AA,GG,CC,GT,TT,CC,CC,AA,CC,NN,TT,TT,GG,GG,TT,TT,AA,CG,TT,GG,NN,TT,CC,TT,AT,GT,AA,TT,CC,AA,CC,GG,GG,GT,CG,GG,CC,TT,CT,AA,TT,AG,AG,TT,AT,CC,AA,GG,AA,AG,NN,CT,GT,AA,AC,GG,AA,AA,TT,TT,GG,TT,TT,CC,GG,TT,GG,AG,GG,CC,AA,GG,AC,TT,GG,TT,TT,GG,GG,GG,CC,AA,GG,NN,AA,CC,TT,AC,TT,CT,TT,TT,GG,TT,CC,GG,CC,CT,CC,AG,AA,TT,TT,CC,AA,AA,AC,CT,GG,TT,CC,TT,AA,AC,TT,CC,AA,CG,GG,CC,GG,TT,AA,CT,CC,CC,CC,AA,TT,CC,AA,CC,NN,AA,TT,AA,AA,GG,CT,CG,GG,AA,AG,AA,AC,GG,CC,CC,AA,AA,AG,GT,GG,AA,TT,CC,GG,CC,TT,TT,CT,CG,AA,GT,TT,AA,AT,GG,CC,AG,CT,CC,CC,GG,AC,AA,GG,AG,CC,TT,CC,GG,TT,CG,TT,AA,AA,TT,AC,GG,AA,CC,CC,GG,GG,NN,GG,TT,AC,AA,CC,GT,AA,AC,AA,NN,GG,TT,AT,AT,CG,GT,AA,CG,AT,GT,AA,GG,AA,CT,AA,TT,CC,TT,AA,CC,TT,NN,AG,CC,AG,CC,TT,TT,TT,GG,TT,AA,CC,AG,GG,CC,CG,GG,CC,GG,TT,AG,CC,GT,GG,CC,CC,AA,GG,CG,AA,CG,AA,AA,CC,GG,AC,TT,AA,GG,AA,AA,AC,AA,AG,AA,AG,AA,TT,GG,NN,AG,CC,AA,TT,NN,AA,GG,GG,GG,TT,AA,AA,GT,TT,AT,AG,AT,GG,GG,AA,3.01,Moderate,High,Premium,Early
L0754,Anantapur,Andhra Pradesh,Kharif,Red Sandy,Rainfed,390,31.0,52,AC,TT,GG,AG,GG,CC,GG,TT,CC,CG,AA,CT,CG,AT,TT,GG,GG,TT,TT,AG,CC,GT,GT,NN,TT,CC,TT,TT,GG,AA,TT,CC,AA,CC,GG,CG,GG,CG,GG,CC,TT,CT,AA,TT,AA,AG,TT,TT,CC,AC,GT,AA,AA,GG,CC,TT,AT,AA,TT,AC,AA,TT,TT,AA,TT,AA,CC,GG,TT,GG,AA,GG,CC,AA,GG,AC,AT,GG,TT,TT,GG,GG,GT,CC,AA,GG,AA,AA,CC,GT,CC,TT,CT,TT,GT,GG,CT,AC,GG,CT,CT,CG,GG,AA,TT,GT,CC,AA,AG,AA,CT,GG,GT,CC,TT,AA,AA,TT,CC,AG,CC,GG,CC,GG,TT,AA,CC,CC,CC,CC,AA,TT,CC,AA,CC,CC,AA,TT,AA,AA,CG,CC,CC,GG,AA,AG,AA,CC,GG,CC,NN,AA,AG,GG,TT,GG,AA,GT,CT,GG,AC,GT,NN,TT,CC,AA,GT,TT,AT,AT,CG,CC,GG,CC,CC,CC,CG,CC,AA,GG,AA,CC,TT,CC,TT,TT,CC,AA,AA,AA,TT,CC,GG,AA,AC,CG,GG,GG,CC,GG,TT,AA,AG,CG,GT,AA,AC,AA,TT,GT,TT,AA,AA,GG,GT,AA,CC,AT,TT,AA,AG,AA,TT,AA,TT,CC,CT,AA,CC,TT,CG,AG,CC,AG,CC,AT,TT,GT,GG,TT,AA,AC,AG,GG,CC,CG,GG,CC,GG,AT,AA,GG,TT,GG,CC,CC,AA,AG,CC,AA,CC,AA,AG,AC,NN,AC,AT,AA,CG,AA,AA,AA,AA,GG,AG,AA,AA,TT,GG,AA,AA,AA,AC,TT,AG,AA,GG,GG,GG,GT,AA,AG,TT,TT,TT,NN,NN,GG,GG,AA,3.63,Susceptible,Low,Standard,Medium
L0755,Anantapur,Andhra Pradesh,Kharif,Red Sandy,Rainfed,390,31.0,52,AC,CT,GG,AG,GG,CC,GT,TT,CC,CG,AA,CC,CG,TT,TT,GG,GG,AT,TT,AA,CC,TT,GG,CC,AT,CC,TT,TT,GG,AA,TT,CC,AA,CC,GG,CG,GG,CG,GG,CC,TT,TT,AA,GT,GG,AG,TT,TT,CC,CC,TT,AA,AA,GG,CC,TT,AA,AA,GT,AA,AA,TT,AT,AG,TT,AT,CC,GG,TT,GG,AA,GG,AC,AA,AG,CC,AT,GG,TT,TT,NN,GT,GG,CC,AA,AG,AA,AA,CC,GG,CC,GT,CC,TT,TT,GG,TT,CC,TT,CC,CC,CC,GG,AA,TT,TT,CC,AA,GG,AA,CC,GG,TT,CC,TT,AA,AA,AT,CC,AG,CG,GG,CC,GT,TT,AA,CT,CG,CC,CC,AA,TT,CC,AA,CC,CC,AA,NN,AA,AA,GG,CC,CC,GG,AA,AA,AA,CC,GT,CC,CC,AA,AA,GG,TT,AG,AA,GT,CT,GG,CC,GT,GT,TT,CG,AA,TT,TT,AA,TT,GG,CC,AA,CT,CC,CC,GG,CC,AA,GG,AA,CC,TT,CC,TT,TT,GG,TT,AA,AA,TT,CC,GG,AC,AC,CC,GG,GG,AC,GG,TT,AA,AA,CC,GG,AA,AC,AA,TT,GG,GT,TT,AA,GG,GT,AT,CC,AT,GT,AA,GG,AA,CT,AA,TT,CC,CT,AC,CC,CT,CG,AA,CC,AA,CC,TT,TT,GG,CG,TT,AA,CC,AA,GG,CG,CG,GG,CC,GG,AT,AG,CC,TT,GG,CC,CC,AA,GG,CC,AA,CC,AA,AA,CC,CC,AC,TT,AA,GG,AA,AA,AC,AA,AG,AA,AA,AA,TT,CG,AC,AG,CC,AA,TT,AA,AA,GG,GG,GG,TT,AT,AG,TT,TT,TT,GG,TT,NN,CG,AA,1.13,Susceptible,High,Premium,Early
L0756,Anantapur,Andhra Pradesh,Kharif,Red Sandy,Rainfed,390,31.0,52,AC,TT,AG,AA,GG,CC,GT,AT,CC,CG,AA,CC,CG,TT,GT,GG,GG,TT,TT,AA,CC,GT,GG,CC,TT,CC,TT,AT,GG,AA,TT,CT,AA,CC,GG,GG,GG,CG,GG,CC,TT,TT,AC,TT,AA,GG,TT,TT,CC,AA,GT,AT,AG,GG,CC,NN,AA,AC,GT,AC,AG,TT,AT,AG,TT,AT,CC,GG,TT,GT,AG,GG,CC,AA,GG,AC,NN,GG,TT,TT,GG,GG,GG,CC,AT,AG,AA,AA,CC,GT,AC,TT,CC,TT,NN,GG,CC,CC,GG,CC,CC,CG,GG,GG,TT,NN,CC,AA,AG,AC,CC,GG,TT,CC,TT,AC,AA,TT,CG,GG,CC,AG,CC,GT,TT,AG,CC,CC,CC,CC,AA,TT,CC,AA,CC,CC,AA,TT,AA,AA,GG,CC,CC,GG,AA,AG,AA,AC,GG,CC,CC,NN,AG,GG,TT,GG,AC,TT,TT,GG,CC,TT,TT,CC,CC,TT,TT,TT,AT,AT,CG,CC,AG,TT,CC,CC,CG,CC,AA,GG,AG,CC,TT,CG,TT,TT,GG,TT,AA,AG,TT,CC,GG,AA,CC,CG,GG,GG,AC,GG,TT,AC,AA,CC,GG,AA,AC,AA,AA,GT,TT,AT,AT,CG,GG,AT,CG,TT,TT,AA,GG,AA,TT,AA,TT,CG,CT,AA,CC,TT,CG,AA,CG,AG,CC,TT,TT,GG,GG,TT,CC,CC,AA,GG,CC,CG,GG,CC,GG,TT,AA,CG,TT,GG,CC,CC,AA,GG,CG,AT,CC,AA,AA,AC,CG,CC,TT,AA,GG,AA,AA,AA,AA,GG,AA,AA,AA,AT,GG,AA,AG,CC,AC,TT,AA,AA,GG,GG,GG,TT,AA,AA,GT,TT,TT,AG,TT,GG,GG,AA,3.83,Susceptible,High,Standard,Late
L0757,Anantapur,Andhra Pradesh,Kharif,Red Sandy,Rainfed,390,31.0,52,AC,TT,AG,AG,GG,CC,GG,TT,CC,GG,AT,CC,CG,AT,TT,GG,CG,TT,TT,AA,CC,TT,GT,CC,AT,CC,TT,TT,GG,AA,TT,CC,AA,CC,GG,CG,GG,CC,GG,CC,TT,CC,AA,TT,AA,AG,CT,AA,CC,AA,GG,AA,AG,GG,CC,TT,AA,AA,GT,AA,AG,TT,TT,AA,TT,AT,CC,GT,CT,GT,AA,GG,CC,AA,AG,AC,AA,GG,GT,TT,GG,GG,GG,CC,AA,AG,AA,AT,CC,TT,CC,TT,CC,TT,GT,GG,CT,NN,GT,CC,CC,CG,AA,NN,TT,TT,NN,AA,AA,AA,CC,GG,TT,CC,TT,AA,AA,TT,CC,GG,CC,GG,CC,GG,TT,AA,CT,CC,CC,CC,AA,TT,CC,AA,NN,CC,AA,TT,AG,AT,GG,CC,CC,GG,AA,AA,AA,AC,GG,CC,CC,AA,GG,GG,TT,AA,AA,TT,CT,GG,NN,TT,TT,TT,CC,AT,GT,TT,AA,TT,GG,CG,AG,CT,CC,CC,CG,CC,AA,GG,AA,AC,TT,CG,GG,GT,GG,TT,AA,AA,TT,CC,GG,AA,CC,CC,GG,GG,AC,GG,TT,AA,AA,CC,GG,AA,CC,AA,AT,TT,TT,TT,AA,GG,GT,AA,CC,AT,TT,AA,GG,AA,CT,AA,TT,CC,CT,AA,AC,TT,CG,AA,CG,AG,CC,TT,TT,GT,GG,TT,AA,CC,AA,GG,CC,CC,GG,CC,GG,TT,AA,CG,GT,GG,CC,CG,AA,AG,CC,AT,CC,AA,AA,CC,CC,CC,TT,AA,GG,AA,AA,AC,AA,AA,AG,AA,AA,TT,GG,AA,GG,CC,AA,TT,AA,AG,GG,GG,GG,GT,NN,AA,GG,TT,TT,AA,TT,GG,GG,AA,2.07,Moderate,High,Poor,Late
L0758,Anantapur,Andhra Pradesh,Kharif,Red Sandy,Rainfed,390,31.0,52,AC,TT,GG,AG,GG,CC,GG,AT,CC,CC,AA,CC,CC,AT,TT,GT,CG,TT,TT,AA,CC,TT,TT,CC,TT,CC,TT,TT,GG,AA,TT,CC,AA,CC,GG,GG,GG,CG,GG,CC,TT,TT,AA,TT,AG,AG,TT,AT,CC,NN,GT,AA,AA,GG,CC,TT,AT,AA,GT,AC,AA,TT,AT,AA,CT,AT,CC,GG,TT,GT,AA,GG,CC,AA,AG,AA,AA,GG,TT,TT,GG,GT,GG,CC,AT,GG,AG,AA,CC,GT,CC,GT,CT,TT,TT,GG,TT,CC,GT,CC,CC,CC,AG,NN,NN,TT,CC,AA,AG,AA,CC,GG,TT,CC,TT,NN,AC,TT,CC,AG,CC,GG,CC,GG,TT,AA,CC,CC,CC,CC,AA,TT,CC,AA,CC,CC,AA,TT,AG,AA,GG,CT,CC,AG,AA,AA,AA,CC,GT,CC,CG,AA,AA,GG,GG,GG,AC,TT,TT,GG,CC,GG,GT,TT,CC,AA,TT,TT,AT,TT,GG,CG,AG,CC,CC,CC,CC,CC,AA,GG,AG,CC,TT,CC,GT,GT,GG,AT,AA,AA,NN,CC,GG,AC,CC,NN,GG,GG,AA,GG,TT,AC,AA,CC,GG,AT,CC,AT,AA,GG,TT,AT,AA,CG,GG,NN,CC,AA,GT,AA,GG,AA,TT,AA,TT,CC,TT,AC,CC,CT,CG,AG,CC,GG,AC,TT,TT,TT,CG,TT,AC,CC,GG,GG,CG,GG,GG,CC,GG,AA,AG,CC,GT,GG,CG,CC,AA,GG,CC,AT,CC,AT,AA,AC,NN,CC,TT,AA,CG,AA,AA,AC,AA,AG,GG,AA,AA,AT,GG,AA,AG,AC,AC,NN,AA,AA,GG,GG,CG,TT,AT,AA,GT,TT,TT,AA,AA,GG,CG,AC,1.37,Resistant,Low,Poor,Medium
L0759,Anantapur,Andhra Pradesh,Kharif,Red Sandy,Rainfed,390,31.0,52,AC,TT,GG,AA,GG,CC,TT,AT,CC,CC,AA,CC,CG,TT,TT,GG,CG,TT,TT,AA,CC,GT,TT,CC,TT,CC,TT,TT,GG,NN,TT,CC,AA,CC,GG,GG,GG,CG,GG,CC,TT,CT,AA,TT,AA,GG,TT,TT,CC,CC,GT,AA,AA,GG,CC,GT,AA,AA,GT,AA,AA,TT,AT,AA,TT,AT,CC,GG,TT,GT,AA,GT,AC,AA,GG,AC,AA,AG,TT,TT,GG,GG,GG,AC,AA,GG,AA,AT,CC,GT,AC,TT,CT,AT,TT,AG,TT,CC,TT,CT,CC,CG,AG,AA,TT,TT,CC,AA,AA,AA,CT,GG,GT,CC,GT,AA,AA,AT,CC,AG,CG,GG,CC,TT,TT,AA,CC,CC,CC,CC,AA,TT,CC,NN,CC,CC,AA,AA,AA,AA,GG,CC,CC,GG,AA,AG,AA,AC,GG,CC,CG,AA,AG,GG,TT,AG,AC,TT,TT,GG,CC,GG,TT,TT,CC,AA,TT,CT,TT,TT,GG,CC,AG,CC,AC,CC,GG,CC,AA,GG,AA,CC,TT,CC,NN,TT,GG,AT,AA,AA,TT,CC,GG,AA,CC,CC,GG,NN,AC,CG,TT,AC,AA,CC,GG,AT,AC,AA,AT,GT,TT,TT,AT,GG,GT,AT,CC,AT,TT,AA,GG,AA,CC,AA,TT,CC,TT,AC,CC,TT,CG,AA,CC,AG,AC,TT,TT,GT,GG,TT,AA,CC,AA,GG,CC,CG,GG,CC,GG,TT,AG,CC,TT,GG,CC,CC,AA,AG,CC,AA,CC,AA,AA,AC,CG,CC,TT,AA,GG,AA,AA,AA,AA,GG,GG,AA,AA,TT,GG,AA,AA,AC,AA,CT,AG,AA,CG,GG,GG,TT,AA,AG,TT,TT,TT,AG,AT,NN,GG,AA,5.78,Moderate,Medium,Premium,Late
L0760,Anantapur,Andhra Pradesh,Kharif,Red Sandy,Rainfed,390,31.0,52,AC,CC,GG,GG,GG,CG,GG,TT,CC,CG,AA,CC,CG,TT,TT,GG,CG,TT,TT,AG,CC,TT,GT,CC,TT,CC,TT,TT,GT,AA,TT,CC,AA,CC,GG,CG,GG,CG,GG,CC,NN,TT,AA,TT,AA,GG,CT,TT,CC,AC,GG,AT,AA,NN,CC,TT,NN,AC,TT,AA,AA,TT,AT,AA,TT,AT,CC,GG,TT,TT,NN,GG,CC,AA,AG,AA,AA,GG,TT,TT,GG,GG,GG,CC,AA,GG,AA,AA,CC,GT,AC,TT,CC,TT,GT,GG,TT,AA,TT,CC,CT,CC,AA,AA,AT,TT,CC,AA,AA,AC,CC,GT,TT,CC,TT,AC,AA,TT,CC,GG,CC,AG,CC,GG,TT,AA,CT,CC,CC,CC,AA,TT,AC,AA,CC,CC,AA,AT,AA,AA,GG,CC,CC,GG,AA,AG,AA,AC,GG,CC,CC,AA,NN,AG,TT,GG,AA,GT,CT,GG,CC,TT,TT,CT,CC,AT,GG,TT,AA,AT,GG,CC,AG,CC,CC,CC,CG,CC,AA,GG,GG,CC,TT,CC,GG,TT,GG,AA,AA,AA,TT,CC,GG,AC,AA,CC,GG,GG,AA,GG,TT,AA,AG,CC,GG,AT,AC,AA,AA,GG,GT,TT,AT,GG,GT,AA,CC,AT,TT,AA,GG,AA,TT,AA,TT,CC,TT,AA,CC,TT,CG,AA,CC,AA,CC,TT,CT,GT,GG,TT,AA,AC,AG,GT,CC,CG,GG,CC,GG,TT,AA,CG,TT,GG,CC,CC,AA,GG,CG,AA,CC,AA,AA,AC,GG,CC,TT,AA,GG,AA,AA,AA,AA,AG,AG,AA,AA,TT,GG,CC,AA,AA,AC,TT,AA,AA,GG,GG,GG,TT,AT,AA,TT,TT,TT,AG,AA,GG,GG,AA,1.19,Susceptible,Medium,Standard,Early
L0761,Anantapur,Andhra Pradesh,Kharif,Red Sandy,Rainfed,390,31.0,52,AC,CT,GG,AG,GG,CC,GG,TT,CC,CC,AT,CC,CC,AT,TT,GT,CG,TT,TT,AG,CG,TT,GT,CC,TT,CC,TT,TT,GG,AA,TT,CC,AA,CC,GG,GG,GG,CC,GG,CC,TT,CT,AA,TT,AA,GG,TT,TT,CC,AA,GG,AA,AG,GG,CT,TT,AA,AC,GG,AA,AA,TT,TT,AA,TT,TT,CC,GG,CT,GG,AG,GG,CC,AA,GG,AC,AA,GG,TT,TT,GG,GG,GG,CC,AT,GG,AA,AA,CC,GT,AC,TT,CT,TT,TT,GG,TT,CC,TT,CC,CC,CC,AG,AA,TT,TT,CG,AA,AA,AA,CC,GG,TT,CG,TT,CC,AA,TT,CC,GG,CG,GG,CT,GG,TT,AG,CC,CC,CC,CC,AA,TT,CC,AA,CC,CC,AA,AT,AA,AT,GG,CC,CG,GG,AA,AG,AT,CC,GG,CG,CC,AA,AG,GG,GT,GG,AA,GT,TT,GG,AC,GT,TT,TT,CG,AA,TT,TT,AA,TT,GG,CC,AG,CT,AC,AC,GG,CC,AA,AG,GG,CC,TT,CC,GG,GT,CG,AT,AA,AA,TT,CC,GG,AA,CC,CC,GG,GG,CC,GG,TT,AC,AA,CC,GG,AT,CC,AA,AT,GT,TT,AT,NN,GG,GT,AT,CG,AT,GG,AA,GG,AG,TT,AA,TT,CC,TT,AC,CC,TT,GG,AA,CC,AG,CC,TT,TT,GT,GG,TT,AA,AC,AA,GG,CC,CG,GG,CC,GG,AT,AA,CG,TT,GG,CC,CC,AT,GG,CG,AA,CC,AA,AA,CC,CG,CC,TT,AA,GG,AA,AA,AA,AA,AG,AG,AG,AA,TT,CG,AA,AA,CC,AA,CC,AA,AA,GG,AG,GG,TT,AA,AA,GT,TT,NN,GG,TT,GG,GG,AA,3.21,Susceptible,High,Standard,Medium
L0762,Anantapur,Andhra Pradesh,Kharif,Red Sandy,Rainfed,390,31.0,52,AC,CT,GG,AA,GG,CC,GT,TT,CC,CC,AA,CC,CC,AT,GT,GG,CG,TT,TT,AA,CC,TT,GT,CT,TT,CC,GT,TT,GT,AC,TT,CC,AA,CC,GG,CG,GG,CC,GG,AC,TT,TT,AA,TT,GG,GG,CC,AT,CC,NN,GG,AT,AG,GG,CT,TT,AA,NN,GG,AC,AA,GT,AT,AG,TT,AA,CC,GG,TT,GT,AA,GG,CC,AA,GG,CC,AA,GG,TT,TT,GG,GG,GG,CC,AA,GG,AA,AT,CC,GG,AC,TT,CC,TT,TT,GG,TT,CC,TT,CC,CT,CC,AG,AA,TT,TT,CG,AA,AG,AA,CT,GG,GT,CC,TT,AA,AA,TT,CC,AA,CC,GG,CC,GT,TT,AG,CC,CC,CC,CC,AA,TT,CC,AA,CC,CC,AA,TT,AA,AA,NN,CC,CC,AG,AA,AG,AA,AC,GT,CC,CC,AA,AG,GG,TT,AG,AA,TT,CT,GG,CC,GT,GT,TT,CG,AA,TT,CT,AT,TT,GG,CC,AA,CT,CC,CC,GG,CC,AA,GG,AG,CC,TT,CG,GG,GT,GG,TT,AA,AA,TT,CC,CG,AA,CC,CC,GG,GG,CC,GG,TT,AA,AA,CC,GG,AT,CC,AA,AA,GG,TT,AT,AT,GG,GT,AT,CC,AT,TT,AA,GG,AA,CT,AA,TT,CC,TT,AC,CC,TT,GG,NN,CC,AG,CC,TT,TT,GT,GG,TT,AC,AC,AA,NN,CC,CG,GG,CC,GG,TT,AG,CC,TT,GG,CC,CC,AA,GG,CC,AA,CC,AT,AA,AA,CC,AC,AT,AA,GG,AA,CC,AC,AA,AG,AG,AG,AA,AT,GG,AC,AG,CC,AC,TT,AA,AA,GG,GG,GG,TT,AA,AG,TT,TT,TT,GG,AT,GG,CC,AA,0.4,Moderate,Medium,Premium,Late
L0763,Anantapur,Andhra Pradesh,Kharif,Red Sandy,Rainfed,390,31.0,52,AA,CT,GG,AG,GG,CC,GT,TT,CC,CC,AA,CT,CC,TT,GT,GG,GG,TT,TT,GG,CC,GT,GT,CC,TT,CC,TT,AT,GG,NN,TT,CC,AA,CC,GG,GG,GG,CC,GG,CC,TT,CT,AA,TT,AA,GG,TT,TT,CC,CC,GG,AA,AA,GG,CT,GT,AA,AA,TT,AA,AA,TT,TT,AG,CT,TT,CC,GG,NN,GT,AG,GG,CC,AA,GG,AC,AT,GG,TT,TT,GG,GG,GG,CC,AA,GG,AG,AA,CC,TT,AC,TT,CT,TT,GG,GG,CT,CC,TT,CC,CC,GG,AA,AG,TT,TT,CC,AA,AA,AA,CC,GG,TT,CC,NN,AA,AA,AT,CG,AG,CC,GG,CC,GG,TT,AG,CC,CG,CC,CC,AA,TT,CC,AA,CC,CT,AA,TT,AA,AA,GG,CC,CC,GG,AA,AG,AA,CC,GG,CC,CG,AA,AA,GG,TT,GG,AC,TT,TT,GG,AC,TT,TT,CT,CC,AT,TT,TT,AA,TT,GG,CC,AA,CC,CC,CC,NN,CC,AA,AA,AG,AC,TT,CC,GG,GT,GG,AT,AA,AG,TT,CC,GG,AA,CC,CC,GG,GG,AC,GG,CT,AA,AA,CC,GT,AT,AC,AA,AT,GT,TT,AT,AA,GG,GG,AA,CC,TT,TT,AA,GG,AA,TT,AC,AT,CG,NN,AA,CC,TT,GG,AA,CG,GG,CC,AT,TT,TT,GG,TT,AA,AC,AG,GG,CC,CC,GG,CC,GG,TT,AG,CC,GT,GG,CC,CC,AA,GG,CC,AA,CC,AT,AA,AA,CG,CC,TT,AA,GG,AA,AA,AC,AA,AG,AA,AA,AA,TT,CC,AA,AA,CC,AA,TT,AG,AA,GG,GG,CG,TT,AA,AG,TT,TT,TT,GG,AT,GG,CG,AA,4.61,Susceptible,Medium,Poor,Early
L0764,Anantapur,Andhra Pradesh,Kharif,Red Sandy,Rainfed,390,31.0,52,AA,TT,GG,AA,GG,CC,GT,TT,CC,GG,AA,CC,CG,TT,GT,GG,CG,TT,TT,AA,CC,TT,NN,CC,TT,CC,GT,TT,GG,AA,TT,CC,AA,CC,GG,GG,GG,CC,GG,CC,TT,NN,AA,TT,AA,GG,TT,TT,CC,CC,GT,AA,AA,GG,CC,TT,AT,AC,GG,AC,AA,TT,TT,AG,TT,TT,CT,GG,TT,GG,AG,GG,NN,AA,AG,AA,AT,GG,TT,TT,GG,GT,GG,CC,AT,GG,AA,AA,CC,GT,CC,TT,CC,TT,TT,GG,TT,CC,GT,CC,CT,CC,GG,AA,TT,TT,CC,AG,AG,AA,CC,GG,TT,CG,TT,AA,AC,TT,GG,AG,CC,GG,CC,GG,TT,AA,CC,CC,CC,CG,AA,TT,CC,AA,CC,TT,AA,TT,AA,AA,GG,CT,CC,GG,AA,AG,AA,CC,GG,CC,CC,AA,AA,GG,GT,GG,AC,TT,CT,AG,NN,TT,TT,TT,CC,AA,GT,TT,AA,TT,CG,CG,AA,CT,CC,CC,GG,CC,AT,GG,AG,CC,TT,CC,GT,TT,GG,TT,AA,AA,TT,AA,GG,AA,CC,CC,GG,GG,CC,GG,TT,NN,AA,CC,GG,AT,CC,AA,AA,GG,GT,TT,AT,GG,GT,AA,CC,AA,NN,AA,GG,AA,CT,AC,TT,CC,TT,AA,CC,CT,GG,AG,CC,AG,CC,TT,NN,TT,GG,TT,AC,AC,AA,GG,CC,CC,GG,CC,GT,AT,GG,CC,TT,GG,CC,CC,AA,GG,CG,AT,CC,AT,AA,CC,CG,AC,TT,AA,GG,AA,AA,AC,AA,AG,AG,AA,AA,TT,GG,AC,AG,AC,AC,TT,AG,AA,GG,GG,GG,TT,AA,AG,TT,TT,TT,GG,TT,GG,GG,AA,2.05,Susceptible,Medium,Poor,Early
L0765,Anantapur,Andhra Pradesh,Kharif,Red Sandy,Rainfed,390,31.0,52,AC,CT,AG,AA,GG,CC,GG,NN,CC,CC,AA,CC,CC,TT,TT,GG,GG,TT,TT,AA,GG,GT,GT,TT,TT,CC,TT,TT,GG,AA,TT,CT,AA,CC,AG,GG,GG,CC,GG,CC,TT,TT,AA,TT,AA,AA,TT,AA,CC,AC,GG,AA,AG,GG,CT,TT,AA,AC,TT,AC,AG,GT,TT,AA,TT,TT,CC,GG,TT,NN,GG,GG,CC,AA,AG,AC,AT,GG,GT,TT,GG,GG,GT,CC,AA,GG,AA,AA,CC,GT,CC,GT,CT,TT,GT,NN,CT,CC,GT,CC,CC,CG,GG,AA,TT,TT,CC,AA,AG,AA,CC,GG,TT,CC,TT,AA,AA,TT,CG,GG,CC,GG,CC,GT,CT,AA,CC,CC,AC,CC,NN,TT,CC,AA,CC,CT,AA,TT,AA,AA,CG,CC,CC,GG,AA,AG,AA,CC,GT,CC,CG,AA,AA,AG,TT,GG,AC,TT,CT,GG,CC,TT,TT,TT,CC,AT,TT,TT,AT,TT,GG,CC,AA,CC,AC,CC,GG,AC,AA,AG,AA,CC,TT,CC,TT,TT,GG,AT,AA,AG,TT,CC,GG,CC,AC,NN,GG,GG,AC,CG,TT,AA,AA,CC,GG,AA,CC,AA,AT,GG,TT,AT,AA,CG,GG,AT,CC,AT,GT,AA,GG,AG,CC,AA,TT,CC,TT,AA,CC,CT,GG,AA,CC,GG,CC,TT,TT,TT,GG,AT,AA,AC,AG,GG,CC,CG,GG,NN,GG,AA,AA,CC,TT,GG,CC,CC,AT,GG,CC,AA,CG,AA,AA,AC,CG,AC,TT,AA,GG,AA,AA,AC,AA,AA,AA,AA,AA,TT,GG,AA,AA,AC,AA,CC,AG,AA,CG,GG,GG,TT,TT,AA,TT,TT,TT,AA,AA,GG,GG,AA,5.84,Susceptible,Low,Poor,Medium
L0766,Anantapur,Andhra Pradesh,Kharif,Red Sandy,Rainfed,390,31.0,52,AC,TT,GG,AG,GG,CC,GT,AT,CG,CG,AA,CC,CG,AT,TT,GT,GG,TT,TT,AA,CC,TT,GT,CC,TT,CC,TT,AT,GG,AA,TT,CT,AA,CC,AG,CG,GG,CC,GG,NN,TT,CT,AA,GT,AA,AG,TT,AT,CC,AC,GG,AA,AG,GG,TT,GT,AA,AA,TT,AA,AA,TT,AT,AA,TT,AT,CC,GG,TT,GG,AG,GG,CC,AA,AA,AA,AA,GG,GT,TT,GG,TT,GT,CC,AA,GG,AA,AA,CC,TT,AC,NN,CC,TT,GT,GG,TT,NN,TT,CC,CC,CC,AG,AA,TT,TT,CG,AA,AG,NN,CT,GG,TT,CC,TT,AA,AC,AT,CG,GG,CC,AG,CC,GT,TT,AG,CT,CC,CC,CC,AA,NN,CC,AA,CC,CC,AA,TT,AA,AA,CG,CC,CC,AG,AA,AA,AA,CC,GG,CC,CC,AA,AG,GG,TT,AG,AC,TT,TT,AG,CC,TT,GT,NN,CC,AT,TT,TT,AA,AT,GG,CC,AG,CT,CC,CC,GG,AC,AA,GG,GG,NN,TT,CC,GT,TT,GG,AT,AA,AA,TT,CC,CG,AA,AC,CC,NN,GG,AC,GG,TT,AC,NN,CC,GG,AA,CC,AA,TT,GG,TT,TT,AA,NN,GG,AA,CC,AT,GT,AA,GG,AA,CT,AA,TT,CC,TT,AA,CC,TT,GG,AG,CC,AG,NN,TT,CT,GT,GG,TT,AA,AC,AG,GT,CC,CG,GG,CG,GG,AT,AA,CG,TT,GG,CC,CC,AA,GG,CG,AA,CC,AA,AA,CC,CC,CC,TT,AA,GG,AA,AA,NN,AA,AG,AG,AA,NN,TT,GG,AA,AG,CC,AA,CT,AA,AA,GG,GG,GG,GT,AA,AA,GG,TT,AT,AA,TT,GG,CG,AC,0.4,Resistant,High,Standard,Late
L0767,Anantapur,Andhra Pradesh,Kharif,Red Sandy,Rainfed,390,31.0,52,AC,CT,GG,AA,GG,CC,GT,TT,CC,CG,AA,CC,CG,TT,GT,GG,GG,TT,TT,AG,CC,GG,TT,CC,TT,CC,TT,AA,GT,AA,CT,CC,AG,CC,GG,GG,GG,CC,GG,AC,TT,CT,AC,GT,AG,GG,TT,NN,CC,AA,GG,AA,AA,GG,CT,TT,AA,AC,GT,AC,AA,TT,AT,AA,TT,AT,CC,GG,TT,GT,AA,GG,CC,AA,GG,AC,AT,GG,GT,TT,GG,GG,GT,CC,AT,GG,AA,AT,CC,GG,AC,GT,CC,TT,GT,GG,TT,CC,GT,CC,CT,NN,GG,AA,TT,TT,CC,AA,AA,AC,CC,GG,TT,CC,TT,AA,AA,TT,CG,GG,CG,GG,CC,GT,CT,AA,CC,CC,CC,GG,AA,TT,CC,AA,CC,CT,AA,TT,AA,AT,GG,CT,CC,GG,AA,AG,AA,CC,GT,CC,CC,AA,AG,GG,TT,GG,AC,TT,CT,GG,AC,GT,GT,CT,CC,TT,TT,TT,AA,TT,CG,NN,AG,CT,CC,CC,CG,CC,AA,GG,AA,CC,TT,CC,GG,TT,GG,TT,AA,AA,TT,AC,GG,CC,CC,CC,GG,GG,NN,CG,TT,AA,AA,CG,GT,AA,CC,AA,AA,GG,GT,TT,AA,GG,GG,AT,CC,TT,GT,AA,GG,AA,TT,AC,TT,CG,CT,AC,AC,TT,GG,AG,CC,AG,CC,TT,TT,TT,CG,TT,AA,CC,AG,GT,CC,CC,GG,CC,GG,TT,AA,CC,TT,GG,CC,CC,AA,AG,CC,AA,CC,AA,AA,CC,CG,AC,TT,AA,GG,AA,AA,CC,AC,GG,AA,AA,AA,TT,GG,AA,AA,CC,NN,TT,AA,AA,GG,GG,GG,TT,AA,AA,TT,TT,TT,AG,NN,GG,GG,AA,2.53,Moderate,Low,Standard,Medium
L0768,Anantapur,Andhra Pradesh,Kharif,Red Sandy,Rainfed,390,31.0,52,AA,TT,GG,AA,GG,CC,GT,TT,CC,CG,AA,CC,CG,AT,TT,GT,GG,TT,TT,AA,CC,TT,GT,CC,TT,CC,TT,TT,GG,AA,TT,CC,AG,CC,GG,GG,GG,CC,GG,CC,TT,TT,AA,TT,AA,GG,TT,TT,CC,AA,GG,AA,AG,CG,NN,TT,AA,AA,GG,AC,AG,TT,TT,AG,TT,TT,CC,GG,TT,GT,AG,GG,CC,AA,GG,AC,AT,GG,TT,TT,GG,GG,GG,CC,AA,GG,AA,AA,CC,TT,AC,TT,NN,TT,TT,AG,CC,CC,GT,CC,CT,CG,AG,AA,TT,TT,CC,AA,AG,AC,TT,GG,TT,NN,TT,AA,AA,TT,NN,AG,CG,AG,CC,GT,TT,AA,CC,CC,CC,CC,AA,TT,AC,AA,CC,CT,AA,TT,AG,AT,GG,CC,CC,GG,AA,AG,AT,AC,GG,CC,CC,AA,AA,GG,TT,GG,AC,TT,CT,GG,AC,GT,GT,TT,CC,AA,NN,TT,AT,TT,GG,CC,AA,CT,CC,CC,CG,AC,AA,GG,AA,CC,TT,CC,GG,GT,CG,TT,AA,AA,TT,CC,CG,AA,CC,CC,GG,NN,CC,CG,CT,AC,AA,CC,NN,AT,AC,AA,AA,GG,TT,TT,AT,GG,TT,AT,CC,TT,GT,AA,GG,AA,TT,AA,TT,CC,TT,CC,CC,CT,GG,AA,CG,AG,CC,TT,CT,GT,GG,TT,AA,AC,AG,GG,CC,CG,GG,CC,GG,TT,AA,CC,TT,GG,CC,CG,AA,GG,CC,AA,CC,AA,AA,AC,CC,CC,AT,AA,GG,AA,AA,AC,AC,AG,AG,GG,AA,AT,GG,AA,AG,AA,AC,TT,AA,AA,GG,GG,GG,TT,AA,AA,GT,TT,TT,AA,NN,GG,GG,AA,5.07,Susceptible,High,Standard,Medium
L0769,Anantapur,Andhra Pradesh,Kharif,Red Sandy,Rainfed,390,31.0,52,AC,TT,AG,AG,GG,CG,GT,TT,CC,CC,AA,CC,CC,TT,TT,GG,GG,TT,NN,AG,CG,GT,TT,CT,AA,CC,TT,TT,GG,AA,TT,CC,AA,CC,GG,CG,GT,GG,GG,CC,TT,CT,AA,GT,AA,AG,NN,AT,CC,AA,GT,AT,AG,GG,CC,TT,AA,AC,GG,AC,AA,GT,TT,AA,CT,TT,CC,GG,TT,GT,AG,GG,CC,AA,GG,AC,AT,GG,TT,TT,GG,GT,GG,CC,AA,GG,AG,AA,CG,NN,AC,TT,CC,AT,GT,GG,TT,CC,TT,CC,CC,CG,GG,AG,TT,TT,CC,AA,GG,AA,CC,GG,TT,CC,GT,AA,AA,TT,CC,AA,CC,GG,CC,GG,TT,AG,CC,CC,CC,CC,AA,GT,CC,AA,CC,CT,AA,TT,AG,AA,GG,CC,CC,GG,AA,GG,AA,AC,GG,CC,CC,AA,AG,GG,TT,GG,AA,TT,CT,GG,AC,TT,GT,TT,CC,AT,GT,TT,AA,AT,CG,CC,AG,TT,CC,AC,GG,AC,AA,AG,AA,CC,TT,CG,GT,TT,CG,TT,AA,AA,TT,AC,CG,AC,AC,CC,GG,GG,AA,GG,TT,AC,AA,CC,GG,AA,AC,AA,AT,GG,GT,AT,TT,GG,TT,AT,CC,TT,GG,AA,GG,AG,TT,AC,TT,CC,TT,AA,CC,CT,GG,AG,CG,AG,CC,TT,TT,GT,GG,TT,NN,AC,AG,GG,CC,CC,GG,CC,GG,AT,AA,CC,TT,GG,CC,CC,AA,GG,CC,AA,CC,AA,AA,AC,GG,CC,TT,AA,CG,AA,AA,AC,AA,AA,AA,AA,AA,TT,GG,AC,AA,CC,AC,TT,AA,AA,GG,GG,GG,TT,AA,AA,TT,TT,TT,AG,TT,GG,GG,AA,0.73,Susceptible,High,Poor,Early
L0770,Anantapur,Andhra Pradesh,Kharif,Red Sandy,Rainfed,390,31.0,52,AA,CT,GG,AA,GG,CG,GT,AA,CC,GG,AT,CT,CG,AT,TT,GG,CG,TT,TT,AA,CC,TT,TT,CC,TT,CT,TT,TT,GG,AA,TT,CC,AA,CC,GG,GG,GG,CC,GG,AC,GT,CC,AC,TT,AG,GG,TT,TT,CC,AC,GT,AA,AA,GG,CT,TT,AT,AA,GG,AC,AA,TT,TT,AA,TT,AT,CC,GG,TT,GG,AA,GT,CC,AA,AG,AA,AT,GG,TT,TT,GG,GG,GG,AC,AT,AG,NN,AA,CC,TT,CC,TT,CT,TT,TT,GG,CT,CC,TT,CC,CC,CG,AA,AA,TT,TT,CC,AA,AG,AA,CT,GG,TT,CC,TT,AC,AA,TT,CC,GG,CG,GG,CC,GG,CT,AA,CC,CC,CC,CC,AA,TT,CC,AA,CC,CC,AA,NN,AA,AA,GG,CT,CC,GG,AA,AA,AA,CC,GT,CC,CG,AA,AG,GG,GT,GG,AC,GG,TT,AG,CC,GT,TT,TT,CC,AA,GT,TT,AA,TT,CC,CC,AA,CC,CC,CC,CG,CC,NN,GG,AG,CC,TT,CG,GG,GT,GG,AT,AA,GG,TT,AC,CG,AA,CC,CC,GG,GG,AA,GG,TT,AA,AA,CC,GG,AA,CC,AA,AA,GG,TT,TT,AA,CG,GT,AT,CG,AT,GT,NN,GG,AA,CT,AA,TT,CC,TT,AC,CC,TT,GG,AG,CC,AA,CC,TT,TT,GT,GG,TT,AA,AA,AA,GG,CC,NN,GG,CC,GG,TT,AA,CC,GT,GG,CC,CC,AA,GG,CC,AA,CG,AA,AA,CC,CG,AA,TT,AA,GG,AA,AA,AA,AA,GG,NN,AG,AA,TT,GG,AA,AG,AC,AA,TT,AA,AA,GG,GG,GG,TT,AA,AA,GT,TT,TT,AA,AA,GG,GG,AA,3.97,Resistant,Low,Standard,Medium
L0771,Anantapur,Andhra Pradesh,Kharif,Red Sandy,Rainfed,390,31.0,52,AC,CT,GG,AG,CG,CC,GG,TT,CC,CG,AA,NN,CG,TT,GT,GG,GG,AT,TT,AA,CC,GT,GT,CC,AT,CC,NN,TT,GG,AA,TT,CT,AA,CC,GG,GG,GG,GG,GG,CC,TT,TT,AA,GT,AA,AG,TT,AT,CC,AC,GT,AA,AA,GG,CC,TT,AA,AA,GT,CC,AA,GT,TT,GG,TT,AT,CC,GT,TT,GG,AA,GG,CC,AA,GG,AC,AT,GG,TT,TT,GG,GG,GG,CC,AT,GG,AA,AA,CC,TT,CC,TT,CC,TT,GT,GG,TT,CC,TT,CT,CC,CG,AG,AA,TT,TT,CC,AA,AG,AA,CT,GG,GT,CC,TT,AA,AA,AT,CC,AG,GG,AG,CC,GG,CT,AA,CC,CC,CC,CC,AA,TT,CC,AA,CC,CT,AA,TT,AA,AA,GG,CC,CG,GG,AA,AA,AA,AC,GG,CC,CC,AA,AA,GG,GT,GG,AA,GT,TT,AG,CC,TT,TT,TT,NN,AA,TT,TT,AT,TT,GG,CC,AA,CT,CC,CC,GG,CC,AA,GG,GG,CC,TT,CC,NN,GT,GG,TT,AA,AA,GT,CC,GG,NN,CC,CC,GG,GG,AC,GG,TT,AC,AA,CC,GG,AA,AC,AA,AT,GT,GT,TT,AT,CG,GG,AA,CC,TT,TT,AA,GG,AA,TT,AC,TT,CC,CC,AA,CC,TT,GG,AG,CC,GG,CC,TT,TT,GT,GG,TT,AA,AC,AA,GG,CC,CG,GG,CC,GG,AT,AA,CG,GT,GG,CG,CC,AA,GG,CC,AA,CC,AA,AA,AC,GG,AA,TT,AA,GG,AA,AC,AA,AA,GG,AA,AA,AA,TT,GG,AA,AA,CC,AA,CT,AA,AG,GG,GG,GG,TT,AA,AA,TT,TT,NN,AG,TT,GG,NN,AA,3.05,Susceptible,Low,Premium,Early
L0772,Anantapur,Andhra Pradesh,Kharif,Red Sandy,Rainfed,390,31.0,52,AC,TT,GG,AG,GG,CC,GG,TT,CC,CG,AA,CC,CC,AT,TT,GG,GG,TT,TT,AG,CG,TT,TT,CT,TT,CC,TT,TT,GG,AA,TT,CC,AA,CC,GG,GG,GG,CG,GG,CC,TT,CT,AA,GG,AG,AA,CT,TT,CC,AC,TT,AA,AA,CG,CC,TT,AA,AA,GT,AC,AG,GT,AA,GG,TT,TT,CT,GG,TT,GG,AA,GG,CC,AA,GG,AA,TT,GG,TT,TT,GG,GG,GT,CC,AA,GG,AA,AT,CG,TT,CC,TT,CT,AT,NN,GG,CT,CC,TT,CT,CC,CG,AG,AA,TT,GT,CC,AA,AG,CC,CT,GG,GT,CC,TT,AA,AA,TT,CG,GG,CC,GG,CC,GT,TT,AA,CC,CC,CC,CC,AA,TT,CC,AA,CC,CT,AA,TT,AA,AA,GG,CT,CC,GG,AA,AA,AA,CC,GT,CC,CC,AG,AA,GG,GT,GG,AA,TT,TT,GG,AC,TT,GT,TT,CG,AA,TT,TT,AA,TT,GG,NN,AG,TT,AC,CC,GG,CC,AA,GG,GG,AC,TT,CC,GG,TT,GG,TT,AA,AA,TT,CC,GG,AC,AC,CC,GG,GG,AC,GG,TT,AA,AA,CC,GG,AA,AC,TT,AA,GG,TT,TT,AT,CC,GT,AA,GG,NN,GT,AA,GG,AA,CT,NN,TT,CG,TT,CC,CC,CT,GG,AA,CC,AA,AC,TT,TT,TT,GG,TT,AC,AC,AA,GG,CC,CG,GG,CC,GG,AT,AA,CC,TT,AG,CC,CC,AA,AG,CC,AA,CC,AA,AA,AC,CG,CC,TT,AA,GG,AA,AA,AC,AA,GG,AG,AA,AA,TT,GG,AC,AG,CC,AA,TT,AG,AA,GG,GG,GG,TT,AA,AG,TT,TT,TT,AA,NN,GG,GG,AA,2.29,Susceptible,High,Poor,Medium
L0773,Anantapur,Andhra Pradesh,Kharif,Red Sandy,Rainfed,390,31.0,52,AC,TT,GG,AA,GG,CC,GG,TT,CC,NN,AA,CT,CC,TT,GG,GG,GG,AT,TT,AG,CC,GT,GG,CC,TT,CC,GT,TT,GT,AC,TT,CC,AG,CC,GG,GG,GG,CC,GG,CC,TT,TT,AA,TT,AG,GG,CT,TT,CC,AA,NN,AA,AG,GG,CC,TT,AA,AC,GT,AA,AA,GT,AT,AA,TT,TT,CC,GG,TT,GG,GG,GG,AC,NN,AG,AC,AA,GG,TT,TT,GG,GG,GG,AC,AA,GG,AA,AT,CC,TT,CC,TT,CC,TT,TT,GG,TT,CC,TT,NN,CC,CC,AG,AA,AT,GT,CC,AA,AG,AA,CT,GG,GT,CC,TT,AA,AA,TT,NN,GG,CG,AG,CT,GG,TT,AG,CC,CC,CC,CC,AA,TT,CC,AA,CC,CC,AA,AT,AA,AA,CG,CC,CC,AG,AA,AG,AA,CC,GT,CC,CG,AA,GG,GG,TT,GG,AC,TT,CC,GG,AC,TT,GT,TT,CG,AT,TT,TT,AT,AT,GG,CC,AA,TT,CC,CC,CG,CC,AA,NN,AG,CC,TT,CC,GT,TT,GG,AT,AA,AA,GT,CC,GG,AA,CC,CC,GG,GG,AC,GG,TT,AA,AA,CC,GG,AT,AC,AA,AT,GG,TT,TT,AT,GG,GG,AA,CG,TT,GT,AA,GG,AA,TT,AA,TT,CC,TT,AA,CC,TT,CG,AG,CC,AG,CC,TT,CT,TT,GG,TT,AA,AC,AA,NN,CC,CG,GG,CC,GG,TT,NN,CC,TT,GG,CC,CG,AA,GG,CC,AT,CC,AA,AA,AA,CG,AC,TT,AA,GG,AA,AA,AA,AC,AG,AG,AG,AA,TT,GG,AA,AA,CC,AA,CT,AA,AA,CG,GG,GG,GT,AT,AA,TT,TT,TT,GG,TT,GG,CC,AA,0.69,Susceptible,High,Premium,Early
L0774,Anantapur,Andhra Pradesh,Kharif,Red Sandy,Rainfed,390,31.0,52,AC,TT,AA,AG,CG,CC,GG,TT,CC,CG,AA,CC,CC,TT,TT,GT,CG,TT,AT,AG,CC,GT,GT,CC,TT,CC,TT,TT,GG,AA,TT,CT,AG,CC,GG,GG,GG,CC,GG,CC,TT,CT,AA,TT,AG,GG,TT,AT,CC,AC,GG,AA,AA,GG,NN,GT,AA,AC,GG,AC,AA,GT,TT,GG,TT,TT,CC,GG,TT,GG,AG,GG,CC,AA,AG,AA,AA,GG,TT,TT,GG,GT,GG,CC,AT,GG,AA,AA,CC,TT,CC,TT,TT,TT,TT,GG,TT,CC,GT,CC,CC,CC,AA,AA,AT,TT,CC,AA,AG,AA,CC,GG,GT,CC,GT,AA,AA,TT,CC,GG,CC,AG,CC,GT,CT,AA,CT,CC,CC,CC,AA,TT,AC,NN,CC,CT,AA,TT,AA,TT,GG,CC,CG,AG,AA,AG,NN,CC,GT,CC,CG,AA,AA,GG,TT,AG,CC,GT,CC,GG,CC,TT,GT,TT,CC,AA,GT,CT,AT,TT,CG,CC,AA,TT,CC,CC,CG,AC,AA,GG,AG,CC,TT,CC,GT,TT,GG,AT,AA,GG,TT,AC,CG,AA,AC,CC,CG,GG,AC,CG,TT,AA,AA,CC,GG,AA,AC,AA,AA,GT,TT,TT,AT,CG,GT,AT,CC,AT,GT,AA,GG,AA,TT,NN,TT,CC,TT,AA,CC,NN,GG,AG,CC,AG,CC,TT,CT,GT,GG,TT,AA,CC,AG,GG,CC,CG,GG,CG,GG,AT,AG,CC,TT,GG,CG,CC,AT,GG,CC,AT,CC,AA,AA,AA,CC,AC,AT,AA,GG,AA,AA,AC,AA,AG,AG,AA,AA,TT,GG,AA,AA,CC,AA,CC,AA,AA,GG,GG,GG,TT,AA,AA,GT,TT,TT,AG,AA,GG,CG,AA,3.36,Susceptible,High,Premium,Late
L0775,Anantapur,Andhra Pradesh,Kharif,Red Sandy,Rainfed,390,31.0,52,AA,CT,GG,AA,CG,CC,GG,TT,CC,CG,AA,CC,GG,TT,TT,GG,GG,TT,TT,AA,CC,TT,GT,CT,TT,CC,TT,TT,GG,AA,TT,CT,AA,CC,AG,GG,GG,CC,GG,CC,TT,CT,AA,GT,GG,AG,TT,AT,CC,AC,GT,AA,AG,GG,TT,GT,AA,AA,GG,AC,AA,GT,AT,AA,TT,AT,CC,GG,TT,GG,AA,GG,CC,AA,GG,AC,AT,GG,TT,TT,GG,GT,GT,CC,AA,GG,AA,AT,CG,GT,CC,TT,CC,TT,GT,AG,CT,CC,GT,CC,CT,NN,AA,AA,TT,GT,CC,GG,AA,AA,CT,GG,TT,CC,TT,AA,AA,TT,CG,AG,CG,GG,CC,GG,TT,AA,CC,CC,AC,CC,AA,TT,CC,AA,CC,CC,AA,TT,AA,AT,CG,CT,CG,GG,AA,AA,AA,CC,GT,CC,CC,AA,AA,AG,GT,AG,AA,TT,CT,AG,AA,GT,NN,TT,CC,AA,GT,TT,AA,TT,GG,CC,AA,CT,CC,CC,CG,CC,AA,GG,AA,CC,TT,CC,GT,TT,CG,AT,AG,AA,NN,CC,GG,AC,NN,CG,GG,GG,AA,GG,TT,AA,AA,CC,GG,AA,CC,AA,AA,GG,TT,TT,AA,GG,GT,AT,GG,AT,GT,AA,GG,AA,TT,AA,TT,CC,TT,AA,AC,TT,GG,AA,CC,AG,CC,TT,CT,TT,GG,NN,AA,AA,AA,GT,CC,CG,GG,CC,GG,AT,AG,CG,TT,GG,CC,CC,AA,GG,CC,AT,CC,AA,AA,CC,CC,AC,TT,AA,CG,AA,AC,AA,AC,GG,AG,AA,AA,TT,GG,AA,AG,AC,AA,CT,AG,AA,GG,GG,CC,TT,AT,AG,TT,TT,TT,AA,AT,GG,GG,AC,2.35,Resistant,Low,Poor,Medium
L0776,Anantapur,Andhra Pradesh,Kharif,Red Sandy,Rainfed,390,31.0,52,AC,TT,AG,AG,GG,CC,GG,AT,CC,CG,AA,CC,CC,TT,TT,GT,GG,TT,TT,AA,CC,TT,TT,CT,TT,CC,TT,AT,GG,AA,TT,CC,NN,CC,GG,GG,GG,CC,GG,NN,TT,CT,AA,TT,AG,GG,TT,TT,CC,AC,GG,AA,AG,GG,CC,TT,AA,AA,GT,AA,AA,GT,AT,AG,TT,TT,CC,GG,TT,TT,AG,GG,CC,AG,GG,AA,AA,GG,TT,TT,GG,GG,GG,CC,AT,GG,AA,AA,CC,GT,CC,TT,CT,TT,TT,GG,CT,AC,TT,CC,CT,CG,GG,AA,TT,TT,CG,AA,AG,AA,CC,GG,TT,CC,TT,AA,AC,TT,CC,GG,CC,GG,CT,GT,CC,AA,CT,CC,AC,CC,AA,TT,CC,AA,CC,CC,AA,TT,AA,AA,GG,CC,CC,GG,AG,AA,AA,CC,GG,CC,CC,AA,AA,GG,TT,GG,AA,TT,CT,GG,CC,TT,GG,CT,CC,AT,GT,TT,AA,AT,GG,NN,AA,CT,CC,AC,CG,CC,AA,GG,AG,CC,TT,CG,TT,GT,GG,TT,AA,AG,TT,CC,GG,AA,CC,NN,GG,AG,AA,GG,TT,AA,AG,CC,GG,AA,CC,AA,AA,GT,TT,TT,AA,GG,GG,AT,CG,TT,GT,AA,GG,AA,CT,AA,AT,CC,TT,AC,AC,TT,GG,GG,CG,AG,AC,TT,TT,GT,GG,TT,AC,CC,AA,GG,CG,CC,GG,CC,GG,TT,AA,CC,TT,GG,CC,CC,AA,AG,CC,AT,CC,AA,AA,AC,CC,CC,AT,AA,NN,AA,AC,AC,AA,GG,AG,AA,AA,TT,GG,AA,AG,AC,AA,CC,AA,AA,CG,GG,GG,TT,AT,AG,TT,TT,TT,AA,AA,GG,GG,CC,3.89,Resistant,Low,Premium,Late
L0777,Anantapur,Andhra Pradesh,Kharif,Red Sandy,Rainfed,390,31.0,52,AC,TT,GG,AA,GG,CC,GT,TT,CC,CC,AA,CT,CC,TT,GT,GG,CG,TT,AT,AA,CC,TT,GT,CC,AT,CC,TT,TT,GT,AC,TT,CC,AA,NN,GG,GG,GG,CC,NN,CC,TT,TT,AA,TT,AA,GG,CT,AT,CC,AC,GT,AA,AA,GG,CT,TT,AT,AA,GG,AA,AA,TT,TT,AA,CT,AT,CC,GG,TT,GT,AG,GG,NN,AA,GG,AC,AA,GG,TT,TT,GG,GT,NN,CC,AT,GG,AA,AA,CC,GT,CC,TT,CT,TT,TT,GG,TT,CC,GT,CC,CC,CG,GG,AA,TT,TT,CC,AG,AG,AA,CT,GG,TT,CC,TT,AA,AA,TT,CC,AA,CC,GG,CC,GG,CT,AA,CC,CC,CC,CC,AA,GT,CC,AC,CC,CC,AA,TT,AG,AA,GG,CC,CC,GG,AG,AA,AA,CC,GG,CC,CC,AA,AG,GG,TT,AG,AC,TT,TT,AG,CC,TT,TT,TT,CG,AT,GT,TT,AA,AT,GG,CC,AG,CC,CC,CC,GG,CC,AT,AG,AG,AC,TT,CG,GG,GT,GG,AA,AA,AA,TT,CC,GG,AC,AC,CC,GG,GG,AA,GG,TT,AA,AA,CC,GT,AT,NN,AA,AT,GT,TT,AT,AA,GG,GT,AA,CC,AT,TT,NN,GG,AA,TT,AA,TT,CC,TT,AC,CC,CT,CG,AG,CC,AA,CC,TT,TT,GG,GG,TT,AA,AA,AG,GG,CC,CC,GG,CC,GG,AT,AA,CG,TT,GG,CG,CC,AA,AG,CG,AA,CC,AA,AA,AC,CG,AC,TT,AA,GG,AA,AA,AA,AA,GG,AA,AA,AA,AT,GG,AA,AG,CC,AC,CT,NN,AA,GG,GG,GG,TT,NN,AA,TT,TT,TT,AG,TT,GG,GG,AA,3.03,Susceptible,Low,Standard,Medium
L0778,Anantapur,Andhra Pradesh,Kharif,Red Sandy,Rainfed,390,31.0,52,AC,TT,GG,GG,CG,CC,GG,TT,CC,CC,AA,CC,CC,AT,TT,GG,CG,TT,TT,AG,CC,GG,GT,NN,TT,CC,GG,TT,GG,AA,CT,CC,AA,CC,GG,CG,GG,CG,GG,CC,TT,TT,AA,GT,AA,AG,TT,AT,CC,CC,GT,NN,AA,GG,CC,TT,AA,AA,GT,AA,AA,TT,AT,AA,TT,TT,CC,GG,TT,GG,AG,GG,CC,AA,GG,AC,TT,GG,TT,TT,AG,GT,GG,CC,AA,AG,AA,AA,CC,GG,CC,TT,CT,TT,TT,GG,TT,CC,GG,CC,CC,CG,AA,AA,AT,TT,CG,AA,AA,AA,CT,GG,TT,NN,TT,AA,AA,TT,CC,AG,CG,GG,CC,GG,TT,AA,CC,CC,CC,CC,AA,TT,CC,AA,CC,CC,AA,TT,AA,AA,GG,CC,CG,GG,AG,AG,AA,CC,GG,CC,CC,AA,AA,GG,TT,AG,AC,TT,CT,GG,AC,GG,GT,TT,CC,AA,TT,TT,AA,TT,GG,NN,AG,CC,CC,CC,GG,CC,AA,GG,AA,CC,TT,CG,TT,GG,GG,AT,AA,AA,TT,CC,GG,AC,CC,CC,GG,GG,AC,CG,TT,AA,AA,CC,GG,AA,AC,AA,AA,GG,TT,AT,AA,GG,GG,TT,CG,AT,GT,AA,GG,AA,CT,AA,TT,CC,TT,AA,CC,TT,CG,AG,CG,GG,AC,TT,CT,TT,GG,TT,AC,CC,AG,GG,CC,CC,GG,CC,GG,TT,AA,CC,TT,GG,CC,CG,AA,GG,CC,AT,CC,AA,AA,CC,CC,AC,TT,AA,GG,AA,AC,AC,AA,AG,NN,AA,AA,TT,GG,AA,AA,CC,AC,TT,AA,AA,GG,GG,GG,GT,NN,AA,TT,TT,TT,AG,NN,GG,GG,AA,2.6,Susceptible,Low,Poor,Early
L0779,Anantapur,Andhra Pradesh,Kharif,Red Sandy,Rainfed,390,31.0,52,AC,TT,GG,AA,GG,CC,GG,TT,CC,CC,AA,CC,CC,AT,GT,GG,GG,TT,TT,AA,CC,GT,GT,CC,TT,CC,TT,AT,GG,AA,TT,CC,AA,CC,AG,GG,GG,CC,GG,CC,TT,CT,AC,TT,AG,GG,TT,AT,CC,AC,GG,TT,AA,GG,CC,TT,AA,AC,GG,AA,AA,TT,TT,AG,TT,TT,CC,GG,CT,GG,AG,GT,CC,AA,GG,AC,AA,GG,TT,TT,GG,GG,GG,CC,AA,AG,AG,AA,CC,TT,CC,TT,CT,TT,TT,GG,TT,CC,GT,CC,CC,NN,GG,AG,TT,NN,CG,AA,AG,AA,CC,GG,TT,CC,TT,AA,AC,NN,CC,GG,CC,GG,CC,GT,TT,GG,TT,CG,CC,CC,AA,TT,CC,AA,CC,CC,AG,AT,AA,AA,CG,CC,CC,GG,AA,AG,NN,CC,GG,CC,CC,AA,AG,GG,TT,GG,AC,NN,CT,GG,AC,GT,TT,TT,CC,AA,GG,TT,AT,TT,CG,CC,AG,CC,CC,CC,CG,CC,AA,GG,AA,CC,TT,CC,GG,TT,GG,AA,AA,AG,TT,CC,GG,AC,CC,CC,GG,AG,AC,GG,TT,AC,AA,CC,GG,AT,CC,AA,AA,GT,GG,AT,AA,GG,GT,NN,CC,TT,GG,AA,GG,AA,TT,AA,TT,CC,TT,AC,CC,TT,CG,AA,CC,AA,CC,TT,TT,GT,GG,AT,AA,AA,AG,GT,CG,CC,GG,CC,GG,AT,AA,CC,GT,GG,CC,CG,TT,GG,CC,AA,CC,AA,AA,CC,CC,CC,TT,AA,GG,AA,AA,CC,AA,AG,AG,AG,AA,AT,GG,AA,AA,AC,AA,TT,AA,AA,GG,GG,GG,TT,AA,AA,TT,TT,TT,AA,TT,GG,NN,AA,4.18,Susceptible,Medium,Standard,Early
L0780,Anantapur,Andhra Pradesh,Kharif,Red Sandy,Rainfed,390,31.0,52,AA,TT,GG,AG,GG,CC,GG,TT,CC,CC,AA,CC,CC,TT,TT,GG,CG,TT,TT,AA,CC,TT,GT,CT,TT,CC,TT,TT,GT,AA,TT,CC,AA,CC,AG,GG,GG,CC,NN,CC,TT,CT,AA,TT,AA,GG,TT,TT,CC,AC,GT,AA,AA,GG,CC,TT,AA,NN,GT,AC,AG,TT,TT,AA,TT,TT,CT,GG,TT,GG,AA,GG,AC,AA,GG,AC,AT,GG,TT,TT,GG,GG,GG,CC,AA,GG,AA,AA,CC,TT,AC,TT,CC,TT,TT,GG,TT,CC,TT,CC,CC,GG,AG,AA,TT,TT,CC,AG,AG,AA,CC,GG,GT,CG,TT,AA,AA,TT,CC,NN,CC,GG,CC,GG,TT,AA,CC,CC,CC,CC,AA,TT,CC,AA,CC,CC,AA,TT,AA,AT,GG,CT,CC,NN,AA,AA,AT,AC,GT,CC,CC,AA,AA,GG,TT,GG,AA,TT,CT,AG,CC,TT,GT,TT,CG,AT,TT,TT,AA,TT,GG,CC,AA,TT,CC,CC,CG,NN,AA,GG,AG,CC,TT,CC,GG,GT,CG,AT,AA,AG,TT,CC,GG,NN,AC,CC,GG,GG,AC,GG,TT,AA,AA,CC,GG,AA,CC,AA,AA,GG,TT,TT,AA,GG,TT,AA,CC,AT,TT,AA,GG,AA,CT,AA,TT,CG,CT,AA,CC,TT,CG,AG,CG,GG,AC,TT,TT,GT,GG,AA,AA,AC,AG,GG,CC,GG,GG,CC,GG,AT,AG,CC,TT,GG,CC,CC,AA,GG,CG,AA,CC,AT,AA,AC,CC,CC,NN,AA,GG,AA,AA,AC,AA,AA,AA,AG,AA,AT,GG,CC,AG,CC,AC,CC,AA,AA,GG,AG,GG,TT,AA,AA,TT,TT,TT,AA,TT,GG,GG,AA,1.56,Susceptible,High,Premium,Early
L0781,Anantapur,Andhra Pradesh,Kharif,Red Sandy,Rainfed,390,31.0,52,AA,TT,GG,AA,GG,CC,GG,AA,CC,CC,AA,CC,CG,TT,GT,GG,GG,TT,TT,AA,CC,TT,GT,CC,TT,CC,TT,TT,GG,AA,CT,CC,AA,CC,GG,GG,GG,CC,GG,CC,TT,CT,AC,TT,AA,AG,CT,AA,CC,AC,GG,AA,AA,GG,CT,GT,AA,AA,GT,AC,AA,TT,AT,GG,NN,TT,CC,GG,TT,GG,AA,GG,CC,AA,GG,CC,AA,GG,TT,TT,GG,GG,GT,CC,AT,GG,AA,AT,CG,TT,CC,TT,CT,TT,TT,GG,TT,CC,GG,CC,CT,CC,AA,AA,AT,TT,CG,AA,AA,AA,CT,GG,TT,CC,TT,AC,AA,TT,CC,GG,CG,GG,CC,GT,CC,AA,CC,CC,CC,CC,NN,TT,CC,AA,CC,CC,AA,TT,AA,AA,GG,CT,CG,GG,AA,AG,AT,CC,GG,CC,CC,AA,AG,GG,TT,AG,AA,TT,CT,GG,CC,TT,TT,CT,CC,AT,TT,TT,AA,TT,GG,CC,NN,CC,CC,CC,CG,CC,AA,GG,AA,CC,TT,CC,GG,GG,GG,AT,AA,AA,TT,CC,GG,AA,CC,CC,CG,GG,AA,GG,TT,AA,AA,CC,GG,AT,CC,AA,AT,GT,TT,TT,AT,GG,GG,AT,GG,TT,GT,AA,GG,AA,TT,AA,TT,CC,TT,AA,CC,CT,CC,AA,CC,GG,CC,TT,TT,GT,GG,TT,AA,CC,AG,GG,CC,GG,GG,CC,GG,AT,AA,CC,GT,GG,CC,CC,AA,GG,CC,AA,CC,AA,AA,AC,CG,AC,TT,AA,GG,AA,AA,AA,AA,NN,AA,AA,AA,TT,GG,AC,AA,AC,AA,CT,GG,AA,GG,GG,GG,TT,TT,AA,GT,TT,TT,AG,TT,GG,CG,AA,5.17,Resistant,Low,Standard,Late
L0782,Anantapur,Andhra Pradesh,Kharif,Red Sandy,Rainfed,390,31.0,52,AA,CT,GG,AA,GG,CC,GT,TT,CC,CC,AA,CC,CC,TT,GT,GT,CG,TT,AT,AG,CC,TT,GT,CC,TT,NN,GT,TT,GG,AA,TT,CC,AA,CC,GG,CG,GG,CG,GG,CC,TT,TT,AA,GT,AG,GG,NN,AT,CC,CC,GG,AA,AA,GG,CC,GT,AA,AA,GT,AC,AA,GT,NN,AA,TT,TT,CC,GG,CT,GG,AA,GG,CC,AA,GG,CC,AA,GG,TT,TT,GG,GT,GG,CC,AT,GG,AA,AA,NN,GT,CC,TT,CC,TT,TT,GG,CT,AC,TT,CC,CC,CG,GG,AA,TT,TT,NN,AA,AA,AC,CC,GG,TT,CC,GG,AA,AA,TT,CC,AG,CC,AG,CC,GT,TT,AA,CC,CC,NN,CG,AA,TT,CC,AA,AC,CC,AA,AT,AA,AT,GG,CC,CC,GG,AG,AA,AA,CC,GG,CC,CC,AA,AA,AG,TT,GG,AA,GT,TT,NN,CC,TT,TT,TT,CG,AA,GG,TT,AT,AT,GG,CC,AG,CT,NN,CC,GG,AC,AA,GG,AA,CC,TT,CC,GT,GT,GG,AT,AA,AA,TT,AC,GG,AA,CC,CC,NN,GG,AA,GG,CT,AA,AA,CC,GG,AA,CC,AA,AT,GG,TT,TT,AT,NN,GT,AA,CC,TT,GT,AT,GG,AA,CT,AA,TT,CC,CC,AC,CC,TT,GG,AA,CC,AG,CC,TT,CC,GT,GG,TT,AA,AC,AA,GG,CC,CC,GG,CG,GG,TT,AG,CC,GT,GG,CC,CC,AA,AG,CC,AA,CC,AA,AA,CC,CC,CC,TT,AA,GG,AA,AA,AA,AA,AG,AA,AG,AA,TT,CG,AA,AG,AC,AA,CT,AA,AA,GG,GG,GG,TT,AT,GG,GT,TT,TT,AG,TT,GG,GG,AA,0.4,Resistant,Medium,Standard,Late
L0783,Anantapur,Andhra Pradesh,Kharif,Red Sandy,Rainfed,390,31.0,52,AA,CT,GG,AG,NN,CC,GG,AT,CC,GG,AA,CC,CG,AT,TT,GG,CG,TT,TT,AA,CC,TT,GT,CC,TT,CC,TT,TT,GG,AA,TT,CC,AA,CC,GG,CG,GG,GG,GG,NN,TT,TT,AA,TT,AA,GG,TT,AT,CC,AC,GT,AA,AA,GG,CC,GT,AA,AA,TT,AA,AA,GT,TT,AA,TT,AT,CC,GG,TT,GG,AG,GG,CC,AA,GG,AA,AA,GG,TT,TT,GG,GG,GG,CC,AA,GG,AA,AA,CC,GT,CC,TT,CT,TT,GT,GG,CT,CC,TT,CC,CC,CG,GG,AA,TT,TT,CC,AA,GG,AA,CT,GT,TT,CC,GT,AA,AA,TT,NN,GG,CC,GG,CT,GT,CT,AG,CT,CC,CC,CC,AA,TT,CC,AA,CC,CC,AA,TT,AA,AA,GG,CC,CC,GG,AG,AG,AA,CC,GG,CC,CC,AA,AG,AG,TT,GG,AA,TT,TT,GG,CC,GT,TT,TT,CG,AT,GT,TT,AT,AT,GG,CC,AG,CT,CC,CC,GG,CC,AA,GG,AG,CC,TT,CG,GG,TT,CG,TT,AA,AA,TT,CC,GG,AA,CC,CC,GG,GG,AA,GG,TT,AA,AA,CC,GG,AT,CC,AA,AT,GT,TT,AT,AT,GG,GT,AA,CG,AT,TT,AA,GG,AA,CT,AA,TT,CC,TT,AC,CC,TT,GG,AG,CC,AA,AA,TT,CT,GT,GG,TT,AC,AC,AA,GG,CC,CG,GG,CG,GG,TT,AA,NN,TT,GG,CC,CC,AA,GG,GG,AA,CC,AA,AA,AA,CC,CC,AT,AA,GG,AA,AC,AA,AA,AG,AA,AG,AA,TT,GG,NN,AG,AA,AA,NN,AA,AA,CG,GG,GG,TT,AA,AG,TT,TT,TT,AA,AT,CG,GG,AA,3.44,Susceptible,High,Standard,Late
L0784,Anantapur,Andhra Pradesh,Kharif,Red Sandy,Rainfed,390,31.0,52,AA,CT,AG,AG,GG,CC,GG,TT,CC,CG,AT,CT,CC,TT,TT,GG,CG,TT,TT,GG,CC,TT,GT,CC,TT,CC,GT,TT,GT,AA,TT,CC,AA,CC,GG,GG,GT,CC,GG,CC,GT,CT,AA,NN,AA,GG,TT,TT,CG,CC,GG,AA,AA,GG,CC,GT,AA,AA,TT,AA,AA,TT,AT,AG,TT,TT,CC,GG,TT,GT,AG,GT,AC,AA,AG,AC,AA,GG,TT,TT,GG,GT,GG,CC,AT,GG,AA,AA,CC,TT,CC,TT,CC,TT,TT,AG,TT,CC,GT,CC,CC,CC,AG,AA,TT,TT,CC,AG,AA,AA,CC,GG,TT,CG,TT,AA,AC,TT,CC,GG,CC,AG,CC,TT,TT,AA,CC,CC,CC,CC,AA,TT,CC,AA,CC,CT,AA,TT,AA,AA,GG,CC,CC,AG,AG,AA,AA,CC,GG,CC,CC,AG,AG,GG,GT,GG,AC,TT,TT,GG,AA,TT,TT,TT,CG,AT,TT,TT,TT,TT,GG,CC,AA,CT,CC,CC,GG,CC,AA,GG,AG,CC,TT,CC,GT,TT,CG,TT,AG,AG,TT,AC,CG,AA,AC,CC,GG,GG,AC,GG,TT,AA,AA,CC,GG,AA,AC,AA,AA,GG,TT,TT,AA,GG,TT,AT,CG,AT,GT,AA,GG,AA,CC,AA,TT,CG,TT,AA,CC,TT,CG,AG,CG,AG,AC,AT,TT,GT,CG,TT,AC,CC,AA,GG,NN,CC,GG,CG,GG,AT,AA,CG,TT,AG,CC,CC,AA,GG,CG,AT,CC,AA,AA,CC,CC,CC,TT,AA,GG,AA,AA,AA,AA,AG,AG,AA,AG,TT,GG,AC,AG,CC,AA,CT,AA,AA,CG,GG,GG,TT,AA,AA,TT,TT,TT,AG,TT,NN,GG,AA,1.29,Resistant,Low,Poor,Late
L0785,Anantapur,Andhra Pradesh,Kharif,Red Sandy,Rainfed,390,31.0,52,CC,TT,AG,GG,GG,CG,GT,AT,CC,CG,AA,CT,CC,TT,TT,GG,GG,NN,TT,AA,CC,GT,TT,CC,AT,CC,TT,TT,GG,AA,NN,CT,AA,CC,GG,CG,GT,CC,GG,CC,TT,TT,AA,TT,AA,GG,TT,TT,CC,CC,GG,AA,AA,GG,CC,TT,NN,AC,GG,AC,NN,GT,AT,AG,CT,TT,CC,GG,TT,GG,AA,GG,CC,AG,GG,AA,AA,GG,TT,TT,GG,GT,GG,CC,AA,GG,AA,AA,CG,GT,CC,TT,CC,TT,TT,GG,TT,CC,TT,CT,CC,CC,AG,AG,AT,TT,CC,AA,AG,AA,CC,GG,GT,CC,TT,AA,AA,TT,NN,GG,CC,GG,CC,GG,TT,AA,CC,CC,AC,CC,AA,TT,AC,AA,CC,CC,AA,TT,AA,AT,GG,CT,CC,GG,AA,GG,AT,CC,GT,CC,CC,AA,NN,GG,TT,GG,AA,GT,TT,AG,AC,GT,TT,TT,CG,AT,TT,TT,AA,TT,GG,CC,AA,CT,AC,CC,GG,CC,AA,GG,AG,CC,TT,CG,GT,TT,CC,AT,NN,AA,GT,CC,GG,AA,CC,CC,GG,GG,AA,GG,TT,AC,AA,CG,GG,AA,AC,AA,AT,GT,TT,AT,AA,CG,GG,AT,CG,TT,TT,AA,GG,AG,CT,AA,TT,CG,TT,AC,CC,TT,GG,AG,CC,AG,AC,TT,TT,TT,GG,TT,AC,CC,AA,GG,CC,CC,GG,CC,GG,AT,AA,CG,TT,GG,CC,CC,AA,AG,CG,AA,CC,AA,AA,CC,CG,CC,TT,AA,GG,AA,AA,AA,AC,GG,AA,AA,AA,TT,GG,AA,AA,AC,AA,CT,AA,AG,CG,GG,GG,GT,AT,AA,TT,TT,TT,AA,TT,GG,GG,AA,1.84,Moderate,Medium,Standard,Early
L0786,Anantapur,Andhra Pradesh,Kharif,Red Sandy,Rainfed,390,31.0,52,AC,TT,GG,AA,GG,CC,GG,AA,CG,CG,AT,CC,CG,TT,GT,GG,CG,TT,TT,AA,CG,TT,GG,CC,TT,CC,TT,TT,GG,AA,TT,CC,AA,AC,GG,GG,GG,GG,GG,CC,TT,CC,AC,TT,AG,AG,TT,TT,CC,AC,GT,AA,AA,GG,CC,GT,AA,AC,GG,AA,NN,TT,AT,AA,TT,TT,CC,GG,TT,GT,AA,GT,CC,AA,AG,AA,AT,GG,TT,TT,GG,GG,GG,CC,AA,GG,AA,AA,CC,TT,CC,TT,CT,AT,NN,GG,TT,CC,GT,CC,CC,CC,GG,AA,TT,TT,CC,AA,AG,CC,TT,GG,GT,CC,GT,AA,AA,TT,CG,AG,CC,GG,CT,GG,CT,AA,CT,CC,NN,CC,AA,TT,CC,AA,CC,CC,AA,AT,AA,AT,GG,TT,CC,GG,AG,AG,AA,CC,GT,CC,CC,AA,AG,GG,GT,GG,AA,TT,TT,GG,AC,GG,TT,TT,CG,AA,GT,TT,AA,TT,GG,CC,AA,CC,CC,CC,GG,CC,AA,GG,AG,CC,TT,CC,GT,TT,GG,TT,AA,AA,TT,CC,CG,AC,AC,CC,GG,GG,AC,GG,TT,AC,AG,CC,GG,AA,CC,AA,NN,GG,TT,AT,NN,GG,GT,AT,CC,TT,GT,AT,GG,AA,TT,AA,TT,CC,TT,AC,CC,TT,CG,GG,CC,AA,AA,TT,CT,TT,GG,TT,AC,CC,AA,GG,CC,CC,GG,CC,GG,AT,AA,CC,TT,GG,CG,CC,AA,GG,CC,AA,CC,AA,AA,CC,CG,AC,AT,AA,GG,AA,AA,AA,AA,GG,AA,AG,AA,AT,CG,AA,GG,CC,AC,CT,AA,AA,CG,GG,GG,TT,AT,AG,TT,TT,TT,AA,TT,GG,CG,AA,3.99,Susceptible,Low,Poor,Early
L0787,Anantapur,Andhra Pradesh,Kharif,Red Sandy,Rainfed,390,31.0,52,AA,TT,GG,AA,GG,NN,GG,TT,CC,CG,AA,CC,CG,TT,GT,GG,GG,TT,TT,AG,CC,GT,TT,CC,TT,CC,GT,AA,GG,AA,TT,TT,AA,AC,GG,GG,GG,GG,GG,CC,TT,CT,AA,TT,AG,AA,TT,TT,CC,CC,GT,AA,AG,GG,CT,TT,AA,AC,TT,CC,AA,TT,TT,AG,CT,TT,CC,GG,TT,GT,AA,GT,CC,AA,AG,AA,AT,GG,TT,TT,GG,GT,GG,CC,AT,GG,AG,AT,CC,GT,CC,TT,CT,TT,TT,GG,TT,CC,GT,CC,TT,CC,GG,AA,AT,TT,CC,AA,AA,AA,CT,GG,TT,CC,TT,AA,AA,TT,CC,GG,CC,GG,CC,GG,TT,AG,CC,CG,CC,NN,AA,TT,CC,AA,CC,CC,AA,TT,AA,AA,GG,CC,CC,GG,AA,AA,AA,CC,GT,CC,CC,AA,AG,AG,TT,GG,CC,TT,CT,GG,AC,GT,TT,TT,CC,AT,GT,TT,AT,AT,GG,CC,AG,CT,CC,CC,GG,CC,AA,GG,AA,CC,TT,CC,GT,GT,GG,AT,AA,AA,TT,AC,GG,AA,CC,CC,GG,GG,AC,GG,CT,NN,AA,CC,GG,AT,AC,AA,TT,TT,TT,TT,AA,CG,GT,AA,GG,AT,GG,AA,GG,AA,CT,AA,TT,CG,TT,AC,CC,TT,GG,AA,CC,GG,CC,AT,CT,GT,GG,TT,AA,CC,AG,GG,CC,CC,GG,CC,GG,AT,AA,CG,TT,GG,CC,CG,AA,AG,CC,AT,CC,AA,AA,AC,CC,CC,TT,AA,GG,AA,AA,AC,AC,GG,AA,AA,AA,AT,GG,AA,AA,AC,AC,TT,AA,AA,GG,GG,GG,TT,AT,AA,TT,TT,TT,AG,AT,GG,CG,AA,0.68,Susceptible,High,Poor,Early
L0788,Anantapur,Andhra Pradesh,Kharif,Red Sandy,Rainfed,390,31.0,52,AA,CT,AG,AA,CG,CC,GT,AA,CC,CC,AA,CC,CG,TT,TT,GG,GG,AT,TT,AA,CC,GG,TT,CC,AT,CC,TT,TT,GG,AC,TT,CC,AA,CC,GG,GG,GG,CG,GG,CC,TT,CT,AA,TT,AG,AA,TT,AT,CC,AC,GG,AA,AA,GG,CT,TT,AA,AC,GT,AC,GG,GT,TT,AA,TT,TT,CC,GT,TT,GG,AA,GG,AC,AA,AG,AC,AA,GG,TT,TT,GG,GT,GG,CC,AA,GG,AA,AT,CC,GT,CC,TT,CC,TT,TT,GG,TT,CC,GT,CC,CC,CC,AA,AA,TT,TT,CC,AG,GG,AA,CC,GG,TT,CG,GT,AA,AA,TT,CC,AG,CC,AG,CC,GG,CT,NN,CT,CC,CC,CC,AA,GT,CC,AA,CC,CC,AG,AT,AA,AT,GG,CC,CC,GG,AA,AA,AA,CC,GG,CC,CC,AA,AA,GG,TT,NN,AC,TT,CT,GG,CC,GT,TT,TT,CC,AT,GT,TT,AA,TT,CG,CC,AG,CT,CC,CC,GG,CC,AA,AG,AG,CC,TT,CG,GG,GG,CG,AT,AA,GG,TT,CC,GG,AC,CC,CC,GG,GG,CC,GG,TT,CC,AA,CC,GG,AA,AA,AA,AA,GG,TT,TT,AA,CG,TT,NN,CC,AT,TT,AA,GG,AA,TT,AC,TT,CC,CT,AA,AC,TT,CG,AG,CC,AG,CC,TT,TT,TT,GG,TT,AA,CC,AG,GG,CC,CG,GG,CC,GG,AT,AA,CC,TT,GG,CC,CG,AA,GG,CC,AA,CG,AA,AA,AA,CG,AC,TT,AA,GG,AA,AA,NN,AA,GG,AG,AA,AA,TT,GG,AA,AA,CC,AA,CT,AA,AA,GG,AG,GG,TT,AA,AA,TT,TT,TT,AA,TT,GG,GG,AC,5.45,Resistant,Medium,Standard,Early
L0789,Anantapur,Andhra Pradesh,Kharif,Red Sandy,Rainfed,390,31.0,52,AA,TT,GG,AA,GG,CC,GG,TT,CC,CG,AA,CC,CC,TT,TT,GG,CG,TT,TT,AA,CG,TT,TT,CC,TT,CC,NN,AT,GG,AA,TT,CT,GG,CC,GG,GG,GG,CG,GG,CC,TT,TT,AA,TT,AG,GG,CT,TT,CC,AC,GG,AA,AA,GG,CC,TT,AA,AC,TT,AA,AA,GT,TT,AA,CT,AT,CC,GG,TT,GG,AG,GG,AC,AA,GG,AC,AT,GG,TT,CC,GG,GT,GG,CC,AT,GG,AA,AA,CC,GG,AC,TT,CC,TT,NN,GG,TT,CC,TT,CC,CC,CC,GG,AA,AT,GT,CC,AA,AA,AA,CC,GT,TT,CC,TT,AA,AA,TT,CC,GG,CC,GG,CC,NN,TT,AA,CT,CC,CC,CC,AG,TT,CC,AA,CC,CC,AA,AT,AA,AA,GG,CC,CC,GG,AA,AG,AA,CC,GG,CC,CC,AA,AA,AG,GT,GG,AC,GT,CT,AG,CC,GT,GT,TT,CC,AA,GT,TT,AA,AT,GG,CC,AA,CC,CC,CC,CG,CC,AA,GG,AA,CC,TT,CG,GT,TT,CG,TT,AA,AA,NN,CC,CG,AA,CC,CC,GG,GG,AA,GG,CT,AC,AA,CC,GT,AT,AA,AT,TT,GG,TT,AT,AA,CG,GG,AA,CC,TT,GT,AA,GG,AA,TT,AC,TT,CC,TT,AC,CC,CT,CG,AA,CG,AG,AC,TT,CC,TT,GG,TT,AA,AC,AA,GG,CC,CC,GG,CC,GG,AT,AA,CC,GT,GG,CC,CG,AT,GG,CG,AA,CC,AA,AA,CC,CG,AC,TT,AA,GG,AA,AA,AA,AA,GG,GG,AA,AA,TT,GG,AA,AG,CC,CC,TT,AA,AA,GG,GG,GG,GT,AA,AA,TT,TT,TT,AA,AT,GG,GG,AA,1.87,Resistant,Medium,Premium,Medium
L0790,Anantapur,Andhra Pradesh,Kharif,Red Sandy,Rainfed,390,31.0,52,AC,TT,AG,GG,CG,CC,GT,AT,CC,CC,AA,CC,CC,TT,GT,GT,CG,TT,TT,AA,CC,TT,TT,CC,TT,CC,TT,AT,GG,AA,TT,CC,AA,CC,AG,GG,GG,CC,GG,CC,TT,TT,AA,TT,AA,AA,CT,TT,CC,AC,GG,AA,AG,GG,CC,TT,AT,AC,GG,AA,AG,GT,TT,AA,TT,TT,CC,GG,TT,GT,AA,GG,CC,AA,GG,AC,AT,GG,TT,TT,GG,GG,GT,CC,AA,GG,AG,AA,CC,TT,CC,TT,CC,TT,TT,AG,TT,CC,GG,CC,CC,CG,AG,AA,AT,GT,CC,AA,AG,AA,CT,GT,TT,CC,TT,AC,AA,TT,CC,AG,CC,GG,CC,GG,TT,AG,CC,CC,CC,NN,AG,TT,CC,AA,CC,CC,AG,AT,AA,AA,GG,CC,CG,GG,AA,AG,AA,CC,GG,CC,CC,AA,AA,GG,TT,GG,CC,GT,CT,GG,CC,GT,TT,TT,CG,AA,TT,TT,AT,TT,GG,CC,AA,CC,AC,CC,GG,CC,AA,GG,GG,CC,TT,CC,TT,GG,CG,AT,AG,AA,TT,AC,GG,AA,CC,CC,GG,GG,AC,GG,TT,AA,AA,CG,GG,AA,CC,AA,AT,GT,TT,TT,AA,CG,GG,AA,CG,TT,TT,AA,GG,AA,TT,AA,TT,CC,CT,AA,AC,TT,CG,AG,CC,AG,AC,TT,CT,TT,GG,TT,AC,CC,AG,GG,CC,CC,GG,CC,GT,AA,AA,CC,TT,GG,CC,CG,AA,GG,CC,AA,CC,AT,AA,CC,CC,CC,TT,AA,GG,AA,AA,AA,AA,GG,AA,AA,AA,TT,GG,AA,AG,AC,AA,CT,AG,AA,GG,GG,GG,GT,AA,AA,TT,TT,TT,GG,AA,GG,GG,NN,3.33,Moderate,Low,Poor,Early
L0791,Anantapur,Andhra Pradesh,Kharif,Red Sandy,Rainfed,390,31.0,52,AA,CT,GG,GG,CG,CC,GT,TT,CC,CG,AA,CT,CG,AT,GT,GG,GG,TT,AT,AA,CC,TT,TT,CC,TT,CC,TT,TT,GG,NN,TT,CC,AA,CC,AG,GG,GG,CG,GG,CC,TT,CC,AA,TT,AA,GG,TT,TT,CC,CC,GG,AA,AA,GG,TT,TT,AA,AC,TT,AC,AA,TT,AT,AA,TT,TT,CC,GG,TT,GT,AG,GG,CC,AA,GG,AA,AA,GG,TT,TT,GG,GG,GT,CC,AA,GG,AA,AT,CC,TT,AC,TT,TT,TT,TT,GG,TT,AC,TT,CC,CC,CC,AG,AA,TT,TT,CC,AA,AA,AA,CC,GG,NN,CG,TT,AA,AA,TT,CC,GG,CC,AG,CC,TT,TT,AG,CC,CC,CC,NN,AA,NN,AC,AA,CC,CC,AA,TT,AA,AT,CG,CC,CC,GG,AG,AG,AA,CC,GG,CC,CC,AA,GG,GG,TT,GG,AA,TT,CT,GG,AC,TT,TT,TT,CG,TT,TT,NN,AA,TT,GG,CG,AG,CT,AC,NN,GG,CC,AA,GG,AA,CC,TT,CC,GG,TT,GG,TT,AA,AA,GT,AC,GG,AC,CC,CC,GG,GG,AA,GG,TT,AA,AG,CG,GG,AA,CC,AT,AT,GG,TT,AT,AA,CG,GT,AA,CC,TT,TT,AA,GG,AA,CT,AA,TT,CC,CT,CC,AC,CT,GG,AG,CC,AG,CC,TT,TT,TT,GG,TT,AA,AC,GG,GG,CG,CC,GG,CC,GG,AA,AA,CC,TT,GG,CC,CC,AA,AG,CC,AT,CC,NN,AG,CC,CG,CC,TT,AA,GG,AA,AA,AC,AA,AG,GG,AA,AA,AT,GG,AA,AA,AC,CC,CT,AA,AA,GG,GG,GG,TT,AA,AA,TT,TT,TT,AG,TT,GG,GG,AA,0.4,Susceptible,Medium,Standard,Late
L0792,Anantapur,Andhra Pradesh,Kharif,Red Sandy,Rainfed,390,31.0,52,AC,TT,AG,GG,GG,CC,GT,TT,CC,NN,AA,CC,CC,TT,TT,GG,CG,TT,AT,AA,CC,TT,GT,CT,TT,CC,TT,TT,GG,AA,TT,CC,AA,NN,GG,CG,GG,CC,GG,CC,TT,CT,AA,TT,AA,NN,TT,AT,CC,CC,GG,AA,AA,GG,CC,GT,AA,AA,TT,AA,AG,TT,TT,AA,TT,AT,CC,GG,TT,GT,AA,GG,CC,AA,GG,AA,AA,AA,GT,TT,GG,GT,GT,CC,AA,GG,AA,AT,CC,GT,CC,TT,CC,TT,GT,GG,TT,CC,TT,CC,CC,CC,AG,AA,TT,TT,CC,AA,AG,AA,CC,GG,TT,CC,GT,AC,AA,TT,CG,AG,NN,GG,CC,GG,TT,AA,NN,CC,CC,CC,AA,GT,CC,AC,CC,CC,AG,AT,AG,AA,GG,CC,CC,GG,AA,AA,AA,CC,GG,CC,CC,AA,AA,GG,TT,GG,AA,GT,TT,GG,CC,TT,GT,TT,CC,TT,TT,TT,AA,TT,NN,CC,NN,CT,CC,AC,CG,CC,AA,GG,AA,CC,TT,CC,GG,GT,GG,AT,AA,AG,TT,CC,GG,AA,CC,CC,GG,GG,AC,GG,TT,AC,NN,CG,GG,AA,CC,AA,AA,GG,TT,TT,AA,GG,TT,AT,CG,TT,TT,AA,AG,AA,CT,AA,TT,CC,CT,AA,CC,CT,GG,AA,CC,AA,CC,AT,TT,GT,GG,TT,AA,AC,AG,GG,CC,CC,GG,CC,GG,AT,AG,CC,TT,AG,CC,CC,AA,AG,CC,AA,CC,AA,AA,CC,CC,CC,TT,AG,GG,AA,AA,AA,AA,AG,AG,AG,AA,TT,GG,AC,AG,CC,AC,TT,AA,AA,GG,GG,GG,GT,AT,AA,TT,TT,TT,AG,AT,GG,GG,AA,4.68,Susceptible,High,Standard,Medium
L0793,Anantapur,Andhra Pradesh,Kharif,Red Sandy,Rainfed,390,31.0,52,AC,CT,GG,AA,GG,CC,GG,TT,CC,GG,AA,CC,CG,TT,GG,GG,GG,TT,TT,AA,CC,GT,GT,CC,TT,CC,TT,AT,NN,AA,CT,CC,AA,AC,GG,CG,GG,CG,GG,CC,TT,TT,AA,TT,AA,GG,TT,TT,CC,AC,GG,TT,AA,GG,CC,TT,AA,AA,GG,AA,AA,TT,AT,AG,TT,NN,CC,GG,TT,GG,AA,GT,CC,AA,GG,CC,AT,GG,TT,TT,GG,GG,GT,CC,AA,GG,AA,AA,CC,GT,AC,NN,CT,TT,TT,GG,CC,CC,TT,CC,CC,CC,AG,AA,TT,TT,CC,AA,AG,AA,CC,GG,TT,CG,TT,AA,AC,TT,CC,GG,CC,GG,CC,GT,CT,AG,CT,CC,CC,CC,AA,TT,CC,AA,CC,CC,AA,AT,AA,AA,GG,CT,CC,GG,AA,AA,AA,CC,GG,CC,CC,AG,AA,GG,TT,AG,AA,TT,CT,GG,AC,TT,GT,TT,CC,AA,TT,TT,AA,AT,GG,CC,AA,TT,CC,CC,GG,CC,AA,GG,AG,CC,GT,CC,GT,TT,GG,TT,AA,NN,TT,CC,GG,AA,CC,NN,GG,GG,AC,GG,TT,AA,AA,CC,GG,AT,AC,AT,AT,GG,TT,AT,AT,GG,GG,AA,CC,AT,TT,AT,GG,AA,TT,AA,TT,CC,TT,AA,CC,TT,GG,AG,CG,AG,CC,TT,CT,GT,GG,TT,NN,NN,AA,GG,CC,CG,GG,CC,GG,AA,AA,CG,GT,GG,CC,CC,AA,GG,CC,AA,CG,AA,AA,AA,CC,AC,TT,AA,GG,AA,AA,AA,AA,AG,AG,AA,AG,AA,CG,AA,AG,CC,AC,CT,AA,AG,GG,GG,NN,GT,AT,AA,TT,TT,TT,AG,NN,GG,GG,AA,3.24,Susceptible,High,Premium,Late
L0794,Anantapur,Andhra Pradesh,Kharif,Red Sandy,Rainfed,390,31.0,52,AA,TT,GG,AG,GG,CC,GT,AT,CG,CC,AT,CC,CC,TT,TT,GG,CG,TT,TT,NN,CC,TT,GG,CC,TT,CC,TT,NN,GG,AA,TT,CC,AA,CC,GG,CG,GG,CG,GG,CC,TT,CC,NN,GT,AG,AG,CT,AT,CC,CC,GG,AA,AA,GG,CC,GG,AA,AA,GG,AA,GG,TT,TT,AA,TT,TT,CC,GG,TT,GT,AA,GT,CC,AA,GG,AC,AT,GG,TT,TT,GG,GG,GG,CC,AA,GG,AA,AT,CC,GT,CC,TT,CC,TT,TT,GG,CT,CC,TT,CT,CT,NN,GG,AG,TT,TT,CG,AA,GG,AA,CT,GG,GT,CC,TT,AA,AA,TT,CC,GG,CG,GG,CC,GG,NN,AG,CC,CG,CC,CC,AA,TT,CC,AA,CC,CC,AA,TT,AA,AT,GG,CC,CC,GG,AG,AA,AT,NN,GG,CC,CG,AA,AA,GG,TT,GG,AA,GT,CT,GG,CC,TT,GT,CT,CC,AA,GG,TT,AA,AT,GG,CC,AA,CC,CC,CC,GG,AC,AA,GG,AG,CC,TT,CC,GG,TT,GG,TT,AG,GG,GT,AC,GG,AC,CC,CC,GG,GG,AC,GG,CT,AA,AA,CC,GG,AT,AC,AT,AA,GG,TT,AT,AT,GG,GG,AA,CC,AA,TT,AA,GG,AA,TT,AA,TT,CC,CT,AA,CC,TT,CG,AG,CC,AG,CC,TT,TT,TT,GG,TT,AC,AA,AA,GG,CC,CC,GG,CC,GG,AT,AA,CC,TT,GG,CC,CC,AT,GG,CG,AA,CC,AA,AA,CC,NN,CC,TT,AA,GG,AA,NN,AC,AA,AG,AG,AA,AA,AA,GG,AC,AG,AC,AA,TT,AA,AA,GG,GG,GG,GT,AA,AG,TT,TT,TT,AA,TT,CG,GG,AA,7.7,Moderate,Low,Standard,Medium
L0795,Anantapur,Andhra Pradesh,Kharif,Red Sandy,Rainfed,390,31.0,52,AC,TT,GG,AG,CG,CC,GT,AT,CC,CG,AA,TT,CC,AT,TT,GT,GG,TT,TT,NN,CC,TT,TT,CC,TT,CT,GT,TT,GG,AC,TT,CC,AA,CC,AG,GG,GG,CC,GG,CC,TT,TT,AA,GT,AA,GG,TT,TT,CC,CC,GG,TT,AG,GG,CC,TT,AA,AA,GT,AC,NN,GT,TT,AA,TT,TT,CC,GG,TT,GG,AA,GG,CC,AA,GG,CC,AA,GG,TT,TT,GG,GT,TT,CC,TT,AG,AA,AA,CC,GT,CC,TT,CT,TT,TT,GG,TT,CC,TT,CT,CC,CG,AG,AA,TT,TT,CC,AA,AG,AA,CC,GG,TT,CC,TT,AA,AA,TT,CC,GG,CG,GG,CT,GG,TT,AA,CT,CC,CC,CC,AA,TT,CC,AA,CC,CT,AA,TT,AA,AA,GG,CT,CC,GG,AA,GG,AA,CC,GG,CC,CG,AA,AA,AG,TT,GG,AA,TT,TT,GG,AC,TT,GT,TT,CC,AA,TT,TT,AT,AT,GG,CG,AA,CC,CC,CC,GG,CC,AA,AG,AG,CC,TT,CC,GG,GT,GG,TT,AA,AA,TT,NN,GG,AA,NN,CC,GG,GG,AA,GG,TT,AA,AA,CC,GG,AT,CC,AT,AA,TT,TT,AT,AT,CG,GG,AA,CC,TT,TT,AA,GG,AA,CT,AA,NN,CC,CT,AA,CC,TT,CG,AA,GG,AG,CC,TT,CT,TT,GG,TT,AA,CC,AG,GT,CC,CG,GG,CC,GG,AT,AG,CC,TT,GG,CC,CC,AA,GG,CC,AT,CG,AA,AG,CC,CC,AC,AT,AG,GG,AA,AA,AC,AA,AG,AA,AA,AA,TT,CG,AA,AG,CC,AA,CT,AA,AA,GG,GG,GG,TT,AA,AA,GT,TT,TT,AA,AT,GG,GG,AA,3.51,Moderate,Medium,Standard,Early
L0796,Anantapur,Andhra Pradesh,Kharif,Red Sandy,Rainfed,390,31.0,52,CC,TT,GG,AA,GG,CG,GG,TT,CC,CC,AA,CC,CG,AT,TT,GG,GG,TT,TT,AA,CC,GT,GT,CT,TT,CC,TT,TT,GG,AA,CT,CC,AA,CC,GG,GG,GG,CC,GG,CC,TT,CT,AA,TT,AA,AG,TT,TT,CC,AC,GG,AA,AG,GG,CC,TT,AA,AC,GT,AC,AG,NN,TT,AA,TT,TT,CC,GG,TT,GG,AG,GG,CC,AA,AG,AA,AA,GG,GT,TT,GG,GT,GT,CC,AA,AG,AA,AA,CC,TT,CC,TT,TT,AT,TT,GG,TT,CC,TT,CC,CT,GG,AG,AA,AT,TT,CC,AA,AG,AA,CC,GG,TT,CC,TT,AA,AA,TT,CC,GG,CC,GG,CC,GT,CT,NN,CC,CC,CC,CC,AG,TT,CC,AA,CC,CT,AA,TT,AA,AA,GG,CC,CC,GG,AA,GG,AA,AC,GG,CC,CC,AA,AG,GG,TT,GG,AC,TT,TT,GG,CC,TT,TT,TT,CC,AT,GT,TT,AA,AT,CG,CC,AA,CT,CC,AC,GG,CC,AA,GG,AG,CC,TT,CC,GT,GT,GG,TT,AA,AA,TT,CC,GG,AA,CC,CC,GG,GG,AA,GG,TT,AC,AA,CC,GG,AT,AA,AA,AT,NN,TT,AT,TT,CG,GT,AA,GG,TT,TT,AA,GG,NN,TT,AA,TT,CC,TT,AA,CC,CT,CG,AG,CG,AG,CC,TT,CT,TT,GG,TT,AA,CC,GG,GG,CC,GG,GG,CC,GG,TT,AA,CC,TT,GG,CC,CC,AA,GG,CC,AA,CG,AA,AA,CC,GG,CC,TT,AA,GG,AA,AA,AA,AA,AA,AA,AA,AA,TT,GG,AA,AG,CC,AA,NN,AA,AA,GG,GG,GG,TT,AA,AG,TT,TT,TT,AA,TT,GG,GG,AA,3.59,Susceptible,Medium,Standard,Early
L0797,Anantapur,Andhra Pradesh,Kharif,Red Sandy,Rainfed,390,31.0,52,NN,TT,AG,AG,GG,GG,GT,AT,CC,CC,NN,CT,CG,TT,TT,GG,CG,TT,TT,AA,CC,TT,TT,CC,TT,CC,TT,TT,GG,AA,TT,CC,AA,CC,GG,GG,GG,CG,GG,CC,TT,TT,AC,GT,AG,AG,TT,TT,CC,CC,GT,AA,AG,GG,CC,TT,AA,AC,GG,AA,AA,GT,NN,AG,TT,AA,CC,GG,TT,GG,NN,GT,CC,AA,GG,AA,AT,GG,TT,TT,GG,GG,GG,CC,AA,AG,AA,AA,CC,TT,AC,TT,CC,NN,GT,AG,TT,CC,GT,CC,CC,CC,NN,NN,TT,TT,CC,AA,AG,AA,CC,GG,GT,CC,TT,AA,AA,TT,CC,GG,CG,GG,CC,GT,TT,AA,CT,CC,CC,CC,AA,TT,CC,AA,CC,CT,AA,AT,AA,AA,GG,CC,CC,GG,AA,AG,AA,CC,GG,CC,CG,AA,AA,AG,TT,GG,AC,GT,TT,GG,CC,GT,NN,CT,GG,AA,GT,CT,AA,TT,GG,CC,AG,TT,CC,CC,CG,CC,AA,GG,AA,CC,TT,CC,GT,TT,NN,AA,AG,AA,TT,AA,GG,AA,CC,CC,GG,GG,AC,GG,TT,AA,AA,CC,GG,AA,CC,AA,AA,GG,TT,AT,TT,CG,GT,AA,CC,TT,GT,AA,GG,AA,TT,AA,TT,CC,TT,AA,CC,TT,GG,AA,GG,AG,CC,TT,CT,GG,GG,TT,AA,CC,AA,GG,CC,CC,NN,CC,GG,TT,AA,CC,TT,GG,CC,CC,AT,GG,CC,AT,CG,AA,AA,AC,CG,CC,TT,AA,GG,AA,AA,AC,AA,NN,AA,AA,AA,TT,GG,AA,AA,AC,AA,CC,GG,AA,GG,GG,GG,TT,AA,AA,GT,TT,TT,GG,TT,GG,GG,AA,5.11,Moderate,High,Poor,Late
L0798,Anantapur,Andhra Pradesh,Kharif,Red Sandy,Rainfed,390,31.0,52,AA,CT,AA,AA,CG,CC,GG,AT,CC,CC,AA,CT,CG,AT,TT,GT,GG,TT,TT,AG,CC,TT,GT,TT,TT,CC,TT,TT,GT,AC,TT,CC,AA,CC,GG,GG,GG,CC,GG,AC,TT,CT,AA,TT,AG,GG,TT,TT,CC,AC,GG,AA,AA,GG,CC,TT,AA,AA,GG,AC,AA,TT,TT,AG,TT,AT,CC,GG,TT,GG,AA,GT,CC,AA,GG,AC,NN,GG,TT,TT,GG,GT,GT,AC,AA,GG,AG,AT,CG,GG,CC,GT,CT,TT,TT,GG,TT,CC,TT,CC,CC,CG,AA,AA,TT,TT,CC,AG,AG,AA,CT,GG,TT,CC,TT,AA,AA,TT,CC,AA,CC,GG,CC,GG,CT,AA,CT,CC,CC,CC,AA,TT,NN,AA,CC,CC,AA,AT,AA,AT,GG,CT,CC,GG,AA,AA,AT,CC,GT,CC,CC,AA,AA,GG,TT,GG,AC,GT,TT,AG,AC,TT,TT,TT,CG,AA,TT,TT,AA,TT,GG,CC,AA,CT,CC,CC,CG,CC,AA,GG,GG,CC,TT,CC,GT,TT,GG,AT,AA,AA,TT,CC,CG,AA,CC,CC,CG,GG,AC,GG,TT,AA,AA,CC,GG,AA,CC,AA,AT,GT,TT,TT,AA,GG,GT,AT,CC,TT,GT,AA,GG,AA,CT,AA,TT,CC,CT,AA,CC,CC,NN,AA,CG,AA,AC,TT,TT,TT,GG,TT,AA,AC,AG,GG,CC,CG,GG,CC,GT,AA,AG,CC,TT,GG,CC,CG,AA,AG,CC,AA,CC,AT,AA,NN,CG,AC,TT,AA,GG,AA,AA,AA,AC,AG,AA,AG,AA,TT,GG,AA,AA,AA,AC,TT,AA,AG,GG,AG,GG,TT,AA,AA,TT,TT,TT,GG,AT,GG,GG,AC,3.56,Resistant,Medium,Standard,Medium
L0799,Anantapur,Andhra Pradesh,Kharif,Red Sandy,Rainfed,390,31.0,52,CC,TT,GG,AA,NN,CC,GT,TT,CC,CC,AA,CC,CG,TT,TT,GG,CG,TT,TT,AG,CC,GG,TT,CC,TT,CC,GT,AA,TT,AA,TT,CC,AA,AC,GG,CG,GG,CG,GG,CC,TT,CC,AA,GT,AA,AG,TT,TT,CC,CC,GG,AT,AA,GG,CC,TT,AT,AA,TT,AC,AA,TT,AA,AG,TT,NN,CC,GG,TT,GT,AA,GG,CC,AA,GG,AC,AT,GG,TT,TT,GG,NN,GG,CC,AT,AG,AA,AA,CC,TT,CC,TT,CT,TT,GT,GG,TT,CC,GT,CT,CC,CG,AG,AA,AT,TT,CC,AG,AA,AA,CT,GT,GT,CC,TT,AA,AA,TT,CC,AG,CC,GG,CC,GG,CT,AG,CC,CC,CC,CC,AA,TT,CC,AA,CC,CT,AA,TT,AA,AA,GG,CC,CC,GG,AA,AA,AA,AC,GG,CC,CC,AA,AA,GG,TT,GG,AC,TT,CT,GG,AC,GG,GT,CT,CC,TT,TT,NN,AA,TT,GG,CC,AA,CC,CC,CC,CG,CC,AA,GG,GG,CC,TT,CC,GG,TT,CG,AT,AG,AA,TT,AC,CG,AC,CC,CC,GG,GG,AC,GG,TT,AA,AA,CC,GT,AT,AC,AA,TT,GT,TT,TT,AA,CG,GG,AA,CC,TT,TT,AA,GG,AA,TT,AA,TT,CC,TT,AC,CC,TT,GG,AG,CC,AG,CC,AT,TT,GT,GG,AT,AA,CC,AA,GG,CC,CC,GG,CC,GG,AT,AA,CC,GT,GG,CC,CC,AT,GG,CG,AA,CC,AA,NN,CC,CG,CC,TT,AA,GG,AA,AA,AC,AA,AA,AA,AA,AA,AT,GG,AA,AA,CC,AA,CC,AA,AA,GG,GG,CG,TT,AA,AA,TT,TT,TT,AA,TT,GG,GG,AA,2.52,Susceptible,Low,Poor,Late
L0800,Anantapur,Andhra Pradesh,Kharif,Red Sandy,Rainfed,390,31.0,52,CC,TT,GG,GG,CG,CG,GG,TT,CC,CG,AA,CC,CC,TT,TT,GG,GG,AT,TT,AA,GG,TT,GT,CC,AT,CC,TT,TT,GG,AA,TT,CC,AA,CC,GG,GG,GG,CG,GG,CC,TT,TT,AC,GT,AA,GG,CT,AT,CC,CC,GG,AT,NN,GG,CC,TT,AA,AA,GG,AC,AA,TT,TT,AA,TT,TT,CC,GG,TT,GG,AG,GG,CC,AA,AG,AA,AA,GG,NN,TT,GG,GT,GT,CC,AA,GG,AG,AA,CC,GT,AC,TT,CC,TT,TT,GG,CT,AC,GT,CC,CC,CC,AG,AA,TT,TT,CG,AA,AG,AA,CC,GG,TT,CC,TT,AA,AA,TT,CG,NN,CC,GG,CC,GG,TT,AA,CC,CC,CC,CC,AG,GT,CC,NN,CC,CC,AA,TT,AA,AA,CG,CC,CC,GG,NN,AG,AA,AC,GG,CC,CC,AG,AG,GG,TT,NN,AA,TT,NN,AG,CC,GT,GT,TT,CC,AA,GT,TT,AA,TT,GG,CC,AG,CT,CC,CC,CG,CC,AA,GG,GG,CC,TT,CG,GG,TT,CG,TT,AA,AG,TT,AC,GG,AC,CC,CC,GG,GG,AA,GG,CT,AC,AA,CC,GT,AA,NN,AA,AT,GT,GT,AT,AA,GG,GG,AA,CC,TT,TT,AA,GG,AA,TT,AA,TT,CC,TT,AA,AC,CT,GG,AA,CC,AA,CC,TT,CT,GT,GG,TT,AC,AC,AA,GG,CC,CG,GG,CC,GG,TT,AG,CC,TT,GG,CC,CG,TT,GG,CC,AA,CG,AA,AA,AC,CC,CC,TT,AA,GG,AA,AA,AC,AA,AA,AG,AG,AA,TT,GG,AA,AG,CC,AA,TT,AG,AG,GG,GG,GG,TT,AA,AG,TT,TT,TT,AG,TT,GG,CG,AA,3.85,Susceptible,Medium,Premium,Early
L0801,Anantapur,Andhra Pradesh,Kharif,Red Sandy,Rainfed,390,31.0,52,AC,CT,GG,AA,GG,CC,GG,TT,CC,CC,AT,CC,CG,AT,TT,GG,CG,TT,TT,AA,CC,TT,GT,CC,TT,CC,TT,TT,GG,AA,TT,CC,AA,CC,GG,CG,GG,CC,GG,CC,TT,TT,NN,TT,AA,GG,TT,TT,CC,AA,GT,AA,AA,CG,CT,GT,AT,AA,TT,AA,AA,GT,AT,NN,TT,AT,CC,GG,TT,GT,GG,GG,CC,AA,AG,AC,AT,GG,TT,TT,GG,GG,GG,CC,AA,GG,AA,AA,CC,TT,CC,TT,CT,TT,GT,GG,TT,CC,TT,NN,CC,CC,AA,AA,AT,TT,CC,AG,GG,AC,CT,GG,TT,CG,GT,AC,AA,TT,CC,GG,CC,GG,NN,GT,TT,AA,CT,CC,CC,CC,AA,TT,CC,AA,CC,CC,AA,TT,AA,AA,GG,CT,CC,NN,AA,AG,AA,CC,GT,CC,CC,AA,AG,AG,TT,GG,AA,TT,TT,GG,AC,TT,GT,TT,CG,AA,TT,CT,AA,NN,GG,CC,GG,CC,CC,CC,GG,CC,AA,AG,AG,CC,TT,CG,GG,GG,GG,TT,AA,NN,TT,AA,GG,AA,AC,CC,GG,AG,AA,GG,TT,AA,AA,CC,GT,AT,AC,AA,AA,GG,TT,AT,AT,GG,GG,AT,CC,TT,TT,AA,GG,AA,CT,AA,TT,CG,TT,AA,CC,CT,CG,AG,CG,AA,AA,TT,TT,TT,GG,TT,AA,AC,AA,GG,CC,CG,GG,CC,GG,TT,AA,CG,GT,GG,CC,CG,AA,GG,CC,AA,CC,AA,AA,CC,NN,CC,TT,AG,GG,AA,AA,AC,AA,AG,AA,AG,AA,TT,GG,AC,AG,AC,AA,CT,AA,AA,GG,GG,CG,TT,AA,AG,NN,TT,TT,AG,TT,GG,CG,AA,3.33,Susceptible,Low,Standard,Late
L0802,Anantapur,Andhra Pradesh,Kharif,Red Sandy,Rainfed,390,31.0,52,AC,TT,GG,GG,GG,CC,GG,TT,CC,CC,AA,CC,GG,AT,TT,GT,GG,TT,TT,AA,CC,TT,TT,CC,TT,CC,TT,TT,GG,AA,TT,CC,AA,CC,GG,GG,GG,CC,GG,AC,TT,CT,AA,GT,AA,GG,TT,AT,CC,AC,GG,AA,AG,GG,CC,TT,AT,AC,GG,AA,AG,TT,TT,AA,CT,TT,CC,GT,TT,GG,AA,GG,CC,AA,AG,AC,AA,GG,TT,TT,GG,GG,GT,CC,AA,AG,AA,AA,CC,TT,CC,TT,CT,TT,TT,GG,CT,CC,TT,CC,CC,CC,AA,AG,TT,TT,CC,AA,AA,AA,CC,GG,TT,CG,TT,AC,AC,TT,CC,AG,CC,GG,CC,GG,NN,AA,CC,CC,AC,CC,AA,TT,CC,AA,CC,CT,AA,TT,AA,AA,GG,CC,CC,GG,AA,AA,AA,CC,GG,CC,CC,AA,AA,GG,TT,GG,AA,TT,CT,AG,AC,GG,TT,CT,CC,AA,GT,TT,AA,TT,CG,CG,NN,CC,CC,CC,GG,CC,AA,GG,AA,CC,TT,CG,GT,GT,GG,AT,AA,AA,TT,CC,GG,AC,CC,CC,GG,GG,AC,GG,TT,AA,AA,CC,GG,AA,AC,AA,TT,GT,TT,TT,AA,GG,GT,AA,CC,TT,TT,AA,GG,AA,TT,AC,TT,CC,CT,AC,CC,CT,GG,AA,GG,GG,CC,AT,TT,GT,GG,TT,AA,AC,AA,GG,CC,CG,GG,CC,GG,TT,GG,CG,GG,GG,CC,CC,AA,GG,CG,AT,CC,AA,AA,CC,CC,AC,TT,AA,GG,AA,AC,AC,AA,AG,AG,AA,AA,TT,GG,AA,AA,CC,AA,TT,AA,AA,GG,GG,GG,TT,AT,AA,TT,NN,TT,AG,TT,GG,CG,AA,3.35,Susceptible,Low,Standard,Early
L0803,Anantapur,Andhra Pradesh,Kharif,Red Sandy,Rainfed,390,31.0,52,AA,CT,GG,AA,GG,CC,GT,TT,CC,GG,AA,CC,CC,TT,GT,GT,CG,TT,TT,AA,CC,TT,TT,CT,AT,CC,GT,TT,GT,AA,TT,CT,AA,CC,GG,GG,GG,CC,NN,CC,TT,TT,CC,TT,AG,AG,TT,AT,CC,CC,GT,AA,AA,GG,CC,GT,AA,AA,TT,AC,AA,TT,AT,AG,TT,AT,CC,GG,TT,GG,AG,GG,CC,AA,AG,AA,AT,GG,TT,TT,GG,GG,GT,CC,TT,GG,AG,AA,CG,GT,CC,GT,CC,TT,TT,GG,TT,AC,GT,CC,CT,CC,GG,AA,TT,TT,CC,AA,AA,AA,CC,GG,TT,CC,GT,AA,AA,TT,CC,GG,CC,AG,CC,GG,CT,GG,CC,CC,CC,CC,AA,NN,CC,AA,CC,CC,AA,TT,AA,AA,GG,CC,CC,GG,AA,AA,AA,CC,GG,CC,CC,AG,AA,AG,TT,GG,AA,GT,CT,GG,AA,GT,TT,CT,CC,AA,GT,TT,AA,TT,GG,CC,AA,TT,CC,CC,GG,CC,AT,GG,AG,CC,TT,CC,GG,TT,CG,TT,AA,AA,GT,CC,GG,AA,CC,CC,GG,GG,CC,CG,TT,AC,AG,CC,GG,AA,CC,AA,AA,GT,TT,AT,AT,GG,GG,AA,CG,TT,TT,AA,GG,AA,TT,AA,TT,NN,TT,AA,CC,TT,CC,GG,CG,GG,CC,TT,CC,GG,GG,TT,AA,CC,AA,GG,CC,CC,GG,CC,GG,TT,AG,CG,TT,GG,CC,CC,AA,GG,CC,AA,GG,AA,AA,AC,CC,AA,TT,AA,NN,AA,AC,AA,AA,AG,AA,AA,AA,AT,GG,AA,AA,CC,AA,TT,AA,AA,GG,GG,GG,GT,AA,AA,NN,TT,TT,AG,TT,GG,GG,AA,1.75,Moderate,Medium,Poor,Medium
L0804,Anantapur,Andhra Pradesh,Kharif,Red Sandy,Rainfed,390,31.0,52,AC,TT,AG,AA,GG,CC,GG,AA,CC,CG,AA,CC,CC,TT,GG,NN,CG,TT,TT,AG,CC,TT,GT,CC,TT,CC,TT,TT,GG,AA,TT,CT,AA,CC,GG,GG,GG,CC,GG,CC,TT,CT,AA,GT,AA,GG,TT,AT,CG,CC,GG,AT,AA,GG,CC,TT,AA,AA,GG,AA,AA,GT,TT,AA,TT,TT,CC,GG,TT,GG,AA,GG,CC,AA,AG,AA,AA,GG,TT,TT,GG,GG,GT,CC,AA,GG,AA,AA,CC,GT,CC,TT,CC,AT,GT,GG,CT,CC,GG,CC,TT,CG,AG,AA,AT,GT,CG,AG,AA,AA,CC,GG,TT,CC,GG,AA,AA,TT,CC,AG,CC,GG,CC,GT,TT,AG,CT,CC,CC,CC,AA,TT,AC,AC,CC,CT,AA,TT,GG,AA,CG,CC,CC,GG,AA,GG,AA,CC,GG,CC,CC,AA,AA,GG,TT,AG,AA,TT,CT,GG,CC,GT,GT,CT,CC,AT,TT,TT,AA,AT,CG,CC,AG,CT,CC,CC,GG,CC,AA,GG,GG,CC,TT,CC,GT,GT,GG,AA,AA,AA,TT,CC,GG,AA,AC,CC,GG,GG,AA,GG,TT,AA,AA,CC,GG,AA,CC,AA,AT,GG,TT,TT,AT,GG,TT,AT,CC,TT,GT,AA,AG,AA,TT,AA,TT,CC,NN,AA,CC,CC,GG,AG,CC,AG,CC,TT,TT,GT,GG,TT,AA,AC,AA,GG,CC,CG,GG,CC,GG,AT,AA,CG,GT,GG,CC,CG,AA,GG,CC,TT,CG,AT,AA,CC,CG,CC,TT,AA,GG,AA,AC,AC,AA,GG,AA,AA,AA,AT,GG,AC,GG,CC,CC,CT,AA,AA,CG,AG,GG,TT,AA,AA,TT,TT,TT,AG,TT,GG,GG,AA,2.52,Susceptible,Low,Premium,Late
L0805,Anantapur,Andhra Pradesh,Kharif,Red Sandy,Rainfed,390,31.0,52,AC,CT,AG,AA,GG,CC,GG,TT,CC,CG,AA,CT,CG,TT,TT,GG,GG,TT,TT,AA,CC,GT,TT,CT,TT,CC,TT,TT,GG,AA,CT,CC,AA,CC,GG,CG,GG,CC,GG,CC,TT,CT,AA,TT,AA,AG,TT,AT,CC,AC,GG,AA,AG,CG,NN,TT,AA,AA,GG,AC,GG,TT,AT,AG,TT,TT,CC,GG,TT,GG,AA,GG,AC,AA,AG,CC,AA,GG,TT,TT,GG,TT,NN,CC,AA,GG,AA,AA,CC,TT,CC,TT,CT,TT,TT,GG,CT,NN,GT,CC,CC,CC,AG,AA,TT,TT,CG,AA,GG,AA,CT,GG,TT,CG,TT,AA,AA,TT,CC,AG,CC,GG,CC,GT,CT,AG,CC,CC,CC,CC,AA,TT,CC,AA,CC,CC,AA,TT,AA,AA,GG,CC,CC,GG,AG,AA,AA,CC,GG,CC,CC,AA,AA,AG,TT,GG,NN,TT,TT,GG,CC,TT,GG,TT,CG,AA,GT,TT,NN,TT,CG,CC,AA,CT,CC,CC,GG,CC,AA,GG,AA,CC,TT,CC,GT,TT,GG,TT,AA,AA,TT,CC,GG,AA,CC,CC,CG,GG,AC,GG,TT,AC,AA,CC,GG,AA,CC,AA,AA,GT,GG,TT,TT,GG,TT,AT,CC,AT,TT,AA,GG,AA,CT,AA,NN,CC,TT,AC,AC,TT,GG,AA,GG,AG,CC,TT,CT,GT,GG,AA,AC,AA,AG,GG,CC,CG,GG,CC,GG,AA,AA,CC,GG,GG,CC,CC,AA,GG,CC,AA,CC,AA,AA,CC,CC,AC,TT,AA,GG,NN,AA,AC,AA,GG,AG,AA,AA,AT,GG,AA,AG,AC,CC,CC,AG,AA,GG,AG,GG,TT,AT,AA,TT,TT,TT,AA,AT,CG,GG,AA,2.13,Susceptible,Medium,Premium,Early
L0806,Anantapur,Andhra Pradesh,Kharif,Red Sandy,Rainfed,390,31.0,52,AA,TT,GG,AA,CG,CC,GG,AT,CC,CG,AA,CT,CC,TT,GT,GG,GG,TT,AT,AA,CC,TT,GT,TT,TT,CC,TT,TT,GG,AA,TT,CC,AA,CC,GG,NN,GG,CG,GG,CC,TT,TT,AA,TT,AG,GG,TT,TT,CC,AC,GG,AT,AA,GG,CC,GT,AA,NN,GT,AC,AG,TT,AT,AG,TT,TT,CC,GG,TT,GT,AA,GG,CC,AA,GG,AA,AT,GG,TT,TT,GG,GT,GG,CC,AA,GG,AA,AT,NN,GT,CC,TT,CC,TT,GT,GG,TT,CC,TT,CC,CC,CC,AG,AG,TT,TT,CC,AG,AA,AA,CC,GG,TT,CG,TT,AC,AA,TT,CC,GG,CC,GG,CC,GG,CC,AA,CC,CC,AC,CC,AA,TT,CC,AA,CC,CC,AA,TT,AA,AA,GG,CC,CG,GG,AG,AG,AT,CC,GG,CC,CC,AA,GG,GG,TT,GG,NN,TT,TT,GG,CC,TT,TT,TT,CC,AT,TT,TT,AA,AT,GG,CG,AG,CT,CC,CC,GG,CC,AA,GG,AG,CC,TT,CC,GG,TT,GG,TT,AA,GG,TT,CC,GG,AC,AA,CC,GG,GG,CC,NN,TT,AA,AG,CC,GT,AA,CC,AA,AA,TT,TT,TT,AT,CG,GT,AA,CC,AT,GT,AA,GG,AA,TT,AA,TT,CC,CT,CC,AC,TT,GG,AA,CG,AG,CC,TT,TT,GT,GG,AT,AA,CC,AA,NN,CC,CG,GG,CC,GG,TT,AA,CC,TT,GG,CC,CG,AA,AG,CC,AA,CG,AA,AA,AC,CG,CC,TT,AA,GG,AA,AA,AA,AA,GG,AG,AA,AA,TT,GG,AC,AA,AA,AA,TT,AG,AG,GG,GG,GG,TT,AA,AA,GT,TT,TT,AA,AT,GG,GG,AA,2.59,Moderate,Low,Standard,Early
L0807,Anantapur,Andhra Pradesh,Kharif,Red Sandy,Rainfed,390,31.0,52,AC,TT,GG,AG,GG,CC,GT,TT,CC,CG,AA,CC,CG,AT,TT,GT,CG,TT,TT,AA,CC,TT,GT,CT,TT,CC,TT,TT,GG,AA,CT,CC,AG,AC,GG,GG,GT,CC,GG,CC,TT,CC,AA,GT,AA,AG,TT,TT,CC,AC,GT,AA,AG,GG,CC,GT,AA,AC,GG,AA,AG,TT,TT,AA,CT,TT,CC,GG,TT,GG,AA,GG,CC,NN,GG,AC,AT,GG,GT,TT,GG,GG,NN,CC,AA,GG,AA,AA,CG,GG,CC,TT,CT,AT,TT,GG,CT,CC,TT,CC,CT,CG,GG,AA,TT,TT,CC,AA,GG,AC,CC,GG,TT,CC,GT,AA,AA,TT,CG,AA,CC,AG,CC,NN,CT,AA,CT,CC,CC,CC,AA,TT,CC,AA,CC,CC,AA,AT,AA,AA,CG,CT,CC,GG,AG,AG,AA,CC,GG,CC,NN,AA,AA,GG,TT,GG,AA,TT,TT,AG,CC,TT,TT,TT,CG,AA,TT,TT,AA,TT,GG,CC,AG,CT,CC,AC,GG,CC,AA,AG,AG,CC,TT,CC,GT,TT,CG,AA,AA,AG,TT,CC,CG,AA,AC,CG,GG,GG,AA,GG,TT,AA,AG,GG,GG,AA,CC,AT,TT,GT,TT,AT,AT,GG,GT,AA,CG,TT,GT,AA,GG,AA,TT,AC,TT,CC,TT,AA,NN,CT,GG,AA,CG,AG,CC,AT,TT,GT,GG,TT,AA,CC,AA,GG,CC,CG,GG,CC,GG,AT,AA,CC,TT,GG,CG,CC,AA,GG,CG,AT,CG,AA,NN,CC,CG,CC,AT,AA,GG,AA,AA,AA,AA,GG,AG,AG,AA,TT,GG,AA,AG,CC,CC,CT,AG,AA,GG,AA,GG,TT,AA,AA,TT,TT,TT,AG,TT,GG,CG,AA,5.56,Susceptible,Medium,Standard,Medium
L0808,Anantapur,Andhra Pradesh,Kharif,Red Sandy,Rainfed,390,31.0,52,CC,TT,GG,AA,GG,CC,GG,TT,CC,CG,AA,CC,NN,TT,TT,GG,CG,TT,TT,AA,CC,TT,GT,CC,TT,CC,TT,NN,GG,AA,CT,CC,AA,CC,GG,GG,GG,CG,GG,CC,TT,CT,AA,GG,AG,GG,TT,TT,CC,CC,GT,AA,GG,GG,CT,TT,AT,AA,GG,AA,AA,GT,TT,AG,TT,AA,CC,GG,TT,GG,AA,GT,CC,AA,AG,AA,AA,GG,TT,TT,GG,TT,GT,CC,AA,GG,AA,AT,CG,TT,CC,TT,CC,TT,TT,GG,TT,CC,TT,CC,CT,CC,AG,AG,AT,TT,CC,AA,GG,AC,CC,GG,TT,CG,TT,AA,AC,TT,CC,AG,CC,GG,CC,GT,CT,AA,CC,CC,AC,CC,AA,TT,CC,AA,CC,CC,AA,TT,NN,AT,GG,CT,CG,GG,AA,AA,AA,CC,GG,CC,CC,AA,AG,GG,GT,GG,AC,TT,CT,GG,CC,GT,TT,TT,CC,AA,GT,TT,AA,TT,CG,CC,AG,CC,CC,CC,GG,CC,AA,GG,AG,CC,TT,CG,GT,TT,GG,AA,AA,AA,TT,CC,GG,AA,CC,CG,GG,GG,AC,GG,TT,AA,AA,CC,GG,AA,AC,AA,AT,GG,TT,TT,AT,CG,GT,AA,CC,TT,GT,AA,GG,AA,TT,AA,TT,CC,TT,AC,CC,TT,GG,AG,CC,GG,CC,TT,CC,TT,GG,TT,AA,AC,AG,GG,CC,CC,GG,CC,GG,AT,AG,CG,GT,GG,CC,CC,AA,GG,CC,AA,CC,AA,AA,CC,CC,CC,TT,AG,GG,AA,AA,AC,AC,AG,NN,AA,AA,AA,GG,AC,AG,AC,AC,TT,NN,AG,GG,GG,GG,TT,AA,AG,TT,TT,AT,AG,TT,NN,GG,AA,3.65,Susceptible,Medium,Standard,Late
L0809,Anantapur,Andhra Pradesh,Kharif,Red Sandy,Rainfed,390,31.0,52,AC,TT,GG,AG,CG,CC,GG,TT,CC,CG,AT,CC,CG,AA,TT,GG,GG,AT,AT,AG,CC,TT,GG,CT,TT,CC,TT,TT,GG,AA,TT,NN,AA,CC,GG,CG,GG,CC,GG,AC,TT,TT,AA,TT,AA,NN,TT,TT,CC,AA,GG,AT,AA,GG,CC,TT,AA,AA,GT,AA,AG,TT,TT,AG,TT,TT,CC,GG,TT,GG,AA,GG,NN,AA,AG,CC,AA,GG,GT,TT,GG,GT,GG,CC,AA,GG,AG,AT,CC,GT,AC,TT,CT,TT,TT,AG,TT,CC,GT,CC,CC,CC,AG,AG,TT,TT,CC,AA,AG,AA,TT,GG,TT,CC,TT,AA,AA,TT,CC,GG,CC,AG,CC,GT,CT,AG,CT,CC,CC,CC,AA,GT,CC,AA,CC,CT,AA,TT,AA,AA,CG,CC,CC,GG,AA,AA,AA,AC,GG,CC,CC,AA,AG,GG,TT,AG,AC,TT,TT,GG,AC,TT,TT,CT,CC,AA,TT,TT,AA,TT,CG,CC,AA,CC,CC,CC,CG,CC,AA,GG,AG,CC,TT,CC,GG,GT,GG,TT,AA,AA,TT,CC,GG,AC,CC,CG,GG,GG,AA,GG,TT,AC,AA,CC,GT,AA,CC,AA,TT,GG,TT,AT,AA,CG,GT,AA,CC,AT,GT,AA,GG,AA,CT,AA,AT,CC,TT,AA,CC,TT,GG,AG,CC,NN,CC,TT,CC,GT,GG,TT,AA,AC,AA,GG,CC,CG,GG,CC,GG,AT,AA,CC,GT,GG,CC,CC,AA,AA,CG,AT,NN,AA,AG,AC,CC,AC,TT,AA,GG,AA,AA,AA,AA,AG,AG,AA,AG,TT,GG,AA,AG,AA,NN,TT,AA,AA,GG,GG,GG,TT,AA,AA,GT,TT,TT,AG,AT,GG,GG,AA,4.15,Susceptible,Medium,Premium,Medium
L0810,Anantapur,Andhra Pradesh,Kharif,Red Sandy,Rainfed,390,31.0,52,AA,TT,GG,GG,GG,CC,GT,TT,CC,GG,AA,CC,CG,TT,TT,GG,CG,TT,TT,AA,CC,GT,TT,CC,TT,CC,TT,TT,GG,AA,TT,CT,AA,CC,GG,GG,GG,CG,GG,CC,TT,CT,AC,TT,AA,GG,TT,TT,CC,AA,TT,AA,AG,GG,CC,TT,AA,CC,GT,AC,AA,TT,AT,AA,TT,AT,CC,GG,TT,GG,AG,GG,CC,AA,GG,AC,AT,GG,TT,TT,GG,GG,GG,CC,AA,GG,AA,AA,CC,TT,CC,NN,CC,TT,GT,GG,TT,CC,TT,CC,CT,CG,GG,AA,TT,TT,CC,AA,AG,AA,CC,GG,TT,CC,TT,AA,AA,TT,CC,AG,CC,GG,CC,GT,TT,AA,CC,CC,AC,CC,AA,TT,CC,AA,CC,CC,AA,TT,AA,AA,GG,CC,CC,GG,AA,AG,AA,AC,GT,CC,CC,AA,AA,GG,TT,GG,AC,GT,CT,GG,CC,TT,GT,TT,CC,AT,TT,TT,AA,AT,GG,CC,AA,CC,CC,CC,GG,CC,AA,GG,AA,CC,TT,CG,GT,GT,CG,TT,AA,AA,GT,AC,GG,CC,AC,CC,GG,AG,AC,GG,TT,CC,AA,CG,GT,AA,CC,AT,AA,GT,TT,AT,AA,CG,GT,AA,CG,TT,TT,AA,GG,AA,TT,AA,TT,CC,CT,AC,CC,TT,CG,AG,CG,GG,CC,TT,TT,TT,GG,TT,AA,AC,AA,GG,CC,CG,GG,CC,GG,TT,AG,CC,GT,GG,CC,CC,AA,GG,CC,AA,CC,AA,AA,AA,CC,AA,TT,AG,GG,AA,AA,AC,AA,AG,AA,AG,AA,AT,GG,AA,GG,AC,AA,CT,AA,AA,GG,AG,GG,TT,AT,AA,TT,TT,TT,GG,TT,GG,GG,AA,2.13,Susceptible,Low,Premium,Late
L0811,Anantapur,Andhra Pradesh,Kharif,Red Sandy,Rainfed,390,31.0,52,AA,TT,GG,AA,GG,CC,GG,TT,CC,CC,AA,CC,CG,AT,GT,GG,CG,TT,TT,AA,CC,GT,GG,CC,AT,CC,TT,TT,GG,AA,TT,CC,AA,CC,AA,CC,GG,CC,GG,CC,TT,CT,AA,TT,AA,GG,TT,TT,CC,AC,GG,AT,AG,GG,CC,TT,AA,AC,GT,AA,AG,TT,AT,AG,TT,TT,CC,GG,TT,GG,AA,GG,CC,AA,GG,CC,AT,GG,TT,TT,GG,GG,GG,CC,AA,AG,AA,AA,CC,TT,CC,TT,CT,TT,TT,GG,TT,AC,GT,CC,CC,CC,GG,AG,TT,TT,CG,AA,AG,AA,CC,GG,TT,GG,TT,AC,AA,NN,CC,GG,CC,AG,CT,GG,TT,AA,CC,CC,CC,CC,AA,TT,CC,AA,CC,CC,AA,TT,AA,AA,GG,CT,CC,GG,AA,GG,AA,CC,GG,CC,CC,AA,NN,AG,TT,GG,CC,TT,NN,GG,AC,TT,GG,TT,CC,AA,GT,TT,NN,AT,CG,CC,GG,CT,CC,CC,GG,CC,AA,GG,GG,CC,TT,CG,GG,TT,GG,AT,AA,AA,TT,CC,GG,AA,CC,NN,GG,GG,AC,CG,TT,AA,AA,CC,GG,AA,CC,AA,NN,GT,TT,TT,AA,GG,GT,AA,CG,AT,TT,AA,GG,AA,CT,AC,TT,CC,TT,AA,CC,TT,CG,AG,CC,AG,AA,TT,CT,TT,GG,TT,AC,AC,AG,GG,CC,CC,GG,CC,GG,AT,AA,GG,TT,GG,CC,CC,AA,GG,CC,AA,CC,AT,AA,AC,CG,AC,NN,AA,GG,AA,AA,AC,AA,AG,AG,AA,AA,TT,GG,AA,AA,AC,AA,CT,AA,AA,GG,GG,GG,GT,AA,AG,TT,TT,TT,AA,AA,GG,GG,AA,1.23,Susceptible,Medium,Premium,Early
L0812,Anantapur,Andhra Pradesh,Kharif,Red Sandy,Rainfed,390,31.0,52,CC,TT,GG,AA,CG,CG,GG,TT,CC,CG,AA,CC,CG,AT,TT,GG,CG,TT,TT,AA,CC,GT,NN,CC,TT,CC,TT,TT,GG,AA,CT,CC,AA,CC,GG,GG,GG,CG,GG,CC,TT,CT,AA,GT,AA,GG,TT,TT,CC,AA,GG,AA,AG,GG,CC,TT,AA,AC,GG,AC,AA,TT,TT,AG,CT,TT,CC,GG,TT,GG,AA,GG,CC,NN,AG,AC,AA,GG,GT,CT,GG,GG,GT,CC,AA,GG,AA,AA,CC,TT,CC,TT,TT,TT,TT,GG,TT,CC,GG,TT,CC,CC,AG,AA,AA,NN,CC,AA,AA,AC,CT,GG,TT,CG,TT,AA,AA,TT,CC,GG,CC,GG,CC,GT,CC,AA,CC,CC,CC,CC,AA,TT,CC,AA,CC,CT,AA,TT,AA,AA,GG,TT,CC,GG,AA,AA,AA,AC,GT,CC,CC,AG,AA,AG,GG,GG,AA,GT,CC,GG,CC,GT,GG,TT,CC,AT,GT,CT,AA,TT,GG,CC,AA,CT,CC,CC,GG,CC,AA,GG,AA,CC,TT,CC,GT,TT,GG,AT,AA,AA,TT,CC,GG,AA,CC,CG,GG,AG,AC,GG,TT,AA,AA,CC,GT,AA,AC,AA,TT,GG,TT,TT,TT,GG,GT,AT,CC,TT,TT,AA,GG,AG,CT,AA,TT,CC,TT,AA,CC,TT,GG,AG,CC,AA,AC,TT,CT,GT,GG,TT,AA,CC,AA,GT,CC,CG,GG,CC,GG,AT,NN,CC,GT,GG,CC,CC,AA,GG,CC,AA,CC,AA,AA,AC,CG,AC,TT,AG,CG,AA,AA,AC,AC,GG,AA,AG,AA,TT,GG,AA,AG,AC,AA,CT,AA,AA,GG,AG,GG,TT,AT,AA,TT,TT,TT,AA,TT,GG,GG,AA,7.28,Resistant,Low,Premium,Medium
L0813,Anantapur,Andhra Pradesh,Kharif,Red Sandy,Rainfed,390,31.0,52,CC,CT,GG,AG,GG,CC,GG,TT,CC,CC,AA,CT,CC,AT,TT,GG,GG,TT,TT,AA,CG,TT,NN,CT,TT,CC,TT,TT,GG,AA,TT,CC,AA,CC,GG,GG,GG,CC,GG,CC,TT,CC,AA,TT,AA,AG,TT,TT,CC,CC,GT,AA,AG,CG,NN,GT,AA,AC,TT,AC,AA,TT,TT,AG,TT,AT,CC,GG,TT,GT,AA,GG,CC,AA,GG,AC,AT,GG,TT,TT,GG,GG,GT,CC,AA,GG,AA,AT,CC,TT,CC,TT,CC,AT,TT,GG,TT,CC,TT,CT,CT,CG,AA,AA,TT,TT,CG,AA,AA,AA,TT,GG,TT,CG,TT,AA,AA,TT,CC,GG,CC,AG,CC,GG,TT,AA,CC,CC,CC,CC,AA,TT,CC,AC,CC,CC,AA,TT,AA,AT,CG,CC,CC,GG,AA,AA,AA,AC,GG,CC,CC,AA,AA,AG,TT,GG,AC,TT,NN,GG,AC,TT,GT,TT,CC,TT,GT,TT,AA,TT,NN,CC,AG,CT,CC,CC,CC,CC,AA,GG,GG,CC,TT,CC,TT,TT,GG,AT,AG,AA,GT,CC,GG,AA,AC,CC,GG,GG,AC,GG,TT,AA,AA,CC,GG,AA,CC,AA,AA,GG,GT,TT,AT,CG,TT,AT,CG,AT,GT,AA,GG,AA,CT,AA,TT,CC,TT,AA,CC,TT,GG,AG,CC,AG,CC,TT,TT,TT,GG,TT,AA,NN,AA,GG,CC,CG,GG,CC,GG,AT,AA,CC,GT,GG,CC,CG,AA,GG,CC,AA,CC,NN,AA,AC,CC,AC,TT,AA,GG,AA,AA,AC,AA,AG,AG,AA,AA,TT,GG,AC,AA,CC,AA,CC,AG,AA,GG,GG,GG,TT,AA,AA,TT,TT,TT,AG,TT,GG,GG,AC,3.6,Resistant,Medium,Poor,Early
L0814,Anantapur,Andhra Pradesh,Kharif,Red Sandy,Rainfed,390,31.0,52,AC,TT,AG,AG,GG,CC,GT,AT,CC,GG,AT,CC,CG,TT,TT,GT,GG,TT,TT,AG,CC,TT,GT,CT,TT,CC,GG,TT,GG,AA,TT,CT,AA,CC,GG,GG,NN,CG,GG,CC,TT,TT,AC,GT,AA,GG,TT,AT,CC,AC,GG,AA,AA,GG,CT,TT,AA,AC,GG,AC,AA,TT,TT,AG,CT,TT,CC,GT,TT,GT,AG,GG,CC,AG,NN,AA,TT,GG,TT,TT,GG,GG,GT,CC,AT,NN,AA,AT,CC,GT,CC,TT,CT,TT,TT,GG,NN,AC,GG,CC,CT,CC,AA,AA,TT,GT,CG,AA,AA,AA,CT,GG,TT,CG,TT,AA,AA,TT,CC,GG,CC,GG,CC,GG,TT,AG,CT,CC,CC,CC,AA,GT,CC,AC,CC,CC,AA,TT,AA,AT,GG,CC,CC,GG,AA,AG,AA,AC,GG,CG,CC,AA,AG,GG,TT,AG,AA,GT,TT,GG,CC,GG,GT,TT,CC,AT,TT,TT,AT,AT,NN,CC,AG,TT,CC,AC,CC,CC,AA,GG,AG,CC,TT,CG,GG,NN,GG,TT,AA,AA,TT,NN,GG,AA,CC,CC,GG,GG,AA,GG,TT,AC,AA,CC,GG,AA,AA,AT,AA,GG,NN,AA,AA,GG,GT,AT,CC,TT,GG,AA,GG,AA,CT,AA,TT,CC,TT,AA,CC,TT,GG,AA,CC,GG,CC,AT,CC,TT,GG,TT,AA,CC,AA,GT,CC,CC,GG,CG,GG,AT,AA,CC,TT,NN,CC,CC,AA,GG,CC,NN,CC,AT,AA,AC,GG,CC,TT,AA,GG,AA,AA,AC,AA,GG,AA,AG,AA,AT,GG,AC,AG,CC,AA,CT,AG,AA,GG,NN,GG,TT,AA,AA,TT,TT,TT,AA,TT,GG,GG,AA,0.4,Moderate,High,Premium,Early
L0815,Anantapur,Andhra Pradesh,Kharif,Red Sandy,Rainfed,390,31.0,52,AC,TT,GG,AG,GG,CC,GT,TT,CC,CC,AA,CT,CG,TT,TT,GG,CC,TT,TT,AG,CC,GT,GT,CC,TT,CC,TT,TT,GG,AA,TT,CT,AA,CC,GG,GG,TT,CC,GG,CC,TT,TT,AA,TT,AG,GG,TT,TT,CC,AC,GT,AA,AA,GG,CC,TT,AA,AC,TT,AC,NN,GT,AT,AA,TT,AT,CC,GG,TT,GG,AA,GG,CC,AA,GG,AC,AT,AG,GT,TT,GG,GG,GG,CC,AA,GG,AA,AA,CC,TT,CC,TT,CT,TT,TT,GG,CT,CC,GT,CC,CC,CC,GG,AA,AT,TT,CC,AA,AA,AA,CT,GG,TT,CC,TT,AA,AA,TT,CC,GG,GG,AG,TT,GG,CT,AA,CC,CC,CC,CC,AG,TT,CC,AA,CC,CC,AA,AT,AA,AA,GG,CT,CC,GG,AA,AG,AA,CC,GG,CC,CC,AG,AA,GG,TT,GG,AA,TT,CT,GG,CC,TT,TT,TT,CC,AA,TT,TT,AA,AT,GG,CC,AG,CT,CC,AC,CG,CC,AA,GG,AA,CC,TT,CC,GG,GG,GG,AT,AA,AG,TT,CC,GG,AA,AC,CG,NN,GG,AA,GG,CT,AA,AA,CC,GG,AA,CC,AT,AT,GG,TT,TT,AT,GG,GG,AT,CC,TT,TT,AA,GG,AA,CT,AA,TT,CC,TT,AA,CC,TT,CG,AG,CC,GG,CC,TT,CT,TT,GG,TT,NN,CC,AG,GG,CC,CG,GG,CC,GG,AT,AA,CG,TT,GG,CC,CC,AA,GG,CG,AA,CC,AT,AA,AC,CG,CC,TT,AA,GG,AA,AA,AC,AA,AG,AA,AA,AA,AT,GG,AA,AA,CC,NN,CT,AA,AA,GG,GG,GG,TT,AA,AA,TT,TT,TT,AG,AT,GG,GG,AA,5.76,Resistant,Low,Premium,Late
L0816,Anantapur,Andhra Pradesh,Kharif,Red Sandy,Rainfed,390,31.0,52,AC,CT,GG,AA,GG,CC,GG,TT,CC,CC,AA,CC,GG,TT,TT,GT,CG,TT,TT,AG,CC,GT,GT,CT,TT,CC,TT,TT,GG,NN,TT,CT,AG,CC,GG,CG,NN,GG,GG,CC,TT,CT,AA,NN,AA,GG,TT,TT,CC,NN,NN,AT,AG,GG,CC,NN,AA,AC,GT,CC,AA,TT,TT,GG,CT,TT,CC,GG,TT,GG,AA,GG,CC,AA,GG,AA,AT,GG,TT,TT,GG,GT,GT,CC,AA,GG,AA,AA,CC,TT,AC,TT,CT,TT,TT,GG,TT,CC,GT,CC,CC,CG,GG,AA,TT,TT,CG,AA,AG,AA,CC,GG,TT,GG,GT,AA,AA,TT,CC,GG,CC,GG,CT,GT,TT,AA,CT,CC,CC,CC,AG,GT,CC,AA,CC,CC,AG,TT,AG,AA,GG,CT,CC,AG,AA,GG,AA,CC,GG,CC,CC,AA,AA,GG,TT,GG,AA,TT,CT,GG,AA,TT,GT,TT,CC,AA,TT,CT,AA,TT,GG,CC,AA,CT,AC,CC,CG,CC,AA,GG,GG,CC,TT,CC,TT,TT,CG,TT,AA,AA,TT,CC,CG,AA,CC,CG,GG,GG,AC,GG,TT,AA,AA,CC,GT,AA,CC,AA,AA,GG,TT,AA,TT,GG,GT,AT,GG,TT,TT,AA,GG,AA,CT,AA,TT,CG,TT,AA,CC,TT,GG,AG,CG,AG,CC,TT,NN,GG,GG,TT,AA,CC,AA,GG,CC,CG,GG,CC,GG,AA,AA,CG,TT,GG,CC,CG,AA,GG,CC,AT,CC,AA,AA,CC,CG,AC,TT,AA,GG,AA,NN,AA,AA,AG,AA,AG,AA,TT,GG,AA,AA,AC,AC,CT,AG,AA,GG,GG,GG,TT,AA,AG,TT,TT,TT,AA,TT,GG,CG,AA,3.61,Susceptible,High,Standard,Medium
L0817,Anantapur,Andhra Pradesh,Kharif,Red Sandy,Rainfed,390,31.0,52,AA,TT,GG,AG,GG,CC,GG,TT,CC,GG,AA,CC,GG,TT,TT,GG,GG,TT,TT,AA,CG,GT,GT,CC,TT,CC,TT,TT,GG,AA,CT,CC,AA,CC,GG,GG,GG,CC,GG,CC,TT,TT,AA,TT,AA,AG,TT,TT,CG,CC,GG,AA,AA,GG,CT,GT,AA,AC,GG,AC,AA,GT,AT,AG,TT,TT,CC,GG,TT,GG,AA,GG,CC,AA,GG,AC,AT,GG,TT,TT,GG,GG,TT,AC,AA,GG,AA,AA,CC,TT,AC,TT,CC,AA,TT,GG,TT,CC,GG,CC,CC,CC,AG,AA,TT,TT,CC,AA,AG,AA,CC,GG,TT,CC,TT,AA,AC,TT,CG,GG,CG,GG,CC,GG,TT,AA,CC,CG,CC,CC,AA,TT,CC,AA,AC,NN,AA,TT,AA,AT,GG,CC,CC,GG,AA,AG,AA,CC,NN,CC,CC,AA,AG,GG,TT,AG,AC,TT,TT,GG,AC,TT,TT,TT,CC,AT,TT,TT,AA,TT,NN,CC,AG,CT,CC,CC,CG,CC,AA,NN,AA,CC,TT,CC,TT,TT,GG,AA,AA,AG,TT,CC,GG,AA,CC,CC,NN,GG,AC,GG,TT,CC,AA,CC,GG,AA,AC,AA,AT,GG,TT,AT,AA,GG,TT,NN,CG,AT,TT,AA,GG,AG,CC,AC,TT,CC,TT,NN,CC,TT,GG,AA,CG,AA,AC,TT,CT,GT,GG,TT,AA,CC,AA,GT,CC,CG,GG,CC,GG,TT,AG,CC,GT,GG,CC,GG,AA,AA,CC,AA,CC,TT,AA,CC,CC,CC,TT,AA,GG,AA,AA,AA,AA,AA,AG,AA,AA,AT,CG,AA,AA,CC,AA,CT,AA,AA,GG,GG,GG,TT,AA,AA,GT,TT,TT,AG,AT,GG,GG,AA,3.79,Susceptible,Medium,Poor,Early
L0818,Anantapur,Andhra Pradesh,Kharif,Red Sandy,Rainfed,390,31.0,52,AA,CC,AG,AG,GG,CC,GG,TT,CC,CG,AA,CT,CG,AA,TT,GG,CC,TT,TT,AG,CC,TT,GG,CC,TT,CC,TT,TT,GT,AA,TT,CC,AA,CC,GG,CG,GG,CG,GG,CC,TT,TT,AA,TT,AA,GG,CT,TT,CG,AA,GG,AT,AG,GG,CC,GG,AA,AC,GT,AC,AA,GT,AT,AA,CT,AT,CC,GT,TT,GG,AA,NN,CC,AA,GG,CC,AT,GG,TT,TT,AG,GG,GT,CC,NN,GG,AA,AT,CG,GT,CC,GT,CT,AT,GT,GG,CT,CC,TT,CC,CT,CG,AG,AA,AT,TT,CC,AA,AG,AC,CC,GG,TT,CC,TT,AA,AA,TT,CC,GG,CG,GG,CT,GT,TT,AA,CC,CC,CC,CC,AA,TT,CC,AA,CC,CT,AA,AT,AA,AA,GG,CC,CC,GG,AA,NN,AA,CC,GT,CC,CC,AA,GG,GG,TT,GG,AC,TT,CT,GG,CC,TT,TT,TT,CG,AA,TT,CT,AT,TT,GG,CC,AG,CC,CC,CC,GG,CC,AA,NN,AA,CC,TT,CG,GT,TT,NN,TT,AA,AG,TT,CC,GG,AA,CC,CG,GG,GG,AC,GG,TT,AA,AG,CC,GG,AA,CC,AA,AA,GG,TT,AT,AA,GG,GT,TT,CC,TT,TT,AA,AG,AA,TT,AA,TT,CC,TT,AA,CC,CT,CG,GG,CC,AG,AC,TT,TT,TT,GG,TT,AA,CC,AG,GT,CC,CG,GG,CC,GG,TT,AA,CC,GT,GG,CC,CC,AA,GG,CC,AT,CG,AT,AA,AA,CG,CC,TT,AA,CG,AA,CC,CC,AA,AG,GG,AA,AA,TT,GG,AA,AA,AC,AA,CT,AA,AG,NN,GG,GG,TT,AT,AA,TT,TT,TT,GG,AT,GG,GG,AA,4.46,Moderate,Low,Premium,Late
L0819,Anantapur,Andhra Pradesh,Kharif,Red Sandy,Rainfed,390,31.0,52,AA,CT,GG,AA,GG,CC,TT,AT,CC,CC,AA,CC,CG,TT,GT,GG,GG,TT,TT,AA,CC,TT,GT,CC,NN,CC,TT,TT,GT,AA,CT,CC,AG,AC,GG,GG,GG,CC,GG,CC,TT,CT,AA,TT,AA,GG,TT,TT,CC,AA,GT,NN,AA,GG,CT,TT,AA,AC,GT,AC,AA,TT,AT,AA,TT,AT,CT,GG,TT,GG,AG,GG,CC,AA,GG,AA,AA,GG,TT,TT,GG,GG,GG,CC,NN,GG,AA,AT,CC,GG,CC,GT,TT,TT,GT,GG,TT,AC,GT,CC,CT,NN,AA,NN,TT,TT,GG,AG,GG,AA,CC,GG,TT,CC,TT,AA,AA,TT,CC,AG,CC,AG,CC,GT,TT,AA,CT,CC,CC,CC,AA,TT,AC,AA,CC,NN,AA,TT,AA,AA,CG,CT,CC,GG,AA,AG,AA,CC,GT,CG,CC,AA,AG,AG,GT,GG,AC,GT,TT,AG,AC,GG,TT,CC,CG,AT,TT,TT,AT,TT,GG,CC,AG,CT,CC,CC,GG,AC,AA,GG,AA,CC,TT,CC,GG,GT,CC,AT,AA,AA,TT,CC,GG,AC,CC,CC,CG,GG,AC,GG,TT,AA,AA,CC,GT,AA,CC,AA,AT,GT,TT,AT,AA,GG,GG,AA,CC,TT,TT,AA,GG,AA,TT,AA,TT,CC,TT,AA,AA,CT,GG,GG,CC,GG,CC,TT,TT,TT,GG,AA,AA,AC,AA,GG,CC,CG,GG,CC,GG,AT,AA,CC,TT,GG,CC,CC,AA,GG,CG,AT,CC,AA,AA,AC,CG,AC,AT,AA,GG,AA,AA,AC,AA,GG,AG,AA,AA,TT,CG,AA,AG,CC,AA,TT,AG,AG,GG,GG,GG,TT,AT,AA,TT,TT,TT,AG,AT,GG,GG,AA,2.12,Susceptible,Medium,Standard,Late
L0820,Anantapur,Andhra Pradesh,Kharif,Red Sandy,Rainfed,390,31.0,52,AA,CT,GG,AA,GG,CC,GG,TT,CC,CC,AA,CC,CG,TT,TT,GG,GG,TT,TT,AA,CC,TT,GT,CC,AT,CC,TT,TT,GG,AA,TT,CC,AA,CC,GG,CG,GG,CC,GG,CC,TT,TT,AC,TT,AA,GG,TT,TT,CC,AC,GT,AA,AA,GG,CT,TT,AT,AC,GT,AA,AA,TT,AT,AG,CT,AT,CC,GT,CT,GG,AA,GG,AC,AA,AG,AA,AA,AG,TT,TT,GG,GT,GG,CC,AA,GG,AA,AA,CC,TT,CC,TT,CC,AT,TT,GG,TT,CC,GG,CT,TT,CC,AA,AA,TT,TT,NN,AA,AG,AA,CC,GG,TT,CC,TT,AC,AC,TT,CC,GG,CC,GG,CC,GT,CC,AG,CC,CC,CC,NN,AA,TT,AC,AA,CC,CC,AA,TT,AA,AA,GG,CC,CC,GG,AA,AA,AA,CC,GG,CC,CC,AA,AG,AG,GT,GG,AA,TT,TT,GG,AC,TT,TT,TT,CG,AT,TT,TT,AA,TT,GG,CC,AA,CT,CC,CC,GG,CC,AA,GG,AA,CC,TT,CC,TT,GT,GG,AT,AA,AA,TT,CC,GG,AA,AC,CC,GG,GG,AC,GG,TT,AA,AA,CC,TT,AA,AA,AA,TT,GG,GT,TT,AA,CG,GG,AA,CC,AT,TT,AA,GG,AA,TT,AA,TT,CC,CT,AA,AC,CT,GG,NN,CC,AG,CC,AT,TT,TT,GG,NN,AA,AC,AA,GG,CC,CC,GG,CC,GG,AT,AG,NN,GT,AG,CC,CC,AA,GG,CC,AA,CC,AA,AA,CC,CG,AA,TT,AA,CG,AA,AA,AC,AA,AA,AA,AA,AA,AT,GG,AC,AG,AC,AA,CT,AG,AA,CG,GG,GG,TT,AA,AG,TT,TT,TT,AG,AT,GG,CG,AA,3.64,Moderate,Low,Standard,Medium
L0821,Anantapur,Andhra Pradesh,Kharif,Red Sandy,Rainfed,390,31.0,52,AC,CT,GG,GG,GG,CC,GG,AT,CC,CC,AA,CT,CG,TT,TT,GG,CG,TT,TT,AA,CC,NN,TT,CC,TT,CC,TT,AT,GG,AA,TT,CC,AA,CC,GG,CG,GG,CG,GG,CC,TT,NN,AA,TT,AA,AG,CT,TT,CC,AC,TT,AA,AG,GG,CC,GT,AA,AA,GT,AA,AA,TT,TT,AA,TT,AT,CC,GG,TT,GG,NN,GT,CC,AA,GG,AA,AT,GG,GT,TT,GG,GG,GT,CC,AA,AG,AA,TT,CC,TT,AC,TT,CT,TT,GT,GG,TT,AC,GT,CC,CC,CC,GG,AG,TT,TT,CC,AA,AA,AA,CT,GG,TT,CC,TT,AA,AC,AT,CG,GG,CC,GG,CC,GT,CT,AA,CC,CC,CC,CC,AA,GT,CC,AA,CC,CT,AA,TT,AA,AT,GG,CC,CG,GG,AA,AG,AA,CC,GG,CC,CC,AG,AG,AG,GT,GG,AC,GT,TT,GG,CC,TT,TT,TT,CC,AT,TT,TT,AA,TT,GG,CC,AA,CT,CC,CC,CG,CC,AA,GG,AA,CC,TT,CG,TT,GT,CG,TT,AG,AA,TT,CC,GG,AA,AC,CC,GG,GG,AC,GG,TT,AA,AA,CC,GG,AA,CC,AT,AT,GT,TT,AT,AA,GG,GT,AA,CG,TT,GT,AA,GG,AA,TT,AA,TT,CC,TT,AA,CC,TT,GG,AA,CC,AG,NN,TT,TT,GT,GG,TT,AA,AC,AA,GG,CC,CC,GG,CG,GG,AT,AA,CC,TT,AG,CC,CC,AT,GG,CG,AA,CG,AA,AA,CC,CG,AA,TT,AA,GG,AA,AA,AA,AC,AG,AG,AA,AA,AT,GG,AA,AA,AC,AA,CT,AA,AA,CG,GG,CG,TT,AT,AA,TT,TT,TT,AG,NN,GG,NN,AC,3.28,Resistant,Low,Poor,Late
L0822,Anantapur,Andhra Pradesh,Kharif,Red Sandy,Rainfed,390,31.0,52,AA,TT,GG,AA,GG,CG,GT,AT,CC,GG,AA,CC,CG,TT,TT,GG,CG,TT,TT,AG,CC,TT,GG,CT,AT,CC,GT,TT,GT,AA,CT,CC,AG,CC,GG,CG,GG,CC,GG,CC,TT,TT,AA,TT,AA,GG,CT,TT,CC,CC,GT,AA,AA,GG,CT,NN,AA,CC,GT,AA,AA,TT,AA,AA,TT,TT,CC,GG,TT,GG,AA,GG,CC,AA,AG,AC,AA,AG,TT,TT,GG,GG,GG,CC,AA,GG,AA,AT,CC,TT,CC,TT,CC,TT,GT,AG,TT,CC,TT,CT,CT,CG,GG,AA,TT,NN,CC,AA,NN,AA,CC,GG,TT,CC,TT,AA,AA,TT,CC,GG,CC,NN,CC,GG,TT,AG,CC,CC,CC,CC,AA,TT,CC,AA,CC,CT,AA,TT,AA,AA,CG,CC,CG,GG,AA,AA,AA,CC,GG,CG,CG,AA,AG,GG,TT,GG,AA,TT,CT,GG,CC,TT,GT,TT,CC,AT,TT,CC,AA,TT,GG,CC,AG,CC,CC,CC,CG,CC,AA,GG,AG,CC,TT,CC,TT,GT,GG,TT,AA,AA,TT,CC,GG,AA,AC,CC,GG,GG,AA,GG,TT,AA,AA,CC,GG,AT,CC,AA,AT,GT,TT,AT,AT,GG,GT,AT,CG,AT,GT,AA,GG,AA,TT,AA,TT,CC,CT,AA,CC,CT,GG,GG,CC,NN,AC,TT,CT,TT,GG,AT,CC,CC,AA,GG,CC,GG,GG,CC,GG,AT,AA,CC,GT,GG,CC,CC,AA,GG,CC,AA,CC,AA,AA,AC,CG,AC,TT,AA,CG,AA,AC,AA,AA,GG,AA,AA,AA,TT,GG,AA,AG,AC,AC,CT,AA,AG,GG,GG,CG,TT,AA,AA,TT,TT,TT,AG,TT,GG,GG,AA,2.04,Susceptible,Low,Premium,Medium
L0823,Anantapur,Andhra Pradesh,Kharif,Red Sandy,Rainfed,390,31.0,52,AA,TT,GG,AA,GG,CC,GG,TT,CC,CG,AA,CC,CC,TT,TT,GG,CC,TT,AT,AG,CC,TT,GT,TT,TT,CC,GT,TT,GG,AA,CT,CC,AA,CC,GG,GG,GG,CG,GG,CC,TT,TT,AA,TT,GG,GG,CT,TT,CC,CC,GG,AA,AA,GG,CC,GT,AA,AA,GT,CC,AA,TT,TT,AA,TT,AT,CC,GG,TT,GG,AG,GG,CC,AA,GG,CC,AA,NN,TT,TT,GG,GG,GG,CC,AA,GG,AG,AT,CC,GG,AC,TT,CC,TT,GT,GG,TT,CC,GT,CC,CT,CG,AG,AA,TT,TT,CC,AA,AG,AA,NN,GG,TT,CG,TT,AC,AA,TT,CG,AA,CC,AG,CC,GG,TT,GG,CC,CC,CC,CC,AA,GT,CC,AA,CC,CT,AA,TT,AG,AA,GG,CC,CC,GG,AA,GG,NN,CC,GG,CC,CC,AA,AA,GG,GT,GG,AA,TT,CT,AG,CC,NN,TT,TT,CC,AT,GT,TT,AA,TT,GG,CC,AG,CT,AC,CC,GG,CC,NN,GG,AA,AC,TT,CC,GG,TT,GG,AA,AA,AA,TT,CC,NN,AC,CC,CC,CG,GG,AA,GG,TT,AC,AA,CC,GG,AT,CC,AA,AT,GT,TT,AA,AT,GG,GT,AT,CC,TT,TT,AA,GG,AG,TT,AA,TT,CC,TT,AA,CC,TT,CG,GG,CC,AG,AC,AT,TT,TT,GG,TT,AC,AC,AA,GG,CC,CC,GG,CG,GG,AT,AA,CC,TT,GG,CC,CC,AT,GG,CC,AT,CC,AT,AA,CC,GG,CC,TT,AA,GG,AA,AC,AC,AA,AA,AG,AA,AA,TT,GG,AA,AG,AC,NN,TT,AG,AA,GG,GG,GG,NN,AA,AA,GT,TT,TT,AG,AT,GG,CG,AA,3.02,Susceptible,Medium,Premium,Late
L0824,Anantapur,Andhra Pradesh,Kharif,Red Sandy,Rainfed,390,31.0,52,AC,TT,AG,AA,GG,CC,GG,NN,CC,CC,AA,CC,CC,TT,TT,GG,CG,AT,AT,AA,CC,TT,GT,CC,AT,CT,GT,TT,GG,AA,TT,CC,NN,AC,GG,CG,GG,CC,GG,CC,TT,TT,AA,TT,AA,AA,TT,TT,CC,AC,GG,AA,AG,GG,CC,GT,AA,AA,GG,CC,AG,TT,AT,AA,TT,TT,CC,GG,TT,GT,AG,GT,CC,AA,GG,AC,TT,GG,TT,TT,GG,GT,GG,CC,AA,GG,AA,AA,CG,GT,AC,TT,CC,TT,TT,GG,TT,CC,GT,CC,CT,CG,AG,AA,TT,TT,CG,AA,AA,AA,CC,GT,TT,CC,TT,AA,AA,AT,CC,GG,CC,AG,CC,GT,TT,AG,CC,CC,CC,CC,AA,TT,CC,AA,CC,CT,AA,TT,AA,AA,CG,CT,CC,GG,AA,AA,AA,AC,GG,CC,CC,AG,AG,AG,TT,GG,AA,NN,TT,GG,CC,TT,TT,TT,CC,AA,TT,TT,AA,TT,GG,CC,AA,CC,CC,CC,GG,CC,AA,GG,AA,CC,TT,CC,GG,GT,GG,TT,AA,AG,TT,CC,NN,AA,CC,CC,GG,GG,AC,CG,TT,AA,AA,CC,GG,AA,AC,AA,AA,GG,TT,TT,AT,GG,GG,AT,CC,AT,GT,AA,GG,AA,CT,AA,TT,CC,CT,AA,CC,TT,GG,AA,CG,AA,CC,TT,TT,TT,GG,TT,AC,AA,AG,GT,CC,CG,GG,CC,GG,TT,AA,CC,TT,GG,CC,CC,AA,AG,CC,AA,CC,AA,AG,NN,CG,AC,TT,AA,GG,AA,AA,AA,AA,AG,AA,AG,AA,TT,GG,AA,GG,AC,AC,CT,AA,AA,GG,GG,GG,GT,AA,AA,GG,TT,TT,AA,TT,GG,GG,AA,3.58,Susceptible,Low,Premium,Medium
L0825,Anantapur,Andhra Pradesh,Kharif,Red Sandy,Rainfed,390,31.0,52,AA,CT,GG,AG,GG,CC,GG,TT,CC,CG,AA,CC,CG,NN,TT,GT,GG,TT,TT,AG,CC,TT,GT,CC,TT,CC,TT,AT,GG,AA,NN,CC,AA,CC,GG,GG,NN,CG,GG,CC,TT,TT,AA,TT,AG,AA,CT,AA,CC,AC,GG,AA,AA,CG,CT,GT,AA,AA,GT,AA,AA,TT,AT,AA,TT,TT,CC,GG,TT,GT,AG,GG,AC,AA,AG,AC,AT,GG,TT,NN,GG,GG,GT,CC,AA,GG,AA,AA,CC,TT,AC,TT,TT,TT,GT,GG,TT,CC,TT,CC,CC,CC,NN,AA,TT,TT,CC,AG,AA,AC,CC,GG,TT,CG,GT,AA,AA,TT,CC,AG,CC,GG,CC,GT,TT,AA,CC,CC,CC,CC,AA,TT,AC,AA,CC,CC,NN,TT,AA,AA,GG,CT,CC,GG,AG,AA,AA,CC,GG,CC,CC,AA,AG,GG,TT,AG,AC,GT,TT,GG,CC,GT,TT,TT,CC,AA,GT,TT,AA,AT,GG,CC,AA,CT,CC,CC,CG,AC,AA,GG,AA,CC,TT,CG,GT,TT,CC,AT,AA,AA,TT,AC,GG,AA,CC,CC,GG,GG,CC,GG,TT,AC,AG,CC,GG,AA,CC,AA,AT,GG,TT,AT,AT,CG,TT,AA,CC,AT,TT,AA,GG,AA,TT,AA,TT,CC,CT,AA,CC,CC,CC,AA,CG,AA,CC,TT,CC,GT,GG,TT,AC,AC,AG,GG,CC,CG,GG,CC,GG,AT,AA,CC,TT,GG,CC,CC,AA,AG,CC,AT,CC,AA,AA,AC,CC,CC,TT,AA,GG,AA,AA,AA,AA,GG,AA,AA,AA,TT,CG,AC,AG,AC,AA,TT,AG,AA,GG,GG,NN,TT,AT,AA,TT,TT,TT,AG,AA,GG,GG,AC,1.53,Resistant,Low,Poor,Medium
L0826,Anantapur,Andhra Pradesh,Kharif,Red Sandy,Rainfed,390,31.0,52,AA,TT,GG,AG,CG,CC,GT,AT,CC,CG,AA,CC,CC,TT,GT,GG,GG,TT,TT,AG,CC,TT,TT,CC,TT,CC,GG,TT,GG,AA,NN,CC,AA,CC,AG,GG,GG,CC,GG,CC,NN,CC,AC,TT,AG,GG,TT,TT,CC,AC,GG,TT,AG,GG,CC,TT,NN,AA,GT,AA,AA,TT,AT,AA,CT,AT,CC,GG,TT,GT,AA,GG,CC,AG,AG,AA,AA,GG,TT,TT,GG,GT,GG,CC,AA,GG,AA,AA,CC,TT,CC,TT,CT,TT,GT,GG,TT,CC,GT,CC,CC,CG,GG,AA,TT,TT,CC,AA,AG,AA,CT,GG,TT,CC,GT,AC,AA,TT,CC,AG,CG,AG,CC,GT,TT,AA,CC,CC,CC,CC,AA,TT,CC,AA,CC,CC,AA,TT,AA,AT,GG,CC,NN,GG,AA,GG,AA,CC,GT,CC,CC,AA,AA,GG,GG,GG,AC,TT,CC,NN,AA,GT,GG,TT,CC,AT,TT,TT,AT,AT,GG,CC,NN,CC,CC,CC,GG,CC,AA,GG,AG,CC,TT,CG,GG,TT,GG,AT,AA,AA,TT,CC,CG,AA,CC,CC,GG,GG,AC,GG,TT,AA,AA,CC,GT,AA,CC,AA,AT,GG,TT,AT,TT,CG,GT,AT,CC,TT,TT,AA,GG,AA,CT,AA,TT,CC,NN,AA,CC,TT,GG,AG,CG,AG,CC,TT,CT,GT,GG,TT,AA,AC,AA,GT,CC,CG,GG,CC,GG,AT,AA,CC,GT,GG,CC,CC,AA,GG,CG,AA,CC,AA,AA,AC,CG,NN,TT,AA,GG,AA,AA,AA,AA,GG,AG,GG,AA,TT,NN,AA,AG,CC,NN,CT,AG,AA,GG,GG,GG,TT,AA,AA,GT,TT,TT,GG,AT,GG,GG,AA,0.4,Susceptible,Low,Standard,Late
L0827,Anantapur,Andhra Pradesh,Kharif,Red Sandy,Rainfed,390,31.0,52,AC,CT,GG,AA,GG,CC,GG,TT,CC,CC,AA,CT,CC,TT,TT,GG,GG,AT,TT,AG,CG,TT,TT,CT,TT,CC,TT,TT,GT,AA,CT,CC,AG,CC,GG,CG,GG,CG,GG,AC,TT,NN,AA,GT,AA,AG,CT,TT,CC,AC,GG,AA,AG,GG,CC,TT,AA,AA,TT,AC,AA,TT,AT,AA,TT,AT,CC,GG,TT,GG,AA,GG,CC,AA,GG,AA,AA,GG,GT,TT,GG,GG,GG,CC,AA,GG,AG,AA,CC,GT,CC,TT,TT,TT,NN,GG,CT,CC,TT,CC,NN,CC,AG,AA,TT,TT,CC,AA,AG,AA,CT,GG,TT,CG,GT,AA,AA,TT,CC,AG,CC,GG,CC,GT,CT,AA,CC,CC,CC,CC,AA,GT,AC,AA,CC,CC,AA,TT,AA,AA,GG,CT,CC,GG,AA,AG,AA,CC,GG,CC,CC,AA,GG,AG,TT,GG,AA,TT,TT,GG,AC,GT,TT,TT,CC,TT,TT,TT,AA,TT,GG,CC,AG,CC,CC,CC,CG,CC,AA,AG,AA,CC,TT,CC,GT,TT,GG,TT,AA,AA,TT,CC,GG,AA,CC,CC,GG,AG,AC,GG,TT,AA,AG,CC,GG,AA,CC,AA,TT,TT,TT,AT,AA,CG,GT,AT,CC,TT,GT,AA,GG,AA,CT,AA,TT,CC,CT,AC,CC,CT,GG,AA,CC,AA,CC,TT,CT,GT,CG,TT,AC,AC,AA,GG,CC,CC,GG,CC,GG,TT,NN,CC,GT,GG,CC,CG,AA,GG,CG,AA,CC,AA,AA,CC,CG,AC,TT,AA,GG,AA,AA,AC,AA,AA,AA,AG,AG,TT,GG,AC,AA,CC,AA,TT,AA,AG,CG,GG,GG,TT,AA,AA,TT,TT,TT,GG,AA,GG,CG,AA,3.49,Susceptible,Low,Standard,Medium
L0828,Anantapur,Andhra Pradesh,Kharif,Red Sandy,Rainfed,390,31.0,52,AA,TT,AG,AG,GG,CC,TT,TT,CC,GG,AT,CC,CC,TT,GT,GG,CG,TT,TT,AA,CC,TT,GT,CC,TT,CC,TT,AT,NN,AA,CT,CC,AA,AC,GG,GG,GG,CG,GG,CC,TT,TT,AC,TT,AA,AG,TT,TT,CC,AA,GT,AT,AA,GG,CC,TT,AA,CC,TT,AC,AG,TT,NN,AA,TT,AA,CC,GG,TT,GT,AA,GG,CC,AA,GG,AA,AT,GG,TT,TT,GG,GG,GG,CC,AA,GG,AA,AA,CG,TT,CC,GT,CC,TT,TT,GG,NN,CC,GG,CC,CC,NN,GG,AA,TT,TT,CG,AA,AG,AC,CC,GT,TT,CC,TT,AC,AC,TT,CC,GG,CC,GG,CT,GG,TT,AA,CC,CC,CC,CC,AA,TT,AC,AA,NN,CT,AA,TT,AA,AA,GG,TT,CC,GG,AG,AG,AA,CC,GG,CC,CC,AA,AG,GG,TT,GG,AA,TT,CT,GG,CC,GT,GT,TT,CG,AA,GT,TT,AA,AT,GG,CC,AG,CT,CC,CC,GG,CC,AA,GG,AA,CC,TT,CG,GG,GT,GG,TT,NN,AA,TT,CC,CG,CC,AC,CC,GG,GG,AA,GG,TT,AC,AA,CC,GT,AA,CC,AT,TT,GG,TT,TT,AA,CG,TT,AT,CC,TT,GG,AA,GG,AA,CT,AA,TT,CC,CT,AA,AC,TT,GG,AG,CC,AA,CC,AT,TT,TT,GG,TT,AC,AC,AA,GG,CC,CC,GG,CC,GG,AT,AA,CC,GT,GG,CC,CG,AA,AG,CC,AA,CC,AA,AA,CC,CC,CC,TT,NN,GG,AA,AA,AA,AA,AA,AA,AG,AA,TT,CC,AA,GG,CC,AA,NN,AA,AG,GG,NN,CG,TT,AA,AA,TT,TT,TT,AA,TT,GG,GG,AA,2.3,Susceptible,Low,Standard,Late
L0829,Anantapur,Andhra Pradesh,Kharif,Red Sandy,Rainfed,390,31.0,52,AC,TT,AG,AG,GG,CC,GG,TT,CC,NN,AA,CC,CG,TT,TT,GG,GG,TT,TT,GG,CC,TT,GG,CC,TT,CC,TT,TT,GT,AA,TT,CT,AA,CC,GG,CG,GG,CG,GG,CC,TT,NN,AC,TT,AA,AA,TT,AT,CC,CC,GG,AA,AA,GG,CC,GT,AA,AA,GG,AC,AA,TT,NN,AG,CT,TT,CC,GG,TT,GT,AA,GG,CC,AA,AG,AA,AT,GG,TT,TT,GG,GT,GG,CC,AT,GG,AA,AA,CC,TT,CC,TT,CT,TT,TT,GG,TT,CC,TT,CT,CC,GG,GG,AA,TT,TT,CC,AA,AA,AA,CC,GG,GT,CC,TT,AC,AA,TT,CC,AG,CC,GG,CC,GT,TT,AA,CC,CC,CC,CC,AG,TT,CC,AA,CC,CC,AA,TT,AA,AA,GG,CC,CC,AG,AA,AA,AA,CC,GG,CC,CC,AG,AG,GG,TT,AG,AA,TT,TT,GG,CC,TT,TT,TT,CG,AT,TT,TT,AA,TT,CG,CC,AG,CC,CC,CC,CG,CC,AA,GG,AA,CC,TT,CC,GG,TT,CG,AT,AA,AA,TT,CC,GG,AA,CC,CC,GG,GG,AC,GG,TT,AC,AG,CC,GG,AA,CC,AA,AA,GG,TT,AT,AT,GG,GG,AA,CG,AT,GT,AA,GG,AA,CT,AA,TT,CC,CT,AA,CC,CT,GG,AA,CG,AG,CC,TT,CC,TT,GG,TT,AA,CC,AA,GT,CC,GG,GG,CC,GG,TT,AG,CC,TT,GG,CC,CC,AA,GG,CC,AT,CC,AA,AA,CC,CC,AC,TT,AA,GG,AA,AA,AA,AA,AA,AA,AG,AG,TT,GG,AA,AA,CC,AA,CT,AG,AA,GG,GG,GG,GT,AA,AA,TT,TT,TT,AA,AT,CG,GG,AA,6.09,Resistant,Low,Poor,Medium
L0830,Anantapur,Andhra Pradesh,Kharif,Red Sandy,Rainfed,390,31.0,52,CC,TT,AG,AA,GG,NN,GG,TT,CC,GG,AA,CC,GG,AT,TT,GT,GG,TT,TT,AG,CC,GG,GT,CC,TT,CT,TT,TT,GG,AA,TT,CC,AA,CC,GG,GG,GG,CG,GG,CC,TT,CT,AA,TT,AA,GG,TT,TT,CC,CC,GG,AA,AA,GG,CC,TT,AT,AC,GT,AC,AG,TT,AT,AA,TT,AT,CC,GG,TT,GT,AA,GG,AC,AA,AG,NN,AA,GG,TT,TT,AG,GG,GG,CC,AA,GG,AA,AA,CC,TT,CC,GT,CT,TT,TT,GG,TT,CC,TT,CC,CT,CG,AA,AA,NN,TT,CC,AA,GG,AA,CT,GG,GT,CG,TT,AA,AA,TT,CG,AG,GG,NN,CC,GG,TT,AA,CC,CC,CC,CC,AA,TT,CC,AA,CC,CC,AA,TT,AA,AA,GG,CC,CG,GG,AA,AG,AA,AC,TT,CC,CC,AG,AA,GG,TT,GG,AA,TT,TT,AG,AA,TT,GT,TT,CG,AA,GT,TT,AA,TT,GG,CC,AG,CT,CC,CC,GG,CC,AA,GG,AG,CC,TT,CC,TT,GT,GG,AT,AA,AA,GT,CC,GG,AA,CC,CC,GG,GG,AA,GG,CT,AC,AA,CC,GG,AT,AC,AA,AT,GT,TT,AT,TT,CG,TT,AT,CC,TT,GT,AA,GG,AA,TT,AC,TT,CC,CT,CC,CC,CT,GG,AA,CG,AG,CC,TT,CT,GT,GG,AT,AA,AC,AA,GT,NN,CG,GG,CC,GG,AA,AA,CG,TT,NN,CC,CG,AT,AG,CC,AA,CC,AA,AA,AC,GG,AC,AT,AA,GG,AA,AA,AA,AA,AG,AG,AA,AA,TT,GG,AA,AA,CC,AC,TT,AA,AA,GG,AG,CG,NN,AA,AA,GT,TT,TT,AG,TT,GG,CG,AA,0.4,Susceptible,Medium,Standard,Late
L0831,Anantapur,Andhra Pradesh,Kharif,Red Sandy,Rainfed,390,31.0,52,AA,TT,GG,GG,CC,CC,GT,TT,CC,CG,AA,CC,CG,AT,TT,NN,GG,TT,TT,AA,CC,TT,GT,CC,TT,CC,GT,TT,GG,AA,TT,CC,AA,CC,GG,GG,GT,CG,GG,CC,TT,TT,AA,TT,AA,AG,TT,TT,CC,CC,GT,AA,AG,GG,CT,TT,AT,AA,GT,AC,AA,TT,TT,AG,TT,AT,CC,GG,TT,GG,AA,GG,CC,AA,AG,AC,AT,GG,TT,CT,GG,GG,GG,NN,AT,GG,AA,AA,NN,GT,CC,NN,CC,TT,GG,GG,TT,CC,TT,CC,CC,CC,AG,AA,AT,TT,CC,AA,AG,AA,CT,GG,TT,CC,TT,AC,AA,TT,CG,GG,CC,GG,CC,TT,TT,AA,CC,CC,CC,CC,AA,TT,CC,AA,CC,CT,AG,TT,AA,AA,GG,CC,CC,GG,AA,AA,AT,CC,GT,CC,CC,AA,GG,GG,TT,GG,AC,TT,CC,AG,AC,GT,TT,CT,CG,AA,TT,CT,AT,AT,GG,CC,AA,CC,CC,CC,CG,CC,AA,GG,AA,CC,TT,CC,GG,TT,GG,AT,AA,AA,TT,CC,GG,AA,AC,CC,GG,GG,AA,GG,TT,AA,AA,CC,GG,AT,CC,AA,AT,GG,TT,TT,AA,GG,GT,AT,CC,TT,TT,NN,GG,AA,CT,AA,TT,CC,TT,AA,CC,CT,GG,AG,CG,AG,AC,TT,TT,TT,CG,TT,AA,AC,AG,GG,CC,CC,GG,CC,GT,AT,AA,CC,TT,GG,CC,CC,AA,GG,CG,AA,CG,AA,AA,AC,CG,CC,TT,AA,GG,AA,AA,AA,AA,AG,AA,AG,AA,TT,GG,AA,AG,CC,NN,TT,AA,AA,GG,GG,GG,TT,AT,AA,GG,AT,AT,AA,TT,GG,CG,AA,0.82,Resistant,High,Poor,Late
L0832,Anantapur,Andhra Pradesh,Kharif,Red Sandy,Rainfed,390,31.0,52,CC,TT,AG,AA,GG,CC,GT,NN,CG,CC,AA,CT,GG,TT,TT,GT,NN,TT,TT,AA,CC,GT,TT,CT,TT,CC,TT,AT,GG,AA,TT,CC,AA,CC,NN,GG,GG,NN,GG,CC,TT,CC,AA,TT,AA,GG,TT,TT,CC,AA,GT,AT,AA,GG,CT,GT,AA,AA,GT,AC,AA,NN,TT,GG,TT,TT,CC,GG,TT,GG,AG,GG,CC,AA,GG,AA,TT,GG,TT,NN,GG,GG,GG,CC,AA,GG,AA,AA,CC,GT,CC,TT,CC,AT,TT,GG,TT,CC,GT,CC,CT,CG,AA,AA,TT,TT,CG,AA,AG,AA,CT,GG,TT,GG,TT,AA,AC,TT,NN,AG,CC,GG,CC,GG,TT,AA,CC,CC,AC,CC,AA,TT,CC,AA,CC,CC,AA,AT,AA,AA,GG,TT,CC,GG,GG,GG,AA,CC,GT,GG,CC,AA,AG,AG,TT,AG,AA,TT,TT,NN,CC,TT,TT,CT,CC,AA,GT,TT,AA,AT,GG,CC,GG,CC,CC,CC,GG,CC,AA,AG,NN,CC,TT,CC,GG,TT,GG,AA,AA,AA,TT,AC,GG,AC,AC,CC,GG,GG,AC,GG,TT,AA,AA,CC,GT,AA,CC,AA,AT,GG,TT,TT,AA,CC,GT,AA,GG,TT,GT,AA,GG,AA,CT,AA,TT,CC,TT,AA,CC,TT,GG,AA,CC,AA,CC,TT,TT,GG,GG,TT,AC,AC,AA,GG,CC,CC,GG,CC,GG,TT,AG,CC,GT,GG,NN,CC,AA,GG,CC,AT,CC,AA,AA,AC,GG,AC,TT,AA,GG,AA,AC,AC,AC,GG,AG,AA,AA,TT,CG,AA,AG,CC,AA,CT,AG,AA,GG,GG,GG,TT,AA,AG,GT,TT,TT,AA,TT,GG,CG,AA,6.79,Resistant,Low,Premium,Early
L0833,Anantapur,Andhra Pradesh,Kharif,Red Sandy,Rainfed,390,31.0,52,CC,TT,GG,AA,GG,CC,GT,TT,CC,CG,AA,CC,CG,AT,TT,GT,GG,TT,TT,AG,CC,TT,GT,CC,TT,CC,TT,TT,GT,AA,TT,CC,AG,CC,GG,GG,GG,CG,GG,CC,TT,CC,AC,TT,AA,AG,TT,AT,CC,AC,GG,AA,AA,GG,CT,TT,AA,AA,GG,AC,AG,GT,AT,GG,TT,TT,NN,GG,TT,TT,AA,GG,CC,NN,AA,AC,AA,GG,GT,TT,GG,GT,GG,CC,AA,GG,AA,AA,CC,TT,CC,TT,CC,AT,GG,AA,TT,CC,TT,CT,CT,GG,GG,AA,TT,GT,CC,AA,AG,AA,CC,GG,TT,CC,GT,AA,AA,TT,CC,GG,CC,GG,CC,GG,NN,AA,CC,CC,CC,CC,AA,TT,CC,AA,CC,CC,AA,AT,AA,AA,CG,CC,CC,AG,AA,AG,AA,AC,GT,CC,CC,AA,AA,AA,GT,GG,AA,GT,CT,GG,CC,GT,GT,TT,CG,AT,TT,CT,AT,TT,CC,CC,AG,CC,CC,CC,GG,CC,AA,GG,AG,CC,TT,CC,GG,TT,GG,AT,AA,AG,TT,CC,GG,AC,AA,CC,GG,GG,AC,GG,TT,AA,AA,CC,GG,AA,AC,AT,AT,GG,TT,TT,AA,GG,GT,AT,CG,AA,TT,AA,GG,AA,TT,AA,TT,CC,CT,AA,CC,CT,GG,AA,CG,GG,AC,TT,TT,TT,GG,TT,AC,AA,AG,GG,CC,CC,GG,CC,GG,AT,AA,CC,TT,GG,CG,CC,AT,AG,CC,AT,CC,AA,AA,CC,CG,CC,TT,AA,GG,AA,AA,AA,AA,GG,AG,AA,AA,TT,CG,AA,AA,AA,AA,TT,AA,AA,CG,GG,GG,TT,AA,AG,TT,TT,TT,AG,TT,GG,GG,AA,3.69,Moderate,Low,Premium,Early
L0834,Anantapur,Andhra Pradesh,Kharif,Red Sandy,Rainfed,390,31.0,52,AC,CT,GG,GG,GG,CC,GT,AT,CC,CG,AA,CC,CC,TT,TT,GG,CG,TT,TT,AG,CC,GT,TT,CC,TT,CC,TT,AT,GT,AA,TT,CT,AA,CC,GG,GG,GG,CC,GT,CC,TT,CT,AC,TT,AA,AG,TT,TT,CG,AC,GG,AA,AG,GG,CC,GT,AA,AA,GT,AA,AA,TT,AA,AA,CT,TT,CC,GG,TT,GG,AA,GG,CC,AA,GG,AC,AT,GG,TT,TT,AG,GT,GG,CC,AA,GG,AA,AA,CG,GT,CC,TT,CC,TT,GT,GG,CT,CC,TT,CC,CT,CG,GG,AA,TT,TT,CC,AA,AG,AA,CT,GT,TT,CC,TT,AC,AA,TT,CG,AG,CG,GG,CT,GG,TT,AG,CC,CC,CC,CC,AA,TT,CC,AA,CC,CT,AA,AT,AA,AA,GG,CC,CC,GG,AA,GG,AA,CC,GG,CC,CC,AA,AA,AG,TT,GG,AC,TT,TT,AG,AC,TT,GT,TT,CC,AA,TT,TT,AT,TT,GG,CG,AA,CC,CC,CC,GG,AC,AT,GG,NN,CC,TT,CC,GT,TT,GG,NN,AA,AA,TT,AC,CG,AA,CC,CC,GG,GG,CC,GG,TT,AA,AA,CC,GG,AT,AC,AA,AA,GT,TT,AT,AT,CG,GT,AT,CC,AT,GT,AA,GG,AA,CT,AA,TT,CC,CT,AA,CC,TT,CG,NN,CC,AG,CC,TT,CT,TT,GG,TT,AC,CC,AG,GG,CC,GG,GG,CC,GG,AA,AA,CC,GT,GG,CC,CC,AA,NN,CG,AA,CC,AA,AA,AC,CG,AC,TT,AA,GG,AA,CC,AA,AA,AG,AG,AG,AA,TT,GG,CC,AA,CC,AA,CT,AA,AA,GG,GG,GG,TT,AA,AA,TT,TT,TT,AA,TT,CG,GG,AA,4.15,Moderate,Low,Standard,Medium
L0835,Anantapur,Andhra Pradesh,Kharif,Red Sandy,Rainfed,390,31.0,52,AC,TT,GG,AG,GG,CC,GG,NN,CC,CG,AA,CC,CC,TT,TT,GG,GG,TT,AT,AA,CC,TT,GG,CC,TT,CT,TT,TT,GG,AC,TT,CT,AA,CC,GG,CG,GG,CC,GG,CC,TT,CT,AA,GT,AA,AG,TT,TT,CC,AA,GG,AA,AA,GG,CC,TT,AA,CC,GG,NN,AG,TT,AT,AG,TT,TT,CC,GG,TT,GT,AA,GG,CC,AA,AG,AC,AA,GG,TT,TT,GG,GG,GG,CC,AA,GG,AA,AA,CC,GT,CC,TT,CT,TT,TT,GG,TT,AC,GT,CT,CT,CG,AG,AA,TT,TT,CC,AA,AG,AA,CC,GG,TT,CG,GT,AA,AA,TT,CG,AG,CG,GG,CC,GG,TT,AA,CC,CC,CC,CC,AA,TT,CC,AA,CC,CC,AA,TT,AG,AT,GG,CC,CC,GG,AA,AA,AA,CC,GG,CC,CC,AA,AA,AG,TT,GG,AC,GG,CT,AG,AA,GT,GT,TT,CC,AT,GT,TT,AT,AT,GG,CC,AA,CT,CC,CC,GG,CC,AA,GG,AA,CC,TT,CC,NN,TT,GG,AA,AA,AA,GT,CC,GG,AA,CC,NN,GG,GG,AA,GG,TT,AC,AA,CG,GG,AA,AC,AA,AA,GG,TT,TT,AA,CG,GG,AT,CC,TT,TT,AA,AG,AA,TT,AC,TT,CC,CT,AA,CC,TT,GG,GG,GG,AG,CC,TT,CT,GT,GG,TT,AA,CC,AG,GG,CC,CG,GG,CC,GG,AA,AG,CC,GT,GG,CC,CC,TT,GG,CC,AT,CC,AA,AA,AC,CC,AA,AT,AG,GG,AA,AA,AC,AA,AG,AA,AG,AA,AT,GG,CC,AA,CC,AC,TT,AG,AA,GG,GG,CG,TT,AT,AA,TT,TT,TT,AG,TT,GG,GG,AA,3.09,Susceptible,Low,Poor,Early
L0836,Anantapur,Andhra Pradesh,Kharif,Red Sandy,Rainfed,390,31.0,52,AC,TT,AG,AA,GG,CC,GT,TT,CC,CG,AA,CT,CC,AT,TT,GG,CC,TT,TT,GG,CC,GT,GT,CC,TT,CC,GT,AT,GT,AA,TT,CC,AA,AC,GG,GG,GG,CG,GG,CC,TT,CT,AA,TT,AA,AG,CT,TT,CC,AC,GG,AT,AG,GG,CC,TT,AT,AA,TT,AC,AA,TT,TT,AG,TT,TT,CC,NN,TT,GG,AG,GT,CC,AA,GG,AA,TT,GG,TT,TT,AG,GG,GG,CC,AA,GG,AA,AT,CC,GG,CC,TT,CC,TT,TT,GG,CT,CC,TT,CC,CT,CG,AG,AA,TT,TT,CC,AA,AA,AC,CC,GG,TT,CC,TT,AA,AA,TT,CG,AG,CC,GG,CC,GG,TT,AA,CC,CC,CC,CC,AG,TT,CC,AA,CC,CC,AA,TT,AA,NN,CG,CC,CC,GG,AG,AG,AA,AC,GG,CC,CG,AA,AG,GG,TT,GG,AA,GT,TT,GG,AC,TT,TT,TT,CC,AT,TT,TT,AT,TT,CC,CC,AA,TT,CC,CC,CG,CC,AA,GG,AG,CC,NN,CG,GG,TT,GG,AA,AA,AA,TT,CC,CG,AA,CC,CC,GG,GG,CC,GG,TT,AA,AA,CC,GG,AA,CC,AA,AT,GG,TT,AT,AA,CG,TT,AA,CC,TT,TT,AA,GG,AA,TT,AC,TT,CC,CT,AA,CC,CT,GG,AG,CC,AG,CC,TT,TT,GT,GG,TT,AA,AC,AG,GT,CC,CG,GG,CC,GG,AA,AA,CG,GT,GG,CG,CG,NN,GG,CG,AA,CC,AT,AA,AC,CG,AC,TT,AA,GG,AA,AA,AC,AA,GG,AA,GG,AA,AT,CG,AA,GG,AC,AA,CT,AA,AA,CC,AA,GG,TT,NN,AA,GG,TT,TT,AG,TT,GG,GG,AA,3.9,Susceptible,High,Poor,Medium
L0837,Anantapur,Andhra Pradesh,Kharif,Red Sandy,Rainfed,390,31.0,52,AC,TT,GG,AG,CG,CC,GG,TT,CC,CC,AA,CC,CC,AT,TT,GT,CG,NN,TT,AA,CC,GT,TT,CC,TT,CC,TT,TT,GT,AA,TT,CC,AA,CC,GG,GG,GG,CG,GG,CC,TT,CC,NN,TT,AA,GG,TT,AT,CC,AC,GG,AA,AA,GG,CC,TT,AT,AA,GT,AC,AA,TT,AT,AA,TT,AT,CT,GG,TT,GG,GG,GG,AC,AA,GG,NN,AA,GG,TT,TT,GG,GG,GG,CC,AA,GG,AA,AA,CC,GG,AC,TT,CC,TT,TT,GG,CT,NN,GT,CC,CT,CG,AA,AA,TT,TT,CG,AA,AA,AA,CT,GG,TT,CC,TT,AC,AA,TT,CC,AG,CC,GG,CC,GG,TT,AA,CC,CC,CC,CG,AA,TT,AC,AA,CC,NN,AA,NN,AG,AT,CG,CT,CG,GG,AA,AA,AA,CC,GG,CC,CC,AG,AG,GG,TT,GG,AA,TT,TT,GG,AC,GT,TT,TT,CC,AA,TT,TT,AA,TT,CC,CC,AA,CC,CC,CC,GG,CC,AA,GG,GG,CC,TT,CC,GT,TT,GG,AA,AA,AA,TT,CC,GG,AA,CC,CC,GG,GG,AC,GG,TT,CC,AA,CG,GT,AA,AA,AA,AA,GG,TT,AT,AA,CG,GT,AA,CG,AA,TT,AA,GG,AA,TT,AA,TT,CC,CC,AA,AC,TT,CC,GG,CC,AG,CC,TT,TT,GT,GG,TT,AA,AA,AG,GG,CC,CG,GG,CC,GG,AT,NN,CC,TT,GG,CC,CC,AA,AG,CG,AA,CC,AA,AA,AC,CC,AC,TT,AA,GG,AA,AA,AC,AA,AA,AA,GG,AA,TT,GG,AA,AG,AC,AA,CT,AA,AA,CG,GG,GG,TT,AT,AG,TT,TT,TT,AG,AT,GG,GG,AA,2.85,Susceptible,Low,Standard,Late
L0838,Anantapur,Andhra Pradesh,Kharif,Red Sandy,Rainfed,390,31.0,52,AC,TT,GG,AG,GG,CC,GG,AT,CC,CC,AA,CC,CG,TT,GT,GG,GG,TT,TT,AA,CC,TT,GT,CC,TT,CC,TT,TT,GT,AA,TT,CC,AA,CC,GG,GG,GG,CG,GG,CC,TT,CT,AA,GG,AG,GG,TT,TT,CC,CC,GT,AA,AG,GG,CC,TT,AT,AC,GG,CC,AA,TT,AA,GG,TT,TT,CC,GG,TT,GG,AA,GT,CC,AA,GG,AA,AA,GG,TT,TT,AG,TT,GG,CC,AA,GG,AG,AT,CC,TT,CC,TT,CT,AT,TT,GG,TT,CC,GT,CC,CC,GG,AA,AA,AT,TT,CC,AA,AA,AA,CT,GG,TT,CC,TT,CC,AA,TT,CC,GG,CC,GG,CC,GT,TT,AG,CC,CC,CC,CC,AA,TT,CC,AA,CC,CC,AA,TT,AG,AA,GG,CC,CC,GG,AA,NN,AT,CC,GT,CC,CC,AA,GG,AG,TT,AG,AC,TT,TT,GG,AC,TT,TT,TT,CC,AA,TT,CT,AA,TT,GG,CC,AG,CT,CC,CC,NN,CC,AA,AG,AG,CC,TT,CC,GG,TT,CG,AT,AA,AG,GT,AC,GG,AC,AC,CC,GG,GG,AA,GG,TT,AC,AA,CG,GT,AA,CC,AA,AA,GG,TT,TT,AA,GG,GT,AA,CC,AT,NN,AA,GG,AA,CT,AC,TT,CC,TT,AC,CC,TT,CG,AG,CC,AG,CC,TT,TT,TT,GG,TT,AA,AC,AG,GG,CC,CG,GG,CC,GG,AT,AG,CC,GT,GG,CC,CG,AA,GG,NN,AT,CG,AA,AA,AC,NN,AC,TT,AA,GG,AA,AA,CC,AA,AG,AG,AG,AA,TT,NN,AA,AA,AC,AC,TT,AA,AA,GG,GG,CG,GT,AA,AA,TT,TT,TT,AA,AT,GG,GG,AA,2.73,Susceptible,Medium,Poor,Early
L0839,Anantapur,Andhra Pradesh,Kharif,Red Sandy,Rainfed,390,31.0,52,AA,TT,GG,AA,GG,CC,GT,NN,CC,CG,AA,CT,CC,AT,GT,GG,CG,TT,TT,AA,CC,GT,GG,CC,TT,CC,TT,TT,GG,AA,TT,CT,AA,CC,GG,GG,GG,GG,GG,CC,TT,CT,AC,TT,AA,AG,CT,TT,CC,AC,GG,AA,AA,GG,CC,TT,AA,AA,GT,AC,AA,TT,AT,AA,TT,AT,CC,GG,TT,GT,GG,GT,CC,AA,GG,AA,AA,GG,TT,TT,GG,GG,GG,CC,AT,GG,AG,AA,CC,TT,AC,GT,CC,TT,TT,GG,TT,CC,GG,CC,TT,CC,GG,AA,TT,TT,CG,AA,AG,AA,CC,GT,TT,CC,TT,AC,AA,TT,CC,AG,CG,GG,CC,GG,CT,AG,CT,CC,CC,CC,AA,TT,CC,AC,CC,CT,AA,TT,AA,AT,GG,CC,CC,GG,AA,AA,AA,CC,GT,CC,CC,AA,AA,AG,TT,GG,AA,TT,CT,GG,CC,TT,TT,CT,CC,AA,TT,TT,AA,TT,GG,CC,AA,CT,CC,CC,GG,CC,AA,GG,AG,CC,TT,CC,GT,TT,CG,AT,AA,AA,TT,CC,GG,AA,CC,CC,GG,GG,CC,GG,TT,AC,AA,CC,GG,AT,CC,AA,AA,GT,GT,TT,AA,GG,GT,AT,CG,AT,GG,AA,NN,AA,CT,AA,TT,CC,TT,CC,CC,CT,GG,AG,CG,AG,CC,TT,TT,GT,GG,TT,AC,CC,AA,GG,CC,CG,GG,CC,GG,AT,AG,CC,GT,GG,CC,CC,AA,AG,CC,AA,CG,AA,AG,CC,CC,AC,TT,AA,GG,AA,AA,AA,AC,AG,AG,AA,AG,AT,GG,AA,AA,AA,AA,CT,AA,AA,GG,GG,GG,TT,AA,AA,TT,TT,TT,AG,TT,GG,CG,AC,2.33,Resistant,Medium,Standard,Early
L0840,Anantapur,Andhra Pradesh,Kharif,Red Sandy,Rainfed,390,31.0,52,CC,TT,GG,AG,GG,CC,GT,AT,CC,CC,AA,CC,CG,AT,TT,GG,GG,TT,TT,AA,CG,GT,GT,CC,TT,CC,GT,AT,GT,AA,TT,CC,AG,CC,GG,CG,GG,NN,GG,CC,TT,TT,AA,TT,AA,GG,NN,TT,CC,AC,GG,AT,AA,GG,CT,TT,AA,AA,GT,AA,AG,TT,AT,AG,CT,TT,CC,GG,TT,GG,AA,GG,CC,AA,GG,AA,AA,GG,TT,TT,GG,GT,GG,NN,AA,GG,AA,NN,CC,GG,CC,TT,CT,TT,TT,GG,TT,AC,GG,CC,CC,CC,AA,AA,AA,TT,CG,AA,AG,CC,CC,GG,TT,CG,TT,AA,AC,TT,CC,AG,CC,AG,CC,GT,CT,AG,CC,CC,CC,CC,AA,TT,AC,AA,CC,CC,AA,TT,AA,AT,GG,CC,CC,GG,AA,AA,AA,CC,GG,CC,CC,AA,GG,GG,GT,GG,AA,GG,CT,GG,CC,TT,GT,TT,CC,AT,TT,TT,AA,TT,CG,CC,AA,CT,AC,CC,GG,CC,AA,GG,AG,CC,TT,CC,GG,GT,GG,TT,AA,AA,TT,CC,CG,AA,CC,CC,GG,GG,AA,GG,TT,AA,AA,CC,GG,AA,AC,AA,AT,GG,TT,AA,AA,GG,GT,AA,CG,TT,TT,AT,GG,AA,TT,AA,TT,CC,TT,AA,CC,TT,GG,AG,CC,AG,CC,TT,TT,TT,GG,TT,AC,AC,AA,GG,CC,CC,GG,CC,GG,TT,AA,CC,GT,GG,CC,CC,AT,GG,CG,AT,CC,AA,AA,AC,CG,CC,TT,AA,GG,NN,NN,AA,AA,GG,AG,AA,AG,TT,GG,AA,AG,CC,AC,TT,AA,AA,GG,NN,GG,GT,AA,AA,GT,TT,NN,GG,NN,GG,GG,AA,0.51,Susceptible,Low,Premium,Medium
L0841,Anantapur,Andhra Pradesh,Kharif,Red Sandy,Rainfed,390,31.0,52,AC,CT,GG,AG,GG,CG,GG,TT,CC,CC,NN,CC,CG,TT,TT,GT,GG,TT,TT,AA,CC,GT,TT,CC,TT,CC,TT,TT,GG,AA,TT,CC,AA,CC,GG,CG,GG,CG,GG,CC,TT,CT,AA,GT,AG,AG,NN,TT,CC,AA,GG,AA,AA,GG,CC,GT,AT,AA,GG,AC,AG,TT,AT,AA,TT,TT,CC,GG,TT,GG,AG,GG,CC,AA,GG,CC,AT,GG,TT,TT,GG,TT,GG,CC,AT,GG,AA,AA,CC,GT,AC,TT,CC,TT,TT,GG,TT,CC,TT,CT,CC,CG,GG,AA,TT,TT,CC,AA,GG,AC,CT,GG,TT,CC,TT,AC,AA,NN,CC,AG,CG,GG,CC,GG,TT,AA,CC,CC,CC,CC,AA,TT,CC,AA,CC,CC,AA,TT,AG,AA,GG,CT,CC,GG,AA,AA,AA,CC,GT,CC,CC,AA,AA,GG,TT,GG,AA,TT,CT,GG,CC,TT,GT,TT,CG,AA,GT,CT,AA,TT,CG,CC,AA,CT,CC,CC,GG,CC,AA,GG,GG,CC,TT,CC,GT,NN,GG,AT,AA,AA,TT,CC,NN,AA,CC,CC,GG,GG,AC,GG,CT,AC,AA,CC,GG,AT,AC,AA,AT,GT,TT,AT,AT,NN,GT,AT,CC,TT,GT,AA,GG,AA,CT,AA,TT,CC,TT,AA,NN,TT,GG,AG,CC,GG,CC,TT,CC,TT,GG,TT,AA,AA,AG,GT,CC,CG,GG,CC,GG,AT,AG,CC,TT,GG,CC,CG,AT,GG,CC,AT,CC,TT,AA,AA,CC,AC,NN,AA,GG,AA,AA,AA,AC,AG,AA,AG,AA,TT,GG,AA,AA,CC,AC,CT,AG,AA,GG,GG,GG,TT,AA,AA,TT,TT,TT,AG,TT,GG,GG,NN,3.01,Susceptible,Low,Poor,Early
L0842,Anantapur,Andhra Pradesh,Kharif,Red Sandy,Rainfed,390,31.0,52,AC,TT,GG,AA,GG,CC,GG,AT,CC,CG,AA,CT,CC,TT,TT,GG,GG,TT,NN,AA,CC,TT,GT,NN,AT,CC,TT,TT,GG,AA,CT,CC,AA,CC,GG,GG,GG,CG,GG,CC,TT,CC,AA,TT,AA,AG,TT,TT,CC,CC,TT,AA,AG,GG,CC,GT,AA,AC,GT,AC,AA,GT,TT,AA,TT,AT,CC,GG,TT,GT,AG,GT,CC,AA,GG,CC,AA,GG,TT,TT,GG,GT,GG,CC,AT,GG,AA,AT,NN,TT,CC,TT,CC,TT,GT,GG,TT,CC,TT,CC,CT,CC,GG,AG,AT,TT,CC,AG,AA,AC,CC,GG,TT,CC,TT,AA,AA,TT,CG,AG,CG,AG,CC,GG,TT,AA,CC,CC,CC,CC,AA,GT,CC,AA,CC,CC,AA,AT,AG,AT,GG,CC,CC,AG,AA,GG,AA,AC,GG,CC,CC,AA,AG,GG,TT,GG,AC,GG,TT,GG,AC,GT,TT,TT,CC,AA,TT,CT,AA,TT,CG,CC,AA,CT,AC,CC,CG,CC,AA,GG,AA,CC,GT,CC,GT,GT,CG,TT,AA,AA,TT,CC,GG,AA,AC,CC,GG,GG,AC,GG,TT,AC,AA,CC,GG,AT,AC,AA,AT,GG,GT,TT,AA,CG,TT,AA,CC,AT,TT,AA,GG,AA,TT,AA,TT,CC,TT,AA,AC,TT,GG,AG,CC,AA,CC,TT,TT,TT,GG,TT,AA,AC,AG,GG,CC,GG,GG,CC,GG,AA,AA,CC,TT,GG,CC,CG,AA,AG,CC,AA,CC,AT,AA,AC,CG,AC,TT,AA,GG,AA,AA,AA,AA,NN,AA,AA,AA,TT,GG,AA,AA,CC,AA,CT,AA,AA,GG,GG,GG,TT,AA,NN,TT,AT,TT,AA,TT,GG,GG,AA,2.17,Susceptible,Medium,Poor,Early
L0843,Anantapur,Andhra Pradesh,Kharif,Red Sandy,Rainfed,390,31.0,52,AA,TT,AG,AG,GG,CC,GT,TT,CC,CC,AA,CT,GG,TT,GT,GG,CG,TT,TT,AA,CC,TT,GT,CC,TT,CC,GG,TT,GG,AA,TT,CC,AG,CC,GG,GG,GG,CC,GG,CC,TT,TT,AA,TT,AA,AG,TT,AT,CC,AC,GT,AT,AA,GG,CT,TT,AA,NN,GG,AA,AG,TT,TT,AG,CT,AT,CC,GG,TT,GT,AG,GG,CC,AA,AA,AC,AT,GG,TT,TT,GG,GG,GG,CC,AA,AG,AA,AT,CG,GT,CC,TT,CT,TT,TT,AG,TT,CC,TT,CC,CT,CG,AG,AA,TT,TT,CC,AA,AG,AA,CC,GG,TT,CC,TT,AA,AA,TT,CC,AA,GG,AG,CT,TT,CT,AG,CC,CC,CC,NN,AA,TT,CC,AA,CC,CC,AA,TT,AA,AT,GG,CC,CC,GG,AA,AA,AA,CC,GG,CC,CC,AG,AA,GG,TT,GG,AC,TT,TT,GG,CC,GT,TT,CT,CC,AA,TT,TT,AA,TT,GG,CC,AG,CC,CC,CC,GG,CC,AA,GG,AA,CC,TT,CC,GG,TT,GG,TT,AA,AA,TT,CC,GG,AA,CC,CC,GG,GG,AA,GG,CT,AC,AA,CG,GG,AA,AA,AA,AA,GT,TT,AT,AA,GG,GG,TT,CG,AT,GG,AA,GG,AA,TT,AA,TT,CC,TT,AC,CC,TT,CG,AA,CG,AG,CC,TT,TT,TT,GG,TT,AC,AC,AG,GG,CG,CG,GG,CC,GG,AA,AA,CC,GT,GG,CG,CG,AA,GG,CG,AT,CC,AA,AA,AC,CG,CC,TT,AA,GG,AA,AA,AA,AA,GG,AG,AA,AG,TT,CG,AA,GG,AC,AC,CT,AA,AA,GG,AG,GG,TT,AA,AA,TT,AT,TT,AA,TT,GG,GG,AA,3.65,Susceptible,Low,Standard,Late
L0844,Anantapur,Andhra Pradesh,Kharif,Red Sandy,Rainfed,390,31.0,52,AA,TT,GG,AA,GG,CC,GG,AT,CC,CG,AT,CC,GG,TT,TT,GG,CG,TT,TT,AA,NN,GT,TT,CC,NN,CC,TT,TT,GG,AA,TT,CT,AA,CC,GG,GG,GG,CC,GG,AC,TT,TT,AA,GT,AA,AG,TT,TT,CC,CC,GT,AA,AG,GG,CT,TT,AT,AC,GG,AC,AA,TT,TT,AG,CT,NN,CC,GG,TT,GT,AA,GG,CC,AA,GG,AC,AT,GG,TT,TT,GG,GG,GG,CC,AA,GG,AA,AA,CC,GT,CC,TT,CT,TT,GT,GG,TT,CC,GT,CC,CC,CC,AA,AA,TT,TT,CG,AA,GG,AA,CC,GG,TT,CG,TT,AC,AA,TT,CC,AG,NN,GG,CC,GG,TT,AA,CC,CC,CC,CC,AA,TT,CC,AA,CC,CC,AA,TT,AA,AT,CG,CC,CC,GG,AA,AA,AA,CC,GG,CC,CC,AA,AA,GG,TT,GG,AC,GT,TT,GG,CC,GT,GT,TT,CC,AA,GG,TT,AA,TT,GG,CC,AA,TT,CC,CC,CG,CC,AA,GG,AA,CC,TT,CC,GG,TT,GG,AT,AA,AA,TT,CC,GG,AC,AC,CC,GG,GG,AA,GG,TT,AC,AA,CC,NN,TT,CC,AT,AA,GT,TT,AT,AT,GG,GT,AA,CC,TT,GT,AA,GG,AA,TT,AA,TT,CC,TT,AA,AC,CT,GG,AA,CC,GG,CC,TT,TT,TT,GG,TT,AA,AC,AA,GG,CC,CG,GG,CC,GG,AT,GG,NN,GT,GG,CC,CC,AA,GG,CC,AA,CC,AA,AG,CC,CG,AC,TT,AA,GG,AA,AA,AA,AA,AG,AG,NN,AA,AT,CG,AC,AA,AC,AA,TT,AA,AA,GG,GG,GG,GT,AA,AA,TT,TT,TT,GG,TT,GG,CG,AA,1.55,Susceptible,High,Standard,Early
L0845,Anantapur,Andhra Pradesh,Kharif,Red Sandy,Rainfed,390,31.0,52,AC,TT,GG,AA,GG,CC,GG,TT,CC,CG,AA,CT,CG,AT,TT,GT,GG,TT,TT,AA,CG,GT,GT,CT,TT,CC,TT,TT,GT,AA,CT,CC,AA,CC,GG,GG,GG,CG,GG,AC,TT,CT,AA,TT,AA,GG,NN,TT,CC,AA,GT,AA,AG,GG,CC,TT,AA,AC,GT,AA,AA,TT,TT,AG,TT,AT,CT,GG,TT,GG,AG,GT,CC,AA,GG,AC,AA,GG,TT,TT,NN,GG,GT,CC,AA,GG,AA,AA,CG,GT,CC,TT,CC,AT,GT,GG,CT,CC,GT,CC,CC,CG,AG,AA,TT,TT,CC,AA,AG,AC,CT,GG,TT,CG,TT,AA,AA,TT,CC,AG,CG,AG,CC,NN,CT,AA,CC,CC,CC,CC,AA,TT,CC,AC,CC,CT,AA,AT,AA,AA,GG,CC,CC,NN,AA,AG,AA,CC,GG,CC,CC,AA,AG,GG,TT,GG,AC,TT,TT,AG,CC,TT,TT,CT,CC,AT,GT,TT,AT,AT,GG,CC,AG,TT,AC,AC,GG,CC,AT,GG,AA,CC,TT,CC,GG,TT,GG,AT,AA,AA,TT,CC,GG,AA,AC,CC,GG,GG,AA,GG,CT,AC,AA,CC,GG,AA,CC,AA,AT,GG,TT,TT,AT,GG,GT,AT,CG,TT,GG,AA,GG,AA,TT,AA,TT,CC,CT,CC,CC,CT,CG,AG,CG,AG,CC,TT,TT,TT,GG,TT,AC,AC,AA,GG,CC,CC,NN,CC,GG,AT,AA,CC,GT,GG,CC,CG,AA,GG,CG,AT,CC,AA,AA,CC,CC,AA,TT,AA,GG,AA,AA,AA,AA,AG,AG,AA,AA,AT,GG,AA,AA,AC,AC,TT,AA,AA,GG,GG,GG,TT,AA,AA,TT,TT,TT,AG,AT,GG,CG,AA,1.35,Susceptible,High,Standard,Medium
L0846,Anantapur,Andhra Pradesh,Kharif,Red Sandy,Rainfed,390,31.0,52,AC,CT,GG,GG,CG,CG,GG,AA,CC,CG,AA,CC,CG,TT,GG,GT,CG,TT,TT,AA,CC,GG,TT,CC,TT,CC,TT,TT,GG,AA,TT,CT,AA,CC,GG,GG,GG,CG,GG,CC,TT,CT,AC,NN,AA,GG,TT,TT,CC,CC,GG,AA,AA,GG,CC,TT,AA,AA,GT,AC,AA,TT,TT,AA,TT,AT,CC,GG,TT,GG,AG,GG,CC,AA,GG,AC,AA,GG,TT,TT,GG,GG,GG,CC,AA,NN,AA,AT,CC,GG,CC,TT,CT,TT,TT,GG,TT,CC,TT,CC,CC,CG,AG,AA,TT,TT,CC,AA,AG,AA,CC,GG,TT,CC,GT,AA,AA,TT,CC,AG,CC,GG,CC,GT,TT,AA,CC,CC,AC,CC,AA,TT,CC,AA,CC,CC,AA,AT,AG,AT,GG,CT,CC,GG,AA,AA,AT,CC,GT,CC,CC,AA,AA,GG,TT,AG,AC,TT,NN,GG,CC,GT,TT,TT,CC,AT,TT,CT,AA,AT,GG,CC,GG,CT,CC,CC,CC,CC,AA,GG,AA,CC,TT,CG,GT,GT,GG,TT,AA,AA,TT,CC,GG,AA,CC,CC,GG,GG,AC,GG,TT,AA,AA,CC,GG,AA,AC,AA,AT,GG,GT,TT,AT,GG,GT,TT,CG,AA,GT,AA,GG,AA,CT,AA,TT,CC,CT,AA,CC,TT,CG,AA,CG,AG,CC,AT,CT,TT,GG,AT,AA,AC,AA,GG,CC,CG,GG,CC,GG,AT,AA,CC,TT,GG,CC,CC,AA,GG,GG,AA,CC,AA,AA,AC,CC,AC,TT,AA,GG,AA,AA,AA,AA,AG,AA,AA,AA,TT,GG,AC,AG,CC,CC,TT,AA,AA,GG,GG,GG,TT,AA,AG,TT,TT,TT,AA,AT,GG,CG,AC,0.84,Resistant,Medium,Standard,Medium
L0847,Anantapur,Andhra Pradesh,Kharif,Red Sandy,Rainfed,390,31.0,52,AC,TT,GG,AG,GG,CC,GG,AT,CC,CC,AA,TT,GG,TT,TT,GG,CG,TT,TT,AA,CC,TT,GT,CT,AT,CC,TT,TT,GG,AA,TT,CC,AA,CC,GG,CG,GG,CC,GG,CC,TT,CT,AA,TT,AA,AG,TT,TT,CC,CC,GG,AA,AA,GG,CT,GT,AA,AC,GG,AA,AG,TT,AT,AG,TT,TT,CC,GG,TT,GG,AA,NN,CC,AA,GG,AC,AA,AG,TT,TT,GG,GG,GG,CC,NN,GG,AA,AA,CC,TT,CC,GT,CC,TT,GT,GG,CT,AC,GT,CC,CC,CC,AG,AA,TT,TT,CC,AA,AA,AA,CT,GG,TT,CC,TT,AA,AA,TT,CG,AA,CG,GG,CC,GG,CT,AA,CC,CC,AC,CC,AA,TT,CC,AA,CC,CC,AA,AT,AA,AA,GG,CC,CC,GG,AA,AG,AA,CC,GT,CC,CC,AA,AA,GG,TT,GG,AA,TT,TT,AG,NN,TT,TT,NN,GG,AA,GG,TT,AA,TT,NN,CC,AG,CT,CC,CC,CG,CC,AA,GG,AG,CC,GT,CC,GG,TT,GG,AT,AA,AA,TT,CC,CG,AA,AC,CC,GG,GG,AA,CG,TT,AA,AA,CG,GT,AA,CC,AA,AT,GT,TT,AT,AA,CG,GG,AA,CC,AA,TT,AA,GG,AA,CC,AC,NN,CG,TT,AC,CC,CT,GG,AA,CG,GG,CC,TT,CT,GT,GG,TT,AA,AA,AG,GG,CC,CC,GG,CC,GG,AT,AA,CC,TT,GG,CC,CG,AA,AA,GG,AA,CC,AA,AA,AC,CC,CC,TT,AA,GG,AA,AA,AC,AC,GG,AA,AA,AA,TT,CG,AC,AA,CC,AC,TT,AA,AA,GG,GG,GG,GT,AA,AA,TT,TT,TT,AG,AT,GG,GG,AA,2.08,Moderate,Low,Poor,Early
L0848,Anantapur,Andhra Pradesh,Kharif,Red Sandy,Rainfed,390,31.0,52,AA,CT,AA,AG,NN,CC,GG,TT,CC,CG,AA,CC,CG,TT,TT,GG,CG,TT,TT,AA,CC,GT,GT,CC,TT,CC,GT,AT,GT,AA,TT,CC,AG,CC,AA,GG,GG,CG,GG,CC,TT,CC,AA,TT,AA,GG,TT,TT,CC,AC,GG,AA,AG,GG,CC,TT,NN,CC,GG,AA,AA,TT,AT,AA,CT,TT,CC,GG,TT,TT,AG,GG,CC,AA,GG,CC,AT,GG,TT,TT,GG,GT,GG,CC,AA,GG,AA,AA,CC,GT,CC,TT,TT,TT,TT,GG,TT,CC,GT,CC,CC,CG,GG,AA,AT,TT,CC,AA,AG,AC,CT,GG,TT,CC,GG,AA,AA,TT,CG,AG,CC,AG,CC,TT,TT,AA,CT,CC,CC,CC,AA,TT,CC,AA,CC,CC,AA,NN,AA,AA,GG,NN,CC,GG,AA,AG,AA,CC,GG,CC,CC,AA,AA,GG,TT,AG,AC,GT,CT,GG,CC,TT,TT,TT,CC,AT,TT,TT,AA,TT,GG,CC,AA,CC,CC,NN,CG,AC,AA,GG,GG,CC,TT,CC,GG,TT,CG,AT,AA,AA,TT,CC,GG,AA,CC,NN,GG,GG,AA,GG,TT,AC,AA,CG,GG,AA,AC,AA,AT,GG,TT,AT,AA,GG,GT,AT,CC,AA,TT,AA,GG,AA,CT,AA,TT,CC,TT,AA,CC,CT,GG,AG,CC,AA,NN,TT,TT,TT,CG,TT,AC,AC,AG,GT,CG,CG,GG,CC,GG,AT,AG,CC,GT,GG,CC,CC,AA,GG,CC,AA,CG,AA,AG,AC,GG,AA,TT,AA,GG,AA,AC,AC,AA,GG,GG,AA,AA,TT,CG,CC,AA,CC,AC,CC,AA,AA,GG,GG,GG,GT,AT,AA,TT,TT,TT,AG,AT,GG,GG,AC,1.03,Resistant,Medium,Premium,Medium
L0849,Anantapur,Andhra Pradesh,Kharif,Red Sandy,Rainfed,390,31.0,52,AA,NN,GG,AG,GG,CG,TT,TT,CC,CG,AA,CC,CG,TT,GT,GG,GG,TT,TT,AA,CC,GT,GT,CC,TT,CC,GT,TT,GG,AC,TT,CT,AA,CC,GG,CG,GG,NN,GG,CC,TT,TT,AA,GT,AA,AG,TT,TT,CC,AA,GG,AA,AG,GG,CC,GT,AA,AA,GT,AC,AG,GT,AT,AA,CT,TT,CC,GG,TT,GG,AG,GG,CC,AA,GG,AA,AA,GG,TT,TT,GG,GT,GT,CC,AA,GG,AG,AT,CC,GT,CC,TT,CT,TT,TT,AG,TT,AC,TT,CC,CC,CC,AG,AG,TT,NN,CG,AA,AA,AA,CC,GG,GT,CG,TT,AC,AA,TT,CC,GG,CC,AA,CC,GG,TT,AG,CC,CC,NN,CC,AA,TT,CC,AA,CC,CC,AA,TT,AA,AA,GG,CC,CC,GG,AA,AA,AA,CC,GG,CC,CG,AG,GG,GG,TT,GG,AC,NN,CT,GG,AC,TT,GT,TT,CG,AA,GT,TT,AA,NN,GG,CC,AG,TT,CC,CC,GG,CC,AA,GG,AG,CC,TT,CC,GT,GT,GG,AA,AA,AA,TT,CC,GG,AA,CC,CG,GG,GG,AC,GG,TT,AC,AA,CC,GG,AT,AC,AA,AA,GT,GT,TT,AA,CC,GT,AA,CG,TT,TT,AA,GG,AA,TT,AA,TT,CC,TT,AA,CC,TT,GG,AG,CG,GG,CC,AT,TT,TT,GG,TT,AC,CC,AA,GG,CC,CC,GG,CG,GG,AT,AG,CC,GT,GG,CG,CC,AA,GG,CC,AT,CC,AA,AA,AC,CG,AC,TT,AA,CG,AA,AC,AC,AA,GG,AA,AA,AA,TT,GG,AA,AG,AC,AA,TT,AA,AA,GG,GG,GG,TT,AT,AG,TT,TT,TT,AA,AT,GG,GG,AC,0.75,Resistant,High,Poor,Early
L0850,Anantapur,Andhra Pradesh,Kharif,Red Sandy,Rainfed,390,31.0,52,AC,NN,GG,AG,GG,CC,GG,TT,CC,CC,AA,CC,CC,AT,GT,GG,CG,TT,TT,AA,CC,GT,GT,CC,TT,CC,TT,AA,GG,AA,TT,CC,AA,CC,GG,GG,GG,CC,GG,CC,TT,CT,AA,GT,AG,GG,TT,TT,CC,CC,GG,AA,AG,GG,CC,TT,AA,AA,GT,AA,AA,GT,TT,AA,TT,TT,CC,GG,TT,GT,AA,GG,CC,AA,GG,AC,AT,GG,GT,TT,GG,GT,TT,CC,AA,GG,AA,AA,CC,TT,CC,TT,TT,AA,TT,AG,TT,CC,GT,CC,CC,CC,AG,AG,AT,TT,CC,AA,AG,AC,CC,GG,TT,CG,TT,AA,AA,TT,CC,GG,CG,GG,CC,GT,CT,AG,CC,CC,CC,CC,AA,TT,CC,AA,CC,CC,AA,TT,AA,AT,GG,CC,CC,GG,AA,AA,AT,AC,GT,CC,CC,AA,AG,AG,TT,AG,AC,GG,TT,GG,CC,TT,GT,CT,CC,AT,TT,CT,AA,TT,GG,CC,AA,TT,CC,CC,CG,CC,AA,GG,AG,CC,TT,CC,GT,TT,CG,AA,AA,AG,TT,CC,CG,AA,CC,CC,GG,GG,AA,GG,TT,AA,AA,CC,GG,AA,AC,AA,AT,GG,TT,AT,NN,GG,GT,AT,CC,TT,GT,AA,GG,AA,TT,AA,TT,CC,TT,AA,CC,CT,CG,AA,CG,AG,CC,TT,TT,GG,GG,TT,AA,CC,AG,GG,CC,CG,GG,CC,GG,TT,AA,CC,TT,GG,CC,CC,AT,GG,CC,AT,CG,AT,AG,AC,CC,AC,TT,AA,NN,AA,AC,AA,AA,AA,AG,AA,AG,TT,GG,AA,AG,CC,AA,TT,AA,AG,GG,GG,GG,TT,AT,AA,TT,TT,TT,AA,AT,GG,GG,AC,2.32,Resistant,High,Premium,Late
L0851,Anantapur,Andhra Pradesh,Kharif,Red Sandy,Rainfed,390,31.0,52,NN,TT,GG,AA,CG,CC,GG,TT,CC,CG,AA,CT,CG,TT,TT,GG,CG,TT,TT,NN,CC,GT,GT,CC,TT,CT,TT,TT,GG,AA,CT,CT,AA,CC,GG,CG,GG,CC,NN,NN,TT,CT,AA,GT,AG,AG,TT,AA,NN,CC,GT,AA,AG,GG,CC,TT,AA,AC,GT,AC,AA,TT,TT,AA,CT,TT,CC,GG,TT,GG,AG,GG,CC,AA,GG,AA,NN,GG,TT,TT,GG,GT,GG,CC,AA,GG,AA,AA,CC,GT,CC,TT,CT,TT,TT,GG,CT,CC,TT,CC,CC,CC,AG,AA,TT,TT,CC,AA,AA,AA,CT,GG,TT,CC,GT,AA,AA,TT,CC,AG,CC,GG,CT,GG,TT,NN,CC,CC,AC,CC,AG,TT,CC,AA,CC,CC,AA,TT,AA,AA,GG,CT,CC,GG,AG,GG,AA,CC,GG,CC,CC,AA,AG,GG,TT,AG,AA,GT,CT,GG,NN,GT,TT,TT,CC,AT,TT,TT,NN,TT,GG,CG,AA,CC,AC,CC,GG,CC,AA,AG,AG,CC,TT,CC,GG,GG,GG,AT,AA,AA,TT,CC,CC,AA,AC,CC,GG,GG,AC,GG,TT,AA,AA,CC,GG,AA,AC,AA,AA,GG,TT,AT,AT,GG,GT,AA,CC,TT,TT,AA,GG,AA,CT,AA,TT,CC,TT,AA,CC,CT,GG,AG,GG,GG,CC,TT,TT,GT,GG,TT,AA,CC,AG,GG,CC,CG,GG,CC,GG,TT,AA,CC,TT,GG,CC,NN,AA,AG,CG,AA,CC,AA,AA,AC,CC,AA,TT,AA,GG,AA,AA,AC,AA,GG,AA,GG,AA,AT,CG,NN,AG,CC,AA,CT,AA,AA,GG,GG,GG,TT,AA,AA,TT,TT,TT,NN,AT,GG,GG,AA,3.93,Moderate,Low,Poor,Medium
L0852,Anantapur,Andhra Pradesh,Kharif,Red Sandy,Rainfed,390,31.0,52,CC,TT,AA,NN,GG,CC,GT,AT,CC,CG,AT,TT,CC,TT,TT,GG,GG,TT,TT,AG,CC,TT,TT,CC,TT,CC,GT,TT,GG,AA,TT,CC,AA,CC,GG,CG,GG,CG,GG,CC,TT,TT,AA,TT,AA,GG,TT,TT,CG,CC,GG,AA,AA,GG,CC,NN,AA,AC,TT,AA,AG,GT,AA,AG,TT,AT,CC,GG,TT,GT,AG,GG,CC,AA,NN,AA,TT,GG,TT,TT,GG,GG,GT,CC,AT,GG,AA,AT,CC,GT,CC,TT,CT,AT,GT,GG,CT,CC,GT,CC,CT,CC,AG,AA,AT,TT,CC,AG,AG,AA,CC,GG,TT,GG,TT,AA,AA,TT,NN,GG,CG,GG,CC,GT,TT,AG,CC,CC,NN,CC,AA,TT,CC,AA,CC,CC,AA,AT,AA,AA,GG,CT,CC,GG,AA,AG,AA,CC,GG,CC,CC,AG,AG,AG,TT,GG,CC,TT,CT,GG,AA,TT,TT,TT,CC,AA,TT,CT,AA,AT,GG,CC,GG,CT,CC,CC,GG,AC,AA,GG,AA,CC,TT,CC,GG,TT,GG,TT,AA,AG,TT,CC,GG,AA,CC,CG,GG,GG,AA,CG,TT,AC,AA,CC,GG,AT,AC,AA,AT,GG,TT,AT,AA,GG,GT,AA,CG,AT,GT,AA,GG,AA,TT,AC,TT,CC,TT,AA,CC,TT,GG,AG,CC,AG,CC,TT,TT,TT,CG,TT,AA,AC,AG,GG,CC,CC,GG,CC,GT,AT,AA,CC,TT,GG,CC,GG,AA,GG,CG,AT,CG,AA,AA,AC,CG,CC,TT,NN,GG,AA,AA,AA,AA,AG,AA,AA,AA,TT,GG,AA,AG,CC,AA,CC,AA,AA,GG,GG,GG,TT,AT,AA,GT,TT,TT,AA,TT,GG,GG,AA,1.05,Susceptible,Low,Poor,Medium
L0853,Anantapur,Andhra Pradesh,Kharif,Red Sandy,Rainfed,390,31.0,52,AA,CC,GG,AG,GG,CC,GG,AT,CC,CC,AA,CC,CC,TT,TT,GT,CG,TT,TT,AA,CC,GT,TT,CT,TT,CC,TT,TT,GG,AA,CT,CC,AG,CC,GG,CG,GT,CC,GG,CC,TT,TT,AA,GG,AG,AG,TT,AT,CC,AA,GG,AA,AA,GG,CC,TT,AA,AA,GT,AA,AA,TT,AA,AA,CT,TT,CC,GG,TT,GG,AG,GT,CC,AA,GG,AA,TT,GG,TT,TT,GG,GG,GG,CC,AT,GG,AA,AA,CC,TT,AC,GT,CT,TT,TT,AG,TT,CC,GT,CC,CT,CG,AG,AA,TT,TT,CC,AG,AG,AC,CC,GG,GT,CG,TT,AA,AC,TT,CC,AG,CC,GG,CC,GT,TT,AG,CC,CC,CC,CC,AA,TT,CC,AA,CC,CT,AA,TT,AA,AA,GG,CT,CC,GG,AA,AG,AA,CC,GG,CC,CC,AG,AG,GG,TT,GG,AC,GT,TT,AG,AC,TT,TT,TT,CC,AT,TT,CT,AA,AT,GG,CC,GG,NN,CC,AC,GG,CC,AA,GG,GG,CC,TT,CC,GT,TT,CG,TT,AG,AG,TT,CC,GG,AA,AC,CC,GG,GG,CC,GG,TT,AC,AA,CG,GG,AA,CC,AA,NN,GG,TT,AA,AA,CG,GG,AT,CC,TT,GG,AA,GG,AA,TT,AA,TT,CG,TT,AA,CC,CT,GG,GG,CC,AG,CC,TT,TT,GT,CG,TT,AC,NN,AG,GG,CC,CG,GG,CC,GG,AA,AA,CC,TT,GG,CG,CG,AA,AG,CC,AT,CC,NN,AA,AA,CG,CC,AA,AA,GG,AA,AA,NN,AA,GG,AA,AG,AA,AT,GG,AA,AA,AC,AA,TT,AA,AA,GG,GG,GG,GT,AA,AA,TT,TT,TT,AA,TT,GG,GG,AA,2.27,Susceptible,Low,Poor,Late
L0854,Anantapur,Andhra Pradesh,Kharif,Red Sandy,Rainfed,390,31.0,52,AA,TT,AG,AG,GG,CC,GT,TT,CC,CC,AA,CC,CC,AT,TT,GG,GG,TT,TT,AA,CG,TT,GT,CC,TT,CC,TT,TT,GT,AA,TT,CC,AA,CC,GG,GG,GG,CC,GG,CC,NN,CT,AA,TT,AA,GG,TT,AT,CC,AC,GG,AA,AA,GG,CT,GT,AA,NN,TT,NN,AA,TT,AA,AA,CT,AT,CT,GG,TT,GG,AG,GG,CC,AA,AG,AC,AA,GG,TT,TT,GG,GT,GG,NN,AA,GG,GG,AA,CC,GT,CC,TT,TT,TT,TT,GG,CT,CC,GT,CC,CC,CC,AG,AA,TT,TT,CC,AA,AA,AA,CC,GG,TT,CC,TT,AC,AA,TT,CC,AG,CC,GG,CC,GG,TT,AA,CC,CC,CC,CC,AA,GT,CC,AA,CC,CT,AA,TT,AA,AA,GG,CT,CC,GG,AA,AA,AA,CC,GT,CC,CG,AA,AG,GG,TT,AG,AC,TT,TT,GG,CC,TT,TT,TT,CC,AA,TT,TT,AA,AT,GG,CC,AA,CC,CC,CC,GG,CC,AA,GG,AG,CC,TT,CC,GT,TT,CG,AT,AA,AA,TT,CC,GG,AC,CC,CC,GG,GG,AC,CG,TT,AC,AA,CC,GG,AA,CC,AT,AT,GG,GT,TT,AA,GG,GG,AT,CC,AT,GT,AA,GG,AA,CT,AA,TT,CC,TT,AC,CC,CT,CG,AG,CC,AG,CC,TT,TT,TT,GG,TT,AC,AC,AA,GG,CC,CG,GG,CC,GG,AT,AA,CC,TT,GG,CC,GG,NN,AG,CC,AT,CC,AA,AA,AC,GG,AC,TT,AA,GG,AA,AA,AC,AA,GG,AA,AG,AA,TT,CG,AC,AG,CC,AA,CC,AG,AA,CC,GG,GG,TT,AT,AA,TT,TT,TT,AG,TT,GG,GG,AA,2.33,Susceptible,Low,Premium,Early
L0855,Anantapur,Andhra Pradesh,Kharif,Red Sandy,Rainfed,390,31.0,52,AA,CT,GG,AG,GG,CC,GT,TT,CC,CG,AA,CC,NN,AT,TT,GG,CG,TT,AT,AA,CC,TT,GG,CC,TT,CC,GT,TT,GG,AA,CT,CT,AA,CC,GG,GG,GG,CG,GG,CC,TT,CT,AA,TT,AG,GG,CT,TT,CC,AA,GG,AA,AG,GG,CT,TT,AA,AA,GT,AA,AA,TT,AA,AA,TT,TT,CC,GG,TT,GT,AG,GT,CC,AA,GG,AA,AT,GG,TT,TT,GG,GG,GT,CC,AA,GG,AA,AA,CC,GT,CC,TT,CT,TT,GT,AG,CT,CC,TT,CC,CT,CC,AG,AA,TT,TT,CC,AA,AA,AA,CC,GG,TT,CC,GT,AA,AA,TT,CC,AG,CC,GG,CC,GG,CT,AA,CC,CC,CC,CC,AA,TT,NN,AA,CC,CC,AG,TT,AA,AA,GG,NN,CC,GG,AA,AG,AT,AC,GG,CC,CC,AG,AA,GG,TT,GG,CC,GT,CT,GG,AC,TT,GT,CT,CC,AT,TT,TT,AT,AT,NN,CC,AA,CT,CC,CC,CG,CC,AA,GG,AG,CC,TT,CC,GG,TT,GG,AT,AA,AG,TT,CC,CG,AC,CC,CC,GG,GG,AC,GG,TT,AC,AA,CC,GG,AT,AC,AT,AA,GG,GT,AA,AA,GG,GT,AT,CC,TT,GT,AA,GG,AA,CC,AA,TT,CG,TT,AA,CC,TT,GG,AA,CC,AG,AC,TT,TT,GT,GG,TT,NN,CC,AA,GG,CC,CG,GG,CC,GG,AT,AA,CC,GT,GG,CC,CC,AA,GG,CC,AA,CC,AA,AA,CC,CG,AC,TT,AA,GG,AA,AA,AC,AA,AG,GG,AG,AA,TT,CG,AC,AA,AA,AA,TT,AA,AA,GG,GG,GG,TT,AA,AA,TT,TT,TT,AG,TT,GG,CG,AA,1.86,Susceptible,Low,Standard,Early
L0856,Anantapur,Andhra Pradesh,Kharif,Red Sandy,Rainfed,390,31.0,52,AC,CT,GG,AA,CG,CG,GG,AT,CC,CC,AA,CC,CC,AT,TT,GG,CG,TT,TT,AA,CC,TT,TT,CC,TT,CC,TT,AT,GG,AA,TT,CC,AG,CC,GG,GG,GG,CG,GG,CC,TT,CT,AA,GT,AG,GG,TT,AT,CC,CC,GG,AT,AA,GG,CC,TT,NN,AA,GT,AC,AA,TT,NN,AA,TT,TT,CC,GG,TT,GG,AA,GT,CC,AA,GG,AC,AT,GG,TT,TT,GG,GG,GG,CC,AA,GG,AA,AA,CC,TT,CC,GT,CC,TT,TT,AG,TT,CC,TT,CC,CC,CG,AG,AA,AT,TT,CC,AA,AG,AA,CC,GG,TT,CC,TT,AA,AA,TT,CC,AG,CC,GG,CT,TT,TT,AA,CC,CC,CC,CC,AA,NN,CC,AA,CC,CC,AA,AA,AG,AA,GG,CT,CC,GG,AA,GG,AT,CC,GG,CC,CC,AA,AA,AG,TT,AG,AC,TT,CT,GG,CC,TT,TT,TT,CC,AT,TT,TT,AA,TT,GG,CC,AA,CC,CC,CC,CG,CC,AA,GG,AG,CC,NN,CC,GT,GT,GG,AT,AA,AA,TT,CC,GG,AA,AC,CC,GG,GG,AC,CG,TT,AA,AA,CC,GG,AA,CC,AA,AT,GG,TT,AT,AA,GG,GT,AA,CC,AA,TT,AA,GG,AA,TT,AC,TT,CC,CT,CC,CC,TT,GG,AG,CG,AG,CC,TT,TT,TT,NN,TT,AC,CC,AA,GG,CC,GG,GG,CG,GG,AT,NN,CC,GT,GG,CC,CC,AA,GG,CC,AA,CC,AT,AA,AC,CC,AA,TT,AG,GG,AA,NN,AC,AA,AG,AG,AA,AA,AT,GG,AA,NN,CC,AA,CT,NN,AA,GG,GG,GG,TT,AT,AA,GT,TT,TT,AG,TT,GG,GG,AA,3.8,Moderate,Low,Premium,Late
L0857,Anantapur,Andhra Pradesh,Kharif,Red Sandy,Rainfed,390,31.0,52,AC,TT,GG,AA,GG,CC,GT,TT,CC,GG,AA,CT,CC,TT,TT,GG,GG,TT,TT,AA,CC,GT,TT,CC,TT,CC,TT,TT,GG,AA,TT,CC,AA,CC,AG,GG,GG,CG,GG,CC,TT,CT,AA,GT,AA,GG,TT,TT,CC,AC,TT,AA,AG,GG,CC,NN,AA,AA,GT,AC,AA,TT,AT,AA,TT,AT,CC,GG,TT,GG,AA,GG,CC,AA,GG,AC,AT,GG,TT,TT,GG,GG,GG,CC,AA,GG,AA,AT,CC,TT,CC,TT,CT,AT,TT,AG,TT,CC,NN,CC,CC,CC,AG,AA,TT,TT,CG,AA,AA,CC,CC,GG,TT,CC,TT,AA,AA,TT,CG,GG,CC,GG,CC,GG,TT,AA,CC,CC,CC,CC,AA,TT,AC,AA,CC,CC,AA,TT,AA,AT,GG,CC,CC,GG,AA,AG,AA,CC,GG,CG,CC,GG,GG,GG,TT,GG,AA,TT,CT,GG,AA,GT,GG,TT,CG,AT,TT,TT,AA,TT,CG,CC,AA,CC,CC,CC,GG,CC,AT,GG,AA,CC,TT,CG,GG,NN,NN,AT,AG,AA,TT,CC,CG,AC,AC,CC,GG,GG,AC,GG,TT,AC,AA,CC,GG,AA,CC,AA,AT,GG,TT,AA,NN,CG,GT,AT,CC,TT,GT,AA,GG,AA,TT,AA,TT,CC,TT,AC,AC,CT,GG,AG,CC,AG,CC,AT,CT,GT,GG,TT,AA,CC,AA,NN,CC,CC,GG,CC,GG,TT,AA,CC,GT,GG,CG,CC,AA,GG,CC,AA,CC,AA,AA,CC,CG,AC,TT,AA,GG,AA,AA,AA,AA,AG,AA,AA,AA,TT,GG,AC,AG,AC,AC,CT,AA,AA,GG,GG,GG,TT,AT,AG,TT,TT,TT,AG,AT,GG,GG,AA,3.12,Susceptible,Low,Poor,Early
L0858,Anantapur,Andhra Pradesh,Kharif,Red Sandy,Rainfed,390,31.0,52,AC,TT,GG,AA,CG,CC,GT,TT,CC,CG,AA,CC,CC,TT,GT,GG,GG,TT,TT,AG,CC,TT,GG,CC,AT,CC,TT,TT,GT,AA,TT,CT,AA,AC,GG,NN,GG,CG,GG,CC,TT,CT,AC,TT,AA,AA,TT,TT,CC,AC,GG,AA,AA,GG,CC,TT,AA,AC,GG,CC,AG,TT,TT,GG,TT,AT,CC,GG,TT,GG,AA,GG,CC,AA,AG,AA,AA,GG,TT,TT,GG,GG,GT,CC,AA,GG,AA,AA,CC,GT,CC,TT,CC,TT,TT,GG,TT,CC,TT,CC,CC,CG,AA,AA,TT,TT,CC,AA,AA,AA,NN,GG,TT,NN,GT,AA,AA,TT,CC,GG,CC,AG,CC,GT,TT,AG,CC,CC,CC,CG,AA,TT,CC,AA,CC,CC,AA,TT,AA,AA,GG,CC,CC,GG,AA,GG,AA,AC,GG,CC,CC,AA,AG,GG,TT,GG,AC,TT,TT,GG,AA,GT,TT,TT,GG,AT,GG,TT,AA,TT,GG,CC,AA,CT,CC,CC,GG,CC,AA,GG,AG,CC,TT,CC,GT,NN,CG,TT,AA,AG,NN,CC,GG,AC,CC,CC,GG,GG,CC,CG,TT,AA,AA,CC,GG,AT,AC,AA,TT,GG,TT,TT,AT,GG,GT,AA,CC,AT,GT,AA,GG,AA,CC,AA,TT,CC,TT,AA,CC,CT,CG,AG,CC,AG,AC,TT,TT,TT,GG,TT,AC,AC,AA,GG,CC,CC,GG,CC,GG,AT,AG,CC,GT,GG,CC,CC,AT,GG,CC,AA,CC,AA,AA,AA,CC,AC,TT,AG,GG,AA,AA,AA,AA,AG,AG,GG,AA,TT,GG,CC,AG,CC,AA,CT,AA,AA,GG,GG,GG,GT,AA,AA,TT,TT,TT,AA,NN,GG,GG,AA,3.25,Susceptible,Medium,Poor,Late
L0859,Anantapur,Andhra Pradesh,Kharif,Red Sandy,Rainfed,390,31.0,52,CC,TT,GG,AA,GG,CC,GT,TT,CC,CC,AA,CT,CG,AT,GT,GG,CG,TT,TT,AA,NN,TT,TT,CC,TT,CC,TT,TT,GG,AA,TT,CC,AA,CC,GG,CG,GG,CG,GG,AC,TT,TT,AA,TT,AA,GG,NN,TT,NN,CC,GT,TT,AA,GG,CC,TT,AA,AA,GT,AA,AA,TT,TT,GG,CT,TT,CC,GG,TT,GG,AG,GT,CC,NN,GG,AC,AA,GG,TT,TT,GG,GG,GG,CC,AA,GG,AA,AT,NN,GG,CC,TT,CT,TT,TT,GG,TT,AC,TT,CC,CT,CG,GG,AA,AT,TT,NN,AG,AG,AA,CT,GG,TT,CC,TT,CC,AA,TT,CG,GG,CG,GG,CC,GG,TT,AA,CC,CC,CC,CC,AA,TT,CC,AA,CC,CT,AG,TT,AA,AA,GG,CC,CC,GG,AG,AG,AA,CC,GG,CC,CG,AA,AA,AG,GT,GG,NN,TT,TT,GG,CC,GT,TT,TT,CC,AT,GT,TT,AA,TT,GG,CC,GG,CT,CC,CC,GG,CC,AA,GG,AG,CC,TT,CC,GT,TT,CG,AT,AA,AG,TT,CC,CG,CC,CC,CC,GG,GG,AC,CG,TT,AA,AA,CC,GG,AT,NN,AA,AA,GT,TT,TT,AA,CG,GG,AA,CC,TT,GT,AA,GG,AA,TT,AA,TT,CC,CT,AA,AC,TT,CG,AG,CC,GG,AC,TT,TT,GG,CG,TT,AA,CC,AA,GG,CC,CC,GG,CC,GT,TT,AA,CC,TT,GG,CC,CC,AA,GG,CC,AA,CC,AA,AA,CC,CC,AC,TT,AA,GG,AA,AA,AA,AA,AG,AA,AA,AA,TT,CG,AA,AG,CC,NN,CT,AA,AA,GG,GG,GG,TT,TT,AG,GT,TT,TT,AA,TT,GG,GG,AA,4.07,Resistant,Low,Premium,Medium
L0860,Anantapur,Andhra Pradesh,Kharif,Red Sandy,Rainfed,390,31.0,52,AA,TT,GG,AG,GG,CC,GT,TT,CC,CG,AT,CT,CG,AT,GT,GG,CG,TT,TT,AA,CC,GT,GG,CC,TT,CC,TT,AT,GT,AA,TT,CT,AA,AC,GG,GG,GG,CG,GG,CC,TT,TT,AA,TT,AA,GG,TT,TT,CC,AC,GT,AT,AA,GG,CC,TT,AA,AC,NN,AA,AA,TT,TT,AG,TT,TT,CC,GG,TT,GT,AA,GG,CC,AA,GG,NN,AA,GG,TT,TT,GG,GT,GG,CC,AA,GG,AA,TT,CC,TT,CC,TT,CC,TT,TT,NN,TT,CC,TT,CC,CT,CC,AG,AA,TT,GT,CC,AA,AA,AA,CT,GT,TT,CC,TT,AA,AC,TT,CC,GG,CC,GG,CC,GG,TT,AA,CC,CC,CC,CC,AA,TT,CC,AA,CC,CC,AA,TT,AA,AA,GG,CC,CC,GG,AA,AA,AT,CC,GG,CC,CC,AA,AA,AG,GT,GG,AA,GT,CT,GG,AA,GT,GG,CT,CC,AT,TT,TT,AA,AA,GG,CC,GG,CC,CC,CC,CG,CC,AA,GG,AG,CC,TT,CG,GG,TT,CC,AT,AG,AG,TT,CC,GG,AA,CC,CC,GG,GG,AA,CG,CT,AC,NN,CC,NN,TT,AC,AA,AT,TT,GT,AT,AT,CG,GG,AT,CC,AT,GT,AA,GG,AA,TT,AC,TT,CC,TT,AC,NN,CT,CC,GG,CC,AG,CC,TT,TT,TT,GG,TT,AA,CC,AA,GG,CC,CC,GG,CC,GG,NN,AA,CC,TT,GG,CC,CC,AA,GG,CC,AA,CC,AA,AA,AC,CG,AA,TT,AA,GG,AT,AA,AA,AA,GG,AG,AA,AA,AT,GG,AA,AG,CC,AA,CT,AG,AA,GG,GG,GG,TT,AT,AA,TT,TT,TT,AA,TT,GG,GG,AA,4.52,Moderate,Low,Standard,Early
L0861,Anantapur,Andhra Pradesh,Kharif,Red Sandy,Rainfed,390,31.0,52,AC,CT,AG,GG,GG,CG,GG,TT,CC,CG,AA,CC,CG,TT,TT,GG,CG,TT,TT,AA,CC,GG,GT,CC,TT,CC,TT,NN,GG,AA,CT,CC,AA,CC,GG,GG,GG,CG,GG,AC,TT,CT,AA,TT,AA,GG,TT,TT,CC,AC,GG,AT,AA,GG,CC,TT,AA,AC,GG,AA,AA,TT,AT,AG,CT,TT,CC,GG,TT,GT,AA,GG,CC,AA,AG,AC,AA,AG,TT,TT,GG,GG,GT,CC,AA,GG,NN,AA,CC,GT,CC,TT,CC,TT,TT,GG,CT,CC,GT,CT,CT,CG,GG,AA,TT,TT,CG,AA,AA,AA,CT,NN,TT,CG,TT,AA,AA,TT,CC,GG,CG,AG,CT,GG,CT,AG,CC,CC,CC,CC,AA,TT,CC,AA,AC,CC,AA,TT,AG,AA,CG,CT,CC,AG,AA,GG,AA,CC,GG,CC,CC,AA,AA,AG,TT,GG,NN,TT,CT,AG,CC,TT,TT,TT,CG,TT,TT,TT,AA,TT,GG,CC,AG,CT,CC,CC,CG,CC,AA,GG,AA,NN,TT,CC,GG,TT,GG,AT,AA,GG,TT,AC,CC,AC,CC,CC,GG,GG,AC,GG,TT,AA,AA,CC,GG,AA,AC,AA,AA,GT,NN,NN,AA,CG,GG,AA,CC,AT,GG,AA,GG,AA,CT,AA,TT,CC,TT,AA,CC,TT,GG,AA,CG,GG,CC,TT,TT,GT,GG,NN,AA,AC,AG,GG,CC,CG,GG,CC,GG,AT,AG,CC,TT,GG,CC,CC,AT,GG,CG,NN,CG,AA,AA,AC,CG,CC,AT,AA,GG,AA,AA,AC,AA,GG,AG,AA,AA,AT,GG,AA,AA,AC,AC,TT,AG,AA,GG,GG,CG,TT,AA,AA,TT,TT,TT,AG,AT,GG,GG,AA,6.93,Susceptible,Low,Premium,Medium
L0862,Anantapur,Andhra Pradesh,Kharif,Red Sandy,Rainfed,390,31.0,52,AA,TT,AG,AA,CG,CC,GT,TT,CC,CC,AA,CC,CC,AT,TT,GT,CG,TT,TT,AA,CC,GT,TT,CC,TT,CC,TT,AT,GG,AA,TT,CT,AA,AC,GG,GG,GT,CC,GG,CC,TT,CT,AA,TT,AG,GG,TT,TT,CC,CC,GG,AA,AA,CG,CT,TT,AA,AA,GG,AA,AA,TT,TT,GG,TT,AT,CC,GG,TT,GT,AA,GG,CC,AA,GG,AA,AT,GG,TT,TT,GG,GG,GT,CC,AA,GG,AA,AA,CC,GG,CC,TT,TT,AT,TT,GG,TT,CC,GG,CT,CC,GG,AA,AA,TT,TT,CG,AA,NN,AA,CT,GG,TT,CC,GT,AA,AA,TT,GG,GG,CC,GG,CC,GT,CT,AA,CT,CC,CC,CC,AA,TT,CC,AA,CC,CC,AA,TT,AG,AT,GG,CC,NN,GG,AA,AG,AA,CC,GG,CC,CG,AA,AA,GG,TT,GG,AC,GT,TT,GG,AC,GT,TT,TT,CC,AT,TT,TT,AA,AT,GG,CC,AA,CC,AC,CC,GG,CC,AA,GG,AG,CC,TT,CC,GG,TT,CG,AA,AA,AA,GT,CC,CG,AC,NN,CC,GG,GG,AA,GG,TT,AC,AA,NN,GG,AA,CC,AA,AT,GG,TT,TT,AA,CC,GG,AA,CC,TT,NN,AA,GG,AA,CT,AC,TT,CC,TT,AA,CC,TT,GG,GG,GG,AA,CC,TT,TT,TT,GG,TT,CC,CC,AG,GG,CC,CG,GG,CC,GG,AT,AA,CC,GT,GG,CC,CC,AT,AG,CG,AA,CC,AT,AA,AA,CG,AA,TT,AA,GG,AA,AA,AC,AA,GG,AG,AA,AA,AT,GG,AA,AA,AC,AC,TT,AA,AG,CG,NN,CG,TT,AA,AA,NN,TT,TT,AG,TT,GG,GG,AA,5.68,Moderate,Low,Premium,Late
L0863,Anantapur,Andhra Pradesh,Kharif,Red Sandy,Rainfed,390,31.0,52,AA,CT,AG,AA,GG,CC,GT,NN,CC,GG,AA,TT,CG,TT,TT,GT,GG,NN,TT,AA,CG,TT,TT,CC,TT,CC,TT,TT,GG,AA,TT,CT,AA,AC,GG,GG,GG,CC,NN,CC,TT,CT,AA,TT,AA,GG,TT,TT,CC,AC,GG,AT,AA,GG,CC,GT,AT,AA,GT,AA,NN,TT,TT,AA,CT,AT,CC,GG,TT,GG,AG,GG,CC,AA,GG,AA,AT,GG,TT,TT,GG,GG,GG,CC,AT,GG,AA,AT,CC,GT,CC,TT,CT,TT,TT,GG,TT,AC,GT,CC,CT,CC,AA,AA,TT,NN,CG,AA,AG,AA,CC,GG,TT,CG,GT,AA,AA,TT,CC,GG,CC,GG,CC,TT,TT,AA,CC,CC,CC,CC,AA,TT,CC,AA,CC,CC,AA,TT,AA,AT,GG,CT,CC,GG,AA,AA,AA,CC,NN,CC,CG,AA,GG,GG,TT,AG,CC,TT,CT,AA,CC,GT,TT,TT,CC,TT,TT,TT,AA,TT,GG,CG,AG,CT,CC,NN,GG,CC,AA,GG,AG,CC,TT,CC,GT,TT,GG,AT,AA,AA,TT,CC,GG,AA,CC,CC,GG,GG,AC,GG,TT,CC,AA,CC,GG,AA,CC,AA,AT,GG,TT,TT,AA,GG,GT,AA,CC,AT,GT,NN,GG,AA,CC,AA,AT,CC,CT,AA,CC,TT,CG,AG,CC,AA,CC,TT,TT,TT,GG,TT,AC,CC,GG,GT,CC,CC,GG,CC,GG,AA,AA,CC,TT,GG,CC,CG,AT,GG,CC,AA,CC,NN,AA,CC,CG,AC,TT,AA,GG,AA,AA,AA,AA,AG,AG,AG,AA,TT,GG,AA,AG,CC,AA,CT,AA,AA,GG,GG,GG,GT,AA,AG,GT,TT,TT,AA,TT,GG,GG,AA,3.07,Moderate,High,Premium,Late
L0864,Anantapur,Andhra Pradesh,Kharif,Red Sandy,Rainfed,390,31.0,52,AC,TT,GG,AG,CG,CC,NN,TT,CC,CG,AA,CT,CC,TT,TT,GG,GG,TT,NN,AA,CC,TT,GG,CC,AT,CC,GT,TT,NN,AA,TT,CC,AA,CC,GG,GG,GG,CC,GG,CC,TT,CT,AC,TT,AA,AG,CT,TT,CC,AC,GT,AT,AA,GG,CC,TT,AT,AC,GT,AC,AG,TT,AT,AA,TT,AT,CC,GG,TT,GG,AG,GG,CC,AA,GG,AA,AT,AG,TT,TT,GG,GG,GG,CC,AA,GG,AA,AA,CC,GT,CC,TT,CC,AT,TT,GG,TT,CC,GT,CC,CC,CG,AG,AA,AT,TT,CC,AA,AG,AA,CC,GG,TT,CC,NN,AA,AA,TT,CC,GG,CG,GG,CT,GG,CT,AG,CC,CC,CC,CC,AA,TT,AC,AA,CC,CT,AA,TT,AA,AA,GG,CC,CC,AG,AA,AA,AT,CC,GG,CC,CC,AG,AG,AG,TT,AG,AC,TT,TT,GG,AC,GT,TT,TT,NN,AA,GT,TT,NN,TT,GG,CC,AG,CC,CC,CC,CG,CC,AA,GG,AA,CC,TT,CC,GG,TT,GG,AT,AA,AA,TT,CC,GG,AA,CC,CC,GG,GG,AA,GG,TT,AA,AA,CC,GG,AA,CC,AA,AT,TT,TT,TT,AT,CG,GG,AT,GG,AT,GG,AA,GG,AA,CT,AA,TT,CC,CT,AC,CC,TT,GG,AG,GG,AG,CC,AT,CC,GT,GG,TT,AA,CC,AA,GT,CC,CG,GG,CC,GG,TT,AA,CG,GT,GG,CC,CG,AA,AG,CC,AA,CC,AA,AA,CC,GG,CC,TT,AA,GG,AA,AA,AC,AA,GG,GG,AA,AA,TT,GG,AA,AA,CC,AA,CT,AA,AA,CG,GG,GG,TT,AA,AG,NN,TT,TT,AA,TT,GG,CG,AA,3.34,Susceptible,Low,Poor,Medium
L0865,Anantapur,Andhra Pradesh,Kharif,Red Sandy,Rainfed,390,31.0,52,NN,TT,GG,AA,GG,CG,GT,AT,CC,CG,AA,CT,CC,AA,TT,GG,CG,TT,TT,AA,CG,TT,TT,CC,TT,CC,GT,AT,GG,AA,TT,CT,AG,AC,GG,GG,GG,CC,GG,CC,TT,CT,AA,TT,AA,AA,TT,TT,CC,AC,GT,AA,AG,GG,CC,TT,AT,AA,GT,AA,AA,TT,TT,AG,TT,AT,CC,GG,CT,GG,AA,GG,CC,AA,GG,AC,AT,NN,GT,CT,GG,GT,GT,CC,AA,GG,AA,AA,CG,GG,CC,TT,TT,TT,TT,GG,TT,CC,TT,CC,CC,CC,AG,AA,TT,TT,CG,AA,GG,AA,CC,GG,TT,CC,TT,AA,AC,TT,CC,AA,CG,GG,CC,GG,TT,AA,CT,CC,CC,CC,AA,GT,CC,AA,CC,CC,AA,TT,AA,AA,GG,NN,CC,GG,AA,AG,AA,AC,TT,CC,CG,AG,AG,GG,TT,AG,AA,TT,TT,AG,CC,TT,TT,CT,CC,AA,GT,CT,AA,TT,GG,CC,AA,CC,CC,CC,CG,CC,AA,GG,AA,CC,TT,CC,GT,GT,CG,TT,AA,AA,TT,CC,GG,AC,CC,CC,GG,GG,AC,GG,TT,CC,AA,CC,GG,AA,AC,AA,AA,GT,GT,AT,AT,CG,GT,NN,CG,TT,GT,AA,GG,AA,CT,AA,AT,CC,CT,AA,AC,CT,GG,AA,CG,AA,CC,AT,TT,NN,GG,TT,AC,CC,AA,GG,CC,CG,GG,CC,GG,TT,AA,CC,TT,GG,CC,CC,AA,AG,CG,AA,CC,AA,AA,AC,GG,AC,TT,AA,GG,AA,AA,AC,AA,GG,AG,AA,AA,TT,GG,AA,NN,AC,NN,TT,AG,AA,GG,GG,CG,TT,AA,AG,TT,TT,TT,AG,TT,GG,GG,AA,1.19,Moderate,High,Poor,Medium
L0866,Anantapur,Andhra Pradesh,Kharif,Red Sandy,Rainfed,390,31.0,52,AC,TT,AA,GG,GG,CG,GG,AT,CC,CG,AA,CC,CC,TT,GT,GG,GG,TT,AT,AA,CC,TT,GT,CC,AT,CC,TT,TT,GG,AA,TT,CT,AA,CC,GG,GG,GG,CC,GG,CC,TT,CC,AC,GT,AA,GG,TT,TT,CC,AC,GG,AA,AA,GG,CC,GT,AA,AA,GT,AA,AG,TT,AT,AG,NN,TT,CC,GG,TT,GG,AG,GG,CC,AA,GG,AA,AT,GG,GT,TT,GG,NN,GG,CC,AA,GG,AA,AA,CC,TT,AC,TT,CC,TT,TT,GG,TT,AC,TT,CC,CT,CC,GG,NN,TT,TT,CG,AA,AG,AC,CC,GG,GT,CG,TT,AA,AA,AT,CC,GG,CC,GG,CC,GG,NN,AG,CT,CC,CC,CC,AA,TT,CC,AA,CC,NN,AA,TT,NN,AA,GG,CC,CC,GG,AA,AG,NN,CC,GG,CC,CG,AA,AA,GG,TT,GG,AA,TT,CT,GG,AC,GT,GT,CT,CG,AT,TT,CT,AA,TT,GG,CC,AA,CT,CC,CC,CC,CC,AA,GG,AG,CC,TT,CC,GG,GG,CG,TT,AA,AA,TT,CC,GG,AA,CC,CC,GG,GG,AA,CG,TT,AA,AA,CC,GT,AA,CC,AA,AT,GG,GT,TT,AA,GG,GT,AT,CC,TT,GT,AA,GG,AA,TT,AC,TT,CC,CT,AA,CC,TT,CC,GG,CG,AG,CC,TT,TT,GT,GG,TT,AA,CC,AG,GG,CC,CC,GG,CC,GG,AT,AA,CC,GT,GG,CC,CC,AA,AG,CC,AA,CC,AT,AA,AC,CG,AC,TT,AA,GG,AA,AA,AC,AA,GG,AG,AA,AA,TT,GG,AA,AG,CC,AA,CT,AA,AG,CG,GG,GG,TT,AA,AA,GT,TT,TT,GG,TT,GG,CG,AA,2.34,Moderate,Medium,Poor,Early
L0867,Anantapur,Andhra Pradesh,Kharif,Red Sandy,Rainfed,390,31.0,52,AC,TT,NN,AA,GG,CC,GG,TT,CC,CG,AA,CC,CG,AT,TT,GT,CG,TT,TT,AG,CC,GT,TT,CC,TT,CC,TT,TT,GG,AA,TT,CC,AA,CC,GG,CG,GG,CC,GG,CC,TT,CT,AA,TT,AA,AG,TT,AT,CC,AA,GG,AA,AA,GG,CT,TT,AA,NN,TT,AC,AA,TT,AT,AA,TT,TT,CC,GG,TT,GT,AG,GT,AC,AA,GG,AA,AA,GG,TT,TT,GG,GG,GG,CC,AT,GG,AA,AT,CC,GT,NN,TT,TT,TT,GT,GG,NN,AC,TT,CC,CC,CG,AG,AA,TT,TT,CC,AA,AG,AA,CC,GG,TT,CG,TT,AA,AA,TT,CC,GG,CC,GG,CC,GT,TT,AG,CC,CC,CC,CC,AG,TT,CC,AA,CC,CT,AA,TT,AA,AT,GG,CT,CC,GG,AG,NN,AA,CC,GT,CC,CC,AA,AA,GG,GT,AG,AA,GT,CT,GG,AC,GT,GT,TT,CC,TT,TT,TT,AA,TT,GG,CC,AA,CC,CC,CC,GG,CC,AA,GG,AA,CC,TT,CC,GT,GT,GG,TT,AA,AG,TT,NN,GG,AC,CC,CC,GG,GG,AC,CG,TT,AA,AA,CG,NN,TT,AC,AT,AA,GG,GT,TT,TT,CG,GG,AA,CC,AT,GT,AA,GG,AA,CT,AA,TT,CG,CT,AA,CC,CT,GG,AG,CG,AG,CC,TT,CC,GT,GG,TT,AC,AC,AA,GG,CC,CC,GG,CC,GG,NN,AA,CC,TT,GG,CC,CG,AA,AG,CC,AA,CC,AT,AA,AC,CC,AA,TT,AA,GG,AA,AA,AC,AA,AG,GG,AA,AG,TT,GG,CC,AG,AA,AA,CT,AG,AA,GG,GG,GG,TT,AT,AA,TT,TT,TT,AA,TT,GG,GG,AA,2.94,Susceptible,Low,Poor,Early
L0868,Anantapur,Andhra Pradesh,Kharif,Red Sandy,Rainfed,390,31.0,52,AC,CT,GG,AA,GG,CC,GT,TT,CC,CG,AA,CT,GG,TT,TT,GT,GG,TT,TT,NN,CC,TT,GT,CC,TT,CC,TT,AT,GG,AA,CT,CT,AA,CC,GG,GG,GG,CC,GG,CC,TT,CT,AA,TT,AA,AA,TT,AA,CC,AC,GG,AA,AA,GG,CC,TT,AA,AC,GT,AA,NN,TT,TT,AA,TT,AT,CC,GG,CT,GG,AA,NN,CC,AA,AA,AC,AA,GG,TT,CT,GG,GG,GT,CC,AT,GG,AG,AA,CC,GT,CC,TT,CC,AT,GT,GG,TT,CC,TT,CC,TT,CG,AA,AA,TT,GT,CC,AA,AA,AC,CC,GG,TT,CC,GT,AA,AA,TT,CC,GG,CC,GG,CT,GT,TT,AA,CT,CC,CC,CC,AA,TT,CC,AA,CC,CC,AA,AT,AA,AA,GG,CC,CC,GG,AA,GG,AA,CC,GG,CC,CC,AA,AA,GG,TT,GG,AA,TT,TT,AG,AA,TT,TT,TT,CC,AA,TT,TT,AA,AT,GG,CC,AA,CT,CC,CC,CG,CC,AA,GG,AG,CC,TT,CC,GT,TT,GG,TT,AA,AA,TT,CC,CG,AC,AC,CC,GG,GG,AA,GG,TT,AC,AA,CC,NN,AA,AC,AA,AA,GG,GT,AT,AA,CG,NN,AT,CC,TT,TT,NN,GG,AA,CT,AA,TT,CC,TT,AA,AC,TT,GG,AG,CC,AG,CC,TT,TT,TT,GG,TT,CC,CC,AA,GT,CG,GG,GG,CC,GG,AT,AG,CC,TT,AG,NN,CG,AA,GG,CC,AT,CC,AA,AA,AC,CC,CC,TT,AA,GG,AA,AA,AA,AA,GG,GG,AA,AG,AT,CG,AA,AG,CC,NN,TT,AG,AA,CG,NN,GG,TT,AA,AG,GT,TT,TT,AG,TT,CG,CG,AA,1.88,Resistant,Medium,Poor,Early
L0869,Anantapur,Andhra Pradesh,Kharif,Red Sandy,Rainfed,390,31.0,52,AC,TT,AG,AA,CG,CC,GG,TT,CC,CC,AT,CC,NN,AT,TT,GG,GG,TT,AT,AA,CC,TT,GT,CC,TT,CC,TT,TT,GG,AA,TT,CC,AA,CC,GG,CG,GG,CG,GG,CC,NN,CC,AA,TT,AA,AA,TT,TT,CC,AC,GG,AA,AA,GG,CC,GT,AT,AA,GT,AA,AA,TT,TT,AA,CT,NN,CC,GG,TT,GG,AA,GG,CC,AA,GG,AA,AA,GG,TT,TT,GG,NN,GG,CC,AA,GG,AA,AA,CC,TT,CC,TT,CC,TT,GG,AG,TT,AC,TT,CC,CC,CG,GG,AA,TT,TT,CC,AA,GG,AA,CC,GG,TT,CC,NN,AA,AA,TT,CG,GG,CG,GG,CC,GG,CT,AG,CC,CC,CC,CC,AA,TT,AA,AA,CC,CC,AA,TT,AA,AA,GG,NN,CC,GG,AA,AA,AA,AC,GG,CC,CC,AA,GG,GG,TT,GG,AA,TT,TT,GG,AC,TT,TT,CT,CC,AA,GT,CT,AT,TT,CG,CC,AA,CC,CC,AC,GG,CC,AA,GG,AG,CC,TT,CC,GG,GT,NN,AA,AA,AA,TT,CC,GG,AA,CC,NN,GG,AG,CC,GG,TT,AC,AA,CC,GG,AA,CC,AA,AA,GG,TT,TT,AA,GG,GT,AT,CG,AT,TT,AT,GG,AA,TT,AA,TT,CC,CT,AC,AA,TT,GG,AG,CC,AG,CC,TT,TT,GT,GG,AT,CC,CC,AG,GG,CC,CG,GG,CC,GG,AT,AA,CC,TT,GG,CC,CC,AA,GG,CC,AA,CG,AA,AA,AC,CC,AC,TT,AA,GG,AA,AA,AC,AA,GG,AG,AA,AG,TT,GG,AA,AG,AC,AA,TT,AA,AG,GG,GG,CG,TT,AT,AG,TT,TT,TT,AA,AT,GG,GG,NN,2.74,Resistant,Low,Poor,Early
L0870,Anantapur,Andhra Pradesh,Kharif,Red Sandy,Rainfed,390,31.0,52,AC,CT,GG,GG,GG,CC,GG,TT,CC,CC,AA,CC,CG,TT,GT,GG,CG,TT,TT,AG,CC,GT,GT,CC,TT,CC,TT,TT,GG,AA,CT,CT,AA,CC,GG,GG,GG,CC,GG,CC,TT,TT,AA,TT,AA,AG,TT,AA,CC,CC,GG,AA,AG,GG,CC,TT,AA,AC,GG,AA,AG,TT,TT,AA,TT,TT,CC,GG,TT,GT,AA,GG,AC,AA,GG,AC,AA,GG,GT,TT,GG,GG,GG,CC,AA,GG,AA,AA,CC,GT,AC,TT,CC,TT,TT,GG,TT,NN,TT,CC,CC,CC,AG,AA,TT,TT,CG,AA,GG,AA,CT,GG,TT,CC,GT,AC,AA,TT,CC,GG,CC,GG,CC,GG,TT,AA,CC,CC,CC,CC,AA,TT,CC,AA,CC,CC,AA,TT,AA,AA,GG,CT,CG,GG,AA,AG,AA,CC,GG,CC,CC,AA,AA,GG,TT,GG,AC,TT,CT,GG,CC,NN,TT,CT,CC,AT,GT,CT,NN,TT,GG,CC,AA,TT,CC,CC,CG,AC,AA,GG,AA,CC,TT,CC,TT,TT,CG,TT,AA,AG,TT,CC,GG,AA,CC,CC,CG,NN,AC,GG,TT,AA,AA,CG,GG,AA,AC,AA,AT,GT,TT,AT,AT,CG,GT,AA,CG,TT,GT,AA,GG,AG,TT,AA,TT,CC,TT,AA,AC,TT,GG,AA,GG,AG,CC,TT,CT,GT,GG,TT,AA,AC,AG,GG,CC,CC,GG,CC,GG,AT,AA,CG,TT,GG,CC,CC,AT,GG,CC,AA,CC,AT,AA,AC,CG,CC,AT,AA,GG,AA,AA,CC,AA,GG,AA,AG,AA,AT,GG,AA,AG,AC,AA,TT,AA,AG,CG,GG,GG,GT,AT,AA,TT,TT,TT,AG,TT,GG,GG,AA,3.28,Susceptible,High,Poor,Medium
L0871,Anantapur,Andhra Pradesh,Kharif,Red Sandy,Rainfed,390,31.0,52,AA,CT,GG,AA,GG,CG,GG,TT,CC,CG,AA,CT,CC,AT,TT,GG,CG,TT,TT,AA,CC,TT,TT,CC,TT,CC,TT,AT,GG,AC,TT,CT,AA,CC,GG,CG,GG,CC,GG,AC,TT,CT,NN,GT,AA,AG,TT,AA,CC,AC,GG,AT,GG,GG,CC,GG,AA,AC,GG,CC,AG,TT,AT,NN,TT,AT,CC,GG,TT,GT,AA,GG,CC,AA,GG,AC,NN,AG,TT,TT,GG,GT,GG,CC,AT,GG,AA,AA,CG,GT,CC,TT,CT,AT,TT,GG,TT,AC,GT,CC,CT,CG,GG,AA,AT,TT,CG,AA,AG,AA,CC,GG,GT,CC,TT,AA,AA,TT,CC,AG,CC,GG,CC,GT,TT,AA,CT,CC,CC,CC,AA,TT,CC,AA,CC,CC,AA,AA,AA,AT,GG,CT,CG,AG,AA,GG,AA,CC,GG,CC,CC,AA,AA,GG,TT,GG,AA,TT,NN,GG,CC,GT,TT,TT,CC,AA,TT,TT,AT,TT,GG,CC,AA,CC,CC,CC,CG,CC,AA,GG,AA,CC,TT,CC,TT,TT,CG,TT,AA,AG,TT,AC,GG,AA,AC,CC,GG,GG,AA,CG,TT,AA,AA,NN,GG,AT,AC,AA,AT,GG,TT,NN,AA,GG,GG,AA,NN,AA,GG,AA,GG,AA,CT,AC,TT,CC,CT,AA,CC,CT,GG,NN,CC,AG,CC,TT,TT,GT,GG,TT,AA,AC,AG,GG,CC,CC,GG,CC,GG,AA,AA,CG,TT,GG,CC,CG,AA,AG,CG,AA,CC,AT,AG,CC,CG,CC,TT,AA,GG,AA,AA,NN,AA,AA,GG,AG,AA,TT,GG,AA,AA,CC,AC,CT,AA,AA,GG,GG,GG,TT,AA,AA,GT,TT,TT,AA,TT,GG,GG,AA,3.74,Susceptible,Low,Standard,Late
L0872,Anantapur,Andhra Pradesh,Kharif,Red Sandy,Rainfed,390,31.0,52,AA,CT,AG,AG,GG,CC,GT,TT,CC,CG,AA,CC,CG,AT,TT,GG,CG,AT,TT,AA,CC,TT,GT,CC,TT,CC,GT,TT,GT,AA,TT,CC,AA,CC,GG,CG,GG,CG,GG,CC,GT,CT,AA,TT,AA,GG,TT,TT,CC,NN,GT,AT,AA,GG,CC,TT,AA,AA,GT,AA,AA,GT,AT,AA,TT,TT,CC,GG,TT,GT,AA,GG,CC,NN,AG,AA,AT,AG,TT,TT,GG,TT,GT,CC,AA,AG,AA,AA,CG,NN,CC,TT,CT,TT,TT,GG,TT,CC,TT,CC,NN,CC,AG,AA,TT,TT,NN,AA,AG,AA,CC,GG,TT,CG,TT,AA,AA,TT,CC,GG,CC,AG,CC,GT,TT,AA,CC,CC,CC,CC,AA,GT,CC,AA,CC,CC,AA,TT,AG,AT,GG,CC,CC,GG,AA,AA,AA,CC,GG,CC,CC,AA,GG,GG,GT,GG,CC,TT,TT,GG,CC,TT,TT,TT,CC,AA,TT,TT,AT,TT,NN,CC,AG,CC,CC,CC,CG,NN,AA,GG,AG,CC,TT,CC,GT,GT,GG,TT,AA,AA,TT,CC,GG,AA,CC,CG,GG,GG,AA,GG,TT,AC,AA,NN,GG,AA,AC,AA,AA,GG,TT,AT,AT,GG,GT,AA,CC,AT,GT,AA,GG,AA,TT,AC,TT,CC,CT,AA,CC,TT,GG,AG,CG,AG,CC,TT,CT,GG,GG,TT,AA,NN,AG,GG,CC,CG,GG,CC,GG,AT,AA,CC,TT,GG,CC,CC,AA,GG,CC,AT,CC,AA,AA,CC,CG,CC,TT,AA,GG,AA,AA,AA,AA,AG,AA,AA,AA,TT,GG,AA,AA,CC,AA,CT,AA,AA,GG,GG,GG,TT,AA,AG,NN,TT,TT,AG,TT,GG,GG,AA,2.56,Moderate,Low,Premium,Medium
L0873,Anantapur,Andhra Pradesh,Kharif,Red Sandy,Rainfed,390,31.0,52,AA,TT,GG,AA,GG,CC,GG,AT,CC,CG,AA,CC,CC,TT,TT,GG,GG,TT,TT,AA,CC,TT,GT,CC,AT,CC,GT,AT,GT,AA,TT,CC,AA,CC,GG,CG,GG,CG,GG,CC,TT,CT,AC,GT,AG,AG,TT,AT,CC,CC,GT,AT,AA,GG,CT,TT,AA,AA,GT,AA,GG,GT,TT,AA,CT,TT,CC,GG,CT,GT,AA,GG,CC,AA,GG,CC,AA,AG,TT,TT,GG,GG,GT,CC,AA,GG,AA,AA,CC,TT,CC,TT,CC,TT,TT,GG,TT,NN,TT,NN,CC,CC,AG,AA,TT,TT,CG,AG,AG,AA,CC,GT,TT,CC,GT,AC,AA,TT,CC,AG,CC,AG,CC,GT,CT,AA,CC,CC,CC,CC,AA,TT,CC,AA,CC,CC,AA,AT,AG,AT,GG,CT,CC,GG,AA,GG,AA,CC,GG,CC,CC,AA,AA,AG,GT,GG,AA,TT,CT,GG,CC,GT,GT,TT,CC,AA,GT,NN,AT,TT,GG,CC,AA,CT,NN,CC,GG,CC,AA,GG,AG,CC,TT,CC,GG,GT,GG,TT,AA,AA,TT,CC,GG,AA,CC,CC,GG,GG,CC,GG,TT,AC,AA,CC,GG,AA,CC,AA,AA,GG,TT,TT,AT,CG,GG,TT,NN,AT,TT,AA,GG,AA,CT,AA,TT,CC,CT,AC,CC,TT,GG,AA,CG,AA,CC,TT,TT,GT,GG,TT,AA,CC,AA,GG,CC,CC,GG,CC,GG,AT,AA,GG,GG,GG,CG,CC,AA,GG,CG,AA,CC,AT,AA,AC,GG,CC,TT,AA,GG,AA,AC,AA,AA,AA,AA,AG,AA,TT,CG,AA,AA,AC,AC,TT,AG,AG,GG,AG,GG,TT,AA,AG,TT,TT,TT,AA,TT,GG,GG,AA,0.56,Moderate,Low,Standard,Medium
L0874,Anantapur,Andhra Pradesh,Kharif,Red Sandy,Rainfed,390,31.0,52,AC,CT,GG,AA,GG,CG,GT,TT,CC,CG,AT,CC,CC,TT,GT,NN,CG,TT,TT,AA,CG,TT,TT,CC,TT,CC,TT,AT,GG,AA,TT,CC,AA,CC,GG,GG,GG,CG,GG,CC,TT,CC,AA,TT,AG,AG,TT,AT,CC,AC,GG,AA,AG,GG,CT,TT,AA,AC,NN,AA,AA,GT,AT,AA,TT,TT,CC,GG,TT,GG,GG,GG,CC,AA,GG,AC,AT,GG,TT,TT,AG,GG,GG,CC,AA,GG,AA,AA,CG,GT,CC,TT,CT,TT,GT,GG,TT,CC,GT,CC,CC,CG,AG,AA,TT,TT,CC,AA,AG,AC,TT,GG,TT,CC,TT,AA,AA,TT,CG,GG,CC,AG,CC,GT,TT,AA,CC,CC,CC,CC,AG,TT,CC,AA,CC,CT,AA,AT,AG,AA,GG,CC,CC,GG,AG,AA,AA,CC,GG,CC,CC,NN,AG,AG,TT,GG,AA,GT,TT,GG,AC,TT,TT,TT,CC,AT,GT,CT,AA,AT,NN,CC,AG,TT,CC,CC,CG,CC,AA,GG,AG,CC,TT,CG,GT,TT,GG,AT,AA,AG,TT,CC,GG,AA,CC,CC,GG,GG,AA,GG,TT,AA,NN,CC,GG,AA,CC,AA,AT,GT,TT,TT,AT,GG,TT,AA,CC,TT,GT,AA,GG,AA,TT,AA,TT,CC,TT,AA,AC,TT,GG,AG,CC,GG,CC,TT,CT,TT,GG,AT,AA,AA,AG,GG,CC,CG,GG,CC,GG,AA,AA,CG,GT,GG,CC,CC,TT,GG,CC,AA,CG,AA,AA,AC,CG,CC,TT,AA,GG,AA,AC,AA,AA,AG,AA,AA,AA,TT,GG,AC,AG,AA,AA,CT,AG,AG,GG,GG,GG,TT,AA,AA,TT,TT,TT,AG,AA,GG,GG,AA,1.3,Susceptible,High,Poor,Late
L0875,Anantapur,Andhra Pradesh,Kharif,Red Sandy,Rainfed,390,31.0,52,CC,TT,GG,GG,CG,CG,GT,TT,CC,CG,AA,CT,GG,TT,TT,GG,GG,TT,TT,AG,CC,TT,GT,CC,TT,CC,GT,TT,GG,AC,TT,CT,AA,CC,GG,GG,GG,CC,NN,CC,TT,TT,AC,TT,AG,GG,TT,AT,CC,AA,GT,AA,GG,GG,CC,TT,AA,AA,GT,AC,AA,TT,TT,AG,NN,TT,CC,GG,TT,GT,AA,GG,CC,AA,GG,AC,AT,GG,TT,TT,GG,GG,NN,CC,TT,GG,AA,AA,CC,TT,CC,TT,TT,AT,TT,GG,TT,CC,GT,CC,CT,CC,AG,AA,TT,TT,CC,AA,AG,AA,TT,GG,TT,CC,TT,AA,AC,TT,CC,GG,CC,GG,NN,GG,TT,AA,CC,CC,CC,CC,AA,GT,CC,AA,CC,CC,AA,AT,AA,AT,GG,CT,CC,GG,AA,AG,AA,CC,GG,CC,CC,AA,AA,GG,TT,GG,AC,TT,TT,GG,CC,TT,TT,TT,CC,AT,GT,TT,AA,TT,CG,CG,AG,CT,AA,CC,CG,AC,AA,GG,AG,CC,TT,CC,TT,GT,CG,AT,AA,NN,TT,CC,GG,AC,CC,CC,NN,GG,AC,CG,TT,AA,AA,CG,GG,AA,CC,AT,AT,GG,TT,TT,AA,CG,TT,AA,CC,NN,TT,AA,GG,AA,CT,AC,TT,CC,CT,AA,NN,TT,GG,GG,CC,AG,CC,AT,TT,GT,GG,TT,AA,CC,AA,GG,CC,CC,CG,CC,GG,AT,AA,CC,TT,GG,CC,CG,AA,NN,CG,AA,CC,AA,AA,AC,CG,CC,AT,AA,GG,AA,AA,AA,AA,AG,AA,AA,AA,TT,GG,AC,AA,AC,AC,TT,AA,AA,GG,GG,CG,TT,AA,AG,TT,TT,TT,AG,AT,GG,GG,AA,3.03,Moderate,Low,Standard,Early
L0876,Anantapur,Andhra Pradesh,Kharif,Red Sandy,Rainfed,390,31.0,52,AA,CT,GG,AA,GG,CC,GT,TT,CC,CG,AA,CC,GG,TT,TT,GG,CG,AT,TT,AA,CC,GG,GT,CT,TT,CC,TT,TT,GT,AA,TT,CT,AA,CC,GG,GG,GG,CG,GG,CC,TT,TT,AA,TT,AG,GG,TT,TT,CC,CC,GG,AT,AA,GG,CC,TT,AA,AA,GG,AA,AG,TT,AT,AG,TT,TT,CC,GG,CT,GT,NN,GT,CC,AA,GG,AC,AA,GG,GT,TT,GG,GT,GT,CC,AA,GG,AG,AT,CC,GT,CC,TT,TT,TT,TT,GG,TT,CC,TT,CC,CT,CG,AG,AA,TT,TT,CC,GG,GG,AA,TT,GG,TT,CC,TT,AA,AA,TT,CG,GG,CC,AG,CC,GG,CT,NN,NN,CC,CC,CC,AA,TT,CC,AA,CC,CC,AA,TT,AA,AA,GG,CC,CC,GG,AA,GG,AA,CC,GT,CC,CC,AA,AA,GG,TT,AG,AA,TT,TT,AG,CC,TT,TT,TT,CC,AT,TT,TT,AA,TT,GG,CC,GG,CC,CC,CC,CG,CC,AA,GG,AG,CC,TT,CC,TT,TT,GG,TT,AA,AA,TT,AC,GG,AA,AC,CC,GG,GG,AA,GG,TT,AA,AA,CC,GG,AA,AC,AA,AA,GT,GT,TT,AA,CG,TT,AT,CC,TT,TT,NN,GG,AA,TT,AA,TT,CC,TT,AC,CC,CT,CG,AG,CC,NN,CC,TT,CT,TT,GG,TT,AA,AA,AA,GG,CC,CC,GG,CC,GG,TT,AG,CC,GT,GG,CC,CC,NN,GG,CC,AT,CC,AA,AA,AC,CG,AC,TT,AA,GG,AA,AA,AA,AA,AG,AG,AA,AA,TT,GG,AC,AA,AC,AA,CT,AA,AA,GG,GG,GG,GT,AA,AA,TT,TT,TT,GG,AT,GG,GG,AA,3.32,Moderate,Low,Premium,Medium
L0877,Anantapur,Andhra Pradesh,Kharif,Red Sandy,Rainfed,390,31.0,52,AC,TT,AG,AA,GG,CG,GT,TT,CC,GG,NN,CC,CC,AT,TT,NN,CG,TT,TT,AA,CC,GT,TT,CC,TT,CC,TT,TT,GT,AA,TT,CT,AA,CC,NN,GG,GG,CG,GG,CC,TT,TT,AA,TT,AA,GG,TT,AT,CC,AC,GG,AA,AG,GG,CC,TT,AT,AA,GT,AA,AA,TT,AT,AA,TT,TT,CC,GG,TT,GG,AA,GG,CC,AA,NN,AC,AT,GG,NN,TT,GG,GT,GT,NN,AA,GG,AA,AA,CC,GT,CC,TT,CC,TT,TT,GG,CT,NN,TT,CC,CT,CG,GG,AA,AT,TT,CC,AG,AA,AA,TT,GG,TT,CG,GT,AA,AA,TT,CC,GG,CC,AG,CC,GT,TT,AA,CT,CC,CC,CG,AA,TT,CC,AA,CC,CC,AA,AT,AA,NN,GG,CT,CC,GG,AA,AA,AA,CC,GG,NN,CC,AA,AG,GG,TT,AG,AC,GT,TT,AG,AA,TT,GT,CT,CC,AT,GT,TT,AT,TT,GG,CC,AG,CT,AC,CC,GG,CC,AT,GG,AA,CC,TT,CC,GT,GT,GG,AT,AA,AA,TT,AC,GG,AA,AC,CC,GG,GG,AC,GG,TT,AA,AG,CC,GG,AT,CC,AA,AT,GT,GG,TT,AA,GG,GT,AT,CC,TT,GG,AA,GG,AA,TT,AA,TT,CG,TT,AA,CC,TT,GG,AA,CG,AA,CC,TT,CT,TT,GG,TT,AA,CC,GG,GG,CC,CC,GG,CG,GG,AT,AA,CC,NN,GG,CC,CC,AT,AG,GG,AT,CC,AA,AG,AA,NN,AC,AT,AA,GG,AA,AA,AA,AA,AG,AA,AA,AA,TT,GG,AA,AA,CC,AA,TT,AA,AA,GG,GG,GG,TT,AA,AA,TT,TT,TT,AG,TT,GG,GG,AA,2.02,Susceptible,High,Poor,Early
L0878,Anantapur,Andhra Pradesh,Kharif,Red Sandy,Rainfed,390,31.0,52,AC,TT,GG,NN,GG,CC,GT,TT,CC,CC,AA,CT,CC,TT,TT,GG,GG,TT,TT,AG,CC,GT,GG,CC,TT,CC,TT,TT,GG,AA,CT,CT,AA,AC,GG,GG,GG,CC,GG,CC,NN,CC,AC,TT,AG,GG,TT,TT,CC,CC,GG,AA,AA,GG,CC,GT,AA,AC,GT,AC,AA,TT,AT,AA,TT,TT,CC,GG,TT,GG,AA,GG,CC,AA,GG,AA,AA,GG,TT,TT,GG,GT,TT,CC,AA,AG,AA,AA,CC,NN,CC,TT,CT,TT,TT,GG,TT,CC,GT,CC,CC,CG,AG,AA,AT,TT,CC,AA,AG,AA,CT,GG,TT,CC,NN,AA,AA,TT,CC,AG,NN,GG,CC,GG,TT,AA,CT,CC,CC,CG,AA,NN,CC,AA,CC,CC,AA,AT,AA,AA,GG,CC,CC,GG,AA,AG,AA,CC,GT,CC,CC,AA,NN,GG,TT,GG,AC,TT,CT,GG,CC,TT,GT,TT,CC,AT,TT,CT,AA,AT,GG,NN,AA,TT,CC,CC,GG,CC,AA,GG,AA,CC,TT,NN,GT,GT,GG,TT,NN,AA,TT,CC,GG,AA,CC,CC,GG,GG,AA,GG,TT,CC,AG,CG,GG,AA,CC,AT,AT,GT,TT,TT,AA,CG,GT,AA,CC,TT,TT,AA,GG,AA,TT,AA,TT,CC,NN,AA,AC,CC,GG,AG,CC,GG,CC,TT,TT,TT,GG,TT,AA,AC,AG,GG,CC,CC,GG,CC,GG,AA,AA,CC,TT,GG,CC,CC,AA,GG,CC,TT,CG,AA,AA,AC,CC,NN,TT,AA,GG,AA,AA,NN,AA,GG,GG,AA,AA,TT,GG,AA,AG,CC,AA,CT,AA,AA,GG,GG,GG,NN,AT,AA,TT,TT,TT,AG,TT,GG,CG,AA,4.3,Susceptible,High,Premium,Early
L0879,Anantapur,Andhra Pradesh,Kharif,Red Sandy,Rainfed,390,31.0,52,AC,TT,GG,GG,GG,CC,GG,AT,CC,GG,AA,CT,CC,AT,TT,GT,CG,TT,TT,AA,CC,GT,GT,CT,TT,CC,GT,TT,NN,NN,CT,CC,AA,CC,GG,GG,GG,CC,GG,CC,TT,TT,AA,TT,AG,GG,TT,AT,CC,CC,GG,AA,AA,GG,CC,GT,AT,AA,GT,AC,AA,TT,TT,AA,CT,AT,CC,GG,TT,GG,AA,GG,CC,AA,GG,AC,AA,GG,TT,TT,GG,GG,GT,CC,AA,GG,AA,AA,CC,GT,CC,TT,CT,TT,GT,AA,TT,CC,TT,CC,CC,CC,GG,AA,AT,TT,CC,AA,AA,AA,CC,GG,TT,CG,TT,AA,AC,TT,CG,GG,CG,GG,CC,GG,CT,AA,CT,CC,CC,CC,AA,TT,CC,AA,CC,CC,AA,AT,AA,AA,GG,CC,CC,GG,AA,GG,AA,CC,GG,CC,CC,AA,AA,AG,TT,GG,AA,GT,CT,GG,CC,TT,GT,TT,CG,AA,TT,CT,AA,TT,GG,CG,AA,CC,CC,CC,CG,CC,AA,GG,AA,CC,GT,CC,GG,GT,GG,TT,AA,AG,TT,CC,GG,AA,AC,CC,GG,GG,AC,GG,TT,AA,AA,CC,GG,AA,CC,AA,AA,GT,TT,AT,AA,GG,GG,AT,CC,TT,TT,AA,GG,AA,CC,AA,TT,CG,TT,AC,AC,TT,CC,AA,CG,AG,CC,TT,CT,GT,GG,TT,AA,AC,AA,GG,CC,CG,GG,CG,GG,AT,AA,CC,TT,GG,CC,CG,AA,GG,CC,AA,CC,AA,AA,AC,GG,AC,TT,AA,GG,AA,AC,AC,AA,AA,GG,AA,AA,AT,GG,AA,AG,AC,AA,TT,AA,AA,GG,GG,GG,TT,AA,AA,GT,TT,TT,AG,TT,CG,GG,AC,3.52,Resistant,Low,Premium,Late
L0880,Anantapur,Andhra Pradesh,Kharif,Red Sandy,Rainfed,390,31.0,52,AC,TT,AG,AA,GG,CC,GT,TT,CC,CG,AA,CC,CC,TT,GT,GG,CG,TT,TT,AG,CC,TT,TT,CC,TT,CC,TT,AT,GG,AA,TT,CC,AA,CC,GG,GG,GG,CC,GG,CC,TT,CT,AC,TT,AG,AG,CT,TT,NN,AC,GT,AA,AA,GG,CC,TT,AT,AA,TT,AC,GG,TT,AT,AG,TT,TT,CC,GG,TT,GG,AA,GG,CC,AA,GG,CC,TT,GG,TT,TT,GG,GT,GG,CC,AA,GG,AA,AA,CG,TT,CC,TT,TT,AT,TT,GG,TT,CC,GT,CC,CT,CC,AG,AA,AT,TT,CG,AA,GG,AA,CC,GG,TT,CG,TT,AC,AA,TT,CG,GG,CC,GG,CC,GT,TT,AA,CC,CG,CC,CC,AA,GT,AC,AA,CC,CC,AA,TT,AA,AA,GG,CC,CC,GG,AA,AG,AA,CC,GG,CG,CC,AG,AG,GG,GT,AA,CC,TT,CC,GG,CC,TT,GT,CT,CC,AA,TT,TT,AT,TT,GG,CC,AG,CC,CC,CC,GG,CC,AA,GG,GG,CC,TT,CC,GG,GT,CG,AT,AG,AA,TT,CC,CG,AC,CC,CC,GG,AG,AC,GG,TT,AC,AA,CC,NN,AA,AC,AA,AT,GG,TT,TT,AT,GG,GT,AT,CC,AT,TT,AT,GG,AA,CT,AA,TT,CC,CT,AA,CC,TT,GG,GG,CC,AA,AC,TT,CC,TT,GG,TT,AC,CC,AA,GT,NN,CC,GG,CC,GG,AT,AA,CC,TT,GG,CC,CC,AT,AG,CC,AA,CC,AA,AA,AC,CC,CC,TT,AA,GG,AA,AC,AA,NN,GG,AA,AG,AA,TT,GG,AA,AG,AA,CC,CT,AG,AA,CG,GG,GG,GT,AA,AA,TT,TT,TT,AA,TT,GG,GG,AA,2.46,Moderate,Low,Premium,Late
L0881,Anantapur,Andhra Pradesh,Kharif,Red Sandy,Rainfed,390,31.0,52,AC,TT,GG,AA,GG,CG,GG,TT,CC,CC,AA,CT,CC,TT,TT,GG,GG,TT,TT,AA,CC,GT,TT,CC,TT,CC,TT,AT,GG,AA,TT,TT,AA,CC,GG,CC,GG,CC,GT,CC,TT,TT,AA,TT,AG,AG,CT,AT,CC,CC,GT,AA,AA,GG,CT,GT,AT,AC,GT,AA,AG,GT,TT,AA,CT,TT,CT,GG,TT,GG,AA,GG,NN,AA,GG,CC,AT,GG,TT,TT,GG,GT,GG,CC,AT,AG,AA,AA,CC,NN,CC,TT,TT,TT,TT,GG,TT,CC,TT,CT,TT,CC,GG,AA,TT,TT,CC,AA,GG,AA,CT,GG,GT,CC,TT,AA,AA,TT,CC,AG,CG,GG,CC,GG,CT,AA,CC,CC,AA,CC,AA,GT,CC,AA,CC,CT,AA,AT,AA,AA,GG,CT,CC,GG,AA,AG,AA,CC,GG,CC,CC,AA,AA,AG,GT,AG,AC,TT,CC,GG,AC,TT,TT,TT,CC,AA,NN,CT,TT,AT,CG,CG,AA,CC,CC,CC,GG,CC,AA,GG,GG,CC,TT,CC,GT,GT,CG,AT,AA,AA,TT,AC,GG,AA,AC,CC,GG,GG,AC,GG,TT,AA,AA,CC,GG,AT,CC,AA,AA,GG,TT,AT,TT,GG,GG,AA,CC,TT,TT,AA,GG,AA,TT,AA,TT,CC,CT,AA,CC,TT,GG,NN,CC,GG,CC,TT,CT,GT,GG,AT,AA,AC,AA,GG,CC,CC,GG,CC,GG,NN,AA,CC,TT,GG,CC,CG,AA,GG,CC,AA,CC,AA,AA,CC,GG,AC,TT,AA,CG,AA,AC,AC,AC,GG,NN,AA,AA,TT,CG,AC,AA,AC,AA,CT,AA,AA,GG,AG,GG,TT,AA,AG,TT,TT,TT,AG,TT,GG,CG,AA,6.01,Moderate,Low,Poor,Early
L0882,Anantapur,Andhra Pradesh,Kharif,Red Sandy,Rainfed,390,31.0,52,AC,CT,AG,GG,GG,CG,GG,TT,CC,CC,NN,CC,CG,AA,TT,GT,CG,TT,TT,AA,CC,TT,TT,CT,TT,CC,TT,AT,GG,AA,TT,CC,AA,CC,GG,CG,GG,CC,GG,CC,TT,CT,AA,TT,AA,AG,CT,AT,CC,AA,GG,AT,AA,GG,CC,TT,AA,CC,GT,CC,AA,TT,TT,AG,TT,AT,CC,GG,CT,GT,AA,GG,CC,AA,GG,AA,AT,GG,TT,TT,GG,GG,TT,CC,AA,GG,AG,AA,CC,GT,CC,TT,CT,AT,GT,GG,TT,CC,TT,CC,CC,CC,AG,AA,TT,TT,CC,AG,AG,AA,CC,GG,TT,CC,GT,AA,AA,TT,CC,GG,CC,GG,NN,GT,TT,AA,CC,CC,CC,CC,NN,TT,CC,AA,CC,CC,AA,TT,AA,AA,GG,CC,CC,GG,AA,AA,AA,CC,GG,CC,CC,AA,AA,GG,TT,GG,AC,TT,CT,AA,AC,TT,TT,TT,CC,AA,TT,TT,AA,TT,GG,CG,AG,CC,CC,CC,CG,CC,AA,GG,GG,CC,TT,CC,TT,GG,GG,AA,AA,AA,TT,AC,GG,AA,CC,CC,GG,AG,AA,GG,TT,AA,AA,CC,GT,AA,CC,AA,AT,GG,TT,TT,AA,GG,GG,TT,CC,AT,TT,AA,GG,AA,TT,AA,TT,CC,TT,AA,CC,CT,GG,AG,CG,AG,CC,TT,CT,TT,GG,TT,AA,AA,AG,GG,CC,CC,GG,NN,GG,TT,AG,CC,GT,GG,CC,CC,AT,GG,CC,AT,CG,AT,AA,CC,CG,AA,AT,AA,GG,AA,AA,AA,AA,AG,AG,AA,AA,AA,GG,AC,AA,AA,AA,TT,AA,AG,GG,GG,GG,TT,AT,AA,TT,TT,TT,AG,TT,GG,GG,AA,2.28,Susceptible,Low,Poor,Late
L0883,Anantapur,Andhra Pradesh,Kharif,Red Sandy,Rainfed,390,31.0,52,AC,TT,GG,AG,GG,CC,GG,AT,CC,CC,AT,TT,CC,TT,TT,GG,GG,TT,TT,AG,CG,TT,TT,CC,TT,CC,TT,AT,GG,AA,TT,CC,AA,CC,GG,CG,NN,CC,GG,NN,TT,CT,AA,TT,AA,AG,TT,TT,CC,NN,GG,AA,AA,CG,CT,GT,AA,AA,GG,AA,AA,TT,TT,AA,TT,TT,CC,GG,TT,GG,AG,GT,CC,AA,AG,AA,AA,GG,TT,TT,GG,TT,GT,CC,AT,GG,AA,AA,CC,GT,CC,TT,CT,TT,TT,GG,TT,CC,TT,CC,CC,CG,AA,AA,TT,TT,CC,AA,AG,AA,CT,GG,TT,CG,TT,AA,AA,TT,CC,GG,CC,GG,CC,GG,CT,AA,CC,CC,CC,CC,AA,TT,CC,AA,CC,CC,AA,TT,AA,AA,GG,CC,CC,GG,AA,AG,AA,NN,GG,CC,CC,AG,GG,GG,GT,GG,AA,TT,TT,GG,CC,GT,TT,TT,CC,AA,TT,TT,AA,AT,GG,CC,AG,CC,AC,NN,GG,AC,AA,GG,AG,CC,TT,GG,GT,TT,CG,AA,NN,AA,TT,CC,GG,AA,CC,CC,GG,GG,AA,GG,TT,AC,AA,CC,GG,AT,AC,AT,AA,GT,TT,TT,AT,GG,GG,AA,CC,AT,GT,AA,GG,AA,CT,AA,TT,CC,TT,AA,AC,TT,GG,AG,CG,AG,CC,AT,CT,TT,GG,TT,AA,AC,AA,GG,CC,CC,GG,CC,GG,NN,AA,CG,TT,GG,CC,CC,NN,AG,CC,AT,CC,AA,AA,AA,CC,CC,TT,AA,CG,AA,AA,AA,AA,AG,AG,AA,AA,AT,GG,AA,AG,CC,AA,TT,AA,AA,GG,GG,GG,GT,AA,AG,GT,TT,TT,AG,TT,GG,GG,AC,2.38,Resistant,Low,Standard,Early
L0884,Anantapur,Andhra Pradesh,Kharif,Red Sandy,Rainfed,390,31.0,52,AA,CT,GG,AG,CG,CC,GT,TT,CC,CG,AA,CT,CC,TT,TT,GG,CG,TT,TT,AA,CC,TT,TT,CT,TT,CC,TT,TT,GG,AC,TT,CC,AA,CC,GG,CG,GG,CC,GG,CC,TT,TT,AA,TT,AG,GG,TT,TT,CC,AC,GG,AT,AA,GG,TT,TT,AA,AC,GG,AA,AA,TT,TT,AG,TT,TT,CC,GG,TT,GT,AG,GG,CC,AA,GG,AA,AA,GG,TT,TT,GG,GG,GG,CC,AA,GG,AA,AA,CC,GT,AC,TT,CC,TT,TT,AG,TT,CC,TT,CC,CC,CC,AG,AA,AT,TT,CC,AA,AG,AA,CC,GG,TT,CC,GT,AA,AC,TT,CG,AA,CC,GG,CC,GG,CT,AA,CC,CC,CC,CC,AA,TT,CC,AA,CC,CC,AG,TT,AA,AA,GG,CC,CC,GG,AA,AG,AA,CC,GG,CC,CC,AA,AA,GG,TT,GG,AA,NN,TT,GG,CC,TT,TT,TT,CC,AT,TT,CT,AA,TT,CG,CC,AA,CC,CC,CC,GG,CC,AA,GG,AA,CC,TT,CG,TT,TT,CG,TT,AG,AA,TT,CC,CG,AC,CC,CC,GG,GG,AA,NN,TT,AA,AG,CC,GG,AT,AC,AA,TT,GG,TT,AT,AT,CG,TT,NN,CC,TT,GT,AA,GG,AA,TT,NN,TT,CC,TT,AC,CC,TT,CG,AG,CC,AG,CC,TT,TT,TT,GG,TT,AC,CC,AG,GG,CC,CG,GG,CC,GG,TT,AA,CG,GT,GG,CC,CC,AA,GG,CC,AA,CG,AA,AA,AC,CC,AC,TT,AA,GG,AA,AA,AA,AA,GG,AG,AA,AA,AT,CG,AA,AG,AC,AC,TT,AA,AA,GG,GG,GG,TT,AT,AA,TT,TT,TT,AG,TT,GG,CG,AA,2.86,Susceptible,Low,Premium,Medium
L0885,Anantapur,Andhra Pradesh,Kharif,Red Sandy,Rainfed,390,31.0,52,CC,TT,GG,AG,CG,CC,GG,TT,CC,CG,AA,CC,CC,TT,TT,GG,GG,TT,TT,AA,CG,TT,GT,CT,TT,CC,TT,TT,GG,AA,TT,CC,AA,AC,GG,GG,GG,CC,GG,CC,TT,TT,AA,TT,NN,GG,TT,TT,CC,CC,GG,AA,AA,GG,CC,GG,AA,AA,TT,NN,AG,TT,TT,AG,TT,AT,CC,GG,TT,GT,AA,GG,CC,AA,GG,CC,AT,GG,TT,TT,GG,GG,GG,CC,AT,GG,AA,AT,NN,TT,CC,TT,TT,TT,TT,GG,TT,CC,GT,CC,CC,CC,GG,AA,TT,TT,CG,AA,AA,AA,CC,GG,TT,CC,TT,AA,AA,TT,CC,GG,CC,GG,CC,GT,TT,AA,CC,CC,CC,CC,AA,TT,CC,AA,CC,CC,AA,TT,AA,AA,GG,CC,CC,GG,NN,AA,AA,CC,GG,CC,CC,AA,AA,GG,GG,GG,AA,TT,TT,AG,CC,GT,GT,TT,CG,AT,TT,TT,AT,AT,GG,CC,AA,CC,AC,CC,GG,CC,AT,GG,AA,CC,TT,CG,GG,GG,CG,AT,AA,AA,TT,AC,GG,AA,CC,CC,GG,GG,AA,GG,TT,AC,AG,CC,GG,AT,AA,AA,AA,GT,TT,AT,AA,GG,TT,AA,CG,TT,TT,AA,GG,AA,TT,AA,TT,CG,TT,NN,CC,TT,GG,AA,CC,AG,AC,TT,TT,TT,GG,AT,AA,AC,AG,GT,CC,CG,GG,CC,GG,AT,AA,CC,TT,GG,CG,CC,AA,GG,CC,AA,CC,AA,AA,CC,CC,CC,TT,AA,GG,AA,AA,AC,AA,AG,AG,AG,AA,AT,GG,AC,AG,AA,AA,TT,AA,AA,GG,AG,GG,TT,AT,AA,TT,TT,TT,AA,AT,GG,GG,AA,4.36,Moderate,Low,Premium,Medium
L0886,Anantapur,Andhra Pradesh,Kharif,Red Sandy,Rainfed,390,31.0,52,AA,NN,GG,AG,GG,CC,GG,AT,CC,CG,AA,CC,CG,TT,GT,GG,GG,TT,TT,AA,CC,TT,GT,CC,AT,CT,GT,TT,GG,AA,TT,CC,AA,CC,GG,GG,GT,CG,GG,CC,TT,TT,AC,TT,AA,GG,TT,TT,CC,CC,GT,AA,AA,GG,CC,GT,AA,AA,TT,AA,AA,TT,AA,AA,NN,TT,CC,GG,TT,GG,AA,GG,CC,AA,GG,CC,AA,GG,GT,TT,GG,GG,GG,CC,AT,GG,NN,AA,CG,TT,CC,TT,CT,TT,GT,GG,TT,AC,GT,CC,CC,CG,GG,AA,AT,GT,CC,AA,AG,AA,CT,GG,TT,CC,TT,AC,AA,AT,CC,AA,CC,GG,CC,GT,TT,AA,CC,CC,CC,CC,AA,TT,CC,AA,CC,CC,AA,TT,AA,AA,GG,CC,CC,GG,AA,AA,AT,CC,GG,CC,CC,AA,AA,GG,TT,AG,AC,GT,CT,AG,CC,TT,TT,TT,CC,AA,TT,TT,AA,AT,GG,CC,AA,CT,CC,CC,GG,CC,NN,GG,AA,CC,TT,CG,GT,TT,GG,AT,AG,AG,TT,CC,GG,AC,CC,CC,GG,GG,AC,CG,CT,AC,AA,NN,GT,AA,CC,AA,AA,GT,TT,AT,AT,CG,GT,AA,CC,TT,GT,AA,GG,AA,TT,AC,AT,CC,TT,AC,CC,CT,GG,GG,CG,GG,CC,TT,CT,TT,GG,TT,AA,CC,AA,GG,CC,CC,GG,CC,GG,TT,NN,CG,GT,GG,CC,CC,AA,GG,CC,TT,CC,AA,AG,AC,CG,AC,AT,AA,GG,AA,AC,AC,AC,AG,AG,AA,AA,TT,GG,AC,GG,NN,AC,CT,AA,AA,GG,GG,GG,TT,AA,AG,GT,TT,AT,AA,AT,GG,CG,AA,1.08,Susceptible,Medium,Premium,Medium
L0887,Anantapur,Andhra Pradesh,Kharif,Red Sandy,Rainfed,390,31.0,52,AC,CT,AG,AG,GG,CC,GG,TT,CC,CG,AA,CC,CC,TT,GT,NN,CG,TT,TT,AG,CG,TT,TT,CC,TT,CC,TT,TT,GG,AA,TT,CC,AG,CC,GG,GG,GG,GG,GG,CC,NN,TT,AA,TT,GG,AG,TT,AA,CC,AC,GG,AT,AA,GG,TT,GT,AA,AA,GT,AA,AA,TT,TT,AA,TT,TT,CC,GG,TT,GG,AA,GG,CC,AA,GG,AC,AA,GG,TT,TT,GG,GG,GG,CC,AA,GG,AA,AA,CC,TT,CC,TT,CC,TT,TT,AG,TT,AC,GT,CC,CC,CG,AG,AA,TT,TT,CG,AA,AA,AA,CT,GG,TT,CC,GT,AC,AA,TT,CC,AG,CC,GG,CC,GG,TT,AA,CC,CC,AC,CC,AA,TT,AC,AA,CC,CC,AA,TT,AA,AT,CG,CT,CC,GG,AG,GG,AA,CC,GT,CC,CC,AA,AG,GG,TT,GG,AA,TT,TT,GG,CC,GG,TT,TT,CC,AA,TT,TT,AA,AT,CG,CC,AA,CT,CC,CC,GG,CC,AA,GG,AA,CC,TT,CC,TT,GT,GG,AT,AA,AG,TT,CC,GG,AC,CC,CC,GG,GG,AA,GG,TT,AA,AA,CC,GG,AA,CC,AA,AT,GG,TT,AT,AT,GG,GT,AA,CC,AT,TT,AA,GG,AA,TT,AA,TT,CC,TT,AC,CC,TT,CG,AG,CC,AG,CC,TT,TT,GG,GG,TT,AC,CC,AA,GT,CC,CC,GG,CG,GG,TT,AA,CC,GT,GG,CC,CC,AT,GG,CC,AA,CC,AT,AA,CC,CG,CC,TT,AA,CG,AA,AA,CC,AA,GG,AA,AG,AA,NN,GG,AC,AG,AA,AA,TT,AG,AA,GG,GG,GG,TT,AA,AG,TT,TT,TT,AG,AT,GG,GG,AA,4.84,Susceptible,Low,Poor,Medium
L0888,Anantapur,Andhra Pradesh,Kharif,Red Sandy,Rainfed,390,31.0,52,AA,TT,AG,AA,GG,CC,GG,TT,CC,CC,AA,CC,CC,AT,TT,GG,GG,TT,TT,GG,CG,TT,GT,CC,TT,CC,TT,AT,GG,AA,CT,CC,AA,CC,GG,CG,GG,CC,GG,CC,TT,CT,AC,TT,AG,AG,TT,AT,CC,AC,GG,AA,AA,GG,CC,GT,AA,AC,TT,AC,AG,TT,AA,AA,CT,TT,CC,GG,TT,TT,AA,GG,CC,AA,AG,AC,AT,GG,TT,TT,AG,GG,GG,CC,AA,AG,AA,AA,CC,TT,CC,TT,CC,TT,GT,GG,TT,CC,TT,CC,CC,CG,AG,AA,TT,TT,CG,AA,AA,AA,CT,GG,TT,CC,GT,AA,AC,TT,CC,AG,CG,GG,CT,GG,TT,AA,CC,CC,AC,CC,AA,TT,CC,AA,CC,CC,AA,TT,AA,AT,GG,CC,CC,GG,AA,GG,AA,CC,GG,CC,CG,AA,AG,AG,TT,GG,AC,TT,CT,GG,AC,GG,GT,CT,CC,AT,GT,CT,AA,AT,CG,CC,AG,CC,CC,CC,CG,CC,AA,GG,AG,CC,TT,CC,GG,TT,CG,AT,AA,AG,TT,AC,GG,AA,CC,CC,GG,GG,AA,GG,TT,AA,AA,CC,GG,AA,CC,AA,AT,GT,TT,TT,AT,GG,GG,NN,CC,TT,GT,AA,GG,AA,TT,AA,TT,NN,CT,AC,CC,TT,GG,AA,CG,GG,CC,TT,CT,NN,GG,TT,AA,AC,AA,GG,CC,CG,NN,CC,GG,AT,AA,CC,TT,GG,CC,CG,AA,AG,CC,AA,CC,AA,AA,NN,CG,AA,TT,AA,GG,AA,AA,AA,AA,GG,AG,AA,AA,TT,GG,AC,AG,AA,AA,CT,AA,AA,GG,GG,GG,GT,AA,AA,TT,TT,TT,AA,AA,GG,CG,AA,2.42,Susceptible,Low,Poor,Early
L0889,Anantapur,Andhra Pradesh,Kharif,Red Sandy,Rainfed,390,31.0,52,AA,TT,AA,AG,GG,CC,GG,AT,CC,CC,AA,CC,CG,TT,GT,GG,NN,TT,TT,AA,CG,TT,GT,CC,TT,CC,TT,AT,GG,AA,TT,CC,AA,CC,GG,GG,GG,CG,GG,CC,TT,CT,AA,TT,AA,AG,TT,AT,CG,NN,GG,AT,AA,GG,CC,GT,AA,AA,GG,AA,AA,TT,TT,AA,TT,TT,CC,GG,TT,GG,AA,GG,CC,AA,AG,AA,AT,GG,TT,TT,AG,GT,GT,CC,AA,GG,AG,AA,CG,GT,CC,TT,CC,AT,TT,GG,TT,AC,TT,CT,NN,CG,AA,AG,AT,TT,CC,AA,AA,CC,CT,GG,TT,CC,GT,AC,AA,TT,CC,NN,CC,GG,CC,TT,CT,AA,CC,CC,CC,CC,AA,TT,CC,AA,CC,CC,AA,TT,AA,AA,GG,CC,CC,GG,AA,AA,AA,AC,GT,CC,CC,AG,AA,GG,GT,GG,AA,TT,TT,GG,CC,TT,TT,TT,CC,AA,TT,TT,AA,TT,GG,CC,NN,CT,CC,CC,GG,CC,AA,GG,AG,CC,TT,CG,GT,GT,GG,AT,AA,AG,TT,AC,GG,AA,CC,CC,GG,GG,AC,GG,TT,AC,AA,CC,GG,AA,CC,AA,AT,GT,TT,TT,AT,NN,GT,AA,CG,AA,GT,AA,GG,AA,TT,CC,AT,CC,TT,AA,CC,TT,GG,AG,CC,GG,CC,TT,TT,GT,GG,TT,AA,CC,AG,GG,CC,CC,GG,CC,GG,AA,AA,CC,TT,GG,CC,CC,AA,GG,CC,AA,CC,AA,AG,AC,CC,AC,TT,AA,GG,AA,AA,AC,AA,AA,AG,AA,AA,AT,GG,AC,GG,CC,AA,CT,AG,AA,GG,GG,GG,TT,AA,AG,TT,TT,TT,AG,TT,GG,GG,AA,6.68,Moderate,Low,Standard,Late
L0890,Anantapur,Andhra Pradesh,Kharif,Red Sandy,Rainfed,390,31.0,52,AA,CT,GG,AG,GG,CC,GT,AT,CC,GG,AA,CC,CG,AT,GT,GG,GG,TT,TT,AA,CC,TT,GT,CC,TT,CT,TT,AT,TT,AA,TT,CC,AA,CC,GG,GG,GG,CC,GG,CC,TT,TT,AA,TT,AA,GG,CT,AT,NN,CC,GG,AA,AA,GG,CC,TT,AA,AC,GT,AA,AA,TT,AT,AA,TT,AT,CC,GG,TT,GT,AA,GG,CC,AA,GG,AC,AA,GG,TT,TT,GG,GG,GG,CC,AA,GG,AA,AT,CC,TT,CC,TT,CT,TT,TT,GG,TT,CC,GT,CC,CC,CC,AA,AA,TT,TT,CG,AA,AG,AA,CC,GG,GT,CC,TT,AA,AA,TT,CC,AA,CC,GG,CC,GG,TT,AA,CT,CC,CC,CC,AA,TT,CC,AA,CC,CC,AA,TT,AA,AA,CG,CC,CC,GG,AA,AA,AA,CC,GT,CC,CC,AA,AA,GG,TT,AG,AC,GT,CT,GG,AA,TT,TT,CT,CC,AA,TT,TT,AA,TT,GG,CC,AA,CC,CC,CC,GG,AC,AA,GG,AG,CC,TT,CC,NN,TT,CG,AT,AA,AA,TT,AA,CG,AA,CC,CC,GG,GG,CC,GG,TT,AC,AG,CC,GG,AA,CC,AA,AT,GG,TT,TT,AA,GG,GT,AT,CG,AT,TT,AA,GG,AA,TT,AA,TT,CC,TT,AA,AC,TT,GG,AA,CC,GG,AC,TT,CT,TT,GG,TT,AA,AC,AG,GG,CC,CG,NN,CC,GG,AT,AG,CC,GT,GG,CC,NN,AA,GG,CG,AA,CC,AA,NN,CC,CG,AC,TT,AG,GG,AA,AC,AC,AA,AG,AA,AA,AA,TT,GG,AA,AG,AA,AA,CT,AA,AA,GG,AG,GG,TT,AT,AG,TT,NN,TT,AG,AT,GG,CG,AA,0.4,Moderate,Medium,Poor,Early
L0891,Anantapur,Andhra Pradesh,Kharif,Red Sandy,Rainfed,390,31.0,52,AC,CT,AG,GG,GG,CC,GG,AT,CC,GG,AA,CT,CC,TT,TT,TT,GG,TT,TT,AA,CC,TT,GG,CT,TT,CC,TT,TT,GG,AA,TT,CC,AA,AC,GG,CG,GG,CG,GG,CC,GT,TT,AA,TT,AA,AA,TT,TT,CC,AC,GG,AA,AG,GG,CC,GT,AA,AA,GG,CC,AA,GT,TT,AA,TT,TT,CC,GG,TT,GG,NN,GG,AC,AA,AG,AA,AT,AG,TT,TT,GG,GT,GG,AC,AA,GG,AA,AT,CC,TT,AC,TT,CC,AT,GT,GG,CT,AC,GT,CC,CC,CG,AG,AA,TT,TT,CC,AA,AG,AA,CT,GG,TT,CG,GG,AC,AA,TT,CG,GG,CG,GG,CC,GT,TT,AA,CC,CC,CC,CC,AA,TT,AC,AA,NN,CC,AA,TT,AA,AA,GG,CC,CC,GG,AA,AA,AA,CC,GG,CC,CC,AG,AA,GG,TT,GG,AA,TT,CT,GG,CC,TT,NN,CT,CG,AA,TT,TT,AA,TT,GG,CC,AA,CC,CC,CC,GG,CC,AA,GG,AA,CC,TT,CG,GG,TT,GG,TT,AA,AA,TT,CC,GG,AA,CC,CC,GG,GG,AC,CG,TT,AC,AG,CC,GG,AA,AC,AA,TT,GG,TT,AA,AA,GG,GG,TT,CC,AT,TT,AA,GG,AA,TT,AA,TT,CC,TT,AC,CC,TT,CG,AG,CC,AA,CC,TT,TT,TT,GG,TT,AA,AC,AA,GG,CC,CG,GG,CC,GG,TT,AA,CG,TT,AG,CG,CC,AA,AG,CG,AA,NN,AA,AA,CC,CC,CC,TT,AA,CG,AA,AA,AA,AA,GG,AG,AA,AA,TT,GG,AC,AA,AA,AC,TT,AA,AA,GG,GG,GG,TT,AA,AG,TT,AT,TT,GG,TT,GG,GG,AA,4.6,Resistant,Low,Poor,Early
L0892,Anantapur,Andhra Pradesh,Kharif,Red Sandy,Rainfed,390,31.0,52,AA,TT,GG,AG,GG,CC,GG,NN,CC,CG,AA,CC,CG,TT,TT,GT,GG,TT,TT,AA,CG,TT,TT,CC,TT,CC,TT,TT,GG,NN,TT,CT,AA,CC,GG,GG,GG,CG,GG,CC,TT,CT,AC,TT,AA,GG,TT,TT,CC,AC,GG,AT,AG,GG,CT,TT,AT,AC,GT,AA,AA,TT,AT,AG,TT,TT,CC,GG,TT,GG,AG,GG,CC,AA,AA,AA,AA,GG,TT,TT,GG,GG,GG,CC,AA,AG,AA,AA,NN,TT,AC,TT,CC,TT,TT,AG,CT,CC,GG,CC,CC,CC,GG,AA,TT,GT,CC,AA,GG,NN,CT,GG,TT,CC,GT,AA,AA,TT,CC,GG,CC,GG,CC,NN,NN,AG,CC,CC,CC,CC,AA,TT,CC,AA,CC,CC,AA,TT,AA,AT,GG,CC,CC,GG,GG,AA,AA,CC,NN,CC,CC,AA,AA,GG,GT,GG,AC,TT,NN,GG,AA,GT,GT,TT,CG,AA,TT,TT,AT,TT,CG,CC,AA,CT,CC,AC,CG,AC,AA,GG,AG,CC,TT,CC,GG,TT,GG,AT,AA,NN,TT,AC,NN,AC,CC,CC,GG,GG,AC,GG,TT,AC,NN,CC,GG,AA,AC,AA,AA,GT,TT,AA,TT,CG,GG,AT,CC,AT,TT,AA,GG,AA,TT,AC,TT,CC,TT,AC,CC,TT,GG,AA,NN,AG,CC,TT,TT,TT,CG,TT,AC,AA,GG,GG,CC,CG,GG,CC,GG,AT,AA,CG,TT,NN,CC,CC,AT,GG,CC,AT,CC,AA,AA,NN,CC,CC,TT,AA,GG,AA,AC,AA,AA,AG,AG,AG,AA,AT,GG,AA,AA,CC,AA,CT,AG,AA,GG,GG,GG,GT,AA,AA,TT,TT,TT,AA,TT,GG,GG,AA,2.77,Moderate,Medium,Poor,Medium
L0893,Anantapur,Andhra Pradesh,Kharif,Red Sandy,Rainfed,390,31.0,52,AA,TT,AG,AA,CG,GG,GG,TT,CG,CC,AA,CT,CC,TT,GG,NN,GG,TT,TT,AA,CC,TT,TT,CT,TT,CC,TT,TT,GG,AA,TT,CC,AA,CC,GG,CG,GG,CG,GG,CC,TT,CC,AA,TT,AA,GG,CT,TT,CC,AA,GT,AA,AA,GG,CC,GT,AA,AA,GT,AA,AA,GT,TT,AG,TT,TT,CC,GG,TT,GT,AG,GT,CC,AA,AG,AA,AA,NN,TT,TT,GG,GG,GG,CC,AT,GG,AA,AA,CC,GT,CC,TT,CT,TT,TT,GG,CT,AC,TT,CC,CC,CG,AG,AA,TT,GT,CC,AG,AG,AA,CT,GG,TT,CC,TT,AC,AA,TT,CC,AG,CC,AG,CC,GG,CT,AG,CT,CC,CC,CC,AA,TT,CC,AA,CC,CC,AG,AT,AA,AA,GG,CC,CC,GG,AA,AG,AA,CC,GT,CC,CC,AA,AA,GG,GT,AG,AA,GT,TT,GG,CC,TT,GT,CT,CC,AA,TT,TT,AA,AT,CG,CC,AA,CT,CC,CC,GG,CC,AA,GG,AG,CC,TT,CC,TT,TT,CG,AT,AA,AA,TT,CC,CG,AC,AC,CC,GG,GG,AA,GG,TT,AA,AA,CC,GG,AT,AC,NN,TT,GG,TT,TT,AT,CG,GG,AA,GG,AA,TT,AT,GG,AA,CT,AA,TT,CC,CC,AC,CC,CT,GG,AG,CG,GG,CC,TT,TT,TT,NN,TT,AC,AC,AA,GG,CG,CC,GG,CC,GG,AT,AG,CG,GT,GG,CG,CC,AA,GG,CC,AA,CC,AA,AA,CC,CG,AA,TT,AA,GG,AA,AA,AA,AC,AG,AA,GG,AA,TT,GG,AA,AG,NN,AA,TT,AA,AA,GG,GG,CG,GT,AA,NN,GT,TT,TT,AG,TT,GG,GG,AA,2.09,Susceptible,High,Premium,Early
L0894,Anantapur,Andhra Pradesh,Kharif,Red Sandy,Rainfed,390,31.0,52,AC,CT,GG,AG,CG,CC,GG,AT,CC,CC,AA,CC,CG,TT,GT,GG,GG,NN,TT,AG,CC,TT,TT,CC,TT,CC,TT,TT,GG,AA,TT,CT,NN,AC,GG,CG,GG,CG,GG,CC,TT,CT,AC,TT,AA,AG,TT,TT,CC,CC,GT,AT,AG,GG,CC,TT,AA,NN,GT,AC,AG,TT,TT,AA,CT,TT,CC,GG,TT,GT,AA,GG,CC,AA,GG,AC,AT,GG,TT,TT,GG,TT,GG,CC,AT,GG,AA,AT,CC,TT,AC,TT,CT,TT,TT,AG,TT,CC,GT,CC,CC,CC,GG,AA,TT,TT,CC,AA,AA,AA,CC,GG,TT,CC,TT,AA,AA,TT,CC,GG,CG,AG,CC,GG,CT,AA,CC,CC,CC,CC,AA,TT,CC,AA,CC,CC,AA,TT,AA,AA,CG,CT,CG,GG,AA,AA,AA,AC,GG,CC,CC,AG,AG,AG,TT,GG,AA,TT,TT,GG,CC,GT,TT,TT,NN,AT,TT,TT,AA,TT,GG,CC,GG,CC,CC,CC,GG,CC,AT,GG,AG,CC,TT,CC,GG,TT,CG,AA,AA,GG,TT,AC,CG,AA,CC,CC,GG,GG,AC,GG,TT,AA,AG,CC,GG,AA,AC,AA,AT,GT,TT,TT,AA,GG,GT,AA,GG,TT,TT,AA,GG,AA,TT,AC,TT,NN,TT,AA,CC,CT,GG,AG,CC,AG,AC,TT,TT,TT,NN,TT,AA,CC,AA,GG,CC,CG,GG,CC,GG,TT,AA,CC,TT,GG,CC,CC,NN,AG,CC,AA,CC,AA,AA,NN,CG,CC,TT,AA,CG,AA,AA,CC,AA,GG,AA,AG,AA,NN,GG,AC,AA,AC,AC,CT,AA,AA,GG,AG,GG,TT,AT,AA,GT,TT,TT,AG,AA,GG,GG,AC,3.86,Resistant,Low,Premium,Medium
L0895,Anantapur,Andhra Pradesh,Kharif,Red Sandy,Rainfed,390,31.0,52,AA,TT,AG,AG,GG,CC,GT,TT,CC,CC,AA,CC,CC,NN,TT,GG,GG,TT,TT,AA,CC,TT,TT,CC,AT,CC,GT,TT,GT,AA,TT,CC,AA,CC,GG,NN,GG,CG,GG,CC,TT,CC,AA,TT,AG,AG,TT,AT,CC,CC,GT,AA,AA,GG,CC,TT,AA,CC,GG,AC,AA,TT,TT,AG,CC,AT,CC,GG,TT,GG,AG,GG,CC,AG,GG,AA,AA,GG,TT,TT,GG,GT,GG,CC,AT,GG,AA,AA,CG,TT,CC,GT,CC,AT,GT,GG,TT,CC,GT,CC,CC,CC,GG,AA,TT,TT,CC,AA,AA,AA,TT,GG,TT,CG,TT,AA,AA,TT,CC,AG,CG,GG,NN,GT,CT,AA,CC,CC,CC,CG,AG,TT,AC,AA,CC,NN,AA,TT,AA,AA,GG,CC,CC,GG,AA,GG,AA,AC,GT,CC,CC,AA,NN,GG,TT,GG,AA,TT,TT,GG,CC,GT,TT,TT,CC,AA,GG,TT,AA,TT,CG,CC,AG,TT,CC,CC,GG,AC,AA,GG,AG,CC,TT,CC,TT,TT,CG,AT,AA,AG,TT,CC,NN,AA,CC,CC,GG,GG,AA,CG,TT,AC,AA,CC,GT,TT,CC,AA,TT,GG,TT,TT,AT,GG,GT,AA,CC,AA,GT,AA,GG,AA,TT,AA,TT,CC,TT,AA,CC,TT,GG,AA,CC,AG,CC,TT,TT,TT,GG,TT,AC,AC,GG,GG,CC,CC,GG,CC,GG,TT,AA,CG,TT,GG,CC,CC,AA,AG,CG,NN,CC,AA,AA,AC,CC,CC,TT,AG,GG,AA,AC,AC,AA,AA,AA,AA,AA,TT,GG,AA,AA,AA,AA,CT,AA,AA,GG,GG,GG,GT,AA,AA,GT,TT,TT,AG,TT,GG,GG,AA,2.98,Susceptible,Medium,Poor,Late
L0896,Anantapur,Andhra Pradesh,Kharif,Red Sandy,Rainfed,390,31.0,52,AC,CT,GG,AG,GG,CC,GG,AT,CC,CG,AA,CC,CG,TT,GT,GG,GG,TT,TT,AA,CC,GT,GT,CT,TT,CC,TT,TT,GT,AA,TT,CC,AA,CC,GG,GG,GG,CG,GG,AC,TT,CT,AA,TT,AA,AA,CT,AT,CC,AC,GG,AT,AA,GG,CC,TT,AA,CC,TT,AC,AG,TT,AT,AA,TT,TT,CC,GG,TT,TT,AA,GG,AC,AG,AG,AA,AT,AG,TT,TT,GG,GG,TT,CC,AA,GG,AA,AA,CC,TT,AC,TT,CT,TT,TT,GG,TT,CC,TT,CC,CC,CG,AA,AA,TT,TT,CC,AA,AA,AA,CT,GG,TT,CC,GT,AC,AA,TT,CC,GG,CC,GG,CC,GG,CT,AA,CC,CC,CC,CC,AA,NN,CC,AA,CC,CT,AA,TT,AA,AA,GG,CC,CC,GG,AA,AA,AT,CC,GT,CC,CC,AA,AG,GG,GT,GG,CC,TT,CT,AG,AC,TT,TT,TT,CG,AA,TT,CT,AA,TT,GG,CC,AG,CT,CC,CC,GG,AC,AA,GG,GG,CC,TT,CC,TT,TT,CG,AT,AA,AA,TT,AA,CC,AA,CC,CC,GG,GG,AA,GG,TT,AA,AA,CC,GG,AA,CC,AA,AA,GT,TT,AT,NN,CG,GT,AA,CC,AT,GT,AA,GG,AA,CT,AA,TT,CC,TT,AA,CC,CC,GG,AA,CG,GG,CC,AT,TT,GT,GG,TT,AA,AC,AA,GT,CC,CG,GG,CC,GG,AA,AA,CC,GT,GG,CC,CC,AA,GG,CC,AT,CC,AA,AA,AC,CG,CC,TT,AA,GG,AA,AA,AC,AA,GG,AG,AA,AA,AT,GG,AC,GG,AC,AA,CC,AA,AG,GG,GG,GG,TT,AA,AG,TT,TT,TT,GG,AT,GG,GG,AA,2.21,Susceptible,Low,Poor,Early
L0897,Anantapur,Andhra Pradesh,Kharif,Red Sandy,Rainfed,390,31.0,52,CC,TT,NN,AG,GG,CG,GG,TT,CC,CC,AT,CC,GG,TT,TT,GG,GG,NN,TT,AA,CC,GT,TT,CC,NN,CC,TT,TT,GG,AA,TT,CT,AA,CC,GG,GG,GG,CC,NN,CC,TT,CT,AA,TT,AA,AG,TT,TT,CC,AC,GG,AA,AG,GG,CT,TT,AA,AC,GT,AA,AA,TT,AT,AA,TT,TT,CC,GT,TT,GT,AA,GG,CC,AA,GG,AC,AT,GG,TT,TT,GG,GG,GT,AC,AA,GG,AA,AT,CC,TT,CC,TT,CT,TT,TT,GG,TT,AC,GG,CC,CT,CC,GG,AG,TT,TT,CC,AA,AG,AA,CC,GG,TT,CC,TT,AA,AA,AT,CC,GG,CC,GG,CC,GG,TT,AA,CC,CC,AC,NN,AA,GT,CC,AA,CC,TT,AA,TT,AA,AT,GG,CT,CC,GG,NN,GG,AA,CC,GG,CC,CC,AA,AG,AG,TT,GG,AA,GT,CT,GG,AC,TT,GT,TT,CC,AT,GT,TT,AA,AT,GG,CC,AA,CT,CC,CC,CC,CC,AA,GG,AG,CC,TT,CC,GG,GT,CG,TT,AA,AA,TT,CC,GG,NN,CC,CC,GG,GG,AA,GG,TT,AA,AA,CC,GT,AA,CC,AT,AT,GG,TT,TT,AA,GG,GT,AA,CG,TT,NN,AA,GG,AA,CT,AA,TT,CC,TT,AA,CC,TT,GG,AG,CC,AG,CC,TT,TT,GT,GG,TT,AA,CC,AA,GG,CC,CG,GG,CG,GG,AT,AA,CC,GT,GG,CC,CC,AT,GG,CC,AA,CC,AA,AA,CC,CC,CC,NN,AA,GG,AA,AC,AC,AA,GG,AA,AG,AA,TT,GG,AA,AA,CC,AC,TT,AA,AG,GG,GG,GG,GT,AA,AA,TT,TT,TT,AA,AA,GG,GG,NN,0.4,Resistant,Low,Premium,Early
L0898,Anantapur,Andhra Pradesh,Kharif,Red Sandy,Rainfed,390,31.0,52,AC,CT,AG,AG,GG,CC,GT,AT,CC,GG,AA,CC,CG,TT,TT,GG,GG,TT,TT,AA,CC,TT,GT,CC,AT,CC,TT,TT,GG,AA,TT,CC,AA,CC,GG,GG,GG,CC,GG,CC,TT,TT,AA,TT,AA,AA,TT,TT,CC,CC,GG,AA,AG,GG,CC,GT,AA,AA,TT,AA,AA,TT,AT,AA,TT,AT,CC,GG,TT,GG,AA,GG,CC,AA,GG,AA,AA,GG,GT,TT,NN,GG,GG,CC,AA,GG,AA,AA,CC,GG,CC,TT,CC,TT,GT,GG,TT,AC,TT,CC,TT,CG,AG,AA,TT,TT,GG,AA,AG,AC,CT,GG,GT,CG,GT,AA,AC,TT,CC,GG,CC,AG,CC,GG,CT,AG,CC,CC,CC,CC,AA,GT,CC,AA,AC,CT,AA,TT,AG,AA,NN,CT,CC,GG,AA,AG,AA,CC,GT,CC,CC,AA,AA,GG,TT,GG,AC,TT,TT,GG,CC,GT,TT,CC,CC,AA,TT,TT,AA,TT,GG,CC,AA,CT,CC,CC,CG,CC,AA,GG,AA,NN,TT,CG,GG,GT,GG,AT,AA,AA,TT,CC,GG,AA,NN,CC,GG,GG,AC,GG,TT,AA,AA,CC,GG,AA,AC,AA,AA,GG,TT,AT,AA,GG,GG,NN,CC,TT,GT,AA,GG,AA,CT,AC,TT,CG,TT,AA,CC,TT,GG,AG,CC,AG,AC,TT,TT,GG,GG,AT,AC,AC,AA,GT,CC,CG,GG,CC,GG,AT,AG,CC,TT,GG,CC,CC,AT,GG,CC,AA,CC,AA,AA,AC,CG,AC,AT,AA,GG,AA,AA,AC,AA,AG,AA,AA,AA,AA,GG,AC,AG,CC,NN,CT,AA,AG,GG,GG,GG,TT,AA,AA,TT,TT,TT,AG,AT,GG,GG,AA,3.9,Susceptible,Low,Poor,Medium
L0899,Anantapur,Andhra Pradesh,Kharif,Red Sandy,Rainfed,390,31.0,52,AA,TT,GG,AA,GG,CC,GG,TT,CC,CG,AA,CC,CG,TT,TT,GG,GG,TT,AT,AA,CC,TT,GG,CC,TT,CT,TT,AT,GG,AA,TT,CC,AA,CC,NN,CG,GG,CG,GG,CC,TT,CT,AA,TT,AA,AG,TT,TT,CC,CC,GG,AA,AA,CG,CT,GT,AA,AC,GT,AA,AA,TT,AT,AA,TT,TT,CC,GG,TT,GG,AG,GG,CC,AA,GG,AA,AT,AG,TT,TT,GG,GG,GG,CC,AT,GG,AA,AT,CC,TT,CC,TT,CT,TT,TT,GG,CT,CC,GT,CC,CT,CG,GG,AA,TT,TT,CC,AA,AA,AA,CC,GT,TT,CC,GT,AA,AA,TT,CC,GG,CC,GG,CC,GT,TT,AA,CC,CG,CC,CC,AA,TT,AC,AA,CC,CC,AA,TT,AA,AA,GG,CC,CC,GG,AA,AA,AA,CC,GG,CC,CC,AG,AA,GG,TT,GG,AC,TT,TT,GG,CC,TT,GT,TT,CC,AT,TT,TT,AA,TT,GG,CC,AG,CC,AC,AC,GG,CC,AA,GG,AA,CC,TT,CC,GG,GT,CG,AT,AA,AG,TT,CC,GG,AA,CC,CG,GG,GG,AA,GG,TT,AA,AA,CC,GT,AA,CC,NN,AT,GT,TT,TT,AA,CG,GT,AA,CC,AT,TT,AA,GG,AA,TT,AA,TT,CC,TT,AA,CC,CT,GG,GG,CC,AG,CC,TT,TT,GT,GG,TT,AA,AA,AG,GG,CC,CG,GG,CC,GG,AT,AA,CC,TT,GG,CC,CC,AT,AG,CC,AT,CC,AT,AA,CC,CG,AC,TT,AA,GG,AA,AA,CC,AA,GG,NN,AG,AA,TT,CG,AA,AA,AC,AA,CT,AA,AA,GG,GG,GG,TT,AA,AA,TT,AT,TT,GG,AT,GG,GG,AA,4.88,Moderate,Low,Premium,Medium
L0900,Anantapur,Andhra Pradesh,Kharif,Red Sandy,Rainfed,390,31.0,52,AA,TT,GG,NN,CC,CC,GG,TT,CC,CG,AA,CT,CC,AT,TT,GT,GG,TT,TT,AA,CC,GT,GT,CC,TT,CT,TT,TT,GG,AA,CT,CC,AA,CC,GG,GG,GG,NN,GG,CC,TT,NN,AA,TT,AG,AA,TT,TT,CC,AC,GG,AT,AA,GG,CC,TT,AT,CC,GT,AA,AA,TT,AA,AG,TT,AA,CC,GG,TT,GT,AG,GG,CC,AA,AG,AC,AA,AG,TT,TT,GG,GG,GG,CC,AA,GG,AA,AT,CC,TT,CC,TT,CC,TT,GT,AG,TT,CC,GT,CC,CT,CC,GG,AA,TT,TT,CC,AA,AG,NN,CT,GG,TT,CC,TT,AA,AC,TT,CC,GG,CC,AG,CC,TT,TT,AA,CT,CC,CC,CC,AA,TT,CC,AA,CC,CC,AA,TT,NN,AA,CG,CC,CC,GG,AA,AG,AA,CC,GG,CC,CC,AA,AA,AG,TT,GG,AA,TT,CC,GG,NN,TT,TT,TT,CG,AT,TT,TT,AA,TT,GG,CC,AG,TT,CC,AC,CG,CC,AA,GG,GG,CC,TT,CC,GG,TT,GG,TT,AA,AA,NN,CC,GG,AC,AA,CC,GG,GG,AA,GG,TT,AC,AA,CG,GG,AT,CC,AA,TT,GT,TT,TT,AA,CG,GT,AT,CC,AT,GT,AT,GG,AG,TT,AA,TT,CC,NN,AA,CC,TT,GG,AA,CC,AG,CC,TT,CT,TT,GG,TT,AA,AC,AG,GT,CC,CG,GG,CC,GG,AT,AA,CG,GT,GG,CG,CG,AA,GG,CC,NN,CC,NN,AA,CC,CG,AA,TT,AA,GG,AA,AA,CC,AA,AG,GG,AG,AA,AT,GG,AA,AA,CC,AA,TT,AA,AA,GG,GG,GG,NN,AA,AA,GT,TT,TT,AA,TT,GG,GG,AA,0.96,Susceptible,High,Standard,Late
L0901,Anantapur,Andhra Pradesh,Kharif,Red Sandy,Rainfed,390,31.0,52,CC,CC,AA,AG,GG,CG,GT,TT,CC,CC,AA,CC,CG,TT,TT,GG,GG,TT,TT,AA,CC,TT,GT,CC,TT,CC,TT,TT,GG,AA,CT,CT,AA,CC,GG,CG,GG,CC,GG,CC,TT,CT,AA,GT,AA,AG,CT,TT,CC,AC,GG,AA,AG,GG,CT,TT,AA,AA,TT,AC,AA,GT,AT,AA,TT,AT,CC,GG,TT,GG,AA,GG,CC,AA,AG,AA,AT,AG,GT,TT,AG,GG,GG,CC,AA,GG,AA,AA,CC,TT,CC,GT,TT,TT,TT,AG,TT,CC,GT,TT,CC,CC,AG,AA,TT,TT,CC,AA,AG,AC,CC,GG,TT,CC,TT,AA,AA,AA,CC,AG,CC,GG,CC,GG,TT,AA,CC,CC,CC,CG,AA,TT,CC,AA,CC,CT,AA,AT,AA,AA,GG,CT,CC,GG,AA,AA,AA,CC,GG,CC,CC,AG,AA,GG,TT,GG,AC,GT,TT,GG,CC,GG,GT,TT,GG,AA,TT,TT,AA,TT,GG,CC,AA,CT,CC,AC,GG,CC,AA,GG,AA,CC,GT,CC,NN,TT,GG,AT,AA,AG,TT,CC,GG,AC,CC,CC,GG,GG,AC,GG,TT,AA,AA,CC,GG,AA,CC,AT,AT,GT,TT,AT,AA,GG,GG,AT,CC,TT,GT,AA,GG,AA,TT,AC,TT,CC,CT,AA,CC,CT,CG,AG,CC,GG,AA,TT,TT,GT,GG,TT,AC,CC,AA,GG,CC,CC,CG,CC,GG,AT,AA,CC,TT,GG,CC,CG,AA,GG,CG,AA,CC,AA,AA,CC,CG,AC,TT,AA,GG,AA,AC,AA,AA,AG,AA,AA,AA,TT,GG,AA,AA,AA,AC,CC,AA,AA,GG,GG,GG,TT,AA,AG,TT,TT,TT,AG,TT,GG,GG,AA,5.32,Moderate,Medium,Standard,Medium
L0902,Anantapur,Andhra Pradesh,Kharif,Red Sandy,Rainfed,390,31.0,52,AA,CT,GG,GG,GG,CC,GT,TT,CC,CC,AT,CC,CC,TT,TT,GG,GG,TT,TT,AA,CC,TT,GT,CC,TT,CC,TT,AT,GG,AA,TT,CT,AA,CC,GG,CC,GG,GG,GG,CC,TT,CC,AC,TT,AA,AG,NN,TT,CC,AC,GT,AA,AA,GG,TT,TT,AA,AA,GT,AA,AA,NN,TT,AA,TT,TT,CC,GG,TT,GT,GG,GG,CC,AA,AG,AA,AT,AG,GT,TT,GG,GG,GG,CC,AA,GG,AA,AT,CC,GT,CC,TT,CC,AT,TT,AG,CT,CC,TT,CC,CC,CC,GG,AA,AT,TT,CC,AA,AA,AA,CC,GG,GT,CC,GT,AA,AA,TT,CC,GG,CC,GG,CT,GT,CT,AA,CC,CC,CC,CC,AG,NN,CC,AA,CC,CC,AA,TT,AA,AA,GG,CC,CC,GG,GG,AG,AA,AC,GG,CC,CC,AA,AA,GG,TT,GG,AA,TT,CT,GG,AA,TT,GT,TT,CC,AA,GT,TT,AA,AT,GG,CC,AA,CT,CC,CC,GG,CC,AA,GG,AG,CC,TT,CG,GT,GT,GG,TT,AG,AA,TT,CC,GG,AA,NN,CG,GG,AG,AC,GG,TT,AC,AA,CC,GG,AT,CC,AA,AT,GG,TT,TT,AA,CG,GG,AT,CC,TT,TT,AA,GG,AA,TT,AA,TT,CC,TT,AA,CC,TT,CG,GG,CC,GG,CC,TT,TT,GT,GG,TT,AC,CC,AA,GG,CC,CG,GG,CC,GG,AT,AA,CC,TT,GG,CG,CC,AA,AG,CG,AT,CC,AA,AA,CC,CC,AC,TT,AA,GG,AA,AC,AC,AC,AG,AA,AA,AA,TT,GG,AC,AA,AC,AA,TT,AA,AG,GG,GG,GG,TT,AT,AA,GT,TT,TT,AG,AT,GG,GG,AA,2.87,Susceptible,Medium,Poor,Medium
L0903,Anantapur,Andhra Pradesh,Kharif,Red Sandy,Rainfed,390,31.0,52,AA,CT,GG,AG,GG,CC,GT,TT,CC,NN,AA,CT,CC,TT,TT,GT,GG,NN,TT,AA,CG,TT,GT,CT,TT,CC,TT,AT,GG,AA,TT,CC,AA,AC,AG,CG,GG,GG,GG,CC,NN,CT,AA,GT,AA,AG,TT,AT,CC,AC,GT,AA,AG,CG,CT,TT,AA,AA,GG,AA,AG,TT,TT,AG,CT,TT,CC,GG,TT,GT,AA,GG,AC,AA,GG,CC,AT,GG,TT,TT,GG,GG,GG,CC,AA,NN,AA,AT,CC,GG,AC,TT,CC,TT,TT,GG,NN,CC,TT,CC,CC,CG,AG,AA,AT,TT,CC,AA,AA,AA,CT,GG,TT,CG,GT,AA,AA,TT,CC,GG,CC,GG,CC,GG,TT,AA,CC,CC,CC,CC,AA,TT,CC,AA,CC,CT,AA,AT,AG,AA,GG,CT,CC,GG,AA,AG,AT,CC,GG,CC,CG,AA,AG,GG,TT,AA,AA,TT,CT,GG,CC,TT,TT,TT,CC,AA,TT,TT,AA,TT,CG,CC,AG,CC,AC,CC,CG,CC,AT,AG,GG,CC,TT,CC,GT,GT,GG,AT,AA,AG,TT,CC,CG,AA,CC,CC,GG,GG,AC,GG,TT,AC,AA,CC,GG,AA,AC,AA,AA,GG,TT,AT,TT,GG,GT,AT,CC,AT,TT,AA,GG,AA,TT,AA,TT,CC,TT,AA,CC,CT,CG,GG,CC,AA,CC,TT,TT,GG,GG,TT,AA,CC,AG,GG,CC,CC,GG,CC,GG,AT,AA,CG,GT,AG,CC,CG,AA,GG,CG,AT,CC,AT,AA,CC,CG,AC,TT,NN,GG,NN,AC,AC,AA,AG,GG,AA,AA,TT,GG,AC,AG,CC,AA,TT,AA,AA,GG,GG,GG,TT,AT,AA,GT,TT,TT,AG,TT,GG,GG,AA,3.13,Susceptible,Low,Standard,Early
L0904,Anantapur,Andhra Pradesh,Kharif,Red Sandy,Rainfed,390,31.0,52,CC,CT,GG,AG,GG,CC,GG,AT,CC,CG,AA,CC,CC,AT,GT,GG,GG,TT,TT,AA,CC,GT,GT,CC,AA,CC,TT,TT,GG,AA,TT,CC,AA,CC,GG,GG,GG,CC,GG,CC,TT,TT,AA,GT,AA,AG,CT,AT,CC,CC,GT,AA,AA,GG,TT,TT,AA,AC,GT,AA,AA,TT,AT,AA,TT,TT,CC,GG,TT,GG,AA,GG,AC,AA,AG,AC,AA,GG,TT,TT,GG,GG,GG,CC,AA,GG,AA,AA,CC,GT,CC,TT,CT,TT,TT,GG,TT,AC,TT,CC,CC,CG,AA,AA,TT,TT,CC,AA,AG,AA,CT,GT,NN,CC,TT,AA,AA,TT,CC,GG,CC,GG,CC,GT,TT,AG,CC,CC,CC,CC,AA,TT,CC,AA,CC,CC,AA,AT,GG,AA,GG,CC,CC,GG,AA,AG,AA,CC,GG,CC,CC,AA,AA,GG,TT,GG,AC,TT,CT,AG,CC,GT,GT,TT,CC,AT,GG,CT,AA,TT,GG,CC,AG,CC,CC,CC,GG,CC,AA,GG,AA,CC,TT,CG,GT,GT,GG,TT,AA,AG,TT,CC,GG,AA,CC,CC,GG,GG,AA,CG,TT,AA,AA,CC,GG,AA,CC,AA,AA,GG,TT,TT,AT,GG,GG,AA,CC,AT,TT,AA,GG,AA,TT,AA,TT,CG,TT,AA,CC,TT,GG,AG,CC,GG,CC,TT,CT,TT,GG,TT,AA,AA,AA,GG,CC,CC,GG,CG,GG,AT,AA,CG,TT,GG,CG,CC,AA,GG,CC,AA,CC,NN,AA,AC,GG,AC,TT,AA,GG,AA,AA,AA,AA,AG,AA,AA,AA,AT,CG,AA,AA,AC,AA,CT,AA,AG,GG,GG,GG,GT,AA,AA,GT,TT,TT,GG,TT,GG,GG,AA,4.17,Susceptible,Low,Premium,Late
L0905,Anantapur,Andhra Pradesh,Kharif,Red Sandy,Rainfed,390,31.0,52,CC,TT,GG,AG,GG,CC,GG,TT,CC,CC,AA,CC,CG,AT,TT,GG,GG,TT,TT,AG,CC,TT,TT,CT,NN,CT,TT,TT,GT,AC,CT,CC,AA,CC,AG,GG,GG,CC,GT,CC,TT,CT,AA,GT,AA,GG,TT,NN,CC,AC,GG,AA,GG,GG,CT,TT,AA,AA,GG,AA,AA,NN,AT,AA,TT,TT,CC,GG,CC,GT,AA,GG,CC,AA,AG,AC,AT,GG,TT,TT,GG,GG,GG,CC,AA,GG,AA,AT,CC,GT,CC,TT,CC,AT,TT,GG,TT,CC,TT,CC,CC,CC,AG,AA,TT,TT,CG,AA,AG,AA,CC,GG,GT,CC,GT,AC,AA,AT,CG,AG,CC,NN,CC,GT,TT,AA,CC,CC,CC,CC,AA,TT,CC,AA,CC,CC,AA,TT,AA,AA,CG,CC,CC,GG,AA,AG,AA,CC,GG,CC,CC,AA,AG,GG,GT,GG,AC,TT,CT,GG,CC,TT,TT,TT,CC,AA,TT,CT,AA,TT,CG,CC,AG,CT,CC,CC,GG,AC,AA,GG,AA,CC,TT,CC,GT,TT,CC,AT,AA,AA,TT,CC,GG,AC,CC,CC,CG,GG,AA,GG,TT,AA,AA,CC,GG,AA,AC,AA,AT,GG,TT,TT,AT,CG,GT,AT,CC,TT,TT,AA,GG,AA,TT,AA,TT,CC,CT,CC,CC,TT,GG,AA,CC,AA,CC,TT,TT,GG,GG,TT,AA,AC,AA,GG,CC,CC,GG,CC,GG,AT,AG,CC,GT,AG,CC,CC,AA,GG,CC,AA,CC,AA,AA,AC,CC,CC,AT,AG,NN,AA,AA,AA,AA,AG,AA,AA,AA,TT,CG,AA,AA,CC,AC,TT,AA,AA,CG,GG,CG,TT,AA,AA,TT,TT,TT,AA,TT,GG,CG,AA,1.66,Moderate,Medium,Standard,Early
L0906,Anantapur,Andhra Pradesh,Kharif,Red Sandy,Rainfed,390,31.0,52,AA,TT,GG,AG,GG,GG,GG,TT,CC,CG,AA,CC,CG,TT,TT,GG,CG,TT,TT,AA,CC,GT,TT,CT,TT,CC,TT,TT,GG,AA,TT,CT,AA,CC,GG,GG,GG,CC,GG,CC,TT,CT,AA,TT,AG,AG,TT,TT,CC,AC,GG,AA,AA,GG,CT,TT,AA,AA,TT,AA,AA,GT,AT,AG,TT,TT,CC,GG,TT,GT,AG,GG,CC,AA,AG,AA,AT,AG,TT,TT,GG,GG,GG,CC,AA,GG,AA,AA,CC,GT,CC,TT,CC,AA,TT,NN,TT,CC,GT,CC,CT,CG,GG,AA,TT,TT,CG,AA,AG,AA,CC,GG,TT,CC,GT,AC,AA,TT,CC,AG,CC,NN,CC,TT,TT,AA,CC,CC,CC,CC,AA,TT,CC,AA,CC,CC,AA,TT,AA,AT,CG,CC,CC,GG,AA,AA,AA,AC,GT,CC,CC,AA,AA,GG,GT,GG,AC,TT,TT,AG,AC,GT,GT,CT,CG,AT,GT,TT,AA,TT,CG,CC,AA,TT,CC,CC,GG,CC,AA,GG,AA,NN,TT,CC,GT,GT,CG,TT,AA,AA,TT,AC,GG,AA,CC,CC,GG,GG,AC,NN,TT,AC,AA,CC,GG,AA,CC,AA,AA,GG,GT,AT,AT,CG,GG,AA,CG,AA,TT,AA,GG,AA,TT,AA,TT,CC,CT,AC,CC,TT,GG,AA,CG,AA,CC,TT,TT,GT,GG,TT,AA,CC,AG,GG,NN,CC,GG,CC,GG,AT,AA,CC,GG,GG,CC,CC,AA,AG,CC,AT,CC,AA,AA,AC,CG,CC,AT,AA,GG,AA,AA,AC,AA,GG,GG,NN,AA,AT,GG,AA,AA,CC,AC,CT,AG,AA,GG,AA,GG,TT,AA,AA,TT,TT,TT,GG,TT,GG,GG,AA,0.51,Susceptible,High,Poor,Medium
L0907,Anantapur,Andhra Pradesh,Kharif,Red Sandy,Rainfed,390,31.0,52,AC,TT,AG,AA,GG,CG,GG,TT,NN,CC,AT,CC,CG,TT,TT,GG,GG,AT,TT,AA,CC,GT,TT,CC,NN,CC,TT,TT,GT,AA,TT,CT,AG,CC,GG,GG,GG,CC,GG,CC,TT,TT,AC,GT,AG,GG,TT,TT,CC,AC,GG,AA,AG,GG,CC,GT,AA,AA,GT,AA,AA,TT,TT,AA,TT,TT,CC,GG,TT,GG,AG,GG,CC,AA,GG,AC,AT,AG,TT,TT,GG,GG,GG,CC,AA,GG,AA,AA,CC,TT,CC,GT,CT,TT,TT,GG,TT,CC,TT,CC,CT,CC,AA,AA,TT,TT,CG,AA,AG,AA,CT,GG,TT,CC,TT,AA,AA,TT,CC,GG,CC,GG,CC,GG,TT,AG,CC,CC,CC,CC,AA,TT,CC,AA,CC,CT,AA,TT,AA,AA,GG,CT,CC,GG,AA,AG,AA,AC,NN,CC,CC,AA,AA,GG,GT,GG,AA,GT,CT,GG,AC,GT,TT,TT,CC,AA,GT,TT,AA,TT,GG,CC,AA,CT,NN,CC,GG,CC,AA,GG,GG,CC,TT,CC,GG,TT,GG,TT,AA,AA,GG,CC,GG,AA,AC,CC,GG,GG,CC,CG,TT,AA,AA,CC,GG,AT,AC,AA,NN,GG,GT,AT,AT,GG,GT,AT,CC,AT,TT,AA,GG,AA,TT,AA,TT,CC,TT,AA,CC,TT,GG,AG,CC,AA,AC,TT,CC,GT,GG,TT,AA,AC,AA,GG,NN,CC,GG,CC,GG,AT,AA,CC,TT,GG,CC,CC,AA,GG,CC,TT,CG,AA,AA,AC,CG,AC,TT,AA,GG,AA,AA,AC,AA,GG,AG,AA,AA,TT,CG,AA,AG,CC,AA,CT,AA,AA,GG,GG,GG,TT,AA,AA,NN,TT,TT,AA,TT,GG,GG,AA,3.23,Susceptible,Low,Premium,Early
L0908,Anantapur,Andhra Pradesh,Kharif,Red Sandy,Rainfed,390,31.0,52,AC,TT,AA,GG,GG,CC,GG,AT,CC,CC,AT,CC,CG,AT,TT,GG,GG,AT,TT,AG,CC,TT,GT,CT,AA,CC,TT,TT,GT,AA,TT,CC,AA,CC,GG,GG,GG,GG,GG,CC,TT,TT,AA,TT,AG,AG,TT,AT,CC,CC,GG,AA,AG,GG,CC,GG,AA,AC,GG,AA,AA,TT,TT,AG,TT,AT,CC,GG,TT,GG,AG,GG,CC,AA,GG,AA,AT,GG,TT,TT,GG,GG,GG,CC,AA,GG,AA,AA,CC,GT,CC,TT,CC,TT,NN,GG,TT,CC,NN,CC,CC,CC,GG,AA,TT,TT,CC,AA,AG,AA,CC,GG,TT,CC,TT,AC,AA,TT,CC,GG,CC,GG,CC,GG,TT,AG,CC,CC,CC,CC,AA,TT,CC,AA,CC,CT,AA,AT,AA,AA,CG,CC,CC,GG,AG,AG,AA,CC,GG,CC,NN,AA,AG,GG,TT,AG,AC,TT,CT,GG,CC,TT,GT,TT,CC,AA,GG,TT,AT,TT,CG,CC,AA,CC,CC,CC,CG,CC,AA,GG,AA,CC,TT,CC,GG,TT,GG,AT,AA,AA,TT,CC,GG,AA,CC,CC,GG,GG,AC,CG,TT,AA,AA,CC,GG,AA,CC,AA,AA,GG,TT,AT,AA,GG,GT,AA,CC,AT,NN,NN,GG,AA,TT,AA,TT,CC,TT,AA,CC,CT,GG,AG,CG,AG,CC,TT,TT,TT,GG,AT,AA,CC,AA,GG,CC,CG,GG,CC,GG,TT,AA,CC,GT,GG,CC,CC,AA,AA,CC,AT,CG,AT,AA,CC,CG,AA,TT,AA,CG,AA,AA,AC,AC,GG,AA,AA,AA,TT,NN,AC,AG,AA,AA,TT,AA,AA,GG,GG,GG,TT,AA,AG,TT,TT,TT,AA,TT,GG,GG,AA,5.04,Moderate,Medium,Premium,Medium
L0909,Anantapur,Andhra Pradesh,Kharif,Red Sandy,Rainfed,390,31.0,52,AC,TT,GG,GG,GG,CC,TT,TT,CC,GG,AA,CC,CG,TT,TT,GG,CG,TT,NN,AA,CC,TT,GT,CT,TT,CC,TT,TT,GG,AA,TT,CC,AA,CC,GG,GG,GG,CC,GG,CC,TT,CT,CC,TT,AA,NN,TT,NN,CC,AC,GG,AA,AG,GG,CT,GT,AA,AA,GG,AA,AA,TT,TT,AG,TT,AT,CC,GG,TT,NN,AG,GG,CC,AA,AG,CC,AT,GG,TT,TT,GG,GT,GT,CC,AT,GG,AA,AA,CC,TT,AC,TT,CT,TT,TT,GG,TT,CC,TT,CC,CC,CG,AG,AA,TT,TT,CC,AA,AG,AA,CT,GG,TT,CC,GT,AA,AC,TT,CC,GG,CC,AG,CC,GG,TT,AA,CT,CC,CC,CC,AA,GT,AC,AA,CC,NN,AA,TT,AA,AA,GG,CC,CC,AG,AG,AA,AA,AC,GG,CC,CG,AA,AA,GG,TT,GG,AA,TT,CT,GG,CC,TT,TT,TT,CG,AA,GT,TT,AA,TT,GG,CC,AA,CT,CC,CC,CC,CC,AA,GG,AA,CC,TT,CC,GG,TT,GG,TT,AA,AA,TT,AA,GG,AA,CC,CC,GG,GG,AC,GG,TT,AA,AA,CC,GG,AA,AC,AA,AT,GG,GT,TT,AA,CG,GG,AT,CC,TT,TT,AA,GG,AA,CT,AA,TT,CG,CT,AA,CC,CT,NN,AA,CG,GG,AA,TT,CT,TT,GG,TT,AC,CC,AG,GT,CC,CG,GG,CC,GG,AT,AA,CC,TT,GG,CC,CC,AA,GG,CC,AA,CC,AA,AA,CC,CG,AC,TT,AA,CG,AA,AC,AC,AA,AG,AA,AA,AA,AT,GG,AC,AA,AC,AC,TT,AA,AG,GG,AA,GG,TT,AA,AA,GT,TT,TT,GG,TT,GG,CG,AA,2.84,Moderate,High,Poor,Early
L0910,Anantapur,Andhra Pradesh,Kharif,Red Sandy,Rainfed,390,31.0,52,AA,CT,GG,AG,GG,CG,GT,TT,CC,CC,AA,CC,CG,TT,TT,GG,GG,TT,TT,AA,NN,TT,TT,CC,TT,CC,TT,TT,GT,AA,CC,CT,AA,CC,GG,CG,GG,CC,GG,AC,TT,TT,AA,TT,AA,GG,TT,TT,CC,CC,GG,AT,AA,GG,CC,TT,AA,AC,GG,AC,AA,TT,AA,AG,CT,TT,CC,GG,TT,TT,AG,GT,CC,AA,GG,AC,AA,AG,TT,TT,GG,GG,GG,CC,AA,GG,AA,AT,CC,TT,AC,TT,CC,TT,TT,GG,CT,AC,TT,CC,CT,CC,AG,AA,AT,TT,CC,AG,AG,AA,CC,GG,GT,CC,TT,AA,AA,TT,CG,GG,CG,GG,CT,GT,TT,AG,CT,CC,CC,CC,AA,TT,CC,AA,CC,CC,AG,AT,AA,AA,GG,CC,CC,GG,AA,AG,AA,CC,GG,CC,CC,AG,AG,GG,TT,GG,AC,TT,CT,AG,AC,GT,TT,TT,CG,AA,GT,TT,AA,AT,GG,CC,AG,CT,CC,CC,CG,AC,AA,GG,AA,CC,TT,CC,GG,GT,GG,TT,AA,AG,TT,CC,GG,AA,CC,CC,GG,GG,AA,GG,TT,AA,AG,CC,GT,AA,AC,AA,AA,GG,TT,TT,AA,GG,GT,AT,CC,AT,NN,AA,GG,AA,TT,AA,TT,CC,CT,AC,CC,NN,GG,AG,CC,AA,CC,TT,TT,GT,GG,TT,AA,AA,GG,GG,CC,CC,GG,CC,GG,TT,AG,CC,TT,GG,CC,CG,AA,GG,CG,AA,CG,AA,AA,AC,CC,CC,TT,AA,GG,AA,NN,CC,AA,GG,AA,AA,AA,TT,GG,AA,AA,CC,AA,CT,AA,AA,GG,GG,GG,TT,AA,AA,GT,TT,TT,GG,AT,GG,GG,AA,0.4,Susceptible,High,Standard,Late
L0911,Anantapur,Andhra Pradesh,Kharif,Red Sandy,Rainfed,390,31.0,52,AA,TT,GG,AG,GG,CG,GG,AT,CC,CC,AA,CC,CG,TT,TT,GG,GG,TT,NN,AG,CC,TT,TT,CC,TT,CC,TT,TT,GG,AA,TT,CC,AA,CC,GG,GG,GG,CG,GG,CC,TT,TT,AA,TT,GG,AG,TT,TT,CC,AA,GG,NN,AA,GG,CC,GT,AT,AA,GT,AC,AG,TT,TT,AA,TT,TT,CC,GG,TT,GG,AA,GG,CC,AA,GG,AC,AA,GG,TT,TT,GG,GT,GG,CC,AA,GG,AA,AA,CC,GT,AC,TT,CC,TT,TT,GG,CC,CC,GT,CC,CT,CC,AA,AA,TT,TT,CC,AA,AA,AC,CC,GG,TT,CC,TT,AC,AA,TT,CC,GG,CC,GG,CT,TT,CT,AA,CC,CC,CC,NN,AA,TT,CC,AA,CC,CC,AA,AT,AA,AA,GG,CC,CC,GG,AA,GG,AA,CC,GG,NN,CC,AA,AA,GG,TT,GG,AC,GT,TT,GG,AC,GT,GT,CT,CC,AT,GT,TT,AA,NN,GG,CC,AA,CT,AC,AC,CG,CC,AA,GG,AG,CC,TT,CC,GT,NN,GG,AT,AA,AG,TT,CC,GG,AA,AA,CC,GG,GG,AC,GG,TT,AC,AA,CC,GG,AT,CC,AA,AT,GG,TT,TT,AA,GG,GT,AT,CG,AT,TT,AA,GG,AA,TT,AA,TT,CG,TT,AA,CC,TT,GG,AA,CG,AG,AC,TT,CT,GT,GG,AT,AA,AC,AA,GG,CC,CG,GG,CC,GG,TT,AA,CG,NN,GG,CC,CC,AA,AG,CC,AA,CC,AA,AA,AC,CG,AC,TT,AA,CG,AA,AC,AA,AA,AA,AG,AG,AA,TT,GG,AA,GG,AA,AA,TT,AA,AA,NN,GG,GG,NN,AA,NN,TT,TT,TT,AA,TT,CC,GG,AA,6.81,Moderate,Low,Poor,Medium
L0912,Anantapur,Andhra Pradesh,Kharif,Red Sandy,Rainfed,390,31.0,52,NN,TT,NN,NN,CG,CC,GG,TT,CC,CG,AA,CC,CC,TT,GT,GT,NN,TT,TT,AA,CC,TT,GT,CT,TT,CC,TT,TT,GG,AA,TT,CT,AA,CC,GG,GG,GG,CC,GG,CC,TT,CC,AA,TT,AG,AG,TT,NN,CC,AC,GG,AA,AA,GG,CC,TT,AT,AA,TT,AC,AA,TT,AT,AG,TT,TT,CC,NN,NN,GG,AA,GG,CC,AA,GG,AA,AT,AG,TT,TT,GG,TT,GG,CC,AA,GG,AA,AT,CC,TT,AC,TT,CC,AT,GT,AG,TT,CC,GT,CT,CT,CG,GG,AA,TT,TT,CC,AA,AA,AA,CC,GG,GT,CC,TT,AC,AA,TT,CC,GG,CC,GG,CC,GG,NN,AA,CT,CC,CC,CC,AA,GT,CC,AA,CC,CC,AA,TT,AA,AA,GG,CC,CC,GG,AA,AG,AA,CC,GG,CC,CG,AG,NN,GG,TT,NN,AA,TT,CT,GG,CC,TT,TT,TT,CC,AA,GT,TT,AT,TT,GG,CC,AA,CC,CC,AC,GG,CC,AA,GG,AA,CC,TT,CC,GG,GT,GG,TT,AA,AA,TT,CC,GG,CC,CC,CC,GG,GG,AA,GG,TT,AC,AA,CC,GG,AA,CC,AA,AA,GG,TT,TT,AA,GG,TT,AA,CC,AT,GT,AA,GG,AA,TT,AA,TT,CG,TT,AA,CC,TT,GG,GG,CC,AG,CC,TT,CC,GT,GG,TT,AA,CC,AG,GG,CC,CC,GG,CC,GG,TT,AA,CC,TT,GG,CC,CC,AA,AG,CC,AT,CG,AA,AA,AC,CG,AC,TT,AA,GG,NN,AA,AC,AA,GG,AA,AA,AA,AT,GG,AA,AG,AC,AC,TT,AA,AA,GG,GG,GG,GT,AA,AA,TT,TT,TT,AG,TT,GG,GG,AA,4.34,Moderate,Low,Standard,Early
L0913,Anantapur,Andhra Pradesh,Kharif,Red Sandy,Rainfed,390,31.0,52,AA,TT,GG,AG,GG,CC,GT,TT,CC,CG,AT,TT,CC,TT,TT,NN,CG,NN,TT,AG,CG,TT,TT,TT,TT,CC,TT,TT,GG,AA,CT,NN,AA,CC,GG,NN,GG,GG,GG,CC,TT,CC,AC,TT,AA,GG,TT,TT,CC,AA,GG,AA,AG,GG,CC,TT,AA,AC,TT,AA,AA,TT,TT,AA,TT,AA,CC,GG,TT,GT,AA,GT,AC,AA,AG,AC,AA,GG,TT,CT,GG,GT,GT,NN,AA,GG,AA,AA,CC,TT,AC,GT,NN,AT,TT,GG,TT,AC,GT,CC,CC,GG,GG,AA,TT,GT,CC,AA,AA,AA,CT,GG,GT,CC,TT,AA,AA,AT,CG,GG,CG,AG,CC,TT,TT,AA,CC,CC,CC,CC,AA,TT,AC,AA,CC,CC,AA,TT,AA,AA,CG,CC,CC,GG,AA,AG,AA,CC,GG,CC,CC,AA,AG,GG,TT,AG,AA,GT,TT,GG,CC,TT,GT,TT,CC,AA,GT,TT,AA,AT,CG,CC,AA,CT,CC,CC,CG,CC,AA,GG,AA,CC,TT,CC,GG,GT,GG,AT,AA,AA,TT,NN,GG,AA,CC,CC,GG,GG,AC,GG,TT,AA,AA,CC,GG,AA,CC,AT,AA,GG,TT,AA,AT,NN,GT,AT,CG,TT,TT,AA,GG,AA,TT,AA,TT,CC,CT,AC,CC,TT,GG,AG,CC,AA,CC,TT,CT,TT,GG,TT,AA,AC,AA,GT,CC,CC,GG,CC,GG,TT,AA,CC,TT,GG,CC,CC,AT,AG,CC,AA,CC,AA,AA,AC,CG,AC,TT,AA,GG,AA,AC,CC,AA,AA,AG,AG,AA,TT,GG,AA,AA,CC,AC,TT,AA,AA,GG,GG,GG,TT,AT,AA,TT,TT,TT,GG,TT,CG,CG,AA,0.96,Resistant,High,Premium,Late
L0914,Anantapur,Andhra Pradesh,Kharif,Red Sandy,Rainfed,390,31.0,52,AC,TT,GG,AG,GG,CC,GG,AA,CC,CC,AA,CC,CG,NN,TT,GG,CC,TT,TT,AA,CC,GT,GT,TT,TT,CC,TT,TT,GG,AA,TT,CT,AA,CC,AG,GG,GG,CC,GG,CC,TT,TT,AA,NN,AG,AG,TT,TT,CC,AA,GG,AT,AA,GG,CC,TT,AA,AA,GT,AA,AA,TT,AT,AA,CC,TT,CC,GG,TT,TT,AA,GG,CC,AA,GG,AA,TT,GG,TT,TT,GG,GG,GG,CC,AA,GG,AA,AA,CG,TT,CC,TT,CC,AT,GT,GG,CT,CC,TT,CC,CC,CC,GG,AA,TT,TT,CC,AA,AG,AA,CT,GG,TT,CC,TT,AC,AA,TT,CG,GG,CG,AG,CC,GG,CT,AA,CC,CC,CC,CC,AG,GT,CC,AA,CC,CC,AA,TT,AA,AA,GG,TT,CC,GG,AA,AA,AT,AC,GG,CC,CC,AA,AA,AG,GT,GG,AA,TT,CT,GG,AA,TT,GG,CT,CG,AT,TT,TT,AA,TT,CG,CC,NN,CT,AC,CC,CG,CC,AA,GG,AG,CC,TT,CC,GT,TT,GG,AA,AA,AG,TT,CC,GG,AA,AA,CC,GG,NN,AA,GG,TT,AA,AG,CC,GT,AA,CC,AA,AA,GG,TT,AT,AT,GG,GG,AA,CC,TT,TT,AA,GG,AA,TT,AA,TT,CC,TT,AA,CC,TT,GG,AG,CC,AA,AC,AT,TT,GT,GG,TT,AA,CC,AA,GG,CC,CC,GG,NN,GG,AT,AA,CC,TT,GG,CG,CC,AA,GG,CC,AT,CC,AA,AG,CC,CC,CC,TT,AA,GG,AA,AA,AC,AA,GG,AA,AG,AA,TT,GG,AC,AG,AC,AC,CT,AA,AG,CC,GG,GG,TT,AA,AG,TT,TT,TT,AA,AT,GG,GG,AA,4.09,Susceptible,Low,Poor,Medium
L0915,Anantapur,Andhra Pradesh,Kharif,Red Sandy,Rainfed,390,31.0,52,AA,TT,AG,AG,GG,CG,GG,TT,CC,CC,AT,CC,GG,TT,GT,GG,CC,TT,AT,AA,CC,GT,TT,CC,TT,CC,GT,TT,NN,AA,TT,CC,AA,CC,AG,GG,GG,CC,GG,CC,TT,CC,AA,TT,AA,GG,TT,TT,CC,AC,GG,AT,AA,GG,CT,TT,AA,AC,TT,CC,AA,TT,AT,AG,TT,AT,CC,GG,TT,GG,AG,GT,CC,AA,GG,AA,AT,AG,TT,TT,GG,GT,GG,CC,AA,GG,AA,AA,CC,GT,CC,TT,CT,AT,TT,GG,TT,AC,GT,CC,CT,CG,AG,AA,TT,TT,CG,AA,GG,AA,TT,GG,TT,CC,TT,AC,AA,TT,CC,AG,CC,AG,CC,GT,TT,AG,CT,CC,CC,CC,AA,TT,CC,AA,CC,CC,AA,TT,AA,AA,GG,CC,CC,GG,AA,AA,AA,CC,GG,CC,CC,AG,AG,GG,TT,AG,AA,TT,TT,GG,AC,TT,TT,TT,CC,AA,GT,TT,AA,AT,GG,CC,AG,CT,CC,CC,GG,NN,AA,GG,AA,CC,TT,CC,GG,GT,CG,AT,AA,AA,TT,CC,GG,AA,NN,CC,GG,GG,AA,GG,TT,AC,AG,CC,GT,AA,AC,AA,AT,GG,TT,TT,AA,CG,TT,TT,CC,TT,NN,AA,GG,AA,TT,AA,TT,CC,CT,AC,CC,CT,GG,AA,CG,GG,CC,TT,TT,GG,GG,TT,AA,AC,AA,GG,CC,CG,GG,CC,GG,AT,AA,CC,TT,GG,CC,CC,AA,GG,CC,AA,CC,AA,AA,AA,GG,CC,TT,AA,GG,AA,AA,AC,AC,GG,AA,AA,AA,AT,GG,AA,GG,CC,AA,TT,AG,AA,GG,AG,GG,TT,AA,AA,GT,TT,TT,AA,AT,GG,GG,AA,0.4,Susceptible,High,Standard,Late
L0916,Anantapur,Andhra Pradesh,Kharif,Red Sandy,Rainfed,390,31.0,52,CC,TT,AG,AA,GG,CC,GG,AT,CC,CC,AA,CT,CC,TT,TT,GG,CG,TT,TT,AA,CC,GT,TT,CT,TT,CC,TT,TT,GG,AA,TT,CT,AA,CC,GG,GG,GG,GG,GG,CC,TT,CT,AA,TT,AA,AG,TT,TT,CC,AA,GT,AT,AA,GG,CC,GT,AA,AC,GT,AA,AA,TT,AT,AG,CT,TT,CC,GG,TT,GG,AA,GG,CC,AA,AG,AA,AA,GG,TT,TT,GG,GT,GG,CC,AA,GG,AA,AA,CC,GT,CC,TT,NN,TT,TT,GG,CT,CC,GT,CC,CT,CG,GG,AA,AT,TT,CG,AA,AA,AC,CC,GG,TT,NN,TT,AA,AA,TT,CC,AG,CC,GG,CC,GG,TT,AG,CT,CC,CC,CC,AA,TT,AC,AA,CC,CC,AA,TT,AA,TT,GG,CT,CG,GG,AA,GG,AA,AC,GT,CC,CC,AA,AA,GG,TT,AG,AC,TT,CT,GG,CC,GT,TT,CT,CG,AA,TT,CT,AA,TT,GG,CC,AG,CC,CC,CC,GG,CC,AA,GG,AA,CC,TT,CC,GT,GT,CG,AT,AA,AG,GT,CC,CG,AA,CC,CC,GG,GG,AC,GG,TT,AC,AA,CC,GG,AA,CC,AT,AA,GG,TT,AT,TT,GG,GG,AA,CC,TT,GT,AA,GG,AA,TT,AC,TT,CC,TT,AA,CC,TT,GG,GG,CG,AA,AC,TT,TT,GT,NN,AT,CC,AC,AA,GT,CC,CG,GG,CC,GG,AT,AA,CG,GT,GG,CC,CC,AT,AA,CG,AA,CC,AA,AA,AC,CC,AC,TT,AA,GG,AA,AA,AC,AC,AG,AA,AG,AA,TT,GG,AA,AA,AA,AC,CT,AA,AA,GG,GG,GG,TT,AA,AG,GT,TT,TT,AA,AT,GG,GG,AC,3.74,Resistant,Low,Standard,Early
L0917,Anantapur,Andhra Pradesh,Kharif,Red Sandy,Rainfed,390,31.0,52,AC,TT,GG,AG,GG,CC,GT,AT,CC,CG,AA,CC,CC,TT,TT,GG,CG,TT,TT,AA,CC,TT,GT,CC,TT,CC,TT,TT,GG,AA,TT,CC,AA,CC,GG,GG,GG,CC,GG,CC,GT,CT,AC,TT,AG,AG,TT,AT,CC,CC,GG,AT,AG,GG,CT,GT,AT,AA,GT,NN,AG,GT,AT,AG,TT,AT,CC,GG,TT,TT,AA,GT,CC,AA,GG,AA,AT,GG,TT,TT,NN,GG,GG,AC,AT,GG,AA,AT,CC,GT,AC,TT,NN,TT,GG,GG,TT,AC,NN,CC,CT,CC,AG,AA,TT,TT,CC,AA,AG,AC,CT,GG,TT,CC,TT,AA,AA,TT,NN,GG,CC,GG,CC,GG,CT,AA,CC,CC,CC,CC,AA,TT,CC,AA,CC,CC,AA,NN,AA,AT,GG,CC,CC,GG,AA,AG,AA,CC,GG,CC,CC,AA,AG,GG,TT,GG,AC,GT,TT,GG,AC,GT,GT,TT,CC,AA,TT,TT,AA,TT,CG,CC,AA,CT,AC,CC,CG,CC,AA,NN,AA,CC,TT,CC,GT,TT,GG,AT,AA,AG,TT,CC,CG,AA,AC,CC,GG,NN,AA,GG,TT,AA,AG,CC,GG,AT,CC,AA,AT,GG,GT,AT,NN,GG,TT,AA,CC,TT,TT,AA,NN,AA,TT,AA,TT,CC,TT,AA,CC,TT,CG,AA,CC,GG,CC,TT,TT,GT,CG,TT,AC,AC,NN,GG,CC,CG,GG,CC,GG,TT,AA,CC,GT,GG,CG,CC,AA,GG,CC,AT,CC,AA,AA,CC,CC,CC,TT,AA,GG,AA,AA,CC,AA,AA,AG,AG,AA,TT,GG,AA,AA,AC,AA,CT,AG,AA,GG,GG,GG,GT,AA,AA,TT,TT,TT,AG,TT,GG,GG,AC,2.35,Resistant,Low,Poor,Early
L0918,Anantapur,Andhra Pradesh,Kharif,Red Sandy,Rainfed,390,31.0,52,AC,TT,GG,AA,GG,CC,GT,TT,CC,CC,AA,CC,CC,TT,TT,GG,GG,TT,TT,AA,NN,GT,TT,CT,TT,CC,TT,TT,GT,AA,TT,CC,AA,CC,GG,GG,GG,CG,GG,AC,TT,CT,AA,TT,AG,GG,TT,TT,CC,CC,GG,AA,AG,GG,CC,TT,AT,AA,GG,AA,AA,TT,AT,AG,TT,TT,CC,GG,TT,GG,AA,GT,CC,AA,GG,AA,AT,AG,TT,TT,NN,TT,GG,CC,AA,GG,AA,AA,CC,GT,CC,TT,CC,TT,TT,GG,TT,AC,TT,CC,CT,CG,AA,AA,TT,TT,NN,AA,AG,AA,CC,GG,TT,GG,GT,AA,AA,TT,CG,AG,CC,GG,CC,GT,CT,NN,CC,CC,CC,CC,AA,NN,CC,AA,CC,CC,AA,TT,AA,AA,GG,TT,CC,GG,AA,AA,AA,CC,GG,CC,CC,AA,AG,GG,TT,AG,AA,TT,CT,GG,AA,NN,TT,TT,CC,AA,TT,CT,AT,AT,GG,CC,AG,CT,CC,CC,CG,CC,AA,GG,AA,CC,TT,CG,GG,TT,CC,AA,AA,AA,TT,CC,GG,AA,CC,CG,GG,AG,AA,GG,TT,AC,AA,CC,GG,AA,AC,AA,AA,GG,TT,AT,AA,GG,GT,AA,CC,NN,TT,AA,GG,AA,TT,AA,TT,CC,CT,AA,CC,CT,GG,AA,CG,AG,CC,TT,CT,GT,GG,TT,AA,AC,AG,GG,CG,CG,GG,CC,GG,TT,AA,CG,GT,GG,CC,CC,AA,AA,CG,AT,CC,AA,AA,CC,CC,CC,TT,AA,GG,AA,AA,AC,AA,GG,AA,AA,AA,TT,GG,AA,AG,CC,AC,TT,AA,AA,GG,GG,GG,TT,AA,AA,TT,TT,TT,AA,TT,GG,GG,AA,1.02,Susceptible,Medium,Poor,Early
L0919,Anantapur,Andhra Pradesh,Kharif,Red Sandy,Rainfed,390,31.0,52,AC,CT,GG,AG,GG,CC,GG,TT,CC,CG,AA,CT,CC,TT,TT,GG,CG,TT,TT,AA,CG,GT,TT,CC,TT,CC,TT,TT,GG,AA,TT,CT,AA,CC,GG,GG,GG,CC,GG,CC,TT,CC,AA,TT,AG,GG,TT,AT,CC,AC,GT,AA,AA,GG,CT,TT,AA,AA,GT,AC,AA,TT,TT,GG,CT,TT,CC,GG,TT,GG,AG,GG,CC,AA,AG,AC,AA,GG,TT,TT,GG,GT,GT,CC,AA,GG,AA,AA,CC,TT,CC,TT,CC,TT,GT,GG,CT,CC,TT,CC,TT,CG,AG,AG,AT,TT,CC,AA,GG,AA,CC,GG,TT,CC,TT,AA,AC,TT,CC,GG,CC,GG,CC,GT,TT,AA,CC,CC,CC,CC,NN,TT,CC,AA,CC,CC,AA,TT,AA,AA,GG,CC,CC,GG,AA,AG,AA,AC,GG,CC,CG,AA,AA,GG,TT,GG,AC,TT,TT,GG,CC,GT,TT,TT,CC,AA,GT,TT,AA,TT,GG,CG,AA,TT,CC,CC,CG,AC,AA,GG,AG,CC,TT,CG,GT,GT,GG,AT,AA,AG,TT,CC,GG,AA,CC,CC,GG,GG,AA,CG,TT,AA,AA,CC,GG,AT,AC,AA,AA,GG,TT,AT,AT,GG,GT,AT,CC,AT,GT,AA,GG,AA,CC,AA,TT,CC,CT,AA,CC,TT,NN,AA,CC,AA,CC,TT,TT,NN,CG,TT,AA,CC,AA,GG,CC,CG,GG,CC,GG,AT,AA,CC,TT,GG,CC,CC,AA,GG,CG,AA,CG,AA,AA,AC,CG,CC,TT,AA,GG,AT,AA,AA,AA,AG,AG,AG,AA,TT,GG,AA,AA,AC,AC,CT,AA,AG,GG,GG,GG,TT,AT,AA,TT,TT,TT,AA,AT,GG,GG,CC,2.67,Resistant,High,Premium,Medium
L0920,Anantapur,Andhra Pradesh,Kharif,Red Sandy,Rainfed,390,31.0,52,AA,TT,NN,AG,CG,CC,GG,TT,CC,GG,AA,CT,CG,TT,TT,GG,GG,TT,TT,AA,CC,GT,GG,CT,TT,CC,GT,AT,GG,AA,TT,CC,AA,NN,AG,GG,GG,CG,GT,CC,TT,CT,AA,TT,AG,GG,TT,AT,CC,AC,GT,AT,AA,GG,CT,TT,AA,AA,TT,AC,AA,GT,TT,AA,TT,TT,CC,GG,TT,GG,AG,GG,CC,AA,GG,AA,NN,GG,TT,TT,GG,GT,NN,CC,AA,GG,AA,AA,CC,GT,CC,TT,CT,TT,TT,GG,TT,AC,GT,CC,CC,CG,AG,AG,TT,TT,CC,AA,AA,AA,CC,GG,TT,CC,TT,AC,AA,TT,CG,AG,CC,GG,CC,GG,TT,AA,CC,CC,CC,CC,AA,TT,CC,AA,CC,CC,AA,AA,AA,AT,GG,CC,CC,GG,AA,AG,AA,CC,GT,CC,CC,AA,AA,GG,TT,AG,AA,GT,NN,GG,AA,GT,GT,TT,CC,AA,GG,TT,AA,TT,GG,NN,AG,CC,CC,CC,GG,CC,AA,GG,AG,CC,TT,CG,GG,GT,CG,AT,AA,AA,TT,CC,CG,AA,CC,CC,GG,GG,AA,CG,TT,AC,AA,CC,GG,AA,AA,AA,AA,GT,TT,TT,AA,NN,GT,AA,CG,AT,TT,AA,GG,AA,TT,AC,TT,CC,TT,AC,NN,CT,CG,AA,CC,AG,CC,TT,TT,GT,NN,TT,AA,AC,AG,GG,CC,CC,GG,CC,GG,TT,AA,CC,GT,GG,CC,CC,AA,GG,CG,AA,CC,AT,AA,CC,GG,AC,TT,AA,GG,AA,AA,AC,AA,AG,AG,AA,AA,TT,CG,AC,AA,AC,AA,TT,AA,AA,GG,GG,GG,TT,AA,AG,GT,TT,TT,AA,AT,GG,GG,AA,2.02,Moderate,Medium,Standard,Early
L0921,Anantapur,Andhra Pradesh,Kharif,Red Sandy,Rainfed,390,31.0,52,AC,TT,GG,AA,GG,CC,GT,TT,CC,CC,AA,CC,CC,AT,GT,GG,GG,TT,TT,AA,CC,GT,GT,TT,TT,CC,GT,TT,GG,AA,TT,CT,AG,CC,GG,GG,GG,CC,GG,CC,TT,TT,AA,TT,AA,AG,TT,TT,CC,AA,GG,AA,AA,GG,TT,GT,AA,AA,TT,AA,AA,TT,AT,AA,TT,AA,CC,GG,TT,GG,AA,GT,AC,AA,GG,CC,AT,GG,TT,TT,GG,GG,GG,CC,AA,GG,AG,AA,CC,GT,CC,TT,TT,TT,TT,GG,TT,AC,GT,CC,CT,CG,AG,AA,TT,TT,CC,AA,AG,AA,CC,GG,NN,CC,TT,AA,AA,TT,CG,AG,CC,AG,CT,GG,TT,AA,CC,CC,NN,CC,AG,TT,CC,AA,CC,CC,AA,TT,AA,AA,GG,CC,CC,GG,AA,AA,AA,CC,TT,CC,CG,AA,AG,AG,TT,AG,AA,TT,TT,GG,AC,TT,TT,TT,CC,AA,TT,TT,AA,AT,CG,CC,AG,TT,CC,CC,CG,CC,AA,GG,NN,CC,TT,CG,GG,TT,GG,AA,AA,AA,TT,CC,CG,AC,AC,CC,GG,GG,AC,NN,TT,AA,AA,CC,NN,AA,CC,AA,AA,GG,TT,TT,AA,GG,TT,TT,CC,TT,GT,AA,GG,AA,TT,AA,TT,CC,TT,AC,AC,TT,GG,AA,CG,AG,AC,TT,TT,TT,GG,TT,AA,CC,AG,GG,CC,CG,GG,CC,GG,AA,AG,CG,GG,AG,CC,CC,AT,GG,CC,AA,CC,AA,AA,AC,CC,AC,TT,AA,CG,AA,AA,AA,AC,AG,AA,AA,AA,TT,GG,AA,AA,CC,AA,CC,AA,AA,GG,AG,GG,TT,AA,AA,TT,TT,TT,AA,AT,GG,CG,AA,0.4,Susceptible,High,Poor,Early
L0922,Anantapur,Andhra Pradesh,Kharif,Red Sandy,Rainfed,390,31.0,52,AA,TT,GG,AG,GG,CC,GG,TT,CC,CC,AA,CC,CC,AT,TT,GT,GG,TT,TT,AA,CC,TT,GT,CC,TT,CC,TT,TT,GT,AA,TT,CC,AA,CC,GG,GG,GG,CG,GG,CC,TT,TT,AA,GG,AA,GG,TT,TT,CC,AC,GT,AA,AG,GG,CC,TT,AA,AC,GT,AA,AA,TT,TT,AG,TT,TT,CC,GG,CT,GG,AA,GG,CC,AA,GG,AC,AA,GG,TT,TT,GG,TT,GG,CC,AA,NN,AA,AT,CC,TT,AA,TT,CC,TT,GT,GG,CT,AC,TT,CC,CC,CC,AG,AA,TT,TT,CC,AA,AG,AC,CC,GG,TT,CC,TT,AA,AA,AT,CC,GG,CC,AG,CT,GG,TT,AA,TT,CC,CC,CC,AA,TT,CC,AA,CC,CC,AA,AT,AA,AA,GG,CC,CC,AG,AG,AG,AA,AC,GG,CC,CC,AA,AA,GG,TT,AA,AA,TT,TT,AG,CC,GT,TT,TT,CG,AA,TT,CT,AA,AT,GG,CC,GG,CT,CC,CC,CG,CC,AA,GG,AG,CC,GT,CC,GG,TT,GG,TT,AA,AG,TT,CC,CC,AA,CC,CC,GG,GG,AC,CG,TT,AA,AA,CC,GT,AA,CC,AA,AA,GT,TT,TT,AT,CG,GG,AT,CC,AT,TT,AA,GG,AG,TT,AC,TT,NN,TT,AC,CC,TT,GG,AG,CC,GG,CC,TT,TT,TT,GG,TT,AC,CC,AA,GG,CG,CC,GG,CC,GG,AT,AA,CG,TT,GG,CC,CC,AT,GG,CG,AA,CC,AA,AG,CC,CC,CC,TT,AA,GG,AA,AA,AA,AA,AG,AA,AG,AA,TT,GG,AC,AG,CC,AC,CC,AA,AA,GG,GG,CG,GT,AT,AA,GG,TT,TT,AG,TT,GG,CG,AA,3.7,Susceptible,High,Premium,Early
L0923,Anantapur,Andhra Pradesh,Kharif,Red Sandy,Rainfed,390,31.0,52,AC,TT,GG,AG,CG,CC,GT,TT,CC,CC,AA,TT,CG,TT,GT,GG,CG,TT,TT,AA,CC,GT,GT,CT,AT,CC,TT,TT,GG,AA,TT,CC,AA,CC,GG,CG,GG,GG,GG,CC,TT,CT,AA,TT,AA,AG,TT,TT,CC,CC,GG,AA,AG,GG,CT,TT,AA,AA,GG,AC,AG,TT,AT,AA,TT,TT,CC,GG,TT,GG,AA,GG,CC,AA,AG,AC,AA,GG,GG,TT,GG,GG,GG,CC,AT,GG,AA,AA,CC,TT,CC,TT,CC,TT,GG,GG,TT,CC,TT,CC,CT,CC,AG,AA,TT,TT,CC,AA,AA,AC,CC,GG,TT,NN,TT,AA,AA,TT,CC,AG,CC,GG,CC,GG,TT,AA,CC,CC,CC,CC,AA,TT,CC,AA,CC,CC,AG,TT,AA,AA,CG,CC,CC,GG,AA,AG,AA,AC,GG,CC,CG,AA,AA,GG,GG,GG,AC,TT,TT,GG,AC,TT,TT,CT,CC,AA,GG,TT,AT,TT,GG,CC,AG,CT,CC,AC,GG,CC,AA,GG,GG,CC,TT,CC,GG,GT,GG,AT,AA,AA,TT,CC,GG,AC,CC,CC,GG,GG,AA,GG,NN,AC,NN,CC,GG,AA,AA,AA,AT,TT,NN,AA,TT,GG,GG,AT,CC,AT,GT,AA,GG,AA,CC,AC,AT,CC,TT,AA,CC,CT,CG,AG,CC,AA,CC,TT,NN,GT,NN,TT,AA,AC,AG,GG,CC,CC,GG,CC,GT,AA,AA,CC,TT,GG,CC,CG,AA,GG,CG,AA,CC,AA,AA,CC,CC,CC,AT,AA,GG,AA,AA,AC,AA,AG,AG,AA,AA,TT,GG,CC,AA,CC,AA,TT,AA,AG,GG,GG,GG,TT,AA,AA,GT,TT,TT,AA,AT,GG,GG,AA,1.42,Susceptible,Medium,Poor,Early
L0924,Anantapur,Andhra Pradesh,Kharif,Red Sandy,Rainfed,390,31.0,52,AC,TT,GG,AG,GG,CC,GG,TT,CC,CC,AA,CC,CC,TT,TT,GT,GG,TT,TT,AA,CC,TT,TT,CC,TT,CC,GT,AT,GT,AA,TT,CC,AA,CC,GG,NN,GG,CC,GG,CC,TT,TT,AA,TT,AA,GG,TT,AT,CC,CC,GG,AA,AA,CG,CC,GG,AA,AC,GT,AC,AA,TT,AT,AA,CC,TT,CC,GG,TT,GG,AG,GG,CC,AA,GG,AC,AA,AG,TT,TT,AG,GT,GG,CC,AA,GG,AA,AA,CC,TT,AC,TT,CT,TT,GT,GG,TT,AC,TT,CC,CT,CG,AG,AA,TT,TT,CC,AA,AA,AC,CC,GG,TT,CG,TT,AA,AA,AT,CC,AG,CG,GG,CC,GG,CC,AA,CC,CC,AC,CC,AA,TT,CC,AA,CC,CC,AA,TT,AA,AA,CG,CC,CC,GG,AA,AG,AT,CC,GT,CC,CC,AA,AA,GG,TT,GG,AC,GT,CT,GG,AC,TT,GG,TT,CG,AA,TT,TT,AA,TT,GG,CC,AA,CC,CC,AC,CG,CC,AA,GG,AA,CC,TT,CC,GT,TT,GG,AT,AA,AA,TT,AA,GG,AA,CC,CC,GG,GG,AC,GG,TT,CC,AA,NN,GG,AA,AC,AT,AT,GG,TT,TT,AA,GG,GT,AT,CC,TT,TT,AA,GG,AA,CT,AA,TT,CC,TT,AA,CC,CT,GG,AA,CG,GG,CC,AT,CT,TT,GG,AT,AA,CC,AA,GG,CC,CG,GG,CC,GG,AT,AA,CG,GT,GG,CC,CC,AA,GG,GG,AA,CC,AA,AG,CC,CG,CC,AT,AA,GG,AA,AA,AA,AA,AG,AA,AG,NN,AT,GG,AC,AA,CC,AA,TT,NN,AA,GG,GG,GG,TT,AT,AA,TT,TT,TT,AA,AT,GG,GG,AA,2.71,Moderate,Low,Premium,Early
L0925,Anantapur,Andhra Pradesh,Kharif,Red Sandy,Rainfed,390,31.0,52,CC,CT,GG,AA,GG,CC,GT,AT,CC,CC,AT,CT,CC,TT,GT,GG,NN,TT,TT,AA,CC,NN,TT,CC,TT,CC,TT,TT,GG,AA,TT,CC,NN,CC,AG,GG,GG,CC,GG,CC,TT,TT,AA,TT,AA,AG,TT,TT,CC,AC,GT,AA,AA,GG,CC,TT,AA,AA,GT,AC,AA,TT,TT,AG,TT,AT,CC,GG,CT,GG,AA,GG,CC,AA,AG,AC,AT,GG,TT,TT,GG,GT,TT,CC,AA,GG,AA,AA,CC,GT,AC,GT,CC,TT,TT,GG,TT,CC,GT,CC,CC,CC,GG,AA,TT,TT,CC,AA,AA,AA,CC,GG,TT,CC,TT,AA,AA,TT,CC,GG,CC,AG,CT,GT,TT,AA,CT,CC,CC,CC,AA,TT,CC,AA,CC,CC,AG,TT,AA,AA,CG,CC,CC,GG,AA,AA,AA,AC,GT,CC,CC,AG,AG,GG,TT,GG,AA,TT,TT,AA,AC,GT,GT,TT,CC,AT,TT,TT,AT,AT,GG,CC,AG,TT,CC,NN,CG,CC,AA,GG,AG,CC,TT,CC,TT,GT,GG,AT,AA,AA,GT,AC,GG,AA,CC,CC,GG,GG,AC,GG,TT,AC,AA,CC,GG,TT,AC,AA,AT,GT,TT,AT,AA,GG,GT,AA,CC,TT,GT,AA,GG,AA,CC,AA,TT,CC,CC,AA,CC,TT,GG,AA,CG,AG,NN,TT,TT,TT,GG,TT,CC,AC,AG,GT,CC,CG,CG,CC,GT,TT,AA,CC,TT,GG,CC,CC,AA,GG,CC,AA,CC,AT,AA,CC,CC,AC,TT,AA,GG,AA,AA,AC,AA,NN,AG,AA,AA,TT,GG,AA,AA,AA,AC,CC,AA,AA,CG,GG,GG,TT,AA,AG,TT,TT,TT,AA,TT,GG,GG,AA,0.46,Moderate,High,Poor,Late
L0926,Anantapur,Andhra Pradesh,Kharif,Red Sandy,Rainfed,390,31.0,52,AC,TT,GG,AG,GG,CC,GT,TT,CC,CG,AA,CC,CG,AT,TT,GG,GG,TT,TT,AG,CC,TT,TT,CC,TT,CC,GT,TT,GG,AA,TT,CC,AA,CC,AG,CG,GG,CG,GG,CC,TT,CT,AA,TT,AA,AG,CT,TT,CG,AC,GG,AA,AA,GG,CC,TT,AA,AC,GG,CC,AA,GT,TT,AA,TT,TT,CC,GG,TT,GG,AA,GG,CC,AA,GG,AA,AT,AG,TT,TT,GG,GG,GT,CC,AT,GG,AA,AA,CC,GT,AC,GT,CT,TT,TT,GG,TT,CC,TT,CC,CC,CC,AG,AA,TT,GT,CG,NN,AG,AC,CT,GG,TT,CC,TT,AC,AA,TT,CC,GG,CC,GG,CC,GG,TT,AA,CT,CC,CC,CC,AG,NN,CC,AA,CC,CC,AA,AT,AA,AT,CG,CC,CC,GG,GG,AA,AT,CC,GG,CG,CC,AG,AA,GG,TT,GG,AC,TT,TT,GG,AA,TT,GG,TT,CC,AT,GG,TT,AA,AT,GG,CC,AA,CT,CC,CC,CG,AC,AA,GG,AG,CC,TT,CC,GT,TT,GG,AA,AA,AA,TT,CC,GG,AC,CC,CG,GG,GG,AA,GG,TT,AC,AA,CC,GG,TT,CC,AT,AT,GG,TT,AT,AA,CG,GT,AA,GG,AT,TT,AA,GG,AA,TT,AA,NN,CC,CT,AC,CC,CT,CG,GG,CC,AG,CC,TT,TT,TT,GG,TT,AA,CC,AG,GG,CC,CG,GG,CC,GG,AT,AA,CG,TT,GG,CC,CC,AA,AG,CC,AT,CC,AA,AA,AC,CC,AC,TT,AA,CG,AA,AA,AC,AA,AG,AG,AA,AA,TT,CG,AA,AA,AC,AA,TT,AA,AA,GG,GG,GG,TT,NN,AG,TT,TT,TT,GG,TT,GG,CG,AA,2.29,Susceptible,High,Poor,Early
L0927,Anantapur,Andhra Pradesh,Kharif,Red Sandy,Rainfed,390,31.0,52,CC,TT,AG,AA,GG,CC,GG,AT,CC,CC,AA,CC,CC,TT,TT,GG,CG,TT,TT,AA,CC,TT,TT,CC,AT,CC,TT,NN,GG,AA,TT,CT,AA,AC,GG,CG,GG,GG,GG,CC,TT,TT,AA,TT,AA,AG,CT,AT,CC,AC,GG,AA,AG,GG,CT,GG,AT,AA,GT,AA,AA,GT,TT,AG,TT,TT,CC,GG,TT,GG,AA,GG,CC,AA,GG,AC,AT,GG,TT,TT,GG,GG,GG,CC,AT,GG,AA,AA,CC,GT,CC,TT,CC,TT,GT,GG,TT,AC,GT,CC,CT,CC,AG,AA,TT,TT,CC,AA,AA,AC,CC,GG,TT,CC,GT,AC,NN,TT,GG,GG,CG,GG,CC,GT,CT,AA,CC,CC,CC,CC,AA,TT,CC,AA,CC,CC,AA,TT,AA,AT,GG,CT,CC,GG,AG,AG,AT,CC,GG,CC,CC,AA,AA,GG,GG,AG,AC,GT,TT,GG,AC,TT,TT,TT,CC,AA,TT,TT,AA,TT,GG,CC,AG,CC,CC,CC,CG,CC,AA,GG,AA,CC,TT,CC,GG,TT,GG,TT,AA,AA,TT,CC,CG,AC,CC,CC,GG,GG,AC,CG,TT,AA,AA,CC,GG,TT,AC,AA,AA,GT,TT,TT,AT,CG,TT,AA,CG,TT,GT,AA,GG,AA,CC,AA,TT,CC,TT,AC,AC,NN,GG,AG,CC,AG,CC,TT,TT,TT,GG,AA,AA,CC,AA,GG,CC,CC,GG,CC,GG,AT,AA,CC,GT,GG,CC,CC,AA,GG,CC,AA,CG,AA,AA,NN,CC,CC,TT,AA,NN,AA,AA,AA,AA,GG,GG,AG,GG,TT,CG,AA,AA,CC,AA,CC,AA,AA,GG,GG,GG,TT,AA,AA,GT,TT,TT,GG,TT,GG,CG,AA,3.86,Moderate,Low,Poor,Late
L0928,Anantapur,Andhra Pradesh,Kharif,Red Sandy,Rainfed,390,31.0,52,AA,TT,GG,AG,GG,CC,GG,AT,CC,CG,AA,CT,GG,TT,TT,GT,GG,TT,TT,AA,CC,TT,TT,CC,AT,CC,TT,TT,GG,AA,TT,CT,AA,CC,GG,GG,GG,CC,GG,CC,TT,TT,AA,GT,AA,GG,TT,AT,CG,AA,GG,AA,AG,GG,CT,TT,AA,AA,GT,AC,AA,TT,TT,AG,CT,TT,CC,GG,TT,GG,AA,GG,CC,AG,GG,AA,AA,GG,TT,TT,GG,GG,GG,CC,AA,GG,AA,NN,NN,NN,CC,TT,CC,TT,GT,GG,CT,AA,TT,CC,CT,CC,AG,NN,TT,TT,CC,AG,AA,AA,CC,GG,TT,CC,TT,CC,AA,TT,CG,AG,CG,GG,CT,GG,CC,AG,CC,CC,CC,CC,AA,TT,AC,AA,CC,NN,AA,TT,AA,TT,GG,CC,CC,GG,AA,AG,AT,AC,GT,CC,GG,AA,AA,NN,TT,GG,AC,NN,TT,GG,CC,TT,TT,CT,CC,AT,TT,TT,AT,TT,GG,CC,AG,CT,CC,CC,CG,CC,AA,GG,AA,CC,TT,CC,GG,GT,CG,AT,AG,AG,TT,CC,GG,AA,AC,CC,CG,GG,AC,GG,NN,AA,AA,CC,GT,AA,AC,AA,AT,GG,TT,TT,AA,GG,GT,AT,CC,AT,GT,AA,GG,AA,CT,AA,TT,CC,TT,AC,CC,TT,GG,AG,CG,GG,CC,TT,TT,GT,GG,TT,AA,CC,AG,GG,CC,CG,GG,CC,GG,AT,AA,CC,TT,GG,CC,CC,AT,GG,CC,AA,CC,AA,AA,AC,CG,CC,TT,AA,GG,AA,AA,AA,AA,GG,AG,AA,AA,TT,GG,AA,AA,CC,AA,TT,AA,AA,CG,GG,GG,GT,NN,AA,GT,TT,TT,NN,AT,GG,CG,AA,4.58,Susceptible,Low,Premium,Early
L0929,Anantapur,Andhra Pradesh,Kharif,Red Sandy,Rainfed,390,31.0,52,CC,CT,AG,AG,GG,CC,GT,AT,CC,CG,AA,TT,CG,AT,TT,GG,CG,TT,TT,AG,CC,TT,GT,CC,NN,CC,TT,TT,GG,AA,TT,CC,AA,CC,AG,GG,GG,GG,GG,CC,TT,CC,AA,TT,AG,AG,TT,TT,CC,CC,GT,AA,AA,GG,CT,TT,AA,AA,TT,CC,AA,TT,TT,AG,CT,TT,CC,GG,TT,GT,AA,GG,CC,AA,GG,AA,AA,GG,TT,TT,GG,TT,GT,CC,AA,GG,AA,AA,CC,NN,AC,TT,CC,TT,TT,AG,TT,AC,TT,CT,CC,CC,AG,AA,TT,TT,CC,AA,AA,AA,CT,GG,TT,CG,GT,AC,AA,TT,CC,GG,CC,AG,CC,GG,CT,AA,CC,CC,CC,CC,AA,GT,CC,AA,CC,CC,AA,TT,AA,AA,GG,CC,CC,GG,AA,AG,AA,AC,GT,CC,CC,AG,AG,GG,GT,AG,AA,TT,CT,AG,CC,TT,TT,TT,GG,AA,TT,TT,AA,TT,GG,CC,AA,CT,CC,CC,GG,CC,NN,GG,AG,CC,TT,CC,TT,GT,GG,AT,AA,AA,TT,CC,GG,AA,AC,CC,GG,GG,AA,GG,TT,AC,AA,CC,GG,AA,CC,AA,AA,GT,TT,TT,AT,CG,TT,AA,CC,AT,TT,AA,GG,AA,CT,AC,TT,CC,CT,AA,CC,TT,CG,AA,CG,GG,AC,TT,TT,GG,GG,TT,AA,CC,AA,GG,CC,CG,GG,CC,GT,AT,AA,CC,TT,AG,CG,CC,AA,GG,CC,AT,CC,AT,AA,CC,CC,AC,TT,AA,GG,AA,AA,AC,AA,GG,AA,AA,AA,AT,GG,AA,AG,AC,AC,CC,AA,AA,GG,GG,GG,TT,AA,AA,TT,TT,TT,AG,TT,GG,CG,AC,3.23,Resistant,Low,Poor,Early
L0930,Anantapur,Andhra Pradesh,Kharif,Red Sandy,Rainfed,390,31.0,52,AC,TT,GG,AA,GG,CC,GG,AT,CC,CG,AT,CC,GG,TT,TT,GT,GG,TT,TT,AG,CC,TT,TT,CC,TT,CC,TT,TT,GT,AA,CT,CC,AA,CC,GG,GG,GG,CG,GG,CC,TT,TT,AA,TT,AG,GG,TT,TT,CC,AC,GT,AA,AA,GG,CC,TT,AA,AC,GT,CC,AA,TT,TT,AA,TT,AT,CC,GT,TT,GG,AG,GT,AC,AA,GG,AA,TT,GG,TT,TT,GG,GT,TT,CC,AA,GG,AA,AA,CC,GT,AC,GT,CT,TT,GT,GG,CT,CC,GT,NN,CC,CC,AA,AA,TT,TT,CC,AA,AG,AA,CC,GG,TT,CC,TT,AC,AA,TT,CC,AG,CC,AG,NN,GG,NN,AA,CC,CC,CC,CC,AA,TT,AC,AA,CC,CC,AA,NN,AA,AA,GG,CC,CC,GG,AA,AA,AA,CC,GT,CC,CG,AA,AA,AG,TT,AG,AC,GT,TT,GG,CC,GT,GT,CT,CC,AA,TT,TT,TT,TT,GG,CC,AA,CC,AC,AC,CG,CC,AA,GG,AG,CC,TT,CC,GG,GT,GG,AT,AA,AG,TT,NN,GG,AA,CC,CG,GG,GG,AC,GG,TT,AA,AA,CC,GG,AT,AA,AA,AT,GG,TT,AT,AA,GG,GT,AA,CC,TT,TT,AA,GG,AA,CT,AA,TT,CG,TT,AC,CC,TT,GG,AA,CG,AG,CC,TT,TT,TT,GG,TT,AA,CC,AA,GG,CC,CG,GG,CC,GG,AT,AA,CG,TT,GG,CC,CG,AT,GG,CC,AA,CC,AA,AA,AC,CG,CC,TT,AA,GG,AA,AA,AC,AA,AG,AA,NN,AA,AT,CG,AA,GG,CC,AA,TT,AA,AA,GG,GG,CG,TT,AA,AA,GT,TT,TT,AG,AT,GG,GG,AA,4.84,Moderate,Medium,Premium,Late
L0931,Anantapur,Andhra Pradesh,Kharif,Red Sandy,Rainfed,390,31.0,52,AA,TT,GG,AG,CG,NN,GG,AT,CC,CC,AA,CC,CC,TT,TT,GG,GG,TT,TT,AA,CC,GT,NN,CC,TT,CC,TT,TT,GG,AA,TT,CC,AA,CC,GG,GG,GG,CG,GG,CC,TT,CT,AA,TT,AA,GG,TT,TT,CC,CC,GG,AA,AA,GG,CC,TT,AA,CC,GT,AA,GG,TT,TT,GG,TT,TT,CC,GT,TT,GG,AG,GG,CC,AA,AG,AA,AT,AG,GT,TT,GG,GG,GG,CC,AA,GG,AA,AA,CC,GT,CC,TT,CT,TT,TT,AG,CC,AA,TT,CC,NN,CG,AA,AA,TT,TT,CC,AA,NN,AA,CC,GG,TT,CC,TT,AA,AA,AT,CC,GG,CC,GG,CC,GG,CC,AA,CC,CC,CC,CC,AA,GT,CC,AA,CC,CC,AA,TT,AA,AA,GG,CC,CC,GG,AG,AG,AA,CC,GG,CC,CC,AG,AA,GG,TT,GG,AA,TT,CT,GG,AC,GT,GT,TT,CC,AA,TT,CT,TT,AT,GG,CC,AA,TT,CC,CC,CG,CC,AA,AG,AA,CC,TT,CC,GG,GT,GG,TT,AA,AA,TT,AC,GG,AA,CC,CC,GG,GG,AC,CG,TT,AC,AA,CC,GT,AA,AC,AA,AA,GG,TT,AT,AA,CG,GT,AT,CC,TT,GT,AA,GG,AG,TT,AA,TT,CC,TT,AC,CC,TT,CG,AG,CC,GG,CC,TT,TT,GG,GG,AT,AC,CC,AG,GT,CC,CG,GG,CC,GG,TT,AA,CC,GT,GG,CC,CC,AT,GG,CC,AA,CC,AA,AA,AC,GG,AC,TT,AA,GG,AA,AA,AC,AA,AG,GG,AA,AA,AT,GG,AA,AA,AC,AA,CT,AA,AA,GG,NN,GG,TT,AA,AG,TT,AT,TT,AA,TT,GG,GG,AA,3.98,Susceptible,High,Standard,Early
L0932,Anantapur,Andhra Pradesh,Kharif,Red Sandy,Rainfed,390,31.0,52,AC,CT,AG,AG,GG,CG,GG,TT,CC,CC,AA,CT,CG,TT,TT,GG,GG,TT,TT,AA,CC,TT,GT,CC,TT,CC,TT,TT,GG,AC,CT,CC,NN,CC,GG,GG,GG,CC,GG,CC,TT,CT,AA,GT,AG,GG,TT,TT,CC,AC,GG,AA,AA,GG,CC,GT,AA,AA,GG,AC,NN,TT,TT,GG,TT,TT,CC,GG,TT,GG,AA,GG,CC,AA,AG,AC,AA,GG,TT,TT,GG,GG,GG,CC,AA,AG,AA,AT,CG,TT,CC,TT,CC,TT,TT,GG,TT,CC,GG,CC,CC,CG,AG,AA,TT,TT,CC,AA,AA,AA,CC,GG,TT,CG,TT,AA,AA,TT,CC,AG,CC,GG,NN,GT,TT,AG,CT,CC,CC,CC,AA,GT,AC,AA,CC,CC,AA,TT,AA,AA,GG,CC,CC,AG,AA,AG,AA,CC,NN,CC,CC,AG,AG,GG,TT,GG,AC,TT,TT,AG,AC,GT,TT,TT,CG,AT,TT,CT,AT,TT,GG,CC,AG,CT,CC,CC,CG,CC,AT,GG,AG,CC,TT,CC,GG,TT,GG,TT,AA,AA,TT,CC,GG,AA,CC,CC,CG,GG,AC,GG,TT,AC,AA,CC,GG,NN,CC,AA,AA,GG,TT,AT,AT,GG,GT,AT,CG,TT,GT,AA,GG,AA,TT,AA,TT,CC,TT,AC,CC,TT,GG,AA,CC,AG,CC,TT,TT,GT,GG,AT,AA,CC,AG,GG,CC,CG,GG,CC,GG,AA,AA,CC,TT,GG,CC,CG,AA,AG,CG,AA,CC,AA,AA,CC,CC,CC,TT,AA,GG,AA,AA,CC,AA,AA,AG,AA,AA,TT,GG,AA,AA,CC,AC,CT,AA,AA,CG,GG,GG,TT,AT,AA,NN,TT,TT,AA,TT,GG,CG,AA,2.48,Moderate,High,Standard,Early
L0933,Anantapur,Andhra Pradesh,Kharif,Red Sandy,Rainfed,390,31.0,52,AA,TT,GG,AG,GG,CG,GT,TT,CC,GG,AA,CC,CG,TT,TT,GT,GG,TT,AT,AG,CC,TT,GT,CT,TT,CC,GT,TT,GG,AA,TT,CT,AA,CC,GG,CC,GG,CG,GG,CC,TT,CC,AA,TT,AA,GG,TT,TT,CC,AC,GT,AT,GG,GG,CC,GT,AA,AC,GT,AA,AA,TT,TT,AG,CT,AT,CC,GG,TT,GG,AA,GG,CC,AA,AG,AC,AT,GG,TT,NN,GG,GT,GT,CC,AA,GG,AA,AA,CC,TT,AC,TT,TT,TT,GT,GG,CT,AC,TT,CC,CC,CG,GG,AA,NN,TT,CC,AA,GG,AA,TT,GG,TT,CC,GT,AC,AC,TT,CG,GG,NN,AG,CC,GT,CT,AA,CC,CC,CC,CG,AA,TT,CC,AA,CC,CC,AA,NN,AA,AT,GG,CC,CC,GG,AA,AA,AA,CC,GT,CC,CC,AA,AA,GG,TT,AG,AC,GT,TT,GG,CC,TT,TT,TT,GG,AA,GG,CT,AT,TT,GG,CC,GG,TT,AA,CC,CG,CC,AA,GG,GG,CC,TT,CC,GT,TT,GG,AT,AG,AA,TT,CC,NN,AA,CC,CC,GG,GG,AC,GG,TT,AA,AG,CG,GT,AA,CC,AA,AA,GG,TT,TT,AA,CG,TT,AA,CG,TT,TT,AA,GG,AA,CT,AC,TT,CC,TT,AC,CC,TT,CG,AG,CG,GG,CC,TT,NN,GT,GG,TT,AA,CC,AA,GG,CC,CC,GG,CG,GG,AT,AA,CC,TT,GG,CG,CC,AT,GG,CC,AT,CC,AA,AA,AC,CC,AA,TT,AA,CG,AA,AA,AA,AA,AA,AG,AA,AA,TT,CG,AC,AA,CC,AA,TT,AA,AA,GG,GG,GG,TT,AA,AA,TT,TT,TT,AG,TT,GG,CG,AA,2.28,Susceptible,High,Standard,Late
L0934,Anantapur,Andhra Pradesh,Kharif,Red Sandy,Rainfed,390,31.0,52,AA,TT,GG,AA,GG,CC,GG,AT,CC,CC,AA,CT,CG,NN,TT,GT,GG,TT,TT,AA,CC,TT,GT,CC,TT,CC,TT,TT,GG,AA,TT,CC,AA,CC,GG,CG,GG,CG,GG,AC,NN,TT,AA,TT,AA,GG,TT,AA,CC,AC,GG,AA,AG,GG,CT,TT,AA,AA,TT,AC,AA,TT,TT,AA,TT,AT,CC,GG,TT,GG,AA,GT,CC,AA,AA,AA,AT,GG,TT,TT,GG,GG,GG,CC,AA,GG,AA,AA,CC,TT,CC,GT,TT,TT,GT,GG,TT,CC,GT,CC,CC,CC,GG,AA,TT,NN,CC,AG,AA,AC,CC,GG,TT,CC,GT,AA,AA,TT,CC,AG,CC,AG,CC,GG,TT,AA,CC,CC,CC,CC,NN,TT,CC,AA,CC,CC,AA,TT,AG,AA,GG,CC,CC,GG,AA,AG,AA,CC,GG,CC,CC,AA,GG,GG,TT,GG,AA,TT,CT,GG,CC,GT,TT,CT,CC,AA,TT,TT,AA,TT,GG,CC,AA,CT,CC,CC,CG,CC,AA,GG,AA,CC,TT,CC,TT,TT,GG,AT,AA,AA,TT,CC,GG,AA,CC,CG,GG,GG,AC,GG,TT,AA,AA,CC,GG,AA,CC,AA,AT,GG,TT,TT,AA,GG,GG,AT,CG,TT,GT,AA,GG,AA,CT,AA,AT,CC,TT,AA,CC,TT,GG,AG,CC,AG,CC,TT,TT,TT,GG,TT,AA,CC,AA,GG,CC,CG,GG,CC,GG,TT,AG,CC,TT,GG,CC,CC,AT,AA,CC,AA,CC,AA,AA,CC,CC,CC,AT,AA,CG,AA,AA,CC,AA,GG,AG,AA,AA,TT,GG,CC,GG,CC,AC,CC,AA,GG,CG,GG,CG,GT,AA,AG,TT,TT,TT,AG,TT,CG,GG,AA,2.24,Moderate,Medium,Premium,Medium
L0935,Anantapur,Andhra Pradesh,Kharif,Red Sandy,Rainfed,390,31.0,52,AA,TT,GG,AA,GG,CC,GT,AT,CC,CG,AA,CC,CC,TT,TT,GT,CG,TT,AT,NN,CC,TT,TT,CC,AT,CC,TT,AT,GG,AA,CT,CC,AA,CC,AG,GG,GG,CG,GG,CC,TT,TT,AA,TT,AG,AG,TT,AT,CC,AC,GG,AA,AA,GG,CC,TT,AA,CC,GT,AC,AA,TT,AA,AA,CT,AT,CC,GG,TT,GG,AA,GT,CC,AA,GG,AC,AT,AG,TT,TT,GG,TT,GT,CC,NN,AG,AA,AA,CC,TT,CC,TT,CC,TT,TT,GG,TT,CC,TT,CC,CC,CC,AG,AA,TT,NN,CC,AA,AA,AA,CT,GG,TT,CC,TT,AC,AA,TT,CC,AG,CC,GG,CC,GG,TT,NN,CC,CC,CC,CC,AA,TT,AC,AA,CC,CC,AA,TT,AA,AA,GG,CC,CC,GG,AA,AG,AA,CC,GG,CC,CC,AA,AG,GG,GT,GG,AA,TT,CT,GG,CC,GT,TT,TT,CG,AA,GT,CT,TT,TT,GG,CC,AG,NN,AC,AC,CG,CC,AA,GG,AA,CC,TT,CG,GT,TT,CG,AT,AA,AG,TT,AC,GG,AA,AC,CC,GG,GG,CC,GG,TT,AC,AG,CC,GG,AA,CC,AA,AA,GT,TT,AA,AT,GG,GT,AA,CG,AT,GT,AA,GG,AA,TT,AC,TT,CC,TT,AA,CC,TT,GG,AG,CC,AG,CC,AT,CT,TT,GG,TT,AA,CC,AA,GG,CC,CC,GG,CG,NN,AT,AA,CC,TT,GG,CC,NN,AT,GG,CC,AT,CC,AA,AA,AC,CC,CC,TT,AA,GG,AA,AA,AC,AA,GG,AG,AA,AA,TT,GG,AC,AA,CC,AC,CT,AG,AA,GG,AG,CG,TT,AT,AA,NN,TT,TT,AG,AA,GG,GG,AA,3.58,Moderate,Low,Poor,Late
L0936,Anantapur,Andhra Pradesh,Kharif,Red Sandy,Rainfed,390,31.0,52,AA,TT,GG,AG,GG,CC,GG,AT,CC,CG,AA,CC,CC,AT,TT,GG,GG,TT,TT,AA,CC,TT,GT,CC,TT,CC,TT,TT,GT,AA,TT,CT,AA,AC,AG,CC,GG,CC,GT,CC,TT,CT,AC,TT,AG,AG,NN,TT,CC,CC,GG,AA,AA,CG,CT,TT,AA,AA,TT,AA,AA,TT,AT,AA,TT,TT,CC,GG,TT,GG,AA,GG,CC,AA,AG,CC,AA,AG,NN,TT,AG,GG,GG,CC,AA,GG,NN,AA,CC,TT,AA,TT,CC,TT,TT,GG,TT,CC,GT,CC,CT,NN,GG,AA,TT,TT,CC,AG,AG,AA,CC,GG,TT,CC,TT,NN,AA,TT,CC,GG,CC,GG,CC,GT,TT,AA,CC,CC,AC,CC,AA,GT,CC,AA,CC,CC,AA,TT,AA,AA,GG,CT,CC,NN,AA,AG,AA,CC,GT,CC,CC,AA,AA,AG,TT,GG,AC,TT,CT,GG,AA,GG,TT,TT,CC,AT,GT,TT,AA,TT,CG,CC,AA,CT,CC,CC,GG,CC,AA,GG,AA,CC,TT,CG,GT,TT,GG,TT,AA,AA,TT,CC,GG,AA,CC,CC,GG,GG,CC,GG,TT,AC,AA,CC,GT,AA,AC,AA,NN,GG,TT,TT,TT,CG,GT,AA,CC,TT,TT,AA,GG,AA,TT,AA,TT,CC,TT,AC,CC,TT,GG,AA,CC,AA,AC,TT,CT,TT,GG,TT,AA,AA,AA,GG,CC,CC,GG,CC,GG,AT,AA,CG,TT,GG,CC,CC,AA,AG,CC,AA,CC,AA,AA,AC,CG,CC,TT,AG,GG,AA,AA,AA,AA,AG,AG,AA,AA,TT,GG,AA,AA,NN,AA,CC,AA,AA,GG,GG,GG,TT,AT,NN,TT,TT,TT,AA,TT,GG,CG,AA,1.11,Susceptible,High,Poor,Medium
L0937,Anantapur,Andhra Pradesh,Kharif,Red Sandy,Rainfed,390,31.0,52,AC,CT,GG,AA,GG,CC,GG,AA,CC,CG,AA,CT,CC,TT,TT,NN,CG,AT,TT,AA,CG,GT,GT,CT,TT,CC,TT,TT,TT,AA,TT,CC,AA,AC,GG,CG,GG,CG,GG,CC,TT,CT,AC,GT,AA,AA,TT,TT,CC,AA,GG,AA,AA,GG,CC,GT,AA,AA,GT,AA,AA,TT,TT,AA,TT,AT,CC,GG,TT,GG,AA,GT,CC,AA,GG,NN,AT,GG,TT,TT,GG,GG,GT,CC,AA,GG,AG,AA,CC,TT,AC,TT,CC,TT,TT,GG,CC,CC,GT,CC,CC,CC,GG,AA,TT,TT,CG,AA,GG,AC,CC,GG,TT,CG,TT,AC,AA,AT,CC,GG,CC,GG,CC,GT,CC,AA,CC,CC,AC,CC,AA,GT,CC,AA,CC,CC,AA,TT,AA,AT,CG,CC,CC,GG,AG,GG,AA,CC,TT,CG,CC,AG,AG,AG,TT,AG,AA,TT,TT,GG,AA,GT,GT,TT,CC,AA,TT,TT,AA,TT,GG,CC,AA,CC,CC,CC,CG,CC,AA,GG,AA,CC,TT,CC,GT,TT,GG,AT,AA,AA,TT,AC,GG,AA,CC,CC,GG,GG,AC,GG,TT,AC,AG,CG,GG,AA,CC,AA,AA,GT,TT,AT,AA,GG,GT,TT,CC,TT,GT,AA,GG,AA,TT,CC,TT,CC,TT,AC,AC,CT,CG,AA,CG,AG,CC,TT,CT,GT,GG,TT,AC,AA,AA,GG,CC,CG,GG,CC,GG,TT,AA,CC,GT,GG,CC,CG,AA,GG,CC,AA,CC,AT,AG,AC,CC,CC,TT,AA,GG,AA,AA,AA,AA,AA,AG,AA,AA,TT,GG,AA,AA,AC,AC,CT,AA,AA,GG,GG,GG,TT,AA,AG,GT,TT,NN,AA,AT,GG,GG,AA,5.17,Susceptible,Low,Poor,Late
L0938,Anantapur,Andhra Pradesh,Kharif,Red Sandy,Rainfed,390,31.0,52,CC,TT,GG,NN,CG,CG,GG,TT,CG,CC,AT,CT,CG,TT,TT,GG,CG,TT,TT,AG,CC,GG,GT,CC,AT,CC,TT,TT,GG,AA,TT,CC,AA,CC,AG,CG,GG,CG,GG,CC,TT,CT,AA,TT,AG,GG,CT,AT,CC,AC,GG,TT,AA,GG,CC,TT,AA,AC,GT,AA,AA,TT,AT,AA,TT,AT,CC,GG,TT,NN,AA,GG,AC,AA,GG,AA,AA,GG,GT,TT,GG,TT,GG,CC,AT,GG,AG,AA,CC,GT,CC,TT,CC,TT,GT,GG,TT,CC,GT,CC,CC,CG,AG,AA,TT,TT,CC,AG,NN,AA,CT,GG,TT,CC,TT,AA,AA,TT,CC,GG,CC,GG,CC,GT,TT,AA,CT,CC,CC,CC,AA,TT,CC,AA,CC,CT,AA,TT,AA,AA,GG,CC,CC,GG,AG,AA,AA,AC,GT,CC,CC,AA,AA,AG,GT,AG,AC,TT,CC,GG,CC,GT,TT,TT,CC,AA,TT,TT,AA,TT,GG,CC,AG,CT,CC,CC,GG,CC,AA,GG,AA,CC,TT,CC,GG,GT,GG,TT,AA,AA,TT,CC,CG,CC,CC,CC,CG,GG,AC,GG,TT,AA,AA,CC,GG,AT,CC,AA,AA,GG,TT,AT,TT,GG,TT,AA,CG,TT,GG,AA,GG,AA,TT,AC,AT,CC,TT,AA,CC,TT,CG,AG,CC,AA,CC,TT,TT,GT,GG,TT,AA,CC,AA,GG,CC,GG,GG,CC,NN,TT,AA,CC,TT,GG,CC,CC,AA,GG,CC,AA,CC,AA,AA,AC,CG,CC,TT,AA,GG,AA,AA,AC,AA,AG,AG,GG,AG,TT,GG,AA,AA,AC,AA,TT,AA,AA,GG,GG,GG,GT,AT,AA,GG,TT,TT,AA,TT,GG,GG,AA,3.38,Moderate,High,Premium,Late
L0939,Anantapur,Andhra Pradesh,Kharif,Red Sandy,Rainfed,390,31.0,52,NN,TT,GG,AA,GG,CC,GT,TT,CC,CC,AA,NN,NN,AT,TT,GT,GG,TT,TT,AA,CC,TT,GT,CT,AT,CT,TT,TT,GG,AA,TT,CC,AA,CC,GG,CG,GG,CC,GT,CC,TT,TT,AA,TT,AG,AG,TT,TT,CC,AA,GT,AA,AG,GG,CC,TT,AT,AA,TT,AA,AA,TT,NN,AA,TT,TT,CT,GG,TT,GT,AA,NN,CC,AA,GG,AA,TT,GG,TT,TT,GG,GT,GT,CC,AT,GG,AA,AT,CC,TT,AC,TT,CC,TT,TT,GG,TT,CC,TT,CC,CC,CG,GG,AA,TT,TT,CC,AA,AG,AA,CT,GG,TT,GG,TT,AA,AA,TT,CG,AG,CC,GG,CC,NN,TT,AA,CC,CC,CC,CG,AA,TT,CC,AA,CC,CC,AA,AT,AA,AA,GG,CC,CG,GG,AA,AG,AA,CC,GT,CC,CC,AA,AG,GG,GT,AG,AA,GT,CT,GG,AA,GT,TT,TT,CG,AA,TT,NN,AA,AT,GG,CG,AG,CT,NN,CC,GG,CC,AA,GG,AG,NN,TT,CC,GG,TT,GG,NN,AG,AA,TT,AC,GG,AA,CC,CC,GG,GG,AA,GG,TT,AC,AA,CC,NN,AA,CC,AA,AT,GT,TT,AT,AT,GG,GT,AA,CC,TT,GT,AA,GG,AA,CT,AC,TT,CC,CT,AC,CC,TT,CG,AG,CC,AG,CC,TT,CT,TT,GG,TT,AC,AC,AA,GT,CC,CG,GG,CC,GG,AA,AA,CC,GT,GG,CC,CC,AA,GG,CG,AT,CC,AA,AA,CC,GG,AA,TT,AA,GG,AA,CC,AC,AA,GG,GG,AA,AA,AT,GG,CC,AG,AC,AA,CT,AA,AG,GG,GG,GG,TT,AT,AA,GT,TT,TT,AA,AA,GG,GG,AC,0.49,Resistant,Medium,Poor,Medium
L0940,Anantapur,Andhra Pradesh,Kharif,Red Sandy,Rainfed,390,31.0,52,AC,TT,GG,AA,GG,CC,GG,TT,CC,CG,AA,CT,CC,AT,TT,TT,CG,TT,TT,AA,CC,TT,TT,CC,TT,CC,GT,TT,GG,AA,TT,CT,AA,AC,GG,GG,GG,CG,GG,CC,TT,TT,AA,GT,AA,AG,TT,AT,CC,CC,GG,AA,AA,GG,CC,TT,AT,CC,TT,AA,AA,TT,AT,GG,TT,TT,CC,GG,TT,TT,AA,GG,CC,AA,GG,AA,AT,GG,TT,TT,GG,GG,GG,CC,AA,GG,AG,AA,CC,TT,CC,TT,CT,TT,TT,GG,TT,CC,TT,CC,CC,CG,GG,AA,TT,TT,CC,AA,AG,AA,CT,GG,GT,CC,TT,AC,AA,TT,CC,AG,CC,GG,CC,GG,CT,AA,CC,CC,CC,CC,AA,TT,CC,AA,CC,CC,AA,NN,AA,AA,CG,CC,CC,GG,AA,AG,AA,CC,GT,CC,CC,AA,AG,GG,TT,GG,AC,TT,TT,GG,AC,TT,TT,TT,CC,AT,GT,TT,TT,AT,GG,CC,AG,CC,CC,CC,GG,CC,AA,GG,AG,CC,TT,CG,GG,GT,GG,TT,AA,AA,TT,CC,GG,AA,AC,CC,GG,GG,AA,GG,TT,AC,AA,CC,GG,AA,AA,AT,AT,GT,TT,AA,AA,GG,GG,AT,CC,AT,TT,AT,AG,AA,CT,AA,TT,CC,TT,AA,CC,TT,GG,AA,CC,AA,CC,TT,TT,NN,GG,TT,AA,AC,AA,GG,CC,CC,GG,CC,GG,TT,AA,CC,TT,GG,CG,CC,AA,GG,CC,AA,CC,AT,AG,AA,NN,AC,TT,AA,GG,AA,AA,AA,AA,AG,AA,AA,AA,TT,CG,AA,AA,AA,AA,CC,AG,AG,GG,GG,GG,TT,AA,AA,TT,TT,TT,AG,AA,GG,CC,AA,2.24,Susceptible,Low,Poor,Medium
L0941,Anantapur,Andhra Pradesh,Kharif,Red Sandy,Rainfed,390,31.0,52,AC,TT,GG,AG,GG,CC,GG,TT,CC,CG,AA,CC,CG,AT,TT,GG,CG,TT,TT,AA,CC,GT,TT,CT,TT,CT,GT,TT,GG,AA,TT,CT,AA,CC,GG,GG,GG,CC,GG,CC,TT,TT,AA,GT,AA,GG,TT,TT,CC,CC,GG,AT,AA,GG,CC,GT,AA,AC,GT,AA,AG,TT,AT,AG,CT,TT,CC,GG,TT,GT,AG,GG,CC,AA,AA,AC,AT,GG,TT,TT,GG,GG,GT,CC,AA,GG,AA,AT,CC,GT,AC,TT,CC,TT,TT,GG,CT,CC,GT,CC,CC,CC,AA,AA,AT,TT,CC,AA,AG,AA,CC,GG,TT,CC,TT,AA,AA,TT,CC,GG,CC,GG,CT,GT,TT,AA,CT,CC,CC,CC,AA,TT,CC,AA,CC,CC,AA,TT,AA,AT,CG,CC,CC,GG,AA,AA,AA,CC,GT,CC,CC,AA,AG,AG,TT,GG,AC,GT,TT,AG,CC,GT,GT,TT,CC,AA,GT,TT,AA,TT,GG,CC,AA,NN,CC,CC,GG,CC,AA,GG,AG,CC,TT,CC,TT,TT,GG,AT,AA,AG,TT,CC,GG,AA,AC,CC,GG,GG,AA,GG,TT,AA,AA,CC,GT,AT,AA,AA,AT,GT,TT,TT,AA,GG,GT,AA,CC,AT,TT,AA,GG,AA,CC,AA,TT,CC,TT,AA,CC,TT,GG,AA,CG,AA,AC,TT,TT,GT,GG,TT,AA,CC,AG,GG,CC,CC,GG,CC,GG,TT,AA,CC,TT,NN,CC,CC,AT,AG,CC,AA,CG,AA,AA,AC,CG,AC,TT,AA,GG,AA,AA,AC,AA,AG,AA,AA,AA,TT,GG,AA,AA,AC,AA,TT,AA,AA,GG,GG,GG,TT,AA,AA,TT,TT,TT,AA,AT,GG,GG,AC,0.82,Resistant,High,Premium,Late
L0942,Anantapur,Andhra Pradesh,Kharif,Red Sandy,Rainfed,390,31.0,52,AC,CT,GG,NN,GG,CC,GG,TT,CG,CG,AA,CC,CG,AT,GT,GG,CG,TT,TT,AA,CC,TT,TT,CC,TT,CC,GT,TT,GG,AA,CT,CC,AA,CC,GG,CG,GG,CC,GG,CC,TT,CT,AA,GT,AG,AG,TT,TT,CC,AC,GG,AA,AA,GG,CT,GT,AA,AA,GT,AA,AA,GT,AT,AG,TT,AT,CC,GG,TT,GT,AG,GG,CC,AA,AG,AC,AA,GG,TT,TT,GG,GT,GG,CC,AA,GG,AA,AA,CC,TT,CC,TT,CC,TT,TT,GG,TT,CC,TT,CC,CT,CC,AG,AA,AT,TT,CC,AA,NN,AA,CT,GG,TT,CC,TT,AA,AA,TT,CC,GG,CC,GG,CC,GG,TT,AA,CC,CC,CC,CC,AA,GT,CC,AA,CC,CC,AA,TT,AA,AA,GG,CT,CC,GG,AA,AA,AA,CC,GT,CC,CC,AA,AA,GG,TT,GG,AA,TT,TT,GG,CC,TT,GT,TT,CG,AA,GT,TT,AT,TT,GG,CG,AA,CC,CC,CC,GG,CC,AA,GG,GG,CC,TT,CC,GG,GG,GG,AT,AA,AA,TT,CC,CG,AC,CC,CC,GG,GG,CC,CG,TT,AC,AG,CG,GG,AA,AC,AA,AA,GG,TT,TT,AT,GG,GG,AT,CC,TT,TT,AA,GG,AA,TT,AA,TT,CC,CT,CC,CC,CT,CG,AG,CC,AA,CC,TT,TT,GT,NN,AT,AA,CC,AG,GG,CC,NN,GG,CG,GG,TT,AA,CC,GT,GG,CC,CC,AA,GG,CG,AT,CG,AA,AA,AC,CC,AC,AT,AA,GG,AA,AA,AA,AA,AG,AG,AA,AA,TT,GG,AA,AG,AC,AC,TT,AA,AA,GG,GG,GG,TT,AA,AA,TT,TT,TT,AG,TT,GG,GG,AC,0.4,Resistant,Low,Premium,Late
L0943,Anantapur,Andhra Pradesh,Kharif,Red Sandy,Rainfed,390,31.0,52,AA,TT,GG,AG,GG,CG,GG,AT,CC,CG,AA,CC,CG,TT,GT,GG,CG,TT,TT,AG,CC,GT,GT,CC,AT,CC,TT,TT,GG,AC,TT,CC,AA,CC,AG,GG,GG,CC,GG,CC,TT,TT,AA,TT,AA,GG,TT,TT,CC,AC,GG,AA,AA,GG,CT,TT,AT,AA,TT,AA,AA,GT,AT,AG,TT,AT,NN,GG,TT,GG,AA,GG,AC,AA,AG,AA,AA,GG,TT,TT,GG,GT,GG,CC,AA,GG,AA,AT,CC,GT,CC,TT,CT,TT,TT,GG,TT,CC,TT,CC,CC,CC,AG,AA,AT,GT,CC,AG,AG,CC,CT,GG,TT,CC,TT,AA,NN,TT,CC,GG,CG,GG,CC,GT,CT,AA,CC,CC,CC,CC,AA,TT,CC,AA,CC,CC,AA,TT,AA,AA,GG,CC,CC,GG,AA,AA,AA,AC,GG,CC,CC,AG,AG,GG,TT,AG,AA,TT,CT,AG,AC,TT,TT,TT,CC,AA,TT,CT,AA,TT,GG,CC,AG,CC,CC,CC,CG,CC,AA,GG,AG,CC,TT,CC,GG,TT,NN,TT,AA,AA,TT,CC,GG,AA,AC,CC,GG,GG,AC,GG,TT,AA,AA,CC,GG,AA,CC,AA,AA,GG,GT,AT,AT,CG,GG,AA,CC,AT,GT,AA,GG,AA,CT,AC,TT,CG,TT,AA,CC,TT,GG,AA,CC,AG,CC,TT,CT,TT,GG,TT,AA,AC,GG,GG,CC,CC,GG,CC,GG,AT,AA,CG,TT,GG,CC,CC,AA,AG,CC,AA,CC,NN,AA,CC,CG,AC,TT,AA,GG,AA,AA,AA,AA,GG,AA,AA,AA,TT,GG,AC,AG,AC,AC,TT,AA,AG,GG,GG,GG,TT,AA,AA,TT,TT,TT,AG,TT,GG,GG,AA,3.21,Susceptible,Low,Standard,Early
L0944,Anantapur,Andhra Pradesh,Kharif,Red Sandy,Rainfed,390,31.0,52,AC,CT,GG,AA,GG,CC,GG,TT,CC,GG,AA,CT,CC,TT,TT,GT,CG,TT,TT,AG,CC,TT,GT,CC,TT,CC,TT,TT,GG,AA,TT,CC,AG,CC,GG,CG,GG,CC,GG,CC,TT,TT,AA,TT,AA,GG,TT,TT,CC,AC,NN,AT,AA,GG,CC,TT,AA,AA,GT,AC,AA,GT,TT,AA,TT,AT,CC,GG,CC,GG,AA,GG,CC,AA,GG,AC,AT,GG,TT,TT,GG,GG,GG,CC,AA,GG,AA,AA,CC,TT,CC,TT,CT,TT,TT,GG,TT,CC,TT,CT,CC,CC,AG,AA,TT,TT,CG,AA,AG,AA,CC,GG,TT,CC,TT,AA,AA,TT,CG,GG,CC,NN,CC,GT,TT,AA,CT,CC,CC,CC,AA,TT,AC,AA,CC,CC,AA,TT,AA,AA,GG,CC,CC,GG,AA,AG,AA,CC,GT,CC,CC,AA,AA,GG,TT,AG,AA,TT,CT,GG,NN,GT,TT,TT,CC,NN,GT,TT,NN,AT,CG,CC,AG,CC,CC,CC,GG,CC,AA,GG,AG,CC,TT,CC,GT,GT,GG,AT,AA,AA,TT,CC,GG,AC,AC,CC,GG,GG,AC,CG,TT,AA,AA,CC,GG,AT,CC,AT,AA,GG,GT,TT,AA,CG,GG,TT,CC,AA,TT,AA,GG,AA,TT,AA,AT,CC,TT,AA,NN,CT,GG,AA,CG,AA,AC,TT,CT,TT,GG,TT,AA,CC,AG,GG,CC,CC,GG,CC,GG,TT,AA,CC,GT,GG,CC,CG,NN,AG,CC,AT,CC,AA,AA,AA,CG,CC,TT,AA,GG,AA,AA,AC,AA,AG,AG,AA,AA,TT,GG,AC,AA,AC,CC,TT,AA,AA,GG,GG,GG,GT,AA,AG,TT,TT,TT,AA,TT,CG,GG,AA,4.71,Moderate,Medium,Premium,Medium
L0945,Anantapur,Andhra Pradesh,Kharif,Red Sandy,Rainfed,390,31.0,52,NN,TT,GG,AG,GG,CC,GG,TT,CC,GG,AA,NN,CG,TT,TT,GT,CC,TT,NN,AA,CG,GT,TT,CC,TT,CT,TT,TT,TT,AA,CT,CC,AA,CC,AG,CG,GG,CG,GG,CC,TT,CT,AA,GT,AA,GG,TT,TT,CC,AC,GT,AA,AA,GG,CC,GT,TT,AA,GG,AC,GG,TT,AT,GG,TT,AT,CC,GG,CC,GG,AA,GT,CC,AA,GG,AC,AA,AG,GT,TT,GG,GG,GG,CC,AA,GG,AA,AA,CC,TT,CC,TT,CC,TT,GT,AG,CC,CC,GT,NN,CC,CG,AG,AG,TT,TT,CC,AA,GG,AC,CT,NN,TT,CC,TT,AA,AA,TT,CC,GG,CC,AG,CC,GG,TT,AA,CC,CC,CC,CC,AA,TT,CC,AA,CC,CC,AA,TT,AA,AA,GG,CC,CC,NN,AA,AG,AA,CC,GG,CC,CC,AA,AG,GG,GT,AG,AC,TT,CT,AG,AC,GT,TT,TT,CC,AA,TT,TT,AA,AT,GG,CC,AG,CC,CC,CC,CG,CC,AA,GG,AG,CC,TT,CG,GT,TT,GG,TT,AA,AG,TT,CC,GG,AA,CC,CC,GG,GG,AA,GG,TT,AA,AA,CC,GG,AT,AC,AA,AA,GG,TT,AT,AT,GG,GT,AT,CC,TT,GT,AA,GG,AA,TT,AA,AT,CC,CT,AA,CC,TT,GG,AG,CG,AG,AC,TT,CT,TT,CG,TT,AA,AC,AA,GG,CC,CC,GG,CC,GG,AT,AA,CC,TT,GG,CG,CG,AA,AA,CG,AA,CC,AA,AA,AC,CC,AC,TT,AA,GG,AA,AA,NN,AA,GG,AA,AA,AA,TT,GG,AA,AG,AC,NN,TT,AG,AA,GG,GG,GG,TT,AA,AG,TT,TT,TT,AG,AT,GG,GG,AA,4.08,Susceptible,Low,Standard,Late
L0946,Anantapur,Andhra Pradesh,Kharif,Red Sandy,Rainfed,390,31.0,52,AC,TT,GG,AG,GG,CC,GG,AT,CC,CG,AA,CC,CG,TT,TT,GT,GG,TT,TT,AG,CG,TT,TT,CC,TT,CC,TT,TT,GT,AA,TT,CC,AA,AC,GG,CG,GG,CG,GT,CC,TT,TT,AC,GT,NN,GG,TT,AT,CC,AC,GG,AA,AA,GG,CC,TT,AA,AC,GT,AA,AA,GT,TT,AG,TT,TT,CC,GG,TT,GT,AA,GG,AC,AA,GG,AA,AA,GG,TT,TT,GG,GT,GG,CC,AT,GG,AA,AT,CC,TT,CC,TT,CT,TT,TT,GG,TT,CC,GT,CC,CC,CC,AG,AA,TT,TT,CC,AG,AG,AA,CT,GG,TT,CG,GT,AA,AA,TT,CC,GG,CC,AG,CT,TT,CT,AA,CC,CC,AC,CC,AA,TT,CC,AC,CC,CC,AA,TT,AA,AA,GG,CC,CC,GG,AA,GG,AA,CC,GT,CC,CC,AG,AA,GG,GT,GG,AC,GT,TT,GG,CC,TT,GT,TT,CC,AA,GT,TT,AA,TT,CG,CC,AG,CT,CC,CC,GG,AC,AA,GG,AA,CC,TT,CC,GT,GT,NN,AT,AA,AA,TT,CC,CG,AA,CC,CC,GG,GG,CC,CC,TT,AA,AA,CG,GG,AA,AC,AT,AA,GG,TT,TT,AA,GG,GT,AA,CC,TT,TT,AA,GG,AA,CT,NN,TT,CC,TT,AA,CC,TT,GG,GG,CG,GG,CC,TT,TT,GT,GG,TT,AA,CC,AA,GG,CC,CG,GG,CC,GG,TT,AA,CG,TT,GG,CC,CC,AA,AG,CG,AA,CC,AT,AA,AC,CG,CC,TT,AA,GG,AA,NN,AA,AA,GG,AA,AA,AA,TT,CG,AA,AA,CC,AA,TT,NN,AA,CG,GG,NN,TT,AT,AA,TT,TT,NN,AA,TT,GG,GG,AA,0.51,Moderate,Low,Premium,Late
L0947,Anantapur,Andhra Pradesh,Kharif,Red Sandy,Rainfed,390,31.0,52,AC,TT,GG,AG,GG,CG,TT,TT,CC,CC,AA,CT,CG,TT,TT,GT,GG,TT,AA,AA,CC,GG,GG,CC,TT,CC,TT,TT,GG,AA,CT,CC,AA,AC,GG,GG,GG,CC,GG,CC,TT,TT,AA,TT,AA,GG,TT,AT,CC,AC,GT,AT,AG,GG,CT,TT,AA,AA,GT,AC,AG,TT,TT,AA,TT,TT,CC,GG,CT,GT,AA,GT,CC,AA,AG,AA,AT,GG,GT,CT,GG,GG,GT,CC,AA,GG,AA,AA,CG,TT,AC,TT,CT,TT,GT,GG,CT,CC,TT,CC,CT,CG,GG,AA,AT,TT,CG,AA,GG,AA,CT,GG,TT,CC,TT,AA,AA,TT,CC,GG,CG,GG,CC,GT,TT,AA,CT,CC,CC,CC,AA,GT,CC,AA,CC,CC,AA,TT,AG,AA,CG,CC,CG,GG,AA,AA,AA,CC,GT,CC,CC,AA,AA,GG,TT,AG,CC,NN,TT,GG,CC,GT,TT,TT,CC,AA,GT,TT,AA,AT,GG,CC,AA,CC,CC,CC,NN,CC,AA,GG,AG,CC,TT,CC,GG,GT,CG,AA,AA,AG,TT,AC,GG,AA,CC,CC,CG,GG,AA,GG,TT,AC,AA,CC,GG,AA,CC,AA,AA,GG,GT,TT,AT,CG,GT,AA,CC,TT,GG,AA,GG,AA,TT,AA,TT,CC,TT,AA,CC,TT,GG,GG,CC,AA,NN,TT,TT,GG,GG,TT,AA,CC,AA,GG,CC,CG,GG,CC,GG,TT,AG,CC,GT,NN,CC,CC,AA,GG,CC,AA,CC,AT,AA,CC,CC,AA,TT,AA,GG,AA,AA,AC,AA,AG,AG,AA,AA,TT,GG,AC,AA,AC,AC,CT,AG,AG,GG,GG,NN,TT,AA,GG,TT,TT,TT,AG,TT,GG,GG,AA,2.82,Resistant,Medium,Standard,Early
L0948,Anantapur,Andhra Pradesh,Kharif,Red Sandy,Rainfed,390,31.0,52,AC,CT,GG,AG,GG,CC,GG,AT,CC,CG,AA,CC,CG,TT,TT,GG,CG,TT,TT,AA,CC,GG,TT,CC,TT,CC,GT,TT,GT,AA,TT,CT,AA,AC,GG,CG,GG,CC,GG,CC,TT,TT,AA,TT,AA,AG,TT,TT,CC,CC,GT,AA,AA,GG,CC,TT,AA,AA,GT,AA,AA,TT,AT,AG,TT,TT,CT,GG,TT,GG,AA,GG,CC,AA,GG,AA,AA,AG,TT,TT,GG,GG,GT,CC,AA,GG,AA,AA,CC,GT,CC,TT,CC,TT,TT,GG,TT,CC,GG,CC,CT,CG,AA,AA,TT,TT,CG,AA,AG,AA,CC,GG,TT,CC,GT,AA,AA,TT,CG,GG,CC,GG,CC,GG,TT,AG,CC,CC,CC,CC,AA,TT,CC,AA,CC,CC,AA,TT,AA,AA,GG,CT,CC,GG,AA,AG,AA,CC,GG,CC,CC,AA,AG,AG,TT,AA,AC,TT,TT,AA,CC,GT,TT,TT,CG,AA,GT,TT,AA,TT,GG,CC,AG,CT,CC,AC,GG,CC,AA,GG,AA,CC,TT,CG,GG,TT,GG,AA,AA,AA,TT,CC,CC,AA,AC,CC,GG,GG,AA,GG,TT,AA,AG,CC,GG,AA,CC,AA,AT,TT,GT,AT,AA,GG,GT,AA,CC,AT,TT,AA,NN,AA,TT,AA,TT,CC,TT,AA,CC,TT,GG,AA,CG,AG,CC,TT,TT,GT,GG,TT,AC,AC,AA,GG,CG,CC,GG,CC,GG,TT,AA,CC,TT,GG,CC,CC,AA,AG,CC,AA,CC,AT,AA,AC,CG,AA,TT,AA,GG,AA,AC,AC,AA,GG,AG,AA,AA,AT,CG,AA,AG,AC,AC,CT,AA,AA,GG,GG,GG,TT,AA,AA,GG,TT,TT,AG,TT,GG,GG,NN,0.4,Susceptible,Medium,Standard,Early
L0949,Anantapur,Andhra Pradesh,Kharif,Red Sandy,Rainfed,390,31.0,52,AC,TT,GG,AA,GG,CC,GG,TT,CG,CG,AA,CC,CG,TT,TT,GT,GG,TT,TT,AA,NN,TT,GT,CC,TT,CC,GT,TT,GT,AA,TT,CC,AA,CC,GG,GG,GG,CG,GG,CC,TT,CT,AA,TT,AA,GG,TT,AT,CG,AC,GG,AA,AA,GG,CT,TT,AA,AA,GG,AA,AA,TT,AA,AA,CC,AT,CC,GG,TT,GG,AG,GG,CC,NN,GG,AC,AA,GG,TT,TT,GG,GG,GG,CC,AA,GG,AA,AA,CC,TT,AC,TT,CT,AA,GT,GG,TT,CC,GT,CC,CT,CG,AA,AA,AT,TT,CC,AA,AA,AC,CT,GG,TT,CC,TT,AA,AA,AT,CG,GG,CC,GG,CC,GT,TT,AG,CT,CC,CC,CC,AA,TT,CC,AA,CC,NN,AA,AT,AA,TT,GG,CC,CC,AG,AA,AG,AA,CC,NN,CC,CG,AA,AG,GG,GT,AG,NN,TT,CT,AG,CC,TT,GT,TT,CC,AT,GT,CT,AT,TT,GG,CG,AA,CC,CC,AC,CG,CC,AA,GG,GG,CC,TT,CG,GG,GT,CG,AA,AA,AA,TT,CC,GG,AA,CC,CC,CG,GG,AC,GG,TT,AA,AA,CC,GT,NN,CC,AT,AA,TT,TT,AT,AT,CC,TT,AA,CC,TT,TT,AA,GG,AA,CT,AA,TT,CC,CT,AC,CC,TT,CG,AA,CC,AA,CC,TT,CT,GT,GG,TT,AA,AC,AA,GG,CC,CC,GG,CC,GT,TT,AA,CG,TT,GG,CC,CG,AA,AG,CC,TT,CC,NN,AA,AC,CC,CC,TT,AA,GG,AA,AA,AA,AA,GG,AA,AA,AA,TT,GG,AA,AA,AC,AA,CT,AA,AA,GG,GG,CG,TT,AA,AG,GT,TT,TT,AG,TT,GG,GG,AA,0.52,Resistant,Low,Premium,Late
L0950,Anantapur,Andhra Pradesh,Kharif,Red Sandy,Rainfed,390,31.0,52,AA,TT,GG,AG,GG,CC,GG,AT,CC,CG,AA,CC,CC,AT,TT,GG,CG,TT,TT,AA,CC,TT,TT,CC,AT,CC,TT,TT,GG,AA,TT,CC,AG,CC,GG,CG,GG,CC,GG,CC,TT,CT,AA,NN,AG,GG,TT,TT,CC,AC,GT,AA,AA,GG,CC,TT,AA,AC,NN,AA,AA,GT,AT,AG,TT,AT,CC,GG,TT,GG,AA,GT,CC,AA,GG,AA,AT,GG,TT,TT,GG,GT,TT,CC,AA,GG,AA,AA,CC,GT,CC,TT,CC,TT,GT,AG,TT,CC,TT,CC,CT,CG,GG,AA,AT,TT,CC,AA,AA,AA,CT,GG,TT,CC,GT,AA,AA,TT,CC,GG,CC,AG,CC,GT,CT,AA,CC,CC,CC,CC,AA,TT,CC,AA,CC,CT,AA,AT,AA,AA,GG,CT,CC,GG,AA,AA,AT,CC,GG,CC,CC,AA,AA,GG,NN,GG,AA,TT,CT,GG,CC,GT,TT,TT,GG,AT,TT,CT,AT,TT,GG,CC,NN,CT,CC,CC,CG,CC,AA,GG,AG,CC,TT,CC,GG,TT,GG,AT,AA,AG,TT,CC,GG,AA,CC,CC,GG,GG,AC,GG,TT,AC,AA,CC,GG,AA,CC,AA,AT,GG,TT,AT,AA,CG,GT,AT,CC,TT,TT,AA,GG,AA,TT,AA,TT,CC,CT,AC,CC,CT,GG,GG,CG,AG,CC,TT,TT,GT,GG,TT,AC,AC,AA,GG,CC,CC,GG,CC,GG,TT,AA,CC,TT,GG,CC,CG,AA,GG,CG,AT,CG,AT,AA,CC,NN,AC,TT,AA,GG,AA,AA,AC,AA,AG,AA,AA,AA,AT,GG,AA,GG,AA,AA,CC,AA,AA,GG,GG,GG,TT,AA,AA,TT,TT,NN,GG,TT,GG,GG,AA,3.23,Susceptible,Low,Premium,Late
L0951,Anantapur,Andhra Pradesh,Kharif,Red Sandy,Rainfed,390,31.0,52,CC,CT,AA,AA,GG,CC,GG,TT,CC,CC,AT,CT,CG,TT,TT,GG,GG,TT,TT,AA,GG,TT,GG,CC,TT,CC,TT,AA,GT,AA,CT,CT,AA,CC,GG,GG,GG,GG,GG,CC,TT,CT,AA,TT,AA,AG,TT,TT,CC,AC,GG,NN,AA,GG,CT,GT,AA,AA,GT,AC,AA,GT,TT,AA,TT,TT,CC,NN,TT,TT,AA,GG,CC,AA,GG,AA,AA,AG,TT,TT,GG,GG,GT,CC,AA,AG,AA,AA,CC,GT,CC,TT,CT,AT,GT,GG,TT,AC,GT,CC,CT,CC,AG,AA,TT,TT,CC,AG,AG,AA,CC,GG,TT,CC,GT,AA,AC,TT,NN,AG,CC,NN,CC,GT,CC,AA,CT,CC,CC,CC,AA,TT,AC,AA,CC,CT,AA,TT,AA,AA,GG,CC,CC,GG,AA,AA,AA,AC,GG,CC,CG,AA,AA,GG,TT,GG,AA,GT,TT,GG,CC,TT,TT,CT,CC,AT,GT,TT,AA,TT,GG,CC,AA,CC,CC,CC,CG,CC,AA,GG,AA,CC,TT,CC,GT,GT,CC,TT,AA,AA,TT,CC,GG,AC,AC,CC,GG,GG,AC,GG,TT,AC,NN,CC,GG,AA,CC,AA,AT,GG,GT,AT,AT,CG,GT,AA,CC,TT,GT,AA,GG,AA,TT,AA,TT,CC,TT,AA,AC,TT,GG,AG,CC,AG,CC,TT,CT,GG,GG,AT,AA,CC,AA,GG,CC,CC,GG,CC,GG,AT,AA,CC,GT,GG,CC,CC,AA,GG,CC,AA,CC,AA,AA,AC,CC,CC,TT,AA,GG,AA,AA,AA,AA,AG,AA,AA,AA,AT,GG,AC,AG,AC,AA,TT,AA,AA,GG,GG,GG,TT,AA,AA,TT,TT,TT,AA,NN,GG,GG,AA,4.46,Moderate,Low,Poor,Early
L0952,Anantapur,Andhra Pradesh,Kharif,Red Sandy,Rainfed,390,31.0,52,AC,TT,AG,AG,GG,CC,GT,TT,CC,CG,AA,CC,CC,TT,TT,GG,GG,TT,TT,AG,CC,TT,TT,CC,TT,CC,TT,TT,GT,AA,TT,CC,AA,CC,GG,GG,NN,CG,NN,CC,TT,CT,AA,GT,AA,AA,TT,TT,CC,AA,GT,AA,AA,GG,CT,TT,AA,AC,GT,AA,AA,TT,TT,AG,TT,AA,CC,GG,TT,GG,AG,GG,AC,AA,GG,CC,AT,GG,TT,TT,GG,GG,GG,CC,AT,GG,AA,AT,CC,GT,CC,GT,CC,TT,GT,GG,TT,CC,GT,CT,CT,CG,GG,AA,TT,TT,CG,AA,AA,AA,CC,GG,TT,CC,TT,AC,AC,TT,CC,AG,CC,NN,CT,GG,TT,AA,CC,CC,AC,CC,AA,TT,AC,AA,CC,CT,AG,TT,AA,AA,GG,CC,CC,GG,AA,AG,AA,CC,GT,CC,CC,AA,AA,GG,TT,GG,AC,TT,CT,GG,AC,GT,GG,CT,CC,AA,GT,CT,AT,TT,GG,CC,AA,CT,CC,CC,GG,CC,AA,GG,AG,AC,TT,NN,GG,TT,GG,AT,AG,AA,TT,CC,CG,AC,CC,CC,CG,GG,AC,GG,TT,AC,AG,CG,GG,AA,CC,AA,AA,GG,TT,AT,AA,CG,GT,AT,CG,TT,GT,AA,GG,AA,CT,CC,AT,CG,CT,AA,CC,CT,CG,GG,CC,AG,CC,TT,TT,GT,GG,AT,AA,AA,AA,GT,CC,CC,GG,CC,GG,AT,AA,CG,GT,GG,CC,CC,AA,GG,CG,AT,CG,AA,AA,AC,CG,CC,TT,AA,GG,AA,AA,AC,AC,GG,AG,AA,AA,TT,CG,AA,AA,AC,AA,CT,AG,AA,GG,GG,GG,TT,AT,AA,TT,TT,TT,AG,AT,GG,CG,AA,3.49,Susceptible,Medium,Poor,Late
L0953,Anantapur,Andhra Pradesh,Kharif,Red Sandy,Rainfed,390,31.0,52,AC,TT,GG,AA,GG,CC,GG,TT,CC,CC,AA,CT,CG,AT,TT,GG,CG,TT,TT,AA,CC,GG,NN,CC,TT,CC,TT,TT,GG,AA,CT,CC,AA,CC,GG,CG,GG,GG,GG,NN,TT,CC,AA,NN,AG,GG,CT,TT,CC,AA,GT,AT,AA,GG,CC,TT,AA,AC,GG,AA,AA,TT,TT,AA,TT,TT,CC,GG,CT,GT,AG,GG,CC,AA,AA,AA,AT,GG,TT,TT,GG,TT,GT,CC,AA,GG,AA,AA,CC,GT,CC,TT,CC,TT,TT,GG,CT,CC,GT,CC,CT,CC,AG,AA,TT,TT,CC,AA,AG,AC,CC,GG,GT,CC,TT,AA,AA,TT,CC,AG,CC,GG,CC,GT,TT,AA,CC,CC,CC,CC,AA,TT,CC,AA,CC,CC,AA,AT,AA,AA,CG,CT,CC,GG,AA,AA,AA,CC,GG,CC,CC,AA,AA,GG,TT,GG,AC,TT,TT,AG,AC,TT,TT,TT,CG,AA,GT,NN,AA,TT,CG,CC,AA,CT,CC,CC,GG,AC,AA,GG,AG,CC,TT,CC,GT,TT,CG,AT,AA,AA,TT,CC,GG,AC,AC,CC,CG,NN,AC,NN,TT,CC,AA,CC,GT,AA,AC,AA,AT,GG,TT,TT,AA,GG,TT,AT,CG,NN,TT,AA,GG,AA,TT,AA,TT,CC,CT,CC,CC,CT,GG,AA,CC,AA,CC,TT,CT,GT,GG,TT,AA,AA,AA,GG,CC,CG,GG,CC,GG,AT,AA,CC,TT,GG,CC,CC,AA,GG,CG,AA,CC,AA,AA,CC,CC,CC,TT,AA,GG,AA,AA,AC,AC,GG,GG,AA,AA,AT,GG,AC,AG,AC,AC,CT,AA,AA,GG,GG,GG,TT,AA,AA,TT,TT,AT,AA,AA,GG,GG,AA,1.73,Moderate,High,Standard,Medium
L0954,Anantapur,Andhra Pradesh,Kharif,Red Sandy,Rainfed,390,31.0,52,AC,TT,GG,AG,CG,CC,GG,TT,CC,CC,AA,CC,CG,TT,GT,GG,GG,TT,TT,AA,NN,TT,GT,CC,TT,CT,TT,TT,GT,AA,TT,CT,AA,AC,AG,GG,GG,CG,GG,CC,TT,NN,AA,TT,AA,AG,TT,AT,CC,AC,GT,AA,AA,GG,CC,TT,AT,AA,GT,CC,AA,TT,AT,AG,CT,TT,CC,GG,TT,GT,AG,GG,CC,AA,AG,AA,AT,GG,GT,TT,GG,GG,GG,CC,AT,GG,AG,AA,CC,TT,AC,TT,CC,TT,TT,GG,NN,CC,GT,CC,CT,CC,AG,AA,TT,TT,CC,AA,GG,AA,CT,GG,TT,CC,GT,AA,AA,TT,CC,AG,CG,GG,CC,GG,TT,AA,CC,CC,AC,CC,AA,TT,CC,AA,CC,CT,AA,TT,AA,AA,GG,CC,CG,GG,AA,AA,AA,CC,GT,CC,CC,AA,AA,GG,TT,GG,AC,TT,TT,GG,CC,GT,TT,TT,CC,AT,TT,TT,AA,AT,GG,CC,AA,CC,AC,CC,GG,CC,AA,GG,AG,CC,TT,GG,GG,TT,GG,AT,AA,AG,TT,AC,GG,AC,CC,CC,GG,GG,AC,GG,TT,AC,AA,CC,NN,AA,AC,AA,TT,GG,TT,TT,AT,GG,TT,TT,CC,AT,GT,AA,GG,AA,CT,AC,TT,CC,TT,AA,AC,CC,CG,NN,CC,GG,CC,TT,CT,GT,GG,TT,AA,AC,AA,GT,CC,GG,GG,CC,GG,AT,AG,CC,TT,GG,CG,CG,AA,GG,CC,AA,CC,AA,AA,AA,CC,AA,TT,AA,GG,AA,AA,AC,AA,GG,AA,AA,AA,TT,CG,AA,AA,CC,AA,NN,AA,AA,CG,AG,GG,GT,AA,AA,GT,TT,TT,AG,TT,GG,NN,AA,3.47,Moderate,Low,Poor,Early
L0955,Anantapur,Andhra Pradesh,Kharif,Red Sandy,Rainfed,390,31.0,52,AC,CT,GG,AA,GG,CC,GT,TT,CC,CG,AA,CC,CG,TT,GT,GT,GG,TT,TT,AG,CC,TT,GG,CC,TT,CC,TT,TT,GG,AA,TT,CT,AA,CC,GG,GG,GG,GG,GG,CC,TT,TT,AA,TT,AA,GG,TT,TT,CC,AA,GG,AA,AG,GG,CC,GT,AA,AC,GT,AC,AA,GT,TT,AG,TT,TT,CC,GG,TT,GT,AA,GG,CC,AA,GG,AC,AA,NN,GT,TT,GG,GT,GG,CC,AT,GG,AA,AA,CC,GT,CC,TT,CC,TT,TT,GG,CT,CC,TT,CC,CC,GG,AG,AA,TT,GT,CC,AA,AA,AA,CC,GG,TT,CC,TT,AA,AA,TT,CC,AA,CC,GG,CC,GT,TT,AA,CT,CC,CC,CC,AA,TT,CC,AA,CC,CC,AA,TT,AA,AA,GG,CC,CC,GG,AA,AG,AA,CC,GG,CC,CG,AA,AG,AG,GG,AG,AC,TT,TT,GG,AA,TT,GT,TT,CG,AA,TT,TT,AA,TT,GG,CC,AA,NN,NN,CC,GG,CC,AA,GG,GG,CC,TT,CG,GT,TT,GG,TT,AA,AA,TT,AC,GG,AA,AC,CC,GG,GG,AA,GG,TT,AC,AA,CC,GT,AT,AC,AA,AA,GT,TT,TT,AT,GG,GT,AA,CC,TT,GT,AA,GG,AA,TT,AA,AT,CC,TT,AC,CC,CT,CC,AA,CG,AG,CC,TT,CT,TT,NN,TT,AA,AC,AA,GG,CC,GG,GG,CC,GG,AT,AA,CG,TT,AG,CC,CC,AA,GG,CC,TT,CC,AA,AA,AA,GG,AC,TT,AA,GG,AA,AA,AC,AA,AG,AG,AA,AA,TT,CG,AC,AA,CC,AA,CT,AA,AA,GG,GG,GG,GT,AA,AA,GT,TT,TT,AA,AT,GG,NN,AA,1.85,Susceptible,High,Standard,Late
L0956,Anantapur,Andhra Pradesh,Kharif,Red Sandy,Rainfed,390,31.0,52,CC,TT,AG,GG,GG,CC,GG,AT,CC,CG,AA,CT,CG,TT,TT,GG,CG,TT,TT,AG,CG,TT,GG,CT,TT,CC,GT,TT,GG,AA,TT,CC,AG,CC,GG,GG,GG,CG,GG,CC,TT,CC,AA,TT,AA,GG,TT,AT,CG,AC,GT,AA,AA,GG,CC,TT,AA,AA,GG,AC,AA,GT,AT,AG,TT,NN,CC,GG,TT,NN,GG,GG,CC,AA,GG,CC,AA,GG,TT,TT,GG,GG,NN,CC,AT,NN,AA,AT,CC,TT,CC,TT,CC,AT,GT,GG,CT,CC,TT,CC,CC,GG,AG,AA,TT,TT,CC,AG,GG,AA,TT,GG,TT,CC,TT,AC,AA,TT,CG,GG,CC,AA,CT,GT,TT,AA,CC,CC,CC,CC,AA,TT,NN,AA,CC,CC,AA,AA,AA,AA,GG,CC,CC,AG,AA,AG,AA,CC,GG,CC,CC,AG,AG,GG,TT,GG,AC,TT,TT,GG,CC,TT,GT,TT,CG,AT,TT,TT,AA,TT,GG,CC,AG,CT,CC,CC,CG,CC,AA,GG,GG,CC,TT,CC,GT,TT,GG,AA,AA,AA,TT,CC,GG,AC,CC,CC,GG,GG,AC,GG,TT,AA,AA,CC,GT,AA,CC,AA,AT,GG,TT,TT,AA,CG,GT,AT,CC,AT,GT,AA,GG,AA,TT,AA,AT,CC,TT,AA,AC,CC,CG,AA,CC,AG,CC,TT,CT,TT,GG,TT,AA,NN,AA,GG,CC,CC,GG,CC,GG,TT,AA,CC,TT,GG,CC,CC,AA,AG,CC,AA,CC,AA,AA,CC,CC,AA,TT,AA,GG,AA,AA,AC,AA,AG,AA,AG,AA,TT,GG,AA,AA,AC,AA,CT,AA,AA,CG,AG,GG,TT,AT,AA,TT,TT,TT,AA,AT,GG,GG,AC,1.36,Resistant,Medium,Premium,Medium
L0957,Anantapur,Andhra Pradesh,Kharif,Red Sandy,Rainfed,390,31.0,52,AA,TT,AG,AG,CG,CC,GT,AT,CC,CG,AA,CC,CC,AT,GT,GG,CG,TT,TT,AA,CC,TT,GT,CT,TT,CC,TT,AT,GG,AA,TT,CT,AA,CC,AG,GG,GG,CC,GG,CC,TT,CT,AC,TT,AA,AA,TT,AT,CC,CC,GG,AA,AA,GG,CC,TT,AA,AC,GT,AA,AG,TT,AA,AG,TT,AT,CC,GG,TT,GG,AA,GG,CC,AA,AG,AC,NN,GG,TT,TT,GG,GG,TT,CC,AT,GG,AA,TT,CG,GT,CC,TT,CC,TT,TT,GG,TT,CC,GT,CT,CC,CC,AG,AA,TT,TT,CC,AA,AA,AC,CT,GG,TT,CC,TT,AA,AA,TT,CC,AG,CC,GG,CT,GT,TT,AA,CC,CC,CC,CC,AA,GG,CC,AA,CC,CC,AA,TT,AA,AA,CG,CC,CC,GG,AA,AA,AA,AC,GG,CC,CC,AA,AA,GG,TT,GG,AC,GT,TT,GG,CC,TT,GT,CT,CG,AA,TT,TT,AA,TT,CG,CC,AA,TT,AC,CC,CG,CC,AA,GG,AG,CC,TT,CC,GG,GT,CC,TT,AA,AA,TT,AC,GG,AA,CC,CC,GG,GG,AC,GG,TT,AA,AA,CC,GG,AT,CC,AA,AA,GG,NN,TT,AT,GG,GT,AA,CC,TT,GG,AA,GG,AA,TT,AA,AT,CC,TT,AA,AC,TT,GG,GG,CG,GG,AC,AT,CT,NN,GG,TT,AC,CC,AG,GG,CG,CG,GG,CC,GG,TT,AA,CC,GT,GG,CC,CC,AA,GG,CC,AA,CC,AA,AA,NN,CC,AC,TT,AA,GG,AA,AA,CC,NN,GG,AG,AA,AG,TT,GG,AA,AG,AC,AA,TT,AA,AA,GG,GG,GG,TT,AT,AA,TT,TT,TT,AA,AT,GG,GG,AA,2.81,Moderate,Medium,Standard,Late
L0958,Anantapur,Andhra Pradesh,Kharif,Red Sandy,Rainfed,390,31.0,52,AC,TT,GG,AG,GG,CC,TT,TT,CC,CG,AA,CC,CC,AT,GT,GG,CG,TT,TT,AA,CC,GT,TT,CC,AT,CC,TT,AT,GG,AA,TT,CC,AA,CC,GG,CG,GG,CG,GG,CC,TT,CC,AA,TT,AA,AG,CT,AT,CG,CC,GT,AT,AA,GG,CT,TT,AA,AA,GT,AA,AA,TT,TT,GG,TT,TT,CC,GG,NN,GG,GG,GT,CC,AA,AG,AC,AT,GG,GT,TT,GG,GG,GG,NN,AA,GG,AA,AA,CC,GT,AC,TT,CC,NN,GT,GG,CT,CC,GG,CC,CC,CG,AG,NN,TT,TT,CC,AA,AG,AA,TT,GG,TT,CC,TT,AC,AA,TT,CC,AG,CC,GG,CC,GT,CC,AG,CC,CC,CC,CC,AA,TT,CC,AA,CC,CC,AA,AT,AA,AT,GG,CT,CG,GG,AA,NN,AA,CC,GG,CC,CC,AA,AA,AG,GT,AG,CC,TT,CT,AG,AA,GT,GT,CT,CG,AA,TT,TT,AA,AA,GG,NN,AG,CT,CC,CC,GG,CC,AA,GG,AG,CC,TT,CC,GG,TT,CG,AA,AA,AA,TT,CC,GG,AA,AA,CC,NN,GG,AC,GG,TT,AC,AA,CC,GG,AT,CC,TT,AA,GG,TT,TT,AT,GG,GT,AA,CG,TT,TT,AA,GG,AA,TT,CC,TT,CC,TT,AA,CC,TT,GG,AG,CC,AG,AC,TT,TT,GG,GG,TT,AA,CC,AA,GG,CC,CG,GG,CC,GG,TT,AA,CC,GT,GG,CC,CG,AT,GG,CG,AA,CC,AA,AA,CC,CG,AC,TT,AA,GG,AA,AA,AC,AA,AG,AA,AG,AA,TT,CC,AA,AG,CC,AA,TT,AG,AG,GG,GG,NN,TT,AA,AA,TT,TT,TT,AG,AT,GG,GG,AA,3.08,Susceptible,Low,Poor,Medium
L0959,Anantapur,Andhra Pradesh,Kharif,Red Sandy,Rainfed,390,31.0,52,AC,TT,GG,AA,GG,CC,GG,AT,CC,CG,AA,CC,CG,TT,TT,GT,GG,TT,TT,AG,CC,GT,GT,CC,TT,CC,TT,NN,GG,AA,TT,CC,AA,CC,GG,CG,GT,CC,GG,CC,GT,CT,AA,GT,AG,AG,TT,AA,CC,AC,GG,AA,AA,GG,CC,NN,AA,AA,GT,AA,AG,TT,AA,AA,TT,AT,CC,GG,TT,GT,AA,GG,CC,AA,GG,AA,AA,GG,TT,TT,GG,GT,GG,CC,AA,GG,AA,AA,CC,GG,CC,TT,TT,TT,GT,GG,TT,AC,GT,CC,CC,GG,GG,AG,TT,GT,CC,AG,AA,AA,CC,GG,TT,CC,TT,AA,AA,TT,CC,GG,CC,GG,CC,GG,NN,AA,CC,CC,CC,CG,AA,TT,CC,AA,CC,CT,AA,TT,AG,AA,GG,CC,CC,GG,AA,GG,AA,CC,GG,CC,CG,AA,AA,GG,TT,GG,AA,TT,CT,NN,CC,TT,GT,TT,CC,AT,TT,TT,AT,TT,GG,CC,AG,CT,CC,CC,CG,CC,AA,GG,GG,CC,GT,CC,GG,GT,GG,AT,AG,AA,TT,CC,GG,AC,AC,CC,GG,AG,AA,CG,NN,AC,AA,CC,GG,AA,AC,AA,AA,GG,GT,AT,AT,GG,GT,AA,CG,AT,TT,AA,GG,AA,CT,AA,TT,CC,TT,CC,CC,TT,GG,AG,CC,AG,CC,TT,CT,TT,GG,TT,AA,AC,AA,GG,CC,CC,GG,CC,GG,AA,AA,CC,TT,GG,CC,CC,AA,GG,CG,AA,CC,AA,AA,AC,CC,AC,TT,AA,GG,AA,AA,AC,AC,AG,AA,AA,AA,TT,GG,AA,AA,AA,AA,TT,AA,AA,GG,GG,GG,TT,AA,NN,GT,TT,TT,AG,TT,GG,GG,AA,1.69,Resistant,Medium,Premium,Early
L0960,Anantapur,Andhra Pradesh,Kharif,Red Sandy,Rainfed,390,31.0,52,AC,TT,GG,AA,GG,CC,GG,AT,CC,CC,AA,CC,CC,TT,NN,GG,CG,TT,TT,AA,CG,NN,GT,CC,TT,CC,GT,AT,GG,AA,TT,CC,AA,CC,GG,GG,GG,CG,GG,CC,TT,CT,AA,TT,AG,GG,CT,TT,CC,CC,GG,AA,AG,GG,CT,TT,AT,CC,GT,NN,GG,TT,TT,AA,TT,TT,CC,GG,TT,GG,GG,GG,CC,AA,NN,AA,AA,GG,TT,TT,GG,GG,GG,CC,AA,GG,AA,AT,CC,TT,CC,TT,CC,TT,TT,GG,TT,CC,GT,CC,CC,GG,AG,AA,TT,TT,CG,AA,NN,AA,CC,GG,TT,CC,TT,AA,AA,TT,CC,AG,CC,GG,CC,GG,CT,NN,CT,CC,CC,CC,AA,GT,CC,AA,CC,CT,AA,TT,AA,AA,GG,CC,CC,GG,AA,AG,AT,CC,GG,CC,CC,AA,AA,AG,TT,AG,AC,TT,TT,GG,CC,TT,GT,TT,CC,AT,GT,TT,AA,TT,GG,NN,AA,CC,CC,CC,GG,AC,AA,GG,AG,CC,TT,CC,GT,TT,GG,AT,AA,AA,TT,AC,GG,AA,CC,CC,CG,GG,CC,CG,TT,AC,AA,CC,GG,AA,CC,AA,AA,GT,TT,AT,AT,GG,GG,AA,CG,TT,TT,AT,GG,AA,CT,AA,TT,CC,TT,AC,CC,TT,GG,AA,CC,AG,CC,NN,CT,TT,GG,TT,AA,AC,AG,GG,CC,CC,GG,CC,NN,AT,AA,CC,GT,GG,CC,CC,AA,GG,CC,AA,CC,AA,AA,CC,CC,AC,TT,AA,GG,AA,AA,AA,AA,AG,AA,AA,AA,AT,GG,AA,AA,NN,AA,CT,AA,AG,GG,GG,GG,GT,AT,AA,GT,TT,TT,GG,TT,GG,GG,AA,3.23,Resistant,Low,Premium,Early
L0961,Anantapur,Andhra Pradesh,Kharif,Red Sandy,Rainfed,390,31.0,52,CC,TT,AG,AA,GG,NN,GG,AT,CC,CG,AA,CC,CC,TT,GT,GG,CG,TT,TT,AA,CC,TT,GT,CT,NN,CC,TT,TT,GT,AA,TT,CC,AA,CC,GG,GG,GG,CC,NN,CC,TT,CT,AA,TT,AA,AG,TT,TT,CC,AA,GT,AT,AG,GG,CC,TT,AA,AA,GG,AC,AA,TT,TT,AG,TT,TT,CC,GG,CT,GT,GG,GG,CC,AA,GG,CC,AA,GG,TT,TT,AG,GT,NN,CC,TT,GG,AA,AT,CC,GT,CC,TT,CC,TT,GT,GG,TT,CC,GT,CC,CT,CC,AG,AA,AT,TT,CC,AA,AG,AA,CC,GG,TT,CG,TT,AA,CC,TT,CG,AG,CC,GG,CC,TT,TT,AG,CT,CC,AA,CC,AA,TT,CC,AA,CC,CC,AA,TT,AA,AA,CG,CT,CG,GG,AA,GG,AT,CC,GT,CC,CC,AA,AA,NN,GG,GG,AC,TT,TT,AG,AC,TT,TT,CT,CC,AT,TT,CC,AA,TT,GG,CC,AA,CC,CC,CC,CG,CC,AA,GG,AG,CC,TT,CC,GT,TT,CG,AA,AA,AG,TT,AC,GG,AC,CC,CC,GG,GG,AC,GG,NN,AA,AA,CC,GT,AA,CC,AA,AA,GT,TT,TT,AA,CG,GT,AA,CC,TT,GT,AA,GG,AA,TT,AA,TT,CC,CT,AA,CC,CT,GG,AG,CG,AG,CC,TT,TT,TT,GG,AT,AC,AC,AG,GG,CC,CC,GG,CC,GG,AT,AA,CC,GT,GG,CG,CG,AT,GG,NN,AA,GG,AA,AA,AC,CC,AC,TT,AA,CC,AA,AC,AC,AA,AA,AG,AG,AA,NN,GG,AC,NN,AA,AA,TT,AA,AA,GG,AG,GG,TT,AT,AG,TT,TT,TT,NN,TT,GG,GG,AA,2.61,Susceptible,Low,Poor,Late
L0962,Anantapur,Andhra Pradesh,Kharif,Red Sandy,Rainfed,390,31.0,52,AA,TT,AG,GG,GG,CC,GG,TT,CC,CC,AA,CT,GG,TT,TT,GG,CG,TT,TT,AA,CC,GT,GG,CC,AT,CC,GT,TT,GT,AA,TT,CC,AA,CC,GG,GG,GT,CG,GG,CC,TT,TT,AA,TT,AA,GG,CT,NN,CC,AA,GG,AA,AG,GG,CC,TT,AT,AA,GT,AA,AA,TT,TT,AG,TT,AT,CC,GG,TT,GG,AA,GG,CC,AA,GG,CC,AT,GG,GG,TT,GG,GG,GG,CC,AA,GG,AA,AA,CC,TT,CC,TT,CT,TT,TT,GG,TT,CC,GT,CC,CC,CC,AG,AA,AT,TT,CC,AA,AA,AC,CT,GG,TT,CC,TT,AA,AC,TT,CG,AG,CG,AG,CC,TT,CT,AG,CC,CC,CC,CC,AA,TT,AC,AA,CC,CC,AA,TT,AG,TT,CG,CC,CC,GG,AA,AG,AA,AC,NN,CC,CC,AG,AA,GG,TT,AG,AA,TT,CT,GG,CC,GT,GT,CT,GG,AA,TT,TT,AA,TT,GG,CC,AG,CC,CC,CC,GG,CC,AA,GG,AG,CC,TT,CC,GG,GT,GG,TT,AA,GG,TT,CC,GG,AA,AC,CC,GG,GG,AA,GG,CT,AA,AA,CC,GG,AT,CC,AA,AA,GG,TT,AT,AA,NN,GG,AA,CC,AT,GG,AA,GG,AA,CT,AC,TT,CG,TT,AC,CC,CT,CC,AG,CG,GG,AC,TT,CT,TT,GG,TT,AA,AA,AA,GG,CC,CG,GG,CC,GG,TT,AA,CG,TT,GG,CC,CC,AA,GG,CC,AA,CC,AA,AA,CC,CC,CC,TT,AA,CG,AA,AA,AA,AA,GG,AA,AA,AA,TT,GG,AC,AA,AC,AA,CT,AA,AA,GG,GG,GG,TT,AA,AG,TT,TT,TT,AA,AT,GG,GG,AA,4.46,Moderate,Low,Premium,Late
L0963,Anantapur,Andhra Pradesh,Kharif,Red Sandy,Rainfed,390,31.0,52,AC,TT,GG,AG,CG,CC,GG,TT,CC,CG,AA,CC,CC,AT,TT,GG,GG,TT,TT,AA,CC,TT,GT,CC,AT,CC,TT,NN,GG,AA,TT,CC,AA,CC,GG,GG,GG,CG,GG,CC,TT,CC,CC,TT,AA,GG,TT,TT,CC,AC,GG,AA,AA,GG,CT,GT,AA,AA,TT,AA,AA,TT,TT,AG,TT,AT,CC,GG,TT,GG,AA,GG,CC,AG,AG,AA,AT,GG,GT,TT,GG,GG,NN,CC,AA,GG,AG,AA,CG,TT,AA,TT,CC,AT,GG,GG,CT,CC,GG,CC,CC,CC,AA,AA,TT,TT,CC,AA,AG,CC,CT,GG,GT,CG,GT,AA,AA,NN,CC,AG,CC,GG,CT,GT,TT,AA,CC,CC,AC,CC,AG,TT,NN,AA,CC,CC,AA,TT,AG,AT,GG,CC,CG,AG,AA,GG,AA,AC,GG,CC,CC,AA,AG,GG,TT,GG,CC,TT,TT,AG,CC,TT,TT,TT,CC,AA,TT,TT,AA,AT,GG,CC,AG,CT,CC,CC,GG,CC,AA,GG,AA,CC,TT,CC,GT,TT,GG,TT,AA,AG,GT,CC,GG,AA,AC,CC,GG,GG,AA,GG,TT,AA,AA,CC,GG,AT,CC,AA,AA,GT,GT,TT,AT,GG,GT,TT,CG,AT,GG,AA,GG,AA,TT,AA,TT,CC,CT,AA,CC,TT,GG,AG,CC,AG,CC,TT,CT,TT,GG,TT,AA,AC,AA,NN,CC,CC,GG,CC,GG,AT,AA,CC,TT,GG,CC,CC,AA,GG,CC,AT,CC,AA,NN,AC,CC,CC,TT,AA,GG,AA,AA,AC,AA,GG,AG,AA,AA,TT,GG,AA,AG,AC,AA,TT,AG,AG,GG,GG,GG,TT,AA,AA,TT,TT,TT,AG,TT,GG,GG,AA,3.76,Susceptible,Medium,Standard,Early
L0964,Anantapur,Andhra Pradesh,Kharif,Red Sandy,Rainfed,390,31.0,52,AA,CT,GG,AA,GG,CC,GG,AT,CC,CC,AT,CC,CC,AT,TT,GG,GG,TT,TT,AA,CC,TT,TT,CC,AT,CC,GT,TT,GG,AA,TT,CT,AA,CC,GG,CG,GG,NN,GG,CC,TT,CT,AA,TT,AG,AG,TT,AT,CC,AC,GG,AA,AG,GG,CC,TT,AA,AC,GG,NN,AG,GT,AT,GG,TT,AT,CC,GG,TT,GT,AG,GG,CC,AA,AA,AC,AT,AG,TT,TT,GG,GG,GG,CC,AA,GG,AA,AA,CG,GT,CC,GT,CT,AT,TT,GG,CT,CC,TT,CT,CC,CC,AG,AG,AT,TT,CC,AA,AA,AA,CC,GG,TT,CC,GT,AC,AC,TT,CC,AG,CG,GG,CT,GG,TT,AG,CC,CC,CC,CC,AA,GT,CC,AA,CC,CC,AA,TT,AG,AA,CG,CT,CC,NN,AA,GG,AA,AC,GG,CG,CC,AA,AA,GG,TT,AG,AA,NN,TT,GG,AC,TT,GT,CT,NN,AT,TT,TT,AT,TT,CG,CC,AG,CC,CC,CC,GG,CC,AA,GG,AA,CC,TT,CC,GG,GG,GG,TT,AA,AA,GT,CC,GG,AA,CC,CG,GG,GG,AA,CG,TT,AA,AA,CC,GG,AT,CC,AA,AT,GG,TT,AT,AA,GG,GG,AT,CC,TT,GG,AA,GG,AA,TT,AC,TT,CC,TT,AA,CC,CT,CG,AG,CG,GG,AC,AT,TT,GT,GG,TT,AA,AC,AA,GT,CC,CG,GG,CC,GG,AT,AA,CC,TT,GG,CC,CC,AT,GG,CC,AA,CC,AA,AA,CC,CG,AC,TT,AA,GG,AA,AA,AC,AA,GG,AG,AG,NN,AT,GG,AC,AA,CC,AA,TT,AA,AG,GG,GG,GG,TT,NN,AG,GT,TT,TT,GG,AA,GG,GG,AA,4.19,Susceptible,Low,Poor,Medium
L0965,Anantapur,Andhra Pradesh,Kharif,Red Sandy,Rainfed,390,31.0,52,AA,TT,GG,AG,GG,CC,GG,TT,CC,GG,AA,CC,CC,AT,TT,GG,GG,TT,TT,AG,CG,TT,TT,CT,AT,CC,GT,TT,GG,AA,TT,CC,AA,CC,GG,GG,GG,CC,GG,CC,TT,TT,AC,TT,AA,AG,TT,AT,CC,AA,GG,AA,AA,GG,CC,GT,AT,AC,TT,AC,AA,GT,AT,AA,TT,TT,CT,GG,TT,GT,AA,GG,CC,AA,GG,AA,AT,GG,TT,TT,GG,GG,GG,CC,AA,GG,AA,AA,CC,GT,CC,TT,CC,TT,TT,GG,TT,CC,GT,CT,CC,CC,GG,AA,AT,TT,CC,AA,AA,AC,CC,GG,TT,CC,TT,AC,AC,TT,CC,AA,CG,AG,CC,GG,CT,AG,CC,CC,CC,CG,AA,TT,CC,AA,CC,CC,AA,AT,AA,AT,CG,CT,CC,GG,AA,GG,AA,CC,GG,CC,NN,AA,AG,GG,TT,AG,AC,TT,CT,AG,AC,TT,TT,TT,CC,AT,TT,TT,AA,AT,GG,CC,AG,CT,CC,CC,CG,CC,AA,GG,AA,CC,TT,CC,GG,TT,GG,AA,AA,AA,TT,CC,CG,AC,AC,CC,GG,GG,AA,GG,TT,AC,AA,CC,GG,AA,CC,AT,AT,GG,TT,AT,AA,CG,GT,AA,CC,TT,GT,AA,GG,AA,CC,AA,TT,CC,TT,AA,CC,TT,CG,AA,CC,AA,CC,TT,TT,GG,CG,AT,AA,CC,AA,GG,CC,CG,GG,NN,GG,AT,AA,CC,TT,GG,CC,CG,AA,AG,CG,AA,CC,TT,AA,CC,CG,AC,TT,AA,GG,AA,AA,AA,AA,GG,AG,AG,AA,TT,CC,AC,AG,CC,AC,TT,AA,AA,GG,GG,GG,TT,AA,AA,TT,TT,TT,AA,TT,GG,CG,AA,1.61,Susceptible,Low,Poor,Early
L0966,Anantapur,Andhra Pradesh,Kharif,Red Sandy,Rainfed,390,31.0,52,AC,TT,GG,AG,GG,CC,GG,TT,CC,CG,AT,CC,CG,AA,TT,GG,CG,TT,TT,AA,CC,GG,TT,CC,TT,CC,GT,TT,GG,AA,TT,CT,AA,CC,GG,GG,GG,GG,GG,CC,TT,TT,AA,TT,AG,AG,TT,AT,CC,AC,GT,AA,AA,GG,CC,TT,AT,AA,GT,AA,AA,TT,AT,AG,TT,TT,CC,GG,TT,GG,AA,GG,AC,AA,GG,AA,AA,GG,TT,TT,GG,GG,GG,AC,AA,GG,AA,AT,CC,TT,CC,TT,CT,TT,TT,GG,TT,CC,GT,CC,CC,CC,AA,AA,TT,TT,CC,AA,AG,AA,CC,GG,TT,CC,TT,AA,AA,AT,CG,AG,CC,GG,CC,GT,TT,AA,CC,CC,CC,CC,AG,TT,CC,AA,CC,CC,AA,AT,AG,AA,GG,CT,CC,AG,AA,AA,AT,CC,GG,CG,CC,AA,AA,AG,TT,GG,AA,NN,TT,GG,NN,GT,TT,CT,CC,AT,TT,TT,AA,AT,GG,CG,AA,CT,CC,CC,GG,CC,AA,GG,GG,CC,TT,CC,GT,TT,GG,AA,AA,AG,TT,CC,GG,AA,AC,CC,GG,AG,AC,GG,TT,AA,AG,CC,GG,AA,CC,AA,AA,GG,NN,AT,AT,CC,GT,AA,CG,AT,GT,AA,GG,AA,TT,AA,TT,CC,CC,AC,CC,CT,GG,GG,NN,AG,AC,TT,TT,TT,GG,TT,AA,AC,GG,GG,CC,CG,GG,CC,GG,AA,AA,CC,TT,GG,CC,CG,AT,GG,CC,AA,CC,AA,AG,AC,CG,AC,TT,AA,GG,AA,AA,AC,AA,GG,GG,AG,AA,AA,GG,AC,AA,AC,AA,CT,AA,AA,GG,AG,GG,TT,AT,AA,GT,TT,TT,AA,TT,GG,CG,AA,2.46,Susceptible,Low,Poor,Late
L0967,Anantapur,Andhra Pradesh,Kharif,Red Sandy,Rainfed,390,31.0,52,AA,CT,AG,AA,CG,CG,GG,AT,CC,CG,AA,CC,CC,TT,GG,GG,GG,TT,TT,AG,CC,GT,GT,CT,TT,CC,TT,TT,GG,AA,TT,CC,AA,CC,GG,GG,GG,CG,GG,CC,TT,TT,AA,TT,GG,GG,CT,TT,CC,CC,GT,AA,AA,GG,CC,TT,AA,AA,GG,AA,AA,TT,TT,AA,TT,TT,CC,GG,TT,GG,GG,GG,CC,AA,GG,AC,AA,GG,GT,TT,GG,TT,GG,CC,AA,GG,AG,AA,CC,TT,CC,TT,CC,TT,GT,GG,NN,CC,TT,CC,CC,CG,AG,AA,TT,TT,NN,GG,AA,AA,CC,GG,TT,CG,TT,AA,AA,TT,CC,GG,CC,GG,CT,GG,CT,AA,CC,CC,CC,CC,AA,TT,CC,AA,CC,CT,AA,TT,AA,AA,GG,CC,CC,GG,AA,AG,AA,CC,GG,CC,CC,AA,AA,GG,TT,GG,AC,TT,CT,GG,AC,GT,TT,TT,CC,AT,TT,TT,AA,TT,GG,CC,AA,CC,AC,CC,CG,CC,AA,GG,AA,AC,TT,CC,GG,GT,NN,TT,AA,AG,TT,CC,GG,AA,AC,CC,GG,GG,AC,GG,TT,AA,AA,CC,GG,AA,CC,AA,AA,GG,TT,AA,AA,GG,TT,AT,CC,TT,GT,AA,GG,AA,TT,AA,TT,CC,CT,AA,NN,NN,GG,AA,CC,AG,CC,TT,TT,TT,GG,AT,AA,AC,AG,NN,CC,CC,GG,GG,GG,AT,AA,CG,TT,GG,CC,CC,AA,GG,CC,AA,CC,AT,AA,CC,CG,AC,TT,AA,GG,AA,AA,AA,AC,GG,AA,AG,AA,TT,CG,AA,AA,AC,AA,TT,AA,AG,GG,GG,GG,TT,AT,AG,TT,TT,TT,AG,TT,GG,GG,AA,3.39,Resistant,Low,Standard,Late
L0968,Anantapur,Andhra Pradesh,Kharif,Red Sandy,Rainfed,390,31.0,52,AA,CT,GG,AG,GG,CC,TT,TT,CG,CC,AA,CT,CG,AT,TT,GG,GG,TT,TT,AA,CG,GT,GT,CC,TT,CT,TT,TT,GT,AA,CT,CC,NN,CC,GG,GG,GG,CC,GG,CC,TT,TT,AA,TT,AA,AG,TT,TT,CC,AA,GG,AA,AA,GG,CC,TT,AT,AC,GG,AA,AA,TT,AT,AG,TT,TT,CC,GG,TT,GG,AG,GG,CC,AA,GG,AC,AA,GG,TT,TT,GG,GT,GG,CC,AT,GG,AA,AA,CC,GG,CC,TT,CC,AT,GT,GG,TT,CC,TT,CC,CC,CC,GG,AA,TT,TT,CG,AA,AA,AA,CC,GT,TT,CG,TT,AC,AC,TT,CG,GG,CG,AG,CC,GT,TT,AA,CC,CC,CC,CC,AA,GT,CC,AA,CC,CC,AA,TT,AA,AA,GG,CC,CC,GG,AA,GG,AA,CC,GG,CC,CC,AA,GG,AG,GT,GG,NN,TT,TT,GG,AA,NN,TT,TT,CC,AA,GT,TT,AA,AA,GG,CC,AA,CC,CC,CC,CC,CC,AA,GG,AA,CC,TT,GG,GT,TT,CG,AT,AA,AG,TT,CC,GG,AA,AC,CC,CG,GG,AC,GG,TT,AC,AA,CC,GT,AA,AC,AT,NN,GG,TT,TT,AA,GG,NN,AT,CC,AT,NN,AA,GG,AA,CC,AA,TT,CC,TT,AA,CC,TT,GG,AG,CG,AG,AC,TT,CC,TT,GG,AT,AA,AC,AA,GT,CC,CC,GG,CC,GG,TT,AA,CC,TT,GG,CG,CC,AA,AG,CC,AA,CC,AA,AA,AA,CG,CC,AA,AA,GG,AT,AC,AC,AA,AG,AG,AG,AA,AT,GG,AA,AG,AC,AA,TT,AG,AG,GG,GG,NN,TT,AA,AA,TT,TT,TT,AG,AT,GG,GG,AA,1.42,Susceptible,Low,Poor,Medium
L0969,Anantapur,Andhra Pradesh,Kharif,Red Sandy,Rainfed,390,31.0,52,AA,TT,GG,AA,CG,CG,GT,AT,CC,CG,AA,CC,CC,AT,TT,GT,CG,TT,TT,AA,CC,TT,TT,CT,TT,CC,TT,TT,GG,AA,NN,CC,AA,CC,GG,CG,GG,CC,GG,CC,TT,TT,AA,TT,AA,AA,TT,AT,CC,AC,GT,AA,AA,GG,CC,TT,AA,AC,GG,AC,AA,TT,AT,AA,TT,TT,CC,GG,TT,GT,AG,GT,CC,AA,AG,AA,AT,GG,TT,TT,GG,GG,GG,CC,AA,GG,AG,AT,CC,GT,CC,TT,CT,TT,TT,NN,TT,CC,TT,CC,CC,CG,GG,AA,TT,TT,CC,AA,AA,AA,CT,GG,TT,CC,TT,AC,AA,TT,CC,GG,CC,AG,CC,GG,TT,AA,CC,CC,CC,CC,AA,TT,AC,AA,CC,CC,AA,TT,AA,AA,GG,CT,CC,GG,AA,GG,AA,CC,GG,CC,CC,AA,AG,AG,TT,GG,AA,GT,TT,GG,CC,GT,TT,CT,CC,AA,TT,TT,AA,TT,GG,CC,AA,TT,CC,CC,GG,CC,AA,GG,AA,CC,TT,CC,GT,TT,CG,AT,AA,AA,NN,CC,CG,AA,CC,CC,GG,AG,CC,GG,TT,AC,AA,CC,GG,AA,CC,AA,TT,GG,TT,AA,AT,GG,GT,AT,CC,TT,GT,AA,GG,AA,CT,AA,TT,CC,CT,AC,CC,TT,GG,GG,CC,AG,AC,TT,CT,GT,GG,TT,AA,CC,AG,GG,CC,CC,GG,CC,GG,AT,AA,CC,GT,NN,CG,CC,AT,GG,CC,AT,CC,AA,AA,AC,CC,CC,TT,AA,NN,AA,AA,AA,AA,AG,AG,AG,AA,TT,CG,AA,AA,AC,AC,TT,AA,AA,GG,GG,GG,TT,AA,AG,TT,TT,TT,AG,AT,CG,GG,AA,1.87,Moderate,High,Poor,Early
L0970,Anantapur,Andhra Pradesh,Kharif,Red Sandy,Rainfed,390,31.0,52,AC,TT,GG,AA,GG,CC,GG,TT,CC,CG,AA,CT,CC,TT,TT,GG,GG,TT,TT,AA,CC,TT,GT,TT,TT,CC,TT,TT,GG,AA,CT,CC,AA,CC,GG,GG,GG,CC,GG,CC,TT,TT,NN,TT,AG,AG,TT,TT,CG,CC,GG,AA,AA,GG,CC,GT,NN,AC,GT,AC,AA,GT,TT,AA,TT,TT,CC,GG,TT,GT,AG,GG,CC,AA,AG,AC,AA,GG,TT,TT,GG,GG,GG,CC,AA,GG,AA,AT,CC,GT,CC,TT,CT,TT,TT,AG,TT,CC,TT,CC,CC,CG,GG,AA,AA,TT,CC,AA,AG,AA,CC,GG,TT,CC,TT,AC,AA,TT,CC,GG,CC,GG,CC,GT,CT,AA,CC,CC,AC,CC,AA,GT,CC,AA,CC,CT,AA,TT,AG,AT,GG,CT,CC,GG,AA,GG,AA,CC,GG,CC,CC,AA,AA,GG,GT,GG,AA,GT,CT,GG,CC,TT,TT,TT,CC,AT,TT,TT,AA,TT,CG,CG,AG,CC,CC,CC,CG,CC,AA,AG,AA,CC,TT,CG,GG,GT,GG,TT,AA,AA,TT,CC,GG,AC,AC,CC,GG,GG,CC,GG,TT,AA,AA,CC,GG,AA,CC,AA,AA,GG,GG,TT,AT,GG,GT,AT,GG,TT,GT,AA,GG,AA,CT,AA,TT,CC,TT,AA,CC,TT,GG,GG,CG,GG,CC,AT,CC,GT,GG,NN,AA,AC,AG,GG,CC,GG,GG,CG,GG,TT,AA,CC,GG,GG,CC,CC,AA,GG,CC,AT,CC,AA,AA,AC,CC,AA,TT,AA,GG,AA,AA,AC,AA,GG,AA,AA,AG,AT,CC,AC,AA,CC,AC,CT,AG,AA,GG,GG,GG,TT,AT,AA,TT,TT,TT,AG,TT,GG,CG,AA,4.57,Moderate,Low,Standard,Early
L0971,Anantapur,Andhra Pradesh,Kharif,Red Sandy,Rainfed,390,31.0,52,AC,TT,GG,AG,GG,CC,GT,AT,CC,CG,AA,CC,CC,AT,TT,GG,GG,TT,NN,AA,CG,TT,TT,CC,TT,CT,TT,TT,GG,AA,TT,CT,AA,CC,GG,GG,GG,CC,GG,AC,TT,CC,AA,GT,AA,GG,TT,TT,CC,CC,GT,AT,AG,GG,CT,TT,AA,AA,GG,AC,AA,TT,TT,GG,CT,TT,CC,GG,TT,GT,AG,GG,CC,AA,GG,AC,TT,GG,NN,TT,GG,GG,GG,CC,AT,GG,AA,AA,CC,TT,CC,TT,CC,TT,GT,AG,TT,CC,TT,CC,CC,CC,AA,AA,TT,TT,CC,AA,AG,AA,CC,GG,TT,CC,GT,AA,AA,TT,CG,AG,CG,GG,CC,TT,TT,AA,CC,CC,AC,CC,AA,TT,AC,AA,CC,CC,AA,TT,AG,AA,GG,CC,CG,GG,AA,AG,AT,CC,TT,NN,CC,AA,AA,GG,TT,AG,AC,GT,TT,GG,CC,TT,TT,TT,CC,AT,GG,CC,AA,TT,GG,CC,AG,CC,CC,CC,NN,CC,AA,GG,AA,CC,TT,CC,GG,TT,GG,AT,AA,NN,TT,CC,GG,AA,CC,CC,GG,GG,AC,GG,TT,AC,AA,CC,GG,AT,CC,AA,AA,GG,TT,AT,AT,CC,GG,AA,CC,AT,TT,AA,GG,AA,TT,AA,TT,CC,CT,AC,CC,NN,CG,NN,CC,NN,AC,TT,TT,GG,GG,TT,AA,AA,AA,GG,CG,CG,GG,CC,GG,AA,AG,CG,TT,GG,CC,CC,AT,AG,CC,AA,CC,NN,AA,CC,CC,CC,TT,AA,GG,AT,NN,AA,AA,AG,AG,AA,AA,AT,GG,AC,AG,CC,AA,CT,AG,AA,GG,GG,GG,NN,AT,AA,TT,TT,TT,AG,TT,GG,GG,AA,5.09,Susceptible,Low,Premium,Late
L0972,Anantapur,Andhra Pradesh,Kharif,Red Sandy,Rainfed,390,31.0,52,CC,TT,AG,AA,GG,CC,GG,AA,CC,CG,AA,CC,CC,AT,TT,GG,GG,TT,AT,AA,CC,GT,TT,CC,TT,CC,TT,AT,GG,AA,TT,CC,AA,CC,GG,GG,GG,CG,GG,CC,TT,CT,AA,GT,AA,GG,TT,AT,CG,AA,GT,AT,AA,GG,CC,TT,AA,AA,GT,AC,GG,GG,AT,AG,TT,TT,CC,GG,TT,GG,AG,GT,CC,AA,AG,AA,AA,GG,TT,TT,GG,GG,GG,CC,AA,GG,AA,AA,CC,TT,CC,TT,CC,TT,TT,GG,TT,CC,TT,CC,CC,GG,GG,AA,TT,TT,CC,AA,AG,AA,CC,GG,TT,CC,TT,AA,AA,TT,CC,GG,CC,GG,CC,TT,TT,AA,CC,CC,CC,CG,AA,TT,CC,AA,CC,CT,AG,TT,AA,AA,GG,CC,CC,GG,AA,AA,AA,CC,GG,CC,CC,AA,AA,GG,TT,GG,AC,GT,TT,AG,AC,TT,GT,TT,CC,AA,GT,NN,AT,TT,NN,CC,AG,CC,CC,CC,CG,CC,AA,GG,AA,CC,TT,CC,GG,GT,CG,TT,AA,AA,TT,CC,GG,AA,AC,NN,GG,GG,CC,GG,TT,AA,AA,CC,GG,AT,AC,AA,AA,GG,TT,AT,AA,CG,TT,AA,CG,AT,GT,AA,GG,AA,CT,AA,TT,CC,CC,AA,CC,CT,GG,AG,CG,AG,CC,TT,TT,TT,GG,TT,AA,AC,AG,GG,CC,CC,GG,CC,GG,AT,AA,CG,TT,GG,CC,CG,NN,AG,CG,AT,CC,AA,AA,AC,CG,AC,TT,AA,GG,AA,AA,AC,AA,AG,AA,GG,AA,AT,GG,AA,AG,CC,AA,TT,AA,AA,CG,GG,GG,TT,AA,AA,TT,TT,TT,AG,AT,GG,CG,AA,2.05,Susceptible,Low,Standard,Late
L0973,Anantapur,Andhra Pradesh,Kharif,Red Sandy,Rainfed,390,31.0,52,AA,TT,GG,GG,GG,CC,GT,AA,CC,GG,AA,CT,NN,AA,TT,GG,CG,TT,AT,AA,CG,GT,GT,CC,TT,CT,TT,TT,GG,AA,TT,CT,AA,CC,GG,GG,GG,CC,GG,CC,TT,TT,AA,TT,AG,AG,TT,TT,CC,CC,GG,AA,AG,GG,CC,TT,AT,AA,TT,AC,GG,TT,AT,AG,TT,TT,CT,GG,TT,GG,AG,GG,CC,AA,GG,AA,AA,GG,TT,TT,GG,GG,GT,CC,AA,GG,AG,AA,CC,GT,CC,TT,TT,TT,GT,GG,TT,AC,TT,CT,CC,CC,AG,AA,TT,TT,CG,AA,AG,AA,CC,GG,TT,CC,TT,AA,AA,TT,CC,GG,CC,GG,NN,GT,TT,AA,NN,CC,CC,CC,AA,GT,CC,AA,CC,CC,AA,AT,AA,AA,GG,CC,CC,GG,AA,GG,AA,CC,GG,CC,CC,AA,AA,GG,GT,GG,AA,TT,TT,GG,CC,TT,GT,TT,CC,AA,TT,CT,AA,TT,GG,CC,AA,CT,CC,CC,CG,CC,AA,GG,AG,CC,TT,CC,GT,TT,GG,AT,AA,AA,TT,CC,CG,AA,AC,CC,GG,GG,AC,GG,TT,NN,AA,CC,GG,AA,CC,AA,AT,GT,TT,AT,AA,GG,GG,AA,CC,AT,TT,AA,GG,AA,TT,AC,TT,CG,TT,AA,CC,TT,GG,AA,CG,AG,CC,AT,CC,GG,GG,TT,AA,AA,NN,GG,CC,CG,GG,CC,GG,TT,AA,CC,TT,GG,CC,CC,AA,GG,CC,AT,CC,AA,AA,CC,CG,CC,TT,AG,GG,AA,AA,CC,AA,AG,AA,AA,AA,AT,GG,AC,AA,AC,AA,CT,AA,AG,GG,AG,GG,TT,AT,AA,TT,TT,AT,AG,AT,GG,GG,AA,4.45,Susceptible,High,Premium,Late
L0974,Anantapur,Andhra Pradesh,Kharif,Red Sandy,Rainfed,390,31.0,52,AC,TT,AG,AG,GG,CC,GG,AT,CC,CG,AA,CC,CC,TT,TT,GG,NN,TT,TT,AA,CC,GT,GT,CT,TT,CC,TT,TT,GG,AA,TT,CT,AA,CC,GG,CG,GG,CC,GG,AC,NN,NN,CC,TT,AA,AG,TT,AT,CC,AA,GG,AT,AA,GG,CC,TT,AA,AA,TT,AA,AG,TT,AT,AA,TT,TT,NN,GG,TT,GG,AA,GG,CC,AA,GG,CC,AA,GG,TT,TT,GG,GG,GG,CC,AT,GG,AG,AT,CC,TT,AC,TT,CC,TT,GT,GG,CT,AC,TT,CC,CC,CG,AG,AA,TT,TT,CG,AA,AA,AA,CC,GG,TT,GG,TT,AA,AA,TT,CC,GG,CC,GG,CT,GT,NN,NN,CT,CC,CC,CC,AA,TT,CC,AA,CC,CC,AA,TT,AA,AA,GG,CC,CC,GG,AA,AA,AA,AC,GT,CC,CC,AA,AA,AG,TT,GG,AC,TT,CC,GG,AC,GT,TT,TT,CC,AA,GT,CT,AA,TT,CG,CC,AA,TT,CC,CC,CG,CC,AA,GG,AA,CC,TT,CG,GG,TT,GG,TT,AA,AA,TT,CC,CG,AA,CC,CC,GG,GG,AC,GG,TT,AA,AA,CC,GG,AA,CC,AA,AT,GT,GT,AT,AA,GG,GG,AT,CG,TT,GT,AA,GG,AA,TT,AA,TT,CC,TT,AA,AC,CT,CG,AG,GG,AA,CC,TT,TT,GT,GG,TT,AA,AA,AG,GG,CC,CG,GG,CC,GG,TT,AA,CC,TT,GG,CC,CG,AA,GG,CC,AA,CG,AA,AA,AC,CC,AA,TT,AA,GG,AA,AA,AA,AA,AG,AA,AA,AA,AT,GG,AC,AA,CC,AC,TT,AA,AG,CC,GG,GG,TT,AA,AG,TT,TT,TT,AG,TT,GG,GG,AA,0.95,Moderate,High,Poor,Early
L0975,Anantapur,Andhra Pradesh,Kharif,Red Sandy,Rainfed,390,31.0,52,AC,TT,GG,AG,CG,CC,GT,AT,CC,CG,AT,CT,CC,TT,TT,GG,GG,TT,TT,AA,CC,TT,TT,CC,TT,CC,TT,AT,GG,NN,TT,CC,AA,CC,GG,GG,GG,CG,GG,CC,TT,CT,AA,TT,AA,AG,CT,TT,CC,AC,GG,AA,AA,GG,CT,TT,AA,AC,TT,AC,AA,TT,AA,AA,CT,TT,CC,GT,TT,GT,AA,GG,CC,AA,AG,CC,AT,GG,TT,TT,AG,TT,GG,CC,AA,GG,AA,AA,CC,GT,CC,TT,CC,AA,TT,GG,TT,CC,GG,CC,CC,CG,AG,AA,TT,TT,CC,AA,AA,AA,CC,GG,TT,CC,TT,AA,CC,TT,CG,GG,CC,GG,CC,GG,TT,AA,CC,CC,AC,CC,NN,TT,CC,AA,CC,CC,AA,TT,AA,AT,CG,CC,CC,GG,AA,AA,AA,AC,GG,CC,CC,AG,AA,GG,TT,AG,AA,TT,CT,GG,CC,GT,GT,TT,CC,TT,TT,TT,AA,TT,GG,CC,AA,CC,CC,CC,GG,CC,AA,GG,AA,CC,TT,CC,GG,TT,CC,AT,AA,AA,GT,CC,CC,AA,AC,CC,GG,GG,AC,GG,TT,AC,AA,CC,GT,AT,AA,AA,AA,GG,GT,TT,AA,CC,GG,AA,CC,AT,GG,AA,GG,AA,TT,AC,TT,CC,TT,AA,CC,TT,GG,AG,CC,AG,AC,TT,CT,TT,GG,TT,AA,AC,AA,GG,CC,CC,GG,CC,GG,TT,AA,CG,GT,GG,CC,CC,AT,AG,CC,AA,CC,AA,AA,CC,CC,CC,TT,AA,GG,AT,AA,AA,AA,GG,AA,AG,AA,AT,GG,AC,AG,CC,AC,TT,AA,AA,GG,GG,NN,GT,AT,AA,TT,TT,TT,GG,TT,GG,GG,AA,2.46,Moderate,Low,Premium,Early
L0976,Anantapur,Andhra Pradesh,Kharif,Red Sandy,Rainfed,390,31.0,52,AC,TT,GG,AG,GG,CG,GG,TT,CC,CG,AA,CT,CC,AT,GT,GG,CC,TT,TT,AA,CC,TT,GT,CC,TT,CC,TT,TT,GT,AA,TT,CC,AA,CC,GG,GG,GG,CC,GG,CC,TT,CT,AA,GT,AA,GG,CT,AA,CG,CC,GT,AT,AA,GG,CC,GT,AA,AC,GT,AA,AA,TT,TT,AA,TT,AA,CC,GG,TT,GG,AG,GG,CC,AA,GG,CC,AT,GG,TT,TT,GG,GG,GG,NN,AA,GG,AG,AA,CC,TT,AC,TT,CC,AT,TT,GG,TT,CC,TT,CC,CC,CC,AG,AA,AT,TT,CC,AA,AA,AA,CT,GG,TT,CC,TT,AA,AA,TT,CC,GG,CG,GG,CC,GG,TT,AA,CC,CC,CC,CC,AA,TT,CC,AA,CC,CT,AA,TT,AA,AA,CG,CT,CC,GG,AG,AG,AA,CC,GG,CC,CG,AA,AA,AG,GT,AG,AA,NN,TT,AG,AC,GT,TT,TT,GG,AA,TT,TT,AT,TT,GG,CC,AA,CT,CC,CC,CG,CC,AA,GG,AG,CC,TT,CC,GG,TT,CG,AT,AA,AA,TT,CC,CG,AA,CC,CC,GG,GG,AA,GG,TT,CC,AA,CC,GG,AA,AC,AT,AA,GT,TT,TT,AT,GG,GT,AA,CG,TT,TT,AA,AG,AA,CC,AA,TT,CC,TT,AC,CC,TT,CG,GG,CC,AA,CC,TT,TT,GT,GG,TT,AA,CC,AG,GG,CC,CG,GG,CC,GG,AT,AA,CC,GT,GG,CC,CG,AT,AA,CG,AA,CC,AA,AA,AC,CC,CC,TT,AA,GG,AA,AA,AA,AA,GG,AG,AA,AA,TT,GG,AA,AA,CC,AA,CC,AG,AG,GG,GG,CG,TT,AA,AA,GT,TT,AT,AG,AT,GG,GG,AA,2.75,Susceptible,High,Poor,Late
L0977,Anantapur,Andhra Pradesh,Kharif,Red Sandy,Rainfed,390,31.0,52,AC,TT,GG,GG,GG,CC,GG,AA,CC,CG,AT,CT,NN,TT,GT,GG,CG,TT,TT,AA,CC,TT,GT,CT,TT,CC,TT,TT,GG,AA,TT,CT,AA,CC,GG,GG,GT,CG,GG,CC,TT,TT,AA,TT,AA,AG,TT,TT,CC,AC,GG,AA,AG,NN,CT,NN,AA,AC,GG,CC,AA,TT,AT,AA,TT,TT,CC,GG,TT,TT,AG,GG,AC,AA,GG,AC,NN,GG,TT,CT,GG,GG,GG,CC,AT,GG,AA,AT,CC,TT,CC,TT,CC,TT,GT,GG,TT,CC,GT,CC,CT,CG,AG,AA,TT,TT,CG,AA,AA,AA,CC,GG,TT,CG,TT,AA,AA,TT,CC,AG,CC,GG,CT,TT,TT,AA,CC,NN,CC,CC,AA,TT,CC,AA,CC,CC,AA,TT,AA,AA,GG,CC,CC,GG,AA,AG,AA,CC,GG,CC,CC,AA,AA,AA,GT,GG,AC,TT,CT,GG,CC,TT,TT,TT,CC,AA,GT,CT,TT,TT,CG,CC,AG,CT,CC,CC,CC,CC,AA,GG,AG,AC,TT,CC,GT,GT,GG,TT,AA,AG,TT,CC,GG,AC,CC,CC,GG,GG,CC,CG,TT,AC,AA,CC,GG,AA,CC,AA,AT,GG,TT,AT,AT,GG,GG,AT,CG,TT,GT,AA,GG,AA,CT,AA,TT,CG,TT,AA,CC,CT,CC,AG,CC,GG,CC,TT,CT,GT,GG,TT,AC,CC,AA,GG,CG,CC,GG,CC,GG,AT,AA,CC,GT,GG,CC,CG,NN,GG,CC,AT,CG,AA,AA,AA,CC,AC,TT,AA,GG,AA,AC,AC,AA,GG,AA,AA,AA,TT,CG,AC,AA,CC,AA,CT,AA,AA,GG,AG,GG,TT,AT,AA,TT,TT,TT,GG,AA,GG,GG,AA,3.41,Resistant,Medium,Premium,Medium
L0978,Anantapur,Andhra Pradesh,Kharif,Red Sandy,Rainfed,390,31.0,52,AA,TT,GG,AA,GG,CG,TT,AT,CC,CG,AA,CC,CC,AT,TT,GG,GG,TT,AT,AA,CC,GT,GT,CC,AT,CC,TT,AT,GG,AA,TT,CC,AA,CC,GG,GG,GG,CC,GG,CC,TT,CC,AA,TT,AG,GG,TT,TT,CG,AC,GG,AA,AA,GG,CC,TT,AA,AA,GT,AC,AA,GT,TT,AG,TT,TT,CC,GG,NN,GT,AA,GG,CC,AA,AG,CC,AA,GG,TT,TT,GG,GG,NN,AC,AA,AG,AA,AA,CG,NN,CC,TT,CC,TT,TT,GG,TT,AC,TT,CC,CC,CG,GG,AA,TT,TT,CC,AA,AA,AA,CC,GG,TT,CC,NN,AA,AA,TT,CC,AA,CG,GG,CC,GG,TT,AA,TT,CC,CC,CC,AA,TT,AC,AA,CC,CT,AA,TT,AA,AT,GG,CC,CC,GG,AA,GG,AT,CC,GG,CC,CC,AA,AA,GG,GT,GG,AA,GT,CT,GG,AC,NN,GT,TT,CC,AA,GT,TT,AA,TT,GG,CC,AA,TT,CC,CC,GG,CC,AA,GG,AA,CC,TT,CC,GT,GT,GG,AA,AA,AA,TT,CC,CG,AA,CC,CC,GG,GG,AA,CG,TT,AA,AA,CC,GG,AA,AC,AA,AT,GT,TT,AT,AA,GG,GG,AA,CC,AT,GT,AA,GG,AA,CT,AA,TT,CC,CT,AA,CC,TT,CG,AA,CC,AG,CC,AT,CT,GT,GG,TT,AC,AC,AA,GG,NN,CC,GG,CC,GG,AT,NN,CG,GT,GG,CC,CC,AA,GG,CG,AA,CC,AA,AA,AA,CC,AC,TT,AG,CG,AA,AA,AA,AA,AG,AA,AA,AA,AT,CG,AC,AA,NN,AA,NN,AA,AA,GG,AG,GG,TT,AT,AA,GT,TT,TT,AG,AT,GG,GG,AA,1.12,Susceptible,High,Premium,Early
L0979,Anantapur,Andhra Pradesh,Kharif,Red Sandy,Rainfed,390,31.0,52,AC,TT,GG,AG,GG,CC,GG,TT,CC,CG,AA,CC,CC,TT,TT,GG,CG,TT,TT,AA,CC,GG,GG,CT,TT,CC,GT,TT,GG,AA,TT,CT,AA,CC,AG,CG,GG,CC,GG,CC,TT,TT,AA,TT,NN,AA,CT,AT,CC,CC,GG,AA,AA,GG,CC,TT,AT,AC,GG,AC,AA,TT,TT,AG,TT,TT,CC,GG,TT,GG,AA,GG,AC,AA,GG,AC,AA,GG,TT,TT,GG,GG,GG,CC,AA,GG,AA,AA,CC,TT,CC,TT,CC,TT,GT,GG,TT,CC,TT,CC,CT,CG,AG,AA,TT,TT,CC,AA,AG,AA,CT,NN,TT,CC,TT,AA,AA,TT,CG,GG,NN,GG,CT,GT,TT,AA,CC,CC,AA,CC,AA,TT,CC,AA,CC,CC,AA,AT,AA,AA,CG,CT,CC,GG,AA,AG,AA,AC,GG,CC,CG,AA,AA,GG,TT,GG,AA,TT,CT,GG,CC,TT,TT,TT,CC,TT,TT,TT,AA,TT,CG,CC,AA,CT,CC,CC,CC,CC,AA,GG,GG,AC,TT,CC,GT,TT,GG,TT,AA,AG,TT,CC,GG,AA,AC,CC,GG,GG,AA,GG,TT,AC,AA,CG,GT,AT,CC,AA,AA,GG,TT,AT,AA,GG,NN,AA,CC,AT,TT,AA,AG,AA,TT,AA,TT,CG,TT,AC,CC,CT,GG,AG,CC,GG,CC,TT,TT,TT,GG,TT,AC,AC,AA,GG,CC,CG,GG,CC,GG,TT,AA,CC,GG,GG,CC,CC,AA,GG,CC,AA,CG,AA,AA,AC,CG,AC,TT,AA,GG,AA,AC,AA,AA,AG,GG,AA,AA,TT,GG,AA,AG,AA,NN,CC,AG,AG,GG,AG,GG,TT,AT,AG,TT,TT,TT,AA,AA,GG,GG,NN,2.08,Susceptible,High,Standard,Late
L0980,Anantapur,Andhra Pradesh,Kharif,Red Sandy,Rainfed,390,31.0,52,AC,CT,GG,AG,GG,CC,GG,TT,CC,CC,AA,CC,NN,TT,TT,GG,CC,TT,TT,AA,CC,TT,TT,CC,TT,CC,TT,TT,GG,AA,TT,CC,AA,CC,GG,GG,GG,CG,GG,CC,TT,TT,AC,TT,AG,GG,TT,AT,CC,AC,GT,AA,AA,GG,CT,GT,AT,NN,TT,AA,AA,TT,TT,AA,TT,TT,CC,GG,TT,GG,GG,GG,CC,AA,GG,AC,AA,GG,TT,TT,AG,GG,GG,CC,AA,GG,AA,AA,CC,GG,CC,TT,CT,TT,TT,GG,CT,CC,GT,CC,CT,CG,AG,AA,TT,TT,CC,AA,AG,AA,CT,GG,TT,CC,TT,AA,AA,AT,CC,GG,CC,GG,CC,GG,TT,AG,CC,CC,CC,CC,AA,TT,CC,AA,CC,CC,AA,TT,AA,AA,GG,CT,CC,GG,AA,AG,AA,CC,GT,CC,CC,AA,AA,GG,GT,GG,AA,TT,TT,AG,CC,GT,TT,CT,CC,AT,TT,TT,AA,NN,CG,CC,AG,CC,CC,CC,CG,CC,AA,GG,GG,AC,TT,CC,TT,TT,GG,TT,AA,AA,TT,CC,GG,AA,AC,CC,CG,GG,CC,CG,TT,AA,AA,CC,GG,AA,AC,AA,AA,GG,TT,AT,AA,GG,GT,AA,CG,TT,GG,AT,AG,AA,CT,AA,TT,CC,TT,AA,CC,TT,CG,AA,CC,AA,CC,AT,CT,TT,GG,TT,AA,AC,AA,GG,CC,CG,GG,CC,GG,TT,AA,CC,GT,GG,CC,CG,AA,AG,CC,AA,CC,AA,AA,CC,GG,CC,TT,AA,CG,AA,AA,AA,AA,AA,AG,AA,AA,TT,GG,AA,AG,CC,AC,TT,AA,AA,GG,AG,GG,TT,AA,AG,GT,TT,TT,AA,NN,GG,CG,AA,3.73,Moderate,Low,Standard,Early
L0981,Anantapur,Andhra Pradesh,Kharif,Red Sandy,Rainfed,390,31.0,52,AC,CT,GG,GG,GG,CC,GT,TT,CC,CC,AA,TT,CC,TT,GT,GG,NN,TT,TT,AG,CC,GT,TT,CC,TT,CC,GT,TT,GG,AA,TT,CC,AA,CC,GG,CG,GG,CC,GG,CC,TT,TT,AA,TT,AA,AG,TT,TT,CC,AA,GT,AA,AG,GG,CC,TT,AA,AA,GT,AA,AA,TT,AT,AA,TT,AT,CC,GG,TT,GG,AA,GG,CC,AA,GG,AC,AA,GG,TT,TT,GG,GG,GT,CC,AA,AG,AA,AA,CC,TT,CC,TT,CC,TT,GT,AA,TT,CC,GT,CC,CC,CC,AG,AA,TT,TT,CC,AA,AG,AA,CC,GG,TT,CC,TT,AA,AA,TT,CC,AG,CC,GG,CC,TT,TT,AA,CC,CG,CC,CC,AG,GT,AC,AA,CC,CC,AA,TT,AA,AA,GG,CT,CC,GG,AA,AA,AA,CC,GT,CC,CC,AA,AA,GG,TT,GG,AC,GT,CT,GG,AC,TT,GT,TT,CG,AT,TT,TT,AT,TT,GG,CC,AA,CC,CC,CC,CG,CC,AA,GG,AA,CC,TT,CC,GT,TT,CG,TT,AA,AA,TT,CC,GG,AA,CC,CC,CG,GG,AA,GG,TT,AA,AA,CC,GG,AA,CC,AT,AA,GG,TT,TT,AT,CG,GT,AA,NN,TT,TT,AA,GG,AA,CT,AA,TT,CC,TT,AA,CC,TT,CG,AA,CG,AG,CC,TT,TT,GT,CG,TT,AA,AC,AA,GG,CC,GG,GG,CC,GG,TT,AA,CC,TT,GG,CG,CG,AA,GG,CG,AT,CC,AA,AA,CC,CG,AC,TT,AA,GG,AA,AC,AA,AA,GG,AG,AA,AA,TT,GG,AC,GG,CC,AA,TT,AA,AA,GG,GG,GG,GT,AA,AA,GT,AT,TT,AA,TT,GG,CG,AA,1.63,Susceptible,Low,Poor,Late
L0982,Anantapur,Andhra Pradesh,Kharif,Red Sandy,Rainfed,390,31.0,52,AC,TT,GG,AA,GG,CC,GT,TT,CC,CC,AA,CC,CG,AT,GT,GT,CG,TT,TT,AG,CC,GT,TT,CT,TT,CC,GT,TT,GT,AA,TT,CT,AG,CC,GG,GG,GG,CC,GG,AC,TT,CC,AA,TT,AG,AG,CT,TT,CC,AC,GG,AA,AA,GG,CC,TT,AA,AA,GG,AC,AA,GT,AT,AG,CT,AT,CC,GG,TT,GG,AA,GG,CC,AA,GG,AC,AA,AG,TT,TT,GG,GG,GG,CC,AA,GG,AG,AA,CC,GT,CC,TT,CC,TT,GT,GG,TT,NN,TT,CC,CC,CG,AG,AA,TT,TT,CC,AA,AG,AC,CT,GG,TT,CG,TT,AC,AA,TT,CC,AG,CC,AG,CC,TT,CC,AA,CC,CC,CC,CC,AA,TT,CC,AC,CC,CC,AA,TT,AA,AA,CG,CC,CC,AG,AA,AA,AA,CC,GG,CC,CC,AA,AG,AG,TT,AG,AC,GT,TT,GG,AC,TT,TT,TT,CC,AA,TT,TT,AA,AT,CG,CC,AG,CC,CC,CC,GG,AC,AA,GG,AA,CC,NN,CG,GG,GT,CG,TT,AG,AA,TT,AC,GG,AA,AC,CC,GG,GG,AA,GG,TT,AC,AA,CC,GG,AA,AC,AT,AT,GG,TT,AA,AA,CC,GT,AT,CC,AT,TT,AA,GG,AA,CT,AA,TT,CG,TT,AC,CC,TT,GG,AA,CC,AG,CC,TT,TT,GG,GG,TT,AA,CC,AG,GG,CC,CC,GG,CC,GG,AA,AA,CC,TT,GG,CG,CC,AA,GG,CC,AT,CC,AA,AA,CC,CC,AC,TT,AA,GG,AA,AC,CC,AC,AG,AG,AA,AA,AT,CG,AA,AG,AC,AA,CT,AA,AA,CG,GG,NN,TT,AA,AA,TT,TT,NN,AG,TT,GG,GG,AA,3.28,Susceptible,Low,Poor,Late
L0983,Anantapur,Andhra Pradesh,Kharif,Red Sandy,Rainfed,390,31.0,52,AC,TT,GG,AG,CG,CG,GT,AT,CC,GG,AA,CC,CG,TT,TT,GG,GG,TT,TT,AA,CC,TT,GT,CC,TT,CT,TT,TT,GT,AA,TT,CC,AA,CC,GG,GG,GG,GG,GG,CC,TT,NN,NN,TT,AG,GG,TT,TT,CC,AC,GG,AA,AA,CG,CC,TT,AA,AC,GT,AA,AA,TT,AT,AA,TT,TT,CC,GG,TT,TT,AG,GG,CC,NN,AG,AA,AT,GG,TT,TT,GG,GT,GG,CC,AT,GG,AA,AA,CC,GT,AC,TT,CC,TT,TT,GG,CT,CC,TT,CC,CC,CC,AA,AA,TT,TT,CC,AA,AA,AA,NN,GG,TT,CC,TT,AA,AA,TT,CC,GG,CC,GG,CC,GG,CT,AG,CT,CC,CC,CC,AA,TT,CC,AA,CC,CT,AA,TT,AA,AA,CG,CT,CG,GG,AG,AG,AA,AC,GG,CC,CC,AA,AA,GG,GT,NN,AC,TT,TT,GG,CC,GT,TT,CT,CC,AT,GG,TT,AA,TT,GG,CC,AG,CC,CC,CC,CG,CC,AA,GG,AA,CC,TT,NN,TT,GG,GG,TT,AA,AA,TT,CC,GG,AC,CC,CG,GG,GG,AC,GG,TT,AA,AA,CC,GG,AA,CC,AA,TT,GG,TT,TT,AT,GG,GG,AA,CC,TT,TT,AA,GG,AA,TT,AA,TT,CC,TT,AC,CC,CT,CC,AG,CG,AA,CC,TT,TT,GT,GG,TT,AC,CC,AG,GG,CC,CC,GG,CC,GG,AA,AA,CC,TT,GG,CC,CC,AT,GG,CC,AA,CC,AA,AA,CC,CG,CC,TT,AA,NN,AA,AA,AA,AA,AG,AG,AA,AG,TT,GG,AA,AA,CC,AC,CT,AA,AA,CG,GG,CC,TT,AA,AG,TT,TT,TT,AA,TT,GG,GG,AA,1.97,Susceptible,Low,Premium,Medium
L0984,Anantapur,Andhra Pradesh,Kharif,Red Sandy,Rainfed,390,31.0,52,AC,TT,GG,AG,GG,CG,GT,TT,NN,CG,AA,CC,CC,AT,GT,GG,CG,TT,TT,AA,CC,TT,TT,CC,TT,CC,TT,TT,GG,AA,TT,CT,AA,CC,GG,GG,GG,CC,GG,CC,TT,CT,AA,NN,AA,AG,TT,TT,CC,AA,GG,NN,AG,GG,CC,TT,AA,AC,GG,AC,AA,TT,AT,AA,TT,TT,CC,NN,TT,TT,AA,GG,CC,AA,GG,AA,AT,AG,TT,TT,GG,GT,GG,CC,AA,GG,AA,AA,CC,TT,CC,TT,CT,AT,TT,GG,CT,CC,GT,CC,CC,CG,AA,AA,AT,TT,CC,NN,AA,AA,CT,GG,TT,CG,GT,AA,AA,TT,CC,AA,CC,GG,CC,GG,TT,AA,CC,CC,CC,CC,AA,TT,CC,AC,CC,CC,AG,TT,AA,AA,GG,CC,CC,GG,AA,GG,AA,AC,GG,CC,CC,AA,GG,GG,TT,GG,AA,TT,CT,GG,AC,GT,NN,TT,CC,AT,GT,TT,AT,AT,GG,CC,AA,CC,CC,AC,GG,CC,AT,GG,GG,CC,TT,CG,GG,TT,GG,AA,AA,AA,TT,CC,CG,AA,AC,CC,GG,GG,AC,GG,TT,AA,AA,CC,GT,AT,AC,AA,AA,TT,TT,AA,NN,GG,GT,AT,CG,TT,TT,AA,GG,AA,CT,AA,TT,CG,TT,AA,CC,CT,GG,GG,CC,AG,CC,TT,TT,TT,GG,TT,AC,AC,AA,GG,CC,CG,GG,CC,GG,AA,AA,CG,TT,GG,CC,CC,AT,AG,CC,AA,CC,AA,AA,AC,CC,AC,TT,AA,GG,AA,AC,AC,AA,GG,GG,AA,AA,TT,GG,AA,AG,CC,AC,TT,AA,AA,GG,GG,GG,TT,AA,AA,TT,TT,TT,NN,TT,GG,GG,AA,2.91,Susceptible,Low,Poor,Medium
L0985,Anantapur,Andhra Pradesh,Kharif,Red Sandy,Rainfed,390,31.0,52,AA,TT,AG,AA,GG,CG,GT,TT,CC,CC,AA,CC,CG,AT,TT,GG,CG,TT,TT,AA,CC,TT,GG,CC,NN,CC,TT,TT,GG,AA,TT,CC,AA,CC,GG,GG,GG,CG,GG,CC,TT,CT,AA,TT,AA,GG,CT,TT,CC,AA,GG,AT,AG,GG,CT,TT,AA,CC,GT,AA,AA,TT,TT,AA,CC,AT,CC,GG,TT,GG,AA,GG,NN,AA,GG,CC,AT,GG,TT,TT,GG,GG,TT,CC,NN,GG,AA,AA,CC,GT,CC,TT,CT,TT,GT,GG,CT,CC,TT,CC,CC,CG,AA,AA,TT,TT,CC,AA,AG,AC,CT,GG,TT,CG,TT,CC,AA,TT,CC,NN,CC,GG,CT,GG,CT,AA,CT,CC,AC,CC,AA,GT,CC,AA,CC,TT,AG,TT,AA,AT,CG,CC,CC,GG,AA,GG,AA,CC,GG,CC,CC,AA,GG,GG,TT,AG,AC,TT,CT,GG,CC,TT,TT,TT,CC,AA,TT,TT,AT,TT,GG,CC,AG,TT,AC,CC,GG,CC,AA,GG,AA,CC,TT,CC,GG,GT,GG,TT,AA,AG,TT,CC,GG,AC,CC,CC,GG,GG,AA,CG,TT,AC,AA,CC,GG,AT,CC,AA,AA,GG,TT,AT,AA,GG,TT,AT,CC,TT,GT,AA,GG,AA,TT,AA,TT,CC,TT,AC,CC,CT,GG,AG,CG,AA,CC,TT,CT,TT,GG,TT,AA,CC,AA,GG,CC,CC,GG,CC,GG,TT,AA,CC,TT,GG,CC,CC,AA,AA,CC,AT,CC,AA,AA,AC,CG,CC,TT,AA,GG,AA,AA,AA,AA,AG,AG,AG,AA,TT,GG,AC,AG,AA,AA,TT,AA,AA,GG,NN,GG,TT,AA,AA,TT,TT,TT,AG,TT,GG,CG,AA,1.94,Moderate,High,Premium,Medium
L0986,Anantapur,Andhra Pradesh,Kharif,Red Sandy,Rainfed,390,31.0,52,AC,TT,AG,GG,GG,GG,GG,TT,CC,CG,AT,CC,CG,AT,TT,GT,CC,TT,TT,AA,CC,GT,NN,CC,AT,CC,GT,TT,NN,AC,TT,CT,AA,CC,AG,GG,GG,GG,GG,CC,TT,TT,AA,TT,AA,GG,TT,TT,CC,AA,GT,AA,AG,GG,CT,TT,AA,AA,GG,AC,AG,TT,TT,AA,TT,TT,CC,GG,TT,GG,AG,GG,AC,AA,AG,AC,AT,GG,TT,TT,NN,GT,GT,CC,AA,GG,AA,AA,CG,GT,AC,TT,CT,AT,TT,GG,TT,CC,GG,CC,CC,CG,AG,AG,TT,TT,CC,AA,AA,AC,CC,GG,TT,CC,TT,AA,AA,NN,CC,AG,CC,GG,CC,GT,TT,AA,CC,CC,CC,CC,AG,GT,CC,AA,CC,CC,AA,TT,AG,AA,CG,CC,CC,GG,AA,AG,AT,CC,GT,CC,CC,AA,AG,GG,TT,GG,AA,TT,TT,GG,CC,TT,TT,TT,CC,TT,TT,CT,AT,TT,CG,CC,AA,CT,CC,CC,CG,CC,AA,GG,AG,CC,TT,CG,GG,GT,GG,TT,AA,AG,TT,CC,GG,AA,AC,CC,GG,GG,AC,GG,TT,AA,AA,CC,GG,AA,AC,AA,AT,GG,TT,TT,AA,GG,GT,AT,CG,AT,TT,AA,GG,AA,TT,AA,TT,CC,TT,AC,CC,TT,CG,AG,CG,AA,CC,TT,CT,GT,GG,TT,AA,CC,NN,GG,CC,CG,GG,CC,GG,AT,AA,CC,TT,GG,CC,CC,AA,GG,CC,AA,CG,AA,AA,AA,CG,CC,TT,AA,GG,AA,AA,AA,AA,AG,GG,AG,AA,TT,GG,AC,AG,AC,AC,TT,AA,AA,GG,GG,GG,TT,AT,AG,TT,TT,TT,NN,TT,GG,GG,AC,2.5,Resistant,High,Premium,Late
L0987,Anantapur,Andhra Pradesh,Kharif,Red Sandy,Rainfed,390,31.0,52,AC,TT,GG,AA,CG,CC,GG,TT,CC,CG,AA,CC,CG,TT,TT,GG,CG,TT,TT,AG,CC,TT,GT,CC,TT,CC,TT,TT,GG,AA,CT,CC,AA,CC,GG,CG,GG,CC,GG,AC,TT,TT,AA,TT,AA,GG,TT,TT,CC,CC,GT,AA,AA,GG,CC,GT,AA,AA,TT,AA,AA,TT,TT,AA,CT,TT,CC,GG,TT,GG,AA,GG,CC,AA,GG,AA,AA,GG,TT,TT,GG,GG,GG,CC,AA,GG,AA,AA,CC,TT,CC,TT,CC,TT,GT,GG,TT,AC,GT,CC,CT,CG,GG,AA,AT,TT,CG,AA,AA,AA,CT,GG,TT,CC,TT,AA,AA,TT,CC,GG,CC,GG,CC,GT,TT,AA,CC,CC,CC,CC,AG,TT,AC,AA,CC,CC,AA,TT,AA,AT,CG,CC,CC,GG,NN,GG,AA,CC,GG,CC,CC,AA,AA,GG,TT,GG,AC,TT,CT,GG,CC,TT,TT,TT,CC,AT,GT,TT,AA,AT,GG,CC,AA,CT,CC,CC,CG,AC,AA,GG,GG,CC,TT,CG,GT,TT,GG,AA,NN,AA,TT,CC,GG,AA,AC,CC,CG,AG,AC,GG,TT,AA,AA,CC,GG,AA,CC,AA,AA,GG,TT,TT,AT,GG,GT,AT,CC,TT,GT,AA,GG,AA,TT,AA,TT,CC,TT,AA,CC,CT,GG,GG,CC,AG,CC,TT,CC,TT,GG,TT,AA,AA,AA,GG,CC,CC,GG,CC,GG,TT,AG,CC,TT,GG,CC,CC,AA,NN,CC,AT,CG,AA,AG,CC,CG,AC,TT,AG,GG,AA,AA,AC,NN,GG,AA,GG,AA,TT,GG,AA,AA,CC,AA,TT,AA,AG,GG,GG,GG,GT,AT,AG,TT,TT,TT,AA,TT,CG,GG,AC,2.76,Resistant,Medium,Standard,Medium
L0988,Anantapur,Andhra Pradesh,Kharif,Red Sandy,Rainfed,390,31.0,52,AA,NN,AG,AA,GG,CC,GT,AT,CC,GG,AA,CC,GG,TT,TT,GG,GG,TT,TT,AA,CC,TT,GT,CC,TT,CC,TT,NN,GT,AA,TT,CC,AA,CC,GG,GG,GG,CG,GT,CC,TT,TT,AA,TT,AA,AA,TT,AT,CC,CC,GG,AA,AG,GG,CT,TT,AA,AA,GT,AC,AA,TT,TT,AA,TT,TT,CT,GG,NN,GG,AA,GG,CC,AA,GG,CC,TT,GG,GT,TT,GG,GG,GG,CC,AA,GG,AA,AT,CC,GT,CC,GT,CT,TT,TT,AA,TT,CC,TT,CC,CT,CC,AG,AA,TT,TT,CC,AG,AG,AA,CT,GG,TT,CC,TT,AC,AC,AT,CC,AG,CC,AG,CC,GG,TT,AA,CC,CC,CC,CC,AA,TT,NN,AA,CC,CC,AA,TT,AA,AA,GG,CT,CC,GG,AA,AG,AA,AC,GT,CC,CC,AA,AA,GG,GT,GG,NN,GT,TT,AG,NN,GT,GT,TT,CC,AA,TT,CT,AA,AT,CG,CC,AG,CC,CC,CC,GG,CC,AA,AG,AG,CC,TT,CC,GT,TT,GG,AT,AA,AA,NN,CC,CG,AC,CC,NN,GG,GG,NN,GG,TT,AA,AA,CC,GG,AA,CC,AA,AT,GT,GT,TT,TT,CG,GT,AA,NN,NN,TT,AA,GG,AA,CT,AA,TT,CC,TT,AA,CC,TT,GG,AA,NN,GG,AC,TT,CT,TT,GG,TT,AA,AC,AG,GG,CC,CC,GG,CC,GG,AT,AA,CC,TT,GG,CC,CC,AA,AG,CC,AA,CG,AA,AA,CC,CG,AC,TT,AA,GG,AA,AC,CC,AA,AG,AA,AG,AA,TT,GG,AA,AA,AA,AA,TT,AA,AA,GG,GG,GG,TT,AA,NN,GT,TT,TT,AG,AT,GG,GG,NN,2.37,Susceptible,Low,Poor,Early
L0989,Anantapur,Andhra Pradesh,Kharif,Red Sandy,Rainfed,390,31.0,52,AC,TT,AG,AG,GG,CC,GT,TT,CC,GG,AA,CT,CG,AT,TT,GT,GG,TT,TT,AG,CC,TT,GT,CC,TT,CC,TT,TT,GG,AA,TT,CC,AA,CC,GG,GG,GG,CG,GG,CC,TT,CC,AA,TT,AA,GG,TT,AT,CC,AC,GG,AA,AA,GG,CC,GT,AT,AC,GT,AC,AG,TT,TT,AG,TT,TT,CC,GT,TT,GG,AA,GT,CC,AA,AG,AC,AA,GG,TT,TT,GG,GG,GT,CC,AA,GG,AA,AA,CC,GG,AC,TT,CC,TT,GT,GG,CT,CC,TT,CC,CC,CC,AG,AA,TT,TT,CC,AA,AG,AA,CT,GG,TT,CC,TT,AC,AA,TT,CG,GG,CC,GG,CC,GT,TT,AA,CC,CC,AC,CC,AA,TT,CC,AA,CC,CC,AA,AT,AG,AA,GG,CT,CC,GG,AA,AA,AA,CC,GG,CC,CC,AG,AA,GG,TT,AG,AC,TT,CT,GG,AA,TT,TT,TT,CC,AA,GT,TT,AT,TT,GG,CC,GG,TT,AC,CC,CG,CC,AA,GG,AA,CC,TT,CC,GT,GT,CG,AA,AA,AG,TT,AA,GG,AA,CC,CG,GG,GG,AA,CG,TT,AC,AA,CC,GG,AA,CC,AA,AT,GG,TT,TT,AT,GG,TT,AA,CC,TT,NN,AA,GG,AA,TT,AA,TT,CC,TT,AC,CC,TT,GG,AA,CG,AG,CC,TT,TT,TT,GG,TT,AC,AA,AA,GG,CC,CC,CG,CC,GG,AT,AG,CG,NN,GG,CG,CC,AA,GG,CC,AT,CC,TT,AA,AC,CC,CC,AT,AA,GG,AA,AA,AA,AA,AG,AA,AA,AA,TT,GG,AA,AA,AC,AA,TT,AA,AA,CG,GG,GG,TT,AT,AA,GT,TT,TT,AA,TT,GG,CG,AA,5.14,Moderate,High,Poor,Medium
L0990,Anantapur,Andhra Pradesh,Kharif,Red Sandy,Rainfed,390,31.0,52,AA,TT,AA,AG,GG,CC,GG,TT,CC,CG,AA,CC,CC,TT,TT,GG,CG,TT,TT,AA,CC,GT,GT,CC,TT,CC,TT,TT,GG,AA,TT,CC,AA,CC,AG,GG,GG,GG,GG,CC,TT,CT,AA,TT,AA,GG,TT,TT,CC,CC,GG,AA,AA,GG,CC,TT,AA,NN,GG,AC,AA,GT,AA,AA,TT,AT,CC,GG,TT,GG,AA,GG,CC,AA,AG,AC,TT,GG,TT,TT,GG,GG,GG,CC,AT,GG,AA,TT,CC,TT,CC,TT,CT,AT,GT,GG,TT,CC,GT,CC,CC,CG,GG,AA,AT,TT,CC,AA,AA,AA,CC,GG,TT,CG,TT,AA,AC,TT,CC,AG,CC,GG,CC,GT,CC,AG,CC,CC,CC,CC,AA,TT,CC,AA,CC,CC,AA,TT,AA,AA,CG,CC,CC,AG,AA,AG,AA,CC,GG,CC,CC,AG,AG,GG,GT,GG,AC,GT,CT,GG,CC,TT,TT,TT,CC,AA,GT,TT,AT,AT,CG,CC,AG,CC,CC,CC,CG,CC,AA,GG,AG,CC,TT,CG,GG,TT,GG,TT,AG,GG,GT,CC,CG,AA,CC,CG,GG,GG,AA,CG,TT,NN,AA,CC,GG,AA,AC,AA,AT,GG,TT,TT,AT,CG,TT,AT,CC,TT,GT,AA,GG,AA,TT,AC,TT,CC,CT,AA,AA,CT,CG,AG,CC,AA,CC,TT,CT,GG,GG,TT,AC,AC,AG,GG,CC,CC,GG,CC,GG,AT,AA,CG,NN,GG,CG,CC,AA,GG,CC,AA,CC,AT,AA,CC,CC,CC,TT,AA,GG,AA,AA,AA,AA,AG,AA,AG,AA,TT,GG,AA,AA,NN,AA,TT,AG,AG,GG,GG,GG,TT,AA,AA,NN,TT,AT,AG,AT,GG,GG,AA,3.38,Susceptible,Low,Standard,Late
L0991,Anantapur,Andhra Pradesh,Kharif,Red Sandy,Rainfed,390,31.0,52,AC,TT,GG,NN,GG,CC,GG,TT,CC,CG,AA,CC,CG,TT,GT,GG,GG,TT,TT,AG,CG,TT,GT,CC,TT,CC,TT,TT,GG,AA,TT,CT,AA,CC,AG,GG,GG,CG,GG,CC,TT,CT,NN,TT,AA,AG,TT,AT,CC,AC,GT,AA,AA,GG,CC,GT,AA,AA,GT,AA,AA,TT,AA,AA,TT,TT,NN,GG,TT,GG,AA,GG,CC,AA,AG,CC,TT,GG,GT,TT,GG,GT,GG,NN,AT,GG,AA,AT,CC,TT,CC,TT,CC,AT,TT,GG,TT,CC,TT,CC,CC,CC,AG,AA,TT,GT,CG,AA,AA,AA,CC,GG,GT,CC,GT,AC,AA,TT,GG,GG,CC,GG,CC,GG,TT,AA,CC,CC,CC,CC,AA,TT,CC,AA,CC,CC,AA,TT,AA,AA,GG,CC,CG,GG,AA,AA,AT,NN,GT,CC,CC,AA,AA,GG,TT,AG,NN,GT,CT,GG,CC,GT,TT,TT,CG,AT,GT,TT,AA,NN,GG,CC,AA,TT,NN,CC,GG,CC,AA,AG,AG,CC,TT,CC,GT,GT,GG,TT,AA,AA,TT,AC,CC,AC,AC,CC,GG,GG,AA,GG,TT,AC,AA,CC,GG,AA,CC,AA,NN,GT,TT,TT,AT,CG,GG,AA,CC,TT,TT,AA,GG,AA,TT,AA,TT,CC,TT,AA,CC,TT,GG,AA,CG,GG,CC,TT,CT,TT,GG,TT,AA,AC,AG,GG,CC,CG,GG,CC,GG,TT,AA,CC,GG,GG,CC,CC,AA,GG,CG,AA,CC,AT,AA,CC,CG,CC,TT,AA,GG,AA,AA,AC,AA,AG,AA,AA,AA,TT,CG,AA,AG,AC,AC,CT,AA,AA,GG,GG,GG,GT,AA,NN,TT,TT,TT,AA,AT,GG,GG,AA,1.66,Susceptible,Low,Poor,Early
L0992,Anantapur,Andhra Pradesh,Kharif,Red Sandy,Rainfed,390,31.0,52,AA,TT,GG,AA,CG,CC,GT,AT,CC,NN,AA,CC,CC,AT,GT,GG,GG,TT,AT,AG,CC,GG,GT,CT,TT,CC,TT,TT,GG,AC,TT,CT,AA,CC,GG,GG,GG,CG,GG,CC,GT,CC,AA,GT,AA,GG,CT,TT,CC,AA,GG,AA,GG,GG,CT,TT,AA,AA,GT,AA,AG,TT,AT,AG,CT,TT,CC,GG,TT,GG,AG,GG,CC,AA,GG,AC,AA,GG,NN,TT,GG,GG,GG,CC,AA,NN,AA,AA,CC,GG,CC,TT,CC,TT,TT,GG,TT,CC,GT,CT,CC,CC,AG,AA,TT,TT,CG,AA,AG,AA,CC,GG,TT,CG,GG,AC,AC,TT,CC,AA,CC,GG,NN,GT,CT,AG,CC,CC,CC,CC,AA,TT,CC,AA,CC,CC,AA,TT,AA,AA,GG,CT,CC,GG,AA,AA,AA,CC,GG,CC,CC,AA,AA,GG,TT,GG,AA,GT,TT,GG,CC,TT,TT,TT,CC,AA,GT,TT,AT,TT,CG,CC,AA,CT,CC,CC,GG,CC,AA,GG,AG,CC,TT,CC,TT,GT,GG,TT,AA,AA,TT,CC,GG,AC,AC,CC,GG,GG,AA,GG,TT,AA,AA,CC,GG,AA,AC,AA,TT,GG,GT,TT,AA,GG,GT,AA,CC,TT,TT,AT,NN,AA,TT,AA,TT,CG,TT,AC,CC,CT,CC,AA,CC,AG,CC,TT,TT,TT,CG,TT,AC,AC,AG,GG,CC,CG,GG,CC,GG,AT,AA,CC,TT,GG,CC,CC,AT,GG,CC,AT,CC,AA,AA,CC,GG,CC,TT,AA,GG,AA,AA,AA,AC,AG,AG,AA,AA,AT,CG,AC,AA,AC,AC,TT,AG,AA,GG,GG,GG,TT,AA,AA,TT,TT,TT,AA,NN,GG,GG,AA,2.6,Resistant,Low,Premium,Early
L0993,Anantapur,Andhra Pradesh,Kharif,Red Sandy,Rainfed,390,31.0,52,AC,NN,GG,AA,CG,CC,GG,AT,CC,CC,AA,CC,CG,TT,TT,GG,CG,TT,TT,AG,CG,TT,TT,CT,AT,CC,GT,AT,GG,AA,CT,CT,AA,CC,GG,GG,GG,CC,GG,CC,TT,TT,AA,TT,AG,GG,TT,TT,CC,AA,GG,AA,AA,GG,CC,GT,AT,AC,GG,AA,AA,TT,TT,AA,CT,TT,CC,GG,CT,GG,AG,GG,CC,NN,GG,AA,AA,GG,TT,TT,GG,GG,GT,CC,AA,GG,AA,AA,CC,TT,CC,TT,CC,AT,TT,GG,TT,CC,TT,CC,CC,CC,AG,AA,AT,TT,CC,AA,AA,AC,CC,GG,TT,CC,GT,AA,AA,TT,CC,AG,CC,GG,CC,GG,TT,AA,CT,CC,AC,CC,AA,NN,CC,AA,CC,CC,AA,TT,AG,AA,GG,CT,CC,GG,AA,AA,AA,NN,GG,CC,CC,AA,AG,AG,GT,AG,AA,TT,CT,GG,AC,TT,TT,CT,CC,AT,TT,TT,AA,TT,GG,CC,AA,CC,CC,CC,GG,AC,AA,GG,GG,NN,TT,CG,GG,GT,GG,TT,AA,AG,TT,CC,GG,AA,AC,CC,GG,GG,AC,GG,TT,AA,AA,CC,GG,AA,AC,AT,AT,GT,GT,AT,AT,GG,TT,TT,CG,AT,GT,AA,GG,AA,TT,AA,TT,CC,TT,AC,CC,TT,GG,GG,CG,AG,CC,TT,TT,TT,GG,TT,AA,CC,AG,GG,CC,CC,GG,CC,GG,AT,AA,CG,TT,GG,GG,CG,AA,GG,CG,AA,CC,AA,AG,AC,CG,AC,TT,AA,GG,AA,AA,AA,AA,AG,AG,AA,AA,TT,CG,AC,AG,AC,AC,CC,AA,AA,GG,GG,CG,TT,AA,AA,TT,TT,TT,AG,AT,GG,CG,AA,2.94,Moderate,Low,Standard,Early
L0994,Anantapur,Andhra Pradesh,Kharif,Red Sandy,Rainfed,390,31.0,52,AA,TT,AG,AG,GG,CC,GG,TT,CC,CG,AA,CC,CG,TT,TT,GT,GG,TT,TT,AG,CC,GT,GG,CC,TT,CC,TT,TT,GG,AA,TT,CT,AA,CC,AG,GG,GG,CG,GG,CC,TT,TT,AA,TT,AA,GG,TT,TT,CC,AC,GG,AT,AA,GG,CT,TT,AA,AA,GG,AA,AG,TT,AT,AG,TT,TT,CC,GG,TT,GG,AG,GG,CC,AA,AG,AC,AA,GG,GT,TT,GG,GT,GT,AC,AT,GG,AA,AT,CC,TT,CC,TT,CT,TT,TT,GG,CT,AC,TT,CT,CT,CC,AG,AG,TT,TT,CC,AA,GG,AA,CT,GG,TT,CC,TT,AC,AA,TT,CC,AG,CC,GG,CC,GG,TT,AA,CC,CC,CC,CC,AA,TT,CC,AA,CC,CC,AA,TT,AA,AT,GG,CT,CC,GG,AA,AA,AA,CC,GG,CC,NN,AA,AA,GG,TT,GG,AA,GG,TT,GG,CC,GT,TT,TT,CC,TT,TT,TT,AA,TT,GG,CC,AA,CC,CC,CC,GG,CC,AA,GG,AG,CC,TT,CC,GT,TT,GG,TT,AA,AA,TT,CC,GG,AA,CC,CC,GG,AG,AA,GG,CT,AC,AA,CC,GG,AT,CC,AA,AT,GT,GT,AA,AT,GG,GG,AA,CG,AT,TT,AA,NN,AA,TT,AA,TT,CC,CT,AC,NN,TT,GG,AA,CC,AA,CC,TT,TT,TT,GG,TT,AA,CC,AG,GG,CC,CC,GG,CG,GT,AT,AA,CG,TT,GG,CC,CG,AT,GG,CC,AA,CC,AT,AA,AC,CC,AC,TT,AA,GG,AA,AA,AA,AA,GG,AG,AA,AA,TT,GG,AA,AA,AC,CC,CT,AA,AG,GG,GG,GG,TT,AT,AA,TT,TT,TT,AA,TT,GG,NN,AA,3.49,Susceptible,Low,Standard,Early
L0995,Anantapur,Andhra Pradesh,Kharif,Red Sandy,Rainfed,390,31.0,52,AC,TT,AG,GG,GG,CC,GT,TT,CG,CG,AA,CC,CG,AA,TT,GG,GG,TT,TT,AA,CC,TT,GT,CT,TT,CC,TT,TT,GT,AA,TT,CT,AA,CC,GG,CG,GG,CG,GG,CC,TT,TT,AA,TT,AG,GG,TT,AT,CG,AA,GG,AT,AA,GG,CT,TT,AA,AA,GT,AC,AA,TT,AA,AA,TT,AA,CC,GG,TT,GT,AA,GG,CC,AA,GG,AA,AT,GG,GT,TT,GG,GG,GT,CC,AA,GG,AG,AA,CC,TT,AC,TT,CC,AT,TT,GG,TT,CC,TT,CT,CT,GG,AA,AG,AT,TT,CC,AA,AA,AC,CT,GG,GT,CC,TT,AC,AA,TT,CC,GG,CG,AG,CC,GG,TT,AA,CT,CC,CC,CC,AA,TT,CC,AA,CC,CC,AA,TT,AA,AA,GG,CC,CC,AG,AA,AG,AA,CC,GG,CC,NN,AG,AG,GG,TT,GG,AC,TT,TT,AG,CC,GT,TT,TT,CC,AA,TT,TT,AA,AT,GG,CC,AA,CT,CC,AA,GG,CC,AA,GG,AA,CC,GT,CC,GG,TT,GG,TT,AA,AG,TT,CC,CG,AA,CC,CC,GG,GG,AA,GG,TT,AA,AA,CC,GG,AT,AC,AA,AA,GT,TT,TT,AA,CG,GT,AT,CC,NN,GG,AA,GG,AA,TT,AA,TT,CC,TT,AC,CC,CC,GG,AG,CC,AG,CC,TT,TT,GG,GG,TT,AA,AC,AA,GG,CC,CC,GG,CC,GG,TT,AG,NN,GT,GG,CC,CC,AA,GG,CC,AA,CC,AT,AA,CC,CC,AC,TT,AA,GG,AA,AA,CC,AA,AG,AG,GG,AA,TT,GG,AA,AG,AC,AA,TT,AA,AA,GG,GG,GG,TT,AT,AG,TT,TT,TT,AA,AT,GG,GG,AA,3.41,Susceptible,Medium,Standard,Medium
L0996,Anantapur,Andhra Pradesh,Kharif,Red Sandy,Rainfed,390,31.0,52,CC,TT,GG,AG,GG,CC,GG,TT,CC,CC,AA,CC,CG,TT,TT,GG,GG,TT,TT,AA,CC,TT,GT,CC,TT,CC,TT,TT,NN,AA,NN,CC,AA,CC,GG,GG,GG,GG,GG,CC,TT,CC,AA,GT,AA,AG,CT,AT,CC,AC,GG,AA,AA,GG,CC,TT,AA,AC,GT,CC,AA,TT,TT,AA,TT,TT,CC,GG,TT,GG,AG,GG,CC,AA,AG,AC,AA,GG,GT,TT,GG,GG,GG,CC,AT,GG,AA,AA,CC,GT,CC,TT,CC,TT,TT,GG,TT,CC,TT,CC,CC,CG,AG,AA,TT,TT,CC,AG,GG,AA,CC,GG,TT,CC,GT,AC,AC,TT,CC,GG,CG,AG,CC,GG,TT,AA,CC,CC,CC,CC,AA,TT,AC,AC,CC,CC,AA,TT,AA,AT,GG,CT,CC,AG,AA,AG,AT,AC,GT,CG,CC,AG,AA,GG,GT,GG,AC,GT,CT,GG,AC,GT,TT,TT,CC,AA,TT,TT,AT,AT,GG,CC,AG,CC,CC,CC,CG,CC,AA,GG,AA,CC,TT,CG,TT,TT,GG,TT,AG,AA,TT,AC,GG,NN,AC,CC,GG,GG,AC,GG,TT,AC,AA,CC,GT,AA,CC,AA,AT,GG,GT,AT,AA,GG,GG,AT,CG,TT,TT,AA,GG,AG,TT,AA,TT,CC,CT,AC,CC,TT,GG,AG,CC,AG,AC,AT,CC,GG,GG,AT,AA,AC,AA,GG,CC,CG,GG,CC,GG,AT,AA,CC,GT,GG,CC,CG,AA,AG,CC,AA,CC,AA,AA,CC,CG,CC,TT,AA,GG,AA,AA,CC,AA,GG,AA,AA,AA,TT,GG,AA,AG,AC,AC,CT,AG,AA,CG,AG,GG,TT,AA,AA,GT,TT,TT,AA,TT,GG,CG,AA,2.56,Susceptible,Low,Poor,Early
L0997,Anantapur,Andhra Pradesh,Kharif,Red Sandy,Rainfed,390,31.0,52,AA,TT,GG,AA,GG,CC,NN,TT,CC,CG,AA,CT,NN,TT,GT,GG,GG,TT,TT,AA,CC,GT,TT,CC,TT,CC,TT,TT,GT,AA,CT,CC,AA,CC,AG,CG,GG,CC,GT,CC,TT,TT,AA,TT,AG,AG,TT,TT,CC,AC,GT,AA,AG,CG,CT,TT,AA,AC,GT,AC,AA,TT,TT,AA,TT,TT,CC,GG,TT,GG,AG,GG,CC,AA,AG,AA,AT,GG,TT,TT,AG,GG,GG,NN,AA,GG,AA,AA,CC,GG,AC,TT,CT,TT,TT,GG,TT,CC,TT,CC,CC,CC,AG,AA,TT,TT,CC,AA,AA,AA,CC,GG,TT,CC,TT,AC,AA,TT,CC,GG,CG,GG,CC,GG,TT,AA,CC,CC,AC,CC,AA,TT,CC,AA,CC,CC,AA,TT,AG,AA,CG,CC,CC,GG,AA,AG,AA,CC,GT,NN,CC,AA,AA,AG,TT,AG,AC,TT,CT,GG,CC,GT,GT,TT,NN,AT,TT,TT,AA,AT,CG,CG,AG,CC,CC,CC,GG,CC,AA,GG,AA,CC,TT,CG,GT,TT,CG,AT,AA,AG,TT,CC,CG,AA,AA,CC,GG,GG,AC,CG,TT,AA,AA,CC,GG,AA,AA,AA,TT,GT,GT,TT,AA,GG,GT,AA,CC,AA,GT,AA,GG,AA,TT,AA,TT,CG,TT,AC,CC,CC,GG,AG,CC,AA,AC,TT,TT,TT,NN,AT,AA,CC,AG,GG,CC,CC,CG,CC,GG,AT,AA,CC,TT,GG,CC,CC,AT,AG,CC,AT,CC,AA,AA,NN,CC,CC,TT,AA,GG,AA,AC,AA,AA,AG,GG,AG,AA,TT,CG,AA,AG,CC,AA,CT,AA,AA,CG,GG,GG,TT,AT,AA,GT,TT,TT,AG,AT,GG,GG,AA,1.05,Susceptible,Low,Premium,Early
L0998,Anantapur,Andhra Pradesh,Kharif,Red Sandy,Rainfed,390,31.0,52,AC,TT,AG,AG,CG,CC,GG,AT,CC,CC,AT,NN,CG,TT,TT,GT,CG,TT,TT,AG,CC,TT,TT,CC,TT,CC,TT,TT,GG,AA,TT,CT,AA,CC,GG,GG,GG,CC,GG,CC,TT,TT,AA,GT,AG,AG,CT,TT,CC,CC,GG,AT,AA,GG,CC,GG,AA,AC,TT,AC,AG,TT,TT,AG,TT,AT,NN,GG,TT,GT,GG,GG,CC,AA,AG,AA,TT,AG,TT,TT,GG,GT,GG,CC,AA,GG,AA,AT,CC,GT,CC,TT,CC,AT,TT,GG,TT,AC,TT,CC,CC,GG,AG,AA,TT,TT,CC,AA,AA,AA,CC,GG,TT,CC,TT,AA,AA,TT,CC,GG,CC,GG,CT,GG,CT,AG,CT,CC,CC,CC,AA,TT,CC,AA,CC,CT,AA,TT,AG,AA,GG,TT,CC,GG,AA,AG,AA,AC,GG,CC,CC,AG,AG,GG,GT,GG,AC,TT,CT,AG,AA,GT,TT,TT,CC,AT,GT,TT,TT,TT,GG,CC,AG,CC,CC,CC,GG,CC,AA,GG,AG,CC,TT,CC,GG,GT,GG,TT,AA,AA,TT,CC,GG,CC,CC,CC,GG,GG,AC,NN,TT,AA,AA,CC,GT,AA,CC,AA,AT,GT,TT,TT,AA,GG,GT,AA,CG,TT,GT,AA,GG,AA,TT,AA,TT,CC,CT,AC,CC,TT,GG,AA,CC,AG,CC,TT,TT,GG,GG,NN,AA,AC,AA,GG,CC,CG,CG,CC,GG,AT,AA,CC,TT,GG,CC,CC,AT,AG,CC,AA,CG,AA,AA,CC,CC,AC,TT,AA,GG,AA,AC,CC,AA,AG,AG,AG,AA,TT,GG,NN,AG,AC,AA,CT,AG,AG,GG,GG,CG,TT,TT,AA,GT,TT,TT,AG,AT,GG,GG,AA,2.57,Moderate,Low,Poor,Medium
L0999,Anantapur,Andhra Pradesh,Kharif,Red Sandy,Rainfed,390,31.0,52,CC,NN,AG,GG,GG,CC,GG,TT,CC,CC,AA,CC,CC,AT,TT,GG,GG,TT,TT,AG,CC,TT,TT,CT,TT,CT,TT,TT,GG,AA,TT,CC,AA,CC,AG,CG,GG,GG,GG,CC,TT,TT,AA,TT,AG,GG,TT,TT,CC,CC,GT,AA,AA,GG,CT,TT,AT,AA,TT,AC,AG,TT,AT,AA,TT,AT,CC,GG,TT,GG,AG,GG,CC,AA,NN,AC,AA,GG,TT,TT,AG,GG,GG,CC,AA,GG,AA,AT,CC,GT,AC,GT,CC,TT,TT,AG,TT,CC,GT,CC,CC,GG,AG,AA,TT,TT,CG,AA,AA,AC,CT,GG,TT,CC,TT,AA,AC,AT,CG,GG,CC,AG,CC,GT,TT,AG,CT,NN,CC,CG,AG,TT,AC,AA,CC,CC,AA,TT,AA,AA,GG,CC,CC,GG,AA,AA,AA,CC,GT,CC,CC,AA,GG,AG,TT,GG,AA,TT,CT,GG,CC,GT,GT,TT,CC,AT,GT,CT,AT,TT,GG,CC,AA,CC,CC,CC,CG,CC,AA,GG,AA,CC,TT,CC,GT,TT,CG,AA,AG,AA,TT,AC,CG,AA,CC,CC,CG,GG,CC,NN,TT,AA,AA,CC,GG,AA,AC,AA,AA,GG,TT,AT,AA,CC,TT,AT,CG,TT,GT,AA,GG,AA,CC,AA,TT,CG,CT,AC,CC,TT,CG,AA,CC,GG,AC,AT,TT,GT,GG,TT,AA,AC,AG,GG,CC,CG,GG,CG,GG,TT,AA,CC,TT,GG,CC,GG,AT,GG,CG,TT,CC,AT,AA,CC,CC,AC,TT,AA,CG,AA,AA,CC,AA,GG,AG,AA,AA,TT,GG,AC,AA,AC,AA,TT,AA,AA,GG,GG,GG,TT,AA,AA,GT,TT,TT,AA,TT,GG,GG,AA,1.67,Moderate,Medium,Premium,Late
L1000,Anantapur,Andhra Pradesh,Kharif,Red Sandy,Rainfed,390,31.0,52,AC,CT,GG,AG,GG,CC,GT,TT,CC,CC,AA,CC,CG,AT,GT,GG,GG,TT,TT,AA,CC,GT,GT,CC,TT,CC,GT,TT,GG,AC,TT,CC,AA,CC,GG,CG,GG,NN,GG,CC,TT,CC,AA,TT,AG,AG,TT,AA,CC,AC,GT,AT,AG,GG,CC,TT,AA,AA,TT,AA,AG,GT,AT,GG,CT,TT,CC,GG,TT,GT,AA,TT,CC,AA,AG,AA,AA,GG,TT,TT,GG,GT,GG,CC,AA,GG,AA,AA,CC,TT,CC,TT,CT,TT,TT,GG,CT,CC,TT,CC,CC,CG,GG,AA,TT,TT,CC,AA,AG,AA,CC,GG,TT,CC,TT,AA,AA,TT,CG,AA,CC,GG,CC,GG,TT,AA,CC,CC,CC,CC,AA,TT,AC,AA,CC,CC,AA,AT,AG,AA,GG,CC,NN,GG,AA,GG,AA,CC,GG,CC,CC,AG,NN,AG,TT,GG,AA,TT,CT,GG,CC,GT,TT,TT,CG,AT,GT,TT,AA,TT,GG,CC,AA,CC,CC,CC,GG,CC,AA,GG,AA,CC,TT,CG,GG,TT,GG,AT,AA,AG,TT,CC,GG,AA,CC,CG,GG,GG,AA,GG,TT,AA,AA,CC,GG,AA,AC,NN,AT,GG,TT,AT,AT,GG,TT,AT,GG,AT,GT,AA,GG,AG,TT,AC,TT,CC,TT,AA,CC,CT,GG,AG,CG,AG,CC,TT,TT,TT,GG,TT,AA,AC,AA,GG,CC,CG,GG,CC,GG,AT,AA,CC,TT,GG,CC,CC,AA,GG,CG,TT,CC,AA,AA,CC,CG,NN,TT,AA,GG,AA,AA,CC,AA,AG,AG,AA,AA,TT,GG,AC,AG,AC,AA,TT,AG,AA,GG,AG,GG,TT,AA,AA,GG,TT,TT,AG,TT,GG,GG,AA,3.25,Susceptible,Low,Standard,Early
L0001,Warangal,Telangana,Rabi,Black Cotton,Irrigated,410,26.5,60,AC,TT,GG,AG,GG,CC,GG,TT,CC,CC,AT,CT,CC,AT,GT,GG,CG,TT,TT,AA,CC,TT,GT,CC,TT,CT,GT,TT,GG,AA,TT,CC,AA,CC,AG,GG,GG,CC,GG,CC,GT,CT,AA,NN,AG,GG,TT,AT,CC,AA,GG,AA,AA,GG,CC,TT,AA,AC,GG,AA,AA,TT,TT,GG,TT,AT,CC,GG,TT,GG,AA,GG,CC,AG,GG,AA,TT,AG,TT,TT,AG,GT,GG,CC,AA,GG,AA,TT,CC,GT,CC,TT,CT,TT,TT,GG,TT,CC,GT,CC,CC,CC,AG,AA,TT,TT,CC,AA,AA,AA,CC,GG,TT,CC,TT,AA,AA,AT,CC,AG,CC,GG,CC,GG,TT,AG,CT,CC,CC,CC,AA,TT,CC,AA,CC,CC,AA,TT,AA,AA,CG,CC,CC,GG,AA,AG,AA,AC,GT,CC,CC,AA,AA,AA,TT,AG,AA,TT,CT,GG,AC,TT,TT,TT,NN,AA,TT,NN,AA,TT,CG,CC,AG,CC,CC,CC,CG,CC,AA,AG,GG,CC,TT,CC,GG,GT,CG,AA,AA,AG,TT,CC,GG,AA,AC,CC,GG,GG,AC,GG,TT,AA,AA,CC,GG,AT,CC,AA,TT,GG,TT,TT,AA,GG,GT,AT,CG,AT,GT,AA,GG,AG,TT,AA,TT,CC,TT,AA,CC,TT,GG,AA,CG,AA,CC,AT,TT,TT,GG,TT,AA,CC,AG,GG,CC,CC,GG,CC,GG,TT,AA,CC,TT,GG,CC,GG,AA,GG,CC,AA,CC,AT,AA,AC,CC,AC,TT,AA,GG,AA,AA,AC,AA,AG,AA,AG,AA,TT,CG,AA,AA,CC,AC,CC,AA,AA,CG,GG,GG,TT,AA,AG,TT,TT,TT,AA,AT,GG,GG,AA,8.22,Resistant,Medium,Standard,Medium
L0002,Warangal,Telangana,Rabi,Black Cotton,Irrigated,410,26.5,60,AA,CT,GG,AG,GG,CC,GG,TT,CC,CG,AA,CT,CC,TT,GT,NN,GG,TT,TT,AA,CC,TT,GT,TT,AT,CC,TT,TT,GG,AC,TT,CT,AA,CC,GG,GG,GG,CC,GG,CC,TT,TT,AA,GG,AA,AG,TT,TT,CC,AA,GT,AA,NN,GG,CC,GT,AA,CC,TT,AA,AA,GT,TT,AA,TT,TT,CC,GG,TT,GT,AA,GG,CC,AA,GG,AA,AA,GG,TT,TT,GG,GT,GT,CC,AA,GG,AA,AA,CC,GT,CC,TT,CT,TT,TT,GG,TT,CC,TT,CC,CC,CC,GG,AA,TT,TT,CC,AA,AA,AA,CT,GG,TT,CC,NN,AA,AA,TT,CG,AG,CC,GG,CC,TT,TT,AG,CC,CG,CC,CC,AA,TT,CC,AA,CC,CC,AA,TT,AG,AA,NN,CT,CC,GG,AA,AG,AT,CC,GT,CC,CC,AA,AG,GG,TT,GG,AC,TT,TT,AG,CC,TT,GT,TT,CC,AA,TT,TT,AA,AT,GG,CC,AG,CC,CC,CC,GG,CC,AA,GG,AG,CC,TT,CG,GT,TT,CG,AT,AA,AA,TT,CC,GG,AC,AC,CC,GG,GG,AA,GG,TT,AA,AA,NN,GG,AA,CC,AA,AT,GT,TT,AT,AT,CG,GT,AA,CC,TT,TT,AA,GG,AA,CT,AA,TT,CC,TT,AC,CC,CT,GG,AG,CG,AG,CC,TT,CT,GT,GG,TT,AA,AC,NN,NN,CC,CG,GG,CC,GG,AT,AA,CC,TT,GG,CC,CG,AA,AG,CC,AA,CC,NN,AG,CC,CC,AC,AT,AA,GG,AT,AC,AA,AA,GG,AA,AA,AG,TT,GG,AC,AA,CC,AC,TT,AA,AA,GG,AG,CG,TT,AA,AA,TT,TT,TT,NN,TT,GG,GG,AA,7.54,Susceptible,Medium,Standard,Late
L0003,Warangal,Telangana,Rabi,Black Cotton,Irrigated,410,26.5,60,AC,TT,GG,AG,CG,CC,GT,TT,CC,CG,AA,CT,CC,AT,TT,GG,CG,TT,TT,AA,CC,TT,GT,CT,TT,CC,TT,AT,GT,AA,TT,CT,AA,CC,GG,GG,GG,CC,GG,CC,TT,CT,AC,TT,AA,AG,CT,TT,CC,AA,GG,AA,AA,GG,CC,TT,AA,AA,GG,AC,AA,TT,TT,AA,TT,TT,CC,GT,CT,GG,AA,GG,CC,AA,GG,AC,AA,GG,TT,TT,GG,GG,GG,CC,AA,GG,AA,AA,CC,GT,AC,NN,CC,TT,TT,GG,CT,CC,TT,CC,CT,GG,AG,AG,TT,TT,CC,AA,AG,AA,CC,GG,TT,CC,GT,AA,AA,AT,CC,GG,CG,GG,CC,GT,TT,AA,CC,CC,CC,CC,AA,TT,CC,AA,CC,CC,AA,TT,AA,AA,GG,CC,CG,GG,AA,NN,AA,CC,GT,CC,CC,AA,AG,AG,TT,GG,AC,TT,CT,AG,CC,GT,GT,TT,CC,AT,GT,CT,AA,TT,GG,CC,GG,CC,CC,CC,CG,CC,AA,GG,AA,CC,TT,CC,GG,TT,CC,AT,AA,AA,TT,CC,GG,AA,AC,CC,GG,GG,AA,GG,TT,AA,AA,CC,GG,AT,CC,AA,AT,GG,TT,TT,AT,GG,GT,AA,CC,AT,TT,AA,GG,AA,CT,AC,TT,CC,TT,AC,CC,TT,GG,AA,CC,AG,CC,TT,TT,TT,GG,TT,AC,AC,AG,GG,CG,CG,GG,CC,GG,AA,AA,CG,TT,GG,CC,CG,AT,AG,CC,AA,CC,AA,AA,CC,GG,AC,TT,AA,GG,AA,AA,AC,AA,GG,AA,AA,AA,NN,GG,AA,AA,CC,AC,CT,AA,AG,GG,GG,GG,TT,AA,AA,TT,TT,TT,AG,AT,GG,GG,AA,7.62,Susceptible,Medium,Premium,Late
L0004,Warangal,Telangana,Rabi,Black Cotton,Irrigated,410,26.5,60,CC,TT,GG,AG,CG,CC,GG,TT,CC,GG,AA,CT,CC,TT,TT,GT,CG,TT,TT,AG,CC,TT,GT,CC,TT,CC,GT,TT,GG,AA,TT,CT,AA,CC,GG,CG,GG,CC,GT,CC,TT,CT,AA,TT,AA,GG,TT,TT,CC,CC,GG,AA,AA,GG,CC,GT,AA,AA,GT,AC,AA,TT,TT,AA,CC,TT,CC,GG,TT,GG,AA,GT,CC,AA,GG,CC,AA,GG,TT,TT,GG,GG,GT,NN,AA,GG,AA,AA,CC,TT,CC,TT,CT,TT,TT,GG,TT,CC,GT,CC,CC,CG,AG,AA,AT,TT,CC,AG,AA,AC,CT,GG,TT,CC,NN,CC,AA,TT,CG,GG,CC,GG,CT,GG,TT,AG,CC,CC,CC,CC,AA,TT,CC,AA,CC,CC,AA,TT,AA,AA,GG,CC,CC,GG,AA,AA,AA,CC,GG,CC,CC,AG,AA,GG,TT,AG,AC,GG,CT,GG,CC,TT,TT,TT,CC,AA,GT,TT,AA,AT,GG,CC,GG,TT,CC,CC,CG,AC,AA,AG,AA,CC,TT,CC,GG,GT,CG,AT,AA,AG,TT,CC,GG,AA,AC,CC,GG,GG,AA,GG,TT,AA,AA,CG,GG,AA,AC,AA,AT,GG,TT,TT,AT,GG,GT,AT,CG,AT,TT,AA,GG,NN,CT,AC,TT,CC,TT,AA,CC,TT,GG,AG,CG,GG,CC,TT,CT,GT,GG,AT,AA,NN,GG,GG,CC,CC,GG,CC,GG,TT,AA,CC,GT,GG,CC,CC,AA,AG,CC,AA,CC,AA,AA,AC,GG,CC,TT,AA,CG,AA,AA,AC,AA,AA,AG,GG,AA,TT,GG,AC,AA,CC,AA,TT,GG,AA,GG,GG,CG,TT,AT,AA,TT,TT,TT,AA,AT,GG,GG,AA,5.67,Susceptible,High,Premium,Early
L0005,Warangal,Telangana,Rabi,Black Cotton,Irrigated,410,26.5,60,AC,CT,GG,AG,GG,CC,GG,TT,CC,CG,AA,CC,CC,TT,NN,GT,GG,TT,TT,AA,CC,GT,TT,CC,TT,CC,GT,TT,GG,AA,TT,CC,AA,CC,GG,CG,GG,CC,GG,CC,TT,CT,AA,TT,AA,GG,TT,TT,CC,NN,GG,AA,AA,GG,CC,TT,AA,AA,GG,AC,AA,TT,TT,AA,TT,TT,CC,GG,TT,GG,AA,GG,CC,AA,GG,AA,AT,GG,TT,TT,GG,GG,GG,AC,NN,GG,AA,AA,CC,GT,AC,TT,CC,TT,TT,GG,CT,CC,GT,CT,CC,CC,AG,AA,AT,GT,CG,AA,GG,AA,CC,GG,TT,CC,TT,AA,AC,AT,CG,GG,CG,GG,CC,GG,TT,AG,CC,CC,AC,CC,AA,TT,CC,AA,CC,CC,AA,TT,AA,AA,CG,CC,CC,GG,AA,AA,AA,AC,GG,CC,CG,AA,AA,GG,TT,AG,AA,GT,TT,AG,CC,TT,TT,CT,CC,AA,GT,TT,TT,AT,GG,CC,AA,CC,CC,AC,GG,CC,AA,GG,AA,CC,TT,CC,GG,TT,GG,AA,AA,AG,TT,CC,GG,CC,CC,CC,GG,GG,AA,GG,TT,CC,AA,CC,GG,AA,AC,AT,AT,GG,TT,AT,AA,GG,TT,AA,CG,AT,TT,AA,GG,AA,CC,AA,TT,CC,CT,AA,CC,CC,GG,AG,NN,GG,CC,TT,CT,GT,GG,AT,CC,CC,AG,GG,CC,CC,GG,CC,GG,AT,AA,CC,TT,GG,CC,CC,AA,GG,NN,NN,CC,AA,AA,AC,CC,CC,TT,AA,GG,AA,AA,AC,AA,AG,AG,AA,AA,AT,GG,AA,AG,CC,AC,CC,AA,AG,GG,GG,CG,TT,AA,AA,TT,TT,TT,AA,TT,GG,GG,AA,8.66,Moderate,Medium,Premium,Early
L0006,Warangal,Telangana,Rabi,Black Cotton,Irrigated,410,26.5,60,CC,TT,AG,GG,GG,CC,GG,TT,CC,CG,AA,CC,CG,NN,GT,GG,CG,TT,TT,AG,CC,TT,TT,CC,TT,CC,GT,TT,GT,AA,TT,CC,AA,AC,GG,CG,GG,CC,GG,CC,TT,CT,AA,TT,AA,GG,TT,TT,CC,AC,GG,AT,AA,GG,CT,TT,AT,AC,GT,AC,AA,TT,TT,GG,TT,AT,CC,GG,TT,GT,AA,GG,NN,AA,AA,AA,AT,GG,TT,TT,GG,GG,GG,CC,AA,GG,AG,AA,CC,TT,CC,TT,CT,TT,GT,AG,CT,CC,GT,CC,CT,CG,AG,AA,TT,TT,CC,AA,GG,AA,CT,GG,NN,CG,TT,AC,AC,TT,CG,AA,CC,GG,CC,GG,TT,AG,CC,CC,CC,CC,AG,GT,CC,AA,CC,CC,AA,AT,AA,AA,GG,NN,CC,GG,AA,AA,AA,CC,GT,CC,CC,AA,AA,GG,TT,AG,AC,TT,CT,GG,AA,TT,GT,TT,CC,AA,GT,TT,AT,TT,GG,CC,NN,CT,AA,CC,GG,CC,AA,GG,AG,CC,TT,CC,GT,TT,GG,NN,NN,AG,TT,CC,GG,AC,CC,CC,GG,GG,AA,GG,TT,CC,AA,CC,GG,NN,CC,AA,AT,GG,TT,AT,AA,GG,GT,AT,CC,TT,GT,AA,GG,AA,CC,AA,TT,CC,TT,AA,CC,TT,GG,AA,CC,AA,AC,AT,TT,GG,GG,TT,AC,CC,AG,GG,CC,CG,GG,CC,GG,TT,AA,CC,TT,AG,GG,CC,AA,GG,CG,AA,CC,AA,AA,CC,CG,AC,TT,AA,GG,AA,AC,AC,AA,AG,AA,AG,AA,AT,GG,AC,GG,CC,AC,CC,AA,AA,CG,GG,GG,GT,AA,AA,TT,TT,TT,AA,AA,GG,GG,AA,6.45,Susceptible,High,Standard,Early
L0007,Warangal,Telangana,Rabi,Black Cotton,Irrigated,410,26.5,60,CC,TT,GG,AG,GG,CC,GG,TT,CC,CG,AA,CT,CC,AT,GT,GG,CC,TT,TT,AG,CC,TT,TT,CC,TT,CC,TT,TT,GG,AA,TT,CC,AG,AC,AG,GG,GG,CG,GG,CC,TT,CT,AA,TT,AG,GG,TT,TT,CC,CC,GG,AT,AA,GG,CT,TT,AA,AC,GG,AC,AA,TT,AT,AG,CT,AT,CC,GG,TT,GG,AG,GG,CC,AA,GG,CC,AT,GG,TT,TT,GG,GG,GG,CC,AA,GG,AA,AA,CC,TT,CC,TT,CC,AT,GG,GG,TT,CC,GT,CC,CC,CC,NN,AA,TT,GT,CG,AA,AG,AA,CC,GG,TT,CC,TT,AC,AA,TT,CC,AG,CC,GG,CC,GT,TT,AA,CC,CC,CC,CG,AA,TT,CC,AA,CC,CC,AA,TT,AA,AA,GG,CT,CC,GG,AA,AG,AT,AC,TT,CC,CC,AA,AA,AG,GT,AG,AA,GT,CT,GG,CC,TT,TT,TT,CG,TT,TT,TT,AA,AT,GG,CG,AA,CT,CC,CC,GG,AC,AA,GG,AG,CC,TT,CC,GG,TT,GG,AA,AA,AA,TT,CC,GG,AC,CC,CG,GG,GG,AC,GG,TT,AA,AA,CC,NN,AA,CC,AA,AA,GG,TT,AT,NN,GG,TT,AT,CC,AT,GT,AA,GG,AA,TT,AA,TT,CC,CT,AC,CC,TT,CG,AG,CG,AA,CC,TT,TT,TT,GG,TT,AA,CC,AA,GT,CC,CC,GG,CC,GG,AA,AA,CC,TT,GG,CG,CC,AA,GG,CG,AT,CG,AA,AA,AC,CC,CC,AT,AA,GG,AA,AC,AA,AA,NN,AA,AA,AA,TT,GG,AA,AG,AC,AC,CT,AA,AA,GG,GG,GG,GT,AT,AA,TT,TT,TT,AA,TT,GG,GG,AC,6.02,Resistant,Medium,Premium,Late
L0008,Warangal,Telangana,Rabi,Black Cotton,Irrigated,410,26.5,60,AA,TT,GG,AA,GG,CG,GG,TT,CG,CC,AA,CT,CC,TT,TT,GG,GG,TT,TT,AA,CC,TT,GT,CC,TT,CC,TT,TT,GG,AA,TT,CC,AA,CC,GG,CC,GG,CG,GG,CC,TT,CT,AC,TT,NN,AG,TT,TT,NN,AC,GG,AT,AA,CG,CT,TT,AT,AC,GT,AA,AA,TT,AT,AG,TT,TT,CC,GG,CT,GG,AA,GG,CC,AA,GG,AC,AT,GG,TT,TT,GG,GG,GG,CC,AA,GG,AA,AA,CC,TT,CC,TT,CT,TT,TT,GG,CT,AC,NN,CT,CC,CG,GG,AA,TT,TT,CC,AA,AG,AA,NN,GG,TT,CC,TT,AA,AA,TT,CC,AG,CG,GG,CC,GG,CT,AA,CC,CC,CC,CC,AA,TT,CC,AA,NN,CC,AA,TT,AA,AT,GG,CC,CC,GG,AA,AA,AA,AC,GG,CC,CC,AA,AA,GG,TT,GG,AA,GT,TT,AG,CC,TT,TT,NN,CC,AA,TT,CT,AA,TT,GG,CC,AA,CT,CC,CC,CC,CC,AA,GG,AA,CC,NN,CC,GG,TT,GG,AT,AA,AA,TT,CC,GG,AA,AA,CC,CG,GG,AC,GG,TT,AC,AA,CG,GG,AA,CC,AA,AA,GG,GT,TT,AT,GG,TT,AA,CC,TT,TT,AA,GG,NN,CT,AC,TT,CC,CC,CC,CC,CT,GG,AG,CC,AG,CC,TT,TT,GT,GG,TT,AA,CC,AG,GG,CC,CC,GG,CC,GG,TT,GG,CC,GG,GG,CC,CC,AA,NN,CC,AT,CG,AA,AA,CC,NN,AC,NN,AA,GG,AA,CC,AA,AC,GG,GG,AA,NN,AT,CG,CC,AA,AA,AA,CT,AA,AG,GG,AG,CG,GG,AA,AA,TT,TT,TT,AA,TT,GG,GG,AA,6.85,Moderate,Low,Standard,Early
L0009,Warangal,Telangana,Rabi,Black Cotton,Irrigated,410,26.5,60,AC,CT,NN,AA,NN,CC,GT,TT,CC,CG,AA,CC,CC,TT,GT,GG,GG,TT,TT,AA,CC,GT,TT,CT,TT,CC,TT,TT,GG,AA,TT,CT,AA,CC,GG,CG,GG,CG,NN,CC,TT,TT,NN,GT,AG,AG,CT,NN,CC,AC,GG,AT,AA,NN,CT,GT,AT,AA,TT,AA,AA,TT,AT,AA,TT,TT,CC,GG,TT,NN,AA,GG,CC,AG,AG,AA,AT,GG,TT,TT,GG,GT,GT,CC,AA,GG,AA,AA,CC,TT,CC,TT,CC,TT,TT,GG,CT,CC,GT,CC,CC,CC,AA,AA,NN,TT,CC,AA,GG,AC,CT,GG,GT,CC,TT,AC,AA,AT,CG,NN,CC,GG,CT,GG,CT,AG,CT,CC,CC,CC,AA,TT,CC,AA,CC,CC,AA,TT,AG,AA,GG,CT,CG,GG,AG,AA,AA,CC,GT,CC,CC,AA,AG,GG,TT,GG,AC,TT,TT,AG,AC,TT,GT,TT,GG,AT,TT,TT,AT,TT,GG,CC,AG,TT,CC,CC,GG,CC,AA,GG,AG,CC,TT,CC,GT,TT,CG,AA,AA,AA,TT,CC,GG,AC,AA,CC,GG,GG,AC,GG,TT,AA,AA,CG,GG,AA,CC,AA,AT,GG,TT,AT,AT,GG,TT,AT,CC,TT,TT,AA,GG,AA,TT,AA,TT,CC,TT,AC,CC,CT,GG,AG,CC,GG,CC,TT,TT,TT,GG,TT,AA,CC,GG,GG,CC,CG,GG,CC,GG,AA,AA,CG,TT,GG,CG,CC,AA,GG,CG,AA,CC,AT,AA,AC,GG,CC,TT,AA,GG,AA,AC,AC,AA,AG,AA,AA,AA,TT,CG,AA,NN,AA,AA,CT,AA,GG,GG,GG,GG,TT,AA,AA,TT,TT,TT,AA,AT,GG,CG,AA,5.15,Moderate,High,Poor,Early
L0010,Warangal,Telangana,Rabi,Black Cotton,Irrigated,410,26.5,60,AC,TT,GG,AA,GG,CC,GG,TT,CC,CC,AA,CC,CC,TT,TT,GG,CG,TT,TT,AA,CC,GT,TT,CT,TT,CC,TT,TT,GG,AA,TT,CC,AA,CC,AG,GG,GT,CG,GG,CC,TT,CC,AA,GT,AA,GG,TT,TT,CC,AA,GG,AA,AG,GG,CC,TT,AA,AC,GT,AA,AG,GT,NN,AG,CT,TT,CC,GG,TT,GG,AA,GT,CC,AA,AA,CC,TT,GG,TT,TT,GG,GG,GT,CC,AT,GG,AA,AA,CC,GT,CC,TT,CC,TT,TT,AG,TT,CC,GT,CC,CC,CG,GG,AG,TT,TT,CC,AA,GG,AA,CC,GT,NN,CC,TT,AA,AA,TT,CC,GG,CC,AG,CC,GT,TT,AA,CC,CC,AC,CC,AA,TT,AC,AA,CC,CC,AA,TT,AA,AT,GG,TT,CC,GG,AA,AA,AA,CC,GG,CG,CC,AA,AA,GG,GT,AG,AA,TT,CC,GG,CC,GT,TT,TT,CG,AT,GT,TT,AT,TT,GG,CC,AA,CT,CC,CC,CC,CC,AA,GG,AG,CC,TT,CC,TT,GT,GG,AT,AA,AA,TT,CC,CG,AA,CC,CG,GG,GG,AC,NN,TT,AA,AA,CC,GG,AT,CC,AA,AT,GG,TT,AT,AT,GG,GT,AT,CG,TT,GT,AA,GG,AA,TT,AA,TT,CG,TT,AA,CC,TT,GG,AA,CG,GG,CC,TT,CC,TT,GG,TT,AA,AC,AA,GG,CC,CC,GG,CC,GG,AA,AA,CG,GT,GG,CC,CC,AT,AG,CC,AT,CC,AT,AA,AC,CG,CC,AT,AA,GG,AA,AA,AC,AA,GG,AG,AA,AA,TT,GG,AC,AA,AA,CC,CT,AA,AA,GG,GG,GG,TT,AA,AA,TT,TT,TT,GG,TT,GG,GG,AC,6.3,Resistant,Low,Premium,Medium
L0011,Warangal,Telangana,Rabi,Black Cotton,Irrigated,410,26.5,60,CC,TT,GG,AA,GG,CC,GG,TT,CC,CG,AA,CT,CG,TT,TT,GG,GG,TT,TT,AG,CC,GT,GT,CC,AT,TT,TT,TT,GG,AA,TT,CT,AA,CC,GG,GG,GG,CC,GG,AC,TT,TT,AA,GT,AG,GG,TT,AT,CG,AC,GG,AA,AA,GG,CC,GT,AA,AA,TT,AA,AA,GT,TT,GG,CC,TT,CC,GG,TT,GT,AG,GG,AC,AA,GG,AC,AA,GG,TT,TT,GG,GG,GG,CC,AA,GG,AG,AT,CC,GT,CC,GT,CT,AT,TT,GG,TT,AA,TT,CC,CC,CC,AG,AA,AT,TT,CC,AA,AG,AA,CC,GG,NN,CC,GT,AA,AA,TT,CC,GG,CC,GG,CC,GG,TT,AA,CT,CC,CC,CG,AA,TT,CC,AA,CC,CC,AA,TT,AA,AA,GG,CC,CC,GG,AA,AG,AA,CC,TT,CG,CC,AA,AG,GG,NN,AG,AC,TT,CT,GG,CC,GT,GT,TT,CC,AT,TT,TT,AA,TT,GG,CG,AG,CT,CC,CC,CC,CC,AA,GG,AG,CC,TT,CC,GG,TT,GG,AT,AA,AG,NN,CC,GG,AA,AC,CC,GG,GG,AC,CG,TT,AC,AA,CC,GT,AT,AC,AA,AA,GG,GT,TT,AA,GG,GG,AT,CC,AT,GT,AA,GG,AA,CT,AA,TT,CC,TT,AA,CC,CT,GG,AA,CG,GG,NN,TT,TT,GT,GG,TT,AA,CC,AA,GG,CC,CG,GG,CG,GG,AT,AG,CC,TT,GG,CC,CC,AA,AG,CC,AA,CC,AA,AA,CC,NN,AC,TT,AA,GG,AA,AA,AA,NN,AG,GG,AA,AA,TT,GG,AC,AA,CC,AA,CT,AA,AA,GG,GG,GG,TT,AT,AG,GT,TT,TT,AG,AA,GG,GG,AA,6.24,Susceptible,High,Premium,Early
L0012,Warangal,Telangana,Rabi,Black Cotton,Irrigated,410,26.5,60,AA,CT,GG,AA,CG,CC,GG,TT,CC,GG,AA,CC,CC,TT,TT,GG,GG,TT,TT,AA,CC,TT,TT,CC,TT,CC,TT,TT,GT,AA,TT,CC,AA,CC,GG,GG,GG,CC,GG,CC,TT,CT,AA,TT,AG,AG,TT,TT,CC,CC,GG,AA,AG,GG,CC,GG,AA,AA,GG,AC,AG,GT,AT,AG,CT,TT,CC,GG,TT,GG,AA,GG,CC,AA,AG,AA,AA,GG,TT,TT,GG,GG,GG,CC,AA,GG,AA,AT,CC,TT,CC,TT,CT,TT,TT,GG,CT,CC,TT,CC,CT,CG,AG,AA,TT,GT,CC,AA,AG,AA,CC,GG,TT,CC,TT,AA,AA,TT,CG,AG,CC,GG,CC,GT,TT,AG,CC,CC,CC,CC,AA,GT,CC,AA,CC,CT,AA,TT,AA,AA,GG,CC,CC,GG,AA,GG,AA,AC,GT,CC,CG,AA,AG,GG,TT,GG,CC,TT,CT,GG,CC,GT,TT,CT,CG,AA,TT,TT,AA,TT,GG,CC,AA,TT,CC,CC,CG,CC,AA,GG,AG,CC,TT,CC,GT,GG,CG,TT,AA,AA,TT,CC,GG,AC,CC,CC,GG,GG,AA,GG,TT,AC,NN,CC,GG,AA,CC,AA,AA,GG,TT,AT,AA,GG,GT,AA,CC,TT,GT,AA,GG,AA,TT,AA,TT,CC,TT,AA,AC,TT,CC,GG,CG,AA,CC,TT,CT,GT,GG,AT,AC,CC,AA,GG,CG,CC,GG,CC,GG,TT,AA,CC,TT,GG,CC,CC,AT,GG,CC,AA,CC,AT,AA,AC,CG,AC,AA,AA,GG,AA,AA,AA,AA,GG,AA,AA,AA,TT,GG,CC,AA,AA,AC,CC,AG,AA,GG,NN,GG,GT,AA,AA,TT,TT,TT,AA,TT,GG,GG,AA,5.92,Resistant,High,Poor,Late
L0013,Warangal,Telangana,Rabi,Black Cotton,Irrigated,410,26.5,60,AA,TT,GG,AG,CG,CC,GG,TT,CC,CG,AA,CC,CC,TT,GT,GG,GG,TT,TT,AA,CG,TT,TT,CC,TT,CC,TT,TT,GG,AA,TT,CC,AA,CC,GG,GG,GG,CC,GG,CC,GT,CT,AA,GT,AG,AG,NN,TT,CC,AA,GT,AA,AA,GG,CC,TT,AA,AC,GT,AA,AA,TT,TT,AG,TT,TT,CC,GG,CT,GG,AA,GG,CC,AA,AG,AC,AT,GG,TT,TT,GG,GT,GG,CC,AA,GG,AA,AA,CG,TT,CC,TT,CC,TT,TT,GG,CT,CC,TT,CC,CC,CC,AG,AA,TT,TT,CC,AA,GG,AA,CC,GG,TT,CC,TT,AA,AC,TT,CC,AG,CC,GG,CC,GT,TT,AA,CC,CC,AC,CC,AA,TT,CC,AA,CC,CC,AA,TT,AA,AA,GG,CC,CC,GG,AA,AG,AA,CC,GT,CC,CG,AA,GG,AG,TT,AG,AC,TT,CC,GG,CC,TT,TT,TT,CC,AA,GG,TT,AA,TT,CG,CC,AA,CT,CC,CC,GG,CC,AA,GG,AA,CC,TT,CC,TT,TT,CC,AT,AA,GG,TT,CC,CG,AA,CC,CC,NN,AG,AC,GG,TT,CC,AA,CC,GG,AA,CC,AT,AT,GT,TT,AT,AA,GG,GG,AT,CC,TT,GT,AA,GG,AA,CT,AA,TT,CC,TT,CC,CC,TT,GG,GG,CC,AA,CC,AT,CT,TT,GG,TT,AA,NN,AG,GG,CC,CC,GG,CC,GG,TT,AG,CG,TT,GG,CC,CG,AT,GG,CC,AT,CC,AT,AA,CC,CC,AC,AT,AA,GG,AA,AA,AA,AA,AG,GG,AG,AA,TT,CG,AC,AA,AA,AC,CT,AA,AA,GG,AG,GG,TT,AA,AA,GT,TT,TT,AA,AT,GG,GG,AA,8.69,Moderate,High,Standard,Early
L0014,Warangal,Telangana,Rabi,Black Cotton,Irrigated,410,26.5,60,AC,TT,GG,AA,GG,CC,GG,TT,CC,CG,AA,CC,GG,TT,TT,GG,CG,TT,TT,AG,CC,TT,GT,CC,TT,CT,TT,TT,GG,AA,TT,CT,AA,CC,GG,CG,GG,CG,GG,CC,TT,CT,AA,TT,AG,AG,TT,TT,CC,AC,GG,AA,AA,GG,CC,GT,AT,AC,GG,AC,AA,TT,TT,AG,TT,NN,CC,GG,TT,TT,GG,GG,CC,AG,GG,AA,TT,GG,TT,TT,AG,GG,GT,CC,AA,GG,AA,AT,CC,TT,AA,TT,TT,AT,TT,GG,TT,CC,GG,NN,CT,CC,AG,AA,TT,GT,CC,AA,AA,AA,CT,GG,TT,CC,TT,AA,AA,AT,CC,AG,CC,GG,CC,GG,CT,AA,CT,CC,CC,CC,AA,TT,CC,AC,CC,CC,AA,AT,AA,AT,GG,CC,CC,GG,AA,AG,AA,CC,GT,CC,CG,AA,AA,GG,TT,GG,AC,TT,TT,AA,CC,TT,TT,TT,CC,AT,TT,TT,AA,TT,CG,CC,AG,CC,AC,CC,CG,CC,AA,GG,AA,CC,TT,CC,GG,TT,GG,TT,AG,AA,TT,CC,GG,AC,CC,NN,GG,AG,CC,GG,TT,AC,AA,CC,GT,AA,AC,AA,AT,GG,TT,AA,AA,CG,GT,AA,CC,AT,GG,AA,GG,AA,CT,AA,TT,CC,TT,AC,CC,CT,CC,AA,CG,GG,CC,AA,CT,GT,GG,AT,AA,AC,AA,GG,CC,CC,GG,CC,GT,AT,AA,CC,GT,AG,CC,CC,AA,AG,CG,AT,CC,AA,AA,CC,CG,CC,TT,AA,GG,NN,AA,AC,AA,GG,AA,AA,AA,TT,GG,AA,AA,CC,AC,NN,AA,AA,GG,GG,GG,TT,AT,AA,TT,TT,TT,GG,TT,CG,GG,AA,9.04,Moderate,Medium,Poor,Early
L0015,Warangal,Telangana,Rabi,Black Cotton,Irrigated,410,26.5,60,AA,TT,AG,AA,GG,CC,GT,TT,CC,CG,AA,CC,CC,AT,TT,GG,CG,TT,TT,AA,CG,TT,GT,CC,TT,CC,GT,TT,GT,AA,TT,CC,AA,CC,GG,CG,GG,CG,GG,CC,TT,CT,CC,TT,AG,GG,TT,TT,CC,AC,GG,AA,AA,GG,CC,TT,AA,AC,GT,NN,AA,GT,TT,NN,TT,TT,CC,GG,TT,GG,AA,GG,CC,AA,GG,AC,AT,GG,TT,TT,GG,GG,GG,CC,AA,GG,AA,AT,CG,GT,CC,TT,CT,TT,TT,AG,TT,AC,TT,CC,CC,CG,AA,AA,AT,TT,CC,AA,AG,AA,CC,GG,TT,CC,GT,NN,AA,TT,CC,GG,CC,GG,CC,GT,CT,AA,CC,CC,CC,CC,AA,TT,CC,AA,AC,CC,AA,TT,AA,AA,GG,CT,CC,GG,AA,GG,AA,CC,GG,CC,CG,AA,GG,AG,TT,GG,AC,TT,TT,GG,AC,TT,GT,TT,GG,AT,TT,TT,AA,TT,GG,CG,AA,CC,CC,CC,GG,CC,AA,GG,AA,CC,TT,CC,GT,TT,GG,NN,AA,AA,TT,CC,GG,AA,AC,CC,GG,GG,AA,GG,TT,CC,AA,CC,GG,AT,CC,AA,AT,GG,TT,TT,AA,GG,GT,TT,GG,TT,GT,AA,GG,AA,CT,AA,TT,CC,TT,AC,CC,TT,NN,AG,CC,AG,CC,TT,TT,GT,GG,TT,AC,AC,AA,GG,CC,NN,CG,CC,GG,TT,AG,CC,GT,GG,CC,CG,AA,GG,CG,NN,CC,AA,AA,CC,CC,AC,TT,AA,GG,AA,AA,AA,AA,AG,AG,AA,AA,AT,GG,AA,AA,CC,AC,CC,AA,AA,GG,GG,GG,GT,AT,AG,TT,TT,TT,AA,AT,GG,CG,AA,6.5,Moderate,Low,Premium,Medium
L0016,Warangal,Telangana,Rabi,Black Cotton,Irrigated,410,26.5,60,AC,CT,AG,AG,GG,CC,GG,AT,CC,CG,AA,CC,CC,TT,GT,GG,CC,TT,TT,AG,CC,GT,GT,CT,AT,CC,GT,TT,GG,AA,TT,CC,AA,CC,GG,GG,GG,CC,NN,CC,TT,CT,AA,GT,AG,AG,TT,TT,CC,AA,GT,AA,AG,GG,CC,GG,AA,AA,GT,AC,AG,TT,AT,AA,TT,TT,CC,GT,TT,GT,AG,GG,CC,AA,AG,AA,AA,GG,TT,TT,GG,GG,GG,CC,AA,GG,NN,AA,CC,GT,CC,TT,CC,TT,TT,GG,TT,CC,GT,CC,NN,CC,AG,AA,AT,TT,NN,AA,AA,AA,CT,GG,TT,CC,GT,AC,AA,TT,CC,AG,CC,GG,CC,GG,CT,AA,CT,CC,CC,CC,AA,TT,AC,AA,CC,CC,AA,TT,AA,AT,GG,CC,CC,GG,AA,AA,AA,CC,GG,NN,CG,AA,AA,GG,TT,AG,AA,TT,CT,AG,CC,GT,TT,CT,NN,AT,GG,TT,NN,TT,GG,CC,AG,TT,CC,AC,CG,CC,AA,GG,AA,CC,TT,CG,GT,TT,CG,AT,AA,AA,TT,NN,GG,AA,CC,CC,GG,AG,CC,GG,TT,AA,AA,CC,GG,NN,AC,AA,AA,GT,TT,AA,AT,GG,TT,AT,CC,TT,NN,AA,GG,AA,TT,AA,TT,CC,CT,AA,AC,CT,CG,AG,CC,GG,CC,TT,TT,GG,GG,AT,AA,AC,AG,GG,CC,CG,GG,CC,GG,AT,AA,CC,TT,GG,CC,CG,AT,AG,CG,AT,CC,AA,AA,AC,CG,AC,TT,AA,GG,AA,AA,AC,AA,GG,AG,AG,AA,AA,GG,AA,AA,AC,AC,CT,AA,AG,GG,GG,GG,TT,AA,AA,TT,AT,TT,AA,TT,GG,GG,AA,5.93,Moderate,Medium,Poor,Medium
L0017,Warangal,Telangana,Rabi,Black Cotton,Irrigated,410,26.5,60,AA,TT,AG,AA,GG,NN,GT,TT,CC,CG,AA,CC,CG,TT,NN,GG,GG,TT,TT,AA,CG,GG,TT,CT,TT,NN,TT,TT,GT,AA,TT,CT,AA,AC,GG,GG,GG,GG,GG,CC,TT,CT,AA,GT,AG,GG,TT,TT,CC,AC,TT,AA,AA,GG,CC,GT,AA,AA,GT,CC,AG,TT,AT,AG,TT,NN,CC,GG,TT,GT,AG,GG,CC,AA,AG,AC,AT,GG,TT,TT,AG,GG,GG,CC,AA,GG,AA,AA,CG,TT,CC,TT,CC,TT,GT,GG,CC,CC,TT,CT,CT,CC,GG,AG,AT,TT,CG,AG,AG,AA,CC,GG,TT,CG,TT,AC,AA,TT,CG,GG,CC,AG,CT,GT,TT,AA,CT,CC,CC,CC,AG,TT,CC,AA,CC,CC,AA,TT,AA,AA,CG,CT,CG,GG,AA,GG,AA,CC,GG,CC,CC,AG,AA,GG,TT,AG,AC,TT,TT,GG,CC,GG,GT,TT,CG,AA,TT,TT,AA,TT,GG,CC,AG,CC,CC,CC,GG,CC,AA,GG,AA,CC,TT,CG,GT,TT,GG,TT,AA,AA,TT,CC,GG,AA,CC,CG,GG,GG,AA,GG,NN,AA,AG,CC,GG,AA,CC,AA,AA,GG,TT,AT,AT,GG,GT,AT,CG,AT,TT,AA,GG,AA,CT,AA,TT,CG,CT,NN,CC,TT,GG,AA,CC,AG,CC,TT,TT,TT,GG,AT,AA,AA,AA,GG,CC,GG,GG,CC,GT,AT,AA,CC,TT,GG,CC,CG,AA,GG,CC,AA,CC,AA,AA,CC,CC,AC,TT,AA,GG,AT,AA,AC,AA,AA,AG,AA,AA,TT,GG,AA,AA,AC,AA,CC,AG,AA,GG,GG,GG,TT,AT,AA,TT,TT,TT,AA,TT,GG,GG,AA,10.47,Susceptible,Medium,Premium,Medium
L0018,Warangal,Telangana,Rabi,Black Cotton,Irrigated,410,26.5,60,CC,TT,AA,AG,CG,CC,GG,AT,CC,CG,AA,CC,NN,AT,TT,GG,CC,TT,TT,AA,CC,TT,GT,CC,NN,CC,GT,TT,GT,AA,TT,CC,AA,CC,GG,GG,GG,CC,GG,CC,TT,CT,AA,TT,AG,GG,TT,TT,CC,AC,GG,AA,AA,GG,CC,TT,AA,AA,GT,AC,AA,TT,AT,AA,CT,TT,CC,GG,TT,GT,AA,GG,CC,AA,GG,AC,AA,GG,TT,TT,GG,GG,GG,CC,AT,GG,AA,TT,CC,GG,CC,TT,CC,TT,GT,GG,TT,CC,TT,CC,CT,CC,GG,AA,TT,TT,CG,AA,AG,AA,CC,GG,GT,CC,GT,AA,AC,TT,CC,GG,CG,AG,CC,GG,TT,AA,CC,CC,CC,CC,AA,TT,CC,AA,CC,CC,AA,TT,AA,AT,CG,CC,CC,GG,AA,AG,AA,CC,GT,CC,CC,AG,NN,GG,GT,AG,CC,TT,TT,GG,AC,GT,TT,CT,CC,AT,TT,TT,AT,NN,GG,CC,AA,CT,CC,CC,GG,CC,AA,GG,GG,CC,TT,CC,GT,GT,GG,TT,AG,AG,TT,CC,CG,AC,CC,CC,GG,GG,AA,GG,TT,AC,AA,CC,GT,AA,AC,AA,AA,GG,TT,NN,AA,GG,GT,AT,CC,AT,TT,AA,GG,NN,TT,AA,TT,CC,TT,AA,CC,CC,GG,AA,CG,AA,CC,NN,CT,TT,GG,TT,AC,AC,AG,GG,CC,CG,NN,CC,NN,TT,AA,CG,GT,GG,CC,GG,AA,AG,CC,AT,CC,AA,NN,CC,CG,CC,TT,AA,GG,AA,AA,AC,AA,AG,GG,NN,AA,TT,GG,AA,AA,CC,AA,CT,AA,AA,GG,GG,GG,TT,AA,AA,TT,TT,TT,AA,AA,GG,GG,AA,5.82,Susceptible,Low,Standard,Medium
L0019,Warangal,Telangana,Rabi,Black Cotton,Irrigated,410,26.5,60,NN,TT,NN,GG,GG,CC,GG,AT,CC,CC,AA,CC,CC,TT,TT,GG,GG,TT,TT,AA,CC,TT,GG,CT,TT,CC,GT,TT,GG,AA,TT,CC,AA,CC,GG,CG,GG,GG,GG,CC,TT,CT,AC,GT,AA,GG,TT,TT,CG,AC,GG,AT,AA,GG,CT,GG,AA,AA,TT,AC,AA,TT,NN,AA,TT,AT,CC,GG,TT,GG,AG,GG,AC,AA,AG,AC,AA,GG,TT,TT,GG,GT,GG,CC,AA,GG,AA,AA,CC,TT,AC,GT,CT,TT,TT,AG,TT,CC,GT,CC,CC,GG,AG,AG,TT,TT,CC,AA,AG,AC,CT,GG,TT,CC,TT,AC,AC,TT,CC,GG,CG,AG,CC,GG,TT,AA,CT,CC,CC,CC,AA,NN,CC,AA,CC,CC,AA,AT,AA,AT,GG,TT,CC,GG,AA,AA,AA,CC,GG,CC,CG,AA,AA,GG,TT,GG,AC,GG,TT,AG,AC,TT,GT,CT,CC,AT,NN,TT,AT,TT,GG,CC,AA,CC,AC,CC,GG,CC,AA,AG,AA,CC,TT,CC,GT,GT,GG,AA,AA,AG,TT,CC,GG,AA,CC,NN,GG,AG,AA,CG,TT,AA,AA,CC,GG,AT,AC,AA,AA,GG,TT,AT,AA,GG,TT,AA,CC,TT,GT,AA,GG,AA,CT,AA,TT,CC,CT,AA,CC,TT,CG,AG,CG,GG,CC,TT,CT,TT,GG,TT,AA,AC,AA,GG,CC,CG,GG,CC,GG,AA,AA,CC,TT,GG,CC,CC,AT,NN,CC,AA,CC,TT,AA,CC,CG,AC,TT,AA,GG,AA,AC,AA,AA,AA,GG,AA,AA,AT,GG,AC,AG,CC,AC,CT,AG,AA,GG,NN,GG,TT,AA,AA,TT,TT,TT,AG,AA,GG,GG,AA,6.12,Susceptible,Low,Premium,Early
L0020,Warangal,Telangana,Rabi,Black Cotton,Irrigated,410,26.5,60,AA,CT,AG,AG,GG,CC,GG,TT,CC,CG,AT,CC,CG,AT,TT,GG,CG,TT,TT,AG,CC,GT,TT,CC,TT,CC,TT,TT,GG,AA,TT,CT,AA,CC,GG,GG,GG,GG,GG,CC,TT,CT,AA,GT,AG,AG,TT,TT,CC,AA,GG,NN,GG,GG,CC,TT,AA,AC,GG,AC,AA,TT,TT,AG,TT,AT,CC,GG,TT,GG,AG,GG,CC,AA,GG,AA,AT,GG,TT,TT,GG,GG,GT,CC,AT,GG,AA,AA,CC,GT,CC,TT,CT,TT,TT,GG,TT,CC,GT,CC,CC,CC,AG,AA,TT,TT,CC,AG,AA,AA,CC,GG,TT,CC,GG,NN,AA,TT,CC,AA,CC,GG,CC,GG,TT,GG,CT,CC,CC,CC,AA,TT,CC,AA,CC,CC,AG,AT,AA,AA,GG,CC,CC,GG,AA,AG,AA,AC,GG,CC,CC,AA,AG,GG,TT,GG,AA,TT,TT,GG,AC,GT,TT,TT,CC,AT,GT,TT,AA,TT,CG,CG,AG,CC,CC,CC,CG,CC,AA,GG,AG,CC,TT,CC,NN,TT,GG,AA,AA,AG,GT,CC,GG,AC,CC,CC,GG,GG,AC,GG,TT,AA,AG,CC,NN,AA,CC,AA,AT,GG,TT,AT,AA,GG,GG,AT,CC,AT,TT,AA,GG,AA,TT,AA,AT,CC,CT,AC,CC,TT,GG,GG,CC,AG,CC,TT,NN,GT,GG,TT,AA,AA,AG,GG,CC,CG,GG,CC,GG,TT,AA,CC,TT,GG,CC,CC,AA,GG,CC,AT,CC,AT,AA,AC,CC,AC,AT,AA,GG,AA,AC,AC,AC,AA,AA,AA,AA,TT,GG,AA,AA,AC,AA,TT,AA,AA,GG,GG,GG,TT,AA,AG,TT,TT,TT,AG,AT,CG,CG,AA,7.9,Susceptible,Medium,Poor,Late
L0021,Warangal,Telangana,Rabi,Black Cotton,Irrigated,410,26.5,60,AC,TT,AG,AA,GG,CC,GG,TT,CC,CC,AT,CC,CC,TT,TT,GG,CG,TT,TT,AA,CC,TT,TT,CC,TT,CC,TT,TT,GG,AA,TT,CC,AA,CC,GG,GG,GG,CC,GG,CC,TT,TT,AC,TT,AA,AG,TT,TT,CC,AC,GG,AA,AA,GG,CC,TT,AA,AA,GT,AA,AA,TT,AT,AG,TT,TT,CC,GG,TT,GT,AG,GT,CC,AA,GG,AC,AA,AG,TT,TT,GG,GG,GG,CC,AA,GG,AA,AA,CC,GT,CC,TT,TT,TT,TT,GG,TT,CC,GT,CT,CC,CG,GG,AA,TT,TT,CC,AA,AA,AA,CC,GG,TT,CC,TT,AC,AA,TT,CC,GG,CC,GG,CC,GT,TT,AA,CC,CC,CC,CC,AA,TT,CC,AC,CC,CC,AA,TT,AA,AA,GG,CT,CC,GG,NN,NN,AA,CC,GT,CC,CC,GG,AG,GG,TT,AG,AC,GT,CT,GG,CC,TT,GT,TT,GG,AA,TT,CT,AT,TT,GG,CC,NN,CT,CC,CC,GG,CC,AA,GG,AA,CC,TT,CG,GG,TT,GG,TT,AG,AA,TT,AC,GG,AC,CC,CC,GG,GG,AC,GG,TT,AC,AA,CC,GG,AA,AC,AA,TT,GG,TT,TT,AA,GG,TT,AA,CC,TT,GT,AT,GG,AA,CT,AA,TT,CC,NN,AC,CC,TT,CG,AG,CC,AG,CC,TT,TT,GT,CG,NN,AC,CC,AA,GG,CC,CC,GG,CG,GG,TT,AA,CC,TT,GG,CC,CG,AT,GG,CC,AA,CC,AA,AA,NN,CG,CC,AT,AA,GG,AA,AC,AA,AC,AG,AG,AA,AA,AT,GG,AA,AA,AC,AA,TT,AA,AA,GG,GG,GG,TT,AA,AA,TT,TT,TT,AG,TT,NN,CG,AC,5.32,Resistant,Medium,Standard,Late
L0022,Warangal,Telangana,Rabi,Black Cotton,Irrigated,410,26.5,60,AA,TT,NN,AA,GG,CC,GG,TT,CC,NN,AA,CC,CG,TT,TT,GG,GG,TT,TT,AA,CC,GT,TT,CT,TT,CC,GT,TT,GG,AA,TT,CT,NN,AC,AG,GG,GG,CC,GG,CC,TT,CT,AA,TT,AG,GG,TT,AT,CC,AC,GG,AA,AA,GG,CT,GT,AA,AA,TT,AC,AA,TT,TT,AA,TT,AA,CC,GG,CT,GG,AA,GG,CC,AA,GG,CC,AT,GG,TT,TT,GG,GG,GT,CC,AA,GG,AA,AA,CC,TT,CC,TT,CC,TT,GT,GG,CT,CC,GT,CC,CC,GG,GG,AA,AT,TT,CC,AA,AA,AC,CC,NN,TT,CG,TT,AA,AC,TT,CG,GG,CC,GG,CC,GT,CT,AG,TT,CC,CC,CG,AA,TT,AC,AA,CC,CC,AA,TT,AA,AA,GG,CT,CC,GG,AA,AA,AA,AC,GT,CC,CC,AA,AA,GG,TT,GG,CC,GT,CT,AG,AC,TT,GG,TT,CC,AA,TT,TT,AT,TT,GG,CG,AA,CT,CC,AC,GG,CC,AA,GG,AA,CC,TT,CG,GT,GT,GG,AA,AA,AA,TT,CC,GG,AA,AC,CC,GG,GG,AA,NN,TT,AC,AA,CC,GT,AT,CC,AA,AT,GG,TT,TT,AA,GG,GT,AA,CC,AT,TT,AA,GG,AA,CT,AA,TT,CC,TT,AC,CC,CT,GG,AG,CC,AG,CC,AT,TT,TT,GG,TT,AC,CC,AA,GG,CC,CC,GG,CC,GG,AT,AA,CC,TT,GG,CC,CC,AA,AG,CC,AA,CC,AT,AA,CC,CG,AC,TT,AA,GG,AA,AA,AA,AA,AG,AA,AG,AA,AT,GG,AC,AG,AC,AA,TT,AA,GG,GG,GG,GG,TT,AA,AA,GT,TT,TT,AG,TT,GG,GG,AA,6.06,Susceptible,High,Standard,Late
L0023,Warangal,Telangana,Rabi,Black Cotton,Irrigated,410,26.5,60,AC,CC,AG,AG,CC,CC,GT,TT,CC,CG,AA,CT,CC,AT,GT,GG,NN,TT,TT,AG,CC,TT,GG,CC,TT,CC,TT,TT,GG,AA,TT,CT,AA,CC,GG,CG,GG,CC,GG,CC,TT,TT,AA,TT,AG,AG,TT,AT,CC,AA,GT,AA,AA,GG,CC,TT,AA,AA,GT,AC,AA,TT,TT,AA,TT,AT,CC,GG,TT,GT,AA,GG,CC,AA,GG,AC,AT,GG,TT,TT,GG,TT,GT,CC,AA,GG,AA,AA,CC,TT,CC,TT,CC,TT,GT,NN,CC,CC,GT,CC,CC,CC,AG,AA,TT,TT,GG,AA,AA,AC,CC,GG,TT,CC,TT,AA,AA,TT,CC,AG,CG,GG,CC,GG,TT,AA,CT,CG,CC,CG,AA,TT,CC,AA,CC,CC,AG,TT,AA,AT,GG,CC,CC,GG,AG,AA,AA,CC,GG,CC,CC,AA,AA,AG,GT,AG,AA,GT,CT,GG,AC,TT,GT,TT,CC,AT,TT,TT,AA,TT,GG,CC,AG,CT,CC,CC,GG,CC,AA,GG,AG,CC,TT,CC,TT,NN,CG,AT,AA,AG,TT,AC,CG,AA,CC,CC,GG,GG,AC,GG,TT,AA,AA,CC,GG,AT,AC,AA,AA,GT,GT,TT,TT,CG,GT,AT,CG,TT,TT,AA,GG,AA,CC,AC,TT,CC,TT,AC,AC,TT,GG,NN,CC,AA,CC,TT,CT,GT,GG,TT,AA,AA,AA,GT,CC,CC,GG,CC,GG,AT,AA,GG,TT,AG,CG,CC,AA,GG,CC,AT,CC,AA,AA,CC,CG,AC,TT,AG,GG,AA,AA,AA,AC,AG,AA,AA,AA,TT,CG,AC,AG,AC,AC,CT,AA,AA,CG,GG,GG,TT,AA,AG,GT,TT,TT,AG,TT,GG,CG,NN,8.39,Susceptible,High,Poor,Early
L0024,Warangal,Telangana,Rabi,Black Cotton,Irrigated,410,26.5,60,AC,TT,AG,AG,GG,CC,GT,TT,CC,CC,AA,CC,CG,TT,TT,GG,GG,TT,AT,GG,CC,TT,TT,CC,TT,CC,TT,TT,GG,AA,TT,CC,AA,CC,GG,GG,GG,CC,GG,CC,TT,CT,AA,GG,AA,AA,TT,TT,CC,CC,GT,AT,AA,GG,CC,TT,AA,AA,GT,AA,AA,TT,TT,NN,TT,AT,CC,GG,TT,GT,AA,GT,CC,AA,GG,AA,AT,GG,GT,TT,GG,GG,GG,CC,AA,GG,AA,AA,CC,GT,CC,TT,CT,TT,GG,GG,TT,AC,GT,CC,CT,CG,AG,AA,TT,TT,CC,AG,AA,AA,CC,GG,TT,CG,TT,AA,AA,TT,CC,AG,CC,AG,CC,GT,TT,GG,CC,CC,AC,CC,AA,TT,CC,AA,CC,CC,AA,TT,AA,AA,GG,CT,CC,GG,AA,AG,AA,CC,GT,CC,CC,AA,AA,AG,TT,AG,AA,TT,CT,GG,AA,TT,TT,TT,CG,TT,GT,TT,AA,TT,NN,CC,AG,CT,CC,CC,GG,CC,AA,GG,AG,AC,TT,CC,GG,NN,GG,TT,AA,AA,TT,AC,GG,AC,AC,CC,GG,GG,AC,GG,TT,AC,AA,CC,GT,AA,CC,AA,AT,GT,TT,TT,AA,GG,GT,AA,CC,AT,TT,AT,GG,AA,CT,AA,TT,CC,TT,AA,CC,TT,GG,AG,CC,AA,CC,TT,TT,TT,GG,TT,AA,AC,AG,GG,CC,CG,GG,CC,GG,AT,AA,CC,TT,GG,CC,CC,AA,AG,CC,NN,CC,TT,AA,AC,CC,AA,TT,AA,GG,AA,AA,AA,AA,AA,AG,AA,AA,TT,GG,AA,AA,CC,AA,CT,AA,AA,GG,AG,GG,TT,AT,AA,TT,TT,AT,AG,TT,GG,CG,AA,7.08,Susceptible,High,Poor,Late
L0025,Warangal,Telangana,Rabi,Black Cotton,Irrigated,410,26.5,60,AC,TT,GG,AA,NN,CC,GG,TT,CC,CG,AT,CC,CC,TT,TT,GG,GG,TT,TT,AA,CC,TT,GT,CC,TT,CC,TT,TT,GG,AA,TT,CT,AA,CC,GG,GG,GG,CG,GG,CC,TT,TT,AC,TT,AA,GG,TT,TT,CC,AC,GG,AA,AA,GG,CT,TT,AA,AA,GT,AA,AA,GT,TT,AA,TT,TT,CC,GG,TT,GT,AA,GG,CC,AA,GG,AC,AA,GG,GT,TT,GG,GG,GG,CC,AA,GG,AA,AT,CC,GT,CC,TT,CC,AT,GT,GG,TT,CC,GT,CC,TT,CG,GG,AA,AT,GT,CG,AA,AG,AA,CT,GG,GT,CC,NN,AA,AA,TT,CC,GG,CC,AG,CC,GT,NN,AA,CT,CC,AC,CC,AA,TT,CC,AA,CC,CC,AA,TT,AA,AA,GG,CC,CC,GG,AA,AA,AA,CC,GT,CC,CC,AA,AA,GG,TT,GG,AC,TT,NN,GG,AC,GT,TT,TT,CG,TT,GT,TT,AT,TT,GG,CG,AA,CT,CC,CC,CG,CC,AA,GG,AG,CC,TT,CG,GG,TT,GG,TT,AA,AA,TT,CC,GG,AA,CC,CC,GG,GG,AA,GG,TT,AC,AA,CC,GG,AT,AC,AA,TT,GG,GT,AT,AA,GG,GT,AA,CG,AT,TT,AA,GG,AA,CT,AC,TT,CC,TT,AC,AC,TT,GG,AG,CC,AG,CC,TT,CT,GT,GG,TT,AA,AC,AA,GG,CC,CC,GG,CG,GG,TT,AA,CC,GT,GG,CC,CC,AA,GG,CC,AA,CG,AA,AA,CC,CC,AC,TT,AA,GG,AA,AC,AC,AA,GG,AA,AG,AA,TT,CG,AA,AG,AC,AA,TT,AA,AA,GG,GG,GG,TT,AA,AA,GT,NN,TT,AG,AT,GG,GG,AC,7.31,Resistant,Medium,Premium,Medium
L0026,Warangal,Telangana,Rabi,Black Cotton,Irrigated,410,26.5,60,AA,TT,GG,AG,GG,CC,GG,AT,CC,CC,AA,CC,CC,AT,GT,GG,CG,TT,TT,AA,CG,TT,GT,CC,TT,CT,GT,TT,GG,NN,TT,CC,AA,CC,GG,GG,GG,GG,GG,CC,TT,CT,AA,TT,AA,GG,TT,AT,CC,AA,GT,AA,AA,GG,CT,TT,AA,AA,GG,AA,AG,GT,AT,AA,TT,AT,CC,GG,TT,GT,AA,GG,CC,AA,GG,AC,AT,AG,TT,TT,GG,GT,GG,AC,AA,GG,AA,AA,CC,TT,CC,GT,CT,TT,GT,GG,TT,CC,TT,CC,CC,CG,GG,AG,AT,TT,GG,AA,AA,AC,CC,GG,TT,CC,GT,AA,AA,TT,CG,GG,CC,GG,CC,GG,NN,AA,CC,CC,CC,CC,AA,TT,CC,AA,CC,CC,AA,AT,AA,NN,CG,CT,CC,GG,AA,AG,AT,AA,GT,CC,CC,AA,AA,GG,TT,GG,AA,GT,CT,AG,AC,GT,TT,CT,CG,AA,GT,TT,AA,TT,GG,CC,AA,CC,CC,CC,GG,CC,AA,GG,AG,CC,TT,CC,GT,TT,GG,AA,AA,AA,TT,CC,CG,AA,CC,CG,GG,GG,AC,GG,TT,AA,AA,CC,GT,AA,CC,AA,AA,GG,TT,TT,AA,GG,GT,AA,CC,TT,GT,AA,GG,AA,NN,AA,TT,CC,TT,AA,CC,TT,CG,AG,CC,AA,CC,TT,CT,GT,GG,TT,AA,AA,AA,GG,CC,GG,GG,CG,GG,TT,AA,CC,TT,GG,CC,CC,AT,NN,CC,AA,CC,AA,AA,CC,CG,CC,TT,AA,GG,AA,AA,CC,AA,AG,AA,AA,AA,TT,CG,AC,AA,AC,AC,TT,AA,AA,GG,GG,GG,TT,AA,AA,TT,TT,NN,AG,TT,GG,GG,AA,5.92,Susceptible,Low,Poor,Late
L0027,Warangal,Telangana,Rabi,Black Cotton,Irrigated,410,26.5,60,AA,CT,GG,AG,GG,CC,GT,TT,NN,CC,AA,CC,CC,TT,TT,GG,GG,TT,TT,AA,CC,GT,GG,CC,TT,CC,TT,TT,GT,AA,TT,CC,AA,CC,GG,CC,GG,CC,GG,CC,TT,TT,AA,TT,AA,GG,TT,NN,CC,NN,GG,AA,AA,GG,CC,TT,AA,AA,GT,AA,AA,TT,AT,AA,TT,TT,CC,GG,TT,TT,AA,GG,CC,AA,GG,AA,AT,AG,GT,TT,GG,TT,GG,CC,AA,GG,AG,AA,CC,TT,AC,TT,CC,TT,TT,AA,CT,CC,GT,CC,CC,CC,AG,AA,TT,NN,CC,AA,AG,AA,CC,GG,TT,CC,TT,AA,AA,TT,CC,GG,CC,GG,CC,GT,TT,AA,CC,CC,AC,CC,AA,TT,CC,AA,CC,CC,AA,AT,NN,AA,GG,CC,CC,GG,AA,AG,AA,AC,GG,CC,CC,AA,GG,AG,TT,AG,AA,GG,CC,GG,CC,GT,TT,TT,CC,AT,TT,TT,AA,AT,GG,CG,AG,CT,AC,CC,GG,AA,AA,GG,AA,CC,TT,CC,GT,TT,GG,TT,AA,AA,TT,CC,CG,AC,CC,CC,GG,GG,AC,GG,TT,CC,AG,CC,GG,AA,AC,AA,AA,GG,GT,AT,AA,GG,GG,AA,CC,TT,TT,AA,GG,AA,TT,AA,TT,CC,CT,AA,CC,TT,CG,AA,CG,GG,CC,AT,TT,TT,GG,NN,AA,AC,AA,GG,CC,GG,GG,CC,GG,TT,AA,CC,TT,GG,CC,CC,AT,AG,CC,NN,CC,AA,AA,AA,CG,CC,TT,AA,GG,AA,AA,AC,AA,AG,AG,AG,AG,TT,GG,AC,AG,AC,AA,TT,AA,AA,GG,GG,GG,TT,AA,AA,NN,TT,TT,AA,TT,GG,GG,AC,5.57,Resistant,High,Premium,Early
L0028,Warangal,Telangana,Rabi,Black Cotton,Irrigated,410,26.5,60,AC,TT,AG,AA,GG,CC,GG,AT,CC,CC,AA,CC,CG,AT,GT,GG,CG,TT,TT,AA,CC,TT,TT,CC,TT,CC,TT,TT,GG,AA,CT,CC,AG,CC,GG,CG,GG,CC,GG,CC,TT,TT,AA,TT,AA,GG,TT,TT,CC,AC,GG,AA,AA,GG,CC,TT,AT,AA,GT,AC,NN,TT,AT,AA,TT,AT,CC,GG,TT,GT,AA,GG,CC,AA,GG,CC,AA,GG,TT,TT,GG,TT,GT,CC,AA,GG,AA,TT,CC,GG,CC,TT,NN,TT,TT,GG,TT,CC,TT,CC,CT,CG,GG,AA,TT,TT,CG,AA,AG,AA,TT,GG,TT,CC,TT,AA,AA,TT,CC,AG,CG,GG,CC,GG,TT,AA,CT,CC,CC,CC,AA,TT,CC,AA,CC,CT,AA,TT,AA,AT,GG,CT,CC,GG,AA,AA,AA,CC,GT,CC,CC,AA,AG,AG,TT,GG,AC,TT,CT,GG,CC,GT,GT,TT,CG,AA,TT,TT,AT,AT,GG,CC,AA,CT,CC,CC,CC,CC,AA,GG,AG,CC,TT,CC,GT,TT,GG,AT,AA,AA,TT,CC,CG,AC,CC,CC,GG,NN,AC,GG,TT,AA,AA,CC,GG,AA,CC,AA,AA,GG,TT,TT,AA,GG,TT,AT,CC,AT,GT,AA,GG,AA,TT,AA,TT,CC,TT,AA,CC,TT,GG,AA,CG,AG,AC,TT,TT,GG,CG,TT,AA,CC,AA,GG,CG,GG,GG,CC,GG,AT,AA,CC,TT,GG,CC,CC,AA,GG,CC,TT,CC,AA,AA,AC,CC,CC,TT,AA,GG,AA,AA,AC,AA,GG,AG,AA,AA,TT,GG,AC,AA,AC,AA,TT,AA,AA,NN,GG,GG,TT,AA,AA,TT,TT,TT,AA,TT,GG,GG,AA,6.61,Moderate,Medium,Premium,Medium
L0029,Warangal,Telangana,Rabi,Black Cotton,Irrigated,410,26.5,60,AC,TT,GG,AG,CG,CC,GG,AT,CC,CC,AA,TT,CG,TT,GT,GG,GG,TT,TT,AA,CG,TT,GT,CC,TT,CC,TT,AT,GG,AA,TT,NN,NN,CC,AG,CG,GG,CG,GG,CC,TT,CT,AA,TT,AA,AG,TT,AT,CC,AA,GG,AT,AA,GG,CT,TT,AA,AA,GG,AC,AA,GG,AT,AA,TT,TT,CC,GG,TT,GG,GG,GG,AC,AA,GG,AA,AA,GG,TT,TT,GG,GG,GG,CC,AA,GG,AA,AA,CC,TT,CC,TT,CC,TT,GT,GG,TT,CC,GT,CC,CC,CG,GG,AA,TT,GT,CG,AA,GG,AA,CT,GG,TT,CC,TT,AA,AC,TT,GG,AG,CC,GG,CC,GG,CT,AA,CC,CC,CC,CC,AA,TT,CC,AA,CC,CT,AG,TT,AG,TT,GG,CC,CC,GG,AG,AG,AA,AC,GG,CC,CG,AG,AG,AG,TT,GG,AA,GT,CT,GG,CC,GT,TT,TT,CC,AT,TT,TT,TT,TT,GG,CC,AG,CT,CC,CC,CG,CC,AT,GG,GG,CC,TT,CC,GG,TT,GG,AT,AA,AA,GT,AC,GG,AA,AC,CC,GG,GG,AC,GG,TT,AA,AA,CC,GG,AA,AC,AT,AA,GT,GT,AT,AA,GG,GT,AT,CC,TT,TT,AA,GG,AA,CT,AA,TT,CC,TT,AA,CC,CT,CG,AA,CC,AA,CC,TT,CT,GT,GG,TT,AA,AC,AA,GG,CC,CG,GG,CC,GG,TT,AA,CC,TT,GG,CC,CC,AT,GG,CG,AA,CC,AA,AA,CC,CG,AC,TT,AA,GG,AA,AA,AA,AC,GG,AA,AG,AA,AT,GG,AA,GG,CC,AA,CT,AA,AA,GG,GG,GG,TT,AA,AA,TT,TT,TT,AA,AT,GG,GG,AA,5.64,Moderate,Low,Poor,Early
L0030,Warangal,Telangana,Rabi,Black Cotton,Irrigated,410,26.5,60,AC,TT,AG,AA,GG,CC,GT,TT,NN,GG,AA,CC,CG,TT,GT,GT,GG,TT,TT,AA,CC,GG,GG,CC,TT,CC,GT,TT,GG,AA,TT,CC,AA,CC,GG,CG,GG,CG,GG,CC,TT,CT,AA,TT,AA,GG,TT,TT,CG,AC,TT,AA,NN,CG,CC,TT,AA,AA,TT,AA,AA,TT,TT,AA,CT,AT,CC,GG,TT,GG,AG,GG,CC,AA,GG,CC,TT,GG,TT,TT,GG,GG,GG,CC,AA,GG,AA,AT,CC,TT,CC,TT,CC,TT,TT,GG,NN,CC,GT,CT,CT,CC,AG,AA,TT,TT,CG,AG,AG,AA,CT,GG,TT,CC,TT,AA,AA,TT,CC,AG,CC,GG,CC,GG,TT,AA,CC,CG,CC,CC,AA,TT,CC,AA,AC,CC,AA,AT,AA,AA,GG,CC,NN,GG,AA,AG,AA,CC,GG,CC,CC,AA,AG,GG,TT,GG,AA,TT,TT,GG,AC,TT,TT,TT,CC,AT,GT,TT,AA,AT,GG,CC,AG,CT,CC,CC,CG,CC,AA,GG,AG,CC,TT,CC,GT,TT,NN,TT,AA,AG,TT,AC,CG,AA,CC,CC,GG,GG,CC,GG,TT,AA,AG,CC,GT,AA,AC,AA,AT,GT,GT,AT,AT,GG,GT,AA,CC,TT,TT,AA,GG,AA,TT,AA,TT,CC,TT,AA,AC,TT,GG,AG,CG,AG,AC,AT,CT,TT,GG,TT,AC,CC,AA,GG,CG,GG,GG,CC,GG,AT,AA,CC,TT,GG,CC,CC,AA,AG,CC,AA,CC,AT,AA,AA,CC,AC,TT,AA,CG,AA,AA,AA,AA,AG,AG,AA,AA,TT,GG,AA,AA,AC,AA,CT,AG,AG,GG,GG,GG,TT,AT,AA,TT,TT,TT,AA,TT,GG,GG,AA,6.51,Susceptible,High,Standard,Early
L0031,Warangal,Telangana,Rabi,Black Cotton,Irrigated,410,26.5,60,AA,TT,AG,AA,CG,CC,GG,AT,CC,GG,AA,CC,GG,AT,TT,GG,CG,TT,TT,AA,CC,TT,TT,CC,TT,CC,TT,TT,GG,AA,TT,CC,AA,CC,GG,GG,GG,CG,GG,CC,TT,CT,AA,GT,AA,GG,CT,TT,CC,CC,GG,AT,AG,CG,CC,GT,AA,AA,GG,AA,AA,TT,AT,AA,TT,AT,CC,GG,TT,GG,AA,GG,CC,AG,GG,AC,AA,GG,TT,TT,GG,GG,GT,CC,AA,GG,AA,TT,CC,GT,CC,TT,CC,TT,GT,GG,CT,CC,TT,CC,CC,CC,AG,AA,TT,TT,CG,AA,AG,AA,CC,GG,TT,CG,TT,AA,AA,TT,CG,AG,CC,GG,CC,TT,TT,AA,CC,CC,CC,CC,AA,TT,CC,AA,CC,CC,AA,AT,AG,AT,GG,CT,CC,GG,AA,AA,AA,CC,GG,CC,CC,AA,AA,GG,GT,AG,AC,TT,CT,AG,CC,NN,GT,TT,CG,AT,TT,CT,AA,AT,GG,CC,AA,CC,CC,AC,CG,CC,AA,GG,AA,CC,TT,CC,GG,GT,CG,TT,AA,AA,TT,CC,GG,AA,CC,CC,CG,GG,AA,GG,TT,AC,AA,CC,GG,AA,CC,AA,TT,TT,TT,AA,AT,GG,GG,AT,CC,TT,TT,AA,GG,AA,CT,AC,TT,CC,NN,AA,AC,TT,GG,AA,CC,AG,CC,TT,CT,GG,GG,TT,AC,CC,AA,GG,CC,CC,GG,CG,GG,TT,AA,CC,TT,GG,CG,CC,AA,AG,CG,AA,CC,AA,AA,CC,GG,AC,TT,AA,GG,AA,AA,AA,AA,AG,AA,AA,AA,TT,CG,AA,AA,CC,AC,CT,AA,AG,GG,GG,GG,TT,AA,AG,GT,TT,TT,AG,AT,GG,GG,AA,7.07,Moderate,Low,Premium,Late
L0032,Warangal,Telangana,Rabi,Black Cotton,Irrigated,410,26.5,60,AA,CT,AG,AG,GG,CC,GG,AA,CC,CG,AA,CT,CC,TT,TT,GT,GG,TT,TT,AA,CG,TT,GT,CC,TT,CC,GT,TT,GG,AA,TT,CC,AA,CC,GG,CG,GG,CC,GG,CC,TT,CC,AA,TT,AG,GG,TT,AT,CC,CC,GG,AA,AA,GG,CC,TT,AA,AA,TT,AC,AG,GT,TT,AG,TT,AT,CC,GG,TT,GG,AA,GG,CC,AA,GG,AA,AA,GG,TT,TT,GG,GT,GG,CC,AT,GG,AA,AT,CC,GT,CC,GT,CT,TT,TT,GG,NN,CC,TT,CC,CT,CG,GG,AA,TT,TT,CC,AG,AG,AA,CC,GG,TT,CC,TT,AA,AA,TT,CG,AG,CC,GG,CC,GT,TT,AA,CC,CC,CC,CC,AA,TT,CC,AA,CC,CC,AA,TT,AA,AA,GG,CC,CC,GG,AA,AG,AA,CC,GG,CC,CG,AG,AA,GG,GT,GG,AA,TT,TT,GG,CC,TT,TT,TT,CG,AA,TT,TT,AT,AT,GG,CC,GG,CT,CC,CC,GG,CC,AT,AG,AA,CC,TT,CC,GG,TT,GG,AA,AA,AA,TT,CC,GG,AC,AC,CG,GG,GG,AA,CG,TT,AC,AA,CC,GG,AT,AC,AA,AT,GG,TT,TT,AT,GG,GG,AA,CC,TT,GG,AA,GG,AA,CC,AC,TT,CG,TT,AA,CC,TT,CG,AA,CC,AG,CC,TT,NN,TT,GG,TT,AA,AA,GG,GG,CC,CG,GG,CC,GG,TT,AA,CG,NN,AG,CC,CC,AA,GG,CC,AT,CG,AA,AA,CC,CG,AA,TT,AA,GG,AA,AA,AC,AA,GG,AA,AG,AA,TT,GG,AA,AG,AC,CC,CT,AA,AA,GG,GG,GG,TT,AA,AA,GT,TT,TT,AA,TT,GG,GG,AA,6.95,Moderate,High,Standard,Late
L0033,Warangal,Telangana,Rabi,Black Cotton,Irrigated,410,26.5,60,AC,TT,NN,AA,GG,CC,GG,TT,CC,CG,AA,CC,CG,TT,TT,GG,CC,TT,TT,AA,CG,GT,TT,CT,TT,CC,TT,TT,GG,AA,TT,CC,AA,CC,GG,CG,GG,CC,GG,CC,TT,TT,AC,GT,AA,GG,CT,NN,CC,CC,GG,AA,AA,GG,CC,GT,AT,CC,GT,AC,GG,GT,TT,AA,TT,TT,CC,GG,TT,GG,AA,NN,CC,AA,AG,AC,AT,GG,TT,TT,GG,GG,GG,CC,AT,GG,AA,AT,CC,GT,CC,TT,CT,TT,TT,AG,TT,CC,TT,CC,NN,GG,AG,AA,AT,TT,CC,AA,AG,AA,CC,GG,GT,CG,TT,NN,AA,TT,CC,GG,CG,GG,CT,TT,TT,AA,CC,CC,CC,CC,AA,GT,CC,AA,CC,CT,AA,TT,AG,AA,CG,CC,CC,GG,AA,AG,AA,CC,NN,CC,CC,AA,AA,GG,TT,GG,AC,GT,CC,AG,CC,TT,TT,TT,CG,AA,TT,TT,AT,TT,GG,CC,AA,CC,AC,CC,GG,CC,AA,GG,AA,CC,TT,CC,GG,GT,GG,AA,AA,AA,TT,AC,GG,AA,CC,CC,GG,GG,AC,GG,TT,AA,AG,CC,GG,TT,CC,AA,AT,GG,TT,AT,AT,GG,GG,AA,CG,AT,GT,AA,GG,AA,CT,AA,TT,CC,CT,AA,CC,TT,CG,AA,CC,AA,AC,TT,TT,GG,CG,TT,AA,AC,AG,GG,CC,CG,GG,NN,GG,AT,AA,CC,TT,GG,CC,CC,AA,GG,CC,AA,CC,AA,AA,CC,CC,CC,TT,AA,GG,AA,AA,AA,AA,AG,AG,AA,AA,NN,CG,AC,AG,CC,AA,TT,AA,AA,GG,GG,GG,TT,AA,AA,GT,TT,TT,AA,TT,GG,GG,AA,7.82,Moderate,Low,Standard,Late
L0034,Warangal,Telangana,Rabi,Black Cotton,Irrigated,410,26.5,60,AA,TT,GG,AG,CG,CC,GG,TT,CC,CG,AA,CC,CC,AT,GT,GT,CC,TT,TT,GG,CC,TT,TT,CC,TT,CT,GT,TT,GG,AA,TT,CC,AA,CC,GG,GG,GG,CC,GG,CC,GT,TT,AA,GT,AA,GG,TT,AT,CG,AC,GG,AA,AA,GG,CC,NN,AA,AA,GG,AA,AA,TT,AT,AA,TT,TT,CC,GG,NN,GG,AA,GG,CC,AA,GG,AC,AT,GG,GT,TT,GG,GG,GG,AC,AA,GG,AG,TT,CC,TT,CC,TT,CT,AT,TT,GG,CT,CC,GT,CC,CT,GG,AG,AA,TT,TT,GG,AA,AA,AA,CT,GG,TT,CC,TT,AA,AA,TT,CG,GG,CG,GG,CT,TT,CT,NN,CC,CC,CC,CC,AA,TT,CC,AA,AC,CT,AA,TT,AA,AA,GG,CC,CC,GG,AA,GG,AA,CC,GG,CC,CC,AA,AA,GG,TT,AG,AA,GG,CT,GG,AC,TT,TT,CC,CC,AT,TT,TT,AA,AT,GG,CC,AA,CC,CC,AC,CG,AC,AA,GG,AA,CC,TT,CG,GG,TT,GG,TT,AA,AA,TT,CC,GG,AA,CC,CC,GG,GG,AA,CG,TT,AC,AG,CC,GG,AA,CC,AA,AA,GT,TT,TT,AT,GG,GG,AA,CC,TT,TT,AA,GG,AG,TT,AA,TT,CC,TT,CC,CC,TT,GG,AG,CG,AG,CC,TT,CT,GT,GG,TT,AA,AC,AA,GG,CG,CC,GG,CC,GG,AT,NN,CC,TT,GG,CC,CC,AT,GG,CC,AA,CC,AA,AA,AC,GG,AC,TT,AA,GG,AA,AA,AA,AA,AG,AG,AA,AA,TT,CG,AA,AA,AC,AA,CT,AA,AA,GG,GG,GG,TT,AT,AA,GT,TT,TT,AA,TT,GG,GG,AA,7.71,Resistant,Low,Poor,Late
L0035,Warangal,Telangana,Rabi,Black Cotton,Irrigated,410,26.5,60,AA,CT,AG,AG,GG,CC,GG,TT,CC,GG,AA,CC,CG,TT,GG,GT,GG,TT,TT,AA,CC,GT,NN,CC,TT,CC,TT,TT,GG,AA,TT,CT,AG,CC,GG,GG,GG,NN,GG,CC,TT,CT,AA,TT,AA,AG,TT,AA,CC,AC,GT,AA,AG,GG,CT,GT,AA,AC,GG,AC,AA,TT,AT,AG,CT,TT,CC,GG,TT,GG,AA,GG,CC,AA,GG,AC,TT,GG,TT,TT,GG,GG,GT,AC,AA,GG,AA,AA,CG,TT,CC,TT,CT,TT,TT,AG,TT,CC,TT,CC,CC,CG,GG,AA,AT,TT,CC,AA,GG,AA,CC,GG,TT,CC,GT,AA,AC,TT,CG,GG,CC,GG,CC,GG,CT,NN,CC,CC,CC,CG,AA,TT,CC,AA,CC,CC,AA,TT,AA,AA,GG,CC,CC,GG,AA,GG,AT,NN,NN,CC,CC,AG,AA,AG,TT,GG,AC,TT,TT,GG,CC,GT,TT,TT,CG,AA,GT,CT,AA,TT,GG,CC,AA,CT,CC,CC,GG,CC,AA,GG,NN,CC,TT,CC,GG,GT,GG,AT,AA,AA,TT,CC,GG,AC,AC,CC,GG,GG,AA,GG,TT,AA,AA,CC,GG,AA,CC,AA,AT,GG,TT,TT,AA,GG,GG,AT,CC,AT,TT,AA,GG,AA,TT,AA,TT,CC,TT,AA,CC,CT,CG,AA,CC,AG,CC,AT,CC,GT,GG,TT,AA,AC,AA,GG,CC,CG,GG,CC,GG,AT,AA,CC,GT,AG,CC,CC,AA,GG,CC,AT,CC,AA,AA,AA,CC,AC,TT,AA,GG,AA,AC,CC,AA,GG,AG,AG,AA,TT,GG,AC,AG,CC,AA,CT,AA,AA,GG,AG,GG,TT,AA,AA,TT,TT,TT,AG,TT,GG,GG,AC,6.14,Resistant,Low,Poor,Early
L0036,Warangal,Telangana,Rabi,Black Cotton,Irrigated,410,26.5,60,CC,TT,AG,AA,GG,CC,GT,TT,CC,CG,AT,CT,CG,AT,TT,GG,GG,TT,TT,AG,CC,TT,TT,CT,TT,CC,GT,TT,GG,AA,TT,CT,AA,CC,GG,GG,GG,CC,GG,CC,TT,CT,AA,TT,AA,GG,TT,TT,CC,AC,GG,AA,NN,GG,CC,GT,AA,AC,GT,AA,AA,TT,AT,AG,CT,TT,CC,GG,TT,GG,AG,GG,CC,AA,GG,AA,AT,GG,TT,NN,GG,GT,GG,CC,AA,GG,AA,AT,CC,GG,CC,TT,CC,TT,GT,AG,CT,AC,GT,CC,CC,CC,AG,AA,TT,TT,CC,AA,AA,AC,CC,GG,GT,CC,GT,AC,AA,TT,CC,AG,CC,GG,CC,GG,TT,AA,CT,CC,AC,CC,AA,TT,CC,AA,CC,CT,AA,TT,AA,AA,GG,CC,CC,GG,AA,AG,AA,AC,GG,CC,CC,AA,AA,GG,TT,AG,AC,TT,CT,GG,AC,GT,TT,CT,CG,AA,GG,CT,AA,TT,GG,CC,AG,TT,CC,AC,GG,CC,AA,GG,AG,CC,TT,CC,GG,GG,CG,AT,AA,AA,NN,CC,GG,AA,CC,CC,GG,GG,AA,GG,TT,AA,AG,GG,GG,AA,AA,AT,AT,GG,TT,TT,AT,GG,TT,AA,CC,TT,TT,AA,GG,AA,TT,AA,TT,CC,TT,AC,CC,TT,CG,GG,CG,AG,CC,TT,TT,GT,GG,TT,AC,AA,AA,GG,CC,CG,GG,CC,GG,TT,AA,CG,GT,GG,CC,GG,AA,GG,CG,AT,CC,AT,AG,AC,CG,AC,TT,AA,GG,AA,AA,AC,AA,AG,GG,AG,AA,TT,CC,AA,AG,AC,AC,NN,AG,AA,GG,GG,NN,TT,AA,GG,TT,TT,TT,GG,TT,GG,GG,AA,5.52,Susceptible,High,Standard,Early
L0037,Warangal,Telangana,Rabi,Black Cotton,Irrigated,410,26.5,60,AA,TT,AG,GG,CG,CC,GG,TT,NN,CC,AA,CC,CC,TT,TT,GG,GG,TT,TT,NN,CG,GT,TT,CT,TT,CC,GT,TT,GG,AA,CT,CC,AA,CC,GG,CG,GG,CC,GG,CC,GT,TT,AC,TT,AA,GG,TT,TT,CC,AC,GG,AA,AG,GG,NN,TT,TT,CC,GG,AA,AA,GT,TT,AG,CT,TT,CC,GG,TT,GT,AA,GG,CC,AG,AG,AA,AT,GG,TT,TT,GG,GT,GT,CC,AA,GG,AA,AA,CC,GG,CC,TT,CC,TT,TT,GG,TT,CC,GT,CC,CC,CG,AG,AA,TT,TT,CG,AA,AG,AA,NN,GG,TT,CC,GT,AA,AA,TT,CC,AG,CG,GG,CC,GT,CT,AG,CT,CC,CC,CC,AA,TT,CC,AA,CC,CT,AA,TT,AA,AA,GG,CC,CC,GG,AA,AA,AA,CC,GG,CG,CG,AA,AA,NN,GG,GG,AC,TT,TT,AG,CC,GT,TT,TT,CG,AA,TT,CT,TT,TT,CG,CC,AG,CC,CC,CC,CG,CC,AA,AG,AA,CC,TT,CC,GG,TT,CG,TT,AA,AG,TT,CC,CG,AA,CC,CC,CG,GG,AA,GG,TT,AC,AA,CC,GG,AA,CC,AA,AT,GG,TT,AT,AT,GG,GG,NN,CG,AT,GT,AA,GG,AA,CT,AA,TT,CC,TT,AA,AC,CT,GG,AA,CC,AG,CC,AT,TT,TT,GG,TT,AA,CC,AG,GG,CC,CC,GG,CC,GG,TT,AG,CC,TT,GG,CC,CC,AA,AG,CC,AA,CC,TT,AA,AC,CC,CC,TT,AA,GG,AA,AA,AA,AC,AG,AG,AA,AA,TT,CG,NN,AG,AC,AA,CC,AA,AA,GG,GG,GG,TT,AT,AA,TT,TT,TT,AA,TT,GG,GG,AA,9.51,Resistant,Low,Premium,Medium
L0038,Warangal,Telangana,Rabi,Black Cotton,Irrigated,410,26.5,60,AC,TT,GG,AA,GG,CC,GG,TT,CG,CG,AT,CC,CC,TT,NN,GG,CG,TT,TT,AG,CG,TT,GT,CC,TT,CC,TT,TT,GG,AA,TT,CC,AA,CC,GG,GG,GG,CC,GG,CC,TT,TT,AA,GG,AG,GG,TT,TT,CC,AC,GT,AA,AA,GG,CT,TT,AA,AC,GG,AA,AG,TT,AT,AG,TT,AT,CT,GG,TT,GG,AG,GG,CC,AA,GG,AA,AA,GG,TT,TT,AG,TT,GG,CC,AT,GG,AA,AA,CC,TT,AC,TT,CT,TT,GT,AG,TT,CC,TT,CT,CT,CG,AA,AA,AT,TT,CC,AA,AG,AA,CC,GG,GT,CC,TT,AA,NN,TT,CC,GG,CC,GG,CC,GG,TT,AA,CT,CC,CC,CC,AA,TT,AC,AA,CC,CC,AA,TT,AA,AA,GG,CC,CC,GG,AA,AG,AA,CC,GT,CC,CC,AA,GG,GG,TT,AG,AA,TT,CT,GG,AC,TT,TT,TT,CG,AA,GT,TT,AT,TT,GG,CC,AG,CT,CC,CC,CG,CC,AA,GG,AA,CC,TT,CC,GG,GT,CG,TT,AA,AA,TT,AC,CG,AA,CC,CC,GG,GG,AA,GG,TT,AC,AA,CC,GG,AA,CC,AA,AT,GG,TT,TT,AA,GG,GT,AA,CG,TT,TT,AA,GG,AA,TT,AA,TT,CC,TT,AA,AC,CT,GG,AG,CG,AG,CC,AT,CT,GT,GG,TT,AC,CC,AA,GG,CC,CG,GG,CC,GG,AT,AA,CC,TT,GG,CC,CC,AT,AG,CG,AA,CC,AT,AA,AC,CC,CC,TT,AA,GG,AA,AA,AC,AA,GG,AA,AA,AA,TT,CG,AA,AG,AC,AA,CT,AA,AA,GG,GG,CG,TT,AT,AA,GT,TT,TT,AA,TT,GG,CG,AA,7.26,Susceptible,High,Poor,Late
L0039,Warangal,Telangana,Rabi,Black Cotton,Irrigated,410,26.5,60,AA,TT,GG,AA,CG,CC,GG,TT,CC,GG,AA,CT,CG,AT,TT,GG,GG,TT,AT,AG,CC,TT,NN,CC,TT,CC,TT,TT,GT,AA,TT,CC,AA,CC,GG,GG,GG,NN,GT,CC,TT,CT,AA,TT,AA,AG,CT,TT,CC,AC,GG,AT,AA,GG,CT,GT,AA,AC,GT,AA,NN,TT,AT,AA,TT,TT,CC,GG,TT,GT,AG,GG,CC,AA,GG,AC,AT,NN,TT,TT,GG,GG,GG,AC,AA,GG,AA,AT,CC,NN,CC,TT,CC,TT,TT,GG,TT,CC,GT,CC,CC,CC,GG,AA,TT,TT,CC,AG,AG,AA,CC,GG,TT,CC,TT,AA,AC,TT,CC,AA,CC,GG,CC,GG,TT,AG,CC,CC,CC,CC,AA,TT,CC,AA,CC,CC,AA,TT,AA,AA,GG,CC,CG,GG,AA,GG,AA,NN,GG,CG,CC,AA,AG,GG,GT,GG,AC,TT,TT,GG,CC,TT,TT,CT,CC,AT,TT,TT,AT,TT,GG,NN,AG,CC,CC,CC,GG,CC,AA,GG,AA,CC,NN,CG,GT,TT,GG,AT,AA,NN,TT,CC,GG,AC,AC,CC,GG,GG,AC,GG,TT,AA,AA,CC,GT,AA,AC,AA,AT,GG,TT,AT,AA,GG,TT,AT,CC,TT,GT,AA,GG,AA,TT,AA,TT,CC,TT,AC,CC,TT,CG,AA,CC,AG,CC,TT,TT,GG,GG,TT,NN,NN,AA,GG,CC,CC,GG,CG,GG,TT,AG,CC,GT,GG,CC,CC,AT,GG,CG,AA,CC,AA,AA,CC,CC,CC,TT,AG,GG,AA,AA,AA,AA,AG,AG,AA,AA,TT,GG,AA,AG,AC,AA,CT,AA,AA,GG,AG,GG,TT,AA,AA,TT,TT,TT,AG,AT,GG,NN,AA,6.3,Susceptible,Low,Poor,Medium
L0040,Warangal,Telangana,Rabi,Black Cotton,Irrigated,410,26.5,60,AC,TT,GG,GG,GG,CC,GT,AT,CC,CC,AT,CT,CG,AT,GT,GG,CG,TT,TT,AA,CG,GG,TT,CC,TT,CC,GT,TT,GG,AA,TT,CC,AA,CC,GG,CG,GG,CC,GG,CC,TT,CT,AC,GT,AG,AA,TT,AT,CC,AA,TT,AT,AA,GG,CC,TT,AA,AA,TT,AA,AA,TT,TT,AG,TT,TT,CC,GG,NN,TT,AA,GG,CC,AA,AG,AA,AT,GG,TT,TT,GG,GT,NN,NN,AT,GG,AA,AA,CC,GT,CC,TT,CT,TT,GT,GG,TT,CC,TT,CC,CT,CC,GG,AA,TT,TT,CC,AA,AA,AA,CC,GG,GT,CC,TT,AC,AA,TT,CC,AG,CC,AG,TT,NN,TT,AA,CC,CC,CC,CC,AA,GT,CC,AA,CC,CC,AA,TT,AA,AT,GG,CC,CC,GG,AA,AA,AA,CC,GT,NN,CC,AA,AG,GG,GT,GG,AA,GT,CT,GG,AA,GT,TT,TT,CC,AT,GT,TT,AA,AT,GG,CC,AG,CC,AC,CC,CG,CC,AA,GG,AA,CC,TT,CC,GG,GT,CG,TT,AA,AA,TT,AC,CG,NN,CC,CC,GG,AG,AA,GG,TT,CC,AA,CC,GG,AT,CC,AA,AA,GG,GT,AT,AA,CG,GG,TT,CC,TT,GG,AA,GG,AA,CT,AA,NN,CG,TT,AA,CC,CT,CG,AA,CC,AG,CC,AT,CT,GT,GG,TT,AA,AC,AG,GG,CC,CC,GG,CC,GG,AT,AA,CG,GT,GG,CC,CC,AT,GG,CG,AT,CC,AA,AA,CC,CG,AC,AT,NN,GG,AA,AA,AA,AA,GG,GG,AG,AA,TT,GG,AA,AA,AC,AA,CC,AG,AA,GG,GG,GG,TT,AA,AA,TT,TT,AT,AA,AT,GG,GG,AA,4.64,Susceptible,Medium,Poor,Early
L0041,Warangal,Telangana,Rabi,Black Cotton,Irrigated,410,26.5,60,AC,TT,AG,AG,CG,CG,GG,TT,CC,CG,AT,TT,CG,TT,GT,GT,CC,TT,TT,AA,CC,TT,GT,CC,AT,CC,GT,TT,GG,AA,TT,CC,AA,CC,GG,GG,GG,CG,GG,CC,TT,CT,AC,GG,AA,AA,TT,TT,CC,AA,GT,AA,AA,CG,CC,TT,AT,AA,GT,AA,AA,TT,TT,AG,TT,TT,CC,GG,TT,GG,AA,GT,CC,AA,GG,AC,AT,GG,TT,TT,GG,TT,GG,CC,AA,GG,AA,AA,CC,TT,CC,TT,CC,AT,GT,GG,TT,CC,TT,CC,CC,CC,AA,AA,AT,TT,CC,AA,AG,AC,CC,GG,TT,CC,TT,AA,AA,TT,CC,AG,CC,AG,CC,GG,CT,AA,CC,CC,CC,CC,AA,TT,CC,AA,CC,CT,AA,TT,AG,AT,GG,CT,CC,GG,GG,AG,AA,CC,NN,CC,CG,AA,AG,GG,TT,AG,AA,GG,CT,GG,AC,TT,GT,CC,CC,AT,TT,TT,AA,TT,GG,CG,AA,CC,CC,CC,GG,CC,AA,GG,AA,CC,TT,CC,GG,TT,GG,AT,AA,AA,TT,CC,GG,AA,CC,CC,GG,GG,AA,GG,TT,AA,AA,CG,GG,AA,CC,AA,AA,GT,TT,AT,AA,GG,GG,AA,CG,AT,GT,AT,GG,AA,CT,AA,TT,CC,TT,AA,AC,TT,GG,AA,CC,AA,CC,TT,TT,TT,GG,AT,AA,CC,AG,GG,CC,CC,GG,CC,GT,TT,AA,CG,GT,GG,CG,CG,AA,GG,CC,AA,CC,AA,AA,AC,GG,CC,TT,AA,GG,AT,AC,AA,AC,AG,AG,AA,AA,TT,GG,CC,AA,AC,AA,CT,AA,AA,CG,GG,CG,TT,AA,AG,TT,TT,TT,AG,TT,GG,GG,AC,7.4,Resistant,Low,Poor,Early
L0042,Warangal,Telangana,Rabi,Black Cotton,Irrigated,410,26.5,60,CC,TT,GG,AG,GG,CC,GT,TT,CC,CC,AA,CC,CC,AT,TT,GG,GG,TT,TT,AA,CC,TT,GG,CC,TT,CC,TT,TT,GT,AA,TT,CT,AA,CC,GG,GG,GT,CC,NN,CC,GT,TT,AA,TT,AA,GG,TT,TT,CC,AC,GT,AA,AA,GG,CC,GT,AA,AC,GT,AA,AA,TT,TT,AA,TT,TT,CC,GG,TT,GG,AA,GG,CC,AG,GG,AC,AT,GG,TT,TT,GG,GG,GG,CC,AA,GG,AG,AA,CC,GT,CC,TT,CC,TT,GT,GG,TT,CC,TT,CC,CT,CG,AG,AA,TT,TT,CC,AA,AG,AA,CC,GG,TT,CC,TT,AC,AA,TT,CG,AG,CC,GG,CC,GG,TT,AG,CC,CC,CC,CC,AA,TT,CC,AA,CC,CC,AA,TT,AA,AA,GG,CC,CC,GG,AA,AA,AA,AC,GT,CC,CC,AA,AG,GG,TT,GG,AC,TT,CT,GG,AC,TT,TT,TT,CG,AT,TT,TT,AA,AT,GG,CC,AA,TT,CC,CC,CG,AC,AA,GG,AA,CC,TT,CC,GG,GT,GG,AT,AA,AA,TT,CC,CG,AC,CC,CC,GG,GG,CC,GG,TT,AA,AA,CC,GG,AA,CC,AA,AA,GT,TT,TT,AT,GG,GG,AA,CG,AT,GT,AT,GG,AG,CT,AC,TT,CG,TT,AA,CC,TT,GG,AG,CG,AA,CC,TT,TT,GG,GG,TT,AC,AC,AA,GG,CG,CC,GG,CC,GG,AT,GG,CG,GT,GG,CC,CC,AA,AG,CC,AA,CC,AA,AA,CC,CC,CC,TT,AG,GG,AA,AC,AA,AA,AG,NN,GG,AA,TT,GG,AA,AG,AC,AA,TT,AA,AA,GG,GG,NN,TT,AT,AA,TT,TT,TT,AA,AT,GG,GG,AC,5.69,Resistant,High,Poor,Early
L0043,Warangal,Telangana,Rabi,Black Cotton,Irrigated,410,26.5,60,AA,TT,AG,AA,GG,CC,GG,TT,CC,CG,AA,CT,CC,TT,GT,NN,CG,TT,AT,AA,CC,TT,TT,CC,TT,CC,TT,TT,GG,AA,TT,CC,AA,CC,GG,GG,GG,CG,GG,CC,GT,TT,AA,GT,AA,AG,TT,AT,CC,CC,GG,AA,NN,GG,CT,TT,AT,AA,GT,AC,NN,TT,TT,AG,CT,AT,CC,GG,TT,GG,AA,GT,CC,AA,GG,AA,TT,AG,TT,TT,GG,GG,GG,CC,AA,GG,AA,AA,CG,TT,CC,TT,CT,AT,TT,GG,CT,CC,TT,CC,CC,CG,AG,AA,TT,TT,CC,AA,AG,AA,CC,GG,TT,GG,GT,AA,AA,TT,CC,GG,CC,GG,CC,GG,TT,AA,CC,CC,CC,CC,AA,TT,CC,AA,CC,CC,AA,AT,AA,AA,GG,CC,CC,GG,AA,AG,AA,CC,GG,CC,CC,AA,AG,AG,GT,AG,CC,TT,CT,GG,NN,TT,GT,TT,CC,AA,GT,TT,AA,AT,CG,NN,AA,CC,CC,CC,GG,CC,AT,GG,AG,CC,TT,CC,GG,TT,GG,AT,AG,AA,TT,AC,GG,AA,CC,CC,GG,GG,AA,CG,TT,AA,AA,CC,GG,AT,AC,AA,AA,GT,TT,AA,AA,GG,TT,AT,CG,AT,GT,AA,GG,AA,CT,AC,TT,CG,NN,AA,CC,TT,GG,AA,CC,AG,CC,TT,TT,GT,GG,TT,AA,CC,AA,GG,CG,CG,GG,CC,GG,TT,AA,CC,GT,GG,CC,CC,AA,GG,CC,AA,CC,AA,AA,CC,CG,CC,AT,AA,GG,AA,AA,CC,AA,AA,AA,AA,AA,AT,GG,AC,AG,AC,AC,TT,AA,AA,GG,AG,GG,TT,AA,AA,TT,TT,TT,AA,AT,GG,GG,AA,8.25,Moderate,Medium,Standard,Medium
L0044,Warangal,Telangana,Rabi,Black Cotton,Irrigated,410,26.5,60,AC,TT,AG,AA,CG,CC,GG,AT,CC,CG,AA,CC,GG,TT,TT,GT,GG,TT,TT,AG,CC,TT,TT,CC,TT,CT,GT,AT,GG,AA,CT,CT,AA,CC,AG,CG,GG,CC,GG,CC,GT,CT,AA,GT,AA,AG,TT,TT,CC,AA,GG,AT,GG,GG,CC,TT,AT,AC,GT,CC,AA,NN,TT,AG,CT,AT,CC,GG,TT,GT,AA,GG,CC,AA,GG,AC,TT,GG,TT,NN,GG,TT,GT,CC,AT,GG,AA,AA,CC,TT,CC,TT,TT,TT,TT,GG,TT,CC,GT,CC,CC,CC,AG,AA,TT,TT,CC,AA,AA,AC,CC,GG,TT,CG,TT,AA,AA,TT,CG,GG,CC,GG,CT,GG,CT,AG,CC,CC,CC,CC,AA,TT,CC,NN,CC,CT,AA,TT,AA,AA,CG,CT,CG,GG,AA,AA,AA,AC,GT,CC,CC,AA,GG,GG,GT,GG,AC,TT,TT,GG,CC,TT,GT,TT,CC,AT,TT,TT,AA,TT,GG,CC,AA,TT,CC,CC,GG,CC,AA,GG,AG,CC,TT,GG,GT,GT,GG,TT,AA,AA,TT,CC,GG,AA,AC,CC,GG,GG,AC,GG,TT,AA,AA,CC,GG,AT,AC,AA,AT,GT,TT,AT,AA,CG,GT,AT,CG,AT,GT,AA,GG,AA,CT,AC,AT,CC,TT,AC,AC,TT,GG,GG,CC,AA,CC,TT,CT,GT,GG,TT,AA,NN,AA,GG,CC,CC,GG,CC,GG,TT,AA,CC,TT,AG,CC,CC,AT,AG,CC,AA,CC,AA,AA,CC,CC,AC,AT,AA,GG,AA,AC,NN,AC,AA,AA,AA,AA,TT,GG,AC,AG,CC,CC,TT,AA,AG,GG,GG,GG,TT,AA,AA,TT,TT,TT,AA,AT,GG,CG,AA,5.16,Resistant,High,Standard,Medium
L0045,Warangal,Telangana,Rabi,Black Cotton,Irrigated,410,26.5,60,AC,TT,GG,AG,GG,CC,GG,TT,CC,CC,AA,CT,CG,AT,TT,GT,GG,TT,TT,AA,CG,TT,TT,CC,TT,CC,TT,TT,NN,AA,TT,CT,AA,CC,GG,CC,GG,CG,GG,CC,TT,TT,AA,TT,AA,GG,TT,TT,NN,AA,GG,AA,AA,GG,CC,TT,AA,AA,GG,AC,AA,TT,TT,AA,TT,AT,CC,GG,TT,GG,AA,GT,CC,AG,GG,AC,AA,GG,TT,TT,GG,GG,GG,CC,AA,GG,AA,AA,CC,TT,CC,TT,CC,AT,TT,GG,TT,CC,TT,CC,CT,CC,AG,AA,TT,TT,CC,NN,AG,AA,CC,GG,GT,CG,TT,AA,AC,TT,CC,GG,CG,AG,CC,GT,TT,AA,CC,CC,AC,CC,AA,TT,CC,AA,CC,CC,AA,TT,AA,AA,GG,CT,CC,GG,AA,AG,AT,CC,GG,CC,CC,AA,AA,GG,TT,GG,AA,TT,CC,GG,AC,TT,TT,TT,CC,AA,TT,TT,AA,AT,NN,CC,AA,CT,CC,CC,CG,CC,AA,GG,AG,AC,TT,CC,GT,TT,CG,TT,AA,AA,TT,CC,GG,AA,AC,CC,GG,GG,AA,GG,TT,AC,AA,CG,GG,TT,AC,AA,TT,GG,GG,TT,AT,CC,GG,AA,CC,TT,TT,AA,GG,AA,TT,AA,TT,CC,TT,AC,CC,TT,CG,NN,CG,AG,CC,TT,CT,TT,GG,TT,AC,CC,AA,GG,CC,CC,GG,CC,GG,TT,AA,CC,GT,GG,CC,CG,AT,AG,CG,AA,CC,AA,AA,CC,CC,AC,TT,AA,GG,AA,AA,AA,AA,AA,AA,AG,AA,TT,CG,AA,AG,CC,AA,TT,AG,AG,GG,GG,GG,GT,AA,AG,TT,TT,TT,AG,AT,GG,GG,AA,5.36,Susceptible,Medium,Premium,Early
L0046,Warangal,Telangana,Rabi,Black Cotton,Irrigated,410,26.5,60,AA,TT,GG,NN,GG,CC,GG,TT,CC,GG,AA,CT,CG,TT,TT,GG,GG,TT,TT,AA,CC,TT,GT,CC,TT,CC,TT,TT,GG,AA,TT,CC,AA,CC,GG,CG,GG,CC,GG,CC,TT,CT,AC,GT,AA,AG,TT,AT,CC,AA,GG,AA,AG,GG,CC,GT,AA,AA,GT,AA,AA,GT,TT,NN,TT,TT,CC,GG,TT,GG,AA,NN,CC,AA,AG,AC,AA,GG,TT,TT,GG,GG,GT,CC,AA,AG,AA,AT,CC,GT,CC,TT,CC,AT,TT,GG,TT,NN,GT,CC,CT,CG,AG,AA,AT,TT,CC,AA,AA,AA,CC,GG,GT,CC,GT,NN,AA,TT,CG,AA,CC,GG,CC,GG,TT,AA,CC,CC,CC,CC,AA,TT,CC,AA,CC,CC,AA,TT,AA,AA,GG,CC,NN,GG,AA,AG,AA,CC,GG,CC,NN,AA,AG,GG,TT,NN,AC,GG,TT,AG,AA,TT,GT,TT,CC,AA,TT,TT,AT,AA,GG,CC,AA,CT,NN,CC,CG,CC,AA,GG,AA,CC,TT,CC,GT,TT,GG,TT,AA,AG,TT,CC,GG,AA,CC,CC,GG,GG,AC,GG,TT,AC,AA,CC,GT,AA,CC,AA,AT,GG,TT,TT,AT,GG,GG,AT,CC,TT,GT,AA,GG,AA,CT,AA,TT,CC,CC,AC,CC,CT,GG,AA,CC,NN,CC,AT,CT,GT,GG,TT,AC,CC,AA,GG,CC,CC,CG,CC,GG,AT,AA,CC,TT,GG,CC,CC,AA,GG,CC,AA,NN,AA,AA,CC,CG,AA,TT,AA,GG,AA,AC,AC,AA,AG,AA,AA,AA,AT,GG,AA,AA,AC,AA,CT,AA,AA,CG,GG,GG,GT,AA,AA,TT,TT,TT,GG,TT,GG,GG,AA,5.88,Susceptible,Medium,Poor,Early
L0047,Warangal,Telangana,Rabi,Black Cotton,Irrigated,410,26.5,60,AA,CT,GG,AA,GG,CC,GG,AT,CC,CG,AA,CC,CG,TT,TT,GG,CG,TT,TT,GG,CC,TT,GT,CC,TT,CC,TT,TT,NN,AA,CC,CT,AA,CC,GG,GG,GG,CC,GG,CC,TT,TT,AA,TT,AG,AG,TT,NN,CC,AC,GG,AT,AG,GG,CC,TT,AT,AC,GT,AA,AA,GT,TT,AA,TT,TT,CC,GG,TT,GT,GG,GT,AC,AA,GG,AC,AA,GG,TT,TT,GG,GG,GT,CC,AA,GG,AA,AT,CC,GT,AC,TT,CT,TT,GT,GG,TT,CC,TT,CT,CC,CG,AG,AG,TT,TT,CC,AA,AA,AA,CC,GG,TT,CC,GT,AC,AA,TT,CG,GG,CC,GG,CC,GT,CT,AG,CC,CC,CC,NN,AA,GT,CC,AA,CC,CC,AA,TT,AA,TT,GG,NN,CC,GG,NN,GG,AA,CC,GT,CC,CC,AA,AG,GG,GT,AG,AA,TT,TT,GG,CC,GG,TT,TT,CC,AT,GT,CT,AA,NN,GG,CC,AA,CC,CC,CC,GG,CC,AT,GG,AA,CC,GT,CG,GT,TT,GG,AT,AA,AG,TT,CC,GG,AC,AC,CG,GG,GG,AC,CG,TT,AA,AA,CG,GG,AT,AC,AA,AA,GG,TT,TT,AA,GG,GT,AA,CC,AT,GT,AA,GG,AA,TT,AA,TT,CC,TT,AC,CC,CT,GG,AG,CG,AG,CC,TT,TT,GT,NN,TT,AC,AC,AA,GG,CC,CG,GG,CC,GG,AT,AA,CC,TT,AG,CC,CG,AT,GG,CC,AT,CC,AA,AA,NN,CC,CC,TT,AA,GG,AA,AA,AC,AA,AG,AG,AA,AA,TT,GG,AA,AA,CC,AC,CT,AA,AA,GG,AG,GG,TT,AT,AA,GT,TT,TT,AA,TT,GG,GG,AA,7.86,Susceptible,Low,Standard,Medium
L0048,Warangal,Telangana,Rabi,Black Cotton,Irrigated,410,26.5,60,AA,TT,AG,AG,GG,CC,GT,TT,CC,CC,TT,CC,CG,AT,GT,GT,GG,TT,TT,AA,CC,GT,GT,CT,TT,CC,TT,TT,GG,AA,TT,CC,AA,CC,GG,CG,GG,GG,GG,CC,TT,CT,AA,TT,AA,AG,TT,AT,CC,AC,GG,AA,AA,GG,CT,GT,AA,AC,GG,AA,AG,TT,AT,GG,CT,TT,CC,GG,TT,GG,AA,GG,CC,AA,GG,AC,AA,GG,TT,TT,GG,GG,GT,CC,AA,GG,AA,AA,CC,GT,CC,TT,CC,TT,TT,GG,CT,CC,GG,NN,CC,CG,AA,AA,AT,NN,CC,AA,AG,NN,CT,GG,TT,CG,GT,AA,AA,TT,CG,AA,CC,GG,CC,TT,TT,AG,NN,CC,CC,CC,AA,TT,CC,AA,CC,CT,AA,TT,AA,AT,CG,CC,CG,GG,AA,GG,AA,CC,GT,CC,CC,AA,AG,GG,GT,NN,AC,TT,TT,GG,AC,TT,GT,TT,CC,AA,GT,TT,AA,TT,CG,CC,AA,CT,CC,CC,CG,AC,AA,GG,AG,CC,TT,CC,GT,TT,GG,AA,AA,AA,TT,CC,GG,AA,AC,CG,GG,GG,AA,CG,TT,AA,AA,CC,GG,AA,CC,AT,AT,GG,GT,TT,AT,GG,GT,AT,CC,TT,GT,AA,GG,AA,TT,AA,TT,CC,CT,AA,AC,CT,GG,AA,CG,AG,AC,TT,NN,NN,GG,TT,AA,CC,AA,GG,CC,CC,GG,CC,GG,TT,AA,CC,TT,AG,CG,CC,AA,GG,CC,TT,CG,AA,AA,AC,CC,AA,TT,AA,GG,AA,AA,AA,AA,AG,AA,AG,AA,TT,GG,AA,AG,AA,AC,TT,AA,AG,GG,GG,GG,TT,AA,AA,TT,TT,TT,AG,AT,GG,GG,AA,7.31,Susceptible,Medium,Standard,Medium
L0049,Warangal,Telangana,Rabi,Black Cotton,Irrigated,410,26.5,60,CC,CT,GG,AA,CG,CC,GT,AT,CC,CG,AA,CC,CG,TT,TT,GG,CG,TT,TT,AA,CC,GT,TT,CC,TT,CC,GT,TT,GT,AA,TT,CT,AG,CC,GG,GG,GG,CC,GG,CC,TT,CC,AA,TT,AG,GG,TT,TT,CC,AC,GG,AT,AG,GG,CT,TT,AA,AA,GG,AA,AA,TT,AT,GG,TT,TT,CC,GG,NN,TT,AA,GG,CC,AA,GG,AA,AT,GG,TT,TT,GG,NN,GT,CC,AA,GG,AA,AA,CG,GT,CC,TT,CT,AT,TT,AG,TT,AC,GT,CC,CC,NN,GG,AA,TT,GT,CC,NN,AA,AA,CC,GG,TT,CC,GT,AA,AA,TT,CC,AG,CG,GG,CC,GG,TT,AA,CC,CC,AC,CC,AA,TT,NN,AA,CC,CC,AA,TT,AA,AA,GG,CC,CC,GG,AA,AG,AT,CC,NN,CC,CC,AA,AA,GG,GT,GG,AA,TT,CT,AG,CC,TT,TT,CT,CG,AT,GT,TT,AA,TT,GG,CC,AA,CT,CC,CC,GG,CC,AA,GG,AA,CC,TT,CC,GT,TT,CG,TT,AA,AG,TT,CC,CG,AC,CC,CC,CG,GG,AC,CG,CT,CC,AA,CC,GG,AA,AC,AA,AT,GG,TT,TT,AT,GG,GT,AT,CC,TT,TT,NN,GG,AA,TT,AA,TT,CC,TT,AA,CC,TT,CG,AG,CC,AG,AC,TT,TT,TT,GG,TT,AA,AC,AA,GG,CC,CG,GG,CC,GG,TT,AA,CG,GT,GG,CC,CC,AA,AG,CC,AA,CC,AA,AA,AC,CG,AC,TT,AA,NN,AA,AA,AC,AA,NN,AG,AA,AG,AT,GG,CC,AA,AC,AA,TT,AA,AA,CG,GG,GG,GT,AT,AA,TT,TT,TT,AG,TT,GG,GG,AA,6.89,Susceptible,Low,Premium,Medium
L0050,Warangal,Telangana,Rabi,Black Cotton,Irrigated,410,26.5,60,AC,TT,GG,AA,GG,CC,GT,TT,CC,CG,AA,CT,CG,AT,TT,GG,GG,TT,TT,AA,CC,GT,GT,CC,TT,CC,GT,NN,GG,AA,TT,CC,AA,CC,GG,GG,GG,CG,GG,NN,TT,CC,AA,GT,AA,GG,TT,TT,CG,AC,GG,AA,AA,GG,CC,TT,AA,AA,GT,AC,AA,GT,TT,AA,TT,TT,CC,GG,TT,GG,AA,GG,CC,AA,GG,AC,AT,GG,TT,TT,GG,GT,GG,CC,AT,GG,AA,AT,CC,GT,AA,TT,CT,TT,GT,GG,TT,CC,GT,CC,CC,CC,AG,AA,AT,TT,CC,AA,AA,AC,CT,GG,TT,CC,TT,AA,AA,TT,CC,NN,CG,GG,CC,TT,TT,AA,CC,CC,AC,CC,AA,TT,CC,AA,CC,CC,AA,TT,AA,NN,CG,CC,CC,GG,AG,AG,AA,CC,GG,CC,CG,AA,AA,GG,TT,GG,AC,TT,TT,GG,AC,TT,TT,TT,CC,AA,TT,CT,AT,TT,GG,CC,AG,CC,CC,CC,GG,CC,AA,GG,GG,CC,TT,NN,GG,TT,GG,AT,AA,AG,TT,CC,GG,AC,AC,CC,GG,GG,AA,GG,TT,AC,AA,CC,GG,AA,CC,AA,AA,GT,TT,AA,AT,CG,GG,AT,CG,TT,TT,AA,GG,AA,CC,AA,TT,CC,CT,AC,CC,CT,CC,AG,CC,GG,CC,TT,CT,TT,GG,TT,AA,AC,AA,GG,CC,CG,GG,CC,GG,AT,AA,CC,TT,GG,CG,CC,AA,AG,CC,AT,CC,AA,AA,AC,CG,AC,AT,AA,GG,AA,AA,AA,AA,AG,AA,AA,AA,TT,GG,AA,AG,NN,AC,TT,AA,AA,GG,GG,GG,TT,AA,AG,TT,TT,TT,AG,TT,GG,CG,AA,7.76,Susceptible,Low,Poor,Late
L0051,Warangal,Telangana,Rabi,Black Cotton,Irrigated,410,26.5,60,AC,CT,AG,AA,GG,CC,GG,TT,CC,CG,AT,CC,CG,AT,TT,GG,CG,TT,TT,GG,CG,TT,GT,CT,TT,CC,TT,TT,GG,AA,CT,CC,AA,CC,GG,GG,GG,CG,GG,CC,TT,TT,AA,GT,AA,AG,TT,TT,CC,AC,GG,AA,AA,GG,CC,TT,AA,AC,GG,AC,AA,TT,AA,AA,CT,TT,CC,GG,CC,GG,AA,GT,CC,AA,AA,AA,AT,GG,TT,TT,GG,GG,GG,CC,TT,GG,AA,AA,CC,GT,CC,TT,CC,TT,TT,GG,TT,CC,GT,CC,CT,CC,AG,AA,TT,TT,CC,AA,AG,AA,CC,NN,TT,CC,TT,AC,AC,TT,CG,GG,CC,AG,CC,GG,TT,AA,CC,CC,CC,CC,AA,TT,AC,AA,CC,CT,AA,AT,AA,AA,CG,NN,CC,GG,AG,AA,AA,CC,GG,CC,CC,AG,AG,AG,GT,GG,AC,TT,TT,GG,CC,GT,GT,TT,CC,AT,TT,TT,AA,TT,GG,CC,AA,CC,CC,CC,CG,CC,AA,GG,GG,NN,TT,CC,GT,TT,GG,AT,AA,AA,TT,AC,GG,AA,CC,CC,GG,AG,AC,NN,CT,AC,AG,CG,GG,AA,CC,AA,TT,GT,TT,AA,AA,GG,GG,AA,CG,AT,GG,AA,GG,AA,CT,AA,TT,CC,TT,AC,NN,TT,GG,GG,CC,AG,CC,TT,TT,TT,GG,TT,AA,CC,AA,GG,CC,CG,GG,CC,GG,TT,AG,CC,GT,GG,CG,CC,AA,GG,CC,AA,CC,AA,AA,CC,CC,AC,TT,AA,GG,AA,AA,AC,AA,GG,AA,AA,AA,TT,GG,AA,AA,AC,AA,CC,AA,NN,GG,GG,GG,TT,AA,AA,TT,TT,NN,AA,TT,GG,GG,AA,7.37,Susceptible,Low,Poor,Medium
L0052,Warangal,Telangana,Rabi,Black Cotton,Irrigated,410,26.5,60,AC,TT,GG,AG,GG,CC,GG,AT,CC,CG,AA,CT,CG,TT,TT,GG,CG,TT,TT,AA,CC,TT,TT,CC,TT,NN,TT,AT,GT,AA,TT,CC,AG,CC,GG,GG,GT,CC,GG,CC,TT,TT,AA,TT,AA,GG,TT,TT,CG,AC,GT,AA,AG,GG,CT,GT,AT,AC,GT,AA,AG,TT,TT,GG,CT,TT,CC,GG,TT,GT,AG,GG,NN,AA,GG,AC,AT,GG,TT,TT,GG,GG,GG,CC,AA,GG,AA,AA,CG,TT,CC,TT,CC,TT,GT,GG,CT,AC,TT,CT,CC,GG,GG,AA,TT,TT,CG,AA,AA,AA,CT,GG,TT,CC,TT,AA,AA,TT,CC,GG,CC,GG,CT,GG,TT,AA,TT,CG,CC,CG,AA,TT,CC,AA,CC,CC,AA,TT,AG,AT,GG,CT,CC,GG,AA,AA,AA,CC,GG,CC,CC,AA,AG,GG,GT,GG,AA,TT,TT,AG,CC,GT,TT,CC,CC,AT,TT,TT,AA,TT,GG,CC,AA,NN,AC,CC,CG,CC,AA,GG,AA,CC,TT,CC,GT,GT,CG,AT,AA,AA,TT,CC,CG,AA,CC,CC,GG,GG,AA,GG,TT,AA,AG,CC,GG,AA,CC,AT,AT,GG,TT,AT,AT,CG,GT,AT,CG,NN,GT,AA,GG,AA,CT,AA,TT,CC,TT,AC,CC,TT,GG,AA,CC,GG,CC,TT,CT,GT,GG,TT,AC,AC,AG,GG,NN,CC,GG,CC,GG,AT,AG,CG,TT,GG,CC,CC,AA,AG,CG,AT,CC,AT,AA,AC,CC,AA,TT,AA,GG,AA,AA,CC,AA,AG,AG,AA,AA,TT,GG,AA,AA,CC,AA,TT,AA,AA,GG,GG,GG,TT,AA,AA,TT,TT,TT,AA,TT,GG,GG,AA,8.75,Moderate,High,Standard,Medium
L0053,Warangal,Telangana,Rabi,Black Cotton,Irrigated,410,26.5,60,AC,TT,AG,AG,CG,NN,GT,AT,CC,CG,AA,CC,CC,TT,TT,GT,CG,TT,TT,AA,CC,TT,TT,CC,AT,CC,TT,TT,GG,AA,TT,CC,AA,CC,GG,GG,GG,CC,GG,CC,TT,CC,AC,TT,AG,GG,TT,TT,CC,AA,GG,AT,AA,GG,CC,TT,AT,AA,GT,AA,AA,GT,AT,AA,TT,TT,CC,GG,TT,GT,GG,GG,AC,AA,AA,AC,AA,GG,TT,TT,GG,GT,GT,CC,AA,AG,AA,AA,CC,GT,CC,TT,CC,AT,GT,AG,CT,CC,TT,CC,CT,CC,AA,AA,TT,TT,CC,AA,AA,AC,CC,GG,TT,NN,TT,AA,AA,TT,CG,GG,CC,AG,CC,GG,TT,AA,CC,CC,CC,CC,AA,TT,CC,AA,CC,CC,AA,TT,AA,AA,GG,CC,CC,GG,AA,AA,AA,CC,GG,CC,CC,AA,NN,AG,TT,GG,AC,GT,CC,GG,AA,TT,GT,TT,CG,AA,TT,TT,AA,TT,GG,CC,AG,CC,CC,CC,CG,CC,AA,GG,AA,CC,TT,GG,GG,TT,CG,AT,AA,AG,TT,CC,GG,AA,CC,CC,GG,AG,AA,GG,TT,NN,GG,CG,GG,AA,CC,AA,TT,GT,TT,AA,AA,GG,GT,AT,CC,AT,GT,AA,GG,AA,CT,AC,TT,CG,TT,AA,CC,TT,GG,AA,CC,AG,CC,TT,TT,GG,GG,TT,AC,CC,AA,GG,CC,CC,GG,CC,GG,AT,AG,CG,TT,GG,CC,CC,AA,GG,CC,TT,CC,AA,AA,AC,CC,AA,TT,AA,CG,AT,AA,AC,AA,AA,AA,AA,AA,TT,GG,AC,AA,CC,AA,CT,AA,AG,GG,GG,GG,TT,AA,AG,TT,TT,AT,AA,AA,GG,CG,AA,8.1,Susceptible,High,Poor,Early
L0054,Warangal,Telangana,Rabi,Black Cotton,Irrigated,410,26.5,60,AC,TT,GG,GG,CG,CC,GG,AT,CC,CG,AA,CC,CC,AT,TT,GG,GG,TT,TT,AA,CC,TT,TT,CC,TT,CC,TT,AT,GT,AC,TT,CT,AA,CC,GG,GG,GG,CG,GG,CC,TT,CT,AA,TT,AG,AG,TT,AT,CC,AC,GG,AA,AA,GG,CC,GT,AA,AC,GG,AC,AG,TT,AT,AG,TT,AT,CC,NN,TT,GG,AG,GG,CC,AA,AG,AC,TT,GG,TT,TT,GG,GT,GG,CC,AA,GG,AA,AA,CC,GT,CC,TT,CC,TT,TT,GG,TT,CC,TT,CC,CT,CC,GG,AG,TT,TT,CC,AG,AA,AA,CC,GT,TT,CC,TT,AA,AA,TT,CC,AG,CG,GG,CC,GG,TT,AA,CC,CC,CC,CC,AA,TT,AC,AA,CC,CC,AA,AT,AA,AA,GG,CC,CC,GG,AG,AG,AA,CC,GG,CC,CG,AA,AA,AG,TT,GG,AC,TT,TT,GG,CC,GT,GT,CT,CC,AA,TT,TT,AT,TT,CG,CC,AG,CC,CC,CC,CG,AC,AA,GG,AA,CC,TT,CC,GG,TT,CG,AT,AG,AG,TT,CC,GG,AA,AC,CG,GG,NN,AC,GG,TT,AA,AA,CG,GG,AA,AC,AA,AA,GT,TT,AT,AA,GG,GT,AA,CC,TT,GT,AA,GG,AG,CT,AA,TT,CC,TT,AA,CC,TT,GG,AG,CC,GG,AC,TT,TT,TT,GG,TT,AA,AA,AG,GG,CC,CG,GG,CC,GG,AT,AG,CC,TT,GG,CC,CC,AT,AG,CC,AA,CC,AA,AA,CC,CC,NN,TT,AA,GG,AA,AA,AC,AA,NN,AG,AA,AA,AA,CG,AC,AA,CC,AA,CT,AA,AA,GG,GG,GG,TT,AA,AA,GG,TT,TT,GG,TT,GG,GG,AA,8.54,Susceptible,Low,Premium,Medium
L0055,Warangal,Telangana,Rabi,Black Cotton,Irrigated,410,26.5,60,AC,TT,GG,AA,CG,CC,GT,TT,CC,CC,AA,CC,CG,AT,TT,GG,GG,TT,TT,AG,CC,TT,GT,CC,TT,CC,NN,TT,GT,AA,TT,CT,AA,CC,GG,GG,GG,CG,GG,AC,GT,CT,NN,TT,AA,GG,TT,TT,CC,AC,GG,AA,AA,GG,CC,TT,AA,AA,TT,AC,AG,TT,AT,AA,TT,AA,CC,GG,TT,GG,AG,GG,CC,AA,AG,AC,AA,GG,TT,NN,GG,GG,GG,CC,AA,GG,AA,AA,CC,TT,CC,TT,CC,TT,TT,GG,TT,CC,TT,CT,CT,CC,AG,AA,TT,TT,CG,AA,AG,AA,CC,GG,TT,CG,TT,AC,CC,TT,CC,GG,CC,GG,CC,GG,CT,AA,CC,CC,CC,CC,AA,TT,CC,NN,CC,CT,AA,AT,AA,NN,GG,CC,CC,GG,AG,GG,AT,CC,GG,CC,CG,AA,AA,GG,GG,GG,AC,TT,CT,GG,CC,TT,GT,TT,CC,AT,TT,TT,AA,TT,GG,CC,AG,CC,CC,CC,CG,CC,AA,AG,AA,CC,TT,CC,TT,TT,GG,TT,AA,AA,TT,CC,CG,CC,AC,CC,GG,GG,AA,GG,TT,AA,NN,CC,GG,AA,AC,AA,AT,GG,TT,AT,AA,GG,TT,AA,CC,TT,GT,AA,GG,AA,TT,AC,TT,CC,NN,AA,AC,TT,GG,AA,CC,AG,CC,AT,TT,GT,GG,TT,AC,AC,AA,GG,CC,CC,GG,CC,GG,AT,AA,CC,TT,GG,CC,CC,AA,GG,CC,AA,CC,AA,AA,AC,CC,AC,TT,AA,GG,AA,AA,AC,AA,AG,AA,AG,AA,TT,GG,AA,AG,CC,AA,CT,AA,AA,GG,AG,GG,TT,AT,AA,GT,TT,TT,AA,AT,GG,GG,AA,7.15,Moderate,Low,Standard,Early
L0056,Warangal,Telangana,Rabi,Black Cotton,Irrigated,410,26.5,60,AC,TT,GG,AA,GG,CC,GT,AT,CC,CC,AT,CT,CG,TT,TT,GG,GG,TT,TT,AA,CG,GT,GG,CC,TT,CC,TT,TT,GT,AA,CT,CC,AA,AC,GG,GG,GG,CC,GT,CC,TT,CT,AA,NN,AA,GG,TT,TT,CC,AC,GG,AT,AG,GG,CC,GT,AT,AA,TT,AC,AA,TT,TT,AA,CT,TT,CT,GG,TT,GG,AG,GG,CC,AA,NN,AA,AA,GG,TT,NN,GG,GG,GG,CC,AT,GG,AA,AT,CC,GG,CC,GT,CC,TT,TT,GG,CT,CC,GT,CC,CT,CG,AG,AA,TT,TT,CC,AA,AG,AA,CT,GG,TT,CC,TT,CC,AA,TT,CC,GG,CG,GG,CC,GG,CT,AG,CC,CC,AC,CC,AG,TT,CC,AA,CC,CC,AA,TT,AA,AA,GG,CC,CC,GG,AA,AG,AT,CC,GG,CC,CG,AG,AG,GG,TT,GG,AA,TT,TT,GG,AA,TT,TT,TT,CG,NN,TT,TT,AA,AT,GG,CC,AA,CC,AC,CC,CG,CC,AA,GG,AG,CC,TT,CG,GT,TT,GG,TT,AA,AA,TT,CC,GG,AA,CC,CC,GG,GG,CC,GG,TT,AC,AG,CC,GT,AA,AC,AA,NN,GT,TT,AT,AA,CG,TT,AT,CC,TT,GT,AA,AG,AA,TT,AA,TT,CC,TT,AA,CC,TT,CG,GG,CC,AA,CC,TT,TT,GT,GG,TT,AA,AC,AG,GG,CC,CG,GG,CC,GG,AT,AA,CC,TT,GG,CC,CG,AA,GG,CC,NN,CC,AT,AA,AC,CG,AC,AT,AA,GG,AA,AA,AA,AA,AG,AA,AA,AA,TT,GG,AC,GG,CC,CC,TT,AA,AA,GG,GG,GG,TT,AT,AA,TT,TT,TT,AA,AT,GG,GG,AA,8.14,Moderate,Low,Poor,Early
L0057,Warangal,Telangana,Rabi,Black Cotton,Irrigated,410,26.5,60,AA,NN,GG,AG,GG,CC,GG,TT,CC,CC,AA,CC,CC,TT,GT,GG,GG,TT,TT,GG,CC,GT,TT,CC,TT,CC,TT,TT,GG,AA,NN,CT,AA,CC,NN,GG,GG,CG,GG,CC,TT,TT,AA,GT,AA,GG,TT,TT,CC,CC,GG,AA,AA,GG,CT,TT,AA,AA,GT,AA,AG,TT,AT,AA,TT,TT,CC,GT,TT,GT,AA,GG,CC,AA,GG,AC,AT,GG,TT,TT,GG,GG,GG,CC,AT,GG,AA,AA,CC,TT,CC,TT,CC,TT,TT,GG,TT,AC,GT,CC,CC,CC,AG,AA,TT,TT,CG,AA,AA,AA,CC,GG,TT,CC,GT,AA,AA,TT,CC,AG,CG,AG,CC,GT,TT,AG,CT,CC,CC,CC,AA,TT,CC,AA,NN,CT,AA,TT,AG,AA,GG,CC,CC,GG,AA,NN,AA,AC,GG,CC,CC,AA,AG,GG,TT,GG,AA,TT,TT,GG,CC,TT,TT,TT,CC,AT,TT,TT,AA,TT,GG,CG,AG,TT,CC,CC,GG,CC,AA,GG,AA,CC,TT,NN,TT,TT,GG,AT,AA,AA,TT,CC,CG,AC,CC,CC,GG,AG,AC,GG,TT,AA,AA,CC,GG,AA,CC,AT,AA,GG,TT,AT,AT,GG,GG,AA,CC,TT,GT,AA,GG,AA,TT,AA,TT,CG,TT,AA,CC,TT,CG,AA,CC,NN,AC,TT,TT,GT,GG,TT,AA,CC,GG,GT,CC,CC,GG,CC,GG,AA,AA,CC,GT,GG,CC,CG,AA,GG,CC,AT,CC,TT,AA,CC,CG,AC,AT,AA,GG,AA,AA,AA,AA,GG,GG,AA,AA,AT,GG,AA,AG,AC,AA,CT,AG,AG,GG,AG,GG,GT,AT,AA,TT,TT,TT,AG,AT,GG,CG,AA,8.13,Susceptible,High,Premium,Medium
L0058,Warangal,Telangana,Rabi,Black Cotton,Irrigated,410,26.5,60,CC,CT,GG,AA,GG,CC,GT,AT,CC,CG,AA,CC,CG,TT,TT,GG,CC,TT,TT,AA,CG,TT,GG,CC,TT,CC,TT,TT,GG,AA,TT,CC,AA,CC,GG,GG,GG,CG,GG,CC,TT,CT,AA,TT,AA,GG,TT,AT,CC,CC,GG,AA,AA,GG,CC,TT,AA,AA,GT,AC,AA,GT,TT,AG,TT,TT,CC,GG,TT,GT,GG,GG,CC,AA,GG,AC,AT,GG,TT,TT,GG,GG,GT,CC,AA,GG,AA,AA,CC,TT,CC,TT,CC,TT,TT,GG,TT,CC,GT,CC,CC,CC,AA,AA,TT,TT,CC,AA,AG,AA,CT,GG,TT,CG,TT,AA,AA,TT,CC,GG,CC,GG,CC,TT,TT,AA,CC,CG,CC,CG,AA,TT,CC,AA,CC,CC,AA,TT,AG,AA,GG,TT,CC,GG,AA,AG,AA,CC,GG,CC,CC,AA,AA,AG,TT,GG,CC,GT,CT,GG,AC,TT,GT,TT,CG,AT,TT,TT,AT,TT,NN,CC,AG,CC,CC,CC,GG,CC,AA,GG,AA,CC,TT,CC,GG,TT,CG,TT,AA,AA,TT,CC,GG,AA,CC,CC,GG,GG,CC,GG,TT,AA,AA,CC,GG,AT,CC,AA,AT,GG,TT,TT,AA,GG,TT,AT,CC,AT,GG,AA,GG,AA,CC,AA,TT,CC,TT,AA,CC,CT,GG,AG,CC,AA,CC,TT,CT,TT,GG,AT,AC,CC,AA,GT,CC,CG,GG,GG,GG,TT,AA,CC,TT,GG,GG,CC,AT,AG,CC,AA,CC,AA,AA,CC,CC,CC,TT,AA,GG,AA,NN,AA,AA,GG,AG,AA,AA,TT,GG,AA,AA,AC,AA,CT,AA,AG,GG,GG,GG,TT,AA,AG,TT,TT,TT,AA,TT,GG,GG,AA,7.24,Moderate,Low,Standard,Late
L0059,Warangal,Telangana,Rabi,Black Cotton,Irrigated,410,26.5,60,AC,TT,AG,AG,GG,CG,GT,AT,CC,CC,AA,CC,CC,AT,TT,GG,GG,TT,TT,AA,CC,TT,GT,CC,TT,CC,TT,TT,GT,AA,TT,CC,AA,CC,AG,GG,GG,CG,GG,CC,TT,CT,AA,TT,AA,GG,TT,TT,CC,AC,GT,AA,AA,CG,CC,TT,AA,AA,GT,AC,AA,TT,TT,AG,TT,TT,NN,GG,TT,GT,GG,GT,CC,AA,GG,AA,AA,GG,TT,TT,GG,GG,GT,CC,TT,GG,AA,AA,CG,TT,AC,TT,CT,TT,GT,GG,TT,AC,GT,CC,CC,CC,AG,AG,TT,NN,CC,AA,AA,AA,CT,GG,TT,CC,TT,AA,AC,TT,CC,NN,CC,AG,TT,GT,TT,AA,CC,CC,CC,CC,AA,TT,CC,AA,CC,CC,AA,AT,AG,AA,CG,CC,CC,GG,AG,GG,AA,CC,GT,CC,CC,AA,AG,AG,TT,GG,AA,TT,TT,GG,CC,TT,TT,CT,CG,AA,GT,TT,AA,TT,CC,CC,AG,CT,CC,CC,GG,CC,AA,GG,AA,CC,TT,CC,GG,TT,CG,TT,AA,AA,NN,CC,GG,AC,CC,CC,GG,GG,AC,GG,TT,AA,AA,CC,GT,TT,CC,AA,AA,GT,NN,TT,AT,GG,GG,AT,CG,TT,TT,AA,GG,AA,TT,AA,TT,CC,TT,AA,CC,TT,GG,AG,CC,AG,CC,TT,TT,GT,GG,TT,AA,AC,AG,GG,CC,CC,GG,GG,GG,AT,AA,CG,GG,GG,CC,CC,AA,GG,CC,AT,CC,AA,AA,NN,CC,AC,TT,AA,GG,AA,AA,AC,AA,GG,AG,AA,AA,TT,GG,AA,AA,CC,AA,CT,AG,AA,GG,GG,GG,TT,AA,AA,GT,TT,AT,AA,TT,GG,GG,AA,6.06,Susceptible,High,Standard,Late
L0060,Warangal,Telangana,Rabi,Black Cotton,Irrigated,410,26.5,60,AA,CT,GG,GG,GG,CC,NN,TT,CC,CG,AA,NN,CC,AT,TT,GG,GG,TT,TT,AA,CC,TT,GT,CC,TT,CC,TT,TT,GG,AA,TT,CC,AA,CC,GG,GG,GG,CG,GG,CC,TT,CT,AA,TT,AG,AG,TT,TT,CC,AC,GG,AA,AA,GG,CT,TT,AA,AA,GG,AC,AG,TT,TT,AG,CT,AT,CC,GG,TT,GT,AA,GG,CC,AA,GG,AA,AA,GG,TT,CT,GG,NN,GG,CC,AA,GG,AA,AA,CC,GG,CC,TT,TT,TT,TT,AG,TT,CC,TT,CC,CT,CC,AG,AA,TT,TT,CG,AG,AG,AA,CT,GT,GT,CC,TT,AA,AA,TT,CC,GG,GG,GG,CT,GT,CT,AA,CC,CC,CC,CG,AA,TT,AC,AA,CC,CC,AA,TT,AA,AA,GG,CC,CC,GG,AA,NN,AA,AC,GG,CC,CC,AA,AA,GG,GT,GG,AA,GT,TT,GG,CC,GT,TT,TT,CC,AT,GT,TT,AT,TT,CG,CC,AA,CC,CC,CC,CG,CC,AA,GG,AA,CC,TT,CC,GT,TT,GG,AT,AA,AA,TT,CC,GG,CC,AC,CC,GG,GG,AC,GG,TT,AA,AA,CG,GG,AT,CC,AA,AA,GT,TT,TT,AT,CG,GT,AA,CC,AT,TT,AA,GG,AG,CT,AA,TT,CC,CT,AC,AA,TT,GG,AG,CC,AG,CC,AT,CT,TT,CG,TT,AA,CC,AG,GG,CC,CC,GG,CG,GG,TT,AA,CC,TT,GG,CC,CC,AA,GG,CC,AA,CC,AA,AA,AC,CC,CC,TT,AA,GG,AA,AA,AC,AA,AG,GG,AG,AA,TT,GG,AA,AA,CC,AA,CT,AG,AA,GG,GG,GG,GT,AT,AA,GT,TT,TT,GG,AT,GG,GG,AC,6.95,Resistant,Low,Poor,Late
L0061,Warangal,Telangana,Rabi,Black Cotton,Irrigated,410,26.5,60,AC,CT,GG,AG,GG,CC,GT,NN,CC,CG,AA,CT,CG,AT,TT,GG,CG,NN,TT,AA,CG,TT,GT,CC,TT,CC,TT,TT,GG,AA,TT,CT,AA,CC,AG,GG,GG,CC,GT,CC,TT,CT,AA,GT,AA,AG,TT,AT,CC,CC,GT,TT,AA,GG,CC,GT,AA,AC,GT,AA,AA,TT,TT,AA,TT,TT,CC,GG,TT,GG,AA,GG,CC,AA,AG,CC,AT,GG,TT,TT,GG,GG,GT,CC,AA,GG,AA,AA,CC,GT,AC,TT,TT,TT,TT,GG,TT,CC,TT,CC,CT,GG,AG,AG,AT,TT,CG,AA,AA,AA,CC,GG,TT,CG,TT,AC,AA,TT,CG,GG,CG,GG,CC,GT,TT,AA,CC,NN,CC,CC,AA,TT,CC,AA,CC,CC,AG,TT,AA,AA,GG,CC,CC,GG,NN,AG,AA,AC,GG,CC,CC,AA,AA,AG,TT,GG,AA,GG,CT,AG,CC,TT,TT,TT,CC,AT,GT,TT,AA,TT,GG,CC,AA,CC,CC,CC,GG,CC,AA,GG,AA,CC,TT,CC,GG,TT,GG,AT,AA,AA,TT,CC,CG,AA,AC,CC,GG,GG,CC,GG,TT,AA,AA,CC,GT,AA,AA,AT,AT,GG,TT,TT,AT,GG,GG,AT,CG,AT,GT,AA,GG,AA,TT,AA,TT,CC,TT,AA,CC,CT,CG,AA,CC,NN,CC,TT,TT,TT,GG,TT,AA,AC,AA,GT,CC,CC,GG,CG,GG,AA,AA,CG,TT,GG,CC,NN,AT,GG,CG,AA,CC,AA,AA,CC,CC,AC,AT,AA,CG,AA,AA,AC,AA,AG,AA,AA,AA,TT,GG,AA,AG,CC,AA,CT,AA,AA,GG,GG,GG,TT,AA,AA,GT,NN,TT,AA,TT,GG,GG,AC,7.25,Resistant,Low,Standard,Late
L0062,Warangal,Telangana,Rabi,Black Cotton,Irrigated,410,26.5,60,AA,CT,GG,AG,GG,CC,GG,NN,CC,CG,AT,CC,GG,TT,TT,GG,GG,TT,TT,AG,CG,TT,GT,CT,TT,CC,TT,AT,GG,AA,TT,CC,AA,CC,AG,GG,GG,CC,GG,CC,TT,CC,AA,TT,AG,GG,TT,AT,CC,AC,GG,AA,AG,GG,CC,TT,AA,AA,GG,AC,AA,GT,TT,AA,TT,AT,CC,GG,TT,GG,AA,GG,CC,AA,GG,AC,AT,GG,TT,TT,GG,GG,GG,AC,AA,GG,AA,AA,CC,GT,AC,TT,CC,AT,TT,GG,CT,CC,TT,CC,CT,GG,AA,AA,AT,TT,CC,AA,AG,AA,CC,GG,TT,CC,GT,AA,AA,TT,CC,GG,CC,GG,CC,GT,TT,AA,CC,CC,CC,GG,AA,GT,CC,AA,CC,CT,AA,TT,AG,AT,CG,CC,CC,GG,AA,AA,AA,CC,GG,CC,CC,AA,AG,AG,TT,AG,AA,GT,TT,AG,AC,TT,TT,TT,GG,AT,GT,CT,AA,TT,CC,CG,AA,CC,CC,CC,NN,CC,AT,GG,AA,CC,TT,CC,GG,NN,GG,AT,AA,AA,GT,CC,GG,AA,CC,CC,GG,GG,AC,GG,TT,AA,AA,CC,GG,AA,CC,AA,TT,GG,TT,AT,AT,GG,TT,AT,NN,TT,TT,AA,AG,AA,TT,AA,TT,CC,TT,AA,CC,TT,GG,AG,CC,AG,CC,TT,CC,GT,GG,TT,AA,AC,AG,GG,CC,CG,GG,CC,GG,TT,AA,CC,GT,GG,CC,CG,TT,GG,CC,AA,CC,AT,AA,AC,CC,CC,TT,AA,GG,AA,AC,AC,AA,AG,AA,AA,AA,TT,GG,AA,AA,CC,AA,CT,AA,AG,GG,GG,GG,GT,AA,AA,TT,TT,TT,AG,TT,GG,GG,AA,8.51,Susceptible,Low,Poor,Medium
L0063,Warangal,Telangana,Rabi,Black Cotton,Irrigated,410,26.5,60,CC,TT,GG,GG,GG,CG,GG,TT,CC,CG,AA,CC,CC,AT,TT,GG,CG,TT,TT,AA,CC,GT,TT,CC,AT,CC,GT,TT,GG,AA,TT,CC,AA,CC,GG,GG,GG,GG,GG,CC,TT,TT,AC,TT,AG,AG,CT,TT,CC,CC,GG,AA,AA,GG,CC,GT,AT,AA,TT,AA,AA,TT,TT,AG,TT,TT,CC,GG,TT,GT,AG,GG,AC,AG,AG,AA,AT,GG,TT,TT,GG,GG,GG,CC,AA,GG,AA,AA,CC,TT,AC,TT,CT,TT,TT,GG,TT,CC,TT,CC,CC,CG,AA,AA,TT,TT,NN,AA,AA,AC,CC,GG,TT,CC,TT,AC,AC,TT,CC,AG,CC,GG,CC,GG,CT,AG,CC,CC,CC,CC,AA,TT,CC,AA,AC,CC,AA,AT,AA,AA,CG,CT,CC,GG,AA,AA,AA,CC,GG,CC,CC,AA,AG,GG,TT,GG,AA,GT,CT,AG,AC,GT,TT,TT,CC,AA,GT,CT,AT,TT,GG,CC,AA,CT,CC,CC,GG,CC,AA,GG,AA,CC,TT,CC,GT,GT,GG,AT,AA,AA,TT,CC,GG,AA,AC,CC,GG,GG,AC,GG,TT,AC,AA,CC,GG,AA,CC,AA,AT,GG,NN,TT,AA,GG,GG,AT,CC,TT,TT,AA,GG,AA,CT,AA,TT,CC,TT,AA,CC,TT,CG,AG,CC,GG,CC,AT,TT,GG,GG,TT,AC,AC,AA,GG,CG,CG,GG,CC,GG,AT,AA,CC,GT,GG,CC,CC,AA,GG,CG,AT,CC,AA,AG,AA,CC,AC,TT,AA,GG,AA,AA,AC,AA,AG,AG,AG,AA,AT,GG,AA,AG,AC,AA,TT,AA,AA,GG,GG,GG,TT,AA,AA,GT,TT,TT,AA,AT,GG,GG,AC,7.44,Resistant,Medium,Poor,Medium
L0064,Warangal,Telangana,Rabi,Black Cotton,Irrigated,410,26.5,60,NN,TT,AG,AA,GG,CC,GG,TT,CC,GG,AA,CC,CC,TT,TT,GG,GG,TT,TT,AA,CC,TT,TT,CC,TT,CC,TT,TT,GT,AA,TT,CC,AA,CC,GG,GG,GG,NN,GG,CC,TT,CC,AA,TT,AA,GG,CT,TT,CC,CC,GG,AA,AG,GG,CT,TT,AT,AA,GT,AA,AA,TT,TT,AA,TT,TT,CC,GG,TT,GG,AG,GG,CC,AA,GG,AA,AA,GG,TT,TT,GG,GG,GG,CC,AA,GG,AA,AA,CC,GT,AC,TT,CC,TT,TT,GG,TT,CC,GT,CT,CT,CC,AA,AA,AA,TT,CG,AA,AG,AA,CC,GG,TT,CC,TT,AA,AA,TT,CG,GG,CC,GG,CC,GT,TT,GG,CT,CC,CC,CC,AA,TT,CC,AA,CC,CC,AA,TT,AA,AT,GG,CC,CC,GG,AA,GG,AT,CC,GG,CC,CG,AA,AG,GG,GT,GG,AC,TT,TT,AG,CC,TT,GT,TT,CC,AT,TT,TT,AA,TT,GG,CC,NN,CT,CC,CC,CG,CC,AA,GG,AA,CC,TT,CC,GG,GT,GG,TT,AA,AG,TT,NN,CG,AC,AC,CC,GG,GG,AA,CC,TT,AA,AA,CC,GG,AA,CC,AA,AA,GG,GT,AA,AT,GG,GG,AA,CC,AA,TT,AA,GG,AA,TT,AA,TT,CC,TT,AC,CC,CT,CG,AG,CC,AG,CC,TT,TT,GT,GG,TT,AA,AC,AG,GG,CC,CC,GG,CG,GG,TT,NN,CC,GT,GG,CC,CC,AA,AG,CC,AT,CC,AT,NN,CC,CC,AC,TT,AA,GG,AA,AC,AC,AA,AA,GG,NN,AA,AT,GG,AC,AG,AA,AA,NN,AA,NN,GG,GG,GG,TT,AA,AG,TT,TT,TT,AA,AT,GG,GG,AA,9.95,Susceptible,High,Premium,Medium
L0065,Warangal,Telangana,Rabi,Black Cotton,Irrigated,410,26.5,60,CC,TT,GG,GG,GG,CC,GG,TT,CC,GG,AA,CC,CC,TT,TT,GT,GG,TT,TT,AA,CG,TT,GT,CC,AT,CC,GT,TT,GT,AA,CT,CT,AG,CC,GG,GG,GG,CC,GG,CC,NN,TT,AA,TT,AA,GG,TT,NN,CC,AC,GG,AA,AA,GG,CT,GT,AA,CC,GT,AC,AA,TT,AT,AA,TT,AT,CC,GG,TT,GG,AA,GG,CC,AA,GG,AC,AT,GG,TT,TT,GG,GG,GG,CC,AT,GG,NN,AA,CC,GT,AC,TT,CT,TT,GT,GG,CT,CC,TT,CT,CC,CG,AA,AA,TT,TT,NN,AA,AA,AA,CC,GG,GT,CC,GG,AC,AC,TT,CC,NN,CC,GG,CC,GG,TT,AA,CC,CC,CC,CC,AA,TT,CC,AA,CC,CC,AA,TT,AG,AA,GG,CC,CC,GG,AA,AG,AA,CC,GG,CC,CC,AG,AG,GG,TT,GG,CC,TT,CT,GG,NN,GT,TT,NN,GG,AA,GT,TT,AA,TT,GG,CC,AA,CT,CC,CC,GG,CC,AT,GG,AA,CC,TT,CC,GG,TT,GG,TT,AA,AG,TT,CC,CG,AC,CC,CC,GG,GG,AC,GG,TT,AC,AA,CC,GG,AA,CC,AT,AA,GT,TT,TT,AT,GG,TT,AT,CC,AT,TT,AT,GG,AA,TT,AA,NN,CG,TT,AC,CC,TT,CG,GG,CG,AG,CC,TT,NN,NN,GG,TT,AC,AC,AG,GG,CC,CG,GG,CC,GT,AT,AA,NN,TT,GG,CC,CC,AA,GG,CC,AA,CC,AA,AA,AC,CG,AC,TT,AA,GG,AA,AA,AA,AA,AG,AG,AA,AA,TT,GG,AC,GG,CC,CC,CT,AA,AG,GG,GG,GG,TT,NN,AA,GT,AT,TT,AA,TT,GG,CG,AA,8.52,Susceptible,High,Standard,Medium
L0066,Warangal,Telangana,Rabi,Black Cotton,Irrigated,410,26.5,60,AA,TT,AA,AG,GG,CC,GG,TT,CC,CC,AA,CT,CC,TT,TT,GT,CG,TT,TT,AA,CC,GT,GT,CC,TT,CC,TT,TT,GG,AA,TT,CC,AA,CC,GG,GG,GG,CG,GG,AC,TT,CC,AA,GT,AA,AG,TT,TT,CC,AA,GG,AT,AA,GG,CC,TT,NN,AC,GG,CC,AG,TT,AT,AA,TT,AT,CC,GG,TT,GG,AA,GT,CC,AG,GG,AC,AA,GG,TT,CT,GG,GG,GG,CC,AT,AG,AA,AT,CC,TT,CC,TT,CC,TT,GT,GG,CT,CC,TT,CC,CC,CC,AG,AA,TT,TT,CC,AA,AA,AC,CC,GG,TT,CC,TT,AA,AA,TT,CG,AG,CG,GG,CC,GT,TT,AG,CC,CC,AC,CC,AA,TT,CC,AA,CC,CC,AA,TT,AA,AA,GG,CC,CC,GG,AA,AA,AA,AC,GG,CC,CC,AA,AG,GG,TT,GG,AC,TT,CT,GG,AC,GT,GT,TT,CG,AT,GT,TT,AA,AT,CG,CC,AA,CT,CC,CC,CG,CC,AA,GG,AG,CC,TT,CC,GT,TT,GG,TT,AA,AG,TT,AC,GG,AC,CC,CC,GG,GG,AA,GG,CT,AC,AA,CC,GT,AT,AC,AA,AT,GT,TT,AT,TT,GG,GG,AA,CG,TT,GG,AA,GG,AA,TT,AA,AT,CG,TT,AA,CC,CT,CG,GG,CC,AG,CC,TT,TT,GT,GG,TT,AA,AC,AG,GG,CC,CC,GG,CC,GG,AT,AG,CG,TT,GG,CC,CC,AA,GG,CC,AA,CC,AA,AA,CC,CG,CC,TT,AA,CG,AA,AA,AC,AA,AG,AG,AA,AA,AT,GG,AA,AA,AC,AA,CC,AA,AA,CG,GG,GG,GT,AA,AG,TT,TT,TT,AG,AA,GG,GG,AA,9.13,Moderate,Medium,Poor,Late
L0067,Warangal,Telangana,Rabi,Black Cotton,Irrigated,410,26.5,60,AA,CT,GG,AG,CG,CC,GT,TT,CC,CG,AA,CC,CC,TT,GG,GT,GG,TT,TT,AG,CG,GT,TT,CT,TT,CC,TT,TT,GG,AA,TT,CC,AA,CC,GG,GG,GG,CC,GG,CC,TT,TT,AA,TT,AA,AA,CT,AT,CC,CC,GG,AA,AA,GG,CT,GG,AA,AC,GT,CC,AA,GT,AT,AG,CT,AT,CC,GG,TT,GT,AA,GG,CC,AA,AG,AA,AA,GG,TT,CT,GG,GG,GG,CC,AA,GG,AA,AT,CC,GT,CC,TT,CC,TT,GT,GG,TT,AC,TT,CC,CC,CC,GG,AA,TT,TT,CC,AA,GG,AA,CC,GT,TT,CC,TT,AA,AA,TT,CC,AG,CC,AG,CC,GT,TT,AA,CC,CC,CC,CC,AA,TT,CC,AA,CC,CT,AA,TT,AA,AA,CG,CC,CC,GG,AA,AA,AA,CC,NN,CC,CC,AA,AA,AG,TT,GG,AA,TT,CT,GG,AA,GT,GT,TT,CC,AA,TT,TT,AA,TT,GG,CG,AG,CC,CC,CC,GG,CC,AA,NN,AG,CC,TT,CC,TT,GT,GG,AT,AA,AA,TT,CC,GG,AC,CC,CC,GG,GG,AA,CG,CT,AA,AA,CC,NN,AT,AC,NN,TT,GG,TT,TT,AT,CG,GT,AT,CC,AT,GG,AA,GG,AG,CT,AA,TT,CC,CT,AA,CC,TT,GG,AA,CC,AG,AC,AT,TT,GT,GG,AT,AA,AA,AA,GG,CC,CG,GG,CC,GG,TT,AA,CC,TT,GG,CC,CG,AT,GG,CC,AA,CC,AA,AA,AC,CG,AC,TT,AA,GG,AA,NN,CC,AA,GG,GG,GG,AA,TT,GG,CC,AG,CC,AA,TT,AG,AA,GG,AG,NN,TT,AA,AA,GT,AT,TT,AA,TT,GG,CG,AA,6.92,Resistant,Low,Poor,Late
L0068,Warangal,Telangana,Rabi,Black Cotton,Irrigated,410,26.5,60,AA,TT,GG,GG,GG,CG,GG,TT,CC,CC,NN,CC,CC,TT,TT,GG,CG,TT,TT,AA,CC,GT,GT,CC,TT,CC,GT,TT,GG,AA,TT,CC,AA,CC,GG,GG,GG,CC,GG,CC,TT,TT,AC,GT,AA,GG,TT,TT,CC,AC,GG,AA,AA,GG,CC,GT,AA,AA,GG,AC,AA,TT,AT,AA,TT,AA,CC,GG,TT,TT,AG,GT,CC,AA,GG,AC,AT,GG,TT,TT,GG,GG,GG,CC,AA,GG,AG,AA,CC,TT,AC,TT,CT,TT,GT,GG,TT,CC,GT,CC,NN,CG,AA,AA,TT,TT,CC,GG,AG,AA,CC,GG,TT,GG,TT,AC,AA,TT,CC,GG,CC,GG,CC,GG,CT,AA,CC,CC,CC,CC,AG,TT,CC,AA,CC,CC,AA,TT,AA,AA,GG,CC,CC,GG,AA,AA,AA,CC,GG,CC,CC,AA,AA,GG,TT,GG,AA,TT,CT,GG,CC,GT,GT,TT,CC,AA,TT,CT,AT,AT,GG,CC,AA,CC,CC,CC,CG,AC,AA,GG,AG,CC,TT,CG,GT,TT,GG,AT,AA,AA,TT,CC,GG,AC,CC,CG,GG,GG,AC,GG,TT,AC,AA,CG,GG,AA,NN,AA,AT,GG,TT,TT,AA,GG,GT,AA,GG,TT,GT,AA,GG,AG,TT,AA,TT,CC,CT,AA,CC,TT,GG,AG,CG,AG,CC,TT,TT,TT,CG,TT,AC,AC,AA,GT,CC,CC,NN,CG,GG,TT,AG,CC,TT,AG,CC,CC,AA,GG,CG,AT,CC,AA,AA,AC,CC,CC,TT,AA,GG,AA,AA,AC,AC,AG,AA,AG,AA,AT,GG,CC,AG,CC,AC,CT,AA,AA,GG,GG,GG,TT,AA,AA,TT,TT,TT,AG,TT,GG,CG,AC,4.82,Resistant,Low,Premium,Late
L0069,Warangal,Telangana,Rabi,Black Cotton,Irrigated,410,26.5,60,AA,TT,GG,AG,CG,CC,GG,AT,CC,CG,AA,CT,CC,TT,TT,GG,GG,TT,TT,AG,CC,TT,TT,CT,TT,CC,GT,AT,GG,AA,TT,CC,AA,CC,GG,CG,GG,CC,GT,CC,TT,NN,AC,TT,AA,AG,CT,TT,CC,AC,GG,AA,AA,GG,CC,GT,AA,AA,NN,AC,AA,TT,TT,AA,CT,AT,CC,GG,TT,GG,AG,GG,CC,AA,AG,AA,AT,NN,TT,TT,GG,GG,GT,CC,AT,GG,AG,AA,CC,TT,AC,TT,TT,AT,GT,GG,TT,CC,GT,CC,CC,CC,GG,AA,AT,TT,CC,AA,AA,AA,CT,GG,TT,CC,GT,AA,AA,TT,CC,GG,CC,AG,CC,GG,TT,AA,CC,NN,CC,CC,AA,GT,CC,AA,CC,CC,AA,TT,AG,AT,GG,CT,CC,AG,AG,AA,AA,AC,GG,CC,CC,AG,AG,GG,TT,GG,AC,TT,CT,GG,CC,GG,TT,CT,CC,AT,GT,TT,AA,TT,GG,CC,AA,NN,CC,AC,GG,AC,AT,GG,AG,CC,TT,CG,TT,TT,GG,AT,AA,AA,TT,NN,GG,AA,CC,CC,GG,GG,AC,GG,TT,AA,AA,CC,GG,AA,CC,AA,AT,GG,TT,AT,AT,GG,TT,AA,CC,TT,TT,AA,GG,AA,CT,AA,TT,CC,TT,AA,AC,CT,CG,AA,CC,AG,CC,TT,TT,TT,GG,TT,AA,AC,AG,GG,CC,CC,CG,CG,GG,AA,AA,CC,GT,GG,CC,CC,AA,AG,CG,AA,CC,AA,AA,AC,CG,AC,AT,AA,GG,AA,AA,AA,AA,GG,GG,AA,AA,TT,GG,AA,AA,CC,AC,CT,AG,AG,GG,GG,GG,TT,AA,AA,GT,TT,TT,AG,AT,GG,GG,AA,6.46,Susceptible,Medium,Standard,Late
L0070,Warangal,Telangana,Rabi,Black Cotton,Irrigated,410,26.5,60,AA,TT,GG,AG,GG,CC,GT,TT,CC,CG,AT,CC,CG,TT,TT,GT,GG,TT,TT,AA,CC,TT,TT,CC,TT,CC,TT,TT,GG,AA,CT,CC,AA,CC,GG,GG,NN,CC,GG,CC,TT,CC,AC,TT,AA,GG,TT,TT,CC,AC,TT,AA,AG,GG,CC,TT,AT,AA,GT,AA,AG,GT,TT,AG,TT,TT,CC,GG,TT,GG,AG,GG,CC,AA,AG,AC,AA,NN,TT,CT,GG,GG,GT,NN,AA,GG,AA,AT,CC,TT,NN,TT,CC,AT,GT,GG,TT,CC,GG,CC,NN,CC,GG,AG,AT,TT,CC,NN,AA,AC,CC,GG,TT,GG,TT,AA,AA,AT,CC,AG,CG,GG,CC,GT,TT,AG,CC,CC,CC,CC,AA,TT,CC,AA,CC,CC,AA,TT,AA,AT,GG,CC,CG,GG,AA,AA,AT,NN,GG,CC,CC,AA,AG,GG,GT,GG,AC,TT,TT,AG,AC,GG,GT,TT,CC,AA,GT,TT,AA,TT,GG,CC,AA,TT,CC,CC,GG,CC,AA,GG,GG,CC,TT,CG,NN,TT,GG,TT,AA,AA,TT,CC,GG,AA,AC,CC,GG,AG,AA,GG,TT,AC,AA,CC,GT,AT,CC,AA,AT,GG,GT,TT,TT,CG,TT,AA,CC,TT,TT,AA,GG,AA,TT,AA,TT,CC,TT,AA,CC,TT,GG,AA,CC,AG,AC,TT,TT,GT,GG,TT,AA,CC,AG,GG,CC,CG,GG,CC,GG,TT,AA,CG,GT,GG,CC,CC,AA,GG,CG,AT,CG,AT,AA,AA,CC,CC,AT,AA,CG,AA,AA,AC,AA,AG,AG,AA,AA,TT,GG,AA,AG,AC,AA,TT,AA,AA,GG,GG,GG,TT,AT,AA,TT,TT,TT,AA,AT,GG,CG,AA,7.18,Moderate,High,Standard,Early
L0071,Warangal,Telangana,Rabi,Black Cotton,Irrigated,410,26.5,60,AA,CT,AG,AA,GG,CC,GG,TT,CC,CC,AA,CC,CG,AT,TT,TT,GG,TT,TT,GG,CC,GT,GT,CC,TT,CC,TT,TT,GG,AA,TT,CT,AA,CC,GG,GG,GG,CC,GG,CC,TT,CT,AA,TT,AA,AG,TT,TT,CC,AC,GG,AT,AA,GG,CC,TT,AA,AC,GT,AC,AA,TT,AT,AG,TT,AT,CC,GG,TT,GT,AA,NN,CC,AA,GG,AA,AA,GG,GT,TT,GG,GT,GG,CC,AT,GG,AG,AA,CC,TT,CC,TT,CT,TT,TT,GG,CT,CC,GT,CC,CC,CC,AG,AA,TT,TT,CC,AA,GG,AA,CC,GG,TT,CC,NN,AA,AA,TT,CC,AG,CC,GG,CC,GT,TT,AA,CT,CC,CC,CC,AA,NN,CC,AC,CC,CC,AA,TT,AA,AA,GG,CT,CC,GG,AA,AG,AA,CC,NN,CC,CC,AA,AA,AG,TT,GG,AA,TT,TT,GG,CC,NN,TT,CT,CG,AT,TT,TT,AA,TT,GG,CC,AA,CC,CC,AC,GG,CC,AA,AG,AG,CC,TT,CC,GG,TT,CG,AT,AA,AG,TT,AC,GG,AA,CC,CG,GG,GG,AC,CG,NN,AC,AA,CC,GG,AA,CC,AA,AT,GG,GG,TT,AA,CG,GT,AT,CC,AT,GT,AA,GG,AA,CT,AA,TT,CC,TT,AC,AC,TT,GG,AA,CC,AG,CC,TT,TT,TT,GG,TT,AA,CC,AG,GG,CC,CG,GG,CC,GG,TT,AA,CC,TT,GG,CC,CC,AA,GG,CG,AT,CC,AA,AA,CC,CC,AA,TT,AG,GG,AA,AC,AC,AA,AA,AA,AA,AA,AT,GG,AA,AA,AA,AC,TT,AA,AA,GG,GG,GG,TT,AA,AA,TT,NN,TT,GG,TT,GG,GG,AA,8.13,Susceptible,Low,Standard,Early
L0072,Warangal,Telangana,Rabi,Black Cotton,Irrigated,410,26.5,60,CC,TT,GG,AG,GG,CC,GT,AT,CC,CC,AA,CC,CG,TT,TT,GG,GG,TT,TT,AG,CC,GT,TT,CC,TT,CC,TT,TT,GG,AA,TT,CC,AA,CC,GG,GG,GG,CC,GG,NN,TT,CT,AC,TT,AA,AG,TT,TT,CC,AC,GT,AA,AG,GG,CT,GT,AA,AC,GT,AA,AA,GT,TT,AA,TT,AT,CC,GG,CT,GG,AA,GG,CC,AA,GG,AA,AT,GG,TT,TT,NN,GT,GG,CC,AA,GG,AA,AA,CC,GG,AC,TT,CC,TT,TT,AG,TT,CC,GT,CC,CT,CC,AG,AA,TT,TT,NN,AA,AG,AC,CC,GG,GT,CC,TT,AC,AA,TT,CC,GG,CC,GG,CC,GT,TT,AA,CC,CC,CC,CC,AA,GT,AC,AA,CC,CC,AA,TT,AA,AA,GG,CC,CC,GG,AA,AA,AT,CC,GT,CC,CC,AA,AG,AG,TT,NN,AC,TT,CT,GG,AC,GG,TT,TT,CG,AA,GT,TT,AT,NN,GG,CC,AA,CT,CC,CC,CG,CC,AT,AG,AG,CC,TT,CC,GG,TT,GG,TT,AA,AA,TT,CC,GG,AC,CC,CC,GG,GG,AA,GG,NN,AA,AA,CC,GG,AA,CC,AA,AA,GG,TT,AT,AT,GG,TT,AT,CC,AA,TT,AA,GG,AA,CT,AA,TT,CC,TT,AC,CC,TT,GG,AA,CC,AG,AC,TT,TT,GT,GG,TT,AA,AC,AA,GG,CC,GG,GG,CC,GG,TT,AA,CG,GT,GG,CC,CC,AA,AG,CC,AA,CC,AA,AA,CC,GG,AA,TT,AA,GG,AA,AA,AA,AA,GG,AG,AG,AA,TT,GG,AA,AA,CC,AC,CT,AA,AA,GG,GG,GG,TT,AA,AA,GT,TT,TT,AA,AA,GG,GG,AA,6.25,Susceptible,High,Poor,Late
L0073,Warangal,Telangana,Rabi,Black Cotton,Irrigated,410,26.5,60,AA,TT,GG,AG,GG,CC,GG,AA,CC,CG,NN,CC,CC,TT,GT,GG,CG,TT,TT,AA,CC,GG,TT,CT,TT,CC,TT,TT,GG,AA,TT,CT,AA,AC,GG,CG,GG,CG,GG,CC,TT,CC,AA,TT,AA,AG,TT,TT,CC,AA,NN,AT,AA,GG,CC,TT,AA,AC,GG,AC,NN,GG,AT,AA,TT,TT,CC,GG,TT,GG,AG,GG,CC,AA,GG,AA,AT,GG,TT,TT,GG,GG,GG,CC,AA,GG,AA,AA,CC,TT,CC,TT,CT,TT,TT,GG,TT,CC,GT,CC,CC,CG,AG,NN,TT,GT,CC,AA,AA,AA,CT,GG,TT,CC,TT,AC,AA,NN,CC,AG,CC,GG,CC,GG,CT,AG,CC,CC,CC,CC,AA,TT,CC,AA,CC,CC,AA,TT,AG,AA,CG,CC,CC,GG,AA,AG,AA,AC,TT,CC,CC,AA,GG,GG,GT,GG,AA,TT,TT,GG,CC,TT,TT,TT,CC,AA,TT,CT,AT,TT,GG,CC,AG,CC,CC,CC,CG,AC,AA,GG,AG,CC,TT,CG,GT,GT,GG,AT,AA,AG,TT,AC,NN,AA,CC,CC,GG,GG,AA,GG,CT,CC,AG,CC,GT,AT,CC,AA,AT,GT,TT,TT,AA,GG,GT,AA,CC,AT,TT,AA,GG,AA,TT,AA,TT,CG,TT,AA,CC,CT,GG,AG,CC,GG,CC,TT,TT,TT,GG,TT,AA,AC,AG,GG,CC,CC,GG,CG,GG,TT,AA,CG,GT,GG,CC,CC,AA,AG,CC,AA,CC,AA,AA,CC,GG,CC,TT,AA,GG,AA,AA,AA,AA,AA,AG,AA,AA,TT,GG,AA,AG,AC,AA,CT,AA,AA,GG,AG,GG,TT,AT,AA,TT,TT,TT,AG,TT,GG,GG,AA,7.04,Susceptible,Low,Standard,Late
L0074,Warangal,Telangana,Rabi,Black Cotton,Irrigated,410,26.5,60,AA,CT,GG,AA,GG,CC,TT,TT,CC,CG,AA,CC,CC,TT,TT,GG,GG,TT,TT,AA,CG,TT,TT,CC,AT,CC,TT,TT,GG,AA,TT,CT,AA,CC,GG,GG,GG,CG,GG,AC,TT,CT,AA,TT,AG,AG,TT,AT,CC,CC,GG,AT,AA,GG,CC,TT,NN,AC,GT,AC,AA,TT,AT,AA,TT,TT,CC,GG,TT,GT,AA,GG,CC,AA,AG,CC,TT,GG,GT,TT,GG,GT,GT,CC,AA,GG,AA,AA,CC,NN,CC,NN,CC,TT,TT,GG,TT,CC,TT,CC,CT,GG,AG,AA,TT,TT,CC,AA,AA,AC,CT,GG,TT,CC,TT,AA,AA,TT,CC,GG,CC,GG,CC,GG,TT,AA,CC,CC,CC,CC,AA,TT,AC,AA,CC,CC,AA,TT,AA,AA,GG,CC,CC,GG,AA,AG,NN,CC,GG,CC,CG,AG,AG,GG,TT,GG,AA,GT,CT,GG,AC,TT,GT,CT,CG,AA,GT,TT,AT,TT,CG,CC,AA,CT,CC,AC,GG,CC,AA,GG,AG,CC,TT,CG,GG,TT,GG,AA,AA,AA,TT,AC,GG,AA,CC,CC,GG,GG,AC,GG,TT,AC,AA,CC,GG,AA,AC,AA,AA,GG,TT,TT,AT,CG,GT,TT,CC,AT,GT,AT,GG,AA,CT,AA,TT,CC,CT,AA,CC,TT,GG,AG,CC,AG,CC,TT,TT,TT,GG,TT,AA,CC,AA,GG,CC,CC,GG,CC,GG,AT,AA,CC,GT,GG,CC,CC,AT,AG,CC,AT,CG,AT,AA,AC,GG,AC,TT,AG,GG,AA,AC,AA,AC,AA,AA,AA,AA,TT,GG,AA,AG,AC,AA,CC,AA,AA,GG,GG,GG,TT,AA,AA,TT,TT,NN,AA,TT,GG,GG,AA,6.06,Susceptible,Medium,Poor,Early
L0075,Warangal,Telangana,Rabi,Black Cotton,Irrigated,410,26.5,60,AC,CC,GG,AG,GG,CC,GT,TT,CC,CG,AA,CC,CC,TT,TT,GG,GG,NN,TT,AG,CC,GT,GG,CC,TT,CC,TT,TT,GG,AA,TT,CC,AA,CC,GG,GG,GG,CC,GG,CC,TT,CC,AA,NN,AA,AG,CC,TT,CC,NN,GT,AT,AG,GG,CT,TT,AA,AA,GG,AC,AA,TT,AT,AA,TT,AT,CC,GG,TT,GG,AA,GG,CC,AA,AG,AA,AT,GG,GT,TT,GG,GG,GG,CC,AT,GG,AA,AA,CC,TT,AA,TT,CT,AT,TT,GG,TT,CC,GT,CC,CC,CC,AA,AA,TT,TT,CC,AA,AG,AA,CC,GG,TT,CC,TT,AA,AA,AT,CC,AG,CC,GG,CC,GG,TT,AG,CT,CC,CC,CG,AA,TT,CC,AA,CC,CC,AA,TT,AA,AA,GG,CT,CC,GG,AA,GG,AA,CC,GG,CC,CC,AG,AG,AG,NN,GG,AA,TT,CT,GG,CC,TT,GT,TT,CC,AA,TT,TT,AA,AT,CG,CC,GG,CC,AC,CC,CG,CC,AA,GG,GG,CC,TT,CC,GT,GT,CG,TT,AA,AG,TT,CC,GG,AA,CC,CC,GG,GG,AA,GG,TT,AA,AA,CC,GT,NN,AC,AA,AT,GG,TT,AA,AA,GG,GG,AT,CG,AT,GG,AA,GG,AA,CC,AA,TT,CC,TT,AC,CC,CT,NN,AA,CC,AG,CC,TT,TT,GG,GG,TT,AA,AC,AA,GG,CC,CG,GG,CC,GG,TT,AA,CC,GT,GG,CC,CG,AA,GG,CC,AA,CG,AA,AA,CC,CC,AC,TT,AA,CG,AA,AA,AA,AA,AA,GG,AG,AA,AT,CG,CC,AA,CC,AA,TT,AA,AG,CG,GG,GG,GT,AA,AA,GT,AT,TT,AG,AT,GG,GG,AA,5.67,Susceptible,Low,Standard,Early
L0076,Warangal,Telangana,Rabi,Black Cotton,Irrigated,410,26.5,60,AC,TT,AG,AG,GG,CC,GG,TT,CC,NN,AA,CC,GG,TT,GT,TT,NN,TT,TT,AA,GG,TT,TT,CT,TT,CC,TT,TT,GT,AA,TT,CC,AA,CC,GG,GG,GT,CC,GG,CC,TT,TT,AC,TT,AA,AA,TT,TT,CC,CC,TT,AA,NN,GG,NN,TT,AA,AA,GT,AC,AA,TT,TT,AA,TT,TT,CC,GG,TT,GT,AG,GG,CC,AA,GG,AC,NN,GG,TT,TT,GG,GT,GT,CC,AA,AG,AA,AA,CC,TT,CC,TT,CT,TT,TT,GG,TT,CC,GT,CT,CC,CG,AG,AA,TT,TT,CC,AA,AG,CC,CT,GG,TT,CG,TT,NN,AA,TT,CC,AG,CC,GG,CC,GT,CT,AA,CC,CC,CC,CC,AA,TT,AC,AC,CC,CC,AA,TT,AA,AA,GG,CT,CC,GG,AA,AA,AA,CC,GG,CC,CC,AG,GG,GG,TT,GG,AC,NN,CT,GG,CC,TT,TT,TT,CC,AT,TT,TT,AA,TT,GG,CC,AA,CT,AC,CC,CG,CC,AA,GG,AA,CC,TT,CC,GG,TT,CG,TT,AA,AA,TT,CC,GG,NN,CC,CC,GG,GG,AA,GG,TT,AC,AA,CC,GG,AA,NN,AA,AT,GT,TT,AT,AA,GG,GT,AA,CG,AT,GT,AA,GG,AA,TT,AA,TT,CC,TT,AA,CC,CT,GG,AA,NN,AA,AC,TT,CT,GT,GG,TT,AC,AC,AG,GG,CG,CG,GG,CC,GG,TT,AA,NN,TT,GG,CC,CC,AT,AA,CG,AA,CC,AT,AA,AC,CG,CC,TT,AA,GG,AA,AC,AC,AC,GG,AA,NN,AA,TT,CG,CC,AA,CC,AC,TT,AG,AG,GG,GG,GG,TT,AA,AA,GT,TT,TT,AA,AT,GG,GG,AA,8.72,Susceptible,Medium,Poor,Medium
L0077,Warangal,Telangana,Rabi,Black Cotton,Irrigated,410,26.5,60,AC,CT,AG,AG,CG,CC,GG,AA,CC,CC,AA,CC,CC,AT,TT,GT,GG,TT,TT,AA,CC,TT,TT,CC,TT,CC,TT,AT,GG,AA,TT,CC,AG,CC,GG,GG,GG,GG,GG,CC,TT,TT,CC,TT,AA,GG,TT,TT,CC,AA,GG,AA,AA,GG,CT,TT,AA,AA,GT,AA,AG,TT,TT,AA,TT,AT,CT,GG,TT,GG,AA,GG,CC,AA,AG,NN,AT,AA,TT,TT,AG,GT,GT,CC,AA,NN,AA,AT,CC,TT,AC,TT,CC,TT,TT,GG,CT,AC,GT,CC,CC,CG,AA,AA,TT,TT,CC,AA,GG,AA,CC,GG,TT,CG,TT,AA,AA,TT,CC,AG,CC,GG,CT,GT,TT,AA,CC,CC,CC,CC,AA,TT,AC,AA,CC,CC,AA,TT,AA,AA,GG,CC,CC,AG,AA,AA,AA,CC,GG,CC,CC,AA,AG,GG,GT,AA,AA,TT,CT,AG,CC,TT,GG,TT,CC,AT,GT,TT,AA,TT,GG,CC,GG,CT,CC,CC,CG,CC,AA,GG,AA,CC,TT,CC,GG,TT,GG,AT,AA,NN,TT,AC,CC,AA,CC,CC,GG,GG,AA,GG,TT,AA,AA,CC,GG,NN,AC,AT,AA,GG,TT,AT,AA,CG,GG,AA,CC,TT,TT,AA,GG,AA,CT,AC,TT,CC,TT,AC,CC,TT,GG,AG,CC,AG,CC,AT,CT,TT,GG,TT,AA,AC,AA,GG,CC,CG,GG,CC,GG,TT,AA,CC,GT,GG,CC,CG,AT,AG,CC,AA,CC,AA,AA,AC,CG,CC,TT,AA,GG,AA,AA,AA,AA,AG,AA,AA,AA,AT,CG,AC,AA,NN,AA,TT,NN,AA,GG,AG,GG,TT,AT,AA,TT,TT,TT,GG,AT,GG,GG,AA,7.0,Susceptible,High,Premium,Late
L0078,Warangal,Telangana,Rabi,Black Cotton,Irrigated,410,26.5,60,AC,CT,GG,AA,GG,CC,GG,AT,CC,NN,AA,CT,CG,TT,TT,TT,CG,TT,TT,AG,CC,TT,TT,CC,TT,CC,TT,AT,NN,AA,TT,CT,AG,CC,GG,CG,GG,CC,GG,CC,TT,TT,AA,TT,AA,AA,TT,AT,CC,AC,GG,AA,AA,GG,CC,TT,AA,AA,GT,AC,AG,TT,AT,AA,TT,TT,CC,GG,TT,GT,AA,GG,CC,AG,AG,AA,AA,GG,TT,TT,GG,GT,GT,CC,AA,GG,AA,AA,CC,GT,CC,TT,CT,TT,TT,AG,TT,CC,TT,CT,CC,CC,AA,AA,AT,TT,CG,AA,AG,AA,TT,GG,TT,CC,TT,AA,AA,TT,CG,AG,CC,AG,CC,GG,TT,AA,CT,CC,CC,CC,NN,GT,CC,AA,CC,CC,AG,TT,AA,AA,CG,CC,CC,GG,AA,AG,AA,CC,TT,CC,CC,AA,AA,GG,TT,GG,AA,GT,CT,GG,AC,TT,TT,CT,CC,TT,TT,TT,NN,TT,GG,CC,AA,CC,CC,CC,CG,CC,AA,GG,AA,CC,TT,CC,GG,GT,GG,TT,AA,AA,NN,CC,GG,AA,AC,CC,GG,GG,AC,GG,TT,AA,AA,CC,GG,AT,CC,AA,AT,GG,TT,AA,TT,GG,GT,AA,CC,AT,GG,AA,GG,AA,TT,AA,TT,NN,CT,AA,CC,CT,GG,AG,CC,AG,CC,TT,TT,GT,GG,TT,AA,AC,AA,GG,CC,CG,GG,CC,GG,AA,AA,CC,GT,GG,CC,CC,AA,GG,CC,AA,CC,AA,AA,AC,CG,AC,TT,AA,GG,AA,AA,AA,AA,GG,AG,AA,AA,TT,GG,AA,AA,AC,AA,TT,GG,AA,GG,GG,GG,TT,AA,AA,GT,TT,TT,AG,AT,GG,CG,AC,9.86,Resistant,Low,Poor,Early
L0079,Warangal,Telangana,Rabi,Black Cotton,Irrigated,410,26.5,60,CC,TT,AG,AG,GG,CG,GT,AT,CC,CG,AA,CC,CC,TT,TT,GG,GG,TT,TT,AG,CC,TT,TT,CC,TT,CC,TT,TT,GG,AA,TT,CC,AA,CC,AG,GG,GG,CG,GG,CC,TT,CC,AA,TT,AA,AG,TT,TT,CC,AC,GT,AT,AA,GG,CC,TT,AT,AC,TT,AA,AA,GG,TT,AG,TT,TT,CC,GG,TT,GG,AA,GG,CC,AA,GG,AA,AA,GG,TT,CT,GG,GT,GT,CC,AA,GG,AA,AA,CC,GT,AC,TT,CC,TT,GT,AG,TT,CC,GT,CC,CC,CG,AA,AA,TT,TT,CC,AA,GG,AA,CT,GG,TT,CC,TT,AA,AC,TT,CG,NN,CC,GG,CC,GT,TT,AA,TT,CC,CC,CC,NN,TT,CC,AA,CC,CT,AA,AT,AA,AA,CG,CC,CC,GG,AA,AG,AA,NN,GT,NN,CG,NN,AG,GG,GT,GG,AA,TT,CT,GG,CC,GT,TT,CT,CC,AA,NN,TT,AT,TT,CG,CC,AG,CC,CC,CC,GG,CC,AA,GG,AG,AC,TT,CC,GG,TT,GG,AT,AG,AA,TT,CC,GG,AA,CC,NN,GG,GG,AA,GG,TT,CC,AA,CC,GG,AA,NN,AA,AA,GT,TT,TT,AA,GG,GG,AA,CG,AT,GT,AA,GG,AA,TT,AA,TT,CC,TT,AA,CC,TT,GG,AG,CG,AG,AA,TT,CT,GT,GG,TT,AA,AC,AA,GT,CC,CC,GG,CC,GG,AT,AA,CC,TT,GG,CC,CC,AT,GG,CC,AA,CC,AA,AA,CC,CG,AC,NN,AA,GG,AA,AA,CC,AA,GG,AA,AA,AG,TT,GG,AC,AA,CC,AA,CT,AA,AA,GG,GG,GG,GT,AA,AA,GG,TT,TT,AA,AT,GG,GG,AA,6.71,Moderate,High,Standard,Medium
L0080,Warangal,Telangana,Rabi,Black Cotton,Irrigated,410,26.5,60,AC,CT,AG,AA,GG,CC,GT,AT,CC,CC,AA,CC,CG,AT,TT,GG,CG,TT,TT,AG,CC,TT,TT,NN,TT,CC,TT,NN,GG,AA,TT,CC,AA,CC,GG,GG,GT,CC,GT,CC,TT,TT,AC,GT,AA,GG,CT,TT,CC,AC,GT,AA,AG,GG,CC,TT,AA,AA,GG,AA,AG,TT,TT,AG,TT,TT,CC,GG,TT,GG,AA,NN,CC,AA,GG,AA,AT,GG,TT,TT,GG,GG,GG,CC,AA,GG,AA,AA,CC,TT,CC,TT,TT,TT,TT,GG,CT,CC,TT,CC,CC,CG,AG,AA,TT,GT,NN,AG,AA,AC,CC,GG,TT,CC,GT,AA,AA,TT,CG,AG,CC,GG,CC,GG,CT,AG,CC,CC,CC,CC,AA,TT,CC,AA,CC,CC,AA,TT,AA,AT,GG,CT,CC,GG,AA,AG,AA,CC,GG,CC,CC,AA,AG,GG,GT,GG,AC,TT,TT,AG,CC,TT,TT,TT,CC,TT,TT,TT,AT,AT,GG,CC,AA,NN,CC,AC,GG,CC,AA,GG,AA,CC,TT,CC,GT,GT,GG,AT,AA,AA,NN,AC,GG,AA,CC,CG,GG,GG,AA,GG,TT,AC,AG,GG,GG,AA,CC,AA,AA,GT,TT,AT,AT,GG,TT,AT,CC,AT,GT,AA,GG,AA,TT,AA,TT,CC,TT,AA,CC,TT,GG,AA,CG,AG,AC,TT,TT,GT,GG,TT,AC,AC,AG,GG,CC,CC,CG,CC,GG,AT,AG,CC,TT,GG,CC,CC,AA,GG,CC,AA,CC,AA,AA,CC,CC,CC,TT,AA,GG,AA,AC,AA,AA,GG,AA,AA,AA,TT,CG,AC,AA,AC,CC,CC,AA,AA,GG,GG,CG,GT,AA,AA,GT,AT,TT,AA,TT,GG,CG,AA,8.01,Moderate,Low,Standard,Early
L0081,Warangal,Telangana,Rabi,Black Cotton,Irrigated,410,26.5,60,AC,TT,GG,AA,GG,CC,GG,TT,CC,CC,AA,CC,CC,TT,GT,GT,GG,TT,TT,AG,CC,TT,TT,CC,TT,CC,GT,TT,GG,AA,CT,CT,AA,AA,GG,GG,GG,GG,GG,CC,TT,TT,AA,GT,AG,NN,TT,TT,CC,AC,GT,AA,AA,CG,CC,TT,AA,AC,GT,AA,AA,TT,TT,GG,CT,AT,CC,GG,TT,GG,AG,GT,CC,AA,GG,AC,AT,GG,GT,TT,GG,GG,GG,CC,AA,GG,AA,AA,CC,GG,CC,TT,CC,TT,GT,GG,CT,CC,GT,CT,CC,CC,GG,AA,TT,TT,CC,AA,AA,AA,CT,GG,TT,CC,TT,AC,AA,TT,CC,AA,CC,GG,CC,GT,TT,AG,CC,CC,CC,CC,AA,TT,CC,AA,CC,CC,AA,TT,AG,AA,GG,CC,CC,GG,AA,AA,AA,CC,GG,CC,CC,AG,AG,AG,GT,GG,AA,TT,CT,GG,CC,GG,GT,TT,CC,TT,TT,CC,AA,TT,GG,CC,AG,CC,CC,CC,NN,CC,AA,GG,AG,CC,TT,CC,GG,TT,GG,TT,AA,GG,GG,CC,CG,CC,CC,CC,GG,GG,AC,CG,TT,AA,AA,CC,GT,AT,CC,AA,AA,GT,TT,TT,AT,CG,GT,TT,CC,AT,GT,NN,GG,AA,NN,AA,TT,CC,TT,AA,CC,CT,CG,AG,CC,AA,CC,TT,CT,GT,GG,AT,AA,AC,AA,GG,CC,CG,GG,CC,GG,AT,AG,CC,TT,GG,CC,NN,AA,GG,CG,AA,CC,AA,AA,CC,CC,AC,TT,AG,GG,AA,AC,AA,AA,AA,GG,AG,AA,TT,GG,AA,AA,CC,AA,CT,AA,AA,GG,GG,GG,GT,AA,AA,GT,TT,TT,AG,TT,GG,GG,AA,10.92,Susceptible,Low,Premium,Medium
L0082,Warangal,Telangana,Rabi,Black Cotton,Irrigated,410,26.5,60,AC,TT,GG,AG,GG,CC,GG,TT,CC,GG,AA,CC,CC,AT,TT,GG,CG,TT,TT,AA,CC,GT,TT,CC,TT,CC,GT,TT,GT,AA,TT,CT,AA,CC,AG,CC,GG,CC,GG,CC,TT,TT,AA,TT,AA,AG,TT,AT,CC,CC,GG,AT,AA,GG,CC,TT,AA,AA,GT,AA,AG,TT,AT,AG,CT,AA,CC,GG,TT,GT,AA,GG,CC,AA,GG,AC,AT,GG,TT,TT,GG,NN,GG,CC,AT,GG,AA,AA,CC,TT,AC,TT,CC,TT,TT,AG,TT,CC,TT,CC,CT,CG,GG,AA,TT,GT,CG,AA,AG,AA,CT,GG,TT,CC,GT,AA,AA,TT,CG,AG,CC,GG,CC,GG,TT,AG,CT,CC,CC,CC,AA,TT,CC,AA,CC,CC,NN,TT,AA,AA,GG,CT,CC,AG,AA,AG,AA,CC,GG,CG,CC,AA,AA,GG,NN,GG,AA,TT,TT,GG,CC,GT,GG,TT,CC,AA,GT,TT,AT,TT,GG,CC,AA,TT,CC,CC,CG,CC,AA,GG,AG,CC,TT,CC,GG,GT,GG,TT,AA,AG,TT,CC,GG,AA,CC,CC,GG,GG,AC,GG,TT,CC,AA,CC,GG,AA,AC,AA,AT,GG,GT,AA,AA,CG,GT,AT,CC,TT,TT,AA,GG,AA,TT,AA,TT,CC,CT,AA,AC,TT,GG,AA,CG,AA,NN,TT,CT,TT,GG,AT,AA,CC,AA,GG,CC,CC,GG,CC,GG,AT,AG,CC,TT,GG,CC,CC,AA,AG,CC,AA,CC,AA,AA,CC,CG,AC,TT,AA,GG,AA,AC,AA,AC,AG,AG,AG,AA,TT,GG,NN,AG,CC,AA,CT,AA,AA,CG,GG,GG,TT,AA,AA,TT,TT,TT,AG,AT,GG,CG,AA,4.54,Susceptible,High,Premium,Late
L0083,Warangal,Telangana,Rabi,Black Cotton,Irrigated,410,26.5,60,AC,TT,GG,AA,GG,CC,GT,AT,CC,CG,AA,CC,CG,TT,GG,GG,GG,TT,TT,AG,CC,GT,GT,CT,TT,CC,TT,TT,GG,AA,TT,CC,AA,CC,AG,CG,GG,GG,NN,AC,TT,TT,AA,GT,AG,AG,TT,TT,CC,AC,GG,AA,AA,GG,CC,TT,AA,AA,GT,AC,AA,TT,AA,AG,TT,AA,CC,GG,CT,GG,AA,GT,CC,AA,GG,AA,NN,GG,TT,TT,GG,GG,NN,AC,AT,GG,AA,AA,CC,TT,AC,TT,CT,TT,GT,GG,CT,CC,GG,CC,CC,CC,GG,AA,TT,TT,CG,AA,GG,AA,CC,GG,TT,CC,TT,AA,AA,TT,CC,GG,CG,GG,CC,GG,TT,AG,CC,CC,CC,CC,AA,TT,AC,AA,CC,NN,AA,TT,AA,AA,GG,CC,CC,GG,AA,GG,AT,CC,GG,CC,CC,AA,AG,GG,TT,GG,NN,TT,CC,AG,AC,TT,GT,TT,CC,AT,TT,TT,AA,TT,GG,CC,AA,CC,AC,CC,CG,CC,AA,GG,AA,CC,TT,CC,GT,GT,CG,AT,AA,AA,TT,CC,GG,AC,AC,CG,GG,GG,AA,GG,CT,AC,AA,CC,GG,AA,CC,AA,AA,GG,TT,TT,AA,CG,GT,AT,CC,TT,GT,AA,GG,AA,TT,AC,TT,CC,CT,AA,CC,TT,GG,AA,CG,AG,AC,TT,TT,GT,GG,TT,AA,AC,AG,GG,CC,GG,GG,CC,GG,AT,AA,CG,TT,GG,CC,CC,AT,AG,CC,AA,CC,AA,AA,AC,CC,AC,AT,AA,GG,AA,AA,AA,AA,AA,AG,AA,AA,TT,GG,AA,AA,AC,AC,CT,AG,AG,GG,GG,NN,TT,AT,AA,TT,TT,TT,GG,TT,GG,GG,AA,6.27,Moderate,Low,Standard,Medium
L0084,Warangal,Telangana,Rabi,Black Cotton,Irrigated,410,26.5,60,AA,TT,AG,AA,GG,CC,GG,AT,CC,CG,AA,CC,CC,AT,TT,GG,GG,TT,TT,AA,CC,TT,TT,CC,AT,CC,TT,TT,GG,AA,TT,CT,AA,CC,GG,CG,GG,GG,GG,CC,TT,CT,AA,TT,AA,GG,TT,TT,CC,AC,GT,AA,AG,GG,CT,TT,AT,AA,GT,AA,AG,GT,TT,AG,TT,AT,CC,TT,TT,GG,AG,GG,AC,AA,AG,CC,AA,GG,TT,TT,GG,GT,GT,CC,AA,GG,AA,AA,CC,TT,AC,TT,CT,AT,GT,GG,TT,CC,GG,CC,CC,CC,AG,AA,TT,TT,CC,AA,GG,AA,CC,GG,GT,CC,TT,AA,AC,TT,CC,NN,CG,NN,CC,TT,TT,AG,CC,CC,CC,CG,AA,TT,CC,AA,CC,CT,AA,AT,AA,AA,GG,CC,CC,GG,AA,AA,AA,CC,GT,CC,CC,AA,AG,GG,GT,GG,CC,TT,CT,AG,CC,GT,TT,TT,CC,AA,GT,CT,AA,AT,GG,CC,GG,CT,CC,CC,CG,CC,AA,GG,AG,CC,TT,CC,GG,TT,CG,AT,AA,AG,TT,CC,GG,AA,CC,CC,GG,GG,AA,GG,CT,AA,AA,CG,GT,AT,CC,AA,AT,GT,TT,AT,AT,CG,TT,AT,CC,TT,GT,AA,GG,AA,TT,AA,TT,CC,TT,AA,CC,CT,CG,AA,CG,AG,AC,TT,CT,GT,GG,TT,AA,AC,AA,GG,CC,CG,GG,CC,GG,AT,AA,CC,GT,GG,CC,CG,AA,GG,CC,AA,CC,AA,NN,AA,CC,CC,TT,AA,GG,AA,AA,AA,NN,GG,AG,AG,AA,TT,GG,AA,GG,AC,AA,TT,AA,AA,GG,GG,GG,TT,NN,AG,TT,TT,TT,AG,NN,GG,CG,NN,6.65,Moderate,High,Premium,Late
L0085,Warangal,Telangana,Rabi,Black Cotton,Irrigated,410,26.5,60,AC,TT,AG,AG,GG,NN,GT,TT,CC,CG,AT,CT,CG,TT,TT,GG,GG,TT,TT,AG,CC,NN,TT,CC,AT,CC,GT,TT,GG,AA,CT,CT,AA,CC,GG,GG,GG,GG,GG,CC,TT,TT,AA,TT,AA,GG,TT,TT,CC,AC,GG,AA,AA,GG,CT,GT,AT,AA,TT,AC,AG,GT,TT,AA,TT,NN,CC,GG,TT,GT,AA,GG,CC,AA,GG,AC,AA,AG,GT,TT,GG,GG,GG,CC,AA,GG,NN,AA,CC,GT,CC,TT,CC,TT,TT,GG,TT,CC,TT,CC,CT,CC,GG,AA,TT,TT,CG,AA,AG,AA,CC,GG,TT,CC,GT,AA,CC,TT,CC,GG,CC,GG,CC,GT,TT,AG,CC,CC,CC,CC,AA,TT,CC,AA,CC,CC,AA,TT,AG,AT,CG,CC,CG,GG,AA,GG,AA,CC,GT,CC,CC,AA,AA,GG,GT,GG,AA,TT,TT,GG,AC,TT,GT,TT,CC,AA,GT,TT,AT,AT,GG,CG,AA,CC,CC,CC,GG,CC,AA,GG,AG,CC,TT,CC,GT,GT,GG,TT,NN,GG,TT,CC,GG,AC,CC,CC,GG,GG,AC,GG,TT,AA,AA,CC,GT,AA,CC,AA,AT,GG,GT,TT,AA,GG,GT,AT,CG,TT,GT,AA,GG,AA,CT,AA,TT,CC,TT,AC,CC,NN,CG,AA,CC,AG,CC,TT,TT,TT,CG,TT,AC,AA,AG,GG,CC,GG,GG,CC,GT,TT,AA,CC,GT,GG,CC,CC,AA,GG,CG,AT,CC,AT,AA,CC,CG,AC,AT,AA,GG,AA,AA,AA,AA,GG,GG,AA,AA,TT,GG,AA,AA,AC,AA,TT,AG,NN,GG,GG,GG,TT,AT,AG,TT,TT,TT,AA,TT,GG,GG,AA,8.22,Susceptible,Medium,Premium,Early
L0086,Warangal,Telangana,Rabi,Black Cotton,Irrigated,410,26.5,60,AA,TT,GG,AA,CC,CC,GT,TT,CC,CG,AA,CC,CC,TT,TT,GG,GG,TT,TT,AA,CC,TT,GT,CC,TT,CC,TT,TT,GG,AA,CT,CC,AA,CC,GG,GG,GG,CG,GG,CC,TT,CC,AA,TT,AG,GG,TT,AT,CC,AC,GG,AT,NN,CG,CC,TT,AA,AA,GT,AA,AG,TT,AT,AA,CC,TT,CC,GG,TT,GT,AG,GG,CC,AA,AG,AC,AT,GG,GT,TT,GG,GG,GG,CC,AA,GG,AA,AA,CC,TT,CC,TT,CT,NN,TT,AG,CT,CC,GT,CC,CT,CG,GG,AA,TT,TT,CC,AA,AA,AA,CT,GG,TT,CC,TT,AA,AA,TT,CC,GG,CC,AG,CC,GG,TT,AG,CC,CC,CC,CC,AA,TT,CC,AA,CC,CC,AA,TT,AA,AT,CG,CC,CC,GG,AG,AA,AA,AC,GG,CC,CG,AG,AG,GG,TT,GG,AA,TT,TT,GG,AC,TT,GT,CT,CC,AA,TT,CT,AA,TT,NN,CC,AA,CT,CC,CC,CG,NN,AA,GG,GG,CC,TT,CC,GG,TT,CG,TT,AA,AG,TT,CC,GG,AA,CC,CC,GG,AG,AC,GG,TT,AC,AA,CC,GG,AA,CC,AA,AA,GG,GG,AT,AA,GG,GT,AT,CC,TT,TT,AT,GG,AA,CT,AA,TT,CC,TT,AA,AC,CT,CG,AG,CC,AG,CC,TT,TT,TT,GG,TT,AC,CC,AA,GT,CC,CG,CG,CC,GT,AT,GG,CC,GT,GG,CC,CG,AT,NN,CC,AA,CG,AA,AA,AC,CC,CC,TT,AA,GG,AA,AA,AC,AA,AG,AA,AG,AA,TT,CG,AA,GG,AC,AA,TT,AA,AA,GG,GG,GG,TT,AA,AA,TT,NN,AT,AA,AT,GG,GG,AA,6.01,Moderate,High,Standard,Early
L0087,Warangal,Telangana,Rabi,Black Cotton,Irrigated,410,26.5,60,AC,TT,AG,GG,CC,CC,GG,TT,CC,CG,AA,CT,GG,TT,TT,GT,CG,TT,TT,AA,CC,TT,TT,CC,TT,CC,TT,TT,GG,AA,TT,CC,AA,AC,GG,CG,GG,CG,GG,CC,TT,CC,AA,GT,AG,GG,CT,AT,CC,AC,GG,AA,AA,GG,CT,GT,AA,AA,TT,AA,AG,TT,TT,AA,TT,TT,CC,NN,TT,GT,AA,GG,CC,AA,AA,AC,AA,AG,TT,TT,GG,GG,GG,CC,AA,GG,AG,AA,CC,GG,AC,TT,TT,AT,GT,GG,TT,CC,TT,CC,CC,CC,GG,AA,NN,TT,CC,AA,AA,AA,CT,GG,TT,CC,TT,AA,AA,TT,CC,AG,CC,AG,CC,GT,TT,AA,CC,CC,AC,CC,AA,TT,CC,AA,CC,CC,AA,TT,AA,AA,GG,CT,CC,GG,AG,AG,AA,CC,GG,CC,CC,AA,AA,AG,GT,GG,CC,TT,CT,GG,AC,TT,TT,TT,CG,TT,GT,CC,AA,TT,CC,CC,GG,CC,CC,CC,CG,CC,AA,GG,NN,CC,TT,CC,GG,TT,CG,AT,AA,AA,TT,CC,GG,AA,CC,CC,GG,GG,AA,GG,TT,AA,AA,CC,GG,AA,CC,AA,AA,GT,TT,AT,AA,CG,GG,AT,CC,AT,TT,AA,GG,AA,TT,AC,TT,CC,CT,CC,CC,TT,GG,AG,CC,AG,CC,TT,CT,TT,GG,TT,AA,AC,AA,GG,CC,CG,GG,CC,GG,AT,AA,CG,TT,GG,CC,CC,AA,GG,CC,AA,CC,AA,AA,AC,GG,AA,TT,AA,GG,AA,AA,AC,AA,AA,GG,AA,AA,TT,GG,AC,AG,AC,AA,TT,NN,AG,GG,GG,GG,TT,AT,AA,TT,TT,TT,AA,TT,CG,CG,AA,7.69,Susceptible,High,Poor,Late
L0088,Warangal,Telangana,Rabi,Black Cotton,Irrigated,410,26.5,60,AA,TT,AG,GG,GG,CC,GG,AT,CC,CC,AA,CC,CG,TT,TT,GG,GG,TT,TT,GG,CC,GG,TT,CC,TT,CC,TT,TT,GT,AA,TT,CT,AA,CC,GG,GG,GG,GG,GG,CC,TT,CT,AC,TT,AA,GG,TT,TT,CC,AA,GG,AA,AG,GG,CT,TT,AA,AC,GT,AC,AA,GG,TT,AG,TT,TT,CC,GG,TT,GT,AA,GG,CC,AA,GG,AA,AT,GG,TT,TT,AG,GG,GG,CC,AT,AG,AG,AA,CC,TT,AA,TT,CC,TT,TT,GG,TT,AC,GT,CC,CT,CC,AG,AA,AT,TT,CC,AG,AG,AA,TT,GG,TT,CG,TT,AA,AA,AT,CG,AG,GG,GG,CC,GT,TT,AG,CT,CG,CC,CC,AA,TT,AC,AA,CC,NN,AA,TT,AA,AA,GG,CC,CG,GG,AA,AA,AA,CC,GT,CC,CG,NN,AA,GG,GT,GG,AC,TT,CT,GG,CC,TT,GT,TT,CC,AA,GT,TT,AT,AT,CG,CC,AG,CT,CC,CC,GG,CC,AA,GG,AG,CC,GT,CC,GG,TT,GG,AT,AA,AA,TT,CC,GG,AA,CC,CC,GG,GG,AA,GG,TT,AC,AA,CC,GG,AA,AC,AA,TT,GG,TT,AT,AA,CG,GT,AA,CC,AT,GG,AA,GG,AA,TT,AA,TT,CC,CT,AC,CC,TT,GG,AA,CC,AA,CC,TT,TT,GT,GG,TT,AC,AA,AA,GT,CC,CG,GG,CC,GG,TT,AG,CC,GG,GG,CC,CG,AA,GG,CG,AA,CC,AT,AA,CC,CC,AC,TT,AA,GG,AA,AA,AC,AA,AG,AG,AA,AA,TT,GG,AA,AA,AC,AA,CT,AA,AA,GG,GG,CG,GT,AA,AA,GT,TT,TT,AG,AT,GG,GG,AA,7.5,Susceptible,High,Premium,Early
L0089,Warangal,Telangana,Rabi,Black Cotton,Irrigated,410,26.5,60,AA,TT,GG,AG,CG,CC,GG,TT,CC,CC,AA,CC,CC,AT,TT,GG,CC,TT,TT,AA,CC,TT,GG,CC,AA,CC,TT,TT,GG,AA,TT,CT,AA,CC,GG,GG,GG,CC,GG,AC,TT,CT,NN,TT,AA,AG,NN,TT,CC,AC,GT,AA,AA,GG,CT,GT,AA,AA,GT,AA,AG,GT,AA,AA,TT,TT,CC,GG,TT,GG,AG,GG,NN,AA,AG,AA,AT,GG,TT,TT,GG,GT,GG,CC,AA,AG,AA,AA,CC,GT,CC,TT,CT,TT,TT,GG,TT,CC,GT,CT,CT,CG,AG,AG,TT,TT,CC,AA,AG,AA,CC,GG,TT,CC,TT,AA,AA,TT,CC,GG,CC,GG,CC,GT,TT,AA,CC,NN,CC,CC,AA,TT,CC,AA,CC,TT,AA,TT,AA,AA,CG,CT,CC,GG,AA,AG,AA,CC,GG,CC,CC,AA,AA,GG,TT,GG,AA,GT,CT,GG,CC,TT,GT,CT,CC,AT,NN,CT,AT,TT,GG,CC,AG,CC,CC,CC,GG,CC,AA,GG,AG,CC,TT,CC,TT,GG,GG,TT,AA,AA,TT,CC,GG,AC,AA,CC,GG,GG,AC,GG,TT,AA,AA,CC,GG,AA,AC,AA,AT,GT,TT,AT,AT,GG,GG,AA,CC,TT,GT,AA,GG,AA,CT,AA,TT,CC,TT,AA,AC,TT,CG,AG,CC,AA,CC,TT,TT,TT,GG,TT,AA,CC,AG,GG,CC,CG,GG,CG,GG,TT,AA,CC,GT,GG,CG,CC,AA,GG,CG,AA,CC,AA,AA,AA,CG,AC,TT,AA,GG,AA,AA,CC,AA,AG,AA,AA,AG,TT,CG,AA,AG,AC,AA,TT,AA,AA,GG,GG,GG,GT,AT,AA,TT,TT,TT,AG,AT,GG,GG,AA,6.78,Susceptible,Low,Standard,Late
L0090,Warangal,Telangana,Rabi,Black Cotton,Irrigated,410,26.5,60,AA,TT,GG,GG,GG,CC,GG,NN,CC,GG,AA,CC,CG,TT,TT,GG,GG,TT,TT,NN,CG,TT,GT,CC,TT,CC,TT,TT,GT,AA,CT,CC,AA,CC,AG,CG,GG,CG,GG,CC,TT,CC,AA,GT,AA,GG,TT,TT,CC,AC,GG,AA,AA,GG,CC,TT,AA,AC,GG,AA,AA,TT,AA,AA,TT,AT,CC,GG,TT,GG,AA,GT,CC,AA,AG,AA,AA,GG,TT,TT,GG,GG,GG,CC,AT,GG,AA,AA,CC,TT,AC,TT,CC,TT,TT,GG,TT,CC,GT,CT,CC,CC,AG,AA,AT,TT,CG,AG,AG,AC,CC,GG,TT,CC,TT,AA,AA,TT,CC,GG,CG,GG,CC,GG,TT,AA,CT,CC,CC,CC,AA,TT,NN,AA,CC,CC,AA,TT,AA,AA,GG,CC,CC,GG,AA,GG,AA,CC,TT,CC,CC,AA,AA,GG,TT,GG,AA,TT,TT,GG,CC,GT,GT,TT,CC,NN,TT,CT,AA,TT,GG,CC,AG,CT,CC,CC,CG,CC,AT,AG,GG,CC,TT,CC,TT,GT,CG,TT,AA,AG,TT,AC,GG,AA,CC,CC,GG,GG,AA,GG,TT,AA,AA,CC,GT,AA,AC,AA,AA,GG,TT,TT,AT,CG,GT,AT,CC,AT,TT,AA,GG,AA,TT,AA,TT,CC,TT,AC,CC,TT,CG,AG,CG,AG,CC,TT,TT,GT,CG,TT,AC,AC,AA,NN,CC,CG,GG,CC,GG,AT,AA,CG,TT,GG,CC,CG,AA,AG,CC,AA,CC,AA,AA,AA,GG,AA,TT,AA,GG,AA,AC,AC,AC,GG,AG,AG,AA,TT,NN,AA,AG,AC,AA,CC,AA,AA,CG,GG,GG,TT,AA,AA,GT,TT,TT,AA,AT,GG,GG,AA,5.2,Moderate,High,Premium,Medium
L0091,Warangal,Telangana,Rabi,Black Cotton,Irrigated,410,26.5,60,AC,TT,AG,GG,GG,CC,TT,TT,CC,GG,AA,CC,CG,TT,TT,GG,GG,TT,TT,AA,CG,GT,GT,CT,TT,CC,TT,TT,GT,AA,TT,CT,AA,CC,AG,GG,GG,CC,GG,CC,TT,CT,AA,GT,AG,GG,TT,TT,CC,AA,GG,AA,AA,GG,CC,TT,AA,NN,GG,AA,NN,TT,AT,AA,CT,TT,CC,GG,TT,GG,AG,GG,CC,AA,GG,AC,AA,GG,GT,TT,GG,GG,GG,CC,AA,GG,AA,AT,CC,GG,CC,TT,CC,TT,TT,AG,TT,CC,TT,CC,CT,CG,GG,AA,AT,GT,CC,AA,AA,AA,TT,GT,TT,CG,TT,AC,AC,TT,CC,GG,CC,GG,CC,GG,CT,AG,NN,CC,AC,CC,AA,TT,CC,AA,CC,CC,AG,TT,AA,AA,GG,CC,CC,GG,AG,AA,AA,CC,GG,CC,CC,AA,AA,AG,GT,GG,AA,GT,CT,GG,CC,TT,TT,TT,CC,AA,GT,TT,AT,TT,CG,CC,AA,CC,CC,CC,CG,CC,AA,GG,AA,CC,TT,CC,GT,TT,GG,AA,AA,AA,NN,CC,GG,AA,CC,CC,GG,GG,AC,GG,TT,AA,AA,CC,TT,AA,AC,AA,AT,GT,GT,TT,NN,GG,TT,AA,CC,AT,TT,AA,GG,AG,CT,AA,TT,CC,CT,AC,CC,CT,GG,AA,CG,GG,CC,TT,TT,GT,GG,TT,AC,AC,AA,GG,CC,CG,GG,CC,GG,TT,AA,CG,NN,GG,CG,CG,AA,GG,CG,AA,CC,AT,AA,AC,CG,CC,TT,AA,GG,AA,AA,CC,AA,AG,GG,AA,AA,TT,GG,AA,AG,CC,AA,CT,GG,AG,GG,GG,CG,TT,AA,AG,TT,TT,TT,GG,AT,GG,CG,AA,4.96,Susceptible,Low,Premium,Early
L0092,Warangal,Telangana,Rabi,Black Cotton,Irrigated,410,26.5,60,AA,TT,AG,AA,CG,CC,GT,TT,CC,CG,AA,CT,CG,AT,GG,GG,GG,TT,TT,AA,CC,TT,GT,CC,AT,CC,NN,TT,GT,AA,TT,CC,AA,CC,GG,CG,GG,CC,GG,CC,TT,TT,AA,GT,AA,GG,TT,TT,CC,CC,TT,AT,AA,GG,CC,TT,AA,AA,TT,AA,AA,TT,TT,AA,TT,AT,CC,GG,TT,GG,AA,GT,CC,AA,GG,AC,AT,GG,TT,TT,GG,GG,GG,CC,AA,GG,AA,AT,CC,GT,CC,TT,CT,TT,GT,GG,CT,AC,TT,CC,CC,CC,AG,AG,AT,TT,CC,AG,AG,AA,CT,GG,TT,CG,TT,AA,AC,TT,CC,GG,CC,GG,CT,GT,TT,AA,CC,CC,NN,CC,AA,TT,CC,AC,CC,CC,AA,TT,AA,TT,GG,CT,CC,GG,AA,AA,AT,CC,GT,CC,CC,AA,AA,GG,GT,GG,AA,TT,NN,GG,AC,GT,TT,TT,CC,AA,GT,TT,AA,AT,GG,CC,AA,CT,CC,CC,CG,CC,AA,GG,GG,AC,TT,CC,GG,TT,GG,AT,AA,AG,GT,AC,CG,AA,CC,CC,CG,GG,AC,GG,TT,AA,AG,CC,GT,AA,AC,AA,AT,GG,TT,TT,AA,GG,GG,AT,CG,TT,GG,AA,GG,AA,CT,AA,TT,CC,TT,AC,CC,CT,GG,AA,CC,GG,CC,TT,CT,GT,GG,TT,AC,AC,AG,NN,CC,CC,GG,CC,GG,AA,AA,CG,GT,GG,CG,CC,TT,GG,CG,AA,CC,AT,AG,AC,CG,NN,TT,AA,GG,AA,AA,AA,AC,GG,GG,AG,AG,AT,CG,AC,AG,AC,AA,CT,AA,AA,GG,GG,GG,TT,AT,AA,TT,TT,TT,AA,TT,GG,GG,AA,8.03,Susceptible,High,Standard,Medium
L0093,Warangal,Telangana,Rabi,Black Cotton,Irrigated,410,26.5,60,AC,TT,GG,AG,GG,CC,GT,AT,CC,CC,AA,CT,CC,AT,TT,GG,GG,TT,TT,AA,CC,TT,GG,CC,TT,CC,TT,TT,NN,AA,NN,CC,AA,CC,AG,CG,GG,CC,GG,CC,TT,TT,AA,TT,AA,GG,TT,TT,CC,CC,GG,AA,AA,GG,CT,GG,AA,AC,TT,AC,AA,TT,TT,AA,TT,AA,CC,GG,TT,GT,AG,GG,CC,AA,GG,AA,AT,GG,TT,TT,GG,GT,GG,CC,AT,GG,AA,AA,CC,TT,CC,GT,CC,TT,TT,GG,CT,CC,NN,CC,CC,GG,GG,AA,TT,GT,CC,AA,AG,AA,CC,GT,TT,CG,TT,AC,AA,TT,CC,AG,CC,GG,CC,GG,CT,AA,CT,CC,CC,CC,AA,GT,CC,AA,CC,CT,AA,AT,AA,AA,GG,CT,CC,GG,AG,AA,AA,AC,GG,CC,CC,AA,AA,GG,TT,GG,AC,GT,CT,GG,CC,TT,TT,TT,CC,AT,TT,TT,AT,AA,GG,CC,AA,TT,CC,CC,GG,CC,AT,GG,GG,CC,TT,CG,NN,TT,NN,AT,AA,AA,TT,CC,CG,AA,CC,CC,CG,AG,CC,CG,TT,AA,AG,CC,GG,AA,AC,AA,AA,GG,GT,AA,AT,CC,GT,AA,CC,NN,GT,AA,GG,AA,TT,NN,TT,CC,TT,AC,CC,TT,GG,AG,CG,AG,CC,TT,CT,GT,CG,TT,AA,AA,GG,GG,CC,CC,GG,CC,GG,TT,AA,CC,GT,GG,CC,CC,AA,AG,CC,AT,CC,AA,AA,AA,CG,AA,TT,AA,GG,AA,AA,AA,CC,AG,AA,AA,AA,TT,GG,AA,AA,CC,AA,CT,AA,AG,GG,AG,CG,TT,AT,AA,TT,TT,TT,AA,AT,GG,GG,AA,7.28,Susceptible,High,Standard,Medium
L0094,Warangal,Telangana,Rabi,Black Cotton,Irrigated,410,26.5,60,AC,CT,GG,AA,GG,CC,GG,TT,CC,CC,AA,CT,CC,TT,TT,GT,CG,AT,TT,GG,CG,GT,TT,CC,TT,CC,TT,TT,GG,AA,TT,CT,AA,CC,GG,CG,GG,GG,GG,CC,TT,TT,AA,TT,AA,AG,TT,AT,CC,AA,GT,AA,AA,GG,CT,TT,AA,AC,GT,AA,AA,TT,TT,AG,TT,TT,CC,GG,TT,TT,AA,GG,CC,AA,AG,CC,AA,GG,TT,TT,GG,GT,GG,CC,AA,GG,AA,AA,NN,TT,AC,TT,CC,TT,TT,NN,TT,AC,TT,CC,CC,CC,AG,AA,NN,TT,CC,AA,AG,AA,CT,GG,TT,CC,GT,AA,AA,AT,CC,AA,CC,GG,CC,TT,CT,AG,CC,CC,CC,CC,AA,TT,CC,NN,CC,CC,AA,TT,AA,AA,GG,CT,CC,GG,AA,GG,AA,CC,GG,CC,CC,AA,AA,AA,TT,GG,AA,TT,CT,GG,AC,GT,TT,TT,CC,AT,TT,TT,AT,TT,GG,CC,AG,CT,CC,CC,GG,CC,AA,GG,AA,CC,TT,CC,GT,TT,CG,AT,AA,AG,TT,CC,GG,AA,CC,CC,GG,GG,AC,CG,TT,AA,AG,CC,GG,AA,CC,AA,AT,GG,TT,AA,AA,NN,TT,AA,CC,TT,TT,AA,GG,AA,TT,AA,TT,CC,CT,AA,AC,CT,CG,AG,CC,AG,CC,TT,CT,GT,CG,TT,AA,AA,AG,NN,CC,GG,GG,CC,GG,AA,AA,CC,GT,GG,CG,NN,AA,GG,CG,AA,CC,AA,AA,CC,CG,CC,TT,AA,CG,AA,AA,CC,CC,AG,AA,AG,AA,TT,GG,AA,AA,CC,AA,TT,AA,AA,GG,GG,GG,TT,AT,AA,TT,TT,TT,GG,AT,GG,GG,AA,8.24,Susceptible,Low,Standard,Late
L0095,Warangal,Telangana,Rabi,Black Cotton,Irrigated,410,26.5,60,AA,TT,GG,AG,GG,CC,GG,AT,CC,CC,AA,CC,CG,TT,GT,GG,GG,TT,TT,AA,CG,TT,TT,CT,TT,CC,TT,TT,GG,AA,TT,CT,AA,CC,GG,CG,GG,CC,GG,CC,TT,CT,AA,TT,AG,GG,TT,TT,CC,AC,GG,AT,AA,GG,CC,TT,AT,AC,GT,AC,AA,TT,AT,AA,TT,TT,CC,GG,NN,GG,AA,GG,CC,AA,AA,CC,AT,AG,TT,TT,GG,GG,GG,CC,AA,GG,AG,AA,CC,GT,AA,TT,CT,TT,TT,AG,TT,NN,TT,CC,CT,CG,GG,AA,TT,TT,CC,AA,AG,AA,CT,GG,TT,CC,GT,AA,AA,TT,CC,GG,CC,AG,CC,GT,TT,AA,CC,CC,CC,CC,AA,TT,CC,AA,AC,CC,AA,TT,AA,AA,CG,CC,CC,GG,AG,GG,AA,CC,GG,CC,CC,AA,NN,GG,GT,GG,AA,TT,TT,GG,AC,TT,NN,TT,CC,AT,GT,CC,AT,AT,CG,CC,AA,CC,CC,CC,GG,CC,AT,GG,GG,CC,TT,CC,GG,GT,GG,AT,AA,AA,TT,AC,GG,AA,CC,CC,GG,GG,AC,GG,NN,AA,AA,CC,GG,AA,CC,AT,AA,GG,TT,TT,AA,GG,TT,AT,CG,TT,TT,AT,GG,AA,TT,AA,TT,CC,TT,CC,CC,TT,CG,GG,GG,AG,CC,TT,CT,TT,GG,TT,AA,AA,AG,GG,CC,CC,GG,CC,GG,TT,AA,CC,TT,GG,CC,CC,AA,GG,CC,AA,CC,AT,AA,NN,CC,CC,TT,AA,GG,AA,AA,AC,AA,AA,AA,AA,AA,TT,CG,AC,AA,AC,AC,TT,GG,AA,GG,AG,GG,TT,AT,AA,GT,TT,TT,AG,AT,NN,CG,AA,4.92,Susceptible,Medium,Premium,Medium
L0096,Warangal,Telangana,Rabi,Black Cotton,Irrigated,410,26.5,60,AC,CT,GG,AG,GG,CC,GT,AT,CC,GG,AA,CC,CC,AT,TT,GG,CG,TT,TT,AA,CC,TT,GT,CT,TT,CC,GG,AT,GG,AC,TT,CC,AA,CC,GG,GG,GG,CG,GG,CC,TT,CT,AA,TT,AA,AA,TT,TT,CC,AC,GG,AA,AG,GG,CT,GT,AT,AA,GG,AC,AG,GT,TT,AA,TT,AT,CC,GG,TT,GG,AA,GG,CC,AA,GG,AA,TT,GG,TT,TT,GG,GT,GT,CC,AA,GG,AA,AA,CG,TT,CC,TT,CC,TT,GT,GG,TT,CC,GT,CC,CC,GG,AG,AA,TT,TT,CC,AA,AG,AA,NN,GG,TT,CC,TT,AA,AA,TT,CC,GG,CG,GG,CC,GG,CC,AA,CC,CC,CC,CC,AA,GT,CC,AA,CC,CT,AG,TT,AA,AT,GG,CC,CC,NN,AA,AA,AA,AA,GG,CC,CC,AA,AA,GG,TT,GG,AA,GT,TT,AG,AC,TT,GT,TT,CC,AA,GT,TT,AA,TT,GG,CC,AA,CC,CC,CC,CG,CC,AT,GG,AG,CC,TT,CC,GT,TT,CC,AT,AA,AA,TT,CC,CG,AC,AC,CC,GG,GG,NN,GG,TT,AA,AA,CC,GG,AA,AC,AA,AT,GG,TT,AT,AA,GG,GT,AT,CG,NN,GG,AA,GG,AA,TT,AA,TT,CC,TT,AA,CC,TT,GG,AG,CC,GG,CC,TT,CC,TT,GG,TT,AA,AC,AG,GG,CC,CG,GG,CC,GG,TT,NN,CC,TT,GG,CC,CC,AA,AA,CC,AA,CC,AA,AA,AA,CC,AC,TT,AA,GG,AA,AA,CC,AA,AG,AA,AA,AA,TT,GG,AA,AG,CC,AC,TT,AA,AA,GG,GG,GG,TT,AT,AA,GT,TT,TT,AG,AT,GG,GG,AA,7.51,Moderate,Low,Poor,Early
L0097,Warangal,Telangana,Rabi,Black Cotton,Irrigated,410,26.5,60,AA,TT,GG,AA,GG,CC,GG,AT,CC,CG,AA,CC,CG,AT,GT,GG,GG,TT,TT,AA,CC,GT,TT,CT,TT,CC,TT,TT,GG,AA,TT,CC,AA,CC,GG,GG,GG,CG,NN,CC,TT,CT,AA,TT,AA,AG,TT,TT,CC,CC,GT,AT,AA,GG,CC,TT,AA,AA,GG,AC,AA,TT,TT,AG,TT,AT,CC,GG,TT,GG,AA,GG,CC,AA,GG,AA,TT,GG,TT,TT,AG,GG,GG,CC,AA,GG,AG,AA,CG,TT,CC,TT,CT,AT,TT,NN,TT,CC,TT,CC,CT,CC,GG,AA,TT,TT,CC,AA,AG,AA,CC,GG,TT,CG,GT,AA,AA,TT,CC,AG,CC,GG,CC,GG,TT,AA,CT,CC,CC,CC,AA,TT,CC,AA,CC,CT,AA,TT,AA,AT,GG,CC,CC,GG,AA,AG,AA,CC,TT,CC,CC,AA,AG,GG,TT,GG,AA,TT,CT,GG,CC,TT,TT,TT,CG,AA,GT,CT,AA,TT,GG,NN,AA,CT,CC,CC,GG,CC,AA,GG,AG,CC,TT,CC,GT,TT,CG,AT,AA,AA,TT,CC,CC,AC,AC,CC,GG,GG,AA,GG,TT,AC,AG,CC,GG,AA,CC,AA,TT,GG,TT,AT,AT,GG,GG,AT,CC,TT,GT,AA,GG,AA,TT,AA,TT,CC,CT,AA,CC,TT,CG,AG,CC,AG,CC,TT,TT,TT,GG,TT,AA,AA,AG,GG,CC,CC,GG,NN,GG,AA,AG,CG,TT,GG,CC,CG,AA,GG,CG,AA,CC,AA,AA,AC,CC,AC,TT,AA,GG,AA,AC,AA,AC,GG,AA,AG,AA,AT,GG,AC,AA,CC,AA,CT,AA,AA,GG,GG,GG,TT,AT,AA,GT,TT,TT,AA,TT,GG,CG,AA,6.62,Susceptible,Medium,Standard,Medium
L0098,Warangal,Telangana,Rabi,Black Cotton,Irrigated,410,26.5,60,AA,TT,GG,AA,GG,CC,GG,TT,CC,CG,AA,CC,CC,AT,GT,NN,GG,TT,TT,AG,CC,TT,GT,CT,TT,CC,TT,TT,GG,AA,TT,CC,AG,AC,GG,CG,GG,CG,GG,AC,TT,CT,AA,GT,AG,AG,TT,TT,CC,AC,GT,AA,AG,GG,CC,GT,AA,AA,GG,AC,AA,TT,AA,AG,TT,AT,CT,GG,TT,GG,AG,GG,CC,AA,GG,CC,AT,GG,TT,NN,GG,GG,GG,CC,AA,GG,AA,AA,CC,TT,CC,NN,TT,AT,TT,GG,TT,CC,TT,CC,CT,GG,AG,AA,AT,TT,CC,AA,AG,AA,CC,GG,TT,CC,TT,AA,AC,TT,CC,GG,CG,AG,CC,GG,TT,AA,CC,CG,AC,CC,AA,TT,CC,AA,CC,CC,AA,TT,AA,AA,GG,CC,CC,GG,AA,AA,AA,CC,GT,CC,CC,AA,AA,GG,TT,AG,AC,GT,CC,GG,CC,GT,TT,TT,CC,AA,GT,TT,AT,TT,GG,CC,AG,CC,CC,CC,CG,CC,AA,GG,AA,CC,TT,CC,GT,GT,GG,AT,AA,AG,GT,AC,CG,AA,CC,CC,GG,GG,AA,GG,TT,AA,AA,CC,GT,AA,CC,AA,TT,GT,TT,AT,AA,GG,GG,AT,CG,AT,GG,AA,GG,AA,TT,AA,TT,CG,TT,AC,NN,CT,CG,GG,CG,AG,AC,AT,TT,TT,GG,TT,AA,AC,AG,GG,CC,CC,GG,CC,GG,AA,AG,CC,GG,AG,GG,CG,AA,NN,CG,AA,CC,AA,AA,AC,CG,AC,AT,AG,GG,AA,NN,AC,AA,GG,GG,AG,AA,AT,GG,AC,AA,AA,AA,TT,GG,AA,CG,GG,GG,TT,AA,AG,GT,TT,TT,AG,TT,GG,GG,AA,7.27,Susceptible,Low,Standard,Medium
L0099,Warangal,Telangana,Rabi,Black Cotton,Irrigated,410,26.5,60,AC,CC,GG,GG,GG,CC,GG,AT,CC,GG,AA,CC,CG,AT,TT,GG,GG,AT,TT,AG,GG,TT,TT,CT,TT,CC,TT,AT,GG,AA,TT,CC,AA,CC,GG,CG,GG,CC,GG,CC,TT,TT,AA,TT,AG,GG,TT,AA,CC,AC,GG,AA,AA,GG,CT,TT,AA,AA,TT,AA,AA,TT,AT,AG,TT,AT,CC,GG,TT,GG,AG,GG,CC,AA,AG,CC,AT,GG,GT,TT,GG,GG,GG,CC,AA,GG,AA,AT,CC,GT,AC,TT,CC,AT,GT,GG,TT,AC,TT,CC,CC,CG,GG,AA,TT,TT,CC,AA,AG,AA,CT,GG,TT,CC,TT,AA,AC,TT,CC,AG,CG,GG,CC,GT,CT,AA,CT,CC,CC,CC,AA,TT,CC,AA,CC,CC,AA,TT,AA,AA,GG,CT,CC,GG,AA,AA,AA,CC,GG,CG,CG,AA,AG,GG,TT,GG,AC,TT,CT,GG,CC,TT,TT,CT,CC,AT,TT,TT,AA,TT,GG,CC,AA,CC,CC,CC,CC,CC,AA,GG,GG,CC,TT,CC,GG,TT,GG,AT,NN,AG,TT,AC,GG,AA,AC,CC,GG,GG,AA,GG,TT,AA,AA,CG,GG,AT,CC,AA,AT,GG,TT,TT,AA,GG,GT,AA,CC,TT,GT,AA,GG,AA,CT,AA,TT,CC,TT,NN,CC,TT,CG,AA,CG,AG,CC,TT,TT,TT,CG,TT,AA,AA,AG,GG,NN,CC,GG,CC,GG,AT,AA,CC,TT,GG,CC,CG,AA,GG,CC,AA,CC,AA,AA,AC,GG,CC,TT,AA,GG,AA,AA,AC,AA,AG,AG,AA,AA,AT,NN,CC,AG,AC,AC,TT,AA,AG,GG,GG,GG,TT,AA,AA,TT,TT,TT,AA,AT,GG,CG,AA,7.3,Susceptible,Low,Premium,Late
L0100,Warangal,Telangana,Rabi,Black Cotton,Irrigated,410,26.5,60,CC,CT,GG,NN,GG,CC,GT,TT,CC,CC,AA,CC,CC,TT,TT,GG,CG,TT,TT,AA,CC,TT,TT,CT,AT,CC,TT,TT,GG,AA,TT,CT,AA,CC,GG,CG,GG,CG,GG,CC,TT,CT,AA,TT,AA,AG,TT,AT,CC,NN,GT,AA,AA,GG,CC,TT,AA,AA,GG,CC,AA,TT,TT,AG,CT,AT,CC,GG,TT,GT,AG,GT,CC,AG,GG,AA,AT,GG,GG,TT,GG,TT,GG,CC,AT,GG,AA,AA,CC,TT,AC,TT,TT,TT,NN,GG,TT,AC,NN,CC,CC,CC,GG,AA,NN,GT,CC,AA,GG,AA,CC,GG,TT,CC,TT,AA,AA,TT,CC,AG,CC,GG,CC,GG,TT,AA,CC,CC,AC,CC,AA,TT,AC,AA,CC,CT,AA,TT,AA,TT,GG,CC,CC,GG,AA,AA,AT,CC,GG,CC,CC,AA,AA,GG,GT,AG,AA,NN,CT,GG,CC,TT,TT,TT,CC,AT,GT,TT,AA,TT,GG,CC,AA,CT,CC,CC,GG,CC,AA,GG,AG,CC,TT,CG,GT,TT,GG,AT,AA,AA,TT,AC,GG,AA,NN,CC,GG,GG,AC,GG,TT,AA,AA,CC,GG,AA,CC,AA,AA,GG,TT,AA,AA,GG,GG,AA,CC,TT,GT,AA,GG,AA,CT,AA,AT,CC,TT,AA,CC,CT,GG,GG,CC,AA,CC,TT,TT,TT,GG,TT,AC,AC,AG,GG,CC,GG,GG,CG,GG,AA,AA,CC,TT,GG,CG,CC,AA,AG,CC,AT,CG,AT,AA,AC,CG,CC,TT,AA,CG,AA,AA,AA,AA,AG,AA,AG,AA,TT,GG,AC,AA,AC,AC,CC,AA,AA,GG,GG,CG,TT,AA,AG,GT,AT,TT,AG,TT,GG,GG,AA,6.44,Susceptible,High,Poor,Late
L0101,Warangal,Telangana,Rabi,Black Cotton,Irrigated,410,26.5,60,AA,TT,GG,AA,GG,CC,GT,TT,CC,CG,AA,CC,CG,AT,TT,GG,GG,AT,TT,AA,CC,TT,GT,CC,TT,CT,GT,TT,GT,AA,CT,CC,AA,CC,GG,CC,GG,CG,GG,CC,TT,CT,AA,TT,AA,AG,CT,AT,CC,AA,GG,AT,AG,GG,CT,TT,AA,AA,GT,AA,AA,TT,AT,AA,TT,AT,CC,GG,TT,TT,GG,GG,AC,AA,GG,AC,AT,GG,TT,TT,GG,GG,GT,CC,AT,GG,AA,AA,CC,TT,CC,TT,CT,TT,TT,GG,TT,CC,GT,CC,CC,CG,AA,AG,AT,TT,CC,AA,AA,AA,CT,GG,NN,CC,GT,AA,AA,TT,CC,AA,CC,AA,CC,GT,TT,AA,CC,CC,AC,CG,AA,GT,AC,AA,NN,CT,AA,TT,AA,AA,GG,CC,CC,AG,AA,AG,AA,AA,GT,CC,CG,AA,GG,GG,TT,GG,AC,TT,TT,GG,AA,GT,GT,TT,CC,AA,TT,CT,AA,TT,GG,NN,AG,CC,CC,CC,GG,CC,AA,GG,AG,CC,TT,CC,NN,TT,GG,AT,AA,AA,TT,CC,GG,CC,CC,CC,NN,AG,AC,GG,TT,AC,AA,CC,GG,AA,CC,AA,AT,GG,TT,TT,AA,GG,GT,AA,CG,AT,TT,AA,GG,AA,TT,AA,TT,CC,TT,AC,CC,TT,CG,NN,CC,AA,AC,TT,CT,TT,GG,TT,AA,AC,AA,GG,CC,CC,NN,CC,GG,TT,AG,CC,TT,GG,CC,CC,AA,GG,CC,AA,CC,AA,AG,CC,GG,AC,AT,AA,GG,AA,AC,AC,AA,AA,AG,AA,AA,AT,GG,AA,AG,AC,AC,CT,AA,AA,CG,GG,GG,TT,AT,AA,TT,TT,TT,NN,TT,GG,CG,AA,5.5,Susceptible,Low,Poor,Medium
L0102,Warangal,Telangana,Rabi,Black Cotton,Irrigated,410,26.5,60,AC,TT,GG,AA,GG,CC,GG,TT,CC,CC,AA,CT,CC,TT,TT,GG,CC,TT,NN,AA,CG,NN,GT,CC,TT,CC,GT,TT,GG,AA,TT,CT,AA,CC,GG,CG,GG,CG,GG,CC,TT,TT,AC,TT,AA,AA,TT,AT,CC,CC,GG,AT,AG,GG,CC,GT,AT,AC,GT,NN,AA,TT,AT,AA,CT,TT,CT,GG,TT,GG,AA,GG,CC,AA,AG,CC,AA,GG,GT,TT,GG,GG,GG,CC,AT,GG,AA,AT,CC,GT,AC,TT,CC,TT,GT,GG,CT,CC,TT,CC,CT,CC,AA,AA,TT,TT,CG,NN,AG,AA,CC,GG,TT,CC,TT,AC,NN,TT,CC,NN,CG,GG,CC,GT,TT,AG,CC,CG,AC,CG,AA,GT,CC,AA,CC,CT,AA,AT,AA,AT,GG,CC,CC,GG,AG,AA,AA,CC,GG,CC,CC,AA,AA,GG,TT,GG,AC,TT,TT,GG,CC,GT,TT,TT,CC,AT,GT,TT,AA,TT,GG,CG,AA,CT,CC,CC,GG,CC,AA,GG,AG,AC,TT,CC,GG,TT,GG,AT,AA,AA,TT,CC,GG,AA,CC,CC,GG,GG,AA,GG,TT,AC,AA,CC,GT,AA,CC,AA,AA,GG,TT,AA,AT,GG,GG,AA,CC,TT,NN,AA,GG,AA,CT,AA,TT,CC,TT,AC,CC,TT,CG,AA,CC,NN,CC,TT,TT,TT,GG,TT,AA,AC,AG,GG,CG,CC,GG,CC,GG,TT,AA,CC,GG,GG,CC,CC,AA,AG,CC,AA,CC,AA,AA,AC,GG,AC,TT,AA,GG,AA,AA,AC,AA,AG,AG,AA,AA,TT,GG,AA,AA,CC,AC,CT,AA,AA,GG,GG,GG,GT,AA,AA,GT,TT,TT,AA,TT,GG,GG,AC,7.8,Resistant,High,Poor,Late
L0103,Warangal,Telangana,Rabi,Black Cotton,Irrigated,410,26.5,60,AA,TT,AG,AG,CG,CC,GT,NN,CC,CC,AA,CC,CC,TT,TT,GG,GG,TT,TT,AA,CC,GT,GT,CC,AT,CC,TT,TT,GG,AC,TT,CC,AG,CC,AG,CG,GG,GG,GG,CC,TT,TT,AA,GT,AA,AG,TT,TT,CC,AC,GT,AT,AA,GG,TT,TT,AA,AC,GT,AA,AA,TT,AA,AG,TT,AA,CC,GG,NN,TT,AA,GG,CC,AA,GG,CC,AA,GG,TT,TT,GG,GG,GG,AC,AA,GG,AA,AT,CC,TT,CC,TT,CT,TT,TT,GG,CT,CC,GT,CC,CC,CG,GG,AA,TT,TT,CG,AG,AA,AA,CC,GG,TT,CC,TT,AC,AC,TT,CC,GG,CC,GG,CC,GG,TT,AA,CT,CC,CC,CC,AA,TT,CC,AA,CC,CC,AA,TT,AA,AA,GG,CC,CC,GG,AA,AA,AA,CC,GG,CC,CC,AA,AA,GG,TT,NN,AC,GT,TT,GG,NN,GT,TT,TT,CG,AA,GT,TT,AT,AA,GG,CC,AG,TT,CC,CC,GG,CC,AA,GG,GG,CC,TT,CC,GG,TT,GG,AT,AA,AG,TT,CC,GG,AA,CC,CC,GG,AA,AA,GG,TT,AA,AA,CC,GG,AA,CC,AA,AT,GG,TT,TT,TT,CC,TT,AT,CC,AT,TT,NN,GG,AA,TT,AA,TT,CC,TT,AA,CC,TT,GG,AG,NN,AA,CC,TT,TT,NN,GG,AT,AA,CC,AG,GG,CC,CG,GG,CC,GG,AT,AA,CC,TT,GG,CC,CG,AA,GG,CC,AA,CC,AA,AA,CC,CC,AA,TT,AA,GG,AA,AA,AA,AA,AA,AG,AA,AA,AT,CC,AA,AG,CC,AA,CT,AG,AG,GG,GG,GG,TT,AA,AG,GG,TT,TT,AG,AT,GG,GG,AA,5.21,Susceptible,High,Standard,Late
L0104,Warangal,Telangana,Rabi,Black Cotton,Irrigated,410,26.5,60,AC,TT,GG,AG,GG,CC,GG,TT,CC,GG,AA,CC,CC,AT,TT,GG,GG,TT,TT,AA,CC,TT,TT,CC,TT,CC,TT,TT,GG,AA,TT,CT,AA,CC,GG,GG,GG,CC,GG,NN,TT,CT,AC,TT,AG,AG,TT,TT,CC,CC,GT,AA,AG,GG,CC,GT,AA,AA,GT,AC,AA,GT,AT,NN,CT,AT,CT,GG,CT,GT,AG,GG,CC,AG,GG,AC,AT,GG,TT,TT,GG,GG,GT,CC,AA,AG,AA,AA,CC,GT,CC,TT,CT,TT,GT,GG,TT,CC,TT,CC,CC,CG,AA,AA,AT,TT,CC,AA,AG,AA,NN,GT,TT,CC,GT,AC,AA,TT,CG,GG,NN,AG,CC,GG,TT,AA,TT,CC,CC,CC,AA,TT,CC,AA,CC,CC,AA,TT,AA,NN,GG,CC,CG,GG,AG,AG,AA,CC,GG,CC,CC,AA,AA,GG,GT,GG,AA,GT,TT,AG,AC,TT,TT,CT,CC,AT,GG,TT,AT,TT,GG,CC,AA,CT,CC,CC,CG,AC,AA,GG,AG,CC,TT,CC,GG,TT,GG,TT,AA,AG,TT,CC,CC,AA,CC,CC,GG,GG,AC,GG,NN,AA,AA,CC,GG,AT,AC,AT,AA,GT,GT,AA,AT,CG,GG,AT,CC,TT,TT,AA,GG,AA,TT,AA,TT,CC,TT,AA,CC,CT,GG,AG,CC,AG,CC,AT,CT,TT,GG,TT,AA,AC,AA,GT,CC,CC,GG,CC,GT,TT,AA,CC,TT,GG,CC,CG,AA,AG,CG,AA,CG,TT,AA,CC,CG,CC,AT,AA,GG,AA,AA,AA,AA,AG,AG,AG,AA,TT,GG,AA,AA,CC,AA,CT,AA,AA,GG,GG,GG,GT,AA,AA,TT,TT,TT,AG,AT,GG,GG,AA,5.78,Susceptible,High,Poor,Early
L0105,Warangal,Telangana,Rabi,Black Cotton,Irrigated,410,26.5,60,AC,CT,GG,AG,GG,CC,GG,TT,CC,GG,AA,CC,CG,TT,GT,GG,CG,TT,TT,AA,CC,TT,TT,CC,TT,CT,TT,AT,GG,AA,TT,CC,AA,CC,GG,CC,GG,CC,GG,CC,TT,NN,AA,GT,AA,AG,TT,TT,CC,AC,GT,TT,AG,GG,CC,TT,AA,AA,GT,AC,AG,TT,TT,AA,TT,TT,CC,GG,TT,GT,AA,GG,CC,AA,GG,AC,AT,GG,TT,TT,GG,GG,GG,CC,AA,GG,AA,AA,CC,GT,CC,TT,CC,TT,TT,GG,CT,CC,GG,CC,CC,CC,GG,AA,TT,GT,CC,AG,AG,CC,CT,GG,GT,CC,TT,AA,AA,TT,CC,NN,CC,AG,CT,TT,TT,AA,CC,CC,AC,CC,AG,GT,CC,AA,CC,CT,AA,TT,AG,AA,GG,CT,CC,GG,AA,AA,AA,CC,GT,CC,NN,AA,AG,AG,TT,GG,AA,TT,CT,GG,CC,TT,TT,TT,CC,TT,TT,TT,AA,TT,GG,CG,AA,CC,CC,CC,CG,CC,AA,GG,AA,CC,TT,CC,GT,TT,GG,AT,NN,AA,TT,AA,CG,AA,CC,CC,GG,GG,AA,GG,TT,AA,AA,CC,GT,AA,CC,AA,AA,GG,TT,AA,AT,GG,GT,AA,CC,AT,TT,AA,AG,AA,TT,AA,TT,CC,TT,AC,CC,CT,GG,AA,CG,AA,CC,TT,TT,GT,GG,TT,AA,CC,AG,GG,CC,CC,GG,CC,GG,TT,AA,CC,TT,GG,CC,CC,AA,GG,CC,AA,CC,AA,AA,CC,CC,AC,TT,AA,GG,AA,AA,AC,AC,AG,AA,AA,AA,TT,GG,AA,AG,CC,AA,TT,AA,AG,GG,GG,GG,TT,AT,AA,GG,TT,TT,AA,AT,GG,GG,AA,7.78,Moderate,Medium,Standard,Late
L0106,Warangal,Telangana,Rabi,Black Cotton,Irrigated,410,26.5,60,AC,CC,GG,AG,GG,CC,GG,TT,CC,CC,AA,CT,CC,TT,TT,GG,CG,TT,TT,AA,CC,TT,GT,CC,AT,CC,TT,TT,GG,AA,TT,CT,AA,CC,GG,CG,GG,CG,GG,CC,TT,TT,AA,TT,AA,AA,TT,AT,CC,AA,GT,AT,AA,GG,CC,TT,AA,AA,GG,AA,NN,TT,AT,AG,TT,TT,CC,GG,TT,GG,AG,GG,CC,AA,GG,AC,AT,GG,GT,TT,GG,GG,GG,CC,AT,GG,AG,AA,CC,GT,CC,TT,CC,TT,TT,GG,TT,CC,GT,CC,CC,CG,GG,AA,AT,TT,CC,AA,GG,AC,CC,GG,TT,CC,TT,AA,AA,TT,CG,AG,GG,GG,CC,GT,CT,AA,CC,CC,CC,CC,AA,TT,CC,AA,CC,CC,AA,TT,AA,AA,GG,CC,CC,GG,AA,AG,AA,CC,GT,CC,CC,AA,AA,AG,GT,GG,AA,TT,TT,AG,CC,TT,TT,TT,CG,AT,TT,TT,AA,TT,GG,NN,NN,CC,CC,CC,CC,CC,AA,GG,AA,CC,TT,CG,GG,TT,GG,TT,AG,AA,TT,CC,GG,AA,CC,CC,GG,GG,AA,CG,TT,AA,AG,CC,GT,NN,AC,AT,AT,GT,TT,TT,AA,CG,GG,AA,CC,TT,TT,AA,GG,AA,TT,AA,TT,CC,TT,CC,CC,CT,CG,AG,CC,AA,AC,TT,TT,GT,GG,TT,AC,CC,AA,GG,CC,CG,GG,CG,GG,AT,AG,CC,GT,GG,CG,CC,AT,AA,CC,AA,CC,AA,AA,AC,CG,CC,AT,AA,GG,AA,AA,AA,AC,GG,AA,AA,AA,TT,GG,AC,AA,AA,AC,TT,AA,AG,NN,GG,GG,GT,NN,AA,TT,TT,TT,AA,AT,GG,GG,AA,6.9,Susceptible,Low,Poor,Late
L0107,Warangal,Telangana,Rabi,Black Cotton,Irrigated,410,26.5,60,AC,TT,GG,AA,GG,CC,GT,TT,CC,CC,AA,CC,CG,AT,TT,GG,CG,TT,TT,GG,CC,GT,TT,CC,TT,CC,TT,TT,GG,AA,TT,CC,AA,CC,GG,GG,GG,CC,GG,CC,TT,CT,AA,TT,NN,AG,CT,TT,CC,CC,GG,AA,AA,GG,CC,TT,AT,CC,GT,AC,AA,TT,TT,AA,TT,AA,CC,GG,TT,GG,AA,GG,CC,AA,AG,AC,TT,GG,TT,TT,GG,GG,NN,CC,TT,AG,AA,AA,CC,GT,CC,TT,CC,TT,TT,GG,TT,CC,TT,CT,TT,CC,AG,AA,TT,TT,CC,AA,AA,AC,CT,GG,TT,CC,TT,AC,AC,TT,CG,GG,GG,GG,CC,GG,CT,AG,CC,CC,AC,CC,AA,TT,AC,AA,CC,CC,AA,TT,AA,AT,GG,CT,CG,GG,AA,AG,AT,CC,GG,CC,CC,AG,AA,GG,TT,GG,AC,TT,TT,GG,AC,TT,TT,TT,CC,AA,TT,CT,AA,TT,GG,CC,AA,CT,CC,CC,CG,AC,AA,GG,AG,CC,TT,CC,GG,TT,GG,AT,AA,AA,TT,AC,GG,AA,CC,CG,GG,GG,AA,GG,TT,AA,AA,CC,GT,AA,AC,AA,AT,GG,TT,TT,AT,GG,GT,AT,CC,TT,GG,AA,GG,AA,CT,AA,TT,CC,TT,AC,AC,CT,GG,AA,CC,AA,CC,TT,CT,TT,GG,TT,AA,AC,AA,GG,CC,CG,GG,CC,GG,TT,AA,CG,GG,GG,CC,CC,AA,GG,CC,AA,CC,AA,AA,AC,CC,AC,TT,AA,GG,AA,AC,AA,AA,AG,AG,GG,AA,TT,GG,AA,AA,AC,NN,CC,AA,AA,GG,GG,GG,TT,AA,AA,TT,TT,AT,AG,TT,GG,GG,AA,9.21,Moderate,High,Poor,Late
L0108,Warangal,Telangana,Rabi,Black Cotton,Irrigated,410,26.5,60,AA,TT,GG,AA,GG,CC,GG,TT,CC,CG,AA,CC,CC,TT,TT,NN,GG,TT,TT,AG,CC,TT,GT,CC,AT,CC,TT,TT,GG,AA,CT,CC,AA,CC,AG,GG,GG,CG,GG,AC,TT,CT,CC,TT,AA,GG,TT,TT,CC,AC,GT,AA,AA,GG,CC,TT,AA,AA,GT,AA,AA,NN,TT,AA,TT,TT,CC,GG,TT,GG,AA,GT,CC,AA,AG,AA,AA,GG,TT,TT,GG,GT,GG,CC,AA,GG,AA,AT,CC,GT,CC,TT,CC,TT,TT,GG,TT,CC,TT,CC,CC,CC,AG,AA,TT,TT,CC,AA,AA,AA,CT,GG,TT,CG,GT,AA,AA,TT,CC,AG,CC,GG,CC,GG,CT,AA,CC,CC,CC,CC,AG,TT,AC,AA,CC,CC,AG,AT,AA,AT,GG,CT,CC,GG,AA,AG,AT,NN,NN,CC,CC,AA,AA,GG,GT,GG,AC,TT,TT,GG,CC,GT,GT,CT,CG,AA,TT,CC,AA,AA,GG,CC,AA,CC,AC,CC,CG,CC,AA,GG,AA,CC,TT,CC,GG,TT,CG,AT,AA,AA,TT,CC,GG,AA,AC,CC,GG,GG,AA,CG,TT,AC,AA,CC,GG,AA,CC,AT,AT,GT,TT,NN,TT,GG,GT,AT,CC,AT,GT,AA,GG,AA,CT,AA,TT,CC,CT,AA,CC,TT,GG,AG,CC,AA,CC,AT,CT,GT,GG,TT,AC,AC,AG,GG,CC,CC,GG,CC,GG,AT,AA,CG,TT,GG,CG,CC,AA,GG,CC,AA,CC,AT,AA,CC,CC,CC,TT,AA,CG,AT,AA,AA,AC,AG,AG,AG,AA,TT,CG,AC,AG,CC,AA,CT,AA,AA,GG,GG,GG,TT,AA,AA,GT,TT,TT,AA,AT,GG,GG,AA,6.46,Susceptible,Low,Premium,Early
L0109,Warangal,Telangana,Rabi,Black Cotton,Irrigated,410,26.5,60,AC,TT,GG,AG,NN,CC,GG,TT,CC,CC,AA,CC,CG,TT,GG,GG,CG,TT,TT,AG,CC,GT,GT,CC,AT,CC,TT,AT,GG,AA,TT,CC,AA,CC,GG,GG,GG,CG,GG,CC,TT,TT,AC,TT,AG,AG,TT,AT,CC,AC,GG,TT,AA,GG,CC,TT,AT,AA,TT,AC,AG,GG,AT,AG,CT,AT,CC,GG,TT,GT,AG,GG,AC,AA,GG,AC,TT,GG,TT,TT,GG,NN,GG,CC,AA,GG,AA,AA,CC,GT,AA,TT,CT,TT,TT,AG,CT,AC,GT,CC,CT,CG,AG,AA,TT,TT,CC,AA,AG,AC,CC,GG,TT,CC,GT,AA,AC,TT,CC,AG,CC,GG,CT,GT,TT,AA,CC,CC,CC,CC,AA,TT,CC,AA,CC,CT,AG,TT,AA,AT,GG,CC,CC,GG,AA,AG,AA,CC,GT,CC,CC,AA,AA,AG,GT,AG,AC,GT,CT,GG,NN,TT,TT,TT,CC,AT,TT,TT,AA,NN,GG,CC,AA,NN,CC,CC,CG,CC,AT,GG,AA,CC,TT,CC,GT,TT,GG,TT,AA,AA,TT,CC,GG,AC,CC,CC,GG,GG,AC,CG,TT,AA,AA,CC,GG,AA,CC,AA,AT,GG,TT,AT,AA,CG,TT,AT,CC,AT,GT,AA,GG,AA,CT,AA,TT,CC,TT,AA,CC,CT,GG,AA,CC,AA,CC,AT,TT,NN,GG,TT,AA,CC,AA,GG,CC,CG,GG,CC,GG,AT,AA,CC,TT,GG,CC,GG,AA,AG,CG,AA,CC,AA,AA,CC,CG,AC,AT,AA,GG,AA,AA,CC,AC,GG,AG,AG,AA,TT,GG,AA,AG,CC,AC,CC,AA,NN,CG,GG,GG,TT,AA,AA,TT,TT,TT,AG,TT,GG,CG,AA,6.79,Susceptible,Low,Poor,Late
L0110,Warangal,Telangana,Rabi,Black Cotton,Irrigated,410,26.5,60,AC,TT,GG,AG,GG,CG,GG,AT,CC,CG,AA,CC,CG,TT,NN,NN,GG,TT,TT,AA,CC,TT,TT,CC,TT,CC,TT,TT,GG,AA,TT,CC,AA,CC,GG,CG,GG,CC,GG,CC,TT,CT,AA,GG,AA,AA,CT,TT,CC,AC,GG,AA,AA,GG,CC,GT,AA,AA,GT,AC,AA,TT,AT,AA,CT,TT,CC,GG,TT,GG,AA,GG,CC,AA,GG,AC,AA,AG,TT,TT,GG,GG,GG,CC,AA,GG,AA,AA,CC,TT,CC,TT,CC,AT,TT,GG,TT,AC,GG,CC,CC,CC,AG,AA,AT,TT,CG,AA,AA,AA,NN,GG,TT,NN,TT,AC,AA,TT,CG,AG,CC,GG,CC,GT,TT,AG,CT,CC,CC,CC,AA,TT,CC,AA,CC,CC,AA,TT,AG,TT,GG,CT,CC,GG,AA,NN,AA,CC,GG,CG,CC,AG,NN,GG,TT,GG,AA,GT,NN,GG,CC,TT,GG,CT,CC,AA,GG,NN,AA,TT,CG,CC,AA,CT,CC,NN,GG,AC,AA,GG,AG,CC,TT,CG,TT,GT,GG,TT,AA,AG,TT,AC,GG,AC,CC,CC,GG,GG,AA,GG,TT,AA,AA,CC,GG,AA,CC,AA,AA,GT,TT,TT,AA,CG,GT,AT,CC,AT,TT,AA,GG,AA,TT,AA,TT,CC,TT,AA,AC,TT,GG,AG,CC,GG,CC,TT,TT,TT,GG,NN,AC,AC,AA,GT,CC,CC,GG,CC,GG,TT,AG,CG,TT,GG,CC,CC,AA,GG,CG,AA,CC,AA,AA,CC,CC,AA,TT,AA,GG,AA,AA,AC,AA,GG,AG,AA,AA,TT,GG,AA,AA,AA,AA,CC,AA,AA,GG,GG,CG,TT,AT,AA,GT,TT,TT,AG,AT,GG,GG,AA,6.3,Moderate,Medium,Standard,Medium
L0111,Warangal,Telangana,Rabi,Black Cotton,Irrigated,410,26.5,60,AC,TT,GG,AG,GG,CC,GT,TT,CC,CG,AA,CC,CC,AT,GT,GT,CC,TT,TT,GG,CC,TT,TT,CT,TT,CC,TT,AT,GG,AA,TT,CC,AA,AC,AG,GG,GG,CG,GG,CC,TT,CT,AC,GT,AA,AA,TT,AT,CC,CC,TT,AT,AA,GG,CC,GT,AA,AA,GT,AA,AA,GT,NN,AA,TT,TT,CC,GG,TT,GG,AA,GG,CC,AA,AG,AC,AA,NN,TT,TT,NN,GT,GG,CC,AA,GG,AA,AA,CC,GG,CC,TT,CT,AT,NN,GG,CT,CC,TT,CC,CC,CG,NN,AG,AA,TT,CC,AA,AA,AC,TT,GG,TT,CG,GT,AC,AA,TT,CC,GG,CC,AG,CC,GT,TT,AA,CC,CG,CC,CC,AA,TT,CC,AA,CC,CT,AA,TT,AA,AA,GG,CC,CC,GG,AA,AG,AA,CC,GT,CC,CC,AA,AA,GG,TT,GG,CC,GT,CC,GG,CC,TT,TT,TT,GG,AA,TT,TT,AA,AA,GG,CC,AA,CT,CC,AC,CG,AC,AT,GG,GG,CC,TT,CC,TT,TT,CG,TT,AG,AA,TT,CC,GG,AA,NN,CC,NN,AG,CC,GG,TT,AC,AA,CC,GG,AA,AC,AT,AT,GG,TT,TT,AA,GG,GT,AA,CG,TT,TT,AA,GG,AG,CT,AA,TT,CC,TT,AC,CC,TT,GG,GG,CG,AG,CC,TT,TT,GT,GG,TT,AA,CC,AG,GG,CC,CG,GG,CC,GG,TT,AA,CC,TT,GG,CC,NN,AA,GG,CC,AA,CC,AT,AA,CC,CG,CC,TT,AA,CG,AA,AA,AA,AA,GG,AA,AA,AA,TT,GG,AC,AG,AC,AA,TT,AG,AG,GG,GG,GG,TT,AA,AG,TT,TT,TT,AA,AT,GG,GG,AA,6.96,Moderate,Medium,Poor,Late
L0112,Warangal,Telangana,Rabi,Black Cotton,Irrigated,410,26.5,60,AA,TT,GG,AG,GG,CC,GT,TT,CC,CC,AA,CT,CC,TT,GT,GG,GG,TT,TT,AA,CC,GT,GT,CC,TT,CC,TT,TT,GG,AA,CT,CT,AA,CC,GG,GG,GG,CC,GG,CC,TT,TT,AA,TT,AA,AA,CT,AT,CC,AC,GG,AA,AA,GG,CT,TT,AA,AC,TT,AC,AG,GT,TT,AG,TT,TT,CC,GG,TT,TT,AG,GG,CC,AA,GG,AC,AT,GG,TT,CC,GG,GG,GT,CC,AT,GG,AA,AA,NN,GT,CC,TT,TT,TT,TT,AG,TT,CC,TT,CT,CT,CC,AA,AA,TT,TT,CG,AA,GG,AA,CC,GG,TT,CC,TT,AA,AA,TT,CC,GG,CG,GG,CC,GT,TT,AA,CC,CC,CC,CC,AG,TT,CC,AA,AC,CC,AG,AT,AA,AA,CG,CC,CG,GG,AA,AA,AA,CC,GG,CC,CC,AG,GG,AG,TT,GG,AC,TT,CT,GG,AC,GT,GT,TT,CG,AA,TT,TT,AA,AT,GG,CC,AG,CC,CC,CC,GG,CC,AA,GG,AG,CC,NN,CC,GT,TT,GG,AT,AA,AA,TT,CC,GG,AA,AC,CC,GG,GG,AA,GG,TT,AC,AA,CC,GG,AA,AC,AT,AA,GG,TT,TT,AA,NN,GT,AA,CG,TT,TT,AA,GG,AA,CT,AA,TT,CC,TT,AC,CC,TT,CG,AG,CC,AA,CC,TT,TT,GG,GG,TT,AA,CC,AA,GG,CC,CC,GG,CC,GG,AT,AA,CC,GG,GG,CC,CC,AA,GG,CG,AA,CC,AA,AA,CC,CC,AC,AT,AA,GG,AA,NN,AA,AA,GG,GG,AA,AA,AT,GG,AA,AG,AC,AC,CT,AA,AA,GG,GG,GG,GT,NN,AG,GT,TT,AT,AA,TT,GG,GG,AC,8.92,Resistant,Medium,Poor,Medium
L0113,Warangal,Telangana,Rabi,Black Cotton,Irrigated,410,26.5,60,AC,TT,GG,AG,GG,CG,GG,AT,CC,CC,AA,CT,CC,TT,TT,GG,CG,TT,TT,AG,CC,GT,TT,CC,TT,CC,TT,TT,GG,AA,TT,CT,AA,CC,GG,GG,GG,GG,GG,CC,TT,CC,AA,GT,AA,GG,CT,TT,CC,AA,GG,AA,AA,GG,CC,TT,AA,AA,GG,AC,AA,GT,AT,AA,TT,TT,CC,GG,TT,GG,AA,GG,CC,AA,AG,CC,TT,GG,TT,TT,GG,GT,GT,CC,AT,GG,AA,AA,CC,GT,AC,TT,CC,AT,TT,GG,TT,CC,NN,CC,CT,CG,GG,AA,TT,NN,CC,AA,AA,AA,NN,GG,TT,CC,TT,AA,AA,TT,CC,GG,CC,GG,CC,GG,TT,AA,CC,CC,AC,CC,AA,TT,CC,AC,CC,CT,AA,TT,AG,AA,GG,CT,CC,GG,AA,AA,AA,CC,GT,CC,CC,AA,AA,GG,TT,GG,AC,NN,NN,GG,CC,TT,TT,CT,CC,AA,GG,TT,AT,TT,CG,CC,AG,TT,CC,CC,CG,AC,AA,GG,AG,CC,TT,CC,GT,TT,GG,TT,AA,AA,TT,CC,GG,AA,AC,CC,GG,NN,CC,GG,TT,CC,AA,CC,GG,AT,AC,AA,TT,GG,TT,AT,AA,GG,GG,AT,CC,TT,GT,AA,GG,AA,CC,AA,TT,CC,TT,AA,AC,TT,GG,AG,CC,AA,AC,TT,TT,GT,NN,TT,AA,CC,AA,GG,CC,CC,GG,CG,GG,AT,AA,CC,TT,GG,CC,CC,AA,AG,CG,AA,CC,AT,AA,CC,CC,AC,TT,AA,GG,AA,AA,AA,AA,AA,AG,AA,AA,TT,GG,AA,GG,AA,AA,TT,AA,AA,GG,GG,GG,TT,AA,AA,GT,TT,TT,GG,NN,GG,GG,AA,4.01,Susceptible,Medium,Premium,Medium
L0114,Warangal,Telangana,Rabi,Black Cotton,Irrigated,410,26.5,60,AA,TT,AG,AG,GG,CC,GT,AT,CC,CC,AA,CT,CG,TT,TT,GG,GG,TT,TT,AA,CC,TT,TT,CC,TT,CC,TT,TT,GG,AC,TT,CC,AA,CC,GG,GG,GG,CC,GG,CC,TT,CT,AA,TT,GG,AG,TT,AT,CC,CC,GT,AA,AA,GG,CC,TT,AA,AA,GG,AA,AA,GT,AT,AG,TT,TT,CC,GG,TT,GG,AA,TT,CC,AA,AG,AA,TT,GG,TT,TT,GG,GG,GT,CC,AA,GG,AG,AT,CC,TT,CC,TT,CC,TT,TT,GG,TT,CC,GT,CC,TT,CC,GG,AA,TT,TT,CC,AA,AG,AA,CC,GG,TT,CG,TT,AA,AC,TT,CC,GG,CC,GG,CT,GT,CT,AA,CC,CC,CC,CC,AA,TT,CC,AA,AC,CC,AG,TT,AA,AA,GG,CT,CC,GG,AA,AG,AA,CC,GG,CC,CC,AA,AA,AA,TT,AG,AA,GT,TT,GG,NN,GT,GT,TT,CG,AA,GT,CT,AA,TT,GG,CC,AA,CC,CC,CC,CG,AC,AA,GG,AA,CC,TT,CC,GT,TT,CC,TT,AA,AA,TT,CC,GG,CC,CC,CC,GG,GG,CC,GG,TT,AA,AA,CC,GG,AA,CC,AA,AA,GG,TT,AT,AT,GG,TT,AT,CC,AA,TT,AA,GG,AA,TT,AA,TT,CC,TT,AC,CC,TT,CG,AG,CC,AG,CC,TT,TT,GG,GG,TT,AA,CC,AA,GG,CC,CC,GG,CC,GG,TT,AA,CG,TT,GG,CC,CG,AA,GG,CC,AA,CC,AA,AA,AC,CC,AC,TT,AA,GG,AA,AC,AA,AA,GG,AA,AA,AA,AT,GG,AA,NN,AA,CC,CC,AA,AA,GG,GG,GG,TT,AA,GG,TT,TT,TT,AA,AT,GG,CG,AC,5.65,Resistant,Low,Premium,Medium
L0115,Warangal,Telangana,Rabi,Black Cotton,Irrigated,410,26.5,60,AA,TT,AG,AG,GG,CC,GG,AT,CC,GG,AT,CC,GG,TT,TT,GG,CG,TT,TT,AA,CC,TT,GG,CC,TT,CC,TT,TT,GG,AA,CT,CT,AA,CC,GG,CC,GG,CG,GT,CC,TT,CC,AA,TT,AG,GG,CT,TT,CC,CC,GG,AA,AA,GG,CT,TT,AA,AA,GG,AC,AG,TT,TT,AA,TT,TT,CC,GG,TT,GG,AG,GG,CC,AG,AG,AC,AT,GG,TT,TT,GG,GG,GT,CC,AA,GG,AA,AA,CC,GT,AC,TT,CC,TT,TT,AG,TT,CC,GG,CC,CC,CC,GG,AA,AT,TT,CG,AA,AG,AC,CC,GG,GT,CC,TT,AA,AA,AT,CG,AG,CC,GG,CC,GT,CT,AA,CC,CC,AC,CC,AA,TT,AC,AA,CC,CC,AA,TT,AA,AA,GG,CC,CC,GG,AA,AG,AA,CC,GG,CC,CC,AA,AA,GG,TT,GG,AA,TT,TT,GG,CC,GT,GT,TT,CC,AA,TT,TT,AT,TT,GG,CC,AG,CC,CC,CC,GG,CC,AA,NN,AA,CC,TT,CG,TT,TT,GG,TT,AA,AG,TT,AC,GG,AA,CC,CC,GG,GG,AC,CC,TT,AA,GG,NN,GG,NN,CC,AA,AA,GT,TT,AT,AT,CG,GT,AA,CC,NN,GT,AA,GG,AA,TT,AC,TT,CC,CT,AA,CC,TT,GG,AG,CC,AG,CC,TT,CT,TT,GG,TT,AC,AC,AA,GG,CC,CC,GG,CC,GG,TT,AA,CG,GT,GG,CC,CC,AT,GG,CG,AT,CC,AA,AA,CC,CC,AC,TT,AA,GG,AA,AA,AA,AC,GG,AA,AA,AA,TT,GG,AA,AA,CC,AA,TT,AA,AA,GG,GG,GG,TT,AT,AA,TT,TT,TT,AG,TT,GG,CG,AA,8.39,Moderate,Low,Premium,Medium
L0116,Warangal,Telangana,Rabi,Black Cotton,Irrigated,410,26.5,60,AA,TT,GG,AG,GG,CC,GG,AT,CC,CG,AT,CT,CC,AT,TT,GT,CG,TT,TT,AA,CG,GT,TT,CT,TT,CC,TT,TT,GG,AA,TT,CC,AA,CC,GG,GG,GG,CC,GG,CC,TT,TT,AA,GT,AA,AG,TT,AT,CG,CC,GT,AA,AA,GG,CT,TT,AA,AC,TT,AA,AA,TT,AT,AA,TT,TT,CC,GG,TT,GG,AA,GG,CC,AA,AG,AC,AT,GG,TT,TT,AG,GG,GG,CC,AT,GG,AG,AA,CC,GG,CC,TT,CT,AT,TT,GG,CT,CC,TT,CT,CT,CG,GG,AA,AT,TT,CC,AA,AG,AA,CC,GT,TT,CG,TT,AA,AA,TT,GG,GG,CC,GG,CC,GG,TT,AG,CC,CC,CC,CC,AA,TT,AC,AA,CC,CT,AA,TT,AA,AA,GG,CC,CC,GG,AA,AA,AA,CC,GG,CC,CC,AA,AA,AG,TT,AG,AA,TT,CT,GG,CC,TT,TT,CT,CG,AT,GT,TT,AT,TT,GG,CC,AA,CT,CC,AC,CG,CC,NN,GG,AG,CC,TT,CC,TT,TT,GG,AT,AA,AA,TT,CC,GG,AC,AC,CC,GG,GG,AA,GG,NN,AA,AG,CC,GT,AA,AC,AA,AT,GG,TT,TT,AT,CG,GG,AA,CC,TT,GT,AA,GG,AA,TT,AA,TT,CC,TT,AA,CC,TT,GG,AA,CC,AG,CC,AT,TT,TT,GG,TT,AA,CC,AA,GG,CC,CC,GG,CC,GG,TT,AA,CC,GT,AG,CC,CC,AT,GG,CC,AA,CC,AT,AA,CC,CG,AC,AT,AA,GG,AT,AA,AA,AA,GG,AA,AA,AA,TT,CG,AA,AA,AC,AA,TT,AA,AA,GG,GG,CG,TT,AA,AA,TT,TT,TT,NN,AT,GG,NN,AA,8.98,Susceptible,Medium,Standard,Early
L0117,Warangal,Telangana,Rabi,Black Cotton,Irrigated,410,26.5,60,AC,CT,GG,AG,GG,CC,GG,AA,CC,CG,AA,CC,CG,TT,TT,GT,CG,TT,AT,NN,CC,GT,GT,CC,TT,CC,TT,TT,GG,AA,TT,CC,AA,CC,GG,GG,GG,CC,GG,CC,TT,CT,AA,GT,AA,NN,TT,TT,CC,AC,GT,AA,AA,GG,CC,GG,AA,AA,GT,AA,AA,GT,AT,AG,TT,TT,CC,GG,TT,GG,AA,GT,CC,AA,AG,AA,AA,GG,TT,TT,GG,GG,GG,CC,AA,GG,AA,AT,CC,GG,CC,TT,CT,AT,GT,AG,CT,CC,TT,CC,CT,CC,GG,AG,TT,TT,CC,AA,AG,AA,CT,GG,TT,CC,GT,AC,AA,TT,CC,GG,CC,AG,CC,GG,NN,AA,CC,CC,CC,CG,AA,GT,CC,AA,CC,CC,AA,TT,AA,AA,GG,CC,CC,GG,AA,GG,AT,CC,GG,CC,CC,AA,AA,GG,GT,GG,AA,GG,CC,GG,CC,TT,GG,CT,CC,AT,GT,TT,AA,TT,GG,CC,AG,CT,CC,CC,GG,CC,NN,GG,AA,CC,TT,CC,GT,GT,GG,AA,AA,AA,TT,CC,CG,AA,CC,CC,GG,GG,AC,GG,TT,AC,AA,CC,GT,AA,CC,AA,AA,GT,TT,AT,AA,GG,TT,AT,NN,TT,NN,AA,GG,AA,CT,AA,TT,CC,CT,AA,CC,CT,GG,AG,CC,GG,CC,TT,TT,GT,GG,AT,AA,CC,AA,GG,CC,CG,GG,CC,GG,AT,AA,CC,TT,GG,CC,CC,AA,AG,CG,AT,CC,AA,AA,CC,CG,CC,TT,AA,GG,AA,AA,CC,AA,AG,AG,AA,AA,TT,GG,CC,AA,CC,CC,CT,AA,AA,GG,GG,GG,TT,AT,AG,TT,NN,TT,AG,TT,GG,GG,AA,5.92,Moderate,Medium,Premium,Early
L0118,Warangal,Telangana,Rabi,Black Cotton,Irrigated,410,26.5,60,AC,TT,GG,AG,GG,CC,GT,TT,CC,CC,AT,CC,CG,AT,TT,GT,GG,TT,TT,AA,CC,GT,TT,CT,NN,CC,TT,TT,TT,AA,TT,CC,AG,CC,GG,CG,GG,CC,GG,CC,TT,CT,AA,GT,AA,GG,TT,TT,NN,CC,GT,AA,AG,GG,CC,TT,AA,AA,GT,AA,AA,TT,AT,AA,NN,TT,CC,GG,TT,GG,AA,GG,CC,AG,AG,AC,AT,GG,TT,TT,GG,GT,GG,CC,AA,GG,AA,AA,CC,TT,CC,TT,CT,AA,TT,AG,TT,CC,TT,CC,CC,CG,GG,NN,TT,TT,CC,AA,AG,AA,CC,GG,TT,NN,TT,AA,AA,TT,CC,GG,CG,GG,CT,GT,TT,AA,CT,CC,CC,GG,AA,NN,CC,AA,CC,CC,AA,AT,AA,AA,CG,CC,CC,AG,AA,GG,AA,CC,GT,CC,CC,AG,AG,AG,GT,GG,AC,TT,CT,AG,CC,GT,TT,CT,NN,AT,TT,TT,AA,TT,GG,CC,AG,CT,CC,CC,CG,CC,AA,GG,AA,CC,TT,CC,GT,TT,GG,TT,AA,GG,TT,CC,CG,AA,AC,CC,GG,GG,AA,GG,TT,AA,AA,CC,GG,AT,AA,AT,AA,GG,TT,TT,AT,GG,GT,AA,CC,TT,TT,AA,GG,AA,TT,AC,TT,CC,CT,AC,CC,TT,GG,AG,CG,GG,AC,TT,TT,TT,GG,TT,AA,CC,AA,GG,CC,CG,GG,CC,GG,TT,AA,CC,TT,NN,CG,CC,AA,AG,CC,AT,CC,AA,AA,AC,CG,AC,AT,AA,CG,AA,AA,AA,AA,GG,AA,AA,AA,TT,GG,AA,AA,AC,AC,CT,AA,AA,GG,GG,GG,GT,AT,AG,TT,TT,TT,AG,TT,GG,CG,AA,7.82,Moderate,High,Premium,Medium
L0119,Warangal,Telangana,Rabi,Black Cotton,Irrigated,410,26.5,60,AA,TT,GG,GG,GG,CC,GG,AT,CC,CG,TT,CC,CG,TT,GT,GG,GG,TT,TT,AA,CC,GT,TT,CC,TT,CC,TT,TT,NN,AA,TT,CC,AA,CC,GG,GG,GG,CG,GG,CC,TT,CC,AA,TT,AG,GG,TT,TT,CC,AA,GG,AT,AG,GG,CC,TT,AA,AC,GT,AC,AA,TT,AA,AG,TT,AT,CC,GT,TT,GG,AG,GG,CC,AA,AG,AC,AT,AG,GT,TT,GG,GG,GT,CC,AA,GG,AA,AT,CC,GT,CC,TT,TT,AT,TT,GG,NN,CC,GT,CC,CC,CG,GG,AG,TT,TT,CC,AA,AA,AA,CC,GG,TT,CC,TT,NN,AA,AT,CC,AG,CG,GG,CT,GG,TT,AA,CT,CC,CC,CC,AA,TT,CC,AA,CC,CC,AA,TT,AA,AA,CC,CC,CC,AG,AA,AG,AA,CC,GG,CC,CC,AA,AA,NN,GT,GG,AC,TT,CT,GG,AA,TT,TT,CT,CC,AA,GT,CT,AA,AT,GG,NN,AG,CT,CC,CC,CC,CC,AA,GG,AG,CC,TT,CG,GG,TT,GG,AT,AA,AG,TT,CC,GG,AA,CC,CC,GG,GG,AA,GG,TT,AA,AG,CC,GG,AA,CC,AA,AA,GG,GT,TT,AT,NN,GT,AT,CC,TT,TT,AA,GG,AA,TT,AA,TT,NN,CT,AA,CC,CT,GG,GG,CC,AG,CC,TT,TT,GT,GG,AT,AA,CC,AA,GG,CC,CG,GG,CG,NN,TT,AA,CG,GG,GG,CC,CG,AA,GG,CC,AA,CC,AA,AA,AC,CC,CC,TT,AA,GG,AA,AA,AA,NN,GG,AA,AA,AA,TT,GG,AC,AG,AC,AC,TT,AA,AA,GG,AG,GG,TT,AA,AA,TT,TT,TT,AA,AA,GG,GG,AA,5.26,Susceptible,Medium,Poor,Medium
L0120,Warangal,Telangana,Rabi,Black Cotton,Irrigated,410,26.5,60,AC,TT,GG,AG,GG,CC,GG,AT,CG,CC,AA,CC,CC,TT,TT,GT,CG,TT,TT,AA,CC,GT,GT,CT,TT,CC,TT,TT,GG,NN,TT,CC,AG,CC,GG,GG,GT,GG,GG,CC,TT,CT,NN,TT,AA,GG,TT,AT,CC,AC,GT,AA,GG,GG,CC,GT,AA,AC,GT,AA,AA,TT,AT,AG,TT,AT,CT,GG,TT,GG,AA,GT,AC,AA,GG,AC,AA,GG,TT,TT,GG,GG,GG,CC,AA,GG,AA,AT,CG,GT,AC,TT,CC,TT,TT,GG,TT,AC,GT,CC,CC,GG,GG,AG,AT,TT,CC,NN,AG,AA,CC,GG,TT,CG,GT,AA,AA,TT,CG,GG,CC,AG,CC,GG,CT,AA,CC,CC,AC,CC,AA,TT,CC,AA,CC,CC,AA,AT,AA,AA,GG,CC,CC,AG,AA,AG,AA,CC,GT,CC,CC,AA,AA,AG,GT,GG,AC,TT,TT,GG,CC,GG,TT,TT,CC,AA,TT,CT,AA,AT,GG,CC,GG,CC,CC,CC,GG,CC,AA,GG,GG,CC,TT,CC,GT,GT,CG,AT,AA,AG,TT,CC,CG,AA,CC,CG,GG,GG,CC,GG,TT,AA,AA,CC,GG,AT,AC,AA,AT,GG,TT,AT,AA,GG,GG,AT,CG,TT,GT,AA,GG,AA,TT,AA,TT,CC,TT,AA,CC,TT,GG,GG,CC,AG,NN,TT,CT,GT,GG,TT,AA,AC,AA,GG,CC,CC,GG,CC,GG,TT,NN,CC,TT,GG,CC,CC,AA,AG,CG,AA,CC,AA,AA,AC,CG,CC,TT,AA,GG,AA,AC,AA,AA,NN,AA,AA,AA,TT,CC,AC,AG,CC,AA,CT,AA,AA,GG,GG,GG,TT,AT,AA,GT,TT,TT,AG,TT,GG,CG,AA,7.8,Susceptible,Low,Premium,Medium
L0121,Warangal,Telangana,Rabi,Black Cotton,Irrigated,410,26.5,60,AC,TT,GG,AA,GG,CC,GG,TT,CC,CC,AA,CC,GG,TT,GT,GG,CG,TT,NN,GG,CG,TT,TT,CC,TT,CC,TT,TT,GT,AA,TT,CC,NN,CC,GG,GG,GG,CG,GG,CC,TT,CT,AA,GT,AA,GG,TT,AT,CC,AC,GG,AA,AA,GG,CC,TT,AT,AA,GT,AC,AG,TT,TT,AA,TT,TT,CC,GG,TT,GT,AG,GG,CC,AA,GG,AA,AA,GG,GT,TT,GG,GT,GT,CC,AA,GG,AA,AA,CC,NN,CC,NN,CT,AT,GG,NN,CT,CC,GT,CC,CT,CG,GG,AA,AT,TT,CG,AA,AA,AC,CC,GG,TT,CC,TT,CC,AA,AT,GG,AG,CG,GG,CC,GG,TT,AG,CC,CC,AC,CC,NN,GG,CC,AA,CC,CC,AA,TT,AA,AT,CG,CC,CC,AG,AA,AG,AA,CC,GG,CC,CC,AA,AG,AG,TT,GG,AC,TT,CC,GG,CC,GT,TT,TT,CC,AA,TT,TT,AT,TT,GG,CC,AA,CC,CC,CC,CG,AC,AA,GG,AA,AC,TT,CC,GT,TT,GG,TT,AA,AA,TT,CC,GG,AA,CC,CC,GG,GG,AA,GG,TT,AC,AA,CC,GG,AT,CC,AA,AT,GT,TT,TT,AT,GG,GG,AT,CC,AT,GT,AA,GG,AA,TT,AA,TT,CC,CT,AC,CC,TT,GG,AG,CG,AA,CC,TT,CT,GT,GG,TT,AA,AC,AG,GG,CC,CC,GG,CC,GT,AA,AA,CC,TT,GG,CC,CG,AT,AG,GG,AA,CC,AA,AA,CC,CG,AC,TT,AA,GG,AA,AC,AA,AA,AA,NN,AA,AA,AT,GG,AA,GG,CC,CC,TT,AG,AA,GG,GG,NN,TT,AA,AA,GT,TT,TT,GG,AT,GG,GG,AA,8.93,Susceptible,Low,Premium,Early
L0122,Warangal,Telangana,Rabi,Black Cotton,Irrigated,410,26.5,60,AC,TT,GG,AA,GG,CC,GG,AT,CC,CG,AA,CT,CC,AT,TT,GT,CG,TT,TT,AG,CC,TT,GT,CC,TT,CC,TT,TT,GG,AA,TT,CC,AA,CC,GG,CG,GG,CG,GG,CC,TT,CT,AA,TT,AA,AG,TT,TT,CC,CC,GG,AT,NN,GG,CC,GT,AT,AC,GG,AC,AA,NN,TT,AA,TT,AT,CC,GG,TT,GT,AA,GG,CC,AA,AA,AC,AA,GG,TT,TT,GG,GG,GG,CC,NN,GG,AA,AA,CC,GG,CC,TT,CT,TT,TT,GG,TT,CC,GT,CC,CC,CG,GG,AA,TT,TT,CC,AA,AG,AA,CT,GG,TT,CC,TT,AA,AC,TT,CC,AG,CG,GG,CC,GG,CC,AA,CC,CC,CC,CC,AA,TT,CC,AA,CC,CC,AA,TT,AA,AT,CG,CT,CC,GG,AA,AG,AT,AC,NN,CC,CG,AA,AA,GG,TT,GG,AC,GT,CT,GG,CC,GT,GT,TT,CC,AA,TT,CT,AA,TT,CG,CC,AA,TT,CC,CC,GG,CC,AA,AG,AA,CC,TT,CC,GT,NN,GG,AT,AA,AG,TT,CC,GG,AA,CC,CG,GG,GG,AA,CG,TT,AA,AA,CC,GT,AA,CC,AA,AT,GG,GT,AT,AA,GG,GG,AA,NN,TT,TT,AA,GG,AA,CT,AA,TT,CC,CT,AA,CC,CT,GG,GG,CC,AG,AC,TT,CC,GT,GG,TT,AA,AC,AA,GG,CC,CG,GG,CC,GG,AT,AA,CG,TT,GG,CC,NN,AA,GG,CC,AA,CC,AA,AA,AC,CC,AC,AT,AA,GG,AA,AA,CC,AA,AA,NN,AA,AA,AT,GG,AA,AA,AC,AC,TT,AA,AA,GG,GG,GG,TT,AA,AA,GT,TT,TT,AG,TT,GG,GG,AA,7.6,Moderate,Medium,Premium,Early
L0123,Warangal,Telangana,Rabi,Black Cotton,Irrigated,410,26.5,60,AC,TT,GG,AG,GG,CC,GT,AT,CC,CG,AA,CT,CG,AT,TT,GG,GG,TT,TT,AG,CG,TT,TT,CC,NN,CC,TT,TT,GG,AA,TT,CC,AA,CC,AG,CG,GG,CC,GG,CC,TT,TT,AA,GT,AA,GG,TT,AT,CC,AC,GT,AT,AA,GG,CT,TT,AA,AC,GT,AC,AA,TT,AT,AA,TT,AT,CC,GG,TT,GG,AA,GG,CC,AA,GG,AA,TT,NN,TT,TT,GG,GG,TT,CC,AT,GG,AA,AA,CC,TT,AC,TT,CT,AT,TT,GG,TT,NN,TT,CC,CT,GG,GG,AA,TT,TT,CG,AA,AA,AA,CC,GG,TT,CC,TT,AA,AA,TT,CG,GG,CC,GG,CC,GG,CT,AG,CC,CC,CC,CG,AA,TT,NN,AA,CC,CT,AA,AT,AA,AT,GG,CC,CC,GG,AG,AA,AA,CC,GT,CG,CC,AA,AG,GG,TT,GG,AA,TT,CT,GG,CC,GT,TT,TT,CC,AT,TT,NN,AA,AT,GG,CC,AG,CT,CC,AC,GG,CC,AA,GG,AG,CC,TT,CC,GT,TT,CG,AT,AA,AA,TT,CC,GG,AA,AC,CC,GG,GG,AA,GG,TT,AA,AA,CC,GG,NN,CC,AA,AA,GG,TT,AT,AA,CG,GT,AA,CG,TT,GT,AA,GG,AA,CT,AC,TT,CC,CT,AC,CC,TT,GG,AA,CC,AA,CC,TT,CC,GT,GG,TT,AA,CC,AA,GG,CC,CG,GG,CC,GG,AT,AG,CG,TT,GG,CC,CC,AA,GG,CG,AT,CC,AA,AA,AC,CC,AA,TT,AA,GG,AA,AA,AA,AA,AG,AG,AA,AA,AT,GG,AA,AA,AA,AA,CT,AA,AA,GG,GG,GG,TT,AA,AA,TT,TT,TT,AA,TT,GG,CG,AA,7.13,Resistant,Low,Standard,Early
L0124,Warangal,Telangana,Rabi,Black Cotton,Irrigated,410,26.5,60,AC,TT,GG,AG,GG,CC,TT,AT,CC,CC,AA,CC,CC,TT,TT,GT,GG,TT,TT,AA,CC,GT,GT,CC,TT,CC,TT,TT,GG,AA,CT,CC,AA,CC,GG,GG,GG,GG,GG,CC,TT,CT,AA,GT,AA,AG,TT,TT,CC,AA,GT,AT,AA,GG,CT,TT,AA,AC,GT,AA,AA,TT,TT,AG,TT,AT,CC,GG,CT,GT,AA,GG,AC,AA,GG,AC,AT,GG,TT,TT,GG,GT,GG,CC,AA,GG,AA,AA,CC,TT,CC,TT,CT,TT,GT,GG,TT,CC,TT,CC,CT,GG,AG,AA,TT,TT,CG,AA,AA,AA,CC,GG,TT,CC,TT,AA,AA,TT,CC,AG,CC,GG,CT,GG,CT,AG,CC,CC,CC,CC,AA,GT,CC,AA,CC,CC,AG,TT,AA,AT,GG,CC,CC,GG,AA,AA,AA,AC,GT,CG,CC,AG,AA,GG,GT,GG,NN,TT,CT,GG,AC,GT,TT,TT,CC,AA,TT,TT,AT,TT,GG,CC,AG,CC,AC,CC,GG,CC,AA,GG,GG,CC,GT,CC,GT,TT,CG,TT,AA,AA,TT,CC,GG,AC,CC,CC,GG,AG,AC,GG,TT,AC,AA,CC,GG,AT,CC,AA,AA,GG,TT,TT,AT,CG,GT,AT,CC,AT,TT,AA,GG,AA,TT,AA,TT,CC,TT,AC,CC,TT,GG,AG,CG,AA,CC,TT,CT,TT,GG,TT,AA,AC,GG,GG,CC,CG,GG,CG,GG,AA,AA,CG,TT,AG,CG,GG,AA,GG,CC,AT,CC,AA,AA,AC,CC,CC,AT,AA,GG,AT,AA,CC,AA,GG,GG,AA,AA,TT,CG,AC,AA,AC,AA,CT,AA,AA,GG,GG,GG,TT,AA,AG,GT,TT,TT,AA,TT,GG,CG,AA,8.23,Susceptible,Low,Poor,Medium
L0125,Warangal,Telangana,Rabi,Black Cotton,Irrigated,410,26.5,60,AC,CT,AG,AG,GG,CG,GG,AT,CC,CC,AA,CC,CG,TT,TT,GG,GG,TT,AT,AG,GG,TT,GT,TT,TT,CC,TT,AT,GT,AA,TT,CC,AA,CC,GG,GG,GG,CC,GG,CC,TT,CT,AA,GT,AG,GG,TT,AT,CC,AC,GT,AA,AA,GG,CT,GT,AA,AA,GT,NN,AA,TT,AT,GG,TT,AA,CC,GG,TT,GG,AG,GT,CC,AA,AG,AC,AA,GG,GT,TT,GG,GG,GG,CC,AT,GG,AG,AA,CC,GG,CC,GT,CT,TT,GT,GG,TT,CC,TT,CC,CC,CG,AG,AA,TT,TT,CC,AA,AG,AA,CT,GG,TT,CC,TT,AC,AA,TT,CC,GG,CC,AG,CT,TT,TT,AG,CT,CC,CC,CC,AA,TT,CC,AA,CC,CC,AA,TT,AA,AT,GG,CC,CC,AG,AG,AG,AA,CC,GT,CC,CC,AA,AG,AG,TT,GG,AA,TT,CT,GG,AC,TT,TT,TT,CC,AA,GT,TT,AT,TT,GG,CC,AA,TT,AC,CC,GG,CC,AA,GG,AA,CC,TT,CC,GT,TT,CG,TT,AA,AA,TT,CC,GG,AA,AC,CG,GG,GG,AA,GG,CT,AC,AA,CC,GG,AT,AC,AT,AA,GG,TT,AT,AT,GG,GT,AT,CG,AT,TT,AA,NN,AA,TT,AA,TT,CC,TT,CC,CC,TT,CC,AA,CC,AG,CC,TT,CT,GG,GG,TT,AA,AC,AA,GG,CC,CG,GG,CC,GG,AT,AA,GG,GT,GG,CC,CC,AA,AG,CC,AT,CC,AA,AA,AC,CC,CC,TT,AA,CG,AA,AA,AA,AA,AG,AA,AG,AA,TT,GG,AA,AG,CC,AA,CT,NN,AA,GG,GG,GG,TT,AA,AA,TT,TT,TT,AG,AA,GG,GG,AA,6.81,Susceptible,High,Standard,Late
L0126,Warangal,Telangana,Rabi,Black Cotton,Irrigated,410,26.5,60,CC,TT,AG,AG,GG,CC,GT,TT,CC,GG,AA,CC,GG,TT,GT,GG,CG,TT,TT,AA,CC,TT,GT,CC,TT,CC,TT,TT,GG,AC,TT,CC,AA,CC,GG,GG,GG,CG,GG,CC,TT,TT,AA,TT,AG,GG,TT,TT,CC,AC,GG,AA,AG,GG,CC,TT,AA,AA,GG,AA,AA,GT,TT,AA,TT,AT,CC,GG,TT,GG,AA,GG,CC,AA,GG,AC,AT,GG,TT,TT,AG,GG,GT,AC,AA,GG,AA,AA,CG,GT,CC,TT,CC,AT,TT,AG,CT,CC,TT,CC,CC,CC,GG,AA,TT,TT,CC,AA,AA,AA,CC,GG,TT,CC,TT,AA,CC,TT,CC,AG,CC,GG,CC,GG,TT,AA,CC,CC,CC,CG,AA,GT,CC,AA,CC,CC,AA,AT,AA,AA,GG,CC,CC,GG,AA,AG,AA,CC,GG,CC,CC,AA,AA,GG,TT,AG,AC,GT,TT,GG,CC,TT,GT,TT,CG,AA,GT,TT,AT,TT,GG,CC,AA,CC,CC,CC,GG,CC,AA,GG,AA,CC,TT,CC,GT,TT,GG,TT,AA,AG,TT,CC,CG,AA,CC,CC,GG,GG,CC,GG,TT,AA,AG,CC,GG,AT,CC,AA,AA,GG,TT,TT,AA,GG,GG,AT,CG,AT,GT,AA,GG,AG,CC,AC,TT,CC,TT,AC,CC,TT,GG,AA,CC,AA,CC,TT,TT,GT,GG,TT,AA,CC,AA,NN,CC,CC,GG,CG,GG,AT,AA,CC,TT,AG,CC,CG,AA,AG,CC,AT,CG,AA,AA,CC,CC,AC,TT,AA,GG,AA,AA,AC,AA,GG,AA,AA,AA,TT,CG,AA,AA,CC,AA,TT,AA,AA,GG,AG,GG,TT,AT,AA,TT,TT,TT,AG,AT,CG,GG,AA,8.44,Moderate,Medium,Premium,Late
L0127,Warangal,Telangana,Rabi,Black Cotton,Irrigated,410,26.5,60,AC,TT,GG,AA,CG,CG,GG,TT,CC,CC,AA,CC,CG,TT,TT,TT,GG,TT,TT,AA,CC,GT,GT,CC,TT,CC,GG,TT,GG,AC,TT,CC,AA,CC,GG,GG,GG,CC,GG,CC,TT,TT,AA,TT,AG,GG,TT,AA,CC,AC,GG,AT,AA,GG,CT,TT,AA,AC,GG,AC,AA,TT,NN,GG,TT,AT,CC,GG,TT,GG,AG,GT,AC,AA,GG,AA,AA,GG,TT,TT,GG,GG,GG,CC,AT,GG,AA,AA,NN,TT,CC,TT,CC,TT,GT,GG,CT,CC,TT,CC,CT,CG,AG,AA,AT,TT,CC,AA,AA,AA,CC,GG,TT,CC,TT,AA,AC,TT,CC,AG,CC,GG,CC,TT,NN,AG,CC,CC,CC,CC,AA,TT,CC,AA,CC,CC,AA,TT,AA,AT,CG,CC,CC,GG,AG,AG,AA,AC,GT,CC,CC,AA,AA,GG,GG,AG,AC,NN,TT,AG,CC,TT,GT,CT,CG,AT,TT,TT,AT,TT,GG,CC,AA,CC,CC,CC,GG,CC,AA,GG,AA,CC,TT,CC,GT,GT,GG,AT,AA,AG,TT,CC,CG,AA,CC,CC,GG,GG,AA,CG,TT,AC,AA,CC,GG,AT,AC,AA,AT,GG,TT,TT,AA,GG,GT,AA,CC,AT,GG,AA,GG,AA,TT,AC,TT,CC,TT,AC,CC,CT,GG,AG,CC,AA,AC,TT,CT,GT,GG,TT,AA,AC,AA,GG,CC,CC,GG,CC,GG,TT,AA,CG,TT,AG,NN,CC,AT,GG,CG,AT,CG,AA,AA,CC,CC,AC,AT,AA,GG,AA,AA,AC,AA,AA,AA,AA,AA,TT,GG,AC,AG,AC,AA,CT,AA,AA,GG,GG,GG,TT,AT,AA,GT,TT,TT,AA,TT,GG,GG,AC,5.56,Resistant,Low,Premium,Late
L0128,Warangal,Telangana,Rabi,Black Cotton,Irrigated,410,26.5,60,AC,TT,GG,AG,GG,CC,GG,TT,CC,CC,AA,CC,CC,TT,TT,GG,GG,TT,TT,AA,CC,TT,TT,CT,TT,CC,GT,AT,GT,AA,TT,CC,AA,CC,GG,GG,GG,CG,GG,CC,TT,TT,AA,TT,AA,GG,CT,AT,CC,AA,GG,NN,AA,GG,CC,GT,AA,AA,GG,AA,AA,GT,AT,AA,TT,AT,CC,GG,TT,GT,AA,GG,CC,AA,GG,AA,AT,AG,GT,TT,GG,TT,GG,CC,AA,GG,AA,AA,CG,GT,CC,TT,CC,TT,TT,GG,TT,AC,GT,NN,CT,CC,AG,AA,TT,TT,CC,AA,AA,AA,NN,GG,GG,CG,TT,AA,AA,TT,CC,GG,CC,GG,CC,GG,TT,AG,CT,CC,CC,CC,AA,TT,AC,AA,CC,CC,AA,TT,AA,AA,GG,CC,CC,GG,AA,AA,AA,AC,GG,CC,CG,AA,AA,GG,TT,GG,AA,TT,TT,GG,AC,TT,GT,TT,CC,AT,TT,NN,AT,AT,GG,CC,AA,CT,AC,CC,GG,CC,AA,GG,AG,CC,TT,CC,GG,GT,GG,TT,AA,AA,GT,CC,GG,AA,AC,CC,GG,GG,AA,GG,TT,CC,AA,CG,GG,AA,AC,AA,AA,GG,TT,AT,AA,CG,GT,AT,CC,AT,TT,AA,GG,AA,NN,AA,TT,CC,CT,AC,CC,TT,NN,AG,CC,AG,AC,TT,TT,TT,GG,TT,AA,CC,AA,GG,CG,CC,GG,CC,GG,TT,AG,CC,TT,GG,CC,CG,AA,AG,CC,AT,CC,AA,AA,CC,CG,NN,AT,AA,GG,AA,AA,CC,AA,AG,AA,AA,AA,TT,GG,AC,AG,CC,AA,TT,AG,AA,GG,GG,GG,TT,AA,AA,TT,TT,TT,AG,TT,GG,GG,AA,4.43,Moderate,Medium,Premium,Early
L0129,Warangal,Telangana,Rabi,Black Cotton,Irrigated,410,26.5,60,AC,CT,GG,AG,GG,CC,GG,AT,CC,CG,AA,CC,CG,AT,TT,GT,CG,TT,TT,AA,CC,GG,TT,CC,AT,CC,GT,AT,GT,AA,TT,CC,AA,CC,GG,GG,GG,CC,GG,CC,TT,TT,AA,TT,AA,AG,TT,AT,CC,AC,GG,AA,AG,GG,CT,GG,AA,AA,TT,AA,AG,TT,AT,AG,TT,TT,CT,GG,TT,GT,AG,GT,CC,AA,GG,AA,AT,GG,TT,TT,GG,GG,GT,NN,AA,GG,AA,AA,CC,TT,AC,TT,CT,TT,TT,GG,TT,CC,TT,CC,CC,GG,NN,AA,TT,TT,CG,AA,AG,AA,CT,GG,GT,CC,TT,AC,NN,TT,CC,AG,CG,GG,CT,GT,TT,AA,CC,CC,CC,CC,AA,TT,CC,AA,CC,CC,AA,TT,AA,AA,GG,CC,CC,GG,AA,GG,AA,CC,GT,CC,CC,AA,NN,GG,TT,GG,AA,GT,CT,AG,CC,GT,TT,TT,CC,AT,TT,CT,AA,AA,GG,CC,AG,CC,CC,CC,GG,AC,AA,GG,AG,AC,TT,CC,GG,TT,CG,AT,AA,AG,TT,CC,GG,AA,CC,CC,GG,GG,AC,GG,TT,AA,AG,CC,GG,AT,CC,AA,AA,GT,TT,AT,AT,CG,GG,AA,CC,TT,GT,AA,GG,AA,TT,AA,TT,CC,CT,AA,CC,TT,GG,AG,CC,AA,AC,TT,TT,TT,GG,AT,AA,NN,AG,GG,CC,CC,GG,CC,GG,TT,AA,CC,TT,GG,CC,CC,AA,GG,CC,AA,CG,AA,AA,AC,CC,NN,TT,AA,GG,AT,AA,AA,AA,GG,AG,AA,AA,TT,GG,AC,AG,AC,AC,TT,AA,AA,GG,GG,GG,TT,AA,AA,GT,TT,TT,AA,TT,GG,GG,AA,6.64,Moderate,Low,Standard,Late
L0130,Warangal,Telangana,Rabi,Black Cotton,Irrigated,410,26.5,60,AC,CT,AG,AG,GG,CC,TT,AT,CC,CC,AA,CC,CC,TT,TT,GG,GG,TT,TT,AA,CC,TT,GG,CT,TT,CC,GT,AT,GG,AA,TT,CC,AA,CC,GG,GG,GG,CC,GG,CC,TT,TT,AA,TT,GG,AG,CT,TT,CC,AA,GT,AA,AG,GG,CC,GG,AT,AA,GG,AA,AA,GT,AT,AA,TT,TT,CC,GG,TT,GG,AG,GG,CC,AA,AA,CC,AT,AG,TT,TT,GG,GG,GG,CC,AT,GG,AA,AA,CC,GT,CC,TT,CC,TT,TT,GG,CT,CC,TT,CC,CC,CG,AG,AA,AT,TT,CC,AA,AG,AA,CT,GG,NN,CG,GT,AA,AA,TT,CC,GG,CC,GG,CC,TT,CT,AA,CT,CG,AC,CC,AA,TT,CC,AA,CC,CT,AA,TT,AA,AA,GG,CC,CC,GG,AG,AA,AA,CC,GG,CC,CG,AG,AA,GG,TT,GG,AC,TT,CT,GG,CC,GT,TT,TT,CC,AA,GT,TT,AA,TT,GG,CC,AG,CT,CC,CC,GG,CC,AA,GG,AG,CC,TT,CC,GT,TT,GG,AT,AA,AA,TT,CC,GG,AA,NN,NN,GG,GG,AC,GG,TT,AC,AA,CC,GG,AA,CC,AA,AT,GG,GT,TT,AA,GG,GG,AT,CC,AT,GT,NN,GG,AA,TT,AC,TT,CC,TT,CC,CC,TT,GG,AG,CC,AG,CC,TT,TT,GT,GG,TT,AA,CC,AG,GT,CC,CG,GG,CC,GG,TT,AG,CC,GT,GG,CC,CC,AA,AG,CC,AA,CC,AA,AA,AC,CG,AC,TT,AA,GG,AA,AA,AC,NN,AA,GG,AG,AA,TT,GG,AC,AG,AC,NN,TT,AA,AA,GG,GG,GG,TT,AA,AA,TT,TT,AT,AG,TT,GG,GG,AA,4.91,Susceptible,Medium,Standard,Medium
L0131,Warangal,Telangana,Rabi,Black Cotton,Irrigated,410,26.5,60,AA,TT,GG,AG,GG,CC,GG,AT,NN,CG,AA,CT,CG,AT,TT,GG,CG,TT,TT,AA,CC,GT,GT,CC,TT,CC,TT,TT,GG,AA,TT,CT,AA,CC,GG,CG,GG,CC,GG,CC,TT,TT,AA,TT,AA,AG,TT,AT,CC,CC,GG,AA,AG,GG,CC,GT,AA,AC,GT,AA,AA,TT,TT,AA,TT,AT,CC,GG,CT,GG,AA,GG,CC,AA,GG,CC,AA,GG,TT,TT,GG,GG,GG,CC,AA,GG,AA,AA,CC,TT,AC,TT,CT,TT,TT,GG,TT,CC,TT,CT,CT,CG,AG,AA,TT,GT,CC,AA,AA,AA,CC,GG,TT,CC,TT,AA,AA,TT,CG,GG,CG,GG,CC,GT,TT,AA,CC,CC,CC,CC,AG,TT,CC,AC,CC,CC,AA,TT,AA,AA,GG,CC,CC,GG,AG,AA,AA,CC,TT,CC,CC,AA,NN,GG,TT,AG,AA,TT,TT,GG,CC,GT,TT,TT,GG,AA,TT,TT,AA,AT,GG,CC,AG,CT,CC,CC,CG,AC,AA,GG,AA,NN,TT,CG,TT,TT,GG,AT,AA,AA,TT,CC,GG,AA,AC,CC,GG,GG,AA,GG,TT,AC,AG,CC,GG,AT,CC,AA,AA,GG,TT,AT,NN,GG,GG,AA,CC,AT,GT,AA,GG,AA,TT,AA,TT,CC,TT,AA,CC,CT,CG,AG,CG,AG,CC,TT,CT,GT,GG,TT,AC,AC,AG,GG,CC,CC,GG,CC,GG,TT,AG,CC,GT,GG,CC,CG,AA,AG,CC,AT,CC,AA,AA,CC,CC,NN,TT,AA,GG,AA,AA,AA,AA,AA,AG,AG,AA,TT,GG,AA,AA,AA,AA,CT,AA,AG,CG,GG,CG,TT,AA,NN,TT,NN,TT,AA,AT,GG,GG,AC,7.94,Resistant,Medium,Standard,Late
L0132,Warangal,Telangana,Rabi,Black Cotton,Irrigated,410,26.5,60,AC,TT,GG,AA,GG,CC,GT,AT,CC,CG,AA,CT,CC,AT,TT,GG,GG,TT,AT,AG,CC,TT,GT,CC,TT,CC,TT,TT,NN,AA,TT,CC,AA,CC,AG,GG,GG,CG,GG,CC,TT,CT,AA,TT,AG,AG,TT,TT,CG,AC,GG,AA,AG,GG,NN,TT,AA,AA,GG,AA,AA,TT,NN,AA,TT,AT,CC,NN,TT,GG,AA,GG,CC,AA,GG,AA,TT,GG,GT,TT,GG,GG,GT,CC,AA,GG,AA,AA,CC,GT,CC,TT,CC,TT,TT,GG,TT,CC,GG,CC,CC,CC,AG,AA,TT,TT,CC,AA,AG,AC,CC,GG,TT,CG,TT,AA,AA,TT,CC,GG,CC,GG,CC,GG,TT,NN,CC,CC,CC,CC,AA,GT,CC,AA,CC,CC,AA,TT,AA,AT,CG,CC,CC,GG,AA,AA,AA,AC,GG,CC,CC,AA,AA,AG,TT,GG,AC,TT,TT,AG,CC,TT,TT,TT,CG,AT,TT,TT,AA,TT,GG,CC,AA,CC,CC,CC,CC,AC,AA,GG,GG,CC,TT,CC,GT,GT,GG,AA,AA,AA,TT,CC,GG,AA,CC,CC,CG,GG,AC,GG,CT,AA,AA,CC,GG,AA,CC,AT,TT,GT,TT,AT,AT,CG,GT,AA,CC,AT,GG,AA,GG,AA,CC,AA,TT,CC,TT,AA,CC,TT,GG,AA,CC,AG,AC,TT,TT,GT,GG,TT,AA,CC,AA,GG,CC,CC,GG,CC,GG,TT,AA,CC,TT,GG,CC,CC,AA,GG,CG,AA,CC,AA,NN,AA,CG,AC,AT,AA,CG,AA,AA,AC,AA,GG,AA,AG,AA,AT,GG,AA,AG,AC,AA,CT,AA,AG,CG,GG,GG,TT,AA,NN,GT,TT,TT,AA,TT,GG,GG,AA,5.8,Resistant,Low,Poor,Early
L0133,Warangal,Telangana,Rabi,Black Cotton,Irrigated,410,26.5,60,NN,TT,GG,AG,GG,CG,GG,AT,CC,CG,AA,CC,CG,TT,GT,NN,GG,TT,TT,AG,CC,TT,GT,CC,TT,CT,TT,AT,GT,AA,TT,CC,AA,CC,NN,GG,GG,CC,GG,AC,TT,CT,AC,TT,AA,AG,TT,TT,CC,AC,GG,AT,AA,GG,CC,GT,AT,AA,GG,AA,AA,TT,AT,AA,TT,TT,CC,GG,TT,GT,AA,GG,CC,AA,GG,AC,AT,GG,GT,TT,GG,GG,GG,CC,AA,GG,AA,AA,CC,TT,CC,TT,CT,TT,TT,AG,TT,CC,TT,CT,CT,CC,AG,AA,AT,GT,GG,AA,AG,AA,CC,GG,GT,CG,TT,AA,AC,AT,CC,GG,CC,GG,CC,GG,CT,AA,CC,CC,NN,NN,AA,TT,CC,AA,CC,CC,AA,TT,AA,AA,GG,CC,CC,AA,AA,GG,AT,CC,GT,CC,CC,AG,AA,GG,GT,GG,AC,TT,CT,GG,AC,GG,GT,TT,CC,AA,TT,TT,AA,AT,CG,CC,AA,CC,CC,CC,GG,CC,AA,GG,AG,CC,TT,GG,GT,TT,GG,AT,AA,AA,TT,CC,GG,AC,AC,CG,GG,AG,AC,GG,TT,CC,AA,CC,GG,AA,NN,AA,AT,GT,TT,AT,AT,GG,GT,AA,CG,AT,GT,AA,GG,AA,CT,AA,TT,CC,TT,AA,CC,CT,GG,GG,NN,AA,CC,TT,CT,TT,GG,NN,AA,AC,AG,GG,CC,CC,GG,CC,GG,TT,AA,CC,GT,GG,CG,CG,AA,GG,CC,AA,CC,AA,AA,CC,CG,CC,NN,AA,GG,AT,AC,AC,AA,GG,AA,AA,AG,TT,GG,AC,AA,AC,AA,CT,AA,AA,GG,GG,GG,TT,AT,AG,TT,TT,TT,AA,TT,GG,CG,AA,6.5,Susceptible,Low,Poor,Early
L0134,Warangal,Telangana,Rabi,Black Cotton,Irrigated,410,26.5,60,CC,CT,AG,AG,GG,CC,GT,TT,CC,CG,AA,CT,CC,TT,TT,GT,GG,TT,TT,AA,CC,TT,TT,CC,AT,CC,TT,TT,GG,AA,CT,CC,AA,CC,GG,CC,GG,CG,GG,CC,TT,TT,AA,TT,AG,AG,CT,TT,CC,AC,GG,AA,NN,GG,CC,TT,AA,AC,GT,CC,AG,GT,AT,AA,TT,AT,CC,GG,TT,GG,GG,GG,CC,AA,GG,AC,AA,GG,TT,TT,GG,GG,GT,CC,AA,GG,GG,AT,CC,GT,NN,TT,CC,TT,TT,GG,TT,CC,GT,CT,CC,CC,AG,AG,AT,GT,CC,AA,AA,AA,CT,GG,GT,CG,TT,AC,AA,TT,CC,AG,CC,GG,CT,GG,TT,AA,CC,CC,CC,CC,AA,TT,NN,AA,CC,CC,AA,TT,AG,NN,GG,CC,CC,GG,AA,AG,AA,AC,GT,CC,CC,AA,AG,GG,TT,GG,CC,TT,CT,NN,CC,TT,TT,CC,CC,AA,TT,TT,AA,TT,GG,CC,AG,CT,CC,NN,GG,CC,AA,GG,AG,CC,TT,CC,GT,TT,GG,TT,NN,AA,GT,NN,GG,AA,CC,CC,GG,GG,AA,GG,TT,AA,AG,CC,GT,AT,CC,AA,AA,GG,GT,AT,AT,CG,GT,AT,CC,TT,TT,AA,GG,AG,CT,AA,TT,CG,TT,AA,CC,TT,GG,AA,CC,AA,CC,TT,TT,TT,GG,TT,AA,CC,AA,GG,CC,CC,GG,CC,GG,AT,AA,CC,TT,GG,CC,CC,AA,GG,CC,AA,CC,AA,AG,AC,CG,CC,TT,AA,CG,AA,AA,AC,AC,AG,AA,GG,AA,TT,GG,AA,AA,AC,AA,TT,AA,AA,GG,GG,GG,TT,AA,AA,TT,TT,TT,AA,AT,GG,GG,AA,7.95,Susceptible,High,Poor,Early
L0135,Warangal,Telangana,Rabi,Black Cotton,Irrigated,410,26.5,60,NN,TT,GG,GG,NN,CC,GG,AT,CC,NN,AA,CC,CC,AT,TT,GG,GG,TT,TT,AG,CC,TT,TT,CT,TT,CC,GT,TT,GT,AA,TT,CC,AA,CC,GG,GG,GG,CG,GG,CC,GT,CT,AA,TT,AG,AG,TT,AT,CC,CC,GG,AA,AA,GG,CT,TT,AA,AA,TT,CC,AA,TT,AT,AA,CT,AT,CC,GG,TT,GT,AG,GG,CC,AA,GG,AA,AT,GG,TT,TT,GG,GT,GT,CC,AA,GG,AA,AT,CC,GT,CC,TT,CC,AT,TT,GG,CT,CC,GG,CC,CT,CC,GG,AA,AT,TT,CG,AG,AG,AA,CT,GG,TT,CC,TT,AA,AA,AT,CC,NN,CG,GG,CC,GT,TT,AG,CC,CC,CC,CC,AA,TT,AC,NN,CC,CC,AA,TT,AG,AT,GG,CC,CC,GG,AA,AG,AA,CC,GG,CG,CC,AA,AA,GG,TT,AG,AA,GT,CT,GG,AA,TT,TT,TT,CG,AA,TT,TT,AA,TT,GG,CG,AA,CC,CC,CC,CG,CC,AA,GG,AA,CC,TT,CC,TT,GT,GG,TT,AG,AA,TT,CC,GG,AC,AC,CC,GG,GG,AC,GG,TT,AA,AA,CC,GG,AT,AC,AA,AA,GG,TT,TT,AT,CG,GG,AA,CC,TT,TT,AA,GG,AA,TT,AA,TT,CC,TT,AA,AC,CT,GG,AA,CG,AG,CC,TT,CT,GG,GG,TT,AA,CC,AG,GT,CC,CC,GG,CC,GG,AT,AA,CC,GT,GG,CC,CC,AA,AG,GG,AA,CC,AA,AA,CC,CC,CC,TT,AA,GG,AA,AA,AC,AA,AA,AG,AA,AA,AT,GG,AA,AA,AC,AA,CC,AA,AG,GG,GG,GG,TT,AT,AG,TT,TT,TT,AG,AT,GG,NN,AA,7.02,Resistant,Low,Poor,Medium
L0136,Warangal,Telangana,Rabi,Black Cotton,Irrigated,410,26.5,60,AC,TT,GG,AG,GG,CC,TT,TT,CC,CG,AA,CC,NN,TT,GT,GG,CG,TT,TT,AA,CC,GT,TT,CC,AT,CC,GT,AT,GG,AA,TT,CC,AG,CC,AG,CG,GG,GG,GG,AC,TT,TT,AC,TT,AA,GG,CT,AA,CC,AC,GT,AA,AG,GG,CC,TT,AA,AA,GT,AA,AA,TT,TT,AG,TT,TT,CC,GG,TT,GG,GG,GG,CC,AG,GG,AC,AT,GG,GT,TT,GG,TT,GG,CC,AA,GG,AA,AA,CC,GT,CC,TT,CT,TT,GT,GG,CT,AC,NN,CC,CC,CC,AG,AG,TT,TT,CG,AA,AG,AA,CC,GG,TT,CC,TT,AA,AA,TT,CC,AG,CG,GG,CC,GG,CT,AG,CT,CC,CC,CC,AG,TT,CC,AA,CC,CC,AA,TT,AA,AA,GG,CT,NN,GG,AA,AA,AA,CC,GT,CC,CC,AG,AG,AG,GT,GG,AA,TT,CT,GG,CC,TT,GG,TT,CC,AA,TT,CT,AT,NN,CG,CC,AA,CC,CC,CC,CG,AC,AT,GG,AA,CC,TT,CC,GT,TT,CG,TT,AA,AA,TT,CC,GG,AC,CC,CC,GG,AG,AC,GG,TT,AC,AA,CC,GG,AA,CC,AA,TT,GT,TT,AT,AT,GG,TT,AA,CC,TT,TT,AA,GG,AA,CT,AA,TT,CC,TT,AA,CC,TT,GG,AA,CC,AA,AC,TT,TT,TT,GG,TT,AC,CC,AG,GT,CC,GG,GG,CC,GG,TT,AA,CG,TT,AG,CC,CC,AT,GG,CG,AT,CC,AA,AA,AC,GG,AC,TT,AA,GG,AA,AC,AC,AC,AG,AG,AA,AA,TT,CG,AA,AG,AA,AA,CT,AG,AG,GG,GG,GG,GT,AA,AA,GT,AT,TT,AG,TT,GG,GG,AC,7.85,Moderate,Low,Premium,Medium
L0137,Warangal,Telangana,Rabi,Black Cotton,Irrigated,410,26.5,60,CC,TT,GG,AA,GG,CC,GT,TT,CC,CC,AA,CC,CC,TT,TT,GG,GG,TT,TT,AA,CG,GT,NN,CC,TT,CC,TT,AT,GT,AA,CT,CT,AA,CC,GG,GG,GG,CC,GG,CC,TT,CT,AA,TT,AG,AG,TT,TT,CC,CC,TT,AT,AA,NN,CT,TT,AA,AA,GT,AC,AA,TT,AT,AG,TT,AT,CC,GG,TT,GG,AA,GG,CC,AA,GG,CC,AT,GG,TT,TT,GG,GT,GG,CC,AA,GG,AA,AT,CC,GT,CC,TT,CC,TT,TT,AG,TT,CC,GT,CC,CC,CG,AG,AA,TT,TT,CC,AA,AA,AA,CC,GG,TT,CC,GT,AC,AA,TT,CC,AA,CG,AG,CC,TT,TT,AA,CC,CC,CC,NN,AA,TT,CC,AA,CC,CC,AA,TT,AA,TT,GG,CC,CC,GG,AG,AA,AA,CC,GT,CC,CC,AA,GG,AG,TT,AG,AC,GT,CC,GG,CC,TT,TT,TT,CC,AT,TT,TT,AT,TT,GG,CC,AA,CT,AC,CC,GG,CC,AA,GG,AG,CC,TT,CC,GG,TT,GG,AA,AA,AA,TT,CC,GG,CC,CC,CC,GG,GG,CC,GG,TT,AA,AA,CC,GG,AT,CC,AA,AT,GG,TT,AT,AA,GG,TT,AT,CC,AT,TT,AT,GG,AA,TT,AA,TT,NN,TT,AA,CC,CT,GG,AG,CC,GG,AC,TT,CT,TT,GG,AT,AC,AA,AA,GG,CC,CG,GG,CC,GG,AT,AA,CG,TT,GG,CG,CC,AA,GG,CC,AT,CC,AA,AA,AC,CG,CC,TT,AA,GG,AA,AC,CC,AA,AA,GG,AA,AA,AT,GG,AC,AA,AA,AC,CC,AG,AG,GG,GG,NN,GT,AA,AG,TT,TT,TT,AA,TT,GG,GG,AA,4.83,Moderate,Medium,Poor,Late
L0138,Warangal,Telangana,Rabi,Black Cotton,Irrigated,410,26.5,60,AC,TT,GG,AG,GG,CC,NN,TT,CC,CC,AA,CC,CC,AT,GT,GG,GG,TT,TT,AA,CC,TT,TT,CT,TT,CC,GT,TT,GG,AA,TT,CC,AA,CC,GG,CG,GG,CG,GG,CC,TT,CC,AA,TT,AA,GG,TT,AT,CC,AC,GG,AT,AA,GG,CC,TT,AA,AA,GT,AA,AA,TT,TT,AA,TT,AT,CC,GG,CT,GG,AG,GG,CC,AA,AA,AA,AA,GG,TT,TT,GG,GT,GG,NN,AA,GG,AA,AA,CC,GT,AC,TT,CC,TT,TT,AG,CT,CC,TT,CC,CC,CC,AG,AA,AT,TT,CC,AA,AG,AC,CC,GG,TT,CC,TT,AA,AC,TT,CG,GG,CG,GG,CC,GT,CC,AA,CC,CC,AC,CC,AA,TT,AC,AA,CC,CC,AA,AT,AA,AA,GG,CC,CC,GG,AA,AA,AA,AC,GG,CC,CC,AA,AA,GG,TT,AG,AA,TT,CC,AG,AC,TT,GT,TT,CC,AA,GT,TT,TT,NN,GG,CC,AA,CC,CC,AC,GG,CC,AA,GG,AG,CC,TT,CC,TT,TT,GG,TT,AA,AA,TT,CC,GG,AA,AA,CC,GG,GG,AC,GG,TT,CC,AA,CC,GG,AT,CC,AA,AA,GG,TT,TT,AT,CG,GT,AT,CG,AT,GT,AA,GG,AA,TT,AC,TT,CC,TT,AC,CC,TT,GG,AG,CG,AG,AC,TT,TT,GT,GG,NN,AA,CC,AA,GG,CC,CG,GG,CC,GG,AT,AA,CC,GT,GG,CC,CC,AA,AG,CC,AT,CC,AA,AA,CC,CC,CC,TT,AA,NN,AA,AA,AC,AA,GG,AA,AA,AA,AT,CG,AA,GG,CC,AC,CT,AA,AA,GG,GG,CG,TT,AA,AA,GT,TT,TT,AG,TT,GG,CG,AC,7.1,Resistant,Low,Standard,Medium
L0139,Warangal,Telangana,Rabi,Black Cotton,Irrigated,410,26.5,60,AA,CT,GG,AG,GG,CG,GT,TT,CC,CG,AA,CC,CG,TT,TT,GT,GG,TT,TT,AA,CC,TT,TT,CC,TT,CC,TT,TT,GG,AA,TT,CC,AA,CC,GG,GG,GG,CC,GG,CC,TT,CT,AA,TT,AA,AA,CT,TT,CC,CC,GG,AA,AG,GG,CC,GT,AA,AC,GT,AC,AG,TT,TT,NN,TT,TT,CT,GG,TT,GG,GG,GT,CC,AG,GG,AA,AT,GG,GT,TT,AG,GT,GG,CC,AA,GG,AA,AA,CC,GG,CC,GT,NN,TT,GT,GG,TT,CC,GT,CC,CC,CC,AA,AG,TT,TT,CC,AA,AG,AC,TT,GG,TT,CC,GT,AA,AA,TT,CG,GG,CC,GG,CC,GT,TT,AA,CT,CC,AC,CC,AA,TT,CC,AA,CC,CC,AA,TT,AG,AA,GG,CC,CC,GG,AA,AG,AA,CC,GG,CG,CC,AA,AG,AG,TT,GG,AA,GT,TT,AG,AC,GG,TT,TT,CC,AA,GT,TT,AT,TT,GG,CC,AG,TT,CC,CC,CG,CC,AA,GG,AA,CC,TT,CC,GT,GT,GG,TT,AG,AA,TT,AC,GG,NN,CC,CC,GG,GG,AA,GG,TT,AA,AA,CC,GG,AA,AA,AA,AT,GG,TT,AT,AA,CG,GT,AA,GG,TT,TT,AA,GG,NN,CT,CC,TT,CC,CT,AA,CC,TT,NN,AA,CG,AG,AC,TT,TT,GG,NN,TT,AA,AC,AA,GG,CC,CG,NN,CC,GG,NN,AG,CC,TT,AG,CC,CC,AA,AG,CG,AA,CC,AA,AA,CC,CG,CC,TT,AG,GG,AA,AA,AA,AA,GG,AG,AG,AA,AT,NN,AA,AA,CC,AA,TT,AA,AA,GG,GG,GG,TT,AA,AA,GT,TT,TT,AA,TT,GG,CG,AA,7.06,Susceptible,High,Poor,Medium
L0140,Warangal,Telangana,Rabi,Black Cotton,Irrigated,410,26.5,60,AA,TT,GG,AA,GG,CC,GG,TT,CC,CC,AA,CC,CG,AT,TT,GT,CG,TT,TT,AA,CC,GG,GT,CC,TT,CC,TT,AT,NN,AA,TT,CC,AA,CC,AG,CG,GG,CG,GG,CC,TT,CT,AC,TT,NN,AG,TT,TT,CC,AC,GG,AA,AA,GG,CC,GG,AA,AA,TT,AA,AA,TT,TT,AG,TT,AT,CC,GG,TT,GG,AA,GG,CC,AA,GG,CC,AT,GG,TT,TT,GG,GG,GG,CC,AA,GG,AA,AA,CC,GT,AC,TT,CC,AT,TT,AG,TT,CC,GT,CC,CT,CG,AA,AG,TT,TT,CC,AG,AA,AA,CC,GG,GT,CG,GT,AA,AA,TT,CC,AG,CC,GG,CC,GT,TT,AG,CT,CC,CC,CC,AA,TT,CC,AA,CC,CC,AA,TT,AG,AA,NN,CC,CG,GG,NN,GG,AT,CC,GT,CC,CC,AA,AG,GG,TT,AG,AA,GT,CT,GG,AA,TT,TT,TT,CC,AA,GT,TT,AA,TT,CG,CC,AA,TT,CC,CC,CG,CC,AA,GG,AG,NN,TT,CC,GG,TT,CG,AA,AA,AA,TT,CC,GG,AA,CC,CC,GG,GG,CC,CG,TT,AC,AA,CC,GG,AA,CC,AA,AA,GG,TT,AA,AA,GG,TT,AA,CG,TT,TT,AA,GG,AA,CT,AA,TT,CG,CT,AC,CC,CT,CG,AG,CG,AA,CC,TT,TT,TT,GG,TT,AC,AC,AA,GG,CC,CC,GG,CC,GT,AT,AA,CC,GT,GG,CC,CC,AA,GG,CC,AA,CC,NN,AA,CC,CG,AC,TT,AA,GG,AA,AA,AA,AA,AA,AA,AG,AA,TT,CG,AA,AG,CC,AA,NN,AA,AG,GG,GG,GG,TT,AA,AA,GT,TT,TT,AA,AT,GG,GG,AA,6.89,Susceptible,High,Poor,Late
L0141,Warangal,Telangana,Rabi,Black Cotton,Irrigated,410,26.5,60,AA,TT,GG,AG,GG,CC,GG,TT,CC,CC,AT,CC,CG,TT,TT,GG,CG,TT,NN,AA,CC,TT,GT,CC,TT,CC,TT,TT,GG,AA,TT,CT,AA,CC,GG,CG,GG,CC,GT,CC,TT,CT,AA,TT,GG,GG,TT,TT,CC,AC,GG,AA,AA,GG,CC,TT,AT,CC,GG,AC,AA,TT,AT,AG,TT,AT,CC,GG,TT,GG,AA,GG,CC,AA,AG,AC,AA,GG,TT,TT,GG,GG,GT,CC,AA,GG,AA,AA,CC,GT,AC,TT,CC,TT,TT,GG,TT,CC,GT,CC,CC,CC,AA,AA,AT,TT,CC,AA,AA,AA,CC,GG,TT,CC,TT,AC,AA,TT,CG,GG,CC,GG,CC,GG,TT,AA,CT,CC,AC,CC,AA,TT,AC,AA,CC,CC,AA,TT,AA,AA,GG,CT,CG,GG,AG,AG,AA,CC,GT,CG,CC,AA,AG,GG,TT,GG,AC,TT,CT,GG,AC,GT,GT,TT,CG,AA,TT,TT,AA,TT,GG,CG,AA,CT,CC,CC,CG,CC,AA,GG,AA,CC,TT,CG,TT,TT,GG,TT,AA,AA,TT,CC,CC,AC,CC,CC,GG,GG,AC,GG,TT,AA,AA,CC,GT,AT,CC,AA,TT,GG,TT,AT,TT,GG,GG,TT,CG,AT,TT,AA,GG,AA,TT,AA,TT,CC,CT,AA,CC,TT,GG,AG,CC,AA,CC,TT,TT,GT,GG,TT,AA,CC,AA,GG,CC,CG,GG,CC,GG,AT,AA,CC,TT,GG,CC,CC,AA,NN,CC,AA,CC,AT,AA,AC,CG,CC,AT,AA,GG,AA,AA,AC,AA,GG,AG,AA,AA,TT,GG,AC,AA,CC,AA,TT,AA,AA,GG,GG,GG,TT,AA,AG,GT,TT,TT,AG,TT,GG,GG,AA,5.66,Moderate,Medium,Poor,Medium
L0142,Warangal,Telangana,Rabi,Black Cotton,Irrigated,410,26.5,60,AA,TT,GG,AA,CG,CC,GG,TT,CC,CC,AA,CT,CG,TT,TT,GG,GG,TT,TT,AG,CC,GT,GT,CC,NN,CC,GT,TT,GG,AA,TT,CC,AA,NN,GG,GG,GG,CC,GG,CC,TT,TT,AA,TT,AA,AA,TT,TT,CC,CC,GG,AA,AA,GG,CC,TT,AA,CC,GG,AA,AA,TT,TT,AA,TT,AT,CC,GG,TT,GG,AA,GT,AC,AG,GG,AA,AA,GG,TT,TT,GG,TT,GT,CC,AA,GG,AA,AA,CC,TT,CC,TT,CT,AT,TT,GG,TT,CC,GT,CC,CT,CC,AG,AA,TT,TT,CG,AA,AA,AA,NN,GG,TT,CC,TT,AA,AA,TT,CC,AG,CG,AG,NN,GG,CT,AG,CC,CC,CC,CC,AA,TT,CC,AA,CC,CT,AA,AT,AA,AA,GG,CC,CC,GG,AA,AA,AA,CC,GG,CC,CC,AA,AG,NN,TT,GG,AC,TT,TT,GG,CC,GT,GT,TT,CC,AA,TT,TT,AA,TT,CC,CC,AA,CC,CC,CC,GG,CC,AA,AG,NN,AC,TT,CC,TT,GT,GG,AT,AA,GG,TT,CC,CG,AA,CC,CC,GG,GG,AA,GG,TT,AA,AG,CC,GG,AA,AC,AA,AT,NN,TT,AT,AA,GG,GT,AA,GG,TT,TT,AA,AG,AA,NN,NN,TT,CC,TT,AA,CC,CT,GG,GG,CC,AA,CC,TT,CT,GT,GG,TT,AA,CC,AA,GG,CC,CC,GG,CC,GG,AT,AA,CC,TT,GG,CC,CC,AA,GG,CC,TT,CC,AA,AA,CC,CG,CC,AT,AA,GG,AA,AA,AC,AC,GG,AA,AG,AA,AT,GG,AC,NN,NN,AC,CC,AA,AA,GG,GG,GG,TT,AA,NN,TT,TT,TT,AG,TT,GG,GG,AA,8.59,Susceptible,Low,Standard,Early
L0143,Warangal,Telangana,Rabi,Black Cotton,Irrigated,410,26.5,60,AC,TT,GG,AA,GG,CC,GT,AT,NN,CG,AT,CC,CC,TT,GT,GG,GG,TT,TT,AA,CG,TT,GT,CT,TT,CC,TT,TT,GG,AA,CT,CC,AA,CC,GG,GG,GG,CC,GG,CC,TT,CT,AA,GT,AA,GG,TT,TT,NN,AC,GG,AT,AA,GG,CC,TT,AA,AC,GT,AC,AA,TT,AT,AA,TT,TT,CC,GG,TT,GG,AA,GG,CC,AA,GG,AA,AT,GG,TT,CT,GG,GG,GG,CC,AT,GG,AA,AA,CC,GG,CC,GT,CC,TT,GT,GG,TT,CC,GG,CC,CC,CG,AG,AG,TT,TT,CC,AA,AA,AA,TT,GG,TT,CG,TT,AC,AA,TT,CG,AG,NN,GG,CC,TT,CC,AA,CC,CC,CC,CC,AA,GT,AC,AA,CC,CC,AA,AT,AA,NN,GG,CC,CC,GG,AA,GG,AA,CC,GG,CC,CC,AA,AA,AA,TT,GG,AC,TT,TT,GG,CC,TT,GT,TT,CC,AA,GT,TT,AA,TT,GG,CC,AA,TT,CC,CC,GG,CC,AA,GG,GG,CC,TT,CC,NN,GT,GG,AT,GG,AA,TT,CC,CG,AC,AC,NN,GG,GG,AC,GG,TT,AA,AG,CC,GT,AA,CC,AA,TT,GG,TT,TT,AT,GG,TT,AT,CC,TT,NN,AA,GG,AA,CT,AA,TT,CC,TT,AA,CC,CT,GG,AG,CC,AG,CC,TT,TT,GT,GG,TT,AA,AC,GG,GG,CC,CG,GG,CC,GG,AT,AA,CC,TT,GG,CC,CG,AA,GG,CC,NN,CC,AT,AA,CC,CG,AC,TT,AA,GG,AA,AA,AA,AA,GG,AA,AA,AA,TT,GG,AA,NN,CC,AA,CT,AG,AA,GG,GG,GG,TT,AA,AA,TT,TT,TT,AG,TT,GG,GG,AA,6.97,Resistant,Low,Premium,Late
L0144,Warangal,Telangana,Rabi,Black Cotton,Irrigated,410,26.5,60,AC,TT,AG,AA,GG,CG,GT,TT,CC,CC,AA,CC,CC,TT,GT,GG,GG,TT,TT,AG,CC,TT,GT,CC,TT,CC,TT,TT,GT,AA,TT,CC,AA,CC,AG,CG,GG,CC,GG,CC,TT,TT,AA,GT,AA,AG,TT,TT,CC,AC,GG,AA,AA,GG,CT,TT,AA,AA,GT,AA,AA,GT,AA,GG,TT,AT,CC,GG,TT,GG,AG,GG,CC,AA,GG,AC,AA,AG,TT,NN,GG,GG,GG,CC,AA,GG,AA,AA,CC,GT,CC,TT,CT,TT,GT,GG,TT,CC,GT,CC,CC,CC,AG,AA,TT,TT,CC,AA,GG,AC,CC,GG,TT,CG,TT,AA,AA,TT,CG,GG,CG,AG,CC,GT,TT,AA,CC,CC,CC,CC,AA,TT,CC,AA,CC,CC,AA,TT,AA,AA,GG,CT,CC,GG,AG,AG,AA,CC,GG,CC,CG,AA,AA,AG,TT,GG,AA,TT,TT,GG,AC,GT,GT,TT,CC,AT,TT,CC,AA,TT,GG,CG,AA,CT,CC,CC,CC,CC,AT,GG,AG,CC,TT,CC,GT,NN,GG,AT,AA,AG,TT,NN,CG,AC,CC,CC,GG,GG,AC,GG,TT,AA,AA,CC,GG,AT,CC,AA,AA,GG,GT,TT,AA,GG,TT,AT,CC,AT,TT,AA,GG,AA,CT,NN,TT,CC,TT,AA,CC,CT,CC,AG,CC,AG,AC,TT,TT,GT,GG,TT,AA,CC,AA,GG,CC,CG,GG,CC,GG,AA,AA,CC,TT,GG,CC,CC,AA,GG,CG,AA,CC,AA,AA,CC,GG,AC,TT,AG,GG,AA,AA,AC,AA,GG,AA,AG,AA,TT,GG,AA,AA,CC,AA,CT,AA,AG,GG,GG,GG,TT,AT,AG,TT,TT,TT,AA,AA,GG,GG,NN,5.54,Susceptible,Low,Standard,Early
L0145,Warangal,Telangana,Rabi,Black Cotton,Irrigated,410,26.5,60,AC,TT,GG,AA,GG,CG,GG,AT,CG,CG,AA,TT,CC,TT,TT,NN,CG,TT,TT,AG,CG,TT,TT,CC,TT,CC,TT,TT,GG,AC,TT,CT,AA,AC,GG,GG,GG,CG,GG,CC,TT,CT,AA,TT,AG,AG,TT,TT,CC,AC,GT,AT,AA,GG,CC,GT,AA,AA,GT,AC,AA,GT,TT,AA,TT,AT,CC,GG,TT,GG,GG,GG,CC,AA,AG,AC,TT,GG,NN,TT,GG,GT,GG,NN,AA,GG,AA,AT,CG,TT,CC,TT,CT,TT,TT,GG,TT,CC,TT,CC,CC,CG,AA,AA,TT,TT,CC,AA,AG,AA,CC,GG,GT,CC,TT,AC,AA,TT,CG,AG,CG,GG,CT,GG,TT,AA,CC,CC,CC,CC,AA,TT,CC,AA,CC,CC,AA,AT,AA,AT,GG,CT,CC,GG,AA,AG,AA,CC,GT,CC,CC,AA,AA,AG,TT,GG,AA,GT,TT,GG,CC,TT,GT,TT,CC,AA,TT,TT,AT,TT,GG,CC,AA,NN,CC,CC,CG,AC,AA,GG,AG,CC,TT,CC,GG,TT,GG,AT,AA,AA,TT,CC,GG,AA,CC,CC,GG,GG,AA,CG,TT,AC,GG,CC,GG,AA,AC,AA,AA,GT,TT,AT,AA,GG,GG,AT,CC,TT,GT,AA,GG,AA,CT,AA,TT,CC,TT,NN,CC,TT,GG,AA,CC,AA,CC,TT,CT,NN,GG,AT,NN,CC,AG,GG,CC,CC,GG,CC,GG,TT,AA,CC,TT,GG,CC,CG,AA,AG,CC,AT,CC,AT,AA,AC,CC,CC,TT,AA,GG,AA,AA,CC,AA,AG,GG,AA,AA,TT,GG,AA,AG,AA,AA,CT,AA,AA,CG,GG,CG,TT,AA,AA,TT,TT,TT,AA,NN,GG,GG,AA,6.06,Susceptible,Medium,Premium,Medium
L0146,Warangal,Telangana,Rabi,Black Cotton,Irrigated,410,26.5,60,AA,CT,GG,GG,GG,CC,GT,TT,CC,CG,AT,CC,CC,TT,TT,GG,GG,TT,TT,AA,CC,TT,GT,CC,TT,CC,GT,AT,GG,AA,TT,CT,AG,CC,GG,GG,GG,CC,GG,CC,TT,CC,AC,TT,AG,AG,TT,AT,CC,AA,GG,AA,AA,GG,CC,GT,AA,AC,TT,AA,AG,TT,TT,AA,CT,AT,CC,GG,TT,GT,AG,GG,NN,AA,GG,AA,AT,GG,TT,TT,GG,GG,GT,AC,AA,GG,AA,TT,CC,GT,CC,TT,CT,TT,TT,GG,CT,CC,NN,CC,CT,CC,GG,AA,AT,TT,CC,AA,AG,CC,TT,GG,TT,CC,GT,AA,AC,TT,CC,AG,CC,GG,CC,GT,TT,AA,CC,CC,CC,CC,AA,TT,CC,AA,CC,CT,AA,AT,AA,AA,GG,CC,CC,GG,AG,AA,AA,CC,GG,CC,CC,AG,AG,AG,GT,GG,AA,NN,TT,GG,CC,TT,TT,TT,CC,AA,GT,TT,AA,AT,CG,CC,AA,CT,CC,CC,GG,AA,AA,AG,AG,CC,TT,CC,GG,TT,CG,AT,AA,AA,TT,CC,GG,AA,AC,CC,GG,GG,AA,GG,TT,AC,AA,CC,GG,AA,AC,AA,AA,GG,GT,TT,AA,GG,GT,AA,CG,AA,TT,AT,GG,AA,CT,AA,TT,CC,CT,AA,CC,TT,GG,GG,CG,GG,CC,AT,TT,TT,GG,NN,AC,AC,AA,GG,CC,CC,GG,CG,GG,TT,AA,CG,TT,GG,CG,CC,AT,GG,CG,AT,CC,AA,AA,AA,CC,AA,TT,AA,GG,AA,AA,AC,AA,GG,GG,AA,AA,TT,GG,AA,AA,CC,AA,CT,AA,AA,GG,GG,GG,TT,AA,AG,TT,TT,TT,AA,TT,GG,GG,AA,5.41,Moderate,High,Poor,Late
L0147,Warangal,Telangana,Rabi,Black Cotton,Irrigated,410,26.5,60,AC,TT,GG,AG,GG,CG,NN,TT,CC,CG,AT,NN,CG,TT,TT,GG,GG,TT,AT,AA,GG,GT,GT,CC,TT,CC,GT,TT,GG,AA,TT,CT,AA,CC,GG,CG,GG,CG,GG,CC,TT,CT,AA,GT,AG,GG,TT,TT,CC,AA,GG,AT,AA,GG,CT,TT,AT,AA,GG,AA,AA,TT,AA,AG,TT,TT,CC,GG,CT,GT,AA,GT,CC,AA,GG,AC,AT,GG,TT,TT,GG,GG,GG,CC,AA,GG,AA,AA,CC,GT,CC,TT,TT,AT,GT,GG,TT,CC,TT,CC,CC,GG,GG,AA,TT,TT,CC,AG,AG,AA,CT,GG,TT,CC,NN,AA,AA,TT,CC,AG,CC,GG,CC,GG,TT,AA,CT,CC,CC,CC,AA,TT,CC,AA,CC,CC,AA,TT,AA,AA,GG,CC,CG,GG,AA,AA,AA,AC,GG,CC,CG,AA,NN,GG,TT,AG,AA,TT,CT,GG,CC,GT,TT,TT,CC,TT,TT,CT,AT,NN,GG,CC,AA,CT,CC,CC,CG,AC,AA,GG,AG,CC,TT,CC,GG,TT,GG,AA,AA,AA,TT,CC,NN,CC,CC,CC,GG,GG,CC,GG,TT,AA,AA,CC,GG,AA,AC,AA,AA,GG,TT,TT,AT,GG,GG,AT,CC,TT,TT,AA,GG,AA,TT,AA,TT,CC,TT,AC,CC,CT,GG,AA,CG,AA,CC,TT,TT,GT,GG,AT,AC,NN,AA,GG,CC,CG,NN,CC,GG,TT,AA,CC,TT,GG,CC,CC,AA,AG,CC,AT,CC,AA,AA,CC,CC,AC,TT,AA,GG,AA,NN,AA,AA,GG,AG,AG,AA,TT,GG,AA,AA,CC,AA,TT,AA,AA,GG,GG,CG,GT,AA,AG,TT,TT,AT,AA,AT,GG,GG,AC,2.64,Resistant,High,Premium,Early
L0148,Warangal,Telangana,Rabi,Black Cotton,Irrigated,410,26.5,60,AA,TT,GG,AA,GG,CC,GG,TT,CC,CC,AA,CT,CG,TT,TT,GG,CG,TT,AT,AA,CC,GT,GT,CC,TT,CC,TT,TT,GT,AA,TT,CT,AA,CC,AG,GG,GG,CC,GG,CC,TT,CT,AA,TT,AA,GG,TT,AT,CC,AC,GG,AA,AA,GG,CT,GT,AA,AC,TT,AC,AA,GT,AA,AG,TT,AT,CC,GG,TT,GG,AG,GG,CC,AG,GG,AA,AA,GG,TT,TT,AG,GG,GG,CC,AT,GG,AA,AT,CC,TT,CC,TT,CC,TT,TT,GG,TT,CC,TT,CC,CC,CG,AG,AA,TT,TT,CG,AA,AA,AA,CC,GG,TT,CG,TT,AA,AA,TT,GG,GG,CC,AG,CT,GG,CT,AA,CC,CC,CC,CC,AA,TT,CC,AA,CC,CC,AA,TT,AA,AA,GG,CT,CC,AG,AA,AA,AA,CC,GG,CC,CC,AA,AA,GG,GG,GG,AC,TT,CC,GG,AC,GT,GT,TT,CC,AA,GT,TT,TT,AT,GG,CC,AA,CT,CC,CC,GG,CC,AA,GG,GG,CC,TT,CC,GT,TT,CG,TT,AA,AA,TT,CC,GG,AC,CC,CC,GG,GG,AA,GG,TT,AC,AG,CG,GG,AA,CC,AA,NN,GG,TT,AT,AT,CG,GG,AA,CG,TT,TT,AA,GG,AA,TT,AA,TT,CC,CT,AA,CC,CT,GG,AA,CC,GG,CC,TT,CT,GG,GG,AT,AA,AC,AG,GG,CC,CG,GG,CC,GG,AT,AA,CG,TT,GG,CG,CC,AA,AG,CC,AA,CC,AA,AA,CC,CC,AA,TT,AG,GG,AA,AA,AC,AA,AG,AA,AA,AA,AT,GG,AA,AA,AA,AC,CT,AA,AA,CG,GG,GG,TT,AA,AA,TT,TT,TT,NN,TT,GG,GG,AA,5.01,Susceptible,Low,Premium,Medium
L0149,Warangal,Telangana,Rabi,Black Cotton,Irrigated,410,26.5,60,CC,TT,GG,AG,GG,CC,GG,TT,CC,CG,AA,CC,CG,TT,TT,GG,GG,TT,TT,AA,CC,GT,GG,CC,TT,CC,GG,TT,GT,AA,TT,CC,AA,CC,GG,GG,GG,CC,GG,CC,TT,CT,AC,TT,AG,GG,TT,AT,CC,AC,GG,AA,AG,GG,CC,TT,AA,AC,GT,AA,AA,TT,TT,AG,CT,AT,CC,GG,TT,GG,AG,GT,CC,AA,GG,AA,AA,GG,TT,TT,AG,NN,GG,CC,AA,GG,AA,AT,CC,TT,AC,TT,CC,TT,TT,AA,TT,AC,TT,CT,CC,CC,AG,AA,TT,TT,CC,AA,AA,AA,CC,GG,TT,CC,TT,AA,AA,TT,CG,AG,CC,AG,CC,GT,TT,AG,CC,CC,CC,CC,AA,GT,CC,AA,CC,CC,AG,TT,AA,AA,GG,CC,CC,GG,AA,AA,AA,CC,GT,CC,CC,AA,AG,GG,TT,GG,AC,TT,TT,GG,CC,GT,TT,TT,CC,AT,GT,TT,AT,AA,GG,CC,AG,TT,CC,CC,GG,CC,AA,GG,AG,CC,TT,CC,GG,TT,GG,TT,AA,AG,TT,CC,GG,AA,AC,CC,GG,GG,AA,GG,TT,AA,AA,CC,GG,AA,AA,AA,AA,GG,TT,AT,AA,CG,GT,AA,CG,AT,GT,AA,GG,AA,TT,AC,TT,CC,TT,AC,CC,CT,GG,GG,CC,AA,CC,TT,CC,GG,GG,TT,AA,AC,AA,GG,CG,CC,GG,CC,GG,AT,AA,CC,TT,GG,CC,CC,AA,GG,CC,AA,CC,AA,NN,AC,CG,CC,AT,AA,GG,AA,AA,AA,AA,AG,AA,AG,AA,AA,GG,AC,AA,AC,AC,CT,AG,AA,CG,GG,GG,TT,AA,AA,TT,TT,AT,AA,AT,GG,GG,AA,5.86,Susceptible,High,Premium,Medium
L0150,Warangal,Telangana,Rabi,Black Cotton,Irrigated,410,26.5,60,AA,TT,AG,AG,GG,CC,GG,AT,CC,CC,AA,CC,CG,TT,GT,GT,CG,TT,AT,AA,CC,GT,NN,CT,AT,CC,NN,TT,GG,AC,TT,CC,AA,CC,GG,GG,GG,NN,GG,CC,TT,CT,AA,TT,AA,GG,TT,TT,CC,AC,GG,AA,AA,GG,CC,GT,AA,AC,NN,AA,AA,TT,NN,AA,TT,TT,CC,GG,TT,TT,AA,GG,CC,AA,GG,AA,TT,GG,TT,CT,GG,NN,GG,CC,AA,GG,AA,AA,CC,GT,CC,TT,CC,TT,TT,GG,TT,CC,TT,CC,CT,CG,GG,AA,AT,GG,CC,AA,NN,AA,CC,GG,TT,CC,TT,AA,AA,TT,CG,AG,CC,GG,CC,GT,CT,AG,CC,CC,AC,CC,AA,TT,CC,AA,CC,CT,AA,AT,AA,AA,GG,CT,CC,GG,AA,GG,AA,CC,GG,CC,CC,AG,AG,GG,GT,GG,AA,GT,CC,GG,AC,TT,TT,CT,CC,AA,TT,TT,AA,AT,GG,CC,AG,TT,CC,CC,CC,CC,AA,AG,AG,CC,TT,CC,GT,GT,CG,AA,AA,AA,TT,AC,CG,AA,CC,CC,GG,GG,AA,GG,TT,AA,AA,CC,GG,AT,AA,AA,AT,GG,TT,AT,AT,GG,TT,AT,CG,TT,TT,AA,GG,AA,TT,AA,AT,CC,TT,AA,CC,TT,CG,AA,CC,AG,AC,TT,CT,GT,CG,NN,AC,CC,AA,GG,CC,CG,GG,CC,GG,TT,AA,CC,GT,GG,CC,CC,AA,GG,CC,AA,CC,AT,AA,AC,CG,CC,TT,AA,GG,AA,AA,AC,AA,GG,AA,AA,AA,TT,CG,AC,AA,AC,AA,CT,AA,AG,GG,GG,GG,TT,AT,AG,TT,TT,TT,AG,TT,GG,GG,AA,6.41,Resistant,Low,Poor,Late
L0151,Warangal,Telangana,Rabi,Black Cotton,Irrigated,410,26.5,60,AC,TT,GG,AA,CG,CC,GG,TT,CC,GG,AA,CC,CC,TT,TT,GG,GG,TT,TT,AA,CC,GT,GT,CC,TT,CC,GT,AT,GG,AA,TT,CT,AA,CC,GG,GG,GG,CG,GG,CC,TT,CT,AA,GT,AG,GG,NN,AT,CC,AC,GT,AA,AG,GG,CT,TT,AA,CC,GT,AC,AG,TT,TT,GG,TT,AT,CC,GG,TT,GT,AG,GT,CC,AA,GG,AC,AA,GG,TT,TT,NN,GG,GT,CC,AA,GG,AA,AA,CG,GT,CC,TT,CT,TT,GT,AG,TT,CC,TT,CC,CT,CG,AG,AA,TT,TT,CC,AA,AG,AC,CT,GG,TT,GG,TT,AA,AC,TT,GG,GG,CG,GG,CC,GG,CT,AG,CC,CC,AC,CC,AA,TT,CC,AA,AC,CC,AA,AT,AA,AA,CG,CC,CG,GG,AA,AA,AA,CC,GG,CG,CC,AA,AA,NN,GT,GG,AC,TT,CC,GG,AC,TT,TT,TT,CC,AA,TT,TT,AT,AA,GG,CC,GG,CT,CC,CC,CG,CC,NN,GG,AG,CC,TT,CG,GG,TT,GG,AT,AA,AA,TT,CC,GG,AA,CC,CC,GG,GG,NN,GG,TT,AC,AA,CC,GG,AA,CC,AA,AA,GG,TT,AT,AA,GG,GG,AT,CG,TT,GT,AA,GG,AG,CT,AA,TT,CC,TT,AA,CC,TT,GG,AA,CG,AG,CC,TT,TT,GT,GG,TT,CC,CC,AA,GG,CC,CG,GG,CC,GG,AT,AA,CC,TT,GG,CC,CC,AA,GG,CC,AA,CC,AA,AA,CC,CC,AC,AT,AA,GG,AA,AA,AA,AC,AG,AA,AA,AA,TT,GG,AC,AG,AA,AA,TT,AA,AG,GG,GG,GG,TT,AT,AA,GT,TT,TT,AG,TT,GG,GG,AA,5.15,Susceptible,Medium,Standard,Medium
L0152,Warangal,Telangana,Rabi,Black Cotton,Irrigated,410,26.5,60,AA,TT,AG,AA,CG,CC,GG,AT,CC,CG,AA,CC,CG,NN,TT,GG,CG,TT,TT,AA,CC,GT,TT,CT,TT,CC,TT,TT,GG,AA,TT,CC,AA,CC,GG,GG,GG,GG,GT,CC,TT,CC,AA,TT,AG,GG,TT,TT,CC,AC,GG,AA,AA,GG,CC,TT,AA,AC,GT,AA,AA,GT,AT,AG,TT,AT,CC,GG,NN,GT,AA,GG,CC,AA,AA,AA,AT,GG,TT,TT,GG,GG,TT,CC,AT,GG,AA,AA,CC,GT,CC,TT,CT,AT,GT,GG,TT,CC,GT,CC,CT,CC,GG,AA,AT,TT,CC,AA,AA,AA,CT,GG,TT,CC,TT,AC,AA,TT,CC,GG,NN,GG,CC,GG,CT,AA,CC,CC,CC,CG,AA,TT,CC,AA,CC,CC,AA,AT,AA,AA,GG,CC,CC,GG,AA,AA,AA,AC,GT,CC,CC,AA,AG,GG,TT,GG,AA,GT,CT,GG,AC,TT,GT,TT,CG,AA,TT,TT,AT,AT,GG,CG,AG,TT,CC,AC,CG,CC,AA,GG,AA,CC,TT,CG,GG,TT,CG,AT,AA,AA,TT,AC,CG,AC,CC,CC,GG,GG,AA,GG,TT,AC,AA,CC,NN,AA,CC,AA,AT,GT,GT,AT,AT,CC,GT,AA,CG,AT,GT,AA,GG,AA,CT,AA,TT,CC,CT,AA,CC,CT,GG,AG,CG,AA,CC,TT,TT,TT,GG,TT,AA,AC,AG,GG,CC,CG,CG,CC,GG,AA,AA,CC,TT,GG,CC,CC,AA,AG,CG,AT,CC,AT,AA,CC,CC,AC,AA,AA,GG,AA,AC,AC,AA,GG,AA,AA,AA,AT,CG,AC,AA,CC,AA,CT,AA,AA,GG,GG,GG,TT,AA,AA,TT,TT,TT,AG,TT,GG,GG,AC,5.8,Resistant,Medium,Poor,Early
L0153,Warangal,Telangana,Rabi,Black Cotton,Irrigated,410,26.5,60,AC,TT,GG,AG,GG,CC,GG,TT,CC,CC,AA,CT,CC,TT,TT,GG,GG,TT,TT,AA,CC,GT,TT,CC,TT,CT,TT,AT,GG,AA,TT,CC,AA,CC,GG,GG,GG,CC,GG,CC,TT,CT,AA,TT,AA,AG,TT,NN,CC,CC,GG,AT,AG,GG,CT,TT,AA,AA,GT,AA,AA,GT,AA,AG,TT,TT,CC,GG,TT,GG,AA,GG,CC,AA,GG,AA,AA,GG,GT,TT,GG,GG,GG,CC,AT,GG,AA,AA,CC,TT,CC,GT,CT,AT,GT,GG,TT,AC,GT,CT,CT,GG,AG,AA,AT,TT,CC,AA,AG,AA,CC,GG,TT,CC,TT,AC,AA,TT,CC,GG,CG,GG,CT,GT,TT,AG,CC,CC,CC,CC,AA,TT,CC,AA,CC,CC,AA,TT,AA,AA,GG,CC,CC,GG,AA,GG,AA,AC,GG,CC,CC,AA,AG,GG,GT,AG,AA,TT,TT,AG,AC,GG,GT,TT,CC,AA,GT,CT,AA,TT,NN,CG,NN,CC,CC,CC,CG,CC,AA,GG,AA,CC,TT,CC,TT,TT,GG,TT,AA,AA,TT,CC,GG,AA,CC,CC,GG,GG,AC,GG,CT,AA,AA,CG,GG,AA,CC,AA,AA,GG,TT,TT,TT,CG,GG,AA,CG,AT,TT,AA,GG,AA,CT,AA,TT,CG,CT,AA,CC,TT,GG,AA,CC,AA,AC,TT,CT,TT,GG,TT,CC,CC,AA,GG,CC,CG,GG,CC,GG,AA,AG,CC,GT,GG,CC,CC,AA,GG,CC,AA,CC,AA,AA,CC,CG,AC,AT,AA,GG,AA,AA,AC,AA,AA,AG,AG,AG,AT,CG,AA,GG,AC,AC,CT,AA,AG,GG,GG,CG,TT,AA,AG,TT,TT,TT,AG,AT,GG,CG,AA,6.91,Susceptible,Low,Premium,Medium
L0154,Warangal,Telangana,Rabi,Black Cotton,Irrigated,410,26.5,60,AA,CT,GG,AA,GG,CC,GG,AT,CC,CG,AA,CC,CG,TT,GG,GG,GG,TT,TT,AA,CC,GT,GT,CT,AT,CC,GT,AT,GG,AA,CT,CC,AA,CC,GG,CC,GG,CG,GG,CC,NN,CT,AA,GT,AA,AG,TT,TT,CC,AA,GG,AA,AG,GG,TT,TT,AT,CC,GT,AC,AA,TT,TT,GG,CT,AT,CC,GG,TT,GG,AG,GG,CC,AA,GG,AC,AT,GG,GT,TT,GG,GG,GG,CC,AA,GG,AA,AA,CC,GT,CC,TT,CC,TT,GG,GG,TT,CC,TT,CC,CC,CC,AG,AA,TT,TT,CC,AA,AG,AA,CT,GG,TT,CC,GT,AA,AA,TT,CC,AG,CG,GG,CC,GT,TT,AA,CT,CC,AC,CC,AA,TT,AC,AA,CC,CC,AA,TT,AA,AA,GG,CC,CC,GG,AA,AA,AA,AC,GG,CC,CC,AA,AG,GG,TT,AA,AC,TT,TT,GG,AA,TT,TT,TT,CC,TT,TT,TT,AA,TT,GG,CC,GG,CC,CC,CC,GG,AC,AA,GG,AA,CC,TT,CC,TT,GT,GG,AT,AA,NN,TT,CC,GG,AA,AA,CC,GG,GG,AA,GG,TT,AC,AA,CC,TT,AA,AC,AA,AT,GT,TT,TT,AT,GG,GG,AT,CC,AT,TT,AA,GG,AA,TT,AA,TT,CG,TT,AC,CC,TT,GG,GG,CC,AG,CC,AT,CT,GG,GG,TT,AA,AC,AG,GG,CC,CC,GG,CG,GG,NN,GG,CG,TT,GG,CC,CC,AA,GG,CC,AA,CC,AA,AA,CC,CG,CC,TT,AA,GG,AA,AA,CC,AA,AG,AG,AA,AA,TT,GG,AA,AG,CC,AA,NN,AA,AA,GG,GG,GG,TT,AA,AG,TT,TT,TT,AG,TT,GG,CG,AA,7.23,Susceptible,Medium,Poor,Late
L0155,Warangal,Telangana,Rabi,Black Cotton,Irrigated,410,26.5,60,AC,TT,GG,AG,GG,CG,GT,AA,CC,CG,AA,CC,CC,TT,GT,GG,GG,TT,TT,AA,CC,TT,TT,CC,AT,CC,GT,TT,GG,AA,TT,CC,AA,CC,AG,GG,GG,CG,GG,CC,TT,TT,AA,TT,AA,GG,TT,TT,CC,CC,GG,AT,AA,GG,CC,TT,AA,AA,TT,AC,AA,TT,TT,AA,TT,AT,CC,GG,TT,GG,AA,GG,CC,AA,AG,AA,AT,GG,GT,TT,GG,GG,NN,CC,AT,GG,AA,AA,CC,GT,AC,TT,CT,TT,TT,GG,TT,AC,GT,CC,CC,GG,GG,AA,TT,TT,CG,AA,GG,AC,CC,GG,TT,CG,GT,AC,AA,TT,CC,GG,CG,AG,CC,GG,CC,AA,CT,CC,CC,CC,AA,GT,CC,AA,CC,CC,AA,TT,AA,AA,GG,NN,CC,GG,AA,AA,AA,CC,GG,CC,CC,AA,AA,GG,TT,NN,CC,GG,CT,AG,CC,GT,GT,TT,CC,AA,TT,TT,AA,TT,CG,CC,AA,CT,CC,CC,GG,AC,AA,GG,AG,CC,TT,CC,GG,GT,GG,TT,AA,AA,TT,AC,CG,AA,CC,CC,GG,GG,AA,GG,TT,AA,AA,CC,GT,AA,CC,AA,AA,GG,TT,TT,AT,GG,TT,AA,CG,TT,GG,AA,GG,AA,CT,AC,TT,CC,TT,AA,CC,CC,CG,AG,CC,GG,CC,TT,TT,GT,GG,TT,AA,CC,AA,GG,CC,CC,GG,CC,GG,AT,AA,CC,GT,GG,CC,CC,AA,AG,CC,AA,CC,AA,AA,CC,CC,CC,TT,AA,GG,AA,AA,AC,AA,GG,GG,AG,AA,TT,GG,AC,AG,CC,AC,TT,AA,AA,GG,AG,GG,TT,AT,AA,TT,TT,TT,AA,AT,GG,GG,AA,3.86,Resistant,Medium,Premium,Early
L0156,Warangal,Telangana,Rabi,Black Cotton,Irrigated,410,26.5,60,AA,TT,GG,AA,CC,GG,GG,TT,CC,CG,AA,CT,CC,TT,TT,GT,GG,TT,TT,AA,CG,TT,TT,CT,TT,CC,TT,TT,GG,AA,TT,CC,AG,CC,GG,CG,GG,CG,GG,CC,TT,CT,AA,GT,AA,GG,TT,TT,CC,AC,GG,AA,GG,GG,CC,TT,AA,AC,GT,AA,AA,TT,NN,AA,TT,TT,CC,GG,TT,GT,AG,GG,AC,AA,GG,AC,AA,GG,TT,TT,GG,GT,GG,CC,AA,GG,AA,AT,CC,TT,CC,TT,CT,TT,TT,GG,TT,CC,TT,CC,CC,CC,AG,AA,TT,TT,CC,AA,AA,AC,CT,GG,TT,CC,TT,AA,AA,TT,CG,AG,CC,AG,CC,GG,NN,AA,CC,CC,CC,CC,AA,TT,CC,AA,CC,CT,AA,TT,AA,AT,CG,CC,CG,GG,AG,AG,AT,CC,GG,CC,CG,AA,AA,GG,GG,GG,NN,TT,CT,GG,AC,TT,TT,TT,CG,AA,TT,TT,AT,TT,CG,CC,AG,CC,AC,CC,GG,AC,AA,GG,GG,CC,NN,CC,GT,TT,CG,AA,AA,AA,TT,CC,GG,AA,CC,CG,GG,GG,AC,GG,TT,AA,AA,CC,GT,AA,CC,AT,AA,GT,NN,TT,AT,GG,GG,AA,CC,TT,GT,AA,GG,AA,CT,AA,TT,CC,TT,AA,AC,TT,GG,AA,CC,AG,CC,TT,CT,GT,GG,TT,AA,AC,AA,GG,CC,CC,GG,CC,GG,AT,AA,CC,TT,GG,CC,CG,AA,GG,CC,AT,CC,AA,AA,CC,CG,CC,TT,AA,GG,AA,CC,AA,AA,NN,AA,AA,AA,TT,GG,AA,AG,AC,CC,CT,AA,AA,GG,AG,CG,TT,AT,AA,GT,TT,TT,AA,TT,GG,GG,AC,7.17,Resistant,Medium,Standard,Early
L0157,Warangal,Telangana,Rabi,Black Cotton,Irrigated,410,26.5,60,CC,TT,GG,AG,CG,CC,GT,TT,CC,CG,AA,TT,CC,AT,TT,GG,CG,TT,TT,AG,CC,TT,GT,CC,TT,CC,GT,AT,GG,AA,TT,CC,AA,CC,GG,CG,GG,CC,GG,AC,TT,TT,AA,GT,AA,AG,TT,AT,CC,CC,GT,AA,AG,GG,TT,NN,AT,AC,GG,AA,AA,TT,TT,AG,TT,AT,CC,GG,CT,GG,AA,GG,AC,AG,GG,AA,TT,GG,TT,TT,NN,GG,GT,CC,AA,GG,AA,AT,CC,GT,CC,TT,CT,TT,GT,GG,CT,CC,GG,CC,CC,CC,GG,AA,TT,GT,CC,AA,GG,AA,CC,GG,TT,CC,TT,AA,AA,TT,CC,AG,CC,GG,CC,GG,TT,AG,CT,CG,CC,CC,AA,TT,AC,AA,CC,CC,AA,TT,AA,AA,GG,CT,CC,GG,AA,AA,AA,CC,GT,CC,CC,AA,AA,GG,TT,GG,AC,TT,TT,GG,CC,TT,GT,TT,NN,AA,GT,TT,AA,TT,GG,CC,AA,CT,CC,CC,CC,CC,AA,GG,AG,CC,TT,CC,GT,TT,GG,NN,AA,AG,TT,CC,GG,AC,CC,CC,GG,AG,AC,GG,TT,AC,AA,CC,GG,AA,CC,AA,TT,GT,TT,TT,AT,GG,GG,AA,CC,AT,TT,AA,GG,AA,CT,AA,TT,CC,TT,AC,CC,TT,GG,AA,CC,AG,CC,TT,CT,GT,GG,TT,AA,CC,AG,GT,CC,CC,GG,NN,GG,AT,AG,CC,TT,GG,CC,CC,AA,GG,CG,AT,CC,AT,AG,CC,CC,AC,TT,AA,GG,AA,AC,AA,AA,NN,AG,GG,NN,TT,CG,AA,AA,CC,AC,CT,AA,AG,GG,GG,GG,GT,AA,AA,TT,TT,TT,AG,TT,GG,GG,AA,8.01,Moderate,High,Premium,Medium
L0158,Warangal,Telangana,Rabi,Black Cotton,Irrigated,410,26.5,60,AC,CT,GG,AG,GG,CC,GG,TT,CC,NN,AA,CC,CC,AT,GT,GG,GG,TT,TT,AA,CC,TT,TT,CC,TT,CC,TT,TT,GG,AA,TT,CC,AA,CC,AG,CG,GG,CC,GG,CC,TT,TT,AA,GT,AA,AG,TT,TT,CC,CC,GG,AA,GG,GG,CC,TT,AA,AA,GT,AA,AA,GT,NN,AG,TT,TT,CC,GG,CT,GG,AA,GT,CC,AA,GG,AA,TT,AG,GT,TT,GG,GT,GG,CC,AA,GG,AA,AA,CC,GG,AC,TT,CT,TT,GG,AG,TT,CC,TT,CC,CT,CG,GG,AA,AT,TT,CC,NN,AG,CC,CC,GG,TT,CC,TT,AA,AA,TT,NN,AG,CC,GG,CC,GT,TT,AA,CC,CC,CC,CC,AA,NN,CC,AA,CC,CC,AA,TT,AA,AA,GG,CC,CC,GG,AA,AG,AA,CC,GG,CC,CC,AA,GG,GG,TT,AA,AC,GG,CT,GG,CC,TT,TT,TT,CG,AT,TT,TT,AT,AT,GG,CC,AA,CC,CC,CC,CG,CC,AA,GG,AG,CC,TT,CC,GG,TT,GG,AT,AG,AG,TT,CC,GG,AA,AC,CC,GG,GG,AC,GG,TT,AA,AA,CC,GG,AA,CC,AA,AA,GG,TT,AT,AT,GG,GG,AT,CG,TT,TT,AA,GG,AA,TT,AA,TT,CC,TT,AA,CC,CT,GG,GG,CC,AG,AC,TT,TT,TT,GG,TT,AA,CC,AA,GG,CC,CG,GG,CC,GG,AA,AG,CC,TT,GG,CC,CC,AA,AG,CG,AA,CC,AT,AA,AC,CG,AC,TT,AA,GG,AA,AA,AC,AA,AA,AG,AG,AG,TT,GG,CC,AG,AC,AC,CT,AG,AG,GG,GG,GG,TT,AA,AG,TT,TT,TT,AA,TT,GG,GG,AA,6.5,Susceptible,Medium,Standard,Early
L0159,Warangal,Telangana,Rabi,Black Cotton,Irrigated,410,26.5,60,AC,TT,GG,AA,GG,CC,GG,TT,CC,CG,AT,CC,CC,TT,TT,GG,GG,TT,NN,NN,CC,TT,GT,CC,TT,CT,TT,AT,GT,AA,TT,CC,AA,CC,GG,GG,GG,CC,GG,CC,TT,CT,AA,TT,AA,GG,TT,AA,CC,CC,GG,AT,AG,GG,CC,TT,AA,AA,GT,AC,AA,TT,TT,AG,TT,TT,NN,GG,TT,GG,AG,GG,CC,AG,GG,AC,AA,GG,TT,TT,GG,GT,GG,CC,AA,GG,AG,AA,CC,TT,AC,TT,CC,TT,GT,GG,TT,CC,GT,CC,CC,CC,GG,AA,AT,TT,CC,AA,AG,AA,CC,GG,TT,CC,TT,AA,AC,TT,CC,GG,CG,GG,CC,GG,TT,AG,CC,CC,CC,CC,AA,TT,CC,AA,AC,CC,AA,TT,AA,AA,GG,CT,CC,GG,AA,AG,AA,CC,GG,CC,CC,AA,AA,GG,GT,GG,AC,TT,CT,GG,CC,TT,TT,TT,CC,AT,GG,CT,AA,TT,GG,CC,AA,CT,CC,CC,GG,CC,AA,GG,AA,CC,TT,CG,GG,TT,GG,AT,AA,AA,TT,CC,CG,AA,CC,CC,GG,GG,AC,GG,NN,AC,AA,CC,GG,AA,CC,AA,AA,GG,GT,TT,AA,GG,GG,AA,CC,TT,TT,AA,GG,AA,TT,AA,TT,CC,CT,AA,CC,TT,GG,AG,CC,AA,CC,TT,CT,GT,GG,TT,AC,AC,AG,GG,CC,CG,GG,CC,GG,TT,AG,CG,TT,GG,CC,CG,TT,GG,CC,AA,CC,AA,AA,CC,CC,AA,TT,AA,GG,AA,AA,CC,AA,GG,GG,AG,AA,TT,GG,AC,AA,AC,AA,CT,AG,AA,GG,GG,GG,TT,AT,AA,TT,TT,TT,GG,AT,GG,GG,AA,7.36,Susceptible,Medium,Premium,Early
L0160,Warangal,Telangana,Rabi,Black Cotton,Irrigated,410,26.5,60,AC,CT,GG,AA,GG,NN,GG,TT,CC,GG,AA,CT,CC,AT,GT,GT,CG,TT,TT,AA,CC,TT,TT,CT,TT,CC,TT,TT,GG,AA,TT,CC,AA,CC,GG,GG,NN,CG,GG,AC,TT,CC,AC,TT,AA,GG,TT,TT,CC,AC,GG,AA,AG,GG,CC,TT,AA,AC,GT,AA,AA,TT,AT,AG,TT,TT,CC,GG,CT,GT,AA,GG,AC,AA,GG,CC,AT,GG,TT,TT,GG,GG,GG,CC,TT,NN,AA,AA,CG,GT,CC,TT,CC,AT,TT,GG,CT,CC,TT,CC,CC,CC,NN,AA,TT,TT,NN,AA,AA,AC,TT,GG,TT,CG,TT,AC,AC,TT,CC,GG,CC,GG,CC,GG,NN,AA,NN,CC,AC,CC,AA,TT,CC,AA,CC,CC,AA,AT,AA,AA,GG,CC,CC,GG,AA,AG,AA,CC,GG,CC,CC,AA,AG,GG,TT,GG,AC,GT,TT,GG,CC,TT,TT,TT,CG,AA,TT,TT,AA,AA,GG,CC,AA,CT,CC,CC,CC,CC,AA,GG,AG,CC,TT,CC,GG,TT,GG,AT,AA,AA,TT,CC,GG,AC,CC,CC,GG,GG,AC,GG,TT,AA,AA,CC,GG,AA,CC,AA,AT,GG,TT,TT,AT,GG,GT,AT,CC,AT,GG,AA,GG,AA,CT,AA,TT,CC,TT,AC,CC,CT,CG,AA,GG,GG,CC,TT,TT,TT,GG,TT,AA,CC,AA,GG,CC,CC,NN,CC,GG,TT,AA,CG,GT,GG,CG,CG,AT,GG,CC,AA,CC,AA,AA,AC,CC,CC,TT,NN,NN,AA,AA,CC,AA,AG,AA,AA,AA,TT,GG,NN,AG,AA,AC,TT,AG,GG,GG,GG,GG,TT,AA,AA,TT,TT,TT,GG,TT,GG,GG,AC,3.16,Resistant,High,Standard,Early
L0161,Warangal,Telangana,Rabi,Black Cotton,Irrigated,410,26.5,60,CC,CT,GG,GG,GG,CC,GT,TT,CC,CC,AA,CC,CG,TT,GT,NN,GG,TT,TT,AA,CG,TT,TT,CT,TT,CC,TT,TT,GT,AA,TT,CT,AA,AC,GG,GG,GG,CG,GG,CC,TT,CT,AC,TT,AA,NN,TT,TT,CC,NN,GG,AA,AA,GG,CT,GT,AA,AA,GG,AA,AA,GT,AT,NN,TT,AT,CC,GG,TT,GG,AA,GT,CC,AA,AG,AA,AA,GG,TT,TT,GG,TT,GG,CC,AA,GG,AA,AA,CC,TT,CC,TT,CC,TT,GT,GG,TT,CC,TT,CC,CC,CG,AG,AA,AT,TT,CG,AA,AG,AA,CC,GG,TT,CC,TT,AA,AA,TT,CC,AG,CC,GG,CC,GT,CT,AA,CC,CC,CC,CC,AA,TT,AC,AA,CC,CC,AA,TT,AA,AA,GG,CC,CC,GG,NN,AA,AA,CC,GG,CC,CG,AA,AA,AG,TT,GG,AC,TT,NN,NN,AC,GT,GT,TT,CC,AT,TT,TT,AA,TT,GG,CG,AA,TT,CC,CC,GG,CC,AA,GG,GG,CC,NN,CC,GT,TT,CG,AT,AA,AA,TT,CC,GG,AA,CC,CC,GG,GG,AA,GG,CT,AC,AA,CC,GG,AT,AC,AA,AA,GG,TT,AT,TT,GG,TT,AA,CC,TT,GG,AA,GG,AA,CC,AA,TT,CC,TT,AC,CC,TT,GG,AA,CG,AA,CC,AT,TT,GT,GG,AT,AA,CC,AA,GG,CC,CG,GG,CC,GG,TT,AA,CC,GT,GG,CC,CC,AT,GG,CG,AA,CC,AA,AA,AC,CC,CC,TT,AA,NN,AA,CC,AA,AA,AG,AG,AA,AA,TT,GG,AA,AA,AC,AA,CT,AG,AA,GG,GG,GG,TT,AA,AA,TT,TT,TT,AA,AA,GG,GG,AA,7.14,Moderate,High,Premium,Late
L0162,Warangal,Telangana,Rabi,Black Cotton,Irrigated,410,26.5,60,AA,TT,AG,AG,GG,CC,GG,AT,CC,CG,AA,CC,CG,TT,GT,GG,CG,TT,TT,AA,CG,TT,GT,CC,TT,CC,TT,TT,GT,AA,TT,CT,AA,CC,GG,CG,GG,CG,GG,CC,TT,TT,AC,TT,AA,GG,TT,AT,CC,AA,GT,AA,NN,GG,CT,TT,AT,AC,GT,AC,AA,GT,AT,AG,TT,AT,CC,GG,TT,GG,AA,GT,CC,AA,GG,AA,AT,AG,GT,TT,GG,GT,GG,CC,AA,GG,AA,AA,CC,TT,CC,TT,NN,TT,TT,GG,CT,CC,TT,CC,CC,CC,AG,AA,TT,TT,CC,AA,AA,AA,CT,GG,TT,CC,TT,AA,AA,TT,CG,GG,CC,GG,CC,GT,TT,AA,NN,CC,CC,CG,AA,TT,CC,AA,CC,CC,AA,TT,AA,AT,GG,TT,CC,GG,AA,AA,AA,CC,GT,CC,CC,AA,AA,GG,TT,GG,AC,TT,CT,GG,CC,GT,TT,TT,CG,AT,TT,TT,AT,TT,CG,CC,AA,TT,CC,CC,CG,CC,AA,GG,AA,CC,TT,CC,GT,NN,GG,TT,AA,AA,TT,CC,GG,AC,CC,CG,GG,GG,AA,GG,TT,AA,AA,CC,GG,AA,CC,NN,AT,GG,TT,AT,AT,GG,GG,AT,NN,TT,GT,AA,GG,AA,CT,AA,TT,CC,TT,AC,AC,TT,CC,AA,CC,AA,CC,TT,CT,TT,GG,TT,AA,AC,AA,GG,CG,CC,GG,CC,GG,NN,AA,CC,TT,GG,CC,CG,AA,GG,CC,AT,CC,NN,AA,AC,CC,CC,TT,AA,GG,AA,AA,AC,AC,AG,AG,AA,AG,AT,CG,AC,GG,AC,AA,CT,AA,AA,GG,GG,GG,GT,AA,AA,TT,TT,TT,AA,TT,GG,GG,AA,7.57,Susceptible,High,Premium,Late
L0163,Warangal,Telangana,Rabi,Black Cotton,Irrigated,410,26.5,60,AA,TT,GG,AG,GG,CC,GG,AT,CC,CG,AA,CC,CC,TT,TT,GT,CG,AT,TT,AA,CC,GT,GT,CC,TT,CC,TT,TT,GG,AA,TT,CT,AA,CC,GG,CG,GG,CC,GG,CC,TT,TT,AA,TT,AG,AG,TT,AT,CC,AC,GG,AA,AA,GG,CT,TT,AA,AA,GT,AA,AA,TT,TT,AA,TT,TT,CC,NN,TT,GG,AA,GT,AC,AA,GG,AC,AT,GG,NN,TT,GG,GT,GT,CC,AA,GG,AA,AA,CC,GT,AC,TT,TT,TT,TT,GG,CT,CC,GG,CC,CT,CC,AG,AA,NN,TT,NN,AA,AA,CC,CT,GG,TT,CG,NN,AA,AC,TT,CG,AG,CG,AG,CC,GG,CT,AA,CC,CC,CC,CG,AA,TT,CC,AA,CC,CC,AG,TT,AA,AT,GG,CC,CC,NN,AA,AG,AT,AC,GG,CC,CC,AA,AA,GG,TT,GG,AA,TT,TT,GG,AC,TT,GT,TT,CC,AA,TT,CT,AT,TT,CG,CC,AA,CT,CC,CC,CG,CC,AA,GG,GG,CC,TT,CC,GT,TT,GG,TT,AA,AA,TT,CC,GG,AA,AC,CG,GG,GG,AC,GG,TT,AA,AA,CC,GG,NN,CC,AA,AA,GG,TT,TT,AA,GG,GG,AA,CC,AA,TT,AA,GG,AG,CT,AA,TT,CC,TT,AA,CC,TT,GG,AA,CC,GG,CC,TT,TT,TT,GG,TT,AA,CC,AG,GG,CC,CC,GG,CC,GG,AT,AA,CG,TT,GG,CC,CC,AA,AG,CC,NN,CC,AA,AA,CC,CC,AC,TT,AA,GG,AA,AA,AA,AA,AA,AA,AA,AA,TT,GG,AA,AA,CC,AA,TT,AA,AA,GG,GG,GG,NN,AA,AA,NN,TT,TT,AG,TT,GG,GG,AA,6.66,Moderate,Medium,Premium,Early
L0164,Warangal,Telangana,Rabi,Black Cotton,Irrigated,410,26.5,60,AA,CT,GG,AA,GG,CC,GT,TT,CC,CG,AA,CT,CC,TT,TT,GG,GG,TT,TT,AA,CC,GT,GT,CC,TT,CT,TT,TT,GG,AA,TT,CC,AA,CC,GG,GG,GG,NN,GG,CC,TT,TT,AA,TT,AA,GG,TT,TT,CC,AA,GG,AA,AG,GG,CC,TT,AA,AA,TT,AA,AA,TT,AT,NN,TT,TT,CC,GG,TT,GT,AA,GG,CC,AG,GG,CC,AA,AG,GT,TT,GG,GG,GG,CC,AA,GG,AG,AA,CC,TT,CC,TT,CC,TT,TT,GG,CT,CC,TT,CC,CT,CC,AG,AA,TT,TT,CC,AA,AG,AA,CT,GG,TT,CG,TT,AA,AA,AT,CC,GG,CG,GG,CC,GG,TT,AA,CC,CC,CC,CC,AA,TT,CC,AA,CC,CC,AA,NN,AA,AA,GG,TT,CC,GG,AA,AG,AA,CC,GG,CC,CC,AA,AG,GG,TT,AG,CC,TT,TT,GG,NN,TT,TT,TT,CC,AA,TT,TT,AT,AT,GG,CC,AG,CT,CC,CC,CG,CC,AA,GG,AG,CC,TT,CC,GG,TT,CG,AT,AG,AA,TT,CC,CC,AA,CC,CC,GG,GG,AC,GG,TT,AC,AA,CC,GG,AT,CC,AA,AT,GG,TT,AA,AT,CG,GT,AA,CC,TT,GG,AA,GG,AA,TT,AC,NN,CC,TT,CC,CC,TT,NN,AG,CC,GG,CC,TT,CT,TT,NN,TT,AA,AA,AG,GG,CC,CC,CG,CC,GG,TT,GG,CG,TT,GG,CC,CG,AA,GG,CC,AA,CC,AT,AA,CC,CG,AC,TT,AA,GG,AA,AA,AA,AC,GG,AA,AA,AG,TT,GG,AC,AA,AC,AA,CT,AG,AG,CG,GG,GG,TT,AT,AA,TT,TT,TT,AG,AT,GG,GG,AA,5.38,Susceptible,High,Premium,Early
L0165,Warangal,Telangana,Rabi,Black Cotton,Irrigated,410,26.5,60,AA,TT,GG,AA,GG,CC,GT,TT,CC,CG,AA,CC,CG,TT,GG,GT,CG,TT,TT,AA,CG,TT,GG,CC,TT,CC,TT,TT,GG,AA,CT,CT,AA,CC,AG,CG,GG,CC,GT,CC,TT,TT,AA,TT,AA,GG,TT,TT,CC,AC,GT,AA,AA,GG,CC,TT,AA,AC,GT,AA,AG,TT,AT,AG,TT,TT,CC,GG,NN,GT,AG,GG,CC,AA,AA,AC,AT,AG,TT,TT,GG,GT,GG,CC,AA,AG,AA,AA,CC,GG,AC,TT,CC,NN,NN,GG,TT,CC,TT,CC,NN,CC,AG,AA,AT,TT,CC,AA,AA,AA,CC,GG,TT,CC,GT,AA,AC,TT,CC,GG,CC,GG,CC,GT,TT,AA,CC,CC,AC,CC,AA,TT,CC,AA,CC,CC,AA,TT,AG,AA,GG,CC,CC,GG,AA,GG,AA,CC,GG,NN,CC,AA,AA,GG,TT,GG,AA,TT,TT,GG,CC,TT,TT,CT,CG,AA,NN,TT,AA,TT,GG,CC,AG,CC,CC,CC,GG,CC,AA,AG,AG,CC,TT,CC,GT,GT,CG,AT,AA,AG,TT,CC,GG,AA,CC,CC,GG,GG,AA,GG,TT,AC,AA,CC,GG,AT,CC,AT,AT,GG,TT,AA,AT,GG,GG,AA,CC,TT,TT,AA,GG,AA,CT,AA,TT,CC,TT,AA,CC,TT,CG,AG,CG,AG,CC,AT,NN,GT,GG,TT,AC,AC,AG,GG,CC,CG,GG,CC,GG,AT,AA,CG,GG,NN,CC,CC,AA,GG,CC,AA,CC,AT,AA,AC,CC,AC,TT,AA,GG,AA,AA,AA,AA,AG,AA,AA,AA,TT,GG,AA,AG,CC,AC,TT,AA,AA,GG,GG,GG,GT,AA,AA,GT,TT,TT,AA,TT,GG,CG,AA,7.75,Susceptible,Low,Standard,Medium
L0166,Warangal,Telangana,Rabi,Black Cotton,Irrigated,410,26.5,60,AC,TT,GG,AG,GG,CC,GG,TT,CC,CG,AT,CC,CC,TT,TT,GT,CG,TT,TT,AA,NN,GT,TT,CC,TT,CC,TT,TT,GG,AA,TT,CT,AA,CC,GG,GG,GG,CG,GG,CC,TT,TT,AA,GT,AG,AG,TT,AT,CG,CC,GT,AT,AA,GG,CT,TT,AA,AA,GG,AC,AA,GT,AT,GG,CC,TT,CC,GG,TT,GG,AA,GG,CC,AA,GG,AC,AT,GG,TT,TT,GG,GG,TT,CC,AA,AG,AA,AA,CC,GT,NN,TT,TT,TT,GT,AG,CT,CC,TT,CC,CC,CC,GG,AA,TT,TT,CC,AA,AG,AA,CC,NN,TT,CC,TT,AA,AA,TT,CC,GG,CC,GG,CC,GT,TT,AA,CT,CC,CC,CC,AG,TT,AC,AA,CC,CC,AA,AT,AA,AT,NN,CC,CC,AG,AA,AA,AA,CC,GG,CC,CG,AA,AA,GG,GT,GG,AC,TT,CT,AG,CC,TT,TT,TT,CC,AT,GT,TT,AA,TT,GG,CG,AA,TT,CC,CC,GG,CC,AA,GG,GG,CC,TT,CC,TT,TT,GG,NN,AA,AA,TT,CC,CC,AA,CC,CC,GG,AG,AC,GG,TT,AC,AG,CC,GG,AA,AC,AA,AA,GG,TT,AT,AT,GG,GT,AT,CC,AT,GT,AA,GG,AA,CC,AA,TT,CC,CT,AA,CC,TT,CG,AA,NN,AG,CC,TT,CT,GG,GG,TT,AA,CC,AA,GG,CC,CG,GG,CC,GG,AT,AA,CC,TT,GG,CG,CC,AA,GG,CC,AA,CC,TT,AA,AA,GG,AC,TT,AA,CG,AT,AC,CC,AA,GG,AG,AA,AA,TT,CG,AA,AA,AC,AA,CT,AG,AA,GG,NN,GG,TT,AT,AA,TT,TT,TT,AG,TT,GG,CG,AA,6.11,Susceptible,High,Poor,Medium
L0167,Warangal,Telangana,Rabi,Black Cotton,Irrigated,410,26.5,60,CC,TT,GG,GG,GG,CG,GG,TT,CC,CG,TT,CT,CG,AT,GT,GT,CG,TT,TT,AG,CG,GT,TT,CC,TT,CC,TT,TT,GG,NN,TT,CC,AA,CC,GG,GG,GG,CC,GG,CC,TT,TT,AC,GT,AA,AG,TT,AT,CC,AA,GT,AA,AA,GG,CC,GT,AA,AC,GT,AC,AA,TT,AT,GG,TT,TT,CC,GG,TT,GG,AG,GG,CC,AA,GG,AA,AA,GG,TT,TT,AG,GT,GG,CC,AA,AG,AA,AA,CC,TT,CC,TT,CT,TT,GT,GG,TT,CC,TT,CC,CC,CC,GG,AA,TT,TT,GG,AA,AA,AC,CC,GG,GT,CC,TT,AC,AA,AT,CC,GG,CC,GG,CC,GG,NN,AA,CC,CC,CC,CC,AA,TT,AC,AA,AC,CC,AA,AT,AA,AA,CG,CC,CC,GG,AA,GG,AA,AC,GG,CC,CC,AA,AA,GG,TT,GG,AA,TT,TT,GG,AC,GT,TT,TT,CC,AT,TT,CT,AA,AT,GG,CC,GG,CC,CC,CC,GG,CC,AA,GG,AA,CC,TT,CC,TT,TT,GG,TT,AA,AA,TT,CC,GG,AA,AC,CC,GG,GG,AA,GG,TT,AC,AG,CC,GG,AT,CC,AA,AA,GG,TT,TT,AT,CG,GT,AA,CC,AT,GT,AA,GG,AA,TT,AC,TT,CC,CT,AA,CC,TT,GG,AG,CC,AG,AC,TT,TT,TT,GG,AT,AA,AC,AA,NN,CC,GG,GG,CC,GG,TT,AA,CC,GT,GG,CG,CG,AA,GG,CC,AA,CC,AA,AA,AC,CG,CC,TT,AA,GG,AA,AC,AC,AA,GG,GG,AA,AA,TT,GG,AA,AG,AC,AA,TT,AG,AA,GG,GG,GG,GT,AA,AA,TT,AT,TT,AG,TT,GG,GG,AA,8.79,Susceptible,Low,Poor,Medium
L0168,Warangal,Telangana,Rabi,Black Cotton,Irrigated,410,26.5,60,CC,TT,GG,AA,GG,CC,GG,AT,CC,CC,AT,CC,CC,TT,TT,GG,GG,TT,TT,AA,CC,GT,GT,CT,TT,CC,TT,TT,GG,AA,TT,CC,AA,CC,GG,GG,GG,CG,GG,CC,TT,TT,AA,TT,AG,GG,TT,AT,CC,AC,GG,AA,AG,GG,CT,GT,AA,AA,GT,AC,AA,TT,AT,AA,TT,TT,NN,GG,TT,GT,AG,GG,CC,AA,GG,AA,AT,GG,TT,TT,GG,GG,GG,CC,AT,GG,AG,AA,CG,GG,CC,TT,CC,AT,NN,GG,CT,CC,TT,CC,CT,CC,AG,AA,TT,TT,CC,AG,AG,AA,CC,GG,GT,CG,TT,AA,AA,TT,CC,AG,GG,GG,CC,GT,CT,GG,CC,CC,CC,CC,AA,TT,CC,AA,CC,CC,AA,TT,AA,AA,GG,CC,CC,GG,AA,AA,AA,CC,GG,CC,CC,AA,AA,GG,GT,AG,AC,GT,CT,GG,CC,GT,TT,TT,CG,AA,TT,TT,AA,TT,GG,CC,AA,CC,CC,CC,GG,CC,AA,GG,AG,CC,TT,CC,GT,TT,GG,AT,AA,AA,TT,CC,CG,AC,CC,CC,GG,AG,AA,GG,TT,CC,AG,CC,GG,AA,CC,AA,AT,GT,TT,TT,AA,GG,GG,AA,CG,AT,GT,NN,GG,AA,CT,AC,TT,CC,TT,AA,CC,CT,GG,AG,CC,AG,CC,TT,CT,GT,CG,TT,AC,AA,AA,GT,CC,CC,GG,CC,GG,TT,AA,CC,TT,AG,CC,CC,AA,GG,CC,AT,CC,AA,AA,AA,CG,AC,AT,AA,GG,AA,NN,NN,AA,GG,AA,AA,AA,TT,GG,AC,AA,AA,AA,CT,AG,AA,GG,AG,GG,TT,AT,AA,TT,TT,TT,AA,NN,GG,GG,AA,7.62,Susceptible,Low,Premium,Medium
L0169,Warangal,Telangana,Rabi,Black Cotton,Irrigated,410,26.5,60,AC,TT,GG,AG,GG,CC,GG,TT,CC,CC,AA,CC,CC,TT,GT,NN,GG,TT,AT,AA,CC,TT,GT,CC,TT,CC,TT,AT,GG,AA,TT,NN,AG,CC,AG,GG,GG,CC,GG,CC,TT,TT,AA,TT,AG,NN,TT,AT,CC,AC,GT,AA,AG,GG,CC,TT,AT,AC,GT,AA,AA,TT,TT,AA,CT,AA,CC,GG,TT,GG,AA,GG,CC,AA,GG,AA,AT,GG,GT,TT,GG,GG,NN,CC,AA,GG,AA,AT,CC,TT,CC,TT,CC,AT,TT,GG,TT,CC,TT,CC,CT,CC,GG,AA,AT,TT,CC,AA,AG,AA,CC,GG,TT,CG,TT,AA,AC,TT,CC,NN,CG,GG,CC,GT,CT,AA,CC,CC,CC,CC,AA,GT,CC,AA,CC,CC,AA,TT,AA,AA,GG,CC,CC,GG,AA,AG,AA,AC,GT,CC,CC,AG,AA,GG,TT,GG,NN,TT,CT,GG,CC,TT,GT,TT,CC,AT,GT,TT,AA,AT,GG,CC,AA,CT,CC,CC,GG,CC,AA,GG,AA,CC,TT,CC,GG,TT,CC,AT,NN,AA,TT,AC,CG,AA,CC,CC,GG,GG,AA,GG,TT,AA,AG,CC,GG,AA,CC,AA,AT,GG,TT,NN,AT,GG,GT,AA,CG,AT,TT,AA,GG,AA,TT,AA,TT,CG,TT,NN,CC,CT,GG,AA,CC,AG,CC,TT,CT,TT,GG,TT,AA,CC,AA,GG,CC,CG,GG,CC,GG,AT,AA,NN,GT,GG,CC,CC,AT,GG,CG,AT,CC,AA,AA,CC,CG,AC,AT,AA,GG,AA,AA,AA,AA,GG,AA,AA,AA,AT,GG,AA,GG,AC,AA,TT,AA,AA,CG,GG,GG,TT,AT,AA,TT,TT,AT,AG,AT,GG,CG,AA,5.43,Susceptible,Medium,Standard,Late
L0170,Warangal,Telangana,Rabi,Black Cotton,Irrigated,410,26.5,60,AC,TT,AG,AG,GG,CC,GT,TT,CC,CG,AA,CC,CC,TT,TT,GT,CG,TT,TT,AA,CC,TT,GG,CC,TT,CC,TT,AT,GT,AA,TT,CC,AA,CC,GG,CC,GG,CC,GG,AC,TT,TT,AA,TT,AG,AG,TT,TT,CC,CC,GG,AA,AA,GG,CC,TT,AA,CC,TT,AA,AG,GT,AT,AG,TT,AT,CC,GG,TT,GG,AA,GT,CC,AA,GG,AA,AT,GG,TT,TT,GG,GG,GG,CC,AA,GG,AA,AA,CC,GG,AC,TT,CC,AT,GT,AG,TT,CC,GT,CC,CC,CG,AG,AA,TT,TT,CG,AA,AG,AA,CC,GG,GT,CG,GT,AA,AA,TT,CC,GG,CC,AG,CC,GG,TT,AA,CC,CC,CC,CC,AA,NN,CC,AA,CC,CC,AA,TT,AA,TT,GG,CT,CC,GG,AA,AG,AA,AC,GG,CC,CC,AA,AG,GG,TT,GG,AC,TT,CT,GG,CC,TT,GG,TT,CC,AT,TT,TT,AT,AA,GG,CC,AA,CC,CC,CC,GG,CC,AA,GG,AG,AC,TT,GG,GT,GG,GG,AT,NN,AA,TT,CC,GG,AA,CC,CC,GG,GG,AC,GG,TT,AA,AA,CC,GT,AA,CC,AA,AT,GG,TT,AT,AA,NN,GG,AT,CC,TT,GG,AA,GG,AA,TT,AA,TT,CC,TT,AA,CC,CC,GG,AA,CC,GG,AC,TT,TT,TT,GG,TT,AC,AC,AA,GT,CC,CG,GG,CG,GG,AT,AA,CG,TT,GG,CC,CC,AA,AG,CC,AA,CG,AA,AA,CC,CG,CC,TT,AA,GG,AA,AA,AA,AC,GG,GG,AA,AA,TT,CG,AA,AG,AC,AA,TT,AA,AA,GG,GG,GG,GT,AA,AA,TT,TT,TT,AG,AA,GG,GG,AA,5.32,Susceptible,Low,Premium,Late
L0171,Warangal,Telangana,Rabi,Black Cotton,Irrigated,410,26.5,60,AC,TT,GG,AA,GG,CC,GG,TT,CC,CC,AA,CT,CC,TT,TT,GG,CG,TT,TT,AA,CC,TT,GT,CC,AT,CC,TT,TT,GG,AA,TT,CT,AA,CC,GG,GG,GG,CC,GG,CC,TT,CC,AA,TT,AA,AG,CT,TT,CC,AC,GT,AA,AA,GG,CC,GT,AA,AC,TT,CC,AA,TT,TT,AG,TT,TT,CC,GT,TT,GG,AA,GG,CC,AA,GG,AC,AA,GG,TT,TT,GG,GG,GG,CC,AA,GG,AA,AA,CG,GT,CC,TT,CC,AT,TT,GG,TT,CC,GG,CC,CC,CC,AG,AA,AT,TT,CC,AG,AG,AA,CC,GG,TT,CG,TT,AA,AA,TT,CG,AG,CC,GG,CC,GT,CT,AG,CC,CC,CC,CC,AG,TT,CC,NN,CC,CC,AG,TT,AA,AA,GG,NN,CC,GG,AA,GG,AA,CC,GT,CC,CG,AA,AA,GG,TT,AG,AC,GT,TT,AG,AC,TT,TT,TT,CC,AT,GT,CT,AT,TT,GG,CC,AA,CT,CC,CC,GG,CC,AA,GG,AG,CC,TT,CC,GG,TT,GG,AA,AA,AA,TT,CC,CC,AA,CC,CC,GG,GG,AC,CC,TT,AA,AA,CG,GG,AT,AA,AA,AT,GG,TT,AT,AA,CG,GT,AA,CC,TT,TT,AA,GG,AA,TT,AA,NN,CC,TT,AA,CC,CT,CG,AA,CC,GG,NN,TT,CC,GT,GG,TT,AA,CC,AA,GG,CC,CC,GG,CC,GG,TT,AA,CC,GT,GG,CC,CC,AA,GG,CC,AA,CC,AA,AA,CC,CC,CC,TT,AA,GG,AA,AA,AC,AA,AG,AA,AA,AA,TT,GG,AA,AA,AA,CC,CT,AG,AA,GG,GG,CG,TT,AT,AA,TT,TT,TT,AA,AT,GG,GG,AA,7.12,Resistant,Low,Standard,Medium
L0172,Warangal,Telangana,Rabi,Black Cotton,Irrigated,410,26.5,60,CC,TT,GG,AA,GG,CC,GG,TT,CC,CC,AA,CC,CG,TT,TT,GG,GG,NN,TT,AA,CG,GT,GT,CC,TT,CC,TT,AT,GG,AA,TT,CC,AA,CC,GG,GG,GG,NN,GG,CC,NN,CC,AA,TT,AA,GG,TT,TT,CC,AC,GT,AT,GG,GG,CT,GT,AA,AA,TT,CC,AA,GT,AT,AA,TT,TT,CC,GT,TT,GT,AG,GG,CC,AA,AG,AC,AA,GG,TT,TT,GG,GG,GG,CC,AT,GG,AA,AT,CC,GT,CC,TT,CT,TT,TT,GG,TT,CC,TT,CC,CC,GG,AG,AA,AT,TT,CG,NN,AG,AA,CC,GG,TT,CG,TT,AA,AA,TT,CC,AG,CG,AG,CC,GG,CT,AA,CT,CC,CC,CC,AA,TT,CC,AA,CC,CC,AA,TT,AA,AA,GG,CT,CC,GG,AA,AG,AA,CC,GG,CC,CC,AA,AA,GG,TT,GG,AA,GT,CT,GG,AC,TT,TT,TT,CC,AA,GT,TT,AA,TT,CG,CC,AA,TT,AC,CC,CG,CC,AA,GG,AG,CC,TT,CC,GT,GT,GG,TT,AA,AG,TT,CC,GG,AC,CC,CC,GG,GG,AA,GG,TT,AA,AA,CC,GG,AT,CC,AA,AT,GT,TT,TT,AA,CG,TT,AT,CC,TT,TT,AA,GG,AA,TT,AA,TT,CC,TT,AA,CC,TT,CG,AA,CG,GG,AC,TT,TT,TT,GG,TT,AA,CC,AA,GT,CC,CG,GG,CG,GG,AT,AA,CC,GT,GG,CC,CC,AA,GG,CC,AA,CC,AT,AA,NN,CC,CC,TT,AA,GG,AA,AA,AC,AA,AG,AA,AG,AA,TT,GG,AC,AG,AC,AA,CT,AA,AA,CG,GG,GG,NN,AT,AA,TT,TT,TT,AG,TT,GG,GG,AA,7.16,Susceptible,High,Poor,Early
L0173,Warangal,Telangana,Rabi,Black Cotton,Irrigated,410,26.5,60,AA,TT,GG,AA,GG,CC,GG,TT,CC,CC,AA,CT,CG,TT,TT,GG,GG,TT,TT,AA,CC,GT,TT,CC,AT,CC,GT,TT,GG,AA,TT,CC,AA,CC,AG,GG,GG,CC,GG,AC,TT,CT,AA,TT,AA,GG,TT,TT,CG,AC,GG,NN,AA,GG,CT,TT,AA,AA,GG,NN,AA,TT,AA,NN,TT,AT,CC,GG,TT,NN,AA,GG,NN,AA,AG,AC,AT,GG,GT,TT,GG,GG,GG,CC,AA,GG,AA,AA,CC,NN,CC,TT,CT,TT,TT,GG,TT,CC,GG,NN,CC,CC,AG,AA,TT,TT,CC,AA,AG,AA,CC,GG,TT,CC,TT,AC,AA,AT,CG,AG,CC,GG,CC,GG,CT,AA,CC,CC,AC,CG,AA,TT,AC,AA,CC,CC,AA,TT,AA,AA,GG,CC,CC,AG,AA,GG,AA,CC,GG,CC,CC,AA,AA,AG,TT,GG,AA,TT,CT,GG,CC,GT,TT,CT,CG,AA,TT,TT,AT,AA,CG,CC,AA,NN,CC,CC,GG,CC,AA,GG,AG,CC,TT,CC,GG,TT,GG,TT,AA,AA,TT,AA,GG,AA,CC,CC,GG,GG,AA,GG,NN,CC,AA,CC,GG,AT,CC,AA,AT,GG,TT,AT,AT,NN,TT,AA,CC,TT,TT,NN,GG,AA,TT,AC,TT,CC,CT,AC,CC,TT,CG,AG,CC,GG,CC,TT,CT,TT,GG,TT,AC,AC,AA,GG,CC,CC,GG,CC,GG,AT,AG,CC,GT,GG,CC,CC,AA,GG,CG,NN,CC,AA,AG,AC,CC,CC,TT,AA,CG,AA,AA,AA,AA,AA,AG,AG,AA,TT,GG,AA,AG,AC,AA,TT,AG,AA,CG,AG,GG,TT,AA,AA,TT,TT,TT,AG,TT,GG,GG,AA,3.55,Susceptible,Low,Premium,Early
L0174,Warangal,Telangana,Rabi,Black Cotton,Irrigated,410,26.5,60,AC,CT,GG,AG,GG,CC,GG,TT,CC,CG,AA,CC,CC,TT,TT,GG,CG,NN,TT,AA,CC,GT,TT,CC,TT,CC,GT,TT,GT,AA,TT,CC,AA,CC,GG,CG,GG,CG,GG,CC,TT,TT,AC,TT,AA,AG,TT,TT,CC,AC,GG,AT,AA,GG,CT,TT,AA,AA,GG,AA,AA,NN,AT,AG,TT,AT,CC,GG,TT,GG,AA,GG,CC,AA,GG,AC,AT,GG,TT,TT,GG,GG,GG,CC,AT,GG,AA,AA,CC,TT,CC,TT,CC,TT,TT,GG,CT,CC,TT,CC,CC,CG,AG,AA,TT,TT,CC,AA,AA,AC,CC,GG,TT,CC,TT,AC,AA,TT,CG,GG,CC,GG,CC,GG,CT,AA,CC,CC,CC,CC,AA,TT,CC,AA,CC,CT,AA,TT,AA,AA,GG,CC,CC,AG,AA,GG,AA,AC,GG,CC,CC,AG,AG,GG,TT,GG,AC,TT,TT,GG,CC,TT,TT,TT,CC,AA,GT,TT,TT,TT,GG,CC,AA,CC,CC,CC,CG,CC,AA,GG,GG,CC,TT,CC,GT,GT,CG,AT,AA,AG,TT,CC,CG,AA,AA,CC,GG,AG,AC,NN,CT,AC,AA,GG,GG,AA,AC,AA,AA,GT,TT,TT,AT,CG,GT,AA,CG,AT,GT,AA,GG,AA,CT,AA,TT,CC,TT,AC,CC,TT,GG,AG,CC,AG,CC,TT,CT,GT,GG,TT,AA,AC,AA,GG,CC,CC,GG,CC,GG,AT,AA,CC,TT,GG,CC,CG,AT,GG,CG,AA,CC,AT,AA,AC,CC,AC,TT,AA,GG,AA,AA,CC,AA,GG,AA,AA,AA,AT,GG,AA,NN,AC,AA,TT,AA,AA,GG,GG,CG,TT,AA,AG,GT,TT,TT,AG,NN,GG,CG,AA,6.72,Susceptible,Low,Poor,Medium
L0175,Warangal,Telangana,Rabi,Black Cotton,Irrigated,410,26.5,60,AC,TT,GG,AG,GG,CC,GT,TT,CC,GG,AA,CC,CG,TT,GT,GG,CG,TT,TT,GG,CC,GT,GT,CC,TT,CC,TT,TT,TT,AA,TT,CT,AA,CC,GG,CG,GG,CC,GG,CC,TT,TT,CC,TT,AA,AA,TT,TT,CG,AA,GG,AA,AG,GG,CC,GT,AT,AC,GG,AA,AA,GT,AT,NN,TT,TT,CC,GT,CT,GG,GG,GG,CC,AA,GG,AA,AT,GG,TT,TT,GG,GG,GG,CC,AA,GG,NN,AA,CC,GG,CC,TT,CC,TT,TT,GG,CT,CC,TT,CC,CC,CG,AG,AA,AT,TT,CG,AA,AA,AC,CC,GT,TT,CC,GT,AA,AA,TT,CC,GG,CG,GG,CC,GG,CT,AA,CT,CC,CC,CC,AA,TT,CC,AA,CC,CC,AA,TT,AA,AA,CG,CT,CC,GG,AA,GG,AA,CC,GG,CC,CC,AG,AA,AA,TT,GG,AA,GT,CC,GG,AC,GT,GT,CT,CC,AT,TT,TT,AA,TT,GG,CC,AG,CT,CC,AC,CG,CC,AA,GG,AG,CC,TT,CG,GG,GT,GG,NN,AA,AG,TT,CC,GG,AA,CC,CC,CC,AG,AC,GG,TT,AA,GG,CC,GT,AA,CC,AA,AT,GG,TT,TT,AA,GG,TT,TT,CG,AT,TT,AA,GG,AG,TT,AA,TT,CC,CT,AC,CC,TT,CG,GG,CC,GG,CC,TT,TT,GT,GG,AT,AA,CC,AG,GG,CC,CG,GG,CC,GG,TT,AA,CC,TT,AG,CC,CC,AT,AA,CG,AA,CC,AA,AA,CC,CC,CC,AT,AA,GG,AA,AA,CC,AA,AG,NN,AG,AA,TT,GG,AA,AG,AC,AA,CT,AA,AA,GG,AG,GG,TT,AA,AA,TT,TT,TT,AG,AT,GG,GG,AA,7.01,Susceptible,Low,Poor,Early
L0176,Warangal,Telangana,Rabi,Black Cotton,Irrigated,410,26.5,60,AA,TT,GG,AG,GG,CC,GG,TT,CC,CG,AA,CT,CC,TT,TT,GT,CG,TT,TT,AA,CG,GT,GT,CC,AT,CC,TT,AT,GG,AA,TT,CT,AA,CC,AG,GG,GG,CG,GG,CC,TT,CT,AA,GT,AA,AG,TT,AT,CC,AA,GG,AT,AG,GG,CT,GT,AA,AA,TT,AA,AA,TT,AT,AG,TT,AA,CC,GG,TT,GT,AA,GG,CC,AA,GG,AC,AT,GG,TT,TT,GG,GG,NN,CC,AA,GG,AA,AA,CC,GT,CC,TT,CT,TT,GT,GG,NN,CC,TT,CC,CC,CG,AG,AA,TT,GT,CC,AA,AG,AC,CC,GG,TT,CG,GT,AA,AA,AT,CC,GG,CC,GG,CC,GT,CT,GG,CC,CC,CC,CC,AA,TT,CC,AA,CC,CC,AA,AT,AA,AA,GG,CC,CG,GG,AA,AG,AA,CC,GG,CC,CC,AA,AA,GG,TT,GG,AA,TT,TT,GG,AA,TT,TT,TT,CG,AA,GT,TT,AT,TT,CG,CC,AA,CC,AC,CC,CG,CC,AA,GG,GG,CC,TT,CC,GG,TT,GG,AT,AA,AA,TT,CC,GG,AA,CC,CC,GG,GG,AA,GG,TT,AA,AA,CC,GG,AT,CC,AA,AA,NN,TT,AT,AA,GG,GT,AA,CG,AT,GT,AA,GG,AA,TT,AA,TT,CC,TT,AA,AC,TT,GG,AA,CC,AG,CC,TT,CT,GT,GG,TT,AA,CC,AG,GT,CC,CG,GG,CC,GG,TT,AA,CG,GT,GG,CC,CC,AA,GG,CG,AA,CG,AA,AA,CC,CC,AC,TT,AA,CG,AA,AA,AC,AA,NN,AG,AA,AA,TT,NN,NN,AG,CC,AA,TT,AA,AA,GG,GG,GG,GT,AA,AA,TT,TT,AT,AA,TT,GG,GG,AA,8.52,Susceptible,Low,Poor,Late
L0177,Warangal,Telangana,Rabi,Black Cotton,Irrigated,410,26.5,60,AC,TT,GG,AA,GG,CC,GG,AT,CC,CC,AA,NN,CC,AT,GT,GG,CG,TT,TT,AA,CG,TT,GT,CC,TT,CC,TT,TT,GT,AA,TT,CC,AA,CC,GG,GG,GG,CC,GG,CC,TT,CT,AA,GT,AA,AA,TT,TT,CC,AA,GG,AA,AA,GG,CC,TT,AA,AA,GT,AA,AA,GT,AT,AA,TT,AT,CC,GG,TT,GG,AA,TT,CC,AA,GG,AC,AT,GG,TT,TT,GG,GG,GT,CC,AA,GG,AA,AA,CC,GT,CC,TT,CC,TT,TT,GG,TT,CC,TT,CT,CC,CC,AA,AA,TT,TT,CC,AA,AA,AA,CC,GG,TT,CC,GT,AA,AA,TT,CC,GG,CC,GG,CC,GG,CT,AA,CC,CC,CC,CC,AA,TT,CC,AA,CC,CC,AA,TT,AA,AT,CG,CC,CC,GG,AA,AA,AT,CC,GG,CC,CC,AA,AA,AA,GT,GG,AC,TT,TT,AG,CC,TT,TT,TT,CC,AA,TT,CT,AA,AT,GG,CC,AG,NN,AC,CC,GG,CC,AA,GG,AG,CC,TT,CC,GT,TT,CG,AT,AA,AG,TT,CC,GG,AA,CC,CC,CG,GG,AA,GG,TT,AA,AA,CG,GT,AA,AC,AA,AT,GG,GT,AT,AA,CG,TT,AT,CC,AT,GT,AA,GG,AA,TT,AA,TT,CC,CT,AC,CC,TT,CG,AG,CG,GG,AC,TT,TT,GT,GG,TT,AA,CC,AA,GG,CC,CG,GG,CC,GG,AA,AA,CC,NN,GG,CC,CC,AA,GG,CC,AT,CC,AA,AA,AC,CC,AC,AT,NN,GG,AA,AC,AC,AA,GG,AA,AA,AA,TT,GG,AA,AG,CC,AC,CC,AG,AA,CG,GG,GG,GT,AA,AA,GT,TT,TT,AG,TT,GG,GG,AA,6.85,Moderate,Low,Poor,Medium
L0178,Warangal,Telangana,Rabi,Black Cotton,Irrigated,410,26.5,60,CC,TT,GG,AG,GG,CC,GG,TT,CC,CG,AA,CC,CG,AT,NN,GG,GG,TT,TT,AA,CC,GT,GG,CT,TT,CC,TT,NN,GG,AA,TT,TT,AA,CC,GG,GG,GG,CC,GG,CC,TT,CT,AA,TT,AA,AG,TT,AT,CG,NN,GT,AA,AA,GG,CT,TT,AA,AA,GG,AA,AA,TT,TT,GG,TT,TT,CC,GG,CT,GG,AG,GG,CC,AA,GG,AA,AT,AG,GT,TT,GG,GT,GG,CC,AT,AG,AA,AT,CG,GT,AC,TT,CT,TT,TT,GG,TT,CC,TT,CC,CC,CC,AG,AA,TT,TT,CC,AA,AG,AA,CT,GG,TT,CC,GT,AA,AA,TT,CC,AG,CC,AG,CC,GT,CT,AA,CT,CC,CC,CC,AG,GT,AC,AA,AC,CC,AA,TT,AG,AA,GG,CC,CC,GG,AA,AA,AA,CC,GG,CC,CC,AA,AA,GG,TT,AG,AA,GT,CT,GG,CC,TT,TT,CT,CG,AT,TT,TT,AT,TT,GG,NN,AA,TT,CC,CC,CG,CC,AA,GG,AG,CC,TT,CC,GG,GT,GG,TT,AG,AA,TT,CC,GG,AC,CC,CC,GG,GG,AA,GG,TT,AA,AG,CG,GG,AA,AC,AA,AA,GG,TT,TT,AA,CG,GT,AA,CC,TT,GG,AA,GG,AA,NN,AA,AT,CG,CT,AA,CC,CT,GG,NN,CG,AA,CC,TT,TT,GT,GG,AT,AC,CC,AA,GG,CC,CC,GG,CC,GG,TT,GG,CC,TT,GG,CG,CG,AA,GG,CC,AA,CC,AA,AG,CC,CG,AC,TT,AA,GG,AA,AA,NN,AA,GG,AA,AA,AA,TT,GG,AC,AG,AC,AA,CT,AG,AA,GG,GG,GG,TT,AA,AA,GT,TT,TT,AA,TT,GG,GG,AA,7.0,Susceptible,High,Standard,Medium
L0179,Warangal,Telangana,Rabi,Black Cotton,Irrigated,410,26.5,60,CC,TT,GG,AG,GG,CC,GG,AT,CC,CC,AA,CT,CG,TT,TT,GT,CG,TT,TT,AA,CC,GT,TT,CC,AT,CC,TT,TT,GG,AA,TT,CC,AA,CC,GG,GG,GG,CG,GG,CC,TT,CT,AC,TT,AG,GG,CT,TT,CC,AA,TT,AA,GG,GG,CT,TT,AA,AA,GT,AA,AG,TT,TT,AG,CT,AT,CC,GG,TT,TT,AA,GG,CC,AA,GG,CC,AT,GG,TT,TT,GG,GG,GG,CC,AT,GG,AA,AT,CC,GG,CC,TT,CT,TT,GT,GG,TT,CC,GT,CC,CC,CG,AA,AA,TT,TT,CG,AA,AA,AA,CC,GG,TT,CC,TT,AA,AA,TT,CC,GG,CG,GG,CT,GG,TT,AA,CT,CC,CC,CC,AA,GT,CC,AC,CC,CC,AA,TT,AA,AA,CG,CC,CC,GG,AA,AG,AA,CC,GG,CC,CC,AA,GG,AG,GT,AG,AC,TT,CT,GG,CC,TT,GT,TT,CC,AT,TT,TT,AA,TT,GG,CG,AG,TT,CC,CC,CG,CC,AA,GG,AG,CC,TT,CC,GT,GG,GG,AT,AA,AA,TT,CC,GG,AA,AC,CC,GG,GG,NN,GG,TT,AA,AA,CC,GG,AT,AC,AA,TT,GG,TT,AT,AA,CG,GT,AA,CC,TT,GT,AA,GG,AA,TT,AA,TT,CG,CT,AA,CC,CT,GG,AG,CC,AG,CC,AT,CT,TT,GG,TT,AC,CC,AG,GT,CC,CC,GG,CG,GG,TT,AA,CG,GG,GG,CC,CG,AA,GG,CC,AA,CC,AT,AA,AC,CG,CC,TT,AA,GG,AA,AA,AC,AC,AG,AG,AA,AA,TT,CG,AA,AA,AC,AC,CT,AA,AG,GG,GG,GG,GT,AA,AA,TT,NN,TT,AA,AT,GG,NN,AA,5.56,Moderate,High,Premium,Late
L0180,Warangal,Telangana,Rabi,Black Cotton,Irrigated,410,26.5,60,CC,TT,AA,AG,GG,CC,GG,TT,CC,GG,AA,CC,CC,TT,GT,GG,GG,TT,TT,AA,CC,TT,GT,TT,TT,CC,TT,TT,GT,AA,TT,CC,AA,CC,GG,GG,NN,CG,GG,CC,TT,CT,AA,NN,AA,GG,TT,AT,CC,AC,GT,AT,AA,GG,CC,GT,AA,AC,TT,AC,GG,GT,AT,AG,CT,TT,CC,GG,TT,GG,AG,GG,CC,AA,GG,AC,AA,GG,TT,TT,GG,GT,GG,AC,AA,GG,NN,AT,CC,TT,CC,GT,CT,TT,TT,GG,TT,CC,GT,CT,CC,GG,GG,AA,TT,TT,CG,AG,AA,AA,CC,GG,TT,CC,TT,AA,AA,TT,CG,AG,CG,AG,CC,GT,CT,AG,CC,CC,CC,CC,AA,TT,CC,NN,CC,CC,AA,TT,AA,AA,GG,CC,CC,GG,AA,AA,AT,CC,GT,CC,CC,AA,AA,AG,GT,GG,AC,TT,CC,AG,AC,GT,GT,NN,CC,AA,GT,TT,AA,TT,GG,CC,AA,CT,CC,CC,CC,AC,NN,GG,AG,CC,TT,CC,GG,TT,GG,AT,AA,AG,TT,CC,CG,CC,CC,CC,GG,GG,AC,GG,TT,AA,AA,CC,GT,AA,AC,AT,AT,GG,TT,AT,AT,GG,GT,AA,CC,TT,TT,AA,GG,AA,CT,AA,TT,CG,TT,AC,CC,CC,CC,AA,CC,AG,CC,TT,TT,TT,GG,TT,AA,AC,AA,GG,CC,CG,GG,CC,GG,AT,AA,CG,TT,GG,CC,CC,AA,GG,CG,AA,CG,AT,AA,AC,NN,CC,TT,AA,GG,AA,AA,AC,AC,NN,AG,AA,AA,TT,CG,AA,AA,CC,AC,TT,AA,AA,CG,GG,GG,GT,AA,AG,TT,TT,TT,AG,TT,GG,GG,AA,8.03,Moderate,Medium,Standard,Medium
L0181,Warangal,Telangana,Rabi,Black Cotton,Irrigated,410,26.5,60,AC,TT,GG,AG,GG,CC,GG,TT,CC,CG,AA,CC,CC,AT,TT,GG,GG,TT,TT,AA,CG,GT,GT,CT,TT,CC,TT,TT,GG,AA,TT,CC,AA,CC,GG,GG,GG,CC,GG,CC,TT,CC,AC,TT,AA,AG,TT,TT,CC,AC,GG,AA,AA,GG,CC,GT,AT,AA,GG,AA,AA,GT,AT,AG,TT,AT,CC,GG,TT,GT,GG,GG,CC,AA,GG,CC,AT,NN,TT,TT,GG,GG,GG,AC,AA,GG,AA,AT,CC,GT,CC,TT,CT,TT,TT,GG,TT,CC,TT,CT,CC,CG,GG,AA,TT,TT,CC,AG,AA,AA,CC,GG,TT,CG,TT,AA,AC,TT,CC,AA,CC,GG,CC,GT,CT,AA,CC,CC,CC,CG,AA,TT,CC,NN,CC,CC,AA,TT,AA,AA,GG,CC,CC,GG,AA,AA,AA,CC,GG,CC,CC,AA,AA,GG,TT,GG,CC,GT,CT,GG,CC,GT,TT,TT,CC,AT,GT,TT,AA,TT,GG,CC,AG,TT,CC,CC,GG,CC,AA,AG,AA,CC,TT,CC,GT,TT,CG,AT,AA,AA,TT,CC,GG,AA,CC,CC,GG,GG,AA,CC,TT,AA,AA,CC,GG,AA,CC,AT,AA,GG,TT,TT,AT,GG,GG,AA,CC,TT,GT,AA,GG,AA,CT,AA,TT,CG,TT,AC,CC,TT,GG,AA,CC,AG,AC,TT,NN,GT,GG,TT,AC,AC,AA,GG,CC,CG,GG,CC,GG,AT,AG,CG,TT,GG,CC,CC,AA,AG,CG,AA,CC,AA,AA,CC,CG,AC,TT,AA,GG,AA,AA,AC,AC,GG,AG,AA,AA,TT,GG,AA,AG,CC,AA,CT,AA,AA,GG,GG,GG,TT,AA,AA,TT,TT,NN,AA,AT,GG,NN,AC,8.08,Resistant,High,Standard,Medium
L0182,Warangal,Telangana,Rabi,Black Cotton,Irrigated,410,26.5,60,AA,TT,GG,AA,GG,CC,GT,AT,CC,CC,AA,CT,CC,AT,GT,GG,GG,TT,AT,AG,CC,NN,GT,CC,AA,CC,TT,TT,GG,AA,CT,CT,AA,CC,GG,GG,GG,CG,GG,CC,TT,CT,AC,TT,AA,GG,TT,TT,CC,CC,GG,AA,AG,GG,TT,TT,AA,AA,GT,AA,AA,GT,AT,AA,TT,AT,CC,GG,TT,GG,AA,GG,CC,AG,GG,AC,AA,GG,TT,TT,GG,GG,GT,CC,AA,AG,AA,AA,CC,GT,CC,TT,CT,TT,TT,GG,TT,CC,TT,CC,CT,CC,AG,AG,TT,TT,CC,AA,AG,AC,CC,GG,TT,CC,TT,AC,AA,AT,CC,GG,CC,GG,CC,GG,TT,AA,CC,CC,CC,CC,AA,TT,CC,AC,CC,CC,AA,TT,AG,AA,GG,CC,CC,GG,AA,AA,TT,AC,GG,CC,CC,AA,AG,GG,GT,AG,AC,TT,TT,AG,CC,TT,TT,TT,CC,AT,TT,CT,AA,AT,GG,CC,AA,CC,CC,CC,GG,CC,AA,GG,AA,CC,TT,CC,GT,TT,CG,TT,AA,AA,TT,CC,CG,AA,CC,CC,GG,GG,AC,GG,TT,NN,AA,CC,GT,AA,AC,AA,AA,GG,GT,AT,AA,GG,GT,AA,CC,AT,GG,AA,GG,AA,TT,AC,TT,CC,TT,AC,CC,TT,GG,AG,CG,AG,CC,TT,CT,GT,GG,TT,AA,CC,AA,GT,CC,CG,GG,CC,GG,TT,AA,CC,GT,GG,CC,CC,AA,AG,CC,AA,CC,AA,AA,CC,CG,AC,AT,AA,GG,AA,AA,AA,AA,AG,AA,AG,AA,AT,GG,AA,AG,CC,NN,CT,AA,AG,GG,GG,GG,TT,AA,AA,TT,TT,TT,AG,TT,GG,CG,AA,7.35,Susceptible,Low,Premium,Early
L0183,Warangal,Telangana,Rabi,Black Cotton,Irrigated,410,26.5,60,AA,TT,AG,AG,GG,CC,GT,AT,CC,CG,AA,CC,CC,TT,GG,GG,CG,TT,TT,AG,CC,TT,GT,CC,TT,NN,GT,TT,GG,AA,CT,CT,AA,CC,GG,GG,GG,CG,GG,CC,TT,TT,AA,TT,AA,AG,TT,TT,CC,NN,GG,AA,AA,GG,CC,TT,AA,AA,GT,AC,NN,TT,TT,AG,TT,AA,CC,GG,TT,GG,AG,GG,CC,AA,GG,AC,AA,GG,TT,CT,AA,GG,GG,CC,AA,GG,AA,AA,CC,GG,AC,TT,CC,TT,TT,GG,TT,AC,TT,CC,CT,CG,AG,AA,TT,TT,CC,AA,GG,AA,CT,GG,TT,CC,GT,AA,AA,TT,GG,GG,CC,GG,CC,GG,TT,AA,CC,CC,CC,CC,AA,TT,CC,AA,CC,CC,AA,AT,AA,AA,GG,TT,CC,GG,AA,AG,AA,CC,GT,CC,CC,AG,GG,GG,TT,GG,AC,TT,TT,GG,CC,GG,TT,CT,CC,AA,TT,TT,AT,TT,GG,CC,AG,CT,NN,CC,GG,CC,AA,GG,AA,CC,TT,CC,TT,TT,CG,TT,NN,AA,TT,CC,CG,AA,AC,CC,GG,GG,AA,GG,TT,AC,AA,CC,GG,AA,AC,AA,AT,GG,GT,AT,AT,GG,GT,AA,CG,TT,GG,AA,GG,AA,CT,AC,TT,CC,TT,AA,NN,TT,GG,AA,CG,AG,CC,TT,CT,TT,GG,AT,AA,CC,AA,GG,CC,CG,GG,CC,GG,AT,AA,CC,TT,GG,CC,CG,AA,AG,CG,AA,CC,AA,AA,CC,CC,AC,TT,AA,GG,AA,AC,AA,AC,GG,AA,AG,AA,TT,GG,AA,AA,AC,CC,NN,AA,AA,GG,GG,CG,TT,AA,AA,TT,TT,TT,AG,TT,GG,CG,AA,5.63,Resistant,Medium,Standard,Medium
L0184,Warangal,Telangana,Rabi,Black Cotton,Irrigated,410,26.5,60,AC,TT,GG,AG,GG,CC,TT,TT,CC,CC,AA,CC,CG,TT,TT,GG,GG,TT,TT,AA,CC,GG,GT,CT,TT,CC,TT,AT,GG,AA,TT,CT,AA,CC,AG,GG,GG,CC,GG,CC,TT,TT,AA,TT,AA,GG,TT,TT,CC,AC,GG,AA,AA,GG,CT,GT,AA,AA,GG,AA,AG,TT,TT,AA,CT,TT,CC,GG,TT,GG,AG,GG,AC,NN,GG,AA,AT,AG,TT,TT,GG,GG,GT,CC,AA,GG,AA,AA,CC,GT,CC,TT,CT,TT,TT,GG,TT,CC,TT,CC,CC,CG,AG,AA,TT,TT,CC,AA,AA,AC,CT,GG,TT,CG,TT,AC,AC,TT,CC,AA,CG,GG,CC,GT,TT,AG,CC,CC,CC,NN,AA,TT,CC,AA,CC,CT,AA,TT,AA,AA,GG,CT,CC,GG,AA,AG,NN,CC,TT,CC,CC,AA,AG,AG,TT,GG,AC,TT,TT,GG,AC,GG,TT,TT,CG,AA,TT,TT,AT,NN,GG,CC,AG,TT,AC,CC,GG,CC,AA,GG,AG,CC,TT,CC,GG,TT,GG,TT,AA,AA,TT,CC,GG,CC,AC,CC,GG,AG,AA,CG,TT,AC,AA,CC,GG,AA,CC,AA,AA,GT,TT,TT,AA,CG,GT,AT,CC,AT,TT,AA,GG,AA,TT,AA,TT,CC,TT,AA,CC,CT,CG,AA,CC,AG,AC,AT,CT,GT,GG,TT,AA,AC,AA,GG,CC,CC,GG,CC,GG,AT,AA,CC,TT,GG,CG,CC,AA,GG,CC,AA,CC,AA,AA,AA,CG,AC,TT,AA,GG,AA,AC,AC,AA,GG,AG,AA,AA,TT,GG,AA,AG,NN,AA,TT,AA,AA,CG,AA,GG,TT,AA,AA,TT,TT,TT,AA,AT,GG,GG,AA,6.19,Susceptible,High,Premium,Early
L0185,Warangal,Telangana,Rabi,Black Cotton,Irrigated,410,26.5,60,AC,TT,GG,AA,GG,CC,GT,TT,CC,CG,AA,CC,CC,AT,GT,GG,GG,TT,TT,AA,CC,TT,GG,CC,TT,CC,TT,TT,GG,AA,TT,CT,AA,CC,GG,GG,GG,CC,GG,CC,TT,CT,AA,GT,AA,GG,TT,TT,CC,CC,GG,AA,AA,GG,NN,GT,AA,AA,GT,AC,AA,TT,AT,AA,TT,TT,CC,GG,CT,GG,AA,GG,CC,AA,GG,AC,TT,GG,TT,TT,GG,GG,GG,CC,AA,GG,AA,AA,CC,GT,CC,TT,CT,TT,TT,AG,CC,CC,TT,CT,CT,CC,GG,AA,TT,TT,CC,AA,AA,AA,CT,GG,TT,CC,TT,AA,AA,AT,CC,NN,CC,AG,CC,GT,CT,AA,CT,CC,CC,CC,AA,TT,AC,AA,CC,CC,AA,TT,AA,AA,GG,CC,CC,GG,AA,AG,AA,AC,GG,CC,NN,AA,AG,GG,TT,GG,CC,TT,CT,GG,AA,TT,TT,TT,CC,AA,TT,TT,AT,AT,CG,CC,AA,CC,AC,AA,GG,NN,AA,GG,AG,CC,TT,CG,GT,GT,CG,TT,AG,AA,TT,CC,GG,AA,AC,CC,NN,GG,AA,GG,TT,AA,AA,CC,GT,AA,CC,AA,AA,GG,TT,AT,AT,CG,GG,AT,CC,AT,GG,AA,GG,AA,TT,AA,TT,CC,TT,AA,CC,CT,GG,AA,CC,GG,CC,TT,CT,TT,GG,TT,AC,CC,AA,GG,CC,CC,GG,CC,GG,TT,AG,NN,TT,GG,CC,CC,AA,GG,CC,AT,CC,AA,AA,CC,CC,CC,TT,AA,GG,AA,NN,AA,AA,AG,AG,AA,AA,TT,GG,AC,AA,AC,AC,CT,AA,AA,GG,GG,GG,GT,AA,AA,TT,TT,TT,AA,AT,GG,GG,AC,8.5,Resistant,Low,Poor,Medium
L0186,Warangal,Telangana,Rabi,Black Cotton,Irrigated,410,26.5,60,AC,TT,AG,AA,GG,CC,GG,AT,CC,CC,AA,CC,CG,TT,TT,GG,GG,TT,TT,AA,CC,TT,TT,CC,TT,CC,GT,TT,GG,AA,TT,NN,AA,CC,GG,GG,GG,CC,GG,CC,GT,TT,AA,GT,AA,AG,TT,AT,CC,AC,GG,AT,AA,GG,CC,GT,AA,AC,TT,AA,AA,TT,TT,GG,TT,AT,CC,GG,TT,GG,AG,GG,CC,AG,GG,CC,AT,GG,GT,TT,GG,GG,GG,CC,AA,GG,AA,AA,CC,TT,CC,TT,CT,TT,GT,GG,CT,CC,TT,CT,CC,CG,AG,AA,TT,TT,CC,AA,AG,AA,CC,GG,TT,CC,TT,AA,AA,AT,CC,NN,CG,AA,CC,GG,CT,AA,CC,CC,CC,CC,AA,GT,AC,AA,CC,CC,AA,TT,AA,AT,GG,CT,CG,GG,AA,AA,AA,NN,GT,CC,CG,AA,AA,AG,TT,GG,CC,TT,CT,GG,AC,TT,TT,TT,CC,AA,GT,TT,AA,TT,GG,CC,AA,CC,CC,CC,CG,CC,AA,GG,AG,CC,TT,CC,GG,TT,CC,AT,AA,AG,TT,CC,GG,AA,CC,CC,GG,GG,AA,GG,TT,AA,AG,CC,GT,AT,CC,AA,AT,GT,TT,AT,AT,GG,GG,TT,CC,AA,GT,AA,GG,AA,CT,AA,TT,CC,TT,AC,CC,TT,CG,AG,CC,AG,AC,AT,TT,TT,GG,AT,AA,CC,AG,GG,CC,CG,CG,CC,GG,TT,AA,CC,GG,GG,CC,CG,AA,GG,CC,AA,CG,AA,AA,CC,CC,AC,AT,AA,CG,AA,AA,AA,AA,AA,AG,AA,AA,TT,GG,AC,AG,AC,AA,NN,AA,AG,GG,GG,GG,NN,AA,AA,TT,TT,TT,AG,TT,GG,GG,AA,9.14,Susceptible,Low,Poor,Medium
L0187,Warangal,Telangana,Rabi,Black Cotton,Irrigated,410,26.5,60,AC,TT,AG,AG,GG,CC,GG,AT,CC,GG,AA,CT,CC,AT,TT,GG,GG,TT,TT,AA,CC,GG,TT,CT,TT,CC,TT,TT,GG,AA,TT,CC,AA,CC,GG,CC,GG,GG,GG,CC,TT,CT,AA,TT,AG,GG,TT,AT,CC,AA,GG,AA,AA,GG,CC,TT,TT,AC,GG,AC,AA,TT,TT,AG,TT,TT,CC,GG,TT,GG,AA,GG,CC,AA,GG,AA,AA,GG,NN,TT,GG,GG,GG,CC,AT,GG,AA,AA,CC,TT,CC,TT,CC,TT,GT,GG,TT,CC,TT,CC,CT,CC,AA,AA,TT,TT,CC,AA,GG,AC,CT,GG,TT,CC,TT,AC,AA,TT,CC,GG,CC,GG,CC,GG,CT,AA,CC,CG,CC,CC,NN,TT,AC,AA,CC,CT,AA,TT,AA,AA,CG,CC,CC,GG,AA,AA,AA,CC,GG,CC,CG,AA,AG,GG,TT,AA,AC,TT,TT,GG,CC,GG,GT,TT,CC,AT,TT,TT,NN,AT,CG,NN,AA,CT,CC,CC,GG,CC,AA,AG,AA,CC,TT,CC,GT,GT,CG,TT,AA,AA,TT,AA,GG,AA,AC,CC,GG,GG,AA,GG,TT,AA,AG,CC,GG,AA,AC,AA,AA,GG,TT,AT,AT,GG,GT,AA,CC,TT,TT,AA,GG,AA,CT,AA,TT,CC,NN,AC,CC,TT,GG,GG,CC,AG,CC,TT,TT,TT,GG,TT,AA,AC,GG,GG,CC,CG,GG,CC,GG,AT,AA,CC,TT,GG,CC,CC,AA,GG,CC,AA,CG,AA,AA,AC,CC,AA,TT,AA,GG,AA,AA,AA,AC,AA,AG,AG,AA,TT,CG,AC,AG,AC,AC,CT,AA,AA,CG,AG,GG,TT,AA,AA,TT,TT,TT,AG,AT,GG,CG,AA,6.43,Susceptible,Low,Premium,Early
L0188,Warangal,Telangana,Rabi,Black Cotton,Irrigated,410,26.5,60,AA,TT,GG,AG,GG,CC,GG,TT,CC,CG,AA,CC,CC,TT,TT,GG,GG,TT,TT,AG,CC,TT,TT,CT,TT,CC,TT,TT,GG,AA,TT,CC,AA,CC,GG,GG,GG,CC,GG,CC,TT,CT,AA,GT,AA,AA,TT,AT,CC,AC,GG,AA,AA,GG,CC,GT,AT,AC,GT,AA,AA,GT,AT,AG,TT,AT,CC,GG,TT,GT,AA,TT,CC,AA,AG,AC,AA,GG,TT,TT,GG,GG,GG,CC,AT,AG,AA,AA,CG,GT,CC,TT,CC,TT,GT,AG,TT,CC,TT,CC,CC,GG,GG,GG,TT,TT,CC,AA,AA,NN,CC,GG,TT,CC,TT,AC,AC,TT,CC,AG,CC,GG,CT,GG,TT,AG,CC,CC,CC,CC,AA,GT,AC,AA,CC,CT,AA,TT,AG,AA,CG,CC,CC,GG,AG,AG,AA,CC,GT,CC,CG,AG,AG,NN,TT,GG,AC,TT,CT,GG,CC,GT,TT,CT,CG,AA,GT,TT,AA,TT,CG,CC,AG,CT,CC,CC,CG,CC,AA,GG,AG,CC,TT,CG,GT,TT,GG,AT,AA,AG,TT,CC,CG,AA,AC,CC,GG,GG,CC,CG,TT,AA,AA,CG,GG,AT,CC,AA,AT,GG,TT,AT,AA,GG,TT,AT,CG,AT,GT,AA,GG,AG,CT,AA,TT,CC,TT,AA,CC,TT,GG,AG,CG,AG,AC,TT,TT,TT,GG,TT,AA,AC,AG,NN,CC,CG,GG,CC,GG,AA,NN,CG,TT,GG,CC,CC,AT,AG,CG,AT,CC,AT,AA,CC,CG,AC,TT,AA,GG,AA,AC,AC,AC,GG,AG,AA,AA,TT,GG,AA,AA,AC,AC,CT,AG,AA,GG,GG,GG,TT,AA,GG,TT,TT,TT,AG,TT,GG,GG,AA,6.8,Susceptible,Low,Poor,Medium
L0189,Warangal,Telangana,Rabi,Black Cotton,Irrigated,410,26.5,60,AC,TT,GG,AA,CG,CC,GT,TT,CC,GG,AT,CT,CC,TT,GT,GG,GG,TT,TT,AA,CG,TT,GT,CT,TT,CC,TT,AT,GG,AA,TT,CC,AA,CC,AA,GG,GG,NN,GG,CC,NN,CT,AA,TT,AA,GG,TT,TT,CC,CC,GG,AT,AA,GG,CC,TT,AA,AA,TT,CC,AA,TT,TT,AG,TT,AT,CC,GG,TT,GT,AG,GG,CC,AA,GG,AA,AA,GG,TT,TT,GG,GG,GG,CC,AA,GG,AA,AA,CG,GT,CC,GG,CC,TT,TT,GG,CT,CC,GT,CC,CC,CG,AA,AA,TT,TT,CG,AA,AA,AA,CT,GG,TT,CG,GT,AA,AA,TT,CC,AG,CC,AG,CC,GG,NN,AA,CC,CC,CC,CC,AA,TT,CC,AA,CC,CC,AA,TT,AA,AT,GG,CC,CC,GG,AA,AG,AA,NN,GG,CC,CC,AA,AG,GG,GT,GG,AA,TT,CT,GG,AC,TT,GT,CT,CC,AA,GT,CT,AA,TT,GG,CC,AA,CT,CC,CC,GG,CC,AA,GG,AG,CC,TT,CC,GT,TT,CG,AA,AA,AA,TT,CC,CG,AC,CC,CC,GG,GG,AA,CG,TT,AA,AA,CG,GG,AT,AC,AA,AT,GG,TT,TT,AA,CG,GG,AT,CC,TT,GG,AT,GG,AA,CC,AA,TT,CC,CT,AA,CC,TT,GG,AA,CC,AG,CC,TT,CT,TT,GG,TT,AA,CC,AG,GG,CC,CG,GG,CG,GG,AA,AA,CC,TT,GG,CG,CC,AA,GG,CC,AA,CC,AA,AA,AC,CC,CC,TT,AA,CG,AA,AA,AC,AA,AG,GG,AA,AA,TT,GG,AA,AG,AC,AC,TT,AG,AG,GG,GG,GG,TT,AA,AA,TT,TT,TT,AA,AT,GG,GG,AA,6.34,Moderate,Low,Premium,Medium
L0190,Warangal,Telangana,Rabi,Black Cotton,Irrigated,410,26.5,60,AA,TT,AG,GG,GG,CG,GG,TT,CC,GG,AA,CT,CC,AT,TT,GG,GG,TT,TT,AA,CC,TT,GT,CT,TT,CC,TT,TT,GG,AA,CT,CC,AA,CC,GG,CG,GG,GG,GG,CC,TT,CT,AA,TT,AG,AG,TT,TT,CC,AC,GT,AA,AG,GG,CT,GG,AT,AA,GT,AA,AA,TT,AT,AG,TT,TT,CC,GG,TT,GG,AA,GT,NN,AA,GG,AC,AA,AG,GT,TT,GG,GG,GG,CC,AA,GG,AA,AT,CC,GT,AC,TT,CT,TT,GT,GG,TT,CC,GT,CT,CT,CG,AG,AA,TT,TT,CC,AA,AA,AA,TT,GG,TT,CC,TT,AA,AA,TT,CC,GG,CC,GG,CT,GT,TT,AA,CC,CC,CC,CC,AA,TT,CC,AA,CC,CT,AA,TT,AA,AA,CC,CT,CC,GG,AG,AA,AA,CC,GG,CC,CC,AA,AA,GG,GT,GG,AA,TT,TT,GG,CC,GT,TT,CT,CG,AA,TT,TT,AA,AT,GG,NN,AG,CC,CC,CC,CC,CC,AA,GG,GG,CC,TT,CG,GT,TT,GG,TT,AG,AA,TT,CC,GG,AC,CC,CC,GG,NN,AA,GG,TT,AA,AA,CC,GG,AA,CC,AT,AA,GT,TT,AT,AT,GG,GT,AT,CC,TT,TT,AA,GG,AA,TT,AA,TT,CC,TT,AA,CC,TT,GG,AA,CG,AG,CC,TT,CC,TT,GG,TT,AC,CC,AG,GG,CC,CC,GG,CC,GG,AT,AA,CC,TT,GG,CC,CC,AA,GG,CC,AT,CC,AA,AA,CC,CC,CC,TT,AA,GG,AA,AA,AA,AA,NN,AA,AA,AA,TT,GG,AA,AA,AC,AC,CT,AA,AA,GG,NN,GG,TT,AA,AA,TT,TT,TT,AG,AT,GG,CG,AA,7.94,Susceptible,Low,Standard,Early
L0191,Warangal,Telangana,Rabi,Black Cotton,Irrigated,410,26.5,60,AA,TT,GG,AG,GG,CG,GG,TT,CC,CC,AA,CT,CG,AT,NN,GG,GG,TT,TT,AA,CC,TT,GT,CC,TT,CC,TT,TT,GT,AA,TT,CC,AG,CC,GG,CC,GG,CG,GG,CC,TT,TT,AA,GT,AG,GG,CT,TT,CC,AC,GG,AA,AG,GG,CC,GT,AA,AA,GG,AC,AA,GT,TT,AG,TT,TT,CC,NN,TT,GG,AG,GG,CC,AA,AG,NN,AA,GG,TT,TT,GG,GG,GG,CC,AT,GG,AG,AA,CG,GG,NN,TT,CT,TT,TT,GG,TT,CC,TT,CC,CT,GG,AG,AG,AT,TT,CC,AA,AG,AA,CC,GG,TT,CC,TT,AA,AA,TT,CG,GG,CG,GG,CC,GG,TT,AA,CC,CC,CC,CC,AA,TT,CC,AA,CC,CC,AA,TT,AA,AA,GG,CC,CC,GG,AA,AG,AA,CC,GG,CC,CG,AA,AG,GG,GT,GG,AA,GT,TT,GG,AC,TT,TT,TT,CC,AA,TT,TT,AA,TT,GG,CG,AG,CC,CC,CC,CG,CC,AA,GG,AA,CC,TT,CG,GT,GT,GG,AA,AA,AA,TT,CC,GG,AC,CC,CC,GG,GG,AA,GG,TT,AC,AA,CC,GT,AT,AC,AA,AT,GG,TT,AT,AA,CG,GG,AT,CC,AT,TT,AA,GG,AA,TT,AA,TT,CC,TT,AA,CC,TT,CG,AG,CG,AG,CC,TT,TT,GT,GG,TT,AA,CC,AA,GG,NN,CG,GG,CC,GG,AT,AG,GG,GT,GG,CG,CC,AA,AG,CC,TT,CC,AT,AA,CC,CC,AC,AT,AG,GG,AA,AA,AC,AA,AG,AG,AA,AA,TT,GG,AA,AA,CC,AC,CT,AG,NN,CG,GG,GG,TT,AA,AA,GT,TT,TT,GG,AT,GG,GG,AC,7.32,Resistant,Medium,Premium,Early
L0192,Warangal,Telangana,Rabi,Black Cotton,Irrigated,410,26.5,60,AA,TT,AA,AA,GG,CC,GG,TT,CC,CG,AT,CC,GG,TT,GT,GG,CG,TT,TT,AA,CG,TT,GT,CC,TT,CC,TT,TT,GG,AA,TT,CC,AA,CC,GG,CG,GG,CC,GG,AA,TT,CC,AA,TT,AA,GG,TT,TT,CC,AC,GG,AA,AG,GG,CC,TT,AT,AC,GT,AA,AA,TT,TT,AG,TT,TT,CC,GG,TT,GG,AA,GG,CC,AA,GG,AA,AT,GG,GT,TT,GG,GT,GT,CC,AT,AA,AA,AA,CG,TT,CC,TT,CT,TT,GT,GG,TT,CC,TT,CC,CT,CC,AG,AG,AT,NN,CC,AA,GG,AA,CC,GG,TT,CG,TT,AC,AA,TT,CC,GG,CC,GG,CT,GT,NN,AA,CT,CC,CC,CC,AA,TT,AC,AA,CC,CC,AA,TT,AA,AA,GG,CC,CC,GG,AG,AG,AA,CC,NN,CC,CC,AA,AA,AG,GT,GG,CC,GT,CT,GG,CC,TT,GT,TT,CC,AA,TT,TT,AT,TT,GG,CC,AG,CC,CC,CC,GG,AC,AA,AG,AG,CC,TT,CC,TT,TT,GG,TT,AA,AG,TT,NN,GG,AA,CC,NN,GG,GG,AA,GG,TT,AC,AA,CC,GG,TT,AA,AA,AT,GG,TT,TT,AA,GG,GT,AA,CG,NN,GT,AA,GG,AA,NN,AA,AT,CC,TT,AA,CC,CT,GG,AA,CC,GG,CC,TT,CT,TT,GG,TT,AA,AC,AA,GG,CC,CG,GG,CC,GG,AT,AA,CC,GT,GG,CC,GG,NN,AG,CC,TT,CC,AT,AA,AC,CC,AC,TT,AA,GG,AA,AA,AA,AA,AG,GG,AA,AG,TT,GG,NN,AG,AC,AA,TT,AA,AA,CG,GG,CG,TT,AA,AG,GT,TT,TT,AA,AT,GG,CG,AA,8.48,Susceptible,Medium,Premium,Late
L0193,Warangal,Telangana,Rabi,Black Cotton,Irrigated,410,26.5,60,AA,CT,AG,AG,GG,CC,GG,TT,CC,CG,AA,CC,CG,AT,TT,GT,CG,TT,TT,NN,CC,TT,TT,CT,TT,CC,TT,TT,GG,AA,TT,CC,AA,CC,GG,GG,GG,CC,GG,CC,TT,TT,AA,TT,AG,GG,TT,AT,CC,CC,GG,AA,AG,GG,CC,TT,AA,AC,GT,AC,AG,GT,AT,AA,TT,AA,CC,GG,TT,GG,AG,GG,CC,AA,GG,AC,AA,GG,TT,TT,AG,GG,GG,CC,AA,GG,AA,AA,CC,GT,CC,TT,CC,TT,TT,AG,CT,CC,GT,CC,CC,NN,AG,AA,TT,TT,CC,AA,AA,AA,CC,GG,TT,CC,TT,AA,AA,TT,CG,GG,CC,GG,CC,GT,TT,AA,CC,CC,CC,CC,AA,TT,CC,AA,CC,CC,AA,AT,AA,AA,CG,CC,CC,GG,AG,GG,AA,AC,TT,CG,CC,AA,GG,GG,TT,GG,CC,TT,CT,GG,AC,TT,NN,TT,CG,AT,TT,TT,AA,TT,GG,CC,AA,CT,CC,CC,CG,CC,AA,GG,AG,CC,GT,CC,GG,TT,GG,AT,AG,AG,TT,AC,GG,AC,CC,NN,GG,GG,AA,GG,TT,AC,AA,CC,GG,AA,AC,AT,AA,GT,TT,AT,AT,CG,TT,AT,GG,TT,GT,AA,GG,AA,TT,AA,TT,CC,TT,AC,CC,TT,GG,AG,CC,AG,CC,TT,TT,GG,GG,TT,AA,AC,AG,GG,CC,CG,GG,CC,GG,TT,AA,CC,GT,GG,CC,CC,AT,GG,CC,AA,CG,AA,AA,AC,CG,AC,AT,NN,GG,AA,AA,AA,AC,GG,AG,AA,AA,AT,GG,AC,AG,CC,CC,CT,AG,AA,GG,GG,GG,TT,AT,AA,GG,TT,TT,AA,TT,GG,GG,AA,7.89,Moderate,High,Standard,Late
L0194,Warangal,Telangana,Rabi,Black Cotton,Irrigated,410,26.5,60,AC,TT,AG,AG,CG,CC,GT,AT,CC,CC,AA,CT,CG,AT,GT,GG,CG,TT,TT,AA,CC,GT,GT,CC,TT,CC,TT,TT,GG,AA,TT,CC,AA,AC,GG,GG,GT,CG,GG,AC,TT,CC,AA,TT,AA,GG,TT,TT,CC,AC,GG,AA,AA,GG,CC,TT,AA,AC,GG,AA,AA,TT,TT,AG,TT,TT,CC,GG,TT,GG,AG,GG,CC,AA,GG,AA,AA,GG,GT,NN,GG,GT,GG,CC,AA,AG,AA,AT,CC,GT,CC,TT,CC,TT,TT,AG,TT,CC,TT,CC,CC,CC,AG,AA,TT,TT,CC,AA,AG,AC,CC,GG,TT,CC,GT,AA,AA,TT,CG,AG,CC,AG,CC,GT,TT,AG,CT,CC,CC,CC,AA,TT,AC,AA,CC,CC,AA,AT,AA,AA,CG,CC,CC,GG,AA,AA,AA,CC,GG,CG,CG,AA,AA,GG,NN,GG,CC,GT,CC,GG,CC,TT,TT,TT,CG,AA,GT,TT,AA,TT,CG,CC,AG,CC,CC,CC,CG,CC,AA,GG,GG,CC,TT,CC,GG,TT,CG,AT,AA,AG,TT,CC,GG,AA,CC,CC,GG,GG,AC,GG,TT,AC,AG,CC,GT,AA,AC,AA,AT,GG,TT,TT,AA,CC,GG,AT,CG,TT,GT,AA,GG,AA,TT,AA,TT,CC,CT,AA,CC,TT,GG,AG,CC,AA,CC,TT,TT,TT,GG,TT,AC,CC,AA,GG,CC,CC,GG,CC,GG,TT,AG,CC,TT,GG,CC,CC,AT,GG,CG,AA,CC,AA,AA,AC,CG,CC,TT,AG,GG,AA,AA,AA,AA,AG,AG,AG,AA,TT,GG,AA,AA,AC,AA,CT,AA,AA,GG,GG,CG,GT,AA,AA,TT,TT,TT,AA,TT,GG,GG,AA,7.68,Moderate,Low,Premium,Medium
L0195,Warangal,Telangana,Rabi,Black Cotton,Irrigated,410,26.5,60,AC,TT,GG,GG,GG,CC,GT,TT,CC,CC,AA,CC,CC,TT,TT,GT,GG,TT,TT,AA,CG,TT,TT,CC,TT,CC,TT,TT,GT,NN,CT,TT,AA,CC,GG,CG,GG,CG,GG,CC,TT,TT,AA,TT,AA,AG,TT,TT,CC,AC,GT,AA,AA,GG,CC,TT,AA,AC,GG,AA,AA,GT,AT,AA,CT,AA,CT,GG,TT,GT,AG,GG,CC,AA,GG,AC,TT,GG,TT,TT,NN,GT,GG,CC,AA,GG,AA,AA,CC,GG,AC,TT,CC,TT,TT,GG,TT,AC,TT,CC,CC,CC,AG,AA,TT,TT,CC,AA,AA,AA,TT,GG,TT,CC,TT,AA,AA,TT,CC,AG,CG,GG,CC,GG,TT,AA,CC,CC,AC,CG,AA,NN,CC,AA,CC,CT,AA,NN,AG,AA,CG,CT,CC,GG,AA,AA,AA,CC,GT,CC,CC,AA,AA,NN,GT,GG,AA,TT,TT,AA,AC,TT,TT,TT,CC,AA,GT,TT,AA,TT,GG,CC,AG,CT,CC,CC,GG,CC,AA,GG,AA,CC,TT,CG,GG,GT,GG,AT,AA,AA,TT,CC,GG,AC,CC,CG,GG,GG,AA,GG,TT,AC,AA,CG,GT,AT,AC,AA,AA,GT,TT,TT,AT,GG,TT,AA,CG,AT,TT,AA,GG,AA,CC,NN,TT,CC,TT,AA,CC,TT,GG,AG,CC,GG,CC,TT,TT,GT,GG,TT,AC,CC,AA,TT,CC,GG,GG,CC,GG,AA,AG,CC,TT,GG,CC,CC,NN,GG,CC,AT,CC,AA,AA,AC,CC,AC,TT,AG,GG,AA,AA,AA,AA,NN,AA,AA,AA,TT,GG,AA,GG,CC,AA,TT,AG,AA,CG,NN,GG,TT,AA,AA,TT,TT,TT,AA,AT,GG,CG,AC,6.22,Moderate,Low,Standard,Medium
L0196,Warangal,Telangana,Rabi,Black Cotton,Irrigated,410,26.5,60,AA,TT,GG,AA,CG,CC,GG,AT,CC,CC,AA,CT,CG,AA,TT,GG,GG,TT,TT,AA,CC,TT,GT,CC,AT,CC,TT,TT,GG,AA,TT,CC,AA,CC,AG,CG,GG,CC,GG,CC,TT,CT,AA,TT,AG,GG,TT,TT,CC,CC,GG,AA,AG,GG,CT,TT,AT,AA,TT,AC,AA,TT,AT,AA,TT,AT,CC,GG,TT,GG,AA,GG,CC,AA,GG,AA,AT,GG,TT,TT,GG,GG,GG,CC,AA,GG,AA,AA,CC,TT,CC,TT,CC,TT,TT,GG,TT,CC,TT,CC,CT,CC,GG,AA,TT,TT,CC,AA,GG,AA,CT,GG,TT,CC,GT,AA,AA,TT,GG,GG,CC,GG,CC,GG,CT,AA,CT,CC,CC,CC,AA,TT,CC,AA,CC,CC,AA,AT,AA,AT,GG,CT,CC,GG,NN,AA,NN,CC,GT,CC,CC,AG,NN,AG,GT,GG,AA,GT,TT,GG,AC,TT,TT,TT,CC,AT,GT,TT,AA,TT,GG,NN,AA,CC,CC,CC,CC,CC,AA,GG,GG,CC,TT,CG,GT,TT,CG,AT,AA,AA,TT,AC,GG,AA,CC,CC,GG,AG,AC,GG,TT,AA,AG,CC,GG,AA,CC,AA,AT,GT,GT,TT,NN,GG,GT,AT,CG,TT,GT,AT,GG,AA,CT,AA,TT,CC,TT,AC,CC,TT,GG,NN,CG,GG,CC,TT,TT,GT,GG,TT,AA,AC,AA,GG,CC,CG,GG,CC,GT,TT,AG,CC,TT,NN,CC,CC,AA,GG,CC,AT,CC,AA,AA,AC,CC,AC,TT,GG,GG,AA,AA,AC,AA,AG,GG,AA,AA,TT,CG,AA,AA,AC,AA,CT,AG,AA,GG,GG,GG,TT,TT,AA,TT,TT,TT,AA,AA,GG,GG,AA,4.58,Moderate,Low,Standard,Early
L0197,Warangal,Telangana,Rabi,Black Cotton,Irrigated,410,26.5,60,AC,CC,GG,AA,GG,CC,GT,AT,CC,CC,AA,CT,CG,TT,TT,GG,GG,TT,TT,AA,CG,TT,TT,CT,TT,CC,TT,TT,GT,AA,TT,CT,AA,CC,GG,GG,GG,CC,GG,CC,TT,CC,AC,GT,AA,GG,TT,NN,CC,AC,GT,AA,AG,GG,CT,GT,AA,AC,GT,AA,AA,TT,AT,AG,TT,TT,CC,GG,TT,GT,AA,GG,CC,AA,GG,CC,AT,GG,TT,TT,GG,GG,GT,CC,AA,GG,AA,AA,CC,TT,CC,TT,TT,TT,GG,AG,CT,CC,GT,CC,CC,CG,AG,AA,TT,TT,CC,AA,AG,AC,CC,GG,TT,CC,TT,AA,AC,TT,CC,AA,CG,GG,CC,NN,TT,NN,CC,CC,CC,CC,AA,TT,CC,AA,CC,CC,AA,TT,AA,AA,CG,CT,CC,GG,AA,AG,AA,CC,GT,CC,CG,AA,AG,GG,TT,GG,CC,GT,TT,GG,AC,GG,TT,TT,CC,AT,TT,CT,AA,TT,GG,CC,AA,CT,CC,CC,GG,CC,AA,AG,GG,CC,TT,CC,GG,TT,GG,AT,AA,AA,TT,CC,GG,AA,AC,CC,NN,GG,AC,GG,TT,AA,AA,CC,GG,AA,CC,AA,AT,GT,TT,AT,AA,GG,GT,AA,CG,NN,GT,AA,GG,AA,TT,AA,AT,CC,CT,AA,CC,TT,GG,AG,CC,AG,CC,TT,TT,TT,GG,TT,AA,CC,AG,GG,CG,CG,GG,CC,GG,AT,AA,CC,TT,GG,CC,CC,AA,GG,CC,AT,CC,AA,AA,CC,CC,AC,TT,AA,GG,AA,AA,AC,AA,AG,AG,AA,AA,AT,GG,AC,GG,CC,AC,TT,AA,AA,GG,AG,GG,TT,AT,AA,GG,TT,TT,AA,AT,GG,GG,AA,8.05,Susceptible,Low,Standard,Early
L0198,Warangal,Telangana,Rabi,Black Cotton,Irrigated,410,26.5,60,AC,TT,GG,AG,GG,CC,GG,AT,CC,GG,AA,CC,CG,TT,TT,GG,CC,TT,TT,AA,CC,TT,GT,CC,AT,CC,TT,TT,GG,AA,TT,CC,AA,CC,GG,GG,GG,CG,GG,CC,TT,TT,AC,GT,AA,AG,TT,AT,CG,AC,GG,AA,AA,CG,CC,TT,AA,AA,GG,AA,AA,TT,TT,AG,TT,TT,CC,GG,TT,GT,AG,GG,CC,AA,GG,AA,AT,NN,TT,TT,GG,GG,GG,CC,AA,GG,AG,AA,CC,GT,AC,TT,CT,TT,TT,GG,CT,NN,TT,CC,CC,CC,GG,AA,TT,TT,CC,AA,AG,AA,CT,GG,TT,CC,GT,AA,AA,TT,CC,GG,CG,NN,CC,GT,CT,AA,CC,CC,CC,CC,AA,TT,CC,AA,CC,CT,AA,TT,AA,AA,CC,CC,CC,GG,AA,AA,AA,CC,GG,CC,CC,AA,AG,AG,GT,GG,AC,GT,CT,GG,AC,TT,TT,CT,CG,AA,TT,TT,AA,TT,NN,CC,AA,CT,AA,NN,GG,CC,AA,GG,AA,CC,TT,NN,TT,GT,GG,AT,AA,AA,TT,CC,GG,AA,AC,CC,GG,GG,AA,GG,CT,AC,AG,CC,GT,AA,CC,AA,AA,GT,TT,AA,TT,CG,GG,TT,CC,AA,TT,AA,GG,AA,TT,AA,TT,CC,TT,AA,CC,TT,CG,AA,CC,AG,CC,TT,CT,GT,GG,TT,AA,AA,AG,GG,CC,CC,GG,CC,GG,TT,AA,CG,TT,GG,CC,CG,AT,GG,CC,AT,CG,AA,AA,AC,CG,AC,TT,AG,GG,AA,NN,CC,AA,AG,AA,AA,AA,AT,GG,AA,AG,CC,AA,CT,AA,AA,GG,GG,NN,TT,AA,AA,TT,NN,TT,AA,TT,GG,CG,AA,9.03,Susceptible,Low,Poor,Late
L0199,Warangal,Telangana,Rabi,Black Cotton,Irrigated,410,26.5,60,AA,NN,GG,AA,CG,CC,GG,NN,CC,CG,AA,CC,CC,AT,TT,GG,GG,TT,TT,AG,CC,GT,GT,CT,TT,CC,TT,TT,GG,AA,TT,CT,AG,CC,GG,GG,GG,CG,GT,AC,TT,CT,AA,NN,AA,AG,TT,TT,CC,AC,GG,AA,AA,GG,CC,GG,AA,AA,GG,AA,AA,TT,AT,AA,TT,AT,CC,GG,TT,TT,AA,GG,CC,AA,AG,AA,TT,GG,TT,TT,GG,GG,GT,CC,AA,GG,AA,AA,NN,GT,AC,TT,CT,TT,GT,GG,TT,CC,GT,CC,CC,GG,AG,AG,TT,TT,NN,AG,AG,AC,CC,GG,TT,CC,TT,CC,AC,TT,CC,GG,GG,GG,CC,GG,TT,AG,CC,CC,CC,CC,AA,TT,CC,AA,CC,NN,AA,AA,AA,AA,GG,CC,CC,GG,AA,AA,AT,CC,GG,CC,CC,AA,GG,GG,TT,GG,AA,GT,CT,GG,CC,GG,GT,CT,CC,AT,GT,TT,NN,TT,CG,CG,AA,CT,CC,CC,CG,CC,AA,GG,AA,CC,TT,CC,GT,TT,GG,TT,AA,AG,TT,AC,CG,AA,CC,CG,GG,GG,NN,GG,TT,AC,AA,CC,GG,AA,AA,AA,AT,GG,TT,AT,AT,GG,GG,AT,CC,AT,TT,AA,GG,AA,TT,AA,TT,CC,TT,AC,CC,TT,GG,AA,CG,AG,CC,AT,TT,TT,GG,TT,AC,CC,AG,GG,CC,CG,GG,CC,GG,TT,AG,CG,TT,GG,CG,CG,AT,GG,CC,AA,CC,AT,AA,AC,CC,AC,TT,AA,GG,AA,AA,AC,AC,AA,AA,AG,AA,TT,GG,AA,AA,AA,AA,CT,GG,AA,GG,AG,CG,TT,AT,AA,TT,TT,TT,GG,AT,GG,GG,AA,7.17,Susceptible,Low,Standard,Medium
L0200,Warangal,Telangana,Rabi,Black Cotton,Irrigated,410,26.5,60,AA,CC,AG,AG,GG,CC,GG,TT,CC,CG,AA,CC,CC,TT,GT,GG,GG,TT,TT,AA,CG,TT,GT,CC,TT,CC,TT,TT,GG,AA,TT,CC,AA,CC,GG,CG,GG,CC,GG,CC,TT,CT,AC,TT,AA,AA,CT,TT,CC,AA,GT,AA,GG,GG,CC,TT,AA,AC,TT,AA,NN,TT,TT,AG,TT,TT,CC,GG,TT,GG,AG,GG,AC,AA,AG,CC,AT,GG,TT,TT,GG,GT,GG,CC,AT,GG,AA,AA,CC,TT,AC,TT,CT,AT,GT,GG,TT,CC,TT,CC,CC,CG,GG,AA,TT,TT,CC,AA,AA,AC,CT,GG,TT,CC,GT,AC,AA,AT,CC,GG,CC,GG,CC,GG,TT,AG,CC,CC,AC,CC,AG,TT,CC,AA,CC,TT,AA,TT,AA,AA,CG,CT,CC,GG,AG,GG,AA,CC,GG,CC,CG,AA,AA,GG,TT,GG,AC,TT,TT,GG,CC,TT,TT,TT,CG,AA,TT,TT,AA,TT,CG,CC,GG,CT,CC,CC,CG,CC,AA,GG,AA,CC,TT,CC,GG,GT,NN,AT,AA,AA,GT,AC,GG,AA,CC,CC,GG,GG,AC,NN,TT,AA,AA,CC,GG,AA,AC,AA,AA,GG,GT,NN,AA,GG,GT,AT,CC,AT,NN,AA,GG,AA,TT,AA,TT,CG,CT,AC,AC,CT,GG,AG,CG,AG,CC,TT,TT,TT,GG,TT,AC,AC,AG,GG,CC,CC,GG,CG,GG,AT,AA,CC,GT,GG,CG,CG,AA,GG,CC,AA,CG,AA,AA,CC,CG,NN,TT,AA,GG,AT,AA,AC,AA,GG,AA,AG,AA,AT,GG,AC,AA,CC,AA,TT,AA,AG,GG,GG,CG,TT,TT,AA,GT,TT,TT,AA,TT,CG,GG,AA,7.77,Susceptible,High,Poor,Early
L0201,Warangal,Telangana,Rabi,Black Cotton,Irrigated,410,26.5,60,AA,TT,GG,AG,GG,CC,GT,TT,CC,GG,AA,CC,CG,AT,GT,GT,CC,TT,TT,AA,CC,TT,GT,CC,NN,CC,TT,TT,GG,AA,TT,CC,AA,CC,GG,GG,GG,CG,GG,CC,TT,CT,AA,GT,AA,AG,TT,TT,CC,AA,GG,AA,AA,GG,TT,TT,NN,AC,TT,AA,GG,TT,TT,AA,TT,TT,CT,GG,CT,NN,AA,GG,AC,AA,AG,AC,AA,GG,TT,TT,GG,GT,GG,CC,AA,GG,AA,AA,CC,GT,CC,TT,CT,TT,GT,GG,TT,CC,TT,CC,CC,GG,AG,AA,TT,TT,CG,AA,AG,AA,CC,GG,TT,CC,GT,AC,AA,AT,CC,GG,CC,GG,CC,GG,CT,AA,CC,CC,CC,CC,AA,TT,CC,AA,CC,CT,AA,AT,AA,AA,GG,TT,CC,GG,AA,GG,AT,CC,GG,CC,CC,AA,AA,GG,TT,GG,AC,TT,TT,GG,AC,TT,TT,TT,CC,AA,TT,TT,AA,TT,CG,CC,AA,CT,CC,CC,GG,AC,AA,GG,AA,CC,TT,CC,GG,TT,CG,TT,AA,AG,TT,CC,GG,AA,CC,CC,GG,GG,AA,GG,TT,AC,AA,CC,GT,AA,AC,AA,AA,GT,TT,TT,AA,CG,TT,AT,CC,AA,GT,AA,GG,AA,CT,AA,TT,CC,TT,AA,AC,TT,GG,AA,CC,AG,CC,AT,CT,GT,GG,TT,AC,CC,AG,GG,CC,CG,GG,CC,GG,AT,AA,CC,TT,GG,CC,CG,AA,GG,CC,AA,CC,AA,AA,CC,CC,CC,TT,AA,CG,AA,AA,AA,AA,AG,GG,AA,AA,TT,CG,AA,AG,AC,AA,CT,AA,AA,GG,GG,GG,TT,AA,AA,GT,TT,TT,AG,TT,GG,GG,AA,6.94,Susceptible,Medium,Poor,Early
L0202,Warangal,Telangana,Rabi,Black Cotton,Irrigated,410,26.5,60,AC,CT,NN,AA,GG,CG,GG,TT,CC,CC,AA,CC,CC,TT,TT,GT,CC,TT,TT,AA,CC,TT,GG,CC,TT,CC,TT,TT,GG,AA,TT,CC,AA,CC,GG,GG,GG,CG,GG,CC,TT,CT,AA,GT,AG,AG,TT,TT,CC,AC,GG,AT,AG,GG,CC,TT,AA,AC,GT,AA,AA,TT,TT,AG,TT,TT,CC,GG,TT,GG,AG,GG,CC,AA,GG,AC,AT,GG,TT,TT,GG,GG,GG,CC,AT,GG,AA,AA,CC,TT,CC,TT,CT,TT,TT,GG,TT,CC,TT,CC,CT,CC,GG,NN,TT,GT,CC,AA,AG,AA,CT,GG,TT,CC,GT,NN,AC,TT,CG,GG,CC,GG,CT,GG,TT,AA,CC,CC,AC,CG,AA,TT,CC,AA,CC,CC,AA,TT,AA,AA,GG,CC,CC,GG,AA,AG,AA,CC,GG,CC,CC,AA,AG,AG,GT,GG,AC,GT,CT,AG,AC,TT,GT,TT,CC,AT,TT,TT,AA,AT,CG,NN,AA,TT,AC,CC,GG,CC,AA,GG,AG,CC,TT,CC,GT,TT,CG,TT,AA,AA,TT,CC,GG,AA,AC,CC,GG,GG,AA,CG,TT,AA,NN,CC,GG,AA,CC,AA,AT,GT,TT,TT,AT,GG,GT,AA,CC,TT,TT,AA,AA,AA,CT,AA,TT,CC,TT,AC,CC,TT,GG,AA,CC,AG,CC,TT,TT,TT,GG,TT,AA,AC,AA,GG,CC,CC,GG,CC,GG,TT,AA,CG,TT,GG,CC,CC,AA,AG,CG,AA,CG,AA,AG,AC,CG,AA,TT,AA,GG,AA,AA,AA,AC,GG,AG,AA,AA,AT,GG,AA,AA,CC,NN,CT,AA,AA,CG,GG,CG,TT,AA,AG,GT,TT,TT,NN,TT,GG,GG,AA,6.54,Moderate,High,Poor,Late
L0203,Warangal,Telangana,Rabi,Black Cotton,Irrigated,410,26.5,60,AA,TT,GG,NN,CG,CC,GG,TT,CC,CG,AA,CC,CC,TT,TT,TT,GG,TT,TT,AA,CG,TT,GG,CT,AT,CC,TT,TT,GT,AA,TT,CC,AG,CC,GG,GG,GG,GG,GG,CC,TT,TT,AA,TT,AA,GG,TT,TT,CC,AC,GG,AA,AG,GG,CT,TT,AT,AC,GT,AC,AA,TT,AT,AG,TT,TT,CC,GG,CT,GG,AA,GG,CC,AA,GG,AC,AA,GG,TT,TT,GG,GT,GG,CC,AA,GG,AA,AA,CC,GG,CC,TT,CT,TT,TT,GG,TT,CC,GT,CT,TT,CC,GG,AA,TT,TT,CG,AG,AG,AA,CC,GG,TT,CC,TT,AA,AC,TT,CC,AG,CG,AG,CT,GG,TT,AG,CC,CC,CC,CC,AA,TT,CC,AA,CC,CC,AA,TT,AA,AA,GG,CC,CC,GG,AA,AA,AA,CC,GG,CC,CC,AG,AA,GG,TT,GG,AA,GT,CT,GG,CC,TT,GT,TT,CG,AA,GT,NN,AT,TT,GG,CC,AG,CT,CC,CC,GG,CC,AA,GG,AA,CC,TT,CC,GG,GT,GG,TT,AA,AA,TT,AC,GG,AA,CC,CG,GG,GG,AC,GG,TT,CC,AA,NN,GG,AA,CC,AT,TT,GG,TT,TT,AA,CC,GT,AT,CG,AT,TT,AA,GG,AA,TT,AC,TT,CC,CT,AA,CC,CT,CC,AG,CC,AG,CC,TT,TT,TT,GG,TT,AC,AC,AA,GT,CC,CC,GG,CG,GG,AT,AA,CC,GT,GG,CC,CC,AT,GG,CC,AT,CC,AA,AA,CC,CG,AC,TT,AA,GG,AA,AA,AC,AC,AA,AG,AG,AA,TT,GG,AA,AG,AC,AA,CT,AA,AA,CC,GG,GG,TT,AA,AA,TT,TT,TT,AA,AA,GG,GG,AA,8.47,Susceptible,Medium,Premium,Early
L0204,Warangal,Telangana,Rabi,Black Cotton,Irrigated,410,26.5,60,AA,TT,GG,GG,GG,CC,TT,TT,CC,CC,AA,CT,CC,NN,TT,GT,CG,AT,TT,AA,CG,TT,TT,CC,TT,CC,TT,TT,GG,AA,TT,CT,AA,CC,GG,CG,GG,CC,GG,CC,TT,CT,AA,GT,AG,AA,TT,AT,CC,CC,GT,AT,AG,GG,CT,TT,AA,AC,GG,AC,AG,TT,TT,AG,CT,AT,CC,GG,TT,GT,AG,GG,CC,AA,GG,AC,TT,GG,GT,TT,GG,GT,GT,CC,AT,GG,NN,AA,CC,TT,CC,TT,CC,TT,TT,GG,TT,CC,GT,CC,CC,CG,GG,AA,TT,TT,CC,AA,AA,AA,CT,GG,GT,CG,GG,AA,AA,TT,CC,AG,CC,AG,CC,GT,TT,AA,CC,CC,CC,CC,AA,TT,CC,AA,CC,CC,AA,TT,AA,AA,GG,CC,CC,GG,AG,AA,AA,CC,GT,CC,CC,AA,AA,GG,GT,AG,NN,GT,CT,GG,AA,TT,GT,TT,CC,AT,GT,CT,AA,TT,GG,CC,AA,CT,CC,CC,CG,CC,AA,GG,AA,CC,TT,CC,GG,TT,CC,AT,AA,GG,TT,CC,GG,AC,CC,CC,GG,GG,NN,GG,TT,AC,AA,CC,GG,AA,CC,AA,AT,TT,TT,TT,AT,GG,GT,AA,CC,TT,TT,AA,GG,AA,CT,AA,TT,CC,NN,AA,CC,TT,CG,AG,CC,AG,CC,TT,TT,GG,GG,TT,AA,AC,AA,GG,CC,CC,GG,CC,GG,NN,AA,CG,GG,GG,CC,CG,AA,GG,CC,AT,CG,AA,AA,AC,CG,NN,TT,AA,GG,AA,AC,AC,AA,GG,AG,AA,AA,TT,GG,AA,AA,AC,AA,TT,AA,AA,CG,GG,GG,TT,AA,AG,GT,TT,TT,AA,TT,GG,GG,AA,8.35,Moderate,Medium,Poor,Late
L0205,Warangal,Telangana,Rabi,Black Cotton,Irrigated,410,26.5,60,AA,TT,GG,AG,GG,CG,GG,TT,CC,CC,AT,CC,CG,TT,TT,GG,GG,TT,TT,AA,CG,TT,TT,CT,TT,CC,TT,TT,GT,AA,TT,CC,AG,CC,GG,CG,GG,CC,GG,CC,TT,TT,AC,GT,AA,GG,TT,AT,CG,AC,GG,AA,AA,GG,TT,GT,AA,AC,GG,AC,AG,TT,AT,AA,TT,AA,CC,GG,TT,GG,NN,GG,CC,AA,AG,AC,AT,GG,TT,TT,AG,GG,GT,CC,AA,GG,AA,AA,CC,TT,AC,TT,CC,TT,GT,GG,TT,CC,GT,CT,CC,CG,AG,AA,TT,TT,CG,AA,AG,AA,CT,GG,GT,CC,TT,AC,AA,TT,CC,AG,CC,NN,CC,GG,TT,AA,CC,CC,CC,CG,AA,TT,AC,AA,CC,CC,AA,TT,AA,AA,GG,CC,CC,GG,AA,AG,AT,AC,GT,CC,CC,AA,AG,AG,TT,GG,AC,NN,TT,GG,NN,TT,TT,TT,CC,AA,TT,CT,AT,AT,CG,CC,AA,TT,CC,CC,CG,CC,AA,GG,AA,CC,TT,CG,GG,TT,GG,AA,AA,AG,TT,CC,GG,AC,CC,CC,GG,GG,AA,GG,TT,AA,AA,CG,GT,AA,AC,AA,AA,GG,NN,AT,TT,GG,GG,AT,CC,AT,GT,AA,GG,AG,CT,AC,TT,CC,CT,AA,NN,CT,CG,AG,CC,AA,CC,TT,TT,GT,GG,TT,NN,CC,AA,GG,CC,CG,GG,CC,GG,TT,AA,CG,GT,GG,CC,CC,AT,AG,CC,AA,CC,AA,AA,CC,CG,AA,TT,AA,GG,AA,AA,AA,AA,AG,AG,AG,AA,TT,CG,AA,AA,AC,AA,CT,AA,AA,CC,GG,GG,GT,AA,AA,GT,TT,TT,AA,AA,GG,GG,AA,6.65,Susceptible,Medium,Premium,Late
L0206,Warangal,Telangana,Rabi,Black Cotton,Irrigated,410,26.5,60,AC,TT,GG,AG,GG,CC,GG,TT,CC,CC,AA,CC,CC,AT,TT,GG,GG,TT,TT,AA,CC,TT,TT,CC,TT,CC,TT,AT,GG,AA,TT,CC,AA,CC,GG,CG,GG,CG,NN,CC,GT,CT,AA,TT,AA,AG,TT,AA,CC,AC,GT,AA,GG,NN,CT,TT,AA,AC,TT,AA,GG,TT,AA,AA,TT,AT,CC,GG,TT,GT,AG,GG,CC,AG,AG,AA,AT,GG,TT,TT,GG,GG,GG,CC,AA,GG,AG,AA,CC,TT,AC,TT,CC,AT,TT,NN,TT,CC,TT,CC,CC,CG,GG,AA,TT,TT,CC,AA,AA,AA,CC,GG,GT,CG,TT,AA,AA,TT,CC,GG,CC,GG,CC,GT,NN,AA,CC,CC,CC,CC,AG,TT,AC,AA,CC,CT,AA,TT,AA,AA,NN,CC,CC,GG,AA,AA,AA,CC,GG,CC,CC,GG,AA,AG,TT,GG,AA,GT,CT,GG,AC,GT,GT,TT,CG,AA,TT,TT,NN,TT,GG,CG,AA,CC,CC,CC,CG,CC,AT,GG,AG,CC,TT,CC,GG,TT,GG,AT,AA,AA,TT,CC,GG,AA,AC,CC,GG,GG,AC,CG,TT,AA,AA,CG,GT,AT,AC,AT,TT,GT,TT,AT,AT,CC,TT,AT,CC,AT,TT,AA,GG,AG,TT,AC,TT,CC,TT,AA,CC,TT,GG,GG,CC,AG,CC,AT,CT,GT,GG,TT,AA,AA,GG,GG,CC,CC,NN,CC,GG,AT,AA,CC,TT,GG,CC,CC,AA,GG,CC,AA,CC,AA,AA,CC,CG,CC,TT,AA,GG,AA,AA,AA,AA,AG,AA,AA,AA,TT,CG,AC,AA,AC,AA,CT,AA,AA,GG,GG,GG,GT,AA,AG,TT,TT,TT,AA,AT,GG,GG,AC,8.67,Resistant,Low,Poor,Late
L0207,Warangal,Telangana,Rabi,Black Cotton,Irrigated,410,26.5,60,AA,CT,AG,AA,GG,CC,GT,AT,CC,CC,AA,CT,CG,TT,TT,GG,GG,TT,TT,AA,CC,TT,TT,CC,TT,CC,TT,TT,GG,AA,TT,CT,AA,CC,GG,GG,GG,CC,GG,CC,TT,CT,AA,TT,AG,GG,TT,TT,CC,AC,GG,AT,AG,GG,CC,TT,AT,AA,GT,AA,AA,TT,AT,AA,TT,TT,CC,GG,TT,GG,AA,GG,CC,AA,AG,AA,NN,GG,TT,CC,AG,GG,GG,CC,AA,GG,AG,AT,CC,TT,CC,TT,CT,TT,TT,GG,TT,CC,GT,CC,CT,CC,AG,AA,TT,TT,NN,AA,AA,AA,CC,GG,GT,CG,NN,CC,AA,TT,NN,AG,CC,GG,CC,NN,TT,NN,CT,CC,CC,CC,AA,TT,CC,AA,CC,CT,AA,TT,AA,AA,GG,NN,CC,GG,AA,AA,AA,CC,TT,CC,CC,AA,AA,GG,TT,GG,AA,TT,CT,GG,CC,TT,TT,TT,CC,AA,TT,TT,AA,TT,GG,CC,AA,CT,AC,CC,GG,CC,AA,GG,GG,CC,TT,CC,GG,GT,GG,TT,AA,AA,TT,AC,GG,AC,CC,CC,GG,GG,CC,CG,TT,AC,AA,CC,GG,AA,AC,AA,AA,GT,TT,AT,AT,GG,GT,AT,CG,AT,TT,AA,GG,AA,CT,AA,TT,CC,TT,AA,CC,CT,CG,AG,CC,AA,CC,TT,CT,TT,GG,TT,AA,AC,AA,GG,CC,GG,GG,CC,GG,NN,AA,CC,GT,GG,CC,GG,AA,AG,CG,AA,CC,AA,AA,CC,CC,AC,AT,NN,GG,AA,AA,AA,AA,AA,AA,AA,AA,TT,GG,AC,NN,AA,AA,CT,AA,AA,GG,GG,GG,GT,AT,GG,TT,TT,TT,AG,TT,GG,GG,AA,7.66,Resistant,High,Premium,Medium
L0208,Warangal,Telangana,Rabi,Black Cotton,Irrigated,410,26.5,60,AC,TT,GG,AA,GG,NN,GT,AT,CC,CG,AA,CT,CG,TT,GT,GG,CC,TT,AT,AA,CC,TT,TT,CC,TT,CC,TT,TT,GG,AA,TT,CC,AA,CC,GG,CG,GG,CC,GG,CC,GT,TT,AC,GT,AA,NN,TT,TT,CC,AA,GG,AA,AA,GG,CC,GT,NN,AA,GG,AC,AA,TT,TT,AG,TT,TT,CC,GG,TT,GG,AA,NN,AA,AA,AG,AC,AA,GG,TT,TT,GG,GG,NN,CC,AT,GG,AA,TT,CC,GG,AC,TT,CT,TT,GT,GG,TT,AC,TT,CC,CC,CG,AA,NN,AA,TT,CC,AA,AA,AC,CC,GG,TT,CC,TT,AA,AA,TT,CC,GG,CG,AG,CC,GT,TT,AA,CC,CC,CC,CG,AG,TT,CC,AA,CC,CC,AA,TT,AA,AA,GG,CT,CC,GG,AA,AG,AA,CC,GG,CC,CC,AA,AA,GG,TT,GG,AC,TT,CT,GG,CC,TT,TT,NN,GG,AA,TT,TT,AA,TT,GG,CC,AA,CC,CC,CC,CG,CC,AA,GG,AA,CC,TT,CC,GG,TT,GG,AA,AA,AA,NN,CC,GG,AC,AA,CC,GG,AG,AA,CG,TT,AA,AA,CC,GG,AA,CC,AA,AT,GG,TT,AT,AA,GG,GT,AT,CC,TT,GT,AA,GG,AA,TT,AA,TT,CG,CT,CC,CC,CT,CC,AA,CC,GG,CC,NN,CC,GT,GG,TT,AA,AC,AG,GG,CC,CC,GG,CC,GG,AA,AA,CG,GT,GG,CC,CG,AA,GG,CG,AT,CC,AA,AA,AC,CG,AC,TT,AA,GG,AA,AA,AA,AA,AG,AA,AA,AA,TT,GG,AC,AG,AC,AC,CT,AG,AG,GG,AG,GG,TT,AA,AG,GT,AT,TT,GG,AT,GG,GG,AA,5.95,Resistant,Medium,Premium,Late
L0209,Warangal,Telangana,Rabi,Black Cotton,Irrigated,410,26.5,60,AA,CC,GG,GG,GG,CC,GT,TT,CC,CG,AA,NN,CC,TT,GT,GT,GG,TT,TT,AG,CG,GT,GG,CT,TT,CC,GT,TT,GG,AA,TT,CC,AA,CC,GG,GG,GG,CG,GG,CC,TT,TT,AA,GT,GG,AG,TT,TT,CC,CC,GG,AA,GG,GG,CC,TT,AA,AA,GT,CC,AA,TT,TT,AA,TT,TT,CC,GG,TT,GG,AA,GG,CC,NN,GG,AC,TT,GG,TT,TT,GG,GG,GT,CC,AA,GG,AA,AA,CC,GT,CC,TT,TT,TT,TT,GG,CT,CC,TT,CC,CC,CG,AG,AA,AT,TT,CC,AA,AA,AA,CC,GG,TT,CC,TT,AC,AA,TT,CC,AG,CC,GG,CC,GG,CT,AA,CT,CC,CC,CG,AA,TT,CC,AA,CC,CT,NN,TT,AA,AT,GG,CT,CC,GG,AA,AA,AT,CC,GT,CC,CC,AA,AG,AG,TT,GG,AC,TT,CC,GG,CC,TT,GT,TT,CC,TT,TT,TT,AA,AT,GG,CC,AA,CT,CC,CC,GG,CC,AT,GG,AG,CC,TT,NN,TT,GT,GG,AT,AA,AA,TT,CC,GG,AA,CC,CC,GG,GG,AC,GG,CT,AA,AA,CG,GG,AA,CC,AT,AA,GT,GT,TT,AT,CG,GT,AA,CC,AT,TT,AA,GG,AA,CT,AA,TT,CC,TT,AC,CC,TT,CG,GG,GG,GG,AC,TT,CT,GG,GG,TT,AC,CC,AA,GG,CC,CC,GG,CC,GG,AA,AG,CC,TT,GG,CC,GG,AT,GG,CC,AT,CC,AA,AA,AC,CC,CC,TT,AA,GG,AA,NN,AA,AA,AG,AA,GG,AA,AT,GG,AA,AA,CC,AC,TT,AG,AG,GG,GG,CG,TT,AT,AG,GG,TT,TT,AG,TT,GG,GG,AA,6.42,Resistant,High,Premium,Early
L0210,Warangal,Telangana,Rabi,Black Cotton,Irrigated,410,26.5,60,AC,TT,GG,AG,GG,CC,TT,AT,CC,CC,AA,CC,CC,TT,GT,GG,CG,TT,TT,AA,CC,TT,GG,CC,TT,CC,TT,TT,GG,NN,TT,CC,AA,CC,GG,GG,GG,CG,GG,AC,TT,CT,AA,TT,AA,GG,TT,TT,CC,AC,GG,AA,AA,GG,CC,TT,AA,AA,GT,AA,AG,TT,TT,AA,TT,TT,CC,GG,TT,GG,AA,GG,CC,AA,GG,AA,AT,GG,GT,TT,GG,GG,GG,CC,AT,GG,AA,AA,CC,GT,AC,GT,CC,TT,TT,GG,TT,AC,GG,CC,CC,CG,AG,AA,TT,TT,CG,AA,AA,AA,CC,GG,TT,CC,TT,AC,AA,TT,CG,GG,CC,AG,CC,GT,TT,AG,CC,CC,CC,CC,AA,TT,CC,AA,CC,CC,AA,TT,GG,AA,GG,CC,CC,GG,AA,AG,AA,AC,GG,CC,CC,AA,GG,GG,TT,GG,AA,GT,CT,GG,AA,TT,GT,TT,CC,AA,TT,TT,AA,AT,CG,CC,AG,CC,CC,AC,GG,CC,AA,GG,GG,AC,TT,CC,GG,TT,GG,AT,AA,AG,TT,AC,CG,AC,CC,CC,GG,GG,AA,GG,TT,AA,AG,CC,GT,AA,CC,AA,AA,GG,TT,TT,AT,CG,GT,AA,CG,TT,GT,AA,GG,AA,TT,AA,TT,CC,TT,AA,CC,TT,GG,AG,CC,GG,AC,TT,TT,GG,GG,AT,AA,CC,AG,GT,CC,CG,NN,CC,GG,TT,AG,CC,GT,GG,CC,CC,AA,GG,CC,AT,CC,AT,AG,CC,CG,AA,TT,AA,GG,AA,AA,AC,AC,AA,AA,AA,AG,TT,CG,CC,AG,AA,CC,CT,AA,AA,GG,GG,GG,TT,AA,AG,TT,TT,AT,AA,AT,GG,GG,AA,8.85,Resistant,Medium,Standard,Medium
L0211,Warangal,Telangana,Rabi,Black Cotton,Irrigated,410,26.5,60,AC,TT,GG,AG,CG,CC,GG,TT,CC,CC,AA,CT,NN,AT,TT,GG,GG,TT,AT,AA,CC,TT,TT,CT,TT,CC,TT,TT,GG,AA,TT,CC,AA,CC,GG,GG,GG,CC,GG,AC,TT,TT,AA,GT,AG,GG,TT,TT,CC,AC,GG,AA,AG,GG,TT,TT,AA,AC,TT,AC,AA,TT,TT,AG,TT,AT,CC,GG,TT,GT,AA,GG,CC,AA,GG,AA,AT,GG,TT,TT,NN,GG,GG,CC,NN,GG,AA,AA,CC,TT,AC,TT,CT,TT,TT,GG,CT,AC,TT,CC,CC,CC,GG,AG,AT,TT,CC,AA,AA,AA,CC,GG,TT,CG,TT,AC,AA,TT,CC,AG,CC,GG,CC,GG,CC,AA,CC,CC,CC,CC,AA,TT,CC,AA,CC,CC,AA,TT,AA,AA,CG,CC,CC,GG,AA,AG,AA,CC,GG,CC,CC,AG,AG,GG,GT,GG,CC,TT,TT,GG,CC,GT,TT,TT,CC,AA,TT,TT,TT,TT,CG,CC,AG,CT,CC,AC,GG,CC,AA,GG,GG,CC,TT,CC,GG,NN,GG,TT,AA,AA,TT,CC,GG,AA,CC,CC,GG,AG,AC,NN,TT,AC,AA,CC,GG,AA,CC,AT,AT,GT,GT,AT,AT,CG,GG,AA,CC,TT,TT,AA,GG,AA,CC,AC,TT,CC,TT,AA,CC,TT,CG,AG,GG,AG,CC,TT,TT,TT,GG,TT,AA,AC,AA,GG,CC,CC,GG,CG,GG,AT,AA,CC,GT,GG,CC,CC,AT,AG,CC,AA,CG,AA,AA,AC,CG,AC,TT,AA,GG,AA,AA,AC,AA,AG,AG,AA,AA,NN,GG,AA,AG,CC,AA,CC,AA,AA,CG,GG,GG,TT,AT,AA,TT,TT,TT,AA,TT,GG,GG,AA,9.6,Moderate,Medium,Premium,Early
L0212,Warangal,Telangana,Rabi,Black Cotton,Irrigated,410,26.5,60,AC,CT,AG,GG,GG,NN,GT,TT,CC,CG,AA,NN,CC,AT,TT,GG,NN,TT,TT,AG,CC,TT,GT,CC,TT,CC,GT,NN,GT,AA,TT,CC,AA,CC,GG,CG,GG,CC,GG,AC,TT,CT,AA,GT,AA,AG,TT,TT,CG,AC,GG,AA,AG,GG,NN,TT,AT,AC,GG,AC,AG,GT,TT,AA,TT,TT,CC,GG,TT,GG,AA,GT,CC,AA,GG,AC,AT,GG,TT,TT,GG,GT,GT,CC,AT,GG,AG,AA,CG,TT,NN,TT,CC,TT,GT,GG,TT,AC,GT,CC,CC,CG,AG,AA,TT,TT,CG,AG,AA,AA,CC,GG,TT,CC,TT,AA,AC,TT,CG,AG,CC,GG,CC,GT,TT,AA,CC,CG,CC,CC,AA,TT,CC,AC,CC,CC,AA,TT,AA,AA,GG,CC,CC,GG,AA,AA,AA,CC,GG,CC,CC,AA,AG,GG,TT,GG,AA,TT,TT,GG,AC,GT,GT,TT,CC,AA,TT,TT,AT,AT,GG,NN,AA,CC,CC,AC,GG,CC,AA,AG,AA,CC,TT,NN,GT,GT,GG,TT,AA,AA,TT,AC,GG,AC,CC,CC,NN,GG,AC,GG,TT,AA,AA,CC,GG,AA,AC,AA,TT,GG,TT,TT,AT,CG,GG,AT,CG,TT,GT,AA,GG,AA,TT,AA,TT,CC,TT,AC,CC,NN,GG,AG,CG,AA,CC,TT,TT,GG,GG,TT,AC,AA,NN,GT,CC,CG,GG,CC,GG,AT,AA,CC,TT,GG,CG,CC,AT,GG,CC,AA,CC,AA,AA,AC,CC,CC,TT,AA,GG,AA,AA,AA,AA,GG,GG,AG,AA,TT,GG,AA,AA,AA,AA,CT,AG,AA,CG,AG,CG,TT,AT,AG,TT,TT,TT,AA,TT,GG,CG,AA,5.94,Susceptible,Medium,Standard,Medium
L0213,Warangal,Telangana,Rabi,Black Cotton,Irrigated,410,26.5,60,AA,TT,AG,AA,GG,CC,GT,AT,CC,CC,AA,CT,CC,TT,TT,GT,CG,TT,TT,NN,CC,TT,GT,CC,TT,CC,TT,TT,GG,AA,CT,CC,AA,NN,GG,GG,GG,CG,GG,NN,TT,CC,AA,TT,AA,AG,TT,TT,CC,CC,GG,AA,AA,GG,CC,GT,AA,AC,GT,AC,AG,TT,TT,AA,TT,TT,CC,GG,TT,GG,GG,GG,CC,AA,NN,AC,AA,GG,NN,TT,GG,GG,GT,CC,AA,GG,AA,AA,CC,TT,CC,TT,CC,AT,TT,AG,TT,AC,TT,CC,CC,CC,GG,AA,AT,TT,CG,AA,AA,AC,CC,GG,TT,CG,NN,AA,AA,TT,CC,GG,CC,GG,CC,GT,TT,AA,CT,CC,CC,CC,AA,GT,CC,AA,AC,CC,AA,AT,AA,AA,CG,CC,CC,GG,AA,AA,AA,AC,GG,CC,CG,AA,AA,AG,TT,AG,AA,TT,CT,AG,AC,TT,GT,TT,CC,AA,TT,TT,AA,TT,GG,CC,AA,CC,CC,CC,GG,CC,AA,GG,AA,CC,TT,CC,NN,TT,GG,AT,AA,AA,TT,AC,GG,AA,CC,CC,GG,GG,CC,GG,TT,AA,AA,CG,GG,AT,AA,AA,AT,GT,TT,AA,AA,GG,TT,AT,CC,TT,GT,AA,GG,AA,TT,AA,TT,CC,CT,AC,CC,TT,CG,GG,CG,NN,AC,TT,CT,TT,GG,TT,AA,AC,AA,GG,CC,CC,GG,CC,GG,TT,AA,CC,TT,AG,NN,CC,AA,GG,CC,AA,CC,AA,AA,CC,CC,AC,AT,AA,GG,AA,AA,AA,AA,GG,AG,AA,AA,TT,GG,AA,GG,CC,AA,TT,AA,AA,GG,GG,GG,TT,AA,AA,GT,TT,AT,GG,TT,NN,GG,AA,8.37,Moderate,Medium,Standard,Medium
L0214,Warangal,Telangana,Rabi,Black Cotton,Irrigated,410,26.5,60,AC,CT,GG,AG,GG,CG,GG,TT,CC,CG,AA,CC,CC,TT,TT,GG,CG,NN,AT,AA,CC,TT,TT,CC,TT,CT,TT,NN,GG,AA,TT,CC,AA,CC,AG,GG,GG,CG,GG,CC,TT,TT,AA,TT,AA,AA,TT,AT,CG,AC,GG,NN,AG,GG,CC,TT,AA,AA,GT,AA,AA,TT,AT,AA,TT,AA,CC,GG,TT,GT,AG,GG,CC,AA,GG,AA,AA,GG,TT,TT,GG,GG,GG,CC,AA,AG,AA,AA,CG,TT,CC,GT,CT,TT,TT,GG,TT,CC,TT,CC,CC,CG,AG,AA,TT,TT,CC,AA,AA,AC,CC,GG,GT,CC,GG,AC,AA,TT,CC,GG,CC,GG,CC,GT,CT,AA,CC,CC,CC,CG,AA,TT,CC,AA,CC,CC,AA,TT,AA,AA,CG,CC,CC,GG,AA,GG,AA,CC,GT,CC,CC,AA,AA,GG,TT,GG,AA,GT,TT,GG,CC,TT,GT,TT,CC,AT,TT,NN,AA,TT,GG,CC,AA,CT,AA,CC,CG,CC,AT,GG,AA,CC,TT,CG,GT,GT,CC,TT,AA,AA,TT,CC,GG,AA,AC,CC,CG,GG,AA,GG,TT,AA,AA,CC,GG,AA,CC,AA,AT,GG,TT,TT,AT,GG,GT,TT,CG,NN,GT,AA,GG,AA,CC,AA,AT,CC,TT,AC,AC,CC,GG,GG,CG,AG,CC,TT,TT,GT,GG,TT,AA,CC,AG,GG,CC,NN,GG,CC,GG,AT,AA,CC,GT,GG,CC,CC,AA,GG,CC,AA,CC,AT,AA,CC,CG,CC,TT,AA,GG,AA,AA,AA,CC,GG,AA,AG,AA,TT,GG,AA,AA,CC,AA,CT,AA,AA,GG,GG,GG,TT,AT,AA,TT,TT,TT,AA,TT,GG,NN,AA,7.61,Moderate,Medium,Poor,Late
L0215,Warangal,Telangana,Rabi,Black Cotton,Irrigated,410,26.5,60,CC,TT,AG,AA,GG,CC,GG,TT,CC,GG,AA,CC,CC,AT,TT,GG,CG,TT,TT,AA,CC,TT,GT,CC,AT,CC,TT,TT,GG,AA,TT,TT,AA,NN,GG,GG,GG,CC,GG,CC,TT,CT,AA,GT,GG,AG,TT,NN,CC,CC,GG,AT,AA,GG,CC,TT,AA,AC,GT,AC,AA,TT,AT,AG,CT,TT,CC,GG,TT,GG,AA,GT,CC,AA,AG,AA,AA,GG,TT,TT,GG,GG,GT,CC,TT,GG,AA,AA,CC,GT,CC,TT,CT,TT,GG,GG,TT,AC,GT,CC,CC,CC,AG,AA,TT,TT,CC,AA,AA,AC,CT,GG,TT,CG,TT,AA,AA,TT,CC,AA,CC,GG,CC,TT,TT,AA,CT,CC,CC,CC,AA,TT,CC,AA,CC,CT,AA,TT,AA,AA,GG,CC,CC,GG,AG,AG,AA,AC,GT,CG,CC,AA,AA,GG,TT,GG,AC,TT,TT,GG,AC,TT,TT,CT,CG,AA,GT,TT,AA,TT,CG,CC,AG,CT,CC,CC,GG,CC,AA,GG,AA,CC,TT,CC,GG,TT,GG,AT,AA,AA,TT,CC,CG,AA,AA,CC,GG,GG,NN,GG,TT,AA,AA,CG,GG,AA,AC,AT,AA,GT,TT,TT,AA,GG,GT,AT,CC,AT,TT,AA,GG,AA,TT,AA,TT,CC,CT,AC,CC,TT,GG,AA,NN,AA,CC,TT,TT,GG,GG,TT,AA,CC,AG,GG,CC,GG,GG,CC,GG,AT,NN,CG,GT,GG,CC,CC,AT,GG,CC,AA,CC,AA,AA,AC,CC,AC,TT,AA,GG,AA,AA,AA,AC,GG,AA,AA,AA,TT,GG,AC,AA,AA,CC,CT,AG,NN,GG,GG,GG,TT,AT,AG,TT,TT,AT,AG,AT,GG,GG,AA,6.08,Susceptible,High,Poor,Late
L0216,Warangal,Telangana,Rabi,Black Cotton,Irrigated,410,26.5,60,AA,TT,GG,AA,CG,CC,TT,TT,CC,CG,AT,CC,CG,TT,GT,GG,CG,NN,TT,AA,CC,TT,GG,CC,TT,CC,TT,TT,GG,AA,TT,CC,AA,CC,GG,GG,GT,CC,GG,CC,TT,CC,AA,TT,AA,GG,TT,TT,CC,AC,GT,AT,AG,GG,CC,TT,AA,AC,GT,AA,AA,TT,TT,AG,CC,AT,CC,GG,TT,GG,AG,GG,CC,AA,GG,AA,AT,GG,TT,TT,GG,GT,GG,CC,AA,GG,AA,AA,CC,GT,CC,TT,CT,AT,GT,GG,TT,CC,TT,CC,TT,CG,GG,AA,AT,TT,CG,AA,AA,AA,CC,GG,TT,CC,TT,AA,AA,TT,CC,AG,CG,GG,CC,GG,TT,AG,CC,CC,CC,GG,AA,TT,CC,AA,CC,CC,AA,AT,AA,AT,GG,CC,CC,GG,NN,AA,AA,AA,GG,CC,CC,AG,AA,GG,TT,AG,AA,TT,TT,GG,AA,GT,GT,TT,CC,AA,GT,TT,AT,TT,GG,CC,AA,CC,CC,CC,GG,CC,AA,GG,AG,CC,TT,CC,GG,TT,GG,AT,AA,AA,TT,AC,CG,AC,CC,CC,GG,GG,AA,GG,TT,CC,AA,CG,GG,AA,CC,AT,AT,GG,TT,AT,AA,GG,GT,AT,CC,AT,TT,AA,GG,AA,TT,AA,TT,CC,CT,AC,CC,TT,NN,GG,CC,AG,CC,TT,CT,TT,GG,AT,AA,AA,AA,GG,CC,CC,GG,CC,GG,TT,AA,CG,GT,GG,CG,CC,AA,GG,CC,AA,CG,AA,AA,CC,CC,CC,NN,AA,GG,AA,AC,AC,AC,AG,AG,AG,AA,AT,CG,AC,AG,AC,AC,CT,AA,AA,GG,GG,GG,TT,AA,AA,TT,TT,TT,AA,AA,CG,CG,AA,7.76,Moderate,Low,Standard,Late
L0217,Warangal,Telangana,Rabi,Black Cotton,Irrigated,410,26.5,60,AA,NN,GG,AG,GG,CC,NN,TT,CC,CG,AT,CC,CC,TT,TT,GG,CG,TT,TT,AA,CC,TT,GG,CC,TT,CT,TT,TT,NN,AA,TT,CC,AA,CC,AA,NN,GG,CC,GG,CC,TT,CC,AA,TT,AG,AG,TT,TT,CG,AA,GG,AA,AA,GG,CC,GT,AA,AA,GT,AA,AA,GT,TT,AA,TT,AT,CC,GG,TT,GG,AA,GG,AC,AA,GG,AC,AA,GG,TT,TT,GG,GG,GG,CC,AA,GG,AA,AA,CC,GT,CC,TT,CC,TT,TT,GG,CT,CC,TT,CC,CC,CG,GG,AA,TT,TT,CC,AA,AA,AA,CT,GG,TT,CC,TT,AA,AA,TT,CC,AG,CC,GG,CC,TT,CC,AA,CC,CC,CC,CC,AA,TT,CC,AA,CC,TT,AA,AT,AG,AT,NN,CT,CC,AG,AA,GG,AA,CC,GG,CC,CG,AA,AG,GG,TT,AG,CC,TT,CC,GG,CC,TT,GT,TT,CG,AT,TT,CT,AT,TT,GG,CC,AA,CC,CC,CC,CG,CC,AA,GG,AA,CC,TT,CC,GG,TT,GG,TT,AA,AG,TT,CC,CG,AC,CC,CC,GG,GG,AA,CC,TT,AC,AA,CC,GG,AA,AC,AA,AA,GG,TT,AT,AT,GG,TT,AA,CC,TT,GT,AA,GG,AA,NN,AC,TT,CC,TT,NN,CC,CT,CG,AA,CC,GG,AC,TT,TT,GG,GG,AT,AA,AC,AA,GT,CC,CC,GG,CC,GG,AA,AA,CC,GG,GG,CC,CC,AA,AG,CC,TT,CC,AA,AA,CC,CC,AC,TT,AG,GG,AA,AA,AA,AA,AG,AG,AA,AA,TT,GG,AA,AG,CC,AA,CT,AA,AA,GG,AG,GG,GT,AT,AA,TT,TT,TT,AG,TT,GG,GG,AA,9.85,Susceptible,Low,Standard,Late
L0218,Warangal,Telangana,Rabi,Black Cotton,Irrigated,410,26.5,60,CC,TT,AG,AG,GG,CC,GG,TT,CC,CG,AT,CC,CG,TT,TT,GG,GG,AT,TT,AA,CC,TT,GT,CC,TT,CC,GT,TT,GG,AA,TT,CT,AA,CC,GG,GG,GG,CG,GG,AC,TT,TT,AA,GT,AA,GG,TT,NN,CG,AC,TT,AT,AA,GG,CC,GT,AT,AA,GT,AA,AA,TT,AT,AG,NN,TT,CC,GG,TT,GG,AA,GT,AC,AA,GG,CC,AA,GG,TT,TT,GG,GG,GG,CC,AA,GG,AA,AA,CC,GT,CC,TT,CC,TT,TT,GG,CT,AA,GT,CC,CC,GG,AG,AA,TT,TT,CC,AA,AG,AA,CT,GG,TT,CC,TT,AA,AC,TT,CC,AG,CC,AG,CC,GT,CT,AG,CC,CC,CC,CC,AA,TT,CC,AA,CC,CT,AG,TT,AG,AT,GG,CC,CC,GG,AA,AA,AT,CC,GG,CC,CC,AA,GG,AG,TT,GG,AC,TT,TT,AA,AC,TT,TT,TT,CC,TT,TT,CT,AT,AT,GG,CC,AA,CC,CC,CC,GG,CC,NN,GG,NN,AC,TT,CG,GG,GT,GG,AT,AG,AG,TT,CC,CG,AA,CC,CC,GG,GG,AA,GG,TT,AC,AA,CC,GT,AA,AC,AA,AA,GT,TT,TT,AA,CG,TT,AA,CC,AT,TT,AT,GG,AA,TT,AA,TT,CC,TT,AC,CC,TT,CG,AA,CC,AA,CC,TT,CC,GT,GG,AT,AC,AC,AA,GG,CC,CG,CC,CC,GG,AA,AA,CG,GT,AG,CC,CC,AT,GG,CC,AA,CC,AA,NN,CC,CC,CC,TT,AA,GG,AA,AA,AA,AA,GG,AG,AG,AA,TT,GG,AA,AA,CC,AA,TT,AA,AA,GG,GG,GG,TT,AT,AA,TT,TT,AT,AA,TT,GG,CG,AA,9.46,Susceptible,Low,Premium,Medium
L0219,Warangal,Telangana,Rabi,Black Cotton,Irrigated,410,26.5,60,AC,TT,GG,GG,GG,CC,GT,TT,CC,CG,AA,CT,CC,TT,TT,GT,CC,TT,TT,AG,CG,GT,TT,CC,TT,CC,TT,TT,GG,AA,TT,TT,AA,CC,GG,GG,GG,CG,GG,CC,TT,CT,AA,GT,AG,GG,CT,AT,CC,CC,GT,AT,GG,GG,CC,TT,AA,AC,GG,AC,NN,GT,AT,AA,TT,TT,CC,GT,TT,GG,AA,GG,CC,AA,AG,AA,AT,GG,TT,TT,GG,GG,NN,CC,AT,GG,AA,AT,CC,GG,CC,TT,CC,AT,TT,GG,TT,CC,GT,CC,CT,CG,AA,AA,AT,TT,CC,AG,AA,AC,TT,GG,TT,CC,TT,AA,AA,AT,CC,GG,CC,GG,CC,GT,CT,AA,CC,CC,CC,CC,AA,TT,CC,AA,CC,CC,AA,TT,AG,AA,GG,CC,CC,GG,AA,AA,AA,AC,GG,CC,CG,AA,AG,AG,TT,GG,AA,TT,TT,AG,CC,TT,GT,TT,CC,AA,TT,CT,AA,TT,CG,CC,AG,CT,CC,CC,GG,CC,AA,GG,AA,CC,TT,CC,GG,TT,GG,TT,AG,AG,TT,CC,GG,AA,CC,CC,GG,GG,AC,CG,TT,AA,AG,CG,GG,AT,CC,AA,AA,GG,TT,TT,AA,CG,GT,AT,CC,TT,TT,AA,GG,AA,CT,AA,TT,CC,TT,AC,CC,TT,CG,AG,CC,AG,CC,TT,CT,GT,NN,TT,AC,AC,AA,GG,CC,CG,GG,CC,GG,AT,AA,CG,GT,GG,CC,CC,NN,GG,CC,AA,CC,AA,AA,CC,CC,CC,TT,AA,GG,AA,AA,AA,AA,NN,AA,AG,AG,TT,GG,AA,AG,NN,AA,CT,AA,AA,CG,GG,GG,TT,AA,AA,GT,TT,TT,AG,AT,GG,GG,AC,6.8,Resistant,Low,Premium,Late
L0220,Warangal,Telangana,Rabi,Black Cotton,Irrigated,410,26.5,60,AA,TT,GG,AA,GG,CC,GT,TT,CC,GG,AT,CC,GG,TT,GT,GT,GG,TT,TT,AA,CC,GT,TT,CC,TT,CT,TT,TT,GG,AC,CT,CT,AA,CC,GG,CG,GG,CG,GG,CC,TT,TT,AA,TT,GG,AG,CT,TT,CC,AA,GT,AA,AA,GG,CT,TT,AA,AA,TT,AC,AA,TT,AT,AA,TT,AT,CC,GG,TT,GG,NN,GG,CC,AA,AG,AC,AA,GG,GT,TT,GG,NN,GG,CC,AA,GG,AA,AA,CC,GT,CC,TT,CC,TT,TT,GG,TT,CC,TT,CC,CC,CG,GG,AA,TT,TT,CC,AA,AG,AA,CT,GG,TT,CC,TT,AC,AC,TT,CC,AG,CC,GG,CC,NN,TT,AA,CC,CC,CC,CC,AA,TT,CC,AA,CC,CC,AA,TT,NN,AA,GG,CC,CC,GG,AA,GG,AA,CC,GG,CC,CC,AA,AG,AG,GT,AG,AC,TT,TT,AG,AC,TT,TT,TT,CC,AT,TT,TT,AA,TT,GG,CC,AG,CT,CC,CC,CG,CC,AA,GG,AG,CC,TT,CC,GG,GT,CG,AT,NN,AA,TT,CC,CG,AA,CC,NN,GG,GG,AC,GG,TT,AA,AA,CC,GG,AA,CC,AA,AT,GT,TT,TT,AT,CG,GT,AA,CC,TT,TT,AA,GG,AA,TT,AC,TT,CC,TT,AA,CC,TT,CG,AA,CG,GG,CC,TT,TT,GT,GG,TT,AA,AC,AG,GG,CC,CG,GG,CG,GG,AT,AG,CG,TT,GG,CC,CC,AA,AG,CC,AA,CC,AA,AA,AC,CC,NN,TT,AA,GG,AA,AA,AC,AA,AG,AA,AA,AA,TT,CG,AC,AA,AA,AC,CC,AA,AG,GG,GG,GG,TT,AA,AA,TT,TT,TT,AA,TT,GG,CG,AA,5.22,Susceptible,Medium,Poor,Late
L0221,Warangal,Telangana,Rabi,Black Cotton,Irrigated,410,26.5,60,AA,TT,GG,AG,GG,CG,TT,TT,CC,GG,AA,CT,CG,TT,TT,GG,GG,TT,TT,AA,CC,TT,GG,CC,TT,CC,GT,TT,NN,AA,TT,CC,AA,CC,GG,GG,GG,CG,GG,CC,TT,CT,AC,TT,AG,AG,TT,AT,CC,CC,GG,AA,AA,GG,CC,TT,AA,AC,GG,AA,AA,TT,AA,AA,CT,NN,CC,GG,TT,GG,AA,GG,CC,AA,AG,AC,AT,GG,GG,TT,GG,GT,TT,CC,AT,GG,AA,AA,CC,GT,CC,TT,CC,TT,TT,GG,TT,CC,TT,CC,CC,CC,AG,AG,TT,TT,CC,AG,AA,AA,CT,NN,TT,CC,TT,AA,AA,TT,CC,GG,CC,GG,CC,GG,CT,AA,CT,CC,CC,CC,AG,GT,CC,AA,NN,CC,AA,TT,AG,AA,CG,CC,CC,GG,AA,AG,AA,CC,GG,CC,CC,AA,AG,GG,TT,AG,AC,TT,CT,GG,AC,GG,GT,TT,CC,AA,TT,TT,AA,AT,GG,CG,AA,CT,CC,CC,CG,CC,NN,GG,AA,CC,TT,CG,GG,TT,GG,TT,AA,AA,TT,CC,GG,AA,AA,CG,GG,GG,AC,GG,TT,AA,AA,CC,GG,AA,CC,AA,AT,GT,TT,TT,NN,GG,TT,AT,CG,AT,TT,AA,GG,AA,CT,AA,TT,CC,TT,AA,CC,CT,CG,AG,CG,AA,AA,TT,CT,GT,GG,TT,AA,CC,AG,GG,CC,CC,GG,CC,GG,AT,AG,CC,TT,GG,CC,CC,AT,GG,CC,AA,CC,AA,AA,CC,CC,AC,TT,AA,GG,AA,AC,AA,AA,AA,AA,AA,AA,AA,GG,AA,AG,CC,AC,CC,AA,AA,GG,GG,GG,TT,AA,AA,GT,TT,TT,AG,AA,GG,CG,AA,4.42,Susceptible,Low,Poor,Medium
L0222,Warangal,Telangana,Rabi,Black Cotton,Irrigated,410,26.5,60,AC,TT,GG,AG,GG,CC,GT,TT,CC,CG,AA,CC,CC,AT,GT,GG,GG,TT,TT,AG,CC,GT,TT,CC,TT,CC,GT,TT,GG,AA,TT,CT,AA,CC,GG,GG,GG,CC,GG,CC,TT,TT,AA,GT,AA,GG,TT,AT,CC,CC,GG,AA,AG,GG,CC,TT,AA,CC,GG,AA,AG,TT,AT,AA,TT,AT,CC,GG,CT,GT,AA,GG,CC,AA,GG,CC,AA,GG,GT,TT,GG,TT,GG,CC,AT,GG,AA,AA,CC,TT,AC,TT,CC,TT,TT,GG,CT,CC,TT,NN,CT,CG,AG,AG,AT,GT,CC,AA,AG,AA,CT,GG,TT,CC,TT,AA,AA,TT,CC,AA,CC,GG,CC,GG,TT,AA,CC,CC,CC,CC,AA,TT,AC,AA,CC,CC,AG,TT,AA,AA,GG,CT,CC,GG,AA,AA,AA,CC,GT,CC,CC,AA,AG,GG,TT,NN,AC,GT,CT,GG,CC,NN,TT,TT,CC,AA,TT,TT,AT,TT,GG,CC,AA,TT,CC,CC,CG,CC,AA,GG,AG,CC,TT,CC,GT,TT,GG,AT,AA,AA,TT,CC,GG,AC,CC,CG,GG,AG,CC,GG,TT,AC,AA,CC,GG,AA,AC,AA,AT,GT,TT,AT,AT,CG,GG,TT,CC,AT,GT,AA,GG,AA,TT,AA,TT,CC,TT,AA,CC,TT,CG,GG,CC,AG,CC,TT,CT,GG,GG,AT,AA,CC,AA,GT,CC,CC,GG,CC,GT,AT,AA,CG,TT,AG,CC,CG,AA,GG,CC,AA,CG,AA,AA,NN,CG,AC,TT,AA,GG,AA,AA,AC,AC,AG,AA,AA,AA,TT,GG,AA,AG,AC,AA,CT,AA,AA,GG,GG,GG,TT,AA,AA,TT,TT,TT,AA,AT,GG,GG,AA,5.93,Susceptible,High,Premium,Medium
L0223,Warangal,Telangana,Rabi,Black Cotton,Irrigated,410,26.5,60,AC,CT,GG,AG,GG,CC,GG,TT,CC,CG,AA,CT,CG,TT,TT,GG,GG,TT,TT,AA,CC,TT,GT,CC,TT,CC,TT,TT,GG,AA,CT,CC,AA,CC,GG,GG,GG,CC,GG,AC,TT,TT,AA,TT,AG,GG,CT,TT,CC,AA,GT,AT,AA,GG,CT,TT,AA,AA,GG,AC,AA,TT,AA,AG,TT,AT,CC,GG,TT,GT,AA,GG,AC,AA,GG,AA,AA,NN,TT,TT,GG,GG,GG,CC,AA,GG,AA,AA,CC,GT,CC,TT,CT,AT,GT,GG,CT,CC,GT,CC,CC,GG,GG,AA,TT,TT,CC,AA,AA,AA,CT,GG,TT,CG,TT,AA,AA,TT,CC,AG,CC,AG,CC,GG,CT,AA,CC,CC,AC,CC,AA,TT,CC,AC,CC,CC,AA,TT,AA,AA,CG,CT,CC,GG,AA,AG,AA,CC,GT,CG,CC,AA,AG,GG,TT,GG,AC,TT,TT,GG,AA,GT,TT,TT,CG,AA,TT,TT,AA,TT,GG,CC,AG,TT,AC,CC,GG,CC,AA,GG,AA,CC,TT,CC,GG,TT,GG,TT,AA,AA,TT,CC,CG,AC,CC,CC,GG,GG,AA,GG,TT,AC,AG,CC,GG,AA,CC,AA,AT,GG,TT,TT,AT,CG,GT,AT,CC,TT,GT,AT,GG,AA,TT,AA,TT,CC,TT,AA,CC,TT,GG,AA,CG,AG,AC,TT,CT,TT,GG,TT,AA,CC,AA,GG,CC,CG,GG,CC,GG,TT,AA,CC,TT,GG,CC,CC,AA,GG,CC,AA,CC,AA,AA,AC,CC,AC,NN,AA,GG,AA,NN,AC,NN,AA,AA,AG,AG,AT,GG,AA,AG,AA,AC,TT,AA,AA,CG,GG,CG,GT,AT,AA,GT,TT,TT,AG,AT,GG,GG,AA,6.3,Susceptible,Medium,Poor,Medium
L0224,Warangal,Telangana,Rabi,Black Cotton,Irrigated,410,26.5,60,AC,TT,GG,GG,CG,CC,GT,AT,CC,CG,AT,CC,CC,AT,TT,GG,CG,TT,TT,AA,CC,TT,TT,CC,AT,CC,TT,AT,GG,AC,TT,CT,AA,CC,GG,CG,GT,CC,GG,CC,TT,CT,AA,TT,AA,AA,TT,AT,CC,AC,GT,AA,AA,GG,CT,TT,AT,AA,GG,AC,AA,TT,AA,AA,TT,TT,CC,GG,TT,GG,AG,GG,AC,AA,GG,CC,AT,AG,TT,TT,NN,GG,GG,CC,AT,GG,AA,AA,CC,GT,AC,TT,CT,TT,GT,GG,NN,CC,GT,CC,CC,CG,GG,AA,TT,TT,CC,AA,AG,AA,CC,GG,TT,CC,TT,AA,AC,TT,CG,GG,CC,AG,CC,GT,TT,AG,CC,CC,CC,CC,AA,TT,CC,AA,CC,CC,AA,TT,AA,AT,GG,CC,CG,GG,AA,AG,AA,CC,GT,CC,CC,AA,AA,GG,TT,GG,AC,TT,NN,GG,AA,GT,GG,CT,CC,AT,TT,TT,AA,TT,CG,CC,AA,CC,CC,AC,CG,CC,AA,GG,AG,AC,TT,CG,GG,GT,CC,TT,AA,AA,TT,CC,GG,AA,AC,CC,GG,GG,AA,GG,TT,AC,AG,CG,GG,AT,CC,AA,AA,GG,TT,AT,AA,GG,GT,AA,CC,NN,TT,AA,GG,AG,CT,AA,TT,CG,TT,AA,AC,TT,GG,AA,CC,GG,CC,TT,TT,GT,GG,TT,AA,AC,AA,GG,CC,CC,GG,CC,GG,AA,AA,CC,GT,GG,CG,CC,AA,AG,CG,AT,CC,AT,AA,AC,CG,AC,TT,AA,GG,AA,AA,AA,AA,AG,AG,AG,AA,AT,CG,AC,AA,AA,AA,CT,AA,AA,CG,GG,GG,TT,AA,AA,TT,TT,TT,AA,AT,GG,GG,AA,8.45,Susceptible,Low,Poor,Medium
L0225,Warangal,Telangana,Rabi,Black Cotton,Irrigated,410,26.5,60,CC,TT,GG,AG,GG,CC,GG,AT,CC,CC,AA,CC,NN,TT,GT,GG,GG,TT,TT,AA,CG,TT,GT,CC,TT,CT,TT,TT,GG,AC,CT,CC,AA,NN,GG,CG,GG,CC,GG,CC,TT,TT,AA,GT,AA,GG,CT,TT,CC,AC,GT,AA,AA,GG,CC,TT,AA,AA,GG,AC,AA,TT,AT,AA,TT,TT,CC,GG,TT,GG,AG,GG,CC,AA,GG,AC,AA,GG,TT,TT,AG,GG,GG,CC,AA,GG,AA,AA,CG,GG,AC,TT,CC,TT,GT,GG,CC,CC,GT,CC,CC,CC,AG,AA,AT,TT,GG,AA,GG,AA,TT,GG,TT,CC,TT,AA,AA,AT,CC,AG,CG,AG,CC,GG,CT,AG,CC,CC,CC,CC,AA,TT,AC,AA,CC,CC,AA,TT,AA,AA,GG,CC,CC,NN,AA,AG,AA,CC,GG,CC,CC,AA,AA,GG,TT,GG,AC,TT,CT,GG,CC,TT,TT,TT,CC,AT,GT,TT,AA,AA,GG,CC,AA,CT,AC,AC,GG,CC,AA,GG,AG,CC,TT,CC,GT,TT,CG,AT,AA,AA,TT,CC,GG,AA,CC,CC,GG,GG,AA,GG,TT,AC,AA,CC,GG,AA,AC,AA,AA,GG,TT,TT,AA,CG,GT,NN,CC,TT,TT,AA,AG,AA,TT,AC,TT,CG,TT,AC,CC,TT,GG,AA,CC,AG,CC,TT,CT,GT,GG,TT,AA,CC,AA,GG,CC,CC,GG,CG,GG,AT,AA,CC,TT,GG,CC,CC,AA,AG,NN,AT,CG,AA,AA,AC,CG,CC,AT,AA,GG,AA,AA,AA,AA,GG,AA,AA,AA,AT,GG,AA,AA,AC,AA,CT,AA,AA,GG,GG,GG,TT,AT,AG,TT,TT,TT,AA,TT,GG,GG,AA,7.45,Moderate,Low,Premium,Medium
L0226,Warangal,Telangana,Rabi,Black Cotton,Irrigated,410,26.5,60,AC,CC,GG,AG,GG,CC,GT,TT,CC,CG,AA,CC,CG,TT,TT,GG,GG,TT,TT,AA,CC,GT,TT,CC,TT,CC,TT,TT,GG,AA,TT,CC,AA,CC,AG,GG,GG,CC,GG,CC,TT,CT,AA,GT,AA,GG,TT,AT,CC,AC,GT,AA,AA,GG,CT,TT,AT,AA,GT,AC,AA,TT,AT,AA,NN,AT,CC,GG,TT,GG,AA,GG,CC,AA,AG,CC,AA,GG,TT,TT,GG,GT,GT,CC,AA,GG,AA,AT,CC,TT,NN,TT,CC,AT,TT,GG,TT,CC,TT,CC,CC,CC,AG,AG,TT,GT,CC,AA,AG,AC,CC,GG,TT,CC,TT,AA,AA,TT,CC,AG,CC,GG,CT,GG,TT,AG,CT,CC,CC,CC,AA,GT,AC,AA,AC,CC,AA,TT,AA,AT,GG,CT,CC,GG,AA,AG,AT,CC,GT,CC,CC,NN,AG,GG,GT,AA,AA,TT,CT,GG,NN,TT,TT,TT,CC,AT,GT,TT,AA,TT,GG,CG,AG,CT,CC,CC,CC,CC,AA,GG,AA,CC,TT,CC,GG,TT,CG,TT,AA,AG,TT,AC,GG,AA,CC,CC,GG,GG,CC,GG,TT,AA,AA,CC,GT,AA,CC,AA,AT,GG,TT,TT,AT,GG,GG,TT,CC,TT,GT,AA,GG,AA,CT,AA,TT,CC,CT,AA,CC,CT,GG,AG,CC,AG,AC,AT,CC,GT,GG,TT,AA,CC,AA,GG,CC,CC,GG,CC,GG,AA,AA,CC,TT,GG,CC,CG,AA,AG,CC,AT,CC,AA,NN,CC,CC,CC,TT,AA,GG,AA,AA,AA,AA,NN,AG,AG,AG,TT,CG,AC,GG,CC,AA,TT,AA,AA,GG,GG,GG,TT,AA,AA,GT,TT,TT,AG,AT,GG,GG,AA,7.84,Susceptible,Medium,Premium,Medium
L0227,Warangal,Telangana,Rabi,Black Cotton,Irrigated,410,26.5,60,AA,TT,AG,AA,GG,CC,GG,AT,CC,CG,AA,CT,CC,AT,TT,GG,CG,TT,TT,AA,CC,TT,GT,CC,TT,CC,GT,TT,GG,AA,TT,CT,AA,CC,GG,CG,GG,CC,GG,CC,TT,CT,AA,TT,AG,GG,NN,TT,CC,AC,GG,AT,AA,GG,CC,GT,AA,AC,GT,AA,AA,TT,TT,AA,TT,TT,CC,GG,TT,GG,AG,GG,CC,AA,AG,AC,AA,GG,TT,CT,GG,GT,GG,CC,AT,GG,AA,AA,CC,TT,CC,TT,CT,TT,TT,GG,TT,AC,TT,CC,CT,CC,GG,AG,TT,TT,CG,AA,AA,AA,CT,GG,TT,CG,TT,AC,AA,AT,CC,GG,CG,AG,CC,GT,TT,AA,CC,CC,AC,CC,AG,TT,CC,AA,AC,CC,AA,AT,AA,AA,GG,CC,CC,GG,AA,AG,AA,CC,GG,CC,CC,AA,AG,GG,TT,GG,AC,TT,CT,AG,AC,TT,GT,TT,CC,AT,TT,TT,AA,TT,GG,CC,AA,CT,CC,CC,CG,CC,AA,GG,AA,CC,TT,CC,TT,TT,GG,AT,AA,AA,TT,AC,GG,AA,CC,CC,GG,GG,AC,GG,TT,AA,AA,CC,GG,AA,CC,AT,AA,GT,TT,AT,AT,CG,GT,AA,CC,AA,TT,AA,GG,AA,CC,AA,TT,CC,TT,AA,CC,TT,GG,AA,CC,AG,CC,TT,CT,NN,GG,TT,AC,CC,AA,GG,CC,NN,GG,CC,GG,TT,AA,GG,TT,GG,CC,CC,AA,GG,CC,AA,CC,AT,AG,AC,CC,AA,TT,AA,GG,AA,AC,AA,AA,GG,AA,AG,AA,TT,GG,AA,AG,AC,AC,CC,AA,AA,GG,GG,GG,TT,AT,AA,TT,TT,TT,AA,AA,GG,GG,AA,5.23,Resistant,High,Premium,Late
L0228,Warangal,Telangana,Rabi,Black Cotton,Irrigated,410,26.5,60,AC,TT,GG,AA,GG,CC,GT,TT,CC,CG,AA,CC,CC,TT,TT,GT,CG,TT,TT,AA,CG,GT,GT,CC,TT,CC,GT,TT,GG,AC,CT,CT,AA,CC,GG,GG,GG,GG,GG,CC,TT,CC,AA,TT,AA,GG,TT,TT,CC,AA,GT,AA,AA,GG,CT,TT,AA,AA,GT,AA,AA,TT,AT,GG,CT,AT,CC,GG,TT,GG,AA,GG,CC,AA,GG,AA,AA,GG,GT,TT,GG,GT,GG,CC,AA,GG,AA,AA,CC,GG,CC,TT,CC,TT,TT,GG,TT,CC,TT,CT,CC,CG,AG,AA,TT,TT,CG,AA,AG,AA,NN,GG,GT,CC,TT,AA,AA,TT,CG,AA,CC,GG,CC,GG,CT,AA,CC,CC,CC,CC,AA,TT,CC,AA,CC,CC,AA,TT,AA,AT,CG,CT,CC,GG,AA,AA,AA,CC,GG,CC,CC,AA,AA,GG,TT,GG,AC,GG,CC,AG,CC,TT,TT,TT,CC,AA,NN,TT,AT,TT,CG,CC,AG,CT,CC,CC,CG,CC,AA,GG,AG,CC,TT,CC,GG,TT,CG,TT,AA,AA,TT,CC,GG,AA,NN,CC,GG,GG,AC,GG,TT,AC,AA,CC,NN,AT,CC,AA,TT,GT,TT,AT,AA,CG,GG,AA,CG,TT,TT,AA,GG,AG,TT,AA,TT,CC,TT,AC,CC,TT,GG,NN,CG,AG,AA,TT,TT,GT,GG,TT,AA,AC,NN,GG,CC,CG,GG,CG,GT,TT,AA,CC,TT,GG,CC,CC,AA,GG,CC,AT,CC,AT,AA,CC,CG,CC,TT,AA,GG,AA,AA,AA,AA,GG,AA,AG,AA,TT,GG,AA,AA,AC,AA,CT,AA,AA,GG,GG,GG,TT,AA,AA,TT,TT,TT,AA,TT,GG,GG,AC,7.5,Moderate,Low,Premium,Late
L0229,Warangal,Telangana,Rabi,Black Cotton,Irrigated,410,26.5,60,AA,TT,AG,GG,GG,CC,GG,TT,CC,CC,AA,CC,GG,TT,TT,GG,GG,TT,TT,AA,CG,GT,GT,CC,AT,CC,GT,TT,GT,NN,TT,CT,AA,CC,AG,CG,GG,CG,GG,CC,TT,CT,AA,TT,AG,GG,TT,TT,CC,AC,GT,AT,AA,GG,CT,NN,AA,AA,TT,AA,AA,GT,AT,AA,CT,TT,CC,GG,TT,GG,AG,GG,CC,AA,AG,AC,AA,GG,TT,TT,AG,GT,GG,CC,AT,AG,GG,AA,CC,TT,AC,TT,CC,TT,GG,GG,TT,CC,GT,CC,CC,CG,AG,AG,TT,TT,CG,AA,AG,AA,CC,GG,GT,CG,TT,AA,AA,TT,CC,GG,CC,GG,CC,GG,CT,AA,CC,CC,CC,CC,AA,TT,CC,AA,CC,CC,AA,TT,AA,AA,GG,CC,CC,GG,AA,AA,AT,CC,GG,CC,CG,AA,AA,GG,TT,GG,AA,TT,TT,GG,CC,TT,TT,TT,CC,TT,TT,TT,AT,TT,GG,CC,AG,CT,CC,CC,CC,CC,AA,GG,AG,CC,GT,CC,GT,TT,CG,TT,AA,AA,TT,AA,GG,AA,CC,CC,GG,GG,AC,GG,TT,AA,AG,CC,GG,AA,CC,AA,TT,GG,GT,TT,AT,CG,GT,AA,NN,TT,GT,AA,GG,AA,CT,AA,TT,CC,CT,AC,AC,CC,CG,AA,CC,AG,AC,TT,TT,GT,GG,TT,AC,CC,AG,GT,CC,CG,GG,CC,NN,TT,AA,CC,NN,GG,CC,CG,AA,GG,CC,AA,CC,AT,AA,AA,CG,CC,TT,AA,CG,AA,AA,AA,AA,AG,AG,AG,AA,TT,GG,AA,AG,AC,AC,CT,AA,AA,CG,GG,GG,TT,AA,AG,GT,TT,TT,AA,AT,GG,NN,AA,6.03,Susceptible,Low,Standard,Early
L0230,Warangal,Telangana,Rabi,Black Cotton,Irrigated,410,26.5,60,AA,TT,GG,AG,GG,CC,GT,TT,CC,CC,AA,CT,CG,TT,TT,GG,CC,TT,TT,AA,CC,TT,TT,CT,TT,CC,TT,TT,GT,AA,TT,CT,AA,CC,GG,GG,GG,CG,GG,CC,TT,CT,AC,TT,AA,AG,TT,AT,CG,AC,GT,AA,AA,NN,CC,GT,AA,AA,GT,AC,AG,NN,AT,AA,CT,AT,CC,GG,TT,GG,AG,GG,CC,AG,GG,AA,AT,GG,TT,TT,GG,GG,GG,CC,AA,AG,AA,AT,CG,GT,CC,TT,CC,TT,TT,GG,CT,AC,TT,CC,CT,CC,AA,AA,TT,TT,CC,AG,AG,AC,CT,GG,TT,CC,TT,AA,AA,TT,NN,GG,CG,GG,CC,GT,CT,AA,CT,CC,AC,CC,AA,TT,CC,AA,CC,CT,AA,TT,AA,AA,GG,CT,CC,AG,AA,AA,AA,CC,GT,CC,CC,AG,AG,AG,GT,GG,AA,TT,CT,GG,CC,TT,GT,TT,CC,NN,GT,TT,NN,AT,GG,CG,AA,CC,AC,CC,GG,CC,AA,GG,AG,CC,TT,CC,GT,TT,GG,NN,AA,AA,TT,CC,GG,AA,CC,CC,GG,GG,AA,GG,TT,NN,AA,CC,GG,AA,AC,AA,AT,GG,GT,AA,AA,CG,GG,AT,CC,AT,TT,AA,GG,AA,CT,AA,TT,CC,CT,AC,CC,CT,GG,AA,GG,AG,AC,TT,CC,GT,GG,TT,AA,CC,AA,GT,CC,CC,GG,CC,GG,AT,AA,CC,NN,GG,CC,CC,AA,AG,CG,AA,CG,AT,AA,AA,CG,AC,TT,AA,GG,AA,AA,AA,AC,AG,AG,AA,AG,TT,GG,AC,AA,CC,AC,TT,AG,AG,GG,GG,GG,TT,AT,NN,TT,TT,TT,AA,TT,GG,CG,AA,6.79,Moderate,Low,Premium,Late
L0231,Warangal,Telangana,Rabi,Black Cotton,Irrigated,410,26.5,60,AA,NN,GG,AA,GG,CC,GG,TT,CG,CC,AA,CC,CC,AT,GT,TT,GG,TT,TT,AG,CC,TT,GT,CT,TT,CC,TT,TT,GG,AA,TT,CT,AA,CC,GG,GG,GG,CG,GG,CC,TT,TT,AA,GG,AA,GG,TT,NN,CC,CC,GG,AT,AA,GG,NN,GT,AA,AC,TT,AC,AA,TT,TT,AA,TT,AT,CC,GG,TT,GG,AA,GG,CC,AA,GG,AA,AT,NN,TT,TT,GG,GT,GG,CC,AA,GG,AA,AA,CC,GG,CC,TT,CC,TT,GT,AG,CT,CC,TT,CC,CC,CG,AA,AA,AT,TT,CG,AA,AA,AA,CC,GG,TT,CG,NN,AA,AA,TT,CC,AG,CC,GG,CC,GG,NN,AA,CC,CC,CC,CC,AA,TT,AC,AA,CC,NN,AA,AT,AG,AA,CG,CC,CC,GG,AA,AA,AA,CC,GG,CC,CC,AA,AA,AA,GT,GG,CC,TT,TT,GG,CC,TT,GT,TT,CG,AT,TT,CT,AA,AT,CG,CC,AA,CT,CC,CC,GG,CC,AA,GG,AA,CC,TT,CC,GT,TT,GG,AA,AA,AG,TT,CC,CG,AA,CC,CC,GG,GG,AC,GG,TT,AA,AA,CC,GG,AT,CC,AA,AT,GT,TT,AT,AT,GG,GT,AT,CC,TT,TT,AA,GG,AA,CT,AC,TT,CC,CT,AA,NN,TT,GG,GG,CC,AG,CC,TT,TT,GT,NN,TT,AC,CC,AA,GG,CC,GG,GG,CG,GG,AT,AA,CC,TT,GG,CG,CG,AT,GG,CG,AT,CG,AA,AA,AC,GG,AA,TT,AA,CC,AA,AA,AA,AA,GG,AG,AA,AA,AT,GG,CC,AA,AC,AC,TT,AG,AA,GG,GG,GG,TT,AT,AA,TT,TT,TT,AG,AT,GG,GG,AA,9.2,Susceptible,Low,Premium,Late
L0232,Warangal,Telangana,Rabi,Black Cotton,Irrigated,410,26.5,60,AA,TT,GG,AA,GG,CC,GG,AT,CC,CG,AA,CC,NN,TT,GT,GT,GG,TT,TT,AA,CC,TT,GT,CC,TT,CC,TT,TT,GG,AA,TT,CC,AA,CC,GG,GG,GG,CG,GG,CC,TT,CC,AA,TT,AA,GG,TT,TT,CC,CC,GT,AA,AA,GG,CC,NN,AT,AA,GG,AA,NN,GT,TT,AA,TT,AT,CT,GG,NN,GG,AA,GG,CC,AA,GG,CC,AA,NN,TT,TT,GG,GT,GG,CC,AT,AG,AA,AA,CG,TT,CC,TT,CC,TT,GT,GG,TT,AC,GT,CC,CC,CC,AA,AA,TT,TT,CC,GG,GG,AA,CT,GG,TT,CG,TT,AA,AA,TT,CG,GG,CG,GG,CC,GG,TT,AA,CC,CC,AC,CC,AA,TT,AC,AC,CC,CC,AA,AT,AA,AT,CG,CC,CC,GG,AG,AG,AA,CC,GT,CC,CC,AA,AA,GG,TT,GG,AC,TT,TT,GG,AC,TT,TT,TT,CC,AT,TT,TT,AA,NN,GG,CC,AA,CT,AC,CC,GG,AC,AA,GG,AA,CC,TT,CC,GT,TT,GG,AT,AA,AA,TT,CC,GG,AA,CC,CC,GG,GG,AA,GG,TT,AA,AA,CC,GG,AA,CC,AT,AT,GT,TT,TT,TT,CG,GT,AA,CG,TT,GT,AA,GG,AA,CT,AA,TT,CC,TT,AA,AC,TT,CG,AA,CC,AA,CC,TT,CT,TT,GG,TT,AC,AC,AG,GG,CC,CC,GG,CG,GG,TT,AA,CC,TT,AG,CC,CC,AA,AG,CC,AA,CC,AT,AA,AC,CC,CC,TT,AA,GG,AA,AC,AA,AA,GG,AG,AG,AA,AT,CG,AC,AA,CC,AA,TT,AA,AG,GG,GG,GG,TT,AA,AA,GT,TT,TT,AG,TT,GG,GG,AA,6.51,Moderate,Medium,Poor,Late
L0233,Warangal,Telangana,Rabi,Black Cotton,Irrigated,410,26.5,60,AC,TT,AG,AG,GG,CG,GG,AT,CC,GG,AA,CC,CC,AT,TT,GG,CG,TT,TT,AA,CC,GT,GG,CC,TT,CC,NN,TT,GG,AA,TT,CC,AA,CC,GG,GG,GG,CC,GG,CC,TT,CT,AA,TT,AA,GG,CT,TT,CC,CC,GG,AA,AG,GG,CC,TT,AA,AA,GT,AA,AA,TT,TT,AG,CT,AT,CT,GT,TT,GT,AA,GG,CC,AA,AA,AC,AT,GG,NN,TT,GG,GT,GT,CC,AA,NN,AA,AT,CC,TT,AC,TT,CC,AT,TT,GG,TT,CC,GG,CC,CC,CG,AG,AA,TT,TT,CC,AA,AA,AC,CT,NN,TT,CC,GT,AA,AC,TT,CC,AG,CC,GG,CC,GG,CT,AA,CT,CC,CC,CC,AA,TT,AC,AA,CC,CT,AA,TT,AA,AA,GG,CC,CC,GG,AA,GG,AA,CC,GG,CC,CC,AG,AG,AG,TT,GG,AA,TT,CT,GG,CC,GT,TT,TT,CC,AA,TT,TT,AA,TT,GG,CC,AA,CT,CC,CC,GG,AC,AA,GG,AG,CC,TT,CC,GT,GT,GG,TT,AA,AA,TT,AC,GG,AA,CC,CG,CG,GG,AC,GG,TT,AA,AA,CG,GG,AA,AC,AA,AA,GG,TT,AT,AT,GG,TT,AT,CG,AT,TT,AA,AG,AA,CT,AA,TT,CC,NN,AA,CC,CT,CG,AG,CC,NN,CC,TT,TT,NN,GG,NN,AA,AC,AA,GG,CC,NN,GG,CG,GG,AA,AG,CC,TT,GG,CC,CG,NN,GG,CC,AA,CG,AA,AA,AC,CC,CC,TT,AA,GG,AA,AA,AA,AA,AG,GG,AG,AG,TT,NN,AA,AA,AC,AC,TT,AA,NN,GG,GG,NN,TT,AT,AG,GT,TT,AT,AA,TT,GG,GG,AA,6.15,Resistant,High,Premium,Late
L0234,Warangal,Telangana,Rabi,Black Cotton,Irrigated,410,26.5,60,AA,TT,GG,AG,CG,CC,GG,TT,CC,GG,AA,CC,CG,TT,TT,GG,CG,TT,TT,AA,CC,TT,GT,CC,TT,CT,TT,TT,GG,AA,TT,CC,AA,CC,GG,GG,GG,CC,GG,AC,TT,TT,AA,TT,AG,GG,TT,AT,CC,AC,GG,AT,AA,GG,CC,NN,AA,AA,GG,AA,GG,TT,AA,NN,TT,TT,CC,GG,TT,GG,AG,GG,CC,AA,AG,AA,AT,GG,GT,TT,GG,GG,GG,CC,AA,GG,AA,AA,CC,NN,AC,GT,CC,TT,GT,GG,CT,CC,TT,CC,CC,CC,GG,AA,AT,TT,CC,AA,AA,AA,CC,GG,TT,CC,TT,AA,AA,TT,CG,AG,CC,AG,CT,GT,TT,AA,CC,NN,CC,CC,AG,GT,CC,AA,CC,CT,AA,TT,AA,AA,GG,CT,CC,GG,AG,AG,AA,CC,GG,CC,CC,AA,GG,GG,GG,AG,AA,TT,CT,GG,NN,GT,GT,TT,CG,AA,GT,TT,NN,TT,GG,CC,AA,CT,CC,CC,GG,CC,AA,GG,AA,CC,TT,CC,GG,GT,CG,AT,AA,AG,TT,CC,CG,AA,AC,CC,GG,GG,AA,GG,TT,NN,AA,CG,GG,AA,CC,AA,AT,GT,GT,TT,AA,GG,GT,AA,CC,AT,TT,AA,GG,AA,CT,AA,TT,CC,TT,AA,CC,TT,CG,GG,CG,AG,CC,TT,CT,GT,GG,TT,AC,AC,AG,GG,CC,CC,CG,CC,GG,TT,AA,CG,GT,GG,CC,CC,AA,GG,CC,TT,CC,AA,AA,CC,CC,CC,TT,AA,GG,AA,AA,AC,AA,GG,AG,AG,AA,TT,CG,AA,AA,CC,AC,CC,AA,AA,GG,GG,GG,TT,AA,AA,TT,TT,TT,AA,AT,NN,GG,AA,8.2,Moderate,Low,Premium,Medium
L0235,Warangal,Telangana,Rabi,Black Cotton,Irrigated,410,26.5,60,AC,TT,AG,AA,GG,NN,GT,TT,CC,CC,AA,CC,CG,TT,TT,GG,CG,TT,AT,AA,CC,TT,GT,CC,TT,CT,TT,TT,GT,AA,CT,CC,AA,CC,AG,CG,GT,CG,GG,CC,TT,CT,AA,TT,AG,GG,TT,TT,CC,AC,GT,AA,AG,GG,CT,TT,AA,AA,GT,AC,NN,TT,AT,AG,CC,AT,CC,GG,TT,GT,AA,GG,CC,AA,AG,AC,AT,GG,TT,TT,GG,GT,GT,CC,AA,GG,NN,AA,CC,GT,AC,GT,CC,TT,GT,GG,TT,CC,TT,CC,CC,CG,GG,AA,TT,NN,CC,AA,AG,AA,CT,GG,TT,CC,TT,AA,AA,TT,CG,GG,CC,AG,CC,GG,TT,AA,CT,CC,CC,CC,AA,TT,CC,AA,CC,CC,AG,AT,AA,AA,GG,CC,CC,GG,AA,AA,AA,AC,GG,CC,CC,AA,AA,GG,TT,GG,AC,TT,CT,GG,CC,TT,GT,CT,CC,AA,TT,TT,AA,NN,CG,CC,NN,CC,CC,CC,CG,CC,AA,GG,AA,CC,TT,CG,GG,TT,CG,AA,AA,AG,TT,AC,GG,AA,AC,CC,GG,GG,AC,GG,TT,AA,AA,CC,GG,AT,AC,AA,AT,GG,TT,AT,AA,CG,TT,AA,CC,TT,GT,AA,GG,NN,TT,AA,TT,NN,CT,AA,CC,TT,GG,AA,CG,AA,AC,TT,TT,GT,GG,TT,AA,AC,AA,GT,CC,NN,GG,CC,GG,AT,AA,CG,TT,GG,CC,CC,NN,AG,GG,AT,CC,AA,AA,CC,CC,AA,TT,AA,GG,AA,AA,AC,AA,AA,GG,AA,AA,AT,GG,AA,AG,CC,AC,CC,AG,AG,GG,AG,GG,GT,AA,AG,TT,NN,TT,AA,AT,GG,GG,AA,8.33,Susceptible,Medium,Premium,Medium
L0236,Warangal,Telangana,Rabi,Black Cotton,Irrigated,410,26.5,60,AC,TT,GG,AG,CG,CC,GG,TT,CC,NN,AA,CC,CG,TT,TT,GT,GG,TT,AT,AG,CC,TT,GT,TT,TT,CC,TT,TT,GG,AA,TT,CT,AA,CC,GG,CG,GG,CG,GG,CC,TT,TT,AA,TT,AA,GG,TT,TT,CC,AC,GG,AA,AA,GG,CC,TT,AA,AA,TT,AA,AA,TT,AT,AA,TT,TT,CC,GG,TT,GG,AA,GG,CC,AA,GG,AA,TT,GG,TT,NN,GG,GG,GG,CC,AT,GG,AA,AT,CG,GT,AC,TT,CT,TT,GT,GG,TT,CC,GT,CC,CC,CC,AA,NN,AT,TT,CC,AG,GG,AA,CC,GG,TT,CG,TT,AA,AA,AT,CC,GG,CG,GG,CC,GT,TT,GG,CC,CC,CC,CC,AA,GT,CC,AC,CC,CT,AA,AT,AG,AT,CG,CT,CC,GG,AG,AG,AT,CC,GG,CC,CC,AA,AA,GG,TT,GG,AC,TT,CT,GG,CC,TT,GT,TT,CC,AT,TT,TT,AA,AT,GG,CC,AG,CC,CC,CC,GG,CC,AA,GG,AA,CC,TT,CC,TT,GT,GG,TT,AA,AA,TT,CC,GG,AC,CC,CC,GG,GG,AC,GG,CT,AC,AA,CG,GG,AA,CC,AA,AA,GT,TT,TT,AT,CC,GT,AT,CG,TT,TT,AA,GG,AA,TT,AC,AT,CC,TT,AA,CC,TT,GG,GG,NN,AG,CC,TT,CT,TT,GG,TT,AA,AC,AA,GG,CC,CG,GG,CC,GG,AT,AA,CC,GT,GG,CC,CC,AA,GG,CG,AA,CC,AA,AA,CC,CG,CC,TT,AA,GG,AA,AA,AC,AC,AG,AG,AA,AA,TT,GG,AA,AA,AC,AA,CT,AA,AA,GG,GG,GG,TT,AT,AA,TT,TT,TT,AA,AT,GG,GG,AA,6.19,Susceptible,Low,Premium,Medium
L0237,Warangal,Telangana,Rabi,Black Cotton,Irrigated,410,26.5,60,AC,TT,GG,AG,GG,CC,GG,TT,CC,CG,AA,CC,CG,TT,TT,GG,GG,TT,TT,AG,CC,GT,GT,CC,TT,CC,TT,AT,GG,AA,TT,CT,AA,CC,GG,GG,GT,CC,GG,CC,TT,TT,AA,TT,AA,GG,TT,AA,CC,CC,GT,AA,AA,GG,CC,GT,AA,AA,GG,AC,AA,TT,TT,AG,CT,AA,CC,GG,TT,GT,AG,GG,CC,AA,AG,AA,AA,GG,TT,TT,GG,GG,GG,CC,AT,GG,AA,AA,CC,GG,CC,TT,CT,TT,TT,GG,CT,CC,GT,CC,CT,CG,GG,AA,TT,TT,CC,AA,GG,AC,CT,GG,GT,CC,GT,AC,AA,TT,CG,AG,CC,GG,CC,GG,TT,AA,CC,CC,CC,CC,AA,TT,CC,AA,CC,CC,AA,AT,AA,AA,GG,CC,CC,GG,AG,GG,AA,NN,GG,CC,CG,AA,AG,GG,TT,GG,AA,TT,CC,AG,CC,TT,GT,TT,GG,AT,NN,TT,AA,TT,GG,CC,AA,CT,CC,CC,CG,CC,AA,GG,AG,CC,TT,CC,GG,GT,GG,AT,AA,AA,TT,CC,CG,AA,CC,CC,GG,AG,AA,GG,TT,AA,AA,CG,GG,AA,AC,AT,AA,GG,TT,TT,AA,GG,TT,AA,CC,TT,GT,AA,GG,AA,CT,AA,TT,CC,TT,AA,CC,TT,CG,GG,CC,GG,CC,TT,CC,GT,CG,TT,AC,CC,AA,GT,NN,CG,GG,CC,GG,AT,AA,CC,GT,GG,CC,CG,AT,GG,CC,AT,CC,AA,AA,CC,CG,AC,TT,AA,GG,AA,AC,AA,AA,AG,GG,AA,AA,TT,GG,AA,AA,CC,AA,CT,AG,AA,GG,GG,GG,TT,AT,AA,GT,TT,TT,AA,TT,GG,GG,AA,7.44,Moderate,Medium,Premium,Late
L0238,Warangal,Telangana,Rabi,Black Cotton,Irrigated,410,26.5,60,AC,TT,GG,AG,GG,CC,GG,TT,CC,CG,AA,CC,CG,AT,TT,GG,GG,TT,TT,AG,CC,GT,GT,CC,TT,CC,TT,TT,GT,AA,TT,CC,AA,CC,AG,CG,GG,CG,GG,CC,TT,TT,AA,TT,AG,GG,TT,TT,CC,AC,GG,AT,AG,GG,CC,TT,AA,AC,GT,AA,AA,TT,TT,AA,TT,AT,CC,GG,TT,GG,AA,GT,CC,AA,GG,CC,AT,GG,TT,TT,AG,GG,GG,CC,AA,AG,AG,AA,CC,GT,CC,TT,CC,TT,GT,GG,NN,CC,TT,CC,TT,CC,AG,AA,AT,TT,CC,AA,AG,AA,CT,GG,TT,CG,GG,AA,AA,TT,NN,AG,CC,GG,CC,GT,TT,AA,CC,CC,CC,CC,AA,TT,AC,AA,CC,CC,AA,TT,AA,AA,GG,CC,CG,GG,AA,GG,AA,CC,NN,CC,CC,AG,AA,AA,TT,GG,AC,NN,CT,GG,CC,TT,GT,TT,CC,AT,GT,TT,AT,AT,GG,CC,AG,TT,CC,CC,CG,AC,AA,GG,AG,CC,TT,CC,GG,TT,GG,TT,AA,AA,TT,CC,GG,AA,CC,CC,GG,GG,AC,GG,TT,CC,AA,CC,TT,AT,CC,AA,AT,GG,TT,TT,AA,CG,GT,TT,CC,AT,GG,AA,GG,AA,TT,AC,TT,CC,TT,AA,CC,TT,CG,AA,CC,AG,CC,TT,TT,TT,GG,TT,AC,CC,AA,GG,CC,CC,GG,CC,GG,TT,AA,CG,GT,GG,CC,CC,AA,GG,CC,AT,CC,AA,AA,AC,CG,CC,TT,AG,CG,AA,AA,AA,AA,AA,AA,AA,AA,AT,GG,AC,AG,AC,AC,TT,AA,AA,GG,GG,GG,TT,AT,AG,TT,TT,TT,AG,AT,GG,GG,AA,6.24,Susceptible,High,Premium,Late
L0239,Warangal,Telangana,Rabi,Black Cotton,Irrigated,410,26.5,60,AC,CT,GG,AA,GG,CC,GG,AT,CC,CG,AA,CT,CC,TT,GT,GG,CC,TT,TT,AG,CC,TT,GT,CT,TT,CC,TT,TT,GT,AA,TT,CT,AA,CC,GG,CG,GG,CC,GG,CC,TT,CT,AA,GT,AA,AA,CT,TT,CC,CC,GG,AA,AA,NN,CT,TT,AA,AC,GT,AA,AA,TT,AA,AA,TT,TT,CC,GG,CC,TT,AG,GG,CC,NN,GG,CC,AT,GG,TT,TT,GG,GG,TT,CC,AA,GG,AA,AA,CC,TT,CC,TT,CC,AT,TT,NN,TT,AC,GT,CC,CC,GG,GG,AA,AT,TT,CC,AA,AA,AA,CC,GG,TT,CC,GT,AA,AA,TT,CC,AG,CC,GG,CC,GT,CC,AA,CC,CC,AC,CC,AA,TT,CC,AA,CC,CT,AA,TT,AA,AA,GG,TT,CC,GG,AA,GG,AT,CC,GG,CG,CC,AA,AA,GG,TT,AG,AA,TT,CT,GG,CC,TT,TT,TT,CC,AT,GT,TT,AA,AT,GG,CC,AA,CC,CC,AC,GG,CC,AA,GG,AG,CC,TT,CC,GG,GT,GG,TT,AA,AA,TT,CC,GG,AA,CC,CC,GG,GG,AA,GG,TT,AA,AG,CC,GG,AA,NN,AA,AA,GG,TT,AT,AT,GG,GG,TT,CC,AT,GG,AA,GG,AA,CT,AA,TT,CC,TT,AA,CC,TT,CG,AA,CC,AA,CC,AT,CT,TT,GG,TT,AA,AC,AG,GG,CC,GG,GG,CC,GT,AT,AA,CC,TT,AG,CC,CG,AA,GG,CC,AA,CC,AA,AG,AC,GG,AC,TT,AA,GG,AA,AA,AC,AC,GG,AG,AA,AA,TT,GG,AA,AG,AC,CC,TT,AA,AG,GG,GG,GG,TT,AT,AG,GT,TT,TT,AA,AA,GG,GG,AC,5.32,Resistant,Low,Poor,Late
L0240,Warangal,Telangana,Rabi,Black Cotton,Irrigated,410,26.5,60,AC,TT,GG,AG,GG,CC,NN,AT,CC,CG,AT,TT,CG,AT,TT,GG,GG,TT,TT,AA,CC,TT,TT,CT,AT,CC,TT,AT,GG,AC,TT,CT,AA,CC,GG,CG,GG,CC,GG,CC,TT,TT,AA,GT,AA,GG,TT,TT,CC,AA,GG,AA,AA,GG,CC,TT,AA,AC,GG,AA,AA,TT,TT,GG,CT,TT,CC,GG,TT,GG,AG,GG,AC,AA,GG,AC,AT,GG,TT,TT,GG,GT,GG,CC,AT,GG,AA,AA,CG,TT,CC,TT,CC,TT,TT,GG,CT,CC,GT,CT,CC,CC,GG,AA,AT,TT,CC,AA,AG,AC,CC,GG,TT,CC,GT,AC,AA,TT,CC,AA,CC,GG,CC,GT,TT,AA,CC,CC,CC,CC,AG,TT,AC,AA,CC,CT,AA,TT,AG,AA,GG,CC,NN,GG,AA,AG,AA,CC,GT,CC,CC,AA,AA,GG,GT,GG,AA,GT,CC,GG,CC,TT,TT,TT,CC,AT,GG,CT,AT,TT,GG,CC,AA,CT,CC,CC,GG,CC,AA,GG,AA,CC,TT,CG,GG,TT,CG,AT,AA,AA,GT,CC,CG,AA,CC,CC,GG,GG,AC,GG,TT,AA,AA,CC,GG,AT,CC,AA,AA,GG,TT,AT,NN,CG,GG,TT,CC,AT,GT,AA,GG,AA,TT,AA,TT,CC,TT,AC,CC,CT,GG,AA,CC,AG,CC,TT,TT,GT,GG,TT,AA,CC,AA,GG,CC,CG,CG,CC,GG,TT,AA,CC,GT,GG,CC,CG,AT,GG,CG,AT,CG,AA,AA,CC,CG,AC,TT,AA,GG,AT,AA,AA,AA,AA,GG,AG,AA,TT,GG,AA,AG,AC,AA,CC,AA,NN,GG,GG,GG,TT,AA,AG,TT,TT,TT,AG,TT,GG,GG,AA,7.06,Susceptible,High,Premium,Medium
L0241,Warangal,Telangana,Rabi,Black Cotton,Irrigated,410,26.5,60,AA,TT,GG,AA,GG,CC,GG,AT,CC,CC,AA,CC,CC,TT,TT,GG,GG,TT,AT,AA,CG,TT,GT,CC,TT,CC,TT,TT,GG,AA,TT,TT,AA,CC,GG,GG,GG,GG,GG,AC,TT,CT,AA,TT,AG,AG,TT,TT,CG,AA,GG,AA,AA,CG,CC,TT,AA,AC,GT,AA,AA,TT,TT,AA,TT,AT,CC,GG,TT,GT,AG,GG,CC,AA,GG,AC,AT,GG,TT,TT,GG,GG,GG,CC,AA,GG,AA,AT,CC,GG,CC,TT,CC,AT,GT,AG,CT,CC,TT,CC,CT,CC,AG,AA,TT,TT,CC,AA,AA,AA,CC,GG,TT,CC,NN,AC,AA,TT,GG,GG,CG,GG,CT,GT,TT,AA,CC,CC,CC,CG,AA,TT,CC,AA,CC,CT,AG,AT,AG,AA,GG,TT,CC,GG,AA,AA,AA,CC,GG,CC,CG,AA,GG,AG,TT,GG,AC,GT,CT,GG,CC,GT,TT,TT,CC,AA,TT,TT,AA,TT,GG,CC,AA,CT,CC,CC,GG,CC,AA,GG,AA,CC,TT,CC,GG,GT,CG,TT,AA,AA,TT,CC,GG,CC,CC,CC,GG,GG,AA,GG,TT,AC,AA,CC,GG,AT,CC,AA,AT,GT,TT,AT,AT,CG,GG,NN,CC,TT,TT,AA,GG,AG,CT,AA,TT,CC,TT,AA,CC,TT,GG,AA,CC,GG,CC,TT,TT,TT,GG,TT,AC,AC,AA,GG,CC,CC,GG,CG,GG,TT,AA,CC,TT,AG,GG,CC,NN,GG,CC,AT,CG,AA,AA,AC,CC,CC,TT,AA,GG,AA,AA,CC,AA,AG,AG,AA,AA,NN,GG,AC,GG,NN,AA,CT,AA,AA,GG,AG,GG,TT,AA,AG,TT,NN,AT,GG,AT,CG,GG,AA,8.73,Susceptible,High,Poor,Late
L0242,Warangal,Telangana,Rabi,Black Cotton,Irrigated,410,26.5,60,AC,TT,GG,AA,GG,CG,GG,TT,CC,CG,AT,CC,CG,TT,GT,GT,GG,TT,TT,AA,CC,TT,GT,CC,TT,CC,TT,TT,GG,AA,TT,CC,AA,AC,GG,GG,GG,CG,GG,CC,TT,TT,AA,TT,AA,AG,TT,TT,CC,AC,GG,AT,AG,GG,CC,TT,AA,AA,GG,AA,AA,TT,AT,GG,CT,TT,CC,GG,TT,GT,AA,GG,CC,AA,AG,AA,AT,GG,GT,TT,GG,GG,GG,CC,AA,GG,AA,AA,CC,GG,CC,TT,TT,TT,TT,GG,CT,CC,TT,CC,CT,CC,AG,AA,TT,GT,CC,AA,AG,AA,CC,GG,TT,CC,TT,AA,AC,TT,CG,GG,CC,AA,CC,GG,TT,AA,CC,CC,CC,NN,AA,GT,CC,AA,CC,CC,AA,TT,AA,AA,GG,CC,CC,GG,AA,GG,AA,AC,GG,CC,CC,AG,AA,GG,TT,GG,AA,TT,CT,AG,CC,TT,TT,CT,CC,AA,GT,TT,AA,AT,GG,CC,AA,CC,CC,AC,GG,CC,AA,GG,AG,CC,TT,CC,GT,GT,GG,AT,AA,AA,TT,NN,GG,AA,AC,CG,GG,GG,CC,GG,TT,AC,AA,CC,GT,AA,AA,AA,AA,GG,TT,AT,AT,GG,GT,AA,CG,AT,GT,AA,GG,AG,CT,AA,NN,CC,CT,AA,CC,NN,GG,AA,CC,AG,AC,AT,NN,TT,GG,TT,AA,AA,AA,GG,CC,CG,GG,CC,GG,AT,AA,CC,TT,GG,CC,CG,AA,GG,CC,AA,CC,AA,AA,NN,CC,CC,TT,AA,GG,AA,AA,AC,AC,AG,AA,AG,AA,TT,CG,CC,AG,AA,AC,CT,AA,AA,GG,GG,GG,TT,AA,AA,TT,TT,TT,AG,AT,GG,GG,AA,5.7,Susceptible,Low,Poor,Early
L0243,Warangal,Telangana,Rabi,Black Cotton,Irrigated,410,26.5,60,AC,TT,GG,AG,GG,CC,GG,TT,CC,CG,TT,CC,CC,TT,TT,GG,CG,TT,TT,AG,CC,TT,TT,CT,TT,CC,TT,TT,GG,AA,TT,CC,AA,CC,GG,CG,GG,CC,GT,CC,TT,TT,AA,TT,AA,GG,CT,AT,NN,AA,GT,AT,AA,GG,CC,TT,AA,CC,GT,AA,AA,TT,TT,AG,TT,TT,CC,GG,TT,GT,AA,GG,CC,AA,GG,AC,TT,GG,TT,TT,NN,GG,GG,CC,AA,GG,AG,AA,CC,TT,AC,TT,CC,TT,TT,GG,TT,CC,TT,CC,CT,CC,GG,AG,AT,TT,CC,AG,AG,AA,CC,GG,GT,CG,TT,AA,AA,TT,CG,GG,CC,GG,CT,GT,TT,AG,CC,CC,AC,CC,AA,TT,CC,AA,AC,CC,AA,AT,AA,AA,GG,CC,CC,GG,AA,AG,AA,CC,GG,CC,CC,AG,AG,GG,GT,GG,AA,TT,TT,AG,AC,GT,GT,CC,CC,AA,GT,TT,AT,NN,GG,CC,AG,CC,CC,CC,CG,AC,AA,GG,AA,CC,TT,CG,GT,GT,CG,TT,AA,AG,TT,CC,GG,AA,AC,CC,GG,GG,AC,CG,TT,AA,AA,NN,GG,AA,AC,AA,AA,GG,TT,TT,AT,CG,GT,AT,CC,AA,GT,AA,GG,AA,TT,AA,TT,CC,CT,AC,CC,CT,GG,AA,CC,AG,CC,TT,TT,TT,GG,AT,AA,CC,AG,GG,CC,CG,GG,CG,GG,AT,AG,CC,TT,GG,CG,CC,AA,GG,GG,AT,CC,AA,AA,CC,CC,CC,AT,AA,GG,AA,AA,AC,AC,GG,AA,AG,AA,TT,CG,AC,AG,AA,AA,CT,NN,AA,CG,GG,GG,TT,AA,AA,GT,TT,TT,AG,AT,GG,GG,AA,7.29,Susceptible,Low,Premium,Late
L0244,Warangal,Telangana,Rabi,Black Cotton,Irrigated,410,26.5,60,AA,TT,GG,AG,GG,CC,GG,TT,CC,CC,AA,CT,CG,AT,TT,GT,GG,TT,TT,AA,CC,GT,GT,CC,TT,CC,TT,TT,GT,AA,CT,NN,AA,CC,GG,GG,GG,CC,GG,AC,GT,TT,AC,TT,AA,GG,TT,AT,CC,AC,GG,AT,AA,GG,CT,GT,AA,AC,GT,AC,AG,TT,TT,AA,TT,TT,CT,GG,TT,GG,AG,GG,CC,AA,AA,AA,AA,GG,TT,TT,GG,GG,GG,CC,AA,GG,AA,AT,CC,TT,CC,TT,CT,TT,TT,GG,CT,CC,TT,CC,CT,CC,AG,AA,TT,TT,CC,AA,AG,AC,CT,GG,TT,CG,TT,CC,AA,TT,CC,NN,CG,GG,CC,NN,TT,AG,CC,CC,CC,CC,AA,TT,AC,AA,CC,CC,AA,TT,AA,AA,GG,CC,CC,GG,AA,AG,AA,CC,GG,CC,CG,AA,AA,GG,TT,GG,AC,TT,CT,GG,CC,GT,TT,CT,CC,TT,GT,TT,AT,TT,GG,CC,AA,TT,CC,CC,CG,CC,AA,GG,GG,AC,TT,CC,GT,TT,GG,AT,AA,AG,TT,CC,CG,AA,AC,CC,GG,GG,CC,GG,TT,AA,AA,CC,GT,AT,CC,TT,AA,GG,GT,AA,AT,GG,GG,AA,CC,AT,GT,AA,GG,NN,TT,AA,TT,CC,TT,AA,AC,TT,GG,AG,CC,AG,CC,TT,CT,GT,GG,TT,AA,AC,AG,GG,CC,CC,GG,CC,GG,AT,AA,CC,NN,AG,CC,CC,AA,AG,CC,AT,CC,AT,AA,CC,CG,AC,TT,AA,GG,AA,AA,AC,AC,AA,AG,AA,AA,TT,CG,AC,AA,AC,AC,TT,AG,AA,GG,GG,CG,TT,AT,AA,GT,TT,TT,AA,TT,GG,GG,AA,9.01,Resistant,High,Premium,Early
L0245,Warangal,Telangana,Rabi,Black Cotton,Irrigated,410,26.5,60,AA,TT,GG,AA,GG,CC,GT,AT,CC,GG,AA,CC,CG,TT,TT,GG,CG,AT,TT,AA,CC,TT,TT,CC,TT,CC,TT,TT,GG,AA,CT,CT,AG,CC,GG,GG,GG,CG,GG,CC,TT,CT,AA,GT,AA,NN,TT,TT,CC,AC,GT,AT,AA,GG,CT,GG,AA,AC,GG,AC,AA,GT,TT,AG,TT,AT,CC,GG,NN,GT,AA,GG,CC,AA,AG,AA,AT,GG,TT,NN,AG,GG,GG,CC,AT,GG,AG,AT,CG,TT,AC,TT,CC,AT,GT,GG,CT,CC,GT,CC,CT,CC,AG,AA,AT,TT,CC,AG,AA,AA,CT,GG,TT,CC,TT,AA,AA,TT,CC,GG,CG,GG,CC,GG,TT,AA,CT,CC,CC,CC,AA,TT,CC,AA,CC,CT,AG,TT,AG,NN,GG,CT,CG,NN,AA,AG,AA,CC,GG,CC,CC,AA,AG,GG,TT,GG,AC,GT,TT,AG,AC,TT,TT,CT,CG,AA,GT,TT,AT,TT,GG,CC,AG,CC,CC,CC,GG,CC,AA,GG,NN,CC,TT,CC,GT,TT,GG,AT,AA,AA,TT,CC,CG,AA,CC,CC,GG,GG,AA,GG,TT,AA,AA,CC,GG,AA,CC,AA,AT,GG,TT,AT,AA,GG,NN,AA,CC,AA,TT,AT,GG,AA,CT,AA,TT,CC,CT,AC,AC,CT,GG,AG,CC,GG,CC,TT,TT,GT,NN,TT,AC,AA,AG,GG,CC,CC,CG,CC,GG,AT,GG,CG,GT,GG,CC,GG,AA,AA,CC,TT,CC,AA,AA,AC,GG,CC,TT,AA,GG,AA,AC,AA,AA,GG,AG,AA,AA,TT,GG,AC,AG,AC,AA,CC,AA,AA,GG,GG,GG,TT,AA,AA,GG,TT,TT,AA,TT,GG,GG,AA,7.76,Susceptible,Low,Premium,Late
L0246,Warangal,Telangana,Rabi,Black Cotton,Irrigated,410,26.5,60,AA,CC,GG,GG,GG,CC,GG,TT,CC,CG,AA,CT,NN,TT,TT,GT,GG,TT,AT,AG,CC,TT,GT,CT,TT,CC,GT,TT,GG,AA,TT,CT,AA,CC,GG,GG,GG,GG,GG,CC,GT,TT,AA,GT,AA,AG,TT,AT,CC,AC,GG,AA,AA,GG,CT,TT,AA,AA,TT,AC,AA,TT,TT,GG,CT,TT,CC,GG,TT,GT,AG,GG,AC,AG,AG,AC,AA,GG,TT,TT,GG,GG,GG,CC,AA,GG,AA,AT,CC,TT,CC,GT,NN,TT,TT,GG,TT,CC,TT,CC,CT,CC,AA,AA,TT,TT,CG,AA,AG,AA,TT,GG,TT,CC,TT,AA,AA,TT,CG,GG,CG,GG,CC,GT,TT,AG,CT,CC,CC,CC,AA,TT,CC,AA,CC,CC,AA,AT,AA,AA,GG,CC,CC,GG,AG,AA,AA,CC,GT,CC,CC,AA,AG,GG,TT,GG,CC,GG,NN,AG,AA,GT,TT,TT,CC,AA,GT,CT,AA,TT,GG,CC,AG,CT,CC,CC,CG,AC,AA,GG,AA,CC,TT,CG,TT,TT,GG,AA,AA,AG,TT,CC,GG,AC,AC,CC,GG,GG,AC,GG,TT,AC,AA,CC,GG,AA,AC,AA,AA,GG,TT,AT,AA,CG,TT,AT,CG,TT,GG,AA,GG,AA,NN,AA,TT,CC,CC,AA,CC,CC,CG,AA,CC,GG,CC,TT,TT,TT,GG,TT,AA,CC,AA,GG,CC,CC,GG,CC,GG,AT,AA,CG,TT,GG,CC,GG,AA,GG,CC,AT,CC,AA,AA,CC,CG,AC,TT,AA,GG,AA,AC,AA,AA,GG,AA,AA,AA,TT,GG,AA,AG,AC,AC,TT,AA,AA,GG,NN,GG,TT,AA,AA,TT,TT,TT,AG,TT,GG,GG,AA,5.3,Resistant,High,Poor,Medium
L0247,Warangal,Telangana,Rabi,Black Cotton,Irrigated,410,26.5,60,AC,TT,GG,AA,GG,CC,NN,TT,CC,GG,AA,CC,CC,AT,TT,GG,GG,TT,TT,AA,CC,TT,GT,CC,TT,CC,TT,TT,GG,AA,TT,CT,AA,CC,GG,GG,GG,CC,GG,CC,TT,TT,AC,TT,AA,AG,TT,TT,CC,CC,GG,AA,AG,GG,CT,TT,AA,AC,GT,AA,AA,TT,AT,NN,TT,TT,CC,GG,TT,GT,AA,GG,CC,AA,GG,AA,AA,GG,TT,TT,GG,GT,GT,CC,AA,GG,AA,AA,CC,TT,CC,TT,CC,TT,NN,GG,TT,CC,GT,CC,CC,CG,AG,AA,TT,TT,CC,AA,AG,AA,CT,GG,TT,NN,TT,AA,AA,TT,CC,GG,CC,AG,CT,GG,TT,AA,CC,CC,CC,CC,AA,TT,CC,AA,CC,CC,AA,AT,AA,AA,GG,CC,CC,GG,AG,AA,AT,CC,NN,CC,CC,AA,AA,GG,TT,AG,AA,TT,TT,GG,CC,GG,TT,TT,CG,AT,GT,TT,AA,TT,CG,CC,AA,CT,CC,CC,GG,CC,AA,GG,GG,CC,TT,CC,GG,TT,GG,TT,AA,AA,NN,CC,CC,AA,CC,CC,GG,GG,AC,GG,TT,AA,AA,CC,GG,AA,AC,AA,AT,TT,GT,TT,AA,GG,GG,AA,CC,AT,TT,AA,GG,AA,CT,AA,TT,CG,TT,AC,CC,TT,GG,AG,CC,AG,CC,NN,TT,TT,GG,TT,AA,AC,AG,GG,CC,CG,GG,CC,NN,NN,AA,CC,TT,GG,CC,CC,AA,AG,CC,AT,CC,AA,AA,AC,CC,CC,TT,AA,GG,AA,AC,AA,AA,GG,AG,AA,AA,TT,GG,AC,AA,AC,AC,CT,AA,AA,GG,GG,GG,TT,AT,AG,TT,TT,TT,AA,AT,GG,GG,AA,5.71,Resistant,High,Standard,Early
L0248,Warangal,Telangana,Rabi,Black Cotton,Irrigated,410,26.5,60,AA,CT,GG,AG,GG,CC,GT,TT,CC,CG,AA,CC,CG,AT,TT,GG,GG,TT,TT,AG,CC,TT,TT,CC,TT,CC,TT,TT,GT,AA,TT,CC,AA,CC,AG,GG,GG,CC,GG,CC,TT,TT,AA,GT,GG,GG,TT,TT,CC,CC,GG,AA,AG,GG,CT,TT,AA,AC,GG,AA,AA,TT,AA,AA,TT,TT,CC,GG,TT,GT,AG,GG,CC,AA,GG,AA,AT,GG,TT,TT,GG,GG,GG,CC,AT,GG,AA,AA,CC,GG,CC,TT,CC,AT,TT,GG,CT,AC,TT,CC,CC,CG,GG,AA,TT,TT,CG,AA,GG,AA,TT,GG,TT,CC,TT,AA,NN,TT,GG,GG,CC,GG,CC,GG,TT,AA,CT,CC,CC,CC,AA,GT,CC,AA,CC,CC,AG,TT,AA,AA,GG,CT,CC,GG,AA,AG,AA,CC,GG,CC,CC,AA,NN,GG,GT,AG,AA,TT,TT,GG,AC,GT,TT,TT,CC,AA,GT,TT,AT,TT,GG,CC,AG,CC,CC,CC,GG,CC,AA,NN,AA,CC,TT,CC,GG,GT,GG,AT,AA,AA,TT,CC,CG,AA,CC,CC,GG,GG,AC,GG,NN,AA,AA,CC,GG,AA,CC,AA,AA,GT,GT,TT,AT,CG,GT,AT,CC,AT,TT,AA,GG,AA,CT,AA,NN,CC,TT,AA,CC,TT,GG,AA,CC,AG,AC,TT,TT,TT,GG,AT,AA,AA,AA,GG,NN,CC,GG,CC,GG,AT,AA,CC,TT,GG,CC,NN,AT,GG,CC,AT,CC,AA,AG,CC,CC,CC,TT,AA,GG,AA,AC,AC,AA,GG,AG,AA,AA,AT,GG,AC,AA,CC,AC,CT,AA,AA,GG,AG,GG,TT,AT,AA,TT,TT,TT,AA,TT,GG,CG,AA,5.59,Moderate,Low,Standard,Early
L0249,Warangal,Telangana,Rabi,Black Cotton,Irrigated,410,26.5,60,AA,TT,GG,GG,GG,CC,GG,AT,CC,CG,AA,CT,CC,TT,TT,GT,GG,TT,TT,AG,CC,TT,TT,CC,TT,CC,TT,TT,GG,AA,TT,CC,AA,CC,GG,GG,GG,CG,GG,AC,TT,CC,AA,TT,AG,GG,TT,TT,CC,AC,GG,AT,AG,GG,CT,GT,AA,AA,GT,AC,AA,TT,TT,AG,TT,AT,CC,GG,TT,GT,AA,GT,CC,AA,AG,AA,AT,GG,GT,TT,GG,GG,GG,CC,AA,GG,AA,AT,CC,TT,CC,TT,NN,TT,NN,GG,TT,CC,GT,CC,TT,CC,GG,GG,AT,TT,CC,AA,AG,AA,CC,NN,TT,CC,TT,AA,AA,TT,CC,AG,CC,GG,CC,GG,TT,AG,CC,CC,CC,CC,AA,GT,CC,AA,CC,CT,AA,TT,AG,AA,GG,CC,NN,GG,AA,AA,AT,CC,GG,CC,CG,AA,AA,GG,TT,GG,AC,GT,TT,GG,CC,GT,GT,CC,CC,AT,TT,TT,AT,TT,GG,CG,AG,CC,AC,CC,CG,CC,AA,GG,AG,CC,TT,CC,GT,TT,GG,AT,AA,AA,TT,CC,GG,AC,AA,CC,GG,GG,AC,GG,TT,AA,AA,CC,GG,AT,CC,AA,AA,GG,TT,AT,TT,GG,TT,AA,CC,TT,GT,AA,GG,AA,CT,AC,TT,CC,CT,AA,CC,TT,CG,AA,CC,AA,CC,TT,CC,TT,GG,TT,AC,CC,AG,GG,CC,GG,GG,CC,GG,TT,AA,CC,GT,GG,CC,CG,AA,AG,CC,AA,CG,AT,AA,CC,CC,AC,TT,AA,GG,AA,AA,AA,CC,AA,AG,AA,AA,TT,CG,NN,AG,CC,AA,CC,AA,AA,GG,GG,GG,GT,AA,AG,TT,NN,AT,AG,TT,GG,CG,AA,6.67,Moderate,Low,Premium,Early
L0250,Warangal,Telangana,Rabi,Black Cotton,Irrigated,410,26.5,60,AC,TT,GG,AG,GG,CC,GG,AT,CC,GG,AA,CC,CC,AT,TT,GT,CG,TT,TT,NN,CC,GT,GT,CC,TT,CC,TT,TT,GG,AA,TT,CT,AA,AC,AG,GG,GT,CC,GG,CC,TT,TT,AA,TT,AG,GG,TT,TT,CC,CC,GT,AA,AA,GG,CC,TT,AT,AA,GT,AA,AA,GT,TT,AA,TT,TT,CC,GG,TT,GT,AG,TT,CC,AA,AG,AC,TT,GG,TT,TT,GG,GG,GG,CC,AT,AG,AA,AA,CC,TT,CC,TT,CT,TT,TT,AG,TT,CC,GT,CC,CC,CG,AA,AA,TT,TT,CC,NN,AG,AA,CT,GG,TT,CC,TT,AA,AA,TT,CC,AG,CC,GG,CC,GG,CC,AA,CC,CC,CC,CC,AA,TT,CC,AA,CC,CC,AA,TT,AA,AA,GG,CC,CC,GG,NN,AG,AT,CC,GT,CC,CG,AA,AG,GG,TT,GG,AC,GT,TT,GG,AA,GT,GT,NN,CC,AT,TT,TT,TT,TT,CG,CC,AG,CT,CC,CC,CG,AC,AA,GG,AG,CC,TT,CC,GT,TT,CG,TT,AA,AG,TT,CC,GG,AC,CC,CG,NN,AG,CC,GG,TT,AC,AA,CC,GG,AA,CC,AA,AA,GG,TT,AT,AT,NN,GT,AT,CG,TT,GG,AA,AG,AG,TT,AC,TT,CC,TT,AC,CC,CT,GG,AA,CG,AA,CC,TT,CT,GT,GG,TT,AA,CC,AA,GG,CC,CG,GG,CC,GG,AT,AA,CC,TT,AG,CC,CC,AA,GG,CC,AT,CC,AA,AA,CC,CC,AC,TT,AA,CG,AA,AA,CC,AA,GG,AA,AA,AA,TT,GG,AA,AA,AC,CC,CT,AA,AG,GG,GG,CG,GT,AA,AG,GT,TT,TT,AA,AT,GG,CG,AC,7.66,Resistant,Low,Poor,Early
L0251,Warangal,Telangana,Rabi,Black Cotton,Irrigated,410,26.5,60,CC,TT,AG,AG,GG,CC,GG,AT,CC,GG,AA,CC,CG,TT,TT,GT,CG,TT,TT,AA,CG,NN,TT,CC,TT,CC,GT,TT,GT,AA,TT,CC,AG,CC,GG,GG,NN,CG,GG,CC,TT,TT,AA,TT,AG,AG,TT,TT,CC,AA,GG,AA,AA,GG,CC,GT,AA,AA,GT,AC,AG,GT,TT,AA,TT,TT,CC,GG,TT,GT,AA,GG,CC,AA,GG,AA,AT,GG,TT,TT,GG,GG,GT,CC,AA,GG,AA,AA,CC,GG,AC,TT,CC,TT,TT,GG,TT,CC,TT,CC,CC,CC,GG,AA,TT,TT,CC,AA,AG,AA,CC,GG,TT,CG,TT,AA,AA,TT,CG,AG,CC,GG,CC,GG,CT,AA,CC,CC,CC,CC,AA,TT,CC,AA,CC,CC,AA,TT,AA,AA,GG,CC,CC,GG,AA,AG,AT,CC,GG,CC,CC,AA,AG,GG,TT,AG,AA,TT,CT,GG,AC,GG,TT,TT,CC,AA,TT,TT,AA,TT,CG,CC,AG,CC,AC,CC,GG,CC,AA,AG,AG,CC,TT,NN,GG,TT,NN,AT,AA,AA,TT,CC,CG,AC,CC,CC,GG,GG,AC,GG,TT,AA,AA,CC,GT,AA,CC,AT,AT,GT,TT,TT,AA,GG,GG,AA,CC,TT,TT,AA,GG,AA,TT,AA,TT,CG,TT,NN,CC,TT,CG,AA,CC,AG,CC,TT,CT,TT,GG,TT,AA,AA,AA,GG,CG,CG,CG,CC,GG,AT,AA,CG,TT,GG,CC,CC,AT,GG,CC,AA,CC,AA,AA,CC,CG,CC,TT,AA,GG,AA,AC,AA,AA,AG,AA,AA,AA,TT,GG,AA,AG,CC,AC,CT,AA,AG,GG,GG,CG,TT,AA,AA,GT,TT,TT,AG,TT,GG,CG,AC,6.18,Resistant,Low,Poor,Early
L0252,Warangal,Telangana,Rabi,Black Cotton,Irrigated,410,26.5,60,AA,TT,GG,AG,GG,CC,GT,TT,CC,GG,NN,CC,CG,TT,TT,GT,GG,TT,TT,AA,CG,TT,TT,CC,TT,CC,TT,TT,GT,AA,TT,CT,AA,CC,GG,GG,GG,CC,GG,CC,TT,CT,AC,TT,AA,AG,TT,TT,CC,CC,GT,AA,AA,GG,NN,TT,AA,AC,GT,AC,AG,TT,TT,AA,NN,TT,CC,GG,TT,GG,AA,GT,CC,AA,GG,AA,AT,GG,TT,TT,GG,GG,GG,CC,AA,GG,NN,AT,CC,TT,CC,TT,CC,TT,TT,GG,TT,CC,TT,CC,CC,CG,AA,AG,AT,TT,CC,AA,AG,NN,CC,GG,GT,CG,NN,NN,AA,TT,CC,GG,CC,GG,TT,GG,TT,AG,CC,CC,CC,CC,AA,TT,AC,AA,CC,CC,AA,TT,AA,AA,GG,CC,CC,GG,AG,AA,AA,CC,GG,CC,GG,AA,AA,AG,TT,GG,AA,TT,CT,GG,CC,GT,GT,TT,CC,AA,GG,TT,AA,AT,GG,CC,AA,CT,CC,CC,GG,CC,AA,GG,GG,CC,TT,CC,TT,GT,GG,TT,AA,AA,TT,CC,GG,AA,AC,CC,GG,AG,AC,GG,TT,AA,AA,CC,GG,AA,AC,AA,AT,GG,TT,TT,AA,GG,TT,AA,CC,TT,GG,AA,GG,AA,CT,AA,TT,CG,CT,AC,CC,CC,CC,GG,CC,AG,CC,TT,CT,GT,GG,TT,AC,CC,AG,GG,CC,CG,GG,CC,GG,AT,AA,CC,GT,GG,CC,CC,AA,AG,CC,TT,CG,AT,AA,CC,GG,AA,TT,AA,GG,AA,AA,AA,AA,AG,AA,AA,AA,AT,CG,AC,AA,AA,AA,TT,AA,AA,GG,AG,GG,TT,AA,AA,TT,TT,TT,AA,AT,GG,GG,AA,6.22,Moderate,Medium,Premium,Early
L0253,Warangal,Telangana,Rabi,Black Cotton,Irrigated,410,26.5,60,CC,CT,GG,AG,GG,CC,GG,AT,CC,CG,AA,NN,CC,TT,TT,GG,GG,TT,TT,AG,CC,TT,GT,CC,TT,CC,TT,TT,GG,AA,TT,CT,AA,CC,GG,GG,GG,CC,GG,AC,TT,CT,AA,TT,AA,GG,TT,AT,CC,AC,GT,TT,AA,GG,CC,GT,AA,CC,GT,AA,AA,TT,AT,AG,CT,AT,CC,GG,TT,TT,AA,GG,CC,AA,GG,AA,AA,GG,TT,TT,GG,GG,GG,CC,AA,GG,AA,AA,CC,TT,CC,TT,CC,NN,GT,GG,TT,CC,TT,CC,TT,CC,GG,AA,AT,TT,CC,AA,AA,AA,CC,GG,TT,CC,TT,AC,AA,TT,CC,AG,CC,AG,CC,GT,CT,GG,CC,CC,CC,CC,AA,TT,CC,AA,CC,CC,AA,TT,AA,AA,CG,CC,CC,GG,AA,AG,AA,CC,GT,CC,CC,AA,GG,AG,TT,GG,AC,TT,CT,GG,CC,GG,TT,TT,CG,AA,TT,CT,AA,TT,GG,CC,AA,CC,CC,CC,GG,CC,AA,GG,AG,CC,TT,CC,GG,TT,GG,TT,AA,AG,TT,CC,CC,AA,AC,CC,GG,AG,AA,GG,TT,AC,AA,CC,GG,TT,AA,AA,AA,GG,TT,AT,AT,GG,GG,AT,CC,AT,GT,AA,GG,AA,TT,AA,TT,CG,TT,AA,CC,TT,GG,AA,CC,GG,CC,TT,TT,GT,GG,TT,AA,CC,AA,GG,CC,CG,GG,CC,GG,TT,AA,CC,GT,AG,CC,CC,AT,AG,CC,AT,CC,AA,AA,AC,CC,AC,TT,AA,GG,AA,AA,AA,AA,GG,AG,AA,AA,TT,GG,NN,AA,AC,AA,CT,AA,AA,GG,GG,GG,TT,AA,AA,TT,TT,TT,AA,TT,GG,GG,AA,9.43,Susceptible,Low,Premium,Late
L0254,Warangal,Telangana,Rabi,Black Cotton,Irrigated,410,26.5,60,AA,CT,AG,AG,GG,CC,GG,TT,CC,CG,NN,CC,GG,AT,TT,GG,GG,TT,TT,AA,CC,TT,TT,CT,TT,CC,TT,TT,GG,AA,TT,CT,AA,CC,GG,GG,GG,CG,GG,CC,TT,TT,AC,TT,AA,GG,TT,AT,CC,AC,GG,AA,AA,GG,CC,TT,AA,AA,TT,AA,AA,TT,TT,AA,TT,TT,CC,GG,TT,GT,AA,GG,AC,AA,AG,AA,AA,GG,TT,TT,GG,GG,GG,CC,AT,GG,AA,AA,CC,GT,AC,GT,CT,TT,TT,GG,TT,CC,TT,CT,CT,GG,AG,AA,TT,TT,CC,AA,AG,AC,CC,GT,TT,CC,TT,AC,AA,TT,CC,GG,CC,AG,CT,GG,CC,AA,CT,CC,AC,CC,AA,TT,AC,AA,CC,CC,AA,TT,AA,AA,GG,CC,CC,GG,AA,AG,AA,AC,GG,CC,CC,AA,AG,GG,TT,GG,AC,GT,CC,GG,CC,TT,GT,TT,NN,AA,GG,TT,TT,TT,CG,CC,AA,CT,CC,CC,GG,CC,AA,GG,AG,CC,TT,CC,GG,GT,GG,AT,AA,AG,TT,CC,GG,AA,CC,CC,GG,GG,AA,GG,TT,AC,AA,CC,GG,AA,AC,AA,AA,GG,TT,AA,AA,GG,GG,AT,CC,TT,TT,AA,GG,AA,CT,AA,TT,CC,CT,AC,CC,TT,GG,AA,CC,AG,CC,TT,CT,GT,GG,AT,AC,AC,AG,GG,CC,CC,GG,CC,GG,AT,AA,CG,GT,GG,CC,CG,AA,GG,CC,AA,CC,AA,AA,CC,GG,CC,TT,AA,GG,AA,AC,AA,AA,GG,NN,AA,AA,TT,GG,AC,AA,CC,NN,TT,AA,AA,GG,GG,CG,TT,AT,AA,TT,TT,TT,AG,AA,GG,CG,AA,9.19,Moderate,Medium,Premium,Early
L0255,Warangal,Telangana,Rabi,Black Cotton,Irrigated,410,26.5,60,CC,CT,GG,AG,GG,CG,GT,TT,CC,CC,AA,CT,CC,TT,GT,GG,CG,TT,NN,AA,CC,GT,GT,CC,TT,CC,TT,TT,TT,AA,CT,CT,AA,CC,GG,GG,GG,CC,GG,AC,TT,CC,AA,TT,AA,AG,TT,TT,CC,CC,GT,AA,AA,GG,CC,TT,AA,AA,GG,AA,AG,TT,TT,AG,TT,AT,CC,GT,TT,GG,AA,GG,CC,AA,GG,AC,AT,GG,TT,TT,GG,GT,GG,CC,AT,GG,AA,AA,CC,TT,CC,TT,CC,TT,TT,GG,NN,CC,GT,CC,CC,CG,AG,AA,TT,TT,CC,AG,AA,AA,TT,GG,GT,CC,GT,AA,AA,TT,CC,GG,CC,GG,CC,GT,TT,AG,CC,CG,CC,CC,AA,TT,CC,AA,CC,CC,AA,TT,AG,AA,CC,CC,CC,GG,AA,AA,AA,CC,GG,CC,CC,AA,AA,GG,TT,AG,AA,GT,CT,AG,CC,GG,TT,TT,CC,AA,TT,TT,AT,TT,GG,CC,AG,CC,CC,AC,GG,CC,AA,GG,GG,CC,TT,CC,GT,TT,GG,TT,AA,AA,TT,NN,GG,AA,CC,CC,CG,GG,AA,GG,NN,AC,AA,CC,GG,AA,CC,AA,AT,GG,TT,AT,AA,GG,GT,AT,CC,TT,GT,AA,GG,AA,CT,AA,TT,CC,CT,AC,CC,CC,GG,NN,CG,AG,CC,AT,TT,GT,GG,TT,AA,AC,AA,GT,CC,GG,GG,CC,GG,AA,AG,CC,GT,GG,CC,CC,AA,AG,CC,AT,CC,AA,AA,AC,CC,NN,TT,AA,GG,AA,AA,AC,AA,GG,AA,AA,AA,TT,GG,CC,AA,AC,AA,CT,AG,AA,GG,GG,CG,TT,AT,AA,TT,TT,TT,AG,AT,GG,GG,AC,6.04,Resistant,Medium,Standard,Late
L0256,Warangal,Telangana,Rabi,Black Cotton,Irrigated,410,26.5,60,CC,TT,GG,AA,GG,CC,GT,TT,CC,CC,AT,CC,CG,AT,TT,GT,CC,TT,TT,GG,CC,GT,TT,CC,TT,CT,TT,TT,GG,AA,TT,CC,AA,CC,GG,GG,GG,CG,GG,CC,TT,CT,AC,TT,AA,AG,TT,AT,CC,CC,GT,AA,AA,GG,CT,TT,AA,AA,GT,AA,AA,TT,TT,AA,TT,AT,CC,GG,TT,GG,AA,GG,CC,AA,GG,AA,AA,GG,TT,TT,GG,GG,GG,CC,AA,GG,AA,AA,CC,TT,CC,NN,CT,TT,TT,GG,TT,NN,TT,CT,CC,CC,AG,AA,TT,TT,CC,AA,AG,AA,CT,GG,TT,CC,TT,AC,AA,TT,CC,GG,CC,GG,CC,GT,CT,AA,NN,CC,CC,CC,AA,TT,CC,AA,CC,CC,AA,AT,AA,AA,GG,CC,CC,GG,AA,GG,AT,CC,GT,CC,CG,AA,AA,AG,TT,AG,AC,TT,CC,GG,AC,GG,TT,CT,CC,AT,GT,CT,AA,TT,GG,CC,NN,NN,AC,CC,CG,CC,AA,GG,AG,CC,NN,CG,GG,TT,GG,TT,AA,AG,TT,CC,CG,AC,CC,CC,GG,GG,AA,CG,TT,AC,AA,CC,GT,AT,AA,AT,AT,GG,TT,TT,AT,GG,GG,AT,CC,TT,GT,AA,GG,AA,CT,AA,TT,CC,CT,AC,CC,CT,GG,AA,CC,AG,CC,TT,TT,GT,GG,TT,AA,CC,AA,GG,CC,CC,GG,CC,GG,AT,AG,CG,TT,GG,CC,CC,AA,GG,CG,AA,CC,AT,AA,CC,CC,AA,TT,AA,GG,AA,AA,AA,AA,AA,AG,AA,AA,TT,GG,CC,AG,CC,AC,CT,AA,AG,GG,GG,GG,GT,AT,AA,TT,TT,TT,GG,TT,GG,CG,AA,9.32,Susceptible,Low,Poor,Late
L0257,Warangal,Telangana,Rabi,Black Cotton,Irrigated,410,26.5,60,AA,CT,AG,NN,GG,CG,GG,TT,CG,GG,AA,CC,CG,AT,TT,GT,CG,TT,TT,AG,CC,GT,TT,CT,AT,CC,TT,TT,GG,AA,TT,CC,AA,CC,GG,CG,NN,CC,GT,AC,TT,CT,AA,TT,AA,GG,TT,TT,CC,AC,GG,NN,AG,GG,CC,GT,AA,AC,GG,AA,AA,TT,TT,AA,TT,AT,CC,GT,TT,GG,AG,GG,CC,AA,GG,NN,AT,AG,TT,TT,GG,GG,GG,CC,AT,GG,AA,AA,CC,TT,CC,TT,CT,TT,GG,GG,CT,CC,TT,CC,CC,CG,GG,AG,AT,TT,CC,AA,AG,AA,CC,GT,TT,CC,TT,AA,AA,TT,CC,GG,CG,GG,CC,GG,CT,AA,CT,CC,AC,CC,AA,GT,CC,AA,CC,CT,AA,TT,AA,AT,GG,CC,CC,GG,AG,AG,AA,AC,GT,CG,GG,AA,AA,GG,TT,AG,AA,GT,CC,AG,CC,TT,TT,TT,CG,AT,TT,TT,NN,TT,GG,CG,AA,CC,CC,CC,CG,CC,AA,GG,AA,CC,TT,CG,NN,TT,NN,TT,AA,AG,TT,CC,CC,AA,CC,CC,GG,GG,AC,GG,TT,AC,AA,CC,GG,AT,CC,AA,AA,GG,TT,AA,AT,GG,GT,AA,CG,AT,GT,AA,GG,AA,TT,AC,TT,CC,CT,NN,CC,CT,GG,NN,CC,AG,CC,TT,TT,TT,CG,AT,AA,AC,AA,GG,CG,CG,GG,CC,GG,AT,AA,CC,TT,GG,CC,CC,AA,AG,CC,AA,CG,AA,AA,CC,CC,AC,TT,AA,GG,AA,AA,AC,AA,AG,AG,AA,AA,AT,GG,AA,AA,AC,AC,CT,AA,AA,GG,GG,GG,TT,AA,AA,TT,TT,TT,AG,AT,GG,CG,AA,10.46,Susceptible,Low,Premium,Medium
L0258,Warangal,Telangana,Rabi,Black Cotton,Irrigated,410,26.5,60,AC,TT,AG,AA,GG,CC,GT,TT,CC,CC,AA,CC,CG,TT,TT,TT,GG,TT,TT,AG,CG,GT,TT,CC,TT,CC,GT,TT,GG,AA,TT,CC,AA,CC,AG,GG,GG,CC,GG,CC,TT,CT,AA,TT,AA,AG,TT,TT,CC,CC,GG,AA,AA,GG,CC,TT,AT,AA,GT,AC,AG,TT,TT,AA,NN,TT,CC,GG,TT,GG,AG,GG,CC,AA,GG,AA,AT,GG,TT,TT,GG,GG,GT,CC,AA,GG,AA,AA,CC,GT,CC,TT,CC,TT,TT,GG,TT,CC,GT,CC,TT,CC,GG,AA,TT,TT,NN,AA,AA,AA,CT,GG,TT,CC,TT,AA,AA,TT,CG,GG,CC,AG,CC,GG,TT,AG,CT,CC,CC,CC,AA,TT,CC,AA,CC,CT,AA,TT,AG,AA,GG,CT,CC,AG,AG,AG,AA,AC,GG,CC,CC,AG,AG,AG,TT,GG,AA,GT,CT,GG,AC,GT,TT,CT,CC,AA,GT,TT,AA,TT,CG,CC,AG,CT,CC,CC,GG,CC,AA,GG,GG,CC,TT,CG,GG,GT,GG,AT,NN,AG,TT,CC,GG,AA,CC,CC,GG,GG,NN,CC,TT,AA,AA,CC,GG,AA,CC,AA,AT,GT,TT,TT,AT,CG,TT,AA,CC,AT,TT,AA,GG,AA,CC,AC,TT,CC,TT,AC,AA,TT,GG,AG,CG,AG,AC,TT,TT,GT,GG,TT,AA,AC,AA,GG,CC,CC,GG,CC,GG,TT,AA,CC,GT,GG,CC,CC,AA,GG,CC,AA,CC,AT,NN,AC,CC,AC,TT,AG,GG,AA,AA,AA,AA,AG,AG,AG,AA,TT,GG,AC,AA,CC,AC,CC,AA,AA,GG,GG,GG,TT,AA,AA,GT,TT,TT,AG,TT,GG,CG,AA,7.21,Susceptible,High,Poor,Early
L0259,Warangal,Telangana,Rabi,Black Cotton,Irrigated,410,26.5,60,CC,CT,AG,GG,GG,CC,GG,AA,CC,CG,AT,CC,CG,TT,TT,GT,GG,TT,AT,AA,CC,GT,GG,CT,TT,CC,TT,TT,GT,AA,TT,CT,AA,CC,GG,GG,GG,GG,GG,CC,TT,CT,AA,TT,AA,AG,TT,TT,CG,CC,GG,AA,AA,GG,CC,TT,AA,AC,GG,AA,AA,TT,AT,AG,TT,TT,CC,GG,CT,GG,AG,GG,CC,AA,AG,AA,AA,AG,TT,TT,GG,GG,GG,CC,AA,GG,AA,AA,CC,TT,AC,TT,CT,NN,GT,GG,TT,CC,TT,CC,CC,CC,AG,NN,TT,TT,CC,AA,GG,AC,NN,GT,TT,CC,GT,AA,AA,TT,CC,GG,CC,GG,CC,GT,CT,AA,CC,CC,CC,CC,AA,TT,CC,AA,CC,CC,AA,TT,AG,AA,GG,CC,CC,NN,AA,AG,AT,CC,GG,CC,CC,AA,AA,GG,GT,AG,AA,GT,TT,AG,AC,TT,GT,CT,CC,AA,GT,CT,AA,AT,GG,CC,AA,CT,CC,AC,GG,CC,AA,GG,AA,CC,TT,CC,GT,TT,CC,AA,AG,AA,GT,CC,GG,AA,CC,CC,GG,GG,CC,GG,TT,AA,AG,CC,GT,AT,CC,AA,NN,GG,TT,AT,AT,CG,GG,AA,CG,AT,GT,AA,GG,AA,TT,AA,TT,CC,TT,AA,CC,TT,GG,AA,CC,AG,CC,AT,CT,TT,GG,TT,AA,CC,AG,GG,CC,CG,GG,CC,GG,NN,AG,CC,GT,GG,CC,CC,AA,AG,CC,AA,CG,AT,AA,CC,CC,CC,TT,AG,GG,AA,AA,AC,AA,AG,AA,AA,AG,TT,GG,AA,AG,AA,AA,CC,AG,AA,CG,GG,GG,TT,AA,AG,TT,TT,TT,AA,AT,GG,GG,AA,6.54,Moderate,Low,Standard,Early
L0260,Warangal,Telangana,Rabi,Black Cotton,Irrigated,410,26.5,60,CC,TT,GG,AA,GG,CC,GT,TT,CC,GG,AT,CT,GG,AT,TT,GG,CC,TT,TT,AA,CC,TT,GT,CC,TT,CC,TT,TT,GT,AA,CT,CT,AA,CC,NN,GG,GG,CC,GT,CC,TT,TT,AA,TT,AG,GG,TT,TT,CC,CC,GG,AA,AA,GG,CC,TT,AA,AA,GG,AA,AA,TT,AT,AA,CT,AT,CC,GG,TT,NN,NN,GG,CC,NN,AG,AA,AA,GG,TT,TT,GG,TT,GG,CC,AT,GG,AA,AA,CC,GT,CC,GT,CC,TT,GT,GG,CT,CC,TT,CC,CC,CC,AG,AA,TT,GT,CC,AA,AA,AA,CT,GG,TT,CC,GT,AA,AA,TT,CC,AA,CG,AG,CC,GG,CT,AA,CC,CC,CC,CC,AG,TT,CC,AC,CC,CC,AA,TT,AA,AA,CG,CT,CG,GG,AA,AG,AA,CC,TT,CC,CC,AA,AA,GG,TT,GG,AC,TT,CC,AG,CC,GG,TT,TT,CC,AA,TT,TT,AA,AA,GG,CC,AG,CT,CC,CC,CC,CC,AA,GG,GG,CC,GT,CC,TT,TT,CG,TT,AA,AG,TT,CC,GG,AA,AC,CC,GG,GG,AA,GG,TT,AC,AA,CC,NN,AA,CC,AA,AT,GT,GT,AT,AT,GG,GT,AA,CC,AT,TT,AA,GG,AA,CT,AA,TT,CC,CT,AC,CC,CT,GG,AG,CC,AG,CC,TT,TT,GT,GG,TT,AC,CC,AG,GG,CC,CC,GG,CG,GG,AT,NN,CG,NN,GG,CC,CG,AA,AG,CC,AA,CG,AA,AA,CC,CC,CC,AT,AG,GG,AA,AC,AA,AA,AG,AA,AA,AA,TT,CG,AA,AG,CC,AA,CT,AG,AA,GG,GG,GG,TT,AA,AA,TT,TT,TT,AA,AT,GG,GG,AA,6.64,Susceptible,Low,Premium,Late
L0261,Warangal,Telangana,Rabi,Black Cotton,Irrigated,410,26.5,60,CC,TT,GG,AA,GG,CC,GT,TT,CC,GG,AA,CC,CG,TT,GT,GG,GG,TT,AT,AG,CC,TT,TT,CC,AT,CC,GT,TT,GG,AA,TT,CC,AA,CC,AG,GG,GG,CC,GG,CC,GT,CC,AA,TT,AG,GG,CT,TT,CC,AC,GG,AA,AA,GG,CT,TT,AA,AA,GG,AA,AA,TT,AT,AG,TT,TT,NN,GG,TT,GG,AA,GG,CC,AG,GG,AA,AA,GG,TT,TT,GG,GT,GG,CC,AA,GG,AA,AT,CC,TT,CC,TT,CC,TT,GT,GG,CT,CC,TT,CC,CT,CG,AA,AA,TT,TT,CG,AA,AA,AA,CC,NN,TT,CC,TT,AA,AA,TT,CG,AG,CG,GG,CC,TT,TT,AG,CC,CC,CC,CC,AG,TT,CC,AA,CC,CC,AA,AT,AG,AA,GG,CT,CC,GG,AA,AA,AA,CC,GT,CC,CC,GG,AG,GG,TT,GG,AA,TT,CT,GG,AC,TT,TT,CT,CC,AA,TT,TT,AA,TT,GG,CC,AA,CT,CC,AC,CG,AC,AA,AG,AG,CC,TT,CC,GT,TT,GG,AT,AA,AA,TT,CC,GG,AA,AC,CC,GG,GG,AA,GG,TT,AA,AA,CC,GT,AT,CC,AA,AT,GT,TT,TT,AT,CG,GT,TT,CC,TT,TT,AA,GG,AA,TT,AA,TT,CC,TT,AC,CC,TT,GG,AG,CC,GG,CC,TT,CT,TT,GG,TT,AC,CC,AG,NN,CG,CG,GG,CC,GG,AT,AA,CC,GG,GG,CC,CC,AA,GG,CC,AA,CC,AA,AA,CC,CG,NN,TT,AA,GG,AA,AA,AA,AA,AA,AA,AA,AA,TT,CG,AA,AG,AC,AA,CT,AA,AA,GG,GG,CG,TT,AA,GG,TT,TT,TT,AA,NN,GG,GG,AA,5.08,Resistant,Medium,Standard,Late
L0262,Warangal,Telangana,Rabi,Black Cotton,Irrigated,410,26.5,60,AC,TT,AA,GG,GG,CC,GG,AT,CC,NN,AA,CC,CC,TT,TT,GG,CG,TT,TT,AA,CC,GT,TT,CC,TT,CC,TT,AT,GG,AA,TT,CC,AA,CC,GG,GG,GG,CC,GG,CC,TT,TT,AA,TT,AA,GG,TT,TT,CC,AA,GG,AA,AA,GG,CC,TT,AA,AA,TT,AA,AA,TT,TT,AA,TT,AT,CC,GG,TT,GG,AA,GG,CC,AA,GG,AA,AA,GG,NN,TT,AG,GT,GT,CC,AT,GG,AA,AT,CC,GG,CC,TT,CC,AT,GT,GG,TT,CC,TT,CC,CC,CC,AG,AA,TT,TT,GG,NN,AA,AA,CC,GG,TT,CC,TT,AA,AA,TT,CC,GG,CG,GG,CC,GG,TT,AA,CC,CC,CC,CC,AA,TT,CC,AA,CC,CC,AA,AT,AA,AT,GG,CC,CC,GG,AA,AG,AA,AC,GG,CG,CC,AA,AA,GG,TT,NN,AA,GT,CT,GG,CC,GT,TT,NN,CG,AT,GT,TT,AA,TT,GG,CC,AG,CC,CC,CC,NN,CC,AA,GG,AA,CC,TT,CC,TT,TT,GG,TT,AA,AA,TT,AC,GG,AC,AC,CC,GG,GG,CC,GG,TT,AC,AA,CC,GG,AT,NN,AA,AA,GG,GT,TT,AA,GG,TT,AT,CC,AA,GT,AA,GG,AG,TT,AA,TT,CC,CT,AA,CC,TT,GG,AA,CC,AG,CC,AT,TT,GG,GG,TT,AA,CC,AG,GG,CC,CG,GG,CC,GG,AT,AA,CC,GG,GG,CG,CC,AA,GG,CG,AA,CC,AT,NN,AC,CG,AC,TT,AA,GG,AA,AA,AA,AA,AA,AG,NN,AA,TT,GG,AA,AA,AC,AC,CT,AA,AA,GG,GG,GG,TT,AA,AA,TT,TT,TT,AG,AT,GG,GG,AA,7.67,Susceptible,Low,Premium,Early
L0263,Warangal,Telangana,Rabi,Black Cotton,Irrigated,410,26.5,60,AA,TT,AG,NN,GG,CC,GG,TT,CC,CG,AA,CC,CC,TT,TT,GG,CC,TT,TT,AA,CC,TT,GT,CC,TT,CC,TT,TT,GG,AA,TT,CC,AA,CC,GG,CG,GG,CG,GG,CC,TT,CT,AA,GT,AA,GG,TT,TT,CG,AA,GG,AT,AA,GG,CT,TT,AT,AA,GG,AC,AA,TT,TT,AG,TT,TT,CC,GG,TT,GT,AA,GG,AC,AA,GG,AC,AA,GG,TT,TT,GG,GT,GG,CC,AT,GG,AA,AA,CC,GT,CC,TT,TT,TT,GT,GG,TT,CC,TT,CC,CC,CG,AA,AA,TT,TT,CG,AA,AG,AA,CC,GG,TT,CC,TT,AC,AA,TT,CC,AG,CG,AA,CC,GG,TT,AA,CT,CC,CC,CC,AG,TT,CC,AA,CC,CC,NN,TT,AA,AA,GG,CC,CC,GG,AA,AG,AA,CC,GG,CC,CC,AA,AG,AG,NN,AG,AC,TT,CT,GG,AC,TT,GT,TT,NN,AA,GT,NN,AA,TT,GG,CC,AA,TT,CC,AC,CG,CC,AA,GG,NN,CC,TT,CC,GT,TT,GG,AT,AA,AG,TT,AC,GG,AA,CC,CC,GG,GG,AC,GG,TT,AA,AA,CC,GG,AA,AC,AA,AA,GG,TT,TT,AT,GG,GT,AA,CC,AT,TT,AA,GG,AA,CT,AA,TT,CG,TT,AA,CC,CT,GG,AA,CC,NN,CC,TT,CT,TT,GG,TT,AA,AC,AG,GG,CC,CC,GG,CC,GG,TT,AG,CG,GT,GG,CC,NN,AT,GG,CC,AT,CC,AA,AA,CC,CC,AA,TT,AA,GG,AA,AA,AC,AC,NN,AG,AG,AA,AT,CC,AA,NN,AC,AA,CT,AG,AA,CG,GG,GG,TT,AA,AA,TT,NN,TT,AG,TT,GG,CG,AC,6.81,Moderate,High,Premium,Medium
L0264,Warangal,Telangana,Rabi,Black Cotton,Irrigated,410,26.5,60,AC,TT,GG,AA,GG,CC,GG,TT,CC,CG,AA,CT,CG,AT,TT,GT,CG,TT,TT,AA,CC,TT,GT,CC,TT,CC,TT,TT,GG,AA,TT,CC,AA,CC,GG,GG,GG,CG,GG,CC,TT,TT,AA,TT,AA,GG,TT,TT,CC,AC,GG,AT,AA,GG,CC,TT,AA,CC,GT,AA,AA,TT,AT,AG,TT,AT,CC,GG,TT,GT,GG,GG,CC,AA,AG,AA,AA,GG,TT,TT,GG,GT,GG,CC,AA,GG,AA,AA,CC,TT,CC,TT,CC,TT,GT,GG,TT,CC,GG,CC,CC,CC,AG,AA,TT,TT,CC,AA,AG,AA,CC,GG,TT,CC,TT,AA,AC,TT,CC,AG,CC,GG,CC,TT,TT,AA,CC,CC,CC,CC,AA,TT,CC,AA,CC,CC,AA,TT,AG,AA,CG,CC,CC,GG,AG,AA,TT,CC,GG,CC,CC,AA,AA,GG,GT,GG,AC,TT,TT,GG,AC,GG,TT,TT,CC,AA,TT,CT,AA,TT,GG,CC,AA,CC,CC,CC,CC,CC,AA,GG,AG,CC,TT,CG,GG,TT,CG,TT,AA,AA,TT,AC,GG,AA,CC,CC,GG,GG,AC,CG,TT,AC,AA,CC,GG,AT,CC,AA,AA,TT,GT,AT,AA,GG,GG,AA,CC,AA,TT,AA,GG,AA,CT,AC,TT,CC,NN,AA,CC,TT,CG,AG,CC,AG,CC,TT,TT,TT,GG,TT,AA,AC,AA,GT,CC,CG,GG,CC,GG,AT,AG,CG,GT,GG,CC,CC,AA,GG,CC,AT,CC,AT,AA,AC,CC,AC,AT,AA,GG,AA,AA,AC,AA,AG,AA,GG,AA,AT,GG,AA,AA,CC,CC,TT,AA,AA,GG,AG,CG,TT,AA,AA,TT,TT,TT,AA,AT,GG,CG,AC,9.08,Resistant,Low,Standard,Medium
L0265,Warangal,Telangana,Rabi,Black Cotton,Irrigated,410,26.5,60,AC,CT,GG,AG,GG,CG,GT,TT,CC,GG,AA,CT,CC,TT,TT,GG,CG,TT,TT,AG,CC,GT,TT,CC,TT,CC,TT,TT,GT,AA,TT,TT,AA,CC,GG,GG,GG,CC,GG,CC,TT,CT,AA,GT,AG,AG,TT,TT,CC,AC,GG,AA,AG,GG,CT,TT,AT,AA,GT,AA,AA,TT,TT,AG,TT,TT,CC,GG,TT,GT,AA,GG,CC,AA,GG,AC,AT,GG,TT,TT,AG,GG,GG,CC,AA,GG,NN,AA,CC,GT,CC,TT,CT,TT,TT,GG,TT,AA,TT,CC,CC,CG,AG,AA,TT,TT,NN,AA,GG,AA,CT,GG,TT,CC,TT,CC,AA,TT,CC,NN,CC,GG,CC,GT,TT,AG,CC,CC,CC,CC,AG,TT,CC,AA,CC,CT,AA,TT,AG,AT,CG,CT,NN,GG,AG,GG,AA,CC,GT,CC,CG,AA,AA,GG,TT,AG,AC,TT,TT,GG,CC,GT,GT,TT,CC,AA,TT,CT,AA,TT,GG,CC,AA,CT,CC,CC,GG,AA,AA,GG,GG,CC,TT,CC,GG,TT,GG,AA,AA,AA,TT,AC,CG,AC,CC,CC,GG,GG,AC,GG,TT,AA,AA,CC,GG,AA,AC,AA,AA,GG,GT,TT,AA,CG,GG,TT,CG,TT,TT,AA,GG,AA,TT,AA,TT,CC,TT,AC,CC,TT,CG,AA,CG,AA,CC,TT,CT,GT,CG,TT,AA,CC,AA,GG,CC,CC,GG,CC,GG,TT,AG,GG,TT,GG,CC,CG,AA,GG,CC,AA,CC,AA,AA,CC,CG,AC,TT,AA,CG,AA,AA,AA,AA,AG,AG,AG,AA,TT,CG,AC,AG,CC,CC,TT,AA,AA,GG,GG,GG,TT,AT,AG,TT,TT,TT,AG,AT,GG,GG,AA,6.53,Resistant,High,Premium,Early
L0266,Warangal,Telangana,Rabi,Black Cotton,Irrigated,410,26.5,60,AC,CT,GG,AA,GG,CC,GG,TT,CC,CC,AA,CC,CG,TT,GT,GT,GG,TT,TT,AA,CC,TT,TT,CC,TT,CC,TT,TT,GG,AA,CT,CC,AA,CC,GG,GG,GG,CC,GG,CC,TT,CT,AA,TT,AA,AG,TT,TT,CC,AA,GT,AA,AA,GG,CT,GT,AA,AC,GG,AC,AA,GT,AT,AG,TT,AT,CC,GG,TT,GG,AA,GG,AC,AA,GG,AA,AA,GG,TT,TT,GG,GG,GG,AC,AA,GG,AG,AA,CC,TT,CC,TT,CC,AT,TT,GG,TT,CC,TT,CC,CC,CG,AG,AA,TT,TT,CC,AG,AA,AA,CT,GG,TT,CG,GT,AC,AA,TT,CG,GG,CG,AG,CC,GT,CT,AA,CC,CC,CC,CC,AA,TT,CC,AA,CC,CC,AA,TT,AA,AA,GG,CT,CC,GG,AA,NN,AA,CC,GG,CC,CC,AA,AG,AA,TT,AG,AA,TT,CT,GG,CC,GT,NN,CT,CC,AA,TT,TT,AA,NN,GG,CC,AA,CC,CC,NN,CG,CC,AA,GG,AG,CC,TT,CC,GT,TT,GG,TT,AA,GG,TT,CC,GG,AA,CC,CC,GG,GG,AA,GG,TT,AC,AG,CC,GG,AA,CC,AA,AA,GG,TT,TT,AA,GG,TT,TT,CC,AT,TT,AA,GG,AG,CC,AA,TT,CC,CT,AA,CC,TT,CG,AA,CC,AA,AC,TT,CT,TT,GG,TT,AA,AC,NN,GG,CC,CG,GG,CC,GG,AA,AG,CC,GG,GG,CC,CC,AA,AG,CG,AA,NN,AA,AA,CC,GG,AC,TT,AA,GG,AA,AA,AA,AA,AA,AG,AG,AA,TT,GG,AA,AG,CC,AA,CT,AG,AA,GG,GG,CG,TT,AA,AA,TT,TT,TT,AG,TT,GG,GG,AA,8.7,Susceptible,Low,Standard,Medium
L0267,Warangal,Telangana,Rabi,Black Cotton,Irrigated,410,26.5,60,NN,CT,GG,AA,GG,CC,GG,TT,CC,CC,AA,CC,CC,TT,TT,GG,CG,TT,TT,AA,CG,TT,GT,CC,TT,CC,GT,TT,GG,AA,TT,CC,AA,AC,GG,GG,GG,CG,GG,CC,TT,CT,AC,GT,AA,AG,TT,TT,CC,AC,GG,AA,AG,GG,CC,TT,AT,AC,TT,AC,AA,TT,AT,AA,TT,TT,CT,NN,TT,GG,AG,GG,CC,AA,AG,AA,TT,GG,TT,TT,GG,GG,GG,CC,AT,GG,AG,AA,CC,NN,AC,GT,CT,AT,TT,GG,TT,CC,TT,CC,CC,CG,AG,AA,TT,TT,CG,AA,NN,AA,CC,GG,TT,CG,GT,NN,AA,TT,CG,GG,CC,GG,CC,GG,CT,AA,CC,CC,CC,CC,NN,TT,CC,AA,CC,CC,AA,TT,AA,AT,GG,CT,CC,GG,AA,AA,AA,AC,GT,NN,CC,AA,AA,GG,TT,AG,NN,TT,TT,GG,AC,TT,TT,TT,CG,AT,GT,CT,AA,AT,CG,CC,AG,CT,CC,CC,CC,CC,AA,GG,AG,CC,TT,CC,GG,GT,GG,AT,AA,AG,TT,CC,GG,AC,CC,CC,GG,GG,AA,GG,TT,CC,AG,CC,GT,AA,CC,AA,TT,GT,GT,TT,AA,CG,GT,AT,CC,TT,GG,AT,GG,NN,CT,AA,TT,CC,CT,AA,CC,TT,CC,AA,CC,GG,NN,AT,CT,TT,GG,TT,AC,AC,AA,GG,CC,CG,GG,CC,GG,TT,AA,CC,GT,GG,CC,CC,AA,GG,CC,AT,CC,AT,AA,AA,CC,AC,AT,AA,GG,AA,AA,AA,AA,GG,AG,AA,AA,TT,CG,AA,AA,CC,AC,CT,AA,AA,GG,GG,GG,TT,TT,AA,GT,TT,TT,AG,TT,GG,GG,AA,5.29,Susceptible,Low,Poor,Early
L0268,Warangal,Telangana,Rabi,Black Cotton,Irrigated,410,26.5,60,AC,TT,GG,AG,GG,CC,GT,AT,CC,GG,AA,CT,CG,TT,TT,GG,GG,TT,AT,AA,CC,TT,GT,CC,AT,CC,TT,TT,GG,AA,TT,CC,AA,CC,GG,CG,GG,CG,GG,CC,TT,TT,AA,TT,AA,AG,TT,TT,CC,AA,GG,AA,AG,GG,CC,GT,AA,AC,GG,AA,AA,TT,AT,AA,TT,AT,CC,GG,TT,GT,AG,GG,CC,AA,GG,AA,AT,GG,TT,TT,GG,GT,GT,CC,TT,GG,AA,AA,CC,TT,CC,TT,CT,TT,TT,GG,TT,CC,GG,CC,CC,CG,AG,AA,TT,TT,CC,AG,AG,AA,CT,GG,TT,CC,TT,AA,AC,TT,CC,AG,CC,GG,CC,GT,TT,AA,CC,CC,AC,CC,AA,TT,CC,AA,CC,CC,AA,TT,AA,AA,GG,CC,CC,GG,AA,AA,AA,CC,GG,CC,CC,AG,AA,GG,TT,GG,AA,TT,CT,GG,AC,TT,TT,TT,CG,AA,TT,TT,AA,TT,GG,CC,AA,CT,CC,CC,GG,AC,AA,GG,AA,CC,TT,CC,GG,TT,CG,AT,AG,GG,TT,CC,GG,AA,AC,NN,CG,GG,AC,CG,TT,AA,AA,CC,GG,AA,AC,AA,AA,GT,TT,TT,AT,GG,TT,AA,CC,AT,TT,AA,GG,AA,CT,AA,TT,CG,TT,AC,CC,TT,CG,AG,CC,AG,CC,AT,CT,GT,GG,AT,AC,AC,AG,GG,CC,CG,GG,CC,GG,AA,AA,CC,TT,GG,CC,CC,AA,GG,CC,AT,CC,AA,AA,CC,CC,AC,TT,AA,CG,AA,AA,AA,AA,GG,AA,AA,AA,TT,CG,AA,AA,CC,AC,CT,AG,AG,GG,GG,GG,GT,AA,AA,TT,TT,TT,AA,TT,GG,CG,AA,7.94,Resistant,High,Poor,Medium
L0269,Warangal,Telangana,Rabi,Black Cotton,Irrigated,410,26.5,60,AA,TT,GG,AA,GG,CC,GT,TT,CG,CG,AA,CT,CC,AA,GT,GT,CG,TT,AT,AA,CC,TT,GT,CC,TT,CC,TT,TT,GG,AA,TT,CT,AA,CC,GG,CG,GG,CC,GG,CC,TT,CT,AA,GT,AG,AA,TT,TT,CC,AC,GG,AA,AG,GG,CT,TT,AT,CC,TT,NN,AA,TT,TT,AA,TT,TT,CC,GG,TT,GG,AA,GT,CC,AG,AG,AA,AT,GG,GT,TT,GG,GG,GG,CC,AA,GG,AA,TT,CC,GT,CC,TT,CC,TT,TT,GG,TT,CC,TT,CC,CT,CG,GG,AA,TT,TT,CC,AA,AG,AA,CC,GG,TT,CC,TT,AC,AA,TT,CG,AG,CC,AG,CC,GT,TT,AA,CC,CC,CC,CC,AA,TT,CC,AA,CC,CC,AA,TT,AA,AA,GG,CT,CC,GG,AA,AG,AA,AC,TT,CC,CC,AA,AG,AG,TT,GG,AC,TT,TT,AG,CC,GT,TT,TT,CC,AT,TT,TT,AA,AT,GG,CC,GG,CT,AC,AC,CG,CC,AA,GG,AA,CC,TT,CC,GT,TT,CG,NN,AA,AA,TT,CC,CG,AA,AC,CC,CG,GG,AC,GG,TT,AA,AA,CG,GG,NN,CC,AA,AT,GT,TT,AT,AT,CG,GG,AA,CC,AT,TT,AA,GG,AA,CT,AA,TT,CC,TT,AC,AC,TT,CG,AA,NN,GG,CC,AT,TT,GT,GG,TT,NN,AC,AG,GT,CC,CC,GG,CC,GG,AT,AG,CC,GT,GG,CC,CC,AA,GG,CC,AT,CC,AA,AG,AC,CC,CC,TT,AA,GG,AA,AA,AA,AA,GG,GG,AA,AA,TT,GG,AC,AG,NN,AA,TT,AA,GG,GG,GG,GG,TT,AA,AA,GT,TT,AT,AA,TT,GG,GG,AA,6.42,Susceptible,Medium,Poor,Late
L0270,Warangal,Telangana,Rabi,Black Cotton,Irrigated,410,26.5,60,AC,TT,GG,AA,GG,CC,GG,TT,CC,CG,AA,CC,CG,TT,TT,GG,GG,TT,TT,AG,CC,TT,GT,CC,TT,CC,TT,TT,GG,AA,CT,CC,AA,CC,GG,GG,GG,CC,GG,CC,TT,CC,AC,TT,AA,AG,CT,AT,CC,CC,GG,AA,AA,NN,CC,NN,AA,AA,GG,AC,GG,TT,NN,GG,TT,TT,CC,GG,TT,GG,AA,GT,CC,AA,GG,AC,AA,GG,TT,TT,GG,GG,GG,CC,NN,GG,AA,AA,CG,TT,CC,GG,CC,TT,GT,GG,CT,CC,TT,CC,CT,CC,GG,AA,TT,TT,CC,AA,AA,AC,CT,GG,TT,CC,GT,AA,AA,TT,CC,AG,GG,GG,CC,GG,TT,AG,CC,CC,CC,CC,AA,TT,CC,AA,CC,CC,AG,TT,AA,AA,GG,CC,CC,GG,AA,AA,AA,CC,GG,CC,CC,AA,AG,AG,GT,GG,AA,TT,CT,GG,CC,TT,GT,TT,CG,AT,GT,TT,AT,TT,GG,CC,AA,CT,CC,CC,CG,CC,AA,GG,AA,CC,TT,CG,GT,GG,GG,AT,AA,AG,TT,AC,GG,AC,AC,CC,GG,GG,AA,GG,TT,AA,AA,CC,GG,AA,CC,AA,AT,GG,GT,TT,AA,CG,GT,TT,CG,AT,GT,AA,GG,AA,TT,AA,TT,CC,TT,AC,CC,TT,GG,AG,CC,AG,CC,TT,CT,TT,GG,AT,AA,AC,AA,GG,CC,CG,GG,CC,GG,TT,AA,CC,GT,GG,CG,CC,AA,AG,GG,AT,CG,AA,AA,AC,CC,AC,TT,AA,GG,AA,AC,AC,AA,GG,GG,AG,AA,TT,GG,AC,AA,CC,AC,CT,AA,AA,GG,GG,GG,TT,AA,AA,GT,TT,TT,AG,TT,GG,GG,AA,8.07,Susceptible,High,Standard,Early
L0271,Warangal,Telangana,Rabi,Black Cotton,Irrigated,410,26.5,60,AA,TT,GG,AA,GG,CC,GT,TT,CC,CC,AA,CT,GG,AT,GT,GG,CG,AT,TT,AA,CC,TT,GT,CC,AT,CC,TT,AT,GG,AA,TT,CC,AA,CC,GG,GG,GG,CG,GG,CC,TT,TT,AC,GG,AA,AG,CT,AA,CC,AC,NN,AA,NN,GG,CC,TT,AA,AC,GT,AA,AA,TT,TT,AA,TT,TT,CC,GG,TT,GG,AA,GG,CC,AA,GG,AC,AA,NN,TT,TT,GG,GG,GT,CC,AT,GG,AA,AT,CC,TT,AC,TT,CC,TT,TT,GG,TT,AC,GT,CC,CC,CC,AG,AA,TT,TT,CG,AA,AA,AA,CC,GG,TT,CC,TT,AA,AA,TT,CC,GG,NN,GG,CC,GG,TT,AA,CC,CC,CC,CC,AA,TT,CC,AA,CC,CC,AA,AT,AA,AA,GG,CT,CC,GG,AA,AA,AA,CC,GT,CC,CC,AA,AA,GG,TT,GG,AA,TT,CT,GG,AC,GT,TT,CT,CC,TT,TT,TT,AT,TT,GG,CC,AG,CC,CC,CC,GG,CC,AA,GG,AA,CC,TT,CC,TT,TT,GG,TT,AA,AA,TT,AC,GG,AC,CC,CC,GG,GG,CC,GG,TT,AC,AA,CC,GG,AA,AC,AA,AA,GG,TT,AT,AA,GG,GG,TT,CC,TT,TT,AA,GG,AA,TT,AA,TT,CC,TT,AC,CC,CT,CG,AA,CC,AG,CC,TT,CT,GG,GG,TT,AA,CC,AG,GG,CC,CG,GG,CG,GG,TT,AA,CC,TT,GG,CG,CC,AA,GG,CC,AA,CC,AT,AA,CC,CG,CC,TT,AA,CG,AA,AA,AA,AA,AA,AA,AA,AA,TT,CG,AA,NN,CC,AA,CT,AA,AA,GG,AG,CG,TT,AT,AA,GT,TT,TT,GG,TT,GG,GG,AA,8.78,Susceptible,Low,Standard,Medium
L0272,Warangal,Telangana,Rabi,Black Cotton,Irrigated,410,26.5,60,AC,TT,GG,AA,GG,CC,GG,TT,CC,CG,AA,CC,CC,AT,TT,GG,CG,TT,TT,AA,CC,TT,GT,CC,AT,CC,TT,TT,GG,AA,TT,CC,AA,AC,GG,CG,GG,CC,GG,CC,TT,TT,AA,TT,AG,AA,TT,TT,CC,AA,GG,AA,AG,GG,CT,GT,AA,AA,GT,AA,AA,TT,AT,AG,TT,AT,CC,GG,TT,GG,AA,GG,CC,AA,AG,AA,AA,AG,TT,TT,GG,GG,GG,CC,AA,GG,AA,AA,CC,GT,AC,GT,CC,TT,GT,GG,TT,CC,TT,CC,CT,CG,GG,AA,TT,TT,CC,AA,GG,AA,CC,GT,TT,CG,TT,AA,AA,TT,CC,GG,CC,GG,CC,GG,CC,AA,CC,CC,CC,CC,AA,TT,CC,AA,CC,TT,AA,TT,AA,AA,GG,CC,CC,GG,AG,GG,AT,CC,GG,CC,CC,AA,AA,AG,TT,GG,AA,TT,TT,AG,CC,TT,TT,TT,CG,AT,GT,TT,AA,AT,GG,CC,AG,CC,CC,CC,CG,CC,AA,GG,NN,CC,TT,CC,GT,NN,GG,AT,AA,AA,TT,CC,GG,AA,CC,CC,GG,GG,AC,GG,TT,AC,AA,CG,GG,AA,CC,AA,AA,GT,GT,AT,AA,NN,GT,AA,CG,AT,NN,AA,GG,AA,TT,AC,TT,CC,CT,AA,CC,CT,CC,AA,CG,AG,CC,TT,CT,TT,CG,TT,AA,CC,AA,GG,CC,CG,GG,CC,GG,AT,AA,CC,GG,GG,CC,CC,AA,AA,CC,AT,CC,AT,AA,AC,CG,AC,TT,AA,GG,AA,AA,NN,AA,AG,AG,AA,AA,TT,GG,AC,AA,CC,AA,CT,AA,AA,GG,GG,GG,TT,AA,AA,TT,TT,TT,GG,TT,GG,GG,AA,7.07,Susceptible,Low,Poor,Early
L0273,Warangal,Telangana,Rabi,Black Cotton,Irrigated,410,26.5,60,AC,TT,GG,AA,GG,CC,GT,TT,CC,GG,AA,CC,CG,TT,TT,GG,GG,TT,TT,AA,CC,TT,GT,CT,TT,CC,NN,TT,GG,AA,TT,CC,AA,CC,NN,GG,GG,CG,GG,CC,TT,CT,AA,GT,AA,GG,TT,TT,CC,CC,GG,AA,AA,GG,CT,TT,AA,AC,GG,AA,AA,TT,TT,AG,TT,AT,CC,GG,TT,GT,AG,GG,AC,AG,AG,AA,AT,NN,GT,TT,GG,GG,GT,CC,AA,GG,AG,AA,CC,GG,CC,TT,TT,TT,GT,AG,CT,CC,GT,CT,CT,CC,AG,AA,TT,TT,CG,AA,AA,AA,CC,GG,TT,CC,TT,CC,AA,TT,CC,AG,CC,GG,CC,GT,NN,NN,CT,CC,CC,CG,AA,TT,AC,AC,CC,CC,AA,TT,GG,AT,GG,CT,CC,GG,AG,AG,AA,CC,GG,CC,CC,AA,AG,GG,TT,GG,AA,TT,TT,AG,CC,TT,TT,TT,CC,AA,TT,TT,AA,TT,GG,CC,AA,CT,AC,CC,GG,CC,AA,GG,AA,CC,TT,CC,GG,TT,GG,TT,AA,AA,GT,CC,CG,AC,AC,CC,GG,GG,CC,CG,TT,CC,AG,CC,GG,AA,CC,AA,AA,GG,TT,AT,AA,GG,GG,AT,CC,AT,GG,AA,GG,AA,CT,AA,AT,CC,TT,AA,AC,CC,GG,AA,CC,AG,AC,TT,TT,TT,GG,TT,AC,CC,AA,GG,CC,CC,GG,CC,GG,TT,AA,CC,TT,GG,CC,CC,AA,GG,CC,AT,CC,AA,AA,AC,CG,AC,TT,AA,GG,AA,CC,AA,AC,GG,AA,AA,AA,AT,GG,AA,AA,CC,AC,TT,AG,AA,GG,GG,GG,TT,AA,AA,TT,TT,AT,AG,TT,GG,GG,AA,8.94,Susceptible,High,Standard,Late
L0274,Warangal,Telangana,Rabi,Black Cotton,Irrigated,410,26.5,60,AC,TT,GG,AA,GG,CC,GG,AT,CC,CG,AA,CC,CC,AT,TT,NN,NN,TT,TT,AA,CC,TT,GT,NN,TT,CC,TT,AT,GG,AA,TT,CC,AA,CC,GG,GG,GG,CC,GT,AC,TT,CT,AA,TT,AA,AA,TT,AT,CC,CC,GG,AA,AA,GG,CC,TT,AA,AC,GT,AA,AA,TT,TT,GG,TT,TT,CC,GG,TT,GT,AA,GT,CC,AA,GG,AA,AT,GG,TT,TT,GG,GG,GG,CC,AA,AG,AA,AT,CC,GG,CC,TT,NN,AT,GT,AG,TT,CC,TT,CT,CT,CC,AG,AG,AT,GT,CC,AA,GG,AC,CT,GG,TT,CC,TT,AA,AA,TT,CC,NN,CC,AG,CC,GG,TT,AG,CC,CC,CC,CG,AA,NN,CC,AA,CC,NN,AA,TT,AA,AA,GG,CT,CC,GG,AA,AG,AA,CC,GG,CC,CC,AA,AG,GG,TT,GG,CC,TT,CT,GG,AC,TT,GT,TT,GG,AA,GT,TT,AT,TT,GG,CG,AG,CT,CC,CC,CG,CC,AA,GG,AA,CC,TT,CC,GT,TT,GG,TT,AA,GG,TT,CC,GG,AA,AC,CC,GG,GG,AC,GG,TT,AC,AA,CC,GG,AA,CC,AT,AA,GT,TT,TT,AA,GG,GG,AT,CC,NN,TT,AA,GG,AA,TT,AA,TT,CC,TT,AC,AC,TT,GG,NN,CC,AA,AC,TT,CT,GT,GG,AT,CC,AC,AA,GG,CC,CG,GG,CC,GG,AT,AA,CC,GT,GG,CG,CC,AA,NN,CG,AT,CC,AA,AA,CC,CG,AC,TT,AA,GG,AA,AA,AA,AA,AG,AG,AG,AA,TT,NN,AA,GG,CC,NN,TT,AA,AA,GG,GG,GG,TT,AA,AG,TT,TT,TT,AG,TT,GG,GG,AA,7.75,Susceptible,High,Poor,Early
L0275,Warangal,Telangana,Rabi,Black Cotton,Irrigated,410,26.5,60,AC,TT,GG,AG,GG,CC,GG,TT,CC,CG,AA,CC,CG,AA,TT,GG,GG,TT,TT,AA,CC,TT,TT,CC,AT,CC,TT,TT,GG,AA,NN,CT,AA,CC,GG,GG,GG,CG,GG,CC,TT,TT,AA,TT,AA,AA,TT,TT,CC,CC,GG,AA,AA,CG,CC,GT,AA,AC,GT,AA,AG,TT,TT,AA,TT,TT,CC,GG,TT,GG,AG,GG,CC,AA,GG,AA,AA,GG,TT,TT,GG,GG,GG,AC,AA,GG,AA,AT,CC,GG,NN,GT,CC,TT,GG,AG,TT,CC,TT,CT,CT,CG,GG,AA,TT,TT,CC,AG,AG,AA,TT,GG,TT,NN,TT,AA,AA,TT,NN,AG,NN,GG,CC,GT,TT,AA,CT,CC,CC,CC,AA,TT,CC,AA,CC,CC,AA,TT,AA,AA,GG,CC,CC,GG,AA,NN,AA,AC,GT,CC,CG,AA,AA,GG,TT,GG,AA,TT,TT,GG,AC,GT,TT,TT,CC,AA,GT,TT,AT,AT,GG,CC,AG,CT,CC,CC,CG,CC,AA,GG,AA,CC,TT,CC,GT,TT,GG,TT,AA,AA,TT,CC,GG,AA,AC,CC,GG,GG,AA,GG,TT,AC,AA,CC,GG,AT,AC,AA,AT,GG,TT,AA,AA,CG,TT,AA,CG,AT,TT,AA,GG,AA,TT,CC,TT,CC,CT,AA,CC,TT,GG,AG,CG,AG,CC,TT,TT,GT,GG,TT,AC,AA,AA,GG,NN,CG,GG,CC,GG,AT,AA,CG,GT,GG,CG,CC,AT,GG,CC,AT,CC,AA,AG,CC,CC,CC,TT,AA,GG,AA,AA,AA,AA,GG,AA,AG,AA,TT,NN,AA,AG,CC,AA,CT,AG,AG,GG,GG,CG,TT,AT,AA,GT,TT,TT,AG,TT,GG,GG,AA,8.01,Susceptible,High,Poor,Medium
L0276,Warangal,Telangana,Rabi,Black Cotton,Irrigated,410,26.5,60,AA,TT,AG,AG,GG,CC,GT,AT,CC,CG,AA,CC,CG,AT,TT,GT,CG,TT,TT,AG,CC,TT,GG,CC,TT,CC,TT,TT,GG,AA,TT,CT,AA,AC,AG,GG,GT,CG,GG,CC,TT,TT,AC,TT,AA,GG,TT,TT,CC,CC,GG,AA,AA,GG,CT,GT,AA,AA,GT,AC,AA,TT,TT,AA,TT,AT,CC,GG,TT,GT,AA,GG,CC,AA,AG,AC,AA,GG,GT,TT,AG,GG,GG,CC,AA,GG,AA,AT,CC,TT,AC,TT,CC,TT,TT,GG,TT,CC,GT,CT,TT,CG,AA,AA,TT,TT,CC,AA,AG,AC,CT,GG,TT,CC,TT,AA,AC,TT,CC,GG,CC,GG,CC,GG,TT,AA,CC,CC,CC,CC,AA,NN,CC,AA,CC,CC,AA,TT,AA,AA,GG,CC,CC,GG,AA,AA,AA,CC,GG,CC,CC,AA,AA,GG,TT,GG,AA,TT,CT,GG,CC,GT,GT,TT,CC,AA,TT,TT,AA,TT,GG,CC,AG,CC,CC,CC,GG,NN,AA,GG,AG,CC,TT,CC,GT,NN,CG,AT,AA,AA,TT,CC,GG,AA,CC,CC,GG,GG,AC,NN,TT,AC,AA,CC,GG,AA,CC,AT,AT,GG,TT,AT,AT,CG,GG,AT,CC,AT,NN,AA,GG,AA,TT,AC,TT,CC,TT,AA,CC,TT,GG,AA,CC,AG,NN,AT,TT,GT,GG,TT,AA,AC,AG,GG,CC,CC,GG,CG,GG,AT,AA,CC,GT,GG,CC,CG,NN,AG,CC,AA,CC,AA,AA,CC,CG,CC,AT,AA,GG,AA,AA,AC,AA,GG,AA,AA,AA,TT,GG,AA,NN,AC,AA,TT,AA,AG,GG,GG,GG,TT,AA,AG,TT,TT,TT,AA,NN,GG,GG,AC,9.65,Resistant,Low,Premium,Late
L0277,Warangal,Telangana,Rabi,Black Cotton,Irrigated,410,26.5,60,CC,NN,GG,AA,GG,CC,GG,TT,CC,GG,AA,CC,CC,AT,TT,GT,CG,TT,NN,AA,CC,TT,TT,CC,TT,CC,TT,AT,GG,AA,TT,CC,AA,AC,GG,CG,GG,GG,GG,CC,TT,CT,AA,TT,AG,AG,TT,TT,CC,CC,GG,AA,AA,GG,CC,GT,AA,AC,NN,AC,AA,TT,AA,AA,TT,TT,CC,GG,CT,GT,AG,GG,CC,AA,AG,AC,AT,GG,TT,CT,GG,GG,TT,CC,AA,GG,AA,AA,CC,TT,CC,TT,CT,TT,TT,GG,TT,NN,TT,CC,CC,CC,AG,AA,AT,TT,CC,NN,GG,AA,CT,GG,TT,CC,TT,AA,AA,TT,CC,AA,CC,GG,CC,GG,CC,AA,CC,CC,CC,CC,AA,TT,CC,AA,CC,CT,AA,AT,AA,AA,GG,CC,CC,GG,AA,AG,AA,CC,GG,CC,CC,AA,AA,GG,TT,GG,AC,TT,CT,GG,CC,TT,TT,TT,CC,AA,GT,TT,AA,TT,GG,CG,AA,TT,CC,CC,CG,CC,AA,GG,AG,CC,TT,CC,GT,TT,GG,TT,AG,AG,TT,AC,GG,AA,AC,CG,GG,GG,AA,GG,TT,AA,AA,CC,GG,AA,CC,AA,AT,NN,TT,TT,TT,GG,GT,AT,CG,AA,TT,AA,GG,AA,TT,AA,TT,CC,TT,AC,CC,TT,GG,AA,CC,AA,AC,TT,CT,GT,GG,NN,AC,AC,AG,GG,CC,CC,GG,CC,GG,AA,AA,CC,GT,GG,CC,CC,AA,GG,CC,TT,CC,AA,AA,AC,CC,CC,AT,AA,GG,AA,AA,AC,AA,AG,AA,AA,AA,AT,GG,AA,AA,AC,AA,CT,AA,AA,GG,GG,GG,TT,AA,AA,GT,AT,AT,AG,TT,GG,GG,AC,5.68,Resistant,Low,Standard,Early
L0278,Warangal,Telangana,Rabi,Black Cotton,Irrigated,410,26.5,60,AC,TT,GG,AA,GG,CC,GG,AT,CG,GG,AT,CT,CC,TT,TT,GT,GG,TT,TT,AA,CC,GT,GT,CT,TT,CT,GT,TT,GG,AA,TT,CC,AA,CC,GG,GG,GG,CG,GG,CC,TT,CT,AA,TT,AA,GG,TT,TT,CC,AC,GG,AA,AA,GG,CT,TT,AA,AC,GG,CC,AA,GT,AT,AA,TT,TT,CC,GG,TT,GT,AA,GT,CC,AA,GG,AC,AA,GG,TT,TT,GG,GG,GG,CC,AA,GG,AA,AA,CC,TT,CC,TT,CC,TT,TT,AG,CT,AC,GT,CC,CC,CC,AA,AA,AT,TT,CC,AA,AG,AA,CC,GG,TT,CC,TT,AA,AA,TT,CC,GG,CG,GG,CT,GT,CT,AG,NN,CC,NN,CC,AA,TT,CC,AA,CC,CC,AA,TT,AG,AA,GG,CC,CC,GG,AA,AA,AT,CC,GT,CC,CC,AG,GG,GG,GT,GG,AC,TT,TT,GG,AC,TT,TT,TT,CC,AA,TT,TT,TT,TT,GG,CC,AA,CT,CC,CC,GG,CC,AA,GG,AG,CC,TT,CC,GG,TT,GG,AT,AA,AA,TT,CC,GG,AC,AC,CC,GG,GG,AA,GG,TT,AC,AA,CC,GG,AA,CC,AA,AT,GT,TT,TT,AA,CG,TT,AT,CC,TT,TT,AA,GG,AA,TT,AA,TT,CG,TT,AC,CC,TT,CG,GG,CC,AA,CC,TT,CT,TT,CG,TT,AA,CC,AA,GG,CC,CG,GG,CC,GG,TT,AA,CC,TT,GG,CC,CC,AA,GG,CC,AA,CG,AA,AA,CC,CC,AC,TT,AA,GG,AA,AA,AA,AA,GG,AG,AA,AA,TT,GG,AA,AG,CC,AA,TT,AA,AA,GG,GG,GG,TT,AA,AA,TT,TT,TT,AG,TT,GG,GG,AA,5.61,Susceptible,High,Poor,Medium
L0279,Warangal,Telangana,Rabi,Black Cotton,Irrigated,410,26.5,60,AA,CT,GG,GG,CC,CG,GG,TT,CC,CG,AA,CT,CC,AT,TT,GG,NN,TT,TT,AA,CC,TT,GT,CC,TT,CC,TT,TT,GT,AA,TT,CC,AA,CC,GG,CG,GG,CC,GG,CC,NN,TT,AA,TT,AG,GG,TT,TT,CC,AC,GG,AA,AG,GG,CC,GT,AT,AA,GT,CC,AA,TT,AT,AG,TT,TT,CC,GG,TT,GG,AG,GG,CC,AA,AG,AA,TT,GG,TT,TT,GG,GG,GT,CC,TT,GG,AA,AA,CC,GT,CC,TT,CC,TT,TT,GG,TT,CC,TT,NN,CC,CC,AG,AA,TT,TT,CG,AA,AA,AC,CC,GG,TT,CC,TT,AA,AA,TT,CC,GG,CC,AG,CC,GG,TT,AG,CC,CC,CC,CG,AA,TT,CC,AA,CC,CC,AA,AT,AA,AA,NN,CT,CC,GG,AA,AA,AA,CC,GT,CC,CC,AA,AA,AG,TT,NN,CC,GT,TT,GG,AC,GT,TT,TT,CC,AT,TT,CT,AA,TT,GG,CC,AG,CC,CC,CC,GG,CC,AA,GG,AG,CC,TT,CC,GT,TT,CG,AT,AA,AA,TT,CC,CG,AA,CC,CC,GG,GG,AC,GG,TT,AA,AG,CC,GG,AT,AC,AA,AA,NN,TT,AT,AA,GG,GG,AA,CG,AT,NN,AA,GG,AA,TT,AA,TT,CC,TT,AA,CC,TT,GG,AA,CC,NN,AC,TT,TT,GG,GG,TT,AA,CC,AG,GG,CC,CG,GG,CC,GG,TT,AA,CC,TT,GG,CC,CG,AA,GG,CG,AA,CC,AT,AA,AA,GG,AC,TT,NN,GG,AA,AA,AA,AA,GG,AG,AG,AA,AT,CG,AC,AA,CC,AC,CT,AA,GG,GG,GG,GG,TT,AA,AA,TT,TT,TT,AA,AT,GG,GG,AA,7.6,Susceptible,Low,Standard,Early
L0280,Warangal,Telangana,Rabi,Black Cotton,Irrigated,410,26.5,60,AA,NN,GG,AG,CG,CC,GT,TT,CC,CG,AA,CC,CC,TT,TT,TT,CG,TT,TT,GG,CG,GT,GT,CC,TT,CC,TT,TT,GG,AA,TT,CC,AA,CC,GG,CG,GG,CG,GG,CC,TT,CT,AA,TT,AG,AG,TT,AT,CC,CC,GT,AA,AA,GG,CC,GT,AA,AA,GG,AA,AA,TT,AT,AG,TT,TT,CC,GG,TT,GG,AG,GT,CC,AA,AG,AA,AT,GG,TT,TT,GG,GG,GG,CC,AA,GG,AA,AA,CC,GG,CC,TT,CT,AA,TT,AG,TT,CC,GT,CC,CT,CG,GG,AA,TT,TT,CC,AA,AA,AA,CC,GG,TT,CC,TT,AA,AC,TT,CC,GG,CC,GG,CC,GT,CT,AA,CC,CC,CC,CC,AA,TT,CC,AA,CC,CC,AA,TT,AA,AA,GG,CC,CC,GG,AA,AG,AT,NN,GG,NN,CC,AA,AG,AG,GT,GG,AC,GT,CC,GG,AC,TT,GT,TT,CC,AT,GT,TT,AA,TT,GG,CC,AA,CT,CC,CC,GG,CC,AA,NN,AA,CC,TT,CC,TT,GT,CG,TT,AA,AA,TT,CC,GG,AC,AC,CC,CG,GG,AC,CG,TT,CC,AA,CC,GG,AA,AC,AA,AT,GG,TT,TT,TT,GG,GG,AT,CC,AT,TT,AA,GG,AA,TT,AA,TT,CC,CT,AA,AC,TT,GG,AG,CC,GG,CC,AT,CT,GT,GG,TT,AA,CC,AA,GG,CC,NN,CG,CC,GG,TT,AG,CC,GT,GG,CC,CC,AA,GG,CC,AA,CC,AA,AG,AC,CG,CC,TT,AA,GG,AA,AA,AA,AA,GG,AG,AG,AA,AT,CG,AA,AA,AC,AC,TT,AA,AG,CG,GG,CG,TT,AA,AA,TT,TT,TT,AG,AT,GG,GG,AA,7.74,Moderate,Low,Poor,Late
L0281,Warangal,Telangana,Rabi,Black Cotton,Irrigated,410,26.5,60,AA,CT,GG,AG,GG,CC,GT,TT,CC,CC,AA,CC,CG,AT,TT,GG,CG,TT,TT,AG,CC,GT,TT,CT,TT,CC,TT,TT,GG,AA,TT,CC,AA,CC,GG,GG,GT,CG,GG,CC,TT,CT,AC,TT,AA,GG,TT,TT,CG,AA,GG,AT,AA,GG,CC,TT,AA,AA,GG,AA,AA,TT,TT,AA,TT,AT,CC,GG,TT,GT,AA,GG,CC,AA,GG,AC,AA,GG,TT,TT,GG,GG,GT,CC,AA,GG,AA,AT,CC,GG,AC,TT,CC,NN,TT,GG,CT,CC,TT,CC,CC,CG,AG,AA,TT,TT,CC,AA,AG,AC,CC,GG,GG,CC,TT,AC,AC,TT,CC,AG,CC,GG,CT,GG,CT,AG,CC,CC,CC,CG,AA,TT,CC,AA,NN,CC,AA,TT,AA,AA,GG,CT,CC,GG,AA,AG,AT,CC,GT,CC,CC,AA,AA,AG,TT,GG,CC,TT,CT,GG,CC,GT,TT,TT,CC,AA,TT,TT,AA,AT,GG,CC,AG,CC,CC,CC,GG,CC,AA,GG,AG,CC,TT,CC,GG,TT,CG,AT,AA,AG,TT,CC,GG,AC,AC,CC,GG,GG,AA,GG,TT,AA,AA,CG,GG,AA,AC,AA,AA,NN,TT,AA,AT,CG,GG,AA,CC,TT,GT,AA,GG,AA,CT,AA,TT,CC,TT,AC,CC,TT,CG,AA,CG,AG,CC,TT,CT,TT,GG,TT,AC,AC,AA,GG,CG,CG,GG,CG,GT,TT,NN,CC,GT,GG,CC,CC,AT,GG,CC,AA,CC,NN,AG,CC,CC,AC,AT,AA,GG,AA,AA,AC,AA,AG,AA,AG,AA,TT,GG,AC,AA,AC,AA,CT,AA,AG,GG,AG,GG,TT,AT,AA,TT,TT,TT,GG,TT,GG,GG,AA,7.5,Susceptible,Low,Premium,Late
L0282,Warangal,Telangana,Rabi,Black Cotton,Irrigated,410,26.5,60,AC,TT,GG,AG,GG,CC,GT,TT,CC,CG,AA,CC,CC,TT,TT,GG,CG,TT,TT,AA,CC,TT,GG,CC,AT,CC,TT,AT,GG,AA,TT,CT,AA,CC,AG,GG,GG,CC,GG,CC,TT,TT,AA,TT,AA,AG,CC,TT,CC,AA,GT,AA,AG,GG,CC,TT,AA,AC,GG,AC,AA,TT,AT,AG,TT,AT,CC,GG,TT,GT,AA,GG,CC,AA,GG,CC,AA,GG,NN,TT,GG,GG,GG,CC,AA,GG,AA,AA,CC,GT,CC,TT,CT,TT,TT,GG,TT,CC,GT,CT,CC,CG,GG,AA,TT,TT,CC,AA,AG,AC,CT,GG,GT,NN,TT,AA,AA,TT,CG,AG,CC,GG,CC,GT,CT,AA,CC,CC,CC,CC,AA,TT,CC,AA,CC,CT,AA,AT,AA,AA,GG,CC,CC,GG,NN,AG,AA,CC,TT,CC,CC,AA,AA,GG,TT,GG,AA,TT,TT,GG,CC,GT,TT,TT,CC,AA,TT,TT,AA,TT,CG,CG,AA,CC,CC,CC,CG,CC,AA,GG,AA,CC,TT,CC,GG,TT,CG,AT,AA,AA,TT,CC,GG,AA,CC,CC,GG,GG,NN,CG,TT,AA,AA,CC,GG,AA,AA,AT,AA,GT,TT,TT,AA,CG,TT,TT,CG,TT,TT,AT,GG,AA,TT,AA,TT,CC,TT,CC,CC,CT,CG,AA,CC,GG,CC,TT,TT,GT,GG,TT,AC,AC,AA,GG,CC,CG,GG,CC,GT,AA,AA,CC,GG,GG,CC,CC,AA,AG,CC,AA,CC,AA,NN,CC,CC,CC,AT,AA,GG,AA,AA,AA,AA,GG,AA,AA,AA,AT,GG,AC,GG,AA,AA,TT,AA,AA,GG,GG,GG,TT,AA,AA,TT,TT,TT,AA,AT,CG,GG,AA,7.96,Moderate,Low,Premium,Late
L0283,Warangal,Telangana,Rabi,Black Cotton,Irrigated,410,26.5,60,CC,TT,GG,AA,GG,CC,TT,AT,CC,CC,AA,CC,GG,TT,GT,GT,CC,TT,TT,AA,CC,TT,TT,CC,TT,CC,TT,TT,GG,AA,CT,CC,AA,CC,GG,GG,GG,CC,GG,CC,TT,TT,AC,TT,AA,GG,TT,TT,CC,AC,GT,AA,AG,GG,CC,TT,AA,AA,GG,CC,AG,TT,AT,AG,CT,TT,CC,GG,TT,GG,AG,GT,CC,AA,AG,AA,AA,GG,TT,TT,GG,GG,GG,CC,AT,GG,AA,NN,CC,GT,AC,TT,CT,AT,TT,GG,TT,AC,TT,CC,CC,CG,NN,AA,TT,TT,CC,AA,AG,AC,CC,GG,TT,GG,GT,CC,AA,TT,CC,NN,CC,AG,CC,GT,TT,AG,CT,CC,CC,CC,AA,TT,CC,AA,CC,CT,AA,TT,AA,AA,GG,CC,CG,GG,AA,AA,AA,CC,GG,CC,CC,AA,AG,GG,GT,GG,AA,GT,CC,GG,AC,NN,GT,TT,CC,AA,TT,TT,AT,TT,GG,CC,AA,TT,CC,CC,GG,CC,AA,GG,AA,CC,TT,CC,GG,GT,GG,NN,AA,AA,TT,CC,GG,AA,AC,CC,GG,GG,AA,GG,TT,AA,AA,CC,GG,AA,CC,AA,TT,GT,TT,TT,TT,CC,GT,AT,CG,AT,GT,AA,GG,AG,TT,AA,TT,CC,TT,AA,AC,TT,CG,AA,CC,AA,CC,TT,TT,GG,GG,TT,AA,AC,AA,GG,CC,CG,GG,CC,GG,AA,AA,CG,TT,GG,CG,CG,AA,GG,GG,AA,CC,AA,AA,CC,CC,AC,TT,AG,GG,AA,AA,NN,AA,AG,NN,AA,AA,AT,GG,CC,AA,CC,AA,TT,AA,AA,CG,GG,GG,TT,AA,AA,GT,TT,TT,AA,TT,GG,GG,AA,6.11,Susceptible,High,Standard,Late
L0284,Warangal,Telangana,Rabi,Black Cotton,Irrigated,410,26.5,60,NN,TT,GG,AG,GG,CC,GT,AT,CC,CG,AA,CC,GG,AT,TT,GT,CG,TT,NN,AA,CC,TT,TT,CC,AT,CC,TT,TT,GG,AA,NN,CC,AA,CC,GG,GG,GG,CC,GG,AC,TT,TT,AA,NN,AG,GG,TT,TT,CC,AA,GG,AA,AA,GG,CT,TT,AA,AA,GG,AC,NN,TT,TT,AA,TT,AT,CC,GG,TT,TT,AG,NN,CC,AA,AG,AA,AT,GG,GT,TT,GG,GG,GG,CC,AT,GG,AA,AA,CC,GT,CC,TT,CT,TT,GT,AG,TT,CC,GG,CC,CC,CC,AA,AG,TT,TT,CG,AG,AG,AA,CC,GG,TT,CG,TT,AA,AA,AT,CC,AG,CG,GG,CC,GG,TT,AA,CC,CC,CC,CC,AA,TT,CC,AA,CC,CC,AA,TT,AA,AT,CG,CC,CC,GG,AG,AG,AA,CC,GG,CC,CC,AA,AG,GG,TT,GG,AC,TT,TT,GG,CC,TT,GG,TT,CG,AT,TT,TT,AA,TT,GG,CC,AA,CT,CC,CC,GG,CC,AA,AG,AA,CC,TT,CG,GG,GT,CG,TT,AA,AA,TT,AC,GG,AC,CC,CG,GG,AA,AA,GG,TT,AA,AA,CC,GG,AA,CC,AA,AA,GG,TT,AA,TT,GG,GT,AA,CC,AT,TT,AA,AG,NN,TT,AC,TT,CC,TT,AC,AA,CT,GG,AA,CC,GG,CC,AT,TT,TT,GG,TT,AC,CC,AA,GG,CC,CC,GG,CC,GG,AT,AA,CC,GT,GG,CC,CC,AT,AG,CC,AT,CC,AT,AA,AC,CG,AA,TT,AA,GG,AA,AA,AC,AC,GG,AG,AG,AA,AA,GG,AA,AG,CC,AA,CT,AA,AA,GG,GG,GG,TT,AA,AA,TT,TT,TT,AA,TT,GG,GG,AA,7.57,Moderate,Medium,Premium,Early
L0285,Warangal,Telangana,Rabi,Black Cotton,Irrigated,410,26.5,60,AA,CT,GG,GG,GG,CC,GG,TT,CC,CG,AT,CT,CG,TT,GT,GT,GG,TT,TT,AG,CC,TT,GT,CT,AT,CC,GT,TT,GG,AA,TT,CC,AA,CC,GG,GG,GG,NN,GG,AC,TT,CT,AA,TT,AA,AG,TT,TT,NN,AC,GT,AA,AA,GG,CC,TT,AT,AC,GG,AA,AA,TT,AT,AA,TT,AT,CC,GG,TT,GG,AG,GG,CC,AA,GG,AC,AT,GG,GT,CT,GG,GG,GG,AC,AA,GG,AA,AA,CC,GT,CC,TT,CT,TT,TT,GG,TT,CC,TT,CC,CC,CC,AG,AA,AT,TT,CG,AG,AG,AC,CC,GG,TT,CG,TT,AA,AA,TT,CC,AG,CC,GG,CC,GT,NN,AA,CC,CC,CC,CC,AA,TT,CC,AA,AC,CC,AA,TT,AA,AA,GG,CC,CC,GG,AA,AG,AA,AC,GG,CC,CC,AA,AA,GG,GT,GG,AA,TT,CT,GG,CC,GT,GG,TT,CG,AT,TT,TT,AA,NN,GG,CC,AA,CT,CC,CC,GG,CC,AA,GG,AG,CC,GT,CC,GG,TT,GG,AA,AA,AA,TT,AC,GG,AA,NN,CC,GG,GG,CC,GG,TT,AC,AA,CC,GG,AA,CC,AT,AT,GT,GT,TT,AA,GG,GT,AA,CC,AT,TT,AA,AG,AA,CT,AA,NN,CC,TT,AC,CC,TT,GG,AA,CC,AG,AC,TT,TT,GT,GG,TT,AA,AC,AA,GG,CC,CG,GG,CC,GG,TT,AA,CC,GT,GG,CC,CC,AA,AG,CC,AA,CC,AA,AA,CC,CC,AC,TT,AA,GG,AA,AA,AA,AA,AG,GG,AA,AA,TT,GG,AC,AA,CC,AA,TT,AG,AA,CG,GG,GG,TT,AT,AA,TT,TT,NN,AA,AT,GG,GG,AA,4.82,Resistant,Low,Premium,Early
L0286,Warangal,Telangana,Rabi,Black Cotton,Irrigated,410,26.5,60,NN,TT,GG,GG,NN,CG,GG,TT,CC,CC,AA,CC,CG,TT,TT,GT,CC,TT,TT,GG,CC,GT,TT,CC,TT,CC,TT,TT,GG,AA,TT,CC,AA,CC,GG,GG,GG,CC,GG,CC,TT,CT,AC,GT,AG,AA,TT,TT,CC,CC,GG,AA,AG,GG,CT,TT,AA,AA,GG,AA,AA,TT,AT,AG,TT,TT,CC,GG,TT,GT,GG,GG,CC,AA,AG,AC,NN,GG,TT,TT,GG,GT,GG,CC,AA,GG,AA,AT,CC,GT,CC,TT,CT,TT,NN,GG,TT,CC,TT,CC,CT,CG,AA,AA,TT,GT,CC,AA,GG,AC,CC,GG,TT,CC,TT,AA,AC,TT,CG,GG,CC,GG,CC,GT,CT,AA,CT,CC,AA,CC,AA,TT,CC,AA,CC,CC,AA,TT,AA,AT,NN,CC,CC,GG,AA,AG,AA,AC,GG,CG,CC,NN,AA,GG,GT,AG,AA,GT,TT,GG,CC,GT,TT,TT,NN,AA,TT,TT,AA,AT,GG,CC,AA,CT,CC,AC,GG,CC,AA,GG,AG,CC,TT,CC,GG,TT,CG,AT,AA,AG,TT,CC,GG,AA,CC,CC,GG,GG,AA,GG,TT,AC,AA,CC,GG,TT,CC,AA,AT,GG,TT,AT,AT,CG,GT,AA,CC,TT,TT,AA,GG,AA,TT,AC,TT,NN,TT,AC,CC,TT,GG,AG,CC,AG,CC,TT,TT,TT,GG,TT,AA,CC,AG,GG,CC,CG,GG,CC,GG,AA,AA,CC,TT,GG,CC,CC,AA,GG,CC,AA,CC,AA,AA,CC,CC,AC,TT,AA,GG,AA,AA,AA,AA,GG,AA,AA,AA,TT,GG,AA,AA,CC,AC,CT,NN,AA,GG,NN,GG,TT,AA,AG,TT,TT,NN,AG,TT,GG,CG,AA,5.79,Resistant,Medium,Poor,Late
L0287,Warangal,Telangana,Rabi,Black Cotton,Irrigated,410,26.5,60,AA,TT,GG,AA,GG,CG,GT,TT,CC,CC,AA,CC,CC,AT,TT,GG,GG,TT,TT,AG,CC,GT,GT,CC,TT,CC,TT,TT,GG,AA,TT,CC,AA,CC,GG,CG,GG,CC,GG,CC,GT,CT,AA,TT,AA,GG,CT,TT,CC,CC,TT,AA,AG,GG,CC,TT,AA,AC,GT,CC,AA,TT,TT,AG,TT,TT,CT,GG,TT,GT,AA,GG,CC,NN,GG,CC,AT,GG,TT,TT,GG,GG,GG,CC,AT,GG,AA,AA,CC,GT,AC,TT,NN,TT,TT,GG,TT,CC,TT,CC,CT,GG,GG,AG,AT,TT,CG,AA,AG,AA,CC,GG,TT,CC,GT,AA,AA,TT,GG,GG,GG,GG,CC,GG,TT,AA,CT,CC,CC,CC,AA,TT,CC,AA,CC,CC,AA,TT,AA,AA,NN,CC,CG,GG,AA,AG,AA,AC,GG,CC,CC,AG,AG,GG,TT,AG,AC,TT,CC,AG,AC,TT,TT,TT,CC,AT,TT,TT,AA,TT,GG,CC,AA,CC,CC,CC,GG,CC,AA,GG,AA,CC,TT,CC,GT,TT,CG,TT,AA,NN,TT,CC,GG,AC,NN,CC,GG,GG,AA,CG,TT,AC,AA,CC,GG,AA,CC,AA,AA,GT,TT,AT,AA,GG,GG,AA,CC,TT,TT,AA,GG,AA,CT,AA,TT,CC,TT,AA,CC,CT,GG,AG,CC,AA,CC,TT,CT,NN,GG,TT,AC,CC,AG,GG,CC,CG,GG,CG,GG,TT,AA,CG,GT,GG,CC,CC,AA,GG,CC,AT,CC,AA,AA,AC,CC,CC,TT,AA,GG,AT,AA,CC,AA,GG,AG,AG,AA,TT,GG,AA,AG,AC,AA,TT,AA,AA,GG,GG,GG,TT,AA,AA,TT,TT,NN,AA,TT,GG,GG,AA,8.03,Moderate,Medium,Standard,Late
L0288,Warangal,Telangana,Rabi,Black Cotton,Irrigated,410,26.5,60,AC,TT,GG,AA,GG,CC,GT,TT,CG,CC,AA,CT,CG,AT,TT,GG,CG,TT,TT,AG,CG,GT,GT,CC,AT,CC,TT,TT,GG,AA,TT,CC,AA,AC,GG,GG,GG,CG,GG,AC,TT,CT,AC,TT,AA,GG,TT,AT,CC,AC,GT,AA,AG,GG,CC,GT,AA,AC,GT,AA,AA,TT,AA,GG,TT,TT,CC,GT,TT,GT,AA,GT,CC,AA,AG,AC,AT,GG,TT,TT,GG,GG,GG,CC,AT,GG,AA,AA,CC,TT,CC,TT,CT,TT,TT,GG,TT,AC,TT,CC,CT,CC,GG,AA,TT,TT,CC,AG,GG,AC,CT,GG,GT,CG,GT,AC,AC,AT,CC,AG,CG,AG,NN,NN,CT,AA,CC,CC,CC,CC,AA,TT,CC,AA,CC,CC,AA,TT,AA,AT,CG,CC,NN,GG,AA,AG,AA,CC,GT,CC,CG,AA,AG,GG,GG,GG,AC,GT,TT,AG,AC,GG,GT,TT,CC,AT,TT,TT,AA,TT,CG,CC,AA,CC,CC,CC,CG,CC,AA,GG,AA,CC,TT,CC,GT,GT,GG,AT,AG,AA,TT,CC,GG,AC,AA,CC,GG,GG,AA,GG,TT,AA,AA,CC,GG,AA,CC,AA,AA,GG,GT,TT,AT,GG,GT,TT,CG,TT,GT,AA,GG,AA,CT,AA,TT,CC,TT,AA,AC,CT,GG,AA,CC,AA,CC,AT,CT,GT,GG,TT,AC,CC,AA,GG,CC,CG,GG,CC,GG,AA,AA,CC,TT,GG,CC,CC,AA,AG,CG,AA,CC,AA,AA,CC,CC,CC,TT,AA,GG,AA,AA,AA,AC,AG,AA,AG,AA,AA,GG,AA,AA,CC,AC,CT,AA,AA,CG,GG,GG,GT,NN,AG,GG,TT,TT,AA,AT,GG,GG,AA,6.96,Susceptible,Low,Standard,Early
L0289,Warangal,Telangana,Rabi,Black Cotton,Irrigated,410,26.5,60,AA,TT,GG,AA,GG,CC,TT,AT,CC,CC,AA,CC,CG,AT,TT,GG,CG,TT,TT,AA,CC,GT,GG,CC,TT,CC,GT,TT,GG,AA,TT,CT,AA,CC,GG,GG,GG,GG,GG,CC,TT,TT,AA,GT,GG,GG,TT,AT,CC,AA,GG,AA,AA,GG,CT,TT,AA,AA,TT,AC,AG,TT,TT,AG,CT,TT,CC,GG,TT,GT,AA,GT,AC,AA,GG,AA,AT,GG,TT,TT,AG,GT,GG,CC,AA,GG,AA,AA,CC,TT,AC,TT,CT,TT,GT,AG,TT,CC,GT,CC,NN,CG,AG,AA,AT,TT,CG,AA,AA,AC,CC,GG,TT,CC,GT,CC,AC,TT,CC,AG,CC,GG,CC,GT,CT,AA,CT,CC,CC,CC,AA,TT,CC,AA,CC,CC,AA,TT,AA,AA,GG,CC,CC,GG,AA,AA,AA,CC,GG,CC,CC,AG,AG,GG,GT,GG,AC,GT,CT,GG,AC,TT,TT,CT,CG,AA,NN,TT,AA,NN,GG,CC,AG,CC,CC,CC,CG,CC,AA,GG,AA,CC,GT,CC,GT,TT,GG,AT,AA,AA,TT,CC,GG,AA,AA,CC,GG,GG,AA,GG,TT,AC,AA,CC,GT,AT,AC,AA,AT,GG,TT,TT,TT,GG,TT,AT,CC,AA,TT,AA,GG,AA,TT,AC,TT,CC,TT,AA,CC,TT,GG,AA,CC,GG,CC,TT,TT,TT,GG,TT,AC,AC,AA,GT,NN,CC,GG,CC,GG,TT,AA,CC,GG,GG,CC,CG,AA,GG,CC,AT,CC,AA,AA,CC,CG,AA,TT,AG,GG,AA,AA,AC,AA,AG,AG,AA,AA,TT,GG,AA,AG,CC,AA,TT,AA,AG,GG,GG,GG,GG,AT,AA,TT,TT,TT,AG,TT,GG,GG,AA,8.79,Susceptible,Low,Standard,Medium
L0290,Warangal,Telangana,Rabi,Black Cotton,Irrigated,410,26.5,60,AC,TT,GG,AA,GG,CC,GT,TT,CC,NN,AA,CC,GG,AT,TT,GG,CG,TT,TT,AA,NN,GT,GT,TT,TT,CC,TT,TT,GG,AA,TT,CC,AA,CC,AG,GG,GG,CC,GG,CC,TT,CT,AA,TT,AG,GG,TT,AT,CC,CC,NN,AA,AA,GG,CC,TT,AA,AA,GT,AA,AG,GT,AA,AA,TT,TT,CC,GG,CT,GG,AA,NN,CC,NN,AA,AC,AT,GG,TT,TT,GG,TT,GT,CC,AT,GG,AA,AT,CC,GT,CC,TT,CC,TT,GG,GG,CT,CC,TT,CC,CC,CC,AG,AG,AT,TT,CC,AA,AG,AA,TT,GG,TT,CC,TT,AA,AA,TT,CC,GG,CC,GG,CC,GG,TT,AA,CC,CC,CC,CC,AA,TT,CC,AA,NN,CC,AA,TT,AA,AT,GG,CC,CC,GG,AA,GG,AA,CC,GG,CC,CC,AA,AA,GG,GG,GG,CC,NN,CC,GG,AC,TT,TT,TT,CC,AA,TT,TT,AA,TT,GG,CC,AA,CC,CC,CC,CG,CC,AA,GG,AA,CC,TT,CC,GT,TT,GG,TT,AA,AG,TT,AC,GG,AA,NN,CC,GG,GG,AA,GG,TT,AC,AA,CC,GG,AT,CC,AA,AT,GG,TT,TT,AA,CG,GG,AA,CC,TT,TT,AA,AG,AA,CT,AA,TT,CC,TT,AA,CC,TT,GG,AA,CC,AA,AC,TT,CT,GT,GG,TT,AA,CC,AA,GG,CC,CC,GG,CC,GG,AT,AA,CC,GT,GG,CG,CC,AT,GG,CC,AA,CC,AA,AA,CC,CG,AC,TT,AA,GG,AA,AA,AA,AA,AG,AA,AG,AA,AT,GG,AC,AA,CC,AA,CT,AA,AA,GG,GG,GG,TT,AA,AA,TT,TT,TT,AG,AT,GG,CG,AA,7.59,Susceptible,Low,Poor,Medium
L0291,Warangal,Telangana,Rabi,Black Cotton,Irrigated,410,26.5,60,CC,TT,GG,NN,GG,CC,GG,AT,CC,CC,AA,CT,CC,AT,TT,GG,GG,TT,TT,AA,CC,GT,TT,CC,AT,CC,GT,TT,GG,AA,TT,CC,AA,CC,GG,CG,GG,CC,GG,CC,TT,CT,AA,TT,AA,GG,TT,TT,CC,AC,GT,AA,AA,GG,CT,TT,AA,AA,GT,CC,AA,GT,AT,AG,TT,TT,CC,GG,TT,GG,AG,GT,AC,AA,AG,AA,AT,GG,TT,TT,GG,TT,GT,CC,AA,GG,AG,AA,CC,GT,CC,TT,CC,TT,GT,GG,CT,CC,GG,CC,CT,CC,GG,AA,TT,TT,CC,AA,AA,AA,CC,GG,TT,CC,NN,AA,AA,TT,CC,AG,CG,GG,CT,GG,CT,AA,CC,CC,CC,CC,AA,TT,CC,AA,CC,CC,AA,TT,AA,AA,GG,CC,CC,GG,AG,AA,AA,CC,GT,CC,CC,AA,AG,GG,TT,AG,AC,GG,TT,GG,CC,GT,TT,TT,CC,AA,GT,TT,AA,TT,GG,CG,GG,CC,CC,CC,GG,CC,AA,GG,AA,CC,TT,CC,GG,TT,CG,AT,AA,AA,TT,CC,GG,AA,CC,CC,GG,GG,AA,CG,TT,AA,AA,CC,GT,AA,CC,AA,AA,GG,TT,TT,AT,CG,GT,AT,CC,AT,GG,AA,GG,AA,CT,AA,TT,CC,CT,AC,CC,CT,GG,GG,CC,AG,AC,TT,CT,GT,GG,TT,AA,CC,AA,GG,CC,CG,GG,CC,GG,TT,AA,CG,GT,GG,CC,CG,AT,GG,CC,AA,NN,AA,AA,AC,CG,CC,AT,AG,GG,AA,AC,AA,AA,GG,AG,AA,AA,TT,GG,AA,AA,AC,AC,NN,AA,AA,GG,GG,GG,GT,AA,AG,TT,TT,TT,AG,AT,GG,GG,AA,6.46,Moderate,Low,Premium,Early
L0292,Warangal,Telangana,Rabi,Black Cotton,Irrigated,410,26.5,60,AA,TT,GG,AG,GG,CC,GT,TT,CC,CC,AA,CT,CC,AT,TT,GG,GG,TT,TT,AG,CC,TT,GT,CC,TT,CC,TT,TT,GG,AA,TT,NN,AA,CC,GG,GG,GG,GG,GG,CC,TT,CT,AC,TT,AG,GG,TT,AT,CC,AA,GG,AA,GG,GG,CC,GT,AA,AA,GG,AA,AA,TT,TT,AA,TT,TT,CC,GG,CT,GG,AA,GG,CC,AA,AG,AC,AA,GG,TT,TT,GG,GG,GG,CC,AA,GG,AA,AT,CC,GT,CC,TT,CC,TT,GT,AG,TT,CC,GG,CT,CC,CG,AG,AA,AT,TT,CC,AG,GG,AC,CC,GG,TT,CG,TT,AA,AA,TT,CC,AA,CG,AA,CC,GG,CT,AG,CC,CC,CC,CC,AA,TT,CC,AA,CC,CC,AA,TT,AA,AT,GG,CC,CC,GG,AG,AG,AA,AC,GG,CC,CC,AG,AA,GG,GT,GG,AC,TT,TT,GG,AA,GT,GT,TT,CC,AT,TT,TT,AA,AT,GG,CC,AA,CT,CC,AC,GG,CC,AA,GG,AG,CC,TT,CC,GT,GT,GG,TT,AA,AA,TT,CC,GG,AC,AC,CC,GG,GG,AC,GG,CT,AA,GG,CC,GG,AA,AC,AA,AT,GT,TT,TT,AA,CG,GG,AT,CG,TT,GG,AA,GG,AA,TT,AA,TT,CC,CT,AA,AA,CT,CG,AG,GG,AG,CC,TT,TT,GT,GG,TT,AA,CC,AG,GG,CC,CG,GG,CC,GG,AT,AA,CC,TT,GG,CG,CG,AA,GG,CG,AA,CC,AA,AA,AA,CC,AC,TT,AA,GG,AA,AA,NN,AA,GG,AA,AA,AA,AT,CG,AC,AG,AA,CC,TT,AA,AA,GG,GG,CG,TT,AT,NN,TT,TT,TT,AA,TT,GG,CG,AA,8.46,Susceptible,Medium,Poor,Early
L0293,Warangal,Telangana,Rabi,Black Cotton,Irrigated,410,26.5,60,AC,TT,GG,AA,GG,CC,GT,AA,CC,GG,AA,CC,GG,TT,TT,GG,GG,TT,TT,AA,CC,TT,TT,CT,AT,CC,TT,TT,GG,AA,TT,CC,AA,CC,GG,CG,GG,GG,GG,CC,TT,CC,AA,TT,AA,AG,CT,TT,CC,AA,GG,AA,AA,GG,CT,TT,AA,AA,GT,CC,AA,TT,AT,AG,CT,AT,CC,GG,TT,GG,AA,GG,CC,AA,GG,AC,AA,GG,TT,TT,GG,GG,GT,CC,AA,GG,NN,AA,CC,GT,CC,TT,CT,TT,TT,GG,TT,CC,TT,CC,CC,CG,AG,AA,TT,TT,CC,AG,AG,AA,CC,GG,TT,CG,TT,AA,AA,TT,CC,AG,CC,GG,CT,GG,CT,AA,CT,CC,NN,CG,AA,GT,CC,AA,CC,CT,AA,TT,AA,AA,NN,CT,CC,GG,AA,AA,AT,CC,GG,CC,CG,AA,AA,GG,GT,GG,AC,GT,TT,AG,CC,GT,TT,TT,CC,AA,TT,TT,AA,AT,CG,CC,AA,CC,CC,CC,GG,AC,AA,GG,AA,CC,GT,CC,GT,TT,CG,TT,AA,AA,TT,AC,GG,AC,CC,CC,GG,GG,CC,CG,TT,AA,AA,CC,GG,AT,CC,AA,TT,GG,GT,TT,AT,GG,GT,AT,CG,AT,GT,AA,GG,AA,CC,AA,TT,NN,CT,AA,CC,TT,GG,AA,CC,AG,CC,TT,TT,GT,GG,TT,AC,AC,AA,GG,CC,CG,GG,CC,GG,AT,AA,CC,TT,GG,CC,CC,AT,GG,CC,AT,CC,AA,AA,CC,CG,CC,TT,AA,GG,AA,AA,AC,AA,AA,GG,AA,AA,TT,GG,AA,AG,AA,AA,CT,AG,AA,GG,GG,GG,TT,AA,AA,TT,TT,TT,AG,AT,GG,GG,AC,5.98,Resistant,Low,Standard,Early
L0294,Warangal,Telangana,Rabi,Black Cotton,Irrigated,410,26.5,60,CC,TT,AA,GG,CG,CC,GT,TT,CC,CC,AT,CC,CG,TT,TT,GG,CG,TT,TT,AA,CC,TT,GT,CC,TT,CC,GT,TT,TT,AA,TT,CT,AA,CC,GG,CG,GG,CC,GG,CC,TT,CT,AC,TT,AA,GG,CT,TT,CC,AA,GG,AT,AA,GG,CC,GT,AA,AC,GT,AA,AA,GT,TT,AA,TT,TT,CC,GG,CT,GG,AA,GG,CC,AA,GG,AC,AT,GG,TT,TT,AG,GT,GG,CC,AT,GG,AG,AA,CG,TT,CC,TT,CC,TT,GT,GG,TT,CC,GT,CC,CC,CG,AG,AG,TT,TT,CG,AG,AG,AA,CC,GG,GT,CC,TT,AA,AC,TT,CG,AG,CG,GG,CC,GG,CT,AA,CC,CC,CC,CC,AA,TT,CC,AA,CC,CC,AA,TT,AA,AT,GG,CC,CC,GG,AA,AA,AT,AC,GG,CG,CG,AA,AG,GG,GT,GG,AA,TT,CT,GG,CC,TT,GG,TT,CC,AT,TT,TT,AA,AT,CG,CC,AA,CC,CC,CC,CG,AC,AA,GG,AA,CC,TT,CC,GT,GT,CG,AT,AA,AG,TT,CC,CG,NN,CC,CC,GG,GG,CC,GG,TT,AC,AA,CC,GG,AT,CC,AA,AT,GT,TT,TT,AT,CG,GG,AT,CC,AA,TT,AA,GG,AA,CT,AA,TT,CC,TT,AA,CC,CT,CG,AA,NN,NN,CC,TT,CT,TT,GG,TT,AA,NN,AG,GG,CC,CG,GG,CC,GG,AA,NN,CG,GT,GG,CC,CG,AA,GG,CG,AA,CG,AT,AA,CC,CC,AC,TT,AA,GG,AA,AA,AA,AA,GG,AG,AA,AA,TT,GG,AA,AA,CC,AA,CT,AA,AA,GG,GG,GG,TT,AA,AA,GT,TT,TT,AG,AT,GG,GG,AA,8.05,Susceptible,Low,Premium,Early
L0295,Warangal,Telangana,Rabi,Black Cotton,Irrigated,410,26.5,60,AA,TT,AA,AA,GG,CC,GT,TT,CC,GG,AA,CC,CC,AT,TT,GG,CG,TT,TT,AA,CC,TT,GT,CC,NN,CC,TT,AT,GT,AA,TT,CC,AA,AC,GG,CG,GG,CC,GG,CC,TT,CT,AA,GT,AA,AG,TT,AA,CC,CC,GG,AA,AG,GG,CC,TT,AT,AA,GT,AC,AA,TT,TT,AA,TT,NN,CC,GG,TT,GG,AA,GG,CC,AA,GG,AA,AA,GG,TT,TT,GG,GT,GT,CC,AA,GG,AG,AT,CC,TT,NN,GT,CT,TT,TT,GG,TT,CC,GT,CC,CC,CC,AA,AA,TT,TT,CC,AA,AG,CC,TT,GG,TT,CC,TT,AA,AA,TT,CC,GG,CG,AG,CC,GG,TT,AA,CC,CC,CC,CC,AA,TT,CC,AA,CC,CT,AA,TT,AA,AA,GG,CC,CG,GG,AA,AG,AA,AC,GT,CC,CC,AA,AA,GG,TT,GG,AA,GT,TT,GG,AC,GT,TT,CT,CC,AA,TT,TT,AA,TT,GG,CC,AG,CT,CC,AC,GG,CC,AA,GG,AA,CC,TT,CC,GT,GT,GG,AT,AA,AG,TT,AC,GG,AA,CC,CC,GG,GG,AC,GG,TT,AA,AA,CC,GG,AT,CC,AA,AT,GG,TT,AT,AT,GG,GT,AT,CC,AT,GG,AA,GG,AA,CT,AA,TT,CC,CT,AC,CC,TT,GG,AA,CC,AA,CC,TT,TT,TT,GG,AT,AC,AA,AA,NN,CC,CC,GG,CC,GG,TT,AG,CC,TT,GG,CC,CC,AA,GG,CC,TT,CC,AA,AA,AC,CC,CC,TT,AA,GG,AA,AA,AA,AA,GG,AA,AA,AA,TT,GG,AA,GG,AC,AA,TT,AA,AA,GG,GG,GG,GT,AT,AA,TT,TT,TT,GG,AT,GG,GG,AA,6.98,Susceptible,High,Poor,Medium
L0296,Warangal,Telangana,Rabi,Black Cotton,Irrigated,410,26.5,60,AA,CT,NN,AA,GG,CC,GG,AT,CC,CG,AT,CC,CG,AT,TT,GG,GG,TT,TT,AA,CC,TT,GT,CT,TT,CC,TT,TT,GG,AA,CT,CC,AA,CC,GG,CG,GG,CC,GG,CC,TT,TT,AA,GT,GG,GG,TT,TT,CC,CC,GG,AA,AG,GG,CT,TT,AT,CC,GG,AA,AG,TT,TT,AG,TT,AT,CC,GG,TT,GG,NN,GG,CC,AA,GG,AC,AA,GG,TT,TT,GG,GG,GG,CC,AA,GG,AA,AA,CC,TT,AA,TT,CC,TT,GT,GG,TT,CC,TT,CC,CT,CC,AG,AA,AA,TT,CG,AA,AG,AA,CT,GG,GT,CG,GT,AA,AA,TT,CC,GG,CC,GG,CC,GG,TT,AG,TT,CC,CC,CC,AA,TT,CC,AA,CC,CT,AG,TT,AA,AA,CG,CT,CC,GG,AA,AA,AT,CC,GG,CC,CC,AG,AA,AG,TT,GG,AC,NN,CC,GG,AC,TT,TT,TT,CC,AA,TT,CT,AA,TT,GG,CG,AA,CT,CC,CC,GG,CC,AA,GG,GG,CC,NN,CG,GG,TT,CG,TT,AA,NN,TT,CC,CG,AC,CC,CC,GG,GG,AC,GG,TT,AC,AA,CG,GG,AA,AC,AA,AT,GG,TT,TT,AA,CG,GG,AA,CC,AT,GG,AA,AG,AA,CT,AA,TT,CC,TT,AA,CC,TT,GG,GG,CC,AA,AC,AT,CT,TT,GG,TT,AC,CC,AG,GG,CC,CC,GG,CC,GG,AT,AA,CC,GT,GG,CC,CC,AA,AG,CC,AT,CC,AA,AA,AC,CC,AC,TT,AA,GG,AA,AA,AA,AC,AA,AG,AG,AA,TT,GG,AA,AA,CC,AC,CC,AA,AA,GG,GG,GG,TT,AT,AA,TT,TT,AT,AG,TT,GG,GG,NN,6.9,Susceptible,High,Standard,Early
L0297,Warangal,Telangana,Rabi,Black Cotton,Irrigated,410,26.5,60,AC,CT,GG,GG,GG,CC,GT,TT,CC,CG,AA,CC,CC,TT,GT,GG,GG,TT,TT,AG,CC,TT,GT,CC,TT,CC,GT,TT,GT,AA,TT,CC,AA,CC,GG,CG,GG,CC,GG,CC,TT,CT,AA,TT,AG,AG,TT,TT,CC,CC,GT,AA,AA,GG,CC,GT,AA,AA,GT,AA,AA,GT,TT,AA,TT,AT,CC,GG,TT,GT,AG,GG,CC,AA,GG,AC,AT,GG,TT,TT,GG,GG,GG,CC,AA,GG,AA,AA,CC,TT,CC,TT,CC,TT,GT,GG,TT,CC,GT,CC,CT,CG,AG,AA,TT,TT,CC,AA,AA,AA,CC,GG,TT,CC,TT,AC,AA,TT,CG,GG,CC,GG,NN,GG,TT,AA,CC,CC,CC,CC,AA,TT,CC,AA,CC,CT,AA,TT,AA,AA,GG,CC,CC,GG,AA,GG,AA,CC,TT,NN,CC,AA,AA,GG,TT,GG,CC,TT,TT,GG,CC,TT,TT,TT,CG,AA,TT,TT,AA,TT,GG,CC,AG,CC,AC,CC,GG,CC,AA,GG,AA,CC,TT,CC,GT,GT,GG,AT,AA,AG,NN,CC,GG,CC,CC,CG,GG,GG,AC,GG,TT,AA,AG,CC,GG,AA,AC,AT,AA,GT,GT,TT,TT,GG,NN,AA,CG,TT,TT,AA,NN,AA,CT,AA,TT,CC,TT,AA,CC,TT,GG,AA,CC,AG,CC,TT,CT,TT,GG,TT,AA,CC,AA,GT,CC,CG,GG,CC,GT,TT,NN,CC,TT,GG,CG,CC,AT,GG,CC,AA,CC,NN,AA,CC,GG,CC,TT,AA,GG,AT,AA,AC,AA,AA,AA,AA,AA,TT,CG,AA,AA,CC,AA,CT,AG,AA,GG,GG,GG,GT,AT,AA,TT,TT,TT,AA,TT,GG,GG,AA,7.38,Moderate,Medium,Standard,Early
L0298,Warangal,Telangana,Rabi,Black Cotton,Irrigated,410,26.5,60,AA,TT,GG,AG,CG,CG,GG,TT,CC,CG,AT,CC,CG,TT,TT,GG,CG,TT,TT,AA,CC,GT,GT,CC,TT,CC,TT,TT,GG,AA,TT,CT,AA,CC,GG,GG,GG,CC,GG,CC,TT,CT,AA,TT,AG,GG,TT,TT,CC,CC,GG,AT,AA,GG,TT,GT,AA,AA,GT,AA,AA,TT,TT,AA,TT,TT,CC,GG,TT,GG,AG,GG,CC,AG,AG,AA,AT,GG,TT,TT,GG,GG,GT,AC,AT,NN,AA,AA,CC,TT,CC,TT,CT,TT,GT,GG,CC,CC,GT,CT,CC,CG,AG,AA,NN,TT,CC,AA,AG,CC,CC,GG,GT,CG,TT,AA,AA,TT,CC,GG,CG,GG,CC,GT,TT,AA,CC,CC,CC,CC,AG,TT,CC,AA,CC,CC,AA,TT,AA,AA,CG,CT,CC,GG,AA,AA,AT,AC,GT,CC,NN,AA,AA,AG,GT,GG,AA,TT,CT,GG,CC,TT,TT,CT,CC,AA,TT,TT,AA,AT,GG,CC,AA,CC,CC,CC,GG,CC,AA,GG,AG,CC,TT,CG,TT,GT,GG,TT,AA,AA,NN,CC,GG,AA,CC,CC,CG,GG,AC,GG,TT,AC,AA,CC,GG,AA,CC,AA,AT,GG,TT,AT,AA,GG,GT,AT,CG,TT,TT,AT,GG,NN,CT,AA,TT,CC,TT,AA,CC,TT,CG,AA,CC,AA,AC,TT,TT,GT,GG,AT,CC,AC,AA,GG,CC,CG,GG,CC,GT,TT,AA,CC,TT,GG,CG,CC,AA,GG,CC,AA,CC,AT,NN,AC,CC,AC,TT,AA,GG,AA,AA,AC,AC,AG,AG,AA,AA,TT,GG,AC,AA,AC,AC,CT,AA,AA,GG,GG,GG,TT,AT,AA,GG,TT,TT,AG,AT,GG,CG,AA,9.88,Susceptible,Low,Premium,Late
L0299,Warangal,Telangana,Rabi,Black Cotton,Irrigated,410,26.5,60,AA,TT,GG,AA,CG,CC,GT,TT,CC,CC,AA,CC,CC,TT,TT,GG,GG,TT,TT,AG,CC,TT,GT,CC,AT,CC,GT,TT,GG,AA,TT,CT,AA,CC,GG,CG,GG,CG,GT,CC,TT,CT,AA,TT,AA,GG,CT,TT,CC,AA,GT,AA,AG,GG,CC,TT,TT,AC,GT,AC,AA,TT,TT,AA,TT,TT,CC,GG,TT,GG,AA,GT,CC,AA,GG,AC,AA,GG,TT,TT,AG,GG,GG,CC,AA,GG,AA,AA,CC,GT,CC,TT,TT,TT,NN,GG,TT,CC,TT,CC,CC,CC,AG,AA,AT,TT,CC,AA,GG,AA,CT,GG,GT,CC,GT,AA,AA,TT,CG,GG,CC,GG,CC,GT,TT,AA,CC,CC,CC,CC,AA,TT,CC,AA,NN,CC,AA,TT,AG,AA,GG,CT,CC,GG,AA,AG,AA,CC,NN,CC,CC,AG,AA,NN,GT,GG,AA,GT,TT,AG,CC,TT,TT,TT,CC,TT,TT,CT,AT,TT,GG,CC,AG,NN,CC,CC,CG,AC,AA,GG,AA,CC,TT,CG,GG,TT,CG,TT,AA,AA,TT,CC,GG,AC,CC,CC,GG,GG,AA,GG,TT,AC,AA,CC,GG,AA,AC,AA,AT,GG,GT,TT,AT,CC,GG,AA,CC,TT,GG,AT,GG,AA,CT,AA,TT,CC,TT,CC,AC,TT,GG,AA,CC,AG,CC,TT,TT,TT,GG,AT,AA,CC,AA,GG,CC,CG,GG,CC,GG,TT,AA,CG,TT,GG,CC,CC,AT,GG,CG,AA,CC,AT,AA,AA,CG,AC,TT,AA,GG,AA,AC,AA,AA,GG,AG,AA,AA,TT,GG,AA,AA,AC,AA,TT,AA,AA,GG,GG,GG,TT,AA,AG,TT,TT,TT,AG,AT,GG,GG,AA,4.23,Susceptible,Medium,Premium,Early
L0300,Warangal,Telangana,Rabi,Black Cotton,Irrigated,410,26.5,60,AC,TT,GG,AG,GG,CC,GG,TT,CC,CG,AA,CT,CC,AT,TT,GG,GG,TT,TT,AA,CG,GT,GG,CC,TT,CC,GT,TT,GT,AA,TT,CC,AA,CC,GG,GG,GG,CG,GG,CC,TT,CC,AA,TT,AG,GG,TT,TT,CC,AC,GT,AA,AA,GG,CC,GT,AA,AA,GT,AA,AA,TT,AT,AA,TT,TT,NN,GG,TT,GT,AA,GG,CC,AA,GG,AC,AT,AG,TT,TT,GG,GG,GG,CC,AA,GG,AA,AA,CC,GT,CC,TT,CC,TT,TT,GG,TT,CC,GT,CC,CC,CG,GG,NN,TT,TT,CC,AA,AG,AA,CC,GG,TT,CC,NN,AA,NN,TT,CC,AG,CC,GG,CT,GG,CT,AA,CC,CC,CC,CC,AA,GT,CC,AA,CC,CC,AA,TT,AA,AA,GG,CC,CC,GG,AG,AG,AA,CC,GG,CC,CC,AG,AA,GG,TT,GG,AA,GT,CT,GG,CC,GT,TT,TT,CG,AA,GG,TT,AA,AT,GG,CC,AA,CC,CC,CC,GG,CC,AA,GG,AA,CC,TT,CC,GT,TT,GG,TT,AA,AA,GT,AC,GG,AC,AC,CC,GG,GG,AC,GG,TT,AA,AA,CC,GG,AA,AC,AA,AA,GG,TT,TT,TT,GG,GG,AT,CC,TT,GT,AA,GG,AA,TT,AA,TT,CG,TT,AC,CC,TT,CC,AA,CC,AG,CC,TT,CT,GT,GG,TT,AA,AC,AA,GG,CC,CC,GG,CC,GG,TT,AG,CC,TT,GG,CC,CC,TT,GG,CC,AA,CG,AT,AA,AC,CG,CC,TT,AA,GG,AA,AA,CC,AA,AA,AG,AA,AA,TT,NN,AA,AA,AC,AA,TT,AA,AG,GG,GG,GG,GG,AT,NN,TT,TT,AT,AG,TT,CG,CG,AC,8.03,Resistant,Low,Premium,Early
L0301,Warangal,Telangana,Rabi,Black Cotton,Irrigated,410,26.5,60,AC,TT,GG,AA,GG,CC,GG,AT,CC,CG,AA,CC,CC,AT,TT,GG,GG,TT,TT,AA,CC,TT,TT,CC,TT,CC,TT,TT,GG,AA,TT,CC,AA,CC,GG,GG,GG,CG,GG,CC,TT,CC,AC,TT,AA,AG,TT,TT,CC,AA,GT,AA,AA,GG,CC,TT,AA,AA,GG,AC,AA,TT,NN,AA,TT,TT,CC,GG,TT,GT,AG,GG,CC,NN,AG,AC,AA,GG,TT,TT,GG,GG,GG,CC,AT,GG,AA,AA,CC,TT,CC,TT,CT,AT,GT,GG,TT,CC,TT,CC,CT,GG,AG,AA,AT,TT,CC,NN,AA,AC,CC,GG,TT,CC,TT,AA,AA,TT,CC,GG,CC,GG,CC,GG,TT,AA,CC,CC,CC,CC,AA,TT,CC,AA,CC,CC,AA,TT,AA,TT,CG,CC,CC,GG,AA,AA,AA,AC,GG,CC,CG,AG,AG,GG,TT,GG,AC,TT,TT,GG,CC,TT,GT,CT,CG,AA,TT,CT,TT,TT,GG,CC,AA,CC,AC,NN,CC,CC,AA,GG,AA,AC,TT,CC,GT,TT,CG,TT,AA,AA,TT,CC,CG,AA,AC,CC,GG,GG,AA,CG,TT,AA,AA,CC,GG,AA,CC,AA,AA,GT,TT,TT,AA,CG,GT,AA,CG,AT,GT,AA,GG,AA,CT,AA,TT,CC,TT,AA,CC,TT,GG,AG,CG,AA,CC,AT,CT,GT,GG,NN,AA,AC,AG,GG,CC,CC,GG,CC,GG,AA,AA,CC,TT,GG,CC,CC,AA,GG,CC,AT,CC,AT,AA,AC,CC,CC,TT,AA,GG,AA,AA,AA,AA,AG,AG,GG,AA,AT,GG,AA,AG,AC,AA,TT,AA,AG,GG,GG,GG,TT,AA,AG,GT,TT,TT,AA,TT,GG,GG,AA,8.44,Susceptible,Low,Premium,Early
L0302,Warangal,Telangana,Rabi,Black Cotton,Irrigated,410,26.5,60,AA,TT,GG,AA,GG,NN,GG,AT,CC,CC,AA,CT,CC,TT,GT,GT,CG,TT,TT,AG,CC,TT,TT,CC,TT,CC,TT,TT,GG,AA,CT,CC,NN,CC,GG,CG,GG,CG,GG,CC,TT,NN,AA,GT,AA,AG,TT,TT,CC,AC,GG,AT,AG,GG,CC,TT,AA,AA,GG,AA,AA,TT,TT,AA,TT,TT,CC,GG,TT,GT,AA,GT,CC,AG,GG,AA,AA,GG,TT,TT,GG,GT,GG,NN,AA,GG,AA,AA,CG,TT,NN,GT,CC,TT,TT,GG,TT,CC,GT,CC,CC,CC,AA,AA,AT,TT,CG,AG,AA,AA,CC,GG,TT,CC,TT,AA,AA,TT,CG,GG,CC,GG,CT,GG,CT,AG,CT,CC,CC,CC,AA,TT,CC,AC,CC,CC,AA,AT,AA,AA,CG,CT,CC,GG,AA,AG,AA,CC,GG,NN,CC,AA,AA,GG,TT,GG,AA,TT,CT,GG,CC,TT,GT,TT,CG,AT,GT,TT,AA,NN,GG,CC,GG,CT,CC,CC,CC,CC,AA,AG,AA,CC,TT,CG,GG,TT,GG,AT,AA,AA,TT,CC,GG,AA,CC,CC,GG,GG,AC,GG,TT,AA,AA,CC,GG,AA,CC,AA,AT,GG,TT,TT,AT,GG,GG,AT,CC,TT,GT,AA,GG,AA,TT,AA,TT,CG,TT,AA,CC,CT,CC,AG,CC,AG,CC,TT,CT,GT,GG,AT,AA,CC,AA,GT,CG,CC,GG,CC,GG,AA,AA,CC,TT,GG,CC,GG,AT,GG,CC,AA,CC,AA,AA,AC,CC,AC,TT,AA,GG,AA,AA,AC,AA,AG,AA,GG,AA,TT,GG,AA,AG,CC,AA,CT,AA,AA,GG,AG,GG,TT,AA,AA,GT,TT,TT,AG,AT,GG,GG,AA,5.86,Susceptible,Medium,Standard,Medium
L0303,Warangal,Telangana,Rabi,Black Cotton,Irrigated,410,26.5,60,AA,TT,GG,AG,GG,CC,GG,TT,CC,CG,AA,CC,CC,TT,TT,GT,CG,TT,TT,AG,CC,GT,GT,CC,TT,CC,TT,AT,GG,AA,CT,CC,AG,CC,GG,GG,GG,CG,GG,CC,TT,CT,AA,TT,AG,AG,TT,TT,CG,AC,GG,AA,AA,GG,CT,TT,AA,AA,GG,AC,AA,TT,TT,AG,TT,TT,CC,GG,TT,GT,AG,GT,CC,AA,GG,AA,TT,GG,TT,TT,GG,GG,GG,CC,AT,AG,AA,AA,CC,TT,CC,GT,CC,TT,TT,AG,TT,CC,GT,CC,CC,CG,GG,AA,AT,TT,CC,AG,AA,AA,CT,GG,TT,CC,GT,AA,AA,AT,CG,AG,CC,AG,CC,GG,TT,AA,CT,CC,CC,CC,AA,GT,AC,AA,CC,CC,AA,AT,AA,AA,NN,CT,CC,GG,AA,GG,AA,CC,GG,CC,CC,AA,AA,GG,GT,GG,AA,TT,CT,NN,CC,TT,TT,TT,CC,AT,TT,TT,AA,TT,GG,CC,AG,CT,CC,CC,CG,CC,AA,GG,GG,CC,TT,CC,GT,GT,GG,AT,AA,AA,TT,AA,GG,AC,CC,CC,GG,GG,AA,GG,TT,AA,AA,CC,GG,AA,AA,AA,AA,GG,TT,TT,AA,GG,GT,AT,CC,TT,GT,AA,GG,AA,CC,AC,TT,CG,CT,AA,CC,TT,GG,AG,CG,AG,CC,TT,CC,TT,GG,TT,AA,AC,AA,GG,CC,CG,GG,CC,GG,TT,AA,CC,TT,GG,CG,CC,AA,AG,CC,AA,CC,AA,AA,AC,GG,AC,TT,AA,GG,AA,AA,AA,AC,AG,AG,AG,AA,TT,GG,AA,AG,AA,AC,CC,AG,AG,GG,GG,GG,GG,AT,AA,GT,TT,TT,AA,AT,GG,GG,AA,6.62,Moderate,High,Poor,Early
L0304,Warangal,Telangana,Rabi,Black Cotton,Irrigated,410,26.5,60,AC,CT,GG,AA,CG,CG,GG,AA,CC,CG,AA,CT,CC,TT,GT,GG,CG,TT,TT,AG,CC,TT,TT,CC,TT,CC,TT,TT,GT,AA,TT,CC,AA,CC,AG,GG,GG,CC,GG,CC,TT,CT,AC,TT,AA,GG,TT,TT,CC,CC,GG,AA,AA,GG,CC,GG,AA,AC,GT,AA,AA,GG,AA,AA,TT,AT,CC,GT,TT,GG,AA,GG,CC,AA,AG,AA,AA,GG,TT,TT,GG,GG,GG,CC,AA,GG,AA,AA,CG,GT,CC,GT,NN,TT,TT,GG,TT,CC,TT,CC,TT,CG,AG,AA,TT,TT,CC,AA,AA,AA,CC,GG,TT,CC,TT,AA,AA,TT,CC,GG,CC,GG,CC,GG,TT,AA,CC,CC,CC,CG,AA,TT,CC,AA,CC,CC,AA,TT,AA,AA,GG,CT,CC,GG,AA,AA,AT,CC,GG,CC,CC,AG,GG,GG,TT,AG,AC,GT,CT,GG,CC,TT,TT,TT,NN,AA,TT,CT,AT,AT,GG,CC,AA,CT,CC,CC,CG,CC,AA,AG,AA,CC,TT,CG,GT,TT,GG,TT,AA,AA,TT,CC,GG,AC,CC,CC,GG,GG,AA,GG,TT,AA,AA,CC,GT,NN,AC,AA,AA,GG,GT,AT,AT,GG,GT,AA,CC,AA,GT,AT,GG,AA,CC,AA,TT,CC,CT,AA,CC,TT,GG,AG,NN,AG,CC,AT,TT,GT,GG,TT,AA,CC,AA,GG,CC,CG,GG,CC,GG,TT,AG,CC,TT,GG,CC,CC,AA,GG,CC,AT,CC,AA,AG,AA,CC,AC,TT,AA,CG,AA,NN,AC,AA,AG,AG,AA,AA,AT,GG,AA,GG,AC,AA,TT,AA,AA,GG,GG,GG,TT,AT,AA,TT,TT,TT,AA,TT,GG,GG,AA,4.23,Moderate,Low,Premium,Early
L0305,Warangal,Telangana,Rabi,Black Cotton,Irrigated,410,26.5,60,AC,TT,GG,AG,GG,CC,GT,TT,CC,GG,NN,CC,CC,AT,TT,GG,GG,TT,TT,AA,CC,GT,GT,CC,TT,CC,TT,AT,GG,AA,TT,TT,AA,CC,GG,GG,GT,CC,GG,CC,TT,CT,AA,TT,AA,AG,CT,TT,CG,AC,NN,AT,AA,GG,CC,TT,AA,AA,GG,AC,AA,TT,TT,AA,TT,AT,CC,GG,TT,GG,AA,GG,CC,AA,GG,AA,AA,AG,TT,TT,GG,GT,GG,CC,AT,GG,AA,AA,CC,GT,AC,TT,CC,AT,GT,GG,CT,AC,GG,CC,CC,GG,GG,AA,TT,TT,CC,NN,AG,AC,CT,GG,TT,CC,GT,AA,AA,TT,CC,GG,CC,GG,CC,GG,CC,AA,CC,CC,CC,CC,AA,TT,AC,AA,CC,CC,AA,TT,AA,AT,GG,CC,CC,GG,AA,AG,AA,NN,GT,CC,CC,AA,AG,GG,TT,GG,AA,TT,TT,AG,CC,TT,TT,CT,CG,AA,TT,TT,AT,AT,GG,CC,AA,CC,CC,CC,GG,CC,AA,GG,NN,CC,TT,CC,GT,TT,GG,AT,AA,NN,TT,CC,CG,AC,AC,CG,GG,GG,AA,GG,TT,AA,AA,CC,GT,AA,AC,AA,AA,GG,TT,AT,AA,GG,GT,AT,CG,TT,GT,AA,GG,AA,TT,AA,TT,CC,CT,AC,CC,CC,GG,GG,CC,AA,CC,TT,TT,GT,GG,TT,AA,AC,AG,GG,CG,CC,GG,CC,GG,TT,AA,CG,TT,AA,CC,CG,AA,GG,CC,AT,CC,AT,AA,AC,CC,AC,TT,AA,GG,AA,AA,AA,AA,AA,AA,AA,AA,TT,GG,AA,GG,CC,AA,CT,AA,AA,CG,AG,CG,TT,AA,AG,TT,TT,TT,AA,TT,GG,GG,AC,7.56,Resistant,Low,Poor,Early
L0306,Warangal,Telangana,Rabi,Black Cotton,Irrigated,410,26.5,60,AC,CT,AG,AA,GG,CC,GG,AT,CC,CG,AA,CC,CG,TT,TT,GG,GG,TT,TT,AA,CC,GT,GT,CT,NN,CC,TT,TT,GG,AA,TT,CC,AA,CC,GG,GG,GG,CG,GG,CC,TT,TT,AA,TT,AA,GG,TT,TT,CC,AC,GG,AA,AA,GG,CC,TT,AA,AA,TT,AA,AA,TT,AA,AA,TT,TT,CC,GG,TT,GG,AA,GG,CC,AG,GG,AC,AA,AG,NN,TT,GG,GG,GG,CC,AT,AG,AA,AA,CC,TT,AC,TT,CC,TT,TT,AG,CT,CC,GG,CC,CC,CG,AG,AA,AT,TT,CC,AA,AG,AA,CC,NN,TT,CC,TT,AA,AA,TT,CC,GG,CC,GG,CC,GG,TT,AA,CT,CC,CC,CC,AA,TT,AC,AA,CC,CT,AA,TT,AA,AA,GG,CC,CC,GG,AA,AG,AA,CC,GT,CC,CC,AA,AA,AG,GT,GG,CC,TT,CT,GG,CC,TT,TT,TT,CC,AT,GT,TT,AA,TT,GG,CC,AA,CC,CC,CC,CG,CC,AA,GG,AA,CC,TT,CC,GG,GT,CG,AT,AA,AA,TT,AC,CG,AA,CC,CG,GG,GG,AA,CC,TT,AA,AA,CC,GG,AT,CC,AA,AA,GG,TT,AT,AA,GG,GG,AA,CC,AT,GT,AA,GG,AA,CT,AA,TT,CC,TT,AA,CC,TT,CG,AA,CC,AA,CC,TT,TT,GT,GG,TT,AC,CC,AG,GG,CC,CC,GG,CC,GG,AA,NN,CC,GT,GG,CC,CC,AT,AA,CC,AA,CC,AA,AA,AC,CG,AC,TT,AA,CG,AA,AA,AC,AA,GG,AG,AG,AA,TT,GG,AA,AA,CC,AC,CT,AA,AA,GG,GG,GG,TT,AA,AA,GT,TT,TT,GG,TT,GG,GG,AA,7.65,Susceptible,Low,Premium,Early
L0307,Warangal,Telangana,Rabi,Black Cotton,Irrigated,410,26.5,60,AC,TT,GG,AG,GG,CG,GT,TT,CC,CC,AA,CT,CG,TT,TT,GG,CG,AT,AT,AG,CC,TT,GT,TT,AT,CC,NN,AT,GG,AA,TT,CC,AA,CC,GG,CG,GT,CG,GG,CC,TT,CC,AC,GT,AG,AG,TT,TT,CC,AC,GT,AA,AA,GG,CT,GT,AT,AC,GT,AC,AG,NN,AT,AG,TT,AT,CC,GG,TT,GT,AA,GG,CC,AA,GG,AA,TT,GG,TT,TT,GG,GG,GG,CC,AA,GG,AA,AA,CC,TT,AC,TT,CT,TT,TT,GG,CC,CC,GG,CC,CC,NN,AG,AA,AT,TT,CG,AA,AG,AC,TT,GG,TT,CC,GT,AC,AA,TT,CC,GG,CC,GG,CC,GT,CT,AA,CT,CC,CC,CC,AA,TT,CC,AA,CC,CC,AA,AA,AA,AT,GG,CC,CC,GG,AA,AG,AA,CC,GT,CC,CC,GG,GG,GG,GT,GG,AA,GT,CT,GG,CC,GG,GT,TT,CG,AA,TT,TT,AT,TT,GG,CC,AA,CT,CC,CC,CG,CC,AA,GG,AA,CC,TT,CC,GG,GT,CG,TT,AA,AA,TT,CC,CG,AC,AC,CC,GG,GG,AA,GG,TT,AC,AA,CG,GG,AT,CC,AA,AA,GG,TT,AT,AT,CG,GT,AT,CC,TT,GT,AA,GG,AA,CT,AA,TT,CC,TT,AC,CC,CC,GG,AA,CC,AA,AC,TT,CT,TT,GG,TT,AA,CC,AA,GG,CC,CC,NN,CC,GT,AA,AG,CC,GT,GG,CG,CG,AT,GG,NN,AA,CC,AA,AA,CC,CC,AC,AT,AA,GG,AA,AA,CC,AA,GG,AA,AA,AA,AT,GG,AC,AG,AC,AA,CC,AA,AA,GG,AG,GG,TT,AA,GG,TT,TT,TT,AG,TT,GG,GG,AA,8.45,Moderate,Medium,Premium,Late
L0308,Warangal,Telangana,Rabi,Black Cotton,Irrigated,410,26.5,60,CC,TT,AG,AG,GG,CC,GG,TT,CC,GG,AA,CT,CG,TT,TT,GG,CC,TT,TT,AG,CC,TT,TT,CT,TT,CC,TT,TT,TT,AA,TT,CT,AA,CC,GG,CG,GG,CC,GG,CC,TT,CC,AA,TT,AA,GG,TT,AA,CC,AC,GG,AA,AA,GG,CC,TT,AA,AA,TT,AC,AA,TT,AT,AA,TT,TT,CC,GG,TT,GT,AG,GG,CC,AA,NN,AA,AA,GG,TT,TT,GG,GG,GT,CC,NN,GG,AA,AT,CC,GG,CC,TT,CT,TT,GT,GG,TT,CC,GT,CC,CT,CG,GG,AA,TT,TT,CC,AA,GG,AA,CC,GG,GT,CC,TT,AC,AA,TT,CG,GG,CC,GG,CC,GG,TT,GG,CC,CC,CC,CC,AA,TT,AC,AA,CC,CC,AG,TT,AA,AA,GG,CT,CC,GG,AA,AA,AA,CC,GG,CC,CC,AA,AG,AG,TT,GG,AC,TT,TT,GG,CC,TT,GT,CT,CG,AT,GT,TT,AA,AT,CG,CC,AG,CC,CC,CC,CG,CC,AA,GG,AG,CC,TT,CG,GT,TT,GG,TT,AA,AA,GT,CC,CG,AA,AC,CG,GG,GG,AC,GG,TT,AC,AA,CC,GG,AT,CC,AA,AT,GG,TT,TT,AA,CG,GG,AA,CC,AA,TT,AA,GG,AA,CT,AA,TT,CC,TT,AA,CC,TT,CG,AG,CC,AA,CC,TT,CT,TT,GG,TT,AC,CC,AA,GG,CC,CG,GG,CC,GG,TT,AA,CG,GG,GG,CC,CC,AT,GG,CG,AT,CC,AA,AA,AC,CC,AC,TT,NN,GG,AA,AC,AC,AA,AG,AA,AA,AA,AT,GG,AA,AA,CC,CC,CT,AA,AA,GG,GG,GG,TT,AA,AA,TT,TT,TT,AA,TT,GG,CG,AA,5.24,Susceptible,Low,Premium,Medium
L0309,Warangal,Telangana,Rabi,Black Cotton,Irrigated,410,26.5,60,AC,CT,GG,AA,GG,CC,GG,TT,CC,GG,AT,CC,CC,AT,TT,GT,GG,TT,TT,AG,CC,TT,TT,CC,TT,CC,TT,TT,GG,AA,CT,CC,AA,CC,GG,GG,GG,NN,GG,CC,TT,CT,AA,TT,AA,AG,TT,AT,CC,AA,GG,AA,AA,GG,CC,TT,AA,AA,TT,AA,AA,TT,TT,AA,TT,AT,CC,GG,TT,GG,AA,GT,CC,AA,AG,AA,AA,GG,TT,TT,GG,GT,GG,CC,AA,GG,AA,AA,CC,TT,CC,TT,CC,AT,TT,GG,TT,CC,TT,CC,NN,CG,GG,AA,TT,TT,CG,AA,AA,AA,CT,GG,TT,CG,TT,AA,AA,AT,CC,GG,CC,AG,CC,GT,CT,AA,CT,CC,CC,CC,AA,TT,CC,AA,CC,CC,AA,TT,AA,AT,GG,CC,CC,GG,AA,AA,AA,CC,GG,CC,CC,AG,AG,GG,TT,GG,AA,TT,TT,GG,CC,TT,GT,TT,CG,AT,TT,TT,AA,AT,GG,CC,AA,CT,NN,AC,GG,CC,AT,GG,AA,AC,TT,CC,NN,TT,GG,AT,AA,AG,TT,CC,GG,AC,CC,CC,GG,GG,AC,GG,TT,AC,AA,NN,GG,AA,AA,AA,TT,GG,TT,AT,NN,GG,GG,AT,CC,AT,TT,AA,GG,AA,CT,AA,TT,CC,TT,AA,CC,TT,CG,AA,CC,AA,AC,TT,TT,GG,GG,TT,AA,AC,AG,GG,CC,CC,GG,CC,GG,AT,AA,CC,TT,GG,CC,CG,AA,GG,CC,AA,CG,AA,AA,AA,CG,CC,TT,AA,GG,AA,AC,AC,AA,AA,GG,AG,AA,AT,GG,AA,AA,CC,AA,TT,AA,AA,GG,AG,GG,TT,AA,AA,TT,TT,TT,AG,AA,GG,GG,AA,6.37,Susceptible,Medium,Premium,Medium
L0310,Warangal,Telangana,Rabi,Black Cotton,Irrigated,410,26.5,60,AA,TT,GG,NN,GG,CG,GT,TT,CC,CG,AA,CC,CC,TT,TT,GG,CG,TT,TT,AG,CC,TT,TT,CC,TT,CC,GT,AT,GG,AA,TT,TT,AA,CC,GG,GG,GG,CG,GT,CC,TT,TT,AC,TT,AG,AG,CT,TT,CC,CC,GG,TT,AA,GG,CC,TT,AT,AA,GT,AC,AA,GT,TT,AG,TT,TT,CC,GG,TT,TT,AA,GG,CC,NN,AG,AC,AA,GG,TT,TT,GG,GG,GT,CC,AA,GG,AA,AA,CG,TT,CC,TT,CC,TT,TT,AG,CT,CC,GT,CC,CC,CC,GG,AA,TT,TT,CG,AA,AG,AC,CT,GG,TT,CG,TT,AC,AA,TT,CC,AG,CC,GG,CT,GT,TT,AA,CC,CC,AC,CC,AA,TT,CC,AA,CC,CT,AA,AT,AG,AA,GG,CC,CC,GG,AA,AG,AT,CC,GT,CC,CC,AA,AA,GG,GT,AG,CC,TT,TT,GG,CC,GT,TT,TT,GG,AA,NN,TT,TT,TT,GG,CC,AA,CT,CC,AA,CG,CC,AA,GG,AG,CC,TT,CC,GG,GG,GG,AT,AA,NN,TT,AC,GG,AA,AC,NN,GG,GG,AC,GG,TT,AA,AA,CC,GG,AA,CC,AA,AT,GT,TT,AA,AA,GG,TT,AT,GG,AT,GT,AA,GG,AA,TT,AA,TT,CC,NN,AA,CC,CT,CG,AA,CG,AG,CC,NN,CT,GT,GG,AT,AA,CC,AG,GG,CC,CC,GG,CC,GG,AT,AA,CC,TT,GG,CC,CC,AA,GG,CC,AT,CC,AA,AA,AC,CC,CC,AT,AA,GG,AA,AC,AA,AA,GG,AG,AG,AA,AT,CG,AA,AG,AC,AC,CT,AA,AA,GG,GG,GG,TT,AA,AA,TT,TT,TT,AA,TT,GG,GG,AA,7.15,Resistant,High,Poor,Late
L0311,Warangal,Telangana,Rabi,Black Cotton,Irrigated,410,26.5,60,CC,CT,GG,AG,GG,CC,GT,AT,CC,CC,AA,CC,CG,TT,GT,GG,CG,TT,TT,AA,CC,GT,TT,CC,TT,CC,GT,AT,GG,AA,TT,CC,AA,CC,GG,GG,GG,CC,GG,CC,TT,TT,AA,TT,AA,GG,TT,TT,CC,CC,GT,AA,AA,GG,CC,TT,AT,AC,GT,AA,AA,TT,AT,GG,TT,TT,CC,GG,TT,GT,AA,GG,AC,AA,GG,AA,AA,GG,GT,TT,GG,GG,GG,CC,AT,GG,AA,AT,CC,GT,AC,TT,CC,TT,TT,GG,CT,AC,GT,CC,CC,CG,AA,AA,TT,TT,GG,AA,AA,AC,CT,GG,TT,CC,GT,AA,AA,TT,CG,GG,CC,GG,CC,GT,TT,AA,CC,CC,CC,CC,AA,TT,AC,AC,CC,CT,AA,TT,AG,AA,CG,CC,CC,GG,AA,AA,AA,CC,GG,NN,CG,AA,AA,GG,TT,AG,AC,TT,CT,AG,CC,TT,GT,TT,CC,AA,GT,TT,AA,AT,GG,CC,AA,TT,CC,CC,CG,CC,AA,GG,AA,CC,TT,CG,GT,TT,GG,AT,AA,NN,GT,AC,GG,AC,CC,CG,NN,GG,AA,GG,TT,AA,AA,CC,GG,AT,CC,AT,AT,GG,TT,TT,AA,GG,GT,AA,CC,TT,GT,AT,GG,AA,TT,AA,TT,CC,TT,AA,CC,CT,GG,AA,CC,GG,CC,TT,CT,GT,GG,TT,AC,AC,AG,GG,CC,CC,GG,CC,GG,TT,AA,CC,GT,GG,CC,CG,AA,GG,CC,TT,CC,AA,AA,AC,CG,AA,TT,AA,GG,AA,AA,AC,AC,AG,AG,AA,AG,TT,GG,CC,AA,AC,AC,CT,AA,AA,CG,GG,GG,TT,AA,AA,TT,TT,TT,GG,TT,GG,CG,NN,5.79,Moderate,Low,Premium,Late
L0312,Warangal,Telangana,Rabi,Black Cotton,Irrigated,410,26.5,60,AC,TT,GG,AG,NN,CC,GG,TT,CC,CG,AA,CC,CG,TT,GT,GT,CG,TT,TT,AA,CC,NN,TT,CC,AT,CC,TT,AT,GG,AA,CC,CT,AA,AC,AG,CG,GG,CG,GG,CC,TT,TT,AA,TT,AG,GG,TT,AT,CC,AC,GG,AA,AA,GG,CC,TT,AA,AC,GT,AC,AA,GT,TT,AA,TT,TT,CC,GG,TT,GT,AG,TT,CC,AA,AG,AC,AA,AG,TT,TT,GG,GG,GG,CC,AA,GG,AA,AA,CC,GG,AC,TT,CC,TT,TT,GG,TT,CC,GT,CC,CC,CG,AG,AA,TT,TT,CC,AA,AA,AC,CC,GG,TT,CC,TT,AA,AC,TT,CG,GG,CC,GG,CT,GG,CT,AG,CC,CC,CC,CC,AA,TT,CC,AA,CC,CC,AA,TT,AA,AT,GG,CC,CC,GG,AA,AG,AA,CC,GG,CC,CC,AA,AG,GG,TT,GG,CC,TT,TT,GG,CC,GT,GT,TT,CG,AA,GT,TT,AA,TT,CG,CC,AG,CC,CC,CC,CG,AC,AA,GG,AG,CC,TT,CC,GT,TT,CC,AT,AA,NN,TT,CC,CG,AC,AC,CC,GG,GG,AA,CG,TT,AC,AG,NN,GT,AA,AC,AA,TT,GT,TT,AT,AA,GG,GT,AA,CG,AT,TT,AA,GG,AA,TT,AA,TT,CC,CT,AA,CC,TT,CC,AG,CC,AA,CC,AA,TT,TT,GG,TT,AA,AC,AA,GG,CC,CG,CG,CC,GG,TT,AA,CG,GT,GG,CC,CC,AT,GG,CC,AA,CC,AA,AG,AC,CC,CC,TT,AA,GG,AA,AA,AC,AA,AG,AG,AA,AA,AT,CG,AC,GG,CC,AC,TT,AA,AA,GG,GG,GG,TT,NN,AA,TT,NN,TT,AA,TT,NN,GG,AA,7.41,Susceptible,Low,Premium,Early
L0313,Warangal,Telangana,Rabi,Black Cotton,Irrigated,410,26.5,60,AA,TT,GG,AG,CG,CC,GT,TT,CG,CG,AT,CC,GG,AT,TT,GG,GG,TT,TT,AG,CG,TT,GT,CT,TT,NN,TT,AT,GG,AA,TT,CC,AA,CC,GG,GG,GT,CC,GG,CC,TT,CT,AA,TT,AA,AG,TT,TT,CC,AC,GT,AA,AA,CG,CT,TT,AA,AA,GT,AC,AA,TT,AT,AA,TT,AA,CC,GG,TT,GT,AA,GT,CC,AA,AG,AC,AA,GG,TT,TT,GG,GG,GT,CC,AA,GG,AA,AA,CC,GG,CC,TT,CC,AT,TT,GG,TT,AC,GT,CC,CC,CC,GG,AA,TT,GT,CC,AA,AG,AC,CC,GG,TT,CC,TT,AA,AA,TT,CC,GG,CG,GG,CC,GG,TT,AG,CT,CC,CC,CC,AA,TT,CC,AA,CC,CT,AA,TT,AG,AT,GG,CC,CC,GG,AA,AG,AT,AA,GG,CC,GG,AA,AA,AG,TT,NN,AA,TT,CT,GG,AA,GT,TT,TT,CC,AA,GT,TT,AA,TT,GG,CC,AG,CT,CC,CC,GG,CC,TT,GG,AA,CC,TT,CC,GT,TT,GG,TT,AG,AA,TT,AC,GG,AA,AC,CC,GG,AG,AC,CG,TT,AC,AA,CG,GG,AA,AC,AA,AA,GG,TT,TT,AT,CC,GG,AT,CC,AT,GT,AA,GG,AA,CT,AA,TT,CG,TT,AC,CC,CT,GG,AA,CC,GG,CC,TT,TT,TT,GG,TT,AA,CC,AG,GG,CG,CC,GG,CG,GG,TT,AG,CC,TT,GG,CC,CG,AA,GG,CC,AA,CC,AA,AA,CC,CC,AA,TT,AA,GG,AA,AC,AC,AC,GG,GG,AA,AA,TT,CG,AC,AG,AC,AA,TT,AA,AG,GG,AG,GG,TT,AA,AA,TT,TT,TT,NN,TT,GG,GG,AA,5.77,Susceptible,High,Poor,Late
L0314,Warangal,Telangana,Rabi,Black Cotton,Irrigated,410,26.5,60,AA,TT,GG,AG,GG,CC,GT,AT,CC,CC,AA,CT,GG,TT,TT,GG,GG,TT,TT,AA,CC,GT,TT,CC,TT,CC,TT,TT,GG,AA,TT,CC,AA,CC,GG,CG,GG,CG,GG,CC,TT,CT,AC,GT,AA,AG,TT,AT,CC,CC,GT,AA,AA,GG,CC,TT,AA,AA,GT,AC,AG,GT,AT,AA,TT,TT,CC,GG,NN,TT,GG,GG,CC,AA,GG,AC,AT,NN,TT,CT,GG,GG,GG,CC,AA,GG,AA,AA,CC,GT,AC,TT,CT,TT,TT,GG,TT,CC,TT,CC,CT,CC,AA,AA,TT,TT,CC,AA,AA,AA,CC,GG,GT,CC,TT,AA,AA,TT,CC,GG,CC,GG,CC,GT,TT,AG,CC,CC,CC,CC,AA,TT,CC,AA,AC,CC,AA,TT,AA,AA,GG,CC,CC,GG,AA,AA,AT,CC,GG,CC,CC,GG,AA,GG,TT,GG,AA,TT,CC,GG,CC,GT,TT,CT,CG,AT,TT,CT,AT,TT,GG,CC,AA,CC,CC,CC,GG,CC,AA,GG,AG,CC,TT,CC,GT,TT,CG,AT,AA,AA,GT,CC,GG,AA,CC,NN,GG,GG,AC,GG,TT,AC,AA,CG,GG,AT,CC,AA,AT,GG,TT,AT,AA,GG,GG,AT,CC,TT,GT,AA,GG,AA,CT,AA,AT,CC,CT,AA,CC,TT,GG,AA,CC,AA,CC,TT,TT,TT,GG,TT,AA,CC,AA,GG,CC,CC,GG,CC,GG,TT,AA,CC,GT,GG,CG,CC,AA,GG,CC,AT,CC,AA,AA,CC,GG,AC,AT,AA,GG,AA,AA,AC,AC,GG,AG,AA,AA,AT,GG,AA,AA,AC,AC,CT,AA,AA,GG,AG,GG,TT,AA,AG,TT,TT,TT,AG,AT,GG,GG,AA,6.9,Resistant,Low,Standard,Late
L0315,Warangal,Telangana,Rabi,Black Cotton,Irrigated,410,26.5,60,AC,CT,GG,NN,CG,CC,GG,TT,CC,GG,AA,CC,CG,TT,TT,GG,GG,TT,TT,AG,CG,GT,GT,CC,TT,CC,TT,TT,GT,AA,TT,CC,AA,CC,GG,GG,GG,CC,GG,CC,TT,CT,AA,TT,AA,AG,TT,AT,CC,CC,GG,NN,AA,GG,CC,TT,AA,AC,GT,AA,AA,GT,AT,AG,TT,TT,CC,GG,TT,GG,AA,NN,AC,AA,GG,AA,AT,GG,TT,TT,GG,GT,GG,CC,AT,GG,AA,AA,CG,TT,CC,TT,CC,TT,TT,GG,TT,CC,GT,NN,CC,GG,AA,AA,TT,TT,CG,AG,AA,AA,CT,GG,TT,CC,TT,AA,AA,TT,CC,AG,CC,GG,CC,GT,TT,NN,CT,CC,AC,GG,AA,TT,NN,AA,CC,CT,AA,AT,AA,AA,GG,CT,CC,NN,AG,AA,AA,CC,GG,CC,CC,AA,AG,NN,TT,GG,AA,GT,CC,AG,AC,TT,GT,TT,CC,AT,TT,TT,AA,TT,GG,CC,AA,CT,CC,NN,CG,CC,AA,GG,GG,CC,TT,CC,GG,GT,GG,AA,AA,AG,TT,CC,CG,AA,AC,CG,GG,GG,AC,CG,CT,AA,AA,CC,GG,AA,CC,AA,AA,GG,TT,AT,AT,GG,GG,AA,CC,AT,TT,AA,GG,AG,TT,AA,TT,CC,TT,AA,CC,NN,CG,AG,CC,AG,CC,TT,CT,TT,GG,TT,AC,CC,AG,GG,CC,CC,GG,CC,GG,AT,AA,CC,GT,GG,CC,CC,AA,GG,CC,TT,CC,AT,AA,CC,CG,CC,TT,AA,GG,AA,AA,CC,AA,GG,AG,AG,AA,TT,GG,AA,GG,CC,AC,TT,AA,AA,CG,GG,GG,TT,AT,AA,TT,TT,TT,AG,TT,GG,CG,AA,8.98,Susceptible,Medium,Poor,Medium
L0316,Warangal,Telangana,Rabi,Black Cotton,Irrigated,410,26.5,60,AA,TT,GG,AA,GG,CC,TT,TT,CC,CG,AT,CC,CG,TT,TT,GG,CG,TT,TT,AA,CC,TT,GG,CC,TT,NN,TT,TT,GG,AC,TT,CT,AA,CC,GG,GG,GG,CC,GG,AC,TT,TT,AA,NN,AA,AG,TT,TT,CC,AA,GT,AT,AA,CG,CC,TT,AT,AA,GG,AA,AG,TT,AT,AA,CT,TT,CC,GG,TT,GG,AA,GT,CC,AG,GG,AC,AA,GG,TT,TT,GG,GT,TT,CC,AA,GG,AA,AA,CC,TT,AC,TT,CC,TT,TT,GG,CT,CC,TT,CC,CC,CG,AG,AA,AT,TT,CC,AA,GG,AA,CC,GG,TT,CC,GT,AA,AA,AT,CG,GG,CC,AG,CC,GT,CT,AA,CT,CC,CC,CG,AA,TT,CC,AA,CC,CC,AA,TT,AA,AA,GG,CC,CC,GG,AA,AG,AA,CC,GT,CC,CG,AA,AA,GG,TT,GG,CC,GT,CT,NN,AA,TT,TT,TT,CC,AA,GT,TT,AA,TT,GG,CC,AG,TT,CC,CC,GG,CC,AA,GG,AG,CC,TT,CC,GT,TT,GG,TT,AA,AG,TT,CC,CG,AA,CC,CC,GG,GG,AC,CC,TT,AA,AA,CG,GG,AT,CC,AA,AA,GT,GT,TT,AT,CG,TT,AT,CC,AT,TT,AA,GG,AA,CT,AA,TT,CC,TT,AA,CC,CT,CC,GG,CG,AG,CC,TT,TT,TT,GG,TT,AA,CC,AA,GG,CC,CC,GG,CC,GG,AT,AA,CC,TT,GG,CG,CG,AA,GG,CC,AT,CC,AA,AA,AC,CG,CC,TT,AA,GG,AA,AA,CC,AC,AG,GG,AG,AA,TT,GG,AA,AG,AA,AC,CT,GG,AG,GG,GG,GG,TT,AT,GG,TT,TT,AT,AG,AA,GG,GG,AA,7.52,Susceptible,High,Poor,Late
L0317,Warangal,Telangana,Rabi,Black Cotton,Irrigated,410,26.5,60,AA,CT,GG,AG,GG,CG,GT,AT,CC,CG,AA,CC,CC,TT,TT,GG,CG,TT,TT,AG,CC,NN,TT,CC,TT,CC,TT,TT,GG,AA,TT,CC,NN,CC,GG,GG,GG,CG,GG,CC,GT,CT,AA,GT,AG,GG,TT,TT,CG,AA,GG,AA,AG,GG,CC,TT,AA,AA,GT,AC,AA,TT,TT,AG,TT,AT,CC,GG,CT,GG,AG,GT,CC,AA,GG,AC,AT,AG,TT,TT,GG,GT,GG,CC,AA,GG,AG,AA,CC,TT,CC,TT,CT,TT,TT,AG,TT,CC,GG,CC,CT,GG,GG,AA,TT,TT,CG,AA,AG,AC,CT,GG,TT,CC,TT,AC,AA,TT,CC,AG,CC,AG,CC,GT,CC,AA,CC,CC,CC,CC,AA,TT,CC,AA,CC,CT,AA,TT,AA,AA,CG,CT,CC,GG,AA,AA,AA,AC,GG,CC,CC,AG,AA,GG,TT,GG,AC,GT,CC,AG,CC,TT,TT,TT,NN,AT,TT,CT,TT,TT,GG,CC,AG,CC,CC,CC,GG,CC,AA,GG,AG,CC,TT,CC,GG,TT,CG,AT,AG,AA,TT,CC,GG,AA,CC,CC,GG,GG,AA,GG,TT,AC,AA,NN,GG,AA,CC,AA,AA,GG,TT,AT,AA,CG,GG,AA,CC,AT,GT,AA,GG,AA,TT,AA,TT,CC,CT,AC,CC,CT,GG,AA,CC,AG,AC,TT,TT,TT,GG,NN,AC,CC,AG,GG,CC,CC,GG,CC,GG,TT,AA,CC,GT,GG,CC,CG,AA,NN,CC,NN,CC,AT,AA,AC,CC,AA,TT,AA,GG,AA,AA,AC,AC,AG,AG,AA,AA,TT,GG,CC,AG,AC,AA,TT,AG,AA,GG,GG,GG,TT,AT,AG,TT,TT,TT,AG,AA,GG,GG,AC,7.43,Resistant,Low,Premium,Late
L0318,Warangal,Telangana,Rabi,Black Cotton,Irrigated,410,26.5,60,NN,CT,AG,AA,GG,CC,GT,AT,CC,CG,AT,TT,CG,AT,TT,GT,GG,TT,TT,AG,CC,GT,GG,CT,TT,CC,TT,TT,GT,AA,TT,NN,AA,CC,GG,GG,GG,CC,NN,CC,TT,CT,AA,TT,AA,AG,CT,TT,CC,AC,GG,NN,AA,GG,CC,TT,AA,AC,GT,AA,AA,TT,AT,AA,TT,TT,CC,GG,TT,GT,AA,GT,CC,AA,GG,AA,TT,GG,TT,TT,GG,GG,GG,CC,AA,AG,AA,AT,CC,GT,AC,TT,CT,TT,TT,AG,TT,CC,TT,CC,CC,GG,AG,AA,TT,TT,CC,AA,GG,AA,CT,GG,TT,CC,TT,AC,AC,TT,CC,GG,CC,GG,CC,GT,CT,NN,CC,CC,CC,CC,AA,TT,CC,AA,CC,CT,AA,TT,AA,NN,CG,CT,CC,GG,AA,AA,AA,CC,GG,CC,CC,AA,AA,GG,GT,GG,AA,TT,CT,GG,AC,GT,NN,CT,CC,AT,TT,TT,AA,AT,GG,CG,AG,CT,CC,CC,GG,CC,AA,GG,AG,CC,TT,CC,GT,TT,CC,TT,AA,AA,TT,CC,GG,AA,AC,CG,GG,GG,AC,CG,TT,AA,AG,CG,GT,AA,CC,AA,AA,GT,TT,AT,AA,GG,GT,AT,GG,AT,TT,AA,GG,AA,CT,AA,TT,CC,TT,AA,AC,CT,GG,AA,CG,AG,CC,AT,CT,TT,GG,TT,AA,AA,AG,GG,NN,CC,GG,CC,GG,TT,AA,CC,TT,GG,CG,CG,AA,AG,CG,AT,CC,AA,AA,AC,CG,CC,TT,AA,GG,AA,AA,AA,AA,GG,AA,AG,AA,TT,GG,AA,AA,AA,AA,CT,AA,AA,GG,GG,CG,TT,AT,AA,TT,TT,TT,AA,TT,GG,GG,AA,6.9,Moderate,Low,Poor,Early
L0319,Warangal,Telangana,Rabi,Black Cotton,Irrigated,410,26.5,60,AC,TT,GG,AG,GG,CC,GG,TT,CC,CC,AA,CC,GG,AT,TT,GG,GG,TT,TT,AA,CC,GT,TT,CC,AT,CC,TT,AT,GG,AA,TT,CC,AA,CC,GG,CG,GG,CC,GG,CC,TT,CC,AA,GT,AA,GG,TT,TT,CC,AC,GT,AA,AG,GG,CT,TT,AA,AA,GG,AC,AA,TT,AT,AA,TT,TT,CC,GG,TT,GG,AA,GG,CC,AA,GG,CC,AT,GG,GT,TT,GG,GG,GG,CC,AA,GG,AA,AA,CC,GT,CC,TT,CT,TT,GT,GG,TT,CC,TT,CC,CC,CG,GG,AA,TT,TT,CG,AA,AA,AA,CT,GG,TT,CG,GT,AC,AA,TT,CG,GG,CC,GG,CT,GG,CT,AA,CC,CC,CC,CC,AA,GT,CC,AA,AC,CC,AA,TT,AA,AA,CG,CC,CC,GG,AA,AA,AA,CC,GG,CC,CC,AG,AA,GG,TT,GG,AA,TT,TT,GG,CC,TT,GT,CT,CC,AT,TT,TT,AA,TT,GG,CC,AA,CC,CC,CC,CG,CC,AA,GG,AG,CC,TT,CC,GT,TT,CG,AT,AA,AG,TT,AC,CG,AA,AC,CC,GG,GG,AC,GG,TT,AC,AA,CC,GG,AA,AC,AT,AT,GG,TT,TT,AA,GG,GT,AA,CC,TT,TT,AA,GG,AA,CT,AA,TT,CC,TT,AA,AC,TT,CC,GG,CC,AA,CC,TT,TT,GT,GG,TT,AA,AC,AG,GG,CC,CG,GG,CC,GG,AT,AA,CC,TT,GG,CG,CC,AT,GG,CC,AA,CC,AA,AA,AC,GG,AC,TT,AA,GG,AA,AA,AA,AA,GG,GG,AG,AG,AT,GG,AC,AG,CC,AA,CC,AA,AG,NN,GG,GG,GT,AA,AA,TT,TT,TT,AA,TT,GG,GG,AA,6.42,Moderate,Low,Premium,Early
L0320,Warangal,Telangana,Rabi,Black Cotton,Irrigated,410,26.5,60,AA,TT,GG,AA,GG,NN,GG,AA,NN,GG,AA,CC,CG,TT,TT,GT,GG,TT,TT,AG,CC,TT,GT,CC,NN,CC,GT,TT,GG,AA,NN,CC,AA,CC,GG,GG,GG,CC,GG,CC,GT,CT,AA,TT,AA,AG,TT,AT,CC,CC,GT,AT,AA,GG,CC,GT,AA,AA,GT,AC,AA,TT,AA,GG,CT,NN,CC,GG,TT,GG,AG,GG,CC,AA,GG,AC,AT,GG,TT,TT,GG,GG,GT,CC,AA,NN,AA,AT,CC,GG,CC,TT,CT,TT,GT,GG,TT,CC,TT,CT,TT,CC,GG,AA,TT,TT,CC,AA,GG,AA,CC,GG,TT,CC,GT,AA,AC,TT,CC,AG,CC,GG,CC,GG,CT,AA,CC,CC,CC,CC,AA,TT,AA,AA,CC,CC,AA,TT,AA,AA,GG,CT,CC,GG,AA,GG,AA,CC,GG,CC,CC,AA,AG,AG,GT,GG,CC,GT,CT,AG,AC,GG,TT,TT,CC,AT,GT,TT,AA,AT,CG,CC,AA,CC,CC,CC,CG,CC,AT,GG,AA,CC,TT,CC,GT,TT,GG,AT,AA,AA,GT,CC,CG,AA,CC,CC,GG,GG,AC,CC,TT,AC,AA,CC,GG,AA,AC,AA,AT,GG,GT,AT,AA,GG,GG,AA,CC,AT,TT,AA,GG,AG,TT,AA,TT,CG,TT,AC,CC,TT,GG,AG,CC,AA,NN,TT,CT,GT,GG,TT,CC,CC,AG,GG,CC,CC,GG,CG,GG,TT,AA,CC,TT,AG,CC,CC,AT,AG,CC,AA,CC,AA,AA,CC,CG,AC,TT,AA,GG,AA,AA,AA,AA,AG,AG,AG,AA,TT,GG,AA,AG,AA,AA,TT,AA,AA,GG,AG,GG,GT,AA,GG,TT,TT,TT,AG,TT,GG,CG,AA,4.42,Resistant,Low,Poor,Medium
L0321,Warangal,Telangana,Rabi,Black Cotton,Irrigated,410,26.5,60,AC,TT,GG,AA,GG,CG,GG,AT,CC,CG,AA,CC,CC,AT,TT,GG,CG,TT,TT,NN,CC,TT,GG,CC,TT,CC,GT,TT,GG,AA,TT,CT,AA,CC,GG,CG,GG,CC,GG,CC,TT,TT,AC,GT,AG,GG,CT,TT,CG,CC,GT,AA,AG,GG,CC,NN,AT,AC,NN,AA,AA,GT,TT,AA,CT,TT,CC,GG,TT,GT,AA,GG,CC,AA,GG,AC,AT,GG,TT,TT,GG,GG,GG,CC,AA,GG,AA,AA,CC,GT,CC,TT,CT,NN,TT,GG,TT,CC,TT,CC,CC,GG,AA,AA,AT,TT,CC,AA,AG,AA,CC,GG,TT,CC,TT,AA,AA,TT,CC,AG,CG,GG,CC,GG,TT,AG,CC,CC,CC,CC,AA,TT,CC,AA,CC,CC,AA,TT,AG,AT,GG,CT,CC,GG,AA,AA,AA,AC,GG,CC,CC,NN,AA,AG,TT,GG,AC,TT,TT,GG,CC,GG,NN,TT,CG,AT,TT,CT,AT,AT,CG,CG,GG,CC,CC,CC,GG,CC,AA,GG,AG,CC,TT,CC,GT,TT,GG,TT,AA,AA,TT,CC,GG,AA,AC,CC,GG,GG,AC,GG,TT,AC,AA,CC,GG,AT,CC,AA,AA,GT,TT,AA,AA,NN,GT,AA,CC,TT,GT,AA,GG,AA,TT,AA,TT,CC,CT,AC,CC,TT,CG,AG,CC,GG,CC,TT,CT,TT,GG,TT,AA,CC,AA,GG,CC,CC,GG,CC,GG,TT,GG,CC,GT,GG,CG,CC,AA,AG,CC,AT,CC,AA,AA,AC,CC,AC,TT,AG,GG,AA,CC,AA,AA,AG,AA,AA,AA,TT,GG,AA,AG,AC,AA,CT,AA,AA,GG,AG,GG,TT,AA,AA,TT,TT,TT,AG,TT,GG,GG,AA,5.91,Susceptible,Medium,Premium,Medium
L0322,Warangal,Telangana,Rabi,Black Cotton,Irrigated,410,26.5,60,AA,CT,GG,AG,GG,CC,GT,TT,CC,CG,TT,CT,CC,TT,TT,GT,CG,TT,TT,AA,CC,TT,GT,CC,TT,CT,TT,TT,GG,AA,TT,CT,AG,CC,GG,GG,GG,CC,GG,CC,TT,TT,AA,TT,AA,GG,TT,AT,CC,AC,GG,AA,AA,GG,CT,TT,AA,AA,GT,AA,AA,TT,AT,AA,CT,TT,CC,GG,TT,GG,AG,GG,CC,AA,GG,AC,AA,GG,TT,TT,GG,TT,GG,CC,AA,GG,AA,AA,CC,GT,CC,TT,CC,TT,GT,GG,CC,CC,TT,CC,CC,CG,GG,AA,AT,TT,CC,AA,AA,AA,CC,GG,TT,CG,NN,AA,AA,TT,CC,GG,CC,GG,CC,GG,TT,AA,CC,CC,CC,CC,AA,TT,CC,AA,CC,CC,AA,TT,AA,AA,CG,CT,CC,GG,AG,AG,AA,CC,GG,CC,CC,AA,AA,GG,TT,NN,AC,TT,CT,AG,CC,TT,GT,TT,CC,AT,TT,TT,AA,AT,GG,CC,AG,CC,CC,CC,GG,CC,AA,GG,AG,CC,TT,CC,GT,GT,CC,AT,AA,AG,TT,NN,GG,AA,AC,CC,GG,AG,AC,GG,TT,AC,AA,CC,GT,AA,CC,AA,AA,GG,GT,TT,AA,CG,GT,AA,CC,AT,TT,AA,GG,AG,TT,AC,TT,CC,TT,AC,CC,CT,CC,AA,CC,AG,CC,TT,TT,GT,GG,TT,AA,AC,GG,GG,CC,CC,GG,CC,GG,AT,AA,CG,TT,GG,CC,CG,AA,AG,CC,AA,CG,AT,AA,CC,CC,CC,NN,AA,GG,NN,AA,AC,AA,GG,AG,AG,AG,TT,GG,AA,AG,NN,AA,TT,AA,AG,GG,GG,GG,TT,AA,AA,TT,TT,TT,AA,TT,GG,GG,AA,8.09,Susceptible,Medium,Premium,Early
L0323,Warangal,Telangana,Rabi,Black Cotton,Irrigated,410,26.5,60,AA,TT,GG,AG,GG,CC,GT,TT,CC,CG,AT,CC,CC,AT,TT,GG,GG,TT,TT,AG,CC,TT,TT,CC,TT,CC,TT,AT,GG,AA,TT,CC,AA,CC,GG,CG,GG,CC,GG,CC,TT,CT,AA,GT,AA,AG,TT,TT,CC,CC,NN,AA,AA,GG,NN,TT,AA,AA,GT,AA,AG,GT,AT,GG,CT,TT,CC,GG,TT,GG,AA,GG,CC,AA,GG,AA,AA,GG,TT,TT,GG,GG,GG,CC,AT,GG,AA,AT,CC,TT,AC,TT,CC,TT,GG,GG,TT,CC,GT,CC,CT,CC,GG,AA,TT,TT,CC,AA,AG,AA,CC,GG,TT,CG,TT,AA,AA,TT,CG,AG,CC,GG,CC,GG,CT,AA,CC,CC,CC,CC,AG,TT,CC,AA,CC,CC,AA,AA,AA,AA,GG,CC,CC,GG,AG,AA,AT,AC,TT,CC,CC,AA,NN,GG,TT,GG,AA,GT,TT,GG,CC,GT,GT,TT,CC,AA,TT,TT,AA,AT,GG,CC,AA,CC,CC,AC,GG,CC,AA,GG,AA,CC,TT,CG,GG,GT,CG,AT,AA,AG,TT,CC,GG,AA,CC,CG,GG,GG,AC,GG,TT,AC,AG,CC,GG,AA,CC,AA,AT,GG,TT,AT,TT,CG,TT,AT,CC,TT,GT,AA,GG,AA,TT,AA,TT,CC,TT,AA,NN,TT,CG,AG,CG,GG,CC,TT,NN,GT,GG,TT,AA,CC,AG,GG,CC,CC,CG,CC,GG,TT,AA,NN,TT,GG,CC,CC,AA,AG,CC,AT,CC,AA,AA,CC,CC,AA,TT,AA,CG,AA,AA,AC,AA,AG,AG,AA,AA,TT,GG,AC,AG,AC,CC,CT,AA,AA,CG,GG,GG,TT,AA,AA,GT,TT,TT,AG,AT,GG,GG,AA,6.7,Moderate,Low,Standard,Early
L0324,Warangal,Telangana,Rabi,Black Cotton,Irrigated,410,26.5,60,AC,TT,GG,AG,GG,CC,GG,AT,CC,CC,AA,CC,CC,TT,TT,GG,CG,TT,TT,AA,CC,GT,TT,CC,TT,CC,TT,TT,GG,AA,CT,CC,AA,CC,GG,GG,GG,CC,GG,CC,TT,CT,AA,TT,GG,GG,CT,TT,CG,AA,GG,AA,AA,GG,CT,TT,AA,AC,GT,NN,AG,GT,AT,AA,CT,TT,CC,GG,TT,TT,AG,GT,CC,AA,GG,AA,AA,GG,TT,TT,GG,GT,GG,CC,NN,AG,AA,AA,CC,GT,CC,TT,CC,TT,TT,GG,TT,AC,GT,CC,CC,CC,GG,AA,TT,TT,CC,AA,AA,AA,CC,GG,TT,GG,TT,AC,AC,TT,CC,GG,CC,GG,CC,GT,CT,AA,CC,CC,CC,CC,AA,TT,CC,AA,CC,CC,AA,TT,AG,AA,GG,CC,CC,GG,AA,AG,AA,CC,GG,CC,CC,AA,AG,GG,TT,AG,CC,TT,CT,GG,AC,GT,TT,TT,CG,AT,GT,CC,AA,TT,GG,CC,AA,CT,CC,CC,CG,AC,AA,GG,GG,CC,TT,CG,GG,GT,GG,AT,AA,AA,TT,CC,GG,AA,CC,CG,CG,GG,AA,GG,TT,AC,AA,CC,GG,AA,AC,AA,AA,GT,NN,TT,AA,GG,GT,AT,CC,TT,GG,AA,GG,AA,NN,NN,TT,CG,NN,AA,CC,NN,GG,AG,CC,AA,CC,TT,TT,TT,GG,TT,AA,AC,AA,GG,CC,CG,GG,CG,GG,AT,AA,CC,TT,GG,CC,CG,AA,AG,CC,AA,CC,AA,AA,CC,CG,CC,TT,AA,CG,AA,AA,AA,AA,GG,AA,AA,AA,TT,GG,CC,AG,CC,AA,CC,AA,AA,GG,GG,GG,TT,AA,AA,TT,TT,TT,AA,TT,GG,CG,AA,5.88,Moderate,Low,Poor,Late
L0325,Warangal,Telangana,Rabi,Black Cotton,Irrigated,410,26.5,60,AA,TT,AG,AG,CG,CC,GT,AT,CC,CG,AA,CC,CG,TT,GG,GG,GG,TT,TT,AA,CC,TT,TT,NN,TT,CC,TT,TT,GG,AA,CC,CC,AA,CC,GG,GG,GG,CG,NN,CC,TT,TT,AC,TT,AA,NN,TT,AT,CC,NN,GG,AT,AA,GG,CC,GG,AA,AA,GT,CC,AA,TT,AA,AA,CT,TT,CC,GG,TT,GT,AA,GG,AC,AA,NN,AC,AT,GG,TT,TT,GG,GG,GG,CC,AA,GG,AA,AT,CC,GT,CC,TT,TT,TT,GT,GG,TT,CC,TT,CC,CC,CC,GG,AA,TT,TT,CC,NN,AG,AA,CC,GG,TT,CC,TT,AA,NN,TT,CC,AG,CC,GG,CC,GG,CT,AA,CC,CC,CC,CC,AA,TT,CC,AA,CC,CC,AG,AT,AA,AA,GG,CC,CC,GG,AA,GG,AA,CC,GT,CC,CG,AA,AA,GG,TT,GG,AA,TT,TT,GG,AC,TT,GT,CT,CG,TT,TT,CT,AA,AT,GG,CG,AG,CT,CC,CC,GG,CC,AA,GG,AG,CC,TT,CC,GG,GT,GG,AA,AG,AA,TT,CC,CG,AA,CC,CC,GG,GG,AA,CG,TT,AA,AA,CC,GG,AT,CC,AA,AT,GT,TT,AT,AA,CG,GG,AA,CC,AT,GT,AA,GG,AA,TT,AA,TT,GG,TT,AA,CC,TT,CG,AG,CG,GG,CC,TT,TT,TT,GG,TT,AA,AC,AG,NN,CG,GG,GG,CC,GG,TT,AA,CC,TT,GG,CC,CC,AA,GG,CC,NN,CC,AA,GG,CC,CC,AC,TT,AA,GG,AA,AC,AA,AA,GG,NN,AA,AA,AT,GG,AA,GG,AA,AA,TT,AA,AA,GG,GG,GG,GT,AA,AG,TT,TT,TT,AA,AT,GG,GG,AA,7.3,Moderate,Low,Standard,Early
L0326,Warangal,Telangana,Rabi,Black Cotton,Irrigated,410,26.5,60,AC,TT,GG,GG,CG,CG,GG,TT,CC,CG,AA,CT,CG,AT,TT,GG,CG,TT,TT,AA,CC,GT,GG,CT,TT,CC,GT,TT,GG,AA,TT,CC,AA,CC,GG,GG,GG,CG,GG,CC,TT,TT,AA,GG,AG,AG,TT,TT,CC,AC,GG,AA,AG,GG,CT,GT,AA,AC,GT,NN,AG,TT,TT,AA,TT,AT,CC,GG,TT,GG,AA,GG,CC,AA,GG,AC,AA,GG,TT,TT,GG,GT,GG,CC,AA,GG,AA,AA,CC,TT,CC,TT,CT,TT,GT,GG,TT,CC,TT,CC,CC,CG,GG,AA,TT,GT,CC,AA,AA,AC,CC,GG,TT,CC,TT,AA,AA,TT,CC,AG,CC,GG,CT,GT,TT,AA,CC,CC,CC,CC,AA,GT,AC,AC,CC,CC,AA,TT,AA,AT,GG,CC,CC,GG,AA,AA,AA,CC,GG,CC,CC,AA,AA,GG,TT,GG,AC,TT,TT,GG,AC,TT,GT,TT,CC,AA,TT,CT,AA,TT,GG,CC,AA,CC,CC,CC,CG,CC,AA,GG,AG,CC,TT,CC,GT,TT,CG,AT,AG,AA,TT,CC,GG,AA,AC,CC,GG,GG,AA,GG,TT,AC,AA,CC,GG,AA,CC,AT,AT,GG,TT,AT,AT,GG,GG,AT,CG,AT,TT,AA,GG,AA,CT,AA,TT,CC,TT,AC,CC,TT,GG,AA,CC,AG,CC,TT,CT,GT,GG,AT,AA,AC,AG,NN,CC,CG,GG,CC,GG,AT,AA,CC,TT,GG,CC,CC,AT,GG,CC,AA,CC,AA,AA,AC,CG,NN,NN,AA,CG,AA,AA,AC,AA,AG,AA,AG,AA,TT,GG,AC,AA,AC,AA,CC,NN,AA,NN,GG,GG,TT,AA,AA,GG,TT,TT,AA,NN,GG,GG,AA,7.79,Susceptible,Medium,Poor,Late
L0327,Warangal,Telangana,Rabi,Black Cotton,Irrigated,410,26.5,60,AA,TT,GG,AG,CG,CG,GG,AA,CC,GG,AA,CC,CC,AT,TT,GG,CG,TT,TT,GG,CC,TT,TT,CC,TT,CT,TT,AT,GG,AA,TT,NN,AA,CC,GG,GG,GG,CC,GG,CC,TT,CT,AA,GT,AA,AG,TT,AT,CC,AA,GT,AA,AA,GG,CC,TT,AA,AA,GT,AA,AA,TT,AT,AG,TT,TT,CC,GG,TT,GG,AA,GG,AC,AA,GG,AA,AT,GG,GT,TT,AG,GT,GG,NN,TT,GG,AA,AA,CG,GG,AC,TT,CT,TT,GT,AG,TT,CC,TT,CT,CC,GG,AG,AA,AT,TT,CC,AA,AA,AA,CT,GT,TT,CG,TT,AA,AA,TT,CC,AG,CC,AG,CC,GT,CT,AG,CC,CC,CC,CC,AA,TT,CC,AA,CC,CC,AA,TT,AG,AA,GG,CC,CC,GG,AA,AG,AT,CC,GG,CC,CC,AA,AG,GG,TT,AG,AA,TT,TT,GG,AC,NN,TT,TT,CG,AA,TT,TT,AT,TT,GG,CC,AG,NN,CC,CC,CG,CC,AA,GG,AG,CC,TT,CC,GG,TT,GG,AT,AA,AA,TT,CC,GG,AA,CC,CC,GG,GG,AA,GG,TT,AC,AA,CG,GG,AA,AC,NN,AT,GG,TT,TT,AA,GG,GG,AT,CG,TT,TT,AA,GG,AA,TT,AA,TT,CC,CC,AA,CC,TT,GG,AA,CC,AG,CC,TT,CT,TT,GG,TT,CC,CC,AA,GG,CC,CG,GG,CC,GG,TT,AA,CG,GT,GG,CC,CC,AT,AG,CG,AT,CC,AT,AA,CC,CG,AA,TT,AA,GG,AA,AA,CC,AC,GG,AG,AA,AA,TT,GG,AC,AG,CC,NN,CT,AA,AA,GG,AG,GG,TT,AA,AA,GT,TT,TT,AG,AT,GG,CG,AA,5.8,Susceptible,Low,Poor,Late
L0328,Warangal,Telangana,Rabi,Black Cotton,Irrigated,410,26.5,60,AA,TT,GG,GG,GG,CC,GT,AT,CC,GG,AA,CC,CG,AT,GT,GG,GG,TT,TT,AA,CG,GT,GT,CT,TT,CC,TT,TT,GG,AA,CT,CC,AA,CC,GG,GG,GG,CG,GG,CC,TT,CT,AA,TT,AA,AG,TT,AT,CC,CC,GG,AT,AA,GG,CC,GT,AA,AC,TT,AA,AA,TT,TT,GG,TT,TT,CC,GG,TT,GG,AA,GG,CC,AA,GG,AC,AT,GG,TT,TT,GG,GG,GT,CC,AA,GG,AA,AT,CG,GT,CC,TT,CC,NN,TT,GG,CT,CC,GT,CC,CC,CC,AG,AA,TT,TT,CC,AA,GG,AA,TT,GG,TT,CC,GT,AA,AA,TT,CC,AG,CC,AG,CC,GG,CT,AA,CT,CC,CC,CG,AA,TT,AC,AA,CC,CT,AA,TT,AG,AA,CG,CT,CC,GG,AA,AA,AT,CC,GG,CC,CC,AA,AG,AG,TT,GG,AA,TT,TT,GG,CC,TT,TT,CT,CC,AT,GT,TT,AA,TT,GG,CC,AG,TT,CC,CC,GG,AC,AA,GG,AA,CC,TT,CG,GT,GT,GG,AA,AA,AA,TT,AC,GG,AA,AC,CC,GG,GG,AA,GG,TT,NN,AA,CC,GG,AT,CC,AA,AA,GG,TT,TT,AT,GG,TT,AT,CG,TT,TT,AA,GG,AA,CT,AA,TT,CC,TT,AA,CC,TT,GG,AG,CC,GG,CC,TT,TT,TT,GG,TT,AA,CC,AG,GG,CC,CG,GG,CC,GG,AA,AA,CC,TT,GG,CC,CC,AA,GG,CC,AA,CG,AA,AA,CC,CC,CC,TT,AA,GG,AA,NN,AC,AA,AA,AG,AA,AA,TT,GG,AC,AA,AC,AC,TT,AA,AA,GG,GG,GG,TT,AA,AA,GT,TT,TT,GG,AT,GG,GG,AA,8.46,Susceptible,Medium,Poor,Early
L0329,Warangal,Telangana,Rabi,Black Cotton,Irrigated,410,26.5,60,NN,TT,AG,AG,CG,CC,GG,NN,CG,CG,AA,CC,CC,AT,TT,GT,CG,TT,TT,AA,CG,GT,TT,CC,TT,CC,TT,TT,GT,AA,TT,CC,AA,CC,GG,GG,NN,GG,GG,CC,TT,CT,AA,TT,AA,AG,TT,TT,CC,AC,GG,AA,AA,GG,CC,TT,AA,AC,GG,AC,AG,TT,AT,AG,CT,TT,CC,GG,TT,GG,AA,GG,CC,AA,GG,AC,AA,GG,TT,TT,GG,GG,GT,CC,AA,GG,AA,AA,CC,TT,CC,TT,CT,TT,TT,GG,TT,CC,GT,CC,CC,CG,GG,AA,TT,TT,CC,AA,AG,AC,CT,GG,TT,CG,TT,AA,AA,TT,CC,GG,CC,GG,CC,GG,TT,GG,CC,NN,CC,CC,AA,TT,CC,AA,CC,CC,AA,AT,AA,AT,GG,CC,CC,GG,AA,AG,AA,CC,GT,CC,CC,AG,AA,GG,TT,GG,AA,TT,CC,GG,AC,TT,GT,TT,CC,AA,TT,TT,AT,TT,GG,CC,AA,CT,CC,CC,CG,CC,AA,GG,AA,CC,TT,CC,GG,TT,GG,TT,AA,AA,TT,CC,CG,AA,CC,CC,GG,AG,AA,GG,NN,AA,AA,CC,GG,AA,AC,AA,AT,GG,GT,TT,AT,GG,TT,AA,CG,TT,TT,AA,GG,AG,TT,AA,TT,CC,TT,AA,CC,NN,GG,AA,CG,AG,NN,TT,TT,TT,GG,TT,AC,CC,AA,GT,CC,CC,GG,CC,GG,TT,AA,CG,GT,GG,CC,CC,AA,GG,CG,AT,CC,AA,AA,AA,CG,AC,TT,AA,GG,AA,AC,AC,AA,AG,GG,AA,AA,TT,GG,AC,AG,AC,CC,CT,AA,AA,GG,GG,GG,TT,AA,AG,GT,TT,TT,AA,AA,GG,GG,AA,5.67,Moderate,High,Poor,Early
L0330,Warangal,Telangana,Rabi,Black Cotton,Irrigated,410,26.5,60,AC,TT,AG,AG,GG,CC,GG,AT,CC,CC,AA,CC,CG,AT,GT,GG,CG,TT,TT,AA,CC,TT,TT,CC,TT,CC,TT,TT,GG,AA,TT,CT,AA,CC,GG,GG,GG,CG,GG,CC,TT,TT,AC,GG,AG,AG,TT,TT,CC,AC,NN,AA,AA,GG,CC,GT,AA,AA,GT,NN,AA,TT,TT,GG,TT,AT,CC,GG,TT,GG,GG,GG,CC,AA,GG,AA,AT,GG,TT,TT,GG,GG,GG,CC,AA,GG,AA,AT,CC,TT,CC,TT,CC,TT,TT,AG,TT,CC,NN,CC,CC,CG,AG,AA,AT,TT,CG,AA,AA,AA,CC,GG,TT,CC,TT,AC,AA,TT,CG,AG,CC,GG,CC,GT,CC,AA,CC,CC,CC,CC,AA,TT,AC,AA,CC,CT,AA,TT,AA,AA,GG,CT,CG,NN,AA,AG,AA,CC,GG,CC,CC,AA,AA,AG,TT,AG,AC,TT,CT,GG,AC,GT,TT,TT,CC,AA,GT,TT,AA,AT,GG,CC,AG,CT,AC,CC,CG,CC,AA,GG,AG,CC,TT,CC,GG,TT,GG,TT,AA,AA,TT,AC,CG,AA,CC,CC,GG,GG,AC,GG,TT,CC,AG,CC,GG,AA,AA,AA,AT,GG,TT,AT,AA,GG,GG,AA,CC,NN,TT,AA,GG,AA,CT,AA,TT,CC,TT,AC,AC,TT,GG,AG,CC,AG,CC,TT,CT,GT,GG,TT,AA,AC,AA,GG,CG,CC,GG,CC,GG,AT,AA,CC,TT,GG,CC,CC,AA,AG,CC,AA,CC,AA,AA,AC,CC,CC,AT,AA,GG,AT,AA,AA,AA,GG,AA,AG,AA,TT,GG,AC,AA,NN,AC,CT,AA,AA,GG,GG,CG,GT,AA,AA,TT,TT,TT,AG,TT,GG,GG,AA,7.55,Susceptible,Low,Poor,Late
L0331,Warangal,Telangana,Rabi,Black Cotton,Irrigated,410,26.5,60,AA,TT,AG,AG,CG,CC,GG,TT,CC,CG,AA,CC,CC,AT,GG,GG,CG,TT,TT,AA,CC,TT,TT,CC,TT,CC,TT,NN,NN,NN,TT,CC,AA,CC,GG,CG,NN,CG,GG,CC,TT,CC,AA,TT,AG,GG,CT,TT,CC,CC,GT,AA,AA,GG,CC,TT,AA,AA,NN,AA,AA,GT,TT,AA,TT,TT,CC,GG,TT,GG,AA,GG,CC,AA,AA,AC,AT,GG,TT,TT,GG,GG,GG,CC,AT,GG,AA,AA,CC,GG,AC,TT,CT,TT,TT,GG,CT,CC,TT,CC,CT,CC,AG,AA,TT,TT,CG,AA,AG,AC,CC,GG,GT,CC,TT,AC,AC,NN,CC,GG,CC,GG,CC,GT,CT,AG,CC,CC,CC,CC,AA,TT,CC,AA,AC,CC,AA,TT,AG,AA,GG,CC,CC,GG,AA,AG,AA,NN,GT,CC,CC,AG,AA,AG,TT,GG,AA,TT,TT,GG,CC,GG,GT,CT,CG,AA,TT,TT,AA,TT,GG,CC,AG,CC,CC,CC,CG,CC,AA,GG,AA,CC,TT,CC,GT,GT,GG,AT,AA,AA,TT,AC,GG,AA,CC,CC,GG,GG,AA,GG,TT,AC,AG,CC,GT,AA,CC,AT,TT,GT,TT,TT,AA,GG,GG,AT,CC,AT,TT,AA,GG,AA,TT,AA,TT,CC,TT,AA,CC,TT,GG,AA,CC,GG,AC,TT,CT,TT,GG,TT,AA,AC,AG,GG,CC,CC,GG,CC,GG,AA,AA,CC,GT,GG,CG,CG,AA,GG,CG,AA,CC,AT,AA,AA,CC,AA,TT,AA,GG,AA,AA,AA,AC,GG,AA,AA,AA,TT,GG,AA,AA,AC,AA,TT,AA,AG,GG,GG,CG,TT,TT,AA,TT,TT,TT,NN,AA,GG,NN,AC,9.24,Resistant,Low,Premium,Late
L0332,Warangal,Telangana,Rabi,Black Cotton,Irrigated,410,26.5,60,AC,TT,GG,AG,GG,CC,GG,AT,CC,CC,AT,CC,CC,TT,GT,GT,CG,NN,TT,AG,CC,TT,TT,CT,TT,CC,TT,AT,GG,AA,TT,CT,AA,CC,GG,CG,GG,CC,GG,CC,TT,CT,AA,TT,AA,GG,TT,TT,CC,CC,TT,AT,AA,GG,CC,TT,AA,AA,GT,AA,AA,TT,AT,AG,TT,TT,CC,GT,CT,GG,AA,GG,CC,AG,GG,AA,AT,GG,GT,TT,GG,GG,GG,CC,AA,GG,AA,AA,CC,TT,AC,TT,CT,TT,GT,GG,CT,CC,GT,CC,TT,CG,NN,AA,TT,TT,CC,AA,AA,AA,CT,GG,TT,CC,TT,AA,AA,TT,CC,AG,CG,NN,TT,GT,TT,AG,TT,CC,AC,CC,AG,TT,CC,AA,CC,CC,AG,TT,AA,AT,CG,CC,CC,GG,AA,GG,AT,CC,GG,CG,CC,AA,AA,AG,TT,GG,NN,TT,CT,GG,CC,GT,TT,TT,CC,AA,TT,NN,AA,TT,GG,CC,AG,CT,CC,CC,GG,CC,AA,GG,AA,CC,TT,CC,GG,TT,CG,AT,AG,AA,TT,AC,GG,AC,CC,CC,GG,GG,AC,NN,TT,CC,AA,CG,GG,AT,AC,AT,AT,GG,GT,AT,AA,GG,GT,AA,CG,AT,GT,AA,GG,AA,CT,AA,TT,CC,TT,AA,CC,CT,CG,AA,CC,AA,AC,TT,TT,TT,GG,TT,AC,CC,AA,GG,CC,CC,GG,CG,GG,AT,AA,CG,GT,GG,CC,CG,AA,GG,CG,AT,CC,AA,AA,AC,CC,AC,AT,AA,GG,AA,AA,AA,AA,GG,AA,AG,AA,TT,GG,AC,AG,CC,AA,CT,AA,AA,GG,GG,CG,TT,AA,AG,TT,TT,TT,GG,AA,GG,GG,AA,7.17,Moderate,High,Premium,Late
L0333,Warangal,Telangana,Rabi,Black Cotton,Irrigated,410,26.5,60,AA,CT,GG,AA,GG,CC,GT,AT,CC,CG,AA,CC,CG,TT,GG,GG,GG,TT,TT,AA,CC,GT,GT,CT,TT,CC,TT,TT,GG,NN,TT,CT,AA,AC,GG,CG,GG,CC,GG,CC,TT,CT,AC,TT,AG,GG,TT,AT,CG,AA,NN,AA,AA,CG,CT,TT,AA,CC,GG,AA,AA,TT,TT,AG,TT,AA,CC,GT,TT,GT,AA,GG,CC,AG,AG,AA,AA,GG,TT,TT,GG,GT,GG,CC,AA,GG,AA,AA,CC,GT,AC,NN,CT,TT,TT,GG,TT,CC,GG,CC,CC,CG,AG,AA,TT,TT,CG,AA,GG,AA,CC,GG,TT,CG,TT,AA,AA,TT,CG,GG,CC,GG,CC,GT,CC,AA,CC,CC,AC,CC,AA,TT,AC,AA,CC,CC,AG,TT,AA,AA,GG,CC,CC,GG,AA,GG,AA,CC,GG,CC,CC,AG,AA,GG,TT,AG,AC,GT,TT,AG,AC,GT,TT,CC,CG,AA,TT,TT,AA,TT,GG,CC,AG,CT,CC,CC,CG,CC,AA,GG,GG,CC,TT,CG,GG,TT,CG,AT,NN,AA,GT,CC,GG,AA,CC,CC,GG,GG,AA,GG,TT,AC,AA,CG,GT,AA,CC,NN,TT,GG,TT,TT,AA,GG,GT,AA,CG,TT,GT,AA,GG,AA,TT,AC,TT,CC,CC,AA,CC,TT,CG,AG,CC,AG,AC,AT,TT,GT,NN,TT,AA,CC,AA,GG,CC,CG,GG,CG,GG,AT,AA,CC,TT,GG,CC,CC,AT,GG,CC,AT,CC,AT,AA,AA,CC,AA,TT,AA,NN,AA,AC,CC,AC,AA,AG,AG,AA,TT,GG,AA,AG,AC,AC,TT,AA,AA,GG,GG,GG,GT,AT,AG,GT,TT,TT,AA,TT,NN,GG,AA,6.21,Moderate,Low,Poor,Late
L0334,Warangal,Telangana,Rabi,Black Cotton,Irrigated,410,26.5,60,AC,TT,GG,AG,CG,CC,TT,TT,CC,CG,AA,CC,CG,AT,TT,GG,NN,TT,TT,AG,CC,GT,GT,CC,TT,CC,TT,TT,GG,AA,TT,CT,AG,CC,GG,CG,GG,GG,GG,CC,TT,TT,AA,TT,AG,GG,TT,TT,CC,AC,GG,AA,AG,GG,CC,TT,AA,AC,GT,AC,AA,GT,TT,AA,CT,TT,CC,GG,TT,GG,AA,TT,CC,AA,AG,AA,AA,GG,TT,TT,GG,GG,GT,CC,AA,GG,AA,AA,CC,TT,CC,TT,CC,TT,TT,GG,TT,AC,GG,CC,CT,CG,AA,AA,NN,TT,CC,AA,AA,AC,TT,GG,TT,CC,TT,CC,AA,TT,CG,AG,CG,GG,CC,GG,TT,AA,CC,CC,CC,CC,AG,GT,CC,AA,CC,CC,AA,TT,AA,AA,GG,CC,CC,GG,AA,AA,NN,CC,GG,CC,CC,AA,AG,GG,TT,GG,AA,TT,TT,GG,AC,GT,TT,CT,CC,AT,TT,TT,AA,TT,GG,CC,AG,CC,CC,CC,GG,CC,AA,AG,GG,CC,TT,CC,GT,TT,GG,AA,AA,AA,TT,CC,GG,AA,CC,CG,GG,GG,CC,NN,TT,CC,AA,CC,GG,AA,CC,AA,AA,GG,TT,TT,AT,GG,GT,AT,CC,AT,TT,AA,GG,AA,TT,AA,TT,CC,TT,CC,CC,CT,GG,AG,CG,AG,CC,TT,TT,GT,GG,TT,AA,AC,AA,GG,CC,CC,GG,CC,GG,AT,AA,CC,GT,GG,CC,CC,AA,GG,CG,AT,CC,AA,AA,AC,CC,CC,TT,AA,CG,AA,AA,AA,AA,AA,AG,AA,AA,AT,GG,AA,AG,AA,AC,TT,AA,AA,GG,GG,GG,TT,AA,AG,TT,TT,TT,AG,AT,NN,GG,NN,8.51,Susceptible,Medium,Poor,Early
L0335,Warangal,Telangana,Rabi,Black Cotton,Irrigated,410,26.5,60,AC,TT,AG,AA,GG,CG,GG,TT,CC,GG,AA,CC,CG,TT,TT,GT,CG,TT,TT,AG,CC,TT,GT,CC,TT,CC,GT,TT,GT,AA,TT,TT,AA,CC,GG,CC,GG,GG,GG,CC,TT,TT,AA,TT,AA,GG,TT,TT,CC,CC,GT,TT,AA,CG,CC,GG,AA,AC,GG,AA,AA,TT,TT,NN,TT,AA,CC,GG,TT,GG,AA,GG,CC,AG,GG,AA,AT,AG,GG,TT,GG,GG,GT,CC,AT,GG,AA,AA,CC,GT,CC,TT,CC,TT,TT,AG,CT,CC,TT,CT,CC,CC,AG,AA,TT,TT,CC,NN,AG,AA,CC,GG,TT,CC,GT,AA,AA,TT,CC,GG,CC,GG,CT,GG,TT,AA,CT,CC,CC,CC,AA,GT,CC,AA,CC,CT,AA,TT,AA,AA,GG,CC,CC,GG,AG,AA,AA,CC,GG,CC,CC,AA,AA,GG,TT,GG,AA,TT,TT,GG,CC,GT,TT,TT,CC,AT,GT,TT,AA,TT,CG,CC,AA,CT,CC,CC,GG,CC,AA,GG,AG,CC,TT,CC,GT,TT,CG,AT,AA,AA,TT,AC,GG,AA,CC,CC,GG,AG,AC,GG,TT,AC,AA,CC,GG,AA,CC,AA,TT,GG,TT,AT,AA,CG,GT,AT,CC,AT,TT,AA,GG,AA,CT,AA,TT,CC,CT,AA,CC,TT,GG,AA,CC,AG,CC,TT,TT,TT,GG,TT,AA,AA,AA,GG,CC,GG,GG,CC,GG,NN,AA,CG,GT,GG,CG,CC,AA,AA,CC,TT,CC,AA,AA,AA,CC,CC,TT,AG,CG,AA,AA,AC,AA,AG,GG,AG,AA,TT,GG,AC,AG,AC,AC,CT,AA,AA,GG,AG,GG,TT,AA,AA,TT,TT,TT,AG,TT,GG,GG,AA,7.9,Susceptible,High,Premium,Late
L0336,Warangal,Telangana,Rabi,Black Cotton,Irrigated,410,26.5,60,AA,CT,GG,AA,GG,CC,NN,TT,CC,CC,AA,NN,CC,AT,GT,GT,GG,TT,TT,GG,CC,GG,GT,CT,TT,CC,TT,TT,GT,AA,TT,CC,AA,CC,GG,GG,GT,CC,GG,CC,TT,TT,AA,GT,AA,GG,TT,TT,CC,AC,NN,AA,AG,GG,CC,TT,AA,CC,GT,AA,NN,TT,TT,AA,CT,TT,CC,GT,TT,GT,AA,GG,CC,AG,GG,AC,AT,GG,TT,TT,GG,GG,GT,CC,AT,GG,AA,AA,CC,TT,CC,TT,CC,TT,GG,GG,TT,AC,TT,CC,CC,GG,AG,AG,AT,GT,CC,AG,AA,AA,CC,GG,TT,CG,TT,AA,AA,TT,CG,GG,CG,GG,CC,GG,TT,AG,CC,CC,CC,CC,AA,TT,CC,AA,CC,NN,AA,TT,AA,AA,GG,CC,CC,GG,AG,AA,AA,CC,GG,CC,CG,AA,AA,NN,GT,GG,AA,TT,TT,GG,CC,TT,GT,CT,CG,AA,TT,TT,AA,TT,CG,CC,AA,CT,CC,CC,CG,CC,AA,GG,AA,CC,TT,CC,GG,TT,GG,TT,AA,AG,GT,CC,GG,AA,AC,CC,GG,GG,AA,GG,TT,AA,AG,CC,GG,AA,CC,AA,AA,TT,TT,TT,AT,CC,GT,AA,CG,TT,GT,AA,GG,AA,TT,AA,TT,CG,CT,AC,CC,TT,GG,AG,CG,AG,CC,TT,TT,TT,GG,TT,AA,AC,AG,GG,CC,GG,GG,CG,GG,AT,AA,CC,GG,GG,CC,CC,AA,AG,CG,AA,CC,AA,AG,CC,CC,AA,TT,AA,GG,AA,AA,AA,AA,AG,AA,AA,AA,TT,GG,AC,AG,CC,AC,CT,AA,AA,GG,GG,GG,TT,AA,AA,GT,TT,TT,AA,TT,NN,GG,NN,7.87,Susceptible,Medium,Premium,Medium
L0337,Warangal,Telangana,Rabi,Black Cotton,Irrigated,410,26.5,60,AC,TT,GG,AG,GG,CC,GG,AT,CC,CC,AA,CC,CG,TT,GT,GG,CC,TT,TT,AG,CC,GT,TT,CC,TT,CC,TT,TT,GG,AA,TT,CC,AA,CC,NN,NN,GG,CC,GG,CC,TT,TT,AC,TT,AA,GG,TT,AT,CC,AA,GG,AA,AA,GG,CC,TT,AT,AA,GT,AC,AA,TT,AT,AG,TT,TT,CC,GG,TT,GG,AA,NN,CC,AA,AG,AA,AT,GG,TT,TT,GG,GG,GG,CC,AA,GG,NN,AA,CC,GT,CC,TT,CT,TT,TT,GG,TT,CC,TT,CC,CT,CC,GG,AA,TT,TT,CC,AA,AG,AC,CT,GG,TT,CC,TT,AA,AA,TT,CG,GG,CC,GG,CC,GT,TT,AG,CC,CC,CC,CC,AG,TT,CC,AA,CC,CT,AA,TT,AA,AA,GG,CT,CC,GG,AA,AA,AA,CC,GT,CC,CC,AA,AG,GG,TT,GG,AA,TT,CT,GG,CC,TT,TT,TT,CG,AA,TT,TT,AT,TT,GG,CG,AA,CT,CC,CC,CG,CC,AA,GG,AA,CC,TT,CG,GT,TT,GG,TT,AA,AG,TT,CC,GG,AA,CC,CC,GG,GG,AA,GG,TT,AA,AA,CC,GG,AA,AC,AA,AA,GT,GG,TT,AT,GG,GT,AT,GG,AT,GT,AA,GG,AA,CT,AA,NN,CC,TT,AA,CC,TT,GG,AA,CC,AG,AC,TT,TT,TT,CG,TT,AC,CC,AA,GT,CC,CG,GG,CC,GG,AA,AG,CC,TT,GG,CC,CC,AA,GG,CC,AA,CC,AT,AA,CC,CC,AC,TT,AA,GG,AA,AA,AA,AA,GG,AA,AA,AG,TT,NN,AC,AG,AC,AA,TT,AG,AA,GG,AG,CG,TT,AA,AA,TT,TT,TT,AA,TT,GG,GG,AA,6.23,Resistant,Medium,Premium,Early
L0338,Warangal,Telangana,Rabi,Black Cotton,Irrigated,410,26.5,60,AA,TT,GG,AA,GG,CC,GG,TT,CC,GG,AA,CC,CC,TT,TT,GG,GG,TT,TT,AA,CG,TT,GT,CC,TT,CC,TT,TT,GG,AA,TT,CT,AA,CC,GG,GG,GG,CC,GG,AC,TT,CC,NN,TT,AA,GG,TT,TT,CC,AC,GG,AA,AA,GG,CC,TT,AA,AA,GG,AA,NN,TT,TT,AG,TT,AT,CC,GG,TT,GG,AG,GG,CC,AA,GG,AC,AT,GG,TT,TT,GG,GT,GG,CC,AA,GG,AA,AA,CC,TT,CC,TT,CC,TT,GT,AG,CT,CC,GG,CC,CT,GG,GG,AA,TT,TT,CC,AA,AA,AA,CC,GG,TT,CG,TT,AC,AA,TT,CG,AA,CG,GG,CC,GG,CT,AG,CC,CC,CC,CG,AA,TT,CC,AA,CC,CT,NN,TT,AA,AA,GG,CC,CC,NN,AA,AA,AA,CC,GG,CC,CC,AA,AG,GG,NN,GG,AA,TT,TT,GG,CC,TT,TT,TT,CG,AA,TT,TT,AA,TT,GG,CG,AG,TT,CC,CC,CC,CC,AA,GG,AA,CC,TT,CG,GG,NN,GG,TT,AA,AA,TT,CC,GG,AA,AC,CC,GG,GG,AC,GG,TT,AC,AA,CC,GG,AA,CC,AA,TT,GT,TT,AT,AA,CG,GG,AA,CC,AA,TT,AA,GG,AA,TT,AA,TT,CC,TT,AC,CC,TT,GG,AG,CG,AG,CC,TT,TT,GT,GG,AT,AA,CC,NN,GG,CC,CG,GG,CC,GG,TT,AG,CC,GT,AG,CC,CC,AA,GG,CC,AA,CC,AA,AA,AC,CC,AC,TT,AA,GG,AA,AA,NN,AA,GG,AA,AA,AA,TT,CG,AA,AA,AC,AC,CT,AA,AA,GG,GG,CG,TT,TT,AA,TT,TT,TT,AA,TT,GG,GG,AA,7.57,Moderate,High,Premium,Early
L0339,Warangal,Telangana,Rabi,Black Cotton,Irrigated,410,26.5,60,AA,TT,GG,AG,GG,CC,GG,AT,CC,CG,AA,CC,CC,TT,TT,GG,CG,TT,TT,AG,CC,TT,GT,CC,TT,CT,GT,TT,GG,AC,TT,CT,AA,CC,AG,GG,GG,CC,GG,CC,TT,CT,AA,TT,AG,GG,TT,TT,CC,AA,GG,AA,AA,GG,CT,TT,AT,CC,TT,AA,AG,TT,TT,AA,NN,TT,CC,GG,TT,GG,AA,GG,CC,AA,GG,CC,AA,GG,TT,TT,GG,GG,GT,CC,AA,GG,AG,AA,CC,TT,CC,TT,CT,TT,GT,GG,CT,CC,TT,CT,CT,CC,AG,AG,TT,TT,CC,AA,GG,AA,CC,GG,GT,CC,TT,AA,AA,TT,CC,AG,CC,AG,CC,GG,CT,AA,CC,CC,AC,CC,AA,TT,CC,AA,CC,CC,AA,TT,AA,AA,GG,CC,CC,GG,AA,AG,AA,AC,NN,CC,CG,AA,AG,GG,NN,GG,AA,TT,CT,GG,AC,TT,GT,CT,CC,AT,TT,TT,AT,TT,GG,CC,AG,CT,CC,CC,GG,CC,AA,GG,AG,CC,TT,CC,GG,TT,GG,AT,AA,AG,TT,AC,GG,AA,AA,CC,GG,GG,AC,GG,TT,AA,AA,CC,GG,AT,AC,AA,AA,GG,TT,TT,AA,GG,GT,AA,CC,TT,GT,AA,GG,AA,TT,AC,TT,CC,CT,AC,CC,CT,CG,AG,CC,AG,CC,NN,TT,TT,GG,TT,AC,AA,AA,GG,CC,CG,GG,CC,GG,AT,AA,CC,TT,GG,CC,CC,AT,AG,CC,AA,CC,AA,AA,CC,CG,AC,AT,AA,GG,AA,CC,CC,AA,AG,AG,AA,AA,TT,GG,AC,AA,CC,NN,CT,AA,AA,GG,GG,GG,GG,AA,GG,TT,TT,TT,AA,AT,GG,GG,AA,8.15,Susceptible,High,Standard,Early
L0340,Warangal,Telangana,Rabi,Black Cotton,Irrigated,410,26.5,60,NN,CC,GG,AG,CC,CC,GG,TT,CG,GG,AA,CC,CG,AT,TT,GG,GG,AT,TT,AA,CC,TT,GT,CC,TT,CC,TT,TT,GG,AA,TT,CC,AA,CC,GG,GG,GG,CG,GG,CC,TT,CC,AA,NN,AG,GG,TT,AT,CG,AC,GG,AA,AG,GG,CT,TT,AT,AC,GG,AC,AA,TT,TT,AA,NN,TT,CC,GG,TT,TT,AA,GG,CC,AA,GG,AC,AT,GG,TT,TT,GG,GG,GG,CC,AA,AG,AA,AA,CC,NN,CC,TT,TT,TT,TT,GG,TT,CC,GT,CC,CC,CG,NN,AA,TT,TT,CG,AA,AG,AA,CC,GG,NN,CG,TT,AA,AA,TT,CG,AG,CC,GG,CC,GG,CT,AA,CC,CC,CC,CC,AA,TT,CC,AA,CC,CT,AA,AT,AA,AA,GG,CC,CC,GG,AA,AG,AT,AC,GG,CC,CC,AG,AA,GG,TT,GG,AC,GT,CT,NN,CC,TT,TT,TT,CC,AT,GT,NN,AA,AT,GG,CC,AA,CC,CC,CC,GG,CC,AA,GG,NN,CC,TT,CG,GT,GT,CG,TT,AA,AA,TT,CC,GG,AC,AC,CC,CG,GG,AA,GG,TT,AA,AA,CC,GG,AA,CC,AA,AA,GG,TT,TT,AA,CG,GT,AA,CC,TT,GT,AA,GG,AA,TT,AA,TT,CC,TT,AA,CC,TT,NN,AG,CC,AG,CC,TT,TT,GG,GG,TT,AA,AC,AA,GT,CC,CC,CG,CC,GT,AT,AA,CG,TT,GG,CC,CC,AA,GG,CC,AA,CC,AA,AA,AA,CG,CC,TT,AA,GG,AA,AA,AC,AC,AG,AA,AG,AA,AT,GG,AA,GG,AC,AA,CT,AA,AA,GG,GG,CG,TT,AA,AA,GT,TT,TT,AA,TT,GG,GG,AC,7.71,Resistant,Low,Premium,Early
L0341,Warangal,Telangana,Rabi,Black Cotton,Irrigated,410,26.5,60,AC,TT,GG,AA,CG,CC,GT,TT,CC,GG,AT,CT,CG,TT,GT,GT,GG,TT,TT,AA,CC,TT,TT,CC,TT,CC,NN,TT,TT,AA,TT,CC,AG,CC,GG,GG,GG,CC,GG,CC,TT,CT,AA,TT,AG,AG,TT,TT,CC,CC,GT,AA,AA,GG,CT,TT,AA,AA,GG,AC,AA,TT,TT,AG,TT,AT,CC,GG,TT,GG,AG,GG,CC,AA,GG,AC,AT,GG,TT,TT,GG,GT,GT,CC,AT,GG,AA,AA,CC,GT,AC,TT,CC,TT,TT,GG,TT,AC,TT,NN,CC,CG,AG,AA,TT,TT,CC,AA,AA,AA,TT,GG,TT,CC,TT,AC,AA,AT,CC,GG,CC,GG,CC,GG,TT,AA,CC,CC,AA,CC,AA,TT,CC,AA,CC,CC,AG,TT,AA,AA,GG,CT,CC,GG,AA,AG,AA,CC,GG,CC,CG,AA,AG,AG,TT,GG,AA,TT,CC,AG,AA,TT,GT,CT,CG,AA,GT,CT,AA,TT,GG,CC,AA,CT,CC,CC,CG,AC,AA,GG,AA,CC,TT,CC,GG,GT,GG,TT,AA,AG,TT,CC,GG,AA,CC,CC,GG,GG,AC,GG,TT,AA,AA,CG,GT,AT,AC,AA,AA,GG,TT,TT,AT,GG,GG,AA,CC,TT,TT,AT,GG,AA,TT,AC,TT,CG,TT,CC,CC,TT,CG,AG,CG,AG,CC,TT,TT,TT,GG,TT,AC,AC,AA,GG,CC,CG,GG,CC,GG,AA,AA,CG,GG,GG,CC,CC,AA,GG,CG,TT,CC,AA,AA,CC,CC,AC,AA,AA,GG,AA,AA,AA,AA,AG,AA,AA,AG,AT,GG,AA,AA,CC,AA,CT,NN,AA,CG,GG,GG,TT,AA,AG,TT,TT,TT,AG,AT,GG,GG,AA,7.45,Susceptible,High,Poor,Medium
L0342,Warangal,Telangana,Rabi,Black Cotton,Irrigated,410,26.5,60,CC,TT,GG,GG,CG,CC,GG,AT,CC,CG,AA,CT,CG,AT,TT,GT,GG,TT,TT,AA,CC,GG,TT,CC,TT,CC,TT,AT,GG,AA,TT,CT,AA,CC,GG,GG,GG,CG,GG,CC,TT,TT,AA,TT,AG,AG,TT,TT,CC,CC,GT,AA,AA,GG,CC,TT,AT,AA,GT,AC,AA,TT,TT,AG,TT,AT,CC,GG,TT,GT,AA,GG,CC,AA,AG,AC,AA,GG,TT,TT,AG,GT,GG,CC,NN,GG,AA,AA,CC,GG,AC,GT,CC,TT,GT,AG,TT,CC,TT,CC,CT,CC,AA,AG,TT,TT,CC,AA,AA,AC,CC,GG,GT,CC,TT,AC,AA,TT,CC,GG,NN,AG,CT,GG,TT,AG,CT,CC,CC,CG,AA,TT,CC,AA,CC,CC,AA,TT,AA,AT,GG,CC,CC,GG,AA,AG,AA,CC,GG,CC,NN,GG,AA,AG,TT,GG,AC,TT,CC,GG,CC,GG,GT,TT,CC,AA,TT,TT,AA,AT,GG,CC,AG,CC,CC,CC,GG,CC,AA,GG,AG,CC,TT,CC,TT,TT,GG,TT,AA,AA,TT,AC,CG,AA,CC,CC,GG,GG,NN,GG,TT,AC,AA,CC,GG,AA,CC,AA,AT,GG,GT,TT,AT,GG,TT,AT,CC,TT,TT,NN,GG,AA,CT,AA,TT,CC,CT,AA,CC,TT,GG,AG,CC,AG,CC,TT,CC,GG,GG,TT,AA,AC,AA,GG,CC,CG,GG,CC,GG,AT,AA,CC,TT,AG,CC,CC,AA,GG,CC,AT,CC,AA,AA,AA,CC,AC,TT,AA,GG,AA,AA,AA,AA,GG,AA,AG,AA,TT,GG,AC,GG,CC,AA,CT,AA,AA,GG,GG,GG,TT,AA,AA,GT,TT,TT,AG,TT,GG,GG,AA,5.73,Moderate,Medium,Standard,Early
L0343,Warangal,Telangana,Rabi,Black Cotton,Irrigated,410,26.5,60,AA,TT,AG,AA,GG,CC,NN,TT,CC,CG,AA,CC,CC,TT,TT,GG,CG,TT,TT,AG,CG,GT,GT,CT,TT,CC,TT,TT,GG,AA,TT,CC,AA,CC,AG,GG,GG,CG,GG,CC,TT,CT,AA,GT,AG,AG,TT,TT,CC,AC,GG,AA,AA,GG,CT,TT,NN,AA,GG,CC,AG,TT,TT,AA,TT,TT,CT,GG,TT,GT,AA,GG,CC,AA,GG,CC,AT,GG,TT,TT,GG,GG,GG,CC,AA,AG,AA,AA,CC,GT,CC,TT,CT,TT,TT,GG,CT,AC,TT,CT,CC,GG,AG,AA,TT,TT,CC,AA,AA,AA,CC,GG,TT,CC,TT,AC,AC,TT,CG,AG,CC,GG,CT,GT,CC,AG,CT,CC,CC,CC,AA,TT,AC,AA,CC,CT,AA,TT,AA,AA,GG,CC,CC,GG,AA,AG,AA,CC,GG,CC,CC,NN,AA,GG,TT,AG,AA,GT,TT,AA,CC,TT,GT,TT,GG,AA,TT,TT,AA,TT,GG,CC,AA,TT,NN,CC,CG,CC,AA,GG,AG,CC,TT,CC,GG,TT,CG,TT,AG,AG,TT,CC,GG,AA,AC,CC,GG,GG,AC,GG,TT,AC,AA,CC,GG,AT,AC,AA,AA,GT,TT,AA,AT,GG,TT,AT,CC,AT,TT,AA,GG,AA,TT,AA,AT,CC,TT,AA,CC,CT,GG,AA,CC,GG,CC,AT,CT,TT,GG,TT,AA,AA,AA,GG,CG,CC,GG,CC,GG,TT,AA,CC,TT,GG,CC,GG,AT,GG,CC,AA,NN,AA,AA,AC,CG,AC,TT,AG,GG,AA,AA,AA,AA,GG,AA,AA,AA,TT,GG,AA,AG,CC,AC,CT,AA,AG,CC,GG,GG,TT,AT,AA,GT,TT,AT,AG,TT,GG,GG,AA,8.35,Susceptible,High,Standard,Medium
L0344,Warangal,Telangana,Rabi,Black Cotton,Irrigated,410,26.5,60,AC,TT,GG,GG,GG,CG,GG,TT,CC,CG,AA,CC,CG,TT,TT,GG,CG,TT,TT,AA,CC,NN,GT,CC,TT,CC,GT,TT,GG,AA,TT,CC,AA,NN,GG,CG,GG,CC,GG,CC,NN,CT,AA,GT,AG,AA,CT,AT,CC,AC,GG,AA,AA,GG,CC,GT,AA,AC,GT,AC,AA,TT,TT,AA,TT,AT,CT,GG,TT,GG,AA,GT,CC,AA,GG,AC,AA,GG,TT,TT,AG,GG,GG,CC,AT,GG,AA,AA,CC,TT,CC,TT,CC,TT,GT,GG,CT,NN,GG,CC,CT,CG,AG,AG,TT,TT,CC,AA,AA,AA,CC,GG,GT,CG,GT,AA,AA,TT,CG,GG,CC,GG,CC,TT,TT,AA,CC,CC,CC,CC,AG,TT,AC,AA,CC,CC,AA,TT,AA,AT,GG,CC,CC,GG,AA,AG,AA,CC,GT,CC,CC,AA,AG,GG,TT,GG,AA,GT,TT,GG,AC,TT,TT,TT,CG,AT,TT,CT,AT,TT,GG,CC,AG,TT,CC,CC,GG,AC,AA,AA,AG,NN,GT,CC,TT,GT,CG,AA,AA,AA,TT,CC,CG,AA,CC,CC,GG,GG,AA,GG,TT,AC,AA,CC,GG,AT,NN,AA,AT,GG,TT,AT,AA,CG,GT,AT,CC,AA,TT,AA,GG,AA,CT,AA,TT,CC,CT,CC,CC,CT,GG,AG,CC,GG,NN,TT,TT,GT,GG,TT,AC,CC,AG,GG,CC,CC,GG,CC,GG,TT,AA,NN,TT,GG,CC,CC,AA,AG,CC,AA,CG,AA,AA,AC,CC,NN,TT,AA,CG,AA,AA,AC,AA,AA,AG,AA,AA,TT,GG,AA,AG,AC,AC,CT,AA,AA,GG,AG,GG,TT,AA,AA,GT,TT,TT,AA,AT,GG,GG,AA,5.59,Susceptible,High,Poor,Late
L0345,Warangal,Telangana,Rabi,Black Cotton,Irrigated,410,26.5,60,AC,TT,AG,AG,GG,CG,GT,TT,CC,CG,AA,TT,CC,AT,TT,GG,GG,TT,TT,NN,CG,TT,TT,CC,AT,CC,TT,TT,GT,AA,CT,CC,AA,CC,GG,CG,GG,CG,GG,CC,TT,CC,AA,TT,AG,GG,CT,TT,CC,AC,GG,AA,AG,GG,CT,TT,AT,AC,NN,AA,AA,TT,AT,AG,TT,TT,CT,GG,TT,GT,AA,GG,CC,AA,GG,AA,AT,GG,GT,TT,AG,GT,GT,CC,AT,GG,AA,AA,CG,GT,CC,GT,CC,TT,TT,AA,CT,CC,GT,CC,CT,CG,AG,AA,AT,TT,CC,AA,AA,NN,TT,GT,TT,CC,GT,AA,AA,TT,NN,GG,CC,AG,CC,GT,CT,GG,CC,CC,CC,CC,AA,TT,CC,AA,CC,CC,AA,AT,AA,AA,GG,CC,CC,AG,AA,AA,AA,AC,GG,CC,GG,AA,AA,AG,GT,GG,AA,GT,CT,GG,CC,GT,TT,TT,GG,AT,TT,TT,AA,NN,GG,CC,AG,CT,CC,CC,CG,CC,AA,GG,AA,NN,TT,CC,GG,TT,NN,AT,NN,AA,TT,AC,GG,AA,CC,CC,GG,NN,AC,GG,TT,AA,AA,NN,GG,AT,CC,AA,AA,GG,TT,AT,AA,GG,NN,AT,CC,AT,GT,AA,GG,AG,TT,AA,TT,CG,TT,AC,CC,TT,GG,AA,GG,AG,CC,TT,CC,TT,GG,TT,AC,AC,AG,GG,CC,CC,GG,CC,GG,TT,AA,CC,TT,GG,CC,CC,AA,GG,CC,AA,CG,AA,AA,AC,CG,AC,TT,AA,GG,AA,AA,AA,AA,GG,AG,AA,AA,AT,CG,AA,AG,AC,AA,TT,AA,AA,GG,GG,GG,GT,AA,AG,TT,TT,TT,GG,TT,GG,CG,AA,7.96,Susceptible,Medium,Standard,Early
L0346,Warangal,Telangana,Rabi,Black Cotton,Irrigated,410,26.5,60,AA,TT,GG,AA,GG,CC,GG,TT,CC,GG,AA,TT,CG,TT,GT,GG,GG,TT,TT,AA,CC,TT,TT,CC,TT,CT,TT,AT,GG,AA,TT,CC,AA,CC,GG,GG,GG,CC,GG,CC,TT,CT,AA,GT,AA,AG,CT,TT,CC,AC,GT,AA,AA,GG,CT,GT,AA,AA,GT,AA,AA,TT,AT,AA,TT,TT,CC,GG,TT,GG,AA,GG,CC,AA,AG,AA,AT,AG,TT,CT,GG,GG,GG,CC,AT,GG,AA,AA,CG,GG,AA,TT,CC,AT,TT,GG,NN,CC,TT,CC,CC,CC,AG,AG,TT,TT,CG,AA,GG,AC,CC,GG,TT,CC,TT,AA,AA,TT,CG,GG,CC,GG,CC,GT,TT,AG,CC,NN,AC,CG,AA,GT,CC,AA,CC,CC,AA,TT,AA,AA,GG,CC,CC,GG,AA,GG,AA,CC,GT,CC,CC,AA,AA,GG,GT,GG,AA,TT,CT,GG,AC,TT,GT,TT,CG,AT,TT,TT,AA,TT,GG,CC,AG,CC,CC,CC,GG,CC,AA,AG,GG,CC,TT,CC,GT,GT,GG,AT,AA,AG,TT,CC,CG,AA,CC,CC,GG,GG,AA,GG,TT,AA,AA,CG,GG,AA,CC,AA,AT,GG,TT,TT,AT,CG,NN,AA,CC,AT,NN,AA,GG,AG,TT,AC,TT,CC,TT,AC,CC,TT,CG,AG,CC,AA,CC,TT,TT,TT,GG,TT,AC,AA,AA,GG,CC,CC,GG,CC,GG,TT,AA,CC,GT,GG,CG,CG,AA,GG,CC,AT,CC,AA,AA,CC,CC,AC,TT,AA,GG,AA,AA,AA,AA,GG,AG,AG,AA,TT,GG,AA,AA,AC,AA,CT,AA,AA,GG,AG,GG,TT,AA,AA,GT,TT,TT,AG,AA,GG,GG,AA,6.94,Resistant,Low,Standard,Medium
L0347,Warangal,Telangana,Rabi,Black Cotton,Irrigated,410,26.5,60,AC,CT,AG,AA,GG,CC,GG,TT,CC,CC,AA,CC,CG,AT,TT,GT,NN,TT,TT,AA,CC,TT,TT,CC,TT,CC,GT,TT,GG,AA,TT,CC,AA,CC,GG,GG,GG,CC,GG,CC,TT,TT,AA,TT,AG,GG,TT,AT,CG,CC,GG,AA,AA,GG,NN,TT,AA,AC,GT,AA,AA,TT,TT,AA,TT,TT,CC,GG,TT,GG,AG,GT,CC,AA,GG,AA,AT,GG,TT,TT,GG,GG,GG,CC,AA,GG,AA,AA,CC,TT,CC,GT,CC,TT,GG,GG,CT,CC,TT,CC,CC,CC,GG,AG,AA,TT,CC,AA,AG,AA,CC,GG,TT,CC,TT,AA,AA,TT,CG,AG,CG,GG,CC,GG,TT,AA,CC,CC,CC,CC,AG,TT,CC,AA,CC,CT,AA,AT,AA,AA,CG,CC,CC,GG,AA,AG,AT,CC,GG,CC,CC,AA,AG,GG,TT,GG,AC,TT,TT,GG,CC,GT,GT,TT,CC,AT,TT,TT,AA,TT,CG,CC,AA,TT,CC,NN,GG,CC,AT,AG,AA,CC,TT,CG,GT,TT,GG,AA,AA,AA,GT,CC,GG,AA,CC,CC,GG,GG,AC,GG,TT,AC,AG,CC,GG,AA,CC,AA,AT,GG,TT,TT,AA,GG,GT,AA,CC,TT,TT,AA,GG,AG,TT,AA,TT,CC,TT,AA,AC,TT,CG,AA,CC,AA,CC,TT,NN,GT,GG,TT,AA,CC,AG,GG,CC,CC,GG,CC,GG,AA,AA,CG,TT,GG,CC,CC,AA,GG,CC,AT,CC,AT,AA,AC,CG,AC,TT,AA,GG,AA,AA,AC,AA,AG,AA,AA,AA,TT,GG,CC,AA,CC,AA,TT,AG,AG,CG,AG,GG,TT,NN,AA,GT,TT,TT,AG,TT,GG,GG,AA,7.97,Susceptible,High,Standard,Medium
L0348,Warangal,Telangana,Rabi,Black Cotton,Irrigated,410,26.5,60,AC,CT,GG,AA,GG,CC,GT,TT,CC,CG,AT,CC,CG,TT,TT,GG,CG,TT,AT,AG,CC,TT,GT,CC,TT,CC,TT,TT,GG,AA,CT,CC,AA,AC,AG,GG,GG,CC,GG,CC,TT,CT,AC,TT,AG,GG,TT,TT,CC,AA,GG,AT,AA,GG,CC,GT,AA,AA,GT,AC,AA,TT,TT,AA,TT,NN,CC,GG,TT,GT,AG,GG,CC,AA,GG,CC,AA,GG,NN,TT,GG,GT,GG,CC,AT,GG,AA,AA,CC,TT,AC,TT,NN,TT,GT,AG,TT,CC,TT,CC,CC,CC,GG,AA,TT,TT,CC,AA,AG,AC,CC,GG,TT,CC,TT,AA,AC,TT,CC,GG,CC,GG,CC,GT,TT,AA,CT,CC,CC,CC,AA,TT,CC,AA,AC,CC,AA,TT,AG,AT,CG,CT,CC,GG,AA,GG,AT,CC,GG,CC,CC,AA,AG,GG,GT,GG,AA,GT,CT,NN,CC,TT,TT,TT,CC,AA,TT,TT,AA,TT,GG,CG,AA,CC,CC,CC,GG,CC,AA,AG,AA,CC,GT,CG,GT,TT,CC,TT,AA,AG,TT,CC,GG,AA,CC,CC,GG,GG,AA,CG,TT,AC,GG,CC,GG,AA,AC,AT,AT,GG,TT,AA,AT,GG,TT,AT,CC,AA,TT,AA,GG,AA,TT,AA,TT,CC,TT,AC,CC,CT,NN,AG,CC,AG,AC,TT,CT,TT,GG,TT,AC,CC,AA,GG,CC,CC,GG,CC,GG,TT,AA,CC,TT,GG,CC,CG,AA,GG,CC,AA,CC,AA,AA,CC,CC,CC,TT,AA,GG,AA,AA,CC,AA,GG,AG,AA,AA,AT,CG,AC,AG,AC,AA,CT,AA,AG,GG,GG,GG,TT,AA,AA,TT,TT,TT,AG,TT,GG,CG,AA,8.34,Susceptible,Low,Standard,Late
L0349,Warangal,Telangana,Rabi,Black Cotton,Irrigated,410,26.5,60,CC,TT,AG,AG,CC,CC,GG,TT,CC,CC,AA,CT,CG,TT,TT,GG,GG,TT,TT,AA,CC,GT,TT,CC,AT,CC,TT,TT,GG,AA,CT,CT,AA,CC,GG,GG,GT,CC,GG,CC,TT,CT,AA,GT,AA,AG,TT,TT,CC,AC,GT,AT,AA,GG,CC,GT,AT,AC,GG,AC,AA,TT,AT,AA,CC,TT,CC,GG,TT,GG,AA,GG,CC,AA,GG,AC,AT,GG,TT,TT,AG,NN,GG,CC,AA,GG,AA,AA,CC,GT,NN,GT,CT,TT,GT,GG,TT,CC,TT,CC,CC,NN,GG,AA,TT,TT,CC,AA,AG,AA,CT,GG,NN,CC,TT,AA,AA,TT,CC,GG,CG,GG,CC,GG,TT,AG,CC,CG,CC,CC,AA,TT,CC,AA,CC,CC,AA,TT,AA,AA,GG,CC,CC,GG,AA,AG,AA,CC,GG,CC,CC,AA,AA,GG,NN,GG,AC,GT,CT,GG,AC,GT,GG,CT,CC,AA,GT,TT,TT,TT,CG,CC,AG,CT,CC,CC,CC,AC,NN,GG,AA,CC,TT,CC,GG,TT,GG,NN,AA,AA,TT,CC,GG,AC,CC,CC,GG,GG,AC,CG,TT,AA,AG,CC,GG,AA,AC,AA,AT,GT,TT,TT,AA,CG,TT,AA,CC,AT,GG,AA,GG,AA,TT,AA,TT,CC,TT,AC,CC,TT,CG,AG,CC,GG,CC,TT,TT,TT,GG,TT,AA,AC,AG,GG,CC,CC,GG,CC,GG,TT,AA,CG,GG,GG,NN,CC,AT,AG,CG,AT,CC,AA,AA,AC,CC,CC,TT,AA,GG,AA,AA,AC,AA,AA,AA,AA,AA,TT,GG,CC,AG,CC,AA,CT,AG,AG,GG,GG,GG,TT,AT,AA,TT,TT,TT,AG,AT,GG,GG,AA,5.91,Susceptible,Medium,Premium,Early
L0350,Warangal,Telangana,Rabi,Black Cotton,Irrigated,410,26.5,60,CC,CT,NN,AA,GG,CG,GT,TT,CC,CG,AA,CT,CG,TT,GT,GG,CG,TT,TT,AG,CG,GT,GG,CC,TT,CC,TT,TT,GG,AA,TT,CC,AA,CC,GG,GG,GG,CG,GG,CC,TT,CT,AC,TT,AA,AG,TT,NN,CC,AC,GG,AA,AG,GG,CT,TT,AT,AA,GG,AC,AA,TT,AA,GG,TT,AT,CC,GG,TT,GT,AA,GG,CC,AA,GG,AC,AT,GG,TT,TT,GG,GT,GG,CC,AT,GG,AA,AA,CC,GT,CC,TT,TT,TT,TT,GG,CT,CC,TT,CC,CC,CG,AG,AG,TT,TT,CC,AG,AG,AA,CC,GG,TT,CG,GT,NN,AC,TT,CC,GG,CC,AG,CC,GG,CC,AG,CT,CC,NN,CC,AA,TT,CC,AA,CC,CC,AA,TT,AG,AA,GG,CC,CC,GG,AA,GG,AA,AC,GG,CC,CC,AG,AA,AG,GT,GG,AA,TT,TT,AG,CC,GT,TT,TT,CC,AT,GT,TT,AA,TT,GG,CC,AA,CT,CC,CC,CG,AC,AA,GG,AA,CC,TT,CC,GG,TT,CC,AA,AA,AA,TT,CC,CG,AC,AC,CC,CG,GG,CC,GG,TT,AC,AG,CC,GG,AA,CC,AA,AA,GG,TT,AT,AT,GG,GG,AT,CG,AA,TT,NN,GG,NN,TT,AA,TT,CC,TT,AA,CC,TT,CG,AG,CC,AA,CC,TT,TT,TT,GG,TT,AA,CC,AA,GG,CC,CG,GG,CG,GG,AA,AG,CG,TT,GG,CC,CG,AA,AG,CG,AT,CC,AA,AA,NN,GG,AC,TT,AA,GG,AA,AC,AC,AA,AA,AA,AA,AA,TT,GG,AA,AA,CC,AC,TT,AA,AG,GG,GG,GG,TT,AT,AA,GT,TT,TT,GG,TT,GG,GG,AA,5.34,Susceptible,Low,Standard,Medium
L0351,Warangal,Telangana,Rabi,Black Cotton,Irrigated,410,26.5,60,AA,CT,GG,GG,GG,CG,GG,TT,CC,CG,AA,CT,CC,AT,TT,TT,GG,TT,TT,AG,CC,GT,TT,TT,TT,CC,TT,AT,GT,AA,TT,CT,AA,AC,AG,GG,GG,CC,GG,CC,TT,TT,NN,TT,AG,GG,TT,TT,CC,AC,GG,AA,AA,GG,CC,GT,AA,AA,GT,AC,AA,GT,AT,AA,CC,TT,CC,GG,TT,GG,AA,GG,CC,AA,GG,AA,AT,GG,GT,TT,GG,GG,GT,CC,AA,GG,NN,AT,CC,GT,AC,TT,CC,NN,TT,GG,CT,CC,TT,CT,CT,CG,AA,AA,TT,TT,CC,AA,AG,AC,CC,GG,TT,CC,TT,AA,AA,TT,CC,AG,CG,GG,CC,GT,CT,AA,CC,CC,CC,CC,AA,TT,CC,AA,CC,CC,AG,AT,AA,AA,GG,CC,NN,GG,AG,AA,AT,CC,GG,CC,GG,AG,AA,GG,TT,GG,AA,TT,CT,GG,CC,TT,TT,TT,CC,AA,GG,TT,AT,AT,GG,CC,AG,CT,CC,CC,CG,CC,AA,GG,AA,CC,TT,CC,GT,TT,GG,TT,AA,AG,TT,CC,CG,AA,AC,CC,GG,GG,AC,GG,TT,AC,AA,CC,GG,AT,AC,AA,AA,GT,TT,TT,AA,GG,GT,AA,CC,AT,GT,AA,GG,AA,TT,AA,TT,CC,TT,AC,CC,TT,CG,AA,CC,AG,AC,TT,TT,GT,GG,TT,AA,CC,AG,GG,CC,CC,GG,CC,GG,TT,AA,CG,GT,GG,CC,CC,AA,GG,CC,AA,CC,AA,AA,CC,CC,AC,TT,AA,GG,AA,AA,AA,AA,AA,AA,AA,AA,TT,CG,AA,AA,CC,AA,CC,AA,AA,GG,GG,GG,TT,AA,AA,TT,TT,TT,AG,AT,CG,CG,AA,8.56,Moderate,Low,Premium,Medium
L0352,Warangal,Telangana,Rabi,Black Cotton,Irrigated,410,26.5,60,AC,TT,GG,AA,GG,CC,GT,TT,CC,GG,AA,CC,GG,TT,TT,GG,GG,TT,TT,AA,CC,TT,GG,CC,TT,CC,GT,TT,GG,AA,TT,NN,AA,CC,GG,CG,GG,CG,GG,CC,TT,CT,AA,GT,AA,GG,TT,AT,CC,AC,GT,AA,AG,GG,CC,TT,AA,AC,GG,AA,AA,TT,TT,AG,TT,TT,CC,GG,TT,GG,AA,GG,CC,AA,GG,CC,AA,GG,TT,TT,GG,GG,GT,CC,AT,GG,AA,AA,CC,GG,CC,TT,CC,TT,TT,AG,CT,CC,GT,CC,CC,CG,GG,AA,TT,TT,CG,AA,NN,AA,CT,GG,TT,CG,TT,AA,AA,AT,CC,AG,CC,AG,CC,GT,TT,AA,CC,CC,CC,CC,AA,GT,CC,NN,CC,CC,AA,TT,AA,AA,CG,CC,CC,GG,AA,AG,AA,AC,GG,CC,CC,AA,AA,GG,TT,AG,CC,TT,CT,GG,AC,TT,GT,TT,CG,AA,TT,TT,AA,NN,NN,CC,AG,CC,CC,CC,GG,CC,AA,GG,AG,CC,TT,CC,GT,GT,GG,TT,AA,AA,TT,CC,GG,AC,CC,CC,CG,GG,AA,GG,TT,AC,AA,CC,GG,AA,AC,AA,AA,GG,TT,AT,AT,CG,GT,AA,CC,TT,GG,AA,GG,AA,TT,AA,TT,NN,CT,AA,CC,CT,GG,GG,CG,AG,CC,TT,TT,TT,CG,TT,AA,AC,AG,GG,CG,CC,GG,CG,GT,AT,AG,CC,GG,GG,CG,CG,AA,GG,CC,AT,CC,AA,AA,AC,CG,AC,AT,AA,GG,AA,AA,AC,AA,GG,AA,AA,AA,TT,CG,AA,AG,CC,AC,CC,AA,AA,GG,GG,CG,GT,TT,AA,TT,TT,TT,AA,TT,GG,CG,AA,7.01,Susceptible,Low,Standard,Late
L0353,Warangal,Telangana,Rabi,Black Cotton,Irrigated,410,26.5,60,AC,TT,GG,AG,GG,CC,TT,TT,CC,CG,AA,CC,GG,TT,TT,GT,GG,TT,TT,AA,CC,TT,TT,CC,TT,CC,TT,TT,GT,AA,TT,CT,AA,CC,AG,GG,GG,CG,GG,CC,TT,CT,AA,TT,AA,AG,TT,AT,CC,AA,GG,AA,AA,GG,CC,NN,AA,AC,GT,AA,AA,TT,AA,AG,CT,AT,CC,GG,TT,GG,AA,GG,CC,AA,GG,AC,AT,AG,TT,TT,GG,GG,GG,CC,AA,GG,AA,AA,CC,GG,CC,TT,CC,TT,NN,GG,TT,CC,TT,CC,NN,CG,GG,AA,AT,TT,CC,AA,AG,AA,CT,GG,GT,CC,TT,AA,AC,TT,CC,AG,CC,GG,CC,GG,TT,AA,NN,CC,CC,CC,AA,TT,CC,AA,CC,CT,AA,TT,AA,AT,GG,CC,CC,GG,AA,AA,AA,AC,GT,CC,CC,AA,AA,AG,GT,AG,AC,GT,NN,GG,AC,GT,TT,CT,CC,AT,TT,TT,AA,AT,GG,CC,AA,TT,CC,CC,GG,AC,AA,GG,GG,CC,TT,CC,GG,TT,GG,TT,AA,AA,TT,CC,CG,AA,CC,CC,GG,GG,AC,GG,TT,AA,AA,CC,GG,AA,AC,AA,AT,GG,TT,TT,AA,GG,GG,AT,CC,TT,GT,AA,GG,AG,TT,AA,TT,CG,CT,AA,CC,TT,GG,AA,CC,AG,AC,TT,CT,TT,GG,TT,AA,AC,AA,GG,CC,CC,GG,CC,GG,TT,AA,GG,GT,AG,CC,CC,AA,GG,CC,AT,CC,AT,AA,AC,CG,AC,TT,AG,GG,AT,AA,AA,AA,AA,AA,AA,AG,TT,GG,AA,GG,AC,AA,TT,GG,AA,GG,AG,GG,TT,AA,AG,GT,TT,TT,AG,AT,GG,GG,AA,5.57,Susceptible,Medium,Poor,Medium
L0354,Warangal,Telangana,Rabi,Black Cotton,Irrigated,410,26.5,60,AA,CT,GG,AA,GG,CC,GG,AA,CG,CC,AA,TT,CC,AT,GT,GG,CG,TT,TT,AA,NN,GT,TT,CT,TT,CT,TT,TT,GG,AA,TT,CC,AA,AC,GG,GG,GG,GG,GG,CC,TT,TT,AC,GT,AA,AG,TT,TT,CC,CC,GG,AA,AA,GG,CT,TT,AT,CC,TT,AA,AA,TT,TT,AA,TT,TT,CC,GT,TT,GG,AA,GG,AC,AA,GG,AA,AT,GG,TT,TT,GG,GG,GT,CC,AA,GG,AG,AT,CC,TT,AA,TT,CT,AT,TT,GG,CT,CC,GG,CC,CC,CG,GG,AA,TT,TT,CC,NN,AA,AC,CC,GG,TT,CC,TT,AA,AA,TT,CC,GG,CC,AG,CC,GG,TT,AG,CC,CC,AC,NN,AA,TT,AC,AA,CC,CC,AA,TT,AA,NN,GG,CC,CC,GG,AA,AG,AA,CC,GT,CC,CC,AG,NN,GG,TT,AA,AA,TT,CT,GG,CC,TT,TT,CT,CC,AT,TT,TT,AT,TT,GG,CC,AA,NN,CC,CC,CG,CC,AA,GG,AA,CC,TT,CG,NN,TT,CG,TT,NN,AA,TT,CC,GG,AC,AC,CC,GG,GG,AC,GG,TT,AA,AA,CC,GG,AA,AC,AA,AA,NN,TT,AT,AT,GG,TT,AA,CC,AT,TT,AA,GG,AA,TT,AA,TT,CC,TT,CC,CC,TT,CG,GG,CC,GG,CC,TT,TT,TT,GG,TT,AA,CC,AA,GT,CC,CC,GG,CC,GG,AT,AA,CG,TT,AG,CC,CC,AA,AG,CC,NN,NN,AA,AA,AC,CC,AA,TT,AA,GG,AA,AA,AC,AA,GG,AA,AA,AA,AT,GG,AC,NN,CC,AA,CT,AA,AA,CG,GG,GG,GT,AA,AA,TT,TT,TT,AA,AT,GG,GG,AA,7.37,Moderate,High,Poor,Early
L0355,Warangal,Telangana,Rabi,Black Cotton,Irrigated,410,26.5,60,AA,TT,AG,GG,GG,CC,GT,TT,CC,CC,AA,CC,CC,AA,GT,GG,GG,TT,TT,AA,CG,TT,TT,CC,TT,CC,GT,TT,GT,AA,TT,CC,AA,CC,GG,GG,GG,CG,GG,CC,TT,CT,AC,TT,AA,GG,TT,TT,CC,AC,GG,AA,AG,GG,CT,TT,AA,AC,TT,AA,AA,NN,TT,AA,TT,TT,CC,GG,TT,GT,AA,GG,CC,AA,AG,AC,AT,AG,TT,TT,GG,GG,GT,CC,AA,GG,AA,AT,CC,GT,AC,TT,CT,TT,TT,GG,TT,CC,TT,CT,CC,CC,GG,AA,AT,TT,CC,AA,AA,AA,CC,GG,NN,CG,GT,AA,AA,TT,CG,AG,CC,GG,CC,GG,TT,AA,CC,CC,CC,CC,AA,NN,CC,AA,CC,CC,AA,TT,AG,AA,GG,CC,CC,GG,AG,AG,AA,CC,GG,CC,CC,AA,AG,GG,GG,GG,AC,GT,TT,GG,AC,TT,GT,TT,CC,AT,GT,CT,AA,TT,CG,CC,AG,CT,CC,CC,GG,CC,AA,GG,AA,CC,TT,CG,GG,TT,CG,AT,AG,AA,GT,CC,CG,AA,CC,CC,GG,GG,AA,GG,TT,AC,AA,CC,GT,AT,CC,AA,AT,GT,TT,TT,AA,GG,GG,AA,CC,AT,GT,AT,AG,AA,CT,AA,TT,GG,CT,AA,CC,TT,CG,AA,NN,GG,CC,TT,CT,GG,GG,TT,AA,AA,AG,GT,CC,CC,GG,CC,GG,TT,AG,CC,GT,GG,CC,CG,AT,GG,CG,AT,CG,AA,AA,AC,CC,AC,TT,AA,GG,AA,AA,AC,AA,AG,AG,AA,AA,TT,GG,AC,AG,AC,AA,CC,AA,AA,GG,GG,GG,TT,AA,AA,TT,TT,TT,AG,TT,GG,GG,AA,7.56,Susceptible,Medium,Standard,Early
L0356,Warangal,Telangana,Rabi,Black Cotton,Irrigated,410,26.5,60,CC,CT,AG,AA,GG,CG,GG,TT,CC,CC,AA,CC,CC,AT,TT,GG,CG,TT,TT,AA,CG,TT,TT,CC,TT,CC,TT,TT,GG,AA,CT,CC,AG,CC,GG,GG,GG,CG,GG,CC,TT,TT,AA,TT,AA,GG,TT,AA,CC,AC,GG,AA,AA,GG,CT,TT,AA,AA,GG,AA,AA,GT,AT,AA,TT,TT,CC,GG,TT,GG,AA,GG,CC,AA,GG,AA,AT,AG,TT,TT,GG,GG,GG,CC,AA,GG,AA,AA,CC,TT,CC,GT,TT,TT,GT,AG,CT,CC,GT,CC,CC,CG,AG,AA,TT,TT,CC,AA,AA,AA,CC,GT,GT,CC,TT,AA,AA,TT,NN,AG,CG,NN,CC,GT,TT,AA,CC,CC,CC,CC,AA,TT,CC,AA,CC,CC,AA,TT,AG,AA,GG,CC,CC,GG,AA,GG,AA,CC,GT,CC,CG,AA,AA,AG,TT,GG,AA,GT,TT,GG,CC,TT,GT,TT,CC,AT,TT,TT,AA,TT,CG,CC,AA,CC,CC,CC,CG,AC,AA,GG,AG,CC,TT,CC,TT,TT,GG,TT,AA,AA,GT,CC,GG,AA,CC,CC,GG,GG,AA,GG,TT,AC,AA,CC,GT,AA,AC,AA,AT,GT,GT,TT,AT,CG,TT,AT,CG,TT,GT,AA,GG,AA,TT,AC,TT,CG,TT,AA,CC,TT,GG,NN,CG,GG,CC,AT,TT,GT,GG,TT,AA,NN,AA,GG,CC,CC,GG,CC,GG,AT,AA,CG,TT,GG,CC,CG,AT,AG,CC,AT,CC,AA,AA,AC,CG,CC,TT,AA,GG,AA,AA,AC,AA,GG,AG,AA,AA,TT,GG,AC,AA,AC,NN,TT,AA,AA,GG,AG,GG,GT,AA,AA,TT,TT,TT,NN,TT,NN,CG,AA,8.83,Moderate,Low,Premium,Medium
L0357,Warangal,Telangana,Rabi,Black Cotton,Irrigated,410,26.5,60,AA,TT,GG,AG,GG,CC,GT,TT,CC,CC,AA,CT,CG,AT,TT,GG,GG,TT,TT,AA,CC,GG,GG,CT,TT,CC,TT,TT,GT,AA,TT,CC,AA,CC,GG,GG,GG,CC,GG,CC,GT,TT,AA,TT,AA,GG,TT,TT,CC,AA,GG,AA,AA,GG,CT,TT,AA,AA,TT,AC,AA,TT,TT,AA,TT,TT,CC,GG,TT,GG,AA,GG,NN,AA,GG,CC,AT,GG,GT,CT,GG,GG,GT,CC,AA,GG,AA,AT,CC,TT,CC,TT,CC,TT,GT,AG,TT,AC,GT,CC,CC,CC,AA,AA,TT,TT,CG,AA,AA,AA,CT,GG,TT,CC,TT,AA,AA,TT,CC,GG,CC,AG,CC,GG,TT,AA,CC,CC,CC,CC,AA,TT,CC,AA,CC,CC,AA,TT,AA,AA,CG,CC,CG,GG,AA,GG,AA,AA,GG,CC,CC,AG,AA,AG,TT,GG,AC,TT,CT,GG,AC,TT,TT,TT,CC,AT,TT,TT,AA,TT,GG,CC,AG,CC,AC,AC,GG,CC,AA,GG,GG,AC,TT,CC,GT,GT,GG,NN,AA,AA,TT,CC,GG,AA,AC,CC,GG,GG,AA,GG,TT,AA,AA,CC,GG,AA,CC,AA,TT,GT,TT,TT,AA,GG,GG,AT,CC,AT,GT,AA,GG,AG,TT,AC,TT,CC,CT,AA,CC,TT,CC,NN,CC,AG,AA,TT,CC,TT,GG,TT,AA,CC,AA,GT,CC,CC,GG,CC,GG,TT,AA,CC,GT,GG,CC,CC,AA,GG,CC,AT,CC,AA,AA,CC,CC,AC,TT,AA,GG,AA,AA,AA,AA,GG,AA,AA,AA,TT,GG,AC,AG,CC,AC,CT,AA,AA,CG,GG,CG,TT,AT,AA,TT,TT,TT,AA,TT,GG,GG,AC,7.49,Resistant,Low,Poor,Early
L0358,Warangal,Telangana,Rabi,Black Cotton,Irrigated,410,26.5,60,AC,TT,GG,AG,CG,CC,GT,AT,CC,GG,AA,CC,GG,TT,GT,GG,CC,TT,TT,AG,CC,GT,GT,CC,TT,CC,TT,TT,GG,AA,TT,CC,AA,CC,GG,GG,GG,CC,GG,AC,TT,TT,AA,TT,AG,GG,TT,AT,CC,AC,GG,AA,AG,GG,CC,TT,AA,AA,GT,AA,AA,TT,AA,AA,NN,TT,CC,GG,TT,GT,AG,GG,CC,AA,GG,AC,AA,GG,GT,TT,GG,GG,GG,CC,AT,GG,AA,AA,CC,TT,CC,GT,CC,TT,GT,GG,TT,NN,GT,CC,CC,CC,AG,AA,TT,TT,NN,AA,AA,AC,CC,GG,TT,CC,TT,AA,AA,TT,CG,NN,CC,GG,CC,GT,TT,AA,CC,CC,CC,CC,AA,TT,CC,AA,CC,CC,AA,AT,AA,AA,GG,CT,CC,GG,AA,GG,AA,CC,GT,CC,CC,AG,AA,GG,TT,GG,AA,GT,TT,GG,CC,GT,TT,TT,CC,AA,TT,TT,AA,TT,GG,CC,AG,CC,CC,AC,CG,CC,AA,GG,AG,CC,TT,CC,GT,TT,GG,AT,AA,AA,TT,CC,GG,AA,CC,CC,GG,GG,AA,GG,TT,AA,AA,CC,GG,AT,AC,AA,AA,NN,TT,AT,AA,GG,GT,AA,CC,AT,TT,AA,GG,AA,TT,AA,TT,CC,CT,AA,CC,CT,GG,AG,CC,AA,CC,TT,TT,TT,GG,TT,AC,CC,AA,GG,CC,CC,GG,CC,GG,TT,AA,NN,GT,GG,CC,CG,AA,GG,CC,AT,CC,AA,AA,CC,CG,CC,TT,AA,GG,AA,AC,AC,AA,AA,GG,AA,AG,TT,GG,AA,GG,CC,AC,CT,AA,AA,GG,GG,CC,NN,AA,AA,TT,TT,TT,AG,AT,GG,GG,AC,4.94,Resistant,Low,Standard,Late
L0359,Warangal,Telangana,Rabi,Black Cotton,Irrigated,410,26.5,60,AC,CT,GG,NN,GG,CC,GT,AT,CC,CG,AA,CC,CG,TT,TT,GG,GG,TT,TT,AA,CC,GT,TT,CC,TT,CC,TT,AT,GT,AA,CC,CC,AA,CC,GG,CG,GT,CG,GG,CC,TT,TT,AA,GT,AA,GG,TT,TT,CC,CC,GG,AA,AG,GG,CC,TT,AA,AA,TT,AC,AA,TT,AT,GG,TT,TT,CC,NN,TT,GG,AG,NN,CC,AA,GG,AA,AT,AG,TT,TT,GG,GG,GT,CC,AA,GG,AA,AA,CC,GG,CC,TT,CC,AT,TT,GG,TT,CC,GG,CC,CT,CC,AG,AA,TT,TT,CC,AA,AG,AA,CC,GG,TT,CG,NN,AC,AC,TT,CC,GG,CG,GG,NN,GG,CT,AG,CC,CC,CC,CC,NN,TT,CC,AA,CC,CT,AA,AT,AA,AA,CG,CT,CC,GG,AA,AA,AA,CC,GG,CC,CC,AA,AG,GG,GT,AG,CC,GT,TT,AG,AC,TT,TT,TT,CC,AA,TT,TT,AT,AT,CG,CC,AA,CC,CC,CC,CG,CC,AA,GG,AA,CC,TT,CC,GT,GT,GG,AT,AA,NN,TT,AA,GG,AC,CC,CC,GG,AG,AA,GG,TT,AA,AG,CG,GG,AA,CC,AA,AA,GG,TT,AT,AT,CG,GT,AT,CG,TT,TT,AA,GG,AA,TT,AA,TT,CC,TT,AC,CC,TT,CG,AA,CC,GG,AC,TT,TT,GG,GG,TT,AA,AA,AA,GG,CC,CC,GG,CC,GG,TT,AA,CC,GT,GG,CC,CG,AA,GG,NN,AA,CC,AA,AA,AA,CG,CC,TT,AA,GG,AA,AA,AA,AA,GG,AA,AA,AA,TT,CG,NN,AG,AC,AA,TT,NN,AA,GG,GG,GG,TT,AT,AG,TT,NN,TT,AG,AT,GG,GG,AA,6.94,Moderate,Low,Poor,Early
L0360,Warangal,Telangana,Rabi,Black Cotton,Irrigated,410,26.5,60,AA,TT,AG,AG,GG,CC,GT,AT,CC,CC,AT,CC,CC,AT,TT,GG,GG,TT,TT,AA,CG,TT,GG,CC,TT,CC,TT,AT,GG,AA,TT,CT,AA,CC,GG,GG,GG,CG,GG,CC,TT,TT,AA,GT,AA,GG,TT,TT,CC,NN,GG,AT,GG,GG,CT,GT,AA,AC,GT,AA,AA,TT,AT,AG,TT,TT,CC,GT,CT,GT,AG,GG,CC,AA,GG,AA,NN,GG,TT,TT,AG,GG,GG,CC,AA,GG,AA,AA,CC,TT,CC,TT,NN,TT,GT,GG,TT,CC,GT,CC,CT,CC,AA,AA,AT,TT,CC,AA,AA,AA,CC,GG,TT,CC,GT,AC,AA,TT,CC,GG,CC,AG,CC,GG,TT,AA,CC,CC,CC,CC,AG,TT,CC,AA,CC,CC,AG,TT,AA,AA,GG,CC,CC,AG,AA,AG,AA,CC,GT,CC,CC,AA,AG,GG,TT,AG,AA,GT,CT,AG,CC,TT,TT,TT,CC,AA,TT,TT,AA,AT,GG,CC,AG,CT,CC,CC,CG,AC,AA,GG,AA,CC,TT,CG,GG,GT,GG,TT,AA,NN,TT,CC,GG,CC,CC,CC,GG,GG,AA,GG,TT,AA,AG,GG,GT,AA,AA,AA,AT,GG,GT,TT,AA,CG,GG,AT,CG,TT,GT,AA,GG,AA,CC,AA,TT,CC,TT,AA,CC,TT,CC,AG,CG,AA,AC,TT,TT,TT,GG,TT,AA,CC,AA,GT,CC,CG,GG,CC,GG,TT,NN,CC,GT,GG,CC,CC,AA,GG,CC,AA,CG,AA,AA,AA,CG,CC,TT,AA,GG,AA,AA,AA,AA,AA,AG,AG,AA,AT,GG,AC,AG,AA,AC,TT,AA,AA,GG,GG,GG,GT,AT,AA,TT,TT,TT,AG,AT,GG,CG,AA,8.06,Susceptible,Low,Premium,Early
L0361,Warangal,Telangana,Rabi,Black Cotton,Irrigated,410,26.5,60,AC,TT,AG,AA,GG,CC,GG,AT,CC,CG,AA,CC,CC,AT,GT,GG,GG,TT,TT,AA,CC,TT,TT,CT,TT,CC,TT,TT,GG,AA,TT,CC,AA,CC,GG,GG,GG,CG,GG,CC,TT,CT,AC,TT,NN,AG,TT,TT,CC,AC,GG,AT,AA,GG,CC,TT,AA,AA,GG,AC,AG,TT,TT,AA,TT,AT,CC,GG,TT,GG,AA,GG,CC,AA,AG,AC,AA,GG,TT,TT,GG,GG,GG,CC,AA,GG,AA,AA,CC,GT,AC,TT,CT,TT,TT,GG,CT,CC,TT,CC,CC,CC,AA,AA,TT,TT,CG,AA,AG,AA,CC,GG,TT,CC,TT,AC,AA,TT,CG,AG,CG,GG,CC,GG,TT,AA,CC,CC,AC,CC,AA,TT,CC,AA,CC,CT,AA,TT,AA,AA,CG,CC,CC,GG,AG,AA,AA,NN,GG,CC,CC,AA,AG,GG,GT,GG,AA,TT,CC,NN,CC,GT,TT,CT,CC,AA,GT,CT,AT,TT,GG,CC,AA,CT,CC,CC,GG,CC,AA,GG,AG,CC,NN,CC,GT,GT,GG,TT,AA,AA,TT,CC,GG,AA,CC,CC,GG,GG,AA,GG,TT,AA,AA,CC,GG,AA,CC,AT,AA,GG,TT,TT,AT,GG,TT,AT,CG,AA,GT,AA,GG,AA,TT,AA,TT,CC,TT,AA,CC,CT,GG,AA,CC,AA,CC,TT,CT,TT,GG,TT,AA,AA,AG,GG,CC,CG,GG,CC,GG,AT,AG,CC,TT,GG,CC,CC,AT,GG,CG,TT,CC,AT,AA,AC,CC,AC,TT,AA,GG,AA,AA,AA,AC,GG,AA,AA,AA,AT,CG,AA,GG,CC,AA,CC,AA,AA,GG,GG,GG,TT,AT,AG,GT,TT,TT,AA,AT,GG,GG,AA,8.15,Moderate,Medium,Standard,Medium
L0362,Warangal,Telangana,Rabi,Black Cotton,Irrigated,410,26.5,60,CC,TT,GG,AG,GG,CG,GG,TT,CC,CC,AA,NN,CC,AT,GT,GT,GG,TT,TT,AG,CG,TT,TT,CC,TT,CC,TT,AT,GT,AA,TT,CT,AA,CC,GG,GG,GG,CC,GG,AC,TT,CT,AA,TT,AA,AG,TT,TT,CC,CC,GG,AA,AA,GG,CC,GT,AA,AA,TT,AC,AG,TT,TT,AA,CT,TT,CC,GG,TT,GG,AA,GG,CC,AA,GG,AC,AT,GG,TT,TT,GG,GT,GG,CC,AT,GG,AG,AA,CC,NN,CC,TT,CT,AT,TT,AG,TT,CC,GG,CC,CC,CC,AG,AA,TT,TT,CG,AA,GG,AA,CT,GG,NN,CG,TT,AA,AC,TT,CC,GG,CC,GG,CC,GT,TT,AG,CC,CC,CC,CC,AA,GT,AC,AA,CC,CT,AA,TT,AA,AA,GG,CC,NN,GG,NN,AA,AA,CC,GT,CC,CG,AG,AG,GG,TT,AG,CC,GT,NN,GG,AC,GT,GT,TT,CG,AT,GT,TT,AA,TT,CG,CC,AA,CT,CC,CC,GG,CC,AA,GG,AA,CC,TT,CC,GT,TT,GG,AT,AG,AA,TT,CC,GG,AA,CC,CC,GG,GG,NN,GG,TT,AA,AA,CC,GG,AA,CC,AA,AT,GG,TT,TT,AT,GG,GT,AT,CG,NN,TT,AA,GG,AA,CT,AA,TT,CG,CT,AC,CC,CT,GG,AG,CC,AG,CC,TT,TT,TT,NN,TT,AA,AA,AA,GG,CC,CC,NN,CC,GG,AT,AA,CG,TT,GG,CC,CG,AT,GG,CC,AA,CC,AA,AG,CC,CG,CC,TT,AA,CG,AA,AA,AA,AA,AG,AG,AA,AA,TT,GG,AA,AG,CC,CC,CT,AA,AG,GG,AG,GG,TT,AA,AG,TT,TT,TT,AG,AT,GG,GG,AA,7.87,Susceptible,High,Poor,Medium
L0363,Warangal,Telangana,Rabi,Black Cotton,Irrigated,410,26.5,60,AC,TT,AG,AG,GG,CC,GG,AA,CC,CC,AT,CC,CC,AT,TT,GT,GG,TT,AT,AA,CG,TT,TT,CT,TT,CC,TT,TT,GG,AA,TT,CC,AA,CC,GG,CC,GG,CC,GG,CC,TT,TT,AA,TT,AA,GG,TT,TT,CC,AC,GG,AA,AA,GG,CT,GT,AA,AC,GG,AA,AG,TT,AA,AA,CT,AA,CC,GG,TT,GG,AA,GG,CC,AA,AG,AA,AA,NN,GG,TT,GG,GG,GG,CC,AA,GG,AA,AA,CC,TT,CC,TT,CT,TT,TT,AG,TT,CC,TT,CC,CC,CG,GG,AA,AT,TT,CC,AA,AA,AA,CT,GG,TT,CC,TT,AA,AA,AT,CC,GG,CG,GG,CC,GT,TT,AA,CC,CC,CC,CC,NN,TT,CC,AA,CC,CC,AA,TT,AA,AA,GG,CC,CC,GG,AA,AG,AA,CC,GT,CC,CG,AA,AA,GG,TT,GG,AC,TT,TT,AG,CC,GT,GT,TT,CC,AA,TT,TT,AA,AT,GG,CC,AA,CT,CC,AC,GG,CC,AA,GG,AA,CC,TT,CC,GT,TT,GG,AT,AA,GG,TT,CC,CG,AA,AC,CG,GG,GG,AC,GG,TT,CC,AA,CC,GG,AA,AC,AA,AA,GG,NN,AT,AA,CG,GG,AA,CG,TT,GT,AA,GG,AA,CC,AA,TT,CG,TT,AA,NN,TT,CG,GG,CC,GG,CC,TT,TT,GT,GG,AT,AA,AC,AG,GG,CC,CC,GG,CC,GG,TT,AA,CC,TT,GG,CC,CG,AA,GG,CC,AT,CC,AT,AA,AC,CG,CC,TT,AA,NN,AA,AA,AC,AA,GG,AA,AA,AG,AT,GG,AA,NN,CC,AA,TT,AA,AA,GG,NN,GG,TT,AT,AA,TT,TT,TT,AG,AT,GG,CG,AA,6.03,Moderate,Low,Premium,Late
L0364,Warangal,Telangana,Rabi,Black Cotton,Irrigated,410,26.5,60,AA,TT,GG,AG,GG,CC,GT,TT,CC,GG,AA,CC,CC,AT,GT,GG,CG,TT,TT,AA,CC,TT,GT,CC,AT,CC,TT,TT,GG,AA,TT,CC,AA,CC,GG,GG,GG,CC,GG,CC,TT,CT,AA,GT,AG,GG,NN,TT,CC,AC,GT,AA,AA,GG,CC,GT,AA,AC,GT,AA,AG,TT,TT,AG,CT,TT,CC,GG,TT,GT,AA,GG,CC,AA,GG,AC,TT,GG,GT,TT,GG,GG,GT,CC,AT,GG,AA,AA,CC,NN,CC,TT,TT,AT,GT,GG,TT,CC,TT,CC,CC,CC,GG,AA,TT,TT,CC,AA,AA,AC,CC,GG,TT,CC,GT,AA,AC,TT,CG,GG,CG,GG,CC,TT,TT,AG,CC,CC,CC,CC,AG,TT,CC,AA,CC,CC,AA,TT,AG,AA,GG,CC,CC,AG,AA,AG,AA,CC,GG,CC,CC,AA,AG,GG,TT,GG,AA,GT,CC,GG,CC,TT,TT,TT,GG,AA,TT,CT,AA,AT,CG,CC,AA,CC,CC,CC,CC,AC,AA,GG,AA,CC,TT,CC,GT,TT,GG,TT,AA,AG,TT,CC,GG,AA,CC,CC,GG,GG,AC,GG,CT,AA,AA,CC,GG,AA,AC,AA,AT,GG,GT,AT,AA,GG,TT,AA,CC,AT,TT,AA,AG,AA,TT,AA,TT,CC,TT,AC,CC,CT,CG,AG,CC,AA,CC,TT,CT,NN,GG,NN,AC,AC,AG,GG,CC,CG,GG,CC,GG,TT,AA,CC,TT,GG,CC,CC,AT,GG,CG,AT,CC,AA,AA,CC,CG,CC,TT,AA,GG,AA,AA,AC,AC,AG,AG,AA,AA,AT,CG,AA,AA,CC,AA,CT,AA,AA,GG,GG,GG,TT,AT,NN,GT,TT,TT,AG,AT,GG,GG,AA,6.93,Susceptible,Medium,Premium,Late
L0365,Warangal,Telangana,Rabi,Black Cotton,Irrigated,410,26.5,60,AA,TT,AG,AA,CG,CC,GT,AT,CG,CC,AA,CC,CC,TT,TT,GG,CG,TT,AT,AA,CC,GT,GG,CC,TT,CC,TT,TT,GG,AA,TT,CT,AA,CC,GG,CG,GG,CC,GG,NN,TT,CT,AA,TT,AA,AG,TT,TT,CC,CC,GG,AT,AA,GG,NN,TT,AA,AA,GT,NN,AA,GT,AT,AG,TT,TT,CC,GG,TT,GG,AA,GG,CC,AA,NN,AA,TT,GG,TT,TT,GG,GG,GT,CC,AT,GG,AA,AT,CC,GT,CC,TT,CT,TT,GT,GG,TT,CC,TT,CC,CC,CC,AG,AA,AT,TT,CC,AA,AG,AA,NN,GG,TT,CG,TT,AA,AA,TT,CG,AG,CC,GG,CT,TT,TT,AA,CC,CC,CC,CG,AG,TT,CC,AA,CC,TT,AA,TT,AA,AA,GG,CT,CC,AG,AA,AG,AA,CC,GG,CC,CC,AA,AG,GG,TT,GG,CC,TT,CC,GG,AC,TT,TT,CT,CC,AT,TT,TT,AA,AT,GG,CC,AA,CT,AC,CC,GG,CC,AA,GG,AG,CC,TT,CC,GT,TT,GG,AT,AA,AA,TT,CC,CG,AA,CC,CC,GG,AG,AA,GG,CT,AA,AA,CC,GT,AA,CC,AA,AA,GG,TT,AT,AA,CG,TT,AA,CG,AT,TT,AA,GG,AA,CT,AA,TT,CC,TT,AA,AC,TT,CG,AA,CC,AA,CC,TT,CC,GT,GG,TT,AC,AA,AG,GG,CC,CG,GG,CC,GG,TT,AG,CC,GT,GG,CC,CC,AA,GG,CC,AA,CG,AA,AA,AC,CG,CC,TT,AA,GG,AA,AA,AC,AA,AG,AG,AA,AA,TT,GG,AA,AG,AC,AA,TT,AA,AA,CG,AG,GG,GT,AA,AA,GT,TT,AT,GG,AA,GG,GG,AA,6.12,Susceptible,Medium,Poor,Late
L0366,Warangal,Telangana,Rabi,Black Cotton,Irrigated,410,26.5,60,CC,TT,AG,AA,GG,CC,GT,AT,CC,CG,AA,CC,CC,TT,TT,TT,CG,TT,TT,AG,CC,TT,TT,CT,TT,CC,TT,AT,GG,AA,TT,CC,AA,CC,GG,CG,GG,CG,GG,CC,TT,CT,AA,TT,AA,AA,CT,TT,CC,CC,GT,AA,AG,GG,TT,GT,AA,AC,GT,AC,AG,TT,TT,AA,TT,TT,CC,GG,TT,GG,AA,GG,CC,AA,GG,CC,TT,GG,TT,TT,GG,GG,GG,CC,AA,GG,AG,AT,CC,TT,CC,TT,CC,TT,GT,GG,CT,AC,GG,NN,CT,CC,AG,AA,TT,TT,CC,AA,AA,AA,CT,NN,TT,CG,TT,AC,AA,TT,CC,GG,CC,GG,CC,GG,CT,AA,CC,CC,CC,CC,AA,GT,NN,AA,CC,CC,AA,TT,AG,AA,GG,CT,CC,GG,AA,AG,AA,CC,GG,CC,CG,AG,AA,GG,TT,AG,AA,TT,CT,GG,CC,GG,TT,TT,CC,AT,TT,CT,AA,AA,GG,CC,AA,CT,CC,CC,GG,AC,AA,GG,AG,CC,TT,CC,GG,TT,GG,AT,AG,AG,TT,AC,GG,AC,AC,CC,GG,GG,AA,CG,TT,AC,AA,CC,GG,AT,CC,AA,AA,GG,GT,TT,AT,GG,GG,AT,CC,TT,TT,AA,AG,AA,TT,AA,TT,CC,TT,AA,CC,TT,CG,AA,CC,GG,CC,TT,CT,TT,GG,TT,AA,CC,AA,GT,CC,CC,GG,CG,GG,TT,AA,CG,GT,GG,CC,CC,AA,GG,CC,AT,CC,AA,AA,CC,CG,AC,TT,AA,GG,AA,AA,AC,AA,AG,AG,AA,AA,TT,CG,AA,AA,AC,AC,CT,AA,AG,GG,AG,GG,TT,AA,AA,GT,TT,TT,GG,TT,GG,GG,AA,9.42,Moderate,Low,Poor,Early
L0367,Warangal,Telangana,Rabi,Black Cotton,Irrigated,410,26.5,60,AA,TT,GG,AA,GG,CC,GG,AT,CC,CG,AA,CT,CC,AA,TT,GG,GG,TT,TT,AA,CC,TT,GT,TT,TT,CC,TT,TT,GT,AA,TT,CT,AA,CC,AG,CC,GG,CG,GG,CC,TT,CT,AA,TT,AA,AA,TT,AT,CC,AC,GT,AT,AA,GG,CC,TT,AA,AA,GG,AC,AA,TT,TT,AG,TT,TT,CC,GG,TT,GG,AA,GT,CC,AA,GG,AC,AA,GG,TT,TT,GG,GG,GG,CC,AA,GG,AA,AA,CC,GT,AC,GG,CC,TT,TT,GG,TT,CC,GG,CC,CC,CC,AG,AA,TT,TT,CC,AA,AA,AA,CT,GG,TT,CC,TT,AA,AA,TT,CG,AA,CC,AG,CC,GG,TT,AA,CT,CC,CC,CC,AA,GT,CC,AA,CC,CT,AA,AT,AA,AT,GG,CC,CC,GG,AA,AA,AA,CC,GT,CC,CC,AA,AA,GG,TT,GG,AA,TT,TT,GG,AC,TT,GG,TT,CC,AT,TT,TT,AT,TT,GG,CC,AA,CT,CC,CC,GG,CC,AA,GG,GG,CC,TT,CC,GT,GG,GG,TT,AA,AG,TT,CC,GG,AA,CC,CC,GG,AA,AA,GG,TT,AC,AA,CC,GG,AT,AC,AA,TT,GG,TT,TT,AT,CG,TT,AA,CC,TT,TT,AA,GG,AA,TT,CC,TT,CC,TT,AC,CC,CT,CG,AG,CC,AG,AC,TT,CT,GT,GG,TT,AC,AC,AG,GG,CG,CG,CG,CC,GG,AT,AG,CC,GT,GG,CC,CG,AA,AG,CG,AA,CC,AA,AA,CC,CC,CC,TT,AG,GG,AT,AC,AA,AA,AG,GG,AA,AA,AT,GG,AC,GG,AC,AC,TT,AG,AA,GG,GG,GG,TT,AA,AG,GT,NN,TT,AG,TT,GG,CG,AA,7.03,Susceptible,High,Poor,Early
L0368,Warangal,Telangana,Rabi,Black Cotton,Irrigated,410,26.5,60,AC,TT,GG,AA,GG,CC,GG,NN,CC,CC,AA,CC,CG,TT,TT,GT,CG,TT,TT,AA,CC,GT,TT,CC,TT,CC,TT,TT,GT,AA,TT,CC,AG,CC,AG,CG,GG,CC,GG,CC,NN,TT,AA,TT,AG,AG,TT,TT,CC,CC,GG,AA,AG,GG,CC,TT,AA,AC,GG,AA,AA,TT,AT,AA,TT,TT,CC,GG,NN,GG,AA,GG,CC,AA,AG,AC,AT,GG,TT,TT,GG,GG,GG,CC,AT,GG,AA,AA,CC,TT,CC,TT,CT,AT,TT,GG,TT,AC,GT,CC,CT,CC,GG,AA,AT,TT,CC,NN,GG,AA,CC,GG,TT,CG,TT,AC,AA,TT,CC,GG,CC,GG,CC,GT,TT,AA,CT,CC,CC,CC,AA,TT,CC,AA,CC,CT,AA,AT,AA,AA,GG,CC,CC,GG,AG,AG,AT,AC,GG,CC,CC,AG,AG,GG,TT,AG,AA,GT,TT,AA,CC,TT,GT,TT,CC,AA,TT,CT,AA,TT,NN,CC,AG,CC,AC,CC,GG,CC,AA,GG,AA,CC,TT,CG,GG,TT,GG,AT,AA,AA,TT,AC,GG,AC,AC,CC,GG,AG,AA,GG,NN,AC,AA,CC,GT,AA,AC,AA,TT,GG,GT,AA,AA,GG,GT,AA,CC,AT,GG,AA,GG,AA,TT,AA,TT,CC,TT,AA,AC,TT,GG,AG,CC,AG,CC,TT,CT,TT,GG,TT,AA,AC,AG,GG,CG,CC,GG,CC,GG,TT,AA,CC,GG,GG,CC,CC,AA,GG,CC,AT,CC,AA,AA,CC,CC,AA,TT,AA,GG,AA,AC,AC,AA,GG,GG,AG,AA,AT,GG,AA,AG,AC,AA,CT,AA,AA,GG,GG,GG,TT,AA,AA,TT,TT,TT,AG,AT,GG,GG,AA,6.74,Susceptible,Medium,Premium,Early
L0369,Warangal,Telangana,Rabi,Black Cotton,Irrigated,410,26.5,60,AA,CT,GG,AA,GG,CC,GT,AT,CC,CC,AA,CT,CC,TT,TT,GG,GG,AT,TT,AA,CC,GT,TT,CC,TT,CT,TT,TT,GG,AA,TT,CC,AA,AC,GG,GG,GG,CC,GG,CC,TT,CT,AA,TT,AG,AA,TT,TT,CC,CC,GG,AT,AA,GG,CC,GT,AA,AA,TT,AC,AA,TT,TT,AG,TT,TT,CC,GG,TT,GG,AA,GT,CC,AA,GG,NN,AA,GG,TT,TT,GG,GT,GT,CC,AT,GG,AA,AA,CG,TT,CC,TT,CC,TT,GT,GG,TT,CC,GT,CC,CC,CC,AG,AA,AT,TT,CC,AG,AA,AA,CC,GG,TT,CC,GG,AA,AC,TT,CG,GG,CC,GG,CC,GG,TT,AA,CC,CC,CC,CC,AA,GT,AC,AA,CC,CC,AA,AT,AA,AA,GG,CT,CC,GG,AA,AA,AA,CC,GG,CC,CC,AA,AA,AG,TT,AG,AC,TT,CT,AG,AC,TT,GT,TT,CC,AA,TT,TT,AA,TT,NN,CC,AG,CT,CC,CC,CC,CC,AA,GG,GG,CC,TT,CG,GT,GT,GG,AT,AA,AA,TT,AC,GG,AA,CC,CC,GG,GG,AA,CG,TT,AA,AG,CC,GG,AA,CC,AA,AT,GT,TT,TT,AA,CC,GT,AA,CG,TT,GT,AA,GG,AA,CT,AA,TT,CC,CC,AA,CC,CT,CG,AA,CC,GG,CC,TT,CT,GT,GG,TT,AA,AC,AG,GG,CC,NN,GG,CC,GG,AT,AG,CC,TT,GG,CC,CC,AT,GG,CC,AT,CC,AA,AA,CC,CC,CC,TT,AA,GG,AA,AA,AA,AC,GG,AG,AA,AA,TT,GG,AA,AG,CC,AA,CT,AA,AA,GG,GG,GG,GG,AA,AA,GT,TT,AT,AG,TT,GG,GG,NN,6.23,Moderate,Medium,Poor,Early
L0370,Warangal,Telangana,Rabi,Black Cotton,Irrigated,410,26.5,60,AA,TT,GG,GG,GG,CC,GT,TT,CC,CC,AA,CC,CC,TT,TT,GT,CG,TT,TT,AA,CC,TT,GT,CC,TT,CC,GT,TT,GG,AA,TT,CT,AA,CC,GG,GG,GG,CG,GG,CC,TT,TT,AA,TT,AG,GG,TT,AA,CC,AC,TT,AA,AA,GG,CC,GT,AA,AC,GT,AC,AA,TT,AA,AG,CT,AT,CC,GG,TT,GT,AG,GG,CC,AA,AG,AA,AA,GG,TT,TT,GG,GG,GT,CC,AT,GG,AA,AA,CC,TT,AA,TT,CC,TT,TT,GG,TT,CC,GT,CC,CT,CG,AG,AA,TT,TT,CC,AA,AA,AA,CT,GG,TT,CG,GT,CC,AC,TT,CC,GG,CC,GG,CC,GG,CT,AA,CT,CC,CC,CC,AA,TT,CC,AA,CC,CT,AA,TT,AA,AA,GG,CC,CC,GG,AA,AG,AA,AC,GG,CC,CC,AA,AA,AG,TT,NN,AC,TT,TT,AG,AA,TT,GT,TT,CC,AA,TT,TT,AA,TT,GG,CC,AG,CT,CC,CC,CG,AC,AA,GG,AA,CC,TT,CC,GT,TT,GG,TT,AA,AA,TT,CC,GG,AA,CC,CC,CG,GG,AA,GG,TT,AA,AA,CG,GG,AT,AA,AA,AA,GT,TT,TT,AT,CG,TT,AA,CG,TT,TT,AA,GG,AA,CC,AA,TT,CC,TT,AA,CC,TT,GG,GG,CC,AA,AC,TT,CT,TT,GG,TT,AA,AA,AA,GG,CC,CG,GG,CG,GG,TT,AG,CG,TT,GG,CG,CC,AA,AG,CC,AT,CC,AA,AA,AC,CC,CC,TT,AA,CG,AA,AA,AA,NN,AA,AA,AA,AA,TT,GG,AC,AG,AC,AA,CT,AA,AA,GG,GG,GG,GT,AA,AG,TT,TT,TT,GG,TT,CG,GG,AA,6.13,Susceptible,Low,Poor,Late
L0371,Warangal,Telangana,Rabi,Black Cotton,Irrigated,410,26.5,60,CC,TT,AG,AG,CG,NN,GG,TT,CC,CC,AA,CC,CG,NN,GT,GG,CG,TT,TT,AA,CC,GT,GT,CC,TT,CC,GT,TT,GG,AA,TT,CC,AA,CC,GG,CG,NN,CC,GG,CC,TT,TT,AA,GG,AA,GG,TT,TT,CC,CC,GG,AA,AA,GG,CC,TT,AA,AA,GT,AA,AG,TT,TT,AA,TT,TT,CC,GG,TT,GT,AG,GG,AC,AA,GG,AA,AA,GG,TT,TT,GG,GG,GT,CC,AT,GG,AA,AT,CG,GG,AA,NN,CC,TT,TT,AG,TT,CC,GT,CT,CC,CC,AG,AA,TT,TT,CC,AA,AA,AA,CT,GG,TT,CC,GT,AA,AC,TT,CC,AG,CG,GG,CC,GG,TT,AA,CC,CC,AC,CC,AA,TT,CC,AA,CC,TT,AA,TT,AA,AA,CG,CT,CC,AG,AA,GG,AA,CC,GT,CC,CG,AA,AA,GG,TT,GG,AA,TT,CT,GG,CC,GT,GT,TT,CG,TT,TT,CT,AA,TT,GG,CC,AG,CT,CC,CC,CC,CC,AA,GG,AA,CC,TT,CC,GT,TT,GG,TT,AA,AG,TT,CC,GG,AA,CC,CC,GG,GG,AC,CG,TT,AA,AA,CC,GG,AA,CC,AA,AA,GG,TT,AA,AA,CG,TT,AA,CG,TT,GT,AA,GG,AA,CT,AA,TT,CC,TT,AA,CC,TT,GG,AG,CC,AG,CC,TT,CT,GT,GG,TT,AA,AC,AA,GG,NN,CG,GG,CC,GG,TT,AA,CG,GT,GG,CG,CC,AA,AG,CC,AA,CC,AA,AA,AC,CG,CC,AT,AA,GG,AA,AA,AA,AA,AA,AG,GG,AA,TT,CG,AC,AA,AA,AC,CT,AA,AA,GG,GG,GG,TT,AA,AA,GT,TT,TT,NN,AT,GG,CG,AA,7.63,Moderate,Medium,Premium,Early
L0372,Warangal,Telangana,Rabi,Black Cotton,Irrigated,410,26.5,60,AC,TT,GG,AG,GG,CC,GG,TT,CC,GG,AA,CT,GG,AT,TT,GG,GG,TT,TT,AA,CG,TT,GT,CC,TT,CC,TT,TT,GG,AA,TT,CC,AA,CC,GG,GG,GG,CC,GG,CC,TT,TT,AA,TT,AA,GG,TT,TT,CC,CC,GG,AA,AA,GG,CC,TT,AA,AC,GT,AC,AA,TT,TT,AG,TT,AT,CC,GG,TT,GT,AA,GG,CC,AA,GG,AC,AT,GG,TT,TT,GG,GG,GG,CC,AA,GG,AA,AA,CC,TT,AC,TT,CC,TT,TT,GG,TT,CC,TT,CC,CC,NN,AA,AG,TT,TT,CG,AA,AG,AA,CC,GG,TT,CG,GT,AC,AC,TT,CC,AG,CC,GG,CC,GT,TT,AA,CC,CC,CC,CC,AA,TT,CC,AA,CC,CC,AA,TT,AA,AA,GG,CC,CC,GG,AG,AG,AA,AC,GG,CC,CC,AA,AA,GG,TT,GG,AC,TT,TT,GG,AC,GT,TT,TT,CG,NN,GT,TT,AA,TT,CG,CC,AG,CC,CC,CC,GG,AC,AA,GG,AA,CC,TT,CC,GT,TT,GG,AT,AA,AA,TT,CC,GG,AC,CC,CC,GG,GG,CC,GG,TT,AA,AA,CC,GT,AA,AC,TT,AA,GG,TT,AT,AA,GG,GT,AT,CC,AT,GT,AA,GG,AA,CT,CC,TT,CC,TT,AA,CC,TT,CG,GG,NN,AG,CC,TT,CT,TT,GG,TT,AA,AC,NN,GG,NN,GG,GG,CC,GG,TT,AA,CC,GT,GG,CC,CC,AA,AG,CG,AT,CC,AT,AA,CC,CC,AC,TT,AA,CG,AA,AA,AA,AA,AG,AG,AG,AA,AT,GG,AA,GG,CC,AC,CC,AA,AA,GG,GG,GG,TT,AA,AA,TT,TT,TT,AA,TT,GG,GG,AA,8.47,Susceptible,Low,Standard,Medium
L0373,Warangal,Telangana,Rabi,Black Cotton,Irrigated,410,26.5,60,CC,TT,GG,AA,GG,CG,GG,TT,CC,CG,AT,CT,CG,AT,GT,GG,GG,NN,TT,AA,CG,TT,TT,CC,NN,CC,GT,TT,GT,AA,TT,CC,AA,CC,GG,CG,GG,CG,GG,CC,TT,CC,AA,NN,AA,AG,TT,TT,CC,AA,GG,AA,AA,GG,CC,TT,AT,AA,TT,AA,AG,TT,AT,AA,NN,AT,CC,GG,TT,GG,NN,GG,CC,AA,GG,CC,AA,AG,TT,TT,GG,GG,GG,CC,AA,GG,AA,TT,CC,GG,CC,TT,CC,AT,TT,GG,TT,AC,GT,CC,CC,CG,GG,AA,TT,TT,CC,AG,AG,AA,CC,GG,TT,NN,TT,AA,AA,TT,CC,GG,CC,GG,CC,TT,NN,AA,CC,CC,CC,NN,AA,TT,CC,AA,CC,CC,AG,TT,GG,AT,GG,CC,CC,GG,AG,AA,AA,CC,GG,CC,CC,AG,AA,GG,GT,GG,AC,GG,TT,GG,AC,GT,TT,TT,CC,AT,TT,TT,AA,AT,GG,CC,AG,CT,CC,AC,CC,CC,AA,AG,AA,NN,TT,CC,GG,TT,GG,TT,AG,AA,TT,AC,GG,AA,CC,CC,GG,GG,AC,GG,TT,AA,AA,CC,GG,AA,CC,AA,AT,GG,TT,AT,AA,GG,GT,AT,CG,TT,GT,AA,GG,AA,CT,AA,TT,CC,CT,CC,CC,CT,GG,AG,CC,GG,AC,TT,NN,NN,GG,TT,AC,CC,AA,GG,CC,GG,GG,CC,GG,TT,AA,CC,TT,GG,CC,CG,NN,GG,CC,AA,CC,AA,AA,AA,CC,AC,TT,AA,GG,AA,AA,AA,AC,AA,AG,AA,AG,TT,CG,AA,AG,AC,AC,CT,AG,AA,GG,GG,CG,TT,AA,AA,GT,TT,TT,GG,TT,CG,GG,AC,4.06,Moderate,Medium,Poor,Late
L0374,Warangal,Telangana,Rabi,Black Cotton,Irrigated,410,26.5,60,AA,TT,AG,AA,GG,CC,GG,AT,CC,CG,AA,CC,CG,TT,TT,GG,CG,TT,TT,AA,CC,TT,TT,CT,TT,CC,TT,AT,GG,AA,TT,CT,AA,CC,AG,CG,GG,CG,GG,AC,TT,TT,AC,TT,AA,GG,TT,AT,CC,AC,GT,AA,AA,GG,CC,TT,AT,AA,GG,AA,AA,GT,TT,AA,TT,TT,CC,GG,TT,GT,AA,GG,CC,AA,GG,AC,AA,GG,TT,TT,GG,GT,GG,NN,AT,GG,AA,AA,CC,TT,CC,TT,CC,TT,TT,GG,CT,CC,GT,CC,CC,CC,GG,AG,TT,TT,CC,AA,AA,AA,CC,GG,TT,CG,TT,AA,AA,AT,CG,AG,CC,GG,CC,GG,CT,NN,CT,CC,CC,CC,AA,TT,CC,AA,CC,CC,AA,TT,AA,AA,CG,CC,CC,GG,AA,AG,NN,CC,GG,CC,CC,AG,AA,AG,TT,GG,AA,TT,TT,GG,AA,TT,TT,TT,CC,TT,TT,TT,AA,AT,GG,CC,AA,CT,CC,CC,CG,CC,AA,GG,AA,CC,TT,CC,GG,TT,GG,TT,AA,AA,TT,CC,CG,AC,CC,CC,GG,GG,CC,GG,TT,AA,AA,CC,NN,NN,CC,AA,AT,GG,GG,TT,AA,GG,GT,AT,CC,TT,TT,AA,GG,AA,CT,AA,TT,CC,CT,AA,CC,TT,GG,GG,CC,AG,CC,TT,CT,TT,CG,TT,AA,AC,AA,GG,CC,CC,GG,CC,GG,AT,AA,CC,GT,GG,CC,CC,AA,GG,CC,AA,CC,AA,AA,AC,CC,CC,TT,AA,GG,AA,AA,AA,AA,GG,GG,AA,AA,TT,GG,AA,AA,AC,AA,TT,AA,AA,GG,GG,CG,TT,AT,AG,GT,TT,TT,AA,AT,GG,CG,AA,6.05,Susceptible,Medium,Poor,Early
L0375,Warangal,Telangana,Rabi,Black Cotton,Irrigated,410,26.5,60,AC,TT,GG,AG,GG,CC,TT,TT,CC,CG,AA,CC,CG,TT,TT,GG,GG,TT,TT,AA,CC,GT,GT,CC,TT,CC,GT,TT,GG,AA,TT,CC,AA,CC,GG,GG,GG,CC,GG,CC,TT,CT,AA,TT,AA,AG,TT,TT,CC,CC,GG,AT,AA,GG,CT,TT,AA,AA,GG,AA,AG,TT,TT,AG,TT,TT,CC,GG,TT,GG,AG,GG,CC,AA,GG,CC,AT,GG,TT,TT,GG,GG,GT,CC,AA,GG,AA,AA,CG,GT,CC,TT,CT,TT,GG,GG,TT,CC,TT,CC,CC,CG,GG,AA,TT,TT,CC,AA,AG,AC,CT,GG,TT,CG,TT,AC,AA,TT,CG,GG,CC,GG,CC,GT,TT,AA,CC,CC,CC,CC,AA,TT,CC,AC,AC,TT,AA,TT,AA,AA,CG,CT,CC,GG,AG,AA,AA,CC,GT,CG,CC,AG,AA,GG,GT,GG,AA,GG,TT,GG,AC,TT,GT,CT,CG,AT,GT,TT,AA,TT,CG,CC,AG,CC,CC,AC,CG,CC,AA,GG,AA,CC,TT,CC,GT,TT,GG,TT,AA,AA,TT,CC,GG,AC,AC,CC,GG,GG,AA,GG,TT,AA,AA,CG,GG,AA,CC,AA,AT,GT,TT,TT,AA,GG,GT,AA,CC,TT,NN,AA,GG,AA,TT,AA,TT,CC,TT,AA,AC,TT,GG,AG,CC,AA,CC,TT,TT,TT,GG,TT,AA,CC,GG,GG,CC,CG,GG,NN,GG,AA,AA,CC,GT,GG,CC,CG,AT,AG,CC,AA,CC,AT,AA,AC,CC,AC,AT,AG,GG,AA,AC,AC,AA,GG,AG,AA,AA,TT,GG,AA,AG,AC,AC,CT,AA,AA,GG,GG,GG,GT,AT,AA,GT,TT,TT,AG,AT,GG,GG,AA,6.47,Susceptible,Low,Poor,Medium
L0376,Warangal,Telangana,Rabi,Black Cotton,Irrigated,410,26.5,60,AC,TT,GG,AA,CG,CC,GG,TT,CC,GG,AA,CC,CG,TT,TT,TT,CG,TT,TT,AG,CC,GT,GT,CC,AT,CC,GT,AT,GG,AC,TT,CC,AA,CC,GG,CG,GG,CC,GG,CC,TT,CT,AC,TT,AA,GG,TT,TT,CC,CC,GT,AA,AA,GG,CC,TT,AA,AC,TT,AA,AA,TT,TT,AA,CT,AT,CC,GG,CT,GG,AG,GT,CC,AA,AG,CC,AT,GG,GT,TT,GG,TT,GG,AC,AA,GG,AA,AA,CC,NN,CC,TT,CC,TT,TT,GG,CC,AC,GT,CC,CT,CC,AA,AA,TT,TT,CC,AA,AG,CC,CC,GG,TT,CC,TT,AA,AC,TT,CC,AG,CC,GG,CC,GG,CT,AG,CC,CC,CC,CC,AA,GT,CC,AA,CC,CC,AA,TT,AA,AT,GG,CC,CC,GG,AA,AA,AA,CC,GG,CC,CC,AA,AA,GG,TT,NN,AA,TT,CT,GG,CC,TT,TT,TT,CC,AA,TT,TT,AT,TT,GG,CC,AA,CT,CC,CC,GG,AC,AA,GG,AG,CC,TT,CG,GG,GG,CG,AA,AA,AA,TT,AC,GG,AC,AC,CC,GG,AG,AC,GG,TT,AA,AA,CC,GG,AT,AC,AA,AT,GG,TT,AT,AT,GG,GG,AA,CC,AT,GT,AA,GG,AA,TT,AA,TT,CC,TT,AA,CC,CC,GG,AG,CC,GG,CC,TT,CT,GT,GG,TT,AA,CC,AA,GG,CC,CC,GG,CC,GT,TT,AA,CC,TT,GG,CC,CC,AA,GG,CG,AA,CC,AA,AA,CC,CG,CC,TT,AA,GG,AA,AA,AA,AA,AG,NN,AA,AA,TT,GG,AA,AA,CC,AA,TT,AG,AG,GG,GG,GG,TT,AA,AG,GT,TT,AT,AG,AT,GG,GG,AA,6.43,Moderate,High,Premium,Early
L0377,Warangal,Telangana,Rabi,Black Cotton,Irrigated,410,26.5,60,AC,CT,GG,AA,GG,CC,GG,TT,CC,CC,AA,CC,CG,AT,TT,GG,CC,TT,AT,AA,CC,GT,GT,CC,TT,CT,TT,AT,GG,AA,TT,CC,AA,AC,GG,GG,GG,CC,GG,CC,TT,TT,AC,NN,AG,NN,TT,TT,CC,CC,GG,AT,AA,GG,CT,TT,AA,AA,GT,AC,AA,TT,AT,AA,TT,TT,CC,GG,TT,GG,AA,GG,CC,AA,NN,AC,NN,GG,TT,TT,GG,GG,GT,CC,AA,GG,AA,TT,CG,TT,CC,TT,CT,TT,TT,AG,TT,CC,TT,CC,CT,CC,AA,AG,TT,GT,CC,AA,AG,AA,CT,GG,TT,CC,GT,AA,AA,TT,CC,AG,CC,AG,CC,GT,CT,GG,CT,CC,CC,CC,AG,TT,CC,AA,CC,CT,AA,TT,AA,AT,CG,CT,CC,GG,AA,AA,AA,CC,GG,CC,CC,AG,AA,AG,TT,AG,AC,TT,CC,GG,CC,GT,GT,TT,CG,AA,GT,TT,AT,TT,GG,CC,AA,TT,CC,CC,GG,CC,AT,GG,AG,CC,TT,CC,GT,GT,GG,TT,AA,AA,TT,CC,GG,AA,CC,CC,GG,GG,AC,GG,TT,AA,AA,CC,GG,AA,AC,AA,AT,GG,TT,TT,AT,CG,GT,AT,CG,TT,GT,AA,GG,AA,TT,AA,TT,CG,TT,AA,CC,CT,GG,AG,CC,AG,AC,TT,TT,GG,GG,TT,AC,CC,AA,GG,CC,CC,GG,CC,GG,AT,AA,CG,TT,GG,CC,CC,AT,GG,CG,AA,CG,AA,AA,CC,CG,CC,TT,AA,CG,AA,AA,AC,AA,GG,AA,AG,AA,TT,GG,AA,AG,AC,AA,CT,AG,AA,GG,GG,GG,GT,AT,AG,TT,TT,TT,GG,AT,GG,GG,AA,7.84,Susceptible,Low,Premium,Late
L0378,Warangal,Telangana,Rabi,Black Cotton,Irrigated,410,26.5,60,AA,CT,GG,AG,GG,CC,GG,AT,CC,GG,AA,CC,CC,TT,TT,GG,GG,TT,TT,AG,CC,TT,TT,CC,TT,CC,TT,AT,GG,AA,CT,CC,AA,CC,AG,GG,GG,CG,GG,CC,TT,TT,AA,TT,AG,AG,TT,TT,CC,AC,GG,AA,AA,GG,CT,TT,AA,AA,GG,AA,AG,TT,TT,AA,TT,TT,CC,GG,CT,GG,AA,GG,CC,AA,GG,AA,AA,GG,TT,TT,GG,TT,GT,CC,AA,GG,AA,AA,CC,GT,CC,TT,CT,TT,NN,GG,CC,CC,GT,CC,CT,CG,AG,AG,TT,TT,CC,AA,AA,AA,CC,GG,TT,CG,GT,AA,AA,TT,CG,GG,CC,GG,CC,GG,TT,AA,CC,CC,CC,CC,AA,TT,CC,AA,CC,CC,AA,TT,AG,AT,CG,CC,CC,GG,AA,AG,AT,CC,GG,CC,CG,AA,AG,AG,TT,GG,AA,GT,CT,GG,CC,TT,GT,CT,CC,AT,TT,TT,AT,TT,CG,CG,AG,CC,CC,AC,GG,CC,AA,GG,GG,CC,TT,CC,GG,TT,GG,AT,AA,AA,GT,CC,GG,AC,CC,CC,GG,GG,AA,CG,TT,NN,AA,CC,GG,AA,AC,AA,AT,GG,TT,AT,AA,GG,GT,AA,CC,AT,GT,AA,GG,AA,CT,AC,TT,CC,CT,AA,CC,TT,CG,AG,NN,GG,CC,TT,CT,TT,GG,TT,AA,AC,AA,GT,CC,CG,GG,CC,GG,TT,AG,CG,GG,GG,CG,CG,AA,GG,CG,AA,CC,AA,AA,AC,CG,CC,TT,AA,GG,AA,AA,AC,AA,GG,AG,AG,AA,TT,GG,AA,AA,AC,AA,CT,AG,AA,GG,AG,CG,TT,AT,AA,TT,TT,TT,GG,AT,GG,GG,AA,9.09,Susceptible,Medium,Premium,Early
L0379,Warangal,Telangana,Rabi,Black Cotton,Irrigated,410,26.5,60,AC,TT,GG,AG,GG,CC,GG,AT,CC,CC,AA,CC,CG,TT,TT,GG,GG,NN,TT,AG,CC,TT,GT,CC,TT,CC,TT,TT,GG,AA,TT,TT,AA,CC,GG,GG,GG,CC,GG,CC,TT,TT,AA,GT,GG,AG,TT,TT,CC,AC,GG,AA,AA,CG,CC,TT,AT,AC,GG,AA,AG,TT,AT,AA,TT,TT,CC,GG,TT,GG,AA,GG,CC,AA,GG,AC,AA,GG,TT,TT,GG,GG,GT,CC,AA,GG,AA,AT,CC,TT,AC,GT,CC,TT,GT,AG,TT,CC,GG,CC,CT,CG,AG,AA,TT,TT,CC,AA,AG,AA,CT,GG,TT,CC,TT,AA,AA,TT,CG,NN,CG,GG,CC,GG,TT,AA,CC,CC,CC,CC,AA,GT,CC,AA,CC,CC,AA,TT,AA,AA,GG,CC,CC,GG,AG,GG,AA,CC,GT,CG,CC,AA,AA,GG,GT,GG,AA,TT,CT,GG,CC,GG,TT,TT,CG,AT,TT,TT,AT,TT,GG,CG,AA,CT,CC,CC,GG,CC,AT,GG,AA,CC,TT,CC,GG,TT,GG,AA,AA,AA,TT,CC,GG,AC,AC,CC,NN,AG,AA,GG,TT,AC,AA,CC,GG,AT,CC,AA,AA,GT,TT,TT,AT,GG,GT,AA,CG,AA,TT,AA,GG,AA,CT,AC,TT,CC,TT,AA,CC,TT,GG,AG,CG,AG,CC,TT,CT,NN,GG,TT,AC,AC,AA,GG,CC,CC,GG,CC,GG,TT,AG,CC,TT,GG,CC,CC,AT,GG,CC,AA,CC,AA,AA,CC,CC,AC,TT,AA,GG,AA,AA,AA,AA,AA,AA,AA,AA,AT,GG,AA,AG,CC,AA,TT,AG,AA,GG,AG,GG,GT,AA,AA,GT,TT,TT,AG,AT,GG,CG,AA,5.57,Moderate,Medium,Premium,Early
L0380,Warangal,Telangana,Rabi,Black Cotton,Irrigated,410,26.5,60,AA,CT,GG,GG,GG,CC,TT,AT,CC,NN,AA,CC,CC,TT,TT,GG,GG,TT,TT,AA,CC,TT,TT,CC,TT,CC,TT,AT,GG,AA,TT,TT,AA,CC,GG,GG,GG,CG,GG,CC,TT,TT,AA,TT,AG,GG,TT,TT,NN,CC,GG,AA,AG,GG,CC,TT,AA,AC,TT,AA,AA,NN,AA,AA,CT,AT,CC,GG,TT,GG,AG,GG,CC,NN,AG,AA,AT,GG,GT,TT,GG,GT,GG,CC,AT,GG,AG,AA,CC,TT,AC,GT,CT,TT,TT,AG,CT,CC,GT,CT,CC,NN,GG,AA,AT,TT,NN,AA,AG,AA,CT,GG,TT,CG,TT,AC,CC,TT,CC,AA,CC,AG,CC,GT,CT,AA,CC,CC,AC,CC,AA,TT,CC,AA,CC,CC,AA,TT,AA,AA,GG,CC,CC,GG,AA,AA,AA,CC,GT,CC,CC,AA,AG,AG,TT,AG,AA,TT,TT,GG,AC,TT,GT,TT,CG,AA,TT,TT,AA,TT,GG,CC,AG,CT,CC,CC,CC,CC,AA,GG,AG,CC,TT,CC,GT,TT,GG,AT,AA,AA,TT,CC,GG,AC,CC,CC,GG,GG,AC,GG,TT,AA,AA,CC,GG,AA,CC,AA,TT,GG,TT,TT,AA,GG,GT,AT,CC,AT,TT,AA,GG,AA,CT,AA,AT,CG,TT,AA,AC,CT,GG,AG,CG,AG,CC,TT,TT,TT,GG,AT,AA,CC,AA,GG,CC,GG,GG,CC,GG,TT,AA,CC,TT,GG,CC,CG,AA,GG,CG,AT,CC,AA,AA,CC,CG,CC,TT,AA,GG,AA,AA,AC,AA,GG,GG,AG,AA,TT,CG,AC,AA,AC,AA,CT,AA,AA,GG,GG,GG,TT,TT,AA,TT,TT,TT,GG,TT,GG,GG,AA,6.93,Susceptible,Low,Standard,Medium
L0381,Warangal,Telangana,Rabi,Black Cotton,Irrigated,410,26.5,60,AC,CT,GG,AA,GG,CC,GG,TT,CC,CC,TT,CT,CC,TT,TT,GG,CG,TT,AT,AA,CC,GG,GT,CC,TT,CC,TT,TT,GT,AA,TT,CT,AA,CC,GG,CC,GG,CC,GG,CC,TT,CC,AA,GT,AA,GG,TT,TT,CG,AA,GG,AA,AG,GG,CT,TT,AA,AC,GT,AA,AA,TT,TT,GG,TT,TT,CC,GG,TT,GG,AA,GG,CC,AA,AG,CC,AT,GG,TT,TT,GG,GT,TT,CC,AA,GG,AA,AT,CC,TT,CC,TT,TT,TT,TT,GG,TT,CC,TT,CC,CC,CC,AA,AA,TT,TT,CC,AA,GG,AC,CC,GG,TT,CC,GT,AA,AA,TT,CC,AG,CC,GG,CC,GG,TT,AA,CT,CC,CC,CC,AA,TT,CC,AA,CC,CC,AA,TT,AA,AA,GG,CC,CC,GG,AA,AG,AA,AC,GG,CG,CC,AA,AA,AG,TT,GG,AA,TT,CC,AG,AA,TT,TT,TT,CG,AA,GT,TT,AA,TT,GG,CC,AG,TT,CC,CC,GG,CC,AA,GG,AG,AC,TT,CC,GT,TT,GG,AT,NN,AA,TT,CC,GG,AA,CC,CC,GG,GG,CC,GG,TT,AA,AA,CC,GT,AT,AC,AA,AA,GG,TT,TT,NN,CG,GG,AT,CC,AT,TT,AA,GG,AA,TT,AC,TT,CC,TT,AA,CC,TT,GG,GG,CG,AG,CC,TT,TT,GT,GG,TT,AC,CC,AA,GG,CC,CC,GG,CC,GG,AT,NN,CC,TT,GG,CC,CC,AA,GG,CC,AT,CC,AT,AA,AC,CG,AA,TT,AA,CG,AA,AA,AA,AA,GG,AA,AG,AA,TT,GG,AC,AG,CC,AA,TT,AA,AA,GG,AG,GG,TT,AA,NN,TT,TT,TT,AG,TT,GG,GG,AA,7.38,Susceptible,High,Poor,Medium
L0382,Warangal,Telangana,Rabi,Black Cotton,Irrigated,410,26.5,60,CC,TT,GG,AG,GG,CC,GG,AT,CC,CC,AA,CC,CC,TT,TT,GG,GG,TT,TT,AA,NN,GT,GT,CC,TT,CT,TT,TT,GG,AA,TT,CT,AA,CC,AG,CG,GG,CG,GG,CC,TT,TT,AC,TT,AA,GG,TT,TT,CC,AC,GT,AA,AA,GG,CC,GT,AA,AC,TT,AA,AA,TT,TT,AG,TT,TT,CC,GG,TT,GT,GG,GG,CC,AA,GG,AA,AA,GG,TT,TT,GG,GG,GG,AC,AA,GG,AA,AA,CG,TT,CC,TT,CC,AT,TT,AG,TT,AC,GT,CC,CT,CG,GG,AA,TT,TT,CC,AA,AG,AC,CC,GG,TT,CC,GT,AA,AA,AT,CC,GG,CC,GG,CC,GG,TT,AA,CC,CC,CC,NN,NN,TT,CC,AA,CC,CC,AA,TT,AA,AT,CG,NN,CC,GG,AA,AG,AA,CC,GG,CC,CC,AG,AA,GG,TT,GG,AA,GT,TT,GG,CC,TT,TT,CT,CC,AT,TT,TT,AA,TT,GG,CC,AA,TT,CC,CC,GG,CC,AA,AG,AG,CC,TT,CC,GG,TT,CG,TT,AA,AA,GT,CC,CG,AA,AC,CG,GG,GG,AC,GG,TT,AA,AA,CC,GG,AA,AC,AA,AA,GT,GT,TT,AA,CG,GT,AA,CC,TT,GT,AA,GG,AA,TT,AA,TT,CC,TT,AA,CC,TT,GG,AA,CC,GG,CC,TT,CT,GT,GG,TT,AA,AA,AA,GT,CC,CG,GG,CC,GG,TT,AA,CC,GT,GG,CG,CC,AA,GG,CC,AA,CC,AA,AA,CC,CC,CC,AT,AA,GG,AA,AA,AC,AA,GG,AA,AA,AA,TT,GG,AA,AA,AC,AC,TT,AG,AA,GG,GG,GG,TT,AT,AA,GT,TT,TT,AA,TT,GG,GG,AA,6.32,Moderate,High,Premium,Early
L0383,Warangal,Telangana,Rabi,Black Cotton,Irrigated,410,26.5,60,AA,TT,GG,AA,GG,CG,GG,AT,CC,CG,AT,CT,CC,AT,TT,GT,GG,TT,TT,AA,CC,GG,TT,CC,TT,CC,TT,TT,GT,AA,TT,CT,AA,CC,GG,NN,GG,CG,GG,CC,TT,NN,NN,TT,AG,GG,TT,TT,CC,AA,GT,AA,AA,GG,CC,TT,AA,AC,NN,AC,AA,TT,TT,AA,TT,AT,CC,GG,TT,GG,AG,GG,CC,AA,AG,AA,AT,GG,TT,TT,GG,TT,GG,CC,AA,GG,AA,AA,CC,GT,CC,TT,CC,AT,TT,GG,TT,CC,GT,CC,CT,GG,GG,AA,AT,TT,CC,AA,AA,AA,CT,GG,TT,CC,TT,AA,NN,TT,CC,GG,CG,GG,CT,GG,TT,AA,CC,CC,CC,CC,AA,TT,CC,AA,CC,CC,AA,TT,AA,AA,GG,CC,CC,GG,AA,AG,AT,AC,GT,CC,CC,AA,AA,GG,TT,GG,CC,GT,TT,GG,CC,GT,TT,TT,GG,AT,TT,TT,AT,AT,GG,CC,AG,CC,CC,NN,GG,AC,AA,GG,AA,CC,TT,CG,GT,TT,GG,AT,AA,AG,TT,CC,CG,AA,CC,CC,GG,GG,AA,GG,TT,AC,AA,CC,GG,AT,CC,AA,TT,GG,GT,TT,AA,GG,TT,AA,CC,TT,GG,AA,GG,AA,CT,AA,TT,CC,TT,CC,CC,TT,CG,AA,CG,AG,CC,TT,TT,TT,GG,TT,AA,AC,AG,GG,CC,CC,GG,CC,GG,AT,AA,CC,GT,GG,CC,CC,AA,GG,CC,AT,CC,AA,AA,AC,CC,AA,TT,AA,GG,AA,AA,CC,AA,AG,AA,AG,AA,TT,GG,AA,AA,AC,CC,CC,AA,AA,GG,GG,GG,TT,AA,AA,TT,TT,TT,AG,AT,GG,NN,AA,5.94,Susceptible,Medium,Premium,Early
L0384,Warangal,Telangana,Rabi,Black Cotton,Irrigated,410,26.5,60,AA,TT,GG,AA,GG,CC,TT,TT,CC,CC,AA,CT,CC,TT,TT,GT,GG,TT,TT,AG,GG,TT,GT,CT,TT,CC,GT,NN,GG,AA,TT,CC,AA,CC,GG,CG,GG,CG,GG,CC,NN,TT,AA,GT,AA,GG,TT,TT,CC,AC,GG,AA,AA,GG,CC,GT,AA,CC,GT,AC,AA,GT,AT,AG,CT,AT,CC,GG,TT,GG,AA,GT,CC,AA,GG,AA,AA,GG,TT,NN,GG,GG,GG,CC,AA,GG,AA,AA,CG,GT,CC,TT,CT,AT,TT,GG,CT,CC,TT,CC,CT,CC,AG,AG,TT,TT,CC,AA,AG,AC,CC,GG,GT,CC,TT,AA,AA,TT,CG,AG,CG,GG,CC,TT,CT,AA,NN,CC,AC,CC,AA,GT,NN,NN,CC,CC,AA,TT,AA,AA,GG,CT,CC,GG,AG,AA,AA,CC,GT,CG,CC,AA,AA,GG,TT,GG,AC,GT,CT,GG,CC,GT,TT,TT,CC,AA,TT,TT,AT,AT,GG,CG,AA,CC,CC,CC,GG,CC,AA,GG,GG,CC,TT,CC,GG,GT,CC,TT,AA,AG,TT,CC,GG,AC,AC,CC,CG,GG,AA,CG,TT,AC,AA,CC,GT,AA,CC,AA,AA,GG,TT,AT,AT,NN,GT,AT,CC,AT,TT,AA,GG,AA,CT,AA,AT,CC,TT,AA,CC,TT,GG,AG,CG,GG,CC,AT,CC,TT,GG,TT,AC,CC,AG,NN,CG,CC,GG,CC,GG,AA,AA,CC,GT,GG,CC,CG,AA,GG,NN,AA,CG,NN,AA,CC,CG,AC,TT,AA,GG,AA,NN,AC,AA,AG,GG,AA,AA,TT,GG,AA,AA,AC,AA,CT,AA,AA,GG,AG,GG,TT,AA,AA,TT,TT,TT,AA,AT,GG,CG,AC,8.09,Resistant,Low,Premium,Late
L0385,Warangal,Telangana,Rabi,Black Cotton,Irrigated,410,26.5,60,AA,TT,GG,AG,CG,CG,TT,TT,CC,CG,AA,TT,CG,TT,TT,GG,CC,TT,TT,AA,CG,TT,GT,CC,TT,CC,GT,TT,GG,AA,CT,CC,AA,CC,GG,GG,GG,CC,GG,CC,TT,CT,AA,TT,AA,AG,NN,TT,CC,AA,GG,AA,AA,GG,CC,TT,AA,AA,TT,CC,AA,TT,AT,AA,TT,TT,CC,GG,TT,GG,AA,GG,CC,AA,GG,AA,AA,GG,GT,TT,GG,GG,GT,CC,AA,GG,AA,AT,CC,GG,AC,TT,CC,AT,TT,GG,CT,CC,TT,CC,CC,CC,AG,NN,TT,TT,CG,AA,AG,AA,CT,GG,TT,CC,TT,CC,AA,AT,CC,GG,CC,GG,CC,GT,NN,AA,CC,CC,CC,CG,AA,TT,CC,AA,CC,CT,AA,TT,AA,TT,GG,CC,CC,GG,AA,AG,AA,CC,NN,CC,CC,AA,AA,GG,TT,GG,AC,NN,TT,GG,AA,GT,GT,NN,CG,AA,TT,TT,AT,TT,GG,CC,AG,CT,CC,CC,GG,CC,AA,GG,AA,CC,TT,CC,GT,GT,GG,TT,AG,AG,TT,CC,CG,AA,AC,CC,GG,GG,AA,GG,TT,AC,AA,CC,GT,AA,CC,AA,AA,GG,TT,AT,AT,CG,NN,AA,CC,TT,TT,AA,GG,AA,TT,AA,TT,CG,CC,AA,CC,CT,GG,AA,CC,AA,AC,TT,CT,GT,GG,TT,AC,CC,AA,GT,CC,CC,GG,CC,GG,AA,AA,CC,GT,GG,CC,CC,AT,AG,CC,AT,CC,AT,AA,CC,CC,AC,AT,AA,GG,AA,AA,AA,AA,AG,AG,AG,AA,TT,GG,CC,AG,AA,AC,TT,AA,AA,CG,GG,GG,TT,AA,AA,TT,TT,TT,AA,TT,GG,GG,AA,8.25,Susceptible,Low,Poor,Late
L0386,Warangal,Telangana,Rabi,Black Cotton,Irrigated,410,26.5,60,AA,TT,GG,AA,GG,CC,GG,TT,CC,CG,AT,CC,CC,TT,TT,GT,CG,TT,TT,AA,CC,TT,GT,CC,TT,CC,TT,TT,GG,AA,TT,CC,AA,CC,GG,GG,GG,CC,GG,CC,TT,TT,AA,TT,AA,AA,TT,TT,CC,AC,GG,AA,AA,GG,CC,TT,AA,AA,GT,AC,AA,TT,AA,AA,TT,AT,CC,GG,TT,GG,AA,GG,CC,AA,AG,AC,AA,GG,GT,NN,GG,GG,GT,CC,NN,GG,NN,AT,CC,TT,CC,TT,CT,TT,TT,GG,CT,CC,TT,CC,CC,CG,AG,AA,AT,TT,CC,AA,AG,AA,CT,GG,TT,CC,TT,AA,AA,TT,CC,AG,CC,GG,CC,GG,CT,AA,CC,CC,CC,CC,AA,TT,CC,AC,CC,CC,AA,TT,AA,AT,CC,CT,NN,GG,AG,AG,AA,CC,GG,CC,CC,AA,AA,AG,TT,GG,AA,GT,TT,GG,AA,GT,TT,TT,CG,AA,TT,NN,AA,AT,GG,CC,AA,CT,CC,CC,GG,CC,AA,GG,AA,CC,TT,CG,GT,TT,CG,AT,AA,AA,TT,AC,GG,AA,AC,CC,GG,GG,AC,CG,TT,AA,AG,CC,GG,NN,AA,AA,AA,GT,TT,AA,AT,CG,TT,AA,CC,AT,GT,AA,GG,AA,TT,AA,TT,CC,TT,AC,CC,CT,GG,AG,CG,AG,AC,TT,TT,TT,GG,TT,AC,AA,AA,GG,CC,CC,GG,CC,GG,AA,AA,CC,GG,GG,CC,CG,AA,GG,CG,AT,CG,AA,AA,AC,CG,CC,NN,AA,GG,AT,AA,AA,AA,GG,AG,AA,AA,TT,GG,AA,AG,AC,AA,TT,AA,AG,GG,GG,CG,TT,AT,AG,TT,TT,TT,AG,TT,GG,GG,AA,4.76,Susceptible,Low,Poor,Medium
L0387,Warangal,Telangana,Rabi,Black Cotton,Irrigated,410,26.5,60,AA,TT,GG,AG,GG,CC,GG,TT,CC,CG,AT,CC,CC,TT,TT,GG,CG,TT,NN,AA,CC,TT,GG,CC,TT,CC,TT,TT,GG,AA,CT,CC,AA,CC,GG,CG,GG,CC,GG,CC,TT,TT,AA,GT,AA,GG,TT,TT,CC,CC,GG,AA,AA,GG,NN,TT,AA,AA,GT,AC,AA,TT,AA,AA,TT,AT,CC,GG,TT,GG,AG,GG,CC,AA,GG,AA,AT,GG,TT,TT,GG,GG,GT,CC,AT,GG,AA,TT,CC,GG,CC,TT,NN,AT,GG,GG,CT,CC,TT,CT,CC,CC,AG,AA,TT,TT,CC,AG,AG,AA,CC,GG,TT,CC,TT,AA,AA,TT,CG,AA,CC,AG,CC,GT,TT,AA,CC,CC,CC,CC,AA,GT,CC,AA,CC,CC,AA,TT,AG,AA,GG,CT,CC,AG,AA,AA,AA,CC,GT,CC,CC,AA,AA,GG,TT,AG,AA,GT,TT,GG,CC,GT,TT,TT,CC,AA,GT,TT,AT,AT,GG,CC,AG,CC,CC,CC,GG,NN,AA,GG,AG,AC,TT,CC,GG,GT,CG,TT,AA,AA,TT,CC,GG,AA,CC,CC,GG,GG,AA,GG,TT,AA,AA,CC,GG,AA,CC,AA,AA,GG,GT,TT,AT,GG,GG,AA,CC,AT,GT,AA,GG,AA,TT,AA,TT,CC,CT,AC,NN,TT,GG,NN,GG,AG,CC,TT,TT,GG,GG,TT,AA,AC,AA,GG,CC,GG,GG,CC,GG,AT,AA,CC,TT,GG,CC,CC,TT,GG,NN,AA,CG,AA,AA,CC,CC,CC,TT,AA,CG,AA,AC,AA,AA,AA,AA,AA,AA,AT,GG,CC,AG,AA,AC,CT,AA,AG,GG,GG,GG,TT,AA,AA,GT,TT,TT,AA,TT,GG,GG,AA,6.49,Susceptible,Low,Standard,Medium
L0388,Warangal,Telangana,Rabi,Black Cotton,Irrigated,410,26.5,60,AC,TT,AG,AG,GG,CC,GG,TT,CC,CC,AA,CC,CC,TT,TT,GG,CC,TT,TT,AA,CG,TT,GT,CC,TT,CC,GT,TT,GT,AA,TT,CT,AA,CC,GG,CG,GG,CC,GG,CC,TT,TT,AA,TT,AA,GG,TT,TT,CC,CC,GT,AA,AA,GG,CT,TT,AA,AC,GT,AA,AG,TT,TT,AA,CT,TT,CC,GG,TT,GG,AG,GG,CC,AA,AG,AC,TT,GG,NN,TT,GG,GG,GT,CC,AA,GG,AA,AA,CC,GT,CC,TT,CC,TT,GT,GG,CC,CC,TT,CT,CC,CG,AG,AA,AT,TT,CG,AA,AG,AC,TT,GG,TT,CG,GT,AC,AA,TT,CC,AG,CG,GG,CC,TT,CT,AA,CC,NN,CC,CC,AA,TT,CC,AA,CC,CC,AA,TT,AA,AA,GG,CT,CC,GG,AA,AA,AA,CC,TT,CG,CC,NN,AG,AG,TT,GG,AC,GT,NN,GG,CC,TT,TT,TT,CG,AA,TT,TT,AA,TT,GG,CG,AA,CC,CC,CC,CG,CC,AA,GG,GG,CC,TT,CC,GT,TT,CG,TT,AA,AG,TT,AC,CG,AC,NN,CC,GG,AA,AC,GG,TT,AC,AA,CC,GG,AA,AC,AA,AT,GT,GT,AA,AA,GG,GT,AT,CC,TT,TT,AA,GG,AA,CT,AA,TT,CC,CT,AA,AC,CC,GG,GG,CC,AA,CC,TT,CT,TT,GG,TT,AA,CC,AA,GG,CC,CC,GG,CC,GG,AA,AA,CC,TT,GG,CC,CG,AA,GG,CC,AT,CC,AA,AA,CC,CC,CC,AT,AA,GG,AA,AA,AA,AA,AG,AG,AA,AA,TT,GG,AA,AA,AC,AC,CC,AA,AG,GG,GG,CG,TT,AA,AA,TT,TT,TT,AG,AA,GG,CG,AA,11.6,Susceptible,Low,Premium,Late
L0389,Warangal,Telangana,Rabi,Black Cotton,Irrigated,410,26.5,60,AA,CT,GG,AA,GG,CC,GG,NN,CC,CG,AA,CC,CC,AT,GT,GT,CG,TT,TT,AG,NN,TT,TT,CT,TT,CC,TT,AT,GG,AA,CT,CC,NN,CC,GG,GG,GG,CC,GG,CC,TT,CC,AC,TT,AA,GG,TT,TT,CC,CC,GG,AT,AG,GG,CC,GT,AA,AC,TT,AA,AA,TT,TT,AA,TT,TT,CC,GG,TT,GG,AG,GT,CC,AA,GG,AA,AA,GG,TT,CT,GG,GG,GT,CC,AA,GG,AA,AA,CC,GT,AC,TT,CT,TT,GT,AG,CT,AA,GT,CC,CT,CG,AG,AA,TT,TT,CC,AA,GG,AC,CT,GG,TT,CC,TT,AC,AA,TT,CC,AG,CC,GG,CC,GG,CT,AA,CC,CC,AC,CC,AA,TT,CC,AA,CC,CC,AA,TT,AA,AT,GG,CC,CC,AG,AA,GG,AA,CC,GG,CC,CC,AA,AG,GG,NN,AG,AA,GT,CT,GG,CC,TT,GT,CT,CG,TT,GT,TT,AT,TT,GG,CC,AG,CT,CC,CC,CG,CC,AA,GG,AG,CC,TT,CG,GG,TT,CG,AT,AA,AG,TT,CC,CG,AA,CC,CC,GG,GG,AC,GG,TT,AA,AA,CC,GG,AA,CC,AA,AT,GG,TT,AT,AA,CG,GT,AT,CC,AA,TT,AA,GG,AG,CC,AA,TT,CC,TT,AC,CC,CT,CG,AA,CC,GG,CC,TT,CT,TT,GG,AT,AA,AC,AA,GG,CC,CG,GG,CC,GG,TT,AA,CC,TT,GG,CC,CG,AT,GG,CC,AT,CC,AA,AA,CC,CG,AC,AT,AA,GG,AA,AA,AC,AA,AA,AA,NN,AA,TT,GG,AA,AA,AC,AC,CC,AA,AA,GG,GG,GG,TT,AA,AG,TT,TT,TT,AA,AT,GG,CG,AA,6.55,Resistant,Medium,Premium,Early
L0390,Warangal,Telangana,Rabi,Black Cotton,Irrigated,410,26.5,60,AC,CT,GG,NN,GG,CC,GG,TT,CC,CC,AT,NN,CG,TT,GT,GT,CC,TT,AT,AA,CC,TT,TT,CC,AT,CC,GT,TT,GG,AA,TT,CC,AA,CC,GG,GG,GG,CC,GG,CC,TT,CT,AA,GT,AA,AG,TT,TT,CC,AA,GT,AA,AA,GG,CC,TT,AA,AA,GT,AA,AG,TT,NN,AG,TT,AT,CC,GG,TT,GT,AA,GT,CC,AA,AG,AC,AT,AG,TT,TT,GG,GG,GT,CC,AT,AG,AA,AA,CC,GT,CC,TT,CC,TT,GT,AG,TT,CC,TT,CC,CC,CC,GG,AA,AT,GT,CC,AA,AA,AC,TT,GG,TT,CC,TT,NN,AC,TT,CC,GG,CC,AG,CC,GG,TT,AA,CT,CC,CC,CC,AA,TT,CC,AA,CC,CT,AG,TT,AA,AT,GG,CC,CC,GG,AA,AG,AA,CC,GT,CC,CC,AA,AA,AG,TT,GG,AC,TT,TT,GG,CC,GT,TT,TT,GG,TT,TT,TT,AT,AT,CG,CC,AA,CT,CC,CC,CG,CC,AA,GG,GG,CC,TT,CC,GT,GT,GG,AT,AA,AA,TT,CC,GG,AA,CC,CC,GG,GG,NN,GG,TT,AA,AA,CC,GG,AA,CC,AT,AT,GG,TT,TT,AA,GG,GT,AA,CC,TT,GT,AA,GG,AA,TT,AA,TT,CG,TT,AC,AC,TT,CG,AA,CG,AG,AC,TT,CT,TT,GG,TT,AC,AC,AA,GG,CC,CG,GG,CC,GG,TT,AG,CC,TT,GG,CC,CC,AA,GG,CC,AA,CC,AA,AA,AC,CC,AC,TT,AA,GG,AA,AA,AA,AA,AG,AA,AA,AA,AT,GG,AA,AA,CC,AC,CT,AA,AA,GG,GG,GG,TT,AA,AA,GG,TT,TT,AA,TT,GG,GG,AA,5.82,Susceptible,High,Poor,Medium
L0391,Warangal,Telangana,Rabi,Black Cotton,Irrigated,410,26.5,60,AA,NN,AG,AG,GG,CC,GT,TT,CC,GG,AA,CT,CC,AT,TT,GG,GG,TT,TT,AA,CC,TT,GT,CT,TT,NN,TT,AT,GG,AA,TT,CT,AA,CC,GG,GG,GG,CG,GG,CC,TT,TT,AC,TT,AA,GG,TT,AT,CC,AC,GG,AA,AA,GG,CC,NN,AA,AC,GG,AA,AG,GT,AT,AA,CT,AT,CC,GG,TT,GG,AA,GG,CC,AA,GG,AC,AT,GG,TT,TT,GG,GG,GT,CC,AT,GG,AA,AA,CC,TT,CC,GT,CT,TT,GT,GG,TT,CC,TT,CC,CC,CC,GG,AA,TT,TT,CC,AA,AG,AC,CC,GG,TT,CG,GT,AA,AA,TT,CC,AG,CG,GG,CT,GT,NN,AA,CC,CC,CC,CC,AA,TT,CC,AA,CC,CC,AA,AT,AA,AT,GG,CC,CG,GG,AA,GG,AA,CC,GT,CG,CC,AA,AA,GG,TT,GG,AA,TT,CT,GG,CC,GT,GG,TT,CC,NN,GT,TT,AT,TT,CG,CC,AG,CT,CC,AC,CG,CC,AA,NN,AA,CC,TT,CC,GT,TT,CG,TT,AA,AA,NN,CC,GG,AA,CC,CC,GG,GG,AC,GG,TT,AC,AA,CC,GG,AT,AC,AA,AT,GT,TT,AA,TT,CG,GG,AA,CC,TT,GT,AA,GG,AA,TT,AA,TT,CG,CT,AC,CC,TT,NN,AA,CC,AG,CC,TT,CT,GT,GG,AT,AA,AC,AG,GG,CC,CC,GG,CC,GG,TT,AA,CC,TT,GG,CC,CC,AA,GG,CC,AA,CC,AA,AA,AC,GG,CC,TT,AA,GG,AA,AC,AC,AA,AG,AA,AA,AA,TT,CG,NN,AA,AC,AC,CT,AG,AG,GG,GG,GG,TT,AT,AG,TT,TT,TT,AG,AT,GG,CG,AA,6.5,Susceptible,Low,Premium,Late
L0392,Warangal,Telangana,Rabi,Black Cotton,Irrigated,410,26.5,60,AA,TT,GG,AG,GG,CC,GT,TT,CC,CG,AA,CC,CC,TT,TT,GG,GG,TT,AT,AA,CC,GT,TT,CC,TT,CC,TT,TT,GG,AA,TT,CC,AA,CC,GG,CG,GG,CG,GT,CC,TT,CT,AA,GT,NN,AG,TT,AT,CG,CC,GG,AT,AA,GG,CC,GT,AT,AA,GT,AA,AA,TT,TT,AA,CT,NN,CC,GG,TT,GG,AG,GG,CC,AA,AG,CC,AT,GG,TT,TT,GG,GG,GG,CC,AT,GG,AG,AT,CC,GT,AC,TT,CT,TT,NN,GG,TT,CC,TT,CC,TT,GG,GG,AA,AT,TT,CC,AA,AA,AA,CC,GG,TT,CG,GT,AA,AA,AT,CC,AG,CC,GG,CC,GT,TT,AA,CT,CC,NN,CC,AA,TT,AC,AA,CC,CT,AA,TT,AG,AT,GG,CC,CC,GG,AA,AG,AA,AC,GG,CC,NN,AA,AG,GG,NN,GG,AA,TT,CT,AG,AC,GT,TT,TT,NN,AT,TT,TT,AA,AT,CG,CC,AA,CC,CC,CC,GG,AC,AA,GG,GG,CC,TT,CG,GG,GT,CG,AT,AA,AG,TT,AC,GG,AA,CC,CC,GG,GG,AA,GG,TT,AA,AA,NN,GG,AA,CC,AT,TT,GG,TT,TT,TT,GG,GT,AA,CG,TT,GT,AA,GG,AA,TT,AA,TT,CC,TT,AA,CC,TT,CG,AG,CC,GG,CC,TT,TT,GT,GG,TT,AA,CC,AA,GG,CC,CG,GG,CC,GG,TT,AA,CC,TT,GG,CG,CC,AA,GG,CC,AT,CC,AA,AA,AA,CG,CC,TT,AA,GG,AA,AA,AC,AA,AG,AA,AA,AA,TT,GG,AC,AG,AC,AA,CT,AA,AA,GG,GG,GG,TT,AT,AA,GT,TT,TT,AA,TT,GG,GG,AC,7.59,Resistant,Low,Poor,Medium
L0393,Warangal,Telangana,Rabi,Black Cotton,Irrigated,410,26.5,60,AA,TT,GG,AG,GG,CC,GG,AT,CC,CG,AA,CC,CC,AT,TT,GG,CG,TT,TT,AA,CC,GT,GT,CT,TT,CC,TT,TT,GG,AA,TT,TT,AG,CC,GG,GG,GG,CG,GG,AC,GT,CT,AA,GT,AA,GG,TT,TT,CC,CC,GG,AT,AA,GG,CT,TT,AA,AC,NN,AA,AG,TT,AT,AG,TT,TT,CC,GG,TT,GG,AA,GG,CC,AA,NN,CC,AA,AG,TT,NN,GG,GT,GG,CC,AA,GG,AA,AA,CC,TT,AC,TT,TT,TT,GT,GG,CT,CC,TT,CC,CC,CG,GG,AA,TT,TT,CC,AA,AG,AC,CC,GG,TT,CC,TT,AC,AA,TT,CC,AG,CC,AG,NN,GG,TT,AG,CC,CC,CC,CG,AA,TT,CC,AA,CC,CT,AA,TT,AA,AA,GG,CC,CC,GG,AA,AA,AA,AC,GG,CC,CC,AA,AG,GG,GT,GG,AC,GT,TT,GG,CC,GT,TT,TT,CG,AA,NN,TT,AT,AT,GG,CC,AA,CT,CC,CC,GG,CC,AA,AG,AG,CC,TT,CC,GG,TT,GG,AT,AA,AG,TT,AC,CG,AA,CC,CC,GG,GG,AA,GG,TT,AA,AA,CC,GG,AA,CC,AT,AT,GG,NN,TT,AT,GG,GT,AT,CG,AT,TT,AA,GG,AA,CT,AA,TT,CC,CT,AA,CC,CT,GG,AG,CC,AA,CC,TT,CC,GT,GG,TT,AA,AA,AG,GG,CC,CG,GG,CC,GG,AT,AA,CC,GT,GG,CG,CC,AA,GG,CC,AA,CG,AA,AG,CC,CC,AC,TT,AA,GG,AA,AC,CC,AA,AG,AA,AA,AA,TT,GG,AA,AA,CC,AA,CC,AA,AG,GG,GG,GG,GT,AA,AA,TT,TT,TT,AA,AT,GG,GG,AA,7.41,Resistant,High,Standard,Early
L0394,Warangal,Telangana,Rabi,Black Cotton,Irrigated,410,26.5,60,AC,TT,GG,GG,GG,CC,GG,TT,CC,GG,AA,CT,CC,TT,TT,GG,GG,TT,TT,GG,CC,GT,TT,CC,TT,CC,TT,TT,GG,AA,TT,CT,AA,CC,GG,GG,GG,CC,GG,CC,TT,CT,AA,GT,AG,GG,TT,AT,CC,AC,GG,AA,AA,GG,CC,TT,AA,AA,TT,AA,AG,GT,TT,AG,TT,TT,CC,GG,TT,GG,AG,GG,CC,AA,AG,AA,AA,GG,GT,TT,GG,GG,GG,AC,AA,GG,AA,AT,CC,TT,CC,TT,CC,TT,GG,AG,TT,CC,GT,CT,CC,CC,GG,AA,TT,TT,CC,AA,AG,AC,CT,GG,GT,CG,TT,AA,AA,TT,CC,AG,CC,AA,CC,GT,TT,AA,CC,CC,CC,CC,AA,TT,AC,AA,CC,CC,AA,AT,AA,TT,CG,CT,CC,GG,AA,AA,AA,AC,GT,CC,CC,AG,AA,AG,TT,GG,CC,GT,TT,GG,CC,GT,GT,TT,CC,AT,TT,CT,AA,TT,GG,CC,AG,CT,AC,CC,CG,CC,AA,GG,AA,CC,TT,CG,GT,TT,CG,AT,AA,AA,TT,CC,GG,AA,CC,CC,GG,GG,AC,GG,CT,AA,AA,CC,GT,TT,AC,AA,AT,GG,TT,TT,AT,GG,GT,AA,CC,AT,TT,AA,GG,AA,CT,AC,TT,NN,TT,AC,CC,CT,GG,AA,NN,AG,CC,TT,CT,TT,GG,TT,AA,CC,AA,GG,CC,CC,GG,CC,GG,AT,AA,CC,TT,GG,CG,CC,AA,AG,CG,AA,CC,AT,AA,CC,CC,CC,TT,AA,GG,AA,AA,AC,AA,AG,AA,AA,AA,TT,GG,AA,AG,CC,AC,CT,AG,AA,GG,GG,GG,TT,AA,AG,TT,TT,TT,AG,AA,GG,GG,AA,7.1,Susceptible,High,Premium,Early
L0395,Warangal,Telangana,Rabi,Black Cotton,Irrigated,410,26.5,60,AC,NN,GG,AA,GG,CC,GG,TT,CC,CG,AA,CT,CC,TT,TT,GG,GG,TT,TT,AA,CG,TT,TT,CC,TT,CC,TT,AT,GG,AA,TT,CC,AA,CC,GG,CG,GG,CG,GG,CC,TT,CC,AA,TT,AG,AG,TT,TT,CC,AC,GG,AA,AA,GG,CC,TT,AT,AC,GT,AA,AA,TT,TT,GG,TT,AT,CC,GG,TT,GG,AA,GG,CC,AA,GG,AC,AA,AG,TT,TT,GG,GG,GG,CC,AA,GG,AA,AA,CC,TT,CC,TT,CC,TT,TT,GG,CT,CC,GT,CC,CC,CG,GG,AA,TT,TT,CC,AA,GG,AA,CT,GG,TT,CG,GG,AA,AA,TT,CC,GG,CC,GG,CC,GT,CT,AA,CC,CC,CC,CG,AA,TT,AC,AA,CC,CT,AA,TT,AA,AT,GG,CT,CC,GG,AA,AA,AA,CC,GT,CC,CC,AA,AA,AG,TT,GG,AC,TT,CT,GG,CC,TT,GT,TT,CC,AA,GG,CT,AA,TT,GG,CC,AA,CT,CC,CC,CG,CC,AA,GG,AG,CC,TT,CC,GT,TT,CG,TT,AA,AA,TT,CC,GG,AA,AC,CC,GG,AG,CC,GG,TT,AA,AA,CC,GG,AA,AC,AA,AT,GG,TT,AT,AT,GG,GG,AT,CC,AT,TT,AA,GG,AA,TT,AA,TT,CC,TT,AA,CC,CT,GG,AA,CC,AA,AC,TT,TT,GT,GG,TT,CC,CC,AA,GG,CC,CG,GG,CC,GG,NN,AA,CC,GT,GG,CC,CG,AA,GG,CC,NN,CC,AA,AG,AC,CG,AC,TT,AA,GG,AA,AA,CC,AA,GG,AA,AA,AA,AT,GG,AC,AG,CC,AC,TT,AA,AA,GG,GG,CG,TT,AA,AA,TT,AT,TT,AA,AT,GG,CG,AA,7.85,Susceptible,Medium,Premium,Late
L0396,Warangal,Telangana,Rabi,Black Cotton,Irrigated,410,26.5,60,AA,CT,GG,AG,GG,CC,GG,AT,CC,CG,AA,CC,CC,TT,TT,GG,CG,TT,TT,AG,CC,GT,TT,CC,TT,CC,GT,AT,GG,AA,NN,CT,AA,CC,GG,GG,GG,CG,GG,CC,TT,TT,AA,TT,AA,GG,CT,TT,CC,AC,GG,AT,AA,GG,CC,GT,AA,AA,GT,AA,AA,TT,AT,AG,TT,AA,CC,GT,TT,GT,AA,GT,CC,AA,AG,AA,TT,GG,TT,TT,GG,GG,GT,CC,AA,GG,AG,AA,CC,GT,CC,TT,CC,TT,GT,GG,CT,CC,TT,CT,CT,CC,AA,AA,TT,TT,CC,AA,AG,AC,TT,GG,TT,CC,GT,AA,AA,TT,CC,GG,CG,GG,CC,GT,TT,AA,CC,CC,CC,CC,AA,TT,CC,AA,CC,CC,AA,TT,AA,AA,GG,CT,CC,GG,GG,AG,AA,CC,GT,CC,CC,AA,GG,AG,TT,GG,AC,TT,CT,AG,CC,TT,GG,CT,CC,NN,GT,CT,AA,NN,GG,CC,AG,TT,CC,CC,CG,CC,AA,AG,AA,CC,TT,CG,GG,TT,GG,AT,AA,AA,TT,CC,GG,AC,CC,CC,GG,GG,AA,GG,TT,AC,AA,CC,GG,AA,CC,AA,AA,GG,TT,TT,AA,CC,GT,AT,CG,TT,GT,AA,GG,AA,CC,AA,TT,CC,TT,AA,AC,CT,CG,AG,CC,AA,AC,AT,TT,GG,GG,NN,AA,CC,AG,GT,CC,GG,GG,CC,GG,AT,AG,CG,TT,GG,CC,CC,AA,AG,CC,AA,CC,AA,AA,NN,CC,AC,TT,AA,GG,AA,AA,AC,AA,GG,AG,AG,AA,TT,GG,AA,GG,AC,AA,NN,AA,AA,GG,GG,GG,TT,AT,AA,TT,TT,TT,AA,AT,GG,GG,AA,6.75,Susceptible,High,Premium,Late
L0397,Warangal,Telangana,Rabi,Black Cotton,Irrigated,410,26.5,60,AC,CT,AG,AG,GG,CC,GG,TT,CC,CC,AA,CT,CG,AT,GT,GT,CG,TT,TT,AG,CG,NN,GG,CC,AT,CC,TT,TT,GG,AA,TT,CC,AA,CC,GG,CG,GG,CG,GG,CC,TT,CT,AA,GT,AA,AG,TT,TT,CC,AA,GG,AT,AA,GG,CC,GG,AT,AA,GG,AC,AA,TT,TT,AA,TT,TT,CC,GG,NN,GT,AA,GG,CC,AA,GG,AA,TT,GG,TT,TT,GG,GT,TT,CC,AA,GG,AA,AT,CC,TT,CC,TT,CT,AT,GG,GG,TT,CC,TT,CT,CC,CC,AG,AA,TT,GT,CG,AG,AG,AA,CC,GG,TT,CC,TT,AA,AC,TT,CC,GG,CC,GG,CC,GT,TT,AG,CC,CC,CC,CC,AA,TT,CC,AA,CC,CC,AA,AT,AA,AT,GG,TT,CC,GG,AA,AA,AA,CC,TT,CC,CC,AA,AA,GG,GT,GG,AA,TT,CT,GG,CC,GT,TT,TT,CC,AA,TT,TT,AT,TT,GG,CC,AA,CC,CC,CC,CG,CC,AA,GG,AA,CC,TT,CC,GG,TT,GG,TT,AG,GG,TT,CC,CG,AC,CC,CC,GG,AG,AC,GG,TT,NN,AA,CC,GG,AA,AC,AA,AT,GG,TT,TT,AT,GG,GT,AT,CG,AA,GG,AA,AG,AA,TT,AA,TT,CC,CT,AC,CC,TT,CG,GG,CC,AA,CC,TT,CT,TT,GG,TT,AA,CC,AG,GG,CC,CG,NN,CC,GG,AT,AA,CC,TT,GG,CC,CC,AT,AG,CC,AT,CG,AA,AA,AC,CC,AC,TT,AA,GG,AA,AA,AA,AA,GG,AG,AA,AA,AT,GG,AA,AA,CC,AA,CT,AA,AA,GG,GG,GG,GT,AT,AG,TT,TT,TT,AA,TT,GG,GG,AA,9.14,Susceptible,Low,Poor,Early
L0398,Warangal,Telangana,Rabi,Black Cotton,Irrigated,410,26.5,60,AC,CT,AG,AA,GG,CC,GG,TT,CC,CG,AA,CC,GG,TT,TT,GG,GG,TT,TT,AA,CG,TT,GT,CC,NN,CT,TT,TT,GG,AA,CT,CC,AA,CC,GG,GG,GG,CC,GG,CC,TT,NN,AA,GT,AA,GG,TT,TT,CG,AC,GG,TT,AA,NN,CC,GT,AA,AC,GG,AC,AA,GT,AA,AA,TT,AT,CC,GG,TT,GG,AA,GG,CC,AA,GG,AA,AA,GG,TT,TT,GG,GG,GG,CC,AA,GG,AA,AA,CC,GT,CC,TT,CC,TT,GT,GG,TT,CC,GT,CC,CC,NN,GG,AA,TT,TT,CC,AA,AG,AA,CC,GG,TT,CG,GT,AA,AA,AT,CC,GG,CC,AA,CC,GG,TT,AA,CC,CC,CC,CC,AA,TT,AC,AA,CC,CC,AA,TT,AA,AT,GG,CC,CG,GG,AA,NN,AA,CC,GG,CC,CC,AA,AA,AG,TT,GG,AA,TT,CT,GG,CC,TT,NN,TT,GG,AT,TT,CC,AA,NN,GG,CC,AA,CT,CC,CC,GG,CC,AA,GG,AA,CC,TT,NN,GT,NN,GG,AA,AA,AA,TT,AC,CG,AC,AC,CC,GG,GG,AA,CG,TT,AC,AA,CC,GG,AA,AC,AA,AA,GG,TT,AT,AT,GG,TT,AA,GG,TT,GT,AA,GG,AA,CT,AA,TT,CC,TT,AC,CC,TT,GG,NN,CG,AG,CC,TT,CT,NN,GG,TT,AA,AC,AA,GG,CC,CG,GG,CC,GG,TT,AG,CC,TT,GG,CC,CC,AA,GG,CC,AT,CC,AA,AA,AC,CC,AC,AT,AA,GG,AA,AA,AC,AA,GG,AA,AA,AA,AT,GG,AC,GG,AC,AC,TT,AA,AA,GG,GG,GG,TT,AA,AG,TT,TT,TT,AG,TT,GG,GG,CC,4.6,Resistant,Medium,Premium,Early
L0399,Warangal,Telangana,Rabi,Black Cotton,Irrigated,410,26.5,60,AA,NN,GG,AA,GG,CC,TT,TT,CC,CC,AA,CT,CG,AT,TT,GG,GG,TT,TT,AG,CC,TT,GT,NN,TT,CC,TT,TT,GG,AA,TT,CT,AA,CC,AG,GG,GG,CG,GG,CC,TT,CT,AA,GT,AG,AG,TT,AT,CC,CC,GG,AA,AA,GG,CT,TT,AA,AA,TT,AC,AG,GT,AT,AA,CT,TT,CC,GG,TT,GT,AA,GG,CC,AA,AG,NN,AT,NN,TT,TT,GG,TT,GT,CC,AT,GG,AA,AA,CG,GT,CC,TT,CC,TT,TT,GG,TT,CC,GT,CC,CT,CC,AG,AA,AT,TT,CC,AA,AA,AA,CC,GG,TT,CG,TT,AC,AA,TT,CC,AG,CC,GG,CC,GG,TT,GG,CT,CC,CC,CC,NN,TT,CC,AA,CC,CC,AA,TT,AG,AT,GG,CC,CC,GG,AA,AA,AA,NN,GT,CC,CC,AA,AA,GG,TT,GG,AC,TT,CT,GG,AC,TT,GT,TT,CG,TT,GT,TT,AT,TT,CG,CC,AG,CT,CC,CC,CG,CC,AA,GG,AG,CC,TT,CC,GG,TT,CG,AT,AA,AA,TT,CC,GG,AA,CC,CG,GG,GG,AA,GG,TT,NN,AG,CG,GG,AA,CC,AA,AA,TT,TT,TT,AA,GG,GT,AA,CC,AA,TT,AA,GG,AA,TT,AA,TT,CC,TT,AA,CC,CT,GG,AG,CG,AG,CC,TT,TT,TT,GG,TT,AA,CC,AG,GG,CC,CG,GG,CC,GG,AT,AG,CG,GT,GG,CC,CC,AT,AG,CG,AT,CG,AA,AA,CC,CC,AA,TT,AA,GG,AA,AA,AC,AA,AG,AA,GG,AA,AT,GG,AA,AG,AC,AC,CT,AA,AA,GG,GG,GG,GT,AT,AA,TT,TT,TT,AG,TT,GG,GG,AA,5.68,Susceptible,High,Poor,Early
L0400,Warangal,Telangana,Rabi,Black Cotton,Irrigated,410,26.5,60,CC,TT,GG,GG,CG,CC,GG,TT,CC,CC,AA,CC,CC,TT,GT,GT,GG,TT,TT,AA,CC,TT,TT,CT,TT,CC,TT,TT,GG,AA,TT,CC,AA,CC,GG,GG,GT,CC,GG,CC,TT,CT,AA,GT,AG,AG,TT,TT,CC,AC,GT,AA,AG,GG,CC,TT,AA,NN,GT,AC,AA,NN,AT,AA,TT,TT,CT,GG,CT,GG,AA,GT,CC,AA,GG,AC,AA,GG,TT,TT,GG,GG,GG,CC,AA,GG,AA,AA,CC,GT,CC,TT,CC,TT,GT,AG,TT,CC,GT,CC,CC,CC,AG,AA,TT,TT,CC,AA,AA,AA,CT,GG,TT,CG,TT,AA,AA,TT,CG,GG,CC,NN,CC,GT,CT,AA,CC,CC,CC,CC,AG,TT,CC,AA,CC,CC,AA,TT,AA,AA,GG,CC,CC,GG,AA,AG,AA,CC,GT,CG,CC,AA,AG,GG,TT,GG,CC,TT,TT,GG,AC,TT,TT,TT,CC,AA,GT,CT,AA,TT,GG,CC,AG,TT,CC,CC,CG,CC,AA,AG,AG,CC,TT,CC,TT,GT,GG,AT,AA,GG,TT,CC,CG,AA,CC,CC,GG,GG,AA,GG,TT,AC,AA,CG,GG,AA,CC,AA,AT,GT,TT,TT,AA,CC,GT,AT,CC,AT,TT,AA,GG,AA,TT,AA,TT,CG,CT,AA,CC,CT,GG,AG,CG,NN,CC,TT,TT,GT,GG,TT,AA,CC,AG,GG,CC,CC,GG,CC,GG,AT,AA,CC,TT,GG,CG,CC,AT,GG,CG,AA,CG,AA,AA,CC,GG,AA,TT,AA,GG,AA,AA,AA,AC,GG,AG,AA,AG,TT,GG,AA,AG,AC,AA,TT,AA,AA,GG,GG,GG,TT,AA,AA,TT,TT,TT,AA,AT,GG,GG,AA,7.37,Susceptible,Low,Poor,Medium
L0401,Warangal,Telangana,Rabi,Black Cotton,Irrigated,410,26.5,60,AA,TT,GG,AG,GG,CC,GT,TT,CC,CG,AA,CC,CC,AT,TT,GT,GG,TT,TT,AA,CC,GT,GG,CT,NN,CC,TT,TT,GT,AA,TT,CC,AA,CC,GG,GG,GG,CC,GG,CC,TT,TT,AA,TT,AA,GG,CT,AT,CC,AC,GT,AA,AA,CG,CT,TT,AA,AA,GT,AC,AA,TT,TT,AG,TT,TT,CC,GG,TT,GG,AA,GG,CC,AA,GG,CC,AA,GG,NN,TT,GG,GG,GT,CC,AT,GG,AA,AA,CC,GT,CC,TT,CC,TT,TT,GG,CT,CC,GG,TT,CT,GG,AA,AA,AT,TT,CC,AA,GG,AA,CT,GG,TT,CC,TT,AA,AA,AT,CC,GG,CC,GG,CC,GG,CT,AA,CC,CC,CC,CG,AA,TT,CC,AA,CC,CC,AA,TT,AA,AT,GG,CC,CC,GG,AA,AA,AA,CC,GT,CC,CC,AA,AG,AG,TT,GG,AA,TT,TT,GG,AC,TT,GT,NN,CG,AT,TT,TT,AT,AT,GG,CG,AA,CT,CC,CC,CG,CC,AA,AG,AG,CC,TT,CC,GG,TT,CG,AT,AA,AA,TT,AC,CG,AA,AC,CC,CG,GG,AC,GG,TT,AC,AA,CG,GG,AA,CC,AA,AT,GG,TT,AT,AA,GG,GT,AA,CC,AT,GT,AA,GG,AA,CT,AA,TT,CG,TT,AC,CC,NN,CG,NN,CC,AA,CC,TT,TT,GT,NN,TT,AA,CC,AA,GG,CC,CC,GG,CC,GG,TT,AA,NN,TT,GG,CC,CC,AT,GG,CC,AA,CC,AA,AA,CC,CG,AC,TT,AA,GG,AA,AC,AA,AA,GG,GG,AG,AG,TT,CG,AA,AG,AC,AC,TT,AA,AA,GG,GG,CG,TT,AA,NN,TT,TT,TT,AG,AT,GG,GG,AA,10.22,Moderate,Low,Premium,Early
L0402,Warangal,Telangana,Rabi,Black Cotton,Irrigated,410,26.5,60,AA,TT,GG,AG,GG,CC,GG,TT,CC,CC,NN,CC,CG,AT,TT,GG,GG,TT,TT,AG,CC,GT,GG,CC,TT,CC,TT,TT,GG,AA,TT,CC,AA,CC,GG,GG,GG,CC,GG,CC,GT,TT,AA,TT,AG,AG,TT,TT,CC,AA,GG,AA,AG,GG,CT,GT,AA,AA,GT,AC,AG,TT,AT,AG,TT,AA,CC,GG,TT,TT,AA,GG,CC,AA,GG,AA,AA,GG,TT,TT,GG,GT,GG,CC,AA,AG,AA,AA,CC,TT,AC,TT,CC,TT,GT,GG,TT,CC,GT,CC,CT,CG,AG,AA,AT,TT,CC,AA,AA,AA,CT,GG,TT,CC,GT,AA,AA,TT,CC,AG,CG,GG,CC,GT,TT,AA,CC,CC,CC,CC,AA,TT,CC,AA,NN,CC,AA,TT,AA,AA,GG,CC,CC,GG,AA,AG,AA,CC,GG,CC,GG,AA,AG,GG,GT,GG,AC,NN,CC,AG,AC,GT,TT,CT,CC,AA,TT,TT,AA,TT,NN,CC,AA,CC,CC,CC,CG,CC,AA,GG,AA,CC,TT,CC,GT,TT,GG,AT,AA,AG,TT,CC,CC,AC,CC,CC,GG,GG,AA,GG,TT,CC,AA,CC,GG,AA,CC,AA,AA,GT,TT,AT,AA,GG,GT,AA,CG,TT,GG,AA,AG,AA,CT,AA,TT,CC,TT,CC,CC,TT,CG,NN,CG,AG,CC,TT,TT,NN,GG,TT,AC,AC,AA,GG,CC,CC,GG,CC,GG,AA,AA,CC,GT,GG,CC,CC,AA,AG,CG,AA,CC,AA,AA,AC,CG,AA,TT,AA,GG,AA,AC,AC,AA,GG,AG,AA,AG,AT,GG,AA,AG,CC,AA,TT,AA,AA,GG,GG,NN,TT,AT,AG,GT,TT,TT,AA,TT,GG,CG,AC,8.8,Resistant,Medium,Poor,Late
L0403,Warangal,Telangana,Rabi,Black Cotton,Irrigated,410,26.5,60,AC,TT,GG,AG,GG,CC,GG,TT,CG,CG,AA,CC,CC,TT,TT,GG,GG,TT,TT,AA,CG,TT,NN,CC,TT,CC,TT,TT,GG,AA,TT,CC,AG,CC,GG,GG,GG,CC,GG,CC,TT,CT,AA,TT,AA,AG,TT,TT,CC,CC,GG,AA,AG,GG,CC,NN,AT,AA,GG,AA,AG,TT,AT,AA,TT,TT,CC,GG,TT,GT,AA,GG,CC,AA,AA,AC,AA,GG,TT,TT,GG,GG,GG,CC,AA,GG,AA,AA,CC,GT,CC,TT,CC,TT,GT,GG,TT,CC,GT,CC,CC,CG,AG,AA,AT,TT,CG,AA,AA,AA,CC,GG,TT,CC,TT,AA,AA,TT,CC,AG,CC,GG,CT,GG,TT,AA,CT,CC,CC,CC,NN,TT,AC,AA,CC,CC,NN,TT,AA,AT,GG,CC,CC,GG,AA,AG,AA,CC,GG,CC,CC,AA,AG,GG,TT,GG,NN,TT,CT,AG,CC,GT,GT,TT,CC,AA,TT,TT,NN,AT,GG,CC,GG,CT,CC,CC,GG,CC,AA,GG,AA,CC,TT,CC,GT,TT,CG,AT,AA,AA,TT,CC,GG,AA,CC,CC,GG,GG,AC,CG,TT,AC,AA,CC,GG,AA,AA,AA,AA,GG,TT,AT,AA,GG,GT,AA,CG,TT,GT,AA,GG,AA,CT,AA,TT,CC,TT,AC,CC,TT,GG,AG,CC,AG,CC,TT,TT,GT,GG,TT,AA,AC,AA,GG,CC,CG,GG,CC,GG,AA,AG,CC,TT,GG,CC,CG,AA,GG,CC,TT,CC,AT,AA,AC,GG,CC,TT,AA,GG,AA,AA,AA,AA,GG,AG,AG,AA,TT,GG,AA,AG,AC,AC,CC,AA,AA,GG,GG,GG,TT,AA,AA,GT,TT,AT,AG,TT,GG,GG,AC,5.44,Resistant,High,Standard,Early
L0404,Warangal,Telangana,Rabi,Black Cotton,Irrigated,410,26.5,60,AA,TT,GG,AG,GG,CC,GG,TT,CC,CC,AT,CT,CG,AT,TT,GT,CG,TT,TT,AG,CG,GT,GT,CC,TT,CT,GT,AT,GG,AA,TT,CT,AA,CC,GG,GG,GG,GG,GG,CC,TT,CC,AA,TT,AG,GG,TT,TT,CC,AC,GG,AA,AG,GG,CC,TT,AT,AA,GT,AC,AA,TT,AT,GG,TT,AT,CC,GG,TT,GG,AG,GG,CC,AA,AG,AC,AT,AG,GG,TT,GG,GG,GG,CC,TT,GG,AA,AA,CC,GT,AC,TT,CC,TT,TT,GG,TT,CC,GT,CC,CC,CC,GG,AG,TT,TT,CG,AA,AG,AA,CC,GG,TT,CC,GT,CC,AA,TT,CC,AG,GG,GG,CC,GG,TT,AA,CC,CC,AC,CC,AA,TT,CC,AA,CC,CC,AA,AT,AA,AT,GG,NN,CG,GG,AA,AA,TT,CC,GT,CC,CC,AG,AA,AG,TT,GG,AC,TT,TT,AG,AC,TT,TT,TT,CC,TT,TT,CT,AA,NN,GG,CG,GG,CT,CC,AC,CG,CC,AA,GG,AA,CC,TT,CC,GT,GT,GG,AA,AA,AA,TT,CC,CG,AC,CC,CC,GG,GG,AA,GG,TT,CC,AG,CG,GG,AA,CC,AA,AT,GG,TT,TT,AA,CG,GG,AA,CC,TT,GT,AA,GG,AA,CT,AC,TT,CC,TT,AC,AC,TT,CG,AA,CC,AG,CC,TT,CC,TT,GG,TT,AC,AA,AA,GG,CC,CG,GG,CG,GG,TT,AA,CC,GT,GG,CG,CG,AT,NN,CG,AA,CC,AA,AA,CC,CG,AC,TT,AG,GG,AA,AA,AC,AA,AA,AG,AG,AA,TT,GG,AA,AA,AC,AA,CT,AA,AA,GG,GG,GG,TT,AA,AG,TT,TT,TT,AG,TT,GG,GG,AA,5.07,Susceptible,Medium,Poor,Late
L0405,Warangal,Telangana,Rabi,Black Cotton,Irrigated,410,26.5,60,AA,TT,NN,GG,GG,CC,GT,AA,CC,CG,AA,CC,CC,TT,GT,GT,GG,TT,TT,AA,CC,TT,GG,CT,TT,CC,GT,TT,GG,AA,TT,CC,AA,CC,GG,GG,GG,CG,GG,CC,TT,TT,AC,TT,AA,AG,TT,TT,CC,AC,GT,AT,AA,GG,CC,TT,NN,AA,TT,AA,AA,GT,AT,AA,TT,AT,CC,GG,TT,GT,AA,GG,CC,AA,GG,AA,AA,GG,TT,TT,AG,GG,GG,CC,AA,GG,AA,AA,CC,GT,AC,TT,CT,TT,GT,GG,CT,CC,GT,NN,CC,CC,AA,AA,AT,TT,CC,AA,AA,NN,CT,GG,GT,CG,GT,AA,AA,TT,CG,GG,CC,AG,CC,GT,CT,AG,CC,CC,CC,CC,AA,TT,CC,AA,CC,CC,AA,TT,AG,AA,GG,CC,CC,GG,AG,AG,AT,CC,GT,CG,CC,AA,AA,GG,TT,AG,AA,GT,CT,AG,AA,TT,TT,TT,CC,AA,TT,TT,AT,TT,NN,CG,AA,TT,CC,CC,GG,CC,AA,GG,AA,CC,TT,CC,GG,GT,GG,AT,AA,AA,TT,CC,GG,AA,CC,CC,GG,GG,AA,GG,TT,AA,AG,CC,GG,AA,AC,AT,AA,GG,TT,TT,AA,CG,TT,AA,CG,AT,GT,AA,GG,AA,CT,AA,TT,CC,TT,AA,CC,TT,CC,AA,CC,AG,AA,TT,CT,TT,GG,TT,AC,AC,AG,GG,CG,GG,GG,CC,GG,AA,AA,CC,TT,AG,CG,CC,AA,GG,CC,AA,CC,AT,AA,CC,CG,AA,TT,AA,GG,AA,AC,AA,AA,AA,AA,AA,AA,TT,GG,AA,AA,AC,AA,TT,AG,AG,NN,GG,GG,TT,AA,AA,GT,TT,TT,AA,TT,GG,GG,AA,6.3,Susceptible,Medium,Poor,Late
L0406,Warangal,Telangana,Rabi,Black Cotton,Irrigated,410,26.5,60,AC,CT,GG,AG,GG,CC,GG,TT,CG,GG,AA,CC,CC,TT,TT,GG,GG,TT,TT,AA,CG,TT,TT,CC,TT,CC,TT,TT,GG,AC,TT,CC,AA,CC,GG,CG,GG,CG,GG,CC,TT,CT,AA,TT,AA,GG,TT,TT,CC,AC,GT,AA,AG,CG,CC,GT,AA,AA,GT,AC,AA,TT,AA,AG,TT,AT,CC,GG,TT,GT,AG,GG,CC,AA,AG,AA,AT,GG,TT,TT,GG,GG,GT,CC,AA,GG,AA,AA,CG,GT,CC,GT,CT,AT,GG,GG,CT,CC,GT,CC,CC,CG,GG,AG,TT,GT,CC,AG,AG,AC,CT,GG,TT,CC,TT,AA,AA,TT,CC,GG,CC,GG,CC,GG,TT,AA,CC,CC,CC,CC,AA,GT,CC,AA,CC,CC,AA,TT,AA,AA,GG,CC,CC,GG,AA,GG,AA,CC,GT,CC,CC,AA,AA,GG,TT,GG,AC,GT,CT,GG,CC,GT,GT,TT,CC,NN,TT,TT,AA,AT,GG,CC,AG,CT,CC,CC,GG,CC,AA,GG,AG,CC,TT,CG,NN,TT,GG,AT,AA,AA,TT,CC,NN,AC,CC,CC,GG,GG,AC,CG,NN,AA,AA,CG,GG,AA,CC,AA,TT,GT,TT,TT,AT,GG,GG,AA,CC,AT,GT,AA,GG,AA,CT,AA,TT,CC,TT,AC,AC,CT,GG,AG,CC,AG,CC,TT,TT,TT,GG,TT,AA,CC,AA,GG,CG,CC,GG,CC,GG,TT,AA,CG,TT,GG,CC,NN,AA,AG,GG,AA,CC,AT,AG,AC,CC,CC,TT,AA,GG,AA,AC,AC,AA,AA,AG,AA,AA,AT,GG,AA,AA,AA,AA,CC,AA,AG,GG,GG,CG,TT,AA,AA,TT,TT,TT,AG,TT,GG,CG,AC,6.14,Resistant,High,Premium,Medium
L0407,Warangal,Telangana,Rabi,Black Cotton,Irrigated,410,26.5,60,AA,TT,GG,AA,GG,CC,GG,TT,NN,CC,AA,CC,CC,TT,TT,GG,CG,TT,AT,AA,CC,GT,TT,NN,AT,CC,TT,TT,GG,AA,TT,CT,AA,CC,GG,CG,GG,GG,GG,CC,TT,TT,AC,TT,AG,AG,CC,TT,CC,CC,GT,AA,AA,GG,CC,TT,AA,AC,GT,AA,AA,TT,AT,AG,TT,TT,CC,GG,CT,TT,AA,GG,CC,AA,GG,AC,TT,GG,TT,TT,GG,GG,GG,CC,AA,GG,AG,AA,CC,TT,AC,TT,CC,TT,TT,GG,TT,CC,GG,CC,CC,CC,AA,AA,TT,TT,CG,NN,AG,AC,CC,GT,TT,CC,TT,AC,NN,TT,CC,GG,CC,GG,CC,GG,TT,AA,CC,CC,CC,CC,AG,TT,CC,AA,CC,CC,AA,NN,AA,AT,CG,CT,CC,GG,AG,AG,AA,AC,GG,CC,CC,AA,AA,AG,TT,AG,AA,TT,TT,GG,CC,TT,TT,TT,NN,AA,GT,TT,AA,TT,GG,CC,AA,CT,CC,CC,CG,CC,AA,GG,AA,CC,TT,CC,GG,GT,GG,AT,AA,AA,TT,CC,GG,AA,CC,CC,GG,GG,AC,GG,TT,AA,AA,CC,GT,AA,CC,AA,AT,GG,TT,TT,AT,GG,GG,AA,CC,AT,TT,AA,GG,AA,TT,AC,TT,CG,NN,AA,CC,CT,GG,AA,CC,AG,CC,AT,TT,GT,GG,TT,AA,AC,AA,GG,CC,GG,GG,CC,GG,AT,AG,CG,TT,GG,CG,CC,AA,GG,CG,AA,CC,AA,AA,CC,GG,CC,TT,AA,GG,AA,AA,AA,AA,AG,GG,AG,AA,TT,GG,AA,AA,AC,CC,CT,AA,AG,GG,GG,GG,TT,AA,AA,TT,TT,TT,AG,AT,GG,CG,AA,6.55,Susceptible,Medium,Standard,Medium
L0408,Warangal,Telangana,Rabi,Black Cotton,Irrigated,410,26.5,60,AC,CT,GG,AA,CG,CC,NN,TT,CC,CG,AA,CC,CG,AT,NN,GT,GG,TT,TT,AA,CG,GT,GT,CC,TT,CC,GT,TT,GG,AA,TT,CC,AG,CC,GG,CG,GG,CG,GG,CC,TT,TT,NN,TT,AA,AG,CT,TT,CC,CC,GT,AA,AA,GG,CT,TT,AA,AA,GT,AA,AG,TT,TT,AA,TT,TT,CC,GG,TT,GG,AA,GG,CC,AA,GG,AA,AT,AG,TT,NN,AG,GG,GG,CC,AT,GG,AA,AA,GG,GT,CC,TT,CC,TT,GT,NN,TT,CC,TT,CT,CC,CG,AA,AA,TT,TT,CC,AA,AA,AA,CT,GG,TT,CG,GT,NN,AA,TT,CC,GG,CC,AG,CT,GT,CT,GG,CT,CC,AC,CC,AA,TT,CC,AA,CC,CC,AA,TT,AA,AT,GG,CC,CC,NN,AA,GG,AA,CC,GG,CC,CC,AG,AA,GG,TT,GG,AA,TT,TT,GG,AC,TT,GT,TT,CC,AT,GT,TT,AA,AT,GG,CC,AG,CT,CC,CC,CC,CC,AA,GG,AG,CC,TT,CC,GT,TT,GG,AT,AA,AG,TT,CC,GG,AA,CC,CC,GG,GG,AA,CG,TT,CC,AA,CC,GG,AT,AC,AA,AT,GT,TT,TT,TT,GG,GG,AA,CC,AT,TT,AA,GG,AA,TT,AC,TT,CC,TT,AA,CC,TT,GG,GG,CC,AG,CC,TT,TT,TT,GG,TT,AA,AC,AA,GG,CC,CC,NN,CC,GG,AT,NN,CG,TT,GG,CC,CC,AA,GG,CC,AA,CC,AA,AA,CC,CC,AC,TT,AA,GG,AA,AA,AC,AC,AA,AG,AA,AA,AT,GG,AA,AG,AC,AA,CT,AA,AA,GG,GG,GG,TT,AA,AA,TT,TT,TT,GG,TT,GG,GG,NN,8.39,Susceptible,Low,Poor,Early
L0409,Warangal,Telangana,Rabi,Black Cotton,Irrigated,410,26.5,60,CC,CT,GG,AG,GG,CC,GT,AT,CC,CG,AA,CT,GG,TT,TT,TT,GG,TT,TT,AA,CC,GT,TT,CC,TT,CC,TT,TT,GT,AA,TT,CC,AA,CC,GG,GG,GG,CG,GG,CC,TT,TT,AA,TT,AA,GG,TT,AT,CC,AA,GT,AT,AA,GG,NN,GT,AA,AC,GG,CC,AA,GT,TT,AA,TT,TT,CC,GG,TT,GG,AG,GG,CC,AA,GG,AA,AA,GG,TT,TT,GG,GG,GG,CC,AA,GG,AA,AA,CG,GT,CC,TT,CT,AT,TT,GG,CT,AC,TT,CC,TT,CG,AG,AA,AT,TT,CC,AA,AA,AA,CC,GG,TT,CC,GT,AA,AA,TT,CC,GG,CC,GG,CC,GG,CT,AA,TT,CC,CC,CC,AA,TT,CC,AA,CC,CC,AA,TT,AA,AA,GG,CC,CC,GG,AA,AA,AT,CC,GT,CC,CC,AA,AA,GG,TT,GG,AA,GT,TT,GG,CC,TT,TT,TT,CC,AA,GG,TT,AT,TT,GG,CC,AA,CC,CC,CC,GG,CC,AA,GG,AA,CC,TT,CG,GT,TT,GG,AT,AA,AA,TT,CC,GG,AC,AC,CC,GG,GG,AC,GG,TT,AC,AA,CC,GT,AA,CC,AA,AA,GG,TT,TT,AA,CG,GG,NN,CG,TT,TT,AA,GG,AA,NN,AA,TT,CC,TT,AC,CC,TT,GG,AG,CG,AG,CC,TT,CT,TT,CG,TT,AC,AC,AA,GG,CC,CG,GG,CC,GG,AT,AA,CC,TT,GG,CC,CC,AA,AA,CG,AA,CC,AA,AA,CC,CC,CC,TT,AA,GG,AA,AA,AC,AA,AG,AA,AA,NN,TT,GG,CC,AG,AA,AC,TT,AA,AA,GG,GG,GG,TT,AA,AG,GT,TT,TT,AA,NN,GG,CG,AA,7.7,Susceptible,Low,Premium,Early
L0410,Warangal,Telangana,Rabi,Black Cotton,Irrigated,410,26.5,60,AC,TT,AG,AG,GG,CC,GT,AT,CC,GG,AA,CC,CG,TT,TT,GG,GG,TT,NN,AA,CC,TT,NN,NN,NN,CC,TT,AT,GT,AC,TT,CC,AA,CC,GG,CG,GG,CG,GG,CC,TT,CC,AA,TT,AG,AG,TT,TT,CC,CC,GG,AT,AA,GG,CT,TT,AA,CC,GG,AA,AG,TT,TT,AA,TT,TT,CC,GG,TT,GT,AG,GG,CC,AA,GG,CC,AA,GG,TT,TT,GG,GG,GG,CC,AT,GG,AA,AA,CC,TT,CC,GT,CT,TT,TT,GG,CT,CC,GG,CT,CC,CG,AG,AA,TT,TT,CG,AA,AA,AA,CC,GG,TT,CG,GT,AA,AA,TT,CC,AA,CC,AG,CT,GT,TT,AA,CC,CC,CC,CC,AA,TT,CC,AA,CC,CC,AA,AT,AA,TT,CG,CT,GG,GG,AA,AG,AA,CC,GG,CC,CG,AG,AG,GG,TT,AG,AC,GT,TT,GG,AC,TT,GT,TT,CC,AT,TT,TT,AA,TT,NN,CC,AA,CT,CC,AC,GG,CC,AT,GG,GG,CC,TT,CC,TT,TT,GG,AT,AA,AA,TT,AA,GG,AA,AC,CC,GG,GG,AA,GG,TT,AC,AA,CC,GG,AA,AC,AT,AT,NN,TT,AT,AA,GG,GG,AT,CG,AA,TT,AA,GG,AA,TT,AA,AT,CC,TT,AC,CC,TT,GG,GG,CC,AG,CC,TT,CT,NN,GG,TT,AC,AC,AG,GG,CC,CG,CG,CG,GG,AT,AA,CC,GT,GG,CC,CC,AT,AG,GG,AA,CC,AT,AA,AC,CG,AC,TT,AA,GG,AA,AC,CC,AA,AG,AG,AA,AA,TT,GG,AC,AG,AA,AC,CT,AA,AA,GG,GG,GG,TT,NN,AA,GT,TT,TT,AG,TT,GG,GG,AA,8.53,Susceptible,High,Premium,Late
L0411,Warangal,Telangana,Rabi,Black Cotton,Irrigated,410,26.5,60,AC,TT,GG,AG,CG,CC,GG,AT,CC,CC,AA,CT,CC,AT,TT,GG,CG,TT,TT,AA,CG,TT,GT,CC,AT,CC,TT,TT,GG,AA,TT,CT,AA,CC,GG,GG,GG,CC,GG,CC,TT,TT,AA,TT,AA,AG,TT,TT,CC,AC,GG,AA,AA,GG,CC,TT,AA,AC,GG,AA,AA,TT,TT,AA,NN,AT,CC,GG,TT,GG,AA,GT,CC,AG,AA,AC,TT,GG,TT,TT,GG,GG,GG,CC,AA,AG,AA,AA,CC,TT,CC,GT,CC,TT,GT,GG,CT,AC,GG,CC,CC,CC,GG,AA,AT,TT,CG,AA,AG,AA,CC,GG,TT,CC,TT,AA,AC,TT,CC,GG,CC,GG,CC,GG,NN,AA,CC,CC,CC,CC,AA,TT,CC,AA,CC,CT,AA,TT,AA,AA,GG,CC,CG,AG,AA,AG,AA,CC,GG,CC,CC,NN,AG,GG,TT,GG,AA,TT,CT,GG,AC,GT,NN,TT,CC,AA,TT,NN,AA,AT,CG,CC,AG,CT,CC,AC,CG,CC,AT,GG,GG,CC,TT,NN,GT,GT,GG,AT,AA,AA,TT,CC,GG,AC,CC,CC,GG,GG,AC,GG,TT,AA,AA,CC,GT,AA,AC,AA,AA,GT,GT,TT,AA,CG,GG,AA,CG,TT,TT,AA,GG,AA,TT,AA,TT,CC,CT,AA,NN,TT,GG,AG,CC,AA,AC,TT,CC,GG,GG,TT,AC,AC,AG,GG,CC,CC,GG,CC,GG,TT,AA,CC,GT,GG,CC,CC,AA,GG,CG,NN,CC,AT,AA,CC,CC,AA,TT,AA,GG,AA,AA,AA,AA,GG,AG,NN,AA,AT,GG,AA,AG,CC,AA,CC,AA,AA,GG,AG,GG,TT,AA,AA,TT,TT,TT,AG,TT,GG,GG,AA,8.85,Moderate,Medium,Poor,Early
L0412,Warangal,Telangana,Rabi,Black Cotton,Irrigated,410,26.5,60,AC,TT,GG,AA,CG,CC,GG,TT,CC,CG,AA,CT,CG,TT,TT,GT,GG,TT,TT,AG,CC,TT,TT,CT,TT,CC,TT,TT,GG,AA,TT,CC,AA,CC,GG,GG,GG,NN,GG,CC,TT,TT,AA,TT,AG,GG,TT,TT,CC,AC,GT,AA,AG,GG,CC,TT,AT,AC,GT,AA,AA,GT,TT,AA,TT,TT,CC,GG,TT,GT,AA,GT,CC,AA,GG,AA,TT,GG,TT,TT,GG,GG,GG,CC,TT,GG,AA,AA,CC,GT,AC,TT,CT,AT,TT,GG,CT,CC,GT,CC,CT,CC,AA,AA,TT,TT,CC,AA,GG,AC,CC,GG,TT,CC,TT,AC,AA,TT,CC,AG,CG,GG,CC,GG,CT,AG,CC,CC,CC,CC,AA,NN,CC,AA,CC,CC,AA,AA,AA,AA,GG,CC,CC,GG,AA,AG,AA,CC,GG,CC,CC,AA,AG,GG,TT,AA,NN,TT,TT,GG,CC,TT,TT,TT,CC,AT,TT,TT,AT,TT,CG,CC,AG,TT,CC,CC,CG,CC,AA,GG,AA,CC,TT,CC,GG,GT,CC,AT,AA,AA,TT,CC,GG,AA,CC,NN,GG,GG,AC,CG,TT,AA,AA,CC,GG,AA,CC,AA,AA,GG,TT,AT,AA,GG,GT,TT,CG,AT,TT,AA,GG,AA,CT,AA,TT,CC,CT,AC,AC,TT,CG,AG,CG,GG,CC,TT,CC,TT,GG,TT,AA,AC,AA,GG,CC,CC,GG,CC,GG,AA,AG,CG,TT,GG,CC,CC,AA,GG,CC,AA,CC,AT,AG,CC,CC,AC,AT,AA,GG,AA,AA,AA,AA,AG,GG,AA,AA,TT,NN,AC,AA,CC,AA,CT,AA,AA,GG,AG,GG,TT,AT,AG,TT,TT,TT,AA,TT,GG,NN,AA,8.25,Resistant,High,Standard,Early
L0413,Warangal,Telangana,Rabi,Black Cotton,Irrigated,410,26.5,60,CC,TT,AG,AA,GG,CC,GT,TT,CC,CG,AA,CC,CC,TT,TT,GG,GG,TT,TT,AA,CC,TT,TT,TT,TT,CC,TT,TT,GT,AA,TT,CC,AA,CC,GG,GG,GG,CC,GG,CC,TT,TT,AA,TT,AA,GG,CT,TT,CC,AC,GG,AT,AA,GG,CC,TT,AA,AA,TT,AA,AA,TT,TT,AG,TT,TT,CT,GG,TT,GG,AA,GG,CC,AA,AG,AA,AT,AG,GT,TT,AG,GG,GT,CC,AA,GG,AA,AA,CG,TT,CC,TT,CC,TT,TT,GG,TT,CC,GT,CT,CT,GG,AG,AA,TT,TT,CC,AG,AA,AA,CC,GG,TT,NN,TT,AA,AA,TT,GG,GG,CC,GG,CC,GT,TT,AA,CC,CC,CC,CG,AA,TT,AC,AA,CC,CT,AA,TT,AA,AT,GG,CC,NN,GG,AA,AG,AA,CC,GG,CC,CC,AG,AG,GG,TT,GG,AA,TT,TT,GG,AC,GT,GT,TT,CC,AA,GT,TT,AA,AA,GG,CC,AA,CC,CC,NN,CC,CC,AA,GG,AA,CC,TT,CG,GG,TT,GG,TT,AA,AG,TT,CC,GG,AA,CC,CC,GG,GG,AA,CG,TT,AA,AA,CC,GT,AT,CC,AA,AT,GG,GT,AT,AA,GG,NN,AA,CC,AT,GG,AA,GG,AA,NN,AA,TT,CC,TT,AA,CC,CT,CG,AA,CC,AA,CC,TT,NN,GT,GG,TT,AA,AC,AG,GG,CC,CC,GG,CC,GG,AT,AA,CC,GT,GG,CC,CC,AA,AG,CG,AT,CC,AA,AA,AC,GG,AC,TT,AA,GG,AA,AA,CC,AA,AG,AG,AG,AA,TT,GG,AA,AG,CC,AA,CT,AG,NN,GG,GG,GG,TT,AA,AA,GT,TT,TT,AA,TT,GG,CG,AA,7.52,Moderate,Low,Standard,Early
L0414,Warangal,Telangana,Rabi,Black Cotton,Irrigated,410,26.5,60,AA,TT,AG,AG,GG,CC,GG,AT,CC,CG,AA,CT,CC,TT,GT,GG,CG,TT,TT,AA,CG,TT,GT,CC,TT,CC,TT,TT,GG,AA,TT,CC,AA,NN,GG,CG,GG,CG,GG,CC,TT,CT,AA,TT,AA,GG,TT,TT,CC,AC,GG,AA,AA,GG,CC,TT,AA,AA,NN,NN,AA,TT,AT,AA,TT,TT,CC,GG,TT,NN,AA,GG,AC,AA,GG,AC,AA,GG,GT,TT,GG,GG,GG,CC,AA,GG,NN,AA,CC,GT,CC,TT,CT,TT,TT,GG,TT,CC,GT,CC,CC,CG,GG,AA,TT,TT,CC,AA,AG,AC,CC,GG,TT,CC,TT,AC,AA,TT,CC,AA,CC,GG,CC,GT,TT,AG,CT,CC,CC,CC,AA,TT,CC,AA,CC,CC,AA,TT,AA,AT,GG,CC,CC,GG,AA,AG,AT,CC,GG,CC,CC,AA,AG,GG,GT,GG,AC,TT,CC,GG,CC,GT,GG,CT,CC,AA,GT,TT,AA,TT,CG,CC,AA,CC,AC,CC,GG,CC,AA,GG,AA,CC,TT,CG,GT,TT,CG,AT,AA,AA,TT,AC,GG,AA,AC,CC,GG,GG,AC,GG,CT,AC,AA,CC,GG,AA,AA,AA,AT,GG,TT,AT,AT,CG,GG,AT,CG,AA,TT,AA,GG,AA,TT,AA,TT,CC,TT,AC,CC,TT,GG,AA,CG,AG,CC,AT,CT,TT,GG,AT,AA,CC,AA,GG,CC,CC,GG,CC,GG,AT,AA,CC,TT,GG,CC,CC,AA,AG,CC,NN,CC,AT,AA,AC,CC,AC,TT,AA,GG,AA,AA,AC,AA,GG,AA,AA,AA,TT,GG,AA,AG,CC,AA,TT,AA,AA,GG,AG,GG,TT,AA,AA,TT,TT,TT,AA,AT,GG,CG,AA,8.68,Susceptible,High,Premium,Medium
L0415,Warangal,Telangana,Rabi,Black Cotton,Irrigated,410,26.5,60,AA,CT,GG,AG,GG,CC,GG,TT,CC,CC,AA,CC,CG,AT,GT,GG,CG,TT,TT,AA,CC,TT,TT,CC,TT,CC,TT,TT,GT,AA,TT,CC,AA,CC,GG,GG,GG,CG,GG,CC,TT,CT,AA,TT,AA,AG,TT,TT,CC,AC,GT,AA,AG,GG,CT,TT,AA,AC,TT,AC,AG,TT,TT,AG,CT,AT,CC,GG,TT,GG,AA,GG,CC,AA,GG,AC,AA,GG,TT,TT,GG,GG,GG,CC,AT,GG,AG,TT,CC,TT,CC,TT,CC,TT,NN,GG,TT,CC,TT,CC,CT,CG,GG,AA,TT,TT,CG,AA,AG,AA,CT,GG,TT,CG,TT,AA,AA,TT,CG,GG,CC,AG,CC,GG,CT,AA,CC,CC,CC,CC,AG,TT,CC,AA,CC,CC,AA,TT,AA,AA,NN,CC,CC,GG,AA,AG,AT,CC,GG,CC,CC,AA,AA,GG,TT,GG,AA,GT,TT,AA,AC,TT,GT,CT,CC,AT,GG,TT,AA,TT,GG,CG,AA,CT,CC,CC,GG,CC,AA,GG,AG,CC,GT,CC,GG,GT,GG,AT,AA,AA,TT,CC,CG,AA,CC,CC,GG,GG,AA,GG,TT,AA,AA,CC,GG,AT,CC,AA,AT,GT,TT,AA,AT,GG,TT,AT,CC,TT,TT,AA,AG,AG,TT,NN,TT,CC,TT,AC,CC,TT,GG,AG,CC,AG,AC,TT,CT,TT,GG,TT,AC,AA,AG,GG,CC,CC,GG,CC,GG,TT,AA,CC,GG,GG,CG,CC,AT,GG,GG,AA,CG,AA,AA,CC,CG,AA,TT,AA,CG,AA,AA,AC,AA,AG,AG,AG,AG,TT,GG,AC,AA,NN,AA,CT,AG,AA,GG,NN,CG,TT,AT,AG,TT,TT,TT,AG,AT,GG,GG,AA,5.75,Susceptible,Low,Standard,Medium
L0416,Warangal,Telangana,Rabi,Black Cotton,Irrigated,410,26.5,60,AC,TT,GG,AA,GG,CG,GG,AA,CC,CG,AA,CC,GG,TT,GT,GG,CG,TT,TT,AA,CC,TT,TT,CT,TT,CC,TT,AT,GG,AA,TT,CT,AA,CC,GG,CG,GG,CC,GG,CC,TT,TT,AA,GT,AA,GG,TT,TT,CC,AC,GT,AA,AA,GG,CC,GT,AA,AC,GG,AC,AA,TT,TT,AG,TT,TT,CC,GG,CT,GT,AG,GG,CC,AA,GG,AC,AA,GG,TT,TT,GG,GT,GG,CC,AT,GG,AA,AT,CC,TT,AC,TT,CT,TT,GT,GG,TT,CC,TT,NN,CT,GG,AG,AG,AT,TT,CC,AG,AG,AA,CC,GG,GT,CC,TT,AA,AA,TT,GG,GG,CC,GG,CC,GG,CT,AA,CC,CC,CC,CC,AG,TT,CC,AA,CC,CC,AA,AT,AA,AA,GG,CT,CC,NN,AG,AA,AA,CC,GT,CC,CC,AG,AG,GG,TT,GG,AC,GT,CT,GG,CC,GT,TT,CT,CC,AA,TT,CT,AA,TT,GG,CC,AA,CT,CC,CC,CG,CC,NN,GG,AA,CC,TT,CC,GG,GT,CG,AT,AA,AA,TT,AC,GG,AA,CC,CC,GG,GG,AC,GG,TT,AA,AA,CC,GG,TT,AC,AA,AT,GG,TT,TT,AA,CG,GT,AT,NN,TT,GT,AA,GG,AA,CT,AA,TT,CC,TT,AA,CC,CT,GG,GG,CC,GG,CC,TT,TT,GT,GG,TT,AA,CC,AA,GG,CC,CC,GG,CC,GG,TT,AA,CC,GT,AG,CC,CC,AT,GG,CC,AA,CC,AA,AA,AC,CC,CC,AT,AA,CG,AA,AA,AA,AC,AG,AG,AA,AA,AT,CG,AA,AA,CC,AA,TT,AA,AA,GG,GG,NN,GT,AT,AA,TT,TT,TT,AA,AT,GG,GG,AA,6.68,Resistant,Low,Premium,Medium
L0417,Warangal,Telangana,Rabi,Black Cotton,Irrigated,410,26.5,60,NN,TT,AG,AG,GG,CC,GG,TT,CC,CG,AA,CC,CC,TT,TT,GG,CC,TT,TT,AA,CC,TT,TT,CC,TT,CC,TT,TT,GT,AA,CT,CT,AA,CC,AG,GG,GG,CG,GG,CC,TT,TT,AA,TT,AA,GG,TT,TT,CC,CC,GG,AA,AG,GG,CT,TT,AA,AA,GT,AA,AG,TT,TT,AA,TT,TT,CC,GG,TT,GG,AG,GG,CC,AA,GG,AC,AA,GG,TT,TT,GG,GG,GG,CC,AA,GG,AA,AA,CC,GT,CC,TT,CT,TT,GT,AG,TT,CC,TT,CC,CC,CC,AG,AA,TT,GT,CC,AA,AG,AA,CC,GG,TT,CG,TT,AA,AA,TT,CG,GG,CG,GG,CC,GT,CT,AA,CC,CG,CC,CC,AG,GT,CC,AC,CC,CC,AA,AT,AG,AA,GG,CC,CC,GG,AA,AG,AA,AC,GG,CC,CC,AA,AA,GG,TT,GG,AA,GT,CT,GG,CC,GT,NN,CT,CC,AT,GT,TT,AA,TT,GG,CC,AA,CT,CC,CC,GG,CC,AA,GG,GG,CC,TT,CC,TT,TT,NN,TT,AA,AA,TT,CC,GG,AA,AA,CC,GG,GG,AA,CG,TT,AA,AA,CG,GG,AA,AC,AA,AT,GG,TT,AT,AT,GG,GT,AA,CC,TT,TT,AA,GG,AA,TT,AA,TT,CC,CC,AC,AC,TT,GG,NN,GG,GG,AC,TT,TT,GT,GG,TT,AA,CC,AA,GG,CC,CG,GG,CC,GG,AT,AG,CC,TT,GG,CC,CC,AA,GG,CG,AA,CG,AT,AA,AC,GG,NN,TT,AA,GG,AA,AC,AC,AA,AG,AG,AA,AA,AT,CG,AC,AG,NN,AA,TT,AA,NN,GG,GG,GG,GT,AA,AA,TT,TT,TT,AG,TT,GG,GG,AA,8.08,Moderate,Medium,Premium,Late
L0418,Warangal,Telangana,Rabi,Black Cotton,Irrigated,410,26.5,60,AA,TT,AG,AG,GG,CC,GT,TT,CC,CC,AA,CC,CC,AA,GT,GG,CG,TT,TT,AA,CC,GT,GT,CC,AT,CC,TT,AT,GG,AA,TT,CC,AA,CC,GG,GG,GG,CG,GG,CC,TT,TT,AA,TT,AA,GG,CT,TT,CC,AC,GG,AA,GG,GG,CT,NN,AA,AC,GT,AA,AA,GT,AT,AA,NN,TT,CC,GG,TT,GG,AA,GT,CC,AA,GG,CC,AA,GG,TT,TT,AG,GG,GG,CC,AA,GG,AA,AA,CC,GT,CC,TT,CC,TT,GT,GG,TT,CC,TT,CC,CC,CG,GG,AA,TT,TT,CC,AA,AA,AA,CT,GG,TT,CC,TT,AA,AC,TT,CG,AG,CC,AG,CC,GG,TT,AG,CC,CC,CC,CC,AA,TT,CC,AA,CC,CC,AA,TT,AA,AA,GG,CC,CC,GG,AA,AA,AT,CC,GG,CC,CC,AA,AG,GG,TT,GG,AA,TT,CT,AG,CC,TT,TT,TT,CC,AA,TT,TT,AA,TT,GG,CC,AA,TT,CC,CC,GG,CC,AA,GG,NN,CC,TT,CC,GG,TT,CG,AA,AA,AA,TT,CC,GG,AA,CC,NN,GG,GG,AC,GG,TT,AC,AA,CC,GG,AA,CC,AA,AA,GG,TT,TT,AA,CG,GT,AA,CG,AA,GT,AT,GG,AA,CC,AA,TT,CC,CT,AC,CC,TT,CG,AG,NN,GG,CC,TT,TT,TT,GG,TT,AA,AC,AG,GG,CC,CG,GG,CC,GT,TT,AA,CC,TT,GG,CC,CC,AT,GG,CC,AA,CC,AA,AA,CC,CC,CC,TT,AA,GG,AA,AA,AA,NN,GG,NN,AG,AA,TT,GG,AA,AA,AC,AA,CT,AA,AA,CG,GG,GG,TT,AA,AA,GT,TT,TT,NN,TT,GG,GG,AC,6.06,Resistant,High,Premium,Early
L0419,Warangal,Telangana,Rabi,Black Cotton,Irrigated,410,26.5,60,AC,TT,GG,GG,CG,CC,GT,TT,CC,CG,AA,CC,CC,AT,GT,GT,GG,TT,TT,AA,CC,TT,TT,CC,TT,CC,TT,TT,NN,AA,TT,CC,AA,CC,GG,GG,GG,CC,GG,CC,NN,TT,AA,GT,AG,GG,TT,AT,CG,AC,GG,AA,AA,GG,CC,TT,AT,AA,GG,AC,GG,TT,TT,NN,TT,TT,CC,GG,TT,GG,AG,GG,CC,AA,GG,AC,AT,GG,TT,TT,GG,GG,GT,CC,AA,GG,AA,AT,CC,TT,CC,GT,TT,TT,GT,AG,CC,AC,TT,CT,CT,GG,AG,AA,TT,TT,CG,AA,AA,AA,CT,GG,NN,CG,TT,AA,AC,TT,CC,AG,CC,GG,CC,GG,CC,AG,CC,CC,AC,CC,AA,TT,AC,AA,CC,CC,AA,AT,AA,AA,GG,CC,CC,GG,AA,AA,AA,AC,GG,CC,CC,AA,AA,GG,GT,GG,AA,TT,CT,GG,AC,GG,TT,TT,CC,AA,TT,TT,TT,AT,CG,CC,AG,CC,CC,AC,CG,CC,AA,GG,AA,CC,TT,CC,GT,GT,GG,AT,AA,AA,TT,CC,GG,AA,CC,CG,GG,GG,AA,CG,TT,CC,AA,CC,GG,AA,AC,AA,AT,GG,TT,TT,AT,GG,GT,AT,CC,TT,TT,AA,GG,AA,TT,CC,TT,CC,TT,AC,CC,TT,GG,AG,CG,AG,CC,TT,CT,GT,GG,TT,AC,CC,AA,GG,CC,CC,GG,CC,GG,AT,AA,CC,GG,GG,CC,CG,AA,AA,CG,AA,CC,AA,AA,AA,CG,AC,TT,AA,GG,AA,AC,AC,AA,AA,AA,AA,AA,TT,GG,AA,AG,AC,AA,CC,AA,AA,GG,AG,GG,TT,AA,AG,TT,TT,TT,AA,AA,GG,GG,AA,11.04,Susceptible,Low,Standard,Early
L0420,Warangal,Telangana,Rabi,Black Cotton,Irrigated,410,26.5,60,AA,TT,AG,AA,GG,CC,GG,TT,CC,CG,AA,CC,CC,TT,TT,GG,GG,TT,TT,AA,CC,TT,TT,CC,TT,CC,TT,AT,GG,AA,TT,CC,AG,CC,GG,CG,GG,CG,GG,CC,TT,CT,AA,TT,AA,GG,TT,TT,CC,AA,GG,AA,AA,GG,CC,TT,AA,AC,GG,AA,AG,TT,AT,AA,TT,AT,CC,GG,TT,GT,AG,GG,CC,AA,GG,AC,AT,GG,TT,TT,GG,GG,GG,CC,AT,GG,AA,AA,NN,TT,AC,TT,CT,TT,GG,GG,TT,CC,GT,CC,CT,NN,AG,AA,TT,TT,CC,AA,AG,AA,CT,GG,TT,CC,GT,AC,AA,TT,CC,AA,CC,GG,CC,TT,TT,AA,CC,CC,AC,CC,AA,TT,CC,AA,CC,NN,NN,TT,AG,AA,GG,CC,CC,GG,AG,AA,AA,CC,GG,CC,CC,AA,AG,GG,TT,GG,AA,GT,CC,GG,CC,TT,NN,CT,CC,AT,GT,TT,AA,NN,GG,CC,AG,CC,CC,CC,CG,CC,AA,GG,AG,CC,TT,CC,GT,TT,CG,AT,AG,AA,GT,CC,GG,AA,CC,CC,GG,AG,AA,GG,CT,AA,AA,CC,GG,AT,CC,AA,AT,GG,TT,AA,TT,GG,GT,AT,CC,AT,TT,AT,GG,AA,TT,AA,TT,CC,TT,AC,CC,CT,GG,AA,CG,AG,CC,TT,TT,TT,GG,TT,AA,CC,AA,GG,CC,CC,GG,CC,GG,AT,AA,CG,GT,GG,CC,CC,AA,AG,CG,AT,CG,AA,AA,CC,CG,AA,NN,AA,GG,AA,AA,AC,AC,AG,AA,AA,AA,AT,GG,AA,AA,CC,NN,CT,AA,AA,GG,GG,GG,TT,AA,AA,TT,TT,TT,AG,AA,GG,CG,AA,6.4,Susceptible,Low,Premium,Late
L0421,Warangal,Telangana,Rabi,Black Cotton,Irrigated,410,26.5,60,CC,TT,GG,GG,GG,CG,GT,AT,CC,CG,AA,NN,CC,TT,TT,GT,GG,TT,TT,AA,CC,GT,GT,CC,TT,CC,TT,AT,GG,AA,CT,CC,AA,AC,GG,GG,NN,CG,GG,CC,TT,CT,AA,TT,AG,GG,TT,AA,CC,CC,GG,AT,AA,GG,CT,GT,AA,AC,GG,AA,AG,TT,AT,AA,TT,TT,CC,GG,TT,GG,AA,GG,CC,AA,AG,AC,AT,GG,TT,TT,GG,GT,GT,CC,AT,AG,AA,AT,CC,TT,CC,GT,CC,AT,TT,GG,CT,NN,GT,CC,CT,GG,AA,AA,NN,TT,CC,AA,GG,AA,CC,GG,GT,CC,GT,AA,AA,TT,CC,GG,CG,GG,CT,GT,NN,AA,CC,CC,CC,CC,AA,TT,CC,AA,CC,CC,AA,TT,AA,AA,GG,NN,CC,GG,AA,AG,AA,AC,GG,CC,CC,AG,GG,AG,TT,AG,AA,TT,TT,GG,CC,GG,GT,TT,GG,AA,GT,TT,AT,TT,GG,CC,GG,CT,CC,CC,CG,CC,AA,GG,AG,CC,TT,CG,GG,TT,GG,AT,AA,AG,TT,CC,GG,AA,AC,CC,GG,GG,AC,GG,TT,AA,AA,CC,GT,AT,CC,AA,AT,GT,TT,AA,AA,GG,GG,AT,CC,TT,GT,AA,GG,NN,TT,AC,TT,CG,CT,AA,AC,CT,GG,AG,CC,AA,CC,AT,TT,GT,GG,TT,AA,CC,AA,GT,CC,CG,GG,CC,GG,TT,AA,CC,TT,GG,CC,CG,AA,AG,CC,NN,CC,AA,AA,AA,CC,CC,AT,AA,GG,AA,AA,AA,AA,AA,AG,AG,AA,AT,CG,AC,AG,AC,AA,CT,AA,AA,GG,GG,GG,NN,AA,AA,TT,TT,TT,AA,TT,GG,GG,AA,9.12,Moderate,Medium,Premium,Late
L0422,Warangal,Telangana,Rabi,Black Cotton,Irrigated,410,26.5,60,AA,TT,GG,AG,GG,CC,GG,TT,CC,CC,AA,CC,CG,TT,TT,GG,GG,TT,TT,AA,CC,GT,TT,CC,TT,CC,TT,TT,GG,AA,TT,CC,AA,CC,GG,GG,GG,CC,GG,NN,TT,TT,AA,GT,AA,GG,TT,TT,CC,AC,GT,AA,NN,GG,CC,GT,AA,AC,GG,AA,AA,NN,AT,GG,TT,AT,CT,GT,TT,GG,GG,GG,CC,AA,GG,AA,TT,AG,TT,TT,GG,GG,GT,CC,AT,GG,AA,AA,CC,TT,CC,TT,CC,AT,TT,GG,CT,CC,TT,CC,CC,GG,GG,AA,TT,TT,NN,AA,AG,AC,CC,GG,TT,CC,TT,AC,AA,TT,CG,GG,CC,GG,CC,GT,TT,AA,CC,CC,AC,CC,AA,GT,AC,AC,AC,CT,AA,TT,AA,AT,GG,CC,CC,GG,AG,AA,AA,CC,GG,CC,CC,AA,AA,AG,TT,GG,AA,NN,TT,GG,CC,TT,TT,TT,CC,AA,TT,TT,AA,TT,GG,CC,AA,CC,CC,CC,GG,CC,AA,GG,NN,CC,TT,CC,GT,GT,GG,TT,AA,GG,TT,NN,GG,AA,AC,CC,GG,GG,AC,GG,TT,AC,AA,CC,GT,TT,CC,AT,AT,GG,TT,TT,AT,GG,GT,AA,CC,AT,GT,AA,GG,AA,CT,AA,TT,CC,CT,AC,CC,TT,CG,AG,CC,GG,CC,TT,TT,TT,GG,TT,AA,AC,AG,GG,CC,CC,GG,CC,GG,AT,AG,CC,TT,GG,CC,CC,AA,GG,CC,AA,CC,AT,AA,CC,CC,AC,TT,AA,GG,AA,AA,AC,AA,GG,GG,AA,AA,AT,CG,AA,AG,CC,AC,TT,AA,AA,GG,GG,GG,TT,AT,NN,GT,TT,TT,AG,TT,GG,GG,AA,9.63,Moderate,Low,Premium,Late
L0423,Warangal,Telangana,Rabi,Black Cotton,Irrigated,410,26.5,60,AA,TT,AG,AG,GG,CC,GG,TT,CC,CC,AA,CT,CC,AT,GG,GG,GG,TT,TT,AA,CG,TT,GT,CC,TT,CC,TT,TT,GG,AA,CT,CC,AA,CC,GG,GG,GG,CC,GG,CC,TT,CT,AA,TT,AG,GG,TT,TT,CC,CC,GG,AA,AA,GG,CC,GT,AA,AA,TT,AA,AA,GT,TT,AG,TT,AT,CC,GG,TT,GT,AA,GG,CC,AA,GG,AC,AT,AG,TT,TT,NN,GG,GG,CC,AT,GG,AA,TT,CC,GT,AA,TT,CC,TT,GT,GG,TT,CC,GT,CC,CT,CC,AG,AA,TT,TT,CC,AA,AG,AA,CC,GG,TT,CC,GT,NN,AC,TT,CC,GG,CC,GG,CC,GG,CT,AG,CT,CC,CC,CC,AA,TT,CC,AA,CC,CC,AA,TT,AA,AA,GG,CC,CC,GG,AG,AA,AA,CC,TT,CC,CC,AA,AG,AG,GT,GG,AC,GT,CT,AG,CC,TT,GT,TT,CC,AA,TT,CT,AA,AT,GG,CC,AG,CC,CC,CC,CG,CC,AA,GG,AA,CC,GT,CC,GG,GT,GG,TT,AA,AA,GT,CC,CG,AA,CC,CC,GG,GG,AC,GG,TT,AC,AA,CC,GT,AA,CC,AA,AA,TT,TT,TT,AA,GG,GT,AA,CC,AT,TT,AA,GG,AA,TT,AA,TT,CC,CT,AC,CC,TT,GG,AA,CC,GG,CC,TT,TT,GT,GG,TT,AA,AA,AG,GG,CC,CC,GG,CC,NN,AT,AA,CC,GT,GG,CC,CC,AA,GG,CC,AA,CC,AA,AA,CC,CC,AC,AT,AG,GG,AA,AC,AA,AA,GG,AA,AA,NN,AT,GG,AA,AA,CC,AC,CT,AA,AA,GG,GG,CG,GG,AT,AA,TT,TT,TT,AG,TT,GG,GG,AA,8.67,Susceptible,Low,Premium,Medium
L0424,Warangal,Telangana,Rabi,Black Cotton,Irrigated,410,26.5,60,AA,TT,GG,AA,CG,CC,GG,TT,CC,CG,AA,CC,CG,TT,GT,GT,GG,TT,TT,AA,CG,TT,NN,CC,TT,CC,TT,AT,GG,AA,TT,CC,AA,CC,GG,GG,GG,CG,GG,CC,TT,TT,AC,GT,AG,AG,TT,TT,CC,CC,GT,AA,AA,GG,CC,TT,AA,AC,GG,CC,AA,GT,AT,AA,CT,TT,CC,GG,TT,GG,AA,GG,CC,AA,GG,AA,AA,GG,TT,TT,GG,GG,GG,CC,AA,GG,AA,AA,CC,GG,CC,TT,CC,TT,GT,GG,TT,CC,TT,CC,CT,NN,AA,AA,AT,TT,CC,AA,AA,AC,CT,GG,TT,CG,TT,AC,AC,AT,CC,AG,CG,AG,NN,NN,TT,AG,CC,CC,CC,CC,AA,NN,CC,AA,CC,CC,AA,TT,NN,AA,GG,CC,CC,GG,AA,AG,AA,CC,GG,CC,CC,AA,AA,GG,GT,GG,AC,TT,CT,GG,CC,TT,TT,TT,CC,AT,GT,TT,AA,TT,GG,CC,AG,CT,CC,CC,CG,CC,AA,GG,AG,CC,TT,CC,GT,TT,GG,AT,AA,AA,GT,CC,GG,AC,CC,CC,GG,GG,CC,GG,TT,AA,AA,CC,GG,AA,CC,AA,AA,GG,TT,TT,AA,GG,GT,AA,CC,TT,GT,AA,GG,AG,CT,AA,TT,CC,CT,AC,CC,CT,CC,AG,CC,AG,CC,AT,CT,GT,GG,TT,AA,AA,AA,GG,CC,CC,GG,CC,GG,AT,AA,CC,TT,GG,CG,CC,AT,GG,CC,AA,CC,AT,AA,AC,CC,AC,TT,AA,CG,AA,AA,AA,AA,AG,AA,AA,AA,AT,CG,AA,AA,CC,AA,TT,AG,AA,GG,GG,GG,GT,AA,AA,TT,AT,TT,AG,TT,GG,GG,AA,6.73,Susceptible,High,Poor,Early
L0425,Warangal,Telangana,Rabi,Black Cotton,Irrigated,410,26.5,60,AA,TT,GG,AG,GG,NN,GT,AT,CC,CG,AA,CC,CC,TT,GT,GT,CG,TT,TT,AG,CC,TT,GT,CC,TT,CC,TT,AT,GT,AA,TT,CT,AA,CC,AG,CG,GG,CC,GG,CC,TT,TT,AA,TT,AG,AG,TT,AT,CC,AC,GG,AA,AA,GG,TT,TT,AA,AC,GG,AC,AA,TT,AA,AA,TT,TT,CC,GG,TT,GG,AA,GG,AC,AA,AG,AA,AT,GG,TT,TT,GG,GG,GG,CC,AA,GG,AA,AA,CC,GT,CC,NN,CT,AT,TT,GG,TT,CC,TT,CC,CC,CC,AG,AA,TT,TT,CG,AA,GG,AA,TT,GG,NN,CC,TT,AC,AA,TT,CC,AG,CC,AG,CC,GG,TT,AG,CT,CC,AC,CC,AA,TT,CC,AA,CC,CC,AA,TT,AA,AA,GG,NN,CC,AG,AA,AG,AA,AC,GG,CC,CC,AA,AA,AG,TT,GG,AC,TT,CT,AA,CC,GT,TT,TT,CG,AA,TT,TT,AT,TT,GG,CC,AA,CC,CC,CC,CG,CC,AA,GG,AG,AC,TT,CG,GT,TT,GG,AT,AA,AG,GT,AC,CG,AC,AC,CC,GG,AG,AA,GG,TT,AC,AA,CC,GG,AT,CC,AA,AA,GG,TT,AT,AA,GG,GG,AT,CC,TT,TT,AA,GG,AA,TT,AA,TT,CC,TT,AC,CC,TT,GG,AG,CC,AG,AC,TT,TT,GT,GG,TT,AA,AC,AG,GG,CC,CC,GG,CC,GG,AT,AA,CC,TT,GG,CC,CC,AA,GG,CG,AT,CC,AT,AA,CC,CC,AC,AT,AA,GG,AA,AA,AA,AA,AG,AG,AA,AA,TT,GG,AC,AA,AC,AA,CC,AA,AA,GG,GG,GG,TT,AA,AA,TT,AT,TT,AG,TT,GG,CG,AA,6.76,Susceptible,Low,Standard,Early
L0426,Warangal,Telangana,Rabi,Black Cotton,Irrigated,410,26.5,60,AA,TT,AG,AG,GG,CC,GG,TT,CC,GG,AA,CC,CC,TT,TT,GG,CG,TT,TT,AA,CC,GG,TT,CC,AT,CC,GT,TT,GT,AA,TT,CC,AA,CC,GG,CG,GG,CC,GG,CC,TT,CT,AA,GT,AA,AG,TT,AT,CC,AA,GG,AA,AA,GG,TT,TT,AA,AC,GT,AA,AA,TT,AT,AG,TT,TT,CC,GG,TT,GT,AA,GG,CC,AA,AG,AA,AA,GG,TT,TT,GG,GT,GG,CC,TT,GG,AA,AA,GG,TT,CC,TT,CC,TT,TT,GG,CT,CC,TT,CT,CC,CG,AG,AA,TT,TT,CG,AA,AG,AA,CC,GG,TT,CC,GT,AA,AC,TT,CG,GG,CC,GG,CC,GG,TT,AA,CC,CC,AC,CC,AA,TT,CC,AA,CC,CC,AG,TT,AA,AA,GG,CC,CG,GG,AG,AA,AA,CC,GG,CC,CG,AG,AA,GG,TT,GG,AA,TT,CT,GG,CC,GT,GT,TT,CC,AT,GT,TT,TT,TT,GG,CC,AA,CT,CC,CC,GG,AC,AA,GG,AA,CC,TT,CG,GG,TT,CG,AT,AG,AA,TT,CC,GG,AC,AC,CC,GG,GG,CC,GG,TT,AC,AA,CC,GG,AA,CC,AA,AT,GT,TT,TT,AA,GG,GT,AA,CC,AT,TT,AT,GG,AA,CC,AA,TT,NN,CT,AA,NN,TT,GG,AG,CC,AG,AC,TT,TT,GT,GG,AT,AA,CC,AA,GG,CC,CG,GG,CC,GG,TT,AG,CG,TT,GG,CC,CC,AT,GG,CC,AA,CC,AA,AA,AA,CG,AA,TT,AG,GG,AA,AA,AC,AA,GG,GG,AA,AA,TT,GG,AA,AA,AC,AC,TT,AA,AA,GG,GG,GG,TT,AA,AA,GT,TT,TT,AG,TT,GG,CG,AA,6.35,Susceptible,Medium,Premium,Early
L0427,Warangal,Telangana,Rabi,Black Cotton,Irrigated,410,26.5,60,AA,TT,AG,AA,GG,CC,GG,AT,CC,CG,AA,CC,CC,TT,GT,GG,GG,TT,TT,AA,CG,TT,TT,CT,TT,CC,TT,AT,GT,AC,TT,CC,AA,AC,GG,GG,GG,CG,GG,CC,TT,CT,AA,GT,AG,GG,TT,TT,CC,AC,GG,AT,AA,GG,CT,TT,AA,AA,GG,AA,AA,TT,TT,GG,TT,TT,CC,GG,TT,GG,AG,GG,CC,AA,NN,AC,AA,AG,TT,TT,GG,GG,GG,CC,AA,GG,AA,AT,CC,TT,CC,GT,CT,AT,TT,GG,TT,AC,TT,CC,CC,GG,AG,AA,TT,TT,CG,AA,GG,AA,CC,GG,GT,CC,GT,AA,AA,TT,CC,AG,CC,GG,CT,GT,TT,NN,CC,CC,CC,CG,AA,TT,CC,AA,CC,CC,AA,AT,NN,AA,GG,CC,CC,GG,AA,AA,AT,CC,GG,CC,CC,AA,AG,AG,TT,GG,NN,TT,CT,GG,AC,TT,GT,TT,CG,AT,GT,TT,AT,TT,GG,CC,AA,TT,CC,CC,GG,AC,AA,GG,AA,CC,TT,CC,GG,TT,CG,AT,AA,AA,TT,CC,GG,AC,AC,CC,GG,AG,AC,GG,CT,AC,AA,CG,GG,AT,NN,AT,AT,GG,TT,NN,AA,CG,GG,AA,CC,TT,GT,AA,GG,AA,CT,CC,TT,CC,TT,AA,CC,CT,CG,AA,CC,AG,CC,AT,CC,GT,GG,TT,AC,AC,AA,GG,NN,CC,GG,CC,GG,AT,AA,CG,TT,AG,CC,CC,AA,AG,CC,AT,CG,AA,AA,AC,CC,CC,TT,AA,GG,AA,AA,AA,AA,AG,AA,AA,AA,AT,NN,AA,AA,AA,AA,TT,AA,AA,GG,GG,GG,TT,AT,AG,TT,TT,TT,GG,TT,GG,GG,AC,8.24,Resistant,High,Premium,Medium
L0428,Warangal,Telangana,Rabi,Black Cotton,Irrigated,410,26.5,60,AA,TT,AG,AG,GG,CG,GT,AT,NN,CG,AA,CC,CC,TT,TT,GG,GG,AT,AT,AA,CG,TT,TT,CT,AT,CC,TT,AT,TT,AA,TT,CC,AA,CC,GG,GG,GG,CC,GG,CC,GT,TT,AA,GT,AG,AA,TT,TT,CC,CC,GT,AT,AA,GG,NN,TT,AA,AA,GT,AC,AA,TT,AT,AG,CT,AT,CC,GG,TT,GT,AG,GG,CC,AA,GG,CC,AA,GG,TT,TT,GG,GG,GG,CC,AT,GG,AG,AA,CC,TT,CC,TT,CT,TT,TT,GG,NN,CC,TT,CT,CC,GG,AG,AA,AT,TT,CC,AA,AG,AC,CC,GG,TT,CC,TT,AA,AA,TT,CG,AG,CC,GG,CC,GG,TT,GG,CC,CC,CC,CC,AG,TT,CC,AA,CC,CC,AA,TT,AA,AA,GG,CC,CC,GG,AA,AA,AT,CC,GT,CC,CC,AA,AA,GG,GT,GG,CC,GT,CC,GG,CC,GT,GT,TT,CC,AT,TT,TT,AA,TT,GG,CC,AA,CT,CC,CC,CC,CC,AA,GG,AA,CC,TT,CC,GG,TT,GG,AT,NN,AA,TT,CC,GG,AA,CC,CC,GG,GG,AC,GG,TT,AA,AG,CC,GG,AT,CC,AA,AT,GT,GG,AT,AA,CG,GG,AT,CG,AT,GT,AA,AG,AA,CC,AA,TT,CC,TT,AC,CC,CT,CC,AG,CC,GG,CC,AT,CT,TT,GG,TT,AA,AA,AG,GT,CC,CC,GG,CG,GG,NN,AA,CC,TT,GG,CC,CC,AT,GG,CC,AA,CC,AT,AA,CC,CG,CC,AA,AA,GG,AA,AA,AA,AA,AG,AG,AG,AA,TT,GG,AA,AA,CC,AA,TT,AA,AA,GG,GG,GG,TT,AA,AG,GT,TT,TT,AG,TT,GG,GG,AA,6.41,Resistant,High,Standard,Early
L0429,Warangal,Telangana,Rabi,Black Cotton,Irrigated,410,26.5,60,AA,TT,GG,AG,GG,CG,GG,TT,CC,CC,AT,CT,CG,AT,TT,TT,GG,TT,TT,AA,CC,GT,GG,CT,TT,CC,TT,TT,GT,AA,CT,CC,AA,CC,GG,CG,GG,CC,GG,AC,TT,TT,AA,TT,AG,GG,CT,NN,CG,AA,GT,AA,AG,GG,CT,TT,AA,AC,GG,AA,AA,TT,AT,AG,TT,TT,CC,GG,TT,GG,AA,GG,CC,AA,GG,AC,TT,GG,TT,TT,GG,GG,GT,CC,AA,GG,AA,AA,CC,GT,CC,TT,CC,TT,TT,GG,TT,CC,TT,CC,CC,CG,AG,AA,NN,TT,CC,AA,GG,AC,CT,GG,TT,CC,GG,CC,AC,TT,NN,AA,CC,GG,CC,GT,TT,AA,CC,CC,CC,CC,AA,TT,CC,AA,CC,CC,AA,TT,AA,AA,GG,CC,CC,GG,AA,AG,AA,AC,GT,CC,CC,AA,GG,GG,GT,NN,AA,NN,TT,GG,CC,TT,TT,CT,CC,AT,TT,TT,AA,TT,CG,CC,AG,CT,CC,CC,CG,CC,AA,GG,GG,CC,TT,CC,GG,GT,CC,AA,NN,AG,TT,CC,CG,AA,CC,CC,CG,GG,AA,GG,TT,AA,AA,CC,GG,AA,CC,AA,AT,GG,TT,AA,AA,GG,GG,AT,CC,TT,GT,AA,GG,AA,TT,AA,AT,CC,TT,CC,NN,TT,GG,AG,CC,AG,AC,TT,TT,GG,GG,TT,AC,CC,AA,GG,CC,CC,GG,CG,GG,TT,AA,CC,GT,GG,CC,CC,AA,GG,CC,AT,CC,AA,AA,CC,CC,AC,TT,AA,GG,AA,AA,AA,AA,GG,AG,GG,AA,TT,GG,AA,AG,AC,AA,CT,AA,AA,GG,AG,GG,TT,AA,AA,TT,TT,TT,AG,AA,GG,GG,AC,6.4,Resistant,Medium,Premium,Late
L0430,Warangal,Telangana,Rabi,Black Cotton,Irrigated,410,26.5,60,AA,TT,AA,AG,GG,CC,GT,AT,CC,GG,TT,CT,CG,TT,TT,GG,GG,TT,TT,AG,CC,GT,GT,CT,TT,CC,TT,TT,GT,AA,CT,CC,AA,CC,GG,CG,GG,CG,GG,CC,TT,TT,AA,TT,AA,AG,CT,TT,CC,NN,GG,AA,AG,GG,CC,GT,AA,AC,TT,AC,AG,TT,AA,AA,TT,AA,CC,GG,TT,GT,AG,GG,AC,AA,AG,AA,AA,GG,TT,TT,GG,GT,GG,CC,AA,GG,AA,AA,CC,TT,CC,TT,CC,TT,GT,GG,TT,CC,TT,CC,CC,CG,GG,AA,TT,TT,CC,AA,NN,AA,CC,GG,TT,GG,GT,AA,AA,TT,CC,GG,CC,GG,CC,GG,TT,AA,CT,CC,CC,CC,AA,TT,CC,AA,CC,CT,AA,AA,AA,AA,GG,CC,CC,GG,AA,AA,AA,CC,GG,CC,CG,AA,AA,AA,GT,GG,AC,GG,CT,GG,CC,TT,GT,TT,CG,AA,GT,TT,AA,TT,GG,CC,AG,TT,CC,CC,GG,CC,AA,GG,AG,CC,TT,GG,GG,TT,GG,TT,AG,AA,TT,AC,CG,AA,CC,CC,GG,GG,AC,CG,TT,AA,NN,GG,GT,AT,CC,AA,AT,GG,TT,TT,AA,CG,GT,AT,CC,AT,TT,AA,GG,AA,CT,AA,TT,GG,TT,AC,CC,TT,CG,AA,CC,AA,CC,TT,TT,GT,GG,AT,AA,AC,AG,GG,CC,CC,GG,CC,GG,AT,AG,CC,GT,GG,CC,CC,AA,GG,NN,AT,CC,AA,AA,CC,CC,AC,TT,AA,GG,AA,AA,AA,AA,AG,AA,NN,AA,TT,GG,AA,AG,AC,AC,TT,AA,AG,GG,GG,GG,TT,AT,AA,TT,TT,AT,AG,TT,GG,GG,AA,4.16,Moderate,High,Standard,Medium
L0431,Warangal,Telangana,Rabi,Black Cotton,Irrigated,410,26.5,60,AA,TT,GG,AA,GG,GG,GG,AT,CC,CC,AA,CC,GG,TT,GT,GT,GG,TT,AT,AG,CC,TT,TT,CC,TT,CC,GT,TT,GG,AA,CT,CC,AA,CC,GG,CG,GG,CG,GG,CC,TT,TT,AA,TT,AG,AG,TT,TT,CC,AC,GG,AA,AA,GG,CC,GT,AA,AC,TT,AA,AG,TT,TT,AG,TT,AT,CC,GT,TT,GG,AA,GG,AC,AG,GG,CC,AA,GG,GT,TT,GG,GT,GT,CC,AA,GG,AA,TT,CC,GT,AC,GT,CC,TT,TT,GG,CT,CC,GT,CT,CC,GG,AA,AG,TT,TT,CC,AA,AA,AA,CT,GG,TT,CC,TT,AA,AA,TT,CC,AG,CC,AG,CC,GT,CT,AA,CC,CC,CC,CC,AA,TT,CC,AA,CC,CC,AA,AT,AA,AA,GG,CC,CC,GG,AA,AG,AA,CC,GT,CC,CC,AA,AG,AG,TT,GG,AC,GT,TT,GG,CC,GT,TT,TT,CC,AA,GT,CT,AA,TT,GG,CC,GG,CC,CC,CC,CG,CC,AA,GG,AG,CC,TT,CG,GG,TT,GG,AT,AA,AA,GT,CC,GG,AA,AC,CC,NN,GG,AC,GG,TT,AA,AA,CC,GG,AT,CC,AA,AT,GG,GT,TT,NN,GG,GT,AA,CG,TT,GG,AA,GG,AA,TT,NN,TT,CC,CT,AA,CC,TT,GG,AG,CC,AG,CC,TT,TT,TT,GG,TT,AA,AC,AG,GG,CC,CG,GG,CC,GG,AT,AA,CC,GT,GG,CC,CC,AT,GG,CG,AA,CC,AT,AA,CC,CC,CC,AT,AA,GG,AA,AA,CC,AA,GG,AA,AA,AA,TT,GG,AA,AG,CC,AA,CT,AG,AG,GG,GG,GG,TT,AT,AA,TT,TT,TT,AA,TT,GG,GG,AA,9.03,Susceptible,Low,Poor,Early
L0432,Warangal,Telangana,Rabi,Black Cotton,Irrigated,410,26.5,60,AA,TT,GG,AG,GG,CC,GG,TT,CC,CC,AA,CC,CC,AT,GT,GG,GG,TT,TT,AG,CC,TT,TT,CC,TT,CC,GT,TT,GG,AA,TT,TT,AA,CC,GG,GG,GT,CC,GG,CC,TT,CT,AC,TT,AA,GG,TT,TT,CG,AC,GG,AA,AG,GG,CT,GT,AA,AA,TT,AA,AA,GT,AA,AG,TT,TT,CC,GG,TT,GG,AA,GG,CC,AA,GG,AA,AT,GG,TT,TT,GG,GT,GT,CC,AA,GG,AA,TT,CC,GT,CC,GT,CC,AT,TT,GG,TT,CC,GT,NN,CC,CC,AG,AA,TT,TT,CC,AA,AA,AA,CT,GG,TT,GG,TT,AC,AC,TT,CC,GG,CC,GG,CC,TT,CT,AA,CC,NN,CC,CC,AA,TT,AC,AA,NN,CC,AA,TT,AA,AT,GG,CC,CC,NN,AA,AA,AA,AC,GT,CC,CC,AG,AA,GG,GT,GG,AC,GT,CC,GG,CC,GT,TT,TT,CC,AT,TT,TT,AA,AT,GG,CC,AA,CT,CC,CC,GG,CC,AA,GG,AG,CC,TT,GG,GG,TT,GG,TT,AA,AA,TT,AC,GG,AA,CC,CC,GG,GG,AC,CG,TT,AC,AA,CC,GG,AT,AA,AA,AA,GG,TT,TT,AT,GG,GT,AA,CG,AT,GT,AA,GG,AA,TT,AA,NN,CC,TT,AC,CC,CT,GG,AG,CC,AG,AC,TT,TT,TT,GG,TT,AA,CC,AA,GT,CC,CC,GG,NN,GG,AT,AG,CC,GT,GG,CC,CG,AT,GG,CG,TT,CG,AA,AA,AC,CC,AA,TT,AG,GG,AA,AA,AC,AA,GG,GG,AA,AA,AT,CG,AC,AA,CC,AA,CT,AG,AG,GG,GG,GG,TT,AA,AG,TT,TT,TT,AG,TT,GG,GG,AC,5.48,Moderate,Low,Standard,Late
L0433,Warangal,Telangana,Rabi,Black Cotton,Irrigated,410,26.5,60,AA,TT,GG,AA,GG,CC,GT,TT,CC,CC,AA,CC,CG,TT,TT,GG,GG,TT,TT,AA,CC,TT,TT,CC,TT,CC,TT,AT,GT,AC,TT,CC,AA,CC,GG,CG,GG,CC,GG,CC,TT,CT,AA,GT,GG,GG,TT,TT,CC,AC,GG,AA,AA,GG,CC,TT,AA,AA,GG,AC,AA,TT,AT,AG,TT,AT,CC,GG,TT,GT,GG,GT,AC,AA,AG,AA,TT,GG,TT,TT,GG,NN,GG,CC,AA,GG,AA,AA,CC,TT,CC,TT,CC,TT,TT,GG,TT,CC,GT,CC,CC,CC,AA,AA,TT,TT,CC,AA,AA,AA,CT,GG,TT,CG,TT,AA,AC,TT,CC,GG,CC,GG,CC,GG,TT,AG,CC,CC,CC,CC,AA,TT,CC,AA,CC,CC,AA,AT,AA,AA,GG,CC,CC,GG,AA,AA,AA,NN,TT,CC,CC,AG,AA,GG,GT,GG,AC,GT,CT,GG,CC,TT,TT,TT,CC,AA,GT,CT,AA,AT,GG,CC,AG,CC,CC,CC,GG,CC,AA,GG,AG,CC,TT,CC,GG,TT,GG,AT,AA,AG,TT,CC,GG,AA,CC,CC,GG,GG,AA,GG,TT,AA,AG,CC,GG,AA,CC,AT,AA,GG,TT,AT,AT,CG,GG,AA,CC,TT,GG,AA,GG,AA,CT,AA,TT,CC,TT,AA,CC,CC,GG,AG,CC,GG,CC,TT,TT,TT,GG,TT,AA,AC,AA,GG,CG,CC,GG,CG,GG,AT,AA,CC,TT,NN,CC,CC,AA,AG,CG,AA,CG,AT,AA,CC,CC,CC,TT,AA,GG,AA,AA,AC,AA,AG,AA,AA,AA,AT,CG,AA,AG,AC,AC,TT,AA,AA,GG,GG,CC,TT,AT,AA,GT,TT,TT,GG,NN,GG,GG,AA,5.8,Moderate,Low,Premium,Late
L0434,Warangal,Telangana,Rabi,Black Cotton,Irrigated,410,26.5,60,AA,TT,AG,GG,GG,CC,GG,TT,CC,CC,AA,CC,CG,TT,TT,GG,CC,TT,TT,AA,CC,TT,TT,CC,TT,CC,TT,AT,GG,AA,TT,CC,AA,CC,GG,CG,GG,CC,GG,CC,TT,TT,AC,TT,AA,AG,CT,TT,CG,AA,GG,AA,AA,GG,CT,TT,AA,AC,GG,AC,AG,GT,AT,NN,TT,TT,CC,GG,TT,GT,AA,GG,AC,AA,AG,AA,AT,GG,TT,TT,AG,NN,GG,CC,AT,GG,AA,AA,CG,TT,AC,TT,CC,NN,GT,GG,TT,CC,TT,CC,CC,CC,GG,AA,TT,TT,CC,AA,AG,AA,TT,GT,TT,CC,TT,AA,AA,TT,CC,AG,CC,GG,CC,GT,TT,AG,CC,CC,CC,NN,AA,TT,AC,AA,CC,CC,AA,AT,AA,AA,GG,CC,CC,GG,AA,AA,AA,CC,GG,CC,CG,AA,AA,GG,TT,GG,AA,TT,TT,AG,NN,TT,TT,CT,CC,AT,GT,TT,TT,TT,GG,CC,GG,CC,CC,CC,NN,CC,AA,GG,GG,AC,TT,CC,GT,TT,GG,TT,AA,GG,TT,AC,GG,AA,CC,CC,GG,GG,AC,GG,TT,AA,AA,CC,GG,AT,AC,AT,AT,GG,TT,TT,AA,CG,GG,AA,CG,AA,GG,AA,GG,AA,TT,AC,TT,CC,TT,AC,CC,TT,CG,AA,CC,AG,CC,TT,TT,TT,GG,TT,AA,CC,AG,GG,CC,CG,GG,CC,GG,TT,AG,GG,TT,GG,CC,CC,AA,AG,CC,AA,CC,AA,AA,CC,GG,AC,TT,AA,GG,AA,AC,AA,AA,NN,GG,AG,AA,TT,CG,AC,AA,CC,AA,CT,AA,AA,CG,GG,GG,TT,AT,AA,GT,TT,TT,AG,AT,GG,GG,AC,7.9,Resistant,Low,Poor,Late
L0435,Warangal,Telangana,Rabi,Black Cotton,Irrigated,410,26.5,60,AA,CT,AG,GG,GG,CC,GG,TT,CC,CG,AT,CC,NN,TT,TT,GG,GG,TT,TT,AA,CG,TT,TT,CC,TT,CC,TT,TT,GG,AA,TT,CC,AA,CC,GG,GG,GG,CC,GG,CC,TT,CT,AC,TT,AA,AG,TT,AT,CG,CC,GG,NN,AA,GG,CC,TT,AA,CC,TT,AA,AA,TT,AT,AA,CT,TT,CC,GG,TT,GG,AG,GG,CC,AA,GG,AA,AA,GG,TT,TT,GG,GG,GG,NN,AA,AG,AG,AT,CC,NN,AC,TT,CC,TT,TT,GG,TT,AC,TT,CC,CT,CG,GG,AA,TT,TT,CG,AA,AG,AC,CC,GG,TT,CC,TT,AA,AA,TT,CC,GG,CC,GG,CC,GT,CT,AA,CC,CC,CC,CC,AA,TT,AC,AA,CC,CC,AA,TT,AA,AT,GG,NN,NN,GG,AA,AA,AA,CC,GT,CC,CC,AA,AG,AG,TT,GG,AA,GG,CT,GG,CC,TT,TT,CT,CC,AA,GG,TT,AA,TT,GG,CC,AG,CC,CC,CC,CG,CC,AA,GG,AG,CC,TT,CC,GG,TT,GG,AT,AA,AG,TT,CC,GG,AA,CC,CC,GG,GG,AC,GG,TT,AC,AA,CG,GG,AT,CC,AA,AA,GG,GT,AT,AA,GG,GT,AA,CC,AT,GG,AA,GG,AA,CT,AA,TT,CC,TT,AA,CC,TT,GG,AG,CC,AA,AC,TT,TT,NN,GG,AT,NN,AC,AA,GG,CC,CG,GG,CC,GG,AA,AA,CC,GT,GG,CG,CC,AA,GG,CG,AT,CC,AT,AA,CC,CC,AC,TT,AA,GG,AA,CC,AA,AA,AG,AG,AG,AA,NN,GG,AC,AG,AC,AC,NN,AA,AA,GG,GG,GG,TT,AT,AA,GG,TT,TT,AG,TT,GG,NN,AA,7.93,Susceptible,Low,Standard,Early
L0436,Warangal,Telangana,Rabi,Black Cotton,Irrigated,410,26.5,60,AA,TT,AG,AA,GG,CC,GT,TT,CC,CC,AA,CC,CG,AT,TT,GT,CG,TT,TT,AG,CG,GT,GG,CC,TT,CC,TT,TT,GG,AA,TT,CC,AA,CC,GG,CG,GG,CG,GG,CC,TT,CC,AA,TT,AG,AA,CT,TT,CC,AC,GT,AT,AA,GG,CT,TT,AA,AA,TT,AC,AA,GT,TT,AA,CT,AT,CC,GG,TT,GG,AA,GG,CC,AG,GG,AC,TT,GG,TT,TT,GG,GG,GT,AC,AA,AG,AA,AA,CC,GT,CC,TT,CC,TT,NN,GG,TT,AC,TT,CT,CC,CC,GG,AA,AT,TT,CC,AA,GG,AA,CC,GT,GT,CC,TT,AA,AA,TT,CC,GG,CC,NN,CC,GT,TT,AA,CC,CC,CC,CC,AA,TT,AC,AA,CC,CC,AA,AT,AA,AA,CG,CC,CC,GG,AA,AA,AA,AC,GG,CC,CC,AG,GG,GG,GT,GG,AC,GT,CT,AG,AC,TT,TT,TT,CG,AA,TT,TT,AA,TT,GG,CC,AG,CT,AC,CC,CG,CC,AA,GG,AG,CC,TT,CC,GT,TT,CG,TT,AA,GG,TT,CC,GG,AA,CC,CC,GG,GG,AA,GG,TT,AA,AA,CC,NN,AA,AC,AA,AA,GG,TT,TT,AT,CG,GG,AA,CC,TT,GT,AA,GG,AA,TT,AA,AT,CC,TT,AA,CC,CT,CG,AA,CG,AG,CC,TT,TT,GT,GG,AT,AC,CC,AA,GG,CC,CG,GG,CC,GG,AT,AA,CC,TT,GG,CC,CG,AA,GG,CG,AA,CG,NN,AG,CC,CG,AC,TT,AA,GG,AA,AA,AA,AA,NN,AA,AA,AG,TT,GG,AA,AG,AC,AA,CT,AA,AA,GG,GG,GG,TT,AT,AA,GT,TT,TT,GG,TT,GG,GG,AA,10.08,Susceptible,Medium,Poor,Late
L0437,Warangal,Telangana,Rabi,Black Cotton,Irrigated,410,26.5,60,AC,CT,GG,AA,GG,CC,GT,AT,CC,CC,AA,CT,GG,TT,GT,GG,GG,TT,TT,AA,CC,GT,TT,CT,AT,CC,TT,TT,GG,AA,TT,CT,AA,CC,GG,GG,GG,CC,GG,CC,TT,TT,AA,NN,AA,AG,CT,AT,CC,AC,GG,AA,AA,GG,CC,TT,AA,AA,GT,AA,AA,TT,TT,AA,TT,TT,CC,GG,TT,GG,AA,GG,CC,AG,GG,AA,AA,AG,TT,TT,GG,TT,GT,CC,AA,GG,AA,AA,CC,GG,CC,TT,CC,TT,TT,GG,TT,CC,TT,CC,CT,CC,GG,AA,TT,TT,CC,AA,AA,AA,CC,GG,TT,CC,TT,AA,AC,TT,CC,GG,CC,GG,CT,GG,CT,AA,CC,CC,CC,CC,AA,TT,CC,AA,CC,CC,AA,TT,AA,AA,GG,CC,CC,NN,AA,NN,AA,CC,GG,CG,CC,AA,AG,AG,TT,AG,AC,GT,CT,GG,CC,GT,TT,TT,CG,AA,TT,TT,AT,TT,GG,CC,AA,CT,CC,CC,CG,CC,AA,GG,AG,CC,TT,CC,GT,TT,CG,TT,AA,NN,TT,AC,GG,AA,CC,CC,GG,GG,AC,GG,CT,AA,AA,CG,GG,AT,CC,AA,AA,GG,TT,TT,AT,GG,GG,AT,CC,TT,TT,AA,GG,AA,CT,AA,TT,CG,TT,AA,CC,TT,GG,AA,CC,GG,CC,TT,CC,GT,NN,TT,AA,NN,AA,GG,CC,CC,GG,CC,GG,TT,AA,CC,TT,GG,CC,CC,AT,GG,CG,AA,CC,AA,AA,AA,CC,AC,TT,AA,GG,AA,AA,AA,AA,GG,AG,GG,AA,AT,GG,AA,AG,CC,AA,TT,AG,AA,GG,GG,GG,GT,AA,AA,TT,TT,TT,AG,TT,GG,GG,AA,7.57,Susceptible,Low,Standard,Early
L0438,Warangal,Telangana,Rabi,Black Cotton,Irrigated,410,26.5,60,CC,TT,GG,AA,GG,CC,GT,TT,CC,CC,AA,CC,CG,AT,TT,GT,GG,NN,TT,AA,CC,GT,GG,CC,TT,CC,GT,TT,GG,AA,TT,CC,AA,CC,GG,GG,GG,CC,GG,CC,TT,CT,AA,TT,AG,AA,TT,AT,CC,AA,GT,AT,AA,GG,CC,TT,AA,AC,GT,AA,AA,TT,TT,AG,TT,AT,CC,GG,TT,GG,AA,GT,CC,AA,GG,AA,AA,GG,TT,CT,NN,GT,GT,CC,AA,GG,AA,AA,CC,GT,AC,TT,CT,TT,TT,GG,TT,CC,GT,CC,CC,CG,AG,NN,TT,TT,CC,AA,AG,AC,CT,GG,TT,CC,TT,AA,AC,TT,CC,GG,CG,GG,CT,GT,CT,AA,CT,CC,NN,CC,AA,TT,CC,AA,CC,CC,AA,TT,AA,AA,GG,CT,CC,GG,AA,AG,AA,CC,GG,CC,CG,AA,AA,GG,TT,AG,AC,TT,CT,GG,AC,TT,GT,TT,GG,AT,GT,TT,AA,TT,GG,CC,AG,CC,AC,CC,CG,CC,AA,GG,AG,CC,TT,CC,GT,NN,CG,AT,AA,AA,TT,CC,GG,AA,AC,CG,GG,GG,AA,GG,CT,AC,AA,CC,GG,AA,AC,AA,AA,GG,TT,TT,AA,GG,GG,AT,CC,TT,TT,AA,GG,AA,TT,AA,NN,CC,CT,AC,AC,TT,CC,AG,CC,AG,NN,TT,TT,TT,GG,TT,AA,AC,AG,GG,CC,CG,GG,CC,GG,TT,AA,CC,GG,GG,CC,CG,AA,GG,CC,AT,CC,AT,AA,AC,CC,AC,TT,AA,GG,AA,AA,AC,AA,AG,GG,AA,AA,AT,GG,AC,AG,AA,AA,TT,AA,AA,GG,GG,GG,TT,AA,AA,GT,TT,TT,AG,TT,GG,GG,AA,7.55,Resistant,Low,Poor,Late
L0439,Warangal,Telangana,Rabi,Black Cotton,Irrigated,410,26.5,60,CC,TT,GG,AG,GG,CC,GT,TT,CC,GG,AA,CC,NN,TT,TT,GG,GG,TT,TT,AA,CC,GT,TT,CC,TT,CC,TT,TT,GG,AA,TT,CT,AA,CC,GG,GG,GG,CG,GG,CC,TT,TT,AA,TT,AA,AG,TT,TT,CC,AC,GT,AT,AA,GG,CT,TT,AT,AA,GT,CC,AA,TT,TT,AA,TT,AT,CC,GG,TT,GG,AG,GT,CC,AA,AG,AA,AA,AG,GT,TT,GG,GG,GG,CC,AA,GG,AA,AA,NN,GT,CC,TT,CT,NN,TT,GG,TT,AC,TT,CC,TT,CC,AG,AA,TT,TT,CG,AA,AG,AA,CT,GG,TT,CC,TT,AA,AA,TT,CC,AG,CC,AG,CC,GG,TT,GG,CT,CC,CC,CG,AA,TT,CC,AA,CC,CT,AA,TT,AA,AT,GG,CC,CC,GG,AG,AA,AA,CC,GG,CC,CG,AA,AA,GG,TT,GG,AC,GT,TT,GG,AC,TT,TT,TT,CC,AA,GT,TT,AA,TT,GG,CC,AA,CC,CC,CC,GG,CC,AA,GG,AA,CC,TT,CC,GG,TT,GG,AT,AA,AA,TT,CC,GG,AA,CC,CC,GG,GG,AC,GG,TT,AC,AA,CC,GG,AA,CC,AA,AT,GT,TT,TT,TT,GG,TT,AT,CC,AA,GT,AA,GG,AA,TT,AA,AT,CC,TT,AA,CC,CT,CG,GG,CG,GG,AC,TT,CT,TT,GG,AT,AA,AC,AA,GG,CC,CG,GG,CC,GG,TT,AA,CC,TT,GG,CG,CC,AA,AG,CG,AA,CG,AA,AA,AC,CC,AC,NN,AA,GG,AA,AA,AA,AA,AG,AG,AA,AA,TT,GG,AC,AG,CC,AC,CT,AA,AA,GG,GG,CG,TT,AT,AG,TT,TT,TT,AA,TT,GG,CG,AA,6.6,Susceptible,Medium,Poor,Early
L0440,Warangal,Telangana,Rabi,Black Cotton,Irrigated,410,26.5,60,AC,TT,NN,GG,GG,CC,GG,TT,CC,NN,AT,CC,CG,TT,TT,GG,CC,TT,TT,AG,CC,TT,GT,CT,TT,CC,GT,TT,GG,AA,TT,CC,AA,CC,GG,GG,GG,CG,GG,AC,TT,CT,AC,TT,AG,GG,TT,TT,CC,CC,GT,AA,AA,GG,CC,TT,AA,AA,GG,AA,AA,NN,AT,AA,CT,TT,CC,GG,TT,GT,AA,GG,CC,NN,AG,AA,AA,GG,TT,TT,GG,GT,GG,CC,AA,GG,AA,AA,CG,TT,CC,TT,CC,TT,TT,GG,CC,CC,TT,CC,CC,CC,GG,AG,TT,TT,CC,AA,AA,AA,CC,GG,GT,CC,GT,AA,AA,TT,CC,GG,CG,GG,CC,NN,TT,AA,CC,CC,CC,CC,AA,TT,AC,AA,CC,CC,AA,NN,AA,AA,GG,CT,CC,GG,AA,AA,AA,AC,GT,CC,CC,AA,AA,AG,TT,AG,AA,GG,TT,GG,CC,TT,GT,TT,CC,AA,TT,TT,AT,TT,CG,CC,GG,TT,CC,CC,CG,CC,AA,GG,AG,CC,TT,CC,GT,TT,CG,TT,AA,AA,TT,CC,GG,AA,CC,CC,GG,GG,AC,GG,TT,AC,AA,CC,GT,AA,AC,AT,AT,GG,TT,AA,AT,GG,GT,AA,CC,NN,GT,AA,GG,AA,TT,AA,TT,CC,TT,AA,CC,TT,GG,AA,CG,GG,CC,NN,CT,GT,GG,TT,AC,AA,AG,GG,CC,CC,GG,CC,GG,AT,AA,CC,GT,GG,CC,CC,AA,GG,CG,AT,CG,AA,AA,AC,CG,AC,TT,AA,CG,AA,AC,AC,AA,AG,AG,AA,AG,TT,GG,AA,AG,CC,AA,CT,AA,AA,GG,GG,GG,GT,AA,AA,TT,TT,TT,AG,AT,GG,GG,AC,6.57,Resistant,High,Premium,Late
L0441,Warangal,Telangana,Rabi,Black Cotton,Irrigated,410,26.5,60,NN,CT,GG,AG,GG,CC,GG,AT,CC,GG,AA,CT,CC,TT,TT,GT,GG,TT,TT,AA,CC,TT,GT,CC,TT,CT,GT,TT,GG,AA,TT,CC,AA,CC,GG,GG,GG,CG,NN,AC,TT,CC,AA,TT,AA,AA,TT,AT,CC,AA,GG,TT,AA,GG,CC,TT,AA,CC,GT,AA,AG,TT,AT,AA,TT,AT,CC,GG,TT,GG,AA,GT,CC,AA,AG,AC,AT,GG,TT,TT,GG,GT,GG,CC,AA,GG,AA,AA,CC,GT,CC,TT,CC,TT,GT,GG,TT,CC,GT,CT,CC,GG,GG,AA,TT,TT,CC,AA,AG,AA,CC,GG,TT,CC,TT,AA,AA,AT,CC,AG,CC,AG,CC,GG,CT,AA,CC,CC,CC,CC,NN,TT,CC,AA,CC,CC,AA,AT,AA,AA,GG,CT,CC,GG,AA,AA,AA,CC,GT,CC,CC,AA,NN,GG,GT,GG,AA,TT,TT,GG,CC,TT,GT,TT,CC,AA,GT,CT,AT,AA,GG,CC,AA,CT,CC,CC,CG,AC,AT,GG,AG,NN,TT,CC,TT,GT,CG,AT,AA,AA,TT,CC,GG,AA,CC,CC,GG,GG,AC,GG,TT,AC,AA,CC,GT,AA,AC,AA,AA,GG,TT,TT,AT,CG,GT,AT,CG,AT,GT,AA,GG,AA,TT,AA,TT,CC,TT,AC,CC,CT,GG,AG,CG,NN,CC,TT,CT,GT,GG,TT,AA,AC,AG,GG,CC,CG,GG,CC,GG,AT,AA,CC,TT,GG,NN,CC,AA,GG,CC,AA,CC,AA,AA,CC,CC,CC,TT,AA,GG,AA,AA,AA,AC,AG,AG,AA,AA,TT,GG,AA,NN,AC,AA,CT,AA,AA,GG,GG,GG,GT,AA,AA,TT,TT,AT,AA,TT,CG,GG,AC,5.0,Resistant,Medium,Standard,Medium
L0442,Warangal,Telangana,Rabi,Black Cotton,Irrigated,410,26.5,60,NN,CT,GG,AA,CG,CC,GG,TT,CC,GG,AA,CC,CG,TT,NN,GG,GG,TT,TT,AA,CG,GT,TT,CT,TT,CC,TT,TT,GG,AA,TT,CC,AA,CC,GG,CG,GG,CC,GG,CC,TT,CC,AA,GT,AA,AG,CC,TT,CC,AC,GG,AA,AG,GG,CC,NN,AT,AC,TT,AA,AG,TT,TT,AG,TT,AT,CC,GG,TT,TT,AA,GG,CC,AA,GG,AA,AT,GG,TT,TT,GG,GG,GG,CC,AA,GG,AA,AA,CC,GG,AC,TT,CC,TT,TT,AA,TT,CC,GT,CC,CC,CC,AG,AA,TT,GT,CG,AG,AA,AA,TT,GG,TT,CC,TT,AA,AA,TT,CC,AG,CC,GG,TT,GG,CT,AA,CC,NN,AC,CC,AA,TT,CC,AA,CC,CC,AA,TT,AA,AA,GG,CT,CC,GG,AA,GG,AA,AC,GT,CC,CC,AA,AA,GG,GT,GG,AA,GT,TT,GG,AC,TT,GG,CT,CC,TT,TT,TT,AA,TT,GG,CG,AA,CC,AC,CC,CG,CC,AA,GG,AA,CC,TT,CG,GT,TT,CG,AT,AA,AA,TT,CC,CC,AA,CC,CG,GG,GG,CC,GG,TT,AA,AA,CC,GG,AA,AC,AT,AA,GT,NN,TT,AT,GG,GT,AA,CC,TT,GT,AA,AG,AA,TT,AA,TT,CC,TT,AA,CC,TT,NN,AA,CG,AA,CC,TT,TT,GT,GG,TT,AA,AC,AG,GG,CC,CG,GG,CG,GG,AT,NN,CC,TT,AG,CG,CC,AT,GG,CC,AA,CG,AT,AA,AC,GG,AC,AT,AA,GG,AA,AA,AA,AA,AG,AG,AA,AA,TT,GG,AA,GG,AA,AA,TT,AA,AA,GG,GG,CC,TT,AA,AA,TT,TT,TT,AG,TT,GG,GG,AA,7.09,Susceptible,Low,Poor,Late
L0443,Warangal,Telangana,Rabi,Black Cotton,Irrigated,410,26.5,60,AC,TT,AG,AA,GG,CC,GG,TT,CC,GG,AA,CC,GG,TT,TT,GG,CC,TT,TT,AG,CC,TT,GT,CT,TT,CC,TT,AT,GG,AC,TT,CC,AA,CC,GG,CG,GT,CC,GG,CC,TT,CT,AA,TT,AG,GG,TT,TT,CC,AC,GG,AA,AA,GG,CT,TT,AA,AA,TT,AC,AG,GT,AT,GG,CT,AT,CC,GG,CT,GT,AA,GG,CC,AA,AG,AC,AT,GG,TT,TT,GG,GT,GG,CC,AA,AG,AA,AA,CC,TT,AC,GT,CT,TT,TT,GG,TT,CC,GG,CC,CC,CG,AG,AA,TT,TT,CC,AA,AG,AC,CT,GG,TT,CG,GT,CC,AA,TT,CC,GG,CC,GG,CC,GT,TT,AG,CC,CC,CC,CC,AG,GT,CC,AA,CC,CC,AA,TT,AA,AA,GG,CC,CC,GG,AG,AG,AA,AC,GG,CC,CC,AA,AA,AG,TT,GG,AC,TT,CT,GG,AC,NN,TT,CT,CC,AA,GT,TT,AA,AT,GG,CC,AA,CC,CC,AC,CG,CC,AA,GG,AA,CC,TT,CC,GT,TT,GG,TT,AA,AA,TT,CC,GG,AA,AC,CC,GG,AG,AC,GG,TT,AC,AA,CC,GT,AT,CC,AA,AT,GG,TT,AT,AT,NN,GT,AA,CC,AT,TT,AA,GG,AA,TT,AA,TT,CC,CT,AA,AC,TT,GG,AA,CG,AG,CC,TT,TT,GT,GG,TT,AA,NN,AG,GG,CC,CC,GG,CC,GG,TT,AG,CG,GT,GG,CC,CG,AA,GG,CC,AT,CC,AA,AA,AC,CG,AC,TT,AA,GG,AA,AA,AA,AA,NN,AA,AA,AA,AT,GG,AA,AA,CC,AC,CT,AA,AG,GG,GG,GG,TT,AA,NN,GT,TT,TT,AA,AT,GG,GG,AA,7.95,Susceptible,Low,Poor,Late
L0444,Warangal,Telangana,Rabi,Black Cotton,Irrigated,410,26.5,60,AC,CT,GG,AA,GG,CC,NN,TT,CC,CG,AA,CC,CC,AT,TT,GG,GG,TT,TT,AA,CC,TT,TT,CT,TT,CC,NN,TT,GG,AA,TT,CC,AA,CC,GG,GG,GG,GG,GG,CC,TT,CT,AC,TT,AA,AG,TT,AT,CC,CC,GG,AA,AA,GG,CT,GT,AT,CC,GG,AA,AA,TT,TT,AA,TT,AT,NN,GG,TT,GG,AA,GG,AC,AA,GG,AC,AT,GG,GT,TT,GG,GG,GG,CC,AT,GG,AA,AT,CC,GT,AC,TT,CC,AT,TT,GG,CT,CC,GT,CC,CC,CC,GG,AA,TT,TT,CC,NN,AG,AA,NN,GG,TT,CC,TT,AA,AA,TT,CC,GG,CC,GG,CC,GT,TT,AA,CC,CC,CC,CC,AG,TT,AC,AA,CC,CC,AA,TT,AG,AA,GG,CT,CC,GG,AA,GG,AA,AC,GT,CC,CC,AA,AA,GG,TT,GG,AA,TT,NN,GG,CC,TT,TT,TT,CC,AA,TT,TT,AA,TT,GG,CC,AG,TT,CC,CC,CG,CC,AA,GG,AG,CC,TT,CC,GT,TT,GG,AT,AA,AG,TT,CC,GG,AC,AC,CC,GG,GG,AC,GG,TT,AC,AA,CC,GG,AT,AA,AA,AT,GT,TT,TT,AT,GG,GT,AA,CC,NN,TT,AA,GG,AA,TT,AA,TT,CC,CC,AA,CC,TT,GG,AG,CG,AA,AC,TT,TT,TT,GG,TT,AA,CC,AA,GG,CC,CC,GG,CC,GG,AT,AA,NN,NN,GG,CC,CC,AT,AG,CC,AA,CC,AA,AA,AC,CG,CC,TT,AA,GG,AA,AC,AC,AA,GG,AA,AA,AA,AT,GG,AA,AA,CC,AC,CT,AA,AA,GG,AG,GG,TT,AT,AA,GG,TT,TT,AA,AT,GG,GG,AA,7.51,Susceptible,High,Standard,Late
L0445,Warangal,Telangana,Rabi,Black Cotton,Irrigated,410,26.5,60,AC,TT,AG,NN,GG,CC,GG,TT,CC,CC,AA,CT,CG,TT,GT,GG,GG,TT,TT,AG,CC,TT,GG,CT,TT,CC,GT,TT,GG,AA,TT,CC,AA,CC,GG,GG,GG,CG,GG,CC,TT,CT,AA,TT,AA,GG,TT,AT,CC,AA,GG,AA,AA,GG,CC,TT,AA,AC,GG,AC,AA,GT,AT,AG,CT,TT,CC,GG,TT,GT,AA,GG,CC,AA,GG,AC,AT,NN,TT,TT,GG,GG,GG,CC,AA,AG,AA,AA,CC,GG,AC,TT,CC,AT,TT,GG,TT,CC,TT,CC,CC,CC,AG,AA,TT,TT,CC,AA,AG,AC,CC,GG,TT,CC,TT,AA,AA,TT,CC,AA,CG,GG,CC,GG,CT,AA,NN,CC,CC,CC,AA,TT,CC,AA,CC,CC,AA,TT,AG,AT,GG,CC,CC,GG,AG,AG,AA,CC,GG,CC,CC,AA,AG,GG,TT,GG,AC,TT,CT,GG,AC,TT,GT,CT,CC,AA,TT,TT,AA,TT,GG,CC,AG,CT,CC,AC,CC,CC,AA,GG,GG,CC,TT,CC,GG,TT,GG,TT,AA,NN,GT,CC,GG,AA,AA,CC,GG,GG,NN,GG,TT,AC,AA,CC,GG,AA,CC,AA,AT,GG,TT,AT,AA,CG,GT,AT,CC,TT,GG,AA,GG,AA,TT,AA,TT,CC,TT,AA,CC,CT,GG,AA,CC,AG,CC,TT,TT,GT,GG,TT,AA,AC,AG,GG,CC,CC,GG,CC,GG,TT,AA,CC,GT,GG,CC,CG,AA,GG,CC,AT,CC,AT,AA,CC,GG,AC,TT,AG,NN,AA,AA,CC,AC,AG,AG,AA,AA,TT,GG,AC,AG,AC,AA,CT,AG,AA,GG,GG,GG,TT,AA,AA,GT,TT,TT,AG,AT,GG,CG,AA,7.3,Susceptible,Low,Standard,Early
L0446,Warangal,Telangana,Rabi,Black Cotton,Irrigated,410,26.5,60,CC,TT,GG,AG,GG,CC,GG,TT,CC,CC,AA,CT,CC,TT,TT,GT,CG,TT,TT,AA,CC,GT,GT,CC,TT,CC,TT,AT,GG,AA,TT,CC,AA,CC,GG,GG,GG,CG,GG,CC,TT,CT,AA,TT,AG,AA,TT,TT,CC,AC,GG,AA,AG,GG,CC,TT,AT,CC,GG,AC,AA,GT,TT,AA,TT,AT,CC,GG,TT,GG,AA,GG,CC,AA,GG,AC,AT,GG,GT,TT,GG,GG,TT,CC,AT,GG,AG,AA,CC,GT,AC,TT,CT,TT,TT,GG,TT,CC,GT,CC,CT,CC,AG,AG,AT,TT,CC,AA,AA,AA,CC,GG,TT,CC,TT,AA,AC,TT,CC,AG,CC,GG,CC,GT,TT,AG,CC,CC,CC,CC,AA,TT,AC,AA,CC,CT,AA,TT,AA,AA,GG,CT,CC,GG,AA,AG,AA,CC,GG,CC,CG,AG,AA,AG,TT,GG,AA,TT,CT,GG,CC,TT,TT,TT,CC,AA,TT,CT,AA,TT,GG,CC,AA,CT,CC,CC,CG,CC,AA,GG,AA,CC,TT,CC,GT,TT,GG,TT,AG,AG,TT,CC,GG,AA,AC,CC,GG,GG,AC,GG,TT,AC,AA,CC,GG,AA,CC,AA,AT,GG,GT,AA,AT,GG,GT,AT,CC,TT,TT,AA,GG,AA,TT,AC,AT,CC,TT,AC,CC,CT,GG,AG,CC,GG,CC,TT,TT,GT,GG,TT,AA,AA,NN,GG,CC,CC,GG,CC,GG,AT,AA,CC,TT,GG,CC,CC,AA,GG,CC,AA,CC,AT,AA,CC,CC,AC,TT,AA,GG,AA,AA,AC,AA,GG,AG,AA,AA,TT,GG,AA,AA,AC,AA,CC,AA,AA,GG,GG,GG,TT,AA,AA,TT,TT,TT,AG,AA,GG,GG,AA,9.28,Susceptible,High,Poor,Medium
L0447,Warangal,Telangana,Rabi,Black Cotton,Irrigated,410,26.5,60,AC,TT,GG,AG,GG,CC,GG,AT,CC,CC,AA,CC,CC,AT,TT,GG,GG,TT,TT,AG,CG,TT,GG,CC,TT,CC,TT,AT,GT,AA,TT,CT,AA,CC,GG,GG,GG,CC,GG,CC,TT,CC,AC,TT,AA,AG,TT,TT,CC,AA,GT,AT,AA,GG,CC,TT,AA,AA,GG,AC,AA,TT,TT,AA,TT,TT,CC,GG,TT,GG,AA,GG,CC,AA,GG,AC,AA,GG,GT,TT,GG,GG,GG,CC,AA,GG,AG,AA,CC,GT,CC,TT,CC,TT,GT,GG,TT,CC,TT,CC,CC,CG,GG,AA,AT,TT,CC,AA,AG,AA,CC,GG,TT,CG,GG,AA,AA,TT,CG,GG,CC,AG,CC,NN,TT,AA,CC,CC,CC,CC,AA,TT,AC,AA,CC,CC,AA,AT,AA,AA,CG,CC,CG,GG,AG,GG,AA,AC,GT,CC,CC,AA,AA,GG,TT,GG,AC,GT,TT,GG,AC,GT,GG,TT,CG,AA,GG,CT,AA,AT,GG,CC,AG,CC,CC,CC,CG,AC,AA,GG,AG,CC,TT,CG,GG,TT,GG,TT,AA,AA,TT,CC,GG,AA,CC,CC,GG,GG,AC,GG,TT,AC,AA,CC,GT,AA,CC,AA,AT,GG,TT,AT,AA,CG,TT,AT,CC,TT,GT,AA,GG,AA,TT,AA,TT,CC,CT,AC,CC,CT,CG,AG,CC,AA,CC,TT,TT,TT,GG,TT,AA,AA,AA,GT,CC,CG,GG,CC,GG,AT,AA,CC,TT,GG,CC,CC,AA,AG,CC,AA,CC,AA,AA,CC,CC,AC,TT,AA,NN,AA,AA,AA,AA,AG,AG,AA,AA,TT,GG,AA,AA,CC,AA,CT,AA,AA,CC,GG,CG,TT,AA,AA,TT,TT,TT,AG,AT,GG,CG,AA,7.17,Susceptible,Low,Standard,Medium
L0448,Warangal,Telangana,Rabi,Black Cotton,Irrigated,410,26.5,60,AC,CC,GG,AA,NN,CC,GG,TT,CC,CG,AT,CC,CG,TT,TT,GG,CC,TT,TT,AG,CG,TT,GT,CT,TT,CC,TT,TT,GG,AA,TT,CC,AA,CC,GG,CG,GG,CG,GG,CC,TT,CT,AA,GT,AA,GG,TT,TT,CC,AC,GG,AA,AA,GG,CC,TT,AA,AC,GG,AC,AA,GT,TT,AA,TT,TT,CC,GG,CT,GT,AA,GT,CC,AA,GG,AC,AT,AG,GT,TT,GG,GG,GG,CC,AT,GG,AA,AA,CG,GG,CC,TT,CC,TT,TT,AG,TT,CC,GT,CT,CC,CG,NN,AG,TT,TT,CG,AA,AG,AA,CC,GG,TT,CG,GT,AA,AC,TT,CC,AG,CC,GG,CC,GT,CT,AA,CC,CC,CC,CC,AA,TT,CC,AA,CC,CC,AA,TT,AA,AA,GG,CT,CC,GG,AA,AG,AA,CC,GT,CC,CC,AA,AA,AG,TT,GG,AA,TT,CT,GG,CC,GT,TT,TT,CC,TT,NN,TT,AT,AT,GG,CG,AG,TT,CC,AC,GG,CC,AT,GG,AG,CC,TT,CG,GT,TT,CG,AT,AA,AA,TT,CC,GG,AC,AC,CC,GG,GG,AC,GG,TT,AC,AG,CC,GG,AA,CC,AA,AT,GG,TT,AT,AT,GG,TT,AA,CG,TT,GT,AA,GG,AA,TT,AA,TT,CC,TT,AA,CC,TT,GG,AG,CG,AG,CC,TT,CT,TT,GG,AT,AC,CC,AG,GG,CC,CC,GG,CC,GG,TT,AA,CC,TT,GG,CC,CG,AA,GG,CC,AA,CG,AA,AA,AC,GG,CC,TT,AA,NN,AA,AA,AC,AA,AG,AG,AG,AA,TT,GG,AA,AA,CC,AA,CT,AA,AA,CG,GG,GG,TT,AT,AG,GT,TT,TT,AA,AT,GG,GG,AA,6.37,Moderate,Medium,Premium,Late
L0449,Warangal,Telangana,Rabi,Black Cotton,Irrigated,410,26.5,60,AC,TT,GG,GG,GG,CC,GG,AT,NN,CC,AA,CT,CG,TT,GG,GG,GG,TT,TT,AA,CC,NN,NN,CC,TT,CC,TT,NN,GT,AA,TT,CC,NN,CC,GG,GG,GG,GG,GG,CC,TT,TT,AA,TT,AA,AA,TT,AT,CC,CC,GG,AA,AA,GG,CC,TT,AA,AA,GG,AC,AA,TT,AA,AG,TT,TT,CC,GG,TT,GT,GG,GG,CC,AA,GG,AA,TT,GG,TT,TT,AG,GG,GG,CC,AA,GG,AA,AA,CC,GT,AC,TT,CC,TT,TT,GG,CT,CC,TT,CC,CC,CC,AA,AA,TT,TT,CC,AA,AA,AA,CC,GG,TT,CC,TT,AA,AC,TT,CC,GG,CG,GG,CC,GG,TT,AG,CT,CC,CC,CC,AA,TT,AC,AA,CC,CC,AA,AT,AA,AT,NN,CC,CC,GG,AA,AG,AT,CC,GG,CC,CC,AA,AA,GG,TT,GG,AC,TT,TT,AG,CC,TT,GT,CT,CC,AA,GG,TT,AA,TT,GG,CG,AG,CC,AC,CC,GG,CC,AA,AG,AA,CC,TT,CC,GG,GT,GG,AA,AA,AA,TT,CC,GG,AC,CC,CC,GG,GG,AA,CG,TT,AA,AG,CG,GG,AT,CC,AA,AA,GG,TT,TT,AA,CG,GT,AT,CC,AA,GT,AA,GG,AA,TT,AA,TT,CC,TT,CC,CC,TT,GG,AG,CC,AA,CC,TT,TT,GT,GG,NN,AC,CC,AA,GG,CC,CC,GG,CC,GT,TT,AA,CC,GT,GG,CC,CC,AA,AG,CC,AA,CC,AT,AA,AA,CG,AC,TT,AA,GG,AA,AA,AA,AA,GG,AG,AA,AA,TT,GG,AC,AG,CC,AC,CT,AA,AA,GG,AG,CG,TT,NN,AA,TT,TT,TT,AA,TT,GG,GG,AA,6.32,Susceptible,Medium,Poor,Early
L0450,Warangal,Telangana,Rabi,Black Cotton,Irrigated,410,26.5,60,AA,CT,GG,AA,GG,CC,GG,TT,CC,CC,AA,CC,CG,TT,TT,GG,CG,TT,TT,AG,CG,GT,TT,NN,TT,CT,TT,TT,GT,AA,NN,CT,AA,CC,NN,CG,GG,CC,GG,CC,TT,TT,AA,TT,AA,GG,TT,AT,CC,AC,GG,AA,AA,GG,CT,TT,AA,AA,TT,AA,AA,GT,AT,AG,TT,AA,CC,GG,TT,GG,AA,GG,CC,AA,GG,AA,AA,GG,TT,TT,GG,GG,GT,CC,AA,NN,AA,AA,CC,TT,CC,TT,TT,TT,GT,GG,TT,CC,TT,CT,CC,CC,GG,AA,TT,GT,CC,AA,AA,AA,CC,GG,TT,CG,TT,AA,AA,TT,CC,GG,CC,GG,CC,GG,CT,AG,CC,CC,AC,CC,AA,TT,CC,AA,CC,CT,AA,TT,AA,AT,GG,CT,CC,GG,AA,AG,AA,AC,GG,CC,CC,AA,AA,AG,GT,GG,CC,TT,CC,GG,AC,GG,TT,TT,CG,AT,GT,TT,AT,AT,GG,CC,AG,CC,CC,CC,GG,CC,AA,GG,AG,CC,TT,CC,GG,GT,GG,AA,NN,AG,TT,CC,GG,AA,AC,CC,GG,GG,AA,GG,TT,AC,AA,CC,GG,AA,CC,AA,AA,GG,TT,TT,AA,CG,GT,AA,CC,TT,GT,AA,GG,AA,TT,AA,TT,CC,TT,AC,CC,CT,GG,AG,CC,AG,CC,NN,CT,TT,GG,TT,AC,AC,AG,GG,CC,CG,GG,CC,GG,AA,AA,CG,GT,GG,CC,CC,AA,AG,CG,AT,CC,AA,AA,AC,GG,CC,TT,AA,GG,AA,AA,AC,AA,AA,AA,AG,AA,AT,GG,AA,NN,AC,AA,CT,AA,AA,CG,GG,GG,TT,AT,AG,GT,TT,TT,AA,TT,GG,NN,AA,7.58,Susceptible,Low,Standard,Late
L0451,Warangal,Telangana,Rabi,Black Cotton,Irrigated,410,26.5,60,CC,TT,GG,AG,GG,CC,GG,AT,CC,CG,AA,CC,CG,TT,TT,GT,GG,TT,TT,AA,CC,TT,GT,CC,TT,CC,GT,TT,GT,AA,TT,CC,AA,CC,GG,GG,GG,CC,GG,CC,TT,CT,NN,TT,GG,GG,CT,TT,CC,CC,GG,AA,AA,NN,CC,GT,AA,AC,TT,AC,AA,TT,AT,AG,TT,TT,CC,GG,TT,GT,AG,GT,CC,AA,GG,AC,AA,GG,TT,TT,GG,GG,GG,CC,AA,GG,AA,AA,CC,GT,CC,TT,CC,TT,TT,GG,TT,CC,GT,CC,CC,GG,AG,AA,TT,TT,CC,AA,AG,AA,TT,GG,TT,CC,TT,AA,AA,TT,CC,AG,CC,GG,CC,GG,TT,AA,CC,CC,CC,CG,AA,TT,CC,AA,CC,CC,AA,TT,AA,NN,GG,CC,CC,GG,AG,AA,AT,CC,GG,CC,CC,AA,AA,GG,TT,GG,AA,TT,CT,AG,NN,GT,GT,CT,CG,AA,TT,CT,AT,TT,CG,CC,AA,CC,CC,CC,GG,CC,AA,GG,GG,CC,TT,CG,GT,GG,GG,AT,NN,AA,TT,AC,GG,AA,CC,CC,GG,NN,AC,CG,TT,AA,AA,CC,GT,AA,AC,AA,AA,GT,TT,TT,AA,GG,GG,AT,CC,TT,TT,AA,GG,AA,CC,AA,TT,CC,NN,AC,CC,CT,CG,GG,CC,AA,CC,AT,CT,GT,CG,TT,AC,AA,AA,GG,CC,CG,GG,CG,GG,AT,AA,CC,GG,GG,CC,CC,AA,GG,CC,AT,CC,AA,AA,AC,CC,AC,TT,AA,GG,AA,AA,AC,AA,AG,AA,AG,AG,AT,GG,AC,AG,AC,AA,TT,AG,AG,GG,AG,GG,TT,AT,AA,NN,TT,TT,AA,AT,GG,CG,AA,4.98,Susceptible,Low,Standard,Medium
L0452,Warangal,Telangana,Rabi,Black Cotton,Irrigated,410,26.5,60,AA,TT,GG,GG,GG,CC,GG,TT,CC,CC,AA,CT,CC,AT,TT,GT,CG,TT,TT,AA,CG,TT,TT,CC,TT,CT,TT,TT,GG,AA,CT,CC,AA,CC,GG,CC,GG,CC,GG,CC,TT,TT,AA,TT,AG,GG,TT,TT,CC,CC,GG,AA,AA,GG,CC,GT,AA,AA,TT,AA,AA,GT,TT,AG,TT,TT,NN,GG,CT,GG,AA,GG,CC,AA,GG,AC,AA,GG,NN,TT,GG,GG,GT,CC,AA,GG,AA,AA,CG,TT,AC,TT,CC,TT,NN,GG,TT,CC,GT,CC,CC,CC,GG,AA,TT,TT,CC,NN,NN,CC,CC,GG,TT,CC,TT,AA,AA,TT,CC,AG,CC,GG,CC,GT,CT,AA,CC,CC,CC,CG,AA,TT,CC,AA,CC,CC,AA,AA,AA,AT,GG,CC,CC,GG,AA,AG,AA,CC,GT,CC,CC,AA,AG,GG,GT,GG,AA,TT,CT,NN,CC,GT,GT,CT,CG,AA,GT,CT,TT,TT,GG,CC,GG,CT,CC,CC,GG,CC,AA,GG,AA,CC,TT,CC,GG,GT,GG,TT,AG,AG,TT,AC,GG,AA,CC,CC,GG,GG,AA,GG,TT,AA,AA,CC,GT,AA,CC,AT,AT,GG,GT,TT,AA,GG,GG,AT,CC,AT,TT,AA,GG,AA,TT,AA,TT,CC,TT,CC,CC,TT,GG,AA,CC,AA,CC,AT,TT,GT,GG,AT,AC,CC,GG,GG,CC,CC,GG,CC,GG,AT,AA,CC,GG,GG,CC,CC,AA,GG,CC,AA,CC,AA,AA,AC,GG,CC,TT,AG,GG,AA,AA,AC,AA,GG,AG,AG,AA,TT,GG,AA,AA,CC,AC,TT,GG,AG,GG,GG,GG,TT,AT,AG,TT,TT,TT,AG,AT,GG,GG,AA,6.66,Resistant,Medium,Premium,Early
L0453,Warangal,Telangana,Rabi,Black Cotton,Irrigated,410,26.5,60,CC,TT,GG,AG,GG,CC,GG,TT,CC,CC,AA,CC,CG,AA,TT,GG,CG,TT,TT,AA,CC,GT,GT,CC,TT,CC,TT,TT,GG,AA,TT,CC,AA,CC,AG,GG,GG,CG,GG,CC,TT,NN,AA,GT,AG,GG,TT,AT,NN,NN,GG,AT,AG,GG,CC,TT,AA,AA,GT,AC,AA,TT,TT,AA,TT,TT,CC,GG,TT,GT,AA,GT,CC,AA,AG,AC,AT,GG,TT,TT,GG,GT,GG,CC,AA,GG,AA,NN,CC,GG,CC,GT,CC,TT,TT,GG,CT,AC,GG,CC,CC,CC,AG,AA,TT,TT,CC,AA,AG,CC,CT,GG,TT,CC,TT,AA,AC,TT,CC,GG,CC,GG,CC,TT,CC,AG,CT,CC,CC,CG,AA,TT,AC,AA,CC,CC,AA,TT,AA,AA,GG,CC,CC,GG,AA,AG,AA,AC,GG,CG,CC,AG,AG,GG,GT,GG,AC,GT,CC,GG,AC,TT,TT,TT,CG,TT,GT,CT,AA,AT,CG,CC,AG,CT,CC,AC,CC,CC,AA,GG,AG,CC,TT,CC,GT,GT,GG,TT,AA,GG,TT,AC,GG,AA,CC,CG,GG,AG,AC,GG,TT,AC,AG,CC,GG,AA,CC,AA,AA,GG,TT,TT,AT,GG,GT,AT,CC,AT,GT,AA,GG,AA,TT,AA,TT,CC,CT,AC,CC,TT,CG,AA,CC,AG,CC,TT,CC,TT,GG,TT,AA,CC,AA,GG,CG,CC,GG,CC,GG,TT,AA,CC,GT,GG,CC,CC,AA,GG,CC,NN,CC,AA,AA,CC,GG,CC,TT,AA,GG,AA,AA,AC,AA,AG,AA,AG,AA,TT,GG,AA,AA,CC,AA,TT,AA,AA,GG,GG,GG,TT,NN,AA,GT,TT,AT,AA,TT,GG,GG,AA,9.31,Moderate,Medium,Standard,Medium
L0454,Warangal,Telangana,Rabi,Black Cotton,Irrigated,410,26.5,60,AC,CT,GG,GG,CG,CC,GT,TT,CC,CC,AA,CC,CG,TT,TT,GG,CG,TT,TT,AA,CC,GT,TT,CT,TT,CT,TT,TT,GG,AA,TT,CC,AA,CC,GG,CG,GG,CC,GG,CC,TT,CT,AA,TT,AG,GG,TT,TT,CC,AA,GT,AT,AA,GG,CT,TT,AA,AA,GT,AA,AA,TT,AA,AG,TT,TT,NN,GG,TT,GT,AG,GG,CC,AG,GG,AA,AA,GG,TT,TT,GG,GG,GG,CC,AT,GG,AA,AT,CC,GT,CC,TT,CC,TT,TT,GG,TT,CC,GG,CC,CT,CC,GG,AG,TT,TT,CC,AA,AA,AA,CC,GG,TT,CC,TT,AA,AC,TT,CG,GG,CG,GG,NN,GT,TT,AA,CT,CC,CC,CC,AA,TT,CC,AA,CC,CT,AA,TT,NN,AT,NN,CC,CC,GG,AA,AA,AA,CC,GT,CG,CC,AA,AA,NN,TT,AG,AA,GT,CC,GG,AC,GT,TT,TT,CG,AA,TT,TT,AA,TT,GG,CC,AG,CC,CC,CC,GG,CC,AA,GG,AG,CC,TT,CC,GG,TT,NN,AT,AA,AA,TT,AC,NN,AA,CC,CG,GG,GG,AC,GG,TT,AC,AA,CC,GG,AA,AA,AA,AA,GG,TT,AA,AA,GG,GT,AA,CC,NN,GG,AA,GG,AA,CT,AA,TT,CC,TT,AA,CC,CT,GG,AA,CG,AG,CC,TT,CT,GT,GG,TT,AA,AC,AA,GG,CC,CC,GG,CC,GG,AT,AA,CC,GT,GG,CC,CC,AA,GG,CG,AA,CG,AT,AA,AC,CC,CC,AT,AA,GG,AA,AA,AA,AA,AG,AA,AA,AA,TT,GG,AC,AA,AC,AC,CT,AA,AA,GG,GG,GG,TT,AA,AA,TT,TT,TT,AA,TT,GG,CG,AA,5.88,Resistant,Medium,Standard,Medium
L0455,Warangal,Telangana,Rabi,Black Cotton,Irrigated,410,26.5,60,AA,TT,GG,AA,GG,CC,GG,TT,CC,CG,AA,CC,CG,AT,TT,GG,CG,NN,TT,AA,CC,TT,GT,CC,AA,CC,TT,NN,GG,AA,CT,CC,AA,CC,GG,GG,GG,CC,GG,CC,TT,CT,AA,TT,AG,AG,TT,AT,CC,AC,GT,AA,AG,GG,CC,GT,AA,AA,GT,AA,AA,GT,AT,AG,TT,AA,CC,GG,TT,GG,AA,GG,CC,AA,GG,AA,AA,GG,TT,TT,GG,GT,GG,CC,AA,GG,AA,AA,CC,GT,CC,TT,CT,TT,TT,GG,TT,CC,GT,CC,CT,GG,NN,AA,AT,TT,CG,AG,AG,AA,CT,GG,TT,CC,TT,NN,AA,TT,CC,AG,NN,AG,CC,GG,TT,AG,CC,CC,CC,CC,AA,TT,CC,AA,CC,CC,AA,AT,AG,AA,GG,CC,CC,GG,AA,AG,AA,AC,GG,CC,CC,AA,AG,AG,TT,GG,NN,GT,CT,GG,AC,GT,GT,TT,CC,AT,GT,TT,AT,TT,CG,CC,AA,CT,AC,CC,GG,AC,AA,GG,AG,CC,TT,CG,GT,NN,GG,AT,AA,AG,TT,CC,GG,AA,CC,CC,GG,AG,AC,GG,TT,AA,AA,CC,GG,AT,CC,AA,AT,GG,TT,AT,AT,GG,GG,AA,CG,AT,GG,AA,GG,AA,TT,AA,TT,CC,CT,AA,CC,CT,CG,AG,CC,AG,CC,AT,CC,GT,NN,TT,AA,NN,AA,GG,CC,CC,GG,CC,NN,AT,AA,CC,TT,GG,CC,CC,AA,GG,CC,AA,CC,AT,AA,AA,CG,AC,TT,AA,GG,AA,AC,AC,AA,AA,AA,AA,AA,TT,CG,AA,AG,CC,AA,CT,AA,AG,GG,GG,GG,TT,AA,AG,TT,TT,TT,AA,AT,GG,CG,NN,6.49,Moderate,Medium,Poor,Late
L0456,Warangal,Telangana,Rabi,Black Cotton,Irrigated,410,26.5,60,AC,TT,GG,AG,GG,CC,GG,TT,CC,CC,AA,CT,CC,TT,TT,GT,CG,TT,TT,AA,CG,NN,TT,CC,TT,CC,TT,AT,GG,AA,TT,CC,AA,CC,GG,CG,GG,CG,GG,CC,TT,CT,AC,TT,AA,GG,TT,TT,CC,CC,NN,AA,AA,CG,CT,TT,AA,CC,GT,AC,AA,TT,TT,AG,TT,TT,CC,GG,TT,GG,AG,GG,AC,AA,GG,NN,AA,GG,TT,TT,GG,GG,GT,CC,AA,GG,AA,AA,CC,TT,AC,TT,CC,TT,TT,GG,TT,CC,TT,CT,CT,CG,AG,AA,TT,GT,CC,AA,AG,AA,CC,GG,TT,CC,GT,CC,AC,TT,CC,AG,CC,AG,CC,GG,TT,AG,CT,CC,CC,CC,AG,TT,CC,AA,CC,CC,AA,TT,AA,AT,GG,TT,CC,GG,AA,GG,AA,CC,NN,CC,CG,AA,AA,GG,GT,GG,AC,TT,TT,GG,CC,GT,TT,TT,CC,AA,GT,CT,AA,TT,GG,CC,AG,NN,CC,CC,CG,CC,NN,AG,AA,CC,TT,CC,NN,TT,CG,TT,AA,AA,TT,CC,CG,AA,AC,CC,GG,GG,AA,GG,TT,AC,AA,CG,GG,AT,CC,AA,AA,GG,TT,AT,AA,CG,GT,AA,CC,AT,GT,AA,GG,AA,TT,AA,TT,CC,TT,AC,CC,TT,GG,AA,CG,AG,CC,TT,TT,GG,GG,TT,AA,AC,AA,GG,CC,CC,GG,CC,GG,AT,AA,CC,GT,GG,CC,CC,AT,AG,GG,TT,CC,AA,AA,CC,CG,AC,TT,AA,GG,AA,AA,AA,AA,AG,AA,AG,AA,AT,GG,AA,AG,CC,AC,TT,AA,AA,CG,GG,GG,TT,AA,GG,GT,TT,TT,AA,AT,CG,CG,AA,9.43,Susceptible,High,Premium,Early
L0457,Warangal,Telangana,Rabi,Black Cotton,Irrigated,410,26.5,60,AA,TT,GG,AA,GG,CC,GG,TT,CC,CC,AT,CT,CC,AA,TT,GG,GG,TT,NN,AG,CG,GT,TT,CC,TT,CC,TT,TT,GG,AA,TT,CT,AA,CC,GG,GG,GG,CG,GG,CC,TT,TT,AA,TT,AA,AA,TT,TT,CC,AC,GG,AA,AA,GG,CC,TT,AA,AC,GG,AC,AA,TT,AT,AG,CT,TT,CC,GG,TT,GG,NN,GG,CC,AA,GG,CC,AA,GG,TT,TT,GG,GG,GG,CC,AA,GG,AA,AT,CC,GT,CC,TT,CC,TT,TT,AG,CT,AC,GT,CC,CC,CC,AG,AA,TT,TT,CC,AG,AG,AA,CT,GG,TT,CG,GT,AA,AC,TT,CC,AG,CG,GG,CC,GT,CT,AG,CC,CC,AC,CC,AA,TT,CC,AA,CC,TT,AA,NN,AG,AA,GG,CC,CC,GG,AA,GG,AA,CC,GG,CC,CC,AA,AG,AG,TT,GG,CC,GT,TT,GG,CC,TT,GT,CT,CG,AA,TT,TT,AA,AT,GG,CC,AA,CT,CC,CC,GG,CC,AA,GG,AA,CC,TT,CC,GT,TT,GG,AA,AG,AG,TT,CC,CG,AA,CC,CC,GG,GG,AC,GG,TT,AC,AA,CC,GG,AA,AC,AA,AA,GT,TT,AT,AT,CG,TT,AT,CC,AT,TT,AA,GG,AA,TT,AA,TT,CC,CT,AC,AC,TT,CG,AG,CG,GG,CC,TT,TT,TT,GG,TT,AC,AC,AG,GG,CC,CG,GG,CC,GG,TT,AA,CC,GT,GG,CC,CC,AT,GG,CC,AT,CC,AA,AA,AC,CG,CC,TT,AG,GG,AA,AC,AC,AA,AA,AA,AA,AA,AT,GG,AA,AA,AA,AC,TT,AA,AG,GG,AG,GG,TT,AT,AA,GT,TT,TT,AA,TT,GG,GG,AA,6.17,Susceptible,Low,Poor,Early
L0458,Warangal,Telangana,Rabi,Black Cotton,Irrigated,410,26.5,60,AC,TT,GG,AG,GG,GG,GG,TT,CC,CC,AA,CC,CG,AT,TT,NN,GG,TT,TT,AG,CC,TT,GG,CC,TT,CC,GT,TT,GG,AA,TT,CC,AG,CC,GG,CG,NN,CC,GG,CC,TT,CT,AA,TT,AG,GG,TT,TT,CC,AC,GT,AA,AG,GG,CC,GT,AA,AA,GG,AC,AA,GT,TT,AG,TT,AA,CC,GG,TT,GG,AG,GG,CC,AA,GG,AA,TT,GG,TT,TT,GG,GT,GG,CC,AA,AG,AA,AA,CC,GT,AC,NN,CC,TT,TT,GG,CC,CC,GT,CC,CC,CC,AG,AA,TT,TT,CC,AA,AG,AA,CC,GG,TT,CC,GT,AA,AA,TT,CC,AA,CC,GG,CC,GT,CT,AA,NN,CC,CC,CC,AA,TT,CC,AA,CC,CC,AA,TT,AA,AA,GG,CC,CC,GG,AA,AA,AA,CC,GG,CC,CC,AA,AA,GG,GT,GG,CC,TT,CT,GG,CC,TT,TT,CT,CC,AT,GT,TT,AA,AA,GG,CC,AA,CC,CC,CC,CG,CC,AA,GG,AA,CC,TT,CC,GT,GT,GG,TT,NN,AA,TT,AA,CG,AA,CC,CC,GG,GG,AC,GG,TT,AA,AA,CC,GG,AT,AC,AA,AT,GG,GT,TT,AA,CG,GG,AA,CC,TT,GT,AA,GG,AA,TT,AA,TT,CC,CT,AA,CC,CT,CG,AA,CC,AA,CC,TT,TT,TT,GG,TT,AA,AC,AA,GG,CC,CC,GG,CC,GG,TT,AG,CC,TT,GG,CG,CC,AT,GG,CC,AA,CC,AT,AA,CC,CG,AC,TT,AG,GG,AA,AA,AA,AA,AG,AG,AA,AA,TT,GG,AC,AG,AC,AA,TT,AA,AA,NN,AG,GG,TT,AA,AA,GT,TT,TT,AA,AA,GG,NN,AA,8.44,Susceptible,Low,Standard,Medium
L0459,Warangal,Telangana,Rabi,Black Cotton,Irrigated,410,26.5,60,AC,TT,GG,AA,GG,CC,GT,AA,CC,CG,AA,CC,CC,TT,TT,GG,GG,TT,TT,AA,CG,GT,GT,CC,TT,CC,TT,TT,GG,AA,TT,CT,AA,CC,GG,GG,GG,GG,GG,CC,TT,CT,AA,TT,AA,GG,CT,TT,CC,AC,GT,AA,AA,GG,CT,TT,AA,AC,GT,AA,AA,GT,AT,AA,TT,AT,CC,GG,TT,GG,GG,GT,CC,AA,GG,CC,AT,AG,GT,TT,GG,GG,GT,CC,AT,GG,AA,AA,CC,TT,CC,TT,CC,TT,TT,GG,TT,AC,TT,CT,CC,CC,GG,AA,AT,TT,CC,AA,AG,AA,CT,GG,GT,CC,NN,AA,AC,TT,CC,GG,CC,GG,CC,GG,TT,AG,CC,CC,AC,CC,AA,TT,CC,AA,CC,CC,AA,NN,AA,AT,GG,CC,CC,GG,AG,GG,AA,CC,GG,CC,CC,AA,AA,GG,TT,AG,AA,TT,CT,AG,CC,TT,GT,TT,CC,AT,TT,CT,AT,TT,GG,CG,AG,CC,CC,CC,GG,CC,AA,AG,AA,CC,TT,CG,GT,GT,CG,TT,AA,AA,GT,CC,GG,AA,AC,NN,GG,GG,AA,GG,CT,AA,AA,CC,GG,AA,CC,AA,AT,GT,TT,TT,AA,GG,GT,AT,CC,TT,GT,AA,GG,AA,TT,AA,NN,CC,TT,AC,CC,TT,CG,GG,CC,AG,CC,AT,TT,TT,GG,TT,AA,AC,AA,GG,CC,CG,GG,CC,GG,TT,AA,CG,GT,GG,CG,CC,AT,AG,CG,AA,CG,AT,AA,CC,NN,AA,TT,AA,CG,AA,AC,AC,AA,AG,AG,NN,AA,AT,GG,AC,GG,AC,AA,CT,AA,AA,CG,AG,GG,TT,AA,AG,TT,TT,TT,AG,AT,GG,CG,AA,8.52,Susceptible,Low,Premium,Early
L0460,Warangal,Telangana,Rabi,Black Cotton,Irrigated,410,26.5,60,AC,TT,GG,AA,GG,CC,NN,TT,CC,CC,AA,CT,NN,TT,TT,TT,GG,AT,TT,AA,CC,GT,TT,CC,TT,CC,TT,TT,GG,AA,TT,CC,NN,CC,GG,CG,GG,CC,GG,CC,TT,TT,AC,GT,GG,GG,CT,TT,CC,AC,GT,AA,AG,GG,CC,GT,AT,CC,GT,AC,AA,TT,TT,AA,CT,AT,CC,GG,TT,GT,AG,GG,NN,AA,AG,CC,AT,GG,GT,TT,GG,GT,GT,CC,AA,GG,AA,AT,CC,TT,AC,TT,TT,TT,TT,AG,TT,AC,TT,CC,TT,GG,AG,AA,TT,TT,CC,AA,AA,AA,CC,GG,TT,CC,TT,AC,AA,AT,CC,GG,CC,GG,CC,GT,TT,AA,CC,CC,CC,CC,AA,TT,CC,AA,CC,CC,AA,AT,AA,AA,GG,CC,CC,GG,AA,AA,AT,CC,GG,CC,CC,NN,AA,GG,GT,GG,AA,TT,TT,GG,AC,TT,GG,CT,CG,AT,TT,CT,AA,TT,GG,NN,AG,CT,CC,CC,GG,CC,AA,GG,NN,AC,TT,CC,GG,TT,GG,AA,AA,AA,TT,CC,CG,AA,CC,CC,GG,GG,AA,GG,TT,AA,AA,CC,GG,AA,CC,AA,AT,GT,TT,TT,AA,GG,GG,AT,CC,AT,TT,AA,GG,AG,TT,AA,TT,CC,TT,AA,AC,CT,GG,AA,CC,AG,CC,TT,TT,GG,NN,TT,AA,AC,AA,GG,CG,CC,GG,CG,GG,AT,AA,CC,GT,GG,CC,GG,AA,GG,CC,TT,CC,AA,AA,AA,CG,CC,TT,AA,GG,AA,AC,AA,AA,AG,AG,AG,AA,TT,GG,AC,GG,AC,AA,CT,AA,AA,NN,AA,GG,TT,AA,NN,GT,TT,AT,AA,AT,GG,GG,AA,6.2,Moderate,Medium,Premium,Late
L0461,Warangal,Telangana,Rabi,Black Cotton,Irrigated,410,26.5,60,AC,TT,GG,AA,GG,CC,TT,AT,CC,CC,AA,CT,CG,AT,GT,GG,GG,TT,TT,AA,CC,GT,TT,CC,TT,CC,GT,TT,GG,AA,TT,CC,AA,CC,GG,GG,GG,CC,GG,CC,TT,CT,AA,GT,AG,GG,NN,AT,CC,AC,GG,AA,AA,GG,CC,GT,AA,AA,GG,AA,AA,TT,AT,GG,CT,AT,CC,GG,TT,GT,AA,GG,CC,AA,GG,AC,AA,GG,TT,TT,GG,GG,GG,CC,AA,GG,AA,AA,CC,GT,CC,TT,CT,TT,TT,GG,TT,CC,GT,CC,TT,CG,AG,AA,TT,TT,CC,AA,AG,AA,CC,GG,TT,CC,TT,AA,AA,TT,CC,AA,CC,AG,CC,GT,TT,GG,CC,CC,CC,CC,AA,TT,CC,AA,CC,CC,AA,TT,AG,AA,CG,CC,CC,GG,AA,AA,AA,AC,GG,CC,CC,AA,AA,GG,TT,GG,AC,TT,CT,AG,CC,GT,TT,TT,CC,AT,TT,TT,AA,AA,CG,CC,AG,TT,CC,CC,CG,CC,AA,GG,AG,CC,TT,CC,TT,TT,GG,TT,AA,AA,TT,CC,GG,AA,CC,CC,GG,GG,CC,GG,TT,NN,AA,CC,GG,AA,CC,AA,AT,GG,TT,TT,AA,GG,TT,AT,CC,AT,GT,AA,GG,AA,CT,AC,TT,CG,TT,CC,AC,CT,GG,AA,CC,GG,CC,TT,TT,TT,GG,TT,AA,AC,AA,GG,CC,CG,GG,CC,GG,NN,AA,CG,TT,GG,CC,CC,AT,GG,CC,AA,NN,AA,AA,CC,CC,AA,TT,AA,GG,AA,AA,AA,AA,AG,AA,AA,AA,TT,GG,AA,AA,CC,AA,TT,AA,AA,GG,GG,GG,TT,AT,AG,TT,TT,TT,AA,TT,GG,GG,AA,3.7,Moderate,High,Premium,Late
L0462,Warangal,Telangana,Rabi,Black Cotton,Irrigated,410,26.5,60,AA,TT,AG,AA,GG,CC,GT,TT,CC,GG,AT,CC,CG,TT,TT,GG,CG,TT,TT,AA,CC,TT,GT,CC,TT,CC,TT,TT,GG,AA,TT,CC,AA,CC,GG,GG,GG,CG,GG,CC,TT,CT,AC,TT,AA,AG,TT,TT,CC,AC,GT,NN,AA,GG,CC,GT,AA,AC,GT,AC,AA,TT,AA,AA,CC,TT,CC,GG,TT,GG,AG,GG,CC,AA,GG,AC,AT,GG,TT,TT,GG,GT,GT,CC,AA,GG,AA,AA,CC,GT,CC,TT,CC,TT,TT,AG,TT,AC,TT,CC,TT,CG,GG,AA,TT,TT,CG,AG,AG,AA,CC,GG,TT,CC,TT,AA,AA,TT,CC,GG,CG,GG,CC,GG,TT,AG,CC,CC,CC,CG,AA,TT,CC,AA,CC,CC,AA,AT,AA,AT,GG,CT,CC,GG,AA,AA,AA,CC,GG,CC,CC,AA,AA,GG,NN,GG,AC,GT,TT,AG,AA,GT,TT,CT,CC,AA,TT,TT,AA,TT,GG,CC,AA,CT,CC,CC,CG,CC,AA,GG,AG,CC,TT,CC,GG,TT,CG,AT,AA,NN,GT,CC,GG,AA,CC,CC,CG,GG,AA,GG,TT,AC,AA,CC,GG,AA,AC,AA,AT,GG,TT,TT,AA,GG,GG,AT,CC,TT,TT,AA,GG,AA,TT,AA,TT,CC,CT,AA,CC,CT,GG,AA,CG,GG,AC,TT,TT,GT,GG,TT,AA,AC,AA,GG,CC,CC,GG,CC,GG,AT,AA,CC,TT,GG,CC,CC,AT,AG,CG,NN,CC,AA,AA,CC,CG,CC,AT,AA,GG,AA,AA,AC,AA,GG,AG,AA,AA,TT,CC,AC,AA,AC,AC,TT,AA,AA,CG,GG,CG,TT,AT,AG,TT,TT,TT,AA,AT,GG,CG,AA,6.44,Moderate,Low,Poor,Medium
L0463,Warangal,Telangana,Rabi,Black Cotton,Irrigated,410,26.5,60,AA,NN,GG,AG,GG,CG,GG,TT,CC,GG,AA,CC,CG,TT,GT,GT,CG,TT,TT,AG,CC,TT,TT,CC,AT,CC,GT,AT,GG,AA,TT,CC,AA,CC,AG,GG,GG,CG,GG,CC,TT,TT,AC,TT,AA,AA,TT,AT,CG,AC,GG,AA,AG,GG,CT,TT,AA,AA,TT,AA,AA,TT,TT,AG,TT,AT,CC,GG,TT,TT,AG,GT,CC,AA,GG,AA,AT,GG,TT,TT,GG,TT,GT,NN,AA,GG,AG,AA,CC,GT,AC,TT,CT,TT,TT,GG,CT,AC,GT,CT,CT,CC,AA,AG,AT,TT,CG,AG,AG,AA,CT,GG,TT,CC,TT,AA,AA,TT,CG,AG,CG,AG,CC,GT,TT,AA,CC,CC,CC,CC,AA,GT,CC,AA,CC,CT,AA,TT,AA,AT,GG,CC,CC,GG,AA,AA,AA,CC,GT,CC,CC,AA,AA,AG,TT,GG,AA,GT,CT,AG,NN,GG,GG,CT,CC,AA,TT,TT,AT,TT,GG,CC,AA,CT,CC,CC,GG,CC,AA,GG,AG,CC,TT,CC,GT,TT,GG,AT,AA,AA,TT,CC,GG,AA,AC,NN,GG,GG,AC,GG,TT,AA,AA,CG,GT,AT,AC,AA,AT,GG,GT,AT,AT,GG,GG,AT,CC,TT,TT,AA,GG,AA,CT,AA,TT,CC,TT,AA,CC,TT,GG,AA,CC,AG,CC,TT,CT,GG,GG,TT,AA,AC,AG,GG,CC,GG,GG,CC,GG,AT,AA,CC,GT,GG,CG,CC,AA,GG,CG,AT,CC,AT,AA,AA,CC,AC,TT,AA,GG,AA,AC,AA,AC,GG,AG,AA,AA,AT,CG,AC,AG,AC,AA,TT,AA,AA,CG,GG,GG,TT,AT,AA,GG,TT,TT,AG,AT,GG,GG,AA,8.73,Susceptible,Medium,Standard,Medium
L0464,Warangal,Telangana,Rabi,Black Cotton,Irrigated,410,26.5,60,AA,CT,GG,AG,GG,CC,GG,TT,CC,CC,AA,CT,CG,TT,GT,GT,CC,TT,TT,GG,CC,TT,GT,CC,TT,CC,TT,AT,GG,AA,CT,CC,NN,CC,GG,GG,NN,CG,GG,CC,GT,TT,AC,TT,AA,GG,TT,TT,CC,CC,GG,AA,AA,GG,CT,TT,AA,CC,GG,AA,AA,GT,AT,AA,TT,AT,CC,GG,TT,GG,AA,GG,CC,AA,AG,AC,AA,AG,TT,TT,AG,GG,GG,CC,AA,GG,AA,AT,CC,TT,CC,TT,CC,TT,TT,GG,CT,AC,GG,CC,CC,CC,GG,AG,TT,TT,CC,AA,GG,AA,CC,GG,TT,CG,TT,AA,CC,TT,CC,GG,CG,GG,CC,GG,TT,AA,CC,CC,CC,CC,AA,TT,CC,AA,CC,CC,AA,AT,AA,AA,GG,CT,CC,GG,AA,AG,AA,CC,GG,CC,CG,AG,AG,GG,GT,GG,AC,TT,TT,GG,AC,TT,TT,TT,CG,AT,GT,TT,AT,TT,CG,CC,AG,CT,CC,CC,CG,CC,AA,GG,AG,AC,TT,CC,GT,TT,GG,TT,NN,AA,TT,CC,CG,AC,CC,CC,GG,AG,AA,GG,TT,AA,AA,CC,GT,AA,AC,AA,AA,GT,GT,AT,NN,GG,GG,AA,CC,AT,GT,AA,GG,AA,CT,AA,TT,CC,TT,AC,CC,CT,GG,GG,CC,GG,CC,TT,TT,GT,GG,TT,AA,NN,AA,GG,CC,CC,GG,CC,GG,AT,AG,CC,TT,GG,CG,CC,AA,AG,CC,AA,CC,AT,AA,AC,CG,AC,AA,AA,GG,AA,AA,AA,AA,AA,AA,AA,AA,AT,GG,AA,AG,CC,AA,CT,AA,AA,GG,GG,GG,GT,AA,AA,GT,TT,TT,AG,AT,GG,GG,AA,7.83,Resistant,Medium,Standard,Early
L0465,Warangal,Telangana,Rabi,Black Cotton,Irrigated,410,26.5,60,AA,TT,GG,AA,CG,CC,GG,TT,CC,CC,AT,CC,GG,TT,GT,GG,GG,TT,TT,AA,CC,TT,NN,CT,TT,CC,TT,AT,GT,AA,TT,CC,AA,AC,GG,CG,GG,CG,GG,CC,TT,TT,AA,TT,AG,GG,TT,AT,CC,AA,GG,NN,AA,GG,CT,NN,AA,AA,GG,AC,AG,TT,AT,AA,TT,TT,CC,GG,TT,GT,AA,GG,CC,AA,GG,AA,AA,GG,TT,TT,GG,GT,GG,CC,AT,GG,AG,AA,CC,GG,AC,TT,CT,TT,TT,GG,TT,CC,GT,CC,CT,CC,AG,AA,TT,TT,CC,AA,AG,AA,CT,GG,GT,CG,TT,AC,AA,TT,CG,GG,CG,GG,CC,GT,TT,AA,CC,CC,CC,CG,AA,TT,CC,AC,CC,CC,AA,TT,AA,AA,GG,CT,CC,GG,AG,AG,AA,CC,TT,CC,CC,AA,AA,GG,TT,GG,AC,TT,CT,GG,CC,TT,TT,CT,CC,AT,TT,TT,AA,AT,CC,CC,AA,CT,CC,CC,CC,CC,AA,GG,AG,CC,TT,CC,GG,GT,GG,TT,AA,NN,TT,AC,CG,AA,CC,CC,GG,GG,CC,GG,TT,AC,AA,CC,GG,AA,AA,AA,AA,GT,TT,TT,AT,GG,GG,AT,CG,AT,GT,AA,GG,AA,TT,AA,TT,CC,CT,AA,CC,CT,GG,AA,CC,AA,CC,AT,TT,TT,GG,TT,AA,CC,AG,GG,CC,CC,GG,CC,GG,AT,AA,CC,TT,GG,CC,NN,AA,GG,CC,AA,CC,AA,AA,AC,CC,AC,TT,AA,GG,AA,AA,AA,AA,AA,AG,AA,AA,AT,GG,AA,AG,AC,AC,CT,AG,AA,GG,GG,GG,GT,AA,AA,TT,TT,TT,GG,TT,GG,GG,AA,5.37,Moderate,Medium,Premium,Late
L0466,Warangal,Telangana,Rabi,Black Cotton,Irrigated,410,26.5,60,AC,CC,GG,GG,GG,CC,GG,TT,CC,CC,AA,CC,CC,TT,TT,GT,CG,TT,TT,AA,CC,TT,TT,CT,TT,CC,TT,TT,GG,AA,CT,CC,AA,CC,AG,GG,NN,CG,GG,CC,TT,CT,AA,TT,AG,GG,TT,TT,CC,AA,GG,AT,AA,GG,CC,GT,AA,AC,TT,AC,NN,TT,AT,AA,CT,TT,CC,GG,TT,GT,AA,GG,AC,AA,AA,AA,AA,GG,TT,TT,GG,GT,GG,CC,AA,AG,AA,AA,CC,GT,CC,TT,TT,TT,TT,GG,TT,CC,TT,CC,CT,CG,GG,AA,TT,GT,CC,AG,AG,AA,CC,GG,TT,CC,TT,NN,AA,TT,CC,AA,CC,GG,CC,GG,TT,AG,CC,CC,CC,CC,NN,TT,CC,AA,CC,CC,AA,TT,AA,NN,GG,CC,CC,GG,AA,AG,AA,CC,GG,CC,CC,AG,AA,GG,TT,GG,AC,TT,CT,GG,CC,TT,TT,TT,CC,AA,GT,TT,AA,AT,CG,CC,AG,TT,CC,CC,GG,AC,AT,GG,GG,CC,TT,CC,GT,GT,GG,TT,AA,AA,TT,CC,GG,AC,CC,CC,GG,GG,CC,GG,TT,AA,AA,CC,GG,AA,AA,AA,AT,GT,NN,AT,AT,GG,GT,AT,CC,TT,GT,AA,GG,AA,CT,AC,TT,CC,CT,AA,AC,TT,GG,AG,CC,AG,CC,TT,TT,TT,GG,TT,CC,CC,AA,GG,CC,CG,GG,CC,GG,AT,AA,CG,TT,GG,CC,CC,AA,GG,CC,AA,CC,AA,AA,CC,CC,AC,TT,AA,GG,AA,AA,AA,AA,GG,AA,AA,AA,TT,CG,AA,AA,CC,AC,CT,AA,AG,GG,GG,GG,TT,AT,AG,TT,TT,TT,AG,TT,GG,NN,AC,6.35,Resistant,High,Premium,Medium
L0467,Warangal,Telangana,Rabi,Black Cotton,Irrigated,410,26.5,60,AA,CT,GG,GG,NN,CC,GG,AT,CC,CG,AA,CC,CG,TT,TT,GG,CG,TT,TT,AA,CC,TT,TT,CT,TT,CC,TT,AT,GT,AA,TT,CC,AA,CC,AA,GG,GG,CG,GT,CC,TT,TT,AA,TT,AA,AG,TT,AT,CG,AC,GT,AA,AA,GG,CC,TT,AA,AA,GG,AC,AG,TT,AT,AA,TT,AT,CC,GG,TT,GT,AA,GG,CC,AA,AG,AA,AA,GG,GT,TT,GG,GG,GG,CC,AT,GG,AA,AA,CC,GT,CC,TT,CC,AT,TT,GG,CT,CC,GT,CC,CC,CC,AG,AA,AT,TT,CC,AG,GG,AA,TT,GG,TT,CC,TT,AA,AA,TT,CC,AG,CC,NN,CT,GT,TT,AA,CT,CC,CC,CG,AA,TT,CC,AA,CC,CC,AA,TT,AA,AA,CG,CC,CC,GG,AA,AG,AA,CC,GG,CC,CC,AA,AG,AG,TT,AG,AC,TT,TT,AG,AC,GG,TT,TT,CC,AT,GT,TT,AA,AT,GG,CC,AA,CC,CC,AC,GG,CC,AA,GG,AA,CC,TT,CC,GT,TT,CG,AT,AA,AG,TT,AC,GG,AA,AC,CG,GG,GG,AC,GG,TT,AA,NN,CC,GG,AA,CC,AA,AT,GG,GT,AT,AT,GG,TT,AA,CC,AT,TT,AA,GG,AA,TT,AA,TT,CG,TT,AA,CC,NN,GG,AA,CG,AG,CC,TT,CT,GG,GG,TT,AA,AC,NN,GG,CC,CC,GG,CC,GG,AT,AA,CC,TT,GG,CC,CC,AA,GG,CC,AT,CC,AA,AA,AC,CC,AC,TT,AA,GG,AA,AA,CC,AA,GG,AA,AA,AA,AA,GG,AA,GG,CC,AA,CC,AA,AA,GG,GG,GG,GT,AA,AA,GT,AT,TT,GG,AT,GG,GG,AA,6.71,Susceptible,Low,Poor,Medium
L0468,Warangal,Telangana,Rabi,Black Cotton,Irrigated,410,26.5,60,AA,TT,AG,AA,NN,CC,GG,AT,NN,CC,AA,NN,CG,AT,TT,GG,CC,NN,TT,AA,CC,TT,TT,CT,TT,CC,GT,TT,GG,AC,TT,CC,AA,CC,AG,CG,GG,GG,GG,CC,TT,CT,AA,TT,AA,GG,TT,AT,CC,AA,GT,AT,AA,GG,CC,NN,AA,AC,GG,CC,AA,TT,AT,GG,TT,TT,CC,GG,TT,GT,AA,GT,CC,AA,AG,AA,AT,AG,TT,TT,GG,GG,GG,CC,AA,GG,AA,AT,CG,GT,AC,TT,CT,TT,GT,GG,TT,CC,GT,CC,CC,CC,AA,AA,TT,TT,CC,AA,AG,AA,CC,GG,TT,CC,GT,AA,AA,TT,CC,AG,CC,GG,CC,GG,TT,AA,CC,CC,CC,NN,AA,GT,CC,AA,CC,CC,AA,TT,AA,AA,CG,CC,CC,GG,NN,AG,AA,CC,GG,CC,CG,AA,AA,GG,TT,GG,AC,GT,CT,GG,CC,TT,GT,TT,CC,NN,GT,TT,AA,TT,GG,CC,AG,CT,CC,CC,CG,CC,AA,GG,AA,CC,TT,GG,GG,GT,CG,AT,AA,AA,TT,CC,GG,AC,CC,CC,GG,GG,AA,CG,TT,AC,AA,CC,GG,AA,AC,AT,AT,GG,TT,TT,AA,GG,TT,AT,CC,TT,GT,AA,GG,AA,TT,AA,TT,CC,TT,AC,CC,NN,GG,AA,CC,AG,CC,TT,TT,GT,GG,TT,AA,AC,AA,GG,CC,CC,GG,CC,GG,TT,AA,CC,GT,GG,CC,CC,AT,GG,CC,AA,CG,AA,AA,AA,CG,AC,TT,AA,GG,AA,AA,AC,AA,AG,AA,AA,AA,AA,GG,AA,AG,CC,AA,TT,AA,AA,GG,GG,GG,TT,AA,AG,TT,TT,TT,AA,TT,GG,GG,AA,6.02,Susceptible,Medium,Premium,Medium
L0469,Warangal,Telangana,Rabi,Black Cotton,Irrigated,410,26.5,60,AC,TT,GG,AG,GG,CC,GG,TT,CC,GG,AA,CC,CG,TT,TT,GG,CG,TT,TT,AA,CC,GT,TT,CC,AT,CC,GT,TT,GG,AA,TT,CC,AA,CC,GG,CG,GG,GG,GG,CC,TT,CT,AA,GT,AA,GG,TT,AT,CC,AC,GG,AT,AG,NN,CC,TT,TT,AC,GT,AC,AA,TT,TT,AG,TT,AT,CC,GG,TT,GG,AG,GG,CC,AA,GG,AA,AT,GG,TT,TT,GG,GG,GG,CC,AA,GG,AA,AA,CC,TT,CC,TT,CC,TT,GT,GG,TT,CC,TT,CC,TT,CC,AG,NN,TT,TT,CC,AA,GG,AA,CC,GG,TT,CC,GT,AA,AA,TT,CC,GG,CC,GG,CC,GT,TT,AA,CC,CG,CC,CC,AA,TT,CC,AA,AC,CT,AA,TT,AA,AA,GG,CC,CC,GG,AA,NN,AA,CC,GG,CG,CG,AA,AG,AG,TT,GG,AA,GT,TT,GG,AA,GT,NN,TT,CC,AT,TT,CT,AT,AT,CG,CC,AG,CC,CC,CC,CG,CC,AA,GG,AA,CC,TT,CC,GT,GT,GG,TT,AA,AA,TT,CC,CG,AC,CC,CC,GG,GG,AC,GG,TT,AA,AG,CG,GG,AA,AC,AA,AT,GT,TT,TT,AT,GG,GT,AT,CC,TT,TT,AA,GG,AA,TT,AA,TT,CC,TT,AA,CC,TT,GG,GG,CC,AG,CC,TT,CT,TT,GG,TT,AA,AA,AG,GG,CC,CC,GG,CC,GG,TT,AA,CC,TT,GG,CC,CC,AA,NN,CG,AT,NN,AA,AA,AA,CC,CC,TT,AG,GG,AA,AA,AA,AA,GG,AA,AA,AA,AA,GG,AA,AG,AA,AA,CC,AA,AA,GG,GG,GG,TT,AA,AA,GT,TT,TT,AG,TT,GG,GG,AA,7.14,Susceptible,Low,Poor,Late
L0470,Warangal,Telangana,Rabi,Black Cotton,Irrigated,410,26.5,60,CC,TT,GG,AG,CG,CG,GG,TT,CC,CG,AA,NN,CC,TT,TT,GG,GG,TT,TT,AA,CC,TT,GT,CT,TT,CC,TT,TT,GG,AA,TT,CC,AG,CC,AG,GG,GG,CC,GG,CC,TT,TT,AA,TT,AA,AG,TT,TT,CC,AA,GG,AT,AA,GG,CC,TT,AA,AA,TT,AC,AA,TT,TT,GG,CT,AT,CC,GG,NN,GT,AG,GG,CC,AA,GG,AC,AA,GG,TT,TT,GG,GG,GT,CC,AA,GG,AA,AT,CC,GT,CC,TT,CC,TT,TT,GG,TT,AC,TT,CC,CC,CG,AG,AA,TT,TT,CC,AA,AG,AA,CC,GG,TT,CC,TT,AC,AA,AT,CC,NN,CG,GG,CT,GT,CC,AA,CC,CC,AC,CC,AA,GT,AC,AA,CC,CC,AA,TT,AA,AA,GG,CC,CC,GG,AA,AA,AT,CC,GG,NN,CC,AA,AA,GG,TT,GG,CC,TT,TT,GG,CC,GG,TT,TT,CC,AT,TT,CT,AA,TT,CC,CC,AA,CT,AC,CC,CG,CC,AA,GG,AA,CC,GT,CC,GT,TT,CG,AT,AA,AG,TT,CC,GG,AA,CC,CC,GG,GG,AC,GG,TT,AC,AG,CC,GG,AT,CC,AA,AA,GG,TT,AT,AA,GG,GT,TT,CG,AT,TT,AA,GG,AA,CT,AA,TT,CC,NN,AA,CC,TT,CG,AG,CC,AG,CC,TT,CT,TT,GG,TT,CC,CC,AA,GG,CC,CG,GG,CC,GG,TT,AA,CC,GT,GG,CC,CC,AA,GG,CG,AA,CC,AA,AA,AC,CC,AA,TT,AA,GG,AA,AA,AC,AA,AG,AG,AG,AA,TT,GG,AA,AG,AC,AA,TT,AA,AA,CG,GG,GG,GT,AA,AA,TT,TT,TT,AA,TT,GG,GG,AA,7.62,Moderate,Low,Standard,Late
L0471,Warangal,Telangana,Rabi,Black Cotton,Irrigated,410,26.5,60,AA,TT,GG,AG,GG,CC,NN,TT,CC,CG,AA,CC,CC,TT,TT,GG,GG,TT,TT,AA,CC,TT,TT,CC,AT,CC,TT,TT,GG,AA,TT,CC,AA,CC,GG,GG,GG,CG,GG,CC,TT,CT,AA,TT,AA,AG,TT,TT,CC,AA,GG,AT,AA,GG,CC,GT,AA,CC,GG,AC,AA,TT,TT,AA,TT,TT,CC,GG,CT,GG,GG,GG,CC,AA,AG,AA,AA,AG,TT,TT,GG,GT,GG,CC,AA,GG,AA,NN,CG,GT,AC,TT,CC,TT,GT,GG,CT,CC,TT,CC,TT,CC,AG,AA,TT,TT,CC,AA,GG,AA,CC,GG,TT,CC,TT,AA,AA,TT,CC,AA,CG,GG,CC,GT,TT,AA,CC,CC,CC,CC,AA,GT,AC,AA,CC,CT,NN,TT,AA,AA,GG,CC,CC,GG,AA,AG,AA,CC,GG,CC,CC,AA,AA,GG,GT,AG,AC,TT,CT,GG,CC,TT,TT,TT,CG,AT,NN,TT,AA,TT,GG,CC,AA,CC,CC,CC,NN,CC,AA,GG,AG,CC,TT,CG,GT,GT,GG,AT,AA,AA,TT,CC,GG,AA,CC,CC,GG,GG,AA,CG,TT,AA,AA,CC,GG,AA,CC,AA,AT,GG,TT,TT,AA,CG,GT,AT,CC,TT,GT,AA,GG,AA,CT,AA,TT,CC,TT,AC,CC,TT,GG,AA,CC,NN,CC,TT,CT,GT,GG,TT,AC,AC,AA,GG,CC,CG,GG,CC,GG,AT,AA,CC,TT,GG,CC,CG,NN,GG,CC,AT,GG,AA,AA,CC,CG,AC,TT,AA,GG,AA,AA,AA,AA,AA,AG,AG,AA,TT,GG,AA,AG,AC,AA,TT,AA,AA,CG,GG,NN,TT,TT,AA,GG,TT,TT,AG,TT,GG,GG,AA,9.06,Susceptible,Low,Standard,Medium
L0472,Warangal,Telangana,Rabi,Black Cotton,Irrigated,410,26.5,60,NN,TT,GG,AA,GG,CC,GT,TT,CC,CC,AA,CC,CG,TT,TT,GG,CC,TT,TT,AA,CC,TT,GG,CT,AT,CC,TT,TT,GG,AA,TT,CC,AA,CC,AG,GG,GG,CC,GG,CC,TT,TT,AA,TT,GG,GG,TT,AT,CC,AC,GG,AA,AG,GG,CC,GG,AA,AA,GG,AA,AA,TT,TT,AG,TT,TT,CC,GG,TT,GG,AG,NN,CC,AA,GG,AC,AA,GG,TT,TT,GG,GG,NN,CC,AA,GG,AA,AA,CC,GT,CC,TT,CC,TT,GT,GG,CT,CC,TT,CC,CC,CG,AG,AA,TT,TT,CG,AA,AA,AA,CC,NN,TT,CC,TT,AC,AC,TT,CG,GG,CC,AG,CC,GG,TT,AA,CC,CC,AC,CC,AA,TT,CC,AA,CC,CT,AA,NN,AA,AA,GG,CC,CC,GG,AA,AA,AA,CC,GG,CC,CG,AA,AA,GG,GT,GG,AA,GT,CT,GG,CC,GT,TT,TT,CG,AA,TT,TT,AA,TT,GG,CC,AG,CC,CC,CC,CG,CC,NN,GG,AA,NN,TT,CC,GT,TT,GG,AT,AA,NN,TT,AC,CG,AA,CC,CC,GG,AA,AA,CG,TT,AC,AA,CC,GG,AA,CC,AA,AA,GT,TT,AT,AA,GG,GG,TT,CC,AT,TT,AA,GG,AA,TT,AA,TT,CC,TT,AA,CC,TT,GG,AA,NN,AG,CC,AT,TT,TT,CG,AT,AC,CC,AA,GG,CC,CG,GG,CC,GG,TT,AA,CG,GG,GG,CC,CC,NN,AG,CG,AA,CG,AT,AA,CC,CC,AA,TT,AA,GG,AA,AC,AC,AA,GG,AA,AA,AA,AA,GG,AC,NN,AC,NN,CT,AA,AA,GG,GG,GG,TT,AA,AA,GT,TT,TT,AG,TT,GG,GG,AA,8.98,Moderate,Medium,Premium,Late
L0473,Warangal,Telangana,Rabi,Black Cotton,Irrigated,410,26.5,60,AC,TT,GG,AG,GG,CC,NN,TT,CC,GG,TT,CC,CG,AT,GT,GG,CG,TT,TT,AG,CG,GT,GT,CC,TT,CC,TT,AT,GG,AA,TT,CC,AA,CC,GG,CG,GG,CG,GG,CC,TT,TT,AA,TT,AA,AG,TT,TT,CC,AA,GT,AT,AG,GG,TT,TT,AA,AA,GT,AA,AG,GT,TT,AA,TT,TT,CC,GG,CT,GG,GG,GG,CC,AA,GG,AC,AT,GG,TT,TT,GG,GG,GG,CC,AA,GG,AA,AA,CC,GG,CC,TT,CC,TT,NN,GG,TT,CC,GT,CT,TT,CC,AG,AA,AT,TT,CC,AA,AA,AC,CC,GG,TT,CC,TT,AA,AA,TT,CG,AG,NN,GG,CT,GT,CT,AG,NN,CC,CC,CC,AG,TT,CC,AA,CC,CC,AA,TT,AG,AT,GG,CC,CC,AG,AA,AG,AA,CC,GT,NN,CC,NN,AG,GG,TT,GG,AA,GT,CT,GG,CC,TT,TT,TT,CC,AA,GT,TT,AT,AT,GG,CC,AA,CC,CC,CC,CG,CC,AA,GG,AA,CC,TT,CC,GT,GT,CC,TT,AA,AA,TT,CC,GG,AA,AC,CC,GG,AA,AC,GG,TT,AA,AG,CC,GG,AT,AC,AA,AA,GG,TT,TT,AT,GG,TT,AA,CG,AT,GG,AT,GG,AA,CT,AA,TT,CC,CT,AA,CC,TT,CG,AA,CG,AG,CC,TT,TT,TT,GG,TT,AA,CC,AG,GG,NN,CG,GG,CC,GG,AT,AA,CC,TT,GG,CC,CG,AT,GG,CC,AT,CC,AA,AA,CC,CC,NN,NN,AA,GG,AA,AC,AC,AA,GG,AG,AG,AA,AT,CG,AA,AG,AC,AA,TT,AA,AG,GG,GG,GG,TT,AT,AA,TT,TT,TT,AG,TT,GG,GG,AA,6.07,Susceptible,Low,Standard,Early
L0474,Warangal,Telangana,Rabi,Black Cotton,Irrigated,410,26.5,60,AA,TT,GG,AA,GG,CC,GG,TT,CC,CG,AA,CC,CG,TT,TT,GG,CG,TT,TT,AG,GG,TT,TT,CC,TT,CC,TT,TT,GG,AA,TT,CC,AA,CC,GG,GG,GG,CC,GT,CC,TT,TT,AA,TT,AG,AG,TT,TT,CC,CC,GG,AA,AG,GG,CT,TT,AA,AC,GT,CC,AG,TT,TT,AA,NN,TT,CC,GG,TT,GG,GG,GG,AC,AA,GG,AC,AA,GG,TT,TT,GG,GG,NN,CC,AA,GG,AA,AA,CC,TT,CC,TT,CT,TT,TT,GG,TT,CC,TT,CC,CC,CC,AA,AA,TT,TT,CC,AA,AG,AA,TT,GG,TT,CC,TT,AA,AC,TT,CC,GG,CG,GG,CT,GT,TT,AA,CC,CC,CC,CC,AA,TT,CC,AA,CC,CT,AA,TT,AA,TT,GG,CC,CC,GG,AA,AG,AA,CC,GG,CC,CC,AG,AA,GG,GT,GG,AA,GT,CT,GG,CC,TT,TT,TT,CC,AA,TT,TT,AA,AT,GG,CC,AG,CT,CC,CC,GG,CC,AA,GG,AG,CC,TT,CC,GG,GT,CG,TT,AA,GG,TT,CC,GG,AA,AC,CC,GG,GG,AA,GG,TT,NN,AG,CC,GG,AA,AC,AA,AT,GT,TT,AT,AT,GG,GT,AA,CC,AA,TT,AA,GG,AA,TT,AA,TT,CC,CT,AC,CC,CT,GG,AA,CG,AG,AC,AT,CT,TT,GG,TT,AC,AC,GG,GG,CC,CC,GG,CC,GG,AA,AA,CC,GT,GG,CG,CC,AA,GG,CC,AA,CC,AA,AA,CC,GG,AC,TT,AA,CG,AA,AA,AA,AA,AG,AG,NN,AA,AT,CG,AA,AG,CC,AA,CT,AA,AG,CG,GG,GG,TT,AT,AA,TT,TT,TT,AA,AT,GG,GG,AC,8.21,Resistant,Medium,Poor,Medium
L0475,Warangal,Telangana,Rabi,Black Cotton,Irrigated,410,26.5,60,NN,TT,GG,AA,GG,CC,GG,TT,CC,CG,AA,CC,CG,AT,GT,GG,CG,TT,TT,AA,CC,GT,GT,CC,TT,CC,TT,AT,GG,AA,TT,CT,AA,CC,GG,GG,GG,CC,GG,CC,TT,CT,AA,GT,AG,GG,TT,TT,CC,AA,GG,AA,AG,GG,CT,GT,AA,AA,GT,AC,GG,TT,NN,AA,TT,TT,CC,GG,TT,GT,AG,GT,CC,AA,AG,AA,TT,GG,TT,TT,GG,GG,GG,CC,AT,GG,AA,AA,CG,TT,AC,TT,CC,AT,TT,AG,TT,CC,GT,TT,CT,CC,GG,AA,TT,TT,CC,AA,AA,AA,NN,GG,TT,CC,TT,AC,AA,TT,CC,AA,CG,GG,CC,GG,TT,AG,CC,CC,CC,CC,AA,TT,CC,AA,CC,CC,AA,TT,AA,AA,GG,CC,CC,GG,AA,AG,AA,CC,GG,CC,CC,AA,GG,GG,TT,AG,AA,TT,TT,AG,NN,TT,GT,TT,CC,AT,GT,TT,AA,TT,GG,CC,AA,CC,CC,CC,GG,CC,AA,GG,AA,CC,TT,CC,GG,GG,GG,TT,AA,AA,TT,CC,CC,AC,AC,CC,CG,GG,AA,GG,TT,AA,AA,CC,GG,AA,AC,AA,AT,GG,TT,AT,AT,CC,GT,AT,CC,TT,TT,AA,GG,AA,TT,AA,TT,CC,TT,AA,CC,TT,CG,GG,CC,GG,NN,TT,TT,TT,GG,TT,AA,AC,AG,GG,CC,CC,GG,CC,GG,AT,AA,CC,GT,GG,CG,CC,AA,AG,CC,AA,CC,AA,AA,CC,CG,AC,TT,AA,GG,AA,AA,AA,AA,AG,AG,AA,AA,TT,GG,AC,AG,AC,AA,TT,AG,AA,GG,AG,CG,GT,AA,AA,GT,TT,TT,AA,TT,GG,GG,AC,10.3,Resistant,Low,Premium,Medium
L0476,Warangal,Telangana,Rabi,Black Cotton,Irrigated,410,26.5,60,AA,CC,AG,AG,CG,CC,TT,TT,CC,CC,AA,TT,CG,TT,GT,GG,CG,TT,TT,AA,CG,TT,TT,CC,TT,CC,TT,TT,GG,AA,TT,CT,AA,CC,GG,CG,NN,CG,GG,CC,TT,CT,AA,TT,AG,AG,TT,AT,CC,AC,GG,AT,AA,GG,CC,TT,AA,AA,NN,AA,AA,GT,TT,AG,TT,TT,CC,GG,TT,GG,AA,GG,CC,AA,AG,AC,TT,GG,TT,TT,GG,GG,GG,CC,AA,GG,AA,AT,CC,GG,AC,TT,CT,TT,GT,GG,TT,CC,TT,CC,CC,CG,GG,AG,TT,TT,CC,AA,AA,AA,CC,GG,GT,CG,TT,AA,AA,TT,CC,GG,CG,AG,CC,GG,CT,AA,CC,CC,CC,CG,AA,TT,CC,AA,CC,CC,AA,TT,AA,AT,GG,CC,CC,GG,AA,AG,AA,CC,GT,CC,CC,AA,AA,AG,TT,AG,AC,GT,CT,GG,AC,TT,TT,TT,CC,TT,GT,TT,AA,TT,CG,NN,AG,CC,AC,CC,GG,AC,AA,GG,AA,CC,TT,CC,GG,GT,CG,AT,NN,AA,TT,CC,GG,AA,CC,GG,GG,GG,AA,GG,TT,AA,AG,CC,GG,AA,AC,AA,NN,GG,TT,TT,AT,GG,GT,AA,CG,AT,TT,AA,GG,AA,CC,AA,TT,CC,TT,AA,CC,TT,CG,AA,CC,AA,CC,TT,TT,TT,GG,TT,AA,AC,AA,GT,CC,CG,GG,CC,GG,AT,AA,CC,TT,GG,CC,CG,AA,AG,CC,AT,CC,AA,AA,CC,CC,AC,TT,AA,GG,AA,AA,AA,AA,AA,AG,AA,AA,TT,GG,AA,AA,AC,AA,CC,AA,AG,GG,GG,GG,TT,AT,AA,TT,AT,TT,AA,TT,GG,GG,AC,6.79,Resistant,Low,Poor,Early
L0477,Warangal,Telangana,Rabi,Black Cotton,Irrigated,410,26.5,60,AA,TT,GG,AG,GG,CC,GT,AT,CC,CG,AT,CC,CC,AT,TT,GG,CG,TT,AT,AG,CC,TT,TT,CC,TT,CC,NN,TT,GT,AA,TT,CC,AA,CC,GG,GG,GG,CG,GG,CC,TT,TT,AC,TT,AA,GG,TT,AT,CC,AC,GG,AA,AA,GG,CC,TT,AA,AA,GT,AA,AA,TT,TT,AA,TT,TT,CC,GG,TT,GG,AA,GT,CC,AA,AG,AA,NN,GG,GT,TT,GG,GG,GG,CC,AA,GG,AG,AA,CC,GT,CC,TT,CT,TT,TT,GG,TT,CC,GG,CC,CT,CC,AA,AA,TT,TT,CC,AG,AG,AA,CC,GG,GT,CC,TT,AA,AA,TT,CC,GG,CG,AG,CC,TT,CT,AG,CT,CC,CC,CC,AA,TT,AC,AA,CC,CT,AG,TT,AG,AA,CG,CC,CC,GG,AA,AG,AA,AC,GG,CC,CC,AA,GG,AG,GT,AG,AC,GT,CT,GG,AC,GT,TT,TT,CC,AA,TT,TT,AA,AT,GG,CC,GG,TT,CC,CC,GG,CC,AT,GG,AA,CC,TT,CC,GG,TT,CG,AT,AA,AA,TT,CC,GG,AA,CC,CC,GG,GG,AC,CG,TT,AA,AA,CC,GT,AA,AC,AA,TT,GG,GT,TT,AA,GG,TT,AT,CG,TT,TT,AA,GG,AA,TT,AA,TT,CC,TT,AA,CC,TT,CG,AA,CC,AG,CC,TT,TT,TT,GG,TT,AC,CC,AG,GT,CC,CC,GG,CC,GG,AT,AA,CC,TT,GG,CC,CC,AA,GG,CC,AT,CG,AA,AG,AC,CG,CC,TT,AA,GG,AA,AA,AA,AA,AG,AA,AA,AA,TT,GG,AC,AA,CC,AA,TT,AA,AA,GG,GG,GG,TT,AA,AA,TT,TT,TT,AG,AT,GG,GG,AA,6.9,Moderate,High,Standard,Medium
L0478,Warangal,Telangana,Rabi,Black Cotton,Irrigated,410,26.5,60,AC,TT,AA,AG,GG,CC,GG,TT,CC,CG,AA,CT,CG,TT,TT,GG,CG,TT,TT,AA,CG,GT,GT,CC,AT,CC,TT,TT,GG,AA,TT,CC,AA,AC,AG,CG,GG,CC,GG,CC,NN,TT,AC,TT,AA,GG,TT,AT,CC,AC,GG,AA,AG,GG,CC,TT,AT,AA,GG,AA,AG,GT,TT,AA,TT,TT,CC,GG,TT,GG,AG,GG,CC,GG,GG,AC,AT,GG,TT,TT,GG,GT,GG,CC,AA,GG,AA,AT,CC,TT,CC,TT,CC,TT,TT,GG,TT,CC,TT,CC,CC,CG,AG,AA,TT,TT,CC,AA,AA,AA,CT,GG,TT,CG,TT,AA,AA,TT,CC,GG,CC,GG,CC,GT,TT,AA,CT,CC,CC,CC,AA,TT,CC,AA,CC,CT,AA,TT,AA,AA,CG,CC,CC,GG,AA,AG,AA,CC,GG,CC,CC,AG,AA,AG,GT,GG,AC,TT,TT,GG,CC,TT,TT,TT,CG,TT,GT,TT,AA,TT,GG,CC,AG,CC,CC,CC,GG,CC,AA,GG,AA,CC,TT,CC,GT,TT,CG,AA,AA,AG,TT,CC,GG,AC,AC,CC,GG,GG,AA,GG,TT,AC,AA,CC,GG,AA,NN,AT,AA,GG,TT,TT,AA,CG,TT,AT,CG,AA,GT,AA,GG,AA,TT,AA,TT,CC,CT,AC,CC,CT,CG,GG,CC,AA,CC,TT,CT,TT,GG,TT,AA,CC,AA,GG,CC,GG,GG,CG,GT,TT,AA,CC,TT,GG,CC,CC,AA,NN,CC,AA,CC,AA,AA,AC,CC,AC,TT,AA,GG,AA,AA,AA,AA,NN,GG,AA,AA,AT,GG,AA,AA,AC,AC,CT,AA,AA,GG,GG,CG,TT,AA,NN,TT,TT,TT,AA,TT,GG,GG,AA,8.42,Moderate,High,Standard,Late
L0479,Warangal,Telangana,Rabi,Black Cotton,Irrigated,410,26.5,60,AA,CC,GG,AA,GG,CC,GG,TT,CC,GG,AA,CC,CG,AT,TT,GG,CG,TT,TT,AG,CC,TT,TT,TT,TT,CC,TT,TT,GG,AA,TT,CT,AA,CC,GG,CG,GG,CC,GG,CC,TT,TT,AA,TT,AA,GG,TT,TT,CC,CC,GG,AA,AA,GG,CT,TT,AA,AC,GT,AC,AA,TT,AT,AA,TT,TT,CC,GG,CT,GT,AA,GG,CC,AA,AG,AC,AT,AG,TT,TT,AG,NN,GG,CC,AA,GG,AA,AT,CC,GG,AC,TT,CT,TT,GT,GG,TT,CC,TT,CC,CC,CC,GG,AA,AT,TT,CC,AA,AG,AA,CC,GG,TT,CG,TT,AC,AA,TT,CC,GG,CC,GG,CC,GG,TT,AA,TT,CC,AC,CC,AA,TT,CC,AA,CC,CT,AA,TT,AA,AT,NN,CC,CC,GG,AA,AA,AA,AC,GG,CC,CC,AA,AA,GG,GT,GG,AC,TT,TT,GG,CC,GT,GT,TT,CC,AA,GT,TT,AA,AT,GG,NN,AA,CT,AC,CC,CG,CC,AA,GG,AG,CC,TT,CC,GG,GT,GG,AT,AA,AA,GT,CC,GG,AA,CC,CG,GG,AG,AC,CG,TT,AC,AA,CC,GG,AA,AC,AA,AT,GG,GT,TT,AA,CG,GT,AT,CC,TT,GT,AA,GG,AG,TT,AA,TT,CC,TT,AA,NN,TT,GG,AG,CC,GG,CC,TT,TT,GT,GG,TT,AC,AC,AG,GG,CC,CG,GG,CC,GG,AT,AA,CC,TT,GG,CC,CC,AA,GG,CC,AA,CC,AT,AA,AC,CG,AC,TT,AA,GG,AA,AA,AA,AA,AA,AG,AG,AA,TT,GG,AC,AA,CC,AA,CC,AA,AG,GG,GG,GG,TT,AA,GG,TT,TT,TT,AG,TT,GG,GG,AA,6.19,Moderate,High,Premium,Early
L0480,Warangal,Telangana,Rabi,Black Cotton,Irrigated,410,26.5,60,AA,TT,AG,AA,GG,CC,GG,AT,CC,CG,AT,CC,CC,TT,GT,GG,GG,TT,TT,AA,CC,GT,TT,CC,TT,CC,TT,AT,GG,AA,TT,CC,AA,CC,GG,CG,GG,CC,GG,CC,TT,TT,AA,TT,AA,AG,TT,TT,CC,CC,GT,AA,AA,GG,CC,TT,AT,AC,GT,CC,AA,TT,AA,AA,CT,AT,CC,GG,TT,GT,AG,GT,AC,AA,GG,AC,AT,GG,TT,TT,GG,GT,GG,CC,AA,GG,AA,AA,CC,TT,AC,TT,CC,AT,GT,GG,TT,CC,TT,CC,CC,CG,AG,AA,TT,GT,CC,AA,AA,AA,CC,GG,TT,CG,TT,AA,AC,TT,CG,AG,CC,GG,CT,GG,CT,AA,NN,CC,NN,CC,AA,TT,CC,AA,CC,CT,AA,TT,AA,AA,CG,CT,CC,GG,AA,AA,AA,CC,GG,CC,CC,AG,AG,AG,TT,GG,AA,GT,CT,GG,CC,GT,GT,CT,CC,AA,TT,TT,AT,AT,GG,CC,AA,CT,CC,CC,GG,CC,AA,GG,AA,CC,TT,CC,GG,GT,GG,TT,AA,AA,TT,CC,GG,AC,CC,CC,GG,GG,AC,CG,TT,AA,AA,NN,GG,AA,CC,AA,AT,GT,TT,AT,AT,NN,GG,AA,CC,AA,NN,AA,GG,AA,TT,AC,TT,CC,CT,AA,CC,CC,GG,AG,CG,GG,CC,TT,TT,TT,GG,TT,AA,CC,AA,GG,CC,CC,GG,CC,GG,TT,AA,CC,GT,GG,CC,CC,AA,GG,CC,AA,CC,AT,AA,CC,CC,AC,TT,NN,GG,AA,AA,AA,CC,AG,AG,AA,AA,NN,GG,AC,AG,CC,AA,CT,AA,AA,GG,AG,CG,TT,AA,AA,TT,AT,TT,AA,TT,GG,GG,AA,3.9,Susceptible,Low,Premium,Early
L0481,Warangal,Telangana,Rabi,Black Cotton,Irrigated,410,26.5,60,AC,TT,GG,AA,CG,CC,GT,AA,CC,CG,AA,CC,CC,AT,TT,GG,GG,TT,TT,AG,CC,GT,TT,CC,TT,CC,TT,TT,GG,AA,TT,CC,AA,CC,GG,GG,GG,CG,GG,CC,TT,TT,AC,TT,AA,GG,TT,AT,CC,NN,GG,AA,AG,GG,CC,TT,AA,AA,GT,AC,NN,TT,AT,AG,TT,TT,CC,GG,TT,GG,GG,GG,AC,AA,AG,AA,AA,GG,TT,TT,GG,GG,GG,CC,AT,GG,AA,AA,CC,GT,CC,TT,CT,TT,TT,GG,TT,CC,TT,CC,CT,CG,AA,AA,TT,TT,CC,NN,AA,AA,CC,GG,TT,CC,TT,AC,AA,TT,CG,AG,CG,GG,CT,GG,TT,AA,CC,CC,CC,CG,AA,TT,CC,AA,CC,NN,AA,TT,AA,TT,GG,CC,CC,GG,AA,AA,AA,NN,GT,NN,CC,AA,AG,AG,TT,AG,AC,TT,CT,AA,AC,TT,TT,TT,CC,AA,TT,TT,AA,TT,GG,CC,AG,CC,CC,CC,CG,CC,AA,AG,AG,CC,TT,CC,TT,TT,CG,AT,AG,AA,TT,CC,GG,AC,CC,CC,GG,GG,AA,GG,TT,AA,AG,CC,GT,AA,CC,AA,AA,GG,TT,TT,AT,GG,GT,AT,CC,TT,GG,AA,GG,AA,CT,AC,TT,CC,CT,AA,AC,TT,CG,AG,CC,AA,CC,TT,TT,TT,GG,TT,AC,NN,AG,GG,CC,CC,GG,CC,GG,TT,AA,CG,TT,GG,CC,CC,AA,GG,CC,AA,CC,NN,AA,AA,CC,CC,TT,AA,CG,AA,AA,AA,AC,AG,AA,AA,AA,TT,GG,AA,AA,AC,AC,CT,GG,AA,NN,GG,GG,TT,AA,AA,TT,TT,TT,AG,TT,GG,CG,AA,6.81,Moderate,Low,Standard,Early
L0482,Warangal,Telangana,Rabi,Black Cotton,Irrigated,410,26.5,60,AA,CT,GG,AA,GG,CC,GT,TT,CC,CG,AA,CC,CG,TT,TT,GG,GG,TT,TT,AA,CG,TT,TT,CC,TT,CC,TT,TT,GT,AA,CT,CC,AA,CC,GG,GG,GG,CC,GG,CC,TT,TT,AA,GT,AA,AG,TT,TT,CC,AC,GG,AA,AA,GG,CT,GT,AA,AA,GT,AC,AA,GT,AA,AA,TT,AT,CC,GG,TT,GG,AG,GG,CC,AG,GG,CC,AT,AG,TT,TT,GG,GG,GG,CC,AT,GG,AA,AA,CG,TT,CC,TT,CC,TT,GT,GG,CC,CC,NN,CT,CC,CG,AG,AA,TT,TT,CC,AA,AA,AA,TT,GG,TT,CC,TT,AC,AA,TT,CC,GG,CC,AG,CC,TT,TT,AA,CC,CC,CC,CC,AA,TT,CC,AA,CC,CC,AA,NN,AG,AA,GG,CC,CC,GG,AG,AG,AA,CC,GG,CC,CC,AA,AA,AG,GT,GG,AC,GT,TT,GG,CC,GT,GT,CT,CC,AT,TT,TT,AA,TT,GG,CG,AG,CC,CC,CC,CG,CC,AA,GG,AA,CC,TT,CC,TT,GT,GG,TT,AA,AA,GT,CC,GG,AA,CC,CC,GG,GG,AC,GG,TT,AA,AA,CC,GT,AA,AC,AA,AA,GG,TT,AT,AT,GG,NN,AA,CC,AT,TT,AA,GG,AA,CT,AA,TT,CC,CT,AA,CC,CT,GG,AA,CC,AA,CC,TT,CT,GT,GG,TT,AA,CC,AA,GG,CC,CC,GG,CC,GG,NN,AA,CG,TT,AG,CC,CC,AA,GG,CC,AA,CC,AA,AA,CC,CC,CC,TT,NN,GG,AA,AA,AC,AC,AG,AA,AA,AA,TT,CG,AA,AG,AC,AC,CT,AA,AA,GG,GG,GG,TT,AA,AA,TT,TT,TT,AG,TT,GG,CG,AA,10.17,Susceptible,Low,Poor,Late
L0483,Warangal,Telangana,Rabi,Black Cotton,Irrigated,410,26.5,60,AC,TT,AA,AA,GG,CG,GG,TT,CC,CG,AT,CC,CG,TT,TT,GT,GG,TT,TT,AG,CC,TT,GT,CC,TT,CC,TT,TT,GG,AA,TT,CC,AA,CC,GG,GG,NN,NN,GG,CC,TT,CT,AA,GT,AG,GG,TT,TT,CG,CC,GG,AA,AA,GG,CC,GT,AA,AC,GT,NN,AG,TT,AA,AG,TT,AT,CC,GG,TT,GT,GG,GG,CC,AA,AG,AC,AT,GG,TT,TT,GG,GG,GT,CC,AA,GG,AA,AT,CG,GG,AC,TT,CT,AT,TT,GG,CT,CC,GT,CC,CC,CG,GG,AA,AT,TT,CC,AA,GG,AA,CT,GG,TT,CC,GT,AA,AC,TT,CC,GG,CC,AG,CC,TT,CT,AA,CC,CC,CC,CC,AA,TT,CC,AA,CC,CC,AA,TT,AA,TT,GG,CC,CC,GG,AA,AG,NN,AC,GG,CC,CC,AA,AA,AG,TT,GG,CC,TT,NN,GG,CC,TT,GT,TT,CC,AA,TT,TT,AA,NN,GG,CC,AA,CC,AC,CC,CG,CC,AA,GG,AG,CC,TT,CC,GG,TT,GG,AT,AA,AA,TT,CC,GG,AC,AC,CC,GG,GG,AC,GG,TT,AA,AA,CC,GG,AA,CC,AA,AA,GT,TT,TT,AT,GG,GT,AT,CC,TT,TT,AA,GG,AA,NN,AA,TT,CG,TT,AA,CC,TT,CG,AG,CC,AG,AC,TT,TT,GT,GG,TT,AA,AC,GG,GG,CC,CC,GG,CC,GG,NN,AA,CG,TT,GG,GG,CC,AT,GG,CG,AA,CC,AA,AA,CC,CC,AC,TT,AA,GG,AA,AA,AC,AA,AG,AG,AA,AA,AT,GG,AA,AA,CC,AC,TT,AA,AA,GG,GG,CG,TT,AT,AA,TT,TT,TT,AA,AT,GG,GG,AA,6.54,Susceptible,Low,Standard,Late
L0484,Warangal,Telangana,Rabi,Black Cotton,Irrigated,410,26.5,60,AA,TT,GG,AG,GG,CG,GG,AT,CC,GG,AA,CC,CC,TT,TT,GT,CG,TT,TT,AA,CC,GT,GG,CC,TT,CC,TT,TT,GG,AC,TT,CC,AG,CC,GG,GG,GG,CG,GG,CC,TT,CC,AA,TT,AA,AG,TT,AT,CG,AA,GT,AT,AA,GG,CT,GT,AA,AC,GT,AA,AA,TT,AT,AA,TT,TT,CC,GG,TT,GG,AG,GG,CC,AA,AA,AC,AT,AG,TT,TT,GG,GG,GG,CC,AT,GG,AA,NN,CG,GG,CC,TT,CC,TT,GT,GG,TT,AC,TT,CC,CC,CG,AG,AA,TT,TT,CC,AA,AA,AA,CT,GG,TT,CC,TT,AA,AA,TT,CC,GG,CC,AG,CC,GG,CT,AA,CC,CC,AC,CC,AA,TT,CC,AA,AC,CC,AG,AT,AG,AA,GG,NN,CC,GG,AA,AA,AA,CC,GT,CC,NN,AG,AA,GG,TT,AG,AA,TT,TT,GG,AC,TT,GT,CT,CC,AA,TT,TT,AA,TT,GG,CC,AA,CT,AC,CC,CG,CC,NN,GG,AG,CC,TT,CG,GT,GG,CG,TT,AA,AA,TT,CC,GG,AA,CC,CC,GG,GG,CC,GG,TT,AC,AA,CC,TT,AA,AC,AA,AT,GG,TT,TT,AA,CG,GT,AT,CC,AT,GT,AA,GG,AG,TT,AA,TT,CC,TT,AA,CC,TT,GG,AG,CC,AG,CC,TT,TT,TT,GG,TT,AC,CC,GG,GT,CC,CC,GG,CC,GG,AT,AA,CC,GG,GG,CC,CC,AT,GG,CG,AA,CC,AA,AA,AC,CG,AC,TT,AA,GG,AA,AA,AC,AA,GG,AA,AA,AA,AT,GG,CC,AA,AC,AC,CT,AA,AA,CG,GG,GG,TT,AT,AG,TT,TT,TT,AG,TT,GG,CG,AA,6.53,Moderate,Low,Standard,Medium
L0485,Warangal,Telangana,Rabi,Black Cotton,Irrigated,410,26.5,60,CC,TT,AG,AG,GG,CC,GG,NN,CC,CG,AA,CT,CC,TT,GT,GG,CG,TT,TT,AG,CC,GT,GT,CC,TT,CC,GT,TT,GG,AA,CT,CC,NN,CC,GG,GG,GG,CG,GG,CC,TT,TT,AA,TT,AA,AG,TT,AT,CC,AA,GG,AA,AA,GG,CC,TT,AA,AA,GT,AA,AA,TT,AT,AA,TT,AT,CC,GG,TT,GT,GG,GT,CC,AG,GG,AA,AA,GG,GT,TT,GG,GT,GG,CC,AA,AG,AA,AA,CC,TT,CC,TT,CC,TT,TT,GG,TT,CC,TT,CC,CT,CC,GG,AG,TT,TT,CC,AA,AA,AA,CT,GT,TT,CC,TT,AC,AA,TT,CC,AA,CC,GG,CC,GG,TT,AA,CT,CC,AC,CC,AA,TT,CC,AA,CC,CC,AA,TT,AA,AT,GG,CC,CC,GG,AA,GG,AA,CC,GT,CC,CG,AA,AA,GG,TT,AA,AA,TT,TT,GG,CC,TT,TT,TT,CC,AT,TT,TT,AA,TT,CG,CC,AA,CC,CC,CC,GG,CC,AA,AG,AA,CC,TT,CG,GT,TT,GG,TT,AA,AA,TT,CC,CG,AC,AC,CC,GG,GG,AC,GG,TT,CC,AA,CC,GG,AA,AC,AA,AA,GG,TT,TT,NN,GG,GG,AT,GG,AT,GT,NN,GG,AG,TT,AA,TT,CC,CT,AC,CC,TT,GG,AG,CC,AG,AC,TT,NN,GT,GG,TT,AC,CC,AA,GG,CC,CC,GG,CC,GG,AT,AA,CC,TT,GG,CG,CC,AA,AG,CC,AT,CC,AT,AG,AC,CC,AA,AT,AA,GG,AA,AA,AC,AA,GG,AA,AA,AA,TT,GG,NN,AG,AA,AC,CC,AA,AG,CC,GG,GG,TT,AT,AG,GT,TT,TT,AG,AT,GG,GG,AA,5.54,Susceptible,Medium,Standard,Medium
L0486,Warangal,Telangana,Rabi,Black Cotton,Irrigated,410,26.5,60,AC,CT,AG,AG,GG,CC,GG,TT,CC,CC,AA,CC,CC,TT,GT,GG,GG,TT,TT,AA,CG,GT,GG,CC,TT,CC,TT,TT,GG,AA,TT,CC,AA,CC,GG,GG,GG,CC,GG,CC,TT,CT,AA,TT,AA,GG,CT,TT,CC,AC,GG,NN,AA,GG,CC,GT,AT,AA,GG,AC,AA,GT,AT,AA,TT,AT,CC,GG,TT,GG,GG,GG,CC,AA,GG,AC,AA,GG,TT,TT,GG,TT,GG,CC,AA,GG,AG,NN,NN,GG,CC,TT,CC,TT,GT,GG,TT,CC,GT,CC,CC,CC,GG,AA,TT,TT,CC,AA,AA,AA,TT,GG,TT,CC,TT,AA,AA,AT,CC,AG,CG,GG,CC,GG,TT,AA,CC,CC,CC,CC,AA,TT,CC,AA,CC,CC,AA,TT,AA,AA,GG,CC,CC,GG,AA,AG,AT,CC,GG,CC,CC,AA,AA,AG,TT,GG,AC,GT,TT,GG,AC,TT,TT,TT,CC,AA,TT,TT,AA,TT,GG,CC,AG,TT,CC,CC,CG,CC,AA,GG,AA,CC,TT,CG,GT,GT,CG,AT,AA,AA,TT,CC,NN,CC,CC,CC,GG,GG,CC,GG,TT,AA,AA,CG,GG,AT,CC,AA,AT,GG,TT,TT,AA,GG,GG,AT,CG,TT,TT,AA,GG,AA,CT,AA,TT,CC,CT,AA,CC,CT,GG,AA,CC,GG,CC,TT,TT,GT,GG,TT,AA,AC,GG,GG,CC,CG,GG,CC,GG,TT,AA,CC,TT,GG,CC,CG,AA,GG,CC,AT,CC,AT,AA,CC,CC,AC,TT,AA,NN,AA,AC,AA,AA,AG,AG,AA,AA,TT,GG,AA,AA,AC,AA,CT,AG,AA,GG,AG,GG,TT,AA,AA,TT,TT,TT,GG,TT,GG,GG,AC,3.89,Resistant,Medium,Poor,Medium
L0487,Warangal,Telangana,Rabi,Black Cotton,Irrigated,410,26.5,60,CC,TT,NN,AG,GG,CC,GT,TT,CC,CC,AA,CT,CG,AT,TT,GG,GG,TT,TT,AA,CC,TT,GT,CC,TT,CC,TT,TT,GG,AA,TT,CC,AA,AC,AG,GG,GG,CG,GG,CC,TT,TT,AA,GT,AA,AG,TT,TT,CC,AA,GG,AA,GG,CG,CT,TT,AA,CC,GT,AC,AA,TT,TT,GG,TT,TT,CC,GG,TT,GT,AG,GG,CC,AA,GG,CC,AT,GG,TT,TT,GG,GG,GG,CC,AA,GG,AG,AA,NN,TT,AC,TT,CT,TT,TT,AG,CT,CC,GT,CC,CC,CG,GG,AA,AT,TT,CC,AA,GG,AC,CT,GG,GT,CC,TT,AA,AA,TT,GG,AG,CC,GG,CC,GT,CT,AA,CC,CC,CC,CC,AA,TT,CC,AA,CC,CC,AA,AA,AA,AT,CG,TT,CC,GG,AA,AA,AA,AC,GG,CC,CC,AA,AA,GG,TT,GG,AA,GT,CT,GG,AC,GT,TT,TT,CC,AT,GT,TT,AA,TT,GG,CC,AA,CC,CC,CC,CG,CC,AA,GG,AG,CC,GT,CC,GG,TT,GG,TT,AG,AG,TT,CC,GG,AA,AC,CC,GG,GG,AA,CG,TT,AA,AA,CG,GG,AA,AC,AA,AA,GT,TT,AT,AT,GG,GG,AA,CC,TT,TT,AA,GG,AA,TT,AA,TT,CG,TT,AC,AC,TT,CG,AA,CC,AG,CC,TT,TT,TT,GG,TT,AA,CC,AG,GG,CC,CG,GG,CC,GG,TT,AA,CC,TT,GG,CC,CC,AA,GG,CG,TT,CC,AA,AA,AA,CC,NN,TT,AA,GG,NN,AA,AA,AA,AG,AG,AG,AA,TT,CC,AA,AA,AC,AC,TT,AA,AA,GG,GG,GG,TT,AA,AA,TT,TT,TT,AA,AT,GG,GG,AA,9.14,Susceptible,Low,Poor,Early
L0488,Warangal,Telangana,Rabi,Black Cotton,Irrigated,410,26.5,60,AC,TT,GG,AA,GG,CC,GG,TT,CC,CG,AT,CC,CG,AT,TT,GT,GG,TT,TT,AG,CC,TT,TT,CC,TT,CC,TT,TT,GG,AA,TT,CC,AG,CC,GG,GG,GG,CG,GG,CC,TT,TT,AA,TT,AA,AG,TT,AT,CC,AC,GG,NN,AA,GG,CC,TT,AT,AA,GG,AA,AA,TT,TT,AG,TT,TT,CC,GG,TT,GG,AG,GG,CC,AA,GG,CC,AA,GG,TT,TT,GG,GT,GG,CC,AA,GG,AA,AA,CC,GG,CC,GT,CC,AT,TT,GG,TT,CC,GT,CT,CC,GG,AA,AG,TT,TT,CC,AA,AA,AA,CT,GG,TT,CG,TT,AA,AC,AT,CC,GG,CG,GG,CC,GG,TT,AA,CC,CC,CC,CC,AA,TT,CC,AA,CC,CT,AA,TT,AA,AT,GG,CC,CC,GG,AA,GG,AA,CC,GT,CC,CC,AA,AA,AG,TT,AG,AA,TT,TT,AG,CC,TT,GG,CT,CC,TT,TT,TT,AA,TT,GG,CG,AG,NN,CC,AA,CG,CC,AA,GG,AG,CC,TT,CG,GG,TT,GG,TT,AA,AA,TT,CC,GG,AA,AC,CC,GG,GG,AA,CG,TT,AC,AA,CG,GG,AA,CC,AT,AT,GG,GT,AT,AA,CG,TT,AT,CC,AT,GT,AA,GG,AA,CT,AA,TT,CC,TT,AA,CC,CT,GG,AG,CC,AA,CC,TT,TT,GG,GG,TT,AC,AC,AA,GG,CC,CC,GG,CC,GG,AT,AA,CG,TT,GG,CC,CC,AT,GG,CC,AA,CC,AA,AA,AC,CG,CC,AT,AA,GG,AA,AA,AC,AA,AG,AG,AA,AA,TT,GG,AA,AA,CC,AA,CC,AA,AA,GG,NN,GG,GT,AA,AA,TT,TT,TT,GG,TT,GG,GG,AA,7.68,Susceptible,Low,Premium,Early
L0489,Warangal,Telangana,Rabi,Black Cotton,Irrigated,410,26.5,60,AA,TT,NN,AG,GG,CC,GG,AA,CC,GG,AA,CC,CC,TT,TT,GG,CG,TT,TT,AA,NN,GT,GT,CC,TT,CC,GT,TT,GT,AA,TT,CC,AA,CC,GG,GG,GG,CC,GG,AC,TT,CT,AA,TT,AA,AG,TT,AT,CC,AA,GT,AA,AA,GG,CC,TT,AA,CC,GT,AC,AA,TT,TT,AG,TT,TT,CC,GG,TT,GG,AG,GG,CC,AA,GG,AC,AA,GG,TT,TT,GG,GG,GG,CC,AA,GG,AA,AA,CC,GG,AC,TT,CT,TT,TT,GG,TT,CC,TT,CC,CT,CC,AG,AG,TT,TT,CC,AA,GG,AA,CC,GG,TT,CC,GT,AA,AA,TT,CG,AA,CC,GG,CC,TT,CT,AA,CC,CC,CC,CC,AA,TT,CC,NN,CC,CC,AG,TT,AA,AA,CG,CC,CG,AG,AA,AG,AA,CC,GG,CC,CC,AA,AA,GG,TT,GG,CC,TT,CT,GG,AC,GT,GT,TT,CG,AA,TT,TT,AA,NN,GG,CC,AA,CC,AC,CC,GG,CC,AA,GG,AG,CC,TT,CC,GT,TT,GG,AT,AA,AG,TT,CC,GG,AC,AC,CG,GG,GG,AC,GG,TT,AC,AA,CC,GG,AT,AC,AT,AA,GG,TT,TT,AA,CG,GG,AT,GG,AT,GG,AA,GG,AA,TT,AA,NN,CC,TT,AA,CC,CT,CG,AG,CC,AG,CC,TT,TT,TT,NN,TT,AA,AC,AG,GG,CC,CG,GG,CC,GG,AT,AA,CC,GT,GG,CC,CC,AA,AG,CC,AA,CC,AA,AA,AC,CG,CC,TT,AA,GG,AA,AA,AC,AA,AA,AG,AG,AA,TT,GG,AA,GG,AA,AA,TT,AA,AA,GG,GG,GG,TT,AT,AA,TT,TT,TT,AA,AT,GG,GG,AA,7.12,Susceptible,Low,Premium,Late
L0490,Warangal,Telangana,Rabi,Black Cotton,Irrigated,410,26.5,60,AC,TT,AG,AA,GG,CC,GG,AT,CC,CC,AA,CC,CG,AA,TT,GG,CG,TT,TT,AA,CG,GT,TT,CT,TT,CC,TT,TT,GG,AA,TT,CC,AA,AC,GG,GG,GG,CC,GG,CC,TT,TT,AA,GT,AA,AG,CT,TT,CC,AC,GT,AA,AA,GG,CC,GT,AA,AA,GT,AC,AA,TT,TT,AA,TT,TT,CC,GG,TT,GG,AG,GT,CC,AA,AA,AA,AT,GG,GT,TT,GG,GT,GG,CC,AT,GG,AA,AA,CC,GT,CC,TT,CC,TT,TT,GG,CT,CC,GT,CT,CT,CG,AG,AA,TT,TT,CC,AA,AA,CC,CT,GG,TT,CC,TT,AA,CC,TT,CG,GG,CC,AG,CC,GG,CT,AA,CC,CC,AC,CC,AA,TT,AC,AA,CC,CC,AA,TT,AA,AA,CG,CC,CC,GG,AA,AG,AA,CC,GG,CC,CG,AA,AG,GG,TT,AG,CC,GT,TT,GG,CC,TT,TT,TT,CC,AA,TT,TT,AT,TT,CG,CC,AA,CT,CC,CC,GG,CC,AA,AG,AA,CC,TT,CC,GG,TT,GG,AT,AG,AA,GT,CC,GG,AA,AC,CC,GG,GG,AA,GG,TT,AC,AA,CC,GG,AA,CC,AA,AT,GG,TT,TT,AA,CG,GT,AT,CC,TT,TT,AT,GG,AA,CT,AA,TT,CC,TT,AA,AC,CT,CG,AG,CC,GG,CC,TT,CT,GG,GG,NN,AA,CC,AG,GG,CC,CC,GG,CC,GG,TT,AA,CG,TT,GG,CC,CC,AA,AG,CC,AT,CC,AA,AA,CC,CG,AC,AT,AA,GG,AA,AA,CC,AA,AG,GG,AA,AA,TT,CG,AA,AG,NN,CC,TT,AA,AA,GG,GG,GG,TT,AA,AA,GT,TT,TT,AA,TT,GG,GG,AA,9.36,Moderate,Low,Poor,Medium
L0491,Warangal,Telangana,Rabi,Black Cotton,Irrigated,410,26.5,60,AA,TT,AG,GG,GG,CC,GT,AA,CC,CG,AA,CC,CC,TT,TT,GG,GG,TT,TT,AA,CC,TT,TT,CT,TT,CC,TT,TT,GG,NN,CT,CC,AA,CC,GG,CG,GG,CG,GG,CC,TT,CT,AA,TT,AA,AG,TT,AT,CC,AC,GG,AT,AA,GG,NN,GT,AA,AA,TT,AA,AA,GT,TT,AG,TT,TT,CC,GG,TT,GG,AG,GG,CC,AA,AG,AA,AT,GG,NN,TT,GG,GG,GT,CC,AA,AG,AA,AA,CC,TT,CC,TT,CC,TT,TT,GG,TT,CC,GT,CT,CC,CC,AG,AA,AT,NN,CG,AG,AA,AA,CT,GG,TT,CC,TT,CC,AA,TT,CC,GG,CC,GG,CC,GG,TT,AG,CC,CC,CC,CC,AA,TT,CC,AA,CC,CT,AA,AT,AA,TT,GG,CC,CC,GG,AA,AG,AA,CC,GG,CC,CC,AA,AA,GG,TT,GG,AC,TT,TT,GG,AC,GT,TT,TT,CG,AT,TT,TT,AT,TT,GG,CC,AA,CC,CC,CC,GG,CC,AA,GG,AA,CC,TT,CG,GG,TT,NN,AT,AA,AA,TT,CC,GG,AC,CC,CC,CG,GG,AA,GG,TT,AC,AG,CC,GG,AA,CC,AT,NN,GT,GT,TT,AT,GG,GT,AA,CG,TT,TT,AA,GG,AA,CT,AA,TT,CC,TT,AC,CC,TT,CG,AA,CC,GG,CC,AT,CT,GT,GG,TT,AA,AC,AG,GG,CC,CG,GG,CC,GG,AA,AA,CC,GT,GG,CC,CC,AA,AG,CG,AT,CC,AA,AA,AA,CC,CC,TT,AA,GG,AA,AA,AA,AA,AG,GG,AG,AA,TT,GG,AA,AA,AC,NN,CT,AA,AG,GG,GG,GG,TT,AT,AA,GT,TT,TT,GG,TT,GG,GG,AC,8.43,Resistant,Low,Poor,Early
L0492,Warangal,Telangana,Rabi,Black Cotton,Irrigated,410,26.5,60,AC,TT,GG,AA,NN,CC,GG,AT,CC,GG,AA,CC,NN,TT,TT,GG,GG,AT,TT,AG,CC,TT,GG,CC,TT,CC,TT,TT,GG,AA,TT,CC,AA,CC,AG,GG,GG,CC,GG,CC,TT,TT,AA,GG,AA,AG,TT,AT,CC,CC,GG,AA,AA,GG,CC,TT,AA,AA,GG,AA,AG,TT,TT,AG,TT,AT,CC,GG,TT,GT,AG,GT,CC,AA,AG,AA,TT,GG,TT,TT,AG,GG,GG,CC,AA,GG,AA,AA,CC,TT,CC,TT,CT,TT,GG,GG,CT,CC,TT,CT,CC,CC,AG,AA,AT,TT,CC,AA,AA,AA,CC,GG,TT,CG,GT,AA,AA,TT,CG,AG,CC,GG,CC,GT,CT,AA,CC,CC,CC,CG,AA,TT,CC,AA,CC,CT,AA,TT,AA,AT,GG,CC,CC,GG,AA,GG,AA,CC,GT,CC,CC,AA,AA,AG,TT,AG,AA,GG,CT,AG,CC,TT,GT,TT,CG,TT,GT,TT,AT,TT,CG,CC,AA,CC,CC,CC,CG,CC,AA,GG,AG,CC,TT,CC,GG,TT,CG,AA,AA,AA,TT,AC,GG,AC,CC,CG,GG,GG,AC,GG,TT,AA,AA,CC,TT,AA,CC,AA,AA,GG,TT,TT,AT,GG,GT,AA,CG,AT,GT,AA,GG,AA,TT,AA,TT,CC,TT,AA,CC,CT,GG,AA,CG,AG,CC,TT,TT,GT,GG,TT,AA,AC,NN,GG,CC,CC,GG,CC,GG,NN,AA,CC,TT,GG,CC,CC,AA,GG,CG,AT,CC,TT,AA,CC,GG,AC,AT,AA,GG,AA,AA,AC,AA,GG,AG,AA,AA,TT,GG,AA,AA,AC,AA,TT,AA,AA,GG,GG,GG,TT,AA,AA,TT,TT,TT,AA,TT,GG,GG,AA,8.24,Moderate,Low,Premium,Medium
L0493,Warangal,Telangana,Rabi,Black Cotton,Irrigated,410,26.5,60,AC,CT,GG,AG,GG,CC,GG,TT,CC,CG,AA,CC,CC,AT,GT,GT,GG,TT,TT,AG,CC,GT,GT,CC,TT,CC,TT,TT,GG,AA,TT,CT,AA,CC,NN,CG,GG,CC,GG,CC,TT,CT,AA,TT,AA,AA,CT,AT,CC,AA,GG,TT,AA,GG,CC,TT,AA,AC,GT,AA,AA,TT,AT,AA,TT,AT,CC,GG,TT,GG,AA,GG,CC,AA,GG,AC,TT,GG,TT,TT,GG,GT,GG,AC,AA,GG,AA,AA,NN,GT,CC,TT,CT,TT,TT,GG,CT,CC,GT,CC,CC,CG,GG,AA,TT,TT,CC,AA,AA,AA,TT,GG,TT,CC,TT,AA,AA,TT,CC,GG,CC,AG,CC,GT,CT,AA,CC,CC,CC,CC,AG,GT,CC,AA,CC,CT,AA,AT,AA,AT,CG,CC,CC,GG,AA,AA,AA,CC,GT,CC,CC,AA,AA,GG,TT,GG,AC,GT,TT,GG,AC,TT,TT,TT,CG,AT,TT,TT,AT,AT,GG,CC,AG,CC,CC,AC,GG,CC,AA,GG,GG,CC,GT,CC,GG,GT,GG,TT,AA,AA,TT,CC,GG,AA,CC,CC,GG,GG,NN,GG,TT,AC,AA,CC,GG,AA,AC,AA,AA,GG,TT,AA,AA,GG,GT,TT,CC,AT,GT,AA,GG,AA,CT,AA,TT,CC,TT,AA,AC,TT,CG,AA,CG,AG,CC,AT,CT,GT,GG,AT,AA,AA,AA,GG,CC,CG,GG,CC,GT,TT,AA,CC,GT,AG,CC,CC,AA,GG,CC,AT,CC,AA,AA,CC,CG,AA,TT,AA,GG,AA,AA,AC,NN,AG,AG,AG,AA,TT,CG,AA,AA,AA,AC,CC,AA,AG,GG,GG,GG,TT,AT,AA,GT,TT,TT,AA,AT,GG,GG,AC,6.42,Resistant,Low,Poor,Medium
L0494,Warangal,Telangana,Rabi,Black Cotton,Irrigated,410,26.5,60,AA,TT,GG,GG,GG,CC,GT,AT,CC,CC,AA,CC,CG,TT,GT,GG,GG,TT,TT,AA,CC,TT,GG,CT,TT,CC,GT,TT,GG,AA,TT,CC,AA,CC,GG,CG,GG,CC,GG,AC,TT,CT,AA,TT,AA,AG,CT,TT,CC,AC,GT,AA,AA,GG,CC,TT,AA,AA,GT,AA,AA,GT,TT,AA,TT,TT,NN,GG,TT,GT,GG,GG,CC,AA,GG,AA,AA,GG,TT,TT,GG,GT,GG,AC,AT,GG,AA,AA,CC,GT,AC,TT,CC,TT,TT,GG,TT,CC,GT,CC,CC,CC,AG,AA,TT,TT,CC,AA,GG,AC,CC,GG,TT,CC,TT,AA,AA,TT,CG,AG,CG,GG,CT,GT,CT,AA,CC,CC,CC,CC,AA,TT,AC,AA,CC,CC,AA,AT,AA,AA,GG,CT,CC,GG,AA,AG,AA,CC,GT,NN,CC,AA,AA,GG,TT,AG,AC,GG,TT,GG,CC,TT,GT,TT,CG,AA,GT,TT,AT,TT,GG,CC,AA,CC,CC,CC,CC,CC,AA,AG,AA,CC,TT,CC,GG,TT,GG,TT,AA,AA,TT,AC,GG,AC,CC,CC,GG,GG,CC,NN,TT,AC,AG,CG,GT,AA,AC,AA,AA,GG,TT,TT,AT,GG,GT,AT,CC,TT,GT,AA,GG,AA,TT,AA,TT,CC,TT,AC,AA,CT,GG,AA,CC,GG,AC,TT,CT,GT,GG,AT,AA,CC,AA,GG,CC,CC,CG,CC,GG,AT,AA,CC,GT,GG,CC,CC,AT,GG,CG,AT,NN,AT,AA,AC,CG,AC,TT,AG,GG,AA,AA,AA,AA,GG,AG,AA,AA,TT,CG,AA,AA,AC,AC,CT,AA,AA,CG,GG,GG,TT,AA,AA,NN,TT,TT,AG,AT,GG,GG,AA,7.08,Susceptible,Low,Premium,Medium
L0495,Warangal,Telangana,Rabi,Black Cotton,Irrigated,410,26.5,60,CC,TT,GG,AG,GG,CC,GT,AT,CC,CC,AA,CT,CG,TT,TT,GG,CG,TT,TT,AG,CC,GG,TT,CC,AT,CC,GT,NN,GT,AA,TT,CC,AA,CC,GG,CG,GG,CC,GG,CC,TT,CT,AA,TT,AA,GG,TT,TT,CC,CC,GG,AA,AA,GG,CC,TT,AA,AC,GG,AA,AG,GT,AT,AA,TT,TT,CC,GG,TT,GG,AA,GT,AC,AA,GG,AA,AT,GG,GT,TT,GG,GT,NN,CC,AT,GG,AA,AA,CG,GT,CC,TT,CT,AT,TT,GG,TT,CC,TT,CC,CC,CG,AG,AG,TT,TT,CC,AA,AG,AA,CT,GG,TT,CC,TT,AC,AA,AT,CC,AA,CC,NN,CT,GG,TT,AA,CC,CC,CC,CC,AA,TT,CC,AA,CC,CC,AA,TT,AA,AA,GG,CT,CC,GG,AG,AG,AA,CC,TT,CC,CC,AA,AA,AG,TT,NN,AC,TT,TT,GG,AC,TT,TT,TT,CG,AA,NN,TT,AT,TT,GG,CC,AA,TT,CC,CC,GG,CC,AA,GG,GG,CC,TT,CG,GT,TT,CG,TT,AA,AA,TT,CC,GG,AA,CC,CC,GG,GG,AA,GG,TT,AA,AA,CC,GG,NN,CC,AA,TT,GT,TT,TT,AA,CG,GT,AA,CC,TT,NN,AA,GG,AA,CC,AA,AT,CC,CT,AA,CC,TT,CG,AA,CC,AA,NN,TT,CT,GT,GG,AT,AA,AC,AA,GG,CC,CC,GG,CC,GG,AT,AA,CC,TT,GG,CC,CC,AA,GG,CC,AT,CG,AA,AG,AC,CG,CC,TT,AA,GG,AA,AA,AA,CC,AA,AA,AA,AA,AT,GG,AA,AG,AC,AA,TT,AA,NN,GG,AG,GG,TT,AA,AA,TT,TT,TT,AA,TT,GG,GG,NN,5.49,Moderate,High,Poor,Medium
L0496,Warangal,Telangana,Rabi,Black Cotton,Irrigated,410,26.5,60,AA,TT,GG,AG,CG,CC,GT,TT,CC,CG,AA,CC,CC,TT,TT,GG,CG,TT,TT,AG,CC,TT,GT,NN,TT,CC,GT,TT,GG,AA,NN,CC,AA,CC,GG,CG,GG,CG,NN,CC,TT,TT,AC,GT,AG,AG,TT,TT,CC,CC,GT,AA,AA,GG,CT,TT,AA,AC,GT,AA,AA,GT,TT,AG,TT,TT,CC,GG,TT,GT,AA,GT,AC,AA,GG,AA,AA,AG,GT,TT,GG,GG,GG,CC,AT,GG,AA,AA,CC,GT,CC,TT,CT,AT,GT,GG,TT,CC,GT,CC,CC,CC,AG,AA,TT,TT,CG,AG,AG,AA,CC,GG,TT,CC,TT,AC,AA,TT,CG,AG,CC,GG,CC,TT,CT,AG,CC,CC,CC,CC,AA,GT,CC,AA,CC,CT,AA,TT,AA,AT,GG,CC,CC,GG,AA,GG,AA,CC,GG,CC,CC,AA,AA,GG,GT,GG,AC,TT,CT,GG,AC,TT,GT,TT,CC,AA,GT,TT,AA,TT,GG,CC,AG,TT,CC,CC,GG,CC,AT,GG,AA,AC,TT,CC,GT,TT,GG,TT,AA,AA,TT,CC,GG,AA,CC,CC,GG,GG,AA,GG,TT,CC,AA,CG,GG,AA,AC,AA,TT,GG,TT,TT,AT,CG,GG,TT,CC,TT,GG,AA,GG,AA,CT,AA,AT,CC,TT,AC,AC,TT,CG,AG,CG,AG,CC,TT,CT,GG,GG,TT,AA,AC,AG,GG,CG,CG,NN,CC,NN,TT,AA,CG,TT,GG,CC,CC,AA,GG,CC,AT,CC,AA,AA,CC,CG,AC,TT,AA,GG,AA,AA,AA,AA,AG,AG,AA,AA,TT,GG,AA,AG,AA,AA,TT,AA,AA,GG,GG,GG,GT,AA,AA,GT,TT,TT,AA,AT,GG,GG,AC,5.87,Moderate,High,Poor,Late
L0497,Warangal,Telangana,Rabi,Black Cotton,Irrigated,410,26.5,60,AC,TT,AG,AG,GG,CC,GT,TT,CC,CC,NN,TT,CG,TT,TT,GG,GG,TT,TT,AA,CC,TT,TT,CC,AT,CC,TT,TT,GG,AA,CT,CC,AA,NN,GG,CG,GG,GG,GG,CC,NN,TT,AA,TT,AG,GG,TT,TT,CC,AA,GT,AA,AA,GG,CC,TT,AA,AA,GG,AC,AA,TT,TT,AA,NN,TT,CC,GG,TT,GG,AA,GT,CC,AA,AG,AA,AT,AG,TT,NN,AG,GT,GG,CC,AA,GG,AA,AA,CC,TT,CC,TT,CC,TT,TT,GG,TT,AA,GG,CC,CC,CC,GG,AG,TT,TT,CG,AG,AA,AA,CT,GG,TT,CG,TT,AC,AA,TT,CC,AG,CC,GG,CC,GG,TT,AG,CC,CC,AC,CG,AA,TT,CC,AA,CC,CC,AA,AT,AA,AA,GG,CC,CC,GG,AA,AA,AA,AC,GG,CC,GG,AA,GG,AG,TT,AG,AC,TT,CC,GG,AC,GT,TT,TT,CC,TT,TT,CT,AT,TT,GG,CC,AA,CC,CC,CC,CG,CC,AA,AG,AG,CC,TT,CC,TT,GT,GG,AT,AA,AA,TT,CC,GG,AA,CC,CC,GG,GG,AC,GG,TT,AC,AA,CC,GG,AT,AC,AA,AT,GG,TT,AA,AT,GG,GG,AT,CG,TT,TT,AA,GG,AA,CT,AA,AT,CC,TT,AA,AC,NN,GG,AG,CC,AA,CC,TT,TT,TT,GG,TT,AA,AC,AA,GG,CC,CC,GG,CC,GG,AT,AG,CG,GT,GG,CC,CC,AA,AG,CC,AT,CG,AT,AA,AA,CG,CC,TT,AA,GG,AA,AA,AA,AA,GG,AG,AG,AA,TT,NN,NN,AG,AC,AA,TT,AA,AA,GG,GG,GG,GT,AT,AA,GT,TT,TT,AG,AT,NN,GG,AA,8.44,Moderate,Low,Standard,Early
L0498,Warangal,Telangana,Rabi,Black Cotton,Irrigated,410,26.5,60,AC,TT,GG,AA,GG,CC,GG,TT,CC,CG,AA,CC,CG,TT,GG,GG,GG,TT,TT,AA,CC,TT,TT,CC,TT,CC,TT,TT,GT,AA,TT,CC,AA,CC,GG,GG,GG,CG,GG,CC,TT,CT,AA,TT,AA,GG,CT,TT,CC,AA,GG,AA,AA,GG,CT,TT,AA,AA,GT,AC,AA,TT,TT,AA,TT,TT,CC,GG,TT,GG,AA,GG,CC,AA,AG,AC,AT,GG,GT,TT,GG,GG,GG,CC,AA,GG,AA,AA,CC,GT,AC,TT,CC,TT,GG,AG,TT,AC,GT,CT,CC,CC,AA,AA,TT,TT,CC,AA,AA,AA,CC,GG,TT,CG,TT,AA,AC,TT,CC,NN,CG,GG,CC,GG,CT,AA,CC,CC,CC,CG,AA,GT,CC,AA,CC,CC,AA,TT,AA,AT,GG,CC,CC,GG,AA,NN,AA,CC,GG,CC,CC,AG,GG,GG,GG,GG,AC,TT,TT,GG,CC,TT,TT,CT,CG,TT,GT,TT,AA,TT,GG,CC,AA,CC,AC,CC,GG,CC,AT,GG,AG,CC,TT,CC,GT,TT,GG,AT,AA,AG,TT,CC,GG,AA,CC,CC,GG,GG,CC,GG,TT,NN,AA,CC,GG,AT,AC,AA,AT,GG,TT,TT,AT,CG,GT,AT,CC,AT,TT,AA,GG,AA,TT,AC,TT,CC,TT,AA,CC,TT,CG,AG,CC,GG,AA,AT,TT,GT,GG,TT,AA,AC,AA,GG,CC,CC,GG,CC,GG,AT,AA,CC,GT,AG,CC,CC,AA,GG,CG,AT,CG,AA,AA,AC,CG,AC,NN,AA,GG,AA,AA,AC,AA,GG,AA,AG,AA,AT,GG,AC,AG,CC,AA,TT,AA,AG,CG,GG,GG,TT,AA,AA,TT,TT,AT,AG,AT,CG,GG,AC,10.22,Resistant,Low,Premium,Early
L0499,Warangal,Telangana,Rabi,Black Cotton,Irrigated,410,26.5,60,AA,TT,AG,AG,GG,CC,GT,TT,CC,CG,AA,CC,CG,TT,GT,GG,GG,TT,TT,AA,CC,TT,GG,CT,TT,CC,TT,TT,GT,AC,TT,CC,AA,CC,GG,GG,GG,CC,GG,CC,TT,CT,AA,TT,AA,AG,TT,AT,CC,AC,GG,AA,AA,GG,CC,GT,AT,AC,GT,CC,AA,GT,AT,AG,TT,TT,CC,GG,TT,GG,GG,GG,CC,AA,GG,AC,TT,GG,TT,TT,GG,GG,GG,CC,AA,GG,AA,AA,CC,TT,CC,TT,CT,AT,TT,GG,CT,CC,GT,CC,CC,CG,AG,AG,TT,TT,CC,AA,AG,AC,CT,GG,TT,CC,TT,AA,AA,AT,CC,GG,GG,AG,CC,GG,CT,AA,CC,CC,CC,CC,AA,GG,CC,AA,CC,CC,AA,AT,AA,AA,GG,CC,CC,GG,AA,AG,AA,AC,GG,CC,CC,AA,AA,GG,GT,GG,AA,TT,TT,GG,CC,TT,TT,TT,CC,TT,TT,TT,AA,TT,GG,CC,AG,CC,CC,CC,GG,CC,AA,GG,AG,CC,TT,CG,GT,TT,GG,TT,AA,AA,NN,CC,GG,CC,CC,CC,GG,GG,AA,GG,TT,AA,AA,CG,GG,AT,NN,AA,AT,GT,TT,AA,AA,CG,GT,AA,CC,AT,TT,AA,GG,AA,TT,AA,TT,CC,TT,AC,AC,TT,GG,AA,CC,AG,CC,TT,CT,TT,GG,AT,AA,AC,AA,GG,CC,CC,GG,CC,GG,TT,AA,CC,GG,GG,CC,CC,AT,GG,CC,AA,CC,AA,AA,CC,CC,AC,TT,AA,GG,AA,AA,AA,AA,AG,AA,AA,NN,AT,GG,AC,AA,AA,AA,NN,NN,AG,GG,GG,CG,GT,AA,AA,TT,TT,TT,AG,AT,CG,GG,AA,8.3,Susceptible,Low,Poor,Early
L0500,Warangal,Telangana,Rabi,Black Cotton,Irrigated,410,26.5,60,AC,TT,GG,GG,GG,CC,GT,TT,CC,CG,AA,CC,CG,TT,TT,GG,GG,TT,TT,AA,CC,TT,NN,CT,TT,CC,GT,AT,GG,AA,TT,TT,AA,CC,GG,CG,GG,CC,GG,CC,TT,CT,AA,TT,AA,GG,TT,TT,CC,CC,GG,AA,AA,GG,CC,TT,AA,AA,GT,AC,AA,TT,TT,AA,CT,TT,CC,GG,TT,GG,AG,GG,CC,AA,NN,AA,TT,AG,TT,TT,GG,GG,GG,CC,TT,GG,AA,AA,CC,TT,CC,TT,CT,TT,TT,GG,TT,CC,GT,CC,CC,CC,GG,AA,TT,TT,CC,AG,AA,NN,CC,GG,TT,CC,TT,AA,AA,TT,CG,GG,CC,AG,CC,GT,CT,AA,CT,CC,AC,CC,AA,TT,CC,AA,CC,CC,AA,AT,AA,AA,GG,CC,CC,GG,AA,AA,AA,CC,GG,CG,CC,AA,AG,AA,TT,GG,AA,GT,CC,GG,CC,GT,TT,TT,CC,AT,TT,TT,AA,AT,CG,CC,AG,CC,CC,CC,GG,CC,AA,GG,AA,CC,TT,CC,GG,GT,CG,AT,AA,AA,TT,CC,CG,AA,CC,CC,GG,GG,AC,GG,NN,AC,AG,CG,GG,TT,AC,AA,AA,GG,GT,TT,AA,GG,GG,AA,CC,AT,TT,AA,GG,AA,TT,AA,TT,CC,TT,AA,AC,CT,GG,AG,CC,GG,CC,TT,CT,TT,GG,TT,AA,CC,AA,GG,CC,CG,GG,CC,GG,AT,AA,CC,TT,GG,CC,CC,AT,GG,CC,AA,CC,AA,AA,AC,CC,CC,TT,AA,GG,AA,AC,AC,AA,AG,AG,AG,AA,TT,GG,AC,AA,AC,AA,CT,AA,AA,GG,GG,GG,TT,AA,AG,TT,TT,TT,AA,TT,GG,CG,AC,5.44,Resistant,Low,Premium,Early
L0501,Warangal,Telangana,Rabi,Black Cotton,Irrigated,410,26.5,60,AC,TT,GG,GG,GG,CG,GG,TT,CC,CG,AA,CC,CG,AT,TT,GT,GG,TT,TT,AA,CG,TT,GT,CC,TT,CC,TT,AT,GT,AA,TT,CC,AG,CC,GG,CG,GG,CC,GG,CC,TT,CT,AA,GT,AA,AG,TT,TT,CC,AC,NN,AA,AA,GG,CC,TT,AA,AC,GT,AC,AA,TT,AA,AA,CT,AT,CC,GG,TT,GT,AA,GG,CC,AA,GG,AA,AT,GG,TT,TT,AG,GG,GG,CC,AA,GG,AG,AA,CC,GT,CC,TT,CT,TT,GG,GG,TT,CC,GG,CC,CT,CG,AG,AA,TT,TT,CC,AA,GG,AA,CC,GG,TT,CC,TT,AA,AA,TT,CG,GG,CC,GG,CT,GT,TT,AA,CT,CC,AC,CC,AA,TT,CC,AA,CC,CC,AA,TT,AA,AT,GG,CT,CC,AG,AA,AG,AT,CC,GG,CC,CG,AA,AA,GG,TT,AG,AC,GT,TT,GG,AC,TT,TT,TT,CG,AT,NN,TT,AA,TT,CG,CG,AA,CT,CC,CC,GG,CC,AA,GG,AG,CC,TT,CC,TT,GT,GG,AT,AA,AA,TT,CC,CG,AA,CC,CC,GG,GG,AA,GG,TT,AA,AA,CC,GG,AT,CC,AA,AT,GG,GT,AT,AT,NN,TT,AA,CC,TT,TT,AA,GG,AA,NN,AA,TT,CC,TT,AC,CC,TT,GG,AA,CC,AG,CC,TT,TT,GT,NN,TT,AA,CC,GG,GG,CG,CG,GG,CC,GG,AT,AA,CC,GT,AG,CC,CG,AA,GG,CC,AA,CC,AA,AA,AC,CC,CC,TT,AA,GG,NN,AA,AC,AA,GG,AG,AA,AA,TT,GG,AA,AG,CC,AA,TT,AG,AA,GG,GG,GG,TT,AA,AA,TT,AT,TT,GG,TT,GG,CG,AA,6.76,Susceptible,Medium,Poor,Medium
L0502,Warangal,Telangana,Rabi,Black Cotton,Irrigated,410,26.5,60,AA,TT,GG,AG,GG,CC,GT,TT,CC,CC,AA,CT,CC,NN,TT,GG,GG,TT,TT,AA,CC,TT,GG,CC,AT,CC,TT,TT,GG,AA,NN,CC,AA,CC,AG,GG,GG,CG,GG,NN,TT,CT,AA,TT,AA,NN,TT,TT,CC,CC,GT,AT,AA,GG,CC,GT,AA,AC,GT,AA,AA,GT,AT,AA,CT,TT,CC,GG,TT,GG,AA,GG,CC,AA,GG,AC,AA,GG,TT,TT,GG,GG,GG,CC,AA,GG,AA,AA,CC,GT,CC,TT,CT,TT,TT,GG,TT,CC,TT,CC,CT,CC,AG,AG,TT,GT,CC,AG,AG,AC,CC,GG,TT,CC,TT,NN,AC,TT,CC,AG,CC,GG,CT,GG,CT,AA,CT,CC,CC,CC,AA,TT,CC,AA,CC,CC,AA,TT,AA,AT,GG,CT,CC,AG,AG,AG,AA,CC,GG,CG,CC,AA,AA,GG,TT,AG,AA,GG,CC,GG,AC,GG,TT,CT,CG,AA,GT,TT,AA,TT,CG,CC,AA,CC,CC,CC,GG,CC,AA,GG,AA,CC,TT,CC,GG,TT,CG,TT,AA,AG,TT,CC,CG,AA,CC,CC,GG,GG,AA,GG,TT,AA,AA,CC,GG,AA,CC,AA,AA,GG,GT,AA,AT,CG,TT,AA,CC,TT,GG,AA,AG,AA,CT,AA,TT,CC,TT,AC,CC,CT,GG,AG,CC,AG,CC,TT,CT,GT,GG,NN,AA,AC,AA,TT,CC,CG,GG,CC,GG,AT,AA,CC,GG,GG,CC,CC,AA,GG,CC,AA,CC,AA,AG,CC,CC,AC,TT,AA,NN,AA,AC,AA,AA,AA,AA,AA,AG,TT,GG,AC,AA,CC,AA,TT,AG,AA,GG,GG,GG,TT,AT,AA,GT,TT,TT,AG,TT,GG,GG,AA,8.38,Susceptible,Low,Poor,Early
L0503,Warangal,Telangana,Rabi,Black Cotton,Irrigated,410,26.5,60,AC,TT,AG,AA,GG,CG,GG,TT,CC,CC,AA,CT,CC,TT,TT,GG,GG,TT,TT,AG,CC,TT,GT,CT,TT,CC,GG,NN,GT,AA,TT,CT,AA,CC,AG,CG,GG,CG,GG,CC,TT,CT,AA,TT,AG,AG,TT,AT,CC,AA,GG,AA,AA,GG,CT,TT,AA,AC,GT,AA,AA,TT,AT,AG,TT,AT,NN,GG,TT,GT,AA,GG,CC,AA,AG,AA,AA,GG,TT,TT,GG,GG,GG,CC,AT,GG,AA,AT,CC,TT,AA,TT,CC,TT,TT,GG,TT,CC,TT,CC,CT,CG,GG,AA,TT,TT,CG,AA,AA,CC,CT,GG,GT,CC,NN,AA,AA,TT,CG,GG,CC,GG,CC,GT,CT,AA,CC,CC,CC,CC,AA,TT,CC,AA,CC,CT,AA,TT,AA,AT,GG,CC,CC,GG,AA,AG,AT,CC,GT,CC,CC,AA,AA,GG,GT,GG,AA,TT,CT,GG,CC,GG,GG,TT,CC,AA,GT,TT,AA,TT,GG,CC,AA,CT,CC,CC,GG,CC,AA,GG,AA,CC,TT,CC,GG,TT,GG,TT,AA,AA,TT,AC,CC,AA,CC,CC,GG,GG,AA,GG,TT,AA,AA,CC,GG,NN,CC,AA,AT,GG,TT,AT,AT,GG,TT,AA,CC,TT,TT,AA,GG,AA,TT,CC,TT,CC,CC,AA,CC,CT,GG,AA,CC,GG,CC,TT,TT,TT,CG,AT,AA,AA,AG,GG,NN,CC,GG,CC,GG,AT,AG,CC,GT,GG,CC,CG,AA,GG,CC,AA,CC,AT,AA,AC,CC,CC,TT,AA,GG,AA,AA,AC,AA,AG,GG,AG,AA,TT,GG,AC,GG,AC,NN,TT,AA,AG,GG,GG,GG,TT,AA,AA,TT,TT,TT,AA,AT,GG,GG,AA,3.19,Susceptible,Medium,Premium,Late
L0504,Warangal,Telangana,Rabi,Black Cotton,Irrigated,410,26.5,60,AA,TT,GG,AG,GG,CC,GG,TT,CC,CC,AA,CC,GG,TT,TT,GG,CG,TT,TT,AA,CC,GT,TT,CC,TT,CT,GT,TT,GG,AA,TT,CC,AA,AC,GG,CG,GG,GG,GG,CC,TT,TT,AC,GT,AG,GG,TT,AT,CC,CC,GG,AA,AA,GG,CC,TT,AA,AA,GG,AA,AA,TT,TT,AA,TT,TT,CC,GG,TT,GT,AG,GG,CC,AA,AG,AC,AT,GG,TT,TT,AG,GG,GG,CC,AA,GG,AA,AA,CC,TT,CC,TT,CC,AA,GT,GG,CT,CC,TT,CC,CC,CC,AA,AA,TT,GT,CC,AA,AA,AA,CT,GG,GT,CG,GG,AA,AC,TT,CC,AG,CC,AG,CC,GT,TT,AG,CC,CC,CC,CC,AA,TT,CC,AA,AC,CT,AA,TT,AA,AA,GG,CC,CC,GG,AG,AA,AA,AC,NN,CC,CC,AG,AG,AG,TT,GG,AA,GT,TT,GG,CC,TT,TT,TT,CC,AA,NN,TT,NN,TT,GG,CC,AA,CC,CC,CC,GG,CC,AA,GG,AG,CC,TT,CC,GG,GT,GG,AT,AA,AA,TT,NN,GG,AC,AC,CC,GG,GG,AC,GG,TT,AC,AA,CC,GG,AA,AC,AA,AA,GG,GT,AA,AA,GG,GT,TT,CC,AT,TT,AA,GG,AA,CT,AA,TT,CC,TT,CC,CC,TT,CC,AG,NN,AG,CC,TT,CT,GG,GG,TT,AA,CC,NN,GT,CC,GG,CG,CC,GT,TT,AA,CG,TT,NN,CC,CG,AA,GG,CG,AA,CG,AA,AG,CC,CC,AC,AT,AG,GG,AA,AA,NN,AA,AG,GG,AA,AA,TT,GG,AA,AG,AC,AA,CT,AG,AA,GG,GG,CG,TT,AA,AA,TT,TT,AT,AA,AT,GG,CG,CC,7.41,Resistant,High,Premium,Early
L0505,Warangal,Telangana,Rabi,Black Cotton,Irrigated,410,26.5,60,AC,CT,GG,AG,CG,CC,GG,TT,CC,CC,AA,CC,CG,TT,TT,GT,GG,TT,TT,AA,CG,TT,TT,CC,TT,CC,TT,TT,GG,AA,TT,CC,AA,CC,GG,CG,GG,CC,GG,CC,TT,CC,AC,TT,AG,GG,TT,TT,CC,AC,GG,AA,AA,GG,CC,TT,AA,AC,GT,AC,AA,GT,AT,AG,TT,TT,CC,GG,TT,TT,AA,GG,CC,AA,GG,AC,AA,GG,GT,TT,GG,GT,GG,CC,AA,GG,AA,AA,CC,GT,NN,TT,CT,AT,TT,AG,TT,CC,GT,CC,CT,CC,AG,AA,AT,TT,CG,AA,AA,AA,CC,GG,TT,CG,TT,AC,AA,TT,CG,GG,CG,GG,CC,GG,CT,AA,CC,CC,CC,CC,AA,TT,CC,AA,CC,CT,AA,TT,AA,AT,GG,CC,CG,GG,AA,AG,AA,CC,GG,CC,CC,AA,AG,GG,TT,AG,AA,TT,CT,GG,AC,TT,GT,TT,CG,AA,TT,CT,AA,TT,GG,CG,AA,CC,CC,CC,GG,CC,AA,AG,AG,CC,TT,CC,GG,TT,CG,TT,AA,AA,GT,AC,CG,AA,CC,CC,GG,GG,AA,GG,CT,AA,AA,CC,GG,AA,AC,AA,AA,GG,TT,AT,AA,GG,GT,AA,CC,AT,GT,AA,GG,AA,TT,AA,TT,CG,TT,AA,CC,CT,GG,AA,CG,GG,CC,TT,TT,TT,GG,TT,AA,AC,AA,GG,CC,CC,GG,CC,GG,TT,AG,CC,GT,GG,CC,CC,AT,GG,CG,AT,CG,AA,AA,AC,CC,AA,TT,AA,CG,AA,AC,AC,AA,AG,AA,AA,AA,TT,GG,AA,AG,CC,CC,CT,AA,AG,GG,GG,GG,TT,AT,NN,TT,TT,TT,AA,TT,GG,GG,AA,7.11,Moderate,Low,Premium,Early
L0506,Warangal,Telangana,Rabi,Black Cotton,Irrigated,410,26.5,60,AA,CT,GG,AA,GG,CC,GG,TT,CC,CG,AT,CT,CC,TT,TT,GT,CG,TT,NN,AA,CG,TT,GG,CC,TT,NN,TT,TT,NN,AA,TT,CC,AA,CC,AG,GG,GG,CC,GG,CC,TT,CT,AA,TT,AA,AG,TT,TT,CC,AC,GG,AT,AA,GG,CC,GT,AA,AC,TT,AA,AA,TT,TT,AA,TT,TT,CC,GG,TT,GG,GG,GG,CC,AA,GG,AC,AA,GG,TT,TT,GG,GG,GG,AC,AT,GG,AA,AA,CC,GT,CC,TT,CT,TT,TT,GG,TT,AC,GT,CC,CC,GG,AG,AA,TT,TT,CG,AA,AA,AA,CT,GG,TT,CC,GT,AC,AA,TT,CG,AG,CC,GG,NN,NN,TT,AA,CC,CC,CC,CG,AA,TT,CC,AA,CC,CC,AA,TT,AA,AA,GG,CC,CC,AG,AA,AA,AA,AC,GG,CC,CC,AA,AG,AG,TT,GG,AA,GT,TT,AG,AA,TT,TT,CT,CG,AT,GT,TT,AA,AT,GG,CC,AA,NN,CC,CC,GG,CC,AA,GG,GG,CC,TT,CC,GG,GT,CG,AT,AA,AA,GT,CC,GG,AC,AC,CC,GG,GG,AC,CG,TT,AC,AA,CC,GG,AT,AC,AA,AT,GG,NN,TT,AA,GG,GT,TT,CG,TT,GT,AA,GG,AA,TT,AA,TT,CC,TT,AC,CC,TT,GG,AG,CC,AG,AC,AT,TT,GG,GG,TT,AA,AC,AA,GG,CC,CC,GG,CC,GG,AT,AA,CC,TT,GG,CC,CC,AA,GG,CC,AT,CC,AA,AA,AC,CC,CC,TT,AA,CG,AA,AA,AA,AA,AG,AA,AG,AG,TT,GG,AC,AA,AC,CC,CT,AG,AA,GG,GG,GG,TT,TT,AA,TT,TT,TT,AA,TT,GG,GG,AC,6.92,Resistant,Low,Poor,Late
L0507,Warangal,Telangana,Rabi,Black Cotton,Irrigated,410,26.5,60,CC,CT,AG,AA,GG,CC,TT,AT,CC,CC,AA,CC,CG,TT,TT,GG,GG,TT,TT,AA,CG,GT,GT,CT,TT,CC,TT,AA,GG,AA,CT,CC,AA,CC,GG,GG,GG,CG,GG,CC,TT,TT,AA,TT,AG,AG,TT,TT,CC,AC,GG,AA,AA,GG,CC,TT,AA,AC,GT,AC,AA,GT,AT,AA,TT,AT,CC,GG,TT,GG,AA,GG,CC,AA,GG,CC,AA,AG,TT,TT,AG,GT,GG,CC,AT,GG,AG,AT,CC,TT,CC,TT,CC,AT,TT,GG,TT,AC,TT,CC,CT,CC,AG,AA,TT,TT,CC,AA,AA,AA,NN,GG,TT,CC,TT,AC,AC,TT,CG,GG,CC,AG,CC,TT,TT,AA,CC,CC,AC,CC,AA,TT,CC,AA,CC,CT,AA,TT,AA,AA,GG,CC,CC,GG,AA,AA,AT,CC,GG,CC,CC,AA,AG,GG,GT,GG,AA,TT,CT,AG,CC,GT,TT,TT,CC,AA,GG,TT,AT,TT,GG,CC,AA,CC,CC,CC,GG,AC,AA,GG,AA,CC,TT,CG,GG,TT,CC,AA,AA,AG,TT,CC,GG,AA,NN,CC,GG,GG,AC,GG,TT,AA,AG,CC,GG,AA,CC,AA,AA,GG,TT,AT,AA,CG,GT,AA,CC,TT,GG,AA,GG,AA,CT,AA,TT,CC,TT,AA,AC,TT,GG,AA,NN,AA,AC,TT,CT,GT,GG,TT,AA,CC,AA,GG,CC,CC,GG,CC,GG,TT,AA,CG,TT,GG,CC,CC,AA,AG,CC,AT,CC,AT,AA,AC,CC,AC,TT,AA,GG,AA,AA,AC,AC,GG,AA,AA,AA,AT,GG,AA,AG,AC,AC,CT,AA,AA,GG,GG,GG,TT,AA,AA,TT,TT,TT,NN,TT,GG,GG,AA,8.16,Moderate,Medium,Poor,Late
L0508,Warangal,Telangana,Rabi,Black Cotton,Irrigated,410,26.5,60,CC,CT,GG,AA,GG,CC,GG,TT,CC,CG,AA,CC,CG,TT,TT,GG,GG,TT,TT,AG,NN,TT,GT,CC,TT,CC,TT,TT,GT,AA,TT,CC,AA,CC,GG,GG,GG,CC,GG,CC,TT,TT,AA,GT,AG,AG,TT,TT,CC,AA,TT,AA,AA,GG,CT,TT,AT,AC,GG,AC,AA,GT,TT,AG,TT,AA,CC,GG,NN,GG,AA,GT,CC,AA,AG,AA,AA,GG,TT,TT,GG,GT,GG,CC,AT,GG,AA,AA,CC,GT,AC,TT,CC,TT,TT,GG,CT,CC,GG,TT,CC,CC,AG,AA,TT,TT,CG,AA,AG,AA,TT,GG,TT,CC,GT,AA,AA,TT,CC,AG,CC,AG,TT,GG,TT,AA,CC,CC,CC,CC,AA,GT,CC,AA,CC,CC,AA,TT,AA,AA,GG,CC,CC,GG,AA,AG,AA,CC,GG,CC,CC,AA,AG,AG,TT,GG,CC,TT,TT,GG,CC,TT,TT,TT,CG,AA,GT,TT,AA,TT,GG,CC,AA,CT,CC,CC,CG,CC,AA,GG,GG,CC,TT,CC,GG,GT,GG,AA,AA,AA,TT,CC,GG,AA,CC,CC,GG,GG,CC,GG,TT,AA,AA,CC,GG,AT,CC,AT,AT,GG,TT,TT,AA,CG,GG,AA,CC,TT,GT,AA,NN,AA,CT,AA,TT,NN,TT,AA,CC,CT,GG,AG,NN,AG,CC,TT,CT,TT,GG,AT,AA,CC,AG,GG,CC,CC,GG,CC,GG,TT,AG,CC,TT,GG,CC,CC,AA,GG,CC,AA,CC,AA,AA,CC,CG,AC,TT,NN,GG,AA,AA,AC,AA,AG,AA,AG,AG,TT,GG,AA,AA,CC,AC,CT,AA,AA,GG,AG,CG,TT,AT,AG,GT,TT,TT,AA,AT,GG,GG,AC,9.16,Resistant,High,Poor,Late
L0509,Warangal,Telangana,Rabi,Black Cotton,Irrigated,410,26.5,60,AA,TT,GG,AG,GG,CG,GG,TT,CC,CC,AT,CC,CG,AT,TT,GG,NN,TT,TT,AA,CC,TT,TT,CC,TT,CC,TT,TT,GG,AA,TT,CT,AA,CC,GG,GG,GG,CC,GG,CC,TT,CT,AC,TT,AG,AG,TT,AT,CC,AC,GT,AA,AA,GG,CC,TT,AA,AA,GT,AA,AG,GT,NN,AG,TT,TT,CC,GG,TT,GG,GG,GG,AC,AA,GG,AC,TT,AG,TT,TT,GG,GG,GT,CC,AA,GG,AA,AA,CC,TT,CC,GT,CC,TT,TT,AG,TT,CC,GT,CT,CT,CC,AA,AA,TT,TT,CC,AA,AG,AA,CC,GG,TT,CC,GT,AC,AC,TT,CC,GG,CC,GG,CC,GT,TT,AA,CC,CC,CC,CC,AA,TT,CC,AA,CC,CC,AA,AT,AA,AA,GG,CT,CC,GG,AA,AG,AA,CC,GT,CC,CC,AG,AG,GG,GT,AG,AC,TT,TT,GG,AC,GT,TT,CT,CC,AT,GG,TT,AA,TT,GG,CC,GG,CT,CC,CC,CC,CC,AT,GG,GG,CC,TT,CG,TT,GG,CG,AT,AA,AA,GT,CC,GG,AA,AC,CC,GG,GG,AC,GG,CT,AC,NN,CG,TT,AA,AC,AA,AA,GG,GT,AT,AA,GG,GG,AT,CC,TT,GT,AA,GG,AA,CT,AA,TT,CC,CT,AA,CC,TT,GG,AG,CG,AG,CC,TT,TT,TT,GG,TT,AC,AA,AG,NN,CC,CG,GG,CC,GG,TT,AA,CC,TT,GG,CC,CG,AA,AG,CC,TT,CG,AA,AA,AC,CC,CC,TT,AA,GG,AA,AA,AA,AA,AA,GG,AA,AA,TT,GG,AA,AA,AC,AA,TT,AG,AG,GG,GG,GG,TT,AA,AA,TT,TT,TT,AG,TT,GG,GG,AA,8.84,Susceptible,Medium,Poor,Early
L0510,Warangal,Telangana,Rabi,Black Cotton,Irrigated,410,26.5,60,AA,CT,AG,AA,GG,CC,GG,TT,CC,CC,AA,CC,CG,TT,TT,GG,GG,TT,TT,AG,CC,GT,TT,CC,TT,CC,TT,TT,GG,AA,TT,CC,AA,CC,GG,GG,GG,CC,GG,CC,TT,CT,AA,TT,AA,AG,CT,AT,CC,CC,GG,TT,AG,GG,CT,TT,AT,AC,GT,AA,AG,TT,AA,AG,TT,TT,CC,NN,TT,GG,AA,GG,CC,AA,AG,AA,AA,GG,TT,TT,GG,GG,GG,CC,AA,GG,AA,AA,CC,TT,AC,TT,CT,AT,GT,GG,TT,CC,TT,CC,CC,CG,GG,AA,TT,TT,CC,AA,AA,AC,CC,GG,TT,CG,GT,NN,AC,AT,CG,AG,CG,GG,CC,GG,TT,AG,CT,CC,AC,CC,AA,TT,CC,AA,CC,CT,AA,TT,AA,AA,CG,CT,CC,GG,AA,AA,AA,CC,GG,NN,CC,AA,AG,AG,TT,AG,AC,TT,TT,GG,AC,TT,GT,TT,CC,AT,GG,TT,AA,TT,GG,CG,AA,CT,CC,AC,CG,CC,AA,GG,AG,CC,TT,CC,GG,TT,GG,AT,AA,AA,TT,CC,GG,AC,CC,CC,GG,GG,AC,GG,TT,AC,AA,CC,GG,AT,AC,AA,AA,GG,TT,TT,AA,GG,GG,AA,CG,TT,GG,AA,GG,AA,CT,AA,TT,CC,TT,AA,AC,TT,GG,AA,CC,AG,AC,TT,CT,TT,GG,TT,AA,CC,AA,GG,CC,CG,GG,CC,GG,TT,AA,CG,TT,GG,CC,CC,AA,NN,CC,AA,CC,AA,AA,AC,CC,AC,TT,AA,GG,AA,AA,AA,AA,AA,AA,AA,AA,TT,GG,AA,AA,AC,AA,TT,AA,AA,GG,GG,CG,GT,AA,AA,TT,TT,TT,AA,TT,GG,CG,AA,6.13,Susceptible,Medium,Poor,Early
L0511,Warangal,Telangana,Rabi,Black Cotton,Irrigated,410,26.5,60,AC,TT,AG,AA,GG,CC,GG,AT,CC,CC,AA,CC,CC,AT,TT,GT,GG,TT,TT,AA,CG,TT,GG,CC,NN,CC,TT,TT,GG,AA,TT,CC,AA,CC,GG,GG,GG,CC,GG,CC,TT,CC,AA,GT,AA,GG,TT,AT,CC,CC,TT,AA,AG,GG,CC,TT,AA,NN,GT,AC,AG,TT,TT,AA,TT,AT,CC,GG,TT,GG,AA,GG,AC,AA,GG,AC,AT,GG,GT,TT,AG,GG,GG,CC,TT,GG,AA,AA,CC,GT,CC,GT,CC,TT,TT,GG,TT,CC,TT,CC,CT,CC,GG,AA,TT,GT,CC,AA,AG,AA,CT,GG,TT,NN,TT,AA,AA,AT,CC,AG,NN,AG,CC,GG,TT,AG,CC,CC,CC,CC,AG,GT,CC,AA,CC,CC,AA,AT,AA,AA,GG,CC,CC,GG,AA,GG,AA,CC,GT,CC,CG,AA,AG,GG,GT,GG,AA,TT,TT,GG,AC,TT,TT,CT,CC,TT,TT,TT,AA,TT,GG,CG,AG,CT,CC,CC,GG,CC,AA,GG,AG,CC,TT,CC,GT,TT,CG,TT,AA,AA,TT,CC,GG,AA,CC,CC,GG,GG,AA,GG,TT,AC,AA,CC,GT,AA,CC,AA,AT,GT,TT,AT,AA,CG,GT,AA,CG,AA,GT,AA,GG,AA,CT,AA,TT,CC,TT,AA,AC,CT,GG,AG,CC,GG,CC,TT,TT,TT,GG,TT,AA,AC,AA,GT,CC,CC,GG,CC,GG,TT,AA,CC,GG,GG,CC,CG,AA,AA,CC,AT,CC,AA,AA,CC,CC,AC,TT,AA,GG,AA,AA,AC,AC,GG,AA,AG,AA,TT,GG,AA,NN,CC,AA,TT,AG,AA,CG,GG,GG,TT,AT,AA,TT,TT,TT,AA,AT,GG,GG,AA,7.89,Susceptible,Medium,Poor,Medium
L0512,Warangal,Telangana,Rabi,Black Cotton,Irrigated,410,26.5,60,AC,TT,GG,AA,GG,CC,GG,TT,CC,CG,AA,CC,CG,AT,GT,GT,CG,NN,AT,AA,CC,TT,GT,CC,TT,CC,GT,AT,GG,AA,TT,CC,AA,CC,GG,CG,GG,CC,GG,CC,TT,CT,AA,GT,AA,GG,TT,AT,CC,AC,GG,AT,AA,GG,CC,TT,AA,AA,GT,AC,NN,TT,TT,AG,CT,TT,CC,GG,TT,GG,AA,GG,CC,AA,GG,AC,AT,GG,GT,TT,GG,GG,GG,NN,AA,GG,AG,AA,CC,GG,CC,NN,CT,TT,GT,GG,TT,CC,TT,CC,CT,CG,GG,AA,TT,TT,CC,AA,GG,AA,CT,GG,TT,CG,TT,AA,AA,TT,CC,GG,NN,AG,CC,GG,CT,AG,CT,CC,CC,CC,AG,TT,CC,AA,CC,CC,AA,TT,AG,AT,GG,CC,CC,GG,AA,AG,AA,CC,GT,CC,CC,AA,AG,GG,TT,GG,AC,TT,TT,GG,AA,TT,TT,TT,CC,TT,TT,TT,AT,TT,GG,CC,AA,CT,NN,AC,CC,CC,AA,GG,AG,CC,TT,CC,GT,GT,CG,TT,NN,AA,TT,AC,GG,AA,CC,CC,GG,GG,AC,GG,TT,AC,AA,CC,GG,AA,AA,AA,AA,GG,TT,AT,AA,CG,GG,AA,CC,TT,TT,AA,GG,AG,CT,AA,TT,CC,CT,AA,CC,CT,CG,GG,CC,AG,CC,NN,TT,TT,GG,TT,AA,CC,AG,GG,CC,CC,GG,CG,GG,TT,AA,CC,GT,GG,CC,CC,AA,GG,CC,AT,CC,AA,AA,NN,CC,AC,TT,AA,GG,AA,AC,AC,AA,AG,AG,AA,AA,AT,GG,AA,AG,AC,CC,CT,AA,AG,GG,GG,GG,TT,AT,AA,GT,TT,TT,AA,TT,GG,GG,AA,6.04,Moderate,Medium,Poor,Late
L0513,Warangal,Telangana,Rabi,Black Cotton,Irrigated,410,26.5,60,AC,TT,GG,GG,GG,CC,GG,TT,CC,CG,AA,CT,GG,AT,TT,GG,CG,TT,TT,AA,CC,GT,GT,CT,TT,CC,GT,TT,GG,AA,TT,CC,AA,CC,GG,GG,GG,CC,GG,CC,TT,TT,AA,TT,AA,GG,TT,TT,CC,CC,GG,AA,AA,CG,CT,TT,AT,AC,GT,AA,AA,GT,AT,AG,TT,TT,CC,GG,TT,GG,AG,GG,CC,AA,GG,AA,AT,AG,TT,TT,GG,TT,GT,CC,AA,GG,AA,AA,CG,TT,CC,TT,CT,TT,GT,GG,TT,CC,GT,CC,CC,CG,GG,AA,TT,TT,CG,AA,AG,AC,CT,GG,TT,CC,TT,CC,AA,TT,CC,GG,CC,GG,CC,GT,CC,AG,CC,CC,CC,CC,AA,TT,CC,AA,CC,CC,AG,TT,AA,AA,GG,CC,CC,GG,AA,AG,AT,CC,GG,CC,CG,AA,AG,GG,TT,GG,AC,TT,CT,GG,AC,TT,TT,TT,CC,AT,GT,CT,AT,TT,CG,CC,AA,TT,AC,CC,GG,CC,AA,GG,AG,CC,TT,CC,GG,TT,GG,AT,AA,AG,TT,CC,GG,AA,CC,CC,GG,GG,AA,GG,TT,AC,AA,CC,GG,AA,CC,AA,TT,GT,GT,AT,AT,GG,TT,AT,CG,NN,GT,AA,GG,AA,CT,AA,TT,CC,TT,AA,CC,TT,GG,AG,CG,AG,CC,TT,TT,TT,GG,TT,AA,AC,AA,GG,CC,CG,GG,CC,GG,TT,AA,CG,GT,GG,CC,CC,AT,GG,CG,AT,CC,AA,AA,CC,CG,AC,TT,AG,CG,AA,AA,AC,AA,GG,AA,AA,AA,TT,GG,AA,AA,AC,AC,CT,AA,AG,CG,GG,GG,TT,AA,AA,GT,TT,TT,AG,NN,NN,GG,AA,6.65,Moderate,Low,Standard,Medium
L0514,Warangal,Telangana,Rabi,Black Cotton,Irrigated,410,26.5,60,AA,TT,GG,AA,GG,CC,GT,TT,CC,CG,AA,CC,CC,TT,NN,GT,GG,TT,TT,AA,CC,GT,TT,CT,TT,CC,GT,TT,GG,AA,TT,TT,AA,CC,GG,GG,GG,CG,GG,CC,TT,TT,AA,TT,AA,GG,TT,TT,CC,AC,GT,AT,GG,GG,CT,TT,AA,AC,GT,AC,AA,TT,AT,AA,TT,TT,CC,GG,TT,GT,AG,GG,CC,AA,AG,AC,TT,GG,TT,TT,GG,GG,GG,CC,AT,GG,AA,AT,CC,GT,CC,TT,CC,AT,GT,GG,CT,CC,GT,CC,CC,NN,AG,AA,TT,GT,CC,AA,AG,AA,CT,GG,TT,CC,GT,AA,AA,TT,CG,AG,CC,GG,CT,GG,TT,AA,CC,CC,CC,CC,AA,TT,CC,AA,CC,CC,AA,TT,AA,AT,CG,CC,CC,GG,AA,AG,AA,CC,GG,CC,CC,AG,GG,GG,TT,AG,AA,TT,CT,NN,CC,TT,TT,TT,NN,AT,TT,TT,AA,TT,CG,CC,AG,CT,CC,CC,GG,CC,AA,GG,AG,CC,TT,CG,GT,TT,CG,AA,AA,AG,TT,AA,GG,AA,CC,CC,GG,GG,AA,GG,TT,AA,AA,CC,GG,AT,AC,AA,AT,GG,GT,AT,AA,CG,GT,AA,CC,AT,GT,AT,GG,AA,TT,AC,TT,CC,TT,AA,CC,TT,GG,AA,CC,GG,CC,TT,TT,GT,GG,TT,AA,AC,AA,GT,CC,GG,GG,CG,GG,NN,AA,CG,GT,GG,CC,CC,AA,AG,CC,AA,CC,AT,AA,AA,NN,AC,TT,AA,GG,AA,AA,NN,AA,AG,AG,AA,AA,TT,GG,AC,AA,AC,AA,TT,AA,AA,GG,GG,GG,GT,AA,AA,GT,TT,TT,AG,AT,GG,GG,AA,6.81,Susceptible,Medium,Standard,Medium
L0515,Warangal,Telangana,Rabi,Black Cotton,Irrigated,410,26.5,60,AA,TT,GG,AA,CG,CC,TT,AT,CC,CC,AA,CT,CC,AT,TT,GG,GG,TT,TT,AA,CC,GT,TT,CC,TT,CC,GT,TT,GG,AA,TT,CC,AA,CC,GG,GG,GG,CG,GG,CC,TT,NN,AC,GT,AG,AG,TT,TT,CG,AC,GG,AA,AG,GG,CC,TT,AA,CC,GT,AA,AA,TT,TT,AA,CT,TT,CC,GG,TT,GT,AA,GG,CC,AG,AG,CC,TT,GG,TT,TT,GG,GT,GG,CC,AA,AG,AA,AA,CC,TT,CC,TT,CT,TT,GT,AG,NN,CC,GT,CC,CC,CG,GG,AA,TT,TT,NN,AA,AA,AA,CC,GG,TT,CC,TT,AA,AA,AT,CC,GG,CC,GG,CC,GG,CT,AA,CC,CC,CC,CC,AA,TT,CC,AA,CC,CC,AA,TT,AA,AT,CC,CC,CC,AG,AA,AG,AA,CC,GG,NN,CC,AA,AA,NN,TT,GG,AA,TT,CT,AG,CC,TT,TT,TT,CG,AT,TT,TT,AA,AT,GG,CC,AA,CC,AC,AC,GG,CC,AA,GG,AG,CC,TT,CC,GG,TT,GG,AT,AA,AA,TT,AC,CG,AA,CC,CC,GG,GG,NN,GG,TT,AA,AA,CC,GG,AA,AC,AA,TT,TT,TT,AT,AT,CG,GT,AA,CC,AA,TT,AA,GG,AA,CT,AA,TT,CC,CT,AA,CC,TT,CG,AA,CC,AG,CC,TT,TT,GT,GG,TT,AC,AC,AA,GG,CC,CG,GG,CC,GG,AT,AA,CC,TT,GG,CC,CC,AT,GG,CG,AA,CC,AT,AA,AC,CG,AA,TT,AA,GG,AA,AC,AA,AA,AG,NN,AG,AA,TT,CG,AC,AA,CC,AC,TT,AA,AA,GG,GG,GG,TT,AA,GG,GG,TT,TT,AA,AT,GG,GG,AA,5.45,Moderate,Low,Standard,Medium
L0516,Warangal,Telangana,Rabi,Black Cotton,Irrigated,410,26.5,60,CC,TT,GG,AG,GG,CC,GG,AT,CC,CG,AA,CT,CG,AT,TT,GT,GG,TT,TT,AA,CC,TT,GT,CC,NN,CC,TT,TT,GG,AC,CT,CC,AA,CC,GG,CG,GG,CC,GG,CC,TT,CT,AA,GT,NN,GG,TT,TT,CC,AC,GT,AA,AA,GG,CC,TT,AA,NN,GT,AC,AG,TT,AT,AA,TT,TT,CC,GT,TT,GG,AG,GT,CC,AG,GG,AA,AA,AG,GT,TT,GG,GT,GT,CC,AA,GG,AA,AA,CC,GT,CC,TT,CC,AT,GG,NN,TT,CC,TT,CC,TT,CG,GG,AG,AT,TT,CC,AA,AG,AC,CT,GG,TT,CG,GT,AA,AA,TT,CG,AG,CG,GG,CC,GG,CT,AA,CT,CC,CC,CC,AA,TT,CC,AA,CC,CC,AA,AT,AA,AA,GG,CC,CC,GG,AA,AG,AT,CC,GG,CC,CC,AA,AG,GG,NN,GG,AC,GT,TT,GG,AC,TT,TT,TT,CG,AA,TT,TT,AA,TT,GG,CC,GG,CT,CC,CC,GG,CC,NN,GG,GG,CC,TT,CC,TT,GT,CG,TT,AA,AA,TT,CC,GG,AA,CC,CC,GG,GG,AC,GG,TT,AC,AA,CC,GG,AT,NN,AA,AA,GT,TT,AA,AT,GG,NN,TT,CC,TT,TT,AA,GG,AA,CC,AA,TT,CG,TT,AA,CC,TT,CG,AG,CC,AA,CC,TT,TT,GT,GG,TT,AA,CC,AA,GG,CC,CC,GG,CG,GG,TT,AA,CG,GT,GG,CC,CC,AA,GG,CC,AT,CC,AA,AA,CC,NN,AC,TT,AA,GG,AA,CC,AC,AA,AG,AA,AG,AA,TT,GG,AC,AA,AC,AA,TT,AG,AA,CG,GG,GG,TT,AA,AG,TT,TT,TT,GG,AT,GG,GG,AA,6.71,Susceptible,Medium,Poor,Early
L0517,Warangal,Telangana,Rabi,Black Cotton,Irrigated,410,26.5,60,AC,TT,GG,NN,GG,CC,TT,TT,CC,CG,AA,CC,CC,TT,TT,GT,CG,TT,TT,NN,CG,GT,GG,CT,TT,CC,TT,TT,GG,AA,TT,CC,AA,CC,AG,CG,GG,CC,GG,CC,TT,CC,AA,TT,AA,NN,TT,TT,CG,CC,GT,AT,AA,GG,CC,GG,AA,AA,GT,CC,AA,TT,AA,AG,CT,TT,CC,GG,TT,GG,AA,NN,CC,AA,AG,CC,AA,GG,TT,NN,GG,GT,GT,CC,AA,GG,AA,AT,CC,GT,CC,GT,CC,TT,GT,AG,TT,CC,GT,CC,TT,GG,GG,AG,TT,TT,CC,AA,GG,AA,CT,GG,TT,CC,TT,AA,AA,TT,CC,AG,CC,GG,CC,NN,TT,AA,CT,CC,CC,CG,AA,TT,CC,AA,CC,CC,AA,TT,AG,AA,GG,CT,NN,GG,AA,NN,AA,AC,GG,CC,CC,AG,AG,GG,TT,GG,AC,TT,TT,GG,AC,GT,GG,TT,CC,AT,GT,TT,AA,TT,GG,CC,AG,CC,AC,AC,CG,CC,AA,GG,AG,CC,TT,CC,GT,GT,GG,AT,AA,AA,TT,AC,GG,AA,AC,CC,GG,GG,AA,GG,TT,AA,AG,CC,GG,AT,CC,AA,AA,GG,GT,AT,AT,CC,GT,AT,CG,TT,GT,AA,GG,AA,CT,AA,TT,CC,TT,AC,CC,TT,GG,AG,CC,AG,AC,TT,TT,GT,GG,TT,AA,CC,AA,GG,CC,CG,GG,CG,NN,AT,AG,CC,TT,GG,CC,CC,AA,GG,CC,AA,CC,AA,AA,CC,CG,CC,TT,AA,GG,AA,AA,AC,AA,AG,AA,AA,AA,NN,CG,AA,AA,CC,AA,CT,AA,AA,GG,GG,GG,TT,AA,AA,GT,TT,NN,AG,TT,GG,GG,AA,6.98,Moderate,Low,Standard,Late
L0518,Warangal,Telangana,Rabi,Black Cotton,Irrigated,410,26.5,60,AC,CT,GG,GG,GG,CC,GT,TT,CC,CC,AA,CC,CC,TT,TT,GG,GG,AT,TT,AA,CC,TT,TT,CC,TT,CC,TT,TT,GG,AA,TT,CT,AA,CC,GG,CG,GG,CG,GG,CC,TT,CT,AA,TT,AA,GG,TT,TT,CC,AA,GG,AA,AG,GG,CC,TT,AT,CC,TT,AA,AG,GT,AA,AA,CT,AT,NN,GG,TT,GG,AG,GG,CC,AA,AG,AC,AA,AG,TT,TT,GG,GG,GG,CC,AA,GG,AA,AA,CC,GG,CC,TT,CT,TT,TT,GG,CT,CC,GT,CC,CT,CG,AG,AA,TT,TT,CC,AA,AG,AA,CT,GG,TT,CC,GT,AA,AA,TT,CC,GG,CC,GG,CC,GG,CT,AA,CT,CC,CC,CC,AA,TT,CC,AA,CC,CC,AA,TT,AA,AT,GG,CC,CC,GG,AG,AG,AA,CC,GG,CC,CC,AA,AG,GG,TT,GG,AA,GT,CT,GG,CC,GT,TT,TT,CC,AT,TT,TT,AA,TT,GG,CG,AA,CC,AC,CC,CG,CC,AA,GG,AG,CC,TT,CC,GT,TT,GG,AT,AA,AA,TT,CC,GG,AC,CC,CC,GG,GG,AA,GG,TT,AA,AA,CC,GG,AA,AC,NN,AT,GG,TT,AT,AA,GG,GG,AA,CG,AA,TT,AA,GG,AA,CT,AC,TT,CC,NN,AA,CC,TT,GG,AA,CC,AG,CC,TT,CT,GT,GG,TT,AA,AA,AG,GG,CC,CG,GG,CC,GG,TT,AA,CC,GT,GG,CC,CC,AA,GG,CC,AT,CC,AA,AA,NN,CG,AA,TT,NN,GG,AA,AA,AA,AA,GG,AA,AA,NN,AT,GG,AA,AG,CC,AA,CT,AA,AG,GG,GG,GG,TT,AT,AA,TT,TT,TT,AA,AT,GG,GG,AA,7.53,Susceptible,Low,Premium,Early
L0519,Warangal,Telangana,Rabi,Black Cotton,Irrigated,410,26.5,60,AC,TT,GG,GG,GG,CC,GG,TT,CC,CC,AT,CC,CC,AT,TT,GT,GG,TT,TT,AA,CC,TT,TT,CC,TT,CC,TT,TT,GG,AA,TT,CC,AA,CC,GG,GG,GG,GG,GT,CC,TT,CC,AA,NN,AA,AG,TT,TT,CC,AC,GT,AA,AA,GG,CT,GT,AA,AA,GG,AA,AG,GT,TT,AG,TT,AT,CC,GG,CT,GT,AA,GT,CC,AG,AG,AC,TT,GG,GT,TT,AG,GT,GG,CC,AA,GG,AA,AA,CC,TT,CC,TT,CT,AT,GT,GG,TT,CC,GT,CC,CT,CC,AA,AA,TT,TT,CG,AA,AG,AA,CC,GG,TT,CC,GT,AA,AA,TT,GG,AG,CC,GG,CC,GG,CT,NN,CC,CC,CC,CG,AG,TT,NN,AA,CC,CC,AA,TT,AA,AA,GG,CT,CC,GG,AA,AG,AA,CC,GG,CC,CC,AA,AG,GG,TT,AG,AA,TT,CC,GG,AC,TT,TT,TT,GG,TT,NN,TT,AA,AA,GG,CC,AA,CC,CC,AC,CG,AC,AA,GG,AG,CC,TT,CC,GG,TT,GG,AT,AA,AA,TT,AC,GG,AA,CC,CC,GG,GG,AA,GG,CT,AC,AA,CC,GG,AA,CC,AA,AA,GT,GT,TT,AA,CG,GT,AT,CC,TT,GT,AA,GG,AA,TT,AA,TT,CC,TT,AA,NN,TT,GG,AA,CG,AG,CC,AT,CT,TT,GG,TT,AA,AA,AA,GG,CC,CG,GG,CC,GG,TT,AA,CG,TT,GG,CC,CC,AT,GG,CC,AA,CC,AA,AG,AC,CC,AC,TT,AA,GG,AT,AA,AC,AA,AG,NN,AG,AA,TT,GG,AA,AA,CC,AA,CT,AA,AA,GG,GG,GG,TT,AA,AA,TT,TT,TT,AA,AA,GG,GG,AA,6.41,Moderate,Low,Poor,Early
L0520,Warangal,Telangana,Rabi,Black Cotton,Irrigated,410,26.5,60,CC,TT,GG,AG,GG,CC,GG,TT,CC,CC,AA,CT,CC,TT,TT,GG,CG,TT,TT,AA,CC,TT,GT,CC,TT,CC,TT,TT,GT,AA,NN,CC,AA,NN,GG,GG,GG,CG,GG,CC,TT,CT,AA,GT,AA,AA,TT,TT,CC,AC,GT,AT,AA,NN,CT,TT,AT,AC,NN,AC,AG,TT,AT,AG,CT,TT,CC,GT,TT,GG,AA,GG,CC,AA,AG,AC,AA,GG,TT,TT,GG,GG,GG,CC,AA,GG,AA,AA,CC,TT,AA,TT,CC,AT,GT,GG,TT,CC,GT,CC,CT,CG,GG,AG,TT,TT,CG,AA,AG,AA,CC,GG,TT,CC,TT,AC,AA,TT,CC,AA,CC,GG,CC,GT,TT,AA,CT,CC,CC,CG,AG,TT,CC,AA,CC,TT,AG,TT,AA,AA,GG,CT,CC,GG,AA,AG,AA,CC,GT,CC,CC,AA,AG,GG,TT,GG,AA,GT,TT,GG,AC,GT,GT,CT,CG,TT,GT,TT,AA,TT,CG,CC,AG,CT,CC,CC,GG,CC,AA,GG,AA,CC,TT,CG,GT,TT,GG,TT,AA,AA,TT,CC,GG,AC,CC,CC,GG,GG,AC,GG,TT,AA,AA,CC,GG,AA,CC,AA,AA,GG,GT,TT,AA,GG,GG,AT,CC,AT,TT,AA,GG,AA,TT,AA,TT,CC,CT,AA,CC,TT,GG,AG,CG,AG,AC,TT,NN,NN,GG,TT,AA,AC,AG,GG,CC,CG,GG,CC,GG,AT,AA,CC,GG,NN,CC,CC,AA,GG,CC,AA,CC,AA,AA,AA,CG,CC,TT,AA,GG,AA,AC,AA,AC,AG,AG,AA,AA,AT,CG,AA,AG,AC,AC,CT,AG,AA,CG,AG,GG,TT,AA,AG,GT,TT,TT,AA,TT,GG,GG,AA,7.31,Susceptible,Medium,Poor,Medium
L0521,Warangal,Telangana,Rabi,Black Cotton,Irrigated,410,26.5,60,AA,CT,GG,AG,GG,CC,GG,AT,CC,CC,AA,CC,CC,TT,TT,GG,CG,TT,TT,AG,CC,GT,TT,CC,TT,CC,TT,TT,GG,AA,TT,CT,AA,CC,GG,GG,GG,CC,GG,CC,TT,CT,AC,TT,AA,AG,TT,AT,CC,AC,NN,AA,AA,GG,CC,TT,AA,AC,GT,AA,AA,TT,AT,AA,TT,TT,CC,GG,TT,GG,NN,GG,CC,AA,GG,AA,AT,GG,TT,TT,GG,GT,GG,CC,TT,GG,AG,AA,CC,TT,CC,TT,CC,TT,GT,GG,TT,CC,TT,CC,CC,CG,GG,AA,TT,TT,CC,AG,GG,AA,CC,GG,TT,CC,GT,AA,AA,TT,CC,AG,CC,GG,CC,GG,CT,AA,CT,CC,CC,CC,AA,GT,CC,AA,CC,CC,AA,TT,AA,AA,CG,CC,CC,GG,AG,AG,AA,NN,GT,CC,CC,AG,AA,GG,TT,GG,AC,GT,TT,GG,CC,TT,GT,CT,CC,AT,GT,TT,AA,AT,GG,CC,AG,CC,CC,CC,CC,CC,AA,GG,AA,CC,TT,CC,GT,GT,GG,AA,AA,AG,NN,CC,GG,AA,AC,CC,GG,GG,AA,GG,TT,AA,AA,CC,GG,AA,CC,AA,AA,GT,TT,TT,AA,GG,GG,AA,CC,AT,TT,AA,GG,AA,TT,AA,TT,CG,TT,AA,CC,TT,CC,AA,CG,AG,CC,TT,NN,TT,GG,TT,AA,CC,NN,GG,CC,CG,GG,CC,NN,AT,AA,CC,TT,AG,NN,CC,AA,GG,CC,AT,CC,AA,AA,CC,CC,CC,TT,AA,GG,AA,AA,AA,AA,AG,AA,AA,NN,TT,CG,AC,AG,AA,AC,TT,AA,AA,GG,AG,GG,TT,AA,AA,TT,TT,TT,AA,AT,GG,GG,AA,7.18,Susceptible,Low,Standard,Medium
L0522,Warangal,Telangana,Rabi,Black Cotton,Irrigated,410,26.5,60,AA,TT,GG,AA,GG,CC,GT,AA,CC,GG,AA,CT,CG,TT,TT,GG,CG,TT,AT,AA,NN,TT,TT,CC,TT,CC,GT,AT,GG,AA,TT,CC,AA,CC,GG,CG,GG,CG,GT,NN,TT,CT,AA,NN,AA,NN,CT,TT,CC,AC,GT,AT,AA,GG,CT,TT,AA,AA,GT,AA,AA,GT,TT,AA,TT,TT,CC,GG,TT,GG,AA,GG,CC,AA,GG,AA,AT,GG,TT,TT,GG,GG,GT,CC,AA,GG,AA,AA,CC,TT,CC,TT,CC,NN,GT,GG,TT,AC,GT,CC,CT,CC,GG,AG,NN,TT,CC,AA,AA,AA,CT,GG,TT,CC,TT,AC,AA,AT,CC,AG,CG,GG,CC,GG,CT,AG,CC,CC,CC,CC,AA,TT,CC,AA,CC,CT,AA,TT,AG,AA,GG,CC,CG,GG,AA,AG,AA,CC,GG,CC,CC,AA,AG,GG,TT,GG,AA,GT,CT,GG,CC,GG,TT,TT,CC,AA,TT,TT,AA,TT,CG,CC,AA,TT,CC,CC,GG,CC,AA,GG,GG,NN,TT,CC,GT,GT,GG,AT,AA,AA,TT,CC,GG,AA,CC,CC,GG,GG,AC,CG,TT,AC,AA,CC,GG,AA,AC,AA,AA,GG,TT,AT,AA,GG,GT,AA,CC,AT,GG,AA,GG,AA,CT,AA,TT,CC,CT,AA,AC,CT,GG,AG,CC,AG,AC,TT,CT,GT,CG,TT,AA,AC,AG,GG,CC,CC,GG,CC,GG,AT,AA,CC,TT,GG,CC,CC,AA,GG,CC,AT,CC,AA,AA,AC,CG,AC,NN,AA,GG,AA,AC,CC,AA,AG,AG,AA,AA,AT,GG,AA,AA,AC,AA,TT,AA,AA,CG,GG,GG,TT,AA,AG,GT,TT,TT,AG,AT,GG,GG,AA,6.86,Susceptible,High,Standard,Early
L0523,Warangal,Telangana,Rabi,Black Cotton,Irrigated,410,26.5,60,CC,TT,GG,AA,GG,CC,GG,AA,CC,CC,AA,NN,CG,AT,TT,GT,GG,TT,TT,AG,CC,GT,GT,CC,TT,CC,TT,TT,GG,AA,TT,CC,AA,CC,GG,CC,GG,CG,GG,CC,GT,CT,AC,TT,AA,GG,TT,TT,CC,AC,GT,AA,AA,GG,CT,TT,AA,AA,GG,AC,AA,TT,TT,GG,TT,AA,CC,GG,TT,GG,AA,GG,CC,AA,GG,AC,AT,GG,TT,TT,GG,GT,GT,CC,AA,GG,AA,AT,CC,TT,AC,GT,TT,TT,GT,GG,TT,CC,GT,CT,CC,CC,AG,AG,TT,TT,CG,AA,AA,AA,CC,GG,TT,CC,TT,AA,AC,TT,CC,GG,CC,GG,CC,GG,CT,AA,CC,NN,CC,CC,AA,TT,CC,AA,CC,CC,AA,TT,AA,AA,GG,CC,CC,GG,AA,AG,AA,CC,GG,CC,CC,AA,AG,GG,TT,GG,CC,GT,TT,GG,CC,GT,TT,TT,CC,AT,TT,CT,AA,TT,GG,CC,AA,CC,CC,CC,GG,CC,AA,GG,AG,CC,TT,CC,GT,TT,GG,AA,AA,AG,TT,AC,GG,AC,AC,CC,CC,AG,AA,GG,TT,AC,AA,CG,GG,AT,AC,AA,AT,GG,TT,TT,AA,GG,TT,AT,CC,TT,TT,AT,GG,AG,TT,AA,TT,CC,TT,AA,CC,TT,CG,AG,CC,AA,CC,TT,TT,TT,GG,TT,AA,CC,AA,GG,CC,CG,GG,CC,GG,TT,AA,CG,TT,GG,CC,CC,AT,GG,CC,AA,NN,AA,AA,AC,CC,CC,TT,AA,GG,AA,AC,AC,AC,GG,AA,NN,AA,TT,GG,AC,AA,CC,AA,TT,AA,AA,GG,GG,GG,TT,AA,AA,TT,TT,TT,AG,AT,GG,CG,AA,9.01,Resistant,Low,Poor,Medium
L0524,Warangal,Telangana,Rabi,Black Cotton,Irrigated,410,26.5,60,CC,TT,AG,AA,GG,CC,GG,AT,CC,CG,AT,CC,CG,TT,TT,GG,GG,AT,TT,AG,CC,GG,TT,CC,AT,CC,TT,AT,GG,AA,TT,CC,AG,CC,GG,GG,GG,CC,GG,CC,TT,CT,AA,GT,AG,GG,TT,TT,NN,AA,GG,AA,AG,GG,CC,TT,AA,AC,TT,AC,AG,TT,TT,AG,CT,AT,CC,GG,TT,GG,AG,GG,CC,AA,GG,AC,AT,AG,TT,TT,GG,GG,GT,CC,AT,GG,AA,AT,CC,TT,CC,TT,CT,TT,TT,GG,TT,CC,GG,CC,CC,CG,AG,AA,TT,TT,CC,AA,AA,AC,CC,GG,TT,CC,TT,AC,AA,TT,CG,AG,CG,GG,CC,GG,TT,AA,CC,CC,CC,CC,AA,TT,AC,AA,AC,CC,AA,TT,AA,AA,GG,CC,CC,GG,AA,AA,AA,AC,NN,CG,CC,AA,AA,GG,TT,GG,CC,TT,CT,GG,AC,TT,TT,TT,CC,AA,TT,TT,AA,TT,CG,CG,AA,CT,CC,CC,NN,CC,AA,GG,AG,CC,TT,CC,TT,GT,GG,AT,AA,AG,TT,AC,GG,AA,AC,CC,GG,GG,NN,GG,CT,AA,AA,CC,GG,AA,NN,AT,AA,GG,TT,AT,AA,GG,GT,AA,CC,AT,TT,AA,GG,AA,TT,AA,TT,CC,CC,AC,AC,TT,GG,AA,CC,AG,CC,AT,CT,GT,GG,TT,AC,CC,AA,GG,CC,CG,CG,CC,GG,TT,AA,CC,TT,GG,CG,CG,AA,GG,CC,AA,CC,AA,AA,CC,GG,NN,TT,AA,GG,AT,AA,AA,AA,AG,AA,AG,AA,TT,GG,AA,AG,CC,AA,TT,AA,AA,GG,GG,GG,TT,AT,AA,TT,AT,TT,AA,AT,GG,GG,AA,8.5,Moderate,High,Premium,Early
L0525,Warangal,Telangana,Rabi,Black Cotton,Irrigated,410,26.5,60,AA,TT,GG,AA,GG,CC,GT,TT,CC,CG,AA,CC,CC,TT,TT,GG,GG,TT,TT,AA,CC,TT,GT,CC,AT,CC,GT,AT,GG,AC,TT,CT,AA,CC,GG,GG,GG,CC,GG,NN,GT,CT,AA,TT,AA,GG,TT,TT,CC,AC,GG,AA,AA,GG,CC,GT,AA,AC,GG,AC,AA,TT,TT,AA,TT,AA,CC,GG,TT,GG,AA,TT,CC,AA,NN,AA,AT,GG,TT,TT,GG,GT,GG,CC,AA,GG,AA,AA,CC,GT,AC,TT,TT,TT,TT,GG,TT,CC,GT,CC,CT,CC,AG,AA,TT,TT,CG,AA,AG,AA,CC,GG,TT,CC,TT,AC,AC,TT,CG,GG,CC,GG,CC,GG,CT,AA,CT,CC,CC,CC,AA,TT,CC,AA,CC,NN,AA,AT,AA,AT,GG,CC,NN,GG,AA,GG,AA,CC,GG,CC,CG,AG,AG,GG,TT,AG,AC,TT,TT,GG,CC,NN,GT,TT,CC,AA,TT,CT,AA,TT,CG,CG,AG,CC,CC,CC,CG,CC,AA,GG,AA,AC,TT,CG,GG,TT,GG,TT,AA,AA,TT,CC,GG,AC,CC,CC,GG,GG,AC,GG,TT,AA,AA,NN,GG,AA,CC,AA,TT,GG,TT,TT,AA,CG,TT,AA,CC,AA,TT,AA,GG,AA,TT,AA,TT,CC,TT,AA,CC,TT,GG,AG,CG,GG,CC,TT,TT,TT,GG,TT,AC,AA,AA,GG,CG,CC,CG,CC,GG,AT,AG,CC,TT,GG,CC,CC,AT,GG,CC,AT,CC,AA,AA,NN,CG,AC,AT,AA,CG,AA,AA,AA,AC,AG,AA,AA,AA,AT,GG,AC,AA,AC,AA,TT,AA,AA,GG,GG,GG,TT,AA,AA,TT,TT,TT,AA,AT,GG,GG,AA,8.03,Resistant,Low,Premium,Late
L0526,Warangal,Telangana,Rabi,Black Cotton,Irrigated,410,26.5,60,AA,TT,GG,AA,GG,CC,GG,AA,CC,CC,AA,CC,CC,TT,TT,GT,CG,TT,TT,AA,CC,TT,TT,CC,TT,CC,TT,TT,GG,AA,CT,NN,AG,CC,GG,GG,GG,GG,GG,CC,TT,TT,AA,TT,AA,AG,TT,AA,CC,CC,GG,AA,AA,GG,CC,TT,AA,CC,GT,AA,AA,TT,AT,AA,TT,TT,CC,GG,TT,GT,AA,GG,CC,AA,NN,CC,AT,GG,TT,TT,GG,TT,GT,CC,AT,GG,AA,AA,CC,GT,CC,TT,CT,TT,TT,GG,CC,CC,TT,CC,CC,CC,AA,AA,TT,TT,CC,AA,AG,AA,CC,GG,GT,CC,GT,AA,AA,TT,CG,AG,CC,AG,CT,GT,TT,AG,CC,CC,AC,CG,AA,TT,CC,AA,CC,CC,AA,AA,AA,AT,CG,CC,CC,GG,AA,AG,AT,CC,GT,CC,CC,AG,AG,GG,TT,GG,AA,TT,CT,GG,AC,GT,GT,CT,CC,AT,GT,TT,AT,AT,GG,CC,AG,CC,AC,CC,GG,AC,AA,GG,AA,CC,TT,CC,GG,TT,GG,TT,AA,AA,TT,CC,CG,AA,AC,CC,GG,GG,AA,GG,TT,AA,AA,CC,GT,AT,AC,AA,TT,GG,TT,AT,AA,CG,GT,TT,CG,AT,TT,AA,NN,AG,TT,AA,TT,CG,TT,AC,CC,TT,GG,AA,CC,AA,CC,TT,CC,GT,GG,TT,AA,AC,AA,GG,CC,CG,GG,CC,GG,AT,AA,CG,GT,GG,CC,CG,AA,GG,CC,AA,CC,AT,AA,CC,CC,CC,TT,AA,GG,AA,AA,AC,AA,AG,AG,AA,AA,TT,GG,AA,AA,AC,AA,TT,AG,AA,CG,GG,NN,NN,AA,AA,TT,TT,TT,AA,AT,GG,GG,AA,5.7,Susceptible,Medium,Poor,Late
L0527,Warangal,Telangana,Rabi,Black Cotton,Irrigated,410,26.5,60,AC,CT,GG,AG,GG,CC,GT,TT,CC,CG,AA,CC,CC,AT,TT,GG,CG,TT,TT,AA,CC,GG,GT,CC,TT,CC,TT,AA,GT,AA,TT,CT,AA,CC,GG,GG,GG,CG,GG,CC,TT,CC,AC,TT,AA,AA,TT,TT,CC,AA,GG,AA,AG,CG,CT,TT,AA,CC,GT,CC,AG,TT,TT,AA,TT,AT,CC,GG,TT,GT,AG,GT,CC,AA,GG,AA,AA,AG,TT,TT,GG,GG,GG,CC,AA,GG,AA,AA,CG,TT,AC,TT,CC,TT,GT,GG,CT,CC,GT,CC,CC,CG,GG,AG,AT,TT,CC,AA,AG,AA,CT,GG,TT,CG,TT,AA,AA,TT,CG,GG,CC,GG,CT,GG,TT,AG,CC,CC,CC,CC,AA,TT,CC,AA,CC,CC,AA,TT,AA,AA,GG,CC,CC,GG,AA,GG,AA,CC,GG,CC,CC,AA,AA,AG,GT,GG,AC,GT,CT,GG,AC,TT,GT,TT,CC,AA,TT,CT,AA,NN,GG,CC,AG,CC,CC,CC,CG,CC,AA,GG,AA,CC,TT,CG,GG,TT,GG,AT,AA,AA,TT,CC,CG,AA,AC,CC,GG,GG,AC,GG,TT,AA,AA,CC,GG,AT,AC,AA,AA,GT,TT,TT,AA,GG,NN,AA,CC,TT,TT,AT,GG,AG,CT,AA,TT,CC,CT,AA,CC,TT,NN,GG,CC,AG,CC,TT,TT,GT,GG,TT,AA,CC,AG,GT,CC,CG,GG,CC,GG,AA,AA,CC,TT,GG,CC,CG,AA,GG,CC,AT,CG,AA,AG,CC,CC,CC,TT,AA,GG,AA,AA,AA,AC,AG,AA,AG,AA,TT,CG,AC,AA,AC,AC,CT,AG,AA,GG,GG,GG,TT,AA,AG,GT,TT,TT,AA,AT,GG,GG,AA,6.57,Susceptible,Low,Poor,Medium
L0528,Warangal,Telangana,Rabi,Black Cotton,Irrigated,410,26.5,60,AA,CT,GG,AA,GG,CC,GG,TT,CC,CC,AA,CC,CG,AT,TT,GG,GG,TT,TT,AA,CC,TT,GT,CC,TT,CC,TT,TT,GT,AA,TT,CC,AA,AC,GG,CG,GG,CC,GG,CC,TT,CT,NN,GT,AA,GG,TT,AT,CC,AC,GG,AA,AA,GG,CC,TT,AA,AA,GG,AA,AA,TT,AT,AA,TT,AT,CC,GG,TT,GG,AG,GG,CC,AA,GG,AC,AA,GG,TT,TT,GG,GG,GG,CC,AA,GG,AA,AT,CC,GT,CC,TT,CC,TT,TT,AG,CT,CC,TT,CC,CT,CC,AG,AA,TT,TT,CC,AA,AG,AA,CC,GG,TT,CG,TT,AA,AA,TT,CG,GG,CC,NN,CC,GT,TT,AG,CC,CC,CC,CC,AA,TT,CC,AA,CC,CC,AA,TT,AA,AT,GG,CC,CC,GG,AA,AA,AA,AC,GT,CG,GG,AA,AA,AG,TT,AG,AA,GG,TT,GG,CC,TT,TT,TT,GG,AA,TT,CC,AT,AT,CG,CC,AA,CC,CC,CC,GG,CC,AA,GG,AA,CC,TT,CC,GT,TT,CG,AA,AA,AA,TT,AC,GG,AA,CC,CC,GG,GG,CC,GG,TT,AC,AA,CC,GG,AA,AC,AA,AT,GG,GT,TT,AA,GG,GT,AT,CG,TT,GT,AA,GG,AA,TT,AA,TT,CC,TT,AA,CC,CT,GG,GG,CG,GG,CC,AT,TT,GT,GG,TT,AA,AC,AG,GG,CC,CC,GG,CC,GG,TT,AA,CC,GT,GG,CG,NN,AA,GG,CG,AA,CC,AA,AA,CC,CC,AC,AT,AA,GG,AA,AA,AA,AA,AA,AA,AA,AA,TT,GG,AA,AA,AC,AC,CT,AA,AA,GG,GG,GG,TT,AA,AG,TT,TT,TT,GG,TT,GG,GG,AA,5.88,Moderate,Low,Premium,Early
L0529,Warangal,Telangana,Rabi,Black Cotton,Irrigated,410,26.5,60,AA,TT,GG,AA,GG,CC,GT,AT,CC,CG,AA,NN,GG,TT,GT,GG,CG,TT,TT,AG,CC,GT,GT,CC,TT,CC,TT,AT,GG,AA,CT,CT,AA,CC,AG,GG,GG,CG,GG,CC,TT,NN,AA,TT,AG,GG,TT,AT,CC,CC,GG,AA,AA,GG,CC,TT,NN,AA,TT,AA,AG,TT,AT,AA,TT,TT,CC,GG,TT,GG,AA,GG,NN,AG,GG,AC,AT,GG,TT,TT,AG,GT,GT,CC,AA,GG,AA,AT,CC,TT,AC,TT,CT,TT,TT,GG,TT,AC,TT,CC,CT,GG,GG,AA,TT,TT,CC,AA,AG,AA,CT,GG,TT,CC,TT,AA,AA,TT,CC,AG,CG,AG,CC,TT,CT,AG,CC,CC,CC,CC,AA,TT,CC,AA,CC,CT,AA,AT,AA,AT,GG,CC,CC,GG,AA,AA,AA,CC,GG,CC,CC,AG,AG,GG,TT,NN,AC,GT,TT,GG,AC,TT,TT,TT,CG,AT,GT,TT,AA,AT,GG,CC,AG,CT,CC,CC,GG,CC,AT,GG,AG,CC,TT,CG,GT,TT,CG,AT,AA,AA,TT,AC,GG,AA,AC,CC,NN,GG,AA,GG,TT,AA,AA,CC,GG,AT,CC,AT,AT,GT,TT,AT,AA,NN,GG,AA,CC,AT,GT,AA,GG,AA,CT,AA,TT,CG,TT,AA,CC,TT,GG,AA,CC,AG,AC,TT,TT,GT,GG,NN,AA,AA,AA,GG,CC,CC,GG,CG,GT,AT,AA,CC,TT,GG,CG,CC,AA,AG,CC,AT,CC,AT,GG,CC,CC,AC,TT,AA,GG,AA,AA,AC,AA,AA,AA,AG,AA,TT,GG,AA,AG,CC,AA,CC,AA,AA,GG,GG,GG,TT,NN,AG,TT,TT,TT,AG,TT,GG,GG,AA,6.69,Susceptible,Low,Standard,Late
L0530,Warangal,Telangana,Rabi,Black Cotton,Irrigated,410,26.5,60,CC,TT,NN,AG,GG,CC,GG,TT,CC,CC,AA,CC,CC,TT,TT,GG,GG,TT,TT,AG,CC,TT,GT,CT,TT,CC,TT,TT,GG,AA,TT,CC,AG,CC,GG,CG,GG,CC,GG,CC,TT,NN,AA,TT,AA,GG,TT,AT,CC,CC,GG,AA,AA,GG,CT,TT,AT,AA,TT,AC,AG,TT,TT,AG,TT,AT,CC,GG,TT,GG,AG,GT,CC,AA,GG,AC,AT,AA,GT,TT,GG,GG,GT,CC,AA,GG,AA,AA,CC,GT,CC,TT,CT,AT,TT,NN,TT,CC,GT,CC,CC,CG,GG,AA,TT,TT,CC,AA,AG,AA,CC,GG,TT,CC,TT,AA,CC,TT,CG,AA,CC,AG,CC,GG,TT,AA,CT,CC,CC,CC,AA,TT,CC,AA,CC,CC,AA,AT,NN,AT,CG,CC,CC,GG,AA,AA,AA,CC,GG,CC,CG,AA,GG,GG,NN,GG,AC,GT,CT,AG,CC,GT,TT,CT,CC,AT,TT,TT,NN,TT,GG,CC,AA,TT,CC,CC,GG,AC,AT,GG,GG,CC,TT,CC,GT,TT,GG,TT,AA,AA,TT,CC,GG,AA,AC,CC,GG,GG,CC,GG,TT,AA,AA,CC,GG,AA,AC,AA,AT,GT,GT,AA,AT,GG,GG,AA,CG,TT,TT,AA,GG,AA,CT,AC,TT,CC,CT,AA,AC,TT,GG,AG,CC,GG,CC,TT,TT,GT,GG,TT,AA,NN,GG,GG,CC,CG,GG,CC,GG,AT,AA,CG,TT,AG,CC,CC,AA,GG,CC,AA,CC,AA,AA,CC,CG,AC,TT,AA,GG,AA,AA,AA,AA,GG,AG,AA,AA,TT,GG,AA,AG,AC,AC,CT,AA,AA,GG,GG,GG,TT,AT,AG,TT,TT,TT,AG,AT,GG,GG,AA,6.29,Susceptible,High,Standard,Early
L0531,Warangal,Telangana,Rabi,Black Cotton,Irrigated,410,26.5,60,AA,CT,AG,AG,GG,CC,GG,AT,CC,CC,AA,CC,GG,TT,TT,GG,CG,TT,TT,AA,CC,TT,GT,TT,TT,CC,TT,AT,GG,AA,TT,CC,AA,CC,GG,GG,GG,CG,GG,CC,TT,TT,AA,GG,AA,AG,CT,TT,CC,AC,GG,AA,AA,GG,CC,TT,AA,CC,GG,AC,AG,TT,TT,AA,TT,TT,CC,GG,TT,GG,AA,GG,CC,AA,GG,AA,TT,GG,TT,TT,GG,GG,GG,CC,AA,GG,AA,AA,CC,GT,AC,TT,CC,TT,TT,AG,TT,CC,TT,CC,CC,CC,AG,AA,TT,TT,CC,AA,GG,AA,CC,GT,TT,CG,TT,AA,AC,TT,CG,GG,CC,GG,CC,GT,TT,AA,CC,CC,CC,CC,AA,TT,CC,AA,CC,NN,NN,TT,AA,AT,CG,CT,CC,GG,AA,GG,AA,CC,GT,CC,CG,AA,AA,GG,TT,GG,AC,GG,CT,GG,CC,GT,TT,TT,CG,AT,GT,NN,TT,TT,GG,CC,AA,CC,CC,CC,GG,CC,AA,GG,AA,CC,TT,CC,TT,TT,CG,TT,AG,AA,TT,AC,GG,AC,AC,CC,GG,GG,AC,GG,TT,AA,AG,CC,GG,AA,AA,AT,AT,GG,TT,AA,AA,GG,GT,AA,CC,TT,GT,AA,GG,AA,TT,AA,TT,CC,TT,AA,CC,TT,GG,AG,NN,AA,CC,TT,CC,GT,GG,AT,AA,CC,AG,GG,CC,CC,GG,NN,GG,AT,AA,CC,TT,GG,CC,CG,AA,GG,CC,AA,CC,AA,AA,CC,CG,AC,TT,AA,GG,AA,AC,AC,AA,AG,AG,AG,AA,TT,GG,AA,AG,CC,AC,CC,AA,AA,GG,GG,GG,TT,AT,AA,GT,TT,TT,AG,AT,GG,GG,AA,7.53,Moderate,Low,Poor,Medium
L0532,Warangal,Telangana,Rabi,Black Cotton,Irrigated,410,26.5,60,AC,TT,NN,AA,GG,CC,GT,AA,CC,CC,AA,CC,CC,TT,GG,GG,GG,TT,TT,AA,CC,TT,TT,CC,AT,NN,GT,TT,GG,AA,TT,CT,AA,CC,GG,GG,GG,CC,GG,CC,TT,CT,AA,TT,AG,AA,TT,TT,CC,AC,GG,AA,AA,NN,CT,TT,AA,AA,GG,AA,AG,NN,TT,AG,TT,AA,CC,GG,TT,GG,AG,GT,CC,AA,NN,AC,AA,AG,TT,TT,GG,TT,GG,CC,AT,GG,AG,AA,CC,TT,AC,TT,CC,TT,GT,GG,TT,CC,TT,CC,CC,CC,AG,NN,TT,TT,CC,AA,AA,CC,CT,GG,TT,CC,GT,AA,AA,TT,CC,GG,CC,AG,CC,GT,TT,AG,CT,CC,CC,CC,AA,TT,AC,AA,AC,CC,AA,TT,AG,AA,GG,CC,CC,GG,AG,NN,AA,CC,GT,CC,CC,AA,AA,AG,GT,GG,AA,TT,CT,GG,CC,TT,GG,TT,CC,AA,GT,TT,AA,AT,GG,CC,AA,TT,CC,CC,GG,CC,AT,GG,GG,CC,TT,CC,GG,TT,GG,AT,AA,AA,TT,CC,GG,AA,AC,CC,GG,GG,AA,CG,NN,CC,AG,CC,GG,AA,CC,AA,AA,GG,TT,TT,AT,GG,GT,NN,CC,TT,GT,AA,GG,AA,TT,AA,TT,CC,CT,AA,CC,TT,CG,GG,CC,AG,CC,TT,TT,GT,GG,TT,AA,AC,AG,GT,CC,CC,GG,CC,GG,AT,AA,CC,TT,GG,CC,CC,AA,GG,CC,AT,CC,AA,AA,AC,CG,CC,NN,AA,GG,AA,AA,AC,AC,AG,AA,AG,NN,TT,GG,AA,AG,AA,AA,CC,AA,AA,GG,AG,CG,GT,AA,AA,GT,TT,TT,AA,AT,GG,GG,AA,5.62,Susceptible,High,Standard,Late
L0533,Warangal,Telangana,Rabi,Black Cotton,Irrigated,410,26.5,60,AA,TT,GG,AA,GG,CC,GG,AT,CC,CG,AA,CC,CC,AT,GT,GG,GG,TT,TT,NN,CC,TT,GT,CC,TT,CC,TT,TT,GG,AA,TT,CT,AA,CC,GG,GG,GG,CC,GT,AC,TT,TT,AA,GT,AA,GG,TT,TT,CC,AA,GT,AA,AG,GG,CT,TT,AT,AC,TT,AA,AG,TT,AT,AG,TT,TT,CC,GG,TT,GT,AA,GG,CC,AA,GG,AA,AA,GG,TT,TT,GG,GG,GG,AC,AA,GG,AG,AA,CC,TT,CC,TT,CT,TT,TT,GG,CT,CC,TT,CC,CT,CC,AG,AA,TT,TT,CC,AA,AA,CC,CC,GG,TT,CC,TT,AA,AA,TT,CC,AG,CC,GG,CC,GG,TT,AA,CC,CC,CC,CC,NN,TT,CC,AA,CC,CC,AG,TT,AA,AT,GG,CC,NN,GG,AA,AG,AA,CC,GT,CC,CC,AG,AA,GG,GT,AG,AC,GT,CT,GG,AC,GT,NN,TT,CC,AT,GT,TT,AA,AT,CG,CC,AG,CC,CC,CC,CG,CC,AA,GG,AG,CC,TT,CC,GG,GT,CG,AT,AG,AA,TT,CC,GG,AA,AC,CC,GG,GG,NN,GG,TT,NN,AA,CC,GG,AA,AC,AA,TT,GT,TT,TT,AA,CG,GT,AA,CC,TT,GT,AA,GG,AA,TT,AA,TT,CC,CC,AC,CC,CT,CG,AG,CC,AG,AC,TT,TT,TT,GG,TT,NN,CC,AG,GG,CC,CG,GG,CG,GG,AT,AA,NN,GT,GG,CC,CC,AA,AG,CC,AA,CC,AA,AA,AC,NN,AC,TT,AA,GG,AA,AC,AC,AA,AA,AG,AG,AA,TT,GG,AC,AA,CC,AA,TT,AA,AA,CG,GG,GG,TT,AA,AA,TT,TT,TT,AA,TT,GG,GG,AA,6.68,Susceptible,Low,Standard,Late
L0534,Warangal,Telangana,Rabi,Black Cotton,Irrigated,410,26.5,60,AA,TT,GG,AA,GG,CC,GT,AT,CC,CG,AT,CC,CG,TT,TT,GT,GG,TT,TT,AA,CC,GT,TT,CT,TT,CC,TT,AT,GG,NN,TT,CT,AA,CC,GG,CG,GG,CC,GG,CC,TT,TT,AA,TT,NN,GG,TT,AT,CC,CC,GT,AA,AA,GG,CC,TT,AA,CC,TT,AA,AA,TT,TT,GG,CT,TT,CC,GG,TT,GT,AG,GG,CC,AA,GG,AC,AT,GG,TT,TT,GG,GT,GG,CC,AT,GG,AA,AA,CC,TT,CC,TT,CC,TT,GT,GG,TT,AC,TT,CC,CC,CC,AG,NN,TT,TT,CG,AA,AG,AC,CC,GG,TT,CC,GT,AA,CC,TT,CC,AA,CC,AG,CC,GT,TT,AA,CC,CC,CC,CC,AG,TT,CC,AA,CC,CT,AA,TT,AA,AA,GG,CC,CG,GG,AA,AG,AA,CC,GT,CC,CG,AA,AG,AG,GT,GG,CC,TT,CT,GG,CC,GT,GT,TT,CC,AT,GT,TT,AA,NN,GG,CC,AG,TT,CC,CC,CG,CC,AA,GG,AG,CC,TT,CG,GT,GT,GG,AA,AA,AA,TT,AC,CC,AA,CC,NN,GG,GG,AA,GG,TT,AA,AG,CC,GG,AA,AC,AT,AA,GT,NN,AA,AA,GG,GG,AA,CC,TT,GT,AA,GG,AA,CT,AA,TT,CC,TT,AA,CC,CC,CG,GG,CC,GG,CC,TT,TT,TT,GG,TT,AA,CC,NN,GG,CC,CC,GG,CC,GG,TT,AG,CC,GT,GG,CG,CC,AT,GG,CG,AA,CG,AT,AA,AC,GG,CC,TT,AA,GG,AA,AA,AC,AA,AG,AA,AG,AA,TT,CG,AC,GG,AC,AA,NN,AG,AA,GG,GG,GG,GT,AA,AA,TT,TT,AT,AG,TT,GG,GG,AA,6.79,Susceptible,High,Premium,Early
L0535,Warangal,Telangana,Rabi,Black Cotton,Irrigated,410,26.5,60,AC,TT,GG,AA,GG,CG,GT,TT,CC,CG,AA,CT,CC,AT,GT,GT,CG,TT,TT,AA,CG,TT,GT,CC,TT,CC,TT,TT,GG,AA,TT,CC,AA,CC,GG,CG,GG,CC,GG,CC,TT,TT,AA,TT,AG,GG,TT,AT,CC,AC,GG,AA,AA,GG,CT,TT,AT,AA,GT,AA,AA,TT,AT,AA,CT,TT,CC,GG,TT,GT,AG,GG,AC,AA,GG,AA,AA,GG,TT,TT,GG,NN,GG,CC,AA,GG,AA,AA,CG,GT,CC,GT,CT,TT,TT,GG,CT,CC,GT,CC,CC,CC,NN,AA,TT,TT,CG,AA,AA,AA,CT,GG,TT,CC,GT,AA,AA,TT,CC,GG,CC,GG,CC,GG,CT,AA,CC,CC,CC,CC,AA,TT,CC,AA,CC,CC,AA,AT,AA,AA,GG,CC,CC,GG,AA,AA,AA,CC,GG,CC,CC,AA,AA,GG,TT,GG,AA,TT,CT,GG,NN,TT,GT,TT,CC,AT,TT,TT,AT,TT,GG,CC,AA,CT,CC,CC,GG,CC,AA,GG,AA,CC,GT,CC,TT,TT,GG,AT,AA,AA,TT,CC,GG,AA,CC,CC,GG,GG,AC,CG,TT,AC,AA,CC,GG,AA,CC,AA,AA,GG,TT,TT,AA,CC,GG,AA,CC,NN,GT,AA,GG,AA,CC,AA,TT,CC,CT,AC,CC,CT,CG,AA,CG,AA,CC,TT,TT,TT,CG,AT,AA,CC,AA,GG,CC,CG,GG,CG,GG,AT,AA,CC,GT,AG,CC,CG,AA,GG,CG,AT,CC,AA,AA,AC,CC,CC,AT,AG,CG,AA,AA,AA,AA,GG,AG,AA,AA,AT,CG,AA,AA,AC,AA,TT,AA,AA,CG,AG,GG,TT,AA,AA,TT,TT,TT,AG,AT,GG,CG,AA,8.53,Moderate,Low,Standard,Medium
L0536,Warangal,Telangana,Rabi,Black Cotton,Irrigated,410,26.5,60,AA,TT,AA,AG,CG,CC,GG,TT,CC,CC,AA,CC,CG,AT,TT,GG,GG,TT,TT,AA,CC,TT,TT,CT,TT,CC,TT,TT,GT,AA,TT,CC,AA,CC,AG,CG,NN,GG,GG,CC,TT,TT,AC,TT,AA,AG,TT,NN,CC,CC,GG,AT,AA,GG,CT,TT,AA,AA,GG,NN,AA,GT,AT,AA,TT,TT,CT,GG,TT,GG,AG,GT,CC,AA,GG,AC,AT,GG,TT,TT,GG,GT,GG,CC,AA,GG,AA,AA,CG,TT,CC,TT,CC,AA,TT,GG,CT,CC,GT,CT,CC,CC,AG,AA,AT,TT,CC,AA,AA,AA,CC,GG,TT,CC,TT,AC,AA,NN,CC,GG,CG,AG,CC,GG,CC,AA,CC,CC,CC,CC,AA,GT,AC,AA,CC,CC,AA,TT,AA,AA,GG,CT,CC,GG,AA,GG,AA,AC,GT,CC,CC,AA,AA,GG,TT,GG,CC,TT,CT,AG,CC,GT,GT,TT,CC,AA,TT,TT,AA,TT,GG,CC,AG,CC,AC,CC,CG,CC,AA,AG,AA,CC,TT,CC,GG,TT,CG,AT,AA,AG,TT,CC,CG,AA,CC,CC,CG,GG,CC,GG,TT,AA,AA,CC,GG,AA,AC,AA,AA,NN,TT,TT,AA,GG,GT,AA,CC,AT,TT,AA,GG,AA,TT,AA,TT,CC,TT,AA,CC,CT,GG,AA,CG,GG,CC,TT,TT,TT,GG,AT,AC,AC,AG,GT,CC,CC,GG,CC,NN,AT,AA,CC,TT,GG,GG,CG,AA,AG,CG,AT,CC,AA,AG,CC,CC,AA,AT,AA,GG,AA,AA,AC,AA,GG,GG,AA,AA,AT,GG,AA,AA,CC,AC,CT,AG,AA,GG,GG,GG,TT,NN,AA,GT,TT,TT,AG,AT,GG,NN,AA,9.35,Susceptible,Low,Premium,Early
L0537,Warangal,Telangana,Rabi,Black Cotton,Irrigated,410,26.5,60,AC,TT,GG,GG,GG,CC,GG,AT,CC,GG,AT,CC,CC,AT,GT,GT,GG,TT,TT,AA,CC,GT,TT,NN,TT,CC,GT,TT,GG,AA,TT,CT,AA,AC,AG,GG,GG,CG,GG,CC,TT,CC,AA,GT,AA,GG,TT,TT,CC,AC,GT,AA,AA,GG,CC,TT,AA,AA,GG,AC,AA,GT,AT,AG,TT,TT,NN,GG,TT,GG,GG,GT,AC,AA,GG,AA,AA,GG,TT,TT,GG,GG,GG,CC,AT,GG,AG,AA,CC,GG,AC,TT,CT,TT,GT,GG,TT,AC,GT,CC,CT,CC,GG,AA,TT,GT,CC,AA,AG,AA,CT,GG,GT,CG,TT,AA,NN,TT,CC,GG,CC,GG,CC,TT,CT,AA,CC,CC,CC,CC,AA,TT,CC,AA,CC,CC,AA,TT,AA,AA,GG,CC,CC,GG,AA,AG,AA,CC,GG,CC,CC,AA,AA,GG,TT,GG,CC,TT,CC,GG,CC,TT,TT,TT,CC,AA,GT,TT,AA,AT,GG,CC,AA,CC,CC,CC,GG,CC,AA,GG,AG,CC,TT,CG,GG,TT,CG,AT,AG,AG,TT,CC,GG,AC,CC,CC,GG,GG,AC,GG,TT,AC,AG,CC,GT,AA,NN,AA,AT,GG,TT,TT,AA,GG,GG,AT,NN,AA,TT,AA,GG,AA,NN,AA,TT,CC,CT,AA,CC,TT,CC,GG,CG,AG,CC,AT,TT,GT,GG,TT,AC,AC,AA,NN,CC,CC,GG,CC,GT,AA,AA,CC,GG,GG,CC,CC,AT,AG,CC,TT,CC,AT,AA,CC,CC,AC,TT,AA,GG,AA,NN,AC,AA,GG,AA,NN,AA,TT,GG,AA,AG,AA,AA,CC,AA,AG,GG,GG,GG,TT,AA,AA,TT,TT,TT,GG,AT,NN,GG,AA,7.23,Susceptible,Low,Standard,Late
L0538,Warangal,Telangana,Rabi,Black Cotton,Irrigated,410,26.5,60,AA,TT,AG,AG,GG,CC,GT,TT,CC,CC,AA,CC,CG,TT,TT,GT,CG,TT,TT,AA,CG,GG,GT,CC,TT,CT,TT,TT,GG,AA,TT,TT,AA,CC,AG,GG,GG,CC,GG,AC,TT,CT,AA,TT,AA,GG,CT,TT,CG,AA,GG,AT,AA,GG,CT,GT,AA,AC,GT,AA,AA,TT,TT,GG,TT,TT,CC,GG,TT,GG,AA,GG,CC,AA,AG,AC,AT,GG,TT,TT,GG,GT,GT,NN,AA,GG,AA,AA,CC,TT,CC,TT,CT,TT,GT,GG,CT,CC,GT,CC,TT,CC,AA,AA,TT,TT,CC,AG,GG,AA,CC,GG,TT,CC,TT,CC,AA,AT,CC,AG,CC,GG,TT,GG,TT,AA,CT,CC,AC,CC,AA,TT,CC,AA,CC,CT,AA,TT,AA,AA,CG,CC,CC,GG,AA,GG,AA,CC,GT,CC,CC,AG,AA,GG,GT,GG,AC,TT,NN,AA,AC,TT,TT,TT,CG,AT,TT,TT,AA,TT,GG,CC,AG,CC,CC,CC,CG,AC,AA,GG,AA,CC,TT,CG,GG,TT,GG,TT,AG,AA,TT,CC,GG,AA,NN,CC,GG,GG,AC,GG,TT,AA,AA,NN,GG,AA,AC,AA,AT,GG,TT,TT,AT,CG,GG,AA,CC,TT,TT,AA,GG,AG,TT,AC,TT,CC,TT,AA,CC,TT,CG,AG,CC,GG,CC,TT,CT,TT,GG,TT,AA,AC,AA,GG,CC,CC,GG,CG,GG,AT,AA,CC,TT,GG,CC,CC,AA,GG,CG,AA,CC,AA,AA,NN,CC,AC,TT,AA,GG,AA,AC,AC,AA,AA,AG,AA,AA,TT,GG,CC,AG,CC,CC,CT,AA,AA,NN,AG,GG,TT,AT,AA,TT,TT,TT,AA,AA,GG,GG,AA,6.39,Susceptible,Low,Standard,Late
L0539,Warangal,Telangana,Rabi,Black Cotton,Irrigated,410,26.5,60,CC,TT,AG,AG,GG,CC,GG,AT,CC,CG,AA,CC,CC,TT,TT,GT,CG,TT,TT,AA,CC,TT,GT,CC,AT,CC,GT,TT,GG,AC,TT,CC,AA,CC,GG,CG,GG,CC,GG,CC,TT,CT,AC,TT,AG,AG,CT,TT,NN,CC,GT,AT,GG,GG,CC,TT,AA,AA,GT,AA,AA,GT,AA,AG,TT,TT,CC,GG,CT,GG,NN,GT,CC,AA,GG,AC,AA,AA,TT,TT,GG,GT,GG,CC,AA,GG,AA,AT,CC,TT,AC,TT,CC,TT,TT,GG,NN,CC,TT,CC,CC,CG,AG,AA,TT,TT,CG,AA,AA,AA,CC,GG,TT,CC,GT,AC,AA,TT,CC,AG,CC,AG,CC,NN,TT,AG,CC,CC,CC,CC,AA,TT,CC,AA,CC,CC,AA,TT,AG,AT,GG,CT,CC,GG,NN,AA,AA,AC,GT,CC,CC,AA,AA,AG,TT,GG,AA,TT,CT,AG,AC,TT,GT,CT,CC,AA,GT,CT,AA,AT,GG,CC,AG,CC,CC,CC,CG,CC,AT,GG,AA,CC,TT,CG,GG,GT,GG,TT,AA,AA,TT,AC,GG,AA,AC,CC,GG,GG,AA,GG,TT,AA,AA,CC,GG,AT,CC,AA,AT,GG,TT,TT,AT,CG,GG,AA,CG,TT,GT,AA,GG,AA,TT,AA,TT,CC,TT,AC,AC,TT,GG,AG,CG,GG,CC,AT,TT,GT,GG,TT,CC,AA,AG,GG,CC,CC,GG,CC,GG,AT,GG,CC,GT,GG,CC,CC,AA,GG,CC,AA,CC,AA,AA,CC,CG,CC,TT,AA,GG,AA,AA,AA,AC,GG,AA,AA,AA,AT,GG,AC,GG,CC,AA,TT,AA,AA,GG,GG,GG,TT,AA,AA,TT,TT,TT,AG,TT,GG,GG,NN,6.04,Susceptible,Low,Standard,Medium
L0540,Warangal,Telangana,Rabi,Black Cotton,Irrigated,410,26.5,60,AC,TT,GG,AG,GG,CC,GT,TT,CC,CG,AT,CT,CC,TT,GG,GG,CG,TT,TT,AA,CC,GT,TT,CC,TT,CC,GT,TT,GT,AA,TT,CC,AA,CC,GG,CG,GG,CC,GG,CC,TT,CC,AC,GT,AG,GG,TT,AA,CC,AA,GG,AT,AA,GG,CT,TT,AA,AA,GT,AC,AA,TT,TT,AA,TT,TT,CC,GG,CT,GG,AA,GG,CC,AA,GG,AC,AA,GG,GG,TT,AG,GG,GG,CC,AA,GG,AA,AA,CC,GT,AC,NN,CC,NN,TT,GG,CT,CC,TT,CC,CC,CC,AG,AA,NN,TT,CG,AA,GG,AC,CC,GG,TT,CC,TT,AA,AA,TT,CC,AG,CG,AG,CC,GG,TT,AA,NN,CC,CC,CC,AA,TT,CC,AA,CC,CC,AA,TT,AA,AA,GG,CC,CC,GG,AA,AA,AA,AC,GG,CC,CC,AG,AA,AG,GT,GG,AA,TT,CT,GG,CC,GT,TT,TT,CC,AA,TT,CT,AA,AT,GG,CC,AA,CC,CC,CC,CG,CC,AA,GG,AG,CC,TT,CC,GG,TT,GG,AT,AA,AA,TT,CC,GG,AA,CC,CC,GG,GG,AC,GG,TT,AC,AA,CC,GT,AT,CC,AT,AA,GG,TT,AT,AT,GG,GT,AA,CC,TT,GT,AA,GG,AA,TT,AA,NN,CC,CT,AA,AC,TT,GG,AG,CC,AG,CC,NN,TT,GT,GG,AT,AC,AC,AG,GG,CC,CC,GG,CC,GG,TT,AA,CC,TT,GG,CG,CC,AA,GG,CC,AT,CG,AA,AA,AC,CC,CC,TT,AA,GG,AA,AC,AC,AA,AG,AG,AA,AA,AT,GG,AA,AG,AA,AC,CT,AA,AG,GG,GG,GG,TT,AA,AG,TT,TT,TT,AA,AT,GG,GG,AA,6.23,Susceptible,Medium,Premium,Early
L0541,Warangal,Telangana,Rabi,Black Cotton,Irrigated,410,26.5,60,AC,TT,GG,AG,GG,NN,GG,TT,CC,CG,AT,CC,CC,AT,TT,GG,CG,TT,TT,AA,CC,TT,GT,CT,TT,CC,TT,TT,GG,AA,TT,CC,AA,CC,GG,GG,GG,CC,GT,CC,TT,TT,AA,GT,AA,GG,TT,TT,CC,CC,GG,AA,AA,GG,CT,TT,AA,AA,GT,AA,AA,TT,TT,GG,TT,TT,CC,GG,TT,GG,AG,GG,CC,AA,GG,AA,AT,GG,TT,TT,GG,GG,GT,CC,AT,GG,AA,AA,CG,TT,CC,TT,CT,AT,TT,AG,TT,CC,GT,CC,CC,CC,GG,AA,TT,TT,CC,AA,GG,AA,CT,GG,TT,CG,GT,NN,AA,TT,CC,GG,CG,GG,CT,GG,TT,AG,CT,CC,AC,CC,AA,TT,CC,AA,CC,CC,AA,TT,AA,AA,CG,CC,CC,GG,AA,AG,AA,CC,GT,CG,CC,AA,AG,GG,GT,GG,NN,GT,TT,GG,AC,GT,TT,TT,CG,AA,GT,TT,AA,TT,GG,CC,AA,CT,CC,CC,GG,CC,AA,GG,AA,CC,NN,CG,GG,TT,CG,AA,AA,AA,TT,CC,GG,AA,CC,CC,GG,GG,CC,GG,TT,AA,AA,CC,GG,AA,CC,AA,AA,GG,TT,TT,AA,CG,GT,AA,GG,AT,TT,AA,GG,AA,CT,AA,TT,NN,TT,AA,CC,TT,GG,AG,CC,AA,CC,TT,TT,GT,GG,TT,AA,CC,GG,GG,CG,CC,GG,CC,GG,TT,AA,CC,GG,GG,CC,CC,AT,AG,CC,AA,CC,AA,AA,CC,GG,CC,TT,AA,GG,AA,AA,AC,AA,AA,AA,AG,AG,TT,GG,AA,AG,CC,AA,CT,GG,AA,CG,GG,GG,GT,AT,AG,TT,TT,TT,AG,TT,GG,GG,AA,8.14,Moderate,High,Standard,Early
L0542,Warangal,Telangana,Rabi,Black Cotton,Irrigated,410,26.5,60,AA,CT,GG,AA,NN,CC,GT,TT,CC,CG,AA,CC,GG,AT,GT,GG,CG,TT,TT,AA,CC,GT,GT,CC,TT,CC,GT,TT,GT,AA,TT,CC,AA,CC,GG,GG,GT,CC,GG,CC,TT,CC,AA,GT,AA,GG,TT,TT,CC,AC,GG,AA,AA,CG,CT,TT,AA,AC,TT,AA,AA,TT,AT,AG,CT,AT,CC,GG,TT,GG,AA,GG,CC,AA,GG,AC,AT,GG,TT,TT,GG,GT,GT,CC,AA,GG,AA,AA,CC,GT,CC,TT,TT,TT,TT,AG,TT,NN,GT,CC,CC,CG,AG,AA,TT,TT,CC,AA,AG,AA,CT,GG,TT,CC,GT,CC,AA,TT,CG,AG,CC,GG,CC,GG,TT,AA,CC,CC,CC,CC,AG,TT,AC,AA,CC,NN,AA,TT,AA,AT,GG,CC,CC,GG,AA,AG,AA,CC,GG,CC,CC,AA,AG,GG,TT,AG,AC,TT,CT,AG,AC,GT,TT,CT,CC,AA,GT,TT,AA,TT,GG,CC,AG,CT,CC,CC,CG,CC,AT,GG,GG,CC,TT,CC,GT,TT,GG,AT,AA,AA,GT,CC,GG,AA,CC,CC,GG,GG,AA,GG,TT,AC,AG,CC,GG,AA,AC,AA,AT,GG,TT,AT,AA,CG,GT,AT,CC,TT,TT,AA,GG,AA,TT,AA,TT,CC,TT,AC,CC,TT,GG,AG,CC,GG,CC,TT,TT,GG,GG,TT,AA,AC,AG,GG,CC,CC,GG,CC,GG,AA,AA,CC,TT,GG,CC,NN,AA,GG,CC,TT,CC,AA,AA,CC,CC,AC,TT,AA,CG,AA,AC,NN,AA,AG,GG,AG,AA,TT,GG,AA,AG,AC,AC,CC,AA,AG,GG,GG,GG,GG,AT,AA,TT,TT,TT,GG,TT,GG,GG,AA,6.49,Susceptible,Medium,Standard,Late
L0543,Warangal,Telangana,Rabi,Black Cotton,Irrigated,410,26.5,60,AA,TT,AG,AA,GG,CC,GG,AT,CC,CG,AA,CC,CG,TT,TT,GG,CG,TT,AT,AA,CC,GT,GG,CC,TT,CC,GG,AT,TT,AA,CT,CC,AA,CC,GG,GG,GG,CC,GG,CC,TT,CC,AA,TT,AA,GG,CT,TT,CC,AC,GG,AA,AA,GG,CT,TT,AA,NN,GG,AA,AA,TT,AA,AA,TT,TT,CC,GG,TT,GG,AA,GG,CC,AA,AG,AA,TT,GG,TT,TT,GG,GG,GG,CC,AA,GG,AA,AA,CC,GT,CC,GT,CC,TT,GT,GG,CT,CC,TT,CC,CC,CG,AG,AA,TT,TT,CG,AA,AG,AC,CC,GG,TT,CG,GT,AA,AA,TT,GG,AG,CC,GG,CC,GT,CT,AG,CC,CC,CC,CC,AG,TT,CC,AA,CC,CC,AA,TT,AA,AA,GG,CC,CC,GG,AG,AA,AT,CC,GG,CC,CC,AG,AA,AG,GT,GG,AC,TT,TT,GG,CC,TT,TT,TT,CG,AT,GT,TT,AT,TT,NN,CC,AG,CT,CC,CC,GG,CC,AA,GG,AG,CC,TT,CC,GT,TT,CG,AA,AA,AA,GT,CC,GG,AA,CC,CC,CG,NN,CC,GG,TT,CC,AG,CC,GG,AA,CC,AA,AA,GT,GT,TT,AT,GG,GG,AA,CC,TT,GT,AA,GG,AA,CT,AA,TT,CC,TT,AA,CC,TT,GG,AG,CC,AG,CC,TT,TT,TT,GG,TT,AA,NN,AG,GG,CC,CG,GG,CC,GG,TT,AA,CC,TT,GG,CC,CC,AA,AG,CC,AA,CG,AA,AA,AC,CC,AC,TT,AA,CG,AA,AC,AA,AA,AG,AA,GG,AA,TT,GG,AA,AG,CC,AA,TT,AA,AA,GG,GG,CG,TT,AA,AA,TT,TT,TT,AG,AA,GG,GG,AA,4.87,Moderate,Low,Premium,Medium
L0544,Warangal,Telangana,Rabi,Black Cotton,Irrigated,410,26.5,60,AA,TT,GG,AG,GG,CC,GT,AT,CC,CG,AT,CC,CG,AT,TT,GG,GG,TT,TT,AA,CC,GT,GT,CC,TT,CC,GT,TT,GG,AA,TT,CT,AA,AC,GG,CG,GG,CC,GG,CC,TT,CT,AA,TT,AA,AG,TT,TT,CC,AC,GT,AA,AA,GG,CT,TT,AA,AC,GT,AC,AG,TT,NN,AG,TT,TT,CC,GG,TT,GT,AG,GG,CC,AA,GG,AC,AT,GG,TT,TT,GG,GG,NN,CC,AT,GG,AA,AA,CC,GG,AC,TT,CC,AT,TT,GG,CT,CC,TT,CC,CC,CC,AG,AA,AT,TT,CG,AA,AG,AC,CC,GG,GT,CG,TT,AA,AA,NN,CG,GG,CC,GG,CC,GG,CT,AG,CC,CC,CC,CC,AG,TT,CC,AA,CC,CC,AA,TT,AA,AA,CC,CT,CC,GG,AA,AG,AA,CC,GG,CC,CC,AA,AG,AG,TT,GG,AA,GT,CC,GG,CC,TT,GT,CT,CC,AA,TT,CT,AT,TT,GG,CC,AA,CT,CC,CC,CG,CC,AT,GG,AG,CC,TT,CC,GT,TT,GG,AT,AA,AA,TT,CC,CG,AA,CC,CC,GG,AG,AC,GG,NN,AA,AA,CC,GG,AA,AC,AA,AT,GG,TT,TT,AA,GG,GG,AA,CG,TT,TT,AA,GG,AA,TT,AA,TT,CC,TT,AA,CC,TT,GG,AA,GG,GG,AC,TT,CT,GT,GG,TT,AC,AC,AA,NN,CC,CG,GG,CC,GT,AT,AA,CG,TT,GG,CG,CG,AA,AG,CG,AT,CC,AA,AA,AC,CG,AC,TT,AA,GG,AA,AA,AA,AA,AG,GG,AA,AA,AT,GG,AA,AA,AC,AA,CT,AA,AA,GG,GG,GG,TT,AT,AA,TT,TT,TT,AA,AT,GG,GG,AA,6.48,Susceptible,Low,Standard,Early
L0545,Warangal,Telangana,Rabi,Black Cotton,Irrigated,410,26.5,60,AC,TT,GG,AG,GG,CC,GG,AT,CC,CC,AA,CC,CC,TT,GT,GG,GG,TT,TT,AG,CC,GT,TT,CT,NN,CC,TT,TT,GG,AA,TT,CC,AA,CC,GG,GG,GG,GG,GG,CC,TT,CT,AC,TT,AG,GG,CT,TT,CC,AA,NN,AT,AA,GG,CC,TT,AA,AA,GG,AC,AG,GT,AT,AA,TT,AT,CC,GG,TT,TT,GG,GG,CC,AA,GG,AC,AT,GG,TT,TT,GG,GG,GG,CC,AA,GG,AA,AT,CC,GT,AC,GT,CT,TT,GT,GG,CT,AA,TT,CC,CC,CG,GG,AG,TT,TT,CC,AA,AA,AA,CC,GG,TT,CG,GT,AA,AA,TT,CG,GG,CC,AG,CC,GT,TT,AA,CC,NN,CC,CC,AA,TT,AC,AA,CC,CC,AA,TT,AG,AA,GG,CC,CC,GG,AA,AA,AA,CC,GT,CC,CC,AA,AA,NN,TT,GG,AC,TT,TT,GG,AA,GG,GG,TT,CG,AA,TT,TT,AA,TT,GG,CC,AA,CT,AC,CC,CG,CC,AA,GG,GG,CC,NN,CC,GT,TT,CG,TT,AA,AG,TT,CC,GG,AC,CC,CC,GG,GG,AC,GG,TT,AA,AA,CC,GG,AT,CC,AA,AA,TT,TT,TT,AA,GG,GT,TT,CG,AT,TT,AA,GG,AA,TT,AA,TT,CC,TT,AC,CC,CT,CG,AG,CC,GG,CC,TT,TT,GT,GG,TT,AA,AA,AG,GG,CC,CG,GG,CC,GG,AT,AG,CC,GT,GG,CG,CG,AA,GG,CC,TT,CC,AA,AA,AC,CC,CC,TT,AA,GG,AA,AA,CC,AC,AG,AA,AG,AA,AT,GG,AA,AG,AC,AA,CT,NN,AA,CG,AG,GG,GT,AA,AA,TT,NN,TT,AG,AT,GG,GG,AA,6.65,Susceptible,Medium,Poor,Late
L0546,Warangal,Telangana,Rabi,Black Cotton,Irrigated,410,26.5,60,AA,CT,AG,AA,GG,CC,GG,TT,CC,CG,AA,CC,CC,TT,TT,GG,GG,TT,TT,AA,CC,GT,GT,NN,TT,CC,TT,TT,GG,AC,TT,CT,AG,AC,GG,GG,GG,CG,GG,CC,TT,CT,AA,TT,AA,AG,TT,TT,CC,AC,GG,AA,AA,GG,CC,TT,AA,AA,GT,AA,AA,GT,AT,AA,TT,NN,CC,GG,CT,GT,AA,GG,CC,AA,NN,AA,AT,GG,GT,TT,GG,GG,GG,CC,AT,GG,AA,AA,CC,GT,CC,TT,CC,TT,GT,GG,TT,CC,GT,CC,CC,CC,AG,AA,TT,TT,CC,AG,AA,AA,CC,GG,TT,CC,GT,AC,AA,TT,CC,AA,CC,GG,CC,GG,TT,AG,CC,CC,CC,CG,AA,TT,AC,AA,CC,CC,AA,TT,AA,AA,GG,CC,CC,GG,AA,AG,AA,CC,GT,CC,CC,AG,AG,GG,TT,AG,AA,GT,TT,GG,CC,GT,GT,TT,CG,AA,TT,TT,AA,TT,NN,CC,AA,CC,CC,CC,NN,AC,AA,GG,AG,CC,TT,CC,GG,TT,CG,AT,AA,NN,TT,CC,GG,AA,AA,CC,GG,GG,CC,CG,TT,AC,AA,CG,GG,AA,CC,AA,AT,GG,TT,AT,AA,GG,GG,AT,CC,AT,GT,AA,GG,AA,TT,AC,TT,CC,CC,AC,AC,CT,CG,AA,CC,AG,AC,TT,TT,GT,GG,TT,NN,AC,AG,GG,CC,CG,GG,CC,GG,AT,AA,CC,TT,GG,CC,CG,AA,GG,CC,AA,CC,AT,AA,CC,CG,AC,TT,AA,GG,AA,AA,AC,AA,AG,AA,AA,AG,AT,GG,AA,AA,AC,AA,CT,AA,AG,GG,GG,GG,TT,AT,AA,GT,TT,AT,AA,TT,GG,GG,AA,6.53,Susceptible,Medium,Premium,Early
L0547,Warangal,Telangana,Rabi,Black Cotton,Irrigated,410,26.5,60,AA,TT,AG,AA,GG,CC,TT,TT,CC,CC,NN,CC,CC,AT,NN,GG,GG,TT,TT,AA,CC,TT,TT,CC,AT,CC,TT,AT,GG,AA,TT,CC,AA,NN,GG,GG,GG,CC,GG,AC,TT,TT,AA,TT,AA,AG,TT,TT,CC,AC,GG,AT,AG,GG,CC,GT,AA,NN,GT,AA,AG,TT,AT,AG,TT,TT,CC,GG,TT,GT,AA,GT,CC,NN,GG,AC,NN,GG,TT,TT,GG,GG,GT,CC,AA,GG,AA,AA,CC,GT,AC,TT,CC,TT,GT,GG,CT,NN,TT,CC,CC,CG,GG,AA,NN,TT,CC,AA,AA,AA,CC,GG,TT,CG,GT,AC,AA,TT,CG,AG,CG,GG,CC,GG,CT,AG,CT,CC,CC,CC,AA,TT,CC,AA,CC,CC,AA,TT,AA,AT,GG,CC,CC,GG,AA,AA,AA,CC,GT,CC,CG,AA,AG,GG,TT,GG,AA,NN,TT,GG,CC,GT,TT,TT,NN,AT,TT,TT,AA,TT,GG,CC,AA,CC,CC,CC,CG,CC,AA,GG,AG,CC,TT,CC,GG,GT,CC,AT,AA,AA,TT,AC,CG,AA,CC,CC,GG,GG,AA,GG,TT,AA,AA,CC,GG,AA,CC,AA,AT,GG,TT,TT,AT,GG,GT,AT,CC,AT,TT,AA,GG,AA,TT,AA,TT,CC,TT,AA,CC,TT,CG,AA,CC,AG,CC,TT,CT,TT,GG,AT,AC,CC,AA,GG,CC,CC,GG,CC,GG,TT,AG,CC,TT,GG,CC,CG,AA,AG,CC,AA,CC,AA,AA,AC,CG,AC,AT,AA,GG,AA,AA,AC,AA,AA,AG,AG,NN,TT,GG,AA,AA,CC,AA,CT,AA,AA,GG,GG,GG,TT,AA,AA,TT,TT,TT,AG,TT,GG,GG,AA,7.8,Susceptible,Low,Standard,Medium
L0548,Warangal,Telangana,Rabi,Black Cotton,Irrigated,410,26.5,60,AA,CT,GG,AA,GG,CC,TT,TT,CC,CG,AA,TT,CG,TT,GT,GG,GG,TT,TT,AA,CC,GT,TT,CC,TT,CC,TT,TT,GG,AA,TT,CC,AA,CC,GG,CG,GG,CG,GG,CC,TT,TT,AC,TT,AA,GG,TT,NN,CC,NN,GT,AA,AA,GG,CC,TT,AA,AC,TT,AC,AA,TT,AT,AG,TT,AT,CC,GG,TT,GG,AG,GG,CC,AA,AG,AC,TT,GG,GT,TT,GG,GT,GG,CC,AA,GG,AA,AT,CC,TT,AC,TT,CC,AT,GT,GG,CT,AC,GG,CC,CC,CG,AG,AA,TT,TT,CG,NN,AA,AA,CT,GG,TT,CC,TT,AA,AA,TT,CC,GG,CG,GG,CC,GT,TT,AA,CC,CC,CC,CG,AA,TT,CC,NN,CC,CC,AA,TT,AA,AA,CG,CT,CC,GG,AA,AA,AT,AC,GT,CC,CC,AA,AA,GG,GG,GG,AA,GT,TT,GG,CC,GT,TT,CT,CG,AT,NN,CT,AA,TT,CG,CC,AA,TT,CC,CC,CG,CC,AA,GG,GG,CC,TT,CC,GG,TT,CG,TT,AA,AA,GT,CC,GG,AC,AC,CG,GG,GG,CC,GG,TT,AA,AA,CC,GT,AA,AC,AA,AA,GG,TT,TT,AA,GG,GG,AA,CG,AT,TT,AA,GG,AA,TT,AC,TT,CC,TT,AC,AC,CT,GG,AG,CC,AG,CC,TT,NN,GT,GG,TT,NN,CC,AG,GG,CG,CG,GG,CC,GG,TT,AA,CC,TT,GG,CG,CC,AT,GG,CG,AA,CC,AA,AA,CC,CG,AC,TT,AA,GG,AA,AA,AC,AA,AA,AG,NN,AA,TT,GG,AC,AA,AA,AA,CT,AA,AA,GG,GG,GG,TT,AA,AA,TT,TT,TT,AG,AT,GG,GG,AA,4.94,Moderate,High,Premium,Late
L0549,Warangal,Telangana,Rabi,Black Cotton,Irrigated,410,26.5,60,AA,TT,GG,AA,GG,CC,GG,TT,CC,CG,AA,CC,CC,AA,TT,GG,GG,TT,TT,AA,CC,GT,TT,CC,TT,CC,TT,TT,GT,AA,TT,CC,AA,CC,GG,GG,GG,CC,GG,CC,TT,TT,AA,TT,AG,GG,TT,TT,CC,AC,GT,AA,AA,GG,CT,TT,AT,AA,GG,AC,AA,TT,AT,AG,TT,AT,CC,GG,TT,GT,AA,GG,CC,AA,GG,AC,AA,GG,TT,TT,GG,GT,GG,CC,AA,GG,AG,AA,CC,GT,CC,TT,CT,TT,TT,GG,TT,AC,GT,CC,CC,CC,AA,AA,TT,TT,CC,AA,AA,AA,CT,GG,TT,CC,TT,AC,AA,TT,CC,GG,CG,AG,CC,GG,CT,AA,CC,CC,CC,CC,AA,TT,CC,AA,CC,CC,AA,TT,AA,AA,GG,CC,CC,GG,AA,AA,AA,AC,GG,CC,CC,AA,AA,NN,TT,AG,AC,TT,CT,GG,AC,TT,GT,TT,CC,TT,TT,TT,AA,TT,GG,CG,GG,CT,CC,CC,CG,AC,AA,NN,AG,CC,TT,CC,GT,TT,GG,TT,AA,AA,TT,CC,CG,AA,CC,CC,GG,GG,AC,GG,TT,AA,AA,CC,GG,AA,AC,AA,TT,GG,GT,TT,AA,GG,GT,TT,CC,TT,TT,AA,GG,AA,TT,AC,NN,CG,CT,AA,CC,CT,GG,AG,CC,AG,CC,TT,TT,TT,GG,TT,AA,AC,AG,GG,CC,CG,CG,CC,GG,TT,AA,CC,TT,GG,CC,CC,AA,GG,CC,AA,CC,AA,AA,AC,CC,CC,TT,AA,GG,AA,AA,AC,AA,AG,AA,AG,AA,AT,GG,NN,AA,AA,AA,CT,AA,AA,GG,GG,GG,TT,AT,AA,GT,AT,TT,AG,TT,GG,GG,AA,5.94,Susceptible,Medium,Premium,Medium
L0550,Warangal,Telangana,Rabi,Black Cotton,Irrigated,410,26.5,60,AA,NN,AG,AG,GG,CC,GT,TT,CC,CG,AT,CC,CC,AT,TT,GT,GG,TT,TT,AA,CG,TT,GT,CC,TT,CC,NN,AT,GT,AA,TT,CC,AA,CC,GG,GG,GG,CG,GG,CC,TT,TT,AA,NN,AG,AG,TT,TT,CC,CC,GG,AA,GG,GG,CC,TT,AA,AA,TT,AC,AG,TT,TT,AA,CT,TT,CC,GG,TT,GG,AA,GG,CC,AA,GG,AC,AT,GG,TT,TT,GG,GG,GT,CC,AA,GG,AA,AA,CC,GT,CC,TT,CC,TT,TT,AG,TT,CC,GT,CC,CT,CC,AA,NN,TT,TT,CG,AA,AG,AA,CT,GG,GT,CC,TT,AC,AA,TT,CC,AG,CG,GG,CC,GT,TT,AA,CT,CC,CC,CC,AA,TT,AC,AA,CC,CC,AA,TT,AA,AA,GG,CC,CC,GG,AA,AG,AA,CC,GG,CC,CC,AA,AA,AG,GT,GG,AC,TT,TT,GG,CC,GT,TT,TT,CC,AA,GT,TT,AA,AT,CG,CC,AA,TT,NN,CC,NN,CC,AT,GG,AG,CC,TT,CG,GG,TT,CG,AA,AA,AA,TT,CC,GG,AC,CC,CC,GG,GG,AC,GG,TT,AA,AG,CC,GT,AA,CC,AA,AA,GG,TT,TT,AA,CC,GT,AT,CC,AT,GT,AA,GG,AA,TT,AA,TT,CC,TT,AA,CC,TT,CG,AG,NN,AA,AC,TT,CT,TT,GG,TT,AC,CC,AA,GG,CC,CG,GG,CC,GG,AT,AA,CC,TT,NN,CC,CG,AA,GG,CG,AA,CG,AA,AA,CC,CC,NN,TT,AA,GG,AA,AA,AA,AA,AG,AA,AG,AA,TT,CG,AC,AG,AC,AA,TT,AA,AA,GG,GG,GG,TT,AA,AA,TT,TT,TT,AA,TT,CG,GG,NN,7.45,Susceptible,High,Premium,Late
L0551,Warangal,Telangana,Rabi,Black Cotton,Irrigated,410,26.5,60,AA,TT,GG,AG,GG,CG,GG,TT,CC,CG,AA,CT,CG,AA,TT,GG,CG,TT,TT,AG,CC,GT,GT,CT,TT,CC,TT,TT,GG,AC,CT,CT,AA,CC,GG,GG,GG,CC,GG,CC,TT,TT,AA,GT,AA,AG,TT,AT,CC,AC,GG,AA,AA,GG,CC,GT,AA,AC,GT,AA,AA,TT,AT,AA,CT,TT,CC,GG,TT,GG,AA,GG,CC,AA,AG,AA,AA,GG,GT,TT,GG,GG,GG,CC,AT,GG,AA,AA,CC,GT,CC,TT,CC,TT,TT,GG,TT,CC,GT,CC,CC,CG,GG,AA,AT,TT,CC,AA,AA,AA,CT,GG,GT,CG,TT,AA,AA,TT,CG,AA,CC,GG,NN,GT,TT,AA,CC,CC,AC,CC,AA,TT,NN,AA,CC,CC,AA,TT,AA,AT,GG,CC,CG,GG,AG,AG,AA,CC,GT,CC,CG,AA,AG,GG,TT,AG,AC,TT,CC,GG,CC,TT,TT,TT,CC,AA,GT,TT,AA,TT,GG,CC,AA,CT,CC,CC,CG,CC,AA,AG,NN,CC,TT,CG,GT,GT,GG,TT,AA,AA,TT,CC,CC,AA,CC,CC,GG,GG,CC,GG,TT,AA,AA,CG,GG,AA,CC,AA,AA,GG,TT,TT,TT,GG,GT,AA,CC,TT,TT,AA,GG,AA,CT,AA,TT,CC,CT,AA,CC,CT,CG,AG,CG,GG,CC,TT,CC,GT,NN,TT,AA,AC,AA,GT,CG,CG,GG,CC,GT,AT,AA,CC,GT,AG,CC,CC,AA,AG,CC,AT,CC,AA,AA,CC,CC,NN,TT,AG,GG,AA,AA,AC,AA,GG,AG,AG,AA,TT,NN,NN,AA,AC,AA,TT,AA,AA,GG,GG,GG,GT,AA,AA,TT,TT,TT,AA,AT,CG,GG,AA,7.9,Susceptible,Medium,Poor,Medium
L0552,Warangal,Telangana,Rabi,Black Cotton,Irrigated,410,26.5,60,AA,TT,AG,AG,CG,CG,GG,TT,CC,CC,AA,CT,CG,AT,TT,GG,CG,TT,TT,AG,CC,GT,GT,CT,NN,CC,GT,TT,GG,AA,TT,CC,AA,CC,AG,GG,GG,CC,GG,CC,TT,CT,AA,TT,AG,AG,TT,TT,CC,AA,GG,AT,AA,GG,CC,TT,AA,CC,GG,NN,AG,TT,TT,AG,CT,TT,CC,GG,TT,GG,AA,GG,CC,AG,GG,AA,AA,GG,TT,TT,GG,GG,GG,CC,AT,GG,AA,AA,CC,TT,AC,TT,CC,AT,TT,GG,CT,CC,TT,CC,CC,CC,AG,AA,TT,TT,CG,AG,AG,AA,CT,GG,TT,CC,TT,AA,AA,TT,CC,AG,GG,AG,CC,GG,TT,AG,CC,CC,CC,CC,AA,TT,AC,AA,CC,NN,AA,TT,AG,AA,NN,CC,CC,GG,AA,AG,AA,CC,GG,CC,CC,AA,AA,GG,TT,GG,AC,NN,CT,AG,CC,TT,TT,TT,NN,AA,TT,TT,AA,TT,GG,CC,AG,CT,CC,CC,CG,AC,AA,GG,AG,CC,TT,CC,GG,TT,GG,TT,AA,AG,TT,AC,GG,AA,AC,CC,GG,GG,AC,GG,TT,AA,AG,CC,GG,AA,AC,AA,AT,GT,TT,TT,AA,CC,GT,AA,CC,TT,GT,AA,GG,AA,TT,AA,TT,CG,TT,AA,CC,TT,CG,AG,CC,AG,CC,TT,TT,GT,GG,TT,AC,CC,AG,GG,CC,CG,GG,CC,GG,AT,AA,CC,TT,GG,CC,CC,AT,GG,CC,AT,CC,AT,AA,CC,CG,AC,TT,AA,GG,AA,AA,AA,AA,AG,AA,AA,AA,AT,GG,AA,AA,AC,AC,CT,AA,AA,GG,GG,GG,TT,AA,AA,TT,TT,TT,GG,TT,GG,GG,AA,9.79,Susceptible,Medium,Poor,Medium
L0553,Warangal,Telangana,Rabi,Black Cotton,Irrigated,410,26.5,60,AC,CT,GG,AA,CG,CC,GG,TT,CC,CG,AA,CC,CC,TT,TT,GG,CG,TT,TT,AA,CC,GT,GT,CT,TT,CC,TT,TT,GG,AA,TT,CT,AA,AC,GG,GG,GG,CC,GG,CC,TT,TT,AA,TT,AG,AG,TT,AT,CC,AC,GG,AA,AA,GG,CT,TT,AA,AA,TT,CC,AA,TT,NN,AG,TT,AT,CC,GG,CT,GT,AG,GT,CC,AG,GG,AA,AT,GG,TT,TT,GG,GG,GG,CC,AA,GG,AA,AT,CC,GG,CC,TT,CT,TT,TT,AG,CT,CC,TT,CC,CC,CC,AA,AA,TT,TT,CC,AA,AG,AA,CT,GG,TT,CC,TT,AA,AA,TT,CG,AG,CC,GG,CC,GG,TT,AA,CC,CC,CC,CC,AA,TT,CC,AA,CC,CC,AA,TT,AA,AA,GG,CT,CC,GG,AA,AA,AA,CC,GG,CC,CC,AA,AG,GG,GT,GG,CC,NN,CT,AG,CC,GT,GT,TT,CG,AA,GT,TT,AT,AT,CG,CC,GG,CT,AC,CC,GG,AC,AA,GG,AG,NN,TT,NN,GG,TT,GG,AT,AA,AG,TT,CC,GG,AA,AC,NN,GG,AG,AC,GG,CT,AA,AG,CC,GT,TT,CC,AT,AT,GG,TT,AT,AA,GG,TT,TT,CC,TT,GT,AA,GG,AA,CT,AA,TT,CC,TT,AC,CC,TT,CG,AA,CC,AA,CC,TT,TT,TT,GG,TT,AA,AC,AA,GG,CC,CG,GG,CC,GG,TT,GG,CG,GT,GG,CC,CC,AT,GG,GG,AT,CC,AA,AA,CC,CG,AC,TT,AG,GG,AA,AA,AC,AC,AA,AG,AA,AA,AT,CG,CC,AA,CC,AA,CT,AA,AA,CG,GG,GG,GT,AA,AA,TT,TT,TT,AA,NN,GG,CG,AA,7.35,Moderate,High,Standard,Medium
L0554,Warangal,Telangana,Rabi,Black Cotton,Irrigated,410,26.5,60,NN,CT,GG,AA,GG,CC,GG,TT,CC,CC,AA,CT,CC,TT,TT,GG,CG,TT,TT,AA,CG,TT,GT,CC,TT,CC,GT,TT,GG,AA,TT,CC,AA,CC,AG,GG,GG,GG,GG,CC,TT,CT,AA,TT,AG,AG,TT,TT,CC,AA,GT,AA,AA,GG,CC,TT,AT,AC,GG,AC,GG,GT,TT,AG,TT,AT,NN,GG,CT,GG,AA,GG,CC,AA,GG,AA,AT,GG,TT,TT,GG,GT,GG,CC,AA,GG,AA,AT,CC,TT,CC,TT,CC,TT,GT,GG,TT,NN,GT,CC,CT,CG,AG,AA,TT,TT,CC,AA,AG,AA,CT,GT,TT,CC,GT,AA,AA,TT,CC,GG,CC,GG,CC,GG,TT,AA,CC,NN,CC,CC,AA,TT,CC,AA,CC,CT,AA,AT,AA,AA,CG,CC,CG,GG,AA,AG,AA,CC,GG,CG,CC,AG,AA,AG,TT,GG,AC,GT,TT,AG,AC,TT,GT,TT,CC,AT,TT,TT,AA,TT,NN,CC,AG,CT,CC,CC,CG,CC,AA,GG,AA,CC,TT,CG,GT,TT,GG,TT,NN,AA,TT,CC,CG,AC,AC,CC,GG,GG,CC,GG,TT,AC,AA,CC,GT,AA,AC,AA,NN,TT,GT,TT,AT,GG,GT,AA,CG,AT,TT,AA,GG,AA,CT,AA,TT,CC,CT,AC,CC,TT,GG,AG,CG,AG,CC,TT,CT,GT,GG,TT,CC,AA,AA,GT,CC,CC,GG,CC,GG,TT,AA,CC,TT,GG,CC,CG,AA,GG,CC,AT,CC,AA,AG,AC,CG,AC,TT,AA,GG,AA,AA,AC,AA,GG,AG,AA,AA,TT,GG,AA,GG,AC,AC,CT,AA,AA,GG,GG,GG,TT,AA,AA,GG,TT,TT,AA,AT,CG,CG,AA,7.01,Susceptible,Low,Standard,Medium
L0555,Warangal,Telangana,Rabi,Black Cotton,Irrigated,410,26.5,60,AA,TT,AG,AG,NN,CC,GG,AT,CC,CG,AA,CC,CC,TT,GT,GT,GG,TT,TT,AG,CC,GT,TT,CT,TT,CC,TT,TT,GG,AA,TT,CT,AA,CC,GG,GG,GG,CG,GG,CC,TT,TT,AA,TT,AA,AG,TT,AT,CC,AA,GT,AA,AA,GG,TT,GT,AA,CC,GT,AC,AA,GT,AT,AA,TT,TT,CC,GT,TT,GT,AA,GG,NN,AA,GG,AA,AT,GG,TT,TT,GG,GG,GG,CC,AA,GG,AA,AT,CC,GT,CC,GT,CC,TT,TT,GG,TT,AC,TT,CC,CC,CG,GG,AA,TT,TT,CC,AA,AG,AC,CT,GG,TT,CG,GT,AA,AA,TT,CC,GG,CC,GG,CT,GT,TT,AG,CC,CC,CC,CC,AA,TT,CC,AA,CC,CT,AA,TT,AA,AA,GG,CT,CC,AG,AA,GG,AA,CC,GG,CC,CC,AG,AG,GG,TT,GG,CC,TT,CT,GG,CC,GT,TT,TT,CG,NN,GT,TT,AA,AT,GG,CC,AA,CC,AC,CC,CG,CC,AA,GG,AG,CC,TT,CG,GT,GT,CG,TT,AA,AA,TT,AC,CG,AA,AA,CC,GG,GG,NN,GG,TT,AC,AG,CG,GG,AA,CC,AT,AA,GT,TT,AT,AA,GG,GT,AT,CC,AT,TT,AA,GG,AA,TT,AA,TT,CC,CC,AA,CC,TT,CC,AA,CC,GG,CC,TT,CT,TT,GG,TT,AA,CC,AG,GG,CC,CG,GG,CC,GG,TT,AA,CC,GT,GG,CC,NN,AA,GG,CC,AA,CC,AT,AA,CC,CG,CC,TT,AA,GG,AA,AA,AA,AA,AG,NN,AG,AA,AA,GG,AC,AA,AC,AA,TT,AA,AA,GG,GG,GG,GT,AT,AA,GT,TT,TT,AG,TT,GG,GG,AA,6.73,Susceptible,Low,Standard,Early
L0556,Warangal,Telangana,Rabi,Black Cotton,Irrigated,410,26.5,60,AC,CT,GG,AG,GG,CC,GG,TT,CC,CG,AA,CT,CG,AT,TT,GG,GG,TT,TT,AA,CC,TT,GT,CT,TT,CC,TT,TT,GT,AA,TT,CC,AA,CC,AG,GG,GG,CG,GG,CC,NN,TT,AA,TT,AA,AG,TT,TT,CG,CC,GT,AA,AA,GG,CC,TT,AA,AA,GT,AA,AA,TT,AT,AA,TT,AT,CC,GG,TT,GG,AA,GG,CC,AA,AG,AA,AA,GG,TT,TT,AG,GG,GG,CC,AA,GG,AA,AT,CC,TT,CC,TT,CT,AT,TT,GG,TT,CC,GT,CC,CT,CG,GG,NN,TT,TT,CC,AA,AA,AA,CT,GG,TT,CC,GT,AA,AC,TT,CC,AG,CC,GG,CC,GT,NN,AA,CC,CC,CC,CC,AA,NN,CC,AC,CC,CT,AA,TT,AA,AA,GG,CC,CC,GG,AG,GG,AA,CC,GT,CC,CC,AA,AA,GG,TT,GG,AC,TT,CT,GG,NN,TT,TT,TT,CG,AA,TT,CT,AA,TT,GG,CC,AG,CT,CC,AC,CG,AC,AA,AG,AA,CC,TT,CC,GG,TT,GG,AT,AA,AG,TT,CC,CG,AA,CC,CC,CG,GG,AA,GG,TT,AC,AA,CC,GG,AT,CC,AA,AA,GT,TT,TT,AA,GG,GT,AT,CG,TT,TT,AA,GG,AA,TT,AC,TT,CC,TT,AA,CC,TT,CG,GG,CC,AG,AC,TT,CC,GT,GG,TT,AC,CC,AA,GG,CC,CG,GG,CG,GG,AT,AG,CG,TT,GG,CC,CC,AT,GG,CG,AA,CG,AA,AA,AA,CC,AC,TT,AA,GG,AA,AC,AC,AA,GG,AG,AA,AA,TT,GG,NN,AG,CC,CC,NN,AG,AA,GG,GG,GG,TT,AA,AA,TT,TT,TT,AG,TT,GG,GG,AA,6.86,Moderate,Low,Poor,Late
L0557,Warangal,Telangana,Rabi,Black Cotton,Irrigated,410,26.5,60,AC,TT,GG,AA,GG,CC,GG,TT,CG,CG,AA,CC,CC,TT,TT,GT,GG,TT,TT,AA,CG,GG,GT,CC,TT,CC,GT,TT,GG,AA,TT,CC,AA,CC,GG,GG,GG,CG,GG,AC,TT,CT,AA,TT,AG,NN,TT,TT,CC,AC,GG,AA,AG,GG,CC,TT,AA,AC,GT,AA,AA,TT,AT,AA,TT,AA,CC,GG,TT,GT,AG,GG,CC,AA,GG,CC,AA,GG,TT,TT,GG,GT,GG,CC,AA,GG,AG,AA,CC,GT,AC,TT,CC,AT,GT,GG,TT,CC,TT,CC,CC,CC,GG,AA,TT,TT,GG,AA,GG,AA,CT,GG,TT,CC,TT,AC,AA,TT,CC,GG,CC,AG,CC,GG,NN,AA,CC,CC,AC,CC,AA,GT,CC,AA,CC,CT,AA,TT,AA,AA,GG,CC,CC,GG,AA,NN,AA,CC,GG,CC,CC,AG,AG,GG,GT,GG,AA,GT,CT,GG,AC,TT,TT,TT,CG,AT,GT,CT,AA,AT,CG,CC,AG,CC,AC,CC,GG,AC,AA,GG,AA,CC,TT,CC,GT,GT,GG,AA,AA,AA,TT,AC,NN,AA,CC,CC,GG,GG,AA,GG,TT,AA,AA,CC,GT,AT,AC,AA,AT,GT,TT,AT,AA,GG,GG,AT,CG,AT,TT,AA,GG,AA,TT,AA,TT,NN,TT,AC,CC,TT,CG,AG,CC,AG,CC,TT,TT,TT,GG,TT,AA,AC,AA,GG,CC,CC,GG,CC,GG,TT,AA,NN,GT,GG,CG,CG,AA,AG,CC,AA,CC,AA,AG,AC,CC,AC,TT,AA,GG,AA,AC,AC,AC,GG,AA,AA,NN,TT,GG,AC,AG,AC,AA,CT,AA,AA,CG,GG,GG,TT,NN,AA,TT,TT,TT,AA,AT,GG,GG,AA,6.1,Susceptible,Low,Poor,Late
L0558,Warangal,Telangana,Rabi,Black Cotton,Irrigated,410,26.5,60,AA,TT,GG,AA,GG,CC,GT,AT,CC,CC,AA,NN,CG,AT,TT,TT,GG,TT,TT,AG,CC,TT,GT,CT,TT,CC,TT,TT,GG,AA,TT,CC,AA,CC,GG,GG,GG,CG,GG,CC,TT,CT,AA,TT,AA,AA,TT,AT,CC,AA,GT,AA,AA,CG,CC,TT,AA,AA,GT,AA,AA,TT,TT,AA,TT,TT,CC,GT,NN,GG,GG,GG,CC,AA,GG,AA,AT,GG,TT,TT,GG,GT,GT,CC,AT,GG,AA,AA,CC,GT,CC,TT,CT,TT,TT,GG,TT,AC,GG,CC,CC,CG,AA,AG,TT,GT,CC,AA,AA,AA,CT,GG,GT,CG,GT,AC,AA,TT,CC,GG,CC,GG,CC,GG,TT,AG,CC,CC,AC,CC,AA,TT,CC,AA,CC,NN,AA,TT,AA,AA,GG,CC,CC,GG,AA,AG,AA,CC,GG,CC,CC,AA,AA,AG,GG,GG,AA,GG,CT,AG,AC,NN,GT,TT,CC,AA,GT,CT,AA,TT,GG,CC,AA,CT,CC,AC,CG,CC,AA,GG,AG,NN,NN,CC,GG,TT,GG,AT,AA,AA,GT,AC,GG,AA,CC,CC,GG,GG,AA,GG,TT,NN,AA,CC,GG,AA,AC,AT,AA,GG,TT,AT,AA,GG,TT,AA,CC,TT,GT,AA,GG,AA,TT,AA,TT,CC,CT,AA,CC,TT,CG,GG,CC,GG,CC,AT,CT,TT,GG,TT,AA,CC,AA,GG,CC,CC,GG,CC,GG,AT,AA,CC,GT,AG,CC,CC,AT,GG,CC,AA,CC,AT,AA,CC,CG,AC,TT,AA,GG,AA,CC,AC,AA,GG,AG,AA,AA,TT,GG,AA,AG,AC,AA,TT,AA,AG,GG,AG,GG,TT,AA,AG,TT,TT,TT,AG,TT,GG,GG,AA,6.72,Moderate,Medium,Poor,Early
L0559,Warangal,Telangana,Rabi,Black Cotton,Irrigated,410,26.5,60,AC,TT,GG,AG,GG,CC,GT,AT,CC,CC,AA,CC,CC,TT,TT,GG,GG,TT,TT,AA,CG,GT,GT,CC,TT,CT,TT,AT,GG,AA,TT,CC,AA,NN,GG,CG,GG,CG,GG,CC,TT,CT,AA,TT,AA,AG,TT,TT,CC,CC,GG,AA,AA,GG,CT,GT,AA,AC,TT,AC,AG,TT,TT,AG,TT,TT,CC,GG,TT,GG,AA,GG,CC,AA,GG,AC,AT,GG,TT,TT,GG,GG,GG,CC,AT,GG,AA,AT,CC,TT,AA,TT,CT,TT,TT,GG,TT,CC,TT,CT,CC,CG,GG,AA,TT,TT,CC,AA,GG,AA,CC,GG,GT,CC,GT,AA,AA,TT,CC,GG,CC,GG,CC,GG,CC,AA,CC,CC,CC,CC,AA,TT,CC,AA,CC,CC,AG,TT,AG,AA,GG,CC,CG,GG,AA,GG,AA,AC,GT,CC,CC,AA,AA,GG,TT,GG,AC,TT,TT,GG,CC,GT,GT,CT,CC,AT,GG,CT,AA,TT,GG,CC,GG,CT,AC,AC,GG,CC,AT,AG,AG,CC,TT,CC,GG,GT,CG,AA,AA,AA,TT,CC,CG,AA,CC,CC,GG,GG,CC,GG,TT,AA,AA,CC,GG,AA,AC,AA,AT,GG,GT,TT,AA,CG,GG,AA,CG,TT,GT,AA,GG,AA,TT,AA,TT,CC,TT,AA,CC,TT,CG,GG,CC,AA,CC,TT,TT,GT,GG,TT,AC,AC,AG,GG,CC,GG,GG,CC,GG,NN,AA,CC,GT,GG,CG,CG,AA,GG,CC,AT,CC,AA,AA,AC,CG,CC,TT,AG,GG,AA,AA,AA,AC,AG,AG,AA,AA,TT,CG,AC,AA,AC,AC,CT,AG,AA,GG,GG,GG,TT,AA,AA,GT,TT,TT,AA,TT,GG,GG,AA,8.24,Moderate,Low,Premium,Early
L0560,Warangal,Telangana,Rabi,Black Cotton,Irrigated,410,26.5,60,CC,TT,AG,AG,CG,CC,NN,AT,CC,CG,AA,CT,CG,TT,TT,GG,CG,TT,TT,AA,CC,TT,GT,CC,TT,CC,GT,TT,GG,AA,TT,CC,AA,CC,GG,CG,GG,CC,GG,AC,TT,CT,AA,GT,AG,GG,TT,TT,CC,CC,GG,AA,AA,GG,CC,GT,AA,AA,GT,AA,AA,GT,AT,AA,CT,TT,CC,GG,TT,GG,AG,GG,CC,AA,GG,AA,AA,GG,GT,TT,GG,GG,GT,CC,AA,GG,AA,AA,CC,TT,AC,TT,CC,AT,TT,AG,TT,CC,GT,CC,CC,CC,GG,AA,TT,GT,CC,AA,AG,AA,CC,GG,TT,CC,TT,AC,AA,TT,CG,AA,CC,GG,CC,GT,CT,AG,CC,CC,CC,CC,AA,TT,CC,AA,CC,CC,AA,TT,AA,AA,CG,CC,CC,GG,AG,AG,AA,CC,GG,CC,CC,AA,AG,AG,TT,GG,NN,TT,TT,GG,AA,TT,GT,TT,CG,AT,TT,TT,NN,AT,GG,CC,AG,CC,CC,CC,GG,CC,AA,GG,AA,CC,TT,GG,TT,TT,GG,TT,AA,AG,TT,AC,GG,AC,CC,CC,GG,GG,AC,GG,TT,AC,AA,CC,GG,AA,AC,AA,AT,GG,GT,AT,AA,GG,GG,AT,CC,AT,TT,AA,GG,AG,CT,AA,TT,NN,TT,AC,CC,CC,CG,AA,CC,AG,CC,AA,CT,TT,GG,TT,AA,AC,NN,GG,CC,CG,GG,CC,GG,AT,AA,CG,NN,GG,CC,CG,AA,NN,CG,AA,CC,AA,AA,AC,CG,CC,TT,AA,GG,AA,AC,AA,AA,GG,AG,AA,AA,TT,GG,AA,AG,AC,AC,CC,AA,AA,CG,GG,CG,TT,AA,AA,TT,TT,TT,AA,NN,GG,GG,AC,5.06,Resistant,Medium,Poor,Early
L0561,Warangal,Telangana,Rabi,Black Cotton,Irrigated,410,26.5,60,AC,CT,GG,GG,CG,CC,GG,TT,CC,CC,AT,CC,GG,TT,TT,NN,GG,TT,TT,AA,CG,GT,GT,CC,TT,CC,GT,TT,GT,AA,TT,CT,AA,CC,GG,GG,GG,CC,GG,CC,TT,CT,AA,TT,GG,AG,TT,TT,CC,CC,GG,AA,AG,GG,NN,TT,AA,AA,GG,AA,AA,TT,TT,AG,TT,TT,CC,NN,CT,GG,AG,GG,CC,AA,GG,AC,AT,GG,TT,TT,GG,GT,GG,CC,AT,GG,AA,AA,CC,TT,NN,TT,CC,TT,GT,GG,TT,CC,GT,CC,CC,CG,AG,AA,TT,TT,CC,AA,AA,AC,CC,GG,TT,CG,TT,AA,AA,TT,CC,AG,CC,GG,CT,GG,TT,AA,CC,CC,CC,CC,AA,TT,CC,AA,CC,CC,AA,AT,AA,AA,GG,CC,CC,AG,AA,AA,AA,CC,GG,CC,CG,AG,AG,GG,TT,AG,AC,TT,CT,GG,CC,TT,GG,TT,CC,AA,TT,CT,AA,AT,CG,CC,AG,CT,CC,CC,CC,CC,AA,GG,AG,CC,TT,CG,GT,TT,GG,AT,AA,NN,TT,CC,GG,AC,AC,CC,GG,GG,AA,GG,TT,AC,AA,CC,GT,AT,CC,NN,AA,GG,TT,TT,AT,GG,GG,AA,CC,TT,GT,AA,GG,AA,CT,AA,TT,CC,CT,AA,AC,TT,GG,AG,CC,AA,CC,AT,TT,GT,GG,TT,AA,AC,AG,GG,CC,CC,GG,CG,GG,AT,AA,GG,TT,GG,CC,CC,AA,NN,CC,AA,CC,AT,AA,CC,CC,AA,TT,AA,GG,AA,AA,AC,AA,GG,AA,AA,AA,AT,GG,AA,AG,AA,AA,CT,AA,AG,GG,GG,GG,TT,AA,AG,TT,TT,NN,AA,TT,GG,GG,AA,5.66,Susceptible,Medium,Premium,Early
L0562,Warangal,Telangana,Rabi,Black Cotton,Irrigated,410,26.5,60,CC,TT,GG,AG,GG,CC,GT,TT,CC,CC,AA,CC,CC,AT,TT,GG,GG,TT,TT,AA,NN,TT,TT,CC,TT,CC,GT,TT,GT,AA,TT,CT,AA,CC,GG,CG,GG,CG,GG,CC,TT,TT,AC,TT,AA,GG,CT,AT,CC,AA,GG,AA,AA,GG,CC,TT,AA,NN,TT,AC,AA,TT,TT,AG,TT,AT,CC,GG,TT,GT,AA,GG,CC,AA,GG,AA,AT,GG,TT,TT,GG,GG,GT,CC,AT,GG,AA,AA,CC,GT,CC,TT,CC,TT,NN,GG,TT,CC,GT,TT,NN,CC,AA,AA,TT,GT,CC,AA,AG,AA,CT,GG,NN,CC,TT,NN,AA,TT,CC,GG,CG,GG,CC,GG,TT,AA,CC,CC,NN,CC,AA,TT,CC,AC,CC,CC,AA,TT,AA,AT,GG,CC,CC,GG,AA,AG,AA,CC,GG,CC,CC,AA,AG,AG,NN,AG,AA,TT,TT,GG,AC,TT,TT,TT,CG,AA,GG,CT,AT,TT,GG,CG,AG,TT,AC,CC,GG,CC,AA,GG,GG,CC,TT,CC,TT,GT,CG,TT,AA,AA,TT,AA,GG,AA,CC,CC,GG,GG,AA,GG,TT,AC,AA,CG,GG,AA,AA,AA,AA,TT,TT,AT,AT,GG,GG,AT,CC,AT,GT,AA,GG,AA,CT,AA,TT,CC,TT,AA,CC,CC,GG,AA,CC,AG,CC,TT,TT,GG,GG,TT,AC,CC,AG,GG,CC,CG,GG,CC,GG,AT,AA,CC,TT,AG,CC,CG,AA,AG,CC,AA,CC,AA,AA,AA,CG,AA,TT,AG,GG,AA,AA,AA,AA,AG,AA,AA,AA,AT,CG,AC,AA,CC,AC,TT,AG,AA,GG,GG,GG,TT,AT,AG,GT,NN,TT,AG,TT,GG,GG,AA,7.46,Susceptible,High,Poor,Medium
L0563,Warangal,Telangana,Rabi,Black Cotton,Irrigated,410,26.5,60,AC,TT,GG,AG,GG,CG,GG,AT,CC,CC,AA,CT,CC,TT,TT,GG,GG,TT,TT,GG,CC,GT,GT,CC,TT,CC,TT,TT,GG,AA,TT,CC,AA,CC,AG,GG,GG,GG,GG,CC,TT,CT,AA,GT,AA,AG,TT,AT,CC,AA,GT,AA,AA,GG,CC,TT,AT,AA,GG,CC,AA,NN,AA,AA,TT,TT,CT,GT,TT,GG,AA,GG,CC,AA,AG,CC,AA,GG,GT,TT,GG,GG,GT,CC,AA,GG,AA,AT,CC,GG,CC,TT,CT,TT,GG,GG,TT,CC,GT,CC,CT,CC,NN,AA,TT,TT,CG,AA,AA,AA,CT,GG,TT,CC,GT,AA,AA,TT,CC,AG,CG,AG,CC,GT,TT,AA,CC,CC,CC,CC,AA,TT,CC,NN,CC,CC,AA,TT,AA,AA,GG,CC,CG,GG,AA,AA,AA,CC,GT,CC,CC,AA,AA,GG,TT,GG,AA,TT,TT,GG,CC,TT,GT,TT,CG,AA,TT,TT,AA,TT,GG,CC,AA,CT,CC,CC,GG,CC,AA,GG,AG,CC,TT,CC,GG,TT,CG,AT,AA,AA,TT,AC,GG,AA,AC,GG,GG,GG,AA,GG,TT,AC,AA,CC,GG,AA,CC,AT,AA,GT,GT,TT,AA,CG,GT,AT,CG,TT,TT,AA,GG,AA,CC,AA,TT,CC,TT,AA,CC,TT,GG,AA,CG,AG,CC,TT,TT,GT,GG,AT,AC,AC,AA,GT,CC,CC,GG,CC,GT,TT,AA,CC,GT,GG,CC,CC,AA,GG,GG,AA,CG,AA,AA,CC,CG,CC,AT,AA,GG,AA,AA,AC,AA,AG,AG,AA,AA,TT,GG,AA,AA,CC,AC,TT,AA,AA,GG,GG,GG,TT,AT,AA,TT,TT,TT,AG,TT,GG,GG,AA,4.75,Moderate,Low,Premium,Early
L0564,Warangal,Telangana,Rabi,Black Cotton,Irrigated,410,26.5,60,AA,TT,AG,AG,GG,CC,GT,TT,CC,CG,AA,CC,CC,TT,GT,GG,GG,TT,TT,AA,CC,GT,TT,CC,AA,CC,TT,AT,GG,AA,TT,CC,AA,CC,GG,CG,GG,CG,GG,CC,TT,TT,AA,TT,AG,GG,TT,TT,NN,AA,GT,AA,AA,GG,CC,TT,AT,AC,GT,AA,AA,TT,TT,AG,TT,TT,CT,GG,TT,GT,AA,GG,CC,AA,GG,AA,AT,AA,TT,TT,GG,GG,GG,CC,AA,GG,AA,AT,CC,GT,AC,TT,CC,TT,TT,GG,TT,NN,GT,CC,CC,CG,GG,AA,TT,TT,CC,AG,AA,AA,CC,GG,TT,CC,TT,AA,AA,TT,CC,GG,CC,AG,CC,GT,TT,GG,CC,CC,CC,CC,AA,GT,CC,AA,CC,CC,AA,TT,AA,AA,GG,CC,CC,GG,AA,AG,AA,CC,GG,CC,CC,AA,AA,AG,TT,GG,AA,TT,TT,AG,AA,TT,GT,CC,CC,TT,GT,CT,AA,TT,GG,CC,AG,CT,CC,CC,GG,CC,AA,GG,AA,CC,TT,CC,GT,TT,CG,AT,AA,AA,TT,CC,GG,AA,AC,CC,GG,GG,AC,GG,TT,AC,AA,CC,GG,AA,CC,AA,AA,GT,TT,AT,TT,GG,TT,AT,CC,TT,TT,AA,GG,AA,CT,AA,TT,CC,TT,AC,CC,TT,CG,AA,CC,AG,CC,TT,CT,TT,GG,TT,NN,AC,AA,GG,CC,CC,GG,CC,GG,TT,AA,NN,TT,GG,CG,CG,AA,GG,CC,AA,CC,AA,AA,AC,CG,AC,TT,AA,GG,AA,AA,AA,AC,GG,AG,AG,AG,AT,GG,AC,AA,AC,AC,CT,AG,AA,GG,GG,GG,TT,AA,AA,GT,TT,TT,AG,AT,GG,GG,AA,7.29,Susceptible,High,Poor,Medium
L0565,Warangal,Telangana,Rabi,Black Cotton,Irrigated,410,26.5,60,AC,TT,GG,AA,GG,CC,GG,TT,CC,CC,AA,CT,CG,TT,GT,GG,CG,TT,TT,AA,CC,TT,TT,CC,TT,CT,TT,TT,GT,AA,CT,CC,AA,CC,GG,GG,GG,GG,GG,CC,GT,TT,AA,TT,AA,GG,TT,TT,CC,AC,GG,AA,NN,GG,CC,TT,AA,AA,GT,AA,AA,GT,TT,AA,TT,AT,CC,GG,TT,GT,AG,GG,CC,AA,AG,AA,AT,GG,TT,TT,AG,GT,GT,CC,AA,GG,AA,AA,CC,GG,CC,TT,CC,TT,GT,AG,CT,CC,TT,CC,TT,CC,AA,AA,TT,TT,CC,AA,GG,AC,CC,GG,TT,CC,TT,AA,AA,TT,CC,AG,CG,AG,CC,GG,TT,AA,CC,CC,CC,CC,AA,GT,NN,AA,CC,CC,AA,TT,AA,AT,GG,CC,CC,GG,AA,AG,AA,CC,GG,CG,CC,AA,GG,GG,TT,GG,AC,TT,CT,GG,CC,TT,TT,TT,CC,AA,TT,TT,AT,TT,GG,CC,AA,TT,CC,CC,GG,CC,AA,GG,AG,CC,TT,CC,GT,TT,GG,AA,AA,AA,TT,CC,GG,AA,CC,CC,GG,GG,AC,GG,TT,AA,AA,CC,GG,AT,CC,AA,AA,GG,TT,TT,AT,GG,GG,AA,CC,AT,GT,AA,GG,AA,CT,AA,TT,NN,CT,AC,CC,TT,CG,AA,CC,GG,CC,TT,CC,TT,GG,TT,AA,CC,AG,GG,CC,GG,GG,CC,GG,AT,AA,CC,TT,GG,CC,CC,AA,GG,CG,AA,NN,AA,AA,AA,CG,CC,TT,AA,GG,AA,AA,AA,AA,AG,GG,AG,AG,TT,CG,CC,AG,CC,AA,CT,AA,AA,GG,GG,GG,TT,AA,AG,TT,TT,TT,AA,AT,GG,GG,AA,6.66,Moderate,High,Premium,Medium
L0566,Warangal,Telangana,Rabi,Black Cotton,Irrigated,410,26.5,60,AC,TT,AG,AG,CG,CG,GG,AA,CC,CG,AA,CC,CC,TT,TT,GG,CG,TT,NN,AA,CC,GT,GT,CC,TT,CC,TT,TT,GG,AA,TT,CT,AA,CC,GG,GG,GG,CG,GG,CC,TT,CC,AA,GT,NN,GG,TT,TT,CC,AC,GG,AT,AA,GG,CC,TT,AA,AC,GG,AC,AA,GT,TT,AA,TT,TT,CC,GG,TT,GG,AA,GG,CC,AA,AG,CC,AA,GG,TT,TT,NN,GG,GG,CC,AA,GG,AA,AA,CC,GT,CC,TT,TT,TT,GT,GG,TT,CC,TT,CT,CC,CC,GG,AA,TT,TT,CC,AA,AA,CC,CC,GG,TT,CC,NN,AA,AA,TT,CC,GG,CG,GG,CC,GT,TT,AA,TT,CC,CC,CC,AA,GT,CC,AA,CC,CC,AG,TT,AA,NN,GG,CT,CC,GG,AA,GG,AA,CC,GG,CC,CG,AA,AA,GG,TT,GG,AC,GT,TT,GG,AA,TT,GT,TT,CC,AA,TT,TT,TT,TT,GG,CC,AA,CT,CC,AC,GG,NN,AA,GG,AG,CC,TT,CC,GT,TT,GG,AA,AA,AA,NN,CC,GG,AC,CC,CC,GG,GG,AC,GG,TT,AA,AG,CC,GG,AA,AC,AA,AA,GG,GT,AT,AT,GG,TT,TT,CC,TT,TT,AA,GG,AA,CT,AA,TT,CG,CT,AC,CC,NN,GG,AA,CC,AG,CC,TT,TT,TT,GG,TT,AC,CC,AA,GG,CC,GG,GG,CC,GG,AT,AG,CG,GT,GG,CC,CC,AT,AG,CC,AT,CG,AA,AA,CC,CG,CC,TT,AA,GG,AT,AA,AC,AA,AG,AA,AA,AA,TT,GG,AA,AG,AC,AA,CT,AA,AA,GG,GG,CG,TT,AA,AA,TT,TT,TT,AA,TT,GG,GG,NN,7.91,Moderate,High,Standard,Early
L0567,Warangal,Telangana,Rabi,Black Cotton,Irrigated,410,26.5,60,CC,TT,AG,AG,GG,CC,GG,TT,CG,NN,AA,CC,CG,AT,NN,GG,CG,TT,TT,AA,CG,GT,GT,CC,TT,CC,GT,TT,GG,AA,TT,CT,AG,CC,GG,GG,GG,CC,GG,CC,TT,CT,AA,TT,AA,AG,TT,TT,CG,CC,GG,TT,AA,CG,CT,TT,AT,AA,GG,AA,AA,TT,TT,AA,TT,TT,CC,GG,TT,GT,AA,GG,CC,AA,AA,AA,AT,GG,TT,TT,GG,GT,GT,CC,AA,GG,AG,AA,CC,TT,CC,TT,CT,TT,TT,GG,TT,CC,TT,CC,CC,GG,GG,AA,TT,TT,CC,AA,GG,AA,CC,GG,TT,CC,TT,AC,AA,TT,CC,GG,CG,GG,CC,GG,CC,AA,CC,CC,CC,CC,AA,TT,CC,AA,CC,CC,AA,TT,AA,AT,GG,CT,CC,GG,AA,AG,AA,CC,GT,CG,CC,AA,AA,AG,TT,GG,AC,GT,TT,AG,CC,GT,TT,TT,CC,AA,TT,TT,AA,TT,CG,CC,AG,CC,CC,CC,CG,CC,AA,GG,AG,CC,TT,CC,TT,TT,GG,AA,AA,AG,TT,CC,CG,AA,CC,CG,GG,GG,AA,GG,TT,AA,AA,CC,GG,AA,CC,AA,AA,GT,TT,TT,AT,GG,GT,AA,CG,AT,TT,AT,GG,AG,CT,AA,TT,CC,TT,AC,CC,TT,GG,GG,CG,AA,AC,TT,TT,TT,GG,TT,AA,AC,AA,GG,CC,CG,GG,CC,GG,AT,AA,CC,TT,GG,CC,CG,AA,GG,CC,AA,CG,AA,AA,AC,CG,AC,TT,AA,GG,AA,AC,AA,AA,GG,AG,GG,AA,TT,GG,AC,AA,AC,AA,CT,AA,AA,GG,GG,GG,GT,AA,AA,TT,TT,TT,GG,AT,GG,GG,AA,8.31,Susceptible,Low,Poor,Early
L0568,Warangal,Telangana,Rabi,Black Cotton,Irrigated,410,26.5,60,AC,TT,GG,AA,GG,CC,GT,AT,CC,CG,AA,CC,CC,TT,GT,NN,CG,TT,TT,AA,CC,TT,GT,CC,TT,CC,TT,AT,GT,AA,TT,CC,AA,CC,GG,GG,GG,CG,GG,CC,TT,CT,AA,TT,AA,AA,TT,TT,CC,NN,GG,AA,AA,GG,CC,TT,AA,AC,TT,AC,AA,TT,TT,AA,TT,AT,CC,GG,TT,GG,AA,GG,CC,NN,GG,AA,NN,GG,TT,TT,GG,GG,GG,CC,AA,GG,AA,AT,CC,TT,AC,TT,CC,TT,TT,GG,TT,CC,TT,CT,CC,CC,AG,AA,AT,TT,CC,AA,GG,AA,CT,GG,TT,CC,TT,AC,AA,TT,CC,AG,CC,AG,CC,GG,TT,AA,CC,CC,CC,CC,AA,TT,CC,AA,CC,CC,AA,NN,AA,AA,GG,CC,CC,GG,AG,AA,AT,CC,GG,CC,CC,AA,AA,GG,TT,GG,AA,NN,TT,GG,NN,TT,GT,TT,CC,TT,GT,TT,AA,TT,GG,CC,AA,CC,CC,CC,GG,CC,AA,GG,AG,CC,TT,CG,GT,NN,GG,AA,AA,AA,TT,CC,GG,AA,CC,CC,GG,GG,AA,GG,TT,AA,AA,CC,GG,AA,CC,AA,AA,GG,TT,TT,AT,GG,GG,AA,CG,AT,TT,AA,GG,AA,CT,AA,TT,CC,TT,AC,CC,TT,CG,AG,CC,AA,CC,TT,TT,GT,GG,TT,AA,AC,NN,GG,CC,CC,GG,CC,GG,AA,AA,CC,GT,GG,CC,CG,AA,AG,CG,AA,CC,AA,AA,CC,CC,AC,TT,AA,GG,AA,AA,AA,AA,AG,AA,AA,AA,TT,GG,AA,AA,AC,AA,TT,AA,AA,GG,GG,NN,GT,AT,AG,TT,TT,TT,AG,TT,GG,GG,AA,8.18,Susceptible,Low,Poor,Medium
L0569,Warangal,Telangana,Rabi,Black Cotton,Irrigated,410,26.5,60,AA,TT,AG,GG,GG,CC,GT,AT,CC,CC,AA,CC,CC,TT,TT,GG,GG,TT,TT,AA,CC,TT,GT,CT,TT,CC,TT,TT,GG,AA,TT,CC,AA,CC,GG,GG,GG,CG,GG,CC,TT,TT,AA,TT,AA,GG,TT,TT,CC,AA,GT,AA,AG,GG,CC,NN,NN,AA,GG,CC,AA,TT,NN,GG,TT,AA,CC,GG,CT,GG,AA,GG,CC,AA,NN,AA,AT,GG,TT,TT,AG,NN,GG,CC,AA,GG,AA,AA,CC,GT,CC,TT,CT,TT,TT,GG,CT,CC,GT,CT,CC,CG,GG,AA,TT,TT,CC,AA,AA,AA,CC,GG,TT,CG,TT,AA,AA,AT,CG,AG,CC,GG,CC,TT,CT,AG,CC,CC,CC,CC,AG,TT,CC,AA,CC,CC,AA,AT,AA,AA,GG,CC,NN,GG,AA,AG,AA,CC,GG,CC,CC,AA,AG,GG,GT,GG,AA,TT,CT,GG,CC,TT,TT,TT,CC,TT,TT,CT,AA,TT,GG,CC,AA,CT,CC,CC,GG,NN,AA,GG,AG,CC,TT,CC,GT,TT,GG,AT,AA,AA,TT,AC,GG,AC,AC,CC,GG,GG,AA,GG,TT,AA,AG,CC,GG,AA,CC,AT,AA,GT,TT,TT,TT,GG,GT,AA,CG,AT,TT,AA,GG,AA,TT,AA,TT,CC,TT,AC,AC,CT,CG,AA,CC,AG,AC,TT,TT,TT,GG,TT,AC,AC,AG,GG,CC,CC,GG,CC,GG,AA,AA,CC,TT,GG,CC,CC,AT,AG,CC,AT,CC,AA,AA,AC,GG,AC,AT,AA,GG,AT,AA,AA,AA,AG,AG,AG,AA,AT,GG,AA,AA,AC,AC,CT,AA,AA,GG,GG,GG,TT,AA,AA,TT,TT,TT,AA,TT,GG,GG,AA,9.79,Moderate,Medium,Premium,Late
L0570,Warangal,Telangana,Rabi,Black Cotton,Irrigated,410,26.5,60,AC,TT,GG,AA,GG,CC,GT,TT,CC,CC,AA,CC,CG,TT,GT,GT,GG,TT,TT,AA,CC,TT,GG,CC,TT,CC,TT,TT,GG,AA,TT,CC,AA,CC,GG,GG,GG,CC,GG,AC,TT,CT,AC,GG,AA,GG,TT,AT,CC,AC,GT,AT,AG,GG,CT,TT,AA,AC,GT,AA,AA,TT,TT,AG,TT,AT,CT,GG,TT,GG,AG,GT,CC,AA,GG,AA,AA,GG,TT,TT,GG,GT,GT,NN,AT,GG,AA,AA,CC,TT,CC,TT,CT,AT,GT,GG,TT,CC,TT,CC,CC,CG,AG,AA,AT,TT,CC,AA,AG,AA,CC,GG,TT,GG,TT,AA,AA,TT,CC,GG,CC,GG,CC,GG,CT,AA,CC,CC,AC,CC,AA,TT,CC,AA,CC,CC,AA,TT,AA,AA,GG,CC,CC,GG,AG,AG,AA,CC,TT,CC,CC,AA,AA,GG,TT,NN,AC,TT,CT,AG,AA,GG,GG,TT,CG,AT,TT,CT,AA,TT,GG,CC,AG,TT,CC,CC,GG,CC,AA,GG,AA,CC,TT,CC,GT,TT,CG,AA,AG,AG,GT,CC,GG,AA,CC,CC,GG,GG,AA,GG,TT,AA,AA,CC,GT,AA,CC,AA,AA,GG,TT,TT,AT,GG,TT,TT,CG,TT,TT,AA,GG,AA,TT,AA,TT,CC,TT,AA,CC,TT,CG,AG,CC,GG,CC,AT,CT,GT,GG,TT,NN,CC,AA,GG,CC,CC,GG,CC,GG,AT,AG,CC,GT,GG,CC,CG,NN,AG,CC,AA,CC,AA,AA,AA,CC,AC,TT,AA,GG,AA,AA,AC,AA,GG,AG,AA,AA,TT,GG,AC,GG,AC,AC,CT,AA,AA,CG,GG,GG,TT,AA,AG,TT,TT,TT,AA,TT,CG,CG,AC,7.41,Resistant,Medium,Poor,Early
L0571,Warangal,Telangana,Rabi,Black Cotton,Irrigated,410,26.5,60,AA,TT,GG,AA,GG,CC,TT,AT,CC,NN,AA,CC,CG,TT,TT,GG,CG,TT,AT,AA,CG,TT,TT,NN,AT,CC,TT,TT,NN,AA,NN,CC,AA,CC,GG,CG,GG,CG,GG,NN,TT,CC,AC,GT,AG,AG,TT,AA,CG,CC,GG,AA,AA,NN,CT,GT,AT,AA,GG,AA,AA,TT,AA,AA,TT,TT,CC,GG,TT,GG,AG,GG,CC,AA,GG,AA,AA,GG,TT,TT,GG,GG,GG,CC,AA,GG,AA,AA,CC,GT,AC,TT,CC,TT,TT,GG,CT,CC,GT,CC,CC,CC,AA,AA,TT,TT,CC,AA,NN,AA,CC,GT,GT,CG,TT,AA,AA,TT,CG,GG,CC,GG,CC,GT,CT,AA,CC,CC,AC,CC,AA,TT,CC,AA,CC,CC,AA,TT,AA,AA,GG,CC,CC,GG,AA,AG,AA,CC,GG,CC,CC,AA,AA,GG,TT,GG,AA,GT,TT,GG,CC,TT,GT,TT,CC,TT,GT,TT,AA,TT,GG,CC,AA,CC,CC,CC,CG,AC,AA,GG,AG,CC,GT,CC,GT,TT,GG,AT,AA,AA,TT,AC,CG,AA,AC,CC,GG,GG,CC,GG,TT,AC,AG,CC,GG,TT,CC,AA,AA,GT,GT,AT,AA,GG,GT,AA,CC,TT,GT,AA,AG,AG,CT,AA,TT,CC,CT,CC,CC,TT,CG,AG,CC,AG,CC,TT,TT,GT,GG,TT,AC,CC,AA,GG,CC,CC,GG,CC,GG,AT,AA,CC,GT,AG,CC,CC,AA,GG,CG,AA,CC,AA,AA,CC,CC,CC,TT,AA,GG,AA,AA,AA,AA,GG,AA,AA,AA,AT,GG,AA,AG,CC,CC,CT,AA,AA,GG,GG,GG,TT,AA,AG,TT,TT,TT,AG,AT,GG,GG,AA,6.04,Moderate,Low,Standard,Early
L0572,Warangal,Telangana,Rabi,Black Cotton,Irrigated,410,26.5,60,AC,TT,GG,AA,GG,CC,GT,TT,CC,CG,AA,CC,CG,TT,TT,GG,GG,TT,TT,AG,CC,TT,TT,CT,AT,CC,TT,TT,GG,AA,TT,CC,AA,CC,GG,GG,GG,CC,GG,CC,TT,CC,AA,GT,AA,GG,TT,TT,CC,AA,GT,AA,AG,GG,CT,TT,AA,AA,GT,CC,AG,TT,AT,AA,CT,AT,CC,GG,TT,GG,AA,GG,CC,AA,GG,AA,AT,GG,TT,TT,GG,GG,GG,CC,AA,GG,AA,AA,CC,GT,AC,TT,CC,TT,TT,GG,CC,CC,TT,CC,CT,CG,AA,AA,AA,TT,CG,AA,AG,AA,CC,GG,TT,CC,TT,AC,AA,TT,CC,GG,CC,GG,CC,GG,CT,AG,CC,CC,CC,CC,AA,TT,CC,AA,CC,CT,AA,AT,GG,AA,CG,CC,CC,GG,AA,GG,AA,AA,TT,CC,CC,AA,AG,AG,GT,GG,AA,TT,TT,AG,AC,TT,TT,TT,CC,AT,TT,TT,AA,AT,GG,CC,AA,CT,CC,CC,GG,CC,AA,GG,AA,CC,GT,CC,TT,TT,GG,AT,AA,AG,TT,CC,GG,AA,AC,CC,GG,GG,AC,GG,TT,AC,AA,CC,GG,AA,AA,AA,AT,GT,TT,NN,AT,CG,GT,AA,CC,AT,GT,AA,GG,AA,TT,AA,TT,CC,CC,AA,CC,TT,CG,AA,CC,AA,AC,TT,CT,GT,GG,TT,AA,CC,AG,GG,CC,CC,GG,CC,GG,AT,AG,CC,GT,GG,CG,CG,AT,GG,CC,NN,CC,AT,AA,CC,GG,AC,TT,AA,GG,AA,AA,AC,AA,GG,NN,AA,AA,TT,GG,AA,AG,AC,AA,CT,AG,AA,GG,GG,GG,TT,TT,AA,TT,TT,TT,AG,TT,GG,GG,AA,6.76,Susceptible,Low,Standard,Medium
L0573,Warangal,Telangana,Rabi,Black Cotton,Irrigated,410,26.5,60,AC,CT,AG,GG,GG,CC,GG,AT,CC,CG,AA,CC,CG,TT,TT,GG,GG,NN,TT,AA,CC,TT,GT,CC,TT,CC,TT,AA,GT,AC,TT,CC,AA,CC,GG,GG,GG,CG,GG,NN,TT,CT,AA,TT,AA,AA,TT,TT,CC,AA,GT,AA,AA,GG,CC,TT,AA,AA,GT,AC,AA,GT,TT,AA,TT,TT,CC,GT,TT,GT,AG,GG,CC,AA,AG,AA,AA,GG,TT,TT,GG,GG,GG,CC,AA,GG,AA,AA,CG,TT,CC,TT,CT,TT,GT,GG,TT,CC,GG,CC,CT,CC,AA,AA,TT,TT,CC,AA,AG,AC,CC,GG,TT,CC,TT,CC,AA,AT,CC,AG,CC,GG,CC,GG,TT,AA,CT,CC,CC,CC,AA,TT,AC,AA,CC,CC,AA,TT,NN,AT,CG,CC,CC,GG,AA,AG,AA,CC,GG,CC,CC,AA,AA,GG,GG,GG,CC,TT,NN,GG,CC,GT,TT,TT,CG,AA,GT,TT,AT,TT,NN,CC,AA,CC,CC,CC,GG,CC,AA,GG,NN,NN,TT,CG,GT,TT,GG,AA,AA,AA,TT,CC,GG,AA,CC,CC,GG,GG,AC,GG,TT,AC,AA,CC,GG,AA,CC,AA,AT,GG,TT,AT,AT,GG,GG,AA,CC,TT,TT,AA,GG,AA,CT,AC,TT,CC,CT,AA,CC,TT,GG,AA,CC,NN,AC,TT,CT,GT,GG,TT,AC,AC,AG,GG,CC,CG,GG,CC,GG,AT,AA,CC,GT,GG,CC,CG,AA,GG,GG,AA,CG,AA,AA,CC,CG,AA,AT,AA,GG,AA,AA,CC,AA,AG,AG,AA,AG,TT,GG,AA,AA,CC,AA,CT,AA,AA,CG,GG,CG,TT,AT,AA,NN,NN,TT,AG,AT,GG,CG,AC,7.89,Resistant,Medium,Poor,Early
L0574,Warangal,Telangana,Rabi,Black Cotton,Irrigated,410,26.5,60,AC,CT,AG,GG,GG,CG,GT,AT,CC,CC,AA,CC,CG,TT,GT,GT,GG,TT,TT,AG,CC,TT,GT,CC,TT,CT,TT,AT,GG,AA,TT,CT,AA,CC,GG,CG,GG,CC,GG,CC,TT,CT,AA,TT,AA,GG,TT,TT,CC,AA,GG,AA,AG,GG,CC,TT,AA,AC,TT,AA,NN,GT,AA,AA,TT,TT,CC,GG,TT,GG,AG,GG,CC,AA,GG,AA,TT,GG,TT,TT,GG,GT,GG,CC,AA,GG,AA,AA,CC,TT,CC,TT,CT,TT,GT,GG,TT,CC,GG,CC,CC,CG,NN,AA,TT,TT,CC,AA,AA,AA,CC,GG,TT,CC,GG,AA,AA,TT,CC,AG,CC,GG,CC,GG,TT,AG,CC,CC,CC,CC,AG,TT,CC,AA,AC,CC,AA,AT,AA,AA,GG,CC,CC,GG,AG,GG,AA,CC,GG,CC,CG,AA,AA,GG,TT,AG,AA,TT,CT,GG,AC,TT,TT,CT,CG,AA,GT,TT,AA,AT,GG,CC,GG,CT,CC,CC,GG,CC,AT,GG,AA,CC,TT,CC,TT,GT,GG,TT,AG,NN,TT,CC,GG,AA,CC,CC,GG,AG,AA,GG,TT,AC,AA,CC,GG,AA,AC,AA,AA,GT,TT,TT,AA,GG,GT,AA,CC,AA,TT,AA,GG,AA,CT,AA,TT,CC,TT,AA,CC,CT,GG,AG,CC,AA,CC,TT,CC,GT,GG,TT,AA,CC,AG,GG,CC,CG,GG,NN,GG,AT,AG,CG,TT,GG,CC,CG,AA,GG,CC,TT,CC,AA,AA,NN,CC,CC,TT,AA,GG,AA,AC,AA,AA,AG,AA,NN,AA,TT,CG,AA,GG,AC,AC,CT,AA,AA,GG,GG,GG,TT,AA,AA,TT,TT,TT,AG,AT,GG,GG,AA,5.81,Susceptible,Medium,Standard,Early
L0575,Warangal,Telangana,Rabi,Black Cotton,Irrigated,410,26.5,60,AC,TT,AG,AG,GG,CC,GG,AT,CC,CC,AA,CT,CC,TT,GT,GT,CG,TT,TT,AA,CC,GT,GT,CC,TT,CC,GT,AT,GG,AA,TT,CC,AG,CC,AG,GG,GG,CC,GG,CC,TT,NN,AA,GT,AA,AG,TT,TT,CC,AC,GG,AT,AA,GG,CC,TT,AA,AA,GT,AA,AA,GT,AT,AA,TT,TT,CC,GG,TT,GT,AA,GT,CC,AA,GG,AC,AA,GG,TT,TT,GG,GG,GG,CC,AT,GG,AA,AA,CC,GG,CC,GT,CC,TT,GT,GG,TT,CC,GT,CC,CC,CC,AA,AA,TT,TT,CC,AA,AG,AA,CT,GG,TT,CC,TT,AA,AA,TT,CC,GG,CC,GG,CC,GT,TT,GG,CC,CC,CC,CC,AA,TT,CC,AA,CC,CT,AA,TT,AA,AA,GG,CC,CC,GG,AA,AG,AT,AC,GG,CC,CC,AG,AA,GG,TT,GG,AA,GT,CC,AG,CC,GT,TT,TT,CC,AA,TT,TT,AA,AT,GG,CC,AG,CT,CC,CC,CG,CC,AA,GG,AG,CC,TT,CC,GG,GT,GG,AT,AA,AA,TT,CC,CG,AA,CC,CC,GG,GG,CC,CG,CT,AC,AG,CC,GG,AA,CC,AT,AA,GT,TT,AT,AA,CG,GG,AT,CC,TT,TT,AA,GG,AA,CT,AA,NN,GG,CT,AC,CC,TT,GG,AG,CG,AG,AC,TT,TT,GT,GG,TT,AA,CC,AA,GT,CC,NN,GG,CG,GG,TT,AG,CC,GT,GG,CC,CC,AA,GG,NN,AA,CC,AA,AA,CC,CC,AA,TT,AA,CG,AA,AA,AA,AA,GG,AA,AA,AA,TT,GG,AC,AG,AA,AA,TT,AA,AA,GG,GG,GG,TT,AA,AG,TT,TT,TT,AA,NN,GG,CG,AC,4.81,Resistant,Medium,Poor,Late
L0576,Warangal,Telangana,Rabi,Black Cotton,Irrigated,410,26.5,60,AC,CT,AA,GG,GG,CG,GG,TT,CC,CC,AT,CC,CG,TT,GT,GG,GG,TT,TT,AA,CC,TT,GG,CT,TT,CC,TT,AT,GG,AA,CT,TT,AA,CC,GG,GG,GG,CG,GG,CC,TT,TT,AA,TT,AG,GG,TT,TT,CC,AC,GG,AA,AA,GG,CC,TT,AA,AC,GT,AC,AA,GG,TT,AA,TT,TT,CC,GG,TT,GT,AG,GT,CC,AA,AA,AC,AA,GG,TT,NN,GG,GT,GG,CC,AA,GG,AA,AA,CC,GT,CC,GT,CT,TT,GT,GG,TT,CC,GT,CC,CC,CC,GG,AA,TT,TT,CC,AA,AA,AA,CT,GG,TT,NN,TT,AC,AA,TT,CC,GG,CC,GG,CT,GG,CT,AA,CC,CC,CC,CC,AA,NN,CC,AA,CC,CC,AA,TT,AA,AA,GG,CC,CG,GG,AA,AA,AA,CC,GT,CC,CC,AA,AG,GG,TT,GG,AC,TT,TT,GG,CC,GG,TT,CT,CC,AA,TT,TT,AT,TT,NN,CC,AA,CT,CC,NN,GG,NN,AA,GG,AA,CC,TT,CG,GG,GT,CG,AT,AA,AG,TT,CC,GG,AA,CC,CC,GG,GG,NN,CG,CT,AA,AA,CC,GG,AA,CC,AA,AA,GG,TT,AT,AT,GG,GT,AA,CC,TT,GT,AA,GG,AA,TT,AA,TT,CC,CT,AA,AC,CT,GG,AG,CG,AG,CC,TT,TT,TT,GG,TT,AA,AC,AA,GG,CC,CC,GG,CC,GG,AA,AA,CC,TT,GG,CC,CC,AA,GG,CC,AA,CC,AA,AA,CC,CC,AC,TT,AA,GG,AA,AA,AC,AA,AG,AA,AA,AA,TT,GG,AC,AA,CC,AA,TT,AG,AA,GG,GG,GG,TT,AT,AA,TT,TT,TT,AA,TT,GG,CG,AA,6.74,Moderate,Low,Poor,Early
L0577,Warangal,Telangana,Rabi,Black Cotton,Irrigated,410,26.5,60,AC,TT,GG,GG,GG,CG,GG,AT,CC,CC,AA,CC,CG,AT,GG,GG,CC,TT,TT,AG,CC,GT,TT,CC,TT,CC,TT,AT,GT,AA,TT,CT,AA,CC,GG,GG,GG,CC,GG,CC,TT,TT,AC,GT,AA,AA,TT,TT,CC,AC,GG,AA,AA,GG,CC,TT,AA,AA,GG,AA,AA,TT,TT,AG,TT,TT,CC,GG,TT,GT,AG,GG,CC,AA,NN,AC,TT,GG,TT,TT,GG,GG,GG,CC,AA,GG,AG,AA,CC,TT,CC,TT,CC,TT,TT,GG,TT,CC,GT,CC,CC,CC,AG,AA,NN,TT,CC,AA,GG,AC,CC,GG,GT,CC,GT,AA,AA,TT,CC,AA,CC,GG,CC,GG,CT,AA,CT,CC,CC,CC,AA,TT,CC,AA,CC,CC,AA,TT,AA,AA,GG,CC,CC,GG,AG,AG,AA,CC,GT,CC,CC,AG,AA,GG,GT,GG,CC,GT,TT,GG,CC,GT,GT,TT,CG,AA,GT,TT,AA,TT,GG,CC,AA,CT,CC,CC,GG,AC,AA,GG,AA,CC,TT,CG,GG,TT,GG,TT,AA,AG,GT,CC,CG,AC,CC,CC,GG,GG,AC,GG,TT,AA,AG,CC,NN,AA,AA,AA,AA,GG,TT,TT,AA,GG,GT,AA,CC,AT,GT,AA,GG,AA,CT,AA,TT,CC,TT,AA,CC,TT,GG,AG,CC,AG,AC,AT,CT,GT,GG,TT,AA,AC,AA,GG,CC,CC,GG,CC,GG,AT,AA,CC,GT,GG,CG,CC,AT,NN,CG,AT,CC,AA,AG,AC,CC,AC,TT,AA,GG,AT,AA,AA,AA,AG,AG,AA,AA,TT,CG,CC,AA,CC,AA,TT,AA,AA,GG,GG,GG,TT,AA,AG,TT,TT,TT,AA,TT,NN,GG,AA,8.89,Susceptible,Medium,Standard,Medium
L0578,Warangal,Telangana,Rabi,Black Cotton,Irrigated,410,26.5,60,AC,NN,NN,AG,GG,CC,TT,AT,CC,GG,AA,CT,CG,TT,TT,GG,GG,TT,TT,AG,CC,GT,TT,CT,TT,CC,TT,TT,GG,AC,CT,CC,AG,CC,AG,GG,GG,CC,GG,CC,TT,CT,AA,GT,AG,AG,TT,TT,CC,AC,GT,AT,AA,GG,CC,TT,AA,CC,GT,AC,AA,TT,TT,AG,CT,AT,CT,GG,TT,GT,AG,GG,CC,AA,GG,AA,TT,GG,TT,TT,GG,GT,GT,CC,AT,GG,AA,AA,CC,TT,AC,TT,CC,TT,GT,GG,TT,CC,TT,CC,CC,CC,AG,AA,TT,TT,CG,AA,AG,AA,TT,GG,TT,CC,TT,AA,AC,TT,CG,GG,CG,GG,CC,GT,CC,AA,CC,CC,CC,CG,AA,TT,CC,AA,CC,CC,AA,TT,AA,AT,CG,CC,CC,AG,AA,AA,AA,CC,GG,CG,CC,AG,AG,AG,TT,AG,AA,TT,CT,AG,CC,GT,TT,CT,CC,AT,TT,TT,AT,TT,GG,CC,AG,CC,NN,CC,GG,CC,AA,GG,AA,CC,TT,CG,GG,TT,CG,TT,AG,AA,NN,CC,GG,AC,AC,CC,GG,GG,AA,GG,TT,AA,AA,CC,GG,AT,CC,AA,AT,GG,TT,TT,AT,GG,TT,AA,CC,TT,GT,AA,GG,AA,TT,AA,TT,CC,CT,CC,CC,TT,CG,AA,CC,AA,CC,TT,TT,GT,GG,TT,AC,AC,AA,GG,CC,CC,GG,CC,GG,NN,AA,CC,GT,GG,CC,CC,AT,AG,CC,AA,CC,AA,AA,CC,CG,AC,TT,AA,GG,AA,AA,AC,AA,AG,NN,AG,AA,AT,GG,AA,AG,CC,AA,CT,AA,AA,GG,GG,GG,TT,AT,AA,GT,NN,TT,GG,AT,GG,CG,AA,9.75,Susceptible,Low,Poor,Late
L0579,Warangal,Telangana,Rabi,Black Cotton,Irrigated,410,26.5,60,AC,TT,AG,GG,GG,CC,GT,TT,CC,CC,AA,CC,GG,AT,TT,GG,GG,TT,TT,AA,CC,GT,GT,CC,AT,CC,TT,AT,GG,AA,CT,CC,AA,CC,GG,CG,GG,CC,GG,CC,TT,CC,AA,TT,AA,AA,TT,TT,CC,AA,GG,AT,AA,GG,CC,TT,AA,AA,GT,AA,AA,TT,AT,GG,TT,TT,CC,GG,TT,GG,NN,GT,CC,AG,GG,AC,NN,GG,TT,TT,AG,GT,GT,CC,AA,AG,AA,AT,CC,GT,CC,TT,CT,TT,TT,NN,CT,CC,GG,CC,CC,CG,AG,AA,TT,TT,CG,AA,AG,CC,CC,GG,GT,CC,TT,AA,AA,TT,CC,AG,GG,AG,CC,GT,TT,AG,CC,CC,CC,CG,AA,TT,CC,AA,CC,CT,AA,AT,AA,AT,GG,CC,CC,GG,AA,AG,AA,AC,GT,CC,CG,AG,AA,AG,GT,AG,AA,GT,TT,GG,CC,GT,TT,CC,CC,AT,TT,TT,AA,NN,GG,CG,AA,CC,CC,CC,GG,CC,AA,GG,AG,CC,TT,CC,GT,TT,CG,TT,AA,AA,GT,CC,GG,AA,CC,CG,GG,GG,AA,GG,TT,AC,AG,GG,GG,AA,CC,AT,AT,GG,TT,TT,AT,CG,GT,AT,CG,AT,GT,AA,GG,AA,TT,AA,TT,CC,TT,AA,CC,CT,GG,GG,CC,AG,CC,TT,TT,GT,GG,TT,AA,CC,AA,GG,CC,CC,GG,CC,GG,TT,AG,CC,TT,GG,CC,CC,AA,AA,CC,AA,CC,AT,AA,CC,CC,CC,TT,AA,GG,AA,AA,AA,AA,AG,AG,AA,AA,TT,GG,AC,AG,AC,AA,TT,AA,AG,GG,GG,GG,TT,AT,AA,TT,AT,TT,AG,AT,GG,GG,AA,10.18,Moderate,Low,Standard,Medium
L0580,Warangal,Telangana,Rabi,Black Cotton,Irrigated,410,26.5,60,AC,TT,GG,AA,GG,CC,GG,TT,CC,CC,NN,CC,NN,TT,TT,GG,GG,TT,TT,AA,CC,TT,GT,CC,TT,CC,TT,TT,GG,AA,TT,CC,AA,CC,GG,GG,GG,CG,GG,CC,TT,CC,AA,TT,GG,GG,TT,TT,CC,CC,GT,AA,AA,GG,CC,GT,AT,AA,GT,AA,AA,TT,AT,AA,TT,TT,CC,GG,TT,GT,AG,GG,CC,AG,AA,CC,AA,GG,TT,TT,GG,TT,GG,CC,AT,GG,AA,AA,CC,GT,NN,GT,CC,TT,GT,GG,TT,AC,TT,CC,CT,CG,GG,AA,AT,TT,CC,AA,GG,AC,CC,GG,TT,CC,TT,AA,AA,TT,CC,GG,CC,GG,CC,GG,NN,AA,CC,CC,CC,CC,AG,TT,CC,AA,CC,CC,AA,TT,AA,AT,CG,CC,CC,GG,AA,AA,AA,CC,GG,CG,CC,AA,AG,GG,TT,GG,AC,TT,TT,GG,CC,GT,GT,TT,CC,AT,GT,TT,AA,TT,NN,CC,AA,CT,CC,CC,GG,CC,AA,GG,GG,CC,TT,CC,TT,TT,GG,NN,AA,AA,TT,CC,GG,AA,AC,CG,GG,GG,AA,GG,TT,AA,AA,CC,GG,AA,NN,AA,AT,GG,TT,NN,AT,NN,GG,AT,CC,TT,TT,AA,GG,AA,CT,AA,TT,CC,TT,AC,AC,CT,CG,AG,CC,AG,CC,TT,TT,GT,NN,TT,AA,AA,AG,GG,CC,CG,GG,CC,GG,TT,AA,CC,TT,GG,CC,CC,AA,AG,CG,AA,CC,AA,AA,AC,CG,AC,TT,AA,CG,AA,AA,CC,AC,AA,AA,AA,AA,AT,GG,AA,AA,AC,AC,TT,AA,AA,GG,GG,GG,TT,AA,AG,TT,TT,AT,AA,TT,GG,GG,AA,6.47,Moderate,High,Premium,Early
L0581,Warangal,Telangana,Rabi,Black Cotton,Irrigated,410,26.5,60,AA,CT,GG,AG,GG,CC,GG,TT,CC,CC,AA,CT,CG,AT,TT,GG,GG,TT,TT,AG,CG,TT,GT,CT,AT,CC,TT,TT,GG,AA,TT,CT,AA,NN,AG,GG,GT,CC,GG,CC,TT,TT,AA,TT,AA,AG,CT,AT,CC,AC,GG,AA,AG,GG,CC,TT,AT,AC,GT,AA,AA,GT,AT,AA,CT,AT,CC,NN,TT,GG,AG,GT,CC,AG,AG,CC,TT,GG,GG,TT,GG,GG,GG,CC,AA,GG,AG,AT,CC,GG,CC,TT,CC,TT,TT,GG,CT,AC,TT,CC,CC,CG,AG,AA,TT,TT,CG,AA,AG,AA,CT,GG,TT,CG,GT,CC,AA,TT,CC,GG,CC,GG,CC,GT,TT,AG,CC,CC,AC,CC,AA,TT,CC,AA,CC,CC,AA,NN,AA,AA,CG,NN,CC,GG,AA,AG,AA,CC,GG,CC,CC,AA,AA,GG,TT,GG,AA,TT,TT,GG,AC,GT,GT,TT,CG,AT,GT,TT,AA,AT,CG,CC,GG,TT,CC,CC,GG,CC,AA,GG,AG,CC,TT,CC,GT,GG,CG,TT,AA,AA,TT,CC,GG,AA,CC,CC,CG,GG,AA,GG,TT,AC,AA,CC,GG,AA,AC,AA,AT,GT,TT,AT,TT,GG,TT,AT,CG,TT,GT,AA,GG,AA,TT,AA,TT,CC,TT,AA,CC,CT,GG,AA,CC,GG,CC,AT,TT,TT,GG,TT,AC,AC,AA,GG,CC,CG,GG,CC,GG,AT,AA,CC,TT,GG,CC,CG,AT,GG,CC,AA,CC,AA,AA,CC,CG,AC,AT,AA,GG,AA,AA,AA,AA,AA,GG,AG,AA,AT,GG,AC,AA,CC,AA,TT,AG,AA,GG,GG,GG,GT,AA,AA,GT,TT,TT,AG,TT,GG,GG,AA,7.19,Susceptible,Medium,Standard,Late
L0582,Warangal,Telangana,Rabi,Black Cotton,Irrigated,410,26.5,60,AC,TT,NN,AG,GG,CC,GG,AT,CC,CC,AT,CC,CG,TT,TT,GT,GG,TT,NN,AA,CC,GT,GG,CT,TT,CC,TT,TT,GG,AA,TT,CC,AA,CC,GG,CG,GG,CC,GT,CC,TT,TT,AA,TT,AG,GG,TT,TT,CC,AA,GG,AA,AG,GG,CC,TT,AA,AA,GG,AC,AG,TT,AT,AA,TT,AT,CC,GG,TT,GG,AG,GT,CC,AA,AA,CC,AA,GG,GT,TT,GG,GG,GG,CC,AA,GG,AA,AT,CC,TT,CC,TT,CC,TT,TT,GG,TT,CC,GG,CC,CC,NN,AG,AA,TT,TT,CC,AA,GG,AA,CT,GG,TT,CG,TT,AA,AA,TT,CC,AG,CG,GG,CC,GT,TT,AA,CT,CC,CC,CC,NN,TT,CC,AA,CC,CC,AA,TT,AA,AT,GG,CC,CC,GG,AG,GG,AA,NN,GG,CC,CC,AA,AG,GG,TT,AG,NN,TT,CT,GG,CC,TT,TT,CT,CC,AA,TT,TT,AT,AT,GG,CC,AA,CT,CC,CC,CG,AC,AA,GG,GG,CC,TT,CC,GT,TT,GG,AA,AA,AA,TT,CC,GG,AC,AC,CC,GG,GG,AA,CG,TT,AA,AA,NN,GG,AT,AC,AA,AA,GG,TT,TT,AA,GG,GT,AA,CG,AT,TT,AA,GG,AA,TT,AA,TT,CC,CC,AA,CC,TT,GG,GG,CC,AG,CC,TT,TT,GT,GG,AT,AC,AC,AA,GG,CC,CG,GG,CC,GG,NN,AA,CC,TT,GG,CC,CC,AA,GG,CC,AT,CC,AA,AA,CC,CG,CC,TT,AA,CG,AA,AA,AA,AA,GG,AA,AG,AA,TT,GG,AA,AG,AC,AA,CC,AA,AA,GG,AG,GG,TT,AT,AG,TT,TT,TT,AA,AA,GG,GG,AA,4.5,Moderate,High,Premium,Medium
L0583,Warangal,Telangana,Rabi,Black Cotton,Irrigated,410,26.5,60,AA,TT,AG,AG,GG,CC,GT,TT,CC,CC,AA,TT,CC,AT,GT,GG,NN,TT,TT,AA,CG,GT,GT,CT,TT,CC,NN,TT,GG,AA,TT,CT,AA,CC,GG,CG,GG,CC,GG,AC,TT,TT,AA,TT,AA,AG,TT,AT,CC,CC,GG,AA,AA,GG,CC,GT,AA,AA,GT,AA,AA,TT,TT,AG,TT,TT,CC,GG,TT,GT,AG,GT,CC,NN,GG,AA,AT,GG,TT,CT,GG,GT,GG,NN,AA,GG,AA,AA,CC,GT,CC,TT,CT,TT,TT,GG,TT,CC,TT,CC,CC,CG,GG,AA,TT,TT,CG,AG,AG,AA,CC,GG,TT,CC,GT,AA,AA,TT,CG,AG,CC,GG,CC,GT,TT,AA,CT,CC,AC,CC,AG,TT,CC,AA,CC,CT,AA,TT,AA,AT,NN,CT,CC,GG,AA,GG,AA,CC,GT,CC,CC,AA,AG,GG,TT,GG,AC,TT,TT,GG,AC,TT,TT,TT,CG,AA,GT,TT,AA,TT,GG,CG,AA,CT,CC,NN,CG,CC,AA,GG,AA,CC,TT,CC,GG,GT,GG,AA,AA,AG,TT,CC,GG,AA,CC,CC,GG,GG,AA,CG,CT,AA,AA,CC,GG,AA,AC,AA,AT,GG,TT,AT,AT,GG,GG,AA,CC,TT,GT,AA,GG,AA,TT,AA,TT,CC,CT,AA,CC,TT,GG,AG,CG,AG,CC,TT,CT,GT,GG,TT,AC,AC,AG,GG,CC,CC,GG,CC,GG,AT,AA,CG,GT,GG,CC,CC,AA,AG,CC,AA,CC,AA,AA,AC,CC,CC,TT,AA,GG,AA,AA,AA,AA,GG,GG,AA,AA,AT,GG,AA,AA,AA,AC,CT,AA,AA,GG,GG,GG,TT,AT,AA,TT,TT,TT,AG,TT,GG,GG,AA,8.11,Resistant,High,Poor,Medium
L0584,Warangal,Telangana,Rabi,Black Cotton,Irrigated,410,26.5,60,AC,TT,GG,AA,GG,CC,GT,TT,CC,CG,NN,CC,CG,AT,TT,GG,GG,TT,TT,AA,CC,GT,GG,CT,TT,CC,GT,TT,GG,AA,CT,CT,AA,CC,NN,CG,GG,CC,GG,CC,TT,CT,AA,TT,AG,NN,TT,TT,CC,AC,GT,AA,AA,GG,CC,TT,AT,AC,TT,AC,AA,TT,TT,AA,TT,AA,CC,GG,TT,GT,AG,GT,CC,AA,GG,CC,AT,AG,TT,TT,GG,GT,GT,CC,AA,GG,AG,AA,CC,TT,CC,TT,CC,TT,GT,GG,TT,AC,GT,CT,CC,CG,AG,AA,TT,TT,CC,AA,AA,AA,CT,GG,TT,CC,GT,AA,AA,TT,CC,AA,CC,GG,CC,GG,TT,AA,CC,CC,CC,CG,AA,TT,AC,AA,CC,CT,AA,TT,AA,AA,GG,CT,CC,GG,AA,AA,AA,CC,GT,CC,CC,AA,AG,GG,TT,GG,AA,GT,CT,GG,CC,TT,TT,TT,CC,NN,TT,TT,AA,TT,GG,CC,AG,CC,CC,AC,GG,CC,AA,GG,AA,CC,TT,CC,GG,TT,GG,AT,AA,AA,TT,NN,CG,AC,AC,NN,GG,GG,AA,GG,TT,AA,AA,CC,GG,AT,CC,AT,TT,GT,GT,TT,TT,GG,GG,AT,CC,TT,TT,AA,GG,AA,TT,AA,TT,CC,CT,CC,CC,NN,GG,AA,CC,GG,AC,TT,TT,GT,GG,TT,AA,AC,AA,GG,CC,CG,GG,CC,GG,AT,AG,CC,TT,GG,CC,CC,AA,AG,CG,AA,CC,TT,AA,AC,CG,AC,TT,AA,GG,AA,AA,AC,AA,AG,AG,AA,AA,TT,GG,AA,GG,AA,AA,CT,AA,AA,GG,GG,NN,GT,AA,AG,GT,TT,TT,AG,AT,GG,GG,AA,7.35,Susceptible,High,Premium,Medium
L0585,Warangal,Telangana,Rabi,Black Cotton,Irrigated,410,26.5,60,AC,TT,GG,AG,GG,CC,GG,AT,CG,CC,AA,CC,CC,AA,TT,GG,GG,TT,TT,AG,CG,TT,TT,CT,TT,CC,GG,TT,GG,AA,TT,CC,AA,CC,GG,GG,GG,CG,GG,CC,TT,CT,AA,TT,AA,GG,TT,TT,CG,AA,GG,AT,AA,GG,CC,TT,AA,AC,GT,AC,AA,TT,AT,AA,CC,TT,CC,GG,TT,GG,AA,GG,CC,AA,AG,AA,AT,GG,TT,TT,GG,GG,GT,CC,AA,GG,AA,AA,CG,GT,AC,TT,CC,AA,GT,AG,CT,CC,GG,CC,CC,GG,AG,AA,AT,TT,CC,AA,AG,AA,CC,GG,GT,CC,GT,AA,AC,TT,CG,GG,CC,GG,CC,GT,CT,AA,CC,CC,CC,CC,AA,TT,CC,AA,CC,CC,AA,TT,AG,AA,GG,CT,CC,GG,AA,AA,AA,CC,GG,CC,CC,AA,AA,GG,TT,AG,AA,TT,CT,GG,CC,TT,GT,TT,GG,TT,GT,TT,TT,TT,CG,CC,AG,CC,CC,CC,CG,CC,AA,GG,AG,CC,TT,CC,GG,TT,GG,TT,AA,AA,TT,AC,GG,AC,CC,CC,GG,GG,AA,GG,TT,AA,AA,CC,GG,AA,CC,AA,AA,GG,GT,AT,AT,GG,GT,AT,CC,TT,TT,AA,GG,AA,CT,AA,TT,CG,TT,AA,CC,CC,CC,AG,CG,GG,CC,TT,CT,TT,GG,AT,AA,CC,AA,GG,CC,CG,GG,CC,GG,AT,AG,CG,GT,GG,CC,CC,AA,AA,CG,AA,CC,AA,AA,AC,CG,AC,TT,AA,GG,AA,AA,AA,AA,AA,AA,AA,AG,TT,GG,AA,AA,CC,AA,TT,AA,AG,GG,GG,GG,TT,AA,AA,GT,TT,TT,NN,NN,GG,GG,AA,5.95,Susceptible,Low,Premium,Early
L0586,Warangal,Telangana,Rabi,Black Cotton,Irrigated,410,26.5,60,AA,TT,GG,GG,GG,CC,GG,AT,CC,CC,AA,CC,CC,AT,GG,GG,GG,TT,TT,AA,CC,TT,TT,CC,TT,CC,TT,TT,GG,AA,TT,CC,AA,CC,GG,GG,GG,CG,GG,AC,TT,CT,AA,TT,AA,AG,TT,TT,CC,AC,GT,NN,AA,GG,CT,TT,AA,AA,GT,AA,AG,TT,TT,AG,CT,TT,CC,GG,TT,GT,AG,GG,CC,AA,AG,AA,AT,GG,GT,TT,GG,GT,GG,CC,AA,GG,AA,AA,CC,GT,CC,TT,CC,TT,TT,GG,CT,CC,GG,CC,CC,CC,AG,AA,TT,TT,CC,AA,AA,AA,CC,GG,GT,CC,TT,AA,AA,TT,CC,GG,CC,GG,CC,GT,TT,AA,CC,CC,CC,CC,AA,TT,CC,AA,CC,TT,AA,TT,AG,TT,GG,CC,CC,GG,AA,AG,AA,CC,TT,CG,CC,AA,AG,GG,TT,GG,AC,TT,CT,GG,CC,TT,TT,TT,CG,AT,TT,TT,AA,TT,GG,CC,AG,CC,CC,CC,CG,CC,AA,GG,AA,CC,TT,CG,GT,TT,GG,AA,AA,AG,TT,CC,GG,AA,CC,CC,GG,GG,AC,GG,TT,AA,AG,CC,GG,AA,AC,AA,AA,GG,TT,AT,AT,CG,GT,AA,CG,AA,TT,AA,GG,AA,CT,AA,TT,CC,TT,AA,CC,CT,NN,AA,CC,AG,CC,TT,TT,TT,GG,TT,AA,AC,AA,GG,CC,CC,GG,CC,GG,TT,AA,CC,TT,GG,CC,CC,AA,GG,CC,AT,CC,AA,AA,AC,CG,CC,TT,AA,GG,AA,AA,AC,NN,AA,AA,AA,AA,TT,GG,AA,AA,AA,AA,TT,AA,AA,CG,NN,GG,NN,AA,AA,TT,TT,TT,AA,AT,GG,NN,AA,7.67,Moderate,Medium,Poor,Medium
L0587,Warangal,Telangana,Rabi,Black Cotton,Irrigated,410,26.5,60,AA,TT,GG,AA,GG,CC,GG,AA,CC,CG,AT,CC,CC,TT,GT,GT,GG,TT,TT,AA,CG,TT,TT,CT,TT,CC,TT,TT,GG,AA,TT,CC,AA,CC,GG,CC,GG,CG,GG,AC,TT,CC,AA,TT,AA,GG,TT,AT,CC,AC,GG,AA,AA,GG,CC,TT,AT,AA,GT,AC,AG,TT,TT,AA,TT,AT,CC,GG,TT,GT,AA,GG,CC,AA,AG,AA,AT,GG,TT,TT,GG,GG,GG,CC,TT,GG,AA,AA,CC,TT,CC,TT,CT,TT,TT,GG,TT,CC,GT,CT,CC,GG,GG,AA,AT,TT,CC,AA,AA,CC,CC,GG,GT,CC,TT,AA,AA,TT,CC,GG,CC,GG,CC,GG,TT,AA,CC,CC,CC,CG,AA,TT,CC,AA,CC,CC,AA,TT,AG,AA,GG,CC,CC,GG,AA,AA,AA,AC,GG,CC,CC,AA,AG,GG,TT,GG,AA,TT,CT,GG,AC,GT,TT,TT,CG,TT,TT,TT,AA,TT,GG,CC,AG,TT,CC,CC,CG,CC,AA,GG,AA,CC,TT,CC,TT,GT,GG,TT,AA,AA,GT,AC,GG,AA,CC,CG,GG,GG,AC,CG,TT,AA,AA,CC,GG,TT,AC,AA,AT,GG,TT,TT,AA,GG,TT,AA,CC,TT,GT,AA,GG,AG,TT,AC,TT,CC,TT,CC,CC,TT,CC,AG,CC,NN,CC,AT,TT,GT,GG,TT,AC,AC,AA,NN,CC,CG,GG,CC,GG,AT,AA,CG,GT,GG,CC,CG,AA,GG,CG,AT,CC,AA,AA,NN,CC,CC,TT,AA,GG,AA,AA,CC,AA,AA,AG,GG,AA,TT,GG,AA,AG,CC,AA,CT,AG,AA,GG,GG,GG,TT,AA,AG,GT,TT,TT,AG,TT,GG,GG,AA,7.79,Susceptible,High,Standard,Medium
L0588,Warangal,Telangana,Rabi,Black Cotton,Irrigated,410,26.5,60,AA,TT,GG,NN,GG,CC,GG,TT,CC,CG,AT,TT,CG,AT,TT,GT,CC,TT,TT,AG,CC,GT,GT,NN,TT,CC,TT,NN,GT,AA,TT,CC,AA,CC,GG,GG,GG,CC,GG,CC,TT,CT,AC,TT,AG,AG,TT,TT,CC,AC,GG,AT,AA,GG,CC,GT,AA,AA,GG,AC,AA,GT,TT,AG,TT,TT,CT,GG,CT,GG,AG,GG,CC,AA,GG,AA,AA,GG,TT,NN,GG,GT,GG,CC,AA,GG,AA,AA,CG,GT,CC,TT,CC,TT,GT,GG,TT,CC,GT,CT,CC,CG,AA,AA,TT,TT,CC,AA,GG,AA,CC,GG,TT,CC,TT,AA,AC,TT,CG,GG,CG,AG,CC,GG,TT,AA,CC,CC,CC,CC,AA,TT,CC,AA,CC,CC,AA,TT,AA,AT,GG,CT,CC,GG,AA,AG,AA,AC,GG,CC,CC,AA,AG,AG,TT,GG,AA,GT,TT,GG,CC,GT,TT,CT,CC,AA,TT,TT,AT,TT,CG,CG,AG,CC,CC,CC,GG,CC,AA,GG,AA,CC,GT,CC,GT,TT,GG,TT,AA,AA,TT,CC,CG,AA,CC,CC,GG,GG,AC,GG,TT,AA,AA,CC,GG,AT,CC,AA,AA,GG,TT,AT,AT,GG,TT,AT,CG,TT,GG,AA,GG,AA,CT,AA,TT,CC,TT,NN,NN,CT,GG,AA,CC,GG,CC,TT,CT,TT,GG,AT,AA,AC,AA,GG,CC,CC,GG,CC,GG,AT,AA,CG,GT,GG,CC,CC,AT,GG,CG,AA,CC,AT,AA,CC,CG,AC,AT,AA,GG,AA,AC,AC,AA,GG,AA,AA,AA,AT,GG,AC,AA,CC,AC,CT,AA,AA,GG,GG,GG,GT,AA,AA,TT,TT,TT,AA,AT,GG,GG,NN,7.1,Resistant,Low,Standard,Medium
L0589,Warangal,Telangana,Rabi,Black Cotton,Irrigated,410,26.5,60,AC,TT,GG,AA,GG,CC,GG,TT,CC,CC,AA,CC,CG,AT,TT,GG,GG,TT,TT,AA,CC,GT,TT,CC,TT,CC,TT,TT,GG,AA,TT,CC,AA,CC,GG,CG,GG,CG,GG,CC,TT,CT,AC,TT,AA,AG,TT,TT,CC,CC,GG,AT,NN,GG,CC,GT,AA,NN,GT,AA,AG,TT,NN,AG,TT,AT,CC,GG,TT,GT,AA,GG,CC,AA,GG,AC,TT,GG,TT,TT,GG,TT,GT,CC,AT,GG,AA,AA,CG,GG,AC,TT,CT,AT,TT,AG,TT,CC,TT,CC,NN,CC,GG,AG,TT,TT,CC,AA,GG,AA,CT,GG,TT,CC,GT,AC,AA,TT,GG,AG,CG,GG,CT,GG,TT,AA,CC,CC,CC,CC,AA,TT,CC,AA,CC,CC,AG,TT,AA,AT,GG,CC,CC,GG,AG,AA,AT,CC,GT,CC,CG,AA,AG,AG,TT,AG,AC,GT,TT,GG,CC,TT,GG,CT,CC,AA,GT,CT,AA,TT,GG,CC,AG,CT,CC,CC,CC,CC,AA,GG,AG,CC,TT,CC,TT,TT,GG,AT,AA,AG,TT,CC,GG,AA,AC,CC,GG,GG,AC,GG,TT,AA,AA,CC,GG,AA,CC,AA,AT,GG,TT,AT,AA,GG,GG,AT,CC,TT,TT,AA,GG,AA,CT,AA,TT,CC,TT,AA,CC,CT,GG,AG,CG,GG,CC,TT,TT,GT,GG,TT,AC,AA,AA,GG,CC,CC,CG,NN,GG,TT,AA,CC,GT,GG,CC,CC,AT,GG,CC,AT,CC,AA,AA,AC,CC,CC,TT,AA,GG,AA,AA,AA,AA,AG,AG,AA,AA,AT,CG,AA,AA,AA,AC,TT,AA,AA,GG,NN,GG,TT,AA,AA,TT,TT,TT,GG,AT,GG,GG,AA,7.87,Susceptible,Low,Premium,Late
L0590,Warangal,Telangana,Rabi,Black Cotton,Irrigated,410,26.5,60,AA,TT,AG,AA,GG,CG,GG,TT,CC,GG,NN,TT,CC,TT,TT,GT,CG,TT,TT,AG,CC,TT,TT,CC,TT,CC,TT,TT,NN,AA,TT,CT,AA,CC,GG,CG,GG,CC,GG,AC,TT,NN,AA,GT,AA,AG,CT,TT,CC,AC,GG,AA,AA,CG,CC,GT,AA,AC,GG,CC,NN,TT,AT,AG,TT,AT,CC,GG,CT,GG,AA,GT,CC,AA,GG,CC,AA,GG,TT,TT,AG,GT,NN,CC,AA,GG,AA,AA,CC,GT,CC,TT,CC,TT,GT,GG,NN,CC,GG,CC,CT,CG,GG,AA,TT,TT,CC,AA,AG,AA,CC,GG,TT,CC,TT,AA,AA,TT,CC,GG,CC,GG,CT,GT,CT,AA,CC,CC,CC,CC,AA,TT,CC,AA,CC,CC,AA,TT,AA,AA,GG,CC,CC,GG,AA,AG,AT,CC,GT,CC,CC,AG,AA,AG,TT,GG,AA,TT,TT,GG,CC,NN,GT,TT,GG,AA,TT,TT,AT,AT,GG,CC,AA,CC,CC,CC,GG,NN,AA,GG,AA,CC,TT,CC,GT,TT,GG,AA,AA,AA,TT,AC,GG,AA,CC,CC,GG,GG,AA,GG,TT,AA,AA,CC,GG,AA,AC,AA,AA,GG,TT,AT,AT,GG,GT,AT,CC,AT,TT,AA,GG,AA,CT,AA,TT,CC,TT,NN,CC,TT,CG,GG,CC,AG,CC,TT,TT,GT,GG,AT,AA,AC,AA,GG,CC,CG,GG,CC,GT,TT,AA,CG,TT,GG,CC,CG,AA,AA,CC,AT,CC,TT,AA,CC,CC,AC,TT,AA,CG,AA,AA,AC,AA,AG,GG,AG,AA,TT,CG,AA,AG,AC,AA,CC,AG,AA,GG,GG,GG,TT,AT,AG,GT,TT,TT,AG,AT,GG,GG,AC,5.05,Resistant,Low,Premium,Late
L0591,Warangal,Telangana,Rabi,Black Cotton,Irrigated,410,26.5,60,AA,TT,GG,AA,GG,CG,GG,TT,CC,CC,AA,CC,CC,TT,TT,GG,GG,TT,TT,AA,CC,TT,TT,CC,TT,CC,TT,TT,GG,NN,TT,CC,AA,CC,GG,CG,GG,CG,GG,CC,TT,CT,AA,TT,NN,AG,TT,AA,CC,AA,GT,AA,AA,GG,CC,TT,AT,AA,GG,AC,AA,GT,TT,AA,TT,AT,CC,GG,CT,GT,AA,GG,CC,AA,GG,AC,NN,GG,GT,TT,GG,GT,GG,CC,AA,GG,AA,AT,CC,GT,CC,TT,CT,TT,GT,GG,TT,CC,TT,CC,CC,CG,GG,AA,AT,GT,CC,AA,AA,AA,TT,GG,TT,CC,TT,CC,AA,AT,CG,AA,CC,GG,CC,GT,TT,AA,CC,CC,CC,CC,AA,NN,CC,AA,NN,CC,AA,TT,AA,AA,GG,CT,CC,GG,AA,AA,AA,AC,GT,CC,CC,AA,AA,GG,TT,GG,AA,TT,CC,AA,AC,TT,GT,CT,CC,AA,TT,TT,AA,TT,GG,CC,AG,CC,CC,CC,CG,CC,AA,GG,AG,CC,TT,CG,GG,TT,GG,AT,AA,GG,TT,CC,GG,AA,CC,CC,GG,GG,AC,GG,TT,AC,AA,CC,GT,AA,AC,AA,AT,GT,GT,TT,AT,GG,NN,TT,CG,TT,TT,AA,GG,AA,TT,AC,TT,CC,TT,AA,CC,TT,CG,AG,CC,GG,CC,TT,CT,TT,GG,TT,AC,AC,GG,GG,CC,CC,GG,CC,GG,TT,AG,CC,GT,GG,NN,CG,AA,GG,CC,AA,CC,AA,AA,AC,CC,CC,TT,AA,GG,AA,AC,AC,AA,AG,AG,AA,AA,TT,GG,AC,AA,AC,AC,TT,AG,AA,GG,GG,NN,TT,AT,AA,GT,TT,TT,AA,TT,GG,GG,AA,8.34,Susceptible,Low,Poor,Medium
L0592,Warangal,Telangana,Rabi,Black Cotton,Irrigated,410,26.5,60,CC,TT,AG,AG,GG,CC,GG,AT,CC,GG,AA,CT,CG,AT,TT,GG,GG,TT,TT,AG,CC,TT,TT,CC,TT,CC,TT,TT,GG,AA,TT,CC,AA,CC,GG,GG,GG,CC,GG,CC,TT,NN,AC,GT,AA,GG,TT,AA,CC,CC,GG,AA,AA,GG,CC,TT,AT,AC,GG,AA,AA,TT,TT,AG,TT,AT,CC,GG,TT,GG,AG,GG,CC,AA,AA,AC,AT,GG,GT,TT,GG,GT,GG,CC,AA,AG,AA,AT,CC,TT,CC,TT,NN,TT,TT,GG,CT,CC,TT,CC,CC,CC,AG,AA,TT,TT,CC,AA,GG,AC,CC,GG,TT,CG,TT,AA,AA,NN,CC,GG,CG,GG,CC,GG,TT,AG,CC,CC,CC,CG,AA,GT,AC,AA,CC,CT,AA,TT,AA,AA,GG,CC,CC,GG,AA,AG,AA,CC,GT,CC,CC,AA,AA,GG,TT,GG,CC,TT,CT,GG,CC,TT,TT,TT,CC,AT,TT,TT,AA,TT,GG,CC,AG,TT,CC,CC,GG,AC,AA,GG,AA,CC,TT,CC,GT,TT,GG,AT,AA,AA,TT,AC,GG,AA,CC,CC,GG,GG,AA,CG,TT,AC,AA,CC,GG,AA,CC,AA,AT,GG,TT,TT,AA,GG,GT,AA,CG,TT,GT,AA,GG,AA,CT,AA,TT,CC,CT,AC,CC,TT,GG,AG,CG,AG,CC,TT,TT,GT,GG,TT,AC,CC,AA,GG,CC,CC,GG,CC,GG,AT,AA,CG,TT,GG,CC,CC,AA,AG,CC,AA,CC,AA,AA,AC,CG,AC,AT,AA,GG,AA,AA,AC,AA,AG,AG,AA,NN,AT,GG,AC,AA,CC,AA,CT,AG,AA,GG,GG,CG,NN,AA,AG,GT,TT,TT,AG,AT,GG,GG,AA,6.36,Moderate,High,Premium,Late
L0593,Warangal,Telangana,Rabi,Black Cotton,Irrigated,410,26.5,60,AC,TT,GG,AG,CG,CC,GT,TT,CC,GG,AA,CT,CC,TT,TT,GG,CG,TT,TT,AA,CC,TT,GT,CT,TT,CC,NN,TT,GG,AA,TT,CT,AA,AC,GG,CG,GG,CG,GG,CC,TT,TT,CC,NN,AA,GG,TT,AT,CC,NN,GG,AA,AG,NN,CC,TT,AT,AC,GT,AC,AA,TT,AT,AA,NN,AT,CC,GG,TT,GT,GG,GG,CC,AA,AG,AA,AA,GG,GT,CT,GG,GT,GG,CC,AA,GG,AA,AT,CG,TT,CC,TT,CT,TT,GT,GG,CT,CC,TT,CC,NN,CG,AA,AA,TT,TT,CC,AA,AA,AA,CC,GG,TT,CG,GT,AA,AA,TT,CG,NN,CG,NN,CC,GG,CC,AA,CT,CC,CC,CC,AA,TT,CC,AA,CC,CC,AA,NN,AA,AA,CG,CT,CC,GG,AA,AA,AA,AC,GT,CC,CG,AA,AG,GG,TT,GG,AA,TT,TT,GG,CC,TT,GT,TT,CC,AT,GG,TT,AA,AT,GG,CC,AA,TT,NN,CC,GG,CC,AA,GG,AA,CC,TT,CC,GG,GT,GG,TT,AA,AA,TT,CC,NN,AA,AC,CC,GG,NN,AA,GG,CT,NN,AA,CC,GG,AA,CC,AA,AA,GG,GT,AT,AA,CG,GT,AT,NN,AT,NN,AA,GG,AA,TT,AC,TT,CC,CT,AA,CC,TT,GG,AA,CC,AA,CC,TT,TT,GT,GG,TT,AA,CC,AA,GG,CC,CC,GG,CC,GG,AT,AA,CC,TT,GG,CG,CC,AA,GG,CC,AA,CC,AA,AA,CC,CC,NN,TT,AA,GG,AA,AA,AA,AA,AA,GG,AG,AA,AT,GG,CC,AA,AC,CC,CT,AA,AG,GG,GG,GG,TT,AA,AG,TT,TT,TT,AA,TT,GG,CG,AA,7.4,Resistant,Low,Premium,Early
L0594,Warangal,Telangana,Rabi,Black Cotton,Irrigated,410,26.5,60,AA,TT,AA,AA,GG,CC,GG,TT,CC,CG,AT,CC,CC,AT,TT,GG,GG,TT,TT,AA,CC,TT,GG,CC,AT,CC,TT,TT,GG,AA,TT,CC,AA,CC,GG,CG,NN,GG,GG,CC,TT,TT,AA,NN,AA,NN,CT,TT,CC,CC,GG,AA,AG,GG,CT,TT,AA,AC,TT,AC,AG,TT,AT,AA,TT,TT,CC,GG,TT,GT,AA,GG,NN,AA,GG,AC,AA,GG,TT,TT,GG,GT,GG,CC,NN,GG,AA,AA,CC,TT,CC,TT,NN,AT,TT,GG,CT,CC,GT,CC,CC,CC,GG,AG,AT,TT,CG,AA,GG,AA,CT,GG,TT,CC,TT,AA,AA,TT,GG,GG,CG,GG,CC,GG,TT,AA,CC,CC,AC,CC,AA,TT,CC,AA,CC,CC,AA,NN,AA,AA,GG,CT,CC,GG,AA,AA,AA,CC,GG,CC,CC,AA,AG,GG,TT,GG,AA,TT,TT,GG,AC,GT,TT,TT,CG,AA,TT,CT,AT,TT,GG,CC,AA,NN,CC,CC,CG,CC,AA,GG,AA,CC,TT,CC,GT,GT,CG,TT,AG,AA,TT,CC,GG,AA,CC,CC,GG,GG,AA,GG,TT,AC,AA,CC,GG,AA,CC,AT,AT,GG,TT,AA,AT,GG,GT,AA,CC,AT,TT,AA,GG,AA,TT,AA,TT,CC,TT,AA,AA,TT,GG,AG,CC,AG,CC,TT,TT,GT,GG,TT,AA,CC,AA,GG,CC,CC,GG,CC,GG,AT,AG,CG,GT,AG,CC,CC,AA,GG,CC,AT,CC,AT,AG,CC,CG,AC,TT,AA,GG,AA,AC,AC,AA,AG,AG,AA,AA,AT,GG,AA,AA,AC,AA,CC,AA,AA,GG,GG,GG,TT,AA,AG,GT,TT,TT,AG,TT,GG,GG,AA,8.5,Susceptible,Medium,Poor,Early
L0595,Warangal,Telangana,Rabi,Black Cotton,Irrigated,410,26.5,60,AA,TT,GG,AG,CG,CC,GG,TT,CC,CC,AA,TT,CC,TT,TT,GG,CG,TT,TT,AA,CG,TT,TT,CT,TT,CC,GT,TT,GG,AA,CT,CC,AA,CC,GG,CG,GG,CG,GG,CC,TT,TT,AA,TT,AA,GG,TT,TT,CC,AC,GG,AA,AG,GG,CC,GG,AA,AA,GG,AC,AG,TT,TT,AG,TT,TT,CC,GG,TT,GG,AA,GG,CC,AA,GG,AA,AT,GG,TT,TT,GG,TT,GG,NN,AA,GG,AA,AA,CC,TT,AC,TT,TT,TT,TT,AG,TT,AC,TT,CT,CC,CC,AG,AA,AT,TT,CC,AG,AG,AC,CC,GG,TT,CC,GT,AA,AA,TT,CC,GG,CC,GG,CC,GT,TT,AA,CT,CC,CC,CC,AG,TT,AC,AA,CC,CT,AA,TT,AA,AT,GG,CT,CG,AG,AA,GG,AA,AC,GG,CC,CC,AG,AG,AG,TT,GG,AC,TT,TT,AG,AA,TT,TT,TT,CG,TT,TT,TT,AA,TT,GG,CC,AA,CC,CC,CC,GG,CC,AA,GG,AA,CC,TT,CC,GT,TT,GG,AT,AG,AA,TT,CC,GG,AA,CC,CC,GG,GG,AA,GG,TT,AC,AA,CC,GG,AT,CC,AT,AT,GG,TT,AA,AT,CG,GG,AT,CG,TT,GT,AA,GG,AA,TT,AA,TT,CC,TT,AC,AC,TT,GG,GG,CC,AG,CC,TT,CT,GT,GG,TT,AA,AC,AA,GG,CC,CG,GG,CC,GG,NN,GG,CC,TT,GG,CC,CG,AA,GG,CC,AA,CG,AA,AA,AC,CC,AC,TT,AA,NN,AA,AA,AA,AA,GG,AG,AA,AA,TT,CG,AC,GG,CC,AA,TT,AA,AA,GG,GG,GG,TT,AA,AA,NN,TT,AT,AG,TT,GG,GG,AA,9.42,Susceptible,High,Poor,Medium
L0596,Warangal,Telangana,Rabi,Black Cotton,Irrigated,410,26.5,60,CC,TT,GG,AA,GG,CC,GT,TT,CC,CG,AA,CT,CG,AT,TT,GG,GG,TT,TT,AG,CC,TT,GT,CC,TT,CC,TT,TT,GG,AA,TT,CC,AA,CC,GG,CG,GG,CG,GG,CC,NN,CT,AA,TT,AG,AA,TT,TT,CC,AC,GG,AA,NN,GG,CC,TT,AT,AA,GT,AC,AA,TT,AT,AA,TT,TT,CC,GG,TT,GT,AA,GG,CC,AA,GG,AA,AT,GG,TT,TT,GG,GT,GT,CC,AT,AG,AA,AT,CC,TT,CC,TT,CT,TT,TT,GG,TT,CC,TT,CC,CT,CC,AG,AA,TT,TT,CC,AA,AA,AC,CC,GG,TT,CC,TT,CC,AA,TT,CG,GG,CG,GG,CC,GG,TT,AA,CC,CC,CC,CC,AA,TT,AC,AA,CC,CT,AA,AT,AA,AA,GG,CC,CC,GG,AA,AA,AA,CC,GG,CG,CC,AA,AG,AG,GT,AG,AA,TT,CT,GG,AC,TT,GT,TT,CC,AA,GT,TT,AA,TT,GG,CC,AA,CC,AC,CC,GG,CC,AA,AG,AA,CC,TT,CC,GG,TT,GG,AT,AA,AG,TT,CC,CC,AA,CC,CC,GG,GG,AA,GG,TT,AC,AG,CC,GT,AA,CC,AA,AA,GT,TT,TT,AT,GG,GG,AA,CC,AT,GG,AA,GG,AA,CT,AC,TT,CC,CT,AA,CC,TT,GG,AA,CC,AA,CC,AT,TT,NN,GG,TT,AC,NN,AA,GG,CC,CG,GG,CC,GG,AT,AA,CC,GT,GG,CC,CC,AT,GG,CG,AT,CC,AA,AA,AC,CC,AC,TT,AA,GG,AA,AA,AC,AC,AG,AG,AA,AA,AA,GG,AC,AG,CC,AA,TT,AA,AA,GG,GG,GG,TT,AA,GG,TT,TT,TT,AG,TT,GG,GG,AA,8.16,Moderate,Low,Poor,Early
L0597,Warangal,Telangana,Rabi,Black Cotton,Irrigated,410,26.5,60,AC,TT,GG,AG,CG,CC,GT,AT,CC,CC,AA,CC,CC,TT,TT,GG,GG,TT,TT,AA,CC,GT,TT,CT,TT,CC,TT,TT,GG,AA,TT,CT,AA,CC,GG,CG,NN,CC,GG,CC,TT,NN,AA,TT,AA,GG,TT,TT,CC,AC,GG,AA,AG,GG,CT,TT,AT,AA,TT,AC,AA,GT,AT,AA,CT,AT,CC,GG,NN,GG,AG,GG,CC,AA,GG,AC,AT,GG,TT,TT,GG,GG,GG,CC,AA,GG,AA,AA,CC,GG,CC,TT,TT,TT,GT,GG,TT,CC,TT,CC,CC,CC,AG,AA,TT,TT,CC,AA,AG,AA,CT,GG,TT,CC,TT,AC,AA,TT,CC,GG,CC,GG,NN,GG,NN,AA,CT,CC,CC,CC,AA,TT,AC,AA,CC,CC,NN,TT,AA,AT,GG,CT,CC,GG,AA,AG,AA,CC,GT,CC,CG,AA,AA,GG,GT,GG,CC,TT,CT,NN,AC,TT,TT,TT,CC,TT,GT,CT,AT,TT,GG,CC,AG,CC,NN,AC,CG,CC,AA,GG,AG,CC,TT,CC,GG,TT,GG,TT,AA,AA,TT,CC,GG,AA,AC,CC,GG,GG,AC,GG,TT,AA,AA,CC,GG,AA,CC,AA,AA,GG,TT,AT,TT,GG,GG,AA,CG,TT,TT,AA,GG,AA,CT,AA,TT,CC,TT,AA,CC,TT,CG,NN,CC,AG,CC,AT,TT,GT,GG,TT,AA,AC,AA,GG,CC,GG,GG,CC,GG,AT,AA,CG,GT,GG,CC,CC,AA,GG,CC,AA,CC,AA,AA,AC,CC,AA,TT,AA,GG,AA,AA,CC,AA,AG,AG,AA,AA,TT,GG,AA,AA,AC,AC,TT,AA,AA,GG,GG,CG,GT,AA,AG,NN,TT,AT,AG,AT,GG,GG,AA,5.82,Susceptible,High,Standard,Medium
L0598,Warangal,Telangana,Rabi,Black Cotton,Irrigated,410,26.5,60,AC,TT,GG,GG,CG,CC,GG,AT,CC,CC,AA,CC,CG,AT,TT,TT,CG,TT,TT,AA,CC,GT,TT,CC,TT,CC,TT,AT,GG,AA,TT,CC,AA,CC,AG,GG,GG,CC,GG,CC,TT,TT,AA,GT,AA,GG,TT,AT,CC,AC,GG,AA,AA,GG,CC,TT,AT,AA,TT,AC,AG,TT,TT,AG,CT,TT,CC,GG,TT,GG,AA,GG,CC,AA,GG,CC,AA,GG,TT,TT,GG,GG,GG,CC,AA,GG,AA,AA,CC,TT,CC,NN,TT,TT,TT,AG,CT,CC,TT,CC,CT,GG,AA,AA,NN,NN,CC,AA,GG,AC,CC,GT,NN,CG,TT,AA,AC,TT,CC,GG,CC,GG,CC,GG,CT,AA,CC,CC,CC,CC,AA,TT,CC,AA,CC,CC,AA,TT,AA,AA,GG,CC,CC,GG,AA,AA,AA,CC,GT,CC,CC,AA,AG,GG,TT,GG,AC,GT,CT,GG,AC,TT,TT,TT,CC,AA,TT,TT,AA,TT,CG,CC,AA,CT,CC,CC,GG,CC,AA,GG,GG,CC,TT,CG,GG,GT,CG,AT,AG,AA,TT,CC,GG,AA,AC,CC,GG,GG,AC,GG,TT,AA,GG,CC,GT,AA,AC,AA,NN,GG,TT,TT,AA,GG,GG,AA,CG,AT,TT,NN,GG,AA,TT,AA,TT,CC,TT,AA,CC,TT,GG,AG,CC,AG,CC,TT,TT,TT,GG,TT,AA,AA,AA,GG,CC,CG,GG,CC,GG,TT,AA,CG,TT,GG,CC,CC,AA,GG,CC,AT,CC,NN,AG,AC,CG,AC,TT,AA,CG,AA,AA,AA,AC,AG,AG,AA,AA,TT,GG,AA,AA,CC,AA,TT,AA,AA,CG,GG,GG,GT,AT,AA,TT,TT,TT,AA,TT,GG,GG,AA,8.55,Moderate,Medium,Standard,Early
L0599,Warangal,Telangana,Rabi,Black Cotton,Irrigated,410,26.5,60,AA,TT,GG,AG,CG,CC,GG,TT,CC,CG,AA,CC,CG,TT,TT,GG,GG,TT,TT,AA,CC,TT,TT,CC,TT,CC,TT,TT,GG,AA,TT,CC,AA,CC,GG,GG,GG,CC,GG,CC,TT,TT,AA,TT,AA,GG,TT,TT,CC,AC,GG,AA,AA,GG,CC,GT,AA,AA,GT,AC,AA,GG,AT,AA,CT,TT,CC,GG,TT,GT,AA,GG,CC,AG,GG,NN,AA,GG,TT,TT,GG,GG,GG,CC,AT,AG,AA,AA,CC,GT,AC,TT,NN,TT,TT,AG,TT,NN,TT,CC,CC,CC,AG,AA,AT,TT,CC,AA,AG,AA,CT,GG,GT,CC,GT,CC,AC,TT,CC,AG,CC,AA,CC,GG,CT,AG,CT,CC,CC,CC,AA,TT,CC,AA,CC,CT,AA,TT,AA,AT,GG,CC,CC,GG,AG,AG,NN,AC,GG,CC,CC,AA,AA,GG,TT,GG,AC,GT,CC,GG,CC,TT,TT,TT,CC,AT,GT,TT,AA,TT,GG,CC,AG,CC,CC,CC,CG,CC,AA,GG,AG,CC,TT,CC,GG,GT,GG,AT,AA,AA,TT,CC,GG,AA,AC,CC,GG,GG,AC,GG,TT,AA,AA,CC,GT,AA,AC,AA,AT,GG,GT,AT,TT,CG,TT,AT,CC,NN,TT,AA,GG,AA,CT,NN,TT,CC,TT,AA,CC,TT,CC,GG,CC,NN,CC,TT,CT,TT,GG,AT,AA,CC,AA,GG,CC,NN,GG,CC,GG,TT,AG,CC,TT,GG,CC,CC,AA,AG,GG,AT,CG,AT,AG,CC,CC,CC,TT,AA,GG,AA,AA,AC,AA,AG,AA,AA,NN,AT,GG,AA,AG,AC,AA,CT,AG,AG,GG,GG,GG,TT,AT,AA,TT,TT,TT,AG,AT,GG,GG,AA,7.78,Moderate,Low,Premium,Early
L0600,Warangal,Telangana,Rabi,Black Cotton,Irrigated,410,26.5,60,AA,TT,AG,AG,GG,CC,GT,TT,CC,CG,AA,CC,CC,AT,TT,GG,CC,TT,TT,AA,CC,TT,GT,CT,AT,CC,TT,AT,GT,AA,TT,CT,AG,AC,GG,CG,GG,CG,GG,CC,TT,TT,AA,TT,AA,GG,CT,TT,CC,AC,GG,AA,AA,GG,CT,TT,AA,AC,GT,AA,AG,GT,TT,AA,TT,TT,CC,GG,TT,GG,AG,GG,CC,AA,GG,CC,AA,AG,GT,TT,GG,GT,GT,CC,AA,GG,AA,AA,CC,GG,CC,TT,CC,TT,GT,GG,TT,CC,TT,CT,CT,CG,AG,AA,TT,TT,CC,AA,AG,AC,CC,GG,TT,CG,GT,AA,AA,TT,CC,GG,CG,GG,CC,TT,CT,AA,CC,CC,AC,CC,AA,TT,CC,AA,CC,CC,AA,TT,AA,NN,CG,CT,CC,GG,AG,AG,AT,CC,GG,CC,CC,AA,AA,GG,TT,GG,AC,TT,TT,GG,AC,TT,TT,TT,CG,AA,TT,TT,AT,TT,GG,CC,AA,CT,CC,AC,CC,AC,AA,NN,AG,CC,TT,CC,GT,TT,GG,AT,AA,AA,TT,CC,CG,AC,AC,CC,GG,GG,AA,GG,NN,AC,AA,CC,GG,AT,AC,AA,AT,GG,TT,AT,AT,GG,GT,AT,CC,AT,GT,AA,GG,AA,TT,AA,TT,CC,TT,AA,CC,TT,GG,AA,CG,AG,AC,TT,CT,TT,GG,TT,AA,AC,AG,GG,CC,CC,GG,CC,GG,AT,AA,CC,TT,GG,CC,CG,AA,AG,CG,AT,CC,AT,AA,AC,CG,AC,TT,AG,GG,AA,AA,AC,AC,GG,GG,AA,AA,TT,GG,AA,AA,AC,AA,CT,AA,AA,GG,NN,CG,TT,AA,AA,TT,TT,TT,AA,TT,GG,GG,AA,9.05,Susceptible,Low,Standard,Late
L0601,Warangal,Telangana,Rabi,Black Cotton,Irrigated,410,26.5,60,AA,CT,GG,AG,GG,CG,GG,TT,CC,CG,AA,CC,CG,TT,TT,GT,CC,TT,TT,AA,CC,GT,GT,CC,TT,CC,GT,TT,GG,AA,TT,CT,AA,CC,AG,CG,GT,CG,GG,CC,TT,CT,AA,TT,AA,AA,TT,AT,CC,AA,GT,AA,AA,GG,CT,TT,AA,AC,GG,AC,AA,TT,AT,AA,TT,TT,CC,GG,TT,GT,AA,GG,CC,AA,GG,AC,AT,GG,TT,TT,GG,GG,GG,CC,AA,GG,AA,AA,CC,TT,AC,TT,CC,TT,TT,GG,CT,CC,TT,CC,CC,CG,GG,AA,TT,TT,CC,AA,AA,AA,CC,GG,TT,CG,GT,AA,AC,TT,CC,AA,CC,GG,CC,GT,CT,AA,CC,CC,CC,CC,AA,TT,CC,AA,CC,CT,AA,TT,AA,AA,GG,CT,CC,GG,AA,AA,AA,AA,GG,CC,CC,AA,AA,GG,TT,GG,AA,TT,CT,AG,CC,TT,TT,TT,CC,AA,TT,TT,NN,TT,GG,CC,AG,CC,CC,CC,CG,CC,AA,GG,AG,CC,TT,CG,GG,GT,NN,AT,AG,NN,TT,CC,GG,AA,CC,CC,GG,GG,AA,GG,TT,AA,AG,CC,GG,AA,AC,AA,AA,GG,TT,TT,AT,GG,NN,AT,CC,TT,GT,AA,GG,AA,NN,AA,TT,CC,TT,AC,CC,TT,GG,AG,CG,GG,CC,AT,CT,GG,GG,TT,AC,AC,AA,GG,CC,CC,GG,CC,GG,TT,AA,CC,TT,GG,CC,CC,AA,GG,CC,AA,CC,AA,AA,AC,CG,CC,TT,AA,GG,AA,AA,AA,AA,GG,AA,AA,AA,AA,GG,AA,AA,AA,AA,CC,AA,AA,GG,GG,GG,TT,AA,AA,TT,TT,TT,AA,TT,GG,CG,AA,6.42,Susceptible,Low,Poor,Late
L0602,Warangal,Telangana,Rabi,Black Cotton,Irrigated,410,26.5,60,AC,CT,GG,GG,GG,CC,GT,TT,CC,CG,TT,CC,CC,TT,TT,GG,GG,TT,TT,AA,CG,TT,GT,CC,AT,CC,TT,TT,GG,AA,TT,CC,AA,CC,GG,GG,GG,CG,GG,AC,NN,NN,AA,TT,AG,NN,TT,TT,CC,AC,GG,AA,NN,GG,CC,TT,AA,AA,GT,AC,AA,TT,AT,GG,TT,AT,CC,GG,TT,GG,AG,GG,CC,AA,GG,AA,AA,GG,TT,TT,AG,GT,GT,CC,AT,GG,AA,AA,CC,TT,CC,TT,CC,TT,TT,GG,CT,AC,TT,CC,CT,NN,AG,AA,TT,TT,CC,AA,AA,AC,CC,GG,TT,NN,GT,AA,AA,TT,CC,NN,CC,AG,CT,GG,CT,AA,CT,CG,CC,CC,AA,TT,CC,AA,CC,CT,AA,TT,AG,AA,GG,CC,CC,GG,AA,AG,AA,CC,GT,CC,CG,AG,AA,GG,TT,GG,AA,GT,TT,GG,AA,GT,GG,TT,CG,AT,TT,TT,AA,TT,GG,CC,AG,CC,CC,CC,NN,CC,AA,GG,AA,CC,TT,CC,GG,TT,GG,AT,AA,AA,TT,CC,CG,CC,CC,CC,GG,GG,AC,GG,TT,AA,AA,CC,NN,AA,CC,AA,AA,GG,TT,TT,AT,CG,GT,AT,CC,AT,TT,AA,GG,AA,CT,AA,TT,CC,TT,NN,AC,CC,GG,AG,CG,AG,AC,TT,TT,TT,GG,TT,AA,AC,AG,GG,NN,CG,GG,CC,GT,AT,AA,CC,GT,GG,CC,CC,AA,GG,CC,AT,CG,AT,AG,CC,CC,AA,TT,AA,GG,AA,AA,AC,AA,GG,AA,AG,AA,TT,GG,AA,AA,AC,AA,CC,AA,AG,GG,GG,CG,TT,AA,AA,TT,TT,TT,AA,NN,GG,GG,AC,9.01,Resistant,Low,Poor,Medium
L0603,Warangal,Telangana,Rabi,Black Cotton,Irrigated,410,26.5,60,AA,TT,GG,AA,GG,CC,GG,AT,CC,GG,AA,CC,CC,TT,GT,GG,GG,TT,TT,AA,CG,TT,GT,CC,TT,CC,TT,TT,GG,AA,TT,CC,AG,CC,GG,GG,GG,GG,GG,AC,TT,TT,AA,TT,AG,AG,TT,TT,CC,AA,GG,AA,AG,GG,CC,TT,AA,AA,GT,CC,AA,TT,TT,AG,TT,TT,CC,GG,TT,GT,AG,GG,CC,AA,GG,AC,AT,GG,TT,TT,GG,GG,GG,CC,AA,GG,AA,AT,CC,GT,CC,TT,CT,TT,GG,GG,TT,CC,TT,CC,CT,CC,GG,AA,TT,TT,CC,AG,GG,AA,CC,GG,TT,CC,GT,AA,AA,TT,CC,AG,CG,AG,CC,TT,TT,AA,CC,CC,CC,CC,AA,NN,CC,AA,CC,CC,AA,TT,AA,AT,GG,CC,CC,GG,AA,AG,AA,AC,GT,CC,CC,AA,AA,GG,TT,GG,AA,GT,CC,GG,AC,TT,TT,TT,CC,AA,GT,TT,AA,AT,GG,CG,AA,CT,AC,CC,CG,CC,AA,GG,AG,CC,TT,CC,GG,TT,GG,AT,AA,AA,GT,AC,CG,AA,CC,CC,GG,AG,AA,CG,CT,AA,AA,CC,GG,AA,AC,AA,AA,GG,TT,TT,AT,CG,GT,AA,CC,AT,GT,AA,GG,AA,TT,AA,TT,CG,TT,AA,CC,TT,CG,AA,CC,AG,CC,TT,TT,GT,GG,AT,AA,CC,AG,GT,CC,CC,GG,CC,GG,AT,AA,CC,TT,GG,CC,CG,AA,GG,CC,AA,CC,AT,NN,AC,CG,CC,AT,AA,GG,AA,AA,AC,AA,AG,AG,AA,AA,TT,GG,AA,AA,CC,AA,TT,AG,AG,GG,GG,GG,TT,AT,AA,GT,TT,TT,AG,TT,GG,GG,AA,6.0,Susceptible,High,Poor,Medium
L0604,Warangal,Telangana,Rabi,Black Cotton,Irrigated,410,26.5,60,AA,TT,GG,AA,GG,CG,GG,TT,CC,CG,AA,CC,CC,TT,TT,GG,CG,TT,AA,AA,CC,TT,TT,CC,TT,CC,GT,AT,GT,AA,TT,CC,AA,AC,GG,CG,GG,GG,GG,CC,TT,CT,AA,TT,AA,AA,TT,TT,CC,AC,GG,AA,AA,GG,CC,TT,AA,AC,GT,AC,AA,TT,TT,AG,TT,TT,CT,GG,TT,GT,AG,GG,CC,AA,GG,AC,TT,GG,TT,TT,GG,GT,GG,CC,AA,GG,AA,AA,CC,GG,CC,TT,CC,AT,GT,GG,TT,CC,TT,CC,CC,CC,AG,AA,TT,NN,CC,AA,NN,AC,CC,GG,TT,CC,TT,AA,AC,TT,GG,AG,CG,GG,CC,GG,TT,AA,CC,CC,CC,CG,AA,TT,AC,AA,CC,CC,AA,TT,AA,AA,GG,CC,CC,GG,AA,AG,AA,CC,GG,CC,CC,AA,AA,GG,TT,GG,CC,TT,CT,GG,CC,GT,TT,TT,CC,AA,GT,TT,AA,AT,GG,CC,AA,CC,CC,AC,CC,CC,AA,GG,AA,CC,TT,CC,GG,TT,GG,AT,AA,AA,GT,AC,GG,AC,CC,CC,GG,GG,CC,GG,TT,AC,AA,CC,GT,AA,AC,AA,AT,GG,TT,TT,AT,GG,GG,AT,CG,TT,GT,AA,GG,AA,CT,AA,TT,CC,TT,AC,AC,TT,GG,AA,CC,AG,CC,AT,NN,GG,GG,TT,AA,CC,AG,GG,CC,CC,GG,CC,GG,TT,AA,CC,GT,GG,CC,CC,TT,GG,CG,AA,CC,AT,AA,CC,CG,AC,TT,AA,GG,AT,AC,AA,AA,AG,AG,AA,AG,AT,GG,AA,AA,AC,AA,TT,AA,AA,GG,GG,GG,TT,AA,AA,GT,TT,TT,AG,TT,GG,GG,AA,6.08,Susceptible,Medium,Poor,Medium
L0605,Warangal,Telangana,Rabi,Black Cotton,Irrigated,410,26.5,60,AC,TT,GG,AA,CG,CC,GG,TT,CG,CG,AA,CC,CG,AA,TT,GG,GG,TT,TT,AA,CC,GG,GT,CC,TT,CC,TT,AT,GG,AA,TT,CC,AA,CC,GG,GG,GG,CC,GG,CC,TT,NN,AA,GT,AA,GG,CT,TT,CC,AC,GG,AA,AA,GG,CC,TT,AA,AC,GG,AA,AG,TT,AT,AA,TT,AT,CC,GG,TT,GT,AA,GG,CC,AA,GG,CC,AT,GG,TT,TT,GG,NN,GG,CC,AA,GG,AA,AT,CG,TT,CC,TT,NN,TT,GT,GG,CT,CC,GT,CC,CC,CG,AG,GG,TT,TT,CC,AA,AG,AC,CC,GG,TT,CC,TT,AA,AA,TT,CC,GG,CC,GG,CC,GT,TT,AA,CC,CC,NN,CC,AA,TT,CC,AA,CC,CC,AA,AT,AA,AA,GG,CT,CC,GG,AA,AG,AA,CC,GG,CC,CC,AA,NN,GG,TT,GG,AA,TT,CT,GG,AA,GT,TT,TT,CC,AA,GT,TT,AA,TT,GG,CC,AA,CT,CC,CC,CG,CC,AA,GG,AA,CC,TT,CC,GG,GG,GG,AT,AA,AG,TT,CC,CG,AA,CC,CC,GG,GG,AA,GG,TT,AA,AA,CC,GG,AA,CC,AA,AT,GT,TT,TT,TT,GG,TT,AT,CC,TT,TT,AA,AG,AA,TT,AA,TT,CG,TT,AA,CC,TT,GG,AA,CC,AA,CC,TT,CT,TT,GG,AT,AC,CC,AA,GT,CC,GG,GG,CC,GG,AT,AA,CC,TT,GG,CC,CG,AA,GG,CC,TT,CC,AA,AA,AC,CC,CC,TT,AA,GG,AA,AC,AC,AA,AA,AA,AG,AA,TT,CG,AC,AG,AC,AA,CT,AA,AG,GG,AG,GG,TT,AT,AA,GT,TT,TT,AA,TT,GG,CG,AA,7.26,Susceptible,Medium,Poor,Late
L0606,Warangal,Telangana,Rabi,Black Cotton,Irrigated,410,26.5,60,CC,CT,GG,AG,GG,CC,GT,AT,CC,CG,AA,CC,GG,TT,TT,GG,CG,NN,TT,AA,CG,TT,GT,CC,TT,CC,TT,TT,GT,AA,TT,CT,AA,CC,GG,CG,GG,CG,GG,CC,TT,TT,AA,TT,AA,GG,TT,TT,NN,CC,GT,AA,AG,GG,CT,TT,AA,AA,GG,AC,AA,TT,AT,AA,TT,TT,CC,GG,TT,GG,AA,GG,CC,AA,AG,AA,AA,GG,TT,TT,GG,TT,GG,CC,AA,GG,AA,AA,CG,TT,CC,TT,CT,TT,TT,AA,TT,CC,TT,CC,CT,CG,AG,AA,TT,TT,CC,AA,AG,AA,CC,GG,TT,CC,TT,AA,AA,TT,CC,AA,CC,GG,CC,GT,TT,AG,CC,CC,CC,CC,AG,TT,AC,AA,CC,CC,AG,AT,AA,AT,CG,CC,CC,NN,AA,GG,AA,AC,NN,CC,CC,AA,GG,GG,TT,GG,AC,TT,TT,AG,AC,TT,TT,TT,CC,AT,GT,TT,AA,AT,GG,CC,NN,CC,CC,CC,CG,CC,AA,GG,AG,CC,TT,CC,GT,TT,CG,AT,AA,AA,TT,AC,GG,AA,AC,CG,GG,GG,NN,GG,TT,AA,AA,CC,GG,AA,CC,AA,AA,GT,TT,NN,AA,CG,GT,AT,CC,AT,TT,AA,GG,AA,CT,AA,TT,CC,NN,AA,CC,CT,GG,GG,CC,AA,CC,TT,CT,GT,GG,TT,AA,AA,AG,GG,CC,CC,GG,CC,GG,AA,AG,CC,GT,GG,CC,CC,AA,AG,CC,AA,CG,AA,AA,AC,CC,CC,TT,AA,GG,AA,AA,AC,AA,AA,AA,AG,AA,TT,GG,AA,AA,AC,AA,TT,AA,AA,CG,GG,CG,GT,AA,AA,TT,TT,TT,AG,TT,GG,GG,AA,6.48,Moderate,Low,Standard,Medium
L0607,Warangal,Telangana,Rabi,Black Cotton,Irrigated,410,26.5,60,AC,TT,GG,AG,GG,CC,GG,TT,CC,GG,AA,CT,CG,TT,TT,GG,GG,TT,TT,AA,CC,GG,TT,CC,TT,CC,TT,TT,GG,AA,TT,CC,AG,CC,GG,GG,GG,CG,GG,CC,GT,CT,AA,TT,AA,AG,CT,TT,CC,AC,GG,AA,AG,CG,CT,TT,AT,AC,GG,AA,AA,TT,TT,GG,TT,TT,CC,GG,CT,GG,AA,GG,CC,AA,AG,AA,AT,AG,GT,TT,GG,GG,GG,CC,AA,AG,AA,AA,CG,GT,CC,TT,CC,TT,GT,GG,TT,CC,TT,CC,CC,NN,AG,AA,TT,TT,CC,AA,AA,AA,CC,GG,GT,CC,GT,AA,AA,TT,CC,GG,CC,AG,CC,GT,CT,AA,CT,CC,NN,CC,AA,GT,CC,AC,CC,CC,AA,NN,AA,AA,GG,CC,CC,GG,AA,GG,AA,CC,GT,CC,NN,AA,NN,GG,GT,GG,AC,TT,CT,GG,NN,TT,TT,TT,CG,AT,GT,CC,AA,TT,GG,CC,AA,CT,CC,CC,CG,CC,AA,GG,GG,CC,TT,CC,GT,GT,CG,NN,AA,AA,TT,CC,CG,AC,CC,CG,GG,GG,AC,CG,TT,AC,AA,CC,GG,AA,CC,AA,AT,GT,GT,AA,AA,CG,GT,AT,CG,AT,TT,AA,GG,AA,CT,AA,TT,CC,TT,AA,CC,CT,GG,AG,CC,AG,AC,TT,TT,TT,GG,TT,AA,AC,AA,GG,CC,CG,GG,NN,GG,TT,AA,CC,TT,GG,CC,CC,AA,GG,CC,AA,CC,AA,AA,CC,CG,AC,TT,AA,GG,AA,AA,AA,AA,GG,AA,AA,AA,TT,GG,AA,AG,CC,AA,CT,AA,AG,GG,GG,GG,GT,AA,AA,GT,TT,TT,AG,TT,GG,CG,AA,7.93,Resistant,Medium,Standard,Medium
L0608,Warangal,Telangana,Rabi,Black Cotton,Irrigated,410,26.5,60,AC,TT,AA,AG,GG,CG,GG,TT,CC,GG,AT,CT,CG,AT,TT,GG,GG,TT,TT,AA,CC,TT,TT,CC,TT,CC,TT,TT,GG,AA,TT,CT,AG,CC,GG,CG,GG,CG,GG,CC,TT,CT,AC,TT,AA,AG,TT,AT,CC,AC,GG,NN,AA,GG,CC,TT,AA,AC,GG,AC,AA,TT,TT,AA,TT,AT,CC,GG,TT,GG,AA,GG,CC,AA,GG,AC,AT,GG,TT,TT,GG,GG,GT,CC,AA,GG,AA,AA,CC,TT,CC,TT,CT,TT,TT,GG,CT,CC,TT,CC,CT,GG,AG,AA,TT,GT,CC,AA,AA,AA,CC,GG,TT,CG,TT,AC,AA,TT,CC,GG,CC,GG,CC,GT,CT,AA,TT,CC,CC,CC,AG,TT,CC,AA,CC,CC,AA,TT,GG,AT,NN,CT,CC,GG,AG,AG,AA,CC,NN,CC,CC,AA,AA,AG,TT,GG,AC,TT,CT,GG,AC,TT,TT,TT,CG,AT,TT,CT,AT,AT,GG,CC,AA,NN,CC,CC,GG,CC,AA,GG,AG,CC,TT,CC,GG,TT,GG,AT,AA,AG,TT,CC,GG,AA,AC,CC,GG,NN,AA,GG,TT,AC,AA,CG,GG,AA,CC,AA,AA,GG,TT,AT,AA,GG,GT,AA,CC,AT,TT,AA,GG,AA,TT,AA,TT,CC,CT,NN,CC,TT,GG,AA,CC,GG,AC,TT,CT,TT,GG,AT,AA,CC,AA,GG,CC,CG,GG,CG,GG,AT,AA,CC,TT,GG,NN,CC,AA,GG,CC,TT,CC,AA,AG,AC,CC,AC,TT,AA,GG,AA,NN,AC,AA,AG,AG,AG,AA,TT,GG,AA,AA,CC,AA,CT,AG,AA,GG,GG,CG,TT,AA,AA,TT,TT,TT,AG,TT,GG,GG,AC,8.03,Resistant,High,Poor,Late
L0609,Warangal,Telangana,Rabi,Black Cotton,Irrigated,410,26.5,60,AC,CC,GG,AA,GG,CC,GG,TT,CC,CG,AA,CT,CC,TT,TT,GG,GG,TT,AT,AG,CC,TT,TT,CC,TT,CC,TT,TT,GG,AA,NN,TT,AA,CC,GG,GG,GG,CC,GG,CC,TT,CT,AC,NN,AA,GG,TT,AT,CC,AA,GG,AT,AA,GG,CC,TT,AT,AA,TT,AA,AA,TT,TT,AG,TT,TT,CC,GG,TT,GG,NN,GT,CC,AA,AG,AA,AT,GG,GT,CT,GG,GT,GG,CC,AA,GG,NN,AA,CC,TT,NN,TT,CT,TT,TT,GG,CT,CC,TT,CT,CC,CC,AG,AA,TT,GT,CC,AA,AG,AA,CT,GG,GT,CG,TT,AA,AA,AT,CC,AG,CG,GG,CC,GT,CC,AG,CC,CC,CC,CC,AA,TT,CC,AA,CC,CC,NN,AT,AA,AA,GG,CT,CG,GG,AA,AG,AA,CC,GT,CC,CC,AA,AG,GG,GT,AG,AC,TT,TT,GG,AC,TT,TT,NN,CC,AA,TT,TT,AA,AT,GG,CC,AG,CT,AC,CC,GG,AC,AA,GG,AG,CC,TT,CC,TT,NN,NN,AA,AA,AG,TT,CC,GG,AA,AA,CC,GG,GG,AC,GG,TT,AC,AG,CG,GG,AA,CC,AA,AA,GG,TT,TT,AA,GG,GT,AA,CG,AT,GG,AA,GG,AA,TT,AA,TT,CC,TT,AC,AC,TT,GG,AG,CG,AG,AA,TT,CT,GG,GG,TT,AA,CC,AA,GG,CC,GG,GG,CC,GG,AT,AA,CC,TT,GG,CC,CC,AA,GG,CC,AT,NN,AA,AA,CC,CC,AC,TT,AA,GG,AA,CC,AC,AA,GG,AG,AA,AA,TT,GG,AA,AG,CC,AC,TT,AA,NN,CG,GG,GG,GT,AT,AA,GT,TT,TT,AA,TT,NN,GG,AA,9.09,Resistant,Medium,Poor,Early
L0610,Warangal,Telangana,Rabi,Black Cotton,Irrigated,410,26.5,60,AC,TT,GG,AA,GG,CC,GT,TT,CC,CG,AA,CC,GG,TT,GT,GT,CG,AT,TT,AA,CC,TT,TT,CC,TT,CC,TT,TT,GG,AC,TT,CC,AA,CC,GG,GG,GG,CC,GG,CC,TT,CT,AA,GT,AA,AG,CT,TT,CC,AC,GG,AT,AG,GG,CT,GT,AA,AC,GG,AC,AA,TT,TT,AA,CC,AT,CC,GG,TT,GT,GG,GG,CC,AA,GG,AC,AT,AG,TT,TT,GG,GT,GG,CC,AA,GG,AA,AA,CC,TT,CC,TT,CC,AT,TT,GG,CT,CC,TT,CC,CT,NN,GG,AA,AT,TT,CC,AA,GG,NN,CC,GG,TT,CC,TT,CC,AA,TT,CC,GG,CG,GG,CC,GT,TT,AG,CC,CC,CC,CG,AA,TT,CC,AA,CC,CC,AG,TT,AA,AT,GG,CC,CC,GG,AA,AG,AT,CC,TT,CC,CC,AA,AA,NN,GT,GG,AA,TT,CT,AG,CC,TT,TT,CT,CG,AT,TT,CT,AA,TT,GG,CC,AG,CT,CC,CC,GG,CC,AA,GG,AG,CC,TT,CC,TT,GG,CC,AT,AA,AG,TT,CC,GG,AA,CC,CC,GG,GG,AC,CG,NN,AA,AA,CC,GG,AT,AC,AA,AA,GG,TT,TT,AA,GG,GT,AA,CG,TT,TT,AA,GG,AA,CC,AA,TT,CC,TT,AC,CC,TT,CG,AA,CG,AA,CC,TT,CT,TT,GG,TT,AC,AC,AA,GG,CG,CG,GG,CC,GG,AT,AA,CC,TT,GG,NN,CC,AA,GG,CG,AT,CC,AA,AA,AC,CC,CC,TT,AA,CG,AA,AC,AC,AC,AG,AG,AA,AA,TT,GG,AC,AA,AC,AA,CT,AG,AA,GG,GG,GG,TT,AA,AA,GT,TT,TT,AG,TT,GG,CG,AA,7.52,Moderate,High,Premium,Late
L0611,Warangal,Telangana,Rabi,Black Cotton,Irrigated,410,26.5,60,AA,TT,GG,AG,GG,CC,GG,TT,CC,CG,AA,CC,CC,AT,GT,GT,CG,TT,TT,AA,CC,GT,TT,CT,TT,CC,TT,AT,GG,AA,TT,CC,AA,CC,GG,GG,GG,CC,GG,CC,TT,TT,AC,GT,AA,GG,CT,AT,CC,AA,GG,AA,AA,GG,CC,TT,AT,AC,GG,AA,AA,TT,AA,AA,TT,TT,CT,GG,TT,TT,AG,GG,AC,AA,GG,AC,AT,GG,TT,TT,GG,GG,GG,CC,AA,GG,AA,AA,CG,GT,CC,TT,CT,TT,GT,GG,TT,AC,GT,CT,CC,CC,AG,AA,TT,TT,CG,AA,GG,AC,CC,GG,TT,CC,TT,AA,AA,TT,CC,AG,CC,GG,CC,GG,CT,AA,CC,CC,AC,CG,AA,TT,CC,AA,CC,CC,AA,AT,AG,AT,GG,CT,CC,GG,AA,GG,AT,CC,GT,CC,CC,AA,AA,GG,GT,GG,CC,GT,TT,GG,CC,GG,TT,TT,CC,AA,GG,TT,AT,AA,GG,CC,AG,CT,CC,CC,CG,CC,AA,GG,AA,CC,TT,CC,GG,GT,GG,AT,AA,AA,TT,CC,GG,AA,CC,CC,GG,GG,AC,GG,TT,AA,AA,CG,TT,AT,AC,AA,AT,GT,GT,TT,AA,CG,TT,AT,CC,TT,GT,AA,GG,AA,TT,AA,TT,CC,TT,AA,CC,TT,CC,AG,NN,AG,CC,AT,TT,TT,CG,TT,AA,CC,NN,GG,CC,CC,GG,CC,GG,AT,AA,CC,GT,GG,CC,CC,AA,GG,CC,AT,CG,AA,AA,CC,CG,AA,TT,AA,GG,AA,AC,AA,AA,GG,GG,AA,AA,AT,GG,AC,AA,CC,AA,CT,AA,AA,GG,GG,GG,GT,AA,AA,GT,TT,TT,AG,AT,GG,GG,AA,7.78,Susceptible,Low,Premium,Early
L0612,Warangal,Telangana,Rabi,Black Cotton,Irrigated,410,26.5,60,AC,TT,GG,GG,GG,CC,GT,AT,CC,CC,AA,CT,CC,TT,TT,GG,NN,TT,TT,AG,CC,TT,TT,CT,TT,CC,GT,TT,GT,AA,CT,CC,AA,CC,GG,CG,GG,CC,GG,CC,TT,TT,AA,GT,AA,AG,TT,TT,CC,CC,GG,AA,AA,GG,CT,TT,AA,AC,GT,AA,AG,TT,AT,AA,TT,AT,CC,GG,CT,GG,AG,GG,CC,AA,AG,AA,AA,GG,GT,TT,GG,GG,GG,CC,AA,GG,AA,AA,CC,TT,AC,TT,CC,TT,TT,GG,CT,CC,TT,CC,CT,GG,AA,AA,TT,TT,CC,AA,AA,AA,TT,GG,TT,CG,TT,AC,AC,AT,CC,GG,CC,GG,CC,GG,TT,GG,CC,CC,CC,CC,AG,GG,CC,AA,CC,CC,AA,TT,AA,AA,GG,CC,CC,GG,AA,AA,AA,CC,GG,CC,CC,AA,AA,NN,GT,AG,AA,GT,CC,AG,AC,TT,GT,TT,CG,AA,NN,TT,NN,AT,GG,CC,AG,CC,CC,CC,CC,CC,AA,AG,AG,CC,TT,CC,GG,GG,CG,AT,AA,AA,TT,AC,GG,AC,CC,CC,CG,GG,AA,GG,TT,AA,AA,CC,GT,AA,AC,AA,AA,GT,TT,AT,AT,GG,TT,AT,CC,TT,TT,AA,GG,AG,TT,AA,TT,CC,TT,AC,CC,TT,CG,AG,CC,AG,CC,TT,TT,GT,GG,TT,AC,AC,AA,GG,CC,CC,GG,CC,GG,TT,AA,CC,TT,AG,CC,CC,AA,GG,CC,AA,CC,AA,AA,AC,CC,AC,AT,AA,CG,AA,AA,AA,AA,AA,AG,AA,AA,AT,GG,AC,AA,AC,AA,TT,AG,AG,GG,GG,CG,TT,AA,AA,GT,AT,TT,AG,TT,GG,CG,AA,5.82,Susceptible,Low,Standard,Early
L0613,Warangal,Telangana,Rabi,Black Cotton,Irrigated,410,26.5,60,AC,TT,GG,AA,CG,CC,GT,AT,CC,GG,AA,CC,GG,AT,TT,GT,GG,TT,TT,AA,CG,TT,GG,CC,TT,CC,TT,TT,NN,AA,TT,CC,AA,CC,AG,CG,GG,CC,GG,CC,TT,CT,AA,TT,AG,AG,TT,TT,CC,AC,GG,AA,AG,GG,CC,TT,AA,NN,GG,AC,AG,TT,AT,AG,TT,AT,CC,GG,TT,GG,AG,GT,CC,AA,GG,CC,AA,GG,TT,TT,GG,GG,TT,CC,AA,GG,AA,AA,CC,GT,AC,TT,CC,TT,TT,GG,TT,CC,GT,CC,NN,NN,AG,AA,TT,TT,CC,AA,AG,AA,TT,GT,TT,CC,TT,AA,AA,TT,CG,GG,CG,GG,CC,GG,CT,AG,CT,CC,AC,CC,AA,TT,CC,AA,CC,TT,AA,TT,AA,AA,GG,CT,CC,GG,AA,GG,AA,CC,GT,CC,CC,AA,AA,GG,TT,GG,AA,TT,CC,GG,AC,GT,TT,TT,CC,AA,GT,TT,AT,TT,GG,CC,AG,CT,AC,CC,CG,CC,AA,GG,AG,CC,TT,CG,GG,GG,GG,AT,AA,AA,TT,CC,CG,AC,CC,CC,GG,GG,AC,GG,TT,AA,AG,CC,GG,AA,AC,AA,AA,GT,TT,AT,AA,GG,TT,AA,CC,AT,TT,AA,GG,AA,TT,AA,TT,CC,TT,AA,CC,TT,GG,AA,CG,AG,CC,TT,CT,TT,GG,TT,AA,AC,AA,GG,CC,CC,GG,CC,GG,AT,AA,CG,GT,GG,CC,CC,AA,GG,CC,AA,CC,AA,AA,CC,CG,AC,AT,AA,GG,AA,AA,AA,AA,GG,AG,AA,AA,TT,GG,AC,AG,CC,AA,CT,AG,AA,GG,GG,GG,TT,AT,AA,TT,TT,TT,AA,AA,GG,GG,AA,4.91,Susceptible,Low,Poor,Medium
L0614,Warangal,Telangana,Rabi,Black Cotton,Irrigated,410,26.5,60,AC,NN,AG,AA,GG,CC,GG,TT,CC,CC,AA,CC,CC,NN,GT,GT,GG,TT,TT,AG,CG,GG,NN,CT,TT,CC,TT,TT,GG,AA,CT,TT,AA,CC,GG,GG,GG,CC,GG,CC,TT,TT,AA,TT,AG,GG,TT,TT,CC,AC,GT,AT,AG,GG,TT,TT,AA,AA,GT,AA,AG,TT,AA,AG,TT,AT,CC,NN,TT,GG,AA,GG,CC,AA,GG,AA,AT,GG,TT,TT,GG,GG,GT,CC,AA,GG,AA,AA,CC,GT,CC,TT,CT,TT,GG,GG,TT,CC,GT,CC,CC,CG,GG,AA,TT,GT,CG,AA,AA,AC,CC,GG,TT,CG,GT,AA,AA,TT,CC,GG,CC,GG,CC,GG,TT,AA,CC,CC,CC,CG,AA,TT,CC,AA,CC,CC,NN,TT,AA,AA,GG,CT,CG,GG,AA,AG,AA,CC,GG,CC,CC,AA,AG,AG,GT,GG,AC,TT,TT,GG,CC,TT,TT,TT,CC,AT,GT,TT,AA,TT,GG,CC,AG,CC,CC,CC,GG,CC,AA,GG,AA,CC,TT,CG,GG,TT,GG,NN,AA,AA,TT,AC,CG,AC,NN,CC,CG,GG,AA,GG,TT,CC,AA,CC,GG,AA,AC,TT,AT,GT,TT,AT,AA,CG,GT,AT,CC,TT,GG,AA,GG,NN,CT,AA,TT,CC,TT,AA,CC,CT,CG,AA,CC,GG,CC,TT,CT,GT,CG,TT,AC,AC,AA,GG,CC,CG,GG,CC,GG,TT,AA,CC,TT,GG,CC,CG,AT,GG,CC,AA,CC,AA,AA,AC,CC,CC,TT,AA,GG,AA,NN,AC,AA,AG,GG,AA,AA,TT,GG,AA,AA,CC,AA,CT,AG,NN,GG,AG,GG,TT,AT,AA,TT,TT,TT,AA,TT,GG,GG,AA,5.71,Susceptible,Low,Standard,Medium
L0615,Warangal,Telangana,Rabi,Black Cotton,Irrigated,410,26.5,60,CC,TT,GG,AA,GG,CC,TT,TT,CC,CC,AA,CC,CC,TT,GT,GT,GG,TT,TT,AA,CC,TT,GT,CT,TT,CC,GT,TT,GG,AA,TT,TT,AA,CC,GG,GG,GG,CC,GG,CC,TT,TT,AC,GT,AA,AG,TT,TT,CC,CC,GG,AA,AA,GG,CC,GT,AA,AA,GG,AA,AA,TT,TT,AG,CT,AT,CC,GG,TT,GG,AA,GG,CC,AA,GG,AA,AA,NN,TT,TT,GG,GT,GG,CC,AT,GG,AA,AA,CC,GG,AC,TT,CT,AT,TT,GG,TT,CC,TT,CC,CC,GG,AG,AA,AA,TT,GG,AA,AG,AA,CC,GG,TT,CC,TT,CC,AC,TT,CC,AG,CC,GG,CC,NN,TT,AA,CC,CC,CC,CC,AA,TT,CC,AA,CC,CC,AA,AT,AA,AA,GG,CT,CC,GG,AA,GG,AA,AC,GG,CC,CC,AA,AA,GG,TT,GG,AC,TT,TT,GG,CC,GT,GT,CT,CG,AA,TT,TT,AA,TT,GG,CC,AG,TT,CC,CC,CG,CC,AA,GG,AG,CC,TT,CC,GG,TT,GG,AT,AA,AA,TT,CC,GG,AA,AC,CC,GG,GG,AC,GG,TT,AA,AA,CC,GT,AA,AC,AA,AA,GG,TT,TT,AT,GG,GG,AA,CC,AT,GT,AA,GG,AA,TT,AA,TT,CC,CT,AA,NN,TT,CG,AA,CC,AG,CC,TT,TT,GT,GG,TT,AA,AC,AG,GG,CC,CG,GG,CC,GG,AT,AA,CC,TT,GG,CC,CC,AA,GG,CC,AA,CC,AA,AA,CC,CG,AA,TT,AA,GG,AA,AA,AA,AA,AG,AA,AA,AA,AT,GG,AA,AG,AC,AC,TT,AA,AA,CG,GG,CG,TT,AA,AA,GT,TT,TT,AG,AA,GG,GG,AA,5.85,Susceptible,High,Standard,Late
L0616,Warangal,Telangana,Rabi,Black Cotton,Irrigated,410,26.5,60,CC,CT,GG,AG,GG,CC,GT,TT,CC,CG,AT,CC,CC,TT,TT,GG,GG,TT,TT,AG,CC,TT,GT,CT,TT,CC,TT,TT,GG,AA,TT,CC,AA,CC,GG,GG,GG,CG,GG,CC,TT,TT,AA,TT,AG,AG,CT,TT,CG,AC,GG,AA,AG,GG,CC,TT,AA,AC,TT,AC,AA,GT,AT,AA,TT,TT,CC,GG,TT,GG,AA,GG,AC,AA,AG,AA,AT,GG,TT,CT,GG,GT,GG,CC,AA,GG,AA,AA,CC,TT,AC,TT,CC,TT,TT,GG,TT,CC,GG,CC,CC,CG,AA,AA,AT,TT,CC,AA,AG,AC,CT,GG,GT,CG,TT,AA,AA,TT,CC,AA,CC,GG,CT,GG,TT,AA,CC,CC,CC,CC,AA,TT,CC,AA,CC,CC,AA,TT,AG,AT,GG,CC,CC,GG,AA,AA,AA,AC,GT,CC,CC,AA,AG,AA,TT,GG,AA,GT,TT,GG,CC,GT,GG,TT,CG,AT,GT,TT,AA,TT,CG,CC,AA,CC,CC,CC,GG,NN,AA,GG,GG,CC,TT,CC,GG,TT,GG,TT,AA,AA,TT,CC,CG,AA,CC,CC,GG,GG,CC,GG,TT,AC,AA,CC,GG,AT,CC,AA,AA,GG,GT,TT,AA,CG,GG,AA,CC,TT,TT,AA,GG,AA,TT,AA,TT,CC,CT,AA,CC,TT,GG,AA,CG,GG,AA,TT,CC,GG,GG,TT,AA,AC,AA,GG,CG,CC,GG,CC,GG,AA,AA,CC,GG,GG,CC,CC,AA,GG,CC,AA,CC,AT,AA,CC,CC,CC,AA,AA,GG,AA,AC,AA,AA,AG,AG,AA,AA,TT,GG,AA,AA,AA,AA,TT,AA,AG,GG,GG,GG,GT,AA,AA,TT,TT,TT,GG,TT,CG,CG,AC,8.44,Resistant,Low,Premium,Early
L0617,Warangal,Telangana,Rabi,Black Cotton,Irrigated,410,26.5,60,AA,CT,AG,AA,CG,CC,GG,TT,CC,CG,AA,CT,CC,AT,GT,GG,GG,TT,TT,AG,CG,GT,GG,CC,TT,CC,TT,TT,GG,AA,CT,CT,AA,CC,GG,GG,GG,CC,GG,CC,TT,CT,AC,GT,AG,GG,TT,AT,CC,CC,GG,AA,AA,GG,CT,TT,AA,AA,TT,AA,AA,TT,NN,AG,TT,TT,CC,GG,TT,TT,GG,GG,CC,AA,GG,AC,NN,GG,TT,TT,GG,GG,GT,CC,AA,GG,AA,AA,CC,NN,CC,TT,CC,TT,TT,GG,TT,CC,TT,CT,CC,CC,AG,AA,TT,GT,CG,AA,AA,AA,CT,GG,TT,CC,TT,AC,AA,TT,CC,AG,CC,GG,CC,GG,TT,AA,CC,CC,NN,CC,AA,NN,CC,AA,CC,CC,AA,AT,AA,AA,GG,CC,CC,GG,NN,AG,AT,CC,GT,CC,CC,AA,AG,AG,TT,GG,AC,GT,NN,GG,CC,GT,TT,TT,CC,AA,GT,TT,AA,TT,GG,CC,AG,TT,CC,CC,CC,CC,AA,GG,AG,CC,NN,CC,GT,GT,CG,AT,AA,AG,TT,CC,GG,AC,CC,CC,GG,GG,CC,GG,TT,AC,AA,CC,GG,AT,AC,AA,AA,GG,TT,AT,AT,GG,GT,AT,CC,TT,GT,AA,GG,AA,CT,AA,TT,CC,CT,AA,CC,TT,CG,AA,CC,AG,CC,TT,TT,TT,GG,TT,AC,CC,AA,GT,CC,CG,GG,CC,GG,AT,AA,CC,TT,GG,CG,CC,AT,GG,CC,AT,CC,AT,AA,CC,CG,AC,TT,AA,GG,AA,AA,AA,AA,AG,AG,GG,AA,TT,GG,AA,AA,AC,AC,CC,AG,AA,GG,GG,GG,TT,AA,AG,TT,TT,TT,AA,TT,GG,GG,AA,8.74,Moderate,Medium,Standard,Early
L0618,Warangal,Telangana,Rabi,Black Cotton,Irrigated,410,26.5,60,AA,NN,GG,AA,CG,CC,GG,TT,CC,CG,AA,CC,NN,TT,GT,GG,CG,TT,TT,AG,CC,TT,TT,CC,TT,CC,TT,TT,GG,AA,TT,CT,AA,CC,AG,CG,GG,CG,GG,CC,TT,CT,AA,TT,AA,GG,TT,AT,CC,CC,GG,AA,AA,GG,CC,GT,AA,AA,GT,AA,AA,TT,TT,AG,TT,TT,CC,GG,TT,GG,AG,GG,CC,AA,GG,AC,AT,AG,TT,TT,GG,GT,GT,CC,AA,GG,AA,AA,CC,GG,CC,TT,CT,AA,TT,GG,CC,CC,GT,CC,CT,CG,AG,AA,TT,TT,CC,AA,GG,AA,CC,GG,TT,CG,TT,AA,AC,TT,CG,GG,CC,GG,TT,GG,CT,AA,CC,CC,CC,CC,AA,TT,CC,AA,CC,CT,AA,AT,AA,AA,CG,CC,CC,GG,AA,AA,AA,CC,GG,CC,CG,AA,AA,GG,TT,GG,AA,TT,CC,AG,CC,TT,TT,TT,CG,AT,TT,TT,AA,TT,GG,CC,AA,CC,AC,AC,CC,AC,AA,GG,AG,CC,TT,CG,GG,GT,GG,AT,AA,AA,TT,AC,CG,AC,CC,CC,GG,AG,AA,GG,TT,AA,AA,CC,GG,AT,AC,AA,AA,GG,GT,AT,AA,GG,GT,TT,CC,TT,TT,NN,GG,AA,TT,AA,TT,CC,TT,AA,AC,TT,GG,AA,CG,GG,CC,AT,CC,TT,GG,TT,AA,AA,AA,GG,CC,CC,GG,CC,GG,AA,AG,CC,GT,GG,CG,CG,AA,AG,CC,AT,CC,AT,AA,CC,CC,CC,TT,AA,GG,AA,AA,AC,AA,AG,AA,GG,AA,TT,GG,AC,AG,CC,AC,CT,AA,AA,GG,GG,GG,GT,AA,AG,TT,TT,TT,AA,AT,CG,GG,AA,11.12,Resistant,Low,Standard,Early
L0619,Warangal,Telangana,Rabi,Black Cotton,Irrigated,410,26.5,60,AA,TT,AG,AG,GG,CC,GG,TT,CG,CC,AA,CT,CC,AT,GT,GT,GG,TT,TT,AA,CC,TT,GT,CC,TT,CT,GT,TT,GG,AA,TT,CC,AA,CC,GG,CG,GG,CC,GG,AC,TT,CT,AC,TT,AA,AG,TT,TT,CC,AC,GG,AA,AA,GG,CC,TT,AA,AA,GG,AC,NN,TT,AA,AG,CT,AT,CC,GG,TT,GG,AA,GG,CC,AA,AG,AC,AA,GG,TT,TT,GG,GT,GG,CC,AT,GG,AG,AT,CC,NN,CC,GT,CC,TT,TT,GG,TT,CC,TT,CC,CC,CC,AG,AG,TT,TT,CC,AG,AA,AA,CT,GG,TT,CG,TT,AA,AA,AT,CC,GG,CG,GG,CC,GT,TT,AA,CC,CC,CC,CC,AA,TT,CC,AA,CC,CC,AA,TT,AG,AA,GG,CT,CC,GG,AA,AG,AA,NN,GG,CC,CC,AG,AA,GG,TT,GG,AA,TT,TT,GG,AC,TT,GT,TT,CC,AA,GT,TT,AA,TT,GG,CC,AA,CC,CC,CC,CG,CC,AA,GG,AA,CC,TT,CG,GG,GT,CG,AT,AA,AA,TT,CC,GG,AA,AC,CC,GG,GG,AC,GG,TT,AC,AG,CC,GG,AT,CC,AA,AT,GT,GT,TT,AA,GG,TT,AT,CG,AA,GG,AA,GG,AA,CT,AA,TT,CC,TT,AA,CC,CT,GG,AA,CC,AA,CC,TT,CT,GT,GG,TT,AA,CC,AA,GG,CC,GG,GG,CC,GG,TT,NN,CC,TT,GG,CC,CC,AA,GG,CC,AA,CG,AT,AA,AC,CC,AC,TT,AA,GG,AA,AA,AC,AA,AA,GG,AG,AA,TT,GG,AA,AA,AC,NN,TT,AA,AA,GG,AG,GG,TT,AT,AA,TT,TT,TT,AA,TT,GG,CG,AA,4.87,Susceptible,Low,Poor,Early
L0620,Warangal,Telangana,Rabi,Black Cotton,Irrigated,410,26.5,60,AA,TT,GG,AA,GG,CC,GG,TT,CC,CC,AA,CC,GG,TT,TT,NN,GG,TT,TT,AG,CC,GT,GT,CC,TT,CT,GT,AT,GG,AA,TT,CT,AA,CC,GG,GG,GG,CC,GG,CC,TT,CC,AA,GG,AA,GG,CT,TT,CC,AA,GG,AA,AA,CG,CC,GT,AA,AC,GT,AC,GG,GT,AT,AA,TT,AT,CC,GG,TT,GT,AA,GT,AC,AA,GG,AA,AT,GG,GT,TT,GG,GG,GT,CC,AA,GG,AA,AT,CC,GG,CC,TT,CT,TT,TT,GG,CT,AC,GT,CC,CT,CG,GG,AA,TT,TT,CC,AG,GG,AA,CT,GG,TT,CC,TT,AC,AC,TT,CC,AG,CC,GG,CC,TT,CT,AA,CC,CC,CC,CC,AA,TT,CC,AA,CC,CT,AA,TT,AA,AA,GG,CT,CC,GG,AG,AA,AA,CC,GT,CC,CG,AA,AG,GG,GT,GG,AA,TT,CC,GG,AC,GT,GG,TT,CC,AT,TT,TT,AA,TT,GG,CG,AG,CC,CC,CC,GG,CC,AT,AG,AG,CC,TT,CC,GT,TT,GG,TT,AA,AA,TT,CC,GG,AA,AC,CC,GG,AG,AC,GG,TT,AA,AA,CC,GG,AA,AC,AT,TT,GT,TT,AT,AT,GG,TT,AA,CC,AT,GT,AA,GG,AA,CT,AA,TT,CC,TT,CC,CC,TT,CG,AA,CC,AA,CC,TT,TT,GT,GG,AT,AA,AC,AG,GG,CC,CC,GG,CC,GG,TT,AA,CC,GT,GG,CC,CC,AA,AA,NN,AA,CC,AA,AA,CC,CC,CC,TT,AA,GG,AA,AA,AA,AA,AG,AG,AA,AA,AT,GG,NN,AG,CC,AA,CT,AA,AA,GG,GG,GG,TT,AA,AA,TT,TT,NN,AG,AT,GG,GG,NN,7.15,Susceptible,Low,Premium,Late
L0621,Warangal,Telangana,Rabi,Black Cotton,Irrigated,410,26.5,60,AA,TT,GG,AG,GG,CC,GG,AT,CC,CC,AA,CC,CC,TT,GG,GT,CG,TT,TT,AA,CC,TT,GG,CC,TT,CC,TT,TT,GT,AA,TT,CC,AA,CC,GG,GG,GG,CC,GG,AC,TT,CT,AC,GT,AG,GG,TT,TT,CC,AA,GG,AT,AA,GG,CC,GT,AA,NN,GT,AA,AA,TT,TT,AG,TT,TT,CC,GG,TT,GG,AA,GG,CC,AA,AG,CC,AA,AA,TT,TT,GG,GG,GG,CC,AT,GG,AA,AA,CC,TT,AC,TT,CC,AT,TT,GG,TT,CC,GT,CC,CT,CC,GG,AA,TT,TT,CC,AA,GG,AA,CC,GG,TT,CC,TT,CC,AC,TT,CC,GG,CG,GG,CC,NN,CT,AA,CC,CC,CC,CC,AA,TT,CC,AA,CC,CC,AA,AT,AA,AT,GG,CT,CC,GG,AA,AG,AA,CC,GT,CC,CC,AA,AG,AA,GT,GG,AA,TT,TT,GG,CC,TT,GT,TT,CC,AA,GT,TT,AA,TT,GG,CG,AA,CT,CC,CC,GG,CC,AA,GG,AA,CC,TT,CG,GT,GT,GG,AT,AA,AA,TT,CC,CG,AA,CC,CC,GG,GG,AA,GG,TT,AC,AG,CC,GG,AA,CC,AA,TT,GT,TT,TT,AT,GG,GT,AA,CC,TT,TT,AA,GG,AA,CT,AA,NN,CC,TT,AA,CC,CT,CG,AG,CC,AG,CC,TT,CT,TT,GG,TT,AC,AC,AA,GG,CC,CC,GG,CC,GG,TT,AG,CC,TT,AG,CC,CC,AT,GG,CC,NN,CC,AA,AA,AC,CC,AC,AT,AA,GG,AA,AA,AA,AA,AA,AG,AG,AA,TT,GG,AC,AG,AC,AA,CT,AA,AA,CG,GG,GG,TT,AT,AG,TT,TT,TT,AA,TT,GG,GG,AA,6.38,Susceptible,Low,Premium,Medium
L0622,Warangal,Telangana,Rabi,Black Cotton,Irrigated,410,26.5,60,AA,TT,AG,AA,GG,CG,GT,AT,CC,CC,AT,CC,CG,AT,TT,NN,GG,TT,TT,AA,CG,TT,GT,CC,TT,CC,TT,TT,GG,AA,TT,TT,AG,CC,GG,CG,GG,CG,GG,CC,TT,CT,CC,GT,AG,GG,TT,AT,CC,AA,GG,NN,AA,GG,TT,TT,AA,AC,GG,AA,GG,TT,TT,AG,CT,AT,CC,NN,TT,GT,AA,GG,CC,AA,GG,AA,AA,GG,TT,TT,GG,GG,GG,CC,AA,GG,AA,AT,CC,GT,CC,TT,CT,AT,GT,GG,TT,CC,TT,CC,CC,CC,AG,AG,TT,TT,CC,AG,NN,AA,CC,GG,TT,CC,GT,AA,AA,TT,CG,GG,CC,AG,CC,TT,CT,AA,CC,NN,CC,CG,AG,TT,CC,AA,CC,CC,AA,AT,AA,AT,GG,CT,CC,GG,AA,GG,AT,CC,GT,CC,CC,AA,AA,GG,TT,AG,AC,TT,CT,GG,AA,TT,TT,CT,CC,AT,GT,TT,AA,TT,GG,CC,AA,CT,CC,CC,GG,CC,AA,GG,AA,CC,TT,CC,GG,TT,GG,TT,AA,AA,TT,CC,GG,AA,CC,CC,GG,GG,AC,GG,TT,NN,AA,CC,GG,AA,CC,AT,AA,GG,TT,TT,AT,GG,TT,AA,CC,TT,TT,AA,NN,AA,TT,AA,TT,CC,TT,AC,CC,TT,GG,AA,CC,AA,CC,AT,TT,TT,GG,TT,AA,AC,AG,GG,CC,CC,GG,CC,GG,TT,AA,CC,TT,GG,CC,CC,AA,GG,CC,AA,CC,AA,AA,CC,CC,CC,TT,AA,GG,AA,AA,AA,AA,GG,AG,AA,AA,NN,GG,CC,AG,AC,AA,TT,AA,AA,GG,GG,GG,TT,AA,AA,TT,TT,TT,AG,AT,GG,GG,AA,7.96,Susceptible,Medium,Poor,Late
L0623,Warangal,Telangana,Rabi,Black Cotton,Irrigated,410,26.5,60,AC,TT,AG,GG,GG,CG,GT,TT,CC,CC,AA,CC,CG,TT,TT,GG,CC,TT,TT,AA,CC,TT,TT,CC,TT,CC,NN,TT,GG,AA,TT,CT,AA,CC,GG,GG,GG,CC,GG,CC,TT,TT,AA,GT,AA,GG,TT,TT,CG,CC,GG,AT,NN,GG,CT,TT,AT,AC,GT,AA,AG,TT,TT,AA,CT,NN,CC,GG,TT,GT,AA,GG,CC,AA,GG,AC,AT,GG,TT,TT,GG,GG,GG,CC,AA,GG,AA,AA,CC,GT,AC,TT,CC,TT,TT,GG,TT,CC,TT,CC,CC,CG,GG,AA,TT,TT,CC,AA,AG,AC,CC,GG,TT,CG,TT,AA,AA,TT,CC,GG,CG,AG,CC,GG,TT,AA,CC,CC,CC,CC,AA,TT,CC,AA,CC,CC,AA,TT,AA,AT,CG,CC,CC,GG,AA,GG,AA,CC,GT,CC,CC,AA,AA,GG,TT,GG,NN,GT,CT,GG,AA,TT,GT,TT,CC,TT,TT,TT,AA,TT,GG,CC,AG,CC,CC,CC,CG,CC,AT,GG,NN,CC,TT,CC,TT,TT,CG,TT,AA,AA,TT,CC,GG,AA,CC,CG,GG,GG,AC,CG,TT,AC,AA,CC,GG,AA,CC,AA,AA,GT,GT,TT,AA,GG,GT,AT,CC,AT,TT,AA,GG,AA,TT,AA,NN,CC,CT,AA,CC,TT,CG,AA,CG,AG,CC,TT,CT,GT,GG,AT,AA,AC,AA,GG,CC,CG,GG,CC,GG,TT,AA,CC,GT,GG,CC,CC,AA,AG,CC,AA,CC,AA,AA,CC,CG,CC,TT,AA,GG,AA,AC,AA,AA,AG,AG,AA,AA,TT,GG,AC,AG,AC,AC,TT,AA,AA,GG,AA,GG,TT,AA,AA,TT,TT,TT,AA,AT,GG,GG,AA,6.78,Susceptible,Low,Standard,Early
L0624,Warangal,Telangana,Rabi,Black Cotton,Irrigated,410,26.5,60,AC,TT,AG,AG,GG,CC,GG,AT,CG,CG,AA,CT,CG,TT,TT,GG,GG,NN,TT,NN,CC,TT,GT,CT,TT,CC,TT,AT,GT,AA,CT,CC,AA,AC,GG,GG,GG,CG,GG,CC,TT,TT,AA,TT,AA,AG,TT,TT,CC,NN,GG,AA,AA,GG,CT,GG,AA,CC,GG,CC,AA,TT,AT,AA,CT,TT,CC,GG,TT,GT,AA,GT,CC,AA,AG,AC,AA,GG,GT,TT,GG,GG,GT,CC,AA,GG,AA,AA,CC,GT,CC,TT,CT,TT,GT,GG,TT,CC,GT,CC,CC,CG,AA,AA,TT,TT,CC,AA,AG,AA,CC,GG,TT,NN,TT,AA,AC,TT,CC,AG,CC,AG,CC,GT,TT,AA,CC,CC,CC,CC,AA,TT,CC,AA,CC,CC,AA,TT,AG,AA,GG,CT,NN,GG,AA,AG,AA,AC,GT,CC,CG,AG,AA,AG,TT,GG,AA,GT,TT,AG,CC,GT,TT,TT,CC,TT,GG,TT,AA,TT,GG,CC,AA,CT,CC,CC,GG,CC,AA,GG,AA,CC,TT,CG,GG,TT,NN,TT,AA,AA,TT,CC,GG,AA,CC,CC,GG,AG,AC,CG,TT,AA,AA,CG,NN,AA,CC,AA,AA,GT,GT,TT,AT,GG,GG,AA,CC,AT,GG,AA,GG,AA,TT,AA,TT,CC,TT,AA,CC,TT,GG,AG,CC,AG,CC,TT,TT,GT,CG,TT,AC,CC,AA,GG,CC,CG,GG,CC,GG,TT,AA,CC,TT,GG,CC,CC,AA,GG,CC,AA,CG,AT,AA,NN,CG,AC,TT,AA,GG,AA,AA,AA,AA,GG,AG,AG,AA,TT,GG,AA,AA,CC,AA,CC,AA,AG,GG,GG,GG,TT,AA,AA,GT,TT,TT,GG,TT,GG,GG,AA,7.52,Susceptible,Low,Standard,Early
L0625,Warangal,Telangana,Rabi,Black Cotton,Irrigated,410,26.5,60,CC,TT,GG,AA,GG,CC,GG,TT,CC,CC,AT,CC,CC,TT,TT,GT,GG,TT,TT,AG,CC,TT,TT,CC,TT,CC,TT,TT,GG,AA,TT,CC,AA,CC,GG,CG,GG,CC,GG,CC,TT,TT,AA,TT,AG,AG,TT,AT,CC,CC,GG,AA,AA,GG,CC,TT,AA,AA,GG,AC,AA,TT,TT,AG,TT,AT,CC,GG,TT,TT,AG,GG,CC,AA,GG,AA,AT,GG,TT,TT,AG,GT,GT,CC,AA,GG,AA,AA,CC,TT,CC,TT,TT,AT,GG,GG,TT,CC,GT,CC,CC,CG,GG,AA,TT,TT,CC,AA,AA,AA,CC,GG,TT,CC,TT,AC,AC,TT,CC,AG,CC,GG,CC,GT,CT,AA,CC,CC,CC,CC,AA,TT,CC,AA,AC,CT,AA,NN,AA,AA,GG,CT,CC,GG,AA,AA,AT,CC,GG,CG,CC,AA,AA,GG,TT,AG,AC,GT,CT,GG,CC,TT,TT,TT,CC,AT,GT,TT,AA,TT,GG,CC,AG,CC,AC,CC,CG,CC,AT,GG,AA,CC,TT,CG,TT,GT,CG,AT,NN,AA,TT,AC,GG,AC,AC,CC,CG,GG,AC,GG,TT,AA,AA,CC,GG,AA,CC,AT,TT,GG,TT,AT,AT,GG,TT,AA,CG,TT,TT,AA,NN,AA,TT,AC,TT,CC,TT,AA,AC,NN,CG,AG,CG,AA,CC,TT,TT,TT,GG,TT,AA,CC,AA,GG,CC,GG,GG,CC,GG,AT,AA,CC,TT,GG,CC,CG,AA,GG,CC,AT,CC,AA,AA,CC,CC,AA,TT,AA,GG,AA,AA,AC,AC,GG,AG,AA,AA,TT,GG,AC,AA,AA,AA,TT,AA,AA,CG,GG,GG,GT,AT,AA,GT,TT,TT,AA,TT,GG,GG,AA,8.36,Susceptible,Low,Standard,Late
L0626,Warangal,Telangana,Rabi,Black Cotton,Irrigated,410,26.5,60,AA,TT,AG,AA,GG,CC,GG,AT,CC,CC,AA,CC,CG,AT,GT,GG,CG,TT,TT,AG,CG,TT,TT,CT,AT,CC,TT,AT,GG,AA,TT,CT,AA,CC,GG,CG,GG,CC,GG,CC,TT,TT,AC,TT,AA,GG,CT,TT,CC,AC,GG,AT,AA,GG,CC,TT,AA,NN,GT,AA,AA,GG,TT,NN,CT,AT,CC,NN,TT,GG,AA,GG,CC,AA,GG,AA,AA,GG,TT,TT,AG,GG,GT,CC,AT,GG,AA,AA,CC,TT,AC,TT,CT,TT,GT,AG,CT,CC,TT,CC,NN,CC,AG,AA,AT,GT,CC,AA,AA,AA,CC,GG,TT,CC,TT,AA,AA,TT,CC,AA,CC,AG,CC,GG,TT,AG,CC,CC,CC,CC,AA,TT,AC,AA,CC,CC,AA,TT,AA,AT,GG,CT,CC,NN,AA,AA,AA,CC,GG,CC,CC,AA,AG,GG,TT,GG,AA,TT,CT,GG,AC,TT,GT,TT,CC,AA,GT,TT,AA,AT,CG,CC,AA,CC,CC,CC,CG,CC,AT,AG,AA,CC,TT,CC,TT,TT,GG,TT,AA,AA,TT,CC,GG,CC,AC,CC,GG,GG,AC,NN,CT,AA,AG,CC,GG,AT,CC,AA,TT,GT,TT,AA,AT,CG,GG,AA,CC,TT,TT,AT,GG,AA,CT,AA,TT,CG,TT,AA,CC,TT,CG,AG,CC,AA,CC,TT,CT,GT,GG,TT,AA,CC,AA,GG,CC,CG,GG,CG,GG,TT,AA,CC,GT,GG,CG,CC,AA,GG,CG,AA,CC,AA,AA,AC,CC,AC,AT,AA,CG,AA,AA,AC,AA,AG,AG,AG,AA,AT,GG,AA,AA,CC,AA,TT,AA,AA,GG,GG,CG,GT,AT,AA,TT,TT,AT,AA,TT,GG,GG,AA,7.3,Susceptible,Medium,Standard,Late
L0627,Warangal,Telangana,Rabi,Black Cotton,Irrigated,410,26.5,60,NN,TT,GG,AG,GG,CC,GG,TT,CC,CC,AA,CC,CG,TT,TT,GG,CG,TT,TT,AA,CC,TT,GT,CT,TT,CC,TT,AT,GT,AA,TT,CC,AA,AC,GG,GG,GG,CC,GG,CC,TT,CT,AA,TT,AA,GG,TT,NN,CC,AA,GT,AA,AG,GG,CT,TT,AA,AA,GT,AC,AA,TT,AT,AA,TT,TT,CC,GG,TT,GT,AA,GG,AC,AA,GG,AC,AT,GG,TT,TT,GG,GT,GG,AC,AT,GG,AA,AA,CG,GT,CC,TT,CC,TT,GT,GG,TT,CC,GT,CC,CC,CG,AG,AA,TT,TT,CC,AA,GG,AA,CC,GG,TT,CC,TT,AC,AA,TT,CC,AG,GG,AG,CC,GG,TT,AG,CC,CC,CC,CC,AA,TT,CC,AA,CC,CC,AA,AT,AA,TT,GG,CC,CC,GG,AA,GG,AA,AC,GT,CC,CC,AG,AG,AG,GT,AG,AA,TT,CT,GG,AC,TT,GT,TT,CC,AA,TT,TT,AA,TT,GG,CC,GG,TT,CC,AC,CG,CC,NN,GG,AA,CC,TT,CC,TT,TT,CG,AT,AA,AA,TT,CC,GG,AA,CC,CC,GG,GG,AA,CG,TT,AC,AA,CC,GG,AA,CC,AA,TT,GT,TT,AT,AA,GG,GG,AA,CG,AT,TT,AA,GG,AA,CC,AA,TT,CC,TT,AA,CC,CT,GG,AG,CC,AA,CC,TT,TT,TT,GG,TT,AA,CC,AG,GG,CC,GG,GG,CG,GG,AT,AA,CG,GT,GG,CC,CC,AA,GG,CC,AA,CC,AT,AA,CC,CC,AC,AT,AA,GG,AA,AA,AC,AA,GG,AA,AA,AA,TT,GG,AA,AG,CC,AC,TT,AA,AA,GG,GG,GG,TT,AA,AA,TT,TT,TT,AG,NN,GG,GG,AA,6.98,Susceptible,High,Premium,Late
L0628,Warangal,Telangana,Rabi,Black Cotton,Irrigated,410,26.5,60,AA,TT,GG,GG,CG,CC,GG,TT,CC,CG,AA,CT,CG,TT,TT,GT,CG,TT,TT,AA,CC,TT,GT,CC,TT,CC,TT,TT,GG,AA,TT,CC,AA,CC,GG,GG,GG,CC,GG,CC,TT,TT,AA,NN,AA,AA,TT,TT,CC,AC,GG,AA,AG,GG,CC,GT,AT,AA,GT,AC,AG,TT,AT,AG,TT,AT,CC,GG,TT,TT,AA,GG,CC,AA,GG,AA,TT,GG,TT,TT,AG,GG,GG,CC,AA,GG,AA,AT,CC,TT,AC,TT,CC,TT,NN,GG,TT,CC,GT,CC,CT,CG,GG,AA,AT,TT,CC,AA,AA,AC,CC,GG,TT,CC,TT,AA,AA,TT,CC,AG,CC,GG,CC,GG,TT,AA,CC,CC,CC,CC,AA,TT,CC,AA,NN,CT,AA,TT,AA,AA,GG,CC,CC,GG,AA,AG,AA,CC,GG,CC,CC,AA,AA,GG,TT,GG,AA,GT,TT,GG,AC,TT,GG,TT,CC,TT,GG,TT,AA,TT,GG,CC,AA,CC,CC,CC,GG,CC,AA,AG,GG,AC,TT,CC,GG,TT,GG,TT,AA,AA,TT,CC,GG,AA,CC,NN,GG,GG,CC,CG,TT,AA,AG,CC,GG,AT,CC,AA,AA,GG,TT,TT,AT,CG,GT,AA,NN,AT,GT,AA,GG,AA,CT,AA,TT,CC,TT,AC,CC,TT,GG,AG,CC,AG,CC,TT,CT,NN,GG,TT,AC,AC,AA,GG,CC,CC,GG,CC,GG,AT,AA,CC,TT,GG,CC,CG,AA,GG,CC,AA,CC,AA,AA,AA,CG,AA,TT,AG,GG,AA,AC,AA,AA,GG,GG,AA,AA,TT,GG,AA,AG,AA,AC,CT,AA,AA,GG,GG,CG,GT,AA,AA,GT,TT,NN,AG,AT,GG,GG,AA,7.47,Moderate,Low,Poor,Medium
L0629,Warangal,Telangana,Rabi,Black Cotton,Irrigated,410,26.5,60,AA,CT,GG,AA,GG,CG,GT,AT,CC,GG,AA,TT,CC,TT,TT,GG,GG,TT,TT,AA,CC,TT,TT,CC,TT,CT,GT,TT,GG,AC,TT,CC,AA,CC,GG,GG,GG,GG,GG,CC,TT,TT,AA,TT,AG,GG,NN,AT,CC,AC,GT,AA,AG,GG,CC,TT,AT,AA,GT,AC,AA,GT,TT,AG,TT,TT,CC,GG,TT,GT,AA,GT,CC,AA,AA,AA,AA,GG,TT,TT,GG,GG,NN,CC,AA,GG,AA,AA,CC,TT,CC,TT,TT,TT,GT,GG,TT,CC,GT,CC,CC,CG,AA,AA,TT,TT,CC,AA,AG,AA,CT,GG,TT,CC,TT,AA,AA,TT,GG,AA,CC,AG,CC,GG,TT,AA,CC,CC,CC,CC,AA,NN,AC,AA,CC,CC,AA,AT,AA,AA,CG,CC,CC,GG,AG,AG,AA,CC,GT,CC,CC,AA,AA,AG,GT,GG,AC,GT,CC,AG,CC,TT,GT,TT,CC,AT,TT,TT,AA,TT,GG,CC,AA,CC,CC,CC,CC,AC,AA,GG,AA,AC,TT,CC,GG,TT,GG,AA,AA,AA,GT,CC,GG,AA,CC,CG,GG,GG,AC,GG,TT,AC,AA,CC,GT,AA,CC,AA,AT,GG,TT,TT,AT,GG,GT,AA,CC,TT,TT,AA,GG,AA,TT,AA,TT,CG,CT,AC,AC,TT,GG,GG,CG,AG,AC,AT,CT,GT,GG,TT,AA,AC,AA,GG,CC,CG,GG,CC,GG,AT,AA,CC,TT,GG,CC,NN,AT,GG,CC,AA,CC,AA,AG,AA,CC,CC,AT,AA,GG,AA,AA,AA,AA,GG,AG,AA,AA,AT,CG,AA,AA,AC,AA,TT,AA,AA,GG,GG,GG,TT,AA,AA,TT,TT,TT,AG,TT,GG,GG,AA,6.35,Susceptible,Medium,Premium,Early
L0630,Warangal,Telangana,Rabi,Black Cotton,Irrigated,410,26.5,60,AA,TT,GG,AA,GG,CC,GT,TT,CC,CC,AA,CC,CC,AT,TT,NN,GG,AT,TT,AA,CC,TT,TT,CT,TT,CT,TT,NN,GG,AA,NN,CC,AA,CC,GG,CG,GG,CG,GG,CC,TT,CT,AA,GT,AA,GG,TT,AT,CC,CC,GG,AA,AA,CG,CC,TT,AA,AA,GG,AC,AG,TT,TT,AG,TT,TT,CC,GG,TT,GG,AA,GG,CC,AA,GG,AA,AA,GG,TT,TT,GG,GT,GG,CC,AA,GG,AG,AT,CC,TT,CC,TT,CT,TT,TT,GG,TT,CC,TT,CC,CC,CG,GG,AA,TT,TT,CC,AA,AA,AC,CT,GG,TT,CC,TT,AC,AC,TT,CC,AA,CC,AG,CC,GT,TT,AA,CC,CC,CC,NN,AA,TT,CC,AA,CC,CC,AA,TT,AA,AA,CG,CC,CG,GG,AA,GG,AT,CC,GG,CC,CC,AA,AG,AG,GT,GG,AA,TT,CT,GG,CC,TT,TT,TT,CC,AA,TT,TT,AA,AT,GG,CC,AA,CT,CC,AC,CG,CC,AA,GG,AA,CC,TT,CG,GG,TT,CG,TT,AG,AA,TT,CC,GG,AA,CC,CC,GG,GG,AA,GG,TT,AC,AG,CC,GG,AA,CC,AA,AT,GG,TT,TT,AT,GG,TT,AA,CG,AT,TT,AA,GG,AA,CT,AA,TT,CC,CT,AA,CC,TT,GG,AG,CC,AA,CC,TT,TT,TT,GG,TT,AA,AC,AG,GG,CC,CC,GG,CC,GG,AT,AA,NN,GT,GG,CC,CC,AA,GG,CC,AA,CC,AA,AA,AC,CC,AA,TT,AA,CG,AA,AC,AC,AA,AG,AG,AA,AA,TT,GG,AA,GG,CC,AA,CT,AA,AA,GG,GG,GG,TT,AA,AA,TT,TT,TT,AG,TT,GG,GG,AA,7.36,Susceptible,High,Premium,Early
L0631,Warangal,Telangana,Rabi,Black Cotton,Irrigated,410,26.5,60,CC,CT,GG,AA,GG,CC,GG,TT,CC,CC,AA,CC,CG,TT,TT,GG,CG,TT,TT,AG,GG,TT,GT,CC,TT,CC,TT,TT,GG,AA,CT,CC,AA,CC,GG,GG,GG,CC,GG,CC,TT,TT,AA,GT,AA,AA,TT,TT,CC,AC,GG,AT,AA,GG,CT,TT,AA,AA,NN,AA,AA,TT,AT,AA,CT,AT,CC,GG,TT,GG,AG,GG,CC,AA,AG,AC,AA,GG,TT,TT,GG,GT,GG,CC,AT,GG,AA,AA,CC,GG,CC,TT,TT,TT,TT,GG,CT,CC,TT,CC,CC,CG,AG,AA,AT,TT,CC,AA,AA,AC,CC,GG,TT,GG,TT,AA,AA,AT,CG,GG,CG,NN,CC,TT,TT,AA,CC,CC,CC,CC,AA,GT,CC,AA,CC,CC,AA,TT,AG,AA,CG,CC,CC,GG,AA,AG,AA,CC,GT,CC,CC,AA,AA,GG,TT,GG,AA,TT,CC,GG,AA,GT,TT,TT,CG,AT,TT,CT,AA,TT,GG,CC,AG,CC,CC,CC,GG,CC,AA,GG,AG,CC,TT,CC,GG,GT,GG,TT,AA,AA,TT,AC,GG,AA,AA,CC,GG,GG,AA,GG,TT,AA,AA,CC,GG,AT,CC,AA,AT,GG,TT,AT,AT,CG,GG,AA,CC,TT,GT,AA,GG,AA,CT,AA,TT,CC,TT,NN,CC,TT,GG,AG,CC,GG,CC,TT,CT,GG,GG,AT,AA,AC,AA,GT,CC,CG,GG,CC,GG,AT,AA,CC,TT,GG,CC,CC,AT,GG,CC,AA,CG,AT,AA,CC,CG,AC,TT,AA,GG,AA,AA,AC,AA,GG,GG,AA,AA,AT,GG,AA,AA,AC,AA,CT,AA,AG,GG,GG,GG,GT,AA,AA,GT,TT,TT,NN,AT,GG,GG,AA,8.01,Susceptible,Low,Poor,Late
L0632,Warangal,Telangana,Rabi,Black Cotton,Irrigated,410,26.5,60,AA,TT,GG,AG,CG,CG,GT,TT,CC,CG,AA,CT,CC,TT,TT,GT,GG,TT,TT,AA,CG,GG,TT,CC,TT,CC,GT,AT,GG,AA,TT,CC,AA,CC,GG,GG,GG,CG,GG,CC,TT,CC,AA,TT,AA,GG,CT,TT,CC,AA,GT,TT,AA,GG,CC,TT,AA,CC,GG,AA,AG,TT,TT,AA,TT,TT,CC,GG,TT,GG,AA,GG,NN,AA,GG,AC,AT,GG,GT,TT,AG,GG,GG,CC,AT,GG,AG,AT,CC,GT,AC,TT,CC,TT,TT,GG,TT,CC,TT,CC,CC,CC,AG,AA,TT,GT,CC,AG,AA,AA,CC,GG,TT,CC,GT,AA,AA,TT,GG,GG,CC,GG,CT,GG,CT,AA,CC,CC,CC,CG,AA,TT,AC,AA,CC,CT,AA,TT,AG,AA,GG,CT,CC,GG,AA,AA,AA,CC,GG,CC,CC,AA,AA,GG,GT,GG,AA,TT,CC,GG,AC,TT,GT,TT,CC,AA,TT,TT,AA,AT,NN,CC,AA,CC,CC,CC,GG,CC,AA,GG,AG,CC,TT,CG,GT,TT,NN,AA,AA,AG,TT,CC,GG,AA,CC,CC,CC,AA,AC,GG,TT,NN,AA,CC,GG,AT,CC,AA,AT,GG,GT,TT,TT,CG,GG,AT,CG,AT,GG,AA,GG,AA,TT,AA,TT,CC,CT,AC,CC,CT,CG,AA,CG,AG,CC,AT,TT,GT,GG,TT,AA,CC,GG,GG,CC,GG,GG,CC,GG,TT,AA,CC,GT,GG,CC,GG,AA,GG,CG,AA,CC,AA,AA,AA,CC,CC,TT,AA,GG,AA,AC,AA,AC,AG,AG,AG,AA,TT,GG,AA,AG,CC,AA,CC,AG,AA,GG,GG,GG,TT,AA,AA,TT,TT,TT,GG,TT,GG,GG,AA,6.59,Susceptible,Low,Standard,Early
L0633,Warangal,Telangana,Rabi,Black Cotton,Irrigated,410,26.5,60,AA,CT,AG,GG,GG,CC,GG,TT,CC,CC,AA,CC,CC,TT,TT,GG,GG,TT,TT,AG,CG,TT,GT,CC,TT,CC,GT,AT,GG,AA,TT,TT,AA,CC,GG,GG,GG,CG,GG,CC,TT,CT,AC,TT,AA,GG,TT,TT,CC,AC,GG,AA,AG,GG,CC,GT,AA,AC,GT,AC,AA,TT,AT,GG,TT,TT,CC,GG,TT,GT,AG,GG,CC,AA,GG,CC,AA,GG,TT,TT,GG,GG,TT,CC,TT,GG,AA,AA,CC,TT,CC,TT,CT,TT,GT,NN,TT,CC,GT,CT,CC,CG,GG,AA,TT,GT,CC,AA,AG,AA,CC,GG,TT,CC,GT,AA,AC,TT,CC,AG,CC,GG,CC,GG,CT,AA,CT,CC,CC,CC,AG,TT,AC,AA,CC,CC,AA,TT,AA,AA,GG,CC,CC,GG,AA,AG,AA,CC,GG,CC,CC,AG,AG,AG,GT,GG,AA,TT,CT,AG,AC,TT,GT,TT,CG,AT,GT,TT,AT,TT,CG,CC,AG,CT,CC,CC,GG,CC,AA,GG,AA,CC,TT,CC,GT,TT,GG,AT,AA,AA,TT,CC,GG,AA,CC,CC,GG,GG,AA,GG,NN,AA,AA,CC,GG,AA,CC,AT,AT,GG,TT,AT,AA,CG,GT,AT,CC,TT,GT,AA,GG,AA,CC,AC,TT,CC,TT,AC,CC,TT,GG,AA,CC,GG,CC,TT,TT,GT,GG,TT,AC,AC,AA,GG,CC,GG,GG,CC,GG,AA,AA,CC,GG,GG,CC,CC,AT,GG,CC,AA,CC,AT,AA,CC,CC,AC,TT,AA,GG,AA,AA,AC,AA,GG,AA,AA,AA,TT,GG,AA,AA,AC,NN,CT,AA,AA,CG,GG,GG,TT,AT,AG,TT,TT,TT,AG,AA,GG,GG,AA,6.4,Susceptible,Medium,Standard,Early
L0634,Warangal,Telangana,Rabi,Black Cotton,Irrigated,410,26.5,60,AC,TT,AG,AG,GG,CC,GT,TT,CC,CG,AA,CC,GG,TT,TT,GG,GG,TT,TT,AA,CC,TT,GT,CC,TT,CC,GT,TT,GG,AA,TT,CT,AA,CC,GG,GG,GG,CC,GG,CC,TT,TT,AA,GT,AA,AG,TT,TT,CC,AC,GT,AA,AG,GG,TT,TT,AA,AC,GG,AA,AA,TT,TT,AA,TT,TT,CT,GG,TT,GG,AA,GG,CC,AA,AG,CC,AT,GG,TT,TT,GG,GG,GG,CC,AA,GG,NN,AA,CC,GG,CC,TT,NN,TT,TT,GG,CT,CC,GG,CC,CC,CC,GG,AA,AT,TT,CC,AA,AG,AA,CC,GG,TT,NN,TT,AA,AA,TT,CC,AG,CC,GG,CT,GG,CC,AA,CT,CC,CC,CC,AA,TT,AC,AC,CC,CC,AA,TT,AA,AT,GG,CC,CC,GG,AA,AG,AA,CC,GT,CC,CC,AA,AA,GG,GG,GG,AA,NN,CT,GG,AC,TT,TT,CT,CG,AA,GT,TT,AA,TT,CG,CG,GG,CT,CC,CC,GG,CC,AA,GG,AA,CC,GT,CC,GT,TT,GG,AA,NN,AA,TT,CC,CG,AA,CC,CC,GG,GG,CC,GG,TT,AC,AG,CC,GG,AA,AC,AT,AT,GG,TT,TT,TT,GG,TT,AT,CG,TT,TT,AA,GG,AA,TT,AA,TT,CC,TT,AA,CC,TT,CG,AG,CC,AA,CC,TT,TT,GT,GG,TT,AA,AC,AA,NN,CC,CC,GG,CC,GG,TT,AG,CG,TT,AG,CC,CC,AT,GG,CG,AA,CC,AT,AA,AA,CC,AC,TT,AA,GG,AA,AA,AA,AA,GG,AG,AA,AA,AT,GG,AA,AA,AC,AC,CC,AA,AA,GG,GG,GG,TT,AA,AA,TT,TT,TT,AG,TT,GG,GG,AA,8.52,Susceptible,Low,Poor,Early
L0635,Warangal,Telangana,Rabi,Black Cotton,Irrigated,410,26.5,60,AC,TT,AG,AA,GG,CC,GG,TT,CC,GG,AA,CC,CC,TT,TT,GG,GG,AT,TT,AA,CC,GT,GT,CC,TT,CC,TT,TT,GT,AA,TT,CT,AA,CC,GG,GG,GG,GG,GG,CC,TT,TT,CC,GT,AA,GG,TT,TT,CC,AC,GT,AT,AA,GG,CC,GT,AA,AA,GT,AA,AA,GT,TT,AA,CT,TT,CC,GG,TT,GT,AG,GT,CC,AG,GG,AC,AT,GG,TT,TT,GG,GT,GG,CC,AA,GG,AA,AA,CC,TT,CC,TT,CC,TT,GT,GG,TT,CC,GT,CC,CC,CG,GG,AA,TT,TT,CC,AA,AG,AA,CC,GG,TT,CC,GT,AC,AC,NN,CG,AG,CC,GG,CC,GG,CT,AG,CC,CC,CC,CC,AA,TT,CC,AA,CC,CT,AA,AT,AG,AT,NN,CT,CC,GG,AA,AA,AA,AC,GG,CC,CC,AG,AA,AG,TT,GG,NN,TT,CT,GG,CC,GT,TT,TT,CG,AA,TT,CT,AT,TT,CG,CC,AG,CC,CC,CC,CG,CC,AA,AG,AA,CC,TT,CC,GG,TT,GG,TT,AA,AA,TT,CC,GG,AA,CC,CC,GG,GG,AC,GG,TT,AA,AA,CC,GG,AA,CC,AA,AA,GG,GT,AT,AA,GG,GT,AA,CC,TT,GT,AA,GG,AA,CT,AA,AT,CC,TT,AC,CC,TT,GG,GG,CC,AA,AC,TT,TT,GT,GG,TT,AA,AA,AG,GG,CC,CC,GG,CC,GG,TT,AG,CC,GT,GG,CG,CC,AA,GG,CC,AA,CC,AA,AG,CC,CC,CC,TT,AA,CG,AA,AA,AC,AA,AG,NN,AA,AA,TT,GG,AA,AG,AC,AA,TT,AA,AA,CG,GG,GG,TT,AA,AG,TT,TT,TT,AG,AT,GG,CG,AA,7.82,Susceptible,Low,Premium,Early
L0636,Warangal,Telangana,Rabi,Black Cotton,Irrigated,410,26.5,60,AC,CT,GG,AG,GG,CC,GG,TT,CC,CG,AA,CC,CC,AT,TT,GG,GG,TT,TT,AG,CC,TT,TT,CT,AT,CC,TT,TT,GG,AA,TT,CC,AG,CC,GG,CG,GG,CC,GG,CC,TT,CC,AA,TT,NN,AG,TT,TT,NN,AC,GG,AA,AG,GG,CC,TT,AA,AA,GT,AC,AA,TT,AT,AA,TT,TT,CC,GG,TT,GT,AA,GG,CC,AA,AA,CC,AT,GG,GT,TT,GG,GG,GG,CC,AT,GG,AA,AA,CC,TT,CC,TT,CT,TT,TT,AG,TT,CC,TT,CC,CC,CC,GG,AA,TT,TT,CC,AA,AG,AA,CC,GG,TT,CC,TT,AC,AA,TT,CC,GG,CG,AG,CC,GG,TT,AA,CT,CC,CC,CC,AA,TT,CC,AA,CC,CC,AG,TT,AA,AA,GG,CC,CC,GG,AA,GG,AA,CC,GG,CC,CC,AG,AA,GG,GT,AG,AA,GG,TT,GG,AC,GG,TT,TT,CG,AT,TT,TT,AT,NN,GG,CC,AG,CT,CC,CC,GG,CC,AA,GG,AA,CC,TT,CC,GG,TT,GG,AT,AA,AA,TT,CC,GG,AA,CC,CC,GG,GG,CC,GG,TT,AA,AA,CC,GG,AT,CC,AA,AT,GT,TT,TT,AT,NN,GT,AA,CC,TT,TT,AA,GG,AG,TT,AA,TT,CC,TT,AC,CC,TT,CG,AG,CC,AG,CC,AT,CT,TT,GG,TT,AA,AC,AG,GG,CC,GG,GG,CC,GG,TT,AA,CC,TT,AG,NN,CC,AT,AG,CC,NN,CC,AA,AA,AC,CC,AC,TT,AA,GG,AA,AA,AC,AA,AG,AG,AA,AA,AT,GG,AC,GG,AC,AC,CT,AG,AA,GG,GG,CG,TT,AA,AA,GT,TT,TT,AG,TT,GG,GG,AA,6.31,Susceptible,High,Poor,Medium
L0637,Warangal,Telangana,Rabi,Black Cotton,Irrigated,410,26.5,60,AA,TT,AG,AG,CG,CG,GT,TT,CC,GG,AA,CC,CG,AT,TT,GG,CG,TT,TT,AA,CC,GT,GG,CC,AT,CC,TT,TT,GG,AA,TT,CC,AG,CC,AG,GG,GG,CC,GG,CC,TT,CT,AA,TT,AG,AG,TT,TT,CC,AC,GG,AA,AA,GG,CC,TT,AT,AA,TT,AC,NN,TT,TT,AA,TT,AA,CC,GG,TT,GT,AG,GG,CC,AA,AG,AA,AT,GG,TT,TT,GG,GG,GG,CC,AT,GG,AA,AA,CC,TT,AC,TT,CT,TT,GG,GG,TT,AC,GT,CC,CT,CC,AG,AA,TT,TT,CC,AA,AA,AA,CC,GG,TT,CC,TT,AA,AC,TT,CC,AG,CC,GG,CC,GG,TT,AG,CC,CC,CC,CG,AG,GT,CC,AA,CC,CT,AA,TT,AA,AT,CG,CC,CC,GG,AA,AA,AA,AC,GG,CC,CC,AA,AA,GG,TT,AG,AA,TT,CT,GG,CC,TT,GT,TT,CC,AA,TT,TT,AT,TT,GG,NN,AA,CT,CC,CC,CG,AC,AA,GG,AG,CC,TT,CC,TT,TT,GG,TT,AG,AG,NN,CC,GG,CC,CC,CC,NN,GG,AC,GG,TT,AA,AA,CG,GG,AA,AC,AA,AT,GG,TT,TT,AA,GG,TT,TT,CC,AT,GT,AA,GG,AA,TT,AA,TT,CC,TT,NN,CC,TT,CC,AA,CG,AG,AC,TT,CT,GT,GG,TT,AC,CC,AG,GG,CC,CC,GG,CC,GG,AT,AA,CG,GT,GG,CC,CC,AA,GG,CC,AA,CC,AA,AA,AA,CG,CC,TT,AA,GG,AT,AA,AC,AA,GG,AG,AA,AA,TT,GG,AC,AA,CC,AC,TT,AA,AA,CG,GG,GG,GG,AA,AA,GT,TT,TT,AG,TT,GG,GG,AA,8.05,Susceptible,High,Standard,Late
L0638,Warangal,Telangana,Rabi,Black Cotton,Irrigated,410,26.5,60,AC,TT,GG,AA,GG,CC,NN,TT,CC,CG,AA,CC,CC,TT,GT,GG,GG,TT,TT,GG,CC,GT,GG,CT,TT,CC,GT,TT,GG,AA,TT,CC,AA,CC,GG,GG,GG,CG,GG,CC,TT,CC,AC,TT,AG,GG,TT,AT,CC,AA,GG,AA,AA,GG,CC,GT,AA,AA,TT,AC,AA,TT,TT,AG,CT,AT,CC,GG,TT,GG,AG,GG,CC,AA,AG,AA,NN,AG,GT,TT,GG,GG,GG,CC,AA,GG,AA,AA,CC,GT,AC,TT,CT,TT,GT,GG,TT,CC,TT,CC,CC,CC,GG,AA,TT,TT,CC,AG,AG,AA,CT,GG,TT,CC,TT,AC,AA,TT,CC,GG,CC,GG,CT,GT,CT,AA,CC,CC,CC,CC,AA,GT,CC,AA,CC,CC,AA,AT,AG,AA,NN,CC,CC,GG,AA,AG,AA,CC,GG,CC,CC,AG,AA,AG,TT,AG,AC,GG,TT,GG,CC,GT,GT,TT,CG,AA,GT,TT,AA,TT,GG,CC,AA,TT,CC,CC,NN,CC,AT,GG,AA,CC,TT,CC,GT,TT,CG,AT,AA,AA,TT,CC,GG,AA,AC,CC,GG,GG,AC,GG,TT,AA,AA,CG,GG,AA,CC,AA,AT,GT,TT,AT,AA,CG,GT,AA,CC,TT,TT,AA,GG,AA,TT,AC,TT,CC,TT,AA,CC,NN,CG,AG,CC,GG,AC,AT,CC,TT,GG,TT,AC,CC,AA,GG,CC,CG,GG,CC,GG,AT,AG,CC,TT,GG,CC,CC,AA,GG,CC,AA,CC,AA,AA,AC,CC,AC,AT,AA,GG,AA,AC,AC,AA,NN,GG,AA,AA,TT,GG,AA,AG,AA,AA,TT,AG,AA,GG,GG,GG,TT,AA,AA,GT,TT,TT,AA,AA,GG,GG,AA,6.97,Moderate,High,Premium,Medium
L0639,Warangal,Telangana,Rabi,Black Cotton,Irrigated,410,26.5,60,AA,TT,GG,AA,GG,CC,GG,TT,CC,CG,AA,CC,CC,TT,GT,GT,CC,TT,TT,AG,CC,TT,TT,CC,AT,CT,GT,TT,GG,AA,TT,CC,AA,AC,GG,GG,GG,GG,GG,CC,TT,TT,AA,GT,AA,AG,TT,TT,CC,AC,GG,AA,AA,GG,CT,TT,AA,NN,GT,AC,AA,TT,TT,GG,TT,TT,CC,GG,TT,GG,AG,GG,CC,AA,GG,AC,NN,GG,TT,TT,GG,GG,GG,CC,AA,GG,AA,AA,CC,GG,CC,TT,CC,TT,TT,AG,CT,CC,GT,CC,CC,CC,AA,AA,TT,TT,CC,AA,AA,AA,CT,GG,TT,CG,TT,AA,AA,TT,GG,AG,CC,AG,CC,GG,TT,AA,CC,CC,CC,CC,AA,TT,AC,AA,CC,CC,AA,TT,AA,AA,GG,CC,CC,GG,AG,AA,AT,CC,GT,CC,CC,AA,AG,AG,GT,AG,AC,TT,TT,GG,CC,TT,TT,TT,CC,AA,TT,TT,AA,TT,CG,CC,AA,CT,CC,NN,GG,AC,AA,GG,AA,CC,NN,CG,GT,TT,GG,AA,AA,NN,GT,CC,GG,AA,AC,CC,GG,AG,AA,GG,TT,AA,AA,CC,GG,AA,NN,AA,AA,GG,TT,AA,AA,GG,GG,AA,CC,TT,TT,AA,GG,AA,TT,AA,TT,CC,TT,AA,AC,TT,CC,AG,CC,AA,CC,NN,TT,TT,GG,TT,AA,CC,AG,GG,CC,CC,GG,CC,GG,AA,AG,CG,GG,GG,CC,CC,AA,GG,CC,AA,CC,AT,AA,CC,CG,AC,TT,AA,GG,AA,AC,AC,AA,GG,AG,AA,NN,TT,GG,AC,AA,CC,AA,TT,AA,AA,GG,AG,CG,TT,AT,AA,TT,TT,TT,AG,AT,GG,GG,AA,8.5,Susceptible,Medium,Poor,Late
L0640,Warangal,Telangana,Rabi,Black Cotton,Irrigated,410,26.5,60,AC,TT,AG,AA,GG,CC,GG,AT,NN,CC,AA,CC,CC,TT,TT,GG,GG,TT,TT,AG,CC,TT,GT,CT,TT,CC,TT,TT,GG,AA,TT,CT,AA,CC,GG,GG,GT,CC,GG,CC,TT,CT,AA,GT,AG,GG,TT,TT,CC,NN,GT,AA,AA,GG,CC,TT,AA,AA,TT,AA,AA,TT,TT,AA,TT,AA,CC,GG,TT,TT,GG,GG,CC,AA,GG,AC,AT,GG,TT,TT,GG,GG,GT,CC,TT,GG,AA,AT,CC,GT,AC,TT,CC,AT,TT,GG,TT,CC,TT,CC,NN,CC,GG,AA,TT,TT,CG,AA,AA,AC,CT,GG,TT,CC,GT,AC,AA,TT,CC,AA,CG,GG,CC,GT,CT,AA,CC,CC,AC,CC,AA,TT,CC,AA,CC,CT,AA,TT,AA,AA,GG,CC,CC,GG,AA,AA,AA,AC,GG,CC,CC,AG,AA,GG,TT,GG,AA,GT,TT,GG,CC,GT,TT,TT,CC,AA,TT,TT,AA,NN,GG,CC,AG,CT,CC,CC,GG,CC,AA,GG,AA,CC,TT,CC,GG,TT,GG,AA,AA,AA,TT,CC,GG,AA,AA,CC,GG,GG,AA,GG,TT,AA,AA,CC,GG,AT,CC,AA,AA,GG,TT,TT,AT,GG,GG,TT,NN,AT,TT,AT,GG,AA,CC,AA,TT,CC,TT,AA,CC,TT,GG,AG,CG,AG,CC,AT,TT,GT,GG,TT,AA,AC,AG,GG,CC,CG,GG,CC,GG,TT,AA,CC,TT,GG,GG,CC,AA,AG,CC,AA,CC,AT,NN,AA,CC,CC,TT,NN,GG,AA,AA,AA,AA,AG,AG,AA,AA,TT,CG,AC,AG,AA,AC,TT,AA,AA,GG,GG,GG,TT,AA,AA,TT,NN,TT,GG,AT,CG,GG,AA,5.89,Susceptible,Low,Premium,Late
L0641,Warangal,Telangana,Rabi,Black Cotton,Irrigated,410,26.5,60,AC,TT,GG,AG,GG,CG,GT,AT,CC,CC,AA,CC,CC,TT,TT,GT,GG,TT,TT,AG,CC,TT,GT,CT,TT,CC,TT,TT,GT,AA,TT,CC,AA,AC,GG,GG,GG,CC,GG,CC,TT,TT,AC,TT,AA,AG,TT,TT,CC,AC,GG,AA,AA,GG,CC,TT,AA,AA,TT,AC,AG,TT,TT,AG,TT,AA,CC,GG,CT,GG,AA,GG,CC,AA,GG,AC,AT,GG,TT,TT,GG,GT,GG,CC,NN,GG,AG,AA,CC,GT,CC,TT,CT,TT,TT,GG,TT,CC,GT,CC,CC,CC,AA,AA,AT,GT,CC,AA,AG,AC,CC,GG,TT,CG,GT,AA,AC,TT,CC,AA,CC,GG,CC,GG,TT,AA,CC,CC,AC,CC,AG,TT,CC,AA,CC,CC,AA,TT,AA,AA,GG,CC,CC,GG,AA,AG,AA,CC,GG,CC,CC,AA,AA,AG,TT,GG,AC,TT,CT,GG,AC,GT,GT,CT,CG,AA,TT,TT,AT,AT,CG,CC,AA,CT,CC,AC,CG,AA,AA,GG,NN,CC,TT,CC,GG,TT,CG,TT,AA,AA,TT,NN,GG,AA,CC,CC,CG,GG,AC,GG,TT,AA,AA,CC,GG,AA,AA,AA,AA,GT,TT,AT,AA,CG,GT,AA,CG,TT,GT,AA,GG,AA,TT,AA,AT,CC,CT,AA,NN,CT,CG,AA,CC,AA,CC,AT,TT,GT,GG,TT,AA,AA,AA,GG,CC,CG,GG,CC,GG,TT,AA,CC,GT,GG,CC,CC,AA,GG,CC,AT,CC,AA,AA,AC,CC,CC,TT,AA,CG,AA,AA,AC,AA,AG,AA,AG,AA,TT,GG,AA,AA,CC,AA,CT,AA,AA,GG,AG,GG,TT,AA,AG,TT,TT,TT,AA,AA,GG,GG,AA,4.94,Susceptible,High,Poor,Late
L0642,Warangal,Telangana,Rabi,Black Cotton,Irrigated,410,26.5,60,AC,TT,GG,AG,GG,CC,GT,TT,CC,CC,AA,CC,CC,TT,TT,GT,GG,TT,TT,AA,CC,GT,TT,CC,TT,CC,TT,TT,GT,AA,TT,CT,AG,CC,GG,GG,GG,CG,GG,CC,GT,TT,AA,TT,AA,GG,TT,TT,CC,CC,NN,AA,AA,GG,CC,TT,AA,AC,GG,AC,AA,TT,AA,AG,TT,TT,CC,GG,TT,GT,AG,GG,CC,AA,GG,AC,AT,GG,TT,TT,GG,GT,GG,CC,AT,GG,AA,AA,CC,GT,CC,TT,CC,TT,TT,GG,CT,CC,GT,CT,CT,NN,AA,AA,TT,TT,CC,NN,AA,AA,CC,GG,GT,CC,GT,AA,AA,TT,NN,AG,CC,GG,CC,GG,TT,AA,CT,CC,CC,CC,AA,TT,AA,AA,CC,CC,AA,TT,AA,AA,GG,CC,CC,GG,AA,AG,AA,CC,GG,CC,CC,AA,AA,GG,TT,GG,AA,TT,CT,GG,CC,GT,TT,TT,CC,AA,TT,TT,AA,TT,CG,CC,AG,CC,CC,CC,GG,CC,AA,GG,AG,CC,TT,CG,GT,NN,CG,AT,AA,AA,TT,AC,GG,AA,AC,CC,GG,GG,AC,NN,TT,AA,AA,CC,GG,AA,AA,AA,AA,GT,TT,TT,TT,CG,GG,AT,CG,AT,TT,AA,GG,AA,CT,AC,TT,CG,TT,AA,CC,TT,GG,AG,CG,AG,CC,TT,TT,GT,GG,TT,AA,CC,AG,GT,CC,CC,GG,CC,GG,AT,AA,CG,TT,GG,CC,CC,AA,GG,CC,AT,CC,AA,AG,CC,CC,AC,TT,AA,GG,AA,AA,AC,NN,GG,AA,AA,AA,TT,GG,AA,GG,AC,AC,TT,AA,NN,GG,GG,GG,TT,AA,AG,TT,TT,TT,AG,TT,GG,GG,AA,8.78,Resistant,Low,Premium,Early
L0643,Warangal,Telangana,Rabi,Black Cotton,Irrigated,410,26.5,60,AA,CT,GG,AG,GG,CC,GG,TT,CC,CG,AA,CT,CG,TT,GT,GG,CG,TT,TT,AA,CC,TT,GT,CT,TT,CC,TT,TT,GT,AA,TT,CT,AA,CC,AG,GG,GG,CG,GG,CC,TT,TT,AA,TT,AA,AG,TT,TT,CC,CC,GG,AT,AA,GG,CC,GT,AA,CC,GT,AA,AA,TT,NN,AG,TT,TT,CC,GG,TT,GT,AA,GT,CC,AA,GG,AA,AT,GG,TT,TT,GG,GG,GG,CC,AA,GG,AA,AA,CG,TT,CC,TT,CT,TT,TT,GG,CT,CC,GG,CC,CC,CC,AG,AA,AT,TT,CG,AA,AG,AA,CT,GG,TT,CC,TT,AC,AA,TT,CG,AG,CG,GG,CC,GG,CT,AG,CC,NN,CC,CG,AA,GT,CC,AA,CC,CC,AA,TT,AA,AA,CG,CC,CC,GG,AA,AG,AA,CC,GG,CC,NN,AA,AA,GG,GT,AG,AA,GT,CT,GG,CC,TT,GT,CT,CC,TT,GG,TT,AT,TT,CG,CC,GG,CC,CC,CC,GG,CC,AA,GG,AG,CC,TT,CG,GG,GT,CG,AT,AA,AG,TT,CC,GG,AA,CC,CC,GG,GG,AC,CG,TT,AA,AA,CC,GG,AA,CC,AA,AT,GG,TT,AT,AT,CG,TT,AA,CC,AT,GT,AA,GG,AA,TT,AA,TT,CC,CT,AA,CC,CT,GG,AG,NN,AG,AC,AT,TT,GT,GG,TT,AA,CC,AA,GG,CG,CG,GG,CC,GG,AT,AG,CG,TT,GG,CC,CC,AT,GG,CG,AA,CC,AA,AA,CC,CC,AA,AT,AA,GG,AA,AA,AC,AA,GG,GG,AG,AA,AT,GG,AC,AA,CC,AC,TT,AA,AG,GG,GG,GG,TT,AA,AA,TT,TT,TT,AA,TT,CG,GG,AA,9.82,Susceptible,Low,Standard,Medium
L0644,Warangal,Telangana,Rabi,Black Cotton,Irrigated,410,26.5,60,AC,TT,GG,AG,GG,CC,GG,TT,CC,CG,AA,CT,CC,AT,TT,GG,CG,TT,TT,AG,CC,GT,GT,CT,TT,CC,TT,TT,GT,AA,TT,CC,AA,CC,GG,GG,GG,CC,GG,CC,TT,CT,AA,TT,AA,AG,TT,TT,CG,CC,GT,AA,AA,GG,CC,TT,AT,AA,GG,AC,AA,GT,AT,AA,TT,TT,CC,GG,TT,GG,AG,NN,CC,AA,AG,AA,AT,GG,GG,TT,GG,GG,GT,CC,AA,GG,AA,AA,CC,GG,CC,TT,CT,TT,TT,GG,TT,CC,TT,CC,CC,CC,AG,AA,TT,TT,CC,AA,AA,AC,CC,GG,TT,CC,GT,AA,NN,TT,CC,GG,CG,GG,CT,GT,CT,AG,CT,CC,CC,CC,AG,TT,AC,AA,CC,CC,AA,TT,AA,AA,GG,CC,CC,GG,AA,AA,AA,CC,NN,CC,CC,AG,AA,GG,TT,AG,AC,TT,TT,AG,AC,GT,TT,CC,CG,AA,GT,CT,AT,TT,GG,CC,AA,TT,CC,CC,GG,AC,AA,NN,AA,CC,TT,CG,TT,TT,GG,AA,AA,AA,TT,CC,GG,AA,CC,CC,GG,AG,AA,GG,TT,AA,AA,CC,GG,AA,CC,AT,AT,GT,TT,AT,AA,CG,TT,AT,CC,AA,TT,AA,GG,AA,CT,AC,TT,CC,TT,AA,CC,TT,CG,AA,CC,AG,CC,TT,CT,GT,GG,TT,AC,AA,AG,GG,CC,CG,GG,CC,GG,TT,AA,CG,TT,GG,CC,CC,AA,GG,CC,AA,CC,AT,AA,AC,CC,CC,AT,AA,CG,AA,AC,AC,AA,GG,NN,AA,AA,TT,CG,AC,AA,AC,AA,CT,AA,AA,GG,GG,GG,TT,AT,AA,GT,TT,AT,AG,AT,GG,GG,AA,7.28,Susceptible,High,Poor,Medium
L0645,Warangal,Telangana,Rabi,Black Cotton,Irrigated,410,26.5,60,AA,TT,AG,AA,GG,CG,GT,TT,CC,CC,AA,CC,CC,TT,TT,GG,GG,TT,TT,AA,CC,GT,GT,CC,TT,CC,TT,TT,GG,AA,TT,NN,AA,CC,GG,GG,GG,GG,GG,AC,TT,CT,AA,TT,AA,GG,TT,TT,CC,AA,GG,AT,AA,GG,CC,TT,AA,AA,TT,AA,AA,TT,TT,AG,TT,AT,CC,GG,TT,GG,AG,GG,CC,AA,GG,AA,AT,GG,TT,TT,GG,GT,GG,CC,AT,GG,AA,AA,CC,GT,CC,TT,CT,AT,TT,GG,CT,AC,TT,CC,CT,CG,AG,AA,AT,TT,CC,AA,AG,AA,CC,GG,TT,CC,TT,AA,AA,TT,CC,AG,CG,AA,CC,TT,CT,AA,CC,CC,CC,CG,AA,TT,CC,AA,CC,CC,AA,TT,AG,AT,GG,CC,CC,GG,AG,AG,AA,CC,GG,CC,CC,AA,AG,GG,GT,GG,AC,GT,CT,GG,CC,TT,GG,TT,CC,AT,TT,TT,AA,TT,GG,CC,AA,CC,CC,CC,GG,CC,AA,GG,GG,CC,TT,CC,GG,TT,GG,AA,AG,AG,TT,CC,CG,AA,AC,CC,GG,GG,AA,GG,TT,NN,AA,CC,GG,AA,CC,AA,AT,GG,TT,AT,AT,GG,GT,AT,CG,TT,GT,AA,GG,AA,CT,AA,TT,CG,CT,AA,CC,TT,CG,AG,CC,AA,CC,TT,CT,TT,GG,TT,AC,AC,AA,GG,CC,CG,GG,CC,GG,AT,AG,CC,GT,GG,CC,CG,AA,AG,CC,AT,CC,AA,AA,AC,CG,AC,TT,AA,GG,AA,AC,AC,AA,GG,AA,AA,AG,AT,GG,AC,AA,AC,AC,CC,AA,AG,GG,AG,GG,TT,AT,NN,TT,TT,TT,AA,TT,GG,GG,AC,8.55,Resistant,Low,Premium,Late
L0646,Warangal,Telangana,Rabi,Black Cotton,Irrigated,410,26.5,60,AA,TT,NN,AA,NN,CC,GG,TT,CC,CG,AA,CC,CG,TT,TT,GG,GG,TT,TT,AG,CC,GT,GG,CT,TT,CC,TT,TT,GT,AA,TT,CT,AA,CC,GG,GG,GG,CC,GG,CC,TT,CT,AA,GT,AA,GG,TT,AT,CG,CC,GG,AT,AG,GG,CC,TT,AT,AA,GT,AA,AA,TT,TT,AG,TT,TT,CC,GG,TT,GG,AG,GG,CC,AA,GG,AC,AT,GG,TT,TT,AG,GG,GG,CC,AA,GG,AA,AA,CC,GT,AC,TT,CC,AT,TT,GG,TT,AC,TT,CC,CT,CC,GG,AA,AT,TT,CG,AA,AA,AC,CT,GG,TT,CC,TT,CC,NN,TT,CC,GG,CC,AG,CC,GG,TT,AA,CT,CC,CC,CC,AA,TT,AC,AA,CC,CC,AA,TT,AG,AA,GG,CC,CC,GG,AA,AA,AA,CC,GG,CC,CC,AA,AA,GG,TT,AG,AC,TT,CT,GG,CC,GT,TT,TT,CC,AT,GT,TT,AA,TT,GG,CG,AA,CC,AC,CC,CG,CC,AA,GG,AG,CC,TT,CC,GT,TT,CG,AA,AA,AG,TT,CC,GG,AA,AC,CC,GG,GG,NN,GG,TT,AA,AA,CC,GT,AA,CC,AA,AA,GT,TT,TT,AT,GG,GG,AA,GG,AT,TT,AA,GG,AA,TT,AA,TT,CC,TT,AA,CC,TT,CG,AG,CC,AA,AC,AT,TT,TT,GG,TT,AA,AC,AA,GT,CC,CG,GG,CC,GG,AA,AA,CC,TT,AG,CG,CC,AT,AG,CG,TT,CC,AT,AA,CC,CG,AC,TT,AA,GG,AA,AA,AC,AA,AG,AG,AA,AA,TT,GG,AC,GG,AC,AC,TT,AA,AA,GG,GG,GG,TT,AA,AA,TT,TT,AT,AA,TT,GG,GG,AC,8.75,Resistant,High,Premium,Early
L0647,Warangal,Telangana,Rabi,Black Cotton,Irrigated,410,26.5,60,AA,CT,GG,AA,CG,CC,GG,TT,CG,CC,AT,CC,CC,AA,TT,GG,CG,TT,TT,AA,CG,TT,TT,CC,AT,CC,TT,AT,GG,AA,TT,CC,AA,CC,GG,CC,GG,CG,GG,CC,TT,TT,AA,TT,AG,AG,TT,TT,CC,AA,GG,AA,AG,CG,CC,GT,AT,AC,GG,CC,AA,TT,AT,AA,TT,AT,CC,GG,TT,GT,AA,GT,CC,AA,AG,AA,AT,AG,TT,TT,AG,GG,GG,CC,AA,GG,AA,AA,CG,GT,CC,TT,CT,TT,TT,GG,TT,CC,GT,CC,CC,CC,AA,AA,TT,TT,CC,AG,AG,AA,CC,GG,TT,CC,TT,AA,AA,TT,CC,AG,CC,GG,CC,GG,CT,AA,CC,CC,CC,CC,AA,TT,CC,AA,CC,CC,AA,TT,AA,AA,CG,CT,CG,GG,AA,GG,AA,CC,GG,CC,CC,AA,AG,GG,GT,GG,AA,TT,TT,GG,CC,GT,TT,TT,CG,AT,TT,TT,AA,AT,GG,CC,AA,TT,CC,CC,GG,AC,AA,GG,AG,CC,TT,CC,GG,TT,GG,TT,AA,AG,TT,CC,GG,AA,CC,CC,GG,GG,AA,GG,TT,AA,AA,CG,GG,AA,AC,AA,AT,GT,TT,AT,AA,CG,GG,AT,GG,TT,GT,AA,GG,AA,CT,AC,TT,CC,TT,AC,CC,CT,GG,GG,CC,AG,AC,TT,CT,TT,CG,TT,AA,CC,AA,GT,CC,CC,GG,CC,NN,AT,AA,CG,TT,AG,CC,CC,AT,GG,GG,AA,CC,AA,AA,CC,CC,AC,TT,AG,GG,AA,AA,AC,AA,AA,AA,AA,AA,AT,GG,AA,AA,AC,AA,CT,AA,AA,GG,GG,GG,TT,AA,AA,GT,TT,TT,AG,AA,GG,CG,AA,6.3,Susceptible,High,Standard,Late
L0648,Warangal,Telangana,Rabi,Black Cotton,Irrigated,410,26.5,60,AC,TT,GG,GG,CG,CG,GT,AT,CC,CC,AA,CC,CC,TT,TT,GG,NN,TT,TT,AG,CC,GT,GG,CC,TT,CC,TT,TT,GG,AA,TT,CC,AA,CC,GG,CC,GG,CG,GG,CC,TT,CC,AA,TT,AA,AG,TT,TT,CC,AC,GT,AT,AA,GG,CC,GT,AA,AA,GT,AA,AG,TT,AT,AG,TT,TT,CC,GG,CT,GT,AA,GG,CC,AA,GG,AC,TT,GG,TT,TT,GG,GT,GG,CC,AA,GG,AA,AA,CC,NN,CC,TT,CT,AA,TT,GG,TT,CC,NN,NN,CC,CG,AA,GG,AT,TT,CC,AA,GG,AA,CC,GG,TT,CC,GT,AA,AC,TT,CC,AA,CC,GG,CC,GG,TT,AG,CC,CC,CC,CG,AA,TT,CC,AA,CC,CC,AA,TT,AA,AT,GG,CT,CC,GG,AA,GG,AA,CC,GG,CC,CC,AG,AG,GG,TT,NN,AA,TT,CT,GG,AA,TT,GT,CT,CG,AA,NN,CT,AA,TT,GG,CC,AA,CC,CC,CC,CC,CC,AA,AG,AA,CC,TT,CC,GT,GG,GG,AT,AA,AG,TT,CC,GG,AA,CC,CC,GG,AG,AA,GG,TT,AC,AA,CC,GG,AA,CC,AA,AA,GT,TT,TT,AT,GG,TT,AA,CG,TT,TT,AA,GG,AA,CT,AA,TT,CC,TT,AA,CC,CC,CC,AG,CC,AA,CC,TT,CT,TT,GG,TT,AA,CC,AA,GG,CC,CC,GG,CC,GG,AT,AA,CC,TT,GG,CC,CC,AA,GG,GG,AA,CC,AA,AA,AC,CC,CC,TT,AA,GG,AA,AC,AA,AC,GG,AA,GG,AA,AA,CG,AA,GG,AA,AA,TT,AA,AA,GG,GG,GG,TT,AA,AA,GT,TT,TT,AG,TT,GG,GG,AA,7.71,Susceptible,Low,Poor,Early
L0649,Warangal,Telangana,Rabi,Black Cotton,Irrigated,410,26.5,60,AA,TT,GG,AG,GG,CC,GG,TT,CC,CC,AT,CC,CC,TT,TT,GG,CG,TT,TT,AA,CG,GT,GG,CC,TT,CC,TT,TT,NN,AA,CT,CT,AA,CC,GG,GG,GG,CC,GG,CC,TT,TT,AA,GT,AA,GG,TT,AT,CC,AC,GG,AA,AA,GG,CC,TT,AA,AA,TT,AA,AG,TT,TT,AA,CT,AT,CC,GG,TT,GG,AA,GG,CC,AA,AG,AC,AT,GG,TT,TT,GG,GG,GG,CC,AA,AG,AA,AA,CG,GT,AC,TT,CT,TT,GT,GG,TT,CC,GG,NN,CT,CC,GG,AG,TT,TT,CC,AA,AG,AA,CT,GG,TT,CC,TT,AA,AC,TT,CC,AG,CC,GG,CC,GG,TT,AA,CC,CC,CC,CC,AA,TT,CC,AC,CC,CC,AA,TT,AA,AA,GG,CT,CC,AG,AA,GG,AA,AC,GT,CC,CC,AA,AG,AG,NN,AG,AC,TT,CT,GG,CC,TT,TT,CT,NN,AA,TT,CT,AT,TT,CG,CC,AA,CT,CC,AC,GG,CC,AA,GG,AA,CC,TT,CC,GT,TT,CG,TT,AA,AG,TT,CC,CG,AC,AC,CC,CG,GG,AC,GG,TT,CC,AA,CC,GG,AA,CC,AT,AT,GG,TT,TT,AA,CG,GT,TT,CC,TT,GT,AA,NN,AG,CT,AC,TT,CC,TT,AA,CC,CT,GG,AG,CC,AG,AC,AT,TT,TT,GG,TT,AA,AC,AA,GG,CC,CG,GG,CC,GG,TT,AA,CC,GT,GG,CG,CC,AA,GG,CC,AA,CC,AA,AA,CC,CC,AC,TT,AA,GG,AA,AC,AC,AA,AG,AG,AA,AA,TT,NN,AC,AG,CC,AC,CT,AA,AG,GG,GG,GG,GT,AA,AG,GT,TT,TT,AA,TT,GG,GG,AA,7.89,Susceptible,High,Premium,Medium
L0650,Warangal,Telangana,Rabi,Black Cotton,Irrigated,410,26.5,60,AC,TT,AG,AA,GG,CC,GT,TT,CC,CG,AA,CC,CC,TT,TT,GG,CG,TT,TT,AG,CC,TT,TT,CC,TT,CT,TT,TT,GT,AA,TT,CT,AA,CC,GG,GG,GT,CC,GG,CC,TT,CC,AA,GT,AG,AG,CT,TT,CC,AA,GT,AT,AA,GG,CC,GT,AA,AA,GT,AC,AG,TT,TT,AG,TT,TT,CC,GG,TT,GT,AG,GG,CC,AA,AG,AA,AA,GG,GT,TT,GG,GG,GG,CC,AA,GG,AG,AA,CG,TT,CC,TT,CC,TT,TT,GG,CT,CC,TT,CC,CT,CC,GG,AA,AT,TT,CG,AA,AA,AA,CT,GG,TT,CC,TT,AC,AA,TT,CC,AG,CC,GG,CC,GG,CC,AA,CT,CG,CC,CC,AA,TT,CC,AA,CC,CC,NN,NN,AA,AA,GG,CC,CC,AG,AA,AG,AA,CC,GG,CC,CC,AA,AG,GG,TT,GG,AA,TT,TT,AG,CC,TT,TT,CC,CC,AA,GT,TT,AA,TT,GG,CC,AA,CT,AC,CC,CG,AC,AA,GG,AG,CC,TT,CC,GG,TT,GG,TT,AA,AG,TT,CC,GG,NN,CC,CC,GG,AG,AC,GG,TT,AA,AG,CC,GG,AA,CC,AA,AT,NN,GG,AT,AT,GG,TT,TT,CC,AA,TT,AA,GG,AA,TT,AA,TT,CC,TT,AA,CC,TT,CG,GG,CG,AG,CC,AT,TT,GT,GG,TT,AA,AC,AA,GG,CC,CC,GG,CG,GG,AT,AA,CC,TT,GG,CC,CG,AT,GG,CC,AA,CC,AA,AA,CC,CG,AC,TT,AA,GG,AA,AA,AC,AA,AG,AA,AA,AA,AT,CG,AC,AA,CC,AA,CT,AG,AG,GG,GG,GG,TT,AA,AA,TT,TT,TT,AG,AT,GG,GG,AC,6.47,Resistant,Low,Poor,Early
L0651,Warangal,Telangana,Rabi,Black Cotton,Irrigated,410,26.5,60,AA,TT,AG,AA,GG,CC,GG,TT,CC,CG,AA,CT,CC,AA,TT,GG,GG,TT,TT,AA,CG,GT,GT,CC,AT,CC,TT,TT,GG,AA,NN,CC,AA,CC,GG,CG,GG,CC,GG,CC,TT,CT,AA,TT,AA,GG,TT,AT,CC,CC,GG,AA,AA,GG,CC,TT,AA,AA,GT,AA,AA,TT,TT,AG,CT,TT,CC,NN,TT,GT,AG,GG,CC,AA,AG,AC,AT,GG,TT,TT,GG,GG,GG,CC,AA,GG,AA,AA,CC,GT,CC,TT,CC,TT,TT,GG,CT,CC,TT,CC,CC,CG,AG,AA,AT,TT,CG,AA,AA,AA,CC,GG,TT,CC,TT,AA,AA,TT,CC,AG,CG,GG,NN,GT,TT,AG,CC,CC,CC,CC,AA,GT,CC,AA,CC,CC,AA,TT,AA,AA,GG,CC,CC,GG,AA,AA,AA,CC,GT,CC,CC,AA,GG,GG,GT,AG,AC,TT,CT,GG,AC,TT,GT,TT,CC,AT,TT,TT,AA,AT,GG,CC,AG,CT,NN,CC,GG,CC,AA,GG,AG,CC,TT,CC,GT,TT,CG,AT,AA,AA,GT,AC,GG,NN,CC,CG,GG,GG,AA,GG,TT,AC,AA,CC,GG,AA,CC,AA,AA,GT,TT,TT,AA,CG,GT,AA,CC,TT,GT,AA,GG,AA,CT,AA,TT,CG,TT,NN,AC,TT,NN,AG,CC,AG,AC,TT,CT,GT,GG,TT,AA,AA,AG,GG,CC,CG,GG,CC,GG,TT,AG,CC,TT,GG,CC,CC,AA,GG,CC,AA,CC,AA,AA,CC,CC,AC,TT,AA,GG,AA,AA,AA,AA,AG,AA,AG,AA,AT,GG,AC,AG,AA,AC,CT,AA,AG,CG,GG,GG,TT,AT,AA,TT,TT,TT,AG,TT,GG,GG,AA,7.52,Susceptible,High,Standard,Medium
L0652,Warangal,Telangana,Rabi,Black Cotton,Irrigated,410,26.5,60,AC,CT,AG,AG,CG,CC,GT,TT,CC,CG,AA,CT,CC,TT,TT,GG,CG,TT,TT,AA,CC,TT,GT,CC,TT,CT,TT,TT,GT,AA,TT,CC,AA,CC,GG,GG,GG,CG,GG,CC,TT,TT,AA,GT,AA,AG,TT,AT,NN,AA,GT,TT,AG,GG,CC,GT,AA,AA,GG,CC,AA,TT,AT,AG,TT,AT,CC,GG,TT,GG,AA,GG,CC,AA,GG,AA,TT,GG,TT,TT,GG,GG,GG,CC,AA,GG,AA,AA,CC,NN,CC,TT,CT,TT,TT,GG,TT,CC,TT,CC,CC,CC,GG,AA,TT,TT,CC,AA,GG,AA,TT,GT,GT,CG,TT,AA,AC,NN,CC,GG,CG,GG,CC,GG,TT,AA,CC,CC,CC,CC,AA,GT,CC,AA,CC,CT,AA,TT,AA,AA,GG,CT,CC,GG,AA,AA,AA,CC,GT,CC,CG,AG,AG,GG,NN,GG,AA,TT,CT,GG,AC,TT,TT,TT,CC,AA,TT,TT,AT,AT,GG,CC,AA,CC,AC,CC,CC,CC,AA,GG,AG,CC,TT,CC,GT,GG,GG,AT,AG,AA,TT,CC,GG,AA,CC,CC,GG,GG,AC,NN,TT,AA,AA,CC,TT,AT,CC,AA,TT,GT,TT,TT,AT,GG,GG,AT,CG,TT,TT,AA,GG,AA,CT,AA,TT,CC,CT,AC,CC,TT,CG,AG,CC,GG,CC,AT,TT,GT,GG,TT,AA,CC,AA,GG,CC,GG,GG,CC,GG,AT,AA,CC,TT,GG,CC,CG,AT,AG,CC,AA,CG,AA,NN,CC,CG,CC,TT,AA,GG,AA,AC,AA,AA,AG,AG,AA,AG,TT,CG,AA,AA,AC,CC,CT,AA,AA,CG,AG,GG,TT,AA,AA,GT,TT,TT,AA,TT,GG,CG,AA,6.27,Moderate,Low,Poor,Medium
L0653,Warangal,Telangana,Rabi,Black Cotton,Irrigated,410,26.5,60,AC,NN,AG,AG,GG,CC,GG,AT,CC,CC,AA,CT,CG,TT,GT,GG,CG,TT,AT,AG,CG,GG,GG,CT,TT,NN,TT,TT,GT,AA,TT,CC,AA,CC,GG,CG,GG,CG,GG,CC,TT,CT,AC,TT,AA,AG,TT,TT,CC,AC,GT,AT,AA,GG,CC,TT,AA,AC,GT,AA,AA,TT,AT,AA,TT,AA,CC,GG,TT,GG,AG,GG,CC,AG,GG,AA,AA,GG,TT,TT,GG,GG,GT,CC,AT,GG,AA,AA,CC,TT,CC,TT,CT,AT,GT,GG,CT,CC,GG,CT,TT,CC,AG,AA,TT,TT,CG,AA,AA,AA,CT,GG,TT,CC,TT,AA,AA,TT,CC,AG,CC,GG,CC,GT,TT,AA,CC,CC,CC,CC,AG,TT,CC,AA,CC,CC,NN,TT,AA,AA,GG,CT,CC,GG,AG,AG,TT,CC,GG,CC,CC,AG,AG,GG,GT,NN,AC,TT,CT,GG,CC,TT,GT,TT,CC,AT,TT,TT,AA,AT,CG,CC,AG,CC,CC,AC,GG,CC,NN,GG,AG,CC,TT,CC,GT,TT,CC,TT,AA,AA,TT,CC,CG,AA,CC,CC,GG,GG,AA,GG,TT,AA,AG,CC,GG,TT,CC,AA,AT,TT,TT,TT,AT,CG,NN,AA,CC,TT,GT,AA,GG,AA,CT,AA,TT,CC,CT,AA,CC,TT,CG,AG,CG,AG,CC,TT,TT,TT,GG,TT,AA,AC,AA,GG,CC,CG,GG,CC,GG,TT,AA,CC,TT,GG,CC,CG,AA,AG,CG,AT,CG,AA,AA,AA,CG,AC,TT,AA,GG,AA,AA,AA,AA,GG,AG,AA,AA,TT,GG,AC,AA,CC,AC,CT,AA,AA,GG,GG,GG,GT,AT,AA,TT,TT,TT,AA,AT,GG,GG,AA,7.53,Susceptible,Medium,Standard,Late
L0654,Warangal,Telangana,Rabi,Black Cotton,Irrigated,410,26.5,60,AA,CT,GG,AG,GG,CC,GG,AT,CC,CG,AT,CC,GG,TT,GG,GG,GG,TT,TT,AA,CG,TT,TT,CC,TT,CC,TT,TT,GG,AA,CT,CC,NN,CC,AG,NN,GG,CG,GG,CC,TT,CT,CC,TT,AA,AG,TT,AT,CC,CC,GG,AA,AA,GG,CC,TT,AA,AC,GT,AC,AA,TT,AT,AG,CT,TT,CC,GG,TT,GT,AA,GG,CC,AA,GG,AC,TT,GG,TT,TT,GG,TT,GG,CC,TT,GG,AA,AA,CC,TT,CC,TT,CC,AT,TT,AG,TT,CC,TT,CC,CC,CG,GG,AA,AT,TT,CC,AA,AG,AC,TT,GG,TT,CC,TT,AA,AA,TT,CC,AG,CG,GG,CC,GG,CC,AG,CC,CC,CC,CC,AA,GT,CC,AA,CC,CC,AA,TT,AA,AA,GG,TT,CC,GG,AA,AG,AA,CC,GT,CC,CC,AG,AA,GG,GT,GG,AA,TT,CT,GG,CC,TT,GT,TT,CG,AT,GT,TT,AA,AT,GG,CC,AA,CT,CC,CC,CG,CC,AA,GG,AG,CC,TT,CG,GT,TT,CG,TT,AA,AA,TT,CC,GG,AC,CC,CC,GG,GG,AA,GG,TT,AC,AA,CC,GG,AA,CC,AA,AT,GT,TT,TT,AA,GG,GT,AA,CC,AT,TT,AA,GG,AA,TT,AC,TT,CC,TT,AC,CC,CT,GG,AA,CG,GG,CC,AT,CC,TT,GG,TT,AA,AC,AA,GG,CC,CC,GG,CG,GG,TT,AA,CC,TT,GG,CC,CC,AA,GG,CG,AT,CC,AA,AA,CC,CG,AA,AT,AG,GG,AA,AA,AC,AA,AG,AG,AA,AA,TT,GG,AA,AG,AC,AA,CT,AA,AA,GG,GG,CG,TT,AT,AA,GT,TT,TT,AA,AT,GG,GG,AA,6.8,Susceptible,Low,Standard,Medium
L0655,Warangal,Telangana,Rabi,Black Cotton,Irrigated,410,26.5,60,AA,TT,AG,AA,GG,CC,GG,TT,CC,GG,AA,CT,CG,TT,TT,GG,GG,TT,TT,AA,CC,TT,TT,CT,TT,CT,TT,TT,GG,AA,TT,CC,NN,CC,GG,GG,GG,CC,GT,CC,TT,TT,AC,TT,AG,AG,TT,TT,CC,AA,GT,AA,AA,GG,CT,GT,AA,CC,GT,AA,AA,TT,TT,AA,TT,AT,CC,GT,TT,GG,AG,GT,CC,AA,AG,AC,AT,GG,TT,TT,GG,GG,GG,CC,AA,GG,AA,AA,CG,GT,CC,TT,CT,TT,TT,GG,CT,CC,GT,CC,CT,CC,AG,AA,AA,TT,CC,AA,AA,AA,CC,GG,TT,CC,TT,AA,AC,TT,CG,AG,NN,GG,CC,GG,TT,AA,CC,CC,CC,CG,AA,TT,CC,AA,CC,CC,AA,TT,AG,AA,GG,CC,CC,GG,AA,AA,AA,CC,GG,CC,CC,AA,AG,GG,TT,AG,AA,TT,TT,GG,CC,GT,GT,TT,CC,AT,GG,TT,AA,TT,GG,CG,GG,CC,CC,CC,CG,CC,AA,GG,AG,CC,TT,CC,GG,GT,GG,NN,AA,AA,TT,CC,GG,AC,AC,CC,GG,GG,AC,CG,TT,AA,AG,CG,GG,AA,CC,AA,AA,GG,TT,AT,AT,GG,TT,AA,CC,TT,GT,AA,GG,AA,CT,AA,TT,CC,NN,AA,CC,TT,GG,AG,CC,AG,AC,AT,CT,GG,GG,AT,AA,AC,AA,GG,CC,CG,GG,CC,GG,AA,AA,CC,GT,GG,CC,CC,AA,GG,CC,AA,CC,AA,AA,AC,CC,CC,TT,AA,GG,AA,AC,AA,AA,GG,AA,AA,AA,AA,CG,AA,AG,AC,AA,TT,AA,AA,GG,GG,GG,GT,AA,AA,TT,TT,TT,NN,AT,GG,GG,AA,8.33,Susceptible,Medium,Premium,Early
L0656,Warangal,Telangana,Rabi,Black Cotton,Irrigated,410,26.5,60,AA,TT,GG,GG,GG,CC,GT,AT,CC,CC,AT,CT,CC,TT,TT,GG,GG,TT,TT,AA,CC,GT,GT,NN,TT,CC,TT,TT,GG,AA,CT,CC,AA,CC,GG,GG,GG,CC,GG,CC,TT,TT,AA,GT,AA,NN,TT,AT,CC,CC,GT,AA,AG,GG,CC,GT,AA,AA,GT,AA,AA,GT,NN,AA,TT,AT,CC,GG,TT,GT,AA,GT,CC,AG,GG,AC,AA,GG,TT,TT,GG,GG,GG,CC,AA,GG,AA,AA,CC,GT,AC,TT,CT,TT,TT,GG,TT,CC,GT,CC,CC,CC,GG,AA,TT,TT,CG,AA,AA,AA,CC,GG,TT,CC,GT,AA,AA,TT,CC,GG,CC,AG,CC,TT,CT,AA,CT,CC,CC,CC,AA,GT,AC,AA,CC,CT,AA,TT,AA,AT,GG,CT,CC,GG,AA,GG,AA,CC,GT,CC,CC,AA,AG,AG,TT,GG,AA,TT,CT,AG,CC,TT,GT,TT,CG,AA,TT,CC,AA,TT,GG,CC,AA,CT,NN,CC,CG,AC,AA,GG,AG,CC,TT,CC,GT,GT,GG,TT,AA,AG,NN,AC,CG,AA,CC,CC,GG,GG,AA,GG,TT,NN,AG,NN,GG,AA,CC,AA,AA,GG,TT,TT,TT,GG,GG,AA,CC,AA,TT,AA,GG,AA,TT,AA,TT,CC,TT,AA,CC,CT,GG,AA,CC,AG,CC,TT,TT,TT,GG,TT,AA,CC,AG,GG,CC,CG,GG,CC,GT,AA,AA,CC,TT,GG,CC,CG,AA,GG,CC,AA,CC,AT,AA,CC,CC,CC,TT,AA,CG,AA,AA,AC,AA,AG,AA,AA,AA,TT,CG,AA,AG,CC,AA,CT,AG,AA,GG,GG,GG,TT,AT,GG,TT,TT,TT,AA,TT,GG,CG,AA,8.34,Susceptible,Medium,Premium,Late
L0657,Warangal,Telangana,Rabi,Black Cotton,Irrigated,410,26.5,60,AC,TT,GG,AG,CG,CC,GT,TT,CC,CG,AA,CT,CG,TT,TT,GG,CG,TT,TT,NN,CC,TT,TT,CC,TT,CC,TT,TT,GG,AA,TT,CT,AA,CC,GG,CG,GG,CC,GG,AC,TT,CC,AA,TT,GG,GG,TT,TT,CC,CC,GG,AA,AA,GG,CT,TT,AT,AC,GG,AA,AA,TT,AT,AA,TT,AT,CC,GG,TT,NN,AA,GG,CC,AA,GG,AA,AT,GG,TT,TT,GG,NN,GT,CC,AA,GG,AA,AT,CC,TT,CC,TT,CC,TT,TT,GG,CT,AC,GT,CC,CT,GG,AG,AA,NN,GT,CC,AA,GG,AA,CC,GG,TT,CC,TT,AA,AA,TT,CC,GG,CG,GG,CC,GT,TT,AA,CC,CC,CC,CC,AA,TT,CC,AA,CC,CC,AA,TT,AA,AA,CG,CT,CC,GG,AA,AG,AA,AC,GG,CC,CC,AA,AA,GG,TT,GG,AA,TT,TT,GG,AC,TT,TT,TT,GG,AA,GT,TT,AA,TT,GG,CC,AA,CC,CC,CC,GG,CC,AA,GG,AG,CC,TT,CC,GG,TT,GG,NN,AA,AG,TT,CC,GG,AC,CC,CC,GG,GG,AA,GG,TT,NN,AA,CC,GG,AA,CC,AA,AA,GG,GT,AA,AT,GG,TT,AA,CC,TT,GT,AA,GG,AA,TT,AA,TT,CC,TT,AA,CC,TT,GG,AA,CG,GG,CC,TT,CT,GT,GG,AT,AA,CC,AG,GG,CC,CC,GG,CC,GG,TT,AA,CG,TT,GG,CC,CC,AA,GG,CG,AA,CG,AT,AG,AC,CC,AC,TT,AA,GG,AA,AA,AA,AA,AA,AG,AG,AA,TT,GG,AA,AG,AC,AA,TT,AA,AA,GG,GG,GG,GT,AA,AA,TT,TT,TT,AA,TT,GG,NN,AA,9.23,Moderate,Low,Standard,Medium
L0658,Warangal,Telangana,Rabi,Black Cotton,Irrigated,410,26.5,60,AA,TT,GG,AG,GG,CG,GT,TT,CC,CC,AA,CT,NN,AT,TT,GG,CG,TT,TT,AA,CC,TT,GT,CT,TT,CC,TT,TT,GG,AA,CT,CC,AA,CC,GG,GG,GG,CC,GG,AC,TT,CC,AC,TT,AA,GG,TT,TT,CC,NN,GT,AA,AG,GG,CC,TT,AA,AA,GT,NN,AA,TT,AT,AG,TT,AT,CC,GG,TT,GT,AG,GG,CC,AA,GG,AC,AT,GG,TT,TT,GG,NN,GG,CC,NN,GG,AA,AA,CC,TT,CC,TT,CC,TT,TT,GG,CT,CC,GT,CC,CT,CC,AG,AA,TT,TT,CG,AG,GG,AA,CC,GG,TT,CC,TT,AA,NN,TT,CC,AG,CC,GG,CT,GG,CT,AG,CC,CC,CC,CC,AA,TT,CC,AA,CC,CC,AA,TT,AG,AA,GG,CC,CC,GG,AG,AA,AA,CC,GG,CC,CG,AA,GG,AG,GT,GG,AC,TT,TT,AG,CC,GT,TT,TT,CG,AT,GT,TT,AA,TT,GG,CC,AG,CC,CC,CC,CG,CC,AA,GG,GG,CC,TT,CC,GG,TT,CG,TT,AA,AA,TT,CC,GG,AC,AC,CC,GG,GG,AC,GG,TT,AA,AA,CC,GT,AT,AC,AA,AA,GG,TT,AT,AT,CG,GT,AT,CG,TT,TT,AA,GG,AA,TT,AC,TT,CC,TT,AC,CC,TT,CG,AA,CC,GG,AC,TT,CT,GT,GG,TT,AA,CC,AA,GG,CC,CG,GG,CC,GG,AT,AA,CC,TT,GG,CC,CC,AA,AG,CC,AA,CC,AA,AA,CC,CC,AC,TT,NN,GG,AA,AA,AC,AA,AG,AG,AG,AA,TT,GG,AA,AA,AC,AA,TT,AG,AG,GG,GG,GG,TT,AT,AA,GT,TT,TT,AA,AA,GG,GG,AC,7.08,Resistant,Low,Standard,Early
L0659,Warangal,Telangana,Rabi,Black Cotton,Irrigated,410,26.5,60,AC,TT,GG,AG,GG,CC,GG,AT,CC,CC,AA,CT,CC,AT,GT,GG,GG,TT,TT,AA,CG,TT,GT,CC,AT,CC,TT,AT,GG,AA,CT,CC,AA,AC,GG,CG,GG,CC,GG,CC,TT,CT,AA,TT,AA,AG,TT,TT,CC,AC,TT,AA,AA,GG,CC,GT,AA,AA,GG,AC,AA,GT,AT,AG,TT,TT,CC,GG,CT,GT,AA,GG,CC,AA,GG,AC,TT,GG,GT,TT,GG,GT,GG,CC,AA,GG,AA,NN,CC,NN,AC,TT,CT,TT,TT,GG,TT,CC,TT,CC,CC,CC,AG,AA,TT,TT,CC,AA,AG,AA,TT,GG,TT,CC,TT,AA,AA,TT,CG,GG,CC,GG,CC,GG,TT,AA,CC,CC,CC,CC,AA,TT,CC,AA,CC,CC,AA,TT,AA,AA,GG,CC,CC,GG,AA,AA,AA,AC,NN,CC,CG,NN,AG,AG,TT,AG,AC,TT,CC,GG,AC,TT,TT,TT,CC,TT,NN,TT,AT,AT,GG,CC,AA,CT,CC,CC,GG,CC,AA,AG,AG,CC,TT,GG,TT,TT,GG,AT,AA,AA,TT,AC,GG,AC,CC,CC,GG,GG,AA,GG,TT,AC,AA,CC,GT,AA,AC,AA,AA,GG,TT,AT,AT,GG,GT,AT,CG,TT,TT,AA,GG,AA,TT,AA,TT,CC,TT,AA,CC,CT,CG,AA,CC,AG,CC,TT,TT,TT,GG,TT,AA,CC,AA,GG,CC,CC,GG,CC,GG,AT,AA,CC,GT,GG,CC,CC,AA,GG,CG,TT,CC,AA,AA,CC,CC,CC,TT,AA,NN,AA,AA,AA,AA,AG,AG,AA,AA,TT,GG,AA,AG,AC,AA,TT,AA,AA,GG,GG,GG,TT,AA,AA,TT,TT,TT,AG,AT,GG,CG,AA,7.12,Moderate,Medium,Poor,Early
L0660,Warangal,Telangana,Rabi,Black Cotton,Irrigated,410,26.5,60,AC,TT,AG,NN,GG,CC,GG,AT,CC,CG,AA,CT,GG,TT,TT,GG,GG,AT,TT,AA,CG,GT,GG,CC,TT,CC,TT,TT,GG,AC,TT,CC,AG,CC,GG,CG,GG,CG,GG,CC,TT,TT,AA,GT,AA,GG,TT,TT,CG,AC,GG,AT,AA,GG,CT,TT,AA,AA,TT,AA,AA,TT,TT,AA,TT,TT,CC,GG,TT,GT,AG,GG,CC,AA,AG,AA,AT,GG,TT,TT,GG,GG,GG,CC,AA,GG,AA,AA,CC,GT,CC,TT,CT,AT,TT,GG,TT,AC,TT,CC,CC,CC,AG,AA,TT,GT,CC,AA,AG,AA,CT,GG,TT,CC,TT,AC,AC,TT,CG,AA,CG,AA,CC,GT,TT,AA,CT,CC,CC,NN,AA,TT,AA,AA,CC,CC,AA,TT,AA,AA,GG,CC,CC,GG,AA,AA,AA,AC,GT,CC,CC,AA,AG,GG,TT,AG,AA,TT,CT,GG,CC,GG,TT,TT,CC,AT,TT,TT,AA,TT,GG,CC,AA,CC,CC,CC,CG,CC,AA,GG,AG,CC,TT,CC,GG,TT,GG,TT,AA,AA,GT,CC,GG,AA,AC,CC,GG,AG,AA,CG,NN,AA,AG,CC,GG,AT,CC,AA,AT,GT,TT,TT,AT,GG,GG,AA,CC,AT,TT,AA,GG,AA,TT,AA,TT,CC,CT,AA,CC,TT,GG,AG,CC,AG,CC,NN,TT,TT,GG,TT,AA,CC,AA,GG,CC,CC,GG,CC,GG,TT,AA,CC,TT,GG,CC,CG,AT,GG,CC,AA,NN,AT,AA,CC,CC,AA,TT,AA,CC,AA,AC,AC,AC,AA,NN,AA,AA,TT,GG,AA,GG,AC,AA,TT,AA,AG,GG,GG,GG,TT,AA,AA,TT,TT,TT,GG,TT,GG,GG,AA,7.44,Susceptible,Medium,Premium,Early
L0661,Warangal,Telangana,Rabi,Black Cotton,Irrigated,410,26.5,60,AC,TT,GG,GG,GG,CC,GT,TT,CC,CC,AA,CC,CG,TT,TT,TT,GG,TT,TT,AA,CC,TT,TT,TT,TT,CC,NN,TT,GG,AA,CT,CT,AA,CC,GG,GG,GG,CG,GG,CC,TT,TT,AA,GT,AA,GG,TT,TT,CC,CC,GG,AA,AA,GG,CC,NN,AA,AA,GT,AA,AA,GT,TT,AA,TT,AT,CC,GG,TT,GT,AA,GG,CC,AA,NN,CC,AT,GG,TT,TT,GG,GG,GG,CC,AT,GG,AA,AA,CC,GT,CC,GT,CT,AA,TT,GG,TT,CC,GT,CC,CC,GG,AA,AA,TT,TT,CG,AA,AG,AA,NN,GG,TT,GG,TT,AA,AA,TT,CC,AG,CC,NN,CT,GG,TT,AA,CC,CC,CC,CC,AA,TT,AC,AA,CC,CC,AA,TT,AG,AA,GG,CC,CC,GG,AA,AG,AT,CC,GG,CC,CC,AA,GG,AG,GT,GG,AC,TT,CT,AG,AA,TT,NN,TT,CC,AT,TT,TT,AA,AT,GG,CC,AG,CC,CC,CC,GG,CC,AA,GG,GG,CC,TT,CC,GG,TT,GG,TT,AA,AA,TT,CC,CG,AA,CC,CC,GG,GG,AC,GG,TT,AC,AA,CC,GG,AA,AC,AA,AT,GG,TT,TT,AT,CG,GG,AT,CG,TT,GT,AA,GG,AA,TT,AA,TT,CG,CT,AA,CC,CC,GG,AA,CG,GG,CC,AT,TT,GT,GG,TT,AC,AC,AA,GG,CC,CG,GG,CC,GG,AT,AA,CC,TT,GG,CG,CC,AA,AG,CC,AT,CC,AT,AA,CC,CC,AC,TT,AG,GG,NN,AA,AA,AA,AG,AA,AG,AA,AT,GG,AA,AA,CC,AA,CT,AA,AA,GG,AA,GG,NN,AT,AA,TT,TT,TT,AA,TT,GG,CG,AA,5.94,Susceptible,Low,Poor,Medium
L0662,Warangal,Telangana,Rabi,Black Cotton,Irrigated,410,26.5,60,AC,TT,AG,AG,GG,CC,GT,AA,CC,CG,AT,CC,CC,TT,GT,GG,GG,TT,TT,AG,CC,GT,GG,CC,TT,CC,TT,AT,GG,AA,TT,TT,AA,CC,GG,GG,NN,CC,GG,CC,TT,TT,AA,GT,AA,GG,TT,TT,CC,AA,GG,AA,AA,GG,CC,GT,AA,AC,GG,AA,AA,TT,AT,GG,TT,AT,CC,GG,CT,GG,AA,GT,CC,AG,GG,AA,AA,GG,TT,TT,AG,GG,GG,CC,AA,GG,AA,AA,CC,GT,CC,TT,CC,TT,GT,GG,TT,CC,GG,CC,CT,CG,GG,AA,TT,TT,CC,AA,AA,AC,CC,GG,TT,CC,GT,AA,AA,TT,CC,AG,CG,GG,CC,GG,TT,NN,CC,CC,AC,CC,AA,TT,AC,AA,CC,CC,AA,TT,AG,AA,GG,CC,CC,GG,AA,AG,AA,CC,GG,CC,CC,GG,AA,GG,TT,GG,AC,TT,CT,AG,AC,GT,TT,TT,CG,AA,TT,TT,AA,AA,CG,CC,AG,CT,CC,NN,CG,CC,AA,GG,AA,CC,TT,CG,GT,TT,GG,AA,AA,AA,TT,CC,GG,AA,CC,CC,GG,GG,AC,CG,CT,AA,AA,CG,GG,AT,CC,AA,AA,GG,GT,AT,AA,GG,TT,TT,CG,AT,TT,AA,GG,AG,CT,AA,TT,CC,CT,AA,CC,TT,CG,AA,CC,AG,CC,TT,TT,TT,GG,TT,AA,AA,AA,GG,CC,CC,GG,CC,GG,TT,AA,CG,TT,GG,CC,CC,AA,AG,CC,AA,CC,AA,AA,AC,CC,CC,TT,AA,GG,AA,AA,AA,AA,GG,GG,AG,AA,TT,GG,AA,AA,AC,AC,CT,AA,AA,GG,GG,GG,TT,AA,AA,TT,TT,TT,AG,TT,GG,GG,AA,6.4,Moderate,Low,Standard,Early
L0663,Warangal,Telangana,Rabi,Black Cotton,Irrigated,410,26.5,60,AC,TT,GG,AG,CG,CC,GG,TT,CC,GG,AA,CC,GG,TT,TT,GG,GG,TT,NN,AA,CC,TT,GT,CC,TT,CC,TT,TT,GG,AA,TT,CT,AG,CC,GG,GG,GG,GG,GG,CC,TT,CT,AC,TT,AA,GG,TT,TT,CC,AC,GG,AA,AA,GG,CC,TT,AA,CC,GG,AA,AA,GT,AT,AA,NN,AT,CT,GG,CT,GG,AA,GG,CC,AA,GG,AA,AA,GG,TT,TT,AG,GG,GG,CC,AA,GG,AA,AA,CC,GG,AA,TT,CT,TT,TT,GG,TT,CC,TT,CT,CT,CC,AG,AA,TT,TT,CC,AA,AG,AA,CC,GG,TT,CC,GT,AC,AC,TT,CG,GG,CC,GG,CC,GG,CT,AA,CC,CC,CC,CC,AA,TT,CC,AA,CC,CC,AA,AT,AG,AA,GG,CC,CC,GG,AA,AA,AA,CC,GG,CG,CC,AA,AG,GG,TT,GG,AC,TT,TT,GG,CC,TT,TT,TT,CG,AT,TT,TT,AA,TT,GG,CC,AA,CC,AC,CC,CC,CC,AA,GG,AG,AC,TT,CC,GT,GT,GG,TT,AG,NN,TT,CC,GG,AA,CC,CC,GG,GG,AA,GG,TT,AC,AA,CC,GG,AT,CC,NN,TT,GG,TT,TT,AA,GG,GG,AT,CC,AA,TT,AA,GG,AA,CT,AA,TT,CC,CT,AC,CC,CT,GG,GG,CC,GG,AC,TT,TT,TT,GG,TT,AA,AC,AA,GG,CC,CC,GG,CC,GG,AT,AG,CC,TT,GG,CC,CG,AA,GG,CC,AA,CC,AA,AA,CC,CG,AC,AT,AA,GG,AA,AA,AC,AA,AG,AA,AA,AA,AT,CG,AA,AA,AC,AA,CT,AA,AA,CG,GG,CG,TT,AT,AA,TT,TT,TT,AG,AT,GG,NN,AA,8.36,Moderate,Low,Premium,Medium
L0664,Warangal,Telangana,Rabi,Black Cotton,Irrigated,410,26.5,60,CC,TT,GG,AA,GG,CC,GT,TT,CC,CC,AT,CC,CC,AT,TT,GG,GG,TT,TT,AA,CC,TT,GG,CC,TT,CC,TT,TT,GG,AA,NN,CC,AA,CC,GG,GG,GG,CC,GT,CC,TT,CT,AA,GT,AA,AG,TT,TT,CC,CC,GT,AA,AA,GG,CT,TT,AA,AA,TT,AA,AA,TT,AA,AA,TT,TT,CC,GG,TT,GT,AA,GG,CC,AG,AG,AC,AA,GG,TT,NN,GG,GG,GT,CC,TT,GG,AA,AA,CC,TT,CC,TT,CT,TT,TT,GG,TT,AC,TT,CC,CC,CC,AA,AA,AT,TT,CG,NN,AG,AA,TT,GG,TT,CC,TT,AA,AA,AT,CG,GG,CG,GG,CC,GG,TT,AA,CC,CC,AC,CC,AA,TT,CC,AA,CC,CC,AA,TT,AA,NN,CG,CC,CC,AG,AA,AA,AA,CC,GG,CC,CC,AA,AG,GG,TT,GG,AA,TT,TT,GG,CC,TT,TT,TT,CC,AT,TT,TT,AT,TT,CG,CG,AA,CT,CC,CC,CG,AC,AA,GG,AA,CC,TT,CG,GT,GT,CG,AT,AA,AA,TT,CC,GG,AA,CC,CC,GG,GG,AA,GG,TT,AA,AG,CG,NN,AA,CC,AA,AT,GG,TT,AT,AT,GG,GT,TT,CC,TT,TT,AA,GG,AA,TT,AA,TT,CC,TT,CC,CC,TT,CG,AG,CC,AG,CC,TT,TT,GT,GG,TT,AC,AC,AA,GT,CG,CC,GG,CC,GG,AT,AG,CG,TT,GG,CC,CC,AA,GG,CG,AA,CC,AA,AA,CC,CG,AC,TT,NN,GG,AA,AA,AC,AA,AG,AA,AG,AA,TT,GG,AA,AA,AC,AA,CT,AA,AG,GG,GG,GG,TT,AA,AA,TT,TT,TT,AG,TT,GG,GG,AA,5.49,Moderate,Low,Poor,Early
L0665,Warangal,Telangana,Rabi,Black Cotton,Irrigated,410,26.5,60,AA,TT,AG,AG,GG,CC,NN,TT,CC,CC,TT,CC,CC,TT,GT,GT,GG,TT,TT,AA,CC,TT,TT,CC,TT,CC,GT,AT,GT,AA,TT,CC,AA,CC,GG,GG,GG,GG,GG,CC,NN,TT,AA,TT,AG,AA,TT,TT,CC,AA,GG,AA,AA,GG,CC,TT,AA,AC,TT,AC,AG,TT,AT,AG,CT,TT,CC,GG,TT,GT,GG,GG,CC,AA,GG,AC,AT,GG,TT,TT,GG,GT,GG,CC,AA,NN,AA,AT,CC,GT,CC,TT,CT,TT,TT,GG,TT,CC,TT,CC,CC,CC,GG,AA,TT,TT,CG,AA,GG,AA,CC,GT,TT,CC,TT,AA,AA,TT,CC,GG,CC,GG,CC,GG,TT,AA,CC,CC,AC,CC,AA,TT,AC,AA,CC,CC,AA,TT,AA,AT,GG,CT,CC,GG,AA,AG,AT,CC,GT,CC,CC,AG,AG,GG,TT,GG,AC,TT,TT,GG,AC,GT,GT,TT,CC,AT,TT,TT,AA,TT,GG,CC,AA,CT,AC,CC,GG,CC,AA,GG,AA,CC,TT,CC,GG,GT,GG,AA,AA,AA,TT,CC,GG,AC,CC,CC,GG,GG,AA,GG,TT,AA,AA,CC,GG,AA,CC,AA,AT,GG,TT,TT,AT,CG,GG,AT,GG,TT,TT,AA,GG,AA,CT,AA,TT,CC,TT,AA,CC,TT,CG,GG,CC,AG,AA,TT,TT,GT,GG,AT,AA,AC,NN,GG,CC,CC,GG,CC,GG,TT,AG,CC,TT,GG,CC,CC,AA,GG,CG,AA,CC,AT,AA,AC,CC,CC,AT,AA,GG,AA,AC,AA,AA,AG,AG,AA,AA,TT,GG,AA,GG,AC,AA,CT,AA,AA,GG,GG,GG,GT,AA,AG,TT,TT,TT,AG,TT,GG,GG,AA,5.72,Susceptible,Medium,Poor,Early
L0666,Warangal,Telangana,Rabi,Black Cotton,Irrigated,410,26.5,60,AC,TT,GG,AG,GG,CC,GG,TT,CC,CG,AA,CC,CC,AT,NN,GT,CG,TT,TT,AA,CC,TT,GT,CC,TT,CC,TT,TT,GG,AA,CT,CC,AA,CC,GG,GG,GG,CC,GG,CC,TT,CT,AA,GG,AG,GG,CC,AT,CC,AC,GT,AA,AA,GG,CT,GG,AA,AA,GT,AC,AG,TT,TT,AA,TT,AT,CC,GT,TT,GG,AA,GG,CC,AA,GG,AC,AA,GG,TT,TT,GG,GT,GG,CC,AT,GG,AA,AT,CC,TT,AC,TT,CC,TT,TT,GG,CT,CC,GT,TT,CT,CC,AG,AA,TT,TT,CC,AA,AA,AA,CT,GG,TT,CC,TT,AA,AA,TT,CC,GG,CC,GG,CT,GG,TT,AG,CC,CC,AA,CC,AA,TT,CC,AA,CC,CT,AA,TT,AA,AT,GG,CC,CC,GG,AA,AA,AA,CC,GG,CC,CG,AG,AA,AG,TT,AG,CC,GT,CT,GG,CC,TT,TT,TT,CG,AA,TT,TT,AT,TT,GG,CC,AG,CT,CC,CC,GG,CC,AA,GG,AA,CC,TT,CG,GT,TT,GG,TT,AA,AA,GG,AA,GG,AA,CC,CC,GG,GG,AA,GG,TT,AA,AA,CC,GG,AA,AC,AA,TT,GT,TT,AA,AT,CG,GT,TT,CC,TT,GT,AA,GG,AA,CT,AA,AT,CG,CC,CC,CC,TT,GG,AA,CG,AA,CC,TT,CT,GT,GG,TT,AA,CC,AG,GG,CC,CC,GG,CC,GG,AT,AA,CC,TT,GG,CC,CC,AA,GG,CC,AT,CC,AT,AA,AC,CC,CC,TT,AA,GG,AA,AA,AC,AA,AG,AG,AG,AA,TT,GG,AA,AA,AC,AA,TT,AA,AA,GG,GG,GG,TT,AT,AA,TT,TT,TT,AA,AT,GG,CG,AA,11.43,Moderate,High,Premium,Late
L0667,Warangal,Telangana,Rabi,Black Cotton,Irrigated,410,26.5,60,AA,TT,GG,AA,NN,CC,GT,TT,CC,CG,AA,CC,CC,TT,TT,GG,CG,AT,TT,AG,CG,GG,GT,CC,TT,CC,TT,TT,GG,AA,TT,CC,AA,CC,AG,CG,GG,CC,GG,NN,TT,CC,AC,TT,AA,GG,TT,TT,CC,AA,GT,AA,AA,GG,CC,GT,NN,AC,GT,AA,AA,TT,TT,NN,TT,AT,CC,GG,TT,GT,AA,GG,CC,AG,AG,AC,TT,GG,TT,TT,GG,GT,GT,CC,AT,GG,AA,AT,CC,TT,CC,TT,CT,TT,TT,AG,TT,CC,NN,CC,CC,CC,GG,AA,AT,TT,CC,AA,AA,CC,NN,GG,TT,CC,TT,AA,AA,TT,CC,AG,CC,GG,CC,GT,TT,AG,CC,CC,CC,CC,NN,TT,CC,AA,CC,CC,AA,TT,AA,AA,GG,CT,CG,GG,AA,AG,AA,CC,GG,CC,CC,AG,AA,GG,TT,GG,AA,TT,CT,AA,AC,TT,TT,TT,CG,AA,GT,TT,AA,TT,GG,CC,AA,TT,CC,CC,CG,CC,NN,GG,AG,CC,TT,CG,GT,TT,GG,AA,AA,AA,GT,CC,GG,AA,CC,CC,GG,GG,AC,GG,TT,AC,AA,CG,GT,AT,AC,AA,AT,GT,TT,AT,AA,CG,GG,AA,CC,TT,TT,AA,GG,AA,TT,AA,TT,CC,TT,AA,CC,TT,CG,AG,CC,AG,AC,TT,CT,GT,GG,TT,AA,CC,AA,GG,CC,CC,GG,CC,GG,AT,AG,CC,GG,GG,CC,CC,AA,GG,CC,AA,CC,AA,AA,AC,CC,AC,TT,AA,GG,AA,AA,AA,AA,AG,GG,AA,AA,AT,GG,AA,AA,AC,AA,CT,AA,AA,GG,GG,GG,TT,AA,AA,GT,TT,TT,AG,AT,GG,GG,AA,6.0,Susceptible,High,Premium,Late
L0668,Warangal,Telangana,Rabi,Black Cotton,Irrigated,410,26.5,60,AC,TT,GG,AA,GG,CG,GG,TT,CC,GG,AA,CC,GG,AT,GT,GG,NN,TT,TT,AA,CC,GT,NN,CC,TT,CT,TT,TT,GG,AA,TT,CC,AA,CC,NN,CG,NN,CG,GG,CC,NN,NN,AA,TT,AA,GG,CT,TT,CC,AC,GT,AA,AA,GG,CT,TT,AT,AA,GT,AA,AG,TT,TT,AA,CT,TT,CC,GG,TT,GT,NN,GG,CC,AA,GG,AC,AA,GG,TT,TT,GG,GG,GG,CC,AA,GG,AA,AT,CC,TT,CC,TT,CC,AT,TT,GG,CT,CC,TT,CC,CC,CC,AG,AA,AT,TT,CC,AG,AA,AA,CC,GG,TT,GG,TT,AA,AA,TT,CG,AG,CC,GG,CT,TT,TT,AA,CC,CC,CC,CC,AA,TT,CC,AA,CC,CC,AA,AT,AG,AA,CG,CC,CC,GG,AA,AA,AA,CC,GT,CC,CC,AG,AG,GG,TT,GG,AA,TT,TT,GG,CC,GT,GT,TT,CG,AA,TT,TT,AA,TT,GG,CC,AG,CC,CC,CC,GG,CC,AA,GG,GG,CC,TT,CC,GG,TT,GG,AT,AA,AG,GT,CC,GG,AA,AC,CC,GG,GG,CC,GG,TT,AA,AA,CC,GG,AA,CC,AA,AA,GG,GT,TT,NN,CG,GT,AA,CG,TT,TT,AA,GG,AA,TT,AA,NN,CC,TT,AA,CC,CT,CC,AG,CC,AA,CC,TT,CT,TT,GG,TT,AA,CC,NN,GT,CC,CG,GG,CC,GG,TT,GG,CC,TT,GG,CC,CG,AA,GG,CG,AA,CG,AA,AA,CC,CC,CC,TT,AA,GG,AA,AC,AA,AA,AG,AG,AA,AA,TT,GG,AA,AG,CC,AA,CT,AA,AA,GG,GG,GG,TT,TT,NN,GT,NN,TT,AA,TT,GG,GG,AA,6.53,Moderate,Low,Premium,Early
L0669,Warangal,Telangana,Rabi,Black Cotton,Irrigated,410,26.5,60,CC,TT,AA,GG,GG,CC,GG,TT,CC,CC,AA,TT,CG,AT,TT,GG,CG,TT,TT,AA,CG,GT,TT,CC,TT,CC,TT,AT,GG,AA,CT,CC,AA,CC,GG,GG,GG,CC,GG,CC,TT,CT,AA,GT,AA,AG,TT,AT,CC,AC,GG,AA,AA,GG,CC,GT,AA,AA,GT,AA,AG,TT,TT,AG,TT,TT,CC,GG,TT,GG,AA,GT,CC,NN,AG,CC,AT,GG,TT,TT,GG,GG,GG,CC,AA,GG,AA,AA,GG,TT,CC,GT,CT,TT,GT,GG,TT,CC,TT,CC,CT,CC,AA,AA,AT,TT,CC,AG,AG,AA,CT,GG,TT,CC,TT,AC,AA,TT,CC,AG,CC,GG,CC,GG,NN,AA,CT,CC,CC,CC,AA,TT,CC,AA,CC,CC,AA,TT,AA,AA,GG,CT,CC,AG,AG,AA,AA,CC,GG,CC,CC,AA,AA,GG,TT,GG,AC,GT,TT,GG,AC,TT,TT,TT,CG,AA,TT,TT,TT,TT,CC,CC,AG,CT,CC,CC,CG,CC,AA,GG,AA,AC,TT,CC,GT,GG,GG,TT,AA,AG,TT,CC,GG,AA,CC,CC,GG,GG,AC,GG,TT,AA,AA,CC,GG,AA,AC,AT,AA,GG,TT,NN,AA,GG,GT,AT,CC,TT,TT,AA,GG,AA,CT,AC,TT,CC,CT,AC,CC,CT,CC,AG,CC,AG,CC,TT,CT,GT,GG,TT,AA,AC,AA,GG,CC,CC,GG,CC,GG,AT,AG,GG,NN,GG,CC,CC,AA,AG,CG,AA,CC,AA,AA,CC,CC,AA,TT,AA,GG,AA,AA,CC,AA,GG,NN,NN,NN,TT,CG,AA,AA,CC,AA,TT,AA,AG,GG,GG,GG,TT,AT,AA,TT,TT,TT,AA,TT,GG,GG,AC,6.5,Resistant,High,Poor,Medium
L0670,Warangal,Telangana,Rabi,Black Cotton,Irrigated,410,26.5,60,AC,TT,AG,GG,CG,CC,GG,AT,CC,CG,AT,CC,CC,AT,TT,GT,GG,TT,TT,AA,CC,GT,GT,CC,TT,CC,GT,TT,GG,AA,TT,CC,AA,CC,GG,CG,GG,CG,GG,CC,TT,CT,AC,GT,AA,AG,TT,TT,CC,CC,GG,AA,AA,GG,CC,GT,AA,AC,GG,NN,AG,TT,AT,AG,CT,AT,CC,GG,TT,GT,AG,GG,CC,AA,GG,AC,TT,AG,TT,TT,GG,GG,GG,CC,AA,GG,AA,AA,CC,TT,AC,TT,CT,TT,TT,AG,TT,CC,TT,CC,CC,CC,GG,AG,TT,TT,CC,AA,GG,AA,CT,GG,NN,CC,TT,AA,AC,TT,CG,GG,CG,GG,CC,GG,CC,AA,CC,CC,CC,CG,AA,TT,CC,AA,CC,CC,AA,AT,AA,AA,GG,TT,CC,GG,AA,AA,AA,CC,GG,CC,CG,AG,AA,AG,TT,GG,CC,GT,TT,GG,AC,GT,TT,TT,NN,AA,TT,TT,AA,TT,CG,CC,AA,CC,CC,AC,GG,CC,AA,GG,AA,AC,TT,CC,GT,GT,GG,TT,AA,AG,GT,CC,GG,AA,CC,CC,GG,GG,AC,GG,TT,AC,AA,CC,GG,AA,AC,AA,AA,GG,TT,TT,AA,GG,TT,AA,CC,AT,GT,AA,GG,AG,TT,AA,TT,CC,CT,AC,CC,TT,CG,GG,CG,GG,CC,TT,CT,TT,GG,AT,AA,CC,AG,GG,CC,CG,GG,CC,GG,NN,AG,CC,TT,AG,CG,CG,AA,AG,CC,AA,CC,AA,AA,CC,CC,AC,TT,AA,GG,AA,AC,AC,AC,AG,AG,AA,AA,TT,CG,AA,AA,AC,AA,CT,AG,AA,CG,GG,GG,GT,AA,AA,TT,TT,TT,AG,AT,GG,GG,NN,8.17,Moderate,Low,Poor,Early
L0671,Warangal,Telangana,Rabi,Black Cotton,Irrigated,410,26.5,60,AC,TT,GG,GG,GG,CC,TT,TT,CC,GG,NN,CC,CG,AT,TT,GG,GG,TT,TT,AG,CC,GT,TT,CC,TT,CC,TT,TT,GG,AA,TT,CC,AG,CC,GG,CG,GG,CG,GG,CC,TT,TT,AC,TT,AA,GG,TT,TT,CC,AC,GG,AT,AA,GG,CC,GT,AA,AA,GG,AA,AG,TT,TT,AA,TT,AT,CC,GG,TT,GT,AG,GG,CC,AA,GG,AC,AA,GG,TT,TT,GG,GG,GG,CC,AA,AG,AA,AA,CC,GT,CC,TT,CT,TT,TT,GG,CC,AC,TT,CC,CC,CC,GG,AG,TT,TT,CC,AA,AG,AA,CT,GG,TT,CC,TT,AA,AA,TT,CG,GG,CC,AG,CC,GT,CT,AA,CC,CC,CC,CC,AA,TT,CC,AA,CC,CC,AA,TT,AA,AA,GG,CT,CC,GG,AA,AG,AA,CC,GT,CC,CC,AA,NN,AG,TT,GG,AA,TT,CT,GG,AC,TT,TT,TT,CC,AA,TT,TT,AT,TT,GG,CG,AA,CC,CC,CC,CG,CC,AA,GG,AA,CC,TT,CG,GG,GT,GG,AT,AA,AA,GT,CC,CG,AA,AC,CC,GG,GG,AC,GG,TT,AC,AA,CC,GG,AA,CC,NN,AT,GT,TT,TT,AA,GG,GT,AT,CG,AA,GT,AA,AG,AA,CT,AA,TT,CC,CC,AC,CC,TT,GG,AA,CG,GG,CC,TT,TT,TT,GG,NN,AA,AC,AA,GG,CC,CG,GG,CC,GG,TT,AA,CG,TT,GG,CC,CC,AT,AG,CC,AA,CG,TT,AA,AC,CC,CC,TT,AA,GG,AA,AA,AC,AA,AG,AA,AA,AA,TT,GG,AC,GG,CC,AC,TT,AA,AA,GG,GG,NN,TT,AA,AA,GT,TT,TT,AA,TT,GG,CG,AC,7.46,Resistant,Low,Standard,Late
L0672,Warangal,Telangana,Rabi,Black Cotton,Irrigated,410,26.5,60,AA,TT,GG,AG,GG,CC,GG,AT,CC,CC,AT,CC,CG,AT,TT,GT,CC,TT,TT,AA,CC,GG,TT,CT,TT,CC,TT,TT,GG,AA,TT,CC,AA,CC,GG,CG,GG,CC,GG,CC,TT,CT,AA,TT,AG,GG,TT,AT,CC,AC,GG,AA,AA,GG,CC,TT,AA,AA,GT,NN,AA,TT,TT,AG,TT,TT,CC,GG,TT,GG,AG,GG,CC,NN,GG,AA,AA,AG,TT,TT,GG,GT,GG,CC,AA,GG,AA,AT,CC,GT,CC,TT,CC,TT,NN,GG,TT,AC,TT,CC,CT,CC,GG,AG,AT,TT,CC,AA,GG,AA,CT,GG,TT,CG,GG,CC,AA,TT,CC,AG,CG,GG,CC,GT,CT,AA,CC,CC,CC,CC,AA,TT,CC,AA,CC,CC,AA,TT,AG,TT,GG,CC,CC,GG,AA,AG,AA,AC,GG,CC,CC,AA,AA,GG,GT,GG,AC,TT,TT,GG,AC,TT,GT,CT,GG,TT,NN,TT,AA,TT,GG,CC,AG,TT,AC,CC,GG,CC,AA,GG,AG,CC,TT,CC,GT,GT,CC,TT,AA,AA,TT,AC,NN,AC,AC,CC,GG,GG,AC,GG,CT,AA,AA,CC,GG,AA,AC,AA,AT,GG,TT,AT,AT,CG,GG,AT,CC,TT,GT,AA,GG,AA,TT,AC,TT,CC,TT,AA,CC,TT,CG,AA,CG,AG,CC,TT,CT,GG,GG,TT,AA,AC,AA,GG,CC,CC,GG,CC,GG,AT,AG,CC,TT,GG,CC,CC,AA,GG,CG,AT,CC,AA,AA,NN,CG,AC,TT,AA,GG,AA,AA,AA,AA,AA,AA,AA,AA,AT,GG,AA,AA,AC,AC,CT,AA,GG,GG,GG,GG,TT,AA,AA,GT,TT,AT,AA,AT,GG,GG,AA,6.1,Moderate,Medium,Premium,Late
L0673,Warangal,Telangana,Rabi,Black Cotton,Irrigated,410,26.5,60,AA,TT,GG,AG,GG,CC,GT,NN,CC,CG,AA,CC,CG,TT,TT,NN,GG,TT,TT,AA,CC,TT,GT,CT,TT,CC,GT,TT,GG,AA,TT,CT,AA,CC,GG,GG,GG,CC,GG,CC,TT,TT,AA,TT,AA,AA,TT,TT,CC,AC,GG,AA,AG,GG,CC,GT,AA,CC,GT,AA,AA,TT,TT,AA,TT,TT,CC,GG,TT,GG,AA,GT,CC,AA,GG,AC,AA,GG,TT,TT,GG,GG,GG,CC,AA,GG,AA,AT,CC,GG,AC,TT,CT,TT,GT,GG,TT,CC,GT,CC,CC,CG,NN,NN,TT,TT,CC,AA,GG,AA,CC,GG,TT,CC,TT,AA,AC,TT,CC,AA,CC,AG,CC,GG,TT,AA,CC,CC,CC,CC,AA,TT,AC,AA,CC,CT,AA,TT,AA,AA,CG,CT,CC,GG,AA,AA,AA,CC,GG,CC,CC,AA,AA,GG,GT,GG,AA,GT,TT,NN,AC,TT,TT,TT,CC,AA,TT,TT,AA,AT,GG,CC,AA,CT,CC,AC,GG,NN,AT,GG,AG,CC,TT,CC,GT,TT,GG,AT,AA,AA,TT,CC,CG,AC,CC,CC,GG,AG,AC,GG,TT,AA,AA,CC,NN,TT,CC,AA,AA,GG,TT,NN,AA,GG,GG,AA,CG,AT,GT,NN,GG,AA,TT,AA,TT,CC,TT,AA,CC,CT,GG,AG,CC,AG,CC,AT,CT,TT,GG,TT,AC,CC,AG,GG,CC,CG,GG,CC,GG,AA,AG,CC,GG,GG,CC,CG,NN,GG,CC,AT,CC,AT,AA,AC,CC,CC,TT,AA,GG,AA,AA,AC,AA,AG,AA,AA,AA,AT,CG,AA,AA,NN,AA,TT,AA,AA,GG,AG,GG,TT,AA,AA,TT,TT,TT,AA,TT,GG,GG,AA,6.59,Susceptible,Medium,Poor,Early
L0674,Warangal,Telangana,Rabi,Black Cotton,Irrigated,410,26.5,60,AA,TT,GG,AG,GG,CG,GG,AT,CC,CG,AA,CC,GG,TT,TT,GG,GG,TT,AT,AA,CC,GT,GG,CC,TT,CC,TT,TT,GT,AA,TT,CC,AA,CC,AG,GG,GG,CC,GG,AC,TT,TT,AC,TT,AA,GG,TT,TT,CC,CC,GG,AA,AA,CG,CT,TT,AA,AA,GT,CC,AA,TT,AA,AA,CT,TT,CC,GG,TT,GG,AG,GG,CC,AA,GG,AC,TT,AG,TT,TT,GG,GG,GG,CC,AA,GG,AA,AA,CG,GT,CC,TT,CT,AT,TT,GG,CT,AC,GT,CC,CT,CC,AG,AG,TT,TT,CC,AA,AG,AA,NN,GG,TT,CC,TT,AA,AA,TT,CC,GG,CG,GG,CC,GT,TT,AA,CC,CC,AC,NN,AA,TT,CC,AA,CC,CC,AA,AT,AA,NN,GG,CT,CC,GG,AA,AA,AA,CC,GG,CC,CG,AG,AG,GG,TT,AG,AA,TT,CC,GG,CC,GT,TT,CT,CG,AT,GT,TT,AA,TT,GG,CC,AA,CT,CC,CC,GG,CC,AA,GG,AG,CC,TT,CC,GG,GG,GG,AA,AA,AG,TT,CC,GG,AA,AC,CC,GG,GG,AA,CG,NN,AC,AG,CC,GG,AT,CC,AA,AT,GT,TT,TT,AA,GG,GT,AA,CC,TT,TT,AA,NN,AA,TT,AC,TT,CC,TT,AA,AC,TT,GG,NN,CG,AA,CC,TT,CT,GT,GG,TT,AC,AC,AG,GG,CG,CG,GG,CC,GG,AA,AA,CC,GT,GG,CC,CC,AT,AG,CC,AA,CC,AA,AA,AC,CC,CC,TT,AA,GG,AA,AA,AA,AA,AG,AG,AA,AA,TT,NN,NN,AA,CC,AA,CC,AA,AA,CG,GG,GG,TT,AA,AA,TT,TT,TT,AA,TT,GG,GG,AC,7.48,Resistant,Low,Premium,Late
L0675,Warangal,Telangana,Rabi,Black Cotton,Irrigated,410,26.5,60,AC,TT,GG,AA,GG,CG,GG,AT,CG,CG,AA,CC,CG,TT,TT,GG,GG,TT,TT,GG,CG,TT,GT,CT,TT,CT,TT,TT,GG,AA,TT,CC,AA,AC,GG,GG,GG,CG,GG,CC,TT,NN,AC,NN,AA,AG,CT,TT,CC,AA,GG,AA,AG,GG,CT,TT,AA,AA,GG,AA,AA,TT,AT,AG,TT,TT,CC,GG,TT,GT,AA,GG,CC,AG,AG,AC,TT,AG,TT,TT,GG,GG,GG,CC,AT,GG,AA,AA,CC,TT,AC,TT,CC,TT,TT,GG,TT,CC,TT,CC,CT,CC,AG,AA,TT,TT,CC,AA,AG,AA,CT,GG,TT,CC,TT,AA,AA,TT,CG,AG,CC,AG,CC,GG,TT,AA,CC,CC,CC,CC,AG,GT,CC,AA,AC,CC,AA,AT,AA,AA,GG,CC,CC,GG,AA,AA,AA,CC,GT,CC,CC,AA,AG,GG,TT,GG,CC,TT,TT,GG,AC,TT,GT,TT,CC,AT,TT,TT,AT,TT,GG,CC,AG,CC,CC,CC,CG,CC,AA,GG,AG,CC,TT,CC,GG,TT,GG,AA,AA,AG,TT,CC,GG,AC,CC,CC,GG,GG,AA,CG,TT,AA,AA,NN,GG,AA,AC,AA,AA,GT,TT,TT,AT,CG,GT,AT,GG,AT,TT,AA,GG,NN,TT,AA,AT,CC,TT,AA,CC,TT,GG,AG,CC,GG,CC,TT,TT,TT,GG,TT,AA,CC,AA,GG,CC,CG,GG,CC,GG,AT,AA,CC,GT,AG,CC,CG,AA,AG,CC,AT,CC,AA,AA,AC,CC,AC,TT,AA,CG,AA,AA,AC,AC,AG,AA,AA,AA,TT,GG,CC,AA,CC,AA,TT,AA,AG,CG,GG,GG,GT,AA,AA,TT,TT,TT,AG,TT,GG,GG,AA,8.66,Susceptible,Low,Poor,Early
L0676,Warangal,Telangana,Rabi,Black Cotton,Irrigated,410,26.5,60,AC,CT,GG,AA,CG,CC,GG,AT,CC,CC,AT,CC,CG,NN,TT,GG,CG,TT,TT,AA,CC,TT,TT,CT,TT,CC,TT,TT,GG,AA,TT,CC,AA,CC,GG,GG,GG,CC,GG,CC,TT,TT,AA,TT,AA,GG,TT,TT,CC,CC,GT,AA,AA,GG,CC,TT,AA,AA,GT,AA,AA,TT,TT,GG,TT,AT,CC,GG,TT,GG,AA,GG,AC,AA,GG,AA,AT,GG,TT,TT,GG,GT,GG,CC,AT,GG,AA,AA,CC,TT,CC,TT,CT,AA,TT,AG,CT,CC,TT,CC,CC,CG,AA,AA,TT,TT,CC,AA,AA,AA,TT,GG,TT,CG,TT,AA,AA,TT,CG,AG,CC,GG,CC,GG,TT,AG,CC,CC,CC,CC,AA,TT,CC,AA,CC,CT,AA,TT,AG,AT,GG,CC,CC,GG,AA,GG,AA,CC,GT,CC,CC,AA,AG,AG,TT,GG,AA,TT,CT,AG,AC,TT,TT,TT,CC,AT,TT,TT,AA,TT,GG,CC,AA,CC,CC,CC,GG,CC,AT,GG,AA,CC,TT,CG,GT,TT,GG,AT,AA,AG,TT,CC,GG,AA,CC,CC,CG,GG,AC,GG,TT,AA,NN,CG,GG,AA,CC,AA,AT,GG,TT,TT,AA,CC,TT,AA,CG,TT,GT,AA,GG,AA,TT,AA,TT,CC,TT,AA,CC,CT,GG,AG,CG,AG,AC,TT,TT,TT,GG,TT,AA,AA,AA,GG,CC,CC,GG,CC,GG,NN,AA,CC,TT,GG,CC,CC,AA,AG,CC,AT,CC,AT,AG,CC,CG,CC,TT,AA,GG,AA,AA,AA,AA,AG,AG,AA,AA,TT,GG,AC,NN,CC,AA,CT,AA,AA,GG,GG,GG,GT,AT,AA,TT,TT,TT,AG,TT,GG,GG,AA,9.08,Moderate,Low,Standard,Medium
L0677,Warangal,Telangana,Rabi,Black Cotton,Irrigated,410,26.5,60,AA,TT,GG,GG,GG,CC,GG,TT,CC,CG,AA,CC,CC,TT,TT,GG,GG,TT,TT,AA,CC,TT,TT,CC,TT,CC,TT,TT,GG,AA,TT,CC,AA,CC,GG,GG,GG,CC,GG,AC,TT,CT,AA,TT,AG,AG,TT,TT,CC,AC,GG,AA,AG,GG,CC,TT,AA,AC,GT,AC,AA,TT,AT,AG,TT,TT,CC,GG,CC,GG,AA,GG,CC,AA,GG,AC,AT,GG,TT,TT,GG,GT,GG,CC,AT,NN,AA,AA,CC,GG,CC,TT,CC,AT,TT,GG,TT,CC,GT,CT,CC,CC,AA,AA,AT,GT,CC,AA,AA,AA,CC,GT,TT,CC,TT,AA,AA,TT,CC,GG,CC,GG,CT,GT,CT,AA,TT,CC,AC,CC,AA,TT,CC,AA,CC,CC,AA,TT,GG,AA,GG,CC,CC,GG,AG,AG,AA,AC,GG,CC,NN,AA,AA,GG,TT,GG,AC,TT,CT,AG,CC,GT,GT,TT,CC,AT,TT,TT,AA,TT,GG,CG,AA,TT,CC,CC,CC,CC,AA,GG,AA,CC,TT,CC,GG,TT,GG,NN,AA,AG,TT,CC,GG,AA,AC,CC,GG,GG,AC,GG,TT,NN,AA,CC,GG,AA,AC,AA,TT,GG,GT,TT,AA,GG,GT,AT,CG,AT,TT,AA,GG,AA,CT,AA,TT,CC,TT,AC,CC,CT,CC,AG,CC,AA,CC,TT,CT,GT,GG,TT,AA,CC,AA,GG,CC,CC,GG,CC,GG,AT,AA,CC,TT,GG,CC,CC,AA,AG,CC,AA,CC,AA,AA,CC,CG,CC,AT,AA,GG,AA,AA,AA,AA,GG,AG,AA,AA,AT,GG,AA,AA,CC,AA,CT,AA,AA,GG,GG,GG,TT,AT,AA,TT,TT,TT,AA,NN,GG,CG,AA,7.24,Moderate,High,Standard,Early
L0678,Warangal,Telangana,Rabi,Black Cotton,Irrigated,410,26.5,60,AA,CT,GG,AA,CG,CC,GG,AT,CC,CC,AA,CC,CG,AT,GT,GT,CC,TT,TT,AG,CC,TT,TT,CC,TT,CC,TT,TT,GG,AA,TT,CT,AA,CC,GG,GG,GG,CC,GG,NN,TT,TT,AA,TT,AA,AG,TT,NN,CC,AC,GG,AA,AA,GG,CT,TT,AA,AA,TT,AA,AA,TT,AA,AG,TT,TT,CC,GG,TT,GG,AG,GG,CC,AA,AG,AA,AT,GG,GT,TT,GG,GG,GG,CC,AA,GG,AA,AA,CC,GT,CC,TT,CT,NN,GT,GG,TT,CC,GT,CC,CC,CG,AA,AA,TT,TT,CG,AG,AG,AA,CT,GT,GT,CG,TT,AC,AA,TT,CC,AG,CC,AG,CC,GT,NN,AG,CT,CG,CC,CC,AG,GT,CC,AA,CC,CC,AA,TT,AA,AA,CG,CC,CC,GG,AA,AG,AA,AC,GG,CC,CC,AA,AG,GG,GT,AG,AA,TT,CT,AG,NN,GT,TT,TT,CC,AA,GT,CT,AT,TT,CG,CC,AA,CC,CC,CC,CG,CC,AA,GG,AA,CC,TT,NN,GG,TT,GG,AA,AA,AA,TT,CC,GG,AA,CC,CG,GG,GG,CC,GG,TT,AC,AA,CC,GG,AA,CC,AA,AA,GG,TT,AT,AT,GG,GG,AA,CC,AT,GG,AA,GG,AA,CT,AA,TT,CC,TT,AA,CC,TT,CG,AA,CC,GG,CC,TT,CT,TT,GG,TT,AA,AA,AG,GG,CC,GG,GG,CC,GG,AT,AA,CC,TT,GG,CC,CC,AA,AG,CC,AT,CC,AA,AA,CC,CC,NN,TT,AA,NN,AA,AA,AC,AA,AG,AA,AA,AA,AT,GG,AA,AA,AC,AA,CT,AA,AG,GG,GG,GG,TT,AA,AG,TT,TT,TT,AG,TT,GG,CG,AA,6.97,Susceptible,Low,Poor,Medium
L0679,Warangal,Telangana,Rabi,Black Cotton,Irrigated,410,26.5,60,AA,TT,GG,AG,GG,CC,GG,AA,CC,GG,AA,CT,CC,TT,TT,GG,GG,TT,TT,AA,CC,TT,TT,CC,AT,CC,TT,TT,GT,AA,TT,CC,AG,CC,GG,CG,GG,CC,GG,CC,TT,CT,AA,TT,AA,GG,TT,AT,CC,CC,GG,AA,AG,GG,CT,TT,AA,AC,GT,AC,AA,TT,AT,AG,CT,AT,CC,GG,CT,GG,AG,GG,CC,AA,GG,AC,AT,GG,TT,TT,GG,GG,GG,CC,AA,NN,AA,AA,CC,GG,CC,TT,CC,TT,GT,GG,CC,CC,TT,CC,CC,CG,AG,AA,TT,TT,CC,AA,GG,AA,CC,GG,GT,CC,TT,AA,AA,TT,CC,AG,CC,GG,NN,GG,CT,AG,CT,CG,CC,CC,AA,TT,AC,AA,CC,CC,AA,AT,AA,AA,GG,CT,CC,AG,AA,AA,AA,AC,GT,CC,CC,AA,AA,GG,TT,GG,AA,TT,TT,GG,AA,GT,GT,TT,CC,AA,TT,TT,AT,TT,GG,NN,AG,NN,CC,CC,GG,CC,AA,GG,AG,CC,TT,CC,GG,TT,GG,TT,AA,AA,TT,CC,GG,AA,AC,CC,GG,GG,AA,CG,TT,AA,NN,CC,GG,AA,AA,AA,AT,GT,TT,AT,AA,CC,TT,TT,CC,TT,TT,AA,GG,AA,CT,AC,TT,CG,TT,AA,CC,TT,GG,AG,CC,AG,CC,TT,TT,GG,GG,TT,AA,CC,AA,GG,CC,CC,GG,CC,GG,TT,AA,CC,TT,AG,CC,CC,AA,AG,CC,AA,CC,AT,AA,AC,CG,AC,TT,AG,GG,AA,AA,AA,AA,GG,AA,AA,AA,TT,GG,AA,AG,CC,AA,TT,AA,AA,GG,GG,CC,TT,AT,AA,TT,TT,AT,AA,AT,GG,CG,AA,9.33,Susceptible,Low,Standard,Late
L0680,Warangal,Telangana,Rabi,Black Cotton,Irrigated,410,26.5,60,AA,TT,GG,AG,GG,CC,NN,TT,CC,CC,AA,CT,CC,AT,TT,GG,GG,TT,TT,AA,CC,TT,GT,CC,TT,CT,TT,TT,GG,AA,TT,CC,AA,CC,GG,CG,GG,CC,GG,NN,TT,CT,AA,TT,AA,GG,CT,TT,CC,AC,GG,AA,AG,GG,CC,TT,AT,AA,GG,AC,AA,TT,TT,AA,TT,AT,CC,GG,TT,GG,AG,GG,CC,AA,AG,AC,AT,GG,TT,TT,GG,GG,GG,CC,AA,GG,AA,AA,CC,TT,CC,TT,CT,TT,GT,GG,TT,CC,GT,CT,CC,CG,AG,AA,AT,TT,CG,AA,AG,AC,CT,GG,TT,CC,GT,NN,AA,TT,CC,GG,CG,AG,CC,GT,CT,AA,CC,CC,CC,CC,AA,TT,CC,AA,CC,CC,AA,TT,AA,AA,GG,CT,NN,GG,AA,AG,AA,CC,GT,CC,CC,AA,AA,GG,TT,GG,AA,GT,NN,GG,CC,TT,GT,TT,CC,AT,GT,TT,AA,TT,GG,CC,AA,CC,CC,AC,GG,CC,AA,GG,AA,CC,TT,CC,GT,TT,GG,AT,AA,AA,TT,CC,CG,AA,CC,CC,GG,GG,AA,GG,TT,AA,AA,CC,GT,AA,AC,NN,TT,GG,GT,TT,AT,GG,GG,AA,CC,AT,GT,AA,GG,AA,TT,AC,TT,CC,CT,AC,CC,CC,GG,AG,CC,AG,CC,AT,CT,TT,GG,TT,AC,CC,AA,GG,CC,CG,GG,CC,GT,TT,AA,CC,GT,GG,CC,CC,AA,GG,CC,AA,CG,AA,AA,CC,CC,AC,TT,AA,GG,AA,AA,AA,AC,AA,AA,AG,AA,TT,GG,CC,AG,CC,AA,CT,AG,AA,GG,GG,CG,GT,AA,AG,TT,TT,TT,AA,AT,GG,CG,AA,9.26,Susceptible,Low,Premium,Medium
L0681,Warangal,Telangana,Rabi,Black Cotton,Irrigated,410,26.5,60,AA,TT,GG,AG,GG,CC,GG,TT,CC,CC,AA,CT,CC,TT,GT,GG,GG,TT,TT,AA,CC,TT,TT,CC,TT,CC,TT,NN,GG,AA,TT,CT,AA,CC,GG,GG,GG,CC,GG,CC,TT,CT,AA,TT,AG,GG,TT,AT,CC,CC,GG,AA,AA,GG,CC,TT,AT,AA,GG,AA,AA,TT,TT,AA,TT,AT,CC,GG,TT,GG,NN,GG,CC,AA,AG,CC,AA,GG,TT,TT,GG,GT,GT,CC,AA,GG,AA,AT,CC,GG,CC,TT,CC,TT,GT,GG,CT,CC,TT,CT,CC,CC,AG,AA,TT,TT,CC,AG,AG,AA,CT,GG,GT,CC,TT,AA,AA,TT,CC,GG,CC,GG,CC,GG,CT,AA,CC,CC,CC,CC,NN,TT,CC,AA,CC,CC,AG,AT,AG,AT,CG,CC,CC,GG,AA,AA,AA,CC,NN,CC,CC,AA,AG,GG,TT,GG,AC,GT,TT,AG,CC,GT,TT,CT,CC,AA,TT,CT,AT,AT,GG,NN,AG,CC,CC,CC,GG,CC,AA,GG,AG,CC,TT,CC,GG,TT,CG,AT,AA,AA,TT,CC,NN,AA,CC,CC,GG,GG,AA,GG,TT,AC,AG,CC,GG,AT,CC,AT,AA,GG,TT,TT,AA,CC,GG,AA,CG,TT,TT,AA,GG,NN,TT,AA,TT,CC,CT,AA,CC,TT,GG,AG,CG,GG,CC,AT,TT,GT,GG,AT,AA,AC,AA,GG,CC,CC,GG,CC,GG,AA,AA,CC,GT,GG,CC,CG,AA,GG,CC,AA,CC,AA,AA,CC,NN,CC,TT,AA,GG,AA,AC,AA,AA,GG,AA,AA,AA,TT,CG,AC,NN,AC,AA,CC,AA,AG,GG,GG,GG,GT,AA,AA,TT,TT,TT,AG,TT,GG,GG,AC,8.89,Resistant,Low,Standard,Early
L0682,Warangal,Telangana,Rabi,Black Cotton,Irrigated,410,26.5,60,AC,TT,AG,AA,GG,CC,GT,NN,CC,GG,AA,NN,CC,AT,TT,GT,CG,TT,TT,GG,CC,GT,TT,NN,TT,CC,TT,TT,GG,AC,TT,CC,AA,AC,GG,GG,GG,CC,GG,CC,TT,TT,AC,GG,AA,NN,TT,TT,CC,CC,GG,AA,AA,GG,CT,GT,TT,AA,GT,AC,AA,TT,AT,AG,TT,AT,CC,GG,TT,GT,AA,GG,NN,NN,GG,AA,AT,GG,TT,TT,GG,GG,GG,CC,AT,GG,AA,AA,CC,GT,AC,TT,CT,TT,GT,GG,TT,CC,TT,CC,CC,CC,AA,AA,TT,TT,GG,AG,AG,AA,CC,GT,TT,CG,GT,AC,AA,TT,CC,AG,CC,GG,CC,GG,TT,AA,CC,CC,CC,CC,AA,TT,AC,AA,CC,CC,GG,TT,AA,AA,GG,CC,CC,GG,AA,AG,AA,AC,GG,CC,CC,AA,AA,AG,TT,GG,CC,TT,CT,AG,CC,GT,GT,CT,CC,TT,TT,CT,AT,TT,GG,CC,GG,CT,AC,CC,CG,AC,AA,GG,AA,CC,TT,CC,GG,TT,CG,AT,NN,AA,TT,CC,CG,AA,CC,CC,GG,GG,AA,GG,TT,AA,AA,CC,GG,NN,AC,AA,AA,GT,TT,AT,AA,NN,GG,AA,CC,AT,GT,AA,GG,AA,TT,AA,TT,CC,TT,AA,CC,TT,CG,AA,CG,AG,CC,AT,TT,GT,GG,TT,AA,CC,AG,GG,CC,CG,GG,CC,GG,AT,AG,CC,TT,GG,CG,CC,AT,GG,CC,AT,CG,AT,AA,CC,GG,AC,TT,NN,GG,AA,AA,AA,AA,GG,AA,AG,AA,AA,GG,AA,AA,CC,AA,CT,AG,AG,GG,GG,CG,GT,AA,AG,GG,TT,TT,AG,TT,GG,GG,AA,6.21,Susceptible,Low,Premium,Late
L0683,Warangal,Telangana,Rabi,Black Cotton,Irrigated,410,26.5,60,AC,CT,GG,AG,CG,CG,GT,TT,CC,CC,AT,CT,CG,TT,TT,GT,GG,TT,TT,AA,CG,TT,GT,CT,TT,CC,TT,TT,GT,AA,TT,CC,AA,CC,AG,GG,GG,CG,GG,CC,TT,CT,AA,TT,AA,GG,TT,AT,CC,AA,GT,AA,AA,GG,CC,TT,AA,AA,GG,AA,AA,TT,TT,AG,TT,TT,CC,GG,TT,GG,AA,GG,CC,AA,AG,AA,TT,AG,GT,TT,GG,GG,GT,CC,AA,GG,AA,AA,CC,GT,CC,TT,CT,AT,TT,GG,TT,CC,GT,CC,CC,CG,GG,AA,TT,NN,CC,AA,AG,AA,CT,GG,TT,CG,GT,AA,AA,TT,CC,AG,CG,GG,CC,GG,TT,AG,CC,CC,CC,CG,AA,TT,CC,AA,CC,CC,AA,TT,AA,AA,GG,CC,CC,GG,AA,AG,AA,CC,GT,CG,CC,AG,AA,AG,TT,AG,AA,TT,TT,GG,AA,TT,TT,NN,CC,AA,GT,TT,AA,TT,GG,CC,AG,CT,CC,CC,CG,CC,AA,GG,AA,CC,TT,CC,GT,TT,GG,AA,AA,AA,TT,AC,CG,NN,AC,CC,GG,NN,AC,GG,TT,AA,AA,CC,GG,AA,AC,AT,AA,GT,TT,TT,AA,GG,GG,TT,CG,TT,TT,AA,GG,AA,CT,AA,TT,CC,CT,AA,CC,TT,GG,AA,CC,AA,CC,TT,CT,GT,GG,TT,AA,AA,AG,GG,CC,CC,GG,CC,GT,TT,AA,CC,GG,GG,CC,CG,AT,GG,CC,TT,CC,AA,AA,CC,CC,AC,TT,AA,GG,AA,NN,AC,AA,AG,AA,AA,AG,TT,GG,AA,AA,AC,AA,TT,AA,AA,CG,GG,GG,TT,AA,AA,TT,TT,TT,AA,TT,GG,GG,AC,7.28,Resistant,Medium,Poor,Early
L0684,Warangal,Telangana,Rabi,Black Cotton,Irrigated,410,26.5,60,AA,TT,AG,AA,GG,CC,GG,TT,NN,CG,AA,CT,CG,TT,TT,GG,CG,TT,TT,AA,CC,TT,TT,CC,TT,CC,TT,AT,GG,AA,TT,CC,AA,CC,GG,CG,GG,CG,GG,CC,TT,CC,AC,GT,AA,GG,TT,AT,CC,AC,GG,AA,AA,GG,CC,TT,AA,AA,TT,CC,AA,TT,TT,AG,TT,TT,CC,GG,TT,GG,AA,GG,CC,AA,AG,AA,AT,GG,TT,TT,GG,GT,GG,CC,AA,GG,AA,AA,CC,TT,CC,TT,CC,TT,TT,GG,TT,CC,GT,CC,CT,CG,AA,AA,TT,TT,CG,AA,AG,AA,CC,GG,TT,CC,TT,AA,AC,TT,CC,GG,CC,AG,CT,GG,CT,AA,CC,CC,CC,CC,AA,TT,CC,AA,CC,CT,AA,TT,AA,AA,GG,CC,CC,GG,AA,AG,AA,CC,GG,CC,CC,AA,AA,GG,TT,AG,AC,GT,TT,GG,AC,GT,TT,TT,CC,AA,TT,TT,AA,AT,GG,CC,AA,CC,CC,CC,GG,CC,AT,GG,AG,CC,TT,CC,GG,GT,GG,AT,AA,AA,TT,AA,GG,AA,CC,CC,GG,GG,AA,GG,TT,AA,AG,CC,GT,AA,CC,AA,TT,GG,TT,TT,AT,GG,GG,AA,GG,TT,TT,AA,GG,AA,TT,AA,TT,CC,CT,AC,CC,TT,NN,AG,CC,AA,CC,TT,TT,TT,GG,AT,AC,AC,AA,TT,CC,NN,GG,CC,GG,AT,AG,CG,TT,GG,CC,CC,AA,GG,CC,AT,CC,NN,AA,CC,CC,AA,TT,AA,GG,AA,NN,AA,AA,AG,AA,AG,AA,TT,GG,AA,AA,CC,AA,CT,AA,AG,GG,GG,GG,TT,AT,AA,GT,TT,TT,AG,AA,GG,GG,AA,6.41,Susceptible,Low,Standard,Medium
L0685,Warangal,Telangana,Rabi,Black Cotton,Irrigated,410,26.5,60,AC,CT,NN,AG,GG,CC,GG,TT,CC,CC,AA,CT,CC,AT,TT,GG,CG,TT,TT,AG,CC,GT,TT,CC,AT,CC,TT,TT,GT,AA,TT,CC,AA,CC,GG,GG,GG,CC,GG,CC,TT,TT,AA,GG,AA,AG,TT,TT,CC,AC,GG,AA,AA,GG,CC,GT,AA,AA,GT,AC,AA,TT,TT,AA,CC,TT,CC,GG,TT,TT,AA,GT,CC,AA,AG,AC,AA,GG,TT,TT,GG,GG,GT,CC,AT,GG,AA,AA,NN,GT,CC,TT,CT,AT,GG,GG,TT,CC,GT,CC,CC,CC,AA,AA,AT,TT,CG,AA,AG,AC,CC,GG,TT,CC,TT,AC,AA,TT,CC,GG,CG,AG,CC,GT,TT,AA,CC,CC,AC,CC,AA,GT,CC,AA,CC,CC,AA,AT,AA,AA,CG,CC,CG,NN,AA,NN,AA,AC,GG,CC,CC,AA,AG,GG,GT,GG,AA,GT,TT,GG,CC,TT,TT,TT,CC,AT,TT,TT,AT,TT,GG,CC,AA,CC,AC,CC,CG,AC,AA,GG,AA,AC,TT,CC,GT,GT,GG,AT,AA,AA,TT,CC,GG,AA,CC,CC,GG,GG,AA,GG,TT,AA,AA,CC,GG,AT,AC,AT,AA,GT,TT,AT,AA,GG,GT,AA,CC,TT,GT,NN,GG,AA,TT,AA,TT,CC,TT,AC,CC,TT,CG,AG,CC,AG,AC,TT,TT,TT,GG,TT,AA,CC,AG,GG,CC,CG,GG,CC,GG,AT,AA,CC,NN,GG,CC,CC,AA,GG,CC,AT,CG,AA,AA,CC,CC,AC,TT,AA,GG,AA,AA,AA,AA,AG,AG,AA,AA,AT,GG,AC,AA,CC,AC,CT,AA,AG,CG,GG,GG,GT,AA,AG,TT,TT,AT,AG,TT,GG,GG,AA,8.77,Moderate,Low,Poor,Medium
L0686,Warangal,Telangana,Rabi,Black Cotton,Irrigated,410,26.5,60,AC,TT,GG,AA,GG,CC,GG,TT,CC,CG,AA,CC,CG,TT,GG,GT,GG,TT,TT,AA,CC,GT,GT,CT,TT,CC,TT,TT,GG,AA,TT,CC,AA,CC,GG,CG,GG,CG,GG,AC,TT,TT,AA,TT,GG,AG,TT,TT,CC,CC,GG,AA,NN,GG,CT,GT,AA,AC,GT,AA,AG,GT,TT,AG,CT,NN,CC,GG,TT,GG,AA,GG,CC,AA,GG,AA,AA,AG,GT,CT,GG,GG,GT,CC,AA,GG,AA,AA,CC,GT,CC,TT,CT,TT,GT,GG,TT,CC,TT,CC,CT,CG,AG,AA,TT,TT,CC,AA,AG,AA,CT,GG,TT,CC,GT,AA,AA,TT,CC,AG,CG,GG,CC,GT,TT,AG,CC,CC,CC,CC,AA,TT,CC,AA,CC,CC,AA,TT,AA,AA,GG,CT,CC,GG,AA,GG,AA,CC,GG,CC,CC,AA,AG,AG,TT,AG,AC,TT,CT,AG,NN,GT,GT,TT,CC,TT,GT,CT,AT,TT,GG,CC,AG,CC,CC,CC,GG,CC,AA,GG,AA,CC,TT,CC,GG,TT,GG,AA,AA,AG,TT,CC,CG,AC,AC,CC,GG,GG,AC,GG,CT,AA,AA,CC,GG,AA,CC,AT,AA,GG,TT,AT,AT,GG,TT,AT,CC,TT,TT,AA,GG,AA,TT,AA,TT,CC,TT,NN,CC,CT,GG,AG,CG,AA,CC,TT,TT,TT,GG,TT,AA,CC,AA,GG,CC,CG,GG,CC,GG,AT,AA,CC,TT,GG,CC,CC,AA,GG,CG,AT,CC,TT,AA,CC,CG,AC,TT,NN,CG,AA,AA,AA,AA,GG,NN,AG,AA,TT,GG,AA,AG,CC,AA,CT,AA,AA,GG,AG,GG,GT,AA,AA,TT,TT,TT,AG,TT,GG,GG,AA,7.67,Resistant,High,Poor,Medium
L0687,Warangal,Telangana,Rabi,Black Cotton,Irrigated,410,26.5,60,NN,CT,GG,AG,CG,CC,GG,TT,CC,CC,AA,CC,CC,TT,TT,GG,GG,TT,TT,AA,CC,GT,TT,CC,TT,CC,GT,AT,GT,AA,TT,CT,AA,CC,GG,CG,GG,CC,GG,CC,TT,TT,AC,TT,AA,GG,CT,AT,CC,NN,GT,AT,AA,GG,CT,TT,AA,AC,GT,AA,AA,TT,TT,AG,TT,AT,CT,GG,CT,TT,AA,GG,CC,AA,GG,AA,TT,AG,TT,TT,GG,GT,GG,CC,AT,GG,AA,AA,CC,TT,CC,TT,CC,TT,TT,GG,TT,CC,TT,CC,CC,NN,AG,AA,NN,TT,CG,AA,AA,AA,CT,GG,TT,CG,TT,AC,AC,TT,CC,AG,CC,GG,CC,GT,TT,AA,CC,CC,CC,CC,AG,GT,CC,AC,CC,CT,AG,TT,AG,AA,GG,CC,CC,GG,AA,AA,AA,AC,GT,CC,CC,AA,AA,GG,TT,GG,AA,GT,CT,AG,CC,GT,TT,CT,CC,AA,GT,TT,AA,TT,GG,CC,AG,CC,CC,CC,CG,CC,AA,GG,AA,CC,TT,CG,GT,TT,GG,TT,AA,AA,TT,CC,CG,CC,CC,CC,GG,AG,AA,GG,CT,AA,AA,CC,GT,AT,CC,AA,AA,GT,TT,TT,AA,GG,GT,AA,CC,AT,TT,AA,GG,AA,CC,AA,TT,CC,CC,CC,CC,TT,GG,AA,CC,GG,CC,AT,CT,GT,GG,TT,AA,CC,AG,GG,CC,CC,GG,CC,GG,AA,AG,CG,GT,GG,CC,CG,AA,AG,CG,AA,CC,AA,AA,AC,CC,AC,TT,AG,GG,AA,AA,AA,AA,AG,AG,AA,AA,AT,CG,AC,AA,AA,AA,TT,AA,AG,GG,GG,GG,TT,AA,AA,TT,TT,TT,AA,TT,GG,CG,AA,6.84,Susceptible,Medium,Standard,Late
L0688,Warangal,Telangana,Rabi,Black Cotton,Irrigated,410,26.5,60,AA,CT,GG,AG,GG,CG,GG,TT,CC,CG,AA,CC,CG,AT,GT,GT,GG,TT,TT,AA,CC,TT,GT,CC,TT,CC,TT,TT,GT,AA,TT,CC,AA,CC,GG,GG,GG,CC,GG,AC,TT,CC,AA,TT,AA,GG,CT,TT,CC,CC,GG,AT,AA,GG,CT,GT,AA,AC,GG,AC,AA,TT,TT,AA,TT,AT,CC,GG,TT,GT,NN,GG,CC,AA,GG,AA,AA,GG,TT,TT,AG,GT,GG,CC,AA,AG,AA,AT,CC,GT,CC,NN,CC,TT,NN,GG,TT,CC,TT,CC,CC,CC,AA,AA,TT,TT,CG,AA,AA,AA,CT,GG,TT,CG,GT,AC,AA,AT,CC,GG,CG,GG,CT,GG,TT,AA,CC,CC,CC,CC,AA,TT,CC,AA,CC,CT,AA,TT,AA,AT,CG,CC,CC,GG,AG,AG,AA,CC,GG,CC,CC,AA,AG,GG,GT,AG,AA,GT,TT,GG,CC,GT,TT,CT,GG,AA,TT,TT,AA,AA,GG,CC,AA,CC,CC,CC,GG,AC,AA,GG,AA,CC,TT,CC,GT,TT,GG,AA,AA,AG,TT,CC,CG,AA,AC,NN,GG,GG,AA,GG,TT,AC,AA,CC,GG,AA,AC,AA,AA,GT,GT,TT,AA,GG,TT,AA,CG,AT,TT,AA,GG,AA,TT,AA,AT,CC,CT,AA,CC,TT,GG,AG,CC,AG,AC,TT,TT,TT,GG,TT,AA,AC,AG,GG,CG,CC,GG,CC,GG,AT,AA,CC,GT,GG,CC,CC,AA,GG,CC,AT,NN,AA,AA,AC,CC,CC,AT,AA,GG,AA,AA,AA,AA,NN,AA,AA,AA,TT,GG,AA,AG,CC,AC,TT,AA,AA,GG,GG,GG,TT,AA,AA,TT,TT,TT,AA,AT,GG,GG,AA,7.73,Resistant,Low,Standard,Early
L0689,Warangal,Telangana,Rabi,Black Cotton,Irrigated,410,26.5,60,AA,TT,GG,AA,GG,CC,GG,AT,CC,CG,AA,CC,CC,AT,TT,GT,CG,TT,TT,AA,CC,TT,GT,CC,AT,CC,TT,TT,GT,AA,TT,CC,AA,AC,GG,NN,GG,CC,GG,CC,TT,TT,AA,TT,AG,GG,TT,TT,CC,CC,GT,AA,AA,GG,CT,GT,AT,AC,GT,AA,AA,TT,TT,AA,TT,TT,CC,GG,TT,GG,AG,GT,CC,AA,GG,AC,AA,GG,TT,TT,GG,GG,GT,CC,AT,GG,AA,AA,CG,GT,AC,TT,CC,TT,GT,AG,TT,CC,TT,CC,CC,CC,AG,AA,TT,TT,CC,AA,AA,AA,CC,GG,TT,CC,GT,AA,AA,TT,CG,AG,CC,GG,CT,GG,TT,AA,CC,CC,CC,CC,AA,TT,CC,AA,AC,CC,AA,TT,AA,AT,GG,CC,CC,GG,AA,AG,AA,CC,GG,CC,CC,AA,AG,GG,GT,GG,AA,TT,CT,GG,CC,TT,TT,TT,GG,AA,TT,TT,AA,TT,GG,CC,AA,CT,CC,CC,GG,CC,AA,GG,AG,CC,NN,CC,GG,GT,GG,NN,AA,NN,TT,CC,GG,AA,AC,CG,GG,NN,AC,GG,TT,AA,AA,CC,GG,AT,AA,AA,TT,GG,GT,AT,AA,CG,GT,NN,CC,TT,GT,AA,GG,AA,TT,AA,TT,CC,TT,AC,CC,TT,CG,AA,CG,GG,NN,TT,CC,GT,GG,TT,AC,AA,AA,GG,CC,CG,GG,CC,GG,AT,AA,CC,TT,GG,CC,CC,AT,AG,CG,AT,CC,AT,AA,AC,CC,CC,TT,AA,GG,AA,NN,AA,AA,AG,AA,AG,AA,TT,GG,AA,AG,CC,AC,TT,AA,AA,GG,AG,GG,TT,AA,AA,TT,TT,TT,AG,NN,CG,CG,AA,6.47,Susceptible,High,Standard,Early
L0690,Warangal,Telangana,Rabi,Black Cotton,Irrigated,410,26.5,60,AA,TT,AG,AA,GG,CC,GG,TT,CC,CC,AA,CC,CC,TT,TT,GG,CG,TT,TT,AA,CG,GT,GT,CC,TT,CC,TT,TT,GT,AA,CT,CC,AA,AC,GG,GG,GG,CC,GG,CC,TT,TT,AA,TT,AG,GG,TT,AT,CC,AC,GG,AA,AA,GG,CC,GT,AA,AA,GT,AA,AG,GT,AT,AA,TT,TT,CC,GG,TT,GG,AG,GG,CC,NN,GG,AA,AA,GG,TT,TT,GG,GT,GG,CC,AT,GG,AA,AA,CC,GT,CC,GT,CC,TT,GT,GG,TT,CC,TT,CC,CT,GG,AG,AA,AT,TT,CC,AA,GG,AA,CC,GG,TT,CC,TT,AA,AA,TT,NN,AA,CC,AG,CC,GG,TT,GG,CC,CC,AA,CC,AA,TT,CC,AA,CC,CC,AA,AT,AG,TT,CG,CC,CG,GG,NN,GG,AA,CC,GT,CC,CC,AA,AA,GG,TT,GG,AA,TT,TT,GG,CC,GT,GT,TT,CC,AA,GG,TT,AA,AA,GG,CC,AA,CC,CC,CC,CG,CC,AA,GG,AA,CC,TT,CC,GT,TT,GG,AT,AG,AA,TT,CC,GG,AA,AA,CC,GG,GG,CC,GG,TT,AC,AA,CC,GG,TT,CC,AT,TT,GG,TT,AT,TT,CC,GG,AT,CC,AA,GT,AA,GG,AA,CT,AA,TT,CC,TT,AA,CC,TT,GG,AA,CC,GG,NN,TT,CT,GT,GG,TT,AA,AC,AG,GG,CC,CG,GG,CC,GG,AT,AG,CG,TT,GG,CC,CC,AA,AG,CC,AT,CC,AT,AG,CC,CG,CC,TT,AG,GG,AA,AA,AA,AA,GG,AG,AA,AA,TT,GG,AA,AG,AA,AA,TT,AA,AA,GG,GG,GG,TT,AT,AA,TT,TT,TT,AA,TT,GG,GG,AA,4.37,Susceptible,Low,Premium,Medium
L0691,Warangal,Telangana,Rabi,Black Cotton,Irrigated,410,26.5,60,AC,TT,AG,AG,CG,CC,GG,TT,CC,CC,AA,CC,CG,TT,TT,GG,GG,TT,TT,AA,CC,TT,TT,CC,AT,CC,TT,AT,GT,AA,TT,CC,AA,CC,GG,GG,GG,CG,GG,CC,TT,CC,AA,TT,AA,GG,CT,TT,CC,AC,GG,AA,AA,GG,CC,TT,AA,AA,GT,CC,AA,TT,AA,AA,TT,AT,CT,GG,TT,GG,AG,GG,CC,AA,GG,AC,AA,GG,TT,TT,GG,GT,GG,CC,AT,GG,AA,AA,CC,GT,CC,GT,CC,TT,TT,GG,TT,CC,GT,CC,CC,CC,AA,AA,AT,TT,CG,AA,AG,AC,CT,GG,TT,CG,GT,AC,AA,TT,CC,GG,CC,AG,CC,GT,CT,AA,CT,CC,CC,CC,AA,TT,CC,AA,CC,NN,AA,TT,AG,AA,GG,CC,CC,GG,AA,AA,AA,CC,GG,CC,CC,AA,AA,GG,TT,AG,AC,TT,CT,AG,CC,GT,GT,TT,CC,AA,TT,CT,AA,TT,GG,CC,AA,CC,CC,CC,CG,CC,AA,GG,AG,CC,TT,CG,GT,TT,GG,TT,AA,AA,TT,CC,GG,AA,AA,CC,GG,GG,AC,CG,TT,AA,AA,CG,GG,AT,CC,AA,AT,GG,TT,AT,AT,GG,GG,TT,CC,TT,TT,AA,GG,AA,TT,CC,TT,CC,TT,AC,AC,TT,CG,AA,CC,AA,CC,TT,CT,TT,GG,TT,AA,CC,AA,GG,CC,CG,GG,CC,GG,AA,AG,CC,TT,GG,CC,CC,AA,GG,GG,AA,CC,AA,AA,AC,CG,CC,TT,AG,GG,AA,AC,AA,AA,AG,AA,AG,AA,TT,GG,CC,GG,AC,AC,TT,AA,AA,GG,GG,GG,TT,AA,AA,TT,TT,AT,AA,TT,GG,GG,AA,6.31,Susceptible,Low,Premium,Medium
L0692,Warangal,Telangana,Rabi,Black Cotton,Irrigated,410,26.5,60,CC,TT,GG,AA,GG,CC,TT,AT,CC,CC,AA,CC,CC,TT,TT,GT,CC,TT,AT,AG,CC,GT,TT,CC,TT,CT,TT,TT,GT,AA,TT,CC,AA,CC,GG,CG,GG,CC,GG,AC,TT,TT,AA,GT,AA,AG,TT,AT,CC,CC,GG,AA,AA,GG,CT,GT,AA,AA,GT,AA,GG,TT,TT,AG,TT,AT,CC,GG,TT,GT,AA,GG,CC,AA,GG,AA,NN,GG,TT,TT,GG,GG,GG,CC,AT,GG,AG,AA,CC,GG,CC,TT,CC,TT,TT,GG,TT,NN,TT,CC,CC,CC,AG,AA,TT,TT,CC,AA,AA,AA,TT,GG,TT,CC,TT,AC,AA,TT,CC,AG,CC,GG,CC,GG,CT,AA,CT,CC,CC,CC,AA,TT,CC,AA,NN,CC,AA,TT,AA,AA,GG,CC,CC,GG,AA,AA,AA,AC,GT,CC,CC,AA,AG,AG,TT,AG,AA,GT,TT,GG,CC,GT,TT,TT,CC,AT,TT,CT,AT,AT,CG,CC,AG,CC,AC,CC,GG,CC,NN,GG,AG,CC,TT,CG,GG,TT,GG,AT,AA,AA,TT,CC,GG,AA,CC,CC,GG,GG,AA,GG,TT,CC,AA,CC,GG,AT,AC,AA,AA,GG,TT,TT,AA,CG,GG,AA,CC,AT,GT,AA,GG,AA,CT,AA,AT,CC,CC,AA,CC,TT,GG,AA,CC,AG,AC,TT,TT,TT,GG,TT,AA,AA,AA,GG,CC,CG,GG,CC,GG,AA,AA,CC,TT,GG,CC,CC,AA,AA,CC,TT,CG,AA,AA,CC,CC,AA,TT,AA,NN,AA,AA,AC,AC,GG,AG,AG,AA,TT,GG,AC,AA,AC,AA,CT,AA,AA,CG,GG,GG,TT,AA,AA,GT,TT,TT,AA,NN,GG,GG,AA,6.94,Susceptible,Medium,Standard,Late
L0693,Warangal,Telangana,Rabi,Black Cotton,Irrigated,410,26.5,60,AA,CT,GG,AA,GG,CC,GG,AT,CC,CG,AA,CT,CC,TT,TT,GG,GG,TT,TT,AA,CC,TT,GT,CT,AT,CC,TT,TT,GG,AA,TT,NN,AA,CC,GG,GG,GG,CG,GG,CC,GT,TT,AC,TT,AG,AA,TT,TT,CC,CC,GT,AA,AA,GG,CT,GT,AA,AA,GT,AA,AA,TT,AT,AA,TT,AT,CC,GG,TT,GG,GG,GG,CC,AG,AG,AC,AA,GG,TT,TT,GG,GT,GG,CC,AA,GG,AA,AA,CC,TT,AA,TT,CT,AT,TT,GG,TT,CC,GT,CC,CT,CC,AA,AA,TT,TT,CC,AA,AG,AA,CT,GG,GT,CC,TT,AA,AA,TT,GG,AG,CG,AG,CC,GG,CC,AA,CC,CC,CC,CC,AA,TT,CC,AA,CC,CC,AA,TT,AA,AA,GG,CC,CC,GG,AA,AG,AT,CC,GG,CC,CC,AA,AA,GG,TT,AG,AA,TT,TT,GG,CC,GT,GG,TT,CC,TT,GG,TT,AT,TT,GG,CC,AA,CC,CC,AC,GG,CC,AA,GG,AA,CC,TT,CC,GT,TT,GG,AT,AG,AA,TT,CC,GG,AA,AC,CC,GG,GG,AC,GG,TT,AC,AA,NN,GG,AT,AC,AA,AA,GT,TT,TT,AT,CG,GT,AA,CG,AT,TT,AA,GG,AA,TT,AA,TT,CC,TT,AA,CC,TT,GG,AG,CG,AA,CC,TT,TT,TT,GG,TT,AA,AC,AA,GG,CG,CG,GG,CG,NN,AT,AA,CC,GT,AG,CC,CC,AA,GG,CG,AA,CC,AT,AA,AC,CG,AC,TT,AA,GG,AA,AA,AC,AA,AG,AA,AG,AA,TT,GG,AA,AA,AC,AA,CT,AG,AA,CG,GG,GG,TT,AT,AA,GG,TT,TT,AG,TT,GG,CG,AA,6.59,Resistant,Low,Poor,Late
L0694,Warangal,Telangana,Rabi,Black Cotton,Irrigated,410,26.5,60,AC,TT,NN,AG,CG,CC,GG,TT,CC,CC,AA,CC,CC,TT,TT,GG,CG,TT,TT,AG,CC,TT,TT,CC,TT,CT,TT,TT,GG,AA,TT,CC,AA,CC,AA,GG,GG,CC,GG,CC,TT,CT,CC,TT,AA,AG,TT,AT,CC,AC,GT,AA,AG,GG,CC,TT,AA,AC,GT,AA,AA,TT,TT,AG,TT,AT,CC,GT,TT,GG,AG,GG,CC,AA,AG,AA,AT,GG,GT,TT,GG,GG,GG,CC,AT,GG,AA,AA,CC,GT,CC,TT,CT,TT,TT,GG,CT,CC,TT,CC,CT,CC,AG,AA,TT,TT,CC,AG,AA,AA,CC,GG,TT,CC,GT,AA,AA,TT,CC,GG,CG,GG,CC,GT,CT,AA,CC,CC,CC,CC,AA,TT,CC,AA,CC,CC,NN,AT,AA,AA,GG,CC,CC,GG,AA,AA,AT,AC,GG,CG,CC,AA,AG,GG,TT,AG,CC,TT,TT,AG,CC,GG,TT,TT,CG,AA,GG,CT,AA,TT,GG,CG,AA,CT,AC,CC,GG,CC,AA,GG,AG,CC,TT,CG,GG,TT,CG,TT,AA,AG,TT,CC,CC,AA,AC,CC,GG,GG,CC,CG,CT,AC,AG,CG,GT,AA,AC,AA,AA,GG,TT,TT,AT,GG,GG,AA,NN,TT,GG,AA,GG,AA,CT,AA,TT,CG,TT,AC,CC,TT,CG,GG,CG,AA,CC,TT,CT,TT,GG,TT,AA,CC,AG,GG,CC,CC,GG,CC,GG,TT,AA,CG,TT,GG,CC,CC,AT,GG,CC,AA,CC,AA,AA,AC,GG,AA,TT,AA,GG,AA,AA,CC,AA,GG,AA,AG,AA,TT,GG,AA,GG,AC,AC,CT,AA,AA,GG,GG,GG,TT,AA,AA,GT,TT,TT,AA,TT,GG,CG,AA,9.49,Moderate,Medium,Poor,Late
L0695,Warangal,Telangana,Rabi,Black Cotton,Irrigated,410,26.5,60,AA,TT,GG,GG,GG,CC,GG,TT,CC,CC,AA,TT,CC,TT,TT,GT,CG,TT,TT,AA,CG,GT,TT,CT,AT,CC,TT,TT,GG,AA,TT,CT,AA,CC,GG,GG,GG,CC,GG,CC,TT,TT,AA,GT,AA,GG,TT,TT,CC,CC,GG,AA,AG,GG,CC,TT,AA,AA,NN,AA,AA,TT,AT,GG,TT,TT,CC,GG,TT,GT,AG,GG,AC,AA,GG,AA,AA,GG,GT,TT,GG,GG,GG,CC,AA,GG,AA,AA,CC,GT,CC,GT,CC,TT,TT,GG,TT,CC,GT,CC,CC,CG,AA,AA,TT,TT,CC,AA,AG,AA,CC,GG,TT,CC,GT,CC,AC,TT,CC,AG,CC,GG,CC,GG,TT,AA,TT,CC,CC,CC,AA,TT,CC,AA,CC,CC,AA,TT,AA,AA,GG,CC,CC,GG,AA,AG,AA,CC,GG,CC,CC,AA,AG,GG,TT,GG,AA,TT,TT,GG,CC,GT,TT,TT,CC,AA,GT,CT,AA,TT,GG,CC,AA,CC,CC,CC,CC,CC,AA,GG,AA,CC,TT,CC,GG,GT,CG,TT,NN,AA,TT,CC,GG,NN,CC,CG,GG,GG,AA,GG,CC,AA,AA,CC,GG,AA,CC,AA,AA,GT,TT,TT,AT,CG,GT,TT,CG,TT,TT,AA,GG,AA,TT,AA,TT,CC,TT,AC,CC,CT,GG,GG,CG,AA,AC,TT,TT,TT,CG,TT,AA,AC,AA,GG,CC,CC,GG,CC,GG,TT,AA,CC,TT,GG,CC,CG,AA,GG,CC,AA,CC,AA,AA,CC,CC,CC,TT,AA,CG,AA,AA,AC,NN,AG,AA,AG,AA,AT,GG,AA,AA,CC,AC,TT,AG,AA,CC,GG,GG,GT,AA,AG,TT,TT,TT,AG,TT,GG,CG,AA,6.17,Moderate,High,Premium,Early
L0696,Warangal,Telangana,Rabi,Black Cotton,Irrigated,410,26.5,60,AC,TT,GG,AG,GG,CC,GT,TT,CC,CC,AA,CT,CG,NN,GT,GG,GG,TT,TT,AA,CC,TT,TT,CT,AT,CC,GT,TT,GG,AA,TT,CC,AA,CC,GG,CG,GG,CC,GG,CC,TT,CT,AA,NN,AA,GG,TT,TT,CC,CC,GG,AA,GG,GG,CT,TT,AA,AC,TT,AA,AA,NN,TT,AA,CT,TT,CC,GG,TT,GT,AG,GG,CC,AA,GG,AC,AA,GG,TT,TT,GG,GG,NN,CC,AA,GG,AA,AT,CC,TT,CC,TT,TT,TT,TT,GG,TT,AC,TT,CC,CC,CG,GG,AA,TT,TT,CC,AA,AG,AC,CC,GG,TT,CC,TT,AA,AA,TT,CC,GG,CC,GG,CC,GG,TT,AA,CC,CC,CC,CC,AA,TT,CC,AA,CC,CC,AA,TT,AA,AA,GG,CC,CC,GG,AA,AG,AA,CC,GG,CC,CC,AG,AA,GG,TT,GG,AC,GG,CT,GG,AC,GT,GT,TT,CC,AA,TT,TT,AT,TT,GG,CC,AA,CT,CC,CC,GG,AC,AA,GG,AG,CC,TT,CG,GT,GT,GG,AA,AA,AA,TT,AC,GG,AA,CC,CC,GG,GG,AA,GG,TT,AA,AA,CC,GG,AT,CC,AT,AT,GT,TT,AT,AT,CG,GT,AA,CC,NN,TT,AA,GG,AA,CC,AC,TT,CC,CT,AA,CC,CT,CC,AG,CC,GG,CC,TT,TT,GT,GG,TT,AA,CC,AG,GG,CC,GG,NN,CC,GG,NN,AA,CC,TT,GG,CG,CC,AA,GG,CC,AA,CC,AA,AA,AC,CG,CC,TT,AA,CG,AA,AA,AA,AA,GG,AG,AA,AA,TT,GG,CC,AA,AC,AA,TT,AA,NN,GG,GG,GG,TT,AA,AG,TT,TT,TT,AA,AT,GG,GG,AA,6.42,Moderate,High,Standard,Early
L0697,Warangal,Telangana,Rabi,Black Cotton,Irrigated,410,26.5,60,AC,TT,AG,AG,GG,CC,GG,AT,CC,CG,AA,CT,CC,TT,GT,GG,GG,TT,NN,AG,CG,TT,TT,CC,TT,CC,TT,AA,GG,AA,TT,CC,AA,CC,GG,GG,GG,CC,GG,CC,TT,TT,AA,TT,AG,AG,CT,AT,CC,AA,GG,AA,AA,NN,CC,TT,AA,AA,GT,AC,AG,TT,AT,AG,TT,TT,CC,GG,CT,GT,AG,GG,CC,AA,GG,AA,AT,GG,TT,TT,GG,GG,GG,CC,AA,GG,AA,AA,CC,GG,CC,NN,CC,AT,TT,GG,TT,CC,TT,CC,CC,CG,AG,AA,AT,TT,CC,AA,AG,AA,CT,GG,GT,CC,TT,AA,AC,TT,CC,GG,CG,GG,CC,GG,TT,AA,CC,CC,CC,CC,AA,TT,AC,AA,CC,CC,AA,TT,AA,AA,CG,CT,CC,GG,AA,GG,AA,AC,GG,CC,CC,AA,AA,AG,GT,NN,AA,TT,CT,GG,CC,TT,TT,CT,CC,AA,TT,TT,AT,TT,GG,CC,AA,CT,CC,CC,GG,CC,AA,GG,AG,CC,TT,CG,TT,GT,GG,TT,AA,AG,TT,CC,GG,AC,CC,CG,GG,GG,AA,GG,TT,CC,AA,CG,GG,AA,CC,AA,AA,GG,GT,AA,NN,GG,GT,AA,CC,TT,TT,AA,GG,AA,CT,AA,TT,CC,CT,AC,CC,TT,GG,GG,CG,GG,AC,TT,TT,TT,GG,AT,AA,CC,AG,GG,CC,CG,GG,CC,GG,AT,AA,CG,NN,GG,CC,CC,AA,AG,CC,AT,CC,AA,AA,CC,CC,AC,TT,AA,GG,AA,AA,AC,AA,AG,AG,AA,AA,TT,GG,AA,AA,CC,AA,TT,AG,AG,GG,AG,GG,GT,AA,AA,TT,TT,TT,AG,AT,GG,GG,AA,8.34,Susceptible,Medium,Poor,Early
L0698,Warangal,Telangana,Rabi,Black Cotton,Irrigated,410,26.5,60,AA,CT,GG,GG,GG,CC,GG,TT,CC,CG,AA,CT,CC,AT,TT,GG,GG,TT,TT,AA,NN,GT,TT,CC,AT,CC,TT,AT,GG,AA,CT,CC,AA,CC,GG,GG,GG,CC,GG,CC,TT,CT,AC,TT,AA,GG,TT,NN,GG,CC,GT,AA,AA,GG,CT,TT,AA,AA,GG,AA,AA,TT,TT,AA,TT,TT,CC,GG,TT,GG,AA,GG,CC,AA,AA,AA,AA,GG,TT,TT,GG,GG,GG,CC,AA,GG,AA,AA,CG,TT,AC,TT,CT,TT,TT,GG,TT,CC,TT,CC,CT,CG,AG,AA,TT,TT,CC,AA,AG,CC,CT,GG,GT,CC,TT,AA,AA,TT,CC,GG,CC,GG,CT,GG,CT,AG,CC,CC,AC,CC,AA,TT,CC,AA,CC,CC,AA,TT,AA,AA,GG,CC,CC,AG,AA,AG,AA,CC,GT,CC,CC,AA,AA,GG,GT,GG,AA,TT,CT,GG,CC,TT,NN,TT,CC,AA,TT,TT,AA,TT,CG,CC,AA,CT,CC,CC,GG,CC,AT,GG,AG,AC,TT,CC,GG,GG,GG,AT,AA,AA,TT,CC,GG,AA,CC,CC,GG,AG,AC,GG,TT,AC,AA,CC,TT,AT,AA,AA,AA,GG,TT,AT,AT,CG,GT,AT,CC,TT,TT,AA,GG,AA,TT,AA,TT,CC,TT,AA,CC,TT,CG,AA,CG,GG,CC,TT,CT,TT,GG,TT,AA,CC,AA,GG,CG,CG,GG,CC,GG,AT,AG,CC,TT,GG,CC,CC,AA,GG,GG,AT,CC,AA,AA,AC,GG,CC,TT,AA,GG,AA,AC,AC,AA,AG,AA,AA,AA,TT,GG,AA,AG,AC,AC,TT,AA,AA,GG,GG,GG,TT,AA,AA,GT,TT,TT,AA,TT,GG,GG,AA,6.77,Moderate,Medium,Premium,Early
L0699,Warangal,Telangana,Rabi,Black Cotton,Irrigated,410,26.5,60,AA,TT,GG,AG,GG,CC,GT,TT,CC,CG,AA,CC,CG,TT,GG,GG,CG,TT,TT,AA,CC,TT,GG,CC,TT,CT,TT,TT,GT,AA,TT,CC,AA,CC,GG,CG,GG,CC,GG,AC,TT,CT,AA,TT,AA,AG,TT,AT,CC,AC,GT,AT,AA,GG,CT,TT,AA,CC,GT,AA,AA,TT,TT,AA,TT,TT,CC,GG,TT,GT,AA,GG,CC,AA,GG,AC,AA,GG,GT,TT,GG,GG,GG,CC,AA,GG,AG,AT,CC,GT,AA,TT,CC,AT,TT,GG,TT,CC,GT,CC,CT,CG,AG,AA,AA,TT,CC,AA,AG,AC,CC,GG,TT,CC,TT,AA,AA,TT,CC,GG,CC,GG,CT,GT,CT,AA,CT,CC,CC,CC,AA,GT,CC,AA,CC,CC,AA,AT,AA,AA,GG,CT,CC,GG,AA,AG,AA,CC,GG,CC,CC,AA,AG,GG,TT,GG,AA,TT,TT,NN,CC,TT,GT,TT,CC,AT,GT,TT,AT,TT,GG,CC,AA,CT,CC,CC,GG,CC,AA,GG,AG,CC,GT,CG,GG,TT,GG,TT,AA,AA,TT,AC,GG,AA,AC,CC,GG,AG,AC,GG,TT,CC,AA,CC,GG,AA,NN,AA,AA,GG,TT,AA,AA,GG,TT,AT,CC,TT,TT,AA,GG,AA,TT,AA,TT,CC,TT,AA,CC,TT,CG,AA,CC,AA,CC,TT,TT,GT,GG,TT,AC,AC,AG,GG,CC,CC,GG,CG,GG,AT,AG,CC,TT,GG,CC,CG,AA,GG,CC,AT,CC,AT,NN,CC,CC,AC,TT,AA,CG,AA,AA,AA,AA,GG,AA,AA,AA,AT,GG,AC,AG,CC,AA,CC,AA,AA,GG,GG,GG,TT,AA,AG,TT,NN,TT,AG,TT,GG,GG,AC,7.65,Resistant,Medium,Standard,Late
L0700,Warangal,Telangana,Rabi,Black Cotton,Irrigated,410,26.5,60,AC,TT,GG,AG,GG,CC,GG,AT,CC,GG,AA,CC,CG,TT,TT,GG,GG,TT,TT,AA,CC,TT,GT,CC,TT,CC,TT,AT,GG,AA,CT,CC,AA,AC,GG,GG,GG,CC,GG,CC,TT,TT,AA,TT,AG,AG,TT,TT,CC,AA,GG,AA,AA,GG,CC,TT,AA,AA,GT,AA,NN,TT,AT,AA,CT,AT,CC,GG,TT,GG,AA,GG,CC,AA,GG,AA,AT,GG,GT,CT,GG,GT,GG,CC,AA,GG,AA,AA,CC,TT,CC,TT,CC,TT,TT,GG,TT,CC,GT,CC,CC,CC,AG,AG,TT,TT,CG,AA,NN,AA,CC,GG,TT,CC,TT,AC,AA,TT,CC,GG,NN,GG,CC,GG,CT,AG,CC,CC,AC,CC,AA,TT,CC,NN,CC,CC,AA,AT,AA,AA,GG,CT,CC,GG,AA,AG,AT,AC,GG,CC,CC,AA,AA,GG,TT,GG,AC,GT,TT,GG,AC,TT,GT,TT,CC,AT,TT,TT,AA,TT,GG,CC,AG,CC,AC,AC,GG,CC,AA,GG,AA,CC,TT,CC,GT,GT,CG,TT,AA,AA,TT,CC,GG,AC,CC,CC,GG,GG,AA,GG,TT,AA,AG,CC,GG,AA,AC,AA,NN,GG,TT,AT,AT,GG,GT,AA,CC,TT,TT,AA,GG,AA,TT,AC,TT,CC,TT,AA,CC,TT,GG,AA,CC,AA,CC,TT,CT,GT,GG,TT,AC,AC,AA,GT,CC,GG,GG,CC,GG,TT,AA,CC,TT,GG,CC,CC,AT,GG,CC,NN,CC,AA,AA,AC,CC,AC,TT,AA,GG,AA,AC,AC,AC,GG,AA,AA,AA,TT,GG,AA,AG,AC,AA,TT,AA,AA,GG,GG,GG,TT,AA,AA,TT,TT,TT,AA,AT,GG,GG,AA,7.25,Resistant,Low,Poor,Medium
L0701,Warangal,Telangana,Rabi,Black Cotton,Irrigated,410,26.5,60,CC,CT,GG,AG,GG,CG,GG,AT,CC,CG,AA,CT,CC,AT,TT,GT,CG,TT,AT,AA,CC,TT,GT,CC,TT,CC,TT,AT,GG,AA,TT,CC,AG,CC,GG,GG,GG,CG,GG,AC,TT,CT,AA,TT,AG,AA,CT,TT,CC,AC,GG,AA,AG,GG,CC,GT,AA,CC,GG,AC,AA,TT,AT,AA,TT,TT,CC,GG,TT,GT,AG,GT,CC,AA,GG,AA,AT,GG,TT,TT,GG,GG,GG,CC,AA,GG,AA,AA,CC,GT,AC,GT,CT,TT,TT,GG,CT,CC,GG,CC,CC,CC,GG,AG,TT,TT,CC,AG,AA,AA,CT,GG,TT,CC,TT,AC,AA,TT,CC,GG,CG,GG,CC,GG,TT,AA,CT,CC,CC,CC,AA,TT,CC,AA,CC,CC,AA,TT,NN,AA,GG,CC,CC,GG,AA,AG,AA,CC,GT,CC,CC,AA,AG,AG,GT,GG,AC,TT,TT,AG,CC,TT,TT,CT,CC,AA,TT,CT,AA,TT,GG,CC,AG,CC,CC,CC,GG,CC,AA,GG,AG,AC,TT,CC,GT,TT,GG,AT,AA,AG,TT,CC,GG,AA,CC,CC,GG,NN,AA,GG,TT,AA,AA,CC,GT,AA,AC,NN,TT,GG,TT,TT,AA,CG,GG,AA,CG,TT,GT,AA,GG,AA,CC,AA,TT,CC,TT,AA,CC,TT,GG,AA,CC,AG,CC,TT,TT,TT,GG,TT,AA,CC,AG,GG,CC,NN,GG,CC,GG,TT,AA,CC,TT,GG,CC,CC,AA,AG,CC,AT,NN,AT,AA,CC,CC,NN,TT,AA,GG,AA,AA,AC,AA,GG,AA,AA,AA,TT,CG,AC,AA,CC,AA,TT,AA,AA,GG,GG,GG,TT,AA,AG,TT,TT,TT,AA,TT,GG,GG,AA,8.01,Resistant,Low,Poor,Early
L0702,Warangal,Telangana,Rabi,Black Cotton,Irrigated,410,26.5,60,AA,TT,GG,AA,GG,CC,GG,TT,CC,CG,AA,CC,CG,AT,TT,GG,GG,TT,TT,AA,CC,TT,TT,CC,TT,CC,TT,AT,GG,AA,TT,CT,AA,CC,GG,GG,GG,CG,GG,CC,TT,CC,AC,TT,AA,AG,TT,AT,CC,AC,GG,AA,AA,GG,CT,TT,AA,AA,GT,AC,AA,GT,TT,AG,TT,TT,CC,GG,TT,GT,AA,GG,CC,AA,AG,AA,AT,GG,TT,CT,GG,GG,GT,CC,AA,AG,AA,AA,CC,GT,AC,TT,CT,TT,GG,GG,TT,CC,TT,CC,CT,CC,AG,AA,TT,TT,CC,AA,GG,AA,CT,GG,TT,CG,GT,AA,AC,TT,CC,AG,CC,GG,CC,GT,NN,AG,CC,CC,CC,CC,AA,TT,CC,AA,CC,CC,AA,TT,AA,AA,GG,CC,CG,AG,AG,AG,AT,CC,GG,CC,CC,AA,AA,GG,TT,GG,AC,TT,TT,GG,AC,TT,GT,TT,CC,AT,TT,TT,AA,TT,GG,CC,AA,CT,CC,CC,GG,CC,AA,GG,AG,CC,TT,CC,GG,GT,CC,AT,AA,AA,TT,CC,GG,AC,CC,CC,GG,GG,AA,GG,TT,AA,AA,CC,GG,AA,AC,AA,TT,GG,TT,TT,AA,GG,GT,AT,CG,TT,TT,AA,GG,AA,CC,AA,TT,CC,TT,AA,AC,TT,GG,AA,CC,AA,CC,TT,CT,TT,GG,TT,AA,AC,AG,GG,CC,CG,GG,CG,GG,TT,AA,CC,GT,GG,CC,CC,AA,GG,CG,AA,CG,AT,AA,AC,CC,AA,TT,AA,GG,AA,AA,AA,AA,AG,AA,AA,AA,TT,GG,AA,AG,CC,AC,CT,AA,AA,GG,GG,GG,TT,TT,AG,TT,TT,TT,AA,TT,GG,CG,AA,7.39,Resistant,Medium,Poor,Medium
L0703,Warangal,Telangana,Rabi,Black Cotton,Irrigated,410,26.5,60,AA,TT,AG,AA,GG,CC,GT,AT,CC,CG,AA,CC,CC,TT,TT,GT,GG,TT,AT,AA,CG,GT,TT,CC,TT,NN,GT,AT,GG,AA,TT,CT,AA,CC,GG,GG,GG,CG,GG,CC,TT,CT,AA,TT,AA,GG,TT,AT,CC,AC,GT,AA,AG,GG,CC,TT,AT,AA,GT,AC,AA,GT,TT,AG,TT,TT,CC,GT,TT,GG,AA,GG,AC,AA,AG,AC,AA,GG,TT,TT,GG,GG,GT,CC,AA,NN,AA,AT,NN,GT,CC,TT,CC,AT,TT,AG,TT,CC,GG,CC,CC,CC,AA,AA,AT,GT,CC,AA,AA,AA,CT,GG,TT,CC,TT,AA,AA,AT,CG,GG,GG,GG,CT,GT,CT,AA,CC,NN,CC,CG,AA,TT,CC,AA,CC,CC,AA,TT,AA,AA,GG,CC,CC,GG,AA,AA,AA,CC,GT,CC,CC,AA,AA,AG,TT,GG,AA,GT,TT,GG,CC,GT,GG,TT,CC,AA,TT,TT,AA,TT,CG,CC,AA,CC,CC,AC,CC,CC,AA,GG,AG,CC,TT,NN,TT,TT,GG,AT,AA,AA,TT,CC,CG,AA,AC,CC,GG,GG,AC,CG,TT,AC,AA,CC,GG,AT,NN,AA,TT,GG,TT,AT,AA,GG,TT,AA,GG,TT,TT,AA,GG,AA,TT,NN,TT,CC,TT,AA,CC,TT,CG,AG,CC,GG,CC,TT,CT,GT,GG,TT,AC,AC,AA,GG,CC,CC,GG,CC,GG,TT,AG,CC,GT,GG,CC,CC,AT,AG,CG,AA,CC,AA,AA,CC,CG,CC,TT,AA,GG,AA,AA,AA,AA,GG,AA,AG,AA,TT,CG,AC,AA,AC,AA,CT,AA,AA,CG,GG,GG,TT,AT,AA,TT,TT,TT,AG,AT,GG,GG,AA,6.06,Susceptible,Low,Premium,Early
L0704,Warangal,Telangana,Rabi,Black Cotton,Irrigated,410,26.5,60,AA,TT,GG,AG,GG,GG,TT,AT,NN,CC,AA,CC,CC,AA,TT,GT,CG,NN,TT,AG,CC,TT,GT,CC,TT,CC,TT,AT,GG,AA,CT,CC,AA,CC,GG,CG,GG,CG,GT,CC,TT,CC,AA,TT,AA,GG,TT,AT,CC,CC,GG,AA,AG,GG,CT,GT,AA,AA,GT,AC,AG,TT,AT,AA,CT,AT,CC,GG,TT,GG,AA,GG,CC,AA,GG,AA,TT,GG,TT,TT,GG,GT,GG,CC,AA,GG,AA,AA,CC,GT,CC,GT,CC,TT,TT,AG,CT,AC,TT,CC,CC,CC,AG,NN,TT,TT,CC,AA,AG,AC,CC,GG,GT,CG,TT,AA,AA,TT,CC,GG,GG,GG,CC,GT,TT,AA,CT,CC,CC,CC,AA,TT,CC,AA,CC,CC,AA,TT,AA,AA,GG,CC,CC,GG,AA,AA,AA,AC,GT,CC,CC,AG,AG,AG,TT,AG,AC,TT,CC,GG,AC,GT,GT,TT,CC,AA,TT,TT,AA,TT,GG,CC,AA,CC,CC,CC,GG,CC,AA,GG,AG,CC,TT,CC,GG,TT,CG,TT,AG,AA,TT,AC,CG,AC,CC,CC,GG,GG,AC,GG,TT,AA,AA,CC,GG,AA,AC,AA,AT,GT,TT,AA,AT,CG,GG,AA,CG,TT,TT,AA,GG,AA,CT,AA,TT,CC,TT,AA,CC,TT,GG,AG,CC,AG,CC,TT,CT,TT,GG,TT,AA,CC,AG,GG,CG,CC,GG,CC,GG,TT,AA,CG,GT,GG,CC,CC,AA,GG,CC,AA,CG,AA,AA,AA,GG,AC,TT,AA,GG,AA,AA,AA,AC,AA,AG,AA,AA,TT,GG,AC,AG,AC,AA,TT,AG,AA,GG,GG,GG,TT,AA,AA,TT,TT,TT,AG,AT,GG,GG,AA,7.41,Susceptible,Low,Premium,Late
L0705,Warangal,Telangana,Rabi,Black Cotton,Irrigated,410,26.5,60,AC,TT,AG,AA,GG,CC,GT,AT,CC,NN,AA,NN,CG,TT,TT,GG,GG,TT,TT,AA,CC,TT,GT,CC,TT,CT,TT,TT,GG,AA,TT,CC,AA,CC,GG,GG,GG,CC,GG,NN,TT,CC,AA,TT,AA,AG,CT,AT,CC,AC,GG,AA,AA,GG,CC,TT,AA,AA,GG,AC,AG,GT,AA,AA,TT,AT,CC,GG,TT,GG,AA,GT,CC,AA,GG,AC,AA,AG,TT,TT,GG,GT,GG,CC,AA,GG,AA,AA,CC,GT,AC,TT,CT,AT,TT,GG,TT,CC,GT,CT,CC,CG,AG,AA,TT,TT,CC,AA,GG,AA,CT,GG,TT,CC,GT,AA,AA,TT,CC,AG,CC,GG,CT,GT,CT,AG,CC,CC,CC,CC,AA,GT,AC,AA,CC,CC,AA,TT,AA,AA,GG,CC,CC,GG,AA,AA,AA,CC,GT,CC,CC,AA,AA,GG,TT,GG,AA,TT,CT,GG,AC,TT,GG,CC,CG,AT,TT,TT,AA,TT,GG,CC,AA,CC,CC,CC,GG,AC,AA,GG,AA,CC,TT,CC,TT,TT,CG,AT,AA,AA,TT,CC,CG,AA,CC,CC,GG,GG,AA,GG,TT,AA,AA,CC,GT,AA,AA,AA,AA,GG,TT,AT,AT,CG,GG,AT,CC,AT,TT,AA,GG,AA,CT,AA,TT,CC,CT,CC,CC,TT,GG,AA,CG,AA,AC,TT,TT,NN,GG,TT,AA,AA,AA,GG,CG,CC,GG,CC,GG,TT,AA,CC,GT,GG,CG,GG,AA,GG,NN,AA,CC,AA,AA,CC,CC,AA,TT,AA,GG,AA,AA,AA,AA,GG,AA,AG,AA,AT,GG,AA,AA,CC,AC,TT,AA,AA,GG,GG,GG,TT,AA,AA,GT,TT,TT,AA,TT,GG,GG,AA,6.89,Susceptible,Low,Standard,Medium
L0706,Warangal,Telangana,Rabi,Black Cotton,Irrigated,410,26.5,60,AC,TT,AG,AG,GG,CC,GG,AT,CC,CG,AA,CC,CC,TT,GT,GT,CG,TT,TT,AA,CC,TT,GG,CC,TT,CC,TT,TT,GG,AA,TT,CC,AA,CC,GG,GG,GG,CG,GG,CC,TT,TT,AA,TT,AA,AG,TT,TT,CC,AA,GT,AA,AA,GG,NN,TT,AA,AC,GG,AC,AA,TT,AT,AG,CC,TT,CC,GG,TT,GG,NN,GG,CC,AA,AG,AA,AA,NN,TT,TT,NN,GG,GG,CC,AA,GG,AA,AT,CC,GT,CC,TT,NN,TT,TT,GG,TT,CC,TT,CC,CT,CG,GG,AA,AT,TT,CC,AG,NN,AA,CT,GG,TT,CC,TT,AA,AC,TT,CC,AG,CG,GG,CC,GT,TT,AA,CT,CC,CC,CC,AA,TT,CC,AA,CC,CC,AA,TT,AA,AA,GG,CC,CC,GG,AA,NN,AA,CC,GT,CC,CC,AG,AA,AG,TT,GG,AA,TT,CT,GG,AA,TT,TT,TT,GG,AT,TT,TT,AA,TT,GG,CC,AG,CT,CC,AC,GG,AC,AA,GG,AA,CC,TT,CC,GT,TT,GG,AT,AA,AA,TT,CC,CG,AA,CC,CC,GG,GG,AC,GG,TT,AA,AA,CC,GT,AA,CC,AA,AT,GT,TT,TT,AT,CG,TT,AA,CG,TT,GT,AA,GG,AA,TT,AA,TT,CG,CT,AA,CC,TT,GG,AA,CG,GG,CC,TT,CT,GT,GG,TT,AA,CC,AG,GG,CC,CC,GG,CC,GG,AT,AA,CC,TT,GG,CC,CG,AA,GG,CG,AA,CC,AT,AA,AC,GG,AA,TT,AA,GG,AA,AC,AC,AA,AA,AA,AA,AG,TT,GG,AC,AG,AC,AA,TT,AA,AG,GG,GG,GG,TT,AA,AG,TT,TT,TT,AA,TT,GG,CG,AA,5.36,Moderate,Medium,Poor,Late
L0707,Warangal,Telangana,Rabi,Black Cotton,Irrigated,410,26.5,60,AC,CT,AG,AA,GG,CC,GG,AT,CC,CG,AA,CC,CC,TT,TT,GT,GG,TT,TT,AA,CC,GT,TT,CT,AT,CC,TT,TT,GT,AA,TT,CC,AA,CC,GG,CG,GG,GG,GG,CC,TT,CT,AA,TT,AA,AG,CC,AT,CC,CC,GG,AT,AA,GG,CC,GT,AA,AA,GT,AA,AA,GT,TT,GG,TT,NN,CC,GG,TT,TT,AG,GG,CC,AA,AG,CC,AA,GG,TT,TT,GG,GG,GG,CC,AT,NN,AG,NN,CC,GT,CC,TT,CT,TT,GT,GG,CT,CC,TT,CT,CC,CG,AG,AA,TT,TT,CC,AG,AA,AA,CC,GG,TT,CC,TT,AA,AA,TT,CC,GG,CC,GG,CC,GT,TT,AG,CC,CG,AC,CG,AA,TT,CC,AA,CC,CC,NN,TT,AG,AT,GG,NN,CC,AG,AA,AA,AA,AC,GG,CC,CC,AG,AG,AG,TT,GG,AC,TT,CT,GG,CC,GG,TT,TT,CG,AA,GT,TT,AA,AT,GG,CC,AG,CC,NN,CC,CG,CC,AA,GG,AG,CC,TT,CC,GG,TT,GG,TT,AG,AA,TT,AC,GG,AC,CC,CC,GG,GG,AC,GG,TT,AC,AG,CC,GG,AA,AC,AT,AA,GT,GT,AT,AA,GG,TT,AA,CC,TT,GT,AA,GG,AA,TT,AA,TT,CC,CT,AA,CC,CT,CG,AG,CC,AG,CC,TT,CT,TT,GG,TT,AA,AA,AA,GG,CC,CC,GG,CC,GG,TT,AA,CC,TT,AG,CC,CC,AA,AG,CG,AA,CC,AT,AA,CC,CC,AC,TT,AA,GG,AA,AA,AA,NN,AG,AA,AG,AA,TT,GG,AC,AG,CC,AC,CT,AA,AA,GG,GG,GG,TT,AA,AG,TT,TT,TT,AG,AA,GG,GG,AC,9.86,Resistant,Medium,Poor,Early
L0708,Warangal,Telangana,Rabi,Black Cotton,Irrigated,410,26.5,60,AC,TT,GG,AG,GG,CC,GG,TT,CC,CC,AA,CC,CG,TT,GT,GG,GG,TT,TT,AA,CC,TT,TT,CC,TT,CC,GT,TT,GG,AA,CT,CC,AA,CC,GG,GG,GG,CC,GG,NN,TT,CT,AA,TT,AG,GG,TT,AT,CC,AA,GG,AA,AG,GG,CC,TT,AA,AA,GG,AC,AG,TT,AA,AA,TT,AT,CC,GG,TT,GT,AA,GG,CC,AA,GG,AA,AT,GG,TT,TT,GG,GG,GT,CC,AA,GG,AA,AA,CG,TT,CC,TT,CC,TT,GT,AG,TT,AC,GT,CC,NN,CC,AA,AA,TT,TT,CC,AA,AG,AA,CT,GG,TT,GG,TT,AC,AA,TT,CG,GG,CG,GG,CC,GT,CT,AA,CC,CC,CC,CC,AA,TT,CC,AA,CC,CC,AA,TT,AA,AT,GG,CC,CC,GG,AA,AG,AT,CC,GG,CC,CG,AG,AA,GG,GT,AG,CC,TT,CT,GG,AC,GT,TT,TT,CC,TT,TT,TT,AA,TT,GG,CC,AA,CC,CC,CC,GG,AC,AA,GG,AG,CC,TT,CC,NN,GT,GG,AT,AA,AG,TT,CC,GG,AA,AC,CC,GG,GG,AA,GG,TT,CC,AA,NN,GG,AA,CC,AA,AT,GT,GT,AT,AA,GG,GT,AT,CG,AT,GT,AA,GG,AA,CT,AA,TT,CC,TT,AA,CC,TT,CG,NN,CC,AG,CC,TT,CT,GT,GG,TT,AA,AC,AG,GG,CG,CC,GG,CC,GG,AT,AA,CG,TT,GG,CG,CC,AT,GG,CC,AA,CG,AA,AA,CC,CG,CC,TT,AA,GG,AA,AA,AA,AA,AG,AA,AA,AG,TT,GG,AA,AA,CC,AC,TT,AA,AA,GG,GG,GG,TT,AA,AG,TT,TT,TT,AG,TT,GG,GG,AA,8.64,Moderate,Low,Poor,Medium
L0709,Warangal,Telangana,Rabi,Black Cotton,Irrigated,410,26.5,60,CC,CT,GG,AA,GG,CC,GT,TT,CC,CC,AA,CT,CG,AT,TT,GG,GG,TT,TT,NN,CC,GT,GT,CC,TT,CC,TT,AT,GG,AA,TT,CT,AG,CC,GG,GG,NN,NN,GG,CC,TT,CT,AA,GT,NN,AG,TT,AT,CC,AC,GG,AT,AA,GG,CT,TT,AA,AA,TT,AC,AG,GT,AT,AG,TT,AT,CC,GG,TT,GG,AA,GG,CC,AG,GG,AA,AT,GG,TT,TT,GG,GG,GT,CC,AT,GG,AA,AA,CC,GT,AC,TT,CC,TT,GT,AG,TT,CC,NN,CC,CC,CC,AA,AA,TT,TT,CC,AA,AA,AA,CC,GG,TT,CC,TT,AC,AA,AT,CG,GG,CC,GG,CC,GG,CT,AA,TT,CG,CC,CC,AA,TT,CC,AA,CC,CT,AA,TT,AA,AT,GG,CC,CC,GG,AA,AA,AT,CC,GG,CC,CC,AA,AA,GG,TT,AG,CC,TT,TT,GG,AC,TT,TT,TT,CG,AA,GT,TT,AA,AT,GG,CC,AA,CT,CC,CC,CG,AC,AA,GG,AG,CC,TT,CC,GT,GG,GG,AA,AA,AA,GT,CC,GG,AC,AC,CC,CG,GG,AC,GG,TT,AC,AA,CC,GG,AT,AA,AA,AT,GT,GG,AT,AT,GG,GG,AA,CC,AT,GT,AA,GG,AG,TT,AA,TT,CC,TT,AC,CC,TT,GG,AG,CG,AG,CC,TT,CT,GT,GG,TT,AA,AC,AA,GG,CC,CC,GG,CC,GG,TT,AA,CC,TT,GG,CC,CC,AT,GG,GG,AT,CG,AA,AA,AC,CC,CC,TT,AA,CG,AA,AA,AA,AA,GG,AG,AA,AA,TT,GG,AA,AA,CC,AC,CT,AA,AA,CG,GG,GG,GT,AA,AA,GT,TT,NN,AA,TT,GG,GG,AA,5.4,Susceptible,Medium,Poor,Early
L0710,Warangal,Telangana,Rabi,Black Cotton,Irrigated,410,26.5,60,AC,CT,GG,AG,GG,CC,GT,AT,CC,CG,AT,CC,CG,NN,TT,GG,GG,TT,TT,AA,CC,TT,TT,CC,TT,CC,GT,AA,GG,NN,TT,CC,AA,AC,GG,GG,GG,CC,NN,AC,TT,CT,AA,TT,NN,GG,TT,AT,CC,AC,GT,AA,AA,GG,CT,TT,AA,AA,GT,AA,AA,GT,AT,AG,TT,TT,CC,GG,TT,GG,AA,GG,CC,AA,GG,AA,AT,GG,TT,TT,GG,GT,GG,CC,AA,GG,AA,AA,CC,GT,CC,TT,CC,TT,GT,GG,TT,CC,GT,CC,CC,CC,AA,AA,TT,TT,CC,AA,NN,AA,CT,GT,TT,CG,TT,AA,AA,TT,CC,GG,CC,GG,CC,GG,CT,AA,CC,CC,AC,CC,AA,TT,AC,AA,CC,CC,AA,TT,AA,AA,GG,CC,CC,GG,AA,AG,AA,CC,GG,CC,CC,AA,AG,GG,TT,AG,AA,TT,CT,GG,AC,TT,TT,TT,CG,TT,GT,TT,AA,TT,GG,CC,AA,TT,CC,CC,CG,CC,AA,GG,AG,CC,TT,CC,GT,TT,GG,TT,AA,AA,TT,CC,GG,NN,CC,CC,GG,AG,AA,GG,TT,AC,AA,CC,GG,AA,AC,AA,AT,GG,TT,TT,TT,GG,GT,AA,CG,TT,GT,AA,AG,AA,TT,AA,TT,CC,CT,AA,CC,TT,GG,AA,CC,AG,CC,TT,TT,GT,GG,TT,AA,CC,AA,GG,CC,CG,GG,CC,GG,TT,AA,CC,TT,GG,CC,GG,AA,AG,CC,AT,CC,AA,AA,AC,CG,AC,AT,AA,GG,AA,AA,AC,AC,AA,AG,AG,AA,TT,CG,AA,AG,AA,AA,CT,AG,NN,GG,GG,GG,TT,AT,AA,TT,TT,TT,AG,TT,GG,GG,AA,4.81,Susceptible,Medium,Standard,Early
L0711,Warangal,Telangana,Rabi,Black Cotton,Irrigated,410,26.5,60,NN,CT,GG,AG,GG,CC,GT,TT,CC,CG,AA,CC,CG,AT,TT,GG,CG,TT,TT,AA,CC,TT,TT,CC,TT,CC,TT,AT,GG,AA,CT,CT,AA,CC,GG,GG,GG,CC,GG,CC,TT,TT,AA,TT,AA,GG,TT,AT,CC,AC,GG,AA,AG,GG,CC,TT,AA,AC,GG,AC,AA,TT,TT,AA,CT,TT,NN,GG,TT,GG,AG,GG,CC,AA,GG,AC,AT,GG,GT,TT,GG,GG,GG,CC,AA,GG,AA,AA,CC,GT,AC,TT,CC,AT,TT,GG,CT,AC,GT,CC,TT,CC,AA,AA,TT,TT,CC,AA,AG,AC,CC,GG,TT,CG,GT,AC,AA,TT,CC,GG,CG,GG,CC,GG,TT,AA,CC,CC,AC,CC,AG,TT,AC,AA,CC,CC,AA,AT,AG,AA,GG,CC,CC,GG,AA,AA,AA,CC,GG,CC,CC,AA,AA,GG,TT,AG,NN,TT,CT,GG,AC,GT,TT,TT,CC,AA,TT,TT,AT,AT,GG,CC,AA,CT,CC,CC,GG,NN,AA,AG,GG,AC,TT,CC,GT,GG,CG,AA,AA,AA,TT,CC,GG,AA,AC,CC,GG,GG,AA,GG,TT,AC,GG,CC,GG,AA,AC,AA,AA,GG,TT,TT,AA,GG,GG,AA,CC,TT,TT,AA,GG,AA,TT,AA,TT,CC,TT,AC,CC,TT,CG,AA,CG,AA,CC,TT,TT,GT,GG,TT,AA,CC,AA,GG,CC,CC,GG,CC,GG,AA,AG,CC,TT,GG,CC,CC,AA,GG,CC,AA,CG,AA,AA,AA,CG,AC,NN,AA,GG,AA,AA,AA,AA,AG,GG,AA,AA,TT,NN,AC,AA,CC,AC,TT,AA,AA,GG,GG,GG,GT,AA,AG,TT,TT,TT,AG,TT,GG,GG,AC,7.85,Resistant,High,Standard,Early
L0712,Warangal,Telangana,Rabi,Black Cotton,Irrigated,410,26.5,60,AC,TT,AG,AA,CG,CG,GG,TT,CC,CG,AA,CC,CC,TT,TT,GG,GG,TT,TT,AA,CC,GT,TT,CT,TT,CC,GT,AT,GG,AA,TT,CT,AA,CC,GG,GG,GG,CC,GG,CC,TT,CC,AC,NN,AA,AG,CT,AT,CC,AC,GG,AA,AG,GG,CC,GT,AA,AA,GT,AC,AA,TT,TT,AA,TT,TT,CC,GG,TT,GT,AA,GG,CC,AA,AG,AA,AA,GG,TT,TT,GG,GG,GG,CC,AA,GG,AG,AA,CG,GT,AC,TT,CC,TT,TT,GG,CT,CC,TT,CC,CT,CC,GG,AA,TT,TT,CC,AA,AA,AA,CC,GG,TT,CC,TT,AA,AA,TT,CG,GG,CC,GG,CT,GG,CT,AG,CT,CC,CC,CC,AA,GT,CC,AA,NN,CC,AA,TT,AA,AT,GG,CC,CC,NN,AA,AA,AA,CC,GG,CC,CC,AA,AA,GG,TT,GG,AC,TT,TT,GG,AA,TT,TT,TT,CG,AT,TT,TT,AT,TT,GG,CC,AG,CC,CC,CC,CG,CC,AA,GG,GG,NN,TT,CC,GG,TT,NN,TT,AA,AA,TT,CC,GG,AA,AC,CC,GG,GG,AA,CG,TT,AA,AA,CC,GG,AA,CC,AA,AT,GT,GT,TT,AT,GG,GG,AT,CC,TT,GT,AA,GG,AA,TT,AA,TT,CC,TT,AA,CC,CT,GG,AG,CC,AA,CC,TT,TT,TT,GG,TT,AA,CC,AG,GG,CC,CC,GG,CC,NN,AT,AG,CC,TT,GG,CG,GG,AA,GG,CG,AA,CC,AA,AA,CC,CG,AC,TT,AA,GG,AA,AA,CC,AA,AA,AA,AG,AA,NN,CG,AA,AA,AC,AA,CT,AG,AA,GG,GG,GG,TT,AA,AA,TT,TT,TT,AG,NN,GG,GG,AA,7.68,Susceptible,Low,Poor,Early
L0713,Warangal,Telangana,Rabi,Black Cotton,Irrigated,410,26.5,60,AA,TT,GG,NN,GG,CC,GT,TT,CC,CC,AA,CC,CG,TT,TT,GG,GG,TT,TT,AG,CC,TT,TT,CT,TT,CC,GT,TT,GT,AA,TT,CC,AA,NN,GG,CG,GG,CC,GG,CC,TT,TT,AA,TT,AA,GG,TT,TT,CC,AC,GT,AA,AG,GG,CT,TT,AA,NN,TT,AA,AA,TT,TT,AA,TT,TT,CC,GG,TT,GG,AA,GG,CC,AA,GG,AA,AT,GG,TT,TT,GG,GG,GG,CC,AT,GG,AA,AA,CC,TT,CC,TT,CC,TT,TT,AG,CT,AC,GG,CC,CT,CG,AG,AA,TT,TT,CG,AA,AA,AA,CC,GG,TT,CG,TT,AC,AC,AT,CC,GG,NN,GG,CT,GG,TT,AA,CC,CC,CC,CC,AA,GT,CC,AA,CC,CC,AG,TT,AA,TT,GG,CT,CC,GG,AA,AA,NN,CC,GG,CC,CC,AA,GG,GG,TT,GG,AA,TT,TT,GG,AC,GG,TT,TT,CC,AT,TT,TT,AA,AT,GG,CC,AA,CT,AC,CC,GG,CC,AA,GG,AA,CC,TT,CC,GT,TT,GG,AT,AA,AA,TT,CC,GG,AC,CC,CC,NN,GG,AA,GG,TT,AC,AG,CC,GT,AA,CC,AA,AA,GT,TT,TT,AA,GG,GT,AA,CC,AT,TT,AA,GG,AA,TT,AA,TT,CC,TT,AC,AC,CT,CG,AG,CG,AA,CC,NN,TT,GT,GG,TT,AC,AC,NN,GG,CC,CC,GG,CC,GG,TT,AA,CC,TT,GG,CG,CC,AT,GG,CC,NN,CG,AA,AA,CC,CG,CC,TT,AA,GG,AA,AA,AA,AA,GG,AG,AA,AA,TT,GG,AC,GG,CC,CC,TT,AA,AA,CG,GG,GG,TT,AA,AG,TT,TT,TT,AA,AT,CG,GG,AA,6.23,Susceptible,Medium,Poor,Early
L0714,Warangal,Telangana,Rabi,Black Cotton,Irrigated,410,26.5,60,AA,TT,AG,AA,GG,CC,GT,AT,CC,CG,AA,CC,CC,TT,GT,GT,GG,TT,TT,AA,CC,GT,GT,CT,TT,CC,GT,TT,GG,AA,TT,CT,AA,CC,AG,GG,GG,CC,GG,CC,TT,CT,AA,GT,AA,GG,TT,TT,CC,AC,GT,AT,AA,GG,CC,TT,AA,AA,GT,AA,AA,TT,AT,AA,TT,TT,CC,GG,TT,GT,AA,GG,CC,AA,GG,AC,AA,AA,TT,CT,GG,GG,GG,AC,AT,GG,AA,AT,CG,GT,CC,TT,CT,TT,TT,GG,TT,CC,GT,CC,CC,CG,AG,AA,TT,TT,GG,AG,AG,AA,TT,GG,TT,CG,TT,AA,AA,TT,NN,GG,CC,AG,CC,GG,CT,AA,CT,CC,CC,NN,AA,TT,AA,AA,CC,CC,AA,TT,AA,AA,GG,CC,CC,GG,AA,GG,AA,CC,GT,CC,CC,AA,AA,AG,GT,GG,AA,TT,TT,GG,AC,GT,GT,CT,CC,AA,GT,CT,AA,TT,GG,CC,AG,CC,CC,CC,GG,CC,AA,GG,AA,CC,TT,CC,GT,TT,GG,AT,AA,AA,TT,CC,GG,AC,CC,CC,GG,GG,AC,GG,TT,AA,AG,CC,GT,AA,CC,AT,AT,GG,TT,AT,AT,GG,TT,AT,CC,TT,GT,AA,GG,AA,TT,AA,NN,CC,CT,AA,CC,TT,CC,AA,CC,AG,CC,TT,TT,GT,GG,AT,AA,CC,AG,GG,CC,CG,GG,CC,GT,AT,AA,CG,TT,GG,CC,CC,NN,GG,CC,AA,CG,AA,AA,AC,CC,CC,AT,AA,GG,AA,AA,AC,AA,AG,AG,AA,AA,TT,GG,AA,NN,AC,AC,CT,AA,AA,CG,GG,CG,TT,AT,AA,TT,TT,TT,AG,TT,GG,GG,AA,5.56,Resistant,Low,Premium,Early
L0715,Warangal,Telangana,Rabi,Black Cotton,Irrigated,410,26.5,60,CC,TT,GG,AG,GG,CC,GT,TT,CC,CC,AA,CC,CG,TT,TT,GG,CG,TT,TT,AA,CC,GT,GG,CT,TT,CC,GT,TT,GG,AA,TT,CT,AA,CC,GG,CG,NN,CG,GG,CC,TT,CC,AA,GT,AG,AG,TT,AT,CC,NN,GG,AA,AG,GG,CC,TT,AA,AC,GT,AC,AA,TT,TT,AA,TT,TT,CC,GG,TT,GG,AA,GG,CC,AA,GG,AA,AT,GG,GT,TT,GG,GG,GG,CC,AA,GG,AG,AA,CC,GT,AC,TT,CT,TT,TT,GG,TT,CC,GG,CC,NN,CG,GG,AA,TT,TT,CC,AA,AG,AA,CT,GG,TT,CC,TT,AC,AA,TT,CC,AA,CC,GG,CT,GG,CT,AA,CT,CC,CC,CC,AG,GT,AC,AA,CC,CT,AA,AT,AA,AA,GG,CT,CG,GG,AA,AG,AA,AC,GG,CC,CC,AA,AA,GG,TT,GG,CC,GT,CT,GG,AA,TT,TT,TT,CC,AT,GT,TT,AA,TT,GG,CG,AA,CC,CC,CC,GG,CC,AA,GG,AA,CC,TT,CC,GT,TT,GG,TT,AA,AA,TT,CC,GG,AA,CC,CC,GG,GG,AC,GG,TT,AA,AA,CC,GG,AT,CC,AT,AA,GG,TT,AT,AA,CG,GG,AT,CC,TT,GT,AA,GG,AA,TT,AA,TT,CC,TT,AA,CC,CT,GG,GG,CC,AA,CC,TT,TT,GT,CG,TT,AA,AC,AA,GG,CC,CC,GG,CC,GG,AT,AG,CC,TT,GG,CC,CC,AA,GG,CC,AA,CC,AA,AA,AA,CC,AC,TT,AA,GG,AA,AC,AA,AA,AG,AA,AG,AA,TT,GG,AA,AA,CC,AC,TT,AA,AG,GG,GG,GG,TT,AA,AG,GT,TT,AT,AG,TT,NN,NN,AA,7.81,Susceptible,Medium,Poor,Early
L0716,Warangal,Telangana,Rabi,Black Cotton,Irrigated,410,26.5,60,AC,TT,GG,AA,GG,CC,GT,TT,CC,CC,AA,CT,CC,AT,TT,GG,CG,TT,TT,GG,CC,GT,GT,CC,TT,CC,TT,TT,GG,AA,CT,CC,AA,CC,GG,CG,GG,CC,GG,CC,TT,TT,AA,TT,AA,GG,TT,TT,CC,AA,GG,AA,AA,GG,CT,TT,AT,AA,GT,AA,AA,TT,AT,AA,CT,NN,CC,GG,TT,GG,AA,GG,CC,AA,GG,AC,AA,GG,TT,TT,GG,GT,GT,CC,AA,GG,AA,AA,CC,TT,AC,TT,CC,TT,TT,GG,TT,CC,GT,CC,CT,CG,AG,AA,TT,TT,CC,AA,GG,AC,TT,GG,TT,CC,TT,AA,AA,TT,CC,AG,CG,GG,CC,GT,CT,AA,TT,CG,CC,CC,AA,TT,CC,AA,CC,CT,AG,TT,AA,AA,GG,CC,CC,GG,AA,AA,AA,CC,GG,CC,CC,AA,AA,GG,TT,GG,AA,TT,CT,GG,CC,GT,TT,TT,CC,AA,GT,CT,AA,TT,GG,CG,AA,CC,CC,CC,GG,CC,AA,GG,AG,CC,TT,CC,GG,TT,GG,TT,AA,AA,GT,CC,GG,AC,AC,CC,GG,GG,AA,GG,TT,AA,AA,CG,GG,AA,AC,AA,TT,GT,TT,AT,AT,CG,GT,AA,CG,AT,TT,AA,GG,AA,TT,CC,TT,CG,CT,AC,AA,TT,CC,GG,CC,GG,CC,TT,CT,GT,CG,TT,AA,CC,AA,GG,CC,CC,GG,CC,GG,AT,AA,CG,GT,GG,CC,CC,AA,GG,CC,AT,CC,AA,AA,AC,GG,AC,TT,AA,GG,AA,AA,AA,AA,AG,AG,AA,AA,AT,CG,AA,AA,AC,AA,TT,AA,AA,GG,AG,GG,TT,AA,AG,TT,TT,TT,AA,TT,GG,GG,AA,6.94,Moderate,Low,Premium,Medium
L0717,Warangal,Telangana,Rabi,Black Cotton,Irrigated,410,26.5,60,CC,TT,GG,AG,GG,CC,GG,TT,CC,CC,AA,CC,CC,AT,GT,GT,CG,TT,TT,AG,CG,TT,TT,CT,TT,CC,TT,TT,GG,AA,TT,CC,AA,CC,AG,GG,GG,CC,GG,CC,TT,CT,AA,TT,AA,AG,TT,TT,CC,CC,NN,AA,AA,GG,CC,TT,AA,AC,GG,AA,AG,TT,TT,AA,TT,AT,CC,GG,TT,GG,AG,GG,AC,AG,GG,AC,AA,GG,GT,CT,GG,GT,GG,NN,AA,AG,AA,AA,CC,GT,CC,TT,CT,AT,TT,GG,CT,CC,GG,CC,CT,CC,AG,AA,TT,TT,CC,AA,AG,AA,CT,GG,TT,CC,TT,AA,AA,AT,CC,AG,CC,AG,CC,GG,TT,AA,CC,CC,AC,CC,AA,GT,CC,AA,CC,CC,AA,TT,AA,AA,CG,CT,CC,GG,AA,GG,AA,CC,GG,CC,CC,NN,AG,GG,GT,GG,AA,TT,CT,GG,AC,GT,GT,TT,CC,AT,TT,TT,AT,TT,GG,CC,AA,CT,CC,CC,GG,CC,AA,GG,GG,CC,TT,CG,GT,TT,GG,AT,AA,AA,TT,CC,GG,AC,CC,CG,GG,GG,AC,CG,TT,AA,AA,CC,GG,AA,AC,AA,AT,GG,TT,AT,AA,GG,TT,TT,CG,TT,GT,AA,GG,AA,TT,AA,TT,CC,TT,AA,CC,TT,CG,AA,CC,AG,CC,TT,TT,GT,GG,TT,AA,CC,AA,GG,CC,CG,GG,CC,GG,AT,AA,CC,GT,GG,CC,CC,AA,AG,CC,AT,CG,AA,AA,CC,CC,CC,AT,AG,CG,AA,AA,AA,AA,GG,AG,AG,AA,TT,GG,AC,AG,CC,AA,TT,AA,AA,CG,GG,GG,TT,AA,AA,GT,AT,TT,AG,AT,GG,GG,AA,8.09,Resistant,Medium,Poor,Early
L0718,Warangal,Telangana,Rabi,Black Cotton,Irrigated,410,26.5,60,AA,TT,AG,AA,GG,CC,GT,TT,CC,CG,AT,NN,CC,AT,TT,GG,CC,TT,TT,AG,CG,GT,GT,CT,AT,CT,TT,TT,GG,AA,TT,CC,AA,CC,GG,CG,GG,CC,GG,CC,TT,CT,AC,TT,AG,GG,CT,TT,CC,CC,GG,AA,AA,GG,CC,TT,AA,AA,GT,AA,AA,TT,AT,AA,TT,TT,CC,GT,TT,GG,AG,GG,CC,AA,GG,AA,TT,GG,TT,TT,GG,GG,GT,CC,AA,GG,AA,AT,CC,GT,AC,TT,CT,NN,GT,GG,CT,AC,TT,CC,CT,CC,AG,AA,AT,GT,CC,AA,AA,AC,CC,GG,TT,CC,TT,AA,AA,TT,CC,AG,CG,GG,CT,GG,TT,AA,CC,CC,CC,CC,AA,GT,AC,AA,CC,NN,AA,NN,AA,AT,GG,CT,CC,GG,AA,AA,AA,AC,GG,CC,CC,AG,AG,GG,TT,AG,AC,GT,CC,AA,CC,TT,TT,TT,CC,TT,TT,TT,AA,TT,GG,CC,AG,CT,CC,CC,CG,CC,AA,GG,AG,CC,TT,CC,TT,TT,GG,TT,AA,AA,TT,CC,NN,AA,CC,CC,GG,GG,AA,CG,TT,AA,AG,CC,GG,AA,CC,AA,AA,GT,TT,AT,AT,GG,GG,AA,CC,AT,TT,AA,GG,AG,CT,AA,TT,CC,TT,AA,CC,TT,GG,AG,CC,AA,CC,TT,CT,GT,GG,TT,NN,AC,AA,GG,CC,NN,GG,CC,GG,TT,AA,CC,GT,GG,CC,CC,AA,AG,CC,AA,CC,AA,AA,CC,CC,CC,TT,AA,GG,AA,AA,AC,AA,GG,AA,AG,AA,TT,GG,AA,AG,AA,AA,TT,AA,AA,NN,GG,GG,TT,AT,AA,TT,TT,TT,AG,AT,GG,GG,AA,6.11,Susceptible,Medium,Standard,Medium
L0719,Warangal,Telangana,Rabi,Black Cotton,Irrigated,410,26.5,60,AC,TT,GG,AA,CG,CC,GG,AT,CC,CG,AT,CC,CG,AT,GT,GG,GG,TT,TT,AA,CG,NN,NN,CT,AT,CC,TT,TT,GG,AA,TT,CC,AA,CC,GG,CG,GG,GG,GG,CC,TT,CC,AA,GT,AA,AG,TT,TT,CC,AA,GG,AA,AA,GG,CC,GT,AA,NN,GG,AC,AA,TT,TT,AA,TT,AT,CC,GG,TT,GT,AA,GG,CC,AA,GG,CC,AT,GG,TT,TT,GG,GT,GG,CC,AA,GG,AA,AA,CC,GT,AC,TT,CC,TT,GG,GG,TT,CC,GG,CC,NN,CC,AA,AA,AT,TT,CC,AA,AA,AA,CT,GG,TT,CC,GT,AC,AA,AT,CC,GG,CC,GG,CC,GG,CC,AG,CC,CC,CC,CC,AG,TT,CC,AA,CC,TT,AA,TT,AA,AA,GG,CC,CC,GG,AA,GG,AA,CC,GG,CC,CC,GG,GG,AG,GT,GG,AC,TT,TT,GG,AC,GT,GT,TT,CC,AT,TT,TT,AA,AT,CG,CG,AG,TT,CC,CC,CG,CC,AA,GG,AA,CC,TT,CC,TT,GT,CG,AT,AA,AG,TT,CC,CG,AA,CC,CC,GG,GG,AC,GG,TT,AC,AA,CC,TT,AA,CC,AA,AA,GG,GT,TT,AT,GG,GG,AA,CC,NN,GT,AA,GG,AA,TT,AA,TT,CC,CT,AA,CC,TT,GG,AG,CC,AG,CC,TT,TT,TT,GG,TT,AA,CC,AA,GG,CC,CC,GG,CC,GG,TT,AA,CC,TT,GG,CC,CG,AA,AG,CG,AA,CC,AA,AA,AC,CG,AC,TT,AA,GG,AA,AA,AA,AC,AA,AG,AG,AA,TT,GG,AC,AA,CC,AA,CT,AA,AA,GG,GG,CG,TT,AA,AA,GT,TT,TT,AA,TT,GG,GG,AA,7.89,Susceptible,Low,Poor,Early
L0720,Warangal,Telangana,Rabi,Black Cotton,Irrigated,410,26.5,60,AC,TT,GG,AG,GG,CC,GG,AT,CC,GG,AA,CC,CC,TT,TT,GG,GG,TT,TT,AG,CC,GT,GT,CT,TT,CT,TT,TT,GG,AA,CT,CT,AG,CC,GG,CC,GG,CG,GG,CC,TT,CT,AA,GG,AG,GG,TT,NN,CC,CC,GG,NN,AA,CG,CC,TT,AA,AA,GT,AC,AA,TT,AA,AG,TT,AT,CC,GG,TT,GT,AA,GG,CC,AA,GG,AA,AA,GG,GT,TT,GG,GT,GT,CC,AA,GG,AA,AA,CC,GT,CC,TT,CC,TT,TT,GG,CT,CC,TT,CC,CC,GG,AG,AA,TT,TT,CC,AA,AG,AA,CC,GG,TT,CC,TT,NN,AA,TT,CC,GG,CC,AG,CC,GG,TT,AA,CC,CC,CC,CC,AA,GG,CC,AA,CC,CC,NN,TT,AA,AA,CG,CT,CC,GG,AA,AG,AA,AC,GT,CC,CC,AG,GG,GG,TT,GG,AC,TT,CT,GG,CC,GG,GT,TT,CC,AT,GT,TT,AA,TT,CG,CC,NN,CT,CC,CC,CG,CC,AA,GG,AA,CC,TT,CC,GG,GT,GG,TT,AA,AA,TT,CC,GG,AA,AA,CC,GG,GG,AC,CG,TT,AA,AA,CC,GT,AT,CC,AA,AA,GG,TT,TT,AA,GG,GG,TT,CC,AT,TT,AT,GG,AA,CC,AA,TT,CC,TT,AA,CC,TT,NN,AG,CC,AG,AC,TT,TT,GT,GG,TT,AA,AC,AA,GG,CC,GG,GG,CG,GG,AT,AA,CC,TT,AG,CG,CC,AT,NN,CG,AA,CC,AA,AA,CC,GG,AC,TT,AG,GG,AA,AA,AC,AA,GG,GG,AG,AA,TT,CG,AA,AG,CC,AA,CT,AA,AA,GG,GG,CG,GT,AA,AG,TT,TT,TT,AG,AT,CG,GG,AA,6.2,Susceptible,Low,Premium,Late
L0721,Warangal,Telangana,Rabi,Black Cotton,Irrigated,410,26.5,60,AA,TT,AG,AG,GG,CC,GT,TT,CG,CG,AT,CC,CG,TT,TT,GG,GG,TT,TT,AA,CC,NN,GT,CC,AT,CC,TT,TT,GG,AA,TT,CC,AA,CC,GG,CG,GG,CC,GG,CC,TT,CT,AA,TT,NN,AG,CT,TT,CC,AA,GG,AA,AA,GG,CC,TT,AA,AA,GG,AA,AA,TT,AT,AG,TT,AT,CC,GG,TT,GG,AG,GG,CC,AA,AA,AA,AT,GG,TT,TT,GG,GG,GG,CC,AT,GG,AA,AA,CC,TT,CC,TT,CT,TT,TT,GG,TT,CC,TT,CC,CC,CC,GG,AA,AT,GT,CC,AA,AG,CC,TT,GG,TT,CC,TT,AC,AA,AT,CC,GG,CG,GG,CC,GG,TT,AG,CT,CC,CC,CC,AA,TT,CC,AA,CC,CT,AA,TT,AA,AA,CG,CC,CC,GG,AA,AA,AA,AC,GG,CC,CC,AA,GG,GG,GT,AA,AA,TT,TT,GG,CC,TT,GT,TT,CG,TT,GT,CT,AT,NN,CG,CC,AG,CT,CC,CC,GG,CC,AA,AG,AG,CC,TT,CG,GT,GG,CG,AT,AA,AA,TT,CC,CG,AA,CC,CC,GG,GG,AA,GG,TT,AC,AA,CC,GT,AA,AC,AA,AT,GG,GT,AA,TT,GG,GT,AT,GG,AA,GG,AA,GG,AA,CT,AC,TT,CC,TT,NN,CC,TT,CG,AA,CC,AG,CC,TT,TT,TT,GG,TT,AA,CC,AG,NN,CG,GG,GG,CC,GG,AT,AA,CC,TT,GG,CC,CG,AT,AG,GG,AA,GG,AA,AA,CC,GG,CC,TT,NN,GG,AA,AA,AA,AC,AA,AA,AA,AA,AT,GG,AA,AG,AA,AA,TT,AA,AA,GG,GG,GG,GT,AA,AA,GT,TT,TT,AG,TT,GG,GG,AA,6.57,Susceptible,Medium,Poor,Early
L0722,Warangal,Telangana,Rabi,Black Cotton,Irrigated,410,26.5,60,AA,TT,GG,AA,GG,CC,GT,TT,CC,CG,AT,CT,CG,TT,TT,GG,GG,TT,TT,AA,CG,TT,GG,CC,TT,CC,TT,TT,GG,AC,TT,CT,AA,CC,GG,GG,GG,CG,GG,CC,GT,TT,AC,TT,AA,GG,TT,TT,CC,CC,GT,AA,AG,GG,CC,TT,AA,AA,GT,AC,AA,GT,AT,AG,TT,AA,CC,GG,TT,GT,AG,GT,CC,AA,AG,NN,AA,GG,GG,TT,GG,GT,GG,AC,AT,GG,AA,AA,CC,TT,AC,TT,CT,AT,GT,GG,TT,CC,GT,CC,CT,CG,GG,AA,TT,TT,CC,AA,AA,AC,CC,GG,TT,CC,TT,AA,AA,TT,CG,AA,CC,GG,CC,GT,TT,AA,CT,CC,CC,CC,AA,NN,CC,AA,CC,CC,AA,TT,AA,AA,CG,TT,CC,GG,AA,GG,AA,CC,GG,CC,CC,AA,AA,GG,TT,AG,AA,TT,CT,AA,CC,GT,GT,TT,CC,AA,GT,TT,AA,AT,GG,NN,AA,CT,CC,CC,GG,CC,AA,GG,AG,CC,TT,CG,GT,TT,GG,TT,AA,AG,TT,CC,CG,AA,CC,GG,GG,GG,AA,GG,TT,AA,AG,CC,GG,AT,CC,AA,AA,GG,TT,TT,AT,GG,GT,AA,CC,TT,GG,AA,GG,AA,CT,AC,TT,CC,TT,AA,CC,CT,CG,GG,CG,AG,AA,TT,TT,GT,GG,TT,AA,CC,AA,GG,CC,CG,GG,CC,GG,AT,AA,CC,TT,NN,CC,CG,AA,GG,CG,AA,CC,AA,AA,NN,CC,CC,TT,AG,GG,AA,AA,AC,AC,AG,AA,AA,AA,TT,GG,AA,AA,CC,AA,CT,AA,AA,GG,GG,GG,TT,AA,AG,TT,TT,TT,AG,AA,GG,GG,AA,5.28,Moderate,High,Premium,Late
L0723,Warangal,Telangana,Rabi,Black Cotton,Irrigated,410,26.5,60,AC,CT,GG,GG,GG,CG,GT,AT,CC,CG,AA,CC,CG,AT,TT,GT,CG,TT,TT,AG,CC,TT,TT,CC,TT,CC,TT,AT,GG,AA,TT,CC,AA,CC,GG,GG,GG,CG,GG,CC,TT,TT,AA,TT,AA,AG,CT,TT,CC,CC,GT,AA,GG,GG,CC,TT,AA,AC,TT,AA,AA,TT,TT,AA,TT,AT,CC,GG,TT,TT,AG,GG,CC,AA,GG,AC,AA,GG,GT,TT,GG,GT,GT,CC,AA,GG,AA,AA,CC,TT,CC,TT,CC,TT,TT,GG,TT,CC,GT,CC,TT,CG,AA,AA,TT,TT,CG,AA,AG,AA,CC,GG,GT,CC,TT,AA,NN,AT,CC,AG,CC,GG,CC,GT,TT,AA,CC,CC,CC,CC,AA,TT,CC,AA,CC,CC,AA,TT,AA,AA,GG,CT,CC,GG,AA,GG,AA,AC,GG,CC,CC,AG,AA,GG,GT,AG,AC,GT,TT,GG,AC,TT,TT,TT,CC,AT,TT,TT,AA,AT,GG,CC,AA,CT,AC,CC,CG,CC,AA,GG,AG,CC,NN,CC,GT,TT,CG,AT,AG,AA,TT,CC,NN,AA,CC,CG,GG,GG,AA,GG,TT,AC,AG,CC,GG,AT,AA,AA,AA,GG,TT,TT,AT,CG,GT,AA,CC,AT,GT,AA,GG,AA,TT,AA,TT,CC,CT,AA,CC,TT,GG,GG,CG,AA,CC,TT,CT,GG,GG,TT,AA,AA,AA,GG,CC,GG,GG,GG,GG,TT,AG,CC,TT,GG,CC,CG,AA,GG,CC,AT,CG,AA,AA,CC,CC,AC,TT,AG,CG,AA,AC,AA,AA,GG,AA,AG,AA,TT,GG,AC,AA,CC,AC,TT,AA,AA,GG,GG,GG,TT,AA,AA,TT,TT,TT,GG,TT,GG,GG,AA,6.65,Susceptible,Medium,Poor,Late
L0724,Warangal,Telangana,Rabi,Black Cotton,Irrigated,410,26.5,60,AA,TT,GG,AA,CG,CC,GG,TT,CC,CG,AA,CC,CC,TT,TT,GG,CG,TT,TT,AA,CC,TT,GT,CC,TT,CC,TT,TT,GG,AA,CT,CC,AA,AC,AG,CG,GG,CG,GG,CC,TT,TT,AA,TT,GG,AG,TT,AT,CC,NN,GG,AT,AA,GG,CT,TT,AA,AA,GT,AC,AA,GT,TT,AA,CT,AT,CC,NN,NN,GT,AA,GG,CC,AA,GG,AC,AA,GG,TT,TT,GG,GT,GG,CC,AA,AG,AA,AA,CG,GT,CC,TT,CC,TT,NN,GG,TT,CC,GT,CC,CT,CG,GG,AA,TT,TT,CC,AA,AA,AA,CT,GG,TT,CC,TT,AC,AA,TT,CG,AG,CG,GG,CC,GG,CT,AA,CC,CC,CC,CC,AA,GT,CC,AA,CC,CC,AA,TT,AG,AA,GG,CC,CC,GG,AG,GG,AA,AA,GG,CC,CC,AA,AA,AG,TT,AG,CC,GT,TT,GG,CC,TT,TT,TT,CC,AA,TT,CT,AA,AT,CG,CC,AA,CT,CC,CC,GG,CC,AA,GG,AG,CC,TT,CC,GT,TT,CG,NN,AA,AA,TT,CC,GG,AA,CC,CC,GG,GG,AA,GG,CT,AC,AA,CG,GT,AA,CC,AA,AT,GT,GG,TT,AA,CG,GG,AT,CC,AT,TT,AA,GG,AA,TT,AA,TT,CC,TT,AC,CC,CT,CG,AG,CC,AA,CC,TT,CT,GT,GG,TT,AC,AA,AG,GG,CC,CC,GG,CC,GG,TT,AG,CG,TT,NN,CC,CG,AA,GG,CG,AT,CC,AA,AA,CC,CG,AC,TT,AA,GG,AA,AA,AC,AA,AA,AG,AA,AA,AT,GG,AA,AA,AC,AA,CT,AA,AG,GG,GG,GG,NN,AT,AA,TT,TT,AT,AA,AT,GG,GG,AA,5.48,Moderate,High,Standard,Early
L0725,Warangal,Telangana,Rabi,Black Cotton,Irrigated,410,26.5,60,CC,CT,GG,AA,GG,CC,GG,AA,CC,GG,AA,CC,CC,TT,TT,GG,GG,TT,TT,AG,CC,GT,GT,CC,TT,CC,TT,AT,GG,AA,CT,NN,AA,AC,AG,CG,GG,CG,GG,CC,TT,CT,AA,TT,AA,GG,TT,TT,CC,CC,GT,AT,AA,GG,CC,GT,AA,AA,GT,CC,AA,GT,AT,AA,TT,TT,CC,GG,TT,GG,AA,GG,CC,AA,GG,AC,TT,GG,TT,TT,GG,GG,GT,CC,TT,GG,AA,AA,CC,GT,AC,TT,CC,TT,TT,AG,TT,CC,TT,CC,CT,CC,GG,AA,AA,TT,CC,AA,AA,AA,CT,GG,TT,CC,TT,AA,AC,TT,CC,AA,CC,GG,CT,GG,TT,AA,CC,CC,CC,CC,AA,GT,CC,AA,CC,CC,AA,TT,AA,AA,GG,CC,CC,GG,AA,AG,AA,CC,GG,CC,CC,AA,GG,GG,GT,AG,AC,TT,CC,GG,CC,TT,GT,TT,CC,AT,GT,CT,AT,TT,CG,CC,AG,CT,CC,CC,CG,AC,AA,GG,NN,CC,TT,CC,GG,TT,GG,TT,AA,AA,TT,CC,CG,AA,AC,CC,CG,GG,AA,CG,CT,AA,AA,CC,GG,AA,CC,AA,AT,GG,TT,AT,AA,GG,GG,AA,CC,TT,GG,AA,GG,AA,TT,AA,TT,CC,CT,AC,CC,TT,CG,AG,CG,AG,CC,TT,CC,TT,GG,TT,AC,AC,AG,GG,CC,CG,GG,CC,GG,TT,AA,CC,GT,GG,CC,CC,AT,GG,CC,AA,CC,AA,AA,AC,CC,AC,TT,AA,GG,NN,AA,AC,AA,AA,AA,GG,AA,TT,CG,AA,AG,AC,AA,CT,AG,AG,GG,GG,GG,TT,AA,AA,GT,TT,TT,AA,AT,GG,CG,AA,4.93,Susceptible,High,Premium,Medium
L0726,Warangal,Telangana,Rabi,Black Cotton,Irrigated,410,26.5,60,AA,CT,GG,AG,GG,CC,GG,TT,CC,CG,AA,CC,CG,AT,GG,GG,CG,TT,TT,GG,CC,TT,GG,CC,TT,CC,GT,TT,GG,NN,TT,CT,AA,CC,GG,GG,GG,CC,GG,AC,TT,CT,AA,GT,AA,NN,TT,TT,CC,AC,GG,AT,AA,GG,CT,TT,AA,AC,GT,AC,AA,GT,AT,AA,TT,AT,CC,GG,TT,GG,GG,GG,CC,AA,AG,AA,AT,GG,TT,TT,GG,GG,GT,AC,AT,GG,AA,AA,CC,TT,CC,TT,CT,TT,TT,GG,TT,CC,GT,CC,CC,CG,AG,AA,TT,GT,CC,AA,AA,NN,CT,GG,TT,CC,TT,AA,AA,TT,CC,GG,GG,GG,CC,GT,CT,AA,CC,CC,CC,CC,AA,TT,CC,AA,CC,CC,AA,TT,AG,AA,CG,CC,CC,GG,AG,AA,AA,AC,GG,CC,CC,AA,AG,AG,TT,GG,AA,GT,CT,GG,AC,GT,TT,CC,CC,AT,GT,TT,AA,TT,GG,CC,AA,TT,CC,CC,GG,CC,AA,GG,AA,CC,TT,CG,GT,GG,GG,TT,GG,AA,TT,CC,GG,AC,AC,CC,GG,GG,AA,GG,CT,AA,AA,CC,GG,AA,CC,TT,AT,NN,TT,AT,AT,GG,GT,AA,GG,TT,GT,AA,GG,AA,TT,AA,TT,CC,TT,AC,CC,TT,GG,AA,CC,AG,AC,NN,CT,GT,GG,TT,AA,CC,AG,GG,CC,CG,GG,CC,GG,TT,AA,CC,TT,GG,CC,CG,AA,AG,CC,AA,CC,AA,AA,AC,CC,CC,TT,AA,CG,AA,AA,AA,AA,GG,AG,AA,AG,AT,GG,AA,AG,AC,AA,CT,AA,AA,GG,GG,GG,GT,AA,AA,TT,TT,AT,AA,AT,GG,GG,AA,4.5,Susceptible,High,Poor,Medium
L0727,Warangal,Telangana,Rabi,Black Cotton,Irrigated,410,26.5,60,AA,TT,NN,AG,GG,CC,GT,TT,CC,CC,AA,CT,CG,TT,TT,GG,GG,TT,TT,AA,CC,TT,GG,CT,AT,CC,TT,TT,GT,AA,TT,CC,AA,CC,AG,CG,GG,CC,GG,CC,TT,TT,AA,TT,AA,GG,CT,TT,CC,AC,GG,NN,AA,NN,CC,GT,AA,AA,GG,AC,AA,TT,AT,AG,TT,NN,CT,GG,TT,GG,AA,GG,CC,AG,GG,AA,AA,GG,TT,TT,GG,GG,GG,CC,AA,GG,AA,AA,CC,GT,CC,TT,TT,TT,TT,GG,TT,CC,TT,CC,CC,CG,AG,AA,AA,TT,CC,AA,AA,AA,CT,GG,TT,CC,GT,AA,CC,TT,CC,AG,CG,GG,CT,GT,TT,AA,CC,CC,CC,CC,AA,TT,NN,AA,CC,CC,AA,TT,AA,AA,CG,CC,CC,GG,AA,AG,AA,AC,GG,CC,CC,AA,AA,GG,TT,GG,AA,TT,TT,AG,CC,GT,TT,TT,CC,AA,TT,TT,AA,TT,GG,CC,AG,CT,CC,CC,GG,CC,AA,AG,AG,CC,TT,CG,GT,TT,GG,TT,AA,AA,TT,AC,GG,AA,CC,CC,GG,GG,CC,GG,TT,AA,AA,CC,GG,AA,AA,AA,AT,GG,TT,TT,AA,CG,GG,AT,CC,AT,GT,AA,GG,AA,CT,AA,AT,CC,TT,CC,CC,TT,GG,AA,CC,AG,CC,AT,TT,TT,GG,AT,AA,AC,AG,GG,CG,GG,GG,CC,GG,TT,AA,CC,TT,GG,CG,CC,AA,AA,CC,AA,CC,AA,AA,AC,CC,CC,TT,AA,GG,AA,AA,AA,AA,AG,AG,AG,AA,TT,GG,AC,AG,AC,AA,CC,AA,AA,GG,GG,GG,TT,AA,AA,TT,TT,TT,AA,AA,GG,GG,AA,6.94,Susceptible,High,Premium,Medium
L0728,Warangal,Telangana,Rabi,Black Cotton,Irrigated,410,26.5,60,AC,TT,GG,AG,GG,CC,GT,TT,CC,CG,AA,TT,CC,TT,TT,GG,CG,TT,TT,AA,CC,GT,TT,CC,TT,CC,TT,NN,GG,AA,TT,CC,AA,NN,GG,GG,GG,CG,GG,CC,TT,TT,AA,GG,AA,GG,CT,AA,CC,AA,GG,AA,AG,GG,CC,TT,AA,AA,GT,NN,AG,TT,TT,AA,TT,TT,CC,GG,TT,TT,AA,GG,CC,AA,GG,AC,AT,AG,TT,TT,GG,GT,GG,CC,AT,GG,AA,AA,CC,GT,CC,TT,CC,TT,TT,AG,TT,AC,GT,CC,CT,GG,AG,AG,TT,TT,CG,AA,AG,AA,CC,GG,TT,CG,TT,AA,AC,TT,CG,AG,CG,GG,CC,GG,CT,AG,CC,CG,AA,CG,AA,TT,CC,AA,CC,CC,AA,TT,AA,NN,GG,CC,CC,GG,AG,AG,AA,CC,GG,CC,CC,AA,AG,GG,GT,AG,AA,TT,TT,GG,CC,TT,TT,TT,CC,AA,GT,TT,AA,AT,GG,CC,AA,CC,CC,AC,GG,CC,AA,GG,AG,CC,TT,CC,GT,TT,CG,AT,AG,AA,TT,CC,GG,AC,CC,CC,GG,GG,AC,CG,TT,AA,AA,CC,GT,AA,CC,AA,TT,GG,TT,TT,AT,NN,GG,TT,CG,TT,TT,AA,GG,AA,TT,AA,TT,CC,TT,AC,AC,TT,CG,AA,CC,GG,CC,TT,TT,GT,GG,TT,AA,CC,AA,GG,CC,CC,GG,CC,GG,TT,AA,CC,TT,GG,CG,CC,AA,GG,CC,AT,CC,AA,AA,AA,CG,AC,TT,AA,CG,AA,AA,AA,AA,AG,AG,AA,AG,TT,GG,AC,AA,CC,AA,CC,AG,AA,CG,AG,GG,TT,AA,AG,TT,TT,TT,AA,TT,GG,CG,AA,7.05,Susceptible,Low,Standard,Medium
L0729,Warangal,Telangana,Rabi,Black Cotton,Irrigated,410,26.5,60,AA,TT,GG,AA,GG,CC,TT,TT,CC,CC,AA,CC,GG,TT,TT,GG,GG,TT,TT,AG,CC,TT,GT,CC,TT,CC,TT,TT,GG,AA,TT,CT,AA,CC,AG,CC,GG,CG,GG,CC,TT,TT,AC,TT,AA,GG,TT,TT,CC,AC,GG,AT,AG,GG,CC,GT,AT,AA,GT,AA,AA,TT,AT,AA,TT,TT,CC,GG,TT,GG,AA,GG,CC,AA,AG,AC,TT,AG,GT,TT,GG,GT,GG,CC,AA,GG,AA,AA,CG,TT,CC,TT,CT,TT,TT,AG,CT,CC,GT,CC,CC,CG,AG,AA,AT,TT,CC,AA,GG,NN,CT,GG,TT,CC,TT,AA,AC,TT,NN,AG,CC,AG,CC,GT,CC,AA,CC,CC,CC,CC,AG,TT,CC,AA,CC,CT,AA,TT,AA,AA,GG,CC,CC,GG,AA,AA,TT,CC,GG,CC,CC,AA,AA,AG,GG,AG,AC,TT,CT,GG,AC,TT,TT,TT,CC,AA,TT,TT,AA,AT,CG,CC,AG,CC,CC,CC,CG,CC,AA,GG,AG,CC,GT,CC,GT,TT,GG,AT,AA,AG,TT,AC,GG,AA,CC,CG,GG,GG,AC,GG,TT,AA,AA,CC,GG,AA,AC,AA,TT,GT,TT,AT,NN,CG,GT,AT,CC,AT,GT,AA,GG,AA,CT,AC,TT,CG,CT,AC,CC,TT,GG,AA,CC,AG,CC,TT,TT,TT,GG,TT,AA,CC,AG,GG,CC,CG,GG,CC,GG,TT,AA,CC,GT,GG,CC,CG,AA,AG,CC,TT,CG,AT,AA,AC,CG,AC,TT,AA,GG,AA,AA,AC,AA,AG,AG,AA,AA,TT,CG,AA,AG,AA,AA,CT,AA,AA,CG,GG,CG,TT,AA,AA,GT,TT,TT,GG,AT,GG,CG,AA,8.93,Susceptible,Low,Standard,Early
L0730,Warangal,Telangana,Rabi,Black Cotton,Irrigated,410,26.5,60,CC,TT,GG,GG,GG,CC,GG,TT,CC,CC,AA,CC,CC,TT,TT,GT,CG,TT,TT,AA,CC,GG,TT,CC,TT,CC,TT,AT,GG,AA,TT,CC,AA,CC,GG,GG,GG,CC,GG,CC,TT,CC,AA,NN,AA,AG,TT,AT,CC,AC,GT,AT,AG,GG,CT,TT,AA,AA,GG,AA,NN,TT,AT,AG,TT,NN,CC,GG,TT,GT,AA,GG,CC,AA,AG,AA,AT,GG,TT,TT,AG,GG,GT,CC,AA,GG,AG,AA,CC,TT,CC,TT,CT,TT,GT,GG,CT,CC,GT,CC,CT,CG,AG,AA,TT,TT,CC,NN,AG,AA,CC,GG,TT,CG,TT,AA,AA,TT,CC,AG,CC,AA,CC,GT,CT,AA,CC,CC,CC,CC,AA,TT,CC,AA,CC,CC,AA,AT,AA,AA,GG,CT,CC,GG,AA,AG,AA,AA,GT,CC,CC,AA,AG,GG,GT,GG,AA,TT,TT,GG,CC,GG,GT,TT,CC,AA,TT,TT,NN,AT,CG,CC,AA,CC,CC,CC,CC,CC,AA,GG,AA,CC,TT,GG,GG,TT,GG,AA,AA,AA,NN,CC,GG,AA,CC,CC,GG,GG,AC,CC,TT,AC,AA,CC,GG,TT,CC,AT,AT,GT,TT,AT,AT,CG,GT,AT,CC,TT,TT,NN,GG,AG,CT,AA,TT,CC,TT,AA,CC,TT,CG,AA,CC,AG,CC,TT,TT,TT,GG,TT,AC,AC,AA,NN,CC,CC,GG,CC,GG,AT,AA,CC,TT,GG,CC,CG,AA,GG,CC,AA,CG,AT,AA,CC,CG,AC,TT,AA,GG,AA,AA,CC,AA,AG,AA,AG,AA,TT,GG,AA,NN,CC,AA,CT,AA,AA,GG,GG,GG,TT,AT,AA,TT,TT,TT,AA,AA,GG,GG,AA,8.82,Moderate,Low,Standard,Late
L0731,Warangal,Telangana,Rabi,Black Cotton,Irrigated,410,26.5,60,AC,TT,GG,AG,GG,CC,GG,AT,CC,CG,AA,CC,CC,TT,TT,GT,GG,TT,TT,AA,CG,TT,GT,CC,TT,CC,TT,TT,GG,AA,TT,CT,AA,CC,GG,GG,GG,CG,GG,AC,TT,TT,NN,TT,AA,AG,TT,TT,CC,AC,GG,AA,AA,GG,CC,NN,TT,AC,GT,AA,AA,GT,AT,AA,TT,TT,CC,GG,TT,GT,AA,GG,CC,AA,NN,AC,AA,GG,TT,TT,GG,GT,GG,CC,AT,NN,AA,AA,CG,TT,AC,TT,CT,TT,GT,GG,TT,CC,GT,CT,CT,CC,AA,AA,TT,TT,CC,AA,GG,AC,CT,GG,TT,CC,TT,AA,AA,TT,CC,GG,CC,AG,CC,GG,TT,AA,CC,CG,CC,CC,AA,TT,CC,AA,CC,CC,AA,AA,AA,AA,GG,CC,CC,GG,AA,NN,AA,CC,GG,CC,CC,GG,AG,GG,TT,GG,AA,TT,TT,AA,AC,TT,TT,TT,CC,AT,TT,TT,AA,TT,GG,CC,NN,CC,CC,CC,GG,CC,AA,GG,AG,CC,TT,CC,GG,GT,GG,AT,AG,NN,TT,CC,GG,AA,CC,CC,GG,GG,AC,GG,NN,AC,AG,CC,GG,AA,CC,AA,AT,GT,GT,AT,TT,GG,GG,AA,CC,TT,TT,AA,GG,AA,TT,AA,NN,CC,CT,AC,CC,TT,GG,AA,CC,AA,CC,TT,CT,GT,GG,TT,AC,CC,AG,GT,CG,CC,GG,CG,GG,AT,AG,CC,NN,GG,CC,CG,AA,AG,CC,AT,CC,AT,AA,CC,CC,AA,TT,AA,GG,AA,AA,AC,AA,GG,AG,NN,AA,TT,GG,NN,AA,AC,AA,TT,AA,AA,GG,GG,GG,TT,AT,AA,GT,TT,TT,AG,TT,GG,NN,AC,8.34,Resistant,Low,Poor,Early
L0732,Warangal,Telangana,Rabi,Black Cotton,Irrigated,410,26.5,60,AA,TT,GG,GG,GG,CG,GT,TT,CC,CG,AA,TT,CC,AT,TT,GG,CC,TT,TT,AA,CC,TT,TT,CC,TT,CC,TT,TT,GT,AA,TT,CC,AA,CC,GG,GG,GG,CG,GT,CC,TT,CT,AA,TT,AG,AA,TT,TT,CC,AC,GT,AA,AG,GG,CC,GT,AA,AC,GT,AA,AG,TT,TT,AA,TT,AT,CC,GG,CT,GG,AG,GG,CC,AA,AG,AC,TT,GG,TT,TT,GG,GG,GG,CC,AA,GG,AA,AA,CC,GT,CC,TT,CT,AT,GT,NN,TT,CC,TT,CT,CC,GG,AG,AA,AT,GT,CC,AA,AG,AA,CC,NN,TT,CC,TT,AA,AA,TT,CC,GG,CC,AG,CC,GT,TT,AA,CC,CC,CC,NN,AA,TT,CC,AA,CC,CC,AA,TT,AA,AA,GG,CC,CC,GG,AG,AG,AA,CC,GT,CC,CC,AA,AA,GG,TT,GG,CC,GT,CC,GG,CC,TT,TT,CT,CC,AT,GT,TT,AA,TT,CG,CC,AA,CC,AC,CC,CG,AC,AA,GG,AG,CC,TT,CC,NN,TT,CG,TT,AA,AG,TT,CC,NN,AA,CC,CC,GG,GG,AA,GG,TT,AA,AA,CC,GG,AT,CC,AA,AA,GT,TT,TT,AT,CG,GT,AT,CC,AT,TT,AA,GG,AA,CT,AA,TT,CC,CT,AC,CC,TT,CC,AA,CC,GG,CC,TT,TT,TT,GG,TT,AC,AA,AA,GG,CC,CG,GG,CC,GG,TT,AA,CC,GG,GG,CC,CC,AA,GG,CC,AA,CC,AT,AA,CC,CG,CC,TT,AA,GG,AA,AA,AC,AA,AA,AG,AA,AA,AT,CG,AA,AA,CC,AC,TT,AA,AG,GG,GG,GG,TT,AA,AA,TT,TT,TT,AG,TT,GG,GG,AA,9.49,Susceptible,Low,Poor,Late
L0733,Warangal,Telangana,Rabi,Black Cotton,Irrigated,410,26.5,60,AC,CT,GG,AG,GG,CC,GG,TT,CC,CC,AT,CC,CC,AT,TT,GG,CC,TT,TT,AG,CG,TT,GT,CC,TT,CC,GT,AT,GG,AA,TT,CT,AA,CC,GG,CG,GG,NN,GG,CC,TT,CT,AA,TT,AA,GG,TT,AT,CC,AA,GG,AT,AA,GG,CT,GT,AA,AA,TT,AA,AG,TT,AT,AA,TT,AT,CC,GG,TT,NN,AA,GG,CC,AA,AG,AA,TT,AG,TT,TT,AG,GG,GG,CC,AA,AG,AA,AA,CC,GG,AC,TT,TT,TT,TT,GG,CT,CC,TT,CC,CC,CC,AG,AA,AT,TT,CC,AG,AG,AA,CC,GT,TT,CC,GT,AA,AA,TT,CG,GG,CG,GG,CC,GG,CT,AA,CT,CC,CC,CC,AA,GT,CC,AA,CC,CT,AA,TT,AA,AT,GG,CC,CC,GG,AG,AG,AA,NN,GG,CC,CC,AA,AG,GG,TT,AG,AC,GT,CT,GG,AC,GT,TT,TT,CC,AA,TT,TT,AA,AT,GG,CC,AG,CC,CC,CC,GG,AC,AA,GG,AA,NN,TT,CC,GT,GT,CG,TT,AA,AA,TT,CC,GG,AA,CC,CC,GG,GG,AA,GG,TT,AA,AA,CG,GG,AT,CC,AA,AT,GG,TT,TT,AA,CG,GT,AA,CG,TT,GG,AA,GG,AA,TT,AA,TT,CC,TT,AA,CC,TT,CC,GG,CC,AA,CC,TT,TT,TT,GG,TT,AA,AA,GG,GG,CC,CC,GG,CC,GG,TT,AG,CC,GT,NN,CC,CG,AA,GG,CC,AT,CC,AA,AA,AC,CC,AC,TT,AA,GG,AA,AA,AA,AC,AG,AA,AA,AA,TT,CC,NN,AG,AC,AC,CT,AA,AA,GG,GG,GG,NN,AT,AA,TT,AT,TT,AG,TT,GG,GG,AA,6.78,Susceptible,Low,Poor,Medium
L0734,Warangal,Telangana,Rabi,Black Cotton,Irrigated,410,26.5,60,AC,CT,GG,GG,GG,CC,TT,AT,CC,CC,TT,CC,CC,TT,TT,GG,GG,TT,TT,AG,NN,TT,GG,CC,TT,CC,TT,AT,GT,AA,TT,CC,AA,CC,GG,CG,GG,CG,GG,CC,TT,CC,AA,TT,AA,GG,TT,TT,CC,AC,GG,AT,AA,GG,CC,GT,AA,AA,GG,AA,AA,TT,AT,AG,TT,TT,CC,GG,TT,GG,NN,GT,NN,AA,AG,AA,AT,GG,TT,TT,AG,GG,GG,CC,AA,GG,AG,AA,CC,TT,CC,TT,CT,TT,NN,GG,TT,CC,GT,CC,CT,CC,AG,AA,TT,TT,CC,AA,AG,AA,TT,GG,TT,CC,TT,AA,CC,TT,CC,AG,CC,GG,CC,TT,TT,AA,CC,CC,CC,CC,AA,TT,CC,AA,CC,CC,AA,TT,AA,AA,GG,CC,CC,GG,AA,AG,AA,AC,GG,CG,CC,AA,AG,GG,TT,GG,AA,NN,NN,GG,AC,TT,GT,TT,CC,AA,TT,CT,AT,AT,CG,CC,AA,CC,CC,CC,CG,CC,AA,GG,GG,CC,TT,CC,GG,TT,CG,TT,AA,AA,TT,CC,GG,AA,AC,CG,CG,GG,AC,GG,TT,AC,AA,CC,GG,AA,CC,AA,AT,GG,TT,TT,AA,CG,GG,AT,CC,AT,TT,AA,GG,AA,TT,AA,TT,CC,TT,AC,AC,TT,CG,AA,CC,GG,AC,TT,CC,GT,GG,AT,AC,AC,AA,GG,CC,CG,GG,CC,GG,TT,AA,CG,TT,GG,CC,CC,AA,AG,CC,AT,CC,AT,AA,AC,CC,CC,AT,AA,GG,AA,AA,AA,AC,AA,GG,AG,AA,TT,GG,AA,AA,AA,AA,TT,AA,AA,CG,GG,GG,TT,AA,AA,TT,TT,TT,AG,AT,GG,GG,AA,6.93,Susceptible,Low,Premium,Medium
L0735,Warangal,Telangana,Rabi,Black Cotton,Irrigated,410,26.5,60,AC,CT,GG,AG,GG,CG,GG,AT,CC,GG,AA,TT,CG,AT,TT,GG,GG,AT,TT,AA,CG,TT,GT,CC,TT,CC,TT,TT,GG,AA,CT,CC,AA,AC,GG,GG,GG,CC,GG,CC,TT,CT,AA,TT,AA,GG,TT,TT,CC,AC,GG,AA,AA,NN,CT,TT,AA,AC,GT,AA,AA,TT,AT,GG,CT,TT,CC,GG,TT,GG,NN,GG,AC,AA,AG,AC,AT,GG,TT,CT,GG,GG,GG,CC,AA,GG,AA,AA,CC,GT,AC,TT,CC,TT,GT,GG,TT,CC,TT,CC,CC,CG,GG,AA,TT,GT,CG,AG,AA,AA,CC,GG,TT,CC,TT,AA,AA,TT,CC,GG,CC,GG,CC,GT,TT,NN,CC,CC,CC,CC,AA,TT,AC,AA,CC,CT,AA,TT,AA,AA,GG,CC,CC,GG,AA,AG,AA,CC,GG,CC,CC,AA,AG,GG,TT,GG,AA,TT,TT,AG,AA,TT,GT,TT,CC,AA,GG,TT,AA,TT,GG,CC,AA,CT,CC,CC,CG,CC,AA,GG,AG,CC,TT,CC,NN,TT,GG,NN,AA,AA,TT,CC,GG,AC,CC,CC,GG,AG,AA,GG,TT,AA,AA,CC,GT,AT,AC,AT,AT,NN,TT,AA,AT,GG,GG,AT,CC,TT,TT,AA,GG,AA,CT,AC,TT,CC,TT,AC,CC,CT,GG,GG,CC,AG,CC,TT,CT,GG,GG,TT,AC,AA,AG,GG,CC,CC,GG,CC,GG,AT,AA,CC,TT,GG,CC,CC,TT,AA,CC,AT,CC,AA,AA,CC,CC,AC,TT,AA,GG,AA,AC,AC,AA,GG,AA,AA,AA,TT,GG,AA,AA,AC,AA,NN,AA,AA,GG,GG,GG,GT,AA,AA,GG,TT,TT,AG,TT,GG,GG,AA,7.53,Resistant,High,Standard,Medium
L0736,Warangal,Telangana,Rabi,Black Cotton,Irrigated,410,26.5,60,AC,TT,GG,AA,GG,CC,GG,TT,CC,CC,AA,CT,CC,AT,GT,GG,CG,TT,TT,AG,CC,GT,GT,CC,TT,CC,TT,TT,GG,AA,TT,CC,AA,CC,NN,CG,GG,CC,GG,CC,TT,TT,AA,TT,AA,AG,TT,TT,CC,AC,GG,AA,AA,GG,CC,TT,AA,AC,TT,AA,AG,TT,AT,AA,TT,AT,CC,GG,TT,GG,AG,GT,AC,AA,GG,AC,AA,GG,TT,TT,GG,NN,GG,CC,AA,GG,AA,AA,CC,TT,AC,TT,CC,TT,GT,GG,TT,CC,TT,CC,CC,CC,NN,NN,TT,TT,CG,AA,AG,AA,CT,GG,GT,CC,TT,AC,AA,TT,CG,AG,CC,GG,CC,GG,CT,AA,CT,CC,AC,CC,AA,TT,CC,AA,CC,CC,AA,AT,AG,AA,GG,CC,CC,GG,AG,AA,AA,AC,GT,CC,CG,AA,AG,GG,GT,GG,AA,GT,CT,GG,AC,GT,TT,CT,CG,AA,TT,TT,AA,TT,CG,CC,AG,CT,CC,CC,GG,CC,AA,GG,AG,CC,TT,CC,GG,TT,GG,TT,AA,AG,TT,CC,GG,AA,AC,CC,GG,AG,AC,CG,TT,AA,AA,CG,GT,AT,AC,AA,AA,GG,TT,TT,AT,GG,GT,TT,CC,AT,TT,AA,AG,AA,TT,AC,TT,CC,TT,AC,CC,TT,GG,AG,NN,GG,CC,TT,CT,GT,GG,TT,AA,AA,AG,GG,CC,CC,GG,CC,GG,TT,AG,CG,GT,GG,CC,CC,TT,GG,CC,AA,CC,AT,AA,CC,CC,CC,AT,AA,CG,AA,AA,AC,AA,NN,AG,AA,AA,AT,GG,AA,AG,AA,AA,TT,AA,AA,GG,GG,GG,TT,AA,AA,TT,TT,TT,AA,TT,GG,CG,AA,7.94,Susceptible,Low,Poor,Early
L0737,Warangal,Telangana,Rabi,Black Cotton,Irrigated,410,26.5,60,AC,TT,AG,AG,GG,CC,GG,TT,CC,CC,AT,CC,CG,AT,TT,GG,CG,TT,TT,AG,NN,TT,TT,CC,NN,CC,NN,TT,GG,AA,TT,CC,AA,CC,AG,GG,GT,CC,GG,CC,TT,TT,AC,GG,AA,GG,CT,TT,CC,AC,GG,AT,GG,GG,CT,GT,AA,AA,GG,AC,AA,TT,TT,AA,TT,TT,CC,GG,TT,GG,AG,GG,CC,AA,GG,AC,AA,GG,GT,TT,GG,GG,GG,CC,AA,NN,AA,AT,CC,GT,CC,TT,CC,TT,TT,GG,TT,AC,GT,CC,CT,NN,GG,AA,TT,TT,CC,AA,AA,AA,CC,GG,GT,CC,TT,AC,AA,TT,CC,GG,CC,GG,CC,GT,TT,AG,CC,CC,CC,CC,AA,TT,CC,AA,CC,CC,AA,TT,AA,AT,GG,CC,CC,GG,AG,AA,AA,CC,GG,CC,CC,AA,GG,AG,GT,GG,NN,GT,CT,AG,AC,TT,TT,TT,CG,AA,TT,CT,AT,AT,GG,CC,GG,CC,CC,CC,GG,CC,AA,GG,AG,CC,TT,CC,GT,GT,GG,TT,AA,AA,GT,AA,CG,AC,CC,CC,GG,GG,AA,GG,TT,AA,AA,CC,TT,AA,AC,AA,AA,GG,TT,TT,AT,GG,GT,AA,CC,TT,TT,AA,GG,AA,TT,AA,AT,CC,CT,AA,AC,TT,CG,AA,CG,AA,CC,TT,TT,TT,GG,AT,AC,CC,AA,GG,CC,CC,GG,CC,GG,AA,AG,CC,TT,GG,CC,CC,AA,GG,CC,AA,CC,AA,AA,AC,NN,CC,AT,AA,GG,AA,AA,AC,AA,AG,AG,AA,AA,TT,GG,AC,AG,CC,AA,CT,AG,AA,GG,GG,GG,TT,AA,AA,GT,TT,TT,AA,AT,CG,CG,AA,7.36,Susceptible,Low,Poor,Late
L0738,Warangal,Telangana,Rabi,Black Cotton,Irrigated,410,26.5,60,AC,CC,AG,AG,GG,CC,GT,TT,CC,CG,AA,CC,CG,AT,GT,GG,GG,TT,TT,AA,CG,GT,TT,NN,TT,CC,TT,AT,GG,AC,TT,CC,AA,CC,GG,GG,GG,CC,GG,CC,TT,TT,AA,GT,AA,GG,TT,TT,CC,CC,GG,AA,AA,GG,CC,GT,AA,AC,GT,AA,AA,TT,AT,AA,TT,TT,CC,GG,TT,GT,AA,GG,CC,AA,GG,NN,AA,GG,TT,TT,GG,GG,GG,CC,AA,GG,AA,AA,CC,GT,CC,TT,CT,TT,TT,GG,CT,CC,GT,CC,CC,CG,GG,AA,AT,TT,CC,AA,AG,AA,CC,GG,TT,CC,GG,AA,AA,TT,CC,GG,CG,GG,CC,GG,TT,AA,CT,CC,CC,CC,AA,TT,CC,AA,CC,CC,AA,TT,AA,AT,GG,CC,CC,GG,AA,AA,AA,CC,GG,CC,CC,AA,AG,GG,TT,GG,AA,TT,CT,GG,AC,GT,NN,CT,CC,AA,GT,TT,AT,AT,GG,CC,AA,CC,CC,CC,GG,CC,AA,GG,AG,CC,TT,CC,GG,GT,GG,AA,AA,NN,TT,CC,GG,AC,AC,CC,GG,GG,CC,CG,TT,AC,AA,CG,GG,AT,CC,AA,AA,GT,TT,TT,AA,GG,GT,AT,CG,TT,GT,AA,GG,AA,TT,AA,TT,CC,TT,AC,CC,CT,GG,AG,CC,GG,CC,TT,TT,TT,GG,TT,AA,AC,AG,GG,CC,CG,GG,CG,GG,AT,AA,CG,TT,GG,CC,CG,AT,GG,CG,AA,CG,AA,AG,AC,CG,AA,TT,AA,GG,AA,AA,CC,AC,GG,AG,AG,AA,AT,GG,AA,AG,AC,AC,TT,AG,AA,CG,GG,GG,TT,AT,AA,TT,TT,TT,AG,TT,GG,GG,AA,5.74,Susceptible,Medium,Premium,Medium
L0739,Warangal,Telangana,Rabi,Black Cotton,Irrigated,410,26.5,60,AA,TT,GG,AG,CG,CC,GT,TT,CC,CG,AT,CT,CG,AT,GT,GG,CG,TT,TT,AA,CC,TT,TT,CC,AT,CC,NN,TT,GG,AA,TT,CC,AA,CC,GG,GG,GG,CC,GG,CC,TT,CT,AA,GT,AA,AA,TT,TT,CC,AC,GG,AA,AG,GG,CC,TT,AA,AC,GT,AC,AA,GT,AT,AG,TT,AT,CC,GG,TT,GT,AA,GG,CC,AA,GG,AA,AT,GG,TT,TT,GG,GG,GG,CC,AA,GG,AA,AA,CC,GT,CC,TT,CC,AT,GG,GG,TT,CC,TT,CT,CT,CG,AG,AA,TT,TT,CC,AA,AG,AA,CC,GG,TT,CG,GT,AC,AC,TT,CC,GG,CG,GG,CC,GT,TT,AG,CT,CC,CC,CG,AG,TT,CC,AA,CC,CC,AA,TT,AA,AT,GG,CC,CC,GG,AA,AG,AA,CC,GG,CC,CG,AA,AA,GG,TT,AG,AA,TT,TT,GG,AC,TT,TT,TT,CG,AT,GT,TT,AA,AT,GG,CC,AG,CT,CC,CC,CG,CC,AA,GG,GG,CC,TT,CG,GT,GT,GG,TT,AA,AA,TT,AC,GG,AC,AC,CG,GG,GG,NN,GG,CT,CC,AA,CC,GG,AT,CC,AT,AA,GG,TT,TT,AA,CG,TT,AA,CC,AT,TT,AA,GG,AA,TT,AA,TT,CC,TT,AA,CC,TT,GG,NN,CC,AA,AC,TT,TT,TT,GG,TT,AC,AC,AA,GG,CC,CC,GG,CC,GG,AT,AA,CG,GT,GG,CC,CC,AT,GG,CC,AT,CG,AA,AA,AA,CG,CC,TT,AG,GG,AA,AA,CC,AA,AG,AA,AG,AA,AA,GG,AA,AG,AC,AA,CT,AA,AA,GG,GG,GG,TT,AA,AG,GT,TT,TT,AA,TT,GG,GG,AA,5.63,Susceptible,Medium,Poor,Late
L0740,Warangal,Telangana,Rabi,Black Cotton,Irrigated,410,26.5,60,AC,TT,GG,AG,GG,CC,GT,AT,CC,CG,AA,CT,CC,TT,TT,GG,CG,TT,TT,AA,CC,GT,TT,CT,AT,CC,TT,TT,GG,AA,TT,CC,AA,CC,AG,GG,GG,CC,GG,AC,TT,TT,AA,TT,AG,GG,TT,TT,CG,AA,GT,AT,AA,GG,CC,TT,AA,AA,GG,NN,AG,TT,AT,AA,TT,TT,CC,GG,TT,GG,AG,GG,CC,AA,GG,AC,AT,AG,TT,TT,GG,GT,GG,CC,AT,AG,AA,AA,CC,TT,AA,TT,CT,AT,GT,GG,TT,CC,NN,CC,CC,CG,AG,AA,TT,GT,CG,AA,AG,AC,CC,GG,TT,CC,TT,AC,AC,TT,CC,GG,CC,GG,CC,GG,CT,AA,CT,CC,CC,CC,AA,TT,CC,AA,CC,CC,AA,TT,AA,AT,GG,CC,CC,GG,AA,AG,AA,CC,GG,CC,CG,AA,AA,GG,GT,AG,AA,GT,TT,GG,AC,GG,TT,CT,CC,AT,GT,TT,AA,TT,GG,CC,AA,CT,CC,CC,GG,AC,AA,AG,AA,CC,TT,CC,TT,GT,GG,AT,AA,AA,TT,CC,GG,AA,AC,CG,GG,GG,NN,GG,TT,AA,AA,CC,GT,AA,CC,AA,AT,GG,TT,TT,AT,GG,GT,AA,CC,AT,TT,AA,GG,AA,CT,AA,TT,CC,CT,AA,CC,CC,CG,AG,CC,AG,CC,TT,TT,TT,GG,TT,AA,AC,AA,GG,CC,CC,GG,CC,GG,AT,AA,CC,TT,GG,CC,CC,AA,GG,CC,TT,CG,AA,NN,AC,CG,CC,TT,AA,GG,AA,AA,AC,AA,GG,GG,AG,AA,TT,GG,AA,AA,AC,AA,TT,AA,AG,CG,GG,CG,TT,AA,AA,GT,TT,TT,AA,TT,GG,GG,AA,7.45,Moderate,Low,Standard,Medium
L0741,Warangal,Telangana,Rabi,Black Cotton,Irrigated,410,26.5,60,CC,TT,GG,AA,GG,CC,GT,TT,CG,CG,AA,CC,CG,TT,TT,GT,CG,TT,TT,AG,CC,TT,GG,CT,TT,CC,TT,AA,GG,AA,CT,CC,AA,CC,GG,GG,GG,CC,GT,CC,TT,TT,AC,TT,AA,GG,TT,TT,CC,AA,GG,AA,AG,GG,CT,TT,AA,AC,TT,AC,AA,TT,TT,GG,TT,TT,CC,GG,TT,GG,AA,GG,CC,AA,GG,AC,TT,GG,GT,TT,GG,GG,GG,CC,AT,AG,AA,AA,CC,TT,CC,TT,CT,TT,TT,GG,CT,CC,TT,CC,CT,CC,GG,AA,TT,TT,CC,AA,GG,AA,CC,GT,TT,CC,GT,NN,NN,TT,CC,AG,CG,GG,CC,GT,CT,AG,CC,CC,CC,CC,AA,TT,CC,AA,CC,CT,AA,TT,AA,AA,GG,CC,CC,AG,AG,AG,AT,CC,GG,CG,CC,AG,AA,GG,TT,GG,AC,GT,CC,GG,CC,TT,GT,TT,CC,AA,GT,TT,AA,NN,GG,CC,AG,CC,CC,AC,GG,CC,AA,GG,AG,CC,TT,CC,GG,TT,GG,AA,AA,AA,TT,CC,GG,AA,CC,CC,GG,AG,AA,GG,TT,AA,AA,CC,GG,AT,CC,AA,AT,GG,TT,TT,AA,GG,GT,AT,CC,TT,GT,AA,GG,AA,TT,AC,TT,CC,TT,CC,CC,NN,GG,AA,CG,AG,AC,TT,CT,GG,GG,AT,AA,CC,AA,GG,CC,CG,GG,CC,GG,TT,AA,CG,TT,GG,CC,CC,AA,AG,CC,AT,CG,AT,AA,CC,CC,CC,AT,AA,GG,AA,CC,AA,AA,AG,AG,AA,AA,AT,CG,NN,AA,AC,AA,CC,AG,AA,GG,GG,GG,TT,AA,AA,TT,TT,TT,AA,TT,GG,GG,AA,9.36,Susceptible,Low,Premium,Medium
L0742,Warangal,Telangana,Rabi,Black Cotton,Irrigated,410,26.5,60,AC,TT,AG,AG,GG,CC,GG,TT,CC,CC,AA,CC,CC,TT,TT,GG,GG,TT,TT,AA,CC,TT,GT,CC,TT,CC,GG,TT,GT,AA,TT,CT,AA,CC,GG,GG,GG,CC,GG,CC,TT,TT,AA,TT,AA,GG,CT,TT,CC,AA,TT,AT,AG,GG,CC,TT,AA,NN,GT,AA,AA,TT,AT,AA,TT,AA,CC,GG,TT,GT,AA,GG,CC,AA,AG,AA,AT,AG,NN,TT,GG,GT,GG,AC,AA,GG,AG,AT,CG,TT,CC,TT,NN,TT,TT,GG,TT,CC,GT,CC,CC,CG,GG,AA,TT,TT,CG,AA,AG,AA,CC,GG,TT,CC,GT,AC,AC,TT,CC,AG,CC,AG,CC,GG,TT,AA,CT,CC,CC,CC,AA,TT,CC,AA,CC,CC,AA,TT,AA,AA,GG,CT,CC,GG,AA,AA,AA,CC,GG,CC,CC,AA,AA,GG,TT,GG,CC,TT,TT,AG,CC,GT,TT,TT,CC,AA,TT,TT,AA,NN,CG,CG,AA,CT,CC,CC,CG,CC,AA,GG,AA,CC,TT,CC,GT,TT,GG,AT,AA,AA,TT,CC,GG,AA,CC,CC,GG,GG,AA,GG,TT,AA,AA,CC,GG,AT,CC,AT,AA,GG,TT,TT,AA,CG,GG,AA,CC,TT,GT,AA,GG,AA,CT,AA,TT,CC,CT,CC,CC,CT,CG,AG,CC,AG,AC,TT,TT,TT,GG,TT,AA,AA,GG,GT,CC,CC,GG,CC,GG,AA,AA,CC,TT,GG,CC,CG,AA,GG,CC,AT,CC,AA,AA,AC,CC,CC,TT,AA,NN,AA,AA,AA,AA,AG,AG,AA,AA,TT,GG,AC,AG,CC,AA,CT,AA,AG,GG,GG,GG,GT,AA,AA,NN,TT,TT,AA,TT,GG,GG,AA,5.23,Susceptible,High,Standard,Late
L0743,Warangal,Telangana,Rabi,Black Cotton,Irrigated,410,26.5,60,AC,TT,GG,AA,GG,CC,GT,AT,CC,CC,AA,CC,CG,TT,GT,GG,CG,TT,TT,AA,CC,TT,TT,CC,TT,CC,TT,TT,GG,AA,CT,CC,AA,CC,GG,GG,GG,CC,GG,CC,TT,CT,AA,TT,AA,GG,TT,AT,CC,AC,GG,AA,AA,GG,CC,TT,AA,AC,GT,AC,AA,TT,TT,AA,TT,AT,CT,GG,CT,GT,AA,GG,CC,AA,GG,AC,AT,GG,TT,NN,GG,GT,GG,CC,AA,GG,AA,AT,CC,TT,CC,TT,CT,TT,TT,AG,TT,CC,TT,CC,CC,CG,GG,AG,TT,GT,CC,AA,AA,AA,CT,GG,TT,CC,TT,AC,AA,TT,CC,GG,NN,GG,CC,GT,TT,AA,CC,CC,CC,CC,AA,TT,CC,AA,CC,CT,AA,TT,AG,AA,CG,CC,CC,GG,AA,AG,AA,AC,GG,CC,CC,AA,AA,GG,TT,GG,AC,GT,CT,GG,AC,TT,TT,TT,CC,AT,GT,TT,AA,TT,GG,CC,AG,CT,CC,CC,GG,CC,AA,GG,AA,CC,TT,CC,GG,GT,CG,AT,AA,AA,TT,CC,NN,AA,CC,GG,GG,GG,AC,GG,TT,AA,AG,CC,GG,AT,CC,AT,AT,GT,TT,TT,AA,GG,GT,AA,CC,TT,GT,AA,GG,AA,CT,AA,TT,CC,TT,AC,CC,TT,GG,AG,CG,AG,AC,TT,TT,GG,CG,TT,AC,NN,AA,GG,CC,CC,GG,CC,GG,AA,AA,CC,TT,GG,CC,CC,AA,AA,CC,AA,CC,AA,AA,AA,GG,AC,TT,AG,NN,AA,AC,AA,AA,AG,AA,AG,AA,TT,GG,AA,AA,AC,AC,TT,AA,AA,GG,GG,GG,TT,AA,AA,TT,TT,TT,AG,TT,GG,CC,AA,9.1,Moderate,Medium,Poor,Late
L0744,Warangal,Telangana,Rabi,Black Cotton,Irrigated,410,26.5,60,AC,TT,GG,GG,CG,CC,GT,TT,CC,CG,AA,CC,CC,AT,TT,GG,GG,TT,TT,AA,CC,TT,GT,CC,AT,CC,GT,AA,GG,AA,TT,CC,AA,AC,GG,GG,GG,CC,GG,CC,TT,TT,AC,NN,AA,GG,TT,TT,CC,AC,GG,AA,AA,GG,CC,GT,AA,AA,GT,AA,AG,GT,TT,AA,TT,AT,CC,GG,TT,GG,AA,GG,CC,AA,GG,AC,AT,GG,TT,TT,GG,GT,GT,CC,AA,GG,AG,AA,CC,GT,CC,GT,CC,TT,TT,GG,TT,NN,GT,CC,CC,CG,GG,AA,TT,TT,CC,AA,GG,AA,CT,GG,TT,CC,TT,AA,AA,AT,CC,AG,CC,AG,CT,GG,CT,AA,CC,CC,AC,CC,AA,TT,CC,AA,CC,CC,AA,TT,AA,AA,GG,CT,CC,GG,AA,AG,AA,AC,TT,CC,CC,AA,AA,GG,TT,GG,CC,GT,TT,GG,CC,GT,TT,TT,NN,AT,GT,CT,AT,TT,GG,CG,AA,CT,CC,CC,CC,CC,AA,AG,AA,CC,TT,CG,GG,GT,GG,TT,NN,AA,TT,CC,GG,AA,NN,CC,GG,GG,AA,GG,TT,AC,AA,CC,GG,NN,CC,AA,AA,GG,TT,AT,AT,GG,GT,AA,CG,NN,TT,AA,GG,AA,CT,AA,AT,CC,CT,AA,CC,TT,GG,AG,CC,AA,AC,TT,TT,GT,GG,TT,AA,CC,AG,GT,CC,CC,GG,CC,GG,AT,AA,CC,TT,GG,CC,CC,AA,AA,CC,AT,CC,AA,AA,AC,CC,AA,TT,AA,GG,AA,AC,AC,AC,GG,GG,AG,AA,TT,GG,AA,AA,CC,AC,TT,AG,AG,GG,GG,GG,TT,AA,AA,GT,TT,NN,AG,AT,GG,GG,AA,6.58,Susceptible,Low,Premium,Early
L0745,Warangal,Telangana,Rabi,Black Cotton,Irrigated,410,26.5,60,AC,TT,GG,AA,GG,CG,GG,TT,CC,CG,AA,CC,CG,TT,TT,GT,GG,TT,TT,AA,CC,TT,TT,CC,TT,CC,TT,TT,GT,AA,TT,CT,NN,CC,GG,GG,GG,CC,GG,CC,TT,TT,AA,TT,AA,GG,TT,TT,CC,NN,GT,AA,AG,GG,CC,TT,AA,AA,GT,AA,AA,GT,TT,AA,TT,TT,CC,GG,CT,GG,AG,GG,AC,AA,AG,AA,AA,GG,TT,CT,GG,GT,GG,CC,AT,GG,AA,AA,CG,GT,CC,GT,CC,TT,GT,GG,TT,CC,TT,CC,CC,CC,GG,AA,TT,GT,GG,AA,AA,AC,CC,GG,TT,NN,TT,AC,AC,TT,CC,GG,CC,GG,CC,GG,CC,AA,CC,CC,CC,CC,AA,TT,AC,AA,CC,CT,AA,TT,AA,AA,GG,CC,CC,GG,AA,AA,AA,CC,GT,CC,CC,AA,AG,GG,GT,GG,NN,NN,TT,GG,CC,GT,TT,TT,GG,AT,TT,TT,AA,AT,GG,CC,AA,TT,CC,CC,CG,CC,AA,GG,AA,CC,TT,CC,GG,TT,GG,AA,AA,AG,TT,CC,GG,AA,AC,CC,GG,GG,AA,GG,TT,AC,AG,CC,GG,AA,CC,AA,AT,GG,TT,AA,AT,GG,TT,AT,CC,TT,GT,AA,GG,AA,TT,AA,TT,CC,CT,AA,CC,TT,CG,AA,CC,AG,CC,TT,TT,TT,GG,AT,AA,CC,AG,GG,CC,CG,GG,CC,GG,AA,AA,CG,TT,GG,CC,CC,AT,GG,CC,AT,CC,AA,AA,CC,GG,AC,TT,AA,GG,AA,AC,AA,AA,AG,AG,AA,AA,TT,CG,AC,AA,CC,CC,CT,AA,AA,CG,GG,GG,TT,AT,AA,GT,TT,TT,AA,AT,GG,GG,AA,6.5,Resistant,Low,Standard,Early
L0746,Warangal,Telangana,Rabi,Black Cotton,Irrigated,410,26.5,60,CC,TT,GG,AA,GG,CG,GT,TT,CC,CC,AT,CT,CC,TT,TT,GG,CC,TT,TT,AA,CC,TT,TT,CC,TT,CC,TT,TT,GG,AA,CT,CC,AA,CC,GG,GG,GG,CG,GT,CC,TT,TT,AA,TT,AA,GG,TT,NN,CC,AC,GG,AA,AA,GG,CC,TT,AA,AA,GG,AA,AA,TT,AT,AA,TT,TT,TT,GG,CT,GG,AA,GT,CC,AA,GG,AC,AT,GG,TT,TT,AG,GG,GG,CC,AT,GG,AA,AA,CC,GT,CC,TT,CT,TT,TT,GG,TT,CC,GT,CC,CC,CC,AG,AA,TT,TT,CC,AA,AG,AA,CT,GG,TT,CC,TT,AA,AA,AT,CG,GG,CC,GG,CC,GG,CT,AA,CT,CC,CC,CC,AA,TT,CC,AA,CC,CC,AA,TT,AA,AA,GG,CC,CC,GG,AA,AA,TT,AC,GG,CC,CC,AA,AA,AG,GT,GG,CC,TT,TT,GG,CC,GT,TT,TT,CC,AT,GT,TT,AA,AA,CG,CC,GG,CC,CC,CC,CG,CC,AA,GG,AA,CC,TT,CC,GG,TT,GG,TT,AA,AA,TT,CC,GG,NN,CC,CC,GG,GG,CC,GG,TT,AA,AG,CC,GG,AT,AC,AA,AA,GT,TT,TT,TT,CG,GT,AA,CC,AT,TT,AA,GG,AA,TT,AA,TT,CG,TT,AC,CC,TT,NN,GG,CG,AG,AC,TT,CT,TT,GG,TT,AA,AC,AA,GG,CC,CG,GG,CC,GT,TT,AA,CC,TT,GG,CG,CC,NN,GG,NN,AA,CC,AA,AG,CC,CG,AA,TT,AA,GG,AA,AA,AC,AA,GG,AG,AA,AA,AT,GG,AA,AA,AC,AA,TT,AA,AA,GG,GG,GG,TT,AA,AA,GT,TT,TT,AG,TT,GG,GG,AC,6.05,Resistant,Medium,Premium,Late
L0747,Warangal,Telangana,Rabi,Black Cotton,Irrigated,410,26.5,60,AA,TT,GG,AG,CG,CC,GG,AT,CC,CC,AA,CC,CG,AT,GT,GG,GG,TT,TT,AA,CG,TT,TT,CC,TT,CC,TT,TT,GG,AC,TT,CT,AG,CC,GG,GG,GG,CG,GG,CC,TT,CT,AA,TT,AA,GG,TT,AA,CC,AA,GG,AA,AA,GG,CC,TT,AA,AA,TT,AC,AG,TT,TT,AA,TT,TT,CC,GG,TT,GG,AA,GT,AC,AA,GG,AA,AA,GG,TT,TT,GG,GG,GG,CC,AA,GG,AA,AT,CC,TT,AC,TT,CC,TT,TT,GG,TT,CC,GT,CC,CC,CC,GG,AA,TT,TT,CG,NN,AA,AC,CC,GG,TT,CC,TT,AA,AC,TT,NN,GG,CC,AG,TT,GT,CT,AA,CC,CC,AC,CC,AA,TT,CC,AA,CC,CC,AA,AT,AG,AA,GG,CT,CC,GG,AG,AA,AA,CC,NN,CC,CC,AA,AA,GG,TT,GG,AA,GT,TT,GG,AC,GT,GG,TT,CG,AA,GT,TT,AT,AT,CC,CC,AA,CT,AC,CC,CG,CC,AA,AG,AA,CC,TT,CC,GG,GT,GG,AT,AA,AG,GT,CC,GG,AA,AC,CC,GG,GG,AC,GG,TT,AA,AA,CC,GG,AA,CC,AA,TT,GG,GT,TT,AA,GG,GG,AT,CC,TT,GT,AA,NN,AA,TT,AA,TT,CC,CT,AA,CC,TT,CG,AG,NN,AG,CC,AT,TT,GT,CG,TT,AA,AC,AA,GG,CC,CG,GG,CC,GG,AT,AA,CC,GT,GG,CC,CG,AT,GG,CC,AA,CG,AT,AA,AC,GG,AC,TT,AA,CG,AA,AC,AA,AA,AG,GG,AA,AA,AT,CG,AA,AG,CC,AA,TT,AA,AA,GG,GG,GG,TT,AA,AA,TT,TT,TT,AG,TT,GG,GG,AA,7.59,Susceptible,Medium,Standard,Early
L0748,Warangal,Telangana,Rabi,Black Cotton,Irrigated,410,26.5,60,AA,TT,AG,AG,GG,CC,GG,AT,CG,CC,NN,CC,CC,AT,TT,GG,GG,TT,TT,AA,CC,GG,TT,CC,TT,CC,GT,TT,GG,AA,TT,CC,AA,AC,GG,GG,GG,CC,GG,CC,TT,TT,AA,TT,AA,GG,TT,TT,CC,AC,GT,AA,AA,NN,CT,TT,AA,AA,GT,AA,AA,TT,AT,AG,TT,AT,CC,GG,CT,GT,AG,GG,CC,AA,GG,AC,AT,GG,TT,TT,GG,GG,GG,CC,AA,GG,AA,AT,CC,TT,CC,TT,CC,AT,TT,GG,TT,CC,GT,CC,CC,CG,AA,AA,AT,TT,CG,AA,AG,AA,CC,GG,TT,CG,NN,AA,AA,TT,CC,GG,CC,GG,CC,GG,TT,AA,CT,CC,CC,CC,AA,TT,CC,AA,CC,CC,AG,TT,AA,AA,GG,TT,CC,NN,AA,AA,AA,AC,GG,CC,CC,AA,NN,AA,TT,AG,AA,TT,CT,AG,AC,GT,GT,TT,CG,AA,TT,TT,AA,AT,GG,CC,AG,CC,CC,CC,CC,CC,AA,GG,AG,CC,TT,CG,GT,TT,CG,AA,AA,AA,TT,CC,GG,AC,CC,NN,GG,GG,AC,GG,TT,AC,AA,CC,GG,AA,CC,AA,AA,GG,TT,TT,AA,GG,GT,AA,CC,TT,GT,AA,GG,AA,CT,AA,TT,CC,TT,AC,CC,CT,GG,AG,CC,AA,CC,TT,TT,GT,GG,TT,AA,CC,AG,GG,CC,CG,GG,CC,GG,TT,GG,CC,TT,AG,CC,CC,AA,GG,CC,AT,CC,AA,AA,CC,CC,AC,TT,AA,GG,AA,AC,AA,AA,AG,AG,AG,AA,AT,CG,AC,AA,CC,AC,CT,NN,AA,GG,GG,GG,TT,AA,AG,TT,TT,TT,AG,TT,GG,GG,AA,4.76,Susceptible,Medium,Standard,Early
L0749,Warangal,Telangana,Rabi,Black Cotton,Irrigated,410,26.5,60,AC,TT,AG,AG,GG,CC,GG,TT,CC,CC,AA,CT,CC,TT,GT,GG,CG,TT,TT,AG,CG,TT,GT,CC,TT,TT,GT,TT,GG,AA,TT,CC,AA,CC,GG,GG,GG,CG,GG,CC,TT,CT,AA,GT,AA,GG,TT,TT,CC,AC,GG,AA,AA,GG,CC,GT,TT,AA,GT,AA,AA,TT,AA,AG,TT,AT,NN,GG,TT,GG,AA,GG,NN,AA,GG,AA,AT,GG,GT,TT,GG,GG,GG,CC,AA,GG,AG,AA,CC,GG,AC,TT,TT,TT,TT,GG,CT,AC,GT,CC,CC,CC,GG,AA,TT,TT,CC,AA,AG,AA,CT,GG,GT,CG,GT,AA,AA,TT,CC,AG,CC,GG,CC,GT,CT,AA,CT,CC,CC,CG,AA,TT,CC,AA,CC,CT,AA,TT,AA,AT,CG,CT,CC,GG,AA,AA,AA,CC,GG,CC,CC,AA,AA,GG,TT,AG,AC,TT,TT,AG,CC,GT,GT,TT,CC,AA,GT,TT,TT,TT,CG,CC,NN,CC,CC,CC,CG,AC,AA,GG,AA,CC,TT,CG,GT,TT,GG,AA,AA,AA,GT,CC,CG,AC,CC,CC,GG,GG,AC,GG,CT,AC,AA,CG,GG,AA,CC,AA,AA,GT,TT,TT,AA,GG,GT,AA,CG,AA,GT,AA,GG,AA,CT,AA,TT,CC,CT,AC,CC,CT,CC,AA,CC,AG,CC,AT,TT,GT,GG,TT,AA,AC,AA,GG,CC,CG,GG,CC,GG,AA,AA,CC,TT,GG,CC,NN,AT,GG,CC,AT,CC,NN,AA,AC,CC,AC,TT,AA,GG,AA,AC,AA,AA,AG,AG,GG,AA,AT,GG,AC,GG,CC,AA,CC,AG,AA,GG,GG,GG,TT,AT,AA,TT,TT,TT,AA,AT,GG,GG,AA,6.93,Susceptible,Low,Premium,Late
L0750,Warangal,Telangana,Rabi,Black Cotton,Irrigated,410,26.5,60,AC,CT,GG,GG,GG,CC,GT,AT,CC,CC,AA,CC,CG,AT,TT,GT,CG,TT,TT,AG,CC,TT,GT,NN,TT,CC,TT,TT,GT,AA,TT,CT,AA,CC,GG,GG,GG,CC,GG,AC,TT,CT,AA,TT,AA,AG,TT,AT,CC,AC,GG,AA,AA,GG,CT,TT,AT,AA,TT,CC,AA,TT,AT,AG,TT,AT,CC,GG,TT,GG,AG,GG,CC,AA,GG,AA,AT,GG,TT,TT,GG,GG,GG,CC,AA,GG,AA,AA,CC,GT,CC,TT,CT,TT,TT,GG,TT,CC,TT,CC,CC,CC,GG,AA,TT,TT,CG,AG,AG,AC,CT,GT,TT,CC,TT,AA,AA,NN,CC,GG,CG,AG,CT,GT,TT,AG,CC,CC,CC,CC,AA,TT,CC,AA,CC,CC,AA,TT,NN,AA,GG,CT,CC,GG,NN,AG,AA,CC,GT,CC,CG,AA,AG,GG,TT,GG,AA,TT,CT,GG,AC,TT,GT,TT,CC,AA,GT,TT,AA,NN,GG,GG,AG,CT,AC,CC,GG,AC,AA,GG,AA,CC,TT,CC,TT,TT,CG,TT,AA,AA,TT,CC,GG,AA,CC,CC,GG,GG,AC,GG,TT,AC,AA,CC,GG,AT,AC,AA,AA,GG,TT,TT,AA,GG,TT,AA,CG,AA,GG,AA,GG,NN,TT,AA,TT,CC,CT,AA,CC,TT,CG,AA,CG,AG,CC,TT,TT,GT,GG,TT,AC,CC,AA,NN,CC,CG,GG,CC,GG,TT,AA,CC,TT,GG,CC,CG,AA,AG,CC,AA,CG,AA,AA,AC,CG,AC,AT,AA,GG,AA,AA,AC,AA,AG,AG,AA,AG,AA,GG,AC,AG,AC,AC,TT,GG,AG,GG,GG,CG,GT,AA,AG,TT,TT,TT,GG,TT,GG,GG,NN,6.53,Susceptible,Medium,Poor,Late
L0751,Warangal,Telangana,Rabi,Black Cotton,Irrigated,410,26.5,60,AC,TT,GG,AA,GG,CC,GG,TT,CC,CC,AA,CC,CC,TT,TT,GG,GG,TT,TT,AG,NN,TT,GT,CC,TT,CC,TT,TT,GT,AA,TT,CC,AA,CC,GG,CG,GG,CC,GG,CC,GT,CT,AC,TT,AG,GG,TT,TT,CC,CC,GG,AA,AA,GG,CT,GT,AA,AC,GT,AA,AA,TT,AT,AA,TT,AT,CC,GG,TT,GG,AA,GG,CC,AA,GG,AA,TT,GG,TT,TT,GG,GT,GT,CC,AA,GG,AA,AA,CC,GG,NN,TT,CT,TT,GT,GG,TT,CC,GG,CC,CC,CG,GG,AA,AA,TT,CG,AA,AA,AA,CC,GG,TT,CC,GT,AC,AC,AT,CG,GG,CC,GG,CC,GG,CT,AA,CT,CC,CC,CC,AA,GT,CC,AA,CC,CC,AA,TT,AA,AA,CG,CT,CC,AG,AA,GG,AA,AC,GG,CC,CC,AG,AA,AG,TT,GG,AC,GT,CT,GG,AC,TT,TT,TT,CC,AA,TT,TT,AA,TT,GG,CC,AG,CT,CC,CC,CG,CC,AA,GG,AA,CC,TT,CC,GG,GT,GG,AT,AA,AG,GT,CC,GG,AA,CC,CC,GG,GG,AC,GG,TT,AA,AA,CG,GT,TT,AC,NN,TT,GG,TT,NN,TT,GG,GG,AT,CG,AT,TT,AA,GG,AA,TT,AA,TT,CC,CT,AA,CC,TT,GG,AG,CC,AG,CC,TT,TT,GT,GG,TT,AA,CC,AG,GG,CC,CC,GG,CC,GG,TT,AA,CC,NN,GG,CC,CC,AT,GG,CG,AT,CC,AA,AA,CC,CC,AC,TT,AA,CC,AA,AC,AC,AA,AG,AA,AG,AG,TT,GG,AA,AA,AC,AA,CT,AA,AA,GG,GG,GG,GT,AA,AA,TT,TT,TT,AA,AA,GG,GG,AA,7.75,Resistant,Low,Standard,Early
L0752,Warangal,Telangana,Rabi,Black Cotton,Irrigated,410,26.5,60,AA,TT,GG,AG,NN,CC,GG,TT,CC,NN,AA,CT,CG,TT,TT,GG,GG,TT,NN,AA,CC,TT,GT,CT,AT,CC,TT,TT,GG,AA,TT,CC,AA,CC,GG,GG,GG,CC,GG,CC,TT,TT,AA,TT,AG,GG,TT,TT,CC,CC,GT,AA,AA,GG,CC,TT,AA,AA,GG,AC,AA,GT,TT,NN,TT,TT,CC,GG,TT,GT,AA,GG,CC,AA,GG,AC,AA,GG,TT,TT,GG,GG,GG,CC,AA,GG,AA,AA,CC,GT,AC,TT,CT,TT,TT,GG,TT,CC,GT,CC,CT,CC,AG,AA,TT,TT,CC,AA,GG,AA,TT,NN,GT,CC,GT,AA,AA,TT,CC,AG,CC,GG,CC,GT,NN,AA,CC,CC,CC,CC,AA,TT,CC,AA,CC,CC,AA,AT,AA,AA,GG,CC,CC,GG,AA,AG,AA,CC,GG,CC,CC,AA,AA,AA,GT,GG,AA,TT,TT,GG,AC,GT,TT,NN,CG,AA,GT,TT,AT,AT,GG,CC,AG,CC,CC,CC,GG,AC,AA,GG,AA,CC,TT,CC,GT,TT,CG,AT,AA,AG,TT,AC,GG,AA,CC,CC,GG,GG,AC,GG,TT,AA,AA,CC,GG,AA,CC,AA,AA,GG,GT,TT,AA,CG,GT,AT,CC,AT,TT,AA,GG,AA,CT,AA,TT,CC,CT,AC,CC,TT,CG,AG,CC,AG,CC,TT,TT,GG,GG,TT,AA,AC,AG,GG,CC,CC,GG,CC,GG,TT,AA,CC,GT,GG,CC,CC,AA,AG,CC,AA,CG,AA,AA,AC,GG,AC,TT,AA,GG,AT,AA,AA,AA,GG,AG,AA,AA,TT,GG,AC,AA,AC,AA,TT,AA,AA,GG,GG,CG,GT,AA,AA,TT,TT,TT,AG,TT,GG,GG,AA,7.22,Resistant,Medium,Standard,Early
L0753,Warangal,Telangana,Rabi,Black Cotton,Irrigated,410,26.5,60,AA,CT,GG,AA,GG,CC,GT,TT,CC,CC,AA,CC,NN,TT,TT,GG,GG,TT,TT,AA,CG,TT,GG,NN,TT,CC,TT,AT,GT,AA,TT,CC,AA,CC,GG,GG,GT,CG,GG,CC,TT,CT,AA,TT,AG,AG,TT,AT,CC,AA,GG,AA,AG,NN,CT,GT,AA,AC,GG,AA,AA,TT,TT,GG,TT,TT,CC,GG,TT,GG,AG,GG,CC,AA,GG,AC,TT,GG,TT,TT,GG,GG,GG,CC,AA,GG,NN,AA,CC,TT,AC,TT,CT,TT,TT,GG,TT,CC,GG,CC,CT,CC,AG,AA,TT,TT,CC,AA,AA,AC,CT,GG,TT,CC,TT,AA,AC,TT,CC,AA,CG,GG,CC,GG,TT,AA,CT,CC,CC,CC,AA,TT,CC,AA,CC,NN,AA,TT,AA,AA,GG,CT,CG,GG,AA,AG,AA,AC,GG,CC,CC,AA,AA,AG,GT,GG,AA,TT,CC,GG,CC,TT,TT,CT,CG,AA,GT,TT,AA,AT,GG,CC,AG,CT,CC,CC,GG,AC,AA,GG,AG,CC,TT,CC,GG,TT,CG,TT,AA,AA,TT,AC,GG,AA,CC,CC,GG,GG,NN,GG,TT,AC,AA,CC,GT,AA,AC,AA,NN,GG,TT,AT,AT,CG,GT,AA,CG,AT,GT,AA,GG,AA,CT,AA,TT,CC,TT,AA,CC,TT,NN,AG,CC,AG,CC,TT,TT,TT,GG,TT,AA,CC,AG,GG,CC,CG,GG,CC,GG,TT,AG,CC,GT,GG,CC,CC,AA,GG,CG,AA,CG,AA,AA,CC,GG,AC,TT,AA,GG,AA,AA,AC,AA,AG,AA,AG,AA,TT,GG,NN,AG,CC,AA,TT,NN,AA,GG,GG,GG,TT,AA,AA,GT,TT,AT,AG,AT,GG,GG,AA,7.81,Susceptible,High,Standard,Early
L0754,Warangal,Telangana,Rabi,Black Cotton,Irrigated,410,26.5,60,AC,TT,GG,AG,GG,CC,GG,TT,CC,CG,AA,CT,CG,AT,TT,GG,GG,TT,TT,AG,CC,GT,GT,NN,TT,CC,TT,TT,GG,AA,TT,CC,AA,CC,GG,CG,GG,CG,GG,CC,TT,CT,AA,TT,AA,AG,TT,TT,CC,AC,GT,AA,AA,GG,CC,TT,AT,AA,TT,AC,AA,TT,TT,AA,TT,AA,CC,GG,TT,GG,AA,GG,CC,AA,GG,AC,AT,GG,TT,TT,GG,GG,GT,CC,AA,GG,AA,AA,CC,GT,CC,TT,CT,TT,GT,GG,CT,AC,GG,CT,CT,CG,GG,AA,TT,GT,CC,AA,AG,AA,CT,GG,GT,CC,TT,AA,AA,TT,CC,AG,CC,GG,CC,GG,TT,AA,CC,CC,CC,CC,AA,TT,CC,AA,CC,CC,AA,TT,AA,AA,CG,CC,CC,GG,AA,AG,AA,CC,GG,CC,NN,AA,AG,GG,TT,GG,AA,GT,CT,GG,AC,GT,NN,TT,CC,AA,GT,TT,AT,AT,CG,CC,GG,CC,CC,CC,CG,CC,AA,GG,AA,CC,TT,CC,TT,TT,CC,AA,AA,AA,TT,CC,GG,AA,AC,CG,GG,GG,CC,GG,TT,AA,AG,CG,GT,AA,AC,AA,TT,GT,TT,AA,AA,GG,GT,AA,CC,AT,TT,AA,AG,AA,TT,AA,TT,CC,CT,AA,CC,TT,CG,AG,CC,AG,CC,AT,TT,GT,GG,TT,AA,AC,AG,GG,CC,CG,GG,CC,GG,AT,AA,GG,TT,GG,CC,CC,AA,AG,CC,AA,CC,AA,AG,AC,NN,AC,AT,AA,CG,AA,AA,AA,AA,GG,AG,AA,AA,TT,GG,AA,AA,AA,AC,TT,AG,AA,GG,GG,GG,GT,AA,AG,TT,TT,TT,NN,NN,GG,GG,AA,9.04,Susceptible,Low,Standard,Medium
L0755,Warangal,Telangana,Rabi,Black Cotton,Irrigated,410,26.5,60,AC,CT,GG,AG,GG,CC,GT,TT,CC,CG,AA,CC,CG,TT,TT,GG,GG,AT,TT,AA,CC,TT,GG,CC,AT,CC,TT,TT,GG,AA,TT,CC,AA,CC,GG,CG,GG,CG,GG,CC,TT,TT,AA,GT,GG,AG,TT,TT,CC,CC,TT,AA,AA,GG,CC,TT,AA,AA,GT,AA,AA,TT,AT,AG,TT,AT,CC,GG,TT,GG,AA,GG,AC,AA,AG,CC,AT,GG,TT,TT,NN,GT,GG,CC,AA,AG,AA,AA,CC,GG,CC,GT,CC,TT,TT,GG,TT,CC,TT,CC,CC,CC,GG,AA,TT,TT,CC,AA,GG,AA,CC,GG,TT,CC,TT,AA,AA,AT,CC,AG,CG,GG,CC,GT,TT,AA,CT,CG,CC,CC,AA,TT,CC,AA,CC,CC,AA,NN,AA,AA,GG,CC,CC,GG,AA,AA,AA,CC,GT,CC,CC,AA,AA,GG,TT,AG,AA,GT,CT,GG,CC,GT,GT,TT,CG,AA,TT,TT,AA,TT,GG,CC,AA,CT,CC,CC,GG,CC,AA,GG,AA,CC,TT,CC,TT,TT,GG,TT,AA,AA,TT,CC,GG,AC,AC,CC,GG,GG,AC,GG,TT,AA,AA,CC,GG,AA,AC,AA,TT,GG,GT,TT,AA,GG,GT,AT,CC,AT,GT,AA,GG,AA,CT,AA,TT,CC,CT,AC,CC,CT,CG,AA,CC,AA,CC,TT,TT,GG,CG,TT,AA,CC,AA,GG,CG,CG,GG,CC,GG,AT,AG,CC,TT,GG,CC,CC,AA,GG,CC,AA,CC,AA,AA,CC,CC,AC,TT,AA,GG,AA,AA,AC,AA,AG,AA,AA,AA,TT,CG,AC,AG,CC,AA,TT,AA,AA,GG,GG,GG,TT,AT,AG,TT,TT,TT,GG,TT,NN,CG,AA,3.8,Susceptible,Medium,Premium,Early
L0756,Warangal,Telangana,Rabi,Black Cotton,Irrigated,410,26.5,60,AC,TT,AG,AA,GG,CC,GT,AT,CC,CG,AA,CC,CG,TT,GT,GG,GG,TT,TT,AA,CC,GT,GG,CC,TT,CC,TT,AT,GG,AA,TT,CT,AA,CC,GG,GG,GG,CG,GG,CC,TT,TT,AC,TT,AA,GG,TT,TT,CC,AA,GT,AT,AG,GG,CC,NN,AA,AC,GT,AC,AG,TT,AT,AG,TT,AT,CC,GG,TT,GT,AG,GG,CC,AA,GG,AC,NN,GG,TT,TT,GG,GG,GG,CC,AT,AG,AA,AA,CC,GT,AC,TT,CC,TT,NN,GG,CC,CC,GG,CC,CC,CG,GG,GG,TT,NN,CC,AA,AG,AC,CC,GG,TT,CC,TT,AC,AA,TT,CG,GG,CC,AG,CC,GT,TT,AG,CC,CC,CC,CC,AA,TT,CC,AA,CC,CC,AA,TT,AA,AA,GG,CC,CC,GG,AA,AG,AA,AC,GG,CC,CC,NN,AG,GG,TT,GG,AC,TT,TT,GG,CC,TT,TT,CC,CC,TT,TT,TT,AT,AT,CG,CC,AG,TT,CC,CC,CG,CC,AA,GG,AG,CC,TT,CG,TT,TT,GG,TT,AA,AG,TT,CC,GG,AA,CC,CG,GG,GG,AC,GG,TT,AC,AA,CC,GG,AA,AC,AA,AA,GT,TT,AT,AT,CG,GG,AT,CG,TT,TT,AA,GG,AA,TT,AA,TT,CG,CT,AA,CC,TT,CG,AA,CG,AG,CC,TT,TT,GG,GG,TT,CC,CC,AA,GG,CC,CG,GG,CC,GG,TT,AA,CG,TT,GG,CC,CC,AA,GG,CG,AT,CC,AA,AA,AC,CG,CC,TT,AA,GG,AA,AA,AA,AA,GG,AA,AA,AA,AT,GG,AA,AG,CC,AC,TT,AA,AA,GG,GG,GG,TT,AA,AA,GT,TT,TT,AG,TT,GG,GG,AA,5.67,Susceptible,High,Standard,Late
L0757,Warangal,Telangana,Rabi,Black Cotton,Irrigated,410,26.5,60,AC,TT,AG,AG,GG,CC,GG,TT,CC,GG,AT,CC,CG,AT,TT,GG,CG,TT,TT,AA,CC,TT,GT,CC,AT,CC,TT,TT,GG,AA,TT,CC,AA,CC,GG,CG,GG,CC,GG,CC,TT,CC,AA,TT,AA,AG,CT,AA,CC,AA,GG,AA,AG,GG,CC,TT,AA,AA,GT,AA,AG,TT,TT,AA,TT,AT,CC,GT,CT,GT,AA,GG,CC,AA,AG,AC,AA,GG,GT,TT,GG,GG,GG,CC,AA,AG,AA,AT,CC,TT,CC,TT,CC,TT,GT,GG,CT,NN,GT,CC,CC,CG,AA,NN,TT,TT,NN,AA,AA,AA,CC,GG,TT,CC,TT,AA,AA,TT,CC,GG,CC,GG,CC,GG,TT,AA,CT,CC,CC,CC,AA,TT,CC,AA,NN,CC,AA,TT,AG,AT,GG,CC,CC,GG,AA,AA,AA,AC,GG,CC,CC,AA,GG,GG,TT,AA,AA,TT,CT,GG,NN,TT,TT,TT,CC,AT,GT,TT,AA,TT,GG,CG,AG,CT,CC,CC,CG,CC,AA,GG,AA,AC,TT,CG,GG,GT,GG,TT,AA,AA,TT,CC,GG,AA,CC,CC,GG,GG,AC,GG,TT,AA,AA,CC,GG,AA,CC,AA,AT,TT,TT,TT,AA,GG,GT,AA,CC,AT,TT,AA,GG,AA,CT,AA,TT,CC,CT,AA,AC,TT,CG,AA,CG,AG,CC,TT,TT,GT,GG,TT,AA,CC,AA,GG,CC,CC,GG,CC,GG,TT,AA,CG,GT,GG,CC,CG,AA,AG,CC,AT,CC,AA,AA,CC,CC,CC,TT,AA,GG,AA,AA,AC,AA,AA,AG,AA,AA,TT,GG,AA,GG,CC,AA,TT,AA,AG,GG,GG,GG,GT,NN,AA,GG,TT,TT,AA,TT,GG,GG,AA,8.45,Susceptible,High,Poor,Late
L0758,Warangal,Telangana,Rabi,Black Cotton,Irrigated,410,26.5,60,AC,TT,GG,AG,GG,CC,GG,AT,CC,CC,AA,CC,CC,AT,TT,GT,CG,TT,TT,AA,CC,TT,TT,CC,TT,CC,TT,TT,GG,AA,TT,CC,AA,CC,GG,GG,GG,CG,GG,CC,TT,TT,AA,TT,AG,AG,TT,AT,CC,NN,GT,AA,AA,GG,CC,TT,AT,AA,GT,AC,AA,TT,AT,AA,CT,AT,CC,GG,TT,GT,AA,GG,CC,AA,AG,AA,AA,GG,TT,TT,GG,GT,GG,CC,AT,GG,AG,AA,CC,GT,CC,GT,CT,TT,TT,GG,TT,CC,GT,CC,CC,CC,AG,NN,NN,TT,CC,AA,AG,AA,CC,GG,TT,CC,TT,NN,AC,TT,CC,AG,CC,GG,CC,GG,TT,AA,CC,CC,CC,CC,AA,TT,CC,AA,CC,CC,AA,TT,AG,AA,GG,CT,CC,AG,AA,AA,AA,CC,GT,CC,CG,AA,AA,GG,GG,GG,AC,TT,TT,GG,CC,GG,GT,TT,CC,AA,TT,TT,AT,TT,GG,CG,AG,CC,CC,CC,CC,CC,AA,GG,AG,CC,TT,CC,GT,GT,GG,AT,AA,AA,NN,CC,GG,AC,CC,NN,GG,GG,AA,GG,TT,AC,AA,CC,GG,AT,CC,AT,AA,GG,TT,AT,AA,CG,GG,NN,CC,AA,GT,AA,GG,AA,TT,AA,TT,CC,TT,AC,CC,CT,CG,AG,CC,GG,AC,TT,TT,TT,CG,TT,AC,CC,GG,GG,CG,GG,GG,CC,GG,AA,AG,CC,GT,GG,CG,CC,AA,GG,CC,AT,CC,AT,AA,AC,NN,CC,TT,AA,CG,AA,AA,AC,AA,AG,GG,AA,AA,AT,GG,AA,AG,AC,AC,NN,AA,AA,GG,GG,CG,TT,AT,AA,GT,TT,TT,AA,AA,GG,CG,AC,7.62,Moderate,Low,Premium,Late
L0759,Warangal,Telangana,Rabi,Black Cotton,Irrigated,410,26.5,60,AC,TT,GG,AA,GG,CC,TT,AT,CC,CC,AA,CC,CG,TT,TT,GG,CG,TT,TT,AA,CC,GT,TT,CC,TT,CC,TT,TT,GG,NN,TT,CC,AA,CC,GG,GG,GG,CG,GG,CC,TT,CT,AA,TT,AA,GG,TT,TT,CC,CC,GT,AA,AA,GG,CC,GT,AA,AA,GT,AA,AA,TT,AT,AA,TT,AT,CC,GG,TT,GT,AA,GT,AC,AA,GG,AC,AA,AG,TT,TT,GG,GG,GG,AC,AA,GG,AA,AT,CC,GT,AC,TT,CT,AT,TT,AG,TT,CC,TT,CT,CC,CG,AG,AA,TT,TT,CC,AA,AA,AA,CT,GG,GT,CC,GT,AA,AA,AT,CC,AG,CG,GG,CC,TT,TT,AA,CC,CC,CC,CC,AA,TT,CC,NN,CC,CC,AA,AA,AA,AA,GG,CC,CC,GG,AA,AG,AA,AC,GG,CC,CG,AA,AG,GG,TT,AG,AC,TT,TT,GG,CC,GG,TT,TT,CC,AA,TT,CT,TT,TT,GG,CC,AG,CC,AC,CC,GG,CC,AA,GG,AA,CC,TT,CC,NN,TT,GG,AT,AA,AA,TT,CC,GG,AA,CC,CC,GG,NN,AC,CG,TT,AC,AA,CC,GG,AT,AC,AA,AT,GT,TT,TT,AT,GG,GT,AT,CC,AT,TT,AA,GG,AA,CC,AA,TT,CC,TT,AC,CC,TT,CG,AA,CC,AG,AC,TT,TT,GT,GG,TT,AA,CC,AA,GG,CC,CG,GG,CC,GG,TT,AG,CC,TT,GG,CC,CC,AA,AG,CC,AA,CC,AA,AA,AC,CG,CC,TT,AA,GG,AA,AA,AA,AA,GG,GG,AA,AA,TT,GG,AA,AA,AC,AA,CT,AG,AA,CG,GG,GG,TT,AA,AG,TT,TT,TT,AG,AT,NN,GG,AA,6.73,Resistant,Medium,Premium,Late
L0760,Warangal,Telangana,Rabi,Black Cotton,Irrigated,410,26.5,60,AC,CC,GG,GG,GG,CG,GG,TT,CC,CG,AA,CC,CG,TT,TT,GG,CG,TT,TT,AG,CC,TT,GT,CC,TT,CC,TT,TT,GT,AA,TT,CC,AA,CC,GG,CG,GG,CG,GG,CC,NN,TT,AA,TT,AA,GG,CT,TT,CC,AC,GG,AT,AA,NN,CC,TT,NN,AC,TT,AA,AA,TT,AT,AA,TT,AT,CC,GG,TT,TT,NN,GG,CC,AA,AG,AA,AA,GG,TT,TT,GG,GG,GG,CC,AA,GG,AA,AA,CC,GT,AC,TT,CC,TT,GT,GG,TT,AA,TT,CC,CT,CC,AA,AA,AT,TT,CC,AA,AA,AC,CC,GT,TT,CC,TT,AC,AA,TT,CC,GG,CC,AG,CC,GG,TT,AA,CT,CC,CC,CC,AA,TT,AC,AA,CC,CC,AA,AT,AA,AA,GG,CC,CC,GG,AA,AG,AA,AC,GG,CC,CC,AA,NN,AG,TT,GG,AA,GT,CT,GG,CC,TT,TT,CT,CC,AT,GG,TT,AA,AT,GG,CC,AG,CC,CC,CC,CG,CC,AA,GG,GG,CC,TT,CC,GG,TT,GG,AA,AA,AA,TT,CC,GG,AC,AA,CC,GG,GG,AA,GG,TT,AA,AG,CC,GG,AT,AC,AA,AA,GG,GT,TT,AT,GG,GT,AA,CC,AT,TT,AA,GG,AA,TT,AA,TT,CC,TT,AA,CC,TT,CG,AA,CC,AA,CC,TT,CT,GT,GG,TT,AA,AC,AG,GT,CC,CG,GG,CC,GG,TT,AA,CG,TT,GG,CC,CC,AA,GG,CG,AA,CC,AA,AA,AC,GG,CC,TT,AA,GG,AA,AA,AA,AA,AG,AG,AA,AA,TT,GG,CC,AA,AA,AC,TT,AA,AA,GG,GG,GG,TT,AT,AA,TT,TT,TT,AG,AA,GG,GG,AA,4.58,Susceptible,Medium,Standard,Early
L0761,Warangal,Telangana,Rabi,Black Cotton,Irrigated,410,26.5,60,AC,CT,GG,AG,GG,CC,GG,TT,CC,CC,AT,CC,CC,AT,TT,GT,CG,TT,TT,AG,CG,TT,GT,CC,TT,CC,TT,TT,GG,AA,TT,CC,AA,CC,GG,GG,GG,CC,GG,CC,TT,CT,AA,TT,AA,GG,TT,TT,CC,AA,GG,AA,AG,GG,CT,TT,AA,AC,GG,AA,AA,TT,TT,AA,TT,TT,CC,GG,CT,GG,AG,GG,CC,AA,GG,AC,AA,GG,TT,TT,GG,GG,GG,CC,AT,GG,AA,AA,CC,GT,AC,TT,CT,TT,TT,GG,TT,CC,TT,CC,CC,CC,AG,AA,TT,TT,CG,AA,AA,AA,CC,GG,TT,CG,TT,CC,AA,TT,CC,GG,CG,GG,CT,GG,TT,AG,CC,CC,CC,CC,AA,TT,CC,AA,CC,CC,AA,AT,AA,AT,GG,CC,CG,GG,AA,AG,AT,CC,GG,CG,CC,AA,AG,GG,GT,GG,AA,GT,TT,GG,AC,GT,TT,TT,CG,AA,TT,TT,AA,TT,GG,CC,AG,CT,AC,AC,GG,CC,AA,AG,GG,CC,TT,CC,GG,GT,CG,AT,AA,AA,TT,CC,GG,AA,CC,CC,GG,GG,CC,GG,TT,AC,AA,CC,GG,AT,CC,AA,AT,GT,TT,AT,NN,GG,GT,AT,CG,AT,GG,AA,GG,AG,TT,AA,TT,CC,TT,AC,CC,TT,GG,AA,CC,AG,CC,TT,TT,GT,GG,TT,AA,AC,AA,GG,CC,CG,GG,CC,GG,AT,AA,CG,TT,GG,CC,CC,AT,GG,CG,AA,CC,AA,AA,CC,CG,CC,TT,AA,GG,AA,AA,AA,AA,AG,AG,AG,AA,TT,CG,AA,AA,CC,AA,CC,AA,AA,GG,AG,GG,TT,AA,AA,GT,TT,NN,GG,TT,GG,GG,AA,6.91,Moderate,Medium,Premium,Medium
L0762,Warangal,Telangana,Rabi,Black Cotton,Irrigated,410,26.5,60,AC,CT,GG,AA,GG,CC,GT,TT,CC,CC,AA,CC,CC,AT,GT,GG,CG,TT,TT,AA,CC,TT,GT,CT,TT,CC,GT,TT,GT,AC,TT,CC,AA,CC,GG,CG,GG,CC,GG,AC,TT,TT,AA,TT,GG,GG,CC,AT,CC,NN,GG,AT,AG,GG,CT,TT,AA,NN,GG,AC,AA,GT,AT,AG,TT,AA,CC,GG,TT,GT,AA,GG,CC,AA,GG,CC,AA,GG,TT,TT,GG,GG,GG,CC,AA,GG,AA,AT,CC,GG,AC,TT,CC,TT,TT,GG,TT,CC,TT,CC,CT,CC,AG,AA,TT,TT,CG,AA,AG,AA,CT,GG,GT,CC,TT,AA,AA,TT,CC,AA,CC,GG,CC,GT,TT,AG,CC,CC,CC,CC,AA,TT,CC,AA,CC,CC,AA,TT,AA,AA,NN,CC,CC,AG,AA,AG,AA,AC,GT,CC,CC,AA,AG,GG,TT,AG,AA,TT,CT,GG,CC,GT,GT,TT,CG,AA,TT,CT,AT,TT,GG,CC,AA,CT,CC,CC,GG,CC,AA,GG,AG,CC,TT,CG,GG,GT,GG,TT,AA,AA,TT,CC,CG,AA,CC,CC,GG,GG,CC,GG,TT,AA,AA,CC,GG,AT,CC,AA,AA,GG,TT,AT,AT,GG,GT,AT,CC,AT,TT,AA,GG,AA,CT,AA,TT,CC,TT,AC,CC,TT,GG,NN,CC,AG,CC,TT,TT,GT,GG,TT,AC,AC,AA,NN,CC,CG,GG,CC,GG,TT,AG,CC,TT,GG,CC,CC,AA,GG,CC,AA,CC,AT,AA,AA,CC,AC,AT,AA,GG,AA,CC,AC,AA,AG,AG,AG,AA,AT,GG,AC,AG,CC,AC,TT,AA,AA,GG,GG,GG,TT,AA,AG,TT,TT,TT,GG,AT,GG,CC,AA,4.51,Moderate,High,Premium,Late
L0763,Warangal,Telangana,Rabi,Black Cotton,Irrigated,410,26.5,60,AA,CT,GG,AG,GG,CC,GT,TT,CC,CC,AA,CT,CC,TT,GT,GG,GG,TT,TT,GG,CC,GT,GT,CC,TT,CC,TT,AT,GG,NN,TT,CC,AA,CC,GG,GG,GG,CC,GG,CC,TT,CT,AA,TT,AA,GG,TT,TT,CC,CC,GG,AA,AA,GG,CT,GT,AA,AA,TT,AA,AA,TT,TT,AG,CT,TT,CC,GG,NN,GT,AG,GG,CC,AA,GG,AC,AT,GG,TT,TT,GG,GG,GG,CC,AA,GG,AG,AA,CC,TT,AC,TT,CT,TT,GG,GG,CT,CC,TT,CC,CC,GG,AA,AG,TT,TT,CC,AA,AA,AA,CC,GG,TT,CC,NN,AA,AA,AT,CG,AG,CC,GG,CC,GG,TT,AG,CC,CG,CC,CC,AA,TT,CC,AA,CC,CT,AA,TT,AA,AA,GG,CC,CC,GG,AA,AG,AA,CC,GG,CC,CG,AA,AA,GG,TT,GG,AC,TT,TT,GG,AC,TT,TT,CT,CC,AT,TT,TT,AA,TT,GG,CC,AA,CC,CC,CC,NN,CC,AA,AA,AG,AC,TT,CC,GG,GT,GG,AT,AA,AG,TT,CC,GG,AA,CC,CC,GG,GG,AC,GG,CT,AA,AA,CC,GT,AT,AC,AA,AT,GT,TT,AT,AA,GG,GG,AA,CC,TT,TT,AA,GG,AA,TT,AC,AT,CG,NN,AA,CC,TT,GG,AA,CG,GG,CC,AT,TT,TT,GG,TT,AA,AC,AG,GG,CC,CC,GG,CC,GG,TT,AG,CC,GT,GG,CC,CC,AA,GG,CC,AA,CC,AT,AA,AA,CG,CC,TT,AA,GG,AA,AA,AC,AA,AG,AA,AA,AA,TT,CC,AA,AA,CC,AA,TT,AG,AA,GG,GG,CG,TT,AA,AG,TT,TT,TT,GG,AT,GG,CG,AA,9.02,Susceptible,Low,Poor,Early
L0764,Warangal,Telangana,Rabi,Black Cotton,Irrigated,410,26.5,60,AA,TT,GG,AA,GG,CC,GT,TT,CC,GG,AA,CC,CG,TT,GT,GG,CG,TT,TT,AA,CC,TT,NN,CC,TT,CC,GT,TT,GG,AA,TT,CC,AA,CC,GG,GG,GG,CC,GG,CC,TT,NN,AA,TT,AA,GG,TT,TT,CC,CC,GT,AA,AA,GG,CC,TT,AT,AC,GG,AC,AA,TT,TT,AG,TT,TT,CT,GG,TT,GG,AG,GG,NN,AA,AG,AA,AT,GG,TT,TT,GG,GT,GG,CC,AT,GG,AA,AA,CC,GT,CC,TT,CC,TT,TT,GG,TT,CC,GT,CC,CT,CC,GG,AA,TT,TT,CC,AG,AG,AA,CC,GG,TT,CG,TT,AA,AC,TT,GG,AG,CC,GG,CC,GG,TT,AA,CC,CC,CC,CG,AA,TT,CC,AA,CC,TT,AA,TT,AA,AA,GG,CT,CC,GG,AA,AG,AA,CC,GG,CC,CC,AA,AA,GG,GT,GG,AC,TT,CT,AG,NN,TT,TT,TT,CC,AA,GT,TT,AA,TT,CG,CG,AA,CT,CC,CC,GG,CC,AT,GG,AG,CC,TT,CC,GT,TT,GG,TT,AA,AA,TT,AA,GG,AA,CC,CC,GG,GG,CC,GG,TT,NN,AA,CC,GG,AT,CC,AA,AA,GG,GT,TT,AT,GG,GT,AA,CC,AA,NN,AA,GG,AA,CT,AC,TT,CC,TT,AA,CC,CT,GG,AG,CC,AG,CC,TT,NN,TT,GG,TT,AC,AC,AA,GG,CC,CC,GG,CC,GT,AT,GG,CC,TT,GG,CC,CC,AA,GG,CG,AT,CC,AT,AA,CC,CG,AC,TT,AA,GG,AA,AA,AC,AA,AG,AG,AA,AA,TT,GG,AC,AG,AC,AC,TT,AG,AA,GG,GG,GG,TT,AA,AG,TT,TT,TT,GG,TT,GG,GG,AA,4.5,Susceptible,Medium,Poor,Early
L0765,Warangal,Telangana,Rabi,Black Cotton,Irrigated,410,26.5,60,AC,CT,AG,AA,GG,CC,GG,NN,CC,CC,AA,CC,CC,TT,TT,GG,GG,TT,TT,AA,GG,GT,GT,TT,TT,CC,TT,TT,GG,AA,TT,CT,AA,CC,AG,GG,GG,CC,GG,CC,TT,TT,AA,TT,AA,AA,TT,AA,CC,AC,GG,AA,AG,GG,CT,TT,AA,AC,TT,AC,AG,GT,TT,AA,TT,TT,CC,GG,TT,NN,GG,GG,CC,AA,AG,AC,AT,GG,GT,TT,GG,GG,GT,CC,AA,GG,AA,AA,CC,GT,CC,GT,CT,TT,GT,NN,CT,CC,GT,CC,CC,CG,GG,AA,TT,TT,CC,AA,AG,AA,CC,GG,TT,CC,TT,AA,AA,TT,CG,GG,CC,GG,CC,GT,CT,AA,CC,CC,AC,CC,NN,TT,CC,AA,CC,CT,AA,TT,AA,AA,CG,CC,CC,GG,AA,AG,AA,CC,GT,CC,CG,AA,AA,AG,TT,GG,AC,TT,CT,GG,CC,TT,TT,TT,CC,AT,TT,TT,AT,TT,GG,CC,AA,CC,AC,CC,GG,AC,AA,AG,AA,CC,TT,CC,TT,TT,GG,AT,AA,AG,TT,CC,GG,CC,AC,NN,GG,GG,AC,CG,TT,AA,AA,CC,GG,AA,CC,AA,AT,GG,TT,AT,AA,CG,GG,AT,CC,AT,GT,AA,GG,AG,CC,AA,TT,CC,TT,AA,CC,CT,GG,AA,CC,GG,CC,TT,TT,TT,GG,AT,AA,AC,AG,GG,CC,CG,GG,NN,GG,AA,AA,CC,TT,GG,CC,CC,AT,GG,CC,AA,CG,AA,AA,AC,CG,AC,TT,AA,GG,AA,AA,AC,AA,AA,AA,AA,AA,TT,GG,AA,AA,AC,AA,CC,AG,AA,CG,GG,GG,TT,TT,AA,TT,TT,TT,AA,AA,GG,GG,AA,10.31,Susceptible,Low,Poor,Early
L0766,Warangal,Telangana,Rabi,Black Cotton,Irrigated,410,26.5,60,AC,TT,GG,AG,GG,CC,GT,AT,CG,CG,AA,CC,CG,AT,TT,GT,GG,TT,TT,AA,CC,TT,GT,CC,TT,CC,TT,AT,GG,AA,TT,CT,AA,CC,AG,CG,GG,CC,GG,NN,TT,CT,AA,GT,AA,AG,TT,AT,CC,AC,GG,AA,AG,GG,TT,GT,AA,AA,TT,AA,AA,TT,AT,AA,TT,AT,CC,GG,TT,GG,AG,GG,CC,AA,AA,AA,AA,GG,GT,TT,GG,TT,GT,CC,AA,GG,AA,AA,CC,TT,AC,NN,CC,TT,GT,GG,TT,NN,TT,CC,CC,CC,AG,AA,TT,TT,CG,AA,AG,NN,CT,GG,TT,CC,TT,AA,AC,AT,CG,GG,CC,AG,CC,GT,TT,AG,CT,CC,CC,CC,AA,NN,CC,AA,CC,CC,AA,TT,AA,AA,CG,CC,CC,AG,AA,AA,AA,CC,GG,CC,CC,AA,AG,GG,TT,AG,AC,TT,TT,AG,CC,TT,GT,NN,CC,AT,TT,TT,AA,AT,GG,CC,AG,CT,CC,CC,GG,AC,AA,GG,GG,NN,TT,CC,GT,TT,GG,AT,AA,AA,TT,CC,CG,AA,AC,CC,NN,GG,AC,GG,TT,AC,NN,CC,GG,AA,CC,AA,TT,GG,TT,TT,AA,NN,GG,AA,CC,AT,GT,AA,GG,AA,CT,AA,TT,CC,TT,AA,CC,TT,GG,AG,CC,AG,NN,TT,CT,GT,GG,TT,AA,AC,AG,GT,CC,CG,GG,CG,GG,AT,AA,CG,TT,GG,CC,CC,AA,GG,CG,AA,CC,AA,AA,CC,CC,CC,TT,AA,GG,AA,AA,NN,AA,AG,AG,AA,NN,TT,GG,AA,AG,CC,AA,CT,AA,AA,GG,GG,GG,GT,AA,AA,GG,TT,AT,AA,TT,GG,CG,AC,5.05,Moderate,High,Standard,Late
L0767,Warangal,Telangana,Rabi,Black Cotton,Irrigated,410,26.5,60,AC,CT,GG,AA,GG,CC,GT,TT,CC,CG,AA,CC,CG,TT,GT,GG,GG,TT,TT,AG,CC,GG,TT,CC,TT,CC,TT,AA,GT,AA,CT,CC,AG,CC,GG,GG,GG,CC,GG,AC,TT,CT,AC,GT,AG,GG,TT,NN,CC,AA,GG,AA,AA,GG,CT,TT,AA,AC,GT,AC,AA,TT,AT,AA,TT,AT,CC,GG,TT,GT,AA,GG,CC,AA,GG,AC,AT,GG,GT,TT,GG,GG,GT,CC,AT,GG,AA,AT,CC,GG,AC,GT,CC,TT,GT,GG,TT,CC,GT,CC,CT,NN,GG,AA,TT,TT,CC,AA,AA,AC,CC,GG,TT,CC,TT,AA,AA,TT,CG,GG,CG,GG,CC,GT,CT,AA,CC,CC,CC,GG,AA,TT,CC,AA,CC,CT,AA,TT,AA,AT,GG,CT,CC,GG,AA,AG,AA,CC,GT,CC,CC,AA,AG,GG,TT,GG,AC,TT,CT,GG,AC,GT,GT,CT,CC,TT,TT,TT,AA,TT,CG,NN,AG,CT,CC,CC,CG,CC,AA,GG,AA,CC,TT,CC,GG,TT,GG,TT,AA,AA,TT,AC,GG,CC,CC,CC,GG,GG,NN,CG,TT,AA,AA,CG,GT,AA,CC,AA,AA,GG,GT,TT,AA,GG,GG,AT,CC,TT,GT,AA,GG,AA,TT,AC,TT,CG,CT,AC,AC,TT,GG,AG,CC,AG,CC,TT,TT,TT,CG,TT,AA,CC,AG,GT,CC,CC,GG,CC,GG,TT,AA,CC,TT,GG,CC,CC,AA,AG,CC,AA,CC,AA,AA,CC,CG,AC,TT,AA,GG,AA,AA,CC,AC,GG,AA,AA,AA,TT,GG,AA,AA,CC,NN,TT,AA,AA,GG,GG,GG,TT,AA,AA,TT,TT,TT,AG,NN,GG,GG,AA,4.97,Moderate,Low,Premium,Early
L0768,Warangal,Telangana,Rabi,Black Cotton,Irrigated,410,26.5,60,AA,TT,GG,AA,GG,CC,GT,TT,CC,CG,AA,CC,CG,AT,TT,GT,GG,TT,TT,AA,CC,TT,GT,CC,TT,CC,TT,TT,GG,AA,TT,CC,AG,CC,GG,GG,GG,CC,GG,CC,TT,TT,AA,TT,AA,GG,TT,TT,CC,AA,GG,AA,AG,CG,NN,TT,AA,AA,GG,AC,AG,TT,TT,AG,TT,TT,CC,GG,TT,GT,AG,GG,CC,AA,GG,AC,AT,GG,TT,TT,GG,GG,GG,CC,AA,GG,AA,AA,CC,TT,AC,TT,NN,TT,TT,AG,CC,CC,GT,CC,CT,CG,AG,AA,TT,TT,CC,AA,AG,AC,TT,GG,TT,NN,TT,AA,AA,TT,NN,AG,CG,AG,CC,GT,TT,AA,CC,CC,CC,CC,AA,TT,AC,AA,CC,CT,AA,TT,AG,AT,GG,CC,CC,GG,AA,AG,AT,AC,GG,CC,CC,AA,AA,GG,TT,GG,AC,TT,CT,GG,AC,GT,GT,TT,CC,AA,NN,TT,AT,TT,GG,CC,AA,CT,CC,CC,CG,AC,AA,GG,AA,CC,TT,CC,GG,GT,CG,TT,AA,AA,TT,CC,CG,AA,CC,CC,GG,NN,CC,CG,CT,AC,AA,CC,NN,AT,AC,AA,AA,GG,TT,TT,AT,GG,TT,AT,CC,TT,GT,AA,GG,AA,TT,AA,TT,CC,TT,CC,CC,CT,GG,AA,CG,AG,CC,TT,CT,GT,GG,TT,AA,AC,AG,GG,CC,CG,GG,CC,GG,TT,AA,CC,TT,GG,CC,CG,AA,GG,CC,AA,CC,AA,AA,AC,CC,CC,AT,AA,GG,AA,AA,AC,AC,AG,AG,GG,AA,AT,GG,AA,AG,AA,AC,TT,AA,AA,GG,GG,GG,TT,AA,AA,GT,TT,TT,AA,NN,GG,GG,AA,8.39,Susceptible,High,Standard,Medium
L0769,Warangal,Telangana,Rabi,Black Cotton,Irrigated,410,26.5,60,AC,TT,AG,AG,GG,CG,GT,TT,CC,CC,AA,CC,CC,TT,TT,GG,GG,TT,NN,AG,CG,GT,TT,CT,AA,CC,TT,TT,GG,AA,TT,CC,AA,CC,GG,CG,GT,GG,GG,CC,TT,CT,AA,GT,AA,AG,NN,AT,CC,AA,GT,AT,AG,GG,CC,TT,AA,AC,GG,AC,AA,GT,TT,AA,CT,TT,CC,GG,TT,GT,AG,GG,CC,AA,GG,AC,AT,GG,TT,TT,GG,GT,GG,CC,AA,GG,AG,AA,CG,NN,AC,TT,CC,AT,GT,GG,TT,CC,TT,CC,CC,CG,GG,AG,TT,TT,CC,AA,GG,AA,CC,GG,TT,CC,GT,AA,AA,TT,CC,AA,CC,GG,CC,GG,TT,AG,CC,CC,CC,CC,AA,GT,CC,AA,CC,CT,AA,TT,AG,AA,GG,CC,CC,GG,AA,GG,AA,AC,GG,CC,CC,AA,AG,GG,TT,GG,AA,TT,CT,GG,AC,TT,GT,TT,CC,AT,GT,TT,AA,AT,CG,CC,AG,TT,CC,AC,GG,AC,AA,AG,AA,CC,TT,CG,GT,TT,CG,TT,AA,AA,TT,AC,CG,AC,AC,CC,GG,GG,AA,GG,TT,AC,AA,CC,GG,AA,AC,AA,AT,GG,GT,AT,TT,GG,TT,AT,CC,TT,GG,AA,GG,AG,TT,AC,TT,CC,TT,AA,CC,CT,GG,AG,CG,AG,CC,TT,TT,GT,GG,TT,NN,AC,AG,GG,CC,CC,GG,CC,GG,AT,AA,CC,TT,GG,CC,CC,AA,GG,CC,AA,CC,AA,AA,AC,GG,CC,TT,AA,CG,AA,AA,AC,AA,AA,AA,AA,AA,TT,GG,AC,AA,CC,AC,TT,AA,AA,GG,GG,GG,TT,AA,AA,TT,TT,TT,AG,TT,GG,GG,AA,6.63,Susceptible,High,Poor,Early
L0770,Warangal,Telangana,Rabi,Black Cotton,Irrigated,410,26.5,60,AA,CT,GG,AA,GG,CG,GT,AA,CC,GG,AT,CT,CG,AT,TT,GG,CG,TT,TT,AA,CC,TT,TT,CC,TT,CT,TT,TT,GG,AA,TT,CC,AA,CC,GG,GG,GG,CC,GG,AC,GT,CC,AC,TT,AG,GG,TT,TT,CC,AC,GT,AA,AA,GG,CT,TT,AT,AA,GG,AC,AA,TT,TT,AA,TT,AT,CC,GG,TT,GG,AA,GT,CC,AA,AG,AA,AT,GG,TT,TT,GG,GG,GG,AC,AT,AG,NN,AA,CC,TT,CC,TT,CT,TT,TT,GG,CT,CC,TT,CC,CC,CG,AA,AA,TT,TT,CC,AA,AG,AA,CT,GG,TT,CC,TT,AC,AA,TT,CC,GG,CG,GG,CC,GG,CT,AA,CC,CC,CC,CC,AA,TT,CC,AA,CC,CC,AA,NN,AA,AA,GG,CT,CC,GG,AA,AA,AA,CC,GT,CC,CG,AA,AG,GG,GT,GG,AC,GG,TT,AG,CC,GT,TT,TT,CC,AA,GT,TT,AA,TT,CC,CC,AA,CC,CC,CC,CG,CC,NN,GG,AG,CC,TT,CG,GG,GT,GG,AT,AA,GG,TT,AC,CG,AA,CC,CC,GG,GG,AA,GG,TT,AA,AA,CC,GG,AA,CC,AA,AA,GG,TT,TT,AA,CG,GT,AT,CG,AT,GT,NN,GG,AA,CT,AA,TT,CC,TT,AC,CC,TT,GG,AG,CC,AA,CC,TT,TT,GT,GG,TT,AA,AA,AA,GG,CC,NN,GG,CC,GG,TT,AA,CC,GT,GG,CC,CC,AA,GG,CC,AA,CG,AA,AA,CC,CG,AA,TT,AA,GG,AA,AA,AA,AA,GG,NN,AG,AA,TT,GG,AA,AG,AC,AA,TT,AA,AA,GG,GG,GG,TT,AA,AA,GT,TT,TT,AA,AA,GG,GG,AA,9.8,Resistant,Low,Standard,Late
L0771,Warangal,Telangana,Rabi,Black Cotton,Irrigated,410,26.5,60,AC,CT,GG,AG,CG,CC,GG,TT,CC,CG,AA,NN,CG,TT,GT,GG,GG,AT,TT,AA,CC,GT,GT,CC,AT,CC,NN,TT,GG,AA,TT,CT,AA,CC,GG,GG,GG,GG,GG,CC,TT,TT,AA,GT,AA,AG,TT,AT,CC,AC,GT,AA,AA,GG,CC,TT,AA,AA,GT,CC,AA,GT,TT,GG,TT,AT,CC,GT,TT,GG,AA,GG,CC,AA,GG,AC,AT,GG,TT,TT,GG,GG,GG,CC,AT,GG,AA,AA,CC,TT,CC,TT,CC,TT,GT,GG,TT,CC,TT,CT,CC,CG,AG,AA,TT,TT,CC,AA,AG,AA,CT,GG,GT,CC,TT,AA,AA,AT,CC,AG,GG,AG,CC,GG,CT,AA,CC,CC,CC,CC,AA,TT,CC,AA,CC,CT,AA,TT,AA,AA,GG,CC,CG,GG,AA,AA,AA,AC,GG,CC,CC,AA,AA,GG,GT,GG,AA,GT,TT,AG,CC,TT,TT,TT,NN,AA,TT,TT,AT,TT,GG,CC,AA,CT,CC,CC,GG,CC,AA,GG,GG,CC,TT,CC,NN,GT,GG,TT,AA,AA,GT,CC,GG,NN,CC,CC,GG,GG,AC,GG,TT,AC,AA,CC,GG,AA,AC,AA,AT,GT,GT,TT,AT,CG,GG,AA,CC,TT,TT,AA,GG,AA,TT,AC,TT,CC,CC,AA,CC,TT,GG,AG,CC,GG,CC,TT,TT,GT,GG,TT,AA,AC,AA,GG,CC,CG,GG,CC,GG,AT,AA,CG,GT,GG,CG,CC,AA,GG,CC,AA,CC,AA,AA,AC,GG,AA,TT,AA,GG,AA,AC,AA,AA,GG,AA,AA,AA,TT,GG,AA,AA,CC,AA,CT,AA,AG,GG,GG,GG,TT,AA,AA,TT,TT,NN,AG,TT,GG,NN,AA,8.13,Susceptible,Low,Standard,Early
L0772,Warangal,Telangana,Rabi,Black Cotton,Irrigated,410,26.5,60,AC,TT,GG,AG,GG,CC,GG,TT,CC,CG,AA,CC,CC,AT,TT,GG,GG,TT,TT,AG,CG,TT,TT,CT,TT,CC,TT,TT,GG,AA,TT,CC,AA,CC,GG,GG,GG,CG,GG,CC,TT,CT,AA,GG,AG,AA,CT,TT,CC,AC,TT,AA,AA,CG,CC,TT,AA,AA,GT,AC,AG,GT,AA,GG,TT,TT,CT,GG,TT,GG,AA,GG,CC,AA,GG,AA,TT,GG,TT,TT,GG,GG,GT,CC,AA,GG,AA,AT,CG,TT,CC,TT,CT,AT,NN,GG,CT,CC,TT,CT,CC,CG,AG,AA,TT,GT,CC,AA,AG,CC,CT,GG,GT,CC,TT,AA,AA,TT,CG,GG,CC,GG,CC,GT,TT,AA,CC,CC,CC,CC,AA,TT,CC,AA,CC,CT,AA,TT,AA,AA,GG,CT,CC,GG,AA,AA,AA,CC,GT,CC,CC,AG,AA,GG,GT,GG,AA,TT,TT,GG,AC,TT,GT,TT,CG,AA,TT,TT,AA,TT,GG,NN,AG,TT,AC,CC,GG,CC,AA,GG,GG,AC,TT,CC,GG,TT,GG,TT,AA,AA,TT,CC,GG,AC,AC,CC,GG,GG,AC,GG,TT,AA,AA,CC,GG,AA,AC,TT,AA,GG,TT,TT,AT,CC,GT,AA,GG,NN,GT,AA,GG,AA,CT,NN,TT,CG,TT,CC,CC,CT,GG,AA,CC,AA,AC,TT,TT,TT,GG,TT,AC,AC,AA,GG,CC,CG,GG,CC,GG,AT,AA,CC,TT,AG,CC,CC,AA,AG,CC,AA,CC,AA,AA,AC,CG,CC,TT,AA,GG,AA,AA,AC,AA,GG,AG,AA,AA,TT,GG,AC,AG,CC,AA,TT,AG,AA,GG,GG,GG,TT,AA,AG,TT,TT,TT,AA,NN,GG,GG,AA,7.18,Moderate,High,Poor,Medium
L0773,Warangal,Telangana,Rabi,Black Cotton,Irrigated,410,26.5,60,AC,TT,GG,AA,GG,CC,GG,TT,CC,NN,AA,CT,CC,TT,GG,GG,GG,AT,TT,AG,CC,GT,GG,CC,TT,CC,GT,TT,GT,AC,TT,CC,AG,CC,GG,GG,GG,CC,GG,CC,TT,TT,AA,TT,AG,GG,CT,TT,CC,AA,NN,AA,AG,GG,CC,TT,AA,AC,GT,AA,AA,GT,AT,AA,TT,TT,CC,GG,TT,GG,GG,GG,AC,NN,AG,AC,AA,GG,TT,TT,GG,GG,GG,AC,AA,GG,AA,AT,CC,TT,CC,TT,CC,TT,TT,GG,TT,CC,TT,NN,CC,CC,AG,AA,AT,GT,CC,AA,AG,AA,CT,GG,GT,CC,TT,AA,AA,TT,NN,GG,CG,AG,CT,GG,TT,AG,CC,CC,CC,CC,AA,TT,CC,AA,CC,CC,AA,AT,AA,AA,CG,CC,CC,AG,AA,AG,AA,CC,GT,CC,CG,AA,GG,GG,TT,GG,AC,TT,CC,GG,AC,TT,GT,TT,CG,AT,TT,TT,AT,AT,GG,CC,AA,TT,CC,CC,CG,CC,AA,NN,AG,CC,TT,CC,GT,TT,GG,AT,AA,AA,GT,CC,GG,AA,CC,CC,GG,GG,AC,GG,TT,AA,AA,CC,GG,AT,AC,AA,AT,GG,TT,TT,AT,GG,GG,AA,CG,TT,GT,AA,GG,AA,TT,AA,TT,CC,TT,AA,CC,TT,CG,AG,CC,AG,CC,TT,CT,TT,GG,TT,AA,AC,AA,NN,CC,CG,GG,CC,GG,TT,NN,CC,TT,GG,CC,CG,AA,GG,CC,AT,CC,AA,AA,AA,CG,AC,TT,AA,GG,AA,AA,AA,AC,AG,AG,AG,AA,TT,GG,AA,AA,CC,AA,CT,AA,AA,CG,GG,GG,GT,AT,AA,TT,TT,TT,GG,TT,GG,CC,AA,4.84,Susceptible,High,Premium,Early
L0774,Warangal,Telangana,Rabi,Black Cotton,Irrigated,410,26.5,60,AC,TT,AA,AG,CG,CC,GG,TT,CC,CG,AA,CC,CC,TT,TT,GT,CG,TT,AT,AG,CC,GT,GT,CC,TT,CC,TT,TT,GG,AA,TT,CT,AG,CC,GG,GG,GG,CC,GG,CC,TT,CT,AA,TT,AG,GG,TT,AT,CC,AC,GG,AA,AA,GG,NN,GT,AA,AC,GG,AC,AA,GT,TT,GG,TT,TT,CC,GG,TT,GG,AG,GG,CC,AA,AG,AA,AA,GG,TT,TT,GG,GT,GG,CC,AT,GG,AA,AA,CC,TT,CC,TT,TT,TT,TT,GG,TT,CC,GT,CC,CC,CC,AA,AA,AT,TT,CC,AA,AG,AA,CC,GG,GT,CC,GT,AA,AA,TT,CC,GG,CC,AG,CC,GT,CT,AA,CT,CC,CC,CC,AA,TT,AC,NN,CC,CT,AA,TT,AA,TT,GG,CC,CG,AG,AA,AG,NN,CC,GT,CC,CG,AA,AA,GG,TT,AG,CC,GT,CC,GG,CC,TT,GT,TT,CC,AA,GT,CT,AT,TT,CG,CC,AA,TT,CC,CC,CG,AC,AA,GG,AG,CC,TT,CC,GT,TT,GG,AT,AA,GG,TT,AC,CG,AA,AC,CC,CG,GG,AC,CG,TT,AA,AA,CC,GG,AA,AC,AA,AA,GT,TT,TT,AT,CG,GT,AT,CC,AT,GT,AA,GG,AA,TT,NN,TT,CC,TT,AA,CC,NN,GG,AG,CC,AG,CC,TT,CT,GT,GG,TT,AA,CC,AG,GG,CC,CG,GG,CG,GG,AT,AG,CC,TT,GG,CG,CC,AT,GG,CC,AT,CC,AA,AA,AA,CC,AC,AT,AA,GG,AA,AA,AC,AA,AG,AG,AA,AA,TT,GG,AA,AA,CC,AA,CC,AA,AA,GG,GG,GG,TT,AA,AA,GT,TT,TT,AG,AA,GG,CG,AA,8.07,Susceptible,High,Premium,Late
L0775,Warangal,Telangana,Rabi,Black Cotton,Irrigated,410,26.5,60,AA,CT,GG,AA,CG,CC,GG,TT,CC,CG,AA,CC,GG,TT,TT,GG,GG,TT,TT,AA,CC,TT,GT,CT,TT,CC,TT,TT,GG,AA,TT,CT,AA,CC,AG,GG,GG,CC,GG,CC,TT,CT,AA,GT,GG,AG,TT,AT,CC,AC,GT,AA,AG,GG,TT,GT,AA,AA,GG,AC,AA,GT,AT,AA,TT,AT,CC,GG,TT,GG,AA,GG,CC,AA,GG,AC,AT,GG,TT,TT,GG,GT,GT,CC,AA,GG,AA,AT,CG,GT,CC,TT,CC,TT,GT,AG,CT,CC,GT,CC,CT,NN,AA,AA,TT,GT,CC,GG,AA,AA,CT,GG,TT,CC,TT,AA,AA,TT,CG,AG,CG,GG,CC,GG,TT,AA,CC,CC,AC,CC,AA,TT,CC,AA,CC,CC,AA,TT,AA,AT,CG,CT,CG,GG,AA,AA,AA,CC,GT,CC,CC,AA,AA,AG,GT,AG,AA,TT,CT,AG,AA,GT,NN,TT,CC,AA,GT,TT,AA,TT,GG,CC,AA,CT,CC,CC,CG,CC,AA,GG,AA,CC,TT,CC,GT,TT,CG,AT,AG,AA,NN,CC,GG,AC,NN,CG,GG,GG,AA,GG,TT,AA,AA,CC,GG,AA,CC,AA,AA,GG,TT,TT,AA,GG,GT,AT,GG,AT,GT,AA,GG,AA,TT,AA,TT,CC,TT,AA,AC,TT,GG,AA,CC,AG,CC,TT,CT,TT,GG,NN,AA,AA,AA,GT,CC,CG,GG,CC,GG,AT,AG,CG,TT,GG,CC,CC,AA,GG,CC,AT,CC,AA,AA,CC,CC,AC,TT,AA,CG,AA,AC,AA,AC,GG,AG,AA,AA,TT,GG,AA,AG,AC,AA,CT,AG,AA,GG,GG,CC,TT,AT,AG,TT,TT,TT,AA,AT,GG,GG,AC,6.87,Resistant,Medium,Poor,Early
L0776,Warangal,Telangana,Rabi,Black Cotton,Irrigated,410,26.5,60,AC,TT,AG,AG,GG,CC,GG,AT,CC,CG,AA,CC,CC,TT,TT,GT,GG,TT,TT,AA,CC,TT,TT,CT,TT,CC,TT,AT,GG,AA,TT,CC,NN,CC,GG,GG,GG,CC,GG,NN,TT,CT,AA,TT,AG,GG,TT,TT,CC,AC,GG,AA,AG,GG,CC,TT,AA,AA,GT,AA,AA,GT,AT,AG,TT,TT,CC,GG,TT,TT,AG,GG,CC,AG,GG,AA,AA,GG,TT,TT,GG,GG,GG,CC,AT,GG,AA,AA,CC,GT,CC,TT,CT,TT,TT,GG,CT,AC,TT,CC,CT,CG,GG,AA,TT,TT,CG,AA,AG,AA,CC,GG,TT,CC,TT,AA,AC,TT,CC,GG,CC,GG,CT,GT,CC,AA,CT,CC,AC,CC,AA,TT,CC,AA,CC,CC,AA,TT,AA,AA,GG,CC,CC,GG,AG,AA,AA,CC,GG,CC,CC,AA,AA,GG,TT,GG,AA,TT,CT,GG,CC,TT,GG,CT,CC,AT,GT,TT,AA,AT,GG,NN,AA,CT,CC,AC,CG,CC,AA,GG,AG,CC,TT,CG,TT,GT,GG,TT,AA,AG,TT,CC,GG,AA,CC,NN,GG,AG,AA,GG,TT,AA,AG,CC,GG,AA,CC,AA,AA,GT,TT,TT,AA,GG,GG,AT,CG,TT,GT,AA,GG,AA,CT,AA,AT,CC,TT,AC,AC,TT,GG,GG,CG,AG,AC,TT,TT,GT,GG,TT,AC,CC,AA,GG,CG,CC,GG,CC,GG,TT,AA,CC,TT,GG,CC,CC,AA,AG,CC,AT,CC,AA,AA,AC,CC,CC,AT,AA,NN,AA,AC,AC,AA,GG,AG,AA,AA,TT,GG,AA,AG,AC,AA,CC,AA,AA,CG,GG,GG,TT,AT,AG,TT,TT,TT,AA,AA,GG,GG,CC,7.88,Resistant,Low,Premium,Medium
L0777,Warangal,Telangana,Rabi,Black Cotton,Irrigated,410,26.5,60,AC,TT,GG,AA,GG,CC,GT,TT,CC,CC,AA,CT,CC,TT,GT,GG,CG,TT,AT,AA,CC,TT,GT,CC,AT,CC,TT,TT,GT,AC,TT,CC,AA,NN,GG,GG,GG,CC,NN,CC,TT,TT,AA,TT,AA,GG,CT,AT,CC,AC,GT,AA,AA,GG,CT,TT,AT,AA,GG,AA,AA,TT,TT,AA,CT,AT,CC,GG,TT,GT,AG,GG,NN,AA,GG,AC,AA,GG,TT,TT,GG,GT,NN,CC,AT,GG,AA,AA,CC,GT,CC,TT,CT,TT,TT,GG,TT,CC,GT,CC,CC,CG,GG,AA,TT,TT,CC,AG,AG,AA,CT,GG,TT,CC,TT,AA,AA,TT,CC,AA,CC,GG,CC,GG,CT,AA,CC,CC,CC,CC,AA,GT,CC,AC,CC,CC,AA,TT,AG,AA,GG,CC,CC,GG,AG,AA,AA,CC,GG,CC,CC,AA,AG,GG,TT,AG,AC,TT,TT,AG,CC,TT,TT,TT,CG,AT,GT,TT,AA,AT,GG,CC,AG,CC,CC,CC,GG,CC,AT,AG,AG,AC,TT,CG,GG,GT,GG,AA,AA,AA,TT,CC,GG,AC,AC,CC,GG,GG,AA,GG,TT,AA,AA,CC,GT,AT,NN,AA,AT,GT,TT,AT,AA,GG,GT,AA,CC,AT,TT,NN,GG,AA,TT,AA,TT,CC,TT,AC,CC,CT,CG,AG,CC,AA,CC,TT,TT,GG,GG,TT,AA,AA,AG,GG,CC,CC,GG,CC,GG,AT,AA,CG,TT,GG,CG,CC,AA,AG,CG,AA,CC,AA,AA,AC,CG,AC,TT,AA,GG,AA,AA,AA,AA,GG,AA,AA,AA,AT,GG,AA,AG,CC,AC,CT,NN,AA,GG,GG,GG,TT,NN,AA,TT,TT,TT,AG,TT,GG,GG,AA,7.04,Susceptible,Low,Premium,Medium
L0778,Warangal,Telangana,Rabi,Black Cotton,Irrigated,410,26.5,60,AC,TT,GG,GG,CG,CC,GG,TT,CC,CC,AA,CC,CC,AT,TT,GG,CG,TT,TT,AG,CC,GG,GT,NN,TT,CC,GG,TT,GG,AA,CT,CC,AA,CC,GG,CG,GG,CG,GG,CC,TT,TT,AA,GT,AA,AG,TT,AT,CC,CC,GT,NN,AA,GG,CC,TT,AA,AA,GT,AA,AA,TT,AT,AA,TT,TT,CC,GG,TT,GG,AG,GG,CC,AA,GG,AC,TT,GG,TT,TT,AG,GT,GG,CC,AA,AG,AA,AA,CC,GG,CC,TT,CT,TT,TT,GG,TT,CC,GG,CC,CC,CG,AA,AA,AT,TT,CG,AA,AA,AA,CT,GG,TT,NN,TT,AA,AA,TT,CC,AG,CG,GG,CC,GG,TT,AA,CC,CC,CC,CC,AA,TT,CC,AA,CC,CC,AA,TT,AA,AA,GG,CC,CG,GG,AG,AG,AA,CC,GG,CC,CC,AA,AA,GG,TT,AG,AC,TT,CT,GG,AC,GG,GT,TT,CC,AA,TT,TT,AA,TT,GG,NN,AG,CC,CC,CC,GG,CC,AA,GG,AA,CC,TT,CG,TT,GG,GG,AT,AA,AA,TT,CC,GG,AC,CC,CC,GG,GG,AC,CG,TT,AA,AA,CC,GG,AA,AC,AA,AA,GG,TT,AT,AA,GG,GG,TT,CG,AT,GT,AA,GG,AA,CT,AA,TT,CC,TT,AA,CC,TT,CG,AG,CG,GG,AC,TT,CT,TT,GG,TT,AC,CC,AG,GG,CC,CC,GG,CC,GG,TT,AA,CC,TT,GG,CC,CG,AA,GG,CC,AT,CC,AA,AA,CC,CC,AC,TT,AA,GG,AA,AC,AC,AA,AG,NN,AA,AA,TT,GG,AA,AA,CC,AC,TT,AA,AA,GG,GG,GG,GT,NN,AA,TT,TT,TT,AG,NN,GG,GG,AA,5.99,Susceptible,Low,Poor,Early
L0779,Warangal,Telangana,Rabi,Black Cotton,Irrigated,410,26.5,60,AC,TT,GG,AA,GG,CC,GG,TT,CC,CC,AA,CC,CC,AT,GT,GG,GG,TT,TT,AA,CC,GT,GT,CC,TT,CC,TT,AT,GG,AA,TT,CC,AA,CC,AG,GG,GG,CC,GG,CC,TT,CT,AC,TT,AG,GG,TT,AT,CC,AC,GG,TT,AA,GG,CC,TT,AA,AC,GG,AA,AA,TT,TT,AG,TT,TT,CC,GG,CT,GG,AG,GT,CC,AA,GG,AC,AA,GG,TT,TT,GG,GG,GG,CC,AA,AG,AG,AA,CC,TT,CC,TT,CT,TT,TT,GG,TT,CC,GT,CC,CC,NN,GG,AG,TT,NN,CG,AA,AG,AA,CC,GG,TT,CC,TT,AA,AC,NN,CC,GG,CC,GG,CC,GT,TT,GG,TT,CG,CC,CC,AA,TT,CC,AA,CC,CC,AG,AT,AA,AA,CG,CC,CC,GG,AA,AG,NN,CC,GG,CC,CC,AA,AG,GG,TT,GG,AC,NN,CT,GG,AC,GT,TT,TT,CC,AA,GG,TT,AT,TT,CG,CC,AG,CC,CC,CC,CG,CC,AA,GG,AA,CC,TT,CC,GG,TT,GG,AA,AA,AG,TT,CC,GG,AC,CC,CC,GG,AG,AC,GG,TT,AC,AA,CC,GG,AT,CC,AA,AA,GT,GG,AT,AA,GG,GT,NN,CC,TT,GG,AA,GG,AA,TT,AA,TT,CC,TT,AC,CC,TT,CG,AA,CC,AA,CC,TT,TT,GT,GG,AT,AA,AA,AG,GT,CG,CC,GG,CC,GG,AT,AA,CC,GT,GG,CC,CG,TT,GG,CC,AA,CC,AA,AA,CC,CC,CC,TT,AA,GG,AA,AA,CC,AA,AG,AG,AG,AA,AT,GG,AA,AA,AC,AA,TT,AA,AA,GG,GG,GG,TT,AA,AA,TT,TT,TT,AA,TT,GG,NN,AA,8.61,Susceptible,High,Standard,Early
L0780,Warangal,Telangana,Rabi,Black Cotton,Irrigated,410,26.5,60,AA,TT,GG,AG,GG,CC,GG,TT,CC,CC,AA,CC,CC,TT,TT,GG,CG,TT,TT,AA,CC,TT,GT,CT,TT,CC,TT,TT,GT,AA,TT,CC,AA,CC,AG,GG,GG,CC,NN,CC,TT,CT,AA,TT,AA,GG,TT,TT,CC,AC,GT,AA,AA,GG,CC,TT,AA,NN,GT,AC,AG,TT,TT,AA,TT,TT,CT,GG,TT,GG,AA,GG,AC,AA,GG,AC,AT,GG,TT,TT,GG,GG,GG,CC,AA,GG,AA,AA,CC,TT,AC,TT,CC,TT,TT,GG,TT,CC,TT,CC,CC,GG,AG,AA,TT,TT,CC,AG,AG,AA,CC,GG,GT,CG,TT,AA,AA,TT,CC,NN,CC,GG,CC,GG,TT,AA,CC,CC,CC,CC,AA,TT,CC,AA,CC,CC,AA,TT,AA,AT,GG,CT,CC,NN,AA,AA,AT,AC,GT,CC,CC,AA,AA,GG,TT,GG,AA,TT,CT,AG,CC,TT,GT,TT,CG,AT,TT,TT,AA,TT,GG,CC,AA,TT,CC,CC,CG,NN,AA,GG,AG,CC,TT,CC,GG,GT,CG,AT,AA,AG,TT,CC,GG,NN,AC,CC,GG,GG,AC,GG,TT,AA,AA,CC,GG,AA,CC,AA,AA,GG,TT,TT,AA,GG,TT,AA,CC,AT,TT,AA,GG,AA,CT,AA,TT,CG,CT,AA,CC,TT,CG,AG,CG,GG,AC,TT,TT,GT,GG,AA,AA,AC,AG,GG,CC,GG,GG,CC,GG,AT,AG,CC,TT,GG,CC,CC,AA,GG,CG,AA,CC,AT,AA,AC,CC,CC,NN,AA,GG,AA,AA,AC,AA,AA,AA,AG,AA,AT,GG,CC,AG,CC,AC,CC,AA,AA,GG,AG,GG,TT,AA,AA,TT,TT,TT,AA,TT,GG,GG,AA,5.58,Moderate,High,Premium,Early
L0781,Warangal,Telangana,Rabi,Black Cotton,Irrigated,410,26.5,60,AA,TT,GG,AA,GG,CC,GG,AA,CC,CC,AA,CC,CG,TT,GT,GG,GG,TT,TT,AA,CC,TT,GT,CC,TT,CC,TT,TT,GG,AA,CT,CC,AA,CC,GG,GG,GG,CC,GG,CC,TT,CT,AC,TT,AA,AG,CT,AA,CC,AC,GG,AA,AA,GG,CT,GT,AA,AA,GT,AC,AA,TT,AT,GG,NN,TT,CC,GG,TT,GG,AA,GG,CC,AA,GG,CC,AA,GG,TT,TT,GG,GG,GT,CC,AT,GG,AA,AT,CG,TT,CC,TT,CT,TT,TT,GG,TT,CC,GG,CC,CT,CC,AA,AA,AT,TT,CG,AA,AA,AA,CT,GG,TT,CC,TT,AC,AA,TT,CC,GG,CG,GG,CC,GT,CC,AA,CC,CC,CC,CC,NN,TT,CC,AA,CC,CC,AA,TT,AA,AA,GG,CT,CG,GG,AA,AG,AT,CC,GG,CC,CC,AA,AG,GG,TT,AG,AA,TT,CT,GG,CC,TT,TT,CT,CC,AT,TT,TT,AA,TT,GG,CC,NN,CC,CC,CC,CG,CC,AA,GG,AA,CC,TT,CC,GG,GG,GG,AT,AA,AA,TT,CC,GG,AA,CC,CC,CG,GG,AA,GG,TT,AA,AA,CC,GG,AT,CC,AA,AT,GT,TT,TT,AT,GG,GG,AT,GG,TT,GT,AA,GG,AA,TT,AA,TT,CC,TT,AA,CC,CT,CC,AA,CC,GG,CC,TT,TT,GT,GG,TT,AA,CC,AG,GG,CC,GG,GG,CC,GG,AT,AA,CC,GT,GG,CC,CC,AA,GG,CC,AA,CC,AA,AA,AC,CG,AC,TT,AA,GG,AA,AA,AA,AA,NN,AA,AA,AA,TT,GG,AC,AA,AC,AA,CT,GG,AA,GG,GG,GG,TT,TT,AA,GT,TT,TT,AG,TT,GG,CG,AA,8.58,Resistant,Low,Poor,Medium
L0782,Warangal,Telangana,Rabi,Black Cotton,Irrigated,410,26.5,60,AA,CT,GG,AA,GG,CC,GT,TT,CC,CC,AA,CC,CC,TT,GT,GT,CG,TT,AT,AG,CC,TT,GT,CC,TT,NN,GT,TT,GG,AA,TT,CC,AA,CC,GG,CG,GG,CG,GG,CC,TT,TT,AA,GT,AG,GG,NN,AT,CC,CC,GG,AA,AA,GG,CC,GT,AA,AA,GT,AC,AA,GT,NN,AA,TT,TT,CC,GG,CT,GG,AA,GG,CC,AA,GG,CC,AA,GG,TT,TT,GG,GT,GG,CC,AT,GG,AA,AA,NN,GT,CC,TT,CC,TT,TT,GG,CT,AC,TT,CC,CC,CG,GG,AA,TT,TT,NN,AA,AA,AC,CC,GG,TT,CC,GG,AA,AA,TT,CC,AG,CC,AG,CC,GT,TT,AA,CC,CC,NN,CG,AA,TT,CC,AA,AC,CC,AA,AT,AA,AT,GG,CC,CC,GG,AG,AA,AA,CC,GG,CC,CC,AA,AA,AG,TT,GG,AA,GT,TT,NN,CC,TT,TT,TT,CG,AA,GG,TT,AT,AT,GG,CC,AG,CT,NN,CC,GG,AC,AA,GG,AA,CC,TT,CC,GT,GT,GG,AT,AA,AA,TT,AC,GG,AA,CC,CC,NN,GG,AA,GG,CT,AA,AA,CC,GG,AA,CC,AA,AT,GG,TT,TT,AT,NN,GT,AA,CC,TT,GT,AT,GG,AA,CT,AA,TT,CC,CC,AC,CC,TT,GG,AA,CC,AG,CC,TT,CC,GT,GG,TT,AA,AC,AA,GG,CC,CC,GG,CG,GG,TT,AG,CC,GT,GG,CC,CC,AA,AG,CC,AA,CC,AA,AA,CC,CC,CC,TT,AA,GG,AA,AA,AA,AA,AG,AA,AG,AA,TT,CG,AA,AG,AC,AA,CT,AA,AA,GG,GG,GG,TT,AT,GG,GT,TT,TT,AG,TT,GG,GG,AA,5.27,Moderate,Medium,Standard,Late
L0783,Warangal,Telangana,Rabi,Black Cotton,Irrigated,410,26.5,60,AA,CT,GG,AG,NN,CC,GG,AT,CC,GG,AA,CC,CG,AT,TT,GG,CG,TT,TT,AA,CC,TT,GT,CC,TT,CC,TT,TT,GG,AA,TT,CC,AA,CC,GG,CG,GG,GG,GG,NN,TT,TT,AA,TT,AA,GG,TT,AT,CC,AC,GT,AA,AA,GG,CC,GT,AA,AA,TT,AA,AA,GT,TT,AA,TT,AT,CC,GG,TT,GG,AG,GG,CC,AA,GG,AA,AA,GG,TT,TT,GG,GG,GG,CC,AA,GG,AA,AA,CC,GT,CC,TT,CT,TT,GT,GG,CT,CC,TT,CC,CC,CG,GG,AA,TT,TT,CC,AA,GG,AA,CT,GT,TT,CC,GT,AA,AA,TT,NN,GG,CC,GG,CT,GT,CT,AG,CT,CC,CC,CC,AA,TT,CC,AA,CC,CC,AA,TT,AA,AA,GG,CC,CC,GG,AG,AG,AA,CC,GG,CC,CC,AA,AG,AG,TT,GG,AA,TT,TT,GG,CC,GT,TT,TT,CG,AT,GT,TT,AT,AT,GG,CC,AG,CT,CC,CC,GG,CC,AA,GG,AG,CC,TT,CG,GG,TT,CG,TT,AA,AA,TT,CC,GG,AA,CC,CC,GG,GG,AA,GG,TT,AA,AA,CC,GG,AT,CC,AA,AT,GT,TT,AT,AT,GG,GT,AA,CG,AT,TT,AA,GG,AA,CT,AA,TT,CC,TT,AC,CC,TT,GG,AG,CC,AA,AA,TT,CT,GT,GG,TT,AC,AC,AA,GG,CC,CG,GG,CG,GG,TT,AA,NN,TT,GG,CC,CC,AA,GG,GG,AA,CC,AA,AA,AA,CC,CC,AT,AA,GG,AA,AC,AA,AA,AG,AA,AG,AA,TT,GG,NN,AG,AA,AA,NN,AA,AA,CG,GG,GG,TT,AA,AG,TT,TT,TT,AA,AT,CG,GG,AA,8.15,Susceptible,Medium,Premium,Late
L0784,Warangal,Telangana,Rabi,Black Cotton,Irrigated,410,26.5,60,AA,CT,AG,AG,GG,CC,GG,TT,CC,CG,AT,CT,CC,TT,TT,GG,CG,TT,TT,GG,CC,TT,GT,CC,TT,CC,GT,TT,GT,AA,TT,CC,AA,CC,GG,GG,GT,CC,GG,CC,GT,CT,AA,NN,AA,GG,TT,TT,CG,CC,GG,AA,AA,GG,CC,GT,AA,AA,TT,AA,AA,TT,AT,AG,TT,TT,CC,GG,TT,GT,AG,GT,AC,AA,AG,AC,AA,GG,TT,TT,GG,GT,GG,CC,AT,GG,AA,AA,CC,TT,CC,TT,CC,TT,TT,AG,TT,CC,GT,CC,CC,CC,AG,AA,TT,TT,CC,AG,AA,AA,CC,GG,TT,CG,TT,AA,AC,TT,CC,GG,CC,AG,CC,TT,TT,AA,CC,CC,CC,CC,AA,TT,CC,AA,CC,CT,AA,TT,AA,AA,GG,CC,CC,AG,AG,AA,AA,CC,GG,CC,CC,AG,AG,GG,GT,GG,AC,TT,TT,GG,AA,TT,TT,TT,CG,AT,TT,TT,TT,TT,GG,CC,AA,CT,CC,CC,GG,CC,AA,GG,AG,CC,TT,CC,GT,TT,CG,TT,AG,AG,TT,AC,CG,AA,AC,CC,GG,GG,AC,GG,TT,AA,AA,CC,GG,AA,AC,AA,AA,GG,TT,TT,AA,GG,TT,AT,CG,AT,GT,AA,GG,AA,CC,AA,TT,CG,TT,AA,CC,TT,CG,AG,CG,AG,AC,AT,TT,GT,CG,TT,AC,CC,AA,GG,NN,CC,GG,CG,GG,AT,AA,CG,TT,AG,CC,CC,AA,GG,CG,AT,CC,AA,AA,CC,CC,CC,TT,AA,GG,AA,AA,AA,AA,AG,AG,AA,AG,TT,GG,AC,AG,CC,AA,CT,AA,AA,CG,GG,GG,TT,AA,AA,TT,TT,TT,AG,TT,NN,GG,AA,6.11,Resistant,Medium,Poor,Late
L0785,Warangal,Telangana,Rabi,Black Cotton,Irrigated,410,26.5,60,CC,TT,AG,GG,GG,CG,GT,AT,CC,CG,AA,CT,CC,TT,TT,GG,GG,NN,TT,AA,CC,GT,TT,CC,AT,CC,TT,TT,GG,AA,NN,CT,AA,CC,GG,CG,GT,CC,GG,CC,TT,TT,AA,TT,AA,GG,TT,TT,CC,CC,GG,AA,AA,GG,CC,TT,NN,AC,GG,AC,NN,GT,AT,AG,CT,TT,CC,GG,TT,GG,AA,GG,CC,AG,GG,AA,AA,GG,TT,TT,GG,GT,GG,CC,AA,GG,AA,AA,CG,GT,CC,TT,CC,TT,TT,GG,TT,CC,TT,CT,CC,CC,AG,AG,AT,TT,CC,AA,AG,AA,CC,GG,GT,CC,TT,AA,AA,TT,NN,GG,CC,GG,CC,GG,TT,AA,CC,CC,AC,CC,AA,TT,AC,AA,CC,CC,AA,TT,AA,AT,GG,CT,CC,GG,AA,GG,AT,CC,GT,CC,CC,AA,NN,GG,TT,GG,AA,GT,TT,AG,AC,GT,TT,TT,CG,AT,TT,TT,AA,TT,GG,CC,AA,CT,AC,CC,GG,CC,AA,GG,AG,CC,TT,CG,GT,TT,CC,AT,NN,AA,GT,CC,GG,AA,CC,CC,GG,GG,AA,GG,TT,AC,AA,CG,GG,AA,AC,AA,AT,GT,TT,AT,AA,CG,GG,AT,CG,TT,TT,AA,GG,AG,CT,AA,TT,CG,TT,AC,CC,TT,GG,AG,CC,AG,AC,TT,TT,TT,GG,TT,AC,CC,AA,GG,CC,CC,GG,CC,GG,AT,AA,CG,TT,GG,CC,CC,AA,AG,CG,AA,CC,AA,AA,CC,CG,CC,TT,AA,GG,AA,AA,AA,AC,GG,AA,AA,AA,TT,GG,AA,AA,AC,AA,CT,AA,AG,CG,GG,GG,GT,AT,AA,TT,TT,TT,AA,TT,GG,GG,AA,6.02,Susceptible,Medium,Standard,Early
L0786,Warangal,Telangana,Rabi,Black Cotton,Irrigated,410,26.5,60,AC,TT,GG,AA,GG,CC,GG,AA,CG,CG,AT,CC,CG,TT,GT,GG,CG,TT,TT,AA,CG,TT,GG,CC,TT,CC,TT,TT,GG,AA,TT,CC,AA,AC,GG,GG,GG,GG,GG,CC,TT,CC,AC,TT,AG,AG,TT,TT,CC,AC,GT,AA,AA,GG,CC,GT,AA,AC,GG,AA,NN,TT,AT,AA,TT,TT,CC,GG,TT,GT,AA,GT,CC,AA,AG,AA,AT,GG,TT,TT,GG,GG,GG,CC,AA,GG,AA,AA,CC,TT,CC,TT,CT,AT,NN,GG,TT,CC,GT,CC,CC,CC,GG,AA,TT,TT,CC,AA,AG,CC,TT,GG,GT,CC,GT,AA,AA,TT,CG,AG,CC,GG,CT,GG,CT,AA,CT,CC,NN,CC,AA,TT,CC,AA,CC,CC,AA,AT,AA,AT,GG,TT,CC,GG,AG,AG,AA,CC,GT,CC,CC,AA,AG,GG,GT,GG,AA,TT,TT,GG,AC,GG,TT,TT,CG,AA,GT,TT,AA,TT,GG,CC,AA,CC,CC,CC,GG,CC,AA,GG,AG,CC,TT,CC,GT,TT,GG,TT,AA,AA,TT,CC,CG,AC,AC,CC,GG,GG,AC,GG,TT,AC,AG,CC,GG,AA,CC,AA,NN,GG,TT,AT,NN,GG,GT,AT,CC,TT,GT,AT,GG,AA,TT,AA,TT,CC,TT,AC,CC,TT,CG,GG,CC,AA,AA,TT,CT,TT,GG,TT,AC,CC,AA,GG,CC,CC,GG,CC,GG,AT,AA,CC,TT,GG,CG,CC,AA,GG,CC,AA,CC,AA,AA,CC,CG,AC,AT,AA,GG,AA,AA,AA,AA,GG,AA,AG,AA,AT,CG,AA,GG,CC,AC,CT,AA,AA,CG,GG,GG,TT,AT,AG,TT,TT,TT,AA,TT,GG,CG,AA,7.36,Susceptible,Low,Poor,Medium
L0787,Warangal,Telangana,Rabi,Black Cotton,Irrigated,410,26.5,60,AA,TT,GG,AA,GG,NN,GG,TT,CC,CG,AA,CC,CG,TT,GT,GG,GG,TT,TT,AG,CC,GT,TT,CC,TT,CC,GT,AA,GG,AA,TT,TT,AA,AC,GG,GG,GG,GG,GG,CC,TT,CT,AA,TT,AG,AA,TT,TT,CC,CC,GT,AA,AG,GG,CT,TT,AA,AC,TT,CC,AA,TT,TT,AG,CT,TT,CC,GG,TT,GT,AA,GT,CC,AA,AG,AA,AT,GG,TT,TT,GG,GT,GG,CC,AT,GG,AG,AT,CC,GT,CC,TT,CT,TT,TT,GG,TT,CC,GT,CC,TT,CC,GG,AA,AT,TT,CC,AA,AA,AA,CT,GG,TT,CC,TT,AA,AA,TT,CC,GG,CC,GG,CC,GG,TT,AG,CC,CG,CC,NN,AA,TT,CC,AA,CC,CC,AA,TT,AA,AA,GG,CC,CC,GG,AA,AA,AA,CC,GT,CC,CC,AA,AG,AG,TT,GG,CC,TT,CT,GG,AC,GT,TT,TT,CC,AT,GT,TT,AT,AT,GG,CC,AG,CT,CC,CC,GG,CC,AA,GG,AA,CC,TT,CC,GT,GT,GG,AT,AA,AA,TT,AC,GG,AA,CC,CC,GG,GG,AC,GG,CT,NN,AA,CC,GG,AT,AC,AA,TT,TT,TT,TT,AA,CG,GT,AA,GG,AT,GG,AA,GG,AA,CT,AA,TT,CG,TT,AC,CC,TT,GG,AA,CC,GG,CC,AT,CT,GT,GG,TT,AA,CC,AG,GG,CC,CC,GG,CC,GG,AT,AA,CG,TT,GG,CC,CG,AA,AG,CC,AT,CC,AA,AA,AC,CC,CC,TT,AA,GG,AA,AA,AC,AC,GG,AA,AA,AA,AT,GG,AA,AA,AC,AC,TT,AA,AA,GG,GG,GG,TT,AT,AA,TT,TT,TT,AG,AT,GG,CG,AA,3.59,Susceptible,High,Poor,Medium
L0788,Warangal,Telangana,Rabi,Black Cotton,Irrigated,410,26.5,60,AA,CT,AG,AA,CG,CC,GT,AA,CC,CC,AA,CC,CG,TT,TT,GG,GG,AT,TT,AA,CC,GG,TT,CC,AT,CC,TT,TT,GG,AC,TT,CC,AA,CC,GG,GG,GG,CG,GG,CC,TT,CT,AA,TT,AG,AA,TT,AT,CC,AC,GG,AA,AA,GG,CT,TT,AA,AC,GT,AC,GG,GT,TT,AA,TT,TT,CC,GT,TT,GG,AA,GG,AC,AA,AG,AC,AA,GG,TT,TT,GG,GT,GG,CC,AA,GG,AA,AT,CC,GT,CC,TT,CC,TT,TT,GG,TT,CC,GT,CC,CC,CC,AA,AA,TT,TT,CC,AG,GG,AA,CC,GG,TT,CG,GT,AA,AA,TT,CC,AG,CC,AG,CC,GG,CT,NN,CT,CC,CC,CC,AA,GT,CC,AA,CC,CC,AG,AT,AA,AT,GG,CC,CC,GG,AA,AA,AA,CC,GG,CC,CC,AA,AA,GG,TT,NN,AC,TT,CT,GG,CC,GT,TT,TT,CC,AT,GT,TT,AA,TT,CG,CC,AG,CT,CC,CC,GG,CC,AA,AG,AG,CC,TT,CG,GG,GG,CG,AT,AA,GG,TT,CC,GG,AC,CC,CC,GG,GG,CC,GG,TT,CC,AA,CC,GG,AA,AA,AA,AA,GG,TT,TT,AA,CG,TT,NN,CC,AT,TT,AA,GG,AA,TT,AC,TT,CC,CT,AA,AC,TT,CG,AG,CC,AG,CC,TT,TT,TT,GG,TT,AA,CC,AG,GG,CC,CG,GG,CC,GG,AT,AA,CC,TT,GG,CC,CG,AA,GG,CC,AA,CG,AA,AA,AA,CG,AC,TT,AA,GG,AA,AA,NN,AA,GG,AG,AA,AA,TT,GG,AA,AA,CC,AA,CT,AA,AA,GG,AG,GG,TT,AA,AA,TT,TT,TT,AA,TT,GG,GG,AC,8.05,Resistant,High,Standard,Early
L0789,Warangal,Telangana,Rabi,Black Cotton,Irrigated,410,26.5,60,AA,TT,GG,AA,GG,CC,GG,TT,CC,CG,AA,CC,CC,TT,TT,GG,CG,TT,TT,AA,CG,TT,TT,CC,TT,CC,NN,AT,GG,AA,TT,CT,GG,CC,GG,GG,GG,CG,GG,CC,TT,TT,AA,TT,AG,GG,CT,TT,CC,AC,GG,AA,AA,GG,CC,TT,AA,AC,TT,AA,AA,GT,TT,AA,CT,AT,CC,GG,TT,GG,AG,GG,AC,AA,GG,AC,AT,GG,TT,CC,GG,GT,GG,CC,AT,GG,AA,AA,CC,GG,AC,TT,CC,TT,NN,GG,TT,CC,TT,CC,CC,CC,GG,AA,AT,GT,CC,AA,AA,AA,CC,GT,TT,CC,TT,AA,AA,TT,CC,GG,CC,GG,CC,NN,TT,AA,CT,CC,CC,CC,AG,TT,CC,AA,CC,CC,AA,AT,AA,AA,GG,CC,CC,GG,AA,AG,AA,CC,GG,CC,CC,AA,AA,AG,GT,GG,AC,GT,CT,AG,CC,GT,GT,TT,CC,AA,GT,TT,AA,AT,GG,CC,AA,CC,CC,CC,CG,CC,AA,GG,AA,CC,TT,CG,GT,TT,CG,TT,AA,AA,NN,CC,CG,AA,CC,CC,GG,GG,AA,GG,CT,AC,AA,CC,GT,AT,AA,AT,TT,GG,TT,AT,AA,CG,GG,AA,CC,TT,GT,AA,GG,AA,TT,AC,TT,CC,TT,AC,CC,CT,CG,AA,CG,AG,AC,TT,CC,TT,GG,TT,AA,AC,AA,GG,CC,CC,GG,CC,GG,AT,AA,CC,GT,GG,CC,CG,AT,GG,CG,AA,CC,AA,AA,CC,CG,AC,TT,AA,GG,AA,AA,AA,AA,GG,GG,AA,AA,TT,GG,AA,AG,CC,CC,TT,AA,AA,GG,GG,GG,GT,AA,AA,TT,TT,TT,AA,AT,GG,GG,AA,4.84,Resistant,High,Premium,Medium
L0790,Warangal,Telangana,Rabi,Black Cotton,Irrigated,410,26.5,60,AC,TT,AG,GG,CG,CC,GT,AT,CC,CC,AA,CC,CC,TT,GT,GT,CG,TT,TT,AA,CC,TT,TT,CC,TT,CC,TT,AT,GG,AA,TT,CC,AA,CC,AG,GG,GG,CC,GG,CC,TT,TT,AA,TT,AA,AA,CT,TT,CC,AC,GG,AA,AG,GG,CC,TT,AT,AC,GG,AA,AG,GT,TT,AA,TT,TT,CC,GG,TT,GT,AA,GG,CC,AA,GG,AC,AT,GG,TT,TT,GG,GG,GT,CC,AA,GG,AG,AA,CC,TT,CC,TT,CC,TT,TT,AG,TT,CC,GG,CC,CC,CG,AG,AA,AT,GT,CC,AA,AG,AA,CT,GT,TT,CC,TT,AC,AA,TT,CC,AG,CC,GG,CC,GG,TT,AG,CC,CC,CC,NN,AG,TT,CC,AA,CC,CC,AG,AT,AA,AA,GG,CC,CG,GG,AA,AG,AA,CC,GG,CC,CC,AA,AA,GG,TT,GG,CC,GT,CT,GG,CC,GT,TT,TT,CG,AA,TT,TT,AT,TT,GG,CC,AA,CC,AC,CC,GG,CC,AA,GG,GG,CC,TT,CC,TT,GG,CG,AT,AG,AA,TT,AC,GG,AA,CC,CC,GG,GG,AC,GG,TT,AA,AA,CG,GG,AA,CC,AA,AT,GT,TT,TT,AA,CG,GG,AA,CG,TT,TT,AA,GG,AA,TT,AA,TT,CC,CT,AA,AC,TT,CG,AG,CC,AG,AC,TT,CT,TT,GG,TT,AC,CC,AG,GG,CC,CC,GG,CC,GT,AA,AA,CC,TT,GG,CC,CG,AA,GG,CC,AA,CC,AT,AA,CC,CC,CC,TT,AA,GG,AA,AA,AA,AA,GG,AA,AA,AA,TT,GG,AA,AG,AC,AA,CT,AG,AA,GG,GG,GG,GT,AA,AA,TT,TT,TT,GG,AA,GG,GG,NN,8.8,Susceptible,Low,Poor,Early
L0791,Warangal,Telangana,Rabi,Black Cotton,Irrigated,410,26.5,60,AA,CT,GG,GG,CG,CC,GT,TT,CC,CG,AA,CT,CG,AT,GT,GG,GG,TT,AT,AA,CC,TT,TT,CC,TT,CC,TT,TT,GG,NN,TT,CC,AA,CC,AG,GG,GG,CG,GG,CC,TT,CC,AA,TT,AA,GG,TT,TT,CC,CC,GG,AA,AA,GG,TT,TT,AA,AC,TT,AC,AA,TT,AT,AA,TT,TT,CC,GG,TT,GT,AG,GG,CC,AA,GG,AA,AA,GG,TT,TT,GG,GG,GT,CC,AA,GG,AA,AT,CC,TT,AC,TT,TT,TT,TT,GG,TT,AC,TT,CC,CC,CC,AG,AA,TT,TT,CC,AA,AA,AA,CC,GG,NN,CG,TT,AA,AA,TT,CC,GG,CC,AG,CC,TT,TT,AG,CC,CC,CC,NN,AA,NN,AC,AA,CC,CC,AA,TT,AA,AT,CG,CC,CC,GG,AG,AG,AA,CC,GG,CC,CC,AA,GG,GG,TT,GG,AA,TT,CT,GG,AC,TT,TT,TT,CG,TT,TT,NN,AA,TT,GG,CG,AG,CT,AC,NN,GG,CC,AA,GG,AA,CC,TT,CC,GG,TT,GG,TT,AA,AA,GT,AC,GG,AC,CC,CC,GG,GG,AA,GG,TT,AA,AG,CG,GG,AA,CC,AT,AT,GG,TT,AT,AA,CG,GT,AA,CC,TT,TT,AA,GG,AA,CT,AA,TT,CC,CT,CC,AC,CT,GG,AG,CC,AG,CC,TT,TT,TT,GG,TT,AA,AC,GG,GG,CG,CC,GG,CC,GG,AA,AA,CC,TT,GG,CC,CC,AA,AG,CC,AT,CC,NN,AG,CC,CG,CC,TT,AA,GG,AA,AA,AC,AA,AG,GG,AA,AA,AT,GG,AA,AA,AC,CC,CT,AA,AA,GG,GG,GG,TT,AA,AA,TT,TT,TT,AG,TT,GG,GG,AA,5.46,Susceptible,High,Standard,Late
L0792,Warangal,Telangana,Rabi,Black Cotton,Irrigated,410,26.5,60,AC,TT,AG,GG,GG,CC,GT,TT,CC,NN,AA,CC,CC,TT,TT,GG,CG,TT,AT,AA,CC,TT,GT,CT,TT,CC,TT,TT,GG,AA,TT,CC,AA,NN,GG,CG,GG,CC,GG,CC,TT,CT,AA,TT,AA,NN,TT,AT,CC,CC,GG,AA,AA,GG,CC,GT,AA,AA,TT,AA,AG,TT,TT,AA,TT,AT,CC,GG,TT,GT,AA,GG,CC,AA,GG,AA,AA,AA,GT,TT,GG,GT,GT,CC,AA,GG,AA,AT,CC,GT,CC,TT,CC,TT,GT,GG,TT,CC,TT,CC,CC,CC,AG,AA,TT,TT,CC,AA,AG,AA,CC,GG,TT,CC,GT,AC,AA,TT,CG,AG,NN,GG,CC,GG,TT,AA,NN,CC,CC,CC,AA,GT,CC,AC,CC,CC,AG,AT,AG,AA,GG,CC,CC,GG,AA,AA,AA,CC,GG,CC,CC,AA,AA,GG,TT,GG,AA,GT,TT,GG,CC,TT,GT,TT,CC,TT,TT,TT,AA,TT,NN,CC,NN,CT,CC,AC,CG,CC,AA,GG,AA,CC,TT,CC,GG,GT,GG,AT,AA,AG,TT,CC,GG,AA,CC,CC,GG,GG,AC,GG,TT,AC,NN,CG,GG,AA,CC,AA,AA,GG,TT,TT,AA,GG,TT,AT,CG,TT,TT,AA,AG,AA,CT,AA,TT,CC,CT,AA,CC,CT,GG,AA,CC,AA,CC,AT,TT,GT,GG,TT,AA,AC,AG,GG,CC,CC,GG,CC,GG,AT,AG,CC,TT,AG,CC,CC,AA,AG,CC,AA,CC,AA,AA,CC,CC,CC,TT,AG,GG,AA,AA,AA,AA,AG,AG,AG,AA,TT,GG,AC,AG,CC,AC,TT,AA,AA,GG,GG,GG,GT,AT,AA,TT,TT,TT,AG,AT,GG,GG,AA,7.5,Susceptible,High,Premium,Early
L0793,Warangal,Telangana,Rabi,Black Cotton,Irrigated,410,26.5,60,AC,CT,GG,AA,GG,CC,GG,TT,CC,GG,AA,CC,CG,TT,GG,GG,GG,TT,TT,AA,CC,GT,GT,CC,TT,CC,TT,AT,NN,AA,CT,CC,AA,AC,GG,CG,GG,CG,GG,CC,TT,TT,AA,TT,AA,GG,TT,TT,CC,AC,GG,TT,AA,GG,CC,TT,AA,AA,GG,AA,AA,TT,AT,AG,TT,NN,CC,GG,TT,GG,AA,GT,CC,AA,GG,CC,AT,GG,TT,TT,GG,GG,GT,CC,AA,GG,AA,AA,CC,GT,AC,NN,CT,TT,TT,GG,CC,CC,TT,CC,CC,CC,AG,AA,TT,TT,CC,AA,AG,AA,CC,GG,TT,CG,TT,AA,AC,TT,CC,GG,CC,GG,CC,GT,CT,AG,CT,CC,CC,CC,AA,TT,CC,AA,CC,CC,AA,AT,AA,AA,GG,CT,CC,GG,AA,AA,AA,CC,GG,CC,CC,AG,AA,GG,TT,AG,AA,TT,CT,GG,AC,TT,GT,TT,CC,AA,TT,TT,AA,AT,GG,CC,AA,TT,CC,CC,GG,CC,AA,GG,AG,CC,GT,CC,GT,TT,GG,TT,AA,NN,TT,CC,GG,AA,CC,NN,GG,GG,AC,GG,TT,AA,AA,CC,GG,AT,AC,AT,AT,GG,TT,AT,AT,GG,GG,AA,CC,AT,TT,AT,GG,AA,TT,AA,TT,CC,TT,AA,CC,TT,GG,AG,CG,AG,CC,TT,CT,GT,GG,TT,NN,NN,AA,GG,CC,CG,GG,CC,GG,AA,AA,CG,GT,GG,CC,CC,AA,GG,CC,AA,CG,AA,AA,AA,CC,AC,TT,AA,GG,AA,AA,AA,AA,AG,AG,AA,AG,AA,CG,AA,AG,CC,AC,CT,AA,AG,GG,GG,NN,GT,AT,AA,TT,TT,TT,AG,NN,GG,GG,AA,8.87,Susceptible,High,Premium,Late
L0794,Warangal,Telangana,Rabi,Black Cotton,Irrigated,410,26.5,60,AA,TT,GG,AG,GG,CC,GT,AT,CG,CC,AT,CC,CC,TT,TT,GG,CG,TT,TT,NN,CC,TT,GG,CC,TT,CC,TT,NN,GG,AA,TT,CC,AA,CC,GG,CG,GG,CG,GG,CC,TT,CC,NN,GT,AG,AG,CT,AT,CC,CC,GG,AA,AA,GG,CC,GG,AA,AA,GG,AA,GG,TT,TT,AA,TT,TT,CC,GG,TT,GT,AA,GT,CC,AA,GG,AC,AT,GG,TT,TT,GG,GG,GG,CC,AA,GG,AA,AT,CC,GT,CC,TT,CC,TT,TT,GG,CT,CC,TT,CT,CT,NN,GG,AG,TT,TT,CG,AA,GG,AA,CT,GG,GT,CC,TT,AA,AA,TT,CC,GG,CG,GG,CC,GG,NN,AG,CC,CG,CC,CC,AA,TT,CC,AA,CC,CC,AA,TT,AA,AT,GG,CC,CC,GG,AG,AA,AT,NN,GG,CC,CG,AA,AA,GG,TT,GG,AA,GT,CT,GG,CC,TT,GT,CT,CC,AA,GG,TT,AA,AT,GG,CC,AA,CC,CC,CC,GG,AC,AA,GG,AG,CC,TT,CC,GG,TT,GG,TT,AG,GG,GT,AC,GG,AC,CC,CC,GG,GG,AC,GG,CT,AA,AA,CC,GG,AT,AC,AT,AA,GG,TT,AT,AT,GG,GG,AA,CC,AA,TT,AA,GG,AA,TT,AA,TT,CC,CT,AA,CC,TT,CG,AG,CC,AG,CC,TT,TT,TT,GG,TT,AC,AA,AA,GG,CC,CC,GG,CC,GG,AT,AA,CC,TT,GG,CC,CC,AT,GG,CG,AA,CC,AA,AA,CC,NN,CC,TT,AA,GG,AA,NN,AC,AA,AG,AG,AA,AA,AA,GG,AC,AG,AC,AA,TT,AA,AA,GG,GG,GG,GT,AA,AG,TT,TT,TT,AA,TT,CG,GG,AA,11.73,Moderate,Low,Premium,Medium
L0795,Warangal,Telangana,Rabi,Black Cotton,Irrigated,410,26.5,60,AC,TT,GG,AG,CG,CC,GT,AT,CC,CG,AA,TT,CC,AT,TT,GT,GG,TT,TT,NN,CC,TT,TT,CC,TT,CT,GT,TT,GG,AC,TT,CC,AA,CC,AG,GG,GG,CC,GG,CC,TT,TT,AA,GT,AA,GG,TT,TT,CC,CC,GG,TT,AG,GG,CC,TT,AA,AA,GT,AC,NN,GT,TT,AA,TT,TT,CC,GG,TT,GG,AA,GG,CC,AA,GG,CC,AA,GG,TT,TT,GG,GT,TT,CC,TT,AG,AA,AA,CC,GT,CC,TT,CT,TT,TT,GG,TT,CC,TT,CT,CC,CG,AG,AA,TT,TT,CC,AA,AG,AA,CC,GG,TT,CC,TT,AA,AA,TT,CC,GG,CG,GG,CT,GG,TT,AA,CT,CC,CC,CC,AA,TT,CC,AA,CC,CT,AA,TT,AA,AA,GG,CT,CC,GG,AA,GG,AA,CC,GG,CC,CG,AA,AA,AG,TT,GG,AA,TT,TT,GG,AC,TT,GT,TT,CC,AA,TT,TT,AT,AT,GG,CG,AA,CC,CC,CC,GG,CC,AA,AG,AG,CC,TT,CC,GG,GT,GG,TT,AA,AA,TT,NN,GG,AA,NN,CC,GG,GG,AA,GG,TT,AA,AA,CC,GG,AT,CC,AT,AA,TT,TT,AT,AT,CG,GG,AA,CC,TT,TT,AA,GG,AA,CT,AA,NN,CC,CT,AA,CC,TT,CG,AA,GG,AG,CC,TT,CT,TT,GG,TT,AA,CC,AG,GT,CC,CG,GG,CC,GG,AT,AG,CC,TT,GG,CC,CC,AA,GG,CC,AT,CG,AA,AG,CC,CC,AC,AT,AG,GG,AA,AA,AC,AA,AG,AA,AA,AA,TT,CG,AA,AG,CC,AA,CT,AA,AA,GG,GG,GG,TT,AA,AA,GT,TT,TT,AA,AT,GG,GG,AA,8.16,Moderate,High,Premium,Early
L0796,Warangal,Telangana,Rabi,Black Cotton,Irrigated,410,26.5,60,CC,TT,GG,AA,GG,CG,GG,TT,CC,CC,AA,CC,CG,AT,TT,GG,GG,TT,TT,AA,CC,GT,GT,CT,TT,CC,TT,TT,GG,AA,CT,CC,AA,CC,GG,GG,GG,CC,GG,CC,TT,CT,AA,TT,AA,AG,TT,TT,CC,AC,GG,AA,AG,GG,CC,TT,AA,AC,GT,AC,AG,NN,TT,AA,TT,TT,CC,GG,TT,GG,AG,GG,CC,AA,AG,AA,AA,GG,GT,TT,GG,GT,GT,CC,AA,AG,AA,AA,CC,TT,CC,TT,TT,AT,TT,GG,TT,CC,TT,CC,CT,GG,AG,AA,AT,TT,CC,AA,AG,AA,CC,GG,TT,CC,TT,AA,AA,TT,CC,GG,CC,GG,CC,GT,CT,NN,CC,CC,CC,CC,AG,TT,CC,AA,CC,CT,AA,TT,AA,AA,GG,CC,CC,GG,AA,GG,AA,AC,GG,CC,CC,AA,AG,GG,TT,GG,AC,TT,TT,GG,CC,TT,TT,TT,CC,AT,GT,TT,AA,AT,CG,CC,AA,CT,CC,AC,GG,CC,AA,GG,AG,CC,TT,CC,GT,GT,GG,TT,AA,AA,TT,CC,GG,AA,CC,CC,GG,GG,AA,GG,TT,AC,AA,CC,GG,AT,AA,AA,AT,NN,TT,AT,TT,CG,GT,AA,GG,TT,TT,AA,GG,NN,TT,AA,TT,CC,TT,AA,CC,CT,CG,AG,CG,AG,CC,TT,CT,TT,GG,TT,AA,CC,GG,GG,CC,GG,GG,CC,GG,TT,AA,CC,TT,GG,CC,CC,AA,GG,CC,AA,CG,AA,AA,CC,GG,CC,TT,AA,GG,AA,AA,AA,AA,AA,AA,AA,AA,TT,GG,AA,AG,CC,AA,NN,AA,AA,GG,GG,GG,TT,AA,AG,TT,TT,TT,AA,TT,GG,GG,AA,6.6,Susceptible,Medium,Standard,Medium
L0797,Warangal,Telangana,Rabi,Black Cotton,Irrigated,410,26.5,60,NN,TT,AG,AG,GG,GG,GT,AT,CC,CC,NN,CT,CG,TT,TT,GG,CG,TT,TT,AA,CC,TT,TT,CC,TT,CC,TT,TT,GG,AA,TT,CC,AA,CC,GG,GG,GG,CG,GG,CC,TT,TT,AC,GT,AG,AG,TT,TT,CC,CC,GT,AA,AG,GG,CC,TT,AA,AC,GG,AA,AA,GT,NN,AG,TT,AA,CC,GG,TT,GG,NN,GT,CC,AA,GG,AA,AT,GG,TT,TT,GG,GG,GG,CC,AA,AG,AA,AA,CC,TT,AC,TT,CC,NN,GT,AG,TT,CC,GT,CC,CC,CC,NN,NN,TT,TT,CC,AA,AG,AA,CC,GG,GT,CC,TT,AA,AA,TT,CC,GG,CG,GG,CC,GT,TT,AA,CT,CC,CC,CC,AA,TT,CC,AA,CC,CT,AA,AT,AA,AA,GG,CC,CC,GG,AA,AG,AA,CC,GG,CC,CG,AA,AA,AG,TT,GG,AC,GT,TT,GG,CC,GT,NN,CT,GG,AA,GT,CT,AA,TT,GG,CC,AG,TT,CC,CC,CG,CC,AA,GG,AA,CC,TT,CC,GT,TT,NN,AA,AG,AA,TT,AA,GG,AA,CC,CC,GG,GG,AC,GG,TT,AA,AA,CC,GG,AA,CC,AA,AA,GG,TT,AT,TT,CG,GT,AA,CC,TT,GT,AA,GG,AA,TT,AA,TT,CC,TT,AA,CC,TT,GG,AA,GG,AG,CC,TT,CT,GG,GG,TT,AA,CC,AA,GG,CC,CC,NN,CC,GG,TT,AA,CC,TT,GG,CC,CC,AT,GG,CC,AT,CG,AA,AA,AC,CG,CC,TT,AA,GG,AA,AA,AC,AA,NN,AA,AA,AA,TT,GG,AA,AA,AC,AA,CC,GG,AA,GG,GG,GG,TT,AA,AA,GT,TT,TT,GG,TT,GG,GG,AA,7.17,Moderate,High,Poor,Late
L0798,Warangal,Telangana,Rabi,Black Cotton,Irrigated,410,26.5,60,AA,CT,AA,AA,CG,CC,GG,AT,CC,CC,AA,CT,CG,AT,TT,GT,GG,TT,TT,AG,CC,TT,GT,TT,TT,CC,TT,TT,GT,AC,TT,CC,AA,CC,GG,GG,GG,CC,GG,AC,TT,CT,AA,TT,AG,GG,TT,TT,CC,AC,GG,AA,AA,GG,CC,TT,AA,AA,GG,AC,AA,TT,TT,AG,TT,AT,CC,GG,TT,GG,AA,GT,CC,AA,GG,AC,NN,GG,TT,TT,GG,GT,GT,AC,AA,GG,AG,AT,CG,GG,CC,GT,CT,TT,TT,GG,TT,CC,TT,CC,CC,CG,AA,AA,TT,TT,CC,AG,AG,AA,CT,GG,TT,CC,TT,AA,AA,TT,CC,AA,CC,GG,CC,GG,CT,AA,CT,CC,CC,CC,AA,TT,NN,AA,CC,CC,AA,AT,AA,AT,GG,CT,CC,GG,AA,AA,AT,CC,GT,CC,CC,AA,AA,GG,TT,GG,AC,GT,TT,AG,AC,TT,TT,TT,CG,AA,TT,TT,AA,TT,GG,CC,AA,CT,CC,CC,CG,CC,AA,GG,GG,CC,TT,CC,GT,TT,GG,AT,AA,AA,TT,CC,CG,AA,CC,CC,CG,GG,AC,GG,TT,AA,AA,CC,GG,AA,CC,AA,AT,GT,TT,TT,AA,GG,GT,AT,CC,TT,GT,AA,GG,AA,CT,AA,TT,CC,CT,AA,CC,CC,NN,AA,CG,AA,AC,TT,TT,TT,GG,TT,AA,AC,AG,GG,CC,CG,GG,CC,GT,AA,AG,CC,TT,GG,CC,CG,AA,AG,CC,AA,CC,AT,AA,NN,CG,AC,TT,AA,GG,AA,AA,AA,AC,AG,AA,AG,AA,TT,GG,AA,AA,AA,AC,TT,AA,AG,GG,AG,GG,TT,AA,AA,TT,TT,TT,GG,AT,GG,GG,AC,6.71,Resistant,Medium,Standard,Medium
L0799,Warangal,Telangana,Rabi,Black Cotton,Irrigated,410,26.5,60,CC,TT,GG,AA,NN,CC,GT,TT,CC,CC,AA,CC,CG,TT,TT,GG,CG,TT,TT,AG,CC,GG,TT,CC,TT,CC,GT,AA,TT,AA,TT,CC,AA,AC,GG,CG,GG,CG,GG,CC,TT,CC,AA,GT,AA,AG,TT,TT,CC,CC,GG,AT,AA,GG,CC,TT,AT,AA,TT,AC,AA,TT,AA,AG,TT,NN,CC,GG,TT,GT,AA,GG,CC,AA,GG,AC,AT,GG,TT,TT,GG,NN,GG,CC,AT,AG,AA,AA,CC,TT,CC,TT,CT,TT,GT,GG,TT,CC,GT,CT,CC,CG,AG,AA,AT,TT,CC,AG,AA,AA,CT,GT,GT,CC,TT,AA,AA,TT,CC,AG,CC,GG,CC,GG,CT,AG,CC,CC,CC,CC,AA,TT,CC,AA,CC,CT,AA,TT,AA,AA,GG,CC,CC,GG,AA,AA,AA,AC,GG,CC,CC,AA,AA,GG,TT,GG,AC,TT,CT,GG,AC,GG,GT,CT,CC,TT,TT,NN,AA,TT,GG,CC,AA,CC,CC,CC,CG,CC,AA,GG,GG,CC,TT,CC,GG,TT,CG,AT,AG,AA,TT,AC,CG,AC,CC,CC,GG,GG,AC,GG,TT,AA,AA,CC,GT,AT,AC,AA,TT,GT,TT,TT,AA,CG,GG,AA,CC,TT,TT,AA,GG,AA,TT,AA,TT,CC,TT,AC,CC,TT,GG,AG,CC,AG,CC,AT,TT,GT,GG,AT,AA,CC,AA,GG,CC,CC,GG,CC,GG,AT,AA,CC,GT,GG,CC,CC,AT,GG,CG,AA,CC,AA,NN,CC,CG,CC,TT,AA,GG,AA,AA,AC,AA,AA,AA,AA,AA,AT,GG,AA,AA,CC,AA,CC,AA,AA,GG,GG,CG,TT,AA,AA,TT,TT,TT,AA,TT,GG,GG,AA,4.67,Susceptible,Low,Poor,Late
L0800,Warangal,Telangana,Rabi,Black Cotton,Irrigated,410,26.5,60,CC,TT,GG,GG,CG,CG,GG,TT,CC,CG,AA,CC,CC,TT,TT,GG,GG,AT,TT,AA,GG,TT,GT,CC,AT,CC,TT,TT,GG,AA,TT,CC,AA,CC,GG,GG,GG,CG,GG,CC,TT,TT,AC,GT,AA,GG,CT,AT,CC,CC,GG,AT,NN,GG,CC,TT,AA,AA,GG,AC,AA,TT,TT,AA,TT,TT,CC,GG,TT,GG,AG,GG,CC,AA,AG,AA,AA,GG,NN,TT,GG,GT,GT,CC,AA,GG,AG,AA,CC,GT,AC,TT,CC,TT,TT,GG,CT,AC,GT,CC,CC,CC,AG,AA,TT,TT,CG,AA,AG,AA,CC,GG,TT,CC,TT,AA,AA,TT,CG,NN,CC,GG,CC,GG,TT,AA,CC,CC,CC,CC,AG,GT,CC,NN,CC,CC,AA,TT,AA,AA,CG,CC,CC,GG,NN,AG,AA,AC,GG,CC,CC,AG,AG,GG,TT,NN,AA,TT,NN,AG,CC,GT,GT,TT,CC,AA,GT,TT,AA,TT,GG,CC,AG,CT,CC,CC,CG,CC,AA,GG,GG,CC,TT,CG,GG,TT,CG,TT,AA,AG,TT,AC,GG,AC,CC,CC,GG,GG,AA,GG,CT,AC,AA,CC,GT,AA,NN,AA,AT,GT,GT,AT,AA,GG,GG,AA,CC,TT,TT,AA,GG,AA,TT,AA,TT,CC,TT,AA,AC,CT,GG,AA,CC,AA,CC,TT,CT,GT,GG,TT,AC,AC,AA,GG,CC,CG,GG,CC,GG,TT,AG,CC,TT,GG,CC,CG,TT,GG,CC,AA,CG,AA,AA,AC,CC,CC,TT,AA,GG,AA,AA,AC,AA,AA,AG,AG,AA,TT,GG,AA,AG,CC,AA,TT,AG,AG,GG,GG,GG,TT,AA,AG,TT,TT,TT,AG,TT,GG,CG,AA,7.73,Susceptible,High,Premium,Early
L0801,Warangal,Telangana,Rabi,Black Cotton,Irrigated,410,26.5,60,AC,CT,GG,AA,GG,CC,GG,TT,CC,CC,AT,CC,CG,AT,TT,GG,CG,TT,TT,AA,CC,TT,GT,CC,TT,CC,TT,TT,GG,AA,TT,CC,AA,CC,GG,CG,GG,CC,GG,CC,TT,TT,NN,TT,AA,GG,TT,TT,CC,AA,GT,AA,AA,CG,CT,GT,AT,AA,TT,AA,AA,GT,AT,NN,TT,AT,CC,GG,TT,GT,GG,GG,CC,AA,AG,AC,AT,GG,TT,TT,GG,GG,GG,CC,AA,GG,AA,AA,CC,TT,CC,TT,CT,TT,GT,GG,TT,CC,TT,NN,CC,CC,AA,AA,AT,TT,CC,AG,GG,AC,CT,GG,TT,CG,GT,AC,AA,TT,CC,GG,CC,GG,NN,GT,TT,AA,CT,CC,CC,CC,AA,TT,CC,AA,CC,CC,AA,TT,AA,AA,GG,CT,CC,NN,AA,AG,AA,CC,GT,CC,CC,AA,AG,AG,TT,GG,AA,TT,TT,GG,AC,TT,GT,TT,CG,AA,TT,CT,AA,NN,GG,CC,GG,CC,CC,CC,GG,CC,AA,AG,AG,CC,TT,CG,GG,GG,GG,TT,AA,NN,TT,AA,GG,AA,AC,CC,GG,AG,AA,GG,TT,AA,AA,CC,GT,AT,AC,AA,AA,GG,TT,AT,AT,GG,GG,AT,CC,TT,TT,AA,GG,AA,CT,AA,TT,CG,TT,AA,CC,CT,CG,AG,CG,AA,AA,TT,TT,TT,GG,TT,AA,AC,AA,GG,CC,CG,GG,CC,GG,TT,AA,CG,GT,GG,CC,CG,AA,GG,CC,AA,CC,AA,AA,CC,NN,CC,TT,AG,GG,AA,AA,AC,AA,AG,AA,AG,AA,TT,GG,AC,AG,AC,AA,CT,AA,AA,GG,GG,CG,TT,AA,AG,NN,TT,TT,AG,TT,GG,CG,AA,6.54,Susceptible,Low,Premium,Late
L0802,Warangal,Telangana,Rabi,Black Cotton,Irrigated,410,26.5,60,AC,TT,GG,GG,GG,CC,GG,TT,CC,CC,AA,CC,GG,AT,TT,GT,GG,TT,TT,AA,CC,TT,TT,CC,TT,CC,TT,TT,GG,AA,TT,CC,AA,CC,GG,GG,GG,CC,GG,AC,TT,CT,AA,GT,AA,GG,TT,AT,CC,AC,GG,AA,AG,GG,CC,TT,AT,AC,GG,AA,AG,TT,TT,AA,CT,TT,CC,GT,TT,GG,AA,GG,CC,AA,AG,AC,AA,GG,TT,TT,GG,GG,GT,CC,AA,AG,AA,AA,CC,TT,CC,TT,CT,TT,TT,GG,CT,CC,TT,CC,CC,CC,AA,AG,TT,TT,CC,AA,AA,AA,CC,GG,TT,CG,TT,AC,AC,TT,CC,AG,CC,GG,CC,GG,NN,AA,CC,CC,AC,CC,AA,TT,CC,AA,CC,CT,AA,TT,AA,AA,GG,CC,CC,GG,AA,AA,AA,CC,GG,CC,CC,AA,AA,GG,TT,GG,AA,TT,CT,AG,AC,GG,TT,CT,CC,AA,GT,TT,AA,TT,CG,CG,NN,CC,CC,CC,GG,CC,AA,GG,AA,CC,TT,CG,GT,GT,GG,AT,AA,AA,TT,CC,GG,AC,CC,CC,GG,GG,AC,GG,TT,AA,AA,CC,GG,AA,AC,AA,TT,GT,TT,TT,AA,GG,GT,AA,CC,TT,TT,AA,GG,AA,TT,AC,TT,CC,CT,AC,CC,CT,GG,AA,GG,GG,CC,AT,TT,GT,GG,TT,AA,AC,AA,GG,CC,CG,GG,CC,GG,TT,GG,CG,GG,GG,CC,CC,AA,GG,CG,AT,CC,AA,AA,CC,CC,AC,TT,AA,GG,AA,AC,AC,AA,AG,AG,AA,AA,TT,GG,AA,AA,CC,AA,TT,AA,AA,GG,GG,GG,TT,AT,AA,TT,NN,TT,AG,TT,GG,CG,AA,8.0,Susceptible,Low,Poor,Medium
L0803,Warangal,Telangana,Rabi,Black Cotton,Irrigated,410,26.5,60,AA,CT,GG,AA,GG,CC,GT,TT,CC,GG,AA,CC,CC,TT,GT,GT,CG,TT,TT,AA,CC,TT,TT,CT,AT,CC,GT,TT,GT,AA,TT,CT,AA,CC,GG,GG,GG,CC,NN,CC,TT,TT,CC,TT,AG,AG,TT,AT,CC,CC,GT,AA,AA,GG,CC,GT,AA,AA,TT,AC,AA,TT,AT,AG,TT,AT,CC,GG,TT,GG,AG,GG,CC,AA,AG,AA,AT,GG,TT,TT,GG,GG,GT,CC,TT,GG,AG,AA,CG,GT,CC,GT,CC,TT,TT,GG,TT,AC,GT,CC,CT,CC,GG,AA,TT,TT,CC,AA,AA,AA,CC,GG,TT,CC,GT,AA,AA,TT,CC,GG,CC,AG,CC,GG,CT,GG,CC,CC,CC,CC,AA,NN,CC,AA,CC,CC,AA,TT,AA,AA,GG,CC,CC,GG,AA,AA,AA,CC,GG,CC,CC,AG,AA,AG,TT,GG,AA,GT,CT,GG,AA,GT,TT,CT,CC,AA,GT,TT,AA,TT,GG,CC,AA,TT,CC,CC,GG,CC,AT,GG,AG,CC,TT,CC,GG,TT,CG,TT,AA,AA,GT,CC,GG,AA,CC,CC,GG,GG,CC,CG,TT,AC,AG,CC,GG,AA,CC,AA,AA,GT,TT,AT,AT,GG,GG,AA,CG,TT,TT,AA,GG,AA,TT,AA,TT,NN,TT,AA,CC,TT,CC,GG,CG,GG,CC,TT,CC,GG,GG,TT,AA,CC,AA,GG,CC,CC,GG,CC,GG,TT,AG,CG,TT,GG,CC,CC,AA,GG,CC,AA,GG,AA,AA,AC,CC,AA,TT,AA,NN,AA,AC,AA,AA,AG,AA,AA,AA,AT,GG,AA,AA,CC,AA,TT,AA,AA,GG,GG,GG,GT,AA,AA,NN,TT,TT,AG,TT,GG,GG,AA,5.58,Moderate,Medium,Poor,Late
L0804,Warangal,Telangana,Rabi,Black Cotton,Irrigated,410,26.5,60,AC,TT,AG,AA,GG,CC,GG,AA,CC,CG,AA,CC,CC,TT,GG,NN,CG,TT,TT,AG,CC,TT,GT,CC,TT,CC,TT,TT,GG,AA,TT,CT,AA,CC,GG,GG,GG,CC,GG,CC,TT,CT,AA,GT,AA,GG,TT,AT,CG,CC,GG,AT,AA,GG,CC,TT,AA,AA,GG,AA,AA,GT,TT,AA,TT,TT,CC,GG,TT,GG,AA,GG,CC,AA,AG,AA,AA,GG,TT,TT,GG,GG,GT,CC,AA,GG,AA,AA,CC,GT,CC,TT,CC,AT,GT,GG,CT,CC,GG,CC,TT,CG,AG,AA,AT,GT,CG,AG,AA,AA,CC,GG,TT,CC,GG,AA,AA,TT,CC,AG,CC,GG,CC,GT,TT,AG,CT,CC,CC,CC,AA,TT,AC,AC,CC,CT,AA,TT,GG,AA,CG,CC,CC,GG,AA,GG,AA,CC,GG,CC,CC,AA,AA,GG,TT,AG,AA,TT,CT,GG,CC,GT,GT,CT,CC,AT,TT,TT,AA,AT,CG,CC,AG,CT,CC,CC,GG,CC,AA,GG,GG,CC,TT,CC,GT,GT,GG,AA,AA,AA,TT,CC,GG,AA,AC,CC,GG,GG,AA,GG,TT,AA,AA,CC,GG,AA,CC,AA,AT,GG,TT,TT,AT,GG,TT,AT,CC,TT,GT,AA,AG,AA,TT,AA,TT,CC,NN,AA,CC,CC,GG,AG,CC,AG,CC,TT,TT,GT,GG,TT,AA,AC,AA,GG,CC,CG,GG,CC,GG,AT,AA,CG,GT,GG,CC,CG,AA,GG,CC,TT,CG,AT,AA,CC,CG,CC,TT,AA,GG,AA,AC,AC,AA,GG,AA,AA,AA,AT,GG,AC,GG,CC,CC,CT,AA,AA,CG,AG,GG,TT,AA,AA,TT,TT,TT,AG,TT,GG,GG,AA,7.0,Susceptible,Low,Premium,Medium
L0805,Warangal,Telangana,Rabi,Black Cotton,Irrigated,410,26.5,60,AC,CT,AG,AA,GG,CC,GG,TT,CC,CG,AA,CT,CG,TT,TT,GG,GG,TT,TT,AA,CC,GT,TT,CT,TT,CC,TT,TT,GG,AA,CT,CC,AA,CC,GG,CG,GG,CC,GG,CC,TT,CT,AA,TT,AA,AG,TT,AT,CC,AC,GG,AA,AG,CG,NN,TT,AA,AA,GG,AC,GG,TT,AT,AG,TT,TT,CC,GG,TT,GG,AA,GG,AC,AA,AG,CC,AA,GG,TT,TT,GG,TT,NN,CC,AA,GG,AA,AA,CC,TT,CC,TT,CT,TT,TT,GG,CT,NN,GT,CC,CC,CC,AG,AA,TT,TT,CG,AA,GG,AA,CT,GG,TT,CG,TT,AA,AA,TT,CC,AG,CC,GG,CC,GT,CT,AG,CC,CC,CC,CC,AA,TT,CC,AA,CC,CC,AA,TT,AA,AA,GG,CC,CC,GG,AG,AA,AA,CC,GG,CC,CC,AA,AA,AG,TT,GG,NN,TT,TT,GG,CC,TT,GG,TT,CG,AA,GT,TT,NN,TT,CG,CC,AA,CT,CC,CC,GG,CC,AA,GG,AA,CC,TT,CC,GT,TT,GG,TT,AA,AA,TT,CC,GG,AA,CC,CC,CG,GG,AC,GG,TT,AC,AA,CC,GG,AA,CC,AA,AA,GT,GG,TT,TT,GG,TT,AT,CC,AT,TT,AA,GG,AA,CT,AA,NN,CC,TT,AC,AC,TT,GG,AA,GG,AG,CC,TT,CT,GT,GG,AA,AC,AA,AG,GG,CC,CG,GG,CC,GG,AA,AA,CC,GG,GG,CC,CC,AA,GG,CC,AA,CC,AA,AA,CC,CC,AC,TT,AA,GG,NN,AA,AC,AA,GG,AG,AA,AA,AT,GG,AA,AG,AC,CC,CC,AG,AA,GG,AG,GG,TT,AT,AA,TT,TT,TT,AA,AT,CG,GG,AA,7.7,Susceptible,Low,Premium,Early
L0806,Warangal,Telangana,Rabi,Black Cotton,Irrigated,410,26.5,60,AA,TT,GG,AA,CG,CC,GG,AT,CC,CG,AA,CT,CC,TT,GT,GG,GG,TT,AT,AA,CC,TT,GT,TT,TT,CC,TT,TT,GG,AA,TT,CC,AA,CC,GG,NN,GG,CG,GG,CC,TT,TT,AA,TT,AG,GG,TT,TT,CC,AC,GG,AT,AA,GG,CC,GT,AA,NN,GT,AC,AG,TT,AT,AG,TT,TT,CC,GG,TT,GT,AA,GG,CC,AA,GG,AA,AT,GG,TT,TT,GG,GT,GG,CC,AA,GG,AA,AT,NN,GT,CC,TT,CC,TT,GT,GG,TT,CC,TT,CC,CC,CC,AG,AG,TT,TT,CC,AG,AA,AA,CC,GG,TT,CG,TT,AC,AA,TT,CC,GG,CC,GG,CC,GG,CC,AA,CC,CC,AC,CC,AA,TT,CC,AA,CC,CC,AA,TT,AA,AA,GG,CC,CG,GG,AG,AG,AT,CC,GG,CC,CC,AA,GG,GG,TT,GG,NN,TT,TT,GG,CC,TT,TT,TT,CC,AT,TT,TT,AA,AT,GG,CG,AG,CT,CC,CC,GG,CC,AA,GG,AG,CC,TT,CC,GG,TT,GG,TT,AA,GG,TT,CC,GG,AC,AA,CC,GG,GG,CC,NN,TT,AA,AG,CC,GT,AA,CC,AA,AA,TT,TT,TT,AT,CG,GT,AA,CC,AT,GT,AA,GG,AA,TT,AA,TT,CC,CT,CC,AC,TT,GG,AA,CG,AG,CC,TT,TT,GT,GG,AT,AA,CC,AA,NN,CC,CG,GG,CC,GG,TT,AA,CC,TT,GG,CC,CG,AA,AG,CC,AA,CG,AA,AA,AC,CG,CC,TT,AA,GG,AA,AA,AA,AA,GG,AG,AA,AA,TT,GG,AC,AA,AA,AA,TT,AG,AG,GG,GG,GG,TT,AA,AA,GT,TT,TT,AA,AT,GG,GG,AA,9.39,Moderate,Low,Standard,Medium
L0807,Warangal,Telangana,Rabi,Black Cotton,Irrigated,410,26.5,60,AC,TT,GG,AG,GG,CC,GT,TT,CC,CG,AA,CC,CG,AT,TT,GT,CG,TT,TT,AA,CC,TT,GT,CT,TT,CC,TT,TT,GG,AA,CT,CC,AG,AC,GG,GG,GT,CC,GG,CC,TT,CC,AA,GT,AA,AG,TT,TT,CC,AC,GT,AA,AG,GG,CC,GT,AA,AC,GG,AA,AG,TT,TT,AA,CT,TT,CC,GG,TT,GG,AA,GG,CC,NN,GG,AC,AT,GG,GT,TT,GG,GG,NN,CC,AA,GG,AA,AA,CG,GG,CC,TT,CT,AT,TT,GG,CT,CC,TT,CC,CT,CG,GG,AA,TT,TT,CC,AA,GG,AC,CC,GG,TT,CC,GT,AA,AA,TT,CG,AA,CC,AG,CC,NN,CT,AA,CT,CC,CC,CC,AA,TT,CC,AA,CC,CC,AA,AT,AA,AA,CG,CT,CC,GG,AG,AG,AA,CC,GG,CC,NN,AA,AA,GG,TT,GG,AA,TT,TT,AG,CC,TT,TT,TT,CG,AA,TT,TT,AA,TT,GG,CC,AG,CT,CC,AC,GG,CC,AA,AG,AG,CC,TT,CC,GT,TT,CG,AA,AA,AG,TT,CC,CG,AA,AC,CG,GG,GG,AA,GG,TT,AA,AG,GG,GG,AA,CC,AT,TT,GT,TT,AT,AT,GG,GT,AA,CG,TT,GT,AA,GG,AA,TT,AC,TT,CC,TT,AA,NN,CT,GG,AA,CG,AG,CC,AT,TT,GT,GG,TT,AA,CC,AA,GG,CC,CG,GG,CC,GG,AT,AA,CC,TT,GG,CG,CC,AA,GG,CG,AT,CG,AA,NN,CC,CG,CC,AT,AA,GG,AA,AA,AA,AA,GG,AG,AG,AA,TT,GG,AA,AG,CC,CC,CT,AG,AA,GG,AA,GG,TT,AA,AA,TT,TT,TT,AG,TT,GG,CG,AA,8.84,Susceptible,Medium,Standard,Medium
L0808,Warangal,Telangana,Rabi,Black Cotton,Irrigated,410,26.5,60,CC,TT,GG,AA,GG,CC,GG,TT,CC,CG,AA,CC,NN,TT,TT,GG,CG,TT,TT,AA,CC,TT,GT,CC,TT,CC,TT,NN,GG,AA,CT,CC,AA,CC,GG,GG,GG,CG,GG,CC,TT,CT,AA,GG,AG,GG,TT,TT,CC,CC,GT,AA,GG,GG,CT,TT,AT,AA,GG,AA,AA,GT,TT,AG,TT,AA,CC,GG,TT,GG,AA,GT,CC,AA,AG,AA,AA,GG,TT,TT,GG,TT,GT,CC,AA,GG,AA,AT,CG,TT,CC,TT,CC,TT,TT,GG,TT,CC,TT,CC,CT,CC,AG,AG,AT,TT,CC,AA,GG,AC,CC,GG,TT,CG,TT,AA,AC,TT,CC,AG,CC,GG,CC,GT,CT,AA,CC,CC,AC,CC,AA,TT,CC,AA,CC,CC,AA,TT,NN,AT,GG,CT,CG,GG,AA,AA,AA,CC,GG,CC,CC,AA,AG,GG,GT,GG,AC,TT,CT,GG,CC,GT,TT,TT,CC,AA,GT,TT,AA,TT,CG,CC,AG,CC,CC,CC,GG,CC,AA,GG,AG,CC,TT,CG,GT,TT,GG,AA,AA,AA,TT,CC,GG,AA,CC,CG,GG,GG,AC,GG,TT,AA,AA,CC,GG,AA,AC,AA,AT,GG,TT,TT,AT,CG,GT,AA,CC,TT,GT,AA,GG,AA,TT,AA,TT,CC,TT,AC,CC,TT,GG,AG,CC,GG,CC,TT,CC,TT,GG,TT,AA,AC,AG,GG,CC,CC,GG,CC,GG,AT,AG,CG,GT,GG,CC,CC,AA,GG,CC,AA,CC,AA,AA,CC,CC,CC,TT,AG,GG,AA,AA,AC,AC,AG,NN,AA,AA,AA,GG,AC,AG,AC,AC,TT,NN,AG,GG,GG,GG,TT,AA,AG,TT,TT,AT,AG,TT,NN,GG,AA,7.63,Susceptible,Medium,Premium,Late
L0809,Warangal,Telangana,Rabi,Black Cotton,Irrigated,410,26.5,60,AC,TT,GG,AG,CG,CC,GG,TT,CC,CG,AT,CC,CG,AA,TT,GG,GG,AT,AT,AG,CC,TT,GG,CT,TT,CC,TT,TT,GG,AA,TT,NN,AA,CC,GG,CG,GG,CC,GG,AC,TT,TT,AA,TT,AA,NN,TT,TT,CC,AA,GG,AT,AA,GG,CC,TT,AA,AA,GT,AA,AG,TT,TT,AG,TT,TT,CC,GG,TT,GG,AA,GG,NN,AA,AG,CC,AA,GG,GT,TT,GG,GT,GG,CC,AA,GG,AG,AT,CC,GT,AC,TT,CT,TT,TT,AG,TT,CC,GT,CC,CC,CC,AG,AG,TT,TT,CC,AA,AG,AA,TT,GG,TT,CC,TT,AA,AA,TT,CC,GG,CC,AG,CC,GT,CT,AG,CT,CC,CC,CC,AA,GT,CC,AA,CC,CT,AA,TT,AA,AA,CG,CC,CC,GG,AA,AA,AA,AC,GG,CC,CC,AA,AG,GG,TT,AG,AC,TT,TT,GG,AC,TT,TT,CT,CC,AA,TT,TT,AA,TT,CG,CC,AA,CC,CC,CC,CG,CC,AA,GG,AG,CC,TT,CC,GG,GT,GG,TT,AA,AA,TT,CC,GG,AC,CC,CG,GG,GG,AA,GG,TT,AC,AA,CC,GT,AA,CC,AA,TT,GG,TT,AT,AA,CG,GT,AA,CC,AT,GT,AA,GG,AA,CT,AA,AT,CC,TT,AA,CC,TT,GG,AG,CC,NN,CC,TT,CC,GT,GG,TT,AA,AC,AA,GG,CC,CG,GG,CC,GG,AT,AA,CC,GT,GG,CC,CC,AA,AA,CG,AT,NN,AA,AG,AC,CC,AC,TT,AA,GG,AA,AA,AA,AA,AG,AG,AA,AG,TT,GG,AA,AG,AA,NN,TT,AA,AA,GG,GG,GG,TT,AA,AA,GT,TT,TT,AG,AT,GG,GG,AA,8.98,Susceptible,Low,Premium,Early
L0810,Warangal,Telangana,Rabi,Black Cotton,Irrigated,410,26.5,60,AA,TT,GG,GG,GG,CC,GT,TT,CC,GG,AA,CC,CG,TT,TT,GG,CG,TT,TT,AA,CC,GT,TT,CC,TT,CC,TT,TT,GG,AA,TT,CT,AA,CC,GG,GG,GG,CG,GG,CC,TT,CT,AC,TT,AA,GG,TT,TT,CC,AA,TT,AA,AG,GG,CC,TT,AA,CC,GT,AC,AA,TT,AT,AA,TT,AT,CC,GG,TT,GG,AG,GG,CC,AA,GG,AC,AT,GG,TT,TT,GG,GG,GG,CC,AA,GG,AA,AA,CC,TT,CC,NN,CC,TT,GT,GG,TT,CC,TT,CC,CT,CG,GG,AA,TT,TT,CC,AA,AG,AA,CC,GG,TT,CC,TT,AA,AA,TT,CC,AG,CC,GG,CC,GT,TT,AA,CC,CC,AC,CC,AA,TT,CC,AA,CC,CC,AA,TT,AA,AA,GG,CC,CC,GG,AA,AG,AA,AC,GT,CC,CC,AA,AA,GG,TT,GG,AC,GT,CT,GG,CC,TT,GT,TT,CC,AT,TT,TT,AA,AT,GG,CC,AA,CC,CC,CC,GG,CC,AA,GG,AA,CC,TT,CG,GT,GT,CG,TT,AA,AA,GT,AC,GG,CC,AC,CC,GG,AG,AC,GG,TT,CC,AA,CG,GT,AA,CC,AT,AA,GT,TT,AT,AA,CG,GT,AA,CG,TT,TT,AA,GG,AA,TT,AA,TT,CC,CT,AC,CC,TT,CG,AG,CG,GG,CC,TT,TT,TT,GG,TT,AA,AC,AA,GG,CC,CG,GG,CC,GG,TT,AG,CC,GT,GG,CC,CC,AA,GG,CC,AA,CC,AA,AA,AA,CC,AA,TT,AG,GG,AA,AA,AC,AA,AG,AA,AG,AA,AT,GG,AA,GG,AC,AA,CT,AA,AA,GG,AG,GG,TT,AT,AA,TT,TT,TT,GG,TT,GG,GG,AA,6.56,Susceptible,Low,Premium,Late
L0811,Warangal,Telangana,Rabi,Black Cotton,Irrigated,410,26.5,60,AA,TT,GG,AA,GG,CC,GG,TT,CC,CC,AA,CC,CG,AT,GT,GG,CG,TT,TT,AA,CC,GT,GG,CC,AT,CC,TT,TT,GG,AA,TT,CC,AA,CC,AA,CC,GG,CC,GG,CC,TT,CT,AA,TT,AA,GG,TT,TT,CC,AC,GG,AT,AG,GG,CC,TT,AA,AC,GT,AA,AG,TT,AT,AG,TT,TT,CC,GG,TT,GG,AA,GG,CC,AA,GG,CC,AT,GG,TT,TT,GG,GG,GG,CC,AA,AG,AA,AA,CC,TT,CC,TT,CT,TT,TT,GG,TT,AC,GT,CC,CC,CC,GG,AG,TT,TT,CG,AA,AG,AA,CC,GG,TT,GG,TT,AC,AA,NN,CC,GG,CC,AG,CT,GG,TT,AA,CC,CC,CC,CC,AA,TT,CC,AA,CC,CC,AA,TT,AA,AA,GG,CT,CC,GG,AA,GG,AA,CC,GG,CC,CC,AA,NN,AG,TT,GG,CC,TT,NN,GG,AC,TT,GG,TT,CC,AA,GT,TT,NN,AT,CG,CC,GG,CT,CC,CC,GG,CC,AA,GG,GG,CC,TT,CG,GG,TT,GG,AT,AA,AA,TT,CC,GG,AA,CC,NN,GG,GG,AC,CG,TT,AA,AA,CC,GG,AA,CC,AA,NN,GT,TT,TT,AA,GG,GT,AA,CG,AT,TT,AA,GG,AA,CT,AC,TT,CC,TT,AA,CC,TT,CG,AG,CC,AG,AA,TT,CT,TT,GG,TT,AC,AC,AG,GG,CC,CC,GG,CC,GG,AT,AA,GG,TT,GG,CC,CC,AA,GG,CC,AA,CC,AT,AA,AC,CG,AC,NN,AA,GG,AA,AA,AC,AA,AG,AG,AA,AA,TT,GG,AA,AA,AC,AA,CT,AA,AA,GG,GG,GG,GT,AA,AG,TT,TT,TT,AA,AA,GG,GG,AA,5.52,Susceptible,Medium,Premium,Medium
L0812,Warangal,Telangana,Rabi,Black Cotton,Irrigated,410,26.5,60,CC,TT,GG,AA,CG,CG,GG,TT,CC,CG,AA,CC,CG,AT,TT,GG,CG,TT,TT,AA,CC,GT,NN,CC,TT,CC,TT,TT,GG,AA,CT,CC,AA,CC,GG,GG,GG,CG,GG,CC,TT,CT,AA,GT,AA,GG,TT,TT,CC,AA,GG,AA,AG,GG,CC,TT,AA,AC,GG,AC,AA,TT,TT,AG,CT,TT,CC,GG,TT,GG,AA,GG,CC,NN,AG,AC,AA,GG,GT,CT,GG,GG,GT,CC,AA,GG,AA,AA,CC,TT,CC,TT,TT,TT,TT,GG,TT,CC,GG,TT,CC,CC,AG,AA,AA,NN,CC,AA,AA,AC,CT,GG,TT,CG,TT,AA,AA,TT,CC,GG,CC,GG,CC,GT,CC,AA,CC,CC,CC,CC,AA,TT,CC,AA,CC,CT,AA,TT,AA,AA,GG,TT,CC,GG,AA,AA,AA,AC,GT,CC,CC,AG,AA,AG,GG,GG,AA,GT,CC,GG,CC,GT,GG,TT,CC,AT,GT,CT,AA,TT,GG,CC,AA,CT,CC,CC,GG,CC,AA,GG,AA,CC,TT,CC,GT,TT,GG,AT,AA,AA,TT,CC,GG,AA,CC,CG,GG,AG,AC,GG,TT,AA,AA,CC,GT,AA,AC,AA,TT,GG,TT,TT,TT,GG,GT,AT,CC,TT,TT,AA,GG,AG,CT,AA,TT,CC,TT,AA,CC,TT,GG,AG,CC,AA,AC,TT,CT,GT,GG,TT,AA,CC,AA,GT,CC,CG,GG,CC,GG,AT,NN,CC,GT,GG,CC,CC,AA,GG,CC,AA,CC,AA,AA,AC,CG,AC,TT,AG,CG,AA,AA,AC,AC,GG,AA,AG,AA,TT,GG,AA,AG,AC,AA,CT,AA,AA,GG,AG,GG,TT,AT,AA,TT,TT,TT,AA,TT,GG,GG,AA,9.7,Resistant,Low,Premium,Early
L0813,Warangal,Telangana,Rabi,Black Cotton,Irrigated,410,26.5,60,CC,CT,GG,AG,GG,CC,GG,TT,CC,CC,AA,CT,CC,AT,TT,GG,GG,TT,TT,AA,CG,TT,NN,CT,TT,CC,TT,TT,GG,AA,TT,CC,AA,CC,GG,GG,GG,CC,GG,CC,TT,CC,AA,TT,AA,AG,TT,TT,CC,CC,GT,AA,AG,CG,NN,GT,AA,AC,TT,AC,AA,TT,TT,AG,TT,AT,CC,GG,TT,GT,AA,GG,CC,AA,GG,AC,AT,GG,TT,TT,GG,GG,GT,CC,AA,GG,AA,AT,CC,TT,CC,TT,CC,AT,TT,GG,TT,CC,TT,CT,CT,CG,AA,AA,TT,TT,CG,AA,AA,AA,TT,GG,TT,CG,TT,AA,AA,TT,CC,GG,CC,AG,CC,GG,TT,AA,CC,CC,CC,CC,AA,TT,CC,AC,CC,CC,AA,TT,AA,AT,CG,CC,CC,GG,AA,AA,AA,AC,GG,CC,CC,AA,AA,AG,TT,GG,AC,TT,NN,GG,AC,TT,GT,TT,CC,TT,GT,TT,AA,TT,NN,CC,AG,CT,CC,CC,CC,CC,AA,GG,GG,CC,TT,CC,TT,TT,GG,AT,AG,AA,GT,CC,GG,AA,AC,CC,GG,GG,AC,GG,TT,AA,AA,CC,GG,AA,CC,AA,AA,GG,GT,TT,AT,CG,TT,AT,CG,AT,GT,AA,GG,AA,CT,AA,TT,CC,TT,AA,CC,TT,GG,AG,CC,AG,CC,TT,TT,TT,GG,TT,AA,NN,AA,GG,CC,CG,GG,CC,GG,AT,AA,CC,GT,GG,CC,CG,AA,GG,CC,AA,CC,NN,AA,AC,CC,AC,TT,AA,GG,AA,AA,AC,AA,AG,AG,AA,AA,TT,GG,AC,AA,CC,AA,CC,AG,AA,GG,GG,GG,TT,AA,AA,TT,TT,TT,AG,TT,GG,GG,AC,8.58,Moderate,Medium,Standard,Early
L0814,Warangal,Telangana,Rabi,Black Cotton,Irrigated,410,26.5,60,AC,TT,AG,AG,GG,CC,GT,AT,CC,GG,AT,CC,CG,TT,TT,GT,GG,TT,TT,AG,CC,TT,GT,CT,TT,CC,GG,TT,GG,AA,TT,CT,AA,CC,GG,GG,NN,CG,GG,CC,TT,TT,AC,GT,AA,GG,TT,AT,CC,AC,GG,AA,AA,GG,CT,TT,AA,AC,GG,AC,AA,TT,TT,AG,CT,TT,CC,GT,TT,GT,AG,GG,CC,AG,NN,AA,TT,GG,TT,TT,GG,GG,GT,CC,AT,NN,AA,AT,CC,GT,CC,TT,CT,TT,TT,GG,NN,AC,GG,CC,CT,CC,AA,AA,TT,GT,CG,AA,AA,AA,CT,GG,TT,CG,TT,AA,AA,TT,CC,GG,CC,GG,CC,GG,TT,AG,CT,CC,CC,CC,AA,GT,CC,AC,CC,CC,AA,TT,AA,AT,GG,CC,CC,GG,AA,AG,AA,AC,GG,CG,CC,AA,AG,GG,TT,AG,AA,GT,TT,GG,CC,GG,GT,TT,CC,AT,TT,TT,AT,AT,NN,CC,AG,TT,CC,AC,CC,CC,AA,GG,AG,CC,TT,CG,GG,NN,GG,TT,AA,AA,TT,NN,GG,AA,CC,CC,GG,GG,AA,GG,TT,AC,AA,CC,GG,AA,AA,AT,AA,GG,NN,AA,AA,GG,GT,AT,CC,TT,GG,AA,GG,AA,CT,AA,TT,CC,TT,AA,CC,TT,GG,AA,CC,GG,CC,AT,CC,TT,GG,TT,AA,CC,AA,GT,CC,CC,GG,CG,GG,AT,AA,CC,TT,NN,CC,CC,AA,GG,CC,NN,CC,AT,AA,AC,GG,CC,TT,AA,GG,AA,AA,AC,AA,GG,AA,AG,AA,AT,GG,AC,AG,CC,AA,CT,AG,AA,GG,NN,GG,TT,AA,AA,TT,TT,TT,AA,TT,GG,GG,AA,4.32,Moderate,High,Premium,Early
L0815,Warangal,Telangana,Rabi,Black Cotton,Irrigated,410,26.5,60,AC,TT,GG,AG,GG,CC,GT,TT,CC,CC,AA,CT,CG,TT,TT,GG,CC,TT,TT,AG,CC,GT,GT,CC,TT,CC,TT,TT,GG,AA,TT,CT,AA,CC,GG,GG,TT,CC,GG,CC,TT,TT,AA,TT,AG,GG,TT,TT,CC,AC,GT,AA,AA,GG,CC,TT,AA,AC,TT,AC,NN,GT,AT,AA,TT,AT,CC,GG,TT,GG,AA,GG,CC,AA,GG,AC,AT,AG,GT,TT,GG,GG,GG,CC,AA,GG,AA,AA,CC,TT,CC,TT,CT,TT,TT,GG,CT,CC,GT,CC,CC,CC,GG,AA,AT,TT,CC,AA,AA,AA,CT,GG,TT,CC,TT,AA,AA,TT,CC,GG,GG,AG,TT,GG,CT,AA,CC,CC,CC,CC,AG,TT,CC,AA,CC,CC,AA,AT,AA,AA,GG,CT,CC,GG,AA,AG,AA,CC,GG,CC,CC,AG,AA,GG,TT,GG,AA,TT,CT,GG,CC,TT,TT,TT,CC,AA,TT,TT,AA,AT,GG,CC,AG,CT,CC,AC,CG,CC,AA,GG,AA,CC,TT,CC,GG,GG,GG,AT,AA,AG,TT,CC,GG,AA,AC,CG,NN,GG,AA,GG,CT,AA,AA,CC,GG,AA,CC,AT,AT,GG,TT,TT,AT,GG,GG,AT,CC,TT,TT,AA,GG,AA,CT,AA,TT,CC,TT,AA,CC,TT,CG,AG,CC,GG,CC,TT,CT,TT,GG,TT,NN,CC,AG,GG,CC,CG,GG,CC,GG,AT,AA,CG,TT,GG,CC,CC,AA,GG,CG,AA,CC,AT,AA,AC,CG,CC,TT,AA,GG,AA,AA,AC,AA,AG,AA,AA,AA,AT,GG,AA,AA,CC,NN,CT,AA,AA,GG,GG,GG,TT,AA,AA,TT,TT,TT,AG,AT,GG,GG,AA,7.4,Moderate,Low,Standard,Medium
L0816,Warangal,Telangana,Rabi,Black Cotton,Irrigated,410,26.5,60,AC,CT,GG,AA,GG,CC,GG,TT,CC,CC,AA,CC,GG,TT,TT,GT,CG,TT,TT,AG,CC,GT,GT,CT,TT,CC,TT,TT,GG,NN,TT,CT,AG,CC,GG,CG,NN,GG,GG,CC,TT,CT,AA,NN,AA,GG,TT,TT,CC,NN,NN,AT,AG,GG,CC,NN,AA,AC,GT,CC,AA,TT,TT,GG,CT,TT,CC,GG,TT,GG,AA,GG,CC,AA,GG,AA,AT,GG,TT,TT,GG,GT,GT,CC,AA,GG,AA,AA,CC,TT,AC,TT,CT,TT,TT,GG,TT,CC,GT,CC,CC,CG,GG,AA,TT,TT,CG,AA,AG,AA,CC,GG,TT,GG,GT,AA,AA,TT,CC,GG,CC,GG,CT,GT,TT,AA,CT,CC,CC,CC,AG,GT,CC,AA,CC,CC,AG,TT,AG,AA,GG,CT,CC,AG,AA,GG,AA,CC,GG,CC,CC,AA,AA,GG,TT,GG,AA,TT,CT,GG,AA,TT,GT,TT,CC,AA,TT,CT,AA,TT,GG,CC,AA,CT,AC,CC,CG,CC,AA,GG,GG,CC,TT,CC,TT,TT,CG,TT,AA,AA,TT,CC,CG,AA,CC,CG,GG,GG,AC,GG,TT,AA,AA,CC,GT,AA,CC,AA,AA,GG,TT,AA,TT,GG,GT,AT,GG,TT,TT,AA,GG,AA,CT,AA,TT,CG,TT,AA,CC,TT,GG,AG,CG,AG,CC,TT,NN,GG,GG,TT,AA,CC,AA,GG,CC,CG,GG,CC,GG,AA,AA,CG,TT,GG,CC,CG,AA,GG,CC,AT,CC,AA,AA,CC,CG,AC,TT,AA,GG,AA,NN,AA,AA,AG,AA,AG,AA,TT,GG,AA,AA,AC,AC,CT,AG,AA,GG,GG,GG,TT,AA,AG,TT,TT,TT,AA,TT,GG,CG,AA,8.24,Susceptible,High,Poor,Medium
L0817,Warangal,Telangana,Rabi,Black Cotton,Irrigated,410,26.5,60,AA,TT,GG,AG,GG,CC,GG,TT,CC,GG,AA,CC,GG,TT,TT,GG,GG,TT,TT,AA,CG,GT,GT,CC,TT,CC,TT,TT,GG,AA,CT,CC,AA,CC,GG,GG,GG,CC,GG,CC,TT,TT,AA,TT,AA,AG,TT,TT,CG,CC,GG,AA,AA,GG,CT,GT,AA,AC,GG,AC,AA,GT,AT,AG,TT,TT,CC,GG,TT,GG,AA,GG,CC,AA,GG,AC,AT,GG,TT,TT,GG,GG,TT,AC,AA,GG,AA,AA,CC,TT,AC,TT,CC,AA,TT,GG,TT,CC,GG,CC,CC,CC,AG,AA,TT,TT,CC,AA,AG,AA,CC,GG,TT,CC,TT,AA,AC,TT,CG,GG,CG,GG,CC,GG,TT,AA,CC,CG,CC,CC,AA,TT,CC,AA,AC,NN,AA,TT,AA,AT,GG,CC,CC,GG,AA,AG,AA,CC,NN,CC,CC,AA,AG,GG,TT,AG,AC,TT,TT,GG,AC,TT,TT,TT,CC,AT,TT,TT,AA,TT,NN,CC,AG,CT,CC,CC,CG,CC,AA,NN,AA,CC,TT,CC,TT,TT,GG,AA,AA,AG,TT,CC,GG,AA,CC,CC,NN,GG,AC,GG,TT,CC,AA,CC,GG,AA,AC,AA,AT,GG,TT,AT,AA,GG,TT,NN,CG,AT,TT,AA,GG,AG,CC,AC,TT,CC,TT,NN,CC,TT,GG,AA,CG,AA,AC,TT,CT,GT,GG,TT,AA,CC,AA,GT,CC,CG,GG,CC,GG,TT,AG,CC,GT,GG,CC,GG,AA,AA,CC,AA,CC,TT,AA,CC,CC,CC,TT,AA,GG,AA,AA,AA,AA,AA,AG,AA,AA,AT,CG,AA,AA,CC,AA,CT,AA,AA,GG,GG,GG,TT,AA,AA,GT,TT,TT,AG,AT,GG,GG,AA,6.89,Susceptible,Medium,Poor,Early
L0818,Warangal,Telangana,Rabi,Black Cotton,Irrigated,410,26.5,60,AA,CC,AG,AG,GG,CC,GG,TT,CC,CG,AA,CT,CG,AA,TT,GG,CC,TT,TT,AG,CC,TT,GG,CC,TT,CC,TT,TT,GT,AA,TT,CC,AA,CC,GG,CG,GG,CG,GG,CC,TT,TT,AA,TT,AA,GG,CT,TT,CG,AA,GG,AT,AG,GG,CC,GG,AA,AC,GT,AC,AA,GT,AT,AA,CT,AT,CC,GT,TT,GG,AA,NN,CC,AA,GG,CC,AT,GG,TT,TT,AG,GG,GT,CC,NN,GG,AA,AT,CG,GT,CC,GT,CT,AT,GT,GG,CT,CC,TT,CC,CT,CG,AG,AA,AT,TT,CC,AA,AG,AC,CC,GG,TT,CC,TT,AA,AA,TT,CC,GG,CG,GG,CT,GT,TT,AA,CC,CC,CC,CC,AA,TT,CC,AA,CC,CT,AA,AT,AA,AA,GG,CC,CC,GG,AA,NN,AA,CC,GT,CC,CC,AA,GG,GG,TT,GG,AC,TT,CT,GG,CC,TT,TT,TT,CG,AA,TT,CT,AT,TT,GG,CC,AG,CC,CC,CC,GG,CC,AA,NN,AA,CC,TT,CG,GT,TT,NN,TT,AA,AG,TT,CC,GG,AA,CC,CG,GG,GG,AC,GG,TT,AA,AG,CC,GG,AA,CC,AA,AA,GG,TT,AT,AA,GG,GT,TT,CC,TT,TT,AA,AG,AA,TT,AA,TT,CC,TT,AA,CC,CT,CG,GG,CC,AG,AC,TT,TT,TT,GG,TT,AA,CC,AG,GT,CC,CG,GG,CC,GG,TT,AA,CC,GT,GG,CC,CC,AA,GG,CC,AT,CG,AT,AA,AA,CG,CC,TT,AA,CG,AA,CC,CC,AA,AG,GG,AA,AA,TT,GG,AA,AA,AC,AA,CT,AA,AG,NN,GG,GG,TT,AT,AA,TT,TT,TT,GG,AT,GG,GG,AA,8.78,Moderate,Low,Premium,Late
L0819,Warangal,Telangana,Rabi,Black Cotton,Irrigated,410,26.5,60,AA,CT,GG,AA,GG,CC,TT,AT,CC,CC,AA,CC,CG,TT,GT,GG,GG,TT,TT,AA,CC,TT,GT,CC,NN,CC,TT,TT,GT,AA,CT,CC,AG,AC,GG,GG,GG,CC,GG,CC,TT,CT,AA,TT,AA,GG,TT,TT,CC,AA,GT,NN,AA,GG,CT,TT,AA,AC,GT,AC,AA,TT,AT,AA,TT,AT,CT,GG,TT,GG,AG,GG,CC,AA,GG,AA,AA,GG,TT,TT,GG,GG,GG,CC,NN,GG,AA,AT,CC,GG,CC,GT,TT,TT,GT,GG,TT,AC,GT,CC,CT,NN,AA,NN,TT,TT,GG,AG,GG,AA,CC,GG,TT,CC,TT,AA,AA,TT,CC,AG,CC,AG,CC,GT,TT,AA,CT,CC,CC,CC,AA,TT,AC,AA,CC,NN,AA,TT,AA,AA,CG,CT,CC,GG,AA,AG,AA,CC,GT,CG,CC,AA,AG,AG,GT,GG,AC,GT,TT,AG,AC,GG,TT,CC,CG,AT,TT,TT,AT,TT,GG,CC,AG,CT,CC,CC,GG,AC,AA,GG,AA,CC,TT,CC,GG,GT,CC,AT,AA,AA,TT,CC,GG,AC,CC,CC,CG,GG,AC,GG,TT,AA,AA,CC,GT,AA,CC,AA,AT,GT,TT,AT,AA,GG,GG,AA,CC,TT,TT,AA,GG,AA,TT,AA,TT,CC,TT,AA,AA,CT,GG,GG,CC,GG,CC,TT,TT,TT,GG,AA,AA,AC,AA,GG,CC,CG,GG,CC,GG,AT,AA,CC,TT,GG,CC,CC,AA,GG,CG,AT,CC,AA,AA,AC,CG,AC,AT,AA,GG,AA,AA,AC,AA,GG,AG,AA,AA,TT,CG,AA,AG,CC,AA,TT,AG,AG,GG,GG,GG,TT,AT,AA,TT,TT,TT,AG,AT,GG,GG,AA,5.56,Susceptible,Medium,Standard,Late
L0820,Warangal,Telangana,Rabi,Black Cotton,Irrigated,410,26.5,60,AA,CT,GG,AA,GG,CC,GG,TT,CC,CC,AA,CC,CG,TT,TT,GG,GG,TT,TT,AA,CC,TT,GT,CC,AT,CC,TT,TT,GG,AA,TT,CC,AA,CC,GG,CG,GG,CC,GG,CC,TT,TT,AC,TT,AA,GG,TT,TT,CC,AC,GT,AA,AA,GG,CT,TT,AT,AC,GT,AA,AA,TT,AT,AG,CT,AT,CC,GT,CT,GG,AA,GG,AC,AA,AG,AA,AA,AG,TT,TT,GG,GT,GG,CC,AA,GG,AA,AA,CC,TT,CC,TT,CC,AT,TT,GG,TT,CC,GG,CT,TT,CC,AA,AA,TT,TT,NN,AA,AG,AA,CC,GG,TT,CC,TT,AC,AC,TT,CC,GG,CC,GG,CC,GT,CC,AG,CC,CC,CC,NN,AA,TT,AC,AA,CC,CC,AA,TT,AA,AA,GG,CC,CC,GG,AA,AA,AA,CC,GG,CC,CC,AA,AG,AG,GT,GG,AA,TT,TT,GG,AC,TT,TT,TT,CG,AT,TT,TT,AA,TT,GG,CC,AA,CT,CC,CC,GG,CC,AA,GG,AA,CC,TT,CC,TT,GT,GG,AT,AA,AA,TT,CC,GG,AA,AC,CC,GG,GG,AC,GG,TT,AA,AA,CC,TT,AA,AA,AA,TT,GG,GT,TT,AA,CG,GG,AA,CC,AT,TT,AA,GG,AA,TT,AA,TT,CC,CT,AA,AC,CT,GG,NN,CC,AG,CC,AT,TT,TT,GG,NN,AA,AC,AA,GG,CC,CC,GG,CC,GG,AT,AG,NN,GT,AG,CC,CC,AA,GG,CC,AA,CC,AA,AA,CC,CG,AA,TT,AA,CG,AA,AA,AC,AA,AA,AA,AA,AA,AT,GG,AC,AG,AC,AA,CT,AG,AA,CG,GG,GG,TT,AA,AG,TT,TT,TT,AG,AT,GG,CG,AA,7.9,Susceptible,Low,Poor,Early
L0821,Warangal,Telangana,Rabi,Black Cotton,Irrigated,410,26.5,60,AC,CT,GG,GG,GG,CC,GG,AT,CC,CC,AA,CT,CG,TT,TT,GG,CG,TT,TT,AA,CC,NN,TT,CC,TT,CC,TT,AT,GG,AA,TT,CC,AA,CC,GG,CG,GG,CG,GG,CC,TT,NN,AA,TT,AA,AG,CT,TT,CC,AC,TT,AA,AG,GG,CC,GT,AA,AA,GT,AA,AA,TT,TT,AA,TT,AT,CC,GG,TT,GG,NN,GT,CC,AA,GG,AA,AT,GG,GT,TT,GG,GG,GT,CC,AA,AG,AA,TT,CC,TT,AC,TT,CT,TT,GT,GG,TT,AC,GT,CC,CC,CC,GG,AG,TT,TT,CC,AA,AA,AA,CT,GG,TT,CC,TT,AA,AC,AT,CG,GG,CC,GG,CC,GT,CT,AA,CC,CC,CC,CC,AA,GT,CC,AA,CC,CT,AA,TT,AA,AT,GG,CC,CG,GG,AA,AG,AA,CC,GG,CC,CC,AG,AG,AG,GT,GG,AC,GT,TT,GG,CC,TT,TT,TT,CC,AT,TT,TT,AA,TT,GG,CC,AA,CT,CC,CC,CG,CC,AA,GG,AA,CC,TT,CG,TT,GT,CG,TT,AG,AA,TT,CC,GG,AA,AC,CC,GG,GG,AC,GG,TT,AA,AA,CC,GG,AA,CC,AT,AT,GT,TT,AT,AA,GG,GT,AA,CG,TT,GT,AA,GG,AA,TT,AA,TT,CC,TT,AA,CC,TT,GG,AA,CC,AG,NN,TT,TT,GT,GG,TT,AA,AC,AA,GG,CC,CC,GG,CG,GG,AT,AA,CC,TT,AG,CC,CC,AT,GG,CG,AA,CG,AA,AA,CC,CG,AA,TT,AA,GG,AA,AA,AA,AC,AG,AG,AA,AA,AT,GG,AA,AA,AC,AA,CT,AA,AA,CG,GG,CG,TT,AT,AA,TT,TT,TT,AG,NN,GG,NN,AC,7.56,Resistant,Low,Premium,Late
L0822,Warangal,Telangana,Rabi,Black Cotton,Irrigated,410,26.5,60,AA,TT,GG,AA,GG,CG,GT,AT,CC,GG,AA,CC,CG,TT,TT,GG,CG,TT,TT,AG,CC,TT,GG,CT,AT,CC,GT,TT,GT,AA,CT,CC,AG,CC,GG,CG,GG,CC,GG,CC,TT,TT,AA,TT,AA,GG,CT,TT,CC,CC,GT,AA,AA,GG,CT,NN,AA,CC,GT,AA,AA,TT,AA,AA,TT,TT,CC,GG,TT,GG,AA,GG,CC,AA,AG,AC,AA,AG,TT,TT,GG,GG,GG,CC,AA,GG,AA,AT,CC,TT,CC,TT,CC,TT,GT,AG,TT,CC,TT,CT,CT,CG,GG,AA,TT,NN,CC,AA,NN,AA,CC,GG,TT,CC,TT,AA,AA,TT,CC,GG,CC,NN,CC,GG,TT,AG,CC,CC,CC,CC,AA,TT,CC,AA,CC,CT,AA,TT,AA,AA,CG,CC,CG,GG,AA,AA,AA,CC,GG,CG,CG,AA,AG,GG,TT,GG,AA,TT,CT,GG,CC,TT,GT,TT,CC,AT,TT,CC,AA,TT,GG,CC,AG,CC,CC,CC,CG,CC,AA,GG,AG,CC,TT,CC,TT,GT,GG,TT,AA,AA,TT,CC,GG,AA,AC,CC,GG,GG,AA,GG,TT,AA,AA,CC,GG,AT,CC,AA,AT,GT,TT,AT,AT,GG,GT,AT,CG,AT,GT,AA,GG,AA,TT,AA,TT,CC,CT,AA,CC,CT,GG,GG,CC,NN,AC,TT,CT,TT,GG,AT,CC,CC,AA,GG,CC,GG,GG,CC,GG,AT,AA,CC,GT,GG,CC,CC,AA,GG,CC,AA,CC,AA,AA,AC,CG,AC,TT,AA,CG,AA,AC,AA,AA,GG,AA,AA,AA,TT,GG,AA,AG,AC,AC,CT,AA,AG,GG,GG,CG,TT,AA,AA,TT,TT,TT,AG,TT,GG,GG,AA,5.41,Susceptible,Low,Premium,Medium
L0823,Warangal,Telangana,Rabi,Black Cotton,Irrigated,410,26.5,60,AA,TT,GG,AA,GG,CC,GG,TT,CC,CG,AA,CC,CC,TT,TT,GG,CC,TT,AT,AG,CC,TT,GT,TT,TT,CC,GT,TT,GG,AA,CT,CC,AA,CC,GG,GG,GG,CG,GG,CC,TT,TT,AA,TT,GG,GG,CT,TT,CC,CC,GG,AA,AA,GG,CC,GT,AA,AA,GT,CC,AA,TT,TT,AA,TT,AT,CC,GG,TT,GG,AG,GG,CC,AA,GG,CC,AA,NN,TT,TT,GG,GG,GG,CC,AA,GG,AG,AT,CC,GG,AC,TT,CC,TT,GT,GG,TT,CC,GT,CC,CT,CG,AG,AA,TT,TT,CC,AA,AG,AA,NN,GG,TT,CG,TT,AC,AA,TT,CG,AA,CC,AG,CC,GG,TT,GG,CC,CC,CC,CC,AA,GT,CC,AA,CC,CT,AA,TT,AG,AA,GG,CC,CC,GG,AA,GG,NN,CC,GG,CC,CC,AA,AA,GG,GT,GG,AA,TT,CT,AG,CC,NN,TT,TT,CC,AT,GT,TT,AA,TT,GG,CC,AG,CT,AC,CC,GG,CC,NN,GG,AA,AC,TT,CC,GG,TT,GG,AA,AA,AA,TT,CC,NN,AC,CC,CC,CG,GG,AA,GG,TT,AC,AA,CC,GG,AT,CC,AA,AT,GT,TT,AA,AT,GG,GT,AT,CC,TT,TT,AA,GG,AG,TT,AA,TT,CC,TT,AA,CC,TT,CG,GG,CC,AG,AC,AT,TT,TT,GG,TT,AC,AC,AA,GG,CC,CC,GG,CG,GG,AT,AA,CC,TT,GG,CC,CC,AT,GG,CC,AT,CC,AT,AA,CC,GG,CC,TT,AA,GG,AA,AC,AC,AA,AA,AG,AA,AA,TT,GG,AA,AG,AC,NN,TT,AG,AA,GG,GG,GG,NN,AA,AA,GT,TT,TT,AG,AT,GG,CG,AA,6.88,Susceptible,Medium,Premium,Late
L0824,Warangal,Telangana,Rabi,Black Cotton,Irrigated,410,26.5,60,AC,TT,AG,AA,GG,CC,GG,NN,CC,CC,AA,CC,CC,TT,TT,GG,CG,AT,AT,AA,CC,TT,GT,CC,AT,CT,GT,TT,GG,AA,TT,CC,NN,AC,GG,CG,GG,CC,GG,CC,TT,TT,AA,TT,AA,AA,TT,TT,CC,AC,GG,AA,AG,GG,CC,GT,AA,AA,GG,CC,AG,TT,AT,AA,TT,TT,CC,GG,TT,GT,AG,GT,CC,AA,GG,AC,TT,GG,TT,TT,GG,GT,GG,CC,AA,GG,AA,AA,CG,GT,AC,TT,CC,TT,TT,GG,TT,CC,GT,CC,CT,CG,AG,AA,TT,TT,CG,AA,AA,AA,CC,GT,TT,CC,TT,AA,AA,AT,CC,GG,CC,AG,CC,GT,TT,AG,CC,CC,CC,CC,AA,TT,CC,AA,CC,CT,AA,TT,AA,AA,CG,CT,CC,GG,AA,AA,AA,AC,GG,CC,CC,AG,AG,AG,TT,GG,AA,NN,TT,GG,CC,TT,TT,TT,CC,AA,TT,TT,AA,TT,GG,CC,AA,CC,CC,CC,GG,CC,AA,GG,AA,CC,TT,CC,GG,GT,GG,TT,AA,AG,TT,CC,NN,AA,CC,CC,GG,GG,AC,CG,TT,AA,AA,CC,GG,AA,AC,AA,AA,GG,TT,TT,AT,GG,GG,AT,CC,AT,GT,AA,GG,AA,CT,AA,TT,CC,CT,AA,CC,TT,GG,AA,CG,AA,CC,TT,TT,TT,GG,TT,AC,AA,AG,GT,CC,CG,GG,CC,GG,TT,AA,CC,TT,GG,CC,CC,AA,AG,CC,AA,CC,AA,AG,NN,CG,AC,TT,AA,GG,AA,AA,AA,AA,AG,AA,AG,AA,TT,GG,AA,GG,AC,AC,CT,AA,AA,GG,GG,GG,GT,AA,AA,GG,TT,TT,AA,TT,GG,GG,AA,9.37,Moderate,Low,Standard,Medium
L0825,Warangal,Telangana,Rabi,Black Cotton,Irrigated,410,26.5,60,AA,CT,GG,AG,GG,CC,GG,TT,CC,CG,AA,CC,CG,NN,TT,GT,GG,TT,TT,AG,CC,TT,GT,CC,TT,CC,TT,AT,GG,AA,NN,CC,AA,CC,GG,GG,NN,CG,GG,CC,TT,TT,AA,TT,AG,AA,CT,AA,CC,AC,GG,AA,AA,CG,CT,GT,AA,AA,GT,AA,AA,TT,AT,AA,TT,TT,CC,GG,TT,GT,AG,GG,AC,AA,AG,AC,AT,GG,TT,NN,GG,GG,GT,CC,AA,GG,AA,AA,CC,TT,AC,TT,TT,TT,GT,GG,TT,CC,TT,CC,CC,CC,NN,AA,TT,TT,CC,AG,AA,AC,CC,GG,TT,CG,GT,AA,AA,TT,CC,AG,CC,GG,CC,GT,TT,AA,CC,CC,CC,CC,AA,TT,AC,AA,CC,CC,NN,TT,AA,AA,GG,CT,CC,GG,AG,AA,AA,CC,GG,CC,CC,AA,AG,GG,TT,AG,AC,GT,TT,GG,CC,GT,TT,TT,CC,AA,GT,TT,AA,AT,GG,CC,AA,CT,CC,CC,CG,AC,AA,GG,AA,CC,TT,CG,GT,TT,CC,AT,AA,AA,TT,AC,GG,AA,CC,CC,GG,GG,CC,GG,TT,AC,AG,CC,GG,AA,CC,AA,AT,GG,TT,AT,AT,CG,TT,AA,CC,AT,TT,AA,GG,AA,TT,AA,TT,CC,CT,AA,CC,CC,CC,AA,CG,AA,CC,TT,CC,GT,GG,TT,AC,AC,AG,GG,CC,CG,GG,CC,GG,AT,AA,CC,TT,GG,CC,CC,AA,AG,CC,AT,CC,AA,AA,AC,CC,CC,TT,AA,GG,AA,AA,AA,AA,GG,AA,AA,AA,TT,CG,AC,AG,AC,AA,TT,AG,AA,GG,GG,NN,TT,AT,AA,TT,TT,TT,AG,AA,GG,GG,AC,6.16,Resistant,Medium,Poor,Early
L0826,Warangal,Telangana,Rabi,Black Cotton,Irrigated,410,26.5,60,AA,TT,GG,AG,CG,CC,GT,AT,CC,CG,AA,CC,CC,TT,GT,GG,GG,TT,TT,AG,CC,TT,TT,CC,TT,CC,GG,TT,GG,AA,NN,CC,AA,CC,AG,GG,GG,CC,GG,CC,NN,CC,AC,TT,AG,GG,TT,TT,CC,AC,GG,TT,AG,GG,CC,TT,NN,AA,GT,AA,AA,TT,AT,AA,CT,AT,CC,GG,TT,GT,AA,GG,CC,AG,AG,AA,AA,GG,TT,TT,GG,GT,GG,CC,AA,GG,AA,AA,CC,TT,CC,TT,CT,TT,GT,GG,TT,CC,GT,CC,CC,CG,GG,AA,TT,TT,CC,AA,AG,AA,CT,GG,TT,CC,GT,AC,AA,TT,CC,AG,CG,AG,CC,GT,TT,AA,CC,CC,CC,CC,AA,TT,CC,AA,CC,CC,AA,TT,AA,AT,GG,CC,NN,GG,AA,GG,AA,CC,GT,CC,CC,AA,AA,GG,GG,GG,AC,TT,CC,NN,AA,GT,GG,TT,CC,AT,TT,TT,AT,AT,GG,CC,NN,CC,CC,CC,GG,CC,AA,GG,AG,CC,TT,CG,GG,TT,GG,AT,AA,AA,TT,CC,CG,AA,CC,CC,GG,GG,AC,GG,TT,AA,AA,CC,GT,AA,CC,AA,AT,GG,TT,AT,TT,CG,GT,AT,CC,TT,TT,AA,GG,AA,CT,AA,TT,CC,NN,AA,CC,TT,GG,AG,CG,AG,CC,TT,CT,GT,GG,TT,AA,AC,AA,GT,CC,CG,GG,CC,GG,AT,AA,CC,GT,GG,CC,CC,AA,GG,CG,AA,CC,AA,AA,AC,CG,NN,TT,AA,GG,AA,AA,AA,AA,GG,AG,GG,AA,TT,NN,AA,AG,CC,NN,CT,AG,AA,GG,GG,GG,TT,AA,AA,GT,TT,TT,GG,AT,GG,GG,AA,4.86,Moderate,Low,Premium,Late
L0827,Warangal,Telangana,Rabi,Black Cotton,Irrigated,410,26.5,60,AC,CT,GG,AA,GG,CC,GG,TT,CC,CC,AA,CT,CC,TT,TT,GG,GG,AT,TT,AG,CG,TT,TT,CT,TT,CC,TT,TT,GT,AA,CT,CC,AG,CC,GG,CG,GG,CG,GG,AC,TT,NN,AA,GT,AA,AG,CT,TT,CC,AC,GG,AA,AG,GG,CC,TT,AA,AA,TT,AC,AA,TT,AT,AA,TT,AT,CC,GG,TT,GG,AA,GG,CC,AA,GG,AA,AA,GG,GT,TT,GG,GG,GG,CC,AA,GG,AG,AA,CC,GT,CC,TT,TT,TT,NN,GG,CT,CC,TT,CC,NN,CC,AG,AA,TT,TT,CC,AA,AG,AA,CT,GG,TT,CG,GT,AA,AA,TT,CC,AG,CC,GG,CC,GT,CT,AA,CC,CC,CC,CC,AA,GT,AC,AA,CC,CC,AA,TT,AA,AA,GG,CT,CC,GG,AA,AG,AA,CC,GG,CC,CC,AA,GG,AG,TT,GG,AA,TT,TT,GG,AC,GT,TT,TT,CC,TT,TT,TT,AA,TT,GG,CC,AG,CC,CC,CC,CG,CC,AA,AG,AA,CC,TT,CC,GT,TT,GG,TT,AA,AA,TT,CC,GG,AA,CC,CC,GG,AG,AC,GG,TT,AA,AG,CC,GG,AA,CC,AA,TT,TT,TT,AT,AA,CG,GT,AT,CC,TT,GT,AA,GG,AA,CT,AA,TT,CC,CT,AC,CC,CT,GG,AA,CC,AA,CC,TT,CT,GT,CG,TT,AC,AC,AA,GG,CC,CC,GG,CC,GG,TT,NN,CC,GT,GG,CC,CG,AA,GG,CG,AA,CC,AA,AA,CC,CG,AC,TT,AA,GG,AA,AA,AC,AA,AA,AA,AG,AG,TT,GG,AC,AA,CC,AA,TT,AA,AG,CG,GG,GG,TT,AA,AA,TT,TT,TT,GG,AA,GG,CG,AA,7.76,Susceptible,Low,Standard,Medium
L0828,Warangal,Telangana,Rabi,Black Cotton,Irrigated,410,26.5,60,AA,TT,AG,AG,GG,CC,TT,TT,CC,GG,AT,CC,CC,TT,GT,GG,CG,TT,TT,AA,CC,TT,GT,CC,TT,CC,TT,AT,NN,AA,CT,CC,AA,AC,GG,GG,GG,CG,GG,CC,TT,TT,AC,TT,AA,AG,TT,TT,CC,AA,GT,AT,AA,GG,CC,TT,AA,CC,TT,AC,AG,TT,NN,AA,TT,AA,CC,GG,TT,GT,AA,GG,CC,AA,GG,AA,AT,GG,TT,TT,GG,GG,GG,CC,AA,GG,AA,AA,CG,TT,CC,GT,CC,TT,TT,GG,NN,CC,GG,CC,CC,NN,GG,AA,TT,TT,CG,AA,AG,AC,CC,GT,TT,CC,TT,AC,AC,TT,CC,GG,CC,GG,CT,GG,TT,AA,CC,CC,CC,CC,AA,TT,AC,AA,NN,CT,AA,TT,AA,AA,GG,TT,CC,GG,AG,AG,AA,CC,GG,CC,CC,AA,AG,GG,TT,GG,AA,TT,CT,GG,CC,GT,GT,TT,CG,AA,GT,TT,AA,AT,GG,CC,AG,CT,CC,CC,GG,CC,AA,GG,AA,CC,TT,CG,GG,GT,GG,TT,NN,AA,TT,CC,CG,CC,AC,CC,GG,GG,AA,GG,TT,AC,AA,CC,GT,AA,CC,AT,TT,GG,TT,TT,AA,CG,TT,AT,CC,TT,GG,AA,GG,AA,CT,AA,TT,CC,CT,AA,AC,TT,GG,AG,CC,AA,CC,AT,TT,TT,GG,TT,AC,AC,AA,GG,CC,CC,GG,CC,GG,AT,AA,CC,GT,GG,CC,CG,AA,AG,CC,AA,CC,AA,AA,CC,CC,CC,TT,NN,GG,AA,AA,AA,AA,AA,AA,AG,AA,TT,CC,AA,GG,CC,AA,NN,AA,AG,GG,NN,CG,TT,AA,AA,TT,TT,TT,AA,TT,GG,GG,AA,7.84,Moderate,Low,Standard,Late
L0829,Warangal,Telangana,Rabi,Black Cotton,Irrigated,410,26.5,60,AC,TT,AG,AG,GG,CC,GG,TT,CC,NN,AA,CC,CG,TT,TT,GG,GG,TT,TT,GG,CC,TT,GG,CC,TT,CC,TT,TT,GT,AA,TT,CT,AA,CC,GG,CG,GG,CG,GG,CC,TT,NN,AC,TT,AA,AA,TT,AT,CC,CC,GG,AA,AA,GG,CC,GT,AA,AA,GG,AC,AA,TT,NN,AG,CT,TT,CC,GG,TT,GT,AA,GG,CC,AA,AG,AA,AT,GG,TT,TT,GG,GT,GG,CC,AT,GG,AA,AA,CC,TT,CC,TT,CT,TT,TT,GG,TT,CC,TT,CT,CC,GG,GG,AA,TT,TT,CC,AA,AA,AA,CC,GG,GT,CC,TT,AC,AA,TT,CC,AG,CC,GG,CC,GT,TT,AA,CC,CC,CC,CC,AG,TT,CC,AA,CC,CC,AA,TT,AA,AA,GG,CC,CC,AG,AA,AA,AA,CC,GG,CC,CC,AG,AG,GG,TT,AG,AA,TT,TT,GG,CC,TT,TT,TT,CG,AT,TT,TT,AA,TT,CG,CC,AG,CC,CC,CC,CG,CC,AA,GG,AA,CC,TT,CC,GG,TT,CG,AT,AA,AA,TT,CC,GG,AA,CC,CC,GG,GG,AC,GG,TT,AC,AG,CC,GG,AA,CC,AA,AA,GG,TT,AT,AT,GG,GG,AA,CG,AT,GT,AA,GG,AA,CT,AA,TT,CC,CT,AA,CC,CT,GG,AA,CG,AG,CC,TT,CC,TT,GG,TT,AA,CC,AA,GT,CC,GG,GG,CC,GG,TT,AG,CC,TT,GG,CC,CC,AA,GG,CC,AT,CC,AA,AA,CC,CC,AC,TT,AA,GG,AA,AA,AA,AA,AA,AA,AG,AG,TT,GG,AA,AA,CC,AA,CT,AG,AA,GG,GG,GG,GT,AA,AA,TT,TT,TT,AA,AT,CG,GG,AA,9.36,Susceptible,Low,Poor,Medium
L0830,Warangal,Telangana,Rabi,Black Cotton,Irrigated,410,26.5,60,CC,TT,AG,AA,GG,NN,GG,TT,CC,GG,AA,CC,GG,AT,TT,GT,GG,TT,TT,AG,CC,GG,GT,CC,TT,CT,TT,TT,GG,AA,TT,CC,AA,CC,GG,GG,GG,CG,GG,CC,TT,CT,AA,TT,AA,GG,TT,TT,CC,CC,GG,AA,AA,GG,CC,TT,AT,AC,GT,AC,AG,TT,AT,AA,TT,AT,CC,GG,TT,GT,AA,GG,AC,AA,AG,NN,AA,GG,TT,TT,AG,GG,GG,CC,AA,GG,AA,AA,CC,TT,CC,GT,CT,TT,TT,GG,TT,CC,TT,CC,CT,CG,AA,AA,NN,TT,CC,AA,GG,AA,CT,GG,GT,CG,TT,AA,AA,TT,CG,AG,GG,NN,CC,GG,TT,AA,CC,CC,CC,CC,AA,TT,CC,AA,CC,CC,AA,TT,AA,AA,GG,CC,CG,GG,AA,AG,AA,AC,TT,CC,CC,AG,AA,GG,TT,GG,AA,TT,TT,AG,AA,TT,GT,TT,CG,AA,GT,TT,AA,TT,GG,CC,AG,CT,CC,CC,GG,CC,AA,GG,AG,CC,TT,CC,TT,GT,GG,AT,AA,AA,GT,CC,GG,AA,CC,CC,GG,GG,AA,GG,CT,AC,AA,CC,GG,AT,AC,AA,AT,GT,TT,AT,TT,CG,TT,AT,CC,TT,GT,AA,GG,AA,TT,AC,TT,CC,CT,CC,CC,CT,GG,AA,CG,AG,CC,TT,CT,GT,GG,AT,AA,AC,AA,GT,NN,CG,GG,CC,GG,AA,AA,CG,TT,NN,CC,CG,AT,AG,CC,AA,CC,AA,AA,AC,GG,AC,AT,AA,GG,AA,AA,AA,AA,AG,AG,AA,AA,TT,GG,AA,AA,CC,AC,TT,AA,AA,GG,AG,CG,NN,AA,AA,GT,TT,TT,AG,TT,GG,CG,AA,5.51,Susceptible,Medium,Standard,Late
L0831,Warangal,Telangana,Rabi,Black Cotton,Irrigated,410,26.5,60,AA,TT,GG,GG,CC,CC,GT,TT,CC,CG,AA,CC,CG,AT,TT,NN,GG,TT,TT,AA,CC,TT,GT,CC,TT,CC,GT,TT,GG,AA,TT,CC,AA,CC,GG,GG,GT,CG,GG,CC,TT,TT,AA,TT,AA,AG,TT,TT,CC,CC,GT,AA,AG,GG,CT,TT,AT,AA,GT,AC,AA,TT,TT,AG,TT,AT,CC,GG,TT,GG,AA,GG,CC,AA,AG,AC,AT,GG,TT,CT,GG,GG,GG,NN,AT,GG,AA,AA,NN,GT,CC,NN,CC,TT,GG,GG,TT,CC,TT,CC,CC,CC,AG,AA,AT,TT,CC,AA,AG,AA,CT,GG,TT,CC,TT,AC,AA,TT,CG,GG,CC,GG,CC,TT,TT,AA,CC,CC,CC,CC,AA,TT,CC,AA,CC,CT,AG,TT,AA,AA,GG,CC,CC,GG,AA,AA,AT,CC,GT,CC,CC,AA,GG,GG,TT,GG,AC,TT,CC,AG,AC,GT,TT,CT,CG,AA,TT,CT,AT,AT,GG,CC,AA,CC,CC,CC,CG,CC,AA,GG,AA,CC,TT,CC,GG,TT,GG,AT,AA,AA,TT,CC,GG,AA,AC,CC,GG,GG,AA,GG,TT,AA,AA,CC,GG,AT,CC,AA,AT,GG,TT,TT,AA,GG,GT,AT,CC,TT,TT,NN,GG,AA,CT,AA,TT,CC,TT,AA,CC,CT,GG,AG,CG,AG,AC,TT,TT,TT,CG,TT,AA,AC,AG,GG,CC,CC,GG,CC,GT,AT,AA,CC,TT,GG,CC,CC,AA,GG,CG,AA,CG,AA,AA,AC,CG,CC,TT,AA,GG,AA,AA,AA,AA,AG,AA,AG,AA,TT,GG,AA,AG,CC,NN,TT,AA,AA,GG,GG,GG,TT,AT,AA,GG,AT,AT,AA,TT,GG,CG,AA,5.11,Resistant,High,Poor,Late
L0832,Warangal,Telangana,Rabi,Black Cotton,Irrigated,410,26.5,60,CC,TT,AG,AA,GG,CC,GT,NN,CG,CC,AA,CT,GG,TT,TT,GT,NN,TT,TT,AA,CC,GT,TT,CT,TT,CC,TT,AT,GG,AA,TT,CC,AA,CC,NN,GG,GG,NN,GG,CC,TT,CC,AA,TT,AA,GG,TT,TT,CC,AA,GT,AT,AA,GG,CT,GT,AA,AA,GT,AC,AA,NN,TT,GG,TT,TT,CC,GG,TT,GG,AG,GG,CC,AA,GG,AA,TT,GG,TT,NN,GG,GG,GG,CC,AA,GG,AA,AA,CC,GT,CC,TT,CC,AT,TT,GG,TT,CC,GT,CC,CT,CG,AA,AA,TT,TT,CG,AA,AG,AA,CT,GG,TT,GG,TT,AA,AC,TT,NN,AG,CC,GG,CC,GG,TT,AA,CC,CC,AC,CC,AA,TT,CC,AA,CC,CC,AA,AT,AA,AA,GG,TT,CC,GG,GG,GG,AA,CC,GT,GG,CC,AA,AG,AG,TT,AG,AA,TT,TT,NN,CC,TT,TT,CT,CC,AA,GT,TT,AA,AT,GG,CC,GG,CC,CC,CC,GG,CC,AA,AG,NN,CC,TT,CC,GG,TT,GG,AA,AA,AA,TT,AC,GG,AC,AC,CC,GG,GG,AC,GG,TT,AA,AA,CC,GT,AA,CC,AA,AT,GG,TT,TT,AA,CC,GT,AA,GG,TT,GT,AA,GG,AA,CT,AA,TT,CC,TT,AA,CC,TT,GG,AA,CC,AA,CC,TT,TT,GG,GG,TT,AC,AC,AA,GG,CC,CC,GG,CC,GG,TT,AG,CC,GT,GG,NN,CC,AA,GG,CC,AT,CC,AA,AA,AC,GG,AC,TT,AA,GG,AA,AC,AC,AC,GG,AG,AA,AA,TT,CG,AA,AG,CC,AA,CT,AG,AA,GG,GG,GG,TT,AA,AG,GT,TT,TT,AA,TT,GG,CG,AA,8.31,Moderate,Low,Standard,Early
L0833,Warangal,Telangana,Rabi,Black Cotton,Irrigated,410,26.5,60,CC,TT,GG,AA,GG,CC,GT,TT,CC,CG,AA,CC,CG,AT,TT,GT,GG,TT,TT,AG,CC,TT,GT,CC,TT,CC,TT,TT,GT,AA,TT,CC,AG,CC,GG,GG,GG,CG,GG,CC,TT,CC,AC,TT,AA,AG,TT,AT,CC,AC,GG,AA,AA,GG,CT,TT,AA,AA,GG,AC,AG,GT,AT,GG,TT,TT,NN,GG,TT,TT,AA,GG,CC,NN,AA,AC,AA,GG,GT,TT,GG,GT,GG,CC,AA,GG,AA,AA,CC,TT,CC,TT,CC,AT,GG,AA,TT,CC,TT,CT,CT,GG,GG,AA,TT,GT,CC,AA,AG,AA,CC,GG,TT,CC,GT,AA,AA,TT,CC,GG,CC,GG,CC,GG,NN,AA,CC,CC,CC,CC,AA,TT,CC,AA,CC,CC,AA,AT,AA,AA,CG,CC,CC,AG,AA,AG,AA,AC,GT,CC,CC,AA,AA,AA,GT,GG,AA,GT,CT,GG,CC,GT,GT,TT,CG,AT,TT,CT,AT,TT,CC,CC,AG,CC,CC,CC,GG,CC,AA,GG,AG,CC,TT,CC,GG,TT,GG,AT,AA,AG,TT,CC,GG,AC,AA,CC,GG,GG,AC,GG,TT,AA,AA,CC,GG,AA,AC,AT,AT,GG,TT,TT,AA,GG,GT,AT,CG,AA,TT,AA,GG,AA,TT,AA,TT,CC,CT,AA,CC,CT,GG,AA,CG,GG,AC,TT,TT,TT,GG,TT,AC,AA,AG,GG,CC,CC,GG,CC,GG,AT,AA,CC,TT,GG,CG,CC,AT,AG,CC,AT,CC,AA,AA,CC,CG,CC,TT,AA,GG,AA,AA,AA,AA,GG,AG,AA,AA,TT,CG,AA,AA,AA,AA,TT,AA,AA,CG,GG,GG,TT,AA,AG,TT,TT,TT,AG,TT,GG,GG,AA,8.24,Moderate,Low,Premium,Early
L0834,Warangal,Telangana,Rabi,Black Cotton,Irrigated,410,26.5,60,AC,CT,GG,GG,GG,CC,GT,AT,CC,CG,AA,CC,CC,TT,TT,GG,CG,TT,TT,AG,CC,GT,TT,CC,TT,CC,TT,AT,GT,AA,TT,CT,AA,CC,GG,GG,GG,CC,GT,CC,TT,CT,AC,TT,AA,AG,TT,TT,CG,AC,GG,AA,AG,GG,CC,GT,AA,AA,GT,AA,AA,TT,AA,AA,CT,TT,CC,GG,TT,GG,AA,GG,CC,AA,GG,AC,AT,GG,TT,TT,AG,GT,GG,CC,AA,GG,AA,AA,CG,GT,CC,TT,CC,TT,GT,GG,CT,CC,TT,CC,CT,CG,GG,AA,TT,TT,CC,AA,AG,AA,CT,GT,TT,CC,TT,AC,AA,TT,CG,AG,CG,GG,CT,GG,TT,AG,CC,CC,CC,CC,AA,TT,CC,AA,CC,CT,AA,AT,AA,AA,GG,CC,CC,GG,AA,GG,AA,CC,GG,CC,CC,AA,AA,AG,TT,GG,AC,TT,TT,AG,AC,TT,GT,TT,CC,AA,TT,TT,AT,TT,GG,CG,AA,CC,CC,CC,GG,AC,AT,GG,NN,CC,TT,CC,GT,TT,GG,NN,AA,AA,TT,AC,CG,AA,CC,CC,GG,GG,CC,GG,TT,AA,AA,CC,GG,AT,AC,AA,AA,GT,TT,AT,AT,CG,GT,AT,CC,AT,GT,AA,GG,AA,CT,AA,TT,CC,CT,AA,CC,TT,CG,NN,CC,AG,CC,TT,CT,TT,GG,TT,AC,CC,AG,GG,CC,GG,GG,CC,GG,AA,AA,CC,GT,GG,CC,CC,AA,NN,CG,AA,CC,AA,AA,AC,CG,AC,TT,AA,GG,AA,CC,AA,AA,AG,AG,AG,AA,TT,GG,CC,AA,CC,AA,CT,AA,AA,GG,GG,GG,TT,AA,AA,TT,TT,TT,AA,TT,CG,GG,AA,7.46,Moderate,Low,Standard,Medium
L0835,Warangal,Telangana,Rabi,Black Cotton,Irrigated,410,26.5,60,AC,TT,GG,AG,GG,CC,GG,NN,CC,CG,AA,CC,CC,TT,TT,GG,GG,TT,AT,AA,CC,TT,GG,CC,TT,CT,TT,TT,GG,AC,TT,CT,AA,CC,GG,CG,GG,CC,GG,CC,TT,CT,AA,GT,AA,AG,TT,TT,CC,AA,GG,AA,AA,GG,CC,TT,AA,CC,GG,NN,AG,TT,AT,AG,TT,TT,CC,GG,TT,GT,AA,GG,CC,AA,AG,AC,AA,GG,TT,TT,GG,GG,GG,CC,AA,GG,AA,AA,CC,GT,CC,TT,CT,TT,TT,GG,TT,AC,GT,CT,CT,CG,AG,AA,TT,TT,CC,AA,AG,AA,CC,GG,TT,CG,GT,AA,AA,TT,CG,AG,CG,GG,CC,GG,TT,AA,CC,CC,CC,CC,AA,TT,CC,AA,CC,CC,AA,TT,AG,AT,GG,CC,CC,GG,AA,AA,AA,CC,GG,CC,CC,AA,AA,AG,TT,GG,AC,GG,CT,AG,AA,GT,GT,TT,CC,AT,GT,TT,AT,AT,GG,CC,AA,CT,CC,CC,GG,CC,AA,GG,AA,CC,TT,CC,NN,TT,GG,AA,AA,AA,GT,CC,GG,AA,CC,NN,GG,GG,AA,GG,TT,AC,AA,CG,GG,AA,AC,AA,AA,GG,TT,TT,AA,CG,GG,AT,CC,TT,TT,AA,AG,AA,TT,AC,TT,CC,CT,AA,CC,TT,GG,GG,GG,AG,CC,TT,CT,GT,GG,TT,AA,CC,AG,GG,CC,CG,GG,CC,GG,AA,AG,CC,GT,GG,CC,CC,TT,GG,CC,AT,CC,AA,AA,AC,CC,AA,AT,AG,GG,AA,AA,AC,AA,AG,AA,AG,AA,AT,GG,CC,AA,CC,AC,TT,AG,AA,GG,GG,CG,TT,AT,AA,TT,TT,TT,AG,TT,GG,GG,AA,7.32,Susceptible,Low,Poor,Early
L0836,Warangal,Telangana,Rabi,Black Cotton,Irrigated,410,26.5,60,AC,TT,AG,AA,GG,CC,GT,TT,CC,CG,AA,CT,CC,AT,TT,GG,CC,TT,TT,GG,CC,GT,GT,CC,TT,CC,GT,AT,GT,AA,TT,CC,AA,AC,GG,GG,GG,CG,GG,CC,TT,CT,AA,TT,AA,AG,CT,TT,CC,AC,GG,AT,AG,GG,CC,TT,AT,AA,TT,AC,AA,TT,TT,AG,TT,TT,CC,NN,TT,GG,AG,GT,CC,AA,GG,AA,TT,GG,TT,TT,AG,GG,GG,CC,AA,GG,AA,AT,CC,GG,CC,TT,CC,TT,TT,GG,CT,CC,TT,CC,CT,CG,AG,AA,TT,TT,CC,AA,AA,AC,CC,GG,TT,CC,TT,AA,AA,TT,CG,AG,CC,GG,CC,GG,TT,AA,CC,CC,CC,CC,AG,TT,CC,AA,CC,CC,AA,TT,AA,NN,CG,CC,CC,GG,AG,AG,AA,AC,GG,CC,CG,AA,AG,GG,TT,GG,AA,GT,TT,GG,AC,TT,TT,TT,CC,AT,TT,TT,AT,TT,CC,CC,AA,TT,CC,CC,CG,CC,AA,GG,AG,CC,NN,CG,GG,TT,GG,AA,AA,AA,TT,CC,CG,AA,CC,CC,GG,GG,CC,GG,TT,AA,AA,CC,GG,AA,CC,AA,AT,GG,TT,AT,AA,CG,TT,AA,CC,TT,TT,AA,GG,AA,TT,AC,TT,CC,CT,AA,CC,CT,GG,AG,CC,AG,CC,TT,TT,GT,GG,TT,AA,AC,AG,GT,CC,CG,GG,CC,GG,AA,AA,CG,GT,GG,CG,CG,NN,GG,CG,AA,CC,AT,AA,AC,CG,AC,TT,AA,GG,AA,AA,AC,AA,GG,AA,GG,AA,AT,CG,AA,GG,AC,AA,CT,AA,AA,CC,AA,GG,TT,NN,AA,GG,TT,TT,AG,TT,GG,GG,AA,6.7,Susceptible,High,Poor,Late
L0837,Warangal,Telangana,Rabi,Black Cotton,Irrigated,410,26.5,60,AC,TT,GG,AG,CG,CC,GG,TT,CC,CC,AA,CC,CC,AT,TT,GT,CG,NN,TT,AA,CC,GT,TT,CC,TT,CC,TT,TT,GT,AA,TT,CC,AA,CC,GG,GG,GG,CG,GG,CC,TT,CC,NN,TT,AA,GG,TT,AT,CC,AC,GG,AA,AA,GG,CC,TT,AT,AA,GT,AC,AA,TT,AT,AA,TT,AT,CT,GG,TT,GG,GG,GG,AC,AA,GG,NN,AA,GG,TT,TT,GG,GG,GG,CC,AA,GG,AA,AA,CC,GG,AC,TT,CC,TT,TT,GG,CT,NN,GT,CC,CT,CG,AA,AA,TT,TT,CG,AA,AA,AA,CT,GG,TT,CC,TT,AC,AA,TT,CC,AG,CC,GG,CC,GG,TT,AA,CC,CC,CC,CG,AA,TT,AC,AA,CC,NN,AA,NN,AG,AT,CG,CT,CG,GG,AA,AA,AA,CC,GG,CC,CC,AG,AG,GG,TT,GG,AA,TT,TT,GG,AC,GT,TT,TT,CC,AA,TT,TT,AA,TT,CC,CC,AA,CC,CC,CC,GG,CC,AA,GG,GG,CC,TT,CC,GT,TT,GG,AA,AA,AA,TT,CC,GG,AA,CC,CC,GG,GG,AC,GG,TT,CC,AA,CG,GT,AA,AA,AA,AA,GG,TT,AT,AA,CG,GT,AA,CG,AA,TT,AA,GG,AA,TT,AA,TT,CC,CC,AA,AC,TT,CC,GG,CC,AG,CC,TT,TT,GT,GG,TT,AA,AA,AG,GG,CC,CG,GG,CC,GG,AT,NN,CC,TT,GG,CC,CC,AA,AG,CG,AA,CC,AA,AA,AC,CC,AC,TT,AA,GG,AA,AA,AC,AA,AA,AA,GG,AA,TT,GG,AA,AG,AC,AA,CT,AA,AA,CG,GG,GG,TT,AT,AG,TT,TT,TT,AG,AT,GG,GG,AA,7.73,Moderate,Low,Premium,Medium
L0838,Warangal,Telangana,Rabi,Black Cotton,Irrigated,410,26.5,60,AC,TT,GG,AG,GG,CC,GG,AT,CC,CC,AA,CC,CG,TT,GT,GG,GG,TT,TT,AA,CC,TT,GT,CC,TT,CC,TT,TT,GT,AA,TT,CC,AA,CC,GG,GG,GG,CG,GG,CC,TT,CT,AA,GG,AG,GG,TT,TT,CC,CC,GT,AA,AG,GG,CC,TT,AT,AC,GG,CC,AA,TT,AA,GG,TT,TT,CC,GG,TT,GG,AA,GT,CC,AA,GG,AA,AA,GG,TT,TT,AG,TT,GG,CC,AA,GG,AG,AT,CC,TT,CC,TT,CT,AT,TT,GG,TT,CC,GT,CC,CC,GG,AA,AA,AT,TT,CC,AA,AA,AA,CT,GG,TT,CC,TT,CC,AA,TT,CC,GG,CC,GG,CC,GT,TT,AG,CC,CC,CC,CC,AA,TT,CC,AA,CC,CC,AA,TT,AG,AA,GG,CC,CC,GG,AA,NN,AT,CC,GT,CC,CC,AA,GG,AG,TT,AG,AC,TT,TT,GG,AC,TT,TT,TT,CC,AA,TT,CT,AA,TT,GG,CC,AG,CT,CC,CC,NN,CC,AA,AG,AG,CC,TT,CC,GG,TT,CG,AT,AA,AG,GT,AC,GG,AC,AC,CC,GG,GG,AA,GG,TT,AC,AA,CG,GT,AA,CC,AA,AA,GG,TT,TT,AA,GG,GT,AA,CC,AT,NN,AA,GG,AA,CT,AC,TT,CC,TT,AC,CC,TT,CG,AG,CC,AG,CC,TT,TT,TT,GG,TT,AA,AC,AG,GG,CC,CG,GG,CC,GG,AT,AG,CC,GT,GG,CC,CG,AA,GG,NN,AT,CG,AA,AA,AC,NN,AC,TT,AA,GG,AA,AA,CC,AA,AG,AG,AG,AA,TT,NN,AA,AA,AC,AC,TT,AA,AA,GG,GG,CG,GT,AA,AA,TT,TT,TT,AA,AT,GG,GG,AA,6.54,Moderate,Medium,Standard,Early
L0839,Warangal,Telangana,Rabi,Black Cotton,Irrigated,410,26.5,60,AA,TT,GG,AA,GG,CC,GT,NN,CC,CG,AA,CT,CC,AT,GT,GG,CG,TT,TT,AA,CC,GT,GG,CC,TT,CC,TT,TT,GG,AA,TT,CT,AA,CC,GG,GG,GG,GG,GG,CC,TT,CT,AC,TT,AA,AG,CT,TT,CC,AC,GG,AA,AA,GG,CC,TT,AA,AA,GT,AC,AA,TT,AT,AA,TT,AT,CC,GG,TT,GT,GG,GT,CC,AA,GG,AA,AA,GG,TT,TT,GG,GG,GG,CC,AT,GG,AG,AA,CC,TT,AC,GT,CC,TT,TT,GG,TT,CC,GG,CC,TT,CC,GG,AA,TT,TT,CG,AA,AG,AA,CC,GT,TT,CC,TT,AC,AA,TT,CC,AG,CG,GG,CC,GG,CT,AG,CT,CC,CC,CC,AA,TT,CC,AC,CC,CT,AA,TT,AA,AT,GG,CC,CC,GG,AA,AA,AA,CC,GT,CC,CC,AA,AA,AG,TT,GG,AA,TT,CT,GG,CC,TT,TT,CT,CC,AA,TT,TT,AA,TT,GG,CC,AA,CT,CC,CC,GG,CC,AA,GG,AG,CC,TT,CC,GT,TT,CG,AT,AA,AA,TT,CC,GG,AA,CC,CC,GG,GG,CC,GG,TT,AC,AA,CC,GG,AT,CC,AA,AA,GT,GT,TT,AA,GG,GT,AT,CG,AT,GG,AA,NN,AA,CT,AA,TT,CC,TT,CC,CC,CT,GG,AG,CG,AG,CC,TT,TT,GT,GG,TT,AC,CC,AA,GG,CC,CG,GG,CC,GG,AT,AG,CC,GT,GG,CC,CC,AA,AG,CC,AA,CG,AA,AG,CC,CC,AC,TT,AA,GG,AA,AA,AA,AC,AG,AG,AA,AG,AT,GG,AA,AA,AA,AA,CT,AA,AA,GG,GG,GG,TT,AA,AA,TT,TT,TT,AG,TT,GG,CG,AC,6.68,Resistant,Medium,Standard,Early
L0840,Warangal,Telangana,Rabi,Black Cotton,Irrigated,410,26.5,60,CC,TT,GG,AG,GG,CC,GT,AT,CC,CC,AA,CC,CG,AT,TT,GG,GG,TT,TT,AA,CG,GT,GT,CC,TT,CC,GT,AT,GT,AA,TT,CC,AG,CC,GG,CG,GG,NN,GG,CC,TT,TT,AA,TT,AA,GG,NN,TT,CC,AC,GG,AT,AA,GG,CT,TT,AA,AA,GT,AA,AG,TT,AT,AG,CT,TT,CC,GG,TT,GG,AA,GG,CC,AA,GG,AA,AA,GG,TT,TT,GG,GT,GG,NN,AA,GG,AA,NN,CC,GG,CC,TT,CT,TT,TT,GG,TT,AC,GG,CC,CC,CC,AA,AA,AA,TT,CG,AA,AG,CC,CC,GG,TT,CG,TT,AA,AC,TT,CC,AG,CC,AG,CC,GT,CT,AG,CC,CC,CC,CC,AA,TT,AC,AA,CC,CC,AA,TT,AA,AT,GG,CC,CC,GG,AA,AA,AA,CC,GG,CC,CC,AA,GG,GG,GT,GG,AA,GG,CT,GG,CC,TT,GT,TT,CC,AT,TT,TT,AA,TT,CG,CC,AA,CT,AC,CC,GG,CC,AA,GG,AG,CC,TT,CC,GG,GT,GG,TT,AA,AA,TT,CC,CG,AA,CC,CC,GG,GG,AA,GG,TT,AA,AA,CC,GG,AA,AC,AA,AT,GG,TT,AA,AA,GG,GT,AA,CG,TT,TT,AT,GG,AA,TT,AA,TT,CC,TT,AA,CC,TT,GG,AG,CC,AG,CC,TT,TT,TT,GG,TT,AC,AC,AA,GG,CC,CC,GG,CC,GG,TT,AA,CC,GT,GG,CC,CC,AT,GG,CG,AT,CC,AA,AA,AC,CG,CC,TT,AA,GG,NN,NN,AA,AA,GG,AG,AA,AG,TT,GG,AA,AG,CC,AC,TT,AA,AA,GG,NN,GG,GT,AA,AA,GT,TT,NN,GG,NN,GG,GG,AA,6.07,Susceptible,Medium,Premium,Medium
L0841,Warangal,Telangana,Rabi,Black Cotton,Irrigated,410,26.5,60,AC,CT,GG,AG,GG,CG,GG,TT,CC,CC,NN,CC,CG,TT,TT,GT,GG,TT,TT,AA,CC,GT,TT,CC,TT,CC,TT,TT,GG,AA,TT,CC,AA,CC,GG,CG,GG,CG,GG,CC,TT,CT,AA,GT,AG,AG,NN,TT,CC,AA,GG,AA,AA,GG,CC,GT,AT,AA,GG,AC,AG,TT,AT,AA,TT,TT,CC,GG,TT,GG,AG,GG,CC,AA,GG,CC,AT,GG,TT,TT,GG,TT,GG,CC,AT,GG,AA,AA,CC,GT,AC,TT,CC,TT,TT,GG,TT,CC,TT,CT,CC,CG,GG,AA,TT,TT,CC,AA,GG,AC,CT,GG,TT,CC,TT,AC,AA,NN,CC,AG,CG,GG,CC,GG,TT,AA,CC,CC,CC,CC,AA,TT,CC,AA,CC,CC,AA,TT,AG,AA,GG,CT,CC,GG,AA,AA,AA,CC,GT,CC,CC,AA,AA,GG,TT,GG,AA,TT,CT,GG,CC,TT,GT,TT,CG,AA,GT,CT,AA,TT,CG,CC,AA,CT,CC,CC,GG,CC,AA,GG,GG,CC,TT,CC,GT,NN,GG,AT,AA,AA,TT,CC,NN,AA,CC,CC,GG,GG,AC,GG,CT,AC,AA,CC,GG,AT,AC,AA,AT,GT,TT,AT,AT,NN,GT,AT,CC,TT,GT,AA,GG,AA,CT,AA,TT,CC,TT,AA,NN,TT,GG,AG,CC,GG,CC,TT,CC,TT,GG,TT,AA,AA,AG,GT,CC,CG,GG,CC,GG,AT,AG,CC,TT,GG,CC,CG,AT,GG,CC,AT,CC,TT,AA,AA,CC,AC,NN,AA,GG,AA,AA,AA,AC,AG,AA,AG,AA,TT,GG,AA,AA,CC,AC,CT,AG,AA,GG,GG,GG,TT,AA,AA,TT,TT,TT,AG,TT,GG,GG,NN,7.0,Susceptible,Medium,Premium,Medium
L0842,Warangal,Telangana,Rabi,Black Cotton,Irrigated,410,26.5,60,AC,TT,GG,AA,GG,CC,GG,AT,CC,CG,AA,CT,CC,TT,TT,GG,GG,TT,NN,AA,CC,TT,GT,NN,AT,CC,TT,TT,GG,AA,CT,CC,AA,CC,GG,GG,GG,CG,GG,CC,TT,CC,AA,TT,AA,AG,TT,TT,CC,CC,TT,AA,AG,GG,CC,GT,AA,AC,GT,AC,AA,GT,TT,AA,TT,AT,CC,GG,TT,GT,AG,GT,CC,AA,GG,CC,AA,GG,TT,TT,GG,GT,GG,CC,AT,GG,AA,AT,NN,TT,CC,TT,CC,TT,GT,GG,TT,CC,TT,CC,CT,CC,GG,AG,AT,TT,CC,AG,AA,AC,CC,GG,TT,CC,TT,AA,AA,TT,CG,AG,CG,AG,CC,GG,TT,AA,CC,CC,CC,CC,AA,GT,CC,AA,CC,CC,AA,AT,AG,AT,GG,CC,CC,AG,AA,GG,AA,AC,GG,CC,CC,AA,AG,GG,TT,GG,AC,GG,TT,GG,AC,GT,TT,TT,CC,AA,TT,CT,AA,TT,CG,CC,AA,CT,AC,CC,CG,CC,AA,GG,AA,CC,GT,CC,GT,GT,CG,TT,AA,AA,TT,CC,GG,AA,AC,CC,GG,GG,AC,GG,TT,AC,AA,CC,GG,AT,AC,AA,AT,GG,GT,TT,AA,CG,TT,AA,CC,AT,TT,AA,GG,AA,TT,AA,TT,CC,TT,AA,AC,TT,GG,AG,CC,AA,CC,TT,TT,TT,GG,TT,AA,AC,AG,GG,CC,GG,GG,CC,GG,AA,AA,CC,TT,GG,CC,CG,AA,AG,CC,AA,CC,AT,AA,AC,CG,AC,TT,AA,GG,AA,AA,AA,AA,NN,AA,AA,AA,TT,GG,AA,AA,CC,AA,CT,AA,AA,GG,GG,GG,TT,AA,NN,TT,AT,TT,AA,TT,GG,GG,AA,8.07,Susceptible,High,Poor,Early
L0843,Warangal,Telangana,Rabi,Black Cotton,Irrigated,410,26.5,60,AA,TT,AG,AG,GG,CC,GT,TT,CC,CC,AA,CT,GG,TT,GT,GG,CG,TT,TT,AA,CC,TT,GT,CC,TT,CC,GG,TT,GG,AA,TT,CC,AG,CC,GG,GG,GG,CC,GG,CC,TT,TT,AA,TT,AA,AG,TT,AT,CC,AC,GT,AT,AA,GG,CT,TT,AA,NN,GG,AA,AG,TT,TT,AG,CT,AT,CC,GG,TT,GT,AG,GG,CC,AA,AA,AC,AT,GG,TT,TT,GG,GG,GG,CC,AA,AG,AA,AT,CG,GT,CC,TT,CT,TT,TT,AG,TT,CC,TT,CC,CT,CG,AG,AA,TT,TT,CC,AA,AG,AA,CC,GG,TT,CC,TT,AA,AA,TT,CC,AA,GG,AG,CT,TT,CT,AG,CC,CC,CC,NN,AA,TT,CC,AA,CC,CC,AA,TT,AA,AT,GG,CC,CC,GG,AA,AA,AA,CC,GG,CC,CC,AG,AA,GG,TT,GG,AC,TT,TT,GG,CC,GT,TT,CT,CC,AA,TT,TT,AA,TT,GG,CC,AG,CC,CC,CC,GG,CC,AA,GG,AA,CC,TT,CC,GG,TT,GG,TT,AA,AA,TT,CC,GG,AA,CC,CC,GG,GG,AA,GG,CT,AC,AA,CG,GG,AA,AA,AA,AA,GT,TT,AT,AA,GG,GG,TT,CG,AT,GG,AA,GG,AA,TT,AA,TT,CC,TT,AC,CC,TT,CG,AA,CG,AG,CC,TT,TT,TT,GG,TT,AC,AC,AG,GG,CG,CG,GG,CC,GG,AA,AA,CC,GT,GG,CG,CG,AA,GG,CG,AT,CC,AA,AA,AC,CG,CC,TT,AA,GG,AA,AA,AA,AA,GG,AG,AA,AG,TT,CG,AA,GG,AC,AC,CT,AA,AA,GG,AG,GG,TT,AA,AA,TT,AT,TT,AA,TT,GG,GG,AA,7.13,Susceptible,Low,Standard,Late
L0844,Warangal,Telangana,Rabi,Black Cotton,Irrigated,410,26.5,60,AA,TT,GG,AA,GG,CC,GG,AT,CC,CG,AT,CC,GG,TT,TT,GG,CG,TT,TT,AA,NN,GT,TT,CC,NN,CC,TT,TT,GG,AA,TT,CT,AA,CC,GG,GG,GG,CC,GG,AC,TT,TT,AA,GT,AA,AG,TT,TT,CC,CC,GT,AA,AG,GG,CT,TT,AT,AC,GG,AC,AA,TT,TT,AG,CT,NN,CC,GG,TT,GT,AA,GG,CC,AA,GG,AC,AT,GG,TT,TT,GG,GG,GG,CC,AA,GG,AA,AA,CC,GT,CC,TT,CT,TT,GT,GG,TT,CC,GT,CC,CC,CC,AA,AA,TT,TT,CG,AA,GG,AA,CC,GG,TT,CG,TT,AC,AA,TT,CC,AG,NN,GG,CC,GG,TT,AA,CC,CC,CC,CC,AA,TT,CC,AA,CC,CC,AA,TT,AA,AT,CG,CC,CC,GG,AA,AA,AA,CC,GG,CC,CC,AA,AA,GG,TT,GG,AC,GT,TT,GG,CC,GT,GT,TT,CC,AA,GG,TT,AA,TT,GG,CC,AA,TT,CC,CC,CG,CC,AA,GG,AA,CC,TT,CC,GG,TT,GG,AT,AA,AA,TT,CC,GG,AC,AC,CC,GG,GG,AA,GG,TT,AC,AA,CC,NN,TT,CC,AT,AA,GT,TT,AT,AT,GG,GT,AA,CC,TT,GT,AA,GG,AA,TT,AA,TT,CC,TT,AA,AC,CT,GG,AA,CC,GG,CC,TT,TT,TT,GG,TT,AA,AC,AA,GG,CC,CG,GG,CC,GG,AT,GG,NN,GT,GG,CC,CC,AA,GG,CC,AA,CC,AA,AG,CC,CG,AC,TT,AA,GG,AA,AA,AA,AA,AG,AG,NN,AA,AT,CG,AC,AA,AC,AA,TT,AA,AA,GG,GG,GG,GT,AA,AA,TT,TT,TT,GG,TT,GG,CG,AA,7.17,Susceptible,High,Premium,Medium
L0845,Warangal,Telangana,Rabi,Black Cotton,Irrigated,410,26.5,60,AC,TT,GG,AA,GG,CC,GG,TT,CC,CG,AA,CT,CG,AT,TT,GT,GG,TT,TT,AA,CG,GT,GT,CT,TT,CC,TT,TT,GT,AA,CT,CC,AA,CC,GG,GG,GG,CG,GG,AC,TT,CT,AA,TT,AA,GG,NN,TT,CC,AA,GT,AA,AG,GG,CC,TT,AA,AC,GT,AA,AA,TT,TT,AG,TT,AT,CT,GG,TT,GG,AG,GT,CC,AA,GG,AC,AA,GG,TT,TT,NN,GG,GT,CC,AA,GG,AA,AA,CG,GT,CC,TT,CC,AT,GT,GG,CT,CC,GT,CC,CC,CG,AG,AA,TT,TT,CC,AA,AG,AC,CT,GG,TT,CG,TT,AA,AA,TT,CC,AG,CG,AG,CC,NN,CT,AA,CC,CC,CC,CC,AA,TT,CC,AC,CC,CT,AA,AT,AA,AA,GG,CC,CC,NN,AA,AG,AA,CC,GG,CC,CC,AA,AG,GG,TT,GG,AC,TT,TT,AG,CC,TT,TT,CT,CC,AT,GT,TT,AT,AT,GG,CC,AG,TT,AC,AC,GG,CC,AT,GG,AA,CC,TT,CC,GG,TT,GG,AT,AA,AA,TT,CC,GG,AA,AC,CC,GG,GG,AA,GG,CT,AC,AA,CC,GG,AA,CC,AA,AT,GG,TT,TT,AT,GG,GT,AT,CG,TT,GG,AA,GG,AA,TT,AA,TT,CC,CT,CC,CC,CT,CG,AG,CG,AG,CC,TT,TT,TT,GG,TT,AC,AC,AA,GG,CC,CC,NN,CC,GG,AT,AA,CC,GT,GG,CC,CG,AA,GG,CG,AT,CC,AA,AA,CC,CC,AA,TT,AA,GG,AA,AA,AA,AA,AG,AG,AA,AA,AT,GG,AA,AA,AC,AC,TT,AA,AA,GG,GG,GG,TT,AA,AA,TT,TT,TT,AG,AT,GG,CG,AA,6.76,Moderate,High,Premium,Medium
L0846,Warangal,Telangana,Rabi,Black Cotton,Irrigated,410,26.5,60,AC,CT,GG,GG,CG,CG,GG,AA,CC,CG,AA,CC,CG,TT,GG,GT,CG,TT,TT,AA,CC,GG,TT,CC,TT,CC,TT,TT,GG,AA,TT,CT,AA,CC,GG,GG,GG,CG,GG,CC,TT,CT,AC,NN,AA,GG,TT,TT,CC,CC,GG,AA,AA,GG,CC,TT,AA,AA,GT,AC,AA,TT,TT,AA,TT,AT,CC,GG,TT,GG,AG,GG,CC,AA,GG,AC,AA,GG,TT,TT,GG,GG,GG,CC,AA,NN,AA,AT,CC,GG,CC,TT,CT,TT,TT,GG,TT,CC,TT,CC,CC,CG,AG,AA,TT,TT,CC,AA,AG,AA,CC,GG,TT,CC,GT,AA,AA,TT,CC,AG,CC,GG,CC,GT,TT,AA,CC,CC,AC,CC,AA,TT,CC,AA,CC,CC,AA,AT,AG,AT,GG,CT,CC,GG,AA,AA,AT,CC,GT,CC,CC,AA,AA,GG,TT,AG,AC,TT,NN,GG,CC,GT,TT,TT,CC,AT,TT,CT,AA,AT,GG,CC,GG,CT,CC,CC,CC,CC,AA,GG,AA,CC,TT,CG,GT,GT,GG,TT,AA,AA,TT,CC,GG,AA,CC,CC,GG,GG,AC,GG,TT,AA,AA,CC,GG,AA,AC,AA,AT,GG,GT,TT,AT,GG,GT,TT,CG,AA,GT,AA,GG,AA,CT,AA,TT,CC,CT,AA,CC,TT,CG,AA,CG,AG,CC,AT,CT,TT,GG,AT,AA,AC,AA,GG,CC,CG,GG,CC,GG,AT,AA,CC,TT,GG,CC,CC,AA,GG,GG,AA,CC,AA,AA,AC,CC,AC,TT,AA,GG,AA,AA,AA,AA,AG,AA,AA,AA,TT,GG,AC,AG,CC,CC,TT,AA,AA,GG,GG,GG,TT,AA,AG,TT,TT,TT,AA,AT,GG,CG,AC,4.38,Resistant,High,Premium,Medium
L0847,Warangal,Telangana,Rabi,Black Cotton,Irrigated,410,26.5,60,AC,TT,GG,AG,GG,CC,GG,AT,CC,CC,AA,TT,GG,TT,TT,GG,CG,TT,TT,AA,CC,TT,GT,CT,AT,CC,TT,TT,GG,AA,TT,CC,AA,CC,GG,CG,GG,CC,GG,CC,TT,CT,AA,TT,AA,AG,TT,TT,CC,CC,GG,AA,AA,GG,CT,GT,AA,AC,GG,AA,AG,TT,AT,AG,TT,TT,CC,GG,TT,GG,AA,NN,CC,AA,GG,AC,AA,AG,TT,TT,GG,GG,GG,CC,NN,GG,AA,AA,CC,TT,CC,GT,CC,TT,GT,GG,CT,AC,GT,CC,CC,CC,AG,AA,TT,TT,CC,AA,AA,AA,CT,GG,TT,CC,TT,AA,AA,TT,CG,AA,CG,GG,CC,GG,CT,AA,CC,CC,AC,CC,AA,TT,CC,AA,CC,CC,AA,AT,AA,AA,GG,CC,CC,GG,AA,AG,AA,CC,GT,CC,CC,AA,AA,GG,TT,GG,AA,TT,TT,AG,NN,TT,TT,NN,GG,AA,GG,TT,AA,TT,NN,CC,AG,CT,CC,CC,CG,CC,AA,GG,AG,CC,GT,CC,GG,TT,GG,AT,AA,AA,TT,CC,CG,AA,AC,CC,GG,GG,AA,CG,TT,AA,AA,CG,GT,AA,CC,AA,AT,GT,TT,AT,AA,CG,GG,AA,CC,AA,TT,AA,GG,AA,CC,AC,NN,CG,TT,AC,CC,CT,GG,AA,CG,GG,CC,TT,CT,GT,GG,TT,AA,AA,AG,GG,CC,CC,GG,CC,GG,AT,AA,CC,TT,GG,CC,CG,AA,AA,GG,AA,CC,AA,AA,AC,CC,CC,TT,AA,GG,AA,AA,AC,AC,GG,AA,AA,AA,TT,CG,AC,AA,CC,AC,TT,AA,AA,GG,GG,GG,GT,AA,AA,TT,TT,TT,AG,AT,GG,GG,AA,7.79,Resistant,Low,Poor,Medium
L0848,Warangal,Telangana,Rabi,Black Cotton,Irrigated,410,26.5,60,AA,CT,AA,AG,NN,CC,GG,TT,CC,CG,AA,CC,CG,TT,TT,GG,CG,TT,TT,AA,CC,GT,GT,CC,TT,CC,GT,AT,GT,AA,TT,CC,AG,CC,AA,GG,GG,CG,GG,CC,TT,CC,AA,TT,AA,GG,TT,TT,CC,AC,GG,AA,AG,GG,CC,TT,NN,CC,GG,AA,AA,TT,AT,AA,CT,TT,CC,GG,TT,TT,AG,GG,CC,AA,GG,CC,AT,GG,TT,TT,GG,GT,GG,CC,AA,GG,AA,AA,CC,GT,CC,TT,TT,TT,TT,GG,TT,CC,GT,CC,CC,CG,GG,AA,AT,TT,CC,AA,AG,AC,CT,GG,TT,CC,GG,AA,AA,TT,CG,AG,CC,AG,CC,TT,TT,AA,CT,CC,CC,CC,AA,TT,CC,AA,CC,CC,AA,NN,AA,AA,GG,NN,CC,GG,AA,AG,AA,CC,GG,CC,CC,AA,AA,GG,TT,AG,AC,GT,CT,GG,CC,TT,TT,TT,CC,AT,TT,TT,AA,TT,GG,CC,AA,CC,CC,NN,CG,AC,AA,GG,GG,CC,TT,CC,GG,TT,CG,AT,AA,AA,TT,CC,GG,AA,CC,NN,GG,GG,AA,GG,TT,AC,AA,CG,GG,AA,AC,AA,AT,GG,TT,AT,AA,GG,GT,AT,CC,AA,TT,AA,GG,AA,CT,AA,TT,CC,TT,AA,CC,CT,GG,AG,CC,AA,NN,TT,TT,TT,CG,TT,AC,AC,AG,GT,CG,CG,GG,CC,GG,AT,AG,CC,GT,GG,CC,CC,AA,GG,CC,AA,CG,AA,AG,AC,GG,AA,TT,AA,GG,AA,AC,AC,AA,GG,GG,AA,AA,TT,CG,CC,AA,CC,AC,CC,AA,AA,GG,GG,GG,GT,AT,AA,TT,TT,TT,AG,AT,GG,GG,AC,5.62,Resistant,Medium,Premium,Late
L0849,Warangal,Telangana,Rabi,Black Cotton,Irrigated,410,26.5,60,AA,NN,GG,AG,GG,CG,TT,TT,CC,CG,AA,CC,CG,TT,GT,GG,GG,TT,TT,AA,CC,GT,GT,CC,TT,CC,GT,TT,GG,AC,TT,CT,AA,CC,GG,CG,GG,NN,GG,CC,TT,TT,AA,GT,AA,AG,TT,TT,CC,AA,GG,AA,AG,GG,CC,GT,AA,AA,GT,AC,AG,GT,AT,AA,CT,TT,CC,GG,TT,GG,AG,GG,CC,AA,GG,AA,AA,GG,TT,TT,GG,GT,GT,CC,AA,GG,AG,AT,CC,GT,CC,TT,CT,TT,TT,AG,TT,AC,TT,CC,CC,CC,AG,AG,TT,NN,CG,AA,AA,AA,CC,GG,GT,CG,TT,AC,AA,TT,CC,GG,CC,AA,CC,GG,TT,AG,CC,CC,NN,CC,AA,TT,CC,AA,CC,CC,AA,TT,AA,AA,GG,CC,CC,GG,AA,AA,AA,CC,GG,CC,CG,AG,GG,GG,TT,GG,AC,NN,CT,GG,AC,TT,GT,TT,CG,AA,GT,TT,AA,NN,GG,CC,AG,TT,CC,CC,GG,CC,AA,GG,AG,CC,TT,CC,GT,GT,GG,AA,AA,AA,TT,CC,GG,AA,CC,CG,GG,GG,AC,GG,TT,AC,AA,CC,GG,AT,AC,AA,AA,GT,GT,TT,AA,CC,GT,AA,CG,TT,TT,AA,GG,AA,TT,AA,TT,CC,TT,AA,CC,TT,GG,AG,CG,GG,CC,AT,TT,TT,GG,TT,AC,CC,AA,GG,CC,CC,GG,CG,GG,AT,AG,CC,GT,GG,CG,CC,AA,GG,CC,AT,CC,AA,AA,AC,CG,AC,TT,AA,CG,AA,AC,AC,AA,GG,AA,AA,AA,TT,GG,AA,AG,AC,AA,TT,AA,AA,GG,GG,GG,TT,AT,AG,TT,TT,TT,AA,AT,GG,GG,AC,5.21,Resistant,High,Poor,Early
L0850,Warangal,Telangana,Rabi,Black Cotton,Irrigated,410,26.5,60,AC,NN,GG,AG,GG,CC,GG,TT,CC,CC,AA,CC,CC,AT,GT,GG,CG,TT,TT,AA,CC,GT,GT,CC,TT,CC,TT,AA,GG,AA,TT,CC,AA,CC,GG,GG,GG,CC,GG,CC,TT,CT,AA,GT,AG,GG,TT,TT,CC,CC,GG,AA,AG,GG,CC,TT,AA,AA,GT,AA,AA,GT,TT,AA,TT,TT,CC,GG,TT,GT,AA,GG,CC,AA,GG,AC,AT,GG,GT,TT,GG,GT,TT,CC,AA,GG,AA,AA,CC,TT,CC,TT,TT,AA,TT,AG,TT,CC,GT,CC,CC,CC,AG,AG,AT,TT,CC,AA,AG,AC,CC,GG,TT,CG,TT,AA,AA,TT,CC,GG,CG,GG,CC,GT,CT,AG,CC,CC,CC,CC,AA,TT,CC,AA,CC,CC,AA,TT,AA,AT,GG,CC,CC,GG,AA,AA,AT,AC,GT,CC,CC,AA,AG,AG,TT,AG,AC,GG,TT,GG,CC,TT,GT,CT,CC,AT,TT,CT,AA,TT,GG,CC,AA,TT,CC,CC,CG,CC,AA,GG,AG,CC,TT,CC,GT,TT,CG,AA,AA,AG,TT,CC,CG,AA,CC,CC,GG,GG,AA,GG,TT,AA,AA,CC,GG,AA,AC,AA,AT,GG,TT,AT,NN,GG,GT,AT,CC,TT,GT,AA,GG,AA,TT,AA,TT,CC,TT,AA,CC,CT,CG,AA,CG,AG,CC,TT,TT,GG,GG,TT,AA,CC,AG,GG,CC,CG,GG,CC,GG,TT,AA,CC,TT,GG,CC,CC,AT,GG,CC,AT,CG,AT,AG,AC,CC,AC,TT,AA,NN,AA,AC,AA,AA,AA,AG,AA,AG,TT,GG,AA,AG,CC,AA,TT,AA,AG,GG,GG,GG,TT,AT,AA,TT,TT,TT,AA,AT,GG,GG,AC,5.99,Resistant,Medium,Premium,Medium
L0851,Warangal,Telangana,Rabi,Black Cotton,Irrigated,410,26.5,60,NN,TT,GG,AA,CG,CC,GG,TT,CC,CG,AA,CT,CG,TT,TT,GG,CG,TT,TT,NN,CC,GT,GT,CC,TT,CT,TT,TT,GG,AA,CT,CT,AA,CC,GG,CG,GG,CC,NN,NN,TT,CT,AA,GT,AG,AG,TT,AA,NN,CC,GT,AA,AG,GG,CC,TT,AA,AC,GT,AC,AA,TT,TT,AA,CT,TT,CC,GG,TT,GG,AG,GG,CC,AA,GG,AA,NN,GG,TT,TT,GG,GT,GG,CC,AA,GG,AA,AA,CC,GT,CC,TT,CT,TT,TT,GG,CT,CC,TT,CC,CC,CC,AG,AA,TT,TT,CC,AA,AA,AA,CT,GG,TT,CC,GT,AA,AA,TT,CC,AG,CC,GG,CT,GG,TT,NN,CC,CC,AC,CC,AG,TT,CC,AA,CC,CC,AA,TT,AA,AA,GG,CT,CC,GG,AG,GG,AA,CC,GG,CC,CC,AA,AG,GG,TT,AG,AA,GT,CT,GG,NN,GT,TT,TT,CC,AT,TT,TT,NN,TT,GG,CG,AA,CC,AC,CC,GG,CC,AA,AG,AG,CC,TT,CC,GG,GG,GG,AT,AA,AA,TT,CC,CC,AA,AC,CC,GG,GG,AC,GG,TT,AA,AA,CC,GG,AA,AC,AA,AA,GG,TT,AT,AT,GG,GT,AA,CC,TT,TT,AA,GG,AA,CT,AA,TT,CC,TT,AA,CC,CT,GG,AG,GG,GG,CC,TT,TT,GT,GG,TT,AA,CC,AG,GG,CC,CG,GG,CC,GG,TT,AA,CC,TT,GG,CC,NN,AA,AG,CG,AA,CC,AA,AA,AC,CC,AA,TT,AA,GG,AA,AA,AC,AA,GG,AA,GG,AA,AT,CG,NN,AG,CC,AA,CT,AA,AA,GG,GG,GG,TT,AA,AA,TT,TT,TT,NN,AT,GG,GG,AA,8.84,Susceptible,Medium,Standard,Medium
L0852,Warangal,Telangana,Rabi,Black Cotton,Irrigated,410,26.5,60,CC,TT,AA,NN,GG,CC,GT,AT,CC,CG,AT,TT,CC,TT,TT,GG,GG,TT,TT,AG,CC,TT,TT,CC,TT,CC,GT,TT,GG,AA,TT,CC,AA,CC,GG,CG,GG,CG,GG,CC,TT,TT,AA,TT,AA,GG,TT,TT,CG,CC,GG,AA,AA,GG,CC,NN,AA,AC,TT,AA,AG,GT,AA,AG,TT,AT,CC,GG,TT,GT,AG,GG,CC,AA,NN,AA,TT,GG,TT,TT,GG,GG,GT,CC,AT,GG,AA,AT,CC,GT,CC,TT,CT,AT,GT,GG,CT,CC,GT,CC,CT,CC,AG,AA,AT,TT,CC,AG,AG,AA,CC,GG,TT,GG,TT,AA,AA,TT,NN,GG,CG,GG,CC,GT,TT,AG,CC,CC,NN,CC,AA,TT,CC,AA,CC,CC,AA,AT,AA,AA,GG,CT,CC,GG,AA,AG,AA,CC,GG,CC,CC,AG,AG,AG,TT,GG,CC,TT,CT,GG,AA,TT,TT,TT,CC,AA,TT,CT,AA,AT,GG,CC,GG,CT,CC,CC,GG,AC,AA,GG,AA,CC,TT,CC,GG,TT,GG,TT,AA,AG,TT,CC,GG,AA,CC,CG,GG,GG,AA,CG,TT,AC,AA,CC,GG,AT,AC,AA,AT,GG,TT,AT,AA,GG,GT,AA,CG,AT,GT,AA,GG,AA,TT,AC,TT,CC,TT,AA,CC,TT,GG,AG,CC,AG,CC,TT,TT,TT,CG,TT,AA,AC,AG,GG,CC,CC,GG,CC,GT,AT,AA,CC,TT,GG,CC,GG,AA,GG,CG,AT,CG,AA,AA,AC,CG,CC,TT,NN,GG,AA,AA,AA,AA,AG,AA,AA,AA,TT,GG,AA,AG,CC,AA,CC,AA,AA,GG,GG,GG,TT,AT,AA,GT,TT,TT,AA,TT,GG,GG,AA,5.33,Susceptible,Medium,Poor,Medium
L0853,Warangal,Telangana,Rabi,Black Cotton,Irrigated,410,26.5,60,AA,CC,GG,AG,GG,CC,GG,AT,CC,CC,AA,CC,CC,TT,TT,GT,CG,TT,TT,AA,CC,GT,TT,CT,TT,CC,TT,TT,GG,AA,CT,CC,AG,CC,GG,CG,GT,CC,GG,CC,TT,TT,AA,GG,AG,AG,TT,AT,CC,AA,GG,AA,AA,GG,CC,TT,AA,AA,GT,AA,AA,TT,AA,AA,CT,TT,CC,GG,TT,GG,AG,GT,CC,AA,GG,AA,TT,GG,TT,TT,GG,GG,GG,CC,AT,GG,AA,AA,CC,TT,AC,GT,CT,TT,TT,AG,TT,CC,GT,CC,CT,CG,AG,AA,TT,TT,CC,AG,AG,AC,CC,GG,GT,CG,TT,AA,AC,TT,CC,AG,CC,GG,CC,GT,TT,AG,CC,CC,CC,CC,AA,TT,CC,AA,CC,CT,AA,TT,AA,AA,GG,CT,CC,GG,AA,AG,AA,CC,GG,CC,CC,AG,AG,GG,TT,GG,AC,GT,TT,AG,AC,TT,TT,TT,CC,AT,TT,CT,AA,AT,GG,CC,GG,NN,CC,AC,GG,CC,AA,GG,GG,CC,TT,CC,GT,TT,CG,TT,AG,AG,TT,CC,GG,AA,AC,CC,GG,GG,CC,GG,TT,AC,AA,CG,GG,AA,CC,AA,NN,GG,TT,AA,AA,CG,GG,AT,CC,TT,GG,AA,GG,AA,TT,AA,TT,CG,TT,AA,CC,CT,GG,GG,CC,AG,CC,TT,TT,GT,CG,TT,AC,NN,AG,GG,CC,CG,GG,CC,GG,AA,AA,CC,TT,GG,CG,CG,AA,AG,CC,AT,CC,NN,AA,AA,CG,CC,AA,AA,GG,AA,AA,NN,AA,GG,AA,AG,AA,AT,GG,AA,AA,AC,AA,TT,AA,AA,GG,GG,GG,GT,AA,AA,TT,TT,TT,AA,TT,GG,GG,AA,4.58,Susceptible,Low,Poor,Medium
L0854,Warangal,Telangana,Rabi,Black Cotton,Irrigated,410,26.5,60,AA,TT,AG,AG,GG,CC,GT,TT,CC,CC,AA,CC,CC,AT,TT,GG,GG,TT,TT,AA,CG,TT,GT,CC,TT,CC,TT,TT,GT,AA,TT,CC,AA,CC,GG,GG,GG,CC,GG,CC,NN,CT,AA,TT,AA,GG,TT,AT,CC,AC,GG,AA,AA,GG,CT,GT,AA,NN,TT,NN,AA,TT,AA,AA,CT,AT,CT,GG,TT,GG,AG,GG,CC,AA,AG,AC,AA,GG,TT,TT,GG,GT,GG,NN,AA,GG,GG,AA,CC,GT,CC,TT,TT,TT,TT,GG,CT,CC,GT,CC,CC,CC,AG,AA,TT,TT,CC,AA,AA,AA,CC,GG,TT,CC,TT,AC,AA,TT,CC,AG,CC,GG,CC,GG,TT,AA,CC,CC,CC,CC,AA,GT,CC,AA,CC,CT,AA,TT,AA,AA,GG,CT,CC,GG,AA,AA,AA,CC,GT,CC,CG,AA,AG,GG,TT,AG,AC,TT,TT,GG,CC,TT,TT,TT,CC,AA,TT,TT,AA,AT,GG,CC,AA,CC,CC,CC,GG,CC,AA,GG,AG,CC,TT,CC,GT,TT,CG,AT,AA,AA,TT,CC,GG,AC,CC,CC,GG,GG,AC,CG,TT,AC,AA,CC,GG,AA,CC,AT,AT,GG,GT,TT,AA,GG,GG,AT,CC,AT,GT,AA,GG,AA,CT,AA,TT,CC,TT,AC,CC,CT,CG,AG,CC,AG,CC,TT,TT,TT,GG,TT,AC,AC,AA,GG,CC,CG,GG,CC,GG,AT,AA,CC,TT,GG,CC,GG,NN,AG,CC,AT,CC,AA,AA,AC,GG,AC,TT,AA,GG,AA,AA,AC,AA,GG,AA,AG,AA,TT,CG,AC,AG,CC,AA,CC,AG,AA,CC,GG,GG,TT,AT,AA,TT,TT,TT,AG,TT,GG,GG,AA,5.59,Susceptible,Medium,Standard,Early
L0855,Warangal,Telangana,Rabi,Black Cotton,Irrigated,410,26.5,60,AA,CT,GG,AG,GG,CC,GT,TT,CC,CG,AA,CC,NN,AT,TT,GG,CG,TT,AT,AA,CC,TT,GG,CC,TT,CC,GT,TT,GG,AA,CT,CT,AA,CC,GG,GG,GG,CG,GG,CC,TT,CT,AA,TT,AG,GG,CT,TT,CC,AA,GG,AA,AG,GG,CT,TT,AA,AA,GT,AA,AA,TT,AA,AA,TT,TT,CC,GG,TT,GT,AG,GT,CC,AA,GG,AA,AT,GG,TT,TT,GG,GG,GT,CC,AA,GG,AA,AA,CC,GT,CC,TT,CT,TT,GT,AG,CT,CC,TT,CC,CT,CC,AG,AA,TT,TT,CC,AA,AA,AA,CC,GG,TT,CC,GT,AA,AA,TT,CC,AG,CC,GG,CC,GG,CT,AA,CC,CC,CC,CC,AA,TT,NN,AA,CC,CC,AG,TT,AA,AA,GG,NN,CC,GG,AA,AG,AT,AC,GG,CC,CC,AG,AA,GG,TT,GG,CC,GT,CT,GG,AC,TT,GT,CT,CC,AT,TT,TT,AT,AT,NN,CC,AA,CT,CC,CC,CG,CC,AA,GG,AG,CC,TT,CC,GG,TT,GG,AT,AA,AG,TT,CC,CG,AC,CC,CC,GG,GG,AC,GG,TT,AC,AA,CC,GG,AT,AC,AT,AA,GG,GT,AA,AA,GG,GT,AT,CC,TT,GT,AA,GG,AA,CC,AA,TT,CG,TT,AA,CC,TT,GG,AA,CC,AG,AC,TT,TT,GT,GG,TT,NN,CC,AA,GG,CC,CG,GG,CC,GG,AT,AA,CC,GT,GG,CC,CC,AA,GG,CC,AA,CC,AA,AA,CC,CG,AC,TT,AA,GG,AA,AA,AC,AA,AG,GG,AG,AA,TT,CG,AC,AA,AA,AA,TT,AA,AA,GG,GG,GG,TT,AA,AA,TT,TT,TT,AG,TT,GG,CG,AA,6.48,Susceptible,Low,Standard,Early
L0856,Warangal,Telangana,Rabi,Black Cotton,Irrigated,410,26.5,60,AC,CT,GG,AA,CG,CG,GG,AT,CC,CC,AA,CC,CC,AT,TT,GG,CG,TT,TT,AA,CC,TT,TT,CC,TT,CC,TT,AT,GG,AA,TT,CC,AG,CC,GG,GG,GG,CG,GG,CC,TT,CT,AA,GT,AG,GG,TT,AT,CC,CC,GG,AT,AA,GG,CC,TT,NN,AA,GT,AC,AA,TT,NN,AA,TT,TT,CC,GG,TT,GG,AA,GT,CC,AA,GG,AC,AT,GG,TT,TT,GG,GG,GG,CC,AA,GG,AA,AA,CC,TT,CC,GT,CC,TT,TT,AG,TT,CC,TT,CC,CC,CG,AG,AA,AT,TT,CC,AA,AG,AA,CC,GG,TT,CC,TT,AA,AA,TT,CC,AG,CC,GG,CT,TT,TT,AA,CC,CC,CC,CC,AA,NN,CC,AA,CC,CC,AA,AA,AG,AA,GG,CT,CC,GG,AA,GG,AT,CC,GG,CC,CC,AA,AA,AG,TT,AG,AC,TT,CT,GG,CC,TT,TT,TT,CC,AT,TT,TT,AA,TT,GG,CC,AA,CC,CC,CC,CG,CC,AA,GG,AG,CC,NN,CC,GT,GT,GG,AT,AA,AA,TT,CC,GG,AA,AC,CC,GG,GG,AC,CG,TT,AA,AA,CC,GG,AA,CC,AA,AT,GG,TT,AT,AA,GG,GT,AA,CC,AA,TT,AA,GG,AA,TT,AC,TT,CC,CT,CC,CC,TT,GG,AG,CG,AG,CC,TT,TT,TT,NN,TT,AC,CC,AA,GG,CC,GG,GG,CG,GG,AT,NN,CC,GT,GG,CC,CC,AA,GG,CC,AA,CC,AT,AA,AC,CC,AA,TT,AG,GG,AA,NN,AC,AA,AG,AG,AA,AA,AT,GG,AA,NN,CC,AA,CT,NN,AA,GG,GG,GG,TT,AT,AA,GT,TT,TT,AG,TT,GG,GG,AA,8.26,Moderate,Medium,Premium,Late
L0857,Warangal,Telangana,Rabi,Black Cotton,Irrigated,410,26.5,60,AC,TT,GG,AA,GG,CC,GT,TT,CC,GG,AA,CT,CC,TT,TT,GG,GG,TT,TT,AA,CC,GT,TT,CC,TT,CC,TT,TT,GG,AA,TT,CC,AA,CC,AG,GG,GG,CG,GG,CC,TT,CT,AA,GT,AA,GG,TT,TT,CC,AC,TT,AA,AG,GG,CC,NN,AA,AA,GT,AC,AA,TT,AT,AA,TT,AT,CC,GG,TT,GG,AA,GG,CC,AA,GG,AC,AT,GG,TT,TT,GG,GG,GG,CC,AA,GG,AA,AT,CC,TT,CC,TT,CT,AT,TT,AG,TT,CC,NN,CC,CC,CC,AG,AA,TT,TT,CG,AA,AA,CC,CC,GG,TT,CC,TT,AA,AA,TT,CG,GG,CC,GG,CC,GG,TT,AA,CC,CC,CC,CC,AA,TT,AC,AA,CC,CC,AA,TT,AA,AT,GG,CC,CC,GG,AA,AG,AA,CC,GG,CG,CC,GG,GG,GG,TT,GG,AA,TT,CT,GG,AA,GT,GG,TT,CG,AT,TT,TT,AA,TT,CG,CC,AA,CC,CC,CC,GG,CC,AT,GG,AA,CC,TT,CG,GG,NN,NN,AT,AG,AA,TT,CC,CG,AC,AC,CC,GG,GG,AC,GG,TT,AC,AA,CC,GG,AA,CC,AA,AT,GG,TT,AA,NN,CG,GT,AT,CC,TT,GT,AA,GG,AA,TT,AA,TT,CC,TT,AC,AC,CT,GG,AG,CC,AG,CC,AT,CT,GT,GG,TT,AA,CC,AA,NN,CC,CC,GG,CC,GG,TT,AA,CC,GT,GG,CG,CC,AA,GG,CC,AA,CC,AA,AA,CC,CG,AC,TT,AA,GG,AA,AA,AA,AA,AG,AA,AA,AA,TT,GG,AC,AG,AC,AC,CT,AA,AA,GG,GG,GG,TT,AT,AG,TT,TT,TT,AG,AT,GG,GG,AA,7.4,Resistant,Medium,Standard,Early
L0858,Warangal,Telangana,Rabi,Black Cotton,Irrigated,410,26.5,60,AC,TT,GG,AA,CG,CC,GT,TT,CC,CG,AA,CC,CC,TT,GT,GG,GG,TT,TT,AG,CC,TT,GG,CC,AT,CC,TT,TT,GT,AA,TT,CT,AA,AC,GG,NN,GG,CG,GG,CC,TT,CT,AC,TT,AA,AA,TT,TT,CC,AC,GG,AA,AA,GG,CC,TT,AA,AC,GG,CC,AG,TT,TT,GG,TT,AT,CC,GG,TT,GG,AA,GG,CC,AA,AG,AA,AA,GG,TT,TT,GG,GG,GT,CC,AA,GG,AA,AA,CC,GT,CC,TT,CC,TT,TT,GG,TT,CC,TT,CC,CC,CG,AA,AA,TT,TT,CC,AA,AA,AA,NN,GG,TT,NN,GT,AA,AA,TT,CC,GG,CC,AG,CC,GT,TT,AG,CC,CC,CC,CG,AA,TT,CC,AA,CC,CC,AA,TT,AA,AA,GG,CC,CC,GG,AA,GG,AA,AC,GG,CC,CC,AA,AG,GG,TT,GG,AC,TT,TT,GG,AA,GT,TT,TT,GG,AT,GG,TT,AA,TT,GG,CC,AA,CT,CC,CC,GG,CC,AA,GG,AG,CC,TT,CC,GT,NN,CG,TT,AA,AG,NN,CC,GG,AC,CC,CC,GG,GG,CC,CG,TT,AA,AA,CC,GG,AT,AC,AA,TT,GG,TT,TT,AT,GG,GT,AA,CC,AT,GT,AA,GG,AA,CC,AA,TT,CC,TT,AA,CC,CT,CG,AG,CC,AG,AC,TT,TT,TT,GG,TT,AC,AC,AA,GG,CC,CC,GG,CC,GG,AT,AG,CC,GT,GG,CC,CC,AT,GG,CC,AA,CC,AA,AA,AA,CC,AC,TT,AG,GG,AA,AA,AA,AA,AG,AG,GG,AA,TT,GG,CC,AG,CC,AA,CT,AA,AA,GG,GG,GG,GT,AA,AA,TT,TT,TT,AA,NN,GG,GG,AA,8.1,Susceptible,Medium,Poor,Late
L0859,Warangal,Telangana,Rabi,Black Cotton,Irrigated,410,26.5,60,CC,TT,GG,AA,GG,CC,GT,TT,CC,CC,AA,CT,CG,AT,GT,GG,CG,TT,TT,AA,NN,TT,TT,CC,TT,CC,TT,TT,GG,AA,TT,CC,AA,CC,GG,CG,GG,CG,GG,AC,TT,TT,AA,TT,AA,GG,NN,TT,NN,CC,GT,TT,AA,GG,CC,TT,AA,AA,GT,AA,AA,TT,TT,GG,CT,TT,CC,GG,TT,GG,AG,GT,CC,NN,GG,AC,AA,GG,TT,TT,GG,GG,GG,CC,AA,GG,AA,AT,NN,GG,CC,TT,CT,TT,TT,GG,TT,AC,TT,CC,CT,CG,GG,AA,AT,TT,NN,AG,AG,AA,CT,GG,TT,CC,TT,CC,AA,TT,CG,GG,CG,GG,CC,GG,TT,AA,CC,CC,CC,CC,AA,TT,CC,AA,CC,CT,AG,TT,AA,AA,GG,CC,CC,GG,AG,AG,AA,CC,GG,CC,CG,AA,AA,AG,GT,GG,NN,TT,TT,GG,CC,GT,TT,TT,CC,AT,GT,TT,AA,TT,GG,CC,GG,CT,CC,CC,GG,CC,AA,GG,AG,CC,TT,CC,GT,TT,CG,AT,AA,AG,TT,CC,CG,CC,CC,CC,GG,GG,AC,CG,TT,AA,AA,CC,GG,AT,NN,AA,AA,GT,TT,TT,AA,CG,GG,AA,CC,TT,GT,AA,GG,AA,TT,AA,TT,CC,CT,AA,AC,TT,CG,AG,CC,GG,AC,TT,TT,GG,CG,TT,AA,CC,AA,GG,CC,CC,GG,CC,GT,TT,AA,CC,TT,GG,CC,CC,AA,GG,CC,AA,CC,AA,AA,CC,CC,AC,TT,AA,GG,AA,AA,AA,AA,AG,AA,AA,AA,TT,CG,AA,AG,CC,NN,CT,AA,AA,GG,GG,GG,TT,TT,AG,GT,TT,TT,AA,TT,GG,GG,AA,7.26,Moderate,Medium,Premium,Medium
L0860,Warangal,Telangana,Rabi,Black Cotton,Irrigated,410,26.5,60,AA,TT,GG,AG,GG,CC,GT,TT,CC,CG,AT,CT,CG,AT,GT,GG,CG,TT,TT,AA,CC,GT,GG,CC,TT,CC,TT,AT,GT,AA,TT,CT,AA,AC,GG,GG,GG,CG,GG,CC,TT,TT,AA,TT,AA,GG,TT,TT,CC,AC,GT,AT,AA,GG,CC,TT,AA,AC,NN,AA,AA,TT,TT,AG,TT,TT,CC,GG,TT,GT,AA,GG,CC,AA,GG,NN,AA,GG,TT,TT,GG,GT,GG,CC,AA,GG,AA,TT,CC,TT,CC,TT,CC,TT,TT,NN,TT,CC,TT,CC,CT,CC,AG,AA,TT,GT,CC,AA,AA,AA,CT,GT,TT,CC,TT,AA,AC,TT,CC,GG,CC,GG,CC,GG,TT,AA,CC,CC,CC,CC,AA,TT,CC,AA,CC,CC,AA,TT,AA,AA,GG,CC,CC,GG,AA,AA,AT,CC,GG,CC,CC,AA,AA,AG,GT,GG,AA,GT,CT,GG,AA,GT,GG,CT,CC,AT,TT,TT,AA,AA,GG,CC,GG,CC,CC,CC,CG,CC,AA,GG,AG,CC,TT,CG,GG,TT,CC,AT,AG,AG,TT,CC,GG,AA,CC,CC,GG,GG,AA,CG,CT,AC,NN,CC,NN,TT,AC,AA,AT,TT,GT,AT,AT,CG,GG,AT,CC,AT,GT,AA,GG,AA,TT,AC,TT,CC,TT,AC,NN,CT,CC,GG,CC,AG,CC,TT,TT,TT,GG,TT,AA,CC,AA,GG,CC,CC,GG,CC,GG,NN,AA,CC,TT,GG,CC,CC,AA,GG,CC,AA,CC,AA,AA,AC,CG,AA,TT,AA,GG,AT,AA,AA,AA,GG,AG,AA,AA,AT,GG,AA,AG,CC,AA,CT,AG,AA,GG,GG,GG,TT,AT,AA,TT,TT,TT,AA,TT,GG,GG,AA,7.91,Susceptible,Low,Premium,Early
L0861,Warangal,Telangana,Rabi,Black Cotton,Irrigated,410,26.5,60,AC,CT,AG,GG,GG,CG,GG,TT,CC,CG,AA,CC,CG,TT,TT,GG,CG,TT,TT,AA,CC,GG,GT,CC,TT,CC,TT,NN,GG,AA,CT,CC,AA,CC,GG,GG,GG,CG,GG,AC,TT,CT,AA,TT,AA,GG,TT,TT,CC,AC,GG,AT,AA,GG,CC,TT,AA,AC,GG,AA,AA,TT,AT,AG,CT,TT,CC,GG,TT,GT,AA,GG,CC,AA,AG,AC,AA,AG,TT,TT,GG,GG,GT,CC,AA,GG,NN,AA,CC,GT,CC,TT,CC,TT,TT,GG,CT,CC,GT,CT,CT,CG,GG,AA,TT,TT,CG,AA,AA,AA,CT,NN,TT,CG,TT,AA,AA,TT,CC,GG,CG,AG,CT,GG,CT,AG,CC,CC,CC,CC,AA,TT,CC,AA,AC,CC,AA,TT,AG,AA,CG,CT,CC,AG,AA,GG,AA,CC,GG,CC,CC,AA,AA,AG,TT,GG,NN,TT,CT,AG,CC,TT,TT,TT,CG,TT,TT,TT,AA,TT,GG,CC,AG,CT,CC,CC,CG,CC,AA,GG,AA,NN,TT,CC,GG,TT,GG,AT,AA,GG,TT,AC,CC,AC,CC,CC,GG,GG,AC,GG,TT,AA,AA,CC,GG,AA,AC,AA,AA,GT,NN,NN,AA,CG,GG,AA,CC,AT,GG,AA,GG,AA,CT,AA,TT,CC,TT,AA,CC,TT,GG,AA,CG,GG,CC,TT,TT,GT,GG,NN,AA,AC,AG,GG,CC,CG,GG,CC,GG,AT,AG,CC,TT,GG,CC,CC,AT,GG,CG,NN,CG,AA,AA,AC,CG,CC,AT,AA,GG,AA,AA,AC,AA,GG,AG,AA,AA,AT,GG,AA,AA,AC,AC,TT,AG,AA,GG,GG,CG,TT,AA,AA,TT,TT,TT,AG,AT,GG,GG,AA,11.43,Moderate,Low,Premium,Medium
L0862,Warangal,Telangana,Rabi,Black Cotton,Irrigated,410,26.5,60,AA,TT,AG,AA,CG,CC,GT,TT,CC,CC,AA,CC,CC,AT,TT,GT,CG,TT,TT,AA,CC,GT,TT,CC,TT,CC,TT,AT,GG,AA,TT,CT,AA,AC,GG,GG,GT,CC,GG,CC,TT,CT,AA,TT,AG,GG,TT,TT,CC,CC,GG,AA,AA,CG,CT,TT,AA,AA,GG,AA,AA,TT,TT,GG,TT,AT,CC,GG,TT,GT,AA,GG,CC,AA,GG,AA,AT,GG,TT,TT,GG,GG,GT,CC,AA,GG,AA,AA,CC,GG,CC,TT,TT,AT,TT,GG,TT,CC,GG,CT,CC,GG,AA,AA,TT,TT,CG,AA,NN,AA,CT,GG,TT,CC,GT,AA,AA,TT,GG,GG,CC,GG,CC,GT,CT,AA,CT,CC,CC,CC,AA,TT,CC,AA,CC,CC,AA,TT,AG,AT,GG,CC,NN,GG,AA,AG,AA,CC,GG,CC,CG,AA,AA,GG,TT,GG,AC,GT,TT,GG,AC,GT,TT,TT,CC,AT,TT,TT,AA,AT,GG,CC,AA,CC,AC,CC,GG,CC,AA,GG,AG,CC,TT,CC,GG,TT,CG,AA,AA,AA,GT,CC,CG,AC,NN,CC,GG,GG,AA,GG,TT,AC,AA,NN,GG,AA,CC,AA,AT,GG,TT,TT,AA,CC,GG,AA,CC,TT,NN,AA,GG,AA,CT,AC,TT,CC,TT,AA,CC,TT,GG,GG,GG,AA,CC,TT,TT,TT,GG,TT,CC,CC,AG,GG,CC,CG,GG,CC,GG,AT,AA,CC,GT,GG,CC,CC,AT,AG,CG,AA,CC,AT,AA,AA,CG,AA,TT,AA,GG,AA,AA,AC,AA,GG,AG,AA,AA,AT,GG,AA,AA,AC,AC,TT,AA,AG,CG,NN,CG,TT,AA,AA,NN,TT,TT,AG,TT,GG,GG,AA,9.66,Susceptible,Low,Standard,Late
L0863,Warangal,Telangana,Rabi,Black Cotton,Irrigated,410,26.5,60,AA,CT,AG,AA,GG,CC,GT,NN,CC,GG,AA,TT,CG,TT,TT,GT,GG,NN,TT,AA,CG,TT,TT,CC,TT,CC,TT,TT,GG,AA,TT,CT,AA,AC,GG,GG,GG,CC,NN,CC,TT,CT,AA,TT,AA,GG,TT,TT,CC,AC,GG,AT,AA,GG,CC,GT,AT,AA,GT,AA,NN,TT,TT,AA,CT,AT,CC,GG,TT,GG,AG,GG,CC,AA,GG,AA,AT,GG,TT,TT,GG,GG,GG,CC,AT,GG,AA,AT,CC,GT,CC,TT,CT,TT,TT,GG,TT,AC,GT,CC,CT,CC,AA,AA,TT,NN,CG,AA,AG,AA,CC,GG,TT,CG,GT,AA,AA,TT,CC,GG,CC,GG,CC,TT,TT,AA,CC,CC,CC,CC,AA,TT,CC,AA,CC,CC,AA,TT,AA,AT,GG,CT,CC,GG,AA,AA,AA,CC,NN,CC,CG,AA,GG,GG,TT,AG,CC,TT,CT,AA,CC,GT,TT,TT,CC,TT,TT,TT,AA,TT,GG,CG,AG,CT,CC,NN,GG,CC,AA,GG,AG,CC,TT,CC,GT,TT,GG,AT,AA,AA,TT,CC,GG,AA,CC,CC,GG,GG,AC,GG,TT,CC,AA,CC,GG,AA,CC,AA,AT,GG,TT,TT,AA,GG,GT,AA,CC,AT,GT,NN,GG,AA,CC,AA,AT,CC,CT,AA,CC,TT,CG,AG,CC,AA,CC,TT,TT,TT,GG,TT,AC,CC,GG,GT,CC,CC,GG,CC,GG,AA,AA,CC,TT,GG,CC,CG,AT,GG,CC,AA,CC,NN,AA,CC,CG,AC,TT,AA,GG,AA,AA,AA,AA,AG,AG,AG,AA,TT,GG,AA,AG,CC,AA,CT,AA,AA,GG,GG,GG,GT,AA,AG,GT,TT,TT,AA,TT,GG,GG,AA,7.12,Moderate,Low,Premium,Late
L0864,Warangal,Telangana,Rabi,Black Cotton,Irrigated,410,26.5,60,AC,TT,GG,AG,CG,CC,NN,TT,CC,CG,AA,CT,CC,TT,TT,GG,GG,TT,NN,AA,CC,TT,GG,CC,AT,CC,GT,TT,NN,AA,TT,CC,AA,CC,GG,GG,GG,CC,GG,CC,TT,CT,AC,TT,AA,AG,CT,TT,CC,AC,GT,AT,AA,GG,CC,TT,AT,AC,GT,AC,AG,TT,AT,AA,TT,AT,CC,GG,TT,GG,AG,GG,CC,AA,GG,AA,AT,AG,TT,TT,GG,GG,GG,CC,AA,GG,AA,AA,CC,GT,CC,TT,CC,AT,TT,GG,TT,CC,GT,CC,CC,CG,AG,AA,AT,TT,CC,AA,AG,AA,CC,GG,TT,CC,NN,AA,AA,TT,CC,GG,CG,GG,CT,GG,CT,AG,CC,CC,CC,CC,AA,TT,AC,AA,CC,CT,AA,TT,AA,AA,GG,CC,CC,AG,AA,AA,AT,CC,GG,CC,CC,AG,AG,AG,TT,AG,AC,TT,TT,GG,AC,GT,TT,TT,NN,AA,GT,TT,NN,TT,GG,CC,AG,CC,CC,CC,CG,CC,AA,GG,AA,CC,TT,CC,GG,TT,GG,AT,AA,AA,TT,CC,GG,AA,CC,CC,GG,GG,AA,GG,TT,AA,AA,CC,GG,AA,CC,AA,AT,TT,TT,TT,AT,CG,GG,AT,GG,AT,GG,AA,GG,AA,CT,AA,TT,CC,CT,AC,CC,TT,GG,AG,GG,AG,CC,AT,CC,GT,GG,TT,AA,CC,AA,GT,CC,CG,GG,CC,GG,TT,AA,CG,GT,GG,CC,CG,AA,AG,CC,AA,CC,AA,AA,CC,GG,CC,TT,AA,GG,AA,AA,AC,AA,GG,GG,AA,AA,TT,GG,AA,AA,CC,AA,CT,AA,AA,CG,GG,GG,TT,AA,AG,NN,TT,TT,AA,TT,GG,CG,AA,7.07,Moderate,Low,Poor,Medium
L0865,Warangal,Telangana,Rabi,Black Cotton,Irrigated,410,26.5,60,NN,TT,GG,AA,GG,CG,GT,AT,CC,CG,AA,CT,CC,AA,TT,GG,CG,TT,TT,AA,CG,TT,TT,CC,TT,CC,GT,AT,GG,AA,TT,CT,AG,AC,GG,GG,GG,CC,GG,CC,TT,CT,AA,TT,AA,AA,TT,TT,CC,AC,GT,AA,AG,GG,CC,TT,AT,AA,GT,AA,AA,TT,TT,AG,TT,AT,CC,GG,CT,GG,AA,GG,CC,AA,GG,AC,AT,NN,GT,CT,GG,GT,GT,CC,AA,GG,AA,AA,CG,GG,CC,TT,TT,TT,TT,GG,TT,CC,TT,CC,CC,CC,AG,AA,TT,TT,CG,AA,GG,AA,CC,GG,TT,CC,TT,AA,AC,TT,CC,AA,CG,GG,CC,GG,TT,AA,CT,CC,CC,CC,AA,GT,CC,AA,CC,CC,AA,TT,AA,AA,GG,NN,CC,GG,AA,AG,AA,AC,TT,CC,CG,AG,AG,GG,TT,AG,AA,TT,TT,AG,CC,TT,TT,CT,CC,AA,GT,CT,AA,TT,GG,CC,AA,CC,CC,CC,CG,CC,AA,GG,AA,CC,TT,CC,GT,GT,CG,TT,AA,AA,TT,CC,GG,AC,CC,CC,GG,GG,AC,GG,TT,CC,AA,CC,GG,AA,AC,AA,AA,GT,GT,AT,AT,CG,GT,NN,CG,TT,GT,AA,GG,AA,CT,AA,AT,CC,CT,AA,AC,CT,GG,AA,CG,AA,CC,AT,TT,NN,GG,TT,AC,CC,AA,GG,CC,CG,GG,CC,GG,TT,AA,CC,TT,GG,CC,CC,AA,AG,CG,AA,CC,AA,AA,AC,GG,AC,TT,AA,GG,AA,AA,AC,AA,GG,AG,AA,AA,TT,GG,AA,NN,AC,NN,TT,AG,AA,GG,GG,CG,TT,AA,AG,TT,TT,TT,AG,TT,GG,GG,AA,5.59,Moderate,Medium,Poor,Early
L0866,Warangal,Telangana,Rabi,Black Cotton,Irrigated,410,26.5,60,AC,TT,AA,GG,GG,CG,GG,AT,CC,CG,AA,CC,CC,TT,GT,GG,GG,TT,AT,AA,CC,TT,GT,CC,AT,CC,TT,TT,GG,AA,TT,CT,AA,CC,GG,GG,GG,CC,GG,CC,TT,CC,AC,GT,AA,GG,TT,TT,CC,AC,GG,AA,AA,GG,CC,GT,AA,AA,GT,AA,AG,TT,AT,AG,NN,TT,CC,GG,TT,GG,AG,GG,CC,AA,GG,AA,AT,GG,GT,TT,GG,NN,GG,CC,AA,GG,AA,AA,CC,TT,AC,TT,CC,TT,TT,GG,TT,AC,TT,CC,CT,CC,GG,NN,TT,TT,CG,AA,AG,AC,CC,GG,GT,CG,TT,AA,AA,AT,CC,GG,CC,GG,CC,GG,NN,AG,CT,CC,CC,CC,AA,TT,CC,AA,CC,NN,AA,TT,NN,AA,GG,CC,CC,GG,AA,AG,NN,CC,GG,CC,CG,AA,AA,GG,TT,GG,AA,TT,CT,GG,AC,GT,GT,CT,CG,AT,TT,CT,AA,TT,GG,CC,AA,CT,CC,CC,CC,CC,AA,GG,AG,CC,TT,CC,GG,GG,CG,TT,AA,AA,TT,CC,GG,AA,CC,CC,GG,GG,AA,CG,TT,AA,AA,CC,GT,AA,CC,AA,AT,GG,GT,TT,AA,GG,GT,AT,CC,TT,GT,AA,GG,AA,TT,AC,TT,CC,CT,AA,CC,TT,CC,GG,CG,AG,CC,TT,TT,GT,GG,TT,AA,CC,AG,GG,CC,CC,GG,CC,GG,AT,AA,CC,GT,GG,CC,CC,AA,AG,CC,AA,CC,AT,AA,AC,CG,AC,TT,AA,GG,AA,AA,AC,AA,GG,AG,AA,AA,TT,GG,AA,AG,CC,AA,CT,AA,AG,CG,GG,GG,TT,AA,AA,GT,TT,TT,GG,TT,GG,CG,AA,6.27,Resistant,Medium,Standard,Early
L0867,Warangal,Telangana,Rabi,Black Cotton,Irrigated,410,26.5,60,AC,TT,NN,AA,GG,CC,GG,TT,CC,CG,AA,CC,CG,AT,TT,GT,CG,TT,TT,AG,CC,GT,TT,CC,TT,CC,TT,TT,GG,AA,TT,CC,AA,CC,GG,CG,GG,CC,GG,CC,TT,CT,AA,TT,AA,AG,TT,AT,CC,AA,GG,AA,AA,GG,CT,TT,AA,NN,TT,AC,AA,TT,AT,AA,TT,TT,CC,GG,TT,GT,AG,GT,AC,AA,GG,AA,AA,GG,TT,TT,GG,GG,GG,CC,AT,GG,AA,AT,CC,GT,NN,TT,TT,TT,GT,GG,NN,AC,TT,CC,CC,CG,AG,AA,TT,TT,CC,AA,AG,AA,CC,GG,TT,CG,TT,AA,AA,TT,CC,GG,CC,GG,CC,GT,TT,AG,CC,CC,CC,CC,AG,TT,CC,AA,CC,CT,AA,TT,AA,AT,GG,CT,CC,GG,AG,NN,AA,CC,GT,CC,CC,AA,AA,GG,GT,AG,AA,GT,CT,GG,AC,GT,GT,TT,CC,TT,TT,TT,AA,TT,GG,CC,AA,CC,CC,CC,GG,CC,AA,GG,AA,CC,TT,CC,GT,GT,GG,TT,AA,AG,TT,NN,GG,AC,CC,CC,GG,GG,AC,CG,TT,AA,AA,CG,NN,TT,AC,AT,AA,GG,GT,TT,TT,CG,GG,AA,CC,AT,GT,AA,GG,AA,CT,AA,TT,CG,CT,AA,CC,CT,GG,AG,CG,AG,CC,TT,CC,GT,GG,TT,AC,AC,AA,GG,CC,CC,GG,CC,GG,NN,AA,CC,TT,GG,CC,CG,AA,AG,CC,AA,CC,AT,AA,AC,CC,AA,TT,AA,GG,AA,AA,AC,AA,AG,GG,AA,AG,TT,GG,CC,AG,AA,AA,CT,AG,AA,GG,GG,GG,TT,AT,AA,TT,TT,TT,AA,TT,GG,GG,AA,7.95,Susceptible,Low,Poor,Medium
L0868,Warangal,Telangana,Rabi,Black Cotton,Irrigated,410,26.5,60,AC,CT,GG,AA,GG,CC,GT,TT,CC,CG,AA,CT,GG,TT,TT,GT,GG,TT,TT,NN,CC,TT,GT,CC,TT,CC,TT,AT,GG,AA,CT,CT,AA,CC,GG,GG,GG,CC,GG,CC,TT,CT,AA,TT,AA,AA,TT,AA,CC,AC,GG,AA,AA,GG,CC,TT,AA,AC,GT,AA,NN,TT,TT,AA,TT,AT,CC,GG,CT,GG,AA,NN,CC,AA,AA,AC,AA,GG,TT,CT,GG,GG,GT,CC,AT,GG,AG,AA,CC,GT,CC,TT,CC,AT,GT,GG,TT,CC,TT,CC,TT,CG,AA,AA,TT,GT,CC,AA,AA,AC,CC,GG,TT,CC,GT,AA,AA,TT,CC,GG,CC,GG,CT,GT,TT,AA,CT,CC,CC,CC,AA,TT,CC,AA,CC,CC,AA,AT,AA,AA,GG,CC,CC,GG,AA,GG,AA,CC,GG,CC,CC,AA,AA,GG,TT,GG,AA,TT,TT,AG,AA,TT,TT,TT,CC,AA,TT,TT,AA,AT,GG,CC,AA,CT,CC,CC,CG,CC,AA,GG,AG,CC,TT,CC,GT,TT,GG,TT,AA,AA,TT,CC,CG,AC,AC,CC,GG,GG,AA,GG,TT,AC,AA,CC,NN,AA,AC,AA,AA,GG,GT,AT,AA,CG,NN,AT,CC,TT,TT,NN,GG,AA,CT,AA,TT,CC,TT,AA,AC,TT,GG,AG,CC,AG,CC,TT,TT,TT,GG,TT,CC,CC,AA,GT,CG,GG,GG,CC,GG,AT,AG,CC,TT,AG,NN,CG,AA,GG,CC,AT,CC,AA,AA,AC,CC,CC,TT,AA,GG,AA,AA,AA,AA,GG,GG,AA,AG,AT,CG,AA,AG,CC,NN,TT,AG,AA,CG,NN,GG,TT,AA,AG,GT,TT,TT,AG,TT,CG,CG,AA,7.04,Resistant,Medium,Poor,Medium
L0869,Warangal,Telangana,Rabi,Black Cotton,Irrigated,410,26.5,60,AC,TT,AG,AA,CG,CC,GG,TT,CC,CC,AT,CC,NN,AT,TT,GG,GG,TT,AT,AA,CC,TT,GT,CC,TT,CC,TT,TT,GG,AA,TT,CC,AA,CC,GG,CG,GG,CG,GG,CC,NN,CC,AA,TT,AA,AA,TT,TT,CC,AC,GG,AA,AA,GG,CC,GT,AT,AA,GT,AA,AA,TT,TT,AA,CT,NN,CC,GG,TT,GG,AA,GG,CC,AA,GG,AA,AA,GG,TT,TT,GG,NN,GG,CC,AA,GG,AA,AA,CC,TT,CC,TT,CC,TT,GG,AG,TT,AC,TT,CC,CC,CG,GG,AA,TT,TT,CC,AA,GG,AA,CC,GG,TT,CC,NN,AA,AA,TT,CG,GG,CG,GG,CC,GG,CT,AG,CC,CC,CC,CC,AA,TT,AA,AA,CC,CC,AA,TT,AA,AA,GG,NN,CC,GG,AA,AA,AA,AC,GG,CC,CC,AA,GG,GG,TT,GG,AA,TT,TT,GG,AC,TT,TT,CT,CC,AA,GT,CT,AT,TT,CG,CC,AA,CC,CC,AC,GG,CC,AA,GG,AG,CC,TT,CC,GG,GT,NN,AA,AA,AA,TT,CC,GG,AA,CC,NN,GG,AG,CC,GG,TT,AC,AA,CC,GG,AA,CC,AA,AA,GG,TT,TT,AA,GG,GT,AT,CG,AT,TT,AT,GG,AA,TT,AA,TT,CC,CT,AC,AA,TT,GG,AG,CC,AG,CC,TT,TT,GT,GG,AT,CC,CC,AG,GG,CC,CG,GG,CC,GG,AT,AA,CC,TT,GG,CC,CC,AA,GG,CC,AA,CG,AA,AA,AC,CC,AC,TT,AA,GG,AA,AA,AC,AA,GG,AG,AA,AG,TT,GG,AA,AG,AC,AA,TT,AA,AG,GG,GG,CG,TT,AT,AG,TT,TT,TT,AA,AT,GG,GG,NN,6.44,Resistant,Medium,Poor,Early
L0870,Warangal,Telangana,Rabi,Black Cotton,Irrigated,410,26.5,60,AC,CT,GG,GG,GG,CC,GG,TT,CC,CC,AA,CC,CG,TT,GT,GG,CG,TT,TT,AG,CC,GT,GT,CC,TT,CC,TT,TT,GG,AA,CT,CT,AA,CC,GG,GG,GG,CC,GG,CC,TT,TT,AA,TT,AA,AG,TT,AA,CC,CC,GG,AA,AG,GG,CC,TT,AA,AC,GG,AA,AG,TT,TT,AA,TT,TT,CC,GG,TT,GT,AA,GG,AC,AA,GG,AC,AA,GG,GT,TT,GG,GG,GG,CC,AA,GG,AA,AA,CC,GT,AC,TT,CC,TT,TT,GG,TT,NN,TT,CC,CC,CC,AG,AA,TT,TT,CG,AA,GG,AA,CT,GG,TT,CC,GT,AC,AA,TT,CC,GG,CC,GG,CC,GG,TT,AA,CC,CC,CC,CC,AA,TT,CC,AA,CC,CC,AA,TT,AA,AA,GG,CT,CG,GG,AA,AG,AA,CC,GG,CC,CC,AA,AA,GG,TT,GG,AC,TT,CT,GG,CC,NN,TT,CT,CC,AT,GT,CT,NN,TT,GG,CC,AA,TT,CC,CC,CG,AC,AA,GG,AA,CC,TT,CC,TT,TT,CG,TT,AA,AG,TT,CC,GG,AA,CC,CC,CG,NN,AC,GG,TT,AA,AA,CG,GG,AA,AC,AA,AT,GT,TT,AT,AT,CG,GT,AA,CG,TT,GT,AA,GG,AG,TT,AA,TT,CC,TT,AA,AC,TT,GG,AA,GG,AG,CC,TT,CT,GT,GG,TT,AA,AC,AG,GG,CC,CC,GG,CC,GG,AT,AA,CG,TT,GG,CC,CC,AT,GG,CC,AA,CC,AT,AA,AC,CG,CC,AT,AA,GG,AA,AA,CC,AA,GG,AA,AG,AA,AT,GG,AA,AG,AC,AA,TT,AA,AG,CG,GG,GG,GT,AT,AA,TT,TT,TT,AG,TT,GG,GG,AA,6.84,Susceptible,High,Poor,Medium
L0871,Warangal,Telangana,Rabi,Black Cotton,Irrigated,410,26.5,60,AA,CT,GG,AA,GG,CG,GG,TT,CC,CG,AA,CT,CC,AT,TT,GG,CG,TT,TT,AA,CC,TT,TT,CC,TT,CC,TT,AT,GG,AC,TT,CT,AA,CC,GG,CG,GG,CC,GG,AC,TT,CT,NN,GT,AA,AG,TT,AA,CC,AC,GG,AT,GG,GG,CC,GG,AA,AC,GG,CC,AG,TT,AT,NN,TT,AT,CC,GG,TT,GT,AA,GG,CC,AA,GG,AC,NN,AG,TT,TT,GG,GT,GG,CC,AT,GG,AA,AA,CG,GT,CC,TT,CT,AT,TT,GG,TT,AC,GT,CC,CT,CG,GG,AA,AT,TT,CG,AA,AG,AA,CC,GG,GT,CC,TT,AA,AA,TT,CC,AG,CC,GG,CC,GT,TT,AA,CT,CC,CC,CC,AA,TT,CC,AA,CC,CC,AA,AA,AA,AT,GG,CT,CG,AG,AA,GG,AA,CC,GG,CC,CC,AA,AA,GG,TT,GG,AA,TT,NN,GG,CC,GT,TT,TT,CC,AA,TT,TT,AT,TT,GG,CC,AA,CC,CC,CC,CG,CC,AA,GG,AA,CC,TT,CC,TT,TT,CG,TT,AA,AG,TT,AC,GG,AA,AC,CC,GG,GG,AA,CG,TT,AA,AA,NN,GG,AT,AC,AA,AT,GG,TT,NN,AA,GG,GG,AA,NN,AA,GG,AA,GG,AA,CT,AC,TT,CC,CT,AA,CC,CT,GG,NN,CC,AG,CC,TT,TT,GT,GG,TT,AA,AC,AG,GG,CC,CC,GG,CC,GG,AA,AA,CG,TT,GG,CC,CG,AA,AG,CG,AA,CC,AT,AG,CC,CG,CC,TT,AA,GG,AA,AA,NN,AA,AA,GG,AG,AA,TT,GG,AA,AA,CC,AC,CT,AA,AA,GG,GG,GG,TT,AA,AA,GT,TT,TT,AA,TT,GG,GG,AA,9.57,Susceptible,Low,Standard,Medium
L0872,Warangal,Telangana,Rabi,Black Cotton,Irrigated,410,26.5,60,AA,CT,AG,AG,GG,CC,GT,TT,CC,CG,AA,CC,CG,AT,TT,GG,CG,AT,TT,AA,CC,TT,GT,CC,TT,CC,GT,TT,GT,AA,TT,CC,AA,CC,GG,CG,GG,CG,GG,CC,GT,CT,AA,TT,AA,GG,TT,TT,CC,NN,GT,AT,AA,GG,CC,TT,AA,AA,GT,AA,AA,GT,AT,AA,TT,TT,CC,GG,TT,GT,AA,GG,CC,NN,AG,AA,AT,AG,TT,TT,GG,TT,GT,CC,AA,AG,AA,AA,CG,NN,CC,TT,CT,TT,TT,GG,TT,CC,TT,CC,NN,CC,AG,AA,TT,TT,NN,AA,AG,AA,CC,GG,TT,CG,TT,AA,AA,TT,CC,GG,CC,AG,CC,GT,TT,AA,CC,CC,CC,CC,AA,GT,CC,AA,CC,CC,AA,TT,AG,AT,GG,CC,CC,GG,AA,AA,AA,CC,GG,CC,CC,AA,GG,GG,GT,GG,CC,TT,TT,GG,CC,TT,TT,TT,CC,AA,TT,TT,AT,TT,NN,CC,AG,CC,CC,CC,CG,NN,AA,GG,AG,CC,TT,CC,GT,GT,GG,TT,AA,AA,TT,CC,GG,AA,CC,CG,GG,GG,AA,GG,TT,AC,AA,NN,GG,AA,AC,AA,AA,GG,TT,AT,AT,GG,GT,AA,CC,AT,GT,AA,GG,AA,TT,AC,TT,CC,CT,AA,CC,TT,GG,AG,CG,AG,CC,TT,CT,GG,GG,TT,AA,NN,AG,GG,CC,CG,GG,CC,GG,AT,AA,CC,TT,GG,CC,CC,AA,GG,CC,AT,CC,AA,AA,CC,CG,CC,TT,AA,GG,AA,AA,AA,AA,AG,AA,AA,AA,TT,GG,AA,AA,CC,AA,CT,AA,AA,GG,GG,GG,TT,AA,AG,NN,TT,TT,AG,TT,GG,GG,AA,6.51,Resistant,High,Premium,Medium
L0873,Warangal,Telangana,Rabi,Black Cotton,Irrigated,410,26.5,60,AA,TT,GG,AA,GG,CC,GG,AT,CC,CG,AA,CC,CC,TT,TT,GG,GG,TT,TT,AA,CC,TT,GT,CC,AT,CC,GT,AT,GT,AA,TT,CC,AA,CC,GG,CG,GG,CG,GG,CC,TT,CT,AC,GT,AG,AG,TT,AT,CC,CC,GT,AT,AA,GG,CT,TT,AA,AA,GT,AA,GG,GT,TT,AA,CT,TT,CC,GG,CT,GT,AA,GG,CC,AA,GG,CC,AA,AG,TT,TT,GG,GG,GT,CC,AA,GG,AA,AA,CC,TT,CC,TT,CC,TT,TT,GG,TT,NN,TT,NN,CC,CC,AG,AA,TT,TT,CG,AG,AG,AA,CC,GT,TT,CC,GT,AC,AA,TT,CC,AG,CC,AG,CC,GT,CT,AA,CC,CC,CC,CC,AA,TT,CC,AA,CC,CC,AA,AT,AG,AT,GG,CT,CC,GG,AA,GG,AA,CC,GG,CC,CC,AA,AA,AG,GT,GG,AA,TT,CT,GG,CC,GT,GT,TT,CC,AA,GT,NN,AT,TT,GG,CC,AA,CT,NN,CC,GG,CC,AA,GG,AG,CC,TT,CC,GG,GT,GG,TT,AA,AA,TT,CC,GG,AA,CC,CC,GG,GG,CC,GG,TT,AC,AA,CC,GG,AA,CC,AA,AA,GG,TT,TT,AT,CG,GG,TT,NN,AT,TT,AA,GG,AA,CT,AA,TT,CC,CT,AC,CC,TT,GG,AA,CG,AA,CC,TT,TT,GT,GG,TT,AA,CC,AA,GG,CC,CC,GG,CC,GG,AT,AA,GG,GG,GG,CG,CC,AA,GG,CG,AA,CC,AT,AA,AC,GG,CC,TT,AA,GG,AA,AC,AA,AA,AA,AA,AG,AA,TT,CG,AA,AA,AC,AC,TT,AG,AG,GG,AG,GG,TT,AA,AG,TT,TT,TT,AA,TT,GG,GG,AA,5.71,Moderate,Medium,Standard,Medium
L0874,Warangal,Telangana,Rabi,Black Cotton,Irrigated,410,26.5,60,AC,CT,GG,AA,GG,CG,GT,TT,CC,CG,AT,CC,CC,TT,GT,NN,CG,TT,TT,AA,CG,TT,TT,CC,TT,CC,TT,AT,GG,AA,TT,CC,AA,CC,GG,GG,GG,CG,GG,CC,TT,CC,AA,TT,AG,AG,TT,AT,CC,AC,GG,AA,AG,GG,CT,TT,AA,AC,NN,AA,AA,GT,AT,AA,TT,TT,CC,GG,TT,GG,GG,GG,CC,AA,GG,AC,AT,GG,TT,TT,AG,GG,GG,CC,AA,GG,AA,AA,CG,GT,CC,TT,CT,TT,GT,GG,TT,CC,GT,CC,CC,CG,AG,AA,TT,TT,CC,AA,AG,AC,TT,GG,TT,CC,TT,AA,AA,TT,CG,GG,CC,AG,CC,GT,TT,AA,CC,CC,CC,CC,AG,TT,CC,AA,CC,CT,AA,AT,AG,AA,GG,CC,CC,GG,AG,AA,AA,CC,GG,CC,CC,NN,AG,AG,TT,GG,AA,GT,TT,GG,AC,TT,TT,TT,CC,AT,GT,CT,AA,AT,NN,CC,AG,TT,CC,CC,CG,CC,AA,GG,AG,CC,TT,CG,GT,TT,GG,AT,AA,AG,TT,CC,GG,AA,CC,CC,GG,GG,AA,GG,TT,AA,NN,CC,GG,AA,CC,AA,AT,GT,TT,TT,AT,GG,TT,AA,CC,TT,GT,AA,GG,AA,TT,AA,TT,CC,TT,AA,AC,TT,GG,AG,CC,GG,CC,TT,CT,TT,GG,AT,AA,AA,AG,GG,CC,CG,GG,CC,GG,AA,AA,CG,GT,GG,CC,CC,TT,GG,CC,AA,CG,AA,AA,AC,CG,CC,TT,AA,GG,AA,AC,AA,AA,AG,AA,AA,AA,TT,GG,AC,AG,AA,AA,CT,AG,AG,GG,GG,GG,TT,AA,AA,TT,TT,TT,AG,AA,GG,GG,AA,4.64,Susceptible,Medium,Poor,Late
L0875,Warangal,Telangana,Rabi,Black Cotton,Irrigated,410,26.5,60,CC,TT,GG,GG,CG,CG,GT,TT,CC,CG,AA,CT,GG,TT,TT,GG,GG,TT,TT,AG,CC,TT,GT,CC,TT,CC,GT,TT,GG,AC,TT,CT,AA,CC,GG,GG,GG,CC,NN,CC,TT,TT,AC,TT,AG,GG,TT,AT,CC,AA,GT,AA,GG,GG,CC,TT,AA,AA,GT,AC,AA,TT,TT,AG,NN,TT,CC,GG,TT,GT,AA,GG,CC,AA,GG,AC,AT,GG,TT,TT,GG,GG,NN,CC,TT,GG,AA,AA,CC,TT,CC,TT,TT,AT,TT,GG,TT,CC,GT,CC,CT,CC,AG,AA,TT,TT,CC,AA,AG,AA,TT,GG,TT,CC,TT,AA,AC,TT,CC,GG,CC,GG,NN,GG,TT,AA,CC,CC,CC,CC,AA,GT,CC,AA,CC,CC,AA,AT,AA,AT,GG,CT,CC,GG,AA,AG,AA,CC,GG,CC,CC,AA,AA,GG,TT,GG,AC,TT,TT,GG,CC,TT,TT,TT,CC,AT,GT,TT,AA,TT,CG,CG,AG,CT,AA,CC,CG,AC,AA,GG,AG,CC,TT,CC,TT,GT,CG,AT,AA,NN,TT,CC,GG,AC,CC,CC,NN,GG,AC,CG,TT,AA,AA,CG,GG,AA,CC,AT,AT,GG,TT,TT,AA,CG,TT,AA,CC,NN,TT,AA,GG,AA,CT,AC,TT,CC,CT,AA,NN,TT,GG,GG,CC,AG,CC,AT,TT,GT,GG,TT,AA,CC,AA,GG,CC,CC,CG,CC,GG,AT,AA,CC,TT,GG,CC,CG,AA,NN,CG,AA,CC,AA,AA,AC,CG,CC,AT,AA,GG,AA,AA,AA,AA,AG,AA,AA,AA,TT,GG,AC,AA,AC,AC,TT,AA,AA,GG,GG,CG,TT,AA,AG,TT,TT,TT,AG,AT,GG,GG,AA,7.06,Moderate,Medium,Premium,Early
L0876,Warangal,Telangana,Rabi,Black Cotton,Irrigated,410,26.5,60,AA,CT,GG,AA,GG,CC,GT,TT,CC,CG,AA,CC,GG,TT,TT,GG,CG,AT,TT,AA,CC,GG,GT,CT,TT,CC,TT,TT,GT,AA,TT,CT,AA,CC,GG,GG,GG,CG,GG,CC,TT,TT,AA,TT,AG,GG,TT,TT,CC,CC,GG,AT,AA,GG,CC,TT,AA,AA,GG,AA,AG,TT,AT,AG,TT,TT,CC,GG,CT,GT,NN,GT,CC,AA,GG,AC,AA,GG,GT,TT,GG,GT,GT,CC,AA,GG,AG,AT,CC,GT,CC,TT,TT,TT,TT,GG,TT,CC,TT,CC,CT,CG,AG,AA,TT,TT,CC,GG,GG,AA,TT,GG,TT,CC,TT,AA,AA,TT,CG,GG,CC,AG,CC,GG,CT,NN,NN,CC,CC,CC,AA,TT,CC,AA,CC,CC,AA,TT,AA,AA,GG,CC,CC,GG,AA,GG,AA,CC,GT,CC,CC,AA,AA,GG,TT,AG,AA,TT,TT,AG,CC,TT,TT,TT,CC,AT,TT,TT,AA,TT,GG,CC,GG,CC,CC,CC,CG,CC,AA,GG,AG,CC,TT,CC,TT,TT,GG,TT,AA,AA,TT,AC,GG,AA,AC,CC,GG,GG,AA,GG,TT,AA,AA,CC,GG,AA,AC,AA,AA,GT,GT,TT,AA,CG,TT,AT,CC,TT,TT,NN,GG,AA,TT,AA,TT,CC,TT,AC,CC,CT,CG,AG,CC,NN,CC,TT,CT,TT,GG,TT,AA,AA,AA,GG,CC,CC,GG,CC,GG,TT,AG,CC,GT,GG,CC,CC,NN,GG,CC,AT,CC,AA,AA,AC,CG,AC,TT,AA,GG,AA,AA,AA,AA,AG,AG,AA,AA,TT,GG,AC,AA,AC,AA,CT,AA,AA,GG,GG,GG,GT,AA,AA,TT,TT,TT,GG,AT,GG,GG,AA,5.67,Moderate,Low,Premium,Early
L0877,Warangal,Telangana,Rabi,Black Cotton,Irrigated,410,26.5,60,AC,TT,AG,AA,GG,CG,GT,TT,CC,GG,NN,CC,CC,AT,TT,NN,CG,TT,TT,AA,CC,GT,TT,CC,TT,CC,TT,TT,GT,AA,TT,CT,AA,CC,NN,GG,GG,CG,GG,CC,TT,TT,AA,TT,AA,GG,TT,AT,CC,AC,GG,AA,AG,GG,CC,TT,AT,AA,GT,AA,AA,TT,AT,AA,TT,TT,CC,GG,TT,GG,AA,GG,CC,AA,NN,AC,AT,GG,NN,TT,GG,GT,GT,NN,AA,GG,AA,AA,CC,GT,CC,TT,CC,TT,TT,GG,CT,NN,TT,CC,CT,CG,GG,AA,AT,TT,CC,AG,AA,AA,TT,GG,TT,CG,GT,AA,AA,TT,CC,GG,CC,AG,CC,GT,TT,AA,CT,CC,CC,CG,AA,TT,CC,AA,CC,CC,AA,AT,AA,NN,GG,CT,CC,GG,AA,AA,AA,CC,GG,NN,CC,AA,AG,GG,TT,AG,AC,GT,TT,AG,AA,TT,GT,CT,CC,AT,GT,TT,AT,TT,GG,CC,AG,CT,AC,CC,GG,CC,AT,GG,AA,CC,TT,CC,GT,GT,GG,AT,AA,AA,TT,AC,GG,AA,AC,CC,GG,GG,AC,GG,TT,AA,AG,CC,GG,AT,CC,AA,AT,GT,GG,TT,AA,GG,GT,AT,CC,TT,GG,AA,GG,AA,TT,AA,TT,CG,TT,AA,CC,TT,GG,AA,CG,AA,CC,TT,CT,TT,GG,TT,AA,CC,GG,GG,CC,CC,GG,CG,GG,AT,AA,CC,NN,GG,CC,CC,AT,AG,GG,AT,CC,AA,AG,AA,NN,AC,AT,AA,GG,AA,AA,AA,AA,AG,AA,AA,AA,TT,GG,AA,AA,CC,AA,TT,AA,AA,GG,GG,GG,TT,AA,AA,TT,TT,TT,AG,TT,GG,GG,AA,4.91,Susceptible,High,Standard,Early
L0878,Warangal,Telangana,Rabi,Black Cotton,Irrigated,410,26.5,60,AC,TT,GG,NN,GG,CC,GT,TT,CC,CC,AA,CT,CC,TT,TT,GG,GG,TT,TT,AG,CC,GT,GG,CC,TT,CC,TT,TT,GG,AA,CT,CT,AA,AC,GG,GG,GG,CC,GG,CC,NN,CC,AC,TT,AG,GG,TT,TT,CC,CC,GG,AA,AA,GG,CC,GT,AA,AC,GT,AC,AA,TT,AT,AA,TT,TT,CC,GG,TT,GG,AA,GG,CC,AA,GG,AA,AA,GG,TT,TT,GG,GT,TT,CC,AA,AG,AA,AA,CC,NN,CC,TT,CT,TT,TT,GG,TT,CC,GT,CC,CC,CG,AG,AA,AT,TT,CC,AA,AG,AA,CT,GG,TT,CC,NN,AA,AA,TT,CC,AG,NN,GG,CC,GG,TT,AA,CT,CC,CC,CG,AA,NN,CC,AA,CC,CC,AA,AT,AA,AA,GG,CC,CC,GG,AA,AG,AA,CC,GT,CC,CC,AA,NN,GG,TT,GG,AC,TT,CT,GG,CC,TT,GT,TT,CC,AT,TT,CT,AA,AT,GG,NN,AA,TT,CC,CC,GG,CC,AA,GG,AA,CC,TT,NN,GT,GT,GG,TT,NN,AA,TT,CC,GG,AA,CC,CC,GG,GG,AA,GG,TT,CC,AG,CG,GG,AA,CC,AT,AT,GT,TT,TT,AA,CG,GT,AA,CC,TT,TT,AA,GG,AA,TT,AA,TT,CC,NN,AA,AC,CC,GG,AG,CC,GG,CC,TT,TT,TT,GG,TT,AA,AC,AG,GG,CC,CC,GG,CC,GG,AA,AA,CC,TT,GG,CC,CC,AA,GG,CC,TT,CG,AA,AA,AC,CC,NN,TT,AA,GG,AA,AA,NN,AA,GG,GG,AA,AA,TT,GG,AA,AG,CC,AA,CT,AA,AA,GG,GG,GG,NN,AT,AA,TT,TT,TT,AG,TT,GG,CG,AA,6.0,Susceptible,High,Premium,Early
L0879,Warangal,Telangana,Rabi,Black Cotton,Irrigated,410,26.5,60,AC,TT,GG,GG,GG,CC,GG,AT,CC,GG,AA,CT,CC,AT,TT,GT,CG,TT,TT,AA,CC,GT,GT,CT,TT,CC,GT,TT,NN,NN,CT,CC,AA,CC,GG,GG,GG,CC,GG,CC,TT,TT,AA,TT,AG,GG,TT,AT,CC,CC,GG,AA,AA,GG,CC,GT,AT,AA,GT,AC,AA,TT,TT,AA,CT,AT,CC,GG,TT,GG,AA,GG,CC,AA,GG,AC,AA,GG,TT,TT,GG,GG,GT,CC,AA,GG,AA,AA,CC,GT,CC,TT,CT,TT,GT,AA,TT,CC,TT,CC,CC,CC,GG,AA,AT,TT,CC,AA,AA,AA,CC,GG,TT,CG,TT,AA,AC,TT,CG,GG,CG,GG,CC,GG,CT,AA,CT,CC,CC,CC,AA,TT,CC,AA,CC,CC,AA,AT,AA,AA,GG,CC,CC,GG,AA,GG,AA,CC,GG,CC,CC,AA,AA,AG,TT,GG,AA,GT,CT,GG,CC,TT,GT,TT,CG,AA,TT,CT,AA,TT,GG,CG,AA,CC,CC,CC,CG,CC,AA,GG,AA,CC,GT,CC,GG,GT,GG,TT,AA,AG,TT,CC,GG,AA,AC,CC,GG,GG,AC,GG,TT,AA,AA,CC,GG,AA,CC,AA,AA,GT,TT,AT,AA,GG,GG,AT,CC,TT,TT,AA,GG,AA,CC,AA,TT,CG,TT,AC,AC,TT,CC,AA,CG,AG,CC,TT,CT,GT,GG,TT,AA,AC,AA,GG,CC,CG,GG,CG,GG,AT,AA,CC,TT,GG,CC,CG,AA,GG,CC,AA,CC,AA,AA,AC,GG,AC,TT,AA,GG,AA,AC,AC,AA,AA,GG,AA,AA,AT,GG,AA,AG,AC,AA,TT,AA,AA,GG,GG,GG,TT,AA,AA,GT,TT,TT,AG,TT,CG,GG,AC,9.87,Resistant,Medium,Premium,Late
L0880,Warangal,Telangana,Rabi,Black Cotton,Irrigated,410,26.5,60,AC,TT,AG,AA,GG,CC,GT,TT,CC,CG,AA,CC,CC,TT,GT,GG,CG,TT,TT,AG,CC,TT,TT,CC,TT,CC,TT,AT,GG,AA,TT,CC,AA,CC,GG,GG,GG,CC,GG,CC,TT,CT,AC,TT,AG,AG,CT,TT,NN,AC,GT,AA,AA,GG,CC,TT,AT,AA,TT,AC,GG,TT,AT,AG,TT,TT,CC,GG,TT,GG,AA,GG,CC,AA,GG,CC,TT,GG,TT,TT,GG,GT,GG,CC,AA,GG,AA,AA,CG,TT,CC,TT,TT,AT,TT,GG,TT,CC,GT,CC,CT,CC,AG,AA,AT,TT,CG,AA,GG,AA,CC,GG,TT,CG,TT,AC,AA,TT,CG,GG,CC,GG,CC,GT,TT,AA,CC,CG,CC,CC,AA,GT,AC,AA,CC,CC,AA,TT,AA,AA,GG,CC,CC,GG,AA,AG,AA,CC,GG,CG,CC,AG,AG,GG,GT,AA,CC,TT,CC,GG,CC,TT,GT,CT,CC,AA,TT,TT,AT,TT,GG,CC,AG,CC,CC,CC,GG,CC,AA,GG,GG,CC,TT,CC,GG,GT,CG,AT,AG,AA,TT,CC,CG,AC,CC,CC,GG,AG,AC,GG,TT,AC,AA,CC,NN,AA,AC,AA,AT,GG,TT,TT,AT,GG,GT,AT,CC,AT,TT,AT,GG,AA,CT,AA,TT,CC,CT,AA,CC,TT,GG,GG,CC,AA,AC,TT,CC,TT,GG,TT,AC,CC,AA,GT,NN,CC,GG,CC,GG,AT,AA,CC,TT,GG,CC,CC,AT,AG,CC,AA,CC,AA,AA,AC,CC,CC,TT,AA,GG,AA,AC,AA,NN,GG,AA,AG,AA,TT,GG,AA,AG,AA,CC,CT,AG,AA,CG,GG,GG,GT,AA,AA,TT,TT,TT,AA,TT,GG,GG,AA,7.32,Moderate,Low,Premium,Medium
L0881,Warangal,Telangana,Rabi,Black Cotton,Irrigated,410,26.5,60,AC,TT,GG,AA,GG,CG,GG,TT,CC,CC,AA,CT,CC,TT,TT,GG,GG,TT,TT,AA,CC,GT,TT,CC,TT,CC,TT,AT,GG,AA,TT,TT,AA,CC,GG,CC,GG,CC,GT,CC,TT,TT,AA,TT,AG,AG,CT,AT,CC,CC,GT,AA,AA,GG,CT,GT,AT,AC,GT,AA,AG,GT,TT,AA,CT,TT,CT,GG,TT,GG,AA,GG,NN,AA,GG,CC,AT,GG,TT,TT,GG,GT,GG,CC,AT,AG,AA,AA,CC,NN,CC,TT,TT,TT,TT,GG,TT,CC,TT,CT,TT,CC,GG,AA,TT,TT,CC,AA,GG,AA,CT,GG,GT,CC,TT,AA,AA,TT,CC,AG,CG,GG,CC,GG,CT,AA,CC,CC,AA,CC,AA,GT,CC,AA,CC,CT,AA,AT,AA,AA,GG,CT,CC,GG,AA,AG,AA,CC,GG,CC,CC,AA,AA,AG,GT,AG,AC,TT,CC,GG,AC,TT,TT,TT,CC,AA,NN,CT,TT,AT,CG,CG,AA,CC,CC,CC,GG,CC,AA,GG,GG,CC,TT,CC,GT,GT,CG,AT,AA,AA,TT,AC,GG,AA,AC,CC,GG,GG,AC,GG,TT,AA,AA,CC,GG,AT,CC,AA,AA,GG,TT,AT,TT,GG,GG,AA,CC,TT,TT,AA,GG,AA,TT,AA,TT,CC,CT,AA,CC,TT,GG,NN,CC,GG,CC,TT,CT,GT,GG,AT,AA,AC,AA,GG,CC,CC,GG,CC,GG,NN,AA,CC,TT,GG,CC,CG,AA,GG,CC,AA,CC,AA,AA,CC,GG,AC,TT,AA,CG,AA,AC,AC,AC,GG,NN,AA,AA,TT,CG,AC,AA,AC,AA,CT,AA,AA,GG,AG,GG,TT,AA,AG,TT,TT,TT,AG,TT,GG,CG,AA,7.97,Moderate,Low,Poor,Early
L0882,Warangal,Telangana,Rabi,Black Cotton,Irrigated,410,26.5,60,AC,CT,AG,GG,GG,CG,GG,TT,CC,CC,NN,CC,CG,AA,TT,GT,CG,TT,TT,AA,CC,TT,TT,CT,TT,CC,TT,AT,GG,AA,TT,CC,AA,CC,GG,CG,GG,CC,GG,CC,TT,CT,AA,TT,AA,AG,CT,AT,CC,AA,GG,AT,AA,GG,CC,TT,AA,CC,GT,CC,AA,TT,TT,AG,TT,AT,CC,GG,CT,GT,AA,GG,CC,AA,GG,AA,AT,GG,TT,TT,GG,GG,TT,CC,AA,GG,AG,AA,CC,GT,CC,TT,CT,AT,GT,GG,TT,CC,TT,CC,CC,CC,AG,AA,TT,TT,CC,AG,AG,AA,CC,GG,TT,CC,GT,AA,AA,TT,CC,GG,CC,GG,NN,GT,TT,AA,CC,CC,CC,CC,NN,TT,CC,AA,CC,CC,AA,TT,AA,AA,GG,CC,CC,GG,AA,AA,AA,CC,GG,CC,CC,AA,AA,GG,TT,GG,AC,TT,CT,AA,AC,TT,TT,TT,CC,AA,TT,TT,AA,TT,GG,CG,AG,CC,CC,CC,CG,CC,AA,GG,GG,CC,TT,CC,TT,GG,GG,AA,AA,AA,TT,AC,GG,AA,CC,CC,GG,AG,AA,GG,TT,AA,AA,CC,GT,AA,CC,AA,AT,GG,TT,TT,AA,GG,GG,TT,CC,AT,TT,AA,GG,AA,TT,AA,TT,CC,TT,AA,CC,CT,GG,AG,CG,AG,CC,TT,CT,TT,GG,TT,AA,AA,AG,GG,CC,CC,GG,NN,GG,TT,AG,CC,GT,GG,CC,CC,AT,GG,CC,AT,CG,AT,AA,CC,CG,AA,AT,AA,GG,AA,AA,AA,AA,AG,AG,AA,AA,AA,GG,AC,AA,AA,AA,TT,AA,AG,GG,GG,GG,TT,AT,AA,TT,TT,TT,AG,TT,GG,GG,AA,7.64,Moderate,Low,Poor,Late
L0883,Warangal,Telangana,Rabi,Black Cotton,Irrigated,410,26.5,60,AC,TT,GG,AG,GG,CC,GG,AT,CC,CC,AT,TT,CC,TT,TT,GG,GG,TT,TT,AG,CG,TT,TT,CC,TT,CC,TT,AT,GG,AA,TT,CC,AA,CC,GG,CG,NN,CC,GG,NN,TT,CT,AA,TT,AA,AG,TT,TT,CC,NN,GG,AA,AA,CG,CT,GT,AA,AA,GG,AA,AA,TT,TT,AA,TT,TT,CC,GG,TT,GG,AG,GT,CC,AA,AG,AA,AA,GG,TT,TT,GG,TT,GT,CC,AT,GG,AA,AA,CC,GT,CC,TT,CT,TT,TT,GG,TT,CC,TT,CC,CC,CG,AA,AA,TT,TT,CC,AA,AG,AA,CT,GG,TT,CG,TT,AA,AA,TT,CC,GG,CC,GG,CC,GG,CT,AA,CC,CC,CC,CC,AA,TT,CC,AA,CC,CC,AA,TT,AA,AA,GG,CC,CC,GG,AA,AG,AA,NN,GG,CC,CC,AG,GG,GG,GT,GG,AA,TT,TT,GG,CC,GT,TT,TT,CC,AA,TT,TT,AA,AT,GG,CC,AG,CC,AC,NN,GG,AC,AA,GG,AG,CC,TT,GG,GT,TT,CG,AA,NN,AA,TT,CC,GG,AA,CC,CC,GG,GG,AA,GG,TT,AC,AA,CC,GG,AT,AC,AT,AA,GT,TT,TT,AT,GG,GG,AA,CC,AT,GT,AA,GG,AA,CT,AA,TT,CC,TT,AA,AC,TT,GG,AG,CG,AG,CC,AT,CT,TT,GG,TT,AA,AC,AA,GG,CC,CC,GG,CC,GG,NN,AA,CG,TT,GG,CC,CC,NN,AG,CC,AT,CC,AA,AA,AA,CC,CC,TT,AA,CG,AA,AA,AA,AA,AG,AG,AA,AA,AT,GG,AA,AG,CC,AA,TT,AA,AA,GG,GG,GG,GT,AA,AG,GT,TT,TT,AG,TT,GG,GG,AC,7.29,Resistant,Low,Standard,Early
L0884,Warangal,Telangana,Rabi,Black Cotton,Irrigated,410,26.5,60,AA,CT,GG,AG,CG,CC,GT,TT,CC,CG,AA,CT,CC,TT,TT,GG,CG,TT,TT,AA,CC,TT,TT,CT,TT,CC,TT,TT,GG,AC,TT,CC,AA,CC,GG,CG,GG,CC,GG,CC,TT,TT,AA,TT,AG,GG,TT,TT,CC,AC,GG,AT,AA,GG,TT,TT,AA,AC,GG,AA,AA,TT,TT,AG,TT,TT,CC,GG,TT,GT,AG,GG,CC,AA,GG,AA,AA,GG,TT,TT,GG,GG,GG,CC,AA,GG,AA,AA,CC,GT,AC,TT,CC,TT,TT,AG,TT,CC,TT,CC,CC,CC,AG,AA,AT,TT,CC,AA,AG,AA,CC,GG,TT,CC,GT,AA,AC,TT,CG,AA,CC,GG,CC,GG,CT,AA,CC,CC,CC,CC,AA,TT,CC,AA,CC,CC,AG,TT,AA,AA,GG,CC,CC,GG,AA,AG,AA,CC,GG,CC,CC,AA,AA,GG,TT,GG,AA,NN,TT,GG,CC,TT,TT,TT,CC,AT,TT,CT,AA,TT,CG,CC,AA,CC,CC,CC,GG,CC,AA,GG,AA,CC,TT,CG,TT,TT,CG,TT,AG,AA,TT,CC,CG,AC,CC,CC,GG,GG,AA,NN,TT,AA,AG,CC,GG,AT,AC,AA,TT,GG,TT,AT,AT,CG,TT,NN,CC,TT,GT,AA,GG,AA,TT,NN,TT,CC,TT,AC,CC,TT,CG,AG,CC,AG,CC,TT,TT,TT,GG,TT,AC,CC,AG,GG,CC,CG,GG,CC,GG,TT,AA,CG,GT,GG,CC,CC,AA,GG,CC,AA,CG,AA,AA,AC,CC,AC,TT,AA,GG,AA,AA,AA,AA,GG,AG,AA,AA,AT,CG,AA,AG,AC,AC,TT,AA,AA,GG,GG,GG,TT,AT,AA,TT,TT,TT,AG,TT,GG,CG,AA,7.24,Susceptible,Low,Premium,Medium
L0885,Warangal,Telangana,Rabi,Black Cotton,Irrigated,410,26.5,60,CC,TT,GG,AG,CG,CC,GG,TT,CC,CG,AA,CC,CC,TT,TT,GG,GG,TT,TT,AA,CG,TT,GT,CT,TT,CC,TT,TT,GG,AA,TT,CC,AA,AC,GG,GG,GG,CC,GG,CC,TT,TT,AA,TT,NN,GG,TT,TT,CC,CC,GG,AA,AA,GG,CC,GG,AA,AA,TT,NN,AG,TT,TT,AG,TT,AT,CC,GG,TT,GT,AA,GG,CC,AA,GG,CC,AT,GG,TT,TT,GG,GG,GG,CC,AT,GG,AA,AT,NN,TT,CC,TT,TT,TT,TT,GG,TT,CC,GT,CC,CC,CC,GG,AA,TT,TT,CG,AA,AA,AA,CC,GG,TT,CC,TT,AA,AA,TT,CC,GG,CC,GG,CC,GT,TT,AA,CC,CC,CC,CC,AA,TT,CC,AA,CC,CC,AA,TT,AA,AA,GG,CC,CC,GG,NN,AA,AA,CC,GG,CC,CC,AA,AA,GG,GG,GG,AA,TT,TT,AG,CC,GT,GT,TT,CG,AT,TT,TT,AT,AT,GG,CC,AA,CC,AC,CC,GG,CC,AT,GG,AA,CC,TT,CG,GG,GG,CG,AT,AA,AA,TT,AC,GG,AA,CC,CC,GG,GG,AA,GG,TT,AC,AG,CC,GG,AT,AA,AA,AA,GT,TT,AT,AA,GG,TT,AA,CG,TT,TT,AA,GG,AA,TT,AA,TT,CG,TT,NN,CC,TT,GG,AA,CC,AG,AC,TT,TT,TT,GG,AT,AA,AC,AG,GT,CC,CG,GG,CC,GG,AT,AA,CC,TT,GG,CG,CC,AA,GG,CC,AA,CC,AA,AA,CC,CC,CC,TT,AA,GG,AA,AA,AC,AA,AG,AG,AG,AA,AT,GG,AC,AG,AA,AA,TT,AA,AA,GG,AG,GG,TT,AT,AA,TT,TT,TT,AA,AT,GG,GG,AA,7.34,Moderate,Low,Premium,Medium
L0886,Warangal,Telangana,Rabi,Black Cotton,Irrigated,410,26.5,60,AA,NN,GG,AG,GG,CC,GG,AT,CC,CG,AA,CC,CG,TT,GT,GG,GG,TT,TT,AA,CC,TT,GT,CC,AT,CT,GT,TT,GG,AA,TT,CC,AA,CC,GG,GG,GT,CG,GG,CC,TT,TT,AC,TT,AA,GG,TT,TT,CC,CC,GT,AA,AA,GG,CC,GT,AA,AA,TT,AA,AA,TT,AA,AA,NN,TT,CC,GG,TT,GG,AA,GG,CC,AA,GG,CC,AA,GG,GT,TT,GG,GG,GG,CC,AT,GG,NN,AA,CG,TT,CC,TT,CT,TT,GT,GG,TT,AC,GT,CC,CC,CG,GG,AA,AT,GT,CC,AA,AG,AA,CT,GG,TT,CC,TT,AC,AA,AT,CC,AA,CC,GG,CC,GT,TT,AA,CC,CC,CC,CC,AA,TT,CC,AA,CC,CC,AA,TT,AA,AA,GG,CC,CC,GG,AA,AA,AT,CC,GG,CC,CC,AA,AA,GG,TT,AG,AC,GT,CT,AG,CC,TT,TT,TT,CC,AA,TT,TT,AA,AT,GG,CC,AA,CT,CC,CC,GG,CC,NN,GG,AA,CC,TT,CG,GT,TT,GG,AT,AG,AG,TT,CC,GG,AC,CC,CC,GG,GG,AC,CG,CT,AC,AA,NN,GT,AA,CC,AA,AA,GT,TT,AT,AT,CG,GT,AA,CC,TT,GT,AA,GG,AA,TT,AC,AT,CC,TT,AC,CC,CT,GG,GG,CG,GG,CC,TT,CT,TT,GG,TT,AA,CC,AA,GG,CC,CC,GG,CC,GG,TT,NN,CG,GT,GG,CC,CC,AA,GG,CC,TT,CC,AA,AG,AC,CG,AC,AT,AA,GG,AA,AC,AC,AC,AG,AG,AA,AA,TT,GG,AC,GG,NN,AC,CT,AA,AA,GG,GG,GG,TT,AA,AG,GT,TT,AT,AA,AT,GG,CG,AA,6.25,Susceptible,Medium,Premium,Medium
L0887,Warangal,Telangana,Rabi,Black Cotton,Irrigated,410,26.5,60,AC,CT,AG,AG,GG,CC,GG,TT,CC,CG,AA,CC,CC,TT,GT,NN,CG,TT,TT,AG,CG,TT,TT,CC,TT,CC,TT,TT,GG,AA,TT,CC,AG,CC,GG,GG,GG,GG,GG,CC,NN,TT,AA,TT,GG,AG,TT,AA,CC,AC,GG,AT,AA,GG,TT,GT,AA,AA,GT,AA,AA,TT,TT,AA,TT,TT,CC,GG,TT,GG,AA,GG,CC,AA,GG,AC,AA,GG,TT,TT,GG,GG,GG,CC,AA,GG,AA,AA,CC,TT,CC,TT,CC,TT,TT,AG,TT,AC,GT,CC,CC,CG,AG,AA,TT,TT,CG,AA,AA,AA,CT,GG,TT,CC,GT,AC,AA,TT,CC,AG,CC,GG,CC,GG,TT,AA,CC,CC,AC,CC,AA,TT,AC,AA,CC,CC,AA,TT,AA,AT,CG,CT,CC,GG,AG,GG,AA,CC,GT,CC,CC,AA,AG,GG,TT,GG,AA,TT,TT,GG,CC,GG,TT,TT,CC,AA,TT,TT,AA,AT,CG,CC,AA,CT,CC,CC,GG,CC,AA,GG,AA,CC,TT,CC,TT,GT,GG,AT,AA,AG,TT,CC,GG,AC,CC,CC,GG,GG,AA,GG,TT,AA,AA,CC,GG,AA,CC,AA,AT,GG,TT,AT,AT,GG,GT,AA,CC,AT,TT,AA,GG,AA,TT,AA,TT,CC,TT,AC,CC,TT,CG,AG,CC,AG,CC,TT,TT,GG,GG,TT,AC,CC,AA,GT,CC,CC,GG,CG,GG,TT,AA,CC,GT,GG,CC,CC,AT,GG,CC,AA,CC,AT,AA,CC,CG,CC,TT,AA,CG,AA,AA,CC,AA,GG,AA,AG,AA,NN,GG,AC,AG,AA,AA,TT,AG,AA,GG,GG,GG,TT,AA,AG,TT,TT,TT,AG,AT,GG,GG,AA,8.11,Susceptible,Medium,Standard,Late
L0888,Warangal,Telangana,Rabi,Black Cotton,Irrigated,410,26.5,60,AA,TT,AG,AA,GG,CC,GG,TT,CC,CC,AA,CC,CC,AT,TT,GG,GG,TT,TT,GG,CG,TT,GT,CC,TT,CC,TT,AT,GG,AA,CT,CC,AA,CC,GG,CG,GG,CC,GG,CC,TT,CT,AC,TT,AG,AG,TT,AT,CC,AC,GG,AA,AA,GG,CC,GT,AA,AC,TT,AC,AG,TT,AA,AA,CT,TT,CC,GG,TT,TT,AA,GG,CC,AA,AG,AC,AT,GG,TT,TT,AG,GG,GG,CC,AA,AG,AA,AA,CC,TT,CC,TT,CC,TT,GT,GG,TT,CC,TT,CC,CC,CG,AG,AA,TT,TT,CG,AA,AA,AA,CT,GG,TT,CC,GT,AA,AC,TT,CC,AG,CG,GG,CT,GG,TT,AA,CC,CC,AC,CC,AA,TT,CC,AA,CC,CC,AA,TT,AA,AT,GG,CC,CC,GG,AA,GG,AA,CC,GG,CC,CG,AA,AG,AG,TT,GG,AC,TT,CT,GG,AC,GG,GT,CT,CC,AT,GT,CT,AA,AT,CG,CC,AG,CC,CC,CC,CG,CC,AA,GG,AG,CC,TT,CC,GG,TT,CG,AT,AA,AG,TT,AC,GG,AA,CC,CC,GG,GG,AA,GG,TT,AA,AA,CC,GG,AA,CC,AA,AT,GT,TT,TT,AT,GG,GG,NN,CC,TT,GT,AA,GG,AA,TT,AA,TT,NN,CT,AC,CC,TT,GG,AA,CG,GG,CC,TT,CT,NN,GG,TT,AA,AC,AA,GG,CC,CG,NN,CC,GG,AT,AA,CC,TT,GG,CC,CG,AA,AG,CC,AA,CC,AA,AA,NN,CG,AA,TT,AA,GG,AA,AA,AA,AA,GG,AG,AA,AA,TT,GG,AC,AG,AA,AA,CT,AA,AA,GG,GG,GG,GT,AA,AA,TT,TT,TT,AA,AA,GG,CG,AA,7.53,Susceptible,Low,Poor,Early
L0889,Warangal,Telangana,Rabi,Black Cotton,Irrigated,410,26.5,60,AA,TT,AA,AG,GG,CC,GG,AT,CC,CC,AA,CC,CG,TT,GT,GG,NN,TT,TT,AA,CG,TT,GT,CC,TT,CC,TT,AT,GG,AA,TT,CC,AA,CC,GG,GG,GG,CG,GG,CC,TT,CT,AA,TT,AA,AG,TT,AT,CG,NN,GG,AT,AA,GG,CC,GT,AA,AA,GG,AA,AA,TT,TT,AA,TT,TT,CC,GG,TT,GG,AA,GG,CC,AA,AG,AA,AT,GG,TT,TT,AG,GT,GT,CC,AA,GG,AG,AA,CG,GT,CC,TT,CC,AT,TT,GG,TT,AC,TT,CT,NN,CG,AA,AG,AT,TT,CC,AA,AA,CC,CT,GG,TT,CC,GT,AC,AA,TT,CC,NN,CC,GG,CC,TT,CT,AA,CC,CC,CC,CC,AA,TT,CC,AA,CC,CC,AA,TT,AA,AA,GG,CC,CC,GG,AA,AA,AA,AC,GT,CC,CC,AG,AA,GG,GT,GG,AA,TT,TT,GG,CC,TT,TT,TT,CC,AA,TT,TT,AA,TT,GG,CC,NN,CT,CC,CC,GG,CC,AA,GG,AG,CC,TT,CG,GT,GT,GG,AT,AA,AG,TT,AC,GG,AA,CC,CC,GG,GG,AC,GG,TT,AC,AA,CC,GG,AA,CC,AA,AT,GT,TT,TT,AT,NN,GT,AA,CG,AA,GT,AA,GG,AA,TT,CC,AT,CC,TT,AA,CC,TT,GG,AG,CC,GG,CC,TT,TT,GT,GG,TT,AA,CC,AG,GG,CC,CC,GG,CC,GG,AA,AA,CC,TT,GG,CC,CC,AA,GG,CC,AA,CC,AA,AG,AC,CC,AC,TT,AA,GG,AA,AA,AC,AA,AA,AG,AA,AA,AT,GG,AC,GG,CC,AA,CT,AG,AA,GG,GG,GG,TT,AA,AG,TT,TT,TT,AG,TT,GG,GG,AA,11.48,Susceptible,Low,Standard,Late
L0890,Warangal,Telangana,Rabi,Black Cotton,Irrigated,410,26.5,60,AA,CT,GG,AG,GG,CC,GT,AT,CC,GG,AA,CC,CG,AT,GT,GG,GG,TT,TT,AA,CC,TT,GT,CC,TT,CT,TT,AT,TT,AA,TT,CC,AA,CC,GG,GG,GG,CC,GG,CC,TT,TT,AA,TT,AA,GG,CT,AT,NN,CC,GG,AA,AA,GG,CC,TT,AA,AC,GT,AA,AA,TT,AT,AA,TT,AT,CC,GG,TT,GT,AA,GG,CC,AA,GG,AC,AA,GG,TT,TT,GG,GG,GG,CC,AA,GG,AA,AT,CC,TT,CC,TT,CT,TT,TT,GG,TT,CC,GT,CC,CC,CC,AA,AA,TT,TT,CG,AA,AG,AA,CC,GG,GT,CC,TT,AA,AA,TT,CC,AA,CC,GG,CC,GG,TT,AA,CT,CC,CC,CC,AA,TT,CC,AA,CC,CC,AA,TT,AA,AA,CG,CC,CC,GG,AA,AA,AA,CC,GT,CC,CC,AA,AA,GG,TT,AG,AC,GT,CT,GG,AA,TT,TT,CT,CC,AA,TT,TT,AA,TT,GG,CC,AA,CC,CC,CC,GG,AC,AA,GG,AG,CC,TT,CC,NN,TT,CG,AT,AA,AA,TT,AA,CG,AA,CC,CC,GG,GG,CC,GG,TT,AC,AG,CC,GG,AA,CC,AA,AT,GG,TT,TT,AA,GG,GT,AT,CG,AT,TT,AA,GG,AA,TT,AA,TT,CC,TT,AA,AC,TT,GG,AA,CC,GG,AC,TT,CT,TT,GG,TT,AA,AC,AG,GG,CC,CG,NN,CC,GG,AT,AG,CC,GT,GG,CC,NN,AA,GG,CG,AA,CC,AA,NN,CC,CG,AC,TT,AG,GG,AA,AC,AC,AA,AG,AA,AA,AA,TT,GG,AA,AG,AA,AA,CT,AA,AA,GG,AG,GG,TT,AT,AG,TT,NN,TT,AG,AT,GG,CG,AA,5.41,Moderate,Low,Standard,Medium
L0891,Warangal,Telangana,Rabi,Black Cotton,Irrigated,410,26.5,60,AC,CT,AG,GG,GG,CC,GG,AT,CC,GG,AA,CT,CC,TT,TT,TT,GG,TT,TT,AA,CC,TT,GG,CT,TT,CC,TT,TT,GG,AA,TT,CC,AA,AC,GG,CG,GG,CG,GG,CC,GT,TT,AA,TT,AA,AA,TT,TT,CC,AC,GG,AA,AG,GG,CC,GT,AA,AA,GG,CC,AA,GT,TT,AA,TT,TT,CC,GG,TT,GG,NN,GG,AC,AA,AG,AA,AT,AG,TT,TT,GG,GT,GG,AC,AA,GG,AA,AT,CC,TT,AC,TT,CC,AT,GT,GG,CT,AC,GT,CC,CC,CG,AG,AA,TT,TT,CC,AA,AG,AA,CT,GG,TT,CG,GG,AC,AA,TT,CG,GG,CG,GG,CC,GT,TT,AA,CC,CC,CC,CC,AA,TT,AC,AA,NN,CC,AA,TT,AA,AA,GG,CC,CC,GG,AA,AA,AA,CC,GG,CC,CC,AG,AA,GG,TT,GG,AA,TT,CT,GG,CC,TT,NN,CT,CG,AA,TT,TT,AA,TT,GG,CC,AA,CC,CC,CC,GG,CC,AA,GG,AA,CC,TT,CG,GG,TT,GG,TT,AA,AA,TT,CC,GG,AA,CC,CC,GG,GG,AC,CG,TT,AC,AG,CC,GG,AA,AC,AA,TT,GG,TT,AA,AA,GG,GG,TT,CC,AT,TT,AA,GG,AA,TT,AA,TT,CC,TT,AC,CC,TT,CG,AG,CC,AA,CC,TT,TT,TT,GG,TT,AA,AC,AA,GG,CC,CG,GG,CC,GG,TT,AA,CG,TT,AG,CG,CC,AA,AG,CG,AA,NN,AA,AA,CC,CC,CC,TT,AA,CG,AA,AA,AA,AA,GG,AG,AA,AA,TT,GG,AC,AA,AA,AC,TT,AA,AA,GG,GG,GG,TT,AA,AG,TT,AT,TT,GG,TT,GG,GG,AA,7.73,Resistant,Low,Poor,Early
L0892,Warangal,Telangana,Rabi,Black Cotton,Irrigated,410,26.5,60,AA,TT,GG,AG,GG,CC,GG,NN,CC,CG,AA,CC,CG,TT,TT,GT,GG,TT,TT,AA,CG,TT,TT,CC,TT,CC,TT,TT,GG,NN,TT,CT,AA,CC,GG,GG,GG,CG,GG,CC,TT,CT,AC,TT,AA,GG,TT,TT,CC,AC,GG,AT,AG,GG,CT,TT,AT,AC,GT,AA,AA,TT,AT,AG,TT,TT,CC,GG,TT,GG,AG,GG,CC,AA,AA,AA,AA,GG,TT,TT,GG,GG,GG,CC,AA,AG,AA,AA,NN,TT,AC,TT,CC,TT,TT,AG,CT,CC,GG,CC,CC,CC,GG,AA,TT,GT,CC,AA,GG,NN,CT,GG,TT,CC,GT,AA,AA,TT,CC,GG,CC,GG,CC,NN,NN,AG,CC,CC,CC,CC,AA,TT,CC,AA,CC,CC,AA,TT,AA,AT,GG,CC,CC,GG,GG,AA,AA,CC,NN,CC,CC,AA,AA,GG,GT,GG,AC,TT,NN,GG,AA,GT,GT,TT,CG,AA,TT,TT,AT,TT,CG,CC,AA,CT,CC,AC,CG,AC,AA,GG,AG,CC,TT,CC,GG,TT,GG,AT,AA,NN,TT,AC,NN,AC,CC,CC,GG,GG,AC,GG,TT,AC,NN,CC,GG,AA,AC,AA,AA,GT,TT,AA,TT,CG,GG,AT,CC,AT,TT,AA,GG,AA,TT,AC,TT,CC,TT,AC,CC,TT,GG,AA,NN,AG,CC,TT,TT,TT,CG,TT,AC,AA,GG,GG,CC,CG,GG,CC,GG,AT,AA,CG,TT,NN,CC,CC,AT,GG,CC,AT,CC,AA,AA,NN,CC,CC,TT,AA,GG,AA,AC,AA,AA,AG,AG,AG,AA,AT,GG,AA,AA,CC,AA,CT,AG,AA,GG,GG,GG,GT,AA,AA,TT,TT,TT,AA,TT,GG,GG,AA,7.68,Susceptible,Low,Poor,Early
L0893,Warangal,Telangana,Rabi,Black Cotton,Irrigated,410,26.5,60,AA,TT,AG,AA,CG,GG,GG,TT,CG,CC,AA,CT,CC,TT,GG,NN,GG,TT,TT,AA,CC,TT,TT,CT,TT,CC,TT,TT,GG,AA,TT,CC,AA,CC,GG,CG,GG,CG,GG,CC,TT,CC,AA,TT,AA,GG,CT,TT,CC,AA,GT,AA,AA,GG,CC,GT,AA,AA,GT,AA,AA,GT,TT,AG,TT,TT,CC,GG,TT,GT,AG,GT,CC,AA,AG,AA,AA,NN,TT,TT,GG,GG,GG,CC,AT,GG,AA,AA,CC,GT,CC,TT,CT,TT,TT,GG,CT,AC,TT,CC,CC,CG,AG,AA,TT,GT,CC,AG,AG,AA,CT,GG,TT,CC,TT,AC,AA,TT,CC,AG,CC,AG,CC,GG,CT,AG,CT,CC,CC,CC,AA,TT,CC,AA,CC,CC,AG,AT,AA,AA,GG,CC,CC,GG,AA,AG,AA,CC,GT,CC,CC,AA,AA,GG,GT,AG,AA,GT,TT,GG,CC,TT,GT,CT,CC,AA,TT,TT,AA,AT,CG,CC,AA,CT,CC,CC,GG,CC,AA,GG,AG,CC,TT,CC,TT,TT,CG,AT,AA,AA,TT,CC,CG,AC,AC,CC,GG,GG,AA,GG,TT,AA,AA,CC,GG,AT,AC,NN,TT,GG,TT,TT,AT,CG,GG,AA,GG,AA,TT,AT,GG,AA,CT,AA,TT,CC,CC,AC,CC,CT,GG,AG,CG,GG,CC,TT,TT,TT,NN,TT,AC,AC,AA,GG,CG,CC,GG,CC,GG,AT,AG,CG,GT,GG,CG,CC,AA,GG,CC,AA,CC,AA,AA,CC,CG,AA,TT,AA,GG,AA,AA,AA,AC,AG,AA,GG,AA,TT,GG,AA,AG,NN,AA,TT,AA,AA,GG,GG,CG,GT,AA,NN,GT,TT,TT,AG,TT,GG,GG,AA,8.15,Susceptible,High,Premium,Early
L0894,Warangal,Telangana,Rabi,Black Cotton,Irrigated,410,26.5,60,AC,CT,GG,AG,CG,CC,GG,AT,CC,CC,AA,CC,CG,TT,GT,GG,GG,NN,TT,AG,CC,TT,TT,CC,TT,CC,TT,TT,GG,AA,TT,CT,NN,AC,GG,CG,GG,CG,GG,CC,TT,CT,AC,TT,AA,AG,TT,TT,CC,CC,GT,AT,AG,GG,CC,TT,AA,NN,GT,AC,AG,TT,TT,AA,CT,TT,CC,GG,TT,GT,AA,GG,CC,AA,GG,AC,AT,GG,TT,TT,GG,TT,GG,CC,AT,GG,AA,AT,CC,TT,AC,TT,CT,TT,TT,AG,TT,CC,GT,CC,CC,CC,GG,AA,TT,TT,CC,AA,AA,AA,CC,GG,TT,CC,TT,AA,AA,TT,CC,GG,CG,AG,CC,GG,CT,AA,CC,CC,CC,CC,AA,TT,CC,AA,CC,CC,AA,TT,AA,AA,CG,CT,CG,GG,AA,AA,AA,AC,GG,CC,CC,AG,AG,AG,TT,GG,AA,TT,TT,GG,CC,GT,TT,TT,NN,AT,TT,TT,AA,TT,GG,CC,GG,CC,CC,CC,GG,CC,AT,GG,AG,CC,TT,CC,GG,TT,CG,AA,AA,GG,TT,AC,CG,AA,CC,CC,GG,GG,AC,GG,TT,AA,AG,CC,GG,AA,AC,AA,AT,GT,TT,TT,AA,GG,GT,AA,GG,TT,TT,AA,GG,AA,TT,AC,TT,NN,TT,AA,CC,CT,GG,AG,CC,AG,AC,TT,TT,TT,NN,TT,AA,CC,AA,GG,CC,CG,GG,CC,GG,TT,AA,CC,TT,GG,CC,CC,NN,AG,CC,AA,CC,AA,AA,NN,CG,CC,TT,AA,CG,AA,AA,CC,AA,GG,AA,AG,AA,NN,GG,AC,AA,AC,AC,CT,AA,AA,GG,AG,GG,TT,AT,AA,GT,TT,TT,AG,AA,GG,GG,AC,9.06,Resistant,Low,Poor,Early
L0895,Warangal,Telangana,Rabi,Black Cotton,Irrigated,410,26.5,60,AA,TT,AG,AG,GG,CC,GT,TT,CC,CC,AA,CC,CC,NN,TT,GG,GG,TT,TT,AA,CC,TT,TT,CC,AT,CC,GT,TT,GT,AA,TT,CC,AA,CC,GG,NN,GG,CG,GG,CC,TT,CC,AA,TT,AG,AG,TT,AT,CC,CC,GT,AA,AA,GG,CC,TT,AA,CC,GG,AC,AA,TT,TT,AG,CC,AT,CC,GG,TT,GG,AG,GG,CC,AG,GG,AA,AA,GG,TT,TT,GG,GT,GG,CC,AT,GG,AA,AA,CG,TT,CC,GT,CC,AT,GT,GG,TT,CC,GT,CC,CC,CC,GG,AA,TT,TT,CC,AA,AA,AA,TT,GG,TT,CG,TT,AA,AA,TT,CC,AG,CG,GG,NN,GT,CT,AA,CC,CC,CC,CG,AG,TT,AC,AA,CC,NN,AA,TT,AA,AA,GG,CC,CC,GG,AA,GG,AA,AC,GT,CC,CC,AA,NN,GG,TT,GG,AA,TT,TT,GG,CC,GT,TT,TT,CC,AA,GG,TT,AA,TT,CG,CC,AG,TT,CC,CC,GG,AC,AA,GG,AG,CC,TT,CC,TT,TT,CG,AT,AA,AG,TT,CC,NN,AA,CC,CC,GG,GG,AA,CG,TT,AC,AA,CC,GT,TT,CC,AA,TT,GG,TT,TT,AT,GG,GT,AA,CC,AA,GT,AA,GG,AA,TT,AA,TT,CC,TT,AA,CC,TT,GG,AA,CC,AG,CC,TT,TT,TT,GG,TT,AC,AC,GG,GG,CC,CC,GG,CC,GG,TT,AA,CG,TT,GG,CC,CC,AA,AG,CG,NN,CC,AA,AA,AC,CC,CC,TT,AG,GG,AA,AC,AC,AA,AA,AA,AA,AA,TT,GG,AA,AA,AA,AA,CT,AA,AA,GG,GG,GG,GT,AA,AA,GT,TT,TT,AG,TT,GG,GG,AA,6.86,Moderate,Medium,Poor,Late
L0896,Warangal,Telangana,Rabi,Black Cotton,Irrigated,410,26.5,60,AC,CT,GG,AG,GG,CC,GG,AT,CC,CG,AA,CC,CG,TT,GT,GG,GG,TT,TT,AA,CC,GT,GT,CT,TT,CC,TT,TT,GT,AA,TT,CC,AA,CC,GG,GG,GG,CG,GG,AC,TT,CT,AA,TT,AA,AA,CT,AT,CC,AC,GG,AT,AA,GG,CC,TT,AA,CC,TT,AC,AG,TT,AT,AA,TT,TT,CC,GG,TT,TT,AA,GG,AC,AG,AG,AA,AT,AG,TT,TT,GG,GG,TT,CC,AA,GG,AA,AA,CC,TT,AC,TT,CT,TT,TT,GG,TT,CC,TT,CC,CC,CG,AA,AA,TT,TT,CC,AA,AA,AA,CT,GG,TT,CC,GT,AC,AA,TT,CC,GG,CC,GG,CC,GG,CT,AA,CC,CC,CC,CC,AA,NN,CC,AA,CC,CT,AA,TT,AA,AA,GG,CC,CC,GG,AA,AA,AT,CC,GT,CC,CC,AA,AG,GG,GT,GG,CC,TT,CT,AG,AC,TT,TT,TT,CG,AA,TT,CT,AA,TT,GG,CC,AG,CT,CC,CC,GG,AC,AA,GG,GG,CC,TT,CC,TT,TT,CG,AT,AA,AA,TT,AA,CC,AA,CC,CC,GG,GG,AA,GG,TT,AA,AA,CC,GG,AA,CC,AA,AA,GT,TT,AT,NN,CG,GT,AA,CC,AT,GT,AA,GG,AA,CT,AA,TT,CC,TT,AA,CC,CC,GG,AA,CG,GG,CC,AT,TT,GT,GG,TT,AA,AC,AA,GT,CC,CG,GG,CC,GG,AA,AA,CC,GT,GG,CC,CC,AA,GG,CC,AT,CC,AA,AA,AC,CG,CC,TT,AA,GG,AA,AA,AC,AA,GG,AG,AA,AA,AT,GG,AC,GG,AC,AA,CC,AA,AG,GG,GG,GG,TT,AA,AG,TT,TT,TT,GG,AT,GG,GG,AA,5.31,Susceptible,Low,Poor,Early
L0897,Warangal,Telangana,Rabi,Black Cotton,Irrigated,410,26.5,60,CC,TT,NN,AG,GG,CG,GG,TT,CC,CC,AT,CC,GG,TT,TT,GG,GG,NN,TT,AA,CC,GT,TT,CC,NN,CC,TT,TT,GG,AA,TT,CT,AA,CC,GG,GG,GG,CC,NN,CC,TT,CT,AA,TT,AA,AG,TT,TT,CC,AC,GG,AA,AG,GG,CT,TT,AA,AC,GT,AA,AA,TT,AT,AA,TT,TT,CC,GT,TT,GT,AA,GG,CC,AA,GG,AC,AT,GG,TT,TT,GG,GG,GT,AC,AA,GG,AA,AT,CC,TT,CC,TT,CT,TT,TT,GG,TT,AC,GG,CC,CT,CC,GG,AG,TT,TT,CC,AA,AG,AA,CC,GG,TT,CC,TT,AA,AA,AT,CC,GG,CC,GG,CC,GG,TT,AA,CC,CC,AC,NN,AA,GT,CC,AA,CC,TT,AA,TT,AA,AT,GG,CT,CC,GG,NN,GG,AA,CC,GG,CC,CC,AA,AG,AG,TT,GG,AA,GT,CT,GG,AC,TT,GT,TT,CC,AT,GT,TT,AA,AT,GG,CC,AA,CT,CC,CC,CC,CC,AA,GG,AG,CC,TT,CC,GG,GT,CG,TT,AA,AA,TT,CC,GG,NN,CC,CC,GG,GG,AA,GG,TT,AA,AA,CC,GT,AA,CC,AT,AT,GG,TT,TT,AA,GG,GT,AA,CG,TT,NN,AA,GG,AA,CT,AA,TT,CC,TT,AA,CC,TT,GG,AG,CC,AG,CC,TT,TT,GT,GG,TT,AA,CC,AA,GG,CC,CG,GG,CG,GG,AT,AA,CC,GT,GG,CC,CC,AT,GG,CC,AA,CC,AA,AA,CC,CC,CC,NN,AA,GG,AA,AC,AC,AA,GG,AA,AG,AA,TT,GG,AA,AA,CC,AC,TT,AA,AG,GG,GG,GG,GT,AA,AA,TT,TT,TT,AA,AA,GG,GG,NN,4.8,Resistant,Medium,Premium,Early
L0898,Warangal,Telangana,Rabi,Black Cotton,Irrigated,410,26.5,60,AC,CT,AG,AG,GG,CC,GT,AT,CC,GG,AA,CC,CG,TT,TT,GG,GG,TT,TT,AA,CC,TT,GT,CC,AT,CC,TT,TT,GG,AA,TT,CC,AA,CC,GG,GG,GG,CC,GG,CC,TT,TT,AA,TT,AA,AA,TT,TT,CC,CC,GG,AA,AG,GG,CC,GT,AA,AA,TT,AA,AA,TT,AT,AA,TT,AT,CC,GG,TT,GG,AA,GG,CC,AA,GG,AA,AA,GG,GT,TT,NN,GG,GG,CC,AA,GG,AA,AA,CC,GG,CC,TT,CC,TT,GT,GG,TT,AC,TT,CC,TT,CG,AG,AA,TT,TT,GG,AA,AG,AC,CT,GG,GT,CG,GT,AA,AC,TT,CC,GG,CC,AG,CC,GG,CT,AG,CC,CC,CC,CC,AA,GT,CC,AA,AC,CT,AA,TT,AG,AA,NN,CT,CC,GG,AA,AG,AA,CC,GT,CC,CC,AA,AA,GG,TT,GG,AC,TT,TT,GG,CC,GT,TT,CC,CC,AA,TT,TT,AA,TT,GG,CC,AA,CT,CC,CC,CG,CC,AA,GG,AA,NN,TT,CG,GG,GT,GG,AT,AA,AA,TT,CC,GG,AA,NN,CC,GG,GG,AC,GG,TT,AA,AA,CC,GG,AA,AC,AA,AA,GG,TT,AT,AA,GG,GG,NN,CC,TT,GT,AA,GG,AA,CT,AC,TT,CG,TT,AA,CC,TT,GG,AG,CC,AG,AC,TT,TT,GG,GG,AT,AC,AC,AA,GT,CC,CG,GG,CC,GG,AT,AG,CC,TT,GG,CC,CC,AT,GG,CC,AA,CC,AA,AA,AC,CG,AC,AT,AA,GG,AA,AA,AC,AA,AG,AA,AA,AA,AA,GG,AC,AG,CC,NN,CT,AA,AG,GG,GG,GG,TT,AA,AA,TT,TT,TT,AG,AT,GG,GG,AA,7.26,Susceptible,Low,Poor,Late
L0899,Warangal,Telangana,Rabi,Black Cotton,Irrigated,410,26.5,60,AA,TT,GG,AA,GG,CC,GG,TT,CC,CG,AA,CC,CG,TT,TT,GG,GG,TT,AT,AA,CC,TT,GG,CC,TT,CT,TT,AT,GG,AA,TT,CC,AA,CC,NN,CG,GG,CG,GG,CC,TT,CT,AA,TT,AA,AG,TT,TT,CC,CC,GG,AA,AA,CG,CT,GT,AA,AC,GT,AA,AA,TT,AT,AA,TT,TT,CC,GG,TT,GG,AG,GG,CC,AA,GG,AA,AT,AG,TT,TT,GG,GG,GG,CC,AT,GG,AA,AT,CC,TT,CC,TT,CT,TT,TT,GG,CT,CC,GT,CC,CT,CG,GG,AA,TT,TT,CC,AA,AA,AA,CC,GT,TT,CC,GT,AA,AA,TT,CC,GG,CC,GG,CC,GT,TT,AA,CC,CG,CC,CC,AA,TT,AC,AA,CC,CC,AA,TT,AA,AA,GG,CC,CC,GG,AA,AA,AA,CC,GG,CC,CC,AG,AA,GG,TT,GG,AC,TT,TT,GG,CC,TT,GT,TT,CC,AT,TT,TT,AA,TT,GG,CC,AG,CC,AC,AC,GG,CC,AA,GG,AA,CC,TT,CC,GG,GT,CG,AT,AA,AG,TT,CC,GG,AA,CC,CG,GG,GG,AA,GG,TT,AA,AA,CC,GT,AA,CC,NN,AT,GT,TT,TT,AA,CG,GT,AA,CC,AT,TT,AA,GG,AA,TT,AA,TT,CC,TT,AA,CC,CT,GG,GG,CC,AG,CC,TT,TT,GT,GG,TT,AA,AA,AG,GG,CC,CG,GG,CC,GG,AT,AA,CC,TT,GG,CC,CC,AT,AG,CC,AT,CC,AT,AA,CC,CG,AC,TT,AA,GG,AA,AA,CC,AA,GG,NN,AG,AA,TT,CG,AA,AA,AC,AA,CT,AA,AA,GG,GG,GG,TT,AA,AA,TT,AT,TT,GG,AT,GG,GG,AA,9.17,Susceptible,Low,Premium,Medium
L0900,Warangal,Telangana,Rabi,Black Cotton,Irrigated,410,26.5,60,AA,TT,GG,NN,CC,CC,GG,TT,CC,CG,AA,CT,CC,AT,TT,GT,GG,TT,TT,AA,CC,GT,GT,CC,TT,CT,TT,TT,GG,AA,CT,CC,AA,CC,GG,GG,GG,NN,GG,CC,TT,NN,AA,TT,AG,AA,TT,TT,CC,AC,GG,AT,AA,GG,CC,TT,AT,CC,GT,AA,AA,TT,AA,AG,TT,AA,CC,GG,TT,GT,AG,GG,CC,AA,AG,AC,AA,AG,TT,TT,GG,GG,GG,CC,AA,GG,AA,AT,CC,TT,CC,TT,CC,TT,GT,AG,TT,CC,GT,CC,CT,CC,GG,AA,TT,TT,CC,AA,AG,NN,CT,GG,TT,CC,TT,AA,AC,TT,CC,GG,CC,AG,CC,TT,TT,AA,CT,CC,CC,CC,AA,TT,CC,AA,CC,CC,AA,TT,NN,AA,CG,CC,CC,GG,AA,AG,AA,CC,GG,CC,CC,AA,AA,AG,TT,GG,AA,TT,CC,GG,NN,TT,TT,TT,CG,AT,TT,TT,AA,TT,GG,CC,AG,TT,CC,AC,CG,CC,AA,GG,GG,CC,TT,CC,GG,TT,GG,TT,AA,AA,NN,CC,GG,AC,AA,CC,GG,GG,AA,GG,TT,AC,AA,CG,GG,AT,CC,AA,TT,GT,TT,TT,AA,CG,GT,AT,CC,AT,GT,AT,GG,AG,TT,AA,TT,CC,NN,AA,CC,TT,GG,AA,CC,AG,CC,TT,CT,TT,GG,TT,AA,AC,AG,GT,CC,CG,GG,CC,GG,AT,AA,CG,GT,GG,CG,CG,AA,GG,CC,NN,CC,NN,AA,CC,CG,AA,TT,AA,GG,AA,AA,CC,AA,AG,GG,AG,AA,AT,GG,AA,AA,CC,AA,TT,AA,AA,GG,GG,GG,NN,AA,AA,GT,TT,TT,AA,TT,GG,GG,AA,4.97,Susceptible,High,Poor,Late
L0901,Warangal,Telangana,Rabi,Black Cotton,Irrigated,410,26.5,60,CC,CC,AA,AG,GG,CG,GT,TT,CC,CC,AA,CC,CG,TT,TT,GG,GG,TT,TT,AA,CC,TT,GT,CC,TT,CC,TT,TT,GG,AA,CT,CT,AA,CC,GG,CG,GG,CC,GG,CC,TT,CT,AA,GT,AA,AG,CT,TT,CC,AC,GG,AA,AG,GG,CT,TT,AA,AA,TT,AC,AA,GT,AT,AA,TT,AT,CC,GG,TT,GG,AA,GG,CC,AA,AG,AA,AT,AG,GT,TT,AG,GG,GG,CC,AA,GG,AA,AA,CC,TT,CC,GT,TT,TT,TT,AG,TT,CC,GT,TT,CC,CC,AG,AA,TT,TT,CC,AA,AG,AC,CC,GG,TT,CC,TT,AA,AA,AA,CC,AG,CC,GG,CC,GG,TT,AA,CC,CC,CC,CG,AA,TT,CC,AA,CC,CT,AA,AT,AA,AA,GG,CT,CC,GG,AA,AA,AA,CC,GG,CC,CC,AG,AA,GG,TT,GG,AC,GT,TT,GG,CC,GG,GT,TT,GG,AA,TT,TT,AA,TT,GG,CC,AA,CT,CC,AC,GG,CC,AA,GG,AA,CC,GT,CC,NN,TT,GG,AT,AA,AG,TT,CC,GG,AC,CC,CC,GG,GG,AC,GG,TT,AA,AA,CC,GG,AA,CC,AT,AT,GT,TT,AT,AA,GG,GG,AT,CC,TT,GT,AA,GG,AA,TT,AC,TT,CC,CT,AA,CC,CT,CG,AG,CC,GG,AA,TT,TT,GT,GG,TT,AC,CC,AA,GG,CC,CC,CG,CC,GG,AT,AA,CC,TT,GG,CC,CG,AA,GG,CG,AA,CC,AA,AA,CC,CG,AC,TT,AA,GG,AA,AC,AA,AA,AG,AA,AA,AA,TT,GG,AA,AA,AA,AC,CC,AA,AA,GG,GG,GG,TT,AA,AG,TT,TT,TT,AG,TT,GG,GG,AA,8.29,Moderate,Medium,Premium,Early
L0902,Warangal,Telangana,Rabi,Black Cotton,Irrigated,410,26.5,60,AA,CT,GG,GG,GG,CC,GT,TT,CC,CC,AT,CC,CC,TT,TT,GG,GG,TT,TT,AA,CC,TT,GT,CC,TT,CC,TT,AT,GG,AA,TT,CT,AA,CC,GG,CC,GG,GG,GG,CC,TT,CC,AC,TT,AA,AG,NN,TT,CC,AC,GT,AA,AA,GG,TT,TT,AA,AA,GT,AA,AA,NN,TT,AA,TT,TT,CC,GG,TT,GT,GG,GG,CC,AA,AG,AA,AT,AG,GT,TT,GG,GG,GG,CC,AA,GG,AA,AT,CC,GT,CC,TT,CC,AT,TT,AG,CT,CC,TT,CC,CC,CC,GG,AA,AT,TT,CC,AA,AA,AA,CC,GG,GT,CC,GT,AA,AA,TT,CC,GG,CC,GG,CT,GT,CT,AA,CC,CC,CC,CC,AG,NN,CC,AA,CC,CC,AA,TT,AA,AA,GG,CC,CC,GG,GG,AG,AA,AC,GG,CC,CC,AA,AA,GG,TT,GG,AA,TT,CT,GG,AA,TT,GT,TT,CC,AA,GT,TT,AA,AT,GG,CC,AA,CT,CC,CC,GG,CC,AA,GG,AG,CC,TT,CG,GT,GT,GG,TT,AG,AA,TT,CC,GG,AA,NN,CG,GG,AG,AC,GG,TT,AC,AA,CC,GG,AT,CC,AA,AT,GG,TT,TT,AA,CG,GG,AT,CC,TT,TT,AA,GG,AA,TT,AA,TT,CC,TT,AA,CC,TT,CG,GG,CC,GG,CC,TT,TT,GT,GG,TT,AC,CC,AA,GG,CC,CG,GG,CC,GG,AT,AA,CC,TT,GG,CG,CC,AA,AG,CG,AT,CC,AA,AA,CC,CC,AC,TT,AA,GG,AA,AC,AC,AC,AG,AA,AA,AA,TT,GG,AC,AA,AC,AA,TT,AA,AG,GG,GG,GG,TT,AT,AA,GT,TT,TT,AG,AT,GG,GG,AA,6.11,Susceptible,Medium,Poor,Early
L0903,Warangal,Telangana,Rabi,Black Cotton,Irrigated,410,26.5,60,AA,CT,GG,AG,GG,CC,GT,TT,CC,NN,AA,CT,CC,TT,TT,GT,GG,NN,TT,AA,CG,TT,GT,CT,TT,CC,TT,AT,GG,AA,TT,CC,AA,AC,AG,CG,GG,GG,GG,CC,NN,CT,AA,GT,AA,AG,TT,AT,CC,AC,GT,AA,AG,CG,CT,TT,AA,AA,GG,AA,AG,TT,TT,AG,CT,TT,CC,GG,TT,GT,AA,GG,AC,AA,GG,CC,AT,GG,TT,TT,GG,GG,GG,CC,AA,NN,AA,AT,CC,GG,AC,TT,CC,TT,TT,GG,NN,CC,TT,CC,CC,CG,AG,AA,AT,TT,CC,AA,AA,AA,CT,GG,TT,CG,GT,AA,AA,TT,CC,GG,CC,GG,CC,GG,TT,AA,CC,CC,CC,CC,AA,TT,CC,AA,CC,CT,AA,AT,AG,AA,GG,CT,CC,GG,AA,AG,AT,CC,GG,CC,CG,AA,AG,GG,TT,AA,AA,TT,CT,GG,CC,TT,TT,TT,CC,AA,TT,TT,AA,TT,CG,CC,AG,CC,AC,CC,CG,CC,AT,AG,GG,CC,TT,CC,GT,GT,GG,AT,AA,AG,TT,CC,CG,AA,CC,CC,GG,GG,AC,GG,TT,AC,AA,CC,GG,AA,AC,AA,AA,GG,TT,AT,TT,GG,GT,AT,CC,AT,TT,AA,GG,AA,TT,AA,TT,CC,TT,AA,CC,CT,CG,GG,CC,AA,CC,TT,TT,GG,GG,TT,AA,CC,AG,GG,CC,CC,GG,CC,GG,AT,AA,CG,GT,AG,CC,CG,AA,GG,CG,AT,CC,AT,AA,CC,CG,AC,TT,NN,GG,NN,AC,AC,AA,AG,GG,AA,AA,TT,GG,AC,AG,CC,AA,TT,AA,AA,GG,GG,GG,TT,AT,AA,GT,TT,TT,AG,TT,GG,GG,AA,8.59,Susceptible,Low,Standard,Early
L0904,Warangal,Telangana,Rabi,Black Cotton,Irrigated,410,26.5,60,CC,CT,GG,AG,GG,CC,GG,AT,CC,CG,AA,CC,CC,AT,GT,GG,GG,TT,TT,AA,CC,GT,GT,CC,AA,CC,TT,TT,GG,AA,TT,CC,AA,CC,GG,GG,GG,CC,GG,CC,TT,TT,AA,GT,AA,AG,CT,AT,CC,CC,GT,AA,AA,GG,TT,TT,AA,AC,GT,AA,AA,TT,AT,AA,TT,TT,CC,GG,TT,GG,AA,GG,AC,AA,AG,AC,AA,GG,TT,TT,GG,GG,GG,CC,AA,GG,AA,AA,CC,GT,CC,TT,CT,TT,TT,GG,TT,AC,TT,CC,CC,CG,AA,AA,TT,TT,CC,AA,AG,AA,CT,GT,NN,CC,TT,AA,AA,TT,CC,GG,CC,GG,CC,GT,TT,AG,CC,CC,CC,CC,AA,TT,CC,AA,CC,CC,AA,AT,GG,AA,GG,CC,CC,GG,AA,AG,AA,CC,GG,CC,CC,AA,AA,GG,TT,GG,AC,TT,CT,AG,CC,GT,GT,TT,CC,AT,GG,CT,AA,TT,GG,CC,AG,CC,CC,CC,GG,CC,AA,GG,AA,CC,TT,CG,GT,GT,GG,TT,AA,AG,TT,CC,GG,AA,CC,CC,GG,GG,AA,CG,TT,AA,AA,CC,GG,AA,CC,AA,AA,GG,TT,TT,AT,GG,GG,AA,CC,AT,TT,AA,GG,AA,TT,AA,TT,CG,TT,AA,CC,TT,GG,AG,CC,GG,CC,TT,CT,TT,GG,TT,AA,AA,AA,GG,CC,CC,GG,CG,GG,AT,AA,CG,TT,GG,CG,CC,AA,GG,CC,AA,CC,NN,AA,AC,GG,AC,TT,AA,GG,AA,AA,AA,AA,AG,AA,AA,AA,AT,CG,AA,AA,AC,AA,CT,AA,AG,GG,GG,GG,GT,AA,AA,GT,TT,TT,GG,TT,GG,GG,AA,9.07,Susceptible,Low,Standard,Late
L0905,Warangal,Telangana,Rabi,Black Cotton,Irrigated,410,26.5,60,CC,TT,GG,AG,GG,CC,GG,TT,CC,CC,AA,CC,CG,AT,TT,GG,GG,TT,TT,AG,CC,TT,TT,CT,NN,CT,TT,TT,GT,AC,CT,CC,AA,CC,AG,GG,GG,CC,GT,CC,TT,CT,AA,GT,AA,GG,TT,NN,CC,AC,GG,AA,GG,GG,CT,TT,AA,AA,GG,AA,AA,NN,AT,AA,TT,TT,CC,GG,CC,GT,AA,GG,CC,AA,AG,AC,AT,GG,TT,TT,GG,GG,GG,CC,AA,GG,AA,AT,CC,GT,CC,TT,CC,AT,TT,GG,TT,CC,TT,CC,CC,CC,AG,AA,TT,TT,CG,AA,AG,AA,CC,GG,GT,CC,GT,AC,AA,AT,CG,AG,CC,NN,CC,GT,TT,AA,CC,CC,CC,CC,AA,TT,CC,AA,CC,CC,AA,TT,AA,AA,CG,CC,CC,GG,AA,AG,AA,CC,GG,CC,CC,AA,AG,GG,GT,GG,AC,TT,CT,GG,CC,TT,TT,TT,CC,AA,TT,CT,AA,TT,CG,CC,AG,CT,CC,CC,GG,AC,AA,GG,AA,CC,TT,CC,GT,TT,CC,AT,AA,AA,TT,CC,GG,AC,CC,CC,CG,GG,AA,GG,TT,AA,AA,CC,GG,AA,AC,AA,AT,GG,TT,TT,AT,CG,GT,AT,CC,TT,TT,AA,GG,AA,TT,AA,TT,CC,CT,CC,CC,TT,GG,AA,CC,AA,CC,TT,TT,GG,GG,TT,AA,AC,AA,GG,CC,CC,GG,CC,GG,AT,AG,CC,GT,AG,CC,CC,AA,GG,CC,AA,CC,AA,AA,AC,CC,CC,AT,AG,NN,AA,AA,AA,AA,AG,AA,AA,AA,TT,CG,AA,AA,CC,AC,TT,AA,AA,CG,GG,CG,TT,AA,AA,TT,TT,TT,AA,TT,GG,CG,AA,7.45,Moderate,Medium,Standard,Medium
L0906,Warangal,Telangana,Rabi,Black Cotton,Irrigated,410,26.5,60,AA,TT,GG,AG,GG,GG,GG,TT,CC,CG,AA,CC,CG,TT,TT,GG,CG,TT,TT,AA,CC,GT,TT,CT,TT,CC,TT,TT,GG,AA,TT,CT,AA,CC,GG,GG,GG,CC,GG,CC,TT,CT,AA,TT,AG,AG,TT,TT,CC,AC,GG,AA,AA,GG,CT,TT,AA,AA,TT,AA,AA,GT,AT,AG,TT,TT,CC,GG,TT,GT,AG,GG,CC,AA,AG,AA,AT,AG,TT,TT,GG,GG,GG,CC,AA,GG,AA,AA,CC,GT,CC,TT,CC,AA,TT,NN,TT,CC,GT,CC,CT,CG,GG,AA,TT,TT,CG,AA,AG,AA,CC,GG,TT,CC,GT,AC,AA,TT,CC,AG,CC,NN,CC,TT,TT,AA,CC,CC,CC,CC,AA,TT,CC,AA,CC,CC,AA,TT,AA,AT,CG,CC,CC,GG,AA,AA,AA,AC,GT,CC,CC,AA,AA,GG,GT,GG,AC,TT,TT,AG,AC,GT,GT,CT,CG,AT,GT,TT,AA,TT,CG,CC,AA,TT,CC,CC,GG,CC,AA,GG,AA,NN,TT,CC,GT,GT,CG,TT,AA,AA,TT,AC,GG,AA,CC,CC,GG,GG,AC,NN,TT,AC,AA,CC,GG,AA,CC,AA,AA,GG,GT,AT,AT,CG,GG,AA,CG,AA,TT,AA,GG,AA,TT,AA,TT,CC,CT,AC,CC,TT,GG,AA,CG,AA,CC,TT,TT,GT,GG,TT,AA,CC,AG,GG,NN,CC,GG,CC,GG,AT,AA,CC,GG,GG,CC,CC,AA,AG,CC,AT,CC,AA,AA,AC,CG,CC,AT,AA,GG,AA,AA,AC,AA,GG,GG,NN,AA,AT,GG,AA,AA,CC,AC,CT,AG,AA,GG,AA,GG,TT,AA,AA,TT,TT,TT,GG,TT,GG,GG,AA,6.63,Moderate,High,Poor,Medium
L0907,Warangal,Telangana,Rabi,Black Cotton,Irrigated,410,26.5,60,AC,TT,AG,AA,GG,CG,GG,TT,NN,CC,AT,CC,CG,TT,TT,GG,GG,AT,TT,AA,CC,GT,TT,CC,NN,CC,TT,TT,GT,AA,TT,CT,AG,CC,GG,GG,GG,CC,GG,CC,TT,TT,AC,GT,AG,GG,TT,TT,CC,AC,GG,AA,AG,GG,CC,GT,AA,AA,GT,AA,AA,TT,TT,AA,TT,TT,CC,GG,TT,GG,AG,GG,CC,AA,GG,AC,AT,AG,TT,TT,GG,GG,GG,CC,AA,GG,AA,AA,CC,TT,CC,GT,CT,TT,TT,GG,TT,CC,TT,CC,CT,CC,AA,AA,TT,TT,CG,AA,AG,AA,CT,GG,TT,CC,TT,AA,AA,TT,CC,GG,CC,GG,CC,GG,TT,AG,CC,CC,CC,CC,AA,TT,CC,AA,CC,CT,AA,TT,AA,AA,GG,CT,CC,GG,AA,AG,AA,AC,NN,CC,CC,AA,AA,GG,GT,GG,AA,GT,CT,GG,AC,GT,TT,TT,CC,AA,GT,TT,AA,TT,GG,CC,AA,CT,NN,CC,GG,CC,AA,GG,GG,CC,TT,CC,GG,TT,GG,TT,AA,AA,GG,CC,GG,AA,AC,CC,GG,GG,CC,CG,TT,AA,AA,CC,GG,AT,AC,AA,NN,GG,GT,AT,AT,GG,GT,AT,CC,AT,TT,AA,GG,AA,TT,AA,TT,CC,TT,AA,CC,TT,GG,AG,CC,AA,AC,TT,CC,GT,GG,TT,AA,AC,AA,GG,NN,CC,GG,CC,GG,AT,AA,CC,TT,GG,CC,CC,AA,GG,CC,TT,CG,AA,AA,AC,CG,AC,TT,AA,GG,AA,AA,AC,AA,GG,AG,AA,AA,TT,CG,AA,AG,CC,AA,CT,AA,AA,GG,GG,GG,TT,AA,AA,NN,TT,TT,AA,TT,GG,GG,AA,8.51,Moderate,Medium,Premium,Early
L0908,Warangal,Telangana,Rabi,Black Cotton,Irrigated,410,26.5,60,AC,TT,AA,GG,GG,CC,GG,AT,CC,CC,AT,CC,CG,AT,TT,GG,GG,AT,TT,AG,CC,TT,GT,CT,AA,CC,TT,TT,GT,AA,TT,CC,AA,CC,GG,GG,GG,GG,GG,CC,TT,TT,AA,TT,AG,AG,TT,AT,CC,CC,GG,AA,AG,GG,CC,GG,AA,AC,GG,AA,AA,TT,TT,AG,TT,AT,CC,GG,TT,GG,AG,GG,CC,AA,GG,AA,AT,GG,TT,TT,GG,GG,GG,CC,AA,GG,AA,AA,CC,GT,CC,TT,CC,TT,NN,GG,TT,CC,NN,CC,CC,CC,GG,AA,TT,TT,CC,AA,AG,AA,CC,GG,TT,CC,TT,AC,AA,TT,CC,GG,CC,GG,CC,GG,TT,AG,CC,CC,CC,CC,AA,TT,CC,AA,CC,CT,AA,AT,AA,AA,CG,CC,CC,GG,AG,AG,AA,CC,GG,CC,NN,AA,AG,GG,TT,AG,AC,TT,CT,GG,CC,TT,GT,TT,CC,AA,GG,TT,AT,TT,CG,CC,AA,CC,CC,CC,CG,CC,AA,GG,AA,CC,TT,CC,GG,TT,GG,AT,AA,AA,TT,CC,GG,AA,CC,CC,GG,GG,AC,CG,TT,AA,AA,CC,GG,AA,CC,AA,AA,GG,TT,AT,AA,GG,GT,AA,CC,AT,NN,NN,GG,AA,TT,AA,TT,CC,TT,AA,CC,CT,GG,AG,CG,AG,CC,TT,TT,TT,GG,AT,AA,CC,AA,GG,CC,CG,GG,CC,GG,TT,AA,CC,GT,GG,CC,CC,AA,AA,CC,AT,CG,AT,AA,CC,CG,AA,TT,AA,CG,AA,AA,AC,AC,GG,AA,AA,AA,TT,NN,AC,AG,AA,AA,TT,AA,AA,GG,GG,GG,TT,AA,AG,TT,TT,TT,AA,TT,GG,GG,AA,8.66,Moderate,Medium,Premium,Medium
L0909,Warangal,Telangana,Rabi,Black Cotton,Irrigated,410,26.5,60,AC,TT,GG,GG,GG,CC,TT,TT,CC,GG,AA,CC,CG,TT,TT,GG,CG,TT,NN,AA,CC,TT,GT,CT,TT,CC,TT,TT,GG,AA,TT,CC,AA,CC,GG,GG,GG,CC,GG,CC,TT,CT,CC,TT,AA,NN,TT,NN,CC,AC,GG,AA,AG,GG,CT,GT,AA,AA,GG,AA,AA,TT,TT,AG,TT,AT,CC,GG,TT,NN,AG,GG,CC,AA,AG,CC,AT,GG,TT,TT,GG,GT,GT,CC,AT,GG,AA,AA,CC,TT,AC,TT,CT,TT,TT,GG,TT,CC,TT,CC,CC,CG,AG,AA,TT,TT,CC,AA,AG,AA,CT,GG,TT,CC,GT,AA,AC,TT,CC,GG,CC,AG,CC,GG,TT,AA,CT,CC,CC,CC,AA,GT,AC,AA,CC,NN,AA,TT,AA,AA,GG,CC,CC,AG,AG,AA,AA,AC,GG,CC,CG,AA,AA,GG,TT,GG,AA,TT,CT,GG,CC,TT,TT,TT,CG,AA,GT,TT,AA,TT,GG,CC,AA,CT,CC,CC,CC,CC,AA,GG,AA,CC,TT,CC,GG,TT,GG,TT,AA,AA,TT,AA,GG,AA,CC,CC,GG,GG,AC,GG,TT,AA,AA,CC,GG,AA,AC,AA,AT,GG,GT,TT,AA,CG,GG,AT,CC,TT,TT,AA,GG,AA,CT,AA,TT,CG,CT,AA,CC,CT,NN,AA,CG,GG,AA,TT,CT,TT,GG,TT,AC,CC,AG,GT,CC,CG,GG,CC,GG,AT,AA,CC,TT,GG,CC,CC,AA,GG,CC,AA,CC,AA,AA,CC,CG,AC,TT,AA,CG,AA,AC,AC,AA,AG,AA,AA,AA,AT,GG,AC,AA,AC,AC,TT,AA,AG,GG,AA,GG,TT,AA,AA,GT,TT,TT,GG,TT,GG,CG,AA,6.55,Moderate,High,Standard,Early
L0910,Warangal,Telangana,Rabi,Black Cotton,Irrigated,410,26.5,60,AA,CT,GG,AG,GG,CG,GT,TT,CC,CC,AA,CC,CG,TT,TT,GG,GG,TT,TT,AA,NN,TT,TT,CC,TT,CC,TT,TT,GT,AA,CC,CT,AA,CC,GG,CG,GG,CC,GG,AC,TT,TT,AA,TT,AA,GG,TT,TT,CC,CC,GG,AT,AA,GG,CC,TT,AA,AC,GG,AC,AA,TT,AA,AG,CT,TT,CC,GG,TT,TT,AG,GT,CC,AA,GG,AC,AA,AG,TT,TT,GG,GG,GG,CC,AA,GG,AA,AT,CC,TT,AC,TT,CC,TT,TT,GG,CT,AC,TT,CC,CT,CC,AG,AA,AT,TT,CC,AG,AG,AA,CC,GG,GT,CC,TT,AA,AA,TT,CG,GG,CG,GG,CT,GT,TT,AG,CT,CC,CC,CC,AA,TT,CC,AA,CC,CC,AG,AT,AA,AA,GG,CC,CC,GG,AA,AG,AA,CC,GG,CC,CC,AG,AG,GG,TT,GG,AC,TT,CT,AG,AC,GT,TT,TT,CG,AA,GT,TT,AA,AT,GG,CC,AG,CT,CC,CC,CG,AC,AA,GG,AA,CC,TT,CC,GG,GT,GG,TT,AA,AG,TT,CC,GG,AA,CC,CC,GG,GG,AA,GG,TT,AA,AG,CC,GT,AA,AC,AA,AA,GG,TT,TT,AA,GG,GT,AT,CC,AT,NN,AA,GG,AA,TT,AA,TT,CC,CT,AC,CC,NN,GG,AG,CC,AA,CC,TT,TT,GT,GG,TT,AA,AA,GG,GG,CC,CC,GG,CC,GG,TT,AG,CC,TT,GG,CC,CG,AA,GG,CG,AA,CG,AA,AA,AC,CC,CC,TT,AA,GG,AA,NN,CC,AA,GG,AA,AA,AA,TT,GG,AA,AA,CC,AA,CT,AA,AA,GG,GG,GG,TT,AA,AA,GT,TT,TT,GG,AT,GG,GG,AA,6.49,Moderate,High,Poor,Medium
L0911,Warangal,Telangana,Rabi,Black Cotton,Irrigated,410,26.5,60,AA,TT,GG,AG,GG,CG,GG,AT,CC,CC,AA,CC,CG,TT,TT,GG,GG,TT,NN,AG,CC,TT,TT,CC,TT,CC,TT,TT,GG,AA,TT,CC,AA,CC,GG,GG,GG,CG,GG,CC,TT,TT,AA,TT,GG,AG,TT,TT,CC,AA,GG,NN,AA,GG,CC,GT,AT,AA,GT,AC,AG,TT,TT,AA,TT,TT,CC,GG,TT,GG,AA,GG,CC,AA,GG,AC,AA,GG,TT,TT,GG,GT,GG,CC,AA,GG,AA,AA,CC,GT,AC,TT,CC,TT,TT,GG,CC,CC,GT,CC,CT,CC,AA,AA,TT,TT,CC,AA,AA,AC,CC,GG,TT,CC,TT,AC,AA,TT,CC,GG,CC,GG,CT,TT,CT,AA,CC,CC,CC,NN,AA,TT,CC,AA,CC,CC,AA,AT,AA,AA,GG,CC,CC,GG,AA,GG,AA,CC,GG,NN,CC,AA,AA,GG,TT,GG,AC,GT,TT,GG,AC,GT,GT,CT,CC,AT,GT,TT,AA,NN,GG,CC,AA,CT,AC,AC,CG,CC,AA,GG,AG,CC,TT,CC,GT,NN,GG,AT,AA,AG,TT,CC,GG,AA,AA,CC,GG,GG,AC,GG,TT,AC,AA,CC,GG,AT,CC,AA,AT,GG,TT,TT,AA,GG,GT,AT,CG,AT,TT,AA,GG,AA,TT,AA,TT,CG,TT,AA,CC,TT,GG,AA,CG,AG,AC,TT,CT,GT,GG,AT,AA,AC,AA,GG,CC,CG,GG,CC,GG,TT,AA,CG,NN,GG,CC,CC,AA,AG,CC,AA,CC,AA,AA,AC,CG,AC,TT,AA,CG,AA,AC,AA,AA,AA,AG,AG,AA,TT,GG,AA,GG,AA,AA,TT,AA,AA,NN,GG,GG,NN,AA,NN,TT,TT,TT,AA,TT,CC,GG,AA,10.23,Susceptible,Medium,Poor,Late
L0912,Warangal,Telangana,Rabi,Black Cotton,Irrigated,410,26.5,60,NN,TT,NN,NN,CG,CC,GG,TT,CC,CG,AA,CC,CC,TT,GT,GT,NN,TT,TT,AA,CC,TT,GT,CT,TT,CC,TT,TT,GG,AA,TT,CT,AA,CC,GG,GG,GG,CC,GG,CC,TT,CC,AA,TT,AG,AG,TT,NN,CC,AC,GG,AA,AA,GG,CC,TT,AT,AA,TT,AC,AA,TT,AT,AG,TT,TT,CC,NN,NN,GG,AA,GG,CC,AA,GG,AA,AT,AG,TT,TT,GG,TT,GG,CC,AA,GG,AA,AT,CC,TT,AC,TT,CC,AT,GT,AG,TT,CC,GT,CT,CT,CG,GG,AA,TT,TT,CC,AA,AA,AA,CC,GG,GT,CC,TT,AC,AA,TT,CC,GG,CC,GG,CC,GG,NN,AA,CT,CC,CC,CC,AA,GT,CC,AA,CC,CC,AA,TT,AA,AA,GG,CC,CC,GG,AA,AG,AA,CC,GG,CC,CG,AG,NN,GG,TT,NN,AA,TT,CT,GG,CC,TT,TT,TT,CC,AA,GT,TT,AT,TT,GG,CC,AA,CC,CC,AC,GG,CC,AA,GG,AA,CC,TT,CC,GG,GT,GG,TT,AA,AA,TT,CC,GG,CC,CC,CC,GG,GG,AA,GG,TT,AC,AA,CC,GG,AA,CC,AA,AA,GG,TT,TT,AA,GG,TT,AA,CC,AT,GT,AA,GG,AA,TT,AA,TT,CG,TT,AA,CC,TT,GG,GG,CC,AG,CC,TT,CC,GT,GG,TT,AA,CC,AG,GG,CC,CC,GG,CC,GG,TT,AA,CC,TT,GG,CC,CC,AA,AG,CC,AT,CG,AA,AA,AC,CG,AC,TT,AA,GG,NN,AA,AC,AA,GG,AA,AA,AA,AT,GG,AA,AG,AC,AC,TT,AA,AA,GG,GG,GG,GT,AA,AA,TT,TT,TT,AG,TT,GG,GG,AA,7.8,Moderate,Low,Standard,Early
L0913,Warangal,Telangana,Rabi,Black Cotton,Irrigated,410,26.5,60,AA,TT,GG,AG,GG,CC,GT,TT,CC,CG,AT,TT,CC,TT,TT,NN,CG,NN,TT,AG,CG,TT,TT,TT,TT,CC,TT,TT,GG,AA,CT,NN,AA,CC,GG,NN,GG,GG,GG,CC,TT,CC,AC,TT,AA,GG,TT,TT,CC,AA,GG,AA,AG,GG,CC,TT,AA,AC,TT,AA,AA,TT,TT,AA,TT,AA,CC,GG,TT,GT,AA,GT,AC,AA,AG,AC,AA,GG,TT,CT,GG,GT,GT,NN,AA,GG,AA,AA,CC,TT,AC,GT,NN,AT,TT,GG,TT,AC,GT,CC,CC,GG,GG,AA,TT,GT,CC,AA,AA,AA,CT,GG,GT,CC,TT,AA,AA,AT,CG,GG,CG,AG,CC,TT,TT,AA,CC,CC,CC,CC,AA,TT,AC,AA,CC,CC,AA,TT,AA,AA,CG,CC,CC,GG,AA,AG,AA,CC,GG,CC,CC,AA,AG,GG,TT,AG,AA,GT,TT,GG,CC,TT,GT,TT,CC,AA,GT,TT,AA,AT,CG,CC,AA,CT,CC,CC,CG,CC,AA,GG,AA,CC,TT,CC,GG,GT,GG,AT,AA,AA,TT,NN,GG,AA,CC,CC,GG,GG,AC,GG,TT,AA,AA,CC,GG,AA,CC,AT,AA,GG,TT,AA,AT,NN,GT,AT,CG,TT,TT,AA,GG,AA,TT,AA,TT,CC,CT,AC,CC,TT,GG,AG,CC,AA,CC,TT,CT,TT,GG,TT,AA,AC,AA,GT,CC,CC,GG,CC,GG,TT,AA,CC,TT,GG,CC,CC,AT,AG,CC,AA,CC,AA,AA,AC,CG,AC,TT,AA,GG,AA,AC,CC,AA,AA,AG,AG,AA,TT,GG,AA,AA,CC,AC,TT,AA,AA,GG,GG,GG,TT,AT,AA,TT,TT,TT,GG,TT,CG,CG,AA,6.73,Resistant,High,Premium,Late
L0914,Warangal,Telangana,Rabi,Black Cotton,Irrigated,410,26.5,60,AC,TT,GG,AG,GG,CC,GG,AA,CC,CC,AA,CC,CG,NN,TT,GG,CC,TT,TT,AA,CC,GT,GT,TT,TT,CC,TT,TT,GG,AA,TT,CT,AA,CC,AG,GG,GG,CC,GG,CC,TT,TT,AA,NN,AG,AG,TT,TT,CC,AA,GG,AT,AA,GG,CC,TT,AA,AA,GT,AA,AA,TT,AT,AA,CC,TT,CC,GG,TT,TT,AA,GG,CC,AA,GG,AA,TT,GG,TT,TT,GG,GG,GG,CC,AA,GG,AA,AA,CG,TT,CC,TT,CC,AT,GT,GG,CT,CC,TT,CC,CC,CC,GG,AA,TT,TT,CC,AA,AG,AA,CT,GG,TT,CC,TT,AC,AA,TT,CG,GG,CG,AG,CC,GG,CT,AA,CC,CC,CC,CC,AG,GT,CC,AA,CC,CC,AA,TT,AA,AA,GG,TT,CC,GG,AA,AA,AT,AC,GG,CC,CC,AA,AA,AG,GT,GG,AA,TT,CT,GG,AA,TT,GG,CT,CG,AT,TT,TT,AA,TT,CG,CC,NN,CT,AC,CC,CG,CC,AA,GG,AG,CC,TT,CC,GT,TT,GG,AA,AA,AG,TT,CC,GG,AA,AA,CC,GG,NN,AA,GG,TT,AA,AG,CC,GT,AA,CC,AA,AA,GG,TT,AT,AT,GG,GG,AA,CC,TT,TT,AA,GG,AA,TT,AA,TT,CC,TT,AA,CC,TT,GG,AG,CC,AA,AC,AT,TT,GT,GG,TT,AA,CC,AA,GG,CC,CC,GG,NN,GG,AT,AA,CC,TT,GG,CG,CC,AA,GG,CC,AT,CC,AA,AG,CC,CC,CC,TT,AA,GG,AA,AA,AC,AA,GG,AA,AG,AA,TT,GG,AC,AG,AC,AC,CT,AA,AG,CC,GG,GG,TT,AA,AG,TT,TT,TT,AA,AT,GG,GG,AA,7.39,Susceptible,Low,Poor,Medium
L0915,Warangal,Telangana,Rabi,Black Cotton,Irrigated,410,26.5,60,AA,TT,AG,AG,GG,CG,GG,TT,CC,CC,AT,CC,GG,TT,GT,GG,CC,TT,AT,AA,CC,GT,TT,CC,TT,CC,GT,TT,NN,AA,TT,CC,AA,CC,AG,GG,GG,CC,GG,CC,TT,CC,AA,TT,AA,GG,TT,TT,CC,AC,GG,AT,AA,GG,CT,TT,AA,AC,TT,CC,AA,TT,AT,AG,TT,AT,CC,GG,TT,GG,AG,GT,CC,AA,GG,AA,AT,AG,TT,TT,GG,GT,GG,CC,AA,GG,AA,AA,CC,GT,CC,TT,CT,AT,TT,GG,TT,AC,GT,CC,CT,CG,AG,AA,TT,TT,CG,AA,GG,AA,TT,GG,TT,CC,TT,AC,AA,TT,CC,AG,CC,AG,CC,GT,TT,AG,CT,CC,CC,CC,AA,TT,CC,AA,CC,CC,AA,TT,AA,AA,GG,CC,CC,GG,AA,AA,AA,CC,GG,CC,CC,AG,AG,GG,TT,AG,AA,TT,TT,GG,AC,TT,TT,TT,CC,AA,GT,TT,AA,AT,GG,CC,AG,CT,CC,CC,GG,NN,AA,GG,AA,CC,TT,CC,GG,GT,CG,AT,AA,AA,TT,CC,GG,AA,NN,CC,GG,GG,AA,GG,TT,AC,AG,CC,GT,AA,AC,AA,AT,GG,TT,TT,AA,CG,TT,TT,CC,TT,NN,AA,GG,AA,TT,AA,TT,CC,CT,AC,CC,CT,GG,AA,CG,GG,CC,TT,TT,GG,GG,TT,AA,AC,AA,GG,CC,CG,GG,CC,GG,AT,AA,CC,TT,GG,CC,CC,AA,GG,CC,AA,CC,AA,AA,AA,GG,CC,TT,AA,GG,AA,AA,AC,AC,GG,AA,AA,AA,AT,GG,AA,GG,CC,AA,TT,AG,AA,GG,AG,GG,TT,AA,AA,GT,TT,TT,AA,AT,GG,GG,AA,5.7,Moderate,High,Standard,Late
L0916,Warangal,Telangana,Rabi,Black Cotton,Irrigated,410,26.5,60,CC,TT,AG,AA,GG,CC,GG,AT,CC,CC,AA,CT,CC,TT,TT,GG,CG,TT,TT,AA,CC,GT,TT,CT,TT,CC,TT,TT,GG,AA,TT,CT,AA,CC,GG,GG,GG,GG,GG,CC,TT,CT,AA,TT,AA,AG,TT,TT,CC,AA,GT,AT,AA,GG,CC,GT,AA,AC,GT,AA,AA,TT,AT,AG,CT,TT,CC,GG,TT,GG,AA,GG,CC,AA,AG,AA,AA,GG,TT,TT,GG,GT,GG,CC,AA,GG,AA,AA,CC,GT,CC,TT,NN,TT,TT,GG,CT,CC,GT,CC,CT,CG,GG,AA,AT,TT,CG,AA,AA,AC,CC,GG,TT,NN,TT,AA,AA,TT,CC,AG,CC,GG,CC,GG,TT,AG,CT,CC,CC,CC,AA,TT,AC,AA,CC,CC,AA,TT,AA,TT,GG,CT,CG,GG,AA,GG,AA,AC,GT,CC,CC,AA,AA,GG,TT,AG,AC,TT,CT,GG,CC,GT,TT,CT,CG,AA,TT,CT,AA,TT,GG,CC,AG,CC,CC,CC,GG,CC,AA,GG,AA,CC,TT,CC,GT,GT,CG,AT,AA,AG,GT,CC,CG,AA,CC,CC,GG,GG,AC,GG,TT,AC,AA,CC,GG,AA,CC,AT,AA,GG,TT,AT,TT,GG,GG,AA,CC,TT,GT,AA,GG,AA,TT,AC,TT,CC,TT,AA,CC,TT,GG,GG,CG,AA,AC,TT,TT,GT,NN,AT,CC,AC,AA,GT,CC,CG,GG,CC,GG,AT,AA,CG,GT,GG,CC,CC,AT,AA,CG,AA,CC,AA,AA,AC,CC,AC,TT,AA,GG,AA,AA,AC,AC,AG,AA,AG,AA,TT,GG,AA,AA,AA,AC,CT,AA,AA,GG,GG,GG,TT,AA,AG,GT,TT,TT,AA,AT,GG,GG,AC,6.79,Moderate,High,Standard,Early
L0917,Warangal,Telangana,Rabi,Black Cotton,Irrigated,410,26.5,60,AC,TT,GG,AG,GG,CC,GT,AT,CC,CG,AA,CC,CC,TT,TT,GG,CG,TT,TT,AA,CC,TT,GT,CC,TT,CC,TT,TT,GG,AA,TT,CC,AA,CC,GG,GG,GG,CC,GG,CC,GT,CT,AC,TT,AG,AG,TT,AT,CC,CC,GG,AT,AG,GG,CT,GT,AT,AA,GT,NN,AG,GT,AT,AG,TT,AT,CC,GG,TT,TT,AA,GT,CC,AA,GG,AA,AT,GG,TT,TT,NN,GG,GG,AC,AT,GG,AA,AT,CC,GT,AC,TT,NN,TT,GG,GG,TT,AC,NN,CC,CT,CC,AG,AA,TT,TT,CC,AA,AG,AC,CT,GG,TT,CC,TT,AA,AA,TT,NN,GG,CC,GG,CC,GG,CT,AA,CC,CC,CC,CC,AA,TT,CC,AA,CC,CC,AA,NN,AA,AT,GG,CC,CC,GG,AA,AG,AA,CC,GG,CC,CC,AA,AG,GG,TT,GG,AC,GT,TT,GG,AC,GT,GT,TT,CC,AA,TT,TT,AA,TT,CG,CC,AA,CT,AC,CC,CG,CC,AA,NN,AA,CC,TT,CC,GT,TT,GG,AT,AA,AG,TT,CC,CG,AA,AC,CC,GG,NN,AA,GG,TT,AA,AG,CC,GG,AT,CC,AA,AT,GG,GT,AT,NN,GG,TT,AA,CC,TT,TT,AA,NN,AA,TT,AA,TT,CC,TT,AA,CC,TT,CG,AA,CC,GG,CC,TT,TT,GT,CG,TT,AC,AC,NN,GG,CC,CG,GG,CC,GG,TT,AA,CC,GT,GG,CG,CC,AA,GG,CC,AT,CC,AA,AA,CC,CC,CC,TT,AA,GG,AA,AA,CC,AA,AA,AG,AG,AA,TT,GG,AA,AA,AC,AA,CT,AG,AA,GG,GG,GG,GT,AA,AA,TT,TT,TT,AG,TT,GG,GG,AC,6.72,Resistant,Low,Poor,Early
L0918,Warangal,Telangana,Rabi,Black Cotton,Irrigated,410,26.5,60,AC,TT,GG,AA,GG,CC,GT,TT,CC,CC,AA,CC,CC,TT,TT,GG,GG,TT,TT,AA,NN,GT,TT,CT,TT,CC,TT,TT,GT,AA,TT,CC,AA,CC,GG,GG,GG,CG,GG,AC,TT,CT,AA,TT,AG,GG,TT,TT,CC,CC,GG,AA,AG,GG,CC,TT,AT,AA,GG,AA,AA,TT,AT,AG,TT,TT,CC,GG,TT,GG,AA,GT,CC,AA,GG,AA,AT,AG,TT,TT,NN,TT,GG,CC,AA,GG,AA,AA,CC,GT,CC,TT,CC,TT,TT,GG,TT,AC,TT,CC,CT,CG,AA,AA,TT,TT,NN,AA,AG,AA,CC,GG,TT,GG,GT,AA,AA,TT,CG,AG,CC,GG,CC,GT,CT,NN,CC,CC,CC,CC,AA,NN,CC,AA,CC,CC,AA,TT,AA,AA,GG,TT,CC,GG,AA,AA,AA,CC,GG,CC,CC,AA,AG,GG,TT,AG,AA,TT,CT,GG,AA,NN,TT,TT,CC,AA,TT,CT,AT,AT,GG,CC,AG,CT,CC,CC,CG,CC,AA,GG,AA,CC,TT,CG,GG,TT,CC,AA,AA,AA,TT,CC,GG,AA,CC,CG,GG,AG,AA,GG,TT,AC,AA,CC,GG,AA,AC,AA,AA,GG,TT,AT,AA,GG,GT,AA,CC,NN,TT,AA,GG,AA,TT,AA,TT,CC,CT,AA,CC,CT,GG,AA,CG,AG,CC,TT,CT,GT,GG,TT,AA,AC,AG,GG,CG,CG,GG,CC,GG,TT,AA,CG,GT,GG,CC,CC,AA,AA,CG,AT,CC,AA,AA,CC,CC,CC,TT,AA,GG,AA,AA,AC,AA,GG,AA,AA,AA,TT,GG,AA,AG,CC,AC,TT,AA,AA,GG,GG,GG,TT,AA,AA,TT,TT,TT,AA,TT,GG,GG,AA,6.86,Susceptible,Low,Poor,Medium
L0919,Warangal,Telangana,Rabi,Black Cotton,Irrigated,410,26.5,60,AC,CT,GG,AG,GG,CC,GG,TT,CC,CG,AA,CT,CC,TT,TT,GG,CG,TT,TT,AA,CG,GT,TT,CC,TT,CC,TT,TT,GG,AA,TT,CT,AA,CC,GG,GG,GG,CC,GG,CC,TT,CC,AA,TT,AG,GG,TT,AT,CC,AC,GT,AA,AA,GG,CT,TT,AA,AA,GT,AC,AA,TT,TT,GG,CT,TT,CC,GG,TT,GG,AG,GG,CC,AA,AG,AC,AA,GG,TT,TT,GG,GT,GT,CC,AA,GG,AA,AA,CC,TT,CC,TT,CC,TT,GT,GG,CT,CC,TT,CC,TT,CG,AG,AG,AT,TT,CC,AA,GG,AA,CC,GG,TT,CC,TT,AA,AC,TT,CC,GG,CC,GG,CC,GT,TT,AA,CC,CC,CC,CC,NN,TT,CC,AA,CC,CC,AA,TT,AA,AA,GG,CC,CC,GG,AA,AG,AA,AC,GG,CC,CG,AA,AA,GG,TT,GG,AC,TT,TT,GG,CC,GT,TT,TT,CC,AA,GT,TT,AA,TT,GG,CG,AA,TT,CC,CC,CG,AC,AA,GG,AG,CC,TT,CG,GT,GT,GG,AT,AA,AG,TT,CC,GG,AA,CC,CC,GG,GG,AA,CG,TT,AA,AA,CC,GG,AT,AC,AA,AA,GG,TT,AT,AT,GG,GT,AT,CC,AT,GT,AA,GG,AA,CC,AA,TT,CC,CT,AA,CC,TT,NN,AA,CC,AA,CC,TT,TT,NN,CG,TT,AA,CC,AA,GG,CC,CG,GG,CC,GG,AT,AA,CC,TT,GG,CC,CC,AA,GG,CG,AA,CG,AA,AA,AC,CG,CC,TT,AA,GG,AT,AA,AA,AA,AG,AG,AG,AA,TT,GG,AA,AA,AC,AC,CT,AA,AG,GG,GG,GG,TT,AT,AA,TT,TT,TT,AA,AT,GG,GG,CC,7.96,Resistant,High,Premium,Medium
L0920,Warangal,Telangana,Rabi,Black Cotton,Irrigated,410,26.5,60,AA,TT,NN,AG,CG,CC,GG,TT,CC,GG,AA,CT,CG,TT,TT,GG,GG,TT,TT,AA,CC,GT,GG,CT,TT,CC,GT,AT,GG,AA,TT,CC,AA,NN,AG,GG,GG,CG,GT,CC,TT,CT,AA,TT,AG,GG,TT,AT,CC,AC,GT,AT,AA,GG,CT,TT,AA,AA,TT,AC,AA,GT,TT,AA,TT,TT,CC,GG,TT,GG,AG,GG,CC,AA,GG,AA,NN,GG,TT,TT,GG,GT,NN,CC,AA,GG,AA,AA,CC,GT,CC,TT,CT,TT,TT,GG,TT,AC,GT,CC,CC,CG,AG,AG,TT,TT,CC,AA,AA,AA,CC,GG,TT,CC,TT,AC,AA,TT,CG,AG,CC,GG,CC,GG,TT,AA,CC,CC,CC,CC,AA,TT,CC,AA,CC,CC,AA,AA,AA,AT,GG,CC,CC,GG,AA,AG,AA,CC,GT,CC,CC,AA,AA,GG,TT,AG,AA,GT,NN,GG,AA,GT,GT,TT,CC,AA,GG,TT,AA,TT,GG,NN,AG,CC,CC,CC,GG,CC,AA,GG,AG,CC,TT,CG,GG,GT,CG,AT,AA,AA,TT,CC,CG,AA,CC,CC,GG,GG,AA,CG,TT,AC,AA,CC,GG,AA,AA,AA,AA,GT,TT,TT,AA,NN,GT,AA,CG,AT,TT,AA,GG,AA,TT,AC,TT,CC,TT,AC,NN,CT,CG,AA,CC,AG,CC,TT,TT,GT,NN,TT,AA,AC,AG,GG,CC,CC,GG,CC,GG,TT,AA,CC,GT,GG,CC,CC,AA,GG,CG,AA,CC,AT,AA,CC,GG,AC,TT,AA,GG,AA,AA,AC,AA,AG,AG,AA,AA,TT,CG,AC,AA,AC,AA,TT,AA,AA,GG,GG,GG,TT,AA,AG,GT,TT,TT,AA,AT,GG,GG,AA,6.64,Susceptible,Medium,Poor,Early
L0921,Warangal,Telangana,Rabi,Black Cotton,Irrigated,410,26.5,60,AC,TT,GG,AA,GG,CC,GT,TT,CC,CC,AA,CC,CC,AT,GT,GG,GG,TT,TT,AA,CC,GT,GT,TT,TT,CC,GT,TT,GG,AA,TT,CT,AG,CC,GG,GG,GG,CC,GG,CC,TT,TT,AA,TT,AA,AG,TT,TT,CC,AA,GG,AA,AA,GG,TT,GT,AA,AA,TT,AA,AA,TT,AT,AA,TT,AA,CC,GG,TT,GG,AA,GT,AC,AA,GG,CC,AT,GG,TT,TT,GG,GG,GG,CC,AA,GG,AG,AA,CC,GT,CC,TT,TT,TT,TT,GG,TT,AC,GT,CC,CT,CG,AG,AA,TT,TT,CC,AA,AG,AA,CC,GG,NN,CC,TT,AA,AA,TT,CG,AG,CC,AG,CT,GG,TT,AA,CC,CC,NN,CC,AG,TT,CC,AA,CC,CC,AA,TT,AA,AA,GG,CC,CC,GG,AA,AA,AA,CC,TT,CC,CG,AA,AG,AG,TT,AG,AA,TT,TT,GG,AC,TT,TT,TT,CC,AA,TT,TT,AA,AT,CG,CC,AG,TT,CC,CC,CG,CC,AA,GG,NN,CC,TT,CG,GG,TT,GG,AA,AA,AA,TT,CC,CG,AC,AC,CC,GG,GG,AC,NN,TT,AA,AA,CC,NN,AA,CC,AA,AA,GG,TT,TT,AA,GG,TT,TT,CC,TT,GT,AA,GG,AA,TT,AA,TT,CC,TT,AC,AC,TT,GG,AA,CG,AG,AC,TT,TT,TT,GG,TT,AA,CC,AG,GG,CC,CG,GG,CC,GG,AA,AG,CG,GG,AG,CC,CC,AT,GG,CC,AA,CC,AA,AA,AC,CC,AC,TT,AA,CG,AA,AA,AA,AC,AG,AA,AA,AA,TT,GG,AA,AA,CC,AA,CC,AA,AA,GG,AG,GG,TT,AA,AA,TT,TT,TT,AA,AT,GG,CG,AA,4.04,Susceptible,High,Poor,Medium
L0922,Warangal,Telangana,Rabi,Black Cotton,Irrigated,410,26.5,60,AA,TT,GG,AG,GG,CC,GG,TT,CC,CC,AA,CC,CC,AT,TT,GT,GG,TT,TT,AA,CC,TT,GT,CC,TT,CC,TT,TT,GT,AA,TT,CC,AA,CC,GG,GG,GG,CG,GG,CC,TT,TT,AA,GG,AA,GG,TT,TT,CC,AC,GT,AA,AG,GG,CC,TT,AA,AC,GT,AA,AA,TT,TT,AG,TT,TT,CC,GG,CT,GG,AA,GG,CC,AA,GG,AC,AA,GG,TT,TT,GG,TT,GG,CC,AA,NN,AA,AT,CC,TT,AA,TT,CC,TT,GT,GG,CT,AC,TT,CC,CC,CC,AG,AA,TT,TT,CC,AA,AG,AC,CC,GG,TT,CC,TT,AA,AA,AT,CC,GG,CC,AG,CT,GG,TT,AA,TT,CC,CC,CC,AA,TT,CC,AA,CC,CC,AA,AT,AA,AA,GG,CC,CC,AG,AG,AG,AA,AC,GG,CC,CC,AA,AA,GG,TT,AA,AA,TT,TT,AG,CC,GT,TT,TT,CG,AA,TT,CT,AA,AT,GG,CC,GG,CT,CC,CC,CG,CC,AA,GG,AG,CC,GT,CC,GG,TT,GG,TT,AA,AG,TT,CC,CC,AA,CC,CC,GG,GG,AC,CG,TT,AA,AA,CC,GT,AA,CC,AA,AA,GT,TT,TT,AT,CG,GG,AT,CC,AT,TT,AA,GG,AG,TT,AC,TT,NN,TT,AC,CC,TT,GG,AG,CC,GG,CC,TT,TT,TT,GG,TT,AC,CC,AA,GG,CG,CC,GG,CC,GG,AT,AA,CG,TT,GG,CC,CC,AT,GG,CG,AA,CC,AA,AG,CC,CC,CC,TT,AA,GG,AA,AA,AA,AA,AG,AA,AG,AA,TT,GG,AC,AG,CC,AC,CC,AA,AA,GG,GG,CG,GT,AT,AA,GG,TT,TT,AG,TT,GG,CG,AA,6.21,Susceptible,High,Premium,Early
L0923,Warangal,Telangana,Rabi,Black Cotton,Irrigated,410,26.5,60,AC,TT,GG,AG,CG,CC,GT,TT,CC,CC,AA,TT,CG,TT,GT,GG,CG,TT,TT,AA,CC,GT,GT,CT,AT,CC,TT,TT,GG,AA,TT,CC,AA,CC,GG,CG,GG,GG,GG,CC,TT,CT,AA,TT,AA,AG,TT,TT,CC,CC,GG,AA,AG,GG,CT,TT,AA,AA,GG,AC,AG,TT,AT,AA,TT,TT,CC,GG,TT,GG,AA,GG,CC,AA,AG,AC,AA,GG,GG,TT,GG,GG,GG,CC,AT,GG,AA,AA,CC,TT,CC,TT,CC,TT,GG,GG,TT,CC,TT,CC,CT,CC,AG,AA,TT,TT,CC,AA,AA,AC,CC,GG,TT,NN,TT,AA,AA,TT,CC,AG,CC,GG,CC,GG,TT,AA,CC,CC,CC,CC,AA,TT,CC,AA,CC,CC,AG,TT,AA,AA,CG,CC,CC,GG,AA,AG,AA,AC,GG,CC,CG,AA,AA,GG,GG,GG,AC,TT,TT,GG,AC,TT,TT,CT,CC,AA,GG,TT,AT,TT,GG,CC,AG,CT,CC,AC,GG,CC,AA,GG,GG,CC,TT,CC,GG,GT,GG,AT,AA,AA,TT,CC,GG,AC,CC,CC,GG,GG,AA,GG,NN,AC,NN,CC,GG,AA,AA,AA,AT,TT,NN,AA,TT,GG,GG,AT,CC,AT,GT,AA,GG,AA,CC,AC,AT,CC,TT,AA,CC,CT,CG,AG,CC,AA,CC,TT,NN,GT,NN,TT,AA,AC,AG,GG,CC,CC,GG,CC,GT,AA,AA,CC,TT,GG,CC,CG,AA,GG,CG,AA,CC,AA,AA,CC,CC,CC,AT,AA,GG,AA,AA,AC,AA,AG,AG,AA,AA,TT,GG,CC,AA,CC,AA,TT,AA,AG,GG,GG,GG,TT,AA,AA,GT,TT,TT,AA,AT,GG,GG,AA,6.96,Moderate,High,Poor,Early
L0924,Warangal,Telangana,Rabi,Black Cotton,Irrigated,410,26.5,60,AC,TT,GG,AG,GG,CC,GG,TT,CC,CC,AA,CC,CC,TT,TT,GT,GG,TT,TT,AA,CC,TT,TT,CC,TT,CC,GT,AT,GT,AA,TT,CC,AA,CC,GG,NN,GG,CC,GG,CC,TT,TT,AA,TT,AA,GG,TT,AT,CC,CC,GG,AA,AA,CG,CC,GG,AA,AC,GT,AC,AA,TT,AT,AA,CC,TT,CC,GG,TT,GG,AG,GG,CC,AA,GG,AC,AA,AG,TT,TT,AG,GT,GG,CC,AA,GG,AA,AA,CC,TT,AC,TT,CT,TT,GT,GG,TT,AC,TT,CC,CT,CG,AG,AA,TT,TT,CC,AA,AA,AC,CC,GG,TT,CG,TT,AA,AA,AT,CC,AG,CG,GG,CC,GG,CC,AA,CC,CC,AC,CC,AA,TT,CC,AA,CC,CC,AA,TT,AA,AA,CG,CC,CC,GG,AA,AG,AT,CC,GT,CC,CC,AA,AA,GG,TT,GG,AC,GT,CT,GG,AC,TT,GG,TT,CG,AA,TT,TT,AA,TT,GG,CC,AA,CC,CC,AC,CG,CC,AA,GG,AA,CC,TT,CC,GT,TT,GG,AT,AA,AA,TT,AA,GG,AA,CC,CC,GG,GG,AC,GG,TT,CC,AA,NN,GG,AA,AC,AT,AT,GG,TT,TT,AA,GG,GT,AT,CC,TT,TT,AA,GG,AA,CT,AA,TT,CC,TT,AA,CC,CT,GG,AA,CG,GG,CC,AT,CT,TT,GG,AT,AA,CC,AA,GG,CC,CG,GG,CC,GG,AT,AA,CG,GT,GG,CC,CC,AA,GG,GG,AA,CC,AA,AG,CC,CG,CC,AT,AA,GG,AA,AA,AA,AA,AG,AA,AG,NN,AT,GG,AC,AA,CC,AA,TT,NN,AA,GG,GG,GG,TT,AT,AA,TT,TT,TT,AA,AT,GG,GG,AA,7.15,Moderate,Low,Premium,Medium
L0925,Warangal,Telangana,Rabi,Black Cotton,Irrigated,410,26.5,60,CC,CT,GG,AA,GG,CC,GT,AT,CC,CC,AT,CT,CC,TT,GT,GG,NN,TT,TT,AA,CC,NN,TT,CC,TT,CC,TT,TT,GG,AA,TT,CC,NN,CC,AG,GG,GG,CC,GG,CC,TT,TT,AA,TT,AA,AG,TT,TT,CC,AC,GT,AA,AA,GG,CC,TT,AA,AA,GT,AC,AA,TT,TT,AG,TT,AT,CC,GG,CT,GG,AA,GG,CC,AA,AG,AC,AT,GG,TT,TT,GG,GT,TT,CC,AA,GG,AA,AA,CC,GT,AC,GT,CC,TT,TT,GG,TT,CC,GT,CC,CC,CC,GG,AA,TT,TT,CC,AA,AA,AA,CC,GG,TT,CC,TT,AA,AA,TT,CC,GG,CC,AG,CT,GT,TT,AA,CT,CC,CC,CC,AA,TT,CC,AA,CC,CC,AG,TT,AA,AA,CG,CC,CC,GG,AA,AA,AA,AC,GT,CC,CC,AG,AG,GG,TT,GG,AA,TT,TT,AA,AC,GT,GT,TT,CC,AT,TT,TT,AT,AT,GG,CC,AG,TT,CC,NN,CG,CC,AA,GG,AG,CC,TT,CC,TT,GT,GG,AT,AA,AA,GT,AC,GG,AA,CC,CC,GG,GG,AC,GG,TT,AC,AA,CC,GG,TT,AC,AA,AT,GT,TT,AT,AA,GG,GT,AA,CC,TT,GT,AA,GG,AA,CC,AA,TT,CC,CC,AA,CC,TT,GG,AA,CG,AG,NN,TT,TT,TT,GG,TT,CC,AC,AG,GT,CC,CG,CG,CC,GT,TT,AA,CC,TT,GG,CC,CC,AA,GG,CC,AA,CC,AT,AA,CC,CC,AC,TT,AA,GG,AA,AA,AC,AA,NN,AG,AA,AA,TT,GG,AA,AA,AA,AC,CC,AA,AA,CG,GG,GG,TT,AA,AG,TT,TT,TT,AA,TT,GG,GG,AA,5.7,Moderate,High,Poor,Late
L0926,Warangal,Telangana,Rabi,Black Cotton,Irrigated,410,26.5,60,AC,TT,GG,AG,GG,CC,GT,TT,CC,CG,AA,CC,CG,AT,TT,GG,GG,TT,TT,AG,CC,TT,TT,CC,TT,CC,GT,TT,GG,AA,TT,CC,AA,CC,AG,CG,GG,CG,GG,CC,TT,CT,AA,TT,AA,AG,CT,TT,CG,AC,GG,AA,AA,GG,CC,TT,AA,AC,GG,CC,AA,GT,TT,AA,TT,TT,CC,GG,TT,GG,AA,GG,CC,AA,GG,AA,AT,AG,TT,TT,GG,GG,GT,CC,AT,GG,AA,AA,CC,GT,AC,GT,CT,TT,TT,GG,TT,CC,TT,CC,CC,CC,AG,AA,TT,GT,CG,NN,AG,AC,CT,GG,TT,CC,TT,AC,AA,TT,CC,GG,CC,GG,CC,GG,TT,AA,CT,CC,CC,CC,AG,NN,CC,AA,CC,CC,AA,AT,AA,AT,CG,CC,CC,GG,GG,AA,AT,CC,GG,CG,CC,AG,AA,GG,TT,GG,AC,TT,TT,GG,AA,TT,GG,TT,CC,AT,GG,TT,AA,AT,GG,CC,AA,CT,CC,CC,CG,AC,AA,GG,AG,CC,TT,CC,GT,TT,GG,AA,AA,AA,TT,CC,GG,AC,CC,CG,GG,GG,AA,GG,TT,AC,AA,CC,GG,TT,CC,AT,AT,GG,TT,AT,AA,CG,GT,AA,GG,AT,TT,AA,GG,AA,TT,AA,NN,CC,CT,AC,CC,CT,CG,GG,CC,AG,CC,TT,TT,TT,GG,TT,AA,CC,AG,GG,CC,CG,GG,CC,GG,AT,AA,CG,TT,GG,CC,CC,AA,AG,CC,AT,CC,AA,AA,AC,CC,AC,TT,AA,CG,AA,AA,AC,AA,AG,AG,AA,AA,TT,CG,AA,AA,AC,AA,TT,AA,AA,GG,GG,GG,TT,NN,AG,TT,TT,TT,GG,TT,GG,CG,AA,5.57,Susceptible,Medium,Poor,Early
L0927,Warangal,Telangana,Rabi,Black Cotton,Irrigated,410,26.5,60,CC,TT,AG,AA,GG,CC,GG,AT,CC,CC,AA,CC,CC,TT,TT,GG,CG,TT,TT,AA,CC,TT,TT,CC,AT,CC,TT,NN,GG,AA,TT,CT,AA,AC,GG,CG,GG,GG,GG,CC,TT,TT,AA,TT,AA,AG,CT,AT,CC,AC,GG,AA,AG,GG,CT,GG,AT,AA,GT,AA,AA,GT,TT,AG,TT,TT,CC,GG,TT,GG,AA,GG,CC,AA,GG,AC,AT,GG,TT,TT,GG,GG,GG,CC,AT,GG,AA,AA,CC,GT,CC,TT,CC,TT,GT,GG,TT,AC,GT,CC,CT,CC,AG,AA,TT,TT,CC,AA,AA,AC,CC,GG,TT,CC,GT,AC,NN,TT,GG,GG,CG,GG,CC,GT,CT,AA,CC,CC,CC,CC,AA,TT,CC,AA,CC,CC,AA,TT,AA,AT,GG,CT,CC,GG,AG,AG,AT,CC,GG,CC,CC,AA,AA,GG,GG,AG,AC,GT,TT,GG,AC,TT,TT,TT,CC,AA,TT,TT,AA,TT,GG,CC,AG,CC,CC,CC,CG,CC,AA,GG,AA,CC,TT,CC,GG,TT,GG,TT,AA,AA,TT,CC,CG,AC,CC,CC,GG,GG,AC,CG,TT,AA,AA,CC,GG,TT,AC,AA,AA,GT,TT,TT,AT,CG,TT,AA,CG,TT,GT,AA,GG,AA,CC,AA,TT,CC,TT,AC,AC,NN,GG,AG,CC,AG,CC,TT,TT,TT,GG,AA,AA,CC,AA,GG,CC,CC,GG,CC,GG,AT,AA,CC,GT,GG,CC,CC,AA,GG,CC,AA,CG,AA,AA,NN,CC,CC,TT,AA,NN,AA,AA,AA,AA,GG,GG,AG,GG,TT,CG,AA,AA,CC,AA,CC,AA,AA,GG,GG,GG,TT,AA,AA,GT,TT,TT,GG,TT,GG,CG,AA,8.21,Susceptible,Low,Poor,Late
L0928,Warangal,Telangana,Rabi,Black Cotton,Irrigated,410,26.5,60,AA,TT,GG,AG,GG,CC,GG,AT,CC,CG,AA,CT,GG,TT,TT,GT,GG,TT,TT,AA,CC,TT,TT,CC,AT,CC,TT,TT,GG,AA,TT,CT,AA,CC,GG,GG,GG,CC,GG,CC,TT,TT,AA,GT,AA,GG,TT,AT,CG,AA,GG,AA,AG,GG,CT,TT,AA,AA,GT,AC,AA,TT,TT,AG,CT,TT,CC,GG,TT,GG,AA,GG,CC,AG,GG,AA,AA,GG,TT,TT,GG,GG,GG,CC,AA,GG,AA,NN,NN,NN,CC,TT,CC,TT,GT,GG,CT,AA,TT,CC,CT,CC,AG,NN,TT,TT,CC,AG,AA,AA,CC,GG,TT,CC,TT,CC,AA,TT,CG,AG,CG,GG,CT,GG,CC,AG,CC,CC,CC,CC,AA,TT,AC,AA,CC,NN,AA,TT,AA,TT,GG,CC,CC,GG,AA,AG,AT,AC,GT,CC,GG,AA,AA,NN,TT,GG,AC,NN,TT,GG,CC,TT,TT,CT,CC,AT,TT,TT,AT,TT,GG,CC,AG,CT,CC,CC,CG,CC,AA,GG,AA,CC,TT,CC,GG,GT,CG,AT,AG,AG,TT,CC,GG,AA,AC,CC,CG,GG,AC,GG,NN,AA,AA,CC,GT,AA,AC,AA,AT,GG,TT,TT,AA,GG,GT,AT,CC,AT,GT,AA,GG,AA,CT,AA,TT,CC,TT,AC,CC,TT,GG,AG,CG,GG,CC,TT,TT,GT,GG,TT,AA,CC,AG,GG,CC,CG,GG,CC,GG,AT,AA,CC,TT,GG,CC,CC,AT,GG,CC,AA,CC,AA,AA,AC,CG,CC,TT,AA,GG,AA,AA,AA,AA,GG,AG,AA,AA,TT,GG,AA,AA,CC,AA,TT,AA,AA,CG,GG,GG,GT,NN,AA,GT,TT,TT,NN,AT,GG,CG,AA,8.59,Moderate,Low,Premium,Early
L0929,Warangal,Telangana,Rabi,Black Cotton,Irrigated,410,26.5,60,CC,CT,AG,AG,GG,CC,GT,AT,CC,CG,AA,TT,CG,AT,TT,GG,CG,TT,TT,AG,CC,TT,GT,CC,NN,CC,TT,TT,GG,AA,TT,CC,AA,CC,AG,GG,GG,GG,GG,CC,TT,CC,AA,TT,AG,AG,TT,TT,CC,CC,GT,AA,AA,GG,CT,TT,AA,AA,TT,CC,AA,TT,TT,AG,CT,TT,CC,GG,TT,GT,AA,GG,CC,AA,GG,AA,AA,GG,TT,TT,GG,TT,GT,CC,AA,GG,AA,AA,CC,NN,AC,TT,CC,TT,TT,AG,TT,AC,TT,CT,CC,CC,AG,AA,TT,TT,CC,AA,AA,AA,CT,GG,TT,CG,GT,AC,AA,TT,CC,GG,CC,AG,CC,GG,CT,AA,CC,CC,CC,CC,AA,GT,CC,AA,CC,CC,AA,TT,AA,AA,GG,CC,CC,GG,AA,AG,AA,AC,GT,CC,CC,AG,AG,GG,GT,AG,AA,TT,CT,AG,CC,TT,TT,TT,GG,AA,TT,TT,AA,TT,GG,CC,AA,CT,CC,CC,GG,CC,NN,GG,AG,CC,TT,CC,TT,GT,GG,AT,AA,AA,TT,CC,GG,AA,AC,CC,GG,GG,AA,GG,TT,AC,AA,CC,GG,AA,CC,AA,AA,GT,TT,TT,AT,CG,TT,AA,CC,AT,TT,AA,GG,AA,CT,AC,TT,CC,CT,AA,CC,TT,CG,AA,CG,GG,AC,TT,TT,GG,GG,TT,AA,CC,AA,GG,CC,CG,GG,CC,GT,AT,AA,CC,TT,AG,CG,CC,AA,GG,CC,AT,CC,AT,AA,CC,CC,AC,TT,AA,GG,AA,AA,AC,AA,GG,AA,AA,AA,AT,GG,AA,AG,AC,AC,CC,AA,AA,GG,GG,GG,TT,AA,AA,TT,TT,TT,AG,TT,GG,CG,AC,9.22,Resistant,Medium,Poor,Early
L0930,Warangal,Telangana,Rabi,Black Cotton,Irrigated,410,26.5,60,AC,TT,GG,AA,GG,CC,GG,AT,CC,CG,AT,CC,GG,TT,TT,GT,GG,TT,TT,AG,CC,TT,TT,CC,TT,CC,TT,TT,GT,AA,CT,CC,AA,CC,GG,GG,GG,CG,GG,CC,TT,TT,AA,TT,AG,GG,TT,TT,CC,AC,GT,AA,AA,GG,CC,TT,AA,AC,GT,CC,AA,TT,TT,AA,TT,AT,CC,GT,TT,GG,AG,GT,AC,AA,GG,AA,TT,GG,TT,TT,GG,GT,TT,CC,AA,GG,AA,AA,CC,GT,AC,GT,CT,TT,GT,GG,CT,CC,GT,NN,CC,CC,AA,AA,TT,TT,CC,AA,AG,AA,CC,GG,TT,CC,TT,AC,AA,TT,CC,AG,CC,AG,NN,GG,NN,AA,CC,CC,CC,CC,AA,TT,AC,AA,CC,CC,AA,NN,AA,AA,GG,CC,CC,GG,AA,AA,AA,CC,GT,CC,CG,AA,AA,AG,TT,AG,AC,GT,TT,GG,CC,GT,GT,CT,CC,AA,TT,TT,TT,TT,GG,CC,AA,CC,AC,AC,CG,CC,AA,GG,AG,CC,TT,CC,GG,GT,GG,AT,AA,AG,TT,NN,GG,AA,CC,CG,GG,GG,AC,GG,TT,AA,AA,CC,GG,AT,AA,AA,AT,GG,TT,AT,AA,GG,GT,AA,CC,TT,TT,AA,GG,AA,CT,AA,TT,CG,TT,AC,CC,TT,GG,AA,CG,AG,CC,TT,TT,TT,GG,TT,AA,CC,AA,GG,CC,CG,GG,CC,GG,AT,AA,CG,TT,GG,CC,CG,AT,GG,CC,AA,CC,AA,AA,AC,CG,CC,TT,AA,GG,AA,AA,AC,AA,AG,AA,NN,AA,AT,CG,AA,GG,CC,AA,TT,AA,AA,GG,GG,CG,TT,AA,AA,GT,TT,TT,AG,AT,GG,GG,AA,9.36,Susceptible,Medium,Premium,Medium
L0931,Warangal,Telangana,Rabi,Black Cotton,Irrigated,410,26.5,60,AA,TT,GG,AG,CG,NN,GG,AT,CC,CC,AA,CC,CC,TT,TT,GG,GG,TT,TT,AA,CC,GT,NN,CC,TT,CC,TT,TT,GG,AA,TT,CC,AA,CC,GG,GG,GG,CG,GG,CC,TT,CT,AA,TT,AA,GG,TT,TT,CC,CC,GG,AA,AA,GG,CC,TT,AA,CC,GT,AA,GG,TT,TT,GG,TT,TT,CC,GT,TT,GG,AG,GG,CC,AA,AG,AA,AT,AG,GT,TT,GG,GG,GG,CC,AA,GG,AA,AA,CC,GT,CC,TT,CT,TT,TT,AG,CC,AA,TT,CC,NN,CG,AA,AA,TT,TT,CC,AA,NN,AA,CC,GG,TT,CC,TT,AA,AA,AT,CC,GG,CC,GG,CC,GG,CC,AA,CC,CC,CC,CC,AA,GT,CC,AA,CC,CC,AA,TT,AA,AA,GG,CC,CC,GG,AG,AG,AA,CC,GG,CC,CC,AG,AA,GG,TT,GG,AA,TT,CT,GG,AC,GT,GT,TT,CC,AA,TT,CT,TT,AT,GG,CC,AA,TT,CC,CC,CG,CC,AA,AG,AA,CC,TT,CC,GG,GT,GG,TT,AA,AA,TT,AC,GG,AA,CC,CC,GG,GG,AC,CG,TT,AC,AA,CC,GT,AA,AC,AA,AA,GG,TT,AT,AA,CG,GT,AT,CC,TT,GT,AA,GG,AG,TT,AA,TT,CC,TT,AC,CC,TT,CG,AG,CC,GG,CC,TT,TT,GG,GG,AT,AC,CC,AG,GT,CC,CG,GG,CC,GG,TT,AA,CC,GT,GG,CC,CC,AT,GG,CC,AA,CC,AA,AA,AC,GG,AC,TT,AA,GG,AA,AA,AC,AA,AG,GG,AA,AA,AT,GG,AA,AA,AC,AA,CT,AA,AA,GG,NN,GG,TT,AA,AG,TT,AT,TT,AA,TT,GG,GG,AA,8.17,Susceptible,Low,Premium,Medium
L0932,Warangal,Telangana,Rabi,Black Cotton,Irrigated,410,26.5,60,AC,CT,AG,AG,GG,CG,GG,TT,CC,CC,AA,CT,CG,TT,TT,GG,GG,TT,TT,AA,CC,TT,GT,CC,TT,CC,TT,TT,GG,AC,CT,CC,NN,CC,GG,GG,GG,CC,GG,CC,TT,CT,AA,GT,AG,GG,TT,TT,CC,AC,GG,AA,AA,GG,CC,GT,AA,AA,GG,AC,NN,TT,TT,GG,TT,TT,CC,GG,TT,GG,AA,GG,CC,AA,AG,AC,AA,GG,TT,TT,GG,GG,GG,CC,AA,AG,AA,AT,CG,TT,CC,TT,CC,TT,TT,GG,TT,CC,GG,CC,CC,CG,AG,AA,TT,TT,CC,AA,AA,AA,CC,GG,TT,CG,TT,AA,AA,TT,CC,AG,CC,GG,NN,GT,TT,AG,CT,CC,CC,CC,AA,GT,AC,AA,CC,CC,AA,TT,AA,AA,GG,CC,CC,AG,AA,AG,AA,CC,NN,CC,CC,AG,AG,GG,TT,GG,AC,TT,TT,AG,AC,GT,TT,TT,CG,AT,TT,CT,AT,TT,GG,CC,AG,CT,CC,CC,CG,CC,AT,GG,AG,CC,TT,CC,GG,TT,GG,TT,AA,AA,TT,CC,GG,AA,CC,CC,CG,GG,AC,GG,TT,AC,AA,CC,GG,NN,CC,AA,AA,GG,TT,AT,AT,GG,GT,AT,CG,TT,GT,AA,GG,AA,TT,AA,TT,CC,TT,AC,CC,TT,GG,AA,CC,AG,CC,TT,TT,GT,GG,AT,AA,CC,AG,GG,CC,CG,GG,CC,GG,AA,AA,CC,TT,GG,CC,CG,AA,AG,CG,AA,CC,AA,AA,CC,CC,CC,TT,AA,GG,AA,AA,CC,AA,AA,AG,AA,AA,TT,GG,AA,AA,CC,AC,CT,AA,AA,CG,GG,GG,TT,AT,AA,NN,TT,TT,AA,TT,GG,CG,AA,7.1,Susceptible,High,Standard,Early
L0933,Warangal,Telangana,Rabi,Black Cotton,Irrigated,410,26.5,60,AA,TT,GG,AG,GG,CG,GT,TT,CC,GG,AA,CC,CG,TT,TT,GT,GG,TT,AT,AG,CC,TT,GT,CT,TT,CC,GT,TT,GG,AA,TT,CT,AA,CC,GG,CC,GG,CG,GG,CC,TT,CC,AA,TT,AA,GG,TT,TT,CC,AC,GT,AT,GG,GG,CC,GT,AA,AC,GT,AA,AA,TT,TT,AG,CT,AT,CC,GG,TT,GG,AA,GG,CC,AA,AG,AC,AT,GG,TT,NN,GG,GT,GT,CC,AA,GG,AA,AA,CC,TT,AC,TT,TT,TT,GT,GG,CT,AC,TT,CC,CC,CG,GG,AA,NN,TT,CC,AA,GG,AA,TT,GG,TT,CC,GT,AC,AC,TT,CG,GG,NN,AG,CC,GT,CT,AA,CC,CC,CC,CG,AA,TT,CC,AA,CC,CC,AA,NN,AA,AT,GG,CC,CC,GG,AA,AA,AA,CC,GT,CC,CC,AA,AA,GG,TT,AG,AC,GT,TT,GG,CC,TT,TT,TT,GG,AA,GG,CT,AT,TT,GG,CC,GG,TT,AA,CC,CG,CC,AA,GG,GG,CC,TT,CC,GT,TT,GG,AT,AG,AA,TT,CC,NN,AA,CC,CC,GG,GG,AC,GG,TT,AA,AG,CG,GT,AA,CC,AA,AA,GG,TT,TT,AA,CG,TT,AA,CG,TT,TT,AA,GG,AA,CT,AC,TT,CC,TT,AC,CC,TT,CG,AG,CG,GG,CC,TT,NN,GT,GG,TT,AA,CC,AA,GG,CC,CC,GG,CG,GG,AT,AA,CC,TT,GG,CG,CC,AT,GG,CC,AT,CC,AA,AA,AC,CC,AA,TT,AA,CG,AA,AA,AA,AA,AA,AG,AA,AA,TT,CG,AC,AA,CC,AA,TT,AA,AA,GG,GG,GG,TT,AA,AA,TT,TT,TT,AG,TT,GG,CG,AA,5.65,Moderate,High,Premium,Late
L0934,Warangal,Telangana,Rabi,Black Cotton,Irrigated,410,26.5,60,AA,TT,GG,AA,GG,CC,GG,AT,CC,CC,AA,CT,CG,NN,TT,GT,GG,TT,TT,AA,CC,TT,GT,CC,TT,CC,TT,TT,GG,AA,TT,CC,AA,CC,GG,CG,GG,CG,GG,AC,NN,TT,AA,TT,AA,GG,TT,AA,CC,AC,GG,AA,AG,GG,CT,TT,AA,AA,TT,AC,AA,TT,TT,AA,TT,AT,CC,GG,TT,GG,AA,GT,CC,AA,AA,AA,AT,GG,TT,TT,GG,GG,GG,CC,AA,GG,AA,AA,CC,TT,CC,GT,TT,TT,GT,GG,TT,CC,GT,CC,CC,CC,GG,AA,TT,NN,CC,AG,AA,AC,CC,GG,TT,CC,GT,AA,AA,TT,CC,AG,CC,AG,CC,GG,TT,AA,CC,CC,CC,CC,NN,TT,CC,AA,CC,CC,AA,TT,AG,AA,GG,CC,CC,GG,AA,AG,AA,CC,GG,CC,CC,AA,GG,GG,TT,GG,AA,TT,CT,GG,CC,GT,TT,CT,CC,AA,TT,TT,AA,TT,GG,CC,AA,CT,CC,CC,CG,CC,AA,GG,AA,CC,TT,CC,TT,TT,GG,AT,AA,AA,TT,CC,GG,AA,CC,CG,GG,GG,AC,GG,TT,AA,AA,CC,GG,AA,CC,AA,AT,GG,TT,TT,AA,GG,GG,AT,CG,TT,GT,AA,GG,AA,CT,AA,AT,CC,TT,AA,CC,TT,GG,AG,CC,AG,CC,TT,TT,TT,GG,TT,AA,CC,AA,GG,CC,CG,GG,CC,GG,TT,AG,CC,TT,GG,CC,CC,AT,AA,CC,AA,CC,AA,AA,CC,CC,CC,AT,AA,CG,AA,AA,CC,AA,GG,AG,AA,AA,TT,GG,CC,GG,CC,AC,CC,AA,GG,CG,GG,CG,GT,AA,AG,TT,TT,TT,AG,TT,CG,GG,AA,7.49,Moderate,Medium,Premium,Early
L0935,Warangal,Telangana,Rabi,Black Cotton,Irrigated,410,26.5,60,AA,TT,GG,AA,GG,CC,GT,AT,CC,CG,AA,CC,CC,TT,TT,GT,CG,TT,AT,NN,CC,TT,TT,CC,AT,CC,TT,AT,GG,AA,CT,CC,AA,CC,AG,GG,GG,CG,GG,CC,TT,TT,AA,TT,AG,AG,TT,AT,CC,AC,GG,AA,AA,GG,CC,TT,AA,CC,GT,AC,AA,TT,AA,AA,CT,AT,CC,GG,TT,GG,AA,GT,CC,AA,GG,AC,AT,AG,TT,TT,GG,TT,GT,CC,NN,AG,AA,AA,CC,TT,CC,TT,CC,TT,TT,GG,TT,CC,TT,CC,CC,CC,AG,AA,TT,NN,CC,AA,AA,AA,CT,GG,TT,CC,TT,AC,AA,TT,CC,AG,CC,GG,CC,GG,TT,NN,CC,CC,CC,CC,AA,TT,AC,AA,CC,CC,AA,TT,AA,AA,GG,CC,CC,GG,AA,AG,AA,CC,GG,CC,CC,AA,AG,GG,GT,GG,AA,TT,CT,GG,CC,GT,TT,TT,CG,AA,GT,CT,TT,TT,GG,CC,AG,NN,AC,AC,CG,CC,AA,GG,AA,CC,TT,CG,GT,TT,CG,AT,AA,AG,TT,AC,GG,AA,AC,CC,GG,GG,CC,GG,TT,AC,AG,CC,GG,AA,CC,AA,AA,GT,TT,AA,AT,GG,GT,AA,CG,AT,GT,AA,GG,AA,TT,AC,TT,CC,TT,AA,CC,TT,GG,AG,CC,AG,CC,AT,CT,TT,GG,TT,AA,CC,AA,GG,CC,CC,GG,CG,NN,AT,AA,CC,TT,GG,CC,NN,AT,GG,CC,AT,CC,AA,AA,AC,CC,CC,TT,AA,GG,AA,AA,AC,AA,GG,AG,AA,AA,TT,GG,AC,AA,CC,AC,CT,AG,AA,GG,AG,CG,TT,AT,AA,NN,TT,TT,AG,AA,GG,GG,AA,6.91,Susceptible,Low,Poor,Late
L0936,Warangal,Telangana,Rabi,Black Cotton,Irrigated,410,26.5,60,AA,TT,GG,AG,GG,CC,GG,AT,CC,CG,AA,CC,CC,AT,TT,GG,GG,TT,TT,AA,CC,TT,GT,CC,TT,CC,TT,TT,GT,AA,TT,CT,AA,AC,AG,CC,GG,CC,GT,CC,TT,CT,AC,TT,AG,AG,NN,TT,CC,CC,GG,AA,AA,CG,CT,TT,AA,AA,TT,AA,AA,TT,AT,AA,TT,TT,CC,GG,TT,GG,AA,GG,CC,AA,AG,CC,AA,AG,NN,TT,AG,GG,GG,CC,AA,GG,NN,AA,CC,TT,AA,TT,CC,TT,TT,GG,TT,CC,GT,CC,CT,NN,GG,AA,TT,TT,CC,AG,AG,AA,CC,GG,TT,CC,TT,NN,AA,TT,CC,GG,CC,GG,CC,GT,TT,AA,CC,CC,AC,CC,AA,GT,CC,AA,CC,CC,AA,TT,AA,AA,GG,CT,CC,NN,AA,AG,AA,CC,GT,CC,CC,AA,AA,AG,TT,GG,AC,TT,CT,GG,AA,GG,TT,TT,CC,AT,GT,TT,AA,TT,CG,CC,AA,CT,CC,CC,GG,CC,AA,GG,AA,CC,TT,CG,GT,TT,GG,TT,AA,AA,TT,CC,GG,AA,CC,CC,GG,GG,CC,GG,TT,AC,AA,CC,GT,AA,AC,AA,NN,GG,TT,TT,TT,CG,GT,AA,CC,TT,TT,AA,GG,AA,TT,AA,TT,CC,TT,AC,CC,TT,GG,AA,CC,AA,AC,TT,CT,TT,GG,TT,AA,AA,AA,GG,CC,CC,GG,CC,GG,AT,AA,CG,TT,GG,CC,CC,AA,AG,CC,AA,CC,AA,AA,AC,CG,CC,TT,AG,GG,AA,AA,AA,AA,AG,AG,AA,AA,TT,GG,AA,AA,NN,AA,CC,AA,AA,GG,GG,GG,TT,AT,NN,TT,TT,TT,AA,TT,GG,CG,AA,5.44,Susceptible,High,Poor,Medium
L0937,Warangal,Telangana,Rabi,Black Cotton,Irrigated,410,26.5,60,AC,CT,GG,AA,GG,CC,GG,AA,CC,CG,AA,CT,CC,TT,TT,NN,CG,AT,TT,AA,CG,GT,GT,CT,TT,CC,TT,TT,TT,AA,TT,CC,AA,AC,GG,CG,GG,CG,GG,CC,TT,CT,AC,GT,AA,AA,TT,TT,CC,AA,GG,AA,AA,GG,CC,GT,AA,AA,GT,AA,AA,TT,TT,AA,TT,AT,CC,GG,TT,GG,AA,GT,CC,AA,GG,NN,AT,GG,TT,TT,GG,GG,GT,CC,AA,GG,AG,AA,CC,TT,AC,TT,CC,TT,TT,GG,CC,CC,GT,CC,CC,CC,GG,AA,TT,TT,CG,AA,GG,AC,CC,GG,TT,CG,TT,AC,AA,AT,CC,GG,CC,GG,CC,GT,CC,AA,CC,CC,AC,CC,AA,GT,CC,AA,CC,CC,AA,TT,AA,AT,CG,CC,CC,GG,AG,GG,AA,CC,TT,CG,CC,AG,AG,AG,TT,AG,AA,TT,TT,GG,AA,GT,GT,TT,CC,AA,TT,TT,AA,TT,GG,CC,AA,CC,CC,CC,CG,CC,AA,GG,AA,CC,TT,CC,GT,TT,GG,AT,AA,AA,TT,AC,GG,AA,CC,CC,GG,GG,AC,GG,TT,AC,AG,CG,GG,AA,CC,AA,AA,GT,TT,AT,AA,GG,GT,TT,CC,TT,GT,AA,GG,AA,TT,CC,TT,CC,TT,AC,AC,CT,CG,AA,CG,AG,CC,TT,CT,GT,GG,TT,AC,AA,AA,GG,CC,CG,GG,CC,GG,TT,AA,CC,GT,GG,CC,CG,AA,GG,CC,AA,CC,AT,AG,AC,CC,CC,TT,AA,GG,AA,AA,AA,AA,AA,AG,AA,AA,TT,GG,AA,AA,AC,AC,CT,AA,AA,GG,GG,GG,TT,AA,AG,GT,TT,NN,AA,AT,GG,GG,AA,8.18,Susceptible,Low,Poor,Late
L0938,Warangal,Telangana,Rabi,Black Cotton,Irrigated,410,26.5,60,CC,TT,GG,NN,CG,CG,GG,TT,CG,CC,AT,CT,CG,TT,TT,GG,CG,TT,TT,AG,CC,GG,GT,CC,AT,CC,TT,TT,GG,AA,TT,CC,AA,CC,AG,CG,GG,CG,GG,CC,TT,CT,AA,TT,AG,GG,CT,AT,CC,AC,GG,TT,AA,GG,CC,TT,AA,AC,GT,AA,AA,TT,AT,AA,TT,AT,CC,GG,TT,NN,AA,GG,AC,AA,GG,AA,AA,GG,GT,TT,GG,TT,GG,CC,AT,GG,AG,AA,CC,GT,CC,TT,CC,TT,GT,GG,TT,CC,GT,CC,CC,CG,AG,AA,TT,TT,CC,AG,NN,AA,CT,GG,TT,CC,TT,AA,AA,TT,CC,GG,CC,GG,CC,GT,TT,AA,CT,CC,CC,CC,AA,TT,CC,AA,CC,CT,AA,TT,AA,AA,GG,CC,CC,GG,AG,AA,AA,AC,GT,CC,CC,AA,AA,AG,GT,AG,AC,TT,CC,GG,CC,GT,TT,TT,CC,AA,TT,TT,AA,TT,GG,CC,AG,CT,CC,CC,GG,CC,AA,GG,AA,CC,TT,CC,GG,GT,GG,TT,AA,AA,TT,CC,CG,CC,CC,CC,CG,GG,AC,GG,TT,AA,AA,CC,GG,AT,CC,AA,AA,GG,TT,AT,TT,GG,TT,AA,CG,TT,GG,AA,GG,AA,TT,AC,AT,CC,TT,AA,CC,TT,CG,AG,CC,AA,CC,TT,TT,GT,GG,TT,AA,CC,AA,GG,CC,GG,GG,CC,NN,TT,AA,CC,TT,GG,CC,CC,AA,GG,CC,AA,CC,AA,AA,AC,CG,CC,TT,AA,GG,AA,AA,AC,AA,AG,AG,GG,AG,TT,GG,AA,AA,AC,AA,TT,AA,AA,GG,GG,GG,GT,AT,AA,GG,TT,TT,AA,TT,GG,GG,AA,5.27,Moderate,Medium,Standard,Late
L0939,Warangal,Telangana,Rabi,Black Cotton,Irrigated,410,26.5,60,NN,TT,GG,AA,GG,CC,GT,TT,CC,CC,AA,NN,NN,AT,TT,GT,GG,TT,TT,AA,CC,TT,GT,CT,AT,CT,TT,TT,GG,AA,TT,CC,AA,CC,GG,CG,GG,CC,GT,CC,TT,TT,AA,TT,AG,AG,TT,TT,CC,AA,GT,AA,AG,GG,CC,TT,AT,AA,TT,AA,AA,TT,NN,AA,TT,TT,CT,GG,TT,GT,AA,NN,CC,AA,GG,AA,TT,GG,TT,TT,GG,GT,GT,CC,AT,GG,AA,AT,CC,TT,AC,TT,CC,TT,TT,GG,TT,CC,TT,CC,CC,CG,GG,AA,TT,TT,CC,AA,AG,AA,CT,GG,TT,GG,TT,AA,AA,TT,CG,AG,CC,GG,CC,NN,TT,AA,CC,CC,CC,CG,AA,TT,CC,AA,CC,CC,AA,AT,AA,AA,GG,CC,CG,GG,AA,AG,AA,CC,GT,CC,CC,AA,AG,GG,GT,AG,AA,GT,CT,GG,AA,GT,TT,TT,CG,AA,TT,NN,AA,AT,GG,CG,AG,CT,NN,CC,GG,CC,AA,GG,AG,NN,TT,CC,GG,TT,GG,NN,AG,AA,TT,AC,GG,AA,CC,CC,GG,GG,AA,GG,TT,AC,AA,CC,NN,AA,CC,AA,AT,GT,TT,AT,AT,GG,GT,AA,CC,TT,GT,AA,GG,AA,CT,AC,TT,CC,CT,AC,CC,TT,CG,AG,CC,AG,CC,TT,CT,TT,GG,TT,AC,AC,AA,GT,CC,CG,GG,CC,GG,AA,AA,CC,GT,GG,CC,CC,AA,GG,CG,AT,CC,AA,AA,CC,GG,AA,TT,AA,GG,AA,CC,AC,AA,GG,GG,AA,AA,AT,GG,CC,AG,AC,AA,CT,AA,AG,GG,GG,GG,TT,AT,AA,GT,TT,TT,AA,AA,GG,GG,AC,6.27,Resistant,High,Poor,Medium
L0940,Warangal,Telangana,Rabi,Black Cotton,Irrigated,410,26.5,60,AC,TT,GG,AA,GG,CC,GG,TT,CC,CG,AA,CT,CC,AT,TT,TT,CG,TT,TT,AA,CC,TT,TT,CC,TT,CC,GT,TT,GG,AA,TT,CT,AA,AC,GG,GG,GG,CG,GG,CC,TT,TT,AA,GT,AA,AG,TT,AT,CC,CC,GG,AA,AA,GG,CC,TT,AT,CC,TT,AA,AA,TT,AT,GG,TT,TT,CC,GG,TT,TT,AA,GG,CC,AA,GG,AA,AT,GG,TT,TT,GG,GG,GG,CC,AA,GG,AG,AA,CC,TT,CC,TT,CT,TT,TT,GG,TT,CC,TT,CC,CC,CG,GG,AA,TT,TT,CC,AA,AG,AA,CT,GG,GT,CC,TT,AC,AA,TT,CC,AG,CC,GG,CC,GG,CT,AA,CC,CC,CC,CC,AA,TT,CC,AA,CC,CC,AA,NN,AA,AA,CG,CC,CC,GG,AA,AG,AA,CC,GT,CC,CC,AA,AG,GG,TT,GG,AC,TT,TT,GG,AC,TT,TT,TT,CC,AT,GT,TT,TT,AT,GG,CC,AG,CC,CC,CC,GG,CC,AA,GG,AG,CC,TT,CG,GG,GT,GG,TT,AA,AA,TT,CC,GG,AA,AC,CC,GG,GG,AA,GG,TT,AC,AA,CC,GG,AA,AA,AT,AT,GT,TT,AA,AA,GG,GG,AT,CC,AT,TT,AT,AG,AA,CT,AA,TT,CC,TT,AA,CC,TT,GG,AA,CC,AA,CC,TT,TT,NN,GG,TT,AA,AC,AA,GG,CC,CC,GG,CC,GG,TT,AA,CC,TT,GG,CG,CC,AA,GG,CC,AA,CC,AT,AG,AA,NN,AC,TT,AA,GG,AA,AA,AA,AA,AG,AA,AA,AA,TT,CG,AA,AA,AA,AA,CC,AG,AG,GG,GG,GG,TT,AA,AA,TT,TT,TT,AG,AA,GG,CC,AA,6.64,Susceptible,Low,Poor,Medium
L0941,Warangal,Telangana,Rabi,Black Cotton,Irrigated,410,26.5,60,AC,TT,GG,AG,GG,CC,GG,TT,CC,CG,AA,CC,CG,AT,TT,GG,CG,TT,TT,AA,CC,GT,TT,CT,TT,CT,GT,TT,GG,AA,TT,CT,AA,CC,GG,GG,GG,CC,GG,CC,TT,TT,AA,GT,AA,GG,TT,TT,CC,CC,GG,AT,AA,GG,CC,GT,AA,AC,GT,AA,AG,TT,AT,AG,CT,TT,CC,GG,TT,GT,AG,GG,CC,AA,AA,AC,AT,GG,TT,TT,GG,GG,GT,CC,AA,GG,AA,AT,CC,GT,AC,TT,CC,TT,TT,GG,CT,CC,GT,CC,CC,CC,AA,AA,AT,TT,CC,AA,AG,AA,CC,GG,TT,CC,TT,AA,AA,TT,CC,GG,CC,GG,CT,GT,TT,AA,CT,CC,CC,CC,AA,TT,CC,AA,CC,CC,AA,TT,AA,AT,CG,CC,CC,GG,AA,AA,AA,CC,GT,CC,CC,AA,AG,AG,TT,GG,AC,GT,TT,AG,CC,GT,GT,TT,CC,AA,GT,TT,AA,TT,GG,CC,AA,NN,CC,CC,GG,CC,AA,GG,AG,CC,TT,CC,TT,TT,GG,AT,AA,AG,TT,CC,GG,AA,AC,CC,GG,GG,AA,GG,TT,AA,AA,CC,GT,AT,AA,AA,AT,GT,TT,TT,AA,GG,GT,AA,CC,AT,TT,AA,GG,AA,CC,AA,TT,CC,TT,AA,CC,TT,GG,AA,CG,AA,AC,TT,TT,GT,GG,TT,AA,CC,AG,GG,CC,CC,GG,CC,GG,TT,AA,CC,TT,NN,CC,CC,AT,AG,CC,AA,CG,AA,AA,AC,CG,AC,TT,AA,GG,AA,AA,AC,AA,AG,AA,AA,AA,TT,GG,AA,AA,AC,AA,TT,AA,AA,GG,GG,GG,TT,AA,AA,TT,TT,TT,AA,AT,GG,GG,AC,6.03,Resistant,High,Premium,Late
L0942,Warangal,Telangana,Rabi,Black Cotton,Irrigated,410,26.5,60,AC,CT,GG,NN,GG,CC,GG,TT,CG,CG,AA,CC,CG,AT,GT,GG,CG,TT,TT,AA,CC,TT,TT,CC,TT,CC,GT,TT,GG,AA,CT,CC,AA,CC,GG,CG,GG,CC,GG,CC,TT,CT,AA,GT,AG,AG,TT,TT,CC,AC,GG,AA,AA,GG,CT,GT,AA,AA,GT,AA,AA,GT,AT,AG,TT,AT,CC,GG,TT,GT,AG,GG,CC,AA,AG,AC,AA,GG,TT,TT,GG,GT,GG,CC,AA,GG,AA,AA,CC,TT,CC,TT,CC,TT,TT,GG,TT,CC,TT,CC,CT,CC,AG,AA,AT,TT,CC,AA,NN,AA,CT,GG,TT,CC,TT,AA,AA,TT,CC,GG,CC,GG,CC,GG,TT,AA,CC,CC,CC,CC,AA,GT,CC,AA,CC,CC,AA,TT,AA,AA,GG,CT,CC,GG,AA,AA,AA,CC,GT,CC,CC,AA,AA,GG,TT,GG,AA,TT,TT,GG,CC,TT,GT,TT,CG,AA,GT,TT,AT,TT,GG,CG,AA,CC,CC,CC,GG,CC,AA,GG,GG,CC,TT,CC,GG,GG,GG,AT,AA,AA,TT,CC,CG,AC,CC,CC,GG,GG,CC,CG,TT,AC,AG,CG,GG,AA,AC,AA,AA,GG,TT,TT,AT,GG,GG,AT,CC,TT,TT,AA,GG,AA,TT,AA,TT,CC,CT,CC,CC,CT,CG,AG,CC,AA,CC,TT,TT,GT,NN,AT,AA,CC,AG,GG,CC,NN,GG,CG,GG,TT,AA,CC,GT,GG,CC,CC,AA,GG,CG,AT,CG,AA,AA,AC,CC,AC,AT,AA,GG,AA,AA,AA,AA,AG,AG,AA,AA,TT,GG,AA,AG,AC,AC,TT,AA,AA,GG,GG,GG,TT,AA,AA,TT,TT,TT,AG,TT,GG,GG,AC,4.63,Resistant,Medium,Standard,Late
L0943,Warangal,Telangana,Rabi,Black Cotton,Irrigated,410,26.5,60,AA,TT,GG,AG,GG,CG,GG,AT,CC,CG,AA,CC,CG,TT,GT,GG,CG,TT,TT,AG,CC,GT,GT,CC,AT,CC,TT,TT,GG,AC,TT,CC,AA,CC,AG,GG,GG,CC,GG,CC,TT,TT,AA,TT,AA,GG,TT,TT,CC,AC,GG,AA,AA,GG,CT,TT,AT,AA,TT,AA,AA,GT,AT,AG,TT,AT,NN,GG,TT,GG,AA,GG,AC,AA,AG,AA,AA,GG,TT,TT,GG,GT,GG,CC,AA,GG,AA,AT,CC,GT,CC,TT,CT,TT,TT,GG,TT,CC,TT,CC,CC,CC,AG,AA,AT,GT,CC,AG,AG,CC,CT,GG,TT,CC,TT,AA,NN,TT,CC,GG,CG,GG,CC,GT,CT,AA,CC,CC,CC,CC,AA,TT,CC,AA,CC,CC,AA,TT,AA,AA,GG,CC,CC,GG,AA,AA,AA,AC,GG,CC,CC,AG,AG,GG,TT,AG,AA,TT,CT,AG,AC,TT,TT,TT,CC,AA,TT,CT,AA,TT,GG,CC,AG,CC,CC,CC,CG,CC,AA,GG,AG,CC,TT,CC,GG,TT,NN,TT,AA,AA,TT,CC,GG,AA,AC,CC,GG,GG,AC,GG,TT,AA,AA,CC,GG,AA,CC,AA,AA,GG,GT,AT,AT,CG,GG,AA,CC,AT,GT,AA,GG,AA,CT,AC,TT,CG,TT,AA,CC,TT,GG,AA,CC,AG,CC,TT,CT,TT,GG,TT,AA,AC,GG,GG,CC,CC,GG,CC,GG,AT,AA,CG,TT,GG,CC,CC,AA,AG,CC,AA,CC,NN,AA,CC,CG,AC,TT,AA,GG,AA,AA,AA,AA,GG,AA,AA,AA,TT,GG,AC,AG,AC,AC,TT,AA,AG,GG,GG,GG,TT,AA,AA,TT,TT,TT,AG,TT,GG,GG,AA,7.15,Susceptible,Low,Poor,Medium
L0944,Warangal,Telangana,Rabi,Black Cotton,Irrigated,410,26.5,60,AC,CT,GG,AA,GG,CC,GG,TT,CC,GG,AA,CT,CC,TT,TT,GT,CG,TT,TT,AG,CC,TT,GT,CC,TT,CC,TT,TT,GG,AA,TT,CC,AG,CC,GG,CG,GG,CC,GG,CC,TT,TT,AA,TT,AA,GG,TT,TT,CC,AC,NN,AT,AA,GG,CC,TT,AA,AA,GT,AC,AA,GT,TT,AA,TT,AT,CC,GG,CC,GG,AA,GG,CC,AA,GG,AC,AT,GG,TT,TT,GG,GG,GG,CC,AA,GG,AA,AA,CC,TT,CC,TT,CT,TT,TT,GG,TT,CC,TT,CT,CC,CC,AG,AA,TT,TT,CG,AA,AG,AA,CC,GG,TT,CC,TT,AA,AA,TT,CG,GG,CC,NN,CC,GT,TT,AA,CT,CC,CC,CC,AA,TT,AC,AA,CC,CC,AA,TT,AA,AA,GG,CC,CC,GG,AA,AG,AA,CC,GT,CC,CC,AA,AA,GG,TT,AG,AA,TT,CT,GG,NN,GT,TT,TT,CC,NN,GT,TT,NN,AT,CG,CC,AG,CC,CC,CC,GG,CC,AA,GG,AG,CC,TT,CC,GT,GT,GG,AT,AA,AA,TT,CC,GG,AC,AC,CC,GG,GG,AC,CG,TT,AA,AA,CC,GG,AT,CC,AT,AA,GG,GT,TT,AA,CG,GG,TT,CC,AA,TT,AA,GG,AA,TT,AA,AT,CC,TT,AA,NN,CT,GG,AA,CG,AA,AC,TT,CT,TT,GG,TT,AA,CC,AG,GG,CC,CC,GG,CC,GG,TT,AA,CC,GT,GG,CC,CG,NN,AG,CC,AT,CC,AA,AA,AA,CG,CC,TT,AA,GG,AA,AA,AC,AA,AG,AG,AA,AA,TT,GG,AC,AA,AC,CC,TT,AA,AA,GG,GG,GG,GT,AA,AG,TT,TT,TT,AA,TT,CG,GG,AA,7.38,Moderate,Medium,Premium,Medium
L0945,Warangal,Telangana,Rabi,Black Cotton,Irrigated,410,26.5,60,NN,TT,GG,AG,GG,CC,GG,TT,CC,GG,AA,NN,CG,TT,TT,GT,CC,TT,NN,AA,CG,GT,TT,CC,TT,CT,TT,TT,TT,AA,CT,CC,AA,CC,AG,CG,GG,CG,GG,CC,TT,CT,AA,GT,AA,GG,TT,TT,CC,AC,GT,AA,AA,GG,CC,GT,TT,AA,GG,AC,GG,TT,AT,GG,TT,AT,CC,GG,CC,GG,AA,GT,CC,AA,GG,AC,AA,AG,GT,TT,GG,GG,GG,CC,AA,GG,AA,AA,CC,TT,CC,TT,CC,TT,GT,AG,CC,CC,GT,NN,CC,CG,AG,AG,TT,TT,CC,AA,GG,AC,CT,NN,TT,CC,TT,AA,AA,TT,CC,GG,CC,AG,CC,GG,TT,AA,CC,CC,CC,CC,AA,TT,CC,AA,CC,CC,AA,TT,AA,AA,GG,CC,CC,NN,AA,AG,AA,CC,GG,CC,CC,AA,AG,GG,GT,AG,AC,TT,CT,AG,AC,GT,TT,TT,CC,AA,TT,TT,AA,AT,GG,CC,AG,CC,CC,CC,CG,CC,AA,GG,AG,CC,TT,CG,GT,TT,GG,TT,AA,AG,TT,CC,GG,AA,CC,CC,GG,GG,AA,GG,TT,AA,AA,CC,GG,AT,AC,AA,AA,GG,TT,AT,AT,GG,GT,AT,CC,TT,GT,AA,GG,AA,TT,AA,AT,CC,CT,AA,CC,TT,GG,AG,CG,AG,AC,TT,CT,TT,CG,TT,AA,AC,AA,GG,CC,CC,GG,CC,GG,AT,AA,CC,TT,GG,CG,CG,AA,AA,CG,AA,CC,AA,AA,AC,CC,AC,TT,AA,GG,AA,AA,NN,AA,GG,AA,AA,AA,TT,GG,AA,AG,AC,NN,TT,AG,AA,GG,GG,GG,TT,AA,AG,TT,TT,TT,AG,AT,GG,GG,AA,8.45,Susceptible,Medium,Poor,Late
L0946,Warangal,Telangana,Rabi,Black Cotton,Irrigated,410,26.5,60,AC,TT,GG,AG,GG,CC,GG,AT,CC,CG,AA,CC,CG,TT,TT,GT,GG,TT,TT,AG,CG,TT,TT,CC,TT,CC,TT,TT,GT,AA,TT,CC,AA,AC,GG,CG,GG,CG,GT,CC,TT,TT,AC,GT,NN,GG,TT,AT,CC,AC,GG,AA,AA,GG,CC,TT,AA,AC,GT,AA,AA,GT,TT,AG,TT,TT,CC,GG,TT,GT,AA,GG,AC,AA,GG,AA,AA,GG,TT,TT,GG,GT,GG,CC,AT,GG,AA,AT,CC,TT,CC,TT,CT,TT,TT,GG,TT,CC,GT,CC,CC,CC,AG,AA,TT,TT,CC,AG,AG,AA,CT,GG,TT,CG,GT,AA,AA,TT,CC,GG,CC,AG,CT,TT,CT,AA,CC,CC,AC,CC,AA,TT,CC,AC,CC,CC,AA,TT,AA,AA,GG,CC,CC,GG,AA,GG,AA,CC,GT,CC,CC,AG,AA,GG,GT,GG,AC,GT,TT,GG,CC,TT,GT,TT,CC,AA,GT,TT,AA,TT,CG,CC,AG,CT,CC,CC,GG,AC,AA,GG,AA,CC,TT,CC,GT,GT,NN,AT,AA,AA,TT,CC,CG,AA,CC,CC,GG,GG,CC,CC,TT,AA,AA,CG,GG,AA,AC,AT,AA,GG,TT,TT,AA,GG,GT,AA,CC,TT,TT,AA,GG,AA,CT,NN,TT,CC,TT,AA,CC,TT,GG,GG,CG,GG,CC,TT,TT,GT,GG,TT,AA,CC,AA,GG,CC,CG,GG,CC,GG,TT,AA,CG,TT,GG,CC,CC,AA,AG,CG,AA,CC,AT,AA,AC,CG,CC,TT,AA,GG,AA,NN,AA,AA,GG,AA,AA,AA,TT,CG,AA,AA,CC,AA,TT,NN,AA,CG,GG,NN,TT,AT,AA,TT,TT,NN,AA,TT,GG,GG,AA,7.38,Moderate,Medium,Premium,Medium
L0947,Warangal,Telangana,Rabi,Black Cotton,Irrigated,410,26.5,60,AC,TT,GG,AG,GG,CG,TT,TT,CC,CC,AA,CT,CG,TT,TT,GT,GG,TT,AA,AA,CC,GG,GG,CC,TT,CC,TT,TT,GG,AA,CT,CC,AA,AC,GG,GG,GG,CC,GG,CC,TT,TT,AA,TT,AA,GG,TT,AT,CC,AC,GT,AT,AG,GG,CT,TT,AA,AA,GT,AC,AG,TT,TT,AA,TT,TT,CC,GG,CT,GT,AA,GT,CC,AA,AG,AA,AT,GG,GT,CT,GG,GG,GT,CC,AA,GG,AA,AA,CG,TT,AC,TT,CT,TT,GT,GG,CT,CC,TT,CC,CT,CG,GG,AA,AT,TT,CG,AA,GG,AA,CT,GG,TT,CC,TT,AA,AA,TT,CC,GG,CG,GG,CC,GT,TT,AA,CT,CC,CC,CC,AA,GT,CC,AA,CC,CC,AA,TT,AG,AA,CG,CC,CG,GG,AA,AA,AA,CC,GT,CC,CC,AA,AA,GG,TT,AG,CC,NN,TT,GG,CC,GT,TT,TT,CC,AA,GT,TT,AA,AT,GG,CC,AA,CC,CC,CC,NN,CC,AA,GG,AG,CC,TT,CC,GG,GT,CG,AA,AA,AG,TT,AC,GG,AA,CC,CC,CG,GG,AA,GG,TT,AC,AA,CC,GG,AA,CC,AA,AA,GG,GT,TT,AT,CG,GT,AA,CC,TT,GG,AA,GG,AA,TT,AA,TT,CC,TT,AA,CC,TT,GG,GG,CC,AA,NN,TT,TT,GG,GG,TT,AA,CC,AA,GG,CC,CG,GG,CC,GG,TT,AG,CC,GT,NN,CC,CC,AA,GG,CC,AA,CC,AT,AA,CC,CC,AA,TT,AA,GG,AA,AA,AC,AA,AG,AG,AA,AA,TT,GG,AC,AA,AC,AC,CT,AG,AG,GG,GG,NN,TT,AA,GG,TT,TT,TT,AG,TT,GG,GG,AA,8.64,Resistant,Medium,Premium,Early
L0948,Warangal,Telangana,Rabi,Black Cotton,Irrigated,410,26.5,60,AC,CT,GG,AG,GG,CC,GG,AT,CC,CG,AA,CC,CG,TT,TT,GG,CG,TT,TT,AA,CC,GG,TT,CC,TT,CC,GT,TT,GT,AA,TT,CT,AA,AC,GG,CG,GG,CC,GG,CC,TT,TT,AA,TT,AA,AG,TT,TT,CC,CC,GT,AA,AA,GG,CC,TT,AA,AA,GT,AA,AA,TT,AT,AG,TT,TT,CT,GG,TT,GG,AA,GG,CC,AA,GG,AA,AA,AG,TT,TT,GG,GG,GT,CC,AA,GG,AA,AA,CC,GT,CC,TT,CC,TT,TT,GG,TT,CC,GG,CC,CT,CG,AA,AA,TT,TT,CG,AA,AG,AA,CC,GG,TT,CC,GT,AA,AA,TT,CG,GG,CC,GG,CC,GG,TT,AG,CC,CC,CC,CC,AA,TT,CC,AA,CC,CC,AA,TT,AA,AA,GG,CT,CC,GG,AA,AG,AA,CC,GG,CC,CC,AA,AG,AG,TT,AA,AC,TT,TT,AA,CC,GT,TT,TT,CG,AA,GT,TT,AA,TT,GG,CC,AG,CT,CC,AC,GG,CC,AA,GG,AA,CC,TT,CG,GG,TT,GG,AA,AA,AA,TT,CC,CC,AA,AC,CC,GG,GG,AA,GG,TT,AA,AG,CC,GG,AA,CC,AA,AT,TT,GT,AT,AA,GG,GT,AA,CC,AT,TT,AA,NN,AA,TT,AA,TT,CC,TT,AA,CC,TT,GG,AA,CG,AG,CC,TT,TT,GT,GG,TT,AC,AC,AA,GG,CG,CC,GG,CC,GG,TT,AA,CC,TT,GG,CC,CC,AA,AG,CC,AA,CC,AT,AA,AC,CG,AA,TT,AA,GG,AA,AC,AC,AA,GG,AG,AA,AA,AT,CG,AA,AG,AC,AC,CT,AA,AA,GG,GG,GG,TT,AA,AA,GG,TT,TT,AG,TT,GG,GG,NN,5.71,Susceptible,Medium,Poor,Early
L0949,Warangal,Telangana,Rabi,Black Cotton,Irrigated,410,26.5,60,AC,TT,GG,AA,GG,CC,GG,TT,CG,CG,AA,CC,CG,TT,TT,GT,GG,TT,TT,AA,NN,TT,GT,CC,TT,CC,GT,TT,GT,AA,TT,CC,AA,CC,GG,GG,GG,CG,GG,CC,TT,CT,AA,TT,AA,GG,TT,AT,CG,AC,GG,AA,AA,GG,CT,TT,AA,AA,GG,AA,AA,TT,AA,AA,CC,AT,CC,GG,TT,GG,AG,GG,CC,NN,GG,AC,AA,GG,TT,TT,GG,GG,GG,CC,AA,GG,AA,AA,CC,TT,AC,TT,CT,AA,GT,GG,TT,CC,GT,CC,CT,CG,AA,AA,AT,TT,CC,AA,AA,AC,CT,GG,TT,CC,TT,AA,AA,AT,CG,GG,CC,GG,CC,GT,TT,AG,CT,CC,CC,CC,AA,TT,CC,AA,CC,NN,AA,AT,AA,TT,GG,CC,CC,AG,AA,AG,AA,CC,NN,CC,CG,AA,AG,GG,GT,AG,NN,TT,CT,AG,CC,TT,GT,TT,CC,AT,GT,CT,AT,TT,GG,CG,AA,CC,CC,AC,CG,CC,AA,GG,GG,CC,TT,CG,GG,GT,CG,AA,AA,AA,TT,CC,GG,AA,CC,CC,CG,GG,AC,GG,TT,AA,AA,CC,GT,NN,CC,AT,AA,TT,TT,AT,AT,CC,TT,AA,CC,TT,TT,AA,GG,AA,CT,AA,TT,CC,CT,AC,CC,TT,CG,AA,CC,AA,CC,TT,CT,GT,GG,TT,AA,AC,AA,GG,CC,CC,GG,CC,GT,TT,AA,CG,TT,GG,CC,CG,AA,AG,CC,TT,CC,NN,AA,AC,CC,CC,TT,AA,GG,AA,AA,AA,AA,GG,AA,AA,AA,TT,GG,AA,AA,AC,AA,CT,AA,AA,GG,GG,CG,TT,AA,AG,GT,TT,TT,AG,TT,GG,GG,AA,5.5,Resistant,Low,Premium,Medium
L0950,Warangal,Telangana,Rabi,Black Cotton,Irrigated,410,26.5,60,AA,TT,GG,AG,GG,CC,GG,AT,CC,CG,AA,CC,CC,AT,TT,GG,CG,TT,TT,AA,CC,TT,TT,CC,AT,CC,TT,TT,GG,AA,TT,CC,AG,CC,GG,CG,GG,CC,GG,CC,TT,CT,AA,NN,AG,GG,TT,TT,CC,AC,GT,AA,AA,GG,CC,TT,AA,AC,NN,AA,AA,GT,AT,AG,TT,AT,CC,GG,TT,GG,AA,GT,CC,AA,GG,AA,AT,GG,TT,TT,GG,GT,TT,CC,AA,GG,AA,AA,CC,GT,CC,TT,CC,TT,GT,AG,TT,CC,TT,CC,CT,CG,GG,AA,AT,TT,CC,AA,AA,AA,CT,GG,TT,CC,GT,AA,AA,TT,CC,GG,CC,AG,CC,GT,CT,AA,CC,CC,CC,CC,AA,TT,CC,AA,CC,CT,AA,AT,AA,AA,GG,CT,CC,GG,AA,AA,AT,CC,GG,CC,CC,AA,AA,GG,NN,GG,AA,TT,CT,GG,CC,GT,TT,TT,GG,AT,TT,CT,AT,TT,GG,CC,NN,CT,CC,CC,CG,CC,AA,GG,AG,CC,TT,CC,GG,TT,GG,AT,AA,AG,TT,CC,GG,AA,CC,CC,GG,GG,AC,GG,TT,AC,AA,CC,GG,AA,CC,AA,AT,GG,TT,AT,AA,CG,GT,AT,CC,TT,TT,AA,GG,AA,TT,AA,TT,CC,CT,AC,CC,CT,GG,GG,CG,AG,CC,TT,TT,GT,GG,TT,AC,AC,AA,GG,CC,CC,GG,CC,GG,TT,AA,CC,TT,GG,CC,CG,AA,GG,CG,AT,CG,AT,AA,CC,NN,AC,TT,AA,GG,AA,AA,AC,AA,AG,AA,AA,AA,AT,GG,AA,GG,AA,AA,CC,AA,AA,GG,GG,GG,TT,AA,AA,TT,TT,NN,GG,TT,GG,GG,AA,7.18,Susceptible,Low,Premium,Late
L0951,Warangal,Telangana,Rabi,Black Cotton,Irrigated,410,26.5,60,CC,CT,AA,AA,GG,CC,GG,TT,CC,CC,AT,CT,CG,TT,TT,GG,GG,TT,TT,AA,GG,TT,GG,CC,TT,CC,TT,AA,GT,AA,CT,CT,AA,CC,GG,GG,GG,GG,GG,CC,TT,CT,AA,TT,AA,AG,TT,TT,CC,AC,GG,NN,AA,GG,CT,GT,AA,AA,GT,AC,AA,GT,TT,AA,TT,TT,CC,NN,TT,TT,AA,GG,CC,AA,GG,AA,AA,AG,TT,TT,GG,GG,GT,CC,AA,AG,AA,AA,CC,GT,CC,TT,CT,AT,GT,GG,TT,AC,GT,CC,CT,CC,AG,AA,TT,TT,CC,AG,AG,AA,CC,GG,TT,CC,GT,AA,AC,TT,NN,AG,CC,NN,CC,GT,CC,AA,CT,CC,CC,CC,AA,TT,AC,AA,CC,CT,AA,TT,AA,AA,GG,CC,CC,GG,AA,AA,AA,AC,GG,CC,CG,AA,AA,GG,TT,GG,AA,GT,TT,GG,CC,TT,TT,CT,CC,AT,GT,TT,AA,TT,GG,CC,AA,CC,CC,CC,CG,CC,AA,GG,AA,CC,TT,CC,GT,GT,CC,TT,AA,AA,TT,CC,GG,AC,AC,CC,GG,GG,AC,GG,TT,AC,NN,CC,GG,AA,CC,AA,AT,GG,GT,AT,AT,CG,GT,AA,CC,TT,GT,AA,GG,AA,TT,AA,TT,CC,TT,AA,AC,TT,GG,AG,CC,AG,CC,TT,CT,GG,GG,AT,AA,CC,AA,GG,CC,CC,GG,CC,GG,AT,AA,CC,GT,GG,CC,CC,AA,GG,CC,AA,CC,AA,AA,AC,CC,CC,TT,AA,GG,AA,AA,AA,AA,AG,AA,AA,AA,AT,GG,AC,AG,AC,AA,TT,AA,AA,GG,GG,GG,TT,AA,AA,TT,TT,TT,AA,NN,GG,GG,AA,10.16,Moderate,Low,Poor,Early
L0952,Warangal,Telangana,Rabi,Black Cotton,Irrigated,410,26.5,60,AC,TT,AG,AG,GG,CC,GT,TT,CC,CG,AA,CC,CC,TT,TT,GG,GG,TT,TT,AG,CC,TT,TT,CC,TT,CC,TT,TT,GT,AA,TT,CC,AA,CC,GG,GG,NN,CG,NN,CC,TT,CT,AA,GT,AA,AA,TT,TT,CC,AA,GT,AA,AA,GG,CT,TT,AA,AC,GT,AA,AA,TT,TT,AG,TT,AA,CC,GG,TT,GG,AG,GG,AC,AA,GG,CC,AT,GG,TT,TT,GG,GG,GG,CC,AT,GG,AA,AT,CC,GT,CC,GT,CC,TT,GT,GG,TT,CC,GT,CT,CT,CG,GG,AA,TT,TT,CG,AA,AA,AA,CC,GG,TT,CC,TT,AC,AC,TT,CC,AG,CC,NN,CT,GG,TT,AA,CC,CC,AC,CC,AA,TT,AC,AA,CC,CT,AG,TT,AA,AA,GG,CC,CC,GG,AA,AG,AA,CC,GT,CC,CC,AA,AA,GG,TT,GG,AC,TT,CT,GG,AC,GT,GG,CT,CC,AA,GT,CT,AT,TT,GG,CC,AA,CT,CC,CC,GG,CC,AA,GG,AG,AC,TT,NN,GG,TT,GG,AT,AG,AA,TT,CC,CG,AC,CC,CC,CG,GG,AC,GG,TT,AC,AG,CG,GG,AA,CC,AA,AA,GG,TT,AT,AA,CG,GT,AT,CG,TT,GT,AA,GG,AA,CT,CC,AT,CG,CT,AA,CC,CT,CG,GG,CC,AG,CC,TT,TT,GT,GG,AT,AA,AA,AA,GT,CC,CC,GG,CC,GG,AT,AA,CG,GT,GG,CC,CC,AA,GG,CG,AT,CG,AA,AA,AC,CG,CC,TT,AA,GG,AA,AA,AC,AC,GG,AG,AA,AA,TT,CG,AA,AA,AC,AA,CT,AG,AA,GG,GG,GG,TT,AT,AA,TT,TT,TT,AG,AT,GG,CG,AA,9.81,Susceptible,High,Standard,Late
L0953,Warangal,Telangana,Rabi,Black Cotton,Irrigated,410,26.5,60,AC,TT,GG,AA,GG,CC,GG,TT,CC,CC,AA,CT,CG,AT,TT,GG,CG,TT,TT,AA,CC,GG,NN,CC,TT,CC,TT,TT,GG,AA,CT,CC,AA,CC,GG,CG,GG,GG,GG,NN,TT,CC,AA,NN,AG,GG,CT,TT,CC,AA,GT,AT,AA,GG,CC,TT,AA,AC,GG,AA,AA,TT,TT,AA,TT,TT,CC,GG,CT,GT,AG,GG,CC,AA,AA,AA,AT,GG,TT,TT,GG,TT,GT,CC,AA,GG,AA,AA,CC,GT,CC,TT,CC,TT,TT,GG,CT,CC,GT,CC,CT,CC,AG,AA,TT,TT,CC,AA,AG,AC,CC,GG,GT,CC,TT,AA,AA,TT,CC,AG,CC,GG,CC,GT,TT,AA,CC,CC,CC,CC,AA,TT,CC,AA,CC,CC,AA,AT,AA,AA,CG,CT,CC,GG,AA,AA,AA,CC,GG,CC,CC,AA,AA,GG,TT,GG,AC,TT,TT,AG,AC,TT,TT,TT,CG,AA,GT,NN,AA,TT,CG,CC,AA,CT,CC,CC,GG,AC,AA,GG,AG,CC,TT,CC,GT,TT,CG,AT,AA,AA,TT,CC,GG,AC,AC,CC,CG,NN,AC,NN,TT,CC,AA,CC,GT,AA,AC,AA,AT,GG,TT,TT,AA,GG,TT,AT,CG,NN,TT,AA,GG,AA,TT,AA,TT,CC,CT,CC,CC,CT,GG,AA,CC,AA,CC,TT,CT,GT,GG,TT,AA,AA,AA,GG,CC,CG,GG,CC,GG,AT,AA,CC,TT,GG,CC,CC,AA,GG,CG,AA,CC,AA,AA,CC,CC,CC,TT,AA,GG,AA,AA,AC,AC,GG,GG,AA,AA,AT,GG,AC,AG,AC,AC,CT,AA,AA,GG,GG,GG,TT,AA,AA,TT,TT,AT,AA,AA,GG,GG,AA,7.02,Susceptible,High,Premium,Medium
L0954,Warangal,Telangana,Rabi,Black Cotton,Irrigated,410,26.5,60,AC,TT,GG,AG,CG,CC,GG,TT,CC,CC,AA,CC,CG,TT,GT,GG,GG,TT,TT,AA,NN,TT,GT,CC,TT,CT,TT,TT,GT,AA,TT,CT,AA,AC,AG,GG,GG,CG,GG,CC,TT,NN,AA,TT,AA,AG,TT,AT,CC,AC,GT,AA,AA,GG,CC,TT,AT,AA,GT,CC,AA,TT,AT,AG,CT,TT,CC,GG,TT,GT,AG,GG,CC,AA,AG,AA,AT,GG,GT,TT,GG,GG,GG,CC,AT,GG,AG,AA,CC,TT,AC,TT,CC,TT,TT,GG,NN,CC,GT,CC,CT,CC,AG,AA,TT,TT,CC,AA,GG,AA,CT,GG,TT,CC,GT,AA,AA,TT,CC,AG,CG,GG,CC,GG,TT,AA,CC,CC,AC,CC,AA,TT,CC,AA,CC,CT,AA,TT,AA,AA,GG,CC,CG,GG,AA,AA,AA,CC,GT,CC,CC,AA,AA,GG,TT,GG,AC,TT,TT,GG,CC,GT,TT,TT,CC,AT,TT,TT,AA,AT,GG,CC,AA,CC,AC,CC,GG,CC,AA,GG,AG,CC,TT,GG,GG,TT,GG,AT,AA,AG,TT,AC,GG,AC,CC,CC,GG,GG,AC,GG,TT,AC,AA,CC,NN,AA,AC,AA,TT,GG,TT,TT,AT,GG,TT,TT,CC,AT,GT,AA,GG,AA,CT,AC,TT,CC,TT,AA,AC,CC,CG,NN,CC,GG,CC,TT,CT,GT,GG,TT,AA,AC,AA,GT,CC,GG,GG,CC,GG,AT,AG,CC,TT,GG,CG,CG,AA,GG,CC,AA,CC,AA,AA,AA,CC,AA,TT,AA,GG,AA,AA,AC,AA,GG,AA,AA,AA,TT,CG,AA,AA,CC,AA,NN,AA,AA,CG,AG,GG,GT,AA,AA,GT,TT,TT,AG,TT,GG,NN,AA,6.37,Susceptible,Low,Poor,Medium
L0955,Warangal,Telangana,Rabi,Black Cotton,Irrigated,410,26.5,60,AC,CT,GG,AA,GG,CC,GT,TT,CC,CG,AA,CC,CG,TT,GT,GT,GG,TT,TT,AG,CC,TT,GG,CC,TT,CC,TT,TT,GG,AA,TT,CT,AA,CC,GG,GG,GG,GG,GG,CC,TT,TT,AA,TT,AA,GG,TT,TT,CC,AA,GG,AA,AG,GG,CC,GT,AA,AC,GT,AC,AA,GT,TT,AG,TT,TT,CC,GG,TT,GT,AA,GG,CC,AA,GG,AC,AA,NN,GT,TT,GG,GT,GG,CC,AT,GG,AA,AA,CC,GT,CC,TT,CC,TT,TT,GG,CT,CC,TT,CC,CC,GG,AG,AA,TT,GT,CC,AA,AA,AA,CC,GG,TT,CC,TT,AA,AA,TT,CC,AA,CC,GG,CC,GT,TT,AA,CT,CC,CC,CC,AA,TT,CC,AA,CC,CC,AA,TT,AA,AA,GG,CC,CC,GG,AA,AG,AA,CC,GG,CC,CG,AA,AG,AG,GG,AG,AC,TT,TT,GG,AA,TT,GT,TT,CG,AA,TT,TT,AA,TT,GG,CC,AA,NN,NN,CC,GG,CC,AA,GG,GG,CC,TT,CG,GT,TT,GG,TT,AA,AA,TT,AC,GG,AA,AC,CC,GG,GG,AA,GG,TT,AC,AA,CC,GT,AT,AC,AA,AA,GT,TT,TT,AT,GG,GT,AA,CC,TT,GT,AA,GG,AA,TT,AA,AT,CC,TT,AC,CC,CT,CC,AA,CG,AG,CC,TT,CT,TT,NN,TT,AA,AC,AA,GG,CC,GG,GG,CC,GG,AT,AA,CG,TT,AG,CC,CC,AA,GG,CC,TT,CC,AA,AA,AA,GG,AC,TT,AA,GG,AA,AA,AC,AA,AG,AG,AA,AA,TT,CG,AC,AA,CC,AA,CT,AA,AA,GG,GG,GG,GT,AA,AA,GT,TT,TT,AA,AT,GG,NN,AA,9.39,Susceptible,High,Poor,Medium
L0956,Warangal,Telangana,Rabi,Black Cotton,Irrigated,410,26.5,60,CC,TT,AG,GG,GG,CC,GG,AT,CC,CG,AA,CT,CG,TT,TT,GG,CG,TT,TT,AG,CG,TT,GG,CT,TT,CC,GT,TT,GG,AA,TT,CC,AG,CC,GG,GG,GG,CG,GG,CC,TT,CC,AA,TT,AA,GG,TT,AT,CG,AC,GT,AA,AA,GG,CC,TT,AA,AA,GG,AC,AA,GT,AT,AG,TT,NN,CC,GG,TT,NN,GG,GG,CC,AA,GG,CC,AA,GG,TT,TT,GG,GG,NN,CC,AT,NN,AA,AT,CC,TT,CC,TT,CC,AT,GT,GG,CT,CC,TT,CC,CC,GG,AG,AA,TT,TT,CC,AG,GG,AA,TT,GG,TT,CC,TT,AC,AA,TT,CG,GG,CC,AA,CT,GT,TT,AA,CC,CC,CC,CC,AA,TT,NN,AA,CC,CC,AA,AA,AA,AA,GG,CC,CC,AG,AA,AG,AA,CC,GG,CC,CC,AG,AG,GG,TT,GG,AC,TT,TT,GG,CC,TT,GT,TT,CG,AT,TT,TT,AA,TT,GG,CC,AG,CT,CC,CC,CG,CC,AA,GG,GG,CC,TT,CC,GT,TT,GG,AA,AA,AA,TT,CC,GG,AC,CC,CC,GG,GG,AC,GG,TT,AA,AA,CC,GT,AA,CC,AA,AT,GG,TT,TT,AA,CG,GT,AT,CC,AT,GT,AA,GG,AA,TT,AA,AT,CC,TT,AA,AC,CC,CG,AA,CC,AG,CC,TT,CT,TT,GG,TT,AA,NN,AA,GG,CC,CC,GG,CC,GG,TT,AA,CC,TT,GG,CC,CC,AA,AG,CC,AA,CC,AA,AA,CC,CC,AA,TT,AA,GG,AA,AA,AC,AA,AG,AA,AG,AA,TT,GG,AA,AA,AC,AA,CT,AA,AA,CG,AG,GG,TT,AT,AA,TT,TT,TT,AA,AT,GG,GG,AC,8.02,Resistant,Medium,Premium,Medium
L0957,Warangal,Telangana,Rabi,Black Cotton,Irrigated,410,26.5,60,AA,TT,AG,AG,CG,CC,GT,AT,CC,CG,AA,CC,CC,AT,GT,GG,CG,TT,TT,AA,CC,TT,GT,CT,TT,CC,TT,AT,GG,AA,TT,CT,AA,CC,AG,GG,GG,CC,GG,CC,TT,CT,AC,TT,AA,AA,TT,AT,CC,CC,GG,AA,AA,GG,CC,TT,AA,AC,GT,AA,AG,TT,AA,AG,TT,AT,CC,GG,TT,GG,AA,GG,CC,AA,AG,AC,NN,GG,TT,TT,GG,GG,TT,CC,AT,GG,AA,TT,CG,GT,CC,TT,CC,TT,TT,GG,TT,CC,GT,CT,CC,CC,AG,AA,TT,TT,CC,AA,AA,AC,CT,GG,TT,CC,TT,AA,AA,TT,CC,AG,CC,GG,CT,GT,TT,AA,CC,CC,CC,CC,AA,GG,CC,AA,CC,CC,AA,TT,AA,AA,CG,CC,CC,GG,AA,AA,AA,AC,GG,CC,CC,AA,AA,GG,TT,GG,AC,GT,TT,GG,CC,TT,GT,CT,CG,AA,TT,TT,AA,TT,CG,CC,AA,TT,AC,CC,CG,CC,AA,GG,AG,CC,TT,CC,GG,GT,CC,TT,AA,AA,TT,AC,GG,AA,CC,CC,GG,GG,AC,GG,TT,AA,AA,CC,GG,AT,CC,AA,AA,GG,NN,TT,AT,GG,GT,AA,CC,TT,GG,AA,GG,AA,TT,AA,AT,CC,TT,AA,AC,TT,GG,GG,CG,GG,AC,AT,CT,NN,GG,TT,AC,CC,AG,GG,CG,CG,GG,CC,GG,TT,AA,CC,GT,GG,CC,CC,AA,GG,CC,AA,CC,AA,AA,NN,CC,AC,TT,AA,GG,AA,AA,CC,NN,GG,AG,AA,AG,TT,GG,AA,AG,AC,AA,TT,AA,AA,GG,GG,GG,TT,AT,AA,TT,TT,TT,AA,AT,GG,GG,AA,6.18,Moderate,Low,Standard,Late
L0958,Warangal,Telangana,Rabi,Black Cotton,Irrigated,410,26.5,60,AC,TT,GG,AG,GG,CC,TT,TT,CC,CG,AA,CC,CC,AT,GT,GG,CG,TT,TT,AA,CC,GT,TT,CC,AT,CC,TT,AT,GG,AA,TT,CC,AA,CC,GG,CG,GG,CG,GG,CC,TT,CC,AA,TT,AA,AG,CT,AT,CG,CC,GT,AT,AA,GG,CT,TT,AA,AA,GT,AA,AA,TT,TT,GG,TT,TT,CC,GG,NN,GG,GG,GT,CC,AA,AG,AC,AT,GG,GT,TT,GG,GG,GG,NN,AA,GG,AA,AA,CC,GT,AC,TT,CC,NN,GT,GG,CT,CC,GG,CC,CC,CG,AG,NN,TT,TT,CC,AA,AG,AA,TT,GG,TT,CC,TT,AC,AA,TT,CC,AG,CC,GG,CC,GT,CC,AG,CC,CC,CC,CC,AA,TT,CC,AA,CC,CC,AA,AT,AA,AT,GG,CT,CG,GG,AA,NN,AA,CC,GG,CC,CC,AA,AA,AG,GT,AG,CC,TT,CT,AG,AA,GT,GT,CT,CG,AA,TT,TT,AA,AA,GG,NN,AG,CT,CC,CC,GG,CC,AA,GG,AG,CC,TT,CC,GG,TT,CG,AA,AA,AA,TT,CC,GG,AA,AA,CC,NN,GG,AC,GG,TT,AC,AA,CC,GG,AT,CC,TT,AA,GG,TT,TT,AT,GG,GT,AA,CG,TT,TT,AA,GG,AA,TT,CC,TT,CC,TT,AA,CC,TT,GG,AG,CC,AG,AC,TT,TT,GG,GG,TT,AA,CC,AA,GG,CC,CG,GG,CC,GG,TT,AA,CC,GT,GG,CC,CG,AT,GG,CG,AA,CC,AA,AA,CC,CG,AC,TT,AA,GG,AA,AA,AC,AA,AG,AA,AG,AA,TT,CC,AA,AG,CC,AA,TT,AG,AG,GG,GG,NN,TT,AA,AA,TT,TT,TT,AG,AT,GG,GG,AA,6.46,Susceptible,Low,Poor,Medium
L0959,Warangal,Telangana,Rabi,Black Cotton,Irrigated,410,26.5,60,AC,TT,GG,AA,GG,CC,GG,AT,CC,CG,AA,CC,CG,TT,TT,GT,GG,TT,TT,AG,CC,GT,GT,CC,TT,CC,TT,NN,GG,AA,TT,CC,AA,CC,GG,CG,GT,CC,GG,CC,GT,CT,AA,GT,AG,AG,TT,AA,CC,AC,GG,AA,AA,GG,CC,NN,AA,AA,GT,AA,AG,TT,AA,AA,TT,AT,CC,GG,TT,GT,AA,GG,CC,AA,GG,AA,AA,GG,TT,TT,GG,GT,GG,CC,AA,GG,AA,AA,CC,GG,CC,TT,TT,TT,GT,GG,TT,AC,GT,CC,CC,GG,GG,AG,TT,GT,CC,AG,AA,AA,CC,GG,TT,CC,TT,AA,AA,TT,CC,GG,CC,GG,CC,GG,NN,AA,CC,CC,CC,CG,AA,TT,CC,AA,CC,CT,AA,TT,AG,AA,GG,CC,CC,GG,AA,GG,AA,CC,GG,CC,CG,AA,AA,GG,TT,GG,AA,TT,CT,NN,CC,TT,GT,TT,CC,AT,TT,TT,AT,TT,GG,CC,AG,CT,CC,CC,CG,CC,AA,GG,GG,CC,GT,CC,GG,GT,GG,AT,AG,AA,TT,CC,GG,AC,AC,CC,GG,AG,AA,CG,NN,AC,AA,CC,GG,AA,AC,AA,AA,GG,GT,AT,AT,GG,GT,AA,CG,AT,TT,AA,GG,AA,CT,AA,TT,CC,TT,CC,CC,TT,GG,AG,CC,AG,CC,TT,CT,TT,GG,TT,AA,AC,AA,GG,CC,CC,GG,CC,GG,AA,AA,CC,TT,GG,CC,CC,AA,GG,CG,AA,CC,AA,AA,AC,CC,AC,TT,AA,GG,AA,AA,AC,AC,AG,AA,AA,AA,TT,GG,AA,AA,AA,AA,TT,AA,AA,GG,GG,GG,TT,AA,NN,GT,TT,TT,AG,TT,GG,GG,AA,4.76,Resistant,Medium,Standard,Early
L0960,Warangal,Telangana,Rabi,Black Cotton,Irrigated,410,26.5,60,AC,TT,GG,AA,GG,CC,GG,AT,CC,CC,AA,CC,CC,TT,NN,GG,CG,TT,TT,AA,CG,NN,GT,CC,TT,CC,GT,AT,GG,AA,TT,CC,AA,CC,GG,GG,GG,CG,GG,CC,TT,CT,AA,TT,AG,GG,CT,TT,CC,CC,GG,AA,AG,GG,CT,TT,AT,CC,GT,NN,GG,TT,TT,AA,TT,TT,CC,GG,TT,GG,GG,GG,CC,AA,NN,AA,AA,GG,TT,TT,GG,GG,GG,CC,AA,GG,AA,AT,CC,TT,CC,TT,CC,TT,TT,GG,TT,CC,GT,CC,CC,GG,AG,AA,TT,TT,CG,AA,NN,AA,CC,GG,TT,CC,TT,AA,AA,TT,CC,AG,CC,GG,CC,GG,CT,NN,CT,CC,CC,CC,AA,GT,CC,AA,CC,CT,AA,TT,AA,AA,GG,CC,CC,GG,AA,AG,AT,CC,GG,CC,CC,AA,AA,AG,TT,AG,AC,TT,TT,GG,CC,TT,GT,TT,CC,AT,GT,TT,AA,TT,GG,NN,AA,CC,CC,CC,GG,AC,AA,GG,AG,CC,TT,CC,GT,TT,GG,AT,AA,AA,TT,AC,GG,AA,CC,CC,CG,GG,CC,CG,TT,AC,AA,CC,GG,AA,CC,AA,AA,GT,TT,AT,AT,GG,GG,AA,CG,TT,TT,AT,GG,AA,CT,AA,TT,CC,TT,AC,CC,TT,GG,AA,CC,AG,CC,NN,CT,TT,GG,TT,AA,AC,AG,GG,CC,CC,GG,CC,NN,AT,AA,CC,GT,GG,CC,CC,AA,GG,CC,AA,CC,AA,AA,CC,CC,AC,TT,AA,GG,AA,AA,AA,AA,AG,AA,AA,AA,AT,GG,AA,AA,NN,AA,CT,AA,AG,GG,GG,GG,GT,AT,AA,GT,TT,TT,GG,TT,GG,GG,AA,7.82,Moderate,Medium,Premium,Medium
L0961,Warangal,Telangana,Rabi,Black Cotton,Irrigated,410,26.5,60,CC,TT,AG,AA,GG,NN,GG,AT,CC,CG,AA,CC,CC,TT,GT,GG,CG,TT,TT,AA,CC,TT,GT,CT,NN,CC,TT,TT,GT,AA,TT,CC,AA,CC,GG,GG,GG,CC,NN,CC,TT,CT,AA,TT,AA,AG,TT,TT,CC,AA,GT,AT,AG,GG,CC,TT,AA,AA,GG,AC,AA,TT,TT,AG,TT,TT,CC,GG,CT,GT,GG,GG,CC,AA,GG,CC,AA,GG,TT,TT,AG,GT,NN,CC,TT,GG,AA,AT,CC,GT,CC,TT,CC,TT,GT,GG,TT,CC,GT,CC,CT,CC,AG,AA,AT,TT,CC,AA,AG,AA,CC,GG,TT,CG,TT,AA,CC,TT,CG,AG,CC,GG,CC,TT,TT,AG,CT,CC,AA,CC,AA,TT,CC,AA,CC,CC,AA,TT,AA,AA,CG,CT,CG,GG,AA,GG,AT,CC,GT,CC,CC,AA,AA,NN,GG,GG,AC,TT,TT,AG,AC,TT,TT,CT,CC,AT,TT,CC,AA,TT,GG,CC,AA,CC,CC,CC,CG,CC,AA,GG,AG,CC,TT,CC,GT,TT,CG,AA,AA,AG,TT,AC,GG,AC,CC,CC,GG,GG,AC,GG,NN,AA,AA,CC,GT,AA,CC,AA,AA,GT,TT,TT,AA,CG,GT,AA,CC,TT,GT,AA,GG,AA,TT,AA,TT,CC,CT,AA,CC,CT,GG,AG,CG,AG,CC,TT,TT,TT,GG,AT,AC,AC,AG,GG,CC,CC,GG,CC,GG,AT,AA,CC,GT,GG,CG,CG,AT,GG,NN,AA,GG,AA,AA,AC,CC,AC,TT,AA,CC,AA,AC,AC,AA,AA,AG,AG,AA,NN,GG,AC,NN,AA,AA,TT,AA,AA,GG,AG,GG,TT,AT,AG,TT,TT,TT,NN,TT,GG,GG,AA,6.93,Susceptible,Low,Poor,Late
L0962,Warangal,Telangana,Rabi,Black Cotton,Irrigated,410,26.5,60,AA,TT,AG,GG,GG,CC,GG,TT,CC,CC,AA,CT,GG,TT,TT,GG,CG,TT,TT,AA,CC,GT,GG,CC,AT,CC,GT,TT,GT,AA,TT,CC,AA,CC,GG,GG,GT,CG,GG,CC,TT,TT,AA,TT,AA,GG,CT,NN,CC,AA,GG,AA,AG,GG,CC,TT,AT,AA,GT,AA,AA,TT,TT,AG,TT,AT,CC,GG,TT,GG,AA,GG,CC,AA,GG,CC,AT,GG,GG,TT,GG,GG,GG,CC,AA,GG,AA,AA,CC,TT,CC,TT,CT,TT,TT,GG,TT,CC,GT,CC,CC,CC,AG,AA,AT,TT,CC,AA,AA,AC,CT,GG,TT,CC,TT,AA,AC,TT,CG,AG,CG,AG,CC,TT,CT,AG,CC,CC,CC,CC,AA,TT,AC,AA,CC,CC,AA,TT,AG,TT,CG,CC,CC,GG,AA,AG,AA,AC,NN,CC,CC,AG,AA,GG,TT,AG,AA,TT,CT,GG,CC,GT,GT,CT,GG,AA,TT,TT,AA,TT,GG,CC,AG,CC,CC,CC,GG,CC,AA,GG,AG,CC,TT,CC,GG,GT,GG,TT,AA,GG,TT,CC,GG,AA,AC,CC,GG,GG,AA,GG,CT,AA,AA,CC,GG,AT,CC,AA,AA,GG,TT,AT,AA,NN,GG,AA,CC,AT,GG,AA,GG,AA,CT,AC,TT,CG,TT,AC,CC,CT,CC,AG,CG,GG,AC,TT,CT,TT,GG,TT,AA,AA,AA,GG,CC,CG,GG,CC,GG,TT,AA,CG,TT,GG,CC,CC,AA,GG,CC,AA,CC,AA,AA,CC,CC,CC,TT,AA,CG,AA,AA,AA,AA,GG,AA,AA,AA,TT,GG,AC,AA,AC,AA,CT,AA,AA,GG,GG,GG,TT,AA,AG,TT,TT,TT,AA,AT,GG,GG,AA,9.75,Moderate,Low,Premium,Late
L0963,Warangal,Telangana,Rabi,Black Cotton,Irrigated,410,26.5,60,AC,TT,GG,AG,CG,CC,GG,TT,CC,CG,AA,CC,CC,AT,TT,GG,GG,TT,TT,AA,CC,TT,GT,CC,AT,CC,TT,NN,GG,AA,TT,CC,AA,CC,GG,GG,GG,CG,GG,CC,TT,CC,CC,TT,AA,GG,TT,TT,CC,AC,GG,AA,AA,GG,CT,GT,AA,AA,TT,AA,AA,TT,TT,AG,TT,AT,CC,GG,TT,GG,AA,GG,CC,AG,AG,AA,AT,GG,GT,TT,GG,GG,NN,CC,AA,GG,AG,AA,CG,TT,AA,TT,CC,AT,GG,GG,CT,CC,GG,CC,CC,CC,AA,AA,TT,TT,CC,AA,AG,CC,CT,GG,GT,CG,GT,AA,AA,NN,CC,AG,CC,GG,CT,GT,TT,AA,CC,CC,AC,CC,AG,TT,NN,AA,CC,CC,AA,TT,AG,AT,GG,CC,CG,AG,AA,GG,AA,AC,GG,CC,CC,AA,AG,GG,TT,GG,CC,TT,TT,AG,CC,TT,TT,TT,CC,AA,TT,TT,AA,AT,GG,CC,AG,CT,CC,CC,GG,CC,AA,GG,AA,CC,TT,CC,GT,TT,GG,TT,AA,AG,GT,CC,GG,AA,AC,CC,GG,GG,AA,GG,TT,AA,AA,CC,GG,AT,CC,AA,AA,GT,GT,TT,AT,GG,GT,TT,CG,AT,GG,AA,GG,AA,TT,AA,TT,CC,CT,AA,CC,TT,GG,AG,CC,AG,CC,TT,CT,TT,GG,TT,AA,AC,AA,NN,CC,CC,GG,CC,GG,AT,AA,CC,TT,GG,CC,CC,AA,GG,CC,AT,CC,AA,NN,AC,CC,CC,TT,AA,GG,AA,AA,AC,AA,GG,AG,AA,AA,TT,GG,AA,AG,AC,AA,TT,AG,AG,GG,GG,GG,TT,AA,AA,TT,TT,TT,AG,TT,GG,GG,AA,8.33,Moderate,High,Standard,Early
L0964,Warangal,Telangana,Rabi,Black Cotton,Irrigated,410,26.5,60,AA,CT,GG,AA,GG,CC,GG,AT,CC,CC,AT,CC,CC,AT,TT,GG,GG,TT,TT,AA,CC,TT,TT,CC,AT,CC,GT,TT,GG,AA,TT,CT,AA,CC,GG,CG,GG,NN,GG,CC,TT,CT,AA,TT,AG,AG,TT,AT,CC,AC,GG,AA,AG,GG,CC,TT,AA,AC,GG,NN,AG,GT,AT,GG,TT,AT,CC,GG,TT,GT,AG,GG,CC,AA,AA,AC,AT,AG,TT,TT,GG,GG,GG,CC,AA,GG,AA,AA,CG,GT,CC,GT,CT,AT,TT,GG,CT,CC,TT,CT,CC,CC,AG,AG,AT,TT,CC,AA,AA,AA,CC,GG,TT,CC,GT,AC,AC,TT,CC,AG,CG,GG,CT,GG,TT,AG,CC,CC,CC,CC,AA,GT,CC,AA,CC,CC,AA,TT,AG,AA,CG,CT,CC,NN,AA,GG,AA,AC,GG,CG,CC,AA,AA,GG,TT,AG,AA,NN,TT,GG,AC,TT,GT,CT,NN,AT,TT,TT,AT,TT,CG,CC,AG,CC,CC,CC,GG,CC,AA,GG,AA,CC,TT,CC,GG,GG,GG,TT,AA,AA,GT,CC,GG,AA,CC,CG,GG,GG,AA,CG,TT,AA,AA,CC,GG,AT,CC,AA,AT,GG,TT,AT,AA,GG,GG,AT,CC,TT,GG,AA,GG,AA,TT,AC,TT,CC,TT,AA,CC,CT,CG,AG,CG,GG,AC,AT,TT,GT,GG,TT,AA,AC,AA,GT,CC,CG,GG,CC,GG,AT,AA,CC,TT,GG,CC,CC,AT,GG,CC,AA,CC,AA,AA,CC,CG,AC,TT,AA,GG,AA,AA,AC,AA,GG,AG,AG,NN,AT,GG,AC,AA,CC,AA,TT,AA,AG,GG,GG,GG,TT,NN,AG,GT,TT,TT,GG,AA,GG,GG,AA,8.78,Susceptible,Low,Poor,Medium
L0965,Warangal,Telangana,Rabi,Black Cotton,Irrigated,410,26.5,60,AA,TT,GG,AG,GG,CC,GG,TT,CC,GG,AA,CC,CC,AT,TT,GG,GG,TT,TT,AG,CG,TT,TT,CT,AT,CC,GT,TT,GG,AA,TT,CC,AA,CC,GG,GG,GG,CC,GG,CC,TT,TT,AC,TT,AA,AG,TT,AT,CC,AA,GG,AA,AA,GG,CC,GT,AT,AC,TT,AC,AA,GT,AT,AA,TT,TT,CT,GG,TT,GT,AA,GG,CC,AA,GG,AA,AT,GG,TT,TT,GG,GG,GG,CC,AA,GG,AA,AA,CC,GT,CC,TT,CC,TT,TT,GG,TT,CC,GT,CT,CC,CC,GG,AA,AT,TT,CC,AA,AA,AC,CC,GG,TT,CC,TT,AC,AC,TT,CC,AA,CG,AG,CC,GG,CT,AG,CC,CC,CC,CG,AA,TT,CC,AA,CC,CC,AA,AT,AA,AT,CG,CT,CC,GG,AA,GG,AA,CC,GG,CC,NN,AA,AG,GG,TT,AG,AC,TT,CT,AG,AC,TT,TT,TT,CC,AT,TT,TT,AA,AT,GG,CC,AG,CT,CC,CC,CG,CC,AA,GG,AA,CC,TT,CC,GG,TT,GG,AA,AA,AA,TT,CC,CG,AC,AC,CC,GG,GG,AA,GG,TT,AC,AA,CC,GG,AA,CC,AT,AT,GG,TT,AT,AA,CG,GT,AA,CC,TT,GT,AA,GG,AA,CC,AA,TT,CC,TT,AA,CC,TT,CG,AA,CC,AA,CC,TT,TT,GG,CG,AT,AA,CC,AA,GG,CC,CG,GG,NN,GG,AT,AA,CC,TT,GG,CC,CG,AA,AG,CG,AA,CC,TT,AA,CC,CG,AC,TT,AA,GG,AA,AA,AA,AA,GG,AG,AG,AA,TT,CC,AC,AG,CC,AC,TT,AA,AA,GG,GG,GG,TT,AA,AA,TT,TT,TT,AA,TT,GG,CG,AA,7.77,Susceptible,Low,Poor,Early
L0966,Warangal,Telangana,Rabi,Black Cotton,Irrigated,410,26.5,60,AC,TT,GG,AG,GG,CC,GG,TT,CC,CG,AT,CC,CG,AA,TT,GG,CG,TT,TT,AA,CC,GG,TT,CC,TT,CC,GT,TT,GG,AA,TT,CT,AA,CC,GG,GG,GG,GG,GG,CC,TT,TT,AA,TT,AG,AG,TT,AT,CC,AC,GT,AA,AA,GG,CC,TT,AT,AA,GT,AA,AA,TT,AT,AG,TT,TT,CC,GG,TT,GG,AA,GG,AC,AA,GG,AA,AA,GG,TT,TT,GG,GG,GG,AC,AA,GG,AA,AT,CC,TT,CC,TT,CT,TT,TT,GG,TT,CC,GT,CC,CC,CC,AA,AA,TT,TT,CC,AA,AG,AA,CC,GG,TT,CC,TT,AA,AA,AT,CG,AG,CC,GG,CC,GT,TT,AA,CC,CC,CC,CC,AG,TT,CC,AA,CC,CC,AA,AT,AG,AA,GG,CT,CC,AG,AA,AA,AT,CC,GG,CG,CC,AA,AA,AG,TT,GG,AA,NN,TT,GG,NN,GT,TT,CT,CC,AT,TT,TT,AA,AT,GG,CG,AA,CT,CC,CC,GG,CC,AA,GG,GG,CC,TT,CC,GT,TT,GG,AA,AA,AG,TT,CC,GG,AA,AC,CC,GG,AG,AC,GG,TT,AA,AG,CC,GG,AA,CC,AA,AA,GG,NN,AT,AT,CC,GT,AA,CG,AT,GT,AA,GG,AA,TT,AA,TT,CC,CC,AC,CC,CT,GG,GG,NN,AG,AC,TT,TT,TT,GG,TT,AA,AC,GG,GG,CC,CG,GG,CC,GG,AA,AA,CC,TT,GG,CC,CG,AT,GG,CC,AA,CC,AA,AG,AC,CG,AC,TT,AA,GG,AA,AA,AC,AA,GG,GG,AG,AA,AA,GG,AC,AA,AC,AA,CT,AA,AA,GG,AG,GG,TT,AT,AA,GT,TT,TT,AA,TT,GG,CG,AA,4.74,Susceptible,Low,Poor,Late
L0967,Warangal,Telangana,Rabi,Black Cotton,Irrigated,410,26.5,60,AA,CT,AG,AA,CG,CG,GG,AT,CC,CG,AA,CC,CC,TT,GG,GG,GG,TT,TT,AG,CC,GT,GT,CT,TT,CC,TT,TT,GG,AA,TT,CC,AA,CC,GG,GG,GG,CG,GG,CC,TT,TT,AA,TT,GG,GG,CT,TT,CC,CC,GT,AA,AA,GG,CC,TT,AA,AA,GG,AA,AA,TT,TT,AA,TT,TT,CC,GG,TT,GG,GG,GG,CC,AA,GG,AC,AA,GG,GT,TT,GG,TT,GG,CC,AA,GG,AG,AA,CC,TT,CC,TT,CC,TT,GT,GG,NN,CC,TT,CC,CC,CG,AG,AA,TT,TT,NN,GG,AA,AA,CC,GG,TT,CG,TT,AA,AA,TT,CC,GG,CC,GG,CT,GG,CT,AA,CC,CC,CC,CC,AA,TT,CC,AA,CC,CT,AA,TT,AA,AA,GG,CC,CC,GG,AA,AG,AA,CC,GG,CC,CC,AA,AA,GG,TT,GG,AC,TT,CT,GG,AC,GT,TT,TT,CC,AT,TT,TT,AA,TT,GG,CC,AA,CC,AC,CC,CG,CC,AA,GG,AA,AC,TT,CC,GG,GT,NN,TT,AA,AG,TT,CC,GG,AA,AC,CC,GG,GG,AC,GG,TT,AA,AA,CC,GG,AA,CC,AA,AA,GG,TT,AA,AA,GG,TT,AT,CC,TT,GT,AA,GG,AA,TT,AA,TT,CC,CT,AA,NN,NN,GG,AA,CC,AG,CC,TT,TT,TT,GG,AT,AA,AC,AG,NN,CC,CC,GG,GG,GG,AT,AA,CG,TT,GG,CC,CC,AA,GG,CC,AA,CC,AT,AA,CC,CG,AC,TT,AA,GG,AA,AA,AA,AC,GG,AA,AG,AA,TT,CG,AA,AA,AC,AA,TT,AA,AG,GG,GG,GG,TT,AT,AG,TT,TT,TT,AG,TT,GG,GG,AA,8.42,Resistant,Low,Poor,Medium
L0968,Warangal,Telangana,Rabi,Black Cotton,Irrigated,410,26.5,60,AA,CT,GG,AG,GG,CC,TT,TT,CG,CC,AA,CT,CG,AT,TT,GG,GG,TT,TT,AA,CG,GT,GT,CC,TT,CT,TT,TT,GT,AA,CT,CC,NN,CC,GG,GG,GG,CC,GG,CC,TT,TT,AA,TT,AA,AG,TT,TT,CC,AA,GG,AA,AA,GG,CC,TT,AT,AC,GG,AA,AA,TT,AT,AG,TT,TT,CC,GG,TT,GG,AG,GG,CC,AA,GG,AC,AA,GG,TT,TT,GG,GT,GG,CC,AT,GG,AA,AA,CC,GG,CC,TT,CC,AT,GT,GG,TT,CC,TT,CC,CC,CC,GG,AA,TT,TT,CG,AA,AA,AA,CC,GT,TT,CG,TT,AC,AC,TT,CG,GG,CG,AG,CC,GT,TT,AA,CC,CC,CC,CC,AA,GT,CC,AA,CC,CC,AA,TT,AA,AA,GG,CC,CC,GG,AA,GG,AA,CC,GG,CC,CC,AA,GG,AG,GT,GG,NN,TT,TT,GG,AA,NN,TT,TT,CC,AA,GT,TT,AA,AA,GG,CC,AA,CC,CC,CC,CC,CC,AA,GG,AA,CC,TT,GG,GT,TT,CG,AT,AA,AG,TT,CC,GG,AA,AC,CC,CG,GG,AC,GG,TT,AC,AA,CC,GT,AA,AC,AT,NN,GG,TT,TT,AA,GG,NN,AT,CC,AT,NN,AA,GG,AA,CC,AA,TT,CC,TT,AA,CC,TT,GG,AG,CG,AG,AC,TT,CC,TT,GG,AT,AA,AC,AA,GT,CC,CC,GG,CC,GG,TT,AA,CC,TT,GG,CG,CC,AA,AG,CC,AA,CC,AA,AA,AA,CG,CC,AA,AA,GG,AT,AC,AC,AA,AG,AG,AG,AA,AT,GG,AA,AG,AC,AA,TT,AG,AG,GG,GG,NN,TT,AA,AA,TT,TT,TT,AG,AT,GG,GG,AA,6.02,Susceptible,Medium,Poor,Medium
L0969,Warangal,Telangana,Rabi,Black Cotton,Irrigated,410,26.5,60,AA,TT,GG,AA,CG,CG,GT,AT,CC,CG,AA,CC,CC,AT,TT,GT,CG,TT,TT,AA,CC,TT,TT,CT,TT,CC,TT,TT,GG,AA,NN,CC,AA,CC,GG,CG,GG,CC,GG,CC,TT,TT,AA,TT,AA,AA,TT,AT,CC,AC,GT,AA,AA,GG,CC,TT,AA,AC,GG,AC,AA,TT,AT,AA,TT,TT,CC,GG,TT,GT,AG,GT,CC,AA,AG,AA,AT,GG,TT,TT,GG,GG,GG,CC,AA,GG,AG,AT,CC,GT,CC,TT,CT,TT,TT,NN,TT,CC,TT,CC,CC,CG,GG,AA,TT,TT,CC,AA,AA,AA,CT,GG,TT,CC,TT,AC,AA,TT,CC,GG,CC,AG,CC,GG,TT,AA,CC,CC,CC,CC,AA,TT,AC,AA,CC,CC,AA,TT,AA,AA,GG,CT,CC,GG,AA,GG,AA,CC,GG,CC,CC,AA,AG,AG,TT,GG,AA,GT,TT,GG,CC,GT,TT,CT,CC,AA,TT,TT,AA,TT,GG,CC,AA,TT,CC,CC,GG,CC,AA,GG,AA,CC,TT,CC,GT,TT,CG,AT,AA,AA,NN,CC,CG,AA,CC,CC,GG,AG,CC,GG,TT,AC,AA,CC,GG,AA,CC,AA,TT,GG,TT,AA,AT,GG,GT,AT,CC,TT,GT,AA,GG,AA,CT,AA,TT,CC,CT,AC,CC,TT,GG,GG,CC,AG,AC,TT,CT,GT,GG,TT,AA,CC,AG,GG,CC,CC,GG,CC,GG,AT,AA,CC,GT,NN,CG,CC,AT,GG,CC,AT,CC,AA,AA,AC,CC,CC,TT,AA,NN,AA,AA,AA,AA,AG,AG,AG,AA,TT,CG,AA,AA,AC,AC,TT,AA,AA,GG,GG,GG,TT,AA,AG,TT,TT,TT,AG,AT,CG,GG,AA,5.04,Susceptible,High,Poor,Medium
L0970,Warangal,Telangana,Rabi,Black Cotton,Irrigated,410,26.5,60,AC,TT,GG,AA,GG,CC,GG,TT,CC,CG,AA,CT,CC,TT,TT,GG,GG,TT,TT,AA,CC,TT,GT,TT,TT,CC,TT,TT,GG,AA,CT,CC,AA,CC,GG,GG,GG,CC,GG,CC,TT,TT,NN,TT,AG,AG,TT,TT,CG,CC,GG,AA,AA,GG,CC,GT,NN,AC,GT,AC,AA,GT,TT,AA,TT,TT,CC,GG,TT,GT,AG,GG,CC,AA,AG,AC,AA,GG,TT,TT,GG,GG,GG,CC,AA,GG,AA,AT,CC,GT,CC,TT,CT,TT,TT,AG,TT,CC,TT,CC,CC,CG,GG,AA,AA,TT,CC,AA,AG,AA,CC,GG,TT,CC,TT,AC,AA,TT,CC,GG,CC,GG,CC,GT,CT,AA,CC,CC,AC,CC,AA,GT,CC,AA,CC,CT,AA,TT,AG,AT,GG,CT,CC,GG,AA,GG,AA,CC,GG,CC,CC,AA,AA,GG,GT,GG,AA,GT,CT,GG,CC,TT,TT,TT,CC,AT,TT,TT,AA,TT,CG,CG,AG,CC,CC,CC,CG,CC,AA,AG,AA,CC,TT,CG,GG,GT,GG,TT,AA,AA,TT,CC,GG,AC,AC,CC,GG,GG,CC,GG,TT,AA,AA,CC,GG,AA,CC,AA,AA,GG,GG,TT,AT,GG,GT,AT,GG,TT,GT,AA,GG,AA,CT,AA,TT,CC,TT,AA,CC,TT,GG,GG,CG,GG,CC,AT,CC,GT,GG,NN,AA,AC,AG,GG,CC,GG,GG,CG,GG,TT,AA,CC,GG,GG,CC,CC,AA,GG,CC,AT,CC,AA,AA,AC,CC,AA,TT,AA,GG,AA,AA,AC,AA,GG,AA,AA,AG,AT,CC,AC,AA,CC,AC,CT,AG,AA,GG,GG,GG,TT,AT,AA,TT,TT,TT,AG,TT,GG,CG,AA,7.85,Susceptible,Low,Poor,Early
L0971,Warangal,Telangana,Rabi,Black Cotton,Irrigated,410,26.5,60,AC,TT,GG,AG,GG,CC,GT,AT,CC,CG,AA,CC,CC,AT,TT,GG,GG,TT,NN,AA,CG,TT,TT,CC,TT,CT,TT,TT,GG,AA,TT,CT,AA,CC,GG,GG,GG,CC,GG,AC,TT,CC,AA,GT,AA,GG,TT,TT,CC,CC,GT,AT,AG,GG,CT,TT,AA,AA,GG,AC,AA,TT,TT,GG,CT,TT,CC,GG,TT,GT,AG,GG,CC,AA,GG,AC,TT,GG,NN,TT,GG,GG,GG,CC,AT,GG,AA,AA,CC,TT,CC,TT,CC,TT,GT,AG,TT,CC,TT,CC,CC,CC,AA,AA,TT,TT,CC,AA,AG,AA,CC,GG,TT,CC,GT,AA,AA,TT,CG,AG,CG,GG,CC,TT,TT,AA,CC,CC,AC,CC,AA,TT,AC,AA,CC,CC,AA,TT,AG,AA,GG,CC,CG,GG,AA,AG,AT,CC,TT,NN,CC,AA,AA,GG,TT,AG,AC,GT,TT,GG,CC,TT,TT,TT,CC,AT,GG,CC,AA,TT,GG,CC,AG,CC,CC,CC,NN,CC,AA,GG,AA,CC,TT,CC,GG,TT,GG,AT,AA,NN,TT,CC,GG,AA,CC,CC,GG,GG,AC,GG,TT,AC,AA,CC,GG,AT,CC,AA,AA,GG,TT,AT,AT,CC,GG,AA,CC,AT,TT,AA,GG,AA,TT,AA,TT,CC,CT,AC,CC,NN,CG,NN,CC,NN,AC,TT,TT,GG,GG,TT,AA,AA,AA,GG,CG,CG,GG,CC,GG,AA,AG,CG,TT,GG,CC,CC,AT,AG,CC,AA,CC,NN,AA,CC,CC,CC,TT,AA,GG,AT,NN,AA,AA,AG,AG,AA,AA,AT,GG,AC,AG,CC,AA,CT,AG,AA,GG,GG,GG,NN,AT,AA,TT,TT,TT,AG,TT,GG,GG,AA,8.33,Susceptible,Low,Premium,Late
L0972,Warangal,Telangana,Rabi,Black Cotton,Irrigated,410,26.5,60,CC,TT,AG,AA,GG,CC,GG,AA,CC,CG,AA,CC,CC,AT,TT,GG,GG,TT,AT,AA,CC,GT,TT,CC,TT,CC,TT,AT,GG,AA,TT,CC,AA,CC,GG,GG,GG,CG,GG,CC,TT,CT,AA,GT,AA,GG,TT,AT,CG,AA,GT,AT,AA,GG,CC,TT,AA,AA,GT,AC,GG,GG,AT,AG,TT,TT,CC,GG,TT,GG,AG,GT,CC,AA,AG,AA,AA,GG,TT,TT,GG,GG,GG,CC,AA,GG,AA,AA,CC,TT,CC,TT,CC,TT,TT,GG,TT,CC,TT,CC,CC,GG,GG,AA,TT,TT,CC,AA,AG,AA,CC,GG,TT,CC,TT,AA,AA,TT,CC,GG,CC,GG,CC,TT,TT,AA,CC,CC,CC,CG,AA,TT,CC,AA,CC,CT,AG,TT,AA,AA,GG,CC,CC,GG,AA,AA,AA,CC,GG,CC,CC,AA,AA,GG,TT,GG,AC,GT,TT,AG,AC,TT,GT,TT,CC,AA,GT,NN,AT,TT,NN,CC,AG,CC,CC,CC,CG,CC,AA,GG,AA,CC,TT,CC,GG,GT,CG,TT,AA,AA,TT,CC,GG,AA,AC,NN,GG,GG,CC,GG,TT,AA,AA,CC,GG,AT,AC,AA,AA,GG,TT,AT,AA,CG,TT,AA,CG,AT,GT,AA,GG,AA,CT,AA,TT,CC,CC,AA,CC,CT,GG,AG,CG,AG,CC,TT,TT,TT,GG,TT,AA,AC,AG,GG,CC,CC,GG,CC,GG,AT,AA,CG,TT,GG,CC,CG,NN,AG,CG,AT,CC,AA,AA,AC,CG,AC,TT,AA,GG,AA,AA,AC,AA,AG,AA,GG,AA,AT,GG,AA,AG,CC,AA,TT,AA,AA,CG,GG,GG,TT,AA,AA,TT,TT,TT,AG,AT,GG,CG,AA,6.89,Susceptible,Low,Premium,Late
L0973,Warangal,Telangana,Rabi,Black Cotton,Irrigated,410,26.5,60,AA,TT,GG,GG,GG,CC,GT,AA,CC,GG,AA,CT,NN,AA,TT,GG,CG,TT,AT,AA,CG,GT,GT,CC,TT,CT,TT,TT,GG,AA,TT,CT,AA,CC,GG,GG,GG,CC,GG,CC,TT,TT,AA,TT,AG,AG,TT,TT,CC,CC,GG,AA,AG,GG,CC,TT,AT,AA,TT,AC,GG,TT,AT,AG,TT,TT,CT,GG,TT,GG,AG,GG,CC,AA,GG,AA,AA,GG,TT,TT,GG,GG,GT,CC,AA,GG,AG,AA,CC,GT,CC,TT,TT,TT,GT,GG,TT,AC,TT,CT,CC,CC,AG,AA,TT,TT,CG,AA,AG,AA,CC,GG,TT,CC,TT,AA,AA,TT,CC,GG,CC,GG,NN,GT,TT,AA,NN,CC,CC,CC,AA,GT,CC,AA,CC,CC,AA,AT,AA,AA,GG,CC,CC,GG,AA,GG,AA,CC,GG,CC,CC,AA,AA,GG,GT,GG,AA,TT,TT,GG,CC,TT,GT,TT,CC,AA,TT,CT,AA,TT,GG,CC,AA,CT,CC,CC,CG,CC,AA,GG,AG,CC,TT,CC,GT,TT,GG,AT,AA,AA,TT,CC,CG,AA,AC,CC,GG,GG,AC,GG,TT,NN,AA,CC,GG,AA,CC,AA,AT,GT,TT,AT,AA,GG,GG,AA,CC,AT,TT,AA,GG,AA,TT,AC,TT,CG,TT,AA,CC,TT,GG,AA,CG,AG,CC,AT,CC,GG,GG,TT,AA,AA,NN,GG,CC,CG,GG,CC,GG,TT,AA,CC,TT,GG,CC,CC,AA,GG,CC,AT,CC,AA,AA,CC,CG,CC,TT,AG,GG,AA,AA,CC,AA,AG,AA,AA,AA,AT,GG,AC,AA,AC,AA,CT,AA,AG,GG,AG,GG,TT,AT,AA,TT,TT,AT,AG,AT,GG,GG,AA,7.04,Susceptible,High,Standard,Medium
L0974,Warangal,Telangana,Rabi,Black Cotton,Irrigated,410,26.5,60,AC,TT,AG,AG,GG,CC,GG,AT,CC,CG,AA,CC,CC,TT,TT,GG,NN,TT,TT,AA,CC,GT,GT,CT,TT,CC,TT,TT,GG,AA,TT,CT,AA,CC,GG,CG,GG,CC,GG,AC,NN,NN,CC,TT,AA,AG,TT,AT,CC,AA,GG,AT,AA,GG,CC,TT,AA,AA,TT,AA,AG,TT,AT,AA,TT,TT,NN,GG,TT,GG,AA,GG,CC,AA,GG,CC,AA,GG,TT,TT,GG,GG,GG,CC,AT,GG,AG,AT,CC,TT,AC,TT,CC,TT,GT,GG,CT,AC,TT,CC,CC,CG,AG,AA,TT,TT,CG,AA,AA,AA,CC,GG,TT,GG,TT,AA,AA,TT,CC,GG,CC,GG,CT,GT,NN,NN,CT,CC,CC,CC,AA,TT,CC,AA,CC,CC,AA,TT,AA,AA,GG,CC,CC,GG,AA,AA,AA,AC,GT,CC,CC,AA,AA,AG,TT,GG,AC,TT,CC,GG,AC,GT,TT,TT,CC,AA,GT,CT,AA,TT,CG,CC,AA,TT,CC,CC,CG,CC,AA,GG,AA,CC,TT,CG,GG,TT,GG,TT,AA,AA,TT,CC,CG,AA,CC,CC,GG,GG,AC,GG,TT,AA,AA,CC,GG,AA,CC,AA,AT,GT,GT,AT,AA,GG,GG,AT,CG,TT,GT,AA,GG,AA,TT,AA,TT,CC,TT,AA,AC,CT,CG,AG,GG,AA,CC,TT,TT,GT,GG,TT,AA,AA,AG,GG,CC,CG,GG,CC,GG,TT,AA,CC,TT,GG,CC,CG,AA,GG,CC,AA,CG,AA,AA,AC,CC,AA,TT,AA,GG,AA,AA,AA,AA,AG,AA,AA,AA,AT,GG,AC,AA,CC,AC,TT,AA,AG,CC,GG,GG,TT,AA,AG,TT,TT,TT,AG,TT,GG,GG,AA,7.44,Moderate,High,Poor,Early
L0975,Warangal,Telangana,Rabi,Black Cotton,Irrigated,410,26.5,60,AC,TT,GG,AG,CG,CC,GT,AT,CC,CG,AT,CT,CC,TT,TT,GG,GG,TT,TT,AA,CC,TT,TT,CC,TT,CC,TT,AT,GG,NN,TT,CC,AA,CC,GG,GG,GG,CG,GG,CC,TT,CT,AA,TT,AA,AG,CT,TT,CC,AC,GG,AA,AA,GG,CT,TT,AA,AC,TT,AC,AA,TT,AA,AA,CT,TT,CC,GT,TT,GT,AA,GG,CC,AA,AG,CC,AT,GG,TT,TT,AG,TT,GG,CC,AA,GG,AA,AA,CC,GT,CC,TT,CC,AA,TT,GG,TT,CC,GG,CC,CC,CG,AG,AA,TT,TT,CC,AA,AA,AA,CC,GG,TT,CC,TT,AA,CC,TT,CG,GG,CC,GG,CC,GG,TT,AA,CC,CC,AC,CC,NN,TT,CC,AA,CC,CC,AA,TT,AA,AT,CG,CC,CC,GG,AA,AA,AA,AC,GG,CC,CC,AG,AA,GG,TT,AG,AA,TT,CT,GG,CC,GT,GT,TT,CC,TT,TT,TT,AA,TT,GG,CC,AA,CC,CC,CC,GG,CC,AA,GG,AA,CC,TT,CC,GG,TT,CC,AT,AA,AA,GT,CC,CC,AA,AC,CC,GG,GG,AC,GG,TT,AC,AA,CC,GT,AT,AA,AA,AA,GG,GT,TT,AA,CC,GG,AA,CC,AT,GG,AA,GG,AA,TT,AC,TT,CC,TT,AA,CC,TT,GG,AG,CC,AG,AC,TT,CT,TT,GG,TT,AA,AC,AA,GG,CC,CC,GG,CC,GG,TT,AA,CG,GT,GG,CC,CC,AT,AG,CC,AA,CC,AA,AA,CC,CC,CC,TT,AA,GG,AT,AA,AA,AA,GG,AA,AG,AA,AT,GG,AC,AG,CC,AC,TT,AA,AA,GG,GG,NN,GT,AT,AA,TT,TT,TT,GG,TT,GG,GG,AA,5.75,Moderate,Low,Premium,Early
L0976,Warangal,Telangana,Rabi,Black Cotton,Irrigated,410,26.5,60,AC,TT,GG,AG,GG,CG,GG,TT,CC,CG,AA,CT,CC,AT,GT,GG,CC,TT,TT,AA,CC,TT,GT,CC,TT,CC,TT,TT,GT,AA,TT,CC,AA,CC,GG,GG,GG,CC,GG,CC,TT,CT,AA,GT,AA,GG,CT,AA,CG,CC,GT,AT,AA,GG,CC,GT,AA,AC,GT,AA,AA,TT,TT,AA,TT,AA,CC,GG,TT,GG,AG,GG,CC,AA,GG,CC,AT,GG,TT,TT,GG,GG,GG,NN,AA,GG,AG,AA,CC,TT,AC,TT,CC,AT,TT,GG,TT,CC,TT,CC,CC,CC,AG,AA,AT,TT,CC,AA,AA,AA,CT,GG,TT,CC,TT,AA,AA,TT,CC,GG,CG,GG,CC,GG,TT,AA,CC,CC,CC,CC,AA,TT,CC,AA,CC,CT,AA,TT,AA,AA,CG,CT,CC,GG,AG,AG,AA,CC,GG,CC,CG,AA,AA,AG,GT,AG,AA,NN,TT,AG,AC,GT,TT,TT,GG,AA,TT,TT,AT,TT,GG,CC,AA,CT,CC,CC,CG,CC,AA,GG,AG,CC,TT,CC,GG,TT,CG,AT,AA,AA,TT,CC,CG,AA,CC,CC,GG,GG,AA,GG,TT,CC,AA,CC,GG,AA,AC,AT,AA,GT,TT,TT,AT,GG,GT,AA,CG,TT,TT,AA,AG,AA,CC,AA,TT,CC,TT,AC,CC,TT,CG,GG,CC,AA,CC,TT,TT,GT,GG,TT,AA,CC,AG,GG,CC,CG,GG,CC,GG,AT,AA,CC,GT,GG,CC,CG,AT,AA,CG,AA,CC,AA,AA,AC,CC,CC,TT,AA,GG,AA,AA,AA,AA,GG,AG,AA,AA,TT,GG,AA,AA,CC,AA,CC,AG,AG,GG,GG,CG,TT,AA,AA,GT,TT,AT,AG,AT,GG,GG,AA,6.89,Susceptible,Medium,Poor,Late
L0977,Warangal,Telangana,Rabi,Black Cotton,Irrigated,410,26.5,60,AC,TT,GG,GG,GG,CC,GG,AA,CC,CG,AT,CT,NN,TT,GT,GG,CG,TT,TT,AA,CC,TT,GT,CT,TT,CC,TT,TT,GG,AA,TT,CT,AA,CC,GG,GG,GT,CG,GG,CC,TT,TT,AA,TT,AA,AG,TT,TT,CC,AC,GG,AA,AG,NN,CT,NN,AA,AC,GG,CC,AA,TT,AT,AA,TT,TT,CC,GG,TT,TT,AG,GG,AC,AA,GG,AC,NN,GG,TT,CT,GG,GG,GG,CC,AT,GG,AA,AT,CC,TT,CC,TT,CC,TT,GT,GG,TT,CC,GT,CC,CT,CG,AG,AA,TT,TT,CG,AA,AA,AA,CC,GG,TT,CG,TT,AA,AA,TT,CC,AG,CC,GG,CT,TT,TT,AA,CC,NN,CC,CC,AA,TT,CC,AA,CC,CC,AA,TT,AA,AA,GG,CC,CC,GG,AA,AG,AA,CC,GG,CC,CC,AA,AA,AA,GT,GG,AC,TT,CT,GG,CC,TT,TT,TT,CC,AA,GT,CT,TT,TT,CG,CC,AG,CT,CC,CC,CC,CC,AA,GG,AG,AC,TT,CC,GT,GT,GG,TT,AA,AG,TT,CC,GG,AC,CC,CC,GG,GG,CC,CG,TT,AC,AA,CC,GG,AA,CC,AA,AT,GG,TT,AT,AT,GG,GG,AT,CG,TT,GT,AA,GG,AA,CT,AA,TT,CG,TT,AA,CC,CT,CC,AG,CC,GG,CC,TT,CT,GT,GG,TT,AC,CC,AA,GG,CG,CC,GG,CC,GG,AT,AA,CC,GT,GG,CC,CG,NN,GG,CC,AT,CG,AA,AA,AA,CC,AC,TT,AA,GG,AA,AC,AC,AA,GG,AA,AA,AA,TT,CG,AC,AA,CC,AA,CT,AA,AA,GG,AG,GG,TT,AT,AA,TT,TT,TT,GG,AA,GG,GG,AA,7.13,Resistant,Medium,Standard,Late
L0978,Warangal,Telangana,Rabi,Black Cotton,Irrigated,410,26.5,60,AA,TT,GG,AA,GG,CG,TT,AT,CC,CG,AA,CC,CC,AT,TT,GG,GG,TT,AT,AA,CC,GT,GT,CC,AT,CC,TT,AT,GG,AA,TT,CC,AA,CC,GG,GG,GG,CC,GG,CC,TT,CC,AA,TT,AG,GG,TT,TT,CG,AC,GG,AA,AA,GG,CC,TT,AA,AA,GT,AC,AA,GT,TT,AG,TT,TT,CC,GG,NN,GT,AA,GG,CC,AA,AG,CC,AA,GG,TT,TT,GG,GG,NN,AC,AA,AG,AA,AA,CG,NN,CC,TT,CC,TT,TT,GG,TT,AC,TT,CC,CC,CG,GG,AA,TT,TT,CC,AA,AA,AA,CC,GG,TT,CC,NN,AA,AA,TT,CC,AA,CG,GG,CC,GG,TT,AA,TT,CC,CC,CC,AA,TT,AC,AA,CC,CT,AA,TT,AA,AT,GG,CC,CC,GG,AA,GG,AT,CC,GG,CC,CC,AA,AA,GG,GT,GG,AA,GT,CT,GG,AC,NN,GT,TT,CC,AA,GT,TT,AA,TT,GG,CC,AA,TT,CC,CC,GG,CC,AA,GG,AA,CC,TT,CC,GT,GT,GG,AA,AA,AA,TT,CC,CG,AA,CC,CC,GG,GG,AA,CG,TT,AA,AA,CC,GG,AA,AC,AA,AT,GT,TT,AT,AA,GG,GG,AA,CC,AT,GT,AA,GG,AA,CT,AA,TT,CC,CT,AA,CC,TT,CG,AA,CC,AG,CC,AT,CT,GT,GG,TT,AC,AC,AA,GG,NN,CC,GG,CC,GG,AT,NN,CG,GT,GG,CC,CC,AA,GG,CG,AA,CC,AA,AA,AA,CC,AC,TT,AG,CG,AA,AA,AA,AA,AG,AA,AA,AA,AT,CG,AC,AA,NN,AA,NN,AA,AA,GG,AG,GG,TT,AT,AA,GT,TT,TT,AG,AT,GG,GG,AA,5.77,Susceptible,High,Standard,Early
L0979,Warangal,Telangana,Rabi,Black Cotton,Irrigated,410,26.5,60,AC,TT,GG,AG,GG,CC,GG,TT,CC,CG,AA,CC,CC,TT,TT,GG,CG,TT,TT,AA,CC,GG,GG,CT,TT,CC,GT,TT,GG,AA,TT,CT,AA,CC,AG,CG,GG,CC,GG,CC,TT,TT,AA,TT,NN,AA,CT,AT,CC,CC,GG,AA,AA,GG,CC,TT,AT,AC,GG,AC,AA,TT,TT,AG,TT,TT,CC,GG,TT,GG,AA,GG,AC,AA,GG,AC,AA,GG,TT,TT,GG,GG,GG,CC,AA,GG,AA,AA,CC,TT,CC,TT,CC,TT,GT,GG,TT,CC,TT,CC,CT,CG,AG,AA,TT,TT,CC,AA,AG,AA,CT,NN,TT,CC,TT,AA,AA,TT,CG,GG,NN,GG,CT,GT,TT,AA,CC,CC,AA,CC,AA,TT,CC,AA,CC,CC,AA,AT,AA,AA,CG,CT,CC,GG,AA,AG,AA,AC,GG,CC,CG,AA,AA,GG,TT,GG,AA,TT,CT,GG,CC,TT,TT,TT,CC,TT,TT,TT,AA,TT,CG,CC,AA,CT,CC,CC,CC,CC,AA,GG,GG,AC,TT,CC,GT,TT,GG,TT,AA,AG,TT,CC,GG,AA,AC,CC,GG,GG,AA,GG,TT,AC,AA,CG,GT,AT,CC,AA,AA,GG,TT,AT,AA,GG,NN,AA,CC,AT,TT,AA,AG,AA,TT,AA,TT,CG,TT,AC,CC,CT,GG,AG,CC,GG,CC,TT,TT,TT,GG,TT,AC,AC,AA,GG,CC,CG,GG,CC,GG,TT,AA,CC,GG,GG,CC,CC,AA,GG,CC,AA,CG,AA,AA,AC,CG,AC,TT,AA,GG,AA,AC,AA,AA,AG,GG,AA,AA,TT,GG,AA,AG,AA,NN,CC,AG,AG,GG,AG,GG,TT,AT,AG,TT,TT,TT,AA,AA,GG,GG,NN,6.48,Susceptible,High,Poor,Medium
L0980,Warangal,Telangana,Rabi,Black Cotton,Irrigated,410,26.5,60,AC,CT,GG,AG,GG,CC,GG,TT,CC,CC,AA,CC,NN,TT,TT,GG,CC,TT,TT,AA,CC,TT,TT,CC,TT,CC,TT,TT,GG,AA,TT,CC,AA,CC,GG,GG,GG,CG,GG,CC,TT,TT,AC,TT,AG,GG,TT,AT,CC,AC,GT,AA,AA,GG,CT,GT,AT,NN,TT,AA,AA,TT,TT,AA,TT,TT,CC,GG,TT,GG,GG,GG,CC,AA,GG,AC,AA,GG,TT,TT,AG,GG,GG,CC,AA,GG,AA,AA,CC,GG,CC,TT,CT,TT,TT,GG,CT,CC,GT,CC,CT,CG,AG,AA,TT,TT,CC,AA,AG,AA,CT,GG,TT,CC,TT,AA,AA,AT,CC,GG,CC,GG,CC,GG,TT,AG,CC,CC,CC,CC,AA,TT,CC,AA,CC,CC,AA,TT,AA,AA,GG,CT,CC,GG,AA,AG,AA,CC,GT,CC,CC,AA,AA,GG,GT,GG,AA,TT,TT,AG,CC,GT,TT,CT,CC,AT,TT,TT,AA,NN,CG,CC,AG,CC,CC,CC,CG,CC,AA,GG,GG,AC,TT,CC,TT,TT,GG,TT,AA,AA,TT,CC,GG,AA,AC,CC,CG,GG,CC,CG,TT,AA,AA,CC,GG,AA,AC,AA,AA,GG,TT,AT,AA,GG,GT,AA,CG,TT,GG,AT,AG,AA,CT,AA,TT,CC,TT,AA,CC,TT,CG,AA,CC,AA,CC,AT,CT,TT,GG,TT,AA,AC,AA,GG,CC,CG,GG,CC,GG,TT,AA,CC,GT,GG,CC,CG,AA,AG,CC,AA,CC,AA,AA,CC,GG,CC,TT,AA,CG,AA,AA,AA,AA,AA,AG,AA,AA,TT,GG,AA,AG,CC,AC,TT,AA,AA,GG,AG,GG,TT,AA,AG,GT,TT,TT,AA,NN,GG,CG,AA,9.28,Susceptible,Low,Standard,Medium
L0981,Warangal,Telangana,Rabi,Black Cotton,Irrigated,410,26.5,60,AC,CT,GG,GG,GG,CC,GT,TT,CC,CC,AA,TT,CC,TT,GT,GG,NN,TT,TT,AG,CC,GT,TT,CC,TT,CC,GT,TT,GG,AA,TT,CC,AA,CC,GG,CG,GG,CC,GG,CC,TT,TT,AA,TT,AA,AG,TT,TT,CC,AA,GT,AA,AG,GG,CC,TT,AA,AA,GT,AA,AA,TT,AT,AA,TT,AT,CC,GG,TT,GG,AA,GG,CC,AA,GG,AC,AA,GG,TT,TT,GG,GG,GT,CC,AA,AG,AA,AA,CC,TT,CC,TT,CC,TT,GT,AA,TT,CC,GT,CC,CC,CC,AG,AA,TT,TT,CC,AA,AG,AA,CC,GG,TT,CC,TT,AA,AA,TT,CC,AG,CC,GG,CC,TT,TT,AA,CC,CG,CC,CC,AG,GT,AC,AA,CC,CC,AA,TT,AA,AA,GG,CT,CC,GG,AA,AA,AA,CC,GT,CC,CC,AA,AA,GG,TT,GG,AC,GT,CT,GG,AC,TT,GT,TT,CG,AT,TT,TT,AT,TT,GG,CC,AA,CC,CC,CC,CG,CC,AA,GG,AA,CC,TT,CC,GT,TT,CG,TT,AA,AA,TT,CC,GG,AA,CC,CC,CG,GG,AA,GG,TT,AA,AA,CC,GG,AA,CC,AT,AA,GG,TT,TT,AT,CG,GT,AA,NN,TT,TT,AA,GG,AA,CT,AA,TT,CC,TT,AA,CC,TT,CG,AA,CG,AG,CC,TT,TT,GT,CG,TT,AA,AC,AA,GG,CC,GG,GG,CC,GG,TT,AA,CC,TT,GG,CG,CG,AA,GG,CG,AT,CC,AA,AA,CC,CG,AC,TT,AA,GG,AA,AC,AA,AA,GG,AG,AA,AA,TT,GG,AC,GG,CC,AA,TT,AA,AA,GG,GG,GG,GT,AA,AA,GT,AT,TT,AA,TT,GG,CG,AA,5.83,Susceptible,Low,Poor,Medium
L0982,Warangal,Telangana,Rabi,Black Cotton,Irrigated,410,26.5,60,AC,TT,GG,AA,GG,CC,GT,TT,CC,CC,AA,CC,CG,AT,GT,GT,CG,TT,TT,AG,CC,GT,TT,CT,TT,CC,GT,TT,GT,AA,TT,CT,AG,CC,GG,GG,GG,CC,GG,AC,TT,CC,AA,TT,AG,AG,CT,TT,CC,AC,GG,AA,AA,GG,CC,TT,AA,AA,GG,AC,AA,GT,AT,AG,CT,AT,CC,GG,TT,GG,AA,GG,CC,AA,GG,AC,AA,AG,TT,TT,GG,GG,GG,CC,AA,GG,AG,AA,CC,GT,CC,TT,CC,TT,GT,GG,TT,NN,TT,CC,CC,CG,AG,AA,TT,TT,CC,AA,AG,AC,CT,GG,TT,CG,TT,AC,AA,TT,CC,AG,CC,AG,CC,TT,CC,AA,CC,CC,CC,CC,AA,TT,CC,AC,CC,CC,AA,TT,AA,AA,CG,CC,CC,AG,AA,AA,AA,CC,GG,CC,CC,AA,AG,AG,TT,AG,AC,GT,TT,GG,AC,TT,TT,TT,CC,AA,TT,TT,AA,AT,CG,CC,AG,CC,CC,CC,GG,AC,AA,GG,AA,CC,NN,CG,GG,GT,CG,TT,AG,AA,TT,AC,GG,AA,AC,CC,GG,GG,AA,GG,TT,AC,AA,CC,GG,AA,AC,AT,AT,GG,TT,AA,AA,CC,GT,AT,CC,AT,TT,AA,GG,AA,CT,AA,TT,CG,TT,AC,CC,TT,GG,AA,CC,AG,CC,TT,TT,GG,GG,TT,AA,CC,AG,GG,CC,CC,GG,CC,GG,AA,AA,CC,TT,GG,CG,CC,AA,GG,CC,AT,CC,AA,AA,CC,CC,AC,TT,AA,GG,AA,AC,CC,AC,AG,AG,AA,AA,AT,CG,AA,AG,AC,AA,CT,AA,AA,CG,GG,NN,TT,AA,AA,TT,TT,NN,AG,TT,GG,GG,AA,7.93,Susceptible,Low,Poor,Late
L0983,Warangal,Telangana,Rabi,Black Cotton,Irrigated,410,26.5,60,AC,TT,GG,AG,CG,CG,GT,AT,CC,GG,AA,CC,CG,TT,TT,GG,GG,TT,TT,AA,CC,TT,GT,CC,TT,CT,TT,TT,GT,AA,TT,CC,AA,CC,GG,GG,GG,GG,GG,CC,TT,NN,NN,TT,AG,GG,TT,TT,CC,AC,GG,AA,AA,CG,CC,TT,AA,AC,GT,AA,AA,TT,AT,AA,TT,TT,CC,GG,TT,TT,AG,GG,CC,NN,AG,AA,AT,GG,TT,TT,GG,GT,GG,CC,AT,GG,AA,AA,CC,GT,AC,TT,CC,TT,TT,GG,CT,CC,TT,CC,CC,CC,AA,AA,TT,TT,CC,AA,AA,AA,NN,GG,TT,CC,TT,AA,AA,TT,CC,GG,CC,GG,CC,GG,CT,AG,CT,CC,CC,CC,AA,TT,CC,AA,CC,CT,AA,TT,AA,AA,CG,CT,CG,GG,AG,AG,AA,AC,GG,CC,CC,AA,AA,GG,GT,NN,AC,TT,TT,GG,CC,GT,TT,CT,CC,AT,GG,TT,AA,TT,GG,CC,AG,CC,CC,CC,CG,CC,AA,GG,AA,CC,TT,NN,TT,GG,GG,TT,AA,AA,TT,CC,GG,AC,CC,CG,GG,GG,AC,GG,TT,AA,AA,CC,GG,AA,CC,AA,TT,GG,TT,TT,AT,GG,GG,AA,CC,TT,TT,AA,GG,AA,TT,AA,TT,CC,TT,AC,CC,CT,CC,AG,CG,AA,CC,TT,TT,GT,GG,TT,AC,CC,AG,GG,CC,CC,GG,CC,GG,AA,AA,CC,TT,GG,CC,CC,AT,GG,CC,AA,CC,AA,AA,CC,CG,CC,TT,AA,NN,AA,AA,AA,AA,AG,AG,AA,AG,TT,GG,AA,AA,CC,AC,CT,AA,AA,CG,GG,CC,TT,AA,AG,TT,TT,TT,AA,TT,GG,GG,AA,9.53,Susceptible,Low,Premium,Early
L0984,Warangal,Telangana,Rabi,Black Cotton,Irrigated,410,26.5,60,AC,TT,GG,AG,GG,CG,GT,TT,NN,CG,AA,CC,CC,AT,GT,GG,CG,TT,TT,AA,CC,TT,TT,CC,TT,CC,TT,TT,GG,AA,TT,CT,AA,CC,GG,GG,GG,CC,GG,CC,TT,CT,AA,NN,AA,AG,TT,TT,CC,AA,GG,NN,AG,GG,CC,TT,AA,AC,GG,AC,AA,TT,AT,AA,TT,TT,CC,NN,TT,TT,AA,GG,CC,AA,GG,AA,AT,AG,TT,TT,GG,GT,GG,CC,AA,GG,AA,AA,CC,TT,CC,TT,CT,AT,TT,GG,CT,CC,GT,CC,CC,CG,AA,AA,AT,TT,CC,NN,AA,AA,CT,GG,TT,CG,GT,AA,AA,TT,CC,AA,CC,GG,CC,GG,TT,AA,CC,CC,CC,CC,AA,TT,CC,AC,CC,CC,AG,TT,AA,AA,GG,CC,CC,GG,AA,GG,AA,AC,GG,CC,CC,AA,GG,GG,TT,GG,AA,TT,CT,GG,AC,GT,NN,TT,CC,AT,GT,TT,AT,AT,GG,CC,AA,CC,CC,AC,GG,CC,AT,GG,GG,CC,TT,CG,GG,TT,GG,AA,AA,AA,TT,CC,CG,AA,AC,CC,GG,GG,AC,GG,TT,AA,AA,CC,GT,AT,AC,AA,AA,TT,TT,AA,NN,GG,GT,AT,CG,TT,TT,AA,GG,AA,CT,AA,TT,CG,TT,AA,CC,CT,GG,GG,CC,AG,CC,TT,TT,TT,GG,TT,AC,AC,AA,GG,CC,CG,GG,CC,GG,AA,AA,CG,TT,GG,CC,CC,AT,AG,CC,AA,CC,AA,AA,AC,CC,AC,TT,AA,GG,AA,AC,AC,AA,GG,GG,AA,AA,TT,GG,AA,AG,CC,AC,TT,AA,AA,GG,GG,GG,TT,AA,AA,TT,TT,TT,NN,TT,GG,GG,AA,6.77,Susceptible,Low,Poor,Medium
L0985,Warangal,Telangana,Rabi,Black Cotton,Irrigated,410,26.5,60,AA,TT,AG,AA,GG,CG,GT,TT,CC,CC,AA,CC,CG,AT,TT,GG,CG,TT,TT,AA,CC,TT,GG,CC,NN,CC,TT,TT,GG,AA,TT,CC,AA,CC,GG,GG,GG,CG,GG,CC,TT,CT,AA,TT,AA,GG,CT,TT,CC,AA,GG,AT,AG,GG,CT,TT,AA,CC,GT,AA,AA,TT,TT,AA,CC,AT,CC,GG,TT,GG,AA,GG,NN,AA,GG,CC,AT,GG,TT,TT,GG,GG,TT,CC,NN,GG,AA,AA,CC,GT,CC,TT,CT,TT,GT,GG,CT,CC,TT,CC,CC,CG,AA,AA,TT,TT,CC,AA,AG,AC,CT,GG,TT,CG,TT,CC,AA,TT,CC,NN,CC,GG,CT,GG,CT,AA,CT,CC,AC,CC,AA,GT,CC,AA,CC,TT,AG,TT,AA,AT,CG,CC,CC,GG,AA,GG,AA,CC,GG,CC,CC,AA,GG,GG,TT,AG,AC,TT,CT,GG,CC,TT,TT,TT,CC,AA,TT,TT,AT,TT,GG,CC,AG,TT,AC,CC,GG,CC,AA,GG,AA,CC,TT,CC,GG,GT,GG,TT,AA,AG,TT,CC,GG,AC,CC,CC,GG,GG,AA,CG,TT,AC,AA,CC,GG,AT,CC,AA,AA,GG,TT,AT,AA,GG,TT,AT,CC,TT,GT,AA,GG,AA,TT,AA,TT,CC,TT,AC,CC,CT,GG,AG,CG,AA,CC,TT,CT,TT,GG,TT,AA,CC,AA,GG,CC,CC,GG,CC,GG,TT,AA,CC,TT,GG,CC,CC,AA,AA,CC,AT,CC,AA,AA,AC,CG,CC,TT,AA,GG,AA,AA,AA,AA,AG,AG,AG,AA,TT,GG,AC,AG,AA,AA,TT,AA,AA,GG,NN,GG,TT,AA,AA,TT,TT,TT,AG,TT,GG,CG,AA,8.13,Susceptible,High,Premium,Late
L0986,Warangal,Telangana,Rabi,Black Cotton,Irrigated,410,26.5,60,AC,TT,AG,GG,GG,GG,GG,TT,CC,CG,AT,CC,CG,AT,TT,GT,CC,TT,TT,AA,CC,GT,NN,CC,AT,CC,GT,TT,NN,AC,TT,CT,AA,CC,AG,GG,GG,GG,GG,CC,TT,TT,AA,TT,AA,GG,TT,TT,CC,AA,GT,AA,AG,GG,CT,TT,AA,AA,GG,AC,AG,TT,TT,AA,TT,TT,CC,GG,TT,GG,AG,GG,AC,AA,AG,AC,AT,GG,TT,TT,NN,GT,GT,CC,AA,GG,AA,AA,CG,GT,AC,TT,CT,AT,TT,GG,TT,CC,GG,CC,CC,CG,AG,AG,TT,TT,CC,AA,AA,AC,CC,GG,TT,CC,TT,AA,AA,NN,CC,AG,CC,GG,CC,GT,TT,AA,CC,CC,CC,CC,AG,GT,CC,AA,CC,CC,AA,TT,AG,AA,CG,CC,CC,GG,AA,AG,AT,CC,GT,CC,CC,AA,AG,GG,TT,GG,AA,TT,TT,GG,CC,TT,TT,TT,CC,TT,TT,CT,AT,TT,CG,CC,AA,CT,CC,CC,CG,CC,AA,GG,AG,CC,TT,CG,GG,GT,GG,TT,AA,AG,TT,CC,GG,AA,AC,CC,GG,GG,AC,GG,TT,AA,AA,CC,GG,AA,AC,AA,AT,GG,TT,TT,AA,GG,GT,AT,CG,AT,TT,AA,GG,AA,TT,AA,TT,CC,TT,AC,CC,TT,CG,AG,CG,AA,CC,TT,CT,GT,GG,TT,AA,CC,NN,GG,CC,CG,GG,CC,GG,AT,AA,CC,TT,GG,CC,CC,AA,GG,CC,AA,CG,AA,AA,AA,CG,CC,TT,AA,GG,AA,AA,AA,AA,AG,GG,AG,AA,TT,GG,AC,AG,AC,AC,TT,AA,AA,GG,GG,GG,TT,AT,AG,TT,TT,TT,NN,TT,GG,GG,AC,8.27,Resistant,High,Premium,Medium
L0987,Warangal,Telangana,Rabi,Black Cotton,Irrigated,410,26.5,60,AC,TT,GG,AA,CG,CC,GG,TT,CC,CG,AA,CC,CG,TT,TT,GG,CG,TT,TT,AG,CC,TT,GT,CC,TT,CC,TT,TT,GG,AA,CT,CC,AA,CC,GG,CG,GG,CC,GG,AC,TT,TT,AA,TT,AA,GG,TT,TT,CC,CC,GT,AA,AA,GG,CC,GT,AA,AA,TT,AA,AA,TT,TT,AA,CT,TT,CC,GG,TT,GG,AA,GG,CC,AA,GG,AA,AA,GG,TT,TT,GG,GG,GG,CC,AA,GG,AA,AA,CC,TT,CC,TT,CC,TT,GT,GG,TT,AC,GT,CC,CT,CG,GG,AA,AT,TT,CG,AA,AA,AA,CT,GG,TT,CC,TT,AA,AA,TT,CC,GG,CC,GG,CC,GT,TT,AA,CC,CC,CC,CC,AG,TT,AC,AA,CC,CC,AA,TT,AA,AT,CG,CC,CC,GG,NN,GG,AA,CC,GG,CC,CC,AA,AA,GG,TT,GG,AC,TT,CT,GG,CC,TT,TT,TT,CC,AT,GT,TT,AA,AT,GG,CC,AA,CT,CC,CC,CG,AC,AA,GG,GG,CC,TT,CG,GT,TT,GG,AA,NN,AA,TT,CC,GG,AA,AC,CC,CG,AG,AC,GG,TT,AA,AA,CC,GG,AA,CC,AA,AA,GG,TT,TT,AT,GG,GT,AT,CC,TT,GT,AA,GG,AA,TT,AA,TT,CC,TT,AA,CC,CT,GG,GG,CC,AG,CC,TT,CC,TT,GG,TT,AA,AA,AA,GG,CC,CC,GG,CC,GG,TT,AG,CC,TT,GG,CC,CC,AA,NN,CC,AT,CG,AA,AG,CC,CG,AC,TT,AG,GG,AA,AA,AC,NN,GG,AA,GG,AA,TT,GG,AA,AA,CC,AA,TT,AA,AG,GG,GG,GG,GT,AT,AG,TT,TT,TT,AA,TT,CG,GG,AC,6.7,Resistant,High,Standard,Medium
L0988,Warangal,Telangana,Rabi,Black Cotton,Irrigated,410,26.5,60,AA,NN,AG,AA,GG,CC,GT,AT,CC,GG,AA,CC,GG,TT,TT,GG,GG,TT,TT,AA,CC,TT,GT,CC,TT,CC,TT,NN,GT,AA,TT,CC,AA,CC,GG,GG,GG,CG,GT,CC,TT,TT,AA,TT,AA,AA,TT,AT,CC,CC,GG,AA,AG,GG,CT,TT,AA,AA,GT,AC,AA,TT,TT,AA,TT,TT,CT,GG,NN,GG,AA,GG,CC,AA,GG,CC,TT,GG,GT,TT,GG,GG,GG,CC,AA,GG,AA,AT,CC,GT,CC,GT,CT,TT,TT,AA,TT,CC,TT,CC,CT,CC,AG,AA,TT,TT,CC,AG,AG,AA,CT,GG,TT,CC,TT,AC,AC,AT,CC,AG,CC,AG,CC,GG,TT,AA,CC,CC,CC,CC,AA,TT,NN,AA,CC,CC,AA,TT,AA,AA,GG,CT,CC,GG,AA,AG,AA,AC,GT,CC,CC,AA,AA,GG,GT,GG,NN,GT,TT,AG,NN,GT,GT,TT,CC,AA,TT,CT,AA,AT,CG,CC,AG,CC,CC,CC,GG,CC,AA,AG,AG,CC,TT,CC,GT,TT,GG,AT,AA,AA,NN,CC,CG,AC,CC,NN,GG,GG,NN,GG,TT,AA,AA,CC,GG,AA,CC,AA,AT,GT,GT,TT,TT,CG,GT,AA,NN,NN,TT,AA,GG,AA,CT,AA,TT,CC,TT,AA,CC,TT,GG,AA,NN,GG,AC,TT,CT,TT,GG,TT,AA,AC,AG,GG,CC,CC,GG,CC,GG,AT,AA,CC,TT,GG,CC,CC,AA,AG,CC,AA,CG,AA,AA,CC,CG,AC,TT,AA,GG,AA,AC,CC,AA,AG,AA,AG,AA,TT,GG,AA,AA,AA,AA,TT,AA,AA,GG,GG,GG,TT,AA,NN,GT,TT,TT,AG,AT,GG,GG,NN,6.15,Susceptible,Low,Poor,Early
L0989,Warangal,Telangana,Rabi,Black Cotton,Irrigated,410,26.5,60,AC,TT,AG,AG,GG,CC,GT,TT,CC,GG,AA,CT,CG,AT,TT,GT,GG,TT,TT,AG,CC,TT,GT,CC,TT,CC,TT,TT,GG,AA,TT,CC,AA,CC,GG,GG,GG,CG,GG,CC,TT,CC,AA,TT,AA,GG,TT,AT,CC,AC,GG,AA,AA,GG,CC,GT,AT,AC,GT,AC,AG,TT,TT,AG,TT,TT,CC,GT,TT,GG,AA,GT,CC,AA,AG,AC,AA,GG,TT,TT,GG,GG,GT,CC,AA,GG,AA,AA,CC,GG,AC,TT,CC,TT,GT,GG,CT,CC,TT,CC,CC,CC,AG,AA,TT,TT,CC,AA,AG,AA,CT,GG,TT,CC,TT,AC,AA,TT,CG,GG,CC,GG,CC,GT,TT,AA,CC,CC,AC,CC,AA,TT,CC,AA,CC,CC,AA,AT,AG,AA,GG,CT,CC,GG,AA,AA,AA,CC,GG,CC,CC,AG,AA,GG,TT,AG,AC,TT,CT,GG,AA,TT,TT,TT,CC,AA,GT,TT,AT,TT,GG,CC,GG,TT,AC,CC,CG,CC,AA,GG,AA,CC,TT,CC,GT,GT,CG,AA,AA,AG,TT,AA,GG,AA,CC,CG,GG,GG,AA,CG,TT,AC,AA,CC,GG,AA,CC,AA,AT,GG,TT,TT,AT,GG,TT,AA,CC,TT,NN,AA,GG,AA,TT,AA,TT,CC,TT,AC,CC,TT,GG,AA,CG,AG,CC,TT,TT,TT,GG,TT,AC,AA,AA,GG,CC,CC,CG,CC,GG,AT,AG,CG,NN,GG,CG,CC,AA,GG,CC,AT,CC,TT,AA,AC,CC,CC,AT,AA,GG,AA,AA,AA,AA,AG,AA,AA,AA,TT,GG,AA,AA,AC,AA,TT,AA,AA,CG,GG,GG,TT,AT,AA,GT,TT,TT,AA,TT,GG,CG,AA,7.72,Moderate,High,Poor,Medium
L0990,Warangal,Telangana,Rabi,Black Cotton,Irrigated,410,26.5,60,AA,TT,AA,AG,GG,CC,GG,TT,CC,CG,AA,CC,CC,TT,TT,GG,CG,TT,TT,AA,CC,GT,GT,CC,TT,CC,TT,TT,GG,AA,TT,CC,AA,CC,AG,GG,GG,GG,GG,CC,TT,CT,AA,TT,AA,GG,TT,TT,CC,CC,GG,AA,AA,GG,CC,TT,AA,NN,GG,AC,AA,GT,AA,AA,TT,AT,CC,GG,TT,GG,AA,GG,CC,AA,AG,AC,TT,GG,TT,TT,GG,GG,GG,CC,AT,GG,AA,TT,CC,TT,CC,TT,CT,AT,GT,GG,TT,CC,GT,CC,CC,CG,GG,AA,AT,TT,CC,AA,AA,AA,CC,GG,TT,CG,TT,AA,AC,TT,CC,AG,CC,GG,CC,GT,CC,AG,CC,CC,CC,CC,AA,TT,CC,AA,CC,CC,AA,TT,AA,AA,CG,CC,CC,AG,AA,AG,AA,CC,GG,CC,CC,AG,AG,GG,GT,GG,AC,GT,CT,GG,CC,TT,TT,TT,CC,AA,GT,TT,AT,AT,CG,CC,AG,CC,CC,CC,CG,CC,AA,GG,AG,CC,TT,CG,GG,TT,GG,TT,AG,GG,GT,CC,CG,AA,CC,CG,GG,GG,AA,CG,TT,NN,AA,CC,GG,AA,AC,AA,AT,GG,TT,TT,AT,CG,TT,AT,CC,TT,GT,AA,GG,AA,TT,AC,TT,CC,CT,AA,AA,CT,CG,AG,CC,AA,CC,TT,CT,GG,GG,TT,AC,AC,AG,GG,CC,CC,GG,CC,GG,AT,AA,CG,NN,GG,CG,CC,AA,GG,CC,AA,CC,AT,AA,CC,CC,CC,TT,AA,GG,AA,AA,AA,AA,AG,AA,AG,AA,TT,GG,AA,AA,NN,AA,TT,AG,AG,GG,GG,GG,TT,AA,AA,NN,TT,AT,AG,AT,GG,GG,AA,7.58,Susceptible,Low,Premium,Late
L0991,Warangal,Telangana,Rabi,Black Cotton,Irrigated,410,26.5,60,AC,TT,GG,NN,GG,CC,GG,TT,CC,CG,AA,CC,CG,TT,GT,GG,GG,TT,TT,AG,CG,TT,GT,CC,TT,CC,TT,TT,GG,AA,TT,CT,AA,CC,AG,GG,GG,CG,GG,CC,TT,CT,NN,TT,AA,AG,TT,AT,CC,AC,GT,AA,AA,GG,CC,GT,AA,AA,GT,AA,AA,TT,AA,AA,TT,TT,NN,GG,TT,GG,AA,GG,CC,AA,AG,CC,TT,GG,GT,TT,GG,GT,GG,NN,AT,GG,AA,AT,CC,TT,CC,TT,CC,AT,TT,GG,TT,CC,TT,CC,CC,CC,AG,AA,TT,GT,CG,AA,AA,AA,CC,GG,GT,CC,GT,AC,AA,TT,GG,GG,CC,GG,CC,GG,TT,AA,CC,CC,CC,CC,AA,TT,CC,AA,CC,CC,AA,TT,AA,AA,GG,CC,CG,GG,AA,AA,AT,NN,GT,CC,CC,AA,AA,GG,TT,AG,NN,GT,CT,GG,CC,GT,TT,TT,CG,AT,GT,TT,AA,NN,GG,CC,AA,TT,NN,CC,GG,CC,AA,AG,AG,CC,TT,CC,GT,GT,GG,TT,AA,AA,TT,AC,CC,AC,AC,CC,GG,GG,AA,GG,TT,AC,AA,CC,GG,AA,CC,AA,NN,GT,TT,TT,AT,CG,GG,AA,CC,TT,TT,AA,GG,AA,TT,AA,TT,CC,TT,AA,CC,TT,GG,AA,CG,GG,CC,TT,CT,TT,GG,TT,AA,AC,AG,GG,CC,CG,GG,CC,GG,TT,AA,CC,GG,GG,CC,CC,AA,GG,CG,AA,CC,AT,AA,CC,CG,CC,TT,AA,GG,AA,AA,AC,AA,AG,AA,AA,AA,TT,CG,AA,AG,AC,AC,CT,AA,AA,GG,GG,GG,GT,AA,NN,TT,TT,TT,AA,AT,GG,GG,AA,6.22,Moderate,Low,Standard,Medium
L0992,Warangal,Telangana,Rabi,Black Cotton,Irrigated,410,26.5,60,AA,TT,GG,AA,CG,CC,GT,AT,CC,NN,AA,CC,CC,AT,GT,GG,GG,TT,AT,AG,CC,GG,GT,CT,TT,CC,TT,TT,GG,AC,TT,CT,AA,CC,GG,GG,GG,CG,GG,CC,GT,CC,AA,GT,AA,GG,CT,TT,CC,AA,GG,AA,GG,GG,CT,TT,AA,AA,GT,AA,AG,TT,AT,AG,CT,TT,CC,GG,TT,GG,AG,GG,CC,AA,GG,AC,AA,GG,NN,TT,GG,GG,GG,CC,AA,NN,AA,AA,CC,GG,CC,TT,CC,TT,TT,GG,TT,CC,GT,CT,CC,CC,AG,AA,TT,TT,CG,AA,AG,AA,CC,GG,TT,CG,GG,AC,AC,TT,CC,AA,CC,GG,NN,GT,CT,AG,CC,CC,CC,CC,AA,TT,CC,AA,CC,CC,AA,TT,AA,AA,GG,CT,CC,GG,AA,AA,AA,CC,GG,CC,CC,AA,AA,GG,TT,GG,AA,GT,TT,GG,CC,TT,TT,TT,CC,AA,GT,TT,AT,TT,CG,CC,AA,CT,CC,CC,GG,CC,AA,GG,AG,CC,TT,CC,TT,GT,GG,TT,AA,AA,TT,CC,GG,AC,AC,CC,GG,GG,AA,GG,TT,AA,AA,CC,GG,AA,AC,AA,TT,GG,GT,TT,AA,GG,GT,AA,CC,TT,TT,AT,NN,AA,TT,AA,TT,CG,TT,AC,CC,CT,CC,AA,CC,AG,CC,TT,TT,TT,CG,TT,AC,AC,AG,GG,CC,CG,GG,CC,GG,AT,AA,CC,TT,GG,CC,CC,AT,GG,CC,AT,CC,AA,AA,CC,GG,CC,TT,AA,GG,AA,AA,AA,AC,AG,AG,AA,AA,AT,CG,AC,AA,AC,AC,TT,AG,AA,GG,GG,GG,TT,AA,AA,TT,TT,TT,AA,NN,GG,GG,AA,8.67,Moderate,Low,Standard,Early
L0993,Warangal,Telangana,Rabi,Black Cotton,Irrigated,410,26.5,60,AC,NN,GG,AA,CG,CC,GG,AT,CC,CC,AA,CC,CG,TT,TT,GG,CG,TT,TT,AG,CG,TT,TT,CT,AT,CC,GT,AT,GG,AA,CT,CT,AA,CC,GG,GG,GG,CC,GG,CC,TT,TT,AA,TT,AG,GG,TT,TT,CC,AA,GG,AA,AA,GG,CC,GT,AT,AC,GG,AA,AA,TT,TT,AA,CT,TT,CC,GG,CT,GG,AG,GG,CC,NN,GG,AA,AA,GG,TT,TT,GG,GG,GT,CC,AA,GG,AA,AA,CC,TT,CC,TT,CC,AT,TT,GG,TT,CC,TT,CC,CC,CC,AG,AA,AT,TT,CC,AA,AA,AC,CC,GG,TT,CC,GT,AA,AA,TT,CC,AG,CC,GG,CC,GG,TT,AA,CT,CC,AC,CC,AA,NN,CC,AA,CC,CC,AA,TT,AG,AA,GG,CT,CC,GG,AA,AA,AA,NN,GG,CC,CC,AA,AG,AG,GT,AG,AA,TT,CT,GG,AC,TT,TT,CT,CC,AT,TT,TT,AA,TT,GG,CC,AA,CC,CC,CC,GG,AC,AA,GG,GG,NN,TT,CG,GG,GT,GG,TT,AA,AG,TT,CC,GG,AA,AC,CC,GG,GG,AC,GG,TT,AA,AA,CC,GG,AA,AC,AT,AT,GT,GT,AT,AT,GG,TT,TT,CG,AT,GT,AA,GG,AA,TT,AA,TT,CC,TT,AC,CC,TT,GG,GG,CG,AG,CC,TT,TT,TT,GG,TT,AA,CC,AG,GG,CC,CC,GG,CC,GG,AT,AA,CG,TT,GG,GG,CG,AA,GG,CG,AA,CC,AA,AG,AC,CG,AC,TT,AA,GG,AA,AA,AA,AA,AG,AG,AA,AA,TT,CG,AC,AG,AC,AC,CC,AA,AA,GG,GG,CG,TT,AA,AA,TT,TT,TT,AG,AT,GG,CG,AA,7.38,Susceptible,Medium,Standard,Early
L0994,Warangal,Telangana,Rabi,Black Cotton,Irrigated,410,26.5,60,AA,TT,AG,AG,GG,CC,GG,TT,CC,CG,AA,CC,CG,TT,TT,GT,GG,TT,TT,AG,CC,GT,GG,CC,TT,CC,TT,TT,GG,AA,TT,CT,AA,CC,AG,GG,GG,CG,GG,CC,TT,TT,AA,TT,AA,GG,TT,TT,CC,AC,GG,AT,AA,GG,CT,TT,AA,AA,GG,AA,AG,TT,AT,AG,TT,TT,CC,GG,TT,GG,AG,GG,CC,AA,AG,AC,AA,GG,GT,TT,GG,GT,GT,AC,AT,GG,AA,AT,CC,TT,CC,TT,CT,TT,TT,GG,CT,AC,TT,CT,CT,CC,AG,AG,TT,TT,CC,AA,GG,AA,CT,GG,TT,CC,TT,AC,AA,TT,CC,AG,CC,GG,CC,GG,TT,AA,CC,CC,CC,CC,AA,TT,CC,AA,CC,CC,AA,TT,AA,AT,GG,CT,CC,GG,AA,AA,AA,CC,GG,CC,NN,AA,AA,GG,TT,GG,AA,GG,TT,GG,CC,GT,TT,TT,CC,TT,TT,TT,AA,TT,GG,CC,AA,CC,CC,CC,GG,CC,AA,GG,AG,CC,TT,CC,GT,TT,GG,TT,AA,AA,TT,CC,GG,AA,CC,CC,GG,AG,AA,GG,CT,AC,AA,CC,GG,AT,CC,AA,AT,GT,GT,AA,AT,GG,GG,AA,CG,AT,TT,AA,NN,AA,TT,AA,TT,CC,CT,AC,NN,TT,GG,AA,CC,AA,CC,TT,TT,TT,GG,TT,AA,CC,AG,GG,CC,CC,GG,CG,GT,AT,AA,CG,TT,GG,CC,CG,AT,GG,CC,AA,CC,AT,AA,AC,CC,AC,TT,AA,GG,AA,AA,AA,AA,GG,AG,AA,AA,TT,GG,AA,AA,AC,CC,CT,AA,AG,GG,GG,GG,TT,AT,AA,TT,TT,TT,AA,TT,GG,NN,AA,9.04,Susceptible,Low,Standard,Early
L0995,Warangal,Telangana,Rabi,Black Cotton,Irrigated,410,26.5,60,AC,TT,AG,GG,GG,CC,GT,TT,CG,CG,AA,CC,CG,AA,TT,GG,GG,TT,TT,AA,CC,TT,GT,CT,TT,CC,TT,TT,GT,AA,TT,CT,AA,CC,GG,CG,GG,CG,GG,CC,TT,TT,AA,TT,AG,GG,TT,AT,CG,AA,GG,AT,AA,GG,CT,TT,AA,AA,GT,AC,AA,TT,AA,AA,TT,AA,CC,GG,TT,GT,AA,GG,CC,AA,GG,AA,AT,GG,GT,TT,GG,GG,GT,CC,AA,GG,AG,AA,CC,TT,AC,TT,CC,AT,TT,GG,TT,CC,TT,CT,CT,GG,AA,AG,AT,TT,CC,AA,AA,AC,CT,GG,GT,CC,TT,AC,AA,TT,CC,GG,CG,AG,CC,GG,TT,AA,CT,CC,CC,CC,AA,TT,CC,AA,CC,CC,AA,TT,AA,AA,GG,CC,CC,AG,AA,AG,AA,CC,GG,CC,NN,AG,AG,GG,TT,GG,AC,TT,TT,AG,CC,GT,TT,TT,CC,AA,TT,TT,AA,AT,GG,CC,AA,CT,CC,AA,GG,CC,AA,GG,AA,CC,GT,CC,GG,TT,GG,TT,AA,AG,TT,CC,CG,AA,CC,CC,GG,GG,AA,GG,TT,AA,AA,CC,GG,AT,AC,AA,AA,GT,TT,TT,AA,CG,GT,AT,CC,NN,GG,AA,GG,AA,TT,AA,TT,CC,TT,AC,CC,CC,GG,AG,CC,AG,CC,TT,TT,GG,GG,TT,AA,AC,AA,GG,CC,CC,GG,CC,GG,TT,AG,NN,GT,GG,CC,CC,AA,GG,CC,AA,CC,AT,AA,CC,CC,AC,TT,AA,GG,AA,AA,CC,AA,AG,AG,GG,AA,TT,GG,AA,AG,AC,AA,TT,AA,AA,GG,GG,GG,TT,AT,AG,TT,TT,TT,AA,AT,GG,GG,AA,6.55,Susceptible,High,Premium,Late
L0996,Warangal,Telangana,Rabi,Black Cotton,Irrigated,410,26.5,60,CC,TT,GG,AG,GG,CC,GG,TT,CC,CC,AA,CC,CG,TT,TT,GG,GG,TT,TT,AA,CC,TT,GT,CC,TT,CC,TT,TT,NN,AA,NN,CC,AA,CC,GG,GG,GG,GG,GG,CC,TT,CC,AA,GT,AA,AG,CT,AT,CC,AC,GG,AA,AA,GG,CC,TT,AA,AC,GT,CC,AA,TT,TT,AA,TT,TT,CC,GG,TT,GG,AG,GG,CC,AA,AG,AC,AA,GG,GT,TT,GG,GG,GG,CC,AT,GG,AA,AA,CC,GT,CC,TT,CC,TT,TT,GG,TT,CC,TT,CC,CC,CG,AG,AA,TT,TT,CC,AG,GG,AA,CC,GG,TT,CC,GT,AC,AC,TT,CC,GG,CG,AG,CC,GG,TT,AA,CC,CC,CC,CC,AA,TT,AC,AC,CC,CC,AA,TT,AA,AT,GG,CT,CC,AG,AA,AG,AT,AC,GT,CG,CC,AG,AA,GG,GT,GG,AC,GT,CT,GG,AC,GT,TT,TT,CC,AA,TT,TT,AT,AT,GG,CC,AG,CC,CC,CC,CG,CC,AA,GG,AA,CC,TT,CG,TT,TT,GG,TT,AG,AA,TT,AC,GG,NN,AC,CC,GG,GG,AC,GG,TT,AC,AA,CC,GT,AA,CC,AA,AT,GG,GT,AT,AA,GG,GG,AT,CG,TT,TT,AA,GG,AG,TT,AA,TT,CC,CT,AC,CC,TT,GG,AG,CC,AG,AC,AT,CC,GG,GG,AT,AA,AC,AA,GG,CC,CG,GG,CC,GG,AT,AA,CC,GT,GG,CC,CG,AA,AG,CC,AA,CC,AA,AA,CC,CG,CC,TT,AA,GG,AA,AA,CC,AA,GG,AA,AA,AA,TT,GG,AA,AG,AC,AC,CT,AG,AA,CG,AG,GG,TT,AA,AA,GT,TT,TT,AA,TT,GG,CG,AA,8.23,Susceptible,Medium,Poor,Early
L0997,Warangal,Telangana,Rabi,Black Cotton,Irrigated,410,26.5,60,AA,TT,GG,AA,GG,CC,NN,TT,CC,CG,AA,CT,NN,TT,GT,GG,GG,TT,TT,AA,CC,GT,TT,CC,TT,CC,TT,TT,GT,AA,CT,CC,AA,CC,AG,CG,GG,CC,GT,CC,TT,TT,AA,TT,AG,AG,TT,TT,CC,AC,GT,AA,AG,CG,CT,TT,AA,AC,GT,AC,AA,TT,TT,AA,TT,TT,CC,GG,TT,GG,AG,GG,CC,AA,AG,AA,AT,GG,TT,TT,AG,GG,GG,NN,AA,GG,AA,AA,CC,GG,AC,TT,CT,TT,TT,GG,TT,CC,TT,CC,CC,CC,AG,AA,TT,TT,CC,AA,AA,AA,CC,GG,TT,CC,TT,AC,AA,TT,CC,GG,CG,GG,CC,GG,TT,AA,CC,CC,AC,CC,AA,TT,CC,AA,CC,CC,AA,TT,AG,AA,CG,CC,CC,GG,AA,AG,AA,CC,GT,NN,CC,AA,AA,AG,TT,AG,AC,TT,CT,GG,CC,GT,GT,TT,NN,AT,TT,TT,AA,AT,CG,CG,AG,CC,CC,CC,GG,CC,AA,GG,AA,CC,TT,CG,GT,TT,CG,AT,AA,AG,TT,CC,CG,AA,AA,CC,GG,GG,AC,CG,TT,AA,AA,CC,GG,AA,AA,AA,TT,GT,GT,TT,AA,GG,GT,AA,CC,AA,GT,AA,GG,AA,TT,AA,TT,CG,TT,AC,CC,CC,GG,AG,CC,AA,AC,TT,TT,TT,NN,AT,AA,CC,AG,GG,CC,CC,CG,CC,GG,AT,AA,CC,TT,GG,CC,CC,AT,AG,CC,AT,CC,AA,AA,NN,CC,CC,TT,AA,GG,AA,AC,AA,AA,AG,GG,AG,AA,TT,CG,AA,AG,CC,AA,CT,AA,AA,CG,GG,GG,TT,AT,AA,GT,TT,TT,AG,AT,GG,GG,AA,6.23,Susceptible,High,Premium,Early
L0998,Warangal,Telangana,Rabi,Black Cotton,Irrigated,410,26.5,60,AC,TT,AG,AG,CG,CC,GG,AT,CC,CC,AT,NN,CG,TT,TT,GT,CG,TT,TT,AG,CC,TT,TT,CC,TT,CC,TT,TT,GG,AA,TT,CT,AA,CC,GG,GG,GG,CC,GG,CC,TT,TT,AA,GT,AG,AG,CT,TT,CC,CC,GG,AT,AA,GG,CC,GG,AA,AC,TT,AC,AG,TT,TT,AG,TT,AT,NN,GG,TT,GT,GG,GG,CC,AA,AG,AA,TT,AG,TT,TT,GG,GT,GG,CC,AA,GG,AA,AT,CC,GT,CC,TT,CC,AT,TT,GG,TT,AC,TT,CC,CC,GG,AG,AA,TT,TT,CC,AA,AA,AA,CC,GG,TT,CC,TT,AA,AA,TT,CC,GG,CC,GG,CT,GG,CT,AG,CT,CC,CC,CC,AA,TT,CC,AA,CC,CT,AA,TT,AG,AA,GG,TT,CC,GG,AA,AG,AA,AC,GG,CC,CC,AG,AG,GG,GT,GG,AC,TT,CT,AG,AA,GT,TT,TT,CC,AT,GT,TT,TT,TT,GG,CC,AG,CC,CC,CC,GG,CC,AA,GG,AG,CC,TT,CC,GG,GT,GG,TT,AA,AA,TT,CC,GG,CC,CC,CC,GG,GG,AC,NN,TT,AA,AA,CC,GT,AA,CC,AA,AT,GT,TT,TT,AA,GG,GT,AA,CG,TT,GT,AA,GG,AA,TT,AA,TT,CC,CT,AC,CC,TT,GG,AA,CC,AG,CC,TT,TT,GG,GG,NN,AA,AC,AA,GG,CC,CG,CG,CC,GG,AT,AA,CC,TT,GG,CC,CC,AT,AG,CC,AA,CG,AA,AA,CC,CC,AC,TT,AA,GG,AA,AC,CC,AA,AG,AG,AG,AA,TT,GG,NN,AG,AC,AA,CT,AG,AG,GG,GG,CG,TT,TT,AA,GT,TT,TT,AG,AT,GG,GG,AA,6.78,Moderate,Low,Poor,Late
L0999,Warangal,Telangana,Rabi,Black Cotton,Irrigated,410,26.5,60,CC,NN,AG,GG,GG,CC,GG,TT,CC,CC,AA,CC,CC,AT,TT,GG,GG,TT,TT,AG,CC,TT,TT,CT,TT,CT,TT,TT,GG,AA,TT,CC,AA,CC,AG,CG,GG,GG,GG,CC,TT,TT,AA,TT,AG,GG,TT,TT,CC,CC,GT,AA,AA,GG,CT,TT,AT,AA,TT,AC,AG,TT,AT,AA,TT,AT,CC,GG,TT,GG,AG,GG,CC,AA,NN,AC,AA,GG,TT,TT,AG,GG,GG,CC,AA,GG,AA,AT,CC,GT,AC,GT,CC,TT,TT,AG,TT,CC,GT,CC,CC,GG,AG,AA,TT,TT,CG,AA,AA,AC,CT,GG,TT,CC,TT,AA,AC,AT,CG,GG,CC,AG,CC,GT,TT,AG,CT,NN,CC,CG,AG,TT,AC,AA,CC,CC,AA,TT,AA,AA,GG,CC,CC,GG,AA,AA,AA,CC,GT,CC,CC,AA,GG,AG,TT,GG,AA,TT,CT,GG,CC,GT,GT,TT,CC,AT,GT,CT,AT,TT,GG,CC,AA,CC,CC,CC,CG,CC,AA,GG,AA,CC,TT,CC,GT,TT,CG,AA,AG,AA,TT,AC,CG,AA,CC,CC,CG,GG,CC,NN,TT,AA,AA,CC,GG,AA,AC,AA,AA,GG,TT,AT,AA,CC,TT,AT,CG,TT,GT,AA,GG,AA,CC,AA,TT,CG,CT,AC,CC,TT,CG,AA,CC,GG,AC,AT,TT,GT,GG,TT,AA,AC,AG,GG,CC,CG,GG,CG,GG,TT,AA,CC,TT,GG,CC,GG,AT,GG,CG,TT,CC,AT,AA,CC,CC,AC,TT,AA,CG,AA,AA,CC,AA,GG,AG,AA,AA,TT,GG,AC,AA,AC,AA,TT,AA,AA,GG,GG,GG,TT,AA,AA,GT,TT,TT,AA,TT,GG,GG,AA,6.95,Moderate,Medium,Premium,Late
L1000,Warangal,Telangana,Rabi,Black Cotton,Irrigated,410,26.5,60,AC,CT,GG,AG,GG,CC,GT,TT,CC,CC,AA,CC,CG,AT,GT,GG,GG,TT,TT,AA,CC,GT,GT,CC,TT,CC,GT,TT,GG,AC,TT,CC,AA,CC,GG,CG,GG,NN,GG,CC,TT,CC,AA,TT,AG,AG,TT,AA,CC,AC,GT,AT,AG,GG,CC,TT,AA,AA,TT,AA,AG,GT,AT,GG,CT,TT,CC,GG,TT,GT,AA,TT,CC,AA,AG,AA,AA,GG,TT,TT,GG,GT,GG,CC,AA,GG,AA,AA,CC,TT,CC,TT,CT,TT,TT,GG,CT,CC,TT,CC,CC,CG,GG,AA,TT,TT,CC,AA,AG,AA,CC,GG,TT,CC,TT,AA,AA,TT,CG,AA,CC,GG,CC,GG,TT,AA,CC,CC,CC,CC,AA,TT,AC,AA,CC,CC,AA,AT,AG,AA,GG,CC,NN,GG,AA,GG,AA,CC,GG,CC,CC,AG,NN,AG,TT,GG,AA,TT,CT,GG,CC,GT,TT,TT,CG,AT,GT,TT,AA,TT,GG,CC,AA,CC,CC,CC,GG,CC,AA,GG,AA,CC,TT,CG,GG,TT,GG,AT,AA,AG,TT,CC,GG,AA,CC,CG,GG,GG,AA,GG,TT,AA,AA,CC,GG,AA,AC,NN,AT,GG,TT,AT,AT,GG,TT,AT,GG,AT,GT,AA,GG,AG,TT,AC,TT,CC,TT,AA,CC,CT,GG,AG,CG,AG,CC,TT,TT,TT,GG,TT,AA,AC,AA,GG,CC,CG,GG,CC,GG,AT,AA,CC,TT,GG,CC,CC,AA,GG,CG,TT,CC,AA,AA,CC,CG,NN,TT,AA,GG,AA,AA,CC,AA,AG,AG,AA,AA,TT,GG,AC,AG,AC,AA,TT,AG,AA,GG,AG,GG,TT,AA,AA,GG,TT,TT,AG,TT,GG,GG,AA,9.82,Susceptible,Low,Standard,Early
L0001,Bengaluru Rural,Karnataka,Kharif,Red Sandy Loam,Rainfed,720,26.0,70,AC,TT,GG,AG,GG,CC,GG,TT,CC,CC,AT,CT,CC,AT,GT,GG,CG,TT,TT,AA,CC,TT,GT,CC,TT,CT,GT,TT,GG,AA,TT,CC,AA,CC,AG,GG,GG,CC,GG,CC,GT,CT,AA,NN,AG,GG,TT,AT,CC,AA,GG,AA,AA,GG,CC,TT,AA,AC,GG,AA,AA,TT,TT,GG,TT,AT,CC,GG,TT,GG,AA,GG,CC,AG,GG,AA,TT,AG,TT,TT,AG,GT,GG,CC,AA,GG,AA,TT,CC,GT,CC,TT,CT,TT,TT,GG,TT,CC,GT,CC,CC,CC,AG,AA,TT,TT,CC,AA,AA,AA,CC,GG,TT,CC,TT,AA,AA,AT,CC,AG,CC,GG,CC,GG,TT,AG,CT,CC,CC,CC,AA,TT,CC,AA,CC,CC,AA,TT,AA,AA,CG,CC,CC,GG,AA,AG,AA,AC,GT,CC,CC,AA,AA,AA,TT,AG,AA,TT,CT,GG,AC,TT,TT,TT,NN,AA,TT,NN,AA,TT,CG,CC,AG,CC,CC,CC,CG,CC,AA,AG,GG,CC,TT,CC,GG,GT,CG,AA,AA,AG,TT,CC,GG,AA,AC,CC,GG,GG,AC,GG,TT,AA,AA,CC,GG,AT,CC,AA,TT,GG,TT,TT,AA,GG,GT,AT,CG,AT,GT,AA,GG,AG,TT,AA,TT,CC,TT,AA,CC,TT,GG,AA,CG,AA,CC,AT,TT,TT,GG,TT,AA,CC,AG,GG,CC,CC,GG,CC,GG,TT,AA,CC,TT,GG,CC,GG,AA,GG,CC,AA,CC,AT,AA,AC,CC,AC,TT,AA,GG,AA,AA,AC,AA,AG,AA,AG,AA,TT,CG,AA,AA,CC,AC,CC,AA,AA,CG,GG,GG,TT,AA,AG,TT,TT,TT,AA,AT,GG,GG,AA,3.88,Resistant,Medium,Premium,Medium
L0002,Bengaluru Rural,Karnataka,Kharif,Red Sandy Loam,Rainfed,720,26.0,70,AA,CT,GG,AG,GG,CC,GG,TT,CC,CG,AA,CT,CC,TT,GT,NN,GG,TT,TT,AA,CC,TT,GT,TT,AT,CC,TT,TT,GG,AC,TT,CT,AA,CC,GG,GG,GG,CC,GG,CC,TT,TT,AA,GG,AA,AG,TT,TT,CC,AA,GT,AA,NN,GG,CC,GT,AA,CC,TT,AA,AA,GT,TT,AA,TT,TT,CC,GG,TT,GT,AA,GG,CC,AA,GG,AA,AA,GG,TT,TT,GG,GT,GT,CC,AA,GG,AA,AA,CC,GT,CC,TT,CT,TT,TT,GG,TT,CC,TT,CC,CC,CC,GG,AA,TT,TT,CC,AA,AA,AA,CT,GG,TT,CC,NN,AA,AA,TT,CG,AG,CC,GG,CC,TT,TT,AG,CC,CG,CC,CC,AA,TT,CC,AA,CC,CC,AA,TT,AG,AA,NN,CT,CC,GG,AA,AG,AT,CC,GT,CC,CC,AA,AG,GG,TT,GG,AC,TT,TT,AG,CC,TT,GT,TT,CC,AA,TT,TT,AA,AT,GG,CC,AG,CC,CC,CC,GG,CC,AA,GG,AG,CC,TT,CG,GT,TT,CG,AT,AA,AA,TT,CC,GG,AC,AC,CC,GG,GG,AA,GG,TT,AA,AA,NN,GG,AA,CC,AA,AT,GT,TT,AT,AT,CG,GT,AA,CC,TT,TT,AA,GG,AA,CT,AA,TT,CC,TT,AC,CC,CT,GG,AG,CG,AG,CC,TT,CT,GT,GG,TT,AA,AC,NN,NN,CC,CG,GG,CC,GG,AT,AA,CC,TT,GG,CC,CG,AA,AG,CC,AA,CC,NN,AG,CC,CC,AC,AT,AA,GG,AT,AC,AA,AA,GG,AA,AA,AG,TT,GG,AC,AA,CC,AC,TT,AA,AA,GG,AG,CG,TT,AA,AA,TT,TT,TT,NN,TT,GG,GG,AA,4.04,Susceptible,Medium,Standard,Medium
L0003,Bengaluru Rural,Karnataka,Kharif,Red Sandy Loam,Rainfed,720,26.0,70,AC,TT,GG,AG,CG,CC,GT,TT,CC,CG,AA,CT,CC,AT,TT,GG,CG,TT,TT,AA,CC,TT,GT,CT,TT,CC,TT,AT,GT,AA,TT,CT,AA,CC,GG,GG,GG,CC,GG,CC,TT,CT,AC,TT,AA,AG,CT,TT,CC,AA,GG,AA,AA,GG,CC,TT,AA,AA,GG,AC,AA,TT,TT,AA,TT,TT,CC,GT,CT,GG,AA,GG,CC,AA,GG,AC,AA,GG,TT,TT,GG,GG,GG,CC,AA,GG,AA,AA,CC,GT,AC,NN,CC,TT,TT,GG,CT,CC,TT,CC,CT,GG,AG,AG,TT,TT,CC,AA,AG,AA,CC,GG,TT,CC,GT,AA,AA,AT,CC,GG,CG,GG,CC,GT,TT,AA,CC,CC,CC,CC,AA,TT,CC,AA,CC,CC,AA,TT,AA,AA,GG,CC,CG,GG,AA,NN,AA,CC,GT,CC,CC,AA,AG,AG,TT,GG,AC,TT,CT,AG,CC,GT,GT,TT,CC,AT,GT,CT,AA,TT,GG,CC,GG,CC,CC,CC,CG,CC,AA,GG,AA,CC,TT,CC,GG,TT,CC,AT,AA,AA,TT,CC,GG,AA,AC,CC,GG,GG,AA,GG,TT,AA,AA,CC,GG,AT,CC,AA,AT,GG,TT,TT,AT,GG,GT,AA,CC,AT,TT,AA,GG,AA,CT,AC,TT,CC,TT,AC,CC,TT,GG,AA,CC,AG,CC,TT,TT,TT,GG,TT,AC,AC,AG,GG,CG,CG,GG,CC,GG,AA,AA,CG,TT,GG,CC,CG,AT,AG,CC,AA,CC,AA,AA,CC,GG,AC,TT,AA,GG,AA,AA,AC,AA,GG,AA,AA,AA,NN,GG,AA,AA,CC,AC,CT,AA,AG,GG,GG,GG,TT,AA,AA,TT,TT,TT,AG,AT,GG,GG,AA,4.9,Susceptible,Medium,Standard,Medium
L0004,Bengaluru Rural,Karnataka,Kharif,Red Sandy Loam,Rainfed,720,26.0,70,CC,TT,GG,AG,CG,CC,GG,TT,CC,GG,AA,CT,CC,TT,TT,GT,CG,TT,TT,AG,CC,TT,GT,CC,TT,CC,GT,TT,GG,AA,TT,CT,AA,CC,GG,CG,GG,CC,GT,CC,TT,CT,AA,TT,AA,GG,TT,TT,CC,CC,GG,AA,AA,GG,CC,GT,AA,AA,GT,AC,AA,TT,TT,AA,CC,TT,CC,GG,TT,GG,AA,GT,CC,AA,GG,CC,AA,GG,TT,TT,GG,GG,GT,NN,AA,GG,AA,AA,CC,TT,CC,TT,CT,TT,TT,GG,TT,CC,GT,CC,CC,CG,AG,AA,AT,TT,CC,AG,AA,AC,CT,GG,TT,CC,NN,CC,AA,TT,CG,GG,CC,GG,CT,GG,TT,AG,CC,CC,CC,CC,AA,TT,CC,AA,CC,CC,AA,TT,AA,AA,GG,CC,CC,GG,AA,AA,AA,CC,GG,CC,CC,AG,AA,GG,TT,AG,AC,GG,CT,GG,CC,TT,TT,TT,CC,AA,GT,TT,AA,AT,GG,CC,GG,TT,CC,CC,CG,AC,AA,AG,AA,CC,TT,CC,GG,GT,CG,AT,AA,AG,TT,CC,GG,AA,AC,CC,GG,GG,AA,GG,TT,AA,AA,CG,GG,AA,AC,AA,AT,GG,TT,TT,AT,GG,GT,AT,CG,AT,TT,AA,GG,NN,CT,AC,TT,CC,TT,AA,CC,TT,GG,AG,CG,GG,CC,TT,CT,GT,GG,AT,AA,NN,GG,GG,CC,CC,GG,CC,GG,TT,AA,CC,GT,GG,CC,CC,AA,AG,CC,AA,CC,AA,AA,AC,GG,CC,TT,AA,CG,AA,AA,AC,AA,AA,AG,GG,AA,TT,GG,AC,AA,CC,AA,TT,GG,AA,GG,GG,CG,TT,AT,AA,TT,TT,TT,AA,AT,GG,GG,AA,2.13,Moderate,High,Standard,Medium
L0005,Bengaluru Rural,Karnataka,Kharif,Red Sandy Loam,Rainfed,720,26.0,70,AC,CT,GG,AG,GG,CC,GG,TT,CC,CG,AA,CC,CC,TT,NN,GT,GG,TT,TT,AA,CC,GT,TT,CC,TT,CC,GT,TT,GG,AA,TT,CC,AA,CC,GG,CG,GG,CC,GG,CC,TT,CT,AA,TT,AA,GG,TT,TT,CC,NN,GG,AA,AA,GG,CC,TT,AA,AA,GG,AC,AA,TT,TT,AA,TT,TT,CC,GG,TT,GG,AA,GG,CC,AA,GG,AA,AT,GG,TT,TT,GG,GG,GG,AC,NN,GG,AA,AA,CC,GT,AC,TT,CC,TT,TT,GG,CT,CC,GT,CT,CC,CC,AG,AA,AT,GT,CG,AA,GG,AA,CC,GG,TT,CC,TT,AA,AC,AT,CG,GG,CG,GG,CC,GG,TT,AG,CC,CC,AC,CC,AA,TT,CC,AA,CC,CC,AA,TT,AA,AA,CG,CC,CC,GG,AA,AA,AA,AC,GG,CC,CG,AA,AA,GG,TT,AG,AA,GT,TT,AG,CC,TT,TT,CT,CC,AA,GT,TT,TT,AT,GG,CC,AA,CC,CC,AC,GG,CC,AA,GG,AA,CC,TT,CC,GG,TT,GG,AA,AA,AG,TT,CC,GG,CC,CC,CC,GG,GG,AA,GG,TT,CC,AA,CC,GG,AA,AC,AT,AT,GG,TT,AT,AA,GG,TT,AA,CG,AT,TT,AA,GG,AA,CC,AA,TT,CC,CT,AA,CC,CC,GG,AG,NN,GG,CC,TT,CT,GT,GG,AT,CC,CC,AG,GG,CC,CC,GG,CC,GG,AT,AA,CC,TT,GG,CC,CC,AA,GG,NN,NN,CC,AA,AA,AC,CC,CC,TT,AA,GG,AA,AA,AC,AA,AG,AG,AA,AA,AT,GG,AA,AG,CC,AC,CC,AA,AG,GG,GG,CG,TT,AA,AA,TT,TT,TT,AA,TT,GG,GG,AA,3.96,Susceptible,Low,Premium,Early
L0006,Bengaluru Rural,Karnataka,Kharif,Red Sandy Loam,Rainfed,720,26.0,70,CC,TT,AG,GG,GG,CC,GG,TT,CC,CG,AA,CC,CG,NN,GT,GG,CG,TT,TT,AG,CC,TT,TT,CC,TT,CC,GT,TT,GT,AA,TT,CC,AA,AC,GG,CG,GG,CC,GG,CC,TT,CT,AA,TT,AA,GG,TT,TT,CC,AC,GG,AT,AA,GG,CT,TT,AT,AC,GT,AC,AA,TT,TT,GG,TT,AT,CC,GG,TT,GT,AA,GG,NN,AA,AA,AA,AT,GG,TT,TT,GG,GG,GG,CC,AA,GG,AG,AA,CC,TT,CC,TT,CT,TT,GT,AG,CT,CC,GT,CC,CT,CG,AG,AA,TT,TT,CC,AA,GG,AA,CT,GG,NN,CG,TT,AC,AC,TT,CG,AA,CC,GG,CC,GG,TT,AG,CC,CC,CC,CC,AG,GT,CC,AA,CC,CC,AA,AT,AA,AA,GG,NN,CC,GG,AA,AA,AA,CC,GT,CC,CC,AA,AA,GG,TT,AG,AC,TT,CT,GG,AA,TT,GT,TT,CC,AA,GT,TT,AT,TT,GG,CC,NN,CT,AA,CC,GG,CC,AA,GG,AG,CC,TT,CC,GT,TT,GG,NN,NN,AG,TT,CC,GG,AC,CC,CC,GG,GG,AA,GG,TT,CC,AA,CC,GG,NN,CC,AA,AT,GG,TT,AT,AA,GG,GT,AT,CC,TT,GT,AA,GG,AA,CC,AA,TT,CC,TT,AA,CC,TT,GG,AA,CC,AA,AC,AT,TT,GG,GG,TT,AC,CC,AG,GG,CC,CG,GG,CC,GG,TT,AA,CC,TT,AG,GG,CC,AA,GG,CG,AA,CC,AA,AA,CC,CG,AC,TT,AA,GG,AA,AC,AC,AA,AG,AA,AG,AA,AT,GG,AC,GG,CC,AC,CC,AA,AA,CG,GG,GG,GT,AA,AA,TT,TT,TT,AA,AA,GG,GG,AA,5.09,Susceptible,High,Standard,Early
L0007,Bengaluru Rural,Karnataka,Kharif,Red Sandy Loam,Rainfed,720,26.0,70,CC,TT,GG,AG,GG,CC,GG,TT,CC,CG,AA,CT,CC,AT,GT,GG,CC,TT,TT,AG,CC,TT,TT,CC,TT,CC,TT,TT,GG,AA,TT,CC,AG,AC,AG,GG,GG,CG,GG,CC,TT,CT,AA,TT,AG,GG,TT,TT,CC,CC,GG,AT,AA,GG,CT,TT,AA,AC,GG,AC,AA,TT,AT,AG,CT,AT,CC,GG,TT,GG,AG,GG,CC,AA,GG,CC,AT,GG,TT,TT,GG,GG,GG,CC,AA,GG,AA,AA,CC,TT,CC,TT,CC,AT,GG,GG,TT,CC,GT,CC,CC,CC,NN,AA,TT,GT,CG,AA,AG,AA,CC,GG,TT,CC,TT,AC,AA,TT,CC,AG,CC,GG,CC,GT,TT,AA,CC,CC,CC,CG,AA,TT,CC,AA,CC,CC,AA,TT,AA,AA,GG,CT,CC,GG,AA,AG,AT,AC,TT,CC,CC,AA,AA,AG,GT,AG,AA,GT,CT,GG,CC,TT,TT,TT,CG,TT,TT,TT,AA,AT,GG,CG,AA,CT,CC,CC,GG,AC,AA,GG,AG,CC,TT,CC,GG,TT,GG,AA,AA,AA,TT,CC,GG,AC,CC,CG,GG,GG,AC,GG,TT,AA,AA,CC,NN,AA,CC,AA,AA,GG,TT,AT,NN,GG,TT,AT,CC,AT,GT,AA,GG,AA,TT,AA,TT,CC,CT,AC,CC,TT,CG,AG,CG,AA,CC,TT,TT,TT,GG,TT,AA,CC,AA,GT,CC,CC,GG,CC,GG,AA,AA,CC,TT,GG,CG,CC,AA,GG,CG,AT,CG,AA,AA,AC,CC,CC,AT,AA,GG,AA,AC,AA,AA,NN,AA,AA,AA,TT,GG,AA,AG,AC,AC,CT,AA,AA,GG,GG,GG,GT,AT,AA,TT,TT,TT,AA,TT,GG,GG,AC,2.64,Resistant,Medium,Standard,Late
L0008,Bengaluru Rural,Karnataka,Kharif,Red Sandy Loam,Rainfed,720,26.0,70,AA,TT,GG,AA,GG,CG,GG,TT,CG,CC,AA,CT,CC,TT,TT,GG,GG,TT,TT,AA,CC,TT,GT,CC,TT,CC,TT,TT,GG,AA,TT,CC,AA,CC,GG,CC,GG,CG,GG,CC,TT,CT,AC,TT,NN,AG,TT,TT,NN,AC,GG,AT,AA,CG,CT,TT,AT,AC,GT,AA,AA,TT,AT,AG,TT,TT,CC,GG,CT,GG,AA,GG,CC,AA,GG,AC,AT,GG,TT,TT,GG,GG,GG,CC,AA,GG,AA,AA,CC,TT,CC,TT,CT,TT,TT,GG,CT,AC,NN,CT,CC,CG,GG,AA,TT,TT,CC,AA,AG,AA,NN,GG,TT,CC,TT,AA,AA,TT,CC,AG,CG,GG,CC,GG,CT,AA,CC,CC,CC,CC,AA,TT,CC,AA,NN,CC,AA,TT,AA,AT,GG,CC,CC,GG,AA,AA,AA,AC,GG,CC,CC,AA,AA,GG,TT,GG,AA,GT,TT,AG,CC,TT,TT,NN,CC,AA,TT,CT,AA,TT,GG,CC,AA,CT,CC,CC,CC,CC,AA,GG,AA,CC,NN,CC,GG,TT,GG,AT,AA,AA,TT,CC,GG,AA,AA,CC,CG,GG,AC,GG,TT,AC,AA,CG,GG,AA,CC,AA,AA,GG,GT,TT,AT,GG,TT,AA,CC,TT,TT,AA,GG,NN,CT,AC,TT,CC,CC,CC,CC,CT,GG,AG,CC,AG,CC,TT,TT,GT,GG,TT,AA,CC,AG,GG,CC,CC,GG,CC,GG,TT,GG,CC,GG,GG,CC,CC,AA,NN,CC,AT,CG,AA,AA,CC,NN,AC,NN,AA,GG,AA,CC,AA,AC,GG,GG,AA,NN,AT,CG,CC,AA,AA,AA,CT,AA,AG,GG,AG,CG,GG,AA,AA,TT,TT,TT,AA,TT,GG,GG,AA,4.0,Moderate,Medium,Standard,Early
L0009,Bengaluru Rural,Karnataka,Kharif,Red Sandy Loam,Rainfed,720,26.0,70,AC,CT,NN,AA,NN,CC,GT,TT,CC,CG,AA,CC,CC,TT,GT,GG,GG,TT,TT,AA,CC,GT,TT,CT,TT,CC,TT,TT,GG,AA,TT,CT,AA,CC,GG,CG,GG,CG,NN,CC,TT,TT,NN,GT,AG,AG,CT,NN,CC,AC,GG,AT,AA,NN,CT,GT,AT,AA,TT,AA,AA,TT,AT,AA,TT,TT,CC,GG,TT,NN,AA,GG,CC,AG,AG,AA,AT,GG,TT,TT,GG,GT,GT,CC,AA,GG,AA,AA,CC,TT,CC,TT,CC,TT,TT,GG,CT,CC,GT,CC,CC,CC,AA,AA,NN,TT,CC,AA,GG,AC,CT,GG,GT,CC,TT,AC,AA,AT,CG,NN,CC,GG,CT,GG,CT,AG,CT,CC,CC,CC,AA,TT,CC,AA,CC,CC,AA,TT,AG,AA,GG,CT,CG,GG,AG,AA,AA,CC,GT,CC,CC,AA,AG,GG,TT,GG,AC,TT,TT,AG,AC,TT,GT,TT,GG,AT,TT,TT,AT,TT,GG,CC,AG,TT,CC,CC,GG,CC,AA,GG,AG,CC,TT,CC,GT,TT,CG,AA,AA,AA,TT,CC,GG,AC,AA,CC,GG,GG,AC,GG,TT,AA,AA,CG,GG,AA,CC,AA,AT,GG,TT,AT,AT,GG,TT,AT,CC,TT,TT,AA,GG,AA,TT,AA,TT,CC,TT,AC,CC,CT,GG,AG,CC,GG,CC,TT,TT,TT,GG,TT,AA,CC,GG,GG,CC,CG,GG,CC,GG,AA,AA,CG,TT,GG,CG,CC,AA,GG,CG,AA,CC,AT,AA,AC,GG,CC,TT,AA,GG,AA,AC,AC,AA,AG,AA,AA,AA,TT,CG,AA,NN,AA,AA,CT,AA,GG,GG,GG,GG,TT,AA,AA,TT,TT,TT,AA,AT,GG,CG,AA,3.93,Resistant,High,Poor,Early
L0010,Bengaluru Rural,Karnataka,Kharif,Red Sandy Loam,Rainfed,720,26.0,70,AC,TT,GG,AA,GG,CC,GG,TT,CC,CC,AA,CC,CC,TT,TT,GG,CG,TT,TT,AA,CC,GT,TT,CT,TT,CC,TT,TT,GG,AA,TT,CC,AA,CC,AG,GG,GT,CG,GG,CC,TT,CC,AA,GT,AA,GG,TT,TT,CC,AA,GG,AA,AG,GG,CC,TT,AA,AC,GT,AA,AG,GT,NN,AG,CT,TT,CC,GG,TT,GG,AA,GT,CC,AA,AA,CC,TT,GG,TT,TT,GG,GG,GT,CC,AT,GG,AA,AA,CC,GT,CC,TT,CC,TT,TT,AG,TT,CC,GT,CC,CC,CG,GG,AG,TT,TT,CC,AA,GG,AA,CC,GT,NN,CC,TT,AA,AA,TT,CC,GG,CC,AG,CC,GT,TT,AA,CC,CC,AC,CC,AA,TT,AC,AA,CC,CC,AA,TT,AA,AT,GG,TT,CC,GG,AA,AA,AA,CC,GG,CG,CC,AA,AA,GG,GT,AG,AA,TT,CC,GG,CC,GT,TT,TT,CG,AT,GT,TT,AT,TT,GG,CC,AA,CT,CC,CC,CC,CC,AA,GG,AG,CC,TT,CC,TT,GT,GG,AT,AA,AA,TT,CC,CG,AA,CC,CG,GG,GG,AC,NN,TT,AA,AA,CC,GG,AT,CC,AA,AT,GG,TT,AT,AT,GG,GT,AT,CG,TT,GT,AA,GG,AA,TT,AA,TT,CG,TT,AA,CC,TT,GG,AA,CG,GG,CC,TT,CC,TT,GG,TT,AA,AC,AA,GG,CC,CC,GG,CC,GG,AA,AA,CG,GT,GG,CC,CC,AT,AG,CC,AT,CC,AT,AA,AC,CG,CC,AT,AA,GG,AA,AA,AC,AA,GG,AG,AA,AA,TT,GG,AC,AA,AA,CC,CT,AA,AA,GG,GG,GG,TT,AA,AA,TT,TT,TT,GG,TT,GG,GG,AC,2.42,Resistant,Low,Premium,Late
L0011,Bengaluru Rural,Karnataka,Kharif,Red Sandy Loam,Rainfed,720,26.0,70,CC,TT,GG,AA,GG,CC,GG,TT,CC,CG,AA,CT,CG,TT,TT,GG,GG,TT,TT,AG,CC,GT,GT,CC,AT,TT,TT,TT,GG,AA,TT,CT,AA,CC,GG,GG,GG,CC,GG,AC,TT,TT,AA,GT,AG,GG,TT,AT,CG,AC,GG,AA,AA,GG,CC,GT,AA,AA,TT,AA,AA,GT,TT,GG,CC,TT,CC,GG,TT,GT,AG,GG,AC,AA,GG,AC,AA,GG,TT,TT,GG,GG,GG,CC,AA,GG,AG,AT,CC,GT,CC,GT,CT,AT,TT,GG,TT,AA,TT,CC,CC,CC,AG,AA,AT,TT,CC,AA,AG,AA,CC,GG,NN,CC,GT,AA,AA,TT,CC,GG,CC,GG,CC,GG,TT,AA,CT,CC,CC,CG,AA,TT,CC,AA,CC,CC,AA,TT,AA,AA,GG,CC,CC,GG,AA,AG,AA,CC,TT,CG,CC,AA,AG,GG,NN,AG,AC,TT,CT,GG,CC,GT,GT,TT,CC,AT,TT,TT,AA,TT,GG,CG,AG,CT,CC,CC,CC,CC,AA,GG,AG,CC,TT,CC,GG,TT,GG,AT,AA,AG,NN,CC,GG,AA,AC,CC,GG,GG,AC,CG,TT,AC,AA,CC,GT,AT,AC,AA,AA,GG,GT,TT,AA,GG,GG,AT,CC,AT,GT,AA,GG,AA,CT,AA,TT,CC,TT,AA,CC,CT,GG,AA,CG,GG,NN,TT,TT,GT,GG,TT,AA,CC,AA,GG,CC,CG,GG,CG,GG,AT,AG,CC,TT,GG,CC,CC,AA,AG,CC,AA,CC,AA,AA,CC,NN,AC,TT,AA,GG,AA,AA,AA,NN,AG,GG,AA,AA,TT,GG,AC,AA,CC,AA,CT,AA,AA,GG,GG,GG,TT,AT,AG,GT,TT,TT,AG,AA,GG,GG,AA,4.46,Susceptible,High,Premium,Early
L0012,Bengaluru Rural,Karnataka,Kharif,Red Sandy Loam,Rainfed,720,26.0,70,AA,CT,GG,AA,CG,CC,GG,TT,CC,GG,AA,CC,CC,TT,TT,GG,GG,TT,TT,AA,CC,TT,TT,CC,TT,CC,TT,TT,GT,AA,TT,CC,AA,CC,GG,GG,GG,CC,GG,CC,TT,CT,AA,TT,AG,AG,TT,TT,CC,CC,GG,AA,AG,GG,CC,GG,AA,AA,GG,AC,AG,GT,AT,AG,CT,TT,CC,GG,TT,GG,AA,GG,CC,AA,AG,AA,AA,GG,TT,TT,GG,GG,GG,CC,AA,GG,AA,AT,CC,TT,CC,TT,CT,TT,TT,GG,CT,CC,TT,CC,CT,CG,AG,AA,TT,GT,CC,AA,AG,AA,CC,GG,TT,CC,TT,AA,AA,TT,CG,AG,CC,GG,CC,GT,TT,AG,CC,CC,CC,CC,AA,GT,CC,AA,CC,CT,AA,TT,AA,AA,GG,CC,CC,GG,AA,GG,AA,AC,GT,CC,CG,AA,AG,GG,TT,GG,CC,TT,CT,GG,CC,GT,TT,CT,CG,AA,TT,TT,AA,TT,GG,CC,AA,TT,CC,CC,CG,CC,AA,GG,AG,CC,TT,CC,GT,GG,CG,TT,AA,AA,TT,CC,GG,AC,CC,CC,GG,GG,AA,GG,TT,AC,NN,CC,GG,AA,CC,AA,AA,GG,TT,AT,AA,GG,GT,AA,CC,TT,GT,AA,GG,AA,TT,AA,TT,CC,TT,AA,AC,TT,CC,GG,CG,AA,CC,TT,CT,GT,GG,AT,AC,CC,AA,GG,CG,CC,GG,CC,GG,TT,AA,CC,TT,GG,CC,CC,AT,GG,CC,AA,CC,AT,AA,AC,CG,AC,AA,AA,GG,AA,AA,AA,AA,GG,AA,AA,AA,TT,GG,CC,AA,AA,AC,CC,AG,AA,GG,NN,GG,GT,AA,AA,TT,TT,TT,AA,TT,GG,GG,AA,3.2,Moderate,High,Standard,Late
L0013,Bengaluru Rural,Karnataka,Kharif,Red Sandy Loam,Rainfed,720,26.0,70,AA,TT,GG,AG,CG,CC,GG,TT,CC,CG,AA,CC,CC,TT,GT,GG,GG,TT,TT,AA,CG,TT,TT,CC,TT,CC,TT,TT,GG,AA,TT,CC,AA,CC,GG,GG,GG,CC,GG,CC,GT,CT,AA,GT,AG,AG,NN,TT,CC,AA,GT,AA,AA,GG,CC,TT,AA,AC,GT,AA,AA,TT,TT,AG,TT,TT,CC,GG,CT,GG,AA,GG,CC,AA,AG,AC,AT,GG,TT,TT,GG,GT,GG,CC,AA,GG,AA,AA,CG,TT,CC,TT,CC,TT,TT,GG,CT,CC,TT,CC,CC,CC,AG,AA,TT,TT,CC,AA,GG,AA,CC,GG,TT,CC,TT,AA,AC,TT,CC,AG,CC,GG,CC,GT,TT,AA,CC,CC,AC,CC,AA,TT,CC,AA,CC,CC,AA,TT,AA,AA,GG,CC,CC,GG,AA,AG,AA,CC,GT,CC,CG,AA,GG,AG,TT,AG,AC,TT,CC,GG,CC,TT,TT,TT,CC,AA,GG,TT,AA,TT,CG,CC,AA,CT,CC,CC,GG,CC,AA,GG,AA,CC,TT,CC,TT,TT,CC,AT,AA,GG,TT,CC,CG,AA,CC,CC,NN,AG,AC,GG,TT,CC,AA,CC,GG,AA,CC,AT,AT,GT,TT,AT,AA,GG,GG,AT,CC,TT,GT,AA,GG,AA,CT,AA,TT,CC,TT,CC,CC,TT,GG,GG,CC,AA,CC,AT,CT,TT,GG,TT,AA,NN,AG,GG,CC,CC,GG,CC,GG,TT,AG,CG,TT,GG,CC,CG,AT,GG,CC,AT,CC,AT,AA,CC,CC,AC,AT,AA,GG,AA,AA,AA,AA,AG,GG,AG,AA,TT,CG,AC,AA,AA,AC,CT,AA,AA,GG,AG,GG,TT,AA,AA,GT,TT,TT,AA,AT,GG,GG,AA,5.48,Moderate,High,Poor,Medium
L0014,Bengaluru Rural,Karnataka,Kharif,Red Sandy Loam,Rainfed,720,26.0,70,AC,TT,GG,AA,GG,CC,GG,TT,CC,CG,AA,CC,GG,TT,TT,GG,CG,TT,TT,AG,CC,TT,GT,CC,TT,CT,TT,TT,GG,AA,TT,CT,AA,CC,GG,CG,GG,CG,GG,CC,TT,CT,AA,TT,AG,AG,TT,TT,CC,AC,GG,AA,AA,GG,CC,GT,AT,AC,GG,AC,AA,TT,TT,AG,TT,NN,CC,GG,TT,TT,GG,GG,CC,AG,GG,AA,TT,GG,TT,TT,AG,GG,GT,CC,AA,GG,AA,AT,CC,TT,AA,TT,TT,AT,TT,GG,TT,CC,GG,NN,CT,CC,AG,AA,TT,GT,CC,AA,AA,AA,CT,GG,TT,CC,TT,AA,AA,AT,CC,AG,CC,GG,CC,GG,CT,AA,CT,CC,CC,CC,AA,TT,CC,AC,CC,CC,AA,AT,AA,AT,GG,CC,CC,GG,AA,AG,AA,CC,GT,CC,CG,AA,AA,GG,TT,GG,AC,TT,TT,AA,CC,TT,TT,TT,CC,AT,TT,TT,AA,TT,CG,CC,AG,CC,AC,CC,CG,CC,AA,GG,AA,CC,TT,CC,GG,TT,GG,TT,AG,AA,TT,CC,GG,AC,CC,NN,GG,AG,CC,GG,TT,AC,AA,CC,GT,AA,AC,AA,AT,GG,TT,AA,AA,CG,GT,AA,CC,AT,GG,AA,GG,AA,CT,AA,TT,CC,TT,AC,CC,CT,CC,AA,CG,GG,CC,AA,CT,GT,GG,AT,AA,AC,AA,GG,CC,CC,GG,CC,GT,AT,AA,CC,GT,AG,CC,CC,AA,AG,CG,AT,CC,AA,AA,CC,CG,CC,TT,AA,GG,NN,AA,AC,AA,GG,AA,AA,AA,TT,GG,AA,AA,CC,AC,NN,AA,AA,GG,GG,GG,TT,AT,AA,TT,TT,TT,GG,TT,CG,GG,AA,5.55,Susceptible,Low,Standard,Early
L0015,Bengaluru Rural,Karnataka,Kharif,Red Sandy Loam,Rainfed,720,26.0,70,AA,TT,AG,AA,GG,CC,GT,TT,CC,CG,AA,CC,CC,AT,TT,GG,CG,TT,TT,AA,CG,TT,GT,CC,TT,CC,GT,TT,GT,AA,TT,CC,AA,CC,GG,CG,GG,CG,GG,CC,TT,CT,CC,TT,AG,GG,TT,TT,CC,AC,GG,AA,AA,GG,CC,TT,AA,AC,GT,NN,AA,GT,TT,NN,TT,TT,CC,GG,TT,GG,AA,GG,CC,AA,GG,AC,AT,GG,TT,TT,GG,GG,GG,CC,AA,GG,AA,AT,CG,GT,CC,TT,CT,TT,TT,AG,TT,AC,TT,CC,CC,CG,AA,AA,AT,TT,CC,AA,AG,AA,CC,GG,TT,CC,GT,NN,AA,TT,CC,GG,CC,GG,CC,GT,CT,AA,CC,CC,CC,CC,AA,TT,CC,AA,AC,CC,AA,TT,AA,AA,GG,CT,CC,GG,AA,GG,AA,CC,GG,CC,CG,AA,GG,AG,TT,GG,AC,TT,TT,GG,AC,TT,GT,TT,GG,AT,TT,TT,AA,TT,GG,CG,AA,CC,CC,CC,GG,CC,AA,GG,AA,CC,TT,CC,GT,TT,GG,NN,AA,AA,TT,CC,GG,AA,AC,CC,GG,GG,AA,GG,TT,CC,AA,CC,GG,AT,CC,AA,AT,GG,TT,TT,AA,GG,GT,TT,GG,TT,GT,AA,GG,AA,CT,AA,TT,CC,TT,AC,CC,TT,NN,AG,CC,AG,CC,TT,TT,GT,GG,TT,AC,AC,AA,GG,CC,NN,CG,CC,GG,TT,AG,CC,GT,GG,CC,CG,AA,GG,CG,NN,CC,AA,AA,CC,CC,AC,TT,AA,GG,AA,AA,AA,AA,AG,AG,AA,AA,AT,GG,AA,AA,CC,AC,CC,AA,AA,GG,GG,GG,GT,AT,AG,TT,TT,TT,AA,AT,GG,CG,AA,4.2,Moderate,Low,Standard,Medium
L0016,Bengaluru Rural,Karnataka,Kharif,Red Sandy Loam,Rainfed,720,26.0,70,AC,CT,AG,AG,GG,CC,GG,AT,CC,CG,AA,CC,CC,TT,GT,GG,CC,TT,TT,AG,CC,GT,GT,CT,AT,CC,GT,TT,GG,AA,TT,CC,AA,CC,GG,GG,GG,CC,NN,CC,TT,CT,AA,GT,AG,AG,TT,TT,CC,AA,GT,AA,AG,GG,CC,GG,AA,AA,GT,AC,AG,TT,AT,AA,TT,TT,CC,GT,TT,GT,AG,GG,CC,AA,AG,AA,AA,GG,TT,TT,GG,GG,GG,CC,AA,GG,NN,AA,CC,GT,CC,TT,CC,TT,TT,GG,TT,CC,GT,CC,NN,CC,AG,AA,AT,TT,NN,AA,AA,AA,CT,GG,TT,CC,GT,AC,AA,TT,CC,AG,CC,GG,CC,GG,CT,AA,CT,CC,CC,CC,AA,TT,AC,AA,CC,CC,AA,TT,AA,AT,GG,CC,CC,GG,AA,AA,AA,CC,GG,NN,CG,AA,AA,GG,TT,AG,AA,TT,CT,AG,CC,GT,TT,CT,NN,AT,GG,TT,NN,TT,GG,CC,AG,TT,CC,AC,CG,CC,AA,GG,AA,CC,TT,CG,GT,TT,CG,AT,AA,AA,TT,NN,GG,AA,CC,CC,GG,AG,CC,GG,TT,AA,AA,CC,GG,NN,AC,AA,AA,GT,TT,AA,AT,GG,TT,AT,CC,TT,NN,AA,GG,AA,TT,AA,TT,CC,CT,AA,AC,CT,CG,AG,CC,GG,CC,TT,TT,GG,GG,AT,AA,AC,AG,GG,CC,CG,GG,CC,GG,AT,AA,CC,TT,GG,CC,CG,AT,AG,CG,AT,CC,AA,AA,AC,CG,AC,TT,AA,GG,AA,AA,AC,AA,GG,AG,AG,AA,AA,GG,AA,AA,AC,AC,CT,AA,AG,GG,GG,GG,TT,AA,AA,TT,AT,TT,AA,TT,GG,GG,AA,1.4,Susceptible,High,Poor,Medium
L0017,Bengaluru Rural,Karnataka,Kharif,Red Sandy Loam,Rainfed,720,26.0,70,AA,TT,AG,AA,GG,NN,GT,TT,CC,CG,AA,CC,CG,TT,NN,GG,GG,TT,TT,AA,CG,GG,TT,CT,TT,NN,TT,TT,GT,AA,TT,CT,AA,AC,GG,GG,GG,GG,GG,CC,TT,CT,AA,GT,AG,GG,TT,TT,CC,AC,TT,AA,AA,GG,CC,GT,AA,AA,GT,CC,AG,TT,AT,AG,TT,NN,CC,GG,TT,GT,AG,GG,CC,AA,AG,AC,AT,GG,TT,TT,AG,GG,GG,CC,AA,GG,AA,AA,CG,TT,CC,TT,CC,TT,GT,GG,CC,CC,TT,CT,CT,CC,GG,AG,AT,TT,CG,AG,AG,AA,CC,GG,TT,CG,TT,AC,AA,TT,CG,GG,CC,AG,CT,GT,TT,AA,CT,CC,CC,CC,AG,TT,CC,AA,CC,CC,AA,TT,AA,AA,CG,CT,CG,GG,AA,GG,AA,CC,GG,CC,CC,AG,AA,GG,TT,AG,AC,TT,TT,GG,CC,GG,GT,TT,CG,AA,TT,TT,AA,TT,GG,CC,AG,CC,CC,CC,GG,CC,AA,GG,AA,CC,TT,CG,GT,TT,GG,TT,AA,AA,TT,CC,GG,AA,CC,CG,GG,GG,AA,GG,NN,AA,AG,CC,GG,AA,CC,AA,AA,GG,TT,AT,AT,GG,GT,AT,CG,AT,TT,AA,GG,AA,CT,AA,TT,CG,CT,NN,CC,TT,GG,AA,CC,AG,CC,TT,TT,TT,GG,AT,AA,AA,AA,GG,CC,GG,GG,CC,GT,AT,AA,CC,TT,GG,CC,CG,AA,GG,CC,AA,CC,AA,AA,CC,CC,AC,TT,AA,GG,AT,AA,AC,AA,AA,AG,AA,AA,TT,GG,AA,AA,AC,AA,CC,AG,AA,GG,GG,GG,TT,AT,AA,TT,TT,TT,AA,TT,GG,GG,AA,8.07,Susceptible,Medium,Premium,Medium
L0018,Bengaluru Rural,Karnataka,Kharif,Red Sandy Loam,Rainfed,720,26.0,70,CC,TT,AA,AG,CG,CC,GG,AT,CC,CG,AA,CC,NN,AT,TT,GG,CC,TT,TT,AA,CC,TT,GT,CC,NN,CC,GT,TT,GT,AA,TT,CC,AA,CC,GG,GG,GG,CC,GG,CC,TT,CT,AA,TT,AG,GG,TT,TT,CC,AC,GG,AA,AA,GG,CC,TT,AA,AA,GT,AC,AA,TT,AT,AA,CT,TT,CC,GG,TT,GT,AA,GG,CC,AA,GG,AC,AA,GG,TT,TT,GG,GG,GG,CC,AT,GG,AA,TT,CC,GG,CC,TT,CC,TT,GT,GG,TT,CC,TT,CC,CT,CC,GG,AA,TT,TT,CG,AA,AG,AA,CC,GG,GT,CC,GT,AA,AC,TT,CC,GG,CG,AG,CC,GG,TT,AA,CC,CC,CC,CC,AA,TT,CC,AA,CC,CC,AA,TT,AA,AT,CG,CC,CC,GG,AA,AG,AA,CC,GT,CC,CC,AG,NN,GG,GT,AG,CC,TT,TT,GG,AC,GT,TT,CT,CC,AT,TT,TT,AT,NN,GG,CC,AA,CT,CC,CC,GG,CC,AA,GG,GG,CC,TT,CC,GT,GT,GG,TT,AG,AG,TT,CC,CG,AC,CC,CC,GG,GG,AA,GG,TT,AC,AA,CC,GT,AA,AC,AA,AA,GG,TT,NN,AA,GG,GT,AT,CC,AT,TT,AA,GG,NN,TT,AA,TT,CC,TT,AA,CC,CC,GG,AA,CG,AA,CC,NN,CT,TT,GG,TT,AC,AC,AG,GG,CC,CG,NN,CC,NN,TT,AA,CG,GT,GG,CC,GG,AA,AG,CC,AT,CC,AA,NN,CC,CG,CC,TT,AA,GG,AA,AA,AC,AA,AG,GG,NN,AA,TT,GG,AA,AA,CC,AA,CT,AA,AA,GG,GG,GG,TT,AA,AA,TT,TT,TT,AA,AA,GG,GG,AA,2.3,Susceptible,Medium,Standard,Medium
L0019,Bengaluru Rural,Karnataka,Kharif,Red Sandy Loam,Rainfed,720,26.0,70,NN,TT,NN,GG,GG,CC,GG,AT,CC,CC,AA,CC,CC,TT,TT,GG,GG,TT,TT,AA,CC,TT,GG,CT,TT,CC,GT,TT,GG,AA,TT,CC,AA,CC,GG,CG,GG,GG,GG,CC,TT,CT,AC,GT,AA,GG,TT,TT,CG,AC,GG,AT,AA,GG,CT,GG,AA,AA,TT,AC,AA,TT,NN,AA,TT,AT,CC,GG,TT,GG,AG,GG,AC,AA,AG,AC,AA,GG,TT,TT,GG,GT,GG,CC,AA,GG,AA,AA,CC,TT,AC,GT,CT,TT,TT,AG,TT,CC,GT,CC,CC,GG,AG,AG,TT,TT,CC,AA,AG,AC,CT,GG,TT,CC,TT,AC,AC,TT,CC,GG,CG,AG,CC,GG,TT,AA,CT,CC,CC,CC,AA,NN,CC,AA,CC,CC,AA,AT,AA,AT,GG,TT,CC,GG,AA,AA,AA,CC,GG,CC,CG,AA,AA,GG,TT,GG,AC,GG,TT,AG,AC,TT,GT,CT,CC,AT,NN,TT,AT,TT,GG,CC,AA,CC,AC,CC,GG,CC,AA,AG,AA,CC,TT,CC,GT,GT,GG,AA,AA,AG,TT,CC,GG,AA,CC,NN,GG,AG,AA,CG,TT,AA,AA,CC,GG,AT,AC,AA,AA,GG,TT,AT,AA,GG,TT,AA,CC,TT,GT,AA,GG,AA,CT,AA,TT,CC,CT,AA,CC,TT,CG,AG,CG,GG,CC,TT,CT,TT,GG,TT,AA,AC,AA,GG,CC,CG,GG,CC,GG,AA,AA,CC,TT,GG,CC,CC,AT,NN,CC,AA,CC,TT,AA,CC,CG,AC,TT,AA,GG,AA,AC,AA,AA,AA,GG,AA,AA,AT,GG,AC,AG,CC,AC,CT,AG,AA,GG,NN,GG,TT,AA,AA,TT,TT,TT,AG,AA,GG,GG,AA,3.63,Susceptible,Medium,Standard,Early
L0020,Bengaluru Rural,Karnataka,Kharif,Red Sandy Loam,Rainfed,720,26.0,70,AA,CT,AG,AG,GG,CC,GG,TT,CC,CG,AT,CC,CG,AT,TT,GG,CG,TT,TT,AG,CC,GT,TT,CC,TT,CC,TT,TT,GG,AA,TT,CT,AA,CC,GG,GG,GG,GG,GG,CC,TT,CT,AA,GT,AG,AG,TT,TT,CC,AA,GG,NN,GG,GG,CC,TT,AA,AC,GG,AC,AA,TT,TT,AG,TT,AT,CC,GG,TT,GG,AG,GG,CC,AA,GG,AA,AT,GG,TT,TT,GG,GG,GT,CC,AT,GG,AA,AA,CC,GT,CC,TT,CT,TT,TT,GG,TT,CC,GT,CC,CC,CC,AG,AA,TT,TT,CC,AG,AA,AA,CC,GG,TT,CC,GG,NN,AA,TT,CC,AA,CC,GG,CC,GG,TT,GG,CT,CC,CC,CC,AA,TT,CC,AA,CC,CC,AG,AT,AA,AA,GG,CC,CC,GG,AA,AG,AA,AC,GG,CC,CC,AA,AG,GG,TT,GG,AA,TT,TT,GG,AC,GT,TT,TT,CC,AT,GT,TT,AA,TT,CG,CG,AG,CC,CC,CC,CG,CC,AA,GG,AG,CC,TT,CC,NN,TT,GG,AA,AA,AG,GT,CC,GG,AC,CC,CC,GG,GG,AC,GG,TT,AA,AG,CC,NN,AA,CC,AA,AT,GG,TT,AT,AA,GG,GG,AT,CC,AT,TT,AA,GG,AA,TT,AA,AT,CC,CT,AC,CC,TT,GG,GG,CC,AG,CC,TT,NN,GT,GG,TT,AA,AA,AG,GG,CC,CG,GG,CC,GG,TT,AA,CC,TT,GG,CC,CC,AA,GG,CC,AT,CC,AT,AA,AC,CC,AC,AT,AA,GG,AA,AC,AC,AC,AA,AA,AA,AA,TT,GG,AA,AA,AC,AA,TT,AA,AA,GG,GG,GG,TT,AA,AG,TT,TT,TT,AG,AT,CG,CG,AA,5.28,Susceptible,Medium,Poor,Late
L0021,Bengaluru Rural,Karnataka,Kharif,Red Sandy Loam,Rainfed,720,26.0,70,AC,TT,AG,AA,GG,CC,GG,TT,CC,CC,AT,CC,CC,TT,TT,GG,CG,TT,TT,AA,CC,TT,TT,CC,TT,CC,TT,TT,GG,AA,TT,CC,AA,CC,GG,GG,GG,CC,GG,CC,TT,TT,AC,TT,AA,AG,TT,TT,CC,AC,GG,AA,AA,GG,CC,TT,AA,AA,GT,AA,AA,TT,AT,AG,TT,TT,CC,GG,TT,GT,AG,GT,CC,AA,GG,AC,AA,AG,TT,TT,GG,GG,GG,CC,AA,GG,AA,AA,CC,GT,CC,TT,TT,TT,TT,GG,TT,CC,GT,CT,CC,CG,GG,AA,TT,TT,CC,AA,AA,AA,CC,GG,TT,CC,TT,AC,AA,TT,CC,GG,CC,GG,CC,GT,TT,AA,CC,CC,CC,CC,AA,TT,CC,AC,CC,CC,AA,TT,AA,AA,GG,CT,CC,GG,NN,NN,AA,CC,GT,CC,CC,GG,AG,GG,TT,AG,AC,GT,CT,GG,CC,TT,GT,TT,GG,AA,TT,CT,AT,TT,GG,CC,NN,CT,CC,CC,GG,CC,AA,GG,AA,CC,TT,CG,GG,TT,GG,TT,AG,AA,TT,AC,GG,AC,CC,CC,GG,GG,AC,GG,TT,AC,AA,CC,GG,AA,AC,AA,TT,GG,TT,TT,AA,GG,TT,AA,CC,TT,GT,AT,GG,AA,CT,AA,TT,CC,NN,AC,CC,TT,CG,AG,CC,AG,CC,TT,TT,GT,CG,NN,AC,CC,AA,GG,CC,CC,GG,CG,GG,TT,AA,CC,TT,GG,CC,CG,AT,GG,CC,AA,CC,AA,AA,NN,CG,CC,AT,AA,GG,AA,AC,AA,AC,AG,AG,AA,AA,AT,GG,AA,AA,AC,AA,TT,AA,AA,GG,GG,GG,TT,AA,AA,TT,TT,TT,AG,TT,NN,CG,AC,4.41,Resistant,High,Premium,Late
L0022,Bengaluru Rural,Karnataka,Kharif,Red Sandy Loam,Rainfed,720,26.0,70,AA,TT,NN,AA,GG,CC,GG,TT,CC,NN,AA,CC,CG,TT,TT,GG,GG,TT,TT,AA,CC,GT,TT,CT,TT,CC,GT,TT,GG,AA,TT,CT,NN,AC,AG,GG,GG,CC,GG,CC,TT,CT,AA,TT,AG,GG,TT,AT,CC,AC,GG,AA,AA,GG,CT,GT,AA,AA,TT,AC,AA,TT,TT,AA,TT,AA,CC,GG,CT,GG,AA,GG,CC,AA,GG,CC,AT,GG,TT,TT,GG,GG,GT,CC,AA,GG,AA,AA,CC,TT,CC,TT,CC,TT,GT,GG,CT,CC,GT,CC,CC,GG,GG,AA,AT,TT,CC,AA,AA,AC,CC,NN,TT,CG,TT,AA,AC,TT,CG,GG,CC,GG,CC,GT,CT,AG,TT,CC,CC,CG,AA,TT,AC,AA,CC,CC,AA,TT,AA,AA,GG,CT,CC,GG,AA,AA,AA,AC,GT,CC,CC,AA,AA,GG,TT,GG,CC,GT,CT,AG,AC,TT,GG,TT,CC,AA,TT,TT,AT,TT,GG,CG,AA,CT,CC,AC,GG,CC,AA,GG,AA,CC,TT,CG,GT,GT,GG,AA,AA,AA,TT,CC,GG,AA,AC,CC,GG,GG,AA,NN,TT,AC,AA,CC,GT,AT,CC,AA,AT,GG,TT,TT,AA,GG,GT,AA,CC,AT,TT,AA,GG,AA,CT,AA,TT,CC,TT,AC,CC,CT,GG,AG,CC,AG,CC,AT,TT,TT,GG,TT,AC,CC,AA,GG,CC,CC,GG,CC,GG,AT,AA,CC,TT,GG,CC,CC,AA,AG,CC,AA,CC,AT,AA,CC,CG,AC,TT,AA,GG,AA,AA,AA,AA,AG,AA,AG,AA,AT,GG,AC,AG,AC,AA,TT,AA,GG,GG,GG,GG,TT,AA,AA,GT,TT,TT,AG,TT,GG,GG,AA,1.59,Susceptible,High,Premium,Late
L0023,Bengaluru Rural,Karnataka,Kharif,Red Sandy Loam,Rainfed,720,26.0,70,AC,CC,AG,AG,CC,CC,GT,TT,CC,CG,AA,CT,CC,AT,GT,GG,NN,TT,TT,AG,CC,TT,GG,CC,TT,CC,TT,TT,GG,AA,TT,CT,AA,CC,GG,CG,GG,CC,GG,CC,TT,TT,AA,TT,AG,AG,TT,AT,CC,AA,GT,AA,AA,GG,CC,TT,AA,AA,GT,AC,AA,TT,TT,AA,TT,AT,CC,GG,TT,GT,AA,GG,CC,AA,GG,AC,AT,GG,TT,TT,GG,TT,GT,CC,AA,GG,AA,AA,CC,TT,CC,TT,CC,TT,GT,NN,CC,CC,GT,CC,CC,CC,AG,AA,TT,TT,GG,AA,AA,AC,CC,GG,TT,CC,TT,AA,AA,TT,CC,AG,CG,GG,CC,GG,TT,AA,CT,CG,CC,CG,AA,TT,CC,AA,CC,CC,AG,TT,AA,AT,GG,CC,CC,GG,AG,AA,AA,CC,GG,CC,CC,AA,AA,AG,GT,AG,AA,GT,CT,GG,AC,TT,GT,TT,CC,AT,TT,TT,AA,TT,GG,CC,AG,CT,CC,CC,GG,CC,AA,GG,AG,CC,TT,CC,TT,NN,CG,AT,AA,AG,TT,AC,CG,AA,CC,CC,GG,GG,AC,GG,TT,AA,AA,CC,GG,AT,AC,AA,AA,GT,GT,TT,TT,CG,GT,AT,CG,TT,TT,AA,GG,AA,CC,AC,TT,CC,TT,AC,AC,TT,GG,NN,CC,AA,CC,TT,CT,GT,GG,TT,AA,AA,AA,GT,CC,CC,GG,CC,GG,AT,AA,GG,TT,AG,CG,CC,AA,GG,CC,AT,CC,AA,AA,CC,CG,AC,TT,AG,GG,AA,AA,AA,AC,AG,AA,AA,AA,TT,CG,AC,AG,AC,AC,CT,AA,AA,CG,GG,GG,TT,AA,AG,GT,TT,TT,AG,TT,GG,CG,NN,6.06,Susceptible,High,Standard,Early
L0024,Bengaluru Rural,Karnataka,Kharif,Red Sandy Loam,Rainfed,720,26.0,70,AC,TT,AG,AG,GG,CC,GT,TT,CC,CC,AA,CC,CG,TT,TT,GG,GG,TT,AT,GG,CC,TT,TT,CC,TT,CC,TT,TT,GG,AA,TT,CC,AA,CC,GG,GG,GG,CC,GG,CC,TT,CT,AA,GG,AA,AA,TT,TT,CC,CC,GT,AT,AA,GG,CC,TT,AA,AA,GT,AA,AA,TT,TT,NN,TT,AT,CC,GG,TT,GT,AA,GT,CC,AA,GG,AA,AT,GG,GT,TT,GG,GG,GG,CC,AA,GG,AA,AA,CC,GT,CC,TT,CT,TT,GG,GG,TT,AC,GT,CC,CT,CG,AG,AA,TT,TT,CC,AG,AA,AA,CC,GG,TT,CG,TT,AA,AA,TT,CC,AG,CC,AG,CC,GT,TT,GG,CC,CC,AC,CC,AA,TT,CC,AA,CC,CC,AA,TT,AA,AA,GG,CT,CC,GG,AA,AG,AA,CC,GT,CC,CC,AA,AA,AG,TT,AG,AA,TT,CT,GG,AA,TT,TT,TT,CG,TT,GT,TT,AA,TT,NN,CC,AG,CT,CC,CC,GG,CC,AA,GG,AG,AC,TT,CC,GG,NN,GG,TT,AA,AA,TT,AC,GG,AC,AC,CC,GG,GG,AC,GG,TT,AC,AA,CC,GT,AA,CC,AA,AT,GT,TT,TT,AA,GG,GT,AA,CC,AT,TT,AT,GG,AA,CT,AA,TT,CC,TT,AA,CC,TT,GG,AG,CC,AA,CC,TT,TT,TT,GG,TT,AA,AC,AG,GG,CC,CG,GG,CC,GG,AT,AA,CC,TT,GG,CC,CC,AA,AG,CC,NN,CC,TT,AA,AC,CC,AA,TT,AA,GG,AA,AA,AA,AA,AA,AG,AA,AA,TT,GG,AA,AA,CC,AA,CT,AA,AA,GG,AG,GG,TT,AT,AA,TT,TT,AT,AG,TT,GG,CG,AA,4.35,Susceptible,High,Poor,Late
L0025,Bengaluru Rural,Karnataka,Kharif,Red Sandy Loam,Rainfed,720,26.0,70,AC,TT,GG,AA,NN,CC,GG,TT,CC,CG,AT,CC,CC,TT,TT,GG,GG,TT,TT,AA,CC,TT,GT,CC,TT,CC,TT,TT,GG,AA,TT,CT,AA,CC,GG,GG,GG,CG,GG,CC,TT,TT,AC,TT,AA,GG,TT,TT,CC,AC,GG,AA,AA,GG,CT,TT,AA,AA,GT,AA,AA,GT,TT,AA,TT,TT,CC,GG,TT,GT,AA,GG,CC,AA,GG,AC,AA,GG,GT,TT,GG,GG,GG,CC,AA,GG,AA,AT,CC,GT,CC,TT,CC,AT,GT,GG,TT,CC,GT,CC,TT,CG,GG,AA,AT,GT,CG,AA,AG,AA,CT,GG,GT,CC,NN,AA,AA,TT,CC,GG,CC,AG,CC,GT,NN,AA,CT,CC,AC,CC,AA,TT,CC,AA,CC,CC,AA,TT,AA,AA,GG,CC,CC,GG,AA,AA,AA,CC,GT,CC,CC,AA,AA,GG,TT,GG,AC,TT,NN,GG,AC,GT,TT,TT,CG,TT,GT,TT,AT,TT,GG,CG,AA,CT,CC,CC,CG,CC,AA,GG,AG,CC,TT,CG,GG,TT,GG,TT,AA,AA,TT,CC,GG,AA,CC,CC,GG,GG,AA,GG,TT,AC,AA,CC,GG,AT,AC,AA,TT,GG,GT,AT,AA,GG,GT,AA,CG,AT,TT,AA,GG,AA,CT,AC,TT,CC,TT,AC,AC,TT,GG,AG,CC,AG,CC,TT,CT,GT,GG,TT,AA,AC,AA,GG,CC,CC,GG,CG,GG,TT,AA,CC,GT,GG,CC,CC,AA,GG,CC,AA,CG,AA,AA,CC,CC,AC,TT,AA,GG,AA,AC,AC,AA,GG,AA,AG,AA,TT,CG,AA,AG,AC,AA,TT,AA,AA,GG,GG,GG,TT,AA,AA,GT,NN,TT,AG,AT,GG,GG,AC,4.3,Resistant,Medium,Premium,Medium
L0026,Bengaluru Rural,Karnataka,Kharif,Red Sandy Loam,Rainfed,720,26.0,70,AA,TT,GG,AG,GG,CC,GG,AT,CC,CC,AA,CC,CC,AT,GT,GG,CG,TT,TT,AA,CG,TT,GT,CC,TT,CT,GT,TT,GG,NN,TT,CC,AA,CC,GG,GG,GG,GG,GG,CC,TT,CT,AA,TT,AA,GG,TT,AT,CC,AA,GT,AA,AA,GG,CT,TT,AA,AA,GG,AA,AG,GT,AT,AA,TT,AT,CC,GG,TT,GT,AA,GG,CC,AA,GG,AC,AT,AG,TT,TT,GG,GT,GG,AC,AA,GG,AA,AA,CC,TT,CC,GT,CT,TT,GT,GG,TT,CC,TT,CC,CC,CG,GG,AG,AT,TT,GG,AA,AA,AC,CC,GG,TT,CC,GT,AA,AA,TT,CG,GG,CC,GG,CC,GG,NN,AA,CC,CC,CC,CC,AA,TT,CC,AA,CC,CC,AA,AT,AA,NN,CG,CT,CC,GG,AA,AG,AT,AA,GT,CC,CC,AA,AA,GG,TT,GG,AA,GT,CT,AG,AC,GT,TT,CT,CG,AA,GT,TT,AA,TT,GG,CC,AA,CC,CC,CC,GG,CC,AA,GG,AG,CC,TT,CC,GT,TT,GG,AA,AA,AA,TT,CC,CG,AA,CC,CG,GG,GG,AC,GG,TT,AA,AA,CC,GT,AA,CC,AA,AA,GG,TT,TT,AA,GG,GT,AA,CC,TT,GT,AA,GG,AA,NN,AA,TT,CC,TT,AA,CC,TT,CG,AG,CC,AA,CC,TT,CT,GT,GG,TT,AA,AA,AA,GG,CC,GG,GG,CG,GG,TT,AA,CC,TT,GG,CC,CC,AT,NN,CC,AA,CC,AA,AA,CC,CG,CC,TT,AA,GG,AA,AA,CC,AA,AG,AA,AA,AA,TT,CG,AC,AA,AC,AC,TT,AA,AA,GG,GG,GG,TT,AA,AA,TT,TT,NN,AG,TT,GG,GG,AA,1.19,Susceptible,Low,Poor,Late
L0027,Bengaluru Rural,Karnataka,Kharif,Red Sandy Loam,Rainfed,720,26.0,70,AA,CT,GG,AG,GG,CC,GT,TT,NN,CC,AA,CC,CC,TT,TT,GG,GG,TT,TT,AA,CC,GT,GG,CC,TT,CC,TT,TT,GT,AA,TT,CC,AA,CC,GG,CC,GG,CC,GG,CC,TT,TT,AA,TT,AA,GG,TT,NN,CC,NN,GG,AA,AA,GG,CC,TT,AA,AA,GT,AA,AA,TT,AT,AA,TT,TT,CC,GG,TT,TT,AA,GG,CC,AA,GG,AA,AT,AG,GT,TT,GG,TT,GG,CC,AA,GG,AG,AA,CC,TT,AC,TT,CC,TT,TT,AA,CT,CC,GT,CC,CC,CC,AG,AA,TT,NN,CC,AA,AG,AA,CC,GG,TT,CC,TT,AA,AA,TT,CC,GG,CC,GG,CC,GT,TT,AA,CC,CC,AC,CC,AA,TT,CC,AA,CC,CC,AA,AT,NN,AA,GG,CC,CC,GG,AA,AG,AA,AC,GG,CC,CC,AA,GG,AG,TT,AG,AA,GG,CC,GG,CC,GT,TT,TT,CC,AT,TT,TT,AA,AT,GG,CG,AG,CT,AC,CC,GG,AA,AA,GG,AA,CC,TT,CC,GT,TT,GG,TT,AA,AA,TT,CC,CG,AC,CC,CC,GG,GG,AC,GG,TT,CC,AG,CC,GG,AA,AC,AA,AA,GG,GT,AT,AA,GG,GG,AA,CC,TT,TT,AA,GG,AA,TT,AA,TT,CC,CT,AA,CC,TT,CG,AA,CG,GG,CC,AT,TT,TT,GG,NN,AA,AC,AA,GG,CC,GG,GG,CC,GG,TT,AA,CC,TT,GG,CC,CC,AT,AG,CC,NN,CC,AA,AA,AA,CG,CC,TT,AA,GG,AA,AA,AC,AA,AG,AG,AG,AG,TT,GG,AC,AG,AC,AA,TT,AA,AA,GG,GG,GG,TT,AA,AA,NN,TT,TT,AA,TT,GG,GG,AC,4.33,Resistant,High,Standard,Early
L0028,Bengaluru Rural,Karnataka,Kharif,Red Sandy Loam,Rainfed,720,26.0,70,AC,TT,AG,AA,GG,CC,GG,AT,CC,CC,AA,CC,CG,AT,GT,GG,CG,TT,TT,AA,CC,TT,TT,CC,TT,CC,TT,TT,GG,AA,CT,CC,AG,CC,GG,CG,GG,CC,GG,CC,TT,TT,AA,TT,AA,GG,TT,TT,CC,AC,GG,AA,AA,GG,CC,TT,AT,AA,GT,AC,NN,TT,AT,AA,TT,AT,CC,GG,TT,GT,AA,GG,CC,AA,GG,CC,AA,GG,TT,TT,GG,TT,GT,CC,AA,GG,AA,TT,CC,GG,CC,TT,NN,TT,TT,GG,TT,CC,TT,CC,CT,CG,GG,AA,TT,TT,CG,AA,AG,AA,TT,GG,TT,CC,TT,AA,AA,TT,CC,AG,CG,GG,CC,GG,TT,AA,CT,CC,CC,CC,AA,TT,CC,AA,CC,CT,AA,TT,AA,AT,GG,CT,CC,GG,AA,AA,AA,CC,GT,CC,CC,AA,AG,AG,TT,GG,AC,TT,CT,GG,CC,GT,GT,TT,CG,AA,TT,TT,AT,AT,GG,CC,AA,CT,CC,CC,CC,CC,AA,GG,AG,CC,TT,CC,GT,TT,GG,AT,AA,AA,TT,CC,CG,AC,CC,CC,GG,NN,AC,GG,TT,AA,AA,CC,GG,AA,CC,AA,AA,GG,TT,TT,AA,GG,TT,AT,CC,AT,GT,AA,GG,AA,TT,AA,TT,CC,TT,AA,CC,TT,GG,AA,CG,AG,AC,TT,TT,GG,CG,TT,AA,CC,AA,GG,CG,GG,GG,CC,GG,AT,AA,CC,TT,GG,CC,CC,AA,GG,CC,TT,CC,AA,AA,AC,CC,CC,TT,AA,GG,AA,AA,AC,AA,GG,AG,AA,AA,TT,GG,AC,AA,AC,AA,TT,AA,AA,NN,GG,GG,TT,AA,AA,TT,TT,TT,AA,TT,GG,GG,AA,3.3,Susceptible,Medium,Premium,Medium
L0029,Bengaluru Rural,Karnataka,Kharif,Red Sandy Loam,Rainfed,720,26.0,70,AC,TT,GG,AG,CG,CC,GG,AT,CC,CC,AA,TT,CG,TT,GT,GG,GG,TT,TT,AA,CG,TT,GT,CC,TT,CC,TT,AT,GG,AA,TT,NN,NN,CC,AG,CG,GG,CG,GG,CC,TT,CT,AA,TT,AA,AG,TT,AT,CC,AA,GG,AT,AA,GG,CT,TT,AA,AA,GG,AC,AA,GG,AT,AA,TT,TT,CC,GG,TT,GG,GG,GG,AC,AA,GG,AA,AA,GG,TT,TT,GG,GG,GG,CC,AA,GG,AA,AA,CC,TT,CC,TT,CC,TT,GT,GG,TT,CC,GT,CC,CC,CG,GG,AA,TT,GT,CG,AA,GG,AA,CT,GG,TT,CC,TT,AA,AC,TT,GG,AG,CC,GG,CC,GG,CT,AA,CC,CC,CC,CC,AA,TT,CC,AA,CC,CT,AG,TT,AG,TT,GG,CC,CC,GG,AG,AG,AA,AC,GG,CC,CG,AG,AG,AG,TT,GG,AA,GT,CT,GG,CC,GT,TT,TT,CC,AT,TT,TT,TT,TT,GG,CC,AG,CT,CC,CC,CG,CC,AT,GG,GG,CC,TT,CC,GG,TT,GG,AT,AA,AA,GT,AC,GG,AA,AC,CC,GG,GG,AC,GG,TT,AA,AA,CC,GG,AA,AC,AT,AA,GT,GT,AT,AA,GG,GT,AT,CC,TT,TT,AA,GG,AA,CT,AA,TT,CC,TT,AA,CC,CT,CG,AA,CC,AA,CC,TT,CT,GT,GG,TT,AA,AC,AA,GG,CC,CG,GG,CC,GG,TT,AA,CC,TT,GG,CC,CC,AT,GG,CG,AA,CC,AA,AA,CC,CG,AC,TT,AA,GG,AA,AA,AA,AC,GG,AA,AG,AA,AT,GG,AA,GG,CC,AA,CT,AA,AA,GG,GG,GG,TT,AA,AA,TT,TT,TT,AA,AT,GG,GG,AA,2.0,Moderate,Low,Poor,Early
L0030,Bengaluru Rural,Karnataka,Kharif,Red Sandy Loam,Rainfed,720,26.0,70,AC,TT,AG,AA,GG,CC,GT,TT,NN,GG,AA,CC,CG,TT,GT,GT,GG,TT,TT,AA,CC,GG,GG,CC,TT,CC,GT,TT,GG,AA,TT,CC,AA,CC,GG,CG,GG,CG,GG,CC,TT,CT,AA,TT,AA,GG,TT,TT,CG,AC,TT,AA,NN,CG,CC,TT,AA,AA,TT,AA,AA,TT,TT,AA,CT,AT,CC,GG,TT,GG,AG,GG,CC,AA,GG,CC,TT,GG,TT,TT,GG,GG,GG,CC,AA,GG,AA,AT,CC,TT,CC,TT,CC,TT,TT,GG,NN,CC,GT,CT,CT,CC,AG,AA,TT,TT,CG,AG,AG,AA,CT,GG,TT,CC,TT,AA,AA,TT,CC,AG,CC,GG,CC,GG,TT,AA,CC,CG,CC,CC,AA,TT,CC,AA,AC,CC,AA,AT,AA,AA,GG,CC,NN,GG,AA,AG,AA,CC,GG,CC,CC,AA,AG,GG,TT,GG,AA,TT,TT,GG,AC,TT,TT,TT,CC,AT,GT,TT,AA,AT,GG,CC,AG,CT,CC,CC,CG,CC,AA,GG,AG,CC,TT,CC,GT,TT,NN,TT,AA,AG,TT,AC,CG,AA,CC,CC,GG,GG,CC,GG,TT,AA,AG,CC,GT,AA,AC,AA,AT,GT,GT,AT,AT,GG,GT,AA,CC,TT,TT,AA,GG,AA,TT,AA,TT,CC,TT,AA,AC,TT,GG,AG,CG,AG,AC,AT,CT,TT,GG,TT,AC,CC,AA,GG,CG,GG,GG,CC,GG,AT,AA,CC,TT,GG,CC,CC,AA,AG,CC,AA,CC,AT,AA,AA,CC,AC,TT,AA,CG,AA,AA,AA,AA,AG,AG,AA,AA,TT,GG,AA,AA,AC,AA,CT,AG,AG,GG,GG,GG,TT,AT,AA,TT,TT,TT,AA,TT,GG,GG,AA,6.19,Susceptible,Medium,Poor,Medium
L0031,Bengaluru Rural,Karnataka,Kharif,Red Sandy Loam,Rainfed,720,26.0,70,AA,TT,AG,AA,CG,CC,GG,AT,CC,GG,AA,CC,GG,AT,TT,GG,CG,TT,TT,AA,CC,TT,TT,CC,TT,CC,TT,TT,GG,AA,TT,CC,AA,CC,GG,GG,GG,CG,GG,CC,TT,CT,AA,GT,AA,GG,CT,TT,CC,CC,GG,AT,AG,CG,CC,GT,AA,AA,GG,AA,AA,TT,AT,AA,TT,AT,CC,GG,TT,GG,AA,GG,CC,AG,GG,AC,AA,GG,TT,TT,GG,GG,GT,CC,AA,GG,AA,TT,CC,GT,CC,TT,CC,TT,GT,GG,CT,CC,TT,CC,CC,CC,AG,AA,TT,TT,CG,AA,AG,AA,CC,GG,TT,CG,TT,AA,AA,TT,CG,AG,CC,GG,CC,TT,TT,AA,CC,CC,CC,CC,AA,TT,CC,AA,CC,CC,AA,AT,AG,AT,GG,CT,CC,GG,AA,AA,AA,CC,GG,CC,CC,AA,AA,GG,GT,AG,AC,TT,CT,AG,CC,NN,GT,TT,CG,AT,TT,CT,AA,AT,GG,CC,AA,CC,CC,AC,CG,CC,AA,GG,AA,CC,TT,CC,GG,GT,CG,TT,AA,AA,TT,CC,GG,AA,CC,CC,CG,GG,AA,GG,TT,AC,AA,CC,GG,AA,CC,AA,TT,TT,TT,AA,AT,GG,GG,AT,CC,TT,TT,AA,GG,AA,CT,AC,TT,CC,NN,AA,AC,TT,GG,AA,CC,AG,CC,TT,CT,GG,GG,TT,AC,CC,AA,GG,CC,CC,GG,CG,GG,TT,AA,CC,TT,GG,CG,CC,AA,AG,CG,AA,CC,AA,AA,CC,GG,AC,TT,AA,GG,AA,AA,AA,AA,AG,AA,AA,AA,TT,CG,AA,AA,CC,AC,CT,AA,AG,GG,GG,GG,TT,AA,AG,GT,TT,TT,AG,AT,GG,GG,AA,4.99,Moderate,Low,Premium,Late
L0032,Bengaluru Rural,Karnataka,Kharif,Red Sandy Loam,Rainfed,720,26.0,70,AA,CT,AG,AG,GG,CC,GG,AA,CC,CG,AA,CT,CC,TT,TT,GT,GG,TT,TT,AA,CG,TT,GT,CC,TT,CC,GT,TT,GG,AA,TT,CC,AA,CC,GG,CG,GG,CC,GG,CC,TT,CC,AA,TT,AG,GG,TT,AT,CC,CC,GG,AA,AA,GG,CC,TT,AA,AA,TT,AC,AG,GT,TT,AG,TT,AT,CC,GG,TT,GG,AA,GG,CC,AA,GG,AA,AA,GG,TT,TT,GG,GT,GG,CC,AT,GG,AA,AT,CC,GT,CC,GT,CT,TT,TT,GG,NN,CC,TT,CC,CT,CG,GG,AA,TT,TT,CC,AG,AG,AA,CC,GG,TT,CC,TT,AA,AA,TT,CG,AG,CC,GG,CC,GT,TT,AA,CC,CC,CC,CC,AA,TT,CC,AA,CC,CC,AA,TT,AA,AA,GG,CC,CC,GG,AA,AG,AA,CC,GG,CC,CG,AG,AA,GG,GT,GG,AA,TT,TT,GG,CC,TT,TT,TT,CG,AA,TT,TT,AT,AT,GG,CC,GG,CT,CC,CC,GG,CC,AT,AG,AA,CC,TT,CC,GG,TT,GG,AA,AA,AA,TT,CC,GG,AC,AC,CG,GG,GG,AA,CG,TT,AC,AA,CC,GG,AT,AC,AA,AT,GG,TT,TT,AT,GG,GG,AA,CC,TT,GG,AA,GG,AA,CC,AC,TT,CG,TT,AA,CC,TT,CG,AA,CC,AG,CC,TT,NN,TT,GG,TT,AA,AA,GG,GG,CC,CG,GG,CC,GG,TT,AA,CG,NN,AG,CC,CC,AA,GG,CC,AT,CG,AA,AA,CC,CG,AA,TT,AA,GG,AA,AA,AC,AA,GG,AA,AG,AA,TT,GG,AA,AG,AC,CC,CT,AA,AA,GG,GG,GG,TT,AA,AA,GT,TT,TT,AA,TT,GG,GG,AA,3.85,Susceptible,High,Premium,Late
L0033,Bengaluru Rural,Karnataka,Kharif,Red Sandy Loam,Rainfed,720,26.0,70,AC,TT,NN,AA,GG,CC,GG,TT,CC,CG,AA,CC,CG,TT,TT,GG,CC,TT,TT,AA,CG,GT,TT,CT,TT,CC,TT,TT,GG,AA,TT,CC,AA,CC,GG,CG,GG,CC,GG,CC,TT,TT,AC,GT,AA,GG,CT,NN,CC,CC,GG,AA,AA,GG,CC,GT,AT,CC,GT,AC,GG,GT,TT,AA,TT,TT,CC,GG,TT,GG,AA,NN,CC,AA,AG,AC,AT,GG,TT,TT,GG,GG,GG,CC,AT,GG,AA,AT,CC,GT,CC,TT,CT,TT,TT,AG,TT,CC,TT,CC,NN,GG,AG,AA,AT,TT,CC,AA,AG,AA,CC,GG,GT,CG,TT,NN,AA,TT,CC,GG,CG,GG,CT,TT,TT,AA,CC,CC,CC,CC,AA,GT,CC,AA,CC,CT,AA,TT,AG,AA,CG,CC,CC,GG,AA,AG,AA,CC,NN,CC,CC,AA,AA,GG,TT,GG,AC,GT,CC,AG,CC,TT,TT,TT,CG,AA,TT,TT,AT,TT,GG,CC,AA,CC,AC,CC,GG,CC,AA,GG,AA,CC,TT,CC,GG,GT,GG,AA,AA,AA,TT,AC,GG,AA,CC,CC,GG,GG,AC,GG,TT,AA,AG,CC,GG,TT,CC,AA,AT,GG,TT,AT,AT,GG,GG,AA,CG,AT,GT,AA,GG,AA,CT,AA,TT,CC,CT,AA,CC,TT,CG,AA,CC,AA,AC,TT,TT,GG,CG,TT,AA,AC,AG,GG,CC,CG,GG,NN,GG,AT,AA,CC,TT,GG,CC,CC,AA,GG,CC,AA,CC,AA,AA,CC,CC,CC,TT,AA,GG,AA,AA,AA,AA,AG,AG,AA,AA,NN,CG,AC,AG,CC,AA,TT,AA,AA,GG,GG,GG,TT,AA,AA,GT,TT,TT,AA,TT,GG,GG,AA,4.26,Susceptible,Low,Standard,Late
L0034,Bengaluru Rural,Karnataka,Kharif,Red Sandy Loam,Rainfed,720,26.0,70,AA,TT,GG,AG,CG,CC,GG,TT,CC,CG,AA,CC,CC,AT,GT,GT,CC,TT,TT,GG,CC,TT,TT,CC,TT,CT,GT,TT,GG,AA,TT,CC,AA,CC,GG,GG,GG,CC,GG,CC,GT,TT,AA,GT,AA,GG,TT,AT,CG,AC,GG,AA,AA,GG,CC,NN,AA,AA,GG,AA,AA,TT,AT,AA,TT,TT,CC,GG,NN,GG,AA,GG,CC,AA,GG,AC,AT,GG,GT,TT,GG,GG,GG,AC,AA,GG,AG,TT,CC,TT,CC,TT,CT,AT,TT,GG,CT,CC,GT,CC,CT,GG,AG,AA,TT,TT,GG,AA,AA,AA,CT,GG,TT,CC,TT,AA,AA,TT,CG,GG,CG,GG,CT,TT,CT,NN,CC,CC,CC,CC,AA,TT,CC,AA,AC,CT,AA,TT,AA,AA,GG,CC,CC,GG,AA,GG,AA,CC,GG,CC,CC,AA,AA,GG,TT,AG,AA,GG,CT,GG,AC,TT,TT,CC,CC,AT,TT,TT,AA,AT,GG,CC,AA,CC,CC,AC,CG,AC,AA,GG,AA,CC,TT,CG,GG,TT,GG,TT,AA,AA,TT,CC,GG,AA,CC,CC,GG,GG,AA,CG,TT,AC,AG,CC,GG,AA,CC,AA,AA,GT,TT,TT,AT,GG,GG,AA,CC,TT,TT,AA,GG,AG,TT,AA,TT,CC,TT,CC,CC,TT,GG,AG,CG,AG,CC,TT,CT,GT,GG,TT,AA,AC,AA,GG,CG,CC,GG,CC,GG,AT,NN,CC,TT,GG,CC,CC,AT,GG,CC,AA,CC,AA,AA,AC,GG,AC,TT,AA,GG,AA,AA,AA,AA,AG,AG,AA,AA,TT,CG,AA,AA,AC,AA,CT,AA,AA,GG,GG,GG,TT,AT,AA,GT,TT,TT,AA,TT,GG,GG,AA,2.48,Resistant,Low,Standard,Late
L0035,Bengaluru Rural,Karnataka,Kharif,Red Sandy Loam,Rainfed,720,26.0,70,AA,CT,AG,AG,GG,CC,GG,TT,CC,GG,AA,CC,CG,TT,GG,GT,GG,TT,TT,AA,CC,GT,NN,CC,TT,CC,TT,TT,GG,AA,TT,CT,AG,CC,GG,GG,GG,NN,GG,CC,TT,CT,AA,TT,AA,AG,TT,AA,CC,AC,GT,AA,AG,GG,CT,GT,AA,AC,GG,AC,AA,TT,AT,AG,CT,TT,CC,GG,TT,GG,AA,GG,CC,AA,GG,AC,TT,GG,TT,TT,GG,GG,GT,AC,AA,GG,AA,AA,CG,TT,CC,TT,CT,TT,TT,AG,TT,CC,TT,CC,CC,CG,GG,AA,AT,TT,CC,AA,GG,AA,CC,GG,TT,CC,GT,AA,AC,TT,CG,GG,CC,GG,CC,GG,CT,NN,CC,CC,CC,CG,AA,TT,CC,AA,CC,CC,AA,TT,AA,AA,GG,CC,CC,GG,AA,GG,AT,NN,NN,CC,CC,AG,AA,AG,TT,GG,AC,TT,TT,GG,CC,GT,TT,TT,CG,AA,GT,CT,AA,TT,GG,CC,AA,CT,CC,CC,GG,CC,AA,GG,NN,CC,TT,CC,GG,GT,GG,AT,AA,AA,TT,CC,GG,AC,AC,CC,GG,GG,AA,GG,TT,AA,AA,CC,GG,AA,CC,AA,AT,GG,TT,TT,AA,GG,GG,AT,CC,AT,TT,AA,GG,AA,TT,AA,TT,CC,TT,AA,CC,CT,CG,AA,CC,AG,CC,AT,CC,GT,GG,TT,AA,AC,AA,GG,CC,CG,GG,CC,GG,AT,AA,CC,GT,AG,CC,CC,AA,GG,CC,AT,CC,AA,AA,AA,CC,AC,TT,AA,GG,AA,AC,CC,AA,GG,AG,AG,AA,TT,GG,AC,AG,CC,AA,CT,AA,AA,GG,AG,GG,TT,AA,AA,TT,TT,TT,AG,TT,GG,GG,AC,2.36,Resistant,Low,Standard,Early
L0036,Bengaluru Rural,Karnataka,Kharif,Red Sandy Loam,Rainfed,720,26.0,70,CC,TT,AG,AA,GG,CC,GT,TT,CC,CG,AT,CT,CG,AT,TT,GG,GG,TT,TT,AG,CC,TT,TT,CT,TT,CC,GT,TT,GG,AA,TT,CT,AA,CC,GG,GG,GG,CC,GG,CC,TT,CT,AA,TT,AA,GG,TT,TT,CC,AC,GG,AA,NN,GG,CC,GT,AA,AC,GT,AA,AA,TT,AT,AG,CT,TT,CC,GG,TT,GG,AG,GG,CC,AA,GG,AA,AT,GG,TT,NN,GG,GT,GG,CC,AA,GG,AA,AT,CC,GG,CC,TT,CC,TT,GT,AG,CT,AC,GT,CC,CC,CC,AG,AA,TT,TT,CC,AA,AA,AC,CC,GG,GT,CC,GT,AC,AA,TT,CC,AG,CC,GG,CC,GG,TT,AA,CT,CC,AC,CC,AA,TT,CC,AA,CC,CT,AA,TT,AA,AA,GG,CC,CC,GG,AA,AG,AA,AC,GG,CC,CC,AA,AA,GG,TT,AG,AC,TT,CT,GG,AC,GT,TT,CT,CG,AA,GG,CT,AA,TT,GG,CC,AG,TT,CC,AC,GG,CC,AA,GG,AG,CC,TT,CC,GG,GG,CG,AT,AA,AA,NN,CC,GG,AA,CC,CC,GG,GG,AA,GG,TT,AA,AG,GG,GG,AA,AA,AT,AT,GG,TT,TT,AT,GG,TT,AA,CC,TT,TT,AA,GG,AA,TT,AA,TT,CC,TT,AC,CC,TT,CG,GG,CG,AG,CC,TT,TT,GT,GG,TT,AC,AA,AA,GG,CC,CG,GG,CC,GG,TT,AA,CG,GT,GG,CC,GG,AA,GG,CG,AT,CC,AT,AG,AC,CG,AC,TT,AA,GG,AA,AA,AC,AA,AG,GG,AG,AA,TT,CC,AA,AG,AC,AC,NN,AG,AA,GG,GG,NN,TT,AA,GG,TT,TT,TT,GG,TT,GG,GG,AA,3.16,Susceptible,High,Standard,Medium
L0037,Bengaluru Rural,Karnataka,Kharif,Red Sandy Loam,Rainfed,720,26.0,70,AA,TT,AG,GG,CG,CC,GG,TT,NN,CC,AA,CC,CC,TT,TT,GG,GG,TT,TT,NN,CG,GT,TT,CT,TT,CC,GT,TT,GG,AA,CT,CC,AA,CC,GG,CG,GG,CC,GG,CC,GT,TT,AC,TT,AA,GG,TT,TT,CC,AC,GG,AA,AG,GG,NN,TT,TT,CC,GG,AA,AA,GT,TT,AG,CT,TT,CC,GG,TT,GT,AA,GG,CC,AG,AG,AA,AT,GG,TT,TT,GG,GT,GT,CC,AA,GG,AA,AA,CC,GG,CC,TT,CC,TT,TT,GG,TT,CC,GT,CC,CC,CG,AG,AA,TT,TT,CG,AA,AG,AA,NN,GG,TT,CC,GT,AA,AA,TT,CC,AG,CG,GG,CC,GT,CT,AG,CT,CC,CC,CC,AA,TT,CC,AA,CC,CT,AA,TT,AA,AA,GG,CC,CC,GG,AA,AA,AA,CC,GG,CG,CG,AA,AA,NN,GG,GG,AC,TT,TT,AG,CC,GT,TT,TT,CG,AA,TT,CT,TT,TT,CG,CC,AG,CC,CC,CC,CG,CC,AA,AG,AA,CC,TT,CC,GG,TT,CG,TT,AA,AG,TT,CC,CG,AA,CC,CC,CG,GG,AA,GG,TT,AC,AA,CC,GG,AA,CC,AA,AT,GG,TT,AT,AT,GG,GG,NN,CG,AT,GT,AA,GG,AA,CT,AA,TT,CC,TT,AA,AC,CT,GG,AA,CC,AG,CC,AT,TT,TT,GG,TT,AA,CC,AG,GG,CC,CC,GG,CC,GG,TT,AG,CC,TT,GG,CC,CC,AA,AG,CC,AA,CC,TT,AA,AC,CC,CC,TT,AA,GG,AA,AA,AA,AC,AG,AG,AA,AA,TT,CG,NN,AG,AC,AA,CC,AA,AA,GG,GG,GG,TT,AT,AA,TT,TT,TT,AA,TT,GG,GG,AA,4.22,Moderate,Low,Premium,Early
L0038,Bengaluru Rural,Karnataka,Kharif,Red Sandy Loam,Rainfed,720,26.0,70,AC,TT,GG,AA,GG,CC,GG,TT,CG,CG,AT,CC,CC,TT,NN,GG,CG,TT,TT,AG,CG,TT,GT,CC,TT,CC,TT,TT,GG,AA,TT,CC,AA,CC,GG,GG,GG,CC,GG,CC,TT,TT,AA,GG,AG,GG,TT,TT,CC,AC,GT,AA,AA,GG,CT,TT,AA,AC,GG,AA,AG,TT,AT,AG,TT,AT,CT,GG,TT,GG,AG,GG,CC,AA,GG,AA,AA,GG,TT,TT,AG,TT,GG,CC,AT,GG,AA,AA,CC,TT,AC,TT,CT,TT,GT,AG,TT,CC,TT,CT,CT,CG,AA,AA,AT,TT,CC,AA,AG,AA,CC,GG,GT,CC,TT,AA,NN,TT,CC,GG,CC,GG,CC,GG,TT,AA,CT,CC,CC,CC,AA,TT,AC,AA,CC,CC,AA,TT,AA,AA,GG,CC,CC,GG,AA,AG,AA,CC,GT,CC,CC,AA,GG,GG,TT,AG,AA,TT,CT,GG,AC,TT,TT,TT,CG,AA,GT,TT,AT,TT,GG,CC,AG,CT,CC,CC,CG,CC,AA,GG,AA,CC,TT,CC,GG,GT,CG,TT,AA,AA,TT,AC,CG,AA,CC,CC,GG,GG,AA,GG,TT,AC,AA,CC,GG,AA,CC,AA,AT,GG,TT,TT,AA,GG,GT,AA,CG,TT,TT,AA,GG,AA,TT,AA,TT,CC,TT,AA,AC,CT,GG,AG,CG,AG,CC,AT,CT,GT,GG,TT,AC,CC,AA,GG,CC,CG,GG,CC,GG,AT,AA,CC,TT,GG,CC,CC,AT,AG,CG,AA,CC,AT,AA,AC,CC,CC,TT,AA,GG,AA,AA,AC,AA,GG,AA,AA,AA,TT,CG,AA,AG,AC,AA,CT,AA,AA,GG,GG,CG,TT,AT,AA,GT,TT,TT,AA,TT,GG,CG,AA,2.19,Susceptible,High,Standard,Late
L0039,Bengaluru Rural,Karnataka,Kharif,Red Sandy Loam,Rainfed,720,26.0,70,AA,TT,GG,AA,CG,CC,GG,TT,CC,GG,AA,CT,CG,AT,TT,GG,GG,TT,AT,AG,CC,TT,NN,CC,TT,CC,TT,TT,GT,AA,TT,CC,AA,CC,GG,GG,GG,NN,GT,CC,TT,CT,AA,TT,AA,AG,CT,TT,CC,AC,GG,AT,AA,GG,CT,GT,AA,AC,GT,AA,NN,TT,AT,AA,TT,TT,CC,GG,TT,GT,AG,GG,CC,AA,GG,AC,AT,NN,TT,TT,GG,GG,GG,AC,AA,GG,AA,AT,CC,NN,CC,TT,CC,TT,TT,GG,TT,CC,GT,CC,CC,CC,GG,AA,TT,TT,CC,AG,AG,AA,CC,GG,TT,CC,TT,AA,AC,TT,CC,AA,CC,GG,CC,GG,TT,AG,CC,CC,CC,CC,AA,TT,CC,AA,CC,CC,AA,TT,AA,AA,GG,CC,CG,GG,AA,GG,AA,NN,GG,CG,CC,AA,AG,GG,GT,GG,AC,TT,TT,GG,CC,TT,TT,CT,CC,AT,TT,TT,AT,TT,GG,NN,AG,CC,CC,CC,GG,CC,AA,GG,AA,CC,NN,CG,GT,TT,GG,AT,AA,NN,TT,CC,GG,AC,AC,CC,GG,GG,AC,GG,TT,AA,AA,CC,GT,AA,AC,AA,AT,GG,TT,AT,AA,GG,TT,AT,CC,TT,GT,AA,GG,AA,TT,AA,TT,CC,TT,AC,CC,TT,CG,AA,CC,AG,CC,TT,TT,GG,GG,TT,NN,NN,AA,GG,CC,CC,GG,CG,GG,TT,AG,CC,GT,GG,CC,CC,AT,GG,CG,AA,CC,AA,AA,CC,CC,CC,TT,AG,GG,AA,AA,AA,AA,AG,AG,AA,AA,TT,GG,AA,AG,AC,AA,CT,AA,AA,GG,AG,GG,TT,AA,AA,TT,TT,TT,AG,AT,GG,NN,AA,4.2,Susceptible,Low,Poor,Medium
L0040,Bengaluru Rural,Karnataka,Kharif,Red Sandy Loam,Rainfed,720,26.0,70,AC,TT,GG,GG,GG,CC,GT,AT,CC,CC,AT,CT,CG,AT,GT,GG,CG,TT,TT,AA,CG,GG,TT,CC,TT,CC,GT,TT,GG,AA,TT,CC,AA,CC,GG,CG,GG,CC,GG,CC,TT,CT,AC,GT,AG,AA,TT,AT,CC,AA,TT,AT,AA,GG,CC,TT,AA,AA,TT,AA,AA,TT,TT,AG,TT,TT,CC,GG,NN,TT,AA,GG,CC,AA,AG,AA,AT,GG,TT,TT,GG,GT,NN,NN,AT,GG,AA,AA,CC,GT,CC,TT,CT,TT,GT,GG,TT,CC,TT,CC,CT,CC,GG,AA,TT,TT,CC,AA,AA,AA,CC,GG,GT,CC,TT,AC,AA,TT,CC,AG,CC,AG,TT,NN,TT,AA,CC,CC,CC,CC,AA,GT,CC,AA,CC,CC,AA,TT,AA,AT,GG,CC,CC,GG,AA,AA,AA,CC,GT,NN,CC,AA,AG,GG,GT,GG,AA,GT,CT,GG,AA,GT,TT,TT,CC,AT,GT,TT,AA,AT,GG,CC,AG,CC,AC,CC,CG,CC,AA,GG,AA,CC,TT,CC,GG,GT,CG,TT,AA,AA,TT,AC,CG,NN,CC,CC,GG,AG,AA,GG,TT,CC,AA,CC,GG,AT,CC,AA,AA,GG,GT,AT,AA,CG,GG,TT,CC,TT,GG,AA,GG,AA,CT,AA,NN,CG,TT,AA,CC,CT,CG,AA,CC,AG,CC,AT,CT,GT,GG,TT,AA,AC,AG,GG,CC,CC,GG,CC,GG,AT,AA,CG,GT,GG,CC,CC,AT,GG,CG,AT,CC,AA,AA,CC,CG,AC,AT,NN,GG,AA,AA,AA,AA,GG,GG,AG,AA,TT,GG,AA,AA,AC,AA,CC,AG,AA,GG,GG,GG,TT,AA,AA,TT,TT,AT,AA,AT,GG,GG,AA,2.36,Susceptible,Medium,Poor,Early
L0041,Bengaluru Rural,Karnataka,Kharif,Red Sandy Loam,Rainfed,720,26.0,70,AC,TT,AG,AG,CG,CG,GG,TT,CC,CG,AT,TT,CG,TT,GT,GT,CC,TT,TT,AA,CC,TT,GT,CC,AT,CC,GT,TT,GG,AA,TT,CC,AA,CC,GG,GG,GG,CG,GG,CC,TT,CT,AC,GG,AA,AA,TT,TT,CC,AA,GT,AA,AA,CG,CC,TT,AT,AA,GT,AA,AA,TT,TT,AG,TT,TT,CC,GG,TT,GG,AA,GT,CC,AA,GG,AC,AT,GG,TT,TT,GG,TT,GG,CC,AA,GG,AA,AA,CC,TT,CC,TT,CC,AT,GT,GG,TT,CC,TT,CC,CC,CC,AA,AA,AT,TT,CC,AA,AG,AC,CC,GG,TT,CC,TT,AA,AA,TT,CC,AG,CC,AG,CC,GG,CT,AA,CC,CC,CC,CC,AA,TT,CC,AA,CC,CT,AA,TT,AG,AT,GG,CT,CC,GG,GG,AG,AA,CC,NN,CC,CG,AA,AG,GG,TT,AG,AA,GG,CT,GG,AC,TT,GT,CC,CC,AT,TT,TT,AA,TT,GG,CG,AA,CC,CC,CC,GG,CC,AA,GG,AA,CC,TT,CC,GG,TT,GG,AT,AA,AA,TT,CC,GG,AA,CC,CC,GG,GG,AA,GG,TT,AA,AA,CG,GG,AA,CC,AA,AA,GT,TT,AT,AA,GG,GG,AA,CG,AT,GT,AT,GG,AA,CT,AA,TT,CC,TT,AA,AC,TT,GG,AA,CC,AA,CC,TT,TT,TT,GG,AT,AA,CC,AG,GG,CC,CC,GG,CC,GT,TT,AA,CG,GT,GG,CG,CG,AA,GG,CC,AA,CC,AA,AA,AC,GG,CC,TT,AA,GG,AT,AC,AA,AC,AG,AG,AA,AA,TT,GG,CC,AA,AC,AA,CT,AA,AA,CG,GG,CG,TT,AA,AG,TT,TT,TT,AG,TT,GG,GG,AC,2.97,Moderate,Low,Poor,Medium
L0042,Bengaluru Rural,Karnataka,Kharif,Red Sandy Loam,Rainfed,720,26.0,70,CC,TT,GG,AG,GG,CC,GT,TT,CC,CC,AA,CC,CC,AT,TT,GG,GG,TT,TT,AA,CC,TT,GG,CC,TT,CC,TT,TT,GT,AA,TT,CT,AA,CC,GG,GG,GT,CC,NN,CC,GT,TT,AA,TT,AA,GG,TT,TT,CC,AC,GT,AA,AA,GG,CC,GT,AA,AC,GT,AA,AA,TT,TT,AA,TT,TT,CC,GG,TT,GG,AA,GG,CC,AG,GG,AC,AT,GG,TT,TT,GG,GG,GG,CC,AA,GG,AG,AA,CC,GT,CC,TT,CC,TT,GT,GG,TT,CC,TT,CC,CT,CG,AG,AA,TT,TT,CC,AA,AG,AA,CC,GG,TT,CC,TT,AC,AA,TT,CG,AG,CC,GG,CC,GG,TT,AG,CC,CC,CC,CC,AA,TT,CC,AA,CC,CC,AA,TT,AA,AA,GG,CC,CC,GG,AA,AA,AA,AC,GT,CC,CC,AA,AG,GG,TT,GG,AC,TT,CT,GG,AC,TT,TT,TT,CG,AT,TT,TT,AA,AT,GG,CC,AA,TT,CC,CC,CG,AC,AA,GG,AA,CC,TT,CC,GG,GT,GG,AT,AA,AA,TT,CC,CG,AC,CC,CC,GG,GG,CC,GG,TT,AA,AA,CC,GG,AA,CC,AA,AA,GT,TT,TT,AT,GG,GG,AA,CG,AT,GT,AT,GG,AG,CT,AC,TT,CG,TT,AA,CC,TT,GG,AG,CG,AA,CC,TT,TT,GG,GG,TT,AC,AC,AA,GG,CG,CC,GG,CC,GG,AT,GG,CG,GT,GG,CC,CC,AA,AG,CC,AA,CC,AA,AA,CC,CC,CC,TT,AG,GG,AA,AC,AA,AA,AG,NN,GG,AA,TT,GG,AA,AG,AC,AA,TT,AA,AA,GG,GG,NN,TT,AT,AA,TT,TT,TT,AA,AT,GG,GG,AC,2.93,Resistant,High,Standard,Early
L0043,Bengaluru Rural,Karnataka,Kharif,Red Sandy Loam,Rainfed,720,26.0,70,AA,TT,AG,AA,GG,CC,GG,TT,CC,CG,AA,CT,CC,TT,GT,NN,CG,TT,AT,AA,CC,TT,TT,CC,TT,CC,TT,TT,GG,AA,TT,CC,AA,CC,GG,GG,GG,CG,GG,CC,GT,TT,AA,GT,AA,AG,TT,AT,CC,CC,GG,AA,NN,GG,CT,TT,AT,AA,GT,AC,NN,TT,TT,AG,CT,AT,CC,GG,TT,GG,AA,GT,CC,AA,GG,AA,TT,AG,TT,TT,GG,GG,GG,CC,AA,GG,AA,AA,CG,TT,CC,TT,CT,AT,TT,GG,CT,CC,TT,CC,CC,CG,AG,AA,TT,TT,CC,AA,AG,AA,CC,GG,TT,GG,GT,AA,AA,TT,CC,GG,CC,GG,CC,GG,TT,AA,CC,CC,CC,CC,AA,TT,CC,AA,CC,CC,AA,AT,AA,AA,GG,CC,CC,GG,AA,AG,AA,CC,GG,CC,CC,AA,AG,AG,GT,AG,CC,TT,CT,GG,NN,TT,GT,TT,CC,AA,GT,TT,AA,AT,CG,NN,AA,CC,CC,CC,GG,CC,AT,GG,AG,CC,TT,CC,GG,TT,GG,AT,AG,AA,TT,AC,GG,AA,CC,CC,GG,GG,AA,CG,TT,AA,AA,CC,GG,AT,AC,AA,AA,GT,TT,AA,AA,GG,TT,AT,CG,AT,GT,AA,GG,AA,CT,AC,TT,CG,NN,AA,CC,TT,GG,AA,CC,AG,CC,TT,TT,GT,GG,TT,AA,CC,AA,GG,CG,CG,GG,CC,GG,TT,AA,CC,GT,GG,CC,CC,AA,GG,CC,AA,CC,AA,AA,CC,CG,CC,AT,AA,GG,AA,AA,CC,AA,AA,AA,AA,AA,AT,GG,AC,AG,AC,AC,TT,AA,AA,GG,AG,GG,TT,AA,AA,TT,TT,TT,AA,AT,GG,GG,AA,5.51,Moderate,Medium,Poor,Medium
L0044,Bengaluru Rural,Karnataka,Kharif,Red Sandy Loam,Rainfed,720,26.0,70,AC,TT,AG,AA,CG,CC,GG,AT,CC,CG,AA,CC,GG,TT,TT,GT,GG,TT,TT,AG,CC,TT,TT,CC,TT,CT,GT,AT,GG,AA,CT,CT,AA,CC,AG,CG,GG,CC,GG,CC,GT,CT,AA,GT,AA,AG,TT,TT,CC,AA,GG,AT,GG,GG,CC,TT,AT,AC,GT,CC,AA,NN,TT,AG,CT,AT,CC,GG,TT,GT,AA,GG,CC,AA,GG,AC,TT,GG,TT,NN,GG,TT,GT,CC,AT,GG,AA,AA,CC,TT,CC,TT,TT,TT,TT,GG,TT,CC,GT,CC,CC,CC,AG,AA,TT,TT,CC,AA,AA,AC,CC,GG,TT,CG,TT,AA,AA,TT,CG,GG,CC,GG,CT,GG,CT,AG,CC,CC,CC,CC,AA,TT,CC,NN,CC,CT,AA,TT,AA,AA,CG,CT,CG,GG,AA,AA,AA,AC,GT,CC,CC,AA,GG,GG,GT,GG,AC,TT,TT,GG,CC,TT,GT,TT,CC,AT,TT,TT,AA,TT,GG,CC,AA,TT,CC,CC,GG,CC,AA,GG,AG,CC,TT,GG,GT,GT,GG,TT,AA,AA,TT,CC,GG,AA,AC,CC,GG,GG,AC,GG,TT,AA,AA,CC,GG,AT,AC,AA,AT,GT,TT,AT,AA,CG,GT,AT,CG,AT,GT,AA,GG,AA,CT,AC,AT,CC,TT,AC,AC,TT,GG,GG,CC,AA,CC,TT,CT,GT,GG,TT,AA,NN,AA,GG,CC,CC,GG,CC,GG,TT,AA,CC,TT,AG,CC,CC,AT,AG,CC,AA,CC,AA,AA,CC,CC,AC,AT,AA,GG,AA,AC,NN,AC,AA,AA,AA,AA,TT,GG,AC,AG,CC,CC,TT,AA,AG,GG,GG,GG,TT,AA,AA,TT,TT,TT,AA,AT,GG,CG,AA,3.75,Resistant,High,Premium,Medium
L0045,Bengaluru Rural,Karnataka,Kharif,Red Sandy Loam,Rainfed,720,26.0,70,AC,TT,GG,AG,GG,CC,GG,TT,CC,CC,AA,CT,CG,AT,TT,GT,GG,TT,TT,AA,CG,TT,TT,CC,TT,CC,TT,TT,NN,AA,TT,CT,AA,CC,GG,CC,GG,CG,GG,CC,TT,TT,AA,TT,AA,GG,TT,TT,NN,AA,GG,AA,AA,GG,CC,TT,AA,AA,GG,AC,AA,TT,TT,AA,TT,AT,CC,GG,TT,GG,AA,GT,CC,AG,GG,AC,AA,GG,TT,TT,GG,GG,GG,CC,AA,GG,AA,AA,CC,TT,CC,TT,CC,AT,TT,GG,TT,CC,TT,CC,CT,CC,AG,AA,TT,TT,CC,NN,AG,AA,CC,GG,GT,CG,TT,AA,AC,TT,CC,GG,CG,AG,CC,GT,TT,AA,CC,CC,AC,CC,AA,TT,CC,AA,CC,CC,AA,TT,AA,AA,GG,CT,CC,GG,AA,AG,AT,CC,GG,CC,CC,AA,AA,GG,TT,GG,AA,TT,CC,GG,AC,TT,TT,TT,CC,AA,TT,TT,AA,AT,NN,CC,AA,CT,CC,CC,CG,CC,AA,GG,AG,AC,TT,CC,GT,TT,CG,TT,AA,AA,TT,CC,GG,AA,AC,CC,GG,GG,AA,GG,TT,AC,AA,CG,GG,TT,AC,AA,TT,GG,GG,TT,AT,CC,GG,AA,CC,TT,TT,AA,GG,AA,TT,AA,TT,CC,TT,AC,CC,TT,CG,NN,CG,AG,CC,TT,CT,TT,GG,TT,AC,CC,AA,GG,CC,CC,GG,CC,GG,TT,AA,CC,GT,GG,CC,CG,AT,AG,CG,AA,CC,AA,AA,CC,CC,AC,TT,AA,GG,AA,AA,AA,AA,AA,AA,AG,AA,TT,CG,AA,AG,CC,AA,TT,AG,AG,GG,GG,GG,GT,AA,AG,TT,TT,TT,AG,AT,GG,GG,AA,3.8,Susceptible,High,Premium,Early
L0046,Bengaluru Rural,Karnataka,Kharif,Red Sandy Loam,Rainfed,720,26.0,70,AA,TT,GG,NN,GG,CC,GG,TT,CC,GG,AA,CT,CG,TT,TT,GG,GG,TT,TT,AA,CC,TT,GT,CC,TT,CC,TT,TT,GG,AA,TT,CC,AA,CC,GG,CG,GG,CC,GG,CC,TT,CT,AC,GT,AA,AG,TT,AT,CC,AA,GG,AA,AG,GG,CC,GT,AA,AA,GT,AA,AA,GT,TT,NN,TT,TT,CC,GG,TT,GG,AA,NN,CC,AA,AG,AC,AA,GG,TT,TT,GG,GG,GT,CC,AA,AG,AA,AT,CC,GT,CC,TT,CC,AT,TT,GG,TT,NN,GT,CC,CT,CG,AG,AA,AT,TT,CC,AA,AA,AA,CC,GG,GT,CC,GT,NN,AA,TT,CG,AA,CC,GG,CC,GG,TT,AA,CC,CC,CC,CC,AA,TT,CC,AA,CC,CC,AA,TT,AA,AA,GG,CC,NN,GG,AA,AG,AA,CC,GG,CC,NN,AA,AG,GG,TT,NN,AC,GG,TT,AG,AA,TT,GT,TT,CC,AA,TT,TT,AT,AA,GG,CC,AA,CT,NN,CC,CG,CC,AA,GG,AA,CC,TT,CC,GT,TT,GG,TT,AA,AG,TT,CC,GG,AA,CC,CC,GG,GG,AC,GG,TT,AC,AA,CC,GT,AA,CC,AA,AT,GG,TT,TT,AT,GG,GG,AT,CC,TT,GT,AA,GG,AA,CT,AA,TT,CC,CC,AC,CC,CT,GG,AA,CC,NN,CC,AT,CT,GT,GG,TT,AC,CC,AA,GG,CC,CC,CG,CC,GG,AT,AA,CC,TT,GG,CC,CC,AA,GG,CC,AA,NN,AA,AA,CC,CG,AA,TT,AA,GG,AA,AC,AC,AA,AG,AA,AA,AA,AT,GG,AA,AA,AC,AA,CT,AA,AA,CG,GG,GG,GT,AA,AA,TT,TT,TT,GG,TT,GG,GG,AA,1.32,Susceptible,High,Poor,Early
L0047,Bengaluru Rural,Karnataka,Kharif,Red Sandy Loam,Rainfed,720,26.0,70,AA,CT,GG,AA,GG,CC,GG,AT,CC,CG,AA,CC,CG,TT,TT,GG,CG,TT,TT,GG,CC,TT,GT,CC,TT,CC,TT,TT,NN,AA,CC,CT,AA,CC,GG,GG,GG,CC,GG,CC,TT,TT,AA,TT,AG,AG,TT,NN,CC,AC,GG,AT,AG,GG,CC,TT,AT,AC,GT,AA,AA,GT,TT,AA,TT,TT,CC,GG,TT,GT,GG,GT,AC,AA,GG,AC,AA,GG,TT,TT,GG,GG,GT,CC,AA,GG,AA,AT,CC,GT,AC,TT,CT,TT,GT,GG,TT,CC,TT,CT,CC,CG,AG,AG,TT,TT,CC,AA,AA,AA,CC,GG,TT,CC,GT,AC,AA,TT,CG,GG,CC,GG,CC,GT,CT,AG,CC,CC,CC,NN,AA,GT,CC,AA,CC,CC,AA,TT,AA,TT,GG,NN,CC,GG,NN,GG,AA,CC,GT,CC,CC,AA,AG,GG,GT,AG,AA,TT,TT,GG,CC,GG,TT,TT,CC,AT,GT,CT,AA,NN,GG,CC,AA,CC,CC,CC,GG,CC,AT,GG,AA,CC,GT,CG,GT,TT,GG,AT,AA,AG,TT,CC,GG,AC,AC,CG,GG,GG,AC,CG,TT,AA,AA,CG,GG,AT,AC,AA,AA,GG,TT,TT,AA,GG,GT,AA,CC,AT,GT,AA,GG,AA,TT,AA,TT,CC,TT,AC,CC,CT,GG,AG,CG,AG,CC,TT,TT,GT,NN,TT,AC,AC,AA,GG,CC,CG,GG,CC,GG,AT,AA,CC,TT,AG,CC,CG,AT,GG,CC,AT,CC,AA,AA,NN,CC,CC,TT,AA,GG,AA,AA,AC,AA,AG,AG,AA,AA,TT,GG,AA,AA,CC,AC,CT,AA,AA,GG,AG,GG,TT,AT,AA,GT,TT,TT,AA,TT,GG,GG,AA,4.41,Susceptible,Low,Standard,Medium
L0048,Bengaluru Rural,Karnataka,Kharif,Red Sandy Loam,Rainfed,720,26.0,70,AA,TT,AG,AG,GG,CC,GT,TT,CC,CC,TT,CC,CG,AT,GT,GT,GG,TT,TT,AA,CC,GT,GT,CT,TT,CC,TT,TT,GG,AA,TT,CC,AA,CC,GG,CG,GG,GG,GG,CC,TT,CT,AA,TT,AA,AG,TT,AT,CC,AC,GG,AA,AA,GG,CT,GT,AA,AC,GG,AA,AG,TT,AT,GG,CT,TT,CC,GG,TT,GG,AA,GG,CC,AA,GG,AC,AA,GG,TT,TT,GG,GG,GT,CC,AA,GG,AA,AA,CC,GT,CC,TT,CC,TT,TT,GG,CT,CC,GG,NN,CC,CG,AA,AA,AT,NN,CC,AA,AG,NN,CT,GG,TT,CG,GT,AA,AA,TT,CG,AA,CC,GG,CC,TT,TT,AG,NN,CC,CC,CC,AA,TT,CC,AA,CC,CT,AA,TT,AA,AT,CG,CC,CG,GG,AA,GG,AA,CC,GT,CC,CC,AA,AG,GG,GT,NN,AC,TT,TT,GG,AC,TT,GT,TT,CC,AA,GT,TT,AA,TT,CG,CC,AA,CT,CC,CC,CG,AC,AA,GG,AG,CC,TT,CC,GT,TT,GG,AA,AA,AA,TT,CC,GG,AA,AC,CG,GG,GG,AA,CG,TT,AA,AA,CC,GG,AA,CC,AT,AT,GG,GT,TT,AT,GG,GT,AT,CC,TT,GT,AA,GG,AA,TT,AA,TT,CC,CT,AA,AC,CT,GG,AA,CG,AG,AC,TT,NN,NN,GG,TT,AA,CC,AA,GG,CC,CC,GG,CC,GG,TT,AA,CC,TT,AG,CG,CC,AA,GG,CC,TT,CG,AA,AA,AC,CC,AA,TT,AA,GG,AA,AA,AA,AA,AG,AA,AG,AA,TT,GG,AA,AG,AA,AC,TT,AA,AG,GG,GG,GG,TT,AA,AA,TT,TT,TT,AG,AT,GG,GG,AA,3.39,Susceptible,Medium,Poor,Early
L0049,Bengaluru Rural,Karnataka,Kharif,Red Sandy Loam,Rainfed,720,26.0,70,CC,CT,GG,AA,CG,CC,GT,AT,CC,CG,AA,CC,CG,TT,TT,GG,CG,TT,TT,AA,CC,GT,TT,CC,TT,CC,GT,TT,GT,AA,TT,CT,AG,CC,GG,GG,GG,CC,GG,CC,TT,CC,AA,TT,AG,GG,TT,TT,CC,AC,GG,AT,AG,GG,CT,TT,AA,AA,GG,AA,AA,TT,AT,GG,TT,TT,CC,GG,NN,TT,AA,GG,CC,AA,GG,AA,AT,GG,TT,TT,GG,NN,GT,CC,AA,GG,AA,AA,CG,GT,CC,TT,CT,AT,TT,AG,TT,AC,GT,CC,CC,NN,GG,AA,TT,GT,CC,NN,AA,AA,CC,GG,TT,CC,GT,AA,AA,TT,CC,AG,CG,GG,CC,GG,TT,AA,CC,CC,AC,CC,AA,TT,NN,AA,CC,CC,AA,TT,AA,AA,GG,CC,CC,GG,AA,AG,AT,CC,NN,CC,CC,AA,AA,GG,GT,GG,AA,TT,CT,AG,CC,TT,TT,CT,CG,AT,GT,TT,AA,TT,GG,CC,AA,CT,CC,CC,GG,CC,AA,GG,AA,CC,TT,CC,GT,TT,CG,TT,AA,AG,TT,CC,CG,AC,CC,CC,CG,GG,AC,CG,CT,CC,AA,CC,GG,AA,AC,AA,AT,GG,TT,TT,AT,GG,GT,AT,CC,TT,TT,NN,GG,AA,TT,AA,TT,CC,TT,AA,CC,TT,CG,AG,CC,AG,AC,TT,TT,TT,GG,TT,AA,AC,AA,GG,CC,CG,GG,CC,GG,TT,AA,CG,GT,GG,CC,CC,AA,AG,CC,AA,CC,AA,AA,AC,CG,AC,TT,AA,NN,AA,AA,AC,AA,NN,AG,AA,AG,AT,GG,CC,AA,AC,AA,TT,AA,AA,CG,GG,GG,GT,AT,AA,TT,TT,TT,AG,TT,GG,GG,AA,3.04,Susceptible,Low,Premium,Early
L0050,Bengaluru Rural,Karnataka,Kharif,Red Sandy Loam,Rainfed,720,26.0,70,AC,TT,GG,AA,GG,CC,GT,TT,CC,CG,AA,CT,CG,AT,TT,GG,GG,TT,TT,AA,CC,GT,GT,CC,TT,CC,GT,NN,GG,AA,TT,CC,AA,CC,GG,GG,GG,CG,GG,NN,TT,CC,AA,GT,AA,GG,TT,TT,CG,AC,GG,AA,AA,GG,CC,TT,AA,AA,GT,AC,AA,GT,TT,AA,TT,TT,CC,GG,TT,GG,AA,GG,CC,AA,GG,AC,AT,GG,TT,TT,GG,GT,GG,CC,AT,GG,AA,AT,CC,GT,AA,TT,CT,TT,GT,GG,TT,CC,GT,CC,CC,CC,AG,AA,AT,TT,CC,AA,AA,AC,CT,GG,TT,CC,TT,AA,AA,TT,CC,NN,CG,GG,CC,TT,TT,AA,CC,CC,AC,CC,AA,TT,CC,AA,CC,CC,AA,TT,AA,NN,CG,CC,CC,GG,AG,AG,AA,CC,GG,CC,CG,AA,AA,GG,TT,GG,AC,TT,TT,GG,AC,TT,TT,TT,CC,AA,TT,CT,AT,TT,GG,CC,AG,CC,CC,CC,GG,CC,AA,GG,GG,CC,TT,NN,GG,TT,GG,AT,AA,AG,TT,CC,GG,AC,AC,CC,GG,GG,AA,GG,TT,AC,AA,CC,GG,AA,CC,AA,AA,GT,TT,AA,AT,CG,GG,AT,CG,TT,TT,AA,GG,AA,CC,AA,TT,CC,CT,AC,CC,CT,CC,AG,CC,GG,CC,TT,CT,TT,GG,TT,AA,AC,AA,GG,CC,CG,GG,CC,GG,AT,AA,CC,TT,GG,CG,CC,AA,AG,CC,AT,CC,AA,AA,AC,CG,AC,AT,AA,GG,AA,AA,AA,AA,AG,AA,AA,AA,TT,GG,AA,AG,NN,AC,TT,AA,AA,GG,GG,GG,TT,AA,AG,TT,TT,TT,AG,TT,GG,CG,AA,4.51,Susceptible,Medium,Standard,Late
L0051,Bengaluru Rural,Karnataka,Kharif,Red Sandy Loam,Rainfed,720,26.0,70,AC,CT,AG,AA,GG,CC,GG,TT,CC,CG,AT,CC,CG,AT,TT,GG,CG,TT,TT,GG,CG,TT,GT,CT,TT,CC,TT,TT,GG,AA,CT,CC,AA,CC,GG,GG,GG,CG,GG,CC,TT,TT,AA,GT,AA,AG,TT,TT,CC,AC,GG,AA,AA,GG,CC,TT,AA,AC,GG,AC,AA,TT,AA,AA,CT,TT,CC,GG,CC,GG,AA,GT,CC,AA,AA,AA,AT,GG,TT,TT,GG,GG,GG,CC,TT,GG,AA,AA,CC,GT,CC,TT,CC,TT,TT,GG,TT,CC,GT,CC,CT,CC,AG,AA,TT,TT,CC,AA,AG,AA,CC,NN,TT,CC,TT,AC,AC,TT,CG,GG,CC,AG,CC,GG,TT,AA,CC,CC,CC,CC,AA,TT,AC,AA,CC,CT,AA,AT,AA,AA,CG,NN,CC,GG,AG,AA,AA,CC,GG,CC,CC,AG,AG,AG,GT,GG,AC,TT,TT,GG,CC,GT,GT,TT,CC,AT,TT,TT,AA,TT,GG,CC,AA,CC,CC,CC,CG,CC,AA,GG,GG,NN,TT,CC,GT,TT,GG,AT,AA,AA,TT,AC,GG,AA,CC,CC,GG,AG,AC,NN,CT,AC,AG,CG,GG,AA,CC,AA,TT,GT,TT,AA,AA,GG,GG,AA,CG,AT,GG,AA,GG,AA,CT,AA,TT,CC,TT,AC,NN,TT,GG,GG,CC,AG,CC,TT,TT,TT,GG,TT,AA,CC,AA,GG,CC,CG,GG,CC,GG,TT,AG,CC,GT,GG,CG,CC,AA,GG,CC,AA,CC,AA,AA,CC,CC,AC,TT,AA,GG,AA,AA,AC,AA,GG,AA,AA,AA,TT,GG,AA,AA,AC,AA,CC,AA,NN,GG,GG,GG,TT,AA,AA,TT,TT,NN,AA,TT,GG,GG,AA,3.78,Moderate,Low,Standard,Early
L0052,Bengaluru Rural,Karnataka,Kharif,Red Sandy Loam,Rainfed,720,26.0,70,AC,TT,GG,AG,GG,CC,GG,AT,CC,CG,AA,CT,CG,TT,TT,GG,CG,TT,TT,AA,CC,TT,TT,CC,TT,NN,TT,AT,GT,AA,TT,CC,AG,CC,GG,GG,GT,CC,GG,CC,TT,TT,AA,TT,AA,GG,TT,TT,CG,AC,GT,AA,AG,GG,CT,GT,AT,AC,GT,AA,AG,TT,TT,GG,CT,TT,CC,GG,TT,GT,AG,GG,NN,AA,GG,AC,AT,GG,TT,TT,GG,GG,GG,CC,AA,GG,AA,AA,CG,TT,CC,TT,CC,TT,GT,GG,CT,AC,TT,CT,CC,GG,GG,AA,TT,TT,CG,AA,AA,AA,CT,GG,TT,CC,TT,AA,AA,TT,CC,GG,CC,GG,CT,GG,TT,AA,TT,CG,CC,CG,AA,TT,CC,AA,CC,CC,AA,TT,AG,AT,GG,CT,CC,GG,AA,AA,AA,CC,GG,CC,CC,AA,AG,GG,GT,GG,AA,TT,TT,AG,CC,GT,TT,CC,CC,AT,TT,TT,AA,TT,GG,CC,AA,NN,AC,CC,CG,CC,AA,GG,AA,CC,TT,CC,GT,GT,CG,AT,AA,AA,TT,CC,CG,AA,CC,CC,GG,GG,AA,GG,TT,AA,AG,CC,GG,AA,CC,AT,AT,GG,TT,AT,AT,CG,GT,AT,CG,NN,GT,AA,GG,AA,CT,AA,TT,CC,TT,AC,CC,TT,GG,AA,CC,GG,CC,TT,CT,GT,GG,TT,AC,AC,AG,GG,NN,CC,GG,CC,GG,AT,AG,CG,TT,GG,CC,CC,AA,AG,CG,AT,CC,AT,AA,AC,CC,AA,TT,AA,GG,AA,AA,CC,AA,AG,AG,AA,AA,TT,GG,AA,AA,CC,AA,TT,AA,AA,GG,GG,GG,TT,AA,AA,TT,TT,TT,AA,TT,GG,GG,AA,6.62,Susceptible,High,Standard,Early
L0053,Bengaluru Rural,Karnataka,Kharif,Red Sandy Loam,Rainfed,720,26.0,70,AC,TT,AG,AG,CG,NN,GT,AT,CC,CG,AA,CC,CC,TT,TT,GT,CG,TT,TT,AA,CC,TT,TT,CC,AT,CC,TT,TT,GG,AA,TT,CC,AA,CC,GG,GG,GG,CC,GG,CC,TT,CC,AC,TT,AG,GG,TT,TT,CC,AA,GG,AT,AA,GG,CC,TT,AT,AA,GT,AA,AA,GT,AT,AA,TT,TT,CC,GG,TT,GT,GG,GG,AC,AA,AA,AC,AA,GG,TT,TT,GG,GT,GT,CC,AA,AG,AA,AA,CC,GT,CC,TT,CC,AT,GT,AG,CT,CC,TT,CC,CT,CC,AA,AA,TT,TT,CC,AA,AA,AC,CC,GG,TT,NN,TT,AA,AA,TT,CG,GG,CC,AG,CC,GG,TT,AA,CC,CC,CC,CC,AA,TT,CC,AA,CC,CC,AA,TT,AA,AA,GG,CC,CC,GG,AA,AA,AA,CC,GG,CC,CC,AA,NN,AG,TT,GG,AC,GT,CC,GG,AA,TT,GT,TT,CG,AA,TT,TT,AA,TT,GG,CC,AG,CC,CC,CC,CG,CC,AA,GG,AA,CC,TT,GG,GG,TT,CG,AT,AA,AG,TT,CC,GG,AA,CC,CC,GG,AG,AA,GG,TT,NN,GG,CG,GG,AA,CC,AA,TT,GT,TT,AA,AA,GG,GT,AT,CC,AT,GT,AA,GG,AA,CT,AC,TT,CG,TT,AA,CC,TT,GG,AA,CC,AG,CC,TT,TT,GG,GG,TT,AC,CC,AA,GG,CC,CC,GG,CC,GG,AT,AG,CG,TT,GG,CC,CC,AA,GG,CC,TT,CC,AA,AA,AC,CC,AA,TT,AA,CG,AT,AA,AC,AA,AA,AA,AA,AA,TT,GG,AC,AA,CC,AA,CT,AA,AG,GG,GG,GG,TT,AA,AG,TT,TT,AT,AA,AA,GG,CG,AA,4.3,Susceptible,Medium,Poor,Early
L0054,Bengaluru Rural,Karnataka,Kharif,Red Sandy Loam,Rainfed,720,26.0,70,AC,TT,GG,GG,CG,CC,GG,AT,CC,CG,AA,CC,CC,AT,TT,GG,GG,TT,TT,AA,CC,TT,TT,CC,TT,CC,TT,AT,GT,AC,TT,CT,AA,CC,GG,GG,GG,CG,GG,CC,TT,CT,AA,TT,AG,AG,TT,AT,CC,AC,GG,AA,AA,GG,CC,GT,AA,AC,GG,AC,AG,TT,AT,AG,TT,AT,CC,NN,TT,GG,AG,GG,CC,AA,AG,AC,TT,GG,TT,TT,GG,GT,GG,CC,AA,GG,AA,AA,CC,GT,CC,TT,CC,TT,TT,GG,TT,CC,TT,CC,CT,CC,GG,AG,TT,TT,CC,AG,AA,AA,CC,GT,TT,CC,TT,AA,AA,TT,CC,AG,CG,GG,CC,GG,TT,AA,CC,CC,CC,CC,AA,TT,AC,AA,CC,CC,AA,AT,AA,AA,GG,CC,CC,GG,AG,AG,AA,CC,GG,CC,CG,AA,AA,AG,TT,GG,AC,TT,TT,GG,CC,GT,GT,CT,CC,AA,TT,TT,AT,TT,CG,CC,AG,CC,CC,CC,CG,AC,AA,GG,AA,CC,TT,CC,GG,TT,CG,AT,AG,AG,TT,CC,GG,AA,AC,CG,GG,NN,AC,GG,TT,AA,AA,CG,GG,AA,AC,AA,AA,GT,TT,AT,AA,GG,GT,AA,CC,TT,GT,AA,GG,AG,CT,AA,TT,CC,TT,AA,CC,TT,GG,AG,CC,GG,AC,TT,TT,TT,GG,TT,AA,AA,AG,GG,CC,CG,GG,CC,GG,AT,AG,CC,TT,GG,CC,CC,AT,AG,CC,AA,CC,AA,AA,CC,CC,NN,TT,AA,GG,AA,AA,AC,AA,NN,AG,AA,AA,AA,CG,AC,AA,CC,AA,CT,AA,AA,GG,GG,GG,TT,AA,AA,GG,TT,TT,GG,TT,GG,GG,AA,3.7,Susceptible,Low,Standard,Medium
L0055,Bengaluru Rural,Karnataka,Kharif,Red Sandy Loam,Rainfed,720,26.0,70,AC,TT,GG,AA,CG,CC,GT,TT,CC,CC,AA,CC,CG,AT,TT,GG,GG,TT,TT,AG,CC,TT,GT,CC,TT,CC,NN,TT,GT,AA,TT,CT,AA,CC,GG,GG,GG,CG,GG,AC,GT,CT,NN,TT,AA,GG,TT,TT,CC,AC,GG,AA,AA,GG,CC,TT,AA,AA,TT,AC,AG,TT,AT,AA,TT,AA,CC,GG,TT,GG,AG,GG,CC,AA,AG,AC,AA,GG,TT,NN,GG,GG,GG,CC,AA,GG,AA,AA,CC,TT,CC,TT,CC,TT,TT,GG,TT,CC,TT,CT,CT,CC,AG,AA,TT,TT,CG,AA,AG,AA,CC,GG,TT,CG,TT,AC,CC,TT,CC,GG,CC,GG,CC,GG,CT,AA,CC,CC,CC,CC,AA,TT,CC,NN,CC,CT,AA,AT,AA,NN,GG,CC,CC,GG,AG,GG,AT,CC,GG,CC,CG,AA,AA,GG,GG,GG,AC,TT,CT,GG,CC,TT,GT,TT,CC,AT,TT,TT,AA,TT,GG,CC,AG,CC,CC,CC,CG,CC,AA,AG,AA,CC,TT,CC,TT,TT,GG,TT,AA,AA,TT,CC,CG,CC,AC,CC,GG,GG,AA,GG,TT,AA,NN,CC,GG,AA,AC,AA,AT,GG,TT,AT,AA,GG,TT,AA,CC,TT,GT,AA,GG,AA,TT,AC,TT,CC,NN,AA,AC,TT,GG,AA,CC,AG,CC,AT,TT,GT,GG,TT,AC,AC,AA,GG,CC,CC,GG,CC,GG,AT,AA,CC,TT,GG,CC,CC,AA,GG,CC,AA,CC,AA,AA,AC,CC,AC,TT,AA,GG,AA,AA,AC,AA,AG,AA,AG,AA,TT,GG,AA,AG,CC,AA,CT,AA,AA,GG,AG,GG,TT,AT,AA,GT,TT,TT,AA,AT,GG,GG,AA,3.71,Resistant,Low,Standard,Medium
L0056,Bengaluru Rural,Karnataka,Kharif,Red Sandy Loam,Rainfed,720,26.0,70,AC,TT,GG,AA,GG,CC,GT,AT,CC,CC,AT,CT,CG,TT,TT,GG,GG,TT,TT,AA,CG,GT,GG,CC,TT,CC,TT,TT,GT,AA,CT,CC,AA,AC,GG,GG,GG,CC,GT,CC,TT,CT,AA,NN,AA,GG,TT,TT,CC,AC,GG,AT,AG,GG,CC,GT,AT,AA,TT,AC,AA,TT,TT,AA,CT,TT,CT,GG,TT,GG,AG,GG,CC,AA,NN,AA,AA,GG,TT,NN,GG,GG,GG,CC,AT,GG,AA,AT,CC,GG,CC,GT,CC,TT,TT,GG,CT,CC,GT,CC,CT,CG,AG,AA,TT,TT,CC,AA,AG,AA,CT,GG,TT,CC,TT,CC,AA,TT,CC,GG,CG,GG,CC,GG,CT,AG,CC,CC,AC,CC,AG,TT,CC,AA,CC,CC,AA,TT,AA,AA,GG,CC,CC,GG,AA,AG,AT,CC,GG,CC,CG,AG,AG,GG,TT,GG,AA,TT,TT,GG,AA,TT,TT,TT,CG,NN,TT,TT,AA,AT,GG,CC,AA,CC,AC,CC,CG,CC,AA,GG,AG,CC,TT,CG,GT,TT,GG,TT,AA,AA,TT,CC,GG,AA,CC,CC,GG,GG,CC,GG,TT,AC,AG,CC,GT,AA,AC,AA,NN,GT,TT,AT,AA,CG,TT,AT,CC,TT,GT,AA,AG,AA,TT,AA,TT,CC,TT,AA,CC,TT,CG,GG,CC,AA,CC,TT,TT,GT,GG,TT,AA,AC,AG,GG,CC,CG,GG,CC,GG,AT,AA,CC,TT,GG,CC,CG,AA,GG,CC,NN,CC,AT,AA,AC,CG,AC,AT,AA,GG,AA,AA,AA,AA,AG,AA,AA,AA,TT,GG,AC,GG,CC,CC,TT,AA,AA,GG,GG,GG,TT,AT,AA,TT,TT,TT,AA,AT,GG,GG,AA,3.33,Susceptible,Low,Poor,Early
L0057,Bengaluru Rural,Karnataka,Kharif,Red Sandy Loam,Rainfed,720,26.0,70,AA,NN,GG,AG,GG,CC,GG,TT,CC,CC,AA,CC,CC,TT,GT,GG,GG,TT,TT,GG,CC,GT,TT,CC,TT,CC,TT,TT,GG,AA,NN,CT,AA,CC,NN,GG,GG,CG,GG,CC,TT,TT,AA,GT,AA,GG,TT,TT,CC,CC,GG,AA,AA,GG,CT,TT,AA,AA,GT,AA,AG,TT,AT,AA,TT,TT,CC,GT,TT,GT,AA,GG,CC,AA,GG,AC,AT,GG,TT,TT,GG,GG,GG,CC,AT,GG,AA,AA,CC,TT,CC,TT,CC,TT,TT,GG,TT,AC,GT,CC,CC,CC,AG,AA,TT,TT,CG,AA,AA,AA,CC,GG,TT,CC,GT,AA,AA,TT,CC,AG,CG,AG,CC,GT,TT,AG,CT,CC,CC,CC,AA,TT,CC,AA,NN,CT,AA,TT,AG,AA,GG,CC,CC,GG,AA,NN,AA,AC,GG,CC,CC,AA,AG,GG,TT,GG,AA,TT,TT,GG,CC,TT,TT,TT,CC,AT,TT,TT,AA,TT,GG,CG,AG,TT,CC,CC,GG,CC,AA,GG,AA,CC,TT,NN,TT,TT,GG,AT,AA,AA,TT,CC,CG,AC,CC,CC,GG,AG,AC,GG,TT,AA,AA,CC,GG,AA,CC,AT,AA,GG,TT,AT,AT,GG,GG,AA,CC,TT,GT,AA,GG,AA,TT,AA,TT,CG,TT,AA,CC,TT,CG,AA,CC,NN,AC,TT,TT,GT,GG,TT,AA,CC,GG,GT,CC,CC,GG,CC,GG,AA,AA,CC,GT,GG,CC,CG,AA,GG,CC,AT,CC,TT,AA,CC,CG,AC,AT,AA,GG,AA,AA,AA,AA,GG,GG,AA,AA,AT,GG,AA,AG,AC,AA,CT,AG,AG,GG,AG,GG,GT,AT,AA,TT,TT,TT,AG,AT,GG,CG,AA,3.28,Susceptible,High,Premium,Late
L0058,Bengaluru Rural,Karnataka,Kharif,Red Sandy Loam,Rainfed,720,26.0,70,CC,CT,GG,AA,GG,CC,GT,AT,CC,CG,AA,CC,CG,TT,TT,GG,CC,TT,TT,AA,CG,TT,GG,CC,TT,CC,TT,TT,GG,AA,TT,CC,AA,CC,GG,GG,GG,CG,GG,CC,TT,CT,AA,TT,AA,GG,TT,AT,CC,CC,GG,AA,AA,GG,CC,TT,AA,AA,GT,AC,AA,GT,TT,AG,TT,TT,CC,GG,TT,GT,GG,GG,CC,AA,GG,AC,AT,GG,TT,TT,GG,GG,GT,CC,AA,GG,AA,AA,CC,TT,CC,TT,CC,TT,TT,GG,TT,CC,GT,CC,CC,CC,AA,AA,TT,TT,CC,AA,AG,AA,CT,GG,TT,CG,TT,AA,AA,TT,CC,GG,CC,GG,CC,TT,TT,AA,CC,CG,CC,CG,AA,TT,CC,AA,CC,CC,AA,TT,AG,AA,GG,TT,CC,GG,AA,AG,AA,CC,GG,CC,CC,AA,AA,AG,TT,GG,CC,GT,CT,GG,AC,TT,GT,TT,CG,AT,TT,TT,AT,TT,NN,CC,AG,CC,CC,CC,GG,CC,AA,GG,AA,CC,TT,CC,GG,TT,CG,TT,AA,AA,TT,CC,GG,AA,CC,CC,GG,GG,CC,GG,TT,AA,AA,CC,GG,AT,CC,AA,AT,GG,TT,TT,AA,GG,TT,AT,CC,AT,GG,AA,GG,AA,CC,AA,TT,CC,TT,AA,CC,CT,GG,AG,CC,AA,CC,TT,CT,TT,GG,AT,AC,CC,AA,GT,CC,CG,GG,GG,GG,TT,AA,CC,TT,GG,GG,CC,AT,AG,CC,AA,CC,AA,AA,CC,CC,CC,TT,AA,GG,AA,NN,AA,AA,GG,AG,AA,AA,TT,GG,AA,AA,AC,AA,CT,AA,AG,GG,GG,GG,TT,AA,AG,TT,TT,TT,AA,TT,GG,GG,AA,4.99,Susceptible,Low,Standard,Late
L0059,Bengaluru Rural,Karnataka,Kharif,Red Sandy Loam,Rainfed,720,26.0,70,AC,TT,AG,AG,GG,CG,GT,AT,CC,CC,AA,CC,CC,AT,TT,GG,GG,TT,TT,AA,CC,TT,GT,CC,TT,CC,TT,TT,GT,AA,TT,CC,AA,CC,AG,GG,GG,CG,GG,CC,TT,CT,AA,TT,AA,GG,TT,TT,CC,AC,GT,AA,AA,CG,CC,TT,AA,AA,GT,AC,AA,TT,TT,AG,TT,TT,NN,GG,TT,GT,GG,GT,CC,AA,GG,AA,AA,GG,TT,TT,GG,GG,GT,CC,TT,GG,AA,AA,CG,TT,AC,TT,CT,TT,GT,GG,TT,AC,GT,CC,CC,CC,AG,AG,TT,NN,CC,AA,AA,AA,CT,GG,TT,CC,TT,AA,AC,TT,CC,NN,CC,AG,TT,GT,TT,AA,CC,CC,CC,CC,AA,TT,CC,AA,CC,CC,AA,AT,AG,AA,CG,CC,CC,GG,AG,GG,AA,CC,GT,CC,CC,AA,AG,AG,TT,GG,AA,TT,TT,GG,CC,TT,TT,CT,CG,AA,GT,TT,AA,TT,CC,CC,AG,CT,CC,CC,GG,CC,AA,GG,AA,CC,TT,CC,GG,TT,CG,TT,AA,AA,NN,CC,GG,AC,CC,CC,GG,GG,AC,GG,TT,AA,AA,CC,GT,TT,CC,AA,AA,GT,NN,TT,AT,GG,GG,AT,CG,TT,TT,AA,GG,AA,TT,AA,TT,CC,TT,AA,CC,TT,GG,AG,CC,AG,CC,TT,TT,GT,GG,TT,AA,AC,AG,GG,CC,CC,GG,GG,GG,AT,AA,CG,GG,GG,CC,CC,AA,GG,CC,AT,CC,AA,AA,NN,CC,AC,TT,AA,GG,AA,AA,AC,AA,GG,AG,AA,AA,TT,GG,AA,AA,CC,AA,CT,AG,AA,GG,GG,GG,TT,AA,AA,GT,TT,AT,AA,TT,GG,GG,AA,2.85,Susceptible,High,Standard,Late
L0060,Bengaluru Rural,Karnataka,Kharif,Red Sandy Loam,Rainfed,720,26.0,70,AA,CT,GG,GG,GG,CC,NN,TT,CC,CG,AA,NN,CC,AT,TT,GG,GG,TT,TT,AA,CC,TT,GT,CC,TT,CC,TT,TT,GG,AA,TT,CC,AA,CC,GG,GG,GG,CG,GG,CC,TT,CT,AA,TT,AG,AG,TT,TT,CC,AC,GG,AA,AA,GG,CT,TT,AA,AA,GG,AC,AG,TT,TT,AG,CT,AT,CC,GG,TT,GT,AA,GG,CC,AA,GG,AA,AA,GG,TT,CT,GG,NN,GG,CC,AA,GG,AA,AA,CC,GG,CC,TT,TT,TT,TT,AG,TT,CC,TT,CC,CT,CC,AG,AA,TT,TT,CG,AG,AG,AA,CT,GT,GT,CC,TT,AA,AA,TT,CC,GG,GG,GG,CT,GT,CT,AA,CC,CC,CC,CG,AA,TT,AC,AA,CC,CC,AA,TT,AA,AA,GG,CC,CC,GG,AA,NN,AA,AC,GG,CC,CC,AA,AA,GG,GT,GG,AA,GT,TT,GG,CC,GT,TT,TT,CC,AT,GT,TT,AT,TT,CG,CC,AA,CC,CC,CC,CG,CC,AA,GG,AA,CC,TT,CC,GT,TT,GG,AT,AA,AA,TT,CC,GG,CC,AC,CC,GG,GG,AC,GG,TT,AA,AA,CG,GG,AT,CC,AA,AA,GT,TT,TT,AT,CG,GT,AA,CC,AT,TT,AA,GG,AG,CT,AA,TT,CC,CT,AC,AA,TT,GG,AG,CC,AG,CC,AT,CT,TT,CG,TT,AA,CC,AG,GG,CC,CC,GG,CG,GG,TT,AA,CC,TT,GG,CC,CC,AA,GG,CC,AA,CC,AA,AA,AC,CC,CC,TT,AA,GG,AA,AA,AC,AA,AG,GG,AG,AA,TT,GG,AA,AA,CC,AA,CT,AG,AA,GG,GG,GG,GT,AT,AA,GT,TT,TT,GG,AT,GG,GG,AC,3.81,Resistant,Low,Poor,Late
L0061,Bengaluru Rural,Karnataka,Kharif,Red Sandy Loam,Rainfed,720,26.0,70,AC,CT,GG,AG,GG,CC,GT,NN,CC,CG,AA,CT,CG,AT,TT,GG,CG,NN,TT,AA,CG,TT,GT,CC,TT,CC,TT,TT,GG,AA,TT,CT,AA,CC,AG,GG,GG,CC,GT,CC,TT,CT,AA,GT,AA,AG,TT,AT,CC,CC,GT,TT,AA,GG,CC,GT,AA,AC,GT,AA,AA,TT,TT,AA,TT,TT,CC,GG,TT,GG,AA,GG,CC,AA,AG,CC,AT,GG,TT,TT,GG,GG,GT,CC,AA,GG,AA,AA,CC,GT,AC,TT,TT,TT,TT,GG,TT,CC,TT,CC,CT,GG,AG,AG,AT,TT,CG,AA,AA,AA,CC,GG,TT,CG,TT,AC,AA,TT,CG,GG,CG,GG,CC,GT,TT,AA,CC,NN,CC,CC,AA,TT,CC,AA,CC,CC,AG,TT,AA,AA,GG,CC,CC,GG,NN,AG,AA,AC,GG,CC,CC,AA,AA,AG,TT,GG,AA,GG,CT,AG,CC,TT,TT,TT,CC,AT,GT,TT,AA,TT,GG,CC,AA,CC,CC,CC,GG,CC,AA,GG,AA,CC,TT,CC,GG,TT,GG,AT,AA,AA,TT,CC,CG,AA,AC,CC,GG,GG,CC,GG,TT,AA,AA,CC,GT,AA,AA,AT,AT,GG,TT,TT,AT,GG,GG,AT,CG,AT,GT,AA,GG,AA,TT,AA,TT,CC,TT,AA,CC,CT,CG,AA,CC,NN,CC,TT,TT,TT,GG,TT,AA,AC,AA,GT,CC,CC,GG,CG,GG,AA,AA,CG,TT,GG,CC,NN,AT,GG,CG,AA,CC,AA,AA,CC,CC,AC,AT,AA,CG,AA,AA,AC,AA,AG,AA,AA,AA,TT,GG,AA,AG,CC,AA,CT,AA,AA,GG,GG,GG,TT,AA,AA,GT,NN,TT,AA,TT,GG,GG,AC,3.56,Resistant,Low,Premium,Late
L0062,Bengaluru Rural,Karnataka,Kharif,Red Sandy Loam,Rainfed,720,26.0,70,AA,CT,GG,AG,GG,CC,GG,NN,CC,CG,AT,CC,GG,TT,TT,GG,GG,TT,TT,AG,CG,TT,GT,CT,TT,CC,TT,AT,GG,AA,TT,CC,AA,CC,AG,GG,GG,CC,GG,CC,TT,CC,AA,TT,AG,GG,TT,AT,CC,AC,GG,AA,AG,GG,CC,TT,AA,AA,GG,AC,AA,GT,TT,AA,TT,AT,CC,GG,TT,GG,AA,GG,CC,AA,GG,AC,AT,GG,TT,TT,GG,GG,GG,AC,AA,GG,AA,AA,CC,GT,AC,TT,CC,AT,TT,GG,CT,CC,TT,CC,CT,GG,AA,AA,AT,TT,CC,AA,AG,AA,CC,GG,TT,CC,GT,AA,AA,TT,CC,GG,CC,GG,CC,GT,TT,AA,CC,CC,CC,GG,AA,GT,CC,AA,CC,CT,AA,TT,AG,AT,CG,CC,CC,GG,AA,AA,AA,CC,GG,CC,CC,AA,AG,AG,TT,AG,AA,GT,TT,AG,AC,TT,TT,TT,GG,AT,GT,CT,AA,TT,CC,CG,AA,CC,CC,CC,NN,CC,AT,GG,AA,CC,TT,CC,GG,NN,GG,AT,AA,AA,GT,CC,GG,AA,CC,CC,GG,GG,AC,GG,TT,AA,AA,CC,GG,AA,CC,AA,TT,GG,TT,AT,AT,GG,TT,AT,NN,TT,TT,AA,AG,AA,TT,AA,TT,CC,TT,AA,CC,TT,GG,AG,CC,AG,CC,TT,CC,GT,GG,TT,AA,AC,AG,GG,CC,CG,GG,CC,GG,TT,AA,CC,GT,GG,CC,CG,TT,GG,CC,AA,CC,AT,AA,AC,CC,CC,TT,AA,GG,AA,AC,AC,AA,AG,AA,AA,AA,TT,GG,AA,AA,CC,AA,CT,AA,AG,GG,GG,GG,GT,AA,AA,TT,TT,TT,AG,TT,GG,GG,AA,2.59,Moderate,Low,Poor,Medium
L0063,Bengaluru Rural,Karnataka,Kharif,Red Sandy Loam,Rainfed,720,26.0,70,CC,TT,GG,GG,GG,CG,GG,TT,CC,CG,AA,CC,CC,AT,TT,GG,CG,TT,TT,AA,CC,GT,TT,CC,AT,CC,GT,TT,GG,AA,TT,CC,AA,CC,GG,GG,GG,GG,GG,CC,TT,TT,AC,TT,AG,AG,CT,TT,CC,CC,GG,AA,AA,GG,CC,GT,AT,AA,TT,AA,AA,TT,TT,AG,TT,TT,CC,GG,TT,GT,AG,GG,AC,AG,AG,AA,AT,GG,TT,TT,GG,GG,GG,CC,AA,GG,AA,AA,CC,TT,AC,TT,CT,TT,TT,GG,TT,CC,TT,CC,CC,CG,AA,AA,TT,TT,NN,AA,AA,AC,CC,GG,TT,CC,TT,AC,AC,TT,CC,AG,CC,GG,CC,GG,CT,AG,CC,CC,CC,CC,AA,TT,CC,AA,AC,CC,AA,AT,AA,AA,CG,CT,CC,GG,AA,AA,AA,CC,GG,CC,CC,AA,AG,GG,TT,GG,AA,GT,CT,AG,AC,GT,TT,TT,CC,AA,GT,CT,AT,TT,GG,CC,AA,CT,CC,CC,GG,CC,AA,GG,AA,CC,TT,CC,GT,GT,GG,AT,AA,AA,TT,CC,GG,AA,AC,CC,GG,GG,AC,GG,TT,AC,AA,CC,GG,AA,CC,AA,AT,GG,NN,TT,AA,GG,GG,AT,CC,TT,TT,AA,GG,AA,CT,AA,TT,CC,TT,AA,CC,TT,CG,AG,CC,GG,CC,AT,TT,GG,GG,TT,AC,AC,AA,GG,CG,CG,GG,CC,GG,AT,AA,CC,GT,GG,CC,CC,AA,GG,CG,AT,CC,AA,AG,AA,CC,AC,TT,AA,GG,AA,AA,AC,AA,AG,AG,AG,AA,AT,GG,AA,AG,AC,AA,TT,AA,AA,GG,GG,GG,TT,AA,AA,GT,TT,TT,AA,AT,GG,GG,AC,3.76,Resistant,Low,Poor,Medium
L0064,Bengaluru Rural,Karnataka,Kharif,Red Sandy Loam,Rainfed,720,26.0,70,NN,TT,AG,AA,GG,CC,GG,TT,CC,GG,AA,CC,CC,TT,TT,GG,GG,TT,TT,AA,CC,TT,TT,CC,TT,CC,TT,TT,GT,AA,TT,CC,AA,CC,GG,GG,GG,NN,GG,CC,TT,CC,AA,TT,AA,GG,CT,TT,CC,CC,GG,AA,AG,GG,CT,TT,AT,AA,GT,AA,AA,TT,TT,AA,TT,TT,CC,GG,TT,GG,AG,GG,CC,AA,GG,AA,AA,GG,TT,TT,GG,GG,GG,CC,AA,GG,AA,AA,CC,GT,AC,TT,CC,TT,TT,GG,TT,CC,GT,CT,CT,CC,AA,AA,AA,TT,CG,AA,AG,AA,CC,GG,TT,CC,TT,AA,AA,TT,CG,GG,CC,GG,CC,GT,TT,GG,CT,CC,CC,CC,AA,TT,CC,AA,CC,CC,AA,TT,AA,AT,GG,CC,CC,GG,AA,GG,AT,CC,GG,CC,CG,AA,AG,GG,GT,GG,AC,TT,TT,AG,CC,TT,GT,TT,CC,AT,TT,TT,AA,TT,GG,CC,NN,CT,CC,CC,CG,CC,AA,GG,AA,CC,TT,CC,GG,GT,GG,TT,AA,AG,TT,NN,CG,AC,AC,CC,GG,GG,AA,CC,TT,AA,AA,CC,GG,AA,CC,AA,AA,GG,GT,AA,AT,GG,GG,AA,CC,AA,TT,AA,GG,AA,TT,AA,TT,CC,TT,AC,CC,CT,CG,AG,CC,AG,CC,TT,TT,GT,GG,TT,AA,AC,AG,GG,CC,CC,GG,CG,GG,TT,NN,CC,GT,GG,CC,CC,AA,AG,CC,AT,CC,AT,NN,CC,CC,AC,TT,AA,GG,AA,AC,AC,AA,AA,GG,NN,AA,AT,GG,AC,AG,AA,AA,NN,AA,NN,GG,GG,GG,TT,AA,AG,TT,TT,TT,AA,AT,GG,GG,AA,5.48,Susceptible,High,Premium,Early
L0065,Bengaluru Rural,Karnataka,Kharif,Red Sandy Loam,Rainfed,720,26.0,70,CC,TT,GG,GG,GG,CC,GG,TT,CC,GG,AA,CC,CC,TT,TT,GT,GG,TT,TT,AA,CG,TT,GT,CC,AT,CC,GT,TT,GT,AA,CT,CT,AG,CC,GG,GG,GG,CC,GG,CC,NN,TT,AA,TT,AA,GG,TT,NN,CC,AC,GG,AA,AA,GG,CT,GT,AA,CC,GT,AC,AA,TT,AT,AA,TT,AT,CC,GG,TT,GG,AA,GG,CC,AA,GG,AC,AT,GG,TT,TT,GG,GG,GG,CC,AT,GG,NN,AA,CC,GT,AC,TT,CT,TT,GT,GG,CT,CC,TT,CT,CC,CG,AA,AA,TT,TT,NN,AA,AA,AA,CC,GG,GT,CC,GG,AC,AC,TT,CC,NN,CC,GG,CC,GG,TT,AA,CC,CC,CC,CC,AA,TT,CC,AA,CC,CC,AA,TT,AG,AA,GG,CC,CC,GG,AA,AG,AA,CC,GG,CC,CC,AG,AG,GG,TT,GG,CC,TT,CT,GG,NN,GT,TT,NN,GG,AA,GT,TT,AA,TT,GG,CC,AA,CT,CC,CC,GG,CC,AT,GG,AA,CC,TT,CC,GG,TT,GG,TT,AA,AG,TT,CC,CG,AC,CC,CC,GG,GG,AC,GG,TT,AC,AA,CC,GG,AA,CC,AT,AA,GT,TT,TT,AT,GG,TT,AT,CC,AT,TT,AT,GG,AA,TT,AA,NN,CG,TT,AC,CC,TT,CG,GG,CG,AG,CC,TT,NN,NN,GG,TT,AC,AC,AG,GG,CC,CG,GG,CC,GT,AT,AA,NN,TT,GG,CC,CC,AA,GG,CC,AA,CC,AA,AA,AC,CG,AC,TT,AA,GG,AA,AA,AA,AA,AG,AG,AA,AA,TT,GG,AC,GG,CC,CC,CT,AA,AG,GG,GG,GG,TT,NN,AA,GT,AT,TT,AA,TT,GG,CG,AA,5.94,Susceptible,High,Premium,Medium
L0066,Bengaluru Rural,Karnataka,Kharif,Red Sandy Loam,Rainfed,720,26.0,70,AA,TT,AA,AG,GG,CC,GG,TT,CC,CC,AA,CT,CC,TT,TT,GT,CG,TT,TT,AA,CC,GT,GT,CC,TT,CC,TT,TT,GG,AA,TT,CC,AA,CC,GG,GG,GG,CG,GG,AC,TT,CC,AA,GT,AA,AG,TT,TT,CC,AA,GG,AT,AA,GG,CC,TT,NN,AC,GG,CC,AG,TT,AT,AA,TT,AT,CC,GG,TT,GG,AA,GT,CC,AG,GG,AC,AA,GG,TT,CT,GG,GG,GG,CC,AT,AG,AA,AT,CC,TT,CC,TT,CC,TT,GT,GG,CT,CC,TT,CC,CC,CC,AG,AA,TT,TT,CC,AA,AA,AC,CC,GG,TT,CC,TT,AA,AA,TT,CG,AG,CG,GG,CC,GT,TT,AG,CC,CC,AC,CC,AA,TT,CC,AA,CC,CC,AA,TT,AA,AA,GG,CC,CC,GG,AA,AA,AA,AC,GG,CC,CC,AA,AG,GG,TT,GG,AC,TT,CT,GG,AC,GT,GT,TT,CG,AT,GT,TT,AA,AT,CG,CC,AA,CT,CC,CC,CG,CC,AA,GG,AG,CC,TT,CC,GT,TT,GG,TT,AA,AG,TT,AC,GG,AC,CC,CC,GG,GG,AA,GG,CT,AC,AA,CC,GT,AT,AC,AA,AT,GT,TT,AT,TT,GG,GG,AA,CG,TT,GG,AA,GG,AA,TT,AA,AT,CG,TT,AA,CC,CT,CG,GG,CC,AG,CC,TT,TT,GT,GG,TT,AA,AC,AG,GG,CC,CC,GG,CC,GG,AT,AG,CG,TT,GG,CC,CC,AA,GG,CC,AA,CC,AA,AA,CC,CG,CC,TT,AA,CG,AA,AA,AC,AA,AG,AG,AA,AA,AT,GG,AA,AA,AC,AA,CC,AA,AA,CG,GG,GG,GT,AA,AG,TT,TT,TT,AG,AA,GG,GG,AA,5.88,Resistant,Medium,Standard,Late
L0067,Bengaluru Rural,Karnataka,Kharif,Red Sandy Loam,Rainfed,720,26.0,70,AA,CT,GG,AG,CG,CC,GT,TT,CC,CG,AA,CC,CC,TT,GG,GT,GG,TT,TT,AG,CG,GT,TT,CT,TT,CC,TT,TT,GG,AA,TT,CC,AA,CC,GG,GG,GG,CC,GG,CC,TT,TT,AA,TT,AA,AA,CT,AT,CC,CC,GG,AA,AA,GG,CT,GG,AA,AC,GT,CC,AA,GT,AT,AG,CT,AT,CC,GG,TT,GT,AA,GG,CC,AA,AG,AA,AA,GG,TT,CT,GG,GG,GG,CC,AA,GG,AA,AT,CC,GT,CC,TT,CC,TT,GT,GG,TT,AC,TT,CC,CC,CC,GG,AA,TT,TT,CC,AA,GG,AA,CC,GT,TT,CC,TT,AA,AA,TT,CC,AG,CC,AG,CC,GT,TT,AA,CC,CC,CC,CC,AA,TT,CC,AA,CC,CT,AA,TT,AA,AA,CG,CC,CC,GG,AA,AA,AA,CC,NN,CC,CC,AA,AA,AG,TT,GG,AA,TT,CT,GG,AA,GT,GT,TT,CC,AA,TT,TT,AA,TT,GG,CG,AG,CC,CC,CC,GG,CC,AA,NN,AG,CC,TT,CC,TT,GT,GG,AT,AA,AA,TT,CC,GG,AC,CC,CC,GG,GG,AA,CG,CT,AA,AA,CC,NN,AT,AC,NN,TT,GG,TT,TT,AT,CG,GT,AT,CC,AT,GG,AA,GG,AG,CT,AA,TT,CC,CT,AA,CC,TT,GG,AA,CC,AG,AC,AT,TT,GT,GG,AT,AA,AA,AA,GG,CC,CG,GG,CC,GG,TT,AA,CC,TT,GG,CC,CG,AT,GG,CC,AA,CC,AA,AA,AC,CG,AC,TT,AA,GG,AA,NN,CC,AA,GG,GG,GG,AA,TT,GG,CC,AG,CC,AA,TT,AG,AA,GG,AG,NN,TT,AA,AA,GT,AT,TT,AA,TT,GG,CG,AA,3.56,Moderate,Medium,Poor,Late
L0068,Bengaluru Rural,Karnataka,Kharif,Red Sandy Loam,Rainfed,720,26.0,70,AA,TT,GG,GG,GG,CG,GG,TT,CC,CC,NN,CC,CC,TT,TT,GG,CG,TT,TT,AA,CC,GT,GT,CC,TT,CC,GT,TT,GG,AA,TT,CC,AA,CC,GG,GG,GG,CC,GG,CC,TT,TT,AC,GT,AA,GG,TT,TT,CC,AC,GG,AA,AA,GG,CC,GT,AA,AA,GG,AC,AA,TT,AT,AA,TT,AA,CC,GG,TT,TT,AG,GT,CC,AA,GG,AC,AT,GG,TT,TT,GG,GG,GG,CC,AA,GG,AG,AA,CC,TT,AC,TT,CT,TT,GT,GG,TT,CC,GT,CC,NN,CG,AA,AA,TT,TT,CC,GG,AG,AA,CC,GG,TT,GG,TT,AC,AA,TT,CC,GG,CC,GG,CC,GG,CT,AA,CC,CC,CC,CC,AG,TT,CC,AA,CC,CC,AA,TT,AA,AA,GG,CC,CC,GG,AA,AA,AA,CC,GG,CC,CC,AA,AA,GG,TT,GG,AA,TT,CT,GG,CC,GT,GT,TT,CC,AA,TT,CT,AT,AT,GG,CC,AA,CC,CC,CC,CG,AC,AA,GG,AG,CC,TT,CG,GT,TT,GG,AT,AA,AA,TT,CC,GG,AC,CC,CG,GG,GG,AC,GG,TT,AC,AA,CG,GG,AA,NN,AA,AT,GG,TT,TT,AA,GG,GT,AA,GG,TT,GT,AA,GG,AG,TT,AA,TT,CC,CT,AA,CC,TT,GG,AG,CG,AG,CC,TT,TT,TT,CG,TT,AC,AC,AA,GT,CC,CC,NN,CG,GG,TT,AG,CC,TT,AG,CC,CC,AA,GG,CG,AT,CC,AA,AA,AC,CC,CC,TT,AA,GG,AA,AA,AC,AC,AG,AA,AG,AA,AT,GG,CC,AG,CC,AC,CT,AA,AA,GG,GG,GG,TT,AA,AA,TT,TT,TT,AG,TT,GG,CG,AC,1.87,Resistant,Low,Premium,Late
L0069,Bengaluru Rural,Karnataka,Kharif,Red Sandy Loam,Rainfed,720,26.0,70,AA,TT,GG,AG,CG,CC,GG,AT,CC,CG,AA,CT,CC,TT,TT,GG,GG,TT,TT,AG,CC,TT,TT,CT,TT,CC,GT,AT,GG,AA,TT,CC,AA,CC,GG,CG,GG,CC,GT,CC,TT,NN,AC,TT,AA,AG,CT,TT,CC,AC,GG,AA,AA,GG,CC,GT,AA,AA,NN,AC,AA,TT,TT,AA,CT,AT,CC,GG,TT,GG,AG,GG,CC,AA,AG,AA,AT,NN,TT,TT,GG,GG,GT,CC,AT,GG,AG,AA,CC,TT,AC,TT,TT,AT,GT,GG,TT,CC,GT,CC,CC,CC,GG,AA,AT,TT,CC,AA,AA,AA,CT,GG,TT,CC,GT,AA,AA,TT,CC,GG,CC,AG,CC,GG,TT,AA,CC,NN,CC,CC,AA,GT,CC,AA,CC,CC,AA,TT,AG,AT,GG,CT,CC,AG,AG,AA,AA,AC,GG,CC,CC,AG,AG,GG,TT,GG,AC,TT,CT,GG,CC,GG,TT,CT,CC,AT,GT,TT,AA,TT,GG,CC,AA,NN,CC,AC,GG,AC,AT,GG,AG,CC,TT,CG,TT,TT,GG,AT,AA,AA,TT,NN,GG,AA,CC,CC,GG,GG,AC,GG,TT,AA,AA,CC,GG,AA,CC,AA,AT,GG,TT,AT,AT,GG,TT,AA,CC,TT,TT,AA,GG,AA,CT,AA,TT,CC,TT,AA,AC,CT,CG,AA,CC,AG,CC,TT,TT,TT,GG,TT,AA,AC,AG,GG,CC,CC,CG,CG,GG,AA,AA,CC,GT,GG,CC,CC,AA,AG,CG,AA,CC,AA,AA,AC,CG,AC,AT,AA,GG,AA,AA,AA,AA,GG,GG,AA,AA,TT,GG,AA,AA,CC,AC,CT,AG,AG,GG,GG,GG,TT,AA,AA,GT,TT,TT,AG,AT,GG,GG,AA,2.33,Susceptible,Low,Poor,Late
L0070,Bengaluru Rural,Karnataka,Kharif,Red Sandy Loam,Rainfed,720,26.0,70,AA,TT,GG,AG,GG,CC,GT,TT,CC,CG,AT,CC,CG,TT,TT,GT,GG,TT,TT,AA,CC,TT,TT,CC,TT,CC,TT,TT,GG,AA,CT,CC,AA,CC,GG,GG,NN,CC,GG,CC,TT,CC,AC,TT,AA,GG,TT,TT,CC,AC,TT,AA,AG,GG,CC,TT,AT,AA,GT,AA,AG,GT,TT,AG,TT,TT,CC,GG,TT,GG,AG,GG,CC,AA,AG,AC,AA,NN,TT,CT,GG,GG,GT,NN,AA,GG,AA,AT,CC,TT,NN,TT,CC,AT,GT,GG,TT,CC,GG,CC,NN,CC,GG,AG,AT,TT,CC,NN,AA,AC,CC,GG,TT,GG,TT,AA,AA,AT,CC,AG,CG,GG,CC,GT,TT,AG,CC,CC,CC,CC,AA,TT,CC,AA,CC,CC,AA,TT,AA,AT,GG,CC,CG,GG,AA,AA,AT,NN,GG,CC,CC,AA,AG,GG,GT,GG,AC,TT,TT,AG,AC,GG,GT,TT,CC,AA,GT,TT,AA,TT,GG,CC,AA,TT,CC,CC,GG,CC,AA,GG,GG,CC,TT,CG,NN,TT,GG,TT,AA,AA,TT,CC,GG,AA,AC,CC,GG,AG,AA,GG,TT,AC,AA,CC,GT,AT,CC,AA,AT,GG,GT,TT,TT,CG,TT,AA,CC,TT,TT,AA,GG,AA,TT,AA,TT,CC,TT,AA,CC,TT,GG,AA,CC,AG,AC,TT,TT,GT,GG,TT,AA,CC,AG,GG,CC,CG,GG,CC,GG,TT,AA,CG,GT,GG,CC,CC,AA,GG,CG,AT,CG,AT,AA,AA,CC,CC,AT,AA,CG,AA,AA,AC,AA,AG,AG,AA,AA,TT,GG,AA,AG,AC,AA,TT,AA,AA,GG,GG,GG,TT,AT,AA,TT,TT,TT,AA,AT,GG,CG,AA,2.85,Resistant,High,Standard,Early
L0071,Bengaluru Rural,Karnataka,Kharif,Red Sandy Loam,Rainfed,720,26.0,70,AA,CT,AG,AA,GG,CC,GG,TT,CC,CC,AA,CC,CG,AT,TT,TT,GG,TT,TT,GG,CC,GT,GT,CC,TT,CC,TT,TT,GG,AA,TT,CT,AA,CC,GG,GG,GG,CC,GG,CC,TT,CT,AA,TT,AA,AG,TT,TT,CC,AC,GG,AT,AA,GG,CC,TT,AA,AC,GT,AC,AA,TT,AT,AG,TT,AT,CC,GG,TT,GT,AA,NN,CC,AA,GG,AA,AA,GG,GT,TT,GG,GT,GG,CC,AT,GG,AG,AA,CC,TT,CC,TT,CT,TT,TT,GG,CT,CC,GT,CC,CC,CC,AG,AA,TT,TT,CC,AA,GG,AA,CC,GG,TT,CC,NN,AA,AA,TT,CC,AG,CC,GG,CC,GT,TT,AA,CT,CC,CC,CC,AA,NN,CC,AC,CC,CC,AA,TT,AA,AA,GG,CT,CC,GG,AA,AG,AA,CC,NN,CC,CC,AA,AA,AG,TT,GG,AA,TT,TT,GG,CC,NN,TT,CT,CG,AT,TT,TT,AA,TT,GG,CC,AA,CC,CC,AC,GG,CC,AA,AG,AG,CC,TT,CC,GG,TT,CG,AT,AA,AG,TT,AC,GG,AA,CC,CG,GG,GG,AC,CG,NN,AC,AA,CC,GG,AA,CC,AA,AT,GG,GG,TT,AA,CG,GT,AT,CC,AT,GT,AA,GG,AA,CT,AA,TT,CC,TT,AC,AC,TT,GG,AA,CC,AG,CC,TT,TT,TT,GG,TT,AA,CC,AG,GG,CC,CG,GG,CC,GG,TT,AA,CC,TT,GG,CC,CC,AA,GG,CG,AT,CC,AA,AA,CC,CC,AA,TT,AG,GG,AA,AC,AC,AA,AA,AA,AA,AA,AT,GG,AA,AA,AA,AC,TT,AA,AA,GG,GG,GG,TT,AA,AA,TT,NN,TT,GG,TT,GG,GG,AA,4.71,Moderate,Medium,Standard,Early
L0072,Bengaluru Rural,Karnataka,Kharif,Red Sandy Loam,Rainfed,720,26.0,70,CC,TT,GG,AG,GG,CC,GT,AT,CC,CC,AA,CC,CG,TT,TT,GG,GG,TT,TT,AG,CC,GT,TT,CC,TT,CC,TT,TT,GG,AA,TT,CC,AA,CC,GG,GG,GG,CC,GG,NN,TT,CT,AC,TT,AA,AG,TT,TT,CC,AC,GT,AA,AG,GG,CT,GT,AA,AC,GT,AA,AA,GT,TT,AA,TT,AT,CC,GG,CT,GG,AA,GG,CC,AA,GG,AA,AT,GG,TT,TT,NN,GT,GG,CC,AA,GG,AA,AA,CC,GG,AC,TT,CC,TT,TT,AG,TT,CC,GT,CC,CT,CC,AG,AA,TT,TT,NN,AA,AG,AC,CC,GG,GT,CC,TT,AC,AA,TT,CC,GG,CC,GG,CC,GT,TT,AA,CC,CC,CC,CC,AA,GT,AC,AA,CC,CC,AA,TT,AA,AA,GG,CC,CC,GG,AA,AA,AT,CC,GT,CC,CC,AA,AG,AG,TT,NN,AC,TT,CT,GG,AC,GG,TT,TT,CG,AA,GT,TT,AT,NN,GG,CC,AA,CT,CC,CC,CG,CC,AT,AG,AG,CC,TT,CC,GG,TT,GG,TT,AA,AA,TT,CC,GG,AC,CC,CC,GG,GG,AA,GG,NN,AA,AA,CC,GG,AA,CC,AA,AA,GG,TT,AT,AT,GG,TT,AT,CC,AA,TT,AA,GG,AA,CT,AA,TT,CC,TT,AC,CC,TT,GG,AA,CC,AG,AC,TT,TT,GT,GG,TT,AA,AC,AA,GG,CC,GG,GG,CC,GG,TT,AA,CG,GT,GG,CC,CC,AA,AG,CC,AA,CC,AA,AA,CC,GG,AA,TT,AA,GG,AA,AA,AA,AA,GG,AG,AG,AA,TT,GG,AA,AA,CC,AC,CT,AA,AA,GG,GG,GG,TT,AA,AA,GT,TT,TT,AA,AA,GG,GG,AA,4.42,Moderate,High,Poor,Medium
L0073,Bengaluru Rural,Karnataka,Kharif,Red Sandy Loam,Rainfed,720,26.0,70,AA,TT,GG,AG,GG,CC,GG,AA,CC,CG,NN,CC,CC,TT,GT,GG,CG,TT,TT,AA,CC,GG,TT,CT,TT,CC,TT,TT,GG,AA,TT,CT,AA,AC,GG,CG,GG,CG,GG,CC,TT,CC,AA,TT,AA,AG,TT,TT,CC,AA,NN,AT,AA,GG,CC,TT,AA,AC,GG,AC,NN,GG,AT,AA,TT,TT,CC,GG,TT,GG,AG,GG,CC,AA,GG,AA,AT,GG,TT,TT,GG,GG,GG,CC,AA,GG,AA,AA,CC,TT,CC,TT,CT,TT,TT,GG,TT,CC,GT,CC,CC,CG,AG,NN,TT,GT,CC,AA,AA,AA,CT,GG,TT,CC,TT,AC,AA,NN,CC,AG,CC,GG,CC,GG,CT,AG,CC,CC,CC,CC,AA,TT,CC,AA,CC,CC,AA,TT,AG,AA,CG,CC,CC,GG,AA,AG,AA,AC,TT,CC,CC,AA,GG,GG,GT,GG,AA,TT,TT,GG,CC,TT,TT,TT,CC,AA,TT,CT,AT,TT,GG,CC,AG,CC,CC,CC,CG,AC,AA,GG,AG,CC,TT,CG,GT,GT,GG,AT,AA,AG,TT,AC,NN,AA,CC,CC,GG,GG,AA,GG,CT,CC,AG,CC,GT,AT,CC,AA,AT,GT,TT,TT,AA,GG,GT,AA,CC,AT,TT,AA,GG,AA,TT,AA,TT,CG,TT,AA,CC,CT,GG,AG,CC,GG,CC,TT,TT,TT,GG,TT,AA,AC,AG,GG,CC,CC,GG,CG,GG,TT,AA,CG,GT,GG,CC,CC,AA,AG,CC,AA,CC,AA,AA,CC,GG,CC,TT,AA,GG,AA,AA,AA,AA,AA,AG,AA,AA,TT,GG,AA,AG,AC,AA,CT,AA,AA,GG,AG,GG,TT,AT,AA,TT,TT,TT,AG,TT,GG,GG,AA,2.6,Susceptible,Low,Standard,Late
L0074,Bengaluru Rural,Karnataka,Kharif,Red Sandy Loam,Rainfed,720,26.0,70,AA,CT,GG,AA,GG,CC,TT,TT,CC,CG,AA,CC,CC,TT,TT,GG,GG,TT,TT,AA,CG,TT,TT,CC,AT,CC,TT,TT,GG,AA,TT,CT,AA,CC,GG,GG,GG,CG,GG,AC,TT,CT,AA,TT,AG,AG,TT,AT,CC,CC,GG,AT,AA,GG,CC,TT,NN,AC,GT,AC,AA,TT,AT,AA,TT,TT,CC,GG,TT,GT,AA,GG,CC,AA,AG,CC,TT,GG,GT,TT,GG,GT,GT,CC,AA,GG,AA,AA,CC,NN,CC,NN,CC,TT,TT,GG,TT,CC,TT,CC,CT,GG,AG,AA,TT,TT,CC,AA,AA,AC,CT,GG,TT,CC,TT,AA,AA,TT,CC,GG,CC,GG,CC,GG,TT,AA,CC,CC,CC,CC,AA,TT,AC,AA,CC,CC,AA,TT,AA,AA,GG,CC,CC,GG,AA,AG,NN,CC,GG,CC,CG,AG,AG,GG,TT,GG,AA,GT,CT,GG,AC,TT,GT,CT,CG,AA,GT,TT,AT,TT,CG,CC,AA,CT,CC,AC,GG,CC,AA,GG,AG,CC,TT,CG,GG,TT,GG,AA,AA,AA,TT,AC,GG,AA,CC,CC,GG,GG,AC,GG,TT,AC,AA,CC,GG,AA,AC,AA,AA,GG,TT,TT,AT,CG,GT,TT,CC,AT,GT,AT,GG,AA,CT,AA,TT,CC,CT,AA,CC,TT,GG,AG,CC,AG,CC,TT,TT,TT,GG,TT,AA,CC,AA,GG,CC,CC,GG,CC,GG,AT,AA,CC,GT,GG,CC,CC,AT,AG,CC,AT,CG,AT,AA,AC,GG,AC,TT,AG,GG,AA,AC,AA,AC,AA,AA,AA,AA,TT,GG,AA,AG,AC,AA,CC,AA,AA,GG,GG,GG,TT,AA,AA,TT,TT,NN,AA,TT,GG,GG,AA,3.07,Susceptible,Medium,Poor,Early
L0075,Bengaluru Rural,Karnataka,Kharif,Red Sandy Loam,Rainfed,720,26.0,70,AC,CC,GG,AG,GG,CC,GT,TT,CC,CG,AA,CC,CC,TT,TT,GG,GG,NN,TT,AG,CC,GT,GG,CC,TT,CC,TT,TT,GG,AA,TT,CC,AA,CC,GG,GG,GG,CC,GG,CC,TT,CC,AA,NN,AA,AG,CC,TT,CC,NN,GT,AT,AG,GG,CT,TT,AA,AA,GG,AC,AA,TT,AT,AA,TT,AT,CC,GG,TT,GG,AA,GG,CC,AA,AG,AA,AT,GG,GT,TT,GG,GG,GG,CC,AT,GG,AA,AA,CC,TT,AA,TT,CT,AT,TT,GG,TT,CC,GT,CC,CC,CC,AA,AA,TT,TT,CC,AA,AG,AA,CC,GG,TT,CC,TT,AA,AA,AT,CC,AG,CC,GG,CC,GG,TT,AG,CT,CC,CC,CG,AA,TT,CC,AA,CC,CC,AA,TT,AA,AA,GG,CT,CC,GG,AA,GG,AA,CC,GG,CC,CC,AG,AG,AG,NN,GG,AA,TT,CT,GG,CC,TT,GT,TT,CC,AA,TT,TT,AA,AT,CG,CC,GG,CC,AC,CC,CG,CC,AA,GG,GG,CC,TT,CC,GT,GT,CG,TT,AA,AG,TT,CC,GG,AA,CC,CC,GG,GG,AA,GG,TT,AA,AA,CC,GT,NN,AC,AA,AT,GG,TT,AA,AA,GG,GG,AT,CG,AT,GG,AA,GG,AA,CC,AA,TT,CC,TT,AC,CC,CT,NN,AA,CC,AG,CC,TT,TT,GG,GG,TT,AA,AC,AA,GG,CC,CG,GG,CC,GG,TT,AA,CC,GT,GG,CC,CG,AA,GG,CC,AA,CG,AA,AA,CC,CC,AC,TT,AA,CG,AA,AA,AA,AA,AA,GG,AG,AA,AT,CG,CC,AA,CC,AA,TT,AA,AG,CG,GG,GG,GT,AA,AA,GT,AT,TT,AG,AT,GG,GG,AA,5.38,Susceptible,Low,Standard,Medium
L0076,Bengaluru Rural,Karnataka,Kharif,Red Sandy Loam,Rainfed,720,26.0,70,AC,TT,AG,AG,GG,CC,GG,TT,CC,NN,AA,CC,GG,TT,GT,TT,NN,TT,TT,AA,GG,TT,TT,CT,TT,CC,TT,TT,GT,AA,TT,CC,AA,CC,GG,GG,GT,CC,GG,CC,TT,TT,AC,TT,AA,AA,TT,TT,CC,CC,TT,AA,NN,GG,NN,TT,AA,AA,GT,AC,AA,TT,TT,AA,TT,TT,CC,GG,TT,GT,AG,GG,CC,AA,GG,AC,NN,GG,TT,TT,GG,GT,GT,CC,AA,AG,AA,AA,CC,TT,CC,TT,CT,TT,TT,GG,TT,CC,GT,CT,CC,CG,AG,AA,TT,TT,CC,AA,AG,CC,CT,GG,TT,CG,TT,NN,AA,TT,CC,AG,CC,GG,CC,GT,CT,AA,CC,CC,CC,CC,AA,TT,AC,AC,CC,CC,AA,TT,AA,AA,GG,CT,CC,GG,AA,AA,AA,CC,GG,CC,CC,AG,GG,GG,TT,GG,AC,NN,CT,GG,CC,TT,TT,TT,CC,AT,TT,TT,AA,TT,GG,CC,AA,CT,AC,CC,CG,CC,AA,GG,AA,CC,TT,CC,GG,TT,CG,TT,AA,AA,TT,CC,GG,NN,CC,CC,GG,GG,AA,GG,TT,AC,AA,CC,GG,AA,NN,AA,AT,GT,TT,AT,AA,GG,GT,AA,CG,AT,GT,AA,GG,AA,TT,AA,TT,CC,TT,AA,CC,CT,GG,AA,NN,AA,AC,TT,CT,GT,GG,TT,AC,AC,AG,GG,CG,CG,GG,CC,GG,TT,AA,NN,TT,GG,CC,CC,AT,AA,CG,AA,CC,AT,AA,AC,CG,CC,TT,AA,GG,AA,AC,AC,AC,GG,AA,NN,AA,TT,CG,CC,AA,CC,AC,TT,AG,AG,GG,GG,GG,TT,AA,AA,GT,TT,TT,AA,AT,GG,GG,AA,5.57,Susceptible,Medium,Poor,Medium
L0077,Bengaluru Rural,Karnataka,Kharif,Red Sandy Loam,Rainfed,720,26.0,70,AC,CT,AG,AG,CG,CC,GG,AA,CC,CC,AA,CC,CC,AT,TT,GT,GG,TT,TT,AA,CC,TT,TT,CC,TT,CC,TT,AT,GG,AA,TT,CC,AG,CC,GG,GG,GG,GG,GG,CC,TT,TT,CC,TT,AA,GG,TT,TT,CC,AA,GG,AA,AA,GG,CT,TT,AA,AA,GT,AA,AG,TT,TT,AA,TT,AT,CT,GG,TT,GG,AA,GG,CC,AA,AG,NN,AT,AA,TT,TT,AG,GT,GT,CC,AA,NN,AA,AT,CC,TT,AC,TT,CC,TT,TT,GG,CT,AC,GT,CC,CC,CG,AA,AA,TT,TT,CC,AA,GG,AA,CC,GG,TT,CG,TT,AA,AA,TT,CC,AG,CC,GG,CT,GT,TT,AA,CC,CC,CC,CC,AA,TT,AC,AA,CC,CC,AA,TT,AA,AA,GG,CC,CC,AG,AA,AA,AA,CC,GG,CC,CC,AA,AG,GG,GT,AA,AA,TT,CT,AG,CC,TT,GG,TT,CC,AT,GT,TT,AA,TT,GG,CC,GG,CT,CC,CC,CG,CC,AA,GG,AA,CC,TT,CC,GG,TT,GG,AT,AA,NN,TT,AC,CC,AA,CC,CC,GG,GG,AA,GG,TT,AA,AA,CC,GG,NN,AC,AT,AA,GG,TT,AT,AA,CG,GG,AA,CC,TT,TT,AA,GG,AA,CT,AC,TT,CC,TT,AC,CC,TT,GG,AG,CC,AG,CC,AT,CT,TT,GG,TT,AA,AC,AA,GG,CC,CG,GG,CC,GG,TT,AA,CC,GT,GG,CC,CG,AT,AG,CC,AA,CC,AA,AA,AC,CG,CC,TT,AA,GG,AA,AA,AA,AA,AG,AA,AA,AA,AT,CG,AC,AA,NN,AA,TT,NN,AA,GG,AG,GG,TT,AT,AA,TT,TT,TT,GG,AT,GG,GG,AA,2.89,Susceptible,High,Premium,Late
L0078,Bengaluru Rural,Karnataka,Kharif,Red Sandy Loam,Rainfed,720,26.0,70,AC,CT,GG,AA,GG,CC,GG,AT,CC,NN,AA,CT,CG,TT,TT,TT,CG,TT,TT,AG,CC,TT,TT,CC,TT,CC,TT,AT,NN,AA,TT,CT,AG,CC,GG,CG,GG,CC,GG,CC,TT,TT,AA,TT,AA,AA,TT,AT,CC,AC,GG,AA,AA,GG,CC,TT,AA,AA,GT,AC,AG,TT,AT,AA,TT,TT,CC,GG,TT,GT,AA,GG,CC,AG,AG,AA,AA,GG,TT,TT,GG,GT,GT,CC,AA,GG,AA,AA,CC,GT,CC,TT,CT,TT,TT,AG,TT,CC,TT,CT,CC,CC,AA,AA,AT,TT,CG,AA,AG,AA,TT,GG,TT,CC,TT,AA,AA,TT,CG,AG,CC,AG,CC,GG,TT,AA,CT,CC,CC,CC,NN,GT,CC,AA,CC,CC,AG,TT,AA,AA,CG,CC,CC,GG,AA,AG,AA,CC,TT,CC,CC,AA,AA,GG,TT,GG,AA,GT,CT,GG,AC,TT,TT,CT,CC,TT,TT,TT,NN,TT,GG,CC,AA,CC,CC,CC,CG,CC,AA,GG,AA,CC,TT,CC,GG,GT,GG,TT,AA,AA,NN,CC,GG,AA,AC,CC,GG,GG,AC,GG,TT,AA,AA,CC,GG,AT,CC,AA,AT,GG,TT,AA,TT,GG,GT,AA,CC,AT,GG,AA,GG,AA,TT,AA,TT,NN,CT,AA,CC,CT,GG,AG,CC,AG,CC,TT,TT,GT,GG,TT,AA,AC,AA,GG,CC,CG,GG,CC,GG,AA,AA,CC,GT,GG,CC,CC,AA,GG,CC,AA,CC,AA,AA,AC,CG,AC,TT,AA,GG,AA,AA,AA,AA,GG,AG,AA,AA,TT,GG,AA,AA,AC,AA,TT,GG,AA,GG,GG,GG,TT,AA,AA,GT,TT,TT,AG,AT,GG,CG,AC,5.51,Resistant,Low,Poor,Early
L0079,Bengaluru Rural,Karnataka,Kharif,Red Sandy Loam,Rainfed,720,26.0,70,CC,TT,AG,AG,GG,CG,GT,AT,CC,CG,AA,CC,CC,TT,TT,GG,GG,TT,TT,AG,CC,TT,TT,CC,TT,CC,TT,TT,GG,AA,TT,CC,AA,CC,AG,GG,GG,CG,GG,CC,TT,CC,AA,TT,AA,AG,TT,TT,CC,AC,GT,AT,AA,GG,CC,TT,AT,AC,TT,AA,AA,GG,TT,AG,TT,TT,CC,GG,TT,GG,AA,GG,CC,AA,GG,AA,AA,GG,TT,CT,GG,GT,GT,CC,AA,GG,AA,AA,CC,GT,AC,TT,CC,TT,GT,AG,TT,CC,GT,CC,CC,CG,AA,AA,TT,TT,CC,AA,GG,AA,CT,GG,TT,CC,TT,AA,AC,TT,CG,NN,CC,GG,CC,GT,TT,AA,TT,CC,CC,CC,NN,TT,CC,AA,CC,CT,AA,AT,AA,AA,CG,CC,CC,GG,AA,AG,AA,NN,GT,NN,CG,NN,AG,GG,GT,GG,AA,TT,CT,GG,CC,GT,TT,CT,CC,AA,NN,TT,AT,TT,CG,CC,AG,CC,CC,CC,GG,CC,AA,GG,AG,AC,TT,CC,GG,TT,GG,AT,AG,AA,TT,CC,GG,AA,CC,NN,GG,GG,AA,GG,TT,CC,AA,CC,GG,AA,NN,AA,AA,GT,TT,TT,AA,GG,GG,AA,CG,AT,GT,AA,GG,AA,TT,AA,TT,CC,TT,AA,CC,TT,GG,AG,CG,AG,AA,TT,CT,GT,GG,TT,AA,AC,AA,GT,CC,CC,GG,CC,GG,AT,AA,CC,TT,GG,CC,CC,AT,GG,CC,AA,CC,AA,AA,CC,CG,AC,NN,AA,GG,AA,AA,CC,AA,GG,AA,AA,AG,TT,GG,AC,AA,CC,AA,CT,AA,AA,GG,GG,GG,GT,AA,AA,GG,TT,TT,AA,AT,GG,GG,AA,3.5,Moderate,High,Standard,Medium
L0080,Bengaluru Rural,Karnataka,Kharif,Red Sandy Loam,Rainfed,720,26.0,70,AC,CT,AG,AA,GG,CC,GT,AT,CC,CC,AA,CC,CG,AT,TT,GG,CG,TT,TT,AG,CC,TT,TT,NN,TT,CC,TT,NN,GG,AA,TT,CC,AA,CC,GG,GG,GT,CC,GT,CC,TT,TT,AC,GT,AA,GG,CT,TT,CC,AC,GT,AA,AG,GG,CC,TT,AA,AA,GG,AA,AG,TT,TT,AG,TT,TT,CC,GG,TT,GG,AA,NN,CC,AA,GG,AA,AT,GG,TT,TT,GG,GG,GG,CC,AA,GG,AA,AA,CC,TT,CC,TT,TT,TT,TT,GG,CT,CC,TT,CC,CC,CG,AG,AA,TT,GT,NN,AG,AA,AC,CC,GG,TT,CC,GT,AA,AA,TT,CG,AG,CC,GG,CC,GG,CT,AG,CC,CC,CC,CC,AA,TT,CC,AA,CC,CC,AA,TT,AA,AT,GG,CT,CC,GG,AA,AG,AA,CC,GG,CC,CC,AA,AG,GG,GT,GG,AC,TT,TT,AG,CC,TT,TT,TT,CC,TT,TT,TT,AT,AT,GG,CC,AA,NN,CC,AC,GG,CC,AA,GG,AA,CC,TT,CC,GT,GT,GG,AT,AA,AA,NN,AC,GG,AA,CC,CG,GG,GG,AA,GG,TT,AC,AG,GG,GG,AA,CC,AA,AA,GT,TT,AT,AT,GG,TT,AT,CC,AT,GT,AA,GG,AA,TT,AA,TT,CC,TT,AA,CC,TT,GG,AA,CG,AG,AC,TT,TT,GT,GG,TT,AC,AC,AG,GG,CC,CC,CG,CC,GG,AT,AG,CC,TT,GG,CC,CC,AA,GG,CC,AA,CC,AA,AA,CC,CC,CC,TT,AA,GG,AA,AC,AA,AA,GG,AA,AA,AA,TT,CG,AC,AA,AC,CC,CC,AA,AA,GG,GG,CG,GT,AA,AA,GT,AT,TT,AA,TT,GG,CG,AA,4.08,Susceptible,Low,Premium,Early
L0081,Bengaluru Rural,Karnataka,Kharif,Red Sandy Loam,Rainfed,720,26.0,70,AC,TT,GG,AA,GG,CC,GG,TT,CC,CC,AA,CC,CC,TT,GT,GT,GG,TT,TT,AG,CC,TT,TT,CC,TT,CC,GT,TT,GG,AA,CT,CT,AA,AA,GG,GG,GG,GG,GG,CC,TT,TT,AA,GT,AG,NN,TT,TT,CC,AC,GT,AA,AA,CG,CC,TT,AA,AC,GT,AA,AA,TT,TT,GG,CT,AT,CC,GG,TT,GG,AG,GT,CC,AA,GG,AC,AT,GG,GT,TT,GG,GG,GG,CC,AA,GG,AA,AA,CC,GG,CC,TT,CC,TT,GT,GG,CT,CC,GT,CT,CC,CC,GG,AA,TT,TT,CC,AA,AA,AA,CT,GG,TT,CC,TT,AC,AA,TT,CC,AA,CC,GG,CC,GT,TT,AG,CC,CC,CC,CC,AA,TT,CC,AA,CC,CC,AA,TT,AG,AA,GG,CC,CC,GG,AA,AA,AA,CC,GG,CC,CC,AG,AG,AG,GT,GG,AA,TT,CT,GG,CC,GG,GT,TT,CC,TT,TT,CC,AA,TT,GG,CC,AG,CC,CC,CC,NN,CC,AA,GG,AG,CC,TT,CC,GG,TT,GG,TT,AA,GG,GG,CC,CG,CC,CC,CC,GG,GG,AC,CG,TT,AA,AA,CC,GT,AT,CC,AA,AA,GT,TT,TT,AT,CG,GT,TT,CC,AT,GT,NN,GG,AA,NN,AA,TT,CC,TT,AA,CC,CT,CG,AG,CC,AA,CC,TT,CT,GT,GG,AT,AA,AC,AA,GG,CC,CG,GG,CC,GG,AT,AG,CC,TT,GG,CC,NN,AA,GG,CG,AA,CC,AA,AA,CC,CC,AC,TT,AG,GG,AA,AC,AA,AA,AA,GG,AG,AA,TT,GG,AA,AA,CC,AA,CT,AA,AA,GG,GG,GG,GT,AA,AA,GT,TT,TT,AG,TT,GG,GG,AA,7.66,Susceptible,Low,Premium,Late
L0082,Bengaluru Rural,Karnataka,Kharif,Red Sandy Loam,Rainfed,720,26.0,70,AC,TT,GG,AG,GG,CC,GG,TT,CC,GG,AA,CC,CC,AT,TT,GG,CG,TT,TT,AA,CC,GT,TT,CC,TT,CC,GT,TT,GT,AA,TT,CT,AA,CC,AG,CC,GG,CC,GG,CC,TT,TT,AA,TT,AA,AG,TT,AT,CC,CC,GG,AT,AA,GG,CC,TT,AA,AA,GT,AA,AG,TT,AT,AG,CT,AA,CC,GG,TT,GT,AA,GG,CC,AA,GG,AC,AT,GG,TT,TT,GG,NN,GG,CC,AT,GG,AA,AA,CC,TT,AC,TT,CC,TT,TT,AG,TT,CC,TT,CC,CT,CG,GG,AA,TT,GT,CG,AA,AG,AA,CT,GG,TT,CC,GT,AA,AA,TT,CG,AG,CC,GG,CC,GG,TT,AG,CT,CC,CC,CC,AA,TT,CC,AA,CC,CC,NN,TT,AA,AA,GG,CT,CC,AG,AA,AG,AA,CC,GG,CG,CC,AA,AA,GG,NN,GG,AA,TT,TT,GG,CC,GT,GG,TT,CC,AA,GT,TT,AT,TT,GG,CC,AA,TT,CC,CC,CG,CC,AA,GG,AG,CC,TT,CC,GG,GT,GG,TT,AA,AG,TT,CC,GG,AA,CC,CC,GG,GG,AC,GG,TT,CC,AA,CC,GG,AA,AC,AA,AT,GG,GT,AA,AA,CG,GT,AT,CC,TT,TT,AA,GG,AA,TT,AA,TT,CC,CT,AA,AC,TT,GG,AA,CG,AA,NN,TT,CT,TT,GG,AT,AA,CC,AA,GG,CC,CC,GG,CC,GG,AT,AG,CC,TT,GG,CC,CC,AA,AG,CC,AA,CC,AA,AA,CC,CG,AC,TT,AA,GG,AA,AC,AA,AC,AG,AG,AG,AA,TT,GG,NN,AG,CC,AA,CT,AA,AA,CG,GG,GG,TT,AA,AA,TT,TT,TT,AG,AT,GG,CG,AA,4.07,Susceptible,High,Premium,Late
L0083,Bengaluru Rural,Karnataka,Kharif,Red Sandy Loam,Rainfed,720,26.0,70,AC,TT,GG,AA,GG,CC,GT,AT,CC,CG,AA,CC,CG,TT,GG,GG,GG,TT,TT,AG,CC,GT,GT,CT,TT,CC,TT,TT,GG,AA,TT,CC,AA,CC,AG,CG,GG,GG,NN,AC,TT,TT,AA,GT,AG,AG,TT,TT,CC,AC,GG,AA,AA,GG,CC,TT,AA,AA,GT,AC,AA,TT,AA,AG,TT,AA,CC,GG,CT,GG,AA,GT,CC,AA,GG,AA,NN,GG,TT,TT,GG,GG,NN,AC,AT,GG,AA,AA,CC,TT,AC,TT,CT,TT,GT,GG,CT,CC,GG,CC,CC,CC,GG,AA,TT,TT,CG,AA,GG,AA,CC,GG,TT,CC,TT,AA,AA,TT,CC,GG,CG,GG,CC,GG,TT,AG,CC,CC,CC,CC,AA,TT,AC,AA,CC,NN,AA,TT,AA,AA,GG,CC,CC,GG,AA,GG,AT,CC,GG,CC,CC,AA,AG,GG,TT,GG,NN,TT,CC,AG,AC,TT,GT,TT,CC,AT,TT,TT,AA,TT,GG,CC,AA,CC,AC,CC,CG,CC,AA,GG,AA,CC,TT,CC,GT,GT,CG,AT,AA,AA,TT,CC,GG,AC,AC,CG,GG,GG,AA,GG,CT,AC,AA,CC,GG,AA,CC,AA,AA,GG,TT,TT,AA,CG,GT,AT,CC,TT,GT,AA,GG,AA,TT,AC,TT,CC,CT,AA,CC,TT,GG,AA,CG,AG,AC,TT,TT,GT,GG,TT,AA,AC,AG,GG,CC,GG,GG,CC,GG,AT,AA,CG,TT,GG,CC,CC,AT,AG,CC,AA,CC,AA,AA,AC,CC,AC,AT,AA,GG,AA,AA,AA,AA,AA,AG,AA,AA,TT,GG,AA,AA,AC,AC,CT,AG,AG,GG,GG,NN,TT,AT,AA,TT,TT,TT,GG,TT,GG,GG,AA,2.27,Moderate,Low,Standard,Medium
L0084,Bengaluru Rural,Karnataka,Kharif,Red Sandy Loam,Rainfed,720,26.0,70,AA,TT,AG,AA,GG,CC,GG,AT,CC,CG,AA,CC,CC,AT,TT,GG,GG,TT,TT,AA,CC,TT,TT,CC,AT,CC,TT,TT,GG,AA,TT,CT,AA,CC,GG,CG,GG,GG,GG,CC,TT,CT,AA,TT,AA,GG,TT,TT,CC,AC,GT,AA,AG,GG,CT,TT,AT,AA,GT,AA,AG,GT,TT,AG,TT,AT,CC,TT,TT,GG,AG,GG,AC,AA,AG,CC,AA,GG,TT,TT,GG,GT,GT,CC,AA,GG,AA,AA,CC,TT,AC,TT,CT,AT,GT,GG,TT,CC,GG,CC,CC,CC,AG,AA,TT,TT,CC,AA,GG,AA,CC,GG,GT,CC,TT,AA,AC,TT,CC,NN,CG,NN,CC,TT,TT,AG,CC,CC,CC,CG,AA,TT,CC,AA,CC,CT,AA,AT,AA,AA,GG,CC,CC,GG,AA,AA,AA,CC,GT,CC,CC,AA,AG,GG,GT,GG,CC,TT,CT,AG,CC,GT,TT,TT,CC,AA,GT,CT,AA,AT,GG,CC,GG,CT,CC,CC,CG,CC,AA,GG,AG,CC,TT,CC,GG,TT,CG,AT,AA,AG,TT,CC,GG,AA,CC,CC,GG,GG,AA,GG,CT,AA,AA,CG,GT,AT,CC,AA,AT,GT,TT,AT,AT,CG,TT,AT,CC,TT,GT,AA,GG,AA,TT,AA,TT,CC,TT,AA,CC,CT,CG,AA,CG,AG,AC,TT,CT,GT,GG,TT,AA,AC,AA,GG,CC,CG,GG,CC,GG,AT,AA,CC,GT,GG,CC,CG,AA,GG,CC,AA,CC,AA,NN,AA,CC,CC,TT,AA,GG,AA,AA,AA,NN,GG,AG,AG,AA,TT,GG,AA,GG,AC,AA,TT,AA,AA,GG,GG,GG,TT,NN,AG,TT,TT,TT,AG,NN,GG,CG,NN,4.7,Susceptible,High,Premium,Late
L0085,Bengaluru Rural,Karnataka,Kharif,Red Sandy Loam,Rainfed,720,26.0,70,AC,TT,AG,AG,GG,NN,GT,TT,CC,CG,AT,CT,CG,TT,TT,GG,GG,TT,TT,AG,CC,NN,TT,CC,AT,CC,GT,TT,GG,AA,CT,CT,AA,CC,GG,GG,GG,GG,GG,CC,TT,TT,AA,TT,AA,GG,TT,TT,CC,AC,GG,AA,AA,GG,CT,GT,AT,AA,TT,AC,AG,GT,TT,AA,TT,NN,CC,GG,TT,GT,AA,GG,CC,AA,GG,AC,AA,AG,GT,TT,GG,GG,GG,CC,AA,GG,NN,AA,CC,GT,CC,TT,CC,TT,TT,GG,TT,CC,TT,CC,CT,CC,GG,AA,TT,TT,CG,AA,AG,AA,CC,GG,TT,CC,GT,AA,CC,TT,CC,GG,CC,GG,CC,GT,TT,AG,CC,CC,CC,CC,AA,TT,CC,AA,CC,CC,AA,TT,AG,AT,CG,CC,CG,GG,AA,GG,AA,CC,GT,CC,CC,AA,AA,GG,GT,GG,AA,TT,TT,GG,AC,TT,GT,TT,CC,AA,GT,TT,AT,AT,GG,CG,AA,CC,CC,CC,GG,CC,AA,GG,AG,CC,TT,CC,GT,GT,GG,TT,NN,GG,TT,CC,GG,AC,CC,CC,GG,GG,AC,GG,TT,AA,AA,CC,GT,AA,CC,AA,AT,GG,GT,TT,AA,GG,GT,AT,CG,TT,GT,AA,GG,AA,CT,AA,TT,CC,TT,AC,CC,NN,CG,AA,CC,AG,CC,TT,TT,TT,CG,TT,AC,AA,AG,GG,CC,GG,GG,CC,GT,TT,AA,CC,GT,GG,CC,CC,AA,GG,CG,AT,CC,AT,AA,CC,CG,AC,AT,AA,GG,AA,AA,AA,AA,GG,GG,AA,AA,TT,GG,AA,AA,AC,AA,TT,AG,NN,GG,GG,GG,TT,AT,AG,TT,TT,TT,AA,TT,GG,GG,AA,4.19,Susceptible,Medium,Premium,Medium
L0086,Bengaluru Rural,Karnataka,Kharif,Red Sandy Loam,Rainfed,720,26.0,70,AA,TT,GG,AA,CC,CC,GT,TT,CC,CG,AA,CC,CC,TT,TT,GG,GG,TT,TT,AA,CC,TT,GT,CC,TT,CC,TT,TT,GG,AA,CT,CC,AA,CC,GG,GG,GG,CG,GG,CC,TT,CC,AA,TT,AG,GG,TT,AT,CC,AC,GG,AT,NN,CG,CC,TT,AA,AA,GT,AA,AG,TT,AT,AA,CC,TT,CC,GG,TT,GT,AG,GG,CC,AA,AG,AC,AT,GG,GT,TT,GG,GG,GG,CC,AA,GG,AA,AA,CC,TT,CC,TT,CT,NN,TT,AG,CT,CC,GT,CC,CT,CG,GG,AA,TT,TT,CC,AA,AA,AA,CT,GG,TT,CC,TT,AA,AA,TT,CC,GG,CC,AG,CC,GG,TT,AG,CC,CC,CC,CC,AA,TT,CC,AA,CC,CC,AA,TT,AA,AT,CG,CC,CC,GG,AG,AA,AA,AC,GG,CC,CG,AG,AG,GG,TT,GG,AA,TT,TT,GG,AC,TT,GT,CT,CC,AA,TT,CT,AA,TT,NN,CC,AA,CT,CC,CC,CG,NN,AA,GG,GG,CC,TT,CC,GG,TT,CG,TT,AA,AG,TT,CC,GG,AA,CC,CC,GG,AG,AC,GG,TT,AC,AA,CC,GG,AA,CC,AA,AA,GG,GG,AT,AA,GG,GT,AT,CC,TT,TT,AT,GG,AA,CT,AA,TT,CC,TT,AA,AC,CT,CG,AG,CC,AG,CC,TT,TT,TT,GG,TT,AC,CC,AA,GT,CC,CG,CG,CC,GT,AT,GG,CC,GT,GG,CC,CG,AT,NN,CC,AA,CG,AA,AA,AC,CC,CC,TT,AA,GG,AA,AA,AC,AA,AG,AA,AG,AA,TT,CG,AA,GG,AC,AA,TT,AA,AA,GG,GG,GG,TT,AA,AA,TT,NN,AT,AA,AT,GG,GG,AA,2.58,Susceptible,High,Premium,Early
L0087,Bengaluru Rural,Karnataka,Kharif,Red Sandy Loam,Rainfed,720,26.0,70,AC,TT,AG,GG,CC,CC,GG,TT,CC,CG,AA,CT,GG,TT,TT,GT,CG,TT,TT,AA,CC,TT,TT,CC,TT,CC,TT,TT,GG,AA,TT,CC,AA,AC,GG,CG,GG,CG,GG,CC,TT,CC,AA,GT,AG,GG,CT,AT,CC,AC,GG,AA,AA,GG,CT,GT,AA,AA,TT,AA,AG,TT,TT,AA,TT,TT,CC,NN,TT,GT,AA,GG,CC,AA,AA,AC,AA,AG,TT,TT,GG,GG,GG,CC,AA,GG,AG,AA,CC,GG,AC,TT,TT,AT,GT,GG,TT,CC,TT,CC,CC,CC,GG,AA,NN,TT,CC,AA,AA,AA,CT,GG,TT,CC,TT,AA,AA,TT,CC,AG,CC,AG,CC,GT,TT,AA,CC,CC,AC,CC,AA,TT,CC,AA,CC,CC,AA,TT,AA,AA,GG,CT,CC,GG,AG,AG,AA,CC,GG,CC,CC,AA,AA,AG,GT,GG,CC,TT,CT,GG,AC,TT,TT,TT,CG,TT,GT,CC,AA,TT,CC,CC,GG,CC,CC,CC,CG,CC,AA,GG,NN,CC,TT,CC,GG,TT,CG,AT,AA,AA,TT,CC,GG,AA,CC,CC,GG,GG,AA,GG,TT,AA,AA,CC,GG,AA,CC,AA,AA,GT,TT,AT,AA,CG,GG,AT,CC,AT,TT,AA,GG,AA,TT,AC,TT,CC,CT,CC,CC,TT,GG,AG,CC,AG,CC,TT,CT,TT,GG,TT,AA,AC,AA,GG,CC,CG,GG,CC,GG,AT,AA,CG,TT,GG,CC,CC,AA,GG,CC,AA,CC,AA,AA,AC,GG,AA,TT,AA,GG,AA,AA,AC,AA,AA,GG,AA,AA,TT,GG,AC,AG,AC,AA,TT,NN,AG,GG,GG,GG,TT,AT,AA,TT,TT,TT,AA,TT,CG,CG,AA,4.75,Susceptible,High,Standard,Medium
L0088,Bengaluru Rural,Karnataka,Kharif,Red Sandy Loam,Rainfed,720,26.0,70,AA,TT,AG,GG,GG,CC,GG,AT,CC,CC,AA,CC,CG,TT,TT,GG,GG,TT,TT,GG,CC,GG,TT,CC,TT,CC,TT,TT,GT,AA,TT,CT,AA,CC,GG,GG,GG,GG,GG,CC,TT,CT,AC,TT,AA,GG,TT,TT,CC,AA,GG,AA,AG,GG,CT,TT,AA,AC,GT,AC,AA,GG,TT,AG,TT,TT,CC,GG,TT,GT,AA,GG,CC,AA,GG,AA,AT,GG,TT,TT,AG,GG,GG,CC,AT,AG,AG,AA,CC,TT,AA,TT,CC,TT,TT,GG,TT,AC,GT,CC,CT,CC,AG,AA,AT,TT,CC,AG,AG,AA,TT,GG,TT,CG,TT,AA,AA,AT,CG,AG,GG,GG,CC,GT,TT,AG,CT,CG,CC,CC,AA,TT,AC,AA,CC,NN,AA,TT,AA,AA,GG,CC,CG,GG,AA,AA,AA,CC,GT,CC,CG,NN,AA,GG,GT,GG,AC,TT,CT,GG,CC,TT,GT,TT,CC,AA,GT,TT,AT,AT,CG,CC,AG,CT,CC,CC,GG,CC,AA,GG,AG,CC,GT,CC,GG,TT,GG,AT,AA,AA,TT,CC,GG,AA,CC,CC,GG,GG,AA,GG,TT,AC,AA,CC,GG,AA,AC,AA,TT,GG,TT,AT,AA,CG,GT,AA,CC,AT,GG,AA,GG,AA,TT,AA,TT,CC,CT,AC,CC,TT,GG,AA,CC,AA,CC,TT,TT,GT,GG,TT,AC,AA,AA,GT,CC,CG,GG,CC,GG,TT,AG,CC,GG,GG,CC,CG,AA,GG,CG,AA,CC,AT,AA,CC,CC,AC,TT,AA,GG,AA,AA,AC,AA,AG,AG,AA,AA,TT,GG,AA,AA,AC,AA,CT,AA,AA,GG,GG,CG,GT,AA,AA,GT,TT,TT,AG,AT,GG,GG,AA,3.9,Susceptible,High,Premium,Medium
L0089,Bengaluru Rural,Karnataka,Kharif,Red Sandy Loam,Rainfed,720,26.0,70,AA,TT,GG,AG,CG,CC,GG,TT,CC,CC,AA,CC,CC,AT,TT,GG,CC,TT,TT,AA,CC,TT,GG,CC,AA,CC,TT,TT,GG,AA,TT,CT,AA,CC,GG,GG,GG,CC,GG,AC,TT,CT,NN,TT,AA,AG,NN,TT,CC,AC,GT,AA,AA,GG,CT,GT,AA,AA,GT,AA,AG,GT,AA,AA,TT,TT,CC,GG,TT,GG,AG,GG,NN,AA,AG,AA,AT,GG,TT,TT,GG,GT,GG,CC,AA,AG,AA,AA,CC,GT,CC,TT,CT,TT,TT,GG,TT,CC,GT,CT,CT,CG,AG,AG,TT,TT,CC,AA,AG,AA,CC,GG,TT,CC,TT,AA,AA,TT,CC,GG,CC,GG,CC,GT,TT,AA,CC,NN,CC,CC,AA,TT,CC,AA,CC,TT,AA,TT,AA,AA,CG,CT,CC,GG,AA,AG,AA,CC,GG,CC,CC,AA,AA,GG,TT,GG,AA,GT,CT,GG,CC,TT,GT,CT,CC,AT,NN,CT,AT,TT,GG,CC,AG,CC,CC,CC,GG,CC,AA,GG,AG,CC,TT,CC,TT,GG,GG,TT,AA,AA,TT,CC,GG,AC,AA,CC,GG,GG,AC,GG,TT,AA,AA,CC,GG,AA,AC,AA,AT,GT,TT,AT,AT,GG,GG,AA,CC,TT,GT,AA,GG,AA,CT,AA,TT,CC,TT,AA,AC,TT,CG,AG,CC,AA,CC,TT,TT,TT,GG,TT,AA,CC,AG,GG,CC,CG,GG,CG,GG,TT,AA,CC,GT,GG,CG,CC,AA,GG,CG,AA,CC,AA,AA,AA,CG,AC,TT,AA,GG,AA,AA,CC,AA,AG,AA,AA,AG,TT,CG,AA,AG,AC,AA,TT,AA,AA,GG,GG,GG,GT,AT,AA,TT,TT,TT,AG,AT,GG,GG,AA,3.8,Susceptible,Low,Standard,Late
L0090,Bengaluru Rural,Karnataka,Kharif,Red Sandy Loam,Rainfed,720,26.0,70,AA,TT,GG,GG,GG,CC,GG,NN,CC,GG,AA,CC,CG,TT,TT,GG,GG,TT,TT,NN,CG,TT,GT,CC,TT,CC,TT,TT,GT,AA,CT,CC,AA,CC,AG,CG,GG,CG,GG,CC,TT,CC,AA,GT,AA,GG,TT,TT,CC,AC,GG,AA,AA,GG,CC,TT,AA,AC,GG,AA,AA,TT,AA,AA,TT,AT,CC,GG,TT,GG,AA,GT,CC,AA,AG,AA,AA,GG,TT,TT,GG,GG,GG,CC,AT,GG,AA,AA,CC,TT,AC,TT,CC,TT,TT,GG,TT,CC,GT,CT,CC,CC,AG,AA,AT,TT,CG,AG,AG,AC,CC,GG,TT,CC,TT,AA,AA,TT,CC,GG,CG,GG,CC,GG,TT,AA,CT,CC,CC,CC,AA,TT,NN,AA,CC,CC,AA,TT,AA,AA,GG,CC,CC,GG,AA,GG,AA,CC,TT,CC,CC,AA,AA,GG,TT,GG,AA,TT,TT,GG,CC,GT,GT,TT,CC,NN,TT,CT,AA,TT,GG,CC,AG,CT,CC,CC,CG,CC,AT,AG,GG,CC,TT,CC,TT,GT,CG,TT,AA,AG,TT,AC,GG,AA,CC,CC,GG,GG,AA,GG,TT,AA,AA,CC,GT,AA,AC,AA,AA,GG,TT,TT,AT,CG,GT,AT,CC,AT,TT,AA,GG,AA,TT,AA,TT,CC,TT,AC,CC,TT,CG,AG,CG,AG,CC,TT,TT,GT,CG,TT,AC,AC,AA,NN,CC,CG,GG,CC,GG,AT,AA,CG,TT,GG,CC,CG,AA,AG,CC,AA,CC,AA,AA,AA,GG,AA,TT,AA,GG,AA,AC,AC,AC,GG,AG,AG,AA,TT,NN,AA,AG,AC,AA,CC,AA,AA,CG,GG,GG,TT,AA,AA,GT,TT,TT,AA,AT,GG,GG,AA,2.88,Moderate,High,Premium,Medium
L0091,Bengaluru Rural,Karnataka,Kharif,Red Sandy Loam,Rainfed,720,26.0,70,AC,TT,AG,GG,GG,CC,TT,TT,CC,GG,AA,CC,CG,TT,TT,GG,GG,TT,TT,AA,CG,GT,GT,CT,TT,CC,TT,TT,GT,AA,TT,CT,AA,CC,AG,GG,GG,CC,GG,CC,TT,CT,AA,GT,AG,GG,TT,TT,CC,AA,GG,AA,AA,GG,CC,TT,AA,NN,GG,AA,NN,TT,AT,AA,CT,TT,CC,GG,TT,GG,AG,GG,CC,AA,GG,AC,AA,GG,GT,TT,GG,GG,GG,CC,AA,GG,AA,AT,CC,GG,CC,TT,CC,TT,TT,AG,TT,CC,TT,CC,CT,CG,GG,AA,AT,GT,CC,AA,AA,AA,TT,GT,TT,CG,TT,AC,AC,TT,CC,GG,CC,GG,CC,GG,CT,AG,NN,CC,AC,CC,AA,TT,CC,AA,CC,CC,AG,TT,AA,AA,GG,CC,CC,GG,AG,AA,AA,CC,GG,CC,CC,AA,AA,AG,GT,GG,AA,GT,CT,GG,CC,TT,TT,TT,CC,AA,GT,TT,AT,TT,CG,CC,AA,CC,CC,CC,CG,CC,AA,GG,AA,CC,TT,CC,GT,TT,GG,AA,AA,AA,NN,CC,GG,AA,CC,CC,GG,GG,AC,GG,TT,AA,AA,CC,TT,AA,AC,AA,AT,GT,GT,TT,NN,GG,TT,AA,CC,AT,TT,AA,GG,AG,CT,AA,TT,CC,CT,AC,CC,CT,GG,AA,CG,GG,CC,TT,TT,GT,GG,TT,AC,AC,AA,GG,CC,CG,GG,CC,GG,TT,AA,CG,NN,GG,CG,CG,AA,GG,CG,AA,CC,AT,AA,AC,CG,CC,TT,AA,GG,AA,AA,CC,AA,AG,GG,AA,AA,TT,GG,AA,AG,CC,AA,CT,GG,AG,GG,GG,CG,TT,AA,AG,TT,TT,TT,GG,AT,GG,CG,AA,2.94,Susceptible,Low,Premium,Early
L0092,Bengaluru Rural,Karnataka,Kharif,Red Sandy Loam,Rainfed,720,26.0,70,AA,TT,AG,AA,CG,CC,GT,TT,CC,CG,AA,CT,CG,AT,GG,GG,GG,TT,TT,AA,CC,TT,GT,CC,AT,CC,NN,TT,GT,AA,TT,CC,AA,CC,GG,CG,GG,CC,GG,CC,TT,TT,AA,GT,AA,GG,TT,TT,CC,CC,TT,AT,AA,GG,CC,TT,AA,AA,TT,AA,AA,TT,TT,AA,TT,AT,CC,GG,TT,GG,AA,GT,CC,AA,GG,AC,AT,GG,TT,TT,GG,GG,GG,CC,AA,GG,AA,AT,CC,GT,CC,TT,CT,TT,GT,GG,CT,AC,TT,CC,CC,CC,AG,AG,AT,TT,CC,AG,AG,AA,CT,GG,TT,CG,TT,AA,AC,TT,CC,GG,CC,GG,CT,GT,TT,AA,CC,CC,NN,CC,AA,TT,CC,AC,CC,CC,AA,TT,AA,TT,GG,CT,CC,GG,AA,AA,AT,CC,GT,CC,CC,AA,AA,GG,GT,GG,AA,TT,NN,GG,AC,GT,TT,TT,CC,AA,GT,TT,AA,AT,GG,CC,AA,CT,CC,CC,CG,CC,AA,GG,GG,AC,TT,CC,GG,TT,GG,AT,AA,AG,GT,AC,CG,AA,CC,CC,CG,GG,AC,GG,TT,AA,AG,CC,GT,AA,AC,AA,AT,GG,TT,TT,AA,GG,GG,AT,CG,TT,GG,AA,GG,AA,CT,AA,TT,CC,TT,AC,CC,CT,GG,AA,CC,GG,CC,TT,CT,GT,GG,TT,AC,AC,AG,NN,CC,CC,GG,CC,GG,AA,AA,CG,GT,GG,CG,CC,TT,GG,CG,AA,CC,AT,AG,AC,CG,NN,TT,AA,GG,AA,AA,AA,AC,GG,GG,AG,AG,AT,CG,AC,AG,AC,AA,CT,AA,AA,GG,GG,GG,TT,AT,AA,TT,TT,TT,AA,TT,GG,GG,AA,4.82,Susceptible,High,Standard,Late
L0093,Bengaluru Rural,Karnataka,Kharif,Red Sandy Loam,Rainfed,720,26.0,70,AC,TT,GG,AG,GG,CC,GT,AT,CC,CC,AA,CT,CC,AT,TT,GG,GG,TT,TT,AA,CC,TT,GG,CC,TT,CC,TT,TT,NN,AA,NN,CC,AA,CC,AG,CG,GG,CC,GG,CC,TT,TT,AA,TT,AA,GG,TT,TT,CC,CC,GG,AA,AA,GG,CT,GG,AA,AC,TT,AC,AA,TT,TT,AA,TT,AA,CC,GG,TT,GT,AG,GG,CC,AA,GG,AA,AT,GG,TT,TT,GG,GT,GG,CC,AT,GG,AA,AA,CC,TT,CC,GT,CC,TT,TT,GG,CT,CC,NN,CC,CC,GG,GG,AA,TT,GT,CC,AA,AG,AA,CC,GT,TT,CG,TT,AC,AA,TT,CC,AG,CC,GG,CC,GG,CT,AA,CT,CC,CC,CC,AA,GT,CC,AA,CC,CT,AA,AT,AA,AA,GG,CT,CC,GG,AG,AA,AA,AC,GG,CC,CC,AA,AA,GG,TT,GG,AC,GT,CT,GG,CC,TT,TT,TT,CC,AT,TT,TT,AT,AA,GG,CC,AA,TT,CC,CC,GG,CC,AT,GG,GG,CC,TT,CG,NN,TT,NN,AT,AA,AA,TT,CC,CG,AA,CC,CC,CG,AG,CC,CG,TT,AA,AG,CC,GG,AA,AC,AA,AA,GG,GT,AA,AT,CC,GT,AA,CC,NN,GT,AA,GG,AA,TT,NN,TT,CC,TT,AC,CC,TT,GG,AG,CG,AG,CC,TT,CT,GT,CG,TT,AA,AA,GG,GG,CC,CC,GG,CC,GG,TT,AA,CC,GT,GG,CC,CC,AA,AG,CC,AT,CC,AA,AA,AA,CG,AA,TT,AA,GG,AA,AA,AA,CC,AG,AA,AA,AA,TT,GG,AA,AA,CC,AA,CT,AA,AG,GG,AG,CG,TT,AT,AA,TT,TT,TT,AA,AT,GG,GG,AA,2.42,Susceptible,High,Standard,Early
L0094,Bengaluru Rural,Karnataka,Kharif,Red Sandy Loam,Rainfed,720,26.0,70,AC,CT,GG,AA,GG,CC,GG,TT,CC,CC,AA,CT,CC,TT,TT,GT,CG,AT,TT,GG,CG,GT,TT,CC,TT,CC,TT,TT,GG,AA,TT,CT,AA,CC,GG,CG,GG,GG,GG,CC,TT,TT,AA,TT,AA,AG,TT,AT,CC,AA,GT,AA,AA,GG,CT,TT,AA,AC,GT,AA,AA,TT,TT,AG,TT,TT,CC,GG,TT,TT,AA,GG,CC,AA,AG,CC,AA,GG,TT,TT,GG,GT,GG,CC,AA,GG,AA,AA,NN,TT,AC,TT,CC,TT,TT,NN,TT,AC,TT,CC,CC,CC,AG,AA,NN,TT,CC,AA,AG,AA,CT,GG,TT,CC,GT,AA,AA,AT,CC,AA,CC,GG,CC,TT,CT,AG,CC,CC,CC,CC,AA,TT,CC,NN,CC,CC,AA,TT,AA,AA,GG,CT,CC,GG,AA,GG,AA,CC,GG,CC,CC,AA,AA,AA,TT,GG,AA,TT,CT,GG,AC,GT,TT,TT,CC,AT,TT,TT,AT,TT,GG,CC,AG,CT,CC,CC,GG,CC,AA,GG,AA,CC,TT,CC,GT,TT,CG,AT,AA,AG,TT,CC,GG,AA,CC,CC,GG,GG,AC,CG,TT,AA,AG,CC,GG,AA,CC,AA,AT,GG,TT,AA,AA,NN,TT,AA,CC,TT,TT,AA,GG,AA,TT,AA,TT,CC,CT,AA,AC,CT,CG,AG,CC,AG,CC,TT,CT,GT,CG,TT,AA,AA,AG,NN,CC,GG,GG,CC,GG,AA,AA,CC,GT,GG,CG,NN,AA,GG,CG,AA,CC,AA,AA,CC,CG,CC,TT,AA,CG,AA,AA,CC,CC,AG,AA,AG,AA,TT,GG,AA,AA,CC,AA,TT,AA,AA,GG,GG,GG,TT,AT,AA,TT,TT,TT,GG,AT,GG,GG,AA,5.11,Susceptible,Low,Standard,Late
L0095,Bengaluru Rural,Karnataka,Kharif,Red Sandy Loam,Rainfed,720,26.0,70,AA,TT,GG,AG,GG,CC,GG,AT,CC,CC,AA,CC,CG,TT,GT,GG,GG,TT,TT,AA,CG,TT,TT,CT,TT,CC,TT,TT,GG,AA,TT,CT,AA,CC,GG,CG,GG,CC,GG,CC,TT,CT,AA,TT,AG,GG,TT,TT,CC,AC,GG,AT,AA,GG,CC,TT,AT,AC,GT,AC,AA,TT,AT,AA,TT,TT,CC,GG,NN,GG,AA,GG,CC,AA,AA,CC,AT,AG,TT,TT,GG,GG,GG,CC,AA,GG,AG,AA,CC,GT,AA,TT,CT,TT,TT,AG,TT,NN,TT,CC,CT,CG,GG,AA,TT,TT,CC,AA,AG,AA,CT,GG,TT,CC,GT,AA,AA,TT,CC,GG,CC,AG,CC,GT,TT,AA,CC,CC,CC,CC,AA,TT,CC,AA,AC,CC,AA,TT,AA,AA,CG,CC,CC,GG,AG,GG,AA,CC,GG,CC,CC,AA,NN,GG,GT,GG,AA,TT,TT,GG,AC,TT,NN,TT,CC,AT,GT,CC,AT,AT,CG,CC,AA,CC,CC,CC,GG,CC,AT,GG,GG,CC,TT,CC,GG,GT,GG,AT,AA,AA,TT,AC,GG,AA,CC,CC,GG,GG,AC,GG,NN,AA,AA,CC,GG,AA,CC,AT,AA,GG,TT,TT,AA,GG,TT,AT,CG,TT,TT,AT,GG,AA,TT,AA,TT,CC,TT,CC,CC,TT,CG,GG,GG,AG,CC,TT,CT,TT,GG,TT,AA,AA,AG,GG,CC,CC,GG,CC,GG,TT,AA,CC,TT,GG,CC,CC,AA,GG,CC,AA,CC,AT,AA,NN,CC,CC,TT,AA,GG,AA,AA,AC,AA,AA,AA,AA,AA,TT,CG,AC,AA,AC,AC,TT,GG,AA,GG,AG,GG,TT,AT,AA,GT,TT,TT,AG,AT,NN,CG,AA,1.65,Susceptible,Medium,Premium,Medium
L0096,Bengaluru Rural,Karnataka,Kharif,Red Sandy Loam,Rainfed,720,26.0,70,AC,CT,GG,AG,GG,CC,GT,AT,CC,GG,AA,CC,CC,AT,TT,GG,CG,TT,TT,AA,CC,TT,GT,CT,TT,CC,GG,AT,GG,AC,TT,CC,AA,CC,GG,GG,GG,CG,GG,CC,TT,CT,AA,TT,AA,AA,TT,TT,CC,AC,GG,AA,AG,GG,CT,GT,AT,AA,GG,AC,AG,GT,TT,AA,TT,AT,CC,GG,TT,GG,AA,GG,CC,AA,GG,AA,TT,GG,TT,TT,GG,GT,GT,CC,AA,GG,AA,AA,CG,TT,CC,TT,CC,TT,GT,GG,TT,CC,GT,CC,CC,GG,AG,AA,TT,TT,CC,AA,AG,AA,NN,GG,TT,CC,TT,AA,AA,TT,CC,GG,CG,GG,CC,GG,CC,AA,CC,CC,CC,CC,AA,GT,CC,AA,CC,CT,AG,TT,AA,AT,GG,CC,CC,NN,AA,AA,AA,AA,GG,CC,CC,AA,AA,GG,TT,GG,AA,GT,TT,AG,AC,TT,GT,TT,CC,AA,GT,TT,AA,TT,GG,CC,AA,CC,CC,CC,CG,CC,AT,GG,AG,CC,TT,CC,GT,TT,CC,AT,AA,AA,TT,CC,CG,AC,AC,CC,GG,GG,NN,GG,TT,AA,AA,CC,GG,AA,AC,AA,AT,GG,TT,AT,AA,GG,GT,AT,CG,NN,GG,AA,GG,AA,TT,AA,TT,CC,TT,AA,CC,TT,GG,AG,CC,GG,CC,TT,CC,TT,GG,TT,AA,AC,AG,GG,CC,CG,GG,CC,GG,TT,NN,CC,TT,GG,CC,CC,AA,AA,CC,AA,CC,AA,AA,AA,CC,AC,TT,AA,GG,AA,AA,CC,AA,AG,AA,AA,AA,TT,GG,AA,AG,CC,AC,TT,AA,AA,GG,GG,GG,TT,AT,AA,GT,TT,TT,AG,AT,GG,GG,AA,1.64,Susceptible,Low,Poor,Medium
L0097,Bengaluru Rural,Karnataka,Kharif,Red Sandy Loam,Rainfed,720,26.0,70,AA,TT,GG,AA,GG,CC,GG,AT,CC,CG,AA,CC,CG,AT,GT,GG,GG,TT,TT,AA,CC,GT,TT,CT,TT,CC,TT,TT,GG,AA,TT,CC,AA,CC,GG,GG,GG,CG,NN,CC,TT,CT,AA,TT,AA,AG,TT,TT,CC,CC,GT,AT,AA,GG,CC,TT,AA,AA,GG,AC,AA,TT,TT,AG,TT,AT,CC,GG,TT,GG,AA,GG,CC,AA,GG,AA,TT,GG,TT,TT,AG,GG,GG,CC,AA,GG,AG,AA,CG,TT,CC,TT,CT,AT,TT,NN,TT,CC,TT,CC,CT,CC,GG,AA,TT,TT,CC,AA,AG,AA,CC,GG,TT,CG,GT,AA,AA,TT,CC,AG,CC,GG,CC,GG,TT,AA,CT,CC,CC,CC,AA,TT,CC,AA,CC,CT,AA,TT,AA,AT,GG,CC,CC,GG,AA,AG,AA,CC,TT,CC,CC,AA,AG,GG,TT,GG,AA,TT,CT,GG,CC,TT,TT,TT,CG,AA,GT,CT,AA,TT,GG,NN,AA,CT,CC,CC,GG,CC,AA,GG,AG,CC,TT,CC,GT,TT,CG,AT,AA,AA,TT,CC,CC,AC,AC,CC,GG,GG,AA,GG,TT,AC,AG,CC,GG,AA,CC,AA,TT,GG,TT,AT,AT,GG,GG,AT,CC,TT,GT,AA,GG,AA,TT,AA,TT,CC,CT,AA,CC,TT,CG,AG,CC,AG,CC,TT,TT,TT,GG,TT,AA,AA,AG,GG,CC,CC,GG,NN,GG,AA,AG,CG,TT,GG,CC,CG,AA,GG,CG,AA,CC,AA,AA,AC,CC,AC,TT,AA,GG,AA,AC,AA,AC,GG,AA,AG,AA,AT,GG,AC,AA,CC,AA,CT,AA,AA,GG,GG,GG,TT,AT,AA,GT,TT,TT,AA,TT,GG,CG,AA,4.8,Moderate,High,Standard,Medium
L0098,Bengaluru Rural,Karnataka,Kharif,Red Sandy Loam,Rainfed,720,26.0,70,AA,TT,GG,AA,GG,CC,GG,TT,CC,CG,AA,CC,CC,AT,GT,NN,GG,TT,TT,AG,CC,TT,GT,CT,TT,CC,TT,TT,GG,AA,TT,CC,AG,AC,GG,CG,GG,CG,GG,AC,TT,CT,AA,GT,AG,AG,TT,TT,CC,AC,GT,AA,AG,GG,CC,GT,AA,AA,GG,AC,AA,TT,AA,AG,TT,AT,CT,GG,TT,GG,AG,GG,CC,AA,GG,CC,AT,GG,TT,NN,GG,GG,GG,CC,AA,GG,AA,AA,CC,TT,CC,NN,TT,AT,TT,GG,TT,CC,TT,CC,CT,GG,AG,AA,AT,TT,CC,AA,AG,AA,CC,GG,TT,CC,TT,AA,AC,TT,CC,GG,CG,AG,CC,GG,TT,AA,CC,CG,AC,CC,AA,TT,CC,AA,CC,CC,AA,TT,AA,AA,GG,CC,CC,GG,AA,AA,AA,CC,GT,CC,CC,AA,AA,GG,TT,AG,AC,GT,CC,GG,CC,GT,TT,TT,CC,AA,GT,TT,AT,TT,GG,CC,AG,CC,CC,CC,CG,CC,AA,GG,AA,CC,TT,CC,GT,GT,GG,AT,AA,AG,GT,AC,CG,AA,CC,CC,GG,GG,AA,GG,TT,AA,AA,CC,GT,AA,CC,AA,TT,GT,TT,AT,AA,GG,GG,AT,CG,AT,GG,AA,GG,AA,TT,AA,TT,CG,TT,AC,NN,CT,CG,GG,CG,AG,AC,AT,TT,TT,GG,TT,AA,AC,AG,GG,CC,CC,GG,CC,GG,AA,AG,CC,GG,AG,GG,CG,AA,NN,CG,AA,CC,AA,AA,AC,CG,AC,AT,AG,GG,AA,NN,AC,AA,GG,GG,AG,AA,AT,GG,AC,AA,AA,AA,TT,GG,AA,CG,GG,GG,TT,AA,AG,GT,TT,TT,AG,TT,GG,GG,AA,4.38,Susceptible,Low,Standard,Medium
L0099,Bengaluru Rural,Karnataka,Kharif,Red Sandy Loam,Rainfed,720,26.0,70,AC,CC,GG,GG,GG,CC,GG,AT,CC,GG,AA,CC,CG,AT,TT,GG,GG,AT,TT,AG,GG,TT,TT,CT,TT,CC,TT,AT,GG,AA,TT,CC,AA,CC,GG,CG,GG,CC,GG,CC,TT,TT,AA,TT,AG,GG,TT,AA,CC,AC,GG,AA,AA,GG,CT,TT,AA,AA,TT,AA,AA,TT,AT,AG,TT,AT,CC,GG,TT,GG,AG,GG,CC,AA,AG,CC,AT,GG,GT,TT,GG,GG,GG,CC,AA,GG,AA,AT,CC,GT,AC,TT,CC,AT,GT,GG,TT,AC,TT,CC,CC,CG,GG,AA,TT,TT,CC,AA,AG,AA,CT,GG,TT,CC,TT,AA,AC,TT,CC,AG,CG,GG,CC,GT,CT,AA,CT,CC,CC,CC,AA,TT,CC,AA,CC,CC,AA,TT,AA,AA,GG,CT,CC,GG,AA,AA,AA,CC,GG,CG,CG,AA,AG,GG,TT,GG,AC,TT,CT,GG,CC,TT,TT,CT,CC,AT,TT,TT,AA,TT,GG,CC,AA,CC,CC,CC,CC,CC,AA,GG,GG,CC,TT,CC,GG,TT,GG,AT,NN,AG,TT,AC,GG,AA,AC,CC,GG,GG,AA,GG,TT,AA,AA,CG,GG,AT,CC,AA,AT,GG,TT,TT,AA,GG,GT,AA,CC,TT,GT,AA,GG,AA,CT,AA,TT,CC,TT,NN,CC,TT,CG,AA,CG,AG,CC,TT,TT,TT,CG,TT,AA,AA,AG,GG,NN,CC,GG,CC,GG,AT,AA,CC,TT,GG,CC,CG,AA,GG,CC,AA,CC,AA,AA,AC,GG,CC,TT,AA,GG,AA,AA,AC,AA,AG,AG,AA,AA,AT,NN,CC,AG,AC,AC,TT,AA,AG,GG,GG,GG,TT,AA,AA,TT,TT,TT,AA,AT,GG,CG,AA,4.03,Susceptible,Low,Premium,Medium
L0100,Bengaluru Rural,Karnataka,Kharif,Red Sandy Loam,Rainfed,720,26.0,70,CC,CT,GG,NN,GG,CC,GT,TT,CC,CC,AA,CC,CC,TT,TT,GG,CG,TT,TT,AA,CC,TT,TT,CT,AT,CC,TT,TT,GG,AA,TT,CT,AA,CC,GG,CG,GG,CG,GG,CC,TT,CT,AA,TT,AA,AG,TT,AT,CC,NN,GT,AA,AA,GG,CC,TT,AA,AA,GG,CC,AA,TT,TT,AG,CT,AT,CC,GG,TT,GT,AG,GT,CC,AG,GG,AA,AT,GG,GG,TT,GG,TT,GG,CC,AT,GG,AA,AA,CC,TT,AC,TT,TT,TT,NN,GG,TT,AC,NN,CC,CC,CC,GG,AA,NN,GT,CC,AA,GG,AA,CC,GG,TT,CC,TT,AA,AA,TT,CC,AG,CC,GG,CC,GG,TT,AA,CC,CC,AC,CC,AA,TT,AC,AA,CC,CT,AA,TT,AA,TT,GG,CC,CC,GG,AA,AA,AT,CC,GG,CC,CC,AA,AA,GG,GT,AG,AA,NN,CT,GG,CC,TT,TT,TT,CC,AT,GT,TT,AA,TT,GG,CC,AA,CT,CC,CC,GG,CC,AA,GG,AG,CC,TT,CG,GT,TT,GG,AT,AA,AA,TT,AC,GG,AA,NN,CC,GG,GG,AC,GG,TT,AA,AA,CC,GG,AA,CC,AA,AA,GG,TT,AA,AA,GG,GG,AA,CC,TT,GT,AA,GG,AA,CT,AA,AT,CC,TT,AA,CC,CT,GG,GG,CC,AA,CC,TT,TT,TT,GG,TT,AC,AC,AG,GG,CC,GG,GG,CG,GG,AA,AA,CC,TT,GG,CG,CC,AA,AG,CC,AT,CG,AT,AA,AC,CG,CC,TT,AA,CG,AA,AA,AA,AA,AG,AA,AG,AA,TT,GG,AC,AA,AC,AC,CC,AA,AA,GG,GG,CG,TT,AA,AG,GT,AT,TT,AG,TT,GG,GG,AA,3.99,Susceptible,High,Standard,Late
L0101,Bengaluru Rural,Karnataka,Kharif,Red Sandy Loam,Rainfed,720,26.0,70,AA,TT,GG,AA,GG,CC,GT,TT,CC,CG,AA,CC,CG,AT,TT,GG,GG,AT,TT,AA,CC,TT,GT,CC,TT,CT,GT,TT,GT,AA,CT,CC,AA,CC,GG,CC,GG,CG,GG,CC,TT,CT,AA,TT,AA,AG,CT,AT,CC,AA,GG,AT,AG,GG,CT,TT,AA,AA,GT,AA,AA,TT,AT,AA,TT,AT,CC,GG,TT,TT,GG,GG,AC,AA,GG,AC,AT,GG,TT,TT,GG,GG,GT,CC,AT,GG,AA,AA,CC,TT,CC,TT,CT,TT,TT,GG,TT,CC,GT,CC,CC,CG,AA,AG,AT,TT,CC,AA,AA,AA,CT,GG,NN,CC,GT,AA,AA,TT,CC,AA,CC,AA,CC,GT,TT,AA,CC,CC,AC,CG,AA,GT,AC,AA,NN,CT,AA,TT,AA,AA,GG,CC,CC,AG,AA,AG,AA,AA,GT,CC,CG,AA,GG,GG,TT,GG,AC,TT,TT,GG,AA,GT,GT,TT,CC,AA,TT,CT,AA,TT,GG,NN,AG,CC,CC,CC,GG,CC,AA,GG,AG,CC,TT,CC,NN,TT,GG,AT,AA,AA,TT,CC,GG,CC,CC,CC,NN,AG,AC,GG,TT,AC,AA,CC,GG,AA,CC,AA,AT,GG,TT,TT,AA,GG,GT,AA,CG,AT,TT,AA,GG,AA,TT,AA,TT,CC,TT,AC,CC,TT,CG,NN,CC,AA,AC,TT,CT,TT,GG,TT,AA,AC,AA,GG,CC,CC,NN,CC,GG,TT,AG,CC,TT,GG,CC,CC,AA,GG,CC,AA,CC,AA,AG,CC,GG,AC,AT,AA,GG,AA,AC,AC,AA,AA,AG,AA,AA,AT,GG,AA,AG,AC,AC,CT,AA,AA,CG,GG,GG,TT,AT,AA,TT,TT,TT,NN,TT,GG,CG,AA,2.16,Susceptible,Low,Poor,Late
L0102,Bengaluru Rural,Karnataka,Kharif,Red Sandy Loam,Rainfed,720,26.0,70,AC,TT,GG,AA,GG,CC,GG,TT,CC,CC,AA,CT,CC,TT,TT,GG,CC,TT,NN,AA,CG,NN,GT,CC,TT,CC,GT,TT,GG,AA,TT,CT,AA,CC,GG,CG,GG,CG,GG,CC,TT,TT,AC,TT,AA,AA,TT,AT,CC,CC,GG,AT,AG,GG,CC,GT,AT,AC,GT,NN,AA,TT,AT,AA,CT,TT,CT,GG,TT,GG,AA,GG,CC,AA,AG,CC,AA,GG,GT,TT,GG,GG,GG,CC,AT,GG,AA,AT,CC,GT,AC,TT,CC,TT,GT,GG,CT,CC,TT,CC,CT,CC,AA,AA,TT,TT,CG,NN,AG,AA,CC,GG,TT,CC,TT,AC,NN,TT,CC,NN,CG,GG,CC,GT,TT,AG,CC,CG,AC,CG,AA,GT,CC,AA,CC,CT,AA,AT,AA,AT,GG,CC,CC,GG,AG,AA,AA,CC,GG,CC,CC,AA,AA,GG,TT,GG,AC,TT,TT,GG,CC,GT,TT,TT,CC,AT,GT,TT,AA,TT,GG,CG,AA,CT,CC,CC,GG,CC,AA,GG,AG,AC,TT,CC,GG,TT,GG,AT,AA,AA,TT,CC,GG,AA,CC,CC,GG,GG,AA,GG,TT,AC,AA,CC,GT,AA,CC,AA,AA,GG,TT,AA,AT,GG,GG,AA,CC,TT,NN,AA,GG,AA,CT,AA,TT,CC,TT,AC,CC,TT,CG,AA,CC,NN,CC,TT,TT,TT,GG,TT,AA,AC,AG,GG,CG,CC,GG,CC,GG,TT,AA,CC,GG,GG,CC,CC,AA,AG,CC,AA,CC,AA,AA,AC,GG,AC,TT,AA,GG,AA,AA,AC,AA,AG,AG,AA,AA,TT,GG,AA,AA,CC,AC,CT,AA,AA,GG,GG,GG,GT,AA,AA,GT,TT,TT,AA,TT,GG,GG,AC,2.23,Resistant,High,Poor,Late
L0103,Bengaluru Rural,Karnataka,Kharif,Red Sandy Loam,Rainfed,720,26.0,70,AA,TT,AG,AG,CG,CC,GT,NN,CC,CC,AA,CC,CC,TT,TT,GG,GG,TT,TT,AA,CC,GT,GT,CC,AT,CC,TT,TT,GG,AC,TT,CC,AG,CC,AG,CG,GG,GG,GG,CC,TT,TT,AA,GT,AA,AG,TT,TT,CC,AC,GT,AT,AA,GG,TT,TT,AA,AC,GT,AA,AA,TT,AA,AG,TT,AA,CC,GG,NN,TT,AA,GG,CC,AA,GG,CC,AA,GG,TT,TT,GG,GG,GG,AC,AA,GG,AA,AT,CC,TT,CC,TT,CT,TT,TT,GG,CT,CC,GT,CC,CC,CG,GG,AA,TT,TT,CG,AG,AA,AA,CC,GG,TT,CC,TT,AC,AC,TT,CC,GG,CC,GG,CC,GG,TT,AA,CT,CC,CC,CC,AA,TT,CC,AA,CC,CC,AA,TT,AA,AA,GG,CC,CC,GG,AA,AA,AA,CC,GG,CC,CC,AA,AA,GG,TT,NN,AC,GT,TT,GG,NN,GT,TT,TT,CG,AA,GT,TT,AT,AA,GG,CC,AG,TT,CC,CC,GG,CC,AA,GG,GG,CC,TT,CC,GG,TT,GG,AT,AA,AG,TT,CC,GG,AA,CC,CC,GG,AA,AA,GG,TT,AA,AA,CC,GG,AA,CC,AA,AT,GG,TT,TT,TT,CC,TT,AT,CC,AT,TT,NN,GG,AA,TT,AA,TT,CC,TT,AA,CC,TT,GG,AG,NN,AA,CC,TT,TT,NN,GG,AT,AA,CC,AG,GG,CC,CG,GG,CC,GG,AT,AA,CC,TT,GG,CC,CG,AA,GG,CC,AA,CC,AA,AA,CC,CC,AA,TT,AA,GG,AA,AA,AA,AA,AA,AG,AA,AA,AT,CC,AA,AG,CC,AA,CT,AG,AG,GG,GG,GG,TT,AA,AG,GG,TT,TT,AG,AT,GG,GG,AA,3.46,Susceptible,High,Poor,Medium
L0104,Bengaluru Rural,Karnataka,Kharif,Red Sandy Loam,Rainfed,720,26.0,70,AC,TT,GG,AG,GG,CC,GG,TT,CC,GG,AA,CC,CC,AT,TT,GG,GG,TT,TT,AA,CC,TT,TT,CC,TT,CC,TT,TT,GG,AA,TT,CT,AA,CC,GG,GG,GG,CC,GG,NN,TT,CT,AC,TT,AG,AG,TT,TT,CC,CC,GT,AA,AG,GG,CC,GT,AA,AA,GT,AC,AA,GT,AT,NN,CT,AT,CT,GG,CT,GT,AG,GG,CC,AG,GG,AC,AT,GG,TT,TT,GG,GG,GT,CC,AA,AG,AA,AA,CC,GT,CC,TT,CT,TT,GT,GG,TT,CC,TT,CC,CC,CG,AA,AA,AT,TT,CC,AA,AG,AA,NN,GT,TT,CC,GT,AC,AA,TT,CG,GG,NN,AG,CC,GG,TT,AA,TT,CC,CC,CC,AA,TT,CC,AA,CC,CC,AA,TT,AA,NN,GG,CC,CG,GG,AG,AG,AA,CC,GG,CC,CC,AA,AA,GG,GT,GG,AA,GT,TT,AG,AC,TT,TT,CT,CC,AT,GG,TT,AT,TT,GG,CC,AA,CT,CC,CC,CG,AC,AA,GG,AG,CC,TT,CC,GG,TT,GG,TT,AA,AG,TT,CC,CC,AA,CC,CC,GG,GG,AC,GG,NN,AA,AA,CC,GG,AT,AC,AT,AA,GT,GT,AA,AT,CG,GG,AT,CC,TT,TT,AA,GG,AA,TT,AA,TT,CC,TT,AA,CC,CT,GG,AG,CC,AG,CC,AT,CT,TT,GG,TT,AA,AC,AA,GT,CC,CC,GG,CC,GT,TT,AA,CC,TT,GG,CC,CG,AA,AG,CG,AA,CG,TT,AA,CC,CG,CC,AT,AA,GG,AA,AA,AA,AA,AG,AG,AG,AA,TT,GG,AA,AA,CC,AA,CT,AA,AA,GG,GG,GG,GT,AA,AA,TT,TT,TT,AG,AT,GG,GG,AA,4.04,Susceptible,High,Poor,Medium
L0105,Bengaluru Rural,Karnataka,Kharif,Red Sandy Loam,Rainfed,720,26.0,70,AC,CT,GG,AG,GG,CC,GG,TT,CC,GG,AA,CC,CG,TT,GT,GG,CG,TT,TT,AA,CC,TT,TT,CC,TT,CT,TT,AT,GG,AA,TT,CC,AA,CC,GG,CC,GG,CC,GG,CC,TT,NN,AA,GT,AA,AG,TT,TT,CC,AC,GT,TT,AG,GG,CC,TT,AA,AA,GT,AC,AG,TT,TT,AA,TT,TT,CC,GG,TT,GT,AA,GG,CC,AA,GG,AC,AT,GG,TT,TT,GG,GG,GG,CC,AA,GG,AA,AA,CC,GT,CC,TT,CC,TT,TT,GG,CT,CC,GG,CC,CC,CC,GG,AA,TT,GT,CC,AG,AG,CC,CT,GG,GT,CC,TT,AA,AA,TT,CC,NN,CC,AG,CT,TT,TT,AA,CC,CC,AC,CC,AG,GT,CC,AA,CC,CT,AA,TT,AG,AA,GG,CT,CC,GG,AA,AA,AA,CC,GT,CC,NN,AA,AG,AG,TT,GG,AA,TT,CT,GG,CC,TT,TT,TT,CC,TT,TT,TT,AA,TT,GG,CG,AA,CC,CC,CC,CG,CC,AA,GG,AA,CC,TT,CC,GT,TT,GG,AT,NN,AA,TT,AA,CG,AA,CC,CC,GG,GG,AA,GG,TT,AA,AA,CC,GT,AA,CC,AA,AA,GG,TT,AA,AT,GG,GT,AA,CC,AT,TT,AA,AG,AA,TT,AA,TT,CC,TT,AC,CC,CT,GG,AA,CG,AA,CC,TT,TT,GT,GG,TT,AA,CC,AG,GG,CC,CC,GG,CC,GG,TT,AA,CC,TT,GG,CC,CC,AA,GG,CC,AA,CC,AA,AA,CC,CC,AC,TT,AA,GG,AA,AA,AC,AC,AG,AA,AA,AA,TT,GG,AA,AG,CC,AA,TT,AA,AG,GG,GG,GG,TT,AT,AA,GG,TT,TT,AA,AT,GG,GG,AA,3.65,Susceptible,Low,Standard,Late
L0106,Bengaluru Rural,Karnataka,Kharif,Red Sandy Loam,Rainfed,720,26.0,70,AC,CC,GG,AG,GG,CC,GG,TT,CC,CC,AA,CT,CC,TT,TT,GG,CG,TT,TT,AA,CC,TT,GT,CC,AT,CC,TT,TT,GG,AA,TT,CT,AA,CC,GG,CG,GG,CG,GG,CC,TT,TT,AA,TT,AA,AA,TT,AT,CC,AA,GT,AT,AA,GG,CC,TT,AA,AA,GG,AA,NN,TT,AT,AG,TT,TT,CC,GG,TT,GG,AG,GG,CC,AA,GG,AC,AT,GG,GT,TT,GG,GG,GG,CC,AT,GG,AG,AA,CC,GT,CC,TT,CC,TT,TT,GG,TT,CC,GT,CC,CC,CG,GG,AA,AT,TT,CC,AA,GG,AC,CC,GG,TT,CC,TT,AA,AA,TT,CG,AG,GG,GG,CC,GT,CT,AA,CC,CC,CC,CC,AA,TT,CC,AA,CC,CC,AA,TT,AA,AA,GG,CC,CC,GG,AA,AG,AA,CC,GT,CC,CC,AA,AA,AG,GT,GG,AA,TT,TT,AG,CC,TT,TT,TT,CG,AT,TT,TT,AA,TT,GG,NN,NN,CC,CC,CC,CC,CC,AA,GG,AA,CC,TT,CG,GG,TT,GG,TT,AG,AA,TT,CC,GG,AA,CC,CC,GG,GG,AA,CG,TT,AA,AG,CC,GT,NN,AC,AT,AT,GT,TT,TT,AA,CG,GG,AA,CC,TT,TT,AA,GG,AA,TT,AA,TT,CC,TT,CC,CC,CT,CG,AG,CC,AA,AC,TT,TT,GT,GG,TT,AC,CC,AA,GG,CC,CG,GG,CG,GG,AT,AG,CC,GT,GG,CG,CC,AT,AA,CC,AA,CC,AA,AA,AC,CG,CC,AT,AA,GG,AA,AA,AA,AC,GG,AA,AA,AA,TT,GG,AC,AA,AA,AC,TT,AA,AG,NN,GG,GG,GT,NN,AA,TT,TT,TT,AA,AT,GG,GG,AA,2.6,Susceptible,Low,Poor,Late
L0107,Bengaluru Rural,Karnataka,Kharif,Red Sandy Loam,Rainfed,720,26.0,70,AC,TT,GG,AA,GG,CC,GT,TT,CC,CC,AA,CC,CG,AT,TT,GG,CG,TT,TT,GG,CC,GT,TT,CC,TT,CC,TT,TT,GG,AA,TT,CC,AA,CC,GG,GG,GG,CC,GG,CC,TT,CT,AA,TT,NN,AG,CT,TT,CC,CC,GG,AA,AA,GG,CC,TT,AT,CC,GT,AC,AA,TT,TT,AA,TT,AA,CC,GG,TT,GG,AA,GG,CC,AA,AG,AC,TT,GG,TT,TT,GG,GG,NN,CC,TT,AG,AA,AA,CC,GT,CC,TT,CC,TT,TT,GG,TT,CC,TT,CT,TT,CC,AG,AA,TT,TT,CC,AA,AA,AC,CT,GG,TT,CC,TT,AC,AC,TT,CG,GG,GG,GG,CC,GG,CT,AG,CC,CC,AC,CC,AA,TT,AC,AA,CC,CC,AA,TT,AA,AT,GG,CT,CG,GG,AA,AG,AT,CC,GG,CC,CC,AG,AA,GG,TT,GG,AC,TT,TT,GG,AC,TT,TT,TT,CC,AA,TT,CT,AA,TT,GG,CC,AA,CT,CC,CC,CG,AC,AA,GG,AG,CC,TT,CC,GG,TT,GG,AT,AA,AA,TT,AC,GG,AA,CC,CG,GG,GG,AA,GG,TT,AA,AA,CC,GT,AA,AC,AA,AT,GG,TT,TT,AT,GG,GT,AT,CC,TT,GG,AA,GG,AA,CT,AA,TT,CC,TT,AC,AC,CT,GG,AA,CC,AA,CC,TT,CT,TT,GG,TT,AA,AC,AA,GG,CC,CG,GG,CC,GG,TT,AA,CG,GG,GG,CC,CC,AA,GG,CC,AA,CC,AA,AA,AC,CC,AC,TT,AA,GG,AA,AC,AA,AA,AG,AG,GG,AA,TT,GG,AA,AA,AC,NN,CC,AA,AA,GG,GG,GG,TT,AA,AA,TT,TT,AT,AG,TT,GG,GG,AA,3.94,Moderate,Medium,Poor,Late
L0108,Bengaluru Rural,Karnataka,Kharif,Red Sandy Loam,Rainfed,720,26.0,70,AA,TT,GG,AA,GG,CC,GG,TT,CC,CG,AA,CC,CC,TT,TT,NN,GG,TT,TT,AG,CC,TT,GT,CC,AT,CC,TT,TT,GG,AA,CT,CC,AA,CC,AG,GG,GG,CG,GG,AC,TT,CT,CC,TT,AA,GG,TT,TT,CC,AC,GT,AA,AA,GG,CC,TT,AA,AA,GT,AA,AA,NN,TT,AA,TT,TT,CC,GG,TT,GG,AA,GT,CC,AA,AG,AA,AA,GG,TT,TT,GG,GT,GG,CC,AA,GG,AA,AT,CC,GT,CC,TT,CC,TT,TT,GG,TT,CC,TT,CC,CC,CC,AG,AA,TT,TT,CC,AA,AA,AA,CT,GG,TT,CG,GT,AA,AA,TT,CC,AG,CC,GG,CC,GG,CT,AA,CC,CC,CC,CC,AG,TT,AC,AA,CC,CC,AG,AT,AA,AT,GG,CT,CC,GG,AA,AG,AT,NN,NN,CC,CC,AA,AA,GG,GT,GG,AC,TT,TT,GG,CC,GT,GT,CT,CG,AA,TT,CC,AA,AA,GG,CC,AA,CC,AC,CC,CG,CC,AA,GG,AA,CC,TT,CC,GG,TT,CG,AT,AA,AA,TT,CC,GG,AA,AC,CC,GG,GG,AA,CG,TT,AC,AA,CC,GG,AA,CC,AT,AT,GT,TT,NN,TT,GG,GT,AT,CC,AT,GT,AA,GG,AA,CT,AA,TT,CC,CT,AA,CC,TT,GG,AG,CC,AA,CC,AT,CT,GT,GG,TT,AC,AC,AG,GG,CC,CC,GG,CC,GG,AT,AA,CG,TT,GG,CG,CC,AA,GG,CC,AA,CC,AT,AA,CC,CC,CC,TT,AA,CG,AT,AA,AA,AC,AG,AG,AG,AA,TT,CG,AC,AG,CC,AA,CT,AA,AA,GG,GG,GG,TT,AA,AA,GT,TT,TT,AA,AT,GG,GG,AA,1.84,Susceptible,Low,Premium,Early
L0109,Bengaluru Rural,Karnataka,Kharif,Red Sandy Loam,Rainfed,720,26.0,70,AC,TT,GG,AG,NN,CC,GG,TT,CC,CC,AA,CC,CG,TT,GG,GG,CG,TT,TT,AG,CC,GT,GT,CC,AT,CC,TT,AT,GG,AA,TT,CC,AA,CC,GG,GG,GG,CG,GG,CC,TT,TT,AC,TT,AG,AG,TT,AT,CC,AC,GG,TT,AA,GG,CC,TT,AT,AA,TT,AC,AG,GG,AT,AG,CT,AT,CC,GG,TT,GT,AG,GG,AC,AA,GG,AC,TT,GG,TT,TT,GG,NN,GG,CC,AA,GG,AA,AA,CC,GT,AA,TT,CT,TT,TT,AG,CT,AC,GT,CC,CT,CG,AG,AA,TT,TT,CC,AA,AG,AC,CC,GG,TT,CC,GT,AA,AC,TT,CC,AG,CC,GG,CT,GT,TT,AA,CC,CC,CC,CC,AA,TT,CC,AA,CC,CT,AG,TT,AA,AT,GG,CC,CC,GG,AA,AG,AA,CC,GT,CC,CC,AA,AA,AG,GT,AG,AC,GT,CT,GG,NN,TT,TT,TT,CC,AT,TT,TT,AA,NN,GG,CC,AA,NN,CC,CC,CG,CC,AT,GG,AA,CC,TT,CC,GT,TT,GG,TT,AA,AA,TT,CC,GG,AC,CC,CC,GG,GG,AC,CG,TT,AA,AA,CC,GG,AA,CC,AA,AT,GG,TT,AT,AA,CG,TT,AT,CC,AT,GT,AA,GG,AA,CT,AA,TT,CC,TT,AA,CC,CT,GG,AA,CC,AA,CC,AT,TT,NN,GG,TT,AA,CC,AA,GG,CC,CG,GG,CC,GG,AT,AA,CC,TT,GG,CC,GG,AA,AG,CG,AA,CC,AA,AA,CC,CG,AC,AT,AA,GG,AA,AA,CC,AC,GG,AG,AG,AA,TT,GG,AA,AG,CC,AC,CC,AA,NN,CG,GG,GG,TT,AA,AA,TT,TT,TT,AG,TT,GG,CG,AA,3.33,Susceptible,Medium,Poor,Late
L0110,Bengaluru Rural,Karnataka,Kharif,Red Sandy Loam,Rainfed,720,26.0,70,AC,TT,GG,AG,GG,CG,GG,AT,CC,CG,AA,CC,CG,TT,NN,NN,GG,TT,TT,AA,CC,TT,TT,CC,TT,CC,TT,TT,GG,AA,TT,CC,AA,CC,GG,CG,GG,CC,GG,CC,TT,CT,AA,GG,AA,AA,CT,TT,CC,AC,GG,AA,AA,GG,CC,GT,AA,AA,GT,AC,AA,TT,AT,AA,CT,TT,CC,GG,TT,GG,AA,GG,CC,AA,GG,AC,AA,AG,TT,TT,GG,GG,GG,CC,AA,GG,AA,AA,CC,TT,CC,TT,CC,AT,TT,GG,TT,AC,GG,CC,CC,CC,AG,AA,AT,TT,CG,AA,AA,AA,NN,GG,TT,NN,TT,AC,AA,TT,CG,AG,CC,GG,CC,GT,TT,AG,CT,CC,CC,CC,AA,TT,CC,AA,CC,CC,AA,TT,AG,TT,GG,CT,CC,GG,AA,NN,AA,CC,GG,CG,CC,AG,NN,GG,TT,GG,AA,GT,NN,GG,CC,TT,GG,CT,CC,AA,GG,NN,AA,TT,CG,CC,AA,CT,CC,NN,GG,AC,AA,GG,AG,CC,TT,CG,TT,GT,GG,TT,AA,AG,TT,AC,GG,AC,CC,CC,GG,GG,AA,GG,TT,AA,AA,CC,GG,AA,CC,AA,AA,GT,TT,TT,AA,CG,GT,AT,CC,AT,TT,AA,GG,AA,TT,AA,TT,CC,TT,AA,AC,TT,GG,AG,CC,GG,CC,TT,TT,TT,GG,NN,AC,AC,AA,GT,CC,CC,GG,CC,GG,TT,AG,CG,TT,GG,CC,CC,AA,GG,CG,AA,CC,AA,AA,CC,CC,AA,TT,AA,GG,AA,AA,AC,AA,GG,AG,AA,AA,TT,GG,AA,AA,AA,AA,CC,AA,AA,GG,GG,CG,TT,AT,AA,GT,TT,TT,AG,AT,GG,GG,AA,4.23,Susceptible,Medium,Standard,Early
L0111,Bengaluru Rural,Karnataka,Kharif,Red Sandy Loam,Rainfed,720,26.0,70,AC,TT,GG,AG,GG,CC,GT,TT,CC,CG,AA,CC,CC,AT,GT,GT,CC,TT,TT,GG,CC,TT,TT,CT,TT,CC,TT,AT,GG,AA,TT,CC,AA,AC,AG,GG,GG,CG,GG,CC,TT,CT,AC,GT,AA,AA,TT,AT,CC,CC,TT,AT,AA,GG,CC,GT,AA,AA,GT,AA,AA,GT,NN,AA,TT,TT,CC,GG,TT,GG,AA,GG,CC,AA,AG,AC,AA,NN,TT,TT,NN,GT,GG,CC,AA,GG,AA,AA,CC,GG,CC,TT,CT,AT,NN,GG,CT,CC,TT,CC,CC,CG,NN,AG,AA,TT,CC,AA,AA,AC,TT,GG,TT,CG,GT,AC,AA,TT,CC,GG,CC,AG,CC,GT,TT,AA,CC,CG,CC,CC,AA,TT,CC,AA,CC,CT,AA,TT,AA,AA,GG,CC,CC,GG,AA,AG,AA,CC,GT,CC,CC,AA,AA,GG,TT,GG,CC,GT,CC,GG,CC,TT,TT,TT,GG,AA,TT,TT,AA,AA,GG,CC,AA,CT,CC,AC,CG,AC,AT,GG,GG,CC,TT,CC,TT,TT,CG,TT,AG,AA,TT,CC,GG,AA,NN,CC,NN,AG,CC,GG,TT,AC,AA,CC,GG,AA,AC,AT,AT,GG,TT,TT,AA,GG,GT,AA,CG,TT,TT,AA,GG,AG,CT,AA,TT,CC,TT,AC,CC,TT,GG,GG,CG,AG,CC,TT,TT,GT,GG,TT,AA,CC,AG,GG,CC,CG,GG,CC,GG,TT,AA,CC,TT,GG,CC,NN,AA,GG,CC,AA,CC,AT,AA,CC,CG,CC,TT,AA,CG,AA,AA,AA,AA,GG,AA,AA,AA,TT,GG,AC,AG,AC,AA,TT,AG,AG,GG,GG,GG,TT,AA,AG,TT,TT,TT,AA,AT,GG,GG,AA,1.94,Moderate,High,Poor,Late
L0112,Bengaluru Rural,Karnataka,Kharif,Red Sandy Loam,Rainfed,720,26.0,70,AA,TT,GG,AG,GG,CC,GT,TT,CC,CC,AA,CT,CC,TT,GT,GG,GG,TT,TT,AA,CC,GT,GT,CC,TT,CC,TT,TT,GG,AA,CT,CT,AA,CC,GG,GG,GG,CC,GG,CC,TT,TT,AA,TT,AA,AA,CT,AT,CC,AC,GG,AA,AA,GG,CT,TT,AA,AC,TT,AC,AG,GT,TT,AG,TT,TT,CC,GG,TT,TT,AG,GG,CC,AA,GG,AC,AT,GG,TT,CC,GG,GG,GT,CC,AT,GG,AA,AA,NN,GT,CC,TT,TT,TT,TT,AG,TT,CC,TT,CT,CT,CC,AA,AA,TT,TT,CG,AA,GG,AA,CC,GG,TT,CC,TT,AA,AA,TT,CC,GG,CG,GG,CC,GT,TT,AA,CC,CC,CC,CC,AG,TT,CC,AA,AC,CC,AG,AT,AA,AA,CG,CC,CG,GG,AA,AA,AA,CC,GG,CC,CC,AG,GG,AG,TT,GG,AC,TT,CT,GG,AC,GT,GT,TT,CG,AA,TT,TT,AA,AT,GG,CC,AG,CC,CC,CC,GG,CC,AA,GG,AG,CC,NN,CC,GT,TT,GG,AT,AA,AA,TT,CC,GG,AA,AC,CC,GG,GG,AA,GG,TT,AC,AA,CC,GG,AA,AC,AT,AA,GG,TT,TT,AA,NN,GT,AA,CG,TT,TT,AA,GG,AA,CT,AA,TT,CC,TT,AC,CC,TT,CG,AG,CC,AA,CC,TT,TT,GG,GG,TT,AA,CC,AA,GG,CC,CC,GG,CC,GG,AT,AA,CC,GG,GG,CC,CC,AA,GG,CG,AA,CC,AA,AA,CC,CC,AC,AT,AA,GG,AA,NN,AA,AA,GG,GG,AA,AA,AT,GG,AA,AG,AC,AC,CT,AA,AA,GG,GG,GG,GT,NN,AG,GT,TT,AT,AA,TT,GG,GG,AC,4.37,Resistant,Medium,Poor,Medium
L0113,Bengaluru Rural,Karnataka,Kharif,Red Sandy Loam,Rainfed,720,26.0,70,AC,TT,GG,AG,GG,CG,GG,AT,CC,CC,AA,CT,CC,TT,TT,GG,CG,TT,TT,AG,CC,GT,TT,CC,TT,CC,TT,TT,GG,AA,TT,CT,AA,CC,GG,GG,GG,GG,GG,CC,TT,CC,AA,GT,AA,GG,CT,TT,CC,AA,GG,AA,AA,GG,CC,TT,AA,AA,GG,AC,AA,GT,AT,AA,TT,TT,CC,GG,TT,GG,AA,GG,CC,AA,AG,CC,TT,GG,TT,TT,GG,GT,GT,CC,AT,GG,AA,AA,CC,GT,AC,TT,CC,AT,TT,GG,TT,CC,NN,CC,CT,CG,GG,AA,TT,NN,CC,AA,AA,AA,NN,GG,TT,CC,TT,AA,AA,TT,CC,GG,CC,GG,CC,GG,TT,AA,CC,CC,AC,CC,AA,TT,CC,AC,CC,CT,AA,TT,AG,AA,GG,CT,CC,GG,AA,AA,AA,CC,GT,CC,CC,AA,AA,GG,TT,GG,AC,NN,NN,GG,CC,TT,TT,CT,CC,AA,GG,TT,AT,TT,CG,CC,AG,TT,CC,CC,CG,AC,AA,GG,AG,CC,TT,CC,GT,TT,GG,TT,AA,AA,TT,CC,GG,AA,AC,CC,GG,NN,CC,GG,TT,CC,AA,CC,GG,AT,AC,AA,TT,GG,TT,AT,AA,GG,GG,AT,CC,TT,GT,AA,GG,AA,CC,AA,TT,CC,TT,AA,AC,TT,GG,AG,CC,AA,AC,TT,TT,GT,NN,TT,AA,CC,AA,GG,CC,CC,GG,CG,GG,AT,AA,CC,TT,GG,CC,CC,AA,AG,CG,AA,CC,AT,AA,CC,CC,AC,TT,AA,GG,AA,AA,AA,AA,AA,AG,AA,AA,TT,GG,AA,GG,AA,AA,TT,AA,AA,GG,GG,GG,TT,AA,AA,GT,TT,TT,GG,NN,GG,GG,AA,2.85,Susceptible,High,Premium,Late
L0114,Bengaluru Rural,Karnataka,Kharif,Red Sandy Loam,Rainfed,720,26.0,70,AA,TT,AG,AG,GG,CC,GT,AT,CC,CC,AA,CT,CG,TT,TT,GG,GG,TT,TT,AA,CC,TT,TT,CC,TT,CC,TT,TT,GG,AC,TT,CC,AA,CC,GG,GG,GG,CC,GG,CC,TT,CT,AA,TT,GG,AG,TT,AT,CC,CC,GT,AA,AA,GG,CC,TT,AA,AA,GG,AA,AA,GT,AT,AG,TT,TT,CC,GG,TT,GG,AA,TT,CC,AA,AG,AA,TT,GG,TT,TT,GG,GG,GT,CC,AA,GG,AG,AT,CC,TT,CC,TT,CC,TT,TT,GG,TT,CC,GT,CC,TT,CC,GG,AA,TT,TT,CC,AA,AG,AA,CC,GG,TT,CG,TT,AA,AC,TT,CC,GG,CC,GG,CT,GT,CT,AA,CC,CC,CC,CC,AA,TT,CC,AA,AC,CC,AG,TT,AA,AA,GG,CT,CC,GG,AA,AG,AA,CC,GG,CC,CC,AA,AA,AA,TT,AG,AA,GT,TT,GG,NN,GT,GT,TT,CG,AA,GT,CT,AA,TT,GG,CC,AA,CC,CC,CC,CG,AC,AA,GG,AA,CC,TT,CC,GT,TT,CC,TT,AA,AA,TT,CC,GG,CC,CC,CC,GG,GG,CC,GG,TT,AA,AA,CC,GG,AA,CC,AA,AA,GG,TT,AT,AT,GG,TT,AT,CC,AA,TT,AA,GG,AA,TT,AA,TT,CC,TT,AC,CC,TT,CG,AG,CC,AG,CC,TT,TT,GG,GG,TT,AA,CC,AA,GG,CC,CC,GG,CC,GG,TT,AA,CG,TT,GG,CC,CG,AA,GG,CC,AA,CC,AA,AA,AC,CC,AC,TT,AA,GG,AA,AC,AA,AA,GG,AA,AA,AA,AT,GG,AA,NN,AA,CC,CC,AA,AA,GG,GG,GG,TT,AA,GG,TT,TT,TT,AA,AT,GG,CG,AC,2.67,Resistant,Low,Standard,Early
L0115,Bengaluru Rural,Karnataka,Kharif,Red Sandy Loam,Rainfed,720,26.0,70,AA,TT,AG,AG,GG,CC,GG,AT,CC,GG,AT,CC,GG,TT,TT,GG,CG,TT,TT,AA,CC,TT,GG,CC,TT,CC,TT,TT,GG,AA,CT,CT,AA,CC,GG,CC,GG,CG,GT,CC,TT,CC,AA,TT,AG,GG,CT,TT,CC,CC,GG,AA,AA,GG,CT,TT,AA,AA,GG,AC,AG,TT,TT,AA,TT,TT,CC,GG,TT,GG,AG,GG,CC,AG,AG,AC,AT,GG,TT,TT,GG,GG,GT,CC,AA,GG,AA,AA,CC,GT,AC,TT,CC,TT,TT,AG,TT,CC,GG,CC,CC,CC,GG,AA,AT,TT,CG,AA,AG,AC,CC,GG,GT,CC,TT,AA,AA,AT,CG,AG,CC,GG,CC,GT,CT,AA,CC,CC,AC,CC,AA,TT,AC,AA,CC,CC,AA,TT,AA,AA,GG,CC,CC,GG,AA,AG,AA,CC,GG,CC,CC,AA,AA,GG,TT,GG,AA,TT,TT,GG,CC,GT,GT,TT,CC,AA,TT,TT,AT,TT,GG,CC,AG,CC,CC,CC,GG,CC,AA,NN,AA,CC,TT,CG,TT,TT,GG,TT,AA,AG,TT,AC,GG,AA,CC,CC,GG,GG,AC,CC,TT,AA,GG,NN,GG,NN,CC,AA,AA,GT,TT,AT,AT,CG,GT,AA,CC,NN,GT,AA,GG,AA,TT,AC,TT,CC,CT,AA,CC,TT,GG,AG,CC,AG,CC,TT,CT,TT,GG,TT,AC,AC,AA,GG,CC,CC,GG,CC,GG,TT,AA,CG,GT,GG,CC,CC,AT,GG,CG,AT,CC,AA,AA,CC,CC,AC,TT,AA,GG,AA,AA,AA,AC,GG,AA,AA,AA,TT,GG,AA,AA,CC,AA,TT,AA,AA,GG,GG,GG,TT,AT,AA,TT,TT,TT,AG,TT,GG,CG,AA,3.7,Moderate,Low,Premium,Medium
L0116,Bengaluru Rural,Karnataka,Kharif,Red Sandy Loam,Rainfed,720,26.0,70,AA,TT,GG,AG,GG,CC,GG,AT,CC,CG,AT,CT,CC,AT,TT,GT,CG,TT,TT,AA,CG,GT,TT,CT,TT,CC,TT,TT,GG,AA,TT,CC,AA,CC,GG,GG,GG,CC,GG,CC,TT,TT,AA,GT,AA,AG,TT,AT,CG,CC,GT,AA,AA,GG,CT,TT,AA,AC,TT,AA,AA,TT,AT,AA,TT,TT,CC,GG,TT,GG,AA,GG,CC,AA,AG,AC,AT,GG,TT,TT,AG,GG,GG,CC,AT,GG,AG,AA,CC,GG,CC,TT,CT,AT,TT,GG,CT,CC,TT,CT,CT,CG,GG,AA,AT,TT,CC,AA,AG,AA,CC,GT,TT,CG,TT,AA,AA,TT,GG,GG,CC,GG,CC,GG,TT,AG,CC,CC,CC,CC,AA,TT,AC,AA,CC,CT,AA,TT,AA,AA,GG,CC,CC,GG,AA,AA,AA,CC,GG,CC,CC,AA,AA,AG,TT,AG,AA,TT,CT,GG,CC,TT,TT,CT,CG,AT,GT,TT,AT,TT,GG,CC,AA,CT,CC,AC,CG,CC,NN,GG,AG,CC,TT,CC,TT,TT,GG,AT,AA,AA,TT,CC,GG,AC,AC,CC,GG,GG,AA,GG,NN,AA,AG,CC,GT,AA,AC,AA,AT,GG,TT,TT,AT,CG,GG,AA,CC,TT,GT,AA,GG,AA,TT,AA,TT,CC,TT,AA,CC,TT,GG,AA,CC,AG,CC,AT,TT,TT,GG,TT,AA,CC,AA,GG,CC,CC,GG,CC,GG,TT,AA,CC,GT,AG,CC,CC,AT,GG,CC,AA,CC,AT,AA,CC,CG,AC,AT,AA,GG,AT,AA,AA,AA,GG,AA,AA,AA,TT,CG,AA,AA,AC,AA,TT,AA,AA,GG,GG,CG,TT,AA,AA,TT,TT,TT,NN,AT,GG,NN,AA,5.7,Susceptible,Medium,Standard,Medium
L0117,Bengaluru Rural,Karnataka,Kharif,Red Sandy Loam,Rainfed,720,26.0,70,AC,CT,GG,AG,GG,CC,GG,AA,CC,CG,AA,CC,CG,TT,TT,GT,CG,TT,AT,NN,CC,GT,GT,CC,TT,CC,TT,TT,GG,AA,TT,CC,AA,CC,GG,GG,GG,CC,GG,CC,TT,CT,AA,GT,AA,NN,TT,TT,CC,AC,GT,AA,AA,GG,CC,GG,AA,AA,GT,AA,AA,GT,AT,AG,TT,TT,CC,GG,TT,GG,AA,GT,CC,AA,AG,AA,AA,GG,TT,TT,GG,GG,GG,CC,AA,GG,AA,AT,CC,GG,CC,TT,CT,AT,GT,AG,CT,CC,TT,CC,CT,CC,GG,AG,TT,TT,CC,AA,AG,AA,CT,GG,TT,CC,GT,AC,AA,TT,CC,GG,CC,AG,CC,GG,NN,AA,CC,CC,CC,CG,AA,GT,CC,AA,CC,CC,AA,TT,AA,AA,GG,CC,CC,GG,AA,GG,AT,CC,GG,CC,CC,AA,AA,GG,GT,GG,AA,GG,CC,GG,CC,TT,GG,CT,CC,AT,GT,TT,AA,TT,GG,CC,AG,CT,CC,CC,GG,CC,NN,GG,AA,CC,TT,CC,GT,GT,GG,AA,AA,AA,TT,CC,CG,AA,CC,CC,GG,GG,AC,GG,TT,AC,AA,CC,GT,AA,CC,AA,AA,GT,TT,AT,AA,GG,TT,AT,NN,TT,NN,AA,GG,AA,CT,AA,TT,CC,CT,AA,CC,CT,GG,AG,CC,GG,CC,TT,TT,GT,GG,AT,AA,CC,AA,GG,CC,CG,GG,CC,GG,AT,AA,CC,TT,GG,CC,CC,AA,AG,CG,AT,CC,AA,AA,CC,CG,CC,TT,AA,GG,AA,AA,CC,AA,AG,AG,AA,AA,TT,GG,CC,AA,CC,CC,CT,AA,AA,GG,GG,GG,TT,AT,AG,TT,NN,TT,AG,TT,GG,GG,AA,3.34,Resistant,Low,Premium,Early
L0118,Bengaluru Rural,Karnataka,Kharif,Red Sandy Loam,Rainfed,720,26.0,70,AC,TT,GG,AG,GG,CC,GT,TT,CC,CC,AT,CC,CG,AT,TT,GT,GG,TT,TT,AA,CC,GT,TT,CT,NN,CC,TT,TT,TT,AA,TT,CC,AG,CC,GG,CG,GG,CC,GG,CC,TT,CT,AA,GT,AA,GG,TT,TT,NN,CC,GT,AA,AG,GG,CC,TT,AA,AA,GT,AA,AA,TT,AT,AA,NN,TT,CC,GG,TT,GG,AA,GG,CC,AG,AG,AC,AT,GG,TT,TT,GG,GT,GG,CC,AA,GG,AA,AA,CC,TT,CC,TT,CT,AA,TT,AG,TT,CC,TT,CC,CC,CG,GG,NN,TT,TT,CC,AA,AG,AA,CC,GG,TT,NN,TT,AA,AA,TT,CC,GG,CG,GG,CT,GT,TT,AA,CT,CC,CC,GG,AA,NN,CC,AA,CC,CC,AA,AT,AA,AA,CG,CC,CC,AG,AA,GG,AA,CC,GT,CC,CC,AG,AG,AG,GT,GG,AC,TT,CT,AG,CC,GT,TT,CT,NN,AT,TT,TT,AA,TT,GG,CC,AG,CT,CC,CC,CG,CC,AA,GG,AA,CC,TT,CC,GT,TT,GG,TT,AA,GG,TT,CC,CG,AA,AC,CC,GG,GG,AA,GG,TT,AA,AA,CC,GG,AT,AA,AT,AA,GG,TT,TT,AT,GG,GT,AA,CC,TT,TT,AA,GG,AA,TT,AC,TT,CC,CT,AC,CC,TT,GG,AG,CG,GG,AC,TT,TT,TT,GG,TT,AA,CC,AA,GG,CC,CG,GG,CC,GG,TT,AA,CC,TT,NN,CG,CC,AA,AG,CC,AT,CC,AA,AA,AC,CG,AC,AT,AA,CG,AA,AA,AA,AA,GG,AA,AA,AA,TT,GG,AA,AA,AC,AC,CT,AA,AA,GG,GG,GG,GT,AT,AG,TT,TT,TT,AG,TT,GG,CG,AA,3.49,Moderate,High,Standard,Medium
L0119,Bengaluru Rural,Karnataka,Kharif,Red Sandy Loam,Rainfed,720,26.0,70,AA,TT,GG,GG,GG,CC,GG,AT,CC,CG,TT,CC,CG,TT,GT,GG,GG,TT,TT,AA,CC,GT,TT,CC,TT,CC,TT,TT,NN,AA,TT,CC,AA,CC,GG,GG,GG,CG,GG,CC,TT,CC,AA,TT,AG,GG,TT,TT,CC,AA,GG,AT,AG,GG,CC,TT,AA,AC,GT,AC,AA,TT,AA,AG,TT,AT,CC,GT,TT,GG,AG,GG,CC,AA,AG,AC,AT,AG,GT,TT,GG,GG,GT,CC,AA,GG,AA,AT,CC,GT,CC,TT,TT,AT,TT,GG,NN,CC,GT,CC,CC,CG,GG,AG,TT,TT,CC,AA,AA,AA,CC,GG,TT,CC,TT,NN,AA,AT,CC,AG,CG,GG,CT,GG,TT,AA,CT,CC,CC,CC,AA,TT,CC,AA,CC,CC,AA,TT,AA,AA,CC,CC,CC,AG,AA,AG,AA,CC,GG,CC,CC,AA,AA,NN,GT,GG,AC,TT,CT,GG,AA,TT,TT,CT,CC,AA,GT,CT,AA,AT,GG,NN,AG,CT,CC,CC,CC,CC,AA,GG,AG,CC,TT,CG,GG,TT,GG,AT,AA,AG,TT,CC,GG,AA,CC,CC,GG,GG,AA,GG,TT,AA,AG,CC,GG,AA,CC,AA,AA,GG,GT,TT,AT,NN,GT,AT,CC,TT,TT,AA,GG,AA,TT,AA,TT,NN,CT,AA,CC,CT,GG,GG,CC,AG,CC,TT,TT,GT,GG,AT,AA,CC,AA,GG,CC,CG,GG,CG,NN,TT,AA,CG,GG,GG,CC,CG,AA,GG,CC,AA,CC,AA,AA,AC,CC,CC,TT,AA,GG,AA,AA,AA,NN,GG,AA,AA,AA,TT,GG,AC,AG,AC,AC,TT,AA,AA,GG,AG,GG,TT,AA,AA,TT,TT,TT,AA,AA,GG,GG,AA,2.19,Susceptible,Medium,Poor,Medium
L0120,Bengaluru Rural,Karnataka,Kharif,Red Sandy Loam,Rainfed,720,26.0,70,AC,TT,GG,AG,GG,CC,GG,AT,CG,CC,AA,CC,CC,TT,TT,GT,CG,TT,TT,AA,CC,GT,GT,CT,TT,CC,TT,TT,GG,NN,TT,CC,AG,CC,GG,GG,GT,GG,GG,CC,TT,CT,NN,TT,AA,GG,TT,AT,CC,AC,GT,AA,GG,GG,CC,GT,AA,AC,GT,AA,AA,TT,AT,AG,TT,AT,CT,GG,TT,GG,AA,GT,AC,AA,GG,AC,AA,GG,TT,TT,GG,GG,GG,CC,AA,GG,AA,AT,CG,GT,AC,TT,CC,TT,TT,GG,TT,AC,GT,CC,CC,GG,GG,AG,AT,TT,CC,NN,AG,AA,CC,GG,TT,CG,GT,AA,AA,TT,CG,GG,CC,AG,CC,GG,CT,AA,CC,CC,AC,CC,AA,TT,CC,AA,CC,CC,AA,AT,AA,AA,GG,CC,CC,AG,AA,AG,AA,CC,GT,CC,CC,AA,AA,AG,GT,GG,AC,TT,TT,GG,CC,GG,TT,TT,CC,AA,TT,CT,AA,AT,GG,CC,GG,CC,CC,CC,GG,CC,AA,GG,GG,CC,TT,CC,GT,GT,CG,AT,AA,AG,TT,CC,CG,AA,CC,CG,GG,GG,CC,GG,TT,AA,AA,CC,GG,AT,AC,AA,AT,GG,TT,AT,AA,GG,GG,AT,CG,TT,GT,AA,GG,AA,TT,AA,TT,CC,TT,AA,CC,TT,GG,GG,CC,AG,NN,TT,CT,GT,GG,TT,AA,AC,AA,GG,CC,CC,GG,CC,GG,TT,NN,CC,TT,GG,CC,CC,AA,AG,CG,AA,CC,AA,AA,AC,CG,CC,TT,AA,GG,AA,AC,AA,AA,NN,AA,AA,AA,TT,CC,AC,AG,CC,AA,CT,AA,AA,GG,GG,GG,TT,AT,AA,GT,TT,TT,AG,TT,GG,CG,AA,4.41,Susceptible,Low,Premium,Medium
L0121,Bengaluru Rural,Karnataka,Kharif,Red Sandy Loam,Rainfed,720,26.0,70,AC,TT,GG,AA,GG,CC,GG,TT,CC,CC,AA,CC,GG,TT,GT,GG,CG,TT,NN,GG,CG,TT,TT,CC,TT,CC,TT,TT,GT,AA,TT,CC,NN,CC,GG,GG,GG,CG,GG,CC,TT,CT,AA,GT,AA,GG,TT,AT,CC,AC,GG,AA,AA,GG,CC,TT,AT,AA,GT,AC,AG,TT,TT,AA,TT,TT,CC,GG,TT,GT,AG,GG,CC,AA,GG,AA,AA,GG,GT,TT,GG,GT,GT,CC,AA,GG,AA,AA,CC,NN,CC,NN,CT,AT,GG,NN,CT,CC,GT,CC,CT,CG,GG,AA,AT,TT,CG,AA,AA,AC,CC,GG,TT,CC,TT,CC,AA,AT,GG,AG,CG,GG,CC,GG,TT,AG,CC,CC,AC,CC,NN,GG,CC,AA,CC,CC,AA,TT,AA,AT,CG,CC,CC,AG,AA,AG,AA,CC,GG,CC,CC,AA,AG,AG,TT,GG,AC,TT,CC,GG,CC,GT,TT,TT,CC,AA,TT,TT,AT,TT,GG,CC,AA,CC,CC,CC,CG,AC,AA,GG,AA,AC,TT,CC,GT,TT,GG,TT,AA,AA,TT,CC,GG,AA,CC,CC,GG,GG,AA,GG,TT,AC,AA,CC,GG,AT,CC,AA,AT,GT,TT,TT,AT,GG,GG,AT,CC,AT,GT,AA,GG,AA,TT,AA,TT,CC,CT,AC,CC,TT,GG,AG,CG,AA,CC,TT,CT,GT,GG,TT,AA,AC,AG,GG,CC,CC,GG,CC,GT,AA,AA,CC,TT,GG,CC,CG,AT,AG,GG,AA,CC,AA,AA,CC,CG,AC,TT,AA,GG,AA,AC,AA,AA,AA,NN,AA,AA,AT,GG,AA,GG,CC,CC,TT,AG,AA,GG,GG,NN,TT,AA,AA,GT,TT,TT,GG,AT,GG,GG,AA,4.32,Susceptible,Medium,Premium,Early
L0122,Bengaluru Rural,Karnataka,Kharif,Red Sandy Loam,Rainfed,720,26.0,70,AC,TT,GG,AA,GG,CC,GG,AT,CC,CG,AA,CT,CC,AT,TT,GT,CG,TT,TT,AG,CC,TT,GT,CC,TT,CC,TT,TT,GG,AA,TT,CC,AA,CC,GG,CG,GG,CG,GG,CC,TT,CT,AA,TT,AA,AG,TT,TT,CC,CC,GG,AT,NN,GG,CC,GT,AT,AC,GG,AC,AA,NN,TT,AA,TT,AT,CC,GG,TT,GT,AA,GG,CC,AA,AA,AC,AA,GG,TT,TT,GG,GG,GG,CC,NN,GG,AA,AA,CC,GG,CC,TT,CT,TT,TT,GG,TT,CC,GT,CC,CC,CG,GG,AA,TT,TT,CC,AA,AG,AA,CT,GG,TT,CC,TT,AA,AC,TT,CC,AG,CG,GG,CC,GG,CC,AA,CC,CC,CC,CC,AA,TT,CC,AA,CC,CC,AA,TT,AA,AT,CG,CT,CC,GG,AA,AG,AT,AC,NN,CC,CG,AA,AA,GG,TT,GG,AC,GT,CT,GG,CC,GT,GT,TT,CC,AA,TT,CT,AA,TT,CG,CC,AA,TT,CC,CC,GG,CC,AA,AG,AA,CC,TT,CC,GT,NN,GG,AT,AA,AG,TT,CC,GG,AA,CC,CG,GG,GG,AA,CG,TT,AA,AA,CC,GT,AA,CC,AA,AT,GG,GT,AT,AA,GG,GG,AA,NN,TT,TT,AA,GG,AA,CT,AA,TT,CC,CT,AA,CC,CT,GG,GG,CC,AG,AC,TT,CC,GT,GG,TT,AA,AC,AA,GG,CC,CG,GG,CC,GG,AT,AA,CG,TT,GG,CC,NN,AA,GG,CC,AA,CC,AA,AA,AC,CC,AC,AT,AA,GG,AA,AA,CC,AA,AA,NN,AA,AA,AT,GG,AA,AA,AC,AC,TT,AA,AA,GG,GG,GG,TT,AA,AA,GT,TT,TT,AG,TT,GG,GG,AA,4.29,Susceptible,Low,Standard,Early
L0123,Bengaluru Rural,Karnataka,Kharif,Red Sandy Loam,Rainfed,720,26.0,70,AC,TT,GG,AG,GG,CC,GT,AT,CC,CG,AA,CT,CG,AT,TT,GG,GG,TT,TT,AG,CG,TT,TT,CC,NN,CC,TT,TT,GG,AA,TT,CC,AA,CC,AG,CG,GG,CC,GG,CC,TT,TT,AA,GT,AA,GG,TT,AT,CC,AC,GT,AT,AA,GG,CT,TT,AA,AC,GT,AC,AA,TT,AT,AA,TT,AT,CC,GG,TT,GG,AA,GG,CC,AA,GG,AA,TT,NN,TT,TT,GG,GG,TT,CC,AT,GG,AA,AA,CC,TT,AC,TT,CT,AT,TT,GG,TT,NN,TT,CC,CT,GG,GG,AA,TT,TT,CG,AA,AA,AA,CC,GG,TT,CC,TT,AA,AA,TT,CG,GG,CC,GG,CC,GG,CT,AG,CC,CC,CC,CG,AA,TT,NN,AA,CC,CT,AA,AT,AA,AT,GG,CC,CC,GG,AG,AA,AA,CC,GT,CG,CC,AA,AG,GG,TT,GG,AA,TT,CT,GG,CC,GT,TT,TT,CC,AT,TT,NN,AA,AT,GG,CC,AG,CT,CC,AC,GG,CC,AA,GG,AG,CC,TT,CC,GT,TT,CG,AT,AA,AA,TT,CC,GG,AA,AC,CC,GG,GG,AA,GG,TT,AA,AA,CC,GG,NN,CC,AA,AA,GG,TT,AT,AA,CG,GT,AA,CG,TT,GT,AA,GG,AA,CT,AC,TT,CC,CT,AC,CC,TT,GG,AA,CC,AA,CC,TT,CC,GT,GG,TT,AA,CC,AA,GG,CC,CG,GG,CC,GG,AT,AG,CG,TT,GG,CC,CC,AA,GG,CG,AT,CC,AA,AA,AC,CC,AA,TT,AA,GG,AA,AA,AA,AA,AG,AG,AA,AA,AT,GG,AA,AA,AA,AA,CT,AA,AA,GG,GG,GG,TT,AA,AA,TT,TT,TT,AA,TT,GG,CG,AA,2.68,Moderate,Low,Standard,Early
L0124,Bengaluru Rural,Karnataka,Kharif,Red Sandy Loam,Rainfed,720,26.0,70,AC,TT,GG,AG,GG,CC,TT,AT,CC,CC,AA,CC,CC,TT,TT,GT,GG,TT,TT,AA,CC,GT,GT,CC,TT,CC,TT,TT,GG,AA,CT,CC,AA,CC,GG,GG,GG,GG,GG,CC,TT,CT,AA,GT,AA,AG,TT,TT,CC,AA,GT,AT,AA,GG,CT,TT,AA,AC,GT,AA,AA,TT,TT,AG,TT,AT,CC,GG,CT,GT,AA,GG,AC,AA,GG,AC,AT,GG,TT,TT,GG,GT,GG,CC,AA,GG,AA,AA,CC,TT,CC,TT,CT,TT,GT,GG,TT,CC,TT,CC,CT,GG,AG,AA,TT,TT,CG,AA,AA,AA,CC,GG,TT,CC,TT,AA,AA,TT,CC,AG,CC,GG,CT,GG,CT,AG,CC,CC,CC,CC,AA,GT,CC,AA,CC,CC,AG,TT,AA,AT,GG,CC,CC,GG,AA,AA,AA,AC,GT,CG,CC,AG,AA,GG,GT,GG,NN,TT,CT,GG,AC,GT,TT,TT,CC,AA,TT,TT,AT,TT,GG,CC,AG,CC,AC,CC,GG,CC,AA,GG,GG,CC,GT,CC,GT,TT,CG,TT,AA,AA,TT,CC,GG,AC,CC,CC,GG,AG,AC,GG,TT,AC,AA,CC,GG,AT,CC,AA,AA,GG,TT,TT,AT,CG,GT,AT,CC,AT,TT,AA,GG,AA,TT,AA,TT,CC,TT,AC,CC,TT,GG,AG,CG,AA,CC,TT,CT,TT,GG,TT,AA,AC,GG,GG,CC,CG,GG,CG,GG,AA,AA,CG,TT,AG,CG,GG,AA,GG,CC,AT,CC,AA,AA,AC,CC,CC,AT,AA,GG,AT,AA,CC,AA,GG,GG,AA,AA,TT,CG,AC,AA,AC,AA,CT,AA,AA,GG,GG,GG,TT,AA,AG,GT,TT,TT,AA,TT,GG,CG,AA,4.73,Susceptible,Low,Poor,Late
L0125,Bengaluru Rural,Karnataka,Kharif,Red Sandy Loam,Rainfed,720,26.0,70,AC,CT,AG,AG,GG,CG,GG,AT,CC,CC,AA,CC,CG,TT,TT,GG,GG,TT,AT,AG,GG,TT,GT,TT,TT,CC,TT,AT,GT,AA,TT,CC,AA,CC,GG,GG,GG,CC,GG,CC,TT,CT,AA,GT,AG,GG,TT,AT,CC,AC,GT,AA,AA,GG,CT,GT,AA,AA,GT,NN,AA,TT,AT,GG,TT,AA,CC,GG,TT,GG,AG,GT,CC,AA,AG,AC,AA,GG,GT,TT,GG,GG,GG,CC,AT,GG,AG,AA,CC,GG,CC,GT,CT,TT,GT,GG,TT,CC,TT,CC,CC,CG,AG,AA,TT,TT,CC,AA,AG,AA,CT,GG,TT,CC,TT,AC,AA,TT,CC,GG,CC,AG,CT,TT,TT,AG,CT,CC,CC,CC,AA,TT,CC,AA,CC,CC,AA,TT,AA,AT,GG,CC,CC,AG,AG,AG,AA,CC,GT,CC,CC,AA,AG,AG,TT,GG,AA,TT,CT,GG,AC,TT,TT,TT,CC,AA,GT,TT,AT,TT,GG,CC,AA,TT,AC,CC,GG,CC,AA,GG,AA,CC,TT,CC,GT,TT,CG,TT,AA,AA,TT,CC,GG,AA,AC,CG,GG,GG,AA,GG,CT,AC,AA,CC,GG,AT,AC,AT,AA,GG,TT,AT,AT,GG,GT,AT,CG,AT,TT,AA,NN,AA,TT,AA,TT,CC,TT,CC,CC,TT,CC,AA,CC,AG,CC,TT,CT,GG,GG,TT,AA,AC,AA,GG,CC,CG,GG,CC,GG,AT,AA,GG,GT,GG,CC,CC,AA,AG,CC,AT,CC,AA,AA,AC,CC,CC,TT,AA,CG,AA,AA,AA,AA,AG,AA,AG,AA,TT,GG,AA,AG,CC,AA,CT,NN,AA,GG,GG,GG,TT,AA,AA,TT,TT,TT,AG,AA,GG,GG,AA,3.36,Susceptible,High,Standard,Late
L0126,Bengaluru Rural,Karnataka,Kharif,Red Sandy Loam,Rainfed,720,26.0,70,CC,TT,AG,AG,GG,CC,GT,TT,CC,GG,AA,CC,GG,TT,GT,GG,CG,TT,TT,AA,CC,TT,GT,CC,TT,CC,TT,TT,GG,AC,TT,CC,AA,CC,GG,GG,GG,CG,GG,CC,TT,TT,AA,TT,AG,GG,TT,TT,CC,AC,GG,AA,AG,GG,CC,TT,AA,AA,GG,AA,AA,GT,TT,AA,TT,AT,CC,GG,TT,GG,AA,GG,CC,AA,GG,AC,AT,GG,TT,TT,AG,GG,GT,AC,AA,GG,AA,AA,CG,GT,CC,TT,CC,AT,TT,AG,CT,CC,TT,CC,CC,CC,GG,AA,TT,TT,CC,AA,AA,AA,CC,GG,TT,CC,TT,AA,CC,TT,CC,AG,CC,GG,CC,GG,TT,AA,CC,CC,CC,CG,AA,GT,CC,AA,CC,CC,AA,AT,AA,AA,GG,CC,CC,GG,AA,AG,AA,CC,GG,CC,CC,AA,AA,GG,TT,AG,AC,GT,TT,GG,CC,TT,GT,TT,CG,AA,GT,TT,AT,TT,GG,CC,AA,CC,CC,CC,GG,CC,AA,GG,AA,CC,TT,CC,GT,TT,GG,TT,AA,AG,TT,CC,CG,AA,CC,CC,GG,GG,CC,GG,TT,AA,AG,CC,GG,AT,CC,AA,AA,GG,TT,TT,AA,GG,GG,AT,CG,AT,GT,AA,GG,AG,CC,AC,TT,CC,TT,AC,CC,TT,GG,AA,CC,AA,CC,TT,TT,GT,GG,TT,AA,CC,AA,NN,CC,CC,GG,CG,GG,AT,AA,CC,TT,AG,CC,CG,AA,AG,CC,AT,CG,AA,AA,CC,CC,AC,TT,AA,GG,AA,AA,AC,AA,GG,AA,AA,AA,TT,CG,AA,AA,CC,AA,TT,AA,AA,GG,AG,GG,TT,AT,AA,TT,TT,TT,AG,AT,CG,GG,AA,5.91,Susceptible,High,Premium,Late
L0127,Bengaluru Rural,Karnataka,Kharif,Red Sandy Loam,Rainfed,720,26.0,70,AC,TT,GG,AA,CG,CG,GG,TT,CC,CC,AA,CC,CG,TT,TT,TT,GG,TT,TT,AA,CC,GT,GT,CC,TT,CC,GG,TT,GG,AC,TT,CC,AA,CC,GG,GG,GG,CC,GG,CC,TT,TT,AA,TT,AG,GG,TT,AA,CC,AC,GG,AT,AA,GG,CT,TT,AA,AC,GG,AC,AA,TT,NN,GG,TT,AT,CC,GG,TT,GG,AG,GT,AC,AA,GG,AA,AA,GG,TT,TT,GG,GG,GG,CC,AT,GG,AA,AA,NN,TT,CC,TT,CC,TT,GT,GG,CT,CC,TT,CC,CT,CG,AG,AA,AT,TT,CC,AA,AA,AA,CC,GG,TT,CC,TT,AA,AC,TT,CC,AG,CC,GG,CC,TT,NN,AG,CC,CC,CC,CC,AA,TT,CC,AA,CC,CC,AA,TT,AA,AT,CG,CC,CC,GG,AG,AG,AA,AC,GT,CC,CC,AA,AA,GG,GG,AG,AC,NN,TT,AG,CC,TT,GT,CT,CG,AT,TT,TT,AT,TT,GG,CC,AA,CC,CC,CC,GG,CC,AA,GG,AA,CC,TT,CC,GT,GT,GG,AT,AA,AG,TT,CC,CG,AA,CC,CC,GG,GG,AA,CG,TT,AC,AA,CC,GG,AT,AC,AA,AT,GG,TT,TT,AA,GG,GT,AA,CC,AT,GG,AA,GG,AA,TT,AC,TT,CC,TT,AC,CC,CT,GG,AG,CC,AA,AC,TT,CT,GT,GG,TT,AA,AC,AA,GG,CC,CC,GG,CC,GG,TT,AA,CG,TT,AG,NN,CC,AT,GG,CG,AT,CG,AA,AA,CC,CC,AC,AT,AA,GG,AA,AA,AC,AA,AA,AA,AA,AA,TT,GG,AC,AG,AC,AA,CT,AA,AA,GG,GG,GG,TT,AT,AA,GT,TT,TT,AA,TT,GG,GG,AC,1.57,Resistant,Low,Premium,Late
L0128,Bengaluru Rural,Karnataka,Kharif,Red Sandy Loam,Rainfed,720,26.0,70,AC,TT,GG,AG,GG,CC,GG,TT,CC,CC,AA,CC,CC,TT,TT,GG,GG,TT,TT,AA,CC,TT,TT,CT,TT,CC,GT,AT,GT,AA,TT,CC,AA,CC,GG,GG,GG,CG,GG,CC,TT,TT,AA,TT,AA,GG,CT,AT,CC,AA,GG,NN,AA,GG,CC,GT,AA,AA,GG,AA,AA,GT,AT,AA,TT,AT,CC,GG,TT,GT,AA,GG,CC,AA,GG,AA,AT,AG,GT,TT,GG,TT,GG,CC,AA,GG,AA,AA,CG,GT,CC,TT,CC,TT,TT,GG,TT,AC,GT,NN,CT,CC,AG,AA,TT,TT,CC,AA,AA,AA,NN,GG,GG,CG,TT,AA,AA,TT,CC,GG,CC,GG,CC,GG,TT,AG,CT,CC,CC,CC,AA,TT,AC,AA,CC,CC,AA,TT,AA,AA,GG,CC,CC,GG,AA,AA,AA,AC,GG,CC,CG,AA,AA,GG,TT,GG,AA,TT,TT,GG,AC,TT,GT,TT,CC,AT,TT,NN,AT,AT,GG,CC,AA,CT,AC,CC,GG,CC,AA,GG,AG,CC,TT,CC,GG,GT,GG,TT,AA,AA,GT,CC,GG,AA,AC,CC,GG,GG,AA,GG,TT,CC,AA,CG,GG,AA,AC,AA,AA,GG,TT,AT,AA,CG,GT,AT,CC,AT,TT,AA,GG,AA,NN,AA,TT,CC,CT,AC,CC,TT,NN,AG,CC,AG,AC,TT,TT,TT,GG,TT,AA,CC,AA,GG,CG,CC,GG,CC,GG,TT,AG,CC,TT,GG,CC,CG,AA,AG,CC,AT,CC,AA,AA,CC,CG,NN,AT,AA,GG,AA,AA,CC,AA,AG,AA,AA,AA,TT,GG,AC,AG,CC,AA,TT,AG,AA,GG,GG,GG,TT,AA,AA,TT,TT,TT,AG,TT,GG,GG,AA,1.57,Moderate,High,Premium,Medium
L0129,Bengaluru Rural,Karnataka,Kharif,Red Sandy Loam,Rainfed,720,26.0,70,AC,CT,GG,AG,GG,CC,GG,AT,CC,CG,AA,CC,CG,AT,TT,GT,CG,TT,TT,AA,CC,GG,TT,CC,AT,CC,GT,AT,GT,AA,TT,CC,AA,CC,GG,GG,GG,CC,GG,CC,TT,TT,AA,TT,AA,AG,TT,AT,CC,AC,GG,AA,AG,GG,CT,GG,AA,AA,TT,AA,AG,TT,AT,AG,TT,TT,CT,GG,TT,GT,AG,GT,CC,AA,GG,AA,AT,GG,TT,TT,GG,GG,GT,NN,AA,GG,AA,AA,CC,TT,AC,TT,CT,TT,TT,GG,TT,CC,TT,CC,CC,GG,NN,AA,TT,TT,CG,AA,AG,AA,CT,GG,GT,CC,TT,AC,NN,TT,CC,AG,CG,GG,CT,GT,TT,AA,CC,CC,CC,CC,AA,TT,CC,AA,CC,CC,AA,TT,AA,AA,GG,CC,CC,GG,AA,GG,AA,CC,GT,CC,CC,AA,NN,GG,TT,GG,AA,GT,CT,AG,CC,GT,TT,TT,CC,AT,TT,CT,AA,AA,GG,CC,AG,CC,CC,CC,GG,AC,AA,GG,AG,AC,TT,CC,GG,TT,CG,AT,AA,AG,TT,CC,GG,AA,CC,CC,GG,GG,AC,GG,TT,AA,AG,CC,GG,AT,CC,AA,AA,GT,TT,AT,AT,CG,GG,AA,CC,TT,GT,AA,GG,AA,TT,AA,TT,CC,CT,AA,CC,TT,GG,AG,CC,AA,AC,TT,TT,TT,GG,AT,AA,NN,AG,GG,CC,CC,GG,CC,GG,TT,AA,CC,TT,GG,CC,CC,AA,GG,CC,AA,CG,AA,AA,AC,CC,NN,TT,AA,GG,AT,AA,AA,AA,GG,AG,AA,AA,TT,GG,AC,AG,AC,AC,TT,AA,AA,GG,GG,GG,TT,AA,AA,GT,TT,TT,AA,TT,GG,GG,AA,0.4,Susceptible,Low,Standard,Late
L0130,Bengaluru Rural,Karnataka,Kharif,Red Sandy Loam,Rainfed,720,26.0,70,AC,CT,AG,AG,GG,CC,TT,AT,CC,CC,AA,CC,CC,TT,TT,GG,GG,TT,TT,AA,CC,TT,GG,CT,TT,CC,GT,AT,GG,AA,TT,CC,AA,CC,GG,GG,GG,CC,GG,CC,TT,TT,AA,TT,GG,AG,CT,TT,CC,AA,GT,AA,AG,GG,CC,GG,AT,AA,GG,AA,AA,GT,AT,AA,TT,TT,CC,GG,TT,GG,AG,GG,CC,AA,AA,CC,AT,AG,TT,TT,GG,GG,GG,CC,AT,GG,AA,AA,CC,GT,CC,TT,CC,TT,TT,GG,CT,CC,TT,CC,CC,CG,AG,AA,AT,TT,CC,AA,AG,AA,CT,GG,NN,CG,GT,AA,AA,TT,CC,GG,CC,GG,CC,TT,CT,AA,CT,CG,AC,CC,AA,TT,CC,AA,CC,CT,AA,TT,AA,AA,GG,CC,CC,GG,AG,AA,AA,CC,GG,CC,CG,AG,AA,GG,TT,GG,AC,TT,CT,GG,CC,GT,TT,TT,CC,AA,GT,TT,AA,TT,GG,CC,AG,CT,CC,CC,GG,CC,AA,GG,AG,CC,TT,CC,GT,TT,GG,AT,AA,AA,TT,CC,GG,AA,NN,NN,GG,GG,AC,GG,TT,AC,AA,CC,GG,AA,CC,AA,AT,GG,GT,TT,AA,GG,GG,AT,CC,AT,GT,NN,GG,AA,TT,AC,TT,CC,TT,CC,CC,TT,GG,AG,CC,AG,CC,TT,TT,GT,GG,TT,AA,CC,AG,GT,CC,CG,GG,CC,GG,TT,AG,CC,GT,GG,CC,CC,AA,AG,CC,AA,CC,AA,AA,AC,CG,AC,TT,AA,GG,AA,AA,AC,NN,AA,GG,AG,AA,TT,GG,AC,AG,AC,NN,TT,AA,AA,GG,GG,GG,TT,AA,AA,TT,TT,AT,AG,TT,GG,GG,AA,2.38,Susceptible,High,Standard,Medium
L0131,Bengaluru Rural,Karnataka,Kharif,Red Sandy Loam,Rainfed,720,26.0,70,AA,TT,GG,AG,GG,CC,GG,AT,NN,CG,AA,CT,CG,AT,TT,GG,CG,TT,TT,AA,CC,GT,GT,CC,TT,CC,TT,TT,GG,AA,TT,CT,AA,CC,GG,CG,GG,CC,GG,CC,TT,TT,AA,TT,AA,AG,TT,AT,CC,CC,GG,AA,AG,GG,CC,GT,AA,AC,GT,AA,AA,TT,TT,AA,TT,AT,CC,GG,CT,GG,AA,GG,CC,AA,GG,CC,AA,GG,TT,TT,GG,GG,GG,CC,AA,GG,AA,AA,CC,TT,AC,TT,CT,TT,TT,GG,TT,CC,TT,CT,CT,CG,AG,AA,TT,GT,CC,AA,AA,AA,CC,GG,TT,CC,TT,AA,AA,TT,CG,GG,CG,GG,CC,GT,TT,AA,CC,CC,CC,CC,AG,TT,CC,AC,CC,CC,AA,TT,AA,AA,GG,CC,CC,GG,AG,AA,AA,CC,TT,CC,CC,AA,NN,GG,TT,AG,AA,TT,TT,GG,CC,GT,TT,TT,GG,AA,TT,TT,AA,AT,GG,CC,AG,CT,CC,CC,CG,AC,AA,GG,AA,NN,TT,CG,TT,TT,GG,AT,AA,AA,TT,CC,GG,AA,AC,CC,GG,GG,AA,GG,TT,AC,AG,CC,GG,AT,CC,AA,AA,GG,TT,AT,NN,GG,GG,AA,CC,AT,GT,AA,GG,AA,TT,AA,TT,CC,TT,AA,CC,CT,CG,AG,CG,AG,CC,TT,CT,GT,GG,TT,AC,AC,AG,GG,CC,CC,GG,CC,GG,TT,AG,CC,GT,GG,CC,CG,AA,AG,CC,AT,CC,AA,AA,CC,CC,NN,TT,AA,GG,AA,AA,AA,AA,AA,AG,AG,AA,TT,GG,AA,AA,AA,AA,CT,AA,AG,CG,GG,CG,TT,AA,NN,TT,NN,TT,AA,AT,GG,GG,AC,4.48,Moderate,Medium,Standard,Late
L0132,Bengaluru Rural,Karnataka,Kharif,Red Sandy Loam,Rainfed,720,26.0,70,AC,TT,GG,AA,GG,CC,GT,AT,CC,CG,AA,CT,CC,AT,TT,GG,GG,TT,AT,AG,CC,TT,GT,CC,TT,CC,TT,TT,NN,AA,TT,CC,AA,CC,AG,GG,GG,CG,GG,CC,TT,CT,AA,TT,AG,AG,TT,TT,CG,AC,GG,AA,AG,GG,NN,TT,AA,AA,GG,AA,AA,TT,NN,AA,TT,AT,CC,NN,TT,GG,AA,GG,CC,AA,GG,AA,TT,GG,GT,TT,GG,GG,GT,CC,AA,GG,AA,AA,CC,GT,CC,TT,CC,TT,TT,GG,TT,CC,GG,CC,CC,CC,AG,AA,TT,TT,CC,AA,AG,AC,CC,GG,TT,CG,TT,AA,AA,TT,CC,GG,CC,GG,CC,GG,TT,NN,CC,CC,CC,CC,AA,GT,CC,AA,CC,CC,AA,TT,AA,AT,CG,CC,CC,GG,AA,AA,AA,AC,GG,CC,CC,AA,AA,AG,TT,GG,AC,TT,TT,AG,CC,TT,TT,TT,CG,AT,TT,TT,AA,TT,GG,CC,AA,CC,CC,CC,CC,AC,AA,GG,GG,CC,TT,CC,GT,GT,GG,AA,AA,AA,TT,CC,GG,AA,CC,CC,CG,GG,AC,GG,CT,AA,AA,CC,GG,AA,CC,AT,TT,GT,TT,AT,AT,CG,GT,AA,CC,AT,GG,AA,GG,AA,CC,AA,TT,CC,TT,AA,CC,TT,GG,AA,CC,AG,AC,TT,TT,GT,GG,TT,AA,CC,AA,GG,CC,CC,GG,CC,GG,TT,AA,CC,TT,GG,CC,CC,AA,GG,CG,AA,CC,AA,NN,AA,CG,AC,AT,AA,CG,AA,AA,AC,AA,GG,AA,AG,AA,AT,GG,AA,AG,AC,AA,CT,AA,AG,CG,GG,GG,TT,AA,NN,GT,TT,TT,AA,TT,GG,GG,AA,3.08,Moderate,Low,Premium,Medium
L0133,Bengaluru Rural,Karnataka,Kharif,Red Sandy Loam,Rainfed,720,26.0,70,NN,TT,GG,AG,GG,CG,GG,AT,CC,CG,AA,CC,CG,TT,GT,NN,GG,TT,TT,AG,CC,TT,GT,CC,TT,CT,TT,AT,GT,AA,TT,CC,AA,CC,NN,GG,GG,CC,GG,AC,TT,CT,AC,TT,AA,AG,TT,TT,CC,AC,GG,AT,AA,GG,CC,GT,AT,AA,GG,AA,AA,TT,AT,AA,TT,TT,CC,GG,TT,GT,AA,GG,CC,AA,GG,AC,AT,GG,GT,TT,GG,GG,GG,CC,AA,GG,AA,AA,CC,TT,CC,TT,CT,TT,TT,AG,TT,CC,TT,CT,CT,CC,AG,AA,AT,GT,GG,AA,AG,AA,CC,GG,GT,CG,TT,AA,AC,AT,CC,GG,CC,GG,CC,GG,CT,AA,CC,CC,NN,NN,AA,TT,CC,AA,CC,CC,AA,TT,AA,AA,GG,CC,CC,AA,AA,GG,AT,CC,GT,CC,CC,AG,AA,GG,GT,GG,AC,TT,CT,GG,AC,GG,GT,TT,CC,AA,TT,TT,AA,AT,CG,CC,AA,CC,CC,CC,GG,CC,AA,GG,AG,CC,TT,GG,GT,TT,GG,AT,AA,AA,TT,CC,GG,AC,AC,CG,GG,AG,AC,GG,TT,CC,AA,CC,GG,AA,NN,AA,AT,GT,TT,AT,AT,GG,GT,AA,CG,AT,GT,AA,GG,AA,CT,AA,TT,CC,TT,AA,CC,CT,GG,GG,NN,AA,CC,TT,CT,TT,GG,NN,AA,AC,AG,GG,CC,CC,GG,CC,GG,TT,AA,CC,GT,GG,CG,CG,AA,GG,CC,AA,CC,AA,AA,CC,CG,CC,NN,AA,GG,AT,AC,AC,AA,GG,AA,AA,AG,TT,GG,AC,AA,AC,AA,CT,AA,AA,GG,GG,GG,TT,AT,AG,TT,TT,TT,AA,TT,GG,CG,AA,1.96,Susceptible,Low,Poor,Early
L0134,Bengaluru Rural,Karnataka,Kharif,Red Sandy Loam,Rainfed,720,26.0,70,CC,CT,AG,AG,GG,CC,GT,TT,CC,CG,AA,CT,CC,TT,TT,GT,GG,TT,TT,AA,CC,TT,TT,CC,AT,CC,TT,TT,GG,AA,CT,CC,AA,CC,GG,CC,GG,CG,GG,CC,TT,TT,AA,TT,AG,AG,CT,TT,CC,AC,GG,AA,NN,GG,CC,TT,AA,AC,GT,CC,AG,GT,AT,AA,TT,AT,CC,GG,TT,GG,GG,GG,CC,AA,GG,AC,AA,GG,TT,TT,GG,GG,GT,CC,AA,GG,GG,AT,CC,GT,NN,TT,CC,TT,TT,GG,TT,CC,GT,CT,CC,CC,AG,AG,AT,GT,CC,AA,AA,AA,CT,GG,GT,CG,TT,AC,AA,TT,CC,AG,CC,GG,CT,GG,TT,AA,CC,CC,CC,CC,AA,TT,NN,AA,CC,CC,AA,TT,AG,NN,GG,CC,CC,GG,AA,AG,AA,AC,GT,CC,CC,AA,AG,GG,TT,GG,CC,TT,CT,NN,CC,TT,TT,CC,CC,AA,TT,TT,AA,TT,GG,CC,AG,CT,CC,NN,GG,CC,AA,GG,AG,CC,TT,CC,GT,TT,GG,TT,NN,AA,GT,NN,GG,AA,CC,CC,GG,GG,AA,GG,TT,AA,AG,CC,GT,AT,CC,AA,AA,GG,GT,AT,AT,CG,GT,AT,CC,TT,TT,AA,GG,AG,CT,AA,TT,CG,TT,AA,CC,TT,GG,AA,CC,AA,CC,TT,TT,TT,GG,TT,AA,CC,AA,GG,CC,CC,GG,CC,GG,AT,AA,CC,TT,GG,CC,CC,AA,GG,CC,AA,CC,AA,AG,AC,CG,CC,TT,AA,CG,AA,AA,AC,AC,AG,AA,GG,AA,TT,GG,AA,AA,AC,AA,TT,AA,AA,GG,GG,GG,TT,AA,AA,TT,TT,TT,AA,AT,GG,GG,AA,4.18,Susceptible,Medium,Poor,Early
L0135,Bengaluru Rural,Karnataka,Kharif,Red Sandy Loam,Rainfed,720,26.0,70,NN,TT,GG,GG,NN,CC,GG,AT,CC,NN,AA,CC,CC,AT,TT,GG,GG,TT,TT,AG,CC,TT,TT,CT,TT,CC,GT,TT,GT,AA,TT,CC,AA,CC,GG,GG,GG,CG,GG,CC,GT,CT,AA,TT,AG,AG,TT,AT,CC,CC,GG,AA,AA,GG,CT,TT,AA,AA,TT,CC,AA,TT,AT,AA,CT,AT,CC,GG,TT,GT,AG,GG,CC,AA,GG,AA,AT,GG,TT,TT,GG,GT,GT,CC,AA,GG,AA,AT,CC,GT,CC,TT,CC,AT,TT,GG,CT,CC,GG,CC,CT,CC,GG,AA,AT,TT,CG,AG,AG,AA,CT,GG,TT,CC,TT,AA,AA,AT,CC,NN,CG,GG,CC,GT,TT,AG,CC,CC,CC,CC,AA,TT,AC,NN,CC,CC,AA,TT,AG,AT,GG,CC,CC,GG,AA,AG,AA,CC,GG,CG,CC,AA,AA,GG,TT,AG,AA,GT,CT,GG,AA,TT,TT,TT,CG,AA,TT,TT,AA,TT,GG,CG,AA,CC,CC,CC,CG,CC,AA,GG,AA,CC,TT,CC,TT,GT,GG,TT,AG,AA,TT,CC,GG,AC,AC,CC,GG,GG,AC,GG,TT,AA,AA,CC,GG,AT,AC,AA,AA,GG,TT,TT,AT,CG,GG,AA,CC,TT,TT,AA,GG,AA,TT,AA,TT,CC,TT,AA,AC,CT,GG,AA,CG,AG,CC,TT,CT,GG,GG,TT,AA,CC,AG,GT,CC,CC,GG,CC,GG,AT,AA,CC,GT,GG,CC,CC,AA,AG,GG,AA,CC,AA,AA,CC,CC,CC,TT,AA,GG,AA,AA,AC,AA,AA,AG,AA,AA,AT,GG,AA,AA,AC,AA,CC,AA,AG,GG,GG,GG,TT,AT,AG,TT,TT,TT,AG,AT,GG,NN,AA,1.69,Resistant,Low,Poor,Medium
L0136,Bengaluru Rural,Karnataka,Kharif,Red Sandy Loam,Rainfed,720,26.0,70,AC,TT,GG,AG,GG,CC,TT,TT,CC,CG,AA,CC,NN,TT,GT,GG,CG,TT,TT,AA,CC,GT,TT,CC,AT,CC,GT,AT,GG,AA,TT,CC,AG,CC,AG,CG,GG,GG,GG,AC,TT,TT,AC,TT,AA,GG,CT,AA,CC,AC,GT,AA,AG,GG,CC,TT,AA,AA,GT,AA,AA,TT,TT,AG,TT,TT,CC,GG,TT,GG,GG,GG,CC,AG,GG,AC,AT,GG,GT,TT,GG,TT,GG,CC,AA,GG,AA,AA,CC,GT,CC,TT,CT,TT,GT,GG,CT,AC,NN,CC,CC,CC,AG,AG,TT,TT,CG,AA,AG,AA,CC,GG,TT,CC,TT,AA,AA,TT,CC,AG,CG,GG,CC,GG,CT,AG,CT,CC,CC,CC,AG,TT,CC,AA,CC,CC,AA,TT,AA,AA,GG,CT,NN,GG,AA,AA,AA,CC,GT,CC,CC,AG,AG,AG,GT,GG,AA,TT,CT,GG,CC,TT,GG,TT,CC,AA,TT,CT,AT,NN,CG,CC,AA,CC,CC,CC,CG,AC,AT,GG,AA,CC,TT,CC,GT,TT,CG,TT,AA,AA,TT,CC,GG,AC,CC,CC,GG,AG,AC,GG,TT,AC,AA,CC,GG,AA,CC,AA,TT,GT,TT,AT,AT,GG,TT,AA,CC,TT,TT,AA,GG,AA,CT,AA,TT,CC,TT,AA,CC,TT,GG,AA,CC,AA,AC,TT,TT,TT,GG,TT,AC,CC,AG,GT,CC,GG,GG,CC,GG,TT,AA,CG,TT,AG,CC,CC,AT,GG,CG,AT,CC,AA,AA,AC,GG,AC,TT,AA,GG,AA,AC,AC,AC,AG,AG,AA,AA,TT,CG,AA,AG,AA,AA,CT,AG,AG,GG,GG,GG,GT,AA,AA,GT,AT,TT,AG,TT,GG,GG,AC,3.57,Moderate,Low,Premium,Medium
L0137,Bengaluru Rural,Karnataka,Kharif,Red Sandy Loam,Rainfed,720,26.0,70,CC,TT,GG,AA,GG,CC,GT,TT,CC,CC,AA,CC,CC,TT,TT,GG,GG,TT,TT,AA,CG,GT,NN,CC,TT,CC,TT,AT,GT,AA,CT,CT,AA,CC,GG,GG,GG,CC,GG,CC,TT,CT,AA,TT,AG,AG,TT,TT,CC,CC,TT,AT,AA,NN,CT,TT,AA,AA,GT,AC,AA,TT,AT,AG,TT,AT,CC,GG,TT,GG,AA,GG,CC,AA,GG,CC,AT,GG,TT,TT,GG,GT,GG,CC,AA,GG,AA,AT,CC,GT,CC,TT,CC,TT,TT,AG,TT,CC,GT,CC,CC,CG,AG,AA,TT,TT,CC,AA,AA,AA,CC,GG,TT,CC,GT,AC,AA,TT,CC,AA,CG,AG,CC,TT,TT,AA,CC,CC,CC,NN,AA,TT,CC,AA,CC,CC,AA,TT,AA,TT,GG,CC,CC,GG,AG,AA,AA,CC,GT,CC,CC,AA,GG,AG,TT,AG,AC,GT,CC,GG,CC,TT,TT,TT,CC,AT,TT,TT,AT,TT,GG,CC,AA,CT,AC,CC,GG,CC,AA,GG,AG,CC,TT,CC,GG,TT,GG,AA,AA,AA,TT,CC,GG,CC,CC,CC,GG,GG,CC,GG,TT,AA,AA,CC,GG,AT,CC,AA,AT,GG,TT,AT,AA,GG,TT,AT,CC,AT,TT,AT,GG,AA,TT,AA,TT,NN,TT,AA,CC,CT,GG,AG,CC,GG,AC,TT,CT,TT,GG,AT,AC,AA,AA,GG,CC,CG,GG,CC,GG,AT,AA,CG,TT,GG,CG,CC,AA,GG,CC,AT,CC,AA,AA,AC,CG,CC,TT,AA,GG,AA,AC,CC,AA,AA,GG,AA,AA,AT,GG,AC,AA,AA,AC,CC,AG,AG,GG,GG,NN,GT,AA,AG,TT,TT,TT,AA,TT,GG,GG,AA,2.98,Moderate,Medium,Standard,Late
L0138,Bengaluru Rural,Karnataka,Kharif,Red Sandy Loam,Rainfed,720,26.0,70,AC,TT,GG,AG,GG,CC,NN,TT,CC,CC,AA,CC,CC,AT,GT,GG,GG,TT,TT,AA,CC,TT,TT,CT,TT,CC,GT,TT,GG,AA,TT,CC,AA,CC,GG,CG,GG,CG,GG,CC,TT,CC,AA,TT,AA,GG,TT,AT,CC,AC,GG,AT,AA,GG,CC,TT,AA,AA,GT,AA,AA,TT,TT,AA,TT,AT,CC,GG,CT,GG,AG,GG,CC,AA,AA,AA,AA,GG,TT,TT,GG,GT,GG,NN,AA,GG,AA,AA,CC,GT,AC,TT,CC,TT,TT,AG,CT,CC,TT,CC,CC,CC,AG,AA,AT,TT,CC,AA,AG,AC,CC,GG,TT,CC,TT,AA,AC,TT,CG,GG,CG,GG,CC,GT,CC,AA,CC,CC,AC,CC,AA,TT,AC,AA,CC,CC,AA,AT,AA,AA,GG,CC,CC,GG,AA,AA,AA,AC,GG,CC,CC,AA,AA,GG,TT,AG,AA,TT,CC,AG,AC,TT,GT,TT,CC,AA,GT,TT,TT,NN,GG,CC,AA,CC,CC,AC,GG,CC,AA,GG,AG,CC,TT,CC,TT,TT,GG,TT,AA,AA,TT,CC,GG,AA,AA,CC,GG,GG,AC,GG,TT,CC,AA,CC,GG,AT,CC,AA,AA,GG,TT,TT,AT,CG,GT,AT,CG,AT,GT,AA,GG,AA,TT,AC,TT,CC,TT,AC,CC,TT,GG,AG,CG,AG,AC,TT,TT,GT,GG,NN,AA,CC,AA,GG,CC,CG,GG,CC,GG,AT,AA,CC,GT,GG,CC,CC,AA,AG,CC,AT,CC,AA,AA,CC,CC,CC,TT,AA,NN,AA,AA,AC,AA,GG,AA,AA,AA,AT,CG,AA,GG,CC,AC,CT,AA,AA,GG,GG,CG,TT,AA,AA,GT,TT,TT,AG,TT,GG,CG,AC,5.04,Moderate,Low,Standard,Medium
L0139,Bengaluru Rural,Karnataka,Kharif,Red Sandy Loam,Rainfed,720,26.0,70,AA,CT,GG,AG,GG,CG,GT,TT,CC,CG,AA,CC,CG,TT,TT,GT,GG,TT,TT,AA,CC,TT,TT,CC,TT,CC,TT,TT,GG,AA,TT,CC,AA,CC,GG,GG,GG,CC,GG,CC,TT,CT,AA,TT,AA,AA,CT,TT,CC,CC,GG,AA,AG,GG,CC,GT,AA,AC,GT,AC,AG,TT,TT,NN,TT,TT,CT,GG,TT,GG,GG,GT,CC,AG,GG,AA,AT,GG,GT,TT,AG,GT,GG,CC,AA,GG,AA,AA,CC,GG,CC,GT,NN,TT,GT,GG,TT,CC,GT,CC,CC,CC,AA,AG,TT,TT,CC,AA,AG,AC,TT,GG,TT,CC,GT,AA,AA,TT,CG,GG,CC,GG,CC,GT,TT,AA,CT,CC,AC,CC,AA,TT,CC,AA,CC,CC,AA,TT,AG,AA,GG,CC,CC,GG,AA,AG,AA,CC,GG,CG,CC,AA,AG,AG,TT,GG,AA,GT,TT,AG,AC,GG,TT,TT,CC,AA,GT,TT,AT,TT,GG,CC,AG,TT,CC,CC,CG,CC,AA,GG,AA,CC,TT,CC,GT,GT,GG,TT,AG,AA,TT,AC,GG,NN,CC,CC,GG,GG,AA,GG,TT,AA,AA,CC,GG,AA,AA,AA,AT,GG,TT,AT,AA,CG,GT,AA,GG,TT,TT,AA,GG,NN,CT,CC,TT,CC,CT,AA,CC,TT,NN,AA,CG,AG,AC,TT,TT,GG,NN,TT,AA,AC,AA,GG,CC,CG,NN,CC,GG,NN,AG,CC,TT,AG,CC,CC,AA,AG,CG,AA,CC,AA,AA,CC,CG,CC,TT,AG,GG,AA,AA,AA,AA,GG,AG,AG,AA,AT,NN,AA,AA,CC,AA,TT,AA,AA,GG,GG,GG,TT,AA,AA,GT,TT,TT,AA,TT,GG,CG,AA,4.18,Susceptible,High,Poor,Late
L0140,Bengaluru Rural,Karnataka,Kharif,Red Sandy Loam,Rainfed,720,26.0,70,AA,TT,GG,AA,GG,CC,GG,TT,CC,CC,AA,CC,CG,AT,TT,GT,CG,TT,TT,AA,CC,GG,GT,CC,TT,CC,TT,AT,NN,AA,TT,CC,AA,CC,AG,CG,GG,CG,GG,CC,TT,CT,AC,TT,NN,AG,TT,TT,CC,AC,GG,AA,AA,GG,CC,GG,AA,AA,TT,AA,AA,TT,TT,AG,TT,AT,CC,GG,TT,GG,AA,GG,CC,AA,GG,CC,AT,GG,TT,TT,GG,GG,GG,CC,AA,GG,AA,AA,CC,GT,AC,TT,CC,AT,TT,AG,TT,CC,GT,CC,CT,CG,AA,AG,TT,TT,CC,AG,AA,AA,CC,GG,GT,CG,GT,AA,AA,TT,CC,AG,CC,GG,CC,GT,TT,AG,CT,CC,CC,CC,AA,TT,CC,AA,CC,CC,AA,TT,AG,AA,NN,CC,CG,GG,NN,GG,AT,CC,GT,CC,CC,AA,AG,GG,TT,AG,AA,GT,CT,GG,AA,TT,TT,TT,CC,AA,GT,TT,AA,TT,CG,CC,AA,TT,CC,CC,CG,CC,AA,GG,AG,NN,TT,CC,GG,TT,CG,AA,AA,AA,TT,CC,GG,AA,CC,CC,GG,GG,CC,CG,TT,AC,AA,CC,GG,AA,CC,AA,AA,GG,TT,AA,AA,GG,TT,AA,CG,TT,TT,AA,GG,AA,CT,AA,TT,CG,CT,AC,CC,CT,CG,AG,CG,AA,CC,TT,TT,TT,GG,TT,AC,AC,AA,GG,CC,CC,GG,CC,GT,AT,AA,CC,GT,GG,CC,CC,AA,GG,CC,AA,CC,NN,AA,CC,CG,AC,TT,AA,GG,AA,AA,AA,AA,AA,AA,AG,AA,TT,CG,AA,AG,CC,AA,NN,AA,AG,GG,GG,GG,TT,AA,AA,GT,TT,TT,AA,AT,GG,GG,AA,3.15,Susceptible,High,Poor,Late
L0141,Bengaluru Rural,Karnataka,Kharif,Red Sandy Loam,Rainfed,720,26.0,70,AA,TT,GG,AG,GG,CC,GG,TT,CC,CC,AT,CC,CG,TT,TT,GG,CG,TT,NN,AA,CC,TT,GT,CC,TT,CC,TT,TT,GG,AA,TT,CT,AA,CC,GG,CG,GG,CC,GT,CC,TT,CT,AA,TT,GG,GG,TT,TT,CC,AC,GG,AA,AA,GG,CC,TT,AT,CC,GG,AC,AA,TT,AT,AG,TT,AT,CC,GG,TT,GG,AA,GG,CC,AA,AG,AC,AA,GG,TT,TT,GG,GG,GT,CC,AA,GG,AA,AA,CC,GT,AC,TT,CC,TT,TT,GG,TT,CC,GT,CC,CC,CC,AA,AA,AT,TT,CC,AA,AA,AA,CC,GG,TT,CC,TT,AC,AA,TT,CG,GG,CC,GG,CC,GG,TT,AA,CT,CC,AC,CC,AA,TT,AC,AA,CC,CC,AA,TT,AA,AA,GG,CT,CG,GG,AG,AG,AA,CC,GT,CG,CC,AA,AG,GG,TT,GG,AC,TT,CT,GG,AC,GT,GT,TT,CG,AA,TT,TT,AA,TT,GG,CG,AA,CT,CC,CC,CG,CC,AA,GG,AA,CC,TT,CG,TT,TT,GG,TT,AA,AA,TT,CC,CC,AC,CC,CC,GG,GG,AC,GG,TT,AA,AA,CC,GT,AT,CC,AA,TT,GG,TT,AT,TT,GG,GG,TT,CG,AT,TT,AA,GG,AA,TT,AA,TT,CC,CT,AA,CC,TT,GG,AG,CC,AA,CC,TT,TT,GT,GG,TT,AA,CC,AA,GG,CC,CG,GG,CC,GG,AT,AA,CC,TT,GG,CC,CC,AA,NN,CC,AA,CC,AT,AA,AC,CG,CC,AT,AA,GG,AA,AA,AC,AA,GG,AG,AA,AA,TT,GG,AC,AA,CC,AA,TT,AA,AA,GG,GG,GG,TT,AA,AG,GT,TT,TT,AG,TT,GG,GG,AA,2.35,Susceptible,Medium,Standard,Late
L0142,Bengaluru Rural,Karnataka,Kharif,Red Sandy Loam,Rainfed,720,26.0,70,AA,TT,GG,AA,CG,CC,GG,TT,CC,CC,AA,CT,CG,TT,TT,GG,GG,TT,TT,AG,CC,GT,GT,CC,NN,CC,GT,TT,GG,AA,TT,CC,AA,NN,GG,GG,GG,CC,GG,CC,TT,TT,AA,TT,AA,AA,TT,TT,CC,CC,GG,AA,AA,GG,CC,TT,AA,CC,GG,AA,AA,TT,TT,AA,TT,AT,CC,GG,TT,GG,AA,GT,AC,AG,GG,AA,AA,GG,TT,TT,GG,TT,GT,CC,AA,GG,AA,AA,CC,TT,CC,TT,CT,AT,TT,GG,TT,CC,GT,CC,CT,CC,AG,AA,TT,TT,CG,AA,AA,AA,NN,GG,TT,CC,TT,AA,AA,TT,CC,AG,CG,AG,NN,GG,CT,AG,CC,CC,CC,CC,AA,TT,CC,AA,CC,CT,AA,AT,AA,AA,GG,CC,CC,GG,AA,AA,AA,CC,GG,CC,CC,AA,AG,NN,TT,GG,AC,TT,TT,GG,CC,GT,GT,TT,CC,AA,TT,TT,AA,TT,CC,CC,AA,CC,CC,CC,GG,CC,AA,AG,NN,AC,TT,CC,TT,GT,GG,AT,AA,GG,TT,CC,CG,AA,CC,CC,GG,GG,AA,GG,TT,AA,AG,CC,GG,AA,AC,AA,AT,NN,TT,AT,AA,GG,GT,AA,GG,TT,TT,AA,AG,AA,NN,NN,TT,CC,TT,AA,CC,CT,GG,GG,CC,AA,CC,TT,CT,GT,GG,TT,AA,CC,AA,GG,CC,CC,GG,CC,GG,AT,AA,CC,TT,GG,CC,CC,AA,GG,CC,TT,CC,AA,AA,CC,CG,CC,AT,AA,GG,AA,AA,AC,AC,GG,AA,AG,AA,AT,GG,AC,NN,NN,AC,CC,AA,AA,GG,GG,GG,TT,AA,NN,TT,TT,TT,AG,TT,GG,GG,AA,5.51,Susceptible,Low,Standard,Medium
L0143,Bengaluru Rural,Karnataka,Kharif,Red Sandy Loam,Rainfed,720,26.0,70,AC,TT,GG,AA,GG,CC,GT,AT,NN,CG,AT,CC,CC,TT,GT,GG,GG,TT,TT,AA,CG,TT,GT,CT,TT,CC,TT,TT,GG,AA,CT,CC,AA,CC,GG,GG,GG,CC,GG,CC,TT,CT,AA,GT,AA,GG,TT,TT,NN,AC,GG,AT,AA,GG,CC,TT,AA,AC,GT,AC,AA,TT,AT,AA,TT,TT,CC,GG,TT,GG,AA,GG,CC,AA,GG,AA,AT,GG,TT,CT,GG,GG,GG,CC,AT,GG,AA,AA,CC,GG,CC,GT,CC,TT,GT,GG,TT,CC,GG,CC,CC,CG,AG,AG,TT,TT,CC,AA,AA,AA,TT,GG,TT,CG,TT,AC,AA,TT,CG,AG,NN,GG,CC,TT,CC,AA,CC,CC,CC,CC,AA,GT,AC,AA,CC,CC,AA,AT,AA,NN,GG,CC,CC,GG,AA,GG,AA,CC,GG,CC,CC,AA,AA,AA,TT,GG,AC,TT,TT,GG,CC,TT,GT,TT,CC,AA,GT,TT,AA,TT,GG,CC,AA,TT,CC,CC,GG,CC,AA,GG,GG,CC,TT,CC,NN,GT,GG,AT,GG,AA,TT,CC,CG,AC,AC,NN,GG,GG,AC,GG,TT,AA,AG,CC,GT,AA,CC,AA,TT,GG,TT,TT,AT,GG,TT,AT,CC,TT,NN,AA,GG,AA,CT,AA,TT,CC,TT,AA,CC,CT,GG,AG,CC,AG,CC,TT,TT,GT,GG,TT,AA,AC,GG,GG,CC,CG,GG,CC,GG,AT,AA,CC,TT,GG,CC,CG,AA,GG,CC,NN,CC,AT,AA,CC,CG,AC,TT,AA,GG,AA,AA,AA,AA,GG,AA,AA,AA,TT,GG,AA,NN,CC,AA,CT,AG,AA,GG,GG,GG,TT,AA,AA,TT,TT,TT,AG,TT,GG,GG,AA,3.26,Resistant,Low,Premium,Late
L0144,Bengaluru Rural,Karnataka,Kharif,Red Sandy Loam,Rainfed,720,26.0,70,AC,TT,AG,AA,GG,CG,GT,TT,CC,CC,AA,CC,CC,TT,GT,GG,GG,TT,TT,AG,CC,TT,GT,CC,TT,CC,TT,TT,GT,AA,TT,CC,AA,CC,AG,CG,GG,CC,GG,CC,TT,TT,AA,GT,AA,AG,TT,TT,CC,AC,GG,AA,AA,GG,CT,TT,AA,AA,GT,AA,AA,GT,AA,GG,TT,AT,CC,GG,TT,GG,AG,GG,CC,AA,GG,AC,AA,AG,TT,NN,GG,GG,GG,CC,AA,GG,AA,AA,CC,GT,CC,TT,CT,TT,GT,GG,TT,CC,GT,CC,CC,CC,AG,AA,TT,TT,CC,AA,GG,AC,CC,GG,TT,CG,TT,AA,AA,TT,CG,GG,CG,AG,CC,GT,TT,AA,CC,CC,CC,CC,AA,TT,CC,AA,CC,CC,AA,TT,AA,AA,GG,CT,CC,GG,AG,AG,AA,CC,GG,CC,CG,AA,AA,AG,TT,GG,AA,TT,TT,GG,AC,GT,GT,TT,CC,AT,TT,CC,AA,TT,GG,CG,AA,CT,CC,CC,CC,CC,AT,GG,AG,CC,TT,CC,GT,NN,GG,AT,AA,AG,TT,NN,CG,AC,CC,CC,GG,GG,AC,GG,TT,AA,AA,CC,GG,AT,CC,AA,AA,GG,GT,TT,AA,GG,TT,AT,CC,AT,TT,AA,GG,AA,CT,NN,TT,CC,TT,AA,CC,CT,CC,AG,CC,AG,AC,TT,TT,GT,GG,TT,AA,CC,AA,GG,CC,CG,GG,CC,GG,AA,AA,CC,TT,GG,CC,CC,AA,GG,CG,AA,CC,AA,AA,CC,GG,AC,TT,AG,GG,AA,AA,AC,AA,GG,AA,AG,AA,TT,GG,AA,AA,CC,AA,CT,AA,AG,GG,GG,GG,TT,AT,AG,TT,TT,TT,AA,AA,GG,GG,NN,4.98,Susceptible,Medium,Poor,Medium
L0145,Bengaluru Rural,Karnataka,Kharif,Red Sandy Loam,Rainfed,720,26.0,70,AC,TT,GG,AA,GG,CG,GG,AT,CG,CG,AA,TT,CC,TT,TT,NN,CG,TT,TT,AG,CG,TT,TT,CC,TT,CC,TT,TT,GG,AC,TT,CT,AA,AC,GG,GG,GG,CG,GG,CC,TT,CT,AA,TT,AG,AG,TT,TT,CC,AC,GT,AT,AA,GG,CC,GT,AA,AA,GT,AC,AA,GT,TT,AA,TT,AT,CC,GG,TT,GG,GG,GG,CC,AA,AG,AC,TT,GG,NN,TT,GG,GT,GG,NN,AA,GG,AA,AT,CG,TT,CC,TT,CT,TT,TT,GG,TT,CC,TT,CC,CC,CG,AA,AA,TT,TT,CC,AA,AG,AA,CC,GG,GT,CC,TT,AC,AA,TT,CG,AG,CG,GG,CT,GG,TT,AA,CC,CC,CC,CC,AA,TT,CC,AA,CC,CC,AA,AT,AA,AT,GG,CT,CC,GG,AA,AG,AA,CC,GT,CC,CC,AA,AA,AG,TT,GG,AA,GT,TT,GG,CC,TT,GT,TT,CC,AA,TT,TT,AT,TT,GG,CC,AA,NN,CC,CC,CG,AC,AA,GG,AG,CC,TT,CC,GG,TT,GG,AT,AA,AA,TT,CC,GG,AA,CC,CC,GG,GG,AA,CG,TT,AC,GG,CC,GG,AA,AC,AA,AA,GT,TT,AT,AA,GG,GG,AT,CC,TT,GT,AA,GG,AA,CT,AA,TT,CC,TT,NN,CC,TT,GG,AA,CC,AA,CC,TT,CT,NN,GG,AT,NN,CC,AG,GG,CC,CC,GG,CC,GG,TT,AA,CC,TT,GG,CC,CG,AA,AG,CC,AT,CC,AT,AA,AC,CC,CC,TT,AA,GG,AA,AA,CC,AA,AG,GG,AA,AA,TT,GG,AA,AG,AA,AA,CT,AA,AA,CG,GG,CG,TT,AA,AA,TT,TT,TT,AA,NN,GG,GG,AA,4.27,Susceptible,High,Premium,Medium
L0146,Bengaluru Rural,Karnataka,Kharif,Red Sandy Loam,Rainfed,720,26.0,70,AA,CT,GG,GG,GG,CC,GT,TT,CC,CG,AT,CC,CC,TT,TT,GG,GG,TT,TT,AA,CC,TT,GT,CC,TT,CC,GT,AT,GG,AA,TT,CT,AG,CC,GG,GG,GG,CC,GG,CC,TT,CC,AC,TT,AG,AG,TT,AT,CC,AA,GG,AA,AA,GG,CC,GT,AA,AC,TT,AA,AG,TT,TT,AA,CT,AT,CC,GG,TT,GT,AG,GG,NN,AA,GG,AA,AT,GG,TT,TT,GG,GG,GT,AC,AA,GG,AA,TT,CC,GT,CC,TT,CT,TT,TT,GG,CT,CC,NN,CC,CT,CC,GG,AA,AT,TT,CC,AA,AG,CC,TT,GG,TT,CC,GT,AA,AC,TT,CC,AG,CC,GG,CC,GT,TT,AA,CC,CC,CC,CC,AA,TT,CC,AA,CC,CT,AA,AT,AA,AA,GG,CC,CC,GG,AG,AA,AA,CC,GG,CC,CC,AG,AG,AG,GT,GG,AA,NN,TT,GG,CC,TT,TT,TT,CC,AA,GT,TT,AA,AT,CG,CC,AA,CT,CC,CC,GG,AA,AA,AG,AG,CC,TT,CC,GG,TT,CG,AT,AA,AA,TT,CC,GG,AA,AC,CC,GG,GG,AA,GG,TT,AC,AA,CC,GG,AA,AC,AA,AA,GG,GT,TT,AA,GG,GT,AA,CG,AA,TT,AT,GG,AA,CT,AA,TT,CC,CT,AA,CC,TT,GG,GG,CG,GG,CC,AT,TT,TT,GG,NN,AC,AC,AA,GG,CC,CC,GG,CG,GG,TT,AA,CG,TT,GG,CG,CC,AT,GG,CG,AT,CC,AA,AA,AA,CC,AA,TT,AA,GG,AA,AA,AC,AA,GG,GG,AA,AA,TT,GG,AA,AA,CC,AA,CT,AA,AA,GG,GG,GG,TT,AA,AG,TT,TT,TT,AA,TT,GG,GG,AA,1.62,Susceptible,Medium,Poor,Medium
L0147,Bengaluru Rural,Karnataka,Kharif,Red Sandy Loam,Rainfed,720,26.0,70,AC,TT,GG,AG,GG,CG,NN,TT,CC,CG,AT,NN,CG,TT,TT,GG,GG,TT,AT,AA,GG,GT,GT,CC,TT,CC,GT,TT,GG,AA,TT,CT,AA,CC,GG,CG,GG,CG,GG,CC,TT,CT,AA,GT,AG,GG,TT,TT,CC,AA,GG,AT,AA,GG,CT,TT,AT,AA,GG,AA,AA,TT,AA,AG,TT,TT,CC,GG,CT,GT,AA,GT,CC,AA,GG,AC,AT,GG,TT,TT,GG,GG,GG,CC,AA,GG,AA,AA,CC,GT,CC,TT,TT,AT,GT,GG,TT,CC,TT,CC,CC,GG,GG,AA,TT,TT,CC,AG,AG,AA,CT,GG,TT,CC,NN,AA,AA,TT,CC,AG,CC,GG,CC,GG,TT,AA,CT,CC,CC,CC,AA,TT,CC,AA,CC,CC,AA,TT,AA,AA,GG,CC,CG,GG,AA,AA,AA,AC,GG,CC,CG,AA,NN,GG,TT,AG,AA,TT,CT,GG,CC,GT,TT,TT,CC,TT,TT,CT,AT,NN,GG,CC,AA,CT,CC,CC,CG,AC,AA,GG,AG,CC,TT,CC,GG,TT,GG,AA,AA,AA,TT,CC,NN,CC,CC,CC,GG,GG,CC,GG,TT,AA,AA,CC,GG,AA,AC,AA,AA,GG,TT,TT,AT,GG,GG,AT,CC,TT,TT,AA,GG,AA,TT,AA,TT,CC,TT,AC,CC,CT,GG,AA,CG,AA,CC,TT,TT,GT,GG,AT,AC,NN,AA,GG,CC,CG,NN,CC,GG,TT,AA,CC,TT,GG,CC,CC,AA,AG,CC,AT,CC,AA,AA,CC,CC,AC,TT,AA,GG,AA,NN,AA,AA,GG,AG,AG,AA,TT,GG,AA,AA,CC,AA,TT,AA,AA,GG,GG,CG,GT,AA,AG,TT,TT,AT,AA,AT,GG,GG,AC,3.21,Resistant,High,Premium,Early
L0148,Bengaluru Rural,Karnataka,Kharif,Red Sandy Loam,Rainfed,720,26.0,70,AA,TT,GG,AA,GG,CC,GG,TT,CC,CC,AA,CT,CG,TT,TT,GG,CG,TT,AT,AA,CC,GT,GT,CC,TT,CC,TT,TT,GT,AA,TT,CT,AA,CC,AG,GG,GG,CC,GG,CC,TT,CT,AA,TT,AA,GG,TT,AT,CC,AC,GG,AA,AA,GG,CT,GT,AA,AC,TT,AC,AA,GT,AA,AG,TT,AT,CC,GG,TT,GG,AG,GG,CC,AG,GG,AA,AA,GG,TT,TT,AG,GG,GG,CC,AT,GG,AA,AT,CC,TT,CC,TT,CC,TT,TT,GG,TT,CC,TT,CC,CC,CG,AG,AA,TT,TT,CG,AA,AA,AA,CC,GG,TT,CG,TT,AA,AA,TT,GG,GG,CC,AG,CT,GG,CT,AA,CC,CC,CC,CC,AA,TT,CC,AA,CC,CC,AA,TT,AA,AA,GG,CT,CC,AG,AA,AA,AA,CC,GG,CC,CC,AA,AA,GG,GG,GG,AC,TT,CC,GG,AC,GT,GT,TT,CC,AA,GT,TT,TT,AT,GG,CC,AA,CT,CC,CC,GG,CC,AA,GG,GG,CC,TT,CC,GT,TT,CG,TT,AA,AA,TT,CC,GG,AC,CC,CC,GG,GG,AA,GG,TT,AC,AG,CG,GG,AA,CC,AA,NN,GG,TT,AT,AT,CG,GG,AA,CG,TT,TT,AA,GG,AA,TT,AA,TT,CC,CT,AA,CC,CT,GG,AA,CC,GG,CC,TT,CT,GG,GG,AT,AA,AC,AG,GG,CC,CG,GG,CC,GG,AT,AA,CG,TT,GG,CG,CC,AA,AG,CC,AA,CC,AA,AA,CC,CC,AA,TT,AG,GG,AA,AA,AC,AA,AG,AA,AA,AA,AT,GG,AA,AA,AA,AC,CT,AA,AA,CG,GG,GG,TT,AA,AA,TT,TT,TT,NN,TT,GG,GG,AA,2.74,Susceptible,Low,Premium,Medium
L0149,Bengaluru Rural,Karnataka,Kharif,Red Sandy Loam,Rainfed,720,26.0,70,CC,TT,GG,AG,GG,CC,GG,TT,CC,CG,AA,CC,CG,TT,TT,GG,GG,TT,TT,AA,CC,GT,GG,CC,TT,CC,GG,TT,GT,AA,TT,CC,AA,CC,GG,GG,GG,CC,GG,CC,TT,CT,AC,TT,AG,GG,TT,AT,CC,AC,GG,AA,AG,GG,CC,TT,AA,AC,GT,AA,AA,TT,TT,AG,CT,AT,CC,GG,TT,GG,AG,GT,CC,AA,GG,AA,AA,GG,TT,TT,AG,NN,GG,CC,AA,GG,AA,AT,CC,TT,AC,TT,CC,TT,TT,AA,TT,AC,TT,CT,CC,CC,AG,AA,TT,TT,CC,AA,AA,AA,CC,GG,TT,CC,TT,AA,AA,TT,CG,AG,CC,AG,CC,GT,TT,AG,CC,CC,CC,CC,AA,GT,CC,AA,CC,CC,AG,TT,AA,AA,GG,CC,CC,GG,AA,AA,AA,CC,GT,CC,CC,AA,AG,GG,TT,GG,AC,TT,TT,GG,CC,GT,TT,TT,CC,AT,GT,TT,AT,AA,GG,CC,AG,TT,CC,CC,GG,CC,AA,GG,AG,CC,TT,CC,GG,TT,GG,TT,AA,AG,TT,CC,GG,AA,AC,CC,GG,GG,AA,GG,TT,AA,AA,CC,GG,AA,AA,AA,AA,GG,TT,AT,AA,CG,GT,AA,CG,AT,GT,AA,GG,AA,TT,AC,TT,CC,TT,AC,CC,CT,GG,GG,CC,AA,CC,TT,CC,GG,GG,TT,AA,AC,AA,GG,CG,CC,GG,CC,GG,AT,AA,CC,TT,GG,CC,CC,AA,GG,CC,AA,CC,AA,NN,AC,CG,CC,AT,AA,GG,AA,AA,AA,AA,AG,AA,AG,AA,AA,GG,AC,AA,AC,AC,CT,AG,AA,CG,GG,GG,TT,AA,AA,TT,TT,AT,AA,AT,GG,GG,AA,3.79,Susceptible,High,Premium,Late
L0150,Bengaluru Rural,Karnataka,Kharif,Red Sandy Loam,Rainfed,720,26.0,70,AA,TT,AG,AG,GG,CC,GG,AT,CC,CC,AA,CC,CG,TT,GT,GT,CG,TT,AT,AA,CC,GT,NN,CT,AT,CC,NN,TT,GG,AC,TT,CC,AA,CC,GG,GG,GG,NN,GG,CC,TT,CT,AA,TT,AA,GG,TT,TT,CC,AC,GG,AA,AA,GG,CC,GT,AA,AC,NN,AA,AA,TT,NN,AA,TT,TT,CC,GG,TT,TT,AA,GG,CC,AA,GG,AA,TT,GG,TT,CT,GG,NN,GG,CC,AA,GG,AA,AA,CC,GT,CC,TT,CC,TT,TT,GG,TT,CC,TT,CC,CT,CG,GG,AA,AT,GG,CC,AA,NN,AA,CC,GG,TT,CC,TT,AA,AA,TT,CG,AG,CC,GG,CC,GT,CT,AG,CC,CC,AC,CC,AA,TT,CC,AA,CC,CT,AA,AT,AA,AA,GG,CT,CC,GG,AA,GG,AA,CC,GG,CC,CC,AG,AG,GG,GT,GG,AA,GT,CC,GG,AC,TT,TT,CT,CC,AA,TT,TT,AA,AT,GG,CC,AG,TT,CC,CC,CC,CC,AA,AG,AG,CC,TT,CC,GT,GT,CG,AA,AA,AA,TT,AC,CG,AA,CC,CC,GG,GG,AA,GG,TT,AA,AA,CC,GG,AT,AA,AA,AT,GG,TT,AT,AT,GG,TT,AT,CG,TT,TT,AA,GG,AA,TT,AA,AT,CC,TT,AA,CC,TT,CG,AA,CC,AG,AC,TT,CT,GT,CG,NN,AC,CC,AA,GG,CC,CG,GG,CC,GG,TT,AA,CC,GT,GG,CC,CC,AA,GG,CC,AA,CC,AT,AA,AC,CG,CC,TT,AA,GG,AA,AA,AC,AA,GG,AA,AA,AA,TT,CG,AC,AA,AC,AA,CT,AA,AG,GG,GG,GG,TT,AT,AG,TT,TT,TT,AG,TT,GG,GG,AA,2.4,Resistant,Medium,Standard,Late
L0151,Bengaluru Rural,Karnataka,Kharif,Red Sandy Loam,Rainfed,720,26.0,70,AC,TT,GG,AA,CG,CC,GG,TT,CC,GG,AA,CC,CC,TT,TT,GG,GG,TT,TT,AA,CC,GT,GT,CC,TT,CC,GT,AT,GG,AA,TT,CT,AA,CC,GG,GG,GG,CG,GG,CC,TT,CT,AA,GT,AG,GG,NN,AT,CC,AC,GT,AA,AG,GG,CT,TT,AA,CC,GT,AC,AG,TT,TT,GG,TT,AT,CC,GG,TT,GT,AG,GT,CC,AA,GG,AC,AA,GG,TT,TT,NN,GG,GT,CC,AA,GG,AA,AA,CG,GT,CC,TT,CT,TT,GT,AG,TT,CC,TT,CC,CT,CG,AG,AA,TT,TT,CC,AA,AG,AC,CT,GG,TT,GG,TT,AA,AC,TT,GG,GG,CG,GG,CC,GG,CT,AG,CC,CC,AC,CC,AA,TT,CC,AA,AC,CC,AA,AT,AA,AA,CG,CC,CG,GG,AA,AA,AA,CC,GG,CG,CC,AA,AA,NN,GT,GG,AC,TT,CC,GG,AC,TT,TT,TT,CC,AA,TT,TT,AT,AA,GG,CC,GG,CT,CC,CC,CG,CC,NN,GG,AG,CC,TT,CG,GG,TT,GG,AT,AA,AA,TT,CC,GG,AA,CC,CC,GG,GG,NN,GG,TT,AC,AA,CC,GG,AA,CC,AA,AA,GG,TT,AT,AA,GG,GG,AT,CG,TT,GT,AA,GG,AG,CT,AA,TT,CC,TT,AA,CC,TT,GG,AA,CG,AG,CC,TT,TT,GT,GG,TT,CC,CC,AA,GG,CC,CG,GG,CC,GG,AT,AA,CC,TT,GG,CC,CC,AA,GG,CC,AA,CC,AA,AA,CC,CC,AC,AT,AA,GG,AA,AA,AA,AC,AG,AA,AA,AA,TT,GG,AC,AG,AA,AA,TT,AA,AG,GG,GG,GG,TT,AT,AA,GT,TT,TT,AG,TT,GG,GG,AA,1.79,Susceptible,Medium,Standard,Early
L0152,Bengaluru Rural,Karnataka,Kharif,Red Sandy Loam,Rainfed,720,26.0,70,AA,TT,AG,AA,CG,CC,GG,AT,CC,CG,AA,CC,CG,NN,TT,GG,CG,TT,TT,AA,CC,GT,TT,CT,TT,CC,TT,TT,GG,AA,TT,CC,AA,CC,GG,GG,GG,GG,GT,CC,TT,CC,AA,TT,AG,GG,TT,TT,CC,AC,GG,AA,AA,GG,CC,TT,AA,AC,GT,AA,AA,GT,AT,AG,TT,AT,CC,GG,NN,GT,AA,GG,CC,AA,AA,AA,AT,GG,TT,TT,GG,GG,TT,CC,AT,GG,AA,AA,CC,GT,CC,TT,CT,AT,GT,GG,TT,CC,GT,CC,CT,CC,GG,AA,AT,TT,CC,AA,AA,AA,CT,GG,TT,CC,TT,AC,AA,TT,CC,GG,NN,GG,CC,GG,CT,AA,CC,CC,CC,CG,AA,TT,CC,AA,CC,CC,AA,AT,AA,AA,GG,CC,CC,GG,AA,AA,AA,AC,GT,CC,CC,AA,AG,GG,TT,GG,AA,GT,CT,GG,AC,TT,GT,TT,CG,AA,TT,TT,AT,AT,GG,CG,AG,TT,CC,AC,CG,CC,AA,GG,AA,CC,TT,CG,GG,TT,CG,AT,AA,AA,TT,AC,CG,AC,CC,CC,GG,GG,AA,GG,TT,AC,AA,CC,NN,AA,CC,AA,AT,GT,GT,AT,AT,CC,GT,AA,CG,AT,GT,AA,GG,AA,CT,AA,TT,CC,CT,AA,CC,CT,GG,AG,CG,AA,CC,TT,TT,TT,GG,TT,AA,AC,AG,GG,CC,CG,CG,CC,GG,AA,AA,CC,TT,GG,CC,CC,AA,AG,CG,AT,CC,AT,AA,CC,CC,AC,AA,AA,GG,AA,AC,AC,AA,GG,AA,AA,AA,AT,CG,AC,AA,CC,AA,CT,AA,AA,GG,GG,GG,TT,AA,AA,TT,TT,TT,AG,TT,GG,GG,AC,1.91,Resistant,Medium,Standard,Medium
L0153,Bengaluru Rural,Karnataka,Kharif,Red Sandy Loam,Rainfed,720,26.0,70,AC,TT,GG,AG,GG,CC,GG,TT,CC,CC,AA,CT,CC,TT,TT,GG,GG,TT,TT,AA,CC,GT,TT,CC,TT,CT,TT,AT,GG,AA,TT,CC,AA,CC,GG,GG,GG,CC,GG,CC,TT,CT,AA,TT,AA,AG,TT,NN,CC,CC,GG,AT,AG,GG,CT,TT,AA,AA,GT,AA,AA,GT,AA,AG,TT,TT,CC,GG,TT,GG,AA,GG,CC,AA,GG,AA,AA,GG,GT,TT,GG,GG,GG,CC,AT,GG,AA,AA,CC,TT,CC,GT,CT,AT,GT,GG,TT,AC,GT,CT,CT,GG,AG,AA,AT,TT,CC,AA,AG,AA,CC,GG,TT,CC,TT,AC,AA,TT,CC,GG,CG,GG,CT,GT,TT,AG,CC,CC,CC,CC,AA,TT,CC,AA,CC,CC,AA,TT,AA,AA,GG,CC,CC,GG,AA,GG,AA,AC,GG,CC,CC,AA,AG,GG,GT,AG,AA,TT,TT,AG,AC,GG,GT,TT,CC,AA,GT,CT,AA,TT,NN,CG,NN,CC,CC,CC,CG,CC,AA,GG,AA,CC,TT,CC,TT,TT,GG,TT,AA,AA,TT,CC,GG,AA,CC,CC,GG,GG,AC,GG,CT,AA,AA,CG,GG,AA,CC,AA,AA,GG,TT,TT,TT,CG,GG,AA,CG,AT,TT,AA,GG,AA,CT,AA,TT,CG,CT,AA,CC,TT,GG,AA,CC,AA,AC,TT,CT,TT,GG,TT,CC,CC,AA,GG,CC,CG,GG,CC,GG,AA,AG,CC,GT,GG,CC,CC,AA,GG,CC,AA,CC,AA,AA,CC,CG,AC,AT,AA,GG,AA,AA,AC,AA,AA,AG,AG,AG,AT,CG,AA,GG,AC,AC,CT,AA,AG,GG,GG,CG,TT,AA,AG,TT,TT,TT,AG,AT,GG,CG,AA,5.77,Susceptible,Low,Standard,Medium
L0154,Bengaluru Rural,Karnataka,Kharif,Red Sandy Loam,Rainfed,720,26.0,70,AA,CT,GG,AA,GG,CC,GG,AT,CC,CG,AA,CC,CG,TT,GG,GG,GG,TT,TT,AA,CC,GT,GT,CT,AT,CC,GT,AT,GG,AA,CT,CC,AA,CC,GG,CC,GG,CG,GG,CC,NN,CT,AA,GT,AA,AG,TT,TT,CC,AA,GG,AA,AG,GG,TT,TT,AT,CC,GT,AC,AA,TT,TT,GG,CT,AT,CC,GG,TT,GG,AG,GG,CC,AA,GG,AC,AT,GG,GT,TT,GG,GG,GG,CC,AA,GG,AA,AA,CC,GT,CC,TT,CC,TT,GG,GG,TT,CC,TT,CC,CC,CC,AG,AA,TT,TT,CC,AA,AG,AA,CT,GG,TT,CC,GT,AA,AA,TT,CC,AG,CG,GG,CC,GT,TT,AA,CT,CC,AC,CC,AA,TT,AC,AA,CC,CC,AA,TT,AA,AA,GG,CC,CC,GG,AA,AA,AA,AC,GG,CC,CC,AA,AG,GG,TT,AA,AC,TT,TT,GG,AA,TT,TT,TT,CC,TT,TT,TT,AA,TT,GG,CC,GG,CC,CC,CC,GG,AC,AA,GG,AA,CC,TT,CC,TT,GT,GG,AT,AA,NN,TT,CC,GG,AA,AA,CC,GG,GG,AA,GG,TT,AC,AA,CC,TT,AA,AC,AA,AT,GT,TT,TT,AT,GG,GG,AT,CC,AT,TT,AA,GG,AA,TT,AA,TT,CG,TT,AC,CC,TT,GG,GG,CC,AG,CC,AT,CT,GG,GG,TT,AA,AC,AG,GG,CC,CC,GG,CG,GG,NN,GG,CG,TT,GG,CC,CC,AA,GG,CC,AA,CC,AA,AA,CC,CG,CC,TT,AA,GG,AA,AA,CC,AA,AG,AG,AA,AA,TT,GG,AA,AG,CC,AA,NN,AA,AA,GG,GG,GG,TT,AA,AG,TT,TT,TT,AG,TT,GG,CG,AA,3.77,Susceptible,High,Poor,Late
L0155,Bengaluru Rural,Karnataka,Kharif,Red Sandy Loam,Rainfed,720,26.0,70,AC,TT,GG,AG,GG,CG,GT,AA,CC,CG,AA,CC,CC,TT,GT,GG,GG,TT,TT,AA,CC,TT,TT,CC,AT,CC,GT,TT,GG,AA,TT,CC,AA,CC,AG,GG,GG,CG,GG,CC,TT,TT,AA,TT,AA,GG,TT,TT,CC,CC,GG,AT,AA,GG,CC,TT,AA,AA,TT,AC,AA,TT,TT,AA,TT,AT,CC,GG,TT,GG,AA,GG,CC,AA,AG,AA,AT,GG,GT,TT,GG,GG,NN,CC,AT,GG,AA,AA,CC,GT,AC,TT,CT,TT,TT,GG,TT,AC,GT,CC,CC,GG,GG,AA,TT,TT,CG,AA,GG,AC,CC,GG,TT,CG,GT,AC,AA,TT,CC,GG,CG,AG,CC,GG,CC,AA,CT,CC,CC,CC,AA,GT,CC,AA,CC,CC,AA,TT,AA,AA,GG,NN,CC,GG,AA,AA,AA,CC,GG,CC,CC,AA,AA,GG,TT,NN,CC,GG,CT,AG,CC,GT,GT,TT,CC,AA,TT,TT,AA,TT,CG,CC,AA,CT,CC,CC,GG,AC,AA,GG,AG,CC,TT,CC,GG,GT,GG,TT,AA,AA,TT,AC,CG,AA,CC,CC,GG,GG,AA,GG,TT,AA,AA,CC,GT,AA,CC,AA,AA,GG,TT,TT,AT,GG,TT,AA,CG,TT,GG,AA,GG,AA,CT,AC,TT,CC,TT,AA,CC,CC,CG,AG,CC,GG,CC,TT,TT,GT,GG,TT,AA,CC,AA,GG,CC,CC,GG,CC,GG,AT,AA,CC,GT,GG,CC,CC,AA,AG,CC,AA,CC,AA,AA,CC,CC,CC,TT,AA,GG,AA,AA,AC,AA,GG,GG,AG,AA,TT,GG,AC,AG,CC,AC,TT,AA,AA,GG,AG,GG,TT,AT,AA,TT,TT,TT,AA,AT,GG,GG,AA,4.16,Moderate,Medium,Premium,Medium
L0156,Bengaluru Rural,Karnataka,Kharif,Red Sandy Loam,Rainfed,720,26.0,70,AA,TT,GG,AA,CC,GG,GG,TT,CC,CG,AA,CT,CC,TT,TT,GT,GG,TT,TT,AA,CG,TT,TT,CT,TT,CC,TT,TT,GG,AA,TT,CC,AG,CC,GG,CG,GG,CG,GG,CC,TT,CT,AA,GT,AA,GG,TT,TT,CC,AC,GG,AA,GG,GG,CC,TT,AA,AC,GT,AA,AA,TT,NN,AA,TT,TT,CC,GG,TT,GT,AG,GG,AC,AA,GG,AC,AA,GG,TT,TT,GG,GT,GG,CC,AA,GG,AA,AT,CC,TT,CC,TT,CT,TT,TT,GG,TT,CC,TT,CC,CC,CC,AG,AA,TT,TT,CC,AA,AA,AC,CT,GG,TT,CC,TT,AA,AA,TT,CG,AG,CC,AG,CC,GG,NN,AA,CC,CC,CC,CC,AA,TT,CC,AA,CC,CT,AA,TT,AA,AT,CG,CC,CG,GG,AG,AG,AT,CC,GG,CC,CG,AA,AA,GG,GG,GG,NN,TT,CT,GG,AC,TT,TT,TT,CG,AA,TT,TT,AT,TT,CG,CC,AG,CC,AC,CC,GG,AC,AA,GG,GG,CC,NN,CC,GT,TT,CG,AA,AA,AA,TT,CC,GG,AA,CC,CG,GG,GG,AC,GG,TT,AA,AA,CC,GT,AA,CC,AT,AA,GT,NN,TT,AT,GG,GG,AA,CC,TT,GT,AA,GG,AA,CT,AA,TT,CC,TT,AA,AC,TT,GG,AA,CC,AG,CC,TT,CT,GT,GG,TT,AA,AC,AA,GG,CC,CC,GG,CC,GG,AT,AA,CC,TT,GG,CC,CG,AA,GG,CC,AT,CC,AA,AA,CC,CG,CC,TT,AA,GG,AA,CC,AA,AA,NN,AA,AA,AA,TT,GG,AA,AG,AC,CC,CT,AA,AA,GG,AG,CG,TT,AT,AA,GT,TT,TT,AA,TT,GG,GG,AC,4.42,Resistant,Medium,Standard,Early
L0157,Bengaluru Rural,Karnataka,Kharif,Red Sandy Loam,Rainfed,720,26.0,70,CC,TT,GG,AG,CG,CC,GT,TT,CC,CG,AA,TT,CC,AT,TT,GG,CG,TT,TT,AG,CC,TT,GT,CC,TT,CC,GT,AT,GG,AA,TT,CC,AA,CC,GG,CG,GG,CC,GG,AC,TT,TT,AA,GT,AA,AG,TT,AT,CC,CC,GT,AA,AG,GG,TT,NN,AT,AC,GG,AA,AA,TT,TT,AG,TT,AT,CC,GG,CT,GG,AA,GG,AC,AG,GG,AA,TT,GG,TT,TT,NN,GG,GT,CC,AA,GG,AA,AT,CC,GT,CC,TT,CT,TT,GT,GG,CT,CC,GG,CC,CC,CC,GG,AA,TT,GT,CC,AA,GG,AA,CC,GG,TT,CC,TT,AA,AA,TT,CC,AG,CC,GG,CC,GG,TT,AG,CT,CG,CC,CC,AA,TT,AC,AA,CC,CC,AA,TT,AA,AA,GG,CT,CC,GG,AA,AA,AA,CC,GT,CC,CC,AA,AA,GG,TT,GG,AC,TT,TT,GG,CC,TT,GT,TT,NN,AA,GT,TT,AA,TT,GG,CC,AA,CT,CC,CC,CC,CC,AA,GG,AG,CC,TT,CC,GT,TT,GG,NN,AA,AG,TT,CC,GG,AC,CC,CC,GG,AG,AC,GG,TT,AC,AA,CC,GG,AA,CC,AA,TT,GT,TT,TT,AT,GG,GG,AA,CC,AT,TT,AA,GG,AA,CT,AA,TT,CC,TT,AC,CC,TT,GG,AA,CC,AG,CC,TT,CT,GT,GG,TT,AA,CC,AG,GT,CC,CC,GG,NN,GG,AT,AG,CC,TT,GG,CC,CC,AA,GG,CG,AT,CC,AT,AG,CC,CC,AC,TT,AA,GG,AA,AC,AA,AA,NN,AG,GG,NN,TT,CG,AA,AA,CC,AC,CT,AA,AG,GG,GG,GG,GT,AA,AA,TT,TT,TT,AG,TT,GG,GG,AA,4.71,Susceptible,High,Premium,Medium
L0158,Bengaluru Rural,Karnataka,Kharif,Red Sandy Loam,Rainfed,720,26.0,70,AC,CT,GG,AG,GG,CC,GG,TT,CC,NN,AA,CC,CC,AT,GT,GG,GG,TT,TT,AA,CC,TT,TT,CC,TT,CC,TT,TT,GG,AA,TT,CC,AA,CC,AG,CG,GG,CC,GG,CC,TT,TT,AA,GT,AA,AG,TT,TT,CC,CC,GG,AA,GG,GG,CC,TT,AA,AA,GT,AA,AA,GT,NN,AG,TT,TT,CC,GG,CT,GG,AA,GT,CC,AA,GG,AA,TT,AG,GT,TT,GG,GT,GG,CC,AA,GG,AA,AA,CC,GG,AC,TT,CT,TT,GG,AG,TT,CC,TT,CC,CT,CG,GG,AA,AT,TT,CC,NN,AG,CC,CC,GG,TT,CC,TT,AA,AA,TT,NN,AG,CC,GG,CC,GT,TT,AA,CC,CC,CC,CC,AA,NN,CC,AA,CC,CC,AA,TT,AA,AA,GG,CC,CC,GG,AA,AG,AA,CC,GG,CC,CC,AA,GG,GG,TT,AA,AC,GG,CT,GG,CC,TT,TT,TT,CG,AT,TT,TT,AT,AT,GG,CC,AA,CC,CC,CC,CG,CC,AA,GG,AG,CC,TT,CC,GG,TT,GG,AT,AG,AG,TT,CC,GG,AA,AC,CC,GG,GG,AC,GG,TT,AA,AA,CC,GG,AA,CC,AA,AA,GG,TT,AT,AT,GG,GG,AT,CG,TT,TT,AA,GG,AA,TT,AA,TT,CC,TT,AA,CC,CT,GG,GG,CC,AG,AC,TT,TT,TT,GG,TT,AA,CC,AA,GG,CC,CG,GG,CC,GG,AA,AG,CC,TT,GG,CC,CC,AA,AG,CG,AA,CC,AT,AA,AC,CG,AC,TT,AA,GG,AA,AA,AC,AA,AA,AG,AG,AG,TT,GG,CC,AG,AC,AC,CT,AG,AG,GG,GG,GG,TT,AA,AG,TT,TT,TT,AA,TT,GG,GG,AA,5.02,Susceptible,Low,Standard,Medium
L0159,Bengaluru Rural,Karnataka,Kharif,Red Sandy Loam,Rainfed,720,26.0,70,AC,TT,GG,AA,GG,CC,GG,TT,CC,CG,AT,CC,CC,TT,TT,GG,GG,TT,NN,NN,CC,TT,GT,CC,TT,CT,TT,AT,GT,AA,TT,CC,AA,CC,GG,GG,GG,CC,GG,CC,TT,CT,AA,TT,AA,GG,TT,AA,CC,CC,GG,AT,AG,GG,CC,TT,AA,AA,GT,AC,AA,TT,TT,AG,TT,TT,NN,GG,TT,GG,AG,GG,CC,AG,GG,AC,AA,GG,TT,TT,GG,GT,GG,CC,AA,GG,AG,AA,CC,TT,AC,TT,CC,TT,GT,GG,TT,CC,GT,CC,CC,CC,GG,AA,AT,TT,CC,AA,AG,AA,CC,GG,TT,CC,TT,AA,AC,TT,CC,GG,CG,GG,CC,GG,TT,AG,CC,CC,CC,CC,AA,TT,CC,AA,AC,CC,AA,TT,AA,AA,GG,CT,CC,GG,AA,AG,AA,CC,GG,CC,CC,AA,AA,GG,GT,GG,AC,TT,CT,GG,CC,TT,TT,TT,CC,AT,GG,CT,AA,TT,GG,CC,AA,CT,CC,CC,GG,CC,AA,GG,AA,CC,TT,CG,GG,TT,GG,AT,AA,AA,TT,CC,CG,AA,CC,CC,GG,GG,AC,GG,NN,AC,AA,CC,GG,AA,CC,AA,AA,GG,GT,TT,AA,GG,GG,AA,CC,TT,TT,AA,GG,AA,TT,AA,TT,CC,CT,AA,CC,TT,GG,AG,CC,AA,CC,TT,CT,GT,GG,TT,AC,AC,AG,GG,CC,CG,GG,CC,GG,TT,AG,CG,TT,GG,CC,CG,TT,GG,CC,AA,CC,AA,AA,CC,CC,AA,TT,AA,GG,AA,AA,CC,AA,GG,GG,AG,AA,TT,GG,AC,AA,AC,AA,CT,AG,AA,GG,GG,GG,TT,AT,AA,TT,TT,TT,GG,AT,GG,GG,AA,3.1,Susceptible,Medium,Premium,Early
L0160,Bengaluru Rural,Karnataka,Kharif,Red Sandy Loam,Rainfed,720,26.0,70,AC,CT,GG,AA,GG,NN,GG,TT,CC,GG,AA,CT,CC,AT,GT,GT,CG,TT,TT,AA,CC,TT,TT,CT,TT,CC,TT,TT,GG,AA,TT,CC,AA,CC,GG,GG,NN,CG,GG,AC,TT,CC,AC,TT,AA,GG,TT,TT,CC,AC,GG,AA,AG,GG,CC,TT,AA,AC,GT,AA,AA,TT,AT,AG,TT,TT,CC,GG,CT,GT,AA,GG,AC,AA,GG,CC,AT,GG,TT,TT,GG,GG,GG,CC,TT,NN,AA,AA,CG,GT,CC,TT,CC,AT,TT,GG,CT,CC,TT,CC,CC,CC,NN,AA,TT,TT,NN,AA,AA,AC,TT,GG,TT,CG,TT,AC,AC,TT,CC,GG,CC,GG,CC,GG,NN,AA,NN,CC,AC,CC,AA,TT,CC,AA,CC,CC,AA,AT,AA,AA,GG,CC,CC,GG,AA,AG,AA,CC,GG,CC,CC,AA,AG,GG,TT,GG,AC,GT,TT,GG,CC,TT,TT,TT,CG,AA,TT,TT,AA,AA,GG,CC,AA,CT,CC,CC,CC,CC,AA,GG,AG,CC,TT,CC,GG,TT,GG,AT,AA,AA,TT,CC,GG,AC,CC,CC,GG,GG,AC,GG,TT,AA,AA,CC,GG,AA,CC,AA,AT,GG,TT,TT,AT,GG,GT,AT,CC,AT,GG,AA,GG,AA,CT,AA,TT,CC,TT,AC,CC,CT,CG,AA,GG,GG,CC,TT,TT,TT,GG,TT,AA,CC,AA,GG,CC,CC,NN,CC,GG,TT,AA,CG,GT,GG,CG,CG,AT,GG,CC,AA,CC,AA,AA,AC,CC,CC,TT,NN,NN,AA,AA,CC,AA,AG,AA,AA,AA,TT,GG,NN,AG,AA,AC,TT,AG,GG,GG,GG,GG,TT,AA,AA,TT,TT,TT,GG,TT,GG,GG,AC,3.35,Resistant,High,Premium,Early
L0161,Bengaluru Rural,Karnataka,Kharif,Red Sandy Loam,Rainfed,720,26.0,70,CC,CT,GG,GG,GG,CC,GT,TT,CC,CC,AA,CC,CG,TT,GT,NN,GG,TT,TT,AA,CG,TT,TT,CT,TT,CC,TT,TT,GT,AA,TT,CT,AA,AC,GG,GG,GG,CG,GG,CC,TT,CT,AC,TT,AA,NN,TT,TT,CC,NN,GG,AA,AA,GG,CT,GT,AA,AA,GG,AA,AA,GT,AT,NN,TT,AT,CC,GG,TT,GG,AA,GT,CC,AA,AG,AA,AA,GG,TT,TT,GG,TT,GG,CC,AA,GG,AA,AA,CC,TT,CC,TT,CC,TT,GT,GG,TT,CC,TT,CC,CC,CG,AG,AA,AT,TT,CG,AA,AG,AA,CC,GG,TT,CC,TT,AA,AA,TT,CC,AG,CC,GG,CC,GT,CT,AA,CC,CC,CC,CC,AA,TT,AC,AA,CC,CC,AA,TT,AA,AA,GG,CC,CC,GG,NN,AA,AA,CC,GG,CC,CG,AA,AA,AG,TT,GG,AC,TT,NN,NN,AC,GT,GT,TT,CC,AT,TT,TT,AA,TT,GG,CG,AA,TT,CC,CC,GG,CC,AA,GG,GG,CC,NN,CC,GT,TT,CG,AT,AA,AA,TT,CC,GG,AA,CC,CC,GG,GG,AA,GG,CT,AC,AA,CC,GG,AT,AC,AA,AA,GG,TT,AT,TT,GG,TT,AA,CC,TT,GG,AA,GG,AA,CC,AA,TT,CC,TT,AC,CC,TT,GG,AA,CG,AA,CC,AT,TT,GT,GG,AT,AA,CC,AA,GG,CC,CG,GG,CC,GG,TT,AA,CC,GT,GG,CC,CC,AT,GG,CG,AA,CC,AA,AA,AC,CC,CC,TT,AA,NN,AA,CC,AA,AA,AG,AG,AA,AA,TT,GG,AA,AA,AC,AA,CT,AG,AA,GG,GG,GG,TT,AA,AA,TT,TT,TT,AA,AA,GG,GG,AA,3.98,Susceptible,High,Standard,Medium
L0162,Bengaluru Rural,Karnataka,Kharif,Red Sandy Loam,Rainfed,720,26.0,70,AA,TT,AG,AG,GG,CC,GG,AT,CC,CG,AA,CC,CG,TT,GT,GG,CG,TT,TT,AA,CG,TT,GT,CC,TT,CC,TT,TT,GT,AA,TT,CT,AA,CC,GG,CG,GG,CG,GG,CC,TT,TT,AC,TT,AA,GG,TT,AT,CC,AA,GT,AA,NN,GG,CT,TT,AT,AC,GT,AC,AA,GT,AT,AG,TT,AT,CC,GG,TT,GG,AA,GT,CC,AA,GG,AA,AT,AG,GT,TT,GG,GT,GG,CC,AA,GG,AA,AA,CC,TT,CC,TT,NN,TT,TT,GG,CT,CC,TT,CC,CC,CC,AG,AA,TT,TT,CC,AA,AA,AA,CT,GG,TT,CC,TT,AA,AA,TT,CG,GG,CC,GG,CC,GT,TT,AA,NN,CC,CC,CG,AA,TT,CC,AA,CC,CC,AA,TT,AA,AT,GG,TT,CC,GG,AA,AA,AA,CC,GT,CC,CC,AA,AA,GG,TT,GG,AC,TT,CT,GG,CC,GT,TT,TT,CG,AT,TT,TT,AT,TT,CG,CC,AA,TT,CC,CC,CG,CC,AA,GG,AA,CC,TT,CC,GT,NN,GG,TT,AA,AA,TT,CC,GG,AC,CC,CG,GG,GG,AA,GG,TT,AA,AA,CC,GG,AA,CC,NN,AT,GG,TT,AT,AT,GG,GG,AT,NN,TT,GT,AA,GG,AA,CT,AA,TT,CC,TT,AC,AC,TT,CC,AA,CC,AA,CC,TT,CT,TT,GG,TT,AA,AC,AA,GG,CG,CC,GG,CC,GG,NN,AA,CC,TT,GG,CC,CG,AA,GG,CC,AT,CC,NN,AA,AC,CC,CC,TT,AA,GG,AA,AA,AC,AC,AG,AG,AA,AG,AT,CG,AC,GG,AC,AA,CT,AA,AA,GG,GG,GG,GT,AA,AA,TT,TT,TT,AA,TT,GG,GG,AA,4.81,Susceptible,High,Premium,Late
L0163,Bengaluru Rural,Karnataka,Kharif,Red Sandy Loam,Rainfed,720,26.0,70,AA,TT,GG,AG,GG,CC,GG,AT,CC,CG,AA,CC,CC,TT,TT,GT,CG,AT,TT,AA,CC,GT,GT,CC,TT,CC,TT,TT,GG,AA,TT,CT,AA,CC,GG,CG,GG,CC,GG,CC,TT,TT,AA,TT,AG,AG,TT,AT,CC,AC,GG,AA,AA,GG,CT,TT,AA,AA,GT,AA,AA,TT,TT,AA,TT,TT,CC,NN,TT,GG,AA,GT,AC,AA,GG,AC,AT,GG,NN,TT,GG,GT,GT,CC,AA,GG,AA,AA,CC,GT,AC,TT,TT,TT,TT,GG,CT,CC,GG,CC,CT,CC,AG,AA,NN,TT,NN,AA,AA,CC,CT,GG,TT,CG,NN,AA,AC,TT,CG,AG,CG,AG,CC,GG,CT,AA,CC,CC,CC,CG,AA,TT,CC,AA,CC,CC,AG,TT,AA,AT,GG,CC,CC,NN,AA,AG,AT,AC,GG,CC,CC,AA,AA,GG,TT,GG,AA,TT,TT,GG,AC,TT,GT,TT,CC,AA,TT,CT,AT,TT,CG,CC,AA,CT,CC,CC,CG,CC,AA,GG,GG,CC,TT,CC,GT,TT,GG,TT,AA,AA,TT,CC,GG,AA,AC,CG,GG,GG,AC,GG,TT,AA,AA,CC,GG,NN,CC,AA,AA,GG,TT,TT,AA,GG,GG,AA,CC,AA,TT,AA,GG,AG,CT,AA,TT,CC,TT,AA,CC,TT,GG,AA,CC,GG,CC,TT,TT,TT,GG,TT,AA,CC,AG,GG,CC,CC,GG,CC,GG,AT,AA,CG,TT,GG,CC,CC,AA,AG,CC,NN,CC,AA,AA,CC,CC,AC,TT,AA,GG,AA,AA,AA,AA,AA,AA,AA,AA,TT,GG,AA,AA,CC,AA,TT,AA,AA,GG,GG,GG,NN,AA,AA,NN,TT,TT,AG,TT,GG,GG,AA,4.81,Moderate,Medium,Premium,Early
L0164,Bengaluru Rural,Karnataka,Kharif,Red Sandy Loam,Rainfed,720,26.0,70,AA,CT,GG,AA,GG,CC,GT,TT,CC,CG,AA,CT,CC,TT,TT,GG,GG,TT,TT,AA,CC,GT,GT,CC,TT,CT,TT,TT,GG,AA,TT,CC,AA,CC,GG,GG,GG,NN,GG,CC,TT,TT,AA,TT,AA,GG,TT,TT,CC,AA,GG,AA,AG,GG,CC,TT,AA,AA,TT,AA,AA,TT,AT,NN,TT,TT,CC,GG,TT,GT,AA,GG,CC,AG,GG,CC,AA,AG,GT,TT,GG,GG,GG,CC,AA,GG,AG,AA,CC,TT,CC,TT,CC,TT,TT,GG,CT,CC,TT,CC,CT,CC,AG,AA,TT,TT,CC,AA,AG,AA,CT,GG,TT,CG,TT,AA,AA,AT,CC,GG,CG,GG,CC,GG,TT,AA,CC,CC,CC,CC,AA,TT,CC,AA,CC,CC,AA,NN,AA,AA,GG,TT,CC,GG,AA,AG,AA,CC,GG,CC,CC,AA,AG,GG,TT,AG,CC,TT,TT,GG,NN,TT,TT,TT,CC,AA,TT,TT,AT,AT,GG,CC,AG,CT,CC,CC,CG,CC,AA,GG,AG,CC,TT,CC,GG,TT,CG,AT,AG,AA,TT,CC,CC,AA,CC,CC,GG,GG,AC,GG,TT,AC,AA,CC,GG,AT,CC,AA,AT,GG,TT,AA,AT,CG,GT,AA,CC,TT,GG,AA,GG,AA,TT,AC,NN,CC,TT,CC,CC,TT,NN,AG,CC,GG,CC,TT,CT,TT,NN,TT,AA,AA,AG,GG,CC,CC,CG,CC,GG,TT,GG,CG,TT,GG,CC,CG,AA,GG,CC,AA,CC,AT,AA,CC,CG,AC,TT,AA,GG,AA,AA,AA,AC,GG,AA,AA,AG,TT,GG,AC,AA,AC,AA,CT,AG,AG,CG,GG,GG,TT,AT,AA,TT,TT,TT,AG,AT,GG,GG,AA,3.2,Susceptible,High,Standard,Early
L0165,Bengaluru Rural,Karnataka,Kharif,Red Sandy Loam,Rainfed,720,26.0,70,AA,TT,GG,AA,GG,CC,GT,TT,CC,CG,AA,CC,CG,TT,GG,GT,CG,TT,TT,AA,CG,TT,GG,CC,TT,CC,TT,TT,GG,AA,CT,CT,AA,CC,AG,CG,GG,CC,GT,CC,TT,TT,AA,TT,AA,GG,TT,TT,CC,AC,GT,AA,AA,GG,CC,TT,AA,AC,GT,AA,AG,TT,AT,AG,TT,TT,CC,GG,NN,GT,AG,GG,CC,AA,AA,AC,AT,AG,TT,TT,GG,GT,GG,CC,AA,AG,AA,AA,CC,GG,AC,TT,CC,NN,NN,GG,TT,CC,TT,CC,NN,CC,AG,AA,AT,TT,CC,AA,AA,AA,CC,GG,TT,CC,GT,AA,AC,TT,CC,GG,CC,GG,CC,GT,TT,AA,CC,CC,AC,CC,AA,TT,CC,AA,CC,CC,AA,TT,AG,AA,GG,CC,CC,GG,AA,GG,AA,CC,GG,NN,CC,AA,AA,GG,TT,GG,AA,TT,TT,GG,CC,TT,TT,CT,CG,AA,NN,TT,AA,TT,GG,CC,AG,CC,CC,CC,GG,CC,AA,AG,AG,CC,TT,CC,GT,GT,CG,AT,AA,AG,TT,CC,GG,AA,CC,CC,GG,GG,AA,GG,TT,AC,AA,CC,GG,AT,CC,AT,AT,GG,TT,AA,AT,GG,GG,AA,CC,TT,TT,AA,GG,AA,CT,AA,TT,CC,TT,AA,CC,TT,CG,AG,CG,AG,CC,AT,NN,GT,GG,TT,AC,AC,AG,GG,CC,CG,GG,CC,GG,AT,AA,CG,GG,NN,CC,CC,AA,GG,CC,AA,CC,AT,AA,AC,CC,AC,TT,AA,GG,AA,AA,AA,AA,AG,AA,AA,AA,TT,GG,AA,AG,CC,AC,TT,AA,AA,GG,GG,GG,GT,AA,AA,GT,TT,TT,AA,TT,GG,CG,AA,3.62,Susceptible,Low,Standard,Medium
L0166,Bengaluru Rural,Karnataka,Kharif,Red Sandy Loam,Rainfed,720,26.0,70,AC,TT,GG,AG,GG,CC,GG,TT,CC,CG,AT,CC,CC,TT,TT,GT,CG,TT,TT,AA,NN,GT,TT,CC,TT,CC,TT,TT,GG,AA,TT,CT,AA,CC,GG,GG,GG,CG,GG,CC,TT,TT,AA,GT,AG,AG,TT,AT,CG,CC,GT,AT,AA,GG,CT,TT,AA,AA,GG,AC,AA,GT,AT,GG,CC,TT,CC,GG,TT,GG,AA,GG,CC,AA,GG,AC,AT,GG,TT,TT,GG,GG,TT,CC,AA,AG,AA,AA,CC,GT,NN,TT,TT,TT,GT,AG,CT,CC,TT,CC,CC,CC,GG,AA,TT,TT,CC,AA,AG,AA,CC,NN,TT,CC,TT,AA,AA,TT,CC,GG,CC,GG,CC,GT,TT,AA,CT,CC,CC,CC,AG,TT,AC,AA,CC,CC,AA,AT,AA,AT,NN,CC,CC,AG,AA,AA,AA,CC,GG,CC,CG,AA,AA,GG,GT,GG,AC,TT,CT,AG,CC,TT,TT,TT,CC,AT,GT,TT,AA,TT,GG,CG,AA,TT,CC,CC,GG,CC,AA,GG,GG,CC,TT,CC,TT,TT,GG,NN,AA,AA,TT,CC,CC,AA,CC,CC,GG,AG,AC,GG,TT,AC,AG,CC,GG,AA,AC,AA,AA,GG,TT,AT,AT,GG,GT,AT,CC,AT,GT,AA,GG,AA,CC,AA,TT,CC,CT,AA,CC,TT,CG,AA,NN,AG,CC,TT,CT,GG,GG,TT,AA,CC,AA,GG,CC,CG,GG,CC,GG,AT,AA,CC,TT,GG,CG,CC,AA,GG,CC,AA,CC,TT,AA,AA,GG,AC,TT,AA,CG,AT,AC,CC,AA,GG,AG,AA,AA,TT,CG,AA,AA,AC,AA,CT,AG,AA,GG,NN,GG,TT,AT,AA,TT,TT,TT,AG,TT,GG,CG,AA,3.36,Susceptible,High,Premium,Late
L0167,Bengaluru Rural,Karnataka,Kharif,Red Sandy Loam,Rainfed,720,26.0,70,CC,TT,GG,GG,GG,CG,GG,TT,CC,CG,TT,CT,CG,AT,GT,GT,CG,TT,TT,AG,CG,GT,TT,CC,TT,CC,TT,TT,GG,NN,TT,CC,AA,CC,GG,GG,GG,CC,GG,CC,TT,TT,AC,GT,AA,AG,TT,AT,CC,AA,GT,AA,AA,GG,CC,GT,AA,AC,GT,AC,AA,TT,AT,GG,TT,TT,CC,GG,TT,GG,AG,GG,CC,AA,GG,AA,AA,GG,TT,TT,AG,GT,GG,CC,AA,AG,AA,AA,CC,TT,CC,TT,CT,TT,GT,GG,TT,CC,TT,CC,CC,CC,GG,AA,TT,TT,GG,AA,AA,AC,CC,GG,GT,CC,TT,AC,AA,AT,CC,GG,CC,GG,CC,GG,NN,AA,CC,CC,CC,CC,AA,TT,AC,AA,AC,CC,AA,AT,AA,AA,CG,CC,CC,GG,AA,GG,AA,AC,GG,CC,CC,AA,AA,GG,TT,GG,AA,TT,TT,GG,AC,GT,TT,TT,CC,AT,TT,CT,AA,AT,GG,CC,GG,CC,CC,CC,GG,CC,AA,GG,AA,CC,TT,CC,TT,TT,GG,TT,AA,AA,TT,CC,GG,AA,AC,CC,GG,GG,AA,GG,TT,AC,AG,CC,GG,AT,CC,AA,AA,GG,TT,TT,AT,CG,GT,AA,CC,AT,GT,AA,GG,AA,TT,AC,TT,CC,CT,AA,CC,TT,GG,AG,CC,AG,AC,TT,TT,TT,GG,AT,AA,AC,AA,NN,CC,GG,GG,CC,GG,TT,AA,CC,GT,GG,CG,CG,AA,GG,CC,AA,CC,AA,AA,AC,CG,CC,TT,AA,GG,AA,AC,AC,AA,GG,GG,AA,AA,TT,GG,AA,AG,AC,AA,TT,AG,AA,GG,GG,GG,GT,AA,AA,TT,AT,TT,AG,TT,GG,GG,AA,3.73,Susceptible,Low,Poor,Medium
L0168,Bengaluru Rural,Karnataka,Kharif,Red Sandy Loam,Rainfed,720,26.0,70,CC,TT,GG,AA,GG,CC,GG,AT,CC,CC,AT,CC,CC,TT,TT,GG,GG,TT,TT,AA,CC,GT,GT,CT,TT,CC,TT,TT,GG,AA,TT,CC,AA,CC,GG,GG,GG,CG,GG,CC,TT,TT,AA,TT,AG,GG,TT,AT,CC,AC,GG,AA,AG,GG,CT,GT,AA,AA,GT,AC,AA,TT,AT,AA,TT,TT,NN,GG,TT,GT,AG,GG,CC,AA,GG,AA,AT,GG,TT,TT,GG,GG,GG,CC,AT,GG,AG,AA,CG,GG,CC,TT,CC,AT,NN,GG,CT,CC,TT,CC,CT,CC,AG,AA,TT,TT,CC,AG,AG,AA,CC,GG,GT,CG,TT,AA,AA,TT,CC,AG,GG,GG,CC,GT,CT,GG,CC,CC,CC,CC,AA,TT,CC,AA,CC,CC,AA,TT,AA,AA,GG,CC,CC,GG,AA,AA,AA,CC,GG,CC,CC,AA,AA,GG,GT,AG,AC,GT,CT,GG,CC,GT,TT,TT,CG,AA,TT,TT,AA,TT,GG,CC,AA,CC,CC,CC,GG,CC,AA,GG,AG,CC,TT,CC,GT,TT,GG,AT,AA,AA,TT,CC,CG,AC,CC,CC,GG,AG,AA,GG,TT,CC,AG,CC,GG,AA,CC,AA,AT,GT,TT,TT,AA,GG,GG,AA,CG,AT,GT,NN,GG,AA,CT,AC,TT,CC,TT,AA,CC,CT,GG,AG,CC,AG,CC,TT,CT,GT,CG,TT,AC,AA,AA,GT,CC,CC,GG,CC,GG,TT,AA,CC,TT,AG,CC,CC,AA,GG,CC,AT,CC,AA,AA,AA,CG,AC,AT,AA,GG,AA,NN,NN,AA,GG,AA,AA,AA,TT,GG,AC,AA,AA,AA,CT,AG,AA,GG,AG,GG,TT,AT,AA,TT,TT,TT,AA,NN,GG,GG,AA,3.67,Susceptible,Low,Premium,Medium
L0169,Bengaluru Rural,Karnataka,Kharif,Red Sandy Loam,Rainfed,720,26.0,70,AC,TT,GG,AG,GG,CC,GG,TT,CC,CC,AA,CC,CC,TT,GT,NN,GG,TT,AT,AA,CC,TT,GT,CC,TT,CC,TT,AT,GG,AA,TT,NN,AG,CC,AG,GG,GG,CC,GG,CC,TT,TT,AA,TT,AG,NN,TT,AT,CC,AC,GT,AA,AG,GG,CC,TT,AT,AC,GT,AA,AA,TT,TT,AA,CT,AA,CC,GG,TT,GG,AA,GG,CC,AA,GG,AA,AT,GG,GT,TT,GG,GG,NN,CC,AA,GG,AA,AT,CC,TT,CC,TT,CC,AT,TT,GG,TT,CC,TT,CC,CT,CC,GG,AA,AT,TT,CC,AA,AG,AA,CC,GG,TT,CG,TT,AA,AC,TT,CC,NN,CG,GG,CC,GT,CT,AA,CC,CC,CC,CC,AA,GT,CC,AA,CC,CC,AA,TT,AA,AA,GG,CC,CC,GG,AA,AG,AA,AC,GT,CC,CC,AG,AA,GG,TT,GG,NN,TT,CT,GG,CC,TT,GT,TT,CC,AT,GT,TT,AA,AT,GG,CC,AA,CT,CC,CC,GG,CC,AA,GG,AA,CC,TT,CC,GG,TT,CC,AT,NN,AA,TT,AC,CG,AA,CC,CC,GG,GG,AA,GG,TT,AA,AG,CC,GG,AA,CC,AA,AT,GG,TT,NN,AT,GG,GT,AA,CG,AT,TT,AA,GG,AA,TT,AA,TT,CG,TT,NN,CC,CT,GG,AA,CC,AG,CC,TT,CT,TT,GG,TT,AA,CC,AA,GG,CC,CG,GG,CC,GG,AT,AA,NN,GT,GG,CC,CC,AT,GG,CG,AT,CC,AA,AA,CC,CG,AC,AT,AA,GG,AA,AA,AA,AA,GG,AA,AA,AA,AT,GG,AA,GG,AC,AA,TT,AA,AA,CG,GG,GG,TT,AT,AA,TT,TT,AT,AG,AT,GG,CG,AA,3.35,Moderate,High,Premium,Late
L0170,Bengaluru Rural,Karnataka,Kharif,Red Sandy Loam,Rainfed,720,26.0,70,AC,TT,AG,AG,GG,CC,GT,TT,CC,CG,AA,CC,CC,TT,TT,GT,CG,TT,TT,AA,CC,TT,GG,CC,TT,CC,TT,AT,GT,AA,TT,CC,AA,CC,GG,CC,GG,CC,GG,AC,TT,TT,AA,TT,AG,AG,TT,TT,CC,CC,GG,AA,AA,GG,CC,TT,AA,CC,TT,AA,AG,GT,AT,AG,TT,AT,CC,GG,TT,GG,AA,GT,CC,AA,GG,AA,AT,GG,TT,TT,GG,GG,GG,CC,AA,GG,AA,AA,CC,GG,AC,TT,CC,AT,GT,AG,TT,CC,GT,CC,CC,CG,AG,AA,TT,TT,CG,AA,AG,AA,CC,GG,GT,CG,GT,AA,AA,TT,CC,GG,CC,AG,CC,GG,TT,AA,CC,CC,CC,CC,AA,NN,CC,AA,CC,CC,AA,TT,AA,TT,GG,CT,CC,GG,AA,AG,AA,AC,GG,CC,CC,AA,AG,GG,TT,GG,AC,TT,CT,GG,CC,TT,GG,TT,CC,AT,TT,TT,AT,AA,GG,CC,AA,CC,CC,CC,GG,CC,AA,GG,AG,AC,TT,GG,GT,GG,GG,AT,NN,AA,TT,CC,GG,AA,CC,CC,GG,GG,AC,GG,TT,AA,AA,CC,GT,AA,CC,AA,AT,GG,TT,AT,AA,NN,GG,AT,CC,TT,GG,AA,GG,AA,TT,AA,TT,CC,TT,AA,CC,CC,GG,AA,CC,GG,AC,TT,TT,TT,GG,TT,AC,AC,AA,GT,CC,CG,GG,CG,GG,AT,AA,CG,TT,GG,CC,CC,AA,AG,CC,AA,CG,AA,AA,CC,CG,CC,TT,AA,GG,AA,AA,AA,AC,GG,GG,AA,AA,TT,CG,AA,AG,AC,AA,TT,AA,AA,GG,GG,GG,GT,AA,AA,TT,TT,TT,AG,AA,GG,GG,AA,1.89,Susceptible,Low,Premium,Late
L0171,Bengaluru Rural,Karnataka,Kharif,Red Sandy Loam,Rainfed,720,26.0,70,AC,TT,GG,AA,GG,CC,GG,TT,CC,CC,AA,CT,CC,TT,TT,GG,CG,TT,TT,AA,CC,TT,GT,CC,AT,CC,TT,TT,GG,AA,TT,CT,AA,CC,GG,GG,GG,CC,GG,CC,TT,CC,AA,TT,AA,AG,CT,TT,CC,AC,GT,AA,AA,GG,CC,GT,AA,AC,TT,CC,AA,TT,TT,AG,TT,TT,CC,GT,TT,GG,AA,GG,CC,AA,GG,AC,AA,GG,TT,TT,GG,GG,GG,CC,AA,GG,AA,AA,CG,GT,CC,TT,CC,AT,TT,GG,TT,CC,GG,CC,CC,CC,AG,AA,AT,TT,CC,AG,AG,AA,CC,GG,TT,CG,TT,AA,AA,TT,CG,AG,CC,GG,CC,GT,CT,AG,CC,CC,CC,CC,AG,TT,CC,NN,CC,CC,AG,TT,AA,AA,GG,NN,CC,GG,AA,GG,AA,CC,GT,CC,CG,AA,AA,GG,TT,AG,AC,GT,TT,AG,AC,TT,TT,TT,CC,AT,GT,CT,AT,TT,GG,CC,AA,CT,CC,CC,GG,CC,AA,GG,AG,CC,TT,CC,GG,TT,GG,AA,AA,AA,TT,CC,CC,AA,CC,CC,GG,GG,AC,CC,TT,AA,AA,CG,GG,AT,AA,AA,AT,GG,TT,AT,AA,CG,GT,AA,CC,TT,TT,AA,GG,AA,TT,AA,NN,CC,TT,AA,CC,CT,CG,AA,CC,GG,NN,TT,CC,GT,GG,TT,AA,CC,AA,GG,CC,CC,GG,CC,GG,TT,AA,CC,GT,GG,CC,CC,AA,GG,CC,AA,CC,AA,AA,CC,CC,CC,TT,AA,GG,AA,AA,AC,AA,AG,AA,AA,AA,TT,GG,AA,AA,AA,CC,CT,AG,AA,GG,GG,CG,TT,AT,AA,TT,TT,TT,AA,AT,GG,GG,AA,4.59,Susceptible,Low,Poor,Late
L0172,Bengaluru Rural,Karnataka,Kharif,Red Sandy Loam,Rainfed,720,26.0,70,CC,TT,GG,AA,GG,CC,GG,TT,CC,CC,AA,CC,CG,TT,TT,GG,GG,NN,TT,AA,CG,GT,GT,CC,TT,CC,TT,AT,GG,AA,TT,CC,AA,CC,GG,GG,GG,NN,GG,CC,NN,CC,AA,TT,AA,GG,TT,TT,CC,AC,GT,AT,GG,GG,CT,GT,AA,AA,TT,CC,AA,GT,AT,AA,TT,TT,CC,GT,TT,GT,AG,GG,CC,AA,AG,AC,AA,GG,TT,TT,GG,GG,GG,CC,AT,GG,AA,AT,CC,GT,CC,TT,CT,TT,TT,GG,TT,CC,TT,CC,CC,GG,AG,AA,AT,TT,CG,NN,AG,AA,CC,GG,TT,CG,TT,AA,AA,TT,CC,AG,CG,AG,CC,GG,CT,AA,CT,CC,CC,CC,AA,TT,CC,AA,CC,CC,AA,TT,AA,AA,GG,CT,CC,GG,AA,AG,AA,CC,GG,CC,CC,AA,AA,GG,TT,GG,AA,GT,CT,GG,AC,TT,TT,TT,CC,AA,GT,TT,AA,TT,CG,CC,AA,TT,AC,CC,CG,CC,AA,GG,AG,CC,TT,CC,GT,GT,GG,TT,AA,AG,TT,CC,GG,AC,CC,CC,GG,GG,AA,GG,TT,AA,AA,CC,GG,AT,CC,AA,AT,GT,TT,TT,AA,CG,TT,AT,CC,TT,TT,AA,GG,AA,TT,AA,TT,CC,TT,AA,CC,TT,CG,AA,CG,GG,AC,TT,TT,TT,GG,TT,AA,CC,AA,GT,CC,CG,GG,CG,GG,AT,AA,CC,GT,GG,CC,CC,AA,GG,CC,AA,CC,AT,AA,NN,CC,CC,TT,AA,GG,AA,AA,AC,AA,AG,AA,AG,AA,TT,GG,AC,AG,AC,AA,CT,AA,AA,CG,GG,GG,NN,AT,AA,TT,TT,TT,AG,TT,GG,GG,AA,3.3,Susceptible,Low,Poor,Medium
L0173,Bengaluru Rural,Karnataka,Kharif,Red Sandy Loam,Rainfed,720,26.0,70,AA,TT,GG,AA,GG,CC,GG,TT,CC,CC,AA,CT,CG,TT,TT,GG,GG,TT,TT,AA,CC,GT,TT,CC,AT,CC,GT,TT,GG,AA,TT,CC,AA,CC,AG,GG,GG,CC,GG,AC,TT,CT,AA,TT,AA,GG,TT,TT,CG,AC,GG,NN,AA,GG,CT,TT,AA,AA,GG,NN,AA,TT,AA,NN,TT,AT,CC,GG,TT,NN,AA,GG,NN,AA,AG,AC,AT,GG,GT,TT,GG,GG,GG,CC,AA,GG,AA,AA,CC,NN,CC,TT,CT,TT,TT,GG,TT,CC,GG,NN,CC,CC,AG,AA,TT,TT,CC,AA,AG,AA,CC,GG,TT,CC,TT,AC,AA,AT,CG,AG,CC,GG,CC,GG,CT,AA,CC,CC,AC,CG,AA,TT,AC,AA,CC,CC,AA,TT,AA,AA,GG,CC,CC,AG,AA,GG,AA,CC,GG,CC,CC,AA,AA,AG,TT,GG,AA,TT,CT,GG,CC,GT,TT,CT,CG,AA,TT,TT,AT,AA,CG,CC,AA,NN,CC,CC,GG,CC,AA,GG,AG,CC,TT,CC,GG,TT,GG,TT,AA,AA,TT,AA,GG,AA,CC,CC,GG,GG,AA,GG,NN,CC,AA,CC,GG,AT,CC,AA,AT,GG,TT,AT,AT,NN,TT,AA,CC,TT,TT,NN,GG,AA,TT,AC,TT,CC,CT,AC,CC,TT,CG,AG,CC,GG,CC,TT,CT,TT,GG,TT,AC,AC,AA,GG,CC,CC,GG,CC,GG,AT,AG,CC,GT,GG,CC,CC,AA,GG,CG,NN,CC,AA,AG,AC,CC,CC,TT,AA,CG,AA,AA,AA,AA,AA,AG,AG,AA,TT,GG,AA,AG,AC,AA,TT,AG,AA,CG,AG,GG,TT,AA,AA,TT,TT,TT,AG,TT,GG,GG,AA,0.4,Moderate,Low,Premium,Early
L0174,Bengaluru Rural,Karnataka,Kharif,Red Sandy Loam,Rainfed,720,26.0,70,AC,CT,GG,AG,GG,CC,GG,TT,CC,CG,AA,CC,CC,TT,TT,GG,CG,NN,TT,AA,CC,GT,TT,CC,TT,CC,GT,TT,GT,AA,TT,CC,AA,CC,GG,CG,GG,CG,GG,CC,TT,TT,AC,TT,AA,AG,TT,TT,CC,AC,GG,AT,AA,GG,CT,TT,AA,AA,GG,AA,AA,NN,AT,AG,TT,AT,CC,GG,TT,GG,AA,GG,CC,AA,GG,AC,AT,GG,TT,TT,GG,GG,GG,CC,AT,GG,AA,AA,CC,TT,CC,TT,CC,TT,TT,GG,CT,CC,TT,CC,CC,CG,AG,AA,TT,TT,CC,AA,AA,AC,CC,GG,TT,CC,TT,AC,AA,TT,CG,GG,CC,GG,CC,GG,CT,AA,CC,CC,CC,CC,AA,TT,CC,AA,CC,CT,AA,TT,AA,AA,GG,CC,CC,AG,AA,GG,AA,AC,GG,CC,CC,AG,AG,GG,TT,GG,AC,TT,TT,GG,CC,TT,TT,TT,CC,AA,GT,TT,TT,TT,GG,CC,AA,CC,CC,CC,CG,CC,AA,GG,GG,CC,TT,CC,GT,GT,CG,AT,AA,AG,TT,CC,CG,AA,AA,CC,GG,AG,AC,NN,CT,AC,AA,GG,GG,AA,AC,AA,AA,GT,TT,TT,AT,CG,GT,AA,CG,AT,GT,AA,GG,AA,CT,AA,TT,CC,TT,AC,CC,TT,GG,AG,CC,AG,CC,TT,CT,GT,GG,TT,AA,AC,AA,GG,CC,CC,GG,CC,GG,AT,AA,CC,TT,GG,CC,CG,AT,GG,CG,AA,CC,AT,AA,AC,CC,AC,TT,AA,GG,AA,AA,CC,AA,GG,AA,AA,AA,AT,GG,AA,NN,AC,AA,TT,AA,AA,GG,GG,CG,TT,AA,AG,GT,TT,TT,AG,NN,GG,CG,AA,3.72,Susceptible,Low,Poor,Late
L0175,Bengaluru Rural,Karnataka,Kharif,Red Sandy Loam,Rainfed,720,26.0,70,AC,TT,GG,AG,GG,CC,GT,TT,CC,GG,AA,CC,CG,TT,GT,GG,CG,TT,TT,GG,CC,GT,GT,CC,TT,CC,TT,TT,TT,AA,TT,CT,AA,CC,GG,CG,GG,CC,GG,CC,TT,TT,CC,TT,AA,AA,TT,TT,CG,AA,GG,AA,AG,GG,CC,GT,AT,AC,GG,AA,AA,GT,AT,NN,TT,TT,CC,GT,CT,GG,GG,GG,CC,AA,GG,AA,AT,GG,TT,TT,GG,GG,GG,CC,AA,GG,NN,AA,CC,GG,CC,TT,CC,TT,TT,GG,CT,CC,TT,CC,CC,CG,AG,AA,AT,TT,CG,AA,AA,AC,CC,GT,TT,CC,GT,AA,AA,TT,CC,GG,CG,GG,CC,GG,CT,AA,CT,CC,CC,CC,AA,TT,CC,AA,CC,CC,AA,TT,AA,AA,CG,CT,CC,GG,AA,GG,AA,CC,GG,CC,CC,AG,AA,AA,TT,GG,AA,GT,CC,GG,AC,GT,GT,CT,CC,AT,TT,TT,AA,TT,GG,CC,AG,CT,CC,AC,CG,CC,AA,GG,AG,CC,TT,CG,GG,GT,GG,NN,AA,AG,TT,CC,GG,AA,CC,CC,CC,AG,AC,GG,TT,AA,GG,CC,GT,AA,CC,AA,AT,GG,TT,TT,AA,GG,TT,TT,CG,AT,TT,AA,GG,AG,TT,AA,TT,CC,CT,AC,CC,TT,CG,GG,CC,GG,CC,TT,TT,GT,GG,AT,AA,CC,AG,GG,CC,CG,GG,CC,GG,TT,AA,CC,TT,AG,CC,CC,AT,AA,CG,AA,CC,AA,AA,CC,CC,CC,AT,AA,GG,AA,AA,CC,AA,AG,NN,AG,AA,TT,GG,AA,AG,AC,AA,CT,AA,AA,GG,AG,GG,TT,AA,AA,TT,TT,TT,AG,AT,GG,GG,AA,4.16,Susceptible,Medium,Poor,Early
L0176,Bengaluru Rural,Karnataka,Kharif,Red Sandy Loam,Rainfed,720,26.0,70,AA,TT,GG,AG,GG,CC,GG,TT,CC,CG,AA,CT,CC,TT,TT,GT,CG,TT,TT,AA,CG,GT,GT,CC,AT,CC,TT,AT,GG,AA,TT,CT,AA,CC,AG,GG,GG,CG,GG,CC,TT,CT,AA,GT,AA,AG,TT,AT,CC,AA,GG,AT,AG,GG,CT,GT,AA,AA,TT,AA,AA,TT,AT,AG,TT,AA,CC,GG,TT,GT,AA,GG,CC,AA,GG,AC,AT,GG,TT,TT,GG,GG,NN,CC,AA,GG,AA,AA,CC,GT,CC,TT,CT,TT,GT,GG,NN,CC,TT,CC,CC,CG,AG,AA,TT,GT,CC,AA,AG,AC,CC,GG,TT,CG,GT,AA,AA,AT,CC,GG,CC,GG,CC,GT,CT,GG,CC,CC,CC,CC,AA,TT,CC,AA,CC,CC,AA,AT,AA,AA,GG,CC,CG,GG,AA,AG,AA,CC,GG,CC,CC,AA,AA,GG,TT,GG,AA,TT,TT,GG,AA,TT,TT,TT,CG,AA,GT,TT,AT,TT,CG,CC,AA,CC,AC,CC,CG,CC,AA,GG,GG,CC,TT,CC,GG,TT,GG,AT,AA,AA,TT,CC,GG,AA,CC,CC,GG,GG,AA,GG,TT,AA,AA,CC,GG,AT,CC,AA,AA,NN,TT,AT,AA,GG,GT,AA,CG,AT,GT,AA,GG,AA,TT,AA,TT,CC,TT,AA,AC,TT,GG,AA,CC,AG,CC,TT,CT,GT,GG,TT,AA,CC,AG,GT,CC,CG,GG,CC,GG,TT,AA,CG,GT,GG,CC,CC,AA,GG,CG,AA,CG,AA,AA,CC,CC,AC,TT,AA,CG,AA,AA,AC,AA,NN,AG,AA,AA,TT,NN,NN,AG,CC,AA,TT,AA,AA,GG,GG,GG,GT,AA,AA,TT,TT,AT,AA,TT,GG,GG,AA,2.56,Susceptible,Low,Poor,Late
L0177,Bengaluru Rural,Karnataka,Kharif,Red Sandy Loam,Rainfed,720,26.0,70,AC,TT,GG,AA,GG,CC,GG,AT,CC,CC,AA,NN,CC,AT,GT,GG,CG,TT,TT,AA,CG,TT,GT,CC,TT,CC,TT,TT,GT,AA,TT,CC,AA,CC,GG,GG,GG,CC,GG,CC,TT,CT,AA,GT,AA,AA,TT,TT,CC,AA,GG,AA,AA,GG,CC,TT,AA,AA,GT,AA,AA,GT,AT,AA,TT,AT,CC,GG,TT,GG,AA,TT,CC,AA,GG,AC,AT,GG,TT,TT,GG,GG,GT,CC,AA,GG,AA,AA,CC,GT,CC,TT,CC,TT,TT,GG,TT,CC,TT,CT,CC,CC,AA,AA,TT,TT,CC,AA,AA,AA,CC,GG,TT,CC,GT,AA,AA,TT,CC,GG,CC,GG,CC,GG,CT,AA,CC,CC,CC,CC,AA,TT,CC,AA,CC,CC,AA,TT,AA,AT,CG,CC,CC,GG,AA,AA,AT,CC,GG,CC,CC,AA,AA,AA,GT,GG,AC,TT,TT,AG,CC,TT,TT,TT,CC,AA,TT,CT,AA,AT,GG,CC,AG,NN,AC,CC,GG,CC,AA,GG,AG,CC,TT,CC,GT,TT,CG,AT,AA,AG,TT,CC,GG,AA,CC,CC,CG,GG,AA,GG,TT,AA,AA,CG,GT,AA,AC,AA,AT,GG,GT,AT,AA,CG,TT,AT,CC,AT,GT,AA,GG,AA,TT,AA,TT,CC,CT,AC,CC,TT,CG,AG,CG,GG,AC,TT,TT,GT,GG,TT,AA,CC,AA,GG,CC,CG,GG,CC,GG,AA,AA,CC,NN,GG,CC,CC,AA,GG,CC,AT,CC,AA,AA,AC,CC,AC,AT,NN,GG,AA,AC,AC,AA,GG,AA,AA,AA,TT,GG,AA,AG,CC,AC,CC,AG,AA,CG,GG,GG,GT,AA,AA,GT,TT,TT,AG,TT,GG,GG,AA,4.17,Moderate,Low,Poor,Medium
L0178,Bengaluru Rural,Karnataka,Kharif,Red Sandy Loam,Rainfed,720,26.0,70,CC,TT,GG,AG,GG,CC,GG,TT,CC,CG,AA,CC,CG,AT,NN,GG,GG,TT,TT,AA,CC,GT,GG,CT,TT,CC,TT,NN,GG,AA,TT,TT,AA,CC,GG,GG,GG,CC,GG,CC,TT,CT,AA,TT,AA,AG,TT,AT,CG,NN,GT,AA,AA,GG,CT,TT,AA,AA,GG,AA,AA,TT,TT,GG,TT,TT,CC,GG,CT,GG,AG,GG,CC,AA,GG,AA,AT,AG,GT,TT,GG,GT,GG,CC,AT,AG,AA,AT,CG,GT,AC,TT,CT,TT,TT,GG,TT,CC,TT,CC,CC,CC,AG,AA,TT,TT,CC,AA,AG,AA,CT,GG,TT,CC,GT,AA,AA,TT,CC,AG,CC,AG,CC,GT,CT,AA,CT,CC,CC,CC,AG,GT,AC,AA,AC,CC,AA,TT,AG,AA,GG,CC,CC,GG,AA,AA,AA,CC,GG,CC,CC,AA,AA,GG,TT,AG,AA,GT,CT,GG,CC,TT,TT,CT,CG,AT,TT,TT,AT,TT,GG,NN,AA,TT,CC,CC,CG,CC,AA,GG,AG,CC,TT,CC,GG,GT,GG,TT,AG,AA,TT,CC,GG,AC,CC,CC,GG,GG,AA,GG,TT,AA,AG,CG,GG,AA,AC,AA,AA,GG,TT,TT,AA,CG,GT,AA,CC,TT,GG,AA,GG,AA,NN,AA,AT,CG,CT,AA,CC,CT,GG,NN,CG,AA,CC,TT,TT,GT,GG,AT,AC,CC,AA,GG,CC,CC,GG,CC,GG,TT,GG,CC,TT,GG,CG,CG,AA,GG,CC,AA,CC,AA,AG,CC,CG,AC,TT,AA,GG,AA,AA,NN,AA,GG,AA,AA,AA,TT,GG,AC,AG,AC,AA,CT,AG,AA,GG,GG,GG,TT,AA,AA,GT,TT,TT,AA,TT,GG,GG,AA,4.33,Susceptible,High,Standard,Early
L0179,Bengaluru Rural,Karnataka,Kharif,Red Sandy Loam,Rainfed,720,26.0,70,CC,TT,GG,AG,GG,CC,GG,AT,CC,CC,AA,CT,CG,TT,TT,GT,CG,TT,TT,AA,CC,GT,TT,CC,AT,CC,TT,TT,GG,AA,TT,CC,AA,CC,GG,GG,GG,CG,GG,CC,TT,CT,AC,TT,AG,GG,CT,TT,CC,AA,TT,AA,GG,GG,CT,TT,AA,AA,GT,AA,AG,TT,TT,AG,CT,AT,CC,GG,TT,TT,AA,GG,CC,AA,GG,CC,AT,GG,TT,TT,GG,GG,GG,CC,AT,GG,AA,AT,CC,GG,CC,TT,CT,TT,GT,GG,TT,CC,GT,CC,CC,CG,AA,AA,TT,TT,CG,AA,AA,AA,CC,GG,TT,CC,TT,AA,AA,TT,CC,GG,CG,GG,CT,GG,TT,AA,CT,CC,CC,CC,AA,GT,CC,AC,CC,CC,AA,TT,AA,AA,CG,CC,CC,GG,AA,AG,AA,CC,GG,CC,CC,AA,GG,AG,GT,AG,AC,TT,CT,GG,CC,TT,GT,TT,CC,AT,TT,TT,AA,TT,GG,CG,AG,TT,CC,CC,CG,CC,AA,GG,AG,CC,TT,CC,GT,GG,GG,AT,AA,AA,TT,CC,GG,AA,AC,CC,GG,GG,NN,GG,TT,AA,AA,CC,GG,AT,AC,AA,TT,GG,TT,AT,AA,CG,GT,AA,CC,TT,GT,AA,GG,AA,TT,AA,TT,CG,CT,AA,CC,CT,GG,AG,CC,AG,CC,AT,CT,TT,GG,TT,AC,CC,AG,GT,CC,CC,GG,CG,GG,TT,AA,CG,GG,GG,CC,CG,AA,GG,CC,AA,CC,AT,AA,AC,CG,CC,TT,AA,GG,AA,AA,AC,AC,AG,AG,AA,AA,TT,CG,AA,AA,AC,AC,CT,AA,AG,GG,GG,GG,GT,AA,AA,TT,NN,TT,AA,AT,GG,NN,AA,5.6,Moderate,High,Premium,Late
L0180,Bengaluru Rural,Karnataka,Kharif,Red Sandy Loam,Rainfed,720,26.0,70,CC,TT,AA,AG,GG,CC,GG,TT,CC,GG,AA,CC,CC,TT,GT,GG,GG,TT,TT,AA,CC,TT,GT,TT,TT,CC,TT,TT,GT,AA,TT,CC,AA,CC,GG,GG,NN,CG,GG,CC,TT,CT,AA,NN,AA,GG,TT,AT,CC,AC,GT,AT,AA,GG,CC,GT,AA,AC,TT,AC,GG,GT,AT,AG,CT,TT,CC,GG,TT,GG,AG,GG,CC,AA,GG,AC,AA,GG,TT,TT,GG,GT,GG,AC,AA,GG,NN,AT,CC,TT,CC,GT,CT,TT,TT,GG,TT,CC,GT,CT,CC,GG,GG,AA,TT,TT,CG,AG,AA,AA,CC,GG,TT,CC,TT,AA,AA,TT,CG,AG,CG,AG,CC,GT,CT,AG,CC,CC,CC,CC,AA,TT,CC,NN,CC,CC,AA,TT,AA,AA,GG,CC,CC,GG,AA,AA,AT,CC,GT,CC,CC,AA,AA,AG,GT,GG,AC,TT,CC,AG,AC,GT,GT,NN,CC,AA,GT,TT,AA,TT,GG,CC,AA,CT,CC,CC,CC,AC,NN,GG,AG,CC,TT,CC,GG,TT,GG,AT,AA,AG,TT,CC,CG,CC,CC,CC,GG,GG,AC,GG,TT,AA,AA,CC,GT,AA,AC,AT,AT,GG,TT,AT,AT,GG,GT,AA,CC,TT,TT,AA,GG,AA,CT,AA,TT,CG,TT,AC,CC,CC,CC,AA,CC,AG,CC,TT,TT,TT,GG,TT,AA,AC,AA,GG,CC,CG,GG,CC,GG,AT,AA,CG,TT,GG,CC,CC,AA,GG,CG,AA,CG,AT,AA,AC,NN,CC,TT,AA,GG,AA,AA,AC,AC,NN,AG,AA,AA,TT,CG,AA,AA,CC,AC,TT,AA,AA,CG,GG,GG,GT,AA,AG,TT,TT,TT,AG,TT,GG,GG,AA,3.33,Susceptible,Medium,Premium,Medium
L0181,Bengaluru Rural,Karnataka,Kharif,Red Sandy Loam,Rainfed,720,26.0,70,AC,TT,GG,AG,GG,CC,GG,TT,CC,CG,AA,CC,CC,AT,TT,GG,GG,TT,TT,AA,CG,GT,GT,CT,TT,CC,TT,TT,GG,AA,TT,CC,AA,CC,GG,GG,GG,CC,GG,CC,TT,CC,AC,TT,AA,AG,TT,TT,CC,AC,GG,AA,AA,GG,CC,GT,AT,AA,GG,AA,AA,GT,AT,AG,TT,AT,CC,GG,TT,GT,GG,GG,CC,AA,GG,CC,AT,NN,TT,TT,GG,GG,GG,AC,AA,GG,AA,AT,CC,GT,CC,TT,CT,TT,TT,GG,TT,CC,TT,CT,CC,CG,GG,AA,TT,TT,CC,AG,AA,AA,CC,GG,TT,CG,TT,AA,AC,TT,CC,AA,CC,GG,CC,GT,CT,AA,CC,CC,CC,CG,AA,TT,CC,NN,CC,CC,AA,TT,AA,AA,GG,CC,CC,GG,AA,AA,AA,CC,GG,CC,CC,AA,AA,GG,TT,GG,CC,GT,CT,GG,CC,GT,TT,TT,CC,AT,GT,TT,AA,TT,GG,CC,AG,TT,CC,CC,GG,CC,AA,AG,AA,CC,TT,CC,GT,TT,CG,AT,AA,AA,TT,CC,GG,AA,CC,CC,GG,GG,AA,CC,TT,AA,AA,CC,GG,AA,CC,AT,AA,GG,TT,TT,AT,GG,GG,AA,CC,TT,GT,AA,GG,AA,CT,AA,TT,CG,TT,AC,CC,TT,GG,AA,CC,AG,AC,TT,NN,GT,GG,TT,AC,AC,AA,GG,CC,CG,GG,CC,GG,AT,AG,CG,TT,GG,CC,CC,AA,AG,CG,AA,CC,AA,AA,CC,CG,AC,TT,AA,GG,AA,AA,AC,AC,GG,AG,AA,AA,TT,GG,AA,AG,CC,AA,CT,AA,AA,GG,GG,GG,TT,AA,AA,TT,TT,NN,AA,AT,GG,NN,AC,4.0,Resistant,High,Poor,Medium
L0182,Bengaluru Rural,Karnataka,Kharif,Red Sandy Loam,Rainfed,720,26.0,70,AA,TT,GG,AA,GG,CC,GT,AT,CC,CC,AA,CT,CC,AT,GT,GG,GG,TT,AT,AG,CC,NN,GT,CC,AA,CC,TT,TT,GG,AA,CT,CT,AA,CC,GG,GG,GG,CG,GG,CC,TT,CT,AC,TT,AA,GG,TT,TT,CC,CC,GG,AA,AG,GG,TT,TT,AA,AA,GT,AA,AA,GT,AT,AA,TT,AT,CC,GG,TT,GG,AA,GG,CC,AG,GG,AC,AA,GG,TT,TT,GG,GG,GT,CC,AA,AG,AA,AA,CC,GT,CC,TT,CT,TT,TT,GG,TT,CC,TT,CC,CT,CC,AG,AG,TT,TT,CC,AA,AG,AC,CC,GG,TT,CC,TT,AC,AA,AT,CC,GG,CC,GG,CC,GG,TT,AA,CC,CC,CC,CC,AA,TT,CC,AC,CC,CC,AA,TT,AG,AA,GG,CC,CC,GG,AA,AA,TT,AC,GG,CC,CC,AA,AG,GG,GT,AG,AC,TT,TT,AG,CC,TT,TT,TT,CC,AT,TT,CT,AA,AT,GG,CC,AA,CC,CC,CC,GG,CC,AA,GG,AA,CC,TT,CC,GT,TT,CG,TT,AA,AA,TT,CC,CG,AA,CC,CC,GG,GG,AC,GG,TT,NN,AA,CC,GT,AA,AC,AA,AA,GG,GT,AT,AA,GG,GT,AA,CC,AT,GG,AA,GG,AA,TT,AC,TT,CC,TT,AC,CC,TT,GG,AG,CG,AG,CC,TT,CT,GT,GG,TT,AA,CC,AA,GT,CC,CG,GG,CC,GG,TT,AA,CC,GT,GG,CC,CC,AA,AG,CC,AA,CC,AA,AA,CC,CG,AC,AT,AA,GG,AA,AA,AA,AA,AG,AA,AG,AA,AT,GG,AA,AG,CC,NN,CT,AA,AG,GG,GG,GG,TT,AA,AA,TT,TT,TT,AG,TT,GG,CG,AA,3.1,Susceptible,Medium,Premium,Early
L0183,Bengaluru Rural,Karnataka,Kharif,Red Sandy Loam,Rainfed,720,26.0,70,AA,TT,AG,AG,GG,CC,GT,AT,CC,CG,AA,CC,CC,TT,GG,GG,CG,TT,TT,AG,CC,TT,GT,CC,TT,NN,GT,TT,GG,AA,CT,CT,AA,CC,GG,GG,GG,CG,GG,CC,TT,TT,AA,TT,AA,AG,TT,TT,CC,NN,GG,AA,AA,GG,CC,TT,AA,AA,GT,AC,NN,TT,TT,AG,TT,AA,CC,GG,TT,GG,AG,GG,CC,AA,GG,AC,AA,GG,TT,CT,AA,GG,GG,CC,AA,GG,AA,AA,CC,GG,AC,TT,CC,TT,TT,GG,TT,AC,TT,CC,CT,CG,AG,AA,TT,TT,CC,AA,GG,AA,CT,GG,TT,CC,GT,AA,AA,TT,GG,GG,CC,GG,CC,GG,TT,AA,CC,CC,CC,CC,AA,TT,CC,AA,CC,CC,AA,AT,AA,AA,GG,TT,CC,GG,AA,AG,AA,CC,GT,CC,CC,AG,GG,GG,TT,GG,AC,TT,TT,GG,CC,GG,TT,CT,CC,AA,TT,TT,AT,TT,GG,CC,AG,CT,NN,CC,GG,CC,AA,GG,AA,CC,TT,CC,TT,TT,CG,TT,NN,AA,TT,CC,CG,AA,AC,CC,GG,GG,AA,GG,TT,AC,AA,CC,GG,AA,AC,AA,AT,GG,GT,AT,AT,GG,GT,AA,CG,TT,GG,AA,GG,AA,CT,AC,TT,CC,TT,AA,NN,TT,GG,AA,CG,AG,CC,TT,CT,TT,GG,AT,AA,CC,AA,GG,CC,CG,GG,CC,GG,AT,AA,CC,TT,GG,CC,CG,AA,AG,CG,AA,CC,AA,AA,CC,CC,AC,TT,AA,GG,AA,AC,AA,AC,GG,AA,AG,AA,TT,GG,AA,AA,AC,CC,NN,AA,AA,GG,GG,CG,TT,AA,AA,TT,TT,TT,AG,TT,GG,CG,AA,3.36,Moderate,Medium,Standard,Medium
L0184,Bengaluru Rural,Karnataka,Kharif,Red Sandy Loam,Rainfed,720,26.0,70,AC,TT,GG,AG,GG,CC,TT,TT,CC,CC,AA,CC,CG,TT,TT,GG,GG,TT,TT,AA,CC,GG,GT,CT,TT,CC,TT,AT,GG,AA,TT,CT,AA,CC,AG,GG,GG,CC,GG,CC,TT,TT,AA,TT,AA,GG,TT,TT,CC,AC,GG,AA,AA,GG,CT,GT,AA,AA,GG,AA,AG,TT,TT,AA,CT,TT,CC,GG,TT,GG,AG,GG,AC,NN,GG,AA,AT,AG,TT,TT,GG,GG,GT,CC,AA,GG,AA,AA,CC,GT,CC,TT,CT,TT,TT,GG,TT,CC,TT,CC,CC,CG,AG,AA,TT,TT,CC,AA,AA,AC,CT,GG,TT,CG,TT,AC,AC,TT,CC,AA,CG,GG,CC,GT,TT,AG,CC,CC,CC,NN,AA,TT,CC,AA,CC,CT,AA,TT,AA,AA,GG,CT,CC,GG,AA,AG,NN,CC,TT,CC,CC,AA,AG,AG,TT,GG,AC,TT,TT,GG,AC,GG,TT,TT,CG,AA,TT,TT,AT,NN,GG,CC,AG,TT,AC,CC,GG,CC,AA,GG,AG,CC,TT,CC,GG,TT,GG,TT,AA,AA,TT,CC,GG,CC,AC,CC,GG,AG,AA,CG,TT,AC,AA,CC,GG,AA,CC,AA,AA,GT,TT,TT,AA,CG,GT,AT,CC,AT,TT,AA,GG,AA,TT,AA,TT,CC,TT,AA,CC,CT,CG,AA,CC,AG,AC,AT,CT,GT,GG,TT,AA,AC,AA,GG,CC,CC,GG,CC,GG,AT,AA,CC,TT,GG,CG,CC,AA,GG,CC,AA,CC,AA,AA,AA,CG,AC,TT,AA,GG,AA,AC,AC,AA,GG,AG,AA,AA,TT,GG,AA,AG,NN,AA,TT,AA,AA,CG,AA,GG,TT,AA,AA,TT,TT,TT,AA,AT,GG,GG,AA,3.56,Susceptible,High,Standard,Medium
L0185,Bengaluru Rural,Karnataka,Kharif,Red Sandy Loam,Rainfed,720,26.0,70,AC,TT,GG,AA,GG,CC,GT,TT,CC,CG,AA,CC,CC,AT,GT,GG,GG,TT,TT,AA,CC,TT,GG,CC,TT,CC,TT,TT,GG,AA,TT,CT,AA,CC,GG,GG,GG,CC,GG,CC,TT,CT,AA,GT,AA,GG,TT,TT,CC,CC,GG,AA,AA,GG,NN,GT,AA,AA,GT,AC,AA,TT,AT,AA,TT,TT,CC,GG,CT,GG,AA,GG,CC,AA,GG,AC,TT,GG,TT,TT,GG,GG,GG,CC,AA,GG,AA,AA,CC,GT,CC,TT,CT,TT,TT,AG,CC,CC,TT,CT,CT,CC,GG,AA,TT,TT,CC,AA,AA,AA,CT,GG,TT,CC,TT,AA,AA,AT,CC,NN,CC,AG,CC,GT,CT,AA,CT,CC,CC,CC,AA,TT,AC,AA,CC,CC,AA,TT,AA,AA,GG,CC,CC,GG,AA,AG,AA,AC,GG,CC,NN,AA,AG,GG,TT,GG,CC,TT,CT,GG,AA,TT,TT,TT,CC,AA,TT,TT,AT,AT,CG,CC,AA,CC,AC,AA,GG,NN,AA,GG,AG,CC,TT,CG,GT,GT,CG,TT,AG,AA,TT,CC,GG,AA,AC,CC,NN,GG,AA,GG,TT,AA,AA,CC,GT,AA,CC,AA,AA,GG,TT,AT,AT,CG,GG,AT,CC,AT,GG,AA,GG,AA,TT,AA,TT,CC,TT,AA,CC,CT,GG,AA,CC,GG,CC,TT,CT,TT,GG,TT,AC,CC,AA,GG,CC,CC,GG,CC,GG,TT,AG,NN,TT,GG,CC,CC,AA,GG,CC,AT,CC,AA,AA,CC,CC,CC,TT,AA,GG,AA,NN,AA,AA,AG,AG,AA,AA,TT,GG,AC,AA,AC,AC,CT,AA,AA,GG,GG,GG,GT,AA,AA,TT,TT,TT,AA,AT,GG,GG,AC,4.78,Resistant,Low,Poor,Medium
L0186,Bengaluru Rural,Karnataka,Kharif,Red Sandy Loam,Rainfed,720,26.0,70,AC,TT,AG,AA,GG,CC,GG,AT,CC,CC,AA,CC,CG,TT,TT,GG,GG,TT,TT,AA,CC,TT,TT,CC,TT,CC,GT,TT,GG,AA,TT,NN,AA,CC,GG,GG,GG,CC,GG,CC,GT,TT,AA,GT,AA,AG,TT,AT,CC,AC,GG,AT,AA,GG,CC,GT,AA,AC,TT,AA,AA,TT,TT,GG,TT,AT,CC,GG,TT,GG,AG,GG,CC,AG,GG,CC,AT,GG,GT,TT,GG,GG,GG,CC,AA,GG,AA,AA,CC,TT,CC,TT,CT,TT,GT,GG,CT,CC,TT,CT,CC,CG,AG,AA,TT,TT,CC,AA,AG,AA,CC,GG,TT,CC,TT,AA,AA,AT,CC,NN,CG,AA,CC,GG,CT,AA,CC,CC,CC,CC,AA,GT,AC,AA,CC,CC,AA,TT,AA,AT,GG,CT,CG,GG,AA,AA,AA,NN,GT,CC,CG,AA,AA,AG,TT,GG,CC,TT,CT,GG,AC,TT,TT,TT,CC,AA,GT,TT,AA,TT,GG,CC,AA,CC,CC,CC,CG,CC,AA,GG,AG,CC,TT,CC,GG,TT,CC,AT,AA,AG,TT,CC,GG,AA,CC,CC,GG,GG,AA,GG,TT,AA,AG,CC,GT,AT,CC,AA,AT,GT,TT,AT,AT,GG,GG,TT,CC,AA,GT,AA,GG,AA,CT,AA,TT,CC,TT,AC,CC,TT,CG,AG,CC,AG,AC,AT,TT,TT,GG,AT,AA,CC,AG,GG,CC,CG,CG,CC,GG,TT,AA,CC,GG,GG,CC,CG,AA,GG,CC,AA,CG,AA,AA,CC,CC,AC,AT,AA,CG,AA,AA,AA,AA,AA,AG,AA,AA,TT,GG,AC,AG,AC,AA,NN,AA,AG,GG,GG,GG,NN,AA,AA,TT,TT,TT,AG,TT,GG,GG,AA,8.49,Moderate,Low,Poor,Medium
L0187,Bengaluru Rural,Karnataka,Kharif,Red Sandy Loam,Rainfed,720,26.0,70,AC,TT,AG,AG,GG,CC,GG,AT,CC,GG,AA,CT,CC,AT,TT,GG,GG,TT,TT,AA,CC,GG,TT,CT,TT,CC,TT,TT,GG,AA,TT,CC,AA,CC,GG,CC,GG,GG,GG,CC,TT,CT,AA,TT,AG,GG,TT,AT,CC,AA,GG,AA,AA,GG,CC,TT,TT,AC,GG,AC,AA,TT,TT,AG,TT,TT,CC,GG,TT,GG,AA,GG,CC,AA,GG,AA,AA,GG,NN,TT,GG,GG,GG,CC,AT,GG,AA,AA,CC,TT,CC,TT,CC,TT,GT,GG,TT,CC,TT,CC,CT,CC,AA,AA,TT,TT,CC,AA,GG,AC,CT,GG,TT,CC,TT,AC,AA,TT,CC,GG,CC,GG,CC,GG,CT,AA,CC,CG,CC,CC,NN,TT,AC,AA,CC,CT,AA,TT,AA,AA,CG,CC,CC,GG,AA,AA,AA,CC,GG,CC,CG,AA,AG,GG,TT,AA,AC,TT,TT,GG,CC,GG,GT,TT,CC,AT,TT,TT,NN,AT,CG,NN,AA,CT,CC,CC,GG,CC,AA,AG,AA,CC,TT,CC,GT,GT,CG,TT,AA,AA,TT,AA,GG,AA,AC,CC,GG,GG,AA,GG,TT,AA,AG,CC,GG,AA,AC,AA,AA,GG,TT,AT,AT,GG,GT,AA,CC,TT,TT,AA,GG,AA,CT,AA,TT,CC,NN,AC,CC,TT,GG,GG,CC,AG,CC,TT,TT,TT,GG,TT,AA,AC,GG,GG,CC,CG,GG,CC,GG,AT,AA,CC,TT,GG,CC,CC,AA,GG,CC,AA,CG,AA,AA,AC,CC,AA,TT,AA,GG,AA,AA,AA,AC,AA,AG,AG,AA,TT,CG,AC,AG,AC,AC,CT,AA,AA,CG,AG,GG,TT,AA,AA,TT,TT,TT,AG,AT,GG,CG,AA,2.17,Susceptible,Medium,Premium,Early
L0188,Bengaluru Rural,Karnataka,Kharif,Red Sandy Loam,Rainfed,720,26.0,70,AA,TT,GG,AG,GG,CC,GG,TT,CC,CG,AA,CC,CC,TT,TT,GG,GG,TT,TT,AG,CC,TT,TT,CT,TT,CC,TT,TT,GG,AA,TT,CC,AA,CC,GG,GG,GG,CC,GG,CC,TT,CT,AA,GT,AA,AA,TT,AT,CC,AC,GG,AA,AA,GG,CC,GT,AT,AC,GT,AA,AA,GT,AT,AG,TT,AT,CC,GG,TT,GT,AA,TT,CC,AA,AG,AC,AA,GG,TT,TT,GG,GG,GG,CC,AT,AG,AA,AA,CG,GT,CC,TT,CC,TT,GT,AG,TT,CC,TT,CC,CC,GG,GG,GG,TT,TT,CC,AA,AA,NN,CC,GG,TT,CC,TT,AC,AC,TT,CC,AG,CC,GG,CT,GG,TT,AG,CC,CC,CC,CC,AA,GT,AC,AA,CC,CT,AA,TT,AG,AA,CG,CC,CC,GG,AG,AG,AA,CC,GT,CC,CG,AG,AG,NN,TT,GG,AC,TT,CT,GG,CC,GT,TT,CT,CG,AA,GT,TT,AA,TT,CG,CC,AG,CT,CC,CC,CG,CC,AA,GG,AG,CC,TT,CG,GT,TT,GG,AT,AA,AG,TT,CC,CG,AA,AC,CC,GG,GG,CC,CG,TT,AA,AA,CG,GG,AT,CC,AA,AT,GG,TT,AT,AA,GG,TT,AT,CG,AT,GT,AA,GG,AG,CT,AA,TT,CC,TT,AA,CC,TT,GG,AG,CG,AG,AC,TT,TT,TT,GG,TT,AA,AC,AG,NN,CC,CG,GG,CC,GG,AA,NN,CG,TT,GG,CC,CC,AT,AG,CG,AT,CC,AT,AA,CC,CG,AC,TT,AA,GG,AA,AC,AC,AC,GG,AG,AA,AA,TT,GG,AA,AA,AC,AC,CT,AG,AA,GG,GG,GG,TT,AA,GG,TT,TT,TT,AG,TT,GG,GG,AA,4.01,Susceptible,Low,Poor,Medium
L0189,Bengaluru Rural,Karnataka,Kharif,Red Sandy Loam,Rainfed,720,26.0,70,AC,TT,GG,AA,CG,CC,GT,TT,CC,GG,AT,CT,CC,TT,GT,GG,GG,TT,TT,AA,CG,TT,GT,CT,TT,CC,TT,AT,GG,AA,TT,CC,AA,CC,AA,GG,GG,NN,GG,CC,NN,CT,AA,TT,AA,GG,TT,TT,CC,CC,GG,AT,AA,GG,CC,TT,AA,AA,TT,CC,AA,TT,TT,AG,TT,AT,CC,GG,TT,GT,AG,GG,CC,AA,GG,AA,AA,GG,TT,TT,GG,GG,GG,CC,AA,GG,AA,AA,CG,GT,CC,GG,CC,TT,TT,GG,CT,CC,GT,CC,CC,CG,AA,AA,TT,TT,CG,AA,AA,AA,CT,GG,TT,CG,GT,AA,AA,TT,CC,AG,CC,AG,CC,GG,NN,AA,CC,CC,CC,CC,AA,TT,CC,AA,CC,CC,AA,TT,AA,AT,GG,CC,CC,GG,AA,AG,AA,NN,GG,CC,CC,AA,AG,GG,GT,GG,AA,TT,CT,GG,AC,TT,GT,CT,CC,AA,GT,CT,AA,TT,GG,CC,AA,CT,CC,CC,GG,CC,AA,GG,AG,CC,TT,CC,GT,TT,CG,AA,AA,AA,TT,CC,CG,AC,CC,CC,GG,GG,AA,CG,TT,AA,AA,CG,GG,AT,AC,AA,AT,GG,TT,TT,AA,CG,GG,AT,CC,TT,GG,AT,GG,AA,CC,AA,TT,CC,CT,AA,CC,TT,GG,AA,CC,AG,CC,TT,CT,TT,GG,TT,AA,CC,AG,GG,CC,CG,GG,CG,GG,AA,AA,CC,TT,GG,CG,CC,AA,GG,CC,AA,CC,AA,AA,AC,CC,CC,TT,AA,CG,AA,AA,AC,AA,AG,GG,AA,AA,TT,GG,AA,AG,AC,AC,TT,AG,AG,GG,GG,GG,TT,AA,AA,TT,TT,TT,AA,AT,GG,GG,AA,5.86,Susceptible,Low,Premium,Medium
L0190,Bengaluru Rural,Karnataka,Kharif,Red Sandy Loam,Rainfed,720,26.0,70,AA,TT,AG,GG,GG,CG,GG,TT,CC,GG,AA,CT,CC,AT,TT,GG,GG,TT,TT,AA,CC,TT,GT,CT,TT,CC,TT,TT,GG,AA,CT,CC,AA,CC,GG,CG,GG,GG,GG,CC,TT,CT,AA,TT,AG,AG,TT,TT,CC,AC,GT,AA,AG,GG,CT,GG,AT,AA,GT,AA,AA,TT,AT,AG,TT,TT,CC,GG,TT,GG,AA,GT,NN,AA,GG,AC,AA,AG,GT,TT,GG,GG,GG,CC,AA,GG,AA,AT,CC,GT,AC,TT,CT,TT,GT,GG,TT,CC,GT,CT,CT,CG,AG,AA,TT,TT,CC,AA,AA,AA,TT,GG,TT,CC,TT,AA,AA,TT,CC,GG,CC,GG,CT,GT,TT,AA,CC,CC,CC,CC,AA,TT,CC,AA,CC,CT,AA,TT,AA,AA,CC,CT,CC,GG,AG,AA,AA,CC,GG,CC,CC,AA,AA,GG,GT,GG,AA,TT,TT,GG,CC,GT,TT,CT,CG,AA,TT,TT,AA,AT,GG,NN,AG,CC,CC,CC,CC,CC,AA,GG,GG,CC,TT,CG,GT,TT,GG,TT,AG,AA,TT,CC,GG,AC,CC,CC,GG,NN,AA,GG,TT,AA,AA,CC,GG,AA,CC,AT,AA,GT,TT,AT,AT,GG,GT,AT,CC,TT,TT,AA,GG,AA,TT,AA,TT,CC,TT,AA,CC,TT,GG,AA,CG,AG,CC,TT,CC,TT,GG,TT,AC,CC,AG,GG,CC,CC,GG,CC,GG,AT,AA,CC,TT,GG,CC,CC,AA,GG,CC,AT,CC,AA,AA,CC,CC,CC,TT,AA,GG,AA,AA,AA,AA,NN,AA,AA,AA,TT,GG,AA,AA,AC,AC,CT,AA,AA,GG,NN,GG,TT,AA,AA,TT,TT,TT,AG,AT,GG,CG,AA,5.05,Moderate,Low,Standard,Medium
L0191,Bengaluru Rural,Karnataka,Kharif,Red Sandy Loam,Rainfed,720,26.0,70,AA,TT,GG,AG,GG,CG,GG,TT,CC,CC,AA,CT,CG,AT,NN,GG,GG,TT,TT,AA,CC,TT,GT,CC,TT,CC,TT,TT,GT,AA,TT,CC,AG,CC,GG,CC,GG,CG,GG,CC,TT,TT,AA,GT,AG,GG,CT,TT,CC,AC,GG,AA,AG,GG,CC,GT,AA,AA,GG,AC,AA,GT,TT,AG,TT,TT,CC,NN,TT,GG,AG,GG,CC,AA,AG,NN,AA,GG,TT,TT,GG,GG,GG,CC,AT,GG,AG,AA,CG,GG,NN,TT,CT,TT,TT,GG,TT,CC,TT,CC,CT,GG,AG,AG,AT,TT,CC,AA,AG,AA,CC,GG,TT,CC,TT,AA,AA,TT,CG,GG,CG,GG,CC,GG,TT,AA,CC,CC,CC,CC,AA,TT,CC,AA,CC,CC,AA,TT,AA,AA,GG,CC,CC,GG,AA,AG,AA,CC,GG,CC,CG,AA,AG,GG,GT,GG,AA,GT,TT,GG,AC,TT,TT,TT,CC,AA,TT,TT,AA,TT,GG,CG,AG,CC,CC,CC,CG,CC,AA,GG,AA,CC,TT,CG,GT,GT,GG,AA,AA,AA,TT,CC,GG,AC,CC,CC,GG,GG,AA,GG,TT,AC,AA,CC,GT,AT,AC,AA,AT,GG,TT,AT,AA,CG,GG,AT,CC,AT,TT,AA,GG,AA,TT,AA,TT,CC,TT,AA,CC,TT,CG,AG,CG,AG,CC,TT,TT,GT,GG,TT,AA,CC,AA,GG,NN,CG,GG,CC,GG,AT,AG,GG,GT,GG,CG,CC,AA,AG,CC,TT,CC,AT,AA,CC,CC,AC,AT,AG,GG,AA,AA,AC,AA,AG,AG,AA,AA,TT,GG,AA,AA,CC,AC,CT,AG,NN,CG,GG,GG,TT,AA,AA,GT,TT,TT,GG,AT,GG,GG,AC,4.37,Resistant,Low,Standard,Early
L0192,Bengaluru Rural,Karnataka,Kharif,Red Sandy Loam,Rainfed,720,26.0,70,AA,TT,AA,AA,GG,CC,GG,TT,CC,CG,AT,CC,GG,TT,GT,GG,CG,TT,TT,AA,CG,TT,GT,CC,TT,CC,TT,TT,GG,AA,TT,CC,AA,CC,GG,CG,GG,CC,GG,AA,TT,CC,AA,TT,AA,GG,TT,TT,CC,AC,GG,AA,AG,GG,CC,TT,AT,AC,GT,AA,AA,TT,TT,AG,TT,TT,CC,GG,TT,GG,AA,GG,CC,AA,GG,AA,AT,GG,GT,TT,GG,GT,GT,CC,AT,AA,AA,AA,CG,TT,CC,TT,CT,TT,GT,GG,TT,CC,TT,CC,CT,CC,AG,AG,AT,NN,CC,AA,GG,AA,CC,GG,TT,CG,TT,AC,AA,TT,CC,GG,CC,GG,CT,GT,NN,AA,CT,CC,CC,CC,AA,TT,AC,AA,CC,CC,AA,TT,AA,AA,GG,CC,CC,GG,AG,AG,AA,CC,NN,CC,CC,AA,AA,AG,GT,GG,CC,GT,CT,GG,CC,TT,GT,TT,CC,AA,TT,TT,AT,TT,GG,CC,AG,CC,CC,CC,GG,AC,AA,AG,AG,CC,TT,CC,TT,TT,GG,TT,AA,AG,TT,NN,GG,AA,CC,NN,GG,GG,AA,GG,TT,AC,AA,CC,GG,TT,AA,AA,AT,GG,TT,TT,AA,GG,GT,AA,CG,NN,GT,AA,GG,AA,NN,AA,AT,CC,TT,AA,CC,CT,GG,AA,CC,GG,CC,TT,CT,TT,GG,TT,AA,AC,AA,GG,CC,CG,GG,CC,GG,AT,AA,CC,GT,GG,CC,GG,NN,AG,CC,TT,CC,AT,AA,AC,CC,AC,TT,AA,GG,AA,AA,AA,AA,AG,GG,AA,AG,TT,GG,NN,AG,AC,AA,TT,AA,AA,CG,GG,CG,TT,AA,AG,GT,TT,TT,AA,AT,GG,CG,AA,2.97,Susceptible,Medium,Premium,Late
L0193,Bengaluru Rural,Karnataka,Kharif,Red Sandy Loam,Rainfed,720,26.0,70,AA,CT,AG,AG,GG,CC,GG,TT,CC,CG,AA,CC,CG,AT,TT,GT,CG,TT,TT,NN,CC,TT,TT,CT,TT,CC,TT,TT,GG,AA,TT,CC,AA,CC,GG,GG,GG,CC,GG,CC,TT,TT,AA,TT,AG,GG,TT,AT,CC,CC,GG,AA,AG,GG,CC,TT,AA,AC,GT,AC,AG,GT,AT,AA,TT,AA,CC,GG,TT,GG,AG,GG,CC,AA,GG,AC,AA,GG,TT,TT,AG,GG,GG,CC,AA,GG,AA,AA,CC,GT,CC,TT,CC,TT,TT,AG,CT,CC,GT,CC,CC,NN,AG,AA,TT,TT,CC,AA,AA,AA,CC,GG,TT,CC,TT,AA,AA,TT,CG,GG,CC,GG,CC,GT,TT,AA,CC,CC,CC,CC,AA,TT,CC,AA,CC,CC,AA,AT,AA,AA,CG,CC,CC,GG,AG,GG,AA,AC,TT,CG,CC,AA,GG,GG,TT,GG,CC,TT,CT,GG,AC,TT,NN,TT,CG,AT,TT,TT,AA,TT,GG,CC,AA,CT,CC,CC,CG,CC,AA,GG,AG,CC,GT,CC,GG,TT,GG,AT,AG,AG,TT,AC,GG,AC,CC,NN,GG,GG,AA,GG,TT,AC,AA,CC,GG,AA,AC,AT,AA,GT,TT,AT,AT,CG,TT,AT,GG,TT,GT,AA,GG,AA,TT,AA,TT,CC,TT,AC,CC,TT,GG,AG,CC,AG,CC,TT,TT,GG,GG,TT,AA,AC,AG,GG,CC,CG,GG,CC,GG,TT,AA,CC,GT,GG,CC,CC,AT,GG,CC,AA,CG,AA,AA,AC,CG,AC,AT,NN,GG,AA,AA,AA,AC,GG,AG,AA,AA,AT,GG,AC,AG,CC,CC,CT,AG,AA,GG,GG,GG,TT,AT,AA,GG,TT,TT,AA,TT,GG,GG,AA,5.29,Susceptible,Medium,Poor,Late
L0194,Bengaluru Rural,Karnataka,Kharif,Red Sandy Loam,Rainfed,720,26.0,70,AC,TT,AG,AG,CG,CC,GT,AT,CC,CC,AA,CT,CG,AT,GT,GG,CG,TT,TT,AA,CC,GT,GT,CC,TT,CC,TT,TT,GG,AA,TT,CC,AA,AC,GG,GG,GT,CG,GG,AC,TT,CC,AA,TT,AA,GG,TT,TT,CC,AC,GG,AA,AA,GG,CC,TT,AA,AC,GG,AA,AA,TT,TT,AG,TT,TT,CC,GG,TT,GG,AG,GG,CC,AA,GG,AA,AA,GG,GT,NN,GG,GT,GG,CC,AA,AG,AA,AT,CC,GT,CC,TT,CC,TT,TT,AG,TT,CC,TT,CC,CC,CC,AG,AA,TT,TT,CC,AA,AG,AC,CC,GG,TT,CC,GT,AA,AA,TT,CG,AG,CC,AG,CC,GT,TT,AG,CT,CC,CC,CC,AA,TT,AC,AA,CC,CC,AA,AT,AA,AA,CG,CC,CC,GG,AA,AA,AA,CC,GG,CG,CG,AA,AA,GG,NN,GG,CC,GT,CC,GG,CC,TT,TT,TT,CG,AA,GT,TT,AA,TT,CG,CC,AG,CC,CC,CC,CG,CC,AA,GG,GG,CC,TT,CC,GG,TT,CG,AT,AA,AG,TT,CC,GG,AA,CC,CC,GG,GG,AC,GG,TT,AC,AG,CC,GT,AA,AC,AA,AT,GG,TT,TT,AA,CC,GG,AT,CG,TT,GT,AA,GG,AA,TT,AA,TT,CC,CT,AA,CC,TT,GG,AG,CC,AA,CC,TT,TT,TT,GG,TT,AC,CC,AA,GG,CC,CC,GG,CC,GG,TT,AG,CC,TT,GG,CC,CC,AT,GG,CG,AA,CC,AA,AA,AC,CG,CC,TT,AG,GG,AA,AA,AA,AA,AG,AG,AG,AA,TT,GG,AA,AA,AC,AA,CT,AA,AA,GG,GG,CG,GT,AA,AA,TT,TT,TT,AA,TT,GG,GG,AA,4.29,Susceptible,Medium,Premium,Medium
L0195,Bengaluru Rural,Karnataka,Kharif,Red Sandy Loam,Rainfed,720,26.0,70,AC,TT,GG,GG,GG,CC,GT,TT,CC,CC,AA,CC,CC,TT,TT,GT,GG,TT,TT,AA,CG,TT,TT,CC,TT,CC,TT,TT,GT,NN,CT,TT,AA,CC,GG,CG,GG,CG,GG,CC,TT,TT,AA,TT,AA,AG,TT,TT,CC,AC,GT,AA,AA,GG,CC,TT,AA,AC,GG,AA,AA,GT,AT,AA,CT,AA,CT,GG,TT,GT,AG,GG,CC,AA,GG,AC,TT,GG,TT,TT,NN,GT,GG,CC,AA,GG,AA,AA,CC,GG,AC,TT,CC,TT,TT,GG,TT,AC,TT,CC,CC,CC,AG,AA,TT,TT,CC,AA,AA,AA,TT,GG,TT,CC,TT,AA,AA,TT,CC,AG,CG,GG,CC,GG,TT,AA,CC,CC,AC,CG,AA,NN,CC,AA,CC,CT,AA,NN,AG,AA,CG,CT,CC,GG,AA,AA,AA,CC,GT,CC,CC,AA,AA,NN,GT,GG,AA,TT,TT,AA,AC,TT,TT,TT,CC,AA,GT,TT,AA,TT,GG,CC,AG,CT,CC,CC,GG,CC,AA,GG,AA,CC,TT,CG,GG,GT,GG,AT,AA,AA,TT,CC,GG,AC,CC,CG,GG,GG,AA,GG,TT,AC,AA,CG,GT,AT,AC,AA,AA,GT,TT,TT,AT,GG,TT,AA,CG,AT,TT,AA,GG,AA,CC,NN,TT,CC,TT,AA,CC,TT,GG,AG,CC,GG,CC,TT,TT,GT,GG,TT,AC,CC,AA,TT,CC,GG,GG,CC,GG,AA,AG,CC,TT,GG,CC,CC,NN,GG,CC,AT,CC,AA,AA,AC,CC,AC,TT,AG,GG,AA,AA,AA,AA,NN,AA,AA,AA,TT,GG,AA,GG,CC,AA,TT,AG,AA,CG,NN,GG,TT,AA,AA,TT,TT,TT,AA,AT,GG,CG,AC,2.96,Moderate,Low,Poor,Medium
L0196,Bengaluru Rural,Karnataka,Kharif,Red Sandy Loam,Rainfed,720,26.0,70,AA,TT,GG,AA,CG,CC,GG,AT,CC,CC,AA,CT,CG,AA,TT,GG,GG,TT,TT,AA,CC,TT,GT,CC,AT,CC,TT,TT,GG,AA,TT,CC,AA,CC,AG,CG,GG,CC,GG,CC,TT,CT,AA,TT,AG,GG,TT,TT,CC,CC,GG,AA,AG,GG,CT,TT,AT,AA,TT,AC,AA,TT,AT,AA,TT,AT,CC,GG,TT,GG,AA,GG,CC,AA,GG,AA,AT,GG,TT,TT,GG,GG,GG,CC,AA,GG,AA,AA,CC,TT,CC,TT,CC,TT,TT,GG,TT,CC,TT,CC,CT,CC,GG,AA,TT,TT,CC,AA,GG,AA,CT,GG,TT,CC,GT,AA,AA,TT,GG,GG,CC,GG,CC,GG,CT,AA,CT,CC,CC,CC,AA,TT,CC,AA,CC,CC,AA,AT,AA,AT,GG,CT,CC,GG,NN,AA,NN,CC,GT,CC,CC,AG,NN,AG,GT,GG,AA,GT,TT,GG,AC,TT,TT,TT,CC,AT,GT,TT,AA,TT,GG,NN,AA,CC,CC,CC,CC,CC,AA,GG,GG,CC,TT,CG,GT,TT,CG,AT,AA,AA,TT,AC,GG,AA,CC,CC,GG,AG,AC,GG,TT,AA,AG,CC,GG,AA,CC,AA,AT,GT,GT,TT,NN,GG,GT,AT,CG,TT,GT,AT,GG,AA,CT,AA,TT,CC,TT,AC,CC,TT,GG,NN,CG,GG,CC,TT,TT,GT,GG,TT,AA,AC,AA,GG,CC,CG,GG,CC,GT,TT,AG,CC,TT,NN,CC,CC,AA,GG,CC,AT,CC,AA,AA,AC,CC,AC,TT,GG,GG,AA,AA,AC,AA,AG,GG,AA,AA,TT,CG,AA,AA,AC,AA,CT,AG,AA,GG,GG,GG,TT,TT,AA,TT,TT,TT,AA,AA,GG,GG,AA,3.26,Moderate,Low,Standard,Early
L0197,Bengaluru Rural,Karnataka,Kharif,Red Sandy Loam,Rainfed,720,26.0,70,AC,CC,GG,AA,GG,CC,GT,AT,CC,CC,AA,CT,CG,TT,TT,GG,GG,TT,TT,AA,CG,TT,TT,CT,TT,CC,TT,TT,GT,AA,TT,CT,AA,CC,GG,GG,GG,CC,GG,CC,TT,CC,AC,GT,AA,GG,TT,NN,CC,AC,GT,AA,AG,GG,CT,GT,AA,AC,GT,AA,AA,TT,AT,AG,TT,TT,CC,GG,TT,GT,AA,GG,CC,AA,GG,CC,AT,GG,TT,TT,GG,GG,GT,CC,AA,GG,AA,AA,CC,TT,CC,TT,TT,TT,GG,AG,CT,CC,GT,CC,CC,CG,AG,AA,TT,TT,CC,AA,AG,AC,CC,GG,TT,CC,TT,AA,AC,TT,CC,AA,CG,GG,CC,NN,TT,NN,CC,CC,CC,CC,AA,TT,CC,AA,CC,CC,AA,TT,AA,AA,CG,CT,CC,GG,AA,AG,AA,CC,GT,CC,CG,AA,AG,GG,TT,GG,CC,GT,TT,GG,AC,GG,TT,TT,CC,AT,TT,CT,AA,TT,GG,CC,AA,CT,CC,CC,GG,CC,AA,AG,GG,CC,TT,CC,GG,TT,GG,AT,AA,AA,TT,CC,GG,AA,AC,CC,NN,GG,AC,GG,TT,AA,AA,CC,GG,AA,CC,AA,AT,GT,TT,AT,AA,GG,GT,AA,CG,NN,GT,AA,GG,AA,TT,AA,AT,CC,CT,AA,CC,TT,GG,AG,CC,AG,CC,TT,TT,TT,GG,TT,AA,CC,AG,GG,CG,CG,GG,CC,GG,AT,AA,CC,TT,GG,CC,CC,AA,GG,CC,AT,CC,AA,AA,CC,CC,AC,TT,AA,GG,AA,AA,AC,AA,AG,AG,AA,AA,AT,GG,AC,GG,CC,AC,TT,AA,AA,GG,AG,GG,TT,AT,AA,GG,TT,TT,AA,AT,GG,GG,AA,3.44,Susceptible,Medium,Standard,Early
L0198,Bengaluru Rural,Karnataka,Kharif,Red Sandy Loam,Rainfed,720,26.0,70,AC,TT,GG,AG,GG,CC,GG,AT,CC,GG,AA,CC,CG,TT,TT,GG,CC,TT,TT,AA,CC,TT,GT,CC,AT,CC,TT,TT,GG,AA,TT,CC,AA,CC,GG,GG,GG,CG,GG,CC,TT,TT,AC,GT,AA,AG,TT,AT,CG,AC,GG,AA,AA,CG,CC,TT,AA,AA,GG,AA,AA,TT,TT,AG,TT,TT,CC,GG,TT,GT,AG,GG,CC,AA,GG,AA,AT,NN,TT,TT,GG,GG,GG,CC,AA,GG,AG,AA,CC,GT,AC,TT,CT,TT,TT,GG,CT,NN,TT,CC,CC,CC,GG,AA,TT,TT,CC,AA,AG,AA,CT,GG,TT,CC,GT,AA,AA,TT,CC,GG,CG,NN,CC,GT,CT,AA,CC,CC,CC,CC,AA,TT,CC,AA,CC,CT,AA,TT,AA,AA,CC,CC,CC,GG,AA,AA,AA,CC,GG,CC,CC,AA,AG,AG,GT,GG,AC,GT,CT,GG,AC,TT,TT,CT,CG,AA,TT,TT,AA,TT,NN,CC,AA,CT,AA,NN,GG,CC,AA,GG,AA,CC,TT,NN,TT,GT,GG,AT,AA,AA,TT,CC,GG,AA,AC,CC,GG,GG,AA,GG,CT,AC,AG,CC,GT,AA,CC,AA,AA,GT,TT,AA,TT,CG,GG,TT,CC,AA,TT,AA,GG,AA,TT,AA,TT,CC,TT,AA,CC,TT,CG,AA,CC,AG,CC,TT,CT,GT,GG,TT,AA,AA,AG,GG,CC,CC,GG,CC,GG,TT,AA,CG,TT,GG,CC,CG,AT,GG,CC,AT,CG,AA,AA,AC,CG,AC,TT,AG,GG,AA,NN,CC,AA,AG,AA,AA,AA,AT,GG,AA,AG,CC,AA,CT,AA,AA,GG,GG,NN,TT,AA,AA,TT,NN,TT,AA,TT,GG,CG,AA,4.37,Susceptible,Medium,Poor,Late
L0199,Bengaluru Rural,Karnataka,Kharif,Red Sandy Loam,Rainfed,720,26.0,70,AA,NN,GG,AA,CG,CC,GG,NN,CC,CG,AA,CC,CC,AT,TT,GG,GG,TT,TT,AG,CC,GT,GT,CT,TT,CC,TT,TT,GG,AA,TT,CT,AG,CC,GG,GG,GG,CG,GT,AC,TT,CT,AA,NN,AA,AG,TT,TT,CC,AC,GG,AA,AA,GG,CC,GG,AA,AA,GG,AA,AA,TT,AT,AA,TT,AT,CC,GG,TT,TT,AA,GG,CC,AA,AG,AA,TT,GG,TT,TT,GG,GG,GT,CC,AA,GG,AA,AA,NN,GT,AC,TT,CT,TT,GT,GG,TT,CC,GT,CC,CC,GG,AG,AG,TT,TT,NN,AG,AG,AC,CC,GG,TT,CC,TT,CC,AC,TT,CC,GG,GG,GG,CC,GG,TT,AG,CC,CC,CC,CC,AA,TT,CC,AA,CC,NN,AA,AA,AA,AA,GG,CC,CC,GG,AA,AA,AT,CC,GG,CC,CC,AA,GG,GG,TT,GG,AA,GT,CT,GG,CC,GG,GT,CT,CC,AT,GT,TT,NN,TT,CG,CG,AA,CT,CC,CC,CG,CC,AA,GG,AA,CC,TT,CC,GT,TT,GG,TT,AA,AG,TT,AC,CG,AA,CC,CG,GG,GG,NN,GG,TT,AC,AA,CC,GG,AA,AA,AA,AT,GG,TT,AT,AT,GG,GG,AT,CC,AT,TT,AA,GG,AA,TT,AA,TT,CC,TT,AC,CC,TT,GG,AA,CG,AG,CC,AT,TT,TT,GG,TT,AC,CC,AG,GG,CC,CG,GG,CC,GG,TT,AG,CG,TT,GG,CG,CG,AT,GG,CC,AA,CC,AT,AA,AC,CC,AC,TT,AA,GG,AA,AA,AC,AC,AA,AA,AG,AA,TT,GG,AA,AA,AA,AA,CT,GG,AA,GG,AG,CG,TT,AT,AA,TT,TT,TT,GG,AT,GG,GG,AA,3.97,Susceptible,Medium,Premium,Late
L0200,Bengaluru Rural,Karnataka,Kharif,Red Sandy Loam,Rainfed,720,26.0,70,AA,CC,AG,AG,GG,CC,GG,TT,CC,CG,AA,CC,CC,TT,GT,GG,GG,TT,TT,AA,CG,TT,GT,CC,TT,CC,TT,TT,GG,AA,TT,CC,AA,CC,GG,CG,GG,CC,GG,CC,TT,CT,AC,TT,AA,AA,CT,TT,CC,AA,GT,AA,GG,GG,CC,TT,AA,AC,TT,AA,NN,TT,TT,AG,TT,TT,CC,GG,TT,GG,AG,GG,AC,AA,AG,CC,AT,GG,TT,TT,GG,GT,GG,CC,AT,GG,AA,AA,CC,TT,AC,TT,CT,AT,GT,GG,TT,CC,TT,CC,CC,CG,GG,AA,TT,TT,CC,AA,AA,AC,CT,GG,TT,CC,GT,AC,AA,AT,CC,GG,CC,GG,CC,GG,TT,AG,CC,CC,AC,CC,AG,TT,CC,AA,CC,TT,AA,TT,AA,AA,CG,CT,CC,GG,AG,GG,AA,CC,GG,CC,CG,AA,AA,GG,TT,GG,AC,TT,TT,GG,CC,TT,TT,TT,CG,AA,TT,TT,AA,TT,CG,CC,GG,CT,CC,CC,CG,CC,AA,GG,AA,CC,TT,CC,GG,GT,NN,AT,AA,AA,GT,AC,GG,AA,CC,CC,GG,GG,AC,NN,TT,AA,AA,CC,GG,AA,AC,AA,AA,GG,GT,NN,AA,GG,GT,AT,CC,AT,NN,AA,GG,AA,TT,AA,TT,CG,CT,AC,AC,CT,GG,AG,CG,AG,CC,TT,TT,TT,GG,TT,AC,AC,AG,GG,CC,CC,GG,CG,GG,AT,AA,CC,GT,GG,CG,CG,AA,GG,CC,AA,CG,AA,AA,CC,CG,NN,TT,AA,GG,AT,AA,AC,AA,GG,AA,AG,AA,AT,GG,AC,AA,CC,AA,TT,AA,AG,GG,GG,CG,TT,TT,AA,GT,TT,TT,AA,TT,CG,GG,AA,4.69,Susceptible,Medium,Poor,Early
L0201,Bengaluru Rural,Karnataka,Kharif,Red Sandy Loam,Rainfed,720,26.0,70,AA,TT,GG,AG,GG,CC,GT,TT,CC,GG,AA,CC,CG,AT,GT,GT,CC,TT,TT,AA,CC,TT,GT,CC,NN,CC,TT,TT,GG,AA,TT,CC,AA,CC,GG,GG,GG,CG,GG,CC,TT,CT,AA,GT,AA,AG,TT,TT,CC,AA,GG,AA,AA,GG,TT,TT,NN,AC,TT,AA,GG,TT,TT,AA,TT,TT,CT,GG,CT,NN,AA,GG,AC,AA,AG,AC,AA,GG,TT,TT,GG,GT,GG,CC,AA,GG,AA,AA,CC,GT,CC,TT,CT,TT,GT,GG,TT,CC,TT,CC,CC,GG,AG,AA,TT,TT,CG,AA,AG,AA,CC,GG,TT,CC,GT,AC,AA,AT,CC,GG,CC,GG,CC,GG,CT,AA,CC,CC,CC,CC,AA,TT,CC,AA,CC,CT,AA,AT,AA,AA,GG,TT,CC,GG,AA,GG,AT,CC,GG,CC,CC,AA,AA,GG,TT,GG,AC,TT,TT,GG,AC,TT,TT,TT,CC,AA,TT,TT,AA,TT,CG,CC,AA,CT,CC,CC,GG,AC,AA,GG,AA,CC,TT,CC,GG,TT,CG,TT,AA,AG,TT,CC,GG,AA,CC,CC,GG,GG,AA,GG,TT,AC,AA,CC,GT,AA,AC,AA,AA,GT,TT,TT,AA,CG,TT,AT,CC,AA,GT,AA,GG,AA,CT,AA,TT,CC,TT,AA,AC,TT,GG,AA,CC,AG,CC,AT,CT,GT,GG,TT,AC,CC,AG,GG,CC,CG,GG,CC,GG,AT,AA,CC,TT,GG,CC,CG,AA,GG,CC,AA,CC,AA,AA,CC,CC,CC,TT,AA,CG,AA,AA,AA,AA,AG,GG,AA,AA,TT,CG,AA,AG,AC,AA,CT,AA,AA,GG,GG,GG,TT,AA,AA,GT,TT,TT,AG,TT,GG,GG,AA,4.46,Susceptible,Low,Poor,Medium
L0202,Bengaluru Rural,Karnataka,Kharif,Red Sandy Loam,Rainfed,720,26.0,70,AC,CT,NN,AA,GG,CG,GG,TT,CC,CC,AA,CC,CC,TT,TT,GT,CC,TT,TT,AA,CC,TT,GG,CC,TT,CC,TT,TT,GG,AA,TT,CC,AA,CC,GG,GG,GG,CG,GG,CC,TT,CT,AA,GT,AG,AG,TT,TT,CC,AC,GG,AT,AG,GG,CC,TT,AA,AC,GT,AA,AA,TT,TT,AG,TT,TT,CC,GG,TT,GG,AG,GG,CC,AA,GG,AC,AT,GG,TT,TT,GG,GG,GG,CC,AT,GG,AA,AA,CC,TT,CC,TT,CT,TT,TT,GG,TT,CC,TT,CC,CT,CC,GG,NN,TT,GT,CC,AA,AG,AA,CT,GG,TT,CC,GT,NN,AC,TT,CG,GG,CC,GG,CT,GG,TT,AA,CC,CC,AC,CG,AA,TT,CC,AA,CC,CC,AA,TT,AA,AA,GG,CC,CC,GG,AA,AG,AA,CC,GG,CC,CC,AA,AG,AG,GT,GG,AC,GT,CT,AG,AC,TT,GT,TT,CC,AT,TT,TT,AA,AT,CG,NN,AA,TT,AC,CC,GG,CC,AA,GG,AG,CC,TT,CC,GT,TT,CG,TT,AA,AA,TT,CC,GG,AA,AC,CC,GG,GG,AA,CG,TT,AA,NN,CC,GG,AA,CC,AA,AT,GT,TT,TT,AT,GG,GT,AA,CC,TT,TT,AA,AA,AA,CT,AA,TT,CC,TT,AC,CC,TT,GG,AA,CC,AG,CC,TT,TT,TT,GG,TT,AA,AC,AA,GG,CC,CC,GG,CC,GG,TT,AA,CG,TT,GG,CC,CC,AA,AG,CG,AA,CG,AA,AG,AC,CG,AA,TT,AA,GG,AA,AA,AA,AC,GG,AG,AA,AA,AT,GG,AA,AA,CC,NN,CT,AA,AA,CG,GG,CG,TT,AA,AG,GT,TT,TT,NN,TT,GG,GG,AA,3.79,Moderate,High,Poor,Medium
L0203,Bengaluru Rural,Karnataka,Kharif,Red Sandy Loam,Rainfed,720,26.0,70,AA,TT,GG,NN,CG,CC,GG,TT,CC,CG,AA,CC,CC,TT,TT,TT,GG,TT,TT,AA,CG,TT,GG,CT,AT,CC,TT,TT,GT,AA,TT,CC,AG,CC,GG,GG,GG,GG,GG,CC,TT,TT,AA,TT,AA,GG,TT,TT,CC,AC,GG,AA,AG,GG,CT,TT,AT,AC,GT,AC,AA,TT,AT,AG,TT,TT,CC,GG,CT,GG,AA,GG,CC,AA,GG,AC,AA,GG,TT,TT,GG,GT,GG,CC,AA,GG,AA,AA,CC,GG,CC,TT,CT,TT,TT,GG,TT,CC,GT,CT,TT,CC,GG,AA,TT,TT,CG,AG,AG,AA,CC,GG,TT,CC,TT,AA,AC,TT,CC,AG,CG,AG,CT,GG,TT,AG,CC,CC,CC,CC,AA,TT,CC,AA,CC,CC,AA,TT,AA,AA,GG,CC,CC,GG,AA,AA,AA,CC,GG,CC,CC,AG,AA,GG,TT,GG,AA,GT,CT,GG,CC,TT,GT,TT,CG,AA,GT,NN,AT,TT,GG,CC,AG,CT,CC,CC,GG,CC,AA,GG,AA,CC,TT,CC,GG,GT,GG,TT,AA,AA,TT,AC,GG,AA,CC,CG,GG,GG,AC,GG,TT,CC,AA,NN,GG,AA,CC,AT,TT,GG,TT,TT,AA,CC,GT,AT,CG,AT,TT,AA,GG,AA,TT,AC,TT,CC,CT,AA,CC,CT,CC,AG,CC,AG,CC,TT,TT,TT,GG,TT,AC,AC,AA,GT,CC,CC,GG,CG,GG,AT,AA,CC,GT,GG,CC,CC,AT,GG,CC,AT,CC,AA,AA,CC,CG,AC,TT,AA,GG,AA,AA,AC,AC,AA,AG,AG,AA,TT,GG,AA,AG,AC,AA,CT,AA,AA,CC,GG,GG,TT,AA,AA,TT,TT,TT,AA,AA,GG,GG,AA,3.87,Susceptible,Medium,Premium,Medium
L0204,Bengaluru Rural,Karnataka,Kharif,Red Sandy Loam,Rainfed,720,26.0,70,AA,TT,GG,GG,GG,CC,TT,TT,CC,CC,AA,CT,CC,NN,TT,GT,CG,AT,TT,AA,CG,TT,TT,CC,TT,CC,TT,TT,GG,AA,TT,CT,AA,CC,GG,CG,GG,CC,GG,CC,TT,CT,AA,GT,AG,AA,TT,AT,CC,CC,GT,AT,AG,GG,CT,TT,AA,AC,GG,AC,AG,TT,TT,AG,CT,AT,CC,GG,TT,GT,AG,GG,CC,AA,GG,AC,TT,GG,GT,TT,GG,GT,GT,CC,AT,GG,NN,AA,CC,TT,CC,TT,CC,TT,TT,GG,TT,CC,GT,CC,CC,CG,GG,AA,TT,TT,CC,AA,AA,AA,CT,GG,GT,CG,GG,AA,AA,TT,CC,AG,CC,AG,CC,GT,TT,AA,CC,CC,CC,CC,AA,TT,CC,AA,CC,CC,AA,TT,AA,AA,GG,CC,CC,GG,AG,AA,AA,CC,GT,CC,CC,AA,AA,GG,GT,AG,NN,GT,CT,GG,AA,TT,GT,TT,CC,AT,GT,CT,AA,TT,GG,CC,AA,CT,CC,CC,CG,CC,AA,GG,AA,CC,TT,CC,GG,TT,CC,AT,AA,GG,TT,CC,GG,AC,CC,CC,GG,GG,NN,GG,TT,AC,AA,CC,GG,AA,CC,AA,AT,TT,TT,TT,AT,GG,GT,AA,CC,TT,TT,AA,GG,AA,CT,AA,TT,CC,NN,AA,CC,TT,CG,AG,CC,AG,CC,TT,TT,GG,GG,TT,AA,AC,AA,GG,CC,CC,GG,CC,GG,NN,AA,CG,GG,GG,CC,CG,AA,GG,CC,AT,CG,AA,AA,AC,CG,NN,TT,AA,GG,AA,AC,AC,AA,GG,AG,AA,AA,TT,GG,AA,AA,AC,AA,TT,AA,AA,CG,GG,GG,TT,AA,AG,GT,TT,TT,AA,TT,GG,GG,AA,5.3,Susceptible,Medium,Poor,Late
L0205,Bengaluru Rural,Karnataka,Kharif,Red Sandy Loam,Rainfed,720,26.0,70,AA,TT,GG,AG,GG,CG,GG,TT,CC,CC,AT,CC,CG,TT,TT,GG,GG,TT,TT,AA,CG,TT,TT,CT,TT,CC,TT,TT,GT,AA,TT,CC,AG,CC,GG,CG,GG,CC,GG,CC,TT,TT,AC,GT,AA,GG,TT,AT,CG,AC,GG,AA,AA,GG,TT,GT,AA,AC,GG,AC,AG,TT,AT,AA,TT,AA,CC,GG,TT,GG,NN,GG,CC,AA,AG,AC,AT,GG,TT,TT,AG,GG,GT,CC,AA,GG,AA,AA,CC,TT,AC,TT,CC,TT,GT,GG,TT,CC,GT,CT,CC,CG,AG,AA,TT,TT,CG,AA,AG,AA,CT,GG,GT,CC,TT,AC,AA,TT,CC,AG,CC,NN,CC,GG,TT,AA,CC,CC,CC,CG,AA,TT,AC,AA,CC,CC,AA,TT,AA,AA,GG,CC,CC,GG,AA,AG,AT,AC,GT,CC,CC,AA,AG,AG,TT,GG,AC,NN,TT,GG,NN,TT,TT,TT,CC,AA,TT,CT,AT,AT,CG,CC,AA,TT,CC,CC,CG,CC,AA,GG,AA,CC,TT,CG,GG,TT,GG,AA,AA,AG,TT,CC,GG,AC,CC,CC,GG,GG,AA,GG,TT,AA,AA,CG,GT,AA,AC,AA,AA,GG,NN,AT,TT,GG,GG,AT,CC,AT,GT,AA,GG,AG,CT,AC,TT,CC,CT,AA,NN,CT,CG,AG,CC,AA,CC,TT,TT,GT,GG,TT,NN,CC,AA,GG,CC,CG,GG,CC,GG,TT,AA,CG,GT,GG,CC,CC,AT,AG,CC,AA,CC,AA,AA,CC,CG,AA,TT,AA,GG,AA,AA,AA,AA,AG,AG,AG,AA,TT,CG,AA,AA,AC,AA,CT,AA,AA,CC,GG,GG,GT,AA,AA,GT,TT,TT,AA,AA,GG,GG,AA,4.87,Susceptible,High,Premium,Late
L0206,Bengaluru Rural,Karnataka,Kharif,Red Sandy Loam,Rainfed,720,26.0,70,AC,TT,GG,AG,GG,CC,GG,TT,CC,CC,AA,CC,CC,AT,TT,GG,GG,TT,TT,AA,CC,TT,TT,CC,TT,CC,TT,AT,GG,AA,TT,CC,AA,CC,GG,CG,GG,CG,NN,CC,GT,CT,AA,TT,AA,AG,TT,AA,CC,AC,GT,AA,GG,NN,CT,TT,AA,AC,TT,AA,GG,TT,AA,AA,TT,AT,CC,GG,TT,GT,AG,GG,CC,AG,AG,AA,AT,GG,TT,TT,GG,GG,GG,CC,AA,GG,AG,AA,CC,TT,AC,TT,CC,AT,TT,NN,TT,CC,TT,CC,CC,CG,GG,AA,TT,TT,CC,AA,AA,AA,CC,GG,GT,CG,TT,AA,AA,TT,CC,GG,CC,GG,CC,GT,NN,AA,CC,CC,CC,CC,AG,TT,AC,AA,CC,CT,AA,TT,AA,AA,NN,CC,CC,GG,AA,AA,AA,CC,GG,CC,CC,GG,AA,AG,TT,GG,AA,GT,CT,GG,AC,GT,GT,TT,CG,AA,TT,TT,NN,TT,GG,CG,AA,CC,CC,CC,CG,CC,AT,GG,AG,CC,TT,CC,GG,TT,GG,AT,AA,AA,TT,CC,GG,AA,AC,CC,GG,GG,AC,CG,TT,AA,AA,CG,GT,AT,AC,AT,TT,GT,TT,AT,AT,CC,TT,AT,CC,AT,TT,AA,GG,AG,TT,AC,TT,CC,TT,AA,CC,TT,GG,GG,CC,AG,CC,AT,CT,GT,GG,TT,AA,AA,GG,GG,CC,CC,NN,CC,GG,AT,AA,CC,TT,GG,CC,CC,AA,GG,CC,AA,CC,AA,AA,CC,CG,CC,TT,AA,GG,AA,AA,AA,AA,AG,AA,AA,AA,TT,CG,AC,AA,AC,AA,CT,AA,AA,GG,GG,GG,GT,AA,AG,TT,TT,TT,AA,AT,GG,GG,AC,2.78,Resistant,Low,Poor,Late
L0207,Bengaluru Rural,Karnataka,Kharif,Red Sandy Loam,Rainfed,720,26.0,70,AA,CT,AG,AA,GG,CC,GT,AT,CC,CC,AA,CT,CG,TT,TT,GG,GG,TT,TT,AA,CC,TT,TT,CC,TT,CC,TT,TT,GG,AA,TT,CT,AA,CC,GG,GG,GG,CC,GG,CC,TT,CT,AA,TT,AG,GG,TT,TT,CC,AC,GG,AT,AG,GG,CC,TT,AT,AA,GT,AA,AA,TT,AT,AA,TT,TT,CC,GG,TT,GG,AA,GG,CC,AA,AG,AA,NN,GG,TT,CC,AG,GG,GG,CC,AA,GG,AG,AT,CC,TT,CC,TT,CT,TT,TT,GG,TT,CC,GT,CC,CT,CC,AG,AA,TT,TT,NN,AA,AA,AA,CC,GG,GT,CG,NN,CC,AA,TT,NN,AG,CC,GG,CC,NN,TT,NN,CT,CC,CC,CC,AA,TT,CC,AA,CC,CT,AA,TT,AA,AA,GG,NN,CC,GG,AA,AA,AA,CC,TT,CC,CC,AA,AA,GG,TT,GG,AA,TT,CT,GG,CC,TT,TT,TT,CC,AA,TT,TT,AA,TT,GG,CC,AA,CT,AC,CC,GG,CC,AA,GG,GG,CC,TT,CC,GG,GT,GG,TT,AA,AA,TT,AC,GG,AC,CC,CC,GG,GG,CC,CG,TT,AC,AA,CC,GG,AA,AC,AA,AA,GT,TT,AT,AT,GG,GT,AT,CG,AT,TT,AA,GG,AA,CT,AA,TT,CC,TT,AA,CC,CT,CG,AG,CC,AA,CC,TT,CT,TT,GG,TT,AA,AC,AA,GG,CC,GG,GG,CC,GG,NN,AA,CC,GT,GG,CC,GG,AA,AG,CG,AA,CC,AA,AA,CC,CC,AC,AT,NN,GG,AA,AA,AA,AA,AA,AA,AA,AA,TT,GG,AC,NN,AA,AA,CT,AA,AA,GG,GG,GG,GT,AT,GG,TT,TT,TT,AG,TT,GG,GG,AA,2.67,Resistant,High,Premium,Medium
L0208,Bengaluru Rural,Karnataka,Kharif,Red Sandy Loam,Rainfed,720,26.0,70,AC,TT,GG,AA,GG,NN,GT,AT,CC,CG,AA,CT,CG,TT,GT,GG,CC,TT,AT,AA,CC,TT,TT,CC,TT,CC,TT,TT,GG,AA,TT,CC,AA,CC,GG,CG,GG,CC,GG,CC,GT,TT,AC,GT,AA,NN,TT,TT,CC,AA,GG,AA,AA,GG,CC,GT,NN,AA,GG,AC,AA,TT,TT,AG,TT,TT,CC,GG,TT,GG,AA,NN,AA,AA,AG,AC,AA,GG,TT,TT,GG,GG,NN,CC,AT,GG,AA,TT,CC,GG,AC,TT,CT,TT,GT,GG,TT,AC,TT,CC,CC,CG,AA,NN,AA,TT,CC,AA,AA,AC,CC,GG,TT,CC,TT,AA,AA,TT,CC,GG,CG,AG,CC,GT,TT,AA,CC,CC,CC,CG,AG,TT,CC,AA,CC,CC,AA,TT,AA,AA,GG,CT,CC,GG,AA,AG,AA,CC,GG,CC,CC,AA,AA,GG,TT,GG,AC,TT,CT,GG,CC,TT,TT,NN,GG,AA,TT,TT,AA,TT,GG,CC,AA,CC,CC,CC,CG,CC,AA,GG,AA,CC,TT,CC,GG,TT,GG,AA,AA,AA,NN,CC,GG,AC,AA,CC,GG,AG,AA,CG,TT,AA,AA,CC,GG,AA,CC,AA,AT,GG,TT,AT,AA,GG,GT,AT,CC,TT,GT,AA,GG,AA,TT,AA,TT,CG,CT,CC,CC,CT,CC,AA,CC,GG,CC,NN,CC,GT,GG,TT,AA,AC,AG,GG,CC,CC,GG,CC,GG,AA,AA,CG,GT,GG,CC,CG,AA,GG,CG,AT,CC,AA,AA,AC,CG,AC,TT,AA,GG,AA,AA,AA,AA,AG,AA,AA,AA,TT,GG,AC,AG,AC,AC,CT,AG,AG,GG,AG,GG,TT,AA,AG,GT,AT,TT,GG,AT,GG,GG,AA,3.95,Resistant,Medium,Standard,Late
L0209,Bengaluru Rural,Karnataka,Kharif,Red Sandy Loam,Rainfed,720,26.0,70,AA,CC,GG,GG,GG,CC,GT,TT,CC,CG,AA,NN,CC,TT,GT,GT,GG,TT,TT,AG,CG,GT,GG,CT,TT,CC,GT,TT,GG,AA,TT,CC,AA,CC,GG,GG,GG,CG,GG,CC,TT,TT,AA,GT,GG,AG,TT,TT,CC,CC,GG,AA,GG,GG,CC,TT,AA,AA,GT,CC,AA,TT,TT,AA,TT,TT,CC,GG,TT,GG,AA,GG,CC,NN,GG,AC,TT,GG,TT,TT,GG,GG,GT,CC,AA,GG,AA,AA,CC,GT,CC,TT,TT,TT,TT,GG,CT,CC,TT,CC,CC,CG,AG,AA,AT,TT,CC,AA,AA,AA,CC,GG,TT,CC,TT,AC,AA,TT,CC,AG,CC,GG,CC,GG,CT,AA,CT,CC,CC,CG,AA,TT,CC,AA,CC,CT,NN,TT,AA,AT,GG,CT,CC,GG,AA,AA,AT,CC,GT,CC,CC,AA,AG,AG,TT,GG,AC,TT,CC,GG,CC,TT,GT,TT,CC,TT,TT,TT,AA,AT,GG,CC,AA,CT,CC,CC,GG,CC,AT,GG,AG,CC,TT,NN,TT,GT,GG,AT,AA,AA,TT,CC,GG,AA,CC,CC,GG,GG,AC,GG,CT,AA,AA,CG,GG,AA,CC,AT,AA,GT,GT,TT,AT,CG,GT,AA,CC,AT,TT,AA,GG,AA,CT,AA,TT,CC,TT,AC,CC,TT,CG,GG,GG,GG,AC,TT,CT,GG,GG,TT,AC,CC,AA,GG,CC,CC,GG,CC,GG,AA,AG,CC,TT,GG,CC,GG,AT,GG,CC,AT,CC,AA,AA,AC,CC,CC,TT,AA,GG,AA,NN,AA,AA,AG,AA,GG,AA,AT,GG,AA,AA,CC,AC,TT,AG,AG,GG,GG,CG,TT,AT,AG,GG,TT,TT,AG,TT,GG,GG,AA,4.17,Susceptible,Medium,Premium,Early
L0210,Bengaluru Rural,Karnataka,Kharif,Red Sandy Loam,Rainfed,720,26.0,70,AC,TT,GG,AG,GG,CC,TT,AT,CC,CC,AA,CC,CC,TT,GT,GG,CG,TT,TT,AA,CC,TT,GG,CC,TT,CC,TT,TT,GG,NN,TT,CC,AA,CC,GG,GG,GG,CG,GG,AC,TT,CT,AA,TT,AA,GG,TT,TT,CC,AC,GG,AA,AA,GG,CC,TT,AA,AA,GT,AA,AG,TT,TT,AA,TT,TT,CC,GG,TT,GG,AA,GG,CC,AA,GG,AA,AT,GG,GT,TT,GG,GG,GG,CC,AT,GG,AA,AA,CC,GT,AC,GT,CC,TT,TT,GG,TT,AC,GG,CC,CC,CG,AG,AA,TT,TT,CG,AA,AA,AA,CC,GG,TT,CC,TT,AC,AA,TT,CG,GG,CC,AG,CC,GT,TT,AG,CC,CC,CC,CC,AA,TT,CC,AA,CC,CC,AA,TT,GG,AA,GG,CC,CC,GG,AA,AG,AA,AC,GG,CC,CC,AA,GG,GG,TT,GG,AA,GT,CT,GG,AA,TT,GT,TT,CC,AA,TT,TT,AA,AT,CG,CC,AG,CC,CC,AC,GG,CC,AA,GG,GG,AC,TT,CC,GG,TT,GG,AT,AA,AG,TT,AC,CG,AC,CC,CC,GG,GG,AA,GG,TT,AA,AG,CC,GT,AA,CC,AA,AA,GG,TT,TT,AT,CG,GT,AA,CG,TT,GT,AA,GG,AA,TT,AA,TT,CC,TT,AA,CC,TT,GG,AG,CC,GG,AC,TT,TT,GG,GG,AT,AA,CC,AG,GT,CC,CG,NN,CC,GG,TT,AG,CC,GT,GG,CC,CC,AA,GG,CC,AT,CC,AT,AG,CC,CG,AA,TT,AA,GG,AA,AA,AC,AC,AA,AA,AA,AG,TT,CG,CC,AG,AA,CC,CT,AA,AA,GG,GG,GG,TT,AA,AG,TT,TT,AT,AA,AT,GG,GG,AA,4.77,Moderate,Medium,Poor,Medium
L0211,Bengaluru Rural,Karnataka,Kharif,Red Sandy Loam,Rainfed,720,26.0,70,AC,TT,GG,AG,CG,CC,GG,TT,CC,CC,AA,CT,NN,AT,TT,GG,GG,TT,AT,AA,CC,TT,TT,CT,TT,CC,TT,TT,GG,AA,TT,CC,AA,CC,GG,GG,GG,CC,GG,AC,TT,TT,AA,GT,AG,GG,TT,TT,CC,AC,GG,AA,AG,GG,TT,TT,AA,AC,TT,AC,AA,TT,TT,AG,TT,AT,CC,GG,TT,GT,AA,GG,CC,AA,GG,AA,AT,GG,TT,TT,NN,GG,GG,CC,NN,GG,AA,AA,CC,TT,AC,TT,CT,TT,TT,GG,CT,AC,TT,CC,CC,CC,GG,AG,AT,TT,CC,AA,AA,AA,CC,GG,TT,CG,TT,AC,AA,TT,CC,AG,CC,GG,CC,GG,CC,AA,CC,CC,CC,CC,AA,TT,CC,AA,CC,CC,AA,TT,AA,AA,CG,CC,CC,GG,AA,AG,AA,CC,GG,CC,CC,AG,AG,GG,GT,GG,CC,TT,TT,GG,CC,GT,TT,TT,CC,AA,TT,TT,TT,TT,CG,CC,AG,CT,CC,AC,GG,CC,AA,GG,GG,CC,TT,CC,GG,NN,GG,TT,AA,AA,TT,CC,GG,AA,CC,CC,GG,AG,AC,NN,TT,AC,AA,CC,GG,AA,CC,AT,AT,GT,GT,AT,AT,CG,GG,AA,CC,TT,TT,AA,GG,AA,CC,AC,TT,CC,TT,AA,CC,TT,CG,AG,GG,AG,CC,TT,TT,TT,GG,TT,AA,AC,AA,GG,CC,CC,GG,CG,GG,AT,AA,CC,GT,GG,CC,CC,AT,AG,CC,AA,CG,AA,AA,AC,CG,AC,TT,AA,GG,AA,AA,AC,AA,AG,AG,AA,AA,NN,GG,AA,AG,CC,AA,CC,AA,AA,CG,GG,GG,TT,AT,AA,TT,TT,TT,AA,TT,GG,GG,AA,4.47,Moderate,Medium,Standard,Medium
L0212,Bengaluru Rural,Karnataka,Kharif,Red Sandy Loam,Rainfed,720,26.0,70,AC,CT,AG,GG,GG,NN,GT,TT,CC,CG,AA,NN,CC,AT,TT,GG,NN,TT,TT,AG,CC,TT,GT,CC,TT,CC,GT,NN,GT,AA,TT,CC,AA,CC,GG,CG,GG,CC,GG,AC,TT,CT,AA,GT,AA,AG,TT,TT,CG,AC,GG,AA,AG,GG,NN,TT,AT,AC,GG,AC,AG,GT,TT,AA,TT,TT,CC,GG,TT,GG,AA,GT,CC,AA,GG,AC,AT,GG,TT,TT,GG,GT,GT,CC,AT,GG,AG,AA,CG,TT,NN,TT,CC,TT,GT,GG,TT,AC,GT,CC,CC,CG,AG,AA,TT,TT,CG,AG,AA,AA,CC,GG,TT,CC,TT,AA,AC,TT,CG,AG,CC,GG,CC,GT,TT,AA,CC,CG,CC,CC,AA,TT,CC,AC,CC,CC,AA,TT,AA,AA,GG,CC,CC,GG,AA,AA,AA,CC,GG,CC,CC,AA,AG,GG,TT,GG,AA,TT,TT,GG,AC,GT,GT,TT,CC,AA,TT,TT,AT,AT,GG,NN,AA,CC,CC,AC,GG,CC,AA,AG,AA,CC,TT,NN,GT,GT,GG,TT,AA,AA,TT,AC,GG,AC,CC,CC,NN,GG,AC,GG,TT,AA,AA,CC,GG,AA,AC,AA,TT,GG,TT,TT,AT,CG,GG,AT,CG,TT,GT,AA,GG,AA,TT,AA,TT,CC,TT,AC,CC,NN,GG,AG,CG,AA,CC,TT,TT,GG,GG,TT,AC,AA,NN,GT,CC,CG,GG,CC,GG,AT,AA,CC,TT,GG,CG,CC,AT,GG,CC,AA,CC,AA,AA,AC,CC,CC,TT,AA,GG,AA,AA,AA,AA,GG,GG,AG,AA,TT,GG,AA,AA,AA,AA,CT,AG,AA,CG,AG,CG,TT,AT,AG,TT,TT,TT,AA,TT,GG,CG,AA,1.87,Susceptible,Low,Premium,Late
L0213,Bengaluru Rural,Karnataka,Kharif,Red Sandy Loam,Rainfed,720,26.0,70,AA,TT,AG,AA,GG,CC,GT,AT,CC,CC,AA,CT,CC,TT,TT,GT,CG,TT,TT,NN,CC,TT,GT,CC,TT,CC,TT,TT,GG,AA,CT,CC,AA,NN,GG,GG,GG,CG,GG,NN,TT,CC,AA,TT,AA,AG,TT,TT,CC,CC,GG,AA,AA,GG,CC,GT,AA,AC,GT,AC,AG,TT,TT,AA,TT,TT,CC,GG,TT,GG,GG,GG,CC,AA,NN,AC,AA,GG,NN,TT,GG,GG,GT,CC,AA,GG,AA,AA,CC,TT,CC,TT,CC,AT,TT,AG,TT,AC,TT,CC,CC,CC,GG,AA,AT,TT,CG,AA,AA,AC,CC,GG,TT,CG,NN,AA,AA,TT,CC,GG,CC,GG,CC,GT,TT,AA,CT,CC,CC,CC,AA,GT,CC,AA,AC,CC,AA,AT,AA,AA,CG,CC,CC,GG,AA,AA,AA,AC,GG,CC,CG,AA,AA,AG,TT,AG,AA,TT,CT,AG,AC,TT,GT,TT,CC,AA,TT,TT,AA,TT,GG,CC,AA,CC,CC,CC,GG,CC,AA,GG,AA,CC,TT,CC,NN,TT,GG,AT,AA,AA,TT,AC,GG,AA,CC,CC,GG,GG,CC,GG,TT,AA,AA,CG,GG,AT,AA,AA,AT,GT,TT,AA,AA,GG,TT,AT,CC,TT,GT,AA,GG,AA,TT,AA,TT,CC,CT,AC,CC,TT,CG,GG,CG,NN,AC,TT,CT,TT,GG,TT,AA,AC,AA,GG,CC,CC,GG,CC,GG,TT,AA,CC,TT,AG,NN,CC,AA,GG,CC,AA,CC,AA,AA,CC,CC,AC,AT,AA,GG,AA,AA,AA,AA,GG,AG,AA,AA,TT,GG,AA,GG,CC,AA,TT,AA,AA,GG,GG,GG,TT,AA,AA,GT,TT,AT,GG,TT,NN,GG,AA,4.92,Moderate,High,Poor,Medium
L0214,Bengaluru Rural,Karnataka,Kharif,Red Sandy Loam,Rainfed,720,26.0,70,AC,CT,GG,AG,GG,CG,GG,TT,CC,CG,AA,CC,CC,TT,TT,GG,CG,NN,AT,AA,CC,TT,TT,CC,TT,CT,TT,NN,GG,AA,TT,CC,AA,CC,AG,GG,GG,CG,GG,CC,TT,TT,AA,TT,AA,AA,TT,AT,CG,AC,GG,NN,AG,GG,CC,TT,AA,AA,GT,AA,AA,TT,AT,AA,TT,AA,CC,GG,TT,GT,AG,GG,CC,AA,GG,AA,AA,GG,TT,TT,GG,GG,GG,CC,AA,AG,AA,AA,CG,TT,CC,GT,CT,TT,TT,GG,TT,CC,TT,CC,CC,CG,AG,AA,TT,TT,CC,AA,AA,AC,CC,GG,GT,CC,GG,AC,AA,TT,CC,GG,CC,GG,CC,GT,CT,AA,CC,CC,CC,CG,AA,TT,CC,AA,CC,CC,AA,TT,AA,AA,CG,CC,CC,GG,AA,GG,AA,CC,GT,CC,CC,AA,AA,GG,TT,GG,AA,GT,TT,GG,CC,TT,GT,TT,CC,AT,TT,NN,AA,TT,GG,CC,AA,CT,AA,CC,CG,CC,AT,GG,AA,CC,TT,CG,GT,GT,CC,TT,AA,AA,TT,CC,GG,AA,AC,CC,CG,GG,AA,GG,TT,AA,AA,CC,GG,AA,CC,AA,AT,GG,TT,TT,AT,GG,GT,TT,CG,NN,GT,AA,GG,AA,CC,AA,AT,CC,TT,AC,AC,CC,GG,GG,CG,AG,CC,TT,TT,GT,GG,TT,AA,CC,AG,GG,CC,NN,GG,CC,GG,AT,AA,CC,GT,GG,CC,CC,AA,GG,CC,AA,CC,AT,AA,CC,CG,CC,TT,AA,GG,AA,AA,AA,CC,GG,AA,AG,AA,TT,GG,AA,AA,CC,AA,CT,AA,AA,GG,GG,GG,TT,AT,AA,TT,TT,TT,AA,TT,GG,NN,AA,3.48,Moderate,Low,Standard,Late
L0215,Bengaluru Rural,Karnataka,Kharif,Red Sandy Loam,Rainfed,720,26.0,70,CC,TT,AG,AA,GG,CC,GG,TT,CC,GG,AA,CC,CC,AT,TT,GG,CG,TT,TT,AA,CC,TT,GT,CC,AT,CC,TT,TT,GG,AA,TT,TT,AA,NN,GG,GG,GG,CC,GG,CC,TT,CT,AA,GT,GG,AG,TT,NN,CC,CC,GG,AT,AA,GG,CC,TT,AA,AC,GT,AC,AA,TT,AT,AG,CT,TT,CC,GG,TT,GG,AA,GT,CC,AA,AG,AA,AA,GG,TT,TT,GG,GG,GT,CC,TT,GG,AA,AA,CC,GT,CC,TT,CT,TT,GG,GG,TT,AC,GT,CC,CC,CC,AG,AA,TT,TT,CC,AA,AA,AC,CT,GG,TT,CG,TT,AA,AA,TT,CC,AA,CC,GG,CC,TT,TT,AA,CT,CC,CC,CC,AA,TT,CC,AA,CC,CT,AA,TT,AA,AA,GG,CC,CC,GG,AG,AG,AA,AC,GT,CG,CC,AA,AA,GG,TT,GG,AC,TT,TT,GG,AC,TT,TT,CT,CG,AA,GT,TT,AA,TT,CG,CC,AG,CT,CC,CC,GG,CC,AA,GG,AA,CC,TT,CC,GG,TT,GG,AT,AA,AA,TT,CC,CG,AA,AA,CC,GG,GG,NN,GG,TT,AA,AA,CG,GG,AA,AC,AT,AA,GT,TT,TT,AA,GG,GT,AT,CC,AT,TT,AA,GG,AA,TT,AA,TT,CC,CT,AC,CC,TT,GG,AA,NN,AA,CC,TT,TT,GG,GG,TT,AA,CC,AG,GG,CC,GG,GG,CC,GG,AT,NN,CG,GT,GG,CC,CC,AT,GG,CC,AA,CC,AA,AA,AC,CC,AC,TT,AA,GG,AA,AA,AA,AC,GG,AA,AA,AA,TT,GG,AC,AA,AA,CC,CT,AG,NN,GG,GG,GG,TT,AT,AG,TT,TT,AT,AG,AT,GG,GG,AA,2.72,Moderate,High,Poor,Late
L0216,Bengaluru Rural,Karnataka,Kharif,Red Sandy Loam,Rainfed,720,26.0,70,AA,TT,GG,AA,CG,CC,TT,TT,CC,CG,AT,CC,CG,TT,GT,GG,CG,NN,TT,AA,CC,TT,GG,CC,TT,CC,TT,TT,GG,AA,TT,CC,AA,CC,GG,GG,GT,CC,GG,CC,TT,CC,AA,TT,AA,GG,TT,TT,CC,AC,GT,AT,AG,GG,CC,TT,AA,AC,GT,AA,AA,TT,TT,AG,CC,AT,CC,GG,TT,GG,AG,GG,CC,AA,GG,AA,AT,GG,TT,TT,GG,GT,GG,CC,AA,GG,AA,AA,CC,GT,CC,TT,CT,AT,GT,GG,TT,CC,TT,CC,TT,CG,GG,AA,AT,TT,CG,AA,AA,AA,CC,GG,TT,CC,TT,AA,AA,TT,CC,AG,CG,GG,CC,GG,TT,AG,CC,CC,CC,GG,AA,TT,CC,AA,CC,CC,AA,AT,AA,AT,GG,CC,CC,GG,NN,AA,AA,AA,GG,CC,CC,AG,AA,GG,TT,AG,AA,TT,TT,GG,AA,GT,GT,TT,CC,AA,GT,TT,AT,TT,GG,CC,AA,CC,CC,CC,GG,CC,AA,GG,AG,CC,TT,CC,GG,TT,GG,AT,AA,AA,TT,AC,CG,AC,CC,CC,GG,GG,AA,GG,TT,CC,AA,CG,GG,AA,CC,AT,AT,GG,TT,AT,AA,GG,GT,AT,CC,AT,TT,AA,GG,AA,TT,AA,TT,CC,CT,AC,CC,TT,NN,GG,CC,AG,CC,TT,CT,TT,GG,AT,AA,AA,AA,GG,CC,CC,GG,CC,GG,TT,AA,CG,GT,GG,CG,CC,AA,GG,CC,AA,CG,AA,AA,CC,CC,CC,NN,AA,GG,AA,AC,AC,AC,AG,AG,AG,AA,AT,CG,AC,AG,AC,AC,CT,AA,AA,GG,GG,GG,TT,AA,AA,TT,TT,TT,AA,AA,CG,CG,AA,5.31,Susceptible,Medium,Standard,Medium
L0217,Bengaluru Rural,Karnataka,Kharif,Red Sandy Loam,Rainfed,720,26.0,70,AA,NN,GG,AG,GG,CC,NN,TT,CC,CG,AT,CC,CC,TT,TT,GG,CG,TT,TT,AA,CC,TT,GG,CC,TT,CT,TT,TT,NN,AA,TT,CC,AA,CC,AA,NN,GG,CC,GG,CC,TT,CC,AA,TT,AG,AG,TT,TT,CG,AA,GG,AA,AA,GG,CC,GT,AA,AA,GT,AA,AA,GT,TT,AA,TT,AT,CC,GG,TT,GG,AA,GG,AC,AA,GG,AC,AA,GG,TT,TT,GG,GG,GG,CC,AA,GG,AA,AA,CC,GT,CC,TT,CC,TT,TT,GG,CT,CC,TT,CC,CC,CG,GG,AA,TT,TT,CC,AA,AA,AA,CT,GG,TT,CC,TT,AA,AA,TT,CC,AG,CC,GG,CC,TT,CC,AA,CC,CC,CC,CC,AA,TT,CC,AA,CC,TT,AA,AT,AG,AT,NN,CT,CC,AG,AA,GG,AA,CC,GG,CC,CG,AA,AG,GG,TT,AG,CC,TT,CC,GG,CC,TT,GT,TT,CG,AT,TT,CT,AT,TT,GG,CC,AA,CC,CC,CC,CG,CC,AA,GG,AA,CC,TT,CC,GG,TT,GG,TT,AA,AG,TT,CC,CG,AC,CC,CC,GG,GG,AA,CC,TT,AC,AA,CC,GG,AA,AC,AA,AA,GG,TT,AT,AT,GG,TT,AA,CC,TT,GT,AA,GG,AA,NN,AC,TT,CC,TT,NN,CC,CT,CG,AA,CC,GG,AC,TT,TT,GG,GG,AT,AA,AC,AA,GT,CC,CC,GG,CC,GG,AA,AA,CC,GG,GG,CC,CC,AA,AG,CC,TT,CC,AA,AA,CC,CC,AC,TT,AG,GG,AA,AA,AA,AA,AG,AG,AA,AA,TT,GG,AA,AG,CC,AA,CT,AA,AA,GG,AG,GG,GT,AT,AA,TT,TT,TT,AG,TT,GG,GG,AA,7.12,Susceptible,Low,Standard,Late
L0218,Bengaluru Rural,Karnataka,Kharif,Red Sandy Loam,Rainfed,720,26.0,70,CC,TT,AG,AG,GG,CC,GG,TT,CC,CG,AT,CC,CG,TT,TT,GG,GG,AT,TT,AA,CC,TT,GT,CC,TT,CC,GT,TT,GG,AA,TT,CT,AA,CC,GG,GG,GG,CG,GG,AC,TT,TT,AA,GT,AA,GG,TT,NN,CG,AC,TT,AT,AA,GG,CC,GT,AT,AA,GT,AA,AA,TT,AT,AG,NN,TT,CC,GG,TT,GG,AA,GT,AC,AA,GG,CC,AA,GG,TT,TT,GG,GG,GG,CC,AA,GG,AA,AA,CC,GT,CC,TT,CC,TT,TT,GG,CT,AA,GT,CC,CC,GG,AG,AA,TT,TT,CC,AA,AG,AA,CT,GG,TT,CC,TT,AA,AC,TT,CC,AG,CC,AG,CC,GT,CT,AG,CC,CC,CC,CC,AA,TT,CC,AA,CC,CT,AG,TT,AG,AT,GG,CC,CC,GG,AA,AA,AT,CC,GG,CC,CC,AA,GG,AG,TT,GG,AC,TT,TT,AA,AC,TT,TT,TT,CC,TT,TT,CT,AT,AT,GG,CC,AA,CC,CC,CC,GG,CC,NN,GG,NN,AC,TT,CG,GG,GT,GG,AT,AG,AG,TT,CC,CG,AA,CC,CC,GG,GG,AA,GG,TT,AC,AA,CC,GT,AA,AC,AA,AA,GT,TT,TT,AA,CG,TT,AA,CC,AT,TT,AT,GG,AA,TT,AA,TT,CC,TT,AC,CC,TT,CG,AA,CC,AA,CC,TT,CC,GT,GG,AT,AC,AC,AA,GG,CC,CG,CC,CC,GG,AA,AA,CG,GT,AG,CC,CC,AT,GG,CC,AA,CC,AA,NN,CC,CC,CC,TT,AA,GG,AA,AA,AA,AA,GG,AG,AG,AA,TT,GG,AA,AA,CC,AA,TT,AA,AA,GG,GG,GG,TT,AT,AA,TT,TT,AT,AA,TT,GG,CG,AA,3.49,Susceptible,Low,Premium,Early
L0219,Bengaluru Rural,Karnataka,Kharif,Red Sandy Loam,Rainfed,720,26.0,70,AC,TT,GG,GG,GG,CC,GT,TT,CC,CG,AA,CT,CC,TT,TT,GT,CC,TT,TT,AG,CG,GT,TT,CC,TT,CC,TT,TT,GG,AA,TT,TT,AA,CC,GG,GG,GG,CG,GG,CC,TT,CT,AA,GT,AG,GG,CT,AT,CC,CC,GT,AT,GG,GG,CC,TT,AA,AC,GG,AC,NN,GT,AT,AA,TT,TT,CC,GT,TT,GG,AA,GG,CC,AA,AG,AA,AT,GG,TT,TT,GG,GG,NN,CC,AT,GG,AA,AT,CC,GG,CC,TT,CC,AT,TT,GG,TT,CC,GT,CC,CT,CG,AA,AA,AT,TT,CC,AG,AA,AC,TT,GG,TT,CC,TT,AA,AA,AT,CC,GG,CC,GG,CC,GT,CT,AA,CC,CC,CC,CC,AA,TT,CC,AA,CC,CC,AA,TT,AG,AA,GG,CC,CC,GG,AA,AA,AA,AC,GG,CC,CG,AA,AG,AG,TT,GG,AA,TT,TT,AG,CC,TT,GT,TT,CC,AA,TT,CT,AA,TT,CG,CC,AG,CT,CC,CC,GG,CC,AA,GG,AA,CC,TT,CC,GG,TT,GG,TT,AG,AG,TT,CC,GG,AA,CC,CC,GG,GG,AC,CG,TT,AA,AG,CG,GG,AT,CC,AA,AA,GG,TT,TT,AA,CG,GT,AT,CC,TT,TT,AA,GG,AA,CT,AA,TT,CC,TT,AC,CC,TT,CG,AG,CC,AG,CC,TT,CT,GT,NN,TT,AC,AC,AA,GG,CC,CG,GG,CC,GG,AT,AA,CG,GT,GG,CC,CC,NN,GG,CC,AA,CC,AA,AA,CC,CC,CC,TT,AA,GG,AA,AA,AA,AA,NN,AA,AG,AG,TT,GG,AA,AG,NN,AA,CT,AA,AA,CG,GG,GG,TT,AA,AA,GT,TT,TT,AG,AT,GG,GG,AC,3.69,Resistant,Low,Premium,Medium
L0220,Bengaluru Rural,Karnataka,Kharif,Red Sandy Loam,Rainfed,720,26.0,70,AA,TT,GG,AA,GG,CC,GT,TT,CC,GG,AT,CC,GG,TT,GT,GT,GG,TT,TT,AA,CC,GT,TT,CC,TT,CT,TT,TT,GG,AC,CT,CT,AA,CC,GG,CG,GG,CG,GG,CC,TT,TT,AA,TT,GG,AG,CT,TT,CC,AA,GT,AA,AA,GG,CT,TT,AA,AA,TT,AC,AA,TT,AT,AA,TT,AT,CC,GG,TT,GG,NN,GG,CC,AA,AG,AC,AA,GG,GT,TT,GG,NN,GG,CC,AA,GG,AA,AA,CC,GT,CC,TT,CC,TT,TT,GG,TT,CC,TT,CC,CC,CG,GG,AA,TT,TT,CC,AA,AG,AA,CT,GG,TT,CC,TT,AC,AC,TT,CC,AG,CC,GG,CC,NN,TT,AA,CC,CC,CC,CC,AA,TT,CC,AA,CC,CC,AA,TT,NN,AA,GG,CC,CC,GG,AA,GG,AA,CC,GG,CC,CC,AA,AG,AG,GT,AG,AC,TT,TT,AG,AC,TT,TT,TT,CC,AT,TT,TT,AA,TT,GG,CC,AG,CT,CC,CC,CG,CC,AA,GG,AG,CC,TT,CC,GG,GT,CG,AT,NN,AA,TT,CC,CG,AA,CC,NN,GG,GG,AC,GG,TT,AA,AA,CC,GG,AA,CC,AA,AT,GT,TT,TT,AT,CG,GT,AA,CC,TT,TT,AA,GG,AA,TT,AC,TT,CC,TT,AA,CC,TT,CG,AA,CG,GG,CC,TT,TT,GT,GG,TT,AA,AC,AG,GG,CC,CG,GG,CG,GG,AT,AG,CG,TT,GG,CC,CC,AA,AG,CC,AA,CC,AA,AA,AC,CC,NN,TT,AA,GG,AA,AA,AC,AA,AG,AA,AA,AA,TT,CG,AC,AA,AA,AC,CC,AA,AG,GG,GG,GG,TT,AA,AA,TT,TT,TT,AA,TT,GG,CG,AA,3.1,Susceptible,Medium,Poor,Late
L0221,Bengaluru Rural,Karnataka,Kharif,Red Sandy Loam,Rainfed,720,26.0,70,AA,TT,GG,AG,GG,CG,TT,TT,CC,GG,AA,CT,CG,TT,TT,GG,GG,TT,TT,AA,CC,TT,GG,CC,TT,CC,GT,TT,NN,AA,TT,CC,AA,CC,GG,GG,GG,CG,GG,CC,TT,CT,AC,TT,AG,AG,TT,AT,CC,CC,GG,AA,AA,GG,CC,TT,AA,AC,GG,AA,AA,TT,AA,AA,CT,NN,CC,GG,TT,GG,AA,GG,CC,AA,AG,AC,AT,GG,GG,TT,GG,GT,TT,CC,AT,GG,AA,AA,CC,GT,CC,TT,CC,TT,TT,GG,TT,CC,TT,CC,CC,CC,AG,AG,TT,TT,CC,AG,AA,AA,CT,NN,TT,CC,TT,AA,AA,TT,CC,GG,CC,GG,CC,GG,CT,AA,CT,CC,CC,CC,AG,GT,CC,AA,NN,CC,AA,TT,AG,AA,CG,CC,CC,GG,AA,AG,AA,CC,GG,CC,CC,AA,AG,GG,TT,AG,AC,TT,CT,GG,AC,GG,GT,TT,CC,AA,TT,TT,AA,AT,GG,CG,AA,CT,CC,CC,CG,CC,NN,GG,AA,CC,TT,CG,GG,TT,GG,TT,AA,AA,TT,CC,GG,AA,AA,CG,GG,GG,AC,GG,TT,AA,AA,CC,GG,AA,CC,AA,AT,GT,TT,TT,NN,GG,TT,AT,CG,AT,TT,AA,GG,AA,CT,AA,TT,CC,TT,AA,CC,CT,CG,AG,CG,AA,AA,TT,CT,GT,GG,TT,AA,CC,AG,GG,CC,CC,GG,CC,GG,AT,AG,CC,TT,GG,CC,CC,AT,GG,CC,AA,CC,AA,AA,CC,CC,AC,TT,AA,GG,AA,AC,AA,AA,AA,AA,AA,AA,AA,GG,AA,AG,CC,AC,CC,AA,AA,GG,GG,GG,TT,AA,AA,GT,TT,TT,AG,AA,GG,CG,AA,2.45,Susceptible,Low,Poor,Medium
L0222,Bengaluru Rural,Karnataka,Kharif,Red Sandy Loam,Rainfed,720,26.0,70,AC,TT,GG,AG,GG,CC,GT,TT,CC,CG,AA,CC,CC,AT,GT,GG,GG,TT,TT,AG,CC,GT,TT,CC,TT,CC,GT,TT,GG,AA,TT,CT,AA,CC,GG,GG,GG,CC,GG,CC,TT,TT,AA,GT,AA,GG,TT,AT,CC,CC,GG,AA,AG,GG,CC,TT,AA,CC,GG,AA,AG,TT,AT,AA,TT,AT,CC,GG,CT,GT,AA,GG,CC,AA,GG,CC,AA,GG,GT,TT,GG,TT,GG,CC,AT,GG,AA,AA,CC,TT,AC,TT,CC,TT,TT,GG,CT,CC,TT,NN,CT,CG,AG,AG,AT,GT,CC,AA,AG,AA,CT,GG,TT,CC,TT,AA,AA,TT,CC,AA,CC,GG,CC,GG,TT,AA,CC,CC,CC,CC,AA,TT,AC,AA,CC,CC,AG,TT,AA,AA,GG,CT,CC,GG,AA,AA,AA,CC,GT,CC,CC,AA,AG,GG,TT,NN,AC,GT,CT,GG,CC,NN,TT,TT,CC,AA,TT,TT,AT,TT,GG,CC,AA,TT,CC,CC,CG,CC,AA,GG,AG,CC,TT,CC,GT,TT,GG,AT,AA,AA,TT,CC,GG,AC,CC,CG,GG,AG,CC,GG,TT,AC,AA,CC,GG,AA,AC,AA,AT,GT,TT,AT,AT,CG,GG,TT,CC,AT,GT,AA,GG,AA,TT,AA,TT,CC,TT,AA,CC,TT,CG,GG,CC,AG,CC,TT,CT,GG,GG,AT,AA,CC,AA,GT,CC,CC,GG,CC,GT,AT,AA,CG,TT,AG,CC,CG,AA,GG,CC,AA,CG,AA,AA,NN,CG,AC,TT,AA,GG,AA,AA,AC,AC,AG,AA,AA,AA,TT,GG,AA,AG,AC,AA,CT,AA,AA,GG,GG,GG,TT,AA,AA,TT,TT,TT,AA,AT,GG,GG,AA,2.11,Susceptible,High,Standard,Medium
L0223,Bengaluru Rural,Karnataka,Kharif,Red Sandy Loam,Rainfed,720,26.0,70,AC,CT,GG,AG,GG,CC,GG,TT,CC,CG,AA,CT,CG,TT,TT,GG,GG,TT,TT,AA,CC,TT,GT,CC,TT,CC,TT,TT,GG,AA,CT,CC,AA,CC,GG,GG,GG,CC,GG,AC,TT,TT,AA,TT,AG,GG,CT,TT,CC,AA,GT,AT,AA,GG,CT,TT,AA,AA,GG,AC,AA,TT,AA,AG,TT,AT,CC,GG,TT,GT,AA,GG,AC,AA,GG,AA,AA,NN,TT,TT,GG,GG,GG,CC,AA,GG,AA,AA,CC,GT,CC,TT,CT,AT,GT,GG,CT,CC,GT,CC,CC,GG,GG,AA,TT,TT,CC,AA,AA,AA,CT,GG,TT,CG,TT,AA,AA,TT,CC,AG,CC,AG,CC,GG,CT,AA,CC,CC,AC,CC,AA,TT,CC,AC,CC,CC,AA,TT,AA,AA,CG,CT,CC,GG,AA,AG,AA,CC,GT,CG,CC,AA,AG,GG,TT,GG,AC,TT,TT,GG,AA,GT,TT,TT,CG,AA,TT,TT,AA,TT,GG,CC,AG,TT,AC,CC,GG,CC,AA,GG,AA,CC,TT,CC,GG,TT,GG,TT,AA,AA,TT,CC,CG,AC,CC,CC,GG,GG,AA,GG,TT,AC,AG,CC,GG,AA,CC,AA,AT,GG,TT,TT,AT,CG,GT,AT,CC,TT,GT,AT,GG,AA,TT,AA,TT,CC,TT,AA,CC,TT,GG,AA,CG,AG,AC,TT,CT,TT,GG,TT,AA,CC,AA,GG,CC,CG,GG,CC,GG,TT,AA,CC,TT,GG,CC,CC,AA,GG,CC,AA,CC,AA,AA,AC,CC,AC,NN,AA,GG,AA,NN,AC,NN,AA,AA,AG,AG,AT,GG,AA,AG,AA,AC,TT,AA,AA,CG,GG,CG,GT,AT,AA,GT,TT,TT,AG,AT,GG,GG,AA,2.97,Susceptible,Medium,Poor,Early
L0224,Bengaluru Rural,Karnataka,Kharif,Red Sandy Loam,Rainfed,720,26.0,70,AC,TT,GG,GG,CG,CC,GT,AT,CC,CG,AT,CC,CC,AT,TT,GG,CG,TT,TT,AA,CC,TT,TT,CC,AT,CC,TT,AT,GG,AC,TT,CT,AA,CC,GG,CG,GT,CC,GG,CC,TT,CT,AA,TT,AA,AA,TT,AT,CC,AC,GT,AA,AA,GG,CT,TT,AT,AA,GG,AC,AA,TT,AA,AA,TT,TT,CC,GG,TT,GG,AG,GG,AC,AA,GG,CC,AT,AG,TT,TT,NN,GG,GG,CC,AT,GG,AA,AA,CC,GT,AC,TT,CT,TT,GT,GG,NN,CC,GT,CC,CC,CG,GG,AA,TT,TT,CC,AA,AG,AA,CC,GG,TT,CC,TT,AA,AC,TT,CG,GG,CC,AG,CC,GT,TT,AG,CC,CC,CC,CC,AA,TT,CC,AA,CC,CC,AA,TT,AA,AT,GG,CC,CG,GG,AA,AG,AA,CC,GT,CC,CC,AA,AA,GG,TT,GG,AC,TT,NN,GG,AA,GT,GG,CT,CC,AT,TT,TT,AA,TT,CG,CC,AA,CC,CC,AC,CG,CC,AA,GG,AG,AC,TT,CG,GG,GT,CC,TT,AA,AA,TT,CC,GG,AA,AC,CC,GG,GG,AA,GG,TT,AC,AG,CG,GG,AT,CC,AA,AA,GG,TT,AT,AA,GG,GT,AA,CC,NN,TT,AA,GG,AG,CT,AA,TT,CG,TT,AA,AC,TT,GG,AA,CC,GG,CC,TT,TT,GT,GG,TT,AA,AC,AA,GG,CC,CC,GG,CC,GG,AA,AA,CC,GT,GG,CG,CC,AA,AG,CG,AT,CC,AT,AA,AC,CG,AC,TT,AA,GG,AA,AA,AA,AA,AG,AG,AG,AA,AT,CG,AC,AA,AA,AA,CT,AA,AA,CG,GG,GG,TT,AA,AA,TT,TT,TT,AA,AT,GG,GG,AA,3.82,Susceptible,Low,Poor,Medium
L0225,Bengaluru Rural,Karnataka,Kharif,Red Sandy Loam,Rainfed,720,26.0,70,CC,TT,GG,AG,GG,CC,GG,AT,CC,CC,AA,CC,NN,TT,GT,GG,GG,TT,TT,AA,CG,TT,GT,CC,TT,CT,TT,TT,GG,AC,CT,CC,AA,NN,GG,CG,GG,CC,GG,CC,TT,TT,AA,GT,AA,GG,CT,TT,CC,AC,GT,AA,AA,GG,CC,TT,AA,AA,GG,AC,AA,TT,AT,AA,TT,TT,CC,GG,TT,GG,AG,GG,CC,AA,GG,AC,AA,GG,TT,TT,AG,GG,GG,CC,AA,GG,AA,AA,CG,GG,AC,TT,CC,TT,GT,GG,CC,CC,GT,CC,CC,CC,AG,AA,AT,TT,GG,AA,GG,AA,TT,GG,TT,CC,TT,AA,AA,AT,CC,AG,CG,AG,CC,GG,CT,AG,CC,CC,CC,CC,AA,TT,AC,AA,CC,CC,AA,TT,AA,AA,GG,CC,CC,NN,AA,AG,AA,CC,GG,CC,CC,AA,AA,GG,TT,GG,AC,TT,CT,GG,CC,TT,TT,TT,CC,AT,GT,TT,AA,AA,GG,CC,AA,CT,AC,AC,GG,CC,AA,GG,AG,CC,TT,CC,GT,TT,CG,AT,AA,AA,TT,CC,GG,AA,CC,CC,GG,GG,AA,GG,TT,AC,AA,CC,GG,AA,AC,AA,AA,GG,TT,TT,AA,CG,GT,NN,CC,TT,TT,AA,AG,AA,TT,AC,TT,CG,TT,AC,CC,TT,GG,AA,CC,AG,CC,TT,CT,GT,GG,TT,AA,CC,AA,GG,CC,CC,GG,CG,GG,AT,AA,CC,TT,GG,CC,CC,AA,AG,NN,AT,CG,AA,AA,AC,CG,CC,AT,AA,GG,AA,AA,AA,AA,GG,AA,AA,AA,AT,GG,AA,AA,AC,AA,CT,AA,AA,GG,GG,GG,TT,AT,AG,TT,TT,TT,AA,TT,GG,GG,AA,3.88,Susceptible,Low,Standard,Medium
L0226,Bengaluru Rural,Karnataka,Kharif,Red Sandy Loam,Rainfed,720,26.0,70,AC,CC,GG,AG,GG,CC,GT,TT,CC,CG,AA,CC,CG,TT,TT,GG,GG,TT,TT,AA,CC,GT,TT,CC,TT,CC,TT,TT,GG,AA,TT,CC,AA,CC,AG,GG,GG,CC,GG,CC,TT,CT,AA,GT,AA,GG,TT,AT,CC,AC,GT,AA,AA,GG,CT,TT,AT,AA,GT,AC,AA,TT,AT,AA,NN,AT,CC,GG,TT,GG,AA,GG,CC,AA,AG,CC,AA,GG,TT,TT,GG,GT,GT,CC,AA,GG,AA,AT,CC,TT,NN,TT,CC,AT,TT,GG,TT,CC,TT,CC,CC,CC,AG,AG,TT,GT,CC,AA,AG,AC,CC,GG,TT,CC,TT,AA,AA,TT,CC,AG,CC,GG,CT,GG,TT,AG,CT,CC,CC,CC,AA,GT,AC,AA,AC,CC,AA,TT,AA,AT,GG,CT,CC,GG,AA,AG,AT,CC,GT,CC,CC,NN,AG,GG,GT,AA,AA,TT,CT,GG,NN,TT,TT,TT,CC,AT,GT,TT,AA,TT,GG,CG,AG,CT,CC,CC,CC,CC,AA,GG,AA,CC,TT,CC,GG,TT,CG,TT,AA,AG,TT,AC,GG,AA,CC,CC,GG,GG,CC,GG,TT,AA,AA,CC,GT,AA,CC,AA,AT,GG,TT,TT,AT,GG,GG,TT,CC,TT,GT,AA,GG,AA,CT,AA,TT,CC,CT,AA,CC,CT,GG,AG,CC,AG,AC,AT,CC,GT,GG,TT,AA,CC,AA,GG,CC,CC,GG,CC,GG,AA,AA,CC,TT,GG,CC,CG,AA,AG,CC,AT,CC,AA,NN,CC,CC,CC,TT,AA,GG,AA,AA,AA,AA,NN,AG,AG,AG,TT,CG,AC,GG,CC,AA,TT,AA,AA,GG,GG,GG,TT,AA,AA,GT,TT,TT,AG,AT,GG,GG,AA,4.27,Susceptible,High,Premium,Medium
L0227,Bengaluru Rural,Karnataka,Kharif,Red Sandy Loam,Rainfed,720,26.0,70,AA,TT,AG,AA,GG,CC,GG,AT,CC,CG,AA,CT,CC,AT,TT,GG,CG,TT,TT,AA,CC,TT,GT,CC,TT,CC,GT,TT,GG,AA,TT,CT,AA,CC,GG,CG,GG,CC,GG,CC,TT,CT,AA,TT,AG,GG,NN,TT,CC,AC,GG,AT,AA,GG,CC,GT,AA,AC,GT,AA,AA,TT,TT,AA,TT,TT,CC,GG,TT,GG,AG,GG,CC,AA,AG,AC,AA,GG,TT,CT,GG,GT,GG,CC,AT,GG,AA,AA,CC,TT,CC,TT,CT,TT,TT,GG,TT,AC,TT,CC,CT,CC,GG,AG,TT,TT,CG,AA,AA,AA,CT,GG,TT,CG,TT,AC,AA,AT,CC,GG,CG,AG,CC,GT,TT,AA,CC,CC,AC,CC,AG,TT,CC,AA,AC,CC,AA,AT,AA,AA,GG,CC,CC,GG,AA,AG,AA,CC,GG,CC,CC,AA,AG,GG,TT,GG,AC,TT,CT,AG,AC,TT,GT,TT,CC,AT,TT,TT,AA,TT,GG,CC,AA,CT,CC,CC,CG,CC,AA,GG,AA,CC,TT,CC,TT,TT,GG,AT,AA,AA,TT,AC,GG,AA,CC,CC,GG,GG,AC,GG,TT,AA,AA,CC,GG,AA,CC,AT,AA,GT,TT,AT,AT,CG,GT,AA,CC,AA,TT,AA,GG,AA,CC,AA,TT,CC,TT,AA,CC,TT,GG,AA,CC,AG,CC,TT,CT,NN,GG,TT,AC,CC,AA,GG,CC,NN,GG,CC,GG,TT,AA,GG,TT,GG,CC,CC,AA,GG,CC,AA,CC,AT,AG,AC,CC,AA,TT,AA,GG,AA,AC,AA,AA,GG,AA,AG,AA,TT,GG,AA,AG,AC,AC,CC,AA,AA,GG,GG,GG,TT,AT,AA,TT,TT,TT,AA,AA,GG,GG,AA,2.35,Resistant,Medium,Premium,Medium
L0228,Bengaluru Rural,Karnataka,Kharif,Red Sandy Loam,Rainfed,720,26.0,70,AC,TT,GG,AA,GG,CC,GT,TT,CC,CG,AA,CC,CC,TT,TT,GT,CG,TT,TT,AA,CG,GT,GT,CC,TT,CC,GT,TT,GG,AC,CT,CT,AA,CC,GG,GG,GG,GG,GG,CC,TT,CC,AA,TT,AA,GG,TT,TT,CC,AA,GT,AA,AA,GG,CT,TT,AA,AA,GT,AA,AA,TT,AT,GG,CT,AT,CC,GG,TT,GG,AA,GG,CC,AA,GG,AA,AA,GG,GT,TT,GG,GT,GG,CC,AA,GG,AA,AA,CC,GG,CC,TT,CC,TT,TT,GG,TT,CC,TT,CT,CC,CG,AG,AA,TT,TT,CG,AA,AG,AA,NN,GG,GT,CC,TT,AA,AA,TT,CG,AA,CC,GG,CC,GG,CT,AA,CC,CC,CC,CC,AA,TT,CC,AA,CC,CC,AA,TT,AA,AT,CG,CT,CC,GG,AA,AA,AA,CC,GG,CC,CC,AA,AA,GG,TT,GG,AC,GG,CC,AG,CC,TT,TT,TT,CC,AA,NN,TT,AT,TT,CG,CC,AG,CT,CC,CC,CG,CC,AA,GG,AG,CC,TT,CC,GG,TT,CG,TT,AA,AA,TT,CC,GG,AA,NN,CC,GG,GG,AC,GG,TT,AC,AA,CC,NN,AT,CC,AA,TT,GT,TT,AT,AA,CG,GG,AA,CG,TT,TT,AA,GG,AG,TT,AA,TT,CC,TT,AC,CC,TT,GG,NN,CG,AG,AA,TT,TT,GT,GG,TT,AA,AC,NN,GG,CC,CG,GG,CG,GT,TT,AA,CC,TT,GG,CC,CC,AA,GG,CC,AT,CC,AT,AA,CC,CG,CC,TT,AA,GG,AA,AA,AA,AA,GG,AA,AG,AA,TT,GG,AA,AA,AC,AA,CT,AA,AA,GG,GG,GG,TT,AA,AA,TT,TT,TT,AA,TT,GG,GG,AC,4.13,Moderate,Medium,Premium,Late
L0229,Bengaluru Rural,Karnataka,Kharif,Red Sandy Loam,Rainfed,720,26.0,70,AA,TT,AG,GG,GG,CC,GG,TT,CC,CC,AA,CC,GG,TT,TT,GG,GG,TT,TT,AA,CG,GT,GT,CC,AT,CC,GT,TT,GT,NN,TT,CT,AA,CC,AG,CG,GG,CG,GG,CC,TT,CT,AA,TT,AG,GG,TT,TT,CC,AC,GT,AT,AA,GG,CT,NN,AA,AA,TT,AA,AA,GT,AT,AA,CT,TT,CC,GG,TT,GG,AG,GG,CC,AA,AG,AC,AA,GG,TT,TT,AG,GT,GG,CC,AT,AG,GG,AA,CC,TT,AC,TT,CC,TT,GG,GG,TT,CC,GT,CC,CC,CG,AG,AG,TT,TT,CG,AA,AG,AA,CC,GG,GT,CG,TT,AA,AA,TT,CC,GG,CC,GG,CC,GG,CT,AA,CC,CC,CC,CC,AA,TT,CC,AA,CC,CC,AA,TT,AA,AA,GG,CC,CC,GG,AA,AA,AT,CC,GG,CC,CG,AA,AA,GG,TT,GG,AA,TT,TT,GG,CC,TT,TT,TT,CC,TT,TT,TT,AT,TT,GG,CC,AG,CT,CC,CC,CC,CC,AA,GG,AG,CC,GT,CC,GT,TT,CG,TT,AA,AA,TT,AA,GG,AA,CC,CC,GG,GG,AC,GG,TT,AA,AG,CC,GG,AA,CC,AA,TT,GG,GT,TT,AT,CG,GT,AA,NN,TT,GT,AA,GG,AA,CT,AA,TT,CC,CT,AC,AC,CC,CG,AA,CC,AG,AC,TT,TT,GT,GG,TT,AC,CC,AG,GT,CC,CG,GG,CC,NN,TT,AA,CC,NN,GG,CC,CG,AA,GG,CC,AA,CC,AT,AA,AA,CG,CC,TT,AA,CG,AA,AA,AA,AA,AG,AG,AG,AA,TT,GG,AA,AG,AC,AC,CT,AA,AA,CG,GG,GG,TT,AA,AG,GT,TT,TT,AA,AT,GG,NN,AA,1.89,Susceptible,Medium,Premium,Early
L0230,Bengaluru Rural,Karnataka,Kharif,Red Sandy Loam,Rainfed,720,26.0,70,AA,TT,GG,AG,GG,CC,GT,TT,CC,CC,AA,CT,CG,TT,TT,GG,CC,TT,TT,AA,CC,TT,TT,CT,TT,CC,TT,TT,GT,AA,TT,CT,AA,CC,GG,GG,GG,CG,GG,CC,TT,CT,AC,TT,AA,AG,TT,AT,CG,AC,GT,AA,AA,NN,CC,GT,AA,AA,GT,AC,AG,NN,AT,AA,CT,AT,CC,GG,TT,GG,AG,GG,CC,AG,GG,AA,AT,GG,TT,TT,GG,GG,GG,CC,AA,AG,AA,AT,CG,GT,CC,TT,CC,TT,TT,GG,CT,AC,TT,CC,CT,CC,AA,AA,TT,TT,CC,AG,AG,AC,CT,GG,TT,CC,TT,AA,AA,TT,NN,GG,CG,GG,CC,GT,CT,AA,CT,CC,AC,CC,AA,TT,CC,AA,CC,CT,AA,TT,AA,AA,GG,CT,CC,AG,AA,AA,AA,CC,GT,CC,CC,AG,AG,AG,GT,GG,AA,TT,CT,GG,CC,TT,GT,TT,CC,NN,GT,TT,NN,AT,GG,CG,AA,CC,AC,CC,GG,CC,AA,GG,AG,CC,TT,CC,GT,TT,GG,NN,AA,AA,TT,CC,GG,AA,CC,CC,GG,GG,AA,GG,TT,NN,AA,CC,GG,AA,AC,AA,AT,GG,GT,AA,AA,CG,GG,AT,CC,AT,TT,AA,GG,AA,CT,AA,TT,CC,CT,AC,CC,CT,GG,AA,GG,AG,AC,TT,CC,GT,GG,TT,AA,CC,AA,GT,CC,CC,GG,CC,GG,AT,AA,CC,NN,GG,CC,CC,AA,AG,CG,AA,CG,AT,AA,AA,CG,AC,TT,AA,GG,AA,AA,AA,AC,AG,AG,AA,AG,TT,GG,AC,AA,CC,AC,TT,AG,AG,GG,GG,GG,TT,AT,NN,TT,TT,TT,AA,TT,GG,CG,AA,4.5,Susceptible,Low,Standard,Late
L0231,Bengaluru Rural,Karnataka,Kharif,Red Sandy Loam,Rainfed,720,26.0,70,AA,NN,GG,AA,GG,CC,GG,TT,CG,CC,AA,CC,CC,AT,GT,TT,GG,TT,TT,AG,CC,TT,GT,CT,TT,CC,TT,TT,GG,AA,TT,CT,AA,CC,GG,GG,GG,CG,GG,CC,TT,TT,AA,GG,AA,GG,TT,NN,CC,CC,GG,AT,AA,GG,NN,GT,AA,AC,TT,AC,AA,TT,TT,AA,TT,AT,CC,GG,TT,GG,AA,GG,CC,AA,GG,AA,AT,NN,TT,TT,GG,GT,GG,CC,AA,GG,AA,AA,CC,GG,CC,TT,CC,TT,GT,AG,CT,CC,TT,CC,CC,CG,AA,AA,AT,TT,CG,AA,AA,AA,CC,GG,TT,CG,NN,AA,AA,TT,CC,AG,CC,GG,CC,GG,NN,AA,CC,CC,CC,CC,AA,TT,AC,AA,CC,NN,AA,AT,AG,AA,CG,CC,CC,GG,AA,AA,AA,CC,GG,CC,CC,AA,AA,AA,GT,GG,CC,TT,TT,GG,CC,TT,GT,TT,CG,AT,TT,CT,AA,AT,CG,CC,AA,CT,CC,CC,GG,CC,AA,GG,AA,CC,TT,CC,GT,TT,GG,AA,AA,AG,TT,CC,CG,AA,CC,CC,GG,GG,AC,GG,TT,AA,AA,CC,GG,AT,CC,AA,AT,GT,TT,AT,AT,GG,GT,AT,CC,TT,TT,AA,GG,AA,CT,AC,TT,CC,CT,AA,NN,TT,GG,GG,CC,AG,CC,TT,TT,GT,NN,TT,AC,CC,AA,GG,CC,GG,GG,CG,GG,AT,AA,CC,TT,GG,CG,CG,AT,GG,CG,AT,CG,AA,AA,AC,GG,AA,TT,AA,CC,AA,AA,AA,AA,GG,AG,AA,AA,AT,GG,CC,AA,AC,AC,TT,AG,AA,GG,GG,GG,TT,AT,AA,TT,TT,TT,AG,AT,GG,GG,AA,5.87,Susceptible,Medium,Premium,Late
L0232,Bengaluru Rural,Karnataka,Kharif,Red Sandy Loam,Rainfed,720,26.0,70,AA,TT,GG,AA,GG,CC,GG,AT,CC,CG,AA,CC,NN,TT,GT,GT,GG,TT,TT,AA,CC,TT,GT,CC,TT,CC,TT,TT,GG,AA,TT,CC,AA,CC,GG,GG,GG,CG,GG,CC,TT,CC,AA,TT,AA,GG,TT,TT,CC,CC,GT,AA,AA,GG,CC,NN,AT,AA,GG,AA,NN,GT,TT,AA,TT,AT,CT,GG,NN,GG,AA,GG,CC,AA,GG,CC,AA,NN,TT,TT,GG,GT,GG,CC,AT,AG,AA,AA,CG,TT,CC,TT,CC,TT,GT,GG,TT,AC,GT,CC,CC,CC,AA,AA,TT,TT,CC,GG,GG,AA,CT,GG,TT,CG,TT,AA,AA,TT,CG,GG,CG,GG,CC,GG,TT,AA,CC,CC,AC,CC,AA,TT,AC,AC,CC,CC,AA,AT,AA,AT,CG,CC,CC,GG,AG,AG,AA,CC,GT,CC,CC,AA,AA,GG,TT,GG,AC,TT,TT,GG,AC,TT,TT,TT,CC,AT,TT,TT,AA,NN,GG,CC,AA,CT,AC,CC,GG,AC,AA,GG,AA,CC,TT,CC,GT,TT,GG,AT,AA,AA,TT,CC,GG,AA,CC,CC,GG,GG,AA,GG,TT,AA,AA,CC,GG,AA,CC,AT,AT,GT,TT,TT,TT,CG,GT,AA,CG,TT,GT,AA,GG,AA,CT,AA,TT,CC,TT,AA,AC,TT,CG,AA,CC,AA,CC,TT,CT,TT,GG,TT,AC,AC,AG,GG,CC,CC,GG,CG,GG,TT,AA,CC,TT,AG,CC,CC,AA,AG,CC,AA,CC,AT,AA,AC,CC,CC,TT,AA,GG,AA,AC,AA,AA,GG,AG,AG,AA,AT,CG,AC,AA,CC,AA,TT,AA,AG,GG,GG,GG,TT,AA,AA,GT,TT,TT,AG,TT,GG,GG,AA,3.17,Moderate,Medium,Poor,Late
L0233,Bengaluru Rural,Karnataka,Kharif,Red Sandy Loam,Rainfed,720,26.0,70,AC,TT,AG,AG,GG,CG,GG,AT,CC,GG,AA,CC,CC,AT,TT,GG,CG,TT,TT,AA,CC,GT,GG,CC,TT,CC,NN,TT,GG,AA,TT,CC,AA,CC,GG,GG,GG,CC,GG,CC,TT,CT,AA,TT,AA,GG,CT,TT,CC,CC,GG,AA,AG,GG,CC,TT,AA,AA,GT,AA,AA,TT,TT,AG,CT,AT,CT,GT,TT,GT,AA,GG,CC,AA,AA,AC,AT,GG,NN,TT,GG,GT,GT,CC,AA,NN,AA,AT,CC,TT,AC,TT,CC,AT,TT,GG,TT,CC,GG,CC,CC,CG,AG,AA,TT,TT,CC,AA,AA,AC,CT,NN,TT,CC,GT,AA,AC,TT,CC,AG,CC,GG,CC,GG,CT,AA,CT,CC,CC,CC,AA,TT,AC,AA,CC,CT,AA,TT,AA,AA,GG,CC,CC,GG,AA,GG,AA,CC,GG,CC,CC,AG,AG,AG,TT,GG,AA,TT,CT,GG,CC,GT,TT,TT,CC,AA,TT,TT,AA,TT,GG,CC,AA,CT,CC,CC,GG,AC,AA,GG,AG,CC,TT,CC,GT,GT,GG,TT,AA,AA,TT,AC,GG,AA,CC,CG,CG,GG,AC,GG,TT,AA,AA,CG,GG,AA,AC,AA,AA,GG,TT,AT,AT,GG,TT,AT,CG,AT,TT,AA,AG,AA,CT,AA,TT,CC,NN,AA,CC,CT,CG,AG,CC,NN,CC,TT,TT,NN,GG,NN,AA,AC,AA,GG,CC,NN,GG,CG,GG,AA,AG,CC,TT,GG,CC,CG,NN,GG,CC,AA,CG,AA,AA,AC,CC,CC,TT,AA,GG,AA,AA,AA,AA,AG,GG,AG,AG,TT,NN,AA,AA,AC,AC,TT,AA,NN,GG,GG,NN,TT,AT,AG,GT,TT,AT,AA,TT,GG,GG,AA,3.51,Moderate,High,Standard,Late
L0234,Bengaluru Rural,Karnataka,Kharif,Red Sandy Loam,Rainfed,720,26.0,70,AA,TT,GG,AG,CG,CC,GG,TT,CC,GG,AA,CC,CG,TT,TT,GG,CG,TT,TT,AA,CC,TT,GT,CC,TT,CT,TT,TT,GG,AA,TT,CC,AA,CC,GG,GG,GG,CC,GG,AC,TT,TT,AA,TT,AG,GG,TT,AT,CC,AC,GG,AT,AA,GG,CC,NN,AA,AA,GG,AA,GG,TT,AA,NN,TT,TT,CC,GG,TT,GG,AG,GG,CC,AA,AG,AA,AT,GG,GT,TT,GG,GG,GG,CC,AA,GG,AA,AA,CC,NN,AC,GT,CC,TT,GT,GG,CT,CC,TT,CC,CC,CC,GG,AA,AT,TT,CC,AA,AA,AA,CC,GG,TT,CC,TT,AA,AA,TT,CG,AG,CC,AG,CT,GT,TT,AA,CC,NN,CC,CC,AG,GT,CC,AA,CC,CT,AA,TT,AA,AA,GG,CT,CC,GG,AG,AG,AA,CC,GG,CC,CC,AA,GG,GG,GG,AG,AA,TT,CT,GG,NN,GT,GT,TT,CG,AA,GT,TT,NN,TT,GG,CC,AA,CT,CC,CC,GG,CC,AA,GG,AA,CC,TT,CC,GG,GT,CG,AT,AA,AG,TT,CC,CG,AA,AC,CC,GG,GG,AA,GG,TT,NN,AA,CG,GG,AA,CC,AA,AT,GT,GT,TT,AA,GG,GT,AA,CC,AT,TT,AA,GG,AA,CT,AA,TT,CC,TT,AA,CC,TT,CG,GG,CG,AG,CC,TT,CT,GT,GG,TT,AC,AC,AG,GG,CC,CC,CG,CC,GG,TT,AA,CG,GT,GG,CC,CC,AA,GG,CC,TT,CC,AA,AA,CC,CC,CC,TT,AA,GG,AA,AA,AC,AA,GG,AG,AG,AA,TT,CG,AA,AA,CC,AC,CC,AA,AA,GG,GG,GG,TT,AA,AA,TT,TT,TT,AA,AT,NN,GG,AA,3.68,Susceptible,Medium,Premium,Early
L0235,Bengaluru Rural,Karnataka,Kharif,Red Sandy Loam,Rainfed,720,26.0,70,AC,TT,AG,AA,GG,NN,GT,TT,CC,CC,AA,CC,CG,TT,TT,GG,CG,TT,AT,AA,CC,TT,GT,CC,TT,CT,TT,TT,GT,AA,CT,CC,AA,CC,AG,CG,GT,CG,GG,CC,TT,CT,AA,TT,AG,GG,TT,TT,CC,AC,GT,AA,AG,GG,CT,TT,AA,AA,GT,AC,NN,TT,AT,AG,CC,AT,CC,GG,TT,GT,AA,GG,CC,AA,AG,AC,AT,GG,TT,TT,GG,GT,GT,CC,AA,GG,NN,AA,CC,GT,AC,GT,CC,TT,GT,GG,TT,CC,TT,CC,CC,CG,GG,AA,TT,NN,CC,AA,AG,AA,CT,GG,TT,CC,TT,AA,AA,TT,CG,GG,CC,AG,CC,GG,TT,AA,CT,CC,CC,CC,AA,TT,CC,AA,CC,CC,AG,AT,AA,AA,GG,CC,CC,GG,AA,AA,AA,AC,GG,CC,CC,AA,AA,GG,TT,GG,AC,TT,CT,GG,CC,TT,GT,CT,CC,AA,TT,TT,AA,NN,CG,CC,NN,CC,CC,CC,CG,CC,AA,GG,AA,CC,TT,CG,GG,TT,CG,AA,AA,AG,TT,AC,GG,AA,AC,CC,GG,GG,AC,GG,TT,AA,AA,CC,GG,AT,AC,AA,AT,GG,TT,AT,AA,CG,TT,AA,CC,TT,GT,AA,GG,NN,TT,AA,TT,NN,CT,AA,CC,TT,GG,AA,CG,AA,AC,TT,TT,GT,GG,TT,AA,AC,AA,GT,CC,NN,GG,CC,GG,AT,AA,CG,TT,GG,CC,CC,NN,AG,GG,AT,CC,AA,AA,CC,CC,AA,TT,AA,GG,AA,AA,AC,AA,AA,GG,AA,AA,AT,GG,AA,AG,CC,AC,CC,AG,AG,GG,AG,GG,GT,AA,AG,TT,NN,TT,AA,AT,GG,GG,AA,4.05,Susceptible,High,Premium,Late
L0236,Bengaluru Rural,Karnataka,Kharif,Red Sandy Loam,Rainfed,720,26.0,70,AC,TT,GG,AG,CG,CC,GG,TT,CC,NN,AA,CC,CG,TT,TT,GT,GG,TT,AT,AG,CC,TT,GT,TT,TT,CC,TT,TT,GG,AA,TT,CT,AA,CC,GG,CG,GG,CG,GG,CC,TT,TT,AA,TT,AA,GG,TT,TT,CC,AC,GG,AA,AA,GG,CC,TT,AA,AA,TT,AA,AA,TT,AT,AA,TT,TT,CC,GG,TT,GG,AA,GG,CC,AA,GG,AA,TT,GG,TT,NN,GG,GG,GG,CC,AT,GG,AA,AT,CG,GT,AC,TT,CT,TT,GT,GG,TT,CC,GT,CC,CC,CC,AA,NN,AT,TT,CC,AG,GG,AA,CC,GG,TT,CG,TT,AA,AA,AT,CC,GG,CG,GG,CC,GT,TT,GG,CC,CC,CC,CC,AA,GT,CC,AC,CC,CT,AA,AT,AG,AT,CG,CT,CC,GG,AG,AG,AT,CC,GG,CC,CC,AA,AA,GG,TT,GG,AC,TT,CT,GG,CC,TT,GT,TT,CC,AT,TT,TT,AA,AT,GG,CC,AG,CC,CC,CC,GG,CC,AA,GG,AA,CC,TT,CC,TT,GT,GG,TT,AA,AA,TT,CC,GG,AC,CC,CC,GG,GG,AC,GG,CT,AC,AA,CG,GG,AA,CC,AA,AA,GT,TT,TT,AT,CC,GT,AT,CG,TT,TT,AA,GG,AA,TT,AC,AT,CC,TT,AA,CC,TT,GG,GG,NN,AG,CC,TT,CT,TT,GG,TT,AA,AC,AA,GG,CC,CG,GG,CC,GG,AT,AA,CC,GT,GG,CC,CC,AA,GG,CG,AA,CC,AA,AA,CC,CG,CC,TT,AA,GG,AA,AA,AC,AC,AG,AG,AA,AA,TT,GG,AA,AA,AC,AA,CT,AA,AA,GG,GG,GG,TT,AT,AA,TT,TT,TT,AA,AT,GG,GG,AA,3.25,Susceptible,Low,Premium,Medium
L0237,Bengaluru Rural,Karnataka,Kharif,Red Sandy Loam,Rainfed,720,26.0,70,AC,TT,GG,AG,GG,CC,GG,TT,CC,CG,AA,CC,CG,TT,TT,GG,GG,TT,TT,AG,CC,GT,GT,CC,TT,CC,TT,AT,GG,AA,TT,CT,AA,CC,GG,GG,GT,CC,GG,CC,TT,TT,AA,TT,AA,GG,TT,AA,CC,CC,GT,AA,AA,GG,CC,GT,AA,AA,GG,AC,AA,TT,TT,AG,CT,AA,CC,GG,TT,GT,AG,GG,CC,AA,AG,AA,AA,GG,TT,TT,GG,GG,GG,CC,AT,GG,AA,AA,CC,GG,CC,TT,CT,TT,TT,GG,CT,CC,GT,CC,CT,CG,GG,AA,TT,TT,CC,AA,GG,AC,CT,GG,GT,CC,GT,AC,AA,TT,CG,AG,CC,GG,CC,GG,TT,AA,CC,CC,CC,CC,AA,TT,CC,AA,CC,CC,AA,AT,AA,AA,GG,CC,CC,GG,AG,GG,AA,NN,GG,CC,CG,AA,AG,GG,TT,GG,AA,TT,CC,AG,CC,TT,GT,TT,GG,AT,NN,TT,AA,TT,GG,CC,AA,CT,CC,CC,CG,CC,AA,GG,AG,CC,TT,CC,GG,GT,GG,AT,AA,AA,TT,CC,CG,AA,CC,CC,GG,AG,AA,GG,TT,AA,AA,CG,GG,AA,AC,AT,AA,GG,TT,TT,AA,GG,TT,AA,CC,TT,GT,AA,GG,AA,CT,AA,TT,CC,TT,AA,CC,TT,CG,GG,CC,GG,CC,TT,CC,GT,CG,TT,AC,CC,AA,GT,NN,CG,GG,CC,GG,AT,AA,CC,GT,GG,CC,CG,AT,GG,CC,AT,CC,AA,AA,CC,CG,AC,TT,AA,GG,AA,AC,AA,AA,AG,GG,AA,AA,TT,GG,AA,AA,CC,AA,CT,AG,AA,GG,GG,GG,TT,AT,AA,GT,TT,TT,AA,TT,GG,GG,AA,4.29,Susceptible,Medium,Premium,Late
L0238,Bengaluru Rural,Karnataka,Kharif,Red Sandy Loam,Rainfed,720,26.0,70,AC,TT,GG,AG,GG,CC,GG,TT,CC,CG,AA,CC,CG,AT,TT,GG,GG,TT,TT,AG,CC,GT,GT,CC,TT,CC,TT,TT,GT,AA,TT,CC,AA,CC,AG,CG,GG,CG,GG,CC,TT,TT,AA,TT,AG,GG,TT,TT,CC,AC,GG,AT,AG,GG,CC,TT,AA,AC,GT,AA,AA,TT,TT,AA,TT,AT,CC,GG,TT,GG,AA,GT,CC,AA,GG,CC,AT,GG,TT,TT,AG,GG,GG,CC,AA,AG,AG,AA,CC,GT,CC,TT,CC,TT,GT,GG,NN,CC,TT,CC,TT,CC,AG,AA,AT,TT,CC,AA,AG,AA,CT,GG,TT,CG,GG,AA,AA,TT,NN,AG,CC,GG,CC,GT,TT,AA,CC,CC,CC,CC,AA,TT,AC,AA,CC,CC,AA,TT,AA,AA,GG,CC,CG,GG,AA,GG,AA,CC,NN,CC,CC,AG,AA,AA,TT,GG,AC,NN,CT,GG,CC,TT,GT,TT,CC,AT,GT,TT,AT,AT,GG,CC,AG,TT,CC,CC,CG,AC,AA,GG,AG,CC,TT,CC,GG,TT,GG,TT,AA,AA,TT,CC,GG,AA,CC,CC,GG,GG,AC,GG,TT,CC,AA,CC,TT,AT,CC,AA,AT,GG,TT,TT,AA,CG,GT,TT,CC,AT,GG,AA,GG,AA,TT,AC,TT,CC,TT,AA,CC,TT,CG,AA,CC,AG,CC,TT,TT,TT,GG,TT,AC,CC,AA,GG,CC,CC,GG,CC,GG,TT,AA,CG,GT,GG,CC,CC,AA,GG,CC,AT,CC,AA,AA,AC,CG,CC,TT,AG,CG,AA,AA,AA,AA,AA,AA,AA,AA,AT,GG,AC,AG,AC,AC,TT,AA,AA,GG,GG,GG,TT,AT,AG,TT,TT,TT,AG,AT,GG,GG,AA,2.09,Susceptible,High,Premium,Medium
L0239,Bengaluru Rural,Karnataka,Kharif,Red Sandy Loam,Rainfed,720,26.0,70,AC,CT,GG,AA,GG,CC,GG,AT,CC,CG,AA,CT,CC,TT,GT,GG,CC,TT,TT,AG,CC,TT,GT,CT,TT,CC,TT,TT,GT,AA,TT,CT,AA,CC,GG,CG,GG,CC,GG,CC,TT,CT,AA,GT,AA,AA,CT,TT,CC,CC,GG,AA,AA,NN,CT,TT,AA,AC,GT,AA,AA,TT,AA,AA,TT,TT,CC,GG,CC,TT,AG,GG,CC,NN,GG,CC,AT,GG,TT,TT,GG,GG,TT,CC,AA,GG,AA,AA,CC,TT,CC,TT,CC,AT,TT,NN,TT,AC,GT,CC,CC,GG,GG,AA,AT,TT,CC,AA,AA,AA,CC,GG,TT,CC,GT,AA,AA,TT,CC,AG,CC,GG,CC,GT,CC,AA,CC,CC,AC,CC,AA,TT,CC,AA,CC,CT,AA,TT,AA,AA,GG,TT,CC,GG,AA,GG,AT,CC,GG,CG,CC,AA,AA,GG,TT,AG,AA,TT,CT,GG,CC,TT,TT,TT,CC,AT,GT,TT,AA,AT,GG,CC,AA,CC,CC,AC,GG,CC,AA,GG,AG,CC,TT,CC,GG,GT,GG,TT,AA,AA,TT,CC,GG,AA,CC,CC,GG,GG,AA,GG,TT,AA,AG,CC,GG,AA,NN,AA,AA,GG,TT,AT,AT,GG,GG,TT,CC,AT,GG,AA,GG,AA,CT,AA,TT,CC,TT,AA,CC,TT,CG,AA,CC,AA,CC,AT,CT,TT,GG,TT,AA,AC,AG,GG,CC,GG,GG,CC,GT,AT,AA,CC,TT,AG,CC,CG,AA,GG,CC,AA,CC,AA,AG,AC,GG,AC,TT,AA,GG,AA,AA,AC,AC,GG,AG,AA,AA,TT,GG,AA,AG,AC,CC,TT,AA,AG,GG,GG,GG,TT,AT,AG,GT,TT,TT,AA,AA,GG,GG,AC,0.4,Resistant,Low,Poor,Late
L0240,Bengaluru Rural,Karnataka,Kharif,Red Sandy Loam,Rainfed,720,26.0,70,AC,TT,GG,AG,GG,CC,NN,AT,CC,CG,AT,TT,CG,AT,TT,GG,GG,TT,TT,AA,CC,TT,TT,CT,AT,CC,TT,AT,GG,AC,TT,CT,AA,CC,GG,CG,GG,CC,GG,CC,TT,TT,AA,GT,AA,GG,TT,TT,CC,AA,GG,AA,AA,GG,CC,TT,AA,AC,GG,AA,AA,TT,TT,GG,CT,TT,CC,GG,TT,GG,AG,GG,AC,AA,GG,AC,AT,GG,TT,TT,GG,GT,GG,CC,AT,GG,AA,AA,CG,TT,CC,TT,CC,TT,TT,GG,CT,CC,GT,CT,CC,CC,GG,AA,AT,TT,CC,AA,AG,AC,CC,GG,TT,CC,GT,AC,AA,TT,CC,AA,CC,GG,CC,GT,TT,AA,CC,CC,CC,CC,AG,TT,AC,AA,CC,CT,AA,TT,AG,AA,GG,CC,NN,GG,AA,AG,AA,CC,GT,CC,CC,AA,AA,GG,GT,GG,AA,GT,CC,GG,CC,TT,TT,TT,CC,AT,GG,CT,AT,TT,GG,CC,AA,CT,CC,CC,GG,CC,AA,GG,AA,CC,TT,CG,GG,TT,CG,AT,AA,AA,GT,CC,CG,AA,CC,CC,GG,GG,AC,GG,TT,AA,AA,CC,GG,AT,CC,AA,AA,GG,TT,AT,NN,CG,GG,TT,CC,AT,GT,AA,GG,AA,TT,AA,TT,CC,TT,AC,CC,CT,GG,AA,CC,AG,CC,TT,TT,GT,GG,TT,AA,CC,AA,GG,CC,CG,CG,CC,GG,TT,AA,CC,GT,GG,CC,CG,AT,GG,CG,AT,CG,AA,AA,CC,CG,AC,TT,AA,GG,AT,AA,AA,AA,AA,GG,AG,AA,TT,GG,AA,AG,AC,AA,CC,AA,NN,GG,GG,GG,TT,AA,AG,TT,TT,TT,AG,TT,GG,GG,AA,5.84,Susceptible,High,Premium,Early
L0241,Bengaluru Rural,Karnataka,Kharif,Red Sandy Loam,Rainfed,720,26.0,70,AA,TT,GG,AA,GG,CC,GG,AT,CC,CC,AA,CC,CC,TT,TT,GG,GG,TT,AT,AA,CG,TT,GT,CC,TT,CC,TT,TT,GG,AA,TT,TT,AA,CC,GG,GG,GG,GG,GG,AC,TT,CT,AA,TT,AG,AG,TT,TT,CG,AA,GG,AA,AA,CG,CC,TT,AA,AC,GT,AA,AA,TT,TT,AA,TT,AT,CC,GG,TT,GT,AG,GG,CC,AA,GG,AC,AT,GG,TT,TT,GG,GG,GG,CC,AA,GG,AA,AT,CC,GG,CC,TT,CC,AT,GT,AG,CT,CC,TT,CC,CT,CC,AG,AA,TT,TT,CC,AA,AA,AA,CC,GG,TT,CC,NN,AC,AA,TT,GG,GG,CG,GG,CT,GT,TT,AA,CC,CC,CC,CG,AA,TT,CC,AA,CC,CT,AG,AT,AG,AA,GG,TT,CC,GG,AA,AA,AA,CC,GG,CC,CG,AA,GG,AG,TT,GG,AC,GT,CT,GG,CC,GT,TT,TT,CC,AA,TT,TT,AA,TT,GG,CC,AA,CT,CC,CC,GG,CC,AA,GG,AA,CC,TT,CC,GG,GT,CG,TT,AA,AA,TT,CC,GG,CC,CC,CC,GG,GG,AA,GG,TT,AC,AA,CC,GG,AT,CC,AA,AT,GT,TT,AT,AT,CG,GG,NN,CC,TT,TT,AA,GG,AG,CT,AA,TT,CC,TT,AA,CC,TT,GG,AA,CC,GG,CC,TT,TT,TT,GG,TT,AC,AC,AA,GG,CC,CC,GG,CG,GG,TT,AA,CC,TT,AG,GG,CC,NN,GG,CC,AT,CG,AA,AA,AC,CC,CC,TT,AA,GG,AA,AA,CC,AA,AG,AG,AA,AA,NN,GG,AC,GG,NN,AA,CT,AA,AA,GG,AG,GG,TT,AA,AG,TT,NN,AT,GG,AT,CG,GG,AA,6.9,Susceptible,High,Standard,Late
L0242,Bengaluru Rural,Karnataka,Kharif,Red Sandy Loam,Rainfed,720,26.0,70,AC,TT,GG,AA,GG,CG,GG,TT,CC,CG,AT,CC,CG,TT,GT,GT,GG,TT,TT,AA,CC,TT,GT,CC,TT,CC,TT,TT,GG,AA,TT,CC,AA,AC,GG,GG,GG,CG,GG,CC,TT,TT,AA,TT,AA,AG,TT,TT,CC,AC,GG,AT,AG,GG,CC,TT,AA,AA,GG,AA,AA,TT,AT,GG,CT,TT,CC,GG,TT,GT,AA,GG,CC,AA,AG,AA,AT,GG,GT,TT,GG,GG,GG,CC,AA,GG,AA,AA,CC,GG,CC,TT,TT,TT,TT,GG,CT,CC,TT,CC,CT,CC,AG,AA,TT,GT,CC,AA,AG,AA,CC,GG,TT,CC,TT,AA,AC,TT,CG,GG,CC,AA,CC,GG,TT,AA,CC,CC,CC,NN,AA,GT,CC,AA,CC,CC,AA,TT,AA,AA,GG,CC,CC,GG,AA,GG,AA,AC,GG,CC,CC,AG,AA,GG,TT,GG,AA,TT,CT,AG,CC,TT,TT,CT,CC,AA,GT,TT,AA,AT,GG,CC,AA,CC,CC,AC,GG,CC,AA,GG,AG,CC,TT,CC,GT,GT,GG,AT,AA,AA,TT,NN,GG,AA,AC,CG,GG,GG,CC,GG,TT,AC,AA,CC,GT,AA,AA,AA,AA,GG,TT,AT,AT,GG,GT,AA,CG,AT,GT,AA,GG,AG,CT,AA,NN,CC,CT,AA,CC,NN,GG,AA,CC,AG,AC,AT,NN,TT,GG,TT,AA,AA,AA,GG,CC,CG,GG,CC,GG,AT,AA,CC,TT,GG,CC,CG,AA,GG,CC,AA,CC,AA,AA,NN,CC,CC,TT,AA,GG,AA,AA,AC,AC,AG,AA,AG,AA,TT,CG,CC,AG,AA,AC,CT,AA,AA,GG,GG,GG,TT,AA,AA,TT,TT,TT,AG,AT,GG,GG,AA,3.18,Susceptible,Medium,Standard,Early
L0243,Bengaluru Rural,Karnataka,Kharif,Red Sandy Loam,Rainfed,720,26.0,70,AC,TT,GG,AG,GG,CC,GG,TT,CC,CG,TT,CC,CC,TT,TT,GG,CG,TT,TT,AG,CC,TT,TT,CT,TT,CC,TT,TT,GG,AA,TT,CC,AA,CC,GG,CG,GG,CC,GT,CC,TT,TT,AA,TT,AA,GG,CT,AT,NN,AA,GT,AT,AA,GG,CC,TT,AA,CC,GT,AA,AA,TT,TT,AG,TT,TT,CC,GG,TT,GT,AA,GG,CC,AA,GG,AC,TT,GG,TT,TT,NN,GG,GG,CC,AA,GG,AG,AA,CC,TT,AC,TT,CC,TT,TT,GG,TT,CC,TT,CC,CT,CC,GG,AG,AT,TT,CC,AG,AG,AA,CC,GG,GT,CG,TT,AA,AA,TT,CG,GG,CC,GG,CT,GT,TT,AG,CC,CC,AC,CC,AA,TT,CC,AA,AC,CC,AA,AT,AA,AA,GG,CC,CC,GG,AA,AG,AA,CC,GG,CC,CC,AG,AG,GG,GT,GG,AA,TT,TT,AG,AC,GT,GT,CC,CC,AA,GT,TT,AT,NN,GG,CC,AG,CC,CC,CC,CG,AC,AA,GG,AA,CC,TT,CG,GT,GT,CG,TT,AA,AG,TT,CC,GG,AA,AC,CC,GG,GG,AC,CG,TT,AA,AA,NN,GG,AA,AC,AA,AA,GG,TT,TT,AT,CG,GT,AT,CC,AA,GT,AA,GG,AA,TT,AA,TT,CC,CT,AC,CC,CT,GG,AA,CC,AG,CC,TT,TT,TT,GG,AT,AA,CC,AG,GG,CC,CG,GG,CG,GG,AT,AG,CC,TT,GG,CG,CC,AA,GG,GG,AT,CC,AA,AA,CC,CC,CC,AT,AA,GG,AA,AA,AC,AC,GG,AA,AG,AA,TT,CG,AC,AG,AA,AA,CT,NN,AA,CG,GG,GG,TT,AA,AA,GT,TT,TT,AG,AT,GG,GG,AA,3.29,Susceptible,Low,Premium,Late
L0244,Bengaluru Rural,Karnataka,Kharif,Red Sandy Loam,Rainfed,720,26.0,70,AA,TT,GG,AG,GG,CC,GG,TT,CC,CC,AA,CT,CG,AT,TT,GT,GG,TT,TT,AA,CC,GT,GT,CC,TT,CC,TT,TT,GT,AA,CT,NN,AA,CC,GG,GG,GG,CC,GG,AC,GT,TT,AC,TT,AA,GG,TT,AT,CC,AC,GG,AT,AA,GG,CT,GT,AA,AC,GT,AC,AG,TT,TT,AA,TT,TT,CT,GG,TT,GG,AG,GG,CC,AA,AA,AA,AA,GG,TT,TT,GG,GG,GG,CC,AA,GG,AA,AT,CC,TT,CC,TT,CT,TT,TT,GG,CT,CC,TT,CC,CT,CC,AG,AA,TT,TT,CC,AA,AG,AC,CT,GG,TT,CG,TT,CC,AA,TT,CC,NN,CG,GG,CC,NN,TT,AG,CC,CC,CC,CC,AA,TT,AC,AA,CC,CC,AA,TT,AA,AA,GG,CC,CC,GG,AA,AG,AA,CC,GG,CC,CG,AA,AA,GG,TT,GG,AC,TT,CT,GG,CC,GT,TT,CT,CC,TT,GT,TT,AT,TT,GG,CC,AA,TT,CC,CC,CG,CC,AA,GG,GG,AC,TT,CC,GT,TT,GG,AT,AA,AG,TT,CC,CG,AA,AC,CC,GG,GG,CC,GG,TT,AA,AA,CC,GT,AT,CC,TT,AA,GG,GT,AA,AT,GG,GG,AA,CC,AT,GT,AA,GG,NN,TT,AA,TT,CC,TT,AA,AC,TT,GG,AG,CC,AG,CC,TT,CT,GT,GG,TT,AA,AC,AG,GG,CC,CC,GG,CC,GG,AT,AA,CC,NN,AG,CC,CC,AA,AG,CC,AT,CC,AT,AA,CC,CG,AC,TT,AA,GG,AA,AA,AC,AC,AA,AG,AA,AA,TT,CG,AC,AA,AC,AC,TT,AG,AA,GG,GG,CG,TT,AT,AA,GT,TT,TT,AA,TT,GG,GG,AA,5.37,Resistant,High,Premium,Early
L0245,Bengaluru Rural,Karnataka,Kharif,Red Sandy Loam,Rainfed,720,26.0,70,AA,TT,GG,AA,GG,CC,GT,AT,CC,GG,AA,CC,CG,TT,TT,GG,CG,AT,TT,AA,CC,TT,TT,CC,TT,CC,TT,TT,GG,AA,CT,CT,AG,CC,GG,GG,GG,CG,GG,CC,TT,CT,AA,GT,AA,NN,TT,TT,CC,AC,GT,AT,AA,GG,CT,GG,AA,AC,GG,AC,AA,GT,TT,AG,TT,AT,CC,GG,NN,GT,AA,GG,CC,AA,AG,AA,AT,GG,TT,NN,AG,GG,GG,CC,AT,GG,AG,AT,CG,TT,AC,TT,CC,AT,GT,GG,CT,CC,GT,CC,CT,CC,AG,AA,AT,TT,CC,AG,AA,AA,CT,GG,TT,CC,TT,AA,AA,TT,CC,GG,CG,GG,CC,GG,TT,AA,CT,CC,CC,CC,AA,TT,CC,AA,CC,CT,AG,TT,AG,NN,GG,CT,CG,NN,AA,AG,AA,CC,GG,CC,CC,AA,AG,GG,TT,GG,AC,GT,TT,AG,AC,TT,TT,CT,CG,AA,GT,TT,AT,TT,GG,CC,AG,CC,CC,CC,GG,CC,AA,GG,NN,CC,TT,CC,GT,TT,GG,AT,AA,AA,TT,CC,CG,AA,CC,CC,GG,GG,AA,GG,TT,AA,AA,CC,GG,AA,CC,AA,AT,GG,TT,AT,AA,GG,NN,AA,CC,AA,TT,AT,GG,AA,CT,AA,TT,CC,CT,AC,AC,CT,GG,AG,CC,GG,CC,TT,TT,GT,NN,TT,AC,AA,AG,GG,CC,CC,CG,CC,GG,AT,GG,CG,GT,GG,CC,GG,AA,AA,CC,TT,CC,AA,AA,AC,GG,CC,TT,AA,GG,AA,AC,AA,AA,GG,AG,AA,AA,TT,GG,AC,AG,AC,AA,CC,AA,AA,GG,GG,GG,TT,AA,AA,GG,TT,TT,AA,TT,GG,GG,AA,4.98,Susceptible,Medium,Standard,Medium
L0246,Bengaluru Rural,Karnataka,Kharif,Red Sandy Loam,Rainfed,720,26.0,70,AA,CC,GG,GG,GG,CC,GG,TT,CC,CG,AA,CT,NN,TT,TT,GT,GG,TT,AT,AG,CC,TT,GT,CT,TT,CC,GT,TT,GG,AA,TT,CT,AA,CC,GG,GG,GG,GG,GG,CC,GT,TT,AA,GT,AA,AG,TT,AT,CC,AC,GG,AA,AA,GG,CT,TT,AA,AA,TT,AC,AA,TT,TT,GG,CT,TT,CC,GG,TT,GT,AG,GG,AC,AG,AG,AC,AA,GG,TT,TT,GG,GG,GG,CC,AA,GG,AA,AT,CC,TT,CC,GT,NN,TT,TT,GG,TT,CC,TT,CC,CT,CC,AA,AA,TT,TT,CG,AA,AG,AA,TT,GG,TT,CC,TT,AA,AA,TT,CG,GG,CG,GG,CC,GT,TT,AG,CT,CC,CC,CC,AA,TT,CC,AA,CC,CC,AA,AT,AA,AA,GG,CC,CC,GG,AG,AA,AA,CC,GT,CC,CC,AA,AG,GG,TT,GG,CC,GG,NN,AG,AA,GT,TT,TT,CC,AA,GT,CT,AA,TT,GG,CC,AG,CT,CC,CC,CG,AC,AA,GG,AA,CC,TT,CG,TT,TT,GG,AA,AA,AG,TT,CC,GG,AC,AC,CC,GG,GG,AC,GG,TT,AC,AA,CC,GG,AA,AC,AA,AA,GG,TT,AT,AA,CG,TT,AT,CG,TT,GG,AA,GG,AA,NN,AA,TT,CC,CC,AA,CC,CC,CG,AA,CC,GG,CC,TT,TT,TT,GG,TT,AA,CC,AA,GG,CC,CC,GG,CC,GG,AT,AA,CG,TT,GG,CC,GG,AA,GG,CC,AT,CC,AA,AA,CC,CG,AC,TT,AA,GG,AA,AC,AA,AA,GG,AA,AA,AA,TT,GG,AA,AG,AC,AC,TT,AA,AA,GG,NN,GG,TT,AA,AA,TT,TT,TT,AG,TT,GG,GG,AA,5.27,Resistant,High,Poor,Early
L0247,Bengaluru Rural,Karnataka,Kharif,Red Sandy Loam,Rainfed,720,26.0,70,AC,TT,GG,AA,GG,CC,NN,TT,CC,GG,AA,CC,CC,AT,TT,GG,GG,TT,TT,AA,CC,TT,GT,CC,TT,CC,TT,TT,GG,AA,TT,CT,AA,CC,GG,GG,GG,CC,GG,CC,TT,TT,AC,TT,AA,AG,TT,TT,CC,CC,GG,AA,AG,GG,CT,TT,AA,AC,GT,AA,AA,TT,AT,NN,TT,TT,CC,GG,TT,GT,AA,GG,CC,AA,GG,AA,AA,GG,TT,TT,GG,GT,GT,CC,AA,GG,AA,AA,CC,TT,CC,TT,CC,TT,NN,GG,TT,CC,GT,CC,CC,CG,AG,AA,TT,TT,CC,AA,AG,AA,CT,GG,TT,NN,TT,AA,AA,TT,CC,GG,CC,AG,CT,GG,TT,AA,CC,CC,CC,CC,AA,TT,CC,AA,CC,CC,AA,AT,AA,AA,GG,CC,CC,GG,AG,AA,AT,CC,NN,CC,CC,AA,AA,GG,TT,AG,AA,TT,TT,GG,CC,GG,TT,TT,CG,AT,GT,TT,AA,TT,CG,CC,AA,CT,CC,CC,GG,CC,AA,GG,GG,CC,TT,CC,GG,TT,GG,TT,AA,AA,NN,CC,CC,AA,CC,CC,GG,GG,AC,GG,TT,AA,AA,CC,GG,AA,AC,AA,AT,TT,GT,TT,AA,GG,GG,AA,CC,AT,TT,AA,GG,AA,CT,AA,TT,CG,TT,AC,CC,TT,GG,AG,CC,AG,CC,NN,TT,TT,GG,TT,AA,AC,AG,GG,CC,CG,GG,CC,NN,NN,AA,CC,TT,GG,CC,CC,AA,AG,CC,AT,CC,AA,AA,AC,CC,CC,TT,AA,GG,AA,AC,AA,AA,GG,AG,AA,AA,TT,GG,AC,AA,AC,AC,CT,AA,AA,GG,GG,GG,TT,AT,AG,TT,TT,TT,AA,AT,GG,GG,AA,3.16,Susceptible,High,Standard,Early
L0248,Bengaluru Rural,Karnataka,Kharif,Red Sandy Loam,Rainfed,720,26.0,70,AA,CT,GG,AG,GG,CC,GT,TT,CC,CG,AA,CC,CG,AT,TT,GG,GG,TT,TT,AG,CC,TT,TT,CC,TT,CC,TT,TT,GT,AA,TT,CC,AA,CC,AG,GG,GG,CC,GG,CC,TT,TT,AA,GT,GG,GG,TT,TT,CC,CC,GG,AA,AG,GG,CT,TT,AA,AC,GG,AA,AA,TT,AA,AA,TT,TT,CC,GG,TT,GT,AG,GG,CC,AA,GG,AA,AT,GG,TT,TT,GG,GG,GG,CC,AT,GG,AA,AA,CC,GG,CC,TT,CC,AT,TT,GG,CT,AC,TT,CC,CC,CG,GG,AA,TT,TT,CG,AA,GG,AA,TT,GG,TT,CC,TT,AA,NN,TT,GG,GG,CC,GG,CC,GG,TT,AA,CT,CC,CC,CC,AA,GT,CC,AA,CC,CC,AG,TT,AA,AA,GG,CT,CC,GG,AA,AG,AA,CC,GG,CC,CC,AA,NN,GG,GT,AG,AA,TT,TT,GG,AC,GT,TT,TT,CC,AA,GT,TT,AT,TT,GG,CC,AG,CC,CC,CC,GG,CC,AA,NN,AA,CC,TT,CC,GG,GT,GG,AT,AA,AA,TT,CC,CG,AA,CC,CC,GG,GG,AC,GG,NN,AA,AA,CC,GG,AA,CC,AA,AA,GT,GT,TT,AT,CG,GT,AT,CC,AT,TT,AA,GG,AA,CT,AA,NN,CC,TT,AA,CC,TT,GG,AA,CC,AG,AC,TT,TT,TT,GG,AT,AA,AA,AA,GG,NN,CC,GG,CC,GG,AT,AA,CC,TT,GG,CC,NN,AT,GG,CC,AT,CC,AA,AG,CC,CC,CC,TT,AA,GG,AA,AC,AC,AA,GG,AG,AA,AA,AT,GG,AC,AA,CC,AC,CT,AA,AA,GG,AG,GG,TT,AT,AA,TT,TT,TT,AA,TT,GG,CG,AA,2.82,Moderate,Low,Standard,Early
L0249,Bengaluru Rural,Karnataka,Kharif,Red Sandy Loam,Rainfed,720,26.0,70,AA,TT,GG,GG,GG,CC,GG,AT,CC,CG,AA,CT,CC,TT,TT,GT,GG,TT,TT,AG,CC,TT,TT,CC,TT,CC,TT,TT,GG,AA,TT,CC,AA,CC,GG,GG,GG,CG,GG,AC,TT,CC,AA,TT,AG,GG,TT,TT,CC,AC,GG,AT,AG,GG,CT,GT,AA,AA,GT,AC,AA,TT,TT,AG,TT,AT,CC,GG,TT,GT,AA,GT,CC,AA,AG,AA,AT,GG,GT,TT,GG,GG,GG,CC,AA,GG,AA,AT,CC,TT,CC,TT,NN,TT,NN,GG,TT,CC,GT,CC,TT,CC,GG,GG,AT,TT,CC,AA,AG,AA,CC,NN,TT,CC,TT,AA,AA,TT,CC,AG,CC,GG,CC,GG,TT,AG,CC,CC,CC,CC,AA,GT,CC,AA,CC,CT,AA,TT,AG,AA,GG,CC,NN,GG,AA,AA,AT,CC,GG,CC,CG,AA,AA,GG,TT,GG,AC,GT,TT,GG,CC,GT,GT,CC,CC,AT,TT,TT,AT,TT,GG,CG,AG,CC,AC,CC,CG,CC,AA,GG,AG,CC,TT,CC,GT,TT,GG,AT,AA,AA,TT,CC,GG,AC,AA,CC,GG,GG,AC,GG,TT,AA,AA,CC,GG,AT,CC,AA,AA,GG,TT,AT,TT,GG,TT,AA,CC,TT,GT,AA,GG,AA,CT,AC,TT,CC,CT,AA,CC,TT,CG,AA,CC,AA,CC,TT,CC,TT,GG,TT,AC,CC,AG,GG,CC,GG,GG,CC,GG,TT,AA,CC,GT,GG,CC,CG,AA,AG,CC,AA,CG,AT,AA,CC,CC,AC,TT,AA,GG,AA,AA,AA,CC,AA,AG,AA,AA,TT,CG,NN,AG,CC,AA,CC,AA,AA,GG,GG,GG,GT,AA,AG,TT,NN,AT,AG,TT,GG,CG,AA,4.54,Moderate,Medium,Premium,Early
L0250,Bengaluru Rural,Karnataka,Kharif,Red Sandy Loam,Rainfed,720,26.0,70,AC,TT,GG,AG,GG,CC,GG,AT,CC,GG,AA,CC,CC,AT,TT,GT,CG,TT,TT,NN,CC,GT,GT,CC,TT,CC,TT,TT,GG,AA,TT,CT,AA,AC,AG,GG,GT,CC,GG,CC,TT,TT,AA,TT,AG,GG,TT,TT,CC,CC,GT,AA,AA,GG,CC,TT,AT,AA,GT,AA,AA,GT,TT,AA,TT,TT,CC,GG,TT,GT,AG,TT,CC,AA,AG,AC,TT,GG,TT,TT,GG,GG,GG,CC,AT,AG,AA,AA,CC,TT,CC,TT,CT,TT,TT,AG,TT,CC,GT,CC,CC,CG,AA,AA,TT,TT,CC,NN,AG,AA,CT,GG,TT,CC,TT,AA,AA,TT,CC,AG,CC,GG,CC,GG,CC,AA,CC,CC,CC,CC,AA,TT,CC,AA,CC,CC,AA,TT,AA,AA,GG,CC,CC,GG,NN,AG,AT,CC,GT,CC,CG,AA,AG,GG,TT,GG,AC,GT,TT,GG,AA,GT,GT,NN,CC,AT,TT,TT,TT,TT,CG,CC,AG,CT,CC,CC,CG,AC,AA,GG,AG,CC,TT,CC,GT,TT,CG,TT,AA,AG,TT,CC,GG,AC,CC,CG,NN,AG,CC,GG,TT,AC,AA,CC,GG,AA,CC,AA,AA,GG,TT,AT,AT,NN,GT,AT,CG,TT,GG,AA,AG,AG,TT,AC,TT,CC,TT,AC,CC,CT,GG,AA,CG,AA,CC,TT,CT,GT,GG,TT,AA,CC,AA,GG,CC,CG,GG,CC,GG,AT,AA,CC,TT,AG,CC,CC,AA,GG,CC,AT,CC,AA,AA,CC,CC,AC,TT,AA,CG,AA,AA,CC,AA,GG,AA,AA,AA,TT,GG,AA,AA,AC,CC,CT,AA,AG,GG,GG,CG,GT,AA,AG,GT,TT,TT,AA,AT,GG,CG,AC,4.15,Resistant,Low,Poor,Early
L0251,Bengaluru Rural,Karnataka,Kharif,Red Sandy Loam,Rainfed,720,26.0,70,CC,TT,AG,AG,GG,CC,GG,AT,CC,GG,AA,CC,CG,TT,TT,GT,CG,TT,TT,AA,CG,NN,TT,CC,TT,CC,GT,TT,GT,AA,TT,CC,AG,CC,GG,GG,NN,CG,GG,CC,TT,TT,AA,TT,AG,AG,TT,TT,CC,AA,GG,AA,AA,GG,CC,GT,AA,AA,GT,AC,AG,GT,TT,AA,TT,TT,CC,GG,TT,GT,AA,GG,CC,AA,GG,AA,AT,GG,TT,TT,GG,GG,GT,CC,AA,GG,AA,AA,CC,GG,AC,TT,CC,TT,TT,GG,TT,CC,TT,CC,CC,CC,GG,AA,TT,TT,CC,AA,AG,AA,CC,GG,TT,CG,TT,AA,AA,TT,CG,AG,CC,GG,CC,GG,CT,AA,CC,CC,CC,CC,AA,TT,CC,AA,CC,CC,AA,TT,AA,AA,GG,CC,CC,GG,AA,AG,AT,CC,GG,CC,CC,AA,AG,GG,TT,AG,AA,TT,CT,GG,AC,GG,TT,TT,CC,AA,TT,TT,AA,TT,CG,CC,AG,CC,AC,CC,GG,CC,AA,AG,AG,CC,TT,NN,GG,TT,NN,AT,AA,AA,TT,CC,CG,AC,CC,CC,GG,GG,AC,GG,TT,AA,AA,CC,GT,AA,CC,AT,AT,GT,TT,TT,AA,GG,GG,AA,CC,TT,TT,AA,GG,AA,TT,AA,TT,CG,TT,NN,CC,TT,CG,AA,CC,AG,CC,TT,CT,TT,GG,TT,AA,AA,AA,GG,CG,CG,CG,CC,GG,AT,AA,CG,TT,GG,CC,CC,AT,GG,CC,AA,CC,AA,AA,CC,CG,CC,TT,AA,GG,AA,AC,AA,AA,AG,AA,AA,AA,TT,GG,AA,AG,CC,AC,CT,AA,AG,GG,GG,CG,TT,AA,AA,GT,TT,TT,AG,TT,GG,CG,AC,3.74,Resistant,Low,Poor,Medium
L0252,Bengaluru Rural,Karnataka,Kharif,Red Sandy Loam,Rainfed,720,26.0,70,AA,TT,GG,AG,GG,CC,GT,TT,CC,GG,NN,CC,CG,TT,TT,GT,GG,TT,TT,AA,CG,TT,TT,CC,TT,CC,TT,TT,GT,AA,TT,CT,AA,CC,GG,GG,GG,CC,GG,CC,TT,CT,AC,TT,AA,AG,TT,TT,CC,CC,GT,AA,AA,GG,NN,TT,AA,AC,GT,AC,AG,TT,TT,AA,NN,TT,CC,GG,TT,GG,AA,GT,CC,AA,GG,AA,AT,GG,TT,TT,GG,GG,GG,CC,AA,GG,NN,AT,CC,TT,CC,TT,CC,TT,TT,GG,TT,CC,TT,CC,CC,CG,AA,AG,AT,TT,CC,AA,AG,NN,CC,GG,GT,CG,NN,NN,AA,TT,CC,GG,CC,GG,TT,GG,TT,AG,CC,CC,CC,CC,AA,TT,AC,AA,CC,CC,AA,TT,AA,AA,GG,CC,CC,GG,AG,AA,AA,CC,GG,CC,GG,AA,AA,AG,TT,GG,AA,TT,CT,GG,CC,GT,GT,TT,CC,AA,GG,TT,AA,AT,GG,CC,AA,CT,CC,CC,GG,CC,AA,GG,GG,CC,TT,CC,TT,GT,GG,TT,AA,AA,TT,CC,GG,AA,AC,CC,GG,AG,AC,GG,TT,AA,AA,CC,GG,AA,AC,AA,AT,GG,TT,TT,AA,GG,TT,AA,CC,TT,GG,AA,GG,AA,CT,AA,TT,CG,CT,AC,CC,CC,CC,GG,CC,AG,CC,TT,CT,GT,GG,TT,AC,CC,AG,GG,CC,CG,GG,CC,GG,AT,AA,CC,GT,GG,CC,CC,AA,AG,CC,TT,CG,AT,AA,CC,GG,AA,TT,AA,GG,AA,AA,AA,AA,AG,AA,AA,AA,AT,CG,AC,AA,AA,AA,TT,AA,AA,GG,AG,GG,TT,AA,AA,TT,TT,TT,AA,AT,GG,GG,AA,4.15,Moderate,High,Premium,Medium
L0253,Bengaluru Rural,Karnataka,Kharif,Red Sandy Loam,Rainfed,720,26.0,70,CC,CT,GG,AG,GG,CC,GG,AT,CC,CG,AA,NN,CC,TT,TT,GG,GG,TT,TT,AG,CC,TT,GT,CC,TT,CC,TT,TT,GG,AA,TT,CT,AA,CC,GG,GG,GG,CC,GG,AC,TT,CT,AA,TT,AA,GG,TT,AT,CC,AC,GT,TT,AA,GG,CC,GT,AA,CC,GT,AA,AA,TT,AT,AG,CT,AT,CC,GG,TT,TT,AA,GG,CC,AA,GG,AA,AA,GG,TT,TT,GG,GG,GG,CC,AA,GG,AA,AA,CC,TT,CC,TT,CC,NN,GT,GG,TT,CC,TT,CC,TT,CC,GG,AA,AT,TT,CC,AA,AA,AA,CC,GG,TT,CC,TT,AC,AA,TT,CC,AG,CC,AG,CC,GT,CT,GG,CC,CC,CC,CC,AA,TT,CC,AA,CC,CC,AA,TT,AA,AA,CG,CC,CC,GG,AA,AG,AA,CC,GT,CC,CC,AA,GG,AG,TT,GG,AC,TT,CT,GG,CC,GG,TT,TT,CG,AA,TT,CT,AA,TT,GG,CC,AA,CC,CC,CC,GG,CC,AA,GG,AG,CC,TT,CC,GG,TT,GG,TT,AA,AG,TT,CC,CC,AA,AC,CC,GG,AG,AA,GG,TT,AC,AA,CC,GG,TT,AA,AA,AA,GG,TT,AT,AT,GG,GG,AT,CC,AT,GT,AA,GG,AA,TT,AA,TT,CG,TT,AA,CC,TT,GG,AA,CC,GG,CC,TT,TT,GT,GG,TT,AA,CC,AA,GG,CC,CG,GG,CC,GG,TT,AA,CC,GT,AG,CC,CC,AT,AG,CC,AT,CC,AA,AA,AC,CC,AC,TT,AA,GG,AA,AA,AA,AA,GG,AG,AA,AA,TT,GG,NN,AA,AC,AA,CT,AA,AA,GG,GG,GG,TT,AA,AA,TT,TT,TT,AA,TT,GG,GG,AA,4.09,Susceptible,Low,Premium,Late
L0254,Bengaluru Rural,Karnataka,Kharif,Red Sandy Loam,Rainfed,720,26.0,70,AA,CT,AG,AG,GG,CC,GG,TT,CC,CG,NN,CC,GG,AT,TT,GG,GG,TT,TT,AA,CC,TT,TT,CT,TT,CC,TT,TT,GG,AA,TT,CT,AA,CC,GG,GG,GG,CG,GG,CC,TT,TT,AC,TT,AA,GG,TT,AT,CC,AC,GG,AA,AA,GG,CC,TT,AA,AA,TT,AA,AA,TT,TT,AA,TT,TT,CC,GG,TT,GT,AA,GG,AC,AA,AG,AA,AA,GG,TT,TT,GG,GG,GG,CC,AT,GG,AA,AA,CC,GT,AC,GT,CT,TT,TT,GG,TT,CC,TT,CT,CT,GG,AG,AA,TT,TT,CC,AA,AG,AC,CC,GT,TT,CC,TT,AC,AA,TT,CC,GG,CC,AG,CT,GG,CC,AA,CT,CC,AC,CC,AA,TT,AC,AA,CC,CC,AA,TT,AA,AA,GG,CC,CC,GG,AA,AG,AA,AC,GG,CC,CC,AA,AG,GG,TT,GG,AC,GT,CC,GG,CC,TT,GT,TT,NN,AA,GG,TT,TT,TT,CG,CC,AA,CT,CC,CC,GG,CC,AA,GG,AG,CC,TT,CC,GG,GT,GG,AT,AA,AG,TT,CC,GG,AA,CC,CC,GG,GG,AA,GG,TT,AC,AA,CC,GG,AA,AC,AA,AA,GG,TT,AA,AA,GG,GG,AT,CC,TT,TT,AA,GG,AA,CT,AA,TT,CC,CT,AC,CC,TT,GG,AA,CC,AG,CC,TT,CT,GT,GG,AT,AC,AC,AG,GG,CC,CC,GG,CC,GG,AT,AA,CG,GT,GG,CC,CG,AA,GG,CC,AA,CC,AA,AA,CC,GG,CC,TT,AA,GG,AA,AC,AA,AA,GG,NN,AA,AA,TT,GG,AC,AA,CC,NN,TT,AA,AA,GG,GG,CG,TT,AT,AA,TT,TT,TT,AG,AA,GG,CG,AA,4.06,Susceptible,Medium,Premium,Early
L0255,Bengaluru Rural,Karnataka,Kharif,Red Sandy Loam,Rainfed,720,26.0,70,CC,CT,GG,AG,GG,CG,GT,TT,CC,CC,AA,CT,CC,TT,GT,GG,CG,TT,NN,AA,CC,GT,GT,CC,TT,CC,TT,TT,TT,AA,CT,CT,AA,CC,GG,GG,GG,CC,GG,AC,TT,CC,AA,TT,AA,AG,TT,TT,CC,CC,GT,AA,AA,GG,CC,TT,AA,AA,GG,AA,AG,TT,TT,AG,TT,AT,CC,GT,TT,GG,AA,GG,CC,AA,GG,AC,AT,GG,TT,TT,GG,GT,GG,CC,AT,GG,AA,AA,CC,TT,CC,TT,CC,TT,TT,GG,NN,CC,GT,CC,CC,CG,AG,AA,TT,TT,CC,AG,AA,AA,TT,GG,GT,CC,GT,AA,AA,TT,CC,GG,CC,GG,CC,GT,TT,AG,CC,CG,CC,CC,AA,TT,CC,AA,CC,CC,AA,TT,AG,AA,CC,CC,CC,GG,AA,AA,AA,CC,GG,CC,CC,AA,AA,GG,TT,AG,AA,GT,CT,AG,CC,GG,TT,TT,CC,AA,TT,TT,AT,TT,GG,CC,AG,CC,CC,AC,GG,CC,AA,GG,GG,CC,TT,CC,GT,TT,GG,TT,AA,AA,TT,NN,GG,AA,CC,CC,CG,GG,AA,GG,NN,AC,AA,CC,GG,AA,CC,AA,AT,GG,TT,AT,AA,GG,GT,AT,CC,TT,GT,AA,GG,AA,CT,AA,TT,CC,CT,AC,CC,CC,GG,NN,CG,AG,CC,AT,TT,GT,GG,TT,AA,AC,AA,GT,CC,GG,GG,CC,GG,AA,AG,CC,GT,GG,CC,CC,AA,AG,CC,AT,CC,AA,AA,AC,CC,NN,TT,AA,GG,AA,AA,AC,AA,GG,AA,AA,AA,TT,GG,CC,AA,AC,AA,CT,AG,AA,GG,GG,CG,TT,AT,AA,TT,TT,TT,AG,AT,GG,GG,AC,2.3,Resistant,Low,Standard,Late
L0256,Bengaluru Rural,Karnataka,Kharif,Red Sandy Loam,Rainfed,720,26.0,70,CC,TT,GG,AA,GG,CC,GT,TT,CC,CC,AT,CC,CG,AT,TT,GT,CC,TT,TT,GG,CC,GT,TT,CC,TT,CT,TT,TT,GG,AA,TT,CC,AA,CC,GG,GG,GG,CG,GG,CC,TT,CT,AC,TT,AA,AG,TT,AT,CC,CC,GT,AA,AA,GG,CT,TT,AA,AA,GT,AA,AA,TT,TT,AA,TT,AT,CC,GG,TT,GG,AA,GG,CC,AA,GG,AA,AA,GG,TT,TT,GG,GG,GG,CC,AA,GG,AA,AA,CC,TT,CC,NN,CT,TT,TT,GG,TT,NN,TT,CT,CC,CC,AG,AA,TT,TT,CC,AA,AG,AA,CT,GG,TT,CC,TT,AC,AA,TT,CC,GG,CC,GG,CC,GT,CT,AA,NN,CC,CC,CC,AA,TT,CC,AA,CC,CC,AA,AT,AA,AA,GG,CC,CC,GG,AA,GG,AT,CC,GT,CC,CG,AA,AA,AG,TT,AG,AC,TT,CC,GG,AC,GG,TT,CT,CC,AT,GT,CT,AA,TT,GG,CC,NN,NN,AC,CC,CG,CC,AA,GG,AG,CC,NN,CG,GG,TT,GG,TT,AA,AG,TT,CC,CG,AC,CC,CC,GG,GG,AA,CG,TT,AC,AA,CC,GT,AT,AA,AT,AT,GG,TT,TT,AT,GG,GG,AT,CC,TT,GT,AA,GG,AA,CT,AA,TT,CC,CT,AC,CC,CT,GG,AA,CC,AG,CC,TT,TT,GT,GG,TT,AA,CC,AA,GG,CC,CC,GG,CC,GG,AT,AG,CG,TT,GG,CC,CC,AA,GG,CG,AA,CC,AT,AA,CC,CC,AA,TT,AA,GG,AA,AA,AA,AA,AA,AG,AA,AA,TT,GG,CC,AG,CC,AC,CT,AA,AG,GG,GG,GG,GT,AT,AA,TT,TT,TT,GG,TT,GG,CG,AA,6.37,Susceptible,Low,Poor,Late
L0257,Bengaluru Rural,Karnataka,Kharif,Red Sandy Loam,Rainfed,720,26.0,70,AA,CT,AG,NN,GG,CG,GG,TT,CG,GG,AA,CC,CG,AT,TT,GT,CG,TT,TT,AG,CC,GT,TT,CT,AT,CC,TT,TT,GG,AA,TT,CC,AA,CC,GG,CG,NN,CC,GT,AC,TT,CT,AA,TT,AA,GG,TT,TT,CC,AC,GG,NN,AG,GG,CC,GT,AA,AC,GG,AA,AA,TT,TT,AA,TT,AT,CC,GT,TT,GG,AG,GG,CC,AA,GG,NN,AT,AG,TT,TT,GG,GG,GG,CC,AT,GG,AA,AA,CC,TT,CC,TT,CT,TT,GG,GG,CT,CC,TT,CC,CC,CG,GG,AG,AT,TT,CC,AA,AG,AA,CC,GT,TT,CC,TT,AA,AA,TT,CC,GG,CG,GG,CC,GG,CT,AA,CT,CC,AC,CC,AA,GT,CC,AA,CC,CT,AA,TT,AA,AT,GG,CC,CC,GG,AG,AG,AA,AC,GT,CG,GG,AA,AA,GG,TT,AG,AA,GT,CC,AG,CC,TT,TT,TT,CG,AT,TT,TT,NN,TT,GG,CG,AA,CC,CC,CC,CG,CC,AA,GG,AA,CC,TT,CG,NN,TT,NN,TT,AA,AG,TT,CC,CC,AA,CC,CC,GG,GG,AC,GG,TT,AC,AA,CC,GG,AT,CC,AA,AA,GG,TT,AA,AT,GG,GT,AA,CG,AT,GT,AA,GG,AA,TT,AC,TT,CC,CT,NN,CC,CT,GG,NN,CC,AG,CC,TT,TT,TT,CG,AT,AA,AC,AA,GG,CG,CG,GG,CC,GG,AT,AA,CC,TT,GG,CC,CC,AA,AG,CC,AA,CG,AA,AA,CC,CC,AC,TT,AA,GG,AA,AA,AC,AA,AG,AG,AA,AA,AT,GG,AA,AA,AC,AC,CT,AA,AA,GG,GG,GG,TT,AA,AA,TT,TT,TT,AG,AT,GG,CG,AA,5.25,Susceptible,Medium,Premium,Early
L0258,Bengaluru Rural,Karnataka,Kharif,Red Sandy Loam,Rainfed,720,26.0,70,AC,TT,AG,AA,GG,CC,GT,TT,CC,CC,AA,CC,CG,TT,TT,TT,GG,TT,TT,AG,CG,GT,TT,CC,TT,CC,GT,TT,GG,AA,TT,CC,AA,CC,AG,GG,GG,CC,GG,CC,TT,CT,AA,TT,AA,AG,TT,TT,CC,CC,GG,AA,AA,GG,CC,TT,AT,AA,GT,AC,AG,TT,TT,AA,NN,TT,CC,GG,TT,GG,AG,GG,CC,AA,GG,AA,AT,GG,TT,TT,GG,GG,GT,CC,AA,GG,AA,AA,CC,GT,CC,TT,CC,TT,TT,GG,TT,CC,GT,CC,TT,CC,GG,AA,TT,TT,NN,AA,AA,AA,CT,GG,TT,CC,TT,AA,AA,TT,CG,GG,CC,AG,CC,GG,TT,AG,CT,CC,CC,CC,AA,TT,CC,AA,CC,CT,AA,TT,AG,AA,GG,CT,CC,AG,AG,AG,AA,AC,GG,CC,CC,AG,AG,AG,TT,GG,AA,GT,CT,GG,AC,GT,TT,CT,CC,AA,GT,TT,AA,TT,CG,CC,AG,CT,CC,CC,GG,CC,AA,GG,GG,CC,TT,CG,GG,GT,GG,AT,NN,AG,TT,CC,GG,AA,CC,CC,GG,GG,NN,CC,TT,AA,AA,CC,GG,AA,CC,AA,AT,GT,TT,TT,AT,CG,TT,AA,CC,AT,TT,AA,GG,AA,CC,AC,TT,CC,TT,AC,AA,TT,GG,AG,CG,AG,AC,TT,TT,GT,GG,TT,AA,AC,AA,GG,CC,CC,GG,CC,GG,TT,AA,CC,GT,GG,CC,CC,AA,GG,CC,AA,CC,AT,NN,AC,CC,AC,TT,AG,GG,AA,AA,AA,AA,AG,AG,AG,AA,TT,GG,AC,AA,CC,AC,CC,AA,AA,GG,GG,GG,TT,AA,AA,GT,TT,TT,AG,TT,GG,CG,AA,2.7,Susceptible,High,Poor,Early
L0259,Bengaluru Rural,Karnataka,Kharif,Red Sandy Loam,Rainfed,720,26.0,70,CC,CT,AG,GG,GG,CC,GG,AA,CC,CG,AT,CC,CG,TT,TT,GT,GG,TT,AT,AA,CC,GT,GG,CT,TT,CC,TT,TT,GT,AA,TT,CT,AA,CC,GG,GG,GG,GG,GG,CC,TT,CT,AA,TT,AA,AG,TT,TT,CG,CC,GG,AA,AA,GG,CC,TT,AA,AC,GG,AA,AA,TT,AT,AG,TT,TT,CC,GG,CT,GG,AG,GG,CC,AA,AG,AA,AA,AG,TT,TT,GG,GG,GG,CC,AA,GG,AA,AA,CC,TT,AC,TT,CT,NN,GT,GG,TT,CC,TT,CC,CC,CC,AG,NN,TT,TT,CC,AA,GG,AC,NN,GT,TT,CC,GT,AA,AA,TT,CC,GG,CC,GG,CC,GT,CT,AA,CC,CC,CC,CC,AA,TT,CC,AA,CC,CC,AA,TT,AG,AA,GG,CC,CC,NN,AA,AG,AT,CC,GG,CC,CC,AA,AA,GG,GT,AG,AA,GT,TT,AG,AC,TT,GT,CT,CC,AA,GT,CT,AA,AT,GG,CC,AA,CT,CC,AC,GG,CC,AA,GG,AA,CC,TT,CC,GT,TT,CC,AA,AG,AA,GT,CC,GG,AA,CC,CC,GG,GG,CC,GG,TT,AA,AG,CC,GT,AT,CC,AA,NN,GG,TT,AT,AT,CG,GG,AA,CG,AT,GT,AA,GG,AA,TT,AA,TT,CC,TT,AA,CC,TT,GG,AA,CC,AG,CC,AT,CT,TT,GG,TT,AA,CC,AG,GG,CC,CG,GG,CC,GG,NN,AG,CC,GT,GG,CC,CC,AA,AG,CC,AA,CG,AT,AA,CC,CC,CC,TT,AG,GG,AA,AA,AC,AA,AG,AA,AA,AG,TT,GG,AA,AG,AA,AA,CC,AG,AA,CG,GG,GG,TT,AA,AG,TT,TT,TT,AA,AT,GG,GG,AA,4.53,Susceptible,Low,Premium,Early
L0260,Bengaluru Rural,Karnataka,Kharif,Red Sandy Loam,Rainfed,720,26.0,70,CC,TT,GG,AA,GG,CC,GT,TT,CC,GG,AT,CT,GG,AT,TT,GG,CC,TT,TT,AA,CC,TT,GT,CC,TT,CC,TT,TT,GT,AA,CT,CT,AA,CC,NN,GG,GG,CC,GT,CC,TT,TT,AA,TT,AG,GG,TT,TT,CC,CC,GG,AA,AA,GG,CC,TT,AA,AA,GG,AA,AA,TT,AT,AA,CT,AT,CC,GG,TT,NN,NN,GG,CC,NN,AG,AA,AA,GG,TT,TT,GG,TT,GG,CC,AT,GG,AA,AA,CC,GT,CC,GT,CC,TT,GT,GG,CT,CC,TT,CC,CC,CC,AG,AA,TT,GT,CC,AA,AA,AA,CT,GG,TT,CC,GT,AA,AA,TT,CC,AA,CG,AG,CC,GG,CT,AA,CC,CC,CC,CC,AG,TT,CC,AC,CC,CC,AA,TT,AA,AA,CG,CT,CG,GG,AA,AG,AA,CC,TT,CC,CC,AA,AA,GG,TT,GG,AC,TT,CC,AG,CC,GG,TT,TT,CC,AA,TT,TT,AA,AA,GG,CC,AG,CT,CC,CC,CC,CC,AA,GG,GG,CC,GT,CC,TT,TT,CG,TT,AA,AG,TT,CC,GG,AA,AC,CC,GG,GG,AA,GG,TT,AC,AA,CC,NN,AA,CC,AA,AT,GT,GT,AT,AT,GG,GT,AA,CC,AT,TT,AA,GG,AA,CT,AA,TT,CC,CT,AC,CC,CT,GG,AG,CC,AG,CC,TT,TT,GT,GG,TT,AC,CC,AG,GG,CC,CC,GG,CG,GG,AT,NN,CG,NN,GG,CC,CG,AA,AG,CC,AA,CG,AA,AA,CC,CC,CC,AT,AG,GG,AA,AC,AA,AA,AG,AA,AA,AA,TT,CG,AA,AG,CC,AA,CT,AG,AA,GG,GG,GG,TT,AA,AA,TT,TT,TT,AA,AT,GG,GG,AA,2.47,Susceptible,Medium,Standard,Late
L0261,Bengaluru Rural,Karnataka,Kharif,Red Sandy Loam,Rainfed,720,26.0,70,CC,TT,GG,AA,GG,CC,GT,TT,CC,GG,AA,CC,CG,TT,GT,GG,GG,TT,AT,AG,CC,TT,TT,CC,AT,CC,GT,TT,GG,AA,TT,CC,AA,CC,AG,GG,GG,CC,GG,CC,GT,CC,AA,TT,AG,GG,CT,TT,CC,AC,GG,AA,AA,GG,CT,TT,AA,AA,GG,AA,AA,TT,AT,AG,TT,TT,NN,GG,TT,GG,AA,GG,CC,AG,GG,AA,AA,GG,TT,TT,GG,GT,GG,CC,AA,GG,AA,AT,CC,TT,CC,TT,CC,TT,GT,GG,CT,CC,TT,CC,CT,CG,AA,AA,TT,TT,CG,AA,AA,AA,CC,NN,TT,CC,TT,AA,AA,TT,CG,AG,CG,GG,CC,TT,TT,AG,CC,CC,CC,CC,AG,TT,CC,AA,CC,CC,AA,AT,AG,AA,GG,CT,CC,GG,AA,AA,AA,CC,GT,CC,CC,GG,AG,GG,TT,GG,AA,TT,CT,GG,AC,TT,TT,CT,CC,AA,TT,TT,AA,TT,GG,CC,AA,CT,CC,AC,CG,AC,AA,AG,AG,CC,TT,CC,GT,TT,GG,AT,AA,AA,TT,CC,GG,AA,AC,CC,GG,GG,AA,GG,TT,AA,AA,CC,GT,AT,CC,AA,AT,GT,TT,TT,AT,CG,GT,TT,CC,TT,TT,AA,GG,AA,TT,AA,TT,CC,TT,AC,CC,TT,GG,AG,CC,GG,CC,TT,CT,TT,GG,TT,AC,CC,AG,NN,CG,CG,GG,CC,GG,AT,AA,CC,GG,GG,CC,CC,AA,GG,CC,AA,CC,AA,AA,CC,CG,NN,TT,AA,GG,AA,AA,AA,AA,AA,AA,AA,AA,TT,CG,AA,AG,AC,AA,CT,AA,AA,GG,GG,CG,TT,AA,GG,TT,TT,TT,AA,NN,GG,GG,AA,3.69,Resistant,Medium,Standard,Late
L0262,Bengaluru Rural,Karnataka,Kharif,Red Sandy Loam,Rainfed,720,26.0,70,AC,TT,AA,GG,GG,CC,GG,AT,CC,NN,AA,CC,CC,TT,TT,GG,CG,TT,TT,AA,CC,GT,TT,CC,TT,CC,TT,AT,GG,AA,TT,CC,AA,CC,GG,GG,GG,CC,GG,CC,TT,TT,AA,TT,AA,GG,TT,TT,CC,AA,GG,AA,AA,GG,CC,TT,AA,AA,TT,AA,AA,TT,TT,AA,TT,AT,CC,GG,TT,GG,AA,GG,CC,AA,GG,AA,AA,GG,NN,TT,AG,GT,GT,CC,AT,GG,AA,AT,CC,GG,CC,TT,CC,AT,GT,GG,TT,CC,TT,CC,CC,CC,AG,AA,TT,TT,GG,NN,AA,AA,CC,GG,TT,CC,TT,AA,AA,TT,CC,GG,CG,GG,CC,GG,TT,AA,CC,CC,CC,CC,AA,TT,CC,AA,CC,CC,AA,AT,AA,AT,GG,CC,CC,GG,AA,AG,AA,AC,GG,CG,CC,AA,AA,GG,TT,NN,AA,GT,CT,GG,CC,GT,TT,NN,CG,AT,GT,TT,AA,TT,GG,CC,AG,CC,CC,CC,NN,CC,AA,GG,AA,CC,TT,CC,TT,TT,GG,TT,AA,AA,TT,AC,GG,AC,AC,CC,GG,GG,CC,GG,TT,AC,AA,CC,GG,AT,NN,AA,AA,GG,GT,TT,AA,GG,TT,AT,CC,AA,GT,AA,GG,AG,TT,AA,TT,CC,CT,AA,CC,TT,GG,AA,CC,AG,CC,AT,TT,GG,GG,TT,AA,CC,AG,GG,CC,CG,GG,CC,GG,AT,AA,CC,GG,GG,CG,CC,AA,GG,CG,AA,CC,AT,NN,AC,CG,AC,TT,AA,GG,AA,AA,AA,AA,AA,AG,NN,AA,TT,GG,AA,AA,AC,AC,CT,AA,AA,GG,GG,GG,TT,AA,AA,TT,TT,TT,AG,AT,GG,GG,AA,2.68,Susceptible,Low,Standard,Early
L0263,Bengaluru Rural,Karnataka,Kharif,Red Sandy Loam,Rainfed,720,26.0,70,AA,TT,AG,NN,GG,CC,GG,TT,CC,CG,AA,CC,CC,TT,TT,GG,CC,TT,TT,AA,CC,TT,GT,CC,TT,CC,TT,TT,GG,AA,TT,CC,AA,CC,GG,CG,GG,CG,GG,CC,TT,CT,AA,GT,AA,GG,TT,TT,CG,AA,GG,AT,AA,GG,CT,TT,AT,AA,GG,AC,AA,TT,TT,AG,TT,TT,CC,GG,TT,GT,AA,GG,AC,AA,GG,AC,AA,GG,TT,TT,GG,GT,GG,CC,AT,GG,AA,AA,CC,GT,CC,TT,TT,TT,GT,GG,TT,CC,TT,CC,CC,CG,AA,AA,TT,TT,CG,AA,AG,AA,CC,GG,TT,CC,TT,AC,AA,TT,CC,AG,CG,AA,CC,GG,TT,AA,CT,CC,CC,CC,AG,TT,CC,AA,CC,CC,NN,TT,AA,AA,GG,CC,CC,GG,AA,AG,AA,CC,GG,CC,CC,AA,AG,AG,NN,AG,AC,TT,CT,GG,AC,TT,GT,TT,NN,AA,GT,NN,AA,TT,GG,CC,AA,TT,CC,AC,CG,CC,AA,GG,NN,CC,TT,CC,GT,TT,GG,AT,AA,AG,TT,AC,GG,AA,CC,CC,GG,GG,AC,GG,TT,AA,AA,CC,GG,AA,AC,AA,AA,GG,TT,TT,AT,GG,GT,AA,CC,AT,TT,AA,GG,AA,CT,AA,TT,CG,TT,AA,CC,CT,GG,AA,CC,NN,CC,TT,CT,TT,GG,TT,AA,AC,AG,GG,CC,CC,GG,CC,GG,TT,AG,CG,GT,GG,CC,NN,AT,GG,CC,AT,CC,AA,AA,CC,CC,AA,TT,AA,GG,AA,AA,AC,AC,NN,AG,AG,AA,AT,CC,AA,NN,AC,AA,CT,AG,AA,CG,GG,GG,TT,AA,AA,TT,NN,TT,AG,TT,GG,CG,AC,4.62,Resistant,High,Standard,Medium
L0264,Bengaluru Rural,Karnataka,Kharif,Red Sandy Loam,Rainfed,720,26.0,70,AC,TT,GG,AA,GG,CC,GG,TT,CC,CG,AA,CT,CG,AT,TT,GT,CG,TT,TT,AA,CC,TT,GT,CC,TT,CC,TT,TT,GG,AA,TT,CC,AA,CC,GG,GG,GG,CG,GG,CC,TT,TT,AA,TT,AA,GG,TT,TT,CC,AC,GG,AT,AA,GG,CC,TT,AA,CC,GT,AA,AA,TT,AT,AG,TT,AT,CC,GG,TT,GT,GG,GG,CC,AA,AG,AA,AA,GG,TT,TT,GG,GT,GG,CC,AA,GG,AA,AA,CC,TT,CC,TT,CC,TT,GT,GG,TT,CC,GG,CC,CC,CC,AG,AA,TT,TT,CC,AA,AG,AA,CC,GG,TT,CC,TT,AA,AC,TT,CC,AG,CC,GG,CC,TT,TT,AA,CC,CC,CC,CC,AA,TT,CC,AA,CC,CC,AA,TT,AG,AA,CG,CC,CC,GG,AG,AA,TT,CC,GG,CC,CC,AA,AA,GG,GT,GG,AC,TT,TT,GG,AC,GG,TT,TT,CC,AA,TT,CT,AA,TT,GG,CC,AA,CC,CC,CC,CC,CC,AA,GG,AG,CC,TT,CG,GG,TT,CG,TT,AA,AA,TT,AC,GG,AA,CC,CC,GG,GG,AC,CG,TT,AC,AA,CC,GG,AT,CC,AA,AA,TT,GT,AT,AA,GG,GG,AA,CC,AA,TT,AA,GG,AA,CT,AC,TT,CC,NN,AA,CC,TT,CG,AG,CC,AG,CC,TT,TT,TT,GG,TT,AA,AC,AA,GT,CC,CG,GG,CC,GG,AT,AG,CG,GT,GG,CC,CC,AA,GG,CC,AT,CC,AT,AA,AC,CC,AC,AT,AA,GG,AA,AA,AC,AA,AG,AA,GG,AA,AT,GG,AA,AA,CC,CC,TT,AA,AA,GG,AG,CG,TT,AA,AA,TT,TT,TT,AA,AT,GG,CG,AC,2.95,Resistant,Low,Standard,Late
L0265,Bengaluru Rural,Karnataka,Kharif,Red Sandy Loam,Rainfed,720,26.0,70,AC,CT,GG,AG,GG,CG,GT,TT,CC,GG,AA,CT,CC,TT,TT,GG,CG,TT,TT,AG,CC,GT,TT,CC,TT,CC,TT,TT,GT,AA,TT,TT,AA,CC,GG,GG,GG,CC,GG,CC,TT,CT,AA,GT,AG,AG,TT,TT,CC,AC,GG,AA,AG,GG,CT,TT,AT,AA,GT,AA,AA,TT,TT,AG,TT,TT,CC,GG,TT,GT,AA,GG,CC,AA,GG,AC,AT,GG,TT,TT,AG,GG,GG,CC,AA,GG,NN,AA,CC,GT,CC,TT,CT,TT,TT,GG,TT,AA,TT,CC,CC,CG,AG,AA,TT,TT,NN,AA,GG,AA,CT,GG,TT,CC,TT,CC,AA,TT,CC,NN,CC,GG,CC,GT,TT,AG,CC,CC,CC,CC,AG,TT,CC,AA,CC,CT,AA,TT,AG,AT,CG,CT,NN,GG,AG,GG,AA,CC,GT,CC,CG,AA,AA,GG,TT,AG,AC,TT,TT,GG,CC,GT,GT,TT,CC,AA,TT,CT,AA,TT,GG,CC,AA,CT,CC,CC,GG,AA,AA,GG,GG,CC,TT,CC,GG,TT,GG,AA,AA,AA,TT,AC,CG,AC,CC,CC,GG,GG,AC,GG,TT,AA,AA,CC,GG,AA,AC,AA,AA,GG,GT,TT,AA,CG,GG,TT,CG,TT,TT,AA,GG,AA,TT,AA,TT,CC,TT,AC,CC,TT,CG,AA,CG,AA,CC,TT,CT,GT,CG,TT,AA,CC,AA,GG,CC,CC,GG,CC,GG,TT,AG,GG,TT,GG,CC,CG,AA,GG,CC,AA,CC,AA,AA,CC,CG,AC,TT,AA,CG,AA,AA,AA,AA,AG,AG,AG,AA,TT,CG,AC,AG,CC,CC,TT,AA,AA,GG,GG,GG,TT,AT,AG,TT,TT,TT,AG,AT,GG,GG,AA,1.55,Susceptible,High,Premium,Early
L0266,Bengaluru Rural,Karnataka,Kharif,Red Sandy Loam,Rainfed,720,26.0,70,AC,CT,GG,AA,GG,CC,GG,TT,CC,CC,AA,CC,CG,TT,GT,GT,GG,TT,TT,AA,CC,TT,TT,CC,TT,CC,TT,TT,GG,AA,CT,CC,AA,CC,GG,GG,GG,CC,GG,CC,TT,CT,AA,TT,AA,AG,TT,TT,CC,AA,GT,AA,AA,GG,CT,GT,AA,AC,GG,AC,AA,GT,AT,AG,TT,AT,CC,GG,TT,GG,AA,GG,AC,AA,GG,AA,AA,GG,TT,TT,GG,GG,GG,AC,AA,GG,AG,AA,CC,TT,CC,TT,CC,AT,TT,GG,TT,CC,TT,CC,CC,CG,AG,AA,TT,TT,CC,AG,AA,AA,CT,GG,TT,CG,GT,AC,AA,TT,CG,GG,CG,AG,CC,GT,CT,AA,CC,CC,CC,CC,AA,TT,CC,AA,CC,CC,AA,TT,AA,AA,GG,CT,CC,GG,AA,NN,AA,CC,GG,CC,CC,AA,AG,AA,TT,AG,AA,TT,CT,GG,CC,GT,NN,CT,CC,AA,TT,TT,AA,NN,GG,CC,AA,CC,CC,NN,CG,CC,AA,GG,AG,CC,TT,CC,GT,TT,GG,TT,AA,GG,TT,CC,GG,AA,CC,CC,GG,GG,AA,GG,TT,AC,AG,CC,GG,AA,CC,AA,AA,GG,TT,TT,AA,GG,TT,TT,CC,AT,TT,AA,GG,AG,CC,AA,TT,CC,CT,AA,CC,TT,CG,AA,CC,AA,AC,TT,CT,TT,GG,TT,AA,AC,NN,GG,CC,CG,GG,CC,GG,AA,AG,CC,GG,GG,CC,CC,AA,AG,CG,AA,NN,AA,AA,CC,GG,AC,TT,AA,GG,AA,AA,AA,AA,AA,AG,AG,AA,TT,GG,AA,AG,CC,AA,CT,AG,AA,GG,GG,CG,TT,AA,AA,TT,TT,TT,AG,TT,GG,GG,AA,4.73,Susceptible,Low,Poor,Late
L0267,Bengaluru Rural,Karnataka,Kharif,Red Sandy Loam,Rainfed,720,26.0,70,NN,CT,GG,AA,GG,CC,GG,TT,CC,CC,AA,CC,CC,TT,TT,GG,CG,TT,TT,AA,CG,TT,GT,CC,TT,CC,GT,TT,GG,AA,TT,CC,AA,AC,GG,GG,GG,CG,GG,CC,TT,CT,AC,GT,AA,AG,TT,TT,CC,AC,GG,AA,AG,GG,CC,TT,AT,AC,TT,AC,AA,TT,AT,AA,TT,TT,CT,NN,TT,GG,AG,GG,CC,AA,AG,AA,TT,GG,TT,TT,GG,GG,GG,CC,AT,GG,AG,AA,CC,NN,AC,GT,CT,AT,TT,GG,TT,CC,TT,CC,CC,CG,AG,AA,TT,TT,CG,AA,NN,AA,CC,GG,TT,CG,GT,NN,AA,TT,CG,GG,CC,GG,CC,GG,CT,AA,CC,CC,CC,CC,NN,TT,CC,AA,CC,CC,AA,TT,AA,AT,GG,CT,CC,GG,AA,AA,AA,AC,GT,NN,CC,AA,AA,GG,TT,AG,NN,TT,TT,GG,AC,TT,TT,TT,CG,AT,GT,CT,AA,AT,CG,CC,AG,CT,CC,CC,CC,CC,AA,GG,AG,CC,TT,CC,GG,GT,GG,AT,AA,AG,TT,CC,GG,AC,CC,CC,GG,GG,AA,GG,TT,CC,AG,CC,GT,AA,CC,AA,TT,GT,GT,TT,AA,CG,GT,AT,CC,TT,GG,AT,GG,NN,CT,AA,TT,CC,CT,AA,CC,TT,CC,AA,CC,GG,NN,AT,CT,TT,GG,TT,AC,AC,AA,GG,CC,CG,GG,CC,GG,TT,AA,CC,GT,GG,CC,CC,AA,GG,CC,AT,CC,AT,AA,AA,CC,AC,AT,AA,GG,AA,AA,AA,AA,GG,AG,AA,AA,TT,CG,AA,AA,CC,AC,CT,AA,AA,GG,GG,GG,TT,TT,AA,GT,TT,TT,AG,TT,GG,GG,AA,2.81,Susceptible,Medium,Standard,Early
L0268,Bengaluru Rural,Karnataka,Kharif,Red Sandy Loam,Rainfed,720,26.0,70,AC,TT,GG,AG,GG,CC,GT,AT,CC,GG,AA,CT,CG,TT,TT,GG,GG,TT,AT,AA,CC,TT,GT,CC,AT,CC,TT,TT,GG,AA,TT,CC,AA,CC,GG,CG,GG,CG,GG,CC,TT,TT,AA,TT,AA,AG,TT,TT,CC,AA,GG,AA,AG,GG,CC,GT,AA,AC,GG,AA,AA,TT,AT,AA,TT,AT,CC,GG,TT,GT,AG,GG,CC,AA,GG,AA,AT,GG,TT,TT,GG,GT,GT,CC,TT,GG,AA,AA,CC,TT,CC,TT,CT,TT,TT,GG,TT,CC,GG,CC,CC,CG,AG,AA,TT,TT,CC,AG,AG,AA,CT,GG,TT,CC,TT,AA,AC,TT,CC,AG,CC,GG,CC,GT,TT,AA,CC,CC,AC,CC,AA,TT,CC,AA,CC,CC,AA,TT,AA,AA,GG,CC,CC,GG,AA,AA,AA,CC,GG,CC,CC,AG,AA,GG,TT,GG,AA,TT,CT,GG,AC,TT,TT,TT,CG,AA,TT,TT,AA,TT,GG,CC,AA,CT,CC,CC,GG,AC,AA,GG,AA,CC,TT,CC,GG,TT,CG,AT,AG,GG,TT,CC,GG,AA,AC,NN,CG,GG,AC,CG,TT,AA,AA,CC,GG,AA,AC,AA,AA,GT,TT,TT,AT,GG,TT,AA,CC,AT,TT,AA,GG,AA,CT,AA,TT,CG,TT,AC,CC,TT,CG,AG,CC,AG,CC,AT,CT,GT,GG,AT,AC,AC,AG,GG,CC,CG,GG,CC,GG,AA,AA,CC,TT,GG,CC,CC,AA,GG,CC,AT,CC,AA,AA,CC,CC,AC,TT,AA,CG,AA,AA,AA,AA,GG,AA,AA,AA,TT,CG,AA,AA,CC,AC,CT,AG,AG,GG,GG,GG,GT,AA,AA,TT,TT,TT,AA,TT,GG,CG,AA,4.28,Moderate,High,Poor,Medium
L0269,Bengaluru Rural,Karnataka,Kharif,Red Sandy Loam,Rainfed,720,26.0,70,AA,TT,GG,AA,GG,CC,GT,TT,CG,CG,AA,CT,CC,AA,GT,GT,CG,TT,AT,AA,CC,TT,GT,CC,TT,CC,TT,TT,GG,AA,TT,CT,AA,CC,GG,CG,GG,CC,GG,CC,TT,CT,AA,GT,AG,AA,TT,TT,CC,AC,GG,AA,AG,GG,CT,TT,AT,CC,TT,NN,AA,TT,TT,AA,TT,TT,CC,GG,TT,GG,AA,GT,CC,AG,AG,AA,AT,GG,GT,TT,GG,GG,GG,CC,AA,GG,AA,TT,CC,GT,CC,TT,CC,TT,TT,GG,TT,CC,TT,CC,CT,CG,GG,AA,TT,TT,CC,AA,AG,AA,CC,GG,TT,CC,TT,AC,AA,TT,CG,AG,CC,AG,CC,GT,TT,AA,CC,CC,CC,CC,AA,TT,CC,AA,CC,CC,AA,TT,AA,AA,GG,CT,CC,GG,AA,AG,AA,AC,TT,CC,CC,AA,AG,AG,TT,GG,AC,TT,TT,AG,CC,GT,TT,TT,CC,AT,TT,TT,AA,AT,GG,CC,GG,CT,AC,AC,CG,CC,AA,GG,AA,CC,TT,CC,GT,TT,CG,NN,AA,AA,TT,CC,CG,AA,AC,CC,CG,GG,AC,GG,TT,AA,AA,CG,GG,NN,CC,AA,AT,GT,TT,AT,AT,CG,GG,AA,CC,AT,TT,AA,GG,AA,CT,AA,TT,CC,TT,AC,AC,TT,CG,AA,NN,GG,CC,AT,TT,GT,GG,TT,NN,AC,AG,GT,CC,CC,GG,CC,GG,AT,AG,CC,GT,GG,CC,CC,AA,GG,CC,AT,CC,AA,AG,AC,CC,CC,TT,AA,GG,AA,AA,AA,AA,GG,GG,AA,AA,TT,GG,AC,AG,NN,AA,TT,AA,GG,GG,GG,GG,TT,AA,AA,GT,TT,AT,AA,TT,GG,GG,AA,4.44,Susceptible,High,Standard,Late
L0270,Bengaluru Rural,Karnataka,Kharif,Red Sandy Loam,Rainfed,720,26.0,70,AC,TT,GG,AA,GG,CC,GG,TT,CC,CG,AA,CC,CG,TT,TT,GG,GG,TT,TT,AG,CC,TT,GT,CC,TT,CC,TT,TT,GG,AA,CT,CC,AA,CC,GG,GG,GG,CC,GG,CC,TT,CC,AC,TT,AA,AG,CT,AT,CC,CC,GG,AA,AA,NN,CC,NN,AA,AA,GG,AC,GG,TT,NN,GG,TT,TT,CC,GG,TT,GG,AA,GT,CC,AA,GG,AC,AA,GG,TT,TT,GG,GG,GG,CC,NN,GG,AA,AA,CG,TT,CC,GG,CC,TT,GT,GG,CT,CC,TT,CC,CT,CC,GG,AA,TT,TT,CC,AA,AA,AC,CT,GG,TT,CC,GT,AA,AA,TT,CC,AG,GG,GG,CC,GG,TT,AG,CC,CC,CC,CC,AA,TT,CC,AA,CC,CC,AG,TT,AA,AA,GG,CC,CC,GG,AA,AA,AA,CC,GG,CC,CC,AA,AG,AG,GT,GG,AA,TT,CT,GG,CC,TT,GT,TT,CG,AT,GT,TT,AT,TT,GG,CC,AA,CT,CC,CC,CG,CC,AA,GG,AA,CC,TT,CG,GT,GG,GG,AT,AA,AG,TT,AC,GG,AC,AC,CC,GG,GG,AA,GG,TT,AA,AA,CC,GG,AA,CC,AA,AT,GG,GT,TT,AA,CG,GT,TT,CG,AT,GT,AA,GG,AA,TT,AA,TT,CC,TT,AC,CC,TT,GG,AG,CC,AG,CC,TT,CT,TT,GG,AT,AA,AC,AA,GG,CC,CG,GG,CC,GG,TT,AA,CC,GT,GG,CG,CC,AA,AG,GG,AT,CG,AA,AA,AC,CC,AC,TT,AA,GG,AA,AC,AC,AA,GG,GG,AG,AA,TT,GG,AC,AA,CC,AC,CT,AA,AA,GG,GG,GG,TT,AA,AA,GT,TT,TT,AG,TT,GG,GG,AA,5.62,Moderate,High,Premium,Early
L0271,Bengaluru Rural,Karnataka,Kharif,Red Sandy Loam,Rainfed,720,26.0,70,AA,TT,GG,AA,GG,CC,GT,TT,CC,CC,AA,CT,GG,AT,GT,GG,CG,AT,TT,AA,CC,TT,GT,CC,AT,CC,TT,AT,GG,AA,TT,CC,AA,CC,GG,GG,GG,CG,GG,CC,TT,TT,AC,GG,AA,AG,CT,AA,CC,AC,NN,AA,NN,GG,CC,TT,AA,AC,GT,AA,AA,TT,TT,AA,TT,TT,CC,GG,TT,GG,AA,GG,CC,AA,GG,AC,AA,NN,TT,TT,GG,GG,GT,CC,AT,GG,AA,AT,CC,TT,AC,TT,CC,TT,TT,GG,TT,AC,GT,CC,CC,CC,AG,AA,TT,TT,CG,AA,AA,AA,CC,GG,TT,CC,TT,AA,AA,TT,CC,GG,NN,GG,CC,GG,TT,AA,CC,CC,CC,CC,AA,TT,CC,AA,CC,CC,AA,AT,AA,AA,GG,CT,CC,GG,AA,AA,AA,CC,GT,CC,CC,AA,AA,GG,TT,GG,AA,TT,CT,GG,AC,GT,TT,CT,CC,TT,TT,TT,AT,TT,GG,CC,AG,CC,CC,CC,GG,CC,AA,GG,AA,CC,TT,CC,TT,TT,GG,TT,AA,AA,TT,AC,GG,AC,CC,CC,GG,GG,CC,GG,TT,AC,AA,CC,GG,AA,AC,AA,AA,GG,TT,AT,AA,GG,GG,TT,CC,TT,TT,AA,GG,AA,TT,AA,TT,CC,TT,AC,CC,CT,CG,AA,CC,AG,CC,TT,CT,GG,GG,TT,AA,CC,AG,GG,CC,CG,GG,CG,GG,TT,AA,CC,TT,GG,CG,CC,AA,GG,CC,AA,CC,AT,AA,CC,CG,CC,TT,AA,CG,AA,AA,AA,AA,AA,AA,AA,AA,TT,CG,AA,NN,CC,AA,CT,AA,AA,GG,AG,CG,TT,AT,AA,GT,TT,TT,GG,TT,GG,GG,AA,4.79,Susceptible,Low,Standard,Late
L0272,Bengaluru Rural,Karnataka,Kharif,Red Sandy Loam,Rainfed,720,26.0,70,AC,TT,GG,AA,GG,CC,GG,TT,CC,CG,AA,CC,CC,AT,TT,GG,CG,TT,TT,AA,CC,TT,GT,CC,AT,CC,TT,TT,GG,AA,TT,CC,AA,AC,GG,CG,GG,CC,GG,CC,TT,TT,AA,TT,AG,AA,TT,TT,CC,AA,GG,AA,AG,GG,CT,GT,AA,AA,GT,AA,AA,TT,AT,AG,TT,AT,CC,GG,TT,GG,AA,GG,CC,AA,AG,AA,AA,AG,TT,TT,GG,GG,GG,CC,AA,GG,AA,AA,CC,GT,AC,GT,CC,TT,GT,GG,TT,CC,TT,CC,CT,CG,GG,AA,TT,TT,CC,AA,GG,AA,CC,GT,TT,CG,TT,AA,AA,TT,CC,GG,CC,GG,CC,GG,CC,AA,CC,CC,CC,CC,AA,TT,CC,AA,CC,TT,AA,TT,AA,AA,GG,CC,CC,GG,AG,GG,AT,CC,GG,CC,CC,AA,AA,AG,TT,GG,AA,TT,TT,AG,CC,TT,TT,TT,CG,AT,GT,TT,AA,AT,GG,CC,AG,CC,CC,CC,CG,CC,AA,GG,NN,CC,TT,CC,GT,NN,GG,AT,AA,AA,TT,CC,GG,AA,CC,CC,GG,GG,AC,GG,TT,AC,AA,CG,GG,AA,CC,AA,AA,GT,GT,AT,AA,NN,GT,AA,CG,AT,NN,AA,GG,AA,TT,AC,TT,CC,CT,AA,CC,CT,CC,AA,CG,AG,CC,TT,CT,TT,CG,TT,AA,CC,AA,GG,CC,CG,GG,CC,GG,AT,AA,CC,GG,GG,CC,CC,AA,AA,CC,AT,CC,AT,AA,AC,CG,AC,TT,AA,GG,AA,AA,NN,AA,AG,AG,AA,AA,TT,GG,AC,AA,CC,AA,CT,AA,AA,GG,GG,GG,TT,AA,AA,TT,TT,TT,GG,TT,GG,GG,AA,4.52,Moderate,Low,Poor,Medium
L0273,Bengaluru Rural,Karnataka,Kharif,Red Sandy Loam,Rainfed,720,26.0,70,AC,TT,GG,AA,GG,CC,GT,TT,CC,GG,AA,CC,CG,TT,TT,GG,GG,TT,TT,AA,CC,TT,GT,CT,TT,CC,NN,TT,GG,AA,TT,CC,AA,CC,NN,GG,GG,CG,GG,CC,TT,CT,AA,GT,AA,GG,TT,TT,CC,CC,GG,AA,AA,GG,CT,TT,AA,AC,GG,AA,AA,TT,TT,AG,TT,AT,CC,GG,TT,GT,AG,GG,AC,AG,AG,AA,AT,NN,GT,TT,GG,GG,GT,CC,AA,GG,AG,AA,CC,GG,CC,TT,TT,TT,GT,AG,CT,CC,GT,CT,CT,CC,AG,AA,TT,TT,CG,AA,AA,AA,CC,GG,TT,CC,TT,CC,AA,TT,CC,AG,CC,GG,CC,GT,NN,NN,CT,CC,CC,CG,AA,TT,AC,AC,CC,CC,AA,TT,GG,AT,GG,CT,CC,GG,AG,AG,AA,CC,GG,CC,CC,AA,AG,GG,TT,GG,AA,TT,TT,AG,CC,TT,TT,TT,CC,AA,TT,TT,AA,TT,GG,CC,AA,CT,AC,CC,GG,CC,AA,GG,AA,CC,TT,CC,GG,TT,GG,TT,AA,AA,GT,CC,CG,AC,AC,CC,GG,GG,CC,CG,TT,CC,AG,CC,GG,AA,CC,AA,AA,GG,TT,AT,AA,GG,GG,AT,CC,AT,GG,AA,GG,AA,CT,AA,AT,CC,TT,AA,AC,CC,GG,AA,CC,AG,AC,TT,TT,TT,GG,TT,AC,CC,AA,GG,CC,CC,GG,CC,GG,TT,AA,CC,TT,GG,CC,CC,AA,GG,CC,AT,CC,AA,AA,AC,CG,AC,TT,AA,GG,AA,CC,AA,AC,GG,AA,AA,AA,AT,GG,AA,AA,CC,AC,TT,AG,AA,GG,GG,GG,TT,AA,AA,TT,TT,AT,AG,TT,GG,GG,AA,7.72,Moderate,High,Premium,Late
L0274,Bengaluru Rural,Karnataka,Kharif,Red Sandy Loam,Rainfed,720,26.0,70,AC,TT,GG,AA,GG,CC,GG,AT,CC,CG,AA,CC,CC,AT,TT,NN,NN,TT,TT,AA,CC,TT,GT,NN,TT,CC,TT,AT,GG,AA,TT,CC,AA,CC,GG,GG,GG,CC,GT,AC,TT,CT,AA,TT,AA,AA,TT,AT,CC,CC,GG,AA,AA,GG,CC,TT,AA,AC,GT,AA,AA,TT,TT,GG,TT,TT,CC,GG,TT,GT,AA,GT,CC,AA,GG,AA,AT,GG,TT,TT,GG,GG,GG,CC,AA,AG,AA,AT,CC,GG,CC,TT,NN,AT,GT,AG,TT,CC,TT,CT,CT,CC,AG,AG,AT,GT,CC,AA,GG,AC,CT,GG,TT,CC,TT,AA,AA,TT,CC,NN,CC,AG,CC,GG,TT,AG,CC,CC,CC,CG,AA,NN,CC,AA,CC,NN,AA,TT,AA,AA,GG,CT,CC,GG,AA,AG,AA,CC,GG,CC,CC,AA,AG,GG,TT,GG,CC,TT,CT,GG,AC,TT,GT,TT,GG,AA,GT,TT,AT,TT,GG,CG,AG,CT,CC,CC,CG,CC,AA,GG,AA,CC,TT,CC,GT,TT,GG,TT,AA,GG,TT,CC,GG,AA,AC,CC,GG,GG,AC,GG,TT,AC,AA,CC,GG,AA,CC,AT,AA,GT,TT,TT,AA,GG,GG,AT,CC,NN,TT,AA,GG,AA,TT,AA,TT,CC,TT,AC,AC,TT,GG,NN,CC,AA,AC,TT,CT,GT,GG,AT,CC,AC,AA,GG,CC,CG,GG,CC,GG,AT,AA,CC,GT,GG,CG,CC,AA,NN,CG,AT,CC,AA,AA,CC,CG,AC,TT,AA,GG,AA,AA,AA,AA,AG,AG,AG,AA,TT,NN,AA,GG,CC,NN,TT,AA,AA,GG,GG,GG,TT,AA,AG,TT,TT,TT,AG,TT,GG,GG,AA,6.7,Susceptible,High,Poor,Early
L0275,Bengaluru Rural,Karnataka,Kharif,Red Sandy Loam,Rainfed,720,26.0,70,AC,TT,GG,AG,GG,CC,GG,TT,CC,CG,AA,CC,CG,AA,TT,GG,GG,TT,TT,AA,CC,TT,TT,CC,AT,CC,TT,TT,GG,AA,NN,CT,AA,CC,GG,GG,GG,CG,GG,CC,TT,TT,AA,TT,AA,AA,TT,TT,CC,CC,GG,AA,AA,CG,CC,GT,AA,AC,GT,AA,AG,TT,TT,AA,TT,TT,CC,GG,TT,GG,AG,GG,CC,AA,GG,AA,AA,GG,TT,TT,GG,GG,GG,AC,AA,GG,AA,AT,CC,GG,NN,GT,CC,TT,GG,AG,TT,CC,TT,CT,CT,CG,GG,AA,TT,TT,CC,AG,AG,AA,TT,GG,TT,NN,TT,AA,AA,TT,NN,AG,NN,GG,CC,GT,TT,AA,CT,CC,CC,CC,AA,TT,CC,AA,CC,CC,AA,TT,AA,AA,GG,CC,CC,GG,AA,NN,AA,AC,GT,CC,CG,AA,AA,GG,TT,GG,AA,TT,TT,GG,AC,GT,TT,TT,CC,AA,GT,TT,AT,AT,GG,CC,AG,CT,CC,CC,CG,CC,AA,GG,AA,CC,TT,CC,GT,TT,GG,TT,AA,AA,TT,CC,GG,AA,AC,CC,GG,GG,AA,GG,TT,AC,AA,CC,GG,AT,AC,AA,AT,GG,TT,AA,AA,CG,TT,AA,CG,AT,TT,AA,GG,AA,TT,CC,TT,CC,CT,AA,CC,TT,GG,AG,CG,AG,CC,TT,TT,GT,GG,TT,AC,AA,AA,GG,NN,CG,GG,CC,GG,AT,AA,CG,GT,GG,CG,CC,AT,GG,CC,AT,CC,AA,AG,CC,CC,CC,TT,AA,GG,AA,AA,AA,AA,GG,AA,AG,AA,TT,NN,AA,AG,CC,AA,CT,AG,AG,GG,GG,CG,TT,AT,AA,GT,TT,TT,AG,TT,GG,GG,AA,4.89,Susceptible,Medium,Poor,Medium
L0276,Bengaluru Rural,Karnataka,Kharif,Red Sandy Loam,Rainfed,720,26.0,70,AA,TT,AG,AG,GG,CC,GT,AT,CC,CG,AA,CC,CG,AT,TT,GT,CG,TT,TT,AG,CC,TT,GG,CC,TT,CC,TT,TT,GG,AA,TT,CT,AA,AC,AG,GG,GT,CG,GG,CC,TT,TT,AC,TT,AA,GG,TT,TT,CC,CC,GG,AA,AA,GG,CT,GT,AA,AA,GT,AC,AA,TT,TT,AA,TT,AT,CC,GG,TT,GT,AA,GG,CC,AA,AG,AC,AA,GG,GT,TT,AG,GG,GG,CC,AA,GG,AA,AT,CC,TT,AC,TT,CC,TT,TT,GG,TT,CC,GT,CT,TT,CG,AA,AA,TT,TT,CC,AA,AG,AC,CT,GG,TT,CC,TT,AA,AC,TT,CC,GG,CC,GG,CC,GG,TT,AA,CC,CC,CC,CC,AA,NN,CC,AA,CC,CC,AA,TT,AA,AA,GG,CC,CC,GG,AA,AA,AA,CC,GG,CC,CC,AA,AA,GG,TT,GG,AA,TT,CT,GG,CC,GT,GT,TT,CC,AA,TT,TT,AA,TT,GG,CC,AG,CC,CC,CC,GG,NN,AA,GG,AG,CC,TT,CC,GT,NN,CG,AT,AA,AA,TT,CC,GG,AA,CC,CC,GG,GG,AC,NN,TT,AC,AA,CC,GG,AA,CC,AT,AT,GG,TT,AT,AT,CG,GG,AT,CC,AT,NN,AA,GG,AA,TT,AC,TT,CC,TT,AA,CC,TT,GG,AA,CC,AG,NN,AT,TT,GT,GG,TT,AA,AC,AG,GG,CC,CC,GG,CG,GG,AT,AA,CC,GT,GG,CC,CG,NN,AG,CC,AA,CC,AA,AA,CC,CG,CC,AT,AA,GG,AA,AA,AC,AA,GG,AA,AA,AA,TT,GG,AA,NN,AC,AA,TT,AA,AG,GG,GG,GG,TT,AA,AG,TT,TT,TT,AA,NN,GG,GG,AC,5.56,Resistant,Low,Premium,Late
L0277,Bengaluru Rural,Karnataka,Kharif,Red Sandy Loam,Rainfed,720,26.0,70,CC,NN,GG,AA,GG,CC,GG,TT,CC,GG,AA,CC,CC,AT,TT,GT,CG,TT,NN,AA,CC,TT,TT,CC,TT,CC,TT,AT,GG,AA,TT,CC,AA,AC,GG,CG,GG,GG,GG,CC,TT,CT,AA,TT,AG,AG,TT,TT,CC,CC,GG,AA,AA,GG,CC,GT,AA,AC,NN,AC,AA,TT,AA,AA,TT,TT,CC,GG,CT,GT,AG,GG,CC,AA,AG,AC,AT,GG,TT,CT,GG,GG,TT,CC,AA,GG,AA,AA,CC,TT,CC,TT,CT,TT,TT,GG,TT,NN,TT,CC,CC,CC,AG,AA,AT,TT,CC,NN,GG,AA,CT,GG,TT,CC,TT,AA,AA,TT,CC,AA,CC,GG,CC,GG,CC,AA,CC,CC,CC,CC,AA,TT,CC,AA,CC,CT,AA,AT,AA,AA,GG,CC,CC,GG,AA,AG,AA,CC,GG,CC,CC,AA,AA,GG,TT,GG,AC,TT,CT,GG,CC,TT,TT,TT,CC,AA,GT,TT,AA,TT,GG,CG,AA,TT,CC,CC,CG,CC,AA,GG,AG,CC,TT,CC,GT,TT,GG,TT,AG,AG,TT,AC,GG,AA,AC,CG,GG,GG,AA,GG,TT,AA,AA,CC,GG,AA,CC,AA,AT,NN,TT,TT,TT,GG,GT,AT,CG,AA,TT,AA,GG,AA,TT,AA,TT,CC,TT,AC,CC,TT,GG,AA,CC,AA,AC,TT,CT,GT,GG,NN,AC,AC,AG,GG,CC,CC,GG,CC,GG,AA,AA,CC,GT,GG,CC,CC,AA,GG,CC,TT,CC,AA,AA,AC,CC,CC,AT,AA,GG,AA,AA,AC,AA,AG,AA,AA,AA,AT,GG,AA,AA,AC,AA,CT,AA,AA,GG,GG,GG,TT,AA,AA,GT,AT,AT,AG,TT,GG,GG,AC,3.67,Resistant,Medium,Poor,Early
L0278,Bengaluru Rural,Karnataka,Kharif,Red Sandy Loam,Rainfed,720,26.0,70,AC,TT,GG,AA,GG,CC,GG,AT,CG,GG,AT,CT,CC,TT,TT,GT,GG,TT,TT,AA,CC,GT,GT,CT,TT,CT,GT,TT,GG,AA,TT,CC,AA,CC,GG,GG,GG,CG,GG,CC,TT,CT,AA,TT,AA,GG,TT,TT,CC,AC,GG,AA,AA,GG,CT,TT,AA,AC,GG,CC,AA,GT,AT,AA,TT,TT,CC,GG,TT,GT,AA,GT,CC,AA,GG,AC,AA,GG,TT,TT,GG,GG,GG,CC,AA,GG,AA,AA,CC,TT,CC,TT,CC,TT,TT,AG,CT,AC,GT,CC,CC,CC,AA,AA,AT,TT,CC,AA,AG,AA,CC,GG,TT,CC,TT,AA,AA,TT,CC,GG,CG,GG,CT,GT,CT,AG,NN,CC,NN,CC,AA,TT,CC,AA,CC,CC,AA,TT,AG,AA,GG,CC,CC,GG,AA,AA,AT,CC,GT,CC,CC,AG,GG,GG,GT,GG,AC,TT,TT,GG,AC,TT,TT,TT,CC,AA,TT,TT,TT,TT,GG,CC,AA,CT,CC,CC,GG,CC,AA,GG,AG,CC,TT,CC,GG,TT,GG,AT,AA,AA,TT,CC,GG,AC,AC,CC,GG,GG,AA,GG,TT,AC,AA,CC,GG,AA,CC,AA,AT,GT,TT,TT,AA,CG,TT,AT,CC,TT,TT,AA,GG,AA,TT,AA,TT,CG,TT,AC,CC,TT,CG,GG,CC,AA,CC,TT,CT,TT,CG,TT,AA,CC,AA,GG,CC,CG,GG,CC,GG,TT,AA,CC,TT,GG,CC,CC,AA,GG,CC,AA,CG,AA,AA,CC,CC,AC,TT,AA,GG,AA,AA,AA,AA,GG,AG,AA,AA,TT,GG,AA,AG,CC,AA,TT,AA,AA,GG,GG,GG,TT,AA,AA,TT,TT,TT,AG,TT,GG,GG,AA,3.0,Susceptible,High,Standard,Medium
L0279,Bengaluru Rural,Karnataka,Kharif,Red Sandy Loam,Rainfed,720,26.0,70,AA,CT,GG,GG,CC,CG,GG,TT,CC,CG,AA,CT,CC,AT,TT,GG,NN,TT,TT,AA,CC,TT,GT,CC,TT,CC,TT,TT,GT,AA,TT,CC,AA,CC,GG,CG,GG,CC,GG,CC,NN,TT,AA,TT,AG,GG,TT,TT,CC,AC,GG,AA,AG,GG,CC,GT,AT,AA,GT,CC,AA,TT,AT,AG,TT,TT,CC,GG,TT,GG,AG,GG,CC,AA,AG,AA,TT,GG,TT,TT,GG,GG,GT,CC,TT,GG,AA,AA,CC,GT,CC,TT,CC,TT,TT,GG,TT,CC,TT,NN,CC,CC,AG,AA,TT,TT,CG,AA,AA,AC,CC,GG,TT,CC,TT,AA,AA,TT,CC,GG,CC,AG,CC,GG,TT,AG,CC,CC,CC,CG,AA,TT,CC,AA,CC,CC,AA,AT,AA,AA,NN,CT,CC,GG,AA,AA,AA,CC,GT,CC,CC,AA,AA,AG,TT,NN,CC,GT,TT,GG,AC,GT,TT,TT,CC,AT,TT,CT,AA,TT,GG,CC,AG,CC,CC,CC,GG,CC,AA,GG,AG,CC,TT,CC,GT,TT,CG,AT,AA,AA,TT,CC,CG,AA,CC,CC,GG,GG,AC,GG,TT,AA,AG,CC,GG,AT,AC,AA,AA,NN,TT,AT,AA,GG,GG,AA,CG,AT,NN,AA,GG,AA,TT,AA,TT,CC,TT,AA,CC,TT,GG,AA,CC,NN,AC,TT,TT,GG,GG,TT,AA,CC,AG,GG,CC,CG,GG,CC,GG,TT,AA,CC,TT,GG,CC,CG,AA,GG,CG,AA,CC,AT,AA,AA,GG,AC,TT,NN,GG,AA,AA,AA,AA,GG,AG,AG,AA,AT,CG,AC,AA,CC,AC,CT,AA,GG,GG,GG,GG,TT,AA,AA,TT,TT,TT,AA,AT,GG,GG,AA,3.31,Susceptible,Low,Standard,Medium
L0280,Bengaluru Rural,Karnataka,Kharif,Red Sandy Loam,Rainfed,720,26.0,70,AA,NN,GG,AG,CG,CC,GT,TT,CC,CG,AA,CC,CC,TT,TT,TT,CG,TT,TT,GG,CG,GT,GT,CC,TT,CC,TT,TT,GG,AA,TT,CC,AA,CC,GG,CG,GG,CG,GG,CC,TT,CT,AA,TT,AG,AG,TT,AT,CC,CC,GT,AA,AA,GG,CC,GT,AA,AA,GG,AA,AA,TT,AT,AG,TT,TT,CC,GG,TT,GG,AG,GT,CC,AA,AG,AA,AT,GG,TT,TT,GG,GG,GG,CC,AA,GG,AA,AA,CC,GG,CC,TT,CT,AA,TT,AG,TT,CC,GT,CC,CT,CG,GG,AA,TT,TT,CC,AA,AA,AA,CC,GG,TT,CC,TT,AA,AC,TT,CC,GG,CC,GG,CC,GT,CT,AA,CC,CC,CC,CC,AA,TT,CC,AA,CC,CC,AA,TT,AA,AA,GG,CC,CC,GG,AA,AG,AT,NN,GG,NN,CC,AA,AG,AG,GT,GG,AC,GT,CC,GG,AC,TT,GT,TT,CC,AT,GT,TT,AA,TT,GG,CC,AA,CT,CC,CC,GG,CC,AA,NN,AA,CC,TT,CC,TT,GT,CG,TT,AA,AA,TT,CC,GG,AC,AC,CC,CG,GG,AC,CG,TT,CC,AA,CC,GG,AA,AC,AA,AT,GG,TT,TT,TT,GG,GG,AT,CC,AT,TT,AA,GG,AA,TT,AA,TT,CC,CT,AA,AC,TT,GG,AG,CC,GG,CC,AT,CT,GT,GG,TT,AA,CC,AA,GG,CC,NN,CG,CC,GG,TT,AG,CC,GT,GG,CC,CC,AA,GG,CC,AA,CC,AA,AG,AC,CG,CC,TT,AA,GG,AA,AA,AA,AA,GG,AG,AG,AA,AT,CG,AA,AA,AC,AC,TT,AA,AG,CG,GG,CG,TT,AA,AA,TT,TT,TT,AG,AT,GG,GG,AA,4.13,Moderate,Low,Standard,Late
L0281,Bengaluru Rural,Karnataka,Kharif,Red Sandy Loam,Rainfed,720,26.0,70,AA,CT,GG,AG,GG,CC,GT,TT,CC,CC,AA,CC,CG,AT,TT,GG,CG,TT,TT,AG,CC,GT,TT,CT,TT,CC,TT,TT,GG,AA,TT,CC,AA,CC,GG,GG,GT,CG,GG,CC,TT,CT,AC,TT,AA,GG,TT,TT,CG,AA,GG,AT,AA,GG,CC,TT,AA,AA,GG,AA,AA,TT,TT,AA,TT,AT,CC,GG,TT,GT,AA,GG,CC,AA,GG,AC,AA,GG,TT,TT,GG,GG,GT,CC,AA,GG,AA,AT,CC,GG,AC,TT,CC,NN,TT,GG,CT,CC,TT,CC,CC,CG,AG,AA,TT,TT,CC,AA,AG,AC,CC,GG,GG,CC,TT,AC,AC,TT,CC,AG,CC,GG,CT,GG,CT,AG,CC,CC,CC,CG,AA,TT,CC,AA,NN,CC,AA,TT,AA,AA,GG,CT,CC,GG,AA,AG,AT,CC,GT,CC,CC,AA,AA,AG,TT,GG,CC,TT,CT,GG,CC,GT,TT,TT,CC,AA,TT,TT,AA,AT,GG,CC,AG,CC,CC,CC,GG,CC,AA,GG,AG,CC,TT,CC,GG,TT,CG,AT,AA,AG,TT,CC,GG,AC,AC,CC,GG,GG,AA,GG,TT,AA,AA,CG,GG,AA,AC,AA,AA,NN,TT,AA,AT,CG,GG,AA,CC,TT,GT,AA,GG,AA,CT,AA,TT,CC,TT,AC,CC,TT,CG,AA,CG,AG,CC,TT,CT,TT,GG,TT,AC,AC,AA,GG,CG,CG,GG,CG,GT,TT,NN,CC,GT,GG,CC,CC,AT,GG,CC,AA,CC,NN,AG,CC,CC,AC,AT,AA,GG,AA,AA,AC,AA,AG,AA,AG,AA,TT,GG,AC,AA,AC,AA,CT,AA,AG,GG,AG,GG,TT,AT,AA,TT,TT,TT,GG,TT,GG,GG,AA,6.17,Susceptible,Low,Standard,Late
L0282,Bengaluru Rural,Karnataka,Kharif,Red Sandy Loam,Rainfed,720,26.0,70,AC,TT,GG,AG,GG,CC,GT,TT,CC,CG,AA,CC,CC,TT,TT,GG,CG,TT,TT,AA,CC,TT,GG,CC,AT,CC,TT,AT,GG,AA,TT,CT,AA,CC,AG,GG,GG,CC,GG,CC,TT,TT,AA,TT,AA,AG,CC,TT,CC,AA,GT,AA,AG,GG,CC,TT,AA,AC,GG,AC,AA,TT,AT,AG,TT,AT,CC,GG,TT,GT,AA,GG,CC,AA,GG,CC,AA,GG,NN,TT,GG,GG,GG,CC,AA,GG,AA,AA,CC,GT,CC,TT,CT,TT,TT,GG,TT,CC,GT,CT,CC,CG,GG,AA,TT,TT,CC,AA,AG,AC,CT,GG,GT,NN,TT,AA,AA,TT,CG,AG,CC,GG,CC,GT,CT,AA,CC,CC,CC,CC,AA,TT,CC,AA,CC,CT,AA,AT,AA,AA,GG,CC,CC,GG,NN,AG,AA,CC,TT,CC,CC,AA,AA,GG,TT,GG,AA,TT,TT,GG,CC,GT,TT,TT,CC,AA,TT,TT,AA,TT,CG,CG,AA,CC,CC,CC,CG,CC,AA,GG,AA,CC,TT,CC,GG,TT,CG,AT,AA,AA,TT,CC,GG,AA,CC,CC,GG,GG,NN,CG,TT,AA,AA,CC,GG,AA,AA,AT,AA,GT,TT,TT,AA,CG,TT,TT,CG,TT,TT,AT,GG,AA,TT,AA,TT,CC,TT,CC,CC,CT,CG,AA,CC,GG,CC,TT,TT,GT,GG,TT,AC,AC,AA,GG,CC,CG,GG,CC,GT,AA,AA,CC,GG,GG,CC,CC,AA,AG,CC,AA,CC,AA,NN,CC,CC,CC,AT,AA,GG,AA,AA,AA,AA,GG,AA,AA,AA,AT,GG,AC,GG,AA,AA,TT,AA,AA,GG,GG,GG,TT,AA,AA,TT,TT,TT,AA,AT,CG,GG,AA,4.3,Moderate,Low,Standard,Late
L0283,Bengaluru Rural,Karnataka,Kharif,Red Sandy Loam,Rainfed,720,26.0,70,CC,TT,GG,AA,GG,CC,TT,AT,CC,CC,AA,CC,GG,TT,GT,GT,CC,TT,TT,AA,CC,TT,TT,CC,TT,CC,TT,TT,GG,AA,CT,CC,AA,CC,GG,GG,GG,CC,GG,CC,TT,TT,AC,TT,AA,GG,TT,TT,CC,AC,GT,AA,AG,GG,CC,TT,AA,AA,GG,CC,AG,TT,AT,AG,CT,TT,CC,GG,TT,GG,AG,GT,CC,AA,AG,AA,AA,GG,TT,TT,GG,GG,GG,CC,AT,GG,AA,NN,CC,GT,AC,TT,CT,AT,TT,GG,TT,AC,TT,CC,CC,CG,NN,AA,TT,TT,CC,AA,AG,AC,CC,GG,TT,GG,GT,CC,AA,TT,CC,NN,CC,AG,CC,GT,TT,AG,CT,CC,CC,CC,AA,TT,CC,AA,CC,CT,AA,TT,AA,AA,GG,CC,CG,GG,AA,AA,AA,CC,GG,CC,CC,AA,AG,GG,GT,GG,AA,GT,CC,GG,AC,NN,GT,TT,CC,AA,TT,TT,AT,TT,GG,CC,AA,TT,CC,CC,GG,CC,AA,GG,AA,CC,TT,CC,GG,GT,GG,NN,AA,AA,TT,CC,GG,AA,AC,CC,GG,GG,AA,GG,TT,AA,AA,CC,GG,AA,CC,AA,TT,GT,TT,TT,TT,CC,GT,AT,CG,AT,GT,AA,GG,AG,TT,AA,TT,CC,TT,AA,AC,TT,CG,AA,CC,AA,CC,TT,TT,GG,GG,TT,AA,AC,AA,GG,CC,CG,GG,CC,GG,AA,AA,CG,TT,GG,CG,CG,AA,GG,GG,AA,CC,AA,AA,CC,CC,AC,TT,AG,GG,AA,AA,NN,AA,AG,NN,AA,AA,AT,GG,CC,AA,CC,AA,TT,AA,AA,CG,GG,GG,TT,AA,AA,GT,TT,TT,AA,TT,GG,GG,AA,3.67,Resistant,High,Standard,Late
L0284,Bengaluru Rural,Karnataka,Kharif,Red Sandy Loam,Rainfed,720,26.0,70,NN,TT,GG,AG,GG,CC,GT,AT,CC,CG,AA,CC,GG,AT,TT,GT,CG,TT,NN,AA,CC,TT,TT,CC,AT,CC,TT,TT,GG,AA,NN,CC,AA,CC,GG,GG,GG,CC,GG,AC,TT,TT,AA,NN,AG,GG,TT,TT,CC,AA,GG,AA,AA,GG,CT,TT,AA,AA,GG,AC,NN,TT,TT,AA,TT,AT,CC,GG,TT,TT,AG,NN,CC,AA,AG,AA,AT,GG,GT,TT,GG,GG,GG,CC,AT,GG,AA,AA,CC,GT,CC,TT,CT,TT,GT,AG,TT,CC,GG,CC,CC,CC,AA,AG,TT,TT,CG,AG,AG,AA,CC,GG,TT,CG,TT,AA,AA,AT,CC,AG,CG,GG,CC,GG,TT,AA,CC,CC,CC,CC,AA,TT,CC,AA,CC,CC,AA,TT,AA,AT,CG,CC,CC,GG,AG,AG,AA,CC,GG,CC,CC,AA,AG,GG,TT,GG,AC,TT,TT,GG,CC,TT,GG,TT,CG,AT,TT,TT,AA,TT,GG,CC,AA,CT,CC,CC,GG,CC,AA,AG,AA,CC,TT,CG,GG,GT,CG,TT,AA,AA,TT,AC,GG,AC,CC,CG,GG,AA,AA,GG,TT,AA,AA,CC,GG,AA,CC,AA,AA,GG,TT,AA,TT,GG,GT,AA,CC,AT,TT,AA,AG,NN,TT,AC,TT,CC,TT,AC,AA,CT,GG,AA,CC,GG,CC,AT,TT,TT,GG,TT,AC,CC,AA,GG,CC,CC,GG,CC,GG,AT,AA,CC,GT,GG,CC,CC,AT,AG,CC,AT,CC,AT,AA,AC,CG,AA,TT,AA,GG,AA,AA,AC,AC,GG,AG,AG,AA,AA,GG,AA,AG,CC,AA,CT,AA,AA,GG,GG,GG,TT,AA,AA,TT,TT,TT,AA,TT,GG,GG,AA,4.36,Moderate,Medium,Premium,Late
L0285,Bengaluru Rural,Karnataka,Kharif,Red Sandy Loam,Rainfed,720,26.0,70,AA,CT,GG,GG,GG,CC,GG,TT,CC,CG,AT,CT,CG,TT,GT,GT,GG,TT,TT,AG,CC,TT,GT,CT,AT,CC,GT,TT,GG,AA,TT,CC,AA,CC,GG,GG,GG,NN,GG,AC,TT,CT,AA,TT,AA,AG,TT,TT,NN,AC,GT,AA,AA,GG,CC,TT,AT,AC,GG,AA,AA,TT,AT,AA,TT,AT,CC,GG,TT,GG,AG,GG,CC,AA,GG,AC,AT,GG,GT,CT,GG,GG,GG,AC,AA,GG,AA,AA,CC,GT,CC,TT,CT,TT,TT,GG,TT,CC,TT,CC,CC,CC,AG,AA,AT,TT,CG,AG,AG,AC,CC,GG,TT,CG,TT,AA,AA,TT,CC,AG,CC,GG,CC,GT,NN,AA,CC,CC,CC,CC,AA,TT,CC,AA,AC,CC,AA,TT,AA,AA,GG,CC,CC,GG,AA,AG,AA,AC,GG,CC,CC,AA,AA,GG,GT,GG,AA,TT,CT,GG,CC,GT,GG,TT,CG,AT,TT,TT,AA,NN,GG,CC,AA,CT,CC,CC,GG,CC,AA,GG,AG,CC,GT,CC,GG,TT,GG,AA,AA,AA,TT,AC,GG,AA,NN,CC,GG,GG,CC,GG,TT,AC,AA,CC,GG,AA,CC,AT,AT,GT,GT,TT,AA,GG,GT,AA,CC,AT,TT,AA,AG,AA,CT,AA,NN,CC,TT,AC,CC,TT,GG,AA,CC,AG,AC,TT,TT,GT,GG,TT,AA,AC,AA,GG,CC,CG,GG,CC,GG,TT,AA,CC,GT,GG,CC,CC,AA,AG,CC,AA,CC,AA,AA,CC,CC,AC,TT,AA,GG,AA,AA,AA,AA,AG,GG,AA,AA,TT,GG,AC,AA,CC,AA,TT,AG,AA,CG,GG,GG,TT,AT,AA,TT,TT,NN,AA,AT,GG,GG,AA,3.13,Resistant,Medium,Premium,Early
L0286,Bengaluru Rural,Karnataka,Kharif,Red Sandy Loam,Rainfed,720,26.0,70,NN,TT,GG,GG,NN,CG,GG,TT,CC,CC,AA,CC,CG,TT,TT,GT,CC,TT,TT,GG,CC,GT,TT,CC,TT,CC,TT,TT,GG,AA,TT,CC,AA,CC,GG,GG,GG,CC,GG,CC,TT,CT,AC,GT,AG,AA,TT,TT,CC,CC,GG,AA,AG,GG,CT,TT,AA,AA,GG,AA,AA,TT,AT,AG,TT,TT,CC,GG,TT,GT,GG,GG,CC,AA,AG,AC,NN,GG,TT,TT,GG,GT,GG,CC,AA,GG,AA,AT,CC,GT,CC,TT,CT,TT,NN,GG,TT,CC,TT,CC,CT,CG,AA,AA,TT,GT,CC,AA,GG,AC,CC,GG,TT,CC,TT,AA,AC,TT,CG,GG,CC,GG,CC,GT,CT,AA,CT,CC,AA,CC,AA,TT,CC,AA,CC,CC,AA,TT,AA,AT,NN,CC,CC,GG,AA,AG,AA,AC,GG,CG,CC,NN,AA,GG,GT,AG,AA,GT,TT,GG,CC,GT,TT,TT,NN,AA,TT,TT,AA,AT,GG,CC,AA,CT,CC,AC,GG,CC,AA,GG,AG,CC,TT,CC,GG,TT,CG,AT,AA,AG,TT,CC,GG,AA,CC,CC,GG,GG,AA,GG,TT,AC,AA,CC,GG,TT,CC,AA,AT,GG,TT,AT,AT,CG,GT,AA,CC,TT,TT,AA,GG,AA,TT,AC,TT,NN,TT,AC,CC,TT,GG,AG,CC,AG,CC,TT,TT,TT,GG,TT,AA,CC,AG,GG,CC,CG,GG,CC,GG,AA,AA,CC,TT,GG,CC,CC,AA,GG,CC,AA,CC,AA,AA,CC,CC,AC,TT,AA,GG,AA,AA,AA,AA,GG,AA,AA,AA,TT,GG,AA,AA,CC,AC,CT,NN,AA,GG,NN,GG,TT,AA,AG,TT,TT,NN,AG,TT,GG,CG,AA,3.38,Susceptible,High,Poor,Medium
L0287,Bengaluru Rural,Karnataka,Kharif,Red Sandy Loam,Rainfed,720,26.0,70,AA,TT,GG,AA,GG,CG,GT,TT,CC,CC,AA,CC,CC,AT,TT,GG,GG,TT,TT,AG,CC,GT,GT,CC,TT,CC,TT,TT,GG,AA,TT,CC,AA,CC,GG,CG,GG,CC,GG,CC,GT,CT,AA,TT,AA,GG,CT,TT,CC,CC,TT,AA,AG,GG,CC,TT,AA,AC,GT,CC,AA,TT,TT,AG,TT,TT,CT,GG,TT,GT,AA,GG,CC,NN,GG,CC,AT,GG,TT,TT,GG,GG,GG,CC,AT,GG,AA,AA,CC,GT,AC,TT,NN,TT,TT,GG,TT,CC,TT,CC,CT,GG,GG,AG,AT,TT,CG,AA,AG,AA,CC,GG,TT,CC,GT,AA,AA,TT,GG,GG,GG,GG,CC,GG,TT,AA,CT,CC,CC,CC,AA,TT,CC,AA,CC,CC,AA,TT,AA,AA,NN,CC,CG,GG,AA,AG,AA,AC,GG,CC,CC,AG,AG,GG,TT,AG,AC,TT,CC,AG,AC,TT,TT,TT,CC,AT,TT,TT,AA,TT,GG,CC,AA,CC,CC,CC,GG,CC,AA,GG,AA,CC,TT,CC,GT,TT,CG,TT,AA,NN,TT,CC,GG,AC,NN,CC,GG,GG,AA,CG,TT,AC,AA,CC,GG,AA,CC,AA,AA,GT,TT,AT,AA,GG,GG,AA,CC,TT,TT,AA,GG,AA,CT,AA,TT,CC,TT,AA,CC,CT,GG,AG,CC,AA,CC,TT,CT,NN,GG,TT,AC,CC,AG,GG,CC,CG,GG,CG,GG,TT,AA,CG,GT,GG,CC,CC,AA,GG,CC,AT,CC,AA,AA,AC,CC,CC,TT,AA,GG,AT,AA,CC,AA,GG,AG,AG,AA,TT,GG,AA,AG,AC,AA,TT,AA,AA,GG,GG,GG,TT,AA,AA,TT,TT,NN,AA,TT,GG,GG,AA,4.39,Resistant,High,Poor,Late
L0288,Bengaluru Rural,Karnataka,Kharif,Red Sandy Loam,Rainfed,720,26.0,70,AC,TT,GG,AA,GG,CC,GT,TT,CG,CC,AA,CT,CG,AT,TT,GG,CG,TT,TT,AG,CG,GT,GT,CC,AT,CC,TT,TT,GG,AA,TT,CC,AA,AC,GG,GG,GG,CG,GG,AC,TT,CT,AC,TT,AA,GG,TT,AT,CC,AC,GT,AA,AG,GG,CC,GT,AA,AC,GT,AA,AA,TT,AA,GG,TT,TT,CC,GT,TT,GT,AA,GT,CC,AA,AG,AC,AT,GG,TT,TT,GG,GG,GG,CC,AT,GG,AA,AA,CC,TT,CC,TT,CT,TT,TT,GG,TT,AC,TT,CC,CT,CC,GG,AA,TT,TT,CC,AG,GG,AC,CT,GG,GT,CG,GT,AC,AC,AT,CC,AG,CG,AG,NN,NN,CT,AA,CC,CC,CC,CC,AA,TT,CC,AA,CC,CC,AA,TT,AA,AT,CG,CC,NN,GG,AA,AG,AA,CC,GT,CC,CG,AA,AG,GG,GG,GG,AC,GT,TT,AG,AC,GG,GT,TT,CC,AT,TT,TT,AA,TT,CG,CC,AA,CC,CC,CC,CG,CC,AA,GG,AA,CC,TT,CC,GT,GT,GG,AT,AG,AA,TT,CC,GG,AC,AA,CC,GG,GG,AA,GG,TT,AA,AA,CC,GG,AA,CC,AA,AA,GG,GT,TT,AT,GG,GT,TT,CG,TT,GT,AA,GG,AA,CT,AA,TT,CC,TT,AA,AC,CT,GG,AA,CC,AA,CC,AT,CT,GT,GG,TT,AC,CC,AA,GG,CC,CG,GG,CC,GG,AA,AA,CC,TT,GG,CC,CC,AA,AG,CG,AA,CC,AA,AA,CC,CC,CC,TT,AA,GG,AA,AA,AA,AC,AG,AA,AG,AA,AA,GG,AA,AA,CC,AC,CT,AA,AA,CG,GG,GG,GT,NN,AG,GG,TT,TT,AA,AT,GG,GG,AA,3.42,Moderate,Low,Poor,Early
L0289,Bengaluru Rural,Karnataka,Kharif,Red Sandy Loam,Rainfed,720,26.0,70,AA,TT,GG,AA,GG,CC,TT,AT,CC,CC,AA,CC,CG,AT,TT,GG,CG,TT,TT,AA,CC,GT,GG,CC,TT,CC,GT,TT,GG,AA,TT,CT,AA,CC,GG,GG,GG,GG,GG,CC,TT,TT,AA,GT,GG,GG,TT,AT,CC,AA,GG,AA,AA,GG,CT,TT,AA,AA,TT,AC,AG,TT,TT,AG,CT,TT,CC,GG,TT,GT,AA,GT,AC,AA,GG,AA,AT,GG,TT,TT,AG,GT,GG,CC,AA,GG,AA,AA,CC,TT,AC,TT,CT,TT,GT,AG,TT,CC,GT,CC,NN,CG,AG,AA,AT,TT,CG,AA,AA,AC,CC,GG,TT,CC,GT,CC,AC,TT,CC,AG,CC,GG,CC,GT,CT,AA,CT,CC,CC,CC,AA,TT,CC,AA,CC,CC,AA,TT,AA,AA,GG,CC,CC,GG,AA,AA,AA,CC,GG,CC,CC,AG,AG,GG,GT,GG,AC,GT,CT,GG,AC,TT,TT,CT,CG,AA,NN,TT,AA,NN,GG,CC,AG,CC,CC,CC,CG,CC,AA,GG,AA,CC,GT,CC,GT,TT,GG,AT,AA,AA,TT,CC,GG,AA,AA,CC,GG,GG,AA,GG,TT,AC,AA,CC,GT,AT,AC,AA,AT,GG,TT,TT,TT,GG,TT,AT,CC,AA,TT,AA,GG,AA,TT,AC,TT,CC,TT,AA,CC,TT,GG,AA,CC,GG,CC,TT,TT,TT,GG,TT,AC,AC,AA,GT,NN,CC,GG,CC,GG,TT,AA,CC,GG,GG,CC,CG,AA,GG,CC,AT,CC,AA,AA,CC,CG,AA,TT,AG,GG,AA,AA,AC,AA,AG,AG,AA,AA,TT,GG,AA,AG,CC,AA,TT,AA,AG,GG,GG,GG,GG,AT,AA,TT,TT,TT,AG,TT,GG,GG,AA,5.29,Susceptible,Low,Standard,Late
L0290,Bengaluru Rural,Karnataka,Kharif,Red Sandy Loam,Rainfed,720,26.0,70,AC,TT,GG,AA,GG,CC,GT,TT,CC,NN,AA,CC,GG,AT,TT,GG,CG,TT,TT,AA,NN,GT,GT,TT,TT,CC,TT,TT,GG,AA,TT,CC,AA,CC,AG,GG,GG,CC,GG,CC,TT,CT,AA,TT,AG,GG,TT,AT,CC,CC,NN,AA,AA,GG,CC,TT,AA,AA,GT,AA,AG,GT,AA,AA,TT,TT,CC,GG,CT,GG,AA,NN,CC,NN,AA,AC,AT,GG,TT,TT,GG,TT,GT,CC,AT,GG,AA,AT,CC,GT,CC,TT,CC,TT,GG,GG,CT,CC,TT,CC,CC,CC,AG,AG,AT,TT,CC,AA,AG,AA,TT,GG,TT,CC,TT,AA,AA,TT,CC,GG,CC,GG,CC,GG,TT,AA,CC,CC,CC,CC,AA,TT,CC,AA,NN,CC,AA,TT,AA,AT,GG,CC,CC,GG,AA,GG,AA,CC,GG,CC,CC,AA,AA,GG,GG,GG,CC,NN,CC,GG,AC,TT,TT,TT,CC,AA,TT,TT,AA,TT,GG,CC,AA,CC,CC,CC,CG,CC,AA,GG,AA,CC,TT,CC,GT,TT,GG,TT,AA,AG,TT,AC,GG,AA,NN,CC,GG,GG,AA,GG,TT,AC,AA,CC,GG,AT,CC,AA,AT,GG,TT,TT,AA,CG,GG,AA,CC,TT,TT,AA,AG,AA,CT,AA,TT,CC,TT,AA,CC,TT,GG,AA,CC,AA,AC,TT,CT,GT,GG,TT,AA,CC,AA,GG,CC,CC,GG,CC,GG,AT,AA,CC,GT,GG,CG,CC,AT,GG,CC,AA,CC,AA,AA,CC,CG,AC,TT,AA,GG,AA,AA,AA,AA,AG,AA,AG,AA,AT,GG,AC,AA,CC,AA,CT,AA,AA,GG,GG,GG,TT,AA,AA,TT,TT,TT,AG,AT,GG,CG,AA,4.02,Susceptible,Low,Standard,Early
L0291,Bengaluru Rural,Karnataka,Kharif,Red Sandy Loam,Rainfed,720,26.0,70,CC,TT,GG,NN,GG,CC,GG,AT,CC,CC,AA,CT,CC,AT,TT,GG,GG,TT,TT,AA,CC,GT,TT,CC,AT,CC,GT,TT,GG,AA,TT,CC,AA,CC,GG,CG,GG,CC,GG,CC,TT,CT,AA,TT,AA,GG,TT,TT,CC,AC,GT,AA,AA,GG,CT,TT,AA,AA,GT,CC,AA,GT,AT,AG,TT,TT,CC,GG,TT,GG,AG,GT,AC,AA,AG,AA,AT,GG,TT,TT,GG,TT,GT,CC,AA,GG,AG,AA,CC,GT,CC,TT,CC,TT,GT,GG,CT,CC,GG,CC,CT,CC,GG,AA,TT,TT,CC,AA,AA,AA,CC,GG,TT,CC,NN,AA,AA,TT,CC,AG,CG,GG,CT,GG,CT,AA,CC,CC,CC,CC,AA,TT,CC,AA,CC,CC,AA,TT,AA,AA,GG,CC,CC,GG,AG,AA,AA,CC,GT,CC,CC,AA,AG,GG,TT,AG,AC,GG,TT,GG,CC,GT,TT,TT,CC,AA,GT,TT,AA,TT,GG,CG,GG,CC,CC,CC,GG,CC,AA,GG,AA,CC,TT,CC,GG,TT,CG,AT,AA,AA,TT,CC,GG,AA,CC,CC,GG,GG,AA,CG,TT,AA,AA,CC,GT,AA,CC,AA,AA,GG,TT,TT,AT,CG,GT,AT,CC,AT,GG,AA,GG,AA,CT,AA,TT,CC,CT,AC,CC,CT,GG,GG,CC,AG,AC,TT,CT,GT,GG,TT,AA,CC,AA,GG,CC,CG,GG,CC,GG,TT,AA,CG,GT,GG,CC,CG,AT,GG,CC,AA,NN,AA,AA,AC,CG,CC,AT,AG,GG,AA,AC,AA,AA,GG,AG,AA,AA,TT,GG,AA,AA,AC,AC,NN,AA,AA,GG,GG,GG,GT,AA,AG,TT,TT,TT,AG,AT,GG,GG,AA,3.2,Susceptible,Medium,Premium,Early
L0292,Bengaluru Rural,Karnataka,Kharif,Red Sandy Loam,Rainfed,720,26.0,70,AA,TT,GG,AG,GG,CC,GT,TT,CC,CC,AA,CT,CC,AT,TT,GG,GG,TT,TT,AG,CC,TT,GT,CC,TT,CC,TT,TT,GG,AA,TT,NN,AA,CC,GG,GG,GG,GG,GG,CC,TT,CT,AC,TT,AG,GG,TT,AT,CC,AA,GG,AA,GG,GG,CC,GT,AA,AA,GG,AA,AA,TT,TT,AA,TT,TT,CC,GG,CT,GG,AA,GG,CC,AA,AG,AC,AA,GG,TT,TT,GG,GG,GG,CC,AA,GG,AA,AT,CC,GT,CC,TT,CC,TT,GT,AG,TT,CC,GG,CT,CC,CG,AG,AA,AT,TT,CC,AG,GG,AC,CC,GG,TT,CG,TT,AA,AA,TT,CC,AA,CG,AA,CC,GG,CT,AG,CC,CC,CC,CC,AA,TT,CC,AA,CC,CC,AA,TT,AA,AT,GG,CC,CC,GG,AG,AG,AA,AC,GG,CC,CC,AG,AA,GG,GT,GG,AC,TT,TT,GG,AA,GT,GT,TT,CC,AT,TT,TT,AA,AT,GG,CC,AA,CT,CC,AC,GG,CC,AA,GG,AG,CC,TT,CC,GT,GT,GG,TT,AA,AA,TT,CC,GG,AC,AC,CC,GG,GG,AC,GG,CT,AA,GG,CC,GG,AA,AC,AA,AT,GT,TT,TT,AA,CG,GG,AT,CG,TT,GG,AA,GG,AA,TT,AA,TT,CC,CT,AA,AA,CT,CG,AG,GG,AG,CC,TT,TT,GT,GG,TT,AA,CC,AG,GG,CC,CG,GG,CC,GG,AT,AA,CC,TT,GG,CG,CG,AA,GG,CG,AA,CC,AA,AA,AA,CC,AC,TT,AA,GG,AA,AA,NN,AA,GG,AA,AA,AA,AT,CG,AC,AG,AA,CC,TT,AA,AA,GG,GG,CG,TT,AT,NN,TT,TT,TT,AA,TT,GG,CG,AA,5.76,Susceptible,Medium,Poor,Early
L0293,Bengaluru Rural,Karnataka,Kharif,Red Sandy Loam,Rainfed,720,26.0,70,AC,TT,GG,AA,GG,CC,GT,AA,CC,GG,AA,CC,GG,TT,TT,GG,GG,TT,TT,AA,CC,TT,TT,CT,AT,CC,TT,TT,GG,AA,TT,CC,AA,CC,GG,CG,GG,GG,GG,CC,TT,CC,AA,TT,AA,AG,CT,TT,CC,AA,GG,AA,AA,GG,CT,TT,AA,AA,GT,CC,AA,TT,AT,AG,CT,AT,CC,GG,TT,GG,AA,GG,CC,AA,GG,AC,AA,GG,TT,TT,GG,GG,GT,CC,AA,GG,NN,AA,CC,GT,CC,TT,CT,TT,TT,GG,TT,CC,TT,CC,CC,CG,AG,AA,TT,TT,CC,AG,AG,AA,CC,GG,TT,CG,TT,AA,AA,TT,CC,AG,CC,GG,CT,GG,CT,AA,CT,CC,NN,CG,AA,GT,CC,AA,CC,CT,AA,TT,AA,AA,NN,CT,CC,GG,AA,AA,AT,CC,GG,CC,CG,AA,AA,GG,GT,GG,AC,GT,TT,AG,CC,GT,TT,TT,CC,AA,TT,TT,AA,AT,CG,CC,AA,CC,CC,CC,GG,AC,AA,GG,AA,CC,GT,CC,GT,TT,CG,TT,AA,AA,TT,AC,GG,AC,CC,CC,GG,GG,CC,CG,TT,AA,AA,CC,GG,AT,CC,AA,TT,GG,GT,TT,AT,GG,GT,AT,CG,AT,GT,AA,GG,AA,CC,AA,TT,NN,CT,AA,CC,TT,GG,AA,CC,AG,CC,TT,TT,GT,GG,TT,AC,AC,AA,GG,CC,CG,GG,CC,GG,AT,AA,CC,TT,GG,CC,CC,AT,GG,CC,AT,CC,AA,AA,CC,CG,CC,TT,AA,GG,AA,AA,AC,AA,AA,GG,AA,AA,TT,GG,AA,AG,AA,AA,CT,AG,AA,GG,GG,GG,TT,AA,AA,TT,TT,TT,AG,AT,GG,GG,AC,2.4,Resistant,Low,Standard,Early
L0294,Bengaluru Rural,Karnataka,Kharif,Red Sandy Loam,Rainfed,720,26.0,70,CC,TT,AA,GG,CG,CC,GT,TT,CC,CC,AT,CC,CG,TT,TT,GG,CG,TT,TT,AA,CC,TT,GT,CC,TT,CC,GT,TT,TT,AA,TT,CT,AA,CC,GG,CG,GG,CC,GG,CC,TT,CT,AC,TT,AA,GG,CT,TT,CC,AA,GG,AT,AA,GG,CC,GT,AA,AC,GT,AA,AA,GT,TT,AA,TT,TT,CC,GG,CT,GG,AA,GG,CC,AA,GG,AC,AT,GG,TT,TT,AG,GT,GG,CC,AT,GG,AG,AA,CG,TT,CC,TT,CC,TT,GT,GG,TT,CC,GT,CC,CC,CG,AG,AG,TT,TT,CG,AG,AG,AA,CC,GG,GT,CC,TT,AA,AC,TT,CG,AG,CG,GG,CC,GG,CT,AA,CC,CC,CC,CC,AA,TT,CC,AA,CC,CC,AA,TT,AA,AT,GG,CC,CC,GG,AA,AA,AT,AC,GG,CG,CG,AA,AG,GG,GT,GG,AA,TT,CT,GG,CC,TT,GG,TT,CC,AT,TT,TT,AA,AT,CG,CC,AA,CC,CC,CC,CG,AC,AA,GG,AA,CC,TT,CC,GT,GT,CG,AT,AA,AG,TT,CC,CG,NN,CC,CC,GG,GG,CC,GG,TT,AC,AA,CC,GG,AT,CC,AA,AT,GT,TT,TT,AT,CG,GG,AT,CC,AA,TT,AA,GG,AA,CT,AA,TT,CC,TT,AA,CC,CT,CG,AA,NN,NN,CC,TT,CT,TT,GG,TT,AA,NN,AG,GG,CC,CG,GG,CC,GG,AA,NN,CG,GT,GG,CC,CG,AA,GG,CG,AA,CG,AT,AA,CC,CC,AC,TT,AA,GG,AA,AA,AA,AA,GG,AG,AA,AA,TT,GG,AA,AA,CC,AA,CT,AA,AA,GG,GG,GG,TT,AA,AA,GT,TT,TT,AG,AT,GG,GG,AA,5.27,Susceptible,Low,Premium,Early
L0295,Bengaluru Rural,Karnataka,Kharif,Red Sandy Loam,Rainfed,720,26.0,70,AA,TT,AA,AA,GG,CC,GT,TT,CC,GG,AA,CC,CC,AT,TT,GG,CG,TT,TT,AA,CC,TT,GT,CC,NN,CC,TT,AT,GT,AA,TT,CC,AA,AC,GG,CG,GG,CC,GG,CC,TT,CT,AA,GT,AA,AG,TT,AA,CC,CC,GG,AA,AG,GG,CC,TT,AT,AA,GT,AC,AA,TT,TT,AA,TT,NN,CC,GG,TT,GG,AA,GG,CC,AA,GG,AA,AA,GG,TT,TT,GG,GT,GT,CC,AA,GG,AG,AT,CC,TT,NN,GT,CT,TT,TT,GG,TT,CC,GT,CC,CC,CC,AA,AA,TT,TT,CC,AA,AG,CC,TT,GG,TT,CC,TT,AA,AA,TT,CC,GG,CG,AG,CC,GG,TT,AA,CC,CC,CC,CC,AA,TT,CC,AA,CC,CT,AA,TT,AA,AA,GG,CC,CG,GG,AA,AG,AA,AC,GT,CC,CC,AA,AA,GG,TT,GG,AA,GT,TT,GG,AC,GT,TT,CT,CC,AA,TT,TT,AA,TT,GG,CC,AG,CT,CC,AC,GG,CC,AA,GG,AA,CC,TT,CC,GT,GT,GG,AT,AA,AG,TT,AC,GG,AA,CC,CC,GG,GG,AC,GG,TT,AA,AA,CC,GG,AT,CC,AA,AT,GG,TT,AT,AT,GG,GT,AT,CC,AT,GG,AA,GG,AA,CT,AA,TT,CC,CT,AC,CC,TT,GG,AA,CC,AA,CC,TT,TT,TT,GG,AT,AC,AA,AA,NN,CC,CC,GG,CC,GG,TT,AG,CC,TT,GG,CC,CC,AA,GG,CC,TT,CC,AA,AA,AC,CC,CC,TT,AA,GG,AA,AA,AA,AA,GG,AA,AA,AA,TT,GG,AA,GG,AC,AA,TT,AA,AA,GG,GG,GG,GT,AT,AA,TT,TT,TT,GG,AT,GG,GG,AA,6.04,Susceptible,High,Poor,Late
L0296,Bengaluru Rural,Karnataka,Kharif,Red Sandy Loam,Rainfed,720,26.0,70,AA,CT,NN,AA,GG,CC,GG,AT,CC,CG,AT,CC,CG,AT,TT,GG,GG,TT,TT,AA,CC,TT,GT,CT,TT,CC,TT,TT,GG,AA,CT,CC,AA,CC,GG,CG,GG,CC,GG,CC,TT,TT,AA,GT,GG,GG,TT,TT,CC,CC,GG,AA,AG,GG,CT,TT,AT,CC,GG,AA,AG,TT,TT,AG,TT,AT,CC,GG,TT,GG,NN,GG,CC,AA,GG,AC,AA,GG,TT,TT,GG,GG,GG,CC,AA,GG,AA,AA,CC,TT,AA,TT,CC,TT,GT,GG,TT,CC,TT,CC,CT,CC,AG,AA,AA,TT,CG,AA,AG,AA,CT,GG,GT,CG,GT,AA,AA,TT,CC,GG,CC,GG,CC,GG,TT,AG,TT,CC,CC,CC,AA,TT,CC,AA,CC,CT,AG,TT,AA,AA,CG,CT,CC,GG,AA,AA,AT,CC,GG,CC,CC,AG,AA,AG,TT,GG,AC,NN,CC,GG,AC,TT,TT,TT,CC,AA,TT,CT,AA,TT,GG,CG,AA,CT,CC,CC,GG,CC,AA,GG,GG,CC,NN,CG,GG,TT,CG,TT,AA,NN,TT,CC,CG,AC,CC,CC,GG,GG,AC,GG,TT,AC,AA,CG,GG,AA,AC,AA,AT,GG,TT,TT,AA,CG,GG,AA,CC,AT,GG,AA,AG,AA,CT,AA,TT,CC,TT,AA,CC,TT,GG,GG,CC,AA,AC,AT,CT,TT,GG,TT,AC,CC,AG,GG,CC,CC,GG,CC,GG,AT,AA,CC,GT,GG,CC,CC,AA,AG,CC,AT,CC,AA,AA,AC,CC,AC,TT,AA,GG,AA,AA,AA,AC,AA,AG,AG,AA,TT,GG,AA,AA,CC,AC,CC,AA,AA,GG,GG,GG,TT,AT,AA,TT,TT,AT,AG,TT,GG,GG,NN,4.31,Susceptible,High,Premium,Medium
L0297,Bengaluru Rural,Karnataka,Kharif,Red Sandy Loam,Rainfed,720,26.0,70,AC,CT,GG,GG,GG,CC,GT,TT,CC,CG,AA,CC,CC,TT,GT,GG,GG,TT,TT,AG,CC,TT,GT,CC,TT,CC,GT,TT,GT,AA,TT,CC,AA,CC,GG,CG,GG,CC,GG,CC,TT,CT,AA,TT,AG,AG,TT,TT,CC,CC,GT,AA,AA,GG,CC,GT,AA,AA,GT,AA,AA,GT,TT,AA,TT,AT,CC,GG,TT,GT,AG,GG,CC,AA,GG,AC,AT,GG,TT,TT,GG,GG,GG,CC,AA,GG,AA,AA,CC,TT,CC,TT,CC,TT,GT,GG,TT,CC,GT,CC,CT,CG,AG,AA,TT,TT,CC,AA,AA,AA,CC,GG,TT,CC,TT,AC,AA,TT,CG,GG,CC,GG,NN,GG,TT,AA,CC,CC,CC,CC,AA,TT,CC,AA,CC,CT,AA,TT,AA,AA,GG,CC,CC,GG,AA,GG,AA,CC,TT,NN,CC,AA,AA,GG,TT,GG,CC,TT,TT,GG,CC,TT,TT,TT,CG,AA,TT,TT,AA,TT,GG,CC,AG,CC,AC,CC,GG,CC,AA,GG,AA,CC,TT,CC,GT,GT,GG,AT,AA,AG,NN,CC,GG,CC,CC,CG,GG,GG,AC,GG,TT,AA,AG,CC,GG,AA,AC,AT,AA,GT,GT,TT,TT,GG,NN,AA,CG,TT,TT,AA,NN,AA,CT,AA,TT,CC,TT,AA,CC,TT,GG,AA,CC,AG,CC,TT,CT,TT,GG,TT,AA,CC,AA,GT,CC,CG,GG,CC,GT,TT,NN,CC,TT,GG,CG,CC,AT,GG,CC,AA,CC,NN,AA,CC,GG,CC,TT,AA,GG,AT,AA,AC,AA,AA,AA,AA,AA,TT,CG,AA,AA,CC,AA,CT,AG,AA,GG,GG,GG,GT,AT,AA,TT,TT,TT,AA,TT,GG,GG,AA,3.55,Susceptible,Medium,Standard,Early
L0298,Bengaluru Rural,Karnataka,Kharif,Red Sandy Loam,Rainfed,720,26.0,70,AA,TT,GG,AG,CG,CG,GG,TT,CC,CG,AT,CC,CG,TT,TT,GG,CG,TT,TT,AA,CC,GT,GT,CC,TT,CC,TT,TT,GG,AA,TT,CT,AA,CC,GG,GG,GG,CC,GG,CC,TT,CT,AA,TT,AG,GG,TT,TT,CC,CC,GG,AT,AA,GG,TT,GT,AA,AA,GT,AA,AA,TT,TT,AA,TT,TT,CC,GG,TT,GG,AG,GG,CC,AG,AG,AA,AT,GG,TT,TT,GG,GG,GT,AC,AT,NN,AA,AA,CC,TT,CC,TT,CT,TT,GT,GG,CC,CC,GT,CT,CC,CG,AG,AA,NN,TT,CC,AA,AG,CC,CC,GG,GT,CG,TT,AA,AA,TT,CC,GG,CG,GG,CC,GT,TT,AA,CC,CC,CC,CC,AG,TT,CC,AA,CC,CC,AA,TT,AA,AA,CG,CT,CC,GG,AA,AA,AT,AC,GT,CC,NN,AA,AA,AG,GT,GG,AA,TT,CT,GG,CC,TT,TT,CT,CC,AA,TT,TT,AA,AT,GG,CC,AA,CC,CC,CC,GG,CC,AA,GG,AG,CC,TT,CG,TT,GT,GG,TT,AA,AA,NN,CC,GG,AA,CC,CC,CG,GG,AC,GG,TT,AC,AA,CC,GG,AA,CC,AA,AT,GG,TT,AT,AA,GG,GT,AT,CG,TT,TT,AT,GG,NN,CT,AA,TT,CC,TT,AA,CC,TT,CG,AA,CC,AA,AC,TT,TT,GT,GG,AT,CC,AC,AA,GG,CC,CG,GG,CC,GT,TT,AA,CC,TT,GG,CG,CC,AA,GG,CC,AA,CC,AT,NN,AC,CC,AC,TT,AA,GG,AA,AA,AC,AC,AG,AG,AA,AA,TT,GG,AC,AA,AC,AC,CT,AA,AA,GG,GG,GG,TT,AT,AA,GG,TT,TT,AG,AT,GG,CG,AA,6.27,Moderate,Low,Premium,Medium
L0299,Bengaluru Rural,Karnataka,Kharif,Red Sandy Loam,Rainfed,720,26.0,70,AA,TT,GG,AA,CG,CC,GT,TT,CC,CC,AA,CC,CC,TT,TT,GG,GG,TT,TT,AG,CC,TT,GT,CC,AT,CC,GT,TT,GG,AA,TT,CT,AA,CC,GG,CG,GG,CG,GT,CC,TT,CT,AA,TT,AA,GG,CT,TT,CC,AA,GT,AA,AG,GG,CC,TT,TT,AC,GT,AC,AA,TT,TT,AA,TT,TT,CC,GG,TT,GG,AA,GT,CC,AA,GG,AC,AA,GG,TT,TT,AG,GG,GG,CC,AA,GG,AA,AA,CC,GT,CC,TT,TT,TT,NN,GG,TT,CC,TT,CC,CC,CC,AG,AA,AT,TT,CC,AA,GG,AA,CT,GG,GT,CC,GT,AA,AA,TT,CG,GG,CC,GG,CC,GT,TT,AA,CC,CC,CC,CC,AA,TT,CC,AA,NN,CC,AA,TT,AG,AA,GG,CT,CC,GG,AA,AG,AA,CC,NN,CC,CC,AG,AA,NN,GT,GG,AA,GT,TT,AG,CC,TT,TT,TT,CC,TT,TT,CT,AT,TT,GG,CC,AG,NN,CC,CC,CG,AC,AA,GG,AA,CC,TT,CG,GG,TT,CG,TT,AA,AA,TT,CC,GG,AC,CC,CC,GG,GG,AA,GG,TT,AC,AA,CC,GG,AA,AC,AA,AT,GG,GT,TT,AT,CC,GG,AA,CC,TT,GG,AT,GG,AA,CT,AA,TT,CC,TT,CC,AC,TT,GG,AA,CC,AG,CC,TT,TT,TT,GG,AT,AA,CC,AA,GG,CC,CG,GG,CC,GG,TT,AA,CG,TT,GG,CC,CC,AT,GG,CG,AA,CC,AT,AA,AA,CG,AC,TT,AA,GG,AA,AC,AA,AA,GG,AG,AA,AA,TT,GG,AA,AA,AC,AA,TT,AA,AA,GG,GG,GG,TT,AA,AG,TT,TT,TT,AG,AT,GG,GG,AA,3.81,Susceptible,High,Premium,Early
L0300,Bengaluru Rural,Karnataka,Kharif,Red Sandy Loam,Rainfed,720,26.0,70,AC,TT,GG,AG,GG,CC,GG,TT,CC,CG,AA,CT,CC,AT,TT,GG,GG,TT,TT,AA,CG,GT,GG,CC,TT,CC,GT,TT,GT,AA,TT,CC,AA,CC,GG,GG,GG,CG,GG,CC,TT,CC,AA,TT,AG,GG,TT,TT,CC,AC,GT,AA,AA,GG,CC,GT,AA,AA,GT,AA,AA,TT,AT,AA,TT,TT,NN,GG,TT,GT,AA,GG,CC,AA,GG,AC,AT,AG,TT,TT,GG,GG,GG,CC,AA,GG,AA,AA,CC,GT,CC,TT,CC,TT,TT,GG,TT,CC,GT,CC,CC,CG,GG,NN,TT,TT,CC,AA,AG,AA,CC,GG,TT,CC,NN,AA,NN,TT,CC,AG,CC,GG,CT,GG,CT,AA,CC,CC,CC,CC,AA,GT,CC,AA,CC,CC,AA,TT,AA,AA,GG,CC,CC,GG,AG,AG,AA,CC,GG,CC,CC,AG,AA,GG,TT,GG,AA,GT,CT,GG,CC,GT,TT,TT,CG,AA,GG,TT,AA,AT,GG,CC,AA,CC,CC,CC,GG,CC,AA,GG,AA,CC,TT,CC,GT,TT,GG,TT,AA,AA,GT,AC,GG,AC,AC,CC,GG,GG,AC,GG,TT,AA,AA,CC,GG,AA,AC,AA,AA,GG,TT,TT,TT,GG,GG,AT,CC,TT,GT,AA,GG,AA,TT,AA,TT,CG,TT,AC,CC,TT,CC,AA,CC,AG,CC,TT,CT,GT,GG,TT,AA,AC,AA,GG,CC,CC,GG,CC,GG,TT,AG,CC,TT,GG,CC,CC,TT,GG,CC,AA,CG,AT,AA,AC,CG,CC,TT,AA,GG,AA,AA,CC,AA,AA,AG,AA,AA,TT,NN,AA,AA,AC,AA,TT,AA,AG,GG,GG,GG,GG,AT,NN,TT,TT,AT,AG,TT,CG,CG,AC,3.41,Resistant,Medium,Standard,Early
L0301,Bengaluru Rural,Karnataka,Kharif,Red Sandy Loam,Rainfed,720,26.0,70,AC,TT,GG,AA,GG,CC,GG,AT,CC,CG,AA,CC,CC,AT,TT,GG,GG,TT,TT,AA,CC,TT,TT,CC,TT,CC,TT,TT,GG,AA,TT,CC,AA,CC,GG,GG,GG,CG,GG,CC,TT,CC,AC,TT,AA,AG,TT,TT,CC,AA,GT,AA,AA,GG,CC,TT,AA,AA,GG,AC,AA,TT,NN,AA,TT,TT,CC,GG,TT,GT,AG,GG,CC,NN,AG,AC,AA,GG,TT,TT,GG,GG,GG,CC,AT,GG,AA,AA,CC,TT,CC,TT,CT,AT,GT,GG,TT,CC,TT,CC,CT,GG,AG,AA,AT,TT,CC,NN,AA,AC,CC,GG,TT,CC,TT,AA,AA,TT,CC,GG,CC,GG,CC,GG,TT,AA,CC,CC,CC,CC,AA,TT,CC,AA,CC,CC,AA,TT,AA,TT,CG,CC,CC,GG,AA,AA,AA,AC,GG,CC,CG,AG,AG,GG,TT,GG,AC,TT,TT,GG,CC,TT,GT,CT,CG,AA,TT,CT,TT,TT,GG,CC,AA,CC,AC,NN,CC,CC,AA,GG,AA,AC,TT,CC,GT,TT,CG,TT,AA,AA,TT,CC,CG,AA,AC,CC,GG,GG,AA,CG,TT,AA,AA,CC,GG,AA,CC,AA,AA,GT,TT,TT,AA,CG,GT,AA,CG,AT,GT,AA,GG,AA,CT,AA,TT,CC,TT,AA,CC,TT,GG,AG,CG,AA,CC,AT,CT,GT,GG,NN,AA,AC,AG,GG,CC,CC,GG,CC,GG,AA,AA,CC,TT,GG,CC,CC,AA,GG,CC,AT,CC,AT,AA,AC,CC,CC,TT,AA,GG,AA,AA,AA,AA,AG,AG,GG,AA,AT,GG,AA,AG,AC,AA,TT,AA,AG,GG,GG,GG,TT,AA,AG,GT,TT,TT,AA,TT,GG,GG,AA,3.7,Susceptible,Low,Standard,Early
L0302,Bengaluru Rural,Karnataka,Kharif,Red Sandy Loam,Rainfed,720,26.0,70,AA,TT,GG,AA,GG,NN,GG,AT,CC,CC,AA,CT,CC,TT,GT,GT,CG,TT,TT,AG,CC,TT,TT,CC,TT,CC,TT,TT,GG,AA,CT,CC,NN,CC,GG,CG,GG,CG,GG,CC,TT,NN,AA,GT,AA,AG,TT,TT,CC,AC,GG,AT,AG,GG,CC,TT,AA,AA,GG,AA,AA,TT,TT,AA,TT,TT,CC,GG,TT,GT,AA,GT,CC,AG,GG,AA,AA,GG,TT,TT,GG,GT,GG,NN,AA,GG,AA,AA,CG,TT,NN,GT,CC,TT,TT,GG,TT,CC,GT,CC,CC,CC,AA,AA,AT,TT,CG,AG,AA,AA,CC,GG,TT,CC,TT,AA,AA,TT,CG,GG,CC,GG,CT,GG,CT,AG,CT,CC,CC,CC,AA,TT,CC,AC,CC,CC,AA,AT,AA,AA,CG,CT,CC,GG,AA,AG,AA,CC,GG,NN,CC,AA,AA,GG,TT,GG,AA,TT,CT,GG,CC,TT,GT,TT,CG,AT,GT,TT,AA,NN,GG,CC,GG,CT,CC,CC,CC,CC,AA,AG,AA,CC,TT,CG,GG,TT,GG,AT,AA,AA,TT,CC,GG,AA,CC,CC,GG,GG,AC,GG,TT,AA,AA,CC,GG,AA,CC,AA,AT,GG,TT,TT,AT,GG,GG,AT,CC,TT,GT,AA,GG,AA,TT,AA,TT,CG,TT,AA,CC,CT,CC,AG,CC,AG,CC,TT,CT,GT,GG,AT,AA,CC,AA,GT,CG,CC,GG,CC,GG,AA,AA,CC,TT,GG,CC,GG,AT,GG,CC,AA,CC,AA,AA,AC,CC,AC,TT,AA,GG,AA,AA,AC,AA,AG,AA,GG,AA,TT,GG,AA,AG,CC,AA,CT,AA,AA,GG,AG,GG,TT,AA,AA,GT,TT,TT,AG,AT,GG,GG,AA,3.18,Susceptible,Medium,Premium,Medium
L0303,Bengaluru Rural,Karnataka,Kharif,Red Sandy Loam,Rainfed,720,26.0,70,AA,TT,GG,AG,GG,CC,GG,TT,CC,CG,AA,CC,CC,TT,TT,GT,CG,TT,TT,AG,CC,GT,GT,CC,TT,CC,TT,AT,GG,AA,CT,CC,AG,CC,GG,GG,GG,CG,GG,CC,TT,CT,AA,TT,AG,AG,TT,TT,CG,AC,GG,AA,AA,GG,CT,TT,AA,AA,GG,AC,AA,TT,TT,AG,TT,TT,CC,GG,TT,GT,AG,GT,CC,AA,GG,AA,TT,GG,TT,TT,GG,GG,GG,CC,AT,AG,AA,AA,CC,TT,CC,GT,CC,TT,TT,AG,TT,CC,GT,CC,CC,CG,GG,AA,AT,TT,CC,AG,AA,AA,CT,GG,TT,CC,GT,AA,AA,AT,CG,AG,CC,AG,CC,GG,TT,AA,CT,CC,CC,CC,AA,GT,AC,AA,CC,CC,AA,AT,AA,AA,NN,CT,CC,GG,AA,GG,AA,CC,GG,CC,CC,AA,AA,GG,GT,GG,AA,TT,CT,NN,CC,TT,TT,TT,CC,AT,TT,TT,AA,TT,GG,CC,AG,CT,CC,CC,CG,CC,AA,GG,GG,CC,TT,CC,GT,GT,GG,AT,AA,AA,TT,AA,GG,AC,CC,CC,GG,GG,AA,GG,TT,AA,AA,CC,GG,AA,AA,AA,AA,GG,TT,TT,AA,GG,GT,AT,CC,TT,GT,AA,GG,AA,CC,AC,TT,CG,CT,AA,CC,TT,GG,AG,CG,AG,CC,TT,CC,TT,GG,TT,AA,AC,AA,GG,CC,CG,GG,CC,GG,TT,AA,CC,TT,GG,CG,CC,AA,AG,CC,AA,CC,AA,AA,AC,GG,AC,TT,AA,GG,AA,AA,AA,AC,AG,AG,AG,AA,TT,GG,AA,AG,AA,AC,CC,AG,AG,GG,GG,GG,GG,AT,AA,GT,TT,TT,AA,AT,GG,GG,AA,3.74,Susceptible,High,Poor,Early
L0304,Bengaluru Rural,Karnataka,Kharif,Red Sandy Loam,Rainfed,720,26.0,70,AC,CT,GG,AA,CG,CG,GG,AA,CC,CG,AA,CT,CC,TT,GT,GG,CG,TT,TT,AG,CC,TT,TT,CC,TT,CC,TT,TT,GT,AA,TT,CC,AA,CC,AG,GG,GG,CC,GG,CC,TT,CT,AC,TT,AA,GG,TT,TT,CC,CC,GG,AA,AA,GG,CC,GG,AA,AC,GT,AA,AA,GG,AA,AA,TT,AT,CC,GT,TT,GG,AA,GG,CC,AA,AG,AA,AA,GG,TT,TT,GG,GG,GG,CC,AA,GG,AA,AA,CG,GT,CC,GT,NN,TT,TT,GG,TT,CC,TT,CC,TT,CG,AG,AA,TT,TT,CC,AA,AA,AA,CC,GG,TT,CC,TT,AA,AA,TT,CC,GG,CC,GG,CC,GG,TT,AA,CC,CC,CC,CG,AA,TT,CC,AA,CC,CC,AA,TT,AA,AA,GG,CT,CC,GG,AA,AA,AT,CC,GG,CC,CC,AG,GG,GG,TT,AG,AC,GT,CT,GG,CC,TT,TT,TT,NN,AA,TT,CT,AT,AT,GG,CC,AA,CT,CC,CC,CG,CC,AA,AG,AA,CC,TT,CG,GT,TT,GG,TT,AA,AA,TT,CC,GG,AC,CC,CC,GG,GG,AA,GG,TT,AA,AA,CC,GT,NN,AC,AA,AA,GG,GT,AT,AT,GG,GT,AA,CC,AA,GT,AT,GG,AA,CC,AA,TT,CC,CT,AA,CC,TT,GG,AG,NN,AG,CC,AT,TT,GT,GG,TT,AA,CC,AA,GG,CC,CG,GG,CC,GG,TT,AG,CC,TT,GG,CC,CC,AA,GG,CC,AT,CC,AA,AG,AA,CC,AC,TT,AA,CG,AA,NN,AC,AA,AG,AG,AA,AA,AT,GG,AA,GG,AC,AA,TT,AA,AA,GG,GG,GG,TT,AT,AA,TT,TT,TT,AA,TT,GG,GG,AA,2.49,Susceptible,Medium,Standard,Early
L0305,Bengaluru Rural,Karnataka,Kharif,Red Sandy Loam,Rainfed,720,26.0,70,AC,TT,GG,AG,GG,CC,GT,TT,CC,GG,NN,CC,CC,AT,TT,GG,GG,TT,TT,AA,CC,GT,GT,CC,TT,CC,TT,AT,GG,AA,TT,TT,AA,CC,GG,GG,GT,CC,GG,CC,TT,CT,AA,TT,AA,AG,CT,TT,CG,AC,NN,AT,AA,GG,CC,TT,AA,AA,GG,AC,AA,TT,TT,AA,TT,AT,CC,GG,TT,GG,AA,GG,CC,AA,GG,AA,AA,AG,TT,TT,GG,GT,GG,CC,AT,GG,AA,AA,CC,GT,AC,TT,CC,AT,GT,GG,CT,AC,GG,CC,CC,GG,GG,AA,TT,TT,CC,NN,AG,AC,CT,GG,TT,CC,GT,AA,AA,TT,CC,GG,CC,GG,CC,GG,CC,AA,CC,CC,CC,CC,AA,TT,AC,AA,CC,CC,AA,TT,AA,AT,GG,CC,CC,GG,AA,AG,AA,NN,GT,CC,CC,AA,AG,GG,TT,GG,AA,TT,TT,AG,CC,TT,TT,CT,CG,AA,TT,TT,AT,AT,GG,CC,AA,CC,CC,CC,GG,CC,AA,GG,NN,CC,TT,CC,GT,TT,GG,AT,AA,NN,TT,CC,CG,AC,AC,CG,GG,GG,AA,GG,TT,AA,AA,CC,GT,AA,AC,AA,AA,GG,TT,AT,AA,GG,GT,AT,CG,TT,GT,AA,GG,AA,TT,AA,TT,CC,CT,AC,CC,CC,GG,GG,CC,AA,CC,TT,TT,GT,GG,TT,AA,AC,AG,GG,CG,CC,GG,CC,GG,TT,AA,CG,TT,AA,CC,CG,AA,GG,CC,AT,CC,AT,AA,AC,CC,AC,TT,AA,GG,AA,AA,AA,AA,AA,AA,AA,AA,TT,GG,AA,GG,CC,AA,CT,AA,AA,CG,AG,CG,TT,AA,AG,TT,TT,TT,AA,TT,GG,GG,AC,4.45,Resistant,Low,Poor,Early
L0306,Bengaluru Rural,Karnataka,Kharif,Red Sandy Loam,Rainfed,720,26.0,70,AC,CT,AG,AA,GG,CC,GG,AT,CC,CG,AA,CC,CG,TT,TT,GG,GG,TT,TT,AA,CC,GT,GT,CT,NN,CC,TT,TT,GG,AA,TT,CC,AA,CC,GG,GG,GG,CG,GG,CC,TT,TT,AA,TT,AA,GG,TT,TT,CC,AC,GG,AA,AA,GG,CC,TT,AA,AA,TT,AA,AA,TT,AA,AA,TT,TT,CC,GG,TT,GG,AA,GG,CC,AG,GG,AC,AA,AG,NN,TT,GG,GG,GG,CC,AT,AG,AA,AA,CC,TT,AC,TT,CC,TT,TT,AG,CT,CC,GG,CC,CC,CG,AG,AA,AT,TT,CC,AA,AG,AA,CC,NN,TT,CC,TT,AA,AA,TT,CC,GG,CC,GG,CC,GG,TT,AA,CT,CC,CC,CC,AA,TT,AC,AA,CC,CT,AA,TT,AA,AA,GG,CC,CC,GG,AA,AG,AA,CC,GT,CC,CC,AA,AA,AG,GT,GG,CC,TT,CT,GG,CC,TT,TT,TT,CC,AT,GT,TT,AA,TT,GG,CC,AA,CC,CC,CC,CG,CC,AA,GG,AA,CC,TT,CC,GG,GT,CG,AT,AA,AA,TT,AC,CG,AA,CC,CG,GG,GG,AA,CC,TT,AA,AA,CC,GG,AT,CC,AA,AA,GG,TT,AT,AA,GG,GG,AA,CC,AT,GT,AA,GG,AA,CT,AA,TT,CC,TT,AA,CC,TT,CG,AA,CC,AA,CC,TT,TT,GT,GG,TT,AC,CC,AG,GG,CC,CC,GG,CC,GG,AA,NN,CC,GT,GG,CC,CC,AT,AA,CC,AA,CC,AA,AA,AC,CG,AC,TT,AA,CG,AA,AA,AC,AA,GG,AG,AG,AA,TT,GG,AA,AA,CC,AC,CT,AA,AA,GG,GG,GG,TT,AA,AA,GT,TT,TT,GG,TT,GG,GG,AA,3.66,Susceptible,Low,Premium,Early
L0307,Bengaluru Rural,Karnataka,Kharif,Red Sandy Loam,Rainfed,720,26.0,70,AC,TT,GG,AG,GG,CG,GT,TT,CC,CC,AA,CT,CG,TT,TT,GG,CG,AT,AT,AG,CC,TT,GT,TT,AT,CC,NN,AT,GG,AA,TT,CC,AA,CC,GG,CG,GT,CG,GG,CC,TT,CC,AC,GT,AG,AG,TT,TT,CC,AC,GT,AA,AA,GG,CT,GT,AT,AC,GT,AC,AG,NN,AT,AG,TT,AT,CC,GG,TT,GT,AA,GG,CC,AA,GG,AA,TT,GG,TT,TT,GG,GG,GG,CC,AA,GG,AA,AA,CC,TT,AC,TT,CT,TT,TT,GG,CC,CC,GG,CC,CC,NN,AG,AA,AT,TT,CG,AA,AG,AC,TT,GG,TT,CC,GT,AC,AA,TT,CC,GG,CC,GG,CC,GT,CT,AA,CT,CC,CC,CC,AA,TT,CC,AA,CC,CC,AA,AA,AA,AT,GG,CC,CC,GG,AA,AG,AA,CC,GT,CC,CC,GG,GG,GG,GT,GG,AA,GT,CT,GG,CC,GG,GT,TT,CG,AA,TT,TT,AT,TT,GG,CC,AA,CT,CC,CC,CG,CC,AA,GG,AA,CC,TT,CC,GG,GT,CG,TT,AA,AA,TT,CC,CG,AC,AC,CC,GG,GG,AA,GG,TT,AC,AA,CG,GG,AT,CC,AA,AA,GG,TT,AT,AT,CG,GT,AT,CC,TT,GT,AA,GG,AA,CT,AA,TT,CC,TT,AC,CC,CC,GG,AA,CC,AA,AC,TT,CT,TT,GG,TT,AA,CC,AA,GG,CC,CC,NN,CC,GT,AA,AG,CC,GT,GG,CG,CG,AT,GG,NN,AA,CC,AA,AA,CC,CC,AC,AT,AA,GG,AA,AA,CC,AA,GG,AA,AA,AA,AT,GG,AC,AG,AC,AA,CC,AA,AA,GG,AG,GG,TT,AA,GG,TT,TT,TT,AG,TT,GG,GG,AA,4.71,Moderate,High,Premium,Medium
L0308,Bengaluru Rural,Karnataka,Kharif,Red Sandy Loam,Rainfed,720,26.0,70,CC,TT,AG,AG,GG,CC,GG,TT,CC,GG,AA,CT,CG,TT,TT,GG,CC,TT,TT,AG,CC,TT,TT,CT,TT,CC,TT,TT,TT,AA,TT,CT,AA,CC,GG,CG,GG,CC,GG,CC,TT,CC,AA,TT,AA,GG,TT,AA,CC,AC,GG,AA,AA,GG,CC,TT,AA,AA,TT,AC,AA,TT,AT,AA,TT,TT,CC,GG,TT,GT,AG,GG,CC,AA,NN,AA,AA,GG,TT,TT,GG,GG,GT,CC,NN,GG,AA,AT,CC,GG,CC,TT,CT,TT,GT,GG,TT,CC,GT,CC,CT,CG,GG,AA,TT,TT,CC,AA,GG,AA,CC,GG,GT,CC,TT,AC,AA,TT,CG,GG,CC,GG,CC,GG,TT,GG,CC,CC,CC,CC,AA,TT,AC,AA,CC,CC,AG,TT,AA,AA,GG,CT,CC,GG,AA,AA,AA,CC,GG,CC,CC,AA,AG,AG,TT,GG,AC,TT,TT,GG,CC,TT,GT,CT,CG,AT,GT,TT,AA,AT,CG,CC,AG,CC,CC,CC,CG,CC,AA,GG,AG,CC,TT,CG,GT,TT,GG,TT,AA,AA,GT,CC,CG,AA,AC,CG,GG,GG,AC,GG,TT,AC,AA,CC,GG,AT,CC,AA,AT,GG,TT,TT,AA,CG,GG,AA,CC,AA,TT,AA,GG,AA,CT,AA,TT,CC,TT,AA,CC,TT,CG,AG,CC,AA,CC,TT,CT,TT,GG,TT,AC,CC,AA,GG,CC,CG,GG,CC,GG,TT,AA,CG,GG,GG,CC,CC,AT,GG,CG,AT,CC,AA,AA,AC,CC,AC,TT,NN,GG,AA,AC,AC,AA,AG,AA,AA,AA,AT,GG,AA,AA,CC,CC,CT,AA,AA,GG,GG,GG,TT,AA,AA,TT,TT,TT,AA,TT,GG,CG,AA,2.03,Susceptible,Medium,Premium,Late
L0309,Bengaluru Rural,Karnataka,Kharif,Red Sandy Loam,Rainfed,720,26.0,70,AC,CT,GG,AA,GG,CC,GG,TT,CC,GG,AT,CC,CC,AT,TT,GT,GG,TT,TT,AG,CC,TT,TT,CC,TT,CC,TT,TT,GG,AA,CT,CC,AA,CC,GG,GG,GG,NN,GG,CC,TT,CT,AA,TT,AA,AG,TT,AT,CC,AA,GG,AA,AA,GG,CC,TT,AA,AA,TT,AA,AA,TT,TT,AA,TT,AT,CC,GG,TT,GG,AA,GT,CC,AA,AG,AA,AA,GG,TT,TT,GG,GT,GG,CC,AA,GG,AA,AA,CC,TT,CC,TT,CC,AT,TT,GG,TT,CC,TT,CC,NN,CG,GG,AA,TT,TT,CG,AA,AA,AA,CT,GG,TT,CG,TT,AA,AA,AT,CC,GG,CC,AG,CC,GT,CT,AA,CT,CC,CC,CC,AA,TT,CC,AA,CC,CC,AA,TT,AA,AT,GG,CC,CC,GG,AA,AA,AA,CC,GG,CC,CC,AG,AG,GG,TT,GG,AA,TT,TT,GG,CC,TT,GT,TT,CG,AT,TT,TT,AA,AT,GG,CC,AA,CT,NN,AC,GG,CC,AT,GG,AA,AC,TT,CC,NN,TT,GG,AT,AA,AG,TT,CC,GG,AC,CC,CC,GG,GG,AC,GG,TT,AC,AA,NN,GG,AA,AA,AA,TT,GG,TT,AT,NN,GG,GG,AT,CC,AT,TT,AA,GG,AA,CT,AA,TT,CC,TT,AA,CC,TT,CG,AA,CC,AA,AC,TT,TT,GG,GG,TT,AA,AC,AG,GG,CC,CC,GG,CC,GG,AT,AA,CC,TT,GG,CC,CG,AA,GG,CC,AA,CG,AA,AA,AA,CG,CC,TT,AA,GG,AA,AC,AC,AA,AA,GG,AG,AA,AT,GG,AA,AA,CC,AA,TT,AA,AA,GG,AG,GG,TT,AA,AA,TT,TT,TT,AG,AA,GG,GG,AA,2.36,Susceptible,High,Premium,Late
L0310,Bengaluru Rural,Karnataka,Kharif,Red Sandy Loam,Rainfed,720,26.0,70,AA,TT,GG,NN,GG,CG,GT,TT,CC,CG,AA,CC,CC,TT,TT,GG,CG,TT,TT,AG,CC,TT,TT,CC,TT,CC,GT,AT,GG,AA,TT,TT,AA,CC,GG,GG,GG,CG,GT,CC,TT,TT,AC,TT,AG,AG,CT,TT,CC,CC,GG,TT,AA,GG,CC,TT,AT,AA,GT,AC,AA,GT,TT,AG,TT,TT,CC,GG,TT,TT,AA,GG,CC,NN,AG,AC,AA,GG,TT,TT,GG,GG,GT,CC,AA,GG,AA,AA,CG,TT,CC,TT,CC,TT,TT,AG,CT,CC,GT,CC,CC,CC,GG,AA,TT,TT,CG,AA,AG,AC,CT,GG,TT,CG,TT,AC,AA,TT,CC,AG,CC,GG,CT,GT,TT,AA,CC,CC,AC,CC,AA,TT,CC,AA,CC,CT,AA,AT,AG,AA,GG,CC,CC,GG,AA,AG,AT,CC,GT,CC,CC,AA,AA,GG,GT,AG,CC,TT,TT,GG,CC,GT,TT,TT,GG,AA,NN,TT,TT,TT,GG,CC,AA,CT,CC,AA,CG,CC,AA,GG,AG,CC,TT,CC,GG,GG,GG,AT,AA,NN,TT,AC,GG,AA,AC,NN,GG,GG,AC,GG,TT,AA,AA,CC,GG,AA,CC,AA,AT,GT,TT,AA,AA,GG,TT,AT,GG,AT,GT,AA,GG,AA,TT,AA,TT,CC,NN,AA,CC,CT,CG,AA,CG,AG,CC,NN,CT,GT,GG,AT,AA,CC,AG,GG,CC,CC,GG,CC,GG,AT,AA,CC,TT,GG,CC,CC,AA,GG,CC,AT,CC,AA,AA,AC,CC,CC,AT,AA,GG,AA,AC,AA,AA,GG,AG,AG,AA,AT,CG,AA,AG,AC,AC,CT,AA,AA,GG,GG,GG,TT,AA,AA,TT,TT,TT,AA,TT,GG,GG,AA,4.82,Resistant,Medium,Poor,Medium
L0311,Bengaluru Rural,Karnataka,Kharif,Red Sandy Loam,Rainfed,720,26.0,70,CC,CT,GG,AG,GG,CC,GT,AT,CC,CC,AA,CC,CG,TT,GT,GG,CG,TT,TT,AA,CC,GT,TT,CC,TT,CC,GT,AT,GG,AA,TT,CC,AA,CC,GG,GG,GG,CC,GG,CC,TT,TT,AA,TT,AA,GG,TT,TT,CC,CC,GT,AA,AA,GG,CC,TT,AT,AC,GT,AA,AA,TT,AT,GG,TT,TT,CC,GG,TT,GT,AA,GG,AC,AA,GG,AA,AA,GG,GT,TT,GG,GG,GG,CC,AT,GG,AA,AT,CC,GT,AC,TT,CC,TT,TT,GG,CT,AC,GT,CC,CC,CG,AA,AA,TT,TT,GG,AA,AA,AC,CT,GG,TT,CC,GT,AA,AA,TT,CG,GG,CC,GG,CC,GT,TT,AA,CC,CC,CC,CC,AA,TT,AC,AC,CC,CT,AA,TT,AG,AA,CG,CC,CC,GG,AA,AA,AA,CC,GG,NN,CG,AA,AA,GG,TT,AG,AC,TT,CT,AG,CC,TT,GT,TT,CC,AA,GT,TT,AA,AT,GG,CC,AA,TT,CC,CC,CG,CC,AA,GG,AA,CC,TT,CG,GT,TT,GG,AT,AA,NN,GT,AC,GG,AC,CC,CG,NN,GG,AA,GG,TT,AA,AA,CC,GG,AT,CC,AT,AT,GG,TT,TT,AA,GG,GT,AA,CC,TT,GT,AT,GG,AA,TT,AA,TT,CC,TT,AA,CC,CT,GG,AA,CC,GG,CC,TT,CT,GT,GG,TT,AC,AC,AG,GG,CC,CC,GG,CC,GG,TT,AA,CC,GT,GG,CC,CG,AA,GG,CC,TT,CC,AA,AA,AC,CG,AA,TT,AA,GG,AA,AA,AC,AC,AG,AG,AA,AG,TT,GG,CC,AA,AC,AC,CT,AA,AA,CG,GG,GG,TT,AA,AA,TT,TT,TT,GG,TT,GG,CG,NN,2.98,Susceptible,Medium,Premium,Medium
L0312,Bengaluru Rural,Karnataka,Kharif,Red Sandy Loam,Rainfed,720,26.0,70,AC,TT,GG,AG,NN,CC,GG,TT,CC,CG,AA,CC,CG,TT,GT,GT,CG,TT,TT,AA,CC,NN,TT,CC,AT,CC,TT,AT,GG,AA,CC,CT,AA,AC,AG,CG,GG,CG,GG,CC,TT,TT,AA,TT,AG,GG,TT,AT,CC,AC,GG,AA,AA,GG,CC,TT,AA,AC,GT,AC,AA,GT,TT,AA,TT,TT,CC,GG,TT,GT,AG,TT,CC,AA,AG,AC,AA,AG,TT,TT,GG,GG,GG,CC,AA,GG,AA,AA,CC,GG,AC,TT,CC,TT,TT,GG,TT,CC,GT,CC,CC,CG,AG,AA,TT,TT,CC,AA,AA,AC,CC,GG,TT,CC,TT,AA,AC,TT,CG,GG,CC,GG,CT,GG,CT,AG,CC,CC,CC,CC,AA,TT,CC,AA,CC,CC,AA,TT,AA,AT,GG,CC,CC,GG,AA,AG,AA,CC,GG,CC,CC,AA,AG,GG,TT,GG,CC,TT,TT,GG,CC,GT,GT,TT,CG,AA,GT,TT,AA,TT,CG,CC,AG,CC,CC,CC,CG,AC,AA,GG,AG,CC,TT,CC,GT,TT,CC,AT,AA,NN,TT,CC,CG,AC,AC,CC,GG,GG,AA,CG,TT,AC,AG,NN,GT,AA,AC,AA,TT,GT,TT,AT,AA,GG,GT,AA,CG,AT,TT,AA,GG,AA,TT,AA,TT,CC,CT,AA,CC,TT,CC,AG,CC,AA,CC,AA,TT,TT,GG,TT,AA,AC,AA,GG,CC,CG,CG,CC,GG,TT,AA,CG,GT,GG,CC,CC,AT,GG,CC,AA,CC,AA,AG,AC,CC,CC,TT,AA,GG,AA,AA,AC,AA,AG,AG,AA,AA,AT,CG,AC,GG,CC,AC,TT,AA,AA,GG,GG,GG,TT,NN,AA,TT,NN,TT,AA,TT,NN,GG,AA,5.25,Susceptible,Low,Premium,Medium
L0313,Bengaluru Rural,Karnataka,Kharif,Red Sandy Loam,Rainfed,720,26.0,70,AA,TT,GG,AG,CG,CC,GT,TT,CG,CG,AT,CC,GG,AT,TT,GG,GG,TT,TT,AG,CG,TT,GT,CT,TT,NN,TT,AT,GG,AA,TT,CC,AA,CC,GG,GG,GT,CC,GG,CC,TT,CT,AA,TT,AA,AG,TT,TT,CC,AC,GT,AA,AA,CG,CT,TT,AA,AA,GT,AC,AA,TT,AT,AA,TT,AA,CC,GG,TT,GT,AA,GT,CC,AA,AG,AC,AA,GG,TT,TT,GG,GG,GT,CC,AA,GG,AA,AA,CC,GG,CC,TT,CC,AT,TT,GG,TT,AC,GT,CC,CC,CC,GG,AA,TT,GT,CC,AA,AG,AC,CC,GG,TT,CC,TT,AA,AA,TT,CC,GG,CG,GG,CC,GG,TT,AG,CT,CC,CC,CC,AA,TT,CC,AA,CC,CT,AA,TT,AG,AT,GG,CC,CC,GG,AA,AG,AT,AA,GG,CC,GG,AA,AA,AG,TT,NN,AA,TT,CT,GG,AA,GT,TT,TT,CC,AA,GT,TT,AA,TT,GG,CC,AG,CT,CC,CC,GG,CC,TT,GG,AA,CC,TT,CC,GT,TT,GG,TT,AG,AA,TT,AC,GG,AA,AC,CC,GG,AG,AC,CG,TT,AC,AA,CG,GG,AA,AC,AA,AA,GG,TT,TT,AT,CC,GG,AT,CC,AT,GT,AA,GG,AA,CT,AA,TT,CG,TT,AC,CC,CT,GG,AA,CC,GG,CC,TT,TT,TT,GG,TT,AA,CC,AG,GG,CG,CC,GG,CG,GG,TT,AG,CC,TT,GG,CC,CG,AA,GG,CC,AA,CC,AA,AA,CC,CC,AA,TT,AA,GG,AA,AC,AC,AC,GG,GG,AA,AA,TT,CG,AC,AG,AC,AA,TT,AA,AG,GG,AG,GG,TT,AA,AA,TT,TT,TT,NN,TT,GG,GG,AA,2.37,Susceptible,High,Poor,Late
L0314,Bengaluru Rural,Karnataka,Kharif,Red Sandy Loam,Rainfed,720,26.0,70,AA,TT,GG,AG,GG,CC,GT,AT,CC,CC,AA,CT,GG,TT,TT,GG,GG,TT,TT,AA,CC,GT,TT,CC,TT,CC,TT,TT,GG,AA,TT,CC,AA,CC,GG,CG,GG,CG,GG,CC,TT,CT,AC,GT,AA,AG,TT,AT,CC,CC,GT,AA,AA,GG,CC,TT,AA,AA,GT,AC,AG,GT,AT,AA,TT,TT,CC,GG,NN,TT,GG,GG,CC,AA,GG,AC,AT,NN,TT,CT,GG,GG,GG,CC,AA,GG,AA,AA,CC,GT,AC,TT,CT,TT,TT,GG,TT,CC,TT,CC,CT,CC,AA,AA,TT,TT,CC,AA,AA,AA,CC,GG,GT,CC,TT,AA,AA,TT,CC,GG,CC,GG,CC,GT,TT,AG,CC,CC,CC,CC,AA,TT,CC,AA,AC,CC,AA,TT,AA,AA,GG,CC,CC,GG,AA,AA,AT,CC,GG,CC,CC,GG,AA,GG,TT,GG,AA,TT,CC,GG,CC,GT,TT,CT,CG,AT,TT,CT,AT,TT,GG,CC,AA,CC,CC,CC,GG,CC,AA,GG,AG,CC,TT,CC,GT,TT,CG,AT,AA,AA,GT,CC,GG,AA,CC,NN,GG,GG,AC,GG,TT,AC,AA,CG,GG,AT,CC,AA,AT,GG,TT,AT,AA,GG,GG,AT,CC,TT,GT,AA,GG,AA,CT,AA,AT,CC,CT,AA,CC,TT,GG,AA,CC,AA,CC,TT,TT,TT,GG,TT,AA,CC,AA,GG,CC,CC,GG,CC,GG,TT,AA,CC,GT,GG,CG,CC,AA,GG,CC,AT,CC,AA,AA,CC,GG,AC,AT,AA,GG,AA,AA,AC,AC,GG,AG,AA,AA,AT,GG,AA,AA,AC,AC,CT,AA,AA,GG,AG,GG,TT,AA,AG,TT,TT,TT,AG,AT,GG,GG,AA,4.42,Resistant,Low,Standard,Medium
L0315,Bengaluru Rural,Karnataka,Kharif,Red Sandy Loam,Rainfed,720,26.0,70,AC,CT,GG,NN,CG,CC,GG,TT,CC,GG,AA,CC,CG,TT,TT,GG,GG,TT,TT,AG,CG,GT,GT,CC,TT,CC,TT,TT,GT,AA,TT,CC,AA,CC,GG,GG,GG,CC,GG,CC,TT,CT,AA,TT,AA,AG,TT,AT,CC,CC,GG,NN,AA,GG,CC,TT,AA,AC,GT,AA,AA,GT,AT,AG,TT,TT,CC,GG,TT,GG,AA,NN,AC,AA,GG,AA,AT,GG,TT,TT,GG,GT,GG,CC,AT,GG,AA,AA,CG,TT,CC,TT,CC,TT,TT,GG,TT,CC,GT,NN,CC,GG,AA,AA,TT,TT,CG,AG,AA,AA,CT,GG,TT,CC,TT,AA,AA,TT,CC,AG,CC,GG,CC,GT,TT,NN,CT,CC,AC,GG,AA,TT,NN,AA,CC,CT,AA,AT,AA,AA,GG,CT,CC,NN,AG,AA,AA,CC,GG,CC,CC,AA,AG,NN,TT,GG,AA,GT,CC,AG,AC,TT,GT,TT,CC,AT,TT,TT,AA,TT,GG,CC,AA,CT,CC,NN,CG,CC,AA,GG,GG,CC,TT,CC,GG,GT,GG,AA,AA,AG,TT,CC,CG,AA,AC,CG,GG,GG,AC,CG,CT,AA,AA,CC,GG,AA,CC,AA,AA,GG,TT,AT,AT,GG,GG,AA,CC,AT,TT,AA,GG,AG,TT,AA,TT,CC,TT,AA,CC,NN,CG,AG,CC,AG,CC,TT,CT,TT,GG,TT,AC,CC,AG,GG,CC,CC,GG,CC,GG,AT,AA,CC,GT,GG,CC,CC,AA,GG,CC,TT,CC,AT,AA,CC,CG,CC,TT,AA,GG,AA,AA,CC,AA,GG,AG,AG,AA,TT,GG,AA,GG,CC,AC,TT,AA,AA,CG,GG,GG,TT,AT,AA,TT,TT,TT,AG,TT,GG,CG,AA,2.76,Susceptible,Medium,Standard,Early
L0316,Bengaluru Rural,Karnataka,Kharif,Red Sandy Loam,Rainfed,720,26.0,70,AA,TT,GG,AA,GG,CC,TT,TT,CC,CG,AT,CC,CG,TT,TT,GG,CG,TT,TT,AA,CC,TT,GG,CC,TT,NN,TT,TT,GG,AC,TT,CT,AA,CC,GG,GG,GG,CC,GG,AC,TT,TT,AA,NN,AA,AG,TT,TT,CC,AA,GT,AT,AA,CG,CC,TT,AT,AA,GG,AA,AG,TT,AT,AA,CT,TT,CC,GG,TT,GG,AA,GT,CC,AG,GG,AC,AA,GG,TT,TT,GG,GT,TT,CC,AA,GG,AA,AA,CC,TT,AC,TT,CC,TT,TT,GG,CT,CC,TT,CC,CC,CG,AG,AA,AT,TT,CC,AA,GG,AA,CC,GG,TT,CC,GT,AA,AA,AT,CG,GG,CC,AG,CC,GT,CT,AA,CT,CC,CC,CG,AA,TT,CC,AA,CC,CC,AA,TT,AA,AA,GG,CC,CC,GG,AA,AG,AA,CC,GT,CC,CG,AA,AA,GG,TT,GG,CC,GT,CT,NN,AA,TT,TT,TT,CC,AA,GT,TT,AA,TT,GG,CC,AG,TT,CC,CC,GG,CC,AA,GG,AG,CC,TT,CC,GT,TT,GG,TT,AA,AG,TT,CC,CG,AA,CC,CC,GG,GG,AC,CC,TT,AA,AA,CG,GG,AT,CC,AA,AA,GT,GT,TT,AT,CG,TT,AT,CC,AT,TT,AA,GG,AA,CT,AA,TT,CC,TT,AA,CC,CT,CC,GG,CG,AG,CC,TT,TT,TT,GG,TT,AA,CC,AA,GG,CC,CC,GG,CC,GG,AT,AA,CC,TT,GG,CG,CG,AA,GG,CC,AT,CC,AA,AA,AC,CG,CC,TT,AA,GG,AA,AA,CC,AC,AG,GG,AG,AA,TT,GG,AA,AG,AA,AC,CT,GG,AG,GG,GG,GG,TT,AT,GG,TT,TT,AT,AG,AA,GG,GG,AA,3.91,Susceptible,High,Poor,Medium
L0317,Bengaluru Rural,Karnataka,Kharif,Red Sandy Loam,Rainfed,720,26.0,70,AA,CT,GG,AG,GG,CG,GT,AT,CC,CG,AA,CC,CC,TT,TT,GG,CG,TT,TT,AG,CC,NN,TT,CC,TT,CC,TT,TT,GG,AA,TT,CC,NN,CC,GG,GG,GG,CG,GG,CC,GT,CT,AA,GT,AG,GG,TT,TT,CG,AA,GG,AA,AG,GG,CC,TT,AA,AA,GT,AC,AA,TT,TT,AG,TT,AT,CC,GG,CT,GG,AG,GT,CC,AA,GG,AC,AT,AG,TT,TT,GG,GT,GG,CC,AA,GG,AG,AA,CC,TT,CC,TT,CT,TT,TT,AG,TT,CC,GG,CC,CT,GG,GG,AA,TT,TT,CG,AA,AG,AC,CT,GG,TT,CC,TT,AC,AA,TT,CC,AG,CC,AG,CC,GT,CC,AA,CC,CC,CC,CC,AA,TT,CC,AA,CC,CT,AA,TT,AA,AA,CG,CT,CC,GG,AA,AA,AA,AC,GG,CC,CC,AG,AA,GG,TT,GG,AC,GT,CC,AG,CC,TT,TT,TT,NN,AT,TT,CT,TT,TT,GG,CC,AG,CC,CC,CC,GG,CC,AA,GG,AG,CC,TT,CC,GG,TT,CG,AT,AG,AA,TT,CC,GG,AA,CC,CC,GG,GG,AA,GG,TT,AC,AA,NN,GG,AA,CC,AA,AA,GG,TT,AT,AA,CG,GG,AA,CC,AT,GT,AA,GG,AA,TT,AA,TT,CC,CT,AC,CC,CT,GG,AA,CC,AG,AC,TT,TT,TT,GG,NN,AC,CC,AG,GG,CC,CC,GG,CC,GG,TT,AA,CC,GT,GG,CC,CG,AA,NN,CC,NN,CC,AT,AA,AC,CC,AA,TT,AA,GG,AA,AA,AC,AC,AG,AG,AA,AA,TT,GG,CC,AG,AC,AA,TT,AG,AA,GG,GG,GG,TT,AT,AG,TT,TT,TT,AG,AA,GG,GG,AC,4.35,Resistant,Low,Premium,Late
L0318,Bengaluru Rural,Karnataka,Kharif,Red Sandy Loam,Rainfed,720,26.0,70,NN,CT,AG,AA,GG,CC,GT,AT,CC,CG,AT,TT,CG,AT,TT,GT,GG,TT,TT,AG,CC,GT,GG,CT,TT,CC,TT,TT,GT,AA,TT,NN,AA,CC,GG,GG,GG,CC,NN,CC,TT,CT,AA,TT,AA,AG,CT,TT,CC,AC,GG,NN,AA,GG,CC,TT,AA,AC,GT,AA,AA,TT,AT,AA,TT,TT,CC,GG,TT,GT,AA,GT,CC,AA,GG,AA,TT,GG,TT,TT,GG,GG,GG,CC,AA,AG,AA,AT,CC,GT,AC,TT,CT,TT,TT,AG,TT,CC,TT,CC,CC,GG,AG,AA,TT,TT,CC,AA,GG,AA,CT,GG,TT,CC,TT,AC,AC,TT,CC,GG,CC,GG,CC,GT,CT,NN,CC,CC,CC,CC,AA,TT,CC,AA,CC,CT,AA,TT,AA,NN,CG,CT,CC,GG,AA,AA,AA,CC,GG,CC,CC,AA,AA,GG,GT,GG,AA,TT,CT,GG,AC,GT,NN,CT,CC,AT,TT,TT,AA,AT,GG,CG,AG,CT,CC,CC,GG,CC,AA,GG,AG,CC,TT,CC,GT,TT,CC,TT,AA,AA,TT,CC,GG,AA,AC,CG,GG,GG,AC,CG,TT,AA,AG,CG,GT,AA,CC,AA,AA,GT,TT,AT,AA,GG,GT,AT,GG,AT,TT,AA,GG,AA,CT,AA,TT,CC,TT,AA,AC,CT,GG,AA,CG,AG,CC,AT,CT,TT,GG,TT,AA,AA,AG,GG,NN,CC,GG,CC,GG,TT,AA,CC,TT,GG,CG,CG,AA,AG,CG,AT,CC,AA,AA,AC,CG,CC,TT,AA,GG,AA,AA,AA,AA,GG,AA,AG,AA,TT,GG,AA,AA,AA,AA,CT,AA,AA,GG,GG,CG,TT,AT,AA,TT,TT,TT,AA,TT,GG,GG,AA,2.7,Moderate,Medium,Standard,Medium
L0319,Bengaluru Rural,Karnataka,Kharif,Red Sandy Loam,Rainfed,720,26.0,70,AC,TT,GG,AG,GG,CC,GG,TT,CC,CC,AA,CC,GG,AT,TT,GG,GG,TT,TT,AA,CC,GT,TT,CC,AT,CC,TT,AT,GG,AA,TT,CC,AA,CC,GG,CG,GG,CC,GG,CC,TT,CC,AA,GT,AA,GG,TT,TT,CC,AC,GT,AA,AG,GG,CT,TT,AA,AA,GG,AC,AA,TT,AT,AA,TT,TT,CC,GG,TT,GG,AA,GG,CC,AA,GG,CC,AT,GG,GT,TT,GG,GG,GG,CC,AA,GG,AA,AA,CC,GT,CC,TT,CT,TT,GT,GG,TT,CC,TT,CC,CC,CG,GG,AA,TT,TT,CG,AA,AA,AA,CT,GG,TT,CG,GT,AC,AA,TT,CG,GG,CC,GG,CT,GG,CT,AA,CC,CC,CC,CC,AA,GT,CC,AA,AC,CC,AA,TT,AA,AA,CG,CC,CC,GG,AA,AA,AA,CC,GG,CC,CC,AG,AA,GG,TT,GG,AA,TT,TT,GG,CC,TT,GT,CT,CC,AT,TT,TT,AA,TT,GG,CC,AA,CC,CC,CC,CG,CC,AA,GG,AG,CC,TT,CC,GT,TT,CG,AT,AA,AG,TT,AC,CG,AA,AC,CC,GG,GG,AC,GG,TT,AC,AA,CC,GG,AA,AC,AT,AT,GG,TT,TT,AA,GG,GT,AA,CC,TT,TT,AA,GG,AA,CT,AA,TT,CC,TT,AA,AC,TT,CC,GG,CC,AA,CC,TT,TT,GT,GG,TT,AA,AC,AG,GG,CC,CG,GG,CC,GG,AT,AA,CC,TT,GG,CG,CC,AT,GG,CC,AA,CC,AA,AA,AC,GG,AC,TT,AA,GG,AA,AA,AA,AA,GG,GG,AG,AG,AT,GG,AC,AG,CC,AA,CC,AA,AG,NN,GG,GG,GT,AA,AA,TT,TT,TT,AA,TT,GG,GG,AA,1.83,Susceptible,Low,Premium,Early
L0320,Bengaluru Rural,Karnataka,Kharif,Red Sandy Loam,Rainfed,720,26.0,70,AA,TT,GG,AA,GG,NN,GG,AA,NN,GG,AA,CC,CG,TT,TT,GT,GG,TT,TT,AG,CC,TT,GT,CC,NN,CC,GT,TT,GG,AA,NN,CC,AA,CC,GG,GG,GG,CC,GG,CC,GT,CT,AA,TT,AA,AG,TT,AT,CC,CC,GT,AT,AA,GG,CC,GT,AA,AA,GT,AC,AA,TT,AA,GG,CT,NN,CC,GG,TT,GG,AG,GG,CC,AA,GG,AC,AT,GG,TT,TT,GG,GG,GT,CC,AA,NN,AA,AT,CC,GG,CC,TT,CT,TT,GT,GG,TT,CC,TT,CT,TT,CC,GG,AA,TT,TT,CC,AA,GG,AA,CC,GG,TT,CC,GT,AA,AC,TT,CC,AG,CC,GG,CC,GG,CT,AA,CC,CC,CC,CC,AA,TT,AA,AA,CC,CC,AA,TT,AA,AA,GG,CT,CC,GG,AA,GG,AA,CC,GG,CC,CC,AA,AG,AG,GT,GG,CC,GT,CT,AG,AC,GG,TT,TT,CC,AT,GT,TT,AA,AT,CG,CC,AA,CC,CC,CC,CG,CC,AT,GG,AA,CC,TT,CC,GT,TT,GG,AT,AA,AA,GT,CC,CG,AA,CC,CC,GG,GG,AC,CC,TT,AC,AA,CC,GG,AA,AC,AA,AT,GG,GT,AT,AA,GG,GG,AA,CC,AT,TT,AA,GG,AG,TT,AA,TT,CG,TT,AC,CC,TT,GG,AG,CC,AA,NN,TT,CT,GT,GG,TT,CC,CC,AG,GG,CC,CC,GG,CG,GG,TT,AA,CC,TT,AG,CC,CC,AT,AG,CC,AA,CC,AA,AA,CC,CG,AC,TT,AA,GG,AA,AA,AA,AA,AG,AG,AG,AA,TT,GG,AA,AG,AA,AA,TT,AA,AA,GG,AG,GG,GT,AA,GG,TT,TT,TT,AG,TT,GG,CG,AA,3.54,Moderate,Low,Poor,Early
L0321,Bengaluru Rural,Karnataka,Kharif,Red Sandy Loam,Rainfed,720,26.0,70,AC,TT,GG,AA,GG,CG,GG,AT,CC,CG,AA,CC,CC,AT,TT,GG,CG,TT,TT,NN,CC,TT,GG,CC,TT,CC,GT,TT,GG,AA,TT,CT,AA,CC,GG,CG,GG,CC,GG,CC,TT,TT,AC,GT,AG,GG,CT,TT,CG,CC,GT,AA,AG,GG,CC,NN,AT,AC,NN,AA,AA,GT,TT,AA,CT,TT,CC,GG,TT,GT,AA,GG,CC,AA,GG,AC,AT,GG,TT,TT,GG,GG,GG,CC,AA,GG,AA,AA,CC,GT,CC,TT,CT,NN,TT,GG,TT,CC,TT,CC,CC,GG,AA,AA,AT,TT,CC,AA,AG,AA,CC,GG,TT,CC,TT,AA,AA,TT,CC,AG,CG,GG,CC,GG,TT,AG,CC,CC,CC,CC,AA,TT,CC,AA,CC,CC,AA,TT,AG,AT,GG,CT,CC,GG,AA,AA,AA,AC,GG,CC,CC,NN,AA,AG,TT,GG,AC,TT,TT,GG,CC,GG,NN,TT,CG,AT,TT,CT,AT,AT,CG,CG,GG,CC,CC,CC,GG,CC,AA,GG,AG,CC,TT,CC,GT,TT,GG,TT,AA,AA,TT,CC,GG,AA,AC,CC,GG,GG,AC,GG,TT,AC,AA,CC,GG,AT,CC,AA,AA,GT,TT,AA,AA,NN,GT,AA,CC,TT,GT,AA,GG,AA,TT,AA,TT,CC,CT,AC,CC,TT,CG,AG,CC,GG,CC,TT,CT,TT,GG,TT,AA,CC,AA,GG,CC,CC,GG,CC,GG,TT,GG,CC,GT,GG,CG,CC,AA,AG,CC,AT,CC,AA,AA,AC,CC,AC,TT,AG,GG,AA,CC,AA,AA,AG,AA,AA,AA,TT,GG,AA,AG,AC,AA,CT,AA,AA,GG,AG,GG,TT,AA,AA,TT,TT,TT,AG,TT,GG,GG,AA,3.06,Susceptible,High,Premium,Early
L0322,Bengaluru Rural,Karnataka,Kharif,Red Sandy Loam,Rainfed,720,26.0,70,AA,CT,GG,AG,GG,CC,GT,TT,CC,CG,TT,CT,CC,TT,TT,GT,CG,TT,TT,AA,CC,TT,GT,CC,TT,CT,TT,TT,GG,AA,TT,CT,AG,CC,GG,GG,GG,CC,GG,CC,TT,TT,AA,TT,AA,GG,TT,AT,CC,AC,GG,AA,AA,GG,CT,TT,AA,AA,GT,AA,AA,TT,AT,AA,CT,TT,CC,GG,TT,GG,AG,GG,CC,AA,GG,AC,AA,GG,TT,TT,GG,TT,GG,CC,AA,GG,AA,AA,CC,GT,CC,TT,CC,TT,GT,GG,CC,CC,TT,CC,CC,CG,GG,AA,AT,TT,CC,AA,AA,AA,CC,GG,TT,CG,NN,AA,AA,TT,CC,GG,CC,GG,CC,GG,TT,AA,CC,CC,CC,CC,AA,TT,CC,AA,CC,CC,AA,TT,AA,AA,CG,CT,CC,GG,AG,AG,AA,CC,GG,CC,CC,AA,AA,GG,TT,NN,AC,TT,CT,AG,CC,TT,GT,TT,CC,AT,TT,TT,AA,AT,GG,CC,AG,CC,CC,CC,GG,CC,AA,GG,AG,CC,TT,CC,GT,GT,CC,AT,AA,AG,TT,NN,GG,AA,AC,CC,GG,AG,AC,GG,TT,AC,AA,CC,GT,AA,CC,AA,AA,GG,GT,TT,AA,CG,GT,AA,CC,AT,TT,AA,GG,AG,TT,AC,TT,CC,TT,AC,CC,CT,CC,AA,CC,AG,CC,TT,TT,GT,GG,TT,AA,AC,GG,GG,CC,CC,GG,CC,GG,AT,AA,CG,TT,GG,CC,CG,AA,AG,CC,AA,CG,AT,AA,CC,CC,CC,NN,AA,GG,NN,AA,AC,AA,GG,AG,AG,AG,TT,GG,AA,AG,NN,AA,TT,AA,AG,GG,GG,GG,TT,AA,AA,TT,TT,TT,AA,TT,GG,GG,AA,4.27,Susceptible,Low,Premium,Early
L0323,Bengaluru Rural,Karnataka,Kharif,Red Sandy Loam,Rainfed,720,26.0,70,AA,TT,GG,AG,GG,CC,GT,TT,CC,CG,AT,CC,CC,AT,TT,GG,GG,TT,TT,AG,CC,TT,TT,CC,TT,CC,TT,AT,GG,AA,TT,CC,AA,CC,GG,CG,GG,CC,GG,CC,TT,CT,AA,GT,AA,AG,TT,TT,CC,CC,NN,AA,AA,GG,NN,TT,AA,AA,GT,AA,AG,GT,AT,GG,CT,TT,CC,GG,TT,GG,AA,GG,CC,AA,GG,AA,AA,GG,TT,TT,GG,GG,GG,CC,AT,GG,AA,AT,CC,TT,AC,TT,CC,TT,GG,GG,TT,CC,GT,CC,CT,CC,GG,AA,TT,TT,CC,AA,AG,AA,CC,GG,TT,CG,TT,AA,AA,TT,CG,AG,CC,GG,CC,GG,CT,AA,CC,CC,CC,CC,AG,TT,CC,AA,CC,CC,AA,AA,AA,AA,GG,CC,CC,GG,AG,AA,AT,AC,TT,CC,CC,AA,NN,GG,TT,GG,AA,GT,TT,GG,CC,GT,GT,TT,CC,AA,TT,TT,AA,AT,GG,CC,AA,CC,CC,AC,GG,CC,AA,GG,AA,CC,TT,CG,GG,GT,CG,AT,AA,AG,TT,CC,GG,AA,CC,CG,GG,GG,AC,GG,TT,AC,AG,CC,GG,AA,CC,AA,AT,GG,TT,AT,TT,CG,TT,AT,CC,TT,GT,AA,GG,AA,TT,AA,TT,CC,TT,AA,NN,TT,CG,AG,CG,GG,CC,TT,NN,GT,GG,TT,AA,CC,AG,GG,CC,CC,CG,CC,GG,TT,AA,NN,TT,GG,CC,CC,AA,AG,CC,AT,CC,AA,AA,CC,CC,AA,TT,AA,CG,AA,AA,AC,AA,AG,AG,AA,AA,TT,GG,AC,AG,AC,CC,CT,AA,AA,CG,GG,GG,TT,AA,AA,GT,TT,TT,AG,AT,GG,GG,AA,4.99,Moderate,Low,Standard,Early
L0324,Bengaluru Rural,Karnataka,Kharif,Red Sandy Loam,Rainfed,720,26.0,70,AC,TT,GG,AG,GG,CC,GG,AT,CC,CC,AA,CC,CC,TT,TT,GG,CG,TT,TT,AA,CC,GT,TT,CC,TT,CC,TT,TT,GG,AA,CT,CC,AA,CC,GG,GG,GG,CC,GG,CC,TT,CT,AA,TT,GG,GG,CT,TT,CG,AA,GG,AA,AA,GG,CT,TT,AA,AC,GT,NN,AG,GT,AT,AA,CT,TT,CC,GG,TT,TT,AG,GT,CC,AA,GG,AA,AA,GG,TT,TT,GG,GT,GG,CC,NN,AG,AA,AA,CC,GT,CC,TT,CC,TT,TT,GG,TT,AC,GT,CC,CC,CC,GG,AA,TT,TT,CC,AA,AA,AA,CC,GG,TT,GG,TT,AC,AC,TT,CC,GG,CC,GG,CC,GT,CT,AA,CC,CC,CC,CC,AA,TT,CC,AA,CC,CC,AA,TT,AG,AA,GG,CC,CC,GG,AA,AG,AA,CC,GG,CC,CC,AA,AG,GG,TT,AG,CC,TT,CT,GG,AC,GT,TT,TT,CG,AT,GT,CC,AA,TT,GG,CC,AA,CT,CC,CC,CG,AC,AA,GG,GG,CC,TT,CG,GG,GT,GG,AT,AA,AA,TT,CC,GG,AA,CC,CG,CG,GG,AA,GG,TT,AC,AA,CC,GG,AA,AC,AA,AA,GT,NN,TT,AA,GG,GT,AT,CC,TT,GG,AA,GG,AA,NN,NN,TT,CG,NN,AA,CC,NN,GG,AG,CC,AA,CC,TT,TT,TT,GG,TT,AA,AC,AA,GG,CC,CG,GG,CG,GG,AT,AA,CC,TT,GG,CC,CG,AA,AG,CC,AA,CC,AA,AA,CC,CG,CC,TT,AA,CG,AA,AA,AA,AA,GG,AA,AA,AA,TT,GG,CC,AG,CC,AA,CC,AA,AA,GG,GG,GG,TT,AA,AA,TT,TT,TT,AA,TT,GG,CG,AA,3.37,Moderate,Low,Standard,Late
L0325,Bengaluru Rural,Karnataka,Kharif,Red Sandy Loam,Rainfed,720,26.0,70,AA,TT,AG,AG,CG,CC,GT,AT,CC,CG,AA,CC,CG,TT,GG,GG,GG,TT,TT,AA,CC,TT,TT,NN,TT,CC,TT,TT,GG,AA,CC,CC,AA,CC,GG,GG,GG,CG,NN,CC,TT,TT,AC,TT,AA,NN,TT,AT,CC,NN,GG,AT,AA,GG,CC,GG,AA,AA,GT,CC,AA,TT,AA,AA,CT,TT,CC,GG,TT,GT,AA,GG,AC,AA,NN,AC,AT,GG,TT,TT,GG,GG,GG,CC,AA,GG,AA,AT,CC,GT,CC,TT,TT,TT,GT,GG,TT,CC,TT,CC,CC,CC,GG,AA,TT,TT,CC,NN,AG,AA,CC,GG,TT,CC,TT,AA,NN,TT,CC,AG,CC,GG,CC,GG,CT,AA,CC,CC,CC,CC,AA,TT,CC,AA,CC,CC,AG,AT,AA,AA,GG,CC,CC,GG,AA,GG,AA,CC,GT,CC,CG,AA,AA,GG,TT,GG,AA,TT,TT,GG,AC,TT,GT,CT,CG,TT,TT,CT,AA,AT,GG,CG,AG,CT,CC,CC,GG,CC,AA,GG,AG,CC,TT,CC,GG,GT,GG,AA,AG,AA,TT,CC,CG,AA,CC,CC,GG,GG,AA,CG,TT,AA,AA,CC,GG,AT,CC,AA,AT,GT,TT,AT,AA,CG,GG,AA,CC,AT,GT,AA,GG,AA,TT,AA,TT,GG,TT,AA,CC,TT,CG,AG,CG,GG,CC,TT,TT,TT,GG,TT,AA,AC,AG,NN,CG,GG,GG,CC,GG,TT,AA,CC,TT,GG,CC,CC,AA,GG,CC,NN,CC,AA,GG,CC,CC,AC,TT,AA,GG,AA,AC,AA,AA,GG,NN,AA,AA,AT,GG,AA,GG,AA,AA,TT,AA,AA,GG,GG,GG,GT,AA,AG,TT,TT,TT,AA,AT,GG,GG,AA,4.01,Susceptible,Low,Standard,Early
L0326,Bengaluru Rural,Karnataka,Kharif,Red Sandy Loam,Rainfed,720,26.0,70,AC,TT,GG,GG,CG,CG,GG,TT,CC,CG,AA,CT,CG,AT,TT,GG,CG,TT,TT,AA,CC,GT,GG,CT,TT,CC,GT,TT,GG,AA,TT,CC,AA,CC,GG,GG,GG,CG,GG,CC,TT,TT,AA,GG,AG,AG,TT,TT,CC,AC,GG,AA,AG,GG,CT,GT,AA,AC,GT,NN,AG,TT,TT,AA,TT,AT,CC,GG,TT,GG,AA,GG,CC,AA,GG,AC,AA,GG,TT,TT,GG,GT,GG,CC,AA,GG,AA,AA,CC,TT,CC,TT,CT,TT,GT,GG,TT,CC,TT,CC,CC,CG,GG,AA,TT,GT,CC,AA,AA,AC,CC,GG,TT,CC,TT,AA,AA,TT,CC,AG,CC,GG,CT,GT,TT,AA,CC,CC,CC,CC,AA,GT,AC,AC,CC,CC,AA,TT,AA,AT,GG,CC,CC,GG,AA,AA,AA,CC,GG,CC,CC,AA,AA,GG,TT,GG,AC,TT,TT,GG,AC,TT,GT,TT,CC,AA,TT,CT,AA,TT,GG,CC,AA,CC,CC,CC,CG,CC,AA,GG,AG,CC,TT,CC,GT,TT,CG,AT,AG,AA,TT,CC,GG,AA,AC,CC,GG,GG,AA,GG,TT,AC,AA,CC,GG,AA,CC,AT,AT,GG,TT,AT,AT,GG,GG,AT,CG,AT,TT,AA,GG,AA,CT,AA,TT,CC,TT,AC,CC,TT,GG,AA,CC,AG,CC,TT,CT,GT,GG,AT,AA,AC,AG,NN,CC,CG,GG,CC,GG,AT,AA,CC,TT,GG,CC,CC,AT,GG,CC,AA,CC,AA,AA,AC,CG,NN,NN,AA,CG,AA,AA,AC,AA,AG,AA,AG,AA,TT,GG,AC,AA,AC,AA,CC,NN,AA,NN,GG,GG,TT,AA,AA,GG,TT,TT,AA,NN,GG,GG,AA,4.69,Susceptible,High,Standard,Late
L0327,Bengaluru Rural,Karnataka,Kharif,Red Sandy Loam,Rainfed,720,26.0,70,AA,TT,GG,AG,CG,CG,GG,AA,CC,GG,AA,CC,CC,AT,TT,GG,CG,TT,TT,GG,CC,TT,TT,CC,TT,CT,TT,AT,GG,AA,TT,NN,AA,CC,GG,GG,GG,CC,GG,CC,TT,CT,AA,GT,AA,AG,TT,AT,CC,AA,GT,AA,AA,GG,CC,TT,AA,AA,GT,AA,AA,TT,AT,AG,TT,TT,CC,GG,TT,GG,AA,GG,AC,AA,GG,AA,AT,GG,GT,TT,AG,GT,GG,NN,TT,GG,AA,AA,CG,GG,AC,TT,CT,TT,GT,AG,TT,CC,TT,CT,CC,GG,AG,AA,AT,TT,CC,AA,AA,AA,CT,GT,TT,CG,TT,AA,AA,TT,CC,AG,CC,AG,CC,GT,CT,AG,CC,CC,CC,CC,AA,TT,CC,AA,CC,CC,AA,TT,AG,AA,GG,CC,CC,GG,AA,AG,AT,CC,GG,CC,CC,AA,AG,GG,TT,AG,AA,TT,TT,GG,AC,NN,TT,TT,CG,AA,TT,TT,AT,TT,GG,CC,AG,NN,CC,CC,CG,CC,AA,GG,AG,CC,TT,CC,GG,TT,GG,AT,AA,AA,TT,CC,GG,AA,CC,CC,GG,GG,AA,GG,TT,AC,AA,CG,GG,AA,AC,NN,AT,GG,TT,TT,AA,GG,GG,AT,CG,TT,TT,AA,GG,AA,TT,AA,TT,CC,CC,AA,CC,TT,GG,AA,CC,AG,CC,TT,CT,TT,GG,TT,CC,CC,AA,GG,CC,CG,GG,CC,GG,TT,AA,CG,GT,GG,CC,CC,AT,AG,CG,AT,CC,AT,AA,CC,CG,AA,TT,AA,GG,AA,AA,CC,AC,GG,AG,AA,AA,TT,GG,AC,AG,CC,NN,CT,AA,AA,GG,AG,GG,TT,AA,AA,GT,TT,TT,AG,AT,GG,CG,AA,3.98,Susceptible,Low,Poor,Late
L0328,Bengaluru Rural,Karnataka,Kharif,Red Sandy Loam,Rainfed,720,26.0,70,AA,TT,GG,GG,GG,CC,GT,AT,CC,GG,AA,CC,CG,AT,GT,GG,GG,TT,TT,AA,CG,GT,GT,CT,TT,CC,TT,TT,GG,AA,CT,CC,AA,CC,GG,GG,GG,CG,GG,CC,TT,CT,AA,TT,AA,AG,TT,AT,CC,CC,GG,AT,AA,GG,CC,GT,AA,AC,TT,AA,AA,TT,TT,GG,TT,TT,CC,GG,TT,GG,AA,GG,CC,AA,GG,AC,AT,GG,TT,TT,GG,GG,GT,CC,AA,GG,AA,AT,CG,GT,CC,TT,CC,NN,TT,GG,CT,CC,GT,CC,CC,CC,AG,AA,TT,TT,CC,AA,GG,AA,TT,GG,TT,CC,GT,AA,AA,TT,CC,AG,CC,AG,CC,GG,CT,AA,CT,CC,CC,CG,AA,TT,AC,AA,CC,CT,AA,TT,AG,AA,CG,CT,CC,GG,AA,AA,AT,CC,GG,CC,CC,AA,AG,AG,TT,GG,AA,TT,TT,GG,CC,TT,TT,CT,CC,AT,GT,TT,AA,TT,GG,CC,AG,TT,CC,CC,GG,AC,AA,GG,AA,CC,TT,CG,GT,GT,GG,AA,AA,AA,TT,AC,GG,AA,AC,CC,GG,GG,AA,GG,TT,NN,AA,CC,GG,AT,CC,AA,AA,GG,TT,TT,AT,GG,TT,AT,CG,TT,TT,AA,GG,AA,CT,AA,TT,CC,TT,AA,CC,TT,GG,AG,CC,GG,CC,TT,TT,TT,GG,TT,AA,CC,AG,GG,CC,CG,GG,CC,GG,AA,AA,CC,TT,GG,CC,CC,AA,GG,CC,AA,CG,AA,AA,CC,CC,CC,TT,AA,GG,AA,NN,AC,AA,AA,AG,AA,AA,TT,GG,AC,AA,AC,AC,TT,AA,AA,GG,GG,GG,TT,AA,AA,GT,TT,TT,GG,AT,GG,GG,AA,5.98,Susceptible,High,Poor,Early
L0329,Bengaluru Rural,Karnataka,Kharif,Red Sandy Loam,Rainfed,720,26.0,70,NN,TT,AG,AG,CG,CC,GG,NN,CG,CG,AA,CC,CC,AT,TT,GT,CG,TT,TT,AA,CG,GT,TT,CC,TT,CC,TT,TT,GT,AA,TT,CC,AA,CC,GG,GG,NN,GG,GG,CC,TT,CT,AA,TT,AA,AG,TT,TT,CC,AC,GG,AA,AA,GG,CC,TT,AA,AC,GG,AC,AG,TT,AT,AG,CT,TT,CC,GG,TT,GG,AA,GG,CC,AA,GG,AC,AA,GG,TT,TT,GG,GG,GT,CC,AA,GG,AA,AA,CC,TT,CC,TT,CT,TT,TT,GG,TT,CC,GT,CC,CC,CG,GG,AA,TT,TT,CC,AA,AG,AC,CT,GG,TT,CG,TT,AA,AA,TT,CC,GG,CC,GG,CC,GG,TT,GG,CC,NN,CC,CC,AA,TT,CC,AA,CC,CC,AA,AT,AA,AT,GG,CC,CC,GG,AA,AG,AA,CC,GT,CC,CC,AG,AA,GG,TT,GG,AA,TT,CC,GG,AC,TT,GT,TT,CC,AA,TT,TT,AT,TT,GG,CC,AA,CT,CC,CC,CG,CC,AA,GG,AA,CC,TT,CC,GG,TT,GG,TT,AA,AA,TT,CC,CG,AA,CC,CC,GG,AG,AA,GG,NN,AA,AA,CC,GG,AA,AC,AA,AT,GG,GT,TT,AT,GG,TT,AA,CG,TT,TT,AA,GG,AG,TT,AA,TT,CC,TT,AA,CC,NN,GG,AA,CG,AG,NN,TT,TT,TT,GG,TT,AC,CC,AA,GT,CC,CC,GG,CC,GG,TT,AA,CG,GT,GG,CC,CC,AA,GG,CG,AT,CC,AA,AA,AA,CG,AC,TT,AA,GG,AA,AC,AC,AA,AG,GG,AA,AA,TT,GG,AC,AG,AC,CC,CT,AA,AA,GG,GG,GG,TT,AA,AG,GT,TT,TT,AA,AA,GG,GG,AA,4.57,Susceptible,High,Poor,Early
L0330,Bengaluru Rural,Karnataka,Kharif,Red Sandy Loam,Rainfed,720,26.0,70,AC,TT,AG,AG,GG,CC,GG,AT,CC,CC,AA,CC,CG,AT,GT,GG,CG,TT,TT,AA,CC,TT,TT,CC,TT,CC,TT,TT,GG,AA,TT,CT,AA,CC,GG,GG,GG,CG,GG,CC,TT,TT,AC,GG,AG,AG,TT,TT,CC,AC,NN,AA,AA,GG,CC,GT,AA,AA,GT,NN,AA,TT,TT,GG,TT,AT,CC,GG,TT,GG,GG,GG,CC,AA,GG,AA,AT,GG,TT,TT,GG,GG,GG,CC,AA,GG,AA,AT,CC,TT,CC,TT,CC,TT,TT,AG,TT,CC,NN,CC,CC,CG,AG,AA,AT,TT,CG,AA,AA,AA,CC,GG,TT,CC,TT,AC,AA,TT,CG,AG,CC,GG,CC,GT,CC,AA,CC,CC,CC,CC,AA,TT,AC,AA,CC,CT,AA,TT,AA,AA,GG,CT,CG,NN,AA,AG,AA,CC,GG,CC,CC,AA,AA,AG,TT,AG,AC,TT,CT,GG,AC,GT,TT,TT,CC,AA,GT,TT,AA,AT,GG,CC,AG,CT,AC,CC,CG,CC,AA,GG,AG,CC,TT,CC,GG,TT,GG,TT,AA,AA,TT,AC,CG,AA,CC,CC,GG,GG,AC,GG,TT,CC,AG,CC,GG,AA,AA,AA,AT,GG,TT,AT,AA,GG,GG,AA,CC,NN,TT,AA,GG,AA,CT,AA,TT,CC,TT,AC,AC,TT,GG,AG,CC,AG,CC,TT,CT,GT,GG,TT,AA,AC,AA,GG,CG,CC,GG,CC,GG,AT,AA,CC,TT,GG,CC,CC,AA,AG,CC,AA,CC,AA,AA,AC,CC,CC,AT,AA,GG,AT,AA,AA,AA,GG,AA,AG,AA,TT,GG,AC,AA,NN,AC,CT,AA,AA,GG,GG,CG,GT,AA,AA,TT,TT,TT,AG,TT,GG,GG,AA,4.96,Moderate,Low,Poor,Late
L0331,Bengaluru Rural,Karnataka,Kharif,Red Sandy Loam,Rainfed,720,26.0,70,AA,TT,AG,AG,CG,CC,GG,TT,CC,CG,AA,CC,CC,AT,GG,GG,CG,TT,TT,AA,CC,TT,TT,CC,TT,CC,TT,NN,NN,NN,TT,CC,AA,CC,GG,CG,NN,CG,GG,CC,TT,CC,AA,TT,AG,GG,CT,TT,CC,CC,GT,AA,AA,GG,CC,TT,AA,AA,NN,AA,AA,GT,TT,AA,TT,TT,CC,GG,TT,GG,AA,GG,CC,AA,AA,AC,AT,GG,TT,TT,GG,GG,GG,CC,AT,GG,AA,AA,CC,GG,AC,TT,CT,TT,TT,GG,CT,CC,TT,CC,CT,CC,AG,AA,TT,TT,CG,AA,AG,AC,CC,GG,GT,CC,TT,AC,AC,NN,CC,GG,CC,GG,CC,GT,CT,AG,CC,CC,CC,CC,AA,TT,CC,AA,AC,CC,AA,TT,AG,AA,GG,CC,CC,GG,AA,AG,AA,NN,GT,CC,CC,AG,AA,AG,TT,GG,AA,TT,TT,GG,CC,GG,GT,CT,CG,AA,TT,TT,AA,TT,GG,CC,AG,CC,CC,CC,CG,CC,AA,GG,AA,CC,TT,CC,GT,GT,GG,AT,AA,AA,TT,AC,GG,AA,CC,CC,GG,GG,AA,GG,TT,AC,AG,CC,GT,AA,CC,AT,TT,GT,TT,TT,AA,GG,GG,AT,CC,AT,TT,AA,GG,AA,TT,AA,TT,CC,TT,AA,CC,TT,GG,AA,CC,GG,AC,TT,CT,TT,GG,TT,AA,AC,AG,GG,CC,CC,GG,CC,GG,AA,AA,CC,GT,GG,CG,CG,AA,GG,CG,AA,CC,AT,AA,AA,CC,AA,TT,AA,GG,AA,AA,AA,AC,GG,AA,AA,AA,TT,GG,AA,AA,AC,AA,TT,AA,AG,GG,GG,CG,TT,TT,AA,TT,TT,TT,NN,AA,GG,NN,AC,4.38,Resistant,Low,Premium,Late
L0332,Bengaluru Rural,Karnataka,Kharif,Red Sandy Loam,Rainfed,720,26.0,70,AC,TT,GG,AG,GG,CC,GG,AT,CC,CC,AT,CC,CC,TT,GT,GT,CG,NN,TT,AG,CC,TT,TT,CT,TT,CC,TT,AT,GG,AA,TT,CT,AA,CC,GG,CG,GG,CC,GG,CC,TT,CT,AA,TT,AA,GG,TT,TT,CC,CC,TT,AT,AA,GG,CC,TT,AA,AA,GT,AA,AA,TT,AT,AG,TT,TT,CC,GT,CT,GG,AA,GG,CC,AG,GG,AA,AT,GG,GT,TT,GG,GG,GG,CC,AA,GG,AA,AA,CC,TT,AC,TT,CT,TT,GT,GG,CT,CC,GT,CC,TT,CG,NN,AA,TT,TT,CC,AA,AA,AA,CT,GG,TT,CC,TT,AA,AA,TT,CC,AG,CG,NN,TT,GT,TT,AG,TT,CC,AC,CC,AG,TT,CC,AA,CC,CC,AG,TT,AA,AT,CG,CC,CC,GG,AA,GG,AT,CC,GG,CG,CC,AA,AA,AG,TT,GG,NN,TT,CT,GG,CC,GT,TT,TT,CC,AA,TT,NN,AA,TT,GG,CC,AG,CT,CC,CC,GG,CC,AA,GG,AA,CC,TT,CC,GG,TT,CG,AT,AG,AA,TT,AC,GG,AC,CC,CC,GG,GG,AC,NN,TT,CC,AA,CG,GG,AT,AC,AT,AT,GG,GT,AT,AA,GG,GT,AA,CG,AT,GT,AA,GG,AA,CT,AA,TT,CC,TT,AA,CC,CT,CG,AA,CC,AA,AC,TT,TT,TT,GG,TT,AC,CC,AA,GG,CC,CC,GG,CG,GG,AT,AA,CG,GT,GG,CC,CG,AA,GG,CG,AT,CC,AA,AA,AC,CC,AC,AT,AA,GG,AA,AA,AA,AA,GG,AA,AG,AA,TT,GG,AC,AG,CC,AA,CT,AA,AA,GG,GG,CG,TT,AA,AG,TT,TT,TT,GG,AA,GG,GG,AA,3.02,Susceptible,High,Premium,Medium
L0333,Bengaluru Rural,Karnataka,Kharif,Red Sandy Loam,Rainfed,720,26.0,70,AA,CT,GG,AA,GG,CC,GT,AT,CC,CG,AA,CC,CG,TT,GG,GG,GG,TT,TT,AA,CC,GT,GT,CT,TT,CC,TT,TT,GG,NN,TT,CT,AA,AC,GG,CG,GG,CC,GG,CC,TT,CT,AC,TT,AG,GG,TT,AT,CG,AA,NN,AA,AA,CG,CT,TT,AA,CC,GG,AA,AA,TT,TT,AG,TT,AA,CC,GT,TT,GT,AA,GG,CC,AG,AG,AA,AA,GG,TT,TT,GG,GT,GG,CC,AA,GG,AA,AA,CC,GT,AC,NN,CT,TT,TT,GG,TT,CC,GG,CC,CC,CG,AG,AA,TT,TT,CG,AA,GG,AA,CC,GG,TT,CG,TT,AA,AA,TT,CG,GG,CC,GG,CC,GT,CC,AA,CC,CC,AC,CC,AA,TT,AC,AA,CC,CC,AG,TT,AA,AA,GG,CC,CC,GG,AA,GG,AA,CC,GG,CC,CC,AG,AA,GG,TT,AG,AC,GT,TT,AG,AC,GT,TT,CC,CG,AA,TT,TT,AA,TT,GG,CC,AG,CT,CC,CC,CG,CC,AA,GG,GG,CC,TT,CG,GG,TT,CG,AT,NN,AA,GT,CC,GG,AA,CC,CC,GG,GG,AA,GG,TT,AC,AA,CG,GT,AA,CC,NN,TT,GG,TT,TT,AA,GG,GT,AA,CG,TT,GT,AA,GG,AA,TT,AC,TT,CC,CC,AA,CC,TT,CG,AG,CC,AG,AC,AT,TT,GT,NN,TT,AA,CC,AA,GG,CC,CG,GG,CG,GG,AT,AA,CC,TT,GG,CC,CC,AT,GG,CC,AT,CC,AT,AA,AA,CC,AA,TT,AA,NN,AA,AC,CC,AC,AA,AG,AG,AA,TT,GG,AA,AG,AC,AC,TT,AA,AA,GG,GG,GG,GT,AT,AG,GT,TT,TT,AA,TT,NN,GG,AA,1.89,Susceptible,Low,Standard,Late
L0334,Bengaluru Rural,Karnataka,Kharif,Red Sandy Loam,Rainfed,720,26.0,70,AC,TT,GG,AG,CG,CC,TT,TT,CC,CG,AA,CC,CG,AT,TT,GG,NN,TT,TT,AG,CC,GT,GT,CC,TT,CC,TT,TT,GG,AA,TT,CT,AG,CC,GG,CG,GG,GG,GG,CC,TT,TT,AA,TT,AG,GG,TT,TT,CC,AC,GG,AA,AG,GG,CC,TT,AA,AC,GT,AC,AA,GT,TT,AA,CT,TT,CC,GG,TT,GG,AA,TT,CC,AA,AG,AA,AA,GG,TT,TT,GG,GG,GT,CC,AA,GG,AA,AA,CC,TT,CC,TT,CC,TT,TT,GG,TT,AC,GG,CC,CT,CG,AA,AA,NN,TT,CC,AA,AA,AC,TT,GG,TT,CC,TT,CC,AA,TT,CG,AG,CG,GG,CC,GG,TT,AA,CC,CC,CC,CC,AG,GT,CC,AA,CC,CC,AA,TT,AA,AA,GG,CC,CC,GG,AA,AA,NN,CC,GG,CC,CC,AA,AG,GG,TT,GG,AA,TT,TT,GG,AC,GT,TT,CT,CC,AT,TT,TT,AA,TT,GG,CC,AG,CC,CC,CC,GG,CC,AA,AG,GG,CC,TT,CC,GT,TT,GG,AA,AA,AA,TT,CC,GG,AA,CC,CG,GG,GG,CC,NN,TT,CC,AA,CC,GG,AA,CC,AA,AA,GG,TT,TT,AT,GG,GT,AT,CC,AT,TT,AA,GG,AA,TT,AA,TT,CC,TT,CC,CC,CT,GG,AG,CG,AG,CC,TT,TT,GT,GG,TT,AA,AC,AA,GG,CC,CC,GG,CC,GG,AT,AA,CC,GT,GG,CC,CC,AA,GG,CG,AT,CC,AA,AA,AC,CC,CC,TT,AA,CG,AA,AA,AA,AA,AA,AG,AA,AA,AT,GG,AA,AG,AA,AC,TT,AA,AA,GG,GG,GG,TT,AA,AG,TT,TT,TT,AG,AT,NN,GG,NN,4.98,Susceptible,Medium,Premium,Medium
L0335,Bengaluru Rural,Karnataka,Kharif,Red Sandy Loam,Rainfed,720,26.0,70,AC,TT,AG,AA,GG,CG,GG,TT,CC,GG,AA,CC,CG,TT,TT,GT,CG,TT,TT,AG,CC,TT,GT,CC,TT,CC,GT,TT,GT,AA,TT,TT,AA,CC,GG,CC,GG,GG,GG,CC,TT,TT,AA,TT,AA,GG,TT,TT,CC,CC,GT,TT,AA,CG,CC,GG,AA,AC,GG,AA,AA,TT,TT,NN,TT,AA,CC,GG,TT,GG,AA,GG,CC,AG,GG,AA,AT,AG,GG,TT,GG,GG,GT,CC,AT,GG,AA,AA,CC,GT,CC,TT,CC,TT,TT,AG,CT,CC,TT,CT,CC,CC,AG,AA,TT,TT,CC,NN,AG,AA,CC,GG,TT,CC,GT,AA,AA,TT,CC,GG,CC,GG,CT,GG,TT,AA,CT,CC,CC,CC,AA,GT,CC,AA,CC,CT,AA,TT,AA,AA,GG,CC,CC,GG,AG,AA,AA,CC,GG,CC,CC,AA,AA,GG,TT,GG,AA,TT,TT,GG,CC,GT,TT,TT,CC,AT,GT,TT,AA,TT,CG,CC,AA,CT,CC,CC,GG,CC,AA,GG,AG,CC,TT,CC,GT,TT,CG,AT,AA,AA,TT,AC,GG,AA,CC,CC,GG,AG,AC,GG,TT,AC,AA,CC,GG,AA,CC,AA,TT,GG,TT,AT,AA,CG,GT,AT,CC,AT,TT,AA,GG,AA,CT,AA,TT,CC,CT,AA,CC,TT,GG,AA,CC,AG,CC,TT,TT,TT,GG,TT,AA,AA,AA,GG,CC,GG,GG,CC,GG,NN,AA,CG,GT,GG,CG,CC,AA,AA,CC,TT,CC,AA,AA,AA,CC,CC,TT,AG,CG,AA,AA,AC,AA,AG,GG,AG,AA,TT,GG,AC,AG,AC,AC,CT,AA,AA,GG,AG,GG,TT,AA,AA,TT,TT,TT,AG,TT,GG,GG,AA,6.42,Susceptible,Medium,Premium,Late
L0336,Bengaluru Rural,Karnataka,Kharif,Red Sandy Loam,Rainfed,720,26.0,70,AA,CT,GG,AA,GG,CC,NN,TT,CC,CC,AA,NN,CC,AT,GT,GT,GG,TT,TT,GG,CC,GG,GT,CT,TT,CC,TT,TT,GT,AA,TT,CC,AA,CC,GG,GG,GT,CC,GG,CC,TT,TT,AA,GT,AA,GG,TT,TT,CC,AC,NN,AA,AG,GG,CC,TT,AA,CC,GT,AA,NN,TT,TT,AA,CT,TT,CC,GT,TT,GT,AA,GG,CC,AG,GG,AC,AT,GG,TT,TT,GG,GG,GT,CC,AT,GG,AA,AA,CC,TT,CC,TT,CC,TT,GG,GG,TT,AC,TT,CC,CC,GG,AG,AG,AT,GT,CC,AG,AA,AA,CC,GG,TT,CG,TT,AA,AA,TT,CG,GG,CG,GG,CC,GG,TT,AG,CC,CC,CC,CC,AA,TT,CC,AA,CC,NN,AA,TT,AA,AA,GG,CC,CC,GG,AG,AA,AA,CC,GG,CC,CG,AA,AA,NN,GT,GG,AA,TT,TT,GG,CC,TT,GT,CT,CG,AA,TT,TT,AA,TT,CG,CC,AA,CT,CC,CC,CG,CC,AA,GG,AA,CC,TT,CC,GG,TT,GG,TT,AA,AG,GT,CC,GG,AA,AC,CC,GG,GG,AA,GG,TT,AA,AG,CC,GG,AA,CC,AA,AA,TT,TT,TT,AT,CC,GT,AA,CG,TT,GT,AA,GG,AA,TT,AA,TT,CG,CT,AC,CC,TT,GG,AG,CG,AG,CC,TT,TT,TT,GG,TT,AA,AC,AG,GG,CC,GG,GG,CG,GG,AT,AA,CC,GG,GG,CC,CC,AA,AG,CG,AA,CC,AA,AG,CC,CC,AA,TT,AA,GG,AA,AA,AA,AA,AG,AA,AA,AA,TT,GG,AC,AG,CC,AC,CT,AA,AA,GG,GG,GG,TT,AA,AA,GT,TT,TT,AA,TT,NN,GG,NN,5.21,Susceptible,Medium,Premium,Late
L0337,Bengaluru Rural,Karnataka,Kharif,Red Sandy Loam,Rainfed,720,26.0,70,AC,TT,GG,AG,GG,CC,GG,AT,CC,CC,AA,CC,CG,TT,GT,GG,CC,TT,TT,AG,CC,GT,TT,CC,TT,CC,TT,TT,GG,AA,TT,CC,AA,CC,NN,NN,GG,CC,GG,CC,TT,TT,AC,TT,AA,GG,TT,AT,CC,AA,GG,AA,AA,GG,CC,TT,AT,AA,GT,AC,AA,TT,AT,AG,TT,TT,CC,GG,TT,GG,AA,NN,CC,AA,AG,AA,AT,GG,TT,TT,GG,GG,GG,CC,AA,GG,NN,AA,CC,GT,CC,TT,CT,TT,TT,GG,TT,CC,TT,CC,CT,CC,GG,AA,TT,TT,CC,AA,AG,AC,CT,GG,TT,CC,TT,AA,AA,TT,CG,GG,CC,GG,CC,GT,TT,AG,CC,CC,CC,CC,AG,TT,CC,AA,CC,CT,AA,TT,AA,AA,GG,CT,CC,GG,AA,AA,AA,CC,GT,CC,CC,AA,AG,GG,TT,GG,AA,TT,CT,GG,CC,TT,TT,TT,CG,AA,TT,TT,AT,TT,GG,CG,AA,CT,CC,CC,CG,CC,AA,GG,AA,CC,TT,CG,GT,TT,GG,TT,AA,AG,TT,CC,GG,AA,CC,CC,GG,GG,AA,GG,TT,AA,AA,CC,GG,AA,AC,AA,AA,GT,GG,TT,AT,GG,GT,AT,GG,AT,GT,AA,GG,AA,CT,AA,NN,CC,TT,AA,CC,TT,GG,AA,CC,AG,AC,TT,TT,TT,CG,TT,AC,CC,AA,GT,CC,CG,GG,CC,GG,AA,AG,CC,TT,GG,CC,CC,AA,GG,CC,AA,CC,AT,AA,CC,CC,AC,TT,AA,GG,AA,AA,AA,AA,GG,AA,AA,AG,TT,NN,AC,AG,AC,AA,TT,AG,AA,GG,AG,CG,TT,AA,AA,TT,TT,TT,AA,TT,GG,GG,AA,3.44,Moderate,Medium,Premium,Early
L0338,Bengaluru Rural,Karnataka,Kharif,Red Sandy Loam,Rainfed,720,26.0,70,AA,TT,GG,AA,GG,CC,GG,TT,CC,GG,AA,CC,CC,TT,TT,GG,GG,TT,TT,AA,CG,TT,GT,CC,TT,CC,TT,TT,GG,AA,TT,CT,AA,CC,GG,GG,GG,CC,GG,AC,TT,CC,NN,TT,AA,GG,TT,TT,CC,AC,GG,AA,AA,GG,CC,TT,AA,AA,GG,AA,NN,TT,TT,AG,TT,AT,CC,GG,TT,GG,AG,GG,CC,AA,GG,AC,AT,GG,TT,TT,GG,GT,GG,CC,AA,GG,AA,AA,CC,TT,CC,TT,CC,TT,GT,AG,CT,CC,GG,CC,CT,GG,GG,AA,TT,TT,CC,AA,AA,AA,CC,GG,TT,CG,TT,AC,AA,TT,CG,AA,CG,GG,CC,GG,CT,AG,CC,CC,CC,CG,AA,TT,CC,AA,CC,CT,NN,TT,AA,AA,GG,CC,CC,NN,AA,AA,AA,CC,GG,CC,CC,AA,AG,GG,NN,GG,AA,TT,TT,GG,CC,TT,TT,TT,CG,AA,TT,TT,AA,TT,GG,CG,AG,TT,CC,CC,CC,CC,AA,GG,AA,CC,TT,CG,GG,NN,GG,TT,AA,AA,TT,CC,GG,AA,AC,CC,GG,GG,AC,GG,TT,AC,AA,CC,GG,AA,CC,AA,TT,GT,TT,AT,AA,CG,GG,AA,CC,AA,TT,AA,GG,AA,TT,AA,TT,CC,TT,AC,CC,TT,GG,AG,CG,AG,CC,TT,TT,GT,GG,AT,AA,CC,NN,GG,CC,CG,GG,CC,GG,TT,AG,CC,GT,AG,CC,CC,AA,GG,CC,AA,CC,AA,AA,AC,CC,AC,TT,AA,GG,AA,AA,NN,AA,GG,AA,AA,AA,TT,CG,AA,AA,AC,AC,CT,AA,AA,GG,GG,CG,TT,TT,AA,TT,TT,TT,AA,TT,GG,GG,AA,3.11,Moderate,High,Premium,Late
L0339,Bengaluru Rural,Karnataka,Kharif,Red Sandy Loam,Rainfed,720,26.0,70,AA,TT,GG,AG,GG,CC,GG,AT,CC,CG,AA,CC,CC,TT,TT,GG,CG,TT,TT,AG,CC,TT,GT,CC,TT,CT,GT,TT,GG,AC,TT,CT,AA,CC,AG,GG,GG,CC,GG,CC,TT,CT,AA,TT,AG,GG,TT,TT,CC,AA,GG,AA,AA,GG,CT,TT,AT,CC,TT,AA,AG,TT,TT,AA,NN,TT,CC,GG,TT,GG,AA,GG,CC,AA,GG,CC,AA,GG,TT,TT,GG,GG,GT,CC,AA,GG,AG,AA,CC,TT,CC,TT,CT,TT,GT,GG,CT,CC,TT,CT,CT,CC,AG,AG,TT,TT,CC,AA,GG,AA,CC,GG,GT,CC,TT,AA,AA,TT,CC,AG,CC,AG,CC,GG,CT,AA,CC,CC,AC,CC,AA,TT,CC,AA,CC,CC,AA,TT,AA,AA,GG,CC,CC,GG,AA,AG,AA,AC,NN,CC,CG,AA,AG,GG,NN,GG,AA,TT,CT,GG,AC,TT,GT,CT,CC,AT,TT,TT,AT,TT,GG,CC,AG,CT,CC,CC,GG,CC,AA,GG,AG,CC,TT,CC,GG,TT,GG,AT,AA,AG,TT,AC,GG,AA,AA,CC,GG,GG,AC,GG,TT,AA,AA,CC,GG,AT,AC,AA,AA,GG,TT,TT,AA,GG,GT,AA,CC,TT,GT,AA,GG,AA,TT,AC,TT,CC,CT,AC,CC,CT,CG,AG,CC,AG,CC,NN,TT,TT,GG,TT,AC,AA,AA,GG,CC,CG,GG,CC,GG,AT,AA,CC,TT,GG,CC,CC,AT,AG,CC,AA,CC,AA,AA,CC,CG,AC,AT,AA,GG,AA,CC,CC,AA,AG,AG,AA,AA,TT,GG,AC,AA,CC,NN,CT,AA,AA,GG,GG,GG,GG,AA,GG,TT,TT,TT,AA,AT,GG,GG,AA,6.28,Moderate,Medium,Premium,Early
L0340,Bengaluru Rural,Karnataka,Kharif,Red Sandy Loam,Rainfed,720,26.0,70,NN,CC,GG,AG,CC,CC,GG,TT,CG,GG,AA,CC,CG,AT,TT,GG,GG,AT,TT,AA,CC,TT,GT,CC,TT,CC,TT,TT,GG,AA,TT,CC,AA,CC,GG,GG,GG,CG,GG,CC,TT,CC,AA,NN,AG,GG,TT,AT,CG,AC,GG,AA,AG,GG,CT,TT,AT,AC,GG,AC,AA,TT,TT,AA,NN,TT,CC,GG,TT,TT,AA,GG,CC,AA,GG,AC,AT,GG,TT,TT,GG,GG,GG,CC,AA,AG,AA,AA,CC,NN,CC,TT,TT,TT,TT,GG,TT,CC,GT,CC,CC,CG,NN,AA,TT,TT,CG,AA,AG,AA,CC,GG,NN,CG,TT,AA,AA,TT,CG,AG,CC,GG,CC,GG,CT,AA,CC,CC,CC,CC,AA,TT,CC,AA,CC,CT,AA,AT,AA,AA,GG,CC,CC,GG,AA,AG,AT,AC,GG,CC,CC,AG,AA,GG,TT,GG,AC,GT,CT,NN,CC,TT,TT,TT,CC,AT,GT,NN,AA,AT,GG,CC,AA,CC,CC,CC,GG,CC,AA,GG,NN,CC,TT,CG,GT,GT,CG,TT,AA,AA,TT,CC,GG,AC,AC,CC,CG,GG,AA,GG,TT,AA,AA,CC,GG,AA,CC,AA,AA,GG,TT,TT,AA,CG,GT,AA,CC,TT,GT,AA,GG,AA,TT,AA,TT,CC,TT,AA,CC,TT,NN,AG,CC,AG,CC,TT,TT,GG,GG,TT,AA,AC,AA,GT,CC,CC,CG,CC,GT,AT,AA,CG,TT,GG,CC,CC,AA,GG,CC,AA,CC,AA,AA,AA,CG,CC,TT,AA,GG,AA,AA,AC,AC,AG,AA,AG,AA,AT,GG,AA,GG,AC,AA,CT,AA,AA,GG,GG,CG,TT,AA,AA,GT,TT,TT,AA,TT,GG,GG,AC,3.38,Resistant,Low,Premium,Early
L0341,Bengaluru Rural,Karnataka,Kharif,Red Sandy Loam,Rainfed,720,26.0,70,AC,TT,GG,AA,CG,CC,GT,TT,CC,GG,AT,CT,CG,TT,GT,GT,GG,TT,TT,AA,CC,TT,TT,CC,TT,CC,NN,TT,TT,AA,TT,CC,AG,CC,GG,GG,GG,CC,GG,CC,TT,CT,AA,TT,AG,AG,TT,TT,CC,CC,GT,AA,AA,GG,CT,TT,AA,AA,GG,AC,AA,TT,TT,AG,TT,AT,CC,GG,TT,GG,AG,GG,CC,AA,GG,AC,AT,GG,TT,TT,GG,GT,GT,CC,AT,GG,AA,AA,CC,GT,AC,TT,CC,TT,TT,GG,TT,AC,TT,NN,CC,CG,AG,AA,TT,TT,CC,AA,AA,AA,TT,GG,TT,CC,TT,AC,AA,AT,CC,GG,CC,GG,CC,GG,TT,AA,CC,CC,AA,CC,AA,TT,CC,AA,CC,CC,AG,TT,AA,AA,GG,CT,CC,GG,AA,AG,AA,CC,GG,CC,CG,AA,AG,AG,TT,GG,AA,TT,CC,AG,AA,TT,GT,CT,CG,AA,GT,CT,AA,TT,GG,CC,AA,CT,CC,CC,CG,AC,AA,GG,AA,CC,TT,CC,GG,GT,GG,TT,AA,AG,TT,CC,GG,AA,CC,CC,GG,GG,AC,GG,TT,AA,AA,CG,GT,AT,AC,AA,AA,GG,TT,TT,AT,GG,GG,AA,CC,TT,TT,AT,GG,AA,TT,AC,TT,CG,TT,CC,CC,TT,CG,AG,CG,AG,CC,TT,TT,TT,GG,TT,AC,AC,AA,GG,CC,CG,GG,CC,GG,AA,AA,CG,GG,GG,CC,CC,AA,GG,CG,TT,CC,AA,AA,CC,CC,AC,AA,AA,GG,AA,AA,AA,AA,AG,AA,AA,AG,AT,GG,AA,AA,CC,AA,CT,NN,AA,CG,GG,GG,TT,AA,AG,TT,TT,TT,AG,AT,GG,GG,AA,5.62,Susceptible,High,Poor,Medium
L0342,Bengaluru Rural,Karnataka,Kharif,Red Sandy Loam,Rainfed,720,26.0,70,CC,TT,GG,GG,CG,CC,GG,AT,CC,CG,AA,CT,CG,AT,TT,GT,GG,TT,TT,AA,CC,GG,TT,CC,TT,CC,TT,AT,GG,AA,TT,CT,AA,CC,GG,GG,GG,CG,GG,CC,TT,TT,AA,TT,AG,AG,TT,TT,CC,CC,GT,AA,AA,GG,CC,TT,AT,AA,GT,AC,AA,TT,TT,AG,TT,AT,CC,GG,TT,GT,AA,GG,CC,AA,AG,AC,AA,GG,TT,TT,AG,GT,GG,CC,NN,GG,AA,AA,CC,GG,AC,GT,CC,TT,GT,AG,TT,CC,TT,CC,CT,CC,AA,AG,TT,TT,CC,AA,AA,AC,CC,GG,GT,CC,TT,AC,AA,TT,CC,GG,NN,AG,CT,GG,TT,AG,CT,CC,CC,CG,AA,TT,CC,AA,CC,CC,AA,TT,AA,AT,GG,CC,CC,GG,AA,AG,AA,CC,GG,CC,NN,GG,AA,AG,TT,GG,AC,TT,CC,GG,CC,GG,GT,TT,CC,AA,TT,TT,AA,AT,GG,CC,AG,CC,CC,CC,GG,CC,AA,GG,AG,CC,TT,CC,TT,TT,GG,TT,AA,AA,TT,AC,CG,AA,CC,CC,GG,GG,NN,GG,TT,AC,AA,CC,GG,AA,CC,AA,AT,GG,GT,TT,AT,GG,TT,AT,CC,TT,TT,NN,GG,AA,CT,AA,TT,CC,CT,AA,CC,TT,GG,AG,CC,AG,CC,TT,CC,GG,GG,TT,AA,AC,AA,GG,CC,CG,GG,CC,GG,AT,AA,CC,TT,AG,CC,CC,AA,GG,CC,AT,CC,AA,AA,AA,CC,AC,TT,AA,GG,AA,AA,AA,AA,GG,AA,AG,AA,TT,GG,AC,GG,CC,AA,CT,AA,AA,GG,GG,GG,TT,AA,AA,GT,TT,TT,AG,TT,GG,GG,AA,4.56,Susceptible,Medium,Premium,Early
L0343,Bengaluru Rural,Karnataka,Kharif,Red Sandy Loam,Rainfed,720,26.0,70,AA,TT,AG,AA,GG,CC,NN,TT,CC,CG,AA,CC,CC,TT,TT,GG,CG,TT,TT,AG,CG,GT,GT,CT,TT,CC,TT,TT,GG,AA,TT,CC,AA,CC,AG,GG,GG,CG,GG,CC,TT,CT,AA,GT,AG,AG,TT,TT,CC,AC,GG,AA,AA,GG,CT,TT,NN,AA,GG,CC,AG,TT,TT,AA,TT,TT,CT,GG,TT,GT,AA,GG,CC,AA,GG,CC,AT,GG,TT,TT,GG,GG,GG,CC,AA,AG,AA,AA,CC,GT,CC,TT,CT,TT,TT,GG,CT,AC,TT,CT,CC,GG,AG,AA,TT,TT,CC,AA,AA,AA,CC,GG,TT,CC,TT,AC,AC,TT,CG,AG,CC,GG,CT,GT,CC,AG,CT,CC,CC,CC,AA,TT,AC,AA,CC,CT,AA,TT,AA,AA,GG,CC,CC,GG,AA,AG,AA,CC,GG,CC,CC,NN,AA,GG,TT,AG,AA,GT,TT,AA,CC,TT,GT,TT,GG,AA,TT,TT,AA,TT,GG,CC,AA,TT,NN,CC,CG,CC,AA,GG,AG,CC,TT,CC,GG,TT,CG,TT,AG,AG,TT,CC,GG,AA,AC,CC,GG,GG,AC,GG,TT,AC,AA,CC,GG,AT,AC,AA,AA,GT,TT,AA,AT,GG,TT,AT,CC,AT,TT,AA,GG,AA,TT,AA,AT,CC,TT,AA,CC,CT,GG,AA,CC,GG,CC,AT,CT,TT,GG,TT,AA,AA,AA,GG,CG,CC,GG,CC,GG,TT,AA,CC,TT,GG,CC,GG,AT,GG,CC,AA,NN,AA,AA,AC,CG,AC,TT,AG,GG,AA,AA,AA,AA,GG,AA,AA,AA,TT,GG,AA,AG,CC,AC,CT,AA,AG,CC,GG,GG,TT,AT,AA,GT,TT,AT,AG,TT,GG,GG,AA,5.13,Susceptible,High,Standard,Late
L0344,Bengaluru Rural,Karnataka,Kharif,Red Sandy Loam,Rainfed,720,26.0,70,AC,TT,GG,GG,GG,CG,GG,TT,CC,CG,AA,CC,CG,TT,TT,GG,CG,TT,TT,AA,CC,NN,GT,CC,TT,CC,GT,TT,GG,AA,TT,CC,AA,NN,GG,CG,GG,CC,GG,CC,NN,CT,AA,GT,AG,AA,CT,AT,CC,AC,GG,AA,AA,GG,CC,GT,AA,AC,GT,AC,AA,TT,TT,AA,TT,AT,CT,GG,TT,GG,AA,GT,CC,AA,GG,AC,AA,GG,TT,TT,AG,GG,GG,CC,AT,GG,AA,AA,CC,TT,CC,TT,CC,TT,GT,GG,CT,NN,GG,CC,CT,CG,AG,AG,TT,TT,CC,AA,AA,AA,CC,GG,GT,CG,GT,AA,AA,TT,CG,GG,CC,GG,CC,TT,TT,AA,CC,CC,CC,CC,AG,TT,AC,AA,CC,CC,AA,TT,AA,AT,GG,CC,CC,GG,AA,AG,AA,CC,GT,CC,CC,AA,AG,GG,TT,GG,AA,GT,TT,GG,AC,TT,TT,TT,CG,AT,TT,CT,AT,TT,GG,CC,AG,TT,CC,CC,GG,AC,AA,AA,AG,NN,GT,CC,TT,GT,CG,AA,AA,AA,TT,CC,CG,AA,CC,CC,GG,GG,AA,GG,TT,AC,AA,CC,GG,AT,NN,AA,AT,GG,TT,AT,AA,CG,GT,AT,CC,AA,TT,AA,GG,AA,CT,AA,TT,CC,CT,CC,CC,CT,GG,AG,CC,GG,NN,TT,TT,GT,GG,TT,AC,CC,AG,GG,CC,CC,GG,CC,GG,TT,AA,NN,TT,GG,CC,CC,AA,AG,CC,AA,CG,AA,AA,AC,CC,NN,TT,AA,CG,AA,AA,AC,AA,AA,AG,AA,AA,TT,GG,AA,AG,AC,AC,CT,AA,AA,GG,AG,GG,TT,AA,AA,GT,TT,TT,AA,AT,GG,GG,AA,4.29,Susceptible,High,Poor,Late
L0345,Bengaluru Rural,Karnataka,Kharif,Red Sandy Loam,Rainfed,720,26.0,70,AC,TT,AG,AG,GG,CG,GT,TT,CC,CG,AA,TT,CC,AT,TT,GG,GG,TT,TT,NN,CG,TT,TT,CC,AT,CC,TT,TT,GT,AA,CT,CC,AA,CC,GG,CG,GG,CG,GG,CC,TT,CC,AA,TT,AG,GG,CT,TT,CC,AC,GG,AA,AG,GG,CT,TT,AT,AC,NN,AA,AA,TT,AT,AG,TT,TT,CT,GG,TT,GT,AA,GG,CC,AA,GG,AA,AT,GG,GT,TT,AG,GT,GT,CC,AT,GG,AA,AA,CG,GT,CC,GT,CC,TT,TT,AA,CT,CC,GT,CC,CT,CG,AG,AA,AT,TT,CC,AA,AA,NN,TT,GT,TT,CC,GT,AA,AA,TT,NN,GG,CC,AG,CC,GT,CT,GG,CC,CC,CC,CC,AA,TT,CC,AA,CC,CC,AA,AT,AA,AA,GG,CC,CC,AG,AA,AA,AA,AC,GG,CC,GG,AA,AA,AG,GT,GG,AA,GT,CT,GG,CC,GT,TT,TT,GG,AT,TT,TT,AA,NN,GG,CC,AG,CT,CC,CC,CG,CC,AA,GG,AA,NN,TT,CC,GG,TT,NN,AT,NN,AA,TT,AC,GG,AA,CC,CC,GG,NN,AC,GG,TT,AA,AA,NN,GG,AT,CC,AA,AA,GG,TT,AT,AA,GG,NN,AT,CC,AT,GT,AA,GG,AG,TT,AA,TT,CG,TT,AC,CC,TT,GG,AA,GG,AG,CC,TT,CC,TT,GG,TT,AC,AC,AG,GG,CC,CC,GG,CC,GG,TT,AA,CC,TT,GG,CC,CC,AA,GG,CC,AA,CG,AA,AA,AC,CG,AC,TT,AA,GG,AA,AA,AA,AA,GG,AG,AA,AA,AT,CG,AA,AG,AC,AA,TT,AA,AA,GG,GG,GG,GT,AA,AG,TT,TT,TT,GG,TT,GG,CG,AA,5.43,Susceptible,High,Standard,Medium
L0346,Bengaluru Rural,Karnataka,Kharif,Red Sandy Loam,Rainfed,720,26.0,70,AA,TT,GG,AA,GG,CC,GG,TT,CC,GG,AA,TT,CG,TT,GT,GG,GG,TT,TT,AA,CC,TT,TT,CC,TT,CT,TT,AT,GG,AA,TT,CC,AA,CC,GG,GG,GG,CC,GG,CC,TT,CT,AA,GT,AA,AG,CT,TT,CC,AC,GT,AA,AA,GG,CT,GT,AA,AA,GT,AA,AA,TT,AT,AA,TT,TT,CC,GG,TT,GG,AA,GG,CC,AA,AG,AA,AT,AG,TT,CT,GG,GG,GG,CC,AT,GG,AA,AA,CG,GG,AA,TT,CC,AT,TT,GG,NN,CC,TT,CC,CC,CC,AG,AG,TT,TT,CG,AA,GG,AC,CC,GG,TT,CC,TT,AA,AA,TT,CG,GG,CC,GG,CC,GT,TT,AG,CC,NN,AC,CG,AA,GT,CC,AA,CC,CC,AA,TT,AA,AA,GG,CC,CC,GG,AA,GG,AA,CC,GT,CC,CC,AA,AA,GG,GT,GG,AA,TT,CT,GG,AC,TT,GT,TT,CG,AT,TT,TT,AA,TT,GG,CC,AG,CC,CC,CC,GG,CC,AA,AG,GG,CC,TT,CC,GT,GT,GG,AT,AA,AG,TT,CC,CG,AA,CC,CC,GG,GG,AA,GG,TT,AA,AA,CG,GG,AA,CC,AA,AT,GG,TT,TT,AT,CG,NN,AA,CC,AT,NN,AA,GG,AG,TT,AC,TT,CC,TT,AC,CC,TT,CG,AG,CC,AA,CC,TT,TT,TT,GG,TT,AC,AA,AA,GG,CC,CC,GG,CC,GG,TT,AA,CC,GT,GG,CG,CG,AA,GG,CC,AT,CC,AA,AA,CC,CC,AC,TT,AA,GG,AA,AA,AA,AA,GG,AG,AG,AA,TT,GG,AA,AA,AC,AA,CT,AA,AA,GG,AG,GG,TT,AA,AA,GT,TT,TT,AG,AA,GG,GG,AA,4.64,Resistant,Low,Standard,Medium
L0347,Bengaluru Rural,Karnataka,Kharif,Red Sandy Loam,Rainfed,720,26.0,70,AC,CT,AG,AA,GG,CC,GG,TT,CC,CC,AA,CC,CG,AT,TT,GT,NN,TT,TT,AA,CC,TT,TT,CC,TT,CC,GT,TT,GG,AA,TT,CC,AA,CC,GG,GG,GG,CC,GG,CC,TT,TT,AA,TT,AG,GG,TT,AT,CG,CC,GG,AA,AA,GG,NN,TT,AA,AC,GT,AA,AA,TT,TT,AA,TT,TT,CC,GG,TT,GG,AG,GT,CC,AA,GG,AA,AT,GG,TT,TT,GG,GG,GG,CC,AA,GG,AA,AA,CC,TT,CC,GT,CC,TT,GG,GG,CT,CC,TT,CC,CC,CC,GG,AG,AA,TT,CC,AA,AG,AA,CC,GG,TT,CC,TT,AA,AA,TT,CG,AG,CG,GG,CC,GG,TT,AA,CC,CC,CC,CC,AG,TT,CC,AA,CC,CT,AA,AT,AA,AA,CG,CC,CC,GG,AA,AG,AT,CC,GG,CC,CC,AA,AG,GG,TT,GG,AC,TT,TT,GG,CC,GT,GT,TT,CC,AT,TT,TT,AA,TT,CG,CC,AA,TT,CC,NN,GG,CC,AT,AG,AA,CC,TT,CG,GT,TT,GG,AA,AA,AA,GT,CC,GG,AA,CC,CC,GG,GG,AC,GG,TT,AC,AG,CC,GG,AA,CC,AA,AT,GG,TT,TT,AA,GG,GT,AA,CC,TT,TT,AA,GG,AG,TT,AA,TT,CC,TT,AA,AC,TT,CG,AA,CC,AA,CC,TT,NN,GT,GG,TT,AA,CC,AG,GG,CC,CC,GG,CC,GG,AA,AA,CG,TT,GG,CC,CC,AA,GG,CC,AT,CC,AT,AA,AC,CG,AC,TT,AA,GG,AA,AA,AC,AA,AG,AA,AA,AA,TT,GG,CC,AA,CC,AA,TT,AG,AG,CG,AG,GG,TT,NN,AA,GT,TT,TT,AG,TT,GG,GG,AA,2.92,Susceptible,High,Premium,Early
L0348,Bengaluru Rural,Karnataka,Kharif,Red Sandy Loam,Rainfed,720,26.0,70,AC,CT,GG,AA,GG,CC,GT,TT,CC,CG,AT,CC,CG,TT,TT,GG,CG,TT,AT,AG,CC,TT,GT,CC,TT,CC,TT,TT,GG,AA,CT,CC,AA,AC,AG,GG,GG,CC,GG,CC,TT,CT,AC,TT,AG,GG,TT,TT,CC,AA,GG,AT,AA,GG,CC,GT,AA,AA,GT,AC,AA,TT,TT,AA,TT,NN,CC,GG,TT,GT,AG,GG,CC,AA,GG,CC,AA,GG,NN,TT,GG,GT,GG,CC,AT,GG,AA,AA,CC,TT,AC,TT,NN,TT,GT,AG,TT,CC,TT,CC,CC,CC,GG,AA,TT,TT,CC,AA,AG,AC,CC,GG,TT,CC,TT,AA,AC,TT,CC,GG,CC,GG,CC,GT,TT,AA,CT,CC,CC,CC,AA,TT,CC,AA,AC,CC,AA,TT,AG,AT,CG,CT,CC,GG,AA,GG,AT,CC,GG,CC,CC,AA,AG,GG,GT,GG,AA,GT,CT,NN,CC,TT,TT,TT,CC,AA,TT,TT,AA,TT,GG,CG,AA,CC,CC,CC,GG,CC,AA,AG,AA,CC,GT,CG,GT,TT,CC,TT,AA,AG,TT,CC,GG,AA,CC,CC,GG,GG,AA,CG,TT,AC,GG,CC,GG,AA,AC,AT,AT,GG,TT,AA,AT,GG,TT,AT,CC,AA,TT,AA,GG,AA,TT,AA,TT,CC,TT,AC,CC,CT,NN,AG,CC,AG,AC,TT,CT,TT,GG,TT,AC,CC,AA,GG,CC,CC,GG,CC,GG,TT,AA,CC,TT,GG,CC,CG,AA,GG,CC,AA,CC,AA,AA,CC,CC,CC,TT,AA,GG,AA,AA,CC,AA,GG,AG,AA,AA,AT,CG,AC,AG,AC,AA,CT,AA,AG,GG,GG,GG,TT,AA,AA,TT,TT,TT,AG,TT,GG,CG,AA,5.21,Susceptible,Medium,Standard,Late
L0349,Bengaluru Rural,Karnataka,Kharif,Red Sandy Loam,Rainfed,720,26.0,70,CC,TT,AG,AG,CC,CC,GG,TT,CC,CC,AA,CT,CG,TT,TT,GG,GG,TT,TT,AA,CC,GT,TT,CC,AT,CC,TT,TT,GG,AA,CT,CT,AA,CC,GG,GG,GT,CC,GG,CC,TT,CT,AA,GT,AA,AG,TT,TT,CC,AC,GT,AT,AA,GG,CC,GT,AT,AC,GG,AC,AA,TT,AT,AA,CC,TT,CC,GG,TT,GG,AA,GG,CC,AA,GG,AC,AT,GG,TT,TT,AG,NN,GG,CC,AA,GG,AA,AA,CC,GT,NN,GT,CT,TT,GT,GG,TT,CC,TT,CC,CC,NN,GG,AA,TT,TT,CC,AA,AG,AA,CT,GG,NN,CC,TT,AA,AA,TT,CC,GG,CG,GG,CC,GG,TT,AG,CC,CG,CC,CC,AA,TT,CC,AA,CC,CC,AA,TT,AA,AA,GG,CC,CC,GG,AA,AG,AA,CC,GG,CC,CC,AA,AA,GG,NN,GG,AC,GT,CT,GG,AC,GT,GG,CT,CC,AA,GT,TT,TT,TT,CG,CC,AG,CT,CC,CC,CC,AC,NN,GG,AA,CC,TT,CC,GG,TT,GG,NN,AA,AA,TT,CC,GG,AC,CC,CC,GG,GG,AC,CG,TT,AA,AG,CC,GG,AA,AC,AA,AT,GT,TT,TT,AA,CG,TT,AA,CC,AT,GG,AA,GG,AA,TT,AA,TT,CC,TT,AC,CC,TT,CG,AG,CC,GG,CC,TT,TT,TT,GG,TT,AA,AC,AG,GG,CC,CC,GG,CC,GG,TT,AA,CG,GG,GG,NN,CC,AT,AG,CG,AT,CC,AA,AA,AC,CC,CC,TT,AA,GG,AA,AA,AC,AA,AA,AA,AA,AA,TT,GG,CC,AG,CC,AA,CT,AG,AG,GG,GG,GG,TT,AT,AA,TT,TT,TT,AG,AT,GG,GG,AA,2.62,Susceptible,Medium,Standard,Early
L0350,Bengaluru Rural,Karnataka,Kharif,Red Sandy Loam,Rainfed,720,26.0,70,CC,CT,NN,AA,GG,CG,GT,TT,CC,CG,AA,CT,CG,TT,GT,GG,CG,TT,TT,AG,CG,GT,GG,CC,TT,CC,TT,TT,GG,AA,TT,CC,AA,CC,GG,GG,GG,CG,GG,CC,TT,CT,AC,TT,AA,AG,TT,NN,CC,AC,GG,AA,AG,GG,CT,TT,AT,AA,GG,AC,AA,TT,AA,GG,TT,AT,CC,GG,TT,GT,AA,GG,CC,AA,GG,AC,AT,GG,TT,TT,GG,GT,GG,CC,AT,GG,AA,AA,CC,GT,CC,TT,TT,TT,TT,GG,CT,CC,TT,CC,CC,CG,AG,AG,TT,TT,CC,AG,AG,AA,CC,GG,TT,CG,GT,NN,AC,TT,CC,GG,CC,AG,CC,GG,CC,AG,CT,CC,NN,CC,AA,TT,CC,AA,CC,CC,AA,TT,AG,AA,GG,CC,CC,GG,AA,GG,AA,AC,GG,CC,CC,AG,AA,AG,GT,GG,AA,TT,TT,AG,CC,GT,TT,TT,CC,AT,GT,TT,AA,TT,GG,CC,AA,CT,CC,CC,CG,AC,AA,GG,AA,CC,TT,CC,GG,TT,CC,AA,AA,AA,TT,CC,CG,AC,AC,CC,CG,GG,CC,GG,TT,AC,AG,CC,GG,AA,CC,AA,AA,GG,TT,AT,AT,GG,GG,AT,CG,AA,TT,NN,GG,NN,TT,AA,TT,CC,TT,AA,CC,TT,CG,AG,CC,AA,CC,TT,TT,TT,GG,TT,AA,CC,AA,GG,CC,CG,GG,CG,GG,AA,AG,CG,TT,GG,CC,CG,AA,AG,CG,AT,CC,AA,AA,NN,GG,AC,TT,AA,GG,AA,AC,AC,AA,AA,AA,AA,AA,TT,GG,AA,AA,CC,AC,TT,AA,AG,GG,GG,GG,TT,AT,AA,GT,TT,TT,GG,TT,GG,GG,AA,3.4,Moderate,Low,Standard,Late
L0351,Bengaluru Rural,Karnataka,Kharif,Red Sandy Loam,Rainfed,720,26.0,70,AA,CT,GG,GG,GG,CG,GG,TT,CC,CG,AA,CT,CC,AT,TT,TT,GG,TT,TT,AG,CC,GT,TT,TT,TT,CC,TT,AT,GT,AA,TT,CT,AA,AC,AG,GG,GG,CC,GG,CC,TT,TT,NN,TT,AG,GG,TT,TT,CC,AC,GG,AA,AA,GG,CC,GT,AA,AA,GT,AC,AA,GT,AT,AA,CC,TT,CC,GG,TT,GG,AA,GG,CC,AA,GG,AA,AT,GG,GT,TT,GG,GG,GT,CC,AA,GG,NN,AT,CC,GT,AC,TT,CC,NN,TT,GG,CT,CC,TT,CT,CT,CG,AA,AA,TT,TT,CC,AA,AG,AC,CC,GG,TT,CC,TT,AA,AA,TT,CC,AG,CG,GG,CC,GT,CT,AA,CC,CC,CC,CC,AA,TT,CC,AA,CC,CC,AG,AT,AA,AA,GG,CC,NN,GG,AG,AA,AT,CC,GG,CC,GG,AG,AA,GG,TT,GG,AA,TT,CT,GG,CC,TT,TT,TT,CC,AA,GG,TT,AT,AT,GG,CC,AG,CT,CC,CC,CG,CC,AA,GG,AA,CC,TT,CC,GT,TT,GG,TT,AA,AG,TT,CC,CG,AA,AC,CC,GG,GG,AC,GG,TT,AC,AA,CC,GG,AT,AC,AA,AA,GT,TT,TT,AA,GG,GT,AA,CC,AT,GT,AA,GG,AA,TT,AA,TT,CC,TT,AC,CC,TT,CG,AA,CC,AG,AC,TT,TT,GT,GG,TT,AA,CC,AG,GG,CC,CC,GG,CC,GG,TT,AA,CG,GT,GG,CC,CC,AA,GG,CC,AA,CC,AA,AA,CC,CC,AC,TT,AA,GG,AA,AA,AA,AA,AA,AA,AA,AA,TT,CG,AA,AA,CC,AA,CC,AA,AA,GG,GG,GG,TT,AA,AA,TT,TT,TT,AG,AT,CG,CG,AA,5.94,Susceptible,Low,Premium,Early
L0352,Bengaluru Rural,Karnataka,Kharif,Red Sandy Loam,Rainfed,720,26.0,70,AC,TT,GG,AA,GG,CC,GT,TT,CC,GG,AA,CC,GG,TT,TT,GG,GG,TT,TT,AA,CC,TT,GG,CC,TT,CC,GT,TT,GG,AA,TT,NN,AA,CC,GG,CG,GG,CG,GG,CC,TT,CT,AA,GT,AA,GG,TT,AT,CC,AC,GT,AA,AG,GG,CC,TT,AA,AC,GG,AA,AA,TT,TT,AG,TT,TT,CC,GG,TT,GG,AA,GG,CC,AA,GG,CC,AA,GG,TT,TT,GG,GG,GT,CC,AT,GG,AA,AA,CC,GG,CC,TT,CC,TT,TT,AG,CT,CC,GT,CC,CC,CG,GG,AA,TT,TT,CG,AA,NN,AA,CT,GG,TT,CG,TT,AA,AA,AT,CC,AG,CC,AG,CC,GT,TT,AA,CC,CC,CC,CC,AA,GT,CC,NN,CC,CC,AA,TT,AA,AA,CG,CC,CC,GG,AA,AG,AA,AC,GG,CC,CC,AA,AA,GG,TT,AG,CC,TT,CT,GG,AC,TT,GT,TT,CG,AA,TT,TT,AA,NN,NN,CC,AG,CC,CC,CC,GG,CC,AA,GG,AG,CC,TT,CC,GT,GT,GG,TT,AA,AA,TT,CC,GG,AC,CC,CC,CG,GG,AA,GG,TT,AC,AA,CC,GG,AA,AC,AA,AA,GG,TT,AT,AT,CG,GT,AA,CC,TT,GG,AA,GG,AA,TT,AA,TT,NN,CT,AA,CC,CT,GG,GG,CG,AG,CC,TT,TT,TT,CG,TT,AA,AC,AG,GG,CG,CC,GG,CG,GT,AT,AG,CC,GG,GG,CG,CG,AA,GG,CC,AT,CC,AA,AA,AC,CG,AC,AT,AA,GG,AA,AA,AC,AA,GG,AA,AA,AA,TT,CG,AA,AG,CC,AC,CC,AA,AA,GG,GG,CG,GT,TT,AA,TT,TT,TT,AA,TT,GG,CG,AA,3.3,Susceptible,Medium,Standard,Late
L0353,Bengaluru Rural,Karnataka,Kharif,Red Sandy Loam,Rainfed,720,26.0,70,AC,TT,GG,AG,GG,CC,TT,TT,CC,CG,AA,CC,GG,TT,TT,GT,GG,TT,TT,AA,CC,TT,TT,CC,TT,CC,TT,TT,GT,AA,TT,CT,AA,CC,AG,GG,GG,CG,GG,CC,TT,CT,AA,TT,AA,AG,TT,AT,CC,AA,GG,AA,AA,GG,CC,NN,AA,AC,GT,AA,AA,TT,AA,AG,CT,AT,CC,GG,TT,GG,AA,GG,CC,AA,GG,AC,AT,AG,TT,TT,GG,GG,GG,CC,AA,GG,AA,AA,CC,GG,CC,TT,CC,TT,NN,GG,TT,CC,TT,CC,NN,CG,GG,AA,AT,TT,CC,AA,AG,AA,CT,GG,GT,CC,TT,AA,AC,TT,CC,AG,CC,GG,CC,GG,TT,AA,NN,CC,CC,CC,AA,TT,CC,AA,CC,CT,AA,TT,AA,AT,GG,CC,CC,GG,AA,AA,AA,AC,GT,CC,CC,AA,AA,AG,GT,AG,AC,GT,NN,GG,AC,GT,TT,CT,CC,AT,TT,TT,AA,AT,GG,CC,AA,TT,CC,CC,GG,AC,AA,GG,GG,CC,TT,CC,GG,TT,GG,TT,AA,AA,TT,CC,CG,AA,CC,CC,GG,GG,AC,GG,TT,AA,AA,CC,GG,AA,AC,AA,AT,GG,TT,TT,AA,GG,GG,AT,CC,TT,GT,AA,GG,AG,TT,AA,TT,CG,CT,AA,CC,TT,GG,AA,CC,AG,AC,TT,CT,TT,GG,TT,AA,AC,AA,GG,CC,CC,GG,CC,GG,TT,AA,GG,GT,AG,CC,CC,AA,GG,CC,AT,CC,AT,AA,AC,CG,AC,TT,AG,GG,AT,AA,AA,AA,AA,AA,AA,AG,TT,GG,AA,GG,AC,AA,TT,GG,AA,GG,AG,GG,TT,AA,AG,GT,TT,TT,AG,AT,GG,GG,AA,1.39,Susceptible,Medium,Poor,Medium
L0354,Bengaluru Rural,Karnataka,Kharif,Red Sandy Loam,Rainfed,720,26.0,70,AA,CT,GG,AA,GG,CC,GG,AA,CG,CC,AA,TT,CC,AT,GT,GG,CG,TT,TT,AA,NN,GT,TT,CT,TT,CT,TT,TT,GG,AA,TT,CC,AA,AC,GG,GG,GG,GG,GG,CC,TT,TT,AC,GT,AA,AG,TT,TT,CC,CC,GG,AA,AA,GG,CT,TT,AT,CC,TT,AA,AA,TT,TT,AA,TT,TT,CC,GT,TT,GG,AA,GG,AC,AA,GG,AA,AT,GG,TT,TT,GG,GG,GT,CC,AA,GG,AG,AT,CC,TT,AA,TT,CT,AT,TT,GG,CT,CC,GG,CC,CC,CG,GG,AA,TT,TT,CC,NN,AA,AC,CC,GG,TT,CC,TT,AA,AA,TT,CC,GG,CC,AG,CC,GG,TT,AG,CC,CC,AC,NN,AA,TT,AC,AA,CC,CC,AA,TT,AA,NN,GG,CC,CC,GG,AA,AG,AA,CC,GT,CC,CC,AG,NN,GG,TT,AA,AA,TT,CT,GG,CC,TT,TT,CT,CC,AT,TT,TT,AT,TT,GG,CC,AA,NN,CC,CC,CG,CC,AA,GG,AA,CC,TT,CG,NN,TT,CG,TT,NN,AA,TT,CC,GG,AC,AC,CC,GG,GG,AC,GG,TT,AA,AA,CC,GG,AA,AC,AA,AA,NN,TT,AT,AT,GG,TT,AA,CC,AT,TT,AA,GG,AA,TT,AA,TT,CC,TT,CC,CC,TT,CG,GG,CC,GG,CC,TT,TT,TT,GG,TT,AA,CC,AA,GT,CC,CC,GG,CC,GG,AT,AA,CG,TT,AG,CC,CC,AA,AG,CC,NN,NN,AA,AA,AC,CC,AA,TT,AA,GG,AA,AA,AC,AA,GG,AA,AA,AA,AT,GG,AC,NN,CC,AA,CT,AA,AA,CG,GG,GG,GT,AA,AA,TT,TT,TT,AA,AT,GG,GG,AA,4.87,Susceptible,High,Standard,Early
L0355,Bengaluru Rural,Karnataka,Kharif,Red Sandy Loam,Rainfed,720,26.0,70,AA,TT,AG,GG,GG,CC,GT,TT,CC,CC,AA,CC,CC,AA,GT,GG,GG,TT,TT,AA,CG,TT,TT,CC,TT,CC,GT,TT,GT,AA,TT,CC,AA,CC,GG,GG,GG,CG,GG,CC,TT,CT,AC,TT,AA,GG,TT,TT,CC,AC,GG,AA,AG,GG,CT,TT,AA,AC,TT,AA,AA,NN,TT,AA,TT,TT,CC,GG,TT,GT,AA,GG,CC,AA,AG,AC,AT,AG,TT,TT,GG,GG,GT,CC,AA,GG,AA,AT,CC,GT,AC,TT,CT,TT,TT,GG,TT,CC,TT,CT,CC,CC,GG,AA,AT,TT,CC,AA,AA,AA,CC,GG,NN,CG,GT,AA,AA,TT,CG,AG,CC,GG,CC,GG,TT,AA,CC,CC,CC,CC,AA,NN,CC,AA,CC,CC,AA,TT,AG,AA,GG,CC,CC,GG,AG,AG,AA,CC,GG,CC,CC,AA,AG,GG,GG,GG,AC,GT,TT,GG,AC,TT,GT,TT,CC,AT,GT,CT,AA,TT,CG,CC,AG,CT,CC,CC,GG,CC,AA,GG,AA,CC,TT,CG,GG,TT,CG,AT,AG,AA,GT,CC,CG,AA,CC,CC,GG,GG,AA,GG,TT,AC,AA,CC,GT,AT,CC,AA,AT,GT,TT,TT,AA,GG,GG,AA,CC,AT,GT,AT,AG,AA,CT,AA,TT,GG,CT,AA,CC,TT,CG,AA,NN,GG,CC,TT,CT,GG,GG,TT,AA,AA,AG,GT,CC,CC,GG,CC,GG,TT,AG,CC,GT,GG,CC,CG,AT,GG,CG,AT,CG,AA,AA,AC,CC,AC,TT,AA,GG,AA,AA,AC,AA,AG,AG,AA,AA,TT,GG,AC,AG,AC,AA,CC,AA,AA,GG,GG,GG,TT,AA,AA,TT,TT,TT,AG,TT,GG,GG,AA,3.7,Susceptible,Medium,Standard,Early
L0356,Bengaluru Rural,Karnataka,Kharif,Red Sandy Loam,Rainfed,720,26.0,70,CC,CT,AG,AA,GG,CG,GG,TT,CC,CC,AA,CC,CC,AT,TT,GG,CG,TT,TT,AA,CG,TT,TT,CC,TT,CC,TT,TT,GG,AA,CT,CC,AG,CC,GG,GG,GG,CG,GG,CC,TT,TT,AA,TT,AA,GG,TT,AA,CC,AC,GG,AA,AA,GG,CT,TT,AA,AA,GG,AA,AA,GT,AT,AA,TT,TT,CC,GG,TT,GG,AA,GG,CC,AA,GG,AA,AT,AG,TT,TT,GG,GG,GG,CC,AA,GG,AA,AA,CC,TT,CC,GT,TT,TT,GT,AG,CT,CC,GT,CC,CC,CG,AG,AA,TT,TT,CC,AA,AA,AA,CC,GT,GT,CC,TT,AA,AA,TT,NN,AG,CG,NN,CC,GT,TT,AA,CC,CC,CC,CC,AA,TT,CC,AA,CC,CC,AA,TT,AG,AA,GG,CC,CC,GG,AA,GG,AA,CC,GT,CC,CG,AA,AA,AG,TT,GG,AA,GT,TT,GG,CC,TT,GT,TT,CC,AT,TT,TT,AA,TT,CG,CC,AA,CC,CC,CC,CG,AC,AA,GG,AG,CC,TT,CC,TT,TT,GG,TT,AA,AA,GT,CC,GG,AA,CC,CC,GG,GG,AA,GG,TT,AC,AA,CC,GT,AA,AC,AA,AT,GT,GT,TT,AT,CG,TT,AT,CG,TT,GT,AA,GG,AA,TT,AC,TT,CG,TT,AA,CC,TT,GG,NN,CG,GG,CC,AT,TT,GT,GG,TT,AA,NN,AA,GG,CC,CC,GG,CC,GG,AT,AA,CG,TT,GG,CC,CG,AT,AG,CC,AT,CC,AA,AA,AC,CG,CC,TT,AA,GG,AA,AA,AC,AA,GG,AG,AA,AA,TT,GG,AC,AA,AC,NN,TT,AA,AA,GG,AG,GG,GT,AA,AA,TT,TT,TT,NN,TT,NN,CG,AA,5.37,Susceptible,Low,Premium,Medium
L0357,Bengaluru Rural,Karnataka,Kharif,Red Sandy Loam,Rainfed,720,26.0,70,AA,TT,GG,AG,GG,CC,GT,TT,CC,CC,AA,CT,CG,AT,TT,GG,GG,TT,TT,AA,CC,GG,GG,CT,TT,CC,TT,TT,GT,AA,TT,CC,AA,CC,GG,GG,GG,CC,GG,CC,GT,TT,AA,TT,AA,GG,TT,TT,CC,AA,GG,AA,AA,GG,CT,TT,AA,AA,TT,AC,AA,TT,TT,AA,TT,TT,CC,GG,TT,GG,AA,GG,NN,AA,GG,CC,AT,GG,GT,CT,GG,GG,GT,CC,AA,GG,AA,AT,CC,TT,CC,TT,CC,TT,GT,AG,TT,AC,GT,CC,CC,CC,AA,AA,TT,TT,CG,AA,AA,AA,CT,GG,TT,CC,TT,AA,AA,TT,CC,GG,CC,AG,CC,GG,TT,AA,CC,CC,CC,CC,AA,TT,CC,AA,CC,CC,AA,TT,AA,AA,CG,CC,CG,GG,AA,GG,AA,AA,GG,CC,CC,AG,AA,AG,TT,GG,AC,TT,CT,GG,AC,TT,TT,TT,CC,AT,TT,TT,AA,TT,GG,CC,AG,CC,AC,AC,GG,CC,AA,GG,GG,AC,TT,CC,GT,GT,GG,NN,AA,AA,TT,CC,GG,AA,AC,CC,GG,GG,AA,GG,TT,AA,AA,CC,GG,AA,CC,AA,TT,GT,TT,TT,AA,GG,GG,AT,CC,AT,GT,AA,GG,AG,TT,AC,TT,CC,CT,AA,CC,TT,CC,NN,CC,AG,AA,TT,CC,TT,GG,TT,AA,CC,AA,GT,CC,CC,GG,CC,GG,TT,AA,CC,GT,GG,CC,CC,AA,GG,CC,AT,CC,AA,AA,CC,CC,AC,TT,AA,GG,AA,AA,AA,AA,GG,AA,AA,AA,TT,GG,AC,AG,CC,AC,CT,AA,AA,CG,GG,CG,TT,AT,AA,TT,TT,TT,AA,TT,GG,GG,AC,4.5,Resistant,Low,Standard,Early
L0358,Bengaluru Rural,Karnataka,Kharif,Red Sandy Loam,Rainfed,720,26.0,70,AC,TT,GG,AG,CG,CC,GT,AT,CC,GG,AA,CC,GG,TT,GT,GG,CC,TT,TT,AG,CC,GT,GT,CC,TT,CC,TT,TT,GG,AA,TT,CC,AA,CC,GG,GG,GG,CC,GG,AC,TT,TT,AA,TT,AG,GG,TT,AT,CC,AC,GG,AA,AG,GG,CC,TT,AA,AA,GT,AA,AA,TT,AA,AA,NN,TT,CC,GG,TT,GT,AG,GG,CC,AA,GG,AC,AA,GG,GT,TT,GG,GG,GG,CC,AT,GG,AA,AA,CC,TT,CC,GT,CC,TT,GT,GG,TT,NN,GT,CC,CC,CC,AG,AA,TT,TT,NN,AA,AA,AC,CC,GG,TT,CC,TT,AA,AA,TT,CG,NN,CC,GG,CC,GT,TT,AA,CC,CC,CC,CC,AA,TT,CC,AA,CC,CC,AA,AT,AA,AA,GG,CT,CC,GG,AA,GG,AA,CC,GT,CC,CC,AG,AA,GG,TT,GG,AA,GT,TT,GG,CC,GT,TT,TT,CC,AA,TT,TT,AA,TT,GG,CC,AG,CC,CC,AC,CG,CC,AA,GG,AG,CC,TT,CC,GT,TT,GG,AT,AA,AA,TT,CC,GG,AA,CC,CC,GG,GG,AA,GG,TT,AA,AA,CC,GG,AT,AC,AA,AA,NN,TT,AT,AA,GG,GT,AA,CC,AT,TT,AA,GG,AA,TT,AA,TT,CC,CT,AA,CC,CT,GG,AG,CC,AA,CC,TT,TT,TT,GG,TT,AC,CC,AA,GG,CC,CC,GG,CC,GG,TT,AA,NN,GT,GG,CC,CG,AA,GG,CC,AT,CC,AA,AA,CC,CG,CC,TT,AA,GG,AA,AC,AC,AA,AA,GG,AA,AG,TT,GG,AA,GG,CC,AC,CT,AA,AA,GG,GG,CC,NN,AA,AA,TT,TT,TT,AG,AT,GG,GG,AC,0.85,Resistant,Low,Premium,Late
L0359,Bengaluru Rural,Karnataka,Kharif,Red Sandy Loam,Rainfed,720,26.0,70,AC,CT,GG,NN,GG,CC,GT,AT,CC,CG,AA,CC,CG,TT,TT,GG,GG,TT,TT,AA,CC,GT,TT,CC,TT,CC,TT,AT,GT,AA,CC,CC,AA,CC,GG,CG,GT,CG,GG,CC,TT,TT,AA,GT,AA,GG,TT,TT,CC,CC,GG,AA,AG,GG,CC,TT,AA,AA,TT,AC,AA,TT,AT,GG,TT,TT,CC,NN,TT,GG,AG,NN,CC,AA,GG,AA,AT,AG,TT,TT,GG,GG,GT,CC,AA,GG,AA,AA,CC,GG,CC,TT,CC,AT,TT,GG,TT,CC,GG,CC,CT,CC,AG,AA,TT,TT,CC,AA,AG,AA,CC,GG,TT,CG,NN,AC,AC,TT,CC,GG,CG,GG,NN,GG,CT,AG,CC,CC,CC,CC,NN,TT,CC,AA,CC,CT,AA,AT,AA,AA,CG,CT,CC,GG,AA,AA,AA,CC,GG,CC,CC,AA,AG,GG,GT,AG,CC,GT,TT,AG,AC,TT,TT,TT,CC,AA,TT,TT,AT,AT,CG,CC,AA,CC,CC,CC,CG,CC,AA,GG,AA,CC,TT,CC,GT,GT,GG,AT,AA,NN,TT,AA,GG,AC,CC,CC,GG,AG,AA,GG,TT,AA,AG,CG,GG,AA,CC,AA,AA,GG,TT,AT,AT,CG,GT,AT,CG,TT,TT,AA,GG,AA,TT,AA,TT,CC,TT,AC,CC,TT,CG,AA,CC,GG,AC,TT,TT,GG,GG,TT,AA,AA,AA,GG,CC,CC,GG,CC,GG,TT,AA,CC,GT,GG,CC,CG,AA,GG,NN,AA,CC,AA,AA,AA,CG,CC,TT,AA,GG,AA,AA,AA,AA,GG,AA,AA,AA,TT,CG,NN,AG,AC,AA,TT,NN,AA,GG,GG,GG,TT,AT,AG,TT,NN,TT,AG,AT,GG,GG,AA,2.97,Moderate,Low,Poor,Early
L0360,Bengaluru Rural,Karnataka,Kharif,Red Sandy Loam,Rainfed,720,26.0,70,AA,TT,AG,AG,GG,CC,GT,AT,CC,CC,AT,CC,CC,AT,TT,GG,GG,TT,TT,AA,CG,TT,GG,CC,TT,CC,TT,AT,GG,AA,TT,CT,AA,CC,GG,GG,GG,CG,GG,CC,TT,TT,AA,GT,AA,GG,TT,TT,CC,NN,GG,AT,GG,GG,CT,GT,AA,AC,GT,AA,AA,TT,AT,AG,TT,TT,CC,GT,CT,GT,AG,GG,CC,AA,GG,AA,NN,GG,TT,TT,AG,GG,GG,CC,AA,GG,AA,AA,CC,TT,CC,TT,NN,TT,GT,GG,TT,CC,GT,CC,CT,CC,AA,AA,AT,TT,CC,AA,AA,AA,CC,GG,TT,CC,GT,AC,AA,TT,CC,GG,CC,AG,CC,GG,TT,AA,CC,CC,CC,CC,AG,TT,CC,AA,CC,CC,AG,TT,AA,AA,GG,CC,CC,AG,AA,AG,AA,CC,GT,CC,CC,AA,AG,GG,TT,AG,AA,GT,CT,AG,CC,TT,TT,TT,CC,AA,TT,TT,AA,AT,GG,CC,AG,CT,CC,CC,CG,AC,AA,GG,AA,CC,TT,CG,GG,GT,GG,TT,AA,NN,TT,CC,GG,CC,CC,CC,GG,GG,AA,GG,TT,AA,AG,GG,GT,AA,AA,AA,AT,GG,GT,TT,AA,CG,GG,AT,CG,TT,GT,AA,GG,AA,CC,AA,TT,CC,TT,AA,CC,TT,CC,AG,CG,AA,AC,TT,TT,TT,GG,TT,AA,CC,AA,GT,CC,CG,GG,CC,GG,TT,NN,CC,GT,GG,CC,CC,AA,GG,CC,AA,CG,AA,AA,AA,CG,CC,TT,AA,GG,AA,AA,AA,AA,AA,AG,AG,AA,AT,GG,AC,AG,AA,AC,TT,AA,AA,GG,GG,GG,GT,AT,AA,TT,TT,TT,AG,AT,GG,CG,AA,1.81,Susceptible,Medium,Standard,Early
L0361,Bengaluru Rural,Karnataka,Kharif,Red Sandy Loam,Rainfed,720,26.0,70,AC,TT,AG,AA,GG,CC,GG,AT,CC,CG,AA,CC,CC,AT,GT,GG,GG,TT,TT,AA,CC,TT,TT,CT,TT,CC,TT,TT,GG,AA,TT,CC,AA,CC,GG,GG,GG,CG,GG,CC,TT,CT,AC,TT,NN,AG,TT,TT,CC,AC,GG,AT,AA,GG,CC,TT,AA,AA,GG,AC,AG,TT,TT,AA,TT,AT,CC,GG,TT,GG,AA,GG,CC,AA,AG,AC,AA,GG,TT,TT,GG,GG,GG,CC,AA,GG,AA,AA,CC,GT,AC,TT,CT,TT,TT,GG,CT,CC,TT,CC,CC,CC,AA,AA,TT,TT,CG,AA,AG,AA,CC,GG,TT,CC,TT,AC,AA,TT,CG,AG,CG,GG,CC,GG,TT,AA,CC,CC,AC,CC,AA,TT,CC,AA,CC,CT,AA,TT,AA,AA,CG,CC,CC,GG,AG,AA,AA,NN,GG,CC,CC,AA,AG,GG,GT,GG,AA,TT,CC,NN,CC,GT,TT,CT,CC,AA,GT,CT,AT,TT,GG,CC,AA,CT,CC,CC,GG,CC,AA,GG,AG,CC,NN,CC,GT,GT,GG,TT,AA,AA,TT,CC,GG,AA,CC,CC,GG,GG,AA,GG,TT,AA,AA,CC,GG,AA,CC,AT,AA,GG,TT,TT,AT,GG,TT,AT,CG,AA,GT,AA,GG,AA,TT,AA,TT,CC,TT,AA,CC,CT,GG,AA,CC,AA,CC,TT,CT,TT,GG,TT,AA,AA,AG,GG,CC,CG,GG,CC,GG,AT,AG,CC,TT,GG,CC,CC,AT,GG,CG,TT,CC,AT,AA,AC,CC,AC,TT,AA,GG,AA,AA,AA,AC,GG,AA,AA,AA,AT,CG,AA,GG,CC,AA,CC,AA,AA,GG,GG,GG,TT,AT,AG,GT,TT,TT,AA,AT,GG,GG,AA,4.64,Moderate,High,Standard,Early
L0362,Bengaluru Rural,Karnataka,Kharif,Red Sandy Loam,Rainfed,720,26.0,70,CC,TT,GG,AG,GG,CG,GG,TT,CC,CC,AA,NN,CC,AT,GT,GT,GG,TT,TT,AG,CG,TT,TT,CC,TT,CC,TT,AT,GT,AA,TT,CT,AA,CC,GG,GG,GG,CC,GG,AC,TT,CT,AA,TT,AA,AG,TT,TT,CC,CC,GG,AA,AA,GG,CC,GT,AA,AA,TT,AC,AG,TT,TT,AA,CT,TT,CC,GG,TT,GG,AA,GG,CC,AA,GG,AC,AT,GG,TT,TT,GG,GT,GG,CC,AT,GG,AG,AA,CC,NN,CC,TT,CT,AT,TT,AG,TT,CC,GG,CC,CC,CC,AG,AA,TT,TT,CG,AA,GG,AA,CT,GG,NN,CG,TT,AA,AC,TT,CC,GG,CC,GG,CC,GT,TT,AG,CC,CC,CC,CC,AA,GT,AC,AA,CC,CT,AA,TT,AA,AA,GG,CC,NN,GG,NN,AA,AA,CC,GT,CC,CG,AG,AG,GG,TT,AG,CC,GT,NN,GG,AC,GT,GT,TT,CG,AT,GT,TT,AA,TT,CG,CC,AA,CT,CC,CC,GG,CC,AA,GG,AA,CC,TT,CC,GT,TT,GG,AT,AG,AA,TT,CC,GG,AA,CC,CC,GG,GG,NN,GG,TT,AA,AA,CC,GG,AA,CC,AA,AT,GG,TT,TT,AT,GG,GT,AT,CG,NN,TT,AA,GG,AA,CT,AA,TT,CG,CT,AC,CC,CT,GG,AG,CC,AG,CC,TT,TT,TT,NN,TT,AA,AA,AA,GG,CC,CC,NN,CC,GG,AT,AA,CG,TT,GG,CC,CG,AT,GG,CC,AA,CC,AA,AG,CC,CG,CC,TT,AA,CG,AA,AA,AA,AA,AG,AG,AA,AA,TT,GG,AA,AG,CC,CC,CT,AA,AG,GG,AG,GG,TT,AA,AG,TT,TT,TT,AG,AT,GG,GG,AA,4.66,Moderate,Medium,Poor,Medium
L0363,Bengaluru Rural,Karnataka,Kharif,Red Sandy Loam,Rainfed,720,26.0,70,AC,TT,AG,AG,GG,CC,GG,AA,CC,CC,AT,CC,CC,AT,TT,GT,GG,TT,AT,AA,CG,TT,TT,CT,TT,CC,TT,TT,GG,AA,TT,CC,AA,CC,GG,CC,GG,CC,GG,CC,TT,TT,AA,TT,AA,GG,TT,TT,CC,AC,GG,AA,AA,GG,CT,GT,AA,AC,GG,AA,AG,TT,AA,AA,CT,AA,CC,GG,TT,GG,AA,GG,CC,AA,AG,AA,AA,NN,GG,TT,GG,GG,GG,CC,AA,GG,AA,AA,CC,TT,CC,TT,CT,TT,TT,AG,TT,CC,TT,CC,CC,CG,GG,AA,AT,TT,CC,AA,AA,AA,CT,GG,TT,CC,TT,AA,AA,AT,CC,GG,CG,GG,CC,GT,TT,AA,CC,CC,CC,CC,NN,TT,CC,AA,CC,CC,AA,TT,AA,AA,GG,CC,CC,GG,AA,AG,AA,CC,GT,CC,CG,AA,AA,GG,TT,GG,AC,TT,TT,AG,CC,GT,GT,TT,CC,AA,TT,TT,AA,AT,GG,CC,AA,CT,CC,AC,GG,CC,AA,GG,AA,CC,TT,CC,GT,TT,GG,AT,AA,GG,TT,CC,CG,AA,AC,CG,GG,GG,AC,GG,TT,CC,AA,CC,GG,AA,AC,AA,AA,GG,NN,AT,AA,CG,GG,AA,CG,TT,GT,AA,GG,AA,CC,AA,TT,CG,TT,AA,NN,TT,CG,GG,CC,GG,CC,TT,TT,GT,GG,AT,AA,AC,AG,GG,CC,CC,GG,CC,GG,TT,AA,CC,TT,GG,CC,CG,AA,GG,CC,AT,CC,AT,AA,AC,CG,CC,TT,AA,NN,AA,AA,AC,AA,GG,AA,AA,AG,AT,GG,AA,NN,CC,AA,TT,AA,AA,GG,NN,GG,TT,AT,AA,TT,TT,TT,AG,AT,GG,CG,AA,3.82,Moderate,Medium,Premium,Medium
L0364,Bengaluru Rural,Karnataka,Kharif,Red Sandy Loam,Rainfed,720,26.0,70,AA,TT,GG,AG,GG,CC,GT,TT,CC,GG,AA,CC,CC,AT,GT,GG,CG,TT,TT,AA,CC,TT,GT,CC,AT,CC,TT,TT,GG,AA,TT,CC,AA,CC,GG,GG,GG,CC,GG,CC,TT,CT,AA,GT,AG,GG,NN,TT,CC,AC,GT,AA,AA,GG,CC,GT,AA,AC,GT,AA,AG,TT,TT,AG,CT,TT,CC,GG,TT,GT,AA,GG,CC,AA,GG,AC,TT,GG,GT,TT,GG,GG,GT,CC,AT,GG,AA,AA,CC,NN,CC,TT,TT,AT,GT,GG,TT,CC,TT,CC,CC,CC,GG,AA,TT,TT,CC,AA,AA,AC,CC,GG,TT,CC,GT,AA,AC,TT,CG,GG,CG,GG,CC,TT,TT,AG,CC,CC,CC,CC,AG,TT,CC,AA,CC,CC,AA,TT,AG,AA,GG,CC,CC,AG,AA,AG,AA,CC,GG,CC,CC,AA,AG,GG,TT,GG,AA,GT,CC,GG,CC,TT,TT,TT,GG,AA,TT,CT,AA,AT,CG,CC,AA,CC,CC,CC,CC,AC,AA,GG,AA,CC,TT,CC,GT,TT,GG,TT,AA,AG,TT,CC,GG,AA,CC,CC,GG,GG,AC,GG,CT,AA,AA,CC,GG,AA,AC,AA,AT,GG,GT,AT,AA,GG,TT,AA,CC,AT,TT,AA,AG,AA,TT,AA,TT,CC,TT,AC,CC,CT,CG,AG,CC,AA,CC,TT,CT,NN,GG,NN,AC,AC,AG,GG,CC,CG,GG,CC,GG,TT,AA,CC,TT,GG,CC,CC,AT,GG,CG,AT,CC,AA,AA,CC,CG,CC,TT,AA,GG,AA,AA,AC,AC,AG,AG,AA,AA,AT,CG,AA,AA,CC,AA,CT,AA,AA,GG,GG,GG,TT,AT,NN,GT,TT,TT,AG,AT,GG,GG,AA,2.71,Moderate,Medium,Premium,Medium
L0365,Bengaluru Rural,Karnataka,Kharif,Red Sandy Loam,Rainfed,720,26.0,70,AA,TT,AG,AA,CG,CC,GT,AT,CG,CC,AA,CC,CC,TT,TT,GG,CG,TT,AT,AA,CC,GT,GG,CC,TT,CC,TT,TT,GG,AA,TT,CT,AA,CC,GG,CG,GG,CC,GG,NN,TT,CT,AA,TT,AA,AG,TT,TT,CC,CC,GG,AT,AA,GG,NN,TT,AA,AA,GT,NN,AA,GT,AT,AG,TT,TT,CC,GG,TT,GG,AA,GG,CC,AA,NN,AA,TT,GG,TT,TT,GG,GG,GT,CC,AT,GG,AA,AT,CC,GT,CC,TT,CT,TT,GT,GG,TT,CC,TT,CC,CC,CC,AG,AA,AT,TT,CC,AA,AG,AA,NN,GG,TT,CG,TT,AA,AA,TT,CG,AG,CC,GG,CT,TT,TT,AA,CC,CC,CC,CG,AG,TT,CC,AA,CC,TT,AA,TT,AA,AA,GG,CT,CC,AG,AA,AG,AA,CC,GG,CC,CC,AA,AG,GG,TT,GG,CC,TT,CC,GG,AC,TT,TT,CT,CC,AT,TT,TT,AA,AT,GG,CC,AA,CT,AC,CC,GG,CC,AA,GG,AG,CC,TT,CC,GT,TT,GG,AT,AA,AA,TT,CC,CG,AA,CC,CC,GG,AG,AA,GG,CT,AA,AA,CC,GT,AA,CC,AA,AA,GG,TT,AT,AA,CG,TT,AA,CG,AT,TT,AA,GG,AA,CT,AA,TT,CC,TT,AA,AC,TT,CG,AA,CC,AA,CC,TT,CC,GT,GG,TT,AC,AA,AG,GG,CC,CG,GG,CC,GG,TT,AG,CC,GT,GG,CC,CC,AA,GG,CC,AA,CG,AA,AA,AC,CG,CC,TT,AA,GG,AA,AA,AC,AA,AG,AG,AA,AA,TT,GG,AA,AG,AC,AA,TT,AA,AA,CG,AG,GG,GT,AA,AA,GT,TT,AT,GG,AA,GG,GG,AA,3.4,Susceptible,Medium,Poor,Late
L0366,Bengaluru Rural,Karnataka,Kharif,Red Sandy Loam,Rainfed,720,26.0,70,CC,TT,AG,AA,GG,CC,GT,AT,CC,CG,AA,CC,CC,TT,TT,TT,CG,TT,TT,AG,CC,TT,TT,CT,TT,CC,TT,AT,GG,AA,TT,CC,AA,CC,GG,CG,GG,CG,GG,CC,TT,CT,AA,TT,AA,AA,CT,TT,CC,CC,GT,AA,AG,GG,TT,GT,AA,AC,GT,AC,AG,TT,TT,AA,TT,TT,CC,GG,TT,GG,AA,GG,CC,AA,GG,CC,TT,GG,TT,TT,GG,GG,GG,CC,AA,GG,AG,AT,CC,TT,CC,TT,CC,TT,GT,GG,CT,AC,GG,NN,CT,CC,AG,AA,TT,TT,CC,AA,AA,AA,CT,NN,TT,CG,TT,AC,AA,TT,CC,GG,CC,GG,CC,GG,CT,AA,CC,CC,CC,CC,AA,GT,NN,AA,CC,CC,AA,TT,AG,AA,GG,CT,CC,GG,AA,AG,AA,CC,GG,CC,CG,AG,AA,GG,TT,AG,AA,TT,CT,GG,CC,GG,TT,TT,CC,AT,TT,CT,AA,AA,GG,CC,AA,CT,CC,CC,GG,AC,AA,GG,AG,CC,TT,CC,GG,TT,GG,AT,AG,AG,TT,AC,GG,AC,AC,CC,GG,GG,AA,CG,TT,AC,AA,CC,GG,AT,CC,AA,AA,GG,GT,TT,AT,GG,GG,AT,CC,TT,TT,AA,AG,AA,TT,AA,TT,CC,TT,AA,CC,TT,CG,AA,CC,GG,CC,TT,CT,TT,GG,TT,AA,CC,AA,GT,CC,CC,GG,CG,GG,TT,AA,CG,GT,GG,CC,CC,AA,GG,CC,AT,CC,AA,AA,CC,CG,AC,TT,AA,GG,AA,AA,AC,AA,AG,AG,AA,AA,TT,CG,AA,AA,AC,AC,CT,AA,AG,GG,AG,GG,TT,AA,AA,GT,TT,TT,GG,TT,GG,GG,AA,4.68,Moderate,Low,Poor,Early
L0367,Bengaluru Rural,Karnataka,Kharif,Red Sandy Loam,Rainfed,720,26.0,70,AA,TT,GG,AA,GG,CC,GG,AT,CC,CG,AA,CT,CC,AA,TT,GG,GG,TT,TT,AA,CC,TT,GT,TT,TT,CC,TT,TT,GT,AA,TT,CT,AA,CC,AG,CC,GG,CG,GG,CC,TT,CT,AA,TT,AA,AA,TT,AT,CC,AC,GT,AT,AA,GG,CC,TT,AA,AA,GG,AC,AA,TT,TT,AG,TT,TT,CC,GG,TT,GG,AA,GT,CC,AA,GG,AC,AA,GG,TT,TT,GG,GG,GG,CC,AA,GG,AA,AA,CC,GT,AC,GG,CC,TT,TT,GG,TT,CC,GG,CC,CC,CC,AG,AA,TT,TT,CC,AA,AA,AA,CT,GG,TT,CC,TT,AA,AA,TT,CG,AA,CC,AG,CC,GG,TT,AA,CT,CC,CC,CC,AA,GT,CC,AA,CC,CT,AA,AT,AA,AT,GG,CC,CC,GG,AA,AA,AA,CC,GT,CC,CC,AA,AA,GG,TT,GG,AA,TT,TT,GG,AC,TT,GG,TT,CC,AT,TT,TT,AT,TT,GG,CC,AA,CT,CC,CC,GG,CC,AA,GG,GG,CC,TT,CC,GT,GG,GG,TT,AA,AG,TT,CC,GG,AA,CC,CC,GG,AA,AA,GG,TT,AC,AA,CC,GG,AT,AC,AA,TT,GG,TT,TT,AT,CG,TT,AA,CC,TT,TT,AA,GG,AA,TT,CC,TT,CC,TT,AC,CC,CT,CG,AG,CC,AG,AC,TT,CT,GT,GG,TT,AC,AC,AG,GG,CG,CG,CG,CC,GG,AT,AG,CC,GT,GG,CC,CG,AA,AG,CG,AA,CC,AA,AA,CC,CC,CC,TT,AG,GG,AT,AC,AA,AA,AG,GG,AA,AA,AT,GG,AC,GG,AC,AC,TT,AG,AA,GG,GG,GG,TT,AA,AG,GT,NN,TT,AG,TT,GG,CG,AA,4.73,Susceptible,High,Poor,Early
L0368,Bengaluru Rural,Karnataka,Kharif,Red Sandy Loam,Rainfed,720,26.0,70,AC,TT,GG,AA,GG,CC,GG,NN,CC,CC,AA,CC,CG,TT,TT,GT,CG,TT,TT,AA,CC,GT,TT,CC,TT,CC,TT,TT,GT,AA,TT,CC,AG,CC,AG,CG,GG,CC,GG,CC,NN,TT,AA,TT,AG,AG,TT,TT,CC,CC,GG,AA,AG,GG,CC,TT,AA,AC,GG,AA,AA,TT,AT,AA,TT,TT,CC,GG,NN,GG,AA,GG,CC,AA,AG,AC,AT,GG,TT,TT,GG,GG,GG,CC,AT,GG,AA,AA,CC,TT,CC,TT,CT,AT,TT,GG,TT,AC,GT,CC,CT,CC,GG,AA,AT,TT,CC,NN,GG,AA,CC,GG,TT,CG,TT,AC,AA,TT,CC,GG,CC,GG,CC,GT,TT,AA,CT,CC,CC,CC,AA,TT,CC,AA,CC,CT,AA,AT,AA,AA,GG,CC,CC,GG,AG,AG,AT,AC,GG,CC,CC,AG,AG,GG,TT,AG,AA,GT,TT,AA,CC,TT,GT,TT,CC,AA,TT,CT,AA,TT,NN,CC,AG,CC,AC,CC,GG,CC,AA,GG,AA,CC,TT,CG,GG,TT,GG,AT,AA,AA,TT,AC,GG,AC,AC,CC,GG,AG,AA,GG,NN,AC,AA,CC,GT,AA,AC,AA,TT,GG,GT,AA,AA,GG,GT,AA,CC,AT,GG,AA,GG,AA,TT,AA,TT,CC,TT,AA,AC,TT,GG,AG,CC,AG,CC,TT,CT,TT,GG,TT,AA,AC,AG,GG,CG,CC,GG,CC,GG,TT,AA,CC,GG,GG,CC,CC,AA,GG,CC,AT,CC,AA,AA,CC,CC,AA,TT,AA,GG,AA,AC,AC,AA,GG,GG,AG,AA,AT,GG,AA,AG,AC,AA,CT,AA,AA,GG,GG,GG,TT,AA,AA,TT,TT,TT,AG,AT,GG,GG,AA,2.52,Moderate,Low,Premium,Medium
L0369,Bengaluru Rural,Karnataka,Kharif,Red Sandy Loam,Rainfed,720,26.0,70,AA,CT,GG,AA,GG,CC,GT,AT,CC,CC,AA,CT,CC,TT,TT,GG,GG,AT,TT,AA,CC,GT,TT,CC,TT,CT,TT,TT,GG,AA,TT,CC,AA,AC,GG,GG,GG,CC,GG,CC,TT,CT,AA,TT,AG,AA,TT,TT,CC,CC,GG,AT,AA,GG,CC,GT,AA,AA,TT,AC,AA,TT,TT,AG,TT,TT,CC,GG,TT,GG,AA,GT,CC,AA,GG,NN,AA,GG,TT,TT,GG,GT,GT,CC,AT,GG,AA,AA,CG,TT,CC,TT,CC,TT,GT,GG,TT,CC,GT,CC,CC,CC,AG,AA,AT,TT,CC,AG,AA,AA,CC,GG,TT,CC,GG,AA,AC,TT,CG,GG,CC,GG,CC,GG,TT,AA,CC,CC,CC,CC,AA,GT,AC,AA,CC,CC,AA,AT,AA,AA,GG,CT,CC,GG,AA,AA,AA,CC,GG,CC,CC,AA,AA,AG,TT,AG,AC,TT,CT,AG,AC,TT,GT,TT,CC,AA,TT,TT,AA,TT,NN,CC,AG,CT,CC,CC,CC,CC,AA,GG,GG,CC,TT,CG,GT,GT,GG,AT,AA,AA,TT,AC,GG,AA,CC,CC,GG,GG,AA,CG,TT,AA,AG,CC,GG,AA,CC,AA,AT,GT,TT,TT,AA,CC,GT,AA,CG,TT,GT,AA,GG,AA,CT,AA,TT,CC,CC,AA,CC,CT,CG,AA,CC,GG,CC,TT,CT,GT,GG,TT,AA,AC,AG,GG,CC,NN,GG,CC,GG,AT,AG,CC,TT,GG,CC,CC,AT,GG,CC,AT,CC,AA,AA,CC,CC,CC,TT,AA,GG,AA,AA,AA,AC,GG,AG,AA,AA,TT,GG,AA,AG,CC,AA,CT,AA,AA,GG,GG,GG,GG,AA,AA,GT,TT,AT,AG,TT,GG,GG,NN,3.03,Resistant,Medium,Poor,Early
L0370,Bengaluru Rural,Karnataka,Kharif,Red Sandy Loam,Rainfed,720,26.0,70,AA,TT,GG,GG,GG,CC,GT,TT,CC,CC,AA,CC,CC,TT,TT,GT,CG,TT,TT,AA,CC,TT,GT,CC,TT,CC,GT,TT,GG,AA,TT,CT,AA,CC,GG,GG,GG,CG,GG,CC,TT,TT,AA,TT,AG,GG,TT,AA,CC,AC,TT,AA,AA,GG,CC,GT,AA,AC,GT,AC,AA,TT,AA,AG,CT,AT,CC,GG,TT,GT,AG,GG,CC,AA,AG,AA,AA,GG,TT,TT,GG,GG,GT,CC,AT,GG,AA,AA,CC,TT,AA,TT,CC,TT,TT,GG,TT,CC,GT,CC,CT,CG,AG,AA,TT,TT,CC,AA,AA,AA,CT,GG,TT,CG,GT,CC,AC,TT,CC,GG,CC,GG,CC,GG,CT,AA,CT,CC,CC,CC,AA,TT,CC,AA,CC,CT,AA,TT,AA,AA,GG,CC,CC,GG,AA,AG,AA,AC,GG,CC,CC,AA,AA,AG,TT,NN,AC,TT,TT,AG,AA,TT,GT,TT,CC,AA,TT,TT,AA,TT,GG,CC,AG,CT,CC,CC,CG,AC,AA,GG,AA,CC,TT,CC,GT,TT,GG,TT,AA,AA,TT,CC,GG,AA,CC,CC,CG,GG,AA,GG,TT,AA,AA,CG,GG,AT,AA,AA,AA,GT,TT,TT,AT,CG,TT,AA,CG,TT,TT,AA,GG,AA,CC,AA,TT,CC,TT,AA,CC,TT,GG,GG,CC,AA,AC,TT,CT,TT,GG,TT,AA,AA,AA,GG,CC,CG,GG,CG,GG,TT,AG,CG,TT,GG,CG,CC,AA,AG,CC,AT,CC,AA,AA,AC,CC,CC,TT,AA,CG,AA,AA,AA,NN,AA,AA,AA,AA,TT,GG,AC,AG,AC,AA,CT,AA,AA,GG,GG,GG,GT,AA,AG,TT,TT,TT,GG,TT,CG,GG,AA,3.18,Susceptible,Medium,Poor,Late
L0371,Bengaluru Rural,Karnataka,Kharif,Red Sandy Loam,Rainfed,720,26.0,70,CC,TT,AG,AG,CG,NN,GG,TT,CC,CC,AA,CC,CG,NN,GT,GG,CG,TT,TT,AA,CC,GT,GT,CC,TT,CC,GT,TT,GG,AA,TT,CC,AA,CC,GG,CG,NN,CC,GG,CC,TT,TT,AA,GG,AA,GG,TT,TT,CC,CC,GG,AA,AA,GG,CC,TT,AA,AA,GT,AA,AG,TT,TT,AA,TT,TT,CC,GG,TT,GT,AG,GG,AC,AA,GG,AA,AA,GG,TT,TT,GG,GG,GT,CC,AT,GG,AA,AT,CG,GG,AA,NN,CC,TT,TT,AG,TT,CC,GT,CT,CC,CC,AG,AA,TT,TT,CC,AA,AA,AA,CT,GG,TT,CC,GT,AA,AC,TT,CC,AG,CG,GG,CC,GG,TT,AA,CC,CC,AC,CC,AA,TT,CC,AA,CC,TT,AA,TT,AA,AA,CG,CT,CC,AG,AA,GG,AA,CC,GT,CC,CG,AA,AA,GG,TT,GG,AA,TT,CT,GG,CC,GT,GT,TT,CG,TT,TT,CT,AA,TT,GG,CC,AG,CT,CC,CC,CC,CC,AA,GG,AA,CC,TT,CC,GT,TT,GG,TT,AA,AG,TT,CC,GG,AA,CC,CC,GG,GG,AC,CG,TT,AA,AA,CC,GG,AA,CC,AA,AA,GG,TT,AA,AA,CG,TT,AA,CG,TT,GT,AA,GG,AA,CT,AA,TT,CC,TT,AA,CC,TT,GG,AG,CC,AG,CC,TT,CT,GT,GG,TT,AA,AC,AA,GG,NN,CG,GG,CC,GG,TT,AA,CG,GT,GG,CG,CC,AA,AG,CC,AA,CC,AA,AA,AC,CG,CC,AT,AA,GG,AA,AA,AA,AA,AA,AG,GG,AA,TT,CG,AC,AA,AA,AC,CT,AA,AA,GG,GG,GG,TT,AA,AA,GT,TT,TT,NN,AT,GG,CG,AA,4.41,Moderate,Low,Premium,Medium
L0372,Bengaluru Rural,Karnataka,Kharif,Red Sandy Loam,Rainfed,720,26.0,70,AC,TT,GG,AG,GG,CC,GG,TT,CC,GG,AA,CT,GG,AT,TT,GG,GG,TT,TT,AA,CG,TT,GT,CC,TT,CC,TT,TT,GG,AA,TT,CC,AA,CC,GG,GG,GG,CC,GG,CC,TT,TT,AA,TT,AA,GG,TT,TT,CC,CC,GG,AA,AA,GG,CC,TT,AA,AC,GT,AC,AA,TT,TT,AG,TT,AT,CC,GG,TT,GT,AA,GG,CC,AA,GG,AC,AT,GG,TT,TT,GG,GG,GG,CC,AA,GG,AA,AA,CC,TT,AC,TT,CC,TT,TT,GG,TT,CC,TT,CC,CC,NN,AA,AG,TT,TT,CG,AA,AG,AA,CC,GG,TT,CG,GT,AC,AC,TT,CC,AG,CC,GG,CC,GT,TT,AA,CC,CC,CC,CC,AA,TT,CC,AA,CC,CC,AA,TT,AA,AA,GG,CC,CC,GG,AG,AG,AA,AC,GG,CC,CC,AA,AA,GG,TT,GG,AC,TT,TT,GG,AC,GT,TT,TT,CG,NN,GT,TT,AA,TT,CG,CC,AG,CC,CC,CC,GG,AC,AA,GG,AA,CC,TT,CC,GT,TT,GG,AT,AA,AA,TT,CC,GG,AC,CC,CC,GG,GG,CC,GG,TT,AA,AA,CC,GT,AA,AC,TT,AA,GG,TT,AT,AA,GG,GT,AT,CC,AT,GT,AA,GG,AA,CT,CC,TT,CC,TT,AA,CC,TT,CG,GG,NN,AG,CC,TT,CT,TT,GG,TT,AA,AC,NN,GG,NN,GG,GG,CC,GG,TT,AA,CC,GT,GG,CC,CC,AA,AG,CG,AT,CC,AT,AA,CC,CC,AC,TT,AA,CG,AA,AA,AA,AA,AG,AG,AG,AA,AT,GG,AA,GG,CC,AC,CC,AA,AA,GG,GG,GG,TT,AA,AA,TT,TT,TT,AA,TT,GG,GG,AA,3.54,Susceptible,Low,Standard,Late
L0373,Bengaluru Rural,Karnataka,Kharif,Red Sandy Loam,Rainfed,720,26.0,70,CC,TT,GG,AA,GG,CG,GG,TT,CC,CG,AT,CT,CG,AT,GT,GG,GG,NN,TT,AA,CG,TT,TT,CC,NN,CC,GT,TT,GT,AA,TT,CC,AA,CC,GG,CG,GG,CG,GG,CC,TT,CC,AA,NN,AA,AG,TT,TT,CC,AA,GG,AA,AA,GG,CC,TT,AT,AA,TT,AA,AG,TT,AT,AA,NN,AT,CC,GG,TT,GG,NN,GG,CC,AA,GG,CC,AA,AG,TT,TT,GG,GG,GG,CC,AA,GG,AA,TT,CC,GG,CC,TT,CC,AT,TT,GG,TT,AC,GT,CC,CC,CG,GG,AA,TT,TT,CC,AG,AG,AA,CC,GG,TT,NN,TT,AA,AA,TT,CC,GG,CC,GG,CC,TT,NN,AA,CC,CC,CC,NN,AA,TT,CC,AA,CC,CC,AG,TT,GG,AT,GG,CC,CC,GG,AG,AA,AA,CC,GG,CC,CC,AG,AA,GG,GT,GG,AC,GG,TT,GG,AC,GT,TT,TT,CC,AT,TT,TT,AA,AT,GG,CC,AG,CT,CC,AC,CC,CC,AA,AG,AA,NN,TT,CC,GG,TT,GG,TT,AG,AA,TT,AC,GG,AA,CC,CC,GG,GG,AC,GG,TT,AA,AA,CC,GG,AA,CC,AA,AT,GG,TT,AT,AA,GG,GT,AT,CG,TT,GT,AA,GG,AA,CT,AA,TT,CC,CT,CC,CC,CT,GG,AG,CC,GG,AC,TT,NN,NN,GG,TT,AC,CC,AA,GG,CC,GG,GG,CC,GG,TT,AA,CC,TT,GG,CC,CG,NN,GG,CC,AA,CC,AA,AA,AA,CC,AC,TT,AA,GG,AA,AA,AA,AC,AA,AG,AA,AG,TT,CG,AA,AG,AC,AC,CT,AG,AA,GG,GG,CG,TT,AA,AA,GT,TT,TT,GG,TT,CG,GG,AC,1.77,Moderate,Low,Poor,Late
L0374,Bengaluru Rural,Karnataka,Kharif,Red Sandy Loam,Rainfed,720,26.0,70,AA,TT,AG,AA,GG,CC,GG,AT,CC,CG,AA,CC,CG,TT,TT,GG,CG,TT,TT,AA,CC,TT,TT,CT,TT,CC,TT,AT,GG,AA,TT,CT,AA,CC,AG,CG,GG,CG,GG,AC,TT,TT,AC,TT,AA,GG,TT,AT,CC,AC,GT,AA,AA,GG,CC,TT,AT,AA,GG,AA,AA,GT,TT,AA,TT,TT,CC,GG,TT,GT,AA,GG,CC,AA,GG,AC,AA,GG,TT,TT,GG,GT,GG,NN,AT,GG,AA,AA,CC,TT,CC,TT,CC,TT,TT,GG,CT,CC,GT,CC,CC,CC,GG,AG,TT,TT,CC,AA,AA,AA,CC,GG,TT,CG,TT,AA,AA,AT,CG,AG,CC,GG,CC,GG,CT,NN,CT,CC,CC,CC,AA,TT,CC,AA,CC,CC,AA,TT,AA,AA,CG,CC,CC,GG,AA,AG,NN,CC,GG,CC,CC,AG,AA,AG,TT,GG,AA,TT,TT,GG,AA,TT,TT,TT,CC,TT,TT,TT,AA,AT,GG,CC,AA,CT,CC,CC,CG,CC,AA,GG,AA,CC,TT,CC,GG,TT,GG,TT,AA,AA,TT,CC,CG,AC,CC,CC,GG,GG,CC,GG,TT,AA,AA,CC,NN,NN,CC,AA,AT,GG,GG,TT,AA,GG,GT,AT,CC,TT,TT,AA,GG,AA,CT,AA,TT,CC,CT,AA,CC,TT,GG,GG,CC,AG,CC,TT,CT,TT,CG,TT,AA,AC,AA,GG,CC,CC,GG,CC,GG,AT,AA,CC,GT,GG,CC,CC,AA,GG,CC,AA,CC,AA,AA,AC,CC,CC,TT,AA,GG,AA,AA,AA,AA,GG,GG,AA,AA,TT,GG,AA,AA,AC,AA,TT,AA,AA,GG,GG,CG,TT,AT,AG,GT,TT,TT,AA,AT,GG,CG,AA,3.13,Susceptible,Medium,Poor,Early
L0375,Bengaluru Rural,Karnataka,Kharif,Red Sandy Loam,Rainfed,720,26.0,70,AC,TT,GG,AG,GG,CC,TT,TT,CC,CG,AA,CC,CG,TT,TT,GG,GG,TT,TT,AA,CC,GT,GT,CC,TT,CC,GT,TT,GG,AA,TT,CC,AA,CC,GG,GG,GG,CC,GG,CC,TT,CT,AA,TT,AA,AG,TT,TT,CC,CC,GG,AT,AA,GG,CT,TT,AA,AA,GG,AA,AG,TT,TT,AG,TT,TT,CC,GG,TT,GG,AG,GG,CC,AA,GG,CC,AT,GG,TT,TT,GG,GG,GT,CC,AA,GG,AA,AA,CG,GT,CC,TT,CT,TT,GG,GG,TT,CC,TT,CC,CC,CG,GG,AA,TT,TT,CC,AA,AG,AC,CT,GG,TT,CG,TT,AC,AA,TT,CG,GG,CC,GG,CC,GT,TT,AA,CC,CC,CC,CC,AA,TT,CC,AC,AC,TT,AA,TT,AA,AA,CG,CT,CC,GG,AG,AA,AA,CC,GT,CG,CC,AG,AA,GG,GT,GG,AA,GG,TT,GG,AC,TT,GT,CT,CG,AT,GT,TT,AA,TT,CG,CC,AG,CC,CC,AC,CG,CC,AA,GG,AA,CC,TT,CC,GT,TT,GG,TT,AA,AA,TT,CC,GG,AC,AC,CC,GG,GG,AA,GG,TT,AA,AA,CG,GG,AA,CC,AA,AT,GT,TT,TT,AA,GG,GT,AA,CC,TT,NN,AA,GG,AA,TT,AA,TT,CC,TT,AA,AC,TT,GG,AG,CC,AA,CC,TT,TT,TT,GG,TT,AA,CC,GG,GG,CC,CG,GG,NN,GG,AA,AA,CC,GT,GG,CC,CG,AT,AG,CC,AA,CC,AT,AA,AC,CC,AC,AT,AG,GG,AA,AC,AC,AA,GG,AG,AA,AA,TT,GG,AA,AG,AC,AC,CT,AA,AA,GG,GG,GG,GT,AT,AA,GT,TT,TT,AG,AT,GG,GG,AA,4.18,Susceptible,Low,Standard,Medium
L0376,Bengaluru Rural,Karnataka,Kharif,Red Sandy Loam,Rainfed,720,26.0,70,AC,TT,GG,AA,CG,CC,GG,TT,CC,GG,AA,CC,CG,TT,TT,TT,CG,TT,TT,AG,CC,GT,GT,CC,AT,CC,GT,AT,GG,AC,TT,CC,AA,CC,GG,CG,GG,CC,GG,CC,TT,CT,AC,TT,AA,GG,TT,TT,CC,CC,GT,AA,AA,GG,CC,TT,AA,AC,TT,AA,AA,TT,TT,AA,CT,AT,CC,GG,CT,GG,AG,GT,CC,AA,AG,CC,AT,GG,GT,TT,GG,TT,GG,AC,AA,GG,AA,AA,CC,NN,CC,TT,CC,TT,TT,GG,CC,AC,GT,CC,CT,CC,AA,AA,TT,TT,CC,AA,AG,CC,CC,GG,TT,CC,TT,AA,AC,TT,CC,AG,CC,GG,CC,GG,CT,AG,CC,CC,CC,CC,AA,GT,CC,AA,CC,CC,AA,TT,AA,AT,GG,CC,CC,GG,AA,AA,AA,CC,GG,CC,CC,AA,AA,GG,TT,NN,AA,TT,CT,GG,CC,TT,TT,TT,CC,AA,TT,TT,AT,TT,GG,CC,AA,CT,CC,CC,GG,AC,AA,GG,AG,CC,TT,CG,GG,GG,CG,AA,AA,AA,TT,AC,GG,AC,AC,CC,GG,AG,AC,GG,TT,AA,AA,CC,GG,AT,AC,AA,AT,GG,TT,AT,AT,GG,GG,AA,CC,AT,GT,AA,GG,AA,TT,AA,TT,CC,TT,AA,CC,CC,GG,AG,CC,GG,CC,TT,CT,GT,GG,TT,AA,CC,AA,GG,CC,CC,GG,CC,GT,TT,AA,CC,TT,GG,CC,CC,AA,GG,CG,AA,CC,AA,AA,CC,CG,CC,TT,AA,GG,AA,AA,AA,AA,AG,NN,AA,AA,TT,GG,AA,AA,CC,AA,TT,AG,AG,GG,GG,GG,TT,AA,AG,GT,TT,AT,AG,AT,GG,GG,AA,3.8,Moderate,High,Premium,Medium
L0377,Bengaluru Rural,Karnataka,Kharif,Red Sandy Loam,Rainfed,720,26.0,70,AC,CT,GG,AA,GG,CC,GG,TT,CC,CC,AA,CC,CG,AT,TT,GG,CC,TT,AT,AA,CC,GT,GT,CC,TT,CT,TT,AT,GG,AA,TT,CC,AA,AC,GG,GG,GG,CC,GG,CC,TT,TT,AC,NN,AG,NN,TT,TT,CC,CC,GG,AT,AA,GG,CT,TT,AA,AA,GT,AC,AA,TT,AT,AA,TT,TT,CC,GG,TT,GG,AA,GG,CC,AA,NN,AC,NN,GG,TT,TT,GG,GG,GT,CC,AA,GG,AA,TT,CG,TT,CC,TT,CT,TT,TT,AG,TT,CC,TT,CC,CT,CC,AA,AG,TT,GT,CC,AA,AG,AA,CT,GG,TT,CC,GT,AA,AA,TT,CC,AG,CC,AG,CC,GT,CT,GG,CT,CC,CC,CC,AG,TT,CC,AA,CC,CT,AA,TT,AA,AT,CG,CT,CC,GG,AA,AA,AA,CC,GG,CC,CC,AG,AA,AG,TT,AG,AC,TT,CC,GG,CC,GT,GT,TT,CG,AA,GT,TT,AT,TT,GG,CC,AA,TT,CC,CC,GG,CC,AT,GG,AG,CC,TT,CC,GT,GT,GG,TT,AA,AA,TT,CC,GG,AA,CC,CC,GG,GG,AC,GG,TT,AA,AA,CC,GG,AA,AC,AA,AT,GG,TT,TT,AT,CG,GT,AT,CG,TT,GT,AA,GG,AA,TT,AA,TT,CG,TT,AA,CC,CT,GG,AG,CC,AG,AC,TT,TT,GG,GG,TT,AC,CC,AA,GG,CC,CC,GG,CC,GG,AT,AA,CG,TT,GG,CC,CC,AT,GG,CG,AA,CG,AA,AA,CC,CG,CC,TT,AA,CG,AA,AA,AC,AA,GG,AA,AG,AA,TT,GG,AA,AG,AC,AA,CT,AG,AA,GG,GG,GG,GT,AT,AG,TT,TT,TT,GG,AT,GG,GG,AA,4.13,Moderate,Medium,Premium,Medium
L0378,Bengaluru Rural,Karnataka,Kharif,Red Sandy Loam,Rainfed,720,26.0,70,AA,CT,GG,AG,GG,CC,GG,AT,CC,GG,AA,CC,CC,TT,TT,GG,GG,TT,TT,AG,CC,TT,TT,CC,TT,CC,TT,AT,GG,AA,CT,CC,AA,CC,AG,GG,GG,CG,GG,CC,TT,TT,AA,TT,AG,AG,TT,TT,CC,AC,GG,AA,AA,GG,CT,TT,AA,AA,GG,AA,AG,TT,TT,AA,TT,TT,CC,GG,CT,GG,AA,GG,CC,AA,GG,AA,AA,GG,TT,TT,GG,TT,GT,CC,AA,GG,AA,AA,CC,GT,CC,TT,CT,TT,NN,GG,CC,CC,GT,CC,CT,CG,AG,AG,TT,TT,CC,AA,AA,AA,CC,GG,TT,CG,GT,AA,AA,TT,CG,GG,CC,GG,CC,GG,TT,AA,CC,CC,CC,CC,AA,TT,CC,AA,CC,CC,AA,TT,AG,AT,CG,CC,CC,GG,AA,AG,AT,CC,GG,CC,CG,AA,AG,AG,TT,GG,AA,GT,CT,GG,CC,TT,GT,CT,CC,AT,TT,TT,AT,TT,CG,CG,AG,CC,CC,AC,GG,CC,AA,GG,GG,CC,TT,CC,GG,TT,GG,AT,AA,AA,GT,CC,GG,AC,CC,CC,GG,GG,AA,CG,TT,NN,AA,CC,GG,AA,AC,AA,AT,GG,TT,AT,AA,GG,GT,AA,CC,AT,GT,AA,GG,AA,CT,AC,TT,CC,CT,AA,CC,TT,CG,AG,NN,GG,CC,TT,CT,TT,GG,TT,AA,AC,AA,GT,CC,CG,GG,CC,GG,TT,AG,CG,GG,GG,CG,CG,AA,GG,CG,AA,CC,AA,AA,AC,CG,CC,TT,AA,GG,AA,AA,AC,AA,GG,AG,AG,AA,TT,GG,AA,AA,AC,AA,CT,AG,AA,GG,AG,CG,TT,AT,AA,TT,TT,TT,GG,AT,GG,GG,AA,5.17,Susceptible,Low,Premium,Medium
L0379,Bengaluru Rural,Karnataka,Kharif,Red Sandy Loam,Rainfed,720,26.0,70,AC,TT,GG,AG,GG,CC,GG,AT,CC,CC,AA,CC,CG,TT,TT,GG,GG,NN,TT,AG,CC,TT,GT,CC,TT,CC,TT,TT,GG,AA,TT,TT,AA,CC,GG,GG,GG,CC,GG,CC,TT,TT,AA,GT,GG,AG,TT,TT,CC,AC,GG,AA,AA,CG,CC,TT,AT,AC,GG,AA,AG,TT,AT,AA,TT,TT,CC,GG,TT,GG,AA,GG,CC,AA,GG,AC,AA,GG,TT,TT,GG,GG,GT,CC,AA,GG,AA,AT,CC,TT,AC,GT,CC,TT,GT,AG,TT,CC,GG,CC,CT,CG,AG,AA,TT,TT,CC,AA,AG,AA,CT,GG,TT,CC,TT,AA,AA,TT,CG,NN,CG,GG,CC,GG,TT,AA,CC,CC,CC,CC,AA,GT,CC,AA,CC,CC,AA,TT,AA,AA,GG,CC,CC,GG,AG,GG,AA,CC,GT,CG,CC,AA,AA,GG,GT,GG,AA,TT,CT,GG,CC,GG,TT,TT,CG,AT,TT,TT,AT,TT,GG,CG,AA,CT,CC,CC,GG,CC,AT,GG,AA,CC,TT,CC,GG,TT,GG,AA,AA,AA,TT,CC,GG,AC,AC,CC,NN,AG,AA,GG,TT,AC,AA,CC,GG,AT,CC,AA,AA,GT,TT,TT,AT,GG,GT,AA,CG,AA,TT,AA,GG,AA,CT,AC,TT,CC,TT,AA,CC,TT,GG,AG,CG,AG,CC,TT,CT,NN,GG,TT,AC,AC,AA,GG,CC,CC,GG,CC,GG,TT,AG,CC,TT,GG,CC,CC,AT,GG,CC,AA,CC,AA,AA,CC,CC,AC,TT,AA,GG,AA,AA,AA,AA,AA,AA,AA,AA,AT,GG,AA,AG,CC,AA,TT,AG,AA,GG,AG,GG,GT,AA,AA,GT,TT,TT,AG,AT,GG,CG,AA,1.81,Moderate,Medium,Premium,Early
L0380,Bengaluru Rural,Karnataka,Kharif,Red Sandy Loam,Rainfed,720,26.0,70,AA,CT,GG,GG,GG,CC,TT,AT,CC,NN,AA,CC,CC,TT,TT,GG,GG,TT,TT,AA,CC,TT,TT,CC,TT,CC,TT,AT,GG,AA,TT,TT,AA,CC,GG,GG,GG,CG,GG,CC,TT,TT,AA,TT,AG,GG,TT,TT,NN,CC,GG,AA,AG,GG,CC,TT,AA,AC,TT,AA,AA,NN,AA,AA,CT,AT,CC,GG,TT,GG,AG,GG,CC,NN,AG,AA,AT,GG,GT,TT,GG,GT,GG,CC,AT,GG,AG,AA,CC,TT,AC,GT,CT,TT,TT,AG,CT,CC,GT,CT,CC,NN,GG,AA,AT,TT,NN,AA,AG,AA,CT,GG,TT,CG,TT,AC,CC,TT,CC,AA,CC,AG,CC,GT,CT,AA,CC,CC,AC,CC,AA,TT,CC,AA,CC,CC,AA,TT,AA,AA,GG,CC,CC,GG,AA,AA,AA,CC,GT,CC,CC,AA,AG,AG,TT,AG,AA,TT,TT,GG,AC,TT,GT,TT,CG,AA,TT,TT,AA,TT,GG,CC,AG,CT,CC,CC,CC,CC,AA,GG,AG,CC,TT,CC,GT,TT,GG,AT,AA,AA,TT,CC,GG,AC,CC,CC,GG,GG,AC,GG,TT,AA,AA,CC,GG,AA,CC,AA,TT,GG,TT,TT,AA,GG,GT,AT,CC,AT,TT,AA,GG,AA,CT,AA,AT,CG,TT,AA,AC,CT,GG,AG,CG,AG,CC,TT,TT,TT,GG,AT,AA,CC,AA,GG,CC,GG,GG,CC,GG,TT,AA,CC,TT,GG,CC,CG,AA,GG,CG,AT,CC,AA,AA,CC,CG,CC,TT,AA,GG,AA,AA,AC,AA,GG,GG,AG,AA,TT,CG,AC,AA,AC,AA,CT,AA,AA,GG,GG,GG,TT,TT,AA,TT,TT,TT,GG,TT,GG,GG,AA,2.17,Susceptible,Low,Standard,Late
L0381,Bengaluru Rural,Karnataka,Kharif,Red Sandy Loam,Rainfed,720,26.0,70,AC,CT,GG,AA,GG,CC,GG,TT,CC,CC,TT,CT,CC,TT,TT,GG,CG,TT,AT,AA,CC,GG,GT,CC,TT,CC,TT,TT,GT,AA,TT,CT,AA,CC,GG,CC,GG,CC,GG,CC,TT,CC,AA,GT,AA,GG,TT,TT,CG,AA,GG,AA,AG,GG,CT,TT,AA,AC,GT,AA,AA,TT,TT,GG,TT,TT,CC,GG,TT,GG,AA,GG,CC,AA,AG,CC,AT,GG,TT,TT,GG,GT,TT,CC,AA,GG,AA,AT,CC,TT,CC,TT,TT,TT,TT,GG,TT,CC,TT,CC,CC,CC,AA,AA,TT,TT,CC,AA,GG,AC,CC,GG,TT,CC,GT,AA,AA,TT,CC,AG,CC,GG,CC,GG,TT,AA,CT,CC,CC,CC,AA,TT,CC,AA,CC,CC,AA,TT,AA,AA,GG,CC,CC,GG,AA,AG,AA,AC,GG,CG,CC,AA,AA,AG,TT,GG,AA,TT,CC,AG,AA,TT,TT,TT,CG,AA,GT,TT,AA,TT,GG,CC,AG,TT,CC,CC,GG,CC,AA,GG,AG,AC,TT,CC,GT,TT,GG,AT,NN,AA,TT,CC,GG,AA,CC,CC,GG,GG,CC,GG,TT,AA,AA,CC,GT,AT,AC,AA,AA,GG,TT,TT,NN,CG,GG,AT,CC,AT,TT,AA,GG,AA,TT,AC,TT,CC,TT,AA,CC,TT,GG,GG,CG,AG,CC,TT,TT,GT,GG,TT,AC,CC,AA,GG,CC,CC,GG,CC,GG,AT,NN,CC,TT,GG,CC,CC,AA,GG,CC,AT,CC,AT,AA,AC,CG,AA,TT,AA,CG,AA,AA,AA,AA,GG,AA,AG,AA,TT,GG,AC,AG,CC,AA,TT,AA,AA,GG,AG,GG,TT,AA,NN,TT,TT,TT,AG,TT,GG,GG,AA,3.28,Susceptible,High,Poor,Medium
L0382,Bengaluru Rural,Karnataka,Kharif,Red Sandy Loam,Rainfed,720,26.0,70,CC,TT,GG,AG,GG,CC,GG,AT,CC,CC,AA,CC,CC,TT,TT,GG,GG,TT,TT,AA,NN,GT,GT,CC,TT,CT,TT,TT,GG,AA,TT,CT,AA,CC,AG,CG,GG,CG,GG,CC,TT,TT,AC,TT,AA,GG,TT,TT,CC,AC,GT,AA,AA,GG,CC,GT,AA,AC,TT,AA,AA,TT,TT,AG,TT,TT,CC,GG,TT,GT,GG,GG,CC,AA,GG,AA,AA,GG,TT,TT,GG,GG,GG,AC,AA,GG,AA,AA,CG,TT,CC,TT,CC,AT,TT,AG,TT,AC,GT,CC,CT,CG,GG,AA,TT,TT,CC,AA,AG,AC,CC,GG,TT,CC,GT,AA,AA,AT,CC,GG,CC,GG,CC,GG,TT,AA,CC,CC,CC,NN,NN,TT,CC,AA,CC,CC,AA,TT,AA,AT,CG,NN,CC,GG,AA,AG,AA,CC,GG,CC,CC,AG,AA,GG,TT,GG,AA,GT,TT,GG,CC,TT,TT,CT,CC,AT,TT,TT,AA,TT,GG,CC,AA,TT,CC,CC,GG,CC,AA,AG,AG,CC,TT,CC,GG,TT,CG,TT,AA,AA,GT,CC,CG,AA,AC,CG,GG,GG,AC,GG,TT,AA,AA,CC,GG,AA,AC,AA,AA,GT,GT,TT,AA,CG,GT,AA,CC,TT,GT,AA,GG,AA,TT,AA,TT,CC,TT,AA,CC,TT,GG,AA,CC,GG,CC,TT,CT,GT,GG,TT,AA,AA,AA,GT,CC,CG,GG,CC,GG,TT,AA,CC,GT,GG,CG,CC,AA,GG,CC,AA,CC,AA,AA,CC,CC,CC,AT,AA,GG,AA,AA,AC,AA,GG,AA,AA,AA,TT,GG,AA,AA,AC,AC,TT,AG,AA,GG,GG,GG,TT,AT,AA,GT,TT,TT,AA,TT,GG,GG,AA,3.3,Moderate,High,Premium,Early
L0383,Bengaluru Rural,Karnataka,Kharif,Red Sandy Loam,Rainfed,720,26.0,70,AA,TT,GG,AA,GG,CG,GG,AT,CC,CG,AT,CT,CC,AT,TT,GT,GG,TT,TT,AA,CC,GG,TT,CC,TT,CC,TT,TT,GT,AA,TT,CT,AA,CC,GG,NN,GG,CG,GG,CC,TT,NN,NN,TT,AG,GG,TT,TT,CC,AA,GT,AA,AA,GG,CC,TT,AA,AC,NN,AC,AA,TT,TT,AA,TT,AT,CC,GG,TT,GG,AG,GG,CC,AA,AG,AA,AT,GG,TT,TT,GG,TT,GG,CC,AA,GG,AA,AA,CC,GT,CC,TT,CC,AT,TT,GG,TT,CC,GT,CC,CT,GG,GG,AA,AT,TT,CC,AA,AA,AA,CT,GG,TT,CC,TT,AA,NN,TT,CC,GG,CG,GG,CT,GG,TT,AA,CC,CC,CC,CC,AA,TT,CC,AA,CC,CC,AA,TT,AA,AA,GG,CC,CC,GG,AA,AG,AT,AC,GT,CC,CC,AA,AA,GG,TT,GG,CC,GT,TT,GG,CC,GT,TT,TT,GG,AT,TT,TT,AT,AT,GG,CC,AG,CC,CC,NN,GG,AC,AA,GG,AA,CC,TT,CG,GT,TT,GG,AT,AA,AG,TT,CC,CG,AA,CC,CC,GG,GG,AA,GG,TT,AC,AA,CC,GG,AT,CC,AA,TT,GG,GT,TT,AA,GG,TT,AA,CC,TT,GG,AA,GG,AA,CT,AA,TT,CC,TT,CC,CC,TT,CG,AA,CG,AG,CC,TT,TT,TT,GG,TT,AA,AC,AG,GG,CC,CC,GG,CC,GG,AT,AA,CC,GT,GG,CC,CC,AA,GG,CC,AT,CC,AA,AA,AC,CC,AA,TT,AA,GG,AA,AA,CC,AA,AG,AA,AG,AA,TT,GG,AA,AA,AC,CC,CC,AA,AA,GG,GG,GG,TT,AA,AA,TT,TT,TT,AG,AT,GG,NN,AA,2.75,Susceptible,High,Premium,Early
L0384,Bengaluru Rural,Karnataka,Kharif,Red Sandy Loam,Rainfed,720,26.0,70,AA,TT,GG,AA,GG,CC,TT,TT,CC,CC,AA,CT,CC,TT,TT,GT,GG,TT,TT,AG,GG,TT,GT,CT,TT,CC,GT,NN,GG,AA,TT,CC,AA,CC,GG,CG,GG,CG,GG,CC,NN,TT,AA,GT,AA,GG,TT,TT,CC,AC,GG,AA,AA,GG,CC,GT,AA,CC,GT,AC,AA,GT,AT,AG,CT,AT,CC,GG,TT,GG,AA,GT,CC,AA,GG,AA,AA,GG,TT,NN,GG,GG,GG,CC,AA,GG,AA,AA,CG,GT,CC,TT,CT,AT,TT,GG,CT,CC,TT,CC,CT,CC,AG,AG,TT,TT,CC,AA,AG,AC,CC,GG,GT,CC,TT,AA,AA,TT,CG,AG,CG,GG,CC,TT,CT,AA,NN,CC,AC,CC,AA,GT,NN,NN,CC,CC,AA,TT,AA,AA,GG,CT,CC,GG,AG,AA,AA,CC,GT,CG,CC,AA,AA,GG,TT,GG,AC,GT,CT,GG,CC,GT,TT,TT,CC,AA,TT,TT,AT,AT,GG,CG,AA,CC,CC,CC,GG,CC,AA,GG,GG,CC,TT,CC,GG,GT,CC,TT,AA,AG,TT,CC,GG,AC,AC,CC,CG,GG,AA,CG,TT,AC,AA,CC,GT,AA,CC,AA,AA,GG,TT,AT,AT,NN,GT,AT,CC,AT,TT,AA,GG,AA,CT,AA,AT,CC,TT,AA,CC,TT,GG,AG,CG,GG,CC,AT,CC,TT,GG,TT,AC,CC,AG,NN,CG,CC,GG,CC,GG,AA,AA,CC,GT,GG,CC,CG,AA,GG,NN,AA,CG,NN,AA,CC,CG,AC,TT,AA,GG,AA,NN,AC,AA,AG,GG,AA,AA,TT,GG,AA,AA,AC,AA,CT,AA,AA,GG,AG,GG,TT,AA,AA,TT,TT,TT,AA,AT,GG,CG,AC,3.56,Resistant,Low,Premium,Late
L0385,Bengaluru Rural,Karnataka,Kharif,Red Sandy Loam,Rainfed,720,26.0,70,AA,TT,GG,AG,CG,CG,TT,TT,CC,CG,AA,TT,CG,TT,TT,GG,CC,TT,TT,AA,CG,TT,GT,CC,TT,CC,GT,TT,GG,AA,CT,CC,AA,CC,GG,GG,GG,CC,GG,CC,TT,CT,AA,TT,AA,AG,NN,TT,CC,AA,GG,AA,AA,GG,CC,TT,AA,AA,TT,CC,AA,TT,AT,AA,TT,TT,CC,GG,TT,GG,AA,GG,CC,AA,GG,AA,AA,GG,GT,TT,GG,GG,GT,CC,AA,GG,AA,AT,CC,GG,AC,TT,CC,AT,TT,GG,CT,CC,TT,CC,CC,CC,AG,NN,TT,TT,CG,AA,AG,AA,CT,GG,TT,CC,TT,CC,AA,AT,CC,GG,CC,GG,CC,GT,NN,AA,CC,CC,CC,CG,AA,TT,CC,AA,CC,CT,AA,TT,AA,TT,GG,CC,CC,GG,AA,AG,AA,CC,NN,CC,CC,AA,AA,GG,TT,GG,AC,NN,TT,GG,AA,GT,GT,NN,CG,AA,TT,TT,AT,TT,GG,CC,AG,CT,CC,CC,GG,CC,AA,GG,AA,CC,TT,CC,GT,GT,GG,TT,AG,AG,TT,CC,CG,AA,AC,CC,GG,GG,AA,GG,TT,AC,AA,CC,GT,AA,CC,AA,AA,GG,TT,AT,AT,CG,NN,AA,CC,TT,TT,AA,GG,AA,TT,AA,TT,CG,CC,AA,CC,CT,GG,AA,CC,AA,AC,TT,CT,GT,GG,TT,AC,CC,AA,GT,CC,CC,GG,CC,GG,AA,AA,CC,GT,GG,CC,CC,AT,AG,CC,AT,CC,AT,AA,CC,CC,AC,AT,AA,GG,AA,AA,AA,AA,AG,AG,AG,AA,TT,GG,CC,AG,AA,AC,TT,AA,AA,CG,GG,GG,TT,AA,AA,TT,TT,TT,AA,TT,GG,GG,AA,5.12,Susceptible,Low,Poor,Late
L0386,Bengaluru Rural,Karnataka,Kharif,Red Sandy Loam,Rainfed,720,26.0,70,AA,TT,GG,AA,GG,CC,GG,TT,CC,CG,AT,CC,CC,TT,TT,GT,CG,TT,TT,AA,CC,TT,GT,CC,TT,CC,TT,TT,GG,AA,TT,CC,AA,CC,GG,GG,GG,CC,GG,CC,TT,TT,AA,TT,AA,AA,TT,TT,CC,AC,GG,AA,AA,GG,CC,TT,AA,AA,GT,AC,AA,TT,AA,AA,TT,AT,CC,GG,TT,GG,AA,GG,CC,AA,AG,AC,AA,GG,GT,NN,GG,GG,GT,CC,NN,GG,NN,AT,CC,TT,CC,TT,CT,TT,TT,GG,CT,CC,TT,CC,CC,CG,AG,AA,AT,TT,CC,AA,AG,AA,CT,GG,TT,CC,TT,AA,AA,TT,CC,AG,CC,GG,CC,GG,CT,AA,CC,CC,CC,CC,AA,TT,CC,AC,CC,CC,AA,TT,AA,AT,CC,CT,NN,GG,AG,AG,AA,CC,GG,CC,CC,AA,AA,AG,TT,GG,AA,GT,TT,GG,AA,GT,TT,TT,CG,AA,TT,NN,AA,AT,GG,CC,AA,CT,CC,CC,GG,CC,AA,GG,AA,CC,TT,CG,GT,TT,CG,AT,AA,AA,TT,AC,GG,AA,AC,CC,GG,GG,AC,CG,TT,AA,AG,CC,GG,NN,AA,AA,AA,GT,TT,AA,AT,CG,TT,AA,CC,AT,GT,AA,GG,AA,TT,AA,TT,CC,TT,AC,CC,CT,GG,AG,CG,AG,AC,TT,TT,TT,GG,TT,AC,AA,AA,GG,CC,CC,GG,CC,GG,AA,AA,CC,GG,GG,CC,CG,AA,GG,CG,AT,CG,AA,AA,AC,CG,CC,NN,AA,GG,AT,AA,AA,AA,GG,AG,AA,AA,TT,GG,AA,AG,AC,AA,TT,AA,AG,GG,GG,CG,TT,AT,AG,TT,TT,TT,AG,TT,GG,GG,AA,2.09,Susceptible,Low,Poor,Late
L0387,Bengaluru Rural,Karnataka,Kharif,Red Sandy Loam,Rainfed,720,26.0,70,AA,TT,GG,AG,GG,CC,GG,TT,CC,CG,AT,CC,CC,TT,TT,GG,CG,TT,NN,AA,CC,TT,GG,CC,TT,CC,TT,TT,GG,AA,CT,CC,AA,CC,GG,CG,GG,CC,GG,CC,TT,TT,AA,GT,AA,GG,TT,TT,CC,CC,GG,AA,AA,GG,NN,TT,AA,AA,GT,AC,AA,TT,AA,AA,TT,AT,CC,GG,TT,GG,AG,GG,CC,AA,GG,AA,AT,GG,TT,TT,GG,GG,GT,CC,AT,GG,AA,TT,CC,GG,CC,TT,NN,AT,GG,GG,CT,CC,TT,CT,CC,CC,AG,AA,TT,TT,CC,AG,AG,AA,CC,GG,TT,CC,TT,AA,AA,TT,CG,AA,CC,AG,CC,GT,TT,AA,CC,CC,CC,CC,AA,GT,CC,AA,CC,CC,AA,TT,AG,AA,GG,CT,CC,AG,AA,AA,AA,CC,GT,CC,CC,AA,AA,GG,TT,AG,AA,GT,TT,GG,CC,GT,TT,TT,CC,AA,GT,TT,AT,AT,GG,CC,AG,CC,CC,CC,GG,NN,AA,GG,AG,AC,TT,CC,GG,GT,CG,TT,AA,AA,TT,CC,GG,AA,CC,CC,GG,GG,AA,GG,TT,AA,AA,CC,GG,AA,CC,AA,AA,GG,GT,TT,AT,GG,GG,AA,CC,AT,GT,AA,GG,AA,TT,AA,TT,CC,CT,AC,NN,TT,GG,NN,GG,AG,CC,TT,TT,GG,GG,TT,AA,AC,AA,GG,CC,GG,GG,CC,GG,AT,AA,CC,TT,GG,CC,CC,TT,GG,NN,AA,CG,AA,AA,CC,CC,CC,TT,AA,CG,AA,AC,AA,AA,AA,AA,AA,AA,AT,GG,CC,AG,AA,AC,CT,AA,AG,GG,GG,GG,TT,AA,AA,GT,TT,TT,AA,TT,GG,GG,AA,4.7,Susceptible,Low,Standard,Medium
L0388,Bengaluru Rural,Karnataka,Kharif,Red Sandy Loam,Rainfed,720,26.0,70,AC,TT,AG,AG,GG,CC,GG,TT,CC,CC,AA,CC,CC,TT,TT,GG,CC,TT,TT,AA,CG,TT,GT,CC,TT,CC,GT,TT,GT,AA,TT,CT,AA,CC,GG,CG,GG,CC,GG,CC,TT,TT,AA,TT,AA,GG,TT,TT,CC,CC,GT,AA,AA,GG,CT,TT,AA,AC,GT,AA,AG,TT,TT,AA,CT,TT,CC,GG,TT,GG,AG,GG,CC,AA,AG,AC,TT,GG,NN,TT,GG,GG,GT,CC,AA,GG,AA,AA,CC,GT,CC,TT,CC,TT,GT,GG,CC,CC,TT,CT,CC,CG,AG,AA,AT,TT,CG,AA,AG,AC,TT,GG,TT,CG,GT,AC,AA,TT,CC,AG,CG,GG,CC,TT,CT,AA,CC,NN,CC,CC,AA,TT,CC,AA,CC,CC,AA,TT,AA,AA,GG,CT,CC,GG,AA,AA,AA,CC,TT,CG,CC,NN,AG,AG,TT,GG,AC,GT,NN,GG,CC,TT,TT,TT,CG,AA,TT,TT,AA,TT,GG,CG,AA,CC,CC,CC,CG,CC,AA,GG,GG,CC,TT,CC,GT,TT,CG,TT,AA,AG,TT,AC,CG,AC,NN,CC,GG,AA,AC,GG,TT,AC,AA,CC,GG,AA,AC,AA,AT,GT,GT,AA,AA,GG,GT,AT,CC,TT,TT,AA,GG,AA,CT,AA,TT,CC,CT,AA,AC,CC,GG,GG,CC,AA,CC,TT,CT,TT,GG,TT,AA,CC,AA,GG,CC,CC,GG,CC,GG,AA,AA,CC,TT,GG,CC,CG,AA,GG,CC,AT,CC,AA,AA,CC,CC,CC,AT,AA,GG,AA,AA,AA,AA,AG,AG,AA,AA,TT,GG,AA,AA,AC,AC,CC,AA,AG,GG,GG,CG,TT,AA,AA,TT,TT,TT,AG,AA,GG,CG,AA,6.88,Susceptible,Low,Premium,Late
L0389,Bengaluru Rural,Karnataka,Kharif,Red Sandy Loam,Rainfed,720,26.0,70,AA,CT,GG,AA,GG,CC,GG,NN,CC,CG,AA,CC,CC,AT,GT,GT,CG,TT,TT,AG,NN,TT,TT,CT,TT,CC,TT,AT,GG,AA,CT,CC,NN,CC,GG,GG,GG,CC,GG,CC,TT,CC,AC,TT,AA,GG,TT,TT,CC,CC,GG,AT,AG,GG,CC,GT,AA,AC,TT,AA,AA,TT,TT,AA,TT,TT,CC,GG,TT,GG,AG,GT,CC,AA,GG,AA,AA,GG,TT,CT,GG,GG,GT,CC,AA,GG,AA,AA,CC,GT,AC,TT,CT,TT,GT,AG,CT,AA,GT,CC,CT,CG,AG,AA,TT,TT,CC,AA,GG,AC,CT,GG,TT,CC,TT,AC,AA,TT,CC,AG,CC,GG,CC,GG,CT,AA,CC,CC,AC,CC,AA,TT,CC,AA,CC,CC,AA,TT,AA,AT,GG,CC,CC,AG,AA,GG,AA,CC,GG,CC,CC,AA,AG,GG,NN,AG,AA,GT,CT,GG,CC,TT,GT,CT,CG,TT,GT,TT,AT,TT,GG,CC,AG,CT,CC,CC,CG,CC,AA,GG,AG,CC,TT,CG,GG,TT,CG,AT,AA,AG,TT,CC,CG,AA,CC,CC,GG,GG,AC,GG,TT,AA,AA,CC,GG,AA,CC,AA,AT,GG,TT,AT,AA,CG,GT,AT,CC,AA,TT,AA,GG,AG,CC,AA,TT,CC,TT,AC,CC,CT,CG,AA,CC,GG,CC,TT,CT,TT,GG,AT,AA,AC,AA,GG,CC,CG,GG,CC,GG,TT,AA,CC,TT,GG,CC,CG,AT,GG,CC,AT,CC,AA,AA,CC,CG,AC,AT,AA,GG,AA,AA,AC,AA,AA,AA,NN,AA,TT,GG,AA,AA,AC,AC,CC,AA,AA,GG,GG,GG,TT,AA,AG,TT,TT,TT,AA,AT,GG,CG,AA,5.61,Resistant,High,Premium,Early
L0390,Bengaluru Rural,Karnataka,Kharif,Red Sandy Loam,Rainfed,720,26.0,70,AC,CT,GG,NN,GG,CC,GG,TT,CC,CC,AT,NN,CG,TT,GT,GT,CC,TT,AT,AA,CC,TT,TT,CC,AT,CC,GT,TT,GG,AA,TT,CC,AA,CC,GG,GG,GG,CC,GG,CC,TT,CT,AA,GT,AA,AG,TT,TT,CC,AA,GT,AA,AA,GG,CC,TT,AA,AA,GT,AA,AG,TT,NN,AG,TT,AT,CC,GG,TT,GT,AA,GT,CC,AA,AG,AC,AT,AG,TT,TT,GG,GG,GT,CC,AT,AG,AA,AA,CC,GT,CC,TT,CC,TT,GT,AG,TT,CC,TT,CC,CC,CC,GG,AA,AT,GT,CC,AA,AA,AC,TT,GG,TT,CC,TT,NN,AC,TT,CC,GG,CC,AG,CC,GG,TT,AA,CT,CC,CC,CC,AA,TT,CC,AA,CC,CT,AG,TT,AA,AT,GG,CC,CC,GG,AA,AG,AA,CC,GT,CC,CC,AA,AA,AG,TT,GG,AC,TT,TT,GG,CC,GT,TT,TT,GG,TT,TT,TT,AT,AT,CG,CC,AA,CT,CC,CC,CG,CC,AA,GG,GG,CC,TT,CC,GT,GT,GG,AT,AA,AA,TT,CC,GG,AA,CC,CC,GG,GG,NN,GG,TT,AA,AA,CC,GG,AA,CC,AT,AT,GG,TT,TT,AA,GG,GT,AA,CC,TT,GT,AA,GG,AA,TT,AA,TT,CG,TT,AC,AC,TT,CG,AA,CG,AG,AC,TT,CT,TT,GG,TT,AC,AC,AA,GG,CC,CG,GG,CC,GG,TT,AG,CC,TT,GG,CC,CC,AA,GG,CC,AA,CC,AA,AA,AC,CC,AC,TT,AA,GG,AA,AA,AA,AA,AG,AA,AA,AA,AT,GG,AA,AA,CC,AC,CT,AA,AA,GG,GG,GG,TT,AA,AA,GG,TT,TT,AA,TT,GG,GG,AA,1.54,Susceptible,High,Poor,Late
L0391,Bengaluru Rural,Karnataka,Kharif,Red Sandy Loam,Rainfed,720,26.0,70,AA,NN,AG,AG,GG,CC,GT,TT,CC,GG,AA,CT,CC,AT,TT,GG,GG,TT,TT,AA,CC,TT,GT,CT,TT,NN,TT,AT,GG,AA,TT,CT,AA,CC,GG,GG,GG,CG,GG,CC,TT,TT,AC,TT,AA,GG,TT,AT,CC,AC,GG,AA,AA,GG,CC,NN,AA,AC,GG,AA,AG,GT,AT,AA,CT,AT,CC,GG,TT,GG,AA,GG,CC,AA,GG,AC,AT,GG,TT,TT,GG,GG,GT,CC,AT,GG,AA,AA,CC,TT,CC,GT,CT,TT,GT,GG,TT,CC,TT,CC,CC,CC,GG,AA,TT,TT,CC,AA,AG,AC,CC,GG,TT,CG,GT,AA,AA,TT,CC,AG,CG,GG,CT,GT,NN,AA,CC,CC,CC,CC,AA,TT,CC,AA,CC,CC,AA,AT,AA,AT,GG,CC,CG,GG,AA,GG,AA,CC,GT,CG,CC,AA,AA,GG,TT,GG,AA,TT,CT,GG,CC,GT,GG,TT,CC,NN,GT,TT,AT,TT,CG,CC,AG,CT,CC,AC,CG,CC,AA,NN,AA,CC,TT,CC,GT,TT,CG,TT,AA,AA,NN,CC,GG,AA,CC,CC,GG,GG,AC,GG,TT,AC,AA,CC,GG,AT,AC,AA,AT,GT,TT,AA,TT,CG,GG,AA,CC,TT,GT,AA,GG,AA,TT,AA,TT,CG,CT,AC,CC,TT,NN,AA,CC,AG,CC,TT,CT,GT,GG,AT,AA,AC,AG,GG,CC,CC,GG,CC,GG,TT,AA,CC,TT,GG,CC,CC,AA,GG,CC,AA,CC,AA,AA,AC,GG,CC,TT,AA,GG,AA,AC,AC,AA,AG,AA,AA,AA,TT,CG,NN,AA,AC,AC,CT,AG,AG,GG,GG,GG,TT,AT,AG,TT,TT,TT,AG,AT,GG,CG,AA,3.09,Susceptible,Medium,Premium,Late
L0392,Bengaluru Rural,Karnataka,Kharif,Red Sandy Loam,Rainfed,720,26.0,70,AA,TT,GG,AG,GG,CC,GT,TT,CC,CG,AA,CC,CC,TT,TT,GG,GG,TT,AT,AA,CC,GT,TT,CC,TT,CC,TT,TT,GG,AA,TT,CC,AA,CC,GG,CG,GG,CG,GT,CC,TT,CT,AA,GT,NN,AG,TT,AT,CG,CC,GG,AT,AA,GG,CC,GT,AT,AA,GT,AA,AA,TT,TT,AA,CT,NN,CC,GG,TT,GG,AG,GG,CC,AA,AG,CC,AT,GG,TT,TT,GG,GG,GG,CC,AT,GG,AG,AT,CC,GT,AC,TT,CT,TT,NN,GG,TT,CC,TT,CC,TT,GG,GG,AA,AT,TT,CC,AA,AA,AA,CC,GG,TT,CG,GT,AA,AA,AT,CC,AG,CC,GG,CC,GT,TT,AA,CT,CC,NN,CC,AA,TT,AC,AA,CC,CT,AA,TT,AG,AT,GG,CC,CC,GG,AA,AG,AA,AC,GG,CC,NN,AA,AG,GG,NN,GG,AA,TT,CT,AG,AC,GT,TT,TT,NN,AT,TT,TT,AA,AT,CG,CC,AA,CC,CC,CC,GG,AC,AA,GG,GG,CC,TT,CG,GG,GT,CG,AT,AA,AG,TT,AC,GG,AA,CC,CC,GG,GG,AA,GG,TT,AA,AA,NN,GG,AA,CC,AT,TT,GG,TT,TT,TT,GG,GT,AA,CG,TT,GT,AA,GG,AA,TT,AA,TT,CC,TT,AA,CC,TT,CG,AG,CC,GG,CC,TT,TT,GT,GG,TT,AA,CC,AA,GG,CC,CG,GG,CC,GG,TT,AA,CC,TT,GG,CG,CC,AA,GG,CC,AT,CC,AA,AA,AA,CG,CC,TT,AA,GG,AA,AA,AC,AA,AG,AA,AA,AA,TT,GG,AC,AG,AC,AA,CT,AA,AA,GG,GG,GG,TT,AT,AA,GT,TT,TT,AA,TT,GG,GG,AC,4.22,Resistant,Low,Poor,Early
L0393,Bengaluru Rural,Karnataka,Kharif,Red Sandy Loam,Rainfed,720,26.0,70,AA,TT,GG,AG,GG,CC,GG,AT,CC,CG,AA,CC,CC,AT,TT,GG,CG,TT,TT,AA,CC,GT,GT,CT,TT,CC,TT,TT,GG,AA,TT,TT,AG,CC,GG,GG,GG,CG,GG,AC,GT,CT,AA,GT,AA,GG,TT,TT,CC,CC,GG,AT,AA,GG,CT,TT,AA,AC,NN,AA,AG,TT,AT,AG,TT,TT,CC,GG,TT,GG,AA,GG,CC,AA,NN,CC,AA,AG,TT,NN,GG,GT,GG,CC,AA,GG,AA,AA,CC,TT,AC,TT,TT,TT,GT,GG,CT,CC,TT,CC,CC,CG,GG,AA,TT,TT,CC,AA,AG,AC,CC,GG,TT,CC,TT,AC,AA,TT,CC,AG,CC,AG,NN,GG,TT,AG,CC,CC,CC,CG,AA,TT,CC,AA,CC,CT,AA,TT,AA,AA,GG,CC,CC,GG,AA,AA,AA,AC,GG,CC,CC,AA,AG,GG,GT,GG,AC,GT,TT,GG,CC,GT,TT,TT,CG,AA,NN,TT,AT,AT,GG,CC,AA,CT,CC,CC,GG,CC,AA,AG,AG,CC,TT,CC,GG,TT,GG,AT,AA,AG,TT,AC,CG,AA,CC,CC,GG,GG,AA,GG,TT,AA,AA,CC,GG,AA,CC,AT,AT,GG,NN,TT,AT,GG,GT,AT,CG,AT,TT,AA,GG,AA,CT,AA,TT,CC,CT,AA,CC,CT,GG,AG,CC,AA,CC,TT,CC,GT,GG,TT,AA,AA,AG,GG,CC,CG,GG,CC,GG,AT,AA,CC,GT,GG,CG,CC,AA,GG,CC,AA,CG,AA,AG,CC,CC,AC,TT,AA,GG,AA,AC,CC,AA,AG,AA,AA,AA,TT,GG,AA,AA,CC,AA,CC,AA,AG,GG,GG,GG,GT,AA,AA,TT,TT,TT,AA,AT,GG,GG,AA,4.91,Moderate,High,Premium,Early
L0394,Bengaluru Rural,Karnataka,Kharif,Red Sandy Loam,Rainfed,720,26.0,70,AC,TT,GG,GG,GG,CC,GG,TT,CC,GG,AA,CT,CC,TT,TT,GG,GG,TT,TT,GG,CC,GT,TT,CC,TT,CC,TT,TT,GG,AA,TT,CT,AA,CC,GG,GG,GG,CC,GG,CC,TT,CT,AA,GT,AG,GG,TT,AT,CC,AC,GG,AA,AA,GG,CC,TT,AA,AA,TT,AA,AG,GT,TT,AG,TT,TT,CC,GG,TT,GG,AG,GG,CC,AA,AG,AA,AA,GG,GT,TT,GG,GG,GG,AC,AA,GG,AA,AT,CC,TT,CC,TT,CC,TT,GG,AG,TT,CC,GT,CT,CC,CC,GG,AA,TT,TT,CC,AA,AG,AC,CT,GG,GT,CG,TT,AA,AA,TT,CC,AG,CC,AA,CC,GT,TT,AA,CC,CC,CC,CC,AA,TT,AC,AA,CC,CC,AA,AT,AA,TT,CG,CT,CC,GG,AA,AA,AA,AC,GT,CC,CC,AG,AA,AG,TT,GG,CC,GT,TT,GG,CC,GT,GT,TT,CC,AT,TT,CT,AA,TT,GG,CC,AG,CT,AC,CC,CG,CC,AA,GG,AA,CC,TT,CG,GT,TT,CG,AT,AA,AA,TT,CC,GG,AA,CC,CC,GG,GG,AC,GG,CT,AA,AA,CC,GT,TT,AC,AA,AT,GG,TT,TT,AT,GG,GT,AA,CC,AT,TT,AA,GG,AA,CT,AC,TT,NN,TT,AC,CC,CT,GG,AA,NN,AG,CC,TT,CT,TT,GG,TT,AA,CC,AA,GG,CC,CC,GG,CC,GG,AT,AA,CC,TT,GG,CG,CC,AA,AG,CG,AA,CC,AT,AA,CC,CC,CC,TT,AA,GG,AA,AA,AC,AA,AG,AA,AA,AA,TT,GG,AA,AG,CC,AC,CT,AG,AA,GG,GG,GG,TT,AA,AG,TT,TT,TT,AG,AA,GG,GG,AA,4.67,Susceptible,High,Premium,Early
L0395,Bengaluru Rural,Karnataka,Kharif,Red Sandy Loam,Rainfed,720,26.0,70,AC,NN,GG,AA,GG,CC,GG,TT,CC,CG,AA,CT,CC,TT,TT,GG,GG,TT,TT,AA,CG,TT,TT,CC,TT,CC,TT,AT,GG,AA,TT,CC,AA,CC,GG,CG,GG,CG,GG,CC,TT,CC,AA,TT,AG,AG,TT,TT,CC,AC,GG,AA,AA,GG,CC,TT,AT,AC,GT,AA,AA,TT,TT,GG,TT,AT,CC,GG,TT,GG,AA,GG,CC,AA,GG,AC,AA,AG,TT,TT,GG,GG,GG,CC,AA,GG,AA,AA,CC,TT,CC,TT,CC,TT,TT,GG,CT,CC,GT,CC,CC,CG,GG,AA,TT,TT,CC,AA,GG,AA,CT,GG,TT,CG,GG,AA,AA,TT,CC,GG,CC,GG,CC,GT,CT,AA,CC,CC,CC,CG,AA,TT,AC,AA,CC,CT,AA,TT,AA,AT,GG,CT,CC,GG,AA,AA,AA,CC,GT,CC,CC,AA,AA,AG,TT,GG,AC,TT,CT,GG,CC,TT,GT,TT,CC,AA,GG,CT,AA,TT,GG,CC,AA,CT,CC,CC,CG,CC,AA,GG,AG,CC,TT,CC,GT,TT,CG,TT,AA,AA,TT,CC,GG,AA,AC,CC,GG,AG,CC,GG,TT,AA,AA,CC,GG,AA,AC,AA,AT,GG,TT,AT,AT,GG,GG,AT,CC,AT,TT,AA,GG,AA,TT,AA,TT,CC,TT,AA,CC,CT,GG,AA,CC,AA,AC,TT,TT,GT,GG,TT,CC,CC,AA,GG,CC,CG,GG,CC,GG,NN,AA,CC,GT,GG,CC,CG,AA,GG,CC,NN,CC,AA,AG,AC,CG,AC,TT,AA,GG,AA,AA,CC,AA,GG,AA,AA,AA,AT,GG,AC,AG,CC,AC,TT,AA,AA,GG,GG,CG,TT,AA,AA,TT,AT,TT,AA,AT,GG,CG,AA,3.94,Susceptible,Medium,Premium,Late
L0396,Bengaluru Rural,Karnataka,Kharif,Red Sandy Loam,Rainfed,720,26.0,70,AA,CT,GG,AG,GG,CC,GG,AT,CC,CG,AA,CC,CC,TT,TT,GG,CG,TT,TT,AG,CC,GT,TT,CC,TT,CC,GT,AT,GG,AA,NN,CT,AA,CC,GG,GG,GG,CG,GG,CC,TT,TT,AA,TT,AA,GG,CT,TT,CC,AC,GG,AT,AA,GG,CC,GT,AA,AA,GT,AA,AA,TT,AT,AG,TT,AA,CC,GT,TT,GT,AA,GT,CC,AA,AG,AA,TT,GG,TT,TT,GG,GG,GT,CC,AA,GG,AG,AA,CC,GT,CC,TT,CC,TT,GT,GG,CT,CC,TT,CT,CT,CC,AA,AA,TT,TT,CC,AA,AG,AC,TT,GG,TT,CC,GT,AA,AA,TT,CC,GG,CG,GG,CC,GT,TT,AA,CC,CC,CC,CC,AA,TT,CC,AA,CC,CC,AA,TT,AA,AA,GG,CT,CC,GG,GG,AG,AA,CC,GT,CC,CC,AA,GG,AG,TT,GG,AC,TT,CT,AG,CC,TT,GG,CT,CC,NN,GT,CT,AA,NN,GG,CC,AG,TT,CC,CC,CG,CC,AA,AG,AA,CC,TT,CG,GG,TT,GG,AT,AA,AA,TT,CC,GG,AC,CC,CC,GG,GG,AA,GG,TT,AC,AA,CC,GG,AA,CC,AA,AA,GG,TT,TT,AA,CC,GT,AT,CG,TT,GT,AA,GG,AA,CC,AA,TT,CC,TT,AA,AC,CT,CG,AG,CC,AA,AC,AT,TT,GG,GG,NN,AA,CC,AG,GT,CC,GG,GG,CC,GG,AT,AG,CG,TT,GG,CC,CC,AA,AG,CC,AA,CC,AA,AA,NN,CC,AC,TT,AA,GG,AA,AA,AC,AA,GG,AG,AG,AA,TT,GG,AA,GG,AC,AA,NN,AA,AA,GG,GG,GG,TT,AT,AA,TT,TT,TT,AA,AT,GG,GG,AA,3.65,Susceptible,High,Premium,Late
L0397,Bengaluru Rural,Karnataka,Kharif,Red Sandy Loam,Rainfed,720,26.0,70,AC,CT,AG,AG,GG,CC,GG,TT,CC,CC,AA,CT,CG,AT,GT,GT,CG,TT,TT,AG,CG,NN,GG,CC,AT,CC,TT,TT,GG,AA,TT,CC,AA,CC,GG,CG,GG,CG,GG,CC,TT,CT,AA,GT,AA,AG,TT,TT,CC,AA,GG,AT,AA,GG,CC,GG,AT,AA,GG,AC,AA,TT,TT,AA,TT,TT,CC,GG,NN,GT,AA,GG,CC,AA,GG,AA,TT,GG,TT,TT,GG,GT,TT,CC,AA,GG,AA,AT,CC,TT,CC,TT,CT,AT,GG,GG,TT,CC,TT,CT,CC,CC,AG,AA,TT,GT,CG,AG,AG,AA,CC,GG,TT,CC,TT,AA,AC,TT,CC,GG,CC,GG,CC,GT,TT,AG,CC,CC,CC,CC,AA,TT,CC,AA,CC,CC,AA,AT,AA,AT,GG,TT,CC,GG,AA,AA,AA,CC,TT,CC,CC,AA,AA,GG,GT,GG,AA,TT,CT,GG,CC,GT,TT,TT,CC,AA,TT,TT,AT,TT,GG,CC,AA,CC,CC,CC,CG,CC,AA,GG,AA,CC,TT,CC,GG,TT,GG,TT,AG,GG,TT,CC,CG,AC,CC,CC,GG,AG,AC,GG,TT,NN,AA,CC,GG,AA,AC,AA,AT,GG,TT,TT,AT,GG,GT,AT,CG,AA,GG,AA,AG,AA,TT,AA,TT,CC,CT,AC,CC,TT,CG,GG,CC,AA,CC,TT,CT,TT,GG,TT,AA,CC,AG,GG,CC,CG,NN,CC,GG,AT,AA,CC,TT,GG,CC,CC,AT,AG,CC,AT,CG,AA,AA,AC,CC,AC,TT,AA,GG,AA,AA,AA,AA,GG,AG,AA,AA,AT,GG,AA,AA,CC,AA,CT,AA,AA,GG,GG,GG,GT,AT,AG,TT,TT,TT,AA,TT,GG,GG,AA,7.96,Susceptible,Low,Standard,Medium
L0398,Bengaluru Rural,Karnataka,Kharif,Red Sandy Loam,Rainfed,720,26.0,70,AC,CT,AG,AA,GG,CC,GG,TT,CC,CG,AA,CC,GG,TT,TT,GG,GG,TT,TT,AA,CG,TT,GT,CC,NN,CT,TT,TT,GG,AA,CT,CC,AA,CC,GG,GG,GG,CC,GG,CC,TT,NN,AA,GT,AA,GG,TT,TT,CG,AC,GG,TT,AA,NN,CC,GT,AA,AC,GG,AC,AA,GT,AA,AA,TT,AT,CC,GG,TT,GG,AA,GG,CC,AA,GG,AA,AA,GG,TT,TT,GG,GG,GG,CC,AA,GG,AA,AA,CC,GT,CC,TT,CC,TT,GT,GG,TT,CC,GT,CC,CC,NN,GG,AA,TT,TT,CC,AA,AG,AA,CC,GG,TT,CG,GT,AA,AA,AT,CC,GG,CC,AA,CC,GG,TT,AA,CC,CC,CC,CC,AA,TT,AC,AA,CC,CC,AA,TT,AA,AT,GG,CC,CG,GG,AA,NN,AA,CC,GG,CC,CC,AA,AA,AG,TT,GG,AA,TT,CT,GG,CC,TT,NN,TT,GG,AT,TT,CC,AA,NN,GG,CC,AA,CT,CC,CC,GG,CC,AA,GG,AA,CC,TT,NN,GT,NN,GG,AA,AA,AA,TT,AC,CG,AC,AC,CC,GG,GG,AA,CG,TT,AC,AA,CC,GG,AA,AC,AA,AA,GG,TT,AT,AT,GG,TT,AA,GG,TT,GT,AA,GG,AA,CT,AA,TT,CC,TT,AC,CC,TT,GG,NN,CG,AG,CC,TT,CT,NN,GG,TT,AA,AC,AA,GG,CC,CG,GG,CC,GG,TT,AG,CC,TT,GG,CC,CC,AA,GG,CC,AT,CC,AA,AA,AC,CC,AC,AT,AA,GG,AA,AA,AC,AA,GG,AA,AA,AA,AT,GG,AC,GG,AC,AC,TT,AA,AA,GG,GG,GG,TT,AA,AG,TT,TT,TT,AG,TT,GG,GG,CC,2.26,Resistant,Medium,Standard,Medium
L0399,Bengaluru Rural,Karnataka,Kharif,Red Sandy Loam,Rainfed,720,26.0,70,AA,NN,GG,AA,GG,CC,TT,TT,CC,CC,AA,CT,CG,AT,TT,GG,GG,TT,TT,AG,CC,TT,GT,NN,TT,CC,TT,TT,GG,AA,TT,CT,AA,CC,AG,GG,GG,CG,GG,CC,TT,CT,AA,GT,AG,AG,TT,AT,CC,CC,GG,AA,AA,GG,CT,TT,AA,AA,TT,AC,AG,GT,AT,AA,CT,TT,CC,GG,TT,GT,AA,GG,CC,AA,AG,NN,AT,NN,TT,TT,GG,TT,GT,CC,AT,GG,AA,AA,CG,GT,CC,TT,CC,TT,TT,GG,TT,CC,GT,CC,CT,CC,AG,AA,AT,TT,CC,AA,AA,AA,CC,GG,TT,CG,TT,AC,AA,TT,CC,AG,CC,GG,CC,GG,TT,GG,CT,CC,CC,CC,NN,TT,CC,AA,CC,CC,AA,TT,AG,AT,GG,CC,CC,GG,AA,AA,AA,NN,GT,CC,CC,AA,AA,GG,TT,GG,AC,TT,CT,GG,AC,TT,GT,TT,CG,TT,GT,TT,AT,TT,CG,CC,AG,CT,CC,CC,CG,CC,AA,GG,AG,CC,TT,CC,GG,TT,CG,AT,AA,AA,TT,CC,GG,AA,CC,CG,GG,GG,AA,GG,TT,NN,AG,CG,GG,AA,CC,AA,AA,TT,TT,TT,AA,GG,GT,AA,CC,AA,TT,AA,GG,AA,TT,AA,TT,CC,TT,AA,CC,CT,GG,AG,CG,AG,CC,TT,TT,TT,GG,TT,AA,CC,AG,GG,CC,CG,GG,CC,GG,AT,AG,CG,GT,GG,CC,CC,AT,AG,CG,AT,CG,AA,AA,CC,CC,AA,TT,AA,GG,AA,AA,AC,AA,AG,AA,GG,AA,AT,GG,AA,AG,AC,AC,CT,AA,AA,GG,GG,GG,GT,AT,AA,TT,TT,TT,AG,TT,GG,GG,AA,3.63,Susceptible,High,Poor,Early
L0400,Bengaluru Rural,Karnataka,Kharif,Red Sandy Loam,Rainfed,720,26.0,70,CC,TT,GG,GG,CG,CC,GG,TT,CC,CC,AA,CC,CC,TT,GT,GT,GG,TT,TT,AA,CC,TT,TT,CT,TT,CC,TT,TT,GG,AA,TT,CC,AA,CC,GG,GG,GT,CC,GG,CC,TT,CT,AA,GT,AG,AG,TT,TT,CC,AC,GT,AA,AG,GG,CC,TT,AA,NN,GT,AC,AA,NN,AT,AA,TT,TT,CT,GG,CT,GG,AA,GT,CC,AA,GG,AC,AA,GG,TT,TT,GG,GG,GG,CC,AA,GG,AA,AA,CC,GT,CC,TT,CC,TT,GT,AG,TT,CC,GT,CC,CC,CC,AG,AA,TT,TT,CC,AA,AA,AA,CT,GG,TT,CG,TT,AA,AA,TT,CG,GG,CC,NN,CC,GT,CT,AA,CC,CC,CC,CC,AG,TT,CC,AA,CC,CC,AA,TT,AA,AA,GG,CC,CC,GG,AA,AG,AA,CC,GT,CG,CC,AA,AG,GG,TT,GG,CC,TT,TT,GG,AC,TT,TT,TT,CC,AA,GT,CT,AA,TT,GG,CC,AG,TT,CC,CC,CG,CC,AA,AG,AG,CC,TT,CC,TT,GT,GG,AT,AA,GG,TT,CC,CG,AA,CC,CC,GG,GG,AA,GG,TT,AC,AA,CG,GG,AA,CC,AA,AT,GT,TT,TT,AA,CC,GT,AT,CC,AT,TT,AA,GG,AA,TT,AA,TT,CG,CT,AA,CC,CT,GG,AG,CG,NN,CC,TT,TT,GT,GG,TT,AA,CC,AG,GG,CC,CC,GG,CC,GG,AT,AA,CC,TT,GG,CG,CC,AT,GG,CG,AA,CG,AA,AA,CC,GG,AA,TT,AA,GG,AA,AA,AA,AC,GG,AG,AA,AG,TT,GG,AA,AG,AC,AA,TT,AA,AA,GG,GG,GG,TT,AA,AA,TT,TT,TT,AA,AT,GG,GG,AA,6.25,Susceptible,Medium,Poor,Medium
L0401,Bengaluru Rural,Karnataka,Kharif,Red Sandy Loam,Rainfed,720,26.0,70,AA,TT,GG,AG,GG,CC,GT,TT,CC,CG,AA,CC,CC,AT,TT,GT,GG,TT,TT,AA,CC,GT,GG,CT,NN,CC,TT,TT,GT,AA,TT,CC,AA,CC,GG,GG,GG,CC,GG,CC,TT,TT,AA,TT,AA,GG,CT,AT,CC,AC,GT,AA,AA,CG,CT,TT,AA,AA,GT,AC,AA,TT,TT,AG,TT,TT,CC,GG,TT,GG,AA,GG,CC,AA,GG,CC,AA,GG,NN,TT,GG,GG,GT,CC,AT,GG,AA,AA,CC,GT,CC,TT,CC,TT,TT,GG,CT,CC,GG,TT,CT,GG,AA,AA,AT,TT,CC,AA,GG,AA,CT,GG,TT,CC,TT,AA,AA,AT,CC,GG,CC,GG,CC,GG,CT,AA,CC,CC,CC,CG,AA,TT,CC,AA,CC,CC,AA,TT,AA,AT,GG,CC,CC,GG,AA,AA,AA,CC,GT,CC,CC,AA,AG,AG,TT,GG,AA,TT,TT,GG,AC,TT,GT,NN,CG,AT,TT,TT,AT,AT,GG,CG,AA,CT,CC,CC,CG,CC,AA,AG,AG,CC,TT,CC,GG,TT,CG,AT,AA,AA,TT,AC,CG,AA,AC,CC,CG,GG,AC,GG,TT,AC,AA,CG,GG,AA,CC,AA,AT,GG,TT,AT,AA,GG,GT,AA,CC,AT,GT,AA,GG,AA,CT,AA,TT,CG,TT,AC,CC,NN,CG,NN,CC,AA,CC,TT,TT,GT,NN,TT,AA,CC,AA,GG,CC,CC,GG,CC,GG,TT,AA,NN,TT,GG,CC,CC,AT,GG,CC,AA,CC,AA,AA,CC,CG,AC,TT,AA,GG,AA,AC,AA,AA,GG,GG,AG,AG,TT,CG,AA,AG,AC,AC,TT,AA,AA,GG,GG,CG,TT,AA,NN,TT,TT,TT,AG,AT,GG,GG,AA,5.32,Susceptible,Low,Premium,Early
L0402,Bengaluru Rural,Karnataka,Kharif,Red Sandy Loam,Rainfed,720,26.0,70,AA,TT,GG,AG,GG,CC,GG,TT,CC,CC,NN,CC,CG,AT,TT,GG,GG,TT,TT,AG,CC,GT,GG,CC,TT,CC,TT,TT,GG,AA,TT,CC,AA,CC,GG,GG,GG,CC,GG,CC,GT,TT,AA,TT,AG,AG,TT,TT,CC,AA,GG,AA,AG,GG,CT,GT,AA,AA,GT,AC,AG,TT,AT,AG,TT,AA,CC,GG,TT,TT,AA,GG,CC,AA,GG,AA,AA,GG,TT,TT,GG,GT,GG,CC,AA,AG,AA,AA,CC,TT,AC,TT,CC,TT,GT,GG,TT,CC,GT,CC,CT,CG,AG,AA,AT,TT,CC,AA,AA,AA,CT,GG,TT,CC,GT,AA,AA,TT,CC,AG,CG,GG,CC,GT,TT,AA,CC,CC,CC,CC,AA,TT,CC,AA,NN,CC,AA,TT,AA,AA,GG,CC,CC,GG,AA,AG,AA,CC,GG,CC,GG,AA,AG,GG,GT,GG,AC,NN,CC,AG,AC,GT,TT,CT,CC,AA,TT,TT,AA,TT,NN,CC,AA,CC,CC,CC,CG,CC,AA,GG,AA,CC,TT,CC,GT,TT,GG,AT,AA,AG,TT,CC,CC,AC,CC,CC,GG,GG,AA,GG,TT,CC,AA,CC,GG,AA,CC,AA,AA,GT,TT,AT,AA,GG,GT,AA,CG,TT,GG,AA,AG,AA,CT,AA,TT,CC,TT,CC,CC,TT,CG,NN,CG,AG,CC,TT,TT,NN,GG,TT,AC,AC,AA,GG,CC,CC,GG,CC,GG,AA,AA,CC,GT,GG,CC,CC,AA,AG,CG,AA,CC,AA,AA,AC,CG,AA,TT,AA,GG,AA,AC,AC,AA,GG,AG,AA,AG,AT,GG,AA,AG,CC,AA,TT,AA,AA,GG,GG,NN,TT,AT,AG,GT,TT,TT,AA,TT,GG,CG,AC,4.42,Resistant,Low,Poor,Late
L0403,Bengaluru Rural,Karnataka,Kharif,Red Sandy Loam,Rainfed,720,26.0,70,AC,TT,GG,AG,GG,CC,GG,TT,CG,CG,AA,CC,CC,TT,TT,GG,GG,TT,TT,AA,CG,TT,NN,CC,TT,CC,TT,TT,GG,AA,TT,CC,AG,CC,GG,GG,GG,CC,GG,CC,TT,CT,AA,TT,AA,AG,TT,TT,CC,CC,GG,AA,AG,GG,CC,NN,AT,AA,GG,AA,AG,TT,AT,AA,TT,TT,CC,GG,TT,GT,AA,GG,CC,AA,AA,AC,AA,GG,TT,TT,GG,GG,GG,CC,AA,GG,AA,AA,CC,GT,CC,TT,CC,TT,GT,GG,TT,CC,GT,CC,CC,CG,AG,AA,AT,TT,CG,AA,AA,AA,CC,GG,TT,CC,TT,AA,AA,TT,CC,AG,CC,GG,CT,GG,TT,AA,CT,CC,CC,CC,NN,TT,AC,AA,CC,CC,NN,TT,AA,AT,GG,CC,CC,GG,AA,AG,AA,CC,GG,CC,CC,AA,AG,GG,TT,GG,NN,TT,CT,AG,CC,GT,GT,TT,CC,AA,TT,TT,NN,AT,GG,CC,GG,CT,CC,CC,GG,CC,AA,GG,AA,CC,TT,CC,GT,TT,CG,AT,AA,AA,TT,CC,GG,AA,CC,CC,GG,GG,AC,CG,TT,AC,AA,CC,GG,AA,AA,AA,AA,GG,TT,AT,AA,GG,GT,AA,CG,TT,GT,AA,GG,AA,CT,AA,TT,CC,TT,AC,CC,TT,GG,AG,CC,AG,CC,TT,TT,GT,GG,TT,AA,AC,AA,GG,CC,CG,GG,CC,GG,AA,AG,CC,TT,GG,CC,CG,AA,GG,CC,TT,CC,AT,AA,AC,GG,CC,TT,AA,GG,AA,AA,AA,AA,GG,AG,AG,AA,TT,GG,AA,AG,AC,AC,CC,AA,AA,GG,GG,GG,TT,AA,AA,GT,TT,AT,AG,TT,GG,GG,AC,2.65,Moderate,High,Premium,Early
L0404,Bengaluru Rural,Karnataka,Kharif,Red Sandy Loam,Rainfed,720,26.0,70,AA,TT,GG,AG,GG,CC,GG,TT,CC,CC,AT,CT,CG,AT,TT,GT,CG,TT,TT,AG,CG,GT,GT,CC,TT,CT,GT,AT,GG,AA,TT,CT,AA,CC,GG,GG,GG,GG,GG,CC,TT,CC,AA,TT,AG,GG,TT,TT,CC,AC,GG,AA,AG,GG,CC,TT,AT,AA,GT,AC,AA,TT,AT,GG,TT,AT,CC,GG,TT,GG,AG,GG,CC,AA,AG,AC,AT,AG,GG,TT,GG,GG,GG,CC,TT,GG,AA,AA,CC,GT,AC,TT,CC,TT,TT,GG,TT,CC,GT,CC,CC,CC,GG,AG,TT,TT,CG,AA,AG,AA,CC,GG,TT,CC,GT,CC,AA,TT,CC,AG,GG,GG,CC,GG,TT,AA,CC,CC,AC,CC,AA,TT,CC,AA,CC,CC,AA,AT,AA,AT,GG,NN,CG,GG,AA,AA,TT,CC,GT,CC,CC,AG,AA,AG,TT,GG,AC,TT,TT,AG,AC,TT,TT,TT,CC,TT,TT,CT,AA,NN,GG,CG,GG,CT,CC,AC,CG,CC,AA,GG,AA,CC,TT,CC,GT,GT,GG,AA,AA,AA,TT,CC,CG,AC,CC,CC,GG,GG,AA,GG,TT,CC,AG,CG,GG,AA,CC,AA,AT,GG,TT,TT,AA,CG,GG,AA,CC,TT,GT,AA,GG,AA,CT,AC,TT,CC,TT,AC,AC,TT,CG,AA,CC,AG,CC,TT,CC,TT,GG,TT,AC,AA,AA,GG,CC,CG,GG,CG,GG,TT,AA,CC,GT,GG,CG,CG,AT,NN,CG,AA,CC,AA,AA,CC,CG,AC,TT,AG,GG,AA,AA,AC,AA,AA,AG,AG,AA,TT,GG,AA,AA,AC,AA,CT,AA,AA,GG,GG,GG,TT,AA,AG,TT,TT,TT,AG,TT,GG,GG,AA,2.86,Susceptible,Low,Standard,Late
L0405,Bengaluru Rural,Karnataka,Kharif,Red Sandy Loam,Rainfed,720,26.0,70,AA,TT,NN,GG,GG,CC,GT,AA,CC,CG,AA,CC,CC,TT,GT,GT,GG,TT,TT,AA,CC,TT,GG,CT,TT,CC,GT,TT,GG,AA,TT,CC,AA,CC,GG,GG,GG,CG,GG,CC,TT,TT,AC,TT,AA,AG,TT,TT,CC,AC,GT,AT,AA,GG,CC,TT,NN,AA,TT,AA,AA,GT,AT,AA,TT,AT,CC,GG,TT,GT,AA,GG,CC,AA,GG,AA,AA,GG,TT,TT,AG,GG,GG,CC,AA,GG,AA,AA,CC,GT,AC,TT,CT,TT,GT,GG,CT,CC,GT,NN,CC,CC,AA,AA,AT,TT,CC,AA,AA,NN,CT,GG,GT,CG,GT,AA,AA,TT,CG,GG,CC,AG,CC,GT,CT,AG,CC,CC,CC,CC,AA,TT,CC,AA,CC,CC,AA,TT,AG,AA,GG,CC,CC,GG,AG,AG,AT,CC,GT,CG,CC,AA,AA,GG,TT,AG,AA,GT,CT,AG,AA,TT,TT,TT,CC,AA,TT,TT,AT,TT,NN,CG,AA,TT,CC,CC,GG,CC,AA,GG,AA,CC,TT,CC,GG,GT,GG,AT,AA,AA,TT,CC,GG,AA,CC,CC,GG,GG,AA,GG,TT,AA,AG,CC,GG,AA,AC,AT,AA,GG,TT,TT,AA,CG,TT,AA,CG,AT,GT,AA,GG,AA,CT,AA,TT,CC,TT,AA,CC,TT,CC,AA,CC,AG,AA,TT,CT,TT,GG,TT,AC,AC,AG,GG,CG,GG,GG,CC,GG,AA,AA,CC,TT,AG,CG,CC,AA,GG,CC,AA,CC,AT,AA,CC,CG,AA,TT,AA,GG,AA,AC,AA,AA,AA,AA,AA,AA,TT,GG,AA,AA,AC,AA,TT,AG,AG,NN,GG,GG,TT,AA,AA,GT,TT,TT,AA,TT,GG,GG,AA,1.48,Susceptible,Medium,Poor,Late
L0406,Bengaluru Rural,Karnataka,Kharif,Red Sandy Loam,Rainfed,720,26.0,70,AC,CT,GG,AG,GG,CC,GG,TT,CG,GG,AA,CC,CC,TT,TT,GG,GG,TT,TT,AA,CG,TT,TT,CC,TT,CC,TT,TT,GG,AC,TT,CC,AA,CC,GG,CG,GG,CG,GG,CC,TT,CT,AA,TT,AA,GG,TT,TT,CC,AC,GT,AA,AG,CG,CC,GT,AA,AA,GT,AC,AA,TT,AA,AG,TT,AT,CC,GG,TT,GT,AG,GG,CC,AA,AG,AA,AT,GG,TT,TT,GG,GG,GT,CC,AA,GG,AA,AA,CG,GT,CC,GT,CT,AT,GG,GG,CT,CC,GT,CC,CC,CG,GG,AG,TT,GT,CC,AG,AG,AC,CT,GG,TT,CC,TT,AA,AA,TT,CC,GG,CC,GG,CC,GG,TT,AA,CC,CC,CC,CC,AA,GT,CC,AA,CC,CC,AA,TT,AA,AA,GG,CC,CC,GG,AA,GG,AA,CC,GT,CC,CC,AA,AA,GG,TT,GG,AC,GT,CT,GG,CC,GT,GT,TT,CC,NN,TT,TT,AA,AT,GG,CC,AG,CT,CC,CC,GG,CC,AA,GG,AG,CC,TT,CG,NN,TT,GG,AT,AA,AA,TT,CC,NN,AC,CC,CC,GG,GG,AC,CG,NN,AA,AA,CG,GG,AA,CC,AA,TT,GT,TT,TT,AT,GG,GG,AA,CC,AT,GT,AA,GG,AA,CT,AA,TT,CC,TT,AC,AC,CT,GG,AG,CC,AG,CC,TT,TT,TT,GG,TT,AA,CC,AA,GG,CG,CC,GG,CC,GG,TT,AA,CG,TT,GG,CC,NN,AA,AG,GG,AA,CC,AT,AG,AC,CC,CC,TT,AA,GG,AA,AC,AC,AA,AA,AG,AA,AA,AT,GG,AA,AA,AA,AA,CC,AA,AG,GG,GG,CG,TT,AA,AA,TT,TT,TT,AG,TT,GG,CG,AC,2.98,Resistant,Medium,Premium,Early
L0407,Bengaluru Rural,Karnataka,Kharif,Red Sandy Loam,Rainfed,720,26.0,70,AA,TT,GG,AA,GG,CC,GG,TT,NN,CC,AA,CC,CC,TT,TT,GG,CG,TT,AT,AA,CC,GT,TT,NN,AT,CC,TT,TT,GG,AA,TT,CT,AA,CC,GG,CG,GG,GG,GG,CC,TT,TT,AC,TT,AG,AG,CC,TT,CC,CC,GT,AA,AA,GG,CC,TT,AA,AC,GT,AA,AA,TT,AT,AG,TT,TT,CC,GG,CT,TT,AA,GG,CC,AA,GG,AC,TT,GG,TT,TT,GG,GG,GG,CC,AA,GG,AG,AA,CC,TT,AC,TT,CC,TT,TT,GG,TT,CC,GG,CC,CC,CC,AA,AA,TT,TT,CG,NN,AG,AC,CC,GT,TT,CC,TT,AC,NN,TT,CC,GG,CC,GG,CC,GG,TT,AA,CC,CC,CC,CC,AG,TT,CC,AA,CC,CC,AA,NN,AA,AT,CG,CT,CC,GG,AG,AG,AA,AC,GG,CC,CC,AA,AA,AG,TT,AG,AA,TT,TT,GG,CC,TT,TT,TT,NN,AA,GT,TT,AA,TT,GG,CC,AA,CT,CC,CC,CG,CC,AA,GG,AA,CC,TT,CC,GG,GT,GG,AT,AA,AA,TT,CC,GG,AA,CC,CC,GG,GG,AC,GG,TT,AA,AA,CC,GT,AA,CC,AA,AT,GG,TT,TT,AT,GG,GG,AA,CC,AT,TT,AA,GG,AA,TT,AC,TT,CG,NN,AA,CC,CT,GG,AA,CC,AG,CC,AT,TT,GT,GG,TT,AA,AC,AA,GG,CC,GG,GG,CC,GG,AT,AG,CG,TT,GG,CG,CC,AA,GG,CG,AA,CC,AA,AA,CC,GG,CC,TT,AA,GG,AA,AA,AA,AA,AG,GG,AG,AA,TT,GG,AA,AA,AC,CC,CT,AA,AG,GG,GG,GG,TT,AA,AA,TT,TT,TT,AG,AT,GG,CG,AA,3.59,Susceptible,High,Standard,Medium
L0408,Bengaluru Rural,Karnataka,Kharif,Red Sandy Loam,Rainfed,720,26.0,70,AC,CT,GG,AA,CG,CC,NN,TT,CC,CG,AA,CC,CG,AT,NN,GT,GG,TT,TT,AA,CG,GT,GT,CC,TT,CC,GT,TT,GG,AA,TT,CC,AG,CC,GG,CG,GG,CG,GG,CC,TT,TT,NN,TT,AA,AG,CT,TT,CC,CC,GT,AA,AA,GG,CT,TT,AA,AA,GT,AA,AG,TT,TT,AA,TT,TT,CC,GG,TT,GG,AA,GG,CC,AA,GG,AA,AT,AG,TT,NN,AG,GG,GG,CC,AT,GG,AA,AA,GG,GT,CC,TT,CC,TT,GT,NN,TT,CC,TT,CT,CC,CG,AA,AA,TT,TT,CC,AA,AA,AA,CT,GG,TT,CG,GT,NN,AA,TT,CC,GG,CC,AG,CT,GT,CT,GG,CT,CC,AC,CC,AA,TT,CC,AA,CC,CC,AA,TT,AA,AT,GG,CC,CC,NN,AA,GG,AA,CC,GG,CC,CC,AG,AA,GG,TT,GG,AA,TT,TT,GG,AC,TT,GT,TT,CC,AT,GT,TT,AA,AT,GG,CC,AG,CT,CC,CC,CC,CC,AA,GG,AG,CC,TT,CC,GT,TT,GG,AT,AA,AG,TT,CC,GG,AA,CC,CC,GG,GG,AA,CG,TT,CC,AA,CC,GG,AT,AC,AA,AT,GT,TT,TT,TT,GG,GG,AA,CC,AT,TT,AA,GG,AA,TT,AC,TT,CC,TT,AA,CC,TT,GG,GG,CC,AG,CC,TT,TT,TT,GG,TT,AA,AC,AA,GG,CC,CC,NN,CC,GG,AT,NN,CG,TT,GG,CC,CC,AA,GG,CC,AA,CC,AA,AA,CC,CC,AC,TT,AA,GG,AA,AA,AC,AC,AA,AG,AA,AA,AT,GG,AA,AG,AC,AA,CT,AA,AA,GG,GG,GG,TT,AA,AA,TT,TT,TT,GG,TT,GG,GG,NN,4.94,Susceptible,Low,Poor,Late
L0409,Bengaluru Rural,Karnataka,Kharif,Red Sandy Loam,Rainfed,720,26.0,70,CC,CT,GG,AG,GG,CC,GT,AT,CC,CG,AA,CT,GG,TT,TT,TT,GG,TT,TT,AA,CC,GT,TT,CC,TT,CC,TT,TT,GT,AA,TT,CC,AA,CC,GG,GG,GG,CG,GG,CC,TT,TT,AA,TT,AA,GG,TT,AT,CC,AA,GT,AT,AA,GG,NN,GT,AA,AC,GG,CC,AA,GT,TT,AA,TT,TT,CC,GG,TT,GG,AG,GG,CC,AA,GG,AA,AA,GG,TT,TT,GG,GG,GG,CC,AA,GG,AA,AA,CG,GT,CC,TT,CT,AT,TT,GG,CT,AC,TT,CC,TT,CG,AG,AA,AT,TT,CC,AA,AA,AA,CC,GG,TT,CC,GT,AA,AA,TT,CC,GG,CC,GG,CC,GG,CT,AA,TT,CC,CC,CC,AA,TT,CC,AA,CC,CC,AA,TT,AA,AA,GG,CC,CC,GG,AA,AA,AT,CC,GT,CC,CC,AA,AA,GG,TT,GG,AA,GT,TT,GG,CC,TT,TT,TT,CC,AA,GG,TT,AT,TT,GG,CC,AA,CC,CC,CC,GG,CC,AA,GG,AA,CC,TT,CG,GT,TT,GG,AT,AA,AA,TT,CC,GG,AC,AC,CC,GG,GG,AC,GG,TT,AC,AA,CC,GT,AA,CC,AA,AA,GG,TT,TT,AA,CG,GG,NN,CG,TT,TT,AA,GG,AA,NN,AA,TT,CC,TT,AC,CC,TT,GG,AG,CG,AG,CC,TT,CT,TT,CG,TT,AC,AC,AA,GG,CC,CG,GG,CC,GG,AT,AA,CC,TT,GG,CC,CC,AA,AA,CG,AA,CC,AA,AA,CC,CC,CC,TT,AA,GG,AA,AA,AC,AA,AG,AA,AA,NN,TT,GG,CC,AG,AA,AC,TT,AA,AA,GG,GG,GG,TT,AA,AG,GT,TT,TT,AA,NN,GG,CG,AA,6.26,Susceptible,Low,Premium,Medium
L0410,Bengaluru Rural,Karnataka,Kharif,Red Sandy Loam,Rainfed,720,26.0,70,AC,TT,AG,AG,GG,CC,GT,AT,CC,GG,AA,CC,CG,TT,TT,GG,GG,TT,NN,AA,CC,TT,NN,NN,NN,CC,TT,AT,GT,AC,TT,CC,AA,CC,GG,CG,GG,CG,GG,CC,TT,CC,AA,TT,AG,AG,TT,TT,CC,CC,GG,AT,AA,GG,CT,TT,AA,CC,GG,AA,AG,TT,TT,AA,TT,TT,CC,GG,TT,GT,AG,GG,CC,AA,GG,CC,AA,GG,TT,TT,GG,GG,GG,CC,AT,GG,AA,AA,CC,TT,CC,GT,CT,TT,TT,GG,CT,CC,GG,CT,CC,CG,AG,AA,TT,TT,CG,AA,AA,AA,CC,GG,TT,CG,GT,AA,AA,TT,CC,AA,CC,AG,CT,GT,TT,AA,CC,CC,CC,CC,AA,TT,CC,AA,CC,CC,AA,AT,AA,TT,CG,CT,GG,GG,AA,AG,AA,CC,GG,CC,CG,AG,AG,GG,TT,AG,AC,GT,TT,GG,AC,TT,GT,TT,CC,AT,TT,TT,AA,TT,NN,CC,AA,CT,CC,AC,GG,CC,AT,GG,GG,CC,TT,CC,TT,TT,GG,AT,AA,AA,TT,AA,GG,AA,AC,CC,GG,GG,AA,GG,TT,AC,AA,CC,GG,AA,AC,AT,AT,NN,TT,AT,AA,GG,GG,AT,CG,AA,TT,AA,GG,AA,TT,AA,AT,CC,TT,AC,CC,TT,GG,GG,CC,AG,CC,TT,CT,NN,GG,TT,AC,AC,AG,GG,CC,CG,CG,CG,GG,AT,AA,CC,GT,GG,CC,CC,AT,AG,GG,AA,CC,AT,AA,AC,CG,AC,TT,AA,GG,AA,AC,CC,AA,AG,AG,AA,AA,TT,GG,AC,AG,AA,AC,CT,AA,AA,GG,GG,GG,TT,NN,AA,GT,TT,TT,AG,TT,GG,GG,AA,6.34,Susceptible,High,Standard,Late
L0411,Bengaluru Rural,Karnataka,Kharif,Red Sandy Loam,Rainfed,720,26.0,70,AC,TT,GG,AG,CG,CC,GG,AT,CC,CC,AA,CT,CC,AT,TT,GG,CG,TT,TT,AA,CG,TT,GT,CC,AT,CC,TT,TT,GG,AA,TT,CT,AA,CC,GG,GG,GG,CC,GG,CC,TT,TT,AA,TT,AA,AG,TT,TT,CC,AC,GG,AA,AA,GG,CC,TT,AA,AC,GG,AA,AA,TT,TT,AA,NN,AT,CC,GG,TT,GG,AA,GT,CC,AG,AA,AC,TT,GG,TT,TT,GG,GG,GG,CC,AA,AG,AA,AA,CC,TT,CC,GT,CC,TT,GT,GG,CT,AC,GG,CC,CC,CC,GG,AA,AT,TT,CG,AA,AG,AA,CC,GG,TT,CC,TT,AA,AC,TT,CC,GG,CC,GG,CC,GG,NN,AA,CC,CC,CC,CC,AA,TT,CC,AA,CC,CT,AA,TT,AA,AA,GG,CC,CG,AG,AA,AG,AA,CC,GG,CC,CC,NN,AG,GG,TT,GG,AA,TT,CT,GG,AC,GT,NN,TT,CC,AA,TT,NN,AA,AT,CG,CC,AG,CT,CC,AC,CG,CC,AT,GG,GG,CC,TT,NN,GT,GT,GG,AT,AA,AA,TT,CC,GG,AC,CC,CC,GG,GG,AC,GG,TT,AA,AA,CC,GT,AA,AC,AA,AA,GT,GT,TT,AA,CG,GG,AA,CG,TT,TT,AA,GG,AA,TT,AA,TT,CC,CT,AA,NN,TT,GG,AG,CC,AA,AC,TT,CC,GG,GG,TT,AC,AC,AG,GG,CC,CC,GG,CC,GG,TT,AA,CC,GT,GG,CC,CC,AA,GG,CG,NN,CC,AT,AA,CC,CC,AA,TT,AA,GG,AA,AA,AA,AA,GG,AG,NN,AA,AT,GG,AA,AG,CC,AA,CC,AA,AA,GG,AG,GG,TT,AA,AA,TT,TT,TT,AG,TT,GG,GG,AA,5.47,Susceptible,Medium,Poor,Early
L0412,Bengaluru Rural,Karnataka,Kharif,Red Sandy Loam,Rainfed,720,26.0,70,AC,TT,GG,AA,CG,CC,GG,TT,CC,CG,AA,CT,CG,TT,TT,GT,GG,TT,TT,AG,CC,TT,TT,CT,TT,CC,TT,TT,GG,AA,TT,CC,AA,CC,GG,GG,GG,NN,GG,CC,TT,TT,AA,TT,AG,GG,TT,TT,CC,AC,GT,AA,AG,GG,CC,TT,AT,AC,GT,AA,AA,GT,TT,AA,TT,TT,CC,GG,TT,GT,AA,GT,CC,AA,GG,AA,TT,GG,TT,TT,GG,GG,GG,CC,TT,GG,AA,AA,CC,GT,AC,TT,CT,AT,TT,GG,CT,CC,GT,CC,CT,CC,AA,AA,TT,TT,CC,AA,GG,AC,CC,GG,TT,CC,TT,AC,AA,TT,CC,AG,CG,GG,CC,GG,CT,AG,CC,CC,CC,CC,AA,NN,CC,AA,CC,CC,AA,AA,AA,AA,GG,CC,CC,GG,AA,AG,AA,CC,GG,CC,CC,AA,AG,GG,TT,AA,NN,TT,TT,GG,CC,TT,TT,TT,CC,AT,TT,TT,AT,TT,CG,CC,AG,TT,CC,CC,CG,CC,AA,GG,AA,CC,TT,CC,GG,GT,CC,AT,AA,AA,TT,CC,GG,AA,CC,NN,GG,GG,AC,CG,TT,AA,AA,CC,GG,AA,CC,AA,AA,GG,TT,AT,AA,GG,GT,TT,CG,AT,TT,AA,GG,AA,CT,AA,TT,CC,CT,AC,AC,TT,CG,AG,CG,GG,CC,TT,CC,TT,GG,TT,AA,AC,AA,GG,CC,CC,GG,CC,GG,AA,AG,CG,TT,GG,CC,CC,AA,GG,CC,AA,CC,AT,AG,CC,CC,AC,AT,AA,GG,AA,AA,AA,AA,AG,GG,AA,AA,TT,NN,AC,AA,CC,AA,CT,AA,AA,GG,AG,GG,TT,AT,AG,TT,TT,TT,AA,TT,GG,NN,AA,3.72,Resistant,High,Standard,Early
L0413,Bengaluru Rural,Karnataka,Kharif,Red Sandy Loam,Rainfed,720,26.0,70,CC,TT,AG,AA,GG,CC,GT,TT,CC,CG,AA,CC,CC,TT,TT,GG,GG,TT,TT,AA,CC,TT,TT,TT,TT,CC,TT,TT,GT,AA,TT,CC,AA,CC,GG,GG,GG,CC,GG,CC,TT,TT,AA,TT,AA,GG,CT,TT,CC,AC,GG,AT,AA,GG,CC,TT,AA,AA,TT,AA,AA,TT,TT,AG,TT,TT,CT,GG,TT,GG,AA,GG,CC,AA,AG,AA,AT,AG,GT,TT,AG,GG,GT,CC,AA,GG,AA,AA,CG,TT,CC,TT,CC,TT,TT,GG,TT,CC,GT,CT,CT,GG,AG,AA,TT,TT,CC,AG,AA,AA,CC,GG,TT,NN,TT,AA,AA,TT,GG,GG,CC,GG,CC,GT,TT,AA,CC,CC,CC,CG,AA,TT,AC,AA,CC,CT,AA,TT,AA,AT,GG,CC,NN,GG,AA,AG,AA,CC,GG,CC,CC,AG,AG,GG,TT,GG,AA,TT,TT,GG,AC,GT,GT,TT,CC,AA,GT,TT,AA,AA,GG,CC,AA,CC,CC,NN,CC,CC,AA,GG,AA,CC,TT,CG,GG,TT,GG,TT,AA,AG,TT,CC,GG,AA,CC,CC,GG,GG,AA,CG,TT,AA,AA,CC,GT,AT,CC,AA,AT,GG,GT,AT,AA,GG,NN,AA,CC,AT,GG,AA,GG,AA,NN,AA,TT,CC,TT,AA,CC,CT,CG,AA,CC,AA,CC,TT,NN,GT,GG,TT,AA,AC,AG,GG,CC,CC,GG,CC,GG,AT,AA,CC,GT,GG,CC,CC,AA,AG,CG,AT,CC,AA,AA,AC,GG,AC,TT,AA,GG,AA,AA,CC,AA,AG,AG,AG,AA,TT,GG,AA,AG,CC,AA,CT,AG,NN,GG,GG,GG,TT,AA,AA,GT,TT,TT,AA,TT,GG,CG,AA,3.94,Susceptible,Medium,Standard,Early
L0414,Bengaluru Rural,Karnataka,Kharif,Red Sandy Loam,Rainfed,720,26.0,70,AA,TT,AG,AG,GG,CC,GG,AT,CC,CG,AA,CT,CC,TT,GT,GG,CG,TT,TT,AA,CG,TT,GT,CC,TT,CC,TT,TT,GG,AA,TT,CC,AA,NN,GG,CG,GG,CG,GG,CC,TT,CT,AA,TT,AA,GG,TT,TT,CC,AC,GG,AA,AA,GG,CC,TT,AA,AA,NN,NN,AA,TT,AT,AA,TT,TT,CC,GG,TT,NN,AA,GG,AC,AA,GG,AC,AA,GG,GT,TT,GG,GG,GG,CC,AA,GG,NN,AA,CC,GT,CC,TT,CT,TT,TT,GG,TT,CC,GT,CC,CC,CG,GG,AA,TT,TT,CC,AA,AG,AC,CC,GG,TT,CC,TT,AC,AA,TT,CC,AA,CC,GG,CC,GT,TT,AG,CT,CC,CC,CC,AA,TT,CC,AA,CC,CC,AA,TT,AA,AT,GG,CC,CC,GG,AA,AG,AT,CC,GG,CC,CC,AA,AG,GG,GT,GG,AC,TT,CC,GG,CC,GT,GG,CT,CC,AA,GT,TT,AA,TT,CG,CC,AA,CC,AC,CC,GG,CC,AA,GG,AA,CC,TT,CG,GT,TT,CG,AT,AA,AA,TT,AC,GG,AA,AC,CC,GG,GG,AC,GG,CT,AC,AA,CC,GG,AA,AA,AA,AT,GG,TT,AT,AT,CG,GG,AT,CG,AA,TT,AA,GG,AA,TT,AA,TT,CC,TT,AC,CC,TT,GG,AA,CG,AG,CC,AT,CT,TT,GG,AT,AA,CC,AA,GG,CC,CC,GG,CC,GG,AT,AA,CC,TT,GG,CC,CC,AA,AG,CC,NN,CC,AT,AA,AC,CC,AC,TT,AA,GG,AA,AA,AC,AA,GG,AA,AA,AA,TT,GG,AA,AG,CC,AA,TT,AA,AA,GG,AG,GG,TT,AA,AA,TT,TT,TT,AA,AT,GG,CG,AA,5.53,Susceptible,High,Premium,Medium
L0415,Bengaluru Rural,Karnataka,Kharif,Red Sandy Loam,Rainfed,720,26.0,70,AA,CT,GG,AG,GG,CC,GG,TT,CC,CC,AA,CC,CG,AT,GT,GG,CG,TT,TT,AA,CC,TT,TT,CC,TT,CC,TT,TT,GT,AA,TT,CC,AA,CC,GG,GG,GG,CG,GG,CC,TT,CT,AA,TT,AA,AG,TT,TT,CC,AC,GT,AA,AG,GG,CT,TT,AA,AC,TT,AC,AG,TT,TT,AG,CT,AT,CC,GG,TT,GG,AA,GG,CC,AA,GG,AC,AA,GG,TT,TT,GG,GG,GG,CC,AT,GG,AG,TT,CC,TT,CC,TT,CC,TT,NN,GG,TT,CC,TT,CC,CT,CG,GG,AA,TT,TT,CG,AA,AG,AA,CT,GG,TT,CG,TT,AA,AA,TT,CG,GG,CC,AG,CC,GG,CT,AA,CC,CC,CC,CC,AG,TT,CC,AA,CC,CC,AA,TT,AA,AA,NN,CC,CC,GG,AA,AG,AT,CC,GG,CC,CC,AA,AA,GG,TT,GG,AA,GT,TT,AA,AC,TT,GT,CT,CC,AT,GG,TT,AA,TT,GG,CG,AA,CT,CC,CC,GG,CC,AA,GG,AG,CC,GT,CC,GG,GT,GG,AT,AA,AA,TT,CC,CG,AA,CC,CC,GG,GG,AA,GG,TT,AA,AA,CC,GG,AT,CC,AA,AT,GT,TT,AA,AT,GG,TT,AT,CC,TT,TT,AA,AG,AG,TT,NN,TT,CC,TT,AC,CC,TT,GG,AG,CC,AG,AC,TT,CT,TT,GG,TT,AC,AA,AG,GG,CC,CC,GG,CC,GG,TT,AA,CC,GG,GG,CG,CC,AT,GG,GG,AA,CG,AA,AA,CC,CG,AA,TT,AA,CG,AA,AA,AC,AA,AG,AG,AG,AG,TT,GG,AC,AA,NN,AA,CT,AG,AA,GG,NN,CG,TT,AT,AG,TT,TT,TT,AG,AT,GG,GG,AA,3.59,Susceptible,Medium,Standard,Late
L0416,Bengaluru Rural,Karnataka,Kharif,Red Sandy Loam,Rainfed,720,26.0,70,AC,TT,GG,AA,GG,CG,GG,AA,CC,CG,AA,CC,GG,TT,GT,GG,CG,TT,TT,AA,CC,TT,TT,CT,TT,CC,TT,AT,GG,AA,TT,CT,AA,CC,GG,CG,GG,CC,GG,CC,TT,TT,AA,GT,AA,GG,TT,TT,CC,AC,GT,AA,AA,GG,CC,GT,AA,AC,GG,AC,AA,TT,TT,AG,TT,TT,CC,GG,CT,GT,AG,GG,CC,AA,GG,AC,AA,GG,TT,TT,GG,GT,GG,CC,AT,GG,AA,AT,CC,TT,AC,TT,CT,TT,GT,GG,TT,CC,TT,NN,CT,GG,AG,AG,AT,TT,CC,AG,AG,AA,CC,GG,GT,CC,TT,AA,AA,TT,GG,GG,CC,GG,CC,GG,CT,AA,CC,CC,CC,CC,AG,TT,CC,AA,CC,CC,AA,AT,AA,AA,GG,CT,CC,NN,AG,AA,AA,CC,GT,CC,CC,AG,AG,GG,TT,GG,AC,GT,CT,GG,CC,GT,TT,CT,CC,AA,TT,CT,AA,TT,GG,CC,AA,CT,CC,CC,CG,CC,NN,GG,AA,CC,TT,CC,GG,GT,CG,AT,AA,AA,TT,AC,GG,AA,CC,CC,GG,GG,AC,GG,TT,AA,AA,CC,GG,TT,AC,AA,AT,GG,TT,TT,AA,CG,GT,AT,NN,TT,GT,AA,GG,AA,CT,AA,TT,CC,TT,AA,CC,CT,GG,GG,CC,GG,CC,TT,TT,GT,GG,TT,AA,CC,AA,GG,CC,CC,GG,CC,GG,TT,AA,CC,GT,AG,CC,CC,AT,GG,CC,AA,CC,AA,AA,AC,CC,CC,AT,AA,CG,AA,AA,AA,AC,AG,AG,AA,AA,AT,CG,AA,AA,CC,AA,TT,AA,AA,GG,GG,NN,GT,AT,AA,TT,TT,TT,AA,AT,GG,GG,AA,2.41,Resistant,Low,Premium,Early
L0417,Bengaluru Rural,Karnataka,Kharif,Red Sandy Loam,Rainfed,720,26.0,70,NN,TT,AG,AG,GG,CC,GG,TT,CC,CG,AA,CC,CC,TT,TT,GG,CC,TT,TT,AA,CC,TT,TT,CC,TT,CC,TT,TT,GT,AA,CT,CT,AA,CC,AG,GG,GG,CG,GG,CC,TT,TT,AA,TT,AA,GG,TT,TT,CC,CC,GG,AA,AG,GG,CT,TT,AA,AA,GT,AA,AG,TT,TT,AA,TT,TT,CC,GG,TT,GG,AG,GG,CC,AA,GG,AC,AA,GG,TT,TT,GG,GG,GG,CC,AA,GG,AA,AA,CC,GT,CC,TT,CT,TT,GT,AG,TT,CC,TT,CC,CC,CC,AG,AA,TT,GT,CC,AA,AG,AA,CC,GG,TT,CG,TT,AA,AA,TT,CG,GG,CG,GG,CC,GT,CT,AA,CC,CG,CC,CC,AG,GT,CC,AC,CC,CC,AA,AT,AG,AA,GG,CC,CC,GG,AA,AG,AA,AC,GG,CC,CC,AA,AA,GG,TT,GG,AA,GT,CT,GG,CC,GT,NN,CT,CC,AT,GT,TT,AA,TT,GG,CC,AA,CT,CC,CC,GG,CC,AA,GG,GG,CC,TT,CC,TT,TT,NN,TT,AA,AA,TT,CC,GG,AA,AA,CC,GG,GG,AA,CG,TT,AA,AA,CG,GG,AA,AC,AA,AT,GG,TT,AT,AT,GG,GT,AA,CC,TT,TT,AA,GG,AA,TT,AA,TT,CC,CC,AC,AC,TT,GG,NN,GG,GG,AC,TT,TT,GT,GG,TT,AA,CC,AA,GG,CC,CG,GG,CC,GG,AT,AG,CC,TT,GG,CC,CC,AA,GG,CG,AA,CG,AT,AA,AC,GG,NN,TT,AA,GG,AA,AC,AC,AA,AG,AG,AA,AA,AT,CG,AC,AG,NN,AA,TT,AA,NN,GG,GG,GG,GT,AA,AA,TT,TT,TT,AG,TT,GG,GG,AA,3.09,Susceptible,Medium,Premium,Late
L0418,Bengaluru Rural,Karnataka,Kharif,Red Sandy Loam,Rainfed,720,26.0,70,AA,TT,AG,AG,GG,CC,GT,TT,CC,CC,AA,CC,CC,AA,GT,GG,CG,TT,TT,AA,CC,GT,GT,CC,AT,CC,TT,AT,GG,AA,TT,CC,AA,CC,GG,GG,GG,CG,GG,CC,TT,TT,AA,TT,AA,GG,CT,TT,CC,AC,GG,AA,GG,GG,CT,NN,AA,AC,GT,AA,AA,GT,AT,AA,NN,TT,CC,GG,TT,GG,AA,GT,CC,AA,GG,CC,AA,GG,TT,TT,AG,GG,GG,CC,AA,GG,AA,AA,CC,GT,CC,TT,CC,TT,GT,GG,TT,CC,TT,CC,CC,CG,GG,AA,TT,TT,CC,AA,AA,AA,CT,GG,TT,CC,TT,AA,AC,TT,CG,AG,CC,AG,CC,GG,TT,AG,CC,CC,CC,CC,AA,TT,CC,AA,CC,CC,AA,TT,AA,AA,GG,CC,CC,GG,AA,AA,AT,CC,GG,CC,CC,AA,AG,GG,TT,GG,AA,TT,CT,AG,CC,TT,TT,TT,CC,AA,TT,TT,AA,TT,GG,CC,AA,TT,CC,CC,GG,CC,AA,GG,NN,CC,TT,CC,GG,TT,CG,AA,AA,AA,TT,CC,GG,AA,CC,NN,GG,GG,AC,GG,TT,AC,AA,CC,GG,AA,CC,AA,AA,GG,TT,TT,AA,CG,GT,AA,CG,AA,GT,AT,GG,AA,CC,AA,TT,CC,CT,AC,CC,TT,CG,AG,NN,GG,CC,TT,TT,TT,GG,TT,AA,AC,AG,GG,CC,CG,GG,CC,GT,TT,AA,CC,TT,GG,CC,CC,AT,GG,CC,AA,CC,AA,AA,CC,CC,CC,TT,AA,GG,AA,AA,AA,NN,GG,NN,AG,AA,TT,GG,AA,AA,AC,AA,CT,AA,AA,CG,GG,GG,TT,AA,AA,GT,TT,TT,NN,TT,GG,GG,AC,3.17,Resistant,High,Premium,Early
L0419,Bengaluru Rural,Karnataka,Kharif,Red Sandy Loam,Rainfed,720,26.0,70,AC,TT,GG,GG,CG,CC,GT,TT,CC,CG,AA,CC,CC,AT,GT,GT,GG,TT,TT,AA,CC,TT,TT,CC,TT,CC,TT,TT,NN,AA,TT,CC,AA,CC,GG,GG,GG,CC,GG,CC,NN,TT,AA,GT,AG,GG,TT,AT,CG,AC,GG,AA,AA,GG,CC,TT,AT,AA,GG,AC,GG,TT,TT,NN,TT,TT,CC,GG,TT,GG,AG,GG,CC,AA,GG,AC,AT,GG,TT,TT,GG,GG,GT,CC,AA,GG,AA,AT,CC,TT,CC,GT,TT,TT,GT,AG,CC,AC,TT,CT,CT,GG,AG,AA,TT,TT,CG,AA,AA,AA,CT,GG,NN,CG,TT,AA,AC,TT,CC,AG,CC,GG,CC,GG,CC,AG,CC,CC,AC,CC,AA,TT,AC,AA,CC,CC,AA,AT,AA,AA,GG,CC,CC,GG,AA,AA,AA,AC,GG,CC,CC,AA,AA,GG,GT,GG,AA,TT,CT,GG,AC,GG,TT,TT,CC,AA,TT,TT,TT,AT,CG,CC,AG,CC,CC,AC,CG,CC,AA,GG,AA,CC,TT,CC,GT,GT,GG,AT,AA,AA,TT,CC,GG,AA,CC,CG,GG,GG,AA,CG,TT,CC,AA,CC,GG,AA,AC,AA,AT,GG,TT,TT,AT,GG,GT,AT,CC,TT,TT,AA,GG,AA,TT,CC,TT,CC,TT,AC,CC,TT,GG,AG,CG,AG,CC,TT,CT,GT,GG,TT,AC,CC,AA,GG,CC,CC,GG,CC,GG,AT,AA,CC,GG,GG,CC,CG,AA,AA,CG,AA,CC,AA,AA,AA,CG,AC,TT,AA,GG,AA,AC,AC,AA,AA,AA,AA,AA,TT,GG,AA,AG,AC,AA,CC,AA,AA,GG,AG,GG,TT,AA,AG,TT,TT,TT,AA,AA,GG,GG,AA,6.39,Moderate,Low,Premium,Medium
L0420,Bengaluru Rural,Karnataka,Kharif,Red Sandy Loam,Rainfed,720,26.0,70,AA,TT,AG,AA,GG,CC,GG,TT,CC,CG,AA,CC,CC,TT,TT,GG,GG,TT,TT,AA,CC,TT,TT,CC,TT,CC,TT,AT,GG,AA,TT,CC,AG,CC,GG,CG,GG,CG,GG,CC,TT,CT,AA,TT,AA,GG,TT,TT,CC,AA,GG,AA,AA,GG,CC,TT,AA,AC,GG,AA,AG,TT,AT,AA,TT,AT,CC,GG,TT,GT,AG,GG,CC,AA,GG,AC,AT,GG,TT,TT,GG,GG,GG,CC,AT,GG,AA,AA,NN,TT,AC,TT,CT,TT,GG,GG,TT,CC,GT,CC,CT,NN,AG,AA,TT,TT,CC,AA,AG,AA,CT,GG,TT,CC,GT,AC,AA,TT,CC,AA,CC,GG,CC,TT,TT,AA,CC,CC,AC,CC,AA,TT,CC,AA,CC,NN,NN,TT,AG,AA,GG,CC,CC,GG,AG,AA,AA,CC,GG,CC,CC,AA,AG,GG,TT,GG,AA,GT,CC,GG,CC,TT,NN,CT,CC,AT,GT,TT,AA,NN,GG,CC,AG,CC,CC,CC,CG,CC,AA,GG,AG,CC,TT,CC,GT,TT,CG,AT,AG,AA,GT,CC,GG,AA,CC,CC,GG,AG,AA,GG,CT,AA,AA,CC,GG,AT,CC,AA,AT,GG,TT,AA,TT,GG,GT,AT,CC,AT,TT,AT,GG,AA,TT,AA,TT,CC,TT,AC,CC,CT,GG,AA,CG,AG,CC,TT,TT,TT,GG,TT,AA,CC,AA,GG,CC,CC,GG,CC,GG,AT,AA,CG,GT,GG,CC,CC,AA,AG,CG,AT,CG,AA,AA,CC,CG,AA,NN,AA,GG,AA,AA,AC,AC,AG,AA,AA,AA,AT,GG,AA,AA,CC,NN,CT,AA,AA,GG,GG,GG,TT,AA,AA,TT,TT,TT,AG,AA,GG,CG,AA,2.0,Susceptible,Low,Premium,Late
L0421,Bengaluru Rural,Karnataka,Kharif,Red Sandy Loam,Rainfed,720,26.0,70,CC,TT,GG,GG,GG,CG,GT,AT,CC,CG,AA,NN,CC,TT,TT,GT,GG,TT,TT,AA,CC,GT,GT,CC,TT,CC,TT,AT,GG,AA,CT,CC,AA,AC,GG,GG,NN,CG,GG,CC,TT,CT,AA,TT,AG,GG,TT,AA,CC,CC,GG,AT,AA,GG,CT,GT,AA,AC,GG,AA,AG,TT,AT,AA,TT,TT,CC,GG,TT,GG,AA,GG,CC,AA,AG,AC,AT,GG,TT,TT,GG,GT,GT,CC,AT,AG,AA,AT,CC,TT,CC,GT,CC,AT,TT,GG,CT,NN,GT,CC,CT,GG,AA,AA,NN,TT,CC,AA,GG,AA,CC,GG,GT,CC,GT,AA,AA,TT,CC,GG,CG,GG,CT,GT,NN,AA,CC,CC,CC,CC,AA,TT,CC,AA,CC,CC,AA,TT,AA,AA,GG,NN,CC,GG,AA,AG,AA,AC,GG,CC,CC,AG,GG,AG,TT,AG,AA,TT,TT,GG,CC,GG,GT,TT,GG,AA,GT,TT,AT,TT,GG,CC,GG,CT,CC,CC,CG,CC,AA,GG,AG,CC,TT,CG,GG,TT,GG,AT,AA,AG,TT,CC,GG,AA,AC,CC,GG,GG,AC,GG,TT,AA,AA,CC,GT,AT,CC,AA,AT,GT,TT,AA,AA,GG,GG,AT,CC,TT,GT,AA,GG,NN,TT,AC,TT,CG,CT,AA,AC,CT,GG,AG,CC,AA,CC,AT,TT,GT,GG,TT,AA,CC,AA,GT,CC,CG,GG,CC,GG,TT,AA,CC,TT,GG,CC,CG,AA,AG,CC,NN,CC,AA,AA,AA,CC,CC,AT,AA,GG,AA,AA,AA,AA,AA,AG,AG,AA,AT,CG,AC,AG,AC,AA,CT,AA,AA,GG,GG,GG,NN,AA,AA,TT,TT,TT,AA,TT,GG,GG,AA,6.0,Resistant,Low,Premium,Medium
L0422,Bengaluru Rural,Karnataka,Kharif,Red Sandy Loam,Rainfed,720,26.0,70,AA,TT,GG,AG,GG,CC,GG,TT,CC,CC,AA,CC,CG,TT,TT,GG,GG,TT,TT,AA,CC,GT,TT,CC,TT,CC,TT,TT,GG,AA,TT,CC,AA,CC,GG,GG,GG,CC,GG,NN,TT,TT,AA,GT,AA,GG,TT,TT,CC,AC,GT,AA,NN,GG,CC,GT,AA,AC,GG,AA,AA,NN,AT,GG,TT,AT,CT,GT,TT,GG,GG,GG,CC,AA,GG,AA,TT,AG,TT,TT,GG,GG,GT,CC,AT,GG,AA,AA,CC,TT,CC,TT,CC,AT,TT,GG,CT,CC,TT,CC,CC,GG,GG,AA,TT,TT,NN,AA,AG,AC,CC,GG,TT,CC,TT,AC,AA,TT,CG,GG,CC,GG,CC,GT,TT,AA,CC,CC,AC,CC,AA,GT,AC,AC,AC,CT,AA,TT,AA,AT,GG,CC,CC,GG,AG,AA,AA,CC,GG,CC,CC,AA,AA,AG,TT,GG,AA,NN,TT,GG,CC,TT,TT,TT,CC,AA,TT,TT,AA,TT,GG,CC,AA,CC,CC,CC,GG,CC,AA,GG,NN,CC,TT,CC,GT,GT,GG,TT,AA,GG,TT,NN,GG,AA,AC,CC,GG,GG,AC,GG,TT,AC,AA,CC,GT,TT,CC,AT,AT,GG,TT,TT,AT,GG,GT,AA,CC,AT,GT,AA,GG,AA,CT,AA,TT,CC,CT,AC,CC,TT,CG,AG,CC,GG,CC,TT,TT,TT,GG,TT,AA,AC,AG,GG,CC,CC,GG,CC,GG,AT,AG,CC,TT,GG,CC,CC,AA,GG,CC,AA,CC,AT,AA,CC,CC,AC,TT,AA,GG,AA,AA,AC,AA,GG,GG,AA,AA,AT,CG,AA,AG,CC,AC,TT,AA,AA,GG,GG,GG,TT,AT,NN,GT,TT,TT,AG,TT,GG,GG,AA,5.71,Susceptible,Low,Premium,Medium
L0423,Bengaluru Rural,Karnataka,Kharif,Red Sandy Loam,Rainfed,720,26.0,70,AA,TT,AG,AG,GG,CC,GG,TT,CC,CC,AA,CT,CC,AT,GG,GG,GG,TT,TT,AA,CG,TT,GT,CC,TT,CC,TT,TT,GG,AA,CT,CC,AA,CC,GG,GG,GG,CC,GG,CC,TT,CT,AA,TT,AG,GG,TT,TT,CC,CC,GG,AA,AA,GG,CC,GT,AA,AA,TT,AA,AA,GT,TT,AG,TT,AT,CC,GG,TT,GT,AA,GG,CC,AA,GG,AC,AT,AG,TT,TT,NN,GG,GG,CC,AT,GG,AA,TT,CC,GT,AA,TT,CC,TT,GT,GG,TT,CC,GT,CC,CT,CC,AG,AA,TT,TT,CC,AA,AG,AA,CC,GG,TT,CC,GT,NN,AC,TT,CC,GG,CC,GG,CC,GG,CT,AG,CT,CC,CC,CC,AA,TT,CC,AA,CC,CC,AA,TT,AA,AA,GG,CC,CC,GG,AG,AA,AA,CC,TT,CC,CC,AA,AG,AG,GT,GG,AC,GT,CT,AG,CC,TT,GT,TT,CC,AA,TT,CT,AA,AT,GG,CC,AG,CC,CC,CC,CG,CC,AA,GG,AA,CC,GT,CC,GG,GT,GG,TT,AA,AA,GT,CC,CG,AA,CC,CC,GG,GG,AC,GG,TT,AC,AA,CC,GT,AA,CC,AA,AA,TT,TT,TT,AA,GG,GT,AA,CC,AT,TT,AA,GG,AA,TT,AA,TT,CC,CT,AC,CC,TT,GG,AA,CC,GG,CC,TT,TT,GT,GG,TT,AA,AA,AG,GG,CC,CC,GG,CC,NN,AT,AA,CC,GT,GG,CC,CC,AA,GG,CC,AA,CC,AA,AA,CC,CC,AC,AT,AG,GG,AA,AC,AA,AA,GG,AA,AA,NN,AT,GG,AA,AA,CC,AC,CT,AA,AA,GG,GG,CG,GG,AT,AA,TT,TT,TT,AG,TT,GG,GG,AA,4.18,Moderate,Low,Premium,Early
L0424,Bengaluru Rural,Karnataka,Kharif,Red Sandy Loam,Rainfed,720,26.0,70,AA,TT,GG,AA,CG,CC,GG,TT,CC,CG,AA,CC,CG,TT,GT,GT,GG,TT,TT,AA,CG,TT,NN,CC,TT,CC,TT,AT,GG,AA,TT,CC,AA,CC,GG,GG,GG,CG,GG,CC,TT,TT,AC,GT,AG,AG,TT,TT,CC,CC,GT,AA,AA,GG,CC,TT,AA,AC,GG,CC,AA,GT,AT,AA,CT,TT,CC,GG,TT,GG,AA,GG,CC,AA,GG,AA,AA,GG,TT,TT,GG,GG,GG,CC,AA,GG,AA,AA,CC,GG,CC,TT,CC,TT,GT,GG,TT,CC,TT,CC,CT,NN,AA,AA,AT,TT,CC,AA,AA,AC,CT,GG,TT,CG,TT,AC,AC,AT,CC,AG,CG,AG,NN,NN,TT,AG,CC,CC,CC,CC,AA,NN,CC,AA,CC,CC,AA,TT,NN,AA,GG,CC,CC,GG,AA,AG,AA,CC,GG,CC,CC,AA,AA,GG,GT,GG,AC,TT,CT,GG,CC,TT,TT,TT,CC,AT,GT,TT,AA,TT,GG,CC,AG,CT,CC,CC,CG,CC,AA,GG,AG,CC,TT,CC,GT,TT,GG,AT,AA,AA,GT,CC,GG,AC,CC,CC,GG,GG,CC,GG,TT,AA,AA,CC,GG,AA,CC,AA,AA,GG,TT,TT,AA,GG,GT,AA,CC,TT,GT,AA,GG,AG,CT,AA,TT,CC,CT,AC,CC,CT,CC,AG,CC,AG,CC,AT,CT,GT,GG,TT,AA,AA,AA,GG,CC,CC,GG,CC,GG,AT,AA,CC,TT,GG,CG,CC,AT,GG,CC,AA,CC,AT,AA,AC,CC,AC,TT,AA,CG,AA,AA,AA,AA,AG,AA,AA,AA,AT,CG,AA,AA,CC,AA,TT,AG,AA,GG,GG,GG,GT,AA,AA,TT,AT,TT,AG,TT,GG,GG,AA,2.28,Susceptible,High,Poor,Early
L0425,Bengaluru Rural,Karnataka,Kharif,Red Sandy Loam,Rainfed,720,26.0,70,AA,TT,GG,AG,GG,NN,GT,AT,CC,CG,AA,CC,CC,TT,GT,GT,CG,TT,TT,AG,CC,TT,GT,CC,TT,CC,TT,AT,GT,AA,TT,CT,AA,CC,AG,CG,GG,CC,GG,CC,TT,TT,AA,TT,AG,AG,TT,AT,CC,AC,GG,AA,AA,GG,TT,TT,AA,AC,GG,AC,AA,TT,AA,AA,TT,TT,CC,GG,TT,GG,AA,GG,AC,AA,AG,AA,AT,GG,TT,TT,GG,GG,GG,CC,AA,GG,AA,AA,CC,GT,CC,NN,CT,AT,TT,GG,TT,CC,TT,CC,CC,CC,AG,AA,TT,TT,CG,AA,GG,AA,TT,GG,NN,CC,TT,AC,AA,TT,CC,AG,CC,AG,CC,GG,TT,AG,CT,CC,AC,CC,AA,TT,CC,AA,CC,CC,AA,TT,AA,AA,GG,NN,CC,AG,AA,AG,AA,AC,GG,CC,CC,AA,AA,AG,TT,GG,AC,TT,CT,AA,CC,GT,TT,TT,CG,AA,TT,TT,AT,TT,GG,CC,AA,CC,CC,CC,CG,CC,AA,GG,AG,AC,TT,CG,GT,TT,GG,AT,AA,AG,GT,AC,CG,AC,AC,CC,GG,AG,AA,GG,TT,AC,AA,CC,GG,AT,CC,AA,AA,GG,TT,AT,AA,GG,GG,AT,CC,TT,TT,AA,GG,AA,TT,AA,TT,CC,TT,AC,CC,TT,GG,AG,CC,AG,AC,TT,TT,GT,GG,TT,AA,AC,AG,GG,CC,CC,GG,CC,GG,AT,AA,CC,TT,GG,CC,CC,AA,GG,CG,AT,CC,AT,AA,CC,CC,AC,AT,AA,GG,AA,AA,AA,AA,AG,AG,AA,AA,TT,GG,AC,AA,AC,AA,CC,AA,AA,GG,GG,GG,TT,AA,AA,TT,AT,TT,AG,TT,GG,CG,AA,2.94,Susceptible,Low,Standard,Medium
L0426,Bengaluru Rural,Karnataka,Kharif,Red Sandy Loam,Rainfed,720,26.0,70,AA,TT,AG,AG,GG,CC,GG,TT,CC,GG,AA,CC,CC,TT,TT,GG,CG,TT,TT,AA,CC,GG,TT,CC,AT,CC,GT,TT,GT,AA,TT,CC,AA,CC,GG,CG,GG,CC,GG,CC,TT,CT,AA,GT,AA,AG,TT,AT,CC,AA,GG,AA,AA,GG,TT,TT,AA,AC,GT,AA,AA,TT,AT,AG,TT,TT,CC,GG,TT,GT,AA,GG,CC,AA,AG,AA,AA,GG,TT,TT,GG,GT,GG,CC,TT,GG,AA,AA,GG,TT,CC,TT,CC,TT,TT,GG,CT,CC,TT,CT,CC,CG,AG,AA,TT,TT,CG,AA,AG,AA,CC,GG,TT,CC,GT,AA,AC,TT,CG,GG,CC,GG,CC,GG,TT,AA,CC,CC,AC,CC,AA,TT,CC,AA,CC,CC,AG,TT,AA,AA,GG,CC,CG,GG,AG,AA,AA,CC,GG,CC,CG,AG,AA,GG,TT,GG,AA,TT,CT,GG,CC,GT,GT,TT,CC,AT,GT,TT,TT,TT,GG,CC,AA,CT,CC,CC,GG,AC,AA,GG,AA,CC,TT,CG,GG,TT,CG,AT,AG,AA,TT,CC,GG,AC,AC,CC,GG,GG,CC,GG,TT,AC,AA,CC,GG,AA,CC,AA,AT,GT,TT,TT,AA,GG,GT,AA,CC,AT,TT,AT,GG,AA,CC,AA,TT,NN,CT,AA,NN,TT,GG,AG,CC,AG,AC,TT,TT,GT,GG,AT,AA,CC,AA,GG,CC,CG,GG,CC,GG,TT,AG,CG,TT,GG,CC,CC,AT,GG,CC,AA,CC,AA,AA,AA,CG,AA,TT,AG,GG,AA,AA,AC,AA,GG,GG,AA,AA,TT,GG,AA,AA,AC,AC,TT,AA,AA,GG,GG,GG,TT,AA,AA,GT,TT,TT,AG,TT,GG,CG,AA,4.47,Susceptible,Medium,Poor,Medium
L0427,Bengaluru Rural,Karnataka,Kharif,Red Sandy Loam,Rainfed,720,26.0,70,AA,TT,AG,AA,GG,CC,GG,AT,CC,CG,AA,CC,CC,TT,GT,GG,GG,TT,TT,AA,CG,TT,TT,CT,TT,CC,TT,AT,GT,AC,TT,CC,AA,AC,GG,GG,GG,CG,GG,CC,TT,CT,AA,GT,AG,GG,TT,TT,CC,AC,GG,AT,AA,GG,CT,TT,AA,AA,GG,AA,AA,TT,TT,GG,TT,TT,CC,GG,TT,GG,AG,GG,CC,AA,NN,AC,AA,AG,TT,TT,GG,GG,GG,CC,AA,GG,AA,AT,CC,TT,CC,GT,CT,AT,TT,GG,TT,AC,TT,CC,CC,GG,AG,AA,TT,TT,CG,AA,GG,AA,CC,GG,GT,CC,GT,AA,AA,TT,CC,AG,CC,GG,CT,GT,TT,NN,CC,CC,CC,CG,AA,TT,CC,AA,CC,CC,AA,AT,NN,AA,GG,CC,CC,GG,AA,AA,AT,CC,GG,CC,CC,AA,AG,AG,TT,GG,NN,TT,CT,GG,AC,TT,GT,TT,CG,AT,GT,TT,AT,TT,GG,CC,AA,TT,CC,CC,GG,AC,AA,GG,AA,CC,TT,CC,GG,TT,CG,AT,AA,AA,TT,CC,GG,AC,AC,CC,GG,AG,AC,GG,CT,AC,AA,CG,GG,AT,NN,AT,AT,GG,TT,NN,AA,CG,GG,AA,CC,TT,GT,AA,GG,AA,CT,CC,TT,CC,TT,AA,CC,CT,CG,AA,CC,AG,CC,AT,CC,GT,GG,TT,AC,AC,AA,GG,NN,CC,GG,CC,GG,AT,AA,CG,TT,AG,CC,CC,AA,AG,CC,AT,CG,AA,AA,AC,CC,CC,TT,AA,GG,AA,AA,AA,AA,AG,AA,AA,AA,AT,NN,AA,AA,AA,AA,TT,AA,AA,GG,GG,GG,TT,AT,AG,TT,TT,TT,GG,TT,GG,GG,AC,4.44,Resistant,High,Premium,Medium
L0428,Bengaluru Rural,Karnataka,Kharif,Red Sandy Loam,Rainfed,720,26.0,70,AA,TT,AG,AG,GG,CG,GT,AT,NN,CG,AA,CC,CC,TT,TT,GG,GG,AT,AT,AA,CG,TT,TT,CT,AT,CC,TT,AT,TT,AA,TT,CC,AA,CC,GG,GG,GG,CC,GG,CC,GT,TT,AA,GT,AG,AA,TT,TT,CC,CC,GT,AT,AA,GG,NN,TT,AA,AA,GT,AC,AA,TT,AT,AG,CT,AT,CC,GG,TT,GT,AG,GG,CC,AA,GG,CC,AA,GG,TT,TT,GG,GG,GG,CC,AT,GG,AG,AA,CC,TT,CC,TT,CT,TT,TT,GG,NN,CC,TT,CT,CC,GG,AG,AA,AT,TT,CC,AA,AG,AC,CC,GG,TT,CC,TT,AA,AA,TT,CG,AG,CC,GG,CC,GG,TT,GG,CC,CC,CC,CC,AG,TT,CC,AA,CC,CC,AA,TT,AA,AA,GG,CC,CC,GG,AA,AA,AT,CC,GT,CC,CC,AA,AA,GG,GT,GG,CC,GT,CC,GG,CC,GT,GT,TT,CC,AT,TT,TT,AA,TT,GG,CC,AA,CT,CC,CC,CC,CC,AA,GG,AA,CC,TT,CC,GG,TT,GG,AT,NN,AA,TT,CC,GG,AA,CC,CC,GG,GG,AC,GG,TT,AA,AG,CC,GG,AT,CC,AA,AT,GT,GG,AT,AA,CG,GG,AT,CG,AT,GT,AA,AG,AA,CC,AA,TT,CC,TT,AC,CC,CT,CC,AG,CC,GG,CC,AT,CT,TT,GG,TT,AA,AA,AG,GT,CC,CC,GG,CG,GG,NN,AA,CC,TT,GG,CC,CC,AT,GG,CC,AA,CC,AT,AA,CC,CG,CC,AA,AA,GG,AA,AA,AA,AA,AG,AG,AG,AA,TT,GG,AA,AA,CC,AA,TT,AA,AA,GG,GG,GG,TT,AA,AG,GT,TT,TT,AG,TT,GG,GG,AA,4.13,Resistant,High,Premium,Early
L0429,Bengaluru Rural,Karnataka,Kharif,Red Sandy Loam,Rainfed,720,26.0,70,AA,TT,GG,AG,GG,CG,GG,TT,CC,CC,AT,CT,CG,AT,TT,TT,GG,TT,TT,AA,CC,GT,GG,CT,TT,CC,TT,TT,GT,AA,CT,CC,AA,CC,GG,CG,GG,CC,GG,AC,TT,TT,AA,TT,AG,GG,CT,NN,CG,AA,GT,AA,AG,GG,CT,TT,AA,AC,GG,AA,AA,TT,AT,AG,TT,TT,CC,GG,TT,GG,AA,GG,CC,AA,GG,AC,TT,GG,TT,TT,GG,GG,GT,CC,AA,GG,AA,AA,CC,GT,CC,TT,CC,TT,TT,GG,TT,CC,TT,CC,CC,CG,AG,AA,NN,TT,CC,AA,GG,AC,CT,GG,TT,CC,GG,CC,AC,TT,NN,AA,CC,GG,CC,GT,TT,AA,CC,CC,CC,CC,AA,TT,CC,AA,CC,CC,AA,TT,AA,AA,GG,CC,CC,GG,AA,AG,AA,AC,GT,CC,CC,AA,GG,GG,GT,NN,AA,NN,TT,GG,CC,TT,TT,CT,CC,AT,TT,TT,AA,TT,CG,CC,AG,CT,CC,CC,CG,CC,AA,GG,GG,CC,TT,CC,GG,GT,CC,AA,NN,AG,TT,CC,CG,AA,CC,CC,CG,GG,AA,GG,TT,AA,AA,CC,GG,AA,CC,AA,AT,GG,TT,AA,AA,GG,GG,AT,CC,TT,GT,AA,GG,AA,TT,AA,AT,CC,TT,CC,NN,TT,GG,AG,CC,AG,AC,TT,TT,GG,GG,TT,AC,CC,AA,GG,CC,CC,GG,CG,GG,TT,AA,CC,GT,GG,CC,CC,AA,GG,CC,AT,CC,AA,AA,CC,CC,AC,TT,AA,GG,AA,AA,AA,AA,GG,AG,GG,AA,TT,GG,AA,AG,AC,AA,CT,AA,AA,GG,AG,GG,TT,AA,AA,TT,TT,TT,AG,AA,GG,GG,AC,5.03,Moderate,High,Premium,Late
L0430,Bengaluru Rural,Karnataka,Kharif,Red Sandy Loam,Rainfed,720,26.0,70,AA,TT,AA,AG,GG,CC,GT,AT,CC,GG,TT,CT,CG,TT,TT,GG,GG,TT,TT,AG,CC,GT,GT,CT,TT,CC,TT,TT,GT,AA,CT,CC,AA,CC,GG,CG,GG,CG,GG,CC,TT,TT,AA,TT,AA,AG,CT,TT,CC,NN,GG,AA,AG,GG,CC,GT,AA,AC,TT,AC,AG,TT,AA,AA,TT,AA,CC,GG,TT,GT,AG,GG,AC,AA,AG,AA,AA,GG,TT,TT,GG,GT,GG,CC,AA,GG,AA,AA,CC,TT,CC,TT,CC,TT,GT,GG,TT,CC,TT,CC,CC,CG,GG,AA,TT,TT,CC,AA,NN,AA,CC,GG,TT,GG,GT,AA,AA,TT,CC,GG,CC,GG,CC,GG,TT,AA,CT,CC,CC,CC,AA,TT,CC,AA,CC,CT,AA,AA,AA,AA,GG,CC,CC,GG,AA,AA,AA,CC,GG,CC,CG,AA,AA,AA,GT,GG,AC,GG,CT,GG,CC,TT,GT,TT,CG,AA,GT,TT,AA,TT,GG,CC,AG,TT,CC,CC,GG,CC,AA,GG,AG,CC,TT,GG,GG,TT,GG,TT,AG,AA,TT,AC,CG,AA,CC,CC,GG,GG,AC,CG,TT,AA,NN,GG,GT,AT,CC,AA,AT,GG,TT,TT,AA,CG,GT,AT,CC,AT,TT,AA,GG,AA,CT,AA,TT,GG,TT,AC,CC,TT,CG,AA,CC,AA,CC,TT,TT,GT,GG,AT,AA,AC,AG,GG,CC,CC,GG,CC,GG,AT,AG,CC,GT,GG,CC,CC,AA,GG,NN,AT,CC,AA,AA,CC,CC,AC,TT,AA,GG,AA,AA,AA,AA,AG,AA,NN,AA,TT,GG,AA,AG,AC,AC,TT,AA,AG,GG,GG,GG,TT,AT,AA,TT,TT,AT,AG,TT,GG,GG,AA,2.79,Susceptible,High,Standard,Medium
L0431,Bengaluru Rural,Karnataka,Kharif,Red Sandy Loam,Rainfed,720,26.0,70,AA,TT,GG,AA,GG,GG,GG,AT,CC,CC,AA,CC,GG,TT,GT,GT,GG,TT,AT,AG,CC,TT,TT,CC,TT,CC,GT,TT,GG,AA,CT,CC,AA,CC,GG,CG,GG,CG,GG,CC,TT,TT,AA,TT,AG,AG,TT,TT,CC,AC,GG,AA,AA,GG,CC,GT,AA,AC,TT,AA,AG,TT,TT,AG,TT,AT,CC,GT,TT,GG,AA,GG,AC,AG,GG,CC,AA,GG,GT,TT,GG,GT,GT,CC,AA,GG,AA,TT,CC,GT,AC,GT,CC,TT,TT,GG,CT,CC,GT,CT,CC,GG,AA,AG,TT,TT,CC,AA,AA,AA,CT,GG,TT,CC,TT,AA,AA,TT,CC,AG,CC,AG,CC,GT,CT,AA,CC,CC,CC,CC,AA,TT,CC,AA,CC,CC,AA,AT,AA,AA,GG,CC,CC,GG,AA,AG,AA,CC,GT,CC,CC,AA,AG,AG,TT,GG,AC,GT,TT,GG,CC,GT,TT,TT,CC,AA,GT,CT,AA,TT,GG,CC,GG,CC,CC,CC,CG,CC,AA,GG,AG,CC,TT,CG,GG,TT,GG,AT,AA,AA,GT,CC,GG,AA,AC,CC,NN,GG,AC,GG,TT,AA,AA,CC,GG,AT,CC,AA,AT,GG,GT,TT,NN,GG,GT,AA,CG,TT,GG,AA,GG,AA,TT,NN,TT,CC,CT,AA,CC,TT,GG,AG,CC,AG,CC,TT,TT,TT,GG,TT,AA,AC,AG,GG,CC,CG,GG,CC,GG,AT,AA,CC,GT,GG,CC,CC,AT,GG,CG,AA,CC,AT,AA,CC,CC,CC,AT,AA,GG,AA,AA,CC,AA,GG,AA,AA,AA,TT,GG,AA,AG,CC,AA,CT,AG,AG,GG,GG,GG,TT,AT,AA,TT,TT,TT,AA,TT,GG,GG,AA,5.5,Moderate,Low,Standard,Early
L0432,Bengaluru Rural,Karnataka,Kharif,Red Sandy Loam,Rainfed,720,26.0,70,AA,TT,GG,AG,GG,CC,GG,TT,CC,CC,AA,CC,CC,AT,GT,GG,GG,TT,TT,AG,CC,TT,TT,CC,TT,CC,GT,TT,GG,AA,TT,TT,AA,CC,GG,GG,GT,CC,GG,CC,TT,CT,AC,TT,AA,GG,TT,TT,CG,AC,GG,AA,AG,GG,CT,GT,AA,AA,TT,AA,AA,GT,AA,AG,TT,TT,CC,GG,TT,GG,AA,GG,CC,AA,GG,AA,AT,GG,TT,TT,GG,GT,GT,CC,AA,GG,AA,TT,CC,GT,CC,GT,CC,AT,TT,GG,TT,CC,GT,NN,CC,CC,AG,AA,TT,TT,CC,AA,AA,AA,CT,GG,TT,GG,TT,AC,AC,TT,CC,GG,CC,GG,CC,TT,CT,AA,CC,NN,CC,CC,AA,TT,AC,AA,NN,CC,AA,TT,AA,AT,GG,CC,CC,NN,AA,AA,AA,AC,GT,CC,CC,AG,AA,GG,GT,GG,AC,GT,CC,GG,CC,GT,TT,TT,CC,AT,TT,TT,AA,AT,GG,CC,AA,CT,CC,CC,GG,CC,AA,GG,AG,CC,TT,GG,GG,TT,GG,TT,AA,AA,TT,AC,GG,AA,CC,CC,GG,GG,AC,CG,TT,AC,AA,CC,GG,AT,AA,AA,AA,GG,TT,TT,AT,GG,GT,AA,CG,AT,GT,AA,GG,AA,TT,AA,NN,CC,TT,AC,CC,CT,GG,AG,CC,AG,AC,TT,TT,TT,GG,TT,AA,CC,AA,GT,CC,CC,GG,NN,GG,AT,AG,CC,GT,GG,CC,CG,AT,GG,CG,TT,CG,AA,AA,AC,CC,AA,TT,AG,GG,AA,AA,AC,AA,GG,GG,AA,AA,AT,CG,AC,AA,CC,AA,CT,AG,AG,GG,GG,GG,TT,AA,AG,TT,TT,TT,AG,TT,GG,GG,AC,0.4,Resistant,Low,Premium,Late
L0433,Bengaluru Rural,Karnataka,Kharif,Red Sandy Loam,Rainfed,720,26.0,70,AA,TT,GG,AA,GG,CC,GT,TT,CC,CC,AA,CC,CG,TT,TT,GG,GG,TT,TT,AA,CC,TT,TT,CC,TT,CC,TT,AT,GT,AC,TT,CC,AA,CC,GG,CG,GG,CC,GG,CC,TT,CT,AA,GT,GG,GG,TT,TT,CC,AC,GG,AA,AA,GG,CC,TT,AA,AA,GG,AC,AA,TT,AT,AG,TT,AT,CC,GG,TT,GT,GG,GT,AC,AA,AG,AA,TT,GG,TT,TT,GG,NN,GG,CC,AA,GG,AA,AA,CC,TT,CC,TT,CC,TT,TT,GG,TT,CC,GT,CC,CC,CC,AA,AA,TT,TT,CC,AA,AA,AA,CT,GG,TT,CG,TT,AA,AC,TT,CC,GG,CC,GG,CC,GG,TT,AG,CC,CC,CC,CC,AA,TT,CC,AA,CC,CC,AA,AT,AA,AA,GG,CC,CC,GG,AA,AA,AA,NN,TT,CC,CC,AG,AA,GG,GT,GG,AC,GT,CT,GG,CC,TT,TT,TT,CC,AA,GT,CT,AA,AT,GG,CC,AG,CC,CC,CC,GG,CC,AA,GG,AG,CC,TT,CC,GG,TT,GG,AT,AA,AG,TT,CC,GG,AA,CC,CC,GG,GG,AA,GG,TT,AA,AG,CC,GG,AA,CC,AT,AA,GG,TT,AT,AT,CG,GG,AA,CC,TT,GG,AA,GG,AA,CT,AA,TT,CC,TT,AA,CC,CC,GG,AG,CC,GG,CC,TT,TT,TT,GG,TT,AA,AC,AA,GG,CG,CC,GG,CG,GG,AT,AA,CC,TT,NN,CC,CC,AA,AG,CG,AA,CG,AT,AA,CC,CC,CC,TT,AA,GG,AA,AA,AC,AA,AG,AA,AA,AA,AT,CG,AA,AG,AC,AC,TT,AA,AA,GG,GG,CC,TT,AT,AA,GT,TT,TT,GG,NN,GG,GG,AA,3.9,Moderate,Low,Premium,Late
L0434,Bengaluru Rural,Karnataka,Kharif,Red Sandy Loam,Rainfed,720,26.0,70,AA,TT,AG,GG,GG,CC,GG,TT,CC,CC,AA,CC,CG,TT,TT,GG,CC,TT,TT,AA,CC,TT,TT,CC,TT,CC,TT,AT,GG,AA,TT,CC,AA,CC,GG,CG,GG,CC,GG,CC,TT,TT,AC,TT,AA,AG,CT,TT,CG,AA,GG,AA,AA,GG,CT,TT,AA,AC,GG,AC,AG,GT,AT,NN,TT,TT,CC,GG,TT,GT,AA,GG,AC,AA,AG,AA,AT,GG,TT,TT,AG,NN,GG,CC,AT,GG,AA,AA,CG,TT,AC,TT,CC,NN,GT,GG,TT,CC,TT,CC,CC,CC,GG,AA,TT,TT,CC,AA,AG,AA,TT,GT,TT,CC,TT,AA,AA,TT,CC,AG,CC,GG,CC,GT,TT,AG,CC,CC,CC,NN,AA,TT,AC,AA,CC,CC,AA,AT,AA,AA,GG,CC,CC,GG,AA,AA,AA,CC,GG,CC,CG,AA,AA,GG,TT,GG,AA,TT,TT,AG,NN,TT,TT,CT,CC,AT,GT,TT,TT,TT,GG,CC,GG,CC,CC,CC,NN,CC,AA,GG,GG,AC,TT,CC,GT,TT,GG,TT,AA,GG,TT,AC,GG,AA,CC,CC,GG,GG,AC,GG,TT,AA,AA,CC,GG,AT,AC,AT,AT,GG,TT,TT,AA,CG,GG,AA,CG,AA,GG,AA,GG,AA,TT,AC,TT,CC,TT,AC,CC,TT,CG,AA,CC,AG,CC,TT,TT,TT,GG,TT,AA,CC,AG,GG,CC,CG,GG,CC,GG,TT,AG,GG,TT,GG,CC,CC,AA,AG,CC,AA,CC,AA,AA,CC,GG,AC,TT,AA,GG,AA,AC,AA,AA,NN,GG,AG,AA,TT,CG,AC,AA,CC,AA,CT,AA,AA,CG,GG,GG,TT,AT,AA,GT,TT,TT,AG,AT,GG,GG,AC,4.71,Resistant,Low,Poor,Late
L0435,Bengaluru Rural,Karnataka,Kharif,Red Sandy Loam,Rainfed,720,26.0,70,AA,CT,AG,GG,GG,CC,GG,TT,CC,CG,AT,CC,NN,TT,TT,GG,GG,TT,TT,AA,CG,TT,TT,CC,TT,CC,TT,TT,GG,AA,TT,CC,AA,CC,GG,GG,GG,CC,GG,CC,TT,CT,AC,TT,AA,AG,TT,AT,CG,CC,GG,NN,AA,GG,CC,TT,AA,CC,TT,AA,AA,TT,AT,AA,CT,TT,CC,GG,TT,GG,AG,GG,CC,AA,GG,AA,AA,GG,TT,TT,GG,GG,GG,NN,AA,AG,AG,AT,CC,NN,AC,TT,CC,TT,TT,GG,TT,AC,TT,CC,CT,CG,GG,AA,TT,TT,CG,AA,AG,AC,CC,GG,TT,CC,TT,AA,AA,TT,CC,GG,CC,GG,CC,GT,CT,AA,CC,CC,CC,CC,AA,TT,AC,AA,CC,CC,AA,TT,AA,AT,GG,NN,NN,GG,AA,AA,AA,CC,GT,CC,CC,AA,AG,AG,TT,GG,AA,GG,CT,GG,CC,TT,TT,CT,CC,AA,GG,TT,AA,TT,GG,CC,AG,CC,CC,CC,CG,CC,AA,GG,AG,CC,TT,CC,GG,TT,GG,AT,AA,AG,TT,CC,GG,AA,CC,CC,GG,GG,AC,GG,TT,AC,AA,CG,GG,AT,CC,AA,AA,GG,GT,AT,AA,GG,GT,AA,CC,AT,GG,AA,GG,AA,CT,AA,TT,CC,TT,AA,CC,TT,GG,AG,CC,AA,AC,TT,TT,NN,GG,AT,NN,AC,AA,GG,CC,CG,GG,CC,GG,AA,AA,CC,GT,GG,CG,CC,AA,GG,CG,AT,CC,AT,AA,CC,CC,AC,TT,AA,GG,AA,CC,AA,AA,AG,AG,AG,AA,NN,GG,AC,AG,AC,AC,NN,AA,AA,GG,GG,GG,TT,AT,AA,GG,TT,TT,AG,TT,GG,NN,AA,3.45,Susceptible,Low,Standard,Early
L0436,Bengaluru Rural,Karnataka,Kharif,Red Sandy Loam,Rainfed,720,26.0,70,AA,TT,AG,AA,GG,CC,GT,TT,CC,CC,AA,CC,CG,AT,TT,GT,CG,TT,TT,AG,CG,GT,GG,CC,TT,CC,TT,TT,GG,AA,TT,CC,AA,CC,GG,CG,GG,CG,GG,CC,TT,CC,AA,TT,AG,AA,CT,TT,CC,AC,GT,AT,AA,GG,CT,TT,AA,AA,TT,AC,AA,GT,TT,AA,CT,AT,CC,GG,TT,GG,AA,GG,CC,AG,GG,AC,TT,GG,TT,TT,GG,GG,GT,AC,AA,AG,AA,AA,CC,GT,CC,TT,CC,TT,NN,GG,TT,AC,TT,CT,CC,CC,GG,AA,AT,TT,CC,AA,GG,AA,CC,GT,GT,CC,TT,AA,AA,TT,CC,GG,CC,NN,CC,GT,TT,AA,CC,CC,CC,CC,AA,TT,AC,AA,CC,CC,AA,AT,AA,AA,CG,CC,CC,GG,AA,AA,AA,AC,GG,CC,CC,AG,GG,GG,GT,GG,AC,GT,CT,AG,AC,TT,TT,TT,CG,AA,TT,TT,AA,TT,GG,CC,AG,CT,AC,CC,CG,CC,AA,GG,AG,CC,TT,CC,GT,TT,CG,TT,AA,GG,TT,CC,GG,AA,CC,CC,GG,GG,AA,GG,TT,AA,AA,CC,NN,AA,AC,AA,AA,GG,TT,TT,AT,CG,GG,AA,CC,TT,GT,AA,GG,AA,TT,AA,AT,CC,TT,AA,CC,CT,CG,AA,CG,AG,CC,TT,TT,GT,GG,AT,AC,CC,AA,GG,CC,CG,GG,CC,GG,AT,AA,CC,TT,GG,CC,CG,AA,GG,CG,AA,CG,NN,AG,CC,CG,AC,TT,AA,GG,AA,AA,AA,AA,NN,AA,AA,AG,TT,GG,AA,AG,AC,AA,CT,AA,AA,GG,GG,GG,TT,AT,AA,GT,TT,TT,GG,TT,GG,GG,AA,7.36,Susceptible,High,Poor,Late
L0437,Bengaluru Rural,Karnataka,Kharif,Red Sandy Loam,Rainfed,720,26.0,70,AC,CT,GG,AA,GG,CC,GT,AT,CC,CC,AA,CT,GG,TT,GT,GG,GG,TT,TT,AA,CC,GT,TT,CT,AT,CC,TT,TT,GG,AA,TT,CT,AA,CC,GG,GG,GG,CC,GG,CC,TT,TT,AA,NN,AA,AG,CT,AT,CC,AC,GG,AA,AA,GG,CC,TT,AA,AA,GT,AA,AA,TT,TT,AA,TT,TT,CC,GG,TT,GG,AA,GG,CC,AG,GG,AA,AA,AG,TT,TT,GG,TT,GT,CC,AA,GG,AA,AA,CC,GG,CC,TT,CC,TT,TT,GG,TT,CC,TT,CC,CT,CC,GG,AA,TT,TT,CC,AA,AA,AA,CC,GG,TT,CC,TT,AA,AC,TT,CC,GG,CC,GG,CT,GG,CT,AA,CC,CC,CC,CC,AA,TT,CC,AA,CC,CC,AA,TT,AA,AA,GG,CC,CC,NN,AA,NN,AA,CC,GG,CG,CC,AA,AG,AG,TT,AG,AC,GT,CT,GG,CC,GT,TT,TT,CG,AA,TT,TT,AT,TT,GG,CC,AA,CT,CC,CC,CG,CC,AA,GG,AG,CC,TT,CC,GT,TT,CG,TT,AA,NN,TT,AC,GG,AA,CC,CC,GG,GG,AC,GG,CT,AA,AA,CG,GG,AT,CC,AA,AA,GG,TT,TT,AT,GG,GG,AT,CC,TT,TT,AA,GG,AA,CT,AA,TT,CG,TT,AA,CC,TT,GG,AA,CC,GG,CC,TT,CC,GT,NN,TT,AA,NN,AA,GG,CC,CC,GG,CC,GG,TT,AA,CC,TT,GG,CC,CC,AT,GG,CG,AA,CC,AA,AA,AA,CC,AC,TT,AA,GG,AA,AA,AA,AA,GG,AG,GG,AA,AT,GG,AA,AG,CC,AA,TT,AG,AA,GG,GG,GG,GT,AA,AA,TT,TT,TT,AG,TT,GG,GG,AA,3.47,Moderate,Medium,Poor,Early
L0438,Bengaluru Rural,Karnataka,Kharif,Red Sandy Loam,Rainfed,720,26.0,70,CC,TT,GG,AA,GG,CC,GT,TT,CC,CC,AA,CC,CG,AT,TT,GT,GG,NN,TT,AA,CC,GT,GG,CC,TT,CC,GT,TT,GG,AA,TT,CC,AA,CC,GG,GG,GG,CC,GG,CC,TT,CT,AA,TT,AG,AA,TT,AT,CC,AA,GT,AT,AA,GG,CC,TT,AA,AC,GT,AA,AA,TT,TT,AG,TT,AT,CC,GG,TT,GG,AA,GT,CC,AA,GG,AA,AA,GG,TT,CT,NN,GT,GT,CC,AA,GG,AA,AA,CC,GT,AC,TT,CT,TT,TT,GG,TT,CC,GT,CC,CC,CG,AG,NN,TT,TT,CC,AA,AG,AC,CT,GG,TT,CC,TT,AA,AC,TT,CC,GG,CG,GG,CT,GT,CT,AA,CT,CC,NN,CC,AA,TT,CC,AA,CC,CC,AA,TT,AA,AA,GG,CT,CC,GG,AA,AG,AA,CC,GG,CC,CG,AA,AA,GG,TT,AG,AC,TT,CT,GG,AC,TT,GT,TT,GG,AT,GT,TT,AA,TT,GG,CC,AG,CC,AC,CC,CG,CC,AA,GG,AG,CC,TT,CC,GT,NN,CG,AT,AA,AA,TT,CC,GG,AA,AC,CG,GG,GG,AA,GG,CT,AC,AA,CC,GG,AA,AC,AA,AA,GG,TT,TT,AA,GG,GG,AT,CC,TT,TT,AA,GG,AA,TT,AA,NN,CC,CT,AC,AC,TT,CC,AG,CC,AG,NN,TT,TT,TT,GG,TT,AA,AC,AG,GG,CC,CG,GG,CC,GG,TT,AA,CC,GG,GG,CC,CG,AA,GG,CC,AT,CC,AT,AA,AC,CC,AC,TT,AA,GG,AA,AA,AC,AA,AG,GG,AA,AA,AT,GG,AC,AG,AA,AA,TT,AA,AA,GG,GG,GG,TT,AA,AA,GT,TT,TT,AG,TT,GG,GG,AA,5.05,Resistant,Medium,Poor,Medium
L0439,Bengaluru Rural,Karnataka,Kharif,Red Sandy Loam,Rainfed,720,26.0,70,CC,TT,GG,AG,GG,CC,GT,TT,CC,GG,AA,CC,NN,TT,TT,GG,GG,TT,TT,AA,CC,GT,TT,CC,TT,CC,TT,TT,GG,AA,TT,CT,AA,CC,GG,GG,GG,CG,GG,CC,TT,TT,AA,TT,AA,AG,TT,TT,CC,AC,GT,AT,AA,GG,CT,TT,AT,AA,GT,CC,AA,TT,TT,AA,TT,AT,CC,GG,TT,GG,AG,GT,CC,AA,AG,AA,AA,AG,GT,TT,GG,GG,GG,CC,AA,GG,AA,AA,NN,GT,CC,TT,CT,NN,TT,GG,TT,AC,TT,CC,TT,CC,AG,AA,TT,TT,CG,AA,AG,AA,CT,GG,TT,CC,TT,AA,AA,TT,CC,AG,CC,AG,CC,GG,TT,GG,CT,CC,CC,CG,AA,TT,CC,AA,CC,CT,AA,TT,AA,AT,GG,CC,CC,GG,AG,AA,AA,CC,GG,CC,CG,AA,AA,GG,TT,GG,AC,GT,TT,GG,AC,TT,TT,TT,CC,AA,GT,TT,AA,TT,GG,CC,AA,CC,CC,CC,GG,CC,AA,GG,AA,CC,TT,CC,GG,TT,GG,AT,AA,AA,TT,CC,GG,AA,CC,CC,GG,GG,AC,GG,TT,AC,AA,CC,GG,AA,CC,AA,AT,GT,TT,TT,TT,GG,TT,AT,CC,AA,GT,AA,GG,AA,TT,AA,AT,CC,TT,AA,CC,CT,CG,GG,CG,GG,AC,TT,CT,TT,GG,AT,AA,AC,AA,GG,CC,CG,GG,CC,GG,TT,AA,CC,TT,GG,CG,CC,AA,AG,CG,AA,CG,AA,AA,AC,CC,AC,NN,AA,GG,AA,AA,AA,AA,AG,AG,AA,AA,TT,GG,AC,AG,CC,AC,CT,AA,AA,GG,GG,CG,TT,AT,AG,TT,TT,TT,AA,TT,GG,CG,AA,3.77,Susceptible,Medium,Poor,Medium
L0440,Bengaluru Rural,Karnataka,Kharif,Red Sandy Loam,Rainfed,720,26.0,70,AC,TT,NN,GG,GG,CC,GG,TT,CC,NN,AT,CC,CG,TT,TT,GG,CC,TT,TT,AG,CC,TT,GT,CT,TT,CC,GT,TT,GG,AA,TT,CC,AA,CC,GG,GG,GG,CG,GG,AC,TT,CT,AC,TT,AG,GG,TT,TT,CC,CC,GT,AA,AA,GG,CC,TT,AA,AA,GG,AA,AA,NN,AT,AA,CT,TT,CC,GG,TT,GT,AA,GG,CC,NN,AG,AA,AA,GG,TT,TT,GG,GT,GG,CC,AA,GG,AA,AA,CG,TT,CC,TT,CC,TT,TT,GG,CC,CC,TT,CC,CC,CC,GG,AG,TT,TT,CC,AA,AA,AA,CC,GG,GT,CC,GT,AA,AA,TT,CC,GG,CG,GG,CC,NN,TT,AA,CC,CC,CC,CC,AA,TT,AC,AA,CC,CC,AA,NN,AA,AA,GG,CT,CC,GG,AA,AA,AA,AC,GT,CC,CC,AA,AA,AG,TT,AG,AA,GG,TT,GG,CC,TT,GT,TT,CC,AA,TT,TT,AT,TT,CG,CC,GG,TT,CC,CC,CG,CC,AA,GG,AG,CC,TT,CC,GT,TT,CG,TT,AA,AA,TT,CC,GG,AA,CC,CC,GG,GG,AC,GG,TT,AC,AA,CC,GT,AA,AC,AT,AT,GG,TT,AA,AT,GG,GT,AA,CC,NN,GT,AA,GG,AA,TT,AA,TT,CC,TT,AA,CC,TT,GG,AA,CG,GG,CC,NN,CT,GT,GG,TT,AC,AA,AG,GG,CC,CC,GG,CC,GG,AT,AA,CC,GT,GG,CC,CC,AA,GG,CG,AT,CG,AA,AA,AC,CG,AC,TT,AA,CG,AA,AC,AC,AA,AG,AG,AA,AG,TT,GG,AA,AG,CC,AA,CT,AA,AA,GG,GG,GG,GT,AA,AA,TT,TT,TT,AG,AT,GG,GG,AC,4.44,Resistant,High,Premium,Late
L0441,Bengaluru Rural,Karnataka,Kharif,Red Sandy Loam,Rainfed,720,26.0,70,NN,CT,GG,AG,GG,CC,GG,AT,CC,GG,AA,CT,CC,TT,TT,GT,GG,TT,TT,AA,CC,TT,GT,CC,TT,CT,GT,TT,GG,AA,TT,CC,AA,CC,GG,GG,GG,CG,NN,AC,TT,CC,AA,TT,AA,AA,TT,AT,CC,AA,GG,TT,AA,GG,CC,TT,AA,CC,GT,AA,AG,TT,AT,AA,TT,AT,CC,GG,TT,GG,AA,GT,CC,AA,AG,AC,AT,GG,TT,TT,GG,GT,GG,CC,AA,GG,AA,AA,CC,GT,CC,TT,CC,TT,GT,GG,TT,CC,GT,CT,CC,GG,GG,AA,TT,TT,CC,AA,AG,AA,CC,GG,TT,CC,TT,AA,AA,AT,CC,AG,CC,AG,CC,GG,CT,AA,CC,CC,CC,CC,NN,TT,CC,AA,CC,CC,AA,AT,AA,AA,GG,CT,CC,GG,AA,AA,AA,CC,GT,CC,CC,AA,NN,GG,GT,GG,AA,TT,TT,GG,CC,TT,GT,TT,CC,AA,GT,CT,AT,AA,GG,CC,AA,CT,CC,CC,CG,AC,AT,GG,AG,NN,TT,CC,TT,GT,CG,AT,AA,AA,TT,CC,GG,AA,CC,CC,GG,GG,AC,GG,TT,AC,AA,CC,GT,AA,AC,AA,AA,GG,TT,TT,AT,CG,GT,AT,CG,AT,GT,AA,GG,AA,TT,AA,TT,CC,TT,AC,CC,CT,GG,AG,CG,NN,CC,TT,CT,GT,GG,TT,AA,AC,AG,GG,CC,CG,GG,CC,GG,AT,AA,CC,TT,GG,NN,CC,AA,GG,CC,AA,CC,AA,AA,CC,CC,CC,TT,AA,GG,AA,AA,AA,AC,AG,AG,AA,AA,TT,GG,AA,NN,AC,AA,CT,AA,AA,GG,GG,GG,GT,AA,AA,TT,TT,AT,AA,TT,CG,GG,AC,2.91,Moderate,Medium,Standard,Medium
L0442,Bengaluru Rural,Karnataka,Kharif,Red Sandy Loam,Rainfed,720,26.0,70,NN,CT,GG,AA,CG,CC,GG,TT,CC,GG,AA,CC,CG,TT,NN,GG,GG,TT,TT,AA,CG,GT,TT,CT,TT,CC,TT,TT,GG,AA,TT,CC,AA,CC,GG,CG,GG,CC,GG,CC,TT,CC,AA,GT,AA,AG,CC,TT,CC,AC,GG,AA,AG,GG,CC,NN,AT,AC,TT,AA,AG,TT,TT,AG,TT,AT,CC,GG,TT,TT,AA,GG,CC,AA,GG,AA,AT,GG,TT,TT,GG,GG,GG,CC,AA,GG,AA,AA,CC,GG,AC,TT,CC,TT,TT,AA,TT,CC,GT,CC,CC,CC,AG,AA,TT,GT,CG,AG,AA,AA,TT,GG,TT,CC,TT,AA,AA,TT,CC,AG,CC,GG,TT,GG,CT,AA,CC,NN,AC,CC,AA,TT,CC,AA,CC,CC,AA,TT,AA,AA,GG,CT,CC,GG,AA,GG,AA,AC,GT,CC,CC,AA,AA,GG,GT,GG,AA,GT,TT,GG,AC,TT,GG,CT,CC,TT,TT,TT,AA,TT,GG,CG,AA,CC,AC,CC,CG,CC,AA,GG,AA,CC,TT,CG,GT,TT,CG,AT,AA,AA,TT,CC,CC,AA,CC,CG,GG,GG,CC,GG,TT,AA,AA,CC,GG,AA,AC,AT,AA,GT,NN,TT,AT,GG,GT,AA,CC,TT,GT,AA,AG,AA,TT,AA,TT,CC,TT,AA,CC,TT,NN,AA,CG,AA,CC,TT,TT,GT,GG,TT,AA,AC,AG,GG,CC,CG,GG,CG,GG,AT,NN,CC,TT,AG,CG,CC,AT,GG,CC,AA,CG,AT,AA,AC,GG,AC,AT,AA,GG,AA,AA,AA,AA,AG,AG,AA,AA,TT,GG,AA,GG,AA,AA,TT,AA,AA,GG,GG,CC,TT,AA,AA,TT,TT,TT,AG,TT,GG,GG,AA,4.31,Susceptible,Low,Standard,Medium
L0443,Bengaluru Rural,Karnataka,Kharif,Red Sandy Loam,Rainfed,720,26.0,70,AC,TT,AG,AA,GG,CC,GG,TT,CC,GG,AA,CC,GG,TT,TT,GG,CC,TT,TT,AG,CC,TT,GT,CT,TT,CC,TT,AT,GG,AC,TT,CC,AA,CC,GG,CG,GT,CC,GG,CC,TT,CT,AA,TT,AG,GG,TT,TT,CC,AC,GG,AA,AA,GG,CT,TT,AA,AA,TT,AC,AG,GT,AT,GG,CT,AT,CC,GG,CT,GT,AA,GG,CC,AA,AG,AC,AT,GG,TT,TT,GG,GT,GG,CC,AA,AG,AA,AA,CC,TT,AC,GT,CT,TT,TT,GG,TT,CC,GG,CC,CC,CG,AG,AA,TT,TT,CC,AA,AG,AC,CT,GG,TT,CG,GT,CC,AA,TT,CC,GG,CC,GG,CC,GT,TT,AG,CC,CC,CC,CC,AG,GT,CC,AA,CC,CC,AA,TT,AA,AA,GG,CC,CC,GG,AG,AG,AA,AC,GG,CC,CC,AA,AA,AG,TT,GG,AC,TT,CT,GG,AC,NN,TT,CT,CC,AA,GT,TT,AA,AT,GG,CC,AA,CC,CC,AC,CG,CC,AA,GG,AA,CC,TT,CC,GT,TT,GG,TT,AA,AA,TT,CC,GG,AA,AC,CC,GG,AG,AC,GG,TT,AC,AA,CC,GT,AT,CC,AA,AT,GG,TT,AT,AT,NN,GT,AA,CC,AT,TT,AA,GG,AA,TT,AA,TT,CC,CT,AA,AC,TT,GG,AA,CG,AG,CC,TT,TT,GT,GG,TT,AA,NN,AG,GG,CC,CC,GG,CC,GG,TT,AG,CG,GT,GG,CC,CG,AA,GG,CC,AT,CC,AA,AA,AC,CG,AC,TT,AA,GG,AA,AA,AA,AA,NN,AA,AA,AA,AT,GG,AA,AA,CC,AC,CT,AA,AG,GG,GG,GG,TT,AA,NN,GT,TT,TT,AA,AT,GG,GG,AA,2.9,Susceptible,Low,Poor,Late
L0444,Bengaluru Rural,Karnataka,Kharif,Red Sandy Loam,Rainfed,720,26.0,70,AC,CT,GG,AA,GG,CC,NN,TT,CC,CG,AA,CC,CC,AT,TT,GG,GG,TT,TT,AA,CC,TT,TT,CT,TT,CC,NN,TT,GG,AA,TT,CC,AA,CC,GG,GG,GG,GG,GG,CC,TT,CT,AC,TT,AA,AG,TT,AT,CC,CC,GG,AA,AA,GG,CT,GT,AT,CC,GG,AA,AA,TT,TT,AA,TT,AT,NN,GG,TT,GG,AA,GG,AC,AA,GG,AC,AT,GG,GT,TT,GG,GG,GG,CC,AT,GG,AA,AT,CC,GT,AC,TT,CC,AT,TT,GG,CT,CC,GT,CC,CC,CC,GG,AA,TT,TT,CC,NN,AG,AA,NN,GG,TT,CC,TT,AA,AA,TT,CC,GG,CC,GG,CC,GT,TT,AA,CC,CC,CC,CC,AG,TT,AC,AA,CC,CC,AA,TT,AG,AA,GG,CT,CC,GG,AA,GG,AA,AC,GT,CC,CC,AA,AA,GG,TT,GG,AA,TT,NN,GG,CC,TT,TT,TT,CC,AA,TT,TT,AA,TT,GG,CC,AG,TT,CC,CC,CG,CC,AA,GG,AG,CC,TT,CC,GT,TT,GG,AT,AA,AG,TT,CC,GG,AC,AC,CC,GG,GG,AC,GG,TT,AC,AA,CC,GG,AT,AA,AA,AT,GT,TT,TT,AT,GG,GT,AA,CC,NN,TT,AA,GG,AA,TT,AA,TT,CC,CC,AA,CC,TT,GG,AG,CG,AA,AC,TT,TT,TT,GG,TT,AA,CC,AA,GG,CC,CC,GG,CC,GG,AT,AA,NN,NN,GG,CC,CC,AT,AG,CC,AA,CC,AA,AA,AC,CG,CC,TT,AA,GG,AA,AC,AC,AA,GG,AA,AA,AA,AT,GG,AA,AA,CC,AC,CT,AA,AA,GG,AG,GG,TT,AT,AA,GG,TT,TT,AA,AT,GG,GG,AA,6.4,Susceptible,High,Premium,Late
L0445,Bengaluru Rural,Karnataka,Kharif,Red Sandy Loam,Rainfed,720,26.0,70,AC,TT,AG,NN,GG,CC,GG,TT,CC,CC,AA,CT,CG,TT,GT,GG,GG,TT,TT,AG,CC,TT,GG,CT,TT,CC,GT,TT,GG,AA,TT,CC,AA,CC,GG,GG,GG,CG,GG,CC,TT,CT,AA,TT,AA,GG,TT,AT,CC,AA,GG,AA,AA,GG,CC,TT,AA,AC,GG,AC,AA,GT,AT,AG,CT,TT,CC,GG,TT,GT,AA,GG,CC,AA,GG,AC,AT,NN,TT,TT,GG,GG,GG,CC,AA,AG,AA,AA,CC,GG,AC,TT,CC,AT,TT,GG,TT,CC,TT,CC,CC,CC,AG,AA,TT,TT,CC,AA,AG,AC,CC,GG,TT,CC,TT,AA,AA,TT,CC,AA,CG,GG,CC,GG,CT,AA,NN,CC,CC,CC,AA,TT,CC,AA,CC,CC,AA,TT,AG,AT,GG,CC,CC,GG,AG,AG,AA,CC,GG,CC,CC,AA,AG,GG,TT,GG,AC,TT,CT,GG,AC,TT,GT,CT,CC,AA,TT,TT,AA,TT,GG,CC,AG,CT,CC,AC,CC,CC,AA,GG,GG,CC,TT,CC,GG,TT,GG,TT,AA,NN,GT,CC,GG,AA,AA,CC,GG,GG,NN,GG,TT,AC,AA,CC,GG,AA,CC,AA,AT,GG,TT,AT,AA,CG,GT,AT,CC,TT,GG,AA,GG,AA,TT,AA,TT,CC,TT,AA,CC,CT,GG,AA,CC,AG,CC,TT,TT,GT,GG,TT,AA,AC,AG,GG,CC,CC,GG,CC,GG,TT,AA,CC,GT,GG,CC,CG,AA,GG,CC,AT,CC,AT,AA,CC,GG,AC,TT,AG,NN,AA,AA,CC,AC,AG,AG,AA,AA,TT,GG,AC,AG,AC,AA,CT,AG,AA,GG,GG,GG,TT,AA,AA,GT,TT,TT,AG,AT,GG,CG,AA,4.44,Susceptible,Low,Premium,Early
L0446,Bengaluru Rural,Karnataka,Kharif,Red Sandy Loam,Rainfed,720,26.0,70,CC,TT,GG,AG,GG,CC,GG,TT,CC,CC,AA,CT,CC,TT,TT,GT,CG,TT,TT,AA,CC,GT,GT,CC,TT,CC,TT,AT,GG,AA,TT,CC,AA,CC,GG,GG,GG,CG,GG,CC,TT,CT,AA,TT,AG,AA,TT,TT,CC,AC,GG,AA,AG,GG,CC,TT,AT,CC,GG,AC,AA,GT,TT,AA,TT,AT,CC,GG,TT,GG,AA,GG,CC,AA,GG,AC,AT,GG,GT,TT,GG,GG,TT,CC,AT,GG,AG,AA,CC,GT,AC,TT,CT,TT,TT,GG,TT,CC,GT,CC,CT,CC,AG,AG,AT,TT,CC,AA,AA,AA,CC,GG,TT,CC,TT,AA,AC,TT,CC,AG,CC,GG,CC,GT,TT,AG,CC,CC,CC,CC,AA,TT,AC,AA,CC,CT,AA,TT,AA,AA,GG,CT,CC,GG,AA,AG,AA,CC,GG,CC,CG,AG,AA,AG,TT,GG,AA,TT,CT,GG,CC,TT,TT,TT,CC,AA,TT,CT,AA,TT,GG,CC,AA,CT,CC,CC,CG,CC,AA,GG,AA,CC,TT,CC,GT,TT,GG,TT,AG,AG,TT,CC,GG,AA,AC,CC,GG,GG,AC,GG,TT,AC,AA,CC,GG,AA,CC,AA,AT,GG,GT,AA,AT,GG,GT,AT,CC,TT,TT,AA,GG,AA,TT,AC,AT,CC,TT,AC,CC,CT,GG,AG,CC,GG,CC,TT,TT,GT,GG,TT,AA,AA,NN,GG,CC,CC,GG,CC,GG,AT,AA,CC,TT,GG,CC,CC,AA,GG,CC,AA,CC,AT,AA,CC,CC,AC,TT,AA,GG,AA,AA,AC,AA,GG,AG,AA,AA,TT,GG,AA,AA,AC,AA,CC,AA,AA,GG,GG,GG,TT,AA,AA,TT,TT,TT,AG,AA,GG,GG,AA,6.19,Susceptible,High,Standard,Late
L0447,Bengaluru Rural,Karnataka,Kharif,Red Sandy Loam,Rainfed,720,26.0,70,AC,TT,GG,AG,GG,CC,GG,AT,CC,CC,AA,CC,CC,AT,TT,GG,GG,TT,TT,AG,CG,TT,GG,CC,TT,CC,TT,AT,GT,AA,TT,CT,AA,CC,GG,GG,GG,CC,GG,CC,TT,CC,AC,TT,AA,AG,TT,TT,CC,AA,GT,AT,AA,GG,CC,TT,AA,AA,GG,AC,AA,TT,TT,AA,TT,TT,CC,GG,TT,GG,AA,GG,CC,AA,GG,AC,AA,GG,GT,TT,GG,GG,GG,CC,AA,GG,AG,AA,CC,GT,CC,TT,CC,TT,GT,GG,TT,CC,TT,CC,CC,CG,GG,AA,AT,TT,CC,AA,AG,AA,CC,GG,TT,CG,GG,AA,AA,TT,CG,GG,CC,AG,CC,NN,TT,AA,CC,CC,CC,CC,AA,TT,AC,AA,CC,CC,AA,AT,AA,AA,CG,CC,CG,GG,AG,GG,AA,AC,GT,CC,CC,AA,AA,GG,TT,GG,AC,GT,TT,GG,AC,GT,GG,TT,CG,AA,GG,CT,AA,AT,GG,CC,AG,CC,CC,CC,CG,AC,AA,GG,AG,CC,TT,CG,GG,TT,GG,TT,AA,AA,TT,CC,GG,AA,CC,CC,GG,GG,AC,GG,TT,AC,AA,CC,GT,AA,CC,AA,AT,GG,TT,AT,AA,CG,TT,AT,CC,TT,GT,AA,GG,AA,TT,AA,TT,CC,CT,AC,CC,CT,CG,AG,CC,AA,CC,TT,TT,TT,GG,TT,AA,AA,AA,GT,CC,CG,GG,CC,GG,AT,AA,CC,TT,GG,CC,CC,AA,AG,CC,AA,CC,AA,AA,CC,CC,AC,TT,AA,NN,AA,AA,AA,AA,AG,AG,AA,AA,TT,GG,AA,AA,CC,AA,CT,AA,AA,CC,GG,CG,TT,AA,AA,TT,TT,TT,AG,AT,GG,CG,AA,4.96,Susceptible,Low,Standard,Early
L0448,Bengaluru Rural,Karnataka,Kharif,Red Sandy Loam,Rainfed,720,26.0,70,AC,CC,GG,AA,NN,CC,GG,TT,CC,CG,AT,CC,CG,TT,TT,GG,CC,TT,TT,AG,CG,TT,GT,CT,TT,CC,TT,TT,GG,AA,TT,CC,AA,CC,GG,CG,GG,CG,GG,CC,TT,CT,AA,GT,AA,GG,TT,TT,CC,AC,GG,AA,AA,GG,CC,TT,AA,AC,GG,AC,AA,GT,TT,AA,TT,TT,CC,GG,CT,GT,AA,GT,CC,AA,GG,AC,AT,AG,GT,TT,GG,GG,GG,CC,AT,GG,AA,AA,CG,GG,CC,TT,CC,TT,TT,AG,TT,CC,GT,CT,CC,CG,NN,AG,TT,TT,CG,AA,AG,AA,CC,GG,TT,CG,GT,AA,AC,TT,CC,AG,CC,GG,CC,GT,CT,AA,CC,CC,CC,CC,AA,TT,CC,AA,CC,CC,AA,TT,AA,AA,GG,CT,CC,GG,AA,AG,AA,CC,GT,CC,CC,AA,AA,AG,TT,GG,AA,TT,CT,GG,CC,GT,TT,TT,CC,TT,NN,TT,AT,AT,GG,CG,AG,TT,CC,AC,GG,CC,AT,GG,AG,CC,TT,CG,GT,TT,CG,AT,AA,AA,TT,CC,GG,AC,AC,CC,GG,GG,AC,GG,TT,AC,AG,CC,GG,AA,CC,AA,AT,GG,TT,AT,AT,GG,TT,AA,CG,TT,GT,AA,GG,AA,TT,AA,TT,CC,TT,AA,CC,TT,GG,AG,CG,AG,CC,TT,CT,TT,GG,AT,AC,CC,AG,GG,CC,CC,GG,CC,GG,TT,AA,CC,TT,GG,CC,CG,AA,GG,CC,AA,CG,AA,AA,AC,GG,CC,TT,AA,NN,AA,AA,AC,AA,AG,AG,AG,AA,TT,GG,AA,AA,CC,AA,CT,AA,AA,CG,GG,GG,TT,AT,AG,GT,TT,TT,AA,AT,GG,GG,AA,4.09,Susceptible,Medium,Premium,Late
L0449,Bengaluru Rural,Karnataka,Kharif,Red Sandy Loam,Rainfed,720,26.0,70,AC,TT,GG,GG,GG,CC,GG,AT,NN,CC,AA,CT,CG,TT,GG,GG,GG,TT,TT,AA,CC,NN,NN,CC,TT,CC,TT,NN,GT,AA,TT,CC,NN,CC,GG,GG,GG,GG,GG,CC,TT,TT,AA,TT,AA,AA,TT,AT,CC,CC,GG,AA,AA,GG,CC,TT,AA,AA,GG,AC,AA,TT,AA,AG,TT,TT,CC,GG,TT,GT,GG,GG,CC,AA,GG,AA,TT,GG,TT,TT,AG,GG,GG,CC,AA,GG,AA,AA,CC,GT,AC,TT,CC,TT,TT,GG,CT,CC,TT,CC,CC,CC,AA,AA,TT,TT,CC,AA,AA,AA,CC,GG,TT,CC,TT,AA,AC,TT,CC,GG,CG,GG,CC,GG,TT,AG,CT,CC,CC,CC,AA,TT,AC,AA,CC,CC,AA,AT,AA,AT,NN,CC,CC,GG,AA,AG,AT,CC,GG,CC,CC,AA,AA,GG,TT,GG,AC,TT,TT,AG,CC,TT,GT,CT,CC,AA,GG,TT,AA,TT,GG,CG,AG,CC,AC,CC,GG,CC,AA,AG,AA,CC,TT,CC,GG,GT,GG,AA,AA,AA,TT,CC,GG,AC,CC,CC,GG,GG,AA,CG,TT,AA,AG,CG,GG,AT,CC,AA,AA,GG,TT,TT,AA,CG,GT,AT,CC,AA,GT,AA,GG,AA,TT,AA,TT,CC,TT,CC,CC,TT,GG,AG,CC,AA,CC,TT,TT,GT,GG,NN,AC,CC,AA,GG,CC,CC,GG,CC,GT,TT,AA,CC,GT,GG,CC,CC,AA,AG,CC,AA,CC,AT,AA,AA,CG,AC,TT,AA,GG,AA,AA,AA,AA,GG,AG,AA,AA,TT,GG,AC,AG,CC,AC,CT,AA,AA,GG,AG,CG,TT,NN,AA,TT,TT,TT,AA,TT,GG,GG,AA,4.2,Susceptible,Medium,Standard,Early
L0450,Bengaluru Rural,Karnataka,Kharif,Red Sandy Loam,Rainfed,720,26.0,70,AA,CT,GG,AA,GG,CC,GG,TT,CC,CC,AA,CC,CG,TT,TT,GG,CG,TT,TT,AG,CG,GT,TT,NN,TT,CT,TT,TT,GT,AA,NN,CT,AA,CC,NN,CG,GG,CC,GG,CC,TT,TT,AA,TT,AA,GG,TT,AT,CC,AC,GG,AA,AA,GG,CT,TT,AA,AA,TT,AA,AA,GT,AT,AG,TT,AA,CC,GG,TT,GG,AA,GG,CC,AA,GG,AA,AA,GG,TT,TT,GG,GG,GT,CC,AA,NN,AA,AA,CC,TT,CC,TT,TT,TT,GT,GG,TT,CC,TT,CT,CC,CC,GG,AA,TT,GT,CC,AA,AA,AA,CC,GG,TT,CG,TT,AA,AA,TT,CC,GG,CC,GG,CC,GG,CT,AG,CC,CC,AC,CC,AA,TT,CC,AA,CC,CT,AA,TT,AA,AT,GG,CT,CC,GG,AA,AG,AA,AC,GG,CC,CC,AA,AA,AG,GT,GG,CC,TT,CC,GG,AC,GG,TT,TT,CG,AT,GT,TT,AT,AT,GG,CC,AG,CC,CC,CC,GG,CC,AA,GG,AG,CC,TT,CC,GG,GT,GG,AA,NN,AG,TT,CC,GG,AA,AC,CC,GG,GG,AA,GG,TT,AC,AA,CC,GG,AA,CC,AA,AA,GG,TT,TT,AA,CG,GT,AA,CC,TT,GT,AA,GG,AA,TT,AA,TT,CC,TT,AC,CC,CT,GG,AG,CC,AG,CC,NN,CT,TT,GG,TT,AC,AC,AG,GG,CC,CG,GG,CC,GG,AA,AA,CG,GT,GG,CC,CC,AA,AG,CG,AT,CC,AA,AA,AC,GG,CC,TT,AA,GG,AA,AA,AC,AA,AA,AA,AG,AA,AT,GG,AA,NN,AC,AA,CT,AA,AA,CG,GG,GG,TT,AT,AG,GT,TT,TT,AA,TT,GG,NN,AA,4.43,Susceptible,Low,Poor,Late
L0451,Bengaluru Rural,Karnataka,Kharif,Red Sandy Loam,Rainfed,720,26.0,70,CC,TT,GG,AG,GG,CC,GG,AT,CC,CG,AA,CC,CG,TT,TT,GT,GG,TT,TT,AA,CC,TT,GT,CC,TT,CC,GT,TT,GT,AA,TT,CC,AA,CC,GG,GG,GG,CC,GG,CC,TT,CT,NN,TT,GG,GG,CT,TT,CC,CC,GG,AA,AA,NN,CC,GT,AA,AC,TT,AC,AA,TT,AT,AG,TT,TT,CC,GG,TT,GT,AG,GT,CC,AA,GG,AC,AA,GG,TT,TT,GG,GG,GG,CC,AA,GG,AA,AA,CC,GT,CC,TT,CC,TT,TT,GG,TT,CC,GT,CC,CC,GG,AG,AA,TT,TT,CC,AA,AG,AA,TT,GG,TT,CC,TT,AA,AA,TT,CC,AG,CC,GG,CC,GG,TT,AA,CC,CC,CC,CG,AA,TT,CC,AA,CC,CC,AA,TT,AA,NN,GG,CC,CC,GG,AG,AA,AT,CC,GG,CC,CC,AA,AA,GG,TT,GG,AA,TT,CT,AG,NN,GT,GT,CT,CG,AA,TT,CT,AT,TT,CG,CC,AA,CC,CC,CC,GG,CC,AA,GG,GG,CC,TT,CG,GT,GG,GG,AT,NN,AA,TT,AC,GG,AA,CC,CC,GG,NN,AC,CG,TT,AA,AA,CC,GT,AA,AC,AA,AA,GT,TT,TT,AA,GG,GG,AT,CC,TT,TT,AA,GG,AA,CC,AA,TT,CC,NN,AC,CC,CT,CG,GG,CC,AA,CC,AT,CT,GT,CG,TT,AC,AA,AA,GG,CC,CG,GG,CG,GG,AT,AA,CC,GG,GG,CC,CC,AA,GG,CC,AT,CC,AA,AA,AC,CC,AC,TT,AA,GG,AA,AA,AC,AA,AG,AA,AG,AG,AT,GG,AC,AG,AC,AA,TT,AG,AG,GG,AG,GG,TT,AT,AA,NN,TT,TT,AA,AT,GG,CG,AA,2.89,Moderate,Medium,Standard,Medium
L0452,Bengaluru Rural,Karnataka,Kharif,Red Sandy Loam,Rainfed,720,26.0,70,AA,TT,GG,GG,GG,CC,GG,TT,CC,CC,AA,CT,CC,AT,TT,GT,CG,TT,TT,AA,CG,TT,TT,CC,TT,CT,TT,TT,GG,AA,CT,CC,AA,CC,GG,CC,GG,CC,GG,CC,TT,TT,AA,TT,AG,GG,TT,TT,CC,CC,GG,AA,AA,GG,CC,GT,AA,AA,TT,AA,AA,GT,TT,AG,TT,TT,NN,GG,CT,GG,AA,GG,CC,AA,GG,AC,AA,GG,NN,TT,GG,GG,GT,CC,AA,GG,AA,AA,CG,TT,AC,TT,CC,TT,NN,GG,TT,CC,GT,CC,CC,CC,GG,AA,TT,TT,CC,NN,NN,CC,CC,GG,TT,CC,TT,AA,AA,TT,CC,AG,CC,GG,CC,GT,CT,AA,CC,CC,CC,CG,AA,TT,CC,AA,CC,CC,AA,AA,AA,AT,GG,CC,CC,GG,AA,AG,AA,CC,GT,CC,CC,AA,AG,GG,GT,GG,AA,TT,CT,NN,CC,GT,GT,CT,CG,AA,GT,CT,TT,TT,GG,CC,GG,CT,CC,CC,GG,CC,AA,GG,AA,CC,TT,CC,GG,GT,GG,TT,AG,AG,TT,AC,GG,AA,CC,CC,GG,GG,AA,GG,TT,AA,AA,CC,GT,AA,CC,AT,AT,GG,GT,TT,AA,GG,GG,AT,CC,AT,TT,AA,GG,AA,TT,AA,TT,CC,TT,CC,CC,TT,GG,AA,CC,AA,CC,AT,TT,GT,GG,AT,AC,CC,GG,GG,CC,CC,GG,CC,GG,AT,AA,CC,GG,GG,CC,CC,AA,GG,CC,AA,CC,AA,AA,AC,GG,CC,TT,AG,GG,AA,AA,AC,AA,GG,AG,AG,AA,TT,GG,AA,AA,CC,AC,TT,GG,AG,GG,GG,GG,TT,AT,AG,TT,TT,TT,AG,AT,GG,GG,AA,3.95,Moderate,High,Premium,Early
L0453,Bengaluru Rural,Karnataka,Kharif,Red Sandy Loam,Rainfed,720,26.0,70,CC,TT,GG,AG,GG,CC,GG,TT,CC,CC,AA,CC,CG,AA,TT,GG,CG,TT,TT,AA,CC,GT,GT,CC,TT,CC,TT,TT,GG,AA,TT,CC,AA,CC,AG,GG,GG,CG,GG,CC,TT,NN,AA,GT,AG,GG,TT,AT,NN,NN,GG,AT,AG,GG,CC,TT,AA,AA,GT,AC,AA,TT,TT,AA,TT,TT,CC,GG,TT,GT,AA,GT,CC,AA,AG,AC,AT,GG,TT,TT,GG,GT,GG,CC,AA,GG,AA,NN,CC,GG,CC,GT,CC,TT,TT,GG,CT,AC,GG,CC,CC,CC,AG,AA,TT,TT,CC,AA,AG,CC,CT,GG,TT,CC,TT,AA,AC,TT,CC,GG,CC,GG,CC,TT,CC,AG,CT,CC,CC,CG,AA,TT,AC,AA,CC,CC,AA,TT,AA,AA,GG,CC,CC,GG,AA,AG,AA,AC,GG,CG,CC,AG,AG,GG,GT,GG,AC,GT,CC,GG,AC,TT,TT,TT,CG,TT,GT,CT,AA,AT,CG,CC,AG,CT,CC,AC,CC,CC,AA,GG,AG,CC,TT,CC,GT,GT,GG,TT,AA,GG,TT,AC,GG,AA,CC,CG,GG,AG,AC,GG,TT,AC,AG,CC,GG,AA,CC,AA,AA,GG,TT,TT,AT,GG,GT,AT,CC,AT,GT,AA,GG,AA,TT,AA,TT,CC,CT,AC,CC,TT,CG,AA,CC,AG,CC,TT,CC,TT,GG,TT,AA,CC,AA,GG,CG,CC,GG,CC,GG,TT,AA,CC,GT,GG,CC,CC,AA,GG,CC,NN,CC,AA,AA,CC,GG,CC,TT,AA,GG,AA,AA,AC,AA,AG,AA,AG,AA,TT,GG,AA,AA,CC,AA,TT,AA,AA,GG,GG,GG,TT,NN,AA,GT,TT,AT,AA,TT,GG,GG,AA,4.56,Moderate,Medium,Standard,Medium
L0454,Bengaluru Rural,Karnataka,Kharif,Red Sandy Loam,Rainfed,720,26.0,70,AC,CT,GG,GG,CG,CC,GT,TT,CC,CC,AA,CC,CG,TT,TT,GG,CG,TT,TT,AA,CC,GT,TT,CT,TT,CT,TT,TT,GG,AA,TT,CC,AA,CC,GG,CG,GG,CC,GG,CC,TT,CT,AA,TT,AG,GG,TT,TT,CC,AA,GT,AT,AA,GG,CT,TT,AA,AA,GT,AA,AA,TT,AA,AG,TT,TT,NN,GG,TT,GT,AG,GG,CC,AG,GG,AA,AA,GG,TT,TT,GG,GG,GG,CC,AT,GG,AA,AT,CC,GT,CC,TT,CC,TT,TT,GG,TT,CC,GG,CC,CT,CC,GG,AG,TT,TT,CC,AA,AA,AA,CC,GG,TT,CC,TT,AA,AC,TT,CG,GG,CG,GG,NN,GT,TT,AA,CT,CC,CC,CC,AA,TT,CC,AA,CC,CT,AA,TT,NN,AT,NN,CC,CC,GG,AA,AA,AA,CC,GT,CG,CC,AA,AA,NN,TT,AG,AA,GT,CC,GG,AC,GT,TT,TT,CG,AA,TT,TT,AA,TT,GG,CC,AG,CC,CC,CC,GG,CC,AA,GG,AG,CC,TT,CC,GG,TT,NN,AT,AA,AA,TT,AC,NN,AA,CC,CG,GG,GG,AC,GG,TT,AC,AA,CC,GG,AA,AA,AA,AA,GG,TT,AA,AA,GG,GT,AA,CC,NN,GG,AA,GG,AA,CT,AA,TT,CC,TT,AA,CC,CT,GG,AA,CG,AG,CC,TT,CT,GT,GG,TT,AA,AC,AA,GG,CC,CC,GG,CC,GG,AT,AA,CC,GT,GG,CC,CC,AA,GG,CG,AA,CG,AT,AA,AC,CC,CC,AT,AA,GG,AA,AA,AA,AA,AG,AA,AA,AA,TT,GG,AC,AA,AC,AC,CT,AA,AA,GG,GG,GG,TT,AA,AA,TT,TT,TT,AA,TT,GG,CG,AA,1.82,Moderate,Medium,Standard,Medium
L0455,Bengaluru Rural,Karnataka,Kharif,Red Sandy Loam,Rainfed,720,26.0,70,AA,TT,GG,AA,GG,CC,GG,TT,CC,CG,AA,CC,CG,AT,TT,GG,CG,NN,TT,AA,CC,TT,GT,CC,AA,CC,TT,NN,GG,AA,CT,CC,AA,CC,GG,GG,GG,CC,GG,CC,TT,CT,AA,TT,AG,AG,TT,AT,CC,AC,GT,AA,AG,GG,CC,GT,AA,AA,GT,AA,AA,GT,AT,AG,TT,AA,CC,GG,TT,GG,AA,GG,CC,AA,GG,AA,AA,GG,TT,TT,GG,GT,GG,CC,AA,GG,AA,AA,CC,GT,CC,TT,CT,TT,TT,GG,TT,CC,GT,CC,CT,GG,NN,AA,AT,TT,CG,AG,AG,AA,CT,GG,TT,CC,TT,NN,AA,TT,CC,AG,NN,AG,CC,GG,TT,AG,CC,CC,CC,CC,AA,TT,CC,AA,CC,CC,AA,AT,AG,AA,GG,CC,CC,GG,AA,AG,AA,AC,GG,CC,CC,AA,AG,AG,TT,GG,NN,GT,CT,GG,AC,GT,GT,TT,CC,AT,GT,TT,AT,TT,CG,CC,AA,CT,AC,CC,GG,AC,AA,GG,AG,CC,TT,CG,GT,NN,GG,AT,AA,AG,TT,CC,GG,AA,CC,CC,GG,AG,AC,GG,TT,AA,AA,CC,GG,AT,CC,AA,AT,GG,TT,AT,AT,GG,GG,AA,CG,AT,GG,AA,GG,AA,TT,AA,TT,CC,CT,AA,CC,CT,CG,AG,CC,AG,CC,AT,CC,GT,NN,TT,AA,NN,AA,GG,CC,CC,GG,CC,NN,AT,AA,CC,TT,GG,CC,CC,AA,GG,CC,AA,CC,AT,AA,AA,CG,AC,TT,AA,GG,AA,AC,AC,AA,AA,AA,AA,AA,TT,CG,AA,AG,CC,AA,CT,AA,AG,GG,GG,GG,TT,AA,AG,TT,TT,TT,AA,AT,GG,CG,NN,4.0,Susceptible,High,Poor,Late
L0456,Bengaluru Rural,Karnataka,Kharif,Red Sandy Loam,Rainfed,720,26.0,70,AC,TT,GG,AG,GG,CC,GG,TT,CC,CC,AA,CT,CC,TT,TT,GT,CG,TT,TT,AA,CG,NN,TT,CC,TT,CC,TT,AT,GG,AA,TT,CC,AA,CC,GG,CG,GG,CG,GG,CC,TT,CT,AC,TT,AA,GG,TT,TT,CC,CC,NN,AA,AA,CG,CT,TT,AA,CC,GT,AC,AA,TT,TT,AG,TT,TT,CC,GG,TT,GG,AG,GG,AC,AA,GG,NN,AA,GG,TT,TT,GG,GG,GT,CC,AA,GG,AA,AA,CC,TT,AC,TT,CC,TT,TT,GG,TT,CC,TT,CT,CT,CG,AG,AA,TT,GT,CC,AA,AG,AA,CC,GG,TT,CC,GT,CC,AC,TT,CC,AG,CC,AG,CC,GG,TT,AG,CT,CC,CC,CC,AG,TT,CC,AA,CC,CC,AA,TT,AA,AT,GG,TT,CC,GG,AA,GG,AA,CC,NN,CC,CG,AA,AA,GG,GT,GG,AC,TT,TT,GG,CC,GT,TT,TT,CC,AA,GT,CT,AA,TT,GG,CC,AG,NN,CC,CC,CG,CC,NN,AG,AA,CC,TT,CC,NN,TT,CG,TT,AA,AA,TT,CC,CG,AA,AC,CC,GG,GG,AA,GG,TT,AC,AA,CG,GG,AT,CC,AA,AA,GG,TT,AT,AA,CG,GT,AA,CC,AT,GT,AA,GG,AA,TT,AA,TT,CC,TT,AC,CC,TT,GG,AA,CG,AG,CC,TT,TT,GG,GG,TT,AA,AC,AA,GG,CC,CC,GG,CC,GG,AT,AA,CC,GT,GG,CC,CC,AT,AG,GG,TT,CC,AA,AA,CC,CG,AC,TT,AA,GG,AA,AA,AA,AA,AG,AA,AG,AA,AT,GG,AA,AG,CC,AC,TT,AA,AA,CG,GG,GG,TT,AA,GG,GT,TT,TT,AA,AT,CG,CG,AA,7.24,Susceptible,High,Premium,Early
L0457,Bengaluru Rural,Karnataka,Kharif,Red Sandy Loam,Rainfed,720,26.0,70,AA,TT,GG,AA,GG,CC,GG,TT,CC,CC,AT,CT,CC,AA,TT,GG,GG,TT,NN,AG,CG,GT,TT,CC,TT,CC,TT,TT,GG,AA,TT,CT,AA,CC,GG,GG,GG,CG,GG,CC,TT,TT,AA,TT,AA,AA,TT,TT,CC,AC,GG,AA,AA,GG,CC,TT,AA,AC,GG,AC,AA,TT,AT,AG,CT,TT,CC,GG,TT,GG,NN,GG,CC,AA,GG,CC,AA,GG,TT,TT,GG,GG,GG,CC,AA,GG,AA,AT,CC,GT,CC,TT,CC,TT,TT,AG,CT,AC,GT,CC,CC,CC,AG,AA,TT,TT,CC,AG,AG,AA,CT,GG,TT,CG,GT,AA,AC,TT,CC,AG,CG,GG,CC,GT,CT,AG,CC,CC,AC,CC,AA,TT,CC,AA,CC,TT,AA,NN,AG,AA,GG,CC,CC,GG,AA,GG,AA,CC,GG,CC,CC,AA,AG,AG,TT,GG,CC,GT,TT,GG,CC,TT,GT,CT,CG,AA,TT,TT,AA,AT,GG,CC,AA,CT,CC,CC,GG,CC,AA,GG,AA,CC,TT,CC,GT,TT,GG,AA,AG,AG,TT,CC,CG,AA,CC,CC,GG,GG,AC,GG,TT,AC,AA,CC,GG,AA,AC,AA,AA,GT,TT,AT,AT,CG,TT,AT,CC,AT,TT,AA,GG,AA,TT,AA,TT,CC,CT,AC,AC,TT,CG,AG,CG,GG,CC,TT,TT,TT,GG,TT,AC,AC,AG,GG,CC,CG,GG,CC,GG,TT,AA,CC,GT,GG,CC,CC,AT,GG,CC,AT,CC,AA,AA,AC,CG,CC,TT,AG,GG,AA,AC,AC,AA,AA,AA,AA,AA,AT,GG,AA,AA,AA,AC,TT,AA,AG,GG,AG,GG,TT,AT,AA,GT,TT,TT,AA,TT,GG,GG,AA,2.31,Susceptible,Low,Poor,Medium
L0458,Bengaluru Rural,Karnataka,Kharif,Red Sandy Loam,Rainfed,720,26.0,70,AC,TT,GG,AG,GG,GG,GG,TT,CC,CC,AA,CC,CG,AT,TT,NN,GG,TT,TT,AG,CC,TT,GG,CC,TT,CC,GT,TT,GG,AA,TT,CC,AG,CC,GG,CG,NN,CC,GG,CC,TT,CT,AA,TT,AG,GG,TT,TT,CC,AC,GT,AA,AG,GG,CC,GT,AA,AA,GG,AC,AA,GT,TT,AG,TT,AA,CC,GG,TT,GG,AG,GG,CC,AA,GG,AA,TT,GG,TT,TT,GG,GT,GG,CC,AA,AG,AA,AA,CC,GT,AC,NN,CC,TT,TT,GG,CC,CC,GT,CC,CC,CC,AG,AA,TT,TT,CC,AA,AG,AA,CC,GG,TT,CC,GT,AA,AA,TT,CC,AA,CC,GG,CC,GT,CT,AA,NN,CC,CC,CC,AA,TT,CC,AA,CC,CC,AA,TT,AA,AA,GG,CC,CC,GG,AA,AA,AA,CC,GG,CC,CC,AA,AA,GG,GT,GG,CC,TT,CT,GG,CC,TT,TT,CT,CC,AT,GT,TT,AA,AA,GG,CC,AA,CC,CC,CC,CG,CC,AA,GG,AA,CC,TT,CC,GT,GT,GG,TT,NN,AA,TT,AA,CG,AA,CC,CC,GG,GG,AC,GG,TT,AA,AA,CC,GG,AT,AC,AA,AT,GG,GT,TT,AA,CG,GG,AA,CC,TT,GT,AA,GG,AA,TT,AA,TT,CC,CT,AA,CC,CT,CG,AA,CC,AA,CC,TT,TT,TT,GG,TT,AA,AC,AA,GG,CC,CC,GG,CC,GG,TT,AG,CC,TT,GG,CG,CC,AT,GG,CC,AA,CC,AT,AA,CC,CG,AC,TT,AG,GG,AA,AA,AA,AA,AG,AG,AA,AA,TT,GG,AC,AG,AC,AA,TT,AA,AA,NN,AG,GG,TT,AA,AA,GT,TT,TT,AA,AA,GG,NN,AA,4.9,Susceptible,Low,Premium,Medium
L0459,Bengaluru Rural,Karnataka,Kharif,Red Sandy Loam,Rainfed,720,26.0,70,AC,TT,GG,AA,GG,CC,GT,AA,CC,CG,AA,CC,CC,TT,TT,GG,GG,TT,TT,AA,CG,GT,GT,CC,TT,CC,TT,TT,GG,AA,TT,CT,AA,CC,GG,GG,GG,GG,GG,CC,TT,CT,AA,TT,AA,GG,CT,TT,CC,AC,GT,AA,AA,GG,CT,TT,AA,AC,GT,AA,AA,GT,AT,AA,TT,AT,CC,GG,TT,GG,GG,GT,CC,AA,GG,CC,AT,AG,GT,TT,GG,GG,GT,CC,AT,GG,AA,AA,CC,TT,CC,TT,CC,TT,TT,GG,TT,AC,TT,CT,CC,CC,GG,AA,AT,TT,CC,AA,AG,AA,CT,GG,GT,CC,NN,AA,AC,TT,CC,GG,CC,GG,CC,GG,TT,AG,CC,CC,AC,CC,AA,TT,CC,AA,CC,CC,AA,NN,AA,AT,GG,CC,CC,GG,AG,GG,AA,CC,GG,CC,CC,AA,AA,GG,TT,AG,AA,TT,CT,AG,CC,TT,GT,TT,CC,AT,TT,CT,AT,TT,GG,CG,AG,CC,CC,CC,GG,CC,AA,AG,AA,CC,TT,CG,GT,GT,CG,TT,AA,AA,GT,CC,GG,AA,AC,NN,GG,GG,AA,GG,CT,AA,AA,CC,GG,AA,CC,AA,AT,GT,TT,TT,AA,GG,GT,AT,CC,TT,GT,AA,GG,AA,TT,AA,NN,CC,TT,AC,CC,TT,CG,GG,CC,AG,CC,AT,TT,TT,GG,TT,AA,AC,AA,GG,CC,CG,GG,CC,GG,TT,AA,CG,GT,GG,CG,CC,AT,AG,CG,AA,CG,AT,AA,CC,NN,AA,TT,AA,CG,AA,AC,AC,AA,AG,AG,NN,AA,AT,GG,AC,GG,AC,AA,CT,AA,AA,CG,AG,GG,TT,AA,AG,TT,TT,TT,AG,AT,GG,CG,AA,4.6,Susceptible,Medium,Premium,Early
L0460,Bengaluru Rural,Karnataka,Kharif,Red Sandy Loam,Rainfed,720,26.0,70,AC,TT,GG,AA,GG,CC,NN,TT,CC,CC,AA,CT,NN,TT,TT,TT,GG,AT,TT,AA,CC,GT,TT,CC,TT,CC,TT,TT,GG,AA,TT,CC,NN,CC,GG,CG,GG,CC,GG,CC,TT,TT,AC,GT,GG,GG,CT,TT,CC,AC,GT,AA,AG,GG,CC,GT,AT,CC,GT,AC,AA,TT,TT,AA,CT,AT,CC,GG,TT,GT,AG,GG,NN,AA,AG,CC,AT,GG,GT,TT,GG,GT,GT,CC,AA,GG,AA,AT,CC,TT,AC,TT,TT,TT,TT,AG,TT,AC,TT,CC,TT,GG,AG,AA,TT,TT,CC,AA,AA,AA,CC,GG,TT,CC,TT,AC,AA,AT,CC,GG,CC,GG,CC,GT,TT,AA,CC,CC,CC,CC,AA,TT,CC,AA,CC,CC,AA,AT,AA,AA,GG,CC,CC,GG,AA,AA,AT,CC,GG,CC,CC,NN,AA,GG,GT,GG,AA,TT,TT,GG,AC,TT,GG,CT,CG,AT,TT,CT,AA,TT,GG,NN,AG,CT,CC,CC,GG,CC,AA,GG,NN,AC,TT,CC,GG,TT,GG,AA,AA,AA,TT,CC,CG,AA,CC,CC,GG,GG,AA,GG,TT,AA,AA,CC,GG,AA,CC,AA,AT,GT,TT,TT,AA,GG,GG,AT,CC,AT,TT,AA,GG,AG,TT,AA,TT,CC,TT,AA,AC,CT,GG,AA,CC,AG,CC,TT,TT,GG,NN,TT,AA,AC,AA,GG,CG,CC,GG,CG,GG,AT,AA,CC,GT,GG,CC,GG,AA,GG,CC,TT,CC,AA,AA,AA,CG,CC,TT,AA,GG,AA,AC,AA,AA,AG,AG,AG,AA,TT,GG,AC,GG,AC,AA,CT,AA,AA,NN,AA,GG,TT,AA,NN,GT,TT,AT,AA,AT,GG,GG,AA,4.34,Susceptible,High,Premium,Late
L0461,Bengaluru Rural,Karnataka,Kharif,Red Sandy Loam,Rainfed,720,26.0,70,AC,TT,GG,AA,GG,CC,TT,AT,CC,CC,AA,CT,CG,AT,GT,GG,GG,TT,TT,AA,CC,GT,TT,CC,TT,CC,GT,TT,GG,AA,TT,CC,AA,CC,GG,GG,GG,CC,GG,CC,TT,CT,AA,GT,AG,GG,NN,AT,CC,AC,GG,AA,AA,GG,CC,GT,AA,AA,GG,AA,AA,TT,AT,GG,CT,AT,CC,GG,TT,GT,AA,GG,CC,AA,GG,AC,AA,GG,TT,TT,GG,GG,GG,CC,AA,GG,AA,AA,CC,GT,CC,TT,CT,TT,TT,GG,TT,CC,GT,CC,TT,CG,AG,AA,TT,TT,CC,AA,AG,AA,CC,GG,TT,CC,TT,AA,AA,TT,CC,AA,CC,AG,CC,GT,TT,GG,CC,CC,CC,CC,AA,TT,CC,AA,CC,CC,AA,TT,AG,AA,CG,CC,CC,GG,AA,AA,AA,AC,GG,CC,CC,AA,AA,GG,TT,GG,AC,TT,CT,AG,CC,GT,TT,TT,CC,AT,TT,TT,AA,AA,CG,CC,AG,TT,CC,CC,CG,CC,AA,GG,AG,CC,TT,CC,TT,TT,GG,TT,AA,AA,TT,CC,GG,AA,CC,CC,GG,GG,CC,GG,TT,NN,AA,CC,GG,AA,CC,AA,AT,GG,TT,TT,AA,GG,TT,AT,CC,AT,GT,AA,GG,AA,CT,AC,TT,CG,TT,CC,AC,CT,GG,AA,CC,GG,CC,TT,TT,TT,GG,TT,AA,AC,AA,GG,CC,CG,GG,CC,GG,NN,AA,CG,TT,GG,CC,CC,AT,GG,CC,AA,NN,AA,AA,CC,CC,AA,TT,AA,GG,AA,AA,AA,AA,AG,AA,AA,AA,TT,GG,AA,AA,CC,AA,TT,AA,AA,GG,GG,GG,TT,AT,AG,TT,TT,TT,AA,TT,GG,GG,AA,2.6,Susceptible,High,Premium,Late
L0462,Bengaluru Rural,Karnataka,Kharif,Red Sandy Loam,Rainfed,720,26.0,70,AA,TT,AG,AA,GG,CC,GT,TT,CC,GG,AT,CC,CG,TT,TT,GG,CG,TT,TT,AA,CC,TT,GT,CC,TT,CC,TT,TT,GG,AA,TT,CC,AA,CC,GG,GG,GG,CG,GG,CC,TT,CT,AC,TT,AA,AG,TT,TT,CC,AC,GT,NN,AA,GG,CC,GT,AA,AC,GT,AC,AA,TT,AA,AA,CC,TT,CC,GG,TT,GG,AG,GG,CC,AA,GG,AC,AT,GG,TT,TT,GG,GT,GT,CC,AA,GG,AA,AA,CC,GT,CC,TT,CC,TT,TT,AG,TT,AC,TT,CC,TT,CG,GG,AA,TT,TT,CG,AG,AG,AA,CC,GG,TT,CC,TT,AA,AA,TT,CC,GG,CG,GG,CC,GG,TT,AG,CC,CC,CC,CG,AA,TT,CC,AA,CC,CC,AA,AT,AA,AT,GG,CT,CC,GG,AA,AA,AA,CC,GG,CC,CC,AA,AA,GG,NN,GG,AC,GT,TT,AG,AA,GT,TT,CT,CC,AA,TT,TT,AA,TT,GG,CC,AA,CT,CC,CC,CG,CC,AA,GG,AG,CC,TT,CC,GG,TT,CG,AT,AA,NN,GT,CC,GG,AA,CC,CC,CG,GG,AA,GG,TT,AC,AA,CC,GG,AA,AC,AA,AT,GG,TT,TT,AA,GG,GG,AT,CC,TT,TT,AA,GG,AA,TT,AA,TT,CC,CT,AA,CC,CT,GG,AA,CG,GG,AC,TT,TT,GT,GG,TT,AA,AC,AA,GG,CC,CC,GG,CC,GG,AT,AA,CC,TT,GG,CC,CC,AT,AG,CG,NN,CC,AA,AA,CC,CG,CC,AT,AA,GG,AA,AA,AC,AA,GG,AG,AA,AA,TT,CC,AC,AA,AC,AC,TT,AA,AA,CG,GG,CG,TT,AT,AG,TT,TT,TT,AA,AT,GG,CG,AA,3.47,Susceptible,Low,Poor,Medium
L0463,Bengaluru Rural,Karnataka,Kharif,Red Sandy Loam,Rainfed,720,26.0,70,AA,NN,GG,AG,GG,CG,GG,TT,CC,GG,AA,CC,CG,TT,GT,GT,CG,TT,TT,AG,CC,TT,TT,CC,AT,CC,GT,AT,GG,AA,TT,CC,AA,CC,AG,GG,GG,CG,GG,CC,TT,TT,AC,TT,AA,AA,TT,AT,CG,AC,GG,AA,AG,GG,CT,TT,AA,AA,TT,AA,AA,TT,TT,AG,TT,AT,CC,GG,TT,TT,AG,GT,CC,AA,GG,AA,AT,GG,TT,TT,GG,TT,GT,NN,AA,GG,AG,AA,CC,GT,AC,TT,CT,TT,TT,GG,CT,AC,GT,CT,CT,CC,AA,AG,AT,TT,CG,AG,AG,AA,CT,GG,TT,CC,TT,AA,AA,TT,CG,AG,CG,AG,CC,GT,TT,AA,CC,CC,CC,CC,AA,GT,CC,AA,CC,CT,AA,TT,AA,AT,GG,CC,CC,GG,AA,AA,AA,CC,GT,CC,CC,AA,AA,AG,TT,GG,AA,GT,CT,AG,NN,GG,GG,CT,CC,AA,TT,TT,AT,TT,GG,CC,AA,CT,CC,CC,GG,CC,AA,GG,AG,CC,TT,CC,GT,TT,GG,AT,AA,AA,TT,CC,GG,AA,AC,NN,GG,GG,AC,GG,TT,AA,AA,CG,GT,AT,AC,AA,AT,GG,GT,AT,AT,GG,GG,AT,CC,TT,TT,AA,GG,AA,CT,AA,TT,CC,TT,AA,CC,TT,GG,AA,CC,AG,CC,TT,CT,GG,GG,TT,AA,AC,AG,GG,CC,GG,GG,CC,GG,AT,AA,CC,GT,GG,CG,CC,AA,GG,CG,AT,CC,AT,AA,AA,CC,AC,TT,AA,GG,AA,AC,AA,AC,GG,AG,AA,AA,AT,CG,AC,AG,AC,AA,TT,AA,AA,CG,GG,GG,TT,AT,AA,GG,TT,TT,AG,AT,GG,GG,AA,6.1,Susceptible,Medium,Poor,Medium
L0464,Bengaluru Rural,Karnataka,Kharif,Red Sandy Loam,Rainfed,720,26.0,70,AA,CT,GG,AG,GG,CC,GG,TT,CC,CC,AA,CT,CG,TT,GT,GT,CC,TT,TT,GG,CC,TT,GT,CC,TT,CC,TT,AT,GG,AA,CT,CC,NN,CC,GG,GG,NN,CG,GG,CC,GT,TT,AC,TT,AA,GG,TT,TT,CC,CC,GG,AA,AA,GG,CT,TT,AA,CC,GG,AA,AA,GT,AT,AA,TT,AT,CC,GG,TT,GG,AA,GG,CC,AA,AG,AC,AA,AG,TT,TT,AG,GG,GG,CC,AA,GG,AA,AT,CC,TT,CC,TT,CC,TT,TT,GG,CT,AC,GG,CC,CC,CC,GG,AG,TT,TT,CC,AA,GG,AA,CC,GG,TT,CG,TT,AA,CC,TT,CC,GG,CG,GG,CC,GG,TT,AA,CC,CC,CC,CC,AA,TT,CC,AA,CC,CC,AA,AT,AA,AA,GG,CT,CC,GG,AA,AG,AA,CC,GG,CC,CG,AG,AG,GG,GT,GG,AC,TT,TT,GG,AC,TT,TT,TT,CG,AT,GT,TT,AT,TT,CG,CC,AG,CT,CC,CC,CG,CC,AA,GG,AG,AC,TT,CC,GT,TT,GG,TT,NN,AA,TT,CC,CG,AC,CC,CC,GG,AG,AA,GG,TT,AA,AA,CC,GT,AA,AC,AA,AA,GT,GT,AT,NN,GG,GG,AA,CC,AT,GT,AA,GG,AA,CT,AA,TT,CC,TT,AC,CC,CT,GG,GG,CC,GG,CC,TT,TT,GT,GG,TT,AA,NN,AA,GG,CC,CC,GG,CC,GG,AT,AG,CC,TT,GG,CG,CC,AA,AG,CC,AA,CC,AT,AA,AC,CG,AC,AA,AA,GG,AA,AA,AA,AA,AA,AA,AA,AA,AT,GG,AA,AG,CC,AA,CT,AA,AA,GG,GG,GG,GT,AA,AA,GT,TT,TT,AG,AT,GG,GG,AA,4.27,Moderate,Medium,Poor,Early
L0465,Bengaluru Rural,Karnataka,Kharif,Red Sandy Loam,Rainfed,720,26.0,70,AA,TT,GG,AA,CG,CC,GG,TT,CC,CC,AT,CC,GG,TT,GT,GG,GG,TT,TT,AA,CC,TT,NN,CT,TT,CC,TT,AT,GT,AA,TT,CC,AA,AC,GG,CG,GG,CG,GG,CC,TT,TT,AA,TT,AG,GG,TT,AT,CC,AA,GG,NN,AA,GG,CT,NN,AA,AA,GG,AC,AG,TT,AT,AA,TT,TT,CC,GG,TT,GT,AA,GG,CC,AA,GG,AA,AA,GG,TT,TT,GG,GT,GG,CC,AT,GG,AG,AA,CC,GG,AC,TT,CT,TT,TT,GG,TT,CC,GT,CC,CT,CC,AG,AA,TT,TT,CC,AA,AG,AA,CT,GG,GT,CG,TT,AC,AA,TT,CG,GG,CG,GG,CC,GT,TT,AA,CC,CC,CC,CG,AA,TT,CC,AC,CC,CC,AA,TT,AA,AA,GG,CT,CC,GG,AG,AG,AA,CC,TT,CC,CC,AA,AA,GG,TT,GG,AC,TT,CT,GG,CC,TT,TT,CT,CC,AT,TT,TT,AA,AT,CC,CC,AA,CT,CC,CC,CC,CC,AA,GG,AG,CC,TT,CC,GG,GT,GG,TT,AA,NN,TT,AC,CG,AA,CC,CC,GG,GG,CC,GG,TT,AC,AA,CC,GG,AA,AA,AA,AA,GT,TT,TT,AT,GG,GG,AT,CG,AT,GT,AA,GG,AA,TT,AA,TT,CC,CT,AA,CC,CT,GG,AA,CC,AA,CC,AT,TT,TT,GG,TT,AA,CC,AG,GG,CC,CC,GG,CC,GG,AT,AA,CC,TT,GG,CC,NN,AA,GG,CC,AA,CC,AA,AA,AC,CC,AC,TT,AA,GG,AA,AA,AA,AA,AA,AG,AA,AA,AT,GG,AA,AG,AC,AC,CT,AG,AA,GG,GG,GG,GT,AA,AA,TT,TT,TT,GG,TT,GG,GG,AA,4.0,Susceptible,Medium,Standard,Early
L0466,Bengaluru Rural,Karnataka,Kharif,Red Sandy Loam,Rainfed,720,26.0,70,AC,CC,GG,GG,GG,CC,GG,TT,CC,CC,AA,CC,CC,TT,TT,GT,CG,TT,TT,AA,CC,TT,TT,CT,TT,CC,TT,TT,GG,AA,CT,CC,AA,CC,AG,GG,NN,CG,GG,CC,TT,CT,AA,TT,AG,GG,TT,TT,CC,AA,GG,AT,AA,GG,CC,GT,AA,AC,TT,AC,NN,TT,AT,AA,CT,TT,CC,GG,TT,GT,AA,GG,AC,AA,AA,AA,AA,GG,TT,TT,GG,GT,GG,CC,AA,AG,AA,AA,CC,GT,CC,TT,TT,TT,TT,GG,TT,CC,TT,CC,CT,CG,GG,AA,TT,GT,CC,AG,AG,AA,CC,GG,TT,CC,TT,NN,AA,TT,CC,AA,CC,GG,CC,GG,TT,AG,CC,CC,CC,CC,NN,TT,CC,AA,CC,CC,AA,TT,AA,NN,GG,CC,CC,GG,AA,AG,AA,CC,GG,CC,CC,AG,AA,GG,TT,GG,AC,TT,CT,GG,CC,TT,TT,TT,CC,AA,GT,TT,AA,AT,CG,CC,AG,TT,CC,CC,GG,AC,AT,GG,GG,CC,TT,CC,GT,GT,GG,TT,AA,AA,TT,CC,GG,AC,CC,CC,GG,GG,CC,GG,TT,AA,AA,CC,GG,AA,AA,AA,AT,GT,NN,AT,AT,GG,GT,AT,CC,TT,GT,AA,GG,AA,CT,AC,TT,CC,CT,AA,AC,TT,GG,AG,CC,AG,CC,TT,TT,TT,GG,TT,CC,CC,AA,GG,CC,CG,GG,CC,GG,AT,AA,CG,TT,GG,CC,CC,AA,GG,CC,AA,CC,AA,AA,CC,CC,AC,TT,AA,GG,AA,AA,AA,AA,GG,AA,AA,AA,TT,CG,AA,AA,CC,AC,CT,AA,AG,GG,GG,GG,TT,AT,AG,TT,TT,TT,AG,TT,GG,NN,AC,2.23,Resistant,High,Premium,Medium
L0467,Bengaluru Rural,Karnataka,Kharif,Red Sandy Loam,Rainfed,720,26.0,70,AA,CT,GG,GG,NN,CC,GG,AT,CC,CG,AA,CC,CG,TT,TT,GG,CG,TT,TT,AA,CC,TT,TT,CT,TT,CC,TT,AT,GT,AA,TT,CC,AA,CC,AA,GG,GG,CG,GT,CC,TT,TT,AA,TT,AA,AG,TT,AT,CG,AC,GT,AA,AA,GG,CC,TT,AA,AA,GG,AC,AG,TT,AT,AA,TT,AT,CC,GG,TT,GT,AA,GG,CC,AA,AG,AA,AA,GG,GT,TT,GG,GG,GG,CC,AT,GG,AA,AA,CC,GT,CC,TT,CC,AT,TT,GG,CT,CC,GT,CC,CC,CC,AG,AA,AT,TT,CC,AG,GG,AA,TT,GG,TT,CC,TT,AA,AA,TT,CC,AG,CC,NN,CT,GT,TT,AA,CT,CC,CC,CG,AA,TT,CC,AA,CC,CC,AA,TT,AA,AA,CG,CC,CC,GG,AA,AG,AA,CC,GG,CC,CC,AA,AG,AG,TT,AG,AC,TT,TT,AG,AC,GG,TT,TT,CC,AT,GT,TT,AA,AT,GG,CC,AA,CC,CC,AC,GG,CC,AA,GG,AA,CC,TT,CC,GT,TT,CG,AT,AA,AG,TT,AC,GG,AA,AC,CG,GG,GG,AC,GG,TT,AA,NN,CC,GG,AA,CC,AA,AT,GG,GT,AT,AT,GG,TT,AA,CC,AT,TT,AA,GG,AA,TT,AA,TT,CG,TT,AA,CC,NN,GG,AA,CG,AG,CC,TT,CT,GG,GG,TT,AA,AC,NN,GG,CC,CC,GG,CC,GG,AT,AA,CC,TT,GG,CC,CC,AA,GG,CC,AT,CC,AA,AA,AC,CC,AC,TT,AA,GG,AA,AA,CC,AA,GG,AA,AA,AA,AA,GG,AA,GG,CC,AA,CC,AA,AA,GG,GG,GG,GT,AA,AA,GT,AT,TT,GG,AT,GG,GG,AA,5.37,Susceptible,Low,Poor,Medium
L0468,Bengaluru Rural,Karnataka,Kharif,Red Sandy Loam,Rainfed,720,26.0,70,AA,TT,AG,AA,NN,CC,GG,AT,NN,CC,AA,NN,CG,AT,TT,GG,CC,NN,TT,AA,CC,TT,TT,CT,TT,CC,GT,TT,GG,AC,TT,CC,AA,CC,AG,CG,GG,GG,GG,CC,TT,CT,AA,TT,AA,GG,TT,AT,CC,AA,GT,AT,AA,GG,CC,NN,AA,AC,GG,CC,AA,TT,AT,GG,TT,TT,CC,GG,TT,GT,AA,GT,CC,AA,AG,AA,AT,AG,TT,TT,GG,GG,GG,CC,AA,GG,AA,AT,CG,GT,AC,TT,CT,TT,GT,GG,TT,CC,GT,CC,CC,CC,AA,AA,TT,TT,CC,AA,AG,AA,CC,GG,TT,CC,GT,AA,AA,TT,CC,AG,CC,GG,CC,GG,TT,AA,CC,CC,CC,NN,AA,GT,CC,AA,CC,CC,AA,TT,AA,AA,CG,CC,CC,GG,NN,AG,AA,CC,GG,CC,CG,AA,AA,GG,TT,GG,AC,GT,CT,GG,CC,TT,GT,TT,CC,NN,GT,TT,AA,TT,GG,CC,AG,CT,CC,CC,CG,CC,AA,GG,AA,CC,TT,GG,GG,GT,CG,AT,AA,AA,TT,CC,GG,AC,CC,CC,GG,GG,AA,CG,TT,AC,AA,CC,GG,AA,AC,AT,AT,GG,TT,TT,AA,GG,TT,AT,CC,TT,GT,AA,GG,AA,TT,AA,TT,CC,TT,AC,CC,NN,GG,AA,CC,AG,CC,TT,TT,GT,GG,TT,AA,AC,AA,GG,CC,CC,GG,CC,GG,TT,AA,CC,GT,GG,CC,CC,AT,GG,CC,AA,CG,AA,AA,AA,CG,AC,TT,AA,GG,AA,AA,AC,AA,AG,AA,AA,AA,AA,GG,AA,AG,CC,AA,TT,AA,AA,GG,GG,GG,TT,AA,AG,TT,TT,TT,AA,TT,GG,GG,AA,0.86,Susceptible,Medium,Standard,Medium
L0469,Bengaluru Rural,Karnataka,Kharif,Red Sandy Loam,Rainfed,720,26.0,70,AC,TT,GG,AG,GG,CC,GG,TT,CC,GG,AA,CC,CG,TT,TT,GG,CG,TT,TT,AA,CC,GT,TT,CC,AT,CC,GT,TT,GG,AA,TT,CC,AA,CC,GG,CG,GG,GG,GG,CC,TT,CT,AA,GT,AA,GG,TT,AT,CC,AC,GG,AT,AG,NN,CC,TT,TT,AC,GT,AC,AA,TT,TT,AG,TT,AT,CC,GG,TT,GG,AG,GG,CC,AA,GG,AA,AT,GG,TT,TT,GG,GG,GG,CC,AA,GG,AA,AA,CC,TT,CC,TT,CC,TT,GT,GG,TT,CC,TT,CC,TT,CC,AG,NN,TT,TT,CC,AA,GG,AA,CC,GG,TT,CC,GT,AA,AA,TT,CC,GG,CC,GG,CC,GT,TT,AA,CC,CG,CC,CC,AA,TT,CC,AA,AC,CT,AA,TT,AA,AA,GG,CC,CC,GG,AA,NN,AA,CC,GG,CG,CG,AA,AG,AG,TT,GG,AA,GT,TT,GG,AA,GT,NN,TT,CC,AT,TT,CT,AT,AT,CG,CC,AG,CC,CC,CC,CG,CC,AA,GG,AA,CC,TT,CC,GT,GT,GG,TT,AA,AA,TT,CC,CG,AC,CC,CC,GG,GG,AC,GG,TT,AA,AG,CG,GG,AA,AC,AA,AT,GT,TT,TT,AT,GG,GT,AT,CC,TT,TT,AA,GG,AA,TT,AA,TT,CC,TT,AA,CC,TT,GG,GG,CC,AG,CC,TT,CT,TT,GG,TT,AA,AA,AG,GG,CC,CC,GG,CC,GG,TT,AA,CC,TT,GG,CC,CC,AA,NN,CG,AT,NN,AA,AA,AA,CC,CC,TT,AG,GG,AA,AA,AA,AA,GG,AA,AA,AA,AA,GG,AA,AG,AA,AA,CC,AA,AA,GG,GG,GG,TT,AA,AA,GT,TT,TT,AG,TT,GG,GG,AA,3.25,Susceptible,Medium,Standard,Late
L0470,Bengaluru Rural,Karnataka,Kharif,Red Sandy Loam,Rainfed,720,26.0,70,CC,TT,GG,AG,CG,CG,GG,TT,CC,CG,AA,NN,CC,TT,TT,GG,GG,TT,TT,AA,CC,TT,GT,CT,TT,CC,TT,TT,GG,AA,TT,CC,AG,CC,AG,GG,GG,CC,GG,CC,TT,TT,AA,TT,AA,AG,TT,TT,CC,AA,GG,AT,AA,GG,CC,TT,AA,AA,TT,AC,AA,TT,TT,GG,CT,AT,CC,GG,NN,GT,AG,GG,CC,AA,GG,AC,AA,GG,TT,TT,GG,GG,GT,CC,AA,GG,AA,AT,CC,GT,CC,TT,CC,TT,TT,GG,TT,AC,TT,CC,CC,CG,AG,AA,TT,TT,CC,AA,AG,AA,CC,GG,TT,CC,TT,AC,AA,AT,CC,NN,CG,GG,CT,GT,CC,AA,CC,CC,AC,CC,AA,GT,AC,AA,CC,CC,AA,TT,AA,AA,GG,CC,CC,GG,AA,AA,AT,CC,GG,NN,CC,AA,AA,GG,TT,GG,CC,TT,TT,GG,CC,GG,TT,TT,CC,AT,TT,CT,AA,TT,CC,CC,AA,CT,AC,CC,CG,CC,AA,GG,AA,CC,GT,CC,GT,TT,CG,AT,AA,AG,TT,CC,GG,AA,CC,CC,GG,GG,AC,GG,TT,AC,AG,CC,GG,AT,CC,AA,AA,GG,TT,AT,AA,GG,GT,TT,CG,AT,TT,AA,GG,AA,CT,AA,TT,CC,NN,AA,CC,TT,CG,AG,CC,AG,CC,TT,CT,TT,GG,TT,CC,CC,AA,GG,CC,CG,GG,CC,GG,TT,AA,CC,GT,GG,CC,CC,AA,GG,CG,AA,CC,AA,AA,AC,CC,AA,TT,AA,GG,AA,AA,AC,AA,AG,AG,AG,AA,TT,GG,AA,AG,AC,AA,TT,AA,AA,CG,GG,GG,GT,AA,AA,TT,TT,TT,AA,TT,GG,GG,AA,3.08,Susceptible,Low,Standard,Late
L0471,Bengaluru Rural,Karnataka,Kharif,Red Sandy Loam,Rainfed,720,26.0,70,AA,TT,GG,AG,GG,CC,NN,TT,CC,CG,AA,CC,CC,TT,TT,GG,GG,TT,TT,AA,CC,TT,TT,CC,AT,CC,TT,TT,GG,AA,TT,CC,AA,CC,GG,GG,GG,CG,GG,CC,TT,CT,AA,TT,AA,AG,TT,TT,CC,AA,GG,AT,AA,GG,CC,GT,AA,CC,GG,AC,AA,TT,TT,AA,TT,TT,CC,GG,CT,GG,GG,GG,CC,AA,AG,AA,AA,AG,TT,TT,GG,GT,GG,CC,AA,GG,AA,NN,CG,GT,AC,TT,CC,TT,GT,GG,CT,CC,TT,CC,TT,CC,AG,AA,TT,TT,CC,AA,GG,AA,CC,GG,TT,CC,TT,AA,AA,TT,CC,AA,CG,GG,CC,GT,TT,AA,CC,CC,CC,CC,AA,GT,AC,AA,CC,CT,NN,TT,AA,AA,GG,CC,CC,GG,AA,AG,AA,CC,GG,CC,CC,AA,AA,GG,GT,AG,AC,TT,CT,GG,CC,TT,TT,TT,CG,AT,NN,TT,AA,TT,GG,CC,AA,CC,CC,CC,NN,CC,AA,GG,AG,CC,TT,CG,GT,GT,GG,AT,AA,AA,TT,CC,GG,AA,CC,CC,GG,GG,AA,CG,TT,AA,AA,CC,GG,AA,CC,AA,AT,GG,TT,TT,AA,CG,GT,AT,CC,TT,GT,AA,GG,AA,CT,AA,TT,CC,TT,AC,CC,TT,GG,AA,CC,NN,CC,TT,CT,GT,GG,TT,AC,AC,AA,GG,CC,CG,GG,CC,GG,AT,AA,CC,TT,GG,CC,CG,NN,GG,CC,AT,GG,AA,AA,CC,CG,AC,TT,AA,GG,AA,AA,AA,AA,AA,AG,AG,AA,TT,GG,AA,AG,AC,AA,TT,AA,AA,CG,GG,NN,TT,TT,AA,GG,TT,TT,AG,TT,GG,GG,AA,5.07,Susceptible,Low,Premium,Medium
L0472,Bengaluru Rural,Karnataka,Kharif,Red Sandy Loam,Rainfed,720,26.0,70,NN,TT,GG,AA,GG,CC,GT,TT,CC,CC,AA,CC,CG,TT,TT,GG,CC,TT,TT,AA,CC,TT,GG,CT,AT,CC,TT,TT,GG,AA,TT,CC,AA,CC,AG,GG,GG,CC,GG,CC,TT,TT,AA,TT,GG,GG,TT,AT,CC,AC,GG,AA,AG,GG,CC,GG,AA,AA,GG,AA,AA,TT,TT,AG,TT,TT,CC,GG,TT,GG,AG,NN,CC,AA,GG,AC,AA,GG,TT,TT,GG,GG,NN,CC,AA,GG,AA,AA,CC,GT,CC,TT,CC,TT,GT,GG,CT,CC,TT,CC,CC,CG,AG,AA,TT,TT,CG,AA,AA,AA,CC,NN,TT,CC,TT,AC,AC,TT,CG,GG,CC,AG,CC,GG,TT,AA,CC,CC,AC,CC,AA,TT,CC,AA,CC,CT,AA,NN,AA,AA,GG,CC,CC,GG,AA,AA,AA,CC,GG,CC,CG,AA,AA,GG,GT,GG,AA,GT,CT,GG,CC,GT,TT,TT,CG,AA,TT,TT,AA,TT,GG,CC,AG,CC,CC,CC,CG,CC,NN,GG,AA,NN,TT,CC,GT,TT,GG,AT,AA,NN,TT,AC,CG,AA,CC,CC,GG,AA,AA,CG,TT,AC,AA,CC,GG,AA,CC,AA,AA,GT,TT,AT,AA,GG,GG,TT,CC,AT,TT,AA,GG,AA,TT,AA,TT,CC,TT,AA,CC,TT,GG,AA,NN,AG,CC,AT,TT,TT,CG,AT,AC,CC,AA,GG,CC,CG,GG,CC,GG,TT,AA,CG,GG,GG,CC,CC,NN,AG,CG,AA,CG,AT,AA,CC,CC,AA,TT,AA,GG,AA,AC,AC,AA,GG,AA,AA,AA,AA,GG,AC,NN,AC,NN,CT,AA,AA,GG,GG,GG,TT,AA,AA,GT,TT,TT,AG,TT,GG,GG,AA,5.3,Susceptible,Low,Premium,Late
L0473,Bengaluru Rural,Karnataka,Kharif,Red Sandy Loam,Rainfed,720,26.0,70,AC,TT,GG,AG,GG,CC,NN,TT,CC,GG,TT,CC,CG,AT,GT,GG,CG,TT,TT,AG,CG,GT,GT,CC,TT,CC,TT,AT,GG,AA,TT,CC,AA,CC,GG,CG,GG,CG,GG,CC,TT,TT,AA,TT,AA,AG,TT,TT,CC,AA,GT,AT,AG,GG,TT,TT,AA,AA,GT,AA,AG,GT,TT,AA,TT,TT,CC,GG,CT,GG,GG,GG,CC,AA,GG,AC,AT,GG,TT,TT,GG,GG,GG,CC,AA,GG,AA,AA,CC,GG,CC,TT,CC,TT,NN,GG,TT,CC,GT,CT,TT,CC,AG,AA,AT,TT,CC,AA,AA,AC,CC,GG,TT,CC,TT,AA,AA,TT,CG,AG,NN,GG,CT,GT,CT,AG,NN,CC,CC,CC,AG,TT,CC,AA,CC,CC,AA,TT,AG,AT,GG,CC,CC,AG,AA,AG,AA,CC,GT,NN,CC,NN,AG,GG,TT,GG,AA,GT,CT,GG,CC,TT,TT,TT,CC,AA,GT,TT,AT,AT,GG,CC,AA,CC,CC,CC,CG,CC,AA,GG,AA,CC,TT,CC,GT,GT,CC,TT,AA,AA,TT,CC,GG,AA,AC,CC,GG,AA,AC,GG,TT,AA,AG,CC,GG,AT,AC,AA,AA,GG,TT,TT,AT,GG,TT,AA,CG,AT,GG,AT,GG,AA,CT,AA,TT,CC,CT,AA,CC,TT,CG,AA,CG,AG,CC,TT,TT,TT,GG,TT,AA,CC,AG,GG,NN,CG,GG,CC,GG,AT,AA,CC,TT,GG,CC,CG,AT,GG,CC,AT,CC,AA,AA,CC,CC,NN,NN,AA,GG,AA,AC,AC,AA,GG,AG,AG,AA,AT,CG,AA,AG,AC,AA,TT,AA,AG,GG,GG,GG,TT,AT,AA,TT,TT,TT,AG,TT,GG,GG,AA,3.23,Susceptible,Low,Poor,Medium
L0474,Bengaluru Rural,Karnataka,Kharif,Red Sandy Loam,Rainfed,720,26.0,70,AA,TT,GG,AA,GG,CC,GG,TT,CC,CG,AA,CC,CG,TT,TT,GG,CG,TT,TT,AG,GG,TT,TT,CC,TT,CC,TT,TT,GG,AA,TT,CC,AA,CC,GG,GG,GG,CC,GT,CC,TT,TT,AA,TT,AG,AG,TT,TT,CC,CC,GG,AA,AG,GG,CT,TT,AA,AC,GT,CC,AG,TT,TT,AA,NN,TT,CC,GG,TT,GG,GG,GG,AC,AA,GG,AC,AA,GG,TT,TT,GG,GG,NN,CC,AA,GG,AA,AA,CC,TT,CC,TT,CT,TT,TT,GG,TT,CC,TT,CC,CC,CC,AA,AA,TT,TT,CC,AA,AG,AA,TT,GG,TT,CC,TT,AA,AC,TT,CC,GG,CG,GG,CT,GT,TT,AA,CC,CC,CC,CC,AA,TT,CC,AA,CC,CT,AA,TT,AA,TT,GG,CC,CC,GG,AA,AG,AA,CC,GG,CC,CC,AG,AA,GG,GT,GG,AA,GT,CT,GG,CC,TT,TT,TT,CC,AA,TT,TT,AA,AT,GG,CC,AG,CT,CC,CC,GG,CC,AA,GG,AG,CC,TT,CC,GG,GT,CG,TT,AA,GG,TT,CC,GG,AA,AC,CC,GG,GG,AA,GG,TT,NN,AG,CC,GG,AA,AC,AA,AT,GT,TT,AT,AT,GG,GT,AA,CC,AA,TT,AA,GG,AA,TT,AA,TT,CC,CT,AC,CC,CT,GG,AA,CG,AG,AC,AT,CT,TT,GG,TT,AC,AC,GG,GG,CC,CC,GG,CC,GG,AA,AA,CC,GT,GG,CG,CC,AA,GG,CC,AA,CC,AA,AA,CC,GG,AC,TT,AA,CG,AA,AA,AA,AA,AG,AG,NN,AA,AT,CG,AA,AG,CC,AA,CT,AA,AG,CG,GG,GG,TT,AT,AA,TT,TT,TT,AA,AT,GG,GG,AC,4.2,Moderate,Medium,Standard,Medium
L0475,Bengaluru Rural,Karnataka,Kharif,Red Sandy Loam,Rainfed,720,26.0,70,NN,TT,GG,AA,GG,CC,GG,TT,CC,CG,AA,CC,CG,AT,GT,GG,CG,TT,TT,AA,CC,GT,GT,CC,TT,CC,TT,AT,GG,AA,TT,CT,AA,CC,GG,GG,GG,CC,GG,CC,TT,CT,AA,GT,AG,GG,TT,TT,CC,AA,GG,AA,AG,GG,CT,GT,AA,AA,GT,AC,GG,TT,NN,AA,TT,TT,CC,GG,TT,GT,AG,GT,CC,AA,AG,AA,TT,GG,TT,TT,GG,GG,GG,CC,AT,GG,AA,AA,CG,TT,AC,TT,CC,AT,TT,AG,TT,CC,GT,TT,CT,CC,GG,AA,TT,TT,CC,AA,AA,AA,NN,GG,TT,CC,TT,AC,AA,TT,CC,AA,CG,GG,CC,GG,TT,AG,CC,CC,CC,CC,AA,TT,CC,AA,CC,CC,AA,TT,AA,AA,GG,CC,CC,GG,AA,AG,AA,CC,GG,CC,CC,AA,GG,GG,TT,AG,AA,TT,TT,AG,NN,TT,GT,TT,CC,AT,GT,TT,AA,TT,GG,CC,AA,CC,CC,CC,GG,CC,AA,GG,AA,CC,TT,CC,GG,GG,GG,TT,AA,AA,TT,CC,CC,AC,AC,CC,CG,GG,AA,GG,TT,AA,AA,CC,GG,AA,AC,AA,AT,GG,TT,AT,AT,CC,GT,AT,CC,TT,TT,AA,GG,AA,TT,AA,TT,CC,TT,AA,CC,TT,CG,GG,CC,GG,NN,TT,TT,TT,GG,TT,AA,AC,AG,GG,CC,CC,GG,CC,GG,AT,AA,CC,GT,GG,CG,CC,AA,AG,CC,AA,CC,AA,AA,CC,CG,AC,TT,AA,GG,AA,AA,AA,AA,AG,AG,AA,AA,TT,GG,AC,AG,AC,AA,TT,AG,AA,GG,AG,CG,GT,AA,AA,GT,TT,TT,AA,TT,GG,GG,AC,6.28,Resistant,Low,Premium,Medium
L0476,Bengaluru Rural,Karnataka,Kharif,Red Sandy Loam,Rainfed,720,26.0,70,AA,CC,AG,AG,CG,CC,TT,TT,CC,CC,AA,TT,CG,TT,GT,GG,CG,TT,TT,AA,CG,TT,TT,CC,TT,CC,TT,TT,GG,AA,TT,CT,AA,CC,GG,CG,NN,CG,GG,CC,TT,CT,AA,TT,AG,AG,TT,AT,CC,AC,GG,AT,AA,GG,CC,TT,AA,AA,NN,AA,AA,GT,TT,AG,TT,TT,CC,GG,TT,GG,AA,GG,CC,AA,AG,AC,TT,GG,TT,TT,GG,GG,GG,CC,AA,GG,AA,AT,CC,GG,AC,TT,CT,TT,GT,GG,TT,CC,TT,CC,CC,CG,GG,AG,TT,TT,CC,AA,AA,AA,CC,GG,GT,CG,TT,AA,AA,TT,CC,GG,CG,AG,CC,GG,CT,AA,CC,CC,CC,CG,AA,TT,CC,AA,CC,CC,AA,TT,AA,AT,GG,CC,CC,GG,AA,AG,AA,CC,GT,CC,CC,AA,AA,AG,TT,AG,AC,GT,CT,GG,AC,TT,TT,TT,CC,TT,GT,TT,AA,TT,CG,NN,AG,CC,AC,CC,GG,AC,AA,GG,AA,CC,TT,CC,GG,GT,CG,AT,NN,AA,TT,CC,GG,AA,CC,GG,GG,GG,AA,GG,TT,AA,AG,CC,GG,AA,AC,AA,NN,GG,TT,TT,AT,GG,GT,AA,CG,AT,TT,AA,GG,AA,CC,AA,TT,CC,TT,AA,CC,TT,CG,AA,CC,AA,CC,TT,TT,TT,GG,TT,AA,AC,AA,GT,CC,CG,GG,CC,GG,AT,AA,CC,TT,GG,CC,CG,AA,AG,CC,AT,CC,AA,AA,CC,CC,AC,TT,AA,GG,AA,AA,AA,AA,AA,AG,AA,AA,TT,GG,AA,AA,AC,AA,CC,AA,AG,GG,GG,GG,TT,AT,AA,TT,AT,TT,AA,TT,GG,GG,AC,2.71,Resistant,Low,Poor,Medium
L0477,Bengaluru Rural,Karnataka,Kharif,Red Sandy Loam,Rainfed,720,26.0,70,AA,TT,GG,AG,GG,CC,GT,AT,CC,CG,AT,CC,CC,AT,TT,GG,CG,TT,AT,AG,CC,TT,TT,CC,TT,CC,NN,TT,GT,AA,TT,CC,AA,CC,GG,GG,GG,CG,GG,CC,TT,TT,AC,TT,AA,GG,TT,AT,CC,AC,GG,AA,AA,GG,CC,TT,AA,AA,GT,AA,AA,TT,TT,AA,TT,TT,CC,GG,TT,GG,AA,GT,CC,AA,AG,AA,NN,GG,GT,TT,GG,GG,GG,CC,AA,GG,AG,AA,CC,GT,CC,TT,CT,TT,TT,GG,TT,CC,GG,CC,CT,CC,AA,AA,TT,TT,CC,AG,AG,AA,CC,GG,GT,CC,TT,AA,AA,TT,CC,GG,CG,AG,CC,TT,CT,AG,CT,CC,CC,CC,AA,TT,AC,AA,CC,CT,AG,TT,AG,AA,CG,CC,CC,GG,AA,AG,AA,AC,GG,CC,CC,AA,GG,AG,GT,AG,AC,GT,CT,GG,AC,GT,TT,TT,CC,AA,TT,TT,AA,AT,GG,CC,GG,TT,CC,CC,GG,CC,AT,GG,AA,CC,TT,CC,GG,TT,CG,AT,AA,AA,TT,CC,GG,AA,CC,CC,GG,GG,AC,CG,TT,AA,AA,CC,GT,AA,AC,AA,TT,GG,GT,TT,AA,GG,TT,AT,CG,TT,TT,AA,GG,AA,TT,AA,TT,CC,TT,AA,CC,TT,CG,AA,CC,AG,CC,TT,TT,TT,GG,TT,AC,CC,AG,GT,CC,CC,GG,CC,GG,AT,AA,CC,TT,GG,CC,CC,AA,GG,CC,AT,CG,AA,AG,AC,CG,CC,TT,AA,GG,AA,AA,AA,AA,AG,AA,AA,AA,TT,GG,AC,AA,CC,AA,TT,AA,AA,GG,GG,GG,TT,AA,AA,TT,TT,TT,AG,AT,GG,GG,AA,3.97,Moderate,High,Standard,Late
L0478,Bengaluru Rural,Karnataka,Kharif,Red Sandy Loam,Rainfed,720,26.0,70,AC,TT,AA,AG,GG,CC,GG,TT,CC,CG,AA,CT,CG,TT,TT,GG,CG,TT,TT,AA,CG,GT,GT,CC,AT,CC,TT,TT,GG,AA,TT,CC,AA,AC,AG,CG,GG,CC,GG,CC,NN,TT,AC,TT,AA,GG,TT,AT,CC,AC,GG,AA,AG,GG,CC,TT,AT,AA,GG,AA,AG,GT,TT,AA,TT,TT,CC,GG,TT,GG,AG,GG,CC,GG,GG,AC,AT,GG,TT,TT,GG,GT,GG,CC,AA,GG,AA,AT,CC,TT,CC,TT,CC,TT,TT,GG,TT,CC,TT,CC,CC,CG,AG,AA,TT,TT,CC,AA,AA,AA,CT,GG,TT,CG,TT,AA,AA,TT,CC,GG,CC,GG,CC,GT,TT,AA,CT,CC,CC,CC,AA,TT,CC,AA,CC,CT,AA,TT,AA,AA,CG,CC,CC,GG,AA,AG,AA,CC,GG,CC,CC,AG,AA,AG,GT,GG,AC,TT,TT,GG,CC,TT,TT,TT,CG,TT,GT,TT,AA,TT,GG,CC,AG,CC,CC,CC,GG,CC,AA,GG,AA,CC,TT,CC,GT,TT,CG,AA,AA,AG,TT,CC,GG,AC,AC,CC,GG,GG,AA,GG,TT,AC,AA,CC,GG,AA,NN,AT,AA,GG,TT,TT,AA,CG,TT,AT,CG,AA,GT,AA,GG,AA,TT,AA,TT,CC,CT,AC,CC,CT,CG,GG,CC,AA,CC,TT,CT,TT,GG,TT,AA,CC,AA,GG,CC,GG,GG,CG,GT,TT,AA,CC,TT,GG,CC,CC,AA,NN,CC,AA,CC,AA,AA,AC,CC,AC,TT,AA,GG,AA,AA,AA,AA,NN,GG,AA,AA,AT,GG,AA,AA,AC,AC,CT,AA,AA,GG,GG,CG,TT,AA,NN,TT,TT,TT,AA,TT,GG,GG,AA,6.87,Susceptible,High,Premium,Medium
L0479,Bengaluru Rural,Karnataka,Kharif,Red Sandy Loam,Rainfed,720,26.0,70,AA,CC,GG,AA,GG,CC,GG,TT,CC,GG,AA,CC,CG,AT,TT,GG,CG,TT,TT,AG,CC,TT,TT,TT,TT,CC,TT,TT,GG,AA,TT,CT,AA,CC,GG,CG,GG,CC,GG,CC,TT,TT,AA,TT,AA,GG,TT,TT,CC,CC,GG,AA,AA,GG,CT,TT,AA,AC,GT,AC,AA,TT,AT,AA,TT,TT,CC,GG,CT,GT,AA,GG,CC,AA,AG,AC,AT,AG,TT,TT,AG,NN,GG,CC,AA,GG,AA,AT,CC,GG,AC,TT,CT,TT,GT,GG,TT,CC,TT,CC,CC,CC,GG,AA,AT,TT,CC,AA,AG,AA,CC,GG,TT,CG,TT,AC,AA,TT,CC,GG,CC,GG,CC,GG,TT,AA,TT,CC,AC,CC,AA,TT,CC,AA,CC,CT,AA,TT,AA,AT,NN,CC,CC,GG,AA,AA,AA,AC,GG,CC,CC,AA,AA,GG,GT,GG,AC,TT,TT,GG,CC,GT,GT,TT,CC,AA,GT,TT,AA,AT,GG,NN,AA,CT,AC,CC,CG,CC,AA,GG,AG,CC,TT,CC,GG,GT,GG,AT,AA,AA,GT,CC,GG,AA,CC,CG,GG,AG,AC,CG,TT,AC,AA,CC,GG,AA,AC,AA,AT,GG,GT,TT,AA,CG,GT,AT,CC,TT,GT,AA,GG,AG,TT,AA,TT,CC,TT,AA,NN,TT,GG,AG,CC,GG,CC,TT,TT,GT,GG,TT,AC,AC,AG,GG,CC,CG,GG,CC,GG,AT,AA,CC,TT,GG,CC,CC,AA,GG,CC,AA,CC,AT,AA,AC,CG,AC,TT,AA,GG,AA,AA,AA,AA,AA,AG,AG,AA,TT,GG,AC,AA,CC,AA,CC,AA,AG,GG,GG,GG,TT,AA,GG,TT,TT,TT,AG,TT,GG,GG,AA,0.74,Susceptible,High,Premium,Early
L0480,Bengaluru Rural,Karnataka,Kharif,Red Sandy Loam,Rainfed,720,26.0,70,AA,TT,AG,AA,GG,CC,GG,AT,CC,CG,AT,CC,CC,TT,GT,GG,GG,TT,TT,AA,CC,GT,TT,CC,TT,CC,TT,AT,GG,AA,TT,CC,AA,CC,GG,CG,GG,CC,GG,CC,TT,TT,AA,TT,AA,AG,TT,TT,CC,CC,GT,AA,AA,GG,CC,TT,AT,AC,GT,CC,AA,TT,AA,AA,CT,AT,CC,GG,TT,GT,AG,GT,AC,AA,GG,AC,AT,GG,TT,TT,GG,GT,GG,CC,AA,GG,AA,AA,CC,TT,AC,TT,CC,AT,GT,GG,TT,CC,TT,CC,CC,CG,AG,AA,TT,GT,CC,AA,AA,AA,CC,GG,TT,CG,TT,AA,AC,TT,CG,AG,CC,GG,CT,GG,CT,AA,NN,CC,NN,CC,AA,TT,CC,AA,CC,CT,AA,TT,AA,AA,CG,CT,CC,GG,AA,AA,AA,CC,GG,CC,CC,AG,AG,AG,TT,GG,AA,GT,CT,GG,CC,GT,GT,CT,CC,AA,TT,TT,AT,AT,GG,CC,AA,CT,CC,CC,GG,CC,AA,GG,AA,CC,TT,CC,GG,GT,GG,TT,AA,AA,TT,CC,GG,AC,CC,CC,GG,GG,AC,CG,TT,AA,AA,NN,GG,AA,CC,AA,AT,GT,TT,AT,AT,NN,GG,AA,CC,AA,NN,AA,GG,AA,TT,AC,TT,CC,CT,AA,CC,CC,GG,AG,CG,GG,CC,TT,TT,TT,GG,TT,AA,CC,AA,GG,CC,CC,GG,CC,GG,TT,AA,CC,GT,GG,CC,CC,AA,GG,CC,AA,CC,AT,AA,CC,CC,AC,TT,NN,GG,AA,AA,AA,CC,AG,AG,AA,AA,NN,GG,AC,AG,CC,AA,CT,AA,AA,GG,AG,CG,TT,AA,AA,TT,AT,TT,AA,TT,GG,GG,AA,2.58,Susceptible,Low,Standard,Medium
L0481,Bengaluru Rural,Karnataka,Kharif,Red Sandy Loam,Rainfed,720,26.0,70,AC,TT,GG,AA,CG,CC,GT,AA,CC,CG,AA,CC,CC,AT,TT,GG,GG,TT,TT,AG,CC,GT,TT,CC,TT,CC,TT,TT,GG,AA,TT,CC,AA,CC,GG,GG,GG,CG,GG,CC,TT,TT,AC,TT,AA,GG,TT,AT,CC,NN,GG,AA,AG,GG,CC,TT,AA,AA,GT,AC,NN,TT,AT,AG,TT,TT,CC,GG,TT,GG,GG,GG,AC,AA,AG,AA,AA,GG,TT,TT,GG,GG,GG,CC,AT,GG,AA,AA,CC,GT,CC,TT,CT,TT,TT,GG,TT,CC,TT,CC,CT,CG,AA,AA,TT,TT,CC,NN,AA,AA,CC,GG,TT,CC,TT,AC,AA,TT,CG,AG,CG,GG,CT,GG,TT,AA,CC,CC,CC,CG,AA,TT,CC,AA,CC,NN,AA,TT,AA,TT,GG,CC,CC,GG,AA,AA,AA,NN,GT,NN,CC,AA,AG,AG,TT,AG,AC,TT,CT,AA,AC,TT,TT,TT,CC,AA,TT,TT,AA,TT,GG,CC,AG,CC,CC,CC,CG,CC,AA,AG,AG,CC,TT,CC,TT,TT,CG,AT,AG,AA,TT,CC,GG,AC,CC,CC,GG,GG,AA,GG,TT,AA,AG,CC,GT,AA,CC,AA,AA,GG,TT,TT,AT,GG,GT,AT,CC,TT,GG,AA,GG,AA,CT,AC,TT,CC,CT,AA,AC,TT,CG,AG,CC,AA,CC,TT,TT,TT,GG,TT,AC,NN,AG,GG,CC,CC,GG,CC,GG,TT,AA,CG,TT,GG,CC,CC,AA,GG,CC,AA,CC,NN,AA,AA,CC,CC,TT,AA,CG,AA,AA,AA,AC,AG,AA,AA,AA,TT,GG,AA,AA,AC,AC,CT,GG,AA,NN,GG,GG,TT,AA,AA,TT,TT,TT,AG,TT,GG,CG,AA,2.11,Moderate,Low,Standard,Early
L0482,Bengaluru Rural,Karnataka,Kharif,Red Sandy Loam,Rainfed,720,26.0,70,AA,CT,GG,AA,GG,CC,GT,TT,CC,CG,AA,CC,CG,TT,TT,GG,GG,TT,TT,AA,CG,TT,TT,CC,TT,CC,TT,TT,GT,AA,CT,CC,AA,CC,GG,GG,GG,CC,GG,CC,TT,TT,AA,GT,AA,AG,TT,TT,CC,AC,GG,AA,AA,GG,CT,GT,AA,AA,GT,AC,AA,GT,AA,AA,TT,AT,CC,GG,TT,GG,AG,GG,CC,AG,GG,CC,AT,AG,TT,TT,GG,GG,GG,CC,AT,GG,AA,AA,CG,TT,CC,TT,CC,TT,GT,GG,CC,CC,NN,CT,CC,CG,AG,AA,TT,TT,CC,AA,AA,AA,TT,GG,TT,CC,TT,AC,AA,TT,CC,GG,CC,AG,CC,TT,TT,AA,CC,CC,CC,CC,AA,TT,CC,AA,CC,CC,AA,NN,AG,AA,GG,CC,CC,GG,AG,AG,AA,CC,GG,CC,CC,AA,AA,AG,GT,GG,AC,GT,TT,GG,CC,GT,GT,CT,CC,AT,TT,TT,AA,TT,GG,CG,AG,CC,CC,CC,CG,CC,AA,GG,AA,CC,TT,CC,TT,GT,GG,TT,AA,AA,GT,CC,GG,AA,CC,CC,GG,GG,AC,GG,TT,AA,AA,CC,GT,AA,AC,AA,AA,GG,TT,AT,AT,GG,NN,AA,CC,AT,TT,AA,GG,AA,CT,AA,TT,CC,CT,AA,CC,CT,GG,AA,CC,AA,CC,TT,CT,GT,GG,TT,AA,CC,AA,GG,CC,CC,GG,CC,GG,NN,AA,CG,TT,AG,CC,CC,AA,GG,CC,AA,CC,AA,AA,CC,CC,CC,TT,NN,GG,AA,AA,AC,AC,AG,AA,AA,AA,TT,CG,AA,AG,AC,AC,CT,AA,AA,GG,GG,GG,TT,AA,AA,TT,TT,TT,AG,TT,GG,CG,AA,4.76,Susceptible,Low,Standard,Late
L0483,Bengaluru Rural,Karnataka,Kharif,Red Sandy Loam,Rainfed,720,26.0,70,AC,TT,AA,AA,GG,CG,GG,TT,CC,CG,AT,CC,CG,TT,TT,GT,GG,TT,TT,AG,CC,TT,GT,CC,TT,CC,TT,TT,GG,AA,TT,CC,AA,CC,GG,GG,NN,NN,GG,CC,TT,CT,AA,GT,AG,GG,TT,TT,CG,CC,GG,AA,AA,GG,CC,GT,AA,AC,GT,NN,AG,TT,AA,AG,TT,AT,CC,GG,TT,GT,GG,GG,CC,AA,AG,AC,AT,GG,TT,TT,GG,GG,GT,CC,AA,GG,AA,AT,CG,GG,AC,TT,CT,AT,TT,GG,CT,CC,GT,CC,CC,CG,GG,AA,AT,TT,CC,AA,GG,AA,CT,GG,TT,CC,GT,AA,AC,TT,CC,GG,CC,AG,CC,TT,CT,AA,CC,CC,CC,CC,AA,TT,CC,AA,CC,CC,AA,TT,AA,TT,GG,CC,CC,GG,AA,AG,NN,AC,GG,CC,CC,AA,AA,AG,TT,GG,CC,TT,NN,GG,CC,TT,GT,TT,CC,AA,TT,TT,AA,NN,GG,CC,AA,CC,AC,CC,CG,CC,AA,GG,AG,CC,TT,CC,GG,TT,GG,AT,AA,AA,TT,CC,GG,AC,AC,CC,GG,GG,AC,GG,TT,AA,AA,CC,GG,AA,CC,AA,AA,GT,TT,TT,AT,GG,GT,AT,CC,TT,TT,AA,GG,AA,NN,AA,TT,CG,TT,AA,CC,TT,CG,AG,CC,AG,AC,TT,TT,GT,GG,TT,AA,AC,GG,GG,CC,CC,GG,CC,GG,NN,AA,CG,TT,GG,GG,CC,AT,GG,CG,AA,CC,AA,AA,CC,CC,AC,TT,AA,GG,AA,AA,AC,AA,AG,AG,AA,AA,AT,GG,AA,AA,CC,AC,TT,AA,AA,GG,GG,CG,TT,AT,AA,TT,TT,TT,AA,AT,GG,GG,AA,2.95,Moderate,Low,Premium,Late
L0484,Bengaluru Rural,Karnataka,Kharif,Red Sandy Loam,Rainfed,720,26.0,70,AA,TT,GG,AG,GG,CG,GG,AT,CC,GG,AA,CC,CC,TT,TT,GT,CG,TT,TT,AA,CC,GT,GG,CC,TT,CC,TT,TT,GG,AC,TT,CC,AG,CC,GG,GG,GG,CG,GG,CC,TT,CC,AA,TT,AA,AG,TT,AT,CG,AA,GT,AT,AA,GG,CT,GT,AA,AC,GT,AA,AA,TT,AT,AA,TT,TT,CC,GG,TT,GG,AG,GG,CC,AA,AA,AC,AT,AG,TT,TT,GG,GG,GG,CC,AT,GG,AA,NN,CG,GG,CC,TT,CC,TT,GT,GG,TT,AC,TT,CC,CC,CG,AG,AA,TT,TT,CC,AA,AA,AA,CT,GG,TT,CC,TT,AA,AA,TT,CC,GG,CC,AG,CC,GG,CT,AA,CC,CC,AC,CC,AA,TT,CC,AA,AC,CC,AG,AT,AG,AA,GG,NN,CC,GG,AA,AA,AA,CC,GT,CC,NN,AG,AA,GG,TT,AG,AA,TT,TT,GG,AC,TT,GT,CT,CC,AA,TT,TT,AA,TT,GG,CC,AA,CT,AC,CC,CG,CC,NN,GG,AG,CC,TT,CG,GT,GG,CG,TT,AA,AA,TT,CC,GG,AA,CC,CC,GG,GG,CC,GG,TT,AC,AA,CC,TT,AA,AC,AA,AT,GG,TT,TT,AA,CG,GT,AT,CC,AT,GT,AA,GG,AG,TT,AA,TT,CC,TT,AA,CC,TT,GG,AG,CC,AG,CC,TT,TT,TT,GG,TT,AC,CC,GG,GT,CC,CC,GG,CC,GG,AT,AA,CC,GG,GG,CC,CC,AT,GG,CG,AA,CC,AA,AA,AC,CG,AC,TT,AA,GG,AA,AA,AC,AA,GG,AA,AA,AA,AT,GG,CC,AA,AC,AC,CT,AA,AA,CG,GG,GG,TT,AT,AG,TT,TT,TT,AG,TT,GG,CG,AA,2.69,Moderate,Low,Standard,Early
L0485,Bengaluru Rural,Karnataka,Kharif,Red Sandy Loam,Rainfed,720,26.0,70,CC,TT,AG,AG,GG,CC,GG,NN,CC,CG,AA,CT,CC,TT,GT,GG,CG,TT,TT,AG,CC,GT,GT,CC,TT,CC,GT,TT,GG,AA,CT,CC,NN,CC,GG,GG,GG,CG,GG,CC,TT,TT,AA,TT,AA,AG,TT,AT,CC,AA,GG,AA,AA,GG,CC,TT,AA,AA,GT,AA,AA,TT,AT,AA,TT,AT,CC,GG,TT,GT,GG,GT,CC,AG,GG,AA,AA,GG,GT,TT,GG,GT,GG,CC,AA,AG,AA,AA,CC,TT,CC,TT,CC,TT,TT,GG,TT,CC,TT,CC,CT,CC,GG,AG,TT,TT,CC,AA,AA,AA,CT,GT,TT,CC,TT,AC,AA,TT,CC,AA,CC,GG,CC,GG,TT,AA,CT,CC,AC,CC,AA,TT,CC,AA,CC,CC,AA,TT,AA,AT,GG,CC,CC,GG,AA,GG,AA,CC,GT,CC,CG,AA,AA,GG,TT,AA,AA,TT,TT,GG,CC,TT,TT,TT,CC,AT,TT,TT,AA,TT,CG,CC,AA,CC,CC,CC,GG,CC,AA,AG,AA,CC,TT,CG,GT,TT,GG,TT,AA,AA,TT,CC,CG,AC,AC,CC,GG,GG,AC,GG,TT,CC,AA,CC,GG,AA,AC,AA,AA,GG,TT,TT,NN,GG,GG,AT,GG,AT,GT,NN,GG,AG,TT,AA,TT,CC,CT,AC,CC,TT,GG,AG,CC,AG,AC,TT,NN,GT,GG,TT,AC,CC,AA,GG,CC,CC,GG,CC,GG,AT,AA,CC,TT,GG,CG,CC,AA,AG,CC,AT,CC,AT,AG,AC,CC,AA,AT,AA,GG,AA,AA,AC,AA,GG,AA,AA,AA,TT,GG,NN,AG,AA,AC,CC,AA,AG,CC,GG,GG,TT,AT,AG,GT,TT,TT,AG,AT,GG,GG,AA,2.51,Susceptible,Medium,Standard,Early
L0486,Bengaluru Rural,Karnataka,Kharif,Red Sandy Loam,Rainfed,720,26.0,70,AC,CT,AG,AG,GG,CC,GG,TT,CC,CC,AA,CC,CC,TT,GT,GG,GG,TT,TT,AA,CG,GT,GG,CC,TT,CC,TT,TT,GG,AA,TT,CC,AA,CC,GG,GG,GG,CC,GG,CC,TT,CT,AA,TT,AA,GG,CT,TT,CC,AC,GG,NN,AA,GG,CC,GT,AT,AA,GG,AC,AA,GT,AT,AA,TT,AT,CC,GG,TT,GG,GG,GG,CC,AA,GG,AC,AA,GG,TT,TT,GG,TT,GG,CC,AA,GG,AG,NN,NN,GG,CC,TT,CC,TT,GT,GG,TT,CC,GT,CC,CC,CC,GG,AA,TT,TT,CC,AA,AA,AA,TT,GG,TT,CC,TT,AA,AA,AT,CC,AG,CG,GG,CC,GG,TT,AA,CC,CC,CC,CC,AA,TT,CC,AA,CC,CC,AA,TT,AA,AA,GG,CC,CC,GG,AA,AG,AT,CC,GG,CC,CC,AA,AA,AG,TT,GG,AC,GT,TT,GG,AC,TT,TT,TT,CC,AA,TT,TT,AA,TT,GG,CC,AG,TT,CC,CC,CG,CC,AA,GG,AA,CC,TT,CG,GT,GT,CG,AT,AA,AA,TT,CC,NN,CC,CC,CC,GG,GG,CC,GG,TT,AA,AA,CG,GG,AT,CC,AA,AT,GG,TT,TT,AA,GG,GG,AT,CG,TT,TT,AA,GG,AA,CT,AA,TT,CC,CT,AA,CC,CT,GG,AA,CC,GG,CC,TT,TT,GT,GG,TT,AA,AC,GG,GG,CC,CG,GG,CC,GG,TT,AA,CC,TT,GG,CC,CG,AA,GG,CC,AT,CC,AT,AA,CC,CC,AC,TT,AA,NN,AA,AC,AA,AA,AG,AG,AA,AA,TT,GG,AA,AA,AC,AA,CT,AG,AA,GG,AG,GG,TT,AA,AA,TT,TT,TT,GG,TT,GG,GG,AC,3.23,Resistant,High,Poor,Early
L0487,Bengaluru Rural,Karnataka,Kharif,Red Sandy Loam,Rainfed,720,26.0,70,CC,TT,NN,AG,GG,CC,GT,TT,CC,CC,AA,CT,CG,AT,TT,GG,GG,TT,TT,AA,CC,TT,GT,CC,TT,CC,TT,TT,GG,AA,TT,CC,AA,AC,AG,GG,GG,CG,GG,CC,TT,TT,AA,GT,AA,AG,TT,TT,CC,AA,GG,AA,GG,CG,CT,TT,AA,CC,GT,AC,AA,TT,TT,GG,TT,TT,CC,GG,TT,GT,AG,GG,CC,AA,GG,CC,AT,GG,TT,TT,GG,GG,GG,CC,AA,GG,AG,AA,NN,TT,AC,TT,CT,TT,TT,AG,CT,CC,GT,CC,CC,CG,GG,AA,AT,TT,CC,AA,GG,AC,CT,GG,GT,CC,TT,AA,AA,TT,GG,AG,CC,GG,CC,GT,CT,AA,CC,CC,CC,CC,AA,TT,CC,AA,CC,CC,AA,AA,AA,AT,CG,TT,CC,GG,AA,AA,AA,AC,GG,CC,CC,AA,AA,GG,TT,GG,AA,GT,CT,GG,AC,GT,TT,TT,CC,AT,GT,TT,AA,TT,GG,CC,AA,CC,CC,CC,CG,CC,AA,GG,AG,CC,GT,CC,GG,TT,GG,TT,AG,AG,TT,CC,GG,AA,AC,CC,GG,GG,AA,CG,TT,AA,AA,CG,GG,AA,AC,AA,AA,GT,TT,AT,AT,GG,GG,AA,CC,TT,TT,AA,GG,AA,TT,AA,TT,CG,TT,AC,AC,TT,CG,AA,CC,AG,CC,TT,TT,TT,GG,TT,AA,CC,AG,GG,CC,CG,GG,CC,GG,TT,AA,CC,TT,GG,CC,CC,AA,GG,CG,TT,CC,AA,AA,AA,CC,NN,TT,AA,GG,NN,AA,AA,AA,AG,AG,AG,AA,TT,CC,AA,AA,AC,AC,TT,AA,AA,GG,GG,GG,TT,AA,AA,TT,TT,TT,AA,AT,GG,GG,AA,5.75,Susceptible,Medium,Standard,Early
L0488,Bengaluru Rural,Karnataka,Kharif,Red Sandy Loam,Rainfed,720,26.0,70,AC,TT,GG,AA,GG,CC,GG,TT,CC,CG,AT,CC,CG,AT,TT,GT,GG,TT,TT,AG,CC,TT,TT,CC,TT,CC,TT,TT,GG,AA,TT,CC,AG,CC,GG,GG,GG,CG,GG,CC,TT,TT,AA,TT,AA,AG,TT,AT,CC,AC,GG,NN,AA,GG,CC,TT,AT,AA,GG,AA,AA,TT,TT,AG,TT,TT,CC,GG,TT,GG,AG,GG,CC,AA,GG,CC,AA,GG,TT,TT,GG,GT,GG,CC,AA,GG,AA,AA,CC,GG,CC,GT,CC,AT,TT,GG,TT,CC,GT,CT,CC,GG,AA,AG,TT,TT,CC,AA,AA,AA,CT,GG,TT,CG,TT,AA,AC,AT,CC,GG,CG,GG,CC,GG,TT,AA,CC,CC,CC,CC,AA,TT,CC,AA,CC,CT,AA,TT,AA,AT,GG,CC,CC,GG,AA,GG,AA,CC,GT,CC,CC,AA,AA,AG,TT,AG,AA,TT,TT,AG,CC,TT,GG,CT,CC,TT,TT,TT,AA,TT,GG,CG,AG,NN,CC,AA,CG,CC,AA,GG,AG,CC,TT,CG,GG,TT,GG,TT,AA,AA,TT,CC,GG,AA,AC,CC,GG,GG,AA,CG,TT,AC,AA,CG,GG,AA,CC,AT,AT,GG,GT,AT,AA,CG,TT,AT,CC,AT,GT,AA,GG,AA,CT,AA,TT,CC,TT,AA,CC,CT,GG,AG,CC,AA,CC,TT,TT,GG,GG,TT,AC,AC,AA,GG,CC,CC,GG,CC,GG,AT,AA,CG,TT,GG,CC,CC,AT,GG,CC,AA,CC,AA,AA,AC,CG,CC,AT,AA,GG,AA,AA,AC,AA,AG,AG,AA,AA,TT,GG,AA,AA,CC,AA,CC,AA,AA,GG,NN,GG,GT,AA,AA,TT,TT,TT,GG,TT,GG,GG,AA,4.62,Moderate,Medium,Premium,Early
L0489,Bengaluru Rural,Karnataka,Kharif,Red Sandy Loam,Rainfed,720,26.0,70,AA,TT,NN,AG,GG,CC,GG,AA,CC,GG,AA,CC,CC,TT,TT,GG,CG,TT,TT,AA,NN,GT,GT,CC,TT,CC,GT,TT,GT,AA,TT,CC,AA,CC,GG,GG,GG,CC,GG,AC,TT,CT,AA,TT,AA,AG,TT,AT,CC,AA,GT,AA,AA,GG,CC,TT,AA,CC,GT,AC,AA,TT,TT,AG,TT,TT,CC,GG,TT,GG,AG,GG,CC,AA,GG,AC,AA,GG,TT,TT,GG,GG,GG,CC,AA,GG,AA,AA,CC,GG,AC,TT,CT,TT,TT,GG,TT,CC,TT,CC,CT,CC,AG,AG,TT,TT,CC,AA,GG,AA,CC,GG,TT,CC,GT,AA,AA,TT,CG,AA,CC,GG,CC,TT,CT,AA,CC,CC,CC,CC,AA,TT,CC,NN,CC,CC,AG,TT,AA,AA,CG,CC,CG,AG,AA,AG,AA,CC,GG,CC,CC,AA,AA,GG,TT,GG,CC,TT,CT,GG,AC,GT,GT,TT,CG,AA,TT,TT,AA,NN,GG,CC,AA,CC,AC,CC,GG,CC,AA,GG,AG,CC,TT,CC,GT,TT,GG,AT,AA,AG,TT,CC,GG,AC,AC,CG,GG,GG,AC,GG,TT,AC,AA,CC,GG,AT,AC,AT,AA,GG,TT,TT,AA,CG,GG,AT,GG,AT,GG,AA,GG,AA,TT,AA,NN,CC,TT,AA,CC,CT,CG,AG,CC,AG,CC,TT,TT,TT,NN,TT,AA,AC,AG,GG,CC,CG,GG,CC,GG,AT,AA,CC,GT,GG,CC,CC,AA,AG,CC,AA,CC,AA,AA,AC,CG,CC,TT,AA,GG,AA,AA,AC,AA,AA,AG,AG,AA,TT,GG,AA,GG,AA,AA,TT,AA,AA,GG,GG,GG,TT,AT,AA,TT,TT,TT,AA,AT,GG,GG,AA,4.59,Susceptible,Medium,Standard,Late
L0490,Bengaluru Rural,Karnataka,Kharif,Red Sandy Loam,Rainfed,720,26.0,70,AC,TT,AG,AA,GG,CC,GG,AT,CC,CC,AA,CC,CG,AA,TT,GG,CG,TT,TT,AA,CG,GT,TT,CT,TT,CC,TT,TT,GG,AA,TT,CC,AA,AC,GG,GG,GG,CC,GG,CC,TT,TT,AA,GT,AA,AG,CT,TT,CC,AC,GT,AA,AA,GG,CC,GT,AA,AA,GT,AC,AA,TT,TT,AA,TT,TT,CC,GG,TT,GG,AG,GT,CC,AA,AA,AA,AT,GG,GT,TT,GG,GT,GG,CC,AT,GG,AA,AA,CC,GT,CC,TT,CC,TT,TT,GG,CT,CC,GT,CT,CT,CG,AG,AA,TT,TT,CC,AA,AA,CC,CT,GG,TT,CC,TT,AA,CC,TT,CG,GG,CC,AG,CC,GG,CT,AA,CC,CC,AC,CC,AA,TT,AC,AA,CC,CC,AA,TT,AA,AA,CG,CC,CC,GG,AA,AG,AA,CC,GG,CC,CG,AA,AG,GG,TT,AG,CC,GT,TT,GG,CC,TT,TT,TT,CC,AA,TT,TT,AT,TT,CG,CC,AA,CT,CC,CC,GG,CC,AA,AG,AA,CC,TT,CC,GG,TT,GG,AT,AG,AA,GT,CC,GG,AA,AC,CC,GG,GG,AA,GG,TT,AC,AA,CC,GG,AA,CC,AA,AT,GG,TT,TT,AA,CG,GT,AT,CC,TT,TT,AT,GG,AA,CT,AA,TT,CC,TT,AA,AC,CT,CG,AG,CC,GG,CC,TT,CT,GG,GG,NN,AA,CC,AG,GG,CC,CC,GG,CC,GG,TT,AA,CG,TT,GG,CC,CC,AA,AG,CC,AT,CC,AA,AA,CC,CG,AC,AT,AA,GG,AA,AA,CC,AA,AG,GG,AA,AA,TT,CG,AA,AG,NN,CC,TT,AA,AA,GG,GG,GG,TT,AA,AA,GT,TT,TT,AA,TT,GG,GG,AA,4.68,Moderate,Low,Standard,Early
L0491,Bengaluru Rural,Karnataka,Kharif,Red Sandy Loam,Rainfed,720,26.0,70,AA,TT,AG,GG,GG,CC,GT,AA,CC,CG,AA,CC,CC,TT,TT,GG,GG,TT,TT,AA,CC,TT,TT,CT,TT,CC,TT,TT,GG,NN,CT,CC,AA,CC,GG,CG,GG,CG,GG,CC,TT,CT,AA,TT,AA,AG,TT,AT,CC,AC,GG,AT,AA,GG,NN,GT,AA,AA,TT,AA,AA,GT,TT,AG,TT,TT,CC,GG,TT,GG,AG,GG,CC,AA,AG,AA,AT,GG,NN,TT,GG,GG,GT,CC,AA,AG,AA,AA,CC,TT,CC,TT,CC,TT,TT,GG,TT,CC,GT,CT,CC,CC,AG,AA,AT,NN,CG,AG,AA,AA,CT,GG,TT,CC,TT,CC,AA,TT,CC,GG,CC,GG,CC,GG,TT,AG,CC,CC,CC,CC,AA,TT,CC,AA,CC,CT,AA,AT,AA,TT,GG,CC,CC,GG,AA,AG,AA,CC,GG,CC,CC,AA,AA,GG,TT,GG,AC,TT,TT,GG,AC,GT,TT,TT,CG,AT,TT,TT,AT,TT,GG,CC,AA,CC,CC,CC,GG,CC,AA,GG,AA,CC,TT,CG,GG,TT,NN,AT,AA,AA,TT,CC,GG,AC,CC,CC,CG,GG,AA,GG,TT,AC,AG,CC,GG,AA,CC,AT,NN,GT,GT,TT,AT,GG,GT,AA,CG,TT,TT,AA,GG,AA,CT,AA,TT,CC,TT,AC,CC,TT,CG,AA,CC,GG,CC,AT,CT,GT,GG,TT,AA,AC,AG,GG,CC,CG,GG,CC,GG,AA,AA,CC,GT,GG,CC,CC,AA,AG,CG,AT,CC,AA,AA,AA,CC,CC,TT,AA,GG,AA,AA,AA,AA,AG,GG,AG,AA,TT,GG,AA,AA,AC,NN,CT,AA,AG,GG,GG,GG,TT,AT,AA,GT,TT,TT,GG,TT,GG,GG,AC,3.58,Resistant,Medium,Poor,Early
L0492,Bengaluru Rural,Karnataka,Kharif,Red Sandy Loam,Rainfed,720,26.0,70,AC,TT,GG,AA,NN,CC,GG,AT,CC,GG,AA,CC,NN,TT,TT,GG,GG,AT,TT,AG,CC,TT,GG,CC,TT,CC,TT,TT,GG,AA,TT,CC,AA,CC,AG,GG,GG,CC,GG,CC,TT,TT,AA,GG,AA,AG,TT,AT,CC,CC,GG,AA,AA,GG,CC,TT,AA,AA,GG,AA,AG,TT,TT,AG,TT,AT,CC,GG,TT,GT,AG,GT,CC,AA,AG,AA,TT,GG,TT,TT,AG,GG,GG,CC,AA,GG,AA,AA,CC,TT,CC,TT,CT,TT,GG,GG,CT,CC,TT,CT,CC,CC,AG,AA,AT,TT,CC,AA,AA,AA,CC,GG,TT,CG,GT,AA,AA,TT,CG,AG,CC,GG,CC,GT,CT,AA,CC,CC,CC,CG,AA,TT,CC,AA,CC,CT,AA,TT,AA,AT,GG,CC,CC,GG,AA,GG,AA,CC,GT,CC,CC,AA,AA,AG,TT,AG,AA,GG,CT,AG,CC,TT,GT,TT,CG,TT,GT,TT,AT,TT,CG,CC,AA,CC,CC,CC,CG,CC,AA,GG,AG,CC,TT,CC,GG,TT,CG,AA,AA,AA,TT,AC,GG,AC,CC,CG,GG,GG,AC,GG,TT,AA,AA,CC,TT,AA,CC,AA,AA,GG,TT,TT,AT,GG,GT,AA,CG,AT,GT,AA,GG,AA,TT,AA,TT,CC,TT,AA,CC,CT,GG,AA,CG,AG,CC,TT,TT,GT,GG,TT,AA,AC,NN,GG,CC,CC,GG,CC,GG,NN,AA,CC,TT,GG,CC,CC,AA,GG,CG,AT,CC,TT,AA,CC,GG,AC,AT,AA,GG,AA,AA,AC,AA,GG,AG,AA,AA,TT,GG,AA,AA,AC,AA,TT,AA,AA,GG,GG,GG,TT,AA,AA,TT,TT,TT,AA,TT,GG,GG,AA,5.5,Moderate,Low,Premium,Medium
L0493,Bengaluru Rural,Karnataka,Kharif,Red Sandy Loam,Rainfed,720,26.0,70,AC,CT,GG,AG,GG,CC,GG,TT,CC,CG,AA,CC,CC,AT,GT,GT,GG,TT,TT,AG,CC,GT,GT,CC,TT,CC,TT,TT,GG,AA,TT,CT,AA,CC,NN,CG,GG,CC,GG,CC,TT,CT,AA,TT,AA,AA,CT,AT,CC,AA,GG,TT,AA,GG,CC,TT,AA,AC,GT,AA,AA,TT,AT,AA,TT,AT,CC,GG,TT,GG,AA,GG,CC,AA,GG,AC,TT,GG,TT,TT,GG,GT,GG,AC,AA,GG,AA,AA,NN,GT,CC,TT,CT,TT,TT,GG,CT,CC,GT,CC,CC,CG,GG,AA,TT,TT,CC,AA,AA,AA,TT,GG,TT,CC,TT,AA,AA,TT,CC,GG,CC,AG,CC,GT,CT,AA,CC,CC,CC,CC,AG,GT,CC,AA,CC,CT,AA,AT,AA,AT,CG,CC,CC,GG,AA,AA,AA,CC,GT,CC,CC,AA,AA,GG,TT,GG,AC,GT,TT,GG,AC,TT,TT,TT,CG,AT,TT,TT,AT,AT,GG,CC,AG,CC,CC,AC,GG,CC,AA,GG,GG,CC,GT,CC,GG,GT,GG,TT,AA,AA,TT,CC,GG,AA,CC,CC,GG,GG,NN,GG,TT,AC,AA,CC,GG,AA,AC,AA,AA,GG,TT,AA,AA,GG,GT,TT,CC,AT,GT,AA,GG,AA,CT,AA,TT,CC,TT,AA,AC,TT,CG,AA,CG,AG,CC,AT,CT,GT,GG,AT,AA,AA,AA,GG,CC,CG,GG,CC,GT,TT,AA,CC,GT,AG,CC,CC,AA,GG,CC,AT,CC,AA,AA,CC,CG,AA,TT,AA,GG,AA,AA,AC,NN,AG,AG,AG,AA,TT,CG,AA,AA,AA,AC,CC,AA,AG,GG,GG,GG,TT,AT,AA,GT,TT,TT,AA,AT,GG,GG,AC,3.64,Resistant,Low,Poor,Late
L0494,Bengaluru Rural,Karnataka,Kharif,Red Sandy Loam,Rainfed,720,26.0,70,AA,TT,GG,GG,GG,CC,GT,AT,CC,CC,AA,CC,CG,TT,GT,GG,GG,TT,TT,AA,CC,TT,GG,CT,TT,CC,GT,TT,GG,AA,TT,CC,AA,CC,GG,CG,GG,CC,GG,AC,TT,CT,AA,TT,AA,AG,CT,TT,CC,AC,GT,AA,AA,GG,CC,TT,AA,AA,GT,AA,AA,GT,TT,AA,TT,TT,NN,GG,TT,GT,GG,GG,CC,AA,GG,AA,AA,GG,TT,TT,GG,GT,GG,AC,AT,GG,AA,AA,CC,GT,AC,TT,CC,TT,TT,GG,TT,CC,GT,CC,CC,CC,AG,AA,TT,TT,CC,AA,GG,AC,CC,GG,TT,CC,TT,AA,AA,TT,CG,AG,CG,GG,CT,GT,CT,AA,CC,CC,CC,CC,AA,TT,AC,AA,CC,CC,AA,AT,AA,AA,GG,CT,CC,GG,AA,AG,AA,CC,GT,NN,CC,AA,AA,GG,TT,AG,AC,GG,TT,GG,CC,TT,GT,TT,CG,AA,GT,TT,AT,TT,GG,CC,AA,CC,CC,CC,CC,CC,AA,AG,AA,CC,TT,CC,GG,TT,GG,TT,AA,AA,TT,AC,GG,AC,CC,CC,GG,GG,CC,NN,TT,AC,AG,CG,GT,AA,AC,AA,AA,GG,TT,TT,AT,GG,GT,AT,CC,TT,GT,AA,GG,AA,TT,AA,TT,CC,TT,AC,AA,CT,GG,AA,CC,GG,AC,TT,CT,GT,GG,AT,AA,CC,AA,GG,CC,CC,CG,CC,GG,AT,AA,CC,GT,GG,CC,CC,AT,GG,CG,AT,NN,AT,AA,AC,CG,AC,TT,AG,GG,AA,AA,AA,AA,GG,AG,AA,AA,TT,CG,AA,AA,AC,AC,CT,AA,AA,CG,GG,GG,TT,AA,AA,NN,TT,TT,AG,AT,GG,GG,AA,2.5,Susceptible,Low,Standard,Medium
L0495,Bengaluru Rural,Karnataka,Kharif,Red Sandy Loam,Rainfed,720,26.0,70,CC,TT,GG,AG,GG,CC,GT,AT,CC,CC,AA,CT,CG,TT,TT,GG,CG,TT,TT,AG,CC,GG,TT,CC,AT,CC,GT,NN,GT,AA,TT,CC,AA,CC,GG,CG,GG,CC,GG,CC,TT,CT,AA,TT,AA,GG,TT,TT,CC,CC,GG,AA,AA,GG,CC,TT,AA,AC,GG,AA,AG,GT,AT,AA,TT,TT,CC,GG,TT,GG,AA,GT,AC,AA,GG,AA,AT,GG,GT,TT,GG,GT,NN,CC,AT,GG,AA,AA,CG,GT,CC,TT,CT,AT,TT,GG,TT,CC,TT,CC,CC,CG,AG,AG,TT,TT,CC,AA,AG,AA,CT,GG,TT,CC,TT,AC,AA,AT,CC,AA,CC,NN,CT,GG,TT,AA,CC,CC,CC,CC,AA,TT,CC,AA,CC,CC,AA,TT,AA,AA,GG,CT,CC,GG,AG,AG,AA,CC,TT,CC,CC,AA,AA,AG,TT,NN,AC,TT,TT,GG,AC,TT,TT,TT,CG,AA,NN,TT,AT,TT,GG,CC,AA,TT,CC,CC,GG,CC,AA,GG,GG,CC,TT,CG,GT,TT,CG,TT,AA,AA,TT,CC,GG,AA,CC,CC,GG,GG,AA,GG,TT,AA,AA,CC,GG,NN,CC,AA,TT,GT,TT,TT,AA,CG,GT,AA,CC,TT,NN,AA,GG,AA,CC,AA,AT,CC,CT,AA,CC,TT,CG,AA,CC,AA,NN,TT,CT,GT,GG,AT,AA,AC,AA,GG,CC,CC,GG,CC,GG,AT,AA,CC,TT,GG,CC,CC,AA,GG,CC,AT,CG,AA,AG,AC,CG,CC,TT,AA,GG,AA,AA,AA,CC,AA,AA,AA,AA,AT,GG,AA,AG,AC,AA,TT,AA,NN,GG,AG,GG,TT,AA,AA,TT,TT,TT,AA,TT,GG,GG,NN,2.9,Moderate,High,Standard,Medium
L0496,Bengaluru Rural,Karnataka,Kharif,Red Sandy Loam,Rainfed,720,26.0,70,AA,TT,GG,AG,CG,CC,GT,TT,CC,CG,AA,CC,CC,TT,TT,GG,CG,TT,TT,AG,CC,TT,GT,NN,TT,CC,GT,TT,GG,AA,NN,CC,AA,CC,GG,CG,GG,CG,NN,CC,TT,TT,AC,GT,AG,AG,TT,TT,CC,CC,GT,AA,AA,GG,CT,TT,AA,AC,GT,AA,AA,GT,TT,AG,TT,TT,CC,GG,TT,GT,AA,GT,AC,AA,GG,AA,AA,AG,GT,TT,GG,GG,GG,CC,AT,GG,AA,AA,CC,GT,CC,TT,CT,AT,GT,GG,TT,CC,GT,CC,CC,CC,AG,AA,TT,TT,CG,AG,AG,AA,CC,GG,TT,CC,TT,AC,AA,TT,CG,AG,CC,GG,CC,TT,CT,AG,CC,CC,CC,CC,AA,GT,CC,AA,CC,CT,AA,TT,AA,AT,GG,CC,CC,GG,AA,GG,AA,CC,GG,CC,CC,AA,AA,GG,GT,GG,AC,TT,CT,GG,AC,TT,GT,TT,CC,AA,GT,TT,AA,TT,GG,CC,AG,TT,CC,CC,GG,CC,AT,GG,AA,AC,TT,CC,GT,TT,GG,TT,AA,AA,TT,CC,GG,AA,CC,CC,GG,GG,AA,GG,TT,CC,AA,CG,GG,AA,AC,AA,TT,GG,TT,TT,AT,CG,GG,TT,CC,TT,GG,AA,GG,AA,CT,AA,AT,CC,TT,AC,AC,TT,CG,AG,CG,AG,CC,TT,CT,GG,GG,TT,AA,AC,AG,GG,CG,CG,NN,CC,NN,TT,AA,CG,TT,GG,CC,CC,AA,GG,CC,AT,CC,AA,AA,CC,CG,AC,TT,AA,GG,AA,AA,AA,AA,AG,AG,AA,AA,TT,GG,AA,AG,AA,AA,TT,AA,AA,GG,GG,GG,GT,AA,AA,GT,TT,TT,AA,AT,GG,GG,AC,2.67,Susceptible,High,Poor,Late
L0497,Bengaluru Rural,Karnataka,Kharif,Red Sandy Loam,Rainfed,720,26.0,70,AC,TT,AG,AG,GG,CC,GT,TT,CC,CC,NN,TT,CG,TT,TT,GG,GG,TT,TT,AA,CC,TT,TT,CC,AT,CC,TT,TT,GG,AA,CT,CC,AA,NN,GG,CG,GG,GG,GG,CC,NN,TT,AA,TT,AG,GG,TT,TT,CC,AA,GT,AA,AA,GG,CC,TT,AA,AA,GG,AC,AA,TT,TT,AA,NN,TT,CC,GG,TT,GG,AA,GT,CC,AA,AG,AA,AT,AG,TT,NN,AG,GT,GG,CC,AA,GG,AA,AA,CC,TT,CC,TT,CC,TT,TT,GG,TT,AA,GG,CC,CC,CC,GG,AG,TT,TT,CG,AG,AA,AA,CT,GG,TT,CG,TT,AC,AA,TT,CC,AG,CC,GG,CC,GG,TT,AG,CC,CC,AC,CG,AA,TT,CC,AA,CC,CC,AA,AT,AA,AA,GG,CC,CC,GG,AA,AA,AA,AC,GG,CC,GG,AA,GG,AG,TT,AG,AC,TT,CC,GG,AC,GT,TT,TT,CC,TT,TT,CT,AT,TT,GG,CC,AA,CC,CC,CC,CG,CC,AA,AG,AG,CC,TT,CC,TT,GT,GG,AT,AA,AA,TT,CC,GG,AA,CC,CC,GG,GG,AC,GG,TT,AC,AA,CC,GG,AT,AC,AA,AT,GG,TT,AA,AT,GG,GG,AT,CG,TT,TT,AA,GG,AA,CT,AA,AT,CC,TT,AA,AC,NN,GG,AG,CC,AA,CC,TT,TT,TT,GG,TT,AA,AC,AA,GG,CC,CC,GG,CC,GG,AT,AG,CG,GT,GG,CC,CC,AA,AG,CC,AT,CG,AT,AA,AA,CG,CC,TT,AA,GG,AA,AA,AA,AA,GG,AG,AG,AA,TT,NN,NN,AG,AC,AA,TT,AA,AA,GG,GG,GG,GT,AT,AA,GT,TT,TT,AG,AT,NN,GG,AA,4.18,Susceptible,Medium,Premium,Early
L0498,Bengaluru Rural,Karnataka,Kharif,Red Sandy Loam,Rainfed,720,26.0,70,AC,TT,GG,AA,GG,CC,GG,TT,CC,CG,AA,CC,CG,TT,GG,GG,GG,TT,TT,AA,CC,TT,TT,CC,TT,CC,TT,TT,GT,AA,TT,CC,AA,CC,GG,GG,GG,CG,GG,CC,TT,CT,AA,TT,AA,GG,CT,TT,CC,AA,GG,AA,AA,GG,CT,TT,AA,AA,GT,AC,AA,TT,TT,AA,TT,TT,CC,GG,TT,GG,AA,GG,CC,AA,AG,AC,AT,GG,GT,TT,GG,GG,GG,CC,AA,GG,AA,AA,CC,GT,AC,TT,CC,TT,GG,AG,TT,AC,GT,CT,CC,CC,AA,AA,TT,TT,CC,AA,AA,AA,CC,GG,TT,CG,TT,AA,AC,TT,CC,NN,CG,GG,CC,GG,CT,AA,CC,CC,CC,CG,AA,GT,CC,AA,CC,CC,AA,TT,AA,AT,GG,CC,CC,GG,AA,NN,AA,CC,GG,CC,CC,AG,GG,GG,GG,GG,AC,TT,TT,GG,CC,TT,TT,CT,CG,TT,GT,TT,AA,TT,GG,CC,AA,CC,AC,CC,GG,CC,AT,GG,AG,CC,TT,CC,GT,TT,GG,AT,AA,AG,TT,CC,GG,AA,CC,CC,GG,GG,CC,GG,TT,NN,AA,CC,GG,AT,AC,AA,AT,GG,TT,TT,AT,CG,GT,AT,CC,AT,TT,AA,GG,AA,TT,AC,TT,CC,TT,AA,CC,TT,CG,AG,CC,GG,AA,AT,TT,GT,GG,TT,AA,AC,AA,GG,CC,CC,GG,CC,GG,AT,AA,CC,GT,AG,CC,CC,AA,GG,CG,AT,CG,AA,AA,AC,CG,AC,NN,AA,GG,AA,AA,AC,AA,GG,AA,AG,AA,AT,GG,AC,AG,CC,AA,TT,AA,AG,CG,GG,GG,TT,AA,AA,TT,TT,AT,AG,AT,CG,GG,AC,6.67,Resistant,Low,Premium,Early
L0499,Bengaluru Rural,Karnataka,Kharif,Red Sandy Loam,Rainfed,720,26.0,70,AA,TT,AG,AG,GG,CC,GT,TT,CC,CG,AA,CC,CG,TT,GT,GG,GG,TT,TT,AA,CC,TT,GG,CT,TT,CC,TT,TT,GT,AC,TT,CC,AA,CC,GG,GG,GG,CC,GG,CC,TT,CT,AA,TT,AA,AG,TT,AT,CC,AC,GG,AA,AA,GG,CC,GT,AT,AC,GT,CC,AA,GT,AT,AG,TT,TT,CC,GG,TT,GG,GG,GG,CC,AA,GG,AC,TT,GG,TT,TT,GG,GG,GG,CC,AA,GG,AA,AA,CC,TT,CC,TT,CT,AT,TT,GG,CT,CC,GT,CC,CC,CG,AG,AG,TT,TT,CC,AA,AG,AC,CT,GG,TT,CC,TT,AA,AA,AT,CC,GG,GG,AG,CC,GG,CT,AA,CC,CC,CC,CC,AA,GG,CC,AA,CC,CC,AA,AT,AA,AA,GG,CC,CC,GG,AA,AG,AA,AC,GG,CC,CC,AA,AA,GG,GT,GG,AA,TT,TT,GG,CC,TT,TT,TT,CC,TT,TT,TT,AA,TT,GG,CC,AG,CC,CC,CC,GG,CC,AA,GG,AG,CC,TT,CG,GT,TT,GG,TT,AA,AA,NN,CC,GG,CC,CC,CC,GG,GG,AA,GG,TT,AA,AA,CG,GG,AT,NN,AA,AT,GT,TT,AA,AA,CG,GT,AA,CC,AT,TT,AA,GG,AA,TT,AA,TT,CC,TT,AC,AC,TT,GG,AA,CC,AG,CC,TT,CT,TT,GG,AT,AA,AC,AA,GG,CC,CC,GG,CC,GG,TT,AA,CC,GG,GG,CC,CC,AT,GG,CC,AA,CC,AA,AA,CC,CC,AC,TT,AA,GG,AA,AA,AA,AA,AG,AA,AA,NN,AT,GG,AC,AA,AA,AA,NN,NN,AG,GG,GG,CG,GT,AA,AA,TT,TT,TT,AG,AT,CG,GG,AA,5.96,Moderate,Low,Poor,Early
L0500,Bengaluru Rural,Karnataka,Kharif,Red Sandy Loam,Rainfed,720,26.0,70,AC,TT,GG,GG,GG,CC,GT,TT,CC,CG,AA,CC,CG,TT,TT,GG,GG,TT,TT,AA,CC,TT,NN,CT,TT,CC,GT,AT,GG,AA,TT,TT,AA,CC,GG,CG,GG,CC,GG,CC,TT,CT,AA,TT,AA,GG,TT,TT,CC,CC,GG,AA,AA,GG,CC,TT,AA,AA,GT,AC,AA,TT,TT,AA,CT,TT,CC,GG,TT,GG,AG,GG,CC,AA,NN,AA,TT,AG,TT,TT,GG,GG,GG,CC,TT,GG,AA,AA,CC,TT,CC,TT,CT,TT,TT,GG,TT,CC,GT,CC,CC,CC,GG,AA,TT,TT,CC,AG,AA,NN,CC,GG,TT,CC,TT,AA,AA,TT,CG,GG,CC,AG,CC,GT,CT,AA,CT,CC,AC,CC,AA,TT,CC,AA,CC,CC,AA,AT,AA,AA,GG,CC,CC,GG,AA,AA,AA,CC,GG,CG,CC,AA,AG,AA,TT,GG,AA,GT,CC,GG,CC,GT,TT,TT,CC,AT,TT,TT,AA,AT,CG,CC,AG,CC,CC,CC,GG,CC,AA,GG,AA,CC,TT,CC,GG,GT,CG,AT,AA,AA,TT,CC,CG,AA,CC,CC,GG,GG,AC,GG,NN,AC,AG,CG,GG,TT,AC,AA,AA,GG,GT,TT,AA,GG,GG,AA,CC,AT,TT,AA,GG,AA,TT,AA,TT,CC,TT,AA,AC,CT,GG,AG,CC,GG,CC,TT,CT,TT,GG,TT,AA,CC,AA,GG,CC,CG,GG,CC,GG,AT,AA,CC,TT,GG,CC,CC,AT,GG,CC,AA,CC,AA,AA,AC,CC,CC,TT,AA,GG,AA,AC,AC,AA,AG,AG,AG,AA,TT,GG,AC,AA,AC,AA,CT,AA,AA,GG,GG,GG,TT,AA,AG,TT,TT,TT,AA,TT,GG,CG,AC,2.58,Resistant,Medium,Premium,Early
L0501,Bengaluru Rural,Karnataka,Kharif,Red Sandy Loam,Rainfed,720,26.0,70,AC,TT,GG,GG,GG,CG,GG,TT,CC,CG,AA,CC,CG,AT,TT,GT,GG,TT,TT,AA,CG,TT,GT,CC,TT,CC,TT,AT,GT,AA,TT,CC,AG,CC,GG,CG,GG,CC,GG,CC,TT,CT,AA,GT,AA,AG,TT,TT,CC,AC,NN,AA,AA,GG,CC,TT,AA,AC,GT,AC,AA,TT,AA,AA,CT,AT,CC,GG,TT,GT,AA,GG,CC,AA,GG,AA,AT,GG,TT,TT,AG,GG,GG,CC,AA,GG,AG,AA,CC,GT,CC,TT,CT,TT,GG,GG,TT,CC,GG,CC,CT,CG,AG,AA,TT,TT,CC,AA,GG,AA,CC,GG,TT,CC,TT,AA,AA,TT,CG,GG,CC,GG,CT,GT,TT,AA,CT,CC,AC,CC,AA,TT,CC,AA,CC,CC,AA,TT,AA,AT,GG,CT,CC,AG,AA,AG,AT,CC,GG,CC,CG,AA,AA,GG,TT,AG,AC,GT,TT,GG,AC,TT,TT,TT,CG,AT,NN,TT,AA,TT,CG,CG,AA,CT,CC,CC,GG,CC,AA,GG,AG,CC,TT,CC,TT,GT,GG,AT,AA,AA,TT,CC,CG,AA,CC,CC,GG,GG,AA,GG,TT,AA,AA,CC,GG,AT,CC,AA,AT,GG,GT,AT,AT,NN,TT,AA,CC,TT,TT,AA,GG,AA,NN,AA,TT,CC,TT,AC,CC,TT,GG,AA,CC,AG,CC,TT,TT,GT,NN,TT,AA,CC,GG,GG,CG,CG,GG,CC,GG,AT,AA,CC,GT,AG,CC,CG,AA,GG,CC,AA,CC,AA,AA,AC,CC,CC,TT,AA,GG,NN,AA,AC,AA,GG,AG,AA,AA,TT,GG,AA,AG,CC,AA,TT,AG,AA,GG,GG,GG,TT,AA,AA,TT,AT,TT,GG,TT,GG,CG,AA,2.07,Susceptible,High,Poor,Medium
L0502,Bengaluru Rural,Karnataka,Kharif,Red Sandy Loam,Rainfed,720,26.0,70,AA,TT,GG,AG,GG,CC,GT,TT,CC,CC,AA,CT,CC,NN,TT,GG,GG,TT,TT,AA,CC,TT,GG,CC,AT,CC,TT,TT,GG,AA,NN,CC,AA,CC,AG,GG,GG,CG,GG,NN,TT,CT,AA,TT,AA,NN,TT,TT,CC,CC,GT,AT,AA,GG,CC,GT,AA,AC,GT,AA,AA,GT,AT,AA,CT,TT,CC,GG,TT,GG,AA,GG,CC,AA,GG,AC,AA,GG,TT,TT,GG,GG,GG,CC,AA,GG,AA,AA,CC,GT,CC,TT,CT,TT,TT,GG,TT,CC,TT,CC,CT,CC,AG,AG,TT,GT,CC,AG,AG,AC,CC,GG,TT,CC,TT,NN,AC,TT,CC,AG,CC,GG,CT,GG,CT,AA,CT,CC,CC,CC,AA,TT,CC,AA,CC,CC,AA,TT,AA,AT,GG,CT,CC,AG,AG,AG,AA,CC,GG,CG,CC,AA,AA,GG,TT,AG,AA,GG,CC,GG,AC,GG,TT,CT,CG,AA,GT,TT,AA,TT,CG,CC,AA,CC,CC,CC,GG,CC,AA,GG,AA,CC,TT,CC,GG,TT,CG,TT,AA,AG,TT,CC,CG,AA,CC,CC,GG,GG,AA,GG,TT,AA,AA,CC,GG,AA,CC,AA,AA,GG,GT,AA,AT,CG,TT,AA,CC,TT,GG,AA,AG,AA,CT,AA,TT,CC,TT,AC,CC,CT,GG,AG,CC,AG,CC,TT,CT,GT,GG,NN,AA,AC,AA,TT,CC,CG,GG,CC,GG,AT,AA,CC,GG,GG,CC,CC,AA,GG,CC,AA,CC,AA,AG,CC,CC,AC,TT,AA,NN,AA,AC,AA,AA,AA,AA,AA,AG,TT,GG,AC,AA,CC,AA,TT,AG,AA,GG,GG,GG,TT,AT,AA,GT,TT,TT,AG,TT,GG,GG,AA,5.77,Susceptible,Low,Poor,Early
L0503,Bengaluru Rural,Karnataka,Kharif,Red Sandy Loam,Rainfed,720,26.0,70,AC,TT,AG,AA,GG,CG,GG,TT,CC,CC,AA,CT,CC,TT,TT,GG,GG,TT,TT,AG,CC,TT,GT,CT,TT,CC,GG,NN,GT,AA,TT,CT,AA,CC,AG,CG,GG,CG,GG,CC,TT,CT,AA,TT,AG,AG,TT,AT,CC,AA,GG,AA,AA,GG,CT,TT,AA,AC,GT,AA,AA,TT,AT,AG,TT,AT,NN,GG,TT,GT,AA,GG,CC,AA,AG,AA,AA,GG,TT,TT,GG,GG,GG,CC,AT,GG,AA,AT,CC,TT,AA,TT,CC,TT,TT,GG,TT,CC,TT,CC,CT,CG,GG,AA,TT,TT,CG,AA,AA,CC,CT,GG,GT,CC,NN,AA,AA,TT,CG,GG,CC,GG,CC,GT,CT,AA,CC,CC,CC,CC,AA,TT,CC,AA,CC,CT,AA,TT,AA,AT,GG,CC,CC,GG,AA,AG,AT,CC,GT,CC,CC,AA,AA,GG,GT,GG,AA,TT,CT,GG,CC,GG,GG,TT,CC,AA,GT,TT,AA,TT,GG,CC,AA,CT,CC,CC,GG,CC,AA,GG,AA,CC,TT,CC,GG,TT,GG,TT,AA,AA,TT,AC,CC,AA,CC,CC,GG,GG,AA,GG,TT,AA,AA,CC,GG,NN,CC,AA,AT,GG,TT,AT,AT,GG,TT,AA,CC,TT,TT,AA,GG,AA,TT,CC,TT,CC,CC,AA,CC,CT,GG,AA,CC,GG,CC,TT,TT,TT,CG,AT,AA,AA,AG,GG,NN,CC,GG,CC,GG,AT,AG,CC,GT,GG,CC,CG,AA,GG,CC,AA,CC,AT,AA,AC,CC,CC,TT,AA,GG,AA,AA,AC,AA,AG,GG,AG,AA,TT,GG,AC,GG,AC,NN,TT,AA,AG,GG,GG,GG,TT,AA,AA,TT,TT,TT,AA,AT,GG,GG,AA,2.33,Susceptible,Low,Premium,Late
L0504,Bengaluru Rural,Karnataka,Kharif,Red Sandy Loam,Rainfed,720,26.0,70,AA,TT,GG,AG,GG,CC,GG,TT,CC,CC,AA,CC,GG,TT,TT,GG,CG,TT,TT,AA,CC,GT,TT,CC,TT,CT,GT,TT,GG,AA,TT,CC,AA,AC,GG,CG,GG,GG,GG,CC,TT,TT,AC,GT,AG,GG,TT,AT,CC,CC,GG,AA,AA,GG,CC,TT,AA,AA,GG,AA,AA,TT,TT,AA,TT,TT,CC,GG,TT,GT,AG,GG,CC,AA,AG,AC,AT,GG,TT,TT,AG,GG,GG,CC,AA,GG,AA,AA,CC,TT,CC,TT,CC,AA,GT,GG,CT,CC,TT,CC,CC,CC,AA,AA,TT,GT,CC,AA,AA,AA,CT,GG,GT,CG,GG,AA,AC,TT,CC,AG,CC,AG,CC,GT,TT,AG,CC,CC,CC,CC,AA,TT,CC,AA,AC,CT,AA,TT,AA,AA,GG,CC,CC,GG,AG,AA,AA,AC,NN,CC,CC,AG,AG,AG,TT,GG,AA,GT,TT,GG,CC,TT,TT,TT,CC,AA,NN,TT,NN,TT,GG,CC,AA,CC,CC,CC,GG,CC,AA,GG,AG,CC,TT,CC,GG,GT,GG,AT,AA,AA,TT,NN,GG,AC,AC,CC,GG,GG,AC,GG,TT,AC,AA,CC,GG,AA,AC,AA,AA,GG,GT,AA,AA,GG,GT,TT,CC,AT,TT,AA,GG,AA,CT,AA,TT,CC,TT,CC,CC,TT,CC,AG,NN,AG,CC,TT,CT,GG,GG,TT,AA,CC,NN,GT,CC,GG,CG,CC,GT,TT,AA,CG,TT,NN,CC,CG,AA,GG,CG,AA,CG,AA,AG,CC,CC,AC,AT,AG,GG,AA,AA,NN,AA,AG,GG,AA,AA,TT,GG,AA,AG,AC,AA,CT,AG,AA,GG,GG,CG,TT,AA,AA,TT,TT,AT,AA,AT,GG,CG,CC,3.85,Resistant,High,Premium,Early
L0505,Bengaluru Rural,Karnataka,Kharif,Red Sandy Loam,Rainfed,720,26.0,70,AC,CT,GG,AG,CG,CC,GG,TT,CC,CC,AA,CC,CG,TT,TT,GT,GG,TT,TT,AA,CG,TT,TT,CC,TT,CC,TT,TT,GG,AA,TT,CC,AA,CC,GG,CG,GG,CC,GG,CC,TT,CC,AC,TT,AG,GG,TT,TT,CC,AC,GG,AA,AA,GG,CC,TT,AA,AC,GT,AC,AA,GT,AT,AG,TT,TT,CC,GG,TT,TT,AA,GG,CC,AA,GG,AC,AA,GG,GT,TT,GG,GT,GG,CC,AA,GG,AA,AA,CC,GT,NN,TT,CT,AT,TT,AG,TT,CC,GT,CC,CT,CC,AG,AA,AT,TT,CG,AA,AA,AA,CC,GG,TT,CG,TT,AC,AA,TT,CG,GG,CG,GG,CC,GG,CT,AA,CC,CC,CC,CC,AA,TT,CC,AA,CC,CT,AA,TT,AA,AT,GG,CC,CG,GG,AA,AG,AA,CC,GG,CC,CC,AA,AG,GG,TT,AG,AA,TT,CT,GG,AC,TT,GT,TT,CG,AA,TT,CT,AA,TT,GG,CG,AA,CC,CC,CC,GG,CC,AA,AG,AG,CC,TT,CC,GG,TT,CG,TT,AA,AA,GT,AC,CG,AA,CC,CC,GG,GG,AA,GG,CT,AA,AA,CC,GG,AA,AC,AA,AA,GG,TT,AT,AA,GG,GT,AA,CC,AT,GT,AA,GG,AA,TT,AA,TT,CG,TT,AA,CC,CT,GG,AA,CG,GG,CC,TT,TT,TT,GG,TT,AA,AC,AA,GG,CC,CC,GG,CC,GG,TT,AG,CC,GT,GG,CC,CC,AT,GG,CG,AT,CG,AA,AA,AC,CC,AA,TT,AA,CG,AA,AC,AC,AA,AG,AA,AA,AA,TT,GG,AA,AG,CC,CC,CT,AA,AG,GG,GG,GG,TT,AT,NN,TT,TT,TT,AA,TT,GG,GG,AA,2.17,Moderate,Low,Standard,Early
L0506,Bengaluru Rural,Karnataka,Kharif,Red Sandy Loam,Rainfed,720,26.0,70,AA,CT,GG,AA,GG,CC,GG,TT,CC,CG,AT,CT,CC,TT,TT,GT,CG,TT,NN,AA,CG,TT,GG,CC,TT,NN,TT,TT,NN,AA,TT,CC,AA,CC,AG,GG,GG,CC,GG,CC,TT,CT,AA,TT,AA,AG,TT,TT,CC,AC,GG,AT,AA,GG,CC,GT,AA,AC,TT,AA,AA,TT,TT,AA,TT,TT,CC,GG,TT,GG,GG,GG,CC,AA,GG,AC,AA,GG,TT,TT,GG,GG,GG,AC,AT,GG,AA,AA,CC,GT,CC,TT,CT,TT,TT,GG,TT,AC,GT,CC,CC,GG,AG,AA,TT,TT,CG,AA,AA,AA,CT,GG,TT,CC,GT,AC,AA,TT,CG,AG,CC,GG,NN,NN,TT,AA,CC,CC,CC,CG,AA,TT,CC,AA,CC,CC,AA,TT,AA,AA,GG,CC,CC,AG,AA,AA,AA,AC,GG,CC,CC,AA,AG,AG,TT,GG,AA,GT,TT,AG,AA,TT,TT,CT,CG,AT,GT,TT,AA,AT,GG,CC,AA,NN,CC,CC,GG,CC,AA,GG,GG,CC,TT,CC,GG,GT,CG,AT,AA,AA,GT,CC,GG,AC,AC,CC,GG,GG,AC,CG,TT,AC,AA,CC,GG,AT,AC,AA,AT,GG,NN,TT,AA,GG,GT,TT,CG,TT,GT,AA,GG,AA,TT,AA,TT,CC,TT,AC,CC,TT,GG,AG,CC,AG,AC,AT,TT,GG,GG,TT,AA,AC,AA,GG,CC,CC,GG,CC,GG,AT,AA,CC,TT,GG,CC,CC,AA,GG,CC,AT,CC,AA,AA,AC,CC,CC,TT,AA,CG,AA,AA,AA,AA,AG,AA,AG,AG,TT,GG,AC,AA,AC,CC,CT,AG,AA,GG,GG,GG,TT,TT,AA,TT,TT,TT,AA,TT,GG,GG,AC,3.49,Resistant,Medium,Poor,Medium
L0507,Bengaluru Rural,Karnataka,Kharif,Red Sandy Loam,Rainfed,720,26.0,70,CC,CT,AG,AA,GG,CC,TT,AT,CC,CC,AA,CC,CG,TT,TT,GG,GG,TT,TT,AA,CG,GT,GT,CT,TT,CC,TT,AA,GG,AA,CT,CC,AA,CC,GG,GG,GG,CG,GG,CC,TT,TT,AA,TT,AG,AG,TT,TT,CC,AC,GG,AA,AA,GG,CC,TT,AA,AC,GT,AC,AA,GT,AT,AA,TT,AT,CC,GG,TT,GG,AA,GG,CC,AA,GG,CC,AA,AG,TT,TT,AG,GT,GG,CC,AT,GG,AG,AT,CC,TT,CC,TT,CC,AT,TT,GG,TT,AC,TT,CC,CT,CC,AG,AA,TT,TT,CC,AA,AA,AA,NN,GG,TT,CC,TT,AC,AC,TT,CG,GG,CC,AG,CC,TT,TT,AA,CC,CC,AC,CC,AA,TT,CC,AA,CC,CT,AA,TT,AA,AA,GG,CC,CC,GG,AA,AA,AT,CC,GG,CC,CC,AA,AG,GG,GT,GG,AA,TT,CT,AG,CC,GT,TT,TT,CC,AA,GG,TT,AT,TT,GG,CC,AA,CC,CC,CC,GG,AC,AA,GG,AA,CC,TT,CG,GG,TT,CC,AA,AA,AG,TT,CC,GG,AA,NN,CC,GG,GG,AC,GG,TT,AA,AG,CC,GG,AA,CC,AA,AA,GG,TT,AT,AA,CG,GT,AA,CC,TT,GG,AA,GG,AA,CT,AA,TT,CC,TT,AA,AC,TT,GG,AA,NN,AA,AC,TT,CT,GT,GG,TT,AA,CC,AA,GG,CC,CC,GG,CC,GG,TT,AA,CG,TT,GG,CC,CC,AA,AG,CC,AT,CC,AT,AA,AC,CC,AC,TT,AA,GG,AA,AA,AC,AC,GG,AA,AA,AA,AT,GG,AA,AG,AC,AC,CT,AA,AA,GG,GG,GG,TT,AA,AA,TT,TT,TT,NN,TT,GG,GG,AA,2.98,Susceptible,Low,Premium,Late
L0508,Bengaluru Rural,Karnataka,Kharif,Red Sandy Loam,Rainfed,720,26.0,70,CC,CT,GG,AA,GG,CC,GG,TT,CC,CG,AA,CC,CG,TT,TT,GG,GG,TT,TT,AG,NN,TT,GT,CC,TT,CC,TT,TT,GT,AA,TT,CC,AA,CC,GG,GG,GG,CC,GG,CC,TT,TT,AA,GT,AG,AG,TT,TT,CC,AA,TT,AA,AA,GG,CT,TT,AT,AC,GG,AC,AA,GT,TT,AG,TT,AA,CC,GG,NN,GG,AA,GT,CC,AA,AG,AA,AA,GG,TT,TT,GG,GT,GG,CC,AT,GG,AA,AA,CC,GT,AC,TT,CC,TT,TT,GG,CT,CC,GG,TT,CC,CC,AG,AA,TT,TT,CG,AA,AG,AA,TT,GG,TT,CC,GT,AA,AA,TT,CC,AG,CC,AG,TT,GG,TT,AA,CC,CC,CC,CC,AA,GT,CC,AA,CC,CC,AA,TT,AA,AA,GG,CC,CC,GG,AA,AG,AA,CC,GG,CC,CC,AA,AG,AG,TT,GG,CC,TT,TT,GG,CC,TT,TT,TT,CG,AA,GT,TT,AA,TT,GG,CC,AA,CT,CC,CC,CG,CC,AA,GG,GG,CC,TT,CC,GG,GT,GG,AA,AA,AA,TT,CC,GG,AA,CC,CC,GG,GG,CC,GG,TT,AA,AA,CC,GG,AT,CC,AT,AT,GG,TT,TT,AA,CG,GG,AA,CC,TT,GT,AA,NN,AA,CT,AA,TT,NN,TT,AA,CC,CT,GG,AG,NN,AG,CC,TT,CT,TT,GG,AT,AA,CC,AG,GG,CC,CC,GG,CC,GG,TT,AG,CC,TT,GG,CC,CC,AA,GG,CC,AA,CC,AA,AA,CC,CG,AC,TT,NN,GG,AA,AA,AC,AA,AG,AA,AG,AG,TT,GG,AA,AA,CC,AC,CT,AA,AA,GG,AG,CG,TT,AT,AG,GT,TT,TT,AA,AT,GG,GG,AC,5.01,Resistant,High,Standard,Medium
L0509,Bengaluru Rural,Karnataka,Kharif,Red Sandy Loam,Rainfed,720,26.0,70,AA,TT,GG,AG,GG,CG,GG,TT,CC,CC,AT,CC,CG,AT,TT,GG,NN,TT,TT,AA,CC,TT,TT,CC,TT,CC,TT,TT,GG,AA,TT,CT,AA,CC,GG,GG,GG,CC,GG,CC,TT,CT,AC,TT,AG,AG,TT,AT,CC,AC,GT,AA,AA,GG,CC,TT,AA,AA,GT,AA,AG,GT,NN,AG,TT,TT,CC,GG,TT,GG,GG,GG,AC,AA,GG,AC,TT,AG,TT,TT,GG,GG,GT,CC,AA,GG,AA,AA,CC,TT,CC,GT,CC,TT,TT,AG,TT,CC,GT,CT,CT,CC,AA,AA,TT,TT,CC,AA,AG,AA,CC,GG,TT,CC,GT,AC,AC,TT,CC,GG,CC,GG,CC,GT,TT,AA,CC,CC,CC,CC,AA,TT,CC,AA,CC,CC,AA,AT,AA,AA,GG,CT,CC,GG,AA,AG,AA,CC,GT,CC,CC,AG,AG,GG,GT,AG,AC,TT,TT,GG,AC,GT,TT,CT,CC,AT,GG,TT,AA,TT,GG,CC,GG,CT,CC,CC,CC,CC,AT,GG,GG,CC,TT,CG,TT,GG,CG,AT,AA,AA,GT,CC,GG,AA,AC,CC,GG,GG,AC,GG,CT,AC,NN,CG,TT,AA,AC,AA,AA,GG,GT,AT,AA,GG,GG,AT,CC,TT,GT,AA,GG,AA,CT,AA,TT,CC,CT,AA,CC,TT,GG,AG,CG,AG,CC,TT,TT,TT,GG,TT,AC,AA,AG,NN,CC,CG,GG,CC,GG,TT,AA,CC,TT,GG,CC,CG,AA,AG,CC,TT,CG,AA,AA,AC,CC,CC,TT,AA,GG,AA,AA,AA,AA,AA,GG,AA,AA,TT,GG,AA,AA,AC,AA,TT,AG,AG,GG,GG,GG,TT,AA,AA,TT,TT,TT,AG,TT,GG,GG,AA,4.28,Susceptible,Low,Poor,Medium
L0510,Bengaluru Rural,Karnataka,Kharif,Red Sandy Loam,Rainfed,720,26.0,70,AA,CT,AG,AA,GG,CC,GG,TT,CC,CC,AA,CC,CG,TT,TT,GG,GG,TT,TT,AG,CC,GT,TT,CC,TT,CC,TT,TT,GG,AA,TT,CC,AA,CC,GG,GG,GG,CC,GG,CC,TT,CT,AA,TT,AA,AG,CT,AT,CC,CC,GG,TT,AG,GG,CT,TT,AT,AC,GT,AA,AG,TT,AA,AG,TT,TT,CC,NN,TT,GG,AA,GG,CC,AA,AG,AA,AA,GG,TT,TT,GG,GG,GG,CC,AA,GG,AA,AA,CC,TT,AC,TT,CT,AT,GT,GG,TT,CC,TT,CC,CC,CG,GG,AA,TT,TT,CC,AA,AA,AC,CC,GG,TT,CG,GT,NN,AC,AT,CG,AG,CG,GG,CC,GG,TT,AG,CT,CC,AC,CC,AA,TT,CC,AA,CC,CT,AA,TT,AA,AA,CG,CT,CC,GG,AA,AA,AA,CC,GG,NN,CC,AA,AG,AG,TT,AG,AC,TT,TT,GG,AC,TT,GT,TT,CC,AT,GG,TT,AA,TT,GG,CG,AA,CT,CC,AC,CG,CC,AA,GG,AG,CC,TT,CC,GG,TT,GG,AT,AA,AA,TT,CC,GG,AC,CC,CC,GG,GG,AC,GG,TT,AC,AA,CC,GG,AT,AC,AA,AA,GG,TT,TT,AA,GG,GG,AA,CG,TT,GG,AA,GG,AA,CT,AA,TT,CC,TT,AA,AC,TT,GG,AA,CC,AG,AC,TT,CT,TT,GG,TT,AA,CC,AA,GG,CC,CG,GG,CC,GG,TT,AA,CG,TT,GG,CC,CC,AA,NN,CC,AA,CC,AA,AA,AC,CC,AC,TT,AA,GG,AA,AA,AA,AA,AA,AA,AA,AA,TT,GG,AA,AA,AC,AA,TT,AA,AA,GG,GG,CG,GT,AA,AA,TT,TT,TT,AA,TT,GG,CG,AA,2.95,Susceptible,Medium,Poor,Early
L0511,Bengaluru Rural,Karnataka,Kharif,Red Sandy Loam,Rainfed,720,26.0,70,AC,TT,AG,AA,GG,CC,GG,AT,CC,CC,AA,CC,CC,AT,TT,GT,GG,TT,TT,AA,CG,TT,GG,CC,NN,CC,TT,TT,GG,AA,TT,CC,AA,CC,GG,GG,GG,CC,GG,CC,TT,CC,AA,GT,AA,GG,TT,AT,CC,CC,TT,AA,AG,GG,CC,TT,AA,NN,GT,AC,AG,TT,TT,AA,TT,AT,CC,GG,TT,GG,AA,GG,AC,AA,GG,AC,AT,GG,GT,TT,AG,GG,GG,CC,TT,GG,AA,AA,CC,GT,CC,GT,CC,TT,TT,GG,TT,CC,TT,CC,CT,CC,GG,AA,TT,GT,CC,AA,AG,AA,CT,GG,TT,NN,TT,AA,AA,AT,CC,AG,NN,AG,CC,GG,TT,AG,CC,CC,CC,CC,AG,GT,CC,AA,CC,CC,AA,AT,AA,AA,GG,CC,CC,GG,AA,GG,AA,CC,GT,CC,CG,AA,AG,GG,GT,GG,AA,TT,TT,GG,AC,TT,TT,CT,CC,TT,TT,TT,AA,TT,GG,CG,AG,CT,CC,CC,GG,CC,AA,GG,AG,CC,TT,CC,GT,TT,CG,TT,AA,AA,TT,CC,GG,AA,CC,CC,GG,GG,AA,GG,TT,AC,AA,CC,GT,AA,CC,AA,AT,GT,TT,AT,AA,CG,GT,AA,CG,AA,GT,AA,GG,AA,CT,AA,TT,CC,TT,AA,AC,CT,GG,AG,CC,GG,CC,TT,TT,TT,GG,TT,AA,AC,AA,GT,CC,CC,GG,CC,GG,TT,AA,CC,GG,GG,CC,CG,AA,AA,CC,AT,CC,AA,AA,CC,CC,AC,TT,AA,GG,AA,AA,AC,AC,GG,AA,AG,AA,TT,GG,AA,NN,CC,AA,TT,AG,AA,CG,GG,GG,TT,AT,AA,TT,TT,TT,AA,AT,GG,GG,AA,3.95,Susceptible,High,Poor,Medium
L0512,Bengaluru Rural,Karnataka,Kharif,Red Sandy Loam,Rainfed,720,26.0,70,AC,TT,GG,AA,GG,CC,GG,TT,CC,CG,AA,CC,CG,AT,GT,GT,CG,NN,AT,AA,CC,TT,GT,CC,TT,CC,GT,AT,GG,AA,TT,CC,AA,CC,GG,CG,GG,CC,GG,CC,TT,CT,AA,GT,AA,GG,TT,AT,CC,AC,GG,AT,AA,GG,CC,TT,AA,AA,GT,AC,NN,TT,TT,AG,CT,TT,CC,GG,TT,GG,AA,GG,CC,AA,GG,AC,AT,GG,GT,TT,GG,GG,GG,NN,AA,GG,AG,AA,CC,GG,CC,NN,CT,TT,GT,GG,TT,CC,TT,CC,CT,CG,GG,AA,TT,TT,CC,AA,GG,AA,CT,GG,TT,CG,TT,AA,AA,TT,CC,GG,NN,AG,CC,GG,CT,AG,CT,CC,CC,CC,AG,TT,CC,AA,CC,CC,AA,TT,AG,AT,GG,CC,CC,GG,AA,AG,AA,CC,GT,CC,CC,AA,AG,GG,TT,GG,AC,TT,TT,GG,AA,TT,TT,TT,CC,TT,TT,TT,AT,TT,GG,CC,AA,CT,NN,AC,CC,CC,AA,GG,AG,CC,TT,CC,GT,GT,CG,TT,NN,AA,TT,AC,GG,AA,CC,CC,GG,GG,AC,GG,TT,AC,AA,CC,GG,AA,AA,AA,AA,GG,TT,AT,AA,CG,GG,AA,CC,TT,TT,AA,GG,AG,CT,AA,TT,CC,CT,AA,CC,CT,CG,GG,CC,AG,CC,NN,TT,TT,GG,TT,AA,CC,AG,GG,CC,CC,GG,CG,GG,TT,AA,CC,GT,GG,CC,CC,AA,GG,CC,AT,CC,AA,AA,NN,CC,AC,TT,AA,GG,AA,AC,AC,AA,AG,AG,AA,AA,AT,GG,AA,AG,AC,CC,CT,AA,AG,GG,GG,GG,TT,AT,AA,GT,TT,TT,AA,TT,GG,GG,AA,3.61,Susceptible,High,Standard,Late
L0513,Bengaluru Rural,Karnataka,Kharif,Red Sandy Loam,Rainfed,720,26.0,70,AC,TT,GG,GG,GG,CC,GG,TT,CC,CG,AA,CT,GG,AT,TT,GG,CG,TT,TT,AA,CC,GT,GT,CT,TT,CC,GT,TT,GG,AA,TT,CC,AA,CC,GG,GG,GG,CC,GG,CC,TT,TT,AA,TT,AA,GG,TT,TT,CC,CC,GG,AA,AA,CG,CT,TT,AT,AC,GT,AA,AA,GT,AT,AG,TT,TT,CC,GG,TT,GG,AG,GG,CC,AA,GG,AA,AT,AG,TT,TT,GG,TT,GT,CC,AA,GG,AA,AA,CG,TT,CC,TT,CT,TT,GT,GG,TT,CC,GT,CC,CC,CG,GG,AA,TT,TT,CG,AA,AG,AC,CT,GG,TT,CC,TT,CC,AA,TT,CC,GG,CC,GG,CC,GT,CC,AG,CC,CC,CC,CC,AA,TT,CC,AA,CC,CC,AG,TT,AA,AA,GG,CC,CC,GG,AA,AG,AT,CC,GG,CC,CG,AA,AG,GG,TT,GG,AC,TT,CT,GG,AC,TT,TT,TT,CC,AT,GT,CT,AT,TT,CG,CC,AA,TT,AC,CC,GG,CC,AA,GG,AG,CC,TT,CC,GG,TT,GG,AT,AA,AG,TT,CC,GG,AA,CC,CC,GG,GG,AA,GG,TT,AC,AA,CC,GG,AA,CC,AA,TT,GT,GT,AT,AT,GG,TT,AT,CG,NN,GT,AA,GG,AA,CT,AA,TT,CC,TT,AA,CC,TT,GG,AG,CG,AG,CC,TT,TT,TT,GG,TT,AA,AC,AA,GG,CC,CG,GG,CC,GG,TT,AA,CG,GT,GG,CC,CC,AT,GG,CG,AT,CC,AA,AA,CC,CG,AC,TT,AG,CG,AA,AA,AC,AA,GG,AA,AA,AA,TT,GG,AA,AA,AC,AC,CT,AA,AG,CG,GG,GG,TT,AA,AA,GT,TT,TT,AG,NN,NN,GG,AA,3.35,Susceptible,Low,Standard,Early
L0514,Bengaluru Rural,Karnataka,Kharif,Red Sandy Loam,Rainfed,720,26.0,70,AA,TT,GG,AA,GG,CC,GT,TT,CC,CG,AA,CC,CC,TT,NN,GT,GG,TT,TT,AA,CC,GT,TT,CT,TT,CC,GT,TT,GG,AA,TT,TT,AA,CC,GG,GG,GG,CG,GG,CC,TT,TT,AA,TT,AA,GG,TT,TT,CC,AC,GT,AT,GG,GG,CT,TT,AA,AC,GT,AC,AA,TT,AT,AA,TT,TT,CC,GG,TT,GT,AG,GG,CC,AA,AG,AC,TT,GG,TT,TT,GG,GG,GG,CC,AT,GG,AA,AT,CC,GT,CC,TT,CC,AT,GT,GG,CT,CC,GT,CC,CC,NN,AG,AA,TT,GT,CC,AA,AG,AA,CT,GG,TT,CC,GT,AA,AA,TT,CG,AG,CC,GG,CT,GG,TT,AA,CC,CC,CC,CC,AA,TT,CC,AA,CC,CC,AA,TT,AA,AT,CG,CC,CC,GG,AA,AG,AA,CC,GG,CC,CC,AG,GG,GG,TT,AG,AA,TT,CT,NN,CC,TT,TT,TT,NN,AT,TT,TT,AA,TT,CG,CC,AG,CT,CC,CC,GG,CC,AA,GG,AG,CC,TT,CG,GT,TT,CG,AA,AA,AG,TT,AA,GG,AA,CC,CC,GG,GG,AA,GG,TT,AA,AA,CC,GG,AT,AC,AA,AT,GG,GT,AT,AA,CG,GT,AA,CC,AT,GT,AT,GG,AA,TT,AC,TT,CC,TT,AA,CC,TT,GG,AA,CC,GG,CC,TT,TT,GT,GG,TT,AA,AC,AA,GT,CC,GG,GG,CG,GG,NN,AA,CG,GT,GG,CC,CC,AA,AG,CC,AA,CC,AT,AA,AA,NN,AC,TT,AA,GG,AA,AA,NN,AA,AG,AG,AA,AA,TT,GG,AC,AA,AC,AA,TT,AA,AA,GG,GG,GG,GT,AA,AA,GT,TT,TT,AG,AT,GG,GG,AA,4.09,Susceptible,Medium,Premium,Medium
L0515,Bengaluru Rural,Karnataka,Kharif,Red Sandy Loam,Rainfed,720,26.0,70,AA,TT,GG,AA,CG,CC,TT,AT,CC,CC,AA,CT,CC,AT,TT,GG,GG,TT,TT,AA,CC,GT,TT,CC,TT,CC,GT,TT,GG,AA,TT,CC,AA,CC,GG,GG,GG,CG,GG,CC,TT,NN,AC,GT,AG,AG,TT,TT,CG,AC,GG,AA,AG,GG,CC,TT,AA,CC,GT,AA,AA,TT,TT,AA,CT,TT,CC,GG,TT,GT,AA,GG,CC,AG,AG,CC,TT,GG,TT,TT,GG,GT,GG,CC,AA,AG,AA,AA,CC,TT,CC,TT,CT,TT,GT,AG,NN,CC,GT,CC,CC,CG,GG,AA,TT,TT,NN,AA,AA,AA,CC,GG,TT,CC,TT,AA,AA,AT,CC,GG,CC,GG,CC,GG,CT,AA,CC,CC,CC,CC,AA,TT,CC,AA,CC,CC,AA,TT,AA,AT,CC,CC,CC,AG,AA,AG,AA,CC,GG,NN,CC,AA,AA,NN,TT,GG,AA,TT,CT,AG,CC,TT,TT,TT,CG,AT,TT,TT,AA,AT,GG,CC,AA,CC,AC,AC,GG,CC,AA,GG,AG,CC,TT,CC,GG,TT,GG,AT,AA,AA,TT,AC,CG,AA,CC,CC,GG,GG,NN,GG,TT,AA,AA,CC,GG,AA,AC,AA,TT,TT,TT,AT,AT,CG,GT,AA,CC,AA,TT,AA,GG,AA,CT,AA,TT,CC,CT,AA,CC,TT,CG,AA,CC,AG,CC,TT,TT,GT,GG,TT,AC,AC,AA,GG,CC,CG,GG,CC,GG,AT,AA,CC,TT,GG,CC,CC,AT,GG,CG,AA,CC,AT,AA,AC,CG,AA,TT,AA,GG,AA,AC,AA,AA,AG,NN,AG,AA,TT,CG,AC,AA,CC,AC,TT,AA,AA,GG,GG,GG,TT,AA,GG,GG,TT,TT,AA,AT,GG,GG,AA,3.31,Susceptible,Low,Standard,Early
L0516,Bengaluru Rural,Karnataka,Kharif,Red Sandy Loam,Rainfed,720,26.0,70,CC,TT,GG,AG,GG,CC,GG,AT,CC,CG,AA,CT,CG,AT,TT,GT,GG,TT,TT,AA,CC,TT,GT,CC,NN,CC,TT,TT,GG,AC,CT,CC,AA,CC,GG,CG,GG,CC,GG,CC,TT,CT,AA,GT,NN,GG,TT,TT,CC,AC,GT,AA,AA,GG,CC,TT,AA,NN,GT,AC,AG,TT,AT,AA,TT,TT,CC,GT,TT,GG,AG,GT,CC,AG,GG,AA,AA,AG,GT,TT,GG,GT,GT,CC,AA,GG,AA,AA,CC,GT,CC,TT,CC,AT,GG,NN,TT,CC,TT,CC,TT,CG,GG,AG,AT,TT,CC,AA,AG,AC,CT,GG,TT,CG,GT,AA,AA,TT,CG,AG,CG,GG,CC,GG,CT,AA,CT,CC,CC,CC,AA,TT,CC,AA,CC,CC,AA,AT,AA,AA,GG,CC,CC,GG,AA,AG,AT,CC,GG,CC,CC,AA,AG,GG,NN,GG,AC,GT,TT,GG,AC,TT,TT,TT,CG,AA,TT,TT,AA,TT,GG,CC,GG,CT,CC,CC,GG,CC,NN,GG,GG,CC,TT,CC,TT,GT,CG,TT,AA,AA,TT,CC,GG,AA,CC,CC,GG,GG,AC,GG,TT,AC,AA,CC,GG,AT,NN,AA,AA,GT,TT,AA,AT,GG,NN,TT,CC,TT,TT,AA,GG,AA,CC,AA,TT,CG,TT,AA,CC,TT,CG,AG,CC,AA,CC,TT,TT,GT,GG,TT,AA,CC,AA,GG,CC,CC,GG,CG,GG,TT,AA,CG,GT,GG,CC,CC,AA,GG,CC,AT,CC,AA,AA,CC,NN,AC,TT,AA,GG,AA,CC,AC,AA,AG,AA,AG,AA,TT,GG,AC,AA,AC,AA,TT,AG,AA,CG,GG,GG,TT,AA,AG,TT,TT,TT,GG,AT,GG,GG,AA,3.13,Moderate,Medium,Poor,Early
L0517,Bengaluru Rural,Karnataka,Kharif,Red Sandy Loam,Rainfed,720,26.0,70,AC,TT,GG,NN,GG,CC,TT,TT,CC,CG,AA,CC,CC,TT,TT,GT,CG,TT,TT,NN,CG,GT,GG,CT,TT,CC,TT,TT,GG,AA,TT,CC,AA,CC,AG,CG,GG,CC,GG,CC,TT,CC,AA,TT,AA,NN,TT,TT,CG,CC,GT,AT,AA,GG,CC,GG,AA,AA,GT,CC,AA,TT,AA,AG,CT,TT,CC,GG,TT,GG,AA,NN,CC,AA,AG,CC,AA,GG,TT,NN,GG,GT,GT,CC,AA,GG,AA,AT,CC,GT,CC,GT,CC,TT,GT,AG,TT,CC,GT,CC,TT,GG,GG,AG,TT,TT,CC,AA,GG,AA,CT,GG,TT,CC,TT,AA,AA,TT,CC,AG,CC,GG,CC,NN,TT,AA,CT,CC,CC,CG,AA,TT,CC,AA,CC,CC,AA,TT,AG,AA,GG,CT,NN,GG,AA,NN,AA,AC,GG,CC,CC,AG,AG,GG,TT,GG,AC,TT,TT,GG,AC,GT,GG,TT,CC,AT,GT,TT,AA,TT,GG,CC,AG,CC,AC,AC,CG,CC,AA,GG,AG,CC,TT,CC,GT,GT,GG,AT,AA,AA,TT,AC,GG,AA,AC,CC,GG,GG,AA,GG,TT,AA,AG,CC,GG,AT,CC,AA,AA,GG,GT,AT,AT,CC,GT,AT,CG,TT,GT,AA,GG,AA,CT,AA,TT,CC,TT,AC,CC,TT,GG,AG,CC,AG,AC,TT,TT,GT,GG,TT,AA,CC,AA,GG,CC,CG,GG,CG,NN,AT,AG,CC,TT,GG,CC,CC,AA,GG,CC,AA,CC,AA,AA,CC,CG,CC,TT,AA,GG,AA,AA,AC,AA,AG,AA,AA,AA,NN,CG,AA,AA,CC,AA,CT,AA,AA,GG,GG,GG,TT,AA,AA,GT,TT,NN,AG,TT,GG,GG,AA,4.51,Moderate,Low,Standard,Late
L0518,Bengaluru Rural,Karnataka,Kharif,Red Sandy Loam,Rainfed,720,26.0,70,AC,CT,GG,GG,GG,CC,GT,TT,CC,CC,AA,CC,CC,TT,TT,GG,GG,AT,TT,AA,CC,TT,TT,CC,TT,CC,TT,TT,GG,AA,TT,CT,AA,CC,GG,CG,GG,CG,GG,CC,TT,CT,AA,TT,AA,GG,TT,TT,CC,AA,GG,AA,AG,GG,CC,TT,AT,CC,TT,AA,AG,GT,AA,AA,CT,AT,NN,GG,TT,GG,AG,GG,CC,AA,AG,AC,AA,AG,TT,TT,GG,GG,GG,CC,AA,GG,AA,AA,CC,GG,CC,TT,CT,TT,TT,GG,CT,CC,GT,CC,CT,CG,AG,AA,TT,TT,CC,AA,AG,AA,CT,GG,TT,CC,GT,AA,AA,TT,CC,GG,CC,GG,CC,GG,CT,AA,CT,CC,CC,CC,AA,TT,CC,AA,CC,CC,AA,TT,AA,AT,GG,CC,CC,GG,AG,AG,AA,CC,GG,CC,CC,AA,AG,GG,TT,GG,AA,GT,CT,GG,CC,GT,TT,TT,CC,AT,TT,TT,AA,TT,GG,CG,AA,CC,AC,CC,CG,CC,AA,GG,AG,CC,TT,CC,GT,TT,GG,AT,AA,AA,TT,CC,GG,AC,CC,CC,GG,GG,AA,GG,TT,AA,AA,CC,GG,AA,AC,NN,AT,GG,TT,AT,AA,GG,GG,AA,CG,AA,TT,AA,GG,AA,CT,AC,TT,CC,NN,AA,CC,TT,GG,AA,CC,AG,CC,TT,CT,GT,GG,TT,AA,AA,AG,GG,CC,CG,GG,CC,GG,TT,AA,CC,GT,GG,CC,CC,AA,GG,CC,AT,CC,AA,AA,NN,CG,AA,TT,NN,GG,AA,AA,AA,AA,GG,AA,AA,NN,AT,GG,AA,AG,CC,AA,CT,AA,AG,GG,GG,GG,TT,AT,AA,TT,TT,TT,AA,AT,GG,GG,AA,3.61,Susceptible,Low,Premium,Medium
L0519,Bengaluru Rural,Karnataka,Kharif,Red Sandy Loam,Rainfed,720,26.0,70,AC,TT,GG,GG,GG,CC,GG,TT,CC,CC,AT,CC,CC,AT,TT,GT,GG,TT,TT,AA,CC,TT,TT,CC,TT,CC,TT,TT,GG,AA,TT,CC,AA,CC,GG,GG,GG,GG,GT,CC,TT,CC,AA,NN,AA,AG,TT,TT,CC,AC,GT,AA,AA,GG,CT,GT,AA,AA,GG,AA,AG,GT,TT,AG,TT,AT,CC,GG,CT,GT,AA,GT,CC,AG,AG,AC,TT,GG,GT,TT,AG,GT,GG,CC,AA,GG,AA,AA,CC,TT,CC,TT,CT,AT,GT,GG,TT,CC,GT,CC,CT,CC,AA,AA,TT,TT,CG,AA,AG,AA,CC,GG,TT,CC,GT,AA,AA,TT,GG,AG,CC,GG,CC,GG,CT,NN,CC,CC,CC,CG,AG,TT,NN,AA,CC,CC,AA,TT,AA,AA,GG,CT,CC,GG,AA,AG,AA,CC,GG,CC,CC,AA,AG,GG,TT,AG,AA,TT,CC,GG,AC,TT,TT,TT,GG,TT,NN,TT,AA,AA,GG,CC,AA,CC,CC,AC,CG,AC,AA,GG,AG,CC,TT,CC,GG,TT,GG,AT,AA,AA,TT,AC,GG,AA,CC,CC,GG,GG,AA,GG,CT,AC,AA,CC,GG,AA,CC,AA,AA,GT,GT,TT,AA,CG,GT,AT,CC,TT,GT,AA,GG,AA,TT,AA,TT,CC,TT,AA,NN,TT,GG,AA,CG,AG,CC,AT,CT,TT,GG,TT,AA,AA,AA,GG,CC,CG,GG,CC,GG,TT,AA,CG,TT,GG,CC,CC,AT,GG,CC,AA,CC,AA,AG,AC,CC,AC,TT,AA,GG,AT,AA,AC,AA,AG,NN,AG,AA,TT,GG,AA,AA,CC,AA,CT,AA,AA,GG,GG,GG,TT,AA,AA,TT,TT,TT,AA,AA,GG,GG,AA,4.95,Moderate,Low,Poor,Medium
L0520,Bengaluru Rural,Karnataka,Kharif,Red Sandy Loam,Rainfed,720,26.0,70,CC,TT,GG,AG,GG,CC,GG,TT,CC,CC,AA,CT,CC,TT,TT,GG,CG,TT,TT,AA,CC,TT,GT,CC,TT,CC,TT,TT,GT,AA,NN,CC,AA,NN,GG,GG,GG,CG,GG,CC,TT,CT,AA,GT,AA,AA,TT,TT,CC,AC,GT,AT,AA,NN,CT,TT,AT,AC,NN,AC,AG,TT,AT,AG,CT,TT,CC,GT,TT,GG,AA,GG,CC,AA,AG,AC,AA,GG,TT,TT,GG,GG,GG,CC,AA,GG,AA,AA,CC,TT,AA,TT,CC,AT,GT,GG,TT,CC,GT,CC,CT,CG,GG,AG,TT,TT,CG,AA,AG,AA,CC,GG,TT,CC,TT,AC,AA,TT,CC,AA,CC,GG,CC,GT,TT,AA,CT,CC,CC,CG,AG,TT,CC,AA,CC,TT,AG,TT,AA,AA,GG,CT,CC,GG,AA,AG,AA,CC,GT,CC,CC,AA,AG,GG,TT,GG,AA,GT,TT,GG,AC,GT,GT,CT,CG,TT,GT,TT,AA,TT,CG,CC,AG,CT,CC,CC,GG,CC,AA,GG,AA,CC,TT,CG,GT,TT,GG,TT,AA,AA,TT,CC,GG,AC,CC,CC,GG,GG,AC,GG,TT,AA,AA,CC,GG,AA,CC,AA,AA,GG,GT,TT,AA,GG,GG,AT,CC,AT,TT,AA,GG,AA,TT,AA,TT,CC,CT,AA,CC,TT,GG,AG,CG,AG,AC,TT,NN,NN,GG,TT,AA,AC,AG,GG,CC,CG,GG,CC,GG,AT,AA,CC,GG,NN,CC,CC,AA,GG,CC,AA,CC,AA,AA,AA,CG,CC,TT,AA,GG,AA,AC,AA,AC,AG,AG,AA,AA,AT,CG,AA,AG,AC,AC,CT,AG,AA,CG,AG,GG,TT,AA,AG,GT,TT,TT,AA,TT,GG,GG,AA,3.36,Susceptible,Medium,Poor,Medium
L0521,Bengaluru Rural,Karnataka,Kharif,Red Sandy Loam,Rainfed,720,26.0,70,AA,CT,GG,AG,GG,CC,GG,AT,CC,CC,AA,CC,CC,TT,TT,GG,CG,TT,TT,AG,CC,GT,TT,CC,TT,CC,TT,TT,GG,AA,TT,CT,AA,CC,GG,GG,GG,CC,GG,CC,TT,CT,AC,TT,AA,AG,TT,AT,CC,AC,NN,AA,AA,GG,CC,TT,AA,AC,GT,AA,AA,TT,AT,AA,TT,TT,CC,GG,TT,GG,NN,GG,CC,AA,GG,AA,AT,GG,TT,TT,GG,GT,GG,CC,TT,GG,AG,AA,CC,TT,CC,TT,CC,TT,GT,GG,TT,CC,TT,CC,CC,CG,GG,AA,TT,TT,CC,AG,GG,AA,CC,GG,TT,CC,GT,AA,AA,TT,CC,AG,CC,GG,CC,GG,CT,AA,CT,CC,CC,CC,AA,GT,CC,AA,CC,CC,AA,TT,AA,AA,CG,CC,CC,GG,AG,AG,AA,NN,GT,CC,CC,AG,AA,GG,TT,GG,AC,GT,TT,GG,CC,TT,GT,CT,CC,AT,GT,TT,AA,AT,GG,CC,AG,CC,CC,CC,CC,CC,AA,GG,AA,CC,TT,CC,GT,GT,GG,AA,AA,AG,NN,CC,GG,AA,AC,CC,GG,GG,AA,GG,TT,AA,AA,CC,GG,AA,CC,AA,AA,GT,TT,TT,AA,GG,GG,AA,CC,AT,TT,AA,GG,AA,TT,AA,TT,CG,TT,AA,CC,TT,CC,AA,CG,AG,CC,TT,NN,TT,GG,TT,AA,CC,NN,GG,CC,CG,GG,CC,NN,AT,AA,CC,TT,AG,NN,CC,AA,GG,CC,AT,CC,AA,AA,CC,CC,CC,TT,AA,GG,AA,AA,AA,AA,AG,AA,AA,NN,TT,CG,AC,AG,AA,AC,TT,AA,AA,GG,AG,GG,TT,AA,AA,TT,TT,TT,AA,AT,GG,GG,AA,3.74,Susceptible,Low,Standard,Early
L0522,Bengaluru Rural,Karnataka,Kharif,Red Sandy Loam,Rainfed,720,26.0,70,AA,TT,GG,AA,GG,CC,GT,AA,CC,GG,AA,CT,CG,TT,TT,GG,CG,TT,AT,AA,NN,TT,TT,CC,TT,CC,GT,AT,GG,AA,TT,CC,AA,CC,GG,CG,GG,CG,GT,NN,TT,CT,AA,NN,AA,NN,CT,TT,CC,AC,GT,AT,AA,GG,CT,TT,AA,AA,GT,AA,AA,GT,TT,AA,TT,TT,CC,GG,TT,GG,AA,GG,CC,AA,GG,AA,AT,GG,TT,TT,GG,GG,GT,CC,AA,GG,AA,AA,CC,TT,CC,TT,CC,NN,GT,GG,TT,AC,GT,CC,CT,CC,GG,AG,NN,TT,CC,AA,AA,AA,CT,GG,TT,CC,TT,AC,AA,AT,CC,AG,CG,GG,CC,GG,CT,AG,CC,CC,CC,CC,AA,TT,CC,AA,CC,CT,AA,TT,AG,AA,GG,CC,CG,GG,AA,AG,AA,CC,GG,CC,CC,AA,AG,GG,TT,GG,AA,GT,CT,GG,CC,GG,TT,TT,CC,AA,TT,TT,AA,TT,CG,CC,AA,TT,CC,CC,GG,CC,AA,GG,GG,NN,TT,CC,GT,GT,GG,AT,AA,AA,TT,CC,GG,AA,CC,CC,GG,GG,AC,CG,TT,AC,AA,CC,GG,AA,AC,AA,AA,GG,TT,AT,AA,GG,GT,AA,CC,AT,GG,AA,GG,AA,CT,AA,TT,CC,CT,AA,AC,CT,GG,AG,CC,AG,AC,TT,CT,GT,CG,TT,AA,AC,AG,GG,CC,CC,GG,CC,GG,AT,AA,CC,TT,GG,CC,CC,AA,GG,CC,AT,CC,AA,AA,AC,CG,AC,NN,AA,GG,AA,AC,CC,AA,AG,AG,AA,AA,AT,GG,AA,AA,AC,AA,TT,AA,AA,CG,GG,GG,TT,AA,AG,GT,TT,TT,AG,AT,GG,GG,AA,2.88,Moderate,High,Standard,Early
L0523,Bengaluru Rural,Karnataka,Kharif,Red Sandy Loam,Rainfed,720,26.0,70,CC,TT,GG,AA,GG,CC,GG,AA,CC,CC,AA,NN,CG,AT,TT,GT,GG,TT,TT,AG,CC,GT,GT,CC,TT,CC,TT,TT,GG,AA,TT,CC,AA,CC,GG,CC,GG,CG,GG,CC,GT,CT,AC,TT,AA,GG,TT,TT,CC,AC,GT,AA,AA,GG,CT,TT,AA,AA,GG,AC,AA,TT,TT,GG,TT,AA,CC,GG,TT,GG,AA,GG,CC,AA,GG,AC,AT,GG,TT,TT,GG,GT,GT,CC,AA,GG,AA,AT,CC,TT,AC,GT,TT,TT,GT,GG,TT,CC,GT,CT,CC,CC,AG,AG,TT,TT,CG,AA,AA,AA,CC,GG,TT,CC,TT,AA,AC,TT,CC,GG,CC,GG,CC,GG,CT,AA,CC,NN,CC,CC,AA,TT,CC,AA,CC,CC,AA,TT,AA,AA,GG,CC,CC,GG,AA,AG,AA,CC,GG,CC,CC,AA,AG,GG,TT,GG,CC,GT,TT,GG,CC,GT,TT,TT,CC,AT,TT,CT,AA,TT,GG,CC,AA,CC,CC,CC,GG,CC,AA,GG,AG,CC,TT,CC,GT,TT,GG,AA,AA,AG,TT,AC,GG,AC,AC,CC,CC,AG,AA,GG,TT,AC,AA,CG,GG,AT,AC,AA,AT,GG,TT,TT,AA,GG,TT,AT,CC,TT,TT,AT,GG,AG,TT,AA,TT,CC,TT,AA,CC,TT,CG,AG,CC,AA,CC,TT,TT,TT,GG,TT,AA,CC,AA,GG,CC,CG,GG,CC,GG,TT,AA,CG,TT,GG,CC,CC,AT,GG,CC,AA,NN,AA,AA,AC,CC,CC,TT,AA,GG,AA,AC,AC,AC,GG,AA,NN,AA,TT,GG,AC,AA,CC,AA,TT,AA,AA,GG,GG,GG,TT,AA,AA,TT,TT,TT,AG,AT,GG,CG,AA,5.43,Resistant,Low,Premium,Late
L0524,Bengaluru Rural,Karnataka,Kharif,Red Sandy Loam,Rainfed,720,26.0,70,CC,TT,AG,AA,GG,CC,GG,AT,CC,CG,AT,CC,CG,TT,TT,GG,GG,AT,TT,AG,CC,GG,TT,CC,AT,CC,TT,AT,GG,AA,TT,CC,AG,CC,GG,GG,GG,CC,GG,CC,TT,CT,AA,GT,AG,GG,TT,TT,NN,AA,GG,AA,AG,GG,CC,TT,AA,AC,TT,AC,AG,TT,TT,AG,CT,AT,CC,GG,TT,GG,AG,GG,CC,AA,GG,AC,AT,AG,TT,TT,GG,GG,GT,CC,AT,GG,AA,AT,CC,TT,CC,TT,CT,TT,TT,GG,TT,CC,GG,CC,CC,CG,AG,AA,TT,TT,CC,AA,AA,AC,CC,GG,TT,CC,TT,AC,AA,TT,CG,AG,CG,GG,CC,GG,TT,AA,CC,CC,CC,CC,AA,TT,AC,AA,AC,CC,AA,TT,AA,AA,GG,CC,CC,GG,AA,AA,AA,AC,NN,CG,CC,AA,AA,GG,TT,GG,CC,TT,CT,GG,AC,TT,TT,TT,CC,AA,TT,TT,AA,TT,CG,CG,AA,CT,CC,CC,NN,CC,AA,GG,AG,CC,TT,CC,TT,GT,GG,AT,AA,AG,TT,AC,GG,AA,AC,CC,GG,GG,NN,GG,CT,AA,AA,CC,GG,AA,NN,AT,AA,GG,TT,AT,AA,GG,GT,AA,CC,AT,TT,AA,GG,AA,TT,AA,TT,CC,CC,AC,AC,TT,GG,AA,CC,AG,CC,AT,CT,GT,GG,TT,AC,CC,AA,GG,CC,CG,CG,CC,GG,TT,AA,CC,TT,GG,CG,CG,AA,GG,CC,AA,CC,AA,AA,CC,GG,NN,TT,AA,GG,AT,AA,AA,AA,AG,AA,AG,AA,TT,GG,AA,AG,CC,AA,TT,AA,AA,GG,GG,GG,TT,AT,AA,TT,AT,TT,AA,AT,GG,GG,AA,2.89,Susceptible,High,Standard,Early
L0525,Bengaluru Rural,Karnataka,Kharif,Red Sandy Loam,Rainfed,720,26.0,70,AA,TT,GG,AA,GG,CC,GT,TT,CC,CG,AA,CC,CC,TT,TT,GG,GG,TT,TT,AA,CC,TT,GT,CC,AT,CC,GT,AT,GG,AC,TT,CT,AA,CC,GG,GG,GG,CC,GG,NN,GT,CT,AA,TT,AA,GG,TT,TT,CC,AC,GG,AA,AA,GG,CC,GT,AA,AC,GG,AC,AA,TT,TT,AA,TT,AA,CC,GG,TT,GG,AA,TT,CC,AA,NN,AA,AT,GG,TT,TT,GG,GT,GG,CC,AA,GG,AA,AA,CC,GT,AC,TT,TT,TT,TT,GG,TT,CC,GT,CC,CT,CC,AG,AA,TT,TT,CG,AA,AG,AA,CC,GG,TT,CC,TT,AC,AC,TT,CG,GG,CC,GG,CC,GG,CT,AA,CT,CC,CC,CC,AA,TT,CC,AA,CC,NN,AA,AT,AA,AT,GG,CC,NN,GG,AA,GG,AA,CC,GG,CC,CG,AG,AG,GG,TT,AG,AC,TT,TT,GG,CC,NN,GT,TT,CC,AA,TT,CT,AA,TT,CG,CG,AG,CC,CC,CC,CG,CC,AA,GG,AA,AC,TT,CG,GG,TT,GG,TT,AA,AA,TT,CC,GG,AC,CC,CC,GG,GG,AC,GG,TT,AA,AA,NN,GG,AA,CC,AA,TT,GG,TT,TT,AA,CG,TT,AA,CC,AA,TT,AA,GG,AA,TT,AA,TT,CC,TT,AA,CC,TT,GG,AG,CG,GG,CC,TT,TT,TT,GG,TT,AC,AA,AA,GG,CG,CC,CG,CC,GG,AT,AG,CC,TT,GG,CC,CC,AT,GG,CC,AT,CC,AA,AA,NN,CG,AC,AT,AA,CG,AA,AA,AA,AC,AG,AA,AA,AA,AT,GG,AC,AA,AC,AA,TT,AA,AA,GG,GG,GG,TT,AA,AA,TT,TT,TT,AA,AT,GG,GG,AA,4.14,Resistant,Low,Premium,Late
L0526,Bengaluru Rural,Karnataka,Kharif,Red Sandy Loam,Rainfed,720,26.0,70,AA,TT,GG,AA,GG,CC,GG,AA,CC,CC,AA,CC,CC,TT,TT,GT,CG,TT,TT,AA,CC,TT,TT,CC,TT,CC,TT,TT,GG,AA,CT,NN,AG,CC,GG,GG,GG,GG,GG,CC,TT,TT,AA,TT,AA,AG,TT,AA,CC,CC,GG,AA,AA,GG,CC,TT,AA,CC,GT,AA,AA,TT,AT,AA,TT,TT,CC,GG,TT,GT,AA,GG,CC,AA,NN,CC,AT,GG,TT,TT,GG,TT,GT,CC,AT,GG,AA,AA,CC,GT,CC,TT,CT,TT,TT,GG,CC,CC,TT,CC,CC,CC,AA,AA,TT,TT,CC,AA,AG,AA,CC,GG,GT,CC,GT,AA,AA,TT,CG,AG,CC,AG,CT,GT,TT,AG,CC,CC,AC,CG,AA,TT,CC,AA,CC,CC,AA,AA,AA,AT,CG,CC,CC,GG,AA,AG,AT,CC,GT,CC,CC,AG,AG,GG,TT,GG,AA,TT,CT,GG,AC,GT,GT,CT,CC,AT,GT,TT,AT,AT,GG,CC,AG,CC,AC,CC,GG,AC,AA,GG,AA,CC,TT,CC,GG,TT,GG,TT,AA,AA,TT,CC,CG,AA,AC,CC,GG,GG,AA,GG,TT,AA,AA,CC,GT,AT,AC,AA,TT,GG,TT,AT,AA,CG,GT,TT,CG,AT,TT,AA,NN,AG,TT,AA,TT,CG,TT,AC,CC,TT,GG,AA,CC,AA,CC,TT,CC,GT,GG,TT,AA,AC,AA,GG,CC,CG,GG,CC,GG,AT,AA,CG,GT,GG,CC,CG,AA,GG,CC,AA,CC,AT,AA,CC,CC,CC,TT,AA,GG,AA,AA,AC,AA,AG,AG,AA,AA,TT,GG,AA,AA,AC,AA,TT,AG,AA,CG,GG,NN,NN,AA,AA,TT,TT,TT,AA,AT,GG,GG,AA,5.19,Susceptible,Medium,Standard,Late
L0527,Bengaluru Rural,Karnataka,Kharif,Red Sandy Loam,Rainfed,720,26.0,70,AC,CT,GG,AG,GG,CC,GT,TT,CC,CG,AA,CC,CC,AT,TT,GG,CG,TT,TT,AA,CC,GG,GT,CC,TT,CC,TT,AA,GT,AA,TT,CT,AA,CC,GG,GG,GG,CG,GG,CC,TT,CC,AC,TT,AA,AA,TT,TT,CC,AA,GG,AA,AG,CG,CT,TT,AA,CC,GT,CC,AG,TT,TT,AA,TT,AT,CC,GG,TT,GT,AG,GT,CC,AA,GG,AA,AA,AG,TT,TT,GG,GG,GG,CC,AA,GG,AA,AA,CG,TT,AC,TT,CC,TT,GT,GG,CT,CC,GT,CC,CC,CG,GG,AG,AT,TT,CC,AA,AG,AA,CT,GG,TT,CG,TT,AA,AA,TT,CG,GG,CC,GG,CT,GG,TT,AG,CC,CC,CC,CC,AA,TT,CC,AA,CC,CC,AA,TT,AA,AA,GG,CC,CC,GG,AA,GG,AA,CC,GG,CC,CC,AA,AA,AG,GT,GG,AC,GT,CT,GG,AC,TT,GT,TT,CC,AA,TT,CT,AA,NN,GG,CC,AG,CC,CC,CC,CG,CC,AA,GG,AA,CC,TT,CG,GG,TT,GG,AT,AA,AA,TT,CC,CG,AA,AC,CC,GG,GG,AC,GG,TT,AA,AA,CC,GG,AT,AC,AA,AA,GT,TT,TT,AA,GG,NN,AA,CC,TT,TT,AT,GG,AG,CT,AA,TT,CC,CT,AA,CC,TT,NN,GG,CC,AG,CC,TT,TT,GT,GG,TT,AA,CC,AG,GT,CC,CG,GG,CC,GG,AA,AA,CC,TT,GG,CC,CG,AA,GG,CC,AT,CG,AA,AG,CC,CC,CC,TT,AA,GG,AA,AA,AA,AC,AG,AA,AG,AA,TT,CG,AC,AA,AC,AC,CT,AG,AA,GG,GG,GG,TT,AA,AG,GT,TT,TT,AA,AT,GG,GG,AA,3.74,Susceptible,Medium,Poor,Medium
L0528,Bengaluru Rural,Karnataka,Kharif,Red Sandy Loam,Rainfed,720,26.0,70,AA,CT,GG,AA,GG,CC,GG,TT,CC,CC,AA,CC,CG,AT,TT,GG,GG,TT,TT,AA,CC,TT,GT,CC,TT,CC,TT,TT,GT,AA,TT,CC,AA,AC,GG,CG,GG,CC,GG,CC,TT,CT,NN,GT,AA,GG,TT,AT,CC,AC,GG,AA,AA,GG,CC,TT,AA,AA,GG,AA,AA,TT,AT,AA,TT,AT,CC,GG,TT,GG,AG,GG,CC,AA,GG,AC,AA,GG,TT,TT,GG,GG,GG,CC,AA,GG,AA,AT,CC,GT,CC,TT,CC,TT,TT,AG,CT,CC,TT,CC,CT,CC,AG,AA,TT,TT,CC,AA,AG,AA,CC,GG,TT,CG,TT,AA,AA,TT,CG,GG,CC,NN,CC,GT,TT,AG,CC,CC,CC,CC,AA,TT,CC,AA,CC,CC,AA,TT,AA,AT,GG,CC,CC,GG,AA,AA,AA,AC,GT,CG,GG,AA,AA,AG,TT,AG,AA,GG,TT,GG,CC,TT,TT,TT,GG,AA,TT,CC,AT,AT,CG,CC,AA,CC,CC,CC,GG,CC,AA,GG,AA,CC,TT,CC,GT,TT,CG,AA,AA,AA,TT,AC,GG,AA,CC,CC,GG,GG,CC,GG,TT,AC,AA,CC,GG,AA,AC,AA,AT,GG,GT,TT,AA,GG,GT,AT,CG,TT,GT,AA,GG,AA,TT,AA,TT,CC,TT,AA,CC,CT,GG,GG,CG,GG,CC,AT,TT,GT,GG,TT,AA,AC,AG,GG,CC,CC,GG,CC,GG,TT,AA,CC,GT,GG,CG,NN,AA,GG,CG,AA,CC,AA,AA,CC,CC,AC,AT,AA,GG,AA,AA,AA,AA,AA,AA,AA,AA,TT,GG,AA,AA,AC,AC,CT,AA,AA,GG,GG,GG,TT,AA,AG,TT,TT,TT,GG,TT,GG,GG,AA,1.84,Susceptible,Low,Standard,Early
L0529,Bengaluru Rural,Karnataka,Kharif,Red Sandy Loam,Rainfed,720,26.0,70,AA,TT,GG,AA,GG,CC,GT,AT,CC,CG,AA,NN,GG,TT,GT,GG,CG,TT,TT,AG,CC,GT,GT,CC,TT,CC,TT,AT,GG,AA,CT,CT,AA,CC,AG,GG,GG,CG,GG,CC,TT,NN,AA,TT,AG,GG,TT,AT,CC,CC,GG,AA,AA,GG,CC,TT,NN,AA,TT,AA,AG,TT,AT,AA,TT,TT,CC,GG,TT,GG,AA,GG,NN,AG,GG,AC,AT,GG,TT,TT,AG,GT,GT,CC,AA,GG,AA,AT,CC,TT,AC,TT,CT,TT,TT,GG,TT,AC,TT,CC,CT,GG,GG,AA,TT,TT,CC,AA,AG,AA,CT,GG,TT,CC,TT,AA,AA,TT,CC,AG,CG,AG,CC,TT,CT,AG,CC,CC,CC,CC,AA,TT,CC,AA,CC,CT,AA,AT,AA,AT,GG,CC,CC,GG,AA,AA,AA,CC,GG,CC,CC,AG,AG,GG,TT,NN,AC,GT,TT,GG,AC,TT,TT,TT,CG,AT,GT,TT,AA,AT,GG,CC,AG,CT,CC,CC,GG,CC,AT,GG,AG,CC,TT,CG,GT,TT,CG,AT,AA,AA,TT,AC,GG,AA,AC,CC,NN,GG,AA,GG,TT,AA,AA,CC,GG,AT,CC,AT,AT,GT,TT,AT,AA,NN,GG,AA,CC,AT,GT,AA,GG,AA,CT,AA,TT,CG,TT,AA,CC,TT,GG,AA,CC,AG,AC,TT,TT,GT,GG,NN,AA,AA,AA,GG,CC,CC,GG,CG,GT,AT,AA,CC,TT,GG,CG,CC,AA,AG,CC,AT,CC,AT,GG,CC,CC,AC,TT,AA,GG,AA,AA,AC,AA,AA,AA,AG,AA,TT,GG,AA,AG,CC,AA,CC,AA,AA,GG,GG,GG,TT,NN,AG,TT,TT,TT,AG,TT,GG,GG,AA,4.17,Susceptible,Low,Poor,Late
L0530,Bengaluru Rural,Karnataka,Kharif,Red Sandy Loam,Rainfed,720,26.0,70,CC,TT,NN,AG,GG,CC,GG,TT,CC,CC,AA,CC,CC,TT,TT,GG,GG,TT,TT,AG,CC,TT,GT,CT,TT,CC,TT,TT,GG,AA,TT,CC,AG,CC,GG,CG,GG,CC,GG,CC,TT,NN,AA,TT,AA,GG,TT,AT,CC,CC,GG,AA,AA,GG,CT,TT,AT,AA,TT,AC,AG,TT,TT,AG,TT,AT,CC,GG,TT,GG,AG,GT,CC,AA,GG,AC,AT,AA,GT,TT,GG,GG,GT,CC,AA,GG,AA,AA,CC,GT,CC,TT,CT,AT,TT,NN,TT,CC,GT,CC,CC,CG,GG,AA,TT,TT,CC,AA,AG,AA,CC,GG,TT,CC,TT,AA,CC,TT,CG,AA,CC,AG,CC,GG,TT,AA,CT,CC,CC,CC,AA,TT,CC,AA,CC,CC,AA,AT,NN,AT,CG,CC,CC,GG,AA,AA,AA,CC,GG,CC,CG,AA,GG,GG,NN,GG,AC,GT,CT,AG,CC,GT,TT,CT,CC,AT,TT,TT,NN,TT,GG,CC,AA,TT,CC,CC,GG,AC,AT,GG,GG,CC,TT,CC,GT,TT,GG,TT,AA,AA,TT,CC,GG,AA,AC,CC,GG,GG,CC,GG,TT,AA,AA,CC,GG,AA,AC,AA,AT,GT,GT,AA,AT,GG,GG,AA,CG,TT,TT,AA,GG,AA,CT,AC,TT,CC,CT,AA,AC,TT,GG,AG,CC,GG,CC,TT,TT,GT,GG,TT,AA,NN,GG,GG,CC,CG,GG,CC,GG,AT,AA,CG,TT,AG,CC,CC,AA,GG,CC,AA,CC,AA,AA,CC,CG,AC,TT,AA,GG,AA,AA,AA,AA,GG,AG,AA,AA,TT,GG,AA,AG,AC,AC,CT,AA,AA,GG,GG,GG,TT,AT,AG,TT,TT,TT,AG,AT,GG,GG,AA,3.44,Susceptible,High,Premium,Early
L0531,Bengaluru Rural,Karnataka,Kharif,Red Sandy Loam,Rainfed,720,26.0,70,AA,CT,AG,AG,GG,CC,GG,AT,CC,CC,AA,CC,GG,TT,TT,GG,CG,TT,TT,AA,CC,TT,GT,TT,TT,CC,TT,AT,GG,AA,TT,CC,AA,CC,GG,GG,GG,CG,GG,CC,TT,TT,AA,GG,AA,AG,CT,TT,CC,AC,GG,AA,AA,GG,CC,TT,AA,CC,GG,AC,AG,TT,TT,AA,TT,TT,CC,GG,TT,GG,AA,GG,CC,AA,GG,AA,TT,GG,TT,TT,GG,GG,GG,CC,AA,GG,AA,AA,CC,GT,AC,TT,CC,TT,TT,AG,TT,CC,TT,CC,CC,CC,AG,AA,TT,TT,CC,AA,GG,AA,CC,GT,TT,CG,TT,AA,AC,TT,CG,GG,CC,GG,CC,GT,TT,AA,CC,CC,CC,CC,AA,TT,CC,AA,CC,NN,NN,TT,AA,AT,CG,CT,CC,GG,AA,GG,AA,CC,GT,CC,CG,AA,AA,GG,TT,GG,AC,GG,CT,GG,CC,GT,TT,TT,CG,AT,GT,NN,TT,TT,GG,CC,AA,CC,CC,CC,GG,CC,AA,GG,AA,CC,TT,CC,TT,TT,CG,TT,AG,AA,TT,AC,GG,AC,AC,CC,GG,GG,AC,GG,TT,AA,AG,CC,GG,AA,AA,AT,AT,GG,TT,AA,AA,GG,GT,AA,CC,TT,GT,AA,GG,AA,TT,AA,TT,CC,TT,AA,CC,TT,GG,AG,NN,AA,CC,TT,CC,GT,GG,AT,AA,CC,AG,GG,CC,CC,GG,NN,GG,AT,AA,CC,TT,GG,CC,CG,AA,GG,CC,AA,CC,AA,AA,CC,CG,AC,TT,AA,GG,AA,AC,AC,AA,AG,AG,AG,AA,TT,GG,AA,AG,CC,AC,CC,AA,AA,GG,GG,GG,TT,AT,AA,GT,TT,TT,AG,AT,GG,GG,AA,4.63,Moderate,Low,Poor,Early
L0532,Bengaluru Rural,Karnataka,Kharif,Red Sandy Loam,Rainfed,720,26.0,70,AC,TT,NN,AA,GG,CC,GT,AA,CC,CC,AA,CC,CC,TT,GG,GG,GG,TT,TT,AA,CC,TT,TT,CC,AT,NN,GT,TT,GG,AA,TT,CT,AA,CC,GG,GG,GG,CC,GG,CC,TT,CT,AA,TT,AG,AA,TT,TT,CC,AC,GG,AA,AA,NN,CT,TT,AA,AA,GG,AA,AG,NN,TT,AG,TT,AA,CC,GG,TT,GG,AG,GT,CC,AA,NN,AC,AA,AG,TT,TT,GG,TT,GG,CC,AT,GG,AG,AA,CC,TT,AC,TT,CC,TT,GT,GG,TT,CC,TT,CC,CC,CC,AG,NN,TT,TT,CC,AA,AA,CC,CT,GG,TT,CC,GT,AA,AA,TT,CC,GG,CC,AG,CC,GT,TT,AG,CT,CC,CC,CC,AA,TT,AC,AA,AC,CC,AA,TT,AG,AA,GG,CC,CC,GG,AG,NN,AA,CC,GT,CC,CC,AA,AA,AG,GT,GG,AA,TT,CT,GG,CC,TT,GG,TT,CC,AA,GT,TT,AA,AT,GG,CC,AA,TT,CC,CC,GG,CC,AT,GG,GG,CC,TT,CC,GG,TT,GG,AT,AA,AA,TT,CC,GG,AA,AC,CC,GG,GG,AA,CG,NN,CC,AG,CC,GG,AA,CC,AA,AA,GG,TT,TT,AT,GG,GT,NN,CC,TT,GT,AA,GG,AA,TT,AA,TT,CC,CT,AA,CC,TT,CG,GG,CC,AG,CC,TT,TT,GT,GG,TT,AA,AC,AG,GT,CC,CC,GG,CC,GG,AT,AA,CC,TT,GG,CC,CC,AA,GG,CC,AT,CC,AA,AA,AC,CG,CC,NN,AA,GG,AA,AA,AC,AC,AG,AA,AG,NN,TT,GG,AA,AG,AA,AA,CC,AA,AA,GG,AG,CG,GT,AA,AA,GT,TT,TT,AA,AT,GG,GG,AA,2.59,Susceptible,High,Standard,Late
L0533,Bengaluru Rural,Karnataka,Kharif,Red Sandy Loam,Rainfed,720,26.0,70,AA,TT,GG,AA,GG,CC,GG,AT,CC,CG,AA,CC,CC,AT,GT,GG,GG,TT,TT,NN,CC,TT,GT,CC,TT,CC,TT,TT,GG,AA,TT,CT,AA,CC,GG,GG,GG,CC,GT,AC,TT,TT,AA,GT,AA,GG,TT,TT,CC,AA,GT,AA,AG,GG,CT,TT,AT,AC,TT,AA,AG,TT,AT,AG,TT,TT,CC,GG,TT,GT,AA,GG,CC,AA,GG,AA,AA,GG,TT,TT,GG,GG,GG,AC,AA,GG,AG,AA,CC,TT,CC,TT,CT,TT,TT,GG,CT,CC,TT,CC,CT,CC,AG,AA,TT,TT,CC,AA,AA,CC,CC,GG,TT,CC,TT,AA,AA,TT,CC,AG,CC,GG,CC,GG,TT,AA,CC,CC,CC,CC,NN,TT,CC,AA,CC,CC,AG,TT,AA,AT,GG,CC,NN,GG,AA,AG,AA,CC,GT,CC,CC,AG,AA,GG,GT,AG,AC,GT,CT,GG,AC,GT,NN,TT,CC,AT,GT,TT,AA,AT,CG,CC,AG,CC,CC,CC,CG,CC,AA,GG,AG,CC,TT,CC,GG,GT,CG,AT,AG,AA,TT,CC,GG,AA,AC,CC,GG,GG,NN,GG,TT,NN,AA,CC,GG,AA,AC,AA,TT,GT,TT,TT,AA,CG,GT,AA,CC,TT,GT,AA,GG,AA,TT,AA,TT,CC,CC,AC,CC,CT,CG,AG,CC,AG,AC,TT,TT,TT,GG,TT,NN,CC,AG,GG,CC,CG,GG,CG,GG,AT,AA,NN,GT,GG,CC,CC,AA,AG,CC,AA,CC,AA,AA,AC,NN,AC,TT,AA,GG,AA,AC,AC,AA,AA,AG,AG,AA,TT,GG,AC,AA,CC,AA,TT,AA,AA,CG,GG,GG,TT,AA,AA,TT,TT,TT,AA,TT,GG,GG,AA,3.44,Susceptible,Low,Standard,Medium
L0534,Bengaluru Rural,Karnataka,Kharif,Red Sandy Loam,Rainfed,720,26.0,70,AA,TT,GG,AA,GG,CC,GT,AT,CC,CG,AT,CC,CG,TT,TT,GT,GG,TT,TT,AA,CC,GT,TT,CT,TT,CC,TT,AT,GG,NN,TT,CT,AA,CC,GG,CG,GG,CC,GG,CC,TT,TT,AA,TT,NN,GG,TT,AT,CC,CC,GT,AA,AA,GG,CC,TT,AA,CC,TT,AA,AA,TT,TT,GG,CT,TT,CC,GG,TT,GT,AG,GG,CC,AA,GG,AC,AT,GG,TT,TT,GG,GT,GG,CC,AT,GG,AA,AA,CC,TT,CC,TT,CC,TT,GT,GG,TT,AC,TT,CC,CC,CC,AG,NN,TT,TT,CG,AA,AG,AC,CC,GG,TT,CC,GT,AA,CC,TT,CC,AA,CC,AG,CC,GT,TT,AA,CC,CC,CC,CC,AG,TT,CC,AA,CC,CT,AA,TT,AA,AA,GG,CC,CG,GG,AA,AG,AA,CC,GT,CC,CG,AA,AG,AG,GT,GG,CC,TT,CT,GG,CC,GT,GT,TT,CC,AT,GT,TT,AA,NN,GG,CC,AG,TT,CC,CC,CG,CC,AA,GG,AG,CC,TT,CG,GT,GT,GG,AA,AA,AA,TT,AC,CC,AA,CC,NN,GG,GG,AA,GG,TT,AA,AG,CC,GG,AA,AC,AT,AA,GT,NN,AA,AA,GG,GG,AA,CC,TT,GT,AA,GG,AA,CT,AA,TT,CC,TT,AA,CC,CC,CG,GG,CC,GG,CC,TT,TT,TT,GG,TT,AA,CC,NN,GG,CC,CC,GG,CC,GG,TT,AG,CC,GT,GG,CG,CC,AT,GG,CG,AA,CG,AT,AA,AC,GG,CC,TT,AA,GG,AA,AA,AC,AA,AG,AA,AG,AA,TT,CG,AC,GG,AC,AA,NN,AG,AA,GG,GG,GG,GT,AA,AA,TT,TT,AT,AG,TT,GG,GG,AA,3.69,Susceptible,High,Premium,Medium
L0535,Bengaluru Rural,Karnataka,Kharif,Red Sandy Loam,Rainfed,720,26.0,70,AC,TT,GG,AA,GG,CG,GT,TT,CC,CG,AA,CT,CC,AT,GT,GT,CG,TT,TT,AA,CG,TT,GT,CC,TT,CC,TT,TT,GG,AA,TT,CC,AA,CC,GG,CG,GG,CC,GG,CC,TT,TT,AA,TT,AG,GG,TT,AT,CC,AC,GG,AA,AA,GG,CT,TT,AT,AA,GT,AA,AA,TT,AT,AA,CT,TT,CC,GG,TT,GT,AG,GG,AC,AA,GG,AA,AA,GG,TT,TT,GG,NN,GG,CC,AA,GG,AA,AA,CG,GT,CC,GT,CT,TT,TT,GG,CT,CC,GT,CC,CC,CC,NN,AA,TT,TT,CG,AA,AA,AA,CT,GG,TT,CC,GT,AA,AA,TT,CC,GG,CC,GG,CC,GG,CT,AA,CC,CC,CC,CC,AA,TT,CC,AA,CC,CC,AA,AT,AA,AA,GG,CC,CC,GG,AA,AA,AA,CC,GG,CC,CC,AA,AA,GG,TT,GG,AA,TT,CT,GG,NN,TT,GT,TT,CC,AT,TT,TT,AT,TT,GG,CC,AA,CT,CC,CC,GG,CC,AA,GG,AA,CC,GT,CC,TT,TT,GG,AT,AA,AA,TT,CC,GG,AA,CC,CC,GG,GG,AC,CG,TT,AC,AA,CC,GG,AA,CC,AA,AA,GG,TT,TT,AA,CC,GG,AA,CC,NN,GT,AA,GG,AA,CC,AA,TT,CC,CT,AC,CC,CT,CG,AA,CG,AA,CC,TT,TT,TT,CG,AT,AA,CC,AA,GG,CC,CG,GG,CG,GG,AT,AA,CC,GT,AG,CC,CG,AA,GG,CG,AT,CC,AA,AA,AC,CC,CC,AT,AG,CG,AA,AA,AA,AA,GG,AG,AA,AA,AT,CG,AA,AA,AC,AA,TT,AA,AA,CG,AG,GG,TT,AA,AA,TT,TT,TT,AG,AT,GG,CG,AA,4.06,Moderate,Low,Standard,Medium
L0536,Bengaluru Rural,Karnataka,Kharif,Red Sandy Loam,Rainfed,720,26.0,70,AA,TT,AA,AG,CG,CC,GG,TT,CC,CC,AA,CC,CG,AT,TT,GG,GG,TT,TT,AA,CC,TT,TT,CT,TT,CC,TT,TT,GT,AA,TT,CC,AA,CC,AG,CG,NN,GG,GG,CC,TT,TT,AC,TT,AA,AG,TT,NN,CC,CC,GG,AT,AA,GG,CT,TT,AA,AA,GG,NN,AA,GT,AT,AA,TT,TT,CT,GG,TT,GG,AG,GT,CC,AA,GG,AC,AT,GG,TT,TT,GG,GT,GG,CC,AA,GG,AA,AA,CG,TT,CC,TT,CC,AA,TT,GG,CT,CC,GT,CT,CC,CC,AG,AA,AT,TT,CC,AA,AA,AA,CC,GG,TT,CC,TT,AC,AA,NN,CC,GG,CG,AG,CC,GG,CC,AA,CC,CC,CC,CC,AA,GT,AC,AA,CC,CC,AA,TT,AA,AA,GG,CT,CC,GG,AA,GG,AA,AC,GT,CC,CC,AA,AA,GG,TT,GG,CC,TT,CT,AG,CC,GT,GT,TT,CC,AA,TT,TT,AA,TT,GG,CC,AG,CC,AC,CC,CG,CC,AA,AG,AA,CC,TT,CC,GG,TT,CG,AT,AA,AG,TT,CC,CG,AA,CC,CC,CG,GG,CC,GG,TT,AA,AA,CC,GG,AA,AC,AA,AA,NN,TT,TT,AA,GG,GT,AA,CC,AT,TT,AA,GG,AA,TT,AA,TT,CC,TT,AA,CC,CT,GG,AA,CG,GG,CC,TT,TT,TT,GG,AT,AC,AC,AG,GT,CC,CC,GG,CC,NN,AT,AA,CC,TT,GG,GG,CG,AA,AG,CG,AT,CC,AA,AG,CC,CC,AA,AT,AA,GG,AA,AA,AC,AA,GG,GG,AA,AA,AT,GG,AA,AA,CC,AC,CT,AG,AA,GG,GG,GG,TT,NN,AA,GT,TT,TT,AG,AT,GG,NN,AA,6.14,Susceptible,Low,Premium,Early
L0537,Bengaluru Rural,Karnataka,Kharif,Red Sandy Loam,Rainfed,720,26.0,70,AC,TT,GG,GG,GG,CC,GG,AT,CC,GG,AT,CC,CC,AT,GT,GT,GG,TT,TT,AA,CC,GT,TT,NN,TT,CC,GT,TT,GG,AA,TT,CT,AA,AC,AG,GG,GG,CG,GG,CC,TT,CC,AA,GT,AA,GG,TT,TT,CC,AC,GT,AA,AA,GG,CC,TT,AA,AA,GG,AC,AA,GT,AT,AG,TT,TT,NN,GG,TT,GG,GG,GT,AC,AA,GG,AA,AA,GG,TT,TT,GG,GG,GG,CC,AT,GG,AG,AA,CC,GG,AC,TT,CT,TT,GT,GG,TT,AC,GT,CC,CT,CC,GG,AA,TT,GT,CC,AA,AG,AA,CT,GG,GT,CG,TT,AA,NN,TT,CC,GG,CC,GG,CC,TT,CT,AA,CC,CC,CC,CC,AA,TT,CC,AA,CC,CC,AA,TT,AA,AA,GG,CC,CC,GG,AA,AG,AA,CC,GG,CC,CC,AA,AA,GG,TT,GG,CC,TT,CC,GG,CC,TT,TT,TT,CC,AA,GT,TT,AA,AT,GG,CC,AA,CC,CC,CC,GG,CC,AA,GG,AG,CC,TT,CG,GG,TT,CG,AT,AG,AG,TT,CC,GG,AC,CC,CC,GG,GG,AC,GG,TT,AC,AG,CC,GT,AA,NN,AA,AT,GG,TT,TT,AA,GG,GG,AT,NN,AA,TT,AA,GG,AA,NN,AA,TT,CC,CT,AA,CC,TT,CC,GG,CG,AG,CC,AT,TT,GT,GG,TT,AC,AC,AA,NN,CC,CC,GG,CC,GT,AA,AA,CC,GG,GG,CC,CC,AT,AG,CC,TT,CC,AT,AA,CC,CC,AC,TT,AA,GG,AA,NN,AC,AA,GG,AA,NN,AA,TT,GG,AA,AG,AA,AA,CC,AA,AG,GG,GG,GG,TT,AA,AA,TT,TT,TT,GG,AT,NN,GG,AA,3.14,Susceptible,Low,Premium,Late
L0538,Bengaluru Rural,Karnataka,Kharif,Red Sandy Loam,Rainfed,720,26.0,70,AA,TT,AG,AG,GG,CC,GT,TT,CC,CC,AA,CC,CG,TT,TT,GT,CG,TT,TT,AA,CG,GG,GT,CC,TT,CT,TT,TT,GG,AA,TT,TT,AA,CC,AG,GG,GG,CC,GG,AC,TT,CT,AA,TT,AA,GG,CT,TT,CG,AA,GG,AT,AA,GG,CT,GT,AA,AC,GT,AA,AA,TT,TT,GG,TT,TT,CC,GG,TT,GG,AA,GG,CC,AA,AG,AC,AT,GG,TT,TT,GG,GT,GT,NN,AA,GG,AA,AA,CC,TT,CC,TT,CT,TT,GT,GG,CT,CC,GT,CC,TT,CC,AA,AA,TT,TT,CC,AG,GG,AA,CC,GG,TT,CC,TT,CC,AA,AT,CC,AG,CC,GG,TT,GG,TT,AA,CT,CC,AC,CC,AA,TT,CC,AA,CC,CT,AA,TT,AA,AA,CG,CC,CC,GG,AA,GG,AA,CC,GT,CC,CC,AG,AA,GG,GT,GG,AC,TT,NN,AA,AC,TT,TT,TT,CG,AT,TT,TT,AA,TT,GG,CC,AG,CC,CC,CC,CG,AC,AA,GG,AA,CC,TT,CG,GG,TT,GG,TT,AG,AA,TT,CC,GG,AA,NN,CC,GG,GG,AC,GG,TT,AA,AA,NN,GG,AA,AC,AA,AT,GG,TT,TT,AT,CG,GG,AA,CC,TT,TT,AA,GG,AG,TT,AC,TT,CC,TT,AA,CC,TT,CG,AG,CC,GG,CC,TT,CT,TT,GG,TT,AA,AC,AA,GG,CC,CC,GG,CG,GG,AT,AA,CC,TT,GG,CC,CC,AA,GG,CG,AA,CC,AA,AA,NN,CC,AC,TT,AA,GG,AA,AC,AC,AA,AA,AG,AA,AA,TT,GG,CC,AG,CC,CC,CT,AA,AA,NN,AG,GG,TT,AT,AA,TT,TT,TT,AA,AA,GG,GG,AA,5.48,Susceptible,Low,Poor,Late
L0539,Bengaluru Rural,Karnataka,Kharif,Red Sandy Loam,Rainfed,720,26.0,70,CC,TT,AG,AG,GG,CC,GG,AT,CC,CG,AA,CC,CC,TT,TT,GT,CG,TT,TT,AA,CC,TT,GT,CC,AT,CC,GT,TT,GG,AC,TT,CC,AA,CC,GG,CG,GG,CC,GG,CC,TT,CT,AC,TT,AG,AG,CT,TT,NN,CC,GT,AT,GG,GG,CC,TT,AA,AA,GT,AA,AA,GT,AA,AG,TT,TT,CC,GG,CT,GG,NN,GT,CC,AA,GG,AC,AA,AA,TT,TT,GG,GT,GG,CC,AA,GG,AA,AT,CC,TT,AC,TT,CC,TT,TT,GG,NN,CC,TT,CC,CC,CG,AG,AA,TT,TT,CG,AA,AA,AA,CC,GG,TT,CC,GT,AC,AA,TT,CC,AG,CC,AG,CC,NN,TT,AG,CC,CC,CC,CC,AA,TT,CC,AA,CC,CC,AA,TT,AG,AT,GG,CT,CC,GG,NN,AA,AA,AC,GT,CC,CC,AA,AA,AG,TT,GG,AA,TT,CT,AG,AC,TT,GT,CT,CC,AA,GT,CT,AA,AT,GG,CC,AG,CC,CC,CC,CG,CC,AT,GG,AA,CC,TT,CG,GG,GT,GG,TT,AA,AA,TT,AC,GG,AA,AC,CC,GG,GG,AA,GG,TT,AA,AA,CC,GG,AT,CC,AA,AT,GG,TT,TT,AT,CG,GG,AA,CG,TT,GT,AA,GG,AA,TT,AA,TT,CC,TT,AC,AC,TT,GG,AG,CG,GG,CC,AT,TT,GT,GG,TT,CC,AA,AG,GG,CC,CC,GG,CC,GG,AT,GG,CC,GT,GG,CC,CC,AA,GG,CC,AA,CC,AA,AA,CC,CG,CC,TT,AA,GG,AA,AA,AA,AC,GG,AA,AA,AA,AT,GG,AC,GG,CC,AA,TT,AA,AA,GG,GG,GG,TT,AA,AA,TT,TT,TT,AG,TT,GG,GG,NN,1.48,Susceptible,Low,Poor,Late
L0540,Bengaluru Rural,Karnataka,Kharif,Red Sandy Loam,Rainfed,720,26.0,70,AC,TT,GG,AG,GG,CC,GT,TT,CC,CG,AT,CT,CC,TT,GG,GG,CG,TT,TT,AA,CC,GT,TT,CC,TT,CC,GT,TT,GT,AA,TT,CC,AA,CC,GG,CG,GG,CC,GG,CC,TT,CC,AC,GT,AG,GG,TT,AA,CC,AA,GG,AT,AA,GG,CT,TT,AA,AA,GT,AC,AA,TT,TT,AA,TT,TT,CC,GG,CT,GG,AA,GG,CC,AA,GG,AC,AA,GG,GG,TT,AG,GG,GG,CC,AA,GG,AA,AA,CC,GT,AC,NN,CC,NN,TT,GG,CT,CC,TT,CC,CC,CC,AG,AA,NN,TT,CG,AA,GG,AC,CC,GG,TT,CC,TT,AA,AA,TT,CC,AG,CG,AG,CC,GG,TT,AA,NN,CC,CC,CC,AA,TT,CC,AA,CC,CC,AA,TT,AA,AA,GG,CC,CC,GG,AA,AA,AA,AC,GG,CC,CC,AG,AA,AG,GT,GG,AA,TT,CT,GG,CC,GT,TT,TT,CC,AA,TT,CT,AA,AT,GG,CC,AA,CC,CC,CC,CG,CC,AA,GG,AG,CC,TT,CC,GG,TT,GG,AT,AA,AA,TT,CC,GG,AA,CC,CC,GG,GG,AC,GG,TT,AC,AA,CC,GT,AT,CC,AT,AA,GG,TT,AT,AT,GG,GT,AA,CC,TT,GT,AA,GG,AA,TT,AA,NN,CC,CT,AA,AC,TT,GG,AG,CC,AG,CC,NN,TT,GT,GG,AT,AC,AC,AG,GG,CC,CC,GG,CC,GG,TT,AA,CC,TT,GG,CG,CC,AA,GG,CC,AT,CG,AA,AA,AC,CC,CC,TT,AA,GG,AA,AC,AC,AA,AG,AG,AA,AA,AT,GG,AA,AG,AA,AC,CT,AA,AG,GG,GG,GG,TT,AA,AG,TT,TT,TT,AA,AT,GG,GG,AA,4.38,Susceptible,Low,Standard,Medium
L0541,Bengaluru Rural,Karnataka,Kharif,Red Sandy Loam,Rainfed,720,26.0,70,AC,TT,GG,AG,GG,NN,GG,TT,CC,CG,AT,CC,CC,AT,TT,GG,CG,TT,TT,AA,CC,TT,GT,CT,TT,CC,TT,TT,GG,AA,TT,CC,AA,CC,GG,GG,GG,CC,GT,CC,TT,TT,AA,GT,AA,GG,TT,TT,CC,CC,GG,AA,AA,GG,CT,TT,AA,AA,GT,AA,AA,TT,TT,GG,TT,TT,CC,GG,TT,GG,AG,GG,CC,AA,GG,AA,AT,GG,TT,TT,GG,GG,GT,CC,AT,GG,AA,AA,CG,TT,CC,TT,CT,AT,TT,AG,TT,CC,GT,CC,CC,CC,GG,AA,TT,TT,CC,AA,GG,AA,CT,GG,TT,CG,GT,NN,AA,TT,CC,GG,CG,GG,CT,GG,TT,AG,CT,CC,AC,CC,AA,TT,CC,AA,CC,CC,AA,TT,AA,AA,CG,CC,CC,GG,AA,AG,AA,CC,GT,CG,CC,AA,AG,GG,GT,GG,NN,GT,TT,GG,AC,GT,TT,TT,CG,AA,GT,TT,AA,TT,GG,CC,AA,CT,CC,CC,GG,CC,AA,GG,AA,CC,NN,CG,GG,TT,CG,AA,AA,AA,TT,CC,GG,AA,CC,CC,GG,GG,CC,GG,TT,AA,AA,CC,GG,AA,CC,AA,AA,GG,TT,TT,AA,CG,GT,AA,GG,AT,TT,AA,GG,AA,CT,AA,TT,NN,TT,AA,CC,TT,GG,AG,CC,AA,CC,TT,TT,GT,GG,TT,AA,CC,GG,GG,CG,CC,GG,CC,GG,TT,AA,CC,GG,GG,CC,CC,AT,AG,CC,AA,CC,AA,AA,CC,GG,CC,TT,AA,GG,AA,AA,AC,AA,AA,AA,AG,AG,TT,GG,AA,AG,CC,AA,CT,GG,AA,CG,GG,GG,GT,AT,AG,TT,TT,TT,AG,TT,GG,GG,AA,4.21,Moderate,High,Standard,Early
L0542,Bengaluru Rural,Karnataka,Kharif,Red Sandy Loam,Rainfed,720,26.0,70,AA,CT,GG,AA,NN,CC,GT,TT,CC,CG,AA,CC,GG,AT,GT,GG,CG,TT,TT,AA,CC,GT,GT,CC,TT,CC,GT,TT,GT,AA,TT,CC,AA,CC,GG,GG,GT,CC,GG,CC,TT,CC,AA,GT,AA,GG,TT,TT,CC,AC,GG,AA,AA,CG,CT,TT,AA,AC,TT,AA,AA,TT,AT,AG,CT,AT,CC,GG,TT,GG,AA,GG,CC,AA,GG,AC,AT,GG,TT,TT,GG,GT,GT,CC,AA,GG,AA,AA,CC,GT,CC,TT,TT,TT,TT,AG,TT,NN,GT,CC,CC,CG,AG,AA,TT,TT,CC,AA,AG,AA,CT,GG,TT,CC,GT,CC,AA,TT,CG,AG,CC,GG,CC,GG,TT,AA,CC,CC,CC,CC,AG,TT,AC,AA,CC,NN,AA,TT,AA,AT,GG,CC,CC,GG,AA,AG,AA,CC,GG,CC,CC,AA,AG,GG,TT,AG,AC,TT,CT,AG,AC,GT,TT,CT,CC,AA,GT,TT,AA,TT,GG,CC,AG,CT,CC,CC,CG,CC,AT,GG,GG,CC,TT,CC,GT,TT,GG,AT,AA,AA,GT,CC,GG,AA,CC,CC,GG,GG,AA,GG,TT,AC,AG,CC,GG,AA,AC,AA,AT,GG,TT,AT,AA,CG,GT,AT,CC,TT,TT,AA,GG,AA,TT,AA,TT,CC,TT,AC,CC,TT,GG,AG,CC,GG,CC,TT,TT,GG,GG,TT,AA,AC,AG,GG,CC,CC,GG,CC,GG,AA,AA,CC,TT,GG,CC,NN,AA,GG,CC,TT,CC,AA,AA,CC,CC,AC,TT,AA,CG,AA,AC,NN,AA,AG,GG,AG,AA,TT,GG,AA,AG,AC,AC,CC,AA,AG,GG,GG,GG,GG,AT,AA,TT,TT,TT,GG,TT,GG,GG,AA,0.4,Susceptible,Medium,Poor,Late
L0543,Bengaluru Rural,Karnataka,Kharif,Red Sandy Loam,Rainfed,720,26.0,70,AA,TT,AG,AA,GG,CC,GG,AT,CC,CG,AA,CC,CG,TT,TT,GG,CG,TT,AT,AA,CC,GT,GG,CC,TT,CC,GG,AT,TT,AA,CT,CC,AA,CC,GG,GG,GG,CC,GG,CC,TT,CC,AA,TT,AA,GG,CT,TT,CC,AC,GG,AA,AA,GG,CT,TT,AA,NN,GG,AA,AA,TT,AA,AA,TT,TT,CC,GG,TT,GG,AA,GG,CC,AA,AG,AA,TT,GG,TT,TT,GG,GG,GG,CC,AA,GG,AA,AA,CC,GT,CC,GT,CC,TT,GT,GG,CT,CC,TT,CC,CC,CG,AG,AA,TT,TT,CG,AA,AG,AC,CC,GG,TT,CG,GT,AA,AA,TT,GG,AG,CC,GG,CC,GT,CT,AG,CC,CC,CC,CC,AG,TT,CC,AA,CC,CC,AA,TT,AA,AA,GG,CC,CC,GG,AG,AA,AT,CC,GG,CC,CC,AG,AA,AG,GT,GG,AC,TT,TT,GG,CC,TT,TT,TT,CG,AT,GT,TT,AT,TT,NN,CC,AG,CT,CC,CC,GG,CC,AA,GG,AG,CC,TT,CC,GT,TT,CG,AA,AA,AA,GT,CC,GG,AA,CC,CC,CG,NN,CC,GG,TT,CC,AG,CC,GG,AA,CC,AA,AA,GT,GT,TT,AT,GG,GG,AA,CC,TT,GT,AA,GG,AA,CT,AA,TT,CC,TT,AA,CC,TT,GG,AG,CC,AG,CC,TT,TT,TT,GG,TT,AA,NN,AG,GG,CC,CG,GG,CC,GG,TT,AA,CC,TT,GG,CC,CC,AA,AG,CC,AA,CG,AA,AA,AC,CC,AC,TT,AA,CG,AA,AC,AA,AA,AG,AA,GG,AA,TT,GG,AA,AG,CC,AA,TT,AA,AA,GG,GG,CG,TT,AA,AA,TT,TT,TT,AG,AA,GG,GG,AA,1.9,Moderate,Low,Premium,Medium
L0544,Bengaluru Rural,Karnataka,Kharif,Red Sandy Loam,Rainfed,720,26.0,70,AA,TT,GG,AG,GG,CC,GT,AT,CC,CG,AT,CC,CG,AT,TT,GG,GG,TT,TT,AA,CC,GT,GT,CC,TT,CC,GT,TT,GG,AA,TT,CT,AA,AC,GG,CG,GG,CC,GG,CC,TT,CT,AA,TT,AA,AG,TT,TT,CC,AC,GT,AA,AA,GG,CT,TT,AA,AC,GT,AC,AG,TT,NN,AG,TT,TT,CC,GG,TT,GT,AG,GG,CC,AA,GG,AC,AT,GG,TT,TT,GG,GG,NN,CC,AT,GG,AA,AA,CC,GG,AC,TT,CC,AT,TT,GG,CT,CC,TT,CC,CC,CC,AG,AA,AT,TT,CG,AA,AG,AC,CC,GG,GT,CG,TT,AA,AA,NN,CG,GG,CC,GG,CC,GG,CT,AG,CC,CC,CC,CC,AG,TT,CC,AA,CC,CC,AA,TT,AA,AA,CC,CT,CC,GG,AA,AG,AA,CC,GG,CC,CC,AA,AG,AG,TT,GG,AA,GT,CC,GG,CC,TT,GT,CT,CC,AA,TT,CT,AT,TT,GG,CC,AA,CT,CC,CC,CG,CC,AT,GG,AG,CC,TT,CC,GT,TT,GG,AT,AA,AA,TT,CC,CG,AA,CC,CC,GG,AG,AC,GG,NN,AA,AA,CC,GG,AA,AC,AA,AT,GG,TT,TT,AA,GG,GG,AA,CG,TT,TT,AA,GG,AA,TT,AA,TT,CC,TT,AA,CC,TT,GG,AA,GG,GG,AC,TT,CT,GT,GG,TT,AC,AC,AA,NN,CC,CG,GG,CC,GT,AT,AA,CG,TT,GG,CG,CG,AA,AG,CG,AT,CC,AA,AA,AC,CG,AC,TT,AA,GG,AA,AA,AA,AA,AG,GG,AA,AA,AT,GG,AA,AA,AC,AA,CT,AA,AA,GG,GG,GG,TT,AT,AA,TT,TT,TT,AA,AT,GG,GG,AA,2.82,Susceptible,Low,Poor,Early
L0545,Bengaluru Rural,Karnataka,Kharif,Red Sandy Loam,Rainfed,720,26.0,70,AC,TT,GG,AG,GG,CC,GG,AT,CC,CC,AA,CC,CC,TT,GT,GG,GG,TT,TT,AG,CC,GT,TT,CT,NN,CC,TT,TT,GG,AA,TT,CC,AA,CC,GG,GG,GG,GG,GG,CC,TT,CT,AC,TT,AG,GG,CT,TT,CC,AA,NN,AT,AA,GG,CC,TT,AA,AA,GG,AC,AG,GT,AT,AA,TT,AT,CC,GG,TT,TT,GG,GG,CC,AA,GG,AC,AT,GG,TT,TT,GG,GG,GG,CC,AA,GG,AA,AT,CC,GT,AC,GT,CT,TT,GT,GG,CT,AA,TT,CC,CC,CG,GG,AG,TT,TT,CC,AA,AA,AA,CC,GG,TT,CG,GT,AA,AA,TT,CG,GG,CC,AG,CC,GT,TT,AA,CC,NN,CC,CC,AA,TT,AC,AA,CC,CC,AA,TT,AG,AA,GG,CC,CC,GG,AA,AA,AA,CC,GT,CC,CC,AA,AA,NN,TT,GG,AC,TT,TT,GG,AA,GG,GG,TT,CG,AA,TT,TT,AA,TT,GG,CC,AA,CT,AC,CC,CG,CC,AA,GG,GG,CC,NN,CC,GT,TT,CG,TT,AA,AG,TT,CC,GG,AC,CC,CC,GG,GG,AC,GG,TT,AA,AA,CC,GG,AT,CC,AA,AA,TT,TT,TT,AA,GG,GT,TT,CG,AT,TT,AA,GG,AA,TT,AA,TT,CC,TT,AC,CC,CT,CG,AG,CC,GG,CC,TT,TT,GT,GG,TT,AA,AA,AG,GG,CC,CG,GG,CC,GG,AT,AG,CC,GT,GG,CG,CG,AA,GG,CC,TT,CC,AA,AA,AC,CC,CC,TT,AA,GG,AA,AA,CC,AC,AG,AA,AG,AA,AT,GG,AA,AG,AC,AA,CT,NN,AA,CG,AG,GG,GT,AA,AA,TT,NN,TT,AG,AT,GG,GG,AA,4.92,Moderate,High,Standard,Medium
L0546,Bengaluru Rural,Karnataka,Kharif,Red Sandy Loam,Rainfed,720,26.0,70,AA,CT,AG,AA,GG,CC,GG,TT,CC,CG,AA,CC,CC,TT,TT,GG,GG,TT,TT,AA,CC,GT,GT,NN,TT,CC,TT,TT,GG,AC,TT,CT,AG,AC,GG,GG,GG,CG,GG,CC,TT,CT,AA,TT,AA,AG,TT,TT,CC,AC,GG,AA,AA,GG,CC,TT,AA,AA,GT,AA,AA,GT,AT,AA,TT,NN,CC,GG,CT,GT,AA,GG,CC,AA,NN,AA,AT,GG,GT,TT,GG,GG,GG,CC,AT,GG,AA,AA,CC,GT,CC,TT,CC,TT,GT,GG,TT,CC,GT,CC,CC,CC,AG,AA,TT,TT,CC,AG,AA,AA,CC,GG,TT,CC,GT,AC,AA,TT,CC,AA,CC,GG,CC,GG,TT,AG,CC,CC,CC,CG,AA,TT,AC,AA,CC,CC,AA,TT,AA,AA,GG,CC,CC,GG,AA,AG,AA,CC,GT,CC,CC,AG,AG,GG,TT,AG,AA,GT,TT,GG,CC,GT,GT,TT,CG,AA,TT,TT,AA,TT,NN,CC,AA,CC,CC,CC,NN,AC,AA,GG,AG,CC,TT,CC,GG,TT,CG,AT,AA,NN,TT,CC,GG,AA,AA,CC,GG,GG,CC,CG,TT,AC,AA,CG,GG,AA,CC,AA,AT,GG,TT,AT,AA,GG,GG,AT,CC,AT,GT,AA,GG,AA,TT,AC,TT,CC,CC,AC,AC,CT,CG,AA,CC,AG,AC,TT,TT,GT,GG,TT,NN,AC,AG,GG,CC,CG,GG,CC,GG,AT,AA,CC,TT,GG,CC,CG,AA,GG,CC,AA,CC,AT,AA,CC,CG,AC,TT,AA,GG,AA,AA,AC,AA,AG,AA,AA,AG,AT,GG,AA,AA,AC,AA,CT,AA,AG,GG,GG,GG,TT,AT,AA,GT,TT,AT,AA,TT,GG,GG,AA,3.2,Susceptible,Medium,Premium,Early
L0547,Bengaluru Rural,Karnataka,Kharif,Red Sandy Loam,Rainfed,720,26.0,70,AA,TT,AG,AA,GG,CC,TT,TT,CC,CC,NN,CC,CC,AT,NN,GG,GG,TT,TT,AA,CC,TT,TT,CC,AT,CC,TT,AT,GG,AA,TT,CC,AA,NN,GG,GG,GG,CC,GG,AC,TT,TT,AA,TT,AA,AG,TT,TT,CC,AC,GG,AT,AG,GG,CC,GT,AA,NN,GT,AA,AG,TT,AT,AG,TT,TT,CC,GG,TT,GT,AA,GT,CC,NN,GG,AC,NN,GG,TT,TT,GG,GG,GT,CC,AA,GG,AA,AA,CC,GT,AC,TT,CC,TT,GT,GG,CT,NN,TT,CC,CC,CG,GG,AA,NN,TT,CC,AA,AA,AA,CC,GG,TT,CG,GT,AC,AA,TT,CG,AG,CG,GG,CC,GG,CT,AG,CT,CC,CC,CC,AA,TT,CC,AA,CC,CC,AA,TT,AA,AT,GG,CC,CC,GG,AA,AA,AA,CC,GT,CC,CG,AA,AG,GG,TT,GG,AA,NN,TT,GG,CC,GT,TT,TT,NN,AT,TT,TT,AA,TT,GG,CC,AA,CC,CC,CC,CG,CC,AA,GG,AG,CC,TT,CC,GG,GT,CC,AT,AA,AA,TT,AC,CG,AA,CC,CC,GG,GG,AA,GG,TT,AA,AA,CC,GG,AA,CC,AA,AT,GG,TT,TT,AT,GG,GT,AT,CC,AT,TT,AA,GG,AA,TT,AA,TT,CC,TT,AA,CC,TT,CG,AA,CC,AG,CC,TT,CT,TT,GG,AT,AC,CC,AA,GG,CC,CC,GG,CC,GG,TT,AG,CC,TT,GG,CC,CG,AA,AG,CC,AA,CC,AA,AA,AC,CG,AC,AT,AA,GG,AA,AA,AC,AA,AA,AG,AG,NN,TT,GG,AA,AA,CC,AA,CT,AA,AA,GG,GG,GG,TT,AA,AA,TT,TT,TT,AG,TT,GG,GG,AA,2.38,Moderate,Low,Standard,Early
L0548,Bengaluru Rural,Karnataka,Kharif,Red Sandy Loam,Rainfed,720,26.0,70,AA,CT,GG,AA,GG,CC,TT,TT,CC,CG,AA,TT,CG,TT,GT,GG,GG,TT,TT,AA,CC,GT,TT,CC,TT,CC,TT,TT,GG,AA,TT,CC,AA,CC,GG,CG,GG,CG,GG,CC,TT,TT,AC,TT,AA,GG,TT,NN,CC,NN,GT,AA,AA,GG,CC,TT,AA,AC,TT,AC,AA,TT,AT,AG,TT,AT,CC,GG,TT,GG,AG,GG,CC,AA,AG,AC,TT,GG,GT,TT,GG,GT,GG,CC,AA,GG,AA,AT,CC,TT,AC,TT,CC,AT,GT,GG,CT,AC,GG,CC,CC,CG,AG,AA,TT,TT,CG,NN,AA,AA,CT,GG,TT,CC,TT,AA,AA,TT,CC,GG,CG,GG,CC,GT,TT,AA,CC,CC,CC,CG,AA,TT,CC,NN,CC,CC,AA,TT,AA,AA,CG,CT,CC,GG,AA,AA,AT,AC,GT,CC,CC,AA,AA,GG,GG,GG,AA,GT,TT,GG,CC,GT,TT,CT,CG,AT,NN,CT,AA,TT,CG,CC,AA,TT,CC,CC,CG,CC,AA,GG,GG,CC,TT,CC,GG,TT,CG,TT,AA,AA,GT,CC,GG,AC,AC,CG,GG,GG,CC,GG,TT,AA,AA,CC,GT,AA,AC,AA,AA,GG,TT,TT,AA,GG,GG,AA,CG,AT,TT,AA,GG,AA,TT,AC,TT,CC,TT,AC,AC,CT,GG,AG,CC,AG,CC,TT,NN,GT,GG,TT,NN,CC,AG,GG,CG,CG,GG,CC,GG,TT,AA,CC,TT,GG,CG,CC,AT,GG,CG,AA,CC,AA,AA,CC,CG,AC,TT,AA,GG,AA,AA,AC,AA,AA,AG,NN,AA,TT,GG,AC,AA,AA,AA,CT,AA,AA,GG,GG,GG,TT,AA,AA,TT,TT,TT,AG,AT,GG,GG,AA,3.18,Susceptible,High,Premium,Late
L0549,Bengaluru Rural,Karnataka,Kharif,Red Sandy Loam,Rainfed,720,26.0,70,AA,TT,GG,AA,GG,CC,GG,TT,CC,CG,AA,CC,CC,AA,TT,GG,GG,TT,TT,AA,CC,GT,TT,CC,TT,CC,TT,TT,GT,AA,TT,CC,AA,CC,GG,GG,GG,CC,GG,CC,TT,TT,AA,TT,AG,GG,TT,TT,CC,AC,GT,AA,AA,GG,CT,TT,AT,AA,GG,AC,AA,TT,AT,AG,TT,AT,CC,GG,TT,GT,AA,GG,CC,AA,GG,AC,AA,GG,TT,TT,GG,GT,GG,CC,AA,GG,AG,AA,CC,GT,CC,TT,CT,TT,TT,GG,TT,AC,GT,CC,CC,CC,AA,AA,TT,TT,CC,AA,AA,AA,CT,GG,TT,CC,TT,AC,AA,TT,CC,GG,CG,AG,CC,GG,CT,AA,CC,CC,CC,CC,AA,TT,CC,AA,CC,CC,AA,TT,AA,AA,GG,CC,CC,GG,AA,AA,AA,AC,GG,CC,CC,AA,AA,NN,TT,AG,AC,TT,CT,GG,AC,TT,GT,TT,CC,TT,TT,TT,AA,TT,GG,CG,GG,CT,CC,CC,CG,AC,AA,NN,AG,CC,TT,CC,GT,TT,GG,TT,AA,AA,TT,CC,CG,AA,CC,CC,GG,GG,AC,GG,TT,AA,AA,CC,GG,AA,AC,AA,TT,GG,GT,TT,AA,GG,GT,TT,CC,TT,TT,AA,GG,AA,TT,AC,NN,CG,CT,AA,CC,CT,GG,AG,CC,AG,CC,TT,TT,TT,GG,TT,AA,AC,AG,GG,CC,CG,CG,CC,GG,TT,AA,CC,TT,GG,CC,CC,AA,GG,CC,AA,CC,AA,AA,AC,CC,CC,TT,AA,GG,AA,AA,AC,AA,AG,AA,AG,AA,AT,GG,NN,AA,AA,AA,CT,AA,AA,GG,GG,GG,TT,AT,AA,GT,AT,TT,AG,TT,GG,GG,AA,3.12,Susceptible,Low,Premium,Medium
L0550,Bengaluru Rural,Karnataka,Kharif,Red Sandy Loam,Rainfed,720,26.0,70,AA,NN,AG,AG,GG,CC,GT,TT,CC,CG,AT,CC,CC,AT,TT,GT,GG,TT,TT,AA,CG,TT,GT,CC,TT,CC,NN,AT,GT,AA,TT,CC,AA,CC,GG,GG,GG,CG,GG,CC,TT,TT,AA,NN,AG,AG,TT,TT,CC,CC,GG,AA,GG,GG,CC,TT,AA,AA,TT,AC,AG,TT,TT,AA,CT,TT,CC,GG,TT,GG,AA,GG,CC,AA,GG,AC,AT,GG,TT,TT,GG,GG,GT,CC,AA,GG,AA,AA,CC,GT,CC,TT,CC,TT,TT,AG,TT,CC,GT,CC,CT,CC,AA,NN,TT,TT,CG,AA,AG,AA,CT,GG,GT,CC,TT,AC,AA,TT,CC,AG,CG,GG,CC,GT,TT,AA,CT,CC,CC,CC,AA,TT,AC,AA,CC,CC,AA,TT,AA,AA,GG,CC,CC,GG,AA,AG,AA,CC,GG,CC,CC,AA,AA,AG,GT,GG,AC,TT,TT,GG,CC,GT,TT,TT,CC,AA,GT,TT,AA,AT,CG,CC,AA,TT,NN,CC,NN,CC,AT,GG,AG,CC,TT,CG,GG,TT,CG,AA,AA,AA,TT,CC,GG,AC,CC,CC,GG,GG,AC,GG,TT,AA,AG,CC,GT,AA,CC,AA,AA,GG,TT,TT,AA,CC,GT,AT,CC,AT,GT,AA,GG,AA,TT,AA,TT,CC,TT,AA,CC,TT,CG,AG,NN,AA,AC,TT,CT,TT,GG,TT,AC,CC,AA,GG,CC,CG,GG,CC,GG,AT,AA,CC,TT,NN,CC,CG,AA,GG,CG,AA,CG,AA,AA,CC,CC,NN,TT,AA,GG,AA,AA,AA,AA,AG,AA,AG,AA,TT,CG,AC,AG,AC,AA,TT,AA,AA,GG,GG,GG,TT,AA,AA,TT,TT,TT,AA,TT,CG,GG,NN,4.68,Susceptible,High,Poor,Medium
L0551,Bengaluru Rural,Karnataka,Kharif,Red Sandy Loam,Rainfed,720,26.0,70,AA,TT,GG,AG,GG,CG,GG,TT,CC,CG,AA,CT,CG,AA,TT,GG,CG,TT,TT,AG,CC,GT,GT,CT,TT,CC,TT,TT,GG,AC,CT,CT,AA,CC,GG,GG,GG,CC,GG,CC,TT,TT,AA,GT,AA,AG,TT,AT,CC,AC,GG,AA,AA,GG,CC,GT,AA,AC,GT,AA,AA,TT,AT,AA,CT,TT,CC,GG,TT,GG,AA,GG,CC,AA,AG,AA,AA,GG,GT,TT,GG,GG,GG,CC,AT,GG,AA,AA,CC,GT,CC,TT,CC,TT,TT,GG,TT,CC,GT,CC,CC,CG,GG,AA,AT,TT,CC,AA,AA,AA,CT,GG,GT,CG,TT,AA,AA,TT,CG,AA,CC,GG,NN,GT,TT,AA,CC,CC,AC,CC,AA,TT,NN,AA,CC,CC,AA,TT,AA,AT,GG,CC,CG,GG,AG,AG,AA,CC,GT,CC,CG,AA,AG,GG,TT,AG,AC,TT,CC,GG,CC,TT,TT,TT,CC,AA,GT,TT,AA,TT,GG,CC,AA,CT,CC,CC,CG,CC,AA,AG,NN,CC,TT,CG,GT,GT,GG,TT,AA,AA,TT,CC,CC,AA,CC,CC,GG,GG,CC,GG,TT,AA,AA,CG,GG,AA,CC,AA,AA,GG,TT,TT,TT,GG,GT,AA,CC,TT,TT,AA,GG,AA,CT,AA,TT,CC,CT,AA,CC,CT,CG,AG,CG,GG,CC,TT,CC,GT,NN,TT,AA,AC,AA,GT,CG,CG,GG,CC,GT,AT,AA,CC,GT,AG,CC,CC,AA,AG,CC,AT,CC,AA,AA,CC,CC,NN,TT,AG,GG,AA,AA,AC,AA,GG,AG,AG,AA,TT,NN,NN,AA,AC,AA,TT,AA,AA,GG,GG,GG,GT,AA,AA,TT,TT,TT,AA,AT,CG,GG,AA,4.77,Susceptible,Low,Standard,Medium
L0552,Bengaluru Rural,Karnataka,Kharif,Red Sandy Loam,Rainfed,720,26.0,70,AA,TT,AG,AG,CG,CG,GG,TT,CC,CC,AA,CT,CG,AT,TT,GG,CG,TT,TT,AG,CC,GT,GT,CT,NN,CC,GT,TT,GG,AA,TT,CC,AA,CC,AG,GG,GG,CC,GG,CC,TT,CT,AA,TT,AG,AG,TT,TT,CC,AA,GG,AT,AA,GG,CC,TT,AA,CC,GG,NN,AG,TT,TT,AG,CT,TT,CC,GG,TT,GG,AA,GG,CC,AG,GG,AA,AA,GG,TT,TT,GG,GG,GG,CC,AT,GG,AA,AA,CC,TT,AC,TT,CC,AT,TT,GG,CT,CC,TT,CC,CC,CC,AG,AA,TT,TT,CG,AG,AG,AA,CT,GG,TT,CC,TT,AA,AA,TT,CC,AG,GG,AG,CC,GG,TT,AG,CC,CC,CC,CC,AA,TT,AC,AA,CC,NN,AA,TT,AG,AA,NN,CC,CC,GG,AA,AG,AA,CC,GG,CC,CC,AA,AA,GG,TT,GG,AC,NN,CT,AG,CC,TT,TT,TT,NN,AA,TT,TT,AA,TT,GG,CC,AG,CT,CC,CC,CG,AC,AA,GG,AG,CC,TT,CC,GG,TT,GG,TT,AA,AG,TT,AC,GG,AA,AC,CC,GG,GG,AC,GG,TT,AA,AG,CC,GG,AA,AC,AA,AT,GT,TT,TT,AA,CC,GT,AA,CC,TT,GT,AA,GG,AA,TT,AA,TT,CG,TT,AA,CC,TT,CG,AG,CC,AG,CC,TT,TT,GT,GG,TT,AC,CC,AG,GG,CC,CG,GG,CC,GG,AT,AA,CC,TT,GG,CC,CC,AT,GG,CC,AT,CC,AT,AA,CC,CG,AC,TT,AA,GG,AA,AA,AA,AA,AG,AA,AA,AA,AT,GG,AA,AA,AC,AC,CT,AA,AA,GG,GG,GG,TT,AA,AA,TT,TT,TT,GG,TT,GG,GG,AA,5.26,Susceptible,Medium,Standard,Medium
L0553,Bengaluru Rural,Karnataka,Kharif,Red Sandy Loam,Rainfed,720,26.0,70,AC,CT,GG,AA,CG,CC,GG,TT,CC,CG,AA,CC,CC,TT,TT,GG,CG,TT,TT,AA,CC,GT,GT,CT,TT,CC,TT,TT,GG,AA,TT,CT,AA,AC,GG,GG,GG,CC,GG,CC,TT,TT,AA,TT,AG,AG,TT,AT,CC,AC,GG,AA,AA,GG,CT,TT,AA,AA,TT,CC,AA,TT,NN,AG,TT,AT,CC,GG,CT,GT,AG,GT,CC,AG,GG,AA,AT,GG,TT,TT,GG,GG,GG,CC,AA,GG,AA,AT,CC,GG,CC,TT,CT,TT,TT,AG,CT,CC,TT,CC,CC,CC,AA,AA,TT,TT,CC,AA,AG,AA,CT,GG,TT,CC,TT,AA,AA,TT,CG,AG,CC,GG,CC,GG,TT,AA,CC,CC,CC,CC,AA,TT,CC,AA,CC,CC,AA,TT,AA,AA,GG,CT,CC,GG,AA,AA,AA,CC,GG,CC,CC,AA,AG,GG,GT,GG,CC,NN,CT,AG,CC,GT,GT,TT,CG,AA,GT,TT,AT,AT,CG,CC,GG,CT,AC,CC,GG,AC,AA,GG,AG,NN,TT,NN,GG,TT,GG,AT,AA,AG,TT,CC,GG,AA,AC,NN,GG,AG,AC,GG,CT,AA,AG,CC,GT,TT,CC,AT,AT,GG,TT,AT,AA,GG,TT,TT,CC,TT,GT,AA,GG,AA,CT,AA,TT,CC,TT,AC,CC,TT,CG,AA,CC,AA,CC,TT,TT,TT,GG,TT,AA,AC,AA,GG,CC,CG,GG,CC,GG,TT,GG,CG,GT,GG,CC,CC,AT,GG,GG,AT,CC,AA,AA,CC,CG,AC,TT,AG,GG,AA,AA,AC,AC,AA,AG,AA,AA,AT,CG,CC,AA,CC,AA,CT,AA,AA,CG,GG,GG,GT,AA,AA,TT,TT,TT,AA,NN,GG,CG,AA,4.49,Susceptible,High,Premium,Late
L0554,Bengaluru Rural,Karnataka,Kharif,Red Sandy Loam,Rainfed,720,26.0,70,NN,CT,GG,AA,GG,CC,GG,TT,CC,CC,AA,CT,CC,TT,TT,GG,CG,TT,TT,AA,CG,TT,GT,CC,TT,CC,GT,TT,GG,AA,TT,CC,AA,CC,AG,GG,GG,GG,GG,CC,TT,CT,AA,TT,AG,AG,TT,TT,CC,AA,GT,AA,AA,GG,CC,TT,AT,AC,GG,AC,GG,GT,TT,AG,TT,AT,NN,GG,CT,GG,AA,GG,CC,AA,GG,AA,AT,GG,TT,TT,GG,GT,GG,CC,AA,GG,AA,AT,CC,TT,CC,TT,CC,TT,GT,GG,TT,NN,GT,CC,CT,CG,AG,AA,TT,TT,CC,AA,AG,AA,CT,GT,TT,CC,GT,AA,AA,TT,CC,GG,CC,GG,CC,GG,TT,AA,CC,NN,CC,CC,AA,TT,CC,AA,CC,CT,AA,AT,AA,AA,CG,CC,CG,GG,AA,AG,AA,CC,GG,CG,CC,AG,AA,AG,TT,GG,AC,GT,TT,AG,AC,TT,GT,TT,CC,AT,TT,TT,AA,TT,NN,CC,AG,CT,CC,CC,CG,CC,AA,GG,AA,CC,TT,CG,GT,TT,GG,TT,NN,AA,TT,CC,CG,AC,AC,CC,GG,GG,CC,GG,TT,AC,AA,CC,GT,AA,AC,AA,NN,TT,GT,TT,AT,GG,GT,AA,CG,AT,TT,AA,GG,AA,CT,AA,TT,CC,CT,AC,CC,TT,GG,AG,CG,AG,CC,TT,CT,GT,GG,TT,CC,AA,AA,GT,CC,CC,GG,CC,GG,TT,AA,CC,TT,GG,CC,CG,AA,GG,CC,AT,CC,AA,AG,AC,CG,AC,TT,AA,GG,AA,AA,AC,AA,GG,AG,AA,AA,TT,GG,AA,GG,AC,AC,CT,AA,AA,GG,GG,GG,TT,AA,AA,GG,TT,TT,AA,AT,CG,CG,AA,3.57,Susceptible,High,Poor,Early
L0555,Bengaluru Rural,Karnataka,Kharif,Red Sandy Loam,Rainfed,720,26.0,70,AA,TT,AG,AG,NN,CC,GG,AT,CC,CG,AA,CC,CC,TT,GT,GT,GG,TT,TT,AG,CC,GT,TT,CT,TT,CC,TT,TT,GG,AA,TT,CT,AA,CC,GG,GG,GG,CG,GG,CC,TT,TT,AA,TT,AA,AG,TT,AT,CC,AA,GT,AA,AA,GG,TT,GT,AA,CC,GT,AC,AA,GT,AT,AA,TT,TT,CC,GT,TT,GT,AA,GG,NN,AA,GG,AA,AT,GG,TT,TT,GG,GG,GG,CC,AA,GG,AA,AT,CC,GT,CC,GT,CC,TT,TT,GG,TT,AC,TT,CC,CC,CG,GG,AA,TT,TT,CC,AA,AG,AC,CT,GG,TT,CG,GT,AA,AA,TT,CC,GG,CC,GG,CT,GT,TT,AG,CC,CC,CC,CC,AA,TT,CC,AA,CC,CT,AA,TT,AA,AA,GG,CT,CC,AG,AA,GG,AA,CC,GG,CC,CC,AG,AG,GG,TT,GG,CC,TT,CT,GG,CC,GT,TT,TT,CG,NN,GT,TT,AA,AT,GG,CC,AA,CC,AC,CC,CG,CC,AA,GG,AG,CC,TT,CG,GT,GT,CG,TT,AA,AA,TT,AC,CG,AA,AA,CC,GG,GG,NN,GG,TT,AC,AG,CG,GG,AA,CC,AT,AA,GT,TT,AT,AA,GG,GT,AT,CC,AT,TT,AA,GG,AA,TT,AA,TT,CC,CC,AA,CC,TT,CC,AA,CC,GG,CC,TT,CT,TT,GG,TT,AA,CC,AG,GG,CC,CG,GG,CC,GG,TT,AA,CC,GT,GG,CC,NN,AA,GG,CC,AA,CC,AT,AA,CC,CG,CC,TT,AA,GG,AA,AA,AA,AA,AG,NN,AG,AA,AA,GG,AC,AA,AC,AA,TT,AA,AA,GG,GG,GG,GT,AT,AA,GT,TT,TT,AG,TT,GG,GG,AA,3.98,Susceptible,Low,Standard,Medium
L0556,Bengaluru Rural,Karnataka,Kharif,Red Sandy Loam,Rainfed,720,26.0,70,AC,CT,GG,AG,GG,CC,GG,TT,CC,CG,AA,CT,CG,AT,TT,GG,GG,TT,TT,AA,CC,TT,GT,CT,TT,CC,TT,TT,GT,AA,TT,CC,AA,CC,AG,GG,GG,CG,GG,CC,NN,TT,AA,TT,AA,AG,TT,TT,CG,CC,GT,AA,AA,GG,CC,TT,AA,AA,GT,AA,AA,TT,AT,AA,TT,AT,CC,GG,TT,GG,AA,GG,CC,AA,AG,AA,AA,GG,TT,TT,AG,GG,GG,CC,AA,GG,AA,AT,CC,TT,CC,TT,CT,AT,TT,GG,TT,CC,GT,CC,CT,CG,GG,NN,TT,TT,CC,AA,AA,AA,CT,GG,TT,CC,GT,AA,AC,TT,CC,AG,CC,GG,CC,GT,NN,AA,CC,CC,CC,CC,AA,NN,CC,AC,CC,CT,AA,TT,AA,AA,GG,CC,CC,GG,AG,GG,AA,CC,GT,CC,CC,AA,AA,GG,TT,GG,AC,TT,CT,GG,NN,TT,TT,TT,CG,AA,TT,CT,AA,TT,GG,CC,AG,CT,CC,AC,CG,AC,AA,AG,AA,CC,TT,CC,GG,TT,GG,AT,AA,AG,TT,CC,CG,AA,CC,CC,CG,GG,AA,GG,TT,AC,AA,CC,GG,AT,CC,AA,AA,GT,TT,TT,AA,GG,GT,AT,CG,TT,TT,AA,GG,AA,TT,AC,TT,CC,TT,AA,CC,TT,CG,GG,CC,AG,AC,TT,CC,GT,GG,TT,AC,CC,AA,GG,CC,CG,GG,CG,GG,AT,AG,CG,TT,GG,CC,CC,AT,GG,CG,AA,CG,AA,AA,AA,CC,AC,TT,AA,GG,AA,AC,AC,AA,GG,AG,AA,AA,TT,GG,NN,AG,CC,CC,NN,AG,AA,GG,GG,GG,TT,AA,AA,TT,TT,TT,AG,TT,GG,GG,AA,2.98,Susceptible,Low,Standard,Late
L0557,Bengaluru Rural,Karnataka,Kharif,Red Sandy Loam,Rainfed,720,26.0,70,AC,TT,GG,AA,GG,CC,GG,TT,CG,CG,AA,CC,CC,TT,TT,GT,GG,TT,TT,AA,CG,GG,GT,CC,TT,CC,GT,TT,GG,AA,TT,CC,AA,CC,GG,GG,GG,CG,GG,AC,TT,CT,AA,TT,AG,NN,TT,TT,CC,AC,GG,AA,AG,GG,CC,TT,AA,AC,GT,AA,AA,TT,AT,AA,TT,AA,CC,GG,TT,GT,AG,GG,CC,AA,GG,CC,AA,GG,TT,TT,GG,GT,GG,CC,AA,GG,AG,AA,CC,GT,AC,TT,CC,AT,GT,GG,TT,CC,TT,CC,CC,CC,GG,AA,TT,TT,GG,AA,GG,AA,CT,GG,TT,CC,TT,AC,AA,TT,CC,GG,CC,AG,CC,GG,NN,AA,CC,CC,AC,CC,AA,GT,CC,AA,CC,CT,AA,TT,AA,AA,GG,CC,CC,GG,AA,NN,AA,CC,GG,CC,CC,AG,AG,GG,GT,GG,AA,GT,CT,GG,AC,TT,TT,TT,CG,AT,GT,CT,AA,AT,CG,CC,AG,CC,AC,CC,GG,AC,AA,GG,AA,CC,TT,CC,GT,GT,GG,AA,AA,AA,TT,AC,NN,AA,CC,CC,GG,GG,AA,GG,TT,AA,AA,CC,GT,AT,AC,AA,AT,GT,TT,AT,AA,GG,GG,AT,CG,AT,TT,AA,GG,AA,TT,AA,TT,NN,TT,AC,CC,TT,CG,AG,CC,AG,CC,TT,TT,TT,GG,TT,AA,AC,AA,GG,CC,CC,GG,CC,GG,TT,AA,NN,GT,GG,CG,CG,AA,AG,CC,AA,CC,AA,AG,AC,CC,AC,TT,AA,GG,AA,AC,AC,AC,GG,AA,AA,NN,TT,GG,AC,AG,AC,AA,CT,AA,AA,CG,GG,GG,TT,NN,AA,TT,TT,TT,AA,AT,GG,GG,AA,2.9,Susceptible,Low,Poor,Late
L0558,Bengaluru Rural,Karnataka,Kharif,Red Sandy Loam,Rainfed,720,26.0,70,AA,TT,GG,AA,GG,CC,GT,AT,CC,CC,AA,NN,CG,AT,TT,TT,GG,TT,TT,AG,CC,TT,GT,CT,TT,CC,TT,TT,GG,AA,TT,CC,AA,CC,GG,GG,GG,CG,GG,CC,TT,CT,AA,TT,AA,AA,TT,AT,CC,AA,GT,AA,AA,CG,CC,TT,AA,AA,GT,AA,AA,TT,TT,AA,TT,TT,CC,GT,NN,GG,GG,GG,CC,AA,GG,AA,AT,GG,TT,TT,GG,GT,GT,CC,AT,GG,AA,AA,CC,GT,CC,TT,CT,TT,TT,GG,TT,AC,GG,CC,CC,CG,AA,AG,TT,GT,CC,AA,AA,AA,CT,GG,GT,CG,GT,AC,AA,TT,CC,GG,CC,GG,CC,GG,TT,AG,CC,CC,AC,CC,AA,TT,CC,AA,CC,NN,AA,TT,AA,AA,GG,CC,CC,GG,AA,AG,AA,CC,GG,CC,CC,AA,AA,AG,GG,GG,AA,GG,CT,AG,AC,NN,GT,TT,CC,AA,GT,CT,AA,TT,GG,CC,AA,CT,CC,AC,CG,CC,AA,GG,AG,NN,NN,CC,GG,TT,GG,AT,AA,AA,GT,AC,GG,AA,CC,CC,GG,GG,AA,GG,TT,NN,AA,CC,GG,AA,AC,AT,AA,GG,TT,AT,AA,GG,TT,AA,CC,TT,GT,AA,GG,AA,TT,AA,TT,CC,CT,AA,CC,TT,CG,GG,CC,GG,CC,AT,CT,TT,GG,TT,AA,CC,AA,GG,CC,CC,GG,CC,GG,AT,AA,CC,GT,AG,CC,CC,AT,GG,CC,AA,CC,AT,AA,CC,CG,AC,TT,AA,GG,AA,CC,AC,AA,GG,AG,AA,AA,TT,GG,AA,AG,AC,AA,TT,AA,AG,GG,AG,GG,TT,AA,AG,TT,TT,TT,AG,TT,GG,GG,AA,3.67,Moderate,Medium,Poor,Early
L0559,Bengaluru Rural,Karnataka,Kharif,Red Sandy Loam,Rainfed,720,26.0,70,AC,TT,GG,AG,GG,CC,GT,AT,CC,CC,AA,CC,CC,TT,TT,GG,GG,TT,TT,AA,CG,GT,GT,CC,TT,CT,TT,AT,GG,AA,TT,CC,AA,NN,GG,CG,GG,CG,GG,CC,TT,CT,AA,TT,AA,AG,TT,TT,CC,CC,GG,AA,AA,GG,CT,GT,AA,AC,TT,AC,AG,TT,TT,AG,TT,TT,CC,GG,TT,GG,AA,GG,CC,AA,GG,AC,AT,GG,TT,TT,GG,GG,GG,CC,AT,GG,AA,AT,CC,TT,AA,TT,CT,TT,TT,GG,TT,CC,TT,CT,CC,CG,GG,AA,TT,TT,CC,AA,GG,AA,CC,GG,GT,CC,GT,AA,AA,TT,CC,GG,CC,GG,CC,GG,CC,AA,CC,CC,CC,CC,AA,TT,CC,AA,CC,CC,AG,TT,AG,AA,GG,CC,CG,GG,AA,GG,AA,AC,GT,CC,CC,AA,AA,GG,TT,GG,AC,TT,TT,GG,CC,GT,GT,CT,CC,AT,GG,CT,AA,TT,GG,CC,GG,CT,AC,AC,GG,CC,AT,AG,AG,CC,TT,CC,GG,GT,CG,AA,AA,AA,TT,CC,CG,AA,CC,CC,GG,GG,CC,GG,TT,AA,AA,CC,GG,AA,AC,AA,AT,GG,GT,TT,AA,CG,GG,AA,CG,TT,GT,AA,GG,AA,TT,AA,TT,CC,TT,AA,CC,TT,CG,GG,CC,AA,CC,TT,TT,GT,GG,TT,AC,AC,AG,GG,CC,GG,GG,CC,GG,NN,AA,CC,GT,GG,CG,CG,AA,GG,CC,AT,CC,AA,AA,AC,CG,CC,TT,AG,GG,AA,AA,AA,AC,AG,AG,AA,AA,TT,CG,AC,AA,AC,AC,CT,AG,AA,GG,GG,GG,TT,AA,AA,GT,TT,TT,AA,TT,GG,GG,AA,4.18,Moderate,Low,Premium,Early
L0560,Bengaluru Rural,Karnataka,Kharif,Red Sandy Loam,Rainfed,720,26.0,70,CC,TT,AG,AG,CG,CC,NN,AT,CC,CG,AA,CT,CG,TT,TT,GG,CG,TT,TT,AA,CC,TT,GT,CC,TT,CC,GT,TT,GG,AA,TT,CC,AA,CC,GG,CG,GG,CC,GG,AC,TT,CT,AA,GT,AG,GG,TT,TT,CC,CC,GG,AA,AA,GG,CC,GT,AA,AA,GT,AA,AA,GT,AT,AA,CT,TT,CC,GG,TT,GG,AG,GG,CC,AA,GG,AA,AA,GG,GT,TT,GG,GG,GT,CC,AA,GG,AA,AA,CC,TT,AC,TT,CC,AT,TT,AG,TT,CC,GT,CC,CC,CC,GG,AA,TT,GT,CC,AA,AG,AA,CC,GG,TT,CC,TT,AC,AA,TT,CG,AA,CC,GG,CC,GT,CT,AG,CC,CC,CC,CC,AA,TT,CC,AA,CC,CC,AA,TT,AA,AA,CG,CC,CC,GG,AG,AG,AA,CC,GG,CC,CC,AA,AG,AG,TT,GG,NN,TT,TT,GG,AA,TT,GT,TT,CG,AT,TT,TT,NN,AT,GG,CC,AG,CC,CC,CC,GG,CC,AA,GG,AA,CC,TT,GG,TT,TT,GG,TT,AA,AG,TT,AC,GG,AC,CC,CC,GG,GG,AC,GG,TT,AC,AA,CC,GG,AA,AC,AA,AT,GG,GT,AT,AA,GG,GG,AT,CC,AT,TT,AA,GG,AG,CT,AA,TT,NN,TT,AC,CC,CC,CG,AA,CC,AG,CC,AA,CT,TT,GG,TT,AA,AC,NN,GG,CC,CG,GG,CC,GG,AT,AA,CG,NN,GG,CC,CG,AA,NN,CG,AA,CC,AA,AA,AC,CG,CC,TT,AA,GG,AA,AC,AA,AA,GG,AG,AA,AA,TT,GG,AA,AG,AC,AC,CC,AA,AA,CG,GG,CG,TT,AA,AA,TT,TT,TT,AA,NN,GG,GG,AC,1.79,Moderate,Low,Poor,Medium
L0561,Bengaluru Rural,Karnataka,Kharif,Red Sandy Loam,Rainfed,720,26.0,70,AC,CT,GG,GG,CG,CC,GG,TT,CC,CC,AT,CC,GG,TT,TT,NN,GG,TT,TT,AA,CG,GT,GT,CC,TT,CC,GT,TT,GT,AA,TT,CT,AA,CC,GG,GG,GG,CC,GG,CC,TT,CT,AA,TT,GG,AG,TT,TT,CC,CC,GG,AA,AG,GG,NN,TT,AA,AA,GG,AA,AA,TT,TT,AG,TT,TT,CC,NN,CT,GG,AG,GG,CC,AA,GG,AC,AT,GG,TT,TT,GG,GT,GG,CC,AT,GG,AA,AA,CC,TT,NN,TT,CC,TT,GT,GG,TT,CC,GT,CC,CC,CG,AG,AA,TT,TT,CC,AA,AA,AC,CC,GG,TT,CG,TT,AA,AA,TT,CC,AG,CC,GG,CT,GG,TT,AA,CC,CC,CC,CC,AA,TT,CC,AA,CC,CC,AA,AT,AA,AA,GG,CC,CC,AG,AA,AA,AA,CC,GG,CC,CG,AG,AG,GG,TT,AG,AC,TT,CT,GG,CC,TT,GG,TT,CC,AA,TT,CT,AA,AT,CG,CC,AG,CT,CC,CC,CC,CC,AA,GG,AG,CC,TT,CG,GT,TT,GG,AT,AA,NN,TT,CC,GG,AC,AC,CC,GG,GG,AA,GG,TT,AC,AA,CC,GT,AT,CC,NN,AA,GG,TT,TT,AT,GG,GG,AA,CC,TT,GT,AA,GG,AA,CT,AA,TT,CC,CT,AA,AC,TT,GG,AG,CC,AA,CC,AT,TT,GT,GG,TT,AA,AC,AG,GG,CC,CC,GG,CG,GG,AT,AA,GG,TT,GG,CC,CC,AA,NN,CC,AA,CC,AT,AA,CC,CC,AA,TT,AA,GG,AA,AA,AC,AA,GG,AA,AA,AA,AT,GG,AA,AG,AA,AA,CT,AA,AG,GG,GG,GG,TT,AA,AG,TT,TT,NN,AA,TT,GG,GG,AA,3.4,Moderate,Medium,Premium,Late
L0562,Bengaluru Rural,Karnataka,Kharif,Red Sandy Loam,Rainfed,720,26.0,70,CC,TT,GG,AG,GG,CC,GT,TT,CC,CC,AA,CC,CC,AT,TT,GG,GG,TT,TT,AA,NN,TT,TT,CC,TT,CC,GT,TT,GT,AA,TT,CT,AA,CC,GG,CG,GG,CG,GG,CC,TT,TT,AC,TT,AA,GG,CT,AT,CC,AA,GG,AA,AA,GG,CC,TT,AA,NN,TT,AC,AA,TT,TT,AG,TT,AT,CC,GG,TT,GT,AA,GG,CC,AA,GG,AA,AT,GG,TT,TT,GG,GG,GT,CC,AT,GG,AA,AA,CC,GT,CC,TT,CC,TT,NN,GG,TT,CC,GT,TT,NN,CC,AA,AA,TT,GT,CC,AA,AG,AA,CT,GG,NN,CC,TT,NN,AA,TT,CC,GG,CG,GG,CC,GG,TT,AA,CC,CC,NN,CC,AA,TT,CC,AC,CC,CC,AA,TT,AA,AT,GG,CC,CC,GG,AA,AG,AA,CC,GG,CC,CC,AA,AG,AG,NN,AG,AA,TT,TT,GG,AC,TT,TT,TT,CG,AA,GG,CT,AT,TT,GG,CG,AG,TT,AC,CC,GG,CC,AA,GG,GG,CC,TT,CC,TT,GT,CG,TT,AA,AA,TT,AA,GG,AA,CC,CC,GG,GG,AA,GG,TT,AC,AA,CG,GG,AA,AA,AA,AA,TT,TT,AT,AT,GG,GG,AT,CC,AT,GT,AA,GG,AA,CT,AA,TT,CC,TT,AA,CC,CC,GG,AA,CC,AG,CC,TT,TT,GG,GG,TT,AC,CC,AG,GG,CC,CG,GG,CC,GG,AT,AA,CC,TT,AG,CC,CG,AA,AG,CC,AA,CC,AA,AA,AA,CG,AA,TT,AG,GG,AA,AA,AA,AA,AG,AA,AA,AA,AT,CG,AC,AA,CC,AC,TT,AG,AA,GG,GG,GG,TT,AT,AG,GT,NN,TT,AG,TT,GG,GG,AA,6.09,Susceptible,High,Standard,Medium
L0563,Bengaluru Rural,Karnataka,Kharif,Red Sandy Loam,Rainfed,720,26.0,70,AC,TT,GG,AG,GG,CG,GG,AT,CC,CC,AA,CT,CC,TT,TT,GG,GG,TT,TT,GG,CC,GT,GT,CC,TT,CC,TT,TT,GG,AA,TT,CC,AA,CC,AG,GG,GG,GG,GG,CC,TT,CT,AA,GT,AA,AG,TT,AT,CC,AA,GT,AA,AA,GG,CC,TT,AT,AA,GG,CC,AA,NN,AA,AA,TT,TT,CT,GT,TT,GG,AA,GG,CC,AA,AG,CC,AA,GG,GT,TT,GG,GG,GT,CC,AA,GG,AA,AT,CC,GG,CC,TT,CT,TT,GG,GG,TT,CC,GT,CC,CT,CC,NN,AA,TT,TT,CG,AA,AA,AA,CT,GG,TT,CC,GT,AA,AA,TT,CC,AG,CG,AG,CC,GT,TT,AA,CC,CC,CC,CC,AA,TT,CC,NN,CC,CC,AA,TT,AA,AA,GG,CC,CG,GG,AA,AA,AA,CC,GT,CC,CC,AA,AA,GG,TT,GG,AA,TT,TT,GG,CC,TT,GT,TT,CG,AA,TT,TT,AA,TT,GG,CC,AA,CT,CC,CC,GG,CC,AA,GG,AG,CC,TT,CC,GG,TT,CG,AT,AA,AA,TT,AC,GG,AA,AC,GG,GG,GG,AA,GG,TT,AC,AA,CC,GG,AA,CC,AT,AA,GT,GT,TT,AA,CG,GT,AT,CG,TT,TT,AA,GG,AA,CC,AA,TT,CC,TT,AA,CC,TT,GG,AA,CG,AG,CC,TT,TT,GT,GG,AT,AC,AC,AA,GT,CC,CC,GG,CC,GT,TT,AA,CC,GT,GG,CC,CC,AA,GG,GG,AA,CG,AA,AA,CC,CG,CC,AT,AA,GG,AA,AA,AC,AA,AG,AG,AA,AA,TT,GG,AA,AA,CC,AC,TT,AA,AA,GG,GG,GG,TT,AT,AA,TT,TT,TT,AG,TT,GG,GG,AA,1.93,Moderate,Low,Premium,Early
L0564,Bengaluru Rural,Karnataka,Kharif,Red Sandy Loam,Rainfed,720,26.0,70,AA,TT,AG,AG,GG,CC,GT,TT,CC,CG,AA,CC,CC,TT,GT,GG,GG,TT,TT,AA,CC,GT,TT,CC,AA,CC,TT,AT,GG,AA,TT,CC,AA,CC,GG,CG,GG,CG,GG,CC,TT,TT,AA,TT,AG,GG,TT,TT,NN,AA,GT,AA,AA,GG,CC,TT,AT,AC,GT,AA,AA,TT,TT,AG,TT,TT,CT,GG,TT,GT,AA,GG,CC,AA,GG,AA,AT,AA,TT,TT,GG,GG,GG,CC,AA,GG,AA,AT,CC,GT,AC,TT,CC,TT,TT,GG,TT,NN,GT,CC,CC,CG,GG,AA,TT,TT,CC,AG,AA,AA,CC,GG,TT,CC,TT,AA,AA,TT,CC,GG,CC,AG,CC,GT,TT,GG,CC,CC,CC,CC,AA,GT,CC,AA,CC,CC,AA,TT,AA,AA,GG,CC,CC,GG,AA,AG,AA,CC,GG,CC,CC,AA,AA,AG,TT,GG,AA,TT,TT,AG,AA,TT,GT,CC,CC,TT,GT,CT,AA,TT,GG,CC,AG,CT,CC,CC,GG,CC,AA,GG,AA,CC,TT,CC,GT,TT,CG,AT,AA,AA,TT,CC,GG,AA,AC,CC,GG,GG,AC,GG,TT,AC,AA,CC,GG,AA,CC,AA,AA,GT,TT,AT,TT,GG,TT,AT,CC,TT,TT,AA,GG,AA,CT,AA,TT,CC,TT,AC,CC,TT,CG,AA,CC,AG,CC,TT,CT,TT,GG,TT,NN,AC,AA,GG,CC,CC,GG,CC,GG,TT,AA,NN,TT,GG,CG,CG,AA,GG,CC,AA,CC,AA,AA,AC,CG,AC,TT,AA,GG,AA,AA,AA,AC,GG,AG,AG,AG,AT,GG,AC,AA,AC,AC,CT,AG,AA,GG,GG,GG,TT,AA,AA,GT,TT,TT,AG,AT,GG,GG,AA,3.56,Susceptible,High,Poor,Medium
L0565,Bengaluru Rural,Karnataka,Kharif,Red Sandy Loam,Rainfed,720,26.0,70,AC,TT,GG,AA,GG,CC,GG,TT,CC,CC,AA,CT,CG,TT,GT,GG,CG,TT,TT,AA,CC,TT,TT,CC,TT,CT,TT,TT,GT,AA,CT,CC,AA,CC,GG,GG,GG,GG,GG,CC,GT,TT,AA,TT,AA,GG,TT,TT,CC,AC,GG,AA,NN,GG,CC,TT,AA,AA,GT,AA,AA,GT,TT,AA,TT,AT,CC,GG,TT,GT,AG,GG,CC,AA,AG,AA,AT,GG,TT,TT,AG,GT,GT,CC,AA,GG,AA,AA,CC,GG,CC,TT,CC,TT,GT,AG,CT,CC,TT,CC,TT,CC,AA,AA,TT,TT,CC,AA,GG,AC,CC,GG,TT,CC,TT,AA,AA,TT,CC,AG,CG,AG,CC,GG,TT,AA,CC,CC,CC,CC,AA,GT,NN,AA,CC,CC,AA,TT,AA,AT,GG,CC,CC,GG,AA,AG,AA,CC,GG,CG,CC,AA,GG,GG,TT,GG,AC,TT,CT,GG,CC,TT,TT,TT,CC,AA,TT,TT,AT,TT,GG,CC,AA,TT,CC,CC,GG,CC,AA,GG,AG,CC,TT,CC,GT,TT,GG,AA,AA,AA,TT,CC,GG,AA,CC,CC,GG,GG,AC,GG,TT,AA,AA,CC,GG,AT,CC,AA,AA,GG,TT,TT,AT,GG,GG,AA,CC,AT,GT,AA,GG,AA,CT,AA,TT,NN,CT,AC,CC,TT,CG,AA,CC,GG,CC,TT,CC,TT,GG,TT,AA,CC,AG,GG,CC,GG,GG,CC,GG,AT,AA,CC,TT,GG,CC,CC,AA,GG,CG,AA,NN,AA,AA,AA,CG,CC,TT,AA,GG,AA,AA,AA,AA,AG,GG,AG,AG,TT,CG,CC,AG,CC,AA,CT,AA,AA,GG,GG,GG,TT,AA,AG,TT,TT,TT,AA,AT,GG,GG,AA,5.58,Moderate,High,Standard,Medium
L0566,Bengaluru Rural,Karnataka,Kharif,Red Sandy Loam,Rainfed,720,26.0,70,AC,TT,AG,AG,CG,CG,GG,AA,CC,CG,AA,CC,CC,TT,TT,GG,CG,TT,NN,AA,CC,GT,GT,CC,TT,CC,TT,TT,GG,AA,TT,CT,AA,CC,GG,GG,GG,CG,GG,CC,TT,CC,AA,GT,NN,GG,TT,TT,CC,AC,GG,AT,AA,GG,CC,TT,AA,AC,GG,AC,AA,GT,TT,AA,TT,TT,CC,GG,TT,GG,AA,GG,CC,AA,AG,CC,AA,GG,TT,TT,NN,GG,GG,CC,AA,GG,AA,AA,CC,GT,CC,TT,TT,TT,GT,GG,TT,CC,TT,CT,CC,CC,GG,AA,TT,TT,CC,AA,AA,CC,CC,GG,TT,CC,NN,AA,AA,TT,CC,GG,CG,GG,CC,GT,TT,AA,TT,CC,CC,CC,AA,GT,CC,AA,CC,CC,AG,TT,AA,NN,GG,CT,CC,GG,AA,GG,AA,CC,GG,CC,CG,AA,AA,GG,TT,GG,AC,GT,TT,GG,AA,TT,GT,TT,CC,AA,TT,TT,TT,TT,GG,CC,AA,CT,CC,AC,GG,NN,AA,GG,AG,CC,TT,CC,GT,TT,GG,AA,AA,AA,NN,CC,GG,AC,CC,CC,GG,GG,AC,GG,TT,AA,AG,CC,GG,AA,AC,AA,AA,GG,GT,AT,AT,GG,TT,TT,CC,TT,TT,AA,GG,AA,CT,AA,TT,CG,CT,AC,CC,NN,GG,AA,CC,AG,CC,TT,TT,TT,GG,TT,AC,CC,AA,GG,CC,GG,GG,CC,GG,AT,AG,CG,GT,GG,CC,CC,AT,AG,CC,AT,CG,AA,AA,CC,CG,CC,TT,AA,GG,AT,AA,AC,AA,AG,AA,AA,AA,TT,GG,AA,AG,AC,AA,CT,AA,AA,GG,GG,CG,TT,AA,AA,TT,TT,TT,AA,TT,GG,GG,NN,5.63,Susceptible,High,Poor,Medium
L0567,Bengaluru Rural,Karnataka,Kharif,Red Sandy Loam,Rainfed,720,26.0,70,CC,TT,AG,AG,GG,CC,GG,TT,CG,NN,AA,CC,CG,AT,NN,GG,CG,TT,TT,AA,CG,GT,GT,CC,TT,CC,GT,TT,GG,AA,TT,CT,AG,CC,GG,GG,GG,CC,GG,CC,TT,CT,AA,TT,AA,AG,TT,TT,CG,CC,GG,TT,AA,CG,CT,TT,AT,AA,GG,AA,AA,TT,TT,AA,TT,TT,CC,GG,TT,GT,AA,GG,CC,AA,AA,AA,AT,GG,TT,TT,GG,GT,GT,CC,AA,GG,AG,AA,CC,TT,CC,TT,CT,TT,TT,GG,TT,CC,TT,CC,CC,GG,GG,AA,TT,TT,CC,AA,GG,AA,CC,GG,TT,CC,TT,AC,AA,TT,CC,GG,CG,GG,CC,GG,CC,AA,CC,CC,CC,CC,AA,TT,CC,AA,CC,CC,AA,TT,AA,AT,GG,CT,CC,GG,AA,AG,AA,CC,GT,CG,CC,AA,AA,AG,TT,GG,AC,GT,TT,AG,CC,GT,TT,TT,CC,AA,TT,TT,AA,TT,CG,CC,AG,CC,CC,CC,CG,CC,AA,GG,AG,CC,TT,CC,TT,TT,GG,AA,AA,AG,TT,CC,CG,AA,CC,CG,GG,GG,AA,GG,TT,AA,AA,CC,GG,AA,CC,AA,AA,GT,TT,TT,AT,GG,GT,AA,CG,AT,TT,AT,GG,AG,CT,AA,TT,CC,TT,AC,CC,TT,GG,GG,CG,AA,AC,TT,TT,TT,GG,TT,AA,AC,AA,GG,CC,CG,GG,CC,GG,AT,AA,CC,TT,GG,CC,CG,AA,GG,CC,AA,CG,AA,AA,AC,CG,AC,TT,AA,GG,AA,AC,AA,AA,GG,AG,GG,AA,TT,GG,AC,AA,AC,AA,CT,AA,AA,GG,GG,GG,GT,AA,AA,TT,TT,TT,GG,AT,GG,GG,AA,4.73,Susceptible,Low,Standard,Medium
L0568,Bengaluru Rural,Karnataka,Kharif,Red Sandy Loam,Rainfed,720,26.0,70,AC,TT,GG,AA,GG,CC,GT,AT,CC,CG,AA,CC,CC,TT,GT,NN,CG,TT,TT,AA,CC,TT,GT,CC,TT,CC,TT,AT,GT,AA,TT,CC,AA,CC,GG,GG,GG,CG,GG,CC,TT,CT,AA,TT,AA,AA,TT,TT,CC,NN,GG,AA,AA,GG,CC,TT,AA,AC,TT,AC,AA,TT,TT,AA,TT,AT,CC,GG,TT,GG,AA,GG,CC,NN,GG,AA,NN,GG,TT,TT,GG,GG,GG,CC,AA,GG,AA,AT,CC,TT,AC,TT,CC,TT,TT,GG,TT,CC,TT,CT,CC,CC,AG,AA,AT,TT,CC,AA,GG,AA,CT,GG,TT,CC,TT,AC,AA,TT,CC,AG,CC,AG,CC,GG,TT,AA,CC,CC,CC,CC,AA,TT,CC,AA,CC,CC,AA,NN,AA,AA,GG,CC,CC,GG,AG,AA,AT,CC,GG,CC,CC,AA,AA,GG,TT,GG,AA,NN,TT,GG,NN,TT,GT,TT,CC,TT,GT,TT,AA,TT,GG,CC,AA,CC,CC,CC,GG,CC,AA,GG,AG,CC,TT,CG,GT,NN,GG,AA,AA,AA,TT,CC,GG,AA,CC,CC,GG,GG,AA,GG,TT,AA,AA,CC,GG,AA,CC,AA,AA,GG,TT,TT,AT,GG,GG,AA,CG,AT,TT,AA,GG,AA,CT,AA,TT,CC,TT,AC,CC,TT,CG,AG,CC,AA,CC,TT,TT,GT,GG,TT,AA,AC,NN,GG,CC,CC,GG,CC,GG,AA,AA,CC,GT,GG,CC,CG,AA,AG,CG,AA,CC,AA,AA,CC,CC,AC,TT,AA,GG,AA,AA,AA,AA,AG,AA,AA,AA,TT,GG,AA,AA,AC,AA,TT,AA,AA,GG,GG,NN,GT,AT,AG,TT,TT,TT,AG,TT,GG,GG,AA,5.95,Susceptible,Medium,Poor,Medium
L0569,Bengaluru Rural,Karnataka,Kharif,Red Sandy Loam,Rainfed,720,26.0,70,AA,TT,AG,GG,GG,CC,GT,AT,CC,CC,AA,CC,CC,TT,TT,GG,GG,TT,TT,AA,CC,TT,GT,CT,TT,CC,TT,TT,GG,AA,TT,CC,AA,CC,GG,GG,GG,CG,GG,CC,TT,TT,AA,TT,AA,GG,TT,TT,CC,AA,GT,AA,AG,GG,CC,NN,NN,AA,GG,CC,AA,TT,NN,GG,TT,AA,CC,GG,CT,GG,AA,GG,CC,AA,NN,AA,AT,GG,TT,TT,AG,NN,GG,CC,AA,GG,AA,AA,CC,GT,CC,TT,CT,TT,TT,GG,CT,CC,GT,CT,CC,CG,GG,AA,TT,TT,CC,AA,AA,AA,CC,GG,TT,CG,TT,AA,AA,AT,CG,AG,CC,GG,CC,TT,CT,AG,CC,CC,CC,CC,AG,TT,CC,AA,CC,CC,AA,AT,AA,AA,GG,CC,NN,GG,AA,AG,AA,CC,GG,CC,CC,AA,AG,GG,GT,GG,AA,TT,CT,GG,CC,TT,TT,TT,CC,TT,TT,CT,AA,TT,GG,CC,AA,CT,CC,CC,GG,NN,AA,GG,AG,CC,TT,CC,GT,TT,GG,AT,AA,AA,TT,AC,GG,AC,AC,CC,GG,GG,AA,GG,TT,AA,AG,CC,GG,AA,CC,AT,AA,GT,TT,TT,TT,GG,GT,AA,CG,AT,TT,AA,GG,AA,TT,AA,TT,CC,TT,AC,AC,CT,CG,AA,CC,AG,AC,TT,TT,TT,GG,TT,AC,AC,AG,GG,CC,CC,GG,CC,GG,AA,AA,CC,TT,GG,CC,CC,AT,AG,CC,AT,CC,AA,AA,AC,GG,AC,AT,AA,GG,AT,AA,AA,AA,AG,AG,AG,AA,AT,GG,AA,AA,AC,AC,CT,AA,AA,GG,GG,GG,TT,AA,AA,TT,TT,TT,AA,TT,GG,GG,AA,5.77,Susceptible,Medium,Standard,Late
L0570,Bengaluru Rural,Karnataka,Kharif,Red Sandy Loam,Rainfed,720,26.0,70,AC,TT,GG,AA,GG,CC,GT,TT,CC,CC,AA,CC,CG,TT,GT,GT,GG,TT,TT,AA,CC,TT,GG,CC,TT,CC,TT,TT,GG,AA,TT,CC,AA,CC,GG,GG,GG,CC,GG,AC,TT,CT,AC,GG,AA,GG,TT,AT,CC,AC,GT,AT,AG,GG,CT,TT,AA,AC,GT,AA,AA,TT,TT,AG,TT,AT,CT,GG,TT,GG,AG,GT,CC,AA,GG,AA,AA,GG,TT,TT,GG,GT,GT,NN,AT,GG,AA,AA,CC,TT,CC,TT,CT,AT,GT,GG,TT,CC,TT,CC,CC,CG,AG,AA,AT,TT,CC,AA,AG,AA,CC,GG,TT,GG,TT,AA,AA,TT,CC,GG,CC,GG,CC,GG,CT,AA,CC,CC,AC,CC,AA,TT,CC,AA,CC,CC,AA,TT,AA,AA,GG,CC,CC,GG,AG,AG,AA,CC,TT,CC,CC,AA,AA,GG,TT,NN,AC,TT,CT,AG,AA,GG,GG,TT,CG,AT,TT,CT,AA,TT,GG,CC,AG,TT,CC,CC,GG,CC,AA,GG,AA,CC,TT,CC,GT,TT,CG,AA,AG,AG,GT,CC,GG,AA,CC,CC,GG,GG,AA,GG,TT,AA,AA,CC,GT,AA,CC,AA,AA,GG,TT,TT,AT,GG,TT,TT,CG,TT,TT,AA,GG,AA,TT,AA,TT,CC,TT,AA,CC,TT,CG,AG,CC,GG,CC,AT,CT,GT,GG,TT,NN,CC,AA,GG,CC,CC,GG,CC,GG,AT,AG,CC,GT,GG,CC,CG,NN,AG,CC,AA,CC,AA,AA,AA,CC,AC,TT,AA,GG,AA,AA,AC,AA,GG,AG,AA,AA,TT,GG,AC,GG,AC,AC,CT,AA,AA,CG,GG,GG,TT,AA,AG,TT,TT,TT,AA,TT,CG,CG,AC,5.7,Resistant,Medium,Poor,Early
L0571,Bengaluru Rural,Karnataka,Kharif,Red Sandy Loam,Rainfed,720,26.0,70,AA,TT,GG,AA,GG,CC,TT,AT,CC,NN,AA,CC,CG,TT,TT,GG,CG,TT,AT,AA,CG,TT,TT,NN,AT,CC,TT,TT,NN,AA,NN,CC,AA,CC,GG,CG,GG,CG,GG,NN,TT,CC,AC,GT,AG,AG,TT,AA,CG,CC,GG,AA,AA,NN,CT,GT,AT,AA,GG,AA,AA,TT,AA,AA,TT,TT,CC,GG,TT,GG,AG,GG,CC,AA,GG,AA,AA,GG,TT,TT,GG,GG,GG,CC,AA,GG,AA,AA,CC,GT,AC,TT,CC,TT,TT,GG,CT,CC,GT,CC,CC,CC,AA,AA,TT,TT,CC,AA,NN,AA,CC,GT,GT,CG,TT,AA,AA,TT,CG,GG,CC,GG,CC,GT,CT,AA,CC,CC,AC,CC,AA,TT,CC,AA,CC,CC,AA,TT,AA,AA,GG,CC,CC,GG,AA,AG,AA,CC,GG,CC,CC,AA,AA,GG,TT,GG,AA,GT,TT,GG,CC,TT,GT,TT,CC,TT,GT,TT,AA,TT,GG,CC,AA,CC,CC,CC,CG,AC,AA,GG,AG,CC,GT,CC,GT,TT,GG,AT,AA,AA,TT,AC,CG,AA,AC,CC,GG,GG,CC,GG,TT,AC,AG,CC,GG,TT,CC,AA,AA,GT,GT,AT,AA,GG,GT,AA,CC,TT,GT,AA,AG,AG,CT,AA,TT,CC,CT,CC,CC,TT,CG,AG,CC,AG,CC,TT,TT,GT,GG,TT,AC,CC,AA,GG,CC,CC,GG,CC,GG,AT,AA,CC,GT,AG,CC,CC,AA,GG,CG,AA,CC,AA,AA,CC,CC,CC,TT,AA,GG,AA,AA,AA,AA,GG,AA,AA,AA,AT,GG,AA,AG,CC,CC,CT,AA,AA,GG,GG,GG,TT,AA,AG,TT,TT,TT,AG,AT,GG,GG,AA,3.16,Moderate,Low,Standard,Early
L0572,Bengaluru Rural,Karnataka,Kharif,Red Sandy Loam,Rainfed,720,26.0,70,AC,TT,GG,AA,GG,CC,GT,TT,CC,CG,AA,CC,CG,TT,TT,GG,GG,TT,TT,AG,CC,TT,TT,CT,AT,CC,TT,TT,GG,AA,TT,CC,AA,CC,GG,GG,GG,CC,GG,CC,TT,CC,AA,GT,AA,GG,TT,TT,CC,AA,GT,AA,AG,GG,CT,TT,AA,AA,GT,CC,AG,TT,AT,AA,CT,AT,CC,GG,TT,GG,AA,GG,CC,AA,GG,AA,AT,GG,TT,TT,GG,GG,GG,CC,AA,GG,AA,AA,CC,GT,AC,TT,CC,TT,TT,GG,CC,CC,TT,CC,CT,CG,AA,AA,AA,TT,CG,AA,AG,AA,CC,GG,TT,CC,TT,AC,AA,TT,CC,GG,CC,GG,CC,GG,CT,AG,CC,CC,CC,CC,AA,TT,CC,AA,CC,CT,AA,AT,GG,AA,CG,CC,CC,GG,AA,GG,AA,AA,TT,CC,CC,AA,AG,AG,GT,GG,AA,TT,TT,AG,AC,TT,TT,TT,CC,AT,TT,TT,AA,AT,GG,CC,AA,CT,CC,CC,GG,CC,AA,GG,AA,CC,GT,CC,TT,TT,GG,AT,AA,AG,TT,CC,GG,AA,AC,CC,GG,GG,AC,GG,TT,AC,AA,CC,GG,AA,AA,AA,AT,GT,TT,NN,AT,CG,GT,AA,CC,AT,GT,AA,GG,AA,TT,AA,TT,CC,CC,AA,CC,TT,CG,AA,CC,AA,AC,TT,CT,GT,GG,TT,AA,CC,AG,GG,CC,CC,GG,CC,GG,AT,AG,CC,GT,GG,CG,CG,AT,GG,CC,NN,CC,AT,AA,CC,GG,AC,TT,AA,GG,AA,AA,AC,AA,GG,NN,AA,AA,TT,GG,AA,AG,AC,AA,CT,AG,AA,GG,GG,GG,TT,TT,AA,TT,TT,TT,AG,TT,GG,GG,AA,4.01,Susceptible,Low,Standard,Medium
L0573,Bengaluru Rural,Karnataka,Kharif,Red Sandy Loam,Rainfed,720,26.0,70,AC,CT,AG,GG,GG,CC,GG,AT,CC,CG,AA,CC,CG,TT,TT,GG,GG,NN,TT,AA,CC,TT,GT,CC,TT,CC,TT,AA,GT,AC,TT,CC,AA,CC,GG,GG,GG,CG,GG,NN,TT,CT,AA,TT,AA,AA,TT,TT,CC,AA,GT,AA,AA,GG,CC,TT,AA,AA,GT,AC,AA,GT,TT,AA,TT,TT,CC,GT,TT,GT,AG,GG,CC,AA,AG,AA,AA,GG,TT,TT,GG,GG,GG,CC,AA,GG,AA,AA,CG,TT,CC,TT,CT,TT,GT,GG,TT,CC,GG,CC,CT,CC,AA,AA,TT,TT,CC,AA,AG,AC,CC,GG,TT,CC,TT,CC,AA,AT,CC,AG,CC,GG,CC,GG,TT,AA,CT,CC,CC,CC,AA,TT,AC,AA,CC,CC,AA,TT,NN,AT,CG,CC,CC,GG,AA,AG,AA,CC,GG,CC,CC,AA,AA,GG,GG,GG,CC,TT,NN,GG,CC,GT,TT,TT,CG,AA,GT,TT,AT,TT,NN,CC,AA,CC,CC,CC,GG,CC,AA,GG,NN,NN,TT,CG,GT,TT,GG,AA,AA,AA,TT,CC,GG,AA,CC,CC,GG,GG,AC,GG,TT,AC,AA,CC,GG,AA,CC,AA,AT,GG,TT,AT,AT,GG,GG,AA,CC,TT,TT,AA,GG,AA,CT,AC,TT,CC,CT,AA,CC,TT,GG,AA,CC,NN,AC,TT,CT,GT,GG,TT,AC,AC,AG,GG,CC,CG,GG,CC,GG,AT,AA,CC,GT,GG,CC,CG,AA,GG,GG,AA,CG,AA,AA,CC,CG,AA,AT,AA,GG,AA,AA,CC,AA,AG,AG,AA,AG,TT,GG,AA,AA,CC,AA,CT,AA,AA,CG,GG,CG,TT,AT,AA,NN,NN,TT,AG,AT,GG,CG,AC,3.29,Moderate,Medium,Poor,Early
L0574,Bengaluru Rural,Karnataka,Kharif,Red Sandy Loam,Rainfed,720,26.0,70,AC,CT,AG,GG,GG,CG,GT,AT,CC,CC,AA,CC,CG,TT,GT,GT,GG,TT,TT,AG,CC,TT,GT,CC,TT,CT,TT,AT,GG,AA,TT,CT,AA,CC,GG,CG,GG,CC,GG,CC,TT,CT,AA,TT,AA,GG,TT,TT,CC,AA,GG,AA,AG,GG,CC,TT,AA,AC,TT,AA,NN,GT,AA,AA,TT,TT,CC,GG,TT,GG,AG,GG,CC,AA,GG,AA,TT,GG,TT,TT,GG,GT,GG,CC,AA,GG,AA,AA,CC,TT,CC,TT,CT,TT,GT,GG,TT,CC,GG,CC,CC,CG,NN,AA,TT,TT,CC,AA,AA,AA,CC,GG,TT,CC,GG,AA,AA,TT,CC,AG,CC,GG,CC,GG,TT,AG,CC,CC,CC,CC,AG,TT,CC,AA,AC,CC,AA,AT,AA,AA,GG,CC,CC,GG,AG,GG,AA,CC,GG,CC,CG,AA,AA,GG,TT,AG,AA,TT,CT,GG,AC,TT,TT,CT,CG,AA,GT,TT,AA,AT,GG,CC,GG,CT,CC,CC,GG,CC,AT,GG,AA,CC,TT,CC,TT,GT,GG,TT,AG,NN,TT,CC,GG,AA,CC,CC,GG,AG,AA,GG,TT,AC,AA,CC,GG,AA,AC,AA,AA,GT,TT,TT,AA,GG,GT,AA,CC,AA,TT,AA,GG,AA,CT,AA,TT,CC,TT,AA,CC,CT,GG,AG,CC,AA,CC,TT,CC,GT,GG,TT,AA,CC,AG,GG,CC,CG,GG,NN,GG,AT,AG,CG,TT,GG,CC,CG,AA,GG,CC,TT,CC,AA,AA,NN,CC,CC,TT,AA,GG,AA,AC,AA,AA,AG,AA,NN,AA,TT,CG,AA,GG,AC,AC,CT,AA,AA,GG,GG,GG,TT,AA,AA,TT,TT,TT,AG,AT,GG,GG,AA,1.34,Susceptible,Medium,Poor,Early
L0575,Bengaluru Rural,Karnataka,Kharif,Red Sandy Loam,Rainfed,720,26.0,70,AC,TT,AG,AG,GG,CC,GG,AT,CC,CC,AA,CT,CC,TT,GT,GT,CG,TT,TT,AA,CC,GT,GT,CC,TT,CC,GT,AT,GG,AA,TT,CC,AG,CC,AG,GG,GG,CC,GG,CC,TT,NN,AA,GT,AA,AG,TT,TT,CC,AC,GG,AT,AA,GG,CC,TT,AA,AA,GT,AA,AA,GT,AT,AA,TT,TT,CC,GG,TT,GT,AA,GT,CC,AA,GG,AC,AA,GG,TT,TT,GG,GG,GG,CC,AT,GG,AA,AA,CC,GG,CC,GT,CC,TT,GT,GG,TT,CC,GT,CC,CC,CC,AA,AA,TT,TT,CC,AA,AG,AA,CT,GG,TT,CC,TT,AA,AA,TT,CC,GG,CC,GG,CC,GT,TT,GG,CC,CC,CC,CC,AA,TT,CC,AA,CC,CT,AA,TT,AA,AA,GG,CC,CC,GG,AA,AG,AT,AC,GG,CC,CC,AG,AA,GG,TT,GG,AA,GT,CC,AG,CC,GT,TT,TT,CC,AA,TT,TT,AA,AT,GG,CC,AG,CT,CC,CC,CG,CC,AA,GG,AG,CC,TT,CC,GG,GT,GG,AT,AA,AA,TT,CC,CG,AA,CC,CC,GG,GG,CC,CG,CT,AC,AG,CC,GG,AA,CC,AT,AA,GT,TT,AT,AA,CG,GG,AT,CC,TT,TT,AA,GG,AA,CT,AA,NN,GG,CT,AC,CC,TT,GG,AG,CG,AG,AC,TT,TT,GT,GG,TT,AA,CC,AA,GT,CC,NN,GG,CG,GG,TT,AG,CC,GT,GG,CC,CC,AA,GG,NN,AA,CC,AA,AA,CC,CC,AA,TT,AA,CG,AA,AA,AA,AA,GG,AA,AA,AA,TT,GG,AC,AG,AA,AA,TT,AA,AA,GG,GG,GG,TT,AA,AG,TT,TT,TT,AA,NN,GG,CG,AC,2.39,Resistant,Medium,Poor,Late
L0576,Bengaluru Rural,Karnataka,Kharif,Red Sandy Loam,Rainfed,720,26.0,70,AC,CT,AA,GG,GG,CG,GG,TT,CC,CC,AT,CC,CG,TT,GT,GG,GG,TT,TT,AA,CC,TT,GG,CT,TT,CC,TT,AT,GG,AA,CT,TT,AA,CC,GG,GG,GG,CG,GG,CC,TT,TT,AA,TT,AG,GG,TT,TT,CC,AC,GG,AA,AA,GG,CC,TT,AA,AC,GT,AC,AA,GG,TT,AA,TT,TT,CC,GG,TT,GT,AG,GT,CC,AA,AA,AC,AA,GG,TT,NN,GG,GT,GG,CC,AA,GG,AA,AA,CC,GT,CC,GT,CT,TT,GT,GG,TT,CC,GT,CC,CC,CC,GG,AA,TT,TT,CC,AA,AA,AA,CT,GG,TT,NN,TT,AC,AA,TT,CC,GG,CC,GG,CT,GG,CT,AA,CC,CC,CC,CC,AA,NN,CC,AA,CC,CC,AA,TT,AA,AA,GG,CC,CG,GG,AA,AA,AA,CC,GT,CC,CC,AA,AG,GG,TT,GG,AC,TT,TT,GG,CC,GG,TT,CT,CC,AA,TT,TT,AT,TT,NN,CC,AA,CT,CC,NN,GG,NN,AA,GG,AA,CC,TT,CG,GG,GT,CG,AT,AA,AG,TT,CC,GG,AA,CC,CC,GG,GG,NN,CG,CT,AA,AA,CC,GG,AA,CC,AA,AA,GG,TT,AT,AT,GG,GT,AA,CC,TT,GT,AA,GG,AA,TT,AA,TT,CC,CT,AA,AC,CT,GG,AG,CG,AG,CC,TT,TT,TT,GG,TT,AA,AC,AA,GG,CC,CC,GG,CC,GG,AA,AA,CC,TT,GG,CC,CC,AA,GG,CC,AA,CC,AA,AA,CC,CC,AC,TT,AA,GG,AA,AA,AC,AA,AG,AA,AA,AA,TT,GG,AC,AA,CC,AA,TT,AG,AA,GG,GG,GG,TT,AT,AA,TT,TT,TT,AA,TT,GG,CG,AA,4.82,Susceptible,Low,Premium,Early
L0577,Bengaluru Rural,Karnataka,Kharif,Red Sandy Loam,Rainfed,720,26.0,70,AC,TT,GG,GG,GG,CG,GG,AT,CC,CC,AA,CC,CG,AT,GG,GG,CC,TT,TT,AG,CC,GT,TT,CC,TT,CC,TT,AT,GT,AA,TT,CT,AA,CC,GG,GG,GG,CC,GG,CC,TT,TT,AC,GT,AA,AA,TT,TT,CC,AC,GG,AA,AA,GG,CC,TT,AA,AA,GG,AA,AA,TT,TT,AG,TT,TT,CC,GG,TT,GT,AG,GG,CC,AA,NN,AC,TT,GG,TT,TT,GG,GG,GG,CC,AA,GG,AG,AA,CC,TT,CC,TT,CC,TT,TT,GG,TT,CC,GT,CC,CC,CC,AG,AA,NN,TT,CC,AA,GG,AC,CC,GG,GT,CC,GT,AA,AA,TT,CC,AA,CC,GG,CC,GG,CT,AA,CT,CC,CC,CC,AA,TT,CC,AA,CC,CC,AA,TT,AA,AA,GG,CC,CC,GG,AG,AG,AA,CC,GT,CC,CC,AG,AA,GG,GT,GG,CC,GT,TT,GG,CC,GT,GT,TT,CG,AA,GT,TT,AA,TT,GG,CC,AA,CT,CC,CC,GG,AC,AA,GG,AA,CC,TT,CG,GG,TT,GG,TT,AA,AG,GT,CC,CG,AC,CC,CC,GG,GG,AC,GG,TT,AA,AG,CC,NN,AA,AA,AA,AA,GG,TT,TT,AA,GG,GT,AA,CC,AT,GT,AA,GG,AA,CT,AA,TT,CC,TT,AA,CC,TT,GG,AG,CC,AG,AC,AT,CT,GT,GG,TT,AA,AC,AA,GG,CC,CC,GG,CC,GG,AT,AA,CC,GT,GG,CG,CC,AT,NN,CG,AT,CC,AA,AG,AC,CC,AC,TT,AA,GG,AT,AA,AA,AA,AG,AG,AA,AA,TT,CG,CC,AA,CC,AA,TT,AA,AA,GG,GG,GG,TT,AA,AG,TT,TT,TT,AA,TT,NN,GG,AA,4.93,Susceptible,Medium,Poor,Medium
L0578,Bengaluru Rural,Karnataka,Kharif,Red Sandy Loam,Rainfed,720,26.0,70,AC,NN,NN,AG,GG,CC,TT,AT,CC,GG,AA,CT,CG,TT,TT,GG,GG,TT,TT,AG,CC,GT,TT,CT,TT,CC,TT,TT,GG,AC,CT,CC,AG,CC,AG,GG,GG,CC,GG,CC,TT,CT,AA,GT,AG,AG,TT,TT,CC,AC,GT,AT,AA,GG,CC,TT,AA,CC,GT,AC,AA,TT,TT,AG,CT,AT,CT,GG,TT,GT,AG,GG,CC,AA,GG,AA,TT,GG,TT,TT,GG,GT,GT,CC,AT,GG,AA,AA,CC,TT,AC,TT,CC,TT,GT,GG,TT,CC,TT,CC,CC,CC,AG,AA,TT,TT,CG,AA,AG,AA,TT,GG,TT,CC,TT,AA,AC,TT,CG,GG,CG,GG,CC,GT,CC,AA,CC,CC,CC,CG,AA,TT,CC,AA,CC,CC,AA,TT,AA,AT,CG,CC,CC,AG,AA,AA,AA,CC,GG,CG,CC,AG,AG,AG,TT,AG,AA,TT,CT,AG,CC,GT,TT,CT,CC,AT,TT,TT,AT,TT,GG,CC,AG,CC,NN,CC,GG,CC,AA,GG,AA,CC,TT,CG,GG,TT,CG,TT,AG,AA,NN,CC,GG,AC,AC,CC,GG,GG,AA,GG,TT,AA,AA,CC,GG,AT,CC,AA,AT,GG,TT,TT,AT,GG,TT,AA,CC,TT,GT,AA,GG,AA,TT,AA,TT,CC,CT,CC,CC,TT,CG,AA,CC,AA,CC,TT,TT,GT,GG,TT,AC,AC,AA,GG,CC,CC,GG,CC,GG,NN,AA,CC,GT,GG,CC,CC,AT,AG,CC,AA,CC,AA,AA,CC,CG,AC,TT,AA,GG,AA,AA,AC,AA,AG,NN,AG,AA,AT,GG,AA,AG,CC,AA,CT,AA,AA,GG,GG,GG,TT,AT,AA,GT,NN,TT,GG,AT,GG,CG,AA,3.22,Susceptible,Low,Poor,Late
L0579,Bengaluru Rural,Karnataka,Kharif,Red Sandy Loam,Rainfed,720,26.0,70,AC,TT,AG,GG,GG,CC,GT,TT,CC,CC,AA,CC,GG,AT,TT,GG,GG,TT,TT,AA,CC,GT,GT,CC,AT,CC,TT,AT,GG,AA,CT,CC,AA,CC,GG,CG,GG,CC,GG,CC,TT,CC,AA,TT,AA,AA,TT,TT,CC,AA,GG,AT,AA,GG,CC,TT,AA,AA,GT,AA,AA,TT,AT,GG,TT,TT,CC,GG,TT,GG,NN,GT,CC,AG,GG,AC,NN,GG,TT,TT,AG,GT,GT,CC,AA,AG,AA,AT,CC,GT,CC,TT,CT,TT,TT,NN,CT,CC,GG,CC,CC,CG,AG,AA,TT,TT,CG,AA,AG,CC,CC,GG,GT,CC,TT,AA,AA,TT,CC,AG,GG,AG,CC,GT,TT,AG,CC,CC,CC,CG,AA,TT,CC,AA,CC,CT,AA,AT,AA,AT,GG,CC,CC,GG,AA,AG,AA,AC,GT,CC,CG,AG,AA,AG,GT,AG,AA,GT,TT,GG,CC,GT,TT,CC,CC,AT,TT,TT,AA,NN,GG,CG,AA,CC,CC,CC,GG,CC,AA,GG,AG,CC,TT,CC,GT,TT,CG,TT,AA,AA,GT,CC,GG,AA,CC,CG,GG,GG,AA,GG,TT,AC,AG,GG,GG,AA,CC,AT,AT,GG,TT,TT,AT,CG,GT,AT,CG,AT,GT,AA,GG,AA,TT,AA,TT,CC,TT,AA,CC,CT,GG,GG,CC,AG,CC,TT,TT,GT,GG,TT,AA,CC,AA,GG,CC,CC,GG,CC,GG,TT,AG,CC,TT,GG,CC,CC,AA,AA,CC,AA,CC,AT,AA,CC,CC,CC,TT,AA,GG,AA,AA,AA,AA,AG,AG,AA,AA,TT,GG,AC,AG,AC,AA,TT,AA,AG,GG,GG,GG,TT,AT,AA,TT,AT,TT,AG,AT,GG,GG,AA,3.78,Moderate,Low,Standard,Early
L0580,Bengaluru Rural,Karnataka,Kharif,Red Sandy Loam,Rainfed,720,26.0,70,AC,TT,GG,AA,GG,CC,GG,TT,CC,CC,NN,CC,NN,TT,TT,GG,GG,TT,TT,AA,CC,TT,GT,CC,TT,CC,TT,TT,GG,AA,TT,CC,AA,CC,GG,GG,GG,CG,GG,CC,TT,CC,AA,TT,GG,GG,TT,TT,CC,CC,GT,AA,AA,GG,CC,GT,AT,AA,GT,AA,AA,TT,AT,AA,TT,TT,CC,GG,TT,GT,AG,GG,CC,AG,AA,CC,AA,GG,TT,TT,GG,TT,GG,CC,AT,GG,AA,AA,CC,GT,NN,GT,CC,TT,GT,GG,TT,AC,TT,CC,CT,CG,GG,AA,AT,TT,CC,AA,GG,AC,CC,GG,TT,CC,TT,AA,AA,TT,CC,GG,CC,GG,CC,GG,NN,AA,CC,CC,CC,CC,AG,TT,CC,AA,CC,CC,AA,TT,AA,AT,CG,CC,CC,GG,AA,AA,AA,CC,GG,CG,CC,AA,AG,GG,TT,GG,AC,TT,TT,GG,CC,GT,GT,TT,CC,AT,GT,TT,AA,TT,NN,CC,AA,CT,CC,CC,GG,CC,AA,GG,GG,CC,TT,CC,TT,TT,GG,NN,AA,AA,TT,CC,GG,AA,AC,CG,GG,GG,AA,GG,TT,AA,AA,CC,GG,AA,NN,AA,AT,GG,TT,NN,AT,NN,GG,AT,CC,TT,TT,AA,GG,AA,CT,AA,TT,CC,TT,AC,AC,CT,CG,AG,CC,AG,CC,TT,TT,GT,NN,TT,AA,AA,AG,GG,CC,CG,GG,CC,GG,TT,AA,CC,TT,GG,CC,CC,AA,AG,CG,AA,CC,AA,AA,AC,CG,AC,TT,AA,CG,AA,AA,CC,AC,AA,AA,AA,AA,AT,GG,AA,AA,AC,AC,TT,AA,AA,GG,GG,GG,TT,AA,AG,TT,TT,AT,AA,TT,GG,GG,AA,3.08,Moderate,High,Premium,Early
L0581,Bengaluru Rural,Karnataka,Kharif,Red Sandy Loam,Rainfed,720,26.0,70,AA,CT,GG,AG,GG,CC,GG,TT,CC,CC,AA,CT,CG,AT,TT,GG,GG,TT,TT,AG,CG,TT,GT,CT,AT,CC,TT,TT,GG,AA,TT,CT,AA,NN,AG,GG,GT,CC,GG,CC,TT,TT,AA,TT,AA,AG,CT,AT,CC,AC,GG,AA,AG,GG,CC,TT,AT,AC,GT,AA,AA,GT,AT,AA,CT,AT,CC,NN,TT,GG,AG,GT,CC,AG,AG,CC,TT,GG,GG,TT,GG,GG,GG,CC,AA,GG,AG,AT,CC,GG,CC,TT,CC,TT,TT,GG,CT,AC,TT,CC,CC,CG,AG,AA,TT,TT,CG,AA,AG,AA,CT,GG,TT,CG,GT,CC,AA,TT,CC,GG,CC,GG,CC,GT,TT,AG,CC,CC,AC,CC,AA,TT,CC,AA,CC,CC,AA,NN,AA,AA,CG,NN,CC,GG,AA,AG,AA,CC,GG,CC,CC,AA,AA,GG,TT,GG,AA,TT,TT,GG,AC,GT,GT,TT,CG,AT,GT,TT,AA,AT,CG,CC,GG,TT,CC,CC,GG,CC,AA,GG,AG,CC,TT,CC,GT,GG,CG,TT,AA,AA,TT,CC,GG,AA,CC,CC,CG,GG,AA,GG,TT,AC,AA,CC,GG,AA,AC,AA,AT,GT,TT,AT,TT,GG,TT,AT,CG,TT,GT,AA,GG,AA,TT,AA,TT,CC,TT,AA,CC,CT,GG,AA,CC,GG,CC,AT,TT,TT,GG,TT,AC,AC,AA,GG,CC,CG,GG,CC,GG,AT,AA,CC,TT,GG,CC,CG,AT,GG,CC,AA,CC,AA,AA,CC,CG,AC,AT,AA,GG,AA,AA,AA,AA,AA,GG,AG,AA,AT,GG,AC,AA,CC,AA,TT,AG,AA,GG,GG,GG,GT,AA,AA,GT,TT,TT,AG,TT,GG,GG,AA,3.42,Susceptible,High,Poor,Late
L0582,Bengaluru Rural,Karnataka,Kharif,Red Sandy Loam,Rainfed,720,26.0,70,AC,TT,NN,AG,GG,CC,GG,AT,CC,CC,AT,CC,CG,TT,TT,GT,GG,TT,NN,AA,CC,GT,GG,CT,TT,CC,TT,TT,GG,AA,TT,CC,AA,CC,GG,CG,GG,CC,GT,CC,TT,TT,AA,TT,AG,GG,TT,TT,CC,AA,GG,AA,AG,GG,CC,TT,AA,AA,GG,AC,AG,TT,AT,AA,TT,AT,CC,GG,TT,GG,AG,GT,CC,AA,AA,CC,AA,GG,GT,TT,GG,GG,GG,CC,AA,GG,AA,AT,CC,TT,CC,TT,CC,TT,TT,GG,TT,CC,GG,CC,CC,NN,AG,AA,TT,TT,CC,AA,GG,AA,CT,GG,TT,CG,TT,AA,AA,TT,CC,AG,CG,GG,CC,GT,TT,AA,CT,CC,CC,CC,NN,TT,CC,AA,CC,CC,AA,TT,AA,AT,GG,CC,CC,GG,AG,GG,AA,NN,GG,CC,CC,AA,AG,GG,TT,AG,NN,TT,CT,GG,CC,TT,TT,CT,CC,AA,TT,TT,AT,AT,GG,CC,AA,CT,CC,CC,CG,AC,AA,GG,GG,CC,TT,CC,GT,TT,GG,AA,AA,AA,TT,CC,GG,AC,AC,CC,GG,GG,AA,CG,TT,AA,AA,NN,GG,AT,AC,AA,AA,GG,TT,TT,AA,GG,GT,AA,CG,AT,TT,AA,GG,AA,TT,AA,TT,CC,CC,AA,CC,TT,GG,GG,CC,AG,CC,TT,TT,GT,GG,AT,AC,AC,AA,GG,CC,CG,GG,CC,GG,NN,AA,CC,TT,GG,CC,CC,AA,GG,CC,AT,CC,AA,AA,CC,CG,CC,TT,AA,CG,AA,AA,AA,AA,GG,AA,AG,AA,TT,GG,AA,AG,AC,AA,CC,AA,AA,GG,AG,GG,TT,AT,AG,TT,TT,TT,AA,AA,GG,GG,AA,1.48,Susceptible,High,Premium,Medium
L0583,Bengaluru Rural,Karnataka,Kharif,Red Sandy Loam,Rainfed,720,26.0,70,AA,TT,AG,AG,GG,CC,GT,TT,CC,CC,AA,TT,CC,AT,GT,GG,NN,TT,TT,AA,CG,GT,GT,CT,TT,CC,NN,TT,GG,AA,TT,CT,AA,CC,GG,CG,GG,CC,GG,AC,TT,TT,AA,TT,AA,AG,TT,AT,CC,CC,GG,AA,AA,GG,CC,GT,AA,AA,GT,AA,AA,TT,TT,AG,TT,TT,CC,GG,TT,GT,AG,GT,CC,NN,GG,AA,AT,GG,TT,CT,GG,GT,GG,NN,AA,GG,AA,AA,CC,GT,CC,TT,CT,TT,TT,GG,TT,CC,TT,CC,CC,CG,GG,AA,TT,TT,CG,AG,AG,AA,CC,GG,TT,CC,GT,AA,AA,TT,CG,AG,CC,GG,CC,GT,TT,AA,CT,CC,AC,CC,AG,TT,CC,AA,CC,CT,AA,TT,AA,AT,NN,CT,CC,GG,AA,GG,AA,CC,GT,CC,CC,AA,AG,GG,TT,GG,AC,TT,TT,GG,AC,TT,TT,TT,CG,AA,GT,TT,AA,TT,GG,CG,AA,CT,CC,NN,CG,CC,AA,GG,AA,CC,TT,CC,GG,GT,GG,AA,AA,AG,TT,CC,GG,AA,CC,CC,GG,GG,AA,CG,CT,AA,AA,CC,GG,AA,AC,AA,AT,GG,TT,AT,AT,GG,GG,AA,CC,TT,GT,AA,GG,AA,TT,AA,TT,CC,CT,AA,CC,TT,GG,AG,CG,AG,CC,TT,CT,GT,GG,TT,AC,AC,AG,GG,CC,CC,GG,CC,GG,AT,AA,CG,GT,GG,CC,CC,AA,AG,CC,AA,CC,AA,AA,AC,CC,CC,TT,AA,GG,AA,AA,AA,AA,GG,GG,AA,AA,AT,GG,AA,AA,AA,AC,CT,AA,AA,GG,GG,GG,TT,AT,AA,TT,TT,TT,AG,TT,GG,GG,AA,5.74,Resistant,High,Poor,Late
L0584,Bengaluru Rural,Karnataka,Kharif,Red Sandy Loam,Rainfed,720,26.0,70,AC,TT,GG,AA,GG,CC,GT,TT,CC,CG,NN,CC,CG,AT,TT,GG,GG,TT,TT,AA,CC,GT,GG,CT,TT,CC,GT,TT,GG,AA,CT,CT,AA,CC,NN,CG,GG,CC,GG,CC,TT,CT,AA,TT,AG,NN,TT,TT,CC,AC,GT,AA,AA,GG,CC,TT,AT,AC,TT,AC,AA,TT,TT,AA,TT,AA,CC,GG,TT,GT,AG,GT,CC,AA,GG,CC,AT,AG,TT,TT,GG,GT,GT,CC,AA,GG,AG,AA,CC,TT,CC,TT,CC,TT,GT,GG,TT,AC,GT,CT,CC,CG,AG,AA,TT,TT,CC,AA,AA,AA,CT,GG,TT,CC,GT,AA,AA,TT,CC,AA,CC,GG,CC,GG,TT,AA,CC,CC,CC,CG,AA,TT,AC,AA,CC,CT,AA,TT,AA,AA,GG,CT,CC,GG,AA,AA,AA,CC,GT,CC,CC,AA,AG,GG,TT,GG,AA,GT,CT,GG,CC,TT,TT,TT,CC,NN,TT,TT,AA,TT,GG,CC,AG,CC,CC,AC,GG,CC,AA,GG,AA,CC,TT,CC,GG,TT,GG,AT,AA,AA,TT,NN,CG,AC,AC,NN,GG,GG,AA,GG,TT,AA,AA,CC,GG,AT,CC,AT,TT,GT,GT,TT,TT,GG,GG,AT,CC,TT,TT,AA,GG,AA,TT,AA,TT,CC,CT,CC,CC,NN,GG,AA,CC,GG,AC,TT,TT,GT,GG,TT,AA,AC,AA,GG,CC,CG,GG,CC,GG,AT,AG,CC,TT,GG,CC,CC,AA,AG,CG,AA,CC,TT,AA,AC,CG,AC,TT,AA,GG,AA,AA,AC,AA,AG,AG,AA,AA,TT,GG,AA,GG,AA,AA,CT,AA,AA,GG,GG,NN,GT,AA,AG,GT,TT,TT,AG,AT,GG,GG,AA,4.41,Susceptible,Medium,Premium,Medium
L0585,Bengaluru Rural,Karnataka,Kharif,Red Sandy Loam,Rainfed,720,26.0,70,AC,TT,GG,AG,GG,CC,GG,AT,CG,CC,AA,CC,CC,AA,TT,GG,GG,TT,TT,AG,CG,TT,TT,CT,TT,CC,GG,TT,GG,AA,TT,CC,AA,CC,GG,GG,GG,CG,GG,CC,TT,CT,AA,TT,AA,GG,TT,TT,CG,AA,GG,AT,AA,GG,CC,TT,AA,AC,GT,AC,AA,TT,AT,AA,CC,TT,CC,GG,TT,GG,AA,GG,CC,AA,AG,AA,AT,GG,TT,TT,GG,GG,GT,CC,AA,GG,AA,AA,CG,GT,AC,TT,CC,AA,GT,AG,CT,CC,GG,CC,CC,GG,AG,AA,AT,TT,CC,AA,AG,AA,CC,GG,GT,CC,GT,AA,AC,TT,CG,GG,CC,GG,CC,GT,CT,AA,CC,CC,CC,CC,AA,TT,CC,AA,CC,CC,AA,TT,AG,AA,GG,CT,CC,GG,AA,AA,AA,CC,GG,CC,CC,AA,AA,GG,TT,AG,AA,TT,CT,GG,CC,TT,GT,TT,GG,TT,GT,TT,TT,TT,CG,CC,AG,CC,CC,CC,CG,CC,AA,GG,AG,CC,TT,CC,GG,TT,GG,TT,AA,AA,TT,AC,GG,AC,CC,CC,GG,GG,AA,GG,TT,AA,AA,CC,GG,AA,CC,AA,AA,GG,GT,AT,AT,GG,GT,AT,CC,TT,TT,AA,GG,AA,CT,AA,TT,CG,TT,AA,CC,CC,CC,AG,CG,GG,CC,TT,CT,TT,GG,AT,AA,CC,AA,GG,CC,CG,GG,CC,GG,AT,AG,CG,GT,GG,CC,CC,AA,AA,CG,AA,CC,AA,AA,AC,CG,AC,TT,AA,GG,AA,AA,AA,AA,AA,AA,AA,AG,TT,GG,AA,AA,CC,AA,TT,AA,AG,GG,GG,GG,TT,AA,AA,GT,TT,TT,NN,NN,GG,GG,AA,2.05,Susceptible,Low,Premium,Early
L0586,Bengaluru Rural,Karnataka,Kharif,Red Sandy Loam,Rainfed,720,26.0,70,AA,TT,GG,GG,GG,CC,GG,AT,CC,CC,AA,CC,CC,AT,GG,GG,GG,TT,TT,AA,CC,TT,TT,CC,TT,CC,TT,TT,GG,AA,TT,CC,AA,CC,GG,GG,GG,CG,GG,AC,TT,CT,AA,TT,AA,AG,TT,TT,CC,AC,GT,NN,AA,GG,CT,TT,AA,AA,GT,AA,AG,TT,TT,AG,CT,TT,CC,GG,TT,GT,AG,GG,CC,AA,AG,AA,AT,GG,GT,TT,GG,GT,GG,CC,AA,GG,AA,AA,CC,GT,CC,TT,CC,TT,TT,GG,CT,CC,GG,CC,CC,CC,AG,AA,TT,TT,CC,AA,AA,AA,CC,GG,GT,CC,TT,AA,AA,TT,CC,GG,CC,GG,CC,GT,TT,AA,CC,CC,CC,CC,AA,TT,CC,AA,CC,TT,AA,TT,AG,TT,GG,CC,CC,GG,AA,AG,AA,CC,TT,CG,CC,AA,AG,GG,TT,GG,AC,TT,CT,GG,CC,TT,TT,TT,CG,AT,TT,TT,AA,TT,GG,CC,AG,CC,CC,CC,CG,CC,AA,GG,AA,CC,TT,CG,GT,TT,GG,AA,AA,AG,TT,CC,GG,AA,CC,CC,GG,GG,AC,GG,TT,AA,AG,CC,GG,AA,AC,AA,AA,GG,TT,AT,AT,CG,GT,AA,CG,AA,TT,AA,GG,AA,CT,AA,TT,CC,TT,AA,CC,CT,NN,AA,CC,AG,CC,TT,TT,TT,GG,TT,AA,AC,AA,GG,CC,CC,GG,CC,GG,TT,AA,CC,TT,GG,CC,CC,AA,GG,CC,AT,CC,AA,AA,AC,CG,CC,TT,AA,GG,AA,AA,AC,NN,AA,AA,AA,AA,TT,GG,AA,AA,AA,AA,TT,AA,AA,CG,NN,GG,NN,AA,AA,TT,TT,TT,AA,AT,GG,NN,AA,6.7,Moderate,High,Poor,Medium
L0587,Bengaluru Rural,Karnataka,Kharif,Red Sandy Loam,Rainfed,720,26.0,70,AA,TT,GG,AA,GG,CC,GG,AA,CC,CG,AT,CC,CC,TT,GT,GT,GG,TT,TT,AA,CG,TT,TT,CT,TT,CC,TT,TT,GG,AA,TT,CC,AA,CC,GG,CC,GG,CG,GG,AC,TT,CC,AA,TT,AA,GG,TT,AT,CC,AC,GG,AA,AA,GG,CC,TT,AT,AA,GT,AC,AG,TT,TT,AA,TT,AT,CC,GG,TT,GT,AA,GG,CC,AA,AG,AA,AT,GG,TT,TT,GG,GG,GG,CC,TT,GG,AA,AA,CC,TT,CC,TT,CT,TT,TT,GG,TT,CC,GT,CT,CC,GG,GG,AA,AT,TT,CC,AA,AA,CC,CC,GG,GT,CC,TT,AA,AA,TT,CC,GG,CC,GG,CC,GG,TT,AA,CC,CC,CC,CG,AA,TT,CC,AA,CC,CC,AA,TT,AG,AA,GG,CC,CC,GG,AA,AA,AA,AC,GG,CC,CC,AA,AG,GG,TT,GG,AA,TT,CT,GG,AC,GT,TT,TT,CG,TT,TT,TT,AA,TT,GG,CC,AG,TT,CC,CC,CG,CC,AA,GG,AA,CC,TT,CC,TT,GT,GG,TT,AA,AA,GT,AC,GG,AA,CC,CG,GG,GG,AC,CG,TT,AA,AA,CC,GG,TT,AC,AA,AT,GG,TT,TT,AA,GG,TT,AA,CC,TT,GT,AA,GG,AG,TT,AC,TT,CC,TT,CC,CC,TT,CC,AG,CC,NN,CC,AT,TT,GT,GG,TT,AC,AC,AA,NN,CC,CG,GG,CC,GG,AT,AA,CG,GT,GG,CC,CG,AA,GG,CG,AT,CC,AA,AA,NN,CC,CC,TT,AA,GG,AA,AA,CC,AA,AA,AG,GG,AA,TT,GG,AA,AG,CC,AA,CT,AG,AA,GG,GG,GG,TT,AA,AG,GT,TT,TT,AG,TT,GG,GG,AA,4.5,Susceptible,High,Poor,Medium
L0588,Bengaluru Rural,Karnataka,Kharif,Red Sandy Loam,Rainfed,720,26.0,70,AA,TT,GG,NN,GG,CC,GG,TT,CC,CG,AT,TT,CG,AT,TT,GT,CC,TT,TT,AG,CC,GT,GT,NN,TT,CC,TT,NN,GT,AA,TT,CC,AA,CC,GG,GG,GG,CC,GG,CC,TT,CT,AC,TT,AG,AG,TT,TT,CC,AC,GG,AT,AA,GG,CC,GT,AA,AA,GG,AC,AA,GT,TT,AG,TT,TT,CT,GG,CT,GG,AG,GG,CC,AA,GG,AA,AA,GG,TT,NN,GG,GT,GG,CC,AA,GG,AA,AA,CG,GT,CC,TT,CC,TT,GT,GG,TT,CC,GT,CT,CC,CG,AA,AA,TT,TT,CC,AA,GG,AA,CC,GG,TT,CC,TT,AA,AC,TT,CG,GG,CG,AG,CC,GG,TT,AA,CC,CC,CC,CC,AA,TT,CC,AA,CC,CC,AA,TT,AA,AT,GG,CT,CC,GG,AA,AG,AA,AC,GG,CC,CC,AA,AG,AG,TT,GG,AA,GT,TT,GG,CC,GT,TT,CT,CC,AA,TT,TT,AT,TT,CG,CG,AG,CC,CC,CC,GG,CC,AA,GG,AA,CC,GT,CC,GT,TT,GG,TT,AA,AA,TT,CC,CG,AA,CC,CC,GG,GG,AC,GG,TT,AA,AA,CC,GG,AT,CC,AA,AA,GG,TT,AT,AT,GG,TT,AT,CG,TT,GG,AA,GG,AA,CT,AA,TT,CC,TT,NN,NN,CT,GG,AA,CC,GG,CC,TT,CT,TT,GG,AT,AA,AC,AA,GG,CC,CC,GG,CC,GG,AT,AA,CG,GT,GG,CC,CC,AT,GG,CG,AA,CC,AT,AA,CC,CG,AC,AT,AA,GG,AA,AC,AC,AA,GG,AA,AA,AA,AT,GG,AC,AA,CC,AC,CT,AA,AA,GG,GG,GG,GT,AA,AA,TT,TT,TT,AA,AT,GG,GG,NN,4.1,Resistant,Low,Poor,Medium
L0589,Bengaluru Rural,Karnataka,Kharif,Red Sandy Loam,Rainfed,720,26.0,70,AC,TT,GG,AA,GG,CC,GG,TT,CC,CC,AA,CC,CG,AT,TT,GG,GG,TT,TT,AA,CC,GT,TT,CC,TT,CC,TT,TT,GG,AA,TT,CC,AA,CC,GG,CG,GG,CG,GG,CC,TT,CT,AC,TT,AA,AG,TT,TT,CC,CC,GG,AT,NN,GG,CC,GT,AA,NN,GT,AA,AG,TT,NN,AG,TT,AT,CC,GG,TT,GT,AA,GG,CC,AA,GG,AC,TT,GG,TT,TT,GG,TT,GT,CC,AT,GG,AA,AA,CG,GG,AC,TT,CT,AT,TT,AG,TT,CC,TT,CC,NN,CC,GG,AG,TT,TT,CC,AA,GG,AA,CT,GG,TT,CC,GT,AC,AA,TT,GG,AG,CG,GG,CT,GG,TT,AA,CC,CC,CC,CC,AA,TT,CC,AA,CC,CC,AG,TT,AA,AT,GG,CC,CC,GG,AG,AA,AT,CC,GT,CC,CG,AA,AG,AG,TT,AG,AC,GT,TT,GG,CC,TT,GG,CT,CC,AA,GT,CT,AA,TT,GG,CC,AG,CT,CC,CC,CC,CC,AA,GG,AG,CC,TT,CC,TT,TT,GG,AT,AA,AG,TT,CC,GG,AA,AC,CC,GG,GG,AC,GG,TT,AA,AA,CC,GG,AA,CC,AA,AT,GG,TT,AT,AA,GG,GG,AT,CC,TT,TT,AA,GG,AA,CT,AA,TT,CC,TT,AA,CC,CT,GG,AG,CG,GG,CC,TT,TT,GT,GG,TT,AC,AA,AA,GG,CC,CC,CG,NN,GG,TT,AA,CC,GT,GG,CC,CC,AT,GG,CC,AT,CC,AA,AA,AC,CC,CC,TT,AA,GG,AA,AA,AA,AA,AG,AG,AA,AA,AT,CG,AA,AA,AA,AC,TT,AA,AA,GG,NN,GG,TT,AA,AA,TT,TT,TT,GG,AT,GG,GG,AA,2.8,Susceptible,Medium,Premium,Medium
L0590,Bengaluru Rural,Karnataka,Kharif,Red Sandy Loam,Rainfed,720,26.0,70,AA,TT,AG,AA,GG,CG,GG,TT,CC,GG,NN,TT,CC,TT,TT,GT,CG,TT,TT,AG,CC,TT,TT,CC,TT,CC,TT,TT,NN,AA,TT,CT,AA,CC,GG,CG,GG,CC,GG,AC,TT,NN,AA,GT,AA,AG,CT,TT,CC,AC,GG,AA,AA,CG,CC,GT,AA,AC,GG,CC,NN,TT,AT,AG,TT,AT,CC,GG,CT,GG,AA,GT,CC,AA,GG,CC,AA,GG,TT,TT,AG,GT,NN,CC,AA,GG,AA,AA,CC,GT,CC,TT,CC,TT,GT,GG,NN,CC,GG,CC,CT,CG,GG,AA,TT,TT,CC,AA,AG,AA,CC,GG,TT,CC,TT,AA,AA,TT,CC,GG,CC,GG,CT,GT,CT,AA,CC,CC,CC,CC,AA,TT,CC,AA,CC,CC,AA,TT,AA,AA,GG,CC,CC,GG,AA,AG,AT,CC,GT,CC,CC,AG,AA,AG,TT,GG,AA,TT,TT,GG,CC,NN,GT,TT,GG,AA,TT,TT,AT,AT,GG,CC,AA,CC,CC,CC,GG,NN,AA,GG,AA,CC,TT,CC,GT,TT,GG,AA,AA,AA,TT,AC,GG,AA,CC,CC,GG,GG,AA,GG,TT,AA,AA,CC,GG,AA,AC,AA,AA,GG,TT,AT,AT,GG,GT,AT,CC,AT,TT,AA,GG,AA,CT,AA,TT,CC,TT,NN,CC,TT,CG,GG,CC,AG,CC,TT,TT,GT,GG,AT,AA,AC,AA,GG,CC,CG,GG,CC,GT,TT,AA,CG,TT,GG,CC,CG,AA,AA,CC,AT,CC,TT,AA,CC,CC,AC,TT,AA,CG,AA,AA,AC,AA,AG,GG,AG,AA,TT,CG,AA,AG,AC,AA,CC,AG,AA,GG,GG,GG,TT,AT,AG,GT,TT,TT,AG,AT,GG,GG,AC,2.95,Resistant,Medium,Premium,Late
L0591,Bengaluru Rural,Karnataka,Kharif,Red Sandy Loam,Rainfed,720,26.0,70,AA,TT,GG,AA,GG,CG,GG,TT,CC,CC,AA,CC,CC,TT,TT,GG,GG,TT,TT,AA,CC,TT,TT,CC,TT,CC,TT,TT,GG,NN,TT,CC,AA,CC,GG,CG,GG,CG,GG,CC,TT,CT,AA,TT,NN,AG,TT,AA,CC,AA,GT,AA,AA,GG,CC,TT,AT,AA,GG,AC,AA,GT,TT,AA,TT,AT,CC,GG,CT,GT,AA,GG,CC,AA,GG,AC,NN,GG,GT,TT,GG,GT,GG,CC,AA,GG,AA,AT,CC,GT,CC,TT,CT,TT,GT,GG,TT,CC,TT,CC,CC,CG,GG,AA,AT,GT,CC,AA,AA,AA,TT,GG,TT,CC,TT,CC,AA,AT,CG,AA,CC,GG,CC,GT,TT,AA,CC,CC,CC,CC,AA,NN,CC,AA,NN,CC,AA,TT,AA,AA,GG,CT,CC,GG,AA,AA,AA,AC,GT,CC,CC,AA,AA,GG,TT,GG,AA,TT,CC,AA,AC,TT,GT,CT,CC,AA,TT,TT,AA,TT,GG,CC,AG,CC,CC,CC,CG,CC,AA,GG,AG,CC,TT,CG,GG,TT,GG,AT,AA,GG,TT,CC,GG,AA,CC,CC,GG,GG,AC,GG,TT,AC,AA,CC,GT,AA,AC,AA,AT,GT,GT,TT,AT,GG,NN,TT,CG,TT,TT,AA,GG,AA,TT,AC,TT,CC,TT,AA,CC,TT,CG,AG,CC,GG,CC,TT,CT,TT,GG,TT,AC,AC,GG,GG,CC,CC,GG,CC,GG,TT,AG,CC,GT,GG,NN,CG,AA,GG,CC,AA,CC,AA,AA,AC,CC,CC,TT,AA,GG,AA,AC,AC,AA,AG,AG,AA,AA,TT,GG,AC,AA,AC,AC,TT,AG,AA,GG,GG,NN,TT,AT,AA,GT,TT,TT,AA,TT,GG,GG,AA,3.29,Susceptible,Low,Poor,Early
L0592,Bengaluru Rural,Karnataka,Kharif,Red Sandy Loam,Rainfed,720,26.0,70,CC,TT,AG,AG,GG,CC,GG,AT,CC,GG,AA,CT,CG,AT,TT,GG,GG,TT,TT,AG,CC,TT,TT,CC,TT,CC,TT,TT,GG,AA,TT,CC,AA,CC,GG,GG,GG,CC,GG,CC,TT,NN,AC,GT,AA,GG,TT,AA,CC,CC,GG,AA,AA,GG,CC,TT,AT,AC,GG,AA,AA,TT,TT,AG,TT,AT,CC,GG,TT,GG,AG,GG,CC,AA,AA,AC,AT,GG,GT,TT,GG,GT,GG,CC,AA,AG,AA,AT,CC,TT,CC,TT,NN,TT,TT,GG,CT,CC,TT,CC,CC,CC,AG,AA,TT,TT,CC,AA,GG,AC,CC,GG,TT,CG,TT,AA,AA,NN,CC,GG,CG,GG,CC,GG,TT,AG,CC,CC,CC,CG,AA,GT,AC,AA,CC,CT,AA,TT,AA,AA,GG,CC,CC,GG,AA,AG,AA,CC,GT,CC,CC,AA,AA,GG,TT,GG,CC,TT,CT,GG,CC,TT,TT,TT,CC,AT,TT,TT,AA,TT,GG,CC,AG,TT,CC,CC,GG,AC,AA,GG,AA,CC,TT,CC,GT,TT,GG,AT,AA,AA,TT,AC,GG,AA,CC,CC,GG,GG,AA,CG,TT,AC,AA,CC,GG,AA,CC,AA,AT,GG,TT,TT,AA,GG,GT,AA,CG,TT,GT,AA,GG,AA,CT,AA,TT,CC,CT,AC,CC,TT,GG,AG,CG,AG,CC,TT,TT,GT,GG,TT,AC,CC,AA,GG,CC,CC,GG,CC,GG,AT,AA,CG,TT,GG,CC,CC,AA,AG,CC,AA,CC,AA,AA,AC,CG,AC,AT,AA,GG,AA,AA,AC,AA,AG,AG,AA,NN,AT,GG,AC,AA,CC,AA,CT,AG,AA,GG,GG,CG,NN,AA,AG,GT,TT,TT,AG,AT,GG,GG,AA,4.25,Moderate,High,Premium,Early
L0593,Bengaluru Rural,Karnataka,Kharif,Red Sandy Loam,Rainfed,720,26.0,70,AC,TT,GG,AG,CG,CC,GT,TT,CC,GG,AA,CT,CC,TT,TT,GG,CG,TT,TT,AA,CC,TT,GT,CT,TT,CC,NN,TT,GG,AA,TT,CT,AA,AC,GG,CG,GG,CG,GG,CC,TT,TT,CC,NN,AA,GG,TT,AT,CC,NN,GG,AA,AG,NN,CC,TT,AT,AC,GT,AC,AA,TT,AT,AA,NN,AT,CC,GG,TT,GT,GG,GG,CC,AA,AG,AA,AA,GG,GT,CT,GG,GT,GG,CC,AA,GG,AA,AT,CG,TT,CC,TT,CT,TT,GT,GG,CT,CC,TT,CC,NN,CG,AA,AA,TT,TT,CC,AA,AA,AA,CC,GG,TT,CG,GT,AA,AA,TT,CG,NN,CG,NN,CC,GG,CC,AA,CT,CC,CC,CC,AA,TT,CC,AA,CC,CC,AA,NN,AA,AA,CG,CT,CC,GG,AA,AA,AA,AC,GT,CC,CG,AA,AG,GG,TT,GG,AA,TT,TT,GG,CC,TT,GT,TT,CC,AT,GG,TT,AA,AT,GG,CC,AA,TT,NN,CC,GG,CC,AA,GG,AA,CC,TT,CC,GG,GT,GG,TT,AA,AA,TT,CC,NN,AA,AC,CC,GG,NN,AA,GG,CT,NN,AA,CC,GG,AA,CC,AA,AA,GG,GT,AT,AA,CG,GT,AT,NN,AT,NN,AA,GG,AA,TT,AC,TT,CC,CT,AA,CC,TT,GG,AA,CC,AA,CC,TT,TT,GT,GG,TT,AA,CC,AA,GG,CC,CC,GG,CC,GG,AT,AA,CC,TT,GG,CG,CC,AA,GG,CC,AA,CC,AA,AA,CC,CC,NN,TT,AA,GG,AA,AA,AA,AA,AA,GG,AG,AA,AT,GG,CC,AA,AC,CC,CT,AA,AG,GG,GG,GG,TT,AA,AG,TT,TT,TT,AA,TT,GG,CG,AA,4.24,Resistant,Medium,Premium,Early
L0594,Bengaluru Rural,Karnataka,Kharif,Red Sandy Loam,Rainfed,720,26.0,70,AA,TT,AA,AA,GG,CC,GG,TT,CC,CG,AT,CC,CC,AT,TT,GG,GG,TT,TT,AA,CC,TT,GG,CC,AT,CC,TT,TT,GG,AA,TT,CC,AA,CC,GG,CG,NN,GG,GG,CC,TT,TT,AA,NN,AA,NN,CT,TT,CC,CC,GG,AA,AG,GG,CT,TT,AA,AC,TT,AC,AG,TT,AT,AA,TT,TT,CC,GG,TT,GT,AA,GG,NN,AA,GG,AC,AA,GG,TT,TT,GG,GT,GG,CC,NN,GG,AA,AA,CC,TT,CC,TT,NN,AT,TT,GG,CT,CC,GT,CC,CC,CC,GG,AG,AT,TT,CG,AA,GG,AA,CT,GG,TT,CC,TT,AA,AA,TT,GG,GG,CG,GG,CC,GG,TT,AA,CC,CC,AC,CC,AA,TT,CC,AA,CC,CC,AA,NN,AA,AA,GG,CT,CC,GG,AA,AA,AA,CC,GG,CC,CC,AA,AG,GG,TT,GG,AA,TT,TT,GG,AC,GT,TT,TT,CG,AA,TT,CT,AT,TT,GG,CC,AA,NN,CC,CC,CG,CC,AA,GG,AA,CC,TT,CC,GT,GT,CG,TT,AG,AA,TT,CC,GG,AA,CC,CC,GG,GG,AA,GG,TT,AC,AA,CC,GG,AA,CC,AT,AT,GG,TT,AA,AT,GG,GT,AA,CC,AT,TT,AA,GG,AA,TT,AA,TT,CC,TT,AA,AA,TT,GG,AG,CC,AG,CC,TT,TT,GT,GG,TT,AA,CC,AA,GG,CC,CC,GG,CC,GG,AT,AG,CG,GT,AG,CC,CC,AA,GG,CC,AT,CC,AT,AG,CC,CG,AC,TT,AA,GG,AA,AC,AC,AA,AG,AG,AA,AA,AT,GG,AA,AA,AC,AA,CC,AA,AA,GG,GG,GG,TT,AA,AG,GT,TT,TT,AG,TT,GG,GG,AA,5.84,Susceptible,Medium,Poor,Early
L0595,Bengaluru Rural,Karnataka,Kharif,Red Sandy Loam,Rainfed,720,26.0,70,AA,TT,GG,AG,CG,CC,GG,TT,CC,CC,AA,TT,CC,TT,TT,GG,CG,TT,TT,AA,CG,TT,TT,CT,TT,CC,GT,TT,GG,AA,CT,CC,AA,CC,GG,CG,GG,CG,GG,CC,TT,TT,AA,TT,AA,GG,TT,TT,CC,AC,GG,AA,AG,GG,CC,GG,AA,AA,GG,AC,AG,TT,TT,AG,TT,TT,CC,GG,TT,GG,AA,GG,CC,AA,GG,AA,AT,GG,TT,TT,GG,TT,GG,NN,AA,GG,AA,AA,CC,TT,AC,TT,TT,TT,TT,AG,TT,AC,TT,CT,CC,CC,AG,AA,AT,TT,CC,AG,AG,AC,CC,GG,TT,CC,GT,AA,AA,TT,CC,GG,CC,GG,CC,GT,TT,AA,CT,CC,CC,CC,AG,TT,AC,AA,CC,CT,AA,TT,AA,AT,GG,CT,CG,AG,AA,GG,AA,AC,GG,CC,CC,AG,AG,AG,TT,GG,AC,TT,TT,AG,AA,TT,TT,TT,CG,TT,TT,TT,AA,TT,GG,CC,AA,CC,CC,CC,GG,CC,AA,GG,AA,CC,TT,CC,GT,TT,GG,AT,AG,AA,TT,CC,GG,AA,CC,CC,GG,GG,AA,GG,TT,AC,AA,CC,GG,AT,CC,AT,AT,GG,TT,AA,AT,CG,GG,AT,CG,TT,GT,AA,GG,AA,TT,AA,TT,CC,TT,AC,AC,TT,GG,GG,CC,AG,CC,TT,CT,GT,GG,TT,AA,AC,AA,GG,CC,CG,GG,CC,GG,NN,GG,CC,TT,GG,CC,CG,AA,GG,CC,AA,CG,AA,AA,AC,CC,AC,TT,AA,NN,AA,AA,AA,AA,GG,AG,AA,AA,TT,CG,AC,GG,CC,AA,TT,AA,AA,GG,GG,GG,TT,AA,AA,NN,TT,AT,AG,TT,GG,GG,AA,5.65,Susceptible,High,Poor,Medium
L0596,Bengaluru Rural,Karnataka,Kharif,Red Sandy Loam,Rainfed,720,26.0,70,CC,TT,GG,AA,GG,CC,GT,TT,CC,CG,AA,CT,CG,AT,TT,GG,GG,TT,TT,AG,CC,TT,GT,CC,TT,CC,TT,TT,GG,AA,TT,CC,AA,CC,GG,CG,GG,CG,GG,CC,NN,CT,AA,TT,AG,AA,TT,TT,CC,AC,GG,AA,NN,GG,CC,TT,AT,AA,GT,AC,AA,TT,AT,AA,TT,TT,CC,GG,TT,GT,AA,GG,CC,AA,GG,AA,AT,GG,TT,TT,GG,GT,GT,CC,AT,AG,AA,AT,CC,TT,CC,TT,CT,TT,TT,GG,TT,CC,TT,CC,CT,CC,AG,AA,TT,TT,CC,AA,AA,AC,CC,GG,TT,CC,TT,CC,AA,TT,CG,GG,CG,GG,CC,GG,TT,AA,CC,CC,CC,CC,AA,TT,AC,AA,CC,CT,AA,AT,AA,AA,GG,CC,CC,GG,AA,AA,AA,CC,GG,CG,CC,AA,AG,AG,GT,AG,AA,TT,CT,GG,AC,TT,GT,TT,CC,AA,GT,TT,AA,TT,GG,CC,AA,CC,AC,CC,GG,CC,AA,AG,AA,CC,TT,CC,GG,TT,GG,AT,AA,AG,TT,CC,CC,AA,CC,CC,GG,GG,AA,GG,TT,AC,AG,CC,GT,AA,CC,AA,AA,GT,TT,TT,AT,GG,GG,AA,CC,AT,GG,AA,GG,AA,CT,AC,TT,CC,CT,AA,CC,TT,GG,AA,CC,AA,CC,AT,TT,NN,GG,TT,AC,NN,AA,GG,CC,CG,GG,CC,GG,AT,AA,CC,GT,GG,CC,CC,AT,GG,CG,AT,CC,AA,AA,AC,CC,AC,TT,AA,GG,AA,AA,AC,AC,AG,AG,AA,AA,AA,GG,AC,AG,CC,AA,TT,AA,AA,GG,GG,GG,TT,AA,GG,TT,TT,TT,AG,TT,GG,GG,AA,3.72,Moderate,Low,Poor,Early
L0597,Bengaluru Rural,Karnataka,Kharif,Red Sandy Loam,Rainfed,720,26.0,70,AC,TT,GG,AG,CG,CC,GT,AT,CC,CC,AA,CC,CC,TT,TT,GG,GG,TT,TT,AA,CC,GT,TT,CT,TT,CC,TT,TT,GG,AA,TT,CT,AA,CC,GG,CG,NN,CC,GG,CC,TT,NN,AA,TT,AA,GG,TT,TT,CC,AC,GG,AA,AG,GG,CT,TT,AT,AA,TT,AC,AA,GT,AT,AA,CT,AT,CC,GG,NN,GG,AG,GG,CC,AA,GG,AC,AT,GG,TT,TT,GG,GG,GG,CC,AA,GG,AA,AA,CC,GG,CC,TT,TT,TT,GT,GG,TT,CC,TT,CC,CC,CC,AG,AA,TT,TT,CC,AA,AG,AA,CT,GG,TT,CC,TT,AC,AA,TT,CC,GG,CC,GG,NN,GG,NN,AA,CT,CC,CC,CC,AA,TT,AC,AA,CC,CC,NN,TT,AA,AT,GG,CT,CC,GG,AA,AG,AA,CC,GT,CC,CG,AA,AA,GG,GT,GG,CC,TT,CT,NN,AC,TT,TT,TT,CC,TT,GT,CT,AT,TT,GG,CC,AG,CC,NN,AC,CG,CC,AA,GG,AG,CC,TT,CC,GG,TT,GG,TT,AA,AA,TT,CC,GG,AA,AC,CC,GG,GG,AC,GG,TT,AA,AA,CC,GG,AA,CC,AA,AA,GG,TT,AT,TT,GG,GG,AA,CG,TT,TT,AA,GG,AA,CT,AA,TT,CC,TT,AA,CC,TT,CG,NN,CC,AG,CC,AT,TT,GT,GG,TT,AA,AC,AA,GG,CC,GG,GG,CC,GG,AT,AA,CG,GT,GG,CC,CC,AA,GG,CC,AA,CC,AA,AA,AC,CC,AA,TT,AA,GG,AA,AA,CC,AA,AG,AG,AA,AA,TT,GG,AA,AA,AC,AC,TT,AA,AA,GG,GG,CG,GT,AA,AG,NN,TT,AT,AG,AT,GG,GG,AA,4.14,Susceptible,High,Premium,Medium
L0598,Bengaluru Rural,Karnataka,Kharif,Red Sandy Loam,Rainfed,720,26.0,70,AC,TT,GG,GG,CG,CC,GG,AT,CC,CC,AA,CC,CG,AT,TT,TT,CG,TT,TT,AA,CC,GT,TT,CC,TT,CC,TT,AT,GG,AA,TT,CC,AA,CC,AG,GG,GG,CC,GG,CC,TT,TT,AA,GT,AA,GG,TT,AT,CC,AC,GG,AA,AA,GG,CC,TT,AT,AA,TT,AC,AG,TT,TT,AG,CT,TT,CC,GG,TT,GG,AA,GG,CC,AA,GG,CC,AA,GG,TT,TT,GG,GG,GG,CC,AA,GG,AA,AA,CC,TT,CC,NN,TT,TT,TT,AG,CT,CC,TT,CC,CT,GG,AA,AA,NN,NN,CC,AA,GG,AC,CC,GT,NN,CG,TT,AA,AC,TT,CC,GG,CC,GG,CC,GG,CT,AA,CC,CC,CC,CC,AA,TT,CC,AA,CC,CC,AA,TT,AA,AA,GG,CC,CC,GG,AA,AA,AA,CC,GT,CC,CC,AA,AG,GG,TT,GG,AC,GT,CT,GG,AC,TT,TT,TT,CC,AA,TT,TT,AA,TT,CG,CC,AA,CT,CC,CC,GG,CC,AA,GG,GG,CC,TT,CG,GG,GT,CG,AT,AG,AA,TT,CC,GG,AA,AC,CC,GG,GG,AC,GG,TT,AA,GG,CC,GT,AA,AC,AA,NN,GG,TT,TT,AA,GG,GG,AA,CG,AT,TT,NN,GG,AA,TT,AA,TT,CC,TT,AA,CC,TT,GG,AG,CC,AG,CC,TT,TT,TT,GG,TT,AA,AA,AA,GG,CC,CG,GG,CC,GG,TT,AA,CG,TT,GG,CC,CC,AA,GG,CC,AT,CC,NN,AG,AC,CG,AC,TT,AA,CG,AA,AA,AA,AC,AG,AG,AA,AA,TT,GG,AA,AA,CC,AA,TT,AA,AA,CG,GG,GG,GT,AT,AA,TT,TT,TT,AA,TT,GG,GG,AA,4.87,Susceptible,Medium,Standard,Early
L0599,Bengaluru Rural,Karnataka,Kharif,Red Sandy Loam,Rainfed,720,26.0,70,AA,TT,GG,AG,CG,CC,GG,TT,CC,CG,AA,CC,CG,TT,TT,GG,GG,TT,TT,AA,CC,TT,TT,CC,TT,CC,TT,TT,GG,AA,TT,CC,AA,CC,GG,GG,GG,CC,GG,CC,TT,TT,AA,TT,AA,GG,TT,TT,CC,AC,GG,AA,AA,GG,CC,GT,AA,AA,GT,AC,AA,GG,AT,AA,CT,TT,CC,GG,TT,GT,AA,GG,CC,AG,GG,NN,AA,GG,TT,TT,GG,GG,GG,CC,AT,AG,AA,AA,CC,GT,AC,TT,NN,TT,TT,AG,TT,NN,TT,CC,CC,CC,AG,AA,AT,TT,CC,AA,AG,AA,CT,GG,GT,CC,GT,CC,AC,TT,CC,AG,CC,AA,CC,GG,CT,AG,CT,CC,CC,CC,AA,TT,CC,AA,CC,CT,AA,TT,AA,AT,GG,CC,CC,GG,AG,AG,NN,AC,GG,CC,CC,AA,AA,GG,TT,GG,AC,GT,CC,GG,CC,TT,TT,TT,CC,AT,GT,TT,AA,TT,GG,CC,AG,CC,CC,CC,CG,CC,AA,GG,AG,CC,TT,CC,GG,GT,GG,AT,AA,AA,TT,CC,GG,AA,AC,CC,GG,GG,AC,GG,TT,AA,AA,CC,GT,AA,AC,AA,AT,GG,GT,AT,TT,CG,TT,AT,CC,NN,TT,AA,GG,AA,CT,NN,TT,CC,TT,AA,CC,TT,CC,GG,CC,NN,CC,TT,CT,TT,GG,AT,AA,CC,AA,GG,CC,NN,GG,CC,GG,TT,AG,CC,TT,GG,CC,CC,AA,AG,GG,AT,CG,AT,AG,CC,CC,CC,TT,AA,GG,AA,AA,AC,AA,AG,AA,AA,NN,AT,GG,AA,AG,AC,AA,CT,AG,AG,GG,GG,GG,TT,AT,AA,TT,TT,TT,AG,AT,GG,GG,AA,5.0,Moderate,Low,Standard,Early
L0600,Bengaluru Rural,Karnataka,Kharif,Red Sandy Loam,Rainfed,720,26.0,70,AA,TT,AG,AG,GG,CC,GT,TT,CC,CG,AA,CC,CC,AT,TT,GG,CC,TT,TT,AA,CC,TT,GT,CT,AT,CC,TT,AT,GT,AA,TT,CT,AG,AC,GG,CG,GG,CG,GG,CC,TT,TT,AA,TT,AA,GG,CT,TT,CC,AC,GG,AA,AA,GG,CT,TT,AA,AC,GT,AA,AG,GT,TT,AA,TT,TT,CC,GG,TT,GG,AG,GG,CC,AA,GG,CC,AA,AG,GT,TT,GG,GT,GT,CC,AA,GG,AA,AA,CC,GG,CC,TT,CC,TT,GT,GG,TT,CC,TT,CT,CT,CG,AG,AA,TT,TT,CC,AA,AG,AC,CC,GG,TT,CG,GT,AA,AA,TT,CC,GG,CG,GG,CC,TT,CT,AA,CC,CC,AC,CC,AA,TT,CC,AA,CC,CC,AA,TT,AA,NN,CG,CT,CC,GG,AG,AG,AT,CC,GG,CC,CC,AA,AA,GG,TT,GG,AC,TT,TT,GG,AC,TT,TT,TT,CG,AA,TT,TT,AT,TT,GG,CC,AA,CT,CC,AC,CC,AC,AA,NN,AG,CC,TT,CC,GT,TT,GG,AT,AA,AA,TT,CC,CG,AC,AC,CC,GG,GG,AA,GG,NN,AC,AA,CC,GG,AT,AC,AA,AT,GG,TT,AT,AT,GG,GT,AT,CC,AT,GT,AA,GG,AA,TT,AA,TT,CC,TT,AA,CC,TT,GG,AA,CG,AG,AC,TT,CT,TT,GG,TT,AA,AC,AG,GG,CC,CC,GG,CC,GG,AT,AA,CC,TT,GG,CC,CG,AA,AG,CG,AT,CC,AT,AA,AC,CG,AC,TT,AG,GG,AA,AA,AC,AC,GG,GG,AA,AA,TT,GG,AA,AA,AC,AA,CT,AA,AA,GG,NN,CG,TT,AA,AA,TT,TT,TT,AA,TT,GG,GG,AA,4.13,Susceptible,Medium,Standard,Late
L0601,Bengaluru Rural,Karnataka,Kharif,Red Sandy Loam,Rainfed,720,26.0,70,AA,CT,GG,AG,GG,CG,GG,TT,CC,CG,AA,CC,CG,TT,TT,GT,CC,TT,TT,AA,CC,GT,GT,CC,TT,CC,GT,TT,GG,AA,TT,CT,AA,CC,AG,CG,GT,CG,GG,CC,TT,CT,AA,TT,AA,AA,TT,AT,CC,AA,GT,AA,AA,GG,CT,TT,AA,AC,GG,AC,AA,TT,AT,AA,TT,TT,CC,GG,TT,GT,AA,GG,CC,AA,GG,AC,AT,GG,TT,TT,GG,GG,GG,CC,AA,GG,AA,AA,CC,TT,AC,TT,CC,TT,TT,GG,CT,CC,TT,CC,CC,CG,GG,AA,TT,TT,CC,AA,AA,AA,CC,GG,TT,CG,GT,AA,AC,TT,CC,AA,CC,GG,CC,GT,CT,AA,CC,CC,CC,CC,AA,TT,CC,AA,CC,CT,AA,TT,AA,AA,GG,CT,CC,GG,AA,AA,AA,AA,GG,CC,CC,AA,AA,GG,TT,GG,AA,TT,CT,AG,CC,TT,TT,TT,CC,AA,TT,TT,NN,TT,GG,CC,AG,CC,CC,CC,CG,CC,AA,GG,AG,CC,TT,CG,GG,GT,NN,AT,AG,NN,TT,CC,GG,AA,CC,CC,GG,GG,AA,GG,TT,AA,AG,CC,GG,AA,AC,AA,AA,GG,TT,TT,AT,GG,NN,AT,CC,TT,GT,AA,GG,AA,NN,AA,TT,CC,TT,AC,CC,TT,GG,AG,CG,GG,CC,AT,CT,GG,GG,TT,AC,AC,AA,GG,CC,CC,GG,CC,GG,TT,AA,CC,TT,GG,CC,CC,AA,GG,CC,AA,CC,AA,AA,AC,CG,CC,TT,AA,GG,AA,AA,AA,AA,GG,AA,AA,AA,AA,GG,AA,AA,AA,AA,CC,AA,AA,GG,GG,GG,TT,AA,AA,TT,TT,TT,AA,TT,GG,CG,AA,3.92,Susceptible,Low,Poor,Late
L0602,Bengaluru Rural,Karnataka,Kharif,Red Sandy Loam,Rainfed,720,26.0,70,AC,CT,GG,GG,GG,CC,GT,TT,CC,CG,TT,CC,CC,TT,TT,GG,GG,TT,TT,AA,CG,TT,GT,CC,AT,CC,TT,TT,GG,AA,TT,CC,AA,CC,GG,GG,GG,CG,GG,AC,NN,NN,AA,TT,AG,NN,TT,TT,CC,AC,GG,AA,NN,GG,CC,TT,AA,AA,GT,AC,AA,TT,AT,GG,TT,AT,CC,GG,TT,GG,AG,GG,CC,AA,GG,AA,AA,GG,TT,TT,AG,GT,GT,CC,AT,GG,AA,AA,CC,TT,CC,TT,CC,TT,TT,GG,CT,AC,TT,CC,CT,NN,AG,AA,TT,TT,CC,AA,AA,AC,CC,GG,TT,NN,GT,AA,AA,TT,CC,NN,CC,AG,CT,GG,CT,AA,CT,CG,CC,CC,AA,TT,CC,AA,CC,CT,AA,TT,AG,AA,GG,CC,CC,GG,AA,AG,AA,CC,GT,CC,CG,AG,AA,GG,TT,GG,AA,GT,TT,GG,AA,GT,GG,TT,CG,AT,TT,TT,AA,TT,GG,CC,AG,CC,CC,CC,NN,CC,AA,GG,AA,CC,TT,CC,GG,TT,GG,AT,AA,AA,TT,CC,CG,CC,CC,CC,GG,GG,AC,GG,TT,AA,AA,CC,NN,AA,CC,AA,AA,GG,TT,TT,AT,CG,GT,AT,CC,AT,TT,AA,GG,AA,CT,AA,TT,CC,TT,NN,AC,CC,GG,AG,CG,AG,AC,TT,TT,TT,GG,TT,AA,AC,AG,GG,NN,CG,GG,CC,GT,AT,AA,CC,GT,GG,CC,CC,AA,GG,CC,AT,CG,AT,AG,CC,CC,AA,TT,AA,GG,AA,AA,AC,AA,GG,AA,AG,AA,TT,GG,AA,AA,AC,AA,CC,AA,AG,GG,GG,CG,TT,AA,AA,TT,TT,TT,AA,NN,GG,GG,AC,5.69,Resistant,Low,Poor,Early
L0603,Bengaluru Rural,Karnataka,Kharif,Red Sandy Loam,Rainfed,720,26.0,70,AA,TT,GG,AA,GG,CC,GG,AT,CC,GG,AA,CC,CC,TT,GT,GG,GG,TT,TT,AA,CG,TT,GT,CC,TT,CC,TT,TT,GG,AA,TT,CC,AG,CC,GG,GG,GG,GG,GG,AC,TT,TT,AA,TT,AG,AG,TT,TT,CC,AA,GG,AA,AG,GG,CC,TT,AA,AA,GT,CC,AA,TT,TT,AG,TT,TT,CC,GG,TT,GT,AG,GG,CC,AA,GG,AC,AT,GG,TT,TT,GG,GG,GG,CC,AA,GG,AA,AT,CC,GT,CC,TT,CT,TT,GG,GG,TT,CC,TT,CC,CT,CC,GG,AA,TT,TT,CC,AG,GG,AA,CC,GG,TT,CC,GT,AA,AA,TT,CC,AG,CG,AG,CC,TT,TT,AA,CC,CC,CC,CC,AA,NN,CC,AA,CC,CC,AA,TT,AA,AT,GG,CC,CC,GG,AA,AG,AA,AC,GT,CC,CC,AA,AA,GG,TT,GG,AA,GT,CC,GG,AC,TT,TT,TT,CC,AA,GT,TT,AA,AT,GG,CG,AA,CT,AC,CC,CG,CC,AA,GG,AG,CC,TT,CC,GG,TT,GG,AT,AA,AA,GT,AC,CG,AA,CC,CC,GG,AG,AA,CG,CT,AA,AA,CC,GG,AA,AC,AA,AA,GG,TT,TT,AT,CG,GT,AA,CC,AT,GT,AA,GG,AA,TT,AA,TT,CG,TT,AA,CC,TT,CG,AA,CC,AG,CC,TT,TT,GT,GG,AT,AA,CC,AG,GT,CC,CC,GG,CC,GG,AT,AA,CC,TT,GG,CC,CG,AA,GG,CC,AA,CC,AT,NN,AC,CG,CC,AT,AA,GG,AA,AA,AC,AA,AG,AG,AA,AA,TT,GG,AA,AA,CC,AA,TT,AG,AG,GG,GG,GG,TT,AT,AA,GT,TT,TT,AG,TT,GG,GG,AA,3.14,Susceptible,High,Poor,Late
L0604,Bengaluru Rural,Karnataka,Kharif,Red Sandy Loam,Rainfed,720,26.0,70,AA,TT,GG,AA,GG,CG,GG,TT,CC,CG,AA,CC,CC,TT,TT,GG,CG,TT,AA,AA,CC,TT,TT,CC,TT,CC,GT,AT,GT,AA,TT,CC,AA,AC,GG,CG,GG,GG,GG,CC,TT,CT,AA,TT,AA,AA,TT,TT,CC,AC,GG,AA,AA,GG,CC,TT,AA,AC,GT,AC,AA,TT,TT,AG,TT,TT,CT,GG,TT,GT,AG,GG,CC,AA,GG,AC,TT,GG,TT,TT,GG,GT,GG,CC,AA,GG,AA,AA,CC,GG,CC,TT,CC,AT,GT,GG,TT,CC,TT,CC,CC,CC,AG,AA,TT,NN,CC,AA,NN,AC,CC,GG,TT,CC,TT,AA,AC,TT,GG,AG,CG,GG,CC,GG,TT,AA,CC,CC,CC,CG,AA,TT,AC,AA,CC,CC,AA,TT,AA,AA,GG,CC,CC,GG,AA,AG,AA,CC,GG,CC,CC,AA,AA,GG,TT,GG,CC,TT,CT,GG,CC,GT,TT,TT,CC,AA,GT,TT,AA,AT,GG,CC,AA,CC,CC,AC,CC,CC,AA,GG,AA,CC,TT,CC,GG,TT,GG,AT,AA,AA,GT,AC,GG,AC,CC,CC,GG,GG,CC,GG,TT,AC,AA,CC,GT,AA,AC,AA,AT,GG,TT,TT,AT,GG,GG,AT,CG,TT,GT,AA,GG,AA,CT,AA,TT,CC,TT,AC,AC,TT,GG,AA,CC,AG,CC,AT,NN,GG,GG,TT,AA,CC,AG,GG,CC,CC,GG,CC,GG,TT,AA,CC,GT,GG,CC,CC,TT,GG,CG,AA,CC,AT,AA,CC,CG,AC,TT,AA,GG,AT,AC,AA,AA,AG,AG,AA,AG,AT,GG,AA,AA,AC,AA,TT,AA,AA,GG,GG,GG,TT,AA,AA,GT,TT,TT,AG,TT,GG,GG,AA,4.06,Susceptible,Medium,Poor,Medium
L0605,Bengaluru Rural,Karnataka,Kharif,Red Sandy Loam,Rainfed,720,26.0,70,AC,TT,GG,AA,CG,CC,GG,TT,CG,CG,AA,CC,CG,AA,TT,GG,GG,TT,TT,AA,CC,GG,GT,CC,TT,CC,TT,AT,GG,AA,TT,CC,AA,CC,GG,GG,GG,CC,GG,CC,TT,NN,AA,GT,AA,GG,CT,TT,CC,AC,GG,AA,AA,GG,CC,TT,AA,AC,GG,AA,AG,TT,AT,AA,TT,AT,CC,GG,TT,GT,AA,GG,CC,AA,GG,CC,AT,GG,TT,TT,GG,NN,GG,CC,AA,GG,AA,AT,CG,TT,CC,TT,NN,TT,GT,GG,CT,CC,GT,CC,CC,CG,AG,GG,TT,TT,CC,AA,AG,AC,CC,GG,TT,CC,TT,AA,AA,TT,CC,GG,CC,GG,CC,GT,TT,AA,CC,CC,NN,CC,AA,TT,CC,AA,CC,CC,AA,AT,AA,AA,GG,CT,CC,GG,AA,AG,AA,CC,GG,CC,CC,AA,NN,GG,TT,GG,AA,TT,CT,GG,AA,GT,TT,TT,CC,AA,GT,TT,AA,TT,GG,CC,AA,CT,CC,CC,CG,CC,AA,GG,AA,CC,TT,CC,GG,GG,GG,AT,AA,AG,TT,CC,CG,AA,CC,CC,GG,GG,AA,GG,TT,AA,AA,CC,GG,AA,CC,AA,AT,GT,TT,TT,TT,GG,TT,AT,CC,TT,TT,AA,AG,AA,TT,AA,TT,CG,TT,AA,CC,TT,GG,AA,CC,AA,CC,TT,CT,TT,GG,AT,AC,CC,AA,GT,CC,GG,GG,CC,GG,AT,AA,CC,TT,GG,CC,CG,AA,GG,CC,TT,CC,AA,AA,AC,CC,CC,TT,AA,GG,AA,AC,AC,AA,AA,AA,AG,AA,TT,CG,AC,AG,AC,AA,CT,AA,AG,GG,AG,GG,TT,AT,AA,GT,TT,TT,AA,TT,GG,CG,AA,3.3,Susceptible,Medium,Poor,Late
L0606,Bengaluru Rural,Karnataka,Kharif,Red Sandy Loam,Rainfed,720,26.0,70,CC,CT,GG,AG,GG,CC,GT,AT,CC,CG,AA,CC,GG,TT,TT,GG,CG,NN,TT,AA,CG,TT,GT,CC,TT,CC,TT,TT,GT,AA,TT,CT,AA,CC,GG,CG,GG,CG,GG,CC,TT,TT,AA,TT,AA,GG,TT,TT,NN,CC,GT,AA,AG,GG,CT,TT,AA,AA,GG,AC,AA,TT,AT,AA,TT,TT,CC,GG,TT,GG,AA,GG,CC,AA,AG,AA,AA,GG,TT,TT,GG,TT,GG,CC,AA,GG,AA,AA,CG,TT,CC,TT,CT,TT,TT,AA,TT,CC,TT,CC,CT,CG,AG,AA,TT,TT,CC,AA,AG,AA,CC,GG,TT,CC,TT,AA,AA,TT,CC,AA,CC,GG,CC,GT,TT,AG,CC,CC,CC,CC,AG,TT,AC,AA,CC,CC,AG,AT,AA,AT,CG,CC,CC,NN,AA,GG,AA,AC,NN,CC,CC,AA,GG,GG,TT,GG,AC,TT,TT,AG,AC,TT,TT,TT,CC,AT,GT,TT,AA,AT,GG,CC,NN,CC,CC,CC,CG,CC,AA,GG,AG,CC,TT,CC,GT,TT,CG,AT,AA,AA,TT,AC,GG,AA,AC,CG,GG,GG,NN,GG,TT,AA,AA,CC,GG,AA,CC,AA,AA,GT,TT,NN,AA,CG,GT,AT,CC,AT,TT,AA,GG,AA,CT,AA,TT,CC,NN,AA,CC,CT,GG,GG,CC,AA,CC,TT,CT,GT,GG,TT,AA,AA,AG,GG,CC,CC,GG,CC,GG,AA,AG,CC,GT,GG,CC,CC,AA,AG,CC,AA,CG,AA,AA,AC,CC,CC,TT,AA,GG,AA,AA,AC,AA,AA,AA,AG,AA,TT,GG,AA,AA,AC,AA,TT,AA,AA,CG,GG,CG,GT,AA,AA,TT,TT,TT,AG,TT,GG,GG,AA,3.37,Moderate,Low,Standard,Medium
L0607,Bengaluru Rural,Karnataka,Kharif,Red Sandy Loam,Rainfed,720,26.0,70,AC,TT,GG,AG,GG,CC,GG,TT,CC,GG,AA,CT,CG,TT,TT,GG,GG,TT,TT,AA,CC,GG,TT,CC,TT,CC,TT,TT,GG,AA,TT,CC,AG,CC,GG,GG,GG,CG,GG,CC,GT,CT,AA,TT,AA,AG,CT,TT,CC,AC,GG,AA,AG,CG,CT,TT,AT,AC,GG,AA,AA,TT,TT,GG,TT,TT,CC,GG,CT,GG,AA,GG,CC,AA,AG,AA,AT,AG,GT,TT,GG,GG,GG,CC,AA,AG,AA,AA,CG,GT,CC,TT,CC,TT,GT,GG,TT,CC,TT,CC,CC,NN,AG,AA,TT,TT,CC,AA,AA,AA,CC,GG,GT,CC,GT,AA,AA,TT,CC,GG,CC,AG,CC,GT,CT,AA,CT,CC,NN,CC,AA,GT,CC,AC,CC,CC,AA,NN,AA,AA,GG,CC,CC,GG,AA,GG,AA,CC,GT,CC,NN,AA,NN,GG,GT,GG,AC,TT,CT,GG,NN,TT,TT,TT,CG,AT,GT,CC,AA,TT,GG,CC,AA,CT,CC,CC,CG,CC,AA,GG,GG,CC,TT,CC,GT,GT,CG,NN,AA,AA,TT,CC,CG,AC,CC,CG,GG,GG,AC,CG,TT,AC,AA,CC,GG,AA,CC,AA,AT,GT,GT,AA,AA,CG,GT,AT,CG,AT,TT,AA,GG,AA,CT,AA,TT,CC,TT,AA,CC,CT,GG,AG,CC,AG,AC,TT,TT,TT,GG,TT,AA,AC,AA,GG,CC,CG,GG,NN,GG,TT,AA,CC,TT,GG,CC,CC,AA,GG,CC,AA,CC,AA,AA,CC,CG,AC,TT,AA,GG,AA,AA,AA,AA,GG,AA,AA,AA,TT,GG,AA,AG,CC,AA,CT,AA,AG,GG,GG,GG,GT,AA,AA,GT,TT,TT,AG,TT,GG,CG,AA,4.12,Resistant,Medium,Standard,Early
L0608,Bengaluru Rural,Karnataka,Kharif,Red Sandy Loam,Rainfed,720,26.0,70,AC,TT,AA,AG,GG,CG,GG,TT,CC,GG,AT,CT,CG,AT,TT,GG,GG,TT,TT,AA,CC,TT,TT,CC,TT,CC,TT,TT,GG,AA,TT,CT,AG,CC,GG,CG,GG,CG,GG,CC,TT,CT,AC,TT,AA,AG,TT,AT,CC,AC,GG,NN,AA,GG,CC,TT,AA,AC,GG,AC,AA,TT,TT,AA,TT,AT,CC,GG,TT,GG,AA,GG,CC,AA,GG,AC,AT,GG,TT,TT,GG,GG,GT,CC,AA,GG,AA,AA,CC,TT,CC,TT,CT,TT,TT,GG,CT,CC,TT,CC,CT,GG,AG,AA,TT,GT,CC,AA,AA,AA,CC,GG,TT,CG,TT,AC,AA,TT,CC,GG,CC,GG,CC,GT,CT,AA,TT,CC,CC,CC,AG,TT,CC,AA,CC,CC,AA,TT,GG,AT,NN,CT,CC,GG,AG,AG,AA,CC,NN,CC,CC,AA,AA,AG,TT,GG,AC,TT,CT,GG,AC,TT,TT,TT,CG,AT,TT,CT,AT,AT,GG,CC,AA,NN,CC,CC,GG,CC,AA,GG,AG,CC,TT,CC,GG,TT,GG,AT,AA,AG,TT,CC,GG,AA,AC,CC,GG,NN,AA,GG,TT,AC,AA,CG,GG,AA,CC,AA,AA,GG,TT,AT,AA,GG,GT,AA,CC,AT,TT,AA,GG,AA,TT,AA,TT,CC,CT,NN,CC,TT,GG,AA,CC,GG,AC,TT,CT,TT,GG,AT,AA,CC,AA,GG,CC,CG,GG,CG,GG,AT,AA,CC,TT,GG,NN,CC,AA,GG,CC,TT,CC,AA,AG,AC,CC,AC,TT,AA,GG,AA,NN,AC,AA,AG,AG,AG,AA,TT,GG,AA,AA,CC,AA,CT,AG,AA,GG,GG,CG,TT,AA,AA,TT,TT,TT,AG,TT,GG,GG,AC,5.12,Moderate,High,Poor,Late
L0609,Bengaluru Rural,Karnataka,Kharif,Red Sandy Loam,Rainfed,720,26.0,70,AC,CC,GG,AA,GG,CC,GG,TT,CC,CG,AA,CT,CC,TT,TT,GG,GG,TT,AT,AG,CC,TT,TT,CC,TT,CC,TT,TT,GG,AA,NN,TT,AA,CC,GG,GG,GG,CC,GG,CC,TT,CT,AC,NN,AA,GG,TT,AT,CC,AA,GG,AT,AA,GG,CC,TT,AT,AA,TT,AA,AA,TT,TT,AG,TT,TT,CC,GG,TT,GG,NN,GT,CC,AA,AG,AA,AT,GG,GT,CT,GG,GT,GG,CC,AA,GG,NN,AA,CC,TT,NN,TT,CT,TT,TT,GG,CT,CC,TT,CT,CC,CC,AG,AA,TT,GT,CC,AA,AG,AA,CT,GG,GT,CG,TT,AA,AA,AT,CC,AG,CG,GG,CC,GT,CC,AG,CC,CC,CC,CC,AA,TT,CC,AA,CC,CC,NN,AT,AA,AA,GG,CT,CG,GG,AA,AG,AA,CC,GT,CC,CC,AA,AG,GG,GT,AG,AC,TT,TT,GG,AC,TT,TT,NN,CC,AA,TT,TT,AA,AT,GG,CC,AG,CT,AC,CC,GG,AC,AA,GG,AG,CC,TT,CC,TT,NN,NN,AA,AA,AG,TT,CC,GG,AA,AA,CC,GG,GG,AC,GG,TT,AC,AG,CG,GG,AA,CC,AA,AA,GG,TT,TT,AA,GG,GT,AA,CG,AT,GG,AA,GG,AA,TT,AA,TT,CC,TT,AC,AC,TT,GG,AG,CG,AG,AA,TT,CT,GG,GG,TT,AA,CC,AA,GG,CC,GG,GG,CC,GG,AT,AA,CC,TT,GG,CC,CC,AA,GG,CC,AT,NN,AA,AA,CC,CC,AC,TT,AA,GG,AA,CC,AC,AA,GG,AG,AA,AA,TT,GG,AA,AG,CC,AC,TT,AA,NN,CG,GG,GG,GT,AT,AA,GT,TT,TT,AA,TT,NN,GG,AA,3.52,Resistant,Low,Standard,Early
L0610,Bengaluru Rural,Karnataka,Kharif,Red Sandy Loam,Rainfed,720,26.0,70,AC,TT,GG,AA,GG,CC,GT,TT,CC,CG,AA,CC,GG,TT,GT,GT,CG,AT,TT,AA,CC,TT,TT,CC,TT,CC,TT,TT,GG,AC,TT,CC,AA,CC,GG,GG,GG,CC,GG,CC,TT,CT,AA,GT,AA,AG,CT,TT,CC,AC,GG,AT,AG,GG,CT,GT,AA,AC,GG,AC,AA,TT,TT,AA,CC,AT,CC,GG,TT,GT,GG,GG,CC,AA,GG,AC,AT,AG,TT,TT,GG,GT,GG,CC,AA,GG,AA,AA,CC,TT,CC,TT,CC,AT,TT,GG,CT,CC,TT,CC,CT,NN,GG,AA,AT,TT,CC,AA,GG,NN,CC,GG,TT,CC,TT,CC,AA,TT,CC,GG,CG,GG,CC,GT,TT,AG,CC,CC,CC,CG,AA,TT,CC,AA,CC,CC,AG,TT,AA,AT,GG,CC,CC,GG,AA,AG,AT,CC,TT,CC,CC,AA,AA,NN,GT,GG,AA,TT,CT,AG,CC,TT,TT,CT,CG,AT,TT,CT,AA,TT,GG,CC,AG,CT,CC,CC,GG,CC,AA,GG,AG,CC,TT,CC,TT,GG,CC,AT,AA,AG,TT,CC,GG,AA,CC,CC,GG,GG,AC,CG,NN,AA,AA,CC,GG,AT,AC,AA,AA,GG,TT,TT,AA,GG,GT,AA,CG,TT,TT,AA,GG,AA,CC,AA,TT,CC,TT,AC,CC,TT,CG,AA,CG,AA,CC,TT,CT,TT,GG,TT,AC,AC,AA,GG,CG,CG,GG,CC,GG,AT,AA,CC,TT,GG,NN,CC,AA,GG,CG,AT,CC,AA,AA,AC,CC,CC,TT,AA,CG,AA,AC,AC,AC,AG,AG,AA,AA,TT,GG,AC,AA,AC,AA,CT,AG,AA,GG,GG,GG,TT,AA,AA,GT,TT,TT,AG,TT,GG,CG,AA,4.97,Moderate,High,Premium,Late
L0611,Bengaluru Rural,Karnataka,Kharif,Red Sandy Loam,Rainfed,720,26.0,70,AA,TT,GG,AG,GG,CC,GG,TT,CC,CG,AA,CC,CC,AT,GT,GT,CG,TT,TT,AA,CC,GT,TT,CT,TT,CC,TT,AT,GG,AA,TT,CC,AA,CC,GG,GG,GG,CC,GG,CC,TT,TT,AC,GT,AA,GG,CT,AT,CC,AA,GG,AA,AA,GG,CC,TT,AT,AC,GG,AA,AA,TT,AA,AA,TT,TT,CT,GG,TT,TT,AG,GG,AC,AA,GG,AC,AT,GG,TT,TT,GG,GG,GG,CC,AA,GG,AA,AA,CG,GT,CC,TT,CT,TT,GT,GG,TT,AC,GT,CT,CC,CC,AG,AA,TT,TT,CG,AA,GG,AC,CC,GG,TT,CC,TT,AA,AA,TT,CC,AG,CC,GG,CC,GG,CT,AA,CC,CC,AC,CG,AA,TT,CC,AA,CC,CC,AA,AT,AG,AT,GG,CT,CC,GG,AA,GG,AT,CC,GT,CC,CC,AA,AA,GG,GT,GG,CC,GT,TT,GG,CC,GG,TT,TT,CC,AA,GG,TT,AT,AA,GG,CC,AG,CT,CC,CC,CG,CC,AA,GG,AA,CC,TT,CC,GG,GT,GG,AT,AA,AA,TT,CC,GG,AA,CC,CC,GG,GG,AC,GG,TT,AA,AA,CG,TT,AT,AC,AA,AT,GT,GT,TT,AA,CG,TT,AT,CC,TT,GT,AA,GG,AA,TT,AA,TT,CC,TT,AA,CC,TT,CC,AG,NN,AG,CC,AT,TT,TT,CG,TT,AA,CC,NN,GG,CC,CC,GG,CC,GG,AT,AA,CC,GT,GG,CC,CC,AA,GG,CC,AT,CG,AA,AA,CC,CG,AA,TT,AA,GG,AA,AC,AA,AA,GG,GG,AA,AA,AT,GG,AC,AA,CC,AA,CT,AA,AA,GG,GG,GG,GT,AA,AA,GT,TT,TT,AG,AT,GG,GG,AA,2.86,Susceptible,Low,Premium,Early
L0612,Bengaluru Rural,Karnataka,Kharif,Red Sandy Loam,Rainfed,720,26.0,70,AC,TT,GG,GG,GG,CC,GT,AT,CC,CC,AA,CT,CC,TT,TT,GG,NN,TT,TT,AG,CC,TT,TT,CT,TT,CC,GT,TT,GT,AA,CT,CC,AA,CC,GG,CG,GG,CC,GG,CC,TT,TT,AA,GT,AA,AG,TT,TT,CC,CC,GG,AA,AA,GG,CT,TT,AA,AC,GT,AA,AG,TT,AT,AA,TT,AT,CC,GG,CT,GG,AG,GG,CC,AA,AG,AA,AA,GG,GT,TT,GG,GG,GG,CC,AA,GG,AA,AA,CC,TT,AC,TT,CC,TT,TT,GG,CT,CC,TT,CC,CT,GG,AA,AA,TT,TT,CC,AA,AA,AA,TT,GG,TT,CG,TT,AC,AC,AT,CC,GG,CC,GG,CC,GG,TT,GG,CC,CC,CC,CC,AG,GG,CC,AA,CC,CC,AA,TT,AA,AA,GG,CC,CC,GG,AA,AA,AA,CC,GG,CC,CC,AA,AA,NN,GT,AG,AA,GT,CC,AG,AC,TT,GT,TT,CG,AA,NN,TT,NN,AT,GG,CC,AG,CC,CC,CC,CC,CC,AA,AG,AG,CC,TT,CC,GG,GG,CG,AT,AA,AA,TT,AC,GG,AC,CC,CC,CG,GG,AA,GG,TT,AA,AA,CC,GT,AA,AC,AA,AA,GT,TT,AT,AT,GG,TT,AT,CC,TT,TT,AA,GG,AG,TT,AA,TT,CC,TT,AC,CC,TT,CG,AG,CC,AG,CC,TT,TT,GT,GG,TT,AC,AC,AA,GG,CC,CC,GG,CC,GG,TT,AA,CC,TT,AG,CC,CC,AA,GG,CC,AA,CC,AA,AA,AC,CC,AC,AT,AA,CG,AA,AA,AA,AA,AA,AG,AA,AA,AT,GG,AC,AA,AC,AA,TT,AG,AG,GG,GG,CG,TT,AA,AA,GT,AT,TT,AG,TT,GG,CG,AA,1.87,Susceptible,Low,Poor,Medium
L0613,Bengaluru Rural,Karnataka,Kharif,Red Sandy Loam,Rainfed,720,26.0,70,AC,TT,GG,AA,CG,CC,GT,AT,CC,GG,AA,CC,GG,AT,TT,GT,GG,TT,TT,AA,CG,TT,GG,CC,TT,CC,TT,TT,NN,AA,TT,CC,AA,CC,AG,CG,GG,CC,GG,CC,TT,CT,AA,TT,AG,AG,TT,TT,CC,AC,GG,AA,AG,GG,CC,TT,AA,NN,GG,AC,AG,TT,AT,AG,TT,AT,CC,GG,TT,GG,AG,GT,CC,AA,GG,CC,AA,GG,TT,TT,GG,GG,TT,CC,AA,GG,AA,AA,CC,GT,AC,TT,CC,TT,TT,GG,TT,CC,GT,CC,NN,NN,AG,AA,TT,TT,CC,AA,AG,AA,TT,GT,TT,CC,TT,AA,AA,TT,CG,GG,CG,GG,CC,GG,CT,AG,CT,CC,AC,CC,AA,TT,CC,AA,CC,TT,AA,TT,AA,AA,GG,CT,CC,GG,AA,GG,AA,CC,GT,CC,CC,AA,AA,GG,TT,GG,AA,TT,CC,GG,AC,GT,TT,TT,CC,AA,GT,TT,AT,TT,GG,CC,AG,CT,AC,CC,CG,CC,AA,GG,AG,CC,TT,CG,GG,GG,GG,AT,AA,AA,TT,CC,CG,AC,CC,CC,GG,GG,AC,GG,TT,AA,AG,CC,GG,AA,AC,AA,AA,GT,TT,AT,AA,GG,TT,AA,CC,AT,TT,AA,GG,AA,TT,AA,TT,CC,TT,AA,CC,TT,GG,AA,CG,AG,CC,TT,CT,TT,GG,TT,AA,AC,AA,GG,CC,CC,GG,CC,GG,AT,AA,CG,GT,GG,CC,CC,AA,GG,CC,AA,CC,AA,AA,CC,CG,AC,AT,AA,GG,AA,AA,AA,AA,GG,AG,AA,AA,TT,GG,AC,AG,CC,AA,CT,AG,AA,GG,GG,GG,TT,AT,AA,TT,TT,TT,AA,AA,GG,GG,AA,3.77,Susceptible,Medium,Poor,Medium
L0614,Bengaluru Rural,Karnataka,Kharif,Red Sandy Loam,Rainfed,720,26.0,70,AC,NN,AG,AA,GG,CC,GG,TT,CC,CC,AA,CC,CC,NN,GT,GT,GG,TT,TT,AG,CG,GG,NN,CT,TT,CC,TT,TT,GG,AA,CT,TT,AA,CC,GG,GG,GG,CC,GG,CC,TT,TT,AA,TT,AG,GG,TT,TT,CC,AC,GT,AT,AG,GG,TT,TT,AA,AA,GT,AA,AG,TT,AA,AG,TT,AT,CC,NN,TT,GG,AA,GG,CC,AA,GG,AA,AT,GG,TT,TT,GG,GG,GT,CC,AA,GG,AA,AA,CC,GT,CC,TT,CT,TT,GG,GG,TT,CC,GT,CC,CC,CG,GG,AA,TT,GT,CG,AA,AA,AC,CC,GG,TT,CG,GT,AA,AA,TT,CC,GG,CC,GG,CC,GG,TT,AA,CC,CC,CC,CG,AA,TT,CC,AA,CC,CC,NN,TT,AA,AA,GG,CT,CG,GG,AA,AG,AA,CC,GG,CC,CC,AA,AG,AG,GT,GG,AC,TT,TT,GG,CC,TT,TT,TT,CC,AT,GT,TT,AA,TT,GG,CC,AG,CC,CC,CC,GG,CC,AA,GG,AA,CC,TT,CG,GG,TT,GG,NN,AA,AA,TT,AC,CG,AC,NN,CC,CG,GG,AA,GG,TT,CC,AA,CC,GG,AA,AC,TT,AT,GT,TT,AT,AA,CG,GT,AT,CC,TT,GG,AA,GG,NN,CT,AA,TT,CC,TT,AA,CC,CT,CG,AA,CC,GG,CC,TT,CT,GT,CG,TT,AC,AC,AA,GG,CC,CG,GG,CC,GG,TT,AA,CC,TT,GG,CC,CG,AT,GG,CC,AA,CC,AA,AA,AC,CC,CC,TT,AA,GG,AA,NN,AC,AA,AG,GG,AA,AA,TT,GG,AA,AA,CC,AA,CT,AG,NN,GG,AG,GG,TT,AT,AA,TT,TT,TT,AA,TT,GG,GG,AA,2.74,Susceptible,Low,Standard,Medium
L0615,Bengaluru Rural,Karnataka,Kharif,Red Sandy Loam,Rainfed,720,26.0,70,CC,TT,GG,AA,GG,CC,TT,TT,CC,CC,AA,CC,CC,TT,GT,GT,GG,TT,TT,AA,CC,TT,GT,CT,TT,CC,GT,TT,GG,AA,TT,TT,AA,CC,GG,GG,GG,CC,GG,CC,TT,TT,AC,GT,AA,AG,TT,TT,CC,CC,GG,AA,AA,GG,CC,GT,AA,AA,GG,AA,AA,TT,TT,AG,CT,AT,CC,GG,TT,GG,AA,GG,CC,AA,GG,AA,AA,NN,TT,TT,GG,GT,GG,CC,AT,GG,AA,AA,CC,GG,AC,TT,CT,AT,TT,GG,TT,CC,TT,CC,CC,GG,AG,AA,AA,TT,GG,AA,AG,AA,CC,GG,TT,CC,TT,CC,AC,TT,CC,AG,CC,GG,CC,NN,TT,AA,CC,CC,CC,CC,AA,TT,CC,AA,CC,CC,AA,AT,AA,AA,GG,CT,CC,GG,AA,GG,AA,AC,GG,CC,CC,AA,AA,GG,TT,GG,AC,TT,TT,GG,CC,GT,GT,CT,CG,AA,TT,TT,AA,TT,GG,CC,AG,TT,CC,CC,CG,CC,AA,GG,AG,CC,TT,CC,GG,TT,GG,AT,AA,AA,TT,CC,GG,AA,AC,CC,GG,GG,AC,GG,TT,AA,AA,CC,GT,AA,AC,AA,AA,GG,TT,TT,AT,GG,GG,AA,CC,AT,GT,AA,GG,AA,TT,AA,TT,CC,CT,AA,NN,TT,CG,AA,CC,AG,CC,TT,TT,GT,GG,TT,AA,AC,AG,GG,CC,CG,GG,CC,GG,AT,AA,CC,TT,GG,CC,CC,AA,GG,CC,AA,CC,AA,AA,CC,CG,AA,TT,AA,GG,AA,AA,AA,AA,AG,AA,AA,AA,AT,GG,AA,AG,AC,AC,TT,AA,AA,CG,GG,CG,TT,AA,AA,GT,TT,TT,AG,AA,GG,GG,AA,2.43,Susceptible,High,Standard,Late
L0616,Bengaluru Rural,Karnataka,Kharif,Red Sandy Loam,Rainfed,720,26.0,70,CC,CT,GG,AG,GG,CC,GT,TT,CC,CG,AT,CC,CC,TT,TT,GG,GG,TT,TT,AG,CC,TT,GT,CT,TT,CC,TT,TT,GG,AA,TT,CC,AA,CC,GG,GG,GG,CG,GG,CC,TT,TT,AA,TT,AG,AG,CT,TT,CG,AC,GG,AA,AG,GG,CC,TT,AA,AC,TT,AC,AA,GT,AT,AA,TT,TT,CC,GG,TT,GG,AA,GG,AC,AA,AG,AA,AT,GG,TT,CT,GG,GT,GG,CC,AA,GG,AA,AA,CC,TT,AC,TT,CC,TT,TT,GG,TT,CC,GG,CC,CC,CG,AA,AA,AT,TT,CC,AA,AG,AC,CT,GG,GT,CG,TT,AA,AA,TT,CC,AA,CC,GG,CT,GG,TT,AA,CC,CC,CC,CC,AA,TT,CC,AA,CC,CC,AA,TT,AG,AT,GG,CC,CC,GG,AA,AA,AA,AC,GT,CC,CC,AA,AG,AA,TT,GG,AA,GT,TT,GG,CC,GT,GG,TT,CG,AT,GT,TT,AA,TT,CG,CC,AA,CC,CC,CC,GG,NN,AA,GG,GG,CC,TT,CC,GG,TT,GG,TT,AA,AA,TT,CC,CG,AA,CC,CC,GG,GG,CC,GG,TT,AC,AA,CC,GG,AT,CC,AA,AA,GG,GT,TT,AA,CG,GG,AA,CC,TT,TT,AA,GG,AA,TT,AA,TT,CC,CT,AA,CC,TT,GG,AA,CG,GG,AA,TT,CC,GG,GG,TT,AA,AC,AA,GG,CG,CC,GG,CC,GG,AA,AA,CC,GG,GG,CC,CC,AA,GG,CC,AA,CC,AT,AA,CC,CC,CC,AA,AA,GG,AA,AC,AA,AA,AG,AG,AA,AA,TT,GG,AA,AA,AA,AA,TT,AA,AG,GG,GG,GG,GT,AA,AA,TT,TT,TT,GG,TT,CG,CG,AC,3.98,Resistant,Low,Premium,Early
L0617,Bengaluru Rural,Karnataka,Kharif,Red Sandy Loam,Rainfed,720,26.0,70,AA,CT,AG,AA,CG,CC,GG,TT,CC,CG,AA,CT,CC,AT,GT,GG,GG,TT,TT,AG,CG,GT,GG,CC,TT,CC,TT,TT,GG,AA,CT,CT,AA,CC,GG,GG,GG,CC,GG,CC,TT,CT,AC,GT,AG,GG,TT,AT,CC,CC,GG,AA,AA,GG,CT,TT,AA,AA,TT,AA,AA,TT,NN,AG,TT,TT,CC,GG,TT,TT,GG,GG,CC,AA,GG,AC,NN,GG,TT,TT,GG,GG,GT,CC,AA,GG,AA,AA,CC,NN,CC,TT,CC,TT,TT,GG,TT,CC,TT,CT,CC,CC,AG,AA,TT,GT,CG,AA,AA,AA,CT,GG,TT,CC,TT,AC,AA,TT,CC,AG,CC,GG,CC,GG,TT,AA,CC,CC,NN,CC,AA,NN,CC,AA,CC,CC,AA,AT,AA,AA,GG,CC,CC,GG,NN,AG,AT,CC,GT,CC,CC,AA,AG,AG,TT,GG,AC,GT,NN,GG,CC,GT,TT,TT,CC,AA,GT,TT,AA,TT,GG,CC,AG,TT,CC,CC,CC,CC,AA,GG,AG,CC,NN,CC,GT,GT,CG,AT,AA,AG,TT,CC,GG,AC,CC,CC,GG,GG,CC,GG,TT,AC,AA,CC,GG,AT,AC,AA,AA,GG,TT,AT,AT,GG,GT,AT,CC,TT,GT,AA,GG,AA,CT,AA,TT,CC,CT,AA,CC,TT,CG,AA,CC,AG,CC,TT,TT,TT,GG,TT,AC,CC,AA,GT,CC,CG,GG,CC,GG,AT,AA,CC,TT,GG,CG,CC,AT,GG,CC,AT,CC,AT,AA,CC,CG,AC,TT,AA,GG,AA,AA,AA,AA,AG,AG,GG,AA,TT,GG,AA,AA,AC,AC,CC,AG,AA,GG,GG,GG,TT,AA,AG,TT,TT,TT,AA,TT,GG,GG,AA,4.95,Susceptible,High,Standard,Early
L0618,Bengaluru Rural,Karnataka,Kharif,Red Sandy Loam,Rainfed,720,26.0,70,AA,NN,GG,AA,CG,CC,GG,TT,CC,CG,AA,CC,NN,TT,GT,GG,CG,TT,TT,AG,CC,TT,TT,CC,TT,CC,TT,TT,GG,AA,TT,CT,AA,CC,AG,CG,GG,CG,GG,CC,TT,CT,AA,TT,AA,GG,TT,AT,CC,CC,GG,AA,AA,GG,CC,GT,AA,AA,GT,AA,AA,TT,TT,AG,TT,TT,CC,GG,TT,GG,AG,GG,CC,AA,GG,AC,AT,AG,TT,TT,GG,GT,GT,CC,AA,GG,AA,AA,CC,GG,CC,TT,CT,AA,TT,GG,CC,CC,GT,CC,CT,CG,AG,AA,TT,TT,CC,AA,GG,AA,CC,GG,TT,CG,TT,AA,AC,TT,CG,GG,CC,GG,TT,GG,CT,AA,CC,CC,CC,CC,AA,TT,CC,AA,CC,CT,AA,AT,AA,AA,CG,CC,CC,GG,AA,AA,AA,CC,GG,CC,CG,AA,AA,GG,TT,GG,AA,TT,CC,AG,CC,TT,TT,TT,CG,AT,TT,TT,AA,TT,GG,CC,AA,CC,AC,AC,CC,AC,AA,GG,AG,CC,TT,CG,GG,GT,GG,AT,AA,AA,TT,AC,CG,AC,CC,CC,GG,AG,AA,GG,TT,AA,AA,CC,GG,AT,AC,AA,AA,GG,GT,AT,AA,GG,GT,TT,CC,TT,TT,NN,GG,AA,TT,AA,TT,CC,TT,AA,AC,TT,GG,AA,CG,GG,CC,AT,CC,TT,GG,TT,AA,AA,AA,GG,CC,CC,GG,CC,GG,AA,AG,CC,GT,GG,CG,CG,AA,AG,CC,AT,CC,AT,AA,CC,CC,CC,TT,AA,GG,AA,AA,AC,AA,AG,AA,GG,AA,TT,GG,AC,AG,CC,AC,CT,AA,AA,GG,GG,GG,GT,AA,AG,TT,TT,TT,AA,AT,CG,GG,AA,5.31,Moderate,Low,Premium,Early
L0619,Bengaluru Rural,Karnataka,Kharif,Red Sandy Loam,Rainfed,720,26.0,70,AA,TT,AG,AG,GG,CC,GG,TT,CG,CC,AA,CT,CC,AT,GT,GT,GG,TT,TT,AA,CC,TT,GT,CC,TT,CT,GT,TT,GG,AA,TT,CC,AA,CC,GG,CG,GG,CC,GG,AC,TT,CT,AC,TT,AA,AG,TT,TT,CC,AC,GG,AA,AA,GG,CC,TT,AA,AA,GG,AC,NN,TT,AA,AG,CT,AT,CC,GG,TT,GG,AA,GG,CC,AA,AG,AC,AA,GG,TT,TT,GG,GT,GG,CC,AT,GG,AG,AT,CC,NN,CC,GT,CC,TT,TT,GG,TT,CC,TT,CC,CC,CC,AG,AG,TT,TT,CC,AG,AA,AA,CT,GG,TT,CG,TT,AA,AA,AT,CC,GG,CG,GG,CC,GT,TT,AA,CC,CC,CC,CC,AA,TT,CC,AA,CC,CC,AA,TT,AG,AA,GG,CT,CC,GG,AA,AG,AA,NN,GG,CC,CC,AG,AA,GG,TT,GG,AA,TT,TT,GG,AC,TT,GT,TT,CC,AA,GT,TT,AA,TT,GG,CC,AA,CC,CC,CC,CG,CC,AA,GG,AA,CC,TT,CG,GG,GT,CG,AT,AA,AA,TT,CC,GG,AA,AC,CC,GG,GG,AC,GG,TT,AC,AG,CC,GG,AT,CC,AA,AT,GT,GT,TT,AA,GG,TT,AT,CG,AA,GG,AA,GG,AA,CT,AA,TT,CC,TT,AA,CC,CT,GG,AA,CC,AA,CC,TT,CT,GT,GG,TT,AA,CC,AA,GG,CC,GG,GG,CC,GG,TT,NN,CC,TT,GG,CC,CC,AA,GG,CC,AA,CG,AT,AA,AC,CC,AC,TT,AA,GG,AA,AA,AC,AA,AA,GG,AG,AA,TT,GG,AA,AA,AC,NN,TT,AA,AA,GG,AG,GG,TT,AT,AA,TT,TT,TT,AA,TT,GG,CG,AA,2.36,Susceptible,Low,Poor,Early
L0620,Bengaluru Rural,Karnataka,Kharif,Red Sandy Loam,Rainfed,720,26.0,70,AA,TT,GG,AA,GG,CC,GG,TT,CC,CC,AA,CC,GG,TT,TT,NN,GG,TT,TT,AG,CC,GT,GT,CC,TT,CT,GT,AT,GG,AA,TT,CT,AA,CC,GG,GG,GG,CC,GG,CC,TT,CC,AA,GG,AA,GG,CT,TT,CC,AA,GG,AA,AA,CG,CC,GT,AA,AC,GT,AC,GG,GT,AT,AA,TT,AT,CC,GG,TT,GT,AA,GT,AC,AA,GG,AA,AT,GG,GT,TT,GG,GG,GT,CC,AA,GG,AA,AT,CC,GG,CC,TT,CT,TT,TT,GG,CT,AC,GT,CC,CT,CG,GG,AA,TT,TT,CC,AG,GG,AA,CT,GG,TT,CC,TT,AC,AC,TT,CC,AG,CC,GG,CC,TT,CT,AA,CC,CC,CC,CC,AA,TT,CC,AA,CC,CT,AA,TT,AA,AA,GG,CT,CC,GG,AG,AA,AA,CC,GT,CC,CG,AA,AG,GG,GT,GG,AA,TT,CC,GG,AC,GT,GG,TT,CC,AT,TT,TT,AA,TT,GG,CG,AG,CC,CC,CC,GG,CC,AT,AG,AG,CC,TT,CC,GT,TT,GG,TT,AA,AA,TT,CC,GG,AA,AC,CC,GG,AG,AC,GG,TT,AA,AA,CC,GG,AA,AC,AT,TT,GT,TT,AT,AT,GG,TT,AA,CC,AT,GT,AA,GG,AA,CT,AA,TT,CC,TT,CC,CC,TT,CG,AA,CC,AA,CC,TT,TT,GT,GG,AT,AA,AC,AG,GG,CC,CC,GG,CC,GG,TT,AA,CC,GT,GG,CC,CC,AA,AA,NN,AA,CC,AA,AA,CC,CC,CC,TT,AA,GG,AA,AA,AA,AA,AG,AG,AA,AA,AT,GG,NN,AG,CC,AA,CT,AA,AA,GG,GG,GG,TT,AA,AA,TT,TT,NN,AG,AT,GG,GG,NN,3.42,Susceptible,Medium,Premium,Late
L0621,Bengaluru Rural,Karnataka,Kharif,Red Sandy Loam,Rainfed,720,26.0,70,AA,TT,GG,AG,GG,CC,GG,AT,CC,CC,AA,CC,CC,TT,GG,GT,CG,TT,TT,AA,CC,TT,GG,CC,TT,CC,TT,TT,GT,AA,TT,CC,AA,CC,GG,GG,GG,CC,GG,AC,TT,CT,AC,GT,AG,GG,TT,TT,CC,AA,GG,AT,AA,GG,CC,GT,AA,NN,GT,AA,AA,TT,TT,AG,TT,TT,CC,GG,TT,GG,AA,GG,CC,AA,AG,CC,AA,AA,TT,TT,GG,GG,GG,CC,AT,GG,AA,AA,CC,TT,AC,TT,CC,AT,TT,GG,TT,CC,GT,CC,CT,CC,GG,AA,TT,TT,CC,AA,GG,AA,CC,GG,TT,CC,TT,CC,AC,TT,CC,GG,CG,GG,CC,NN,CT,AA,CC,CC,CC,CC,AA,TT,CC,AA,CC,CC,AA,AT,AA,AT,GG,CT,CC,GG,AA,AG,AA,CC,GT,CC,CC,AA,AG,AA,GT,GG,AA,TT,TT,GG,CC,TT,GT,TT,CC,AA,GT,TT,AA,TT,GG,CG,AA,CT,CC,CC,GG,CC,AA,GG,AA,CC,TT,CG,GT,GT,GG,AT,AA,AA,TT,CC,CG,AA,CC,CC,GG,GG,AA,GG,TT,AC,AG,CC,GG,AA,CC,AA,TT,GT,TT,TT,AT,GG,GT,AA,CC,TT,TT,AA,GG,AA,CT,AA,NN,CC,TT,AA,CC,CT,CG,AG,CC,AG,CC,TT,CT,TT,GG,TT,AC,AC,AA,GG,CC,CC,GG,CC,GG,TT,AG,CC,TT,AG,CC,CC,AT,GG,CC,NN,CC,AA,AA,AC,CC,AC,AT,AA,GG,AA,AA,AA,AA,AA,AG,AG,AA,TT,GG,AC,AG,AC,AA,CT,AA,AA,CG,GG,GG,TT,AT,AG,TT,TT,TT,AA,TT,GG,GG,AA,3.89,Susceptible,Low,Premium,Late
L0622,Bengaluru Rural,Karnataka,Kharif,Red Sandy Loam,Rainfed,720,26.0,70,AA,TT,AG,AA,GG,CG,GT,AT,CC,CC,AT,CC,CG,AT,TT,NN,GG,TT,TT,AA,CG,TT,GT,CC,TT,CC,TT,TT,GG,AA,TT,TT,AG,CC,GG,CG,GG,CG,GG,CC,TT,CT,CC,GT,AG,GG,TT,AT,CC,AA,GG,NN,AA,GG,TT,TT,AA,AC,GG,AA,GG,TT,TT,AG,CT,AT,CC,NN,TT,GT,AA,GG,CC,AA,GG,AA,AA,GG,TT,TT,GG,GG,GG,CC,AA,GG,AA,AT,CC,GT,CC,TT,CT,AT,GT,GG,TT,CC,TT,CC,CC,CC,AG,AG,TT,TT,CC,AG,NN,AA,CC,GG,TT,CC,GT,AA,AA,TT,CG,GG,CC,AG,CC,TT,CT,AA,CC,NN,CC,CG,AG,TT,CC,AA,CC,CC,AA,AT,AA,AT,GG,CT,CC,GG,AA,GG,AT,CC,GT,CC,CC,AA,AA,GG,TT,AG,AC,TT,CT,GG,AA,TT,TT,CT,CC,AT,GT,TT,AA,TT,GG,CC,AA,CT,CC,CC,GG,CC,AA,GG,AA,CC,TT,CC,GG,TT,GG,TT,AA,AA,TT,CC,GG,AA,CC,CC,GG,GG,AC,GG,TT,NN,AA,CC,GG,AA,CC,AT,AA,GG,TT,TT,AT,GG,TT,AA,CC,TT,TT,AA,NN,AA,TT,AA,TT,CC,TT,AC,CC,TT,GG,AA,CC,AA,CC,AT,TT,TT,GG,TT,AA,AC,AG,GG,CC,CC,GG,CC,GG,TT,AA,CC,TT,GG,CC,CC,AA,GG,CC,AA,CC,AA,AA,CC,CC,CC,TT,AA,GG,AA,AA,AA,AA,GG,AG,AA,AA,NN,GG,CC,AG,AC,AA,TT,AA,AA,GG,GG,GG,TT,AA,AA,TT,TT,TT,AG,AT,GG,GG,AA,5.4,Susceptible,Medium,Poor,Late
L0623,Bengaluru Rural,Karnataka,Kharif,Red Sandy Loam,Rainfed,720,26.0,70,AC,TT,AG,GG,GG,CG,GT,TT,CC,CC,AA,CC,CG,TT,TT,GG,CC,TT,TT,AA,CC,TT,TT,CC,TT,CC,NN,TT,GG,AA,TT,CT,AA,CC,GG,GG,GG,CC,GG,CC,TT,TT,AA,GT,AA,GG,TT,TT,CG,CC,GG,AT,NN,GG,CT,TT,AT,AC,GT,AA,AG,TT,TT,AA,CT,NN,CC,GG,TT,GT,AA,GG,CC,AA,GG,AC,AT,GG,TT,TT,GG,GG,GG,CC,AA,GG,AA,AA,CC,GT,AC,TT,CC,TT,TT,GG,TT,CC,TT,CC,CC,CG,GG,AA,TT,TT,CC,AA,AG,AC,CC,GG,TT,CG,TT,AA,AA,TT,CC,GG,CG,AG,CC,GG,TT,AA,CC,CC,CC,CC,AA,TT,CC,AA,CC,CC,AA,TT,AA,AT,CG,CC,CC,GG,AA,GG,AA,CC,GT,CC,CC,AA,AA,GG,TT,GG,NN,GT,CT,GG,AA,TT,GT,TT,CC,TT,TT,TT,AA,TT,GG,CC,AG,CC,CC,CC,CG,CC,AT,GG,NN,CC,TT,CC,TT,TT,CG,TT,AA,AA,TT,CC,GG,AA,CC,CG,GG,GG,AC,CG,TT,AC,AA,CC,GG,AA,CC,AA,AA,GT,GT,TT,AA,GG,GT,AT,CC,AT,TT,AA,GG,AA,TT,AA,NN,CC,CT,AA,CC,TT,CG,AA,CG,AG,CC,TT,CT,GT,GG,AT,AA,AC,AA,GG,CC,CG,GG,CC,GG,TT,AA,CC,GT,GG,CC,CC,AA,AG,CC,AA,CC,AA,AA,CC,CG,CC,TT,AA,GG,AA,AC,AA,AA,AG,AG,AA,AA,TT,GG,AC,AG,AC,AC,TT,AA,AA,GG,AA,GG,TT,AA,AA,TT,TT,TT,AA,AT,GG,GG,AA,4.52,Susceptible,Low,Standard,Early
L0624,Bengaluru Rural,Karnataka,Kharif,Red Sandy Loam,Rainfed,720,26.0,70,AC,TT,AG,AG,GG,CC,GG,AT,CG,CG,AA,CT,CG,TT,TT,GG,GG,NN,TT,NN,CC,TT,GT,CT,TT,CC,TT,AT,GT,AA,CT,CC,AA,AC,GG,GG,GG,CG,GG,CC,TT,TT,AA,TT,AA,AG,TT,TT,CC,NN,GG,AA,AA,GG,CT,GG,AA,CC,GG,CC,AA,TT,AT,AA,CT,TT,CC,GG,TT,GT,AA,GT,CC,AA,AG,AC,AA,GG,GT,TT,GG,GG,GT,CC,AA,GG,AA,AA,CC,GT,CC,TT,CT,TT,GT,GG,TT,CC,GT,CC,CC,CG,AA,AA,TT,TT,CC,AA,AG,AA,CC,GG,TT,NN,TT,AA,AC,TT,CC,AG,CC,AG,CC,GT,TT,AA,CC,CC,CC,CC,AA,TT,CC,AA,CC,CC,AA,TT,AG,AA,GG,CT,NN,GG,AA,AG,AA,AC,GT,CC,CG,AG,AA,AG,TT,GG,AA,GT,TT,AG,CC,GT,TT,TT,CC,TT,GG,TT,AA,TT,GG,CC,AA,CT,CC,CC,GG,CC,AA,GG,AA,CC,TT,CG,GG,TT,NN,TT,AA,AA,TT,CC,GG,AA,CC,CC,GG,AG,AC,CG,TT,AA,AA,CG,NN,AA,CC,AA,AA,GT,GT,TT,AT,GG,GG,AA,CC,AT,GG,AA,GG,AA,TT,AA,TT,CC,TT,AA,CC,TT,GG,AG,CC,AG,CC,TT,TT,GT,CG,TT,AC,CC,AA,GG,CC,CG,GG,CC,GG,TT,AA,CC,TT,GG,CC,CC,AA,GG,CC,AA,CG,AT,AA,NN,CG,AC,TT,AA,GG,AA,AA,AA,AA,GG,AG,AG,AA,TT,GG,AA,AA,CC,AA,CC,AA,AG,GG,GG,GG,TT,AA,AA,GT,TT,TT,GG,TT,GG,GG,AA,2.71,Susceptible,Low,Premium,Early
L0625,Bengaluru Rural,Karnataka,Kharif,Red Sandy Loam,Rainfed,720,26.0,70,CC,TT,GG,AA,GG,CC,GG,TT,CC,CC,AT,CC,CC,TT,TT,GT,GG,TT,TT,AG,CC,TT,TT,CC,TT,CC,TT,TT,GG,AA,TT,CC,AA,CC,GG,CG,GG,CC,GG,CC,TT,TT,AA,TT,AG,AG,TT,AT,CC,CC,GG,AA,AA,GG,CC,TT,AA,AA,GG,AC,AA,TT,TT,AG,TT,AT,CC,GG,TT,TT,AG,GG,CC,AA,GG,AA,AT,GG,TT,TT,AG,GT,GT,CC,AA,GG,AA,AA,CC,TT,CC,TT,TT,AT,GG,GG,TT,CC,GT,CC,CC,CG,GG,AA,TT,TT,CC,AA,AA,AA,CC,GG,TT,CC,TT,AC,AC,TT,CC,AG,CC,GG,CC,GT,CT,AA,CC,CC,CC,CC,AA,TT,CC,AA,AC,CT,AA,NN,AA,AA,GG,CT,CC,GG,AA,AA,AT,CC,GG,CG,CC,AA,AA,GG,TT,AG,AC,GT,CT,GG,CC,TT,TT,TT,CC,AT,GT,TT,AA,TT,GG,CC,AG,CC,AC,CC,CG,CC,AT,GG,AA,CC,TT,CG,TT,GT,CG,AT,NN,AA,TT,AC,GG,AC,AC,CC,CG,GG,AC,GG,TT,AA,AA,CC,GG,AA,CC,AT,TT,GG,TT,AT,AT,GG,TT,AA,CG,TT,TT,AA,NN,AA,TT,AC,TT,CC,TT,AA,AC,NN,CG,AG,CG,AA,CC,TT,TT,TT,GG,TT,AA,CC,AA,GG,CC,GG,GG,CC,GG,AT,AA,CC,TT,GG,CC,CG,AA,GG,CC,AT,CC,AA,AA,CC,CC,AA,TT,AA,GG,AA,AA,AC,AC,GG,AG,AA,AA,TT,GG,AC,AA,AA,AA,TT,AA,AA,CG,GG,GG,GT,AT,AA,GT,TT,TT,AA,TT,GG,GG,AA,5.36,Susceptible,Low,Poor,Late
L0626,Bengaluru Rural,Karnataka,Kharif,Red Sandy Loam,Rainfed,720,26.0,70,AA,TT,AG,AA,GG,CC,GG,AT,CC,CC,AA,CC,CG,AT,GT,GG,CG,TT,TT,AG,CG,TT,TT,CT,AT,CC,TT,AT,GG,AA,TT,CT,AA,CC,GG,CG,GG,CC,GG,CC,TT,TT,AC,TT,AA,GG,CT,TT,CC,AC,GG,AT,AA,GG,CC,TT,AA,NN,GT,AA,AA,GG,TT,NN,CT,AT,CC,NN,TT,GG,AA,GG,CC,AA,GG,AA,AA,GG,TT,TT,AG,GG,GT,CC,AT,GG,AA,AA,CC,TT,AC,TT,CT,TT,GT,AG,CT,CC,TT,CC,NN,CC,AG,AA,AT,GT,CC,AA,AA,AA,CC,GG,TT,CC,TT,AA,AA,TT,CC,AA,CC,AG,CC,GG,TT,AG,CC,CC,CC,CC,AA,TT,AC,AA,CC,CC,AA,TT,AA,AT,GG,CT,CC,NN,AA,AA,AA,CC,GG,CC,CC,AA,AG,GG,TT,GG,AA,TT,CT,GG,AC,TT,GT,TT,CC,AA,GT,TT,AA,AT,CG,CC,AA,CC,CC,CC,CG,CC,AT,AG,AA,CC,TT,CC,TT,TT,GG,TT,AA,AA,TT,CC,GG,CC,AC,CC,GG,GG,AC,NN,CT,AA,AG,CC,GG,AT,CC,AA,TT,GT,TT,AA,AT,CG,GG,AA,CC,TT,TT,AT,GG,AA,CT,AA,TT,CG,TT,AA,CC,TT,CG,AG,CC,AA,CC,TT,CT,GT,GG,TT,AA,CC,AA,GG,CC,CG,GG,CG,GG,TT,AA,CC,GT,GG,CG,CC,AA,GG,CG,AA,CC,AA,AA,AC,CC,AC,AT,AA,CG,AA,AA,AC,AA,AG,AG,AG,AA,AT,GG,AA,AA,CC,AA,TT,AA,AA,GG,GG,CG,GT,AT,AA,TT,TT,AT,AA,TT,GG,GG,AA,6.55,Susceptible,Medium,Standard,Late
L0627,Bengaluru Rural,Karnataka,Kharif,Red Sandy Loam,Rainfed,720,26.0,70,NN,TT,GG,AG,GG,CC,GG,TT,CC,CC,AA,CC,CG,TT,TT,GG,CG,TT,TT,AA,CC,TT,GT,CT,TT,CC,TT,AT,GT,AA,TT,CC,AA,AC,GG,GG,GG,CC,GG,CC,TT,CT,AA,TT,AA,GG,TT,NN,CC,AA,GT,AA,AG,GG,CT,TT,AA,AA,GT,AC,AA,TT,AT,AA,TT,TT,CC,GG,TT,GT,AA,GG,AC,AA,GG,AC,AT,GG,TT,TT,GG,GT,GG,AC,AT,GG,AA,AA,CG,GT,CC,TT,CC,TT,GT,GG,TT,CC,GT,CC,CC,CG,AG,AA,TT,TT,CC,AA,GG,AA,CC,GG,TT,CC,TT,AC,AA,TT,CC,AG,GG,AG,CC,GG,TT,AG,CC,CC,CC,CC,AA,TT,CC,AA,CC,CC,AA,AT,AA,TT,GG,CC,CC,GG,AA,GG,AA,AC,GT,CC,CC,AG,AG,AG,GT,AG,AA,TT,CT,GG,AC,TT,GT,TT,CC,AA,TT,TT,AA,TT,GG,CC,GG,TT,CC,AC,CG,CC,NN,GG,AA,CC,TT,CC,TT,TT,CG,AT,AA,AA,TT,CC,GG,AA,CC,CC,GG,GG,AA,CG,TT,AC,AA,CC,GG,AA,CC,AA,TT,GT,TT,AT,AA,GG,GG,AA,CG,AT,TT,AA,GG,AA,CC,AA,TT,CC,TT,AA,CC,CT,GG,AG,CC,AA,CC,TT,TT,TT,GG,TT,AA,CC,AG,GG,CC,GG,GG,CG,GG,AT,AA,CG,GT,GG,CC,CC,AA,GG,CC,AA,CC,AT,AA,CC,CC,AC,AT,AA,GG,AA,AA,AC,AA,GG,AA,AA,AA,TT,GG,AA,AG,CC,AC,TT,AA,AA,GG,GG,GG,TT,AA,AA,TT,TT,TT,AG,NN,GG,GG,AA,3.26,Susceptible,High,Standard,Late
L0628,Bengaluru Rural,Karnataka,Kharif,Red Sandy Loam,Rainfed,720,26.0,70,AA,TT,GG,GG,CG,CC,GG,TT,CC,CG,AA,CT,CG,TT,TT,GT,CG,TT,TT,AA,CC,TT,GT,CC,TT,CC,TT,TT,GG,AA,TT,CC,AA,CC,GG,GG,GG,CC,GG,CC,TT,TT,AA,NN,AA,AA,TT,TT,CC,AC,GG,AA,AG,GG,CC,GT,AT,AA,GT,AC,AG,TT,AT,AG,TT,AT,CC,GG,TT,TT,AA,GG,CC,AA,GG,AA,TT,GG,TT,TT,AG,GG,GG,CC,AA,GG,AA,AT,CC,TT,AC,TT,CC,TT,NN,GG,TT,CC,GT,CC,CT,CG,GG,AA,AT,TT,CC,AA,AA,AC,CC,GG,TT,CC,TT,AA,AA,TT,CC,AG,CC,GG,CC,GG,TT,AA,CC,CC,CC,CC,AA,TT,CC,AA,NN,CT,AA,TT,AA,AA,GG,CC,CC,GG,AA,AG,AA,CC,GG,CC,CC,AA,AA,GG,TT,GG,AA,GT,TT,GG,AC,TT,GG,TT,CC,TT,GG,TT,AA,TT,GG,CC,AA,CC,CC,CC,GG,CC,AA,AG,GG,AC,TT,CC,GG,TT,GG,TT,AA,AA,TT,CC,GG,AA,CC,NN,GG,GG,CC,CG,TT,AA,AG,CC,GG,AT,CC,AA,AA,GG,TT,TT,AT,CG,GT,AA,NN,AT,GT,AA,GG,AA,CT,AA,TT,CC,TT,AC,CC,TT,GG,AG,CC,AG,CC,TT,CT,NN,GG,TT,AC,AC,AA,GG,CC,CC,GG,CC,GG,AT,AA,CC,TT,GG,CC,CG,AA,GG,CC,AA,CC,AA,AA,AA,CG,AA,TT,AG,GG,AA,AC,AA,AA,GG,GG,AA,AA,TT,GG,AA,AG,AA,AC,CT,AA,AA,GG,GG,CG,GT,AA,AA,GT,TT,NN,AG,AT,GG,GG,AA,5.16,Moderate,Low,Poor,Medium
L0629,Bengaluru Rural,Karnataka,Kharif,Red Sandy Loam,Rainfed,720,26.0,70,AA,CT,GG,AA,GG,CG,GT,AT,CC,GG,AA,TT,CC,TT,TT,GG,GG,TT,TT,AA,CC,TT,TT,CC,TT,CT,GT,TT,GG,AC,TT,CC,AA,CC,GG,GG,GG,GG,GG,CC,TT,TT,AA,TT,AG,GG,NN,AT,CC,AC,GT,AA,AG,GG,CC,TT,AT,AA,GT,AC,AA,GT,TT,AG,TT,TT,CC,GG,TT,GT,AA,GT,CC,AA,AA,AA,AA,GG,TT,TT,GG,GG,NN,CC,AA,GG,AA,AA,CC,TT,CC,TT,TT,TT,GT,GG,TT,CC,GT,CC,CC,CG,AA,AA,TT,TT,CC,AA,AG,AA,CT,GG,TT,CC,TT,AA,AA,TT,GG,AA,CC,AG,CC,GG,TT,AA,CC,CC,CC,CC,AA,NN,AC,AA,CC,CC,AA,AT,AA,AA,CG,CC,CC,GG,AG,AG,AA,CC,GT,CC,CC,AA,AA,AG,GT,GG,AC,GT,CC,AG,CC,TT,GT,TT,CC,AT,TT,TT,AA,TT,GG,CC,AA,CC,CC,CC,CC,AC,AA,GG,AA,AC,TT,CC,GG,TT,GG,AA,AA,AA,GT,CC,GG,AA,CC,CG,GG,GG,AC,GG,TT,AC,AA,CC,GT,AA,CC,AA,AT,GG,TT,TT,AT,GG,GT,AA,CC,TT,TT,AA,GG,AA,TT,AA,TT,CG,CT,AC,AC,TT,GG,GG,CG,AG,AC,AT,CT,GT,GG,TT,AA,AC,AA,GG,CC,CG,GG,CC,GG,AT,AA,CC,TT,GG,CC,NN,AT,GG,CC,AA,CC,AA,AG,AA,CC,CC,AT,AA,GG,AA,AA,AA,AA,GG,AG,AA,AA,AT,CG,AA,AA,AC,AA,TT,AA,AA,GG,GG,GG,TT,AA,AA,TT,TT,TT,AG,TT,GG,GG,AA,2.06,Susceptible,Medium,Premium,Early
L0630,Bengaluru Rural,Karnataka,Kharif,Red Sandy Loam,Rainfed,720,26.0,70,AA,TT,GG,AA,GG,CC,GT,TT,CC,CC,AA,CC,CC,AT,TT,NN,GG,AT,TT,AA,CC,TT,TT,CT,TT,CT,TT,NN,GG,AA,NN,CC,AA,CC,GG,CG,GG,CG,GG,CC,TT,CT,AA,GT,AA,GG,TT,AT,CC,CC,GG,AA,AA,CG,CC,TT,AA,AA,GG,AC,AG,TT,TT,AG,TT,TT,CC,GG,TT,GG,AA,GG,CC,AA,GG,AA,AA,GG,TT,TT,GG,GT,GG,CC,AA,GG,AG,AT,CC,TT,CC,TT,CT,TT,TT,GG,TT,CC,TT,CC,CC,CG,GG,AA,TT,TT,CC,AA,AA,AC,CT,GG,TT,CC,TT,AC,AC,TT,CC,AA,CC,AG,CC,GT,TT,AA,CC,CC,CC,NN,AA,TT,CC,AA,CC,CC,AA,TT,AA,AA,CG,CC,CG,GG,AA,GG,AT,CC,GG,CC,CC,AA,AG,AG,GT,GG,AA,TT,CT,GG,CC,TT,TT,TT,CC,AA,TT,TT,AA,AT,GG,CC,AA,CT,CC,AC,CG,CC,AA,GG,AA,CC,TT,CG,GG,TT,CG,TT,AG,AA,TT,CC,GG,AA,CC,CC,GG,GG,AA,GG,TT,AC,AG,CC,GG,AA,CC,AA,AT,GG,TT,TT,AT,GG,TT,AA,CG,AT,TT,AA,GG,AA,CT,AA,TT,CC,CT,AA,CC,TT,GG,AG,CC,AA,CC,TT,TT,TT,GG,TT,AA,AC,AG,GG,CC,CC,GG,CC,GG,AT,AA,NN,GT,GG,CC,CC,AA,GG,CC,AA,CC,AA,AA,AC,CC,AA,TT,AA,CG,AA,AC,AC,AA,AG,AG,AA,AA,TT,GG,AA,GG,CC,AA,CT,AA,AA,GG,GG,GG,TT,AA,AA,TT,TT,TT,AG,TT,GG,GG,AA,4.2,Susceptible,High,Premium,Medium
L0631,Bengaluru Rural,Karnataka,Kharif,Red Sandy Loam,Rainfed,720,26.0,70,CC,CT,GG,AA,GG,CC,GG,TT,CC,CC,AA,CC,CG,TT,TT,GG,CG,TT,TT,AG,GG,TT,GT,CC,TT,CC,TT,TT,GG,AA,CT,CC,AA,CC,GG,GG,GG,CC,GG,CC,TT,TT,AA,GT,AA,AA,TT,TT,CC,AC,GG,AT,AA,GG,CT,TT,AA,AA,NN,AA,AA,TT,AT,AA,CT,AT,CC,GG,TT,GG,AG,GG,CC,AA,AG,AC,AA,GG,TT,TT,GG,GT,GG,CC,AT,GG,AA,AA,CC,GG,CC,TT,TT,TT,TT,GG,CT,CC,TT,CC,CC,CG,AG,AA,AT,TT,CC,AA,AA,AC,CC,GG,TT,GG,TT,AA,AA,AT,CG,GG,CG,NN,CC,TT,TT,AA,CC,CC,CC,CC,AA,GT,CC,AA,CC,CC,AA,TT,AG,AA,CG,CC,CC,GG,AA,AG,AA,CC,GT,CC,CC,AA,AA,GG,TT,GG,AA,TT,CC,GG,AA,GT,TT,TT,CG,AT,TT,CT,AA,TT,GG,CC,AG,CC,CC,CC,GG,CC,AA,GG,AG,CC,TT,CC,GG,GT,GG,TT,AA,AA,TT,AC,GG,AA,AA,CC,GG,GG,AA,GG,TT,AA,AA,CC,GG,AT,CC,AA,AT,GG,TT,AT,AT,CG,GG,AA,CC,TT,GT,AA,GG,AA,CT,AA,TT,CC,TT,NN,CC,TT,GG,AG,CC,GG,CC,TT,CT,GG,GG,AT,AA,AC,AA,GT,CC,CG,GG,CC,GG,AT,AA,CC,TT,GG,CC,CC,AT,GG,CC,AA,CG,AT,AA,CC,CG,AC,TT,AA,GG,AA,AA,AC,AA,GG,GG,AA,AA,AT,GG,AA,AA,AC,AA,CT,AA,AG,GG,GG,GG,GT,AA,AA,GT,TT,TT,NN,AT,GG,GG,AA,4.79,Moderate,Low,Poor,Late
L0632,Bengaluru Rural,Karnataka,Kharif,Red Sandy Loam,Rainfed,720,26.0,70,AA,TT,GG,AG,CG,CG,GT,TT,CC,CG,AA,CT,CC,TT,TT,GT,GG,TT,TT,AA,CG,GG,TT,CC,TT,CC,GT,AT,GG,AA,TT,CC,AA,CC,GG,GG,GG,CG,GG,CC,TT,CC,AA,TT,AA,GG,CT,TT,CC,AA,GT,TT,AA,GG,CC,TT,AA,CC,GG,AA,AG,TT,TT,AA,TT,TT,CC,GG,TT,GG,AA,GG,NN,AA,GG,AC,AT,GG,GT,TT,AG,GG,GG,CC,AT,GG,AG,AT,CC,GT,AC,TT,CC,TT,TT,GG,TT,CC,TT,CC,CC,CC,AG,AA,TT,GT,CC,AG,AA,AA,CC,GG,TT,CC,GT,AA,AA,TT,GG,GG,CC,GG,CT,GG,CT,AA,CC,CC,CC,CG,AA,TT,AC,AA,CC,CT,AA,TT,AG,AA,GG,CT,CC,GG,AA,AA,AA,CC,GG,CC,CC,AA,AA,GG,GT,GG,AA,TT,CC,GG,AC,TT,GT,TT,CC,AA,TT,TT,AA,AT,NN,CC,AA,CC,CC,CC,GG,CC,AA,GG,AG,CC,TT,CG,GT,TT,NN,AA,AA,AG,TT,CC,GG,AA,CC,CC,CC,AA,AC,GG,TT,NN,AA,CC,GG,AT,CC,AA,AT,GG,GT,TT,TT,CG,GG,AT,CG,AT,GG,AA,GG,AA,TT,AA,TT,CC,CT,AC,CC,CT,CG,AA,CG,AG,CC,AT,TT,GT,GG,TT,AA,CC,GG,GG,CC,GG,GG,CC,GG,TT,AA,CC,GT,GG,CC,GG,AA,GG,CG,AA,CC,AA,AA,AA,CC,CC,TT,AA,GG,AA,AC,AA,AC,AG,AG,AG,AA,TT,GG,AA,AG,CC,AA,CC,AG,AA,GG,GG,GG,TT,AA,AA,TT,TT,TT,GG,TT,GG,GG,AA,3.53,Susceptible,Low,Standard,Early
L0633,Bengaluru Rural,Karnataka,Kharif,Red Sandy Loam,Rainfed,720,26.0,70,AA,CT,AG,GG,GG,CC,GG,TT,CC,CC,AA,CC,CC,TT,TT,GG,GG,TT,TT,AG,CG,TT,GT,CC,TT,CC,GT,AT,GG,AA,TT,TT,AA,CC,GG,GG,GG,CG,GG,CC,TT,CT,AC,TT,AA,GG,TT,TT,CC,AC,GG,AA,AG,GG,CC,GT,AA,AC,GT,AC,AA,TT,AT,GG,TT,TT,CC,GG,TT,GT,AG,GG,CC,AA,GG,CC,AA,GG,TT,TT,GG,GG,TT,CC,TT,GG,AA,AA,CC,TT,CC,TT,CT,TT,GT,NN,TT,CC,GT,CT,CC,CG,GG,AA,TT,GT,CC,AA,AG,AA,CC,GG,TT,CC,GT,AA,AC,TT,CC,AG,CC,GG,CC,GG,CT,AA,CT,CC,CC,CC,AG,TT,AC,AA,CC,CC,AA,TT,AA,AA,GG,CC,CC,GG,AA,AG,AA,CC,GG,CC,CC,AG,AG,AG,GT,GG,AA,TT,CT,AG,AC,TT,GT,TT,CG,AT,GT,TT,AT,TT,CG,CC,AG,CT,CC,CC,GG,CC,AA,GG,AA,CC,TT,CC,GT,TT,GG,AT,AA,AA,TT,CC,GG,AA,CC,CC,GG,GG,AA,GG,NN,AA,AA,CC,GG,AA,CC,AT,AT,GG,TT,AT,AA,CG,GT,AT,CC,TT,GT,AA,GG,AA,CC,AC,TT,CC,TT,AC,CC,TT,GG,AA,CC,GG,CC,TT,TT,GT,GG,TT,AC,AC,AA,GG,CC,GG,GG,CC,GG,AA,AA,CC,GG,GG,CC,CC,AT,GG,CC,AA,CC,AT,AA,CC,CC,AC,TT,AA,GG,AA,AA,AC,AA,GG,AA,AA,AA,TT,GG,AA,AA,AC,NN,CT,AA,AA,CG,GG,GG,TT,AT,AG,TT,TT,TT,AG,AA,GG,GG,AA,3.25,Susceptible,Medium,Standard,Early
L0634,Bengaluru Rural,Karnataka,Kharif,Red Sandy Loam,Rainfed,720,26.0,70,AC,TT,AG,AG,GG,CC,GT,TT,CC,CG,AA,CC,GG,TT,TT,GG,GG,TT,TT,AA,CC,TT,GT,CC,TT,CC,GT,TT,GG,AA,TT,CT,AA,CC,GG,GG,GG,CC,GG,CC,TT,TT,AA,GT,AA,AG,TT,TT,CC,AC,GT,AA,AG,GG,TT,TT,AA,AC,GG,AA,AA,TT,TT,AA,TT,TT,CT,GG,TT,GG,AA,GG,CC,AA,AG,CC,AT,GG,TT,TT,GG,GG,GG,CC,AA,GG,NN,AA,CC,GG,CC,TT,NN,TT,TT,GG,CT,CC,GG,CC,CC,CC,GG,AA,AT,TT,CC,AA,AG,AA,CC,GG,TT,NN,TT,AA,AA,TT,CC,AG,CC,GG,CT,GG,CC,AA,CT,CC,CC,CC,AA,TT,AC,AC,CC,CC,AA,TT,AA,AT,GG,CC,CC,GG,AA,AG,AA,CC,GT,CC,CC,AA,AA,GG,GG,GG,AA,NN,CT,GG,AC,TT,TT,CT,CG,AA,GT,TT,AA,TT,CG,CG,GG,CT,CC,CC,GG,CC,AA,GG,AA,CC,GT,CC,GT,TT,GG,AA,NN,AA,TT,CC,CG,AA,CC,CC,GG,GG,CC,GG,TT,AC,AG,CC,GG,AA,AC,AT,AT,GG,TT,TT,TT,GG,TT,AT,CG,TT,TT,AA,GG,AA,TT,AA,TT,CC,TT,AA,CC,TT,CG,AG,CC,AA,CC,TT,TT,GT,GG,TT,AA,AC,AA,NN,CC,CC,GG,CC,GG,TT,AG,CG,TT,AG,CC,CC,AT,GG,CG,AA,CC,AT,AA,AA,CC,AC,TT,AA,GG,AA,AA,AA,AA,GG,AG,AA,AA,AT,GG,AA,AA,AC,AC,CC,AA,AA,GG,GG,GG,TT,AA,AA,TT,TT,TT,AG,TT,GG,GG,AA,4.01,Susceptible,Low,Poor,Medium
L0635,Bengaluru Rural,Karnataka,Kharif,Red Sandy Loam,Rainfed,720,26.0,70,AC,TT,AG,AA,GG,CC,GG,TT,CC,GG,AA,CC,CC,TT,TT,GG,GG,AT,TT,AA,CC,GT,GT,CC,TT,CC,TT,TT,GT,AA,TT,CT,AA,CC,GG,GG,GG,GG,GG,CC,TT,TT,CC,GT,AA,GG,TT,TT,CC,AC,GT,AT,AA,GG,CC,GT,AA,AA,GT,AA,AA,GT,TT,AA,CT,TT,CC,GG,TT,GT,AG,GT,CC,AG,GG,AC,AT,GG,TT,TT,GG,GT,GG,CC,AA,GG,AA,AA,CC,TT,CC,TT,CC,TT,GT,GG,TT,CC,GT,CC,CC,CG,GG,AA,TT,TT,CC,AA,AG,AA,CC,GG,TT,CC,GT,AC,AC,NN,CG,AG,CC,GG,CC,GG,CT,AG,CC,CC,CC,CC,AA,TT,CC,AA,CC,CT,AA,AT,AG,AT,NN,CT,CC,GG,AA,AA,AA,AC,GG,CC,CC,AG,AA,AG,TT,GG,NN,TT,CT,GG,CC,GT,TT,TT,CG,AA,TT,CT,AT,TT,CG,CC,AG,CC,CC,CC,CG,CC,AA,AG,AA,CC,TT,CC,GG,TT,GG,TT,AA,AA,TT,CC,GG,AA,CC,CC,GG,GG,AC,GG,TT,AA,AA,CC,GG,AA,CC,AA,AA,GG,GT,AT,AA,GG,GT,AA,CC,TT,GT,AA,GG,AA,CT,AA,AT,CC,TT,AC,CC,TT,GG,GG,CC,AA,AC,TT,TT,GT,GG,TT,AA,AA,AG,GG,CC,CC,GG,CC,GG,TT,AG,CC,GT,GG,CG,CC,AA,GG,CC,AA,CC,AA,AG,CC,CC,CC,TT,AA,CG,AA,AA,AC,AA,AG,NN,AA,AA,TT,GG,AA,AG,AC,AA,TT,AA,AA,CG,GG,GG,TT,AA,AG,TT,TT,TT,AG,AT,GG,CG,AA,4.63,Susceptible,Low,Premium,Early
L0636,Bengaluru Rural,Karnataka,Kharif,Red Sandy Loam,Rainfed,720,26.0,70,AC,CT,GG,AG,GG,CC,GG,TT,CC,CG,AA,CC,CC,AT,TT,GG,GG,TT,TT,AG,CC,TT,TT,CT,AT,CC,TT,TT,GG,AA,TT,CC,AG,CC,GG,CG,GG,CC,GG,CC,TT,CC,AA,TT,NN,AG,TT,TT,NN,AC,GG,AA,AG,GG,CC,TT,AA,AA,GT,AC,AA,TT,AT,AA,TT,TT,CC,GG,TT,GT,AA,GG,CC,AA,AA,CC,AT,GG,GT,TT,GG,GG,GG,CC,AT,GG,AA,AA,CC,TT,CC,TT,CT,TT,TT,AG,TT,CC,TT,CC,CC,CC,GG,AA,TT,TT,CC,AA,AG,AA,CC,GG,TT,CC,TT,AC,AA,TT,CC,GG,CG,AG,CC,GG,TT,AA,CT,CC,CC,CC,AA,TT,CC,AA,CC,CC,AG,TT,AA,AA,GG,CC,CC,GG,AA,GG,AA,CC,GG,CC,CC,AG,AA,GG,GT,AG,AA,GG,TT,GG,AC,GG,TT,TT,CG,AT,TT,TT,AT,NN,GG,CC,AG,CT,CC,CC,GG,CC,AA,GG,AA,CC,TT,CC,GG,TT,GG,AT,AA,AA,TT,CC,GG,AA,CC,CC,GG,GG,CC,GG,TT,AA,AA,CC,GG,AT,CC,AA,AT,GT,TT,TT,AT,NN,GT,AA,CC,TT,TT,AA,GG,AG,TT,AA,TT,CC,TT,AC,CC,TT,CG,AG,CC,AG,CC,AT,CT,TT,GG,TT,AA,AC,AG,GG,CC,GG,GG,CC,GG,TT,AA,CC,TT,AG,NN,CC,AT,AG,CC,NN,CC,AA,AA,AC,CC,AC,TT,AA,GG,AA,AA,AC,AA,AG,AG,AA,AA,AT,GG,AC,GG,AC,AC,CT,AG,AA,GG,GG,CG,TT,AA,AA,GT,TT,TT,AG,TT,GG,GG,AA,3.14,Susceptible,High,Poor,Early
L0637,Bengaluru Rural,Karnataka,Kharif,Red Sandy Loam,Rainfed,720,26.0,70,AA,TT,AG,AG,CG,CG,GT,TT,CC,GG,AA,CC,CG,AT,TT,GG,CG,TT,TT,AA,CC,GT,GG,CC,AT,CC,TT,TT,GG,AA,TT,CC,AG,CC,AG,GG,GG,CC,GG,CC,TT,CT,AA,TT,AG,AG,TT,TT,CC,AC,GG,AA,AA,GG,CC,TT,AT,AA,TT,AC,NN,TT,TT,AA,TT,AA,CC,GG,TT,GT,AG,GG,CC,AA,AG,AA,AT,GG,TT,TT,GG,GG,GG,CC,AT,GG,AA,AA,CC,TT,AC,TT,CT,TT,GG,GG,TT,AC,GT,CC,CT,CC,AG,AA,TT,TT,CC,AA,AA,AA,CC,GG,TT,CC,TT,AA,AC,TT,CC,AG,CC,GG,CC,GG,TT,AG,CC,CC,CC,CG,AG,GT,CC,AA,CC,CT,AA,TT,AA,AT,CG,CC,CC,GG,AA,AA,AA,AC,GG,CC,CC,AA,AA,GG,TT,AG,AA,TT,CT,GG,CC,TT,GT,TT,CC,AA,TT,TT,AT,TT,GG,NN,AA,CT,CC,CC,CG,AC,AA,GG,AG,CC,TT,CC,TT,TT,GG,TT,AG,AG,NN,CC,GG,CC,CC,CC,NN,GG,AC,GG,TT,AA,AA,CG,GG,AA,AC,AA,AT,GG,TT,TT,AA,GG,TT,TT,CC,AT,GT,AA,GG,AA,TT,AA,TT,CC,TT,NN,CC,TT,CC,AA,CG,AG,AC,TT,CT,GT,GG,TT,AC,CC,AG,GG,CC,CC,GG,CC,GG,AT,AA,CG,GT,GG,CC,CC,AA,GG,CC,AA,CC,AA,AA,AA,CG,CC,TT,AA,GG,AT,AA,AC,AA,GG,AG,AA,AA,TT,GG,AC,AA,CC,AC,TT,AA,AA,CG,GG,GG,GG,AA,AA,GT,TT,TT,AG,TT,GG,GG,AA,3.92,Susceptible,High,Premium,Late
L0638,Bengaluru Rural,Karnataka,Kharif,Red Sandy Loam,Rainfed,720,26.0,70,AC,TT,GG,AA,GG,CC,NN,TT,CC,CG,AA,CC,CC,TT,GT,GG,GG,TT,TT,GG,CC,GT,GG,CT,TT,CC,GT,TT,GG,AA,TT,CC,AA,CC,GG,GG,GG,CG,GG,CC,TT,CC,AC,TT,AG,GG,TT,AT,CC,AA,GG,AA,AA,GG,CC,GT,AA,AA,TT,AC,AA,TT,TT,AG,CT,AT,CC,GG,TT,GG,AG,GG,CC,AA,AG,AA,NN,AG,GT,TT,GG,GG,GG,CC,AA,GG,AA,AA,CC,GT,AC,TT,CT,TT,GT,GG,TT,CC,TT,CC,CC,CC,GG,AA,TT,TT,CC,AG,AG,AA,CT,GG,TT,CC,TT,AC,AA,TT,CC,GG,CC,GG,CT,GT,CT,AA,CC,CC,CC,CC,AA,GT,CC,AA,CC,CC,AA,AT,AG,AA,NN,CC,CC,GG,AA,AG,AA,CC,GG,CC,CC,AG,AA,AG,TT,AG,AC,GG,TT,GG,CC,GT,GT,TT,CG,AA,GT,TT,AA,TT,GG,CC,AA,TT,CC,CC,NN,CC,AT,GG,AA,CC,TT,CC,GT,TT,CG,AT,AA,AA,TT,CC,GG,AA,AC,CC,GG,GG,AC,GG,TT,AA,AA,CG,GG,AA,CC,AA,AT,GT,TT,AT,AA,CG,GT,AA,CC,TT,TT,AA,GG,AA,TT,AC,TT,CC,TT,AA,CC,NN,CG,AG,CC,GG,AC,AT,CC,TT,GG,TT,AC,CC,AA,GG,CC,CG,GG,CC,GG,AT,AG,CC,TT,GG,CC,CC,AA,GG,CC,AA,CC,AA,AA,AC,CC,AC,AT,AA,GG,AA,AC,AC,AA,NN,GG,AA,AA,TT,GG,AA,AG,AA,AA,TT,AG,AA,GG,GG,GG,TT,AA,AA,GT,TT,TT,AA,AA,GG,GG,AA,4.8,Susceptible,High,Premium,Late
L0639,Bengaluru Rural,Karnataka,Kharif,Red Sandy Loam,Rainfed,720,26.0,70,AA,TT,GG,AA,GG,CC,GG,TT,CC,CG,AA,CC,CC,TT,GT,GT,CC,TT,TT,AG,CC,TT,TT,CC,AT,CT,GT,TT,GG,AA,TT,CC,AA,AC,GG,GG,GG,GG,GG,CC,TT,TT,AA,GT,AA,AG,TT,TT,CC,AC,GG,AA,AA,GG,CT,TT,AA,NN,GT,AC,AA,TT,TT,GG,TT,TT,CC,GG,TT,GG,AG,GG,CC,AA,GG,AC,NN,GG,TT,TT,GG,GG,GG,CC,AA,GG,AA,AA,CC,GG,CC,TT,CC,TT,TT,AG,CT,CC,GT,CC,CC,CC,AA,AA,TT,TT,CC,AA,AA,AA,CT,GG,TT,CG,TT,AA,AA,TT,GG,AG,CC,AG,CC,GG,TT,AA,CC,CC,CC,CC,AA,TT,AC,AA,CC,CC,AA,TT,AA,AA,GG,CC,CC,GG,AG,AA,AT,CC,GT,CC,CC,AA,AG,AG,GT,AG,AC,TT,TT,GG,CC,TT,TT,TT,CC,AA,TT,TT,AA,TT,CG,CC,AA,CT,CC,NN,GG,AC,AA,GG,AA,CC,NN,CG,GT,TT,GG,AA,AA,NN,GT,CC,GG,AA,AC,CC,GG,AG,AA,GG,TT,AA,AA,CC,GG,AA,NN,AA,AA,GG,TT,AA,AA,GG,GG,AA,CC,TT,TT,AA,GG,AA,TT,AA,TT,CC,TT,AA,AC,TT,CC,AG,CC,AA,CC,NN,TT,TT,GG,TT,AA,CC,AG,GG,CC,CC,GG,CC,GG,AA,AG,CG,GG,GG,CC,CC,AA,GG,CC,AA,CC,AT,AA,CC,CG,AC,TT,AA,GG,AA,AC,AC,AA,GG,AG,AA,NN,TT,GG,AC,AA,CC,AA,TT,AA,AA,GG,AG,CG,TT,AT,AA,TT,TT,TT,AG,AT,GG,GG,AA,2.58,Susceptible,High,Poor,Late
L0640,Bengaluru Rural,Karnataka,Kharif,Red Sandy Loam,Rainfed,720,26.0,70,AC,TT,AG,AA,GG,CC,GG,AT,NN,CC,AA,CC,CC,TT,TT,GG,GG,TT,TT,AG,CC,TT,GT,CT,TT,CC,TT,TT,GG,AA,TT,CT,AA,CC,GG,GG,GT,CC,GG,CC,TT,CT,AA,GT,AG,GG,TT,TT,CC,NN,GT,AA,AA,GG,CC,TT,AA,AA,TT,AA,AA,TT,TT,AA,TT,AA,CC,GG,TT,TT,GG,GG,CC,AA,GG,AC,AT,GG,TT,TT,GG,GG,GT,CC,TT,GG,AA,AT,CC,GT,AC,TT,CC,AT,TT,GG,TT,CC,TT,CC,NN,CC,GG,AA,TT,TT,CG,AA,AA,AC,CT,GG,TT,CC,GT,AC,AA,TT,CC,AA,CG,GG,CC,GT,CT,AA,CC,CC,AC,CC,AA,TT,CC,AA,CC,CT,AA,TT,AA,AA,GG,CC,CC,GG,AA,AA,AA,AC,GG,CC,CC,AG,AA,GG,TT,GG,AA,GT,TT,GG,CC,GT,TT,TT,CC,AA,TT,TT,AA,NN,GG,CC,AG,CT,CC,CC,GG,CC,AA,GG,AA,CC,TT,CC,GG,TT,GG,AA,AA,AA,TT,CC,GG,AA,AA,CC,GG,GG,AA,GG,TT,AA,AA,CC,GG,AT,CC,AA,AA,GG,TT,TT,AT,GG,GG,TT,NN,AT,TT,AT,GG,AA,CC,AA,TT,CC,TT,AA,CC,TT,GG,AG,CG,AG,CC,AT,TT,GT,GG,TT,AA,AC,AG,GG,CC,CG,GG,CC,GG,TT,AA,CC,TT,GG,GG,CC,AA,AG,CC,AA,CC,AT,NN,AA,CC,CC,TT,NN,GG,AA,AA,AA,AA,AG,AG,AA,AA,TT,CG,AC,AG,AA,AC,TT,AA,AA,GG,GG,GG,TT,AA,AA,TT,NN,TT,GG,AT,CG,GG,AA,5.21,Susceptible,Medium,Poor,Late
L0641,Bengaluru Rural,Karnataka,Kharif,Red Sandy Loam,Rainfed,720,26.0,70,AC,TT,GG,AG,GG,CG,GT,AT,CC,CC,AA,CC,CC,TT,TT,GT,GG,TT,TT,AG,CC,TT,GT,CT,TT,CC,TT,TT,GT,AA,TT,CC,AA,AC,GG,GG,GG,CC,GG,CC,TT,TT,AC,TT,AA,AG,TT,TT,CC,AC,GG,AA,AA,GG,CC,TT,AA,AA,TT,AC,AG,TT,TT,AG,TT,AA,CC,GG,CT,GG,AA,GG,CC,AA,GG,AC,AT,GG,TT,TT,GG,GT,GG,CC,NN,GG,AG,AA,CC,GT,CC,TT,CT,TT,TT,GG,TT,CC,GT,CC,CC,CC,AA,AA,AT,GT,CC,AA,AG,AC,CC,GG,TT,CG,GT,AA,AC,TT,CC,AA,CC,GG,CC,GG,TT,AA,CC,CC,AC,CC,AG,TT,CC,AA,CC,CC,AA,TT,AA,AA,GG,CC,CC,GG,AA,AG,AA,CC,GG,CC,CC,AA,AA,AG,TT,GG,AC,TT,CT,GG,AC,GT,GT,CT,CG,AA,TT,TT,AT,AT,CG,CC,AA,CT,CC,AC,CG,AA,AA,GG,NN,CC,TT,CC,GG,TT,CG,TT,AA,AA,TT,NN,GG,AA,CC,CC,CG,GG,AC,GG,TT,AA,AA,CC,GG,AA,AA,AA,AA,GT,TT,AT,AA,CG,GT,AA,CG,TT,GT,AA,GG,AA,TT,AA,AT,CC,CT,AA,NN,CT,CG,AA,CC,AA,CC,AT,TT,GT,GG,TT,AA,AA,AA,GG,CC,CG,GG,CC,GG,TT,AA,CC,GT,GG,CC,CC,AA,GG,CC,AT,CC,AA,AA,AC,CC,CC,TT,AA,CG,AA,AA,AC,AA,AG,AA,AG,AA,TT,GG,AA,AA,CC,AA,CT,AA,AA,GG,AG,GG,TT,AA,AG,TT,TT,TT,AA,AA,GG,GG,AA,4.3,Susceptible,High,Poor,Medium
L0642,Bengaluru Rural,Karnataka,Kharif,Red Sandy Loam,Rainfed,720,26.0,70,AC,TT,GG,AG,GG,CC,GT,TT,CC,CC,AA,CC,CC,TT,TT,GT,GG,TT,TT,AA,CC,GT,TT,CC,TT,CC,TT,TT,GT,AA,TT,CT,AG,CC,GG,GG,GG,CG,GG,CC,GT,TT,AA,TT,AA,GG,TT,TT,CC,CC,NN,AA,AA,GG,CC,TT,AA,AC,GG,AC,AA,TT,AA,AG,TT,TT,CC,GG,TT,GT,AG,GG,CC,AA,GG,AC,AT,GG,TT,TT,GG,GT,GG,CC,AT,GG,AA,AA,CC,GT,CC,TT,CC,TT,TT,GG,CT,CC,GT,CT,CT,NN,AA,AA,TT,TT,CC,NN,AA,AA,CC,GG,GT,CC,GT,AA,AA,TT,NN,AG,CC,GG,CC,GG,TT,AA,CT,CC,CC,CC,AA,TT,AA,AA,CC,CC,AA,TT,AA,AA,GG,CC,CC,GG,AA,AG,AA,CC,GG,CC,CC,AA,AA,GG,TT,GG,AA,TT,CT,GG,CC,GT,TT,TT,CC,AA,TT,TT,AA,TT,CG,CC,AG,CC,CC,CC,GG,CC,AA,GG,AG,CC,TT,CG,GT,NN,CG,AT,AA,AA,TT,AC,GG,AA,AC,CC,GG,GG,AC,NN,TT,AA,AA,CC,GG,AA,AA,AA,AA,GT,TT,TT,TT,CG,GG,AT,CG,AT,TT,AA,GG,AA,CT,AC,TT,CG,TT,AA,CC,TT,GG,AG,CG,AG,CC,TT,TT,GT,GG,TT,AA,CC,AG,GT,CC,CC,GG,CC,GG,AT,AA,CG,TT,GG,CC,CC,AA,GG,CC,AT,CC,AA,AG,CC,CC,AC,TT,AA,GG,AA,AA,AC,NN,GG,AA,AA,AA,TT,GG,AA,GG,AC,AC,TT,AA,NN,GG,GG,GG,TT,AA,AG,TT,TT,TT,AG,TT,GG,GG,AA,4.2,Resistant,Low,Premium,Early
L0643,Bengaluru Rural,Karnataka,Kharif,Red Sandy Loam,Rainfed,720,26.0,70,AA,CT,GG,AG,GG,CC,GG,TT,CC,CG,AA,CT,CG,TT,GT,GG,CG,TT,TT,AA,CC,TT,GT,CT,TT,CC,TT,TT,GT,AA,TT,CT,AA,CC,AG,GG,GG,CG,GG,CC,TT,TT,AA,TT,AA,AG,TT,TT,CC,CC,GG,AT,AA,GG,CC,GT,AA,CC,GT,AA,AA,TT,NN,AG,TT,TT,CC,GG,TT,GT,AA,GT,CC,AA,GG,AA,AT,GG,TT,TT,GG,GG,GG,CC,AA,GG,AA,AA,CG,TT,CC,TT,CT,TT,TT,GG,CT,CC,GG,CC,CC,CC,AG,AA,AT,TT,CG,AA,AG,AA,CT,GG,TT,CC,TT,AC,AA,TT,CG,AG,CG,GG,CC,GG,CT,AG,CC,NN,CC,CG,AA,GT,CC,AA,CC,CC,AA,TT,AA,AA,CG,CC,CC,GG,AA,AG,AA,CC,GG,CC,NN,AA,AA,GG,GT,AG,AA,GT,CT,GG,CC,TT,GT,CT,CC,TT,GG,TT,AT,TT,CG,CC,GG,CC,CC,CC,GG,CC,AA,GG,AG,CC,TT,CG,GG,GT,CG,AT,AA,AG,TT,CC,GG,AA,CC,CC,GG,GG,AC,CG,TT,AA,AA,CC,GG,AA,CC,AA,AT,GG,TT,AT,AT,CG,TT,AA,CC,AT,GT,AA,GG,AA,TT,AA,TT,CC,CT,AA,CC,CT,GG,AG,NN,AG,AC,AT,TT,GT,GG,TT,AA,CC,AA,GG,CG,CG,GG,CC,GG,AT,AG,CG,TT,GG,CC,CC,AT,GG,CG,AA,CC,AA,AA,CC,CC,AA,AT,AA,GG,AA,AA,AC,AA,GG,GG,AG,AA,AT,GG,AC,AA,CC,AC,TT,AA,AG,GG,GG,GG,TT,AA,AA,TT,TT,TT,AA,TT,CG,GG,AA,5.3,Susceptible,Low,Standard,Medium
L0644,Bengaluru Rural,Karnataka,Kharif,Red Sandy Loam,Rainfed,720,26.0,70,AC,TT,GG,AG,GG,CC,GG,TT,CC,CG,AA,CT,CC,AT,TT,GG,CG,TT,TT,AG,CC,GT,GT,CT,TT,CC,TT,TT,GT,AA,TT,CC,AA,CC,GG,GG,GG,CC,GG,CC,TT,CT,AA,TT,AA,AG,TT,TT,CG,CC,GT,AA,AA,GG,CC,TT,AT,AA,GG,AC,AA,GT,AT,AA,TT,TT,CC,GG,TT,GG,AG,NN,CC,AA,AG,AA,AT,GG,GG,TT,GG,GG,GT,CC,AA,GG,AA,AA,CC,GG,CC,TT,CT,TT,TT,GG,TT,CC,TT,CC,CC,CC,AG,AA,TT,TT,CC,AA,AA,AC,CC,GG,TT,CC,GT,AA,NN,TT,CC,GG,CG,GG,CT,GT,CT,AG,CT,CC,CC,CC,AG,TT,AC,AA,CC,CC,AA,TT,AA,AA,GG,CC,CC,GG,AA,AA,AA,CC,NN,CC,CC,AG,AA,GG,TT,AG,AC,TT,TT,AG,AC,GT,TT,CC,CG,AA,GT,CT,AT,TT,GG,CC,AA,TT,CC,CC,GG,AC,AA,NN,AA,CC,TT,CG,TT,TT,GG,AA,AA,AA,TT,CC,GG,AA,CC,CC,GG,AG,AA,GG,TT,AA,AA,CC,GG,AA,CC,AT,AT,GT,TT,AT,AA,CG,TT,AT,CC,AA,TT,AA,GG,AA,CT,AC,TT,CC,TT,AA,CC,TT,CG,AA,CC,AG,CC,TT,CT,GT,GG,TT,AC,AA,AG,GG,CC,CG,GG,CC,GG,TT,AA,CG,TT,GG,CC,CC,AA,GG,CC,AA,CC,AT,AA,AC,CC,CC,AT,AA,CG,AA,AC,AC,AA,GG,NN,AA,AA,TT,CG,AC,AA,AC,AA,CT,AA,AA,GG,GG,GG,TT,AT,AA,GT,TT,AT,AG,AT,GG,GG,AA,2.49,Moderate,High,Poor,Medium
L0645,Bengaluru Rural,Karnataka,Kharif,Red Sandy Loam,Rainfed,720,26.0,70,AA,TT,AG,AA,GG,CG,GT,TT,CC,CC,AA,CC,CC,TT,TT,GG,GG,TT,TT,AA,CC,GT,GT,CC,TT,CC,TT,TT,GG,AA,TT,NN,AA,CC,GG,GG,GG,GG,GG,AC,TT,CT,AA,TT,AA,GG,TT,TT,CC,AA,GG,AT,AA,GG,CC,TT,AA,AA,TT,AA,AA,TT,TT,AG,TT,AT,CC,GG,TT,GG,AG,GG,CC,AA,GG,AA,AT,GG,TT,TT,GG,GT,GG,CC,AT,GG,AA,AA,CC,GT,CC,TT,CT,AT,TT,GG,CT,AC,TT,CC,CT,CG,AG,AA,AT,TT,CC,AA,AG,AA,CC,GG,TT,CC,TT,AA,AA,TT,CC,AG,CG,AA,CC,TT,CT,AA,CC,CC,CC,CG,AA,TT,CC,AA,CC,CC,AA,TT,AG,AT,GG,CC,CC,GG,AG,AG,AA,CC,GG,CC,CC,AA,AG,GG,GT,GG,AC,GT,CT,GG,CC,TT,GG,TT,CC,AT,TT,TT,AA,TT,GG,CC,AA,CC,CC,CC,GG,CC,AA,GG,GG,CC,TT,CC,GG,TT,GG,AA,AG,AG,TT,CC,CG,AA,AC,CC,GG,GG,AA,GG,TT,NN,AA,CC,GG,AA,CC,AA,AT,GG,TT,AT,AT,GG,GT,AT,CG,TT,GT,AA,GG,AA,CT,AA,TT,CG,CT,AA,CC,TT,CG,AG,CC,AA,CC,TT,CT,TT,GG,TT,AC,AC,AA,GG,CC,CG,GG,CC,GG,AT,AG,CC,GT,GG,CC,CG,AA,AG,CC,AT,CC,AA,AA,AC,CG,AC,TT,AA,GG,AA,AC,AC,AA,GG,AA,AA,AG,AT,GG,AC,AA,AC,AC,CC,AA,AG,GG,AG,GG,TT,AT,NN,TT,TT,TT,AA,TT,GG,GG,AC,6.53,Resistant,Low,Premium,Medium
L0646,Bengaluru Rural,Karnataka,Kharif,Red Sandy Loam,Rainfed,720,26.0,70,AA,TT,NN,AA,NN,CC,GG,TT,CC,CG,AA,CC,CG,TT,TT,GG,GG,TT,TT,AG,CC,GT,GG,CT,TT,CC,TT,TT,GT,AA,TT,CT,AA,CC,GG,GG,GG,CC,GG,CC,TT,CT,AA,GT,AA,GG,TT,AT,CG,CC,GG,AT,AG,GG,CC,TT,AT,AA,GT,AA,AA,TT,TT,AG,TT,TT,CC,GG,TT,GG,AG,GG,CC,AA,GG,AC,AT,GG,TT,TT,AG,GG,GG,CC,AA,GG,AA,AA,CC,GT,AC,TT,CC,AT,TT,GG,TT,AC,TT,CC,CT,CC,GG,AA,AT,TT,CG,AA,AA,AC,CT,GG,TT,CC,TT,CC,NN,TT,CC,GG,CC,AG,CC,GG,TT,AA,CT,CC,CC,CC,AA,TT,AC,AA,CC,CC,AA,TT,AG,AA,GG,CC,CC,GG,AA,AA,AA,CC,GG,CC,CC,AA,AA,GG,TT,AG,AC,TT,CT,GG,CC,GT,TT,TT,CC,AT,GT,TT,AA,TT,GG,CG,AA,CC,AC,CC,CG,CC,AA,GG,AG,CC,TT,CC,GT,TT,CG,AA,AA,AG,TT,CC,GG,AA,AC,CC,GG,GG,NN,GG,TT,AA,AA,CC,GT,AA,CC,AA,AA,GT,TT,TT,AT,GG,GG,AA,GG,AT,TT,AA,GG,AA,TT,AA,TT,CC,TT,AA,CC,TT,CG,AG,CC,AA,AC,AT,TT,TT,GG,TT,AA,AC,AA,GT,CC,CG,GG,CC,GG,AA,AA,CC,TT,AG,CG,CC,AT,AG,CG,TT,CC,AT,AA,CC,CG,AC,TT,AA,GG,AA,AA,AC,AA,AG,AG,AA,AA,TT,GG,AC,GG,AC,AC,TT,AA,AA,GG,GG,GG,TT,AA,AA,TT,TT,AT,AA,TT,GG,GG,AC,3.92,Resistant,Low,Premium,Early
L0647,Bengaluru Rural,Karnataka,Kharif,Red Sandy Loam,Rainfed,720,26.0,70,AA,CT,GG,AA,CG,CC,GG,TT,CG,CC,AT,CC,CC,AA,TT,GG,CG,TT,TT,AA,CG,TT,TT,CC,AT,CC,TT,AT,GG,AA,TT,CC,AA,CC,GG,CC,GG,CG,GG,CC,TT,TT,AA,TT,AG,AG,TT,TT,CC,AA,GG,AA,AG,CG,CC,GT,AT,AC,GG,CC,AA,TT,AT,AA,TT,AT,CC,GG,TT,GT,AA,GT,CC,AA,AG,AA,AT,AG,TT,TT,AG,GG,GG,CC,AA,GG,AA,AA,CG,GT,CC,TT,CT,TT,TT,GG,TT,CC,GT,CC,CC,CC,AA,AA,TT,TT,CC,AG,AG,AA,CC,GG,TT,CC,TT,AA,AA,TT,CC,AG,CC,GG,CC,GG,CT,AA,CC,CC,CC,CC,AA,TT,CC,AA,CC,CC,AA,TT,AA,AA,CG,CT,CG,GG,AA,GG,AA,CC,GG,CC,CC,AA,AG,GG,GT,GG,AA,TT,TT,GG,CC,GT,TT,TT,CG,AT,TT,TT,AA,AT,GG,CC,AA,TT,CC,CC,GG,AC,AA,GG,AG,CC,TT,CC,GG,TT,GG,TT,AA,AG,TT,CC,GG,AA,CC,CC,GG,GG,AA,GG,TT,AA,AA,CG,GG,AA,AC,AA,AT,GT,TT,AT,AA,CG,GG,AT,GG,TT,GT,AA,GG,AA,CT,AC,TT,CC,TT,AC,CC,CT,GG,GG,CC,AG,AC,TT,CT,TT,CG,TT,AA,CC,AA,GT,CC,CC,GG,CC,NN,AT,AA,CG,TT,AG,CC,CC,AT,GG,GG,AA,CC,AA,AA,CC,CC,AC,TT,AG,GG,AA,AA,AC,AA,AA,AA,AA,AA,AT,GG,AA,AA,AC,AA,CT,AA,AA,GG,GG,GG,TT,AA,AA,GT,TT,TT,AG,AA,GG,CG,AA,3.4,Susceptible,High,Standard,Medium
L0648,Bengaluru Rural,Karnataka,Kharif,Red Sandy Loam,Rainfed,720,26.0,70,AC,TT,GG,GG,CG,CG,GT,AT,CC,CC,AA,CC,CC,TT,TT,GG,NN,TT,TT,AG,CC,GT,GG,CC,TT,CC,TT,TT,GG,AA,TT,CC,AA,CC,GG,CC,GG,CG,GG,CC,TT,CC,AA,TT,AA,AG,TT,TT,CC,AC,GT,AT,AA,GG,CC,GT,AA,AA,GT,AA,AG,TT,AT,AG,TT,TT,CC,GG,CT,GT,AA,GG,CC,AA,GG,AC,TT,GG,TT,TT,GG,GT,GG,CC,AA,GG,AA,AA,CC,NN,CC,TT,CT,AA,TT,GG,TT,CC,NN,NN,CC,CG,AA,GG,AT,TT,CC,AA,GG,AA,CC,GG,TT,CC,GT,AA,AC,TT,CC,AA,CC,GG,CC,GG,TT,AG,CC,CC,CC,CG,AA,TT,CC,AA,CC,CC,AA,TT,AA,AT,GG,CT,CC,GG,AA,GG,AA,CC,GG,CC,CC,AG,AG,GG,TT,NN,AA,TT,CT,GG,AA,TT,GT,CT,CG,AA,NN,CT,AA,TT,GG,CC,AA,CC,CC,CC,CC,CC,AA,AG,AA,CC,TT,CC,GT,GG,GG,AT,AA,AG,TT,CC,GG,AA,CC,CC,GG,AG,AA,GG,TT,AC,AA,CC,GG,AA,CC,AA,AA,GT,TT,TT,AT,GG,TT,AA,CG,TT,TT,AA,GG,AA,CT,AA,TT,CC,TT,AA,CC,CC,CC,AG,CC,AA,CC,TT,CT,TT,GG,TT,AA,CC,AA,GG,CC,CC,GG,CC,GG,AT,AA,CC,TT,GG,CC,CC,AA,GG,GG,AA,CC,AA,AA,AC,CC,CC,TT,AA,GG,AA,AC,AA,AC,GG,AA,GG,AA,AA,CG,AA,GG,AA,AA,TT,AA,AA,GG,GG,GG,TT,AA,AA,GT,TT,TT,AG,TT,GG,GG,AA,3.58,Susceptible,Low,Poor,Early
L0649,Bengaluru Rural,Karnataka,Kharif,Red Sandy Loam,Rainfed,720,26.0,70,AA,TT,GG,AG,GG,CC,GG,TT,CC,CC,AT,CC,CC,TT,TT,GG,CG,TT,TT,AA,CG,GT,GG,CC,TT,CC,TT,TT,NN,AA,CT,CT,AA,CC,GG,GG,GG,CC,GG,CC,TT,TT,AA,GT,AA,GG,TT,AT,CC,AC,GG,AA,AA,GG,CC,TT,AA,AA,TT,AA,AG,TT,TT,AA,CT,AT,CC,GG,TT,GG,AA,GG,CC,AA,AG,AC,AT,GG,TT,TT,GG,GG,GG,CC,AA,AG,AA,AA,CG,GT,AC,TT,CT,TT,GT,GG,TT,CC,GG,NN,CT,CC,GG,AG,TT,TT,CC,AA,AG,AA,CT,GG,TT,CC,TT,AA,AC,TT,CC,AG,CC,GG,CC,GG,TT,AA,CC,CC,CC,CC,AA,TT,CC,AC,CC,CC,AA,TT,AA,AA,GG,CT,CC,AG,AA,GG,AA,AC,GT,CC,CC,AA,AG,AG,NN,AG,AC,TT,CT,GG,CC,TT,TT,CT,NN,AA,TT,CT,AT,TT,CG,CC,AA,CT,CC,AC,GG,CC,AA,GG,AA,CC,TT,CC,GT,TT,CG,TT,AA,AG,TT,CC,CG,AC,AC,CC,CG,GG,AC,GG,TT,CC,AA,CC,GG,AA,CC,AT,AT,GG,TT,TT,AA,CG,GT,TT,CC,TT,GT,AA,NN,AG,CT,AC,TT,CC,TT,AA,CC,CT,GG,AG,CC,AG,AC,AT,TT,TT,GG,TT,AA,AC,AA,GG,CC,CG,GG,CC,GG,TT,AA,CC,GT,GG,CG,CC,AA,GG,CC,AA,CC,AA,AA,CC,CC,AC,TT,AA,GG,AA,AC,AC,AA,AG,AG,AA,AA,TT,NN,AC,AG,CC,AC,CT,AA,AG,GG,GG,GG,GT,AA,AG,GT,TT,TT,AA,TT,GG,GG,AA,4.57,Susceptible,Medium,Premium,Medium
L0650,Bengaluru Rural,Karnataka,Kharif,Red Sandy Loam,Rainfed,720,26.0,70,AC,TT,AG,AA,GG,CC,GT,TT,CC,CG,AA,CC,CC,TT,TT,GG,CG,TT,TT,AG,CC,TT,TT,CC,TT,CT,TT,TT,GT,AA,TT,CT,AA,CC,GG,GG,GT,CC,GG,CC,TT,CC,AA,GT,AG,AG,CT,TT,CC,AA,GT,AT,AA,GG,CC,GT,AA,AA,GT,AC,AG,TT,TT,AG,TT,TT,CC,GG,TT,GT,AG,GG,CC,AA,AG,AA,AA,GG,GT,TT,GG,GG,GG,CC,AA,GG,AG,AA,CG,TT,CC,TT,CC,TT,TT,GG,CT,CC,TT,CC,CT,CC,GG,AA,AT,TT,CG,AA,AA,AA,CT,GG,TT,CC,TT,AC,AA,TT,CC,AG,CC,GG,CC,GG,CC,AA,CT,CG,CC,CC,AA,TT,CC,AA,CC,CC,NN,NN,AA,AA,GG,CC,CC,AG,AA,AG,AA,CC,GG,CC,CC,AA,AG,GG,TT,GG,AA,TT,TT,AG,CC,TT,TT,CC,CC,AA,GT,TT,AA,TT,GG,CC,AA,CT,AC,CC,CG,AC,AA,GG,AG,CC,TT,CC,GG,TT,GG,TT,AA,AG,TT,CC,GG,NN,CC,CC,GG,AG,AC,GG,TT,AA,AG,CC,GG,AA,CC,AA,AT,NN,GG,AT,AT,GG,TT,TT,CC,AA,TT,AA,GG,AA,TT,AA,TT,CC,TT,AA,CC,TT,CG,GG,CG,AG,CC,AT,TT,GT,GG,TT,AA,AC,AA,GG,CC,CC,GG,CG,GG,AT,AA,CC,TT,GG,CC,CG,AT,GG,CC,AA,CC,AA,AA,CC,CG,AC,TT,AA,GG,AA,AA,AC,AA,AG,AA,AA,AA,AT,CG,AC,AA,CC,AA,CT,AG,AG,GG,GG,GG,TT,AA,AA,TT,TT,TT,AG,AT,GG,GG,AC,5.1,Moderate,Medium,Poor,Early
L0651,Bengaluru Rural,Karnataka,Kharif,Red Sandy Loam,Rainfed,720,26.0,70,AA,TT,AG,AA,GG,CC,GG,TT,CC,CG,AA,CT,CC,AA,TT,GG,GG,TT,TT,AA,CG,GT,GT,CC,AT,CC,TT,TT,GG,AA,NN,CC,AA,CC,GG,CG,GG,CC,GG,CC,TT,CT,AA,TT,AA,GG,TT,AT,CC,CC,GG,AA,AA,GG,CC,TT,AA,AA,GT,AA,AA,TT,TT,AG,CT,TT,CC,NN,TT,GT,AG,GG,CC,AA,AG,AC,AT,GG,TT,TT,GG,GG,GG,CC,AA,GG,AA,AA,CC,GT,CC,TT,CC,TT,TT,GG,CT,CC,TT,CC,CC,CG,AG,AA,AT,TT,CG,AA,AA,AA,CC,GG,TT,CC,TT,AA,AA,TT,CC,AG,CG,GG,NN,GT,TT,AG,CC,CC,CC,CC,AA,GT,CC,AA,CC,CC,AA,TT,AA,AA,GG,CC,CC,GG,AA,AA,AA,CC,GT,CC,CC,AA,GG,GG,GT,AG,AC,TT,CT,GG,AC,TT,GT,TT,CC,AT,TT,TT,AA,AT,GG,CC,AG,CT,NN,CC,GG,CC,AA,GG,AG,CC,TT,CC,GT,TT,CG,AT,AA,AA,GT,AC,GG,NN,CC,CG,GG,GG,AA,GG,TT,AC,AA,CC,GG,AA,CC,AA,AA,GT,TT,TT,AA,CG,GT,AA,CC,TT,GT,AA,GG,AA,CT,AA,TT,CG,TT,NN,AC,TT,NN,AG,CC,AG,AC,TT,CT,GT,GG,TT,AA,AA,AG,GG,CC,CG,GG,CC,GG,TT,AG,CC,TT,GG,CC,CC,AA,GG,CC,AA,CC,AA,AA,CC,CC,AC,TT,AA,GG,AA,AA,AA,AA,AG,AA,AG,AA,AT,GG,AC,AG,AA,AC,CT,AA,AG,CG,GG,GG,TT,AT,AA,TT,TT,TT,AG,TT,GG,GG,AA,3.31,Susceptible,Medium,Premium,Medium
L0652,Bengaluru Rural,Karnataka,Kharif,Red Sandy Loam,Rainfed,720,26.0,70,AC,CT,AG,AG,CG,CC,GT,TT,CC,CG,AA,CT,CC,TT,TT,GG,CG,TT,TT,AA,CC,TT,GT,CC,TT,CT,TT,TT,GT,AA,TT,CC,AA,CC,GG,GG,GG,CG,GG,CC,TT,TT,AA,GT,AA,AG,TT,AT,NN,AA,GT,TT,AG,GG,CC,GT,AA,AA,GG,CC,AA,TT,AT,AG,TT,AT,CC,GG,TT,GG,AA,GG,CC,AA,GG,AA,TT,GG,TT,TT,GG,GG,GG,CC,AA,GG,AA,AA,CC,NN,CC,TT,CT,TT,TT,GG,TT,CC,TT,CC,CC,CC,GG,AA,TT,TT,CC,AA,GG,AA,TT,GT,GT,CG,TT,AA,AC,NN,CC,GG,CG,GG,CC,GG,TT,AA,CC,CC,CC,CC,AA,GT,CC,AA,CC,CT,AA,TT,AA,AA,GG,CT,CC,GG,AA,AA,AA,CC,GT,CC,CG,AG,AG,GG,NN,GG,AA,TT,CT,GG,AC,TT,TT,TT,CC,AA,TT,TT,AT,AT,GG,CC,AA,CC,AC,CC,CC,CC,AA,GG,AG,CC,TT,CC,GT,GG,GG,AT,AG,AA,TT,CC,GG,AA,CC,CC,GG,GG,AC,NN,TT,AA,AA,CC,TT,AT,CC,AA,TT,GT,TT,TT,AT,GG,GG,AT,CG,TT,TT,AA,GG,AA,CT,AA,TT,CC,CT,AC,CC,TT,CG,AG,CC,GG,CC,AT,TT,GT,GG,TT,AA,CC,AA,GG,CC,GG,GG,CC,GG,AT,AA,CC,TT,GG,CC,CG,AT,AG,CC,AA,CG,AA,NN,CC,CG,CC,TT,AA,GG,AA,AC,AA,AA,AG,AG,AA,AG,TT,CG,AA,AA,AC,CC,CT,AA,AA,CG,AG,GG,TT,AA,AA,GT,TT,TT,AA,TT,GG,CG,AA,3.31,Moderate,Low,Poor,Medium
L0653,Bengaluru Rural,Karnataka,Kharif,Red Sandy Loam,Rainfed,720,26.0,70,AC,NN,AG,AG,GG,CC,GG,AT,CC,CC,AA,CT,CG,TT,GT,GG,CG,TT,AT,AG,CG,GG,GG,CT,TT,NN,TT,TT,GT,AA,TT,CC,AA,CC,GG,CG,GG,CG,GG,CC,TT,CT,AC,TT,AA,AG,TT,TT,CC,AC,GT,AT,AA,GG,CC,TT,AA,AC,GT,AA,AA,TT,AT,AA,TT,AA,CC,GG,TT,GG,AG,GG,CC,AG,GG,AA,AA,GG,TT,TT,GG,GG,GT,CC,AT,GG,AA,AA,CC,TT,CC,TT,CT,AT,GT,GG,CT,CC,GG,CT,TT,CC,AG,AA,TT,TT,CG,AA,AA,AA,CT,GG,TT,CC,TT,AA,AA,TT,CC,AG,CC,GG,CC,GT,TT,AA,CC,CC,CC,CC,AG,TT,CC,AA,CC,CC,NN,TT,AA,AA,GG,CT,CC,GG,AG,AG,TT,CC,GG,CC,CC,AG,AG,GG,GT,NN,AC,TT,CT,GG,CC,TT,GT,TT,CC,AT,TT,TT,AA,AT,CG,CC,AG,CC,CC,AC,GG,CC,NN,GG,AG,CC,TT,CC,GT,TT,CC,TT,AA,AA,TT,CC,CG,AA,CC,CC,GG,GG,AA,GG,TT,AA,AG,CC,GG,TT,CC,AA,AT,TT,TT,TT,AT,CG,NN,AA,CC,TT,GT,AA,GG,AA,CT,AA,TT,CC,CT,AA,CC,TT,CG,AG,CG,AG,CC,TT,TT,TT,GG,TT,AA,AC,AA,GG,CC,CG,GG,CC,GG,TT,AA,CC,TT,GG,CC,CG,AA,AG,CG,AT,CG,AA,AA,AA,CG,AC,TT,AA,GG,AA,AA,AA,AA,GG,AG,AA,AA,TT,GG,AC,AA,CC,AC,CT,AA,AA,GG,GG,GG,GT,AT,AA,TT,TT,TT,AA,AT,GG,GG,AA,3.23,Susceptible,Low,Standard,Late
L0654,Bengaluru Rural,Karnataka,Kharif,Red Sandy Loam,Rainfed,720,26.0,70,AA,CT,GG,AG,GG,CC,GG,AT,CC,CG,AT,CC,GG,TT,GG,GG,GG,TT,TT,AA,CG,TT,TT,CC,TT,CC,TT,TT,GG,AA,CT,CC,NN,CC,AG,NN,GG,CG,GG,CC,TT,CT,CC,TT,AA,AG,TT,AT,CC,CC,GG,AA,AA,GG,CC,TT,AA,AC,GT,AC,AA,TT,AT,AG,CT,TT,CC,GG,TT,GT,AA,GG,CC,AA,GG,AC,TT,GG,TT,TT,GG,TT,GG,CC,TT,GG,AA,AA,CC,TT,CC,TT,CC,AT,TT,AG,TT,CC,TT,CC,CC,CG,GG,AA,AT,TT,CC,AA,AG,AC,TT,GG,TT,CC,TT,AA,AA,TT,CC,AG,CG,GG,CC,GG,CC,AG,CC,CC,CC,CC,AA,GT,CC,AA,CC,CC,AA,TT,AA,AA,GG,TT,CC,GG,AA,AG,AA,CC,GT,CC,CC,AG,AA,GG,GT,GG,AA,TT,CT,GG,CC,TT,GT,TT,CG,AT,GT,TT,AA,AT,GG,CC,AA,CT,CC,CC,CG,CC,AA,GG,AG,CC,TT,CG,GT,TT,CG,TT,AA,AA,TT,CC,GG,AC,CC,CC,GG,GG,AA,GG,TT,AC,AA,CC,GG,AA,CC,AA,AT,GT,TT,TT,AA,GG,GT,AA,CC,AT,TT,AA,GG,AA,TT,AC,TT,CC,TT,AC,CC,CT,GG,AA,CG,GG,CC,AT,CC,TT,GG,TT,AA,AC,AA,GG,CC,CC,GG,CG,GG,TT,AA,CC,TT,GG,CC,CC,AA,GG,CG,AT,CC,AA,AA,CC,CG,AA,AT,AG,GG,AA,AA,AC,AA,AG,AG,AA,AA,TT,GG,AA,AG,AC,AA,CT,AA,AA,GG,GG,CG,TT,AT,AA,GT,TT,TT,AA,AT,GG,GG,AA,1.62,Susceptible,Low,Standard,Early
L0655,Bengaluru Rural,Karnataka,Kharif,Red Sandy Loam,Rainfed,720,26.0,70,AA,TT,AG,AA,GG,CC,GG,TT,CC,GG,AA,CT,CG,TT,TT,GG,GG,TT,TT,AA,CC,TT,TT,CT,TT,CT,TT,TT,GG,AA,TT,CC,NN,CC,GG,GG,GG,CC,GT,CC,TT,TT,AC,TT,AG,AG,TT,TT,CC,AA,GT,AA,AA,GG,CT,GT,AA,CC,GT,AA,AA,TT,TT,AA,TT,AT,CC,GT,TT,GG,AG,GT,CC,AA,AG,AC,AT,GG,TT,TT,GG,GG,GG,CC,AA,GG,AA,AA,CG,GT,CC,TT,CT,TT,TT,GG,CT,CC,GT,CC,CT,CC,AG,AA,AA,TT,CC,AA,AA,AA,CC,GG,TT,CC,TT,AA,AC,TT,CG,AG,NN,GG,CC,GG,TT,AA,CC,CC,CC,CG,AA,TT,CC,AA,CC,CC,AA,TT,AG,AA,GG,CC,CC,GG,AA,AA,AA,CC,GG,CC,CC,AA,AG,GG,TT,AG,AA,TT,TT,GG,CC,GT,GT,TT,CC,AT,GG,TT,AA,TT,GG,CG,GG,CC,CC,CC,CG,CC,AA,GG,AG,CC,TT,CC,GG,GT,GG,NN,AA,AA,TT,CC,GG,AC,AC,CC,GG,GG,AC,CG,TT,AA,AG,CG,GG,AA,CC,AA,AA,GG,TT,AT,AT,GG,TT,AA,CC,TT,GT,AA,GG,AA,CT,AA,TT,CC,NN,AA,CC,TT,GG,AG,CC,AG,AC,AT,CT,GG,GG,AT,AA,AC,AA,GG,CC,CG,GG,CC,GG,AA,AA,CC,GT,GG,CC,CC,AA,GG,CC,AA,CC,AA,AA,AC,CC,CC,TT,AA,GG,AA,AC,AA,AA,GG,AA,AA,AA,AA,CG,AA,AG,AC,AA,TT,AA,AA,GG,GG,GG,GT,AA,AA,TT,TT,TT,NN,AT,GG,GG,AA,4.4,Susceptible,Low,Premium,Early
L0656,Bengaluru Rural,Karnataka,Kharif,Red Sandy Loam,Rainfed,720,26.0,70,AA,TT,GG,GG,GG,CC,GT,AT,CC,CC,AT,CT,CC,TT,TT,GG,GG,TT,TT,AA,CC,GT,GT,NN,TT,CC,TT,TT,GG,AA,CT,CC,AA,CC,GG,GG,GG,CC,GG,CC,TT,TT,AA,GT,AA,NN,TT,AT,CC,CC,GT,AA,AG,GG,CC,GT,AA,AA,GT,AA,AA,GT,NN,AA,TT,AT,CC,GG,TT,GT,AA,GT,CC,AG,GG,AC,AA,GG,TT,TT,GG,GG,GG,CC,AA,GG,AA,AA,CC,GT,AC,TT,CT,TT,TT,GG,TT,CC,GT,CC,CC,CC,GG,AA,TT,TT,CG,AA,AA,AA,CC,GG,TT,CC,GT,AA,AA,TT,CC,GG,CC,AG,CC,TT,CT,AA,CT,CC,CC,CC,AA,GT,AC,AA,CC,CT,AA,TT,AA,AT,GG,CT,CC,GG,AA,GG,AA,CC,GT,CC,CC,AA,AG,AG,TT,GG,AA,TT,CT,AG,CC,TT,GT,TT,CG,AA,TT,CC,AA,TT,GG,CC,AA,CT,NN,CC,CG,AC,AA,GG,AG,CC,TT,CC,GT,GT,GG,TT,AA,AG,NN,AC,CG,AA,CC,CC,GG,GG,AA,GG,TT,NN,AG,NN,GG,AA,CC,AA,AA,GG,TT,TT,TT,GG,GG,AA,CC,AA,TT,AA,GG,AA,TT,AA,TT,CC,TT,AA,CC,CT,GG,AA,CC,AG,CC,TT,TT,TT,GG,TT,AA,CC,AG,GG,CC,CG,GG,CC,GT,AA,AA,CC,TT,GG,CC,CG,AA,GG,CC,AA,CC,AT,AA,CC,CC,CC,TT,AA,CG,AA,AA,AC,AA,AG,AA,AA,AA,TT,CG,AA,AG,CC,AA,CT,AG,AA,GG,GG,GG,TT,AT,GG,TT,TT,TT,AA,TT,GG,CG,AA,4.66,Susceptible,High,Premium,Late
L0657,Bengaluru Rural,Karnataka,Kharif,Red Sandy Loam,Rainfed,720,26.0,70,AC,TT,GG,AG,CG,CC,GT,TT,CC,CG,AA,CT,CG,TT,TT,GG,CG,TT,TT,NN,CC,TT,TT,CC,TT,CC,TT,TT,GG,AA,TT,CT,AA,CC,GG,CG,GG,CC,GG,AC,TT,CC,AA,TT,GG,GG,TT,TT,CC,CC,GG,AA,AA,GG,CT,TT,AT,AC,GG,AA,AA,TT,AT,AA,TT,AT,CC,GG,TT,NN,AA,GG,CC,AA,GG,AA,AT,GG,TT,TT,GG,NN,GT,CC,AA,GG,AA,AT,CC,TT,CC,TT,CC,TT,TT,GG,CT,AC,GT,CC,CT,GG,AG,AA,NN,GT,CC,AA,GG,AA,CC,GG,TT,CC,TT,AA,AA,TT,CC,GG,CG,GG,CC,GT,TT,AA,CC,CC,CC,CC,AA,TT,CC,AA,CC,CC,AA,TT,AA,AA,CG,CT,CC,GG,AA,AG,AA,AC,GG,CC,CC,AA,AA,GG,TT,GG,AA,TT,TT,GG,AC,TT,TT,TT,GG,AA,GT,TT,AA,TT,GG,CC,AA,CC,CC,CC,GG,CC,AA,GG,AG,CC,TT,CC,GG,TT,GG,NN,AA,AG,TT,CC,GG,AC,CC,CC,GG,GG,AA,GG,TT,NN,AA,CC,GG,AA,CC,AA,AA,GG,GT,AA,AT,GG,TT,AA,CC,TT,GT,AA,GG,AA,TT,AA,TT,CC,TT,AA,CC,TT,GG,AA,CG,GG,CC,TT,CT,GT,GG,AT,AA,CC,AG,GG,CC,CC,GG,CC,GG,TT,AA,CG,TT,GG,CC,CC,AA,GG,CG,AA,CG,AT,AG,AC,CC,AC,TT,AA,GG,AA,AA,AA,AA,AA,AG,AG,AA,TT,GG,AA,AG,AC,AA,TT,AA,AA,GG,GG,GG,GT,AA,AA,TT,TT,TT,AA,TT,GG,NN,AA,5.18,Moderate,Low,Standard,Medium
L0658,Bengaluru Rural,Karnataka,Kharif,Red Sandy Loam,Rainfed,720,26.0,70,AA,TT,GG,AG,GG,CG,GT,TT,CC,CC,AA,CT,NN,AT,TT,GG,CG,TT,TT,AA,CC,TT,GT,CT,TT,CC,TT,TT,GG,AA,CT,CC,AA,CC,GG,GG,GG,CC,GG,AC,TT,CC,AC,TT,AA,GG,TT,TT,CC,NN,GT,AA,AG,GG,CC,TT,AA,AA,GT,NN,AA,TT,AT,AG,TT,AT,CC,GG,TT,GT,AG,GG,CC,AA,GG,AC,AT,GG,TT,TT,GG,NN,GG,CC,NN,GG,AA,AA,CC,TT,CC,TT,CC,TT,TT,GG,CT,CC,GT,CC,CT,CC,AG,AA,TT,TT,CG,AG,GG,AA,CC,GG,TT,CC,TT,AA,NN,TT,CC,AG,CC,GG,CT,GG,CT,AG,CC,CC,CC,CC,AA,TT,CC,AA,CC,CC,AA,TT,AG,AA,GG,CC,CC,GG,AG,AA,AA,CC,GG,CC,CG,AA,GG,AG,GT,GG,AC,TT,TT,AG,CC,GT,TT,TT,CG,AT,GT,TT,AA,TT,GG,CC,AG,CC,CC,CC,CG,CC,AA,GG,GG,CC,TT,CC,GG,TT,CG,TT,AA,AA,TT,CC,GG,AC,AC,CC,GG,GG,AC,GG,TT,AA,AA,CC,GT,AT,AC,AA,AA,GG,TT,AT,AT,CG,GT,AT,CG,TT,TT,AA,GG,AA,TT,AC,TT,CC,TT,AC,CC,TT,CG,AA,CC,GG,AC,TT,CT,GT,GG,TT,AA,CC,AA,GG,CC,CG,GG,CC,GG,AT,AA,CC,TT,GG,CC,CC,AA,AG,CC,AA,CC,AA,AA,CC,CC,AC,TT,NN,GG,AA,AA,AC,AA,AG,AG,AG,AA,TT,GG,AA,AA,AC,AA,TT,AG,AG,GG,GG,GG,TT,AT,AA,GT,TT,TT,AA,AA,GG,GG,AC,4.94,Resistant,Low,Premium,Medium
L0659,Bengaluru Rural,Karnataka,Kharif,Red Sandy Loam,Rainfed,720,26.0,70,AC,TT,GG,AG,GG,CC,GG,AT,CC,CC,AA,CT,CC,AT,GT,GG,GG,TT,TT,AA,CG,TT,GT,CC,AT,CC,TT,AT,GG,AA,CT,CC,AA,AC,GG,CG,GG,CC,GG,CC,TT,CT,AA,TT,AA,AG,TT,TT,CC,AC,TT,AA,AA,GG,CC,GT,AA,AA,GG,AC,AA,GT,AT,AG,TT,TT,CC,GG,CT,GT,AA,GG,CC,AA,GG,AC,TT,GG,GT,TT,GG,GT,GG,CC,AA,GG,AA,NN,CC,NN,AC,TT,CT,TT,TT,GG,TT,CC,TT,CC,CC,CC,AG,AA,TT,TT,CC,AA,AG,AA,TT,GG,TT,CC,TT,AA,AA,TT,CG,GG,CC,GG,CC,GG,TT,AA,CC,CC,CC,CC,AA,TT,CC,AA,CC,CC,AA,TT,AA,AA,GG,CC,CC,GG,AA,AA,AA,AC,NN,CC,CG,NN,AG,AG,TT,AG,AC,TT,CC,GG,AC,TT,TT,TT,CC,TT,NN,TT,AT,AT,GG,CC,AA,CT,CC,CC,GG,CC,AA,AG,AG,CC,TT,GG,TT,TT,GG,AT,AA,AA,TT,AC,GG,AC,CC,CC,GG,GG,AA,GG,TT,AC,AA,CC,GT,AA,AC,AA,AA,GG,TT,AT,AT,GG,GT,AT,CG,TT,TT,AA,GG,AA,TT,AA,TT,CC,TT,AA,CC,CT,CG,AA,CC,AG,CC,TT,TT,TT,GG,TT,AA,CC,AA,GG,CC,CC,GG,CC,GG,AT,AA,CC,GT,GG,CC,CC,AA,GG,CG,TT,CC,AA,AA,CC,CC,CC,TT,AA,NN,AA,AA,AA,AA,AG,AG,AA,AA,TT,GG,AA,AG,AC,AA,TT,AA,AA,GG,GG,GG,TT,AA,AA,TT,TT,TT,AG,AT,GG,CG,AA,3.29,Susceptible,Low,Poor,Early
L0660,Bengaluru Rural,Karnataka,Kharif,Red Sandy Loam,Rainfed,720,26.0,70,AC,TT,AG,NN,GG,CC,GG,AT,CC,CG,AA,CT,GG,TT,TT,GG,GG,AT,TT,AA,CG,GT,GG,CC,TT,CC,TT,TT,GG,AC,TT,CC,AG,CC,GG,CG,GG,CG,GG,CC,TT,TT,AA,GT,AA,GG,TT,TT,CG,AC,GG,AT,AA,GG,CT,TT,AA,AA,TT,AA,AA,TT,TT,AA,TT,TT,CC,GG,TT,GT,AG,GG,CC,AA,AG,AA,AT,GG,TT,TT,GG,GG,GG,CC,AA,GG,AA,AA,CC,GT,CC,TT,CT,AT,TT,GG,TT,AC,TT,CC,CC,CC,AG,AA,TT,GT,CC,AA,AG,AA,CT,GG,TT,CC,TT,AC,AC,TT,CG,AA,CG,AA,CC,GT,TT,AA,CT,CC,CC,NN,AA,TT,AA,AA,CC,CC,AA,TT,AA,AA,GG,CC,CC,GG,AA,AA,AA,AC,GT,CC,CC,AA,AG,GG,TT,AG,AA,TT,CT,GG,CC,GG,TT,TT,CC,AT,TT,TT,AA,TT,GG,CC,AA,CC,CC,CC,CG,CC,AA,GG,AG,CC,TT,CC,GG,TT,GG,TT,AA,AA,GT,CC,GG,AA,AC,CC,GG,AG,AA,CG,NN,AA,AG,CC,GG,AT,CC,AA,AT,GT,TT,TT,AT,GG,GG,AA,CC,AT,TT,AA,GG,AA,TT,AA,TT,CC,CT,AA,CC,TT,GG,AG,CC,AG,CC,NN,TT,TT,GG,TT,AA,CC,AA,GG,CC,CC,GG,CC,GG,TT,AA,CC,TT,GG,CC,CG,AT,GG,CC,AA,NN,AT,AA,CC,CC,AA,TT,AA,CC,AA,AC,AC,AC,AA,NN,AA,AA,TT,GG,AA,GG,AC,AA,TT,AA,AG,GG,GG,GG,TT,AA,AA,TT,TT,TT,GG,TT,GG,GG,AA,3.73,Susceptible,Medium,Premium,Medium
L0661,Bengaluru Rural,Karnataka,Kharif,Red Sandy Loam,Rainfed,720,26.0,70,AC,TT,GG,GG,GG,CC,GT,TT,CC,CC,AA,CC,CG,TT,TT,TT,GG,TT,TT,AA,CC,TT,TT,TT,TT,CC,NN,TT,GG,AA,CT,CT,AA,CC,GG,GG,GG,CG,GG,CC,TT,TT,AA,GT,AA,GG,TT,TT,CC,CC,GG,AA,AA,GG,CC,NN,AA,AA,GT,AA,AA,GT,TT,AA,TT,AT,CC,GG,TT,GT,AA,GG,CC,AA,NN,CC,AT,GG,TT,TT,GG,GG,GG,CC,AT,GG,AA,AA,CC,GT,CC,GT,CT,AA,TT,GG,TT,CC,GT,CC,CC,GG,AA,AA,TT,TT,CG,AA,AG,AA,NN,GG,TT,GG,TT,AA,AA,TT,CC,AG,CC,NN,CT,GG,TT,AA,CC,CC,CC,CC,AA,TT,AC,AA,CC,CC,AA,TT,AG,AA,GG,CC,CC,GG,AA,AG,AT,CC,GG,CC,CC,AA,GG,AG,GT,GG,AC,TT,CT,AG,AA,TT,NN,TT,CC,AT,TT,TT,AA,AT,GG,CC,AG,CC,CC,CC,GG,CC,AA,GG,GG,CC,TT,CC,GG,TT,GG,TT,AA,AA,TT,CC,CG,AA,CC,CC,GG,GG,AC,GG,TT,AC,AA,CC,GG,AA,AC,AA,AT,GG,TT,TT,AT,CG,GG,AT,CG,TT,GT,AA,GG,AA,TT,AA,TT,CG,CT,AA,CC,CC,GG,AA,CG,GG,CC,AT,TT,GT,GG,TT,AC,AC,AA,GG,CC,CG,GG,CC,GG,AT,AA,CC,TT,GG,CG,CC,AA,AG,CC,AT,CC,AT,AA,CC,CC,AC,TT,AG,GG,NN,AA,AA,AA,AG,AA,AG,AA,AT,GG,AA,AA,CC,AA,CT,AA,AA,GG,AA,GG,NN,AT,AA,TT,TT,TT,AA,TT,GG,CG,AA,3.83,Susceptible,Low,Poor,Medium
L0662,Bengaluru Rural,Karnataka,Kharif,Red Sandy Loam,Rainfed,720,26.0,70,AC,TT,AG,AG,GG,CC,GT,AA,CC,CG,AT,CC,CC,TT,GT,GG,GG,TT,TT,AG,CC,GT,GG,CC,TT,CC,TT,AT,GG,AA,TT,TT,AA,CC,GG,GG,NN,CC,GG,CC,TT,TT,AA,GT,AA,GG,TT,TT,CC,AA,GG,AA,AA,GG,CC,GT,AA,AC,GG,AA,AA,TT,AT,GG,TT,AT,CC,GG,CT,GG,AA,GT,CC,AG,GG,AA,AA,GG,TT,TT,AG,GG,GG,CC,AA,GG,AA,AA,CC,GT,CC,TT,CC,TT,GT,GG,TT,CC,GG,CC,CT,CG,GG,AA,TT,TT,CC,AA,AA,AC,CC,GG,TT,CC,GT,AA,AA,TT,CC,AG,CG,GG,CC,GG,TT,NN,CC,CC,AC,CC,AA,TT,AC,AA,CC,CC,AA,TT,AG,AA,GG,CC,CC,GG,AA,AG,AA,CC,GG,CC,CC,GG,AA,GG,TT,GG,AC,TT,CT,AG,AC,GT,TT,TT,CG,AA,TT,TT,AA,AA,CG,CC,AG,CT,CC,NN,CG,CC,AA,GG,AA,CC,TT,CG,GT,TT,GG,AA,AA,AA,TT,CC,GG,AA,CC,CC,GG,GG,AC,CG,CT,AA,AA,CG,GG,AT,CC,AA,AA,GG,GT,AT,AA,GG,TT,TT,CG,AT,TT,AA,GG,AG,CT,AA,TT,CC,CT,AA,CC,TT,CG,AA,CC,AG,CC,TT,TT,TT,GG,TT,AA,AA,AA,GG,CC,CC,GG,CC,GG,TT,AA,CG,TT,GG,CC,CC,AA,AG,CC,AA,CC,AA,AA,AC,CC,CC,TT,AA,GG,AA,AA,AA,AA,GG,GG,AG,AA,TT,GG,AA,AA,AC,AC,CT,AA,AA,GG,GG,GG,TT,AA,AA,TT,TT,TT,AG,TT,GG,GG,AA,2.36,Moderate,Medium,Poor,Early
L0663,Bengaluru Rural,Karnataka,Kharif,Red Sandy Loam,Rainfed,720,26.0,70,AC,TT,GG,AG,CG,CC,GG,TT,CC,GG,AA,CC,GG,TT,TT,GG,GG,TT,NN,AA,CC,TT,GT,CC,TT,CC,TT,TT,GG,AA,TT,CT,AG,CC,GG,GG,GG,GG,GG,CC,TT,CT,AC,TT,AA,GG,TT,TT,CC,AC,GG,AA,AA,GG,CC,TT,AA,CC,GG,AA,AA,GT,AT,AA,NN,AT,CT,GG,CT,GG,AA,GG,CC,AA,GG,AA,AA,GG,TT,TT,AG,GG,GG,CC,AA,GG,AA,AA,CC,GG,AA,TT,CT,TT,TT,GG,TT,CC,TT,CT,CT,CC,AG,AA,TT,TT,CC,AA,AG,AA,CC,GG,TT,CC,GT,AC,AC,TT,CG,GG,CC,GG,CC,GG,CT,AA,CC,CC,CC,CC,AA,TT,CC,AA,CC,CC,AA,AT,AG,AA,GG,CC,CC,GG,AA,AA,AA,CC,GG,CG,CC,AA,AG,GG,TT,GG,AC,TT,TT,GG,CC,TT,TT,TT,CG,AT,TT,TT,AA,TT,GG,CC,AA,CC,AC,CC,CC,CC,AA,GG,AG,AC,TT,CC,GT,GT,GG,TT,AG,NN,TT,CC,GG,AA,CC,CC,GG,GG,AA,GG,TT,AC,AA,CC,GG,AT,CC,NN,TT,GG,TT,TT,AA,GG,GG,AT,CC,AA,TT,AA,GG,AA,CT,AA,TT,CC,CT,AC,CC,CT,GG,GG,CC,GG,AC,TT,TT,TT,GG,TT,AA,AC,AA,GG,CC,CC,GG,CC,GG,AT,AG,CC,TT,GG,CC,CG,AA,GG,CC,AA,CC,AA,AA,CC,CG,AC,AT,AA,GG,AA,AA,AC,AA,AG,AA,AA,AA,AT,CG,AA,AA,AC,AA,CT,AA,AA,CG,GG,CG,TT,AT,AA,TT,TT,TT,AG,AT,GG,NN,AA,3.82,Susceptible,Low,Premium,Late
L0664,Bengaluru Rural,Karnataka,Kharif,Red Sandy Loam,Rainfed,720,26.0,70,CC,TT,GG,AA,GG,CC,GT,TT,CC,CC,AT,CC,CC,AT,TT,GG,GG,TT,TT,AA,CC,TT,GG,CC,TT,CC,TT,TT,GG,AA,NN,CC,AA,CC,GG,GG,GG,CC,GT,CC,TT,CT,AA,GT,AA,AG,TT,TT,CC,CC,GT,AA,AA,GG,CT,TT,AA,AA,TT,AA,AA,TT,AA,AA,TT,TT,CC,GG,TT,GT,AA,GG,CC,AG,AG,AC,AA,GG,TT,NN,GG,GG,GT,CC,TT,GG,AA,AA,CC,TT,CC,TT,CT,TT,TT,GG,TT,AC,TT,CC,CC,CC,AA,AA,AT,TT,CG,NN,AG,AA,TT,GG,TT,CC,TT,AA,AA,AT,CG,GG,CG,GG,CC,GG,TT,AA,CC,CC,AC,CC,AA,TT,CC,AA,CC,CC,AA,TT,AA,NN,CG,CC,CC,AG,AA,AA,AA,CC,GG,CC,CC,AA,AG,GG,TT,GG,AA,TT,TT,GG,CC,TT,TT,TT,CC,AT,TT,TT,AT,TT,CG,CG,AA,CT,CC,CC,CG,AC,AA,GG,AA,CC,TT,CG,GT,GT,CG,AT,AA,AA,TT,CC,GG,AA,CC,CC,GG,GG,AA,GG,TT,AA,AG,CG,NN,AA,CC,AA,AT,GG,TT,AT,AT,GG,GT,TT,CC,TT,TT,AA,GG,AA,TT,AA,TT,CC,TT,CC,CC,TT,CG,AG,CC,AG,CC,TT,TT,GT,GG,TT,AC,AC,AA,GT,CG,CC,GG,CC,GG,AT,AG,CG,TT,GG,CC,CC,AA,GG,CG,AA,CC,AA,AA,CC,CG,AC,TT,NN,GG,AA,AA,AC,AA,AG,AA,AG,AA,TT,GG,AA,AA,AC,AA,CT,AA,AG,GG,GG,GG,TT,AA,AA,TT,TT,TT,AG,TT,GG,GG,AA,2.16,Susceptible,Medium,Poor,Early
L0665,Bengaluru Rural,Karnataka,Kharif,Red Sandy Loam,Rainfed,720,26.0,70,AA,TT,AG,AG,GG,CC,NN,TT,CC,CC,TT,CC,CC,TT,GT,GT,GG,TT,TT,AA,CC,TT,TT,CC,TT,CC,GT,AT,GT,AA,TT,CC,AA,CC,GG,GG,GG,GG,GG,CC,NN,TT,AA,TT,AG,AA,TT,TT,CC,AA,GG,AA,AA,GG,CC,TT,AA,AC,TT,AC,AG,TT,AT,AG,CT,TT,CC,GG,TT,GT,GG,GG,CC,AA,GG,AC,AT,GG,TT,TT,GG,GT,GG,CC,AA,NN,AA,AT,CC,GT,CC,TT,CT,TT,TT,GG,TT,CC,TT,CC,CC,CC,GG,AA,TT,TT,CG,AA,GG,AA,CC,GT,TT,CC,TT,AA,AA,TT,CC,GG,CC,GG,CC,GG,TT,AA,CC,CC,AC,CC,AA,TT,AC,AA,CC,CC,AA,TT,AA,AT,GG,CT,CC,GG,AA,AG,AT,CC,GT,CC,CC,AG,AG,GG,TT,GG,AC,TT,TT,GG,AC,GT,GT,TT,CC,AT,TT,TT,AA,TT,GG,CC,AA,CT,AC,CC,GG,CC,AA,GG,AA,CC,TT,CC,GG,GT,GG,AA,AA,AA,TT,CC,GG,AC,CC,CC,GG,GG,AA,GG,TT,AA,AA,CC,GG,AA,CC,AA,AT,GG,TT,TT,AT,CG,GG,AT,GG,TT,TT,AA,GG,AA,CT,AA,TT,CC,TT,AA,CC,TT,CG,GG,CC,AG,AA,TT,TT,GT,GG,AT,AA,AC,NN,GG,CC,CC,GG,CC,GG,TT,AG,CC,TT,GG,CC,CC,AA,GG,CG,AA,CC,AT,AA,AC,CC,CC,AT,AA,GG,AA,AC,AA,AA,AG,AG,AA,AA,TT,GG,AA,GG,AC,AA,CT,AA,AA,GG,GG,GG,GT,AA,AG,TT,TT,TT,AG,TT,GG,GG,AA,2.22,Susceptible,Medium,Poor,Medium
L0666,Bengaluru Rural,Karnataka,Kharif,Red Sandy Loam,Rainfed,720,26.0,70,AC,TT,GG,AG,GG,CC,GG,TT,CC,CG,AA,CC,CC,AT,NN,GT,CG,TT,TT,AA,CC,TT,GT,CC,TT,CC,TT,TT,GG,AA,CT,CC,AA,CC,GG,GG,GG,CC,GG,CC,TT,CT,AA,GG,AG,GG,CC,AT,CC,AC,GT,AA,AA,GG,CT,GG,AA,AA,GT,AC,AG,TT,TT,AA,TT,AT,CC,GT,TT,GG,AA,GG,CC,AA,GG,AC,AA,GG,TT,TT,GG,GT,GG,CC,AT,GG,AA,AT,CC,TT,AC,TT,CC,TT,TT,GG,CT,CC,GT,TT,CT,CC,AG,AA,TT,TT,CC,AA,AA,AA,CT,GG,TT,CC,TT,AA,AA,TT,CC,GG,CC,GG,CT,GG,TT,AG,CC,CC,AA,CC,AA,TT,CC,AA,CC,CT,AA,TT,AA,AT,GG,CC,CC,GG,AA,AA,AA,CC,GG,CC,CG,AG,AA,AG,TT,AG,CC,GT,CT,GG,CC,TT,TT,TT,CG,AA,TT,TT,AT,TT,GG,CC,AG,CT,CC,CC,GG,CC,AA,GG,AA,CC,TT,CG,GT,TT,GG,TT,AA,AA,GG,AA,GG,AA,CC,CC,GG,GG,AA,GG,TT,AA,AA,CC,GG,AA,AC,AA,TT,GT,TT,AA,AT,CG,GT,TT,CC,TT,GT,AA,GG,AA,CT,AA,AT,CG,CC,CC,CC,TT,GG,AA,CG,AA,CC,TT,CT,GT,GG,TT,AA,CC,AG,GG,CC,CC,GG,CC,GG,AT,AA,CC,TT,GG,CC,CC,AA,GG,CC,AT,CC,AT,AA,AC,CC,CC,TT,AA,GG,AA,AA,AC,AA,AG,AG,AG,AA,TT,GG,AA,AA,AC,AA,TT,AA,AA,GG,GG,GG,TT,AT,AA,TT,TT,TT,AA,AT,GG,CG,AA,8.53,Susceptible,High,Premium,Late
L0667,Bengaluru Rural,Karnataka,Kharif,Red Sandy Loam,Rainfed,720,26.0,70,AA,TT,GG,AA,NN,CC,GT,TT,CC,CG,AA,CC,CC,TT,TT,GG,CG,AT,TT,AG,CG,GG,GT,CC,TT,CC,TT,TT,GG,AA,TT,CC,AA,CC,AG,CG,GG,CC,GG,NN,TT,CC,AC,TT,AA,GG,TT,TT,CC,AA,GT,AA,AA,GG,CC,GT,NN,AC,GT,AA,AA,TT,TT,NN,TT,AT,CC,GG,TT,GT,AA,GG,CC,AG,AG,AC,TT,GG,TT,TT,GG,GT,GT,CC,AT,GG,AA,AT,CC,TT,CC,TT,CT,TT,TT,AG,TT,CC,NN,CC,CC,CC,GG,AA,AT,TT,CC,AA,AA,CC,NN,GG,TT,CC,TT,AA,AA,TT,CC,AG,CC,GG,CC,GT,TT,AG,CC,CC,CC,CC,NN,TT,CC,AA,CC,CC,AA,TT,AA,AA,GG,CT,CG,GG,AA,AG,AA,CC,GG,CC,CC,AG,AA,GG,TT,GG,AA,TT,CT,AA,AC,TT,TT,TT,CG,AA,GT,TT,AA,TT,GG,CC,AA,TT,CC,CC,CG,CC,NN,GG,AG,CC,TT,CG,GT,TT,GG,AA,AA,AA,GT,CC,GG,AA,CC,CC,GG,GG,AC,GG,TT,AC,AA,CG,GT,AT,AC,AA,AT,GT,TT,AT,AA,CG,GG,AA,CC,TT,TT,AA,GG,AA,TT,AA,TT,CC,TT,AA,CC,TT,CG,AG,CC,AG,AC,TT,CT,GT,GG,TT,AA,CC,AA,GG,CC,CC,GG,CC,GG,AT,AG,CC,GG,GG,CC,CC,AA,GG,CC,AA,CC,AA,AA,AC,CC,AC,TT,AA,GG,AA,AA,AA,AA,AG,GG,AA,AA,AT,GG,AA,AA,AC,AA,CT,AA,AA,GG,GG,GG,TT,AA,AA,GT,TT,TT,AG,AT,GG,GG,AA,4.57,Susceptible,High,Premium,Late
L0668,Bengaluru Rural,Karnataka,Kharif,Red Sandy Loam,Rainfed,720,26.0,70,AC,TT,GG,AA,GG,CG,GG,TT,CC,GG,AA,CC,GG,AT,GT,GG,NN,TT,TT,AA,CC,GT,NN,CC,TT,CT,TT,TT,GG,AA,TT,CC,AA,CC,NN,CG,NN,CG,GG,CC,NN,NN,AA,TT,AA,GG,CT,TT,CC,AC,GT,AA,AA,GG,CT,TT,AT,AA,GT,AA,AG,TT,TT,AA,CT,TT,CC,GG,TT,GT,NN,GG,CC,AA,GG,AC,AA,GG,TT,TT,GG,GG,GG,CC,AA,GG,AA,AT,CC,TT,CC,TT,CC,AT,TT,GG,CT,CC,TT,CC,CC,CC,AG,AA,AT,TT,CC,AG,AA,AA,CC,GG,TT,GG,TT,AA,AA,TT,CG,AG,CC,GG,CT,TT,TT,AA,CC,CC,CC,CC,AA,TT,CC,AA,CC,CC,AA,AT,AG,AA,CG,CC,CC,GG,AA,AA,AA,CC,GT,CC,CC,AG,AG,GG,TT,GG,AA,TT,TT,GG,CC,GT,GT,TT,CG,AA,TT,TT,AA,TT,GG,CC,AG,CC,CC,CC,GG,CC,AA,GG,GG,CC,TT,CC,GG,TT,GG,AT,AA,AG,GT,CC,GG,AA,AC,CC,GG,GG,CC,GG,TT,AA,AA,CC,GG,AA,CC,AA,AA,GG,GT,TT,NN,CG,GT,AA,CG,TT,TT,AA,GG,AA,TT,AA,NN,CC,TT,AA,CC,CT,CC,AG,CC,AA,CC,TT,CT,TT,GG,TT,AA,CC,NN,GT,CC,CG,GG,CC,GG,TT,GG,CC,TT,GG,CC,CG,AA,GG,CG,AA,CG,AA,AA,CC,CC,CC,TT,AA,GG,AA,AC,AA,AA,AG,AG,AA,AA,TT,GG,AA,AG,CC,AA,CT,AA,AA,GG,GG,GG,TT,TT,NN,GT,NN,TT,AA,TT,GG,GG,AA,4.15,Moderate,Medium,Premium,Early
L0669,Bengaluru Rural,Karnataka,Kharif,Red Sandy Loam,Rainfed,720,26.0,70,CC,TT,AA,GG,GG,CC,GG,TT,CC,CC,AA,TT,CG,AT,TT,GG,CG,TT,TT,AA,CG,GT,TT,CC,TT,CC,TT,AT,GG,AA,CT,CC,AA,CC,GG,GG,GG,CC,GG,CC,TT,CT,AA,GT,AA,AG,TT,AT,CC,AC,GG,AA,AA,GG,CC,GT,AA,AA,GT,AA,AG,TT,TT,AG,TT,TT,CC,GG,TT,GG,AA,GT,CC,NN,AG,CC,AT,GG,TT,TT,GG,GG,GG,CC,AA,GG,AA,AA,GG,TT,CC,GT,CT,TT,GT,GG,TT,CC,TT,CC,CT,CC,AA,AA,AT,TT,CC,AG,AG,AA,CT,GG,TT,CC,TT,AC,AA,TT,CC,AG,CC,GG,CC,GG,NN,AA,CT,CC,CC,CC,AA,TT,CC,AA,CC,CC,AA,TT,AA,AA,GG,CT,CC,AG,AG,AA,AA,CC,GG,CC,CC,AA,AA,GG,TT,GG,AC,GT,TT,GG,AC,TT,TT,TT,CG,AA,TT,TT,TT,TT,CC,CC,AG,CT,CC,CC,CG,CC,AA,GG,AA,AC,TT,CC,GT,GG,GG,TT,AA,AG,TT,CC,GG,AA,CC,CC,GG,GG,AC,GG,TT,AA,AA,CC,GG,AA,AC,AT,AA,GG,TT,NN,AA,GG,GT,AT,CC,TT,TT,AA,GG,AA,CT,AC,TT,CC,CT,AC,CC,CT,CC,AG,CC,AG,CC,TT,CT,GT,GG,TT,AA,AC,AA,GG,CC,CC,GG,CC,GG,AT,AG,GG,NN,GG,CC,CC,AA,AG,CG,AA,CC,AA,AA,CC,CC,AA,TT,AA,GG,AA,AA,CC,AA,GG,NN,NN,NN,TT,CG,AA,AA,CC,AA,TT,AA,AG,GG,GG,GG,TT,AT,AA,TT,TT,TT,AA,TT,GG,GG,AC,6.29,Resistant,High,Poor,Medium
L0670,Bengaluru Rural,Karnataka,Kharif,Red Sandy Loam,Rainfed,720,26.0,70,AC,TT,AG,GG,CG,CC,GG,AT,CC,CG,AT,CC,CC,AT,TT,GT,GG,TT,TT,AA,CC,GT,GT,CC,TT,CC,GT,TT,GG,AA,TT,CC,AA,CC,GG,CG,GG,CG,GG,CC,TT,CT,AC,GT,AA,AG,TT,TT,CC,CC,GG,AA,AA,GG,CC,GT,AA,AC,GG,NN,AG,TT,AT,AG,CT,AT,CC,GG,TT,GT,AG,GG,CC,AA,GG,AC,TT,AG,TT,TT,GG,GG,GG,CC,AA,GG,AA,AA,CC,TT,AC,TT,CT,TT,TT,AG,TT,CC,TT,CC,CC,CC,GG,AG,TT,TT,CC,AA,GG,AA,CT,GG,NN,CC,TT,AA,AC,TT,CG,GG,CG,GG,CC,GG,CC,AA,CC,CC,CC,CG,AA,TT,CC,AA,CC,CC,AA,AT,AA,AA,GG,TT,CC,GG,AA,AA,AA,CC,GG,CC,CG,AG,AA,AG,TT,GG,CC,GT,TT,GG,AC,GT,TT,TT,NN,AA,TT,TT,AA,TT,CG,CC,AA,CC,CC,AC,GG,CC,AA,GG,AA,AC,TT,CC,GT,GT,GG,TT,AA,AG,GT,CC,GG,AA,CC,CC,GG,GG,AC,GG,TT,AC,AA,CC,GG,AA,AC,AA,AA,GG,TT,TT,AA,GG,TT,AA,CC,AT,GT,AA,GG,AG,TT,AA,TT,CC,CT,AC,CC,TT,CG,GG,CG,GG,CC,TT,CT,TT,GG,AT,AA,CC,AG,GG,CC,CG,GG,CC,GG,NN,AG,CC,TT,AG,CG,CG,AA,AG,CC,AA,CC,AA,AA,CC,CC,AC,TT,AA,GG,AA,AC,AC,AC,AG,AG,AA,AA,TT,CG,AA,AA,AC,AA,CT,AG,AA,CG,GG,GG,GT,AA,AA,TT,TT,TT,AG,AT,GG,GG,NN,1.65,Susceptible,Low,Poor,Medium
L0671,Bengaluru Rural,Karnataka,Kharif,Red Sandy Loam,Rainfed,720,26.0,70,AC,TT,GG,GG,GG,CC,TT,TT,CC,GG,NN,CC,CG,AT,TT,GG,GG,TT,TT,AG,CC,GT,TT,CC,TT,CC,TT,TT,GG,AA,TT,CC,AG,CC,GG,CG,GG,CG,GG,CC,TT,TT,AC,TT,AA,GG,TT,TT,CC,AC,GG,AT,AA,GG,CC,GT,AA,AA,GG,AA,AG,TT,TT,AA,TT,AT,CC,GG,TT,GT,AG,GG,CC,AA,GG,AC,AA,GG,TT,TT,GG,GG,GG,CC,AA,AG,AA,AA,CC,GT,CC,TT,CT,TT,TT,GG,CC,AC,TT,CC,CC,CC,GG,AG,TT,TT,CC,AA,AG,AA,CT,GG,TT,CC,TT,AA,AA,TT,CG,GG,CC,AG,CC,GT,CT,AA,CC,CC,CC,CC,AA,TT,CC,AA,CC,CC,AA,TT,AA,AA,GG,CT,CC,GG,AA,AG,AA,CC,GT,CC,CC,AA,NN,AG,TT,GG,AA,TT,CT,GG,AC,TT,TT,TT,CC,AA,TT,TT,AT,TT,GG,CG,AA,CC,CC,CC,CG,CC,AA,GG,AA,CC,TT,CG,GG,GT,GG,AT,AA,AA,GT,CC,CG,AA,AC,CC,GG,GG,AC,GG,TT,AC,AA,CC,GG,AA,CC,NN,AT,GT,TT,TT,AA,GG,GT,AT,CG,AA,GT,AA,AG,AA,CT,AA,TT,CC,CC,AC,CC,TT,GG,AA,CG,GG,CC,TT,TT,TT,GG,NN,AA,AC,AA,GG,CC,CG,GG,CC,GG,TT,AA,CG,TT,GG,CC,CC,AT,AG,CC,AA,CG,TT,AA,AC,CC,CC,TT,AA,GG,AA,AA,AC,AA,AG,AA,AA,AA,TT,GG,AC,GG,CC,AC,TT,AA,AA,GG,GG,NN,TT,AA,AA,GT,TT,TT,AA,TT,GG,CG,AC,4.68,Resistant,Low,Standard,Medium
L0672,Bengaluru Rural,Karnataka,Kharif,Red Sandy Loam,Rainfed,720,26.0,70,AA,TT,GG,AG,GG,CC,GG,AT,CC,CC,AT,CC,CG,AT,TT,GT,CC,TT,TT,AA,CC,GG,TT,CT,TT,CC,TT,TT,GG,AA,TT,CC,AA,CC,GG,CG,GG,CC,GG,CC,TT,CT,AA,TT,AG,GG,TT,AT,CC,AC,GG,AA,AA,GG,CC,TT,AA,AA,GT,NN,AA,TT,TT,AG,TT,TT,CC,GG,TT,GG,AG,GG,CC,NN,GG,AA,AA,AG,TT,TT,GG,GT,GG,CC,AA,GG,AA,AT,CC,GT,CC,TT,CC,TT,NN,GG,TT,AC,TT,CC,CT,CC,GG,AG,AT,TT,CC,AA,GG,AA,CT,GG,TT,CG,GG,CC,AA,TT,CC,AG,CG,GG,CC,GT,CT,AA,CC,CC,CC,CC,AA,TT,CC,AA,CC,CC,AA,TT,AG,TT,GG,CC,CC,GG,AA,AG,AA,AC,GG,CC,CC,AA,AA,GG,GT,GG,AC,TT,TT,GG,AC,TT,GT,CT,GG,TT,NN,TT,AA,TT,GG,CC,AG,TT,AC,CC,GG,CC,AA,GG,AG,CC,TT,CC,GT,GT,CC,TT,AA,AA,TT,AC,NN,AC,AC,CC,GG,GG,AC,GG,CT,AA,AA,CC,GG,AA,AC,AA,AT,GG,TT,AT,AT,CG,GG,AT,CC,TT,GT,AA,GG,AA,TT,AC,TT,CC,TT,AA,CC,TT,CG,AA,CG,AG,CC,TT,CT,GG,GG,TT,AA,AC,AA,GG,CC,CC,GG,CC,GG,AT,AG,CC,TT,GG,CC,CC,AA,GG,CG,AT,CC,AA,AA,NN,CG,AC,TT,AA,GG,AA,AA,AA,AA,AA,AA,AA,AA,AT,GG,AA,AA,AC,AC,CT,AA,GG,GG,GG,GG,TT,AA,AA,GT,TT,AT,AA,AT,GG,GG,AA,3.45,Susceptible,Medium,Premium,Late
L0673,Bengaluru Rural,Karnataka,Kharif,Red Sandy Loam,Rainfed,720,26.0,70,AA,TT,GG,AG,GG,CC,GT,NN,CC,CG,AA,CC,CG,TT,TT,NN,GG,TT,TT,AA,CC,TT,GT,CT,TT,CC,GT,TT,GG,AA,TT,CT,AA,CC,GG,GG,GG,CC,GG,CC,TT,TT,AA,TT,AA,AA,TT,TT,CC,AC,GG,AA,AG,GG,CC,GT,AA,CC,GT,AA,AA,TT,TT,AA,TT,TT,CC,GG,TT,GG,AA,GT,CC,AA,GG,AC,AA,GG,TT,TT,GG,GG,GG,CC,AA,GG,AA,AT,CC,GG,AC,TT,CT,TT,GT,GG,TT,CC,GT,CC,CC,CG,NN,NN,TT,TT,CC,AA,GG,AA,CC,GG,TT,CC,TT,AA,AC,TT,CC,AA,CC,AG,CC,GG,TT,AA,CC,CC,CC,CC,AA,TT,AC,AA,CC,CT,AA,TT,AA,AA,CG,CT,CC,GG,AA,AA,AA,CC,GG,CC,CC,AA,AA,GG,GT,GG,AA,GT,TT,NN,AC,TT,TT,TT,CC,AA,TT,TT,AA,AT,GG,CC,AA,CT,CC,AC,GG,NN,AT,GG,AG,CC,TT,CC,GT,TT,GG,AT,AA,AA,TT,CC,CG,AC,CC,CC,GG,AG,AC,GG,TT,AA,AA,CC,NN,TT,CC,AA,AA,GG,TT,NN,AA,GG,GG,AA,CG,AT,GT,NN,GG,AA,TT,AA,TT,CC,TT,AA,CC,CT,GG,AG,CC,AG,CC,AT,CT,TT,GG,TT,AC,CC,AG,GG,CC,CG,GG,CC,GG,AA,AG,CC,GG,GG,CC,CG,NN,GG,CC,AT,CC,AT,AA,AC,CC,CC,TT,AA,GG,AA,AA,AC,AA,AG,AA,AA,AA,AT,CG,AA,AA,NN,AA,TT,AA,AA,GG,AG,GG,TT,AA,AA,TT,TT,TT,AA,TT,GG,GG,AA,3.51,Susceptible,Low,Poor,Early
L0674,Bengaluru Rural,Karnataka,Kharif,Red Sandy Loam,Rainfed,720,26.0,70,AA,TT,GG,AG,GG,CG,GG,AT,CC,CG,AA,CC,GG,TT,TT,GG,GG,TT,AT,AA,CC,GT,GG,CC,TT,CC,TT,TT,GT,AA,TT,CC,AA,CC,AG,GG,GG,CC,GG,AC,TT,TT,AC,TT,AA,GG,TT,TT,CC,CC,GG,AA,AA,CG,CT,TT,AA,AA,GT,CC,AA,TT,AA,AA,CT,TT,CC,GG,TT,GG,AG,GG,CC,AA,GG,AC,TT,AG,TT,TT,GG,GG,GG,CC,AA,GG,AA,AA,CG,GT,CC,TT,CT,AT,TT,GG,CT,AC,GT,CC,CT,CC,AG,AG,TT,TT,CC,AA,AG,AA,NN,GG,TT,CC,TT,AA,AA,TT,CC,GG,CG,GG,CC,GT,TT,AA,CC,CC,AC,NN,AA,TT,CC,AA,CC,CC,AA,AT,AA,NN,GG,CT,CC,GG,AA,AA,AA,CC,GG,CC,CG,AG,AG,GG,TT,AG,AA,TT,CC,GG,CC,GT,TT,CT,CG,AT,GT,TT,AA,TT,GG,CC,AA,CT,CC,CC,GG,CC,AA,GG,AG,CC,TT,CC,GG,GG,GG,AA,AA,AG,TT,CC,GG,AA,AC,CC,GG,GG,AA,CG,NN,AC,AG,CC,GG,AT,CC,AA,AT,GT,TT,TT,AA,GG,GT,AA,CC,TT,TT,AA,NN,AA,TT,AC,TT,CC,TT,AA,AC,TT,GG,NN,CG,AA,CC,TT,CT,GT,GG,TT,AC,AC,AG,GG,CG,CG,GG,CC,GG,AA,AA,CC,GT,GG,CC,CC,AT,AG,CC,AA,CC,AA,AA,AC,CC,CC,TT,AA,GG,AA,AA,AA,AA,AG,AG,AA,AA,TT,NN,NN,AA,CC,AA,CC,AA,AA,CG,GG,GG,TT,AA,AA,TT,TT,TT,AA,TT,GG,GG,AC,5.41,Resistant,Medium,Standard,Late
L0675,Bengaluru Rural,Karnataka,Kharif,Red Sandy Loam,Rainfed,720,26.0,70,AC,TT,GG,AA,GG,CG,GG,AT,CG,CG,AA,CC,CG,TT,TT,GG,GG,TT,TT,GG,CG,TT,GT,CT,TT,CT,TT,TT,GG,AA,TT,CC,AA,AC,GG,GG,GG,CG,GG,CC,TT,NN,AC,NN,AA,AG,CT,TT,CC,AA,GG,AA,AG,GG,CT,TT,AA,AA,GG,AA,AA,TT,AT,AG,TT,TT,CC,GG,TT,GT,AA,GG,CC,AG,AG,AC,TT,AG,TT,TT,GG,GG,GG,CC,AT,GG,AA,AA,CC,TT,AC,TT,CC,TT,TT,GG,TT,CC,TT,CC,CT,CC,AG,AA,TT,TT,CC,AA,AG,AA,CT,GG,TT,CC,TT,AA,AA,TT,CG,AG,CC,AG,CC,GG,TT,AA,CC,CC,CC,CC,AG,GT,CC,AA,AC,CC,AA,AT,AA,AA,GG,CC,CC,GG,AA,AA,AA,CC,GT,CC,CC,AA,AG,GG,TT,GG,CC,TT,TT,GG,AC,TT,GT,TT,CC,AT,TT,TT,AT,TT,GG,CC,AG,CC,CC,CC,CG,CC,AA,GG,AG,CC,TT,CC,GG,TT,GG,AA,AA,AG,TT,CC,GG,AC,CC,CC,GG,GG,AA,CG,TT,AA,AA,NN,GG,AA,AC,AA,AA,GT,TT,TT,AT,CG,GT,AT,GG,AT,TT,AA,GG,NN,TT,AA,AT,CC,TT,AA,CC,TT,GG,AG,CC,GG,CC,TT,TT,TT,GG,TT,AA,CC,AA,GG,CC,CG,GG,CC,GG,AT,AA,CC,GT,AG,CC,CG,AA,AG,CC,AT,CC,AA,AA,AC,CC,AC,TT,AA,CG,AA,AA,AC,AC,AG,AA,AA,AA,TT,GG,CC,AA,CC,AA,TT,AA,AG,CG,GG,GG,GT,AA,AA,TT,TT,TT,AG,TT,GG,GG,AA,5.35,Susceptible,Low,Standard,Early
L0676,Bengaluru Rural,Karnataka,Kharif,Red Sandy Loam,Rainfed,720,26.0,70,AC,CT,GG,AA,CG,CC,GG,AT,CC,CC,AT,CC,CG,NN,TT,GG,CG,TT,TT,AA,CC,TT,TT,CT,TT,CC,TT,TT,GG,AA,TT,CC,AA,CC,GG,GG,GG,CC,GG,CC,TT,TT,AA,TT,AA,GG,TT,TT,CC,CC,GT,AA,AA,GG,CC,TT,AA,AA,GT,AA,AA,TT,TT,GG,TT,AT,CC,GG,TT,GG,AA,GG,AC,AA,GG,AA,AT,GG,TT,TT,GG,GT,GG,CC,AT,GG,AA,AA,CC,TT,CC,TT,CT,AA,TT,AG,CT,CC,TT,CC,CC,CG,AA,AA,TT,TT,CC,AA,AA,AA,TT,GG,TT,CG,TT,AA,AA,TT,CG,AG,CC,GG,CC,GG,TT,AG,CC,CC,CC,CC,AA,TT,CC,AA,CC,CT,AA,TT,AG,AT,GG,CC,CC,GG,AA,GG,AA,CC,GT,CC,CC,AA,AG,AG,TT,GG,AA,TT,CT,AG,AC,TT,TT,TT,CC,AT,TT,TT,AA,TT,GG,CC,AA,CC,CC,CC,GG,CC,AT,GG,AA,CC,TT,CG,GT,TT,GG,AT,AA,AG,TT,CC,GG,AA,CC,CC,CG,GG,AC,GG,TT,AA,NN,CG,GG,AA,CC,AA,AT,GG,TT,TT,AA,CC,TT,AA,CG,TT,GT,AA,GG,AA,TT,AA,TT,CC,TT,AA,CC,CT,GG,AG,CG,AG,AC,TT,TT,TT,GG,TT,AA,AA,AA,GG,CC,CC,GG,CC,GG,NN,AA,CC,TT,GG,CC,CC,AA,AG,CC,AT,CC,AT,AG,CC,CG,CC,TT,AA,GG,AA,AA,AA,AA,AG,AG,AA,AA,TT,GG,AC,NN,CC,AA,CT,AA,AA,GG,GG,GG,GT,AT,AA,TT,TT,TT,AG,TT,GG,GG,AA,6.34,Moderate,Low,Poor,Medium
L0677,Bengaluru Rural,Karnataka,Kharif,Red Sandy Loam,Rainfed,720,26.0,70,AA,TT,GG,GG,GG,CC,GG,TT,CC,CG,AA,CC,CC,TT,TT,GG,GG,TT,TT,AA,CC,TT,TT,CC,TT,CC,TT,TT,GG,AA,TT,CC,AA,CC,GG,GG,GG,CC,GG,AC,TT,CT,AA,TT,AG,AG,TT,TT,CC,AC,GG,AA,AG,GG,CC,TT,AA,AC,GT,AC,AA,TT,AT,AG,TT,TT,CC,GG,CC,GG,AA,GG,CC,AA,GG,AC,AT,GG,TT,TT,GG,GT,GG,CC,AT,NN,AA,AA,CC,GG,CC,TT,CC,AT,TT,GG,TT,CC,GT,CT,CC,CC,AA,AA,AT,GT,CC,AA,AA,AA,CC,GT,TT,CC,TT,AA,AA,TT,CC,GG,CC,GG,CT,GT,CT,AA,TT,CC,AC,CC,AA,TT,CC,AA,CC,CC,AA,TT,GG,AA,GG,CC,CC,GG,AG,AG,AA,AC,GG,CC,NN,AA,AA,GG,TT,GG,AC,TT,CT,AG,CC,GT,GT,TT,CC,AT,TT,TT,AA,TT,GG,CG,AA,TT,CC,CC,CC,CC,AA,GG,AA,CC,TT,CC,GG,TT,GG,NN,AA,AG,TT,CC,GG,AA,AC,CC,GG,GG,AC,GG,TT,NN,AA,CC,GG,AA,AC,AA,TT,GG,GT,TT,AA,GG,GT,AT,CG,AT,TT,AA,GG,AA,CT,AA,TT,CC,TT,AC,CC,CT,CC,AG,CC,AA,CC,TT,CT,GT,GG,TT,AA,CC,AA,GG,CC,CC,GG,CC,GG,AT,AA,CC,TT,GG,CC,CC,AA,AG,CC,AA,CC,AA,AA,CC,CG,CC,AT,AA,GG,AA,AA,AA,AA,GG,AG,AA,AA,AT,GG,AA,AA,CC,AA,CT,AA,AA,GG,GG,GG,TT,AT,AA,TT,TT,TT,AA,NN,GG,CG,AA,5.74,Moderate,High,Standard,Early
L0678,Bengaluru Rural,Karnataka,Kharif,Red Sandy Loam,Rainfed,720,26.0,70,AA,CT,GG,AA,CG,CC,GG,AT,CC,CC,AA,CC,CG,AT,GT,GT,CC,TT,TT,AG,CC,TT,TT,CC,TT,CC,TT,TT,GG,AA,TT,CT,AA,CC,GG,GG,GG,CC,GG,NN,TT,TT,AA,TT,AA,AG,TT,NN,CC,AC,GG,AA,AA,GG,CT,TT,AA,AA,TT,AA,AA,TT,AA,AG,TT,TT,CC,GG,TT,GG,AG,GG,CC,AA,AG,AA,AT,GG,GT,TT,GG,GG,GG,CC,AA,GG,AA,AA,CC,GT,CC,TT,CT,NN,GT,GG,TT,CC,GT,CC,CC,CG,AA,AA,TT,TT,CG,AG,AG,AA,CT,GT,GT,CG,TT,AC,AA,TT,CC,AG,CC,AG,CC,GT,NN,AG,CT,CG,CC,CC,AG,GT,CC,AA,CC,CC,AA,TT,AA,AA,CG,CC,CC,GG,AA,AG,AA,AC,GG,CC,CC,AA,AG,GG,GT,AG,AA,TT,CT,AG,NN,GT,TT,TT,CC,AA,GT,CT,AT,TT,CG,CC,AA,CC,CC,CC,CG,CC,AA,GG,AA,CC,TT,NN,GG,TT,GG,AA,AA,AA,TT,CC,GG,AA,CC,CG,GG,GG,CC,GG,TT,AC,AA,CC,GG,AA,CC,AA,AA,GG,TT,AT,AT,GG,GG,AA,CC,AT,GG,AA,GG,AA,CT,AA,TT,CC,TT,AA,CC,TT,CG,AA,CC,GG,CC,TT,CT,TT,GG,TT,AA,AA,AG,GG,CC,GG,GG,CC,GG,AT,AA,CC,TT,GG,CC,CC,AA,AG,CC,AT,CC,AA,AA,CC,CC,NN,TT,AA,NN,AA,AA,AC,AA,AG,AA,AA,AA,AT,GG,AA,AA,AC,AA,CT,AA,AG,GG,GG,GG,TT,AA,AG,TT,TT,TT,AG,TT,GG,CG,AA,2.81,Susceptible,Low,Poor,Medium
L0679,Bengaluru Rural,Karnataka,Kharif,Red Sandy Loam,Rainfed,720,26.0,70,AA,TT,GG,AG,GG,CC,GG,AA,CC,GG,AA,CT,CC,TT,TT,GG,GG,TT,TT,AA,CC,TT,TT,CC,AT,CC,TT,TT,GT,AA,TT,CC,AG,CC,GG,CG,GG,CC,GG,CC,TT,CT,AA,TT,AA,GG,TT,AT,CC,CC,GG,AA,AG,GG,CT,TT,AA,AC,GT,AC,AA,TT,AT,AG,CT,AT,CC,GG,CT,GG,AG,GG,CC,AA,GG,AC,AT,GG,TT,TT,GG,GG,GG,CC,AA,NN,AA,AA,CC,GG,CC,TT,CC,TT,GT,GG,CC,CC,TT,CC,CC,CG,AG,AA,TT,TT,CC,AA,GG,AA,CC,GG,GT,CC,TT,AA,AA,TT,CC,AG,CC,GG,NN,GG,CT,AG,CT,CG,CC,CC,AA,TT,AC,AA,CC,CC,AA,AT,AA,AA,GG,CT,CC,AG,AA,AA,AA,AC,GT,CC,CC,AA,AA,GG,TT,GG,AA,TT,TT,GG,AA,GT,GT,TT,CC,AA,TT,TT,AT,TT,GG,NN,AG,NN,CC,CC,GG,CC,AA,GG,AG,CC,TT,CC,GG,TT,GG,TT,AA,AA,TT,CC,GG,AA,AC,CC,GG,GG,AA,CG,TT,AA,NN,CC,GG,AA,AA,AA,AT,GT,TT,AT,AA,CC,TT,TT,CC,TT,TT,AA,GG,AA,CT,AC,TT,CG,TT,AA,CC,TT,GG,AG,CC,AG,CC,TT,TT,GG,GG,TT,AA,CC,AA,GG,CC,CC,GG,CC,GG,TT,AA,CC,TT,AG,CC,CC,AA,AG,CC,AA,CC,AT,AA,AC,CG,AC,TT,AG,GG,AA,AA,AA,AA,GG,AA,AA,AA,TT,GG,AA,AG,CC,AA,TT,AA,AA,GG,GG,CC,TT,AT,AA,TT,TT,AT,AA,AT,GG,CG,AA,5.03,Susceptible,High,Standard,Medium
L0680,Bengaluru Rural,Karnataka,Kharif,Red Sandy Loam,Rainfed,720,26.0,70,AA,TT,GG,AG,GG,CC,NN,TT,CC,CC,AA,CT,CC,AT,TT,GG,GG,TT,TT,AA,CC,TT,GT,CC,TT,CT,TT,TT,GG,AA,TT,CC,AA,CC,GG,CG,GG,CC,GG,NN,TT,CT,AA,TT,AA,GG,CT,TT,CC,AC,GG,AA,AG,GG,CC,TT,AT,AA,GG,AC,AA,TT,TT,AA,TT,AT,CC,GG,TT,GG,AG,GG,CC,AA,AG,AC,AT,GG,TT,TT,GG,GG,GG,CC,AA,GG,AA,AA,CC,TT,CC,TT,CT,TT,GT,GG,TT,CC,GT,CT,CC,CG,AG,AA,AT,TT,CG,AA,AG,AC,CT,GG,TT,CC,GT,NN,AA,TT,CC,GG,CG,AG,CC,GT,CT,AA,CC,CC,CC,CC,AA,TT,CC,AA,CC,CC,AA,TT,AA,AA,GG,CT,NN,GG,AA,AG,AA,CC,GT,CC,CC,AA,AA,GG,TT,GG,AA,GT,NN,GG,CC,TT,GT,TT,CC,AT,GT,TT,AA,TT,GG,CC,AA,CC,CC,AC,GG,CC,AA,GG,AA,CC,TT,CC,GT,TT,GG,AT,AA,AA,TT,CC,CG,AA,CC,CC,GG,GG,AA,GG,TT,AA,AA,CC,GT,AA,AC,NN,TT,GG,GT,TT,AT,GG,GG,AA,CC,AT,GT,AA,GG,AA,TT,AC,TT,CC,CT,AC,CC,CC,GG,AG,CC,AG,CC,AT,CT,TT,GG,TT,AC,CC,AA,GG,CC,CG,GG,CC,GT,TT,AA,CC,GT,GG,CC,CC,AA,GG,CC,AA,CG,AA,AA,CC,CC,AC,TT,AA,GG,AA,AA,AA,AC,AA,AA,AG,AA,TT,GG,CC,AG,CC,AA,CT,AG,AA,GG,GG,CG,GT,AA,AG,TT,TT,TT,AA,AT,GG,CG,AA,4.76,Moderate,Low,Premium,Early
L0681,Bengaluru Rural,Karnataka,Kharif,Red Sandy Loam,Rainfed,720,26.0,70,AA,TT,GG,AG,GG,CC,GG,TT,CC,CC,AA,CT,CC,TT,GT,GG,GG,TT,TT,AA,CC,TT,TT,CC,TT,CC,TT,NN,GG,AA,TT,CT,AA,CC,GG,GG,GG,CC,GG,CC,TT,CT,AA,TT,AG,GG,TT,AT,CC,CC,GG,AA,AA,GG,CC,TT,AT,AA,GG,AA,AA,TT,TT,AA,TT,AT,CC,GG,TT,GG,NN,GG,CC,AA,AG,CC,AA,GG,TT,TT,GG,GT,GT,CC,AA,GG,AA,AT,CC,GG,CC,TT,CC,TT,GT,GG,CT,CC,TT,CT,CC,CC,AG,AA,TT,TT,CC,AG,AG,AA,CT,GG,GT,CC,TT,AA,AA,TT,CC,GG,CC,GG,CC,GG,CT,AA,CC,CC,CC,CC,NN,TT,CC,AA,CC,CC,AG,AT,AG,AT,CG,CC,CC,GG,AA,AA,AA,CC,NN,CC,CC,AA,AG,GG,TT,GG,AC,GT,TT,AG,CC,GT,TT,CT,CC,AA,TT,CT,AT,AT,GG,NN,AG,CC,CC,CC,GG,CC,AA,GG,AG,CC,TT,CC,GG,TT,CG,AT,AA,AA,TT,CC,NN,AA,CC,CC,GG,GG,AA,GG,TT,AC,AG,CC,GG,AT,CC,AT,AA,GG,TT,TT,AA,CC,GG,AA,CG,TT,TT,AA,GG,NN,TT,AA,TT,CC,CT,AA,CC,TT,GG,AG,CG,GG,CC,AT,TT,GT,GG,AT,AA,AC,AA,GG,CC,CC,GG,CC,GG,AA,AA,CC,GT,GG,CC,CG,AA,GG,CC,AA,CC,AA,AA,CC,NN,CC,TT,AA,GG,AA,AC,AA,AA,GG,AA,AA,AA,TT,CG,AC,NN,AC,AA,CC,AA,AG,GG,GG,GG,GT,AA,AA,TT,TT,TT,AG,TT,GG,GG,AC,4.19,Resistant,Low,Premium,Early
L0682,Bengaluru Rural,Karnataka,Kharif,Red Sandy Loam,Rainfed,720,26.0,70,AC,TT,AG,AA,GG,CC,GT,NN,CC,GG,AA,NN,CC,AT,TT,GT,CG,TT,TT,GG,CC,GT,TT,NN,TT,CC,TT,TT,GG,AC,TT,CC,AA,AC,GG,GG,GG,CC,GG,CC,TT,TT,AC,GG,AA,NN,TT,TT,CC,CC,GG,AA,AA,GG,CT,GT,TT,AA,GT,AC,AA,TT,AT,AG,TT,AT,CC,GG,TT,GT,AA,GG,NN,NN,GG,AA,AT,GG,TT,TT,GG,GG,GG,CC,AT,GG,AA,AA,CC,GT,AC,TT,CT,TT,GT,GG,TT,CC,TT,CC,CC,CC,AA,AA,TT,TT,GG,AG,AG,AA,CC,GT,TT,CG,GT,AC,AA,TT,CC,AG,CC,GG,CC,GG,TT,AA,CC,CC,CC,CC,AA,TT,AC,AA,CC,CC,GG,TT,AA,AA,GG,CC,CC,GG,AA,AG,AA,AC,GG,CC,CC,AA,AA,AG,TT,GG,CC,TT,CT,AG,CC,GT,GT,CT,CC,TT,TT,CT,AT,TT,GG,CC,GG,CT,AC,CC,CG,AC,AA,GG,AA,CC,TT,CC,GG,TT,CG,AT,NN,AA,TT,CC,CG,AA,CC,CC,GG,GG,AA,GG,TT,AA,AA,CC,GG,NN,AC,AA,AA,GT,TT,AT,AA,NN,GG,AA,CC,AT,GT,AA,GG,AA,TT,AA,TT,CC,TT,AA,CC,TT,CG,AA,CG,AG,CC,AT,TT,GT,GG,TT,AA,CC,AG,GG,CC,CG,GG,CC,GG,AT,AG,CC,TT,GG,CG,CC,AT,GG,CC,AT,CG,AT,AA,CC,GG,AC,TT,NN,GG,AA,AA,AA,AA,GG,AA,AG,AA,AA,GG,AA,AA,CC,AA,CT,AG,AG,GG,GG,CG,GT,AA,AG,GG,TT,TT,AG,TT,GG,GG,AA,3.98,Moderate,Medium,Standard,Late
L0683,Bengaluru Rural,Karnataka,Kharif,Red Sandy Loam,Rainfed,720,26.0,70,AC,CT,GG,AG,CG,CG,GT,TT,CC,CC,AT,CT,CG,TT,TT,GT,GG,TT,TT,AA,CG,TT,GT,CT,TT,CC,TT,TT,GT,AA,TT,CC,AA,CC,AG,GG,GG,CG,GG,CC,TT,CT,AA,TT,AA,GG,TT,AT,CC,AA,GT,AA,AA,GG,CC,TT,AA,AA,GG,AA,AA,TT,TT,AG,TT,TT,CC,GG,TT,GG,AA,GG,CC,AA,AG,AA,TT,AG,GT,TT,GG,GG,GT,CC,AA,GG,AA,AA,CC,GT,CC,TT,CT,AT,TT,GG,TT,CC,GT,CC,CC,CG,GG,AA,TT,NN,CC,AA,AG,AA,CT,GG,TT,CG,GT,AA,AA,TT,CC,AG,CG,GG,CC,GG,TT,AG,CC,CC,CC,CG,AA,TT,CC,AA,CC,CC,AA,TT,AA,AA,GG,CC,CC,GG,AA,AG,AA,CC,GT,CG,CC,AG,AA,AG,TT,AG,AA,TT,TT,GG,AA,TT,TT,NN,CC,AA,GT,TT,AA,TT,GG,CC,AG,CT,CC,CC,CG,CC,AA,GG,AA,CC,TT,CC,GT,TT,GG,AA,AA,AA,TT,AC,CG,NN,AC,CC,GG,NN,AC,GG,TT,AA,AA,CC,GG,AA,AC,AT,AA,GT,TT,TT,AA,GG,GG,TT,CG,TT,TT,AA,GG,AA,CT,AA,TT,CC,CT,AA,CC,TT,GG,AA,CC,AA,CC,TT,CT,GT,GG,TT,AA,AA,AG,GG,CC,CC,GG,CC,GT,TT,AA,CC,GG,GG,CC,CG,AT,GG,CC,TT,CC,AA,AA,CC,CC,AC,TT,AA,GG,AA,NN,AC,AA,AG,AA,AA,AG,TT,GG,AA,AA,AC,AA,TT,AA,AA,CG,GG,GG,TT,AA,AA,TT,TT,TT,AA,TT,GG,GG,AC,3.33,Resistant,High,Poor,Early
L0684,Bengaluru Rural,Karnataka,Kharif,Red Sandy Loam,Rainfed,720,26.0,70,AA,TT,AG,AA,GG,CC,GG,TT,NN,CG,AA,CT,CG,TT,TT,GG,CG,TT,TT,AA,CC,TT,TT,CC,TT,CC,TT,AT,GG,AA,TT,CC,AA,CC,GG,CG,GG,CG,GG,CC,TT,CC,AC,GT,AA,GG,TT,AT,CC,AC,GG,AA,AA,GG,CC,TT,AA,AA,TT,CC,AA,TT,TT,AG,TT,TT,CC,GG,TT,GG,AA,GG,CC,AA,AG,AA,AT,GG,TT,TT,GG,GT,GG,CC,AA,GG,AA,AA,CC,TT,CC,TT,CC,TT,TT,GG,TT,CC,GT,CC,CT,CG,AA,AA,TT,TT,CG,AA,AG,AA,CC,GG,TT,CC,TT,AA,AC,TT,CC,GG,CC,AG,CT,GG,CT,AA,CC,CC,CC,CC,AA,TT,CC,AA,CC,CT,AA,TT,AA,AA,GG,CC,CC,GG,AA,AG,AA,CC,GG,CC,CC,AA,AA,GG,TT,AG,AC,GT,TT,GG,AC,GT,TT,TT,CC,AA,TT,TT,AA,AT,GG,CC,AA,CC,CC,CC,GG,CC,AT,GG,AG,CC,TT,CC,GG,GT,GG,AT,AA,AA,TT,AA,GG,AA,CC,CC,GG,GG,AA,GG,TT,AA,AG,CC,GT,AA,CC,AA,TT,GG,TT,TT,AT,GG,GG,AA,GG,TT,TT,AA,GG,AA,TT,AA,TT,CC,CT,AC,CC,TT,NN,AG,CC,AA,CC,TT,TT,TT,GG,AT,AC,AC,AA,TT,CC,NN,GG,CC,GG,AT,AG,CG,TT,GG,CC,CC,AA,GG,CC,AT,CC,NN,AA,CC,CC,AA,TT,AA,GG,AA,NN,AA,AA,AG,AA,AG,AA,TT,GG,AA,AA,CC,AA,CT,AA,AG,GG,GG,GG,TT,AT,AA,GT,TT,TT,AG,AA,GG,GG,AA,3.21,Moderate,Low,Standard,Early
L0685,Bengaluru Rural,Karnataka,Kharif,Red Sandy Loam,Rainfed,720,26.0,70,AC,CT,NN,AG,GG,CC,GG,TT,CC,CC,AA,CT,CC,AT,TT,GG,CG,TT,TT,AG,CC,GT,TT,CC,AT,CC,TT,TT,GT,AA,TT,CC,AA,CC,GG,GG,GG,CC,GG,CC,TT,TT,AA,GG,AA,AG,TT,TT,CC,AC,GG,AA,AA,GG,CC,GT,AA,AA,GT,AC,AA,TT,TT,AA,CC,TT,CC,GG,TT,TT,AA,GT,CC,AA,AG,AC,AA,GG,TT,TT,GG,GG,GT,CC,AT,GG,AA,AA,NN,GT,CC,TT,CT,AT,GG,GG,TT,CC,GT,CC,CC,CC,AA,AA,AT,TT,CG,AA,AG,AC,CC,GG,TT,CC,TT,AC,AA,TT,CC,GG,CG,AG,CC,GT,TT,AA,CC,CC,AC,CC,AA,GT,CC,AA,CC,CC,AA,AT,AA,AA,CG,CC,CG,NN,AA,NN,AA,AC,GG,CC,CC,AA,AG,GG,GT,GG,AA,GT,TT,GG,CC,TT,TT,TT,CC,AT,TT,TT,AT,TT,GG,CC,AA,CC,AC,CC,CG,AC,AA,GG,AA,AC,TT,CC,GT,GT,GG,AT,AA,AA,TT,CC,GG,AA,CC,CC,GG,GG,AA,GG,TT,AA,AA,CC,GG,AT,AC,AT,AA,GT,TT,AT,AA,GG,GT,AA,CC,TT,GT,NN,GG,AA,TT,AA,TT,CC,TT,AC,CC,TT,CG,AG,CC,AG,AC,TT,TT,TT,GG,TT,AA,CC,AG,GG,CC,CG,GG,CC,GG,AT,AA,CC,NN,GG,CC,CC,AA,GG,CC,AT,CG,AA,AA,CC,CC,AC,TT,AA,GG,AA,AA,AA,AA,AG,AG,AA,AA,AT,GG,AC,AA,CC,AC,CT,AA,AG,CG,GG,GG,GT,AA,AG,TT,TT,AT,AG,TT,GG,GG,AA,4.96,Susceptible,Medium,Standard,Medium
L0686,Bengaluru Rural,Karnataka,Kharif,Red Sandy Loam,Rainfed,720,26.0,70,AC,TT,GG,AA,GG,CC,GG,TT,CC,CG,AA,CC,CG,TT,GG,GT,GG,TT,TT,AA,CC,GT,GT,CT,TT,CC,TT,TT,GG,AA,TT,CC,AA,CC,GG,CG,GG,CG,GG,AC,TT,TT,AA,TT,GG,AG,TT,TT,CC,CC,GG,AA,NN,GG,CT,GT,AA,AC,GT,AA,AG,GT,TT,AG,CT,NN,CC,GG,TT,GG,AA,GG,CC,AA,GG,AA,AA,AG,GT,CT,GG,GG,GT,CC,AA,GG,AA,AA,CC,GT,CC,TT,CT,TT,GT,GG,TT,CC,TT,CC,CT,CG,AG,AA,TT,TT,CC,AA,AG,AA,CT,GG,TT,CC,GT,AA,AA,TT,CC,AG,CG,GG,CC,GT,TT,AG,CC,CC,CC,CC,AA,TT,CC,AA,CC,CC,AA,TT,AA,AA,GG,CT,CC,GG,AA,GG,AA,CC,GG,CC,CC,AA,AG,AG,TT,AG,AC,TT,CT,AG,NN,GT,GT,TT,CC,TT,GT,CT,AT,TT,GG,CC,AG,CC,CC,CC,GG,CC,AA,GG,AA,CC,TT,CC,GG,TT,GG,AA,AA,AG,TT,CC,CG,AC,AC,CC,GG,GG,AC,GG,CT,AA,AA,CC,GG,AA,CC,AT,AA,GG,TT,AT,AT,GG,TT,AT,CC,TT,TT,AA,GG,AA,TT,AA,TT,CC,TT,NN,CC,CT,GG,AG,CG,AA,CC,TT,TT,TT,GG,TT,AA,CC,AA,GG,CC,CG,GG,CC,GG,AT,AA,CC,TT,GG,CC,CC,AA,GG,CG,AT,CC,TT,AA,CC,CG,AC,TT,NN,CG,AA,AA,AA,AA,GG,NN,AG,AA,TT,GG,AA,AG,CC,AA,CT,AA,AA,GG,AG,GG,GT,AA,AA,TT,TT,TT,AG,TT,GG,GG,AA,4.12,Resistant,Low,Poor,Medium
L0687,Bengaluru Rural,Karnataka,Kharif,Red Sandy Loam,Rainfed,720,26.0,70,NN,CT,GG,AG,CG,CC,GG,TT,CC,CC,AA,CC,CC,TT,TT,GG,GG,TT,TT,AA,CC,GT,TT,CC,TT,CC,GT,AT,GT,AA,TT,CT,AA,CC,GG,CG,GG,CC,GG,CC,TT,TT,AC,TT,AA,GG,CT,AT,CC,NN,GT,AT,AA,GG,CT,TT,AA,AC,GT,AA,AA,TT,TT,AG,TT,AT,CT,GG,CT,TT,AA,GG,CC,AA,GG,AA,TT,AG,TT,TT,GG,GT,GG,CC,AT,GG,AA,AA,CC,TT,CC,TT,CC,TT,TT,GG,TT,CC,TT,CC,CC,NN,AG,AA,NN,TT,CG,AA,AA,AA,CT,GG,TT,CG,TT,AC,AC,TT,CC,AG,CC,GG,CC,GT,TT,AA,CC,CC,CC,CC,AG,GT,CC,AC,CC,CT,AG,TT,AG,AA,GG,CC,CC,GG,AA,AA,AA,AC,GT,CC,CC,AA,AA,GG,TT,GG,AA,GT,CT,AG,CC,GT,TT,CT,CC,AA,GT,TT,AA,TT,GG,CC,AG,CC,CC,CC,CG,CC,AA,GG,AA,CC,TT,CG,GT,TT,GG,TT,AA,AA,TT,CC,CG,CC,CC,CC,GG,AG,AA,GG,CT,AA,AA,CC,GT,AT,CC,AA,AA,GT,TT,TT,AA,GG,GT,AA,CC,AT,TT,AA,GG,AA,CC,AA,TT,CC,CC,CC,CC,TT,GG,AA,CC,GG,CC,AT,CT,GT,GG,TT,AA,CC,AG,GG,CC,CC,GG,CC,GG,AA,AG,CG,GT,GG,CC,CG,AA,AG,CG,AA,CC,AA,AA,AC,CC,AC,TT,AG,GG,AA,AA,AA,AA,AG,AG,AA,AA,AT,CG,AC,AA,AA,AA,TT,AA,AG,GG,GG,GG,TT,AA,AA,TT,TT,TT,AA,TT,GG,CG,AA,4.27,Susceptible,Low,Premium,Medium
L0688,Bengaluru Rural,Karnataka,Kharif,Red Sandy Loam,Rainfed,720,26.0,70,AA,CT,GG,AG,GG,CG,GG,TT,CC,CG,AA,CC,CG,AT,GT,GT,GG,TT,TT,AA,CC,TT,GT,CC,TT,CC,TT,TT,GT,AA,TT,CC,AA,CC,GG,GG,GG,CC,GG,AC,TT,CC,AA,TT,AA,GG,CT,TT,CC,CC,GG,AT,AA,GG,CT,GT,AA,AC,GG,AC,AA,TT,TT,AA,TT,AT,CC,GG,TT,GT,NN,GG,CC,AA,GG,AA,AA,GG,TT,TT,AG,GT,GG,CC,AA,AG,AA,AT,CC,GT,CC,NN,CC,TT,NN,GG,TT,CC,TT,CC,CC,CC,AA,AA,TT,TT,CG,AA,AA,AA,CT,GG,TT,CG,GT,AC,AA,AT,CC,GG,CG,GG,CT,GG,TT,AA,CC,CC,CC,CC,AA,TT,CC,AA,CC,CT,AA,TT,AA,AT,CG,CC,CC,GG,AG,AG,AA,CC,GG,CC,CC,AA,AG,GG,GT,AG,AA,GT,TT,GG,CC,GT,TT,CT,GG,AA,TT,TT,AA,AA,GG,CC,AA,CC,CC,CC,GG,AC,AA,GG,AA,CC,TT,CC,GT,TT,GG,AA,AA,AG,TT,CC,CG,AA,AC,NN,GG,GG,AA,GG,TT,AC,AA,CC,GG,AA,AC,AA,AA,GT,GT,TT,AA,GG,TT,AA,CG,AT,TT,AA,GG,AA,TT,AA,AT,CC,CT,AA,CC,TT,GG,AG,CC,AG,AC,TT,TT,TT,GG,TT,AA,AC,AG,GG,CG,CC,GG,CC,GG,AT,AA,CC,GT,GG,CC,CC,AA,GG,CC,AT,NN,AA,AA,AC,CC,CC,AT,AA,GG,AA,AA,AA,AA,NN,AA,AA,AA,TT,GG,AA,AG,CC,AC,TT,AA,AA,GG,GG,GG,TT,AA,AA,TT,TT,TT,AA,AT,GG,GG,AA,1.72,Moderate,Low,Premium,Early
L0689,Bengaluru Rural,Karnataka,Kharif,Red Sandy Loam,Rainfed,720,26.0,70,AA,TT,GG,AA,GG,CC,GG,AT,CC,CG,AA,CC,CC,AT,TT,GT,CG,TT,TT,AA,CC,TT,GT,CC,AT,CC,TT,TT,GT,AA,TT,CC,AA,AC,GG,NN,GG,CC,GG,CC,TT,TT,AA,TT,AG,GG,TT,TT,CC,CC,GT,AA,AA,GG,CT,GT,AT,AC,GT,AA,AA,TT,TT,AA,TT,TT,CC,GG,TT,GG,AG,GT,CC,AA,GG,AC,AA,GG,TT,TT,GG,GG,GT,CC,AT,GG,AA,AA,CG,GT,AC,TT,CC,TT,GT,AG,TT,CC,TT,CC,CC,CC,AG,AA,TT,TT,CC,AA,AA,AA,CC,GG,TT,CC,GT,AA,AA,TT,CG,AG,CC,GG,CT,GG,TT,AA,CC,CC,CC,CC,AA,TT,CC,AA,AC,CC,AA,TT,AA,AT,GG,CC,CC,GG,AA,AG,AA,CC,GG,CC,CC,AA,AG,GG,GT,GG,AA,TT,CT,GG,CC,TT,TT,TT,GG,AA,TT,TT,AA,TT,GG,CC,AA,CT,CC,CC,GG,CC,AA,GG,AG,CC,NN,CC,GG,GT,GG,NN,AA,NN,TT,CC,GG,AA,AC,CG,GG,NN,AC,GG,TT,AA,AA,CC,GG,AT,AA,AA,TT,GG,GT,AT,AA,CG,GT,NN,CC,TT,GT,AA,GG,AA,TT,AA,TT,CC,TT,AC,CC,TT,CG,AA,CG,GG,NN,TT,CC,GT,GG,TT,AC,AA,AA,GG,CC,CG,GG,CC,GG,AT,AA,CC,TT,GG,CC,CC,AT,AG,CG,AT,CC,AT,AA,AC,CC,CC,TT,AA,GG,AA,NN,AA,AA,AG,AA,AG,AA,TT,GG,AA,AG,CC,AC,TT,AA,AA,GG,AG,GG,TT,AA,AA,TT,TT,TT,AG,NN,CG,CG,AA,4.99,Moderate,High,Premium,Early
L0690,Bengaluru Rural,Karnataka,Kharif,Red Sandy Loam,Rainfed,720,26.0,70,AA,TT,AG,AA,GG,CC,GG,TT,CC,CC,AA,CC,CC,TT,TT,GG,CG,TT,TT,AA,CG,GT,GT,CC,TT,CC,TT,TT,GT,AA,CT,CC,AA,AC,GG,GG,GG,CC,GG,CC,TT,TT,AA,TT,AG,GG,TT,AT,CC,AC,GG,AA,AA,GG,CC,GT,AA,AA,GT,AA,AG,GT,AT,AA,TT,TT,CC,GG,TT,GG,AG,GG,CC,NN,GG,AA,AA,GG,TT,TT,GG,GT,GG,CC,AT,GG,AA,AA,CC,GT,CC,GT,CC,TT,GT,GG,TT,CC,TT,CC,CT,GG,AG,AA,AT,TT,CC,AA,GG,AA,CC,GG,TT,CC,TT,AA,AA,TT,NN,AA,CC,AG,CC,GG,TT,GG,CC,CC,AA,CC,AA,TT,CC,AA,CC,CC,AA,AT,AG,TT,CG,CC,CG,GG,NN,GG,AA,CC,GT,CC,CC,AA,AA,GG,TT,GG,AA,TT,TT,GG,CC,GT,GT,TT,CC,AA,GG,TT,AA,AA,GG,CC,AA,CC,CC,CC,CG,CC,AA,GG,AA,CC,TT,CC,GT,TT,GG,AT,AG,AA,TT,CC,GG,AA,AA,CC,GG,GG,CC,GG,TT,AC,AA,CC,GG,TT,CC,AT,TT,GG,TT,AT,TT,CC,GG,AT,CC,AA,GT,AA,GG,AA,CT,AA,TT,CC,TT,AA,CC,TT,GG,AA,CC,GG,NN,TT,CT,GT,GG,TT,AA,AC,AG,GG,CC,CG,GG,CC,GG,AT,AG,CG,TT,GG,CC,CC,AA,AG,CC,AT,CC,AT,AG,CC,CG,CC,TT,AG,GG,AA,AA,AA,AA,GG,AG,AA,AA,TT,GG,AA,AG,AA,AA,TT,AA,AA,GG,GG,GG,TT,AT,AA,TT,TT,TT,AA,TT,GG,GG,AA,2.23,Susceptible,Low,Premium,Early
L0691,Bengaluru Rural,Karnataka,Kharif,Red Sandy Loam,Rainfed,720,26.0,70,AC,TT,AG,AG,CG,CC,GG,TT,CC,CC,AA,CC,CG,TT,TT,GG,GG,TT,TT,AA,CC,TT,TT,CC,AT,CC,TT,AT,GT,AA,TT,CC,AA,CC,GG,GG,GG,CG,GG,CC,TT,CC,AA,TT,AA,GG,CT,TT,CC,AC,GG,AA,AA,GG,CC,TT,AA,AA,GT,CC,AA,TT,AA,AA,TT,AT,CT,GG,TT,GG,AG,GG,CC,AA,GG,AC,AA,GG,TT,TT,GG,GT,GG,CC,AT,GG,AA,AA,CC,GT,CC,GT,CC,TT,TT,GG,TT,CC,GT,CC,CC,CC,AA,AA,AT,TT,CG,AA,AG,AC,CT,GG,TT,CG,GT,AC,AA,TT,CC,GG,CC,AG,CC,GT,CT,AA,CT,CC,CC,CC,AA,TT,CC,AA,CC,NN,AA,TT,AG,AA,GG,CC,CC,GG,AA,AA,AA,CC,GG,CC,CC,AA,AA,GG,TT,AG,AC,TT,CT,AG,CC,GT,GT,TT,CC,AA,TT,CT,AA,TT,GG,CC,AA,CC,CC,CC,CG,CC,AA,GG,AG,CC,TT,CG,GT,TT,GG,TT,AA,AA,TT,CC,GG,AA,AA,CC,GG,GG,AC,CG,TT,AA,AA,CG,GG,AT,CC,AA,AT,GG,TT,AT,AT,GG,GG,TT,CC,TT,TT,AA,GG,AA,TT,CC,TT,CC,TT,AC,AC,TT,CG,AA,CC,AA,CC,TT,CT,TT,GG,TT,AA,CC,AA,GG,CC,CG,GG,CC,GG,AA,AG,CC,TT,GG,CC,CC,AA,GG,GG,AA,CC,AA,AA,AC,CG,CC,TT,AG,GG,AA,AC,AA,AA,AG,AA,AG,AA,TT,GG,CC,GG,AC,AC,TT,AA,AA,GG,GG,GG,TT,AA,AA,TT,TT,AT,AA,TT,GG,GG,AA,2.46,Susceptible,Low,Premium,Medium
L0692,Bengaluru Rural,Karnataka,Kharif,Red Sandy Loam,Rainfed,720,26.0,70,CC,TT,GG,AA,GG,CC,TT,AT,CC,CC,AA,CC,CC,TT,TT,GT,CC,TT,AT,AG,CC,GT,TT,CC,TT,CT,TT,TT,GT,AA,TT,CC,AA,CC,GG,CG,GG,CC,GG,AC,TT,TT,AA,GT,AA,AG,TT,AT,CC,CC,GG,AA,AA,GG,CT,GT,AA,AA,GT,AA,GG,TT,TT,AG,TT,AT,CC,GG,TT,GT,AA,GG,CC,AA,GG,AA,NN,GG,TT,TT,GG,GG,GG,CC,AT,GG,AG,AA,CC,GG,CC,TT,CC,TT,TT,GG,TT,NN,TT,CC,CC,CC,AG,AA,TT,TT,CC,AA,AA,AA,TT,GG,TT,CC,TT,AC,AA,TT,CC,AG,CC,GG,CC,GG,CT,AA,CT,CC,CC,CC,AA,TT,CC,AA,NN,CC,AA,TT,AA,AA,GG,CC,CC,GG,AA,AA,AA,AC,GT,CC,CC,AA,AG,AG,TT,AG,AA,GT,TT,GG,CC,GT,TT,TT,CC,AT,TT,CT,AT,AT,CG,CC,AG,CC,AC,CC,GG,CC,NN,GG,AG,CC,TT,CG,GG,TT,GG,AT,AA,AA,TT,CC,GG,AA,CC,CC,GG,GG,AA,GG,TT,CC,AA,CC,GG,AT,AC,AA,AA,GG,TT,TT,AA,CG,GG,AA,CC,AT,GT,AA,GG,AA,CT,AA,AT,CC,CC,AA,CC,TT,GG,AA,CC,AG,AC,TT,TT,TT,GG,TT,AA,AA,AA,GG,CC,CG,GG,CC,GG,AA,AA,CC,TT,GG,CC,CC,AA,AA,CC,TT,CG,AA,AA,CC,CC,AA,TT,AA,NN,AA,AA,AC,AC,GG,AG,AG,AA,TT,GG,AC,AA,AC,AA,CT,AA,AA,CG,GG,GG,TT,AA,AA,GT,TT,TT,AA,NN,GG,GG,AA,4.24,Susceptible,Low,Standard,Late
L0693,Bengaluru Rural,Karnataka,Kharif,Red Sandy Loam,Rainfed,720,26.0,70,AA,CT,GG,AA,GG,CC,GG,AT,CC,CG,AA,CT,CC,TT,TT,GG,GG,TT,TT,AA,CC,TT,GT,CT,AT,CC,TT,TT,GG,AA,TT,NN,AA,CC,GG,GG,GG,CG,GG,CC,GT,TT,AC,TT,AG,AA,TT,TT,CC,CC,GT,AA,AA,GG,CT,GT,AA,AA,GT,AA,AA,TT,AT,AA,TT,AT,CC,GG,TT,GG,GG,GG,CC,AG,AG,AC,AA,GG,TT,TT,GG,GT,GG,CC,AA,GG,AA,AA,CC,TT,AA,TT,CT,AT,TT,GG,TT,CC,GT,CC,CT,CC,AA,AA,TT,TT,CC,AA,AG,AA,CT,GG,GT,CC,TT,AA,AA,TT,GG,AG,CG,AG,CC,GG,CC,AA,CC,CC,CC,CC,AA,TT,CC,AA,CC,CC,AA,TT,AA,AA,GG,CC,CC,GG,AA,AG,AT,CC,GG,CC,CC,AA,AA,GG,TT,AG,AA,TT,TT,GG,CC,GT,GG,TT,CC,TT,GG,TT,AT,TT,GG,CC,AA,CC,CC,AC,GG,CC,AA,GG,AA,CC,TT,CC,GT,TT,GG,AT,AG,AA,TT,CC,GG,AA,AC,CC,GG,GG,AC,GG,TT,AC,AA,NN,GG,AT,AC,AA,AA,GT,TT,TT,AT,CG,GT,AA,CG,AT,TT,AA,GG,AA,TT,AA,TT,CC,TT,AA,CC,TT,GG,AG,CG,AA,CC,TT,TT,TT,GG,TT,AA,AC,AA,GG,CG,CG,GG,CG,NN,AT,AA,CC,GT,AG,CC,CC,AA,GG,CG,AA,CC,AT,AA,AC,CG,AC,TT,AA,GG,AA,AA,AC,AA,AG,AA,AG,AA,TT,GG,AA,AA,AC,AA,CT,AG,AA,CG,GG,GG,TT,AT,AA,GG,TT,TT,AG,TT,GG,CG,AA,1.25,Resistant,Low,Standard,Late
L0694,Bengaluru Rural,Karnataka,Kharif,Red Sandy Loam,Rainfed,720,26.0,70,AC,TT,NN,AG,CG,CC,GG,TT,CC,CC,AA,CC,CC,TT,TT,GG,CG,TT,TT,AG,CC,TT,TT,CC,TT,CT,TT,TT,GG,AA,TT,CC,AA,CC,AA,GG,GG,CC,GG,CC,TT,CT,CC,TT,AA,AG,TT,AT,CC,AC,GT,AA,AG,GG,CC,TT,AA,AC,GT,AA,AA,TT,TT,AG,TT,AT,CC,GT,TT,GG,AG,GG,CC,AA,AG,AA,AT,GG,GT,TT,GG,GG,GG,CC,AT,GG,AA,AA,CC,GT,CC,TT,CT,TT,TT,GG,CT,CC,TT,CC,CT,CC,AG,AA,TT,TT,CC,AG,AA,AA,CC,GG,TT,CC,GT,AA,AA,TT,CC,GG,CG,GG,CC,GT,CT,AA,CC,CC,CC,CC,AA,TT,CC,AA,CC,CC,NN,AT,AA,AA,GG,CC,CC,GG,AA,AA,AT,AC,GG,CG,CC,AA,AG,GG,TT,AG,CC,TT,TT,AG,CC,GG,TT,TT,CG,AA,GG,CT,AA,TT,GG,CG,AA,CT,AC,CC,GG,CC,AA,GG,AG,CC,TT,CG,GG,TT,CG,TT,AA,AG,TT,CC,CC,AA,AC,CC,GG,GG,CC,CG,CT,AC,AG,CG,GT,AA,AC,AA,AA,GG,TT,TT,AT,GG,GG,AA,NN,TT,GG,AA,GG,AA,CT,AA,TT,CG,TT,AC,CC,TT,CG,GG,CG,AA,CC,TT,CT,TT,GG,TT,AA,CC,AG,GG,CC,CC,GG,CC,GG,TT,AA,CG,TT,GG,CC,CC,AT,GG,CC,AA,CC,AA,AA,AC,GG,AA,TT,AA,GG,AA,AA,CC,AA,GG,AA,AG,AA,TT,GG,AA,GG,AC,AC,CT,AA,AA,GG,GG,GG,TT,AA,AA,GT,TT,TT,AA,TT,GG,CG,AA,6.16,Moderate,Medium,Standard,Late
L0695,Bengaluru Rural,Karnataka,Kharif,Red Sandy Loam,Rainfed,720,26.0,70,AA,TT,GG,GG,GG,CC,GG,TT,CC,CC,AA,TT,CC,TT,TT,GT,CG,TT,TT,AA,CG,GT,TT,CT,AT,CC,TT,TT,GG,AA,TT,CT,AA,CC,GG,GG,GG,CC,GG,CC,TT,TT,AA,GT,AA,GG,TT,TT,CC,CC,GG,AA,AG,GG,CC,TT,AA,AA,NN,AA,AA,TT,AT,GG,TT,TT,CC,GG,TT,GT,AG,GG,AC,AA,GG,AA,AA,GG,GT,TT,GG,GG,GG,CC,AA,GG,AA,AA,CC,GT,CC,GT,CC,TT,TT,GG,TT,CC,GT,CC,CC,CG,AA,AA,TT,TT,CC,AA,AG,AA,CC,GG,TT,CC,GT,CC,AC,TT,CC,AG,CC,GG,CC,GG,TT,AA,TT,CC,CC,CC,AA,TT,CC,AA,CC,CC,AA,TT,AA,AA,GG,CC,CC,GG,AA,AG,AA,CC,GG,CC,CC,AA,AG,GG,TT,GG,AA,TT,TT,GG,CC,GT,TT,TT,CC,AA,GT,CT,AA,TT,GG,CC,AA,CC,CC,CC,CC,CC,AA,GG,AA,CC,TT,CC,GG,GT,CG,TT,NN,AA,TT,CC,GG,NN,CC,CG,GG,GG,AA,GG,CC,AA,AA,CC,GG,AA,CC,AA,AA,GT,TT,TT,AT,CG,GT,TT,CG,TT,TT,AA,GG,AA,TT,AA,TT,CC,TT,AC,CC,CT,GG,GG,CG,AA,AC,TT,TT,TT,CG,TT,AA,AC,AA,GG,CC,CC,GG,CC,GG,TT,AA,CC,TT,GG,CC,CG,AA,GG,CC,AA,CC,AA,AA,CC,CC,CC,TT,AA,CG,AA,AA,AC,NN,AG,AA,AG,AA,AT,GG,AA,AA,CC,AC,TT,AG,AA,CC,GG,GG,GT,AA,AG,TT,TT,TT,AG,TT,GG,CG,AA,2.64,Susceptible,High,Premium,Early
L0696,Bengaluru Rural,Karnataka,Kharif,Red Sandy Loam,Rainfed,720,26.0,70,AC,TT,GG,AG,GG,CC,GT,TT,CC,CC,AA,CT,CG,NN,GT,GG,GG,TT,TT,AA,CC,TT,TT,CT,AT,CC,GT,TT,GG,AA,TT,CC,AA,CC,GG,CG,GG,CC,GG,CC,TT,CT,AA,NN,AA,GG,TT,TT,CC,CC,GG,AA,GG,GG,CT,TT,AA,AC,TT,AA,AA,NN,TT,AA,CT,TT,CC,GG,TT,GT,AG,GG,CC,AA,GG,AC,AA,GG,TT,TT,GG,GG,NN,CC,AA,GG,AA,AT,CC,TT,CC,TT,TT,TT,TT,GG,TT,AC,TT,CC,CC,CG,GG,AA,TT,TT,CC,AA,AG,AC,CC,GG,TT,CC,TT,AA,AA,TT,CC,GG,CC,GG,CC,GG,TT,AA,CC,CC,CC,CC,AA,TT,CC,AA,CC,CC,AA,TT,AA,AA,GG,CC,CC,GG,AA,AG,AA,CC,GG,CC,CC,AG,AA,GG,TT,GG,AC,GG,CT,GG,AC,GT,GT,TT,CC,AA,TT,TT,AT,TT,GG,CC,AA,CT,CC,CC,GG,AC,AA,GG,AG,CC,TT,CG,GT,GT,GG,AA,AA,AA,TT,AC,GG,AA,CC,CC,GG,GG,AA,GG,TT,AA,AA,CC,GG,AT,CC,AT,AT,GT,TT,AT,AT,CG,GT,AA,CC,NN,TT,AA,GG,AA,CC,AC,TT,CC,CT,AA,CC,CT,CC,AG,CC,GG,CC,TT,TT,GT,GG,TT,AA,CC,AG,GG,CC,GG,NN,CC,GG,NN,AA,CC,TT,GG,CG,CC,AA,GG,CC,AA,CC,AA,AA,AC,CG,CC,TT,AA,CG,AA,AA,AA,AA,GG,AG,AA,AA,TT,GG,CC,AA,AC,AA,TT,AA,NN,GG,GG,GG,TT,AA,AG,TT,TT,TT,AA,AT,GG,GG,AA,3.39,Resistant,High,Premium,Early
L0697,Bengaluru Rural,Karnataka,Kharif,Red Sandy Loam,Rainfed,720,26.0,70,AC,TT,AG,AG,GG,CC,GG,AT,CC,CG,AA,CT,CC,TT,GT,GG,GG,TT,NN,AG,CG,TT,TT,CC,TT,CC,TT,AA,GG,AA,TT,CC,AA,CC,GG,GG,GG,CC,GG,CC,TT,TT,AA,TT,AG,AG,CT,AT,CC,AA,GG,AA,AA,NN,CC,TT,AA,AA,GT,AC,AG,TT,AT,AG,TT,TT,CC,GG,CT,GT,AG,GG,CC,AA,GG,AA,AT,GG,TT,TT,GG,GG,GG,CC,AA,GG,AA,AA,CC,GG,CC,NN,CC,AT,TT,GG,TT,CC,TT,CC,CC,CG,AG,AA,AT,TT,CC,AA,AG,AA,CT,GG,GT,CC,TT,AA,AC,TT,CC,GG,CG,GG,CC,GG,TT,AA,CC,CC,CC,CC,AA,TT,AC,AA,CC,CC,AA,TT,AA,AA,CG,CT,CC,GG,AA,GG,AA,AC,GG,CC,CC,AA,AA,AG,GT,NN,AA,TT,CT,GG,CC,TT,TT,CT,CC,AA,TT,TT,AT,TT,GG,CC,AA,CT,CC,CC,GG,CC,AA,GG,AG,CC,TT,CG,TT,GT,GG,TT,AA,AG,TT,CC,GG,AC,CC,CG,GG,GG,AA,GG,TT,CC,AA,CG,GG,AA,CC,AA,AA,GG,GT,AA,NN,GG,GT,AA,CC,TT,TT,AA,GG,AA,CT,AA,TT,CC,CT,AC,CC,TT,GG,GG,CG,GG,AC,TT,TT,TT,GG,AT,AA,CC,AG,GG,CC,CG,GG,CC,GG,AT,AA,CG,NN,GG,CC,CC,AA,AG,CC,AT,CC,AA,AA,CC,CC,AC,TT,AA,GG,AA,AA,AC,AA,AG,AG,AA,AA,TT,GG,AA,AA,CC,AA,TT,AG,AG,GG,AG,GG,GT,AA,AA,TT,TT,TT,AG,AT,GG,GG,AA,5.3,Susceptible,Medium,Standard,Early
L0698,Bengaluru Rural,Karnataka,Kharif,Red Sandy Loam,Rainfed,720,26.0,70,AA,CT,GG,GG,GG,CC,GG,TT,CC,CG,AA,CT,CC,AT,TT,GG,GG,TT,TT,AA,NN,GT,TT,CC,AT,CC,TT,AT,GG,AA,CT,CC,AA,CC,GG,GG,GG,CC,GG,CC,TT,CT,AC,TT,AA,GG,TT,NN,GG,CC,GT,AA,AA,GG,CT,TT,AA,AA,GG,AA,AA,TT,TT,AA,TT,TT,CC,GG,TT,GG,AA,GG,CC,AA,AA,AA,AA,GG,TT,TT,GG,GG,GG,CC,AA,GG,AA,AA,CG,TT,AC,TT,CT,TT,TT,GG,TT,CC,TT,CC,CT,CG,AG,AA,TT,TT,CC,AA,AG,CC,CT,GG,GT,CC,TT,AA,AA,TT,CC,GG,CC,GG,CT,GG,CT,AG,CC,CC,AC,CC,AA,TT,CC,AA,CC,CC,AA,TT,AA,AA,GG,CC,CC,AG,AA,AG,AA,CC,GT,CC,CC,AA,AA,GG,GT,GG,AA,TT,CT,GG,CC,TT,NN,TT,CC,AA,TT,TT,AA,TT,CG,CC,AA,CT,CC,CC,GG,CC,AT,GG,AG,AC,TT,CC,GG,GG,GG,AT,AA,AA,TT,CC,GG,AA,CC,CC,GG,AG,AC,GG,TT,AC,AA,CC,TT,AT,AA,AA,AA,GG,TT,AT,AT,CG,GT,AT,CC,TT,TT,AA,GG,AA,TT,AA,TT,CC,TT,AA,CC,TT,CG,AA,CG,GG,CC,TT,CT,TT,GG,TT,AA,CC,AA,GG,CG,CG,GG,CC,GG,AT,AG,CC,TT,GG,CC,CC,AA,GG,GG,AT,CC,AA,AA,AC,GG,CC,TT,AA,GG,AA,AC,AC,AA,AG,AA,AA,AA,TT,GG,AA,AG,AC,AC,TT,AA,AA,GG,GG,GG,TT,AA,AA,GT,TT,TT,AA,TT,GG,GG,AA,2.12,Moderate,Medium,Premium,Early
L0699,Bengaluru Rural,Karnataka,Kharif,Red Sandy Loam,Rainfed,720,26.0,70,AA,TT,GG,AG,GG,CC,GT,TT,CC,CG,AA,CC,CG,TT,GG,GG,CG,TT,TT,AA,CC,TT,GG,CC,TT,CT,TT,TT,GT,AA,TT,CC,AA,CC,GG,CG,GG,CC,GG,AC,TT,CT,AA,TT,AA,AG,TT,AT,CC,AC,GT,AT,AA,GG,CT,TT,AA,CC,GT,AA,AA,TT,TT,AA,TT,TT,CC,GG,TT,GT,AA,GG,CC,AA,GG,AC,AA,GG,GT,TT,GG,GG,GG,CC,AA,GG,AG,AT,CC,GT,AA,TT,CC,AT,TT,GG,TT,CC,GT,CC,CT,CG,AG,AA,AA,TT,CC,AA,AG,AC,CC,GG,TT,CC,TT,AA,AA,TT,CC,GG,CC,GG,CT,GT,CT,AA,CT,CC,CC,CC,AA,GT,CC,AA,CC,CC,AA,AT,AA,AA,GG,CT,CC,GG,AA,AG,AA,CC,GG,CC,CC,AA,AG,GG,TT,GG,AA,TT,TT,NN,CC,TT,GT,TT,CC,AT,GT,TT,AT,TT,GG,CC,AA,CT,CC,CC,GG,CC,AA,GG,AG,CC,GT,CG,GG,TT,GG,TT,AA,AA,TT,AC,GG,AA,AC,CC,GG,AG,AC,GG,TT,CC,AA,CC,GG,AA,NN,AA,AA,GG,TT,AA,AA,GG,TT,AT,CC,TT,TT,AA,GG,AA,TT,AA,TT,CC,TT,AA,CC,TT,CG,AA,CC,AA,CC,TT,TT,GT,GG,TT,AC,AC,AG,GG,CC,CC,GG,CG,GG,AT,AG,CC,TT,GG,CC,CG,AA,GG,CC,AT,CC,AT,NN,CC,CC,AC,TT,AA,CG,AA,AA,AA,AA,GG,AA,AA,AA,AT,GG,AC,AG,CC,AA,CC,AA,AA,GG,GG,GG,TT,AA,AG,TT,NN,TT,AG,TT,GG,GG,AC,4.28,Moderate,Medium,Premium,Late
L0700,Bengaluru Rural,Karnataka,Kharif,Red Sandy Loam,Rainfed,720,26.0,70,AC,TT,GG,AG,GG,CC,GG,AT,CC,GG,AA,CC,CG,TT,TT,GG,GG,TT,TT,AA,CC,TT,GT,CC,TT,CC,TT,AT,GG,AA,CT,CC,AA,AC,GG,GG,GG,CC,GG,CC,TT,TT,AA,TT,AG,AG,TT,TT,CC,AA,GG,AA,AA,GG,CC,TT,AA,AA,GT,AA,NN,TT,AT,AA,CT,AT,CC,GG,TT,GG,AA,GG,CC,AA,GG,AA,AT,GG,GT,CT,GG,GT,GG,CC,AA,GG,AA,AA,CC,TT,CC,TT,CC,TT,TT,GG,TT,CC,GT,CC,CC,CC,AG,AG,TT,TT,CG,AA,NN,AA,CC,GG,TT,CC,TT,AC,AA,TT,CC,GG,NN,GG,CC,GG,CT,AG,CC,CC,AC,CC,AA,TT,CC,NN,CC,CC,AA,AT,AA,AA,GG,CT,CC,GG,AA,AG,AT,AC,GG,CC,CC,AA,AA,GG,TT,GG,AC,GT,TT,GG,AC,TT,GT,TT,CC,AT,TT,TT,AA,TT,GG,CC,AG,CC,AC,AC,GG,CC,AA,GG,AA,CC,TT,CC,GT,GT,CG,TT,AA,AA,TT,CC,GG,AC,CC,CC,GG,GG,AA,GG,TT,AA,AG,CC,GG,AA,AC,AA,NN,GG,TT,AT,AT,GG,GT,AA,CC,TT,TT,AA,GG,AA,TT,AC,TT,CC,TT,AA,CC,TT,GG,AA,CC,AA,CC,TT,CT,GT,GG,TT,AC,AC,AA,GT,CC,GG,GG,CC,GG,TT,AA,CC,TT,GG,CC,CC,AT,GG,CC,NN,CC,AA,AA,AC,CC,AC,TT,AA,GG,AA,AC,AC,AC,GG,AA,AA,AA,TT,GG,AA,AG,AC,AA,TT,AA,AA,GG,GG,GG,TT,AA,AA,TT,TT,TT,AA,AT,GG,GG,AA,3.82,Resistant,Low,Poor,Early
L0701,Bengaluru Rural,Karnataka,Kharif,Red Sandy Loam,Rainfed,720,26.0,70,CC,CT,GG,AG,GG,CG,GG,AT,CC,CG,AA,CT,CC,AT,TT,GT,CG,TT,AT,AA,CC,TT,GT,CC,TT,CC,TT,AT,GG,AA,TT,CC,AG,CC,GG,GG,GG,CG,GG,AC,TT,CT,AA,TT,AG,AA,CT,TT,CC,AC,GG,AA,AG,GG,CC,GT,AA,CC,GG,AC,AA,TT,AT,AA,TT,TT,CC,GG,TT,GT,AG,GT,CC,AA,GG,AA,AT,GG,TT,TT,GG,GG,GG,CC,AA,GG,AA,AA,CC,GT,AC,GT,CT,TT,TT,GG,CT,CC,GG,CC,CC,CC,GG,AG,TT,TT,CC,AG,AA,AA,CT,GG,TT,CC,TT,AC,AA,TT,CC,GG,CG,GG,CC,GG,TT,AA,CT,CC,CC,CC,AA,TT,CC,AA,CC,CC,AA,TT,NN,AA,GG,CC,CC,GG,AA,AG,AA,CC,GT,CC,CC,AA,AG,AG,GT,GG,AC,TT,TT,AG,CC,TT,TT,CT,CC,AA,TT,CT,AA,TT,GG,CC,AG,CC,CC,CC,GG,CC,AA,GG,AG,AC,TT,CC,GT,TT,GG,AT,AA,AG,TT,CC,GG,AA,CC,CC,GG,NN,AA,GG,TT,AA,AA,CC,GT,AA,AC,NN,TT,GG,TT,TT,AA,CG,GG,AA,CG,TT,GT,AA,GG,AA,CC,AA,TT,CC,TT,AA,CC,TT,GG,AA,CC,AG,CC,TT,TT,TT,GG,TT,AA,CC,AG,GG,CC,NN,GG,CC,GG,TT,AA,CC,TT,GG,CC,CC,AA,AG,CC,AT,NN,AT,AA,CC,CC,NN,TT,AA,GG,AA,AA,AC,AA,GG,AA,AA,AA,TT,CG,AC,AA,CC,AA,TT,AA,AA,GG,GG,GG,TT,AA,AG,TT,TT,TT,AA,TT,GG,GG,AA,6.22,Susceptible,Low,Poor,Early
L0702,Bengaluru Rural,Karnataka,Kharif,Red Sandy Loam,Rainfed,720,26.0,70,AA,TT,GG,AA,GG,CC,GG,TT,CC,CG,AA,CC,CG,AT,TT,GG,GG,TT,TT,AA,CC,TT,TT,CC,TT,CC,TT,AT,GG,AA,TT,CT,AA,CC,GG,GG,GG,CG,GG,CC,TT,CC,AC,TT,AA,AG,TT,AT,CC,AC,GG,AA,AA,GG,CT,TT,AA,AA,GT,AC,AA,GT,TT,AG,TT,TT,CC,GG,TT,GT,AA,GG,CC,AA,AG,AA,AT,GG,TT,CT,GG,GG,GT,CC,AA,AG,AA,AA,CC,GT,AC,TT,CT,TT,GG,GG,TT,CC,TT,CC,CT,CC,AG,AA,TT,TT,CC,AA,GG,AA,CT,GG,TT,CG,GT,AA,AC,TT,CC,AG,CC,GG,CC,GT,NN,AG,CC,CC,CC,CC,AA,TT,CC,AA,CC,CC,AA,TT,AA,AA,GG,CC,CG,AG,AG,AG,AT,CC,GG,CC,CC,AA,AA,GG,TT,GG,AC,TT,TT,GG,AC,TT,GT,TT,CC,AT,TT,TT,AA,TT,GG,CC,AA,CT,CC,CC,GG,CC,AA,GG,AG,CC,TT,CC,GG,GT,CC,AT,AA,AA,TT,CC,GG,AC,CC,CC,GG,GG,AA,GG,TT,AA,AA,CC,GG,AA,AC,AA,TT,GG,TT,TT,AA,GG,GT,AT,CG,TT,TT,AA,GG,AA,CC,AA,TT,CC,TT,AA,AC,TT,GG,AA,CC,AA,CC,TT,CT,TT,GG,TT,AA,AC,AG,GG,CC,CG,GG,CG,GG,TT,AA,CC,GT,GG,CC,CC,AA,GG,CG,AA,CG,AT,AA,AC,CC,AA,TT,AA,GG,AA,AA,AA,AA,AG,AA,AA,AA,TT,GG,AA,AG,CC,AC,CT,AA,AA,GG,GG,GG,TT,TT,AG,TT,TT,TT,AA,TT,GG,CG,AA,3.71,Moderate,Medium,Poor,Late
L0703,Bengaluru Rural,Karnataka,Kharif,Red Sandy Loam,Rainfed,720,26.0,70,AA,TT,AG,AA,GG,CC,GT,AT,CC,CG,AA,CC,CC,TT,TT,GT,GG,TT,AT,AA,CG,GT,TT,CC,TT,NN,GT,AT,GG,AA,TT,CT,AA,CC,GG,GG,GG,CG,GG,CC,TT,CT,AA,TT,AA,GG,TT,AT,CC,AC,GT,AA,AG,GG,CC,TT,AT,AA,GT,AC,AA,GT,TT,AG,TT,TT,CC,GT,TT,GG,AA,GG,AC,AA,AG,AC,AA,GG,TT,TT,GG,GG,GT,CC,AA,NN,AA,AT,NN,GT,CC,TT,CC,AT,TT,AG,TT,CC,GG,CC,CC,CC,AA,AA,AT,GT,CC,AA,AA,AA,CT,GG,TT,CC,TT,AA,AA,AT,CG,GG,GG,GG,CT,GT,CT,AA,CC,NN,CC,CG,AA,TT,CC,AA,CC,CC,AA,TT,AA,AA,GG,CC,CC,GG,AA,AA,AA,CC,GT,CC,CC,AA,AA,AG,TT,GG,AA,GT,TT,GG,CC,GT,GG,TT,CC,AA,TT,TT,AA,TT,CG,CC,AA,CC,CC,AC,CC,CC,AA,GG,AG,CC,TT,NN,TT,TT,GG,AT,AA,AA,TT,CC,CG,AA,AC,CC,GG,GG,AC,CG,TT,AC,AA,CC,GG,AT,NN,AA,TT,GG,TT,AT,AA,GG,TT,AA,GG,TT,TT,AA,GG,AA,TT,NN,TT,CC,TT,AA,CC,TT,CG,AG,CC,GG,CC,TT,CT,GT,GG,TT,AC,AC,AA,GG,CC,CC,GG,CC,GG,TT,AG,CC,GT,GG,CC,CC,AT,AG,CG,AA,CC,AA,AA,CC,CG,CC,TT,AA,GG,AA,AA,AA,AA,GG,AA,AG,AA,TT,CG,AC,AA,AC,AA,CT,AA,AA,CG,GG,GG,TT,AT,AA,TT,TT,TT,AG,AT,GG,GG,AA,2.46,Susceptible,Low,Premium,Medium
L0704,Bengaluru Rural,Karnataka,Kharif,Red Sandy Loam,Rainfed,720,26.0,70,AA,TT,GG,AG,GG,GG,TT,AT,NN,CC,AA,CC,CC,AA,TT,GT,CG,NN,TT,AG,CC,TT,GT,CC,TT,CC,TT,AT,GG,AA,CT,CC,AA,CC,GG,CG,GG,CG,GT,CC,TT,CC,AA,TT,AA,GG,TT,AT,CC,CC,GG,AA,AG,GG,CT,GT,AA,AA,GT,AC,AG,TT,AT,AA,CT,AT,CC,GG,TT,GG,AA,GG,CC,AA,GG,AA,TT,GG,TT,TT,GG,GT,GG,CC,AA,GG,AA,AA,CC,GT,CC,GT,CC,TT,TT,AG,CT,AC,TT,CC,CC,CC,AG,NN,TT,TT,CC,AA,AG,AC,CC,GG,GT,CG,TT,AA,AA,TT,CC,GG,GG,GG,CC,GT,TT,AA,CT,CC,CC,CC,AA,TT,CC,AA,CC,CC,AA,TT,AA,AA,GG,CC,CC,GG,AA,AA,AA,AC,GT,CC,CC,AG,AG,AG,TT,AG,AC,TT,CC,GG,AC,GT,GT,TT,CC,AA,TT,TT,AA,TT,GG,CC,AA,CC,CC,CC,GG,CC,AA,GG,AG,CC,TT,CC,GG,TT,CG,TT,AG,AA,TT,AC,CG,AC,CC,CC,GG,GG,AC,GG,TT,AA,AA,CC,GG,AA,AC,AA,AT,GT,TT,AA,AT,CG,GG,AA,CG,TT,TT,AA,GG,AA,CT,AA,TT,CC,TT,AA,CC,TT,GG,AG,CC,AG,CC,TT,CT,TT,GG,TT,AA,CC,AG,GG,CG,CC,GG,CC,GG,TT,AA,CG,GT,GG,CC,CC,AA,GG,CC,AA,CG,AA,AA,AA,GG,AC,TT,AA,GG,AA,AA,AA,AC,AA,AG,AA,AA,TT,GG,AC,AG,AC,AA,TT,AG,AA,GG,GG,GG,TT,AA,AA,TT,TT,TT,AG,AT,GG,GG,AA,4.95,Moderate,Medium,Standard,Late
L0705,Bengaluru Rural,Karnataka,Kharif,Red Sandy Loam,Rainfed,720,26.0,70,AC,TT,AG,AA,GG,CC,GT,AT,CC,NN,AA,NN,CG,TT,TT,GG,GG,TT,TT,AA,CC,TT,GT,CC,TT,CT,TT,TT,GG,AA,TT,CC,AA,CC,GG,GG,GG,CC,GG,NN,TT,CC,AA,TT,AA,AG,CT,AT,CC,AC,GG,AA,AA,GG,CC,TT,AA,AA,GG,AC,AG,GT,AA,AA,TT,AT,CC,GG,TT,GG,AA,GT,CC,AA,GG,AC,AA,AG,TT,TT,GG,GT,GG,CC,AA,GG,AA,AA,CC,GT,AC,TT,CT,AT,TT,GG,TT,CC,GT,CT,CC,CG,AG,AA,TT,TT,CC,AA,GG,AA,CT,GG,TT,CC,GT,AA,AA,TT,CC,AG,CC,GG,CT,GT,CT,AG,CC,CC,CC,CC,AA,GT,AC,AA,CC,CC,AA,TT,AA,AA,GG,CC,CC,GG,AA,AA,AA,CC,GT,CC,CC,AA,AA,GG,TT,GG,AA,TT,CT,GG,AC,TT,GG,CC,CG,AT,TT,TT,AA,TT,GG,CC,AA,CC,CC,CC,GG,AC,AA,GG,AA,CC,TT,CC,TT,TT,CG,AT,AA,AA,TT,CC,CG,AA,CC,CC,GG,GG,AA,GG,TT,AA,AA,CC,GT,AA,AA,AA,AA,GG,TT,AT,AT,CG,GG,AT,CC,AT,TT,AA,GG,AA,CT,AA,TT,CC,CT,CC,CC,TT,GG,AA,CG,AA,AC,TT,TT,NN,GG,TT,AA,AA,AA,GG,CG,CC,GG,CC,GG,TT,AA,CC,GT,GG,CG,GG,AA,GG,NN,AA,CC,AA,AA,CC,CC,AA,TT,AA,GG,AA,AA,AA,AA,GG,AA,AG,AA,AT,GG,AA,AA,CC,AC,TT,AA,AA,GG,GG,GG,TT,AA,AA,GT,TT,TT,AA,TT,GG,GG,AA,2.24,Susceptible,Low,Poor,Late
L0706,Bengaluru Rural,Karnataka,Kharif,Red Sandy Loam,Rainfed,720,26.0,70,AC,TT,AG,AG,GG,CC,GG,AT,CC,CG,AA,CC,CC,TT,GT,GT,CG,TT,TT,AA,CC,TT,GG,CC,TT,CC,TT,TT,GG,AA,TT,CC,AA,CC,GG,GG,GG,CG,GG,CC,TT,TT,AA,TT,AA,AG,TT,TT,CC,AA,GT,AA,AA,GG,NN,TT,AA,AC,GG,AC,AA,TT,AT,AG,CC,TT,CC,GG,TT,GG,NN,GG,CC,AA,AG,AA,AA,NN,TT,TT,NN,GG,GG,CC,AA,GG,AA,AT,CC,GT,CC,TT,NN,TT,TT,GG,TT,CC,TT,CC,CT,CG,GG,AA,AT,TT,CC,AG,NN,AA,CT,GG,TT,CC,TT,AA,AC,TT,CC,AG,CG,GG,CC,GT,TT,AA,CT,CC,CC,CC,AA,TT,CC,AA,CC,CC,AA,TT,AA,AA,GG,CC,CC,GG,AA,NN,AA,CC,GT,CC,CC,AG,AA,AG,TT,GG,AA,TT,CT,GG,AA,TT,TT,TT,GG,AT,TT,TT,AA,TT,GG,CC,AG,CT,CC,AC,GG,AC,AA,GG,AA,CC,TT,CC,GT,TT,GG,AT,AA,AA,TT,CC,CG,AA,CC,CC,GG,GG,AC,GG,TT,AA,AA,CC,GT,AA,CC,AA,AT,GT,TT,TT,AT,CG,TT,AA,CG,TT,GT,AA,GG,AA,TT,AA,TT,CG,CT,AA,CC,TT,GG,AA,CG,GG,CC,TT,CT,GT,GG,TT,AA,CC,AG,GG,CC,CC,GG,CC,GG,AT,AA,CC,TT,GG,CC,CG,AA,GG,CG,AA,CC,AT,AA,AC,GG,AA,TT,AA,GG,AA,AC,AC,AA,AA,AA,AA,AG,TT,GG,AC,AG,AC,AA,TT,AA,AG,GG,GG,GG,TT,AA,AG,TT,TT,TT,AA,TT,GG,CG,AA,3.0,Susceptible,Medium,Poor,Medium
L0707,Bengaluru Rural,Karnataka,Kharif,Red Sandy Loam,Rainfed,720,26.0,70,AC,CT,AG,AA,GG,CC,GG,AT,CC,CG,AA,CC,CC,TT,TT,GT,GG,TT,TT,AA,CC,GT,TT,CT,AT,CC,TT,TT,GT,AA,TT,CC,AA,CC,GG,CG,GG,GG,GG,CC,TT,CT,AA,TT,AA,AG,CC,AT,CC,CC,GG,AT,AA,GG,CC,GT,AA,AA,GT,AA,AA,GT,TT,GG,TT,NN,CC,GG,TT,TT,AG,GG,CC,AA,AG,CC,AA,GG,TT,TT,GG,GG,GG,CC,AT,NN,AG,NN,CC,GT,CC,TT,CT,TT,GT,GG,CT,CC,TT,CT,CC,CG,AG,AA,TT,TT,CC,AG,AA,AA,CC,GG,TT,CC,TT,AA,AA,TT,CC,GG,CC,GG,CC,GT,TT,AG,CC,CG,AC,CG,AA,TT,CC,AA,CC,CC,NN,TT,AG,AT,GG,NN,CC,AG,AA,AA,AA,AC,GG,CC,CC,AG,AG,AG,TT,GG,AC,TT,CT,GG,CC,GG,TT,TT,CG,AA,GT,TT,AA,AT,GG,CC,AG,CC,NN,CC,CG,CC,AA,GG,AG,CC,TT,CC,GG,TT,GG,TT,AG,AA,TT,AC,GG,AC,CC,CC,GG,GG,AC,GG,TT,AC,AG,CC,GG,AA,AC,AT,AA,GT,GT,AT,AA,GG,TT,AA,CC,TT,GT,AA,GG,AA,TT,AA,TT,CC,CT,AA,CC,CT,CG,AG,CC,AG,CC,TT,CT,TT,GG,TT,AA,AA,AA,GG,CC,CC,GG,CC,GG,TT,AA,CC,TT,AG,CC,CC,AA,AG,CG,AA,CC,AT,AA,CC,CC,AC,TT,AA,GG,AA,AA,AA,NN,AG,AA,AG,AA,TT,GG,AC,AG,CC,AC,CT,AA,AA,GG,GG,GG,TT,AA,AG,TT,TT,TT,AG,AA,GG,GG,AC,5.22,Resistant,Medium,Standard,Medium
L0708,Bengaluru Rural,Karnataka,Kharif,Red Sandy Loam,Rainfed,720,26.0,70,AC,TT,GG,AG,GG,CC,GG,TT,CC,CC,AA,CC,CG,TT,GT,GG,GG,TT,TT,AA,CC,TT,TT,CC,TT,CC,GT,TT,GG,AA,CT,CC,AA,CC,GG,GG,GG,CC,GG,NN,TT,CT,AA,TT,AG,GG,TT,AT,CC,AA,GG,AA,AG,GG,CC,TT,AA,AA,GG,AC,AG,TT,AA,AA,TT,AT,CC,GG,TT,GT,AA,GG,CC,AA,GG,AA,AT,GG,TT,TT,GG,GG,GT,CC,AA,GG,AA,AA,CG,TT,CC,TT,CC,TT,GT,AG,TT,AC,GT,CC,NN,CC,AA,AA,TT,TT,CC,AA,AG,AA,CT,GG,TT,GG,TT,AC,AA,TT,CG,GG,CG,GG,CC,GT,CT,AA,CC,CC,CC,CC,AA,TT,CC,AA,CC,CC,AA,TT,AA,AT,GG,CC,CC,GG,AA,AG,AT,CC,GG,CC,CG,AG,AA,GG,GT,AG,CC,TT,CT,GG,AC,GT,TT,TT,CC,TT,TT,TT,AA,TT,GG,CC,AA,CC,CC,CC,GG,AC,AA,GG,AG,CC,TT,CC,NN,GT,GG,AT,AA,AG,TT,CC,GG,AA,AC,CC,GG,GG,AA,GG,TT,CC,AA,NN,GG,AA,CC,AA,AT,GT,GT,AT,AA,GG,GT,AT,CG,AT,GT,AA,GG,AA,CT,AA,TT,CC,TT,AA,CC,TT,CG,NN,CC,AG,CC,TT,CT,GT,GG,TT,AA,AC,AG,GG,CG,CC,GG,CC,GG,AT,AA,CG,TT,GG,CG,CC,AT,GG,CC,AA,CG,AA,AA,CC,CG,CC,TT,AA,GG,AA,AA,AA,AA,AG,AA,AA,AG,TT,GG,AA,AA,CC,AC,TT,AA,AA,GG,GG,GG,TT,AA,AG,TT,TT,TT,AG,TT,GG,GG,AA,4.44,Moderate,Low,Standard,Medium
L0709,Bengaluru Rural,Karnataka,Kharif,Red Sandy Loam,Rainfed,720,26.0,70,CC,CT,GG,AA,GG,CC,GT,TT,CC,CC,AA,CT,CG,AT,TT,GG,GG,TT,TT,NN,CC,GT,GT,CC,TT,CC,TT,AT,GG,AA,TT,CT,AG,CC,GG,GG,NN,NN,GG,CC,TT,CT,AA,GT,NN,AG,TT,AT,CC,AC,GG,AT,AA,GG,CT,TT,AA,AA,TT,AC,AG,GT,AT,AG,TT,AT,CC,GG,TT,GG,AA,GG,CC,AG,GG,AA,AT,GG,TT,TT,GG,GG,GT,CC,AT,GG,AA,AA,CC,GT,AC,TT,CC,TT,GT,AG,TT,CC,NN,CC,CC,CC,AA,AA,TT,TT,CC,AA,AA,AA,CC,GG,TT,CC,TT,AC,AA,AT,CG,GG,CC,GG,CC,GG,CT,AA,TT,CG,CC,CC,AA,TT,CC,AA,CC,CT,AA,TT,AA,AT,GG,CC,CC,GG,AA,AA,AT,CC,GG,CC,CC,AA,AA,GG,TT,AG,CC,TT,TT,GG,AC,TT,TT,TT,CG,AA,GT,TT,AA,AT,GG,CC,AA,CT,CC,CC,CG,AC,AA,GG,AG,CC,TT,CC,GT,GG,GG,AA,AA,AA,GT,CC,GG,AC,AC,CC,CG,GG,AC,GG,TT,AC,AA,CC,GG,AT,AA,AA,AT,GT,GG,AT,AT,GG,GG,AA,CC,AT,GT,AA,GG,AG,TT,AA,TT,CC,TT,AC,CC,TT,GG,AG,CG,AG,CC,TT,CT,GT,GG,TT,AA,AC,AA,GG,CC,CC,GG,CC,GG,TT,AA,CC,TT,GG,CC,CC,AT,GG,GG,AT,CG,AA,AA,AC,CC,CC,TT,AA,CG,AA,AA,AA,AA,GG,AG,AA,AA,TT,GG,AA,AA,CC,AC,CT,AA,AA,CG,GG,GG,GT,AA,AA,GT,TT,NN,AA,TT,GG,GG,AA,4.36,Susceptible,High,Poor,Early
L0710,Bengaluru Rural,Karnataka,Kharif,Red Sandy Loam,Rainfed,720,26.0,70,AC,CT,GG,AG,GG,CC,GT,AT,CC,CG,AT,CC,CG,NN,TT,GG,GG,TT,TT,AA,CC,TT,TT,CC,TT,CC,GT,AA,GG,NN,TT,CC,AA,AC,GG,GG,GG,CC,NN,AC,TT,CT,AA,TT,NN,GG,TT,AT,CC,AC,GT,AA,AA,GG,CT,TT,AA,AA,GT,AA,AA,GT,AT,AG,TT,TT,CC,GG,TT,GG,AA,GG,CC,AA,GG,AA,AT,GG,TT,TT,GG,GT,GG,CC,AA,GG,AA,AA,CC,GT,CC,TT,CC,TT,GT,GG,TT,CC,GT,CC,CC,CC,AA,AA,TT,TT,CC,AA,NN,AA,CT,GT,TT,CG,TT,AA,AA,TT,CC,GG,CC,GG,CC,GG,CT,AA,CC,CC,AC,CC,AA,TT,AC,AA,CC,CC,AA,TT,AA,AA,GG,CC,CC,GG,AA,AG,AA,CC,GG,CC,CC,AA,AG,GG,TT,AG,AA,TT,CT,GG,AC,TT,TT,TT,CG,TT,GT,TT,AA,TT,GG,CC,AA,TT,CC,CC,CG,CC,AA,GG,AG,CC,TT,CC,GT,TT,GG,TT,AA,AA,TT,CC,GG,NN,CC,CC,GG,AG,AA,GG,TT,AC,AA,CC,GG,AA,AC,AA,AT,GG,TT,TT,TT,GG,GT,AA,CG,TT,GT,AA,AG,AA,TT,AA,TT,CC,CT,AA,CC,TT,GG,AA,CC,AG,CC,TT,TT,GT,GG,TT,AA,CC,AA,GG,CC,CG,GG,CC,GG,TT,AA,CC,TT,GG,CC,GG,AA,AG,CC,AT,CC,AA,AA,AC,CG,AC,AT,AA,GG,AA,AA,AC,AC,AA,AG,AG,AA,TT,CG,AA,AG,AA,AA,CT,AG,NN,GG,GG,GG,TT,AT,AA,TT,TT,TT,AG,TT,GG,GG,AA,2.14,Susceptible,Medium,Standard,Early
L0711,Bengaluru Rural,Karnataka,Kharif,Red Sandy Loam,Rainfed,720,26.0,70,NN,CT,GG,AG,GG,CC,GT,TT,CC,CG,AA,CC,CG,AT,TT,GG,CG,TT,TT,AA,CC,TT,TT,CC,TT,CC,TT,AT,GG,AA,CT,CT,AA,CC,GG,GG,GG,CC,GG,CC,TT,TT,AA,TT,AA,GG,TT,AT,CC,AC,GG,AA,AG,GG,CC,TT,AA,AC,GG,AC,AA,TT,TT,AA,CT,TT,NN,GG,TT,GG,AG,GG,CC,AA,GG,AC,AT,GG,GT,TT,GG,GG,GG,CC,AA,GG,AA,AA,CC,GT,AC,TT,CC,AT,TT,GG,CT,AC,GT,CC,TT,CC,AA,AA,TT,TT,CC,AA,AG,AC,CC,GG,TT,CG,GT,AC,AA,TT,CC,GG,CG,GG,CC,GG,TT,AA,CC,CC,AC,CC,AG,TT,AC,AA,CC,CC,AA,AT,AG,AA,GG,CC,CC,GG,AA,AA,AA,CC,GG,CC,CC,AA,AA,GG,TT,AG,NN,TT,CT,GG,AC,GT,TT,TT,CC,AA,TT,TT,AT,AT,GG,CC,AA,CT,CC,CC,GG,NN,AA,AG,GG,AC,TT,CC,GT,GG,CG,AA,AA,AA,TT,CC,GG,AA,AC,CC,GG,GG,AA,GG,TT,AC,GG,CC,GG,AA,AC,AA,AA,GG,TT,TT,AA,GG,GG,AA,CC,TT,TT,AA,GG,AA,TT,AA,TT,CC,TT,AC,CC,TT,CG,AA,CG,AA,CC,TT,TT,GT,GG,TT,AA,CC,AA,GG,CC,CC,GG,CC,GG,AA,AG,CC,TT,GG,CC,CC,AA,GG,CC,AA,CG,AA,AA,AA,CG,AC,NN,AA,GG,AA,AA,AA,AA,AG,GG,AA,AA,TT,NN,AC,AA,CC,AC,TT,AA,AA,GG,GG,GG,GT,AA,AG,TT,TT,TT,AG,TT,GG,GG,AC,3.93,Resistant,High,Standard,Medium
L0712,Bengaluru Rural,Karnataka,Kharif,Red Sandy Loam,Rainfed,720,26.0,70,AC,TT,AG,AA,CG,CG,GG,TT,CC,CG,AA,CC,CC,TT,TT,GG,GG,TT,TT,AA,CC,GT,TT,CT,TT,CC,GT,AT,GG,AA,TT,CT,AA,CC,GG,GG,GG,CC,GG,CC,TT,CC,AC,NN,AA,AG,CT,AT,CC,AC,GG,AA,AG,GG,CC,GT,AA,AA,GT,AC,AA,TT,TT,AA,TT,TT,CC,GG,TT,GT,AA,GG,CC,AA,AG,AA,AA,GG,TT,TT,GG,GG,GG,CC,AA,GG,AG,AA,CG,GT,AC,TT,CC,TT,TT,GG,CT,CC,TT,CC,CT,CC,GG,AA,TT,TT,CC,AA,AA,AA,CC,GG,TT,CC,TT,AA,AA,TT,CG,GG,CC,GG,CT,GG,CT,AG,CT,CC,CC,CC,AA,GT,CC,AA,NN,CC,AA,TT,AA,AT,GG,CC,CC,NN,AA,AA,AA,CC,GG,CC,CC,AA,AA,GG,TT,GG,AC,TT,TT,GG,AA,TT,TT,TT,CG,AT,TT,TT,AT,TT,GG,CC,AG,CC,CC,CC,CG,CC,AA,GG,GG,NN,TT,CC,GG,TT,NN,TT,AA,AA,TT,CC,GG,AA,AC,CC,GG,GG,AA,CG,TT,AA,AA,CC,GG,AA,CC,AA,AT,GT,GT,TT,AT,GG,GG,AT,CC,TT,GT,AA,GG,AA,TT,AA,TT,CC,TT,AA,CC,CT,GG,AG,CC,AA,CC,TT,TT,TT,GG,TT,AA,CC,AG,GG,CC,CC,GG,CC,NN,AT,AG,CC,TT,GG,CG,GG,AA,GG,CG,AA,CC,AA,AA,CC,CG,AC,TT,AA,GG,AA,AA,CC,AA,AA,AA,AG,AA,NN,CG,AA,AA,AC,AA,CT,AG,AA,GG,GG,GG,TT,AA,AA,TT,TT,TT,AG,NN,GG,GG,AA,4.22,Susceptible,Low,Poor,Early
L0713,Bengaluru Rural,Karnataka,Kharif,Red Sandy Loam,Rainfed,720,26.0,70,AA,TT,GG,NN,GG,CC,GT,TT,CC,CC,AA,CC,CG,TT,TT,GG,GG,TT,TT,AG,CC,TT,TT,CT,TT,CC,GT,TT,GT,AA,TT,CC,AA,NN,GG,CG,GG,CC,GG,CC,TT,TT,AA,TT,AA,GG,TT,TT,CC,AC,GT,AA,AG,GG,CT,TT,AA,NN,TT,AA,AA,TT,TT,AA,TT,TT,CC,GG,TT,GG,AA,GG,CC,AA,GG,AA,AT,GG,TT,TT,GG,GG,GG,CC,AT,GG,AA,AA,CC,TT,CC,TT,CC,TT,TT,AG,CT,AC,GG,CC,CT,CG,AG,AA,TT,TT,CG,AA,AA,AA,CC,GG,TT,CG,TT,AC,AC,AT,CC,GG,NN,GG,CT,GG,TT,AA,CC,CC,CC,CC,AA,GT,CC,AA,CC,CC,AG,TT,AA,TT,GG,CT,CC,GG,AA,AA,NN,CC,GG,CC,CC,AA,GG,GG,TT,GG,AA,TT,TT,GG,AC,GG,TT,TT,CC,AT,TT,TT,AA,AT,GG,CC,AA,CT,AC,CC,GG,CC,AA,GG,AA,CC,TT,CC,GT,TT,GG,AT,AA,AA,TT,CC,GG,AC,CC,CC,NN,GG,AA,GG,TT,AC,AG,CC,GT,AA,CC,AA,AA,GT,TT,TT,AA,GG,GT,AA,CC,AT,TT,AA,GG,AA,TT,AA,TT,CC,TT,AC,AC,CT,CG,AG,CG,AA,CC,NN,TT,GT,GG,TT,AC,AC,NN,GG,CC,CC,GG,CC,GG,TT,AA,CC,TT,GG,CG,CC,AT,GG,CC,NN,CG,AA,AA,CC,CG,CC,TT,AA,GG,AA,AA,AA,AA,GG,AG,AA,AA,TT,GG,AC,GG,CC,CC,TT,AA,AA,CG,GG,GG,TT,AA,AG,TT,TT,TT,AA,AT,CG,GG,AA,2.99,Susceptible,High,Poor,Early
L0714,Bengaluru Rural,Karnataka,Kharif,Red Sandy Loam,Rainfed,720,26.0,70,AA,TT,AG,AA,GG,CC,GT,AT,CC,CG,AA,CC,CC,TT,GT,GT,GG,TT,TT,AA,CC,GT,GT,CT,TT,CC,GT,TT,GG,AA,TT,CT,AA,CC,AG,GG,GG,CC,GG,CC,TT,CT,AA,GT,AA,GG,TT,TT,CC,AC,GT,AT,AA,GG,CC,TT,AA,AA,GT,AA,AA,TT,AT,AA,TT,TT,CC,GG,TT,GT,AA,GG,CC,AA,GG,AC,AA,AA,TT,CT,GG,GG,GG,AC,AT,GG,AA,AT,CG,GT,CC,TT,CT,TT,TT,GG,TT,CC,GT,CC,CC,CG,AG,AA,TT,TT,GG,AG,AG,AA,TT,GG,TT,CG,TT,AA,AA,TT,NN,GG,CC,AG,CC,GG,CT,AA,CT,CC,CC,NN,AA,TT,AA,AA,CC,CC,AA,TT,AA,AA,GG,CC,CC,GG,AA,GG,AA,CC,GT,CC,CC,AA,AA,AG,GT,GG,AA,TT,TT,GG,AC,GT,GT,CT,CC,AA,GT,CT,AA,TT,GG,CC,AG,CC,CC,CC,GG,CC,AA,GG,AA,CC,TT,CC,GT,TT,GG,AT,AA,AA,TT,CC,GG,AC,CC,CC,GG,GG,AC,GG,TT,AA,AG,CC,GT,AA,CC,AT,AT,GG,TT,AT,AT,GG,TT,AT,CC,TT,GT,AA,GG,AA,TT,AA,NN,CC,CT,AA,CC,TT,CC,AA,CC,AG,CC,TT,TT,GT,GG,AT,AA,CC,AG,GG,CC,CG,GG,CC,GT,AT,AA,CG,TT,GG,CC,CC,NN,GG,CC,AA,CG,AA,AA,AC,CC,CC,AT,AA,GG,AA,AA,AC,AA,AG,AG,AA,AA,TT,GG,AA,NN,AC,AC,CT,AA,AA,CG,GG,CG,TT,AT,AA,TT,TT,TT,AG,TT,GG,GG,AA,1.88,Resistant,Low,Standard,Early
L0715,Bengaluru Rural,Karnataka,Kharif,Red Sandy Loam,Rainfed,720,26.0,70,CC,TT,GG,AG,GG,CC,GT,TT,CC,CC,AA,CC,CG,TT,TT,GG,CG,TT,TT,AA,CC,GT,GG,CT,TT,CC,GT,TT,GG,AA,TT,CT,AA,CC,GG,CG,NN,CG,GG,CC,TT,CC,AA,GT,AG,AG,TT,AT,CC,NN,GG,AA,AG,GG,CC,TT,AA,AC,GT,AC,AA,TT,TT,AA,TT,TT,CC,GG,TT,GG,AA,GG,CC,AA,GG,AA,AT,GG,GT,TT,GG,GG,GG,CC,AA,GG,AG,AA,CC,GT,AC,TT,CT,TT,TT,GG,TT,CC,GG,CC,NN,CG,GG,AA,TT,TT,CC,AA,AG,AA,CT,GG,TT,CC,TT,AC,AA,TT,CC,AA,CC,GG,CT,GG,CT,AA,CT,CC,CC,CC,AG,GT,AC,AA,CC,CT,AA,AT,AA,AA,GG,CT,CG,GG,AA,AG,AA,AC,GG,CC,CC,AA,AA,GG,TT,GG,CC,GT,CT,GG,AA,TT,TT,TT,CC,AT,GT,TT,AA,TT,GG,CG,AA,CC,CC,CC,GG,CC,AA,GG,AA,CC,TT,CC,GT,TT,GG,TT,AA,AA,TT,CC,GG,AA,CC,CC,GG,GG,AC,GG,TT,AA,AA,CC,GG,AT,CC,AT,AA,GG,TT,AT,AA,CG,GG,AT,CC,TT,GT,AA,GG,AA,TT,AA,TT,CC,TT,AA,CC,CT,GG,GG,CC,AA,CC,TT,TT,GT,CG,TT,AA,AC,AA,GG,CC,CC,GG,CC,GG,AT,AG,CC,TT,GG,CC,CC,AA,GG,CC,AA,CC,AA,AA,AA,CC,AC,TT,AA,GG,AA,AC,AA,AA,AG,AA,AG,AA,TT,GG,AA,AA,CC,AC,TT,AA,AG,GG,GG,GG,TT,AA,AG,GT,TT,AT,AG,TT,NN,NN,AA,3.69,Susceptible,High,Poor,Medium
L0716,Bengaluru Rural,Karnataka,Kharif,Red Sandy Loam,Rainfed,720,26.0,70,AC,TT,GG,AA,GG,CC,GT,TT,CC,CC,AA,CT,CC,AT,TT,GG,CG,TT,TT,GG,CC,GT,GT,CC,TT,CC,TT,TT,GG,AA,CT,CC,AA,CC,GG,CG,GG,CC,GG,CC,TT,TT,AA,TT,AA,GG,TT,TT,CC,AA,GG,AA,AA,GG,CT,TT,AT,AA,GT,AA,AA,TT,AT,AA,CT,NN,CC,GG,TT,GG,AA,GG,CC,AA,GG,AC,AA,GG,TT,TT,GG,GT,GT,CC,AA,GG,AA,AA,CC,TT,AC,TT,CC,TT,TT,GG,TT,CC,GT,CC,CT,CG,AG,AA,TT,TT,CC,AA,GG,AC,TT,GG,TT,CC,TT,AA,AA,TT,CC,AG,CG,GG,CC,GT,CT,AA,TT,CG,CC,CC,AA,TT,CC,AA,CC,CT,AG,TT,AA,AA,GG,CC,CC,GG,AA,AA,AA,CC,GG,CC,CC,AA,AA,GG,TT,GG,AA,TT,CT,GG,CC,GT,TT,TT,CC,AA,GT,CT,AA,TT,GG,CG,AA,CC,CC,CC,GG,CC,AA,GG,AG,CC,TT,CC,GG,TT,GG,TT,AA,AA,GT,CC,GG,AC,AC,CC,GG,GG,AA,GG,TT,AA,AA,CG,GG,AA,AC,AA,TT,GT,TT,AT,AT,CG,GT,AA,CG,AT,TT,AA,GG,AA,TT,CC,TT,CG,CT,AC,AA,TT,CC,GG,CC,GG,CC,TT,CT,GT,CG,TT,AA,CC,AA,GG,CC,CC,GG,CC,GG,AT,AA,CG,GT,GG,CC,CC,AA,GG,CC,AT,CC,AA,AA,AC,GG,AC,TT,AA,GG,AA,AA,AA,AA,AG,AG,AA,AA,AT,CG,AA,AA,AC,AA,TT,AA,AA,GG,AG,GG,TT,AA,AG,TT,TT,TT,AA,TT,GG,GG,AA,4.89,Susceptible,Medium,Premium,Medium
L0717,Bengaluru Rural,Karnataka,Kharif,Red Sandy Loam,Rainfed,720,26.0,70,CC,TT,GG,AG,GG,CC,GG,TT,CC,CC,AA,CC,CC,AT,GT,GT,CG,TT,TT,AG,CG,TT,TT,CT,TT,CC,TT,TT,GG,AA,TT,CC,AA,CC,AG,GG,GG,CC,GG,CC,TT,CT,AA,TT,AA,AG,TT,TT,CC,CC,NN,AA,AA,GG,CC,TT,AA,AC,GG,AA,AG,TT,TT,AA,TT,AT,CC,GG,TT,GG,AG,GG,AC,AG,GG,AC,AA,GG,GT,CT,GG,GT,GG,NN,AA,AG,AA,AA,CC,GT,CC,TT,CT,AT,TT,GG,CT,CC,GG,CC,CT,CC,AG,AA,TT,TT,CC,AA,AG,AA,CT,GG,TT,CC,TT,AA,AA,AT,CC,AG,CC,AG,CC,GG,TT,AA,CC,CC,AC,CC,AA,GT,CC,AA,CC,CC,AA,TT,AA,AA,CG,CT,CC,GG,AA,GG,AA,CC,GG,CC,CC,NN,AG,GG,GT,GG,AA,TT,CT,GG,AC,GT,GT,TT,CC,AT,TT,TT,AT,TT,GG,CC,AA,CT,CC,CC,GG,CC,AA,GG,GG,CC,TT,CG,GT,TT,GG,AT,AA,AA,TT,CC,GG,AC,CC,CG,GG,GG,AC,CG,TT,AA,AA,CC,GG,AA,AC,AA,AT,GG,TT,AT,AA,GG,TT,TT,CG,TT,GT,AA,GG,AA,TT,AA,TT,CC,TT,AA,CC,TT,CG,AA,CC,AG,CC,TT,TT,GT,GG,TT,AA,CC,AA,GG,CC,CG,GG,CC,GG,AT,AA,CC,GT,GG,CC,CC,AA,AG,CC,AT,CG,AA,AA,CC,CC,CC,AT,AG,CG,AA,AA,AA,AA,GG,AG,AG,AA,TT,GG,AC,AG,CC,AA,TT,AA,AA,CG,GG,GG,TT,AA,AA,GT,AT,TT,AG,AT,GG,GG,AA,4.71,Resistant,Medium,Standard,Early
L0718,Bengaluru Rural,Karnataka,Kharif,Red Sandy Loam,Rainfed,720,26.0,70,AA,TT,AG,AA,GG,CC,GT,TT,CC,CG,AT,NN,CC,AT,TT,GG,CC,TT,TT,AG,CG,GT,GT,CT,AT,CT,TT,TT,GG,AA,TT,CC,AA,CC,GG,CG,GG,CC,GG,CC,TT,CT,AC,TT,AG,GG,CT,TT,CC,CC,GG,AA,AA,GG,CC,TT,AA,AA,GT,AA,AA,TT,AT,AA,TT,TT,CC,GT,TT,GG,AG,GG,CC,AA,GG,AA,TT,GG,TT,TT,GG,GG,GT,CC,AA,GG,AA,AT,CC,GT,AC,TT,CT,NN,GT,GG,CT,AC,TT,CC,CT,CC,AG,AA,AT,GT,CC,AA,AA,AC,CC,GG,TT,CC,TT,AA,AA,TT,CC,AG,CG,GG,CT,GG,TT,AA,CC,CC,CC,CC,AA,GT,AC,AA,CC,NN,AA,NN,AA,AT,GG,CT,CC,GG,AA,AA,AA,AC,GG,CC,CC,AG,AG,GG,TT,AG,AC,GT,CC,AA,CC,TT,TT,TT,CC,TT,TT,TT,AA,TT,GG,CC,AG,CT,CC,CC,CG,CC,AA,GG,AG,CC,TT,CC,TT,TT,GG,TT,AA,AA,TT,CC,NN,AA,CC,CC,GG,GG,AA,CG,TT,AA,AG,CC,GG,AA,CC,AA,AA,GT,TT,AT,AT,GG,GG,AA,CC,AT,TT,AA,GG,AG,CT,AA,TT,CC,TT,AA,CC,TT,GG,AG,CC,AA,CC,TT,CT,GT,GG,TT,NN,AC,AA,GG,CC,NN,GG,CC,GG,TT,AA,CC,GT,GG,CC,CC,AA,AG,CC,AA,CC,AA,AA,CC,CC,CC,TT,AA,GG,AA,AA,AC,AA,GG,AA,AG,AA,TT,GG,AA,AG,AA,AA,TT,AA,AA,NN,GG,GG,TT,AT,AA,TT,TT,TT,AG,AT,GG,GG,AA,3.15,Susceptible,Medium,Premium,Medium
L0719,Bengaluru Rural,Karnataka,Kharif,Red Sandy Loam,Rainfed,720,26.0,70,AC,TT,GG,AA,CG,CC,GG,AT,CC,CG,AT,CC,CG,AT,GT,GG,GG,TT,TT,AA,CG,NN,NN,CT,AT,CC,TT,TT,GG,AA,TT,CC,AA,CC,GG,CG,GG,GG,GG,CC,TT,CC,AA,GT,AA,AG,TT,TT,CC,AA,GG,AA,AA,GG,CC,GT,AA,NN,GG,AC,AA,TT,TT,AA,TT,AT,CC,GG,TT,GT,AA,GG,CC,AA,GG,CC,AT,GG,TT,TT,GG,GT,GG,CC,AA,GG,AA,AA,CC,GT,AC,TT,CC,TT,GG,GG,TT,CC,GG,CC,NN,CC,AA,AA,AT,TT,CC,AA,AA,AA,CT,GG,TT,CC,GT,AC,AA,AT,CC,GG,CC,GG,CC,GG,CC,AG,CC,CC,CC,CC,AG,TT,CC,AA,CC,TT,AA,TT,AA,AA,GG,CC,CC,GG,AA,GG,AA,CC,GG,CC,CC,GG,GG,AG,GT,GG,AC,TT,TT,GG,AC,GT,GT,TT,CC,AT,TT,TT,AA,AT,CG,CG,AG,TT,CC,CC,CG,CC,AA,GG,AA,CC,TT,CC,TT,GT,CG,AT,AA,AG,TT,CC,CG,AA,CC,CC,GG,GG,AC,GG,TT,AC,AA,CC,TT,AA,CC,AA,AA,GG,GT,TT,AT,GG,GG,AA,CC,NN,GT,AA,GG,AA,TT,AA,TT,CC,CT,AA,CC,TT,GG,AG,CC,AG,CC,TT,TT,TT,GG,TT,AA,CC,AA,GG,CC,CC,GG,CC,GG,TT,AA,CC,TT,GG,CC,CG,AA,AG,CG,AA,CC,AA,AA,AC,CG,AC,TT,AA,GG,AA,AA,AA,AC,AA,AG,AG,AA,TT,GG,AC,AA,CC,AA,CT,AA,AA,GG,GG,CG,TT,AA,AA,GT,TT,TT,AA,TT,GG,GG,AA,4.65,Susceptible,Low,Poor,Early
L0720,Bengaluru Rural,Karnataka,Kharif,Red Sandy Loam,Rainfed,720,26.0,70,AC,TT,GG,AG,GG,CC,GG,AT,CC,GG,AA,CC,CC,TT,TT,GG,GG,TT,TT,AG,CC,GT,GT,CT,TT,CT,TT,TT,GG,AA,CT,CT,AG,CC,GG,CC,GG,CG,GG,CC,TT,CT,AA,GG,AG,GG,TT,NN,CC,CC,GG,NN,AA,CG,CC,TT,AA,AA,GT,AC,AA,TT,AA,AG,TT,AT,CC,GG,TT,GT,AA,GG,CC,AA,GG,AA,AA,GG,GT,TT,GG,GT,GT,CC,AA,GG,AA,AA,CC,GT,CC,TT,CC,TT,TT,GG,CT,CC,TT,CC,CC,GG,AG,AA,TT,TT,CC,AA,AG,AA,CC,GG,TT,CC,TT,NN,AA,TT,CC,GG,CC,AG,CC,GG,TT,AA,CC,CC,CC,CC,AA,GG,CC,AA,CC,CC,NN,TT,AA,AA,CG,CT,CC,GG,AA,AG,AA,AC,GT,CC,CC,AG,GG,GG,TT,GG,AC,TT,CT,GG,CC,GG,GT,TT,CC,AT,GT,TT,AA,TT,CG,CC,NN,CT,CC,CC,CG,CC,AA,GG,AA,CC,TT,CC,GG,GT,GG,TT,AA,AA,TT,CC,GG,AA,AA,CC,GG,GG,AC,CG,TT,AA,AA,CC,GT,AT,CC,AA,AA,GG,TT,TT,AA,GG,GG,TT,CC,AT,TT,AT,GG,AA,CC,AA,TT,CC,TT,AA,CC,TT,NN,AG,CC,AG,AC,TT,TT,GT,GG,TT,AA,AC,AA,GG,CC,GG,GG,CG,GG,AT,AA,CC,TT,AG,CG,CC,AT,NN,CG,AA,CC,AA,AA,CC,GG,AC,TT,AG,GG,AA,AA,AC,AA,GG,GG,AG,AA,TT,CG,AA,AG,CC,AA,CT,AA,AA,GG,GG,CG,GT,AA,AG,TT,TT,TT,AG,AT,CG,GG,AA,2.91,Susceptible,Medium,Premium,Medium
L0721,Bengaluru Rural,Karnataka,Kharif,Red Sandy Loam,Rainfed,720,26.0,70,AA,TT,AG,AG,GG,CC,GT,TT,CG,CG,AT,CC,CG,TT,TT,GG,GG,TT,TT,AA,CC,NN,GT,CC,AT,CC,TT,TT,GG,AA,TT,CC,AA,CC,GG,CG,GG,CC,GG,CC,TT,CT,AA,TT,NN,AG,CT,TT,CC,AA,GG,AA,AA,GG,CC,TT,AA,AA,GG,AA,AA,TT,AT,AG,TT,AT,CC,GG,TT,GG,AG,GG,CC,AA,AA,AA,AT,GG,TT,TT,GG,GG,GG,CC,AT,GG,AA,AA,CC,TT,CC,TT,CT,TT,TT,GG,TT,CC,TT,CC,CC,CC,GG,AA,AT,GT,CC,AA,AG,CC,TT,GG,TT,CC,TT,AC,AA,AT,CC,GG,CG,GG,CC,GG,TT,AG,CT,CC,CC,CC,AA,TT,CC,AA,CC,CT,AA,TT,AA,AA,CG,CC,CC,GG,AA,AA,AA,AC,GG,CC,CC,AA,GG,GG,GT,AA,AA,TT,TT,GG,CC,TT,GT,TT,CG,TT,GT,CT,AT,NN,CG,CC,AG,CT,CC,CC,GG,CC,AA,AG,AG,CC,TT,CG,GT,GG,CG,AT,AA,AA,TT,CC,CG,AA,CC,CC,GG,GG,AA,GG,TT,AC,AA,CC,GT,AA,AC,AA,AT,GG,GT,AA,TT,GG,GT,AT,GG,AA,GG,AA,GG,AA,CT,AC,TT,CC,TT,NN,CC,TT,CG,AA,CC,AG,CC,TT,TT,TT,GG,TT,AA,CC,AG,NN,CG,GG,GG,CC,GG,AT,AA,CC,TT,GG,CC,CG,AT,AG,GG,AA,GG,AA,AA,CC,GG,CC,TT,NN,GG,AA,AA,AA,AC,AA,AA,AA,AA,AT,GG,AA,AG,AA,AA,TT,AA,AA,GG,GG,GG,GT,AA,AA,GT,TT,TT,AG,TT,GG,GG,AA,3.45,Susceptible,Medium,Standard,Early
L0722,Bengaluru Rural,Karnataka,Kharif,Red Sandy Loam,Rainfed,720,26.0,70,AA,TT,GG,AA,GG,CC,GT,TT,CC,CG,AT,CT,CG,TT,TT,GG,GG,TT,TT,AA,CG,TT,GG,CC,TT,CC,TT,TT,GG,AC,TT,CT,AA,CC,GG,GG,GG,CG,GG,CC,GT,TT,AC,TT,AA,GG,TT,TT,CC,CC,GT,AA,AG,GG,CC,TT,AA,AA,GT,AC,AA,GT,AT,AG,TT,AA,CC,GG,TT,GT,AG,GT,CC,AA,AG,NN,AA,GG,GG,TT,GG,GT,GG,AC,AT,GG,AA,AA,CC,TT,AC,TT,CT,AT,GT,GG,TT,CC,GT,CC,CT,CG,GG,AA,TT,TT,CC,AA,AA,AC,CC,GG,TT,CC,TT,AA,AA,TT,CG,AA,CC,GG,CC,GT,TT,AA,CT,CC,CC,CC,AA,NN,CC,AA,CC,CC,AA,TT,AA,AA,CG,TT,CC,GG,AA,GG,AA,CC,GG,CC,CC,AA,AA,GG,TT,AG,AA,TT,CT,AA,CC,GT,GT,TT,CC,AA,GT,TT,AA,AT,GG,NN,AA,CT,CC,CC,GG,CC,AA,GG,AG,CC,TT,CG,GT,TT,GG,TT,AA,AG,TT,CC,CG,AA,CC,GG,GG,GG,AA,GG,TT,AA,AG,CC,GG,AT,CC,AA,AA,GG,TT,TT,AT,GG,GT,AA,CC,TT,GG,AA,GG,AA,CT,AC,TT,CC,TT,AA,CC,CT,CG,GG,CG,AG,AA,TT,TT,GT,GG,TT,AA,CC,AA,GG,CC,CG,GG,CC,GG,AT,AA,CC,TT,NN,CC,CG,AA,GG,CG,AA,CC,AA,AA,NN,CC,CC,TT,AG,GG,AA,AA,AC,AC,AG,AA,AA,AA,TT,GG,AA,AA,CC,AA,CT,AA,AA,GG,GG,GG,TT,AA,AG,TT,TT,TT,AG,AA,GG,GG,AA,3.48,Susceptible,Medium,Premium,Late
L0723,Bengaluru Rural,Karnataka,Kharif,Red Sandy Loam,Rainfed,720,26.0,70,AC,CT,GG,GG,GG,CG,GT,AT,CC,CG,AA,CC,CG,AT,TT,GT,CG,TT,TT,AG,CC,TT,TT,CC,TT,CC,TT,AT,GG,AA,TT,CC,AA,CC,GG,GG,GG,CG,GG,CC,TT,TT,AA,TT,AA,AG,CT,TT,CC,CC,GT,AA,GG,GG,CC,TT,AA,AC,TT,AA,AA,TT,TT,AA,TT,AT,CC,GG,TT,TT,AG,GG,CC,AA,GG,AC,AA,GG,GT,TT,GG,GT,GT,CC,AA,GG,AA,AA,CC,TT,CC,TT,CC,TT,TT,GG,TT,CC,GT,CC,TT,CG,AA,AA,TT,TT,CG,AA,AG,AA,CC,GG,GT,CC,TT,AA,NN,AT,CC,AG,CC,GG,CC,GT,TT,AA,CC,CC,CC,CC,AA,TT,CC,AA,CC,CC,AA,TT,AA,AA,GG,CT,CC,GG,AA,GG,AA,AC,GG,CC,CC,AG,AA,GG,GT,AG,AC,GT,TT,GG,AC,TT,TT,TT,CC,AT,TT,TT,AA,AT,GG,CC,AA,CT,AC,CC,CG,CC,AA,GG,AG,CC,NN,CC,GT,TT,CG,AT,AG,AA,TT,CC,NN,AA,CC,CG,GG,GG,AA,GG,TT,AC,AG,CC,GG,AT,AA,AA,AA,GG,TT,TT,AT,CG,GT,AA,CC,AT,GT,AA,GG,AA,TT,AA,TT,CC,CT,AA,CC,TT,GG,GG,CG,AA,CC,TT,CT,GG,GG,TT,AA,AA,AA,GG,CC,GG,GG,GG,GG,TT,AG,CC,TT,GG,CC,CG,AA,GG,CC,AT,CG,AA,AA,CC,CC,AC,TT,AG,CG,AA,AC,AA,AA,GG,AA,AG,AA,TT,GG,AC,AA,CC,AC,TT,AA,AA,GG,GG,GG,TT,AA,AA,TT,TT,TT,GG,TT,GG,GG,AA,2.59,Susceptible,High,Poor,Late
L0724,Bengaluru Rural,Karnataka,Kharif,Red Sandy Loam,Rainfed,720,26.0,70,AA,TT,GG,AA,CG,CC,GG,TT,CC,CG,AA,CC,CC,TT,TT,GG,CG,TT,TT,AA,CC,TT,GT,CC,TT,CC,TT,TT,GG,AA,CT,CC,AA,AC,AG,CG,GG,CG,GG,CC,TT,TT,AA,TT,GG,AG,TT,AT,CC,NN,GG,AT,AA,GG,CT,TT,AA,AA,GT,AC,AA,GT,TT,AA,CT,AT,CC,NN,NN,GT,AA,GG,CC,AA,GG,AC,AA,GG,TT,TT,GG,GT,GG,CC,AA,AG,AA,AA,CG,GT,CC,TT,CC,TT,NN,GG,TT,CC,GT,CC,CT,CG,GG,AA,TT,TT,CC,AA,AA,AA,CT,GG,TT,CC,TT,AC,AA,TT,CG,AG,CG,GG,CC,GG,CT,AA,CC,CC,CC,CC,AA,GT,CC,AA,CC,CC,AA,TT,AG,AA,GG,CC,CC,GG,AG,GG,AA,AA,GG,CC,CC,AA,AA,AG,TT,AG,CC,GT,TT,GG,CC,TT,TT,TT,CC,AA,TT,CT,AA,AT,CG,CC,AA,CT,CC,CC,GG,CC,AA,GG,AG,CC,TT,CC,GT,TT,CG,NN,AA,AA,TT,CC,GG,AA,CC,CC,GG,GG,AA,GG,CT,AC,AA,CG,GT,AA,CC,AA,AT,GT,GG,TT,AA,CG,GG,AT,CC,AT,TT,AA,GG,AA,TT,AA,TT,CC,TT,AC,CC,CT,CG,AG,CC,AA,CC,TT,CT,GT,GG,TT,AC,AA,AG,GG,CC,CC,GG,CC,GG,TT,AG,CG,TT,NN,CC,CG,AA,GG,CG,AT,CC,AA,AA,CC,CG,AC,TT,AA,GG,AA,AA,AC,AA,AA,AG,AA,AA,AT,GG,AA,AA,AC,AA,CT,AA,AG,GG,GG,GG,NN,AT,AA,TT,TT,AT,AA,AT,GG,GG,AA,1.15,Susceptible,High,Poor,Early
L0725,Bengaluru Rural,Karnataka,Kharif,Red Sandy Loam,Rainfed,720,26.0,70,CC,CT,GG,AA,GG,CC,GG,AA,CC,GG,AA,CC,CC,TT,TT,GG,GG,TT,TT,AG,CC,GT,GT,CC,TT,CC,TT,AT,GG,AA,CT,NN,AA,AC,AG,CG,GG,CG,GG,CC,TT,CT,AA,TT,AA,GG,TT,TT,CC,CC,GT,AT,AA,GG,CC,GT,AA,AA,GT,CC,AA,GT,AT,AA,TT,TT,CC,GG,TT,GG,AA,GG,CC,AA,GG,AC,TT,GG,TT,TT,GG,GG,GT,CC,TT,GG,AA,AA,CC,GT,AC,TT,CC,TT,TT,AG,TT,CC,TT,CC,CT,CC,GG,AA,AA,TT,CC,AA,AA,AA,CT,GG,TT,CC,TT,AA,AC,TT,CC,AA,CC,GG,CT,GG,TT,AA,CC,CC,CC,CC,AA,GT,CC,AA,CC,CC,AA,TT,AA,AA,GG,CC,CC,GG,AA,AG,AA,CC,GG,CC,CC,AA,GG,GG,GT,AG,AC,TT,CC,GG,CC,TT,GT,TT,CC,AT,GT,CT,AT,TT,CG,CC,AG,CT,CC,CC,CG,AC,AA,GG,NN,CC,TT,CC,GG,TT,GG,TT,AA,AA,TT,CC,CG,AA,AC,CC,CG,GG,AA,CG,CT,AA,AA,CC,GG,AA,CC,AA,AT,GG,TT,AT,AA,GG,GG,AA,CC,TT,GG,AA,GG,AA,TT,AA,TT,CC,CT,AC,CC,TT,CG,AG,CG,AG,CC,TT,CC,TT,GG,TT,AC,AC,AG,GG,CC,CG,GG,CC,GG,TT,AA,CC,GT,GG,CC,CC,AT,GG,CC,AA,CC,AA,AA,AC,CC,AC,TT,AA,GG,NN,AA,AC,AA,AA,AA,GG,AA,TT,CG,AA,AG,AC,AA,CT,AG,AG,GG,GG,GG,TT,AA,AA,GT,TT,TT,AA,AT,GG,CG,AA,2.14,Susceptible,Medium,Premium,Early
L0726,Bengaluru Rural,Karnataka,Kharif,Red Sandy Loam,Rainfed,720,26.0,70,AA,CT,GG,AG,GG,CC,GG,TT,CC,CG,AA,CC,CG,AT,GG,GG,CG,TT,TT,GG,CC,TT,GG,CC,TT,CC,GT,TT,GG,NN,TT,CT,AA,CC,GG,GG,GG,CC,GG,AC,TT,CT,AA,GT,AA,NN,TT,TT,CC,AC,GG,AT,AA,GG,CT,TT,AA,AC,GT,AC,AA,GT,AT,AA,TT,AT,CC,GG,TT,GG,GG,GG,CC,AA,AG,AA,AT,GG,TT,TT,GG,GG,GT,AC,AT,GG,AA,AA,CC,TT,CC,TT,CT,TT,TT,GG,TT,CC,GT,CC,CC,CG,AG,AA,TT,GT,CC,AA,AA,NN,CT,GG,TT,CC,TT,AA,AA,TT,CC,GG,GG,GG,CC,GT,CT,AA,CC,CC,CC,CC,AA,TT,CC,AA,CC,CC,AA,TT,AG,AA,CG,CC,CC,GG,AG,AA,AA,AC,GG,CC,CC,AA,AG,AG,TT,GG,AA,GT,CT,GG,AC,GT,TT,CC,CC,AT,GT,TT,AA,TT,GG,CC,AA,TT,CC,CC,GG,CC,AA,GG,AA,CC,TT,CG,GT,GG,GG,TT,GG,AA,TT,CC,GG,AC,AC,CC,GG,GG,AA,GG,CT,AA,AA,CC,GG,AA,CC,TT,AT,NN,TT,AT,AT,GG,GT,AA,GG,TT,GT,AA,GG,AA,TT,AA,TT,CC,TT,AC,CC,TT,GG,AA,CC,AG,AC,NN,CT,GT,GG,TT,AA,CC,AG,GG,CC,CG,GG,CC,GG,TT,AA,CC,TT,GG,CC,CG,AA,AG,CC,AA,CC,AA,AA,AC,CC,CC,TT,AA,CG,AA,AA,AA,AA,GG,AG,AA,AG,AT,GG,AA,AG,AC,AA,CT,AA,AA,GG,GG,GG,GT,AA,AA,TT,TT,AT,AA,AT,GG,GG,AA,4.55,Susceptible,High,Poor,Late
L0727,Bengaluru Rural,Karnataka,Kharif,Red Sandy Loam,Rainfed,720,26.0,70,AA,TT,NN,AG,GG,CC,GT,TT,CC,CC,AA,CT,CG,TT,TT,GG,GG,TT,TT,AA,CC,TT,GG,CT,AT,CC,TT,TT,GT,AA,TT,CC,AA,CC,AG,CG,GG,CC,GG,CC,TT,TT,AA,TT,AA,GG,CT,TT,CC,AC,GG,NN,AA,NN,CC,GT,AA,AA,GG,AC,AA,TT,AT,AG,TT,NN,CT,GG,TT,GG,AA,GG,CC,AG,GG,AA,AA,GG,TT,TT,GG,GG,GG,CC,AA,GG,AA,AA,CC,GT,CC,TT,TT,TT,TT,GG,TT,CC,TT,CC,CC,CG,AG,AA,AA,TT,CC,AA,AA,AA,CT,GG,TT,CC,GT,AA,CC,TT,CC,AG,CG,GG,CT,GT,TT,AA,CC,CC,CC,CC,AA,TT,NN,AA,CC,CC,AA,TT,AA,AA,CG,CC,CC,GG,AA,AG,AA,AC,GG,CC,CC,AA,AA,GG,TT,GG,AA,TT,TT,AG,CC,GT,TT,TT,CC,AA,TT,TT,AA,TT,GG,CC,AG,CT,CC,CC,GG,CC,AA,AG,AG,CC,TT,CG,GT,TT,GG,TT,AA,AA,TT,AC,GG,AA,CC,CC,GG,GG,CC,GG,TT,AA,AA,CC,GG,AA,AA,AA,AT,GG,TT,TT,AA,CG,GG,AT,CC,AT,GT,AA,GG,AA,CT,AA,AT,CC,TT,CC,CC,TT,GG,AA,CC,AG,CC,AT,TT,TT,GG,AT,AA,AC,AG,GG,CG,GG,GG,CC,GG,TT,AA,CC,TT,GG,CG,CC,AA,AA,CC,AA,CC,AA,AA,AC,CC,CC,TT,AA,GG,AA,AA,AA,AA,AG,AG,AG,AA,TT,GG,AC,AG,AC,AA,CC,AA,AA,GG,GG,GG,TT,AA,AA,TT,TT,TT,AA,AA,GG,GG,AA,3.34,Susceptible,High,Premium,Late
L0728,Bengaluru Rural,Karnataka,Kharif,Red Sandy Loam,Rainfed,720,26.0,70,AC,TT,GG,AG,GG,CC,GT,TT,CC,CG,AA,TT,CC,TT,TT,GG,CG,TT,TT,AA,CC,GT,TT,CC,TT,CC,TT,NN,GG,AA,TT,CC,AA,NN,GG,GG,GG,CG,GG,CC,TT,TT,AA,GG,AA,GG,CT,AA,CC,AA,GG,AA,AG,GG,CC,TT,AA,AA,GT,NN,AG,TT,TT,AA,TT,TT,CC,GG,TT,TT,AA,GG,CC,AA,GG,AC,AT,AG,TT,TT,GG,GT,GG,CC,AT,GG,AA,AA,CC,GT,CC,TT,CC,TT,TT,AG,TT,AC,GT,CC,CT,GG,AG,AG,TT,TT,CG,AA,AG,AA,CC,GG,TT,CG,TT,AA,AC,TT,CG,AG,CG,GG,CC,GG,CT,AG,CC,CG,AA,CG,AA,TT,CC,AA,CC,CC,AA,TT,AA,NN,GG,CC,CC,GG,AG,AG,AA,CC,GG,CC,CC,AA,AG,GG,GT,AG,AA,TT,TT,GG,CC,TT,TT,TT,CC,AA,GT,TT,AA,AT,GG,CC,AA,CC,CC,AC,GG,CC,AA,GG,AG,CC,TT,CC,GT,TT,CG,AT,AG,AA,TT,CC,GG,AC,CC,CC,GG,GG,AC,CG,TT,AA,AA,CC,GT,AA,CC,AA,TT,GG,TT,TT,AT,NN,GG,TT,CG,TT,TT,AA,GG,AA,TT,AA,TT,CC,TT,AC,AC,TT,CG,AA,CC,GG,CC,TT,TT,GT,GG,TT,AA,CC,AA,GG,CC,CC,GG,CC,GG,TT,AA,CC,TT,GG,CG,CC,AA,GG,CC,AT,CC,AA,AA,AA,CG,AC,TT,AA,CG,AA,AA,AA,AA,AG,AG,AA,AG,TT,GG,AC,AA,CC,AA,CC,AG,AA,CG,AG,GG,TT,AA,AG,TT,TT,TT,AA,TT,GG,CG,AA,4.59,Moderate,Low,Premium,Medium
L0729,Bengaluru Rural,Karnataka,Kharif,Red Sandy Loam,Rainfed,720,26.0,70,AA,TT,GG,AA,GG,CC,TT,TT,CC,CC,AA,CC,GG,TT,TT,GG,GG,TT,TT,AG,CC,TT,GT,CC,TT,CC,TT,TT,GG,AA,TT,CT,AA,CC,AG,CC,GG,CG,GG,CC,TT,TT,AC,TT,AA,GG,TT,TT,CC,AC,GG,AT,AG,GG,CC,GT,AT,AA,GT,AA,AA,TT,AT,AA,TT,TT,CC,GG,TT,GG,AA,GG,CC,AA,AG,AC,TT,AG,GT,TT,GG,GT,GG,CC,AA,GG,AA,AA,CG,TT,CC,TT,CT,TT,TT,AG,CT,CC,GT,CC,CC,CG,AG,AA,AT,TT,CC,AA,GG,NN,CT,GG,TT,CC,TT,AA,AC,TT,NN,AG,CC,AG,CC,GT,CC,AA,CC,CC,CC,CC,AG,TT,CC,AA,CC,CT,AA,TT,AA,AA,GG,CC,CC,GG,AA,AA,TT,CC,GG,CC,CC,AA,AA,AG,GG,AG,AC,TT,CT,GG,AC,TT,TT,TT,CC,AA,TT,TT,AA,AT,CG,CC,AG,CC,CC,CC,CG,CC,AA,GG,AG,CC,GT,CC,GT,TT,GG,AT,AA,AG,TT,AC,GG,AA,CC,CG,GG,GG,AC,GG,TT,AA,AA,CC,GG,AA,AC,AA,TT,GT,TT,AT,NN,CG,GT,AT,CC,AT,GT,AA,GG,AA,CT,AC,TT,CG,CT,AC,CC,TT,GG,AA,CC,AG,CC,TT,TT,TT,GG,TT,AA,CC,AG,GG,CC,CG,GG,CC,GG,TT,AA,CC,GT,GG,CC,CG,AA,AG,CC,TT,CG,AT,AA,AC,CG,AC,TT,AA,GG,AA,AA,AC,AA,AG,AG,AA,AA,TT,CG,AA,AG,AA,AA,CT,AA,AA,CG,GG,CG,TT,AA,AA,GT,TT,TT,GG,AT,GG,CG,AA,3.64,Susceptible,Low,Standard,Early
L0730,Bengaluru Rural,Karnataka,Kharif,Red Sandy Loam,Rainfed,720,26.0,70,CC,TT,GG,GG,GG,CC,GG,TT,CC,CC,AA,CC,CC,TT,TT,GT,CG,TT,TT,AA,CC,GG,TT,CC,TT,CC,TT,AT,GG,AA,TT,CC,AA,CC,GG,GG,GG,CC,GG,CC,TT,CC,AA,NN,AA,AG,TT,AT,CC,AC,GT,AT,AG,GG,CT,TT,AA,AA,GG,AA,NN,TT,AT,AG,TT,NN,CC,GG,TT,GT,AA,GG,CC,AA,AG,AA,AT,GG,TT,TT,AG,GG,GT,CC,AA,GG,AG,AA,CC,TT,CC,TT,CT,TT,GT,GG,CT,CC,GT,CC,CT,CG,AG,AA,TT,TT,CC,NN,AG,AA,CC,GG,TT,CG,TT,AA,AA,TT,CC,AG,CC,AA,CC,GT,CT,AA,CC,CC,CC,CC,AA,TT,CC,AA,CC,CC,AA,AT,AA,AA,GG,CT,CC,GG,AA,AG,AA,AA,GT,CC,CC,AA,AG,GG,GT,GG,AA,TT,TT,GG,CC,GG,GT,TT,CC,AA,TT,TT,NN,AT,CG,CC,AA,CC,CC,CC,CC,CC,AA,GG,AA,CC,TT,GG,GG,TT,GG,AA,AA,AA,NN,CC,GG,AA,CC,CC,GG,GG,AC,CC,TT,AC,AA,CC,GG,TT,CC,AT,AT,GT,TT,AT,AT,CG,GT,AT,CC,TT,TT,NN,GG,AG,CT,AA,TT,CC,TT,AA,CC,TT,CG,AA,CC,AG,CC,TT,TT,TT,GG,TT,AC,AC,AA,NN,CC,CC,GG,CC,GG,AT,AA,CC,TT,GG,CC,CG,AA,GG,CC,AA,CG,AT,AA,CC,CG,AC,TT,AA,GG,AA,AA,CC,AA,AG,AA,AG,AA,TT,GG,AA,NN,CC,AA,CT,AA,AA,GG,GG,GG,TT,AT,AA,TT,TT,TT,AA,AA,GG,GG,AA,3.89,Susceptible,Low,Standard,Late
L0731,Bengaluru Rural,Karnataka,Kharif,Red Sandy Loam,Rainfed,720,26.0,70,AC,TT,GG,AG,GG,CC,GG,AT,CC,CG,AA,CC,CC,TT,TT,GT,GG,TT,TT,AA,CG,TT,GT,CC,TT,CC,TT,TT,GG,AA,TT,CT,AA,CC,GG,GG,GG,CG,GG,AC,TT,TT,NN,TT,AA,AG,TT,TT,CC,AC,GG,AA,AA,GG,CC,NN,TT,AC,GT,AA,AA,GT,AT,AA,TT,TT,CC,GG,TT,GT,AA,GG,CC,AA,NN,AC,AA,GG,TT,TT,GG,GT,GG,CC,AT,NN,AA,AA,CG,TT,AC,TT,CT,TT,GT,GG,TT,CC,GT,CT,CT,CC,AA,AA,TT,TT,CC,AA,GG,AC,CT,GG,TT,CC,TT,AA,AA,TT,CC,GG,CC,AG,CC,GG,TT,AA,CC,CG,CC,CC,AA,TT,CC,AA,CC,CC,AA,AA,AA,AA,GG,CC,CC,GG,AA,NN,AA,CC,GG,CC,CC,GG,AG,GG,TT,GG,AA,TT,TT,AA,AC,TT,TT,TT,CC,AT,TT,TT,AA,TT,GG,CC,NN,CC,CC,CC,GG,CC,AA,GG,AG,CC,TT,CC,GG,GT,GG,AT,AG,NN,TT,CC,GG,AA,CC,CC,GG,GG,AC,GG,NN,AC,AG,CC,GG,AA,CC,AA,AT,GT,GT,AT,TT,GG,GG,AA,CC,TT,TT,AA,GG,AA,TT,AA,NN,CC,CT,AC,CC,TT,GG,AA,CC,AA,CC,TT,CT,GT,GG,TT,AC,CC,AG,GT,CG,CC,GG,CG,GG,AT,AG,CC,NN,GG,CC,CG,AA,AG,CC,AT,CC,AT,AA,CC,CC,AA,TT,AA,GG,AA,AA,AC,AA,GG,AG,NN,AA,TT,GG,NN,AA,AC,AA,TT,AA,AA,GG,GG,GG,TT,AT,AA,GT,TT,TT,AG,TT,GG,NN,AC,5.34,Resistant,Medium,Poor,Early
L0732,Bengaluru Rural,Karnataka,Kharif,Red Sandy Loam,Rainfed,720,26.0,70,AA,TT,GG,GG,GG,CG,GT,TT,CC,CG,AA,TT,CC,AT,TT,GG,CC,TT,TT,AA,CC,TT,TT,CC,TT,CC,TT,TT,GT,AA,TT,CC,AA,CC,GG,GG,GG,CG,GT,CC,TT,CT,AA,TT,AG,AA,TT,TT,CC,AC,GT,AA,AG,GG,CC,GT,AA,AC,GT,AA,AG,TT,TT,AA,TT,AT,CC,GG,CT,GG,AG,GG,CC,AA,AG,AC,TT,GG,TT,TT,GG,GG,GG,CC,AA,GG,AA,AA,CC,GT,CC,TT,CT,AT,GT,NN,TT,CC,TT,CT,CC,GG,AG,AA,AT,GT,CC,AA,AG,AA,CC,NN,TT,CC,TT,AA,AA,TT,CC,GG,CC,AG,CC,GT,TT,AA,CC,CC,CC,NN,AA,TT,CC,AA,CC,CC,AA,TT,AA,AA,GG,CC,CC,GG,AG,AG,AA,CC,GT,CC,CC,AA,AA,GG,TT,GG,CC,GT,CC,GG,CC,TT,TT,CT,CC,AT,GT,TT,AA,TT,CG,CC,AA,CC,AC,CC,CG,AC,AA,GG,AG,CC,TT,CC,NN,TT,CG,TT,AA,AG,TT,CC,NN,AA,CC,CC,GG,GG,AA,GG,TT,AA,AA,CC,GG,AT,CC,AA,AA,GT,TT,TT,AT,CG,GT,AT,CC,AT,TT,AA,GG,AA,CT,AA,TT,CC,CT,AC,CC,TT,CC,AA,CC,GG,CC,TT,TT,TT,GG,TT,AC,AA,AA,GG,CC,CG,GG,CC,GG,TT,AA,CC,GG,GG,CC,CC,AA,GG,CC,AA,CC,AT,AA,CC,CG,CC,TT,AA,GG,AA,AA,AC,AA,AA,AG,AA,AA,AT,CG,AA,AA,CC,AC,TT,AA,AG,GG,GG,GG,TT,AA,AA,TT,TT,TT,AG,TT,GG,GG,AA,6.86,Susceptible,Medium,Standard,Late
L0733,Bengaluru Rural,Karnataka,Kharif,Red Sandy Loam,Rainfed,720,26.0,70,AC,CT,GG,AG,GG,CC,GG,TT,CC,CC,AT,CC,CC,AT,TT,GG,CC,TT,TT,AG,CG,TT,GT,CC,TT,CC,GT,AT,GG,AA,TT,CT,AA,CC,GG,CG,GG,NN,GG,CC,TT,CT,AA,TT,AA,GG,TT,AT,CC,AA,GG,AT,AA,GG,CT,GT,AA,AA,TT,AA,AG,TT,AT,AA,TT,AT,CC,GG,TT,NN,AA,GG,CC,AA,AG,AA,TT,AG,TT,TT,AG,GG,GG,CC,AA,AG,AA,AA,CC,GG,AC,TT,TT,TT,TT,GG,CT,CC,TT,CC,CC,CC,AG,AA,AT,TT,CC,AG,AG,AA,CC,GT,TT,CC,GT,AA,AA,TT,CG,GG,CG,GG,CC,GG,CT,AA,CT,CC,CC,CC,AA,GT,CC,AA,CC,CT,AA,TT,AA,AT,GG,CC,CC,GG,AG,AG,AA,NN,GG,CC,CC,AA,AG,GG,TT,AG,AC,GT,CT,GG,AC,GT,TT,TT,CC,AA,TT,TT,AA,AT,GG,CC,AG,CC,CC,CC,GG,AC,AA,GG,AA,NN,TT,CC,GT,GT,CG,TT,AA,AA,TT,CC,GG,AA,CC,CC,GG,GG,AA,GG,TT,AA,AA,CG,GG,AT,CC,AA,AT,GG,TT,TT,AA,CG,GT,AA,CG,TT,GG,AA,GG,AA,TT,AA,TT,CC,TT,AA,CC,TT,CC,GG,CC,AA,CC,TT,TT,TT,GG,TT,AA,AA,GG,GG,CC,CC,GG,CC,GG,TT,AG,CC,GT,NN,CC,CG,AA,GG,CC,AT,CC,AA,AA,AC,CC,AC,TT,AA,GG,AA,AA,AA,AC,AG,AA,AA,AA,TT,CC,NN,AG,AC,AC,CT,AA,AA,GG,GG,GG,NN,AT,AA,TT,AT,TT,AG,TT,GG,GG,AA,4.63,Susceptible,Low,Poor,Late
L0734,Bengaluru Rural,Karnataka,Kharif,Red Sandy Loam,Rainfed,720,26.0,70,AC,CT,GG,GG,GG,CC,TT,AT,CC,CC,TT,CC,CC,TT,TT,GG,GG,TT,TT,AG,NN,TT,GG,CC,TT,CC,TT,AT,GT,AA,TT,CC,AA,CC,GG,CG,GG,CG,GG,CC,TT,CC,AA,TT,AA,GG,TT,TT,CC,AC,GG,AT,AA,GG,CC,GT,AA,AA,GG,AA,AA,TT,AT,AG,TT,TT,CC,GG,TT,GG,NN,GT,NN,AA,AG,AA,AT,GG,TT,TT,AG,GG,GG,CC,AA,GG,AG,AA,CC,TT,CC,TT,CT,TT,NN,GG,TT,CC,GT,CC,CT,CC,AG,AA,TT,TT,CC,AA,AG,AA,TT,GG,TT,CC,TT,AA,CC,TT,CC,AG,CC,GG,CC,TT,TT,AA,CC,CC,CC,CC,AA,TT,CC,AA,CC,CC,AA,TT,AA,AA,GG,CC,CC,GG,AA,AG,AA,AC,GG,CG,CC,AA,AG,GG,TT,GG,AA,NN,NN,GG,AC,TT,GT,TT,CC,AA,TT,CT,AT,AT,CG,CC,AA,CC,CC,CC,CG,CC,AA,GG,GG,CC,TT,CC,GG,TT,CG,TT,AA,AA,TT,CC,GG,AA,AC,CG,CG,GG,AC,GG,TT,AC,AA,CC,GG,AA,CC,AA,AT,GG,TT,TT,AA,CG,GG,AT,CC,AT,TT,AA,GG,AA,TT,AA,TT,CC,TT,AC,AC,TT,CG,AA,CC,GG,AC,TT,CC,GT,GG,AT,AC,AC,AA,GG,CC,CG,GG,CC,GG,TT,AA,CG,TT,GG,CC,CC,AA,AG,CC,AT,CC,AT,AA,AC,CC,CC,AT,AA,GG,AA,AA,AA,AC,AA,GG,AG,AA,TT,GG,AA,AA,AA,AA,TT,AA,AA,CG,GG,GG,TT,AA,AA,TT,TT,TT,AG,AT,GG,GG,AA,1.32,Susceptible,Medium,Premium,Medium
L0735,Bengaluru Rural,Karnataka,Kharif,Red Sandy Loam,Rainfed,720,26.0,70,AC,CT,GG,AG,GG,CG,GG,AT,CC,GG,AA,TT,CG,AT,TT,GG,GG,AT,TT,AA,CG,TT,GT,CC,TT,CC,TT,TT,GG,AA,CT,CC,AA,AC,GG,GG,GG,CC,GG,CC,TT,CT,AA,TT,AA,GG,TT,TT,CC,AC,GG,AA,AA,NN,CT,TT,AA,AC,GT,AA,AA,TT,AT,GG,CT,TT,CC,GG,TT,GG,NN,GG,AC,AA,AG,AC,AT,GG,TT,CT,GG,GG,GG,CC,AA,GG,AA,AA,CC,GT,AC,TT,CC,TT,GT,GG,TT,CC,TT,CC,CC,CG,GG,AA,TT,GT,CG,AG,AA,AA,CC,GG,TT,CC,TT,AA,AA,TT,CC,GG,CC,GG,CC,GT,TT,NN,CC,CC,CC,CC,AA,TT,AC,AA,CC,CT,AA,TT,AA,AA,GG,CC,CC,GG,AA,AG,AA,CC,GG,CC,CC,AA,AG,GG,TT,GG,AA,TT,TT,AG,AA,TT,GT,TT,CC,AA,GG,TT,AA,TT,GG,CC,AA,CT,CC,CC,CG,CC,AA,GG,AG,CC,TT,CC,NN,TT,GG,NN,AA,AA,TT,CC,GG,AC,CC,CC,GG,AG,AA,GG,TT,AA,AA,CC,GT,AT,AC,AT,AT,NN,TT,AA,AT,GG,GG,AT,CC,TT,TT,AA,GG,AA,CT,AC,TT,CC,TT,AC,CC,CT,GG,GG,CC,AG,CC,TT,CT,GG,GG,TT,AC,AA,AG,GG,CC,CC,GG,CC,GG,AT,AA,CC,TT,GG,CC,CC,TT,AA,CC,AT,CC,AA,AA,CC,CC,AC,TT,AA,GG,AA,AC,AC,AA,GG,AA,AA,AA,TT,GG,AA,AA,AC,AA,NN,AA,AA,GG,GG,GG,GT,AA,AA,GG,TT,TT,AG,TT,GG,GG,AA,2.47,Moderate,Medium,Standard,Medium
L0736,Bengaluru Rural,Karnataka,Kharif,Red Sandy Loam,Rainfed,720,26.0,70,AC,TT,GG,AA,GG,CC,GG,TT,CC,CC,AA,CT,CC,AT,GT,GG,CG,TT,TT,AG,CC,GT,GT,CC,TT,CC,TT,TT,GG,AA,TT,CC,AA,CC,NN,CG,GG,CC,GG,CC,TT,TT,AA,TT,AA,AG,TT,TT,CC,AC,GG,AA,AA,GG,CC,TT,AA,AC,TT,AA,AG,TT,AT,AA,TT,AT,CC,GG,TT,GG,AG,GT,AC,AA,GG,AC,AA,GG,TT,TT,GG,NN,GG,CC,AA,GG,AA,AA,CC,TT,AC,TT,CC,TT,GT,GG,TT,CC,TT,CC,CC,CC,NN,NN,TT,TT,CG,AA,AG,AA,CT,GG,GT,CC,TT,AC,AA,TT,CG,AG,CC,GG,CC,GG,CT,AA,CT,CC,AC,CC,AA,TT,CC,AA,CC,CC,AA,AT,AG,AA,GG,CC,CC,GG,AG,AA,AA,AC,GT,CC,CG,AA,AG,GG,GT,GG,AA,GT,CT,GG,AC,GT,TT,CT,CG,AA,TT,TT,AA,TT,CG,CC,AG,CT,CC,CC,GG,CC,AA,GG,AG,CC,TT,CC,GG,TT,GG,TT,AA,AG,TT,CC,GG,AA,AC,CC,GG,AG,AC,CG,TT,AA,AA,CG,GT,AT,AC,AA,AA,GG,TT,TT,AT,GG,GT,TT,CC,AT,TT,AA,AG,AA,TT,AC,TT,CC,TT,AC,CC,TT,GG,AG,NN,GG,CC,TT,CT,GT,GG,TT,AA,AA,AG,GG,CC,CC,GG,CC,GG,TT,AG,CG,GT,GG,CC,CC,TT,GG,CC,AA,CC,AT,AA,CC,CC,CC,AT,AA,CG,AA,AA,AC,AA,NN,AG,AA,AA,AT,GG,AA,AG,AA,AA,TT,AA,AA,GG,GG,GG,TT,AA,AA,TT,TT,TT,AA,TT,GG,CG,AA,3.67,Susceptible,Medium,Poor,Medium
L0737,Bengaluru Rural,Karnataka,Kharif,Red Sandy Loam,Rainfed,720,26.0,70,AC,TT,AG,AG,GG,CC,GG,TT,CC,CC,AT,CC,CG,AT,TT,GG,CG,TT,TT,AG,NN,TT,TT,CC,NN,CC,NN,TT,GG,AA,TT,CC,AA,CC,AG,GG,GT,CC,GG,CC,TT,TT,AC,GG,AA,GG,CT,TT,CC,AC,GG,AT,GG,GG,CT,GT,AA,AA,GG,AC,AA,TT,TT,AA,TT,TT,CC,GG,TT,GG,AG,GG,CC,AA,GG,AC,AA,GG,GT,TT,GG,GG,GG,CC,AA,NN,AA,AT,CC,GT,CC,TT,CC,TT,TT,GG,TT,AC,GT,CC,CT,NN,GG,AA,TT,TT,CC,AA,AA,AA,CC,GG,GT,CC,TT,AC,AA,TT,CC,GG,CC,GG,CC,GT,TT,AG,CC,CC,CC,CC,AA,TT,CC,AA,CC,CC,AA,TT,AA,AT,GG,CC,CC,GG,AG,AA,AA,CC,GG,CC,CC,AA,GG,AG,GT,GG,NN,GT,CT,AG,AC,TT,TT,TT,CG,AA,TT,CT,AT,AT,GG,CC,GG,CC,CC,CC,GG,CC,AA,GG,AG,CC,TT,CC,GT,GT,GG,TT,AA,AA,GT,AA,CG,AC,CC,CC,GG,GG,AA,GG,TT,AA,AA,CC,TT,AA,AC,AA,AA,GG,TT,TT,AT,GG,GT,AA,CC,TT,TT,AA,GG,AA,TT,AA,AT,CC,CT,AA,AC,TT,CG,AA,CG,AA,CC,TT,TT,TT,GG,AT,AC,CC,AA,GG,CC,CC,GG,CC,GG,AA,AG,CC,TT,GG,CC,CC,AA,GG,CC,AA,CC,AA,AA,AC,NN,CC,AT,AA,GG,AA,AA,AC,AA,AG,AG,AA,AA,TT,GG,AC,AG,CC,AA,CT,AG,AA,GG,GG,GG,TT,AA,AA,GT,TT,TT,AA,AT,CG,CG,AA,3.74,Susceptible,Medium,Standard,Medium
L0738,Bengaluru Rural,Karnataka,Kharif,Red Sandy Loam,Rainfed,720,26.0,70,AC,CC,AG,AG,GG,CC,GT,TT,CC,CG,AA,CC,CG,AT,GT,GG,GG,TT,TT,AA,CG,GT,TT,NN,TT,CC,TT,AT,GG,AC,TT,CC,AA,CC,GG,GG,GG,CC,GG,CC,TT,TT,AA,GT,AA,GG,TT,TT,CC,CC,GG,AA,AA,GG,CC,GT,AA,AC,GT,AA,AA,TT,AT,AA,TT,TT,CC,GG,TT,GT,AA,GG,CC,AA,GG,NN,AA,GG,TT,TT,GG,GG,GG,CC,AA,GG,AA,AA,CC,GT,CC,TT,CT,TT,TT,GG,CT,CC,GT,CC,CC,CG,GG,AA,AT,TT,CC,AA,AG,AA,CC,GG,TT,CC,GG,AA,AA,TT,CC,GG,CG,GG,CC,GG,TT,AA,CT,CC,CC,CC,AA,TT,CC,AA,CC,CC,AA,TT,AA,AT,GG,CC,CC,GG,AA,AA,AA,CC,GG,CC,CC,AA,AG,GG,TT,GG,AA,TT,CT,GG,AC,GT,NN,CT,CC,AA,GT,TT,AT,AT,GG,CC,AA,CC,CC,CC,GG,CC,AA,GG,AG,CC,TT,CC,GG,GT,GG,AA,AA,NN,TT,CC,GG,AC,AC,CC,GG,GG,CC,CG,TT,AC,AA,CG,GG,AT,CC,AA,AA,GT,TT,TT,AA,GG,GT,AT,CG,TT,GT,AA,GG,AA,TT,AA,TT,CC,TT,AC,CC,CT,GG,AG,CC,GG,CC,TT,TT,TT,GG,TT,AA,AC,AG,GG,CC,CG,GG,CG,GG,AT,AA,CG,TT,GG,CC,CG,AT,GG,CG,AA,CG,AA,AG,AC,CG,AA,TT,AA,GG,AA,AA,CC,AC,GG,AG,AG,AA,AT,GG,AA,AG,AC,AC,TT,AG,AA,CG,GG,GG,TT,AT,AA,TT,TT,TT,AG,TT,GG,GG,AA,2.99,Susceptible,High,Premium,Early
L0739,Bengaluru Rural,Karnataka,Kharif,Red Sandy Loam,Rainfed,720,26.0,70,AA,TT,GG,AG,CG,CC,GT,TT,CC,CG,AT,CT,CG,AT,GT,GG,CG,TT,TT,AA,CC,TT,TT,CC,AT,CC,NN,TT,GG,AA,TT,CC,AA,CC,GG,GG,GG,CC,GG,CC,TT,CT,AA,GT,AA,AA,TT,TT,CC,AC,GG,AA,AG,GG,CC,TT,AA,AC,GT,AC,AA,GT,AT,AG,TT,AT,CC,GG,TT,GT,AA,GG,CC,AA,GG,AA,AT,GG,TT,TT,GG,GG,GG,CC,AA,GG,AA,AA,CC,GT,CC,TT,CC,AT,GG,GG,TT,CC,TT,CT,CT,CG,AG,AA,TT,TT,CC,AA,AG,AA,CC,GG,TT,CG,GT,AC,AC,TT,CC,GG,CG,GG,CC,GT,TT,AG,CT,CC,CC,CG,AG,TT,CC,AA,CC,CC,AA,TT,AA,AT,GG,CC,CC,GG,AA,AG,AA,CC,GG,CC,CG,AA,AA,GG,TT,AG,AA,TT,TT,GG,AC,TT,TT,TT,CG,AT,GT,TT,AA,AT,GG,CC,AG,CT,CC,CC,CG,CC,AA,GG,GG,CC,TT,CG,GT,GT,GG,TT,AA,AA,TT,AC,GG,AC,AC,CG,GG,GG,NN,GG,CT,CC,AA,CC,GG,AT,CC,AT,AA,GG,TT,TT,AA,CG,TT,AA,CC,AT,TT,AA,GG,AA,TT,AA,TT,CC,TT,AA,CC,TT,GG,NN,CC,AA,AC,TT,TT,TT,GG,TT,AC,AC,AA,GG,CC,CC,GG,CC,GG,AT,AA,CG,GT,GG,CC,CC,AT,GG,CC,AT,CG,AA,AA,AA,CG,CC,TT,AG,GG,AA,AA,CC,AA,AG,AA,AG,AA,AA,GG,AA,AG,AC,AA,CT,AA,AA,GG,GG,GG,TT,AA,AG,GT,TT,TT,AA,TT,GG,GG,AA,3.99,Susceptible,Medium,Poor,Late
L0740,Bengaluru Rural,Karnataka,Kharif,Red Sandy Loam,Rainfed,720,26.0,70,AC,TT,GG,AG,GG,CC,GT,AT,CC,CG,AA,CT,CC,TT,TT,GG,CG,TT,TT,AA,CC,GT,TT,CT,AT,CC,TT,TT,GG,AA,TT,CC,AA,CC,AG,GG,GG,CC,GG,AC,TT,TT,AA,TT,AG,GG,TT,TT,CG,AA,GT,AT,AA,GG,CC,TT,AA,AA,GG,NN,AG,TT,AT,AA,TT,TT,CC,GG,TT,GG,AG,GG,CC,AA,GG,AC,AT,AG,TT,TT,GG,GT,GG,CC,AT,AG,AA,AA,CC,TT,AA,TT,CT,AT,GT,GG,TT,CC,NN,CC,CC,CG,AG,AA,TT,GT,CG,AA,AG,AC,CC,GG,TT,CC,TT,AC,AC,TT,CC,GG,CC,GG,CC,GG,CT,AA,CT,CC,CC,CC,AA,TT,CC,AA,CC,CC,AA,TT,AA,AT,GG,CC,CC,GG,AA,AG,AA,CC,GG,CC,CG,AA,AA,GG,GT,AG,AA,GT,TT,GG,AC,GG,TT,CT,CC,AT,GT,TT,AA,TT,GG,CC,AA,CT,CC,CC,GG,AC,AA,AG,AA,CC,TT,CC,TT,GT,GG,AT,AA,AA,TT,CC,GG,AA,AC,CG,GG,GG,NN,GG,TT,AA,AA,CC,GT,AA,CC,AA,AT,GG,TT,TT,AT,GG,GT,AA,CC,AT,TT,AA,GG,AA,CT,AA,TT,CC,CT,AA,CC,CC,CG,AG,CC,AG,CC,TT,TT,TT,GG,TT,AA,AC,AA,GG,CC,CC,GG,CC,GG,AT,AA,CC,TT,GG,CC,CC,AA,GG,CC,TT,CG,AA,NN,AC,CG,CC,TT,AA,GG,AA,AA,AC,AA,GG,GG,AG,AA,TT,GG,AA,AA,AC,AA,TT,AA,AG,CG,GG,CG,TT,AA,AA,GT,TT,TT,AA,TT,GG,GG,AA,4.22,Moderate,Low,Standard,Early
L0741,Bengaluru Rural,Karnataka,Kharif,Red Sandy Loam,Rainfed,720,26.0,70,CC,TT,GG,AA,GG,CC,GT,TT,CG,CG,AA,CC,CG,TT,TT,GT,CG,TT,TT,AG,CC,TT,GG,CT,TT,CC,TT,AA,GG,AA,CT,CC,AA,CC,GG,GG,GG,CC,GT,CC,TT,TT,AC,TT,AA,GG,TT,TT,CC,AA,GG,AA,AG,GG,CT,TT,AA,AC,TT,AC,AA,TT,TT,GG,TT,TT,CC,GG,TT,GG,AA,GG,CC,AA,GG,AC,TT,GG,GT,TT,GG,GG,GG,CC,AT,AG,AA,AA,CC,TT,CC,TT,CT,TT,TT,GG,CT,CC,TT,CC,CT,CC,GG,AA,TT,TT,CC,AA,GG,AA,CC,GT,TT,CC,GT,NN,NN,TT,CC,AG,CG,GG,CC,GT,CT,AG,CC,CC,CC,CC,AA,TT,CC,AA,CC,CT,AA,TT,AA,AA,GG,CC,CC,AG,AG,AG,AT,CC,GG,CG,CC,AG,AA,GG,TT,GG,AC,GT,CC,GG,CC,TT,GT,TT,CC,AA,GT,TT,AA,NN,GG,CC,AG,CC,CC,AC,GG,CC,AA,GG,AG,CC,TT,CC,GG,TT,GG,AA,AA,AA,TT,CC,GG,AA,CC,CC,GG,AG,AA,GG,TT,AA,AA,CC,GG,AT,CC,AA,AT,GG,TT,TT,AA,GG,GT,AT,CC,TT,GT,AA,GG,AA,TT,AC,TT,CC,TT,CC,CC,NN,GG,AA,CG,AG,AC,TT,CT,GG,GG,AT,AA,CC,AA,GG,CC,CG,GG,CC,GG,TT,AA,CG,TT,GG,CC,CC,AA,AG,CC,AT,CG,AT,AA,CC,CC,CC,AT,AA,GG,AA,CC,AA,AA,AG,AG,AA,AA,AT,CG,NN,AA,AC,AA,CC,AG,AA,GG,GG,GG,TT,AA,AA,TT,TT,TT,AA,TT,GG,GG,AA,4.54,Susceptible,Low,Premium,Medium
L0742,Bengaluru Rural,Karnataka,Kharif,Red Sandy Loam,Rainfed,720,26.0,70,AC,TT,AG,AG,GG,CC,GG,TT,CC,CC,AA,CC,CC,TT,TT,GG,GG,TT,TT,AA,CC,TT,GT,CC,TT,CC,GG,TT,GT,AA,TT,CT,AA,CC,GG,GG,GG,CC,GG,CC,TT,TT,AA,TT,AA,GG,CT,TT,CC,AA,TT,AT,AG,GG,CC,TT,AA,NN,GT,AA,AA,TT,AT,AA,TT,AA,CC,GG,TT,GT,AA,GG,CC,AA,AG,AA,AT,AG,NN,TT,GG,GT,GG,AC,AA,GG,AG,AT,CG,TT,CC,TT,NN,TT,TT,GG,TT,CC,GT,CC,CC,CG,GG,AA,TT,TT,CG,AA,AG,AA,CC,GG,TT,CC,GT,AC,AC,TT,CC,AG,CC,AG,CC,GG,TT,AA,CT,CC,CC,CC,AA,TT,CC,AA,CC,CC,AA,TT,AA,AA,GG,CT,CC,GG,AA,AA,AA,CC,GG,CC,CC,AA,AA,GG,TT,GG,CC,TT,TT,AG,CC,GT,TT,TT,CC,AA,TT,TT,AA,NN,CG,CG,AA,CT,CC,CC,CG,CC,AA,GG,AA,CC,TT,CC,GT,TT,GG,AT,AA,AA,TT,CC,GG,AA,CC,CC,GG,GG,AA,GG,TT,AA,AA,CC,GG,AT,CC,AT,AA,GG,TT,TT,AA,CG,GG,AA,CC,TT,GT,AA,GG,AA,CT,AA,TT,CC,CT,CC,CC,CT,CG,AG,CC,AG,AC,TT,TT,TT,GG,TT,AA,AA,GG,GT,CC,CC,GG,CC,GG,AA,AA,CC,TT,GG,CC,CG,AA,GG,CC,AT,CC,AA,AA,AC,CC,CC,TT,AA,NN,AA,AA,AA,AA,AG,AG,AA,AA,TT,GG,AC,AG,CC,AA,CT,AA,AG,GG,GG,GG,GT,AA,AA,NN,TT,TT,AA,TT,GG,GG,AA,3.11,Susceptible,High,Premium,Medium
L0743,Bengaluru Rural,Karnataka,Kharif,Red Sandy Loam,Rainfed,720,26.0,70,AC,TT,GG,AA,GG,CC,GT,AT,CC,CC,AA,CC,CG,TT,GT,GG,CG,TT,TT,AA,CC,TT,TT,CC,TT,CC,TT,TT,GG,AA,CT,CC,AA,CC,GG,GG,GG,CC,GG,CC,TT,CT,AA,TT,AA,GG,TT,AT,CC,AC,GG,AA,AA,GG,CC,TT,AA,AC,GT,AC,AA,TT,TT,AA,TT,AT,CT,GG,CT,GT,AA,GG,CC,AA,GG,AC,AT,GG,TT,NN,GG,GT,GG,CC,AA,GG,AA,AT,CC,TT,CC,TT,CT,TT,TT,AG,TT,CC,TT,CC,CC,CG,GG,AG,TT,GT,CC,AA,AA,AA,CT,GG,TT,CC,TT,AC,AA,TT,CC,GG,NN,GG,CC,GT,TT,AA,CC,CC,CC,CC,AA,TT,CC,AA,CC,CT,AA,TT,AG,AA,CG,CC,CC,GG,AA,AG,AA,AC,GG,CC,CC,AA,AA,GG,TT,GG,AC,GT,CT,GG,AC,TT,TT,TT,CC,AT,GT,TT,AA,TT,GG,CC,AG,CT,CC,CC,GG,CC,AA,GG,AA,CC,TT,CC,GG,GT,CG,AT,AA,AA,TT,CC,NN,AA,CC,GG,GG,GG,AC,GG,TT,AA,AG,CC,GG,AT,CC,AT,AT,GT,TT,TT,AA,GG,GT,AA,CC,TT,GT,AA,GG,AA,CT,AA,TT,CC,TT,AC,CC,TT,GG,AG,CG,AG,AC,TT,TT,GG,CG,TT,AC,NN,AA,GG,CC,CC,GG,CC,GG,AA,AA,CC,TT,GG,CC,CC,AA,AA,CC,AA,CC,AA,AA,AA,GG,AC,TT,AG,NN,AA,AC,AA,AA,AG,AA,AG,AA,TT,GG,AA,AA,AC,AC,TT,AA,AA,GG,GG,GG,TT,AA,AA,TT,TT,TT,AG,TT,GG,CC,AA,3.11,Susceptible,High,Poor,Late
L0744,Bengaluru Rural,Karnataka,Kharif,Red Sandy Loam,Rainfed,720,26.0,70,AC,TT,GG,GG,CG,CC,GT,TT,CC,CG,AA,CC,CC,AT,TT,GG,GG,TT,TT,AA,CC,TT,GT,CC,AT,CC,GT,AA,GG,AA,TT,CC,AA,AC,GG,GG,GG,CC,GG,CC,TT,TT,AC,NN,AA,GG,TT,TT,CC,AC,GG,AA,AA,GG,CC,GT,AA,AA,GT,AA,AG,GT,TT,AA,TT,AT,CC,GG,TT,GG,AA,GG,CC,AA,GG,AC,AT,GG,TT,TT,GG,GT,GT,CC,AA,GG,AG,AA,CC,GT,CC,GT,CC,TT,TT,GG,TT,NN,GT,CC,CC,CG,GG,AA,TT,TT,CC,AA,GG,AA,CT,GG,TT,CC,TT,AA,AA,AT,CC,AG,CC,AG,CT,GG,CT,AA,CC,CC,AC,CC,AA,TT,CC,AA,CC,CC,AA,TT,AA,AA,GG,CT,CC,GG,AA,AG,AA,AC,TT,CC,CC,AA,AA,GG,TT,GG,CC,GT,TT,GG,CC,GT,TT,TT,NN,AT,GT,CT,AT,TT,GG,CG,AA,CT,CC,CC,CC,CC,AA,AG,AA,CC,TT,CG,GG,GT,GG,TT,NN,AA,TT,CC,GG,AA,NN,CC,GG,GG,AA,GG,TT,AC,AA,CC,GG,NN,CC,AA,AA,GG,TT,AT,AT,GG,GT,AA,CG,NN,TT,AA,GG,AA,CT,AA,AT,CC,CT,AA,CC,TT,GG,AG,CC,AA,AC,TT,TT,GT,GG,TT,AA,CC,AG,GT,CC,CC,GG,CC,GG,AT,AA,CC,TT,GG,CC,CC,AA,AA,CC,AT,CC,AA,AA,AC,CC,AA,TT,AA,GG,AA,AC,AC,AC,GG,GG,AG,AA,TT,GG,AA,AA,CC,AC,TT,AG,AG,GG,GG,GG,TT,AA,AA,GT,TT,NN,AG,AT,GG,GG,AA,3.38,Susceptible,Low,Premium,Medium
L0745,Bengaluru Rural,Karnataka,Kharif,Red Sandy Loam,Rainfed,720,26.0,70,AC,TT,GG,AA,GG,CG,GG,TT,CC,CG,AA,CC,CG,TT,TT,GT,GG,TT,TT,AA,CC,TT,TT,CC,TT,CC,TT,TT,GT,AA,TT,CT,NN,CC,GG,GG,GG,CC,GG,CC,TT,TT,AA,TT,AA,GG,TT,TT,CC,NN,GT,AA,AG,GG,CC,TT,AA,AA,GT,AA,AA,GT,TT,AA,TT,TT,CC,GG,CT,GG,AG,GG,AC,AA,AG,AA,AA,GG,TT,CT,GG,GT,GG,CC,AT,GG,AA,AA,CG,GT,CC,GT,CC,TT,GT,GG,TT,CC,TT,CC,CC,CC,GG,AA,TT,GT,GG,AA,AA,AC,CC,GG,TT,NN,TT,AC,AC,TT,CC,GG,CC,GG,CC,GG,CC,AA,CC,CC,CC,CC,AA,TT,AC,AA,CC,CT,AA,TT,AA,AA,GG,CC,CC,GG,AA,AA,AA,CC,GT,CC,CC,AA,AG,GG,GT,GG,NN,NN,TT,GG,CC,GT,TT,TT,GG,AT,TT,TT,AA,AT,GG,CC,AA,TT,CC,CC,CG,CC,AA,GG,AA,CC,TT,CC,GG,TT,GG,AA,AA,AG,TT,CC,GG,AA,AC,CC,GG,GG,AA,GG,TT,AC,AG,CC,GG,AA,CC,AA,AT,GG,TT,AA,AT,GG,TT,AT,CC,TT,GT,AA,GG,AA,TT,AA,TT,CC,CT,AA,CC,TT,CG,AA,CC,AG,CC,TT,TT,TT,GG,AT,AA,CC,AG,GG,CC,CG,GG,CC,GG,AA,AA,CG,TT,GG,CC,CC,AT,GG,CC,AT,CC,AA,AA,CC,GG,AC,TT,AA,GG,AA,AC,AA,AA,AG,AG,AA,AA,TT,CG,AC,AA,CC,CC,CT,AA,AA,CG,GG,GG,TT,AT,AA,GT,TT,TT,AA,AT,GG,GG,AA,2.09,Resistant,Low,Premium,Early
L0746,Bengaluru Rural,Karnataka,Kharif,Red Sandy Loam,Rainfed,720,26.0,70,CC,TT,GG,AA,GG,CG,GT,TT,CC,CC,AT,CT,CC,TT,TT,GG,CC,TT,TT,AA,CC,TT,TT,CC,TT,CC,TT,TT,GG,AA,CT,CC,AA,CC,GG,GG,GG,CG,GT,CC,TT,TT,AA,TT,AA,GG,TT,NN,CC,AC,GG,AA,AA,GG,CC,TT,AA,AA,GG,AA,AA,TT,AT,AA,TT,TT,TT,GG,CT,GG,AA,GT,CC,AA,GG,AC,AT,GG,TT,TT,AG,GG,GG,CC,AT,GG,AA,AA,CC,GT,CC,TT,CT,TT,TT,GG,TT,CC,GT,CC,CC,CC,AG,AA,TT,TT,CC,AA,AG,AA,CT,GG,TT,CC,TT,AA,AA,AT,CG,GG,CC,GG,CC,GG,CT,AA,CT,CC,CC,CC,AA,TT,CC,AA,CC,CC,AA,TT,AA,AA,GG,CC,CC,GG,AA,AA,TT,AC,GG,CC,CC,AA,AA,AG,GT,GG,CC,TT,TT,GG,CC,GT,TT,TT,CC,AT,GT,TT,AA,AA,CG,CC,GG,CC,CC,CC,CG,CC,AA,GG,AA,CC,TT,CC,GG,TT,GG,TT,AA,AA,TT,CC,GG,NN,CC,CC,GG,GG,CC,GG,TT,AA,AG,CC,GG,AT,AC,AA,AA,GT,TT,TT,TT,CG,GT,AA,CC,AT,TT,AA,GG,AA,TT,AA,TT,CG,TT,AC,CC,TT,NN,GG,CG,AG,AC,TT,CT,TT,GG,TT,AA,AC,AA,GG,CC,CG,GG,CC,GT,TT,AA,CC,TT,GG,CG,CC,NN,GG,NN,AA,CC,AA,AG,CC,CG,AA,TT,AA,GG,AA,AA,AC,AA,GG,AG,AA,AA,AT,GG,AA,AA,AC,AA,TT,AA,AA,GG,GG,GG,TT,AA,AA,GT,TT,TT,AG,TT,GG,GG,AC,3.43,Resistant,Low,Premium,Medium
L0747,Bengaluru Rural,Karnataka,Kharif,Red Sandy Loam,Rainfed,720,26.0,70,AA,TT,GG,AG,CG,CC,GG,AT,CC,CC,AA,CC,CG,AT,GT,GG,GG,TT,TT,AA,CG,TT,TT,CC,TT,CC,TT,TT,GG,AC,TT,CT,AG,CC,GG,GG,GG,CG,GG,CC,TT,CT,AA,TT,AA,GG,TT,AA,CC,AA,GG,AA,AA,GG,CC,TT,AA,AA,TT,AC,AG,TT,TT,AA,TT,TT,CC,GG,TT,GG,AA,GT,AC,AA,GG,AA,AA,GG,TT,TT,GG,GG,GG,CC,AA,GG,AA,AT,CC,TT,AC,TT,CC,TT,TT,GG,TT,CC,GT,CC,CC,CC,GG,AA,TT,TT,CG,NN,AA,AC,CC,GG,TT,CC,TT,AA,AC,TT,NN,GG,CC,AG,TT,GT,CT,AA,CC,CC,AC,CC,AA,TT,CC,AA,CC,CC,AA,AT,AG,AA,GG,CT,CC,GG,AG,AA,AA,CC,NN,CC,CC,AA,AA,GG,TT,GG,AA,GT,TT,GG,AC,GT,GG,TT,CG,AA,GT,TT,AT,AT,CC,CC,AA,CT,AC,CC,CG,CC,AA,AG,AA,CC,TT,CC,GG,GT,GG,AT,AA,AG,GT,CC,GG,AA,AC,CC,GG,GG,AC,GG,TT,AA,AA,CC,GG,AA,CC,AA,TT,GG,GT,TT,AA,GG,GG,AT,CC,TT,GT,AA,NN,AA,TT,AA,TT,CC,CT,AA,CC,TT,CG,AG,NN,AG,CC,AT,TT,GT,CG,TT,AA,AC,AA,GG,CC,CG,GG,CC,GG,AT,AA,CC,GT,GG,CC,CG,AT,GG,CC,AA,CG,AT,AA,AC,GG,AC,TT,AA,CG,AA,AC,AA,AA,AG,GG,AA,AA,AT,CG,AA,AG,CC,AA,TT,AA,AA,GG,GG,GG,TT,AA,AA,TT,TT,TT,AG,TT,GG,GG,AA,4.49,Susceptible,Low,Standard,Early
L0748,Bengaluru Rural,Karnataka,Kharif,Red Sandy Loam,Rainfed,720,26.0,70,AA,TT,AG,AG,GG,CC,GG,AT,CG,CC,NN,CC,CC,AT,TT,GG,GG,TT,TT,AA,CC,GG,TT,CC,TT,CC,GT,TT,GG,AA,TT,CC,AA,AC,GG,GG,GG,CC,GG,CC,TT,TT,AA,TT,AA,GG,TT,TT,CC,AC,GT,AA,AA,NN,CT,TT,AA,AA,GT,AA,AA,TT,AT,AG,TT,AT,CC,GG,CT,GT,AG,GG,CC,AA,GG,AC,AT,GG,TT,TT,GG,GG,GG,CC,AA,GG,AA,AT,CC,TT,CC,TT,CC,AT,TT,GG,TT,CC,GT,CC,CC,CG,AA,AA,AT,TT,CG,AA,AG,AA,CC,GG,TT,CG,NN,AA,AA,TT,CC,GG,CC,GG,CC,GG,TT,AA,CT,CC,CC,CC,AA,TT,CC,AA,CC,CC,AG,TT,AA,AA,GG,TT,CC,NN,AA,AA,AA,AC,GG,CC,CC,AA,NN,AA,TT,AG,AA,TT,CT,AG,AC,GT,GT,TT,CG,AA,TT,TT,AA,AT,GG,CC,AG,CC,CC,CC,CC,CC,AA,GG,AG,CC,TT,CG,GT,TT,CG,AA,AA,AA,TT,CC,GG,AC,CC,NN,GG,GG,AC,GG,TT,AC,AA,CC,GG,AA,CC,AA,AA,GG,TT,TT,AA,GG,GT,AA,CC,TT,GT,AA,GG,AA,CT,AA,TT,CC,TT,AC,CC,CT,GG,AG,CC,AA,CC,TT,TT,GT,GG,TT,AA,CC,AG,GG,CC,CG,GG,CC,GG,TT,GG,CC,TT,AG,CC,CC,AA,GG,CC,AT,CC,AA,AA,CC,CC,AC,TT,AA,GG,AA,AC,AA,AA,AG,AG,AG,AA,AT,CG,AC,AA,CC,AC,CT,NN,AA,GG,GG,GG,TT,AA,AG,TT,TT,TT,AG,TT,GG,GG,AA,2.75,Susceptible,Medium,Standard,Medium
L0749,Bengaluru Rural,Karnataka,Kharif,Red Sandy Loam,Rainfed,720,26.0,70,AC,TT,AG,AG,GG,CC,GG,TT,CC,CC,AA,CT,CC,TT,GT,GG,CG,TT,TT,AG,CG,TT,GT,CC,TT,TT,GT,TT,GG,AA,TT,CC,AA,CC,GG,GG,GG,CG,GG,CC,TT,CT,AA,GT,AA,GG,TT,TT,CC,AC,GG,AA,AA,GG,CC,GT,TT,AA,GT,AA,AA,TT,AA,AG,TT,AT,NN,GG,TT,GG,AA,GG,NN,AA,GG,AA,AT,GG,GT,TT,GG,GG,GG,CC,AA,GG,AG,AA,CC,GG,AC,TT,TT,TT,TT,GG,CT,AC,GT,CC,CC,CC,GG,AA,TT,TT,CC,AA,AG,AA,CT,GG,GT,CG,GT,AA,AA,TT,CC,AG,CC,GG,CC,GT,CT,AA,CT,CC,CC,CG,AA,TT,CC,AA,CC,CT,AA,TT,AA,AT,CG,CT,CC,GG,AA,AA,AA,CC,GG,CC,CC,AA,AA,GG,TT,AG,AC,TT,TT,AG,CC,GT,GT,TT,CC,AA,GT,TT,TT,TT,CG,CC,NN,CC,CC,CC,CG,AC,AA,GG,AA,CC,TT,CG,GT,TT,GG,AA,AA,AA,GT,CC,CG,AC,CC,CC,GG,GG,AC,GG,CT,AC,AA,CG,GG,AA,CC,AA,AA,GT,TT,TT,AA,GG,GT,AA,CG,AA,GT,AA,GG,AA,CT,AA,TT,CC,CT,AC,CC,CT,CC,AA,CC,AG,CC,AT,TT,GT,GG,TT,AA,AC,AA,GG,CC,CG,GG,CC,GG,AA,AA,CC,TT,GG,CC,NN,AT,GG,CC,AT,CC,NN,AA,AC,CC,AC,TT,AA,GG,AA,AC,AA,AA,AG,AG,GG,AA,AT,GG,AC,GG,CC,AA,CC,AG,AA,GG,GG,GG,TT,AT,AA,TT,TT,TT,AA,AT,GG,GG,AA,3.34,Susceptible,Low,Premium,Late
L0750,Bengaluru Rural,Karnataka,Kharif,Red Sandy Loam,Rainfed,720,26.0,70,AC,CT,GG,GG,GG,CC,GT,AT,CC,CC,AA,CC,CG,AT,TT,GT,CG,TT,TT,AG,CC,TT,GT,NN,TT,CC,TT,TT,GT,AA,TT,CT,AA,CC,GG,GG,GG,CC,GG,AC,TT,CT,AA,TT,AA,AG,TT,AT,CC,AC,GG,AA,AA,GG,CT,TT,AT,AA,TT,CC,AA,TT,AT,AG,TT,AT,CC,GG,TT,GG,AG,GG,CC,AA,GG,AA,AT,GG,TT,TT,GG,GG,GG,CC,AA,GG,AA,AA,CC,GT,CC,TT,CT,TT,TT,GG,TT,CC,TT,CC,CC,CC,GG,AA,TT,TT,CG,AG,AG,AC,CT,GT,TT,CC,TT,AA,AA,NN,CC,GG,CG,AG,CT,GT,TT,AG,CC,CC,CC,CC,AA,TT,CC,AA,CC,CC,AA,TT,NN,AA,GG,CT,CC,GG,NN,AG,AA,CC,GT,CC,CG,AA,AG,GG,TT,GG,AA,TT,CT,GG,AC,TT,GT,TT,CC,AA,GT,TT,AA,NN,GG,GG,AG,CT,AC,CC,GG,AC,AA,GG,AA,CC,TT,CC,TT,TT,CG,TT,AA,AA,TT,CC,GG,AA,CC,CC,GG,GG,AC,GG,TT,AC,AA,CC,GG,AT,AC,AA,AA,GG,TT,TT,AA,GG,TT,AA,CG,AA,GG,AA,GG,NN,TT,AA,TT,CC,CT,AA,CC,TT,CG,AA,CG,AG,CC,TT,TT,GT,GG,TT,AC,CC,AA,NN,CC,CG,GG,CC,GG,TT,AA,CC,TT,GG,CC,CG,AA,AG,CC,AA,CG,AA,AA,AC,CG,AC,AT,AA,GG,AA,AA,AC,AA,AG,AG,AA,AG,AA,GG,AC,AG,AC,AC,TT,GG,AG,GG,GG,CG,GT,AA,AG,TT,TT,TT,GG,TT,GG,GG,NN,5.33,Susceptible,Medium,Standard,Late
L0751,Bengaluru Rural,Karnataka,Kharif,Red Sandy Loam,Rainfed,720,26.0,70,AC,TT,GG,AA,GG,CC,GG,TT,CC,CC,AA,CC,CC,TT,TT,GG,GG,TT,TT,AG,NN,TT,GT,CC,TT,CC,TT,TT,GT,AA,TT,CC,AA,CC,GG,CG,GG,CC,GG,CC,GT,CT,AC,TT,AG,GG,TT,TT,CC,CC,GG,AA,AA,GG,CT,GT,AA,AC,GT,AA,AA,TT,AT,AA,TT,AT,CC,GG,TT,GG,AA,GG,CC,AA,GG,AA,TT,GG,TT,TT,GG,GT,GT,CC,AA,GG,AA,AA,CC,GG,NN,TT,CT,TT,GT,GG,TT,CC,GG,CC,CC,CG,GG,AA,AA,TT,CG,AA,AA,AA,CC,GG,TT,CC,GT,AC,AC,AT,CG,GG,CC,GG,CC,GG,CT,AA,CT,CC,CC,CC,AA,GT,CC,AA,CC,CC,AA,TT,AA,AA,CG,CT,CC,AG,AA,GG,AA,AC,GG,CC,CC,AG,AA,AG,TT,GG,AC,GT,CT,GG,AC,TT,TT,TT,CC,AA,TT,TT,AA,TT,GG,CC,AG,CT,CC,CC,CG,CC,AA,GG,AA,CC,TT,CC,GG,GT,GG,AT,AA,AG,GT,CC,GG,AA,CC,CC,GG,GG,AC,GG,TT,AA,AA,CG,GT,TT,AC,NN,TT,GG,TT,NN,TT,GG,GG,AT,CG,AT,TT,AA,GG,AA,TT,AA,TT,CC,CT,AA,CC,TT,GG,AG,CC,AG,CC,TT,TT,GT,GG,TT,AA,CC,AG,GG,CC,CC,GG,CC,GG,TT,AA,CC,NN,GG,CC,CC,AT,GG,CG,AT,CC,AA,AA,CC,CC,AC,TT,AA,CC,AA,AC,AC,AA,AG,AA,AG,AG,TT,GG,AA,AA,AC,AA,CT,AA,AA,GG,GG,GG,GT,AA,AA,TT,TT,TT,AA,AA,GG,GG,AA,5.41,Resistant,Medium,Standard,Early
L0752,Bengaluru Rural,Karnataka,Kharif,Red Sandy Loam,Rainfed,720,26.0,70,AA,TT,GG,AG,NN,CC,GG,TT,CC,NN,AA,CT,CG,TT,TT,GG,GG,TT,NN,AA,CC,TT,GT,CT,AT,CC,TT,TT,GG,AA,TT,CC,AA,CC,GG,GG,GG,CC,GG,CC,TT,TT,AA,TT,AG,GG,TT,TT,CC,CC,GT,AA,AA,GG,CC,TT,AA,AA,GG,AC,AA,GT,TT,NN,TT,TT,CC,GG,TT,GT,AA,GG,CC,AA,GG,AC,AA,GG,TT,TT,GG,GG,GG,CC,AA,GG,AA,AA,CC,GT,AC,TT,CT,TT,TT,GG,TT,CC,GT,CC,CT,CC,AG,AA,TT,TT,CC,AA,GG,AA,TT,NN,GT,CC,GT,AA,AA,TT,CC,AG,CC,GG,CC,GT,NN,AA,CC,CC,CC,CC,AA,TT,CC,AA,CC,CC,AA,AT,AA,AA,GG,CC,CC,GG,AA,AG,AA,CC,GG,CC,CC,AA,AA,AA,GT,GG,AA,TT,TT,GG,AC,GT,TT,NN,CG,AA,GT,TT,AT,AT,GG,CC,AG,CC,CC,CC,GG,AC,AA,GG,AA,CC,TT,CC,GT,TT,CG,AT,AA,AG,TT,AC,GG,AA,CC,CC,GG,GG,AC,GG,TT,AA,AA,CC,GG,AA,CC,AA,AA,GG,GT,TT,AA,CG,GT,AT,CC,AT,TT,AA,GG,AA,CT,AA,TT,CC,CT,AC,CC,TT,CG,AG,CC,AG,CC,TT,TT,GG,GG,TT,AA,AC,AG,GG,CC,CC,GG,CC,GG,TT,AA,CC,GT,GG,CC,CC,AA,AG,CC,AA,CG,AA,AA,AC,GG,AC,TT,AA,GG,AT,AA,AA,AA,GG,AG,AA,AA,TT,GG,AC,AA,AC,AA,TT,AA,AA,GG,GG,CG,GT,AA,AA,TT,TT,TT,AG,TT,GG,GG,AA,5.11,Moderate,Medium,Standard,Early
L0753,Bengaluru Rural,Karnataka,Kharif,Red Sandy Loam,Rainfed,720,26.0,70,AA,CT,GG,AA,GG,CC,GT,TT,CC,CC,AA,CC,NN,TT,TT,GG,GG,TT,TT,AA,CG,TT,GG,NN,TT,CC,TT,AT,GT,AA,TT,CC,AA,CC,GG,GG,GT,CG,GG,CC,TT,CT,AA,TT,AG,AG,TT,AT,CC,AA,GG,AA,AG,NN,CT,GT,AA,AC,GG,AA,AA,TT,TT,GG,TT,TT,CC,GG,TT,GG,AG,GG,CC,AA,GG,AC,TT,GG,TT,TT,GG,GG,GG,CC,AA,GG,NN,AA,CC,TT,AC,TT,CT,TT,TT,GG,TT,CC,GG,CC,CT,CC,AG,AA,TT,TT,CC,AA,AA,AC,CT,GG,TT,CC,TT,AA,AC,TT,CC,AA,CG,GG,CC,GG,TT,AA,CT,CC,CC,CC,AA,TT,CC,AA,CC,NN,AA,TT,AA,AA,GG,CT,CG,GG,AA,AG,AA,AC,GG,CC,CC,AA,AA,AG,GT,GG,AA,TT,CC,GG,CC,TT,TT,CT,CG,AA,GT,TT,AA,AT,GG,CC,AG,CT,CC,CC,GG,AC,AA,GG,AG,CC,TT,CC,GG,TT,CG,TT,AA,AA,TT,AC,GG,AA,CC,CC,GG,GG,NN,GG,TT,AC,AA,CC,GT,AA,AC,AA,NN,GG,TT,AT,AT,CG,GT,AA,CG,AT,GT,AA,GG,AA,CT,AA,TT,CC,TT,AA,CC,TT,NN,AG,CC,AG,CC,TT,TT,TT,GG,TT,AA,CC,AG,GG,CC,CG,GG,CC,GG,TT,AG,CC,GT,GG,CC,CC,AA,GG,CG,AA,CG,AA,AA,CC,GG,AC,TT,AA,GG,AA,AA,AC,AA,AG,AA,AG,AA,TT,GG,NN,AG,CC,AA,TT,NN,AA,GG,GG,GG,TT,AA,AA,GT,TT,AT,AG,AT,GG,GG,AA,3.51,Susceptible,High,Standard,Early
L0754,Bengaluru Rural,Karnataka,Kharif,Red Sandy Loam,Rainfed,720,26.0,70,AC,TT,GG,AG,GG,CC,GG,TT,CC,CG,AA,CT,CG,AT,TT,GG,GG,TT,TT,AG,CC,GT,GT,NN,TT,CC,TT,TT,GG,AA,TT,CC,AA,CC,GG,CG,GG,CG,GG,CC,TT,CT,AA,TT,AA,AG,TT,TT,CC,AC,GT,AA,AA,GG,CC,TT,AT,AA,TT,AC,AA,TT,TT,AA,TT,AA,CC,GG,TT,GG,AA,GG,CC,AA,GG,AC,AT,GG,TT,TT,GG,GG,GT,CC,AA,GG,AA,AA,CC,GT,CC,TT,CT,TT,GT,GG,CT,AC,GG,CT,CT,CG,GG,AA,TT,GT,CC,AA,AG,AA,CT,GG,GT,CC,TT,AA,AA,TT,CC,AG,CC,GG,CC,GG,TT,AA,CC,CC,CC,CC,AA,TT,CC,AA,CC,CC,AA,TT,AA,AA,CG,CC,CC,GG,AA,AG,AA,CC,GG,CC,NN,AA,AG,GG,TT,GG,AA,GT,CT,GG,AC,GT,NN,TT,CC,AA,GT,TT,AT,AT,CG,CC,GG,CC,CC,CC,CG,CC,AA,GG,AA,CC,TT,CC,TT,TT,CC,AA,AA,AA,TT,CC,GG,AA,AC,CG,GG,GG,CC,GG,TT,AA,AG,CG,GT,AA,AC,AA,TT,GT,TT,AA,AA,GG,GT,AA,CC,AT,TT,AA,AG,AA,TT,AA,TT,CC,CT,AA,CC,TT,CG,AG,CC,AG,CC,AT,TT,GT,GG,TT,AA,AC,AG,GG,CC,CG,GG,CC,GG,AT,AA,GG,TT,GG,CC,CC,AA,AG,CC,AA,CC,AA,AG,AC,NN,AC,AT,AA,CG,AA,AA,AA,AA,GG,AG,AA,AA,TT,GG,AA,AA,AA,AC,TT,AG,AA,GG,GG,GG,GT,AA,AG,TT,TT,TT,NN,NN,GG,GG,AA,4.55,Susceptible,Low,Standard,Medium
L0755,Bengaluru Rural,Karnataka,Kharif,Red Sandy Loam,Rainfed,720,26.0,70,AC,CT,GG,AG,GG,CC,GT,TT,CC,CG,AA,CC,CG,TT,TT,GG,GG,AT,TT,AA,CC,TT,GG,CC,AT,CC,TT,TT,GG,AA,TT,CC,AA,CC,GG,CG,GG,CG,GG,CC,TT,TT,AA,GT,GG,AG,TT,TT,CC,CC,TT,AA,AA,GG,CC,TT,AA,AA,GT,AA,AA,TT,AT,AG,TT,AT,CC,GG,TT,GG,AA,GG,AC,AA,AG,CC,AT,GG,TT,TT,NN,GT,GG,CC,AA,AG,AA,AA,CC,GG,CC,GT,CC,TT,TT,GG,TT,CC,TT,CC,CC,CC,GG,AA,TT,TT,CC,AA,GG,AA,CC,GG,TT,CC,TT,AA,AA,AT,CC,AG,CG,GG,CC,GT,TT,AA,CT,CG,CC,CC,AA,TT,CC,AA,CC,CC,AA,NN,AA,AA,GG,CC,CC,GG,AA,AA,AA,CC,GT,CC,CC,AA,AA,GG,TT,AG,AA,GT,CT,GG,CC,GT,GT,TT,CG,AA,TT,TT,AA,TT,GG,CC,AA,CT,CC,CC,GG,CC,AA,GG,AA,CC,TT,CC,TT,TT,GG,TT,AA,AA,TT,CC,GG,AC,AC,CC,GG,GG,AC,GG,TT,AA,AA,CC,GG,AA,AC,AA,TT,GG,GT,TT,AA,GG,GT,AT,CC,AT,GT,AA,GG,AA,CT,AA,TT,CC,CT,AC,CC,CT,CG,AA,CC,AA,CC,TT,TT,GG,CG,TT,AA,CC,AA,GG,CG,CG,GG,CC,GG,AT,AG,CC,TT,GG,CC,CC,AA,GG,CC,AA,CC,AA,AA,CC,CC,AC,TT,AA,GG,AA,AA,AC,AA,AG,AA,AA,AA,TT,CG,AC,AG,CC,AA,TT,AA,AA,GG,GG,GG,TT,AT,AG,TT,TT,TT,GG,TT,NN,CG,AA,3.49,Susceptible,High,Premium,Medium
L0756,Bengaluru Rural,Karnataka,Kharif,Red Sandy Loam,Rainfed,720,26.0,70,AC,TT,AG,AA,GG,CC,GT,AT,CC,CG,AA,CC,CG,TT,GT,GG,GG,TT,TT,AA,CC,GT,GG,CC,TT,CC,TT,AT,GG,AA,TT,CT,AA,CC,GG,GG,GG,CG,GG,CC,TT,TT,AC,TT,AA,GG,TT,TT,CC,AA,GT,AT,AG,GG,CC,NN,AA,AC,GT,AC,AG,TT,AT,AG,TT,AT,CC,GG,TT,GT,AG,GG,CC,AA,GG,AC,NN,GG,TT,TT,GG,GG,GG,CC,AT,AG,AA,AA,CC,GT,AC,TT,CC,TT,NN,GG,CC,CC,GG,CC,CC,CG,GG,GG,TT,NN,CC,AA,AG,AC,CC,GG,TT,CC,TT,AC,AA,TT,CG,GG,CC,AG,CC,GT,TT,AG,CC,CC,CC,CC,AA,TT,CC,AA,CC,CC,AA,TT,AA,AA,GG,CC,CC,GG,AA,AG,AA,AC,GG,CC,CC,NN,AG,GG,TT,GG,AC,TT,TT,GG,CC,TT,TT,CC,CC,TT,TT,TT,AT,AT,CG,CC,AG,TT,CC,CC,CG,CC,AA,GG,AG,CC,TT,CG,TT,TT,GG,TT,AA,AG,TT,CC,GG,AA,CC,CG,GG,GG,AC,GG,TT,AC,AA,CC,GG,AA,AC,AA,AA,GT,TT,AT,AT,CG,GG,AT,CG,TT,TT,AA,GG,AA,TT,AA,TT,CG,CT,AA,CC,TT,CG,AA,CG,AG,CC,TT,TT,GG,GG,TT,CC,CC,AA,GG,CC,CG,GG,CC,GG,TT,AA,CG,TT,GG,CC,CC,AA,GG,CG,AT,CC,AA,AA,AC,CG,CC,TT,AA,GG,AA,AA,AA,AA,GG,AA,AA,AA,AT,GG,AA,AG,CC,AC,TT,AA,AA,GG,GG,GG,TT,AA,AA,GT,TT,TT,AG,TT,GG,GG,AA,5.92,Susceptible,High,Standard,Late
L0757,Bengaluru Rural,Karnataka,Kharif,Red Sandy Loam,Rainfed,720,26.0,70,AC,TT,AG,AG,GG,CC,GG,TT,CC,GG,AT,CC,CG,AT,TT,GG,CG,TT,TT,AA,CC,TT,GT,CC,AT,CC,TT,TT,GG,AA,TT,CC,AA,CC,GG,CG,GG,CC,GG,CC,TT,CC,AA,TT,AA,AG,CT,AA,CC,AA,GG,AA,AG,GG,CC,TT,AA,AA,GT,AA,AG,TT,TT,AA,TT,AT,CC,GT,CT,GT,AA,GG,CC,AA,AG,AC,AA,GG,GT,TT,GG,GG,GG,CC,AA,AG,AA,AT,CC,TT,CC,TT,CC,TT,GT,GG,CT,NN,GT,CC,CC,CG,AA,NN,TT,TT,NN,AA,AA,AA,CC,GG,TT,CC,TT,AA,AA,TT,CC,GG,CC,GG,CC,GG,TT,AA,CT,CC,CC,CC,AA,TT,CC,AA,NN,CC,AA,TT,AG,AT,GG,CC,CC,GG,AA,AA,AA,AC,GG,CC,CC,AA,GG,GG,TT,AA,AA,TT,CT,GG,NN,TT,TT,TT,CC,AT,GT,TT,AA,TT,GG,CG,AG,CT,CC,CC,CG,CC,AA,GG,AA,AC,TT,CG,GG,GT,GG,TT,AA,AA,TT,CC,GG,AA,CC,CC,GG,GG,AC,GG,TT,AA,AA,CC,GG,AA,CC,AA,AT,TT,TT,TT,AA,GG,GT,AA,CC,AT,TT,AA,GG,AA,CT,AA,TT,CC,CT,AA,AC,TT,CG,AA,CG,AG,CC,TT,TT,GT,GG,TT,AA,CC,AA,GG,CC,CC,GG,CC,GG,TT,AA,CG,GT,GG,CC,CG,AA,AG,CC,AT,CC,AA,AA,CC,CC,CC,TT,AA,GG,AA,AA,AC,AA,AA,AG,AA,AA,TT,GG,AA,GG,CC,AA,TT,AA,AG,GG,GG,GG,GT,NN,AA,GG,TT,TT,AA,TT,GG,GG,AA,6.13,Susceptible,High,Poor,Late
L0758,Bengaluru Rural,Karnataka,Kharif,Red Sandy Loam,Rainfed,720,26.0,70,AC,TT,GG,AG,GG,CC,GG,AT,CC,CC,AA,CC,CC,AT,TT,GT,CG,TT,TT,AA,CC,TT,TT,CC,TT,CC,TT,TT,GG,AA,TT,CC,AA,CC,GG,GG,GG,CG,GG,CC,TT,TT,AA,TT,AG,AG,TT,AT,CC,NN,GT,AA,AA,GG,CC,TT,AT,AA,GT,AC,AA,TT,AT,AA,CT,AT,CC,GG,TT,GT,AA,GG,CC,AA,AG,AA,AA,GG,TT,TT,GG,GT,GG,CC,AT,GG,AG,AA,CC,GT,CC,GT,CT,TT,TT,GG,TT,CC,GT,CC,CC,CC,AG,NN,NN,TT,CC,AA,AG,AA,CC,GG,TT,CC,TT,NN,AC,TT,CC,AG,CC,GG,CC,GG,TT,AA,CC,CC,CC,CC,AA,TT,CC,AA,CC,CC,AA,TT,AG,AA,GG,CT,CC,AG,AA,AA,AA,CC,GT,CC,CG,AA,AA,GG,GG,GG,AC,TT,TT,GG,CC,GG,GT,TT,CC,AA,TT,TT,AT,TT,GG,CG,AG,CC,CC,CC,CC,CC,AA,GG,AG,CC,TT,CC,GT,GT,GG,AT,AA,AA,NN,CC,GG,AC,CC,NN,GG,GG,AA,GG,TT,AC,AA,CC,GG,AT,CC,AT,AA,GG,TT,AT,AA,CG,GG,NN,CC,AA,GT,AA,GG,AA,TT,AA,TT,CC,TT,AC,CC,CT,CG,AG,CC,GG,AC,TT,TT,TT,CG,TT,AC,CC,GG,GG,CG,GG,GG,CC,GG,AA,AG,CC,GT,GG,CG,CC,AA,GG,CC,AT,CC,AT,AA,AC,NN,CC,TT,AA,CG,AA,AA,AC,AA,AG,GG,AA,AA,AT,GG,AA,AG,AC,AC,NN,AA,AA,GG,GG,CG,TT,AT,AA,GT,TT,TT,AA,AA,GG,CG,AC,4.08,Resistant,Low,Standard,Medium
L0759,Bengaluru Rural,Karnataka,Kharif,Red Sandy Loam,Rainfed,720,26.0,70,AC,TT,GG,AA,GG,CC,TT,AT,CC,CC,AA,CC,CG,TT,TT,GG,CG,TT,TT,AA,CC,GT,TT,CC,TT,CC,TT,TT,GG,NN,TT,CC,AA,CC,GG,GG,GG,CG,GG,CC,TT,CT,AA,TT,AA,GG,TT,TT,CC,CC,GT,AA,AA,GG,CC,GT,AA,AA,GT,AA,AA,TT,AT,AA,TT,AT,CC,GG,TT,GT,AA,GT,AC,AA,GG,AC,AA,AG,TT,TT,GG,GG,GG,AC,AA,GG,AA,AT,CC,GT,AC,TT,CT,AT,TT,AG,TT,CC,TT,CT,CC,CG,AG,AA,TT,TT,CC,AA,AA,AA,CT,GG,GT,CC,GT,AA,AA,AT,CC,AG,CG,GG,CC,TT,TT,AA,CC,CC,CC,CC,AA,TT,CC,NN,CC,CC,AA,AA,AA,AA,GG,CC,CC,GG,AA,AG,AA,AC,GG,CC,CG,AA,AG,GG,TT,AG,AC,TT,TT,GG,CC,GG,TT,TT,CC,AA,TT,CT,TT,TT,GG,CC,AG,CC,AC,CC,GG,CC,AA,GG,AA,CC,TT,CC,NN,TT,GG,AT,AA,AA,TT,CC,GG,AA,CC,CC,GG,NN,AC,CG,TT,AC,AA,CC,GG,AT,AC,AA,AT,GT,TT,TT,AT,GG,GT,AT,CC,AT,TT,AA,GG,AA,CC,AA,TT,CC,TT,AC,CC,TT,CG,AA,CC,AG,AC,TT,TT,GT,GG,TT,AA,CC,AA,GG,CC,CG,GG,CC,GG,TT,AG,CC,TT,GG,CC,CC,AA,AG,CC,AA,CC,AA,AA,AC,CG,CC,TT,AA,GG,AA,AA,AA,AA,GG,GG,AA,AA,TT,GG,AA,AA,AC,AA,CT,AG,AA,CG,GG,GG,TT,AA,AG,TT,TT,TT,AG,AT,NN,GG,AA,3.66,Resistant,High,Premium,Late
L0760,Bengaluru Rural,Karnataka,Kharif,Red Sandy Loam,Rainfed,720,26.0,70,AC,CC,GG,GG,GG,CG,GG,TT,CC,CG,AA,CC,CG,TT,TT,GG,CG,TT,TT,AG,CC,TT,GT,CC,TT,CC,TT,TT,GT,AA,TT,CC,AA,CC,GG,CG,GG,CG,GG,CC,NN,TT,AA,TT,AA,GG,CT,TT,CC,AC,GG,AT,AA,NN,CC,TT,NN,AC,TT,AA,AA,TT,AT,AA,TT,AT,CC,GG,TT,TT,NN,GG,CC,AA,AG,AA,AA,GG,TT,TT,GG,GG,GG,CC,AA,GG,AA,AA,CC,GT,AC,TT,CC,TT,GT,GG,TT,AA,TT,CC,CT,CC,AA,AA,AT,TT,CC,AA,AA,AC,CC,GT,TT,CC,TT,AC,AA,TT,CC,GG,CC,AG,CC,GG,TT,AA,CT,CC,CC,CC,AA,TT,AC,AA,CC,CC,AA,AT,AA,AA,GG,CC,CC,GG,AA,AG,AA,AC,GG,CC,CC,AA,NN,AG,TT,GG,AA,GT,CT,GG,CC,TT,TT,CT,CC,AT,GG,TT,AA,AT,GG,CC,AG,CC,CC,CC,CG,CC,AA,GG,GG,CC,TT,CC,GG,TT,GG,AA,AA,AA,TT,CC,GG,AC,AA,CC,GG,GG,AA,GG,TT,AA,AG,CC,GG,AT,AC,AA,AA,GG,GT,TT,AT,GG,GT,AA,CC,AT,TT,AA,GG,AA,TT,AA,TT,CC,TT,AA,CC,TT,CG,AA,CC,AA,CC,TT,CT,GT,GG,TT,AA,AC,AG,GT,CC,CG,GG,CC,GG,TT,AA,CG,TT,GG,CC,CC,AA,GG,CG,AA,CC,AA,AA,AC,GG,CC,TT,AA,GG,AA,AA,AA,AA,AG,AG,AA,AA,TT,GG,CC,AA,AA,AC,TT,AA,AA,GG,GG,GG,TT,AT,AA,TT,TT,TT,AG,AA,GG,GG,AA,2.3,Susceptible,Low,Premium,Early
L0761,Bengaluru Rural,Karnataka,Kharif,Red Sandy Loam,Rainfed,720,26.0,70,AC,CT,GG,AG,GG,CC,GG,TT,CC,CC,AT,CC,CC,AT,TT,GT,CG,TT,TT,AG,CG,TT,GT,CC,TT,CC,TT,TT,GG,AA,TT,CC,AA,CC,GG,GG,GG,CC,GG,CC,TT,CT,AA,TT,AA,GG,TT,TT,CC,AA,GG,AA,AG,GG,CT,TT,AA,AC,GG,AA,AA,TT,TT,AA,TT,TT,CC,GG,CT,GG,AG,GG,CC,AA,GG,AC,AA,GG,TT,TT,GG,GG,GG,CC,AT,GG,AA,AA,CC,GT,AC,TT,CT,TT,TT,GG,TT,CC,TT,CC,CC,CC,AG,AA,TT,TT,CG,AA,AA,AA,CC,GG,TT,CG,TT,CC,AA,TT,CC,GG,CG,GG,CT,GG,TT,AG,CC,CC,CC,CC,AA,TT,CC,AA,CC,CC,AA,AT,AA,AT,GG,CC,CG,GG,AA,AG,AT,CC,GG,CG,CC,AA,AG,GG,GT,GG,AA,GT,TT,GG,AC,GT,TT,TT,CG,AA,TT,TT,AA,TT,GG,CC,AG,CT,AC,AC,GG,CC,AA,AG,GG,CC,TT,CC,GG,GT,CG,AT,AA,AA,TT,CC,GG,AA,CC,CC,GG,GG,CC,GG,TT,AC,AA,CC,GG,AT,CC,AA,AT,GT,TT,AT,NN,GG,GT,AT,CG,AT,GG,AA,GG,AG,TT,AA,TT,CC,TT,AC,CC,TT,GG,AA,CC,AG,CC,TT,TT,GT,GG,TT,AA,AC,AA,GG,CC,CG,GG,CC,GG,AT,AA,CG,TT,GG,CC,CC,AT,GG,CG,AA,CC,AA,AA,CC,CG,CC,TT,AA,GG,AA,AA,AA,AA,AG,AG,AG,AA,TT,CG,AA,AA,CC,AA,CC,AA,AA,GG,AG,GG,TT,AA,AA,GT,TT,NN,GG,TT,GG,GG,AA,3.91,Susceptible,High,Standard,Early
L0762,Bengaluru Rural,Karnataka,Kharif,Red Sandy Loam,Rainfed,720,26.0,70,AC,CT,GG,AA,GG,CC,GT,TT,CC,CC,AA,CC,CC,AT,GT,GG,CG,TT,TT,AA,CC,TT,GT,CT,TT,CC,GT,TT,GT,AC,TT,CC,AA,CC,GG,CG,GG,CC,GG,AC,TT,TT,AA,TT,GG,GG,CC,AT,CC,NN,GG,AT,AG,GG,CT,TT,AA,NN,GG,AC,AA,GT,AT,AG,TT,AA,CC,GG,TT,GT,AA,GG,CC,AA,GG,CC,AA,GG,TT,TT,GG,GG,GG,CC,AA,GG,AA,AT,CC,GG,AC,TT,CC,TT,TT,GG,TT,CC,TT,CC,CT,CC,AG,AA,TT,TT,CG,AA,AG,AA,CT,GG,GT,CC,TT,AA,AA,TT,CC,AA,CC,GG,CC,GT,TT,AG,CC,CC,CC,CC,AA,TT,CC,AA,CC,CC,AA,TT,AA,AA,NN,CC,CC,AG,AA,AG,AA,AC,GT,CC,CC,AA,AG,GG,TT,AG,AA,TT,CT,GG,CC,GT,GT,TT,CG,AA,TT,CT,AT,TT,GG,CC,AA,CT,CC,CC,GG,CC,AA,GG,AG,CC,TT,CG,GG,GT,GG,TT,AA,AA,TT,CC,CG,AA,CC,CC,GG,GG,CC,GG,TT,AA,AA,CC,GG,AT,CC,AA,AA,GG,TT,AT,AT,GG,GT,AT,CC,AT,TT,AA,GG,AA,CT,AA,TT,CC,TT,AC,CC,TT,GG,NN,CC,AG,CC,TT,TT,GT,GG,TT,AC,AC,AA,NN,CC,CG,GG,CC,GG,TT,AG,CC,TT,GG,CC,CC,AA,GG,CC,AA,CC,AT,AA,AA,CC,AC,AT,AA,GG,AA,CC,AC,AA,AG,AG,AG,AA,AT,GG,AC,AG,CC,AC,TT,AA,AA,GG,GG,GG,TT,AA,AG,TT,TT,TT,GG,AT,GG,CC,AA,3.35,Susceptible,High,Premium,Late
L0763,Bengaluru Rural,Karnataka,Kharif,Red Sandy Loam,Rainfed,720,26.0,70,AA,CT,GG,AG,GG,CC,GT,TT,CC,CC,AA,CT,CC,TT,GT,GG,GG,TT,TT,GG,CC,GT,GT,CC,TT,CC,TT,AT,GG,NN,TT,CC,AA,CC,GG,GG,GG,CC,GG,CC,TT,CT,AA,TT,AA,GG,TT,TT,CC,CC,GG,AA,AA,GG,CT,GT,AA,AA,TT,AA,AA,TT,TT,AG,CT,TT,CC,GG,NN,GT,AG,GG,CC,AA,GG,AC,AT,GG,TT,TT,GG,GG,GG,CC,AA,GG,AG,AA,CC,TT,AC,TT,CT,TT,GG,GG,CT,CC,TT,CC,CC,GG,AA,AG,TT,TT,CC,AA,AA,AA,CC,GG,TT,CC,NN,AA,AA,AT,CG,AG,CC,GG,CC,GG,TT,AG,CC,CG,CC,CC,AA,TT,CC,AA,CC,CT,AA,TT,AA,AA,GG,CC,CC,GG,AA,AG,AA,CC,GG,CC,CG,AA,AA,GG,TT,GG,AC,TT,TT,GG,AC,TT,TT,CT,CC,AT,TT,TT,AA,TT,GG,CC,AA,CC,CC,CC,NN,CC,AA,AA,AG,AC,TT,CC,GG,GT,GG,AT,AA,AG,TT,CC,GG,AA,CC,CC,GG,GG,AC,GG,CT,AA,AA,CC,GT,AT,AC,AA,AT,GT,TT,AT,AA,GG,GG,AA,CC,TT,TT,AA,GG,AA,TT,AC,AT,CG,NN,AA,CC,TT,GG,AA,CG,GG,CC,AT,TT,TT,GG,TT,AA,AC,AG,GG,CC,CC,GG,CC,GG,TT,AG,CC,GT,GG,CC,CC,AA,GG,CC,AA,CC,AT,AA,AA,CG,CC,TT,AA,GG,AA,AA,AC,AA,AG,AA,AA,AA,TT,CC,AA,AA,CC,AA,TT,AG,AA,GG,GG,CG,TT,AA,AG,TT,TT,TT,GG,AT,GG,CG,AA,4.53,Susceptible,Low,Standard,Early
L0764,Bengaluru Rural,Karnataka,Kharif,Red Sandy Loam,Rainfed,720,26.0,70,AA,TT,GG,AA,GG,CC,GT,TT,CC,GG,AA,CC,CG,TT,GT,GG,CG,TT,TT,AA,CC,TT,NN,CC,TT,CC,GT,TT,GG,AA,TT,CC,AA,CC,GG,GG,GG,CC,GG,CC,TT,NN,AA,TT,AA,GG,TT,TT,CC,CC,GT,AA,AA,GG,CC,TT,AT,AC,GG,AC,AA,TT,TT,AG,TT,TT,CT,GG,TT,GG,AG,GG,NN,AA,AG,AA,AT,GG,TT,TT,GG,GT,GG,CC,AT,GG,AA,AA,CC,GT,CC,TT,CC,TT,TT,GG,TT,CC,GT,CC,CT,CC,GG,AA,TT,TT,CC,AG,AG,AA,CC,GG,TT,CG,TT,AA,AC,TT,GG,AG,CC,GG,CC,GG,TT,AA,CC,CC,CC,CG,AA,TT,CC,AA,CC,TT,AA,TT,AA,AA,GG,CT,CC,GG,AA,AG,AA,CC,GG,CC,CC,AA,AA,GG,GT,GG,AC,TT,CT,AG,NN,TT,TT,TT,CC,AA,GT,TT,AA,TT,CG,CG,AA,CT,CC,CC,GG,CC,AT,GG,AG,CC,TT,CC,GT,TT,GG,TT,AA,AA,TT,AA,GG,AA,CC,CC,GG,GG,CC,GG,TT,NN,AA,CC,GG,AT,CC,AA,AA,GG,GT,TT,AT,GG,GT,AA,CC,AA,NN,AA,GG,AA,CT,AC,TT,CC,TT,AA,CC,CT,GG,AG,CC,AG,CC,TT,NN,TT,GG,TT,AC,AC,AA,GG,CC,CC,GG,CC,GT,AT,GG,CC,TT,GG,CC,CC,AA,GG,CG,AT,CC,AT,AA,CC,CG,AC,TT,AA,GG,AA,AA,AC,AA,AG,AG,AA,AA,TT,GG,AC,AG,AC,AC,TT,AG,AA,GG,GG,GG,TT,AA,AG,TT,TT,TT,GG,TT,GG,GG,AA,3.09,Susceptible,High,Poor,Early
L0765,Bengaluru Rural,Karnataka,Kharif,Red Sandy Loam,Rainfed,720,26.0,70,AC,CT,AG,AA,GG,CC,GG,NN,CC,CC,AA,CC,CC,TT,TT,GG,GG,TT,TT,AA,GG,GT,GT,TT,TT,CC,TT,TT,GG,AA,TT,CT,AA,CC,AG,GG,GG,CC,GG,CC,TT,TT,AA,TT,AA,AA,TT,AA,CC,AC,GG,AA,AG,GG,CT,TT,AA,AC,TT,AC,AG,GT,TT,AA,TT,TT,CC,GG,TT,NN,GG,GG,CC,AA,AG,AC,AT,GG,GT,TT,GG,GG,GT,CC,AA,GG,AA,AA,CC,GT,CC,GT,CT,TT,GT,NN,CT,CC,GT,CC,CC,CG,GG,AA,TT,TT,CC,AA,AG,AA,CC,GG,TT,CC,TT,AA,AA,TT,CG,GG,CC,GG,CC,GT,CT,AA,CC,CC,AC,CC,NN,TT,CC,AA,CC,CT,AA,TT,AA,AA,CG,CC,CC,GG,AA,AG,AA,CC,GT,CC,CG,AA,AA,AG,TT,GG,AC,TT,CT,GG,CC,TT,TT,TT,CC,AT,TT,TT,AT,TT,GG,CC,AA,CC,AC,CC,GG,AC,AA,AG,AA,CC,TT,CC,TT,TT,GG,AT,AA,AG,TT,CC,GG,CC,AC,NN,GG,GG,AC,CG,TT,AA,AA,CC,GG,AA,CC,AA,AT,GG,TT,AT,AA,CG,GG,AT,CC,AT,GT,AA,GG,AG,CC,AA,TT,CC,TT,AA,CC,CT,GG,AA,CC,GG,CC,TT,TT,TT,GG,AT,AA,AC,AG,GG,CC,CG,GG,NN,GG,AA,AA,CC,TT,GG,CC,CC,AT,GG,CC,AA,CG,AA,AA,AC,CG,AC,TT,AA,GG,AA,AA,AC,AA,AA,AA,AA,AA,TT,GG,AA,AA,AC,AA,CC,AG,AA,CG,GG,GG,TT,TT,AA,TT,TT,TT,AA,AA,GG,GG,AA,4.47,Susceptible,Low,Poor,Medium
L0766,Bengaluru Rural,Karnataka,Kharif,Red Sandy Loam,Rainfed,720,26.0,70,AC,TT,GG,AG,GG,CC,GT,AT,CG,CG,AA,CC,CG,AT,TT,GT,GG,TT,TT,AA,CC,TT,GT,CC,TT,CC,TT,AT,GG,AA,TT,CT,AA,CC,AG,CG,GG,CC,GG,NN,TT,CT,AA,GT,AA,AG,TT,AT,CC,AC,GG,AA,AG,GG,TT,GT,AA,AA,TT,AA,AA,TT,AT,AA,TT,AT,CC,GG,TT,GG,AG,GG,CC,AA,AA,AA,AA,GG,GT,TT,GG,TT,GT,CC,AA,GG,AA,AA,CC,TT,AC,NN,CC,TT,GT,GG,TT,NN,TT,CC,CC,CC,AG,AA,TT,TT,CG,AA,AG,NN,CT,GG,TT,CC,TT,AA,AC,AT,CG,GG,CC,AG,CC,GT,TT,AG,CT,CC,CC,CC,AA,NN,CC,AA,CC,CC,AA,TT,AA,AA,CG,CC,CC,AG,AA,AA,AA,CC,GG,CC,CC,AA,AG,GG,TT,AG,AC,TT,TT,AG,CC,TT,GT,NN,CC,AT,TT,TT,AA,AT,GG,CC,AG,CT,CC,CC,GG,AC,AA,GG,GG,NN,TT,CC,GT,TT,GG,AT,AA,AA,TT,CC,CG,AA,AC,CC,NN,GG,AC,GG,TT,AC,NN,CC,GG,AA,CC,AA,TT,GG,TT,TT,AA,NN,GG,AA,CC,AT,GT,AA,GG,AA,CT,AA,TT,CC,TT,AA,CC,TT,GG,AG,CC,AG,NN,TT,CT,GT,GG,TT,AA,AC,AG,GT,CC,CG,GG,CG,GG,AT,AA,CG,TT,GG,CC,CC,AA,GG,CG,AA,CC,AA,AA,CC,CC,CC,TT,AA,GG,AA,AA,NN,AA,AG,AG,AA,NN,TT,GG,AA,AG,CC,AA,CT,AA,AA,GG,GG,GG,GT,AA,AA,GG,TT,AT,AA,TT,GG,CG,AC,2.1,Moderate,High,Premium,Late
L0767,Bengaluru Rural,Karnataka,Kharif,Red Sandy Loam,Rainfed,720,26.0,70,AC,CT,GG,AA,GG,CC,GT,TT,CC,CG,AA,CC,CG,TT,GT,GG,GG,TT,TT,AG,CC,GG,TT,CC,TT,CC,TT,AA,GT,AA,CT,CC,AG,CC,GG,GG,GG,CC,GG,AC,TT,CT,AC,GT,AG,GG,TT,NN,CC,AA,GG,AA,AA,GG,CT,TT,AA,AC,GT,AC,AA,TT,AT,AA,TT,AT,CC,GG,TT,GT,AA,GG,CC,AA,GG,AC,AT,GG,GT,TT,GG,GG,GT,CC,AT,GG,AA,AT,CC,GG,AC,GT,CC,TT,GT,GG,TT,CC,GT,CC,CT,NN,GG,AA,TT,TT,CC,AA,AA,AC,CC,GG,TT,CC,TT,AA,AA,TT,CG,GG,CG,GG,CC,GT,CT,AA,CC,CC,CC,GG,AA,TT,CC,AA,CC,CT,AA,TT,AA,AT,GG,CT,CC,GG,AA,AG,AA,CC,GT,CC,CC,AA,AG,GG,TT,GG,AC,TT,CT,GG,AC,GT,GT,CT,CC,TT,TT,TT,AA,TT,CG,NN,AG,CT,CC,CC,CG,CC,AA,GG,AA,CC,TT,CC,GG,TT,GG,TT,AA,AA,TT,AC,GG,CC,CC,CC,GG,GG,NN,CG,TT,AA,AA,CG,GT,AA,CC,AA,AA,GG,GT,TT,AA,GG,GG,AT,CC,TT,GT,AA,GG,AA,TT,AC,TT,CG,CT,AC,AC,TT,GG,AG,CC,AG,CC,TT,TT,TT,CG,TT,AA,CC,AG,GT,CC,CC,GG,CC,GG,TT,AA,CC,TT,GG,CC,CC,AA,AG,CC,AA,CC,AA,AA,CC,CG,AC,TT,AA,GG,AA,AA,CC,AC,GG,AA,AA,AA,TT,GG,AA,AA,CC,NN,TT,AA,AA,GG,GG,GG,TT,AA,AA,TT,TT,TT,AG,NN,GG,GG,AA,2.78,Moderate,Low,Standard,Early
L0768,Bengaluru Rural,Karnataka,Kharif,Red Sandy Loam,Rainfed,720,26.0,70,AA,TT,GG,AA,GG,CC,GT,TT,CC,CG,AA,CC,CG,AT,TT,GT,GG,TT,TT,AA,CC,TT,GT,CC,TT,CC,TT,TT,GG,AA,TT,CC,AG,CC,GG,GG,GG,CC,GG,CC,TT,TT,AA,TT,AA,GG,TT,TT,CC,AA,GG,AA,AG,CG,NN,TT,AA,AA,GG,AC,AG,TT,TT,AG,TT,TT,CC,GG,TT,GT,AG,GG,CC,AA,GG,AC,AT,GG,TT,TT,GG,GG,GG,CC,AA,GG,AA,AA,CC,TT,AC,TT,NN,TT,TT,AG,CC,CC,GT,CC,CT,CG,AG,AA,TT,TT,CC,AA,AG,AC,TT,GG,TT,NN,TT,AA,AA,TT,NN,AG,CG,AG,CC,GT,TT,AA,CC,CC,CC,CC,AA,TT,AC,AA,CC,CT,AA,TT,AG,AT,GG,CC,CC,GG,AA,AG,AT,AC,GG,CC,CC,AA,AA,GG,TT,GG,AC,TT,CT,GG,AC,GT,GT,TT,CC,AA,NN,TT,AT,TT,GG,CC,AA,CT,CC,CC,CG,AC,AA,GG,AA,CC,TT,CC,GG,GT,CG,TT,AA,AA,TT,CC,CG,AA,CC,CC,GG,NN,CC,CG,CT,AC,AA,CC,NN,AT,AC,AA,AA,GG,TT,TT,AT,GG,TT,AT,CC,TT,GT,AA,GG,AA,TT,AA,TT,CC,TT,CC,CC,CT,GG,AA,CG,AG,CC,TT,CT,GT,GG,TT,AA,AC,AG,GG,CC,CG,GG,CC,GG,TT,AA,CC,TT,GG,CC,CG,AA,GG,CC,AA,CC,AA,AA,AC,CC,CC,AT,AA,GG,AA,AA,AC,AC,AG,AG,GG,AA,AT,GG,AA,AG,AA,AC,TT,AA,AA,GG,GG,GG,TT,AA,AA,GT,TT,TT,AA,NN,GG,GG,AA,4.37,Susceptible,High,Standard,Medium
L0769,Bengaluru Rural,Karnataka,Kharif,Red Sandy Loam,Rainfed,720,26.0,70,AC,TT,AG,AG,GG,CG,GT,TT,CC,CC,AA,CC,CC,TT,TT,GG,GG,TT,NN,AG,CG,GT,TT,CT,AA,CC,TT,TT,GG,AA,TT,CC,AA,CC,GG,CG,GT,GG,GG,CC,TT,CT,AA,GT,AA,AG,NN,AT,CC,AA,GT,AT,AG,GG,CC,TT,AA,AC,GG,AC,AA,GT,TT,AA,CT,TT,CC,GG,TT,GT,AG,GG,CC,AA,GG,AC,AT,GG,TT,TT,GG,GT,GG,CC,AA,GG,AG,AA,CG,NN,AC,TT,CC,AT,GT,GG,TT,CC,TT,CC,CC,CG,GG,AG,TT,TT,CC,AA,GG,AA,CC,GG,TT,CC,GT,AA,AA,TT,CC,AA,CC,GG,CC,GG,TT,AG,CC,CC,CC,CC,AA,GT,CC,AA,CC,CT,AA,TT,AG,AA,GG,CC,CC,GG,AA,GG,AA,AC,GG,CC,CC,AA,AG,GG,TT,GG,AA,TT,CT,GG,AC,TT,GT,TT,CC,AT,GT,TT,AA,AT,CG,CC,AG,TT,CC,AC,GG,AC,AA,AG,AA,CC,TT,CG,GT,TT,CG,TT,AA,AA,TT,AC,CG,AC,AC,CC,GG,GG,AA,GG,TT,AC,AA,CC,GG,AA,AC,AA,AT,GG,GT,AT,TT,GG,TT,AT,CC,TT,GG,AA,GG,AG,TT,AC,TT,CC,TT,AA,CC,CT,GG,AG,CG,AG,CC,TT,TT,GT,GG,TT,NN,AC,AG,GG,CC,CC,GG,CC,GG,AT,AA,CC,TT,GG,CC,CC,AA,GG,CC,AA,CC,AA,AA,AC,GG,CC,TT,AA,CG,AA,AA,AC,AA,AA,AA,AA,AA,TT,GG,AC,AA,CC,AC,TT,AA,AA,GG,GG,GG,TT,AA,AA,TT,TT,TT,AG,TT,GG,GG,AA,3.96,Susceptible,High,Poor,Early
L0770,Bengaluru Rural,Karnataka,Kharif,Red Sandy Loam,Rainfed,720,26.0,70,AA,CT,GG,AA,GG,CG,GT,AA,CC,GG,AT,CT,CG,AT,TT,GG,CG,TT,TT,AA,CC,TT,TT,CC,TT,CT,TT,TT,GG,AA,TT,CC,AA,CC,GG,GG,GG,CC,GG,AC,GT,CC,AC,TT,AG,GG,TT,TT,CC,AC,GT,AA,AA,GG,CT,TT,AT,AA,GG,AC,AA,TT,TT,AA,TT,AT,CC,GG,TT,GG,AA,GT,CC,AA,AG,AA,AT,GG,TT,TT,GG,GG,GG,AC,AT,AG,NN,AA,CC,TT,CC,TT,CT,TT,TT,GG,CT,CC,TT,CC,CC,CG,AA,AA,TT,TT,CC,AA,AG,AA,CT,GG,TT,CC,TT,AC,AA,TT,CC,GG,CG,GG,CC,GG,CT,AA,CC,CC,CC,CC,AA,TT,CC,AA,CC,CC,AA,NN,AA,AA,GG,CT,CC,GG,AA,AA,AA,CC,GT,CC,CG,AA,AG,GG,GT,GG,AC,GG,TT,AG,CC,GT,TT,TT,CC,AA,GT,TT,AA,TT,CC,CC,AA,CC,CC,CC,CG,CC,NN,GG,AG,CC,TT,CG,GG,GT,GG,AT,AA,GG,TT,AC,CG,AA,CC,CC,GG,GG,AA,GG,TT,AA,AA,CC,GG,AA,CC,AA,AA,GG,TT,TT,AA,CG,GT,AT,CG,AT,GT,NN,GG,AA,CT,AA,TT,CC,TT,AC,CC,TT,GG,AG,CC,AA,CC,TT,TT,GT,GG,TT,AA,AA,AA,GG,CC,NN,GG,CC,GG,TT,AA,CC,GT,GG,CC,CC,AA,GG,CC,AA,CG,AA,AA,CC,CG,AA,TT,AA,GG,AA,AA,AA,AA,GG,NN,AG,AA,TT,GG,AA,AG,AC,AA,TT,AA,AA,GG,GG,GG,TT,AA,AA,GT,TT,TT,AA,AA,GG,GG,AA,5.54,Resistant,Low,Standard,Medium
L0771,Bengaluru Rural,Karnataka,Kharif,Red Sandy Loam,Rainfed,720,26.0,70,AC,CT,GG,AG,CG,CC,GG,TT,CC,CG,AA,NN,CG,TT,GT,GG,GG,AT,TT,AA,CC,GT,GT,CC,AT,CC,NN,TT,GG,AA,TT,CT,AA,CC,GG,GG,GG,GG,GG,CC,TT,TT,AA,GT,AA,AG,TT,AT,CC,AC,GT,AA,AA,GG,CC,TT,AA,AA,GT,CC,AA,GT,TT,GG,TT,AT,CC,GT,TT,GG,AA,GG,CC,AA,GG,AC,AT,GG,TT,TT,GG,GG,GG,CC,AT,GG,AA,AA,CC,TT,CC,TT,CC,TT,GT,GG,TT,CC,TT,CT,CC,CG,AG,AA,TT,TT,CC,AA,AG,AA,CT,GG,GT,CC,TT,AA,AA,AT,CC,AG,GG,AG,CC,GG,CT,AA,CC,CC,CC,CC,AA,TT,CC,AA,CC,CT,AA,TT,AA,AA,GG,CC,CG,GG,AA,AA,AA,AC,GG,CC,CC,AA,AA,GG,GT,GG,AA,GT,TT,AG,CC,TT,TT,TT,NN,AA,TT,TT,AT,TT,GG,CC,AA,CT,CC,CC,GG,CC,AA,GG,GG,CC,TT,CC,NN,GT,GG,TT,AA,AA,GT,CC,GG,NN,CC,CC,GG,GG,AC,GG,TT,AC,AA,CC,GG,AA,AC,AA,AT,GT,GT,TT,AT,CG,GG,AA,CC,TT,TT,AA,GG,AA,TT,AC,TT,CC,CC,AA,CC,TT,GG,AG,CC,GG,CC,TT,TT,GT,GG,TT,AA,AC,AA,GG,CC,CG,GG,CC,GG,AT,AA,CG,GT,GG,CG,CC,AA,GG,CC,AA,CC,AA,AA,AC,GG,AA,TT,AA,GG,AA,AC,AA,AA,GG,AA,AA,AA,TT,GG,AA,AA,CC,AA,CT,AA,AG,GG,GG,GG,TT,AA,AA,TT,TT,NN,AG,TT,GG,NN,AA,6.39,Susceptible,Medium,Premium,Early
L0772,Bengaluru Rural,Karnataka,Kharif,Red Sandy Loam,Rainfed,720,26.0,70,AC,TT,GG,AG,GG,CC,GG,TT,CC,CG,AA,CC,CC,AT,TT,GG,GG,TT,TT,AG,CG,TT,TT,CT,TT,CC,TT,TT,GG,AA,TT,CC,AA,CC,GG,GG,GG,CG,GG,CC,TT,CT,AA,GG,AG,AA,CT,TT,CC,AC,TT,AA,AA,CG,CC,TT,AA,AA,GT,AC,AG,GT,AA,GG,TT,TT,CT,GG,TT,GG,AA,GG,CC,AA,GG,AA,TT,GG,TT,TT,GG,GG,GT,CC,AA,GG,AA,AT,CG,TT,CC,TT,CT,AT,NN,GG,CT,CC,TT,CT,CC,CG,AG,AA,TT,GT,CC,AA,AG,CC,CT,GG,GT,CC,TT,AA,AA,TT,CG,GG,CC,GG,CC,GT,TT,AA,CC,CC,CC,CC,AA,TT,CC,AA,CC,CT,AA,TT,AA,AA,GG,CT,CC,GG,AA,AA,AA,CC,GT,CC,CC,AG,AA,GG,GT,GG,AA,TT,TT,GG,AC,TT,GT,TT,CG,AA,TT,TT,AA,TT,GG,NN,AG,TT,AC,CC,GG,CC,AA,GG,GG,AC,TT,CC,GG,TT,GG,TT,AA,AA,TT,CC,GG,AC,AC,CC,GG,GG,AC,GG,TT,AA,AA,CC,GG,AA,AC,TT,AA,GG,TT,TT,AT,CC,GT,AA,GG,NN,GT,AA,GG,AA,CT,NN,TT,CG,TT,CC,CC,CT,GG,AA,CC,AA,AC,TT,TT,TT,GG,TT,AC,AC,AA,GG,CC,CG,GG,CC,GG,AT,AA,CC,TT,AG,CC,CC,AA,AG,CC,AA,CC,AA,AA,AC,CG,CC,TT,AA,GG,AA,AA,AC,AA,GG,AG,AA,AA,TT,GG,AC,AG,CC,AA,TT,AG,AA,GG,GG,GG,TT,AA,AG,TT,TT,TT,AA,NN,GG,GG,AA,4.74,Moderate,High,Poor,Medium
L0773,Bengaluru Rural,Karnataka,Kharif,Red Sandy Loam,Rainfed,720,26.0,70,AC,TT,GG,AA,GG,CC,GG,TT,CC,NN,AA,CT,CC,TT,GG,GG,GG,AT,TT,AG,CC,GT,GG,CC,TT,CC,GT,TT,GT,AC,TT,CC,AG,CC,GG,GG,GG,CC,GG,CC,TT,TT,AA,TT,AG,GG,CT,TT,CC,AA,NN,AA,AG,GG,CC,TT,AA,AC,GT,AA,AA,GT,AT,AA,TT,TT,CC,GG,TT,GG,GG,GG,AC,NN,AG,AC,AA,GG,TT,TT,GG,GG,GG,AC,AA,GG,AA,AT,CC,TT,CC,TT,CC,TT,TT,GG,TT,CC,TT,NN,CC,CC,AG,AA,AT,GT,CC,AA,AG,AA,CT,GG,GT,CC,TT,AA,AA,TT,NN,GG,CG,AG,CT,GG,TT,AG,CC,CC,CC,CC,AA,TT,CC,AA,CC,CC,AA,AT,AA,AA,CG,CC,CC,AG,AA,AG,AA,CC,GT,CC,CG,AA,GG,GG,TT,GG,AC,TT,CC,GG,AC,TT,GT,TT,CG,AT,TT,TT,AT,AT,GG,CC,AA,TT,CC,CC,CG,CC,AA,NN,AG,CC,TT,CC,GT,TT,GG,AT,AA,AA,GT,CC,GG,AA,CC,CC,GG,GG,AC,GG,TT,AA,AA,CC,GG,AT,AC,AA,AT,GG,TT,TT,AT,GG,GG,AA,CG,TT,GT,AA,GG,AA,TT,AA,TT,CC,TT,AA,CC,TT,CG,AG,CC,AG,CC,TT,CT,TT,GG,TT,AA,AC,AA,NN,CC,CG,GG,CC,GG,TT,NN,CC,TT,GG,CC,CG,AA,GG,CC,AT,CC,AA,AA,AA,CG,AC,TT,AA,GG,AA,AA,AA,AC,AG,AG,AG,AA,TT,GG,AA,AA,CC,AA,CT,AA,AA,CG,GG,GG,GT,AT,AA,TT,TT,TT,GG,TT,GG,CC,AA,1.44,Susceptible,High,Premium,Early
L0774,Bengaluru Rural,Karnataka,Kharif,Red Sandy Loam,Rainfed,720,26.0,70,AC,TT,AA,AG,CG,CC,GG,TT,CC,CG,AA,CC,CC,TT,TT,GT,CG,TT,AT,AG,CC,GT,GT,CC,TT,CC,TT,TT,GG,AA,TT,CT,AG,CC,GG,GG,GG,CC,GG,CC,TT,CT,AA,TT,AG,GG,TT,AT,CC,AC,GG,AA,AA,GG,NN,GT,AA,AC,GG,AC,AA,GT,TT,GG,TT,TT,CC,GG,TT,GG,AG,GG,CC,AA,AG,AA,AA,GG,TT,TT,GG,GT,GG,CC,AT,GG,AA,AA,CC,TT,CC,TT,TT,TT,TT,GG,TT,CC,GT,CC,CC,CC,AA,AA,AT,TT,CC,AA,AG,AA,CC,GG,GT,CC,GT,AA,AA,TT,CC,GG,CC,AG,CC,GT,CT,AA,CT,CC,CC,CC,AA,TT,AC,NN,CC,CT,AA,TT,AA,TT,GG,CC,CG,AG,AA,AG,NN,CC,GT,CC,CG,AA,AA,GG,TT,AG,CC,GT,CC,GG,CC,TT,GT,TT,CC,AA,GT,CT,AT,TT,CG,CC,AA,TT,CC,CC,CG,AC,AA,GG,AG,CC,TT,CC,GT,TT,GG,AT,AA,GG,TT,AC,CG,AA,AC,CC,CG,GG,AC,CG,TT,AA,AA,CC,GG,AA,AC,AA,AA,GT,TT,TT,AT,CG,GT,AT,CC,AT,GT,AA,GG,AA,TT,NN,TT,CC,TT,AA,CC,NN,GG,AG,CC,AG,CC,TT,CT,GT,GG,TT,AA,CC,AG,GG,CC,CG,GG,CG,GG,AT,AG,CC,TT,GG,CG,CC,AT,GG,CC,AT,CC,AA,AA,AA,CC,AC,AT,AA,GG,AA,AA,AC,AA,AG,AG,AA,AA,TT,GG,AA,AA,CC,AA,CC,AA,AA,GG,GG,GG,TT,AA,AA,GT,TT,TT,AG,AA,GG,CG,AA,5.03,Susceptible,High,Premium,Late
L0775,Bengaluru Rural,Karnataka,Kharif,Red Sandy Loam,Rainfed,720,26.0,70,AA,CT,GG,AA,CG,CC,GG,TT,CC,CG,AA,CC,GG,TT,TT,GG,GG,TT,TT,AA,CC,TT,GT,CT,TT,CC,TT,TT,GG,AA,TT,CT,AA,CC,AG,GG,GG,CC,GG,CC,TT,CT,AA,GT,GG,AG,TT,AT,CC,AC,GT,AA,AG,GG,TT,GT,AA,AA,GG,AC,AA,GT,AT,AA,TT,AT,CC,GG,TT,GG,AA,GG,CC,AA,GG,AC,AT,GG,TT,TT,GG,GT,GT,CC,AA,GG,AA,AT,CG,GT,CC,TT,CC,TT,GT,AG,CT,CC,GT,CC,CT,NN,AA,AA,TT,GT,CC,GG,AA,AA,CT,GG,TT,CC,TT,AA,AA,TT,CG,AG,CG,GG,CC,GG,TT,AA,CC,CC,AC,CC,AA,TT,CC,AA,CC,CC,AA,TT,AA,AT,CG,CT,CG,GG,AA,AA,AA,CC,GT,CC,CC,AA,AA,AG,GT,AG,AA,TT,CT,AG,AA,GT,NN,TT,CC,AA,GT,TT,AA,TT,GG,CC,AA,CT,CC,CC,CG,CC,AA,GG,AA,CC,TT,CC,GT,TT,CG,AT,AG,AA,NN,CC,GG,AC,NN,CG,GG,GG,AA,GG,TT,AA,AA,CC,GG,AA,CC,AA,AA,GG,TT,TT,AA,GG,GT,AT,GG,AT,GT,AA,GG,AA,TT,AA,TT,CC,TT,AA,AC,TT,GG,AA,CC,AG,CC,TT,CT,TT,GG,NN,AA,AA,AA,GT,CC,CG,GG,CC,GG,AT,AG,CG,TT,GG,CC,CC,AA,GG,CC,AT,CC,AA,AA,CC,CC,AC,TT,AA,CG,AA,AC,AA,AC,GG,AG,AA,AA,TT,GG,AA,AG,AC,AA,CT,AG,AA,GG,GG,CC,TT,AT,AG,TT,TT,TT,AA,AT,GG,GG,AC,3.64,Moderate,Low,Poor,Early
L0776,Bengaluru Rural,Karnataka,Kharif,Red Sandy Loam,Rainfed,720,26.0,70,AC,TT,AG,AG,GG,CC,GG,AT,CC,CG,AA,CC,CC,TT,TT,GT,GG,TT,TT,AA,CC,TT,TT,CT,TT,CC,TT,AT,GG,AA,TT,CC,NN,CC,GG,GG,GG,CC,GG,NN,TT,CT,AA,TT,AG,GG,TT,TT,CC,AC,GG,AA,AG,GG,CC,TT,AA,AA,GT,AA,AA,GT,AT,AG,TT,TT,CC,GG,TT,TT,AG,GG,CC,AG,GG,AA,AA,GG,TT,TT,GG,GG,GG,CC,AT,GG,AA,AA,CC,GT,CC,TT,CT,TT,TT,GG,CT,AC,TT,CC,CT,CG,GG,AA,TT,TT,CG,AA,AG,AA,CC,GG,TT,CC,TT,AA,AC,TT,CC,GG,CC,GG,CT,GT,CC,AA,CT,CC,AC,CC,AA,TT,CC,AA,CC,CC,AA,TT,AA,AA,GG,CC,CC,GG,AG,AA,AA,CC,GG,CC,CC,AA,AA,GG,TT,GG,AA,TT,CT,GG,CC,TT,GG,CT,CC,AT,GT,TT,AA,AT,GG,NN,AA,CT,CC,AC,CG,CC,AA,GG,AG,CC,TT,CG,TT,GT,GG,TT,AA,AG,TT,CC,GG,AA,CC,NN,GG,AG,AA,GG,TT,AA,AG,CC,GG,AA,CC,AA,AA,GT,TT,TT,AA,GG,GG,AT,CG,TT,GT,AA,GG,AA,CT,AA,AT,CC,TT,AC,AC,TT,GG,GG,CG,AG,AC,TT,TT,GT,GG,TT,AC,CC,AA,GG,CG,CC,GG,CC,GG,TT,AA,CC,TT,GG,CC,CC,AA,AG,CC,AT,CC,AA,AA,AC,CC,CC,AT,AA,NN,AA,AC,AC,AA,GG,AG,AA,AA,TT,GG,AA,AG,AC,AA,CC,AA,AA,CG,GG,GG,TT,AT,AG,TT,TT,TT,AA,AA,GG,GG,CC,4.06,Resistant,Low,Premium,Medium
L0777,Bengaluru Rural,Karnataka,Kharif,Red Sandy Loam,Rainfed,720,26.0,70,AC,TT,GG,AA,GG,CC,GT,TT,CC,CC,AA,CT,CC,TT,GT,GG,CG,TT,AT,AA,CC,TT,GT,CC,AT,CC,TT,TT,GT,AC,TT,CC,AA,NN,GG,GG,GG,CC,NN,CC,TT,TT,AA,TT,AA,GG,CT,AT,CC,AC,GT,AA,AA,GG,CT,TT,AT,AA,GG,AA,AA,TT,TT,AA,CT,AT,CC,GG,TT,GT,AG,GG,NN,AA,GG,AC,AA,GG,TT,TT,GG,GT,NN,CC,AT,GG,AA,AA,CC,GT,CC,TT,CT,TT,TT,GG,TT,CC,GT,CC,CC,CG,GG,AA,TT,TT,CC,AG,AG,AA,CT,GG,TT,CC,TT,AA,AA,TT,CC,AA,CC,GG,CC,GG,CT,AA,CC,CC,CC,CC,AA,GT,CC,AC,CC,CC,AA,TT,AG,AA,GG,CC,CC,GG,AG,AA,AA,CC,GG,CC,CC,AA,AG,GG,TT,AG,AC,TT,TT,AG,CC,TT,TT,TT,CG,AT,GT,TT,AA,AT,GG,CC,AG,CC,CC,CC,GG,CC,AT,AG,AG,AC,TT,CG,GG,GT,GG,AA,AA,AA,TT,CC,GG,AC,AC,CC,GG,GG,AA,GG,TT,AA,AA,CC,GT,AT,NN,AA,AT,GT,TT,AT,AA,GG,GT,AA,CC,AT,TT,NN,GG,AA,TT,AA,TT,CC,TT,AC,CC,CT,CG,AG,CC,AA,CC,TT,TT,GG,GG,TT,AA,AA,AG,GG,CC,CC,GG,CC,GG,AT,AA,CG,TT,GG,CG,CC,AA,AG,CG,AA,CC,AA,AA,AC,CG,AC,TT,AA,GG,AA,AA,AA,AA,GG,AA,AA,AA,AT,GG,AA,AG,CC,AC,CT,NN,AA,GG,GG,GG,TT,NN,AA,TT,TT,TT,AG,TT,GG,GG,AA,3.98,Susceptible,Low,Standard,Medium
L0778,Bengaluru Rural,Karnataka,Kharif,Red Sandy Loam,Rainfed,720,26.0,70,AC,TT,GG,GG,CG,CC,GG,TT,CC,CC,AA,CC,CC,AT,TT,GG,CG,TT,TT,AG,CC,GG,GT,NN,TT,CC,GG,TT,GG,AA,CT,CC,AA,CC,GG,CG,GG,CG,GG,CC,TT,TT,AA,GT,AA,AG,TT,AT,CC,CC,GT,NN,AA,GG,CC,TT,AA,AA,GT,AA,AA,TT,AT,AA,TT,TT,CC,GG,TT,GG,AG,GG,CC,AA,GG,AC,TT,GG,TT,TT,AG,GT,GG,CC,AA,AG,AA,AA,CC,GG,CC,TT,CT,TT,TT,GG,TT,CC,GG,CC,CC,CG,AA,AA,AT,TT,CG,AA,AA,AA,CT,GG,TT,NN,TT,AA,AA,TT,CC,AG,CG,GG,CC,GG,TT,AA,CC,CC,CC,CC,AA,TT,CC,AA,CC,CC,AA,TT,AA,AA,GG,CC,CG,GG,AG,AG,AA,CC,GG,CC,CC,AA,AA,GG,TT,AG,AC,TT,CT,GG,AC,GG,GT,TT,CC,AA,TT,TT,AA,TT,GG,NN,AG,CC,CC,CC,GG,CC,AA,GG,AA,CC,TT,CG,TT,GG,GG,AT,AA,AA,TT,CC,GG,AC,CC,CC,GG,GG,AC,CG,TT,AA,AA,CC,GG,AA,AC,AA,AA,GG,TT,AT,AA,GG,GG,TT,CG,AT,GT,AA,GG,AA,CT,AA,TT,CC,TT,AA,CC,TT,CG,AG,CG,GG,AC,TT,CT,TT,GG,TT,AC,CC,AG,GG,CC,CC,GG,CC,GG,TT,AA,CC,TT,GG,CC,CG,AA,GG,CC,AT,CC,AA,AA,CC,CC,AC,TT,AA,GG,AA,AC,AC,AA,AG,NN,AA,AA,TT,GG,AA,AA,CC,AC,TT,AA,AA,GG,GG,GG,GT,NN,AA,TT,TT,TT,AG,NN,GG,GG,AA,3.08,Susceptible,Low,Poor,Medium
L0779,Bengaluru Rural,Karnataka,Kharif,Red Sandy Loam,Rainfed,720,26.0,70,AC,TT,GG,AA,GG,CC,GG,TT,CC,CC,AA,CC,CC,AT,GT,GG,GG,TT,TT,AA,CC,GT,GT,CC,TT,CC,TT,AT,GG,AA,TT,CC,AA,CC,AG,GG,GG,CC,GG,CC,TT,CT,AC,TT,AG,GG,TT,AT,CC,AC,GG,TT,AA,GG,CC,TT,AA,AC,GG,AA,AA,TT,TT,AG,TT,TT,CC,GG,CT,GG,AG,GT,CC,AA,GG,AC,AA,GG,TT,TT,GG,GG,GG,CC,AA,AG,AG,AA,CC,TT,CC,TT,CT,TT,TT,GG,TT,CC,GT,CC,CC,NN,GG,AG,TT,NN,CG,AA,AG,AA,CC,GG,TT,CC,TT,AA,AC,NN,CC,GG,CC,GG,CC,GT,TT,GG,TT,CG,CC,CC,AA,TT,CC,AA,CC,CC,AG,AT,AA,AA,CG,CC,CC,GG,AA,AG,NN,CC,GG,CC,CC,AA,AG,GG,TT,GG,AC,NN,CT,GG,AC,GT,TT,TT,CC,AA,GG,TT,AT,TT,CG,CC,AG,CC,CC,CC,CG,CC,AA,GG,AA,CC,TT,CC,GG,TT,GG,AA,AA,AG,TT,CC,GG,AC,CC,CC,GG,AG,AC,GG,TT,AC,AA,CC,GG,AT,CC,AA,AA,GT,GG,AT,AA,GG,GT,NN,CC,TT,GG,AA,GG,AA,TT,AA,TT,CC,TT,AC,CC,TT,CG,AA,CC,AA,CC,TT,TT,GT,GG,AT,AA,AA,AG,GT,CG,CC,GG,CC,GG,AT,AA,CC,GT,GG,CC,CG,TT,GG,CC,AA,CC,AA,AA,CC,CC,CC,TT,AA,GG,AA,AA,CC,AA,AG,AG,AG,AA,AT,GG,AA,AA,AC,AA,TT,AA,AA,GG,GG,GG,TT,AA,AA,TT,TT,TT,AA,TT,GG,NN,AA,5.05,Susceptible,High,Standard,Early
L0780,Bengaluru Rural,Karnataka,Kharif,Red Sandy Loam,Rainfed,720,26.0,70,AA,TT,GG,AG,GG,CC,GG,TT,CC,CC,AA,CC,CC,TT,TT,GG,CG,TT,TT,AA,CC,TT,GT,CT,TT,CC,TT,TT,GT,AA,TT,CC,AA,CC,AG,GG,GG,CC,NN,CC,TT,CT,AA,TT,AA,GG,TT,TT,CC,AC,GT,AA,AA,GG,CC,TT,AA,NN,GT,AC,AG,TT,TT,AA,TT,TT,CT,GG,TT,GG,AA,GG,AC,AA,GG,AC,AT,GG,TT,TT,GG,GG,GG,CC,AA,GG,AA,AA,CC,TT,AC,TT,CC,TT,TT,GG,TT,CC,TT,CC,CC,GG,AG,AA,TT,TT,CC,AG,AG,AA,CC,GG,GT,CG,TT,AA,AA,TT,CC,NN,CC,GG,CC,GG,TT,AA,CC,CC,CC,CC,AA,TT,CC,AA,CC,CC,AA,TT,AA,AT,GG,CT,CC,NN,AA,AA,AT,AC,GT,CC,CC,AA,AA,GG,TT,GG,AA,TT,CT,AG,CC,TT,GT,TT,CG,AT,TT,TT,AA,TT,GG,CC,AA,TT,CC,CC,CG,NN,AA,GG,AG,CC,TT,CC,GG,GT,CG,AT,AA,AG,TT,CC,GG,NN,AC,CC,GG,GG,AC,GG,TT,AA,AA,CC,GG,AA,CC,AA,AA,GG,TT,TT,AA,GG,TT,AA,CC,AT,TT,AA,GG,AA,CT,AA,TT,CG,CT,AA,CC,TT,CG,AG,CG,GG,AC,TT,TT,GT,GG,AA,AA,AC,AG,GG,CC,GG,GG,CC,GG,AT,AG,CC,TT,GG,CC,CC,AA,GG,CG,AA,CC,AT,AA,AC,CC,CC,NN,AA,GG,AA,AA,AC,AA,AA,AA,AG,AA,AT,GG,CC,AG,CC,AC,CC,AA,AA,GG,AG,GG,TT,AA,AA,TT,TT,TT,AA,TT,GG,GG,AA,3.27,Susceptible,High,Premium,Medium
L0781,Bengaluru Rural,Karnataka,Kharif,Red Sandy Loam,Rainfed,720,26.0,70,AA,TT,GG,AA,GG,CC,GG,AA,CC,CC,AA,CC,CG,TT,GT,GG,GG,TT,TT,AA,CC,TT,GT,CC,TT,CC,TT,TT,GG,AA,CT,CC,AA,CC,GG,GG,GG,CC,GG,CC,TT,CT,AC,TT,AA,AG,CT,AA,CC,AC,GG,AA,AA,GG,CT,GT,AA,AA,GT,AC,AA,TT,AT,GG,NN,TT,CC,GG,TT,GG,AA,GG,CC,AA,GG,CC,AA,GG,TT,TT,GG,GG,GT,CC,AT,GG,AA,AT,CG,TT,CC,TT,CT,TT,TT,GG,TT,CC,GG,CC,CT,CC,AA,AA,AT,TT,CG,AA,AA,AA,CT,GG,TT,CC,TT,AC,AA,TT,CC,GG,CG,GG,CC,GT,CC,AA,CC,CC,CC,CC,NN,TT,CC,AA,CC,CC,AA,TT,AA,AA,GG,CT,CG,GG,AA,AG,AT,CC,GG,CC,CC,AA,AG,GG,TT,AG,AA,TT,CT,GG,CC,TT,TT,CT,CC,AT,TT,TT,AA,TT,GG,CC,NN,CC,CC,CC,CG,CC,AA,GG,AA,CC,TT,CC,GG,GG,GG,AT,AA,AA,TT,CC,GG,AA,CC,CC,CG,GG,AA,GG,TT,AA,AA,CC,GG,AT,CC,AA,AT,GT,TT,TT,AT,GG,GG,AT,GG,TT,GT,AA,GG,AA,TT,AA,TT,CC,TT,AA,CC,CT,CC,AA,CC,GG,CC,TT,TT,GT,GG,TT,AA,CC,AG,GG,CC,GG,GG,CC,GG,AT,AA,CC,GT,GG,CC,CC,AA,GG,CC,AA,CC,AA,AA,AC,CG,AC,TT,AA,GG,AA,AA,AA,AA,NN,AA,AA,AA,TT,GG,AC,AA,AC,AA,CT,GG,AA,GG,GG,GG,TT,TT,AA,GT,TT,TT,AG,TT,GG,CG,AA,3.29,Moderate,Low,Poor,Medium
L0782,Bengaluru Rural,Karnataka,Kharif,Red Sandy Loam,Rainfed,720,26.0,70,AA,CT,GG,AA,GG,CC,GT,TT,CC,CC,AA,CC,CC,TT,GT,GT,CG,TT,AT,AG,CC,TT,GT,CC,TT,NN,GT,TT,GG,AA,TT,CC,AA,CC,GG,CG,GG,CG,GG,CC,TT,TT,AA,GT,AG,GG,NN,AT,CC,CC,GG,AA,AA,GG,CC,GT,AA,AA,GT,AC,AA,GT,NN,AA,TT,TT,CC,GG,CT,GG,AA,GG,CC,AA,GG,CC,AA,GG,TT,TT,GG,GT,GG,CC,AT,GG,AA,AA,NN,GT,CC,TT,CC,TT,TT,GG,CT,AC,TT,CC,CC,CG,GG,AA,TT,TT,NN,AA,AA,AC,CC,GG,TT,CC,GG,AA,AA,TT,CC,AG,CC,AG,CC,GT,TT,AA,CC,CC,NN,CG,AA,TT,CC,AA,AC,CC,AA,AT,AA,AT,GG,CC,CC,GG,AG,AA,AA,CC,GG,CC,CC,AA,AA,AG,TT,GG,AA,GT,TT,NN,CC,TT,TT,TT,CG,AA,GG,TT,AT,AT,GG,CC,AG,CT,NN,CC,GG,AC,AA,GG,AA,CC,TT,CC,GT,GT,GG,AT,AA,AA,TT,AC,GG,AA,CC,CC,NN,GG,AA,GG,CT,AA,AA,CC,GG,AA,CC,AA,AT,GG,TT,TT,AT,NN,GT,AA,CC,TT,GT,AT,GG,AA,CT,AA,TT,CC,CC,AC,CC,TT,GG,AA,CC,AG,CC,TT,CC,GT,GG,TT,AA,AC,AA,GG,CC,CC,GG,CG,GG,TT,AG,CC,GT,GG,CC,CC,AA,AG,CC,AA,CC,AA,AA,CC,CC,CC,TT,AA,GG,AA,AA,AA,AA,AG,AA,AG,AA,TT,CG,AA,AG,AC,AA,CT,AA,AA,GG,GG,GG,TT,AT,GG,GT,TT,TT,AG,TT,GG,GG,AA,4.77,Moderate,High,Premium,Late
L0783,Bengaluru Rural,Karnataka,Kharif,Red Sandy Loam,Rainfed,720,26.0,70,AA,CT,GG,AG,NN,CC,GG,AT,CC,GG,AA,CC,CG,AT,TT,GG,CG,TT,TT,AA,CC,TT,GT,CC,TT,CC,TT,TT,GG,AA,TT,CC,AA,CC,GG,CG,GG,GG,GG,NN,TT,TT,AA,TT,AA,GG,TT,AT,CC,AC,GT,AA,AA,GG,CC,GT,AA,AA,TT,AA,AA,GT,TT,AA,TT,AT,CC,GG,TT,GG,AG,GG,CC,AA,GG,AA,AA,GG,TT,TT,GG,GG,GG,CC,AA,GG,AA,AA,CC,GT,CC,TT,CT,TT,GT,GG,CT,CC,TT,CC,CC,CG,GG,AA,TT,TT,CC,AA,GG,AA,CT,GT,TT,CC,GT,AA,AA,TT,NN,GG,CC,GG,CT,GT,CT,AG,CT,CC,CC,CC,AA,TT,CC,AA,CC,CC,AA,TT,AA,AA,GG,CC,CC,GG,AG,AG,AA,CC,GG,CC,CC,AA,AG,AG,TT,GG,AA,TT,TT,GG,CC,GT,TT,TT,CG,AT,GT,TT,AT,AT,GG,CC,AG,CT,CC,CC,GG,CC,AA,GG,AG,CC,TT,CG,GG,TT,CG,TT,AA,AA,TT,CC,GG,AA,CC,CC,GG,GG,AA,GG,TT,AA,AA,CC,GG,AT,CC,AA,AT,GT,TT,AT,AT,GG,GT,AA,CG,AT,TT,AA,GG,AA,CT,AA,TT,CC,TT,AC,CC,TT,GG,AG,CC,AA,AA,TT,CT,GT,GG,TT,AC,AC,AA,GG,CC,CG,GG,CG,GG,TT,AA,NN,TT,GG,CC,CC,AA,GG,GG,AA,CC,AA,AA,AA,CC,CC,AT,AA,GG,AA,AC,AA,AA,AG,AA,AG,AA,TT,GG,NN,AG,AA,AA,NN,AA,AA,CG,GG,GG,TT,AA,AG,TT,TT,TT,AA,AT,CG,GG,AA,5.63,Susceptible,High,Standard,Late
L0784,Bengaluru Rural,Karnataka,Kharif,Red Sandy Loam,Rainfed,720,26.0,70,AA,CT,AG,AG,GG,CC,GG,TT,CC,CG,AT,CT,CC,TT,TT,GG,CG,TT,TT,GG,CC,TT,GT,CC,TT,CC,GT,TT,GT,AA,TT,CC,AA,CC,GG,GG,GT,CC,GG,CC,GT,CT,AA,NN,AA,GG,TT,TT,CG,CC,GG,AA,AA,GG,CC,GT,AA,AA,TT,AA,AA,TT,AT,AG,TT,TT,CC,GG,TT,GT,AG,GT,AC,AA,AG,AC,AA,GG,TT,TT,GG,GT,GG,CC,AT,GG,AA,AA,CC,TT,CC,TT,CC,TT,TT,AG,TT,CC,GT,CC,CC,CC,AG,AA,TT,TT,CC,AG,AA,AA,CC,GG,TT,CG,TT,AA,AC,TT,CC,GG,CC,AG,CC,TT,TT,AA,CC,CC,CC,CC,AA,TT,CC,AA,CC,CT,AA,TT,AA,AA,GG,CC,CC,AG,AG,AA,AA,CC,GG,CC,CC,AG,AG,GG,GT,GG,AC,TT,TT,GG,AA,TT,TT,TT,CG,AT,TT,TT,TT,TT,GG,CC,AA,CT,CC,CC,GG,CC,AA,GG,AG,CC,TT,CC,GT,TT,CG,TT,AG,AG,TT,AC,CG,AA,AC,CC,GG,GG,AC,GG,TT,AA,AA,CC,GG,AA,AC,AA,AA,GG,TT,TT,AA,GG,TT,AT,CG,AT,GT,AA,GG,AA,CC,AA,TT,CG,TT,AA,CC,TT,CG,AG,CG,AG,AC,AT,TT,GT,CG,TT,AC,CC,AA,GG,NN,CC,GG,CG,GG,AT,AA,CG,TT,AG,CC,CC,AA,GG,CG,AT,CC,AA,AA,CC,CC,CC,TT,AA,GG,AA,AA,AA,AA,AG,AG,AA,AG,TT,GG,AC,AG,CC,AA,CT,AA,AA,CG,GG,GG,TT,AA,AA,TT,TT,TT,AG,TT,NN,GG,AA,2.4,Resistant,High,Poor,Late
L0785,Bengaluru Rural,Karnataka,Kharif,Red Sandy Loam,Rainfed,720,26.0,70,CC,TT,AG,GG,GG,CG,GT,AT,CC,CG,AA,CT,CC,TT,TT,GG,GG,NN,TT,AA,CC,GT,TT,CC,AT,CC,TT,TT,GG,AA,NN,CT,AA,CC,GG,CG,GT,CC,GG,CC,TT,TT,AA,TT,AA,GG,TT,TT,CC,CC,GG,AA,AA,GG,CC,TT,NN,AC,GG,AC,NN,GT,AT,AG,CT,TT,CC,GG,TT,GG,AA,GG,CC,AG,GG,AA,AA,GG,TT,TT,GG,GT,GG,CC,AA,GG,AA,AA,CG,GT,CC,TT,CC,TT,TT,GG,TT,CC,TT,CT,CC,CC,AG,AG,AT,TT,CC,AA,AG,AA,CC,GG,GT,CC,TT,AA,AA,TT,NN,GG,CC,GG,CC,GG,TT,AA,CC,CC,AC,CC,AA,TT,AC,AA,CC,CC,AA,TT,AA,AT,GG,CT,CC,GG,AA,GG,AT,CC,GT,CC,CC,AA,NN,GG,TT,GG,AA,GT,TT,AG,AC,GT,TT,TT,CG,AT,TT,TT,AA,TT,GG,CC,AA,CT,AC,CC,GG,CC,AA,GG,AG,CC,TT,CG,GT,TT,CC,AT,NN,AA,GT,CC,GG,AA,CC,CC,GG,GG,AA,GG,TT,AC,AA,CG,GG,AA,AC,AA,AT,GT,TT,AT,AA,CG,GG,AT,CG,TT,TT,AA,GG,AG,CT,AA,TT,CG,TT,AC,CC,TT,GG,AG,CC,AG,AC,TT,TT,TT,GG,TT,AC,CC,AA,GG,CC,CC,GG,CC,GG,AT,AA,CG,TT,GG,CC,CC,AA,AG,CG,AA,CC,AA,AA,CC,CG,CC,TT,AA,GG,AA,AA,AA,AC,GG,AA,AA,AA,TT,GG,AA,AA,AC,AA,CT,AA,AG,CG,GG,GG,GT,AT,AA,TT,TT,TT,AA,TT,GG,GG,AA,4.26,Moderate,High,Standard,Early
L0786,Bengaluru Rural,Karnataka,Kharif,Red Sandy Loam,Rainfed,720,26.0,70,AC,TT,GG,AA,GG,CC,GG,AA,CG,CG,AT,CC,CG,TT,GT,GG,CG,TT,TT,AA,CG,TT,GG,CC,TT,CC,TT,TT,GG,AA,TT,CC,AA,AC,GG,GG,GG,GG,GG,CC,TT,CC,AC,TT,AG,AG,TT,TT,CC,AC,GT,AA,AA,GG,CC,GT,AA,AC,GG,AA,NN,TT,AT,AA,TT,TT,CC,GG,TT,GT,AA,GT,CC,AA,AG,AA,AT,GG,TT,TT,GG,GG,GG,CC,AA,GG,AA,AA,CC,TT,CC,TT,CT,AT,NN,GG,TT,CC,GT,CC,CC,CC,GG,AA,TT,TT,CC,AA,AG,CC,TT,GG,GT,CC,GT,AA,AA,TT,CG,AG,CC,GG,CT,GG,CT,AA,CT,CC,NN,CC,AA,TT,CC,AA,CC,CC,AA,AT,AA,AT,GG,TT,CC,GG,AG,AG,AA,CC,GT,CC,CC,AA,AG,GG,GT,GG,AA,TT,TT,GG,AC,GG,TT,TT,CG,AA,GT,TT,AA,TT,GG,CC,AA,CC,CC,CC,GG,CC,AA,GG,AG,CC,TT,CC,GT,TT,GG,TT,AA,AA,TT,CC,CG,AC,AC,CC,GG,GG,AC,GG,TT,AC,AG,CC,GG,AA,CC,AA,NN,GG,TT,AT,NN,GG,GT,AT,CC,TT,GT,AT,GG,AA,TT,AA,TT,CC,TT,AC,CC,TT,CG,GG,CC,AA,AA,TT,CT,TT,GG,TT,AC,CC,AA,GG,CC,CC,GG,CC,GG,AT,AA,CC,TT,GG,CG,CC,AA,GG,CC,AA,CC,AA,AA,CC,CG,AC,AT,AA,GG,AA,AA,AA,AA,GG,AA,AG,AA,AT,CG,AA,GG,CC,AC,CT,AA,AA,CG,GG,GG,TT,AT,AG,TT,TT,TT,AA,TT,GG,CG,AA,4.6,Susceptible,Low,Poor,Early
L0787,Bengaluru Rural,Karnataka,Kharif,Red Sandy Loam,Rainfed,720,26.0,70,AA,TT,GG,AA,GG,NN,GG,TT,CC,CG,AA,CC,CG,TT,GT,GG,GG,TT,TT,AG,CC,GT,TT,CC,TT,CC,GT,AA,GG,AA,TT,TT,AA,AC,GG,GG,GG,GG,GG,CC,TT,CT,AA,TT,AG,AA,TT,TT,CC,CC,GT,AA,AG,GG,CT,TT,AA,AC,TT,CC,AA,TT,TT,AG,CT,TT,CC,GG,TT,GT,AA,GT,CC,AA,AG,AA,AT,GG,TT,TT,GG,GT,GG,CC,AT,GG,AG,AT,CC,GT,CC,TT,CT,TT,TT,GG,TT,CC,GT,CC,TT,CC,GG,AA,AT,TT,CC,AA,AA,AA,CT,GG,TT,CC,TT,AA,AA,TT,CC,GG,CC,GG,CC,GG,TT,AG,CC,CG,CC,NN,AA,TT,CC,AA,CC,CC,AA,TT,AA,AA,GG,CC,CC,GG,AA,AA,AA,CC,GT,CC,CC,AA,AG,AG,TT,GG,CC,TT,CT,GG,AC,GT,TT,TT,CC,AT,GT,TT,AT,AT,GG,CC,AG,CT,CC,CC,GG,CC,AA,GG,AA,CC,TT,CC,GT,GT,GG,AT,AA,AA,TT,AC,GG,AA,CC,CC,GG,GG,AC,GG,CT,NN,AA,CC,GG,AT,AC,AA,TT,TT,TT,TT,AA,CG,GT,AA,GG,AT,GG,AA,GG,AA,CT,AA,TT,CG,TT,AC,CC,TT,GG,AA,CC,GG,CC,AT,CT,GT,GG,TT,AA,CC,AG,GG,CC,CC,GG,CC,GG,AT,AA,CG,TT,GG,CC,CG,AA,AG,CC,AT,CC,AA,AA,AC,CC,CC,TT,AA,GG,AA,AA,AC,AC,GG,AA,AA,AA,AT,GG,AA,AA,AC,AC,TT,AA,AA,GG,GG,GG,TT,AT,AA,TT,TT,TT,AG,AT,GG,CG,AA,3.38,Susceptible,Medium,Poor,Early
L0788,Bengaluru Rural,Karnataka,Kharif,Red Sandy Loam,Rainfed,720,26.0,70,AA,CT,AG,AA,CG,CC,GT,AA,CC,CC,AA,CC,CG,TT,TT,GG,GG,AT,TT,AA,CC,GG,TT,CC,AT,CC,TT,TT,GG,AC,TT,CC,AA,CC,GG,GG,GG,CG,GG,CC,TT,CT,AA,TT,AG,AA,TT,AT,CC,AC,GG,AA,AA,GG,CT,TT,AA,AC,GT,AC,GG,GT,TT,AA,TT,TT,CC,GT,TT,GG,AA,GG,AC,AA,AG,AC,AA,GG,TT,TT,GG,GT,GG,CC,AA,GG,AA,AT,CC,GT,CC,TT,CC,TT,TT,GG,TT,CC,GT,CC,CC,CC,AA,AA,TT,TT,CC,AG,GG,AA,CC,GG,TT,CG,GT,AA,AA,TT,CC,AG,CC,AG,CC,GG,CT,NN,CT,CC,CC,CC,AA,GT,CC,AA,CC,CC,AG,AT,AA,AT,GG,CC,CC,GG,AA,AA,AA,CC,GG,CC,CC,AA,AA,GG,TT,NN,AC,TT,CT,GG,CC,GT,TT,TT,CC,AT,GT,TT,AA,TT,CG,CC,AG,CT,CC,CC,GG,CC,AA,AG,AG,CC,TT,CG,GG,GG,CG,AT,AA,GG,TT,CC,GG,AC,CC,CC,GG,GG,CC,GG,TT,CC,AA,CC,GG,AA,AA,AA,AA,GG,TT,TT,AA,CG,TT,NN,CC,AT,TT,AA,GG,AA,TT,AC,TT,CC,CT,AA,AC,TT,CG,AG,CC,AG,CC,TT,TT,TT,GG,TT,AA,CC,AG,GG,CC,CG,GG,CC,GG,AT,AA,CC,TT,GG,CC,CG,AA,GG,CC,AA,CG,AA,AA,AA,CG,AC,TT,AA,GG,AA,AA,NN,AA,GG,AG,AA,AA,TT,GG,AA,AA,CC,AA,CT,AA,AA,GG,AG,GG,TT,AA,AA,TT,TT,TT,AA,TT,GG,GG,AC,6.4,Resistant,Medium,Standard,Early
L0789,Bengaluru Rural,Karnataka,Kharif,Red Sandy Loam,Rainfed,720,26.0,70,AA,TT,GG,AA,GG,CC,GG,TT,CC,CG,AA,CC,CC,TT,TT,GG,CG,TT,TT,AA,CG,TT,TT,CC,TT,CC,NN,AT,GG,AA,TT,CT,GG,CC,GG,GG,GG,CG,GG,CC,TT,TT,AA,TT,AG,GG,CT,TT,CC,AC,GG,AA,AA,GG,CC,TT,AA,AC,TT,AA,AA,GT,TT,AA,CT,AT,CC,GG,TT,GG,AG,GG,AC,AA,GG,AC,AT,GG,TT,CC,GG,GT,GG,CC,AT,GG,AA,AA,CC,GG,AC,TT,CC,TT,NN,GG,TT,CC,TT,CC,CC,CC,GG,AA,AT,GT,CC,AA,AA,AA,CC,GT,TT,CC,TT,AA,AA,TT,CC,GG,CC,GG,CC,NN,TT,AA,CT,CC,CC,CC,AG,TT,CC,AA,CC,CC,AA,AT,AA,AA,GG,CC,CC,GG,AA,AG,AA,CC,GG,CC,CC,AA,AA,AG,GT,GG,AC,GT,CT,AG,CC,GT,GT,TT,CC,AA,GT,TT,AA,AT,GG,CC,AA,CC,CC,CC,CG,CC,AA,GG,AA,CC,TT,CG,GT,TT,CG,TT,AA,AA,NN,CC,CG,AA,CC,CC,GG,GG,AA,GG,CT,AC,AA,CC,GT,AT,AA,AT,TT,GG,TT,AT,AA,CG,GG,AA,CC,TT,GT,AA,GG,AA,TT,AC,TT,CC,TT,AC,CC,CT,CG,AA,CG,AG,AC,TT,CC,TT,GG,TT,AA,AC,AA,GG,CC,CC,GG,CC,GG,AT,AA,CC,GT,GG,CC,CG,AT,GG,CG,AA,CC,AA,AA,CC,CG,AC,TT,AA,GG,AA,AA,AA,AA,GG,GG,AA,AA,TT,GG,AA,AG,CC,CC,TT,AA,AA,GG,GG,GG,GT,AA,AA,TT,TT,TT,AA,AT,GG,GG,AA,3.97,Resistant,High,Premium,Late
L0790,Bengaluru Rural,Karnataka,Kharif,Red Sandy Loam,Rainfed,720,26.0,70,AC,TT,AG,GG,CG,CC,GT,AT,CC,CC,AA,CC,CC,TT,GT,GT,CG,TT,TT,AA,CC,TT,TT,CC,TT,CC,TT,AT,GG,AA,TT,CC,AA,CC,AG,GG,GG,CC,GG,CC,TT,TT,AA,TT,AA,AA,CT,TT,CC,AC,GG,AA,AG,GG,CC,TT,AT,AC,GG,AA,AG,GT,TT,AA,TT,TT,CC,GG,TT,GT,AA,GG,CC,AA,GG,AC,AT,GG,TT,TT,GG,GG,GT,CC,AA,GG,AG,AA,CC,TT,CC,TT,CC,TT,TT,AG,TT,CC,GG,CC,CC,CG,AG,AA,AT,GT,CC,AA,AG,AA,CT,GT,TT,CC,TT,AC,AA,TT,CC,AG,CC,GG,CC,GG,TT,AG,CC,CC,CC,NN,AG,TT,CC,AA,CC,CC,AG,AT,AA,AA,GG,CC,CG,GG,AA,AG,AA,CC,GG,CC,CC,AA,AA,GG,TT,GG,CC,GT,CT,GG,CC,GT,TT,TT,CG,AA,TT,TT,AT,TT,GG,CC,AA,CC,AC,CC,GG,CC,AA,GG,GG,CC,TT,CC,TT,GG,CG,AT,AG,AA,TT,AC,GG,AA,CC,CC,GG,GG,AC,GG,TT,AA,AA,CG,GG,AA,CC,AA,AT,GT,TT,TT,AA,CG,GG,AA,CG,TT,TT,AA,GG,AA,TT,AA,TT,CC,CT,AA,AC,TT,CG,AG,CC,AG,AC,TT,CT,TT,GG,TT,AC,CC,AG,GG,CC,CC,GG,CC,GT,AA,AA,CC,TT,GG,CC,CG,AA,GG,CC,AA,CC,AT,AA,CC,CC,CC,TT,AA,GG,AA,AA,AA,AA,GG,AA,AA,AA,TT,GG,AA,AG,AC,AA,CT,AG,AA,GG,GG,GG,GT,AA,AA,TT,TT,TT,GG,AA,GG,GG,NN,4.16,Moderate,Low,Poor,Medium
L0791,Bengaluru Rural,Karnataka,Kharif,Red Sandy Loam,Rainfed,720,26.0,70,AA,CT,GG,GG,CG,CC,GT,TT,CC,CG,AA,CT,CG,AT,GT,GG,GG,TT,AT,AA,CC,TT,TT,CC,TT,CC,TT,TT,GG,NN,TT,CC,AA,CC,AG,GG,GG,CG,GG,CC,TT,CC,AA,TT,AA,GG,TT,TT,CC,CC,GG,AA,AA,GG,TT,TT,AA,AC,TT,AC,AA,TT,AT,AA,TT,TT,CC,GG,TT,GT,AG,GG,CC,AA,GG,AA,AA,GG,TT,TT,GG,GG,GT,CC,AA,GG,AA,AT,CC,TT,AC,TT,TT,TT,TT,GG,TT,AC,TT,CC,CC,CC,AG,AA,TT,TT,CC,AA,AA,AA,CC,GG,NN,CG,TT,AA,AA,TT,CC,GG,CC,AG,CC,TT,TT,AG,CC,CC,CC,NN,AA,NN,AC,AA,CC,CC,AA,TT,AA,AT,CG,CC,CC,GG,AG,AG,AA,CC,GG,CC,CC,AA,GG,GG,TT,GG,AA,TT,CT,GG,AC,TT,TT,TT,CG,TT,TT,NN,AA,TT,GG,CG,AG,CT,AC,NN,GG,CC,AA,GG,AA,CC,TT,CC,GG,TT,GG,TT,AA,AA,GT,AC,GG,AC,CC,CC,GG,GG,AA,GG,TT,AA,AG,CG,GG,AA,CC,AT,AT,GG,TT,AT,AA,CG,GT,AA,CC,TT,TT,AA,GG,AA,CT,AA,TT,CC,CT,CC,AC,CT,GG,AG,CC,AG,CC,TT,TT,TT,GG,TT,AA,AC,GG,GG,CG,CC,GG,CC,GG,AA,AA,CC,TT,GG,CC,CC,AA,AG,CC,AT,CC,NN,AG,CC,CG,CC,TT,AA,GG,AA,AA,AC,AA,AG,GG,AA,AA,AT,GG,AA,AA,AC,CC,CT,AA,AA,GG,GG,GG,TT,AA,AA,TT,TT,TT,AG,TT,GG,GG,AA,2.2,Susceptible,High,Poor,Late
L0792,Bengaluru Rural,Karnataka,Kharif,Red Sandy Loam,Rainfed,720,26.0,70,AC,TT,AG,GG,GG,CC,GT,TT,CC,NN,AA,CC,CC,TT,TT,GG,CG,TT,AT,AA,CC,TT,GT,CT,TT,CC,TT,TT,GG,AA,TT,CC,AA,NN,GG,CG,GG,CC,GG,CC,TT,CT,AA,TT,AA,NN,TT,AT,CC,CC,GG,AA,AA,GG,CC,GT,AA,AA,TT,AA,AG,TT,TT,AA,TT,AT,CC,GG,TT,GT,AA,GG,CC,AA,GG,AA,AA,AA,GT,TT,GG,GT,GT,CC,AA,GG,AA,AT,CC,GT,CC,TT,CC,TT,GT,GG,TT,CC,TT,CC,CC,CC,AG,AA,TT,TT,CC,AA,AG,AA,CC,GG,TT,CC,GT,AC,AA,TT,CG,AG,NN,GG,CC,GG,TT,AA,NN,CC,CC,CC,AA,GT,CC,AC,CC,CC,AG,AT,AG,AA,GG,CC,CC,GG,AA,AA,AA,CC,GG,CC,CC,AA,AA,GG,TT,GG,AA,GT,TT,GG,CC,TT,GT,TT,CC,TT,TT,TT,AA,TT,NN,CC,NN,CT,CC,AC,CG,CC,AA,GG,AA,CC,TT,CC,GG,GT,GG,AT,AA,AG,TT,CC,GG,AA,CC,CC,GG,GG,AC,GG,TT,AC,NN,CG,GG,AA,CC,AA,AA,GG,TT,TT,AA,GG,TT,AT,CG,TT,TT,AA,AG,AA,CT,AA,TT,CC,CT,AA,CC,CT,GG,AA,CC,AA,CC,AT,TT,GT,GG,TT,AA,AC,AG,GG,CC,CC,GG,CC,GG,AT,AG,CC,TT,AG,CC,CC,AA,AG,CC,AA,CC,AA,AA,CC,CC,CC,TT,AG,GG,AA,AA,AA,AA,AG,AG,AG,AA,TT,GG,AC,AG,CC,AC,TT,AA,AA,GG,GG,GG,GT,AT,AA,TT,TT,TT,AG,AT,GG,GG,AA,4.72,Susceptible,High,Premium,Medium
L0793,Bengaluru Rural,Karnataka,Kharif,Red Sandy Loam,Rainfed,720,26.0,70,AC,CT,GG,AA,GG,CC,GG,TT,CC,GG,AA,CC,CG,TT,GG,GG,GG,TT,TT,AA,CC,GT,GT,CC,TT,CC,TT,AT,NN,AA,CT,CC,AA,AC,GG,CG,GG,CG,GG,CC,TT,TT,AA,TT,AA,GG,TT,TT,CC,AC,GG,TT,AA,GG,CC,TT,AA,AA,GG,AA,AA,TT,AT,AG,TT,NN,CC,GG,TT,GG,AA,GT,CC,AA,GG,CC,AT,GG,TT,TT,GG,GG,GT,CC,AA,GG,AA,AA,CC,GT,AC,NN,CT,TT,TT,GG,CC,CC,TT,CC,CC,CC,AG,AA,TT,TT,CC,AA,AG,AA,CC,GG,TT,CG,TT,AA,AC,TT,CC,GG,CC,GG,CC,GT,CT,AG,CT,CC,CC,CC,AA,TT,CC,AA,CC,CC,AA,AT,AA,AA,GG,CT,CC,GG,AA,AA,AA,CC,GG,CC,CC,AG,AA,GG,TT,AG,AA,TT,CT,GG,AC,TT,GT,TT,CC,AA,TT,TT,AA,AT,GG,CC,AA,TT,CC,CC,GG,CC,AA,GG,AG,CC,GT,CC,GT,TT,GG,TT,AA,NN,TT,CC,GG,AA,CC,NN,GG,GG,AC,GG,TT,AA,AA,CC,GG,AT,AC,AT,AT,GG,TT,AT,AT,GG,GG,AA,CC,AT,TT,AT,GG,AA,TT,AA,TT,CC,TT,AA,CC,TT,GG,AG,CG,AG,CC,TT,CT,GT,GG,TT,NN,NN,AA,GG,CC,CG,GG,CC,GG,AA,AA,CG,GT,GG,CC,CC,AA,GG,CC,AA,CG,AA,AA,AA,CC,AC,TT,AA,GG,AA,AA,AA,AA,AG,AG,AA,AG,AA,CG,AA,AG,CC,AC,CT,AA,AG,GG,GG,NN,GT,AT,AA,TT,TT,TT,AG,NN,GG,GG,AA,4.04,Susceptible,High,Standard,Medium
L0794,Bengaluru Rural,Karnataka,Kharif,Red Sandy Loam,Rainfed,720,26.0,70,AA,TT,GG,AG,GG,CC,GT,AT,CG,CC,AT,CC,CC,TT,TT,GG,CG,TT,TT,NN,CC,TT,GG,CC,TT,CC,TT,NN,GG,AA,TT,CC,AA,CC,GG,CG,GG,CG,GG,CC,TT,CC,NN,GT,AG,AG,CT,AT,CC,CC,GG,AA,AA,GG,CC,GG,AA,AA,GG,AA,GG,TT,TT,AA,TT,TT,CC,GG,TT,GT,AA,GT,CC,AA,GG,AC,AT,GG,TT,TT,GG,GG,GG,CC,AA,GG,AA,AT,CC,GT,CC,TT,CC,TT,TT,GG,CT,CC,TT,CT,CT,NN,GG,AG,TT,TT,CG,AA,GG,AA,CT,GG,GT,CC,TT,AA,AA,TT,CC,GG,CG,GG,CC,GG,NN,AG,CC,CG,CC,CC,AA,TT,CC,AA,CC,CC,AA,TT,AA,AT,GG,CC,CC,GG,AG,AA,AT,NN,GG,CC,CG,AA,AA,GG,TT,GG,AA,GT,CT,GG,CC,TT,GT,CT,CC,AA,GG,TT,AA,AT,GG,CC,AA,CC,CC,CC,GG,AC,AA,GG,AG,CC,TT,CC,GG,TT,GG,TT,AG,GG,GT,AC,GG,AC,CC,CC,GG,GG,AC,GG,CT,AA,AA,CC,GG,AT,AC,AT,AA,GG,TT,AT,AT,GG,GG,AA,CC,AA,TT,AA,GG,AA,TT,AA,TT,CC,CT,AA,CC,TT,CG,AG,CC,AG,CC,TT,TT,TT,GG,TT,AC,AA,AA,GG,CC,CC,GG,CC,GG,AT,AA,CC,TT,GG,CC,CC,AT,GG,CG,AA,CC,AA,AA,CC,NN,CC,TT,AA,GG,AA,NN,AC,AA,AG,AG,AA,AA,AA,GG,AC,AG,AC,AA,TT,AA,AA,GG,GG,GG,GT,AA,AG,TT,TT,TT,AA,TT,CG,GG,AA,8.76,Susceptible,Low,Standard,Medium
L0795,Bengaluru Rural,Karnataka,Kharif,Red Sandy Loam,Rainfed,720,26.0,70,AC,TT,GG,AG,CG,CC,GT,AT,CC,CG,AA,TT,CC,AT,TT,GT,GG,TT,TT,NN,CC,TT,TT,CC,TT,CT,GT,TT,GG,AC,TT,CC,AA,CC,AG,GG,GG,CC,GG,CC,TT,TT,AA,GT,AA,GG,TT,TT,CC,CC,GG,TT,AG,GG,CC,TT,AA,AA,GT,AC,NN,GT,TT,AA,TT,TT,CC,GG,TT,GG,AA,GG,CC,AA,GG,CC,AA,GG,TT,TT,GG,GT,TT,CC,TT,AG,AA,AA,CC,GT,CC,TT,CT,TT,TT,GG,TT,CC,TT,CT,CC,CG,AG,AA,TT,TT,CC,AA,AG,AA,CC,GG,TT,CC,TT,AA,AA,TT,CC,GG,CG,GG,CT,GG,TT,AA,CT,CC,CC,CC,AA,TT,CC,AA,CC,CT,AA,TT,AA,AA,GG,CT,CC,GG,AA,GG,AA,CC,GG,CC,CG,AA,AA,AG,TT,GG,AA,TT,TT,GG,AC,TT,GT,TT,CC,AA,TT,TT,AT,AT,GG,CG,AA,CC,CC,CC,GG,CC,AA,AG,AG,CC,TT,CC,GG,GT,GG,TT,AA,AA,TT,NN,GG,AA,NN,CC,GG,GG,AA,GG,TT,AA,AA,CC,GG,AT,CC,AT,AA,TT,TT,AT,AT,CG,GG,AA,CC,TT,TT,AA,GG,AA,CT,AA,NN,CC,CT,AA,CC,TT,CG,AA,GG,AG,CC,TT,CT,TT,GG,TT,AA,CC,AG,GT,CC,CG,GG,CC,GG,AT,AG,CC,TT,GG,CC,CC,AA,GG,CC,AT,CG,AA,AG,CC,CC,AC,AT,AG,GG,AA,AA,AC,AA,AG,AA,AA,AA,TT,CG,AA,AG,CC,AA,CT,AA,AA,GG,GG,GG,TT,AA,AA,GT,TT,TT,AA,AT,GG,GG,AA,4.4,Moderate,Medium,Premium,Early
L0796,Bengaluru Rural,Karnataka,Kharif,Red Sandy Loam,Rainfed,720,26.0,70,CC,TT,GG,AA,GG,CG,GG,TT,CC,CC,AA,CC,CG,AT,TT,GG,GG,TT,TT,AA,CC,GT,GT,CT,TT,CC,TT,TT,GG,AA,CT,CC,AA,CC,GG,GG,GG,CC,GG,CC,TT,CT,AA,TT,AA,AG,TT,TT,CC,AC,GG,AA,AG,GG,CC,TT,AA,AC,GT,AC,AG,NN,TT,AA,TT,TT,CC,GG,TT,GG,AG,GG,CC,AA,AG,AA,AA,GG,GT,TT,GG,GT,GT,CC,AA,AG,AA,AA,CC,TT,CC,TT,TT,AT,TT,GG,TT,CC,TT,CC,CT,GG,AG,AA,AT,TT,CC,AA,AG,AA,CC,GG,TT,CC,TT,AA,AA,TT,CC,GG,CC,GG,CC,GT,CT,NN,CC,CC,CC,CC,AG,TT,CC,AA,CC,CT,AA,TT,AA,AA,GG,CC,CC,GG,AA,GG,AA,AC,GG,CC,CC,AA,AG,GG,TT,GG,AC,TT,TT,GG,CC,TT,TT,TT,CC,AT,GT,TT,AA,AT,CG,CC,AA,CT,CC,AC,GG,CC,AA,GG,AG,CC,TT,CC,GT,GT,GG,TT,AA,AA,TT,CC,GG,AA,CC,CC,GG,GG,AA,GG,TT,AC,AA,CC,GG,AT,AA,AA,AT,NN,TT,AT,TT,CG,GT,AA,GG,TT,TT,AA,GG,NN,TT,AA,TT,CC,TT,AA,CC,CT,CG,AG,CG,AG,CC,TT,CT,TT,GG,TT,AA,CC,GG,GG,CC,GG,GG,CC,GG,TT,AA,CC,TT,GG,CC,CC,AA,GG,CC,AA,CG,AA,AA,CC,GG,CC,TT,AA,GG,AA,AA,AA,AA,AA,AA,AA,AA,TT,GG,AA,AG,CC,AA,NN,AA,AA,GG,GG,GG,TT,AA,AG,TT,TT,TT,AA,TT,GG,GG,AA,4.29,Susceptible,Medium,Standard,Medium
L0797,Bengaluru Rural,Karnataka,Kharif,Red Sandy Loam,Rainfed,720,26.0,70,NN,TT,AG,AG,GG,GG,GT,AT,CC,CC,NN,CT,CG,TT,TT,GG,CG,TT,TT,AA,CC,TT,TT,CC,TT,CC,TT,TT,GG,AA,TT,CC,AA,CC,GG,GG,GG,CG,GG,CC,TT,TT,AC,GT,AG,AG,TT,TT,CC,CC,GT,AA,AG,GG,CC,TT,AA,AC,GG,AA,AA,GT,NN,AG,TT,AA,CC,GG,TT,GG,NN,GT,CC,AA,GG,AA,AT,GG,TT,TT,GG,GG,GG,CC,AA,AG,AA,AA,CC,TT,AC,TT,CC,NN,GT,AG,TT,CC,GT,CC,CC,CC,NN,NN,TT,TT,CC,AA,AG,AA,CC,GG,GT,CC,TT,AA,AA,TT,CC,GG,CG,GG,CC,GT,TT,AA,CT,CC,CC,CC,AA,TT,CC,AA,CC,CT,AA,AT,AA,AA,GG,CC,CC,GG,AA,AG,AA,CC,GG,CC,CG,AA,AA,AG,TT,GG,AC,GT,TT,GG,CC,GT,NN,CT,GG,AA,GT,CT,AA,TT,GG,CC,AG,TT,CC,CC,CG,CC,AA,GG,AA,CC,TT,CC,GT,TT,NN,AA,AG,AA,TT,AA,GG,AA,CC,CC,GG,GG,AC,GG,TT,AA,AA,CC,GG,AA,CC,AA,AA,GG,TT,AT,TT,CG,GT,AA,CC,TT,GT,AA,GG,AA,TT,AA,TT,CC,TT,AA,CC,TT,GG,AA,GG,AG,CC,TT,CT,GG,GG,TT,AA,CC,AA,GG,CC,CC,NN,CC,GG,TT,AA,CC,TT,GG,CC,CC,AT,GG,CC,AT,CG,AA,AA,AC,CG,CC,TT,AA,GG,AA,AA,AC,AA,NN,AA,AA,AA,TT,GG,AA,AA,AC,AA,CC,GG,AA,GG,GG,GG,TT,AA,AA,GT,TT,TT,GG,TT,GG,GG,AA,2.9,Susceptible,High,Poor,Late
L0798,Bengaluru Rural,Karnataka,Kharif,Red Sandy Loam,Rainfed,720,26.0,70,AA,CT,AA,AA,CG,CC,GG,AT,CC,CC,AA,CT,CG,AT,TT,GT,GG,TT,TT,AG,CC,TT,GT,TT,TT,CC,TT,TT,GT,AC,TT,CC,AA,CC,GG,GG,GG,CC,GG,AC,TT,CT,AA,TT,AG,GG,TT,TT,CC,AC,GG,AA,AA,GG,CC,TT,AA,AA,GG,AC,AA,TT,TT,AG,TT,AT,CC,GG,TT,GG,AA,GT,CC,AA,GG,AC,NN,GG,TT,TT,GG,GT,GT,AC,AA,GG,AG,AT,CG,GG,CC,GT,CT,TT,TT,GG,TT,CC,TT,CC,CC,CG,AA,AA,TT,TT,CC,AG,AG,AA,CT,GG,TT,CC,TT,AA,AA,TT,CC,AA,CC,GG,CC,GG,CT,AA,CT,CC,CC,CC,AA,TT,NN,AA,CC,CC,AA,AT,AA,AT,GG,CT,CC,GG,AA,AA,AT,CC,GT,CC,CC,AA,AA,GG,TT,GG,AC,GT,TT,AG,AC,TT,TT,TT,CG,AA,TT,TT,AA,TT,GG,CC,AA,CT,CC,CC,CG,CC,AA,GG,GG,CC,TT,CC,GT,TT,GG,AT,AA,AA,TT,CC,CG,AA,CC,CC,CG,GG,AC,GG,TT,AA,AA,CC,GG,AA,CC,AA,AT,GT,TT,TT,AA,GG,GT,AT,CC,TT,GT,AA,GG,AA,CT,AA,TT,CC,CT,AA,CC,CC,NN,AA,CG,AA,AC,TT,TT,TT,GG,TT,AA,AC,AG,GG,CC,CG,GG,CC,GT,AA,AG,CC,TT,GG,CC,CG,AA,AG,CC,AA,CC,AT,AA,NN,CG,AC,TT,AA,GG,AA,AA,AA,AC,AG,AA,AG,AA,TT,GG,AA,AA,AA,AC,TT,AA,AG,GG,AG,GG,TT,AA,AA,TT,TT,TT,GG,AT,GG,GG,AC,4.23,Resistant,Medium,Standard,Early
L0799,Bengaluru Rural,Karnataka,Kharif,Red Sandy Loam,Rainfed,720,26.0,70,CC,TT,GG,AA,NN,CC,GT,TT,CC,CC,AA,CC,CG,TT,TT,GG,CG,TT,TT,AG,CC,GG,TT,CC,TT,CC,GT,AA,TT,AA,TT,CC,AA,AC,GG,CG,GG,CG,GG,CC,TT,CC,AA,GT,AA,AG,TT,TT,CC,CC,GG,AT,AA,GG,CC,TT,AT,AA,TT,AC,AA,TT,AA,AG,TT,NN,CC,GG,TT,GT,AA,GG,CC,AA,GG,AC,AT,GG,TT,TT,GG,NN,GG,CC,AT,AG,AA,AA,CC,TT,CC,TT,CT,TT,GT,GG,TT,CC,GT,CT,CC,CG,AG,AA,AT,TT,CC,AG,AA,AA,CT,GT,GT,CC,TT,AA,AA,TT,CC,AG,CC,GG,CC,GG,CT,AG,CC,CC,CC,CC,AA,TT,CC,AA,CC,CT,AA,TT,AA,AA,GG,CC,CC,GG,AA,AA,AA,AC,GG,CC,CC,AA,AA,GG,TT,GG,AC,TT,CT,GG,AC,GG,GT,CT,CC,TT,TT,NN,AA,TT,GG,CC,AA,CC,CC,CC,CG,CC,AA,GG,GG,CC,TT,CC,GG,TT,CG,AT,AG,AA,TT,AC,CG,AC,CC,CC,GG,GG,AC,GG,TT,AA,AA,CC,GT,AT,AC,AA,TT,GT,TT,TT,AA,CG,GG,AA,CC,TT,TT,AA,GG,AA,TT,AA,TT,CC,TT,AC,CC,TT,GG,AG,CC,AG,CC,AT,TT,GT,GG,AT,AA,CC,AA,GG,CC,CC,GG,CC,GG,AT,AA,CC,GT,GG,CC,CC,AT,GG,CG,AA,CC,AA,NN,CC,CG,CC,TT,AA,GG,AA,AA,AC,AA,AA,AA,AA,AA,AT,GG,AA,AA,CC,AA,CC,AA,AA,GG,GG,CG,TT,AA,AA,TT,TT,TT,AA,TT,GG,GG,AA,3.62,Susceptible,Low,Poor,Late
L0800,Bengaluru Rural,Karnataka,Kharif,Red Sandy Loam,Rainfed,720,26.0,70,CC,TT,GG,GG,CG,CG,GG,TT,CC,CG,AA,CC,CC,TT,TT,GG,GG,AT,TT,AA,GG,TT,GT,CC,AT,CC,TT,TT,GG,AA,TT,CC,AA,CC,GG,GG,GG,CG,GG,CC,TT,TT,AC,GT,AA,GG,CT,AT,CC,CC,GG,AT,NN,GG,CC,TT,AA,AA,GG,AC,AA,TT,TT,AA,TT,TT,CC,GG,TT,GG,AG,GG,CC,AA,AG,AA,AA,GG,NN,TT,GG,GT,GT,CC,AA,GG,AG,AA,CC,GT,AC,TT,CC,TT,TT,GG,CT,AC,GT,CC,CC,CC,AG,AA,TT,TT,CG,AA,AG,AA,CC,GG,TT,CC,TT,AA,AA,TT,CG,NN,CC,GG,CC,GG,TT,AA,CC,CC,CC,CC,AG,GT,CC,NN,CC,CC,AA,TT,AA,AA,CG,CC,CC,GG,NN,AG,AA,AC,GG,CC,CC,AG,AG,GG,TT,NN,AA,TT,NN,AG,CC,GT,GT,TT,CC,AA,GT,TT,AA,TT,GG,CC,AG,CT,CC,CC,CG,CC,AA,GG,GG,CC,TT,CG,GG,TT,CG,TT,AA,AG,TT,AC,GG,AC,CC,CC,GG,GG,AA,GG,CT,AC,AA,CC,GT,AA,NN,AA,AT,GT,GT,AT,AA,GG,GG,AA,CC,TT,TT,AA,GG,AA,TT,AA,TT,CC,TT,AA,AC,CT,GG,AA,CC,AA,CC,TT,CT,GT,GG,TT,AC,AC,AA,GG,CC,CG,GG,CC,GG,TT,AG,CC,TT,GG,CC,CG,TT,GG,CC,AA,CG,AA,AA,AC,CC,CC,TT,AA,GG,AA,AA,AC,AA,AA,AG,AG,AA,TT,GG,AA,AG,CC,AA,TT,AG,AG,GG,GG,GG,TT,AA,AG,TT,TT,TT,AG,TT,GG,CG,AA,6.29,Susceptible,Medium,Premium,Early
L0801,Bengaluru Rural,Karnataka,Kharif,Red Sandy Loam,Rainfed,720,26.0,70,AC,CT,GG,AA,GG,CC,GG,TT,CC,CC,AT,CC,CG,AT,TT,GG,CG,TT,TT,AA,CC,TT,GT,CC,TT,CC,TT,TT,GG,AA,TT,CC,AA,CC,GG,CG,GG,CC,GG,CC,TT,TT,NN,TT,AA,GG,TT,TT,CC,AA,GT,AA,AA,CG,CT,GT,AT,AA,TT,AA,AA,GT,AT,NN,TT,AT,CC,GG,TT,GT,GG,GG,CC,AA,AG,AC,AT,GG,TT,TT,GG,GG,GG,CC,AA,GG,AA,AA,CC,TT,CC,TT,CT,TT,GT,GG,TT,CC,TT,NN,CC,CC,AA,AA,AT,TT,CC,AG,GG,AC,CT,GG,TT,CG,GT,AC,AA,TT,CC,GG,CC,GG,NN,GT,TT,AA,CT,CC,CC,CC,AA,TT,CC,AA,CC,CC,AA,TT,AA,AA,GG,CT,CC,NN,AA,AG,AA,CC,GT,CC,CC,AA,AG,AG,TT,GG,AA,TT,TT,GG,AC,TT,GT,TT,CG,AA,TT,CT,AA,NN,GG,CC,GG,CC,CC,CC,GG,CC,AA,AG,AG,CC,TT,CG,GG,GG,GG,TT,AA,NN,TT,AA,GG,AA,AC,CC,GG,AG,AA,GG,TT,AA,AA,CC,GT,AT,AC,AA,AA,GG,TT,AT,AT,GG,GG,AT,CC,TT,TT,AA,GG,AA,CT,AA,TT,CG,TT,AA,CC,CT,CG,AG,CG,AA,AA,TT,TT,TT,GG,TT,AA,AC,AA,GG,CC,CG,GG,CC,GG,TT,AA,CG,GT,GG,CC,CG,AA,GG,CC,AA,CC,AA,AA,CC,NN,CC,TT,AG,GG,AA,AA,AC,AA,AG,AA,AG,AA,TT,GG,AC,AG,AC,AA,CT,AA,AA,GG,GG,CG,TT,AA,AG,NN,TT,TT,AG,TT,GG,CG,AA,2.89,Susceptible,Medium,Standard,Late
L0802,Bengaluru Rural,Karnataka,Kharif,Red Sandy Loam,Rainfed,720,26.0,70,AC,TT,GG,GG,GG,CC,GG,TT,CC,CC,AA,CC,GG,AT,TT,GT,GG,TT,TT,AA,CC,TT,TT,CC,TT,CC,TT,TT,GG,AA,TT,CC,AA,CC,GG,GG,GG,CC,GG,AC,TT,CT,AA,GT,AA,GG,TT,AT,CC,AC,GG,AA,AG,GG,CC,TT,AT,AC,GG,AA,AG,TT,TT,AA,CT,TT,CC,GT,TT,GG,AA,GG,CC,AA,AG,AC,AA,GG,TT,TT,GG,GG,GT,CC,AA,AG,AA,AA,CC,TT,CC,TT,CT,TT,TT,GG,CT,CC,TT,CC,CC,CC,AA,AG,TT,TT,CC,AA,AA,AA,CC,GG,TT,CG,TT,AC,AC,TT,CC,AG,CC,GG,CC,GG,NN,AA,CC,CC,AC,CC,AA,TT,CC,AA,CC,CT,AA,TT,AA,AA,GG,CC,CC,GG,AA,AA,AA,CC,GG,CC,CC,AA,AA,GG,TT,GG,AA,TT,CT,AG,AC,GG,TT,CT,CC,AA,GT,TT,AA,TT,CG,CG,NN,CC,CC,CC,GG,CC,AA,GG,AA,CC,TT,CG,GT,GT,GG,AT,AA,AA,TT,CC,GG,AC,CC,CC,GG,GG,AC,GG,TT,AA,AA,CC,GG,AA,AC,AA,TT,GT,TT,TT,AA,GG,GT,AA,CC,TT,TT,AA,GG,AA,TT,AC,TT,CC,CT,AC,CC,CT,GG,AA,GG,GG,CC,AT,TT,GT,GG,TT,AA,AC,AA,GG,CC,CG,GG,CC,GG,TT,GG,CG,GG,GG,CC,CC,AA,GG,CG,AT,CC,AA,AA,CC,CC,AC,TT,AA,GG,AA,AC,AC,AA,AG,AG,AA,AA,TT,GG,AA,AA,CC,AA,TT,AA,AA,GG,GG,GG,TT,AT,AA,TT,NN,TT,AG,TT,GG,CG,AA,4.22,Susceptible,Medium,Poor,Medium
L0803,Bengaluru Rural,Karnataka,Kharif,Red Sandy Loam,Rainfed,720,26.0,70,AA,CT,GG,AA,GG,CC,GT,TT,CC,GG,AA,CC,CC,TT,GT,GT,CG,TT,TT,AA,CC,TT,TT,CT,AT,CC,GT,TT,GT,AA,TT,CT,AA,CC,GG,GG,GG,CC,NN,CC,TT,TT,CC,TT,AG,AG,TT,AT,CC,CC,GT,AA,AA,GG,CC,GT,AA,AA,TT,AC,AA,TT,AT,AG,TT,AT,CC,GG,TT,GG,AG,GG,CC,AA,AG,AA,AT,GG,TT,TT,GG,GG,GT,CC,TT,GG,AG,AA,CG,GT,CC,GT,CC,TT,TT,GG,TT,AC,GT,CC,CT,CC,GG,AA,TT,TT,CC,AA,AA,AA,CC,GG,TT,CC,GT,AA,AA,TT,CC,GG,CC,AG,CC,GG,CT,GG,CC,CC,CC,CC,AA,NN,CC,AA,CC,CC,AA,TT,AA,AA,GG,CC,CC,GG,AA,AA,AA,CC,GG,CC,CC,AG,AA,AG,TT,GG,AA,GT,CT,GG,AA,GT,TT,CT,CC,AA,GT,TT,AA,TT,GG,CC,AA,TT,CC,CC,GG,CC,AT,GG,AG,CC,TT,CC,GG,TT,CG,TT,AA,AA,GT,CC,GG,AA,CC,CC,GG,GG,CC,CG,TT,AC,AG,CC,GG,AA,CC,AA,AA,GT,TT,AT,AT,GG,GG,AA,CG,TT,TT,AA,GG,AA,TT,AA,TT,NN,TT,AA,CC,TT,CC,GG,CG,GG,CC,TT,CC,GG,GG,TT,AA,CC,AA,GG,CC,CC,GG,CC,GG,TT,AG,CG,TT,GG,CC,CC,AA,GG,CC,AA,GG,AA,AA,AC,CC,AA,TT,AA,NN,AA,AC,AA,AA,AG,AA,AA,AA,AT,GG,AA,AA,CC,AA,TT,AA,AA,GG,GG,GG,GT,AA,AA,NN,TT,TT,AG,TT,GG,GG,AA,2.82,Susceptible,High,Poor,Late
L0804,Bengaluru Rural,Karnataka,Kharif,Red Sandy Loam,Rainfed,720,26.0,70,AC,TT,AG,AA,GG,CC,GG,AA,CC,CG,AA,CC,CC,TT,GG,NN,CG,TT,TT,AG,CC,TT,GT,CC,TT,CC,TT,TT,GG,AA,TT,CT,AA,CC,GG,GG,GG,CC,GG,CC,TT,CT,AA,GT,AA,GG,TT,AT,CG,CC,GG,AT,AA,GG,CC,TT,AA,AA,GG,AA,AA,GT,TT,AA,TT,TT,CC,GG,TT,GG,AA,GG,CC,AA,AG,AA,AA,GG,TT,TT,GG,GG,GT,CC,AA,GG,AA,AA,CC,GT,CC,TT,CC,AT,GT,GG,CT,CC,GG,CC,TT,CG,AG,AA,AT,GT,CG,AG,AA,AA,CC,GG,TT,CC,GG,AA,AA,TT,CC,AG,CC,GG,CC,GT,TT,AG,CT,CC,CC,CC,AA,TT,AC,AC,CC,CT,AA,TT,GG,AA,CG,CC,CC,GG,AA,GG,AA,CC,GG,CC,CC,AA,AA,GG,TT,AG,AA,TT,CT,GG,CC,GT,GT,CT,CC,AT,TT,TT,AA,AT,CG,CC,AG,CT,CC,CC,GG,CC,AA,GG,GG,CC,TT,CC,GT,GT,GG,AA,AA,AA,TT,CC,GG,AA,AC,CC,GG,GG,AA,GG,TT,AA,AA,CC,GG,AA,CC,AA,AT,GG,TT,TT,AT,GG,TT,AT,CC,TT,GT,AA,AG,AA,TT,AA,TT,CC,NN,AA,CC,CC,GG,AG,CC,AG,CC,TT,TT,GT,GG,TT,AA,AC,AA,GG,CC,CG,GG,CC,GG,AT,AA,CG,GT,GG,CC,CG,AA,GG,CC,TT,CG,AT,AA,CC,CG,CC,TT,AA,GG,AA,AC,AC,AA,GG,AA,AA,AA,AT,GG,AC,GG,CC,CC,CT,AA,AA,CG,AG,GG,TT,AA,AA,TT,TT,TT,AG,TT,GG,GG,AA,3.11,Moderate,Medium,Premium,Late
L0805,Bengaluru Rural,Karnataka,Kharif,Red Sandy Loam,Rainfed,720,26.0,70,AC,CT,AG,AA,GG,CC,GG,TT,CC,CG,AA,CT,CG,TT,TT,GG,GG,TT,TT,AA,CC,GT,TT,CT,TT,CC,TT,TT,GG,AA,CT,CC,AA,CC,GG,CG,GG,CC,GG,CC,TT,CT,AA,TT,AA,AG,TT,AT,CC,AC,GG,AA,AG,CG,NN,TT,AA,AA,GG,AC,GG,TT,AT,AG,TT,TT,CC,GG,TT,GG,AA,GG,AC,AA,AG,CC,AA,GG,TT,TT,GG,TT,NN,CC,AA,GG,AA,AA,CC,TT,CC,TT,CT,TT,TT,GG,CT,NN,GT,CC,CC,CC,AG,AA,TT,TT,CG,AA,GG,AA,CT,GG,TT,CG,TT,AA,AA,TT,CC,AG,CC,GG,CC,GT,CT,AG,CC,CC,CC,CC,AA,TT,CC,AA,CC,CC,AA,TT,AA,AA,GG,CC,CC,GG,AG,AA,AA,CC,GG,CC,CC,AA,AA,AG,TT,GG,NN,TT,TT,GG,CC,TT,GG,TT,CG,AA,GT,TT,NN,TT,CG,CC,AA,CT,CC,CC,GG,CC,AA,GG,AA,CC,TT,CC,GT,TT,GG,TT,AA,AA,TT,CC,GG,AA,CC,CC,CG,GG,AC,GG,TT,AC,AA,CC,GG,AA,CC,AA,AA,GT,GG,TT,TT,GG,TT,AT,CC,AT,TT,AA,GG,AA,CT,AA,NN,CC,TT,AC,AC,TT,GG,AA,GG,AG,CC,TT,CT,GT,GG,AA,AC,AA,AG,GG,CC,CG,GG,CC,GG,AA,AA,CC,GG,GG,CC,CC,AA,GG,CC,AA,CC,AA,AA,CC,CC,AC,TT,AA,GG,NN,AA,AC,AA,GG,AG,AA,AA,AT,GG,AA,AG,AC,CC,CC,AG,AA,GG,AG,GG,TT,AT,AA,TT,TT,TT,AA,AT,CG,GG,AA,5.64,Susceptible,High,Premium,Early
L0806,Bengaluru Rural,Karnataka,Kharif,Red Sandy Loam,Rainfed,720,26.0,70,AA,TT,GG,AA,CG,CC,GG,AT,CC,CG,AA,CT,CC,TT,GT,GG,GG,TT,AT,AA,CC,TT,GT,TT,TT,CC,TT,TT,GG,AA,TT,CC,AA,CC,GG,NN,GG,CG,GG,CC,TT,TT,AA,TT,AG,GG,TT,TT,CC,AC,GG,AT,AA,GG,CC,GT,AA,NN,GT,AC,AG,TT,AT,AG,TT,TT,CC,GG,TT,GT,AA,GG,CC,AA,GG,AA,AT,GG,TT,TT,GG,GT,GG,CC,AA,GG,AA,AT,NN,GT,CC,TT,CC,TT,GT,GG,TT,CC,TT,CC,CC,CC,AG,AG,TT,TT,CC,AG,AA,AA,CC,GG,TT,CG,TT,AC,AA,TT,CC,GG,CC,GG,CC,GG,CC,AA,CC,CC,AC,CC,AA,TT,CC,AA,CC,CC,AA,TT,AA,AA,GG,CC,CG,GG,AG,AG,AT,CC,GG,CC,CC,AA,GG,GG,TT,GG,NN,TT,TT,GG,CC,TT,TT,TT,CC,AT,TT,TT,AA,AT,GG,CG,AG,CT,CC,CC,GG,CC,AA,GG,AG,CC,TT,CC,GG,TT,GG,TT,AA,GG,TT,CC,GG,AC,AA,CC,GG,GG,CC,NN,TT,AA,AG,CC,GT,AA,CC,AA,AA,TT,TT,TT,AT,CG,GT,AA,CC,AT,GT,AA,GG,AA,TT,AA,TT,CC,CT,CC,AC,TT,GG,AA,CG,AG,CC,TT,TT,GT,GG,AT,AA,CC,AA,NN,CC,CG,GG,CC,GG,TT,AA,CC,TT,GG,CC,CG,AA,AG,CC,AA,CG,AA,AA,AC,CG,CC,TT,AA,GG,AA,AA,AA,AA,GG,AG,AA,AA,TT,GG,AC,AA,AA,AA,TT,AG,AG,GG,GG,GG,TT,AA,AA,GT,TT,TT,AA,AT,GG,GG,AA,3.28,Moderate,Low,Standard,Medium
L0807,Bengaluru Rural,Karnataka,Kharif,Red Sandy Loam,Rainfed,720,26.0,70,AC,TT,GG,AG,GG,CC,GT,TT,CC,CG,AA,CC,CG,AT,TT,GT,CG,TT,TT,AA,CC,TT,GT,CT,TT,CC,TT,TT,GG,AA,CT,CC,AG,AC,GG,GG,GT,CC,GG,CC,TT,CC,AA,GT,AA,AG,TT,TT,CC,AC,GT,AA,AG,GG,CC,GT,AA,AC,GG,AA,AG,TT,TT,AA,CT,TT,CC,GG,TT,GG,AA,GG,CC,NN,GG,AC,AT,GG,GT,TT,GG,GG,NN,CC,AA,GG,AA,AA,CG,GG,CC,TT,CT,AT,TT,GG,CT,CC,TT,CC,CT,CG,GG,AA,TT,TT,CC,AA,GG,AC,CC,GG,TT,CC,GT,AA,AA,TT,CG,AA,CC,AG,CC,NN,CT,AA,CT,CC,CC,CC,AA,TT,CC,AA,CC,CC,AA,AT,AA,AA,CG,CT,CC,GG,AG,AG,AA,CC,GG,CC,NN,AA,AA,GG,TT,GG,AA,TT,TT,AG,CC,TT,TT,TT,CG,AA,TT,TT,AA,TT,GG,CC,AG,CT,CC,AC,GG,CC,AA,AG,AG,CC,TT,CC,GT,TT,CG,AA,AA,AG,TT,CC,CG,AA,AC,CG,GG,GG,AA,GG,TT,AA,AG,GG,GG,AA,CC,AT,TT,GT,TT,AT,AT,GG,GT,AA,CG,TT,GT,AA,GG,AA,TT,AC,TT,CC,TT,AA,NN,CT,GG,AA,CG,AG,CC,AT,TT,GT,GG,TT,AA,CC,AA,GG,CC,CG,GG,CC,GG,AT,AA,CC,TT,GG,CG,CC,AA,GG,CG,AT,CG,AA,NN,CC,CG,CC,AT,AA,GG,AA,AA,AA,AA,GG,AG,AG,AA,TT,GG,AA,AG,CC,CC,CT,AG,AA,GG,AA,GG,TT,AA,AA,TT,TT,TT,AG,TT,GG,CG,AA,7.17,Susceptible,Low,Standard,Medium
L0808,Bengaluru Rural,Karnataka,Kharif,Red Sandy Loam,Rainfed,720,26.0,70,CC,TT,GG,AA,GG,CC,GG,TT,CC,CG,AA,CC,NN,TT,TT,GG,CG,TT,TT,AA,CC,TT,GT,CC,TT,CC,TT,NN,GG,AA,CT,CC,AA,CC,GG,GG,GG,CG,GG,CC,TT,CT,AA,GG,AG,GG,TT,TT,CC,CC,GT,AA,GG,GG,CT,TT,AT,AA,GG,AA,AA,GT,TT,AG,TT,AA,CC,GG,TT,GG,AA,GT,CC,AA,AG,AA,AA,GG,TT,TT,GG,TT,GT,CC,AA,GG,AA,AT,CG,TT,CC,TT,CC,TT,TT,GG,TT,CC,TT,CC,CT,CC,AG,AG,AT,TT,CC,AA,GG,AC,CC,GG,TT,CG,TT,AA,AC,TT,CC,AG,CC,GG,CC,GT,CT,AA,CC,CC,AC,CC,AA,TT,CC,AA,CC,CC,AA,TT,NN,AT,GG,CT,CG,GG,AA,AA,AA,CC,GG,CC,CC,AA,AG,GG,GT,GG,AC,TT,CT,GG,CC,GT,TT,TT,CC,AA,GT,TT,AA,TT,CG,CC,AG,CC,CC,CC,GG,CC,AA,GG,AG,CC,TT,CG,GT,TT,GG,AA,AA,AA,TT,CC,GG,AA,CC,CG,GG,GG,AC,GG,TT,AA,AA,CC,GG,AA,AC,AA,AT,GG,TT,TT,AT,CG,GT,AA,CC,TT,GT,AA,GG,AA,TT,AA,TT,CC,TT,AC,CC,TT,GG,AG,CC,GG,CC,TT,CC,TT,GG,TT,AA,AC,AG,GG,CC,CC,GG,CC,GG,AT,AG,CG,GT,GG,CC,CC,AA,GG,CC,AA,CC,AA,AA,CC,CC,CC,TT,AG,GG,AA,AA,AC,AC,AG,NN,AA,AA,AA,GG,AC,AG,AC,AC,TT,NN,AG,GG,GG,GG,TT,AA,AG,TT,TT,AT,AG,TT,NN,GG,AA,5.88,Susceptible,Medium,Premium,Late
L0809,Bengaluru Rural,Karnataka,Kharif,Red Sandy Loam,Rainfed,720,26.0,70,AC,TT,GG,AG,CG,CC,GG,TT,CC,CG,AT,CC,CG,AA,TT,GG,GG,AT,AT,AG,CC,TT,GG,CT,TT,CC,TT,TT,GG,AA,TT,NN,AA,CC,GG,CG,GG,CC,GG,AC,TT,TT,AA,TT,AA,NN,TT,TT,CC,AA,GG,AT,AA,GG,CC,TT,AA,AA,GT,AA,AG,TT,TT,AG,TT,TT,CC,GG,TT,GG,AA,GG,NN,AA,AG,CC,AA,GG,GT,TT,GG,GT,GG,CC,AA,GG,AG,AT,CC,GT,AC,TT,CT,TT,TT,AG,TT,CC,GT,CC,CC,CC,AG,AG,TT,TT,CC,AA,AG,AA,TT,GG,TT,CC,TT,AA,AA,TT,CC,GG,CC,AG,CC,GT,CT,AG,CT,CC,CC,CC,AA,GT,CC,AA,CC,CT,AA,TT,AA,AA,CG,CC,CC,GG,AA,AA,AA,AC,GG,CC,CC,AA,AG,GG,TT,AG,AC,TT,TT,GG,AC,TT,TT,CT,CC,AA,TT,TT,AA,TT,CG,CC,AA,CC,CC,CC,CG,CC,AA,GG,AG,CC,TT,CC,GG,GT,GG,TT,AA,AA,TT,CC,GG,AC,CC,CG,GG,GG,AA,GG,TT,AC,AA,CC,GT,AA,CC,AA,TT,GG,TT,AT,AA,CG,GT,AA,CC,AT,GT,AA,GG,AA,CT,AA,AT,CC,TT,AA,CC,TT,GG,AG,CC,NN,CC,TT,CC,GT,GG,TT,AA,AC,AA,GG,CC,CG,GG,CC,GG,AT,AA,CC,GT,GG,CC,CC,AA,AA,CG,AT,NN,AA,AG,AC,CC,AC,TT,AA,GG,AA,AA,AA,AA,AG,AG,AA,AG,TT,GG,AA,AG,AA,NN,TT,AA,AA,GG,GG,GG,TT,AA,AA,GT,TT,TT,AG,AT,GG,GG,AA,6.88,Susceptible,Low,Premium,Medium
L0810,Bengaluru Rural,Karnataka,Kharif,Red Sandy Loam,Rainfed,720,26.0,70,AA,TT,GG,GG,GG,CC,GT,TT,CC,GG,AA,CC,CG,TT,TT,GG,CG,TT,TT,AA,CC,GT,TT,CC,TT,CC,TT,TT,GG,AA,TT,CT,AA,CC,GG,GG,GG,CG,GG,CC,TT,CT,AC,TT,AA,GG,TT,TT,CC,AA,TT,AA,AG,GG,CC,TT,AA,CC,GT,AC,AA,TT,AT,AA,TT,AT,CC,GG,TT,GG,AG,GG,CC,AA,GG,AC,AT,GG,TT,TT,GG,GG,GG,CC,AA,GG,AA,AA,CC,TT,CC,NN,CC,TT,GT,GG,TT,CC,TT,CC,CT,CG,GG,AA,TT,TT,CC,AA,AG,AA,CC,GG,TT,CC,TT,AA,AA,TT,CC,AG,CC,GG,CC,GT,TT,AA,CC,CC,AC,CC,AA,TT,CC,AA,CC,CC,AA,TT,AA,AA,GG,CC,CC,GG,AA,AG,AA,AC,GT,CC,CC,AA,AA,GG,TT,GG,AC,GT,CT,GG,CC,TT,GT,TT,CC,AT,TT,TT,AA,AT,GG,CC,AA,CC,CC,CC,GG,CC,AA,GG,AA,CC,TT,CG,GT,GT,CG,TT,AA,AA,GT,AC,GG,CC,AC,CC,GG,AG,AC,GG,TT,CC,AA,CG,GT,AA,CC,AT,AA,GT,TT,AT,AA,CG,GT,AA,CG,TT,TT,AA,GG,AA,TT,AA,TT,CC,CT,AC,CC,TT,CG,AG,CG,GG,CC,TT,TT,TT,GG,TT,AA,AC,AA,GG,CC,CG,GG,CC,GG,TT,AG,CC,GT,GG,CC,CC,AA,GG,CC,AA,CC,AA,AA,AA,CC,AA,TT,AG,GG,AA,AA,AC,AA,AG,AA,AG,AA,AT,GG,AA,GG,AC,AA,CT,AA,AA,GG,AG,GG,TT,AT,AA,TT,TT,TT,GG,TT,GG,GG,AA,3.19,Susceptible,Low,Premium,Late
L0811,Bengaluru Rural,Karnataka,Kharif,Red Sandy Loam,Rainfed,720,26.0,70,AA,TT,GG,AA,GG,CC,GG,TT,CC,CC,AA,CC,CG,AT,GT,GG,CG,TT,TT,AA,CC,GT,GG,CC,AT,CC,TT,TT,GG,AA,TT,CC,AA,CC,AA,CC,GG,CC,GG,CC,TT,CT,AA,TT,AA,GG,TT,TT,CC,AC,GG,AT,AG,GG,CC,TT,AA,AC,GT,AA,AG,TT,AT,AG,TT,TT,CC,GG,TT,GG,AA,GG,CC,AA,GG,CC,AT,GG,TT,TT,GG,GG,GG,CC,AA,AG,AA,AA,CC,TT,CC,TT,CT,TT,TT,GG,TT,AC,GT,CC,CC,CC,GG,AG,TT,TT,CG,AA,AG,AA,CC,GG,TT,GG,TT,AC,AA,NN,CC,GG,CC,AG,CT,GG,TT,AA,CC,CC,CC,CC,AA,TT,CC,AA,CC,CC,AA,TT,AA,AA,GG,CT,CC,GG,AA,GG,AA,CC,GG,CC,CC,AA,NN,AG,TT,GG,CC,TT,NN,GG,AC,TT,GG,TT,CC,AA,GT,TT,NN,AT,CG,CC,GG,CT,CC,CC,GG,CC,AA,GG,GG,CC,TT,CG,GG,TT,GG,AT,AA,AA,TT,CC,GG,AA,CC,NN,GG,GG,AC,CG,TT,AA,AA,CC,GG,AA,CC,AA,NN,GT,TT,TT,AA,GG,GT,AA,CG,AT,TT,AA,GG,AA,CT,AC,TT,CC,TT,AA,CC,TT,CG,AG,CC,AG,AA,TT,CT,TT,GG,TT,AC,AC,AG,GG,CC,CC,GG,CC,GG,AT,AA,GG,TT,GG,CC,CC,AA,GG,CC,AA,CC,AT,AA,AC,CG,AC,NN,AA,GG,AA,AA,AC,AA,AG,AG,AA,AA,TT,GG,AA,AA,AC,AA,CT,AA,AA,GG,GG,GG,GT,AA,AG,TT,TT,TT,AA,AA,GG,GG,AA,2.06,Susceptible,Medium,Premium,Medium
L0812,Bengaluru Rural,Karnataka,Kharif,Red Sandy Loam,Rainfed,720,26.0,70,CC,TT,GG,AA,CG,CG,GG,TT,CC,CG,AA,CC,CG,AT,TT,GG,CG,TT,TT,AA,CC,GT,NN,CC,TT,CC,TT,TT,GG,AA,CT,CC,AA,CC,GG,GG,GG,CG,GG,CC,TT,CT,AA,GT,AA,GG,TT,TT,CC,AA,GG,AA,AG,GG,CC,TT,AA,AC,GG,AC,AA,TT,TT,AG,CT,TT,CC,GG,TT,GG,AA,GG,CC,NN,AG,AC,AA,GG,GT,CT,GG,GG,GT,CC,AA,GG,AA,AA,CC,TT,CC,TT,TT,TT,TT,GG,TT,CC,GG,TT,CC,CC,AG,AA,AA,NN,CC,AA,AA,AC,CT,GG,TT,CG,TT,AA,AA,TT,CC,GG,CC,GG,CC,GT,CC,AA,CC,CC,CC,CC,AA,TT,CC,AA,CC,CT,AA,TT,AA,AA,GG,TT,CC,GG,AA,AA,AA,AC,GT,CC,CC,AG,AA,AG,GG,GG,AA,GT,CC,GG,CC,GT,GG,TT,CC,AT,GT,CT,AA,TT,GG,CC,AA,CT,CC,CC,GG,CC,AA,GG,AA,CC,TT,CC,GT,TT,GG,AT,AA,AA,TT,CC,GG,AA,CC,CG,GG,AG,AC,GG,TT,AA,AA,CC,GT,AA,AC,AA,TT,GG,TT,TT,TT,GG,GT,AT,CC,TT,TT,AA,GG,AG,CT,AA,TT,CC,TT,AA,CC,TT,GG,AG,CC,AA,AC,TT,CT,GT,GG,TT,AA,CC,AA,GT,CC,CG,GG,CC,GG,AT,NN,CC,GT,GG,CC,CC,AA,GG,CC,AA,CC,AA,AA,AC,CG,AC,TT,AG,CG,AA,AA,AC,AC,GG,AA,AG,AA,TT,GG,AA,AG,AC,AA,CT,AA,AA,GG,AG,GG,TT,AT,AA,TT,TT,TT,AA,TT,GG,GG,AA,7.41,Moderate,Low,Premium,Medium
L0813,Bengaluru Rural,Karnataka,Kharif,Red Sandy Loam,Rainfed,720,26.0,70,CC,CT,GG,AG,GG,CC,GG,TT,CC,CC,AA,CT,CC,AT,TT,GG,GG,TT,TT,AA,CG,TT,NN,CT,TT,CC,TT,TT,GG,AA,TT,CC,AA,CC,GG,GG,GG,CC,GG,CC,TT,CC,AA,TT,AA,AG,TT,TT,CC,CC,GT,AA,AG,CG,NN,GT,AA,AC,TT,AC,AA,TT,TT,AG,TT,AT,CC,GG,TT,GT,AA,GG,CC,AA,GG,AC,AT,GG,TT,TT,GG,GG,GT,CC,AA,GG,AA,AT,CC,TT,CC,TT,CC,AT,TT,GG,TT,CC,TT,CT,CT,CG,AA,AA,TT,TT,CG,AA,AA,AA,TT,GG,TT,CG,TT,AA,AA,TT,CC,GG,CC,AG,CC,GG,TT,AA,CC,CC,CC,CC,AA,TT,CC,AC,CC,CC,AA,TT,AA,AT,CG,CC,CC,GG,AA,AA,AA,AC,GG,CC,CC,AA,AA,AG,TT,GG,AC,TT,NN,GG,AC,TT,GT,TT,CC,TT,GT,TT,AA,TT,NN,CC,AG,CT,CC,CC,CC,CC,AA,GG,GG,CC,TT,CC,TT,TT,GG,AT,AG,AA,GT,CC,GG,AA,AC,CC,GG,GG,AC,GG,TT,AA,AA,CC,GG,AA,CC,AA,AA,GG,GT,TT,AT,CG,TT,AT,CG,AT,GT,AA,GG,AA,CT,AA,TT,CC,TT,AA,CC,TT,GG,AG,CC,AG,CC,TT,TT,TT,GG,TT,AA,NN,AA,GG,CC,CG,GG,CC,GG,AT,AA,CC,GT,GG,CC,CG,AA,GG,CC,AA,CC,NN,AA,AC,CC,AC,TT,AA,GG,AA,AA,AC,AA,AG,AG,AA,AA,TT,GG,AC,AA,CC,AA,CC,AG,AA,GG,GG,GG,TT,AA,AA,TT,TT,TT,AG,TT,GG,GG,AC,4.57,Resistant,High,Poor,Early
L0814,Bengaluru Rural,Karnataka,Kharif,Red Sandy Loam,Rainfed,720,26.0,70,AC,TT,AG,AG,GG,CC,GT,AT,CC,GG,AT,CC,CG,TT,TT,GT,GG,TT,TT,AG,CC,TT,GT,CT,TT,CC,GG,TT,GG,AA,TT,CT,AA,CC,GG,GG,NN,CG,GG,CC,TT,TT,AC,GT,AA,GG,TT,AT,CC,AC,GG,AA,AA,GG,CT,TT,AA,AC,GG,AC,AA,TT,TT,AG,CT,TT,CC,GT,TT,GT,AG,GG,CC,AG,NN,AA,TT,GG,TT,TT,GG,GG,GT,CC,AT,NN,AA,AT,CC,GT,CC,TT,CT,TT,TT,GG,NN,AC,GG,CC,CT,CC,AA,AA,TT,GT,CG,AA,AA,AA,CT,GG,TT,CG,TT,AA,AA,TT,CC,GG,CC,GG,CC,GG,TT,AG,CT,CC,CC,CC,AA,GT,CC,AC,CC,CC,AA,TT,AA,AT,GG,CC,CC,GG,AA,AG,AA,AC,GG,CG,CC,AA,AG,GG,TT,AG,AA,GT,TT,GG,CC,GG,GT,TT,CC,AT,TT,TT,AT,AT,NN,CC,AG,TT,CC,AC,CC,CC,AA,GG,AG,CC,TT,CG,GG,NN,GG,TT,AA,AA,TT,NN,GG,AA,CC,CC,GG,GG,AA,GG,TT,AC,AA,CC,GG,AA,AA,AT,AA,GG,NN,AA,AA,GG,GT,AT,CC,TT,GG,AA,GG,AA,CT,AA,TT,CC,TT,AA,CC,TT,GG,AA,CC,GG,CC,AT,CC,TT,GG,TT,AA,CC,AA,GT,CC,CC,GG,CG,GG,AT,AA,CC,TT,NN,CC,CC,AA,GG,CC,NN,CC,AT,AA,AC,GG,CC,TT,AA,GG,AA,AA,AC,AA,GG,AA,AG,AA,AT,GG,AC,AG,CC,AA,CT,AG,AA,GG,NN,GG,TT,AA,AA,TT,TT,TT,AA,TT,GG,GG,AA,2.36,Susceptible,High,Premium,Early
L0815,Bengaluru Rural,Karnataka,Kharif,Red Sandy Loam,Rainfed,720,26.0,70,AC,TT,GG,AG,GG,CC,GT,TT,CC,CC,AA,CT,CG,TT,TT,GG,CC,TT,TT,AG,CC,GT,GT,CC,TT,CC,TT,TT,GG,AA,TT,CT,AA,CC,GG,GG,TT,CC,GG,CC,TT,TT,AA,TT,AG,GG,TT,TT,CC,AC,GT,AA,AA,GG,CC,TT,AA,AC,TT,AC,NN,GT,AT,AA,TT,AT,CC,GG,TT,GG,AA,GG,CC,AA,GG,AC,AT,AG,GT,TT,GG,GG,GG,CC,AA,GG,AA,AA,CC,TT,CC,TT,CT,TT,TT,GG,CT,CC,GT,CC,CC,CC,GG,AA,AT,TT,CC,AA,AA,AA,CT,GG,TT,CC,TT,AA,AA,TT,CC,GG,GG,AG,TT,GG,CT,AA,CC,CC,CC,CC,AG,TT,CC,AA,CC,CC,AA,AT,AA,AA,GG,CT,CC,GG,AA,AG,AA,CC,GG,CC,CC,AG,AA,GG,TT,GG,AA,TT,CT,GG,CC,TT,TT,TT,CC,AA,TT,TT,AA,AT,GG,CC,AG,CT,CC,AC,CG,CC,AA,GG,AA,CC,TT,CC,GG,GG,GG,AT,AA,AG,TT,CC,GG,AA,AC,CG,NN,GG,AA,GG,CT,AA,AA,CC,GG,AA,CC,AT,AT,GG,TT,TT,AT,GG,GG,AT,CC,TT,TT,AA,GG,AA,CT,AA,TT,CC,TT,AA,CC,TT,CG,AG,CC,GG,CC,TT,CT,TT,GG,TT,NN,CC,AG,GG,CC,CG,GG,CC,GG,AT,AA,CG,TT,GG,CC,CC,AA,GG,CG,AA,CC,AT,AA,AC,CG,CC,TT,AA,GG,AA,AA,AC,AA,AG,AA,AA,AA,AT,GG,AA,AA,CC,NN,CT,AA,AA,GG,GG,GG,TT,AA,AA,TT,TT,TT,AG,AT,GG,GG,AA,4.21,Moderate,Medium,Premium,Medium
L0816,Bengaluru Rural,Karnataka,Kharif,Red Sandy Loam,Rainfed,720,26.0,70,AC,CT,GG,AA,GG,CC,GG,TT,CC,CC,AA,CC,GG,TT,TT,GT,CG,TT,TT,AG,CC,GT,GT,CT,TT,CC,TT,TT,GG,NN,TT,CT,AG,CC,GG,CG,NN,GG,GG,CC,TT,CT,AA,NN,AA,GG,TT,TT,CC,NN,NN,AT,AG,GG,CC,NN,AA,AC,GT,CC,AA,TT,TT,GG,CT,TT,CC,GG,TT,GG,AA,GG,CC,AA,GG,AA,AT,GG,TT,TT,GG,GT,GT,CC,AA,GG,AA,AA,CC,TT,AC,TT,CT,TT,TT,GG,TT,CC,GT,CC,CC,CG,GG,AA,TT,TT,CG,AA,AG,AA,CC,GG,TT,GG,GT,AA,AA,TT,CC,GG,CC,GG,CT,GT,TT,AA,CT,CC,CC,CC,AG,GT,CC,AA,CC,CC,AG,TT,AG,AA,GG,CT,CC,AG,AA,GG,AA,CC,GG,CC,CC,AA,AA,GG,TT,GG,AA,TT,CT,GG,AA,TT,GT,TT,CC,AA,TT,CT,AA,TT,GG,CC,AA,CT,AC,CC,CG,CC,AA,GG,GG,CC,TT,CC,TT,TT,CG,TT,AA,AA,TT,CC,CG,AA,CC,CG,GG,GG,AC,GG,TT,AA,AA,CC,GT,AA,CC,AA,AA,GG,TT,AA,TT,GG,GT,AT,GG,TT,TT,AA,GG,AA,CT,AA,TT,CG,TT,AA,CC,TT,GG,AG,CG,AG,CC,TT,NN,GG,GG,TT,AA,CC,AA,GG,CC,CG,GG,CC,GG,AA,AA,CG,TT,GG,CC,CG,AA,GG,CC,AT,CC,AA,AA,CC,CG,AC,TT,AA,GG,AA,NN,AA,AA,AG,AA,AG,AA,TT,GG,AA,AA,AC,AC,CT,AG,AA,GG,GG,GG,TT,AA,AG,TT,TT,TT,AA,TT,GG,CG,AA,5.22,Moderate,High,Standard,Medium
L0817,Bengaluru Rural,Karnataka,Kharif,Red Sandy Loam,Rainfed,720,26.0,70,AA,TT,GG,AG,GG,CC,GG,TT,CC,GG,AA,CC,GG,TT,TT,GG,GG,TT,TT,AA,CG,GT,GT,CC,TT,CC,TT,TT,GG,AA,CT,CC,AA,CC,GG,GG,GG,CC,GG,CC,TT,TT,AA,TT,AA,AG,TT,TT,CG,CC,GG,AA,AA,GG,CT,GT,AA,AC,GG,AC,AA,GT,AT,AG,TT,TT,CC,GG,TT,GG,AA,GG,CC,AA,GG,AC,AT,GG,TT,TT,GG,GG,TT,AC,AA,GG,AA,AA,CC,TT,AC,TT,CC,AA,TT,GG,TT,CC,GG,CC,CC,CC,AG,AA,TT,TT,CC,AA,AG,AA,CC,GG,TT,CC,TT,AA,AC,TT,CG,GG,CG,GG,CC,GG,TT,AA,CC,CG,CC,CC,AA,TT,CC,AA,AC,NN,AA,TT,AA,AT,GG,CC,CC,GG,AA,AG,AA,CC,NN,CC,CC,AA,AG,GG,TT,AG,AC,TT,TT,GG,AC,TT,TT,TT,CC,AT,TT,TT,AA,TT,NN,CC,AG,CT,CC,CC,CG,CC,AA,NN,AA,CC,TT,CC,TT,TT,GG,AA,AA,AG,TT,CC,GG,AA,CC,CC,NN,GG,AC,GG,TT,CC,AA,CC,GG,AA,AC,AA,AT,GG,TT,AT,AA,GG,TT,NN,CG,AT,TT,AA,GG,AG,CC,AC,TT,CC,TT,NN,CC,TT,GG,AA,CG,AA,AC,TT,CT,GT,GG,TT,AA,CC,AA,GT,CC,CG,GG,CC,GG,TT,AG,CC,GT,GG,CC,GG,AA,AA,CC,AA,CC,TT,AA,CC,CC,CC,TT,AA,GG,AA,AA,AA,AA,AA,AG,AA,AA,AT,CG,AA,AA,CC,AA,CT,AA,AA,GG,GG,GG,TT,AA,AA,GT,TT,TT,AG,AT,GG,GG,AA,3.39,Susceptible,Medium,Poor,Early
L0818,Bengaluru Rural,Karnataka,Kharif,Red Sandy Loam,Rainfed,720,26.0,70,AA,CC,AG,AG,GG,CC,GG,TT,CC,CG,AA,CT,CG,AA,TT,GG,CC,TT,TT,AG,CC,TT,GG,CC,TT,CC,TT,TT,GT,AA,TT,CC,AA,CC,GG,CG,GG,CG,GG,CC,TT,TT,AA,TT,AA,GG,CT,TT,CG,AA,GG,AT,AG,GG,CC,GG,AA,AC,GT,AC,AA,GT,AT,AA,CT,AT,CC,GT,TT,GG,AA,NN,CC,AA,GG,CC,AT,GG,TT,TT,AG,GG,GT,CC,NN,GG,AA,AT,CG,GT,CC,GT,CT,AT,GT,GG,CT,CC,TT,CC,CT,CG,AG,AA,AT,TT,CC,AA,AG,AC,CC,GG,TT,CC,TT,AA,AA,TT,CC,GG,CG,GG,CT,GT,TT,AA,CC,CC,CC,CC,AA,TT,CC,AA,CC,CT,AA,AT,AA,AA,GG,CC,CC,GG,AA,NN,AA,CC,GT,CC,CC,AA,GG,GG,TT,GG,AC,TT,CT,GG,CC,TT,TT,TT,CG,AA,TT,CT,AT,TT,GG,CC,AG,CC,CC,CC,GG,CC,AA,NN,AA,CC,TT,CG,GT,TT,NN,TT,AA,AG,TT,CC,GG,AA,CC,CG,GG,GG,AC,GG,TT,AA,AG,CC,GG,AA,CC,AA,AA,GG,TT,AT,AA,GG,GT,TT,CC,TT,TT,AA,AG,AA,TT,AA,TT,CC,TT,AA,CC,CT,CG,GG,CC,AG,AC,TT,TT,TT,GG,TT,AA,CC,AG,GT,CC,CG,GG,CC,GG,TT,AA,CC,GT,GG,CC,CC,AA,GG,CC,AT,CG,AT,AA,AA,CG,CC,TT,AA,CG,AA,CC,CC,AA,AG,GG,AA,AA,TT,GG,AA,AA,AC,AA,CT,AA,AG,NN,GG,GG,TT,AT,AA,TT,TT,TT,GG,AT,GG,GG,AA,4.59,Susceptible,Low,Premium,Late
L0819,Bengaluru Rural,Karnataka,Kharif,Red Sandy Loam,Rainfed,720,26.0,70,AA,CT,GG,AA,GG,CC,TT,AT,CC,CC,AA,CC,CG,TT,GT,GG,GG,TT,TT,AA,CC,TT,GT,CC,NN,CC,TT,TT,GT,AA,CT,CC,AG,AC,GG,GG,GG,CC,GG,CC,TT,CT,AA,TT,AA,GG,TT,TT,CC,AA,GT,NN,AA,GG,CT,TT,AA,AC,GT,AC,AA,TT,AT,AA,TT,AT,CT,GG,TT,GG,AG,GG,CC,AA,GG,AA,AA,GG,TT,TT,GG,GG,GG,CC,NN,GG,AA,AT,CC,GG,CC,GT,TT,TT,GT,GG,TT,AC,GT,CC,CT,NN,AA,NN,TT,TT,GG,AG,GG,AA,CC,GG,TT,CC,TT,AA,AA,TT,CC,AG,CC,AG,CC,GT,TT,AA,CT,CC,CC,CC,AA,TT,AC,AA,CC,NN,AA,TT,AA,AA,CG,CT,CC,GG,AA,AG,AA,CC,GT,CG,CC,AA,AG,AG,GT,GG,AC,GT,TT,AG,AC,GG,TT,CC,CG,AT,TT,TT,AT,TT,GG,CC,AG,CT,CC,CC,GG,AC,AA,GG,AA,CC,TT,CC,GG,GT,CC,AT,AA,AA,TT,CC,GG,AC,CC,CC,CG,GG,AC,GG,TT,AA,AA,CC,GT,AA,CC,AA,AT,GT,TT,AT,AA,GG,GG,AA,CC,TT,TT,AA,GG,AA,TT,AA,TT,CC,TT,AA,AA,CT,GG,GG,CC,GG,CC,TT,TT,TT,GG,AA,AA,AC,AA,GG,CC,CG,GG,CC,GG,AT,AA,CC,TT,GG,CC,CC,AA,GG,CG,AT,CC,AA,AA,AC,CG,AC,AT,AA,GG,AA,AA,AC,AA,GG,AG,AA,AA,TT,CG,AA,AG,CC,AA,TT,AG,AG,GG,GG,GG,TT,AT,AA,TT,TT,TT,AG,AT,GG,GG,AA,2.04,Susceptible,Medium,Poor,Late
L0820,Bengaluru Rural,Karnataka,Kharif,Red Sandy Loam,Rainfed,720,26.0,70,AA,CT,GG,AA,GG,CC,GG,TT,CC,CC,AA,CC,CG,TT,TT,GG,GG,TT,TT,AA,CC,TT,GT,CC,AT,CC,TT,TT,GG,AA,TT,CC,AA,CC,GG,CG,GG,CC,GG,CC,TT,TT,AC,TT,AA,GG,TT,TT,CC,AC,GT,AA,AA,GG,CT,TT,AT,AC,GT,AA,AA,TT,AT,AG,CT,AT,CC,GT,CT,GG,AA,GG,AC,AA,AG,AA,AA,AG,TT,TT,GG,GT,GG,CC,AA,GG,AA,AA,CC,TT,CC,TT,CC,AT,TT,GG,TT,CC,GG,CT,TT,CC,AA,AA,TT,TT,NN,AA,AG,AA,CC,GG,TT,CC,TT,AC,AC,TT,CC,GG,CC,GG,CC,GT,CC,AG,CC,CC,CC,NN,AA,TT,AC,AA,CC,CC,AA,TT,AA,AA,GG,CC,CC,GG,AA,AA,AA,CC,GG,CC,CC,AA,AG,AG,GT,GG,AA,TT,TT,GG,AC,TT,TT,TT,CG,AT,TT,TT,AA,TT,GG,CC,AA,CT,CC,CC,GG,CC,AA,GG,AA,CC,TT,CC,TT,GT,GG,AT,AA,AA,TT,CC,GG,AA,AC,CC,GG,GG,AC,GG,TT,AA,AA,CC,TT,AA,AA,AA,TT,GG,GT,TT,AA,CG,GG,AA,CC,AT,TT,AA,GG,AA,TT,AA,TT,CC,CT,AA,AC,CT,GG,NN,CC,AG,CC,AT,TT,TT,GG,NN,AA,AC,AA,GG,CC,CC,GG,CC,GG,AT,AG,NN,GT,AG,CC,CC,AA,GG,CC,AA,CC,AA,AA,CC,CG,AA,TT,AA,CG,AA,AA,AC,AA,AA,AA,AA,AA,AT,GG,AC,AG,AC,AA,CT,AG,AA,CG,GG,GG,TT,AA,AG,TT,TT,TT,AG,AT,GG,CG,AA,5.34,Moderate,Low,Standard,Early
L0821,Bengaluru Rural,Karnataka,Kharif,Red Sandy Loam,Rainfed,720,26.0,70,AC,CT,GG,GG,GG,CC,GG,AT,CC,CC,AA,CT,CG,TT,TT,GG,CG,TT,TT,AA,CC,NN,TT,CC,TT,CC,TT,AT,GG,AA,TT,CC,AA,CC,GG,CG,GG,CG,GG,CC,TT,NN,AA,TT,AA,AG,CT,TT,CC,AC,TT,AA,AG,GG,CC,GT,AA,AA,GT,AA,AA,TT,TT,AA,TT,AT,CC,GG,TT,GG,NN,GT,CC,AA,GG,AA,AT,GG,GT,TT,GG,GG,GT,CC,AA,AG,AA,TT,CC,TT,AC,TT,CT,TT,GT,GG,TT,AC,GT,CC,CC,CC,GG,AG,TT,TT,CC,AA,AA,AA,CT,GG,TT,CC,TT,AA,AC,AT,CG,GG,CC,GG,CC,GT,CT,AA,CC,CC,CC,CC,AA,GT,CC,AA,CC,CT,AA,TT,AA,AT,GG,CC,CG,GG,AA,AG,AA,CC,GG,CC,CC,AG,AG,AG,GT,GG,AC,GT,TT,GG,CC,TT,TT,TT,CC,AT,TT,TT,AA,TT,GG,CC,AA,CT,CC,CC,CG,CC,AA,GG,AA,CC,TT,CG,TT,GT,CG,TT,AG,AA,TT,CC,GG,AA,AC,CC,GG,GG,AC,GG,TT,AA,AA,CC,GG,AA,CC,AT,AT,GT,TT,AT,AA,GG,GT,AA,CG,TT,GT,AA,GG,AA,TT,AA,TT,CC,TT,AA,CC,TT,GG,AA,CC,AG,NN,TT,TT,GT,GG,TT,AA,AC,AA,GG,CC,CC,GG,CG,GG,AT,AA,CC,TT,AG,CC,CC,AT,GG,CG,AA,CG,AA,AA,CC,CG,AA,TT,AA,GG,AA,AA,AA,AC,AG,AG,AA,AA,AT,GG,AA,AA,AC,AA,CT,AA,AA,CG,GG,CG,TT,AT,AA,TT,TT,TT,AG,NN,GG,NN,AC,4.24,Resistant,Low,Poor,Late
L0822,Bengaluru Rural,Karnataka,Kharif,Red Sandy Loam,Rainfed,720,26.0,70,AA,TT,GG,AA,GG,CG,GT,AT,CC,GG,AA,CC,CG,TT,TT,GG,CG,TT,TT,AG,CC,TT,GG,CT,AT,CC,GT,TT,GT,AA,CT,CC,AG,CC,GG,CG,GG,CC,GG,CC,TT,TT,AA,TT,AA,GG,CT,TT,CC,CC,GT,AA,AA,GG,CT,NN,AA,CC,GT,AA,AA,TT,AA,AA,TT,TT,CC,GG,TT,GG,AA,GG,CC,AA,AG,AC,AA,AG,TT,TT,GG,GG,GG,CC,AA,GG,AA,AT,CC,TT,CC,TT,CC,TT,GT,AG,TT,CC,TT,CT,CT,CG,GG,AA,TT,NN,CC,AA,NN,AA,CC,GG,TT,CC,TT,AA,AA,TT,CC,GG,CC,NN,CC,GG,TT,AG,CC,CC,CC,CC,AA,TT,CC,AA,CC,CT,AA,TT,AA,AA,CG,CC,CG,GG,AA,AA,AA,CC,GG,CG,CG,AA,AG,GG,TT,GG,AA,TT,CT,GG,CC,TT,GT,TT,CC,AT,TT,CC,AA,TT,GG,CC,AG,CC,CC,CC,CG,CC,AA,GG,AG,CC,TT,CC,TT,GT,GG,TT,AA,AA,TT,CC,GG,AA,AC,CC,GG,GG,AA,GG,TT,AA,AA,CC,GG,AT,CC,AA,AT,GT,TT,AT,AT,GG,GT,AT,CG,AT,GT,AA,GG,AA,TT,AA,TT,CC,CT,AA,CC,CT,GG,GG,CC,NN,AC,TT,CT,TT,GG,AT,CC,CC,AA,GG,CC,GG,GG,CC,GG,AT,AA,CC,GT,GG,CC,CC,AA,GG,CC,AA,CC,AA,AA,AC,CG,AC,TT,AA,CG,AA,AC,AA,AA,GG,AA,AA,AA,TT,GG,AA,AG,AC,AC,CT,AA,AG,GG,GG,CG,TT,AA,AA,TT,TT,TT,AG,TT,GG,GG,AA,1.59,Susceptible,Low,Premium,Medium
L0823,Bengaluru Rural,Karnataka,Kharif,Red Sandy Loam,Rainfed,720,26.0,70,AA,TT,GG,AA,GG,CC,GG,TT,CC,CG,AA,CC,CC,TT,TT,GG,CC,TT,AT,AG,CC,TT,GT,TT,TT,CC,GT,TT,GG,AA,CT,CC,AA,CC,GG,GG,GG,CG,GG,CC,TT,TT,AA,TT,GG,GG,CT,TT,CC,CC,GG,AA,AA,GG,CC,GT,AA,AA,GT,CC,AA,TT,TT,AA,TT,AT,CC,GG,TT,GG,AG,GG,CC,AA,GG,CC,AA,NN,TT,TT,GG,GG,GG,CC,AA,GG,AG,AT,CC,GG,AC,TT,CC,TT,GT,GG,TT,CC,GT,CC,CT,CG,AG,AA,TT,TT,CC,AA,AG,AA,NN,GG,TT,CG,TT,AC,AA,TT,CG,AA,CC,AG,CC,GG,TT,GG,CC,CC,CC,CC,AA,GT,CC,AA,CC,CT,AA,TT,AG,AA,GG,CC,CC,GG,AA,GG,NN,CC,GG,CC,CC,AA,AA,GG,GT,GG,AA,TT,CT,AG,CC,NN,TT,TT,CC,AT,GT,TT,AA,TT,GG,CC,AG,CT,AC,CC,GG,CC,NN,GG,AA,AC,TT,CC,GG,TT,GG,AA,AA,AA,TT,CC,NN,AC,CC,CC,CG,GG,AA,GG,TT,AC,AA,CC,GG,AT,CC,AA,AT,GT,TT,AA,AT,GG,GT,AT,CC,TT,TT,AA,GG,AG,TT,AA,TT,CC,TT,AA,CC,TT,CG,GG,CC,AG,AC,AT,TT,TT,GG,TT,AC,AC,AA,GG,CC,CC,GG,CG,GG,AT,AA,CC,TT,GG,CC,CC,AT,GG,CC,AT,CC,AT,AA,CC,GG,CC,TT,AA,GG,AA,AC,AC,AA,AA,AG,AA,AA,TT,GG,AA,AG,AC,NN,TT,AG,AA,GG,GG,GG,NN,AA,AA,GT,TT,TT,AG,AT,GG,CG,AA,5.47,Susceptible,Low,Standard,Late
L0824,Bengaluru Rural,Karnataka,Kharif,Red Sandy Loam,Rainfed,720,26.0,70,AC,TT,AG,AA,GG,CC,GG,NN,CC,CC,AA,CC,CC,TT,TT,GG,CG,AT,AT,AA,CC,TT,GT,CC,AT,CT,GT,TT,GG,AA,TT,CC,NN,AC,GG,CG,GG,CC,GG,CC,TT,TT,AA,TT,AA,AA,TT,TT,CC,AC,GG,AA,AG,GG,CC,GT,AA,AA,GG,CC,AG,TT,AT,AA,TT,TT,CC,GG,TT,GT,AG,GT,CC,AA,GG,AC,TT,GG,TT,TT,GG,GT,GG,CC,AA,GG,AA,AA,CG,GT,AC,TT,CC,TT,TT,GG,TT,CC,GT,CC,CT,CG,AG,AA,TT,TT,CG,AA,AA,AA,CC,GT,TT,CC,TT,AA,AA,AT,CC,GG,CC,AG,CC,GT,TT,AG,CC,CC,CC,CC,AA,TT,CC,AA,CC,CT,AA,TT,AA,AA,CG,CT,CC,GG,AA,AA,AA,AC,GG,CC,CC,AG,AG,AG,TT,GG,AA,NN,TT,GG,CC,TT,TT,TT,CC,AA,TT,TT,AA,TT,GG,CC,AA,CC,CC,CC,GG,CC,AA,GG,AA,CC,TT,CC,GG,GT,GG,TT,AA,AG,TT,CC,NN,AA,CC,CC,GG,GG,AC,CG,TT,AA,AA,CC,GG,AA,AC,AA,AA,GG,TT,TT,AT,GG,GG,AT,CC,AT,GT,AA,GG,AA,CT,AA,TT,CC,CT,AA,CC,TT,GG,AA,CG,AA,CC,TT,TT,TT,GG,TT,AC,AA,AG,GT,CC,CG,GG,CC,GG,TT,AA,CC,TT,GG,CC,CC,AA,AG,CC,AA,CC,AA,AG,NN,CG,AC,TT,AA,GG,AA,AA,AA,AA,AG,AA,AG,AA,TT,GG,AA,GG,AC,AC,CT,AA,AA,GG,GG,GG,GT,AA,AA,GG,TT,TT,AA,TT,GG,GG,AA,3.79,Susceptible,Low,Standard,Medium
L0825,Bengaluru Rural,Karnataka,Kharif,Red Sandy Loam,Rainfed,720,26.0,70,AA,CT,GG,AG,GG,CC,GG,TT,CC,CG,AA,CC,CG,NN,TT,GT,GG,TT,TT,AG,CC,TT,GT,CC,TT,CC,TT,AT,GG,AA,NN,CC,AA,CC,GG,GG,NN,CG,GG,CC,TT,TT,AA,TT,AG,AA,CT,AA,CC,AC,GG,AA,AA,CG,CT,GT,AA,AA,GT,AA,AA,TT,AT,AA,TT,TT,CC,GG,TT,GT,AG,GG,AC,AA,AG,AC,AT,GG,TT,NN,GG,GG,GT,CC,AA,GG,AA,AA,CC,TT,AC,TT,TT,TT,GT,GG,TT,CC,TT,CC,CC,CC,NN,AA,TT,TT,CC,AG,AA,AC,CC,GG,TT,CG,GT,AA,AA,TT,CC,AG,CC,GG,CC,GT,TT,AA,CC,CC,CC,CC,AA,TT,AC,AA,CC,CC,NN,TT,AA,AA,GG,CT,CC,GG,AG,AA,AA,CC,GG,CC,CC,AA,AG,GG,TT,AG,AC,GT,TT,GG,CC,GT,TT,TT,CC,AA,GT,TT,AA,AT,GG,CC,AA,CT,CC,CC,CG,AC,AA,GG,AA,CC,TT,CG,GT,TT,CC,AT,AA,AA,TT,AC,GG,AA,CC,CC,GG,GG,CC,GG,TT,AC,AG,CC,GG,AA,CC,AA,AT,GG,TT,AT,AT,CG,TT,AA,CC,AT,TT,AA,GG,AA,TT,AA,TT,CC,CT,AA,CC,CC,CC,AA,CG,AA,CC,TT,CC,GT,GG,TT,AC,AC,AG,GG,CC,CG,GG,CC,GG,AT,AA,CC,TT,GG,CC,CC,AA,AG,CC,AT,CC,AA,AA,AC,CC,CC,TT,AA,GG,AA,AA,AA,AA,GG,AA,AA,AA,TT,CG,AC,AG,AC,AA,TT,AG,AA,GG,GG,NN,TT,AT,AA,TT,TT,TT,AG,AA,GG,GG,AC,1.47,Resistant,Medium,Poor,Medium
L0826,Bengaluru Rural,Karnataka,Kharif,Red Sandy Loam,Rainfed,720,26.0,70,AA,TT,GG,AG,CG,CC,GT,AT,CC,CG,AA,CC,CC,TT,GT,GG,GG,TT,TT,AG,CC,TT,TT,CC,TT,CC,GG,TT,GG,AA,NN,CC,AA,CC,AG,GG,GG,CC,GG,CC,NN,CC,AC,TT,AG,GG,TT,TT,CC,AC,GG,TT,AG,GG,CC,TT,NN,AA,GT,AA,AA,TT,AT,AA,CT,AT,CC,GG,TT,GT,AA,GG,CC,AG,AG,AA,AA,GG,TT,TT,GG,GT,GG,CC,AA,GG,AA,AA,CC,TT,CC,TT,CT,TT,GT,GG,TT,CC,GT,CC,CC,CG,GG,AA,TT,TT,CC,AA,AG,AA,CT,GG,TT,CC,GT,AC,AA,TT,CC,AG,CG,AG,CC,GT,TT,AA,CC,CC,CC,CC,AA,TT,CC,AA,CC,CC,AA,TT,AA,AT,GG,CC,NN,GG,AA,GG,AA,CC,GT,CC,CC,AA,AA,GG,GG,GG,AC,TT,CC,NN,AA,GT,GG,TT,CC,AT,TT,TT,AT,AT,GG,CC,NN,CC,CC,CC,GG,CC,AA,GG,AG,CC,TT,CG,GG,TT,GG,AT,AA,AA,TT,CC,CG,AA,CC,CC,GG,GG,AC,GG,TT,AA,AA,CC,GT,AA,CC,AA,AT,GG,TT,AT,TT,CG,GT,AT,CC,TT,TT,AA,GG,AA,CT,AA,TT,CC,NN,AA,CC,TT,GG,AG,CG,AG,CC,TT,CT,GT,GG,TT,AA,AC,AA,GT,CC,CG,GG,CC,GG,AT,AA,CC,GT,GG,CC,CC,AA,GG,CG,AA,CC,AA,AA,AC,CG,NN,TT,AA,GG,AA,AA,AA,AA,GG,AG,GG,AA,TT,NN,AA,AG,CC,NN,CT,AG,AA,GG,GG,GG,TT,AA,AA,GT,TT,TT,GG,AT,GG,GG,AA,0.4,Moderate,Low,Poor,Medium
L0827,Bengaluru Rural,Karnataka,Kharif,Red Sandy Loam,Rainfed,720,26.0,70,AC,CT,GG,AA,GG,CC,GG,TT,CC,CC,AA,CT,CC,TT,TT,GG,GG,AT,TT,AG,CG,TT,TT,CT,TT,CC,TT,TT,GT,AA,CT,CC,AG,CC,GG,CG,GG,CG,GG,AC,TT,NN,AA,GT,AA,AG,CT,TT,CC,AC,GG,AA,AG,GG,CC,TT,AA,AA,TT,AC,AA,TT,AT,AA,TT,AT,CC,GG,TT,GG,AA,GG,CC,AA,GG,AA,AA,GG,GT,TT,GG,GG,GG,CC,AA,GG,AG,AA,CC,GT,CC,TT,TT,TT,NN,GG,CT,CC,TT,CC,NN,CC,AG,AA,TT,TT,CC,AA,AG,AA,CT,GG,TT,CG,GT,AA,AA,TT,CC,AG,CC,GG,CC,GT,CT,AA,CC,CC,CC,CC,AA,GT,AC,AA,CC,CC,AA,TT,AA,AA,GG,CT,CC,GG,AA,AG,AA,CC,GG,CC,CC,AA,GG,AG,TT,GG,AA,TT,TT,GG,AC,GT,TT,TT,CC,TT,TT,TT,AA,TT,GG,CC,AG,CC,CC,CC,CG,CC,AA,AG,AA,CC,TT,CC,GT,TT,GG,TT,AA,AA,TT,CC,GG,AA,CC,CC,GG,AG,AC,GG,TT,AA,AG,CC,GG,AA,CC,AA,TT,TT,TT,AT,AA,CG,GT,AT,CC,TT,GT,AA,GG,AA,CT,AA,TT,CC,CT,AC,CC,CT,GG,AA,CC,AA,CC,TT,CT,GT,CG,TT,AC,AC,AA,GG,CC,CC,GG,CC,GG,TT,NN,CC,GT,GG,CC,CG,AA,GG,CG,AA,CC,AA,AA,CC,CG,AC,TT,AA,GG,AA,AA,AC,AA,AA,AA,AG,AG,TT,GG,AC,AA,CC,AA,TT,AA,AG,CG,GG,GG,TT,AA,AA,TT,TT,TT,GG,AA,GG,CG,AA,5.18,Susceptible,Low,Poor,Late
L0828,Bengaluru Rural,Karnataka,Kharif,Red Sandy Loam,Rainfed,720,26.0,70,AA,TT,AG,AG,GG,CC,TT,TT,CC,GG,AT,CC,CC,TT,GT,GG,CG,TT,TT,AA,CC,TT,GT,CC,TT,CC,TT,AT,NN,AA,CT,CC,AA,AC,GG,GG,GG,CG,GG,CC,TT,TT,AC,TT,AA,AG,TT,TT,CC,AA,GT,AT,AA,GG,CC,TT,AA,CC,TT,AC,AG,TT,NN,AA,TT,AA,CC,GG,TT,GT,AA,GG,CC,AA,GG,AA,AT,GG,TT,TT,GG,GG,GG,CC,AA,GG,AA,AA,CG,TT,CC,GT,CC,TT,TT,GG,NN,CC,GG,CC,CC,NN,GG,AA,TT,TT,CG,AA,AG,AC,CC,GT,TT,CC,TT,AC,AC,TT,CC,GG,CC,GG,CT,GG,TT,AA,CC,CC,CC,CC,AA,TT,AC,AA,NN,CT,AA,TT,AA,AA,GG,TT,CC,GG,AG,AG,AA,CC,GG,CC,CC,AA,AG,GG,TT,GG,AA,TT,CT,GG,CC,GT,GT,TT,CG,AA,GT,TT,AA,AT,GG,CC,AG,CT,CC,CC,GG,CC,AA,GG,AA,CC,TT,CG,GG,GT,GG,TT,NN,AA,TT,CC,CG,CC,AC,CC,GG,GG,AA,GG,TT,AC,AA,CC,GT,AA,CC,AT,TT,GG,TT,TT,AA,CG,TT,AT,CC,TT,GG,AA,GG,AA,CT,AA,TT,CC,CT,AA,AC,TT,GG,AG,CC,AA,CC,AT,TT,TT,GG,TT,AC,AC,AA,GG,CC,CC,GG,CC,GG,AT,AA,CC,GT,GG,CC,CG,AA,AG,CC,AA,CC,AA,AA,CC,CC,CC,TT,NN,GG,AA,AA,AA,AA,AA,AA,AG,AA,TT,CC,AA,GG,CC,AA,NN,AA,AG,GG,NN,CG,TT,AA,AA,TT,TT,TT,AA,TT,GG,GG,AA,3.97,Susceptible,Medium,Standard,Late
L0829,Bengaluru Rural,Karnataka,Kharif,Red Sandy Loam,Rainfed,720,26.0,70,AC,TT,AG,AG,GG,CC,GG,TT,CC,NN,AA,CC,CG,TT,TT,GG,GG,TT,TT,GG,CC,TT,GG,CC,TT,CC,TT,TT,GT,AA,TT,CT,AA,CC,GG,CG,GG,CG,GG,CC,TT,NN,AC,TT,AA,AA,TT,AT,CC,CC,GG,AA,AA,GG,CC,GT,AA,AA,GG,AC,AA,TT,NN,AG,CT,TT,CC,GG,TT,GT,AA,GG,CC,AA,AG,AA,AT,GG,TT,TT,GG,GT,GG,CC,AT,GG,AA,AA,CC,TT,CC,TT,CT,TT,TT,GG,TT,CC,TT,CT,CC,GG,GG,AA,TT,TT,CC,AA,AA,AA,CC,GG,GT,CC,TT,AC,AA,TT,CC,AG,CC,GG,CC,GT,TT,AA,CC,CC,CC,CC,AG,TT,CC,AA,CC,CC,AA,TT,AA,AA,GG,CC,CC,AG,AA,AA,AA,CC,GG,CC,CC,AG,AG,GG,TT,AG,AA,TT,TT,GG,CC,TT,TT,TT,CG,AT,TT,TT,AA,TT,CG,CC,AG,CC,CC,CC,CG,CC,AA,GG,AA,CC,TT,CC,GG,TT,CG,AT,AA,AA,TT,CC,GG,AA,CC,CC,GG,GG,AC,GG,TT,AC,AG,CC,GG,AA,CC,AA,AA,GG,TT,AT,AT,GG,GG,AA,CG,AT,GT,AA,GG,AA,CT,AA,TT,CC,CT,AA,CC,CT,GG,AA,CG,AG,CC,TT,CC,TT,GG,TT,AA,CC,AA,GT,CC,GG,GG,CC,GG,TT,AG,CC,TT,GG,CC,CC,AA,GG,CC,AT,CC,AA,AA,CC,CC,AC,TT,AA,GG,AA,AA,AA,AA,AA,AA,AG,AG,TT,GG,AA,AA,CC,AA,CT,AG,AA,GG,GG,GG,GT,AA,AA,TT,TT,TT,AA,AT,CG,GG,AA,5.21,Susceptible,Low,Poor,Early
L0830,Bengaluru Rural,Karnataka,Kharif,Red Sandy Loam,Rainfed,720,26.0,70,CC,TT,AG,AA,GG,NN,GG,TT,CC,GG,AA,CC,GG,AT,TT,GT,GG,TT,TT,AG,CC,GG,GT,CC,TT,CT,TT,TT,GG,AA,TT,CC,AA,CC,GG,GG,GG,CG,GG,CC,TT,CT,AA,TT,AA,GG,TT,TT,CC,CC,GG,AA,AA,GG,CC,TT,AT,AC,GT,AC,AG,TT,AT,AA,TT,AT,CC,GG,TT,GT,AA,GG,AC,AA,AG,NN,AA,GG,TT,TT,AG,GG,GG,CC,AA,GG,AA,AA,CC,TT,CC,GT,CT,TT,TT,GG,TT,CC,TT,CC,CT,CG,AA,AA,NN,TT,CC,AA,GG,AA,CT,GG,GT,CG,TT,AA,AA,TT,CG,AG,GG,NN,CC,GG,TT,AA,CC,CC,CC,CC,AA,TT,CC,AA,CC,CC,AA,TT,AA,AA,GG,CC,CG,GG,AA,AG,AA,AC,TT,CC,CC,AG,AA,GG,TT,GG,AA,TT,TT,AG,AA,TT,GT,TT,CG,AA,GT,TT,AA,TT,GG,CC,AG,CT,CC,CC,GG,CC,AA,GG,AG,CC,TT,CC,TT,GT,GG,AT,AA,AA,GT,CC,GG,AA,CC,CC,GG,GG,AA,GG,CT,AC,AA,CC,GG,AT,AC,AA,AT,GT,TT,AT,TT,CG,TT,AT,CC,TT,GT,AA,GG,AA,TT,AC,TT,CC,CT,CC,CC,CT,GG,AA,CG,AG,CC,TT,CT,GT,GG,AT,AA,AC,AA,GT,NN,CG,GG,CC,GG,AA,AA,CG,TT,NN,CC,CG,AT,AG,CC,AA,CC,AA,AA,AC,GG,AC,AT,AA,GG,AA,AA,AA,AA,AG,AG,AA,AA,TT,GG,AA,AA,CC,AC,TT,AA,AA,GG,AG,CG,NN,AA,AA,GT,TT,TT,AG,TT,GG,CG,AA,3.06,Moderate,High,Standard,Medium
L0831,Bengaluru Rural,Karnataka,Kharif,Red Sandy Loam,Rainfed,720,26.0,70,AA,TT,GG,GG,CC,CC,GT,TT,CC,CG,AA,CC,CG,AT,TT,NN,GG,TT,TT,AA,CC,TT,GT,CC,TT,CC,GT,TT,GG,AA,TT,CC,AA,CC,GG,GG,GT,CG,GG,CC,TT,TT,AA,TT,AA,AG,TT,TT,CC,CC,GT,AA,AG,GG,CT,TT,AT,AA,GT,AC,AA,TT,TT,AG,TT,AT,CC,GG,TT,GG,AA,GG,CC,AA,AG,AC,AT,GG,TT,CT,GG,GG,GG,NN,AT,GG,AA,AA,NN,GT,CC,NN,CC,TT,GG,GG,TT,CC,TT,CC,CC,CC,AG,AA,AT,TT,CC,AA,AG,AA,CT,GG,TT,CC,TT,AC,AA,TT,CG,GG,CC,GG,CC,TT,TT,AA,CC,CC,CC,CC,AA,TT,CC,AA,CC,CT,AG,TT,AA,AA,GG,CC,CC,GG,AA,AA,AT,CC,GT,CC,CC,AA,GG,GG,TT,GG,AC,TT,CC,AG,AC,GT,TT,CT,CG,AA,TT,CT,AT,AT,GG,CC,AA,CC,CC,CC,CG,CC,AA,GG,AA,CC,TT,CC,GG,TT,GG,AT,AA,AA,TT,CC,GG,AA,AC,CC,GG,GG,AA,GG,TT,AA,AA,CC,GG,AT,CC,AA,AT,GG,TT,TT,AA,GG,GT,AT,CC,TT,TT,NN,GG,AA,CT,AA,TT,CC,TT,AA,CC,CT,GG,AG,CG,AG,AC,TT,TT,TT,CG,TT,AA,AC,AG,GG,CC,CC,GG,CC,GT,AT,AA,CC,TT,GG,CC,CC,AA,GG,CG,AA,CG,AA,AA,AC,CG,CC,TT,AA,GG,AA,AA,AA,AA,AG,AA,AG,AA,TT,GG,AA,AG,CC,NN,TT,AA,AA,GG,GG,GG,TT,AT,AA,GG,AT,AT,AA,TT,GG,CG,AA,3.2,Resistant,Medium,Poor,Late
L0832,Bengaluru Rural,Karnataka,Kharif,Red Sandy Loam,Rainfed,720,26.0,70,CC,TT,AG,AA,GG,CC,GT,NN,CG,CC,AA,CT,GG,TT,TT,GT,NN,TT,TT,AA,CC,GT,TT,CT,TT,CC,TT,AT,GG,AA,TT,CC,AA,CC,NN,GG,GG,NN,GG,CC,TT,CC,AA,TT,AA,GG,TT,TT,CC,AA,GT,AT,AA,GG,CT,GT,AA,AA,GT,AC,AA,NN,TT,GG,TT,TT,CC,GG,TT,GG,AG,GG,CC,AA,GG,AA,TT,GG,TT,NN,GG,GG,GG,CC,AA,GG,AA,AA,CC,GT,CC,TT,CC,AT,TT,GG,TT,CC,GT,CC,CT,CG,AA,AA,TT,TT,CG,AA,AG,AA,CT,GG,TT,GG,TT,AA,AC,TT,NN,AG,CC,GG,CC,GG,TT,AA,CC,CC,AC,CC,AA,TT,CC,AA,CC,CC,AA,AT,AA,AA,GG,TT,CC,GG,GG,GG,AA,CC,GT,GG,CC,AA,AG,AG,TT,AG,AA,TT,TT,NN,CC,TT,TT,CT,CC,AA,GT,TT,AA,AT,GG,CC,GG,CC,CC,CC,GG,CC,AA,AG,NN,CC,TT,CC,GG,TT,GG,AA,AA,AA,TT,AC,GG,AC,AC,CC,GG,GG,AC,GG,TT,AA,AA,CC,GT,AA,CC,AA,AT,GG,TT,TT,AA,CC,GT,AA,GG,TT,GT,AA,GG,AA,CT,AA,TT,CC,TT,AA,CC,TT,GG,AA,CC,AA,CC,TT,TT,GG,GG,TT,AC,AC,AA,GG,CC,CC,GG,CC,GG,TT,AG,CC,GT,GG,NN,CC,AA,GG,CC,AT,CC,AA,AA,AC,GG,AC,TT,AA,GG,AA,AC,AC,AC,GG,AG,AA,AA,TT,CG,AA,AG,CC,AA,CT,AG,AA,GG,GG,GG,TT,AA,AG,GT,TT,TT,AA,TT,GG,CG,AA,3.56,Resistant,Low,Premium,Early
L0833,Bengaluru Rural,Karnataka,Kharif,Red Sandy Loam,Rainfed,720,26.0,70,CC,TT,GG,AA,GG,CC,GT,TT,CC,CG,AA,CC,CG,AT,TT,GT,GG,TT,TT,AG,CC,TT,GT,CC,TT,CC,TT,TT,GT,AA,TT,CC,AG,CC,GG,GG,GG,CG,GG,CC,TT,CC,AC,TT,AA,AG,TT,AT,CC,AC,GG,AA,AA,GG,CT,TT,AA,AA,GG,AC,AG,GT,AT,GG,TT,TT,NN,GG,TT,TT,AA,GG,CC,NN,AA,AC,AA,GG,GT,TT,GG,GT,GG,CC,AA,GG,AA,AA,CC,TT,CC,TT,CC,AT,GG,AA,TT,CC,TT,CT,CT,GG,GG,AA,TT,GT,CC,AA,AG,AA,CC,GG,TT,CC,GT,AA,AA,TT,CC,GG,CC,GG,CC,GG,NN,AA,CC,CC,CC,CC,AA,TT,CC,AA,CC,CC,AA,AT,AA,AA,CG,CC,CC,AG,AA,AG,AA,AC,GT,CC,CC,AA,AA,AA,GT,GG,AA,GT,CT,GG,CC,GT,GT,TT,CG,AT,TT,CT,AT,TT,CC,CC,AG,CC,CC,CC,GG,CC,AA,GG,AG,CC,TT,CC,GG,TT,GG,AT,AA,AG,TT,CC,GG,AC,AA,CC,GG,GG,AC,GG,TT,AA,AA,CC,GG,AA,AC,AT,AT,GG,TT,TT,AA,GG,GT,AT,CG,AA,TT,AA,GG,AA,TT,AA,TT,CC,CT,AA,CC,CT,GG,AA,CG,GG,AC,TT,TT,TT,GG,TT,AC,AA,AG,GG,CC,CC,GG,CC,GG,AT,AA,CC,TT,GG,CG,CC,AT,AG,CC,AT,CC,AA,AA,CC,CG,CC,TT,AA,GG,AA,AA,AA,AA,GG,AG,AA,AA,TT,CG,AA,AA,AA,AA,TT,AA,AA,CG,GG,GG,TT,AA,AG,TT,TT,TT,AG,TT,GG,GG,AA,5.35,Moderate,Low,Premium,Early
L0834,Bengaluru Rural,Karnataka,Kharif,Red Sandy Loam,Rainfed,720,26.0,70,AC,CT,GG,GG,GG,CC,GT,AT,CC,CG,AA,CC,CC,TT,TT,GG,CG,TT,TT,AG,CC,GT,TT,CC,TT,CC,TT,AT,GT,AA,TT,CT,AA,CC,GG,GG,GG,CC,GT,CC,TT,CT,AC,TT,AA,AG,TT,TT,CG,AC,GG,AA,AG,GG,CC,GT,AA,AA,GT,AA,AA,TT,AA,AA,CT,TT,CC,GG,TT,GG,AA,GG,CC,AA,GG,AC,AT,GG,TT,TT,AG,GT,GG,CC,AA,GG,AA,AA,CG,GT,CC,TT,CC,TT,GT,GG,CT,CC,TT,CC,CT,CG,GG,AA,TT,TT,CC,AA,AG,AA,CT,GT,TT,CC,TT,AC,AA,TT,CG,AG,CG,GG,CT,GG,TT,AG,CC,CC,CC,CC,AA,TT,CC,AA,CC,CT,AA,AT,AA,AA,GG,CC,CC,GG,AA,GG,AA,CC,GG,CC,CC,AA,AA,AG,TT,GG,AC,TT,TT,AG,AC,TT,GT,TT,CC,AA,TT,TT,AT,TT,GG,CG,AA,CC,CC,CC,GG,AC,AT,GG,NN,CC,TT,CC,GT,TT,GG,NN,AA,AA,TT,AC,CG,AA,CC,CC,GG,GG,CC,GG,TT,AA,AA,CC,GG,AT,AC,AA,AA,GT,TT,AT,AT,CG,GT,AT,CC,AT,GT,AA,GG,AA,CT,AA,TT,CC,CT,AA,CC,TT,CG,NN,CC,AG,CC,TT,CT,TT,GG,TT,AC,CC,AG,GG,CC,GG,GG,CC,GG,AA,AA,CC,GT,GG,CC,CC,AA,NN,CG,AA,CC,AA,AA,AC,CG,AC,TT,AA,GG,AA,CC,AA,AA,AG,AG,AG,AA,TT,GG,CC,AA,CC,AA,CT,AA,AA,GG,GG,GG,TT,AA,AA,TT,TT,TT,AA,TT,CG,GG,AA,2.81,Susceptible,Low,Poor,Medium
L0835,Bengaluru Rural,Karnataka,Kharif,Red Sandy Loam,Rainfed,720,26.0,70,AC,TT,GG,AG,GG,CC,GG,NN,CC,CG,AA,CC,CC,TT,TT,GG,GG,TT,AT,AA,CC,TT,GG,CC,TT,CT,TT,TT,GG,AC,TT,CT,AA,CC,GG,CG,GG,CC,GG,CC,TT,CT,AA,GT,AA,AG,TT,TT,CC,AA,GG,AA,AA,GG,CC,TT,AA,CC,GG,NN,AG,TT,AT,AG,TT,TT,CC,GG,TT,GT,AA,GG,CC,AA,AG,AC,AA,GG,TT,TT,GG,GG,GG,CC,AA,GG,AA,AA,CC,GT,CC,TT,CT,TT,TT,GG,TT,AC,GT,CT,CT,CG,AG,AA,TT,TT,CC,AA,AG,AA,CC,GG,TT,CG,GT,AA,AA,TT,CG,AG,CG,GG,CC,GG,TT,AA,CC,CC,CC,CC,AA,TT,CC,AA,CC,CC,AA,TT,AG,AT,GG,CC,CC,GG,AA,AA,AA,CC,GG,CC,CC,AA,AA,AG,TT,GG,AC,GG,CT,AG,AA,GT,GT,TT,CC,AT,GT,TT,AT,AT,GG,CC,AA,CT,CC,CC,GG,CC,AA,GG,AA,CC,TT,CC,NN,TT,GG,AA,AA,AA,GT,CC,GG,AA,CC,NN,GG,GG,AA,GG,TT,AC,AA,CG,GG,AA,AC,AA,AA,GG,TT,TT,AA,CG,GG,AT,CC,TT,TT,AA,AG,AA,TT,AC,TT,CC,CT,AA,CC,TT,GG,GG,GG,AG,CC,TT,CT,GT,GG,TT,AA,CC,AG,GG,CC,CG,GG,CC,GG,AA,AG,CC,GT,GG,CC,CC,TT,GG,CC,AT,CC,AA,AA,AC,CC,AA,AT,AG,GG,AA,AA,AC,AA,AG,AA,AG,AA,AT,GG,CC,AA,CC,AC,TT,AG,AA,GG,GG,CG,TT,AT,AA,TT,TT,TT,AG,TT,GG,GG,AA,3.51,Susceptible,Medium,Poor,Early
L0836,Bengaluru Rural,Karnataka,Kharif,Red Sandy Loam,Rainfed,720,26.0,70,AC,TT,AG,AA,GG,CC,GT,TT,CC,CG,AA,CT,CC,AT,TT,GG,CC,TT,TT,GG,CC,GT,GT,CC,TT,CC,GT,AT,GT,AA,TT,CC,AA,AC,GG,GG,GG,CG,GG,CC,TT,CT,AA,TT,AA,AG,CT,TT,CC,AC,GG,AT,AG,GG,CC,TT,AT,AA,TT,AC,AA,TT,TT,AG,TT,TT,CC,NN,TT,GG,AG,GT,CC,AA,GG,AA,TT,GG,TT,TT,AG,GG,GG,CC,AA,GG,AA,AT,CC,GG,CC,TT,CC,TT,TT,GG,CT,CC,TT,CC,CT,CG,AG,AA,TT,TT,CC,AA,AA,AC,CC,GG,TT,CC,TT,AA,AA,TT,CG,AG,CC,GG,CC,GG,TT,AA,CC,CC,CC,CC,AG,TT,CC,AA,CC,CC,AA,TT,AA,NN,CG,CC,CC,GG,AG,AG,AA,AC,GG,CC,CG,AA,AG,GG,TT,GG,AA,GT,TT,GG,AC,TT,TT,TT,CC,AT,TT,TT,AT,TT,CC,CC,AA,TT,CC,CC,CG,CC,AA,GG,AG,CC,NN,CG,GG,TT,GG,AA,AA,AA,TT,CC,CG,AA,CC,CC,GG,GG,CC,GG,TT,AA,AA,CC,GG,AA,CC,AA,AT,GG,TT,AT,AA,CG,TT,AA,CC,TT,TT,AA,GG,AA,TT,AC,TT,CC,CT,AA,CC,CT,GG,AG,CC,AG,CC,TT,TT,GT,GG,TT,AA,AC,AG,GT,CC,CG,GG,CC,GG,AA,AA,CG,GT,GG,CG,CG,NN,GG,CG,AA,CC,AT,AA,AC,CG,AC,TT,AA,GG,AA,AA,AC,AA,GG,AA,GG,AA,AT,CG,AA,GG,AC,AA,CT,AA,AA,CC,AA,GG,TT,NN,AA,GG,TT,TT,AG,TT,GG,GG,AA,4.03,Susceptible,High,Poor,Late
L0837,Bengaluru Rural,Karnataka,Kharif,Red Sandy Loam,Rainfed,720,26.0,70,AC,TT,GG,AG,CG,CC,GG,TT,CC,CC,AA,CC,CC,AT,TT,GT,CG,NN,TT,AA,CC,GT,TT,CC,TT,CC,TT,TT,GT,AA,TT,CC,AA,CC,GG,GG,GG,CG,GG,CC,TT,CC,NN,TT,AA,GG,TT,AT,CC,AC,GG,AA,AA,GG,CC,TT,AT,AA,GT,AC,AA,TT,AT,AA,TT,AT,CT,GG,TT,GG,GG,GG,AC,AA,GG,NN,AA,GG,TT,TT,GG,GG,GG,CC,AA,GG,AA,AA,CC,GG,AC,TT,CC,TT,TT,GG,CT,NN,GT,CC,CT,CG,AA,AA,TT,TT,CG,AA,AA,AA,CT,GG,TT,CC,TT,AC,AA,TT,CC,AG,CC,GG,CC,GG,TT,AA,CC,CC,CC,CG,AA,TT,AC,AA,CC,NN,AA,NN,AG,AT,CG,CT,CG,GG,AA,AA,AA,CC,GG,CC,CC,AG,AG,GG,TT,GG,AA,TT,TT,GG,AC,GT,TT,TT,CC,AA,TT,TT,AA,TT,CC,CC,AA,CC,CC,CC,GG,CC,AA,GG,GG,CC,TT,CC,GT,TT,GG,AA,AA,AA,TT,CC,GG,AA,CC,CC,GG,GG,AC,GG,TT,CC,AA,CG,GT,AA,AA,AA,AA,GG,TT,AT,AA,CG,GT,AA,CG,AA,TT,AA,GG,AA,TT,AA,TT,CC,CC,AA,AC,TT,CC,GG,CC,AG,CC,TT,TT,GT,GG,TT,AA,AA,AG,GG,CC,CG,GG,CC,GG,AT,NN,CC,TT,GG,CC,CC,AA,AG,CG,AA,CC,AA,AA,AC,CC,AC,TT,AA,GG,AA,AA,AC,AA,AA,AA,GG,AA,TT,GG,AA,AG,AC,AA,CT,AA,AA,CG,GG,GG,TT,AT,AG,TT,TT,TT,AG,AT,GG,GG,AA,4.23,Susceptible,Low,Standard,Medium
L0838,Bengaluru Rural,Karnataka,Kharif,Red Sandy Loam,Rainfed,720,26.0,70,AC,TT,GG,AG,GG,CC,GG,AT,CC,CC,AA,CC,CG,TT,GT,GG,GG,TT,TT,AA,CC,TT,GT,CC,TT,CC,TT,TT,GT,AA,TT,CC,AA,CC,GG,GG,GG,CG,GG,CC,TT,CT,AA,GG,AG,GG,TT,TT,CC,CC,GT,AA,AG,GG,CC,TT,AT,AC,GG,CC,AA,TT,AA,GG,TT,TT,CC,GG,TT,GG,AA,GT,CC,AA,GG,AA,AA,GG,TT,TT,AG,TT,GG,CC,AA,GG,AG,AT,CC,TT,CC,TT,CT,AT,TT,GG,TT,CC,GT,CC,CC,GG,AA,AA,AT,TT,CC,AA,AA,AA,CT,GG,TT,CC,TT,CC,AA,TT,CC,GG,CC,GG,CC,GT,TT,AG,CC,CC,CC,CC,AA,TT,CC,AA,CC,CC,AA,TT,AG,AA,GG,CC,CC,GG,AA,NN,AT,CC,GT,CC,CC,AA,GG,AG,TT,AG,AC,TT,TT,GG,AC,TT,TT,TT,CC,AA,TT,CT,AA,TT,GG,CC,AG,CT,CC,CC,NN,CC,AA,AG,AG,CC,TT,CC,GG,TT,CG,AT,AA,AG,GT,AC,GG,AC,AC,CC,GG,GG,AA,GG,TT,AC,AA,CG,GT,AA,CC,AA,AA,GG,TT,TT,AA,GG,GT,AA,CC,AT,NN,AA,GG,AA,CT,AC,TT,CC,TT,AC,CC,TT,CG,AG,CC,AG,CC,TT,TT,TT,GG,TT,AA,AC,AG,GG,CC,CG,GG,CC,GG,AT,AG,CC,GT,GG,CC,CG,AA,GG,NN,AT,CG,AA,AA,AC,NN,AC,TT,AA,GG,AA,AA,CC,AA,AG,AG,AG,AA,TT,NN,AA,AA,AC,AC,TT,AA,AA,GG,GG,CG,GT,AA,AA,TT,TT,TT,AA,AT,GG,GG,AA,3.69,Susceptible,High,Premium,Medium
L0839,Bengaluru Rural,Karnataka,Kharif,Red Sandy Loam,Rainfed,720,26.0,70,AA,TT,GG,AA,GG,CC,GT,NN,CC,CG,AA,CT,CC,AT,GT,GG,CG,TT,TT,AA,CC,GT,GG,CC,TT,CC,TT,TT,GG,AA,TT,CT,AA,CC,GG,GG,GG,GG,GG,CC,TT,CT,AC,TT,AA,AG,CT,TT,CC,AC,GG,AA,AA,GG,CC,TT,AA,AA,GT,AC,AA,TT,AT,AA,TT,AT,CC,GG,TT,GT,GG,GT,CC,AA,GG,AA,AA,GG,TT,TT,GG,GG,GG,CC,AT,GG,AG,AA,CC,TT,AC,GT,CC,TT,TT,GG,TT,CC,GG,CC,TT,CC,GG,AA,TT,TT,CG,AA,AG,AA,CC,GT,TT,CC,TT,AC,AA,TT,CC,AG,CG,GG,CC,GG,CT,AG,CT,CC,CC,CC,AA,TT,CC,AC,CC,CT,AA,TT,AA,AT,GG,CC,CC,GG,AA,AA,AA,CC,GT,CC,CC,AA,AA,AG,TT,GG,AA,TT,CT,GG,CC,TT,TT,CT,CC,AA,TT,TT,AA,TT,GG,CC,AA,CT,CC,CC,GG,CC,AA,GG,AG,CC,TT,CC,GT,TT,CG,AT,AA,AA,TT,CC,GG,AA,CC,CC,GG,GG,CC,GG,TT,AC,AA,CC,GG,AT,CC,AA,AA,GT,GT,TT,AA,GG,GT,AT,CG,AT,GG,AA,NN,AA,CT,AA,TT,CC,TT,CC,CC,CT,GG,AG,CG,AG,CC,TT,TT,GT,GG,TT,AC,CC,AA,GG,CC,CG,GG,CC,GG,AT,AG,CC,GT,GG,CC,CC,AA,AG,CC,AA,CG,AA,AG,CC,CC,AC,TT,AA,GG,AA,AA,AA,AC,AG,AG,AA,AG,AT,GG,AA,AA,AA,AA,CT,AA,AA,GG,GG,GG,TT,AA,AA,TT,TT,TT,AG,TT,GG,CG,AC,2.45,Resistant,High,Standard,Medium
L0840,Bengaluru Rural,Karnataka,Kharif,Red Sandy Loam,Rainfed,720,26.0,70,CC,TT,GG,AG,GG,CC,GT,AT,CC,CC,AA,CC,CG,AT,TT,GG,GG,TT,TT,AA,CG,GT,GT,CC,TT,CC,GT,AT,GT,AA,TT,CC,AG,CC,GG,CG,GG,NN,GG,CC,TT,TT,AA,TT,AA,GG,NN,TT,CC,AC,GG,AT,AA,GG,CT,TT,AA,AA,GT,AA,AG,TT,AT,AG,CT,TT,CC,GG,TT,GG,AA,GG,CC,AA,GG,AA,AA,GG,TT,TT,GG,GT,GG,NN,AA,GG,AA,NN,CC,GG,CC,TT,CT,TT,TT,GG,TT,AC,GG,CC,CC,CC,AA,AA,AA,TT,CG,AA,AG,CC,CC,GG,TT,CG,TT,AA,AC,TT,CC,AG,CC,AG,CC,GT,CT,AG,CC,CC,CC,CC,AA,TT,AC,AA,CC,CC,AA,TT,AA,AT,GG,CC,CC,GG,AA,AA,AA,CC,GG,CC,CC,AA,GG,GG,GT,GG,AA,GG,CT,GG,CC,TT,GT,TT,CC,AT,TT,TT,AA,TT,CG,CC,AA,CT,AC,CC,GG,CC,AA,GG,AG,CC,TT,CC,GG,GT,GG,TT,AA,AA,TT,CC,CG,AA,CC,CC,GG,GG,AA,GG,TT,AA,AA,CC,GG,AA,AC,AA,AT,GG,TT,AA,AA,GG,GT,AA,CG,TT,TT,AT,GG,AA,TT,AA,TT,CC,TT,AA,CC,TT,GG,AG,CC,AG,CC,TT,TT,TT,GG,TT,AC,AC,AA,GG,CC,CC,GG,CC,GG,TT,AA,CC,GT,GG,CC,CC,AT,GG,CG,AT,CC,AA,AA,AC,CG,CC,TT,AA,GG,NN,NN,AA,AA,GG,AG,AA,AG,TT,GG,AA,AG,CC,AC,TT,AA,AA,GG,NN,GG,GT,AA,AA,GT,TT,NN,GG,NN,GG,GG,AA,1.88,Susceptible,Low,Premium,Early
L0841,Bengaluru Rural,Karnataka,Kharif,Red Sandy Loam,Rainfed,720,26.0,70,AC,CT,GG,AG,GG,CG,GG,TT,CC,CC,NN,CC,CG,TT,TT,GT,GG,TT,TT,AA,CC,GT,TT,CC,TT,CC,TT,TT,GG,AA,TT,CC,AA,CC,GG,CG,GG,CG,GG,CC,TT,CT,AA,GT,AG,AG,NN,TT,CC,AA,GG,AA,AA,GG,CC,GT,AT,AA,GG,AC,AG,TT,AT,AA,TT,TT,CC,GG,TT,GG,AG,GG,CC,AA,GG,CC,AT,GG,TT,TT,GG,TT,GG,CC,AT,GG,AA,AA,CC,GT,AC,TT,CC,TT,TT,GG,TT,CC,TT,CT,CC,CG,GG,AA,TT,TT,CC,AA,GG,AC,CT,GG,TT,CC,TT,AC,AA,NN,CC,AG,CG,GG,CC,GG,TT,AA,CC,CC,CC,CC,AA,TT,CC,AA,CC,CC,AA,TT,AG,AA,GG,CT,CC,GG,AA,AA,AA,CC,GT,CC,CC,AA,AA,GG,TT,GG,AA,TT,CT,GG,CC,TT,GT,TT,CG,AA,GT,CT,AA,TT,CG,CC,AA,CT,CC,CC,GG,CC,AA,GG,GG,CC,TT,CC,GT,NN,GG,AT,AA,AA,TT,CC,NN,AA,CC,CC,GG,GG,AC,GG,CT,AC,AA,CC,GG,AT,AC,AA,AT,GT,TT,AT,AT,NN,GT,AT,CC,TT,GT,AA,GG,AA,CT,AA,TT,CC,TT,AA,NN,TT,GG,AG,CC,GG,CC,TT,CC,TT,GG,TT,AA,AA,AG,GT,CC,CG,GG,CC,GG,AT,AG,CC,TT,GG,CC,CG,AT,GG,CC,AT,CC,TT,AA,AA,CC,AC,NN,AA,GG,AA,AA,AA,AC,AG,AA,AG,AA,TT,GG,AA,AA,CC,AC,CT,AG,AA,GG,GG,GG,TT,AA,AA,TT,TT,TT,AG,TT,GG,GG,NN,5.28,Susceptible,Medium,Premium,Early
L0842,Bengaluru Rural,Karnataka,Kharif,Red Sandy Loam,Rainfed,720,26.0,70,AC,TT,GG,AA,GG,CC,GG,AT,CC,CG,AA,CT,CC,TT,TT,GG,GG,TT,NN,AA,CC,TT,GT,NN,AT,CC,TT,TT,GG,AA,CT,CC,AA,CC,GG,GG,GG,CG,GG,CC,TT,CC,AA,TT,AA,AG,TT,TT,CC,CC,TT,AA,AG,GG,CC,GT,AA,AC,GT,AC,AA,GT,TT,AA,TT,AT,CC,GG,TT,GT,AG,GT,CC,AA,GG,CC,AA,GG,TT,TT,GG,GT,GG,CC,AT,GG,AA,AT,NN,TT,CC,TT,CC,TT,GT,GG,TT,CC,TT,CC,CT,CC,GG,AG,AT,TT,CC,AG,AA,AC,CC,GG,TT,CC,TT,AA,AA,TT,CG,AG,CG,AG,CC,GG,TT,AA,CC,CC,CC,CC,AA,GT,CC,AA,CC,CC,AA,AT,AG,AT,GG,CC,CC,AG,AA,GG,AA,AC,GG,CC,CC,AA,AG,GG,TT,GG,AC,GG,TT,GG,AC,GT,TT,TT,CC,AA,TT,CT,AA,TT,CG,CC,AA,CT,AC,CC,CG,CC,AA,GG,AA,CC,GT,CC,GT,GT,CG,TT,AA,AA,TT,CC,GG,AA,AC,CC,GG,GG,AC,GG,TT,AC,AA,CC,GG,AT,AC,AA,AT,GG,GT,TT,AA,CG,TT,AA,CC,AT,TT,AA,GG,AA,TT,AA,TT,CC,TT,AA,AC,TT,GG,AG,CC,AA,CC,TT,TT,TT,GG,TT,AA,AC,AG,GG,CC,GG,GG,CC,GG,AA,AA,CC,TT,GG,CC,CG,AA,AG,CC,AA,CC,AT,AA,AC,CG,AC,TT,AA,GG,AA,AA,AA,AA,NN,AA,AA,AA,TT,GG,AA,AA,CC,AA,CT,AA,AA,GG,GG,GG,TT,AA,NN,TT,AT,TT,AA,TT,GG,GG,AA,3.63,Susceptible,High,Poor,Early
L0843,Bengaluru Rural,Karnataka,Kharif,Red Sandy Loam,Rainfed,720,26.0,70,AA,TT,AG,AG,GG,CC,GT,TT,CC,CC,AA,CT,GG,TT,GT,GG,CG,TT,TT,AA,CC,TT,GT,CC,TT,CC,GG,TT,GG,AA,TT,CC,AG,CC,GG,GG,GG,CC,GG,CC,TT,TT,AA,TT,AA,AG,TT,AT,CC,AC,GT,AT,AA,GG,CT,TT,AA,NN,GG,AA,AG,TT,TT,AG,CT,AT,CC,GG,TT,GT,AG,GG,CC,AA,AA,AC,AT,GG,TT,TT,GG,GG,GG,CC,AA,AG,AA,AT,CG,GT,CC,TT,CT,TT,TT,AG,TT,CC,TT,CC,CT,CG,AG,AA,TT,TT,CC,AA,AG,AA,CC,GG,TT,CC,TT,AA,AA,TT,CC,AA,GG,AG,CT,TT,CT,AG,CC,CC,CC,NN,AA,TT,CC,AA,CC,CC,AA,TT,AA,AT,GG,CC,CC,GG,AA,AA,AA,CC,GG,CC,CC,AG,AA,GG,TT,GG,AC,TT,TT,GG,CC,GT,TT,CT,CC,AA,TT,TT,AA,TT,GG,CC,AG,CC,CC,CC,GG,CC,AA,GG,AA,CC,TT,CC,GG,TT,GG,TT,AA,AA,TT,CC,GG,AA,CC,CC,GG,GG,AA,GG,CT,AC,AA,CG,GG,AA,AA,AA,AA,GT,TT,AT,AA,GG,GG,TT,CG,AT,GG,AA,GG,AA,TT,AA,TT,CC,TT,AC,CC,TT,CG,AA,CG,AG,CC,TT,TT,TT,GG,TT,AC,AC,AG,GG,CG,CG,GG,CC,GG,AA,AA,CC,GT,GG,CG,CG,AA,GG,CG,AT,CC,AA,AA,AC,CG,CC,TT,AA,GG,AA,AA,AA,AA,GG,AG,AA,AG,TT,CG,AA,GG,AC,AC,CT,AA,AA,GG,AG,GG,TT,AA,AA,TT,AT,TT,AA,TT,GG,GG,AA,3.1,Susceptible,Low,Premium,Late
L0844,Bengaluru Rural,Karnataka,Kharif,Red Sandy Loam,Rainfed,720,26.0,70,AA,TT,GG,AA,GG,CC,GG,AT,CC,CG,AT,CC,GG,TT,TT,GG,CG,TT,TT,AA,NN,GT,TT,CC,NN,CC,TT,TT,GG,AA,TT,CT,AA,CC,GG,GG,GG,CC,GG,AC,TT,TT,AA,GT,AA,AG,TT,TT,CC,CC,GT,AA,AG,GG,CT,TT,AT,AC,GG,AC,AA,TT,TT,AG,CT,NN,CC,GG,TT,GT,AA,GG,CC,AA,GG,AC,AT,GG,TT,TT,GG,GG,GG,CC,AA,GG,AA,AA,CC,GT,CC,TT,CT,TT,GT,GG,TT,CC,GT,CC,CC,CC,AA,AA,TT,TT,CG,AA,GG,AA,CC,GG,TT,CG,TT,AC,AA,TT,CC,AG,NN,GG,CC,GG,TT,AA,CC,CC,CC,CC,AA,TT,CC,AA,CC,CC,AA,TT,AA,AT,CG,CC,CC,GG,AA,AA,AA,CC,GG,CC,CC,AA,AA,GG,TT,GG,AC,GT,TT,GG,CC,GT,GT,TT,CC,AA,GG,TT,AA,TT,GG,CC,AA,TT,CC,CC,CG,CC,AA,GG,AA,CC,TT,CC,GG,TT,GG,AT,AA,AA,TT,CC,GG,AC,AC,CC,GG,GG,AA,GG,TT,AC,AA,CC,NN,TT,CC,AT,AA,GT,TT,AT,AT,GG,GT,AA,CC,TT,GT,AA,GG,AA,TT,AA,TT,CC,TT,AA,AC,CT,GG,AA,CC,GG,CC,TT,TT,TT,GG,TT,AA,AC,AA,GG,CC,CG,GG,CC,GG,AT,GG,NN,GT,GG,CC,CC,AA,GG,CC,AA,CC,AA,AG,CC,CG,AC,TT,AA,GG,AA,AA,AA,AA,AG,AG,NN,AA,AT,CG,AC,AA,AC,AA,TT,AA,AA,GG,GG,GG,GT,AA,AA,TT,TT,TT,GG,TT,GG,CG,AA,4.64,Susceptible,Medium,Premium,Early
L0845,Bengaluru Rural,Karnataka,Kharif,Red Sandy Loam,Rainfed,720,26.0,70,AC,TT,GG,AA,GG,CC,GG,TT,CC,CG,AA,CT,CG,AT,TT,GT,GG,TT,TT,AA,CG,GT,GT,CT,TT,CC,TT,TT,GT,AA,CT,CC,AA,CC,GG,GG,GG,CG,GG,AC,TT,CT,AA,TT,AA,GG,NN,TT,CC,AA,GT,AA,AG,GG,CC,TT,AA,AC,GT,AA,AA,TT,TT,AG,TT,AT,CT,GG,TT,GG,AG,GT,CC,AA,GG,AC,AA,GG,TT,TT,NN,GG,GT,CC,AA,GG,AA,AA,CG,GT,CC,TT,CC,AT,GT,GG,CT,CC,GT,CC,CC,CG,AG,AA,TT,TT,CC,AA,AG,AC,CT,GG,TT,CG,TT,AA,AA,TT,CC,AG,CG,AG,CC,NN,CT,AA,CC,CC,CC,CC,AA,TT,CC,AC,CC,CT,AA,AT,AA,AA,GG,CC,CC,NN,AA,AG,AA,CC,GG,CC,CC,AA,AG,GG,TT,GG,AC,TT,TT,AG,CC,TT,TT,CT,CC,AT,GT,TT,AT,AT,GG,CC,AG,TT,AC,AC,GG,CC,AT,GG,AA,CC,TT,CC,GG,TT,GG,AT,AA,AA,TT,CC,GG,AA,AC,CC,GG,GG,AA,GG,CT,AC,AA,CC,GG,AA,CC,AA,AT,GG,TT,TT,AT,GG,GT,AT,CG,TT,GG,AA,GG,AA,TT,AA,TT,CC,CT,CC,CC,CT,CG,AG,CG,AG,CC,TT,TT,TT,GG,TT,AC,AC,AA,GG,CC,CC,NN,CC,GG,AT,AA,CC,GT,GG,CC,CG,AA,GG,CG,AT,CC,AA,AA,CC,CC,AA,TT,AA,GG,AA,AA,AA,AA,AG,AG,AA,AA,AT,GG,AA,AA,AC,AC,TT,AA,AA,GG,GG,GG,TT,AA,AA,TT,TT,TT,AG,AT,GG,CG,AA,4.85,Susceptible,High,Premium,Medium
L0846,Bengaluru Rural,Karnataka,Kharif,Red Sandy Loam,Rainfed,720,26.0,70,AC,CT,GG,GG,CG,CG,GG,AA,CC,CG,AA,CC,CG,TT,GG,GT,CG,TT,TT,AA,CC,GG,TT,CC,TT,CC,TT,TT,GG,AA,TT,CT,AA,CC,GG,GG,GG,CG,GG,CC,TT,CT,AC,NN,AA,GG,TT,TT,CC,CC,GG,AA,AA,GG,CC,TT,AA,AA,GT,AC,AA,TT,TT,AA,TT,AT,CC,GG,TT,GG,AG,GG,CC,AA,GG,AC,AA,GG,TT,TT,GG,GG,GG,CC,AA,NN,AA,AT,CC,GG,CC,TT,CT,TT,TT,GG,TT,CC,TT,CC,CC,CG,AG,AA,TT,TT,CC,AA,AG,AA,CC,GG,TT,CC,GT,AA,AA,TT,CC,AG,CC,GG,CC,GT,TT,AA,CC,CC,AC,CC,AA,TT,CC,AA,CC,CC,AA,AT,AG,AT,GG,CT,CC,GG,AA,AA,AT,CC,GT,CC,CC,AA,AA,GG,TT,AG,AC,TT,NN,GG,CC,GT,TT,TT,CC,AT,TT,CT,AA,AT,GG,CC,GG,CT,CC,CC,CC,CC,AA,GG,AA,CC,TT,CG,GT,GT,GG,TT,AA,AA,TT,CC,GG,AA,CC,CC,GG,GG,AC,GG,TT,AA,AA,CC,GG,AA,AC,AA,AT,GG,GT,TT,AT,GG,GT,TT,CG,AA,GT,AA,GG,AA,CT,AA,TT,CC,CT,AA,CC,TT,CG,AA,CG,AG,CC,AT,CT,TT,GG,AT,AA,AC,AA,GG,CC,CG,GG,CC,GG,AT,AA,CC,TT,GG,CC,CC,AA,GG,GG,AA,CC,AA,AA,AC,CC,AC,TT,AA,GG,AA,AA,AA,AA,AG,AA,AA,AA,TT,GG,AC,AG,CC,CC,TT,AA,AA,GG,GG,GG,TT,AA,AG,TT,TT,TT,AA,AT,GG,CG,AC,2.13,Resistant,High,Standard,Early
L0847,Bengaluru Rural,Karnataka,Kharif,Red Sandy Loam,Rainfed,720,26.0,70,AC,TT,GG,AG,GG,CC,GG,AT,CC,CC,AA,TT,GG,TT,TT,GG,CG,TT,TT,AA,CC,TT,GT,CT,AT,CC,TT,TT,GG,AA,TT,CC,AA,CC,GG,CG,GG,CC,GG,CC,TT,CT,AA,TT,AA,AG,TT,TT,CC,CC,GG,AA,AA,GG,CT,GT,AA,AC,GG,AA,AG,TT,AT,AG,TT,TT,CC,GG,TT,GG,AA,NN,CC,AA,GG,AC,AA,AG,TT,TT,GG,GG,GG,CC,NN,GG,AA,AA,CC,TT,CC,GT,CC,TT,GT,GG,CT,AC,GT,CC,CC,CC,AG,AA,TT,TT,CC,AA,AA,AA,CT,GG,TT,CC,TT,AA,AA,TT,CG,AA,CG,GG,CC,GG,CT,AA,CC,CC,AC,CC,AA,TT,CC,AA,CC,CC,AA,AT,AA,AA,GG,CC,CC,GG,AA,AG,AA,CC,GT,CC,CC,AA,AA,GG,TT,GG,AA,TT,TT,AG,NN,TT,TT,NN,GG,AA,GG,TT,AA,TT,NN,CC,AG,CT,CC,CC,CG,CC,AA,GG,AG,CC,GT,CC,GG,TT,GG,AT,AA,AA,TT,CC,CG,AA,AC,CC,GG,GG,AA,CG,TT,AA,AA,CG,GT,AA,CC,AA,AT,GT,TT,AT,AA,CG,GG,AA,CC,AA,TT,AA,GG,AA,CC,AC,NN,CG,TT,AC,CC,CT,GG,AA,CG,GG,CC,TT,CT,GT,GG,TT,AA,AA,AG,GG,CC,CC,GG,CC,GG,AT,AA,CC,TT,GG,CC,CG,AA,AA,GG,AA,CC,AA,AA,AC,CC,CC,TT,AA,GG,AA,AA,AC,AC,GG,AA,AA,AA,TT,CG,AC,AA,CC,AC,TT,AA,AA,GG,GG,GG,GT,AA,AA,TT,TT,TT,AG,AT,GG,GG,AA,5.0,Susceptible,Medium,Poor,Early
L0848,Bengaluru Rural,Karnataka,Kharif,Red Sandy Loam,Rainfed,720,26.0,70,AA,CT,AA,AG,NN,CC,GG,TT,CC,CG,AA,CC,CG,TT,TT,GG,CG,TT,TT,AA,CC,GT,GT,CC,TT,CC,GT,AT,GT,AA,TT,CC,AG,CC,AA,GG,GG,CG,GG,CC,TT,CC,AA,TT,AA,GG,TT,TT,CC,AC,GG,AA,AG,GG,CC,TT,NN,CC,GG,AA,AA,TT,AT,AA,CT,TT,CC,GG,TT,TT,AG,GG,CC,AA,GG,CC,AT,GG,TT,TT,GG,GT,GG,CC,AA,GG,AA,AA,CC,GT,CC,TT,TT,TT,TT,GG,TT,CC,GT,CC,CC,CG,GG,AA,AT,TT,CC,AA,AG,AC,CT,GG,TT,CC,GG,AA,AA,TT,CG,AG,CC,AG,CC,TT,TT,AA,CT,CC,CC,CC,AA,TT,CC,AA,CC,CC,AA,NN,AA,AA,GG,NN,CC,GG,AA,AG,AA,CC,GG,CC,CC,AA,AA,GG,TT,AG,AC,GT,CT,GG,CC,TT,TT,TT,CC,AT,TT,TT,AA,TT,GG,CC,AA,CC,CC,NN,CG,AC,AA,GG,GG,CC,TT,CC,GG,TT,CG,AT,AA,AA,TT,CC,GG,AA,CC,NN,GG,GG,AA,GG,TT,AC,AA,CG,GG,AA,AC,AA,AT,GG,TT,AT,AA,GG,GT,AT,CC,AA,TT,AA,GG,AA,CT,AA,TT,CC,TT,AA,CC,CT,GG,AG,CC,AA,NN,TT,TT,TT,CG,TT,AC,AC,AG,GT,CG,CG,GG,CC,GG,AT,AG,CC,GT,GG,CC,CC,AA,GG,CC,AA,CG,AA,AG,AC,GG,AA,TT,AA,GG,AA,AC,AC,AA,GG,GG,AA,AA,TT,CG,CC,AA,CC,AC,CC,AA,AA,GG,GG,GG,GT,AT,AA,TT,TT,TT,AG,AT,GG,GG,AC,2.94,Resistant,High,Standard,Late
L0849,Bengaluru Rural,Karnataka,Kharif,Red Sandy Loam,Rainfed,720,26.0,70,AA,NN,GG,AG,GG,CG,TT,TT,CC,CG,AA,CC,CG,TT,GT,GG,GG,TT,TT,AA,CC,GT,GT,CC,TT,CC,GT,TT,GG,AC,TT,CT,AA,CC,GG,CG,GG,NN,GG,CC,TT,TT,AA,GT,AA,AG,TT,TT,CC,AA,GG,AA,AG,GG,CC,GT,AA,AA,GT,AC,AG,GT,AT,AA,CT,TT,CC,GG,TT,GG,AG,GG,CC,AA,GG,AA,AA,GG,TT,TT,GG,GT,GT,CC,AA,GG,AG,AT,CC,GT,CC,TT,CT,TT,TT,AG,TT,AC,TT,CC,CC,CC,AG,AG,TT,NN,CG,AA,AA,AA,CC,GG,GT,CG,TT,AC,AA,TT,CC,GG,CC,AA,CC,GG,TT,AG,CC,CC,NN,CC,AA,TT,CC,AA,CC,CC,AA,TT,AA,AA,GG,CC,CC,GG,AA,AA,AA,CC,GG,CC,CG,AG,GG,GG,TT,GG,AC,NN,CT,GG,AC,TT,GT,TT,CG,AA,GT,TT,AA,NN,GG,CC,AG,TT,CC,CC,GG,CC,AA,GG,AG,CC,TT,CC,GT,GT,GG,AA,AA,AA,TT,CC,GG,AA,CC,CG,GG,GG,AC,GG,TT,AC,AA,CC,GG,AT,AC,AA,AA,GT,GT,TT,AA,CC,GT,AA,CG,TT,TT,AA,GG,AA,TT,AA,TT,CC,TT,AA,CC,TT,GG,AG,CG,GG,CC,AT,TT,TT,GG,TT,AC,CC,AA,GG,CC,CC,GG,CG,GG,AT,AG,CC,GT,GG,CG,CC,AA,GG,CC,AT,CC,AA,AA,AC,CG,AC,TT,AA,CG,AA,AC,AC,AA,GG,AA,AA,AA,TT,GG,AA,AG,AC,AA,TT,AA,AA,GG,GG,GG,TT,AT,AG,TT,TT,TT,AA,AT,GG,GG,AC,2.53,Resistant,High,Standard,Early
L0850,Bengaluru Rural,Karnataka,Kharif,Red Sandy Loam,Rainfed,720,26.0,70,AC,NN,GG,AG,GG,CC,GG,TT,CC,CC,AA,CC,CC,AT,GT,GG,CG,TT,TT,AA,CC,GT,GT,CC,TT,CC,TT,AA,GG,AA,TT,CC,AA,CC,GG,GG,GG,CC,GG,CC,TT,CT,AA,GT,AG,GG,TT,TT,CC,CC,GG,AA,AG,GG,CC,TT,AA,AA,GT,AA,AA,GT,TT,AA,TT,TT,CC,GG,TT,GT,AA,GG,CC,AA,GG,AC,AT,GG,GT,TT,GG,GT,TT,CC,AA,GG,AA,AA,CC,TT,CC,TT,TT,AA,TT,AG,TT,CC,GT,CC,CC,CC,AG,AG,AT,TT,CC,AA,AG,AC,CC,GG,TT,CG,TT,AA,AA,TT,CC,GG,CG,GG,CC,GT,CT,AG,CC,CC,CC,CC,AA,TT,CC,AA,CC,CC,AA,TT,AA,AT,GG,CC,CC,GG,AA,AA,AT,AC,GT,CC,CC,AA,AG,AG,TT,AG,AC,GG,TT,GG,CC,TT,GT,CT,CC,AT,TT,CT,AA,TT,GG,CC,AA,TT,CC,CC,CG,CC,AA,GG,AG,CC,TT,CC,GT,TT,CG,AA,AA,AG,TT,CC,CG,AA,CC,CC,GG,GG,AA,GG,TT,AA,AA,CC,GG,AA,AC,AA,AT,GG,TT,AT,NN,GG,GT,AT,CC,TT,GT,AA,GG,AA,TT,AA,TT,CC,TT,AA,CC,CT,CG,AA,CG,AG,CC,TT,TT,GG,GG,TT,AA,CC,AG,GG,CC,CG,GG,CC,GG,TT,AA,CC,TT,GG,CC,CC,AT,GG,CC,AT,CG,AT,AG,AC,CC,AC,TT,AA,NN,AA,AC,AA,AA,AA,AG,AA,AG,TT,GG,AA,AG,CC,AA,TT,AA,AG,GG,GG,GG,TT,AT,AA,TT,TT,TT,AA,AT,GG,GG,AC,2.78,Resistant,Medium,Premium,Medium
L0851,Bengaluru Rural,Karnataka,Kharif,Red Sandy Loam,Rainfed,720,26.0,70,NN,TT,GG,AA,CG,CC,GG,TT,CC,CG,AA,CT,CG,TT,TT,GG,CG,TT,TT,NN,CC,GT,GT,CC,TT,CT,TT,TT,GG,AA,CT,CT,AA,CC,GG,CG,GG,CC,NN,NN,TT,CT,AA,GT,AG,AG,TT,AA,NN,CC,GT,AA,AG,GG,CC,TT,AA,AC,GT,AC,AA,TT,TT,AA,CT,TT,CC,GG,TT,GG,AG,GG,CC,AA,GG,AA,NN,GG,TT,TT,GG,GT,GG,CC,AA,GG,AA,AA,CC,GT,CC,TT,CT,TT,TT,GG,CT,CC,TT,CC,CC,CC,AG,AA,TT,TT,CC,AA,AA,AA,CT,GG,TT,CC,GT,AA,AA,TT,CC,AG,CC,GG,CT,GG,TT,NN,CC,CC,AC,CC,AG,TT,CC,AA,CC,CC,AA,TT,AA,AA,GG,CT,CC,GG,AG,GG,AA,CC,GG,CC,CC,AA,AG,GG,TT,AG,AA,GT,CT,GG,NN,GT,TT,TT,CC,AT,TT,TT,NN,TT,GG,CG,AA,CC,AC,CC,GG,CC,AA,AG,AG,CC,TT,CC,GG,GG,GG,AT,AA,AA,TT,CC,CC,AA,AC,CC,GG,GG,AC,GG,TT,AA,AA,CC,GG,AA,AC,AA,AA,GG,TT,AT,AT,GG,GT,AA,CC,TT,TT,AA,GG,AA,CT,AA,TT,CC,TT,AA,CC,CT,GG,AG,GG,GG,CC,TT,TT,GT,GG,TT,AA,CC,AG,GG,CC,CG,GG,CC,GG,TT,AA,CC,TT,GG,CC,NN,AA,AG,CG,AA,CC,AA,AA,AC,CC,AA,TT,AA,GG,AA,AA,AC,AA,GG,AA,GG,AA,AT,CG,NN,AG,CC,AA,CT,AA,AA,GG,GG,GG,TT,AA,AA,TT,TT,TT,NN,AT,GG,GG,AA,5.26,Susceptible,Medium,Standard,Medium
L0852,Bengaluru Rural,Karnataka,Kharif,Red Sandy Loam,Rainfed,720,26.0,70,CC,TT,AA,NN,GG,CC,GT,AT,CC,CG,AT,TT,CC,TT,TT,GG,GG,TT,TT,AG,CC,TT,TT,CC,TT,CC,GT,TT,GG,AA,TT,CC,AA,CC,GG,CG,GG,CG,GG,CC,TT,TT,AA,TT,AA,GG,TT,TT,CG,CC,GG,AA,AA,GG,CC,NN,AA,AC,TT,AA,AG,GT,AA,AG,TT,AT,CC,GG,TT,GT,AG,GG,CC,AA,NN,AA,TT,GG,TT,TT,GG,GG,GT,CC,AT,GG,AA,AT,CC,GT,CC,TT,CT,AT,GT,GG,CT,CC,GT,CC,CT,CC,AG,AA,AT,TT,CC,AG,AG,AA,CC,GG,TT,GG,TT,AA,AA,TT,NN,GG,CG,GG,CC,GT,TT,AG,CC,CC,NN,CC,AA,TT,CC,AA,CC,CC,AA,AT,AA,AA,GG,CT,CC,GG,AA,AG,AA,CC,GG,CC,CC,AG,AG,AG,TT,GG,CC,TT,CT,GG,AA,TT,TT,TT,CC,AA,TT,CT,AA,AT,GG,CC,GG,CT,CC,CC,GG,AC,AA,GG,AA,CC,TT,CC,GG,TT,GG,TT,AA,AG,TT,CC,GG,AA,CC,CG,GG,GG,AA,CG,TT,AC,AA,CC,GG,AT,AC,AA,AT,GG,TT,AT,AA,GG,GT,AA,CG,AT,GT,AA,GG,AA,TT,AC,TT,CC,TT,AA,CC,TT,GG,AG,CC,AG,CC,TT,TT,TT,CG,TT,AA,AC,AG,GG,CC,CC,GG,CC,GT,AT,AA,CC,TT,GG,CC,GG,AA,GG,CG,AT,CG,AA,AA,AC,CG,CC,TT,NN,GG,AA,AA,AA,AA,AG,AA,AA,AA,TT,GG,AA,AG,CC,AA,CC,AA,AA,GG,GG,GG,TT,AT,AA,GT,TT,TT,AA,TT,GG,GG,AA,2.98,Susceptible,High,Poor,Medium
L0853,Bengaluru Rural,Karnataka,Kharif,Red Sandy Loam,Rainfed,720,26.0,70,AA,CC,GG,AG,GG,CC,GG,AT,CC,CC,AA,CC,CC,TT,TT,GT,CG,TT,TT,AA,CC,GT,TT,CT,TT,CC,TT,TT,GG,AA,CT,CC,AG,CC,GG,CG,GT,CC,GG,CC,TT,TT,AA,GG,AG,AG,TT,AT,CC,AA,GG,AA,AA,GG,CC,TT,AA,AA,GT,AA,AA,TT,AA,AA,CT,TT,CC,GG,TT,GG,AG,GT,CC,AA,GG,AA,TT,GG,TT,TT,GG,GG,GG,CC,AT,GG,AA,AA,CC,TT,AC,GT,CT,TT,TT,AG,TT,CC,GT,CC,CT,CG,AG,AA,TT,TT,CC,AG,AG,AC,CC,GG,GT,CG,TT,AA,AC,TT,CC,AG,CC,GG,CC,GT,TT,AG,CC,CC,CC,CC,AA,TT,CC,AA,CC,CT,AA,TT,AA,AA,GG,CT,CC,GG,AA,AG,AA,CC,GG,CC,CC,AG,AG,GG,TT,GG,AC,GT,TT,AG,AC,TT,TT,TT,CC,AT,TT,CT,AA,AT,GG,CC,GG,NN,CC,AC,GG,CC,AA,GG,GG,CC,TT,CC,GT,TT,CG,TT,AG,AG,TT,CC,GG,AA,AC,CC,GG,GG,CC,GG,TT,AC,AA,CG,GG,AA,CC,AA,NN,GG,TT,AA,AA,CG,GG,AT,CC,TT,GG,AA,GG,AA,TT,AA,TT,CG,TT,AA,CC,CT,GG,GG,CC,AG,CC,TT,TT,GT,CG,TT,AC,NN,AG,GG,CC,CG,GG,CC,GG,AA,AA,CC,TT,GG,CG,CG,AA,AG,CC,AT,CC,NN,AA,AA,CG,CC,AA,AA,GG,AA,AA,NN,AA,GG,AA,AG,AA,AT,GG,AA,AA,AC,AA,TT,AA,AA,GG,GG,GG,GT,AA,AA,TT,TT,TT,AA,TT,GG,GG,AA,3.07,Susceptible,Low,Poor,Medium
L0854,Bengaluru Rural,Karnataka,Kharif,Red Sandy Loam,Rainfed,720,26.0,70,AA,TT,AG,AG,GG,CC,GT,TT,CC,CC,AA,CC,CC,AT,TT,GG,GG,TT,TT,AA,CG,TT,GT,CC,TT,CC,TT,TT,GT,AA,TT,CC,AA,CC,GG,GG,GG,CC,GG,CC,NN,CT,AA,TT,AA,GG,TT,AT,CC,AC,GG,AA,AA,GG,CT,GT,AA,NN,TT,NN,AA,TT,AA,AA,CT,AT,CT,GG,TT,GG,AG,GG,CC,AA,AG,AC,AA,GG,TT,TT,GG,GT,GG,NN,AA,GG,GG,AA,CC,GT,CC,TT,TT,TT,TT,GG,CT,CC,GT,CC,CC,CC,AG,AA,TT,TT,CC,AA,AA,AA,CC,GG,TT,CC,TT,AC,AA,TT,CC,AG,CC,GG,CC,GG,TT,AA,CC,CC,CC,CC,AA,GT,CC,AA,CC,CT,AA,TT,AA,AA,GG,CT,CC,GG,AA,AA,AA,CC,GT,CC,CG,AA,AG,GG,TT,AG,AC,TT,TT,GG,CC,TT,TT,TT,CC,AA,TT,TT,AA,AT,GG,CC,AA,CC,CC,CC,GG,CC,AA,GG,AG,CC,TT,CC,GT,TT,CG,AT,AA,AA,TT,CC,GG,AC,CC,CC,GG,GG,AC,CG,TT,AC,AA,CC,GG,AA,CC,AT,AT,GG,GT,TT,AA,GG,GG,AT,CC,AT,GT,AA,GG,AA,CT,AA,TT,CC,TT,AC,CC,CT,CG,AG,CC,AG,CC,TT,TT,TT,GG,TT,AC,AC,AA,GG,CC,CG,GG,CC,GG,AT,AA,CC,TT,GG,CC,GG,NN,AG,CC,AT,CC,AA,AA,AC,GG,AC,TT,AA,GG,AA,AA,AC,AA,GG,AA,AG,AA,TT,CG,AC,AG,CC,AA,CC,AG,AA,CC,GG,GG,TT,AT,AA,TT,TT,TT,AG,TT,GG,GG,AA,3.27,Susceptible,Low,Premium,Early
L0855,Bengaluru Rural,Karnataka,Kharif,Red Sandy Loam,Rainfed,720,26.0,70,AA,CT,GG,AG,GG,CC,GT,TT,CC,CG,AA,CC,NN,AT,TT,GG,CG,TT,AT,AA,CC,TT,GG,CC,TT,CC,GT,TT,GG,AA,CT,CT,AA,CC,GG,GG,GG,CG,GG,CC,TT,CT,AA,TT,AG,GG,CT,TT,CC,AA,GG,AA,AG,GG,CT,TT,AA,AA,GT,AA,AA,TT,AA,AA,TT,TT,CC,GG,TT,GT,AG,GT,CC,AA,GG,AA,AT,GG,TT,TT,GG,GG,GT,CC,AA,GG,AA,AA,CC,GT,CC,TT,CT,TT,GT,AG,CT,CC,TT,CC,CT,CC,AG,AA,TT,TT,CC,AA,AA,AA,CC,GG,TT,CC,GT,AA,AA,TT,CC,AG,CC,GG,CC,GG,CT,AA,CC,CC,CC,CC,AA,TT,NN,AA,CC,CC,AG,TT,AA,AA,GG,NN,CC,GG,AA,AG,AT,AC,GG,CC,CC,AG,AA,GG,TT,GG,CC,GT,CT,GG,AC,TT,GT,CT,CC,AT,TT,TT,AT,AT,NN,CC,AA,CT,CC,CC,CG,CC,AA,GG,AG,CC,TT,CC,GG,TT,GG,AT,AA,AG,TT,CC,CG,AC,CC,CC,GG,GG,AC,GG,TT,AC,AA,CC,GG,AT,AC,AT,AA,GG,GT,AA,AA,GG,GT,AT,CC,TT,GT,AA,GG,AA,CC,AA,TT,CG,TT,AA,CC,TT,GG,AA,CC,AG,AC,TT,TT,GT,GG,TT,NN,CC,AA,GG,CC,CG,GG,CC,GG,AT,AA,CC,GT,GG,CC,CC,AA,GG,CC,AA,CC,AA,AA,CC,CG,AC,TT,AA,GG,AA,AA,AC,AA,AG,GG,AG,AA,TT,CG,AC,AA,AA,AA,TT,AA,AA,GG,GG,GG,TT,AA,AA,TT,TT,TT,AG,TT,GG,CG,AA,2.22,Susceptible,Low,Standard,Early
L0856,Bengaluru Rural,Karnataka,Kharif,Red Sandy Loam,Rainfed,720,26.0,70,AC,CT,GG,AA,CG,CG,GG,AT,CC,CC,AA,CC,CC,AT,TT,GG,CG,TT,TT,AA,CC,TT,TT,CC,TT,CC,TT,AT,GG,AA,TT,CC,AG,CC,GG,GG,GG,CG,GG,CC,TT,CT,AA,GT,AG,GG,TT,AT,CC,CC,GG,AT,AA,GG,CC,TT,NN,AA,GT,AC,AA,TT,NN,AA,TT,TT,CC,GG,TT,GG,AA,GT,CC,AA,GG,AC,AT,GG,TT,TT,GG,GG,GG,CC,AA,GG,AA,AA,CC,TT,CC,GT,CC,TT,TT,AG,TT,CC,TT,CC,CC,CG,AG,AA,AT,TT,CC,AA,AG,AA,CC,GG,TT,CC,TT,AA,AA,TT,CC,AG,CC,GG,CT,TT,TT,AA,CC,CC,CC,CC,AA,NN,CC,AA,CC,CC,AA,AA,AG,AA,GG,CT,CC,GG,AA,GG,AT,CC,GG,CC,CC,AA,AA,AG,TT,AG,AC,TT,CT,GG,CC,TT,TT,TT,CC,AT,TT,TT,AA,TT,GG,CC,AA,CC,CC,CC,CG,CC,AA,GG,AG,CC,NN,CC,GT,GT,GG,AT,AA,AA,TT,CC,GG,AA,AC,CC,GG,GG,AC,CG,TT,AA,AA,CC,GG,AA,CC,AA,AT,GG,TT,AT,AA,GG,GT,AA,CC,AA,TT,AA,GG,AA,TT,AC,TT,CC,CT,CC,CC,TT,GG,AG,CG,AG,CC,TT,TT,TT,NN,TT,AC,CC,AA,GG,CC,GG,GG,CG,GG,AT,NN,CC,GT,GG,CC,CC,AA,GG,CC,AA,CC,AT,AA,AC,CC,AA,TT,AG,GG,AA,NN,AC,AA,AG,AG,AA,AA,AT,GG,AA,NN,CC,AA,CT,NN,AA,GG,GG,GG,TT,AT,AA,GT,TT,TT,AG,TT,GG,GG,AA,4.18,Susceptible,Medium,Premium,Late
L0857,Bengaluru Rural,Karnataka,Kharif,Red Sandy Loam,Rainfed,720,26.0,70,AC,TT,GG,AA,GG,CC,GT,TT,CC,GG,AA,CT,CC,TT,TT,GG,GG,TT,TT,AA,CC,GT,TT,CC,TT,CC,TT,TT,GG,AA,TT,CC,AA,CC,AG,GG,GG,CG,GG,CC,TT,CT,AA,GT,AA,GG,TT,TT,CC,AC,TT,AA,AG,GG,CC,NN,AA,AA,GT,AC,AA,TT,AT,AA,TT,AT,CC,GG,TT,GG,AA,GG,CC,AA,GG,AC,AT,GG,TT,TT,GG,GG,GG,CC,AA,GG,AA,AT,CC,TT,CC,TT,CT,AT,TT,AG,TT,CC,NN,CC,CC,CC,AG,AA,TT,TT,CG,AA,AA,CC,CC,GG,TT,CC,TT,AA,AA,TT,CG,GG,CC,GG,CC,GG,TT,AA,CC,CC,CC,CC,AA,TT,AC,AA,CC,CC,AA,TT,AA,AT,GG,CC,CC,GG,AA,AG,AA,CC,GG,CG,CC,GG,GG,GG,TT,GG,AA,TT,CT,GG,AA,GT,GG,TT,CG,AT,TT,TT,AA,TT,CG,CC,AA,CC,CC,CC,GG,CC,AT,GG,AA,CC,TT,CG,GG,NN,NN,AT,AG,AA,TT,CC,CG,AC,AC,CC,GG,GG,AC,GG,TT,AC,AA,CC,GG,AA,CC,AA,AT,GG,TT,AA,NN,CG,GT,AT,CC,TT,GT,AA,GG,AA,TT,AA,TT,CC,TT,AC,AC,CT,GG,AG,CC,AG,CC,AT,CT,GT,GG,TT,AA,CC,AA,NN,CC,CC,GG,CC,GG,TT,AA,CC,GT,GG,CG,CC,AA,GG,CC,AA,CC,AA,AA,CC,CG,AC,TT,AA,GG,AA,AA,AA,AA,AG,AA,AA,AA,TT,GG,AC,AG,AC,AC,CT,AA,AA,GG,GG,GG,TT,AT,AG,TT,TT,TT,AG,AT,GG,GG,AA,2.17,Susceptible,Medium,Standard,Medium
L0858,Bengaluru Rural,Karnataka,Kharif,Red Sandy Loam,Rainfed,720,26.0,70,AC,TT,GG,AA,CG,CC,GT,TT,CC,CG,AA,CC,CC,TT,GT,GG,GG,TT,TT,AG,CC,TT,GG,CC,AT,CC,TT,TT,GT,AA,TT,CT,AA,AC,GG,NN,GG,CG,GG,CC,TT,CT,AC,TT,AA,AA,TT,TT,CC,AC,GG,AA,AA,GG,CC,TT,AA,AC,GG,CC,AG,TT,TT,GG,TT,AT,CC,GG,TT,GG,AA,GG,CC,AA,AG,AA,AA,GG,TT,TT,GG,GG,GT,CC,AA,GG,AA,AA,CC,GT,CC,TT,CC,TT,TT,GG,TT,CC,TT,CC,CC,CG,AA,AA,TT,TT,CC,AA,AA,AA,NN,GG,TT,NN,GT,AA,AA,TT,CC,GG,CC,AG,CC,GT,TT,AG,CC,CC,CC,CG,AA,TT,CC,AA,CC,CC,AA,TT,AA,AA,GG,CC,CC,GG,AA,GG,AA,AC,GG,CC,CC,AA,AG,GG,TT,GG,AC,TT,TT,GG,AA,GT,TT,TT,GG,AT,GG,TT,AA,TT,GG,CC,AA,CT,CC,CC,GG,CC,AA,GG,AG,CC,TT,CC,GT,NN,CG,TT,AA,AG,NN,CC,GG,AC,CC,CC,GG,GG,CC,CG,TT,AA,AA,CC,GG,AT,AC,AA,TT,GG,TT,TT,AT,GG,GT,AA,CC,AT,GT,AA,GG,AA,CC,AA,TT,CC,TT,AA,CC,CT,CG,AG,CC,AG,AC,TT,TT,TT,GG,TT,AC,AC,AA,GG,CC,CC,GG,CC,GG,AT,AG,CC,GT,GG,CC,CC,AT,GG,CC,AA,CC,AA,AA,AA,CC,AC,TT,AG,GG,AA,AA,AA,AA,AG,AG,GG,AA,TT,GG,CC,AG,CC,AA,CT,AA,AA,GG,GG,GG,GT,AA,AA,TT,TT,TT,AA,NN,GG,GG,AA,5.28,Susceptible,Medium,Poor,Late
L0859,Bengaluru Rural,Karnataka,Kharif,Red Sandy Loam,Rainfed,720,26.0,70,CC,TT,GG,AA,GG,CC,GT,TT,CC,CC,AA,CT,CG,AT,GT,GG,CG,TT,TT,AA,NN,TT,TT,CC,TT,CC,TT,TT,GG,AA,TT,CC,AA,CC,GG,CG,GG,CG,GG,AC,TT,TT,AA,TT,AA,GG,NN,TT,NN,CC,GT,TT,AA,GG,CC,TT,AA,AA,GT,AA,AA,TT,TT,GG,CT,TT,CC,GG,TT,GG,AG,GT,CC,NN,GG,AC,AA,GG,TT,TT,GG,GG,GG,CC,AA,GG,AA,AT,NN,GG,CC,TT,CT,TT,TT,GG,TT,AC,TT,CC,CT,CG,GG,AA,AT,TT,NN,AG,AG,AA,CT,GG,TT,CC,TT,CC,AA,TT,CG,GG,CG,GG,CC,GG,TT,AA,CC,CC,CC,CC,AA,TT,CC,AA,CC,CT,AG,TT,AA,AA,GG,CC,CC,GG,AG,AG,AA,CC,GG,CC,CG,AA,AA,AG,GT,GG,NN,TT,TT,GG,CC,GT,TT,TT,CC,AT,GT,TT,AA,TT,GG,CC,GG,CT,CC,CC,GG,CC,AA,GG,AG,CC,TT,CC,GT,TT,CG,AT,AA,AG,TT,CC,CG,CC,CC,CC,GG,GG,AC,CG,TT,AA,AA,CC,GG,AT,NN,AA,AA,GT,TT,TT,AA,CG,GG,AA,CC,TT,GT,AA,GG,AA,TT,AA,TT,CC,CT,AA,AC,TT,CG,AG,CC,GG,AC,TT,TT,GG,CG,TT,AA,CC,AA,GG,CC,CC,GG,CC,GT,TT,AA,CC,TT,GG,CC,CC,AA,GG,CC,AA,CC,AA,AA,CC,CC,AC,TT,AA,GG,AA,AA,AA,AA,AG,AA,AA,AA,TT,CG,AA,AG,CC,NN,CT,AA,AA,GG,GG,GG,TT,TT,AG,GT,TT,TT,AA,TT,GG,GG,AA,5.02,Susceptible,Medium,Standard,Medium
L0860,Bengaluru Rural,Karnataka,Kharif,Red Sandy Loam,Rainfed,720,26.0,70,AA,TT,GG,AG,GG,CC,GT,TT,CC,CG,AT,CT,CG,AT,GT,GG,CG,TT,TT,AA,CC,GT,GG,CC,TT,CC,TT,AT,GT,AA,TT,CT,AA,AC,GG,GG,GG,CG,GG,CC,TT,TT,AA,TT,AA,GG,TT,TT,CC,AC,GT,AT,AA,GG,CC,TT,AA,AC,NN,AA,AA,TT,TT,AG,TT,TT,CC,GG,TT,GT,AA,GG,CC,AA,GG,NN,AA,GG,TT,TT,GG,GT,GG,CC,AA,GG,AA,TT,CC,TT,CC,TT,CC,TT,TT,NN,TT,CC,TT,CC,CT,CC,AG,AA,TT,GT,CC,AA,AA,AA,CT,GT,TT,CC,TT,AA,AC,TT,CC,GG,CC,GG,CC,GG,TT,AA,CC,CC,CC,CC,AA,TT,CC,AA,CC,CC,AA,TT,AA,AA,GG,CC,CC,GG,AA,AA,AT,CC,GG,CC,CC,AA,AA,AG,GT,GG,AA,GT,CT,GG,AA,GT,GG,CT,CC,AT,TT,TT,AA,AA,GG,CC,GG,CC,CC,CC,CG,CC,AA,GG,AG,CC,TT,CG,GG,TT,CC,AT,AG,AG,TT,CC,GG,AA,CC,CC,GG,GG,AA,CG,CT,AC,NN,CC,NN,TT,AC,AA,AT,TT,GT,AT,AT,CG,GG,AT,CC,AT,GT,AA,GG,AA,TT,AC,TT,CC,TT,AC,NN,CT,CC,GG,CC,AG,CC,TT,TT,TT,GG,TT,AA,CC,AA,GG,CC,CC,GG,CC,GG,NN,AA,CC,TT,GG,CC,CC,AA,GG,CC,AA,CC,AA,AA,AC,CG,AA,TT,AA,GG,AT,AA,AA,AA,GG,AG,AA,AA,AT,GG,AA,AG,CC,AA,CT,AG,AA,GG,GG,GG,TT,AT,AA,TT,TT,TT,AA,TT,GG,GG,AA,5.34,Susceptible,High,Standard,Early
L0861,Bengaluru Rural,Karnataka,Kharif,Red Sandy Loam,Rainfed,720,26.0,70,AC,CT,AG,GG,GG,CG,GG,TT,CC,CG,AA,CC,CG,TT,TT,GG,CG,TT,TT,AA,CC,GG,GT,CC,TT,CC,TT,NN,GG,AA,CT,CC,AA,CC,GG,GG,GG,CG,GG,AC,TT,CT,AA,TT,AA,GG,TT,TT,CC,AC,GG,AT,AA,GG,CC,TT,AA,AC,GG,AA,AA,TT,AT,AG,CT,TT,CC,GG,TT,GT,AA,GG,CC,AA,AG,AC,AA,AG,TT,TT,GG,GG,GT,CC,AA,GG,NN,AA,CC,GT,CC,TT,CC,TT,TT,GG,CT,CC,GT,CT,CT,CG,GG,AA,TT,TT,CG,AA,AA,AA,CT,NN,TT,CG,TT,AA,AA,TT,CC,GG,CG,AG,CT,GG,CT,AG,CC,CC,CC,CC,AA,TT,CC,AA,AC,CC,AA,TT,AG,AA,CG,CT,CC,AG,AA,GG,AA,CC,GG,CC,CC,AA,AA,AG,TT,GG,NN,TT,CT,AG,CC,TT,TT,TT,CG,TT,TT,TT,AA,TT,GG,CC,AG,CT,CC,CC,CG,CC,AA,GG,AA,NN,TT,CC,GG,TT,GG,AT,AA,GG,TT,AC,CC,AC,CC,CC,GG,GG,AC,GG,TT,AA,AA,CC,GG,AA,AC,AA,AA,GT,NN,NN,AA,CG,GG,AA,CC,AT,GG,AA,GG,AA,CT,AA,TT,CC,TT,AA,CC,TT,GG,AA,CG,GG,CC,TT,TT,GT,GG,NN,AA,AC,AG,GG,CC,CG,GG,CC,GG,AT,AG,CC,TT,GG,CC,CC,AT,GG,CG,NN,CG,AA,AA,AC,CG,CC,AT,AA,GG,AA,AA,AC,AA,GG,AG,AA,AA,AT,GG,AA,AA,AC,AC,TT,AG,AA,GG,GG,CG,TT,AA,AA,TT,TT,TT,AG,AT,GG,GG,AA,5.69,Susceptible,Low,Premium,Early
L0862,Bengaluru Rural,Karnataka,Kharif,Red Sandy Loam,Rainfed,720,26.0,70,AA,TT,AG,AA,CG,CC,GT,TT,CC,CC,AA,CC,CC,AT,TT,GT,CG,TT,TT,AA,CC,GT,TT,CC,TT,CC,TT,AT,GG,AA,TT,CT,AA,AC,GG,GG,GT,CC,GG,CC,TT,CT,AA,TT,AG,GG,TT,TT,CC,CC,GG,AA,AA,CG,CT,TT,AA,AA,GG,AA,AA,TT,TT,GG,TT,AT,CC,GG,TT,GT,AA,GG,CC,AA,GG,AA,AT,GG,TT,TT,GG,GG,GT,CC,AA,GG,AA,AA,CC,GG,CC,TT,TT,AT,TT,GG,TT,CC,GG,CT,CC,GG,AA,AA,TT,TT,CG,AA,NN,AA,CT,GG,TT,CC,GT,AA,AA,TT,GG,GG,CC,GG,CC,GT,CT,AA,CT,CC,CC,CC,AA,TT,CC,AA,CC,CC,AA,TT,AG,AT,GG,CC,NN,GG,AA,AG,AA,CC,GG,CC,CG,AA,AA,GG,TT,GG,AC,GT,TT,GG,AC,GT,TT,TT,CC,AT,TT,TT,AA,AT,GG,CC,AA,CC,AC,CC,GG,CC,AA,GG,AG,CC,TT,CC,GG,TT,CG,AA,AA,AA,GT,CC,CG,AC,NN,CC,GG,GG,AA,GG,TT,AC,AA,NN,GG,AA,CC,AA,AT,GG,TT,TT,AA,CC,GG,AA,CC,TT,NN,AA,GG,AA,CT,AC,TT,CC,TT,AA,CC,TT,GG,GG,GG,AA,CC,TT,TT,TT,GG,TT,CC,CC,AG,GG,CC,CG,GG,CC,GG,AT,AA,CC,GT,GG,CC,CC,AT,AG,CG,AA,CC,AT,AA,AA,CG,AA,TT,AA,GG,AA,AA,AC,AA,GG,AG,AA,AA,AT,GG,AA,AA,AC,AC,TT,AA,AG,CG,NN,CG,TT,AA,AA,NN,TT,TT,AG,TT,GG,GG,AA,5.61,Moderate,Medium,Standard,Late
L0863,Bengaluru Rural,Karnataka,Kharif,Red Sandy Loam,Rainfed,720,26.0,70,AA,CT,AG,AA,GG,CC,GT,NN,CC,GG,AA,TT,CG,TT,TT,GT,GG,NN,TT,AA,CG,TT,TT,CC,TT,CC,TT,TT,GG,AA,TT,CT,AA,AC,GG,GG,GG,CC,NN,CC,TT,CT,AA,TT,AA,GG,TT,TT,CC,AC,GG,AT,AA,GG,CC,GT,AT,AA,GT,AA,NN,TT,TT,AA,CT,AT,CC,GG,TT,GG,AG,GG,CC,AA,GG,AA,AT,GG,TT,TT,GG,GG,GG,CC,AT,GG,AA,AT,CC,GT,CC,TT,CT,TT,TT,GG,TT,AC,GT,CC,CT,CC,AA,AA,TT,NN,CG,AA,AG,AA,CC,GG,TT,CG,GT,AA,AA,TT,CC,GG,CC,GG,CC,TT,TT,AA,CC,CC,CC,CC,AA,TT,CC,AA,CC,CC,AA,TT,AA,AT,GG,CT,CC,GG,AA,AA,AA,CC,NN,CC,CG,AA,GG,GG,TT,AG,CC,TT,CT,AA,CC,GT,TT,TT,CC,TT,TT,TT,AA,TT,GG,CG,AG,CT,CC,NN,GG,CC,AA,GG,AG,CC,TT,CC,GT,TT,GG,AT,AA,AA,TT,CC,GG,AA,CC,CC,GG,GG,AC,GG,TT,CC,AA,CC,GG,AA,CC,AA,AT,GG,TT,TT,AA,GG,GT,AA,CC,AT,GT,NN,GG,AA,CC,AA,AT,CC,CT,AA,CC,TT,CG,AG,CC,AA,CC,TT,TT,TT,GG,TT,AC,CC,GG,GT,CC,CC,GG,CC,GG,AA,AA,CC,TT,GG,CC,CG,AT,GG,CC,AA,CC,NN,AA,CC,CG,AC,TT,AA,GG,AA,AA,AA,AA,AG,AG,AG,AA,TT,GG,AA,AG,CC,AA,CT,AA,AA,GG,GG,GG,GT,AA,AG,GT,TT,TT,AA,TT,GG,GG,AA,4.0,Moderate,Medium,Premium,Late
L0864,Bengaluru Rural,Karnataka,Kharif,Red Sandy Loam,Rainfed,720,26.0,70,AC,TT,GG,AG,CG,CC,NN,TT,CC,CG,AA,CT,CC,TT,TT,GG,GG,TT,NN,AA,CC,TT,GG,CC,AT,CC,GT,TT,NN,AA,TT,CC,AA,CC,GG,GG,GG,CC,GG,CC,TT,CT,AC,TT,AA,AG,CT,TT,CC,AC,GT,AT,AA,GG,CC,TT,AT,AC,GT,AC,AG,TT,AT,AA,TT,AT,CC,GG,TT,GG,AG,GG,CC,AA,GG,AA,AT,AG,TT,TT,GG,GG,GG,CC,AA,GG,AA,AA,CC,GT,CC,TT,CC,AT,TT,GG,TT,CC,GT,CC,CC,CG,AG,AA,AT,TT,CC,AA,AG,AA,CC,GG,TT,CC,NN,AA,AA,TT,CC,GG,CG,GG,CT,GG,CT,AG,CC,CC,CC,CC,AA,TT,AC,AA,CC,CT,AA,TT,AA,AA,GG,CC,CC,AG,AA,AA,AT,CC,GG,CC,CC,AG,AG,AG,TT,AG,AC,TT,TT,GG,AC,GT,TT,TT,NN,AA,GT,TT,NN,TT,GG,CC,AG,CC,CC,CC,CG,CC,AA,GG,AA,CC,TT,CC,GG,TT,GG,AT,AA,AA,TT,CC,GG,AA,CC,CC,GG,GG,AA,GG,TT,AA,AA,CC,GG,AA,CC,AA,AT,TT,TT,TT,AT,CG,GG,AT,GG,AT,GG,AA,GG,AA,CT,AA,TT,CC,CT,AC,CC,TT,GG,AG,GG,AG,CC,AT,CC,GT,GG,TT,AA,CC,AA,GT,CC,CG,GG,CC,GG,TT,AA,CG,GT,GG,CC,CG,AA,AG,CC,AA,CC,AA,AA,CC,GG,CC,TT,AA,GG,AA,AA,AC,AA,GG,GG,AA,AA,TT,GG,AA,AA,CC,AA,CT,AA,AA,CG,GG,GG,TT,AA,AG,NN,TT,TT,AA,TT,GG,CG,AA,2.61,Susceptible,Low,Poor,Medium
L0865,Bengaluru Rural,Karnataka,Kharif,Red Sandy Loam,Rainfed,720,26.0,70,NN,TT,GG,AA,GG,CG,GT,AT,CC,CG,AA,CT,CC,AA,TT,GG,CG,TT,TT,AA,CG,TT,TT,CC,TT,CC,GT,AT,GG,AA,TT,CT,AG,AC,GG,GG,GG,CC,GG,CC,TT,CT,AA,TT,AA,AA,TT,TT,CC,AC,GT,AA,AG,GG,CC,TT,AT,AA,GT,AA,AA,TT,TT,AG,TT,AT,CC,GG,CT,GG,AA,GG,CC,AA,GG,AC,AT,NN,GT,CT,GG,GT,GT,CC,AA,GG,AA,AA,CG,GG,CC,TT,TT,TT,TT,GG,TT,CC,TT,CC,CC,CC,AG,AA,TT,TT,CG,AA,GG,AA,CC,GG,TT,CC,TT,AA,AC,TT,CC,AA,CG,GG,CC,GG,TT,AA,CT,CC,CC,CC,AA,GT,CC,AA,CC,CC,AA,TT,AA,AA,GG,NN,CC,GG,AA,AG,AA,AC,TT,CC,CG,AG,AG,GG,TT,AG,AA,TT,TT,AG,CC,TT,TT,CT,CC,AA,GT,CT,AA,TT,GG,CC,AA,CC,CC,CC,CG,CC,AA,GG,AA,CC,TT,CC,GT,GT,CG,TT,AA,AA,TT,CC,GG,AC,CC,CC,GG,GG,AC,GG,TT,CC,AA,CC,GG,AA,AC,AA,AA,GT,GT,AT,AT,CG,GT,NN,CG,TT,GT,AA,GG,AA,CT,AA,AT,CC,CT,AA,AC,CT,GG,AA,CG,AA,CC,AT,TT,NN,GG,TT,AC,CC,AA,GG,CC,CG,GG,CC,GG,TT,AA,CC,TT,GG,CC,CC,AA,AG,CG,AA,CC,AA,AA,AC,GG,AC,TT,AA,GG,AA,AA,AC,AA,GG,AG,AA,AA,TT,GG,AA,NN,AC,NN,TT,AG,AA,GG,GG,CG,TT,AA,AG,TT,TT,TT,AG,TT,GG,GG,AA,3.25,Susceptible,High,Poor,Early
L0866,Bengaluru Rural,Karnataka,Kharif,Red Sandy Loam,Rainfed,720,26.0,70,AC,TT,AA,GG,GG,CG,GG,AT,CC,CG,AA,CC,CC,TT,GT,GG,GG,TT,AT,AA,CC,TT,GT,CC,AT,CC,TT,TT,GG,AA,TT,CT,AA,CC,GG,GG,GG,CC,GG,CC,TT,CC,AC,GT,AA,GG,TT,TT,CC,AC,GG,AA,AA,GG,CC,GT,AA,AA,GT,AA,AG,TT,AT,AG,NN,TT,CC,GG,TT,GG,AG,GG,CC,AA,GG,AA,AT,GG,GT,TT,GG,NN,GG,CC,AA,GG,AA,AA,CC,TT,AC,TT,CC,TT,TT,GG,TT,AC,TT,CC,CT,CC,GG,NN,TT,TT,CG,AA,AG,AC,CC,GG,GT,CG,TT,AA,AA,AT,CC,GG,CC,GG,CC,GG,NN,AG,CT,CC,CC,CC,AA,TT,CC,AA,CC,NN,AA,TT,NN,AA,GG,CC,CC,GG,AA,AG,NN,CC,GG,CC,CG,AA,AA,GG,TT,GG,AA,TT,CT,GG,AC,GT,GT,CT,CG,AT,TT,CT,AA,TT,GG,CC,AA,CT,CC,CC,CC,CC,AA,GG,AG,CC,TT,CC,GG,GG,CG,TT,AA,AA,TT,CC,GG,AA,CC,CC,GG,GG,AA,CG,TT,AA,AA,CC,GT,AA,CC,AA,AT,GG,GT,TT,AA,GG,GT,AT,CC,TT,GT,AA,GG,AA,TT,AC,TT,CC,CT,AA,CC,TT,CC,GG,CG,AG,CC,TT,TT,GT,GG,TT,AA,CC,AG,GG,CC,CC,GG,CC,GG,AT,AA,CC,GT,GG,CC,CC,AA,AG,CC,AA,CC,AT,AA,AC,CG,AC,TT,AA,GG,AA,AA,AC,AA,GG,AG,AA,AA,TT,GG,AA,AG,CC,AA,CT,AA,AG,CG,GG,GG,TT,AA,AA,GT,TT,TT,GG,TT,GG,CG,AA,4.43,Moderate,Medium,Standard,Early
L0867,Bengaluru Rural,Karnataka,Kharif,Red Sandy Loam,Rainfed,720,26.0,70,AC,TT,NN,AA,GG,CC,GG,TT,CC,CG,AA,CC,CG,AT,TT,GT,CG,TT,TT,AG,CC,GT,TT,CC,TT,CC,TT,TT,GG,AA,TT,CC,AA,CC,GG,CG,GG,CC,GG,CC,TT,CT,AA,TT,AA,AG,TT,AT,CC,AA,GG,AA,AA,GG,CT,TT,AA,NN,TT,AC,AA,TT,AT,AA,TT,TT,CC,GG,TT,GT,AG,GT,AC,AA,GG,AA,AA,GG,TT,TT,GG,GG,GG,CC,AT,GG,AA,AT,CC,GT,NN,TT,TT,TT,GT,GG,NN,AC,TT,CC,CC,CG,AG,AA,TT,TT,CC,AA,AG,AA,CC,GG,TT,CG,TT,AA,AA,TT,CC,GG,CC,GG,CC,GT,TT,AG,CC,CC,CC,CC,AG,TT,CC,AA,CC,CT,AA,TT,AA,AT,GG,CT,CC,GG,AG,NN,AA,CC,GT,CC,CC,AA,AA,GG,GT,AG,AA,GT,CT,GG,AC,GT,GT,TT,CC,TT,TT,TT,AA,TT,GG,CC,AA,CC,CC,CC,GG,CC,AA,GG,AA,CC,TT,CC,GT,GT,GG,TT,AA,AG,TT,NN,GG,AC,CC,CC,GG,GG,AC,CG,TT,AA,AA,CG,NN,TT,AC,AT,AA,GG,GT,TT,TT,CG,GG,AA,CC,AT,GT,AA,GG,AA,CT,AA,TT,CG,CT,AA,CC,CT,GG,AG,CG,AG,CC,TT,CC,GT,GG,TT,AC,AC,AA,GG,CC,CC,GG,CC,GG,NN,AA,CC,TT,GG,CC,CG,AA,AG,CC,AA,CC,AT,AA,AC,CC,AA,TT,AA,GG,AA,AA,AC,AA,AG,GG,AA,AG,TT,GG,CC,AG,AA,AA,CT,AG,AA,GG,GG,GG,TT,AT,AA,TT,TT,TT,AA,TT,GG,GG,AA,5.96,Susceptible,Low,Poor,Medium
L0868,Bengaluru Rural,Karnataka,Kharif,Red Sandy Loam,Rainfed,720,26.0,70,AC,CT,GG,AA,GG,CC,GT,TT,CC,CG,AA,CT,GG,TT,TT,GT,GG,TT,TT,NN,CC,TT,GT,CC,TT,CC,TT,AT,GG,AA,CT,CT,AA,CC,GG,GG,GG,CC,GG,CC,TT,CT,AA,TT,AA,AA,TT,AA,CC,AC,GG,AA,AA,GG,CC,TT,AA,AC,GT,AA,NN,TT,TT,AA,TT,AT,CC,GG,CT,GG,AA,NN,CC,AA,AA,AC,AA,GG,TT,CT,GG,GG,GT,CC,AT,GG,AG,AA,CC,GT,CC,TT,CC,AT,GT,GG,TT,CC,TT,CC,TT,CG,AA,AA,TT,GT,CC,AA,AA,AC,CC,GG,TT,CC,GT,AA,AA,TT,CC,GG,CC,GG,CT,GT,TT,AA,CT,CC,CC,CC,AA,TT,CC,AA,CC,CC,AA,AT,AA,AA,GG,CC,CC,GG,AA,GG,AA,CC,GG,CC,CC,AA,AA,GG,TT,GG,AA,TT,TT,AG,AA,TT,TT,TT,CC,AA,TT,TT,AA,AT,GG,CC,AA,CT,CC,CC,CG,CC,AA,GG,AG,CC,TT,CC,GT,TT,GG,TT,AA,AA,TT,CC,CG,AC,AC,CC,GG,GG,AA,GG,TT,AC,AA,CC,NN,AA,AC,AA,AA,GG,GT,AT,AA,CG,NN,AT,CC,TT,TT,NN,GG,AA,CT,AA,TT,CC,TT,AA,AC,TT,GG,AG,CC,AG,CC,TT,TT,TT,GG,TT,CC,CC,AA,GT,CG,GG,GG,CC,GG,AT,AG,CC,TT,AG,NN,CG,AA,GG,CC,AT,CC,AA,AA,AC,CC,CC,TT,AA,GG,AA,AA,AA,AA,GG,GG,AA,AG,AT,CG,AA,AG,CC,NN,TT,AG,AA,CG,NN,GG,TT,AA,AG,GT,TT,TT,AG,TT,CG,CG,AA,5.32,Moderate,Medium,Poor,Early
L0869,Bengaluru Rural,Karnataka,Kharif,Red Sandy Loam,Rainfed,720,26.0,70,AC,TT,AG,AA,CG,CC,GG,TT,CC,CC,AT,CC,NN,AT,TT,GG,GG,TT,AT,AA,CC,TT,GT,CC,TT,CC,TT,TT,GG,AA,TT,CC,AA,CC,GG,CG,GG,CG,GG,CC,NN,CC,AA,TT,AA,AA,TT,TT,CC,AC,GG,AA,AA,GG,CC,GT,AT,AA,GT,AA,AA,TT,TT,AA,CT,NN,CC,GG,TT,GG,AA,GG,CC,AA,GG,AA,AA,GG,TT,TT,GG,NN,GG,CC,AA,GG,AA,AA,CC,TT,CC,TT,CC,TT,GG,AG,TT,AC,TT,CC,CC,CG,GG,AA,TT,TT,CC,AA,GG,AA,CC,GG,TT,CC,NN,AA,AA,TT,CG,GG,CG,GG,CC,GG,CT,AG,CC,CC,CC,CC,AA,TT,AA,AA,CC,CC,AA,TT,AA,AA,GG,NN,CC,GG,AA,AA,AA,AC,GG,CC,CC,AA,GG,GG,TT,GG,AA,TT,TT,GG,AC,TT,TT,CT,CC,AA,GT,CT,AT,TT,CG,CC,AA,CC,CC,AC,GG,CC,AA,GG,AG,CC,TT,CC,GG,GT,NN,AA,AA,AA,TT,CC,GG,AA,CC,NN,GG,AG,CC,GG,TT,AC,AA,CC,GG,AA,CC,AA,AA,GG,TT,TT,AA,GG,GT,AT,CG,AT,TT,AT,GG,AA,TT,AA,TT,CC,CT,AC,AA,TT,GG,AG,CC,AG,CC,TT,TT,GT,GG,AT,CC,CC,AG,GG,CC,CG,GG,CC,GG,AT,AA,CC,TT,GG,CC,CC,AA,GG,CC,AA,CG,AA,AA,AC,CC,AC,TT,AA,GG,AA,AA,AC,AA,GG,AG,AA,AG,TT,GG,AA,AG,AC,AA,TT,AA,AG,GG,GG,CG,TT,AT,AG,TT,TT,TT,AA,AT,GG,GG,NN,3.82,Resistant,Medium,Poor,Early
L0870,Bengaluru Rural,Karnataka,Kharif,Red Sandy Loam,Rainfed,720,26.0,70,AC,CT,GG,GG,GG,CC,GG,TT,CC,CC,AA,CC,CG,TT,GT,GG,CG,TT,TT,AG,CC,GT,GT,CC,TT,CC,TT,TT,GG,AA,CT,CT,AA,CC,GG,GG,GG,CC,GG,CC,TT,TT,AA,TT,AA,AG,TT,AA,CC,CC,GG,AA,AG,GG,CC,TT,AA,AC,GG,AA,AG,TT,TT,AA,TT,TT,CC,GG,TT,GT,AA,GG,AC,AA,GG,AC,AA,GG,GT,TT,GG,GG,GG,CC,AA,GG,AA,AA,CC,GT,AC,TT,CC,TT,TT,GG,TT,NN,TT,CC,CC,CC,AG,AA,TT,TT,CG,AA,GG,AA,CT,GG,TT,CC,GT,AC,AA,TT,CC,GG,CC,GG,CC,GG,TT,AA,CC,CC,CC,CC,AA,TT,CC,AA,CC,CC,AA,TT,AA,AA,GG,CT,CG,GG,AA,AG,AA,CC,GG,CC,CC,AA,AA,GG,TT,GG,AC,TT,CT,GG,CC,NN,TT,CT,CC,AT,GT,CT,NN,TT,GG,CC,AA,TT,CC,CC,CG,AC,AA,GG,AA,CC,TT,CC,TT,TT,CG,TT,AA,AG,TT,CC,GG,AA,CC,CC,CG,NN,AC,GG,TT,AA,AA,CG,GG,AA,AC,AA,AT,GT,TT,AT,AT,CG,GT,AA,CG,TT,GT,AA,GG,AG,TT,AA,TT,CC,TT,AA,AC,TT,GG,AA,GG,AG,CC,TT,CT,GT,GG,TT,AA,AC,AG,GG,CC,CC,GG,CC,GG,AT,AA,CG,TT,GG,CC,CC,AT,GG,CC,AA,CC,AT,AA,AC,CG,CC,AT,AA,GG,AA,AA,CC,AA,GG,AA,AG,AA,AT,GG,AA,AG,AC,AA,TT,AA,AG,CG,GG,GG,GT,AT,AA,TT,TT,TT,AG,TT,GG,GG,AA,5.3,Susceptible,High,Poor,Late
L0871,Bengaluru Rural,Karnataka,Kharif,Red Sandy Loam,Rainfed,720,26.0,70,AA,CT,GG,AA,GG,CG,GG,TT,CC,CG,AA,CT,CC,AT,TT,GG,CG,TT,TT,AA,CC,TT,TT,CC,TT,CC,TT,AT,GG,AC,TT,CT,AA,CC,GG,CG,GG,CC,GG,AC,TT,CT,NN,GT,AA,AG,TT,AA,CC,AC,GG,AT,GG,GG,CC,GG,AA,AC,GG,CC,AG,TT,AT,NN,TT,AT,CC,GG,TT,GT,AA,GG,CC,AA,GG,AC,NN,AG,TT,TT,GG,GT,GG,CC,AT,GG,AA,AA,CG,GT,CC,TT,CT,AT,TT,GG,TT,AC,GT,CC,CT,CG,GG,AA,AT,TT,CG,AA,AG,AA,CC,GG,GT,CC,TT,AA,AA,TT,CC,AG,CC,GG,CC,GT,TT,AA,CT,CC,CC,CC,AA,TT,CC,AA,CC,CC,AA,AA,AA,AT,GG,CT,CG,AG,AA,GG,AA,CC,GG,CC,CC,AA,AA,GG,TT,GG,AA,TT,NN,GG,CC,GT,TT,TT,CC,AA,TT,TT,AT,TT,GG,CC,AA,CC,CC,CC,CG,CC,AA,GG,AA,CC,TT,CC,TT,TT,CG,TT,AA,AG,TT,AC,GG,AA,AC,CC,GG,GG,AA,CG,TT,AA,AA,NN,GG,AT,AC,AA,AT,GG,TT,NN,AA,GG,GG,AA,NN,AA,GG,AA,GG,AA,CT,AC,TT,CC,CT,AA,CC,CT,GG,NN,CC,AG,CC,TT,TT,GT,GG,TT,AA,AC,AG,GG,CC,CC,GG,CC,GG,AA,AA,CG,TT,GG,CC,CG,AA,AG,CG,AA,CC,AT,AG,CC,CG,CC,TT,AA,GG,AA,AA,NN,AA,AA,GG,AG,AA,TT,GG,AA,AA,CC,AC,CT,AA,AA,GG,GG,GG,TT,AA,AA,GT,TT,TT,AA,TT,GG,GG,AA,4.68,Susceptible,Low,Poor,Late
L0872,Bengaluru Rural,Karnataka,Kharif,Red Sandy Loam,Rainfed,720,26.0,70,AA,CT,AG,AG,GG,CC,GT,TT,CC,CG,AA,CC,CG,AT,TT,GG,CG,AT,TT,AA,CC,TT,GT,CC,TT,CC,GT,TT,GT,AA,TT,CC,AA,CC,GG,CG,GG,CG,GG,CC,GT,CT,AA,TT,AA,GG,TT,TT,CC,NN,GT,AT,AA,GG,CC,TT,AA,AA,GT,AA,AA,GT,AT,AA,TT,TT,CC,GG,TT,GT,AA,GG,CC,NN,AG,AA,AT,AG,TT,TT,GG,TT,GT,CC,AA,AG,AA,AA,CG,NN,CC,TT,CT,TT,TT,GG,TT,CC,TT,CC,NN,CC,AG,AA,TT,TT,NN,AA,AG,AA,CC,GG,TT,CG,TT,AA,AA,TT,CC,GG,CC,AG,CC,GT,TT,AA,CC,CC,CC,CC,AA,GT,CC,AA,CC,CC,AA,TT,AG,AT,GG,CC,CC,GG,AA,AA,AA,CC,GG,CC,CC,AA,GG,GG,GT,GG,CC,TT,TT,GG,CC,TT,TT,TT,CC,AA,TT,TT,AT,TT,NN,CC,AG,CC,CC,CC,CG,NN,AA,GG,AG,CC,TT,CC,GT,GT,GG,TT,AA,AA,TT,CC,GG,AA,CC,CG,GG,GG,AA,GG,TT,AC,AA,NN,GG,AA,AC,AA,AA,GG,TT,AT,AT,GG,GT,AA,CC,AT,GT,AA,GG,AA,TT,AC,TT,CC,CT,AA,CC,TT,GG,AG,CG,AG,CC,TT,CT,GG,GG,TT,AA,NN,AG,GG,CC,CG,GG,CC,GG,AT,AA,CC,TT,GG,CC,CC,AA,GG,CC,AT,CC,AA,AA,CC,CG,CC,TT,AA,GG,AA,AA,AA,AA,AG,AA,AA,AA,TT,GG,AA,AA,CC,AA,CT,AA,AA,GG,GG,GG,TT,AA,AG,NN,TT,TT,AG,TT,GG,GG,AA,2.56,Resistant,Low,Premium,Medium
L0873,Bengaluru Rural,Karnataka,Kharif,Red Sandy Loam,Rainfed,720,26.0,70,AA,TT,GG,AA,GG,CC,GG,AT,CC,CG,AA,CC,CC,TT,TT,GG,GG,TT,TT,AA,CC,TT,GT,CC,AT,CC,GT,AT,GT,AA,TT,CC,AA,CC,GG,CG,GG,CG,GG,CC,TT,CT,AC,GT,AG,AG,TT,AT,CC,CC,GT,AT,AA,GG,CT,TT,AA,AA,GT,AA,GG,GT,TT,AA,CT,TT,CC,GG,CT,GT,AA,GG,CC,AA,GG,CC,AA,AG,TT,TT,GG,GG,GT,CC,AA,GG,AA,AA,CC,TT,CC,TT,CC,TT,TT,GG,TT,NN,TT,NN,CC,CC,AG,AA,TT,TT,CG,AG,AG,AA,CC,GT,TT,CC,GT,AC,AA,TT,CC,AG,CC,AG,CC,GT,CT,AA,CC,CC,CC,CC,AA,TT,CC,AA,CC,CC,AA,AT,AG,AT,GG,CT,CC,GG,AA,GG,AA,CC,GG,CC,CC,AA,AA,AG,GT,GG,AA,TT,CT,GG,CC,GT,GT,TT,CC,AA,GT,NN,AT,TT,GG,CC,AA,CT,NN,CC,GG,CC,AA,GG,AG,CC,TT,CC,GG,GT,GG,TT,AA,AA,TT,CC,GG,AA,CC,CC,GG,GG,CC,GG,TT,AC,AA,CC,GG,AA,CC,AA,AA,GG,TT,TT,AT,CG,GG,TT,NN,AT,TT,AA,GG,AA,CT,AA,TT,CC,CT,AC,CC,TT,GG,AA,CG,AA,CC,TT,TT,GT,GG,TT,AA,CC,AA,GG,CC,CC,GG,CC,GG,AT,AA,GG,GG,GG,CG,CC,AA,GG,CG,AA,CC,AT,AA,AC,GG,CC,TT,AA,GG,AA,AC,AA,AA,AA,AA,AG,AA,TT,CG,AA,AA,AC,AC,TT,AG,AG,GG,AG,GG,TT,AA,AG,TT,TT,TT,AA,TT,GG,GG,AA,3.1,Susceptible,Medium,Premium,Medium
L0874,Bengaluru Rural,Karnataka,Kharif,Red Sandy Loam,Rainfed,720,26.0,70,AC,CT,GG,AA,GG,CG,GT,TT,CC,CG,AT,CC,CC,TT,GT,NN,CG,TT,TT,AA,CG,TT,TT,CC,TT,CC,TT,AT,GG,AA,TT,CC,AA,CC,GG,GG,GG,CG,GG,CC,TT,CC,AA,TT,AG,AG,TT,AT,CC,AC,GG,AA,AG,GG,CT,TT,AA,AC,NN,AA,AA,GT,AT,AA,TT,TT,CC,GG,TT,GG,GG,GG,CC,AA,GG,AC,AT,GG,TT,TT,AG,GG,GG,CC,AA,GG,AA,AA,CG,GT,CC,TT,CT,TT,GT,GG,TT,CC,GT,CC,CC,CG,AG,AA,TT,TT,CC,AA,AG,AC,TT,GG,TT,CC,TT,AA,AA,TT,CG,GG,CC,AG,CC,GT,TT,AA,CC,CC,CC,CC,AG,TT,CC,AA,CC,CT,AA,AT,AG,AA,GG,CC,CC,GG,AG,AA,AA,CC,GG,CC,CC,NN,AG,AG,TT,GG,AA,GT,TT,GG,AC,TT,TT,TT,CC,AT,GT,CT,AA,AT,NN,CC,AG,TT,CC,CC,CG,CC,AA,GG,AG,CC,TT,CG,GT,TT,GG,AT,AA,AG,TT,CC,GG,AA,CC,CC,GG,GG,AA,GG,TT,AA,NN,CC,GG,AA,CC,AA,AT,GT,TT,TT,AT,GG,TT,AA,CC,TT,GT,AA,GG,AA,TT,AA,TT,CC,TT,AA,AC,TT,GG,AG,CC,GG,CC,TT,CT,TT,GG,AT,AA,AA,AG,GG,CC,CG,GG,CC,GG,AA,AA,CG,GT,GG,CC,CC,TT,GG,CC,AA,CG,AA,AA,AC,CG,CC,TT,AA,GG,AA,AC,AA,AA,AG,AA,AA,AA,TT,GG,AC,AG,AA,AA,CT,AG,AG,GG,GG,GG,TT,AA,AA,TT,TT,TT,AG,AA,GG,GG,AA,3.03,Susceptible,High,Poor,Medium
L0875,Bengaluru Rural,Karnataka,Kharif,Red Sandy Loam,Rainfed,720,26.0,70,CC,TT,GG,GG,CG,CG,GT,TT,CC,CG,AA,CT,GG,TT,TT,GG,GG,TT,TT,AG,CC,TT,GT,CC,TT,CC,GT,TT,GG,AC,TT,CT,AA,CC,GG,GG,GG,CC,NN,CC,TT,TT,AC,TT,AG,GG,TT,AT,CC,AA,GT,AA,GG,GG,CC,TT,AA,AA,GT,AC,AA,TT,TT,AG,NN,TT,CC,GG,TT,GT,AA,GG,CC,AA,GG,AC,AT,GG,TT,TT,GG,GG,NN,CC,TT,GG,AA,AA,CC,TT,CC,TT,TT,AT,TT,GG,TT,CC,GT,CC,CT,CC,AG,AA,TT,TT,CC,AA,AG,AA,TT,GG,TT,CC,TT,AA,AC,TT,CC,GG,CC,GG,NN,GG,TT,AA,CC,CC,CC,CC,AA,GT,CC,AA,CC,CC,AA,AT,AA,AT,GG,CT,CC,GG,AA,AG,AA,CC,GG,CC,CC,AA,AA,GG,TT,GG,AC,TT,TT,GG,CC,TT,TT,TT,CC,AT,GT,TT,AA,TT,CG,CG,AG,CT,AA,CC,CG,AC,AA,GG,AG,CC,TT,CC,TT,GT,CG,AT,AA,NN,TT,CC,GG,AC,CC,CC,NN,GG,AC,CG,TT,AA,AA,CG,GG,AA,CC,AT,AT,GG,TT,TT,AA,CG,TT,AA,CC,NN,TT,AA,GG,AA,CT,AC,TT,CC,CT,AA,NN,TT,GG,GG,CC,AG,CC,AT,TT,GT,GG,TT,AA,CC,AA,GG,CC,CC,CG,CC,GG,AT,AA,CC,TT,GG,CC,CG,AA,NN,CG,AA,CC,AA,AA,AC,CG,CC,AT,AA,GG,AA,AA,AA,AA,AG,AA,AA,AA,TT,GG,AC,AA,AC,AC,TT,AA,AA,GG,GG,CG,TT,AA,AG,TT,TT,TT,AG,AT,GG,GG,AA,4.02,Resistant,Medium,Standard,Early
L0876,Bengaluru Rural,Karnataka,Kharif,Red Sandy Loam,Rainfed,720,26.0,70,AA,CT,GG,AA,GG,CC,GT,TT,CC,CG,AA,CC,GG,TT,TT,GG,CG,AT,TT,AA,CC,GG,GT,CT,TT,CC,TT,TT,GT,AA,TT,CT,AA,CC,GG,GG,GG,CG,GG,CC,TT,TT,AA,TT,AG,GG,TT,TT,CC,CC,GG,AT,AA,GG,CC,TT,AA,AA,GG,AA,AG,TT,AT,AG,TT,TT,CC,GG,CT,GT,NN,GT,CC,AA,GG,AC,AA,GG,GT,TT,GG,GT,GT,CC,AA,GG,AG,AT,CC,GT,CC,TT,TT,TT,TT,GG,TT,CC,TT,CC,CT,CG,AG,AA,TT,TT,CC,GG,GG,AA,TT,GG,TT,CC,TT,AA,AA,TT,CG,GG,CC,AG,CC,GG,CT,NN,NN,CC,CC,CC,AA,TT,CC,AA,CC,CC,AA,TT,AA,AA,GG,CC,CC,GG,AA,GG,AA,CC,GT,CC,CC,AA,AA,GG,TT,AG,AA,TT,TT,AG,CC,TT,TT,TT,CC,AT,TT,TT,AA,TT,GG,CC,GG,CC,CC,CC,CG,CC,AA,GG,AG,CC,TT,CC,TT,TT,GG,TT,AA,AA,TT,AC,GG,AA,AC,CC,GG,GG,AA,GG,TT,AA,AA,CC,GG,AA,AC,AA,AA,GT,GT,TT,AA,CG,TT,AT,CC,TT,TT,NN,GG,AA,TT,AA,TT,CC,TT,AC,CC,CT,CG,AG,CC,NN,CC,TT,CT,TT,GG,TT,AA,AA,AA,GG,CC,CC,GG,CC,GG,TT,AG,CC,GT,GG,CC,CC,NN,GG,CC,AT,CC,AA,AA,AC,CG,AC,TT,AA,GG,AA,AA,AA,AA,AG,AG,AA,AA,TT,GG,AC,AA,AC,AA,CT,AA,AA,GG,GG,GG,GT,AA,AA,TT,TT,TT,GG,AT,GG,GG,AA,2.74,Resistant,Low,Premium,Early
L0877,Bengaluru Rural,Karnataka,Kharif,Red Sandy Loam,Rainfed,720,26.0,70,AC,TT,AG,AA,GG,CG,GT,TT,CC,GG,NN,CC,CC,AT,TT,NN,CG,TT,TT,AA,CC,GT,TT,CC,TT,CC,TT,TT,GT,AA,TT,CT,AA,CC,NN,GG,GG,CG,GG,CC,TT,TT,AA,TT,AA,GG,TT,AT,CC,AC,GG,AA,AG,GG,CC,TT,AT,AA,GT,AA,AA,TT,AT,AA,TT,TT,CC,GG,TT,GG,AA,GG,CC,AA,NN,AC,AT,GG,NN,TT,GG,GT,GT,NN,AA,GG,AA,AA,CC,GT,CC,TT,CC,TT,TT,GG,CT,NN,TT,CC,CT,CG,GG,AA,AT,TT,CC,AG,AA,AA,TT,GG,TT,CG,GT,AA,AA,TT,CC,GG,CC,AG,CC,GT,TT,AA,CT,CC,CC,CG,AA,TT,CC,AA,CC,CC,AA,AT,AA,NN,GG,CT,CC,GG,AA,AA,AA,CC,GG,NN,CC,AA,AG,GG,TT,AG,AC,GT,TT,AG,AA,TT,GT,CT,CC,AT,GT,TT,AT,TT,GG,CC,AG,CT,AC,CC,GG,CC,AT,GG,AA,CC,TT,CC,GT,GT,GG,AT,AA,AA,TT,AC,GG,AA,AC,CC,GG,GG,AC,GG,TT,AA,AG,CC,GG,AT,CC,AA,AT,GT,GG,TT,AA,GG,GT,AT,CC,TT,GG,AA,GG,AA,TT,AA,TT,CG,TT,AA,CC,TT,GG,AA,CG,AA,CC,TT,CT,TT,GG,TT,AA,CC,GG,GG,CC,CC,GG,CG,GG,AT,AA,CC,NN,GG,CC,CC,AT,AG,GG,AT,CC,AA,AG,AA,NN,AC,AT,AA,GG,AA,AA,AA,AA,AG,AA,AA,AA,TT,GG,AA,AA,CC,AA,TT,AA,AA,GG,GG,GG,TT,AA,AA,TT,TT,TT,AG,TT,GG,GG,AA,3.31,Susceptible,Medium,Poor,Early
L0878,Bengaluru Rural,Karnataka,Kharif,Red Sandy Loam,Rainfed,720,26.0,70,AC,TT,GG,NN,GG,CC,GT,TT,CC,CC,AA,CT,CC,TT,TT,GG,GG,TT,TT,AG,CC,GT,GG,CC,TT,CC,TT,TT,GG,AA,CT,CT,AA,AC,GG,GG,GG,CC,GG,CC,NN,CC,AC,TT,AG,GG,TT,TT,CC,CC,GG,AA,AA,GG,CC,GT,AA,AC,GT,AC,AA,TT,AT,AA,TT,TT,CC,GG,TT,GG,AA,GG,CC,AA,GG,AA,AA,GG,TT,TT,GG,GT,TT,CC,AA,AG,AA,AA,CC,NN,CC,TT,CT,TT,TT,GG,TT,CC,GT,CC,CC,CG,AG,AA,AT,TT,CC,AA,AG,AA,CT,GG,TT,CC,NN,AA,AA,TT,CC,AG,NN,GG,CC,GG,TT,AA,CT,CC,CC,CG,AA,NN,CC,AA,CC,CC,AA,AT,AA,AA,GG,CC,CC,GG,AA,AG,AA,CC,GT,CC,CC,AA,NN,GG,TT,GG,AC,TT,CT,GG,CC,TT,GT,TT,CC,AT,TT,CT,AA,AT,GG,NN,AA,TT,CC,CC,GG,CC,AA,GG,AA,CC,TT,NN,GT,GT,GG,TT,NN,AA,TT,CC,GG,AA,CC,CC,GG,GG,AA,GG,TT,CC,AG,CG,GG,AA,CC,AT,AT,GT,TT,TT,AA,CG,GT,AA,CC,TT,TT,AA,GG,AA,TT,AA,TT,CC,NN,AA,AC,CC,GG,AG,CC,GG,CC,TT,TT,TT,GG,TT,AA,AC,AG,GG,CC,CC,GG,CC,GG,AA,AA,CC,TT,GG,CC,CC,AA,GG,CC,TT,CG,AA,AA,AC,CC,NN,TT,AA,GG,AA,AA,NN,AA,GG,GG,AA,AA,TT,GG,AA,AG,CC,AA,CT,AA,AA,GG,GG,GG,NN,AT,AA,TT,TT,TT,AG,TT,GG,CG,AA,3.36,Susceptible,High,Premium,Early
L0879,Bengaluru Rural,Karnataka,Kharif,Red Sandy Loam,Rainfed,720,26.0,70,AC,TT,GG,GG,GG,CC,GG,AT,CC,GG,AA,CT,CC,AT,TT,GT,CG,TT,TT,AA,CC,GT,GT,CT,TT,CC,GT,TT,NN,NN,CT,CC,AA,CC,GG,GG,GG,CC,GG,CC,TT,TT,AA,TT,AG,GG,TT,AT,CC,CC,GG,AA,AA,GG,CC,GT,AT,AA,GT,AC,AA,TT,TT,AA,CT,AT,CC,GG,TT,GG,AA,GG,CC,AA,GG,AC,AA,GG,TT,TT,GG,GG,GT,CC,AA,GG,AA,AA,CC,GT,CC,TT,CT,TT,GT,AA,TT,CC,TT,CC,CC,CC,GG,AA,AT,TT,CC,AA,AA,AA,CC,GG,TT,CG,TT,AA,AC,TT,CG,GG,CG,GG,CC,GG,CT,AA,CT,CC,CC,CC,AA,TT,CC,AA,CC,CC,AA,AT,AA,AA,GG,CC,CC,GG,AA,GG,AA,CC,GG,CC,CC,AA,AA,AG,TT,GG,AA,GT,CT,GG,CC,TT,GT,TT,CG,AA,TT,CT,AA,TT,GG,CG,AA,CC,CC,CC,CG,CC,AA,GG,AA,CC,GT,CC,GG,GT,GG,TT,AA,AG,TT,CC,GG,AA,AC,CC,GG,GG,AC,GG,TT,AA,AA,CC,GG,AA,CC,AA,AA,GT,TT,AT,AA,GG,GG,AT,CC,TT,TT,AA,GG,AA,CC,AA,TT,CG,TT,AC,AC,TT,CC,AA,CG,AG,CC,TT,CT,GT,GG,TT,AA,AC,AA,GG,CC,CG,GG,CG,GG,AT,AA,CC,TT,GG,CC,CG,AA,GG,CC,AA,CC,AA,AA,AC,GG,AC,TT,AA,GG,AA,AC,AC,AA,AA,GG,AA,AA,AT,GG,AA,AG,AC,AA,TT,AA,AA,GG,GG,GG,TT,AA,AA,GT,TT,TT,AG,TT,CG,GG,AC,5.89,Resistant,Medium,Standard,Late
L0880,Bengaluru Rural,Karnataka,Kharif,Red Sandy Loam,Rainfed,720,26.0,70,AC,TT,AG,AA,GG,CC,GT,TT,CC,CG,AA,CC,CC,TT,GT,GG,CG,TT,TT,AG,CC,TT,TT,CC,TT,CC,TT,AT,GG,AA,TT,CC,AA,CC,GG,GG,GG,CC,GG,CC,TT,CT,AC,TT,AG,AG,CT,TT,NN,AC,GT,AA,AA,GG,CC,TT,AT,AA,TT,AC,GG,TT,AT,AG,TT,TT,CC,GG,TT,GG,AA,GG,CC,AA,GG,CC,TT,GG,TT,TT,GG,GT,GG,CC,AA,GG,AA,AA,CG,TT,CC,TT,TT,AT,TT,GG,TT,CC,GT,CC,CT,CC,AG,AA,AT,TT,CG,AA,GG,AA,CC,GG,TT,CG,TT,AC,AA,TT,CG,GG,CC,GG,CC,GT,TT,AA,CC,CG,CC,CC,AA,GT,AC,AA,CC,CC,AA,TT,AA,AA,GG,CC,CC,GG,AA,AG,AA,CC,GG,CG,CC,AG,AG,GG,GT,AA,CC,TT,CC,GG,CC,TT,GT,CT,CC,AA,TT,TT,AT,TT,GG,CC,AG,CC,CC,CC,GG,CC,AA,GG,GG,CC,TT,CC,GG,GT,CG,AT,AG,AA,TT,CC,CG,AC,CC,CC,GG,AG,AC,GG,TT,AC,AA,CC,NN,AA,AC,AA,AT,GG,TT,TT,AT,GG,GT,AT,CC,AT,TT,AT,GG,AA,CT,AA,TT,CC,CT,AA,CC,TT,GG,GG,CC,AA,AC,TT,CC,TT,GG,TT,AC,CC,AA,GT,NN,CC,GG,CC,GG,AT,AA,CC,TT,GG,CC,CC,AT,AG,CC,AA,CC,AA,AA,AC,CC,CC,TT,AA,GG,AA,AC,AA,NN,GG,AA,AG,AA,TT,GG,AA,AG,AA,CC,CT,AG,AA,CG,GG,GG,GT,AA,AA,TT,TT,TT,AA,TT,GG,GG,AA,5.19,Moderate,Low,Premium,Medium
L0881,Bengaluru Rural,Karnataka,Kharif,Red Sandy Loam,Rainfed,720,26.0,70,AC,TT,GG,AA,GG,CG,GG,TT,CC,CC,AA,CT,CC,TT,TT,GG,GG,TT,TT,AA,CC,GT,TT,CC,TT,CC,TT,AT,GG,AA,TT,TT,AA,CC,GG,CC,GG,CC,GT,CC,TT,TT,AA,TT,AG,AG,CT,AT,CC,CC,GT,AA,AA,GG,CT,GT,AT,AC,GT,AA,AG,GT,TT,AA,CT,TT,CT,GG,TT,GG,AA,GG,NN,AA,GG,CC,AT,GG,TT,TT,GG,GT,GG,CC,AT,AG,AA,AA,CC,NN,CC,TT,TT,TT,TT,GG,TT,CC,TT,CT,TT,CC,GG,AA,TT,TT,CC,AA,GG,AA,CT,GG,GT,CC,TT,AA,AA,TT,CC,AG,CG,GG,CC,GG,CT,AA,CC,CC,AA,CC,AA,GT,CC,AA,CC,CT,AA,AT,AA,AA,GG,CT,CC,GG,AA,AG,AA,CC,GG,CC,CC,AA,AA,AG,GT,AG,AC,TT,CC,GG,AC,TT,TT,TT,CC,AA,NN,CT,TT,AT,CG,CG,AA,CC,CC,CC,GG,CC,AA,GG,GG,CC,TT,CC,GT,GT,CG,AT,AA,AA,TT,AC,GG,AA,AC,CC,GG,GG,AC,GG,TT,AA,AA,CC,GG,AT,CC,AA,AA,GG,TT,AT,TT,GG,GG,AA,CC,TT,TT,AA,GG,AA,TT,AA,TT,CC,CT,AA,CC,TT,GG,NN,CC,GG,CC,TT,CT,GT,GG,AT,AA,AC,AA,GG,CC,CC,GG,CC,GG,NN,AA,CC,TT,GG,CC,CG,AA,GG,CC,AA,CC,AA,AA,CC,GG,AC,TT,AA,CG,AA,AC,AC,AC,GG,NN,AA,AA,TT,CG,AC,AA,AC,AA,CT,AA,AA,GG,AG,GG,TT,AA,AG,TT,TT,TT,AG,TT,GG,CG,AA,5.01,Moderate,Low,Poor,Early
L0882,Bengaluru Rural,Karnataka,Kharif,Red Sandy Loam,Rainfed,720,26.0,70,AC,CT,AG,GG,GG,CG,GG,TT,CC,CC,NN,CC,CG,AA,TT,GT,CG,TT,TT,AA,CC,TT,TT,CT,TT,CC,TT,AT,GG,AA,TT,CC,AA,CC,GG,CG,GG,CC,GG,CC,TT,CT,AA,TT,AA,AG,CT,AT,CC,AA,GG,AT,AA,GG,CC,TT,AA,CC,GT,CC,AA,TT,TT,AG,TT,AT,CC,GG,CT,GT,AA,GG,CC,AA,GG,AA,AT,GG,TT,TT,GG,GG,TT,CC,AA,GG,AG,AA,CC,GT,CC,TT,CT,AT,GT,GG,TT,CC,TT,CC,CC,CC,AG,AA,TT,TT,CC,AG,AG,AA,CC,GG,TT,CC,GT,AA,AA,TT,CC,GG,CC,GG,NN,GT,TT,AA,CC,CC,CC,CC,NN,TT,CC,AA,CC,CC,AA,TT,AA,AA,GG,CC,CC,GG,AA,AA,AA,CC,GG,CC,CC,AA,AA,GG,TT,GG,AC,TT,CT,AA,AC,TT,TT,TT,CC,AA,TT,TT,AA,TT,GG,CG,AG,CC,CC,CC,CG,CC,AA,GG,GG,CC,TT,CC,TT,GG,GG,AA,AA,AA,TT,AC,GG,AA,CC,CC,GG,AG,AA,GG,TT,AA,AA,CC,GT,AA,CC,AA,AT,GG,TT,TT,AA,GG,GG,TT,CC,AT,TT,AA,GG,AA,TT,AA,TT,CC,TT,AA,CC,CT,GG,AG,CG,AG,CC,TT,CT,TT,GG,TT,AA,AA,AG,GG,CC,CC,GG,NN,GG,TT,AG,CC,GT,GG,CC,CC,AT,GG,CC,AT,CG,AT,AA,CC,CG,AA,AT,AA,GG,AA,AA,AA,AA,AG,AG,AA,AA,AA,GG,AC,AA,AA,AA,TT,AA,AG,GG,GG,GG,TT,AT,AA,TT,TT,TT,AG,TT,GG,GG,AA,5.33,Susceptible,Low,Poor,Late
L0883,Bengaluru Rural,Karnataka,Kharif,Red Sandy Loam,Rainfed,720,26.0,70,AC,TT,GG,AG,GG,CC,GG,AT,CC,CC,AT,TT,CC,TT,TT,GG,GG,TT,TT,AG,CG,TT,TT,CC,TT,CC,TT,AT,GG,AA,TT,CC,AA,CC,GG,CG,NN,CC,GG,NN,TT,CT,AA,TT,AA,AG,TT,TT,CC,NN,GG,AA,AA,CG,CT,GT,AA,AA,GG,AA,AA,TT,TT,AA,TT,TT,CC,GG,TT,GG,AG,GT,CC,AA,AG,AA,AA,GG,TT,TT,GG,TT,GT,CC,AT,GG,AA,AA,CC,GT,CC,TT,CT,TT,TT,GG,TT,CC,TT,CC,CC,CG,AA,AA,TT,TT,CC,AA,AG,AA,CT,GG,TT,CG,TT,AA,AA,TT,CC,GG,CC,GG,CC,GG,CT,AA,CC,CC,CC,CC,AA,TT,CC,AA,CC,CC,AA,TT,AA,AA,GG,CC,CC,GG,AA,AG,AA,NN,GG,CC,CC,AG,GG,GG,GT,GG,AA,TT,TT,GG,CC,GT,TT,TT,CC,AA,TT,TT,AA,AT,GG,CC,AG,CC,AC,NN,GG,AC,AA,GG,AG,CC,TT,GG,GT,TT,CG,AA,NN,AA,TT,CC,GG,AA,CC,CC,GG,GG,AA,GG,TT,AC,AA,CC,GG,AT,AC,AT,AA,GT,TT,TT,AT,GG,GG,AA,CC,AT,GT,AA,GG,AA,CT,AA,TT,CC,TT,AA,AC,TT,GG,AG,CG,AG,CC,AT,CT,TT,GG,TT,AA,AC,AA,GG,CC,CC,GG,CC,GG,NN,AA,CG,TT,GG,CC,CC,NN,AG,CC,AT,CC,AA,AA,AA,CC,CC,TT,AA,CG,AA,AA,AA,AA,AG,AG,AA,AA,AT,GG,AA,AG,CC,AA,TT,AA,AA,GG,GG,GG,GT,AA,AG,GT,TT,TT,AG,TT,GG,GG,AC,4.99,Resistant,Low,Poor,Early
L0884,Bengaluru Rural,Karnataka,Kharif,Red Sandy Loam,Rainfed,720,26.0,70,AA,CT,GG,AG,CG,CC,GT,TT,CC,CG,AA,CT,CC,TT,TT,GG,CG,TT,TT,AA,CC,TT,TT,CT,TT,CC,TT,TT,GG,AC,TT,CC,AA,CC,GG,CG,GG,CC,GG,CC,TT,TT,AA,TT,AG,GG,TT,TT,CC,AC,GG,AT,AA,GG,TT,TT,AA,AC,GG,AA,AA,TT,TT,AG,TT,TT,CC,GG,TT,GT,AG,GG,CC,AA,GG,AA,AA,GG,TT,TT,GG,GG,GG,CC,AA,GG,AA,AA,CC,GT,AC,TT,CC,TT,TT,AG,TT,CC,TT,CC,CC,CC,AG,AA,AT,TT,CC,AA,AG,AA,CC,GG,TT,CC,GT,AA,AC,TT,CG,AA,CC,GG,CC,GG,CT,AA,CC,CC,CC,CC,AA,TT,CC,AA,CC,CC,AG,TT,AA,AA,GG,CC,CC,GG,AA,AG,AA,CC,GG,CC,CC,AA,AA,GG,TT,GG,AA,NN,TT,GG,CC,TT,TT,TT,CC,AT,TT,CT,AA,TT,CG,CC,AA,CC,CC,CC,GG,CC,AA,GG,AA,CC,TT,CG,TT,TT,CG,TT,AG,AA,TT,CC,CG,AC,CC,CC,GG,GG,AA,NN,TT,AA,AG,CC,GG,AT,AC,AA,TT,GG,TT,AT,AT,CG,TT,NN,CC,TT,GT,AA,GG,AA,TT,NN,TT,CC,TT,AC,CC,TT,CG,AG,CC,AG,CC,TT,TT,TT,GG,TT,AC,CC,AG,GG,CC,CG,GG,CC,GG,TT,AA,CG,GT,GG,CC,CC,AA,GG,CC,AA,CG,AA,AA,AC,CC,AC,TT,AA,GG,AA,AA,AA,AA,GG,AG,AA,AA,AT,CG,AA,AG,AC,AC,TT,AA,AA,GG,GG,GG,TT,AT,AA,TT,TT,TT,AG,TT,GG,CG,AA,2.76,Susceptible,Low,Standard,Early
L0885,Bengaluru Rural,Karnataka,Kharif,Red Sandy Loam,Rainfed,720,26.0,70,CC,TT,GG,AG,CG,CC,GG,TT,CC,CG,AA,CC,CC,TT,TT,GG,GG,TT,TT,AA,CG,TT,GT,CT,TT,CC,TT,TT,GG,AA,TT,CC,AA,AC,GG,GG,GG,CC,GG,CC,TT,TT,AA,TT,NN,GG,TT,TT,CC,CC,GG,AA,AA,GG,CC,GG,AA,AA,TT,NN,AG,TT,TT,AG,TT,AT,CC,GG,TT,GT,AA,GG,CC,AA,GG,CC,AT,GG,TT,TT,GG,GG,GG,CC,AT,GG,AA,AT,NN,TT,CC,TT,TT,TT,TT,GG,TT,CC,GT,CC,CC,CC,GG,AA,TT,TT,CG,AA,AA,AA,CC,GG,TT,CC,TT,AA,AA,TT,CC,GG,CC,GG,CC,GT,TT,AA,CC,CC,CC,CC,AA,TT,CC,AA,CC,CC,AA,TT,AA,AA,GG,CC,CC,GG,NN,AA,AA,CC,GG,CC,CC,AA,AA,GG,GG,GG,AA,TT,TT,AG,CC,GT,GT,TT,CG,AT,TT,TT,AT,AT,GG,CC,AA,CC,AC,CC,GG,CC,AT,GG,AA,CC,TT,CG,GG,GG,CG,AT,AA,AA,TT,AC,GG,AA,CC,CC,GG,GG,AA,GG,TT,AC,AG,CC,GG,AT,AA,AA,AA,GT,TT,AT,AA,GG,TT,AA,CG,TT,TT,AA,GG,AA,TT,AA,TT,CG,TT,NN,CC,TT,GG,AA,CC,AG,AC,TT,TT,TT,GG,AT,AA,AC,AG,GT,CC,CG,GG,CC,GG,AT,AA,CC,TT,GG,CG,CC,AA,GG,CC,AA,CC,AA,AA,CC,CC,CC,TT,AA,GG,AA,AA,AC,AA,AG,AG,AG,AA,AT,GG,AC,AG,AA,AA,TT,AA,AA,GG,AG,GG,TT,AT,AA,TT,TT,TT,AA,AT,GG,GG,AA,4.54,Susceptible,Low,Standard,Medium
L0886,Bengaluru Rural,Karnataka,Kharif,Red Sandy Loam,Rainfed,720,26.0,70,AA,NN,GG,AG,GG,CC,GG,AT,CC,CG,AA,CC,CG,TT,GT,GG,GG,TT,TT,AA,CC,TT,GT,CC,AT,CT,GT,TT,GG,AA,TT,CC,AA,CC,GG,GG,GT,CG,GG,CC,TT,TT,AC,TT,AA,GG,TT,TT,CC,CC,GT,AA,AA,GG,CC,GT,AA,AA,TT,AA,AA,TT,AA,AA,NN,TT,CC,GG,TT,GG,AA,GG,CC,AA,GG,CC,AA,GG,GT,TT,GG,GG,GG,CC,AT,GG,NN,AA,CG,TT,CC,TT,CT,TT,GT,GG,TT,AC,GT,CC,CC,CG,GG,AA,AT,GT,CC,AA,AG,AA,CT,GG,TT,CC,TT,AC,AA,AT,CC,AA,CC,GG,CC,GT,TT,AA,CC,CC,CC,CC,AA,TT,CC,AA,CC,CC,AA,TT,AA,AA,GG,CC,CC,GG,AA,AA,AT,CC,GG,CC,CC,AA,AA,GG,TT,AG,AC,GT,CT,AG,CC,TT,TT,TT,CC,AA,TT,TT,AA,AT,GG,CC,AA,CT,CC,CC,GG,CC,NN,GG,AA,CC,TT,CG,GT,TT,GG,AT,AG,AG,TT,CC,GG,AC,CC,CC,GG,GG,AC,CG,CT,AC,AA,NN,GT,AA,CC,AA,AA,GT,TT,AT,AT,CG,GT,AA,CC,TT,GT,AA,GG,AA,TT,AC,AT,CC,TT,AC,CC,CT,GG,GG,CG,GG,CC,TT,CT,TT,GG,TT,AA,CC,AA,GG,CC,CC,GG,CC,GG,TT,NN,CG,GT,GG,CC,CC,AA,GG,CC,TT,CC,AA,AG,AC,CG,AC,AT,AA,GG,AA,AC,AC,AC,AG,AG,AA,AA,TT,GG,AC,GG,NN,AC,CT,AA,AA,GG,GG,GG,TT,AA,AG,GT,TT,AT,AA,AT,GG,CG,AA,2.74,Susceptible,Medium,Standard,Medium
L0887,Bengaluru Rural,Karnataka,Kharif,Red Sandy Loam,Rainfed,720,26.0,70,AC,CT,AG,AG,GG,CC,GG,TT,CC,CG,AA,CC,CC,TT,GT,NN,CG,TT,TT,AG,CG,TT,TT,CC,TT,CC,TT,TT,GG,AA,TT,CC,AG,CC,GG,GG,GG,GG,GG,CC,NN,TT,AA,TT,GG,AG,TT,AA,CC,AC,GG,AT,AA,GG,TT,GT,AA,AA,GT,AA,AA,TT,TT,AA,TT,TT,CC,GG,TT,GG,AA,GG,CC,AA,GG,AC,AA,GG,TT,TT,GG,GG,GG,CC,AA,GG,AA,AA,CC,TT,CC,TT,CC,TT,TT,AG,TT,AC,GT,CC,CC,CG,AG,AA,TT,TT,CG,AA,AA,AA,CT,GG,TT,CC,GT,AC,AA,TT,CC,AG,CC,GG,CC,GG,TT,AA,CC,CC,AC,CC,AA,TT,AC,AA,CC,CC,AA,TT,AA,AT,CG,CT,CC,GG,AG,GG,AA,CC,GT,CC,CC,AA,AG,GG,TT,GG,AA,TT,TT,GG,CC,GG,TT,TT,CC,AA,TT,TT,AA,AT,CG,CC,AA,CT,CC,CC,GG,CC,AA,GG,AA,CC,TT,CC,TT,GT,GG,AT,AA,AG,TT,CC,GG,AC,CC,CC,GG,GG,AA,GG,TT,AA,AA,CC,GG,AA,CC,AA,AT,GG,TT,AT,AT,GG,GT,AA,CC,AT,TT,AA,GG,AA,TT,AA,TT,CC,TT,AC,CC,TT,CG,AG,CC,AG,CC,TT,TT,GG,GG,TT,AC,CC,AA,GT,CC,CC,GG,CG,GG,TT,AA,CC,GT,GG,CC,CC,AT,GG,CC,AA,CC,AT,AA,CC,CG,CC,TT,AA,CG,AA,AA,CC,AA,GG,AA,AG,AA,NN,GG,AC,AG,AA,AA,TT,AG,AA,GG,GG,GG,TT,AA,AG,TT,TT,TT,AG,AT,GG,GG,AA,4.43,Susceptible,Medium,Poor,Medium
L0888,Bengaluru Rural,Karnataka,Kharif,Red Sandy Loam,Rainfed,720,26.0,70,AA,TT,AG,AA,GG,CC,GG,TT,CC,CC,AA,CC,CC,AT,TT,GG,GG,TT,TT,GG,CG,TT,GT,CC,TT,CC,TT,AT,GG,AA,CT,CC,AA,CC,GG,CG,GG,CC,GG,CC,TT,CT,AC,TT,AG,AG,TT,AT,CC,AC,GG,AA,AA,GG,CC,GT,AA,AC,TT,AC,AG,TT,AA,AA,CT,TT,CC,GG,TT,TT,AA,GG,CC,AA,AG,AC,AT,GG,TT,TT,AG,GG,GG,CC,AA,AG,AA,AA,CC,TT,CC,TT,CC,TT,GT,GG,TT,CC,TT,CC,CC,CG,AG,AA,TT,TT,CG,AA,AA,AA,CT,GG,TT,CC,GT,AA,AC,TT,CC,AG,CG,GG,CT,GG,TT,AA,CC,CC,AC,CC,AA,TT,CC,AA,CC,CC,AA,TT,AA,AT,GG,CC,CC,GG,AA,GG,AA,CC,GG,CC,CG,AA,AG,AG,TT,GG,AC,TT,CT,GG,AC,GG,GT,CT,CC,AT,GT,CT,AA,AT,CG,CC,AG,CC,CC,CC,CG,CC,AA,GG,AG,CC,TT,CC,GG,TT,CG,AT,AA,AG,TT,AC,GG,AA,CC,CC,GG,GG,AA,GG,TT,AA,AA,CC,GG,AA,CC,AA,AT,GT,TT,TT,AT,GG,GG,NN,CC,TT,GT,AA,GG,AA,TT,AA,TT,NN,CT,AC,CC,TT,GG,AA,CG,GG,CC,TT,CT,NN,GG,TT,AA,AC,AA,GG,CC,CG,NN,CC,GG,AT,AA,CC,TT,GG,CC,CG,AA,AG,CC,AA,CC,AA,AA,NN,CG,AA,TT,AA,GG,AA,AA,AA,AA,GG,AG,AA,AA,TT,GG,AC,AG,AA,AA,CT,AA,AA,GG,GG,GG,GT,AA,AA,TT,TT,TT,AA,AA,GG,CG,AA,3.65,Susceptible,Low,Poor,Early
L0889,Bengaluru Rural,Karnataka,Kharif,Red Sandy Loam,Rainfed,720,26.0,70,AA,TT,AA,AG,GG,CC,GG,AT,CC,CC,AA,CC,CG,TT,GT,GG,NN,TT,TT,AA,CG,TT,GT,CC,TT,CC,TT,AT,GG,AA,TT,CC,AA,CC,GG,GG,GG,CG,GG,CC,TT,CT,AA,TT,AA,AG,TT,AT,CG,NN,GG,AT,AA,GG,CC,GT,AA,AA,GG,AA,AA,TT,TT,AA,TT,TT,CC,GG,TT,GG,AA,GG,CC,AA,AG,AA,AT,GG,TT,TT,AG,GT,GT,CC,AA,GG,AG,AA,CG,GT,CC,TT,CC,AT,TT,GG,TT,AC,TT,CT,NN,CG,AA,AG,AT,TT,CC,AA,AA,CC,CT,GG,TT,CC,GT,AC,AA,TT,CC,NN,CC,GG,CC,TT,CT,AA,CC,CC,CC,CC,AA,TT,CC,AA,CC,CC,AA,TT,AA,AA,GG,CC,CC,GG,AA,AA,AA,AC,GT,CC,CC,AG,AA,GG,GT,GG,AA,TT,TT,GG,CC,TT,TT,TT,CC,AA,TT,TT,AA,TT,GG,CC,NN,CT,CC,CC,GG,CC,AA,GG,AG,CC,TT,CG,GT,GT,GG,AT,AA,AG,TT,AC,GG,AA,CC,CC,GG,GG,AC,GG,TT,AC,AA,CC,GG,AA,CC,AA,AT,GT,TT,TT,AT,NN,GT,AA,CG,AA,GT,AA,GG,AA,TT,CC,AT,CC,TT,AA,CC,TT,GG,AG,CC,GG,CC,TT,TT,GT,GG,TT,AA,CC,AG,GG,CC,CC,GG,CC,GG,AA,AA,CC,TT,GG,CC,CC,AA,GG,CC,AA,CC,AA,AG,AC,CC,AC,TT,AA,GG,AA,AA,AC,AA,AA,AG,AA,AA,AT,GG,AC,GG,CC,AA,CT,AG,AA,GG,GG,GG,TT,AA,AG,TT,TT,TT,AG,TT,GG,GG,AA,7.58,Susceptible,Low,Standard,Late
L0890,Bengaluru Rural,Karnataka,Kharif,Red Sandy Loam,Rainfed,720,26.0,70,AA,CT,GG,AG,GG,CC,GT,AT,CC,GG,AA,CC,CG,AT,GT,GG,GG,TT,TT,AA,CC,TT,GT,CC,TT,CT,TT,AT,TT,AA,TT,CC,AA,CC,GG,GG,GG,CC,GG,CC,TT,TT,AA,TT,AA,GG,CT,AT,NN,CC,GG,AA,AA,GG,CC,TT,AA,AC,GT,AA,AA,TT,AT,AA,TT,AT,CC,GG,TT,GT,AA,GG,CC,AA,GG,AC,AA,GG,TT,TT,GG,GG,GG,CC,AA,GG,AA,AT,CC,TT,CC,TT,CT,TT,TT,GG,TT,CC,GT,CC,CC,CC,AA,AA,TT,TT,CG,AA,AG,AA,CC,GG,GT,CC,TT,AA,AA,TT,CC,AA,CC,GG,CC,GG,TT,AA,CT,CC,CC,CC,AA,TT,CC,AA,CC,CC,AA,TT,AA,AA,CG,CC,CC,GG,AA,AA,AA,CC,GT,CC,CC,AA,AA,GG,TT,AG,AC,GT,CT,GG,AA,TT,TT,CT,CC,AA,TT,TT,AA,TT,GG,CC,AA,CC,CC,CC,GG,AC,AA,GG,AG,CC,TT,CC,NN,TT,CG,AT,AA,AA,TT,AA,CG,AA,CC,CC,GG,GG,CC,GG,TT,AC,AG,CC,GG,AA,CC,AA,AT,GG,TT,TT,AA,GG,GT,AT,CG,AT,TT,AA,GG,AA,TT,AA,TT,CC,TT,AA,AC,TT,GG,AA,CC,GG,AC,TT,CT,TT,GG,TT,AA,AC,AG,GG,CC,CG,NN,CC,GG,AT,AG,CC,GT,GG,CC,NN,AA,GG,CG,AA,CC,AA,NN,CC,CG,AC,TT,AG,GG,AA,AC,AC,AA,AG,AA,AA,AA,TT,GG,AA,AG,AA,AA,CT,AA,AA,GG,AG,GG,TT,AT,AG,TT,NN,TT,AG,AT,GG,CG,AA,1.81,Moderate,Low,Standard,Late
L0891,Bengaluru Rural,Karnataka,Kharif,Red Sandy Loam,Rainfed,720,26.0,70,AC,CT,AG,GG,GG,CC,GG,AT,CC,GG,AA,CT,CC,TT,TT,TT,GG,TT,TT,AA,CC,TT,GG,CT,TT,CC,TT,TT,GG,AA,TT,CC,AA,AC,GG,CG,GG,CG,GG,CC,GT,TT,AA,TT,AA,AA,TT,TT,CC,AC,GG,AA,AG,GG,CC,GT,AA,AA,GG,CC,AA,GT,TT,AA,TT,TT,CC,GG,TT,GG,NN,GG,AC,AA,AG,AA,AT,AG,TT,TT,GG,GT,GG,AC,AA,GG,AA,AT,CC,TT,AC,TT,CC,AT,GT,GG,CT,AC,GT,CC,CC,CG,AG,AA,TT,TT,CC,AA,AG,AA,CT,GG,TT,CG,GG,AC,AA,TT,CG,GG,CG,GG,CC,GT,TT,AA,CC,CC,CC,CC,AA,TT,AC,AA,NN,CC,AA,TT,AA,AA,GG,CC,CC,GG,AA,AA,AA,CC,GG,CC,CC,AG,AA,GG,TT,GG,AA,TT,CT,GG,CC,TT,NN,CT,CG,AA,TT,TT,AA,TT,GG,CC,AA,CC,CC,CC,GG,CC,AA,GG,AA,CC,TT,CG,GG,TT,GG,TT,AA,AA,TT,CC,GG,AA,CC,CC,GG,GG,AC,CG,TT,AC,AG,CC,GG,AA,AC,AA,TT,GG,TT,AA,AA,GG,GG,TT,CC,AT,TT,AA,GG,AA,TT,AA,TT,CC,TT,AC,CC,TT,CG,AG,CC,AA,CC,TT,TT,TT,GG,TT,AA,AC,AA,GG,CC,CG,GG,CC,GG,TT,AA,CG,TT,AG,CG,CC,AA,AG,CG,AA,NN,AA,AA,CC,CC,CC,TT,AA,CG,AA,AA,AA,AA,GG,AG,AA,AA,TT,GG,AC,AA,AA,AC,TT,AA,AA,GG,GG,GG,TT,AA,AG,TT,AT,TT,GG,TT,GG,GG,AA,5.22,Resistant,Low,Poor,Early
L0892,Bengaluru Rural,Karnataka,Kharif,Red Sandy Loam,Rainfed,720,26.0,70,AA,TT,GG,AG,GG,CC,GG,NN,CC,CG,AA,CC,CG,TT,TT,GT,GG,TT,TT,AA,CG,TT,TT,CC,TT,CC,TT,TT,GG,NN,TT,CT,AA,CC,GG,GG,GG,CG,GG,CC,TT,CT,AC,TT,AA,GG,TT,TT,CC,AC,GG,AT,AG,GG,CT,TT,AT,AC,GT,AA,AA,TT,AT,AG,TT,TT,CC,GG,TT,GG,AG,GG,CC,AA,AA,AA,AA,GG,TT,TT,GG,GG,GG,CC,AA,AG,AA,AA,NN,TT,AC,TT,CC,TT,TT,AG,CT,CC,GG,CC,CC,CC,GG,AA,TT,GT,CC,AA,GG,NN,CT,GG,TT,CC,GT,AA,AA,TT,CC,GG,CC,GG,CC,NN,NN,AG,CC,CC,CC,CC,AA,TT,CC,AA,CC,CC,AA,TT,AA,AT,GG,CC,CC,GG,GG,AA,AA,CC,NN,CC,CC,AA,AA,GG,GT,GG,AC,TT,NN,GG,AA,GT,GT,TT,CG,AA,TT,TT,AT,TT,CG,CC,AA,CT,CC,AC,CG,AC,AA,GG,AG,CC,TT,CC,GG,TT,GG,AT,AA,NN,TT,AC,NN,AC,CC,CC,GG,GG,AC,GG,TT,AC,NN,CC,GG,AA,AC,AA,AA,GT,TT,AA,TT,CG,GG,AT,CC,AT,TT,AA,GG,AA,TT,AC,TT,CC,TT,AC,CC,TT,GG,AA,NN,AG,CC,TT,TT,TT,CG,TT,AC,AA,GG,GG,CC,CG,GG,CC,GG,AT,AA,CG,TT,NN,CC,CC,AT,GG,CC,AT,CC,AA,AA,NN,CC,CC,TT,AA,GG,AA,AC,AA,AA,AG,AG,AG,AA,AT,GG,AA,AA,CC,AA,CT,AG,AA,GG,GG,GG,GT,AA,AA,TT,TT,TT,AA,TT,GG,GG,AA,2.92,Susceptible,Medium,Poor,Early
L0893,Bengaluru Rural,Karnataka,Kharif,Red Sandy Loam,Rainfed,720,26.0,70,AA,TT,AG,AA,CG,GG,GG,TT,CG,CC,AA,CT,CC,TT,GG,NN,GG,TT,TT,AA,CC,TT,TT,CT,TT,CC,TT,TT,GG,AA,TT,CC,AA,CC,GG,CG,GG,CG,GG,CC,TT,CC,AA,TT,AA,GG,CT,TT,CC,AA,GT,AA,AA,GG,CC,GT,AA,AA,GT,AA,AA,GT,TT,AG,TT,TT,CC,GG,TT,GT,AG,GT,CC,AA,AG,AA,AA,NN,TT,TT,GG,GG,GG,CC,AT,GG,AA,AA,CC,GT,CC,TT,CT,TT,TT,GG,CT,AC,TT,CC,CC,CG,AG,AA,TT,GT,CC,AG,AG,AA,CT,GG,TT,CC,TT,AC,AA,TT,CC,AG,CC,AG,CC,GG,CT,AG,CT,CC,CC,CC,AA,TT,CC,AA,CC,CC,AG,AT,AA,AA,GG,CC,CC,GG,AA,AG,AA,CC,GT,CC,CC,AA,AA,GG,GT,AG,AA,GT,TT,GG,CC,TT,GT,CT,CC,AA,TT,TT,AA,AT,CG,CC,AA,CT,CC,CC,GG,CC,AA,GG,AG,CC,TT,CC,TT,TT,CG,AT,AA,AA,TT,CC,CG,AC,AC,CC,GG,GG,AA,GG,TT,AA,AA,CC,GG,AT,AC,NN,TT,GG,TT,TT,AT,CG,GG,AA,GG,AA,TT,AT,GG,AA,CT,AA,TT,CC,CC,AC,CC,CT,GG,AG,CG,GG,CC,TT,TT,TT,NN,TT,AC,AC,AA,GG,CG,CC,GG,CC,GG,AT,AG,CG,GT,GG,CG,CC,AA,GG,CC,AA,CC,AA,AA,CC,CG,AA,TT,AA,GG,AA,AA,AA,AC,AG,AA,GG,AA,TT,GG,AA,AG,NN,AA,TT,AA,AA,GG,GG,CG,GT,AA,NN,GT,TT,TT,AG,TT,GG,GG,AA,5.48,Susceptible,High,Premium,Early
L0894,Bengaluru Rural,Karnataka,Kharif,Red Sandy Loam,Rainfed,720,26.0,70,AC,CT,GG,AG,CG,CC,GG,AT,CC,CC,AA,CC,CG,TT,GT,GG,GG,NN,TT,AG,CC,TT,TT,CC,TT,CC,TT,TT,GG,AA,TT,CT,NN,AC,GG,CG,GG,CG,GG,CC,TT,CT,AC,TT,AA,AG,TT,TT,CC,CC,GT,AT,AG,GG,CC,TT,AA,NN,GT,AC,AG,TT,TT,AA,CT,TT,CC,GG,TT,GT,AA,GG,CC,AA,GG,AC,AT,GG,TT,TT,GG,TT,GG,CC,AT,GG,AA,AT,CC,TT,AC,TT,CT,TT,TT,AG,TT,CC,GT,CC,CC,CC,GG,AA,TT,TT,CC,AA,AA,AA,CC,GG,TT,CC,TT,AA,AA,TT,CC,GG,CG,AG,CC,GG,CT,AA,CC,CC,CC,CC,AA,TT,CC,AA,CC,CC,AA,TT,AA,AA,CG,CT,CG,GG,AA,AA,AA,AC,GG,CC,CC,AG,AG,AG,TT,GG,AA,TT,TT,GG,CC,GT,TT,TT,NN,AT,TT,TT,AA,TT,GG,CC,GG,CC,CC,CC,GG,CC,AT,GG,AG,CC,TT,CC,GG,TT,CG,AA,AA,GG,TT,AC,CG,AA,CC,CC,GG,GG,AC,GG,TT,AA,AG,CC,GG,AA,AC,AA,AT,GT,TT,TT,AA,GG,GT,AA,GG,TT,TT,AA,GG,AA,TT,AC,TT,NN,TT,AA,CC,CT,GG,AG,CC,AG,AC,TT,TT,TT,NN,TT,AA,CC,AA,GG,CC,CG,GG,CC,GG,TT,AA,CC,TT,GG,CC,CC,NN,AG,CC,AA,CC,AA,AA,NN,CG,CC,TT,AA,CG,AA,AA,CC,AA,GG,AA,AG,AA,NN,GG,AC,AA,AC,AC,CT,AA,AA,GG,AG,GG,TT,AT,AA,GT,TT,TT,AG,AA,GG,GG,AC,5.35,Resistant,Low,Poor,Medium
L0895,Bengaluru Rural,Karnataka,Kharif,Red Sandy Loam,Rainfed,720,26.0,70,AA,TT,AG,AG,GG,CC,GT,TT,CC,CC,AA,CC,CC,NN,TT,GG,GG,TT,TT,AA,CC,TT,TT,CC,AT,CC,GT,TT,GT,AA,TT,CC,AA,CC,GG,NN,GG,CG,GG,CC,TT,CC,AA,TT,AG,AG,TT,AT,CC,CC,GT,AA,AA,GG,CC,TT,AA,CC,GG,AC,AA,TT,TT,AG,CC,AT,CC,GG,TT,GG,AG,GG,CC,AG,GG,AA,AA,GG,TT,TT,GG,GT,GG,CC,AT,GG,AA,AA,CG,TT,CC,GT,CC,AT,GT,GG,TT,CC,GT,CC,CC,CC,GG,AA,TT,TT,CC,AA,AA,AA,TT,GG,TT,CG,TT,AA,AA,TT,CC,AG,CG,GG,NN,GT,CT,AA,CC,CC,CC,CG,AG,TT,AC,AA,CC,NN,AA,TT,AA,AA,GG,CC,CC,GG,AA,GG,AA,AC,GT,CC,CC,AA,NN,GG,TT,GG,AA,TT,TT,GG,CC,GT,TT,TT,CC,AA,GG,TT,AA,TT,CG,CC,AG,TT,CC,CC,GG,AC,AA,GG,AG,CC,TT,CC,TT,TT,CG,AT,AA,AG,TT,CC,NN,AA,CC,CC,GG,GG,AA,CG,TT,AC,AA,CC,GT,TT,CC,AA,TT,GG,TT,TT,AT,GG,GT,AA,CC,AA,GT,AA,GG,AA,TT,AA,TT,CC,TT,AA,CC,TT,GG,AA,CC,AG,CC,TT,TT,TT,GG,TT,AC,AC,GG,GG,CC,CC,GG,CC,GG,TT,AA,CG,TT,GG,CC,CC,AA,AG,CG,NN,CC,AA,AA,AC,CC,CC,TT,AG,GG,AA,AC,AC,AA,AA,AA,AA,AA,TT,GG,AA,AA,AA,AA,CT,AA,AA,GG,GG,GG,GT,AA,AA,GT,TT,TT,AG,TT,GG,GG,AA,2.96,Susceptible,Medium,Poor,Medium
L0896,Bengaluru Rural,Karnataka,Kharif,Red Sandy Loam,Rainfed,720,26.0,70,AC,CT,GG,AG,GG,CC,GG,AT,CC,CG,AA,CC,CG,TT,GT,GG,GG,TT,TT,AA,CC,GT,GT,CT,TT,CC,TT,TT,GT,AA,TT,CC,AA,CC,GG,GG,GG,CG,GG,AC,TT,CT,AA,TT,AA,AA,CT,AT,CC,AC,GG,AT,AA,GG,CC,TT,AA,CC,TT,AC,AG,TT,AT,AA,TT,TT,CC,GG,TT,TT,AA,GG,AC,AG,AG,AA,AT,AG,TT,TT,GG,GG,TT,CC,AA,GG,AA,AA,CC,TT,AC,TT,CT,TT,TT,GG,TT,CC,TT,CC,CC,CG,AA,AA,TT,TT,CC,AA,AA,AA,CT,GG,TT,CC,GT,AC,AA,TT,CC,GG,CC,GG,CC,GG,CT,AA,CC,CC,CC,CC,AA,NN,CC,AA,CC,CT,AA,TT,AA,AA,GG,CC,CC,GG,AA,AA,AT,CC,GT,CC,CC,AA,AG,GG,GT,GG,CC,TT,CT,AG,AC,TT,TT,TT,CG,AA,TT,CT,AA,TT,GG,CC,AG,CT,CC,CC,GG,AC,AA,GG,GG,CC,TT,CC,TT,TT,CG,AT,AA,AA,TT,AA,CC,AA,CC,CC,GG,GG,AA,GG,TT,AA,AA,CC,GG,AA,CC,AA,AA,GT,TT,AT,NN,CG,GT,AA,CC,AT,GT,AA,GG,AA,CT,AA,TT,CC,TT,AA,CC,CC,GG,AA,CG,GG,CC,AT,TT,GT,GG,TT,AA,AC,AA,GT,CC,CG,GG,CC,GG,AA,AA,CC,GT,GG,CC,CC,AA,GG,CC,AT,CC,AA,AA,AC,CG,CC,TT,AA,GG,AA,AA,AC,AA,GG,AG,AA,AA,AT,GG,AC,GG,AC,AA,CC,AA,AG,GG,GG,GG,TT,AA,AG,TT,TT,TT,GG,AT,GG,GG,AA,3.81,Susceptible,Low,Poor,Early
L0897,Bengaluru Rural,Karnataka,Kharif,Red Sandy Loam,Rainfed,720,26.0,70,CC,TT,NN,AG,GG,CG,GG,TT,CC,CC,AT,CC,GG,TT,TT,GG,GG,NN,TT,AA,CC,GT,TT,CC,NN,CC,TT,TT,GG,AA,TT,CT,AA,CC,GG,GG,GG,CC,NN,CC,TT,CT,AA,TT,AA,AG,TT,TT,CC,AC,GG,AA,AG,GG,CT,TT,AA,AC,GT,AA,AA,TT,AT,AA,TT,TT,CC,GT,TT,GT,AA,GG,CC,AA,GG,AC,AT,GG,TT,TT,GG,GG,GT,AC,AA,GG,AA,AT,CC,TT,CC,TT,CT,TT,TT,GG,TT,AC,GG,CC,CT,CC,GG,AG,TT,TT,CC,AA,AG,AA,CC,GG,TT,CC,TT,AA,AA,AT,CC,GG,CC,GG,CC,GG,TT,AA,CC,CC,AC,NN,AA,GT,CC,AA,CC,TT,AA,TT,AA,AT,GG,CT,CC,GG,NN,GG,AA,CC,GG,CC,CC,AA,AG,AG,TT,GG,AA,GT,CT,GG,AC,TT,GT,TT,CC,AT,GT,TT,AA,AT,GG,CC,AA,CT,CC,CC,CC,CC,AA,GG,AG,CC,TT,CC,GG,GT,CG,TT,AA,AA,TT,CC,GG,NN,CC,CC,GG,GG,AA,GG,TT,AA,AA,CC,GT,AA,CC,AT,AT,GG,TT,TT,AA,GG,GT,AA,CG,TT,NN,AA,GG,AA,CT,AA,TT,CC,TT,AA,CC,TT,GG,AG,CC,AG,CC,TT,TT,GT,GG,TT,AA,CC,AA,GG,CC,CG,GG,CG,GG,AT,AA,CC,GT,GG,CC,CC,AT,GG,CC,AA,CC,AA,AA,CC,CC,CC,NN,AA,GG,AA,AC,AC,AA,GG,AA,AG,AA,TT,GG,AA,AA,CC,AC,TT,AA,AG,GG,GG,GG,GT,AA,AA,TT,TT,TT,AA,AA,GG,GG,NN,2.12,Resistant,Low,Premium,Early
L0898,Bengaluru Rural,Karnataka,Kharif,Red Sandy Loam,Rainfed,720,26.0,70,AC,CT,AG,AG,GG,CC,GT,AT,CC,GG,AA,CC,CG,TT,TT,GG,GG,TT,TT,AA,CC,TT,GT,CC,AT,CC,TT,TT,GG,AA,TT,CC,AA,CC,GG,GG,GG,CC,GG,CC,TT,TT,AA,TT,AA,AA,TT,TT,CC,CC,GG,AA,AG,GG,CC,GT,AA,AA,TT,AA,AA,TT,AT,AA,TT,AT,CC,GG,TT,GG,AA,GG,CC,AA,GG,AA,AA,GG,GT,TT,NN,GG,GG,CC,AA,GG,AA,AA,CC,GG,CC,TT,CC,TT,GT,GG,TT,AC,TT,CC,TT,CG,AG,AA,TT,TT,GG,AA,AG,AC,CT,GG,GT,CG,GT,AA,AC,TT,CC,GG,CC,AG,CC,GG,CT,AG,CC,CC,CC,CC,AA,GT,CC,AA,AC,CT,AA,TT,AG,AA,NN,CT,CC,GG,AA,AG,AA,CC,GT,CC,CC,AA,AA,GG,TT,GG,AC,TT,TT,GG,CC,GT,TT,CC,CC,AA,TT,TT,AA,TT,GG,CC,AA,CT,CC,CC,CG,CC,AA,GG,AA,NN,TT,CG,GG,GT,GG,AT,AA,AA,TT,CC,GG,AA,NN,CC,GG,GG,AC,GG,TT,AA,AA,CC,GG,AA,AC,AA,AA,GG,TT,AT,AA,GG,GG,NN,CC,TT,GT,AA,GG,AA,CT,AC,TT,CG,TT,AA,CC,TT,GG,AG,CC,AG,AC,TT,TT,GG,GG,AT,AC,AC,AA,GT,CC,CG,GG,CC,GG,AT,AG,CC,TT,GG,CC,CC,AT,GG,CC,AA,CC,AA,AA,AC,CG,AC,AT,AA,GG,AA,AA,AC,AA,AG,AA,AA,AA,AA,GG,AC,AG,CC,NN,CT,AA,AG,GG,GG,GG,TT,AA,AA,TT,TT,TT,AG,AT,GG,GG,AA,3.73,Susceptible,Low,Poor,Medium
L0899,Bengaluru Rural,Karnataka,Kharif,Red Sandy Loam,Rainfed,720,26.0,70,AA,TT,GG,AA,GG,CC,GG,TT,CC,CG,AA,CC,CG,TT,TT,GG,GG,TT,AT,AA,CC,TT,GG,CC,TT,CT,TT,AT,GG,AA,TT,CC,AA,CC,NN,CG,GG,CG,GG,CC,TT,CT,AA,TT,AA,AG,TT,TT,CC,CC,GG,AA,AA,CG,CT,GT,AA,AC,GT,AA,AA,TT,AT,AA,TT,TT,CC,GG,TT,GG,AG,GG,CC,AA,GG,AA,AT,AG,TT,TT,GG,GG,GG,CC,AT,GG,AA,AT,CC,TT,CC,TT,CT,TT,TT,GG,CT,CC,GT,CC,CT,CG,GG,AA,TT,TT,CC,AA,AA,AA,CC,GT,TT,CC,GT,AA,AA,TT,CC,GG,CC,GG,CC,GT,TT,AA,CC,CG,CC,CC,AA,TT,AC,AA,CC,CC,AA,TT,AA,AA,GG,CC,CC,GG,AA,AA,AA,CC,GG,CC,CC,AG,AA,GG,TT,GG,AC,TT,TT,GG,CC,TT,GT,TT,CC,AT,TT,TT,AA,TT,GG,CC,AG,CC,AC,AC,GG,CC,AA,GG,AA,CC,TT,CC,GG,GT,CG,AT,AA,AG,TT,CC,GG,AA,CC,CG,GG,GG,AA,GG,TT,AA,AA,CC,GT,AA,CC,NN,AT,GT,TT,TT,AA,CG,GT,AA,CC,AT,TT,AA,GG,AA,TT,AA,TT,CC,TT,AA,CC,CT,GG,GG,CC,AG,CC,TT,TT,GT,GG,TT,AA,AA,AG,GG,CC,CG,GG,CC,GG,AT,AA,CC,TT,GG,CC,CC,AT,AG,CC,AT,CC,AT,AA,CC,CG,AC,TT,AA,GG,AA,AA,CC,AA,GG,NN,AG,AA,TT,CG,AA,AA,AC,AA,CT,AA,AA,GG,GG,GG,TT,AA,AA,TT,AT,TT,GG,AT,GG,GG,AA,4.56,Susceptible,Low,Premium,Medium
L0900,Bengaluru Rural,Karnataka,Kharif,Red Sandy Loam,Rainfed,720,26.0,70,AA,TT,GG,NN,CC,CC,GG,TT,CC,CG,AA,CT,CC,AT,TT,GT,GG,TT,TT,AA,CC,GT,GT,CC,TT,CT,TT,TT,GG,AA,CT,CC,AA,CC,GG,GG,GG,NN,GG,CC,TT,NN,AA,TT,AG,AA,TT,TT,CC,AC,GG,AT,AA,GG,CC,TT,AT,CC,GT,AA,AA,TT,AA,AG,TT,AA,CC,GG,TT,GT,AG,GG,CC,AA,AG,AC,AA,AG,TT,TT,GG,GG,GG,CC,AA,GG,AA,AT,CC,TT,CC,TT,CC,TT,GT,AG,TT,CC,GT,CC,CT,CC,GG,AA,TT,TT,CC,AA,AG,NN,CT,GG,TT,CC,TT,AA,AC,TT,CC,GG,CC,AG,CC,TT,TT,AA,CT,CC,CC,CC,AA,TT,CC,AA,CC,CC,AA,TT,NN,AA,CG,CC,CC,GG,AA,AG,AA,CC,GG,CC,CC,AA,AA,AG,TT,GG,AA,TT,CC,GG,NN,TT,TT,TT,CG,AT,TT,TT,AA,TT,GG,CC,AG,TT,CC,AC,CG,CC,AA,GG,GG,CC,TT,CC,GG,TT,GG,TT,AA,AA,NN,CC,GG,AC,AA,CC,GG,GG,AA,GG,TT,AC,AA,CG,GG,AT,CC,AA,TT,GT,TT,TT,AA,CG,GT,AT,CC,AT,GT,AT,GG,AG,TT,AA,TT,CC,NN,AA,CC,TT,GG,AA,CC,AG,CC,TT,CT,TT,GG,TT,AA,AC,AG,GT,CC,CG,GG,CC,GG,AT,AA,CG,GT,GG,CG,CG,AA,GG,CC,NN,CC,NN,AA,CC,CG,AA,TT,AA,GG,AA,AA,CC,AA,AG,GG,AG,AA,AT,GG,AA,AA,CC,AA,TT,AA,AA,GG,GG,GG,NN,AA,AA,GT,TT,TT,AA,TT,GG,GG,AA,3.14,Susceptible,High,Poor,Late
L0901,Bengaluru Rural,Karnataka,Kharif,Red Sandy Loam,Rainfed,720,26.0,70,CC,CC,AA,AG,GG,CG,GT,TT,CC,CC,AA,CC,CG,TT,TT,GG,GG,TT,TT,AA,CC,TT,GT,CC,TT,CC,TT,TT,GG,AA,CT,CT,AA,CC,GG,CG,GG,CC,GG,CC,TT,CT,AA,GT,AA,AG,CT,TT,CC,AC,GG,AA,AG,GG,CT,TT,AA,AA,TT,AC,AA,GT,AT,AA,TT,AT,CC,GG,TT,GG,AA,GG,CC,AA,AG,AA,AT,AG,GT,TT,AG,GG,GG,CC,AA,GG,AA,AA,CC,TT,CC,GT,TT,TT,TT,AG,TT,CC,GT,TT,CC,CC,AG,AA,TT,TT,CC,AA,AG,AC,CC,GG,TT,CC,TT,AA,AA,AA,CC,AG,CC,GG,CC,GG,TT,AA,CC,CC,CC,CG,AA,TT,CC,AA,CC,CT,AA,AT,AA,AA,GG,CT,CC,GG,AA,AA,AA,CC,GG,CC,CC,AG,AA,GG,TT,GG,AC,GT,TT,GG,CC,GG,GT,TT,GG,AA,TT,TT,AA,TT,GG,CC,AA,CT,CC,AC,GG,CC,AA,GG,AA,CC,GT,CC,NN,TT,GG,AT,AA,AG,TT,CC,GG,AC,CC,CC,GG,GG,AC,GG,TT,AA,AA,CC,GG,AA,CC,AT,AT,GT,TT,AT,AA,GG,GG,AT,CC,TT,GT,AA,GG,AA,TT,AC,TT,CC,CT,AA,CC,CT,CG,AG,CC,GG,AA,TT,TT,GT,GG,TT,AC,CC,AA,GG,CC,CC,CG,CC,GG,AT,AA,CC,TT,GG,CC,CG,AA,GG,CG,AA,CC,AA,AA,CC,CG,AC,TT,AA,GG,AA,AC,AA,AA,AG,AA,AA,AA,TT,GG,AA,AA,AA,AC,CC,AA,AA,GG,GG,GG,TT,AA,AG,TT,TT,TT,AG,TT,GG,GG,AA,6.54,Moderate,Medium,Premium,Medium
L0902,Bengaluru Rural,Karnataka,Kharif,Red Sandy Loam,Rainfed,720,26.0,70,AA,CT,GG,GG,GG,CC,GT,TT,CC,CC,AT,CC,CC,TT,TT,GG,GG,TT,TT,AA,CC,TT,GT,CC,TT,CC,TT,AT,GG,AA,TT,CT,AA,CC,GG,CC,GG,GG,GG,CC,TT,CC,AC,TT,AA,AG,NN,TT,CC,AC,GT,AA,AA,GG,TT,TT,AA,AA,GT,AA,AA,NN,TT,AA,TT,TT,CC,GG,TT,GT,GG,GG,CC,AA,AG,AA,AT,AG,GT,TT,GG,GG,GG,CC,AA,GG,AA,AT,CC,GT,CC,TT,CC,AT,TT,AG,CT,CC,TT,CC,CC,CC,GG,AA,AT,TT,CC,AA,AA,AA,CC,GG,GT,CC,GT,AA,AA,TT,CC,GG,CC,GG,CT,GT,CT,AA,CC,CC,CC,CC,AG,NN,CC,AA,CC,CC,AA,TT,AA,AA,GG,CC,CC,GG,GG,AG,AA,AC,GG,CC,CC,AA,AA,GG,TT,GG,AA,TT,CT,GG,AA,TT,GT,TT,CC,AA,GT,TT,AA,AT,GG,CC,AA,CT,CC,CC,GG,CC,AA,GG,AG,CC,TT,CG,GT,GT,GG,TT,AG,AA,TT,CC,GG,AA,NN,CG,GG,AG,AC,GG,TT,AC,AA,CC,GG,AT,CC,AA,AT,GG,TT,TT,AA,CG,GG,AT,CC,TT,TT,AA,GG,AA,TT,AA,TT,CC,TT,AA,CC,TT,CG,GG,CC,GG,CC,TT,TT,GT,GG,TT,AC,CC,AA,GG,CC,CG,GG,CC,GG,AT,AA,CC,TT,GG,CG,CC,AA,AG,CG,AT,CC,AA,AA,CC,CC,AC,TT,AA,GG,AA,AC,AC,AC,AG,AA,AA,AA,TT,GG,AC,AA,AC,AA,TT,AA,AG,GG,GG,GG,TT,AT,AA,GT,TT,TT,AG,AT,GG,GG,AA,3.26,Susceptible,Medium,Poor,Early
L0903,Bengaluru Rural,Karnataka,Kharif,Red Sandy Loam,Rainfed,720,26.0,70,AA,CT,GG,AG,GG,CC,GT,TT,CC,NN,AA,CT,CC,TT,TT,GT,GG,NN,TT,AA,CG,TT,GT,CT,TT,CC,TT,AT,GG,AA,TT,CC,AA,AC,AG,CG,GG,GG,GG,CC,NN,CT,AA,GT,AA,AG,TT,AT,CC,AC,GT,AA,AG,CG,CT,TT,AA,AA,GG,AA,AG,TT,TT,AG,CT,TT,CC,GG,TT,GT,AA,GG,AC,AA,GG,CC,AT,GG,TT,TT,GG,GG,GG,CC,AA,NN,AA,AT,CC,GG,AC,TT,CC,TT,TT,GG,NN,CC,TT,CC,CC,CG,AG,AA,AT,TT,CC,AA,AA,AA,CT,GG,TT,CG,GT,AA,AA,TT,CC,GG,CC,GG,CC,GG,TT,AA,CC,CC,CC,CC,AA,TT,CC,AA,CC,CT,AA,AT,AG,AA,GG,CT,CC,GG,AA,AG,AT,CC,GG,CC,CG,AA,AG,GG,TT,AA,AA,TT,CT,GG,CC,TT,TT,TT,CC,AA,TT,TT,AA,TT,CG,CC,AG,CC,AC,CC,CG,CC,AT,AG,GG,CC,TT,CC,GT,GT,GG,AT,AA,AG,TT,CC,CG,AA,CC,CC,GG,GG,AC,GG,TT,AC,AA,CC,GG,AA,AC,AA,AA,GG,TT,AT,TT,GG,GT,AT,CC,AT,TT,AA,GG,AA,TT,AA,TT,CC,TT,AA,CC,CT,CG,GG,CC,AA,CC,TT,TT,GG,GG,TT,AA,CC,AG,GG,CC,CC,GG,CC,GG,AT,AA,CG,GT,AG,CC,CG,AA,GG,CG,AT,CC,AT,AA,CC,CG,AC,TT,NN,GG,NN,AC,AC,AA,AG,GG,AA,AA,TT,GG,AC,AG,CC,AA,TT,AA,AA,GG,GG,GG,TT,AT,AA,GT,TT,TT,AG,TT,GG,GG,AA,5.75,Susceptible,Low,Premium,Early
L0904,Bengaluru Rural,Karnataka,Kharif,Red Sandy Loam,Rainfed,720,26.0,70,CC,CT,GG,AG,GG,CC,GG,AT,CC,CG,AA,CC,CC,AT,GT,GG,GG,TT,TT,AA,CC,GT,GT,CC,AA,CC,TT,TT,GG,AA,TT,CC,AA,CC,GG,GG,GG,CC,GG,CC,TT,TT,AA,GT,AA,AG,CT,AT,CC,CC,GT,AA,AA,GG,TT,TT,AA,AC,GT,AA,AA,TT,AT,AA,TT,TT,CC,GG,TT,GG,AA,GG,AC,AA,AG,AC,AA,GG,TT,TT,GG,GG,GG,CC,AA,GG,AA,AA,CC,GT,CC,TT,CT,TT,TT,GG,TT,AC,TT,CC,CC,CG,AA,AA,TT,TT,CC,AA,AG,AA,CT,GT,NN,CC,TT,AA,AA,TT,CC,GG,CC,GG,CC,GT,TT,AG,CC,CC,CC,CC,AA,TT,CC,AA,CC,CC,AA,AT,GG,AA,GG,CC,CC,GG,AA,AG,AA,CC,GG,CC,CC,AA,AA,GG,TT,GG,AC,TT,CT,AG,CC,GT,GT,TT,CC,AT,GG,CT,AA,TT,GG,CC,AG,CC,CC,CC,GG,CC,AA,GG,AA,CC,TT,CG,GT,GT,GG,TT,AA,AG,TT,CC,GG,AA,CC,CC,GG,GG,AA,CG,TT,AA,AA,CC,GG,AA,CC,AA,AA,GG,TT,TT,AT,GG,GG,AA,CC,AT,TT,AA,GG,AA,TT,AA,TT,CG,TT,AA,CC,TT,GG,AG,CC,GG,CC,TT,CT,TT,GG,TT,AA,AA,AA,GG,CC,CC,GG,CG,GG,AT,AA,CG,TT,GG,CG,CC,AA,GG,CC,AA,CC,NN,AA,AC,GG,AC,TT,AA,GG,AA,AA,AA,AA,AG,AA,AA,AA,AT,CG,AA,AA,AC,AA,CT,AA,AG,GG,GG,GG,GT,AA,AA,GT,TT,TT,GG,TT,GG,GG,AA,3.33,Susceptible,Low,Standard,Medium
L0905,Bengaluru Rural,Karnataka,Kharif,Red Sandy Loam,Rainfed,720,26.0,70,CC,TT,GG,AG,GG,CC,GG,TT,CC,CC,AA,CC,CG,AT,TT,GG,GG,TT,TT,AG,CC,TT,TT,CT,NN,CT,TT,TT,GT,AC,CT,CC,AA,CC,AG,GG,GG,CC,GT,CC,TT,CT,AA,GT,AA,GG,TT,NN,CC,AC,GG,AA,GG,GG,CT,TT,AA,AA,GG,AA,AA,NN,AT,AA,TT,TT,CC,GG,CC,GT,AA,GG,CC,AA,AG,AC,AT,GG,TT,TT,GG,GG,GG,CC,AA,GG,AA,AT,CC,GT,CC,TT,CC,AT,TT,GG,TT,CC,TT,CC,CC,CC,AG,AA,TT,TT,CG,AA,AG,AA,CC,GG,GT,CC,GT,AC,AA,AT,CG,AG,CC,NN,CC,GT,TT,AA,CC,CC,CC,CC,AA,TT,CC,AA,CC,CC,AA,TT,AA,AA,CG,CC,CC,GG,AA,AG,AA,CC,GG,CC,CC,AA,AG,GG,GT,GG,AC,TT,CT,GG,CC,TT,TT,TT,CC,AA,TT,CT,AA,TT,CG,CC,AG,CT,CC,CC,GG,AC,AA,GG,AA,CC,TT,CC,GT,TT,CC,AT,AA,AA,TT,CC,GG,AC,CC,CC,CG,GG,AA,GG,TT,AA,AA,CC,GG,AA,AC,AA,AT,GG,TT,TT,AT,CG,GT,AT,CC,TT,TT,AA,GG,AA,TT,AA,TT,CC,CT,CC,CC,TT,GG,AA,CC,AA,CC,TT,TT,GG,GG,TT,AA,AC,AA,GG,CC,CC,GG,CC,GG,AT,AG,CC,GT,AG,CC,CC,AA,GG,CC,AA,CC,AA,AA,AC,CC,CC,AT,AG,NN,AA,AA,AA,AA,AG,AA,AA,AA,TT,CG,AA,AA,CC,AC,TT,AA,AA,CG,GG,CG,TT,AA,AA,TT,TT,TT,AA,TT,GG,CG,AA,2.83,Susceptible,High,Premium,Early
L0906,Bengaluru Rural,Karnataka,Kharif,Red Sandy Loam,Rainfed,720,26.0,70,AA,TT,GG,AG,GG,GG,GG,TT,CC,CG,AA,CC,CG,TT,TT,GG,CG,TT,TT,AA,CC,GT,TT,CT,TT,CC,TT,TT,GG,AA,TT,CT,AA,CC,GG,GG,GG,CC,GG,CC,TT,CT,AA,TT,AG,AG,TT,TT,CC,AC,GG,AA,AA,GG,CT,TT,AA,AA,TT,AA,AA,GT,AT,AG,TT,TT,CC,GG,TT,GT,AG,GG,CC,AA,AG,AA,AT,AG,TT,TT,GG,GG,GG,CC,AA,GG,AA,AA,CC,GT,CC,TT,CC,AA,TT,NN,TT,CC,GT,CC,CT,CG,GG,AA,TT,TT,CG,AA,AG,AA,CC,GG,TT,CC,GT,AC,AA,TT,CC,AG,CC,NN,CC,TT,TT,AA,CC,CC,CC,CC,AA,TT,CC,AA,CC,CC,AA,TT,AA,AT,CG,CC,CC,GG,AA,AA,AA,AC,GT,CC,CC,AA,AA,GG,GT,GG,AC,TT,TT,AG,AC,GT,GT,CT,CG,AT,GT,TT,AA,TT,CG,CC,AA,TT,CC,CC,GG,CC,AA,GG,AA,NN,TT,CC,GT,GT,CG,TT,AA,AA,TT,AC,GG,AA,CC,CC,GG,GG,AC,NN,TT,AC,AA,CC,GG,AA,CC,AA,AA,GG,GT,AT,AT,CG,GG,AA,CG,AA,TT,AA,GG,AA,TT,AA,TT,CC,CT,AC,CC,TT,GG,AA,CG,AA,CC,TT,TT,GT,GG,TT,AA,CC,AG,GG,NN,CC,GG,CC,GG,AT,AA,CC,GG,GG,CC,CC,AA,AG,CC,AT,CC,AA,AA,AC,CG,CC,AT,AA,GG,AA,AA,AC,AA,GG,GG,NN,AA,AT,GG,AA,AA,CC,AC,CT,AG,AA,GG,AA,GG,TT,AA,AA,TT,TT,TT,GG,TT,GG,GG,AA,2.94,Susceptible,High,Standard,Late
L0907,Bengaluru Rural,Karnataka,Kharif,Red Sandy Loam,Rainfed,720,26.0,70,AC,TT,AG,AA,GG,CG,GG,TT,NN,CC,AT,CC,CG,TT,TT,GG,GG,AT,TT,AA,CC,GT,TT,CC,NN,CC,TT,TT,GT,AA,TT,CT,AG,CC,GG,GG,GG,CC,GG,CC,TT,TT,AC,GT,AG,GG,TT,TT,CC,AC,GG,AA,AG,GG,CC,GT,AA,AA,GT,AA,AA,TT,TT,AA,TT,TT,CC,GG,TT,GG,AG,GG,CC,AA,GG,AC,AT,AG,TT,TT,GG,GG,GG,CC,AA,GG,AA,AA,CC,TT,CC,GT,CT,TT,TT,GG,TT,CC,TT,CC,CT,CC,AA,AA,TT,TT,CG,AA,AG,AA,CT,GG,TT,CC,TT,AA,AA,TT,CC,GG,CC,GG,CC,GG,TT,AG,CC,CC,CC,CC,AA,TT,CC,AA,CC,CT,AA,TT,AA,AA,GG,CT,CC,GG,AA,AG,AA,AC,NN,CC,CC,AA,AA,GG,GT,GG,AA,GT,CT,GG,AC,GT,TT,TT,CC,AA,GT,TT,AA,TT,GG,CC,AA,CT,NN,CC,GG,CC,AA,GG,GG,CC,TT,CC,GG,TT,GG,TT,AA,AA,GG,CC,GG,AA,AC,CC,GG,GG,CC,CG,TT,AA,AA,CC,GG,AT,AC,AA,NN,GG,GT,AT,AT,GG,GT,AT,CC,AT,TT,AA,GG,AA,TT,AA,TT,CC,TT,AA,CC,TT,GG,AG,CC,AA,AC,TT,CC,GT,GG,TT,AA,AC,AA,GG,NN,CC,GG,CC,GG,AT,AA,CC,TT,GG,CC,CC,AA,GG,CC,TT,CG,AA,AA,AC,CG,AC,TT,AA,GG,AA,AA,AC,AA,GG,AG,AA,AA,TT,CG,AA,AG,CC,AA,CT,AA,AA,GG,GG,GG,TT,AA,AA,NN,TT,TT,AA,TT,GG,GG,AA,5.5,Moderate,Medium,Premium,Early
L0908,Bengaluru Rural,Karnataka,Kharif,Red Sandy Loam,Rainfed,720,26.0,70,AC,TT,AA,GG,GG,CC,GG,AT,CC,CC,AT,CC,CG,AT,TT,GG,GG,AT,TT,AG,CC,TT,GT,CT,AA,CC,TT,TT,GT,AA,TT,CC,AA,CC,GG,GG,GG,GG,GG,CC,TT,TT,AA,TT,AG,AG,TT,AT,CC,CC,GG,AA,AG,GG,CC,GG,AA,AC,GG,AA,AA,TT,TT,AG,TT,AT,CC,GG,TT,GG,AG,GG,CC,AA,GG,AA,AT,GG,TT,TT,GG,GG,GG,CC,AA,GG,AA,AA,CC,GT,CC,TT,CC,TT,NN,GG,TT,CC,NN,CC,CC,CC,GG,AA,TT,TT,CC,AA,AG,AA,CC,GG,TT,CC,TT,AC,AA,TT,CC,GG,CC,GG,CC,GG,TT,AG,CC,CC,CC,CC,AA,TT,CC,AA,CC,CT,AA,AT,AA,AA,CG,CC,CC,GG,AG,AG,AA,CC,GG,CC,NN,AA,AG,GG,TT,AG,AC,TT,CT,GG,CC,TT,GT,TT,CC,AA,GG,TT,AT,TT,CG,CC,AA,CC,CC,CC,CG,CC,AA,GG,AA,CC,TT,CC,GG,TT,GG,AT,AA,AA,TT,CC,GG,AA,CC,CC,GG,GG,AC,CG,TT,AA,AA,CC,GG,AA,CC,AA,AA,GG,TT,AT,AA,GG,GT,AA,CC,AT,NN,NN,GG,AA,TT,AA,TT,CC,TT,AA,CC,CT,GG,AG,CG,AG,CC,TT,TT,TT,GG,AT,AA,CC,AA,GG,CC,CG,GG,CC,GG,TT,AA,CC,GT,GG,CC,CC,AA,AA,CC,AT,CG,AT,AA,CC,CG,AA,TT,AA,CG,AA,AA,AC,AC,GG,AA,AA,AA,TT,NN,AC,AG,AA,AA,TT,AA,AA,GG,GG,GG,TT,AA,AG,TT,TT,TT,AA,TT,GG,GG,AA,4.97,Susceptible,Low,Premium,Medium
L0909,Bengaluru Rural,Karnataka,Kharif,Red Sandy Loam,Rainfed,720,26.0,70,AC,TT,GG,GG,GG,CC,TT,TT,CC,GG,AA,CC,CG,TT,TT,GG,CG,TT,NN,AA,CC,TT,GT,CT,TT,CC,TT,TT,GG,AA,TT,CC,AA,CC,GG,GG,GG,CC,GG,CC,TT,CT,CC,TT,AA,NN,TT,NN,CC,AC,GG,AA,AG,GG,CT,GT,AA,AA,GG,AA,AA,TT,TT,AG,TT,AT,CC,GG,TT,NN,AG,GG,CC,AA,AG,CC,AT,GG,TT,TT,GG,GT,GT,CC,AT,GG,AA,AA,CC,TT,AC,TT,CT,TT,TT,GG,TT,CC,TT,CC,CC,CG,AG,AA,TT,TT,CC,AA,AG,AA,CT,GG,TT,CC,GT,AA,AC,TT,CC,GG,CC,AG,CC,GG,TT,AA,CT,CC,CC,CC,AA,GT,AC,AA,CC,NN,AA,TT,AA,AA,GG,CC,CC,AG,AG,AA,AA,AC,GG,CC,CG,AA,AA,GG,TT,GG,AA,TT,CT,GG,CC,TT,TT,TT,CG,AA,GT,TT,AA,TT,GG,CC,AA,CT,CC,CC,CC,CC,AA,GG,AA,CC,TT,CC,GG,TT,GG,TT,AA,AA,TT,AA,GG,AA,CC,CC,GG,GG,AC,GG,TT,AA,AA,CC,GG,AA,AC,AA,AT,GG,GT,TT,AA,CG,GG,AT,CC,TT,TT,AA,GG,AA,CT,AA,TT,CG,CT,AA,CC,CT,NN,AA,CG,GG,AA,TT,CT,TT,GG,TT,AC,CC,AG,GT,CC,CG,GG,CC,GG,AT,AA,CC,TT,GG,CC,CC,AA,GG,CC,AA,CC,AA,AA,CC,CG,AC,TT,AA,CG,AA,AC,AC,AA,AG,AA,AA,AA,AT,GG,AC,AA,AC,AC,TT,AA,AG,GG,AA,GG,TT,AA,AA,GT,TT,TT,GG,TT,GG,CG,AA,3.1,Susceptible,Medium,Poor,Medium
L0910,Bengaluru Rural,Karnataka,Kharif,Red Sandy Loam,Rainfed,720,26.0,70,AA,CT,GG,AG,GG,CG,GT,TT,CC,CC,AA,CC,CG,TT,TT,GG,GG,TT,TT,AA,NN,TT,TT,CC,TT,CC,TT,TT,GT,AA,CC,CT,AA,CC,GG,CG,GG,CC,GG,AC,TT,TT,AA,TT,AA,GG,TT,TT,CC,CC,GG,AT,AA,GG,CC,TT,AA,AC,GG,AC,AA,TT,AA,AG,CT,TT,CC,GG,TT,TT,AG,GT,CC,AA,GG,AC,AA,AG,TT,TT,GG,GG,GG,CC,AA,GG,AA,AT,CC,TT,AC,TT,CC,TT,TT,GG,CT,AC,TT,CC,CT,CC,AG,AA,AT,TT,CC,AG,AG,AA,CC,GG,GT,CC,TT,AA,AA,TT,CG,GG,CG,GG,CT,GT,TT,AG,CT,CC,CC,CC,AA,TT,CC,AA,CC,CC,AG,AT,AA,AA,GG,CC,CC,GG,AA,AG,AA,CC,GG,CC,CC,AG,AG,GG,TT,GG,AC,TT,CT,AG,AC,GT,TT,TT,CG,AA,GT,TT,AA,AT,GG,CC,AG,CT,CC,CC,CG,AC,AA,GG,AA,CC,TT,CC,GG,GT,GG,TT,AA,AG,TT,CC,GG,AA,CC,CC,GG,GG,AA,GG,TT,AA,AG,CC,GT,AA,AC,AA,AA,GG,TT,TT,AA,GG,GT,AT,CC,AT,NN,AA,GG,AA,TT,AA,TT,CC,CT,AC,CC,NN,GG,AG,CC,AA,CC,TT,TT,GT,GG,TT,AA,AA,GG,GG,CC,CC,GG,CC,GG,TT,AG,CC,TT,GG,CC,CG,AA,GG,CG,AA,CG,AA,AA,AC,CC,CC,TT,AA,GG,AA,NN,CC,AA,GG,AA,AA,AA,TT,GG,AA,AA,CC,AA,CT,AA,AA,GG,GG,GG,TT,AA,AA,GT,TT,TT,GG,AT,GG,GG,AA,1.17,Susceptible,High,Standard,Early
L0911,Bengaluru Rural,Karnataka,Kharif,Red Sandy Loam,Rainfed,720,26.0,70,AA,TT,GG,AG,GG,CG,GG,AT,CC,CC,AA,CC,CG,TT,TT,GG,GG,TT,NN,AG,CC,TT,TT,CC,TT,CC,TT,TT,GG,AA,TT,CC,AA,CC,GG,GG,GG,CG,GG,CC,TT,TT,AA,TT,GG,AG,TT,TT,CC,AA,GG,NN,AA,GG,CC,GT,AT,AA,GT,AC,AG,TT,TT,AA,TT,TT,CC,GG,TT,GG,AA,GG,CC,AA,GG,AC,AA,GG,TT,TT,GG,GT,GG,CC,AA,GG,AA,AA,CC,GT,AC,TT,CC,TT,TT,GG,CC,CC,GT,CC,CT,CC,AA,AA,TT,TT,CC,AA,AA,AC,CC,GG,TT,CC,TT,AC,AA,TT,CC,GG,CC,GG,CT,TT,CT,AA,CC,CC,CC,NN,AA,TT,CC,AA,CC,CC,AA,AT,AA,AA,GG,CC,CC,GG,AA,GG,AA,CC,GG,NN,CC,AA,AA,GG,TT,GG,AC,GT,TT,GG,AC,GT,GT,CT,CC,AT,GT,TT,AA,NN,GG,CC,AA,CT,AC,AC,CG,CC,AA,GG,AG,CC,TT,CC,GT,NN,GG,AT,AA,AG,TT,CC,GG,AA,AA,CC,GG,GG,AC,GG,TT,AC,AA,CC,GG,AT,CC,AA,AT,GG,TT,TT,AA,GG,GT,AT,CG,AT,TT,AA,GG,AA,TT,AA,TT,CG,TT,AA,CC,TT,GG,AA,CG,AG,AC,TT,CT,GT,GG,AT,AA,AC,AA,GG,CC,CG,GG,CC,GG,TT,AA,CG,NN,GG,CC,CC,AA,AG,CC,AA,CC,AA,AA,AC,CG,AC,TT,AA,CG,AA,AC,AA,AA,AA,AG,AG,AA,TT,GG,AA,GG,AA,AA,TT,AA,AA,NN,GG,GG,NN,AA,NN,TT,TT,TT,AA,TT,CC,GG,AA,6.99,Susceptible,Low,Poor,Late
L0912,Bengaluru Rural,Karnataka,Kharif,Red Sandy Loam,Rainfed,720,26.0,70,NN,TT,NN,NN,CG,CC,GG,TT,CC,CG,AA,CC,CC,TT,GT,GT,NN,TT,TT,AA,CC,TT,GT,CT,TT,CC,TT,TT,GG,AA,TT,CT,AA,CC,GG,GG,GG,CC,GG,CC,TT,CC,AA,TT,AG,AG,TT,NN,CC,AC,GG,AA,AA,GG,CC,TT,AT,AA,TT,AC,AA,TT,AT,AG,TT,TT,CC,NN,NN,GG,AA,GG,CC,AA,GG,AA,AT,AG,TT,TT,GG,TT,GG,CC,AA,GG,AA,AT,CC,TT,AC,TT,CC,AT,GT,AG,TT,CC,GT,CT,CT,CG,GG,AA,TT,TT,CC,AA,AA,AA,CC,GG,GT,CC,TT,AC,AA,TT,CC,GG,CC,GG,CC,GG,NN,AA,CT,CC,CC,CC,AA,GT,CC,AA,CC,CC,AA,TT,AA,AA,GG,CC,CC,GG,AA,AG,AA,CC,GG,CC,CG,AG,NN,GG,TT,NN,AA,TT,CT,GG,CC,TT,TT,TT,CC,AA,GT,TT,AT,TT,GG,CC,AA,CC,CC,AC,GG,CC,AA,GG,AA,CC,TT,CC,GG,GT,GG,TT,AA,AA,TT,CC,GG,CC,CC,CC,GG,GG,AA,GG,TT,AC,AA,CC,GG,AA,CC,AA,AA,GG,TT,TT,AA,GG,TT,AA,CC,AT,GT,AA,GG,AA,TT,AA,TT,CG,TT,AA,CC,TT,GG,GG,CC,AG,CC,TT,CC,GT,GG,TT,AA,CC,AG,GG,CC,CC,GG,CC,GG,TT,AA,CC,TT,GG,CC,CC,AA,AG,CC,AT,CG,AA,AA,AC,CG,AC,TT,AA,GG,NN,AA,AC,AA,GG,AA,AA,AA,AT,GG,AA,AG,AC,AC,TT,AA,AA,GG,GG,GG,GT,AA,AA,TT,TT,TT,AG,TT,GG,GG,AA,5.7,Moderate,Medium,Standard,Early
L0913,Bengaluru Rural,Karnataka,Kharif,Red Sandy Loam,Rainfed,720,26.0,70,AA,TT,GG,AG,GG,CC,GT,TT,CC,CG,AT,TT,CC,TT,TT,NN,CG,NN,TT,AG,CG,TT,TT,TT,TT,CC,TT,TT,GG,AA,CT,NN,AA,CC,GG,NN,GG,GG,GG,CC,TT,CC,AC,TT,AA,GG,TT,TT,CC,AA,GG,AA,AG,GG,CC,TT,AA,AC,TT,AA,AA,TT,TT,AA,TT,AA,CC,GG,TT,GT,AA,GT,AC,AA,AG,AC,AA,GG,TT,CT,GG,GT,GT,NN,AA,GG,AA,AA,CC,TT,AC,GT,NN,AT,TT,GG,TT,AC,GT,CC,CC,GG,GG,AA,TT,GT,CC,AA,AA,AA,CT,GG,GT,CC,TT,AA,AA,AT,CG,GG,CG,AG,CC,TT,TT,AA,CC,CC,CC,CC,AA,TT,AC,AA,CC,CC,AA,TT,AA,AA,CG,CC,CC,GG,AA,AG,AA,CC,GG,CC,CC,AA,AG,GG,TT,AG,AA,GT,TT,GG,CC,TT,GT,TT,CC,AA,GT,TT,AA,AT,CG,CC,AA,CT,CC,CC,CG,CC,AA,GG,AA,CC,TT,CC,GG,GT,GG,AT,AA,AA,TT,NN,GG,AA,CC,CC,GG,GG,AC,GG,TT,AA,AA,CC,GG,AA,CC,AT,AA,GG,TT,AA,AT,NN,GT,AT,CG,TT,TT,AA,GG,AA,TT,AA,TT,CC,CT,AC,CC,TT,GG,AG,CC,AA,CC,TT,CT,TT,GG,TT,AA,AC,AA,GT,CC,CC,GG,CC,GG,TT,AA,CC,TT,GG,CC,CC,AT,AG,CC,AA,CC,AA,AA,AC,CG,AC,TT,AA,GG,AA,AC,CC,AA,AA,AG,AG,AA,TT,GG,AA,AA,CC,AC,TT,AA,AA,GG,GG,GG,TT,AT,AA,TT,TT,TT,GG,TT,CG,CG,AA,3.43,Resistant,High,Standard,Late
L0914,Bengaluru Rural,Karnataka,Kharif,Red Sandy Loam,Rainfed,720,26.0,70,AC,TT,GG,AG,GG,CC,GG,AA,CC,CC,AA,CC,CG,NN,TT,GG,CC,TT,TT,AA,CC,GT,GT,TT,TT,CC,TT,TT,GG,AA,TT,CT,AA,CC,AG,GG,GG,CC,GG,CC,TT,TT,AA,NN,AG,AG,TT,TT,CC,AA,GG,AT,AA,GG,CC,TT,AA,AA,GT,AA,AA,TT,AT,AA,CC,TT,CC,GG,TT,TT,AA,GG,CC,AA,GG,AA,TT,GG,TT,TT,GG,GG,GG,CC,AA,GG,AA,AA,CG,TT,CC,TT,CC,AT,GT,GG,CT,CC,TT,CC,CC,CC,GG,AA,TT,TT,CC,AA,AG,AA,CT,GG,TT,CC,TT,AC,AA,TT,CG,GG,CG,AG,CC,GG,CT,AA,CC,CC,CC,CC,AG,GT,CC,AA,CC,CC,AA,TT,AA,AA,GG,TT,CC,GG,AA,AA,AT,AC,GG,CC,CC,AA,AA,AG,GT,GG,AA,TT,CT,GG,AA,TT,GG,CT,CG,AT,TT,TT,AA,TT,CG,CC,NN,CT,AC,CC,CG,CC,AA,GG,AG,CC,TT,CC,GT,TT,GG,AA,AA,AG,TT,CC,GG,AA,AA,CC,GG,NN,AA,GG,TT,AA,AG,CC,GT,AA,CC,AA,AA,GG,TT,AT,AT,GG,GG,AA,CC,TT,TT,AA,GG,AA,TT,AA,TT,CC,TT,AA,CC,TT,GG,AG,CC,AA,AC,AT,TT,GT,GG,TT,AA,CC,AA,GG,CC,CC,GG,NN,GG,AT,AA,CC,TT,GG,CG,CC,AA,GG,CC,AT,CC,AA,AG,CC,CC,CC,TT,AA,GG,AA,AA,AC,AA,GG,AA,AG,AA,TT,GG,AC,AG,AC,AC,CT,AA,AG,CC,GG,GG,TT,AA,AG,TT,TT,TT,AA,AT,GG,GG,AA,3.97,Susceptible,Low,Poor,Medium
L0915,Bengaluru Rural,Karnataka,Kharif,Red Sandy Loam,Rainfed,720,26.0,70,AA,TT,AG,AG,GG,CG,GG,TT,CC,CC,AT,CC,GG,TT,GT,GG,CC,TT,AT,AA,CC,GT,TT,CC,TT,CC,GT,TT,NN,AA,TT,CC,AA,CC,AG,GG,GG,CC,GG,CC,TT,CC,AA,TT,AA,GG,TT,TT,CC,AC,GG,AT,AA,GG,CT,TT,AA,AC,TT,CC,AA,TT,AT,AG,TT,AT,CC,GG,TT,GG,AG,GT,CC,AA,GG,AA,AT,AG,TT,TT,GG,GT,GG,CC,AA,GG,AA,AA,CC,GT,CC,TT,CT,AT,TT,GG,TT,AC,GT,CC,CT,CG,AG,AA,TT,TT,CG,AA,GG,AA,TT,GG,TT,CC,TT,AC,AA,TT,CC,AG,CC,AG,CC,GT,TT,AG,CT,CC,CC,CC,AA,TT,CC,AA,CC,CC,AA,TT,AA,AA,GG,CC,CC,GG,AA,AA,AA,CC,GG,CC,CC,AG,AG,GG,TT,AG,AA,TT,TT,GG,AC,TT,TT,TT,CC,AA,GT,TT,AA,AT,GG,CC,AG,CT,CC,CC,GG,NN,AA,GG,AA,CC,TT,CC,GG,GT,CG,AT,AA,AA,TT,CC,GG,AA,NN,CC,GG,GG,AA,GG,TT,AC,AG,CC,GT,AA,AC,AA,AT,GG,TT,TT,AA,CG,TT,TT,CC,TT,NN,AA,GG,AA,TT,AA,TT,CC,CT,AC,CC,CT,GG,AA,CG,GG,CC,TT,TT,GG,GG,TT,AA,AC,AA,GG,CC,CG,GG,CC,GG,AT,AA,CC,TT,GG,CC,CC,AA,GG,CC,AA,CC,AA,AA,AA,GG,CC,TT,AA,GG,AA,AA,AC,AC,GG,AA,AA,AA,AT,GG,AA,GG,CC,AA,TT,AG,AA,GG,AG,GG,TT,AA,AA,GT,TT,TT,AA,AT,GG,GG,AA,2.9,Susceptible,High,Standard,Late
L0916,Bengaluru Rural,Karnataka,Kharif,Red Sandy Loam,Rainfed,720,26.0,70,CC,TT,AG,AA,GG,CC,GG,AT,CC,CC,AA,CT,CC,TT,TT,GG,CG,TT,TT,AA,CC,GT,TT,CT,TT,CC,TT,TT,GG,AA,TT,CT,AA,CC,GG,GG,GG,GG,GG,CC,TT,CT,AA,TT,AA,AG,TT,TT,CC,AA,GT,AT,AA,GG,CC,GT,AA,AC,GT,AA,AA,TT,AT,AG,CT,TT,CC,GG,TT,GG,AA,GG,CC,AA,AG,AA,AA,GG,TT,TT,GG,GT,GG,CC,AA,GG,AA,AA,CC,GT,CC,TT,NN,TT,TT,GG,CT,CC,GT,CC,CT,CG,GG,AA,AT,TT,CG,AA,AA,AC,CC,GG,TT,NN,TT,AA,AA,TT,CC,AG,CC,GG,CC,GG,TT,AG,CT,CC,CC,CC,AA,TT,AC,AA,CC,CC,AA,TT,AA,TT,GG,CT,CG,GG,AA,GG,AA,AC,GT,CC,CC,AA,AA,GG,TT,AG,AC,TT,CT,GG,CC,GT,TT,CT,CG,AA,TT,CT,AA,TT,GG,CC,AG,CC,CC,CC,GG,CC,AA,GG,AA,CC,TT,CC,GT,GT,CG,AT,AA,AG,GT,CC,CG,AA,CC,CC,GG,GG,AC,GG,TT,AC,AA,CC,GG,AA,CC,AT,AA,GG,TT,AT,TT,GG,GG,AA,CC,TT,GT,AA,GG,AA,TT,AC,TT,CC,TT,AA,CC,TT,GG,GG,CG,AA,AC,TT,TT,GT,NN,AT,CC,AC,AA,GT,CC,CG,GG,CC,GG,AT,AA,CG,GT,GG,CC,CC,AT,AA,CG,AA,CC,AA,AA,AC,CC,AC,TT,AA,GG,AA,AA,AC,AC,AG,AA,AG,AA,TT,GG,AA,AA,AA,AC,CT,AA,AA,GG,GG,GG,TT,AA,AG,GT,TT,TT,AA,AT,GG,GG,AC,5.76,Moderate,Medium,Standard,Medium
L0917,Bengaluru Rural,Karnataka,Kharif,Red Sandy Loam,Rainfed,720,26.0,70,AC,TT,GG,AG,GG,CC,GT,AT,CC,CG,AA,CC,CC,TT,TT,GG,CG,TT,TT,AA,CC,TT,GT,CC,TT,CC,TT,TT,GG,AA,TT,CC,AA,CC,GG,GG,GG,CC,GG,CC,GT,CT,AC,TT,AG,AG,TT,AT,CC,CC,GG,AT,AG,GG,CT,GT,AT,AA,GT,NN,AG,GT,AT,AG,TT,AT,CC,GG,TT,TT,AA,GT,CC,AA,GG,AA,AT,GG,TT,TT,NN,GG,GG,AC,AT,GG,AA,AT,CC,GT,AC,TT,NN,TT,GG,GG,TT,AC,NN,CC,CT,CC,AG,AA,TT,TT,CC,AA,AG,AC,CT,GG,TT,CC,TT,AA,AA,TT,NN,GG,CC,GG,CC,GG,CT,AA,CC,CC,CC,CC,AA,TT,CC,AA,CC,CC,AA,NN,AA,AT,GG,CC,CC,GG,AA,AG,AA,CC,GG,CC,CC,AA,AG,GG,TT,GG,AC,GT,TT,GG,AC,GT,GT,TT,CC,AA,TT,TT,AA,TT,CG,CC,AA,CT,AC,CC,CG,CC,AA,NN,AA,CC,TT,CC,GT,TT,GG,AT,AA,AG,TT,CC,CG,AA,AC,CC,GG,NN,AA,GG,TT,AA,AG,CC,GG,AT,CC,AA,AT,GG,GT,AT,NN,GG,TT,AA,CC,TT,TT,AA,NN,AA,TT,AA,TT,CC,TT,AA,CC,TT,CG,AA,CC,GG,CC,TT,TT,GT,CG,TT,AC,AC,NN,GG,CC,CG,GG,CC,GG,TT,AA,CC,GT,GG,CG,CC,AA,GG,CC,AT,CC,AA,AA,CC,CC,CC,TT,AA,GG,AA,AA,CC,AA,AA,AG,AG,AA,TT,GG,AA,AA,AC,AA,CT,AG,AA,GG,GG,GG,GT,AA,AA,TT,TT,TT,AG,TT,GG,GG,AC,2.85,Resistant,Low,Poor,Medium
L0918,Bengaluru Rural,Karnataka,Kharif,Red Sandy Loam,Rainfed,720,26.0,70,AC,TT,GG,AA,GG,CC,GT,TT,CC,CC,AA,CC,CC,TT,TT,GG,GG,TT,TT,AA,NN,GT,TT,CT,TT,CC,TT,TT,GT,AA,TT,CC,AA,CC,GG,GG,GG,CG,GG,AC,TT,CT,AA,TT,AG,GG,TT,TT,CC,CC,GG,AA,AG,GG,CC,TT,AT,AA,GG,AA,AA,TT,AT,AG,TT,TT,CC,GG,TT,GG,AA,GT,CC,AA,GG,AA,AT,AG,TT,TT,NN,TT,GG,CC,AA,GG,AA,AA,CC,GT,CC,TT,CC,TT,TT,GG,TT,AC,TT,CC,CT,CG,AA,AA,TT,TT,NN,AA,AG,AA,CC,GG,TT,GG,GT,AA,AA,TT,CG,AG,CC,GG,CC,GT,CT,NN,CC,CC,CC,CC,AA,NN,CC,AA,CC,CC,AA,TT,AA,AA,GG,TT,CC,GG,AA,AA,AA,CC,GG,CC,CC,AA,AG,GG,TT,AG,AA,TT,CT,GG,AA,NN,TT,TT,CC,AA,TT,CT,AT,AT,GG,CC,AG,CT,CC,CC,CG,CC,AA,GG,AA,CC,TT,CG,GG,TT,CC,AA,AA,AA,TT,CC,GG,AA,CC,CG,GG,AG,AA,GG,TT,AC,AA,CC,GG,AA,AC,AA,AA,GG,TT,AT,AA,GG,GT,AA,CC,NN,TT,AA,GG,AA,TT,AA,TT,CC,CT,AA,CC,CT,GG,AA,CG,AG,CC,TT,CT,GT,GG,TT,AA,AC,AG,GG,CG,CG,GG,CC,GG,TT,AA,CG,GT,GG,CC,CC,AA,AA,CG,AT,CC,AA,AA,CC,CC,CC,TT,AA,GG,AA,AA,AC,AA,GG,AA,AA,AA,TT,GG,AA,AG,CC,AC,TT,AA,AA,GG,GG,GG,TT,AA,AA,TT,TT,TT,AA,TT,GG,GG,AA,3.58,Susceptible,Low,Poor,Medium
L0919,Bengaluru Rural,Karnataka,Kharif,Red Sandy Loam,Rainfed,720,26.0,70,AC,CT,GG,AG,GG,CC,GG,TT,CC,CG,AA,CT,CC,TT,TT,GG,CG,TT,TT,AA,CG,GT,TT,CC,TT,CC,TT,TT,GG,AA,TT,CT,AA,CC,GG,GG,GG,CC,GG,CC,TT,CC,AA,TT,AG,GG,TT,AT,CC,AC,GT,AA,AA,GG,CT,TT,AA,AA,GT,AC,AA,TT,TT,GG,CT,TT,CC,GG,TT,GG,AG,GG,CC,AA,AG,AC,AA,GG,TT,TT,GG,GT,GT,CC,AA,GG,AA,AA,CC,TT,CC,TT,CC,TT,GT,GG,CT,CC,TT,CC,TT,CG,AG,AG,AT,TT,CC,AA,GG,AA,CC,GG,TT,CC,TT,AA,AC,TT,CC,GG,CC,GG,CC,GT,TT,AA,CC,CC,CC,CC,NN,TT,CC,AA,CC,CC,AA,TT,AA,AA,GG,CC,CC,GG,AA,AG,AA,AC,GG,CC,CG,AA,AA,GG,TT,GG,AC,TT,TT,GG,CC,GT,TT,TT,CC,AA,GT,TT,AA,TT,GG,CG,AA,TT,CC,CC,CG,AC,AA,GG,AG,CC,TT,CG,GT,GT,GG,AT,AA,AG,TT,CC,GG,AA,CC,CC,GG,GG,AA,CG,TT,AA,AA,CC,GG,AT,AC,AA,AA,GG,TT,AT,AT,GG,GT,AT,CC,AT,GT,AA,GG,AA,CC,AA,TT,CC,CT,AA,CC,TT,NN,AA,CC,AA,CC,TT,TT,NN,CG,TT,AA,CC,AA,GG,CC,CG,GG,CC,GG,AT,AA,CC,TT,GG,CC,CC,AA,GG,CG,AA,CG,AA,AA,AC,CG,CC,TT,AA,GG,AT,AA,AA,AA,AG,AG,AG,AA,TT,GG,AA,AA,AC,AC,CT,AA,AG,GG,GG,GG,TT,AT,AA,TT,TT,TT,AA,AT,GG,GG,CC,5.59,Resistant,High,Standard,Late
L0920,Bengaluru Rural,Karnataka,Kharif,Red Sandy Loam,Rainfed,720,26.0,70,AA,TT,NN,AG,CG,CC,GG,TT,CC,GG,AA,CT,CG,TT,TT,GG,GG,TT,TT,AA,CC,GT,GG,CT,TT,CC,GT,AT,GG,AA,TT,CC,AA,NN,AG,GG,GG,CG,GT,CC,TT,CT,AA,TT,AG,GG,TT,AT,CC,AC,GT,AT,AA,GG,CT,TT,AA,AA,TT,AC,AA,GT,TT,AA,TT,TT,CC,GG,TT,GG,AG,GG,CC,AA,GG,AA,NN,GG,TT,TT,GG,GT,NN,CC,AA,GG,AA,AA,CC,GT,CC,TT,CT,TT,TT,GG,TT,AC,GT,CC,CC,CG,AG,AG,TT,TT,CC,AA,AA,AA,CC,GG,TT,CC,TT,AC,AA,TT,CG,AG,CC,GG,CC,GG,TT,AA,CC,CC,CC,CC,AA,TT,CC,AA,CC,CC,AA,AA,AA,AT,GG,CC,CC,GG,AA,AG,AA,CC,GT,CC,CC,AA,AA,GG,TT,AG,AA,GT,NN,GG,AA,GT,GT,TT,CC,AA,GG,TT,AA,TT,GG,NN,AG,CC,CC,CC,GG,CC,AA,GG,AG,CC,TT,CG,GG,GT,CG,AT,AA,AA,TT,CC,CG,AA,CC,CC,GG,GG,AA,CG,TT,AC,AA,CC,GG,AA,AA,AA,AA,GT,TT,TT,AA,NN,GT,AA,CG,AT,TT,AA,GG,AA,TT,AC,TT,CC,TT,AC,NN,CT,CG,AA,CC,AG,CC,TT,TT,GT,NN,TT,AA,AC,AG,GG,CC,CC,GG,CC,GG,TT,AA,CC,GT,GG,CC,CC,AA,GG,CG,AA,CC,AT,AA,CC,GG,AC,TT,AA,GG,AA,AA,AC,AA,AG,AG,AA,AA,TT,CG,AC,AA,AC,AA,TT,AA,AA,GG,GG,GG,TT,AA,AG,GT,TT,TT,AA,AT,GG,GG,AA,2.61,Susceptible,Medium,Poor,Early
L0921,Bengaluru Rural,Karnataka,Kharif,Red Sandy Loam,Rainfed,720,26.0,70,AC,TT,GG,AA,GG,CC,GT,TT,CC,CC,AA,CC,CC,AT,GT,GG,GG,TT,TT,AA,CC,GT,GT,TT,TT,CC,GT,TT,GG,AA,TT,CT,AG,CC,GG,GG,GG,CC,GG,CC,TT,TT,AA,TT,AA,AG,TT,TT,CC,AA,GG,AA,AA,GG,TT,GT,AA,AA,TT,AA,AA,TT,AT,AA,TT,AA,CC,GG,TT,GG,AA,GT,AC,AA,GG,CC,AT,GG,TT,TT,GG,GG,GG,CC,AA,GG,AG,AA,CC,GT,CC,TT,TT,TT,TT,GG,TT,AC,GT,CC,CT,CG,AG,AA,TT,TT,CC,AA,AG,AA,CC,GG,NN,CC,TT,AA,AA,TT,CG,AG,CC,AG,CT,GG,TT,AA,CC,CC,NN,CC,AG,TT,CC,AA,CC,CC,AA,TT,AA,AA,GG,CC,CC,GG,AA,AA,AA,CC,TT,CC,CG,AA,AG,AG,TT,AG,AA,TT,TT,GG,AC,TT,TT,TT,CC,AA,TT,TT,AA,AT,CG,CC,AG,TT,CC,CC,CG,CC,AA,GG,NN,CC,TT,CG,GG,TT,GG,AA,AA,AA,TT,CC,CG,AC,AC,CC,GG,GG,AC,NN,TT,AA,AA,CC,NN,AA,CC,AA,AA,GG,TT,TT,AA,GG,TT,TT,CC,TT,GT,AA,GG,AA,TT,AA,TT,CC,TT,AC,AC,TT,GG,AA,CG,AG,AC,TT,TT,TT,GG,TT,AA,CC,AG,GG,CC,CG,GG,CC,GG,AA,AG,CG,GG,AG,CC,CC,AT,GG,CC,AA,CC,AA,AA,AC,CC,AC,TT,AA,CG,AA,AA,AA,AC,AG,AA,AA,AA,TT,GG,AA,AA,CC,AA,CC,AA,AA,GG,AG,GG,TT,AA,AA,TT,TT,TT,AA,AT,GG,CG,AA,0.4,Susceptible,High,Standard,Medium
L0922,Bengaluru Rural,Karnataka,Kharif,Red Sandy Loam,Rainfed,720,26.0,70,AA,TT,GG,AG,GG,CC,GG,TT,CC,CC,AA,CC,CC,AT,TT,GT,GG,TT,TT,AA,CC,TT,GT,CC,TT,CC,TT,TT,GT,AA,TT,CC,AA,CC,GG,GG,GG,CG,GG,CC,TT,TT,AA,GG,AA,GG,TT,TT,CC,AC,GT,AA,AG,GG,CC,TT,AA,AC,GT,AA,AA,TT,TT,AG,TT,TT,CC,GG,CT,GG,AA,GG,CC,AA,GG,AC,AA,GG,TT,TT,GG,TT,GG,CC,AA,NN,AA,AT,CC,TT,AA,TT,CC,TT,GT,GG,CT,AC,TT,CC,CC,CC,AG,AA,TT,TT,CC,AA,AG,AC,CC,GG,TT,CC,TT,AA,AA,AT,CC,GG,CC,AG,CT,GG,TT,AA,TT,CC,CC,CC,AA,TT,CC,AA,CC,CC,AA,AT,AA,AA,GG,CC,CC,AG,AG,AG,AA,AC,GG,CC,CC,AA,AA,GG,TT,AA,AA,TT,TT,AG,CC,GT,TT,TT,CG,AA,TT,CT,AA,AT,GG,CC,GG,CT,CC,CC,CG,CC,AA,GG,AG,CC,GT,CC,GG,TT,GG,TT,AA,AG,TT,CC,CC,AA,CC,CC,GG,GG,AC,CG,TT,AA,AA,CC,GT,AA,CC,AA,AA,GT,TT,TT,AT,CG,GG,AT,CC,AT,TT,AA,GG,AG,TT,AC,TT,NN,TT,AC,CC,TT,GG,AG,CC,GG,CC,TT,TT,TT,GG,TT,AC,CC,AA,GG,CG,CC,GG,CC,GG,AT,AA,CG,TT,GG,CC,CC,AT,GG,CG,AA,CC,AA,AG,CC,CC,CC,TT,AA,GG,AA,AA,AA,AA,AG,AA,AG,AA,TT,GG,AC,AG,CC,AC,CC,AA,AA,GG,GG,CG,GT,AT,AA,GG,TT,TT,AG,TT,GG,CG,AA,3.24,Susceptible,High,Premium,Early
L0923,Bengaluru Rural,Karnataka,Kharif,Red Sandy Loam,Rainfed,720,26.0,70,AC,TT,GG,AG,CG,CC,GT,TT,CC,CC,AA,TT,CG,TT,GT,GG,CG,TT,TT,AA,CC,GT,GT,CT,AT,CC,TT,TT,GG,AA,TT,CC,AA,CC,GG,CG,GG,GG,GG,CC,TT,CT,AA,TT,AA,AG,TT,TT,CC,CC,GG,AA,AG,GG,CT,TT,AA,AA,GG,AC,AG,TT,AT,AA,TT,TT,CC,GG,TT,GG,AA,GG,CC,AA,AG,AC,AA,GG,GG,TT,GG,GG,GG,CC,AT,GG,AA,AA,CC,TT,CC,TT,CC,TT,GG,GG,TT,CC,TT,CC,CT,CC,AG,AA,TT,TT,CC,AA,AA,AC,CC,GG,TT,NN,TT,AA,AA,TT,CC,AG,CC,GG,CC,GG,TT,AA,CC,CC,CC,CC,AA,TT,CC,AA,CC,CC,AG,TT,AA,AA,CG,CC,CC,GG,AA,AG,AA,AC,GG,CC,CG,AA,AA,GG,GG,GG,AC,TT,TT,GG,AC,TT,TT,CT,CC,AA,GG,TT,AT,TT,GG,CC,AG,CT,CC,AC,GG,CC,AA,GG,GG,CC,TT,CC,GG,GT,GG,AT,AA,AA,TT,CC,GG,AC,CC,CC,GG,GG,AA,GG,NN,AC,NN,CC,GG,AA,AA,AA,AT,TT,NN,AA,TT,GG,GG,AT,CC,AT,GT,AA,GG,AA,CC,AC,AT,CC,TT,AA,CC,CT,CG,AG,CC,AA,CC,TT,NN,GT,NN,TT,AA,AC,AG,GG,CC,CC,GG,CC,GT,AA,AA,CC,TT,GG,CC,CG,AA,GG,CG,AA,CC,AA,AA,CC,CC,CC,AT,AA,GG,AA,AA,AC,AA,AG,AG,AA,AA,TT,GG,CC,AA,CC,AA,TT,AA,AG,GG,GG,GG,TT,AA,AA,GT,TT,TT,AA,AT,GG,GG,AA,3.0,Susceptible,Medium,Poor,Early
L0924,Bengaluru Rural,Karnataka,Kharif,Red Sandy Loam,Rainfed,720,26.0,70,AC,TT,GG,AG,GG,CC,GG,TT,CC,CC,AA,CC,CC,TT,TT,GT,GG,TT,TT,AA,CC,TT,TT,CC,TT,CC,GT,AT,GT,AA,TT,CC,AA,CC,GG,NN,GG,CC,GG,CC,TT,TT,AA,TT,AA,GG,TT,AT,CC,CC,GG,AA,AA,CG,CC,GG,AA,AC,GT,AC,AA,TT,AT,AA,CC,TT,CC,GG,TT,GG,AG,GG,CC,AA,GG,AC,AA,AG,TT,TT,AG,GT,GG,CC,AA,GG,AA,AA,CC,TT,AC,TT,CT,TT,GT,GG,TT,AC,TT,CC,CT,CG,AG,AA,TT,TT,CC,AA,AA,AC,CC,GG,TT,CG,TT,AA,AA,AT,CC,AG,CG,GG,CC,GG,CC,AA,CC,CC,AC,CC,AA,TT,CC,AA,CC,CC,AA,TT,AA,AA,CG,CC,CC,GG,AA,AG,AT,CC,GT,CC,CC,AA,AA,GG,TT,GG,AC,GT,CT,GG,AC,TT,GG,TT,CG,AA,TT,TT,AA,TT,GG,CC,AA,CC,CC,AC,CG,CC,AA,GG,AA,CC,TT,CC,GT,TT,GG,AT,AA,AA,TT,AA,GG,AA,CC,CC,GG,GG,AC,GG,TT,CC,AA,NN,GG,AA,AC,AT,AT,GG,TT,TT,AA,GG,GT,AT,CC,TT,TT,AA,GG,AA,CT,AA,TT,CC,TT,AA,CC,CT,GG,AA,CG,GG,CC,AT,CT,TT,GG,AT,AA,CC,AA,GG,CC,CG,GG,CC,GG,AT,AA,CG,GT,GG,CC,CC,AA,GG,GG,AA,CC,AA,AG,CC,CG,CC,AT,AA,GG,AA,AA,AA,AA,AG,AA,AG,NN,AT,GG,AC,AA,CC,AA,TT,NN,AA,GG,GG,GG,TT,AT,AA,TT,TT,TT,AA,AT,GG,GG,AA,2.87,Resistant,Low,Premium,Early
L0925,Bengaluru Rural,Karnataka,Kharif,Red Sandy Loam,Rainfed,720,26.0,70,CC,CT,GG,AA,GG,CC,GT,AT,CC,CC,AT,CT,CC,TT,GT,GG,NN,TT,TT,AA,CC,NN,TT,CC,TT,CC,TT,TT,GG,AA,TT,CC,NN,CC,AG,GG,GG,CC,GG,CC,TT,TT,AA,TT,AA,AG,TT,TT,CC,AC,GT,AA,AA,GG,CC,TT,AA,AA,GT,AC,AA,TT,TT,AG,TT,AT,CC,GG,CT,GG,AA,GG,CC,AA,AG,AC,AT,GG,TT,TT,GG,GT,TT,CC,AA,GG,AA,AA,CC,GT,AC,GT,CC,TT,TT,GG,TT,CC,GT,CC,CC,CC,GG,AA,TT,TT,CC,AA,AA,AA,CC,GG,TT,CC,TT,AA,AA,TT,CC,GG,CC,AG,CT,GT,TT,AA,CT,CC,CC,CC,AA,TT,CC,AA,CC,CC,AG,TT,AA,AA,CG,CC,CC,GG,AA,AA,AA,AC,GT,CC,CC,AG,AG,GG,TT,GG,AA,TT,TT,AA,AC,GT,GT,TT,CC,AT,TT,TT,AT,AT,GG,CC,AG,TT,CC,NN,CG,CC,AA,GG,AG,CC,TT,CC,TT,GT,GG,AT,AA,AA,GT,AC,GG,AA,CC,CC,GG,GG,AC,GG,TT,AC,AA,CC,GG,TT,AC,AA,AT,GT,TT,AT,AA,GG,GT,AA,CC,TT,GT,AA,GG,AA,CC,AA,TT,CC,CC,AA,CC,TT,GG,AA,CG,AG,NN,TT,TT,TT,GG,TT,CC,AC,AG,GT,CC,CG,CG,CC,GT,TT,AA,CC,TT,GG,CC,CC,AA,GG,CC,AA,CC,AT,AA,CC,CC,AC,TT,AA,GG,AA,AA,AC,AA,NN,AG,AA,AA,TT,GG,AA,AA,AA,AC,CC,AA,AA,CG,GG,GG,TT,AA,AG,TT,TT,TT,AA,TT,GG,GG,AA,1.96,Susceptible,High,Poor,Late
L0926,Bengaluru Rural,Karnataka,Kharif,Red Sandy Loam,Rainfed,720,26.0,70,AC,TT,GG,AG,GG,CC,GT,TT,CC,CG,AA,CC,CG,AT,TT,GG,GG,TT,TT,AG,CC,TT,TT,CC,TT,CC,GT,TT,GG,AA,TT,CC,AA,CC,AG,CG,GG,CG,GG,CC,TT,CT,AA,TT,AA,AG,CT,TT,CG,AC,GG,AA,AA,GG,CC,TT,AA,AC,GG,CC,AA,GT,TT,AA,TT,TT,CC,GG,TT,GG,AA,GG,CC,AA,GG,AA,AT,AG,TT,TT,GG,GG,GT,CC,AT,GG,AA,AA,CC,GT,AC,GT,CT,TT,TT,GG,TT,CC,TT,CC,CC,CC,AG,AA,TT,GT,CG,NN,AG,AC,CT,GG,TT,CC,TT,AC,AA,TT,CC,GG,CC,GG,CC,GG,TT,AA,CT,CC,CC,CC,AG,NN,CC,AA,CC,CC,AA,AT,AA,AT,CG,CC,CC,GG,GG,AA,AT,CC,GG,CG,CC,AG,AA,GG,TT,GG,AC,TT,TT,GG,AA,TT,GG,TT,CC,AT,GG,TT,AA,AT,GG,CC,AA,CT,CC,CC,CG,AC,AA,GG,AG,CC,TT,CC,GT,TT,GG,AA,AA,AA,TT,CC,GG,AC,CC,CG,GG,GG,AA,GG,TT,AC,AA,CC,GG,TT,CC,AT,AT,GG,TT,AT,AA,CG,GT,AA,GG,AT,TT,AA,GG,AA,TT,AA,NN,CC,CT,AC,CC,CT,CG,GG,CC,AG,CC,TT,TT,TT,GG,TT,AA,CC,AG,GG,CC,CG,GG,CC,GG,AT,AA,CG,TT,GG,CC,CC,AA,AG,CC,AT,CC,AA,AA,AC,CC,AC,TT,AA,CG,AA,AA,AC,AA,AG,AG,AA,AA,TT,CG,AA,AA,AC,AA,TT,AA,AA,GG,GG,GG,TT,NN,AG,TT,TT,TT,GG,TT,GG,CG,AA,4.09,Susceptible,Medium,Poor,Early
L0927,Bengaluru Rural,Karnataka,Kharif,Red Sandy Loam,Rainfed,720,26.0,70,CC,TT,AG,AA,GG,CC,GG,AT,CC,CC,AA,CC,CC,TT,TT,GG,CG,TT,TT,AA,CC,TT,TT,CC,AT,CC,TT,NN,GG,AA,TT,CT,AA,AC,GG,CG,GG,GG,GG,CC,TT,TT,AA,TT,AA,AG,CT,AT,CC,AC,GG,AA,AG,GG,CT,GG,AT,AA,GT,AA,AA,GT,TT,AG,TT,TT,CC,GG,TT,GG,AA,GG,CC,AA,GG,AC,AT,GG,TT,TT,GG,GG,GG,CC,AT,GG,AA,AA,CC,GT,CC,TT,CC,TT,GT,GG,TT,AC,GT,CC,CT,CC,AG,AA,TT,TT,CC,AA,AA,AC,CC,GG,TT,CC,GT,AC,NN,TT,GG,GG,CG,GG,CC,GT,CT,AA,CC,CC,CC,CC,AA,TT,CC,AA,CC,CC,AA,TT,AA,AT,GG,CT,CC,GG,AG,AG,AT,CC,GG,CC,CC,AA,AA,GG,GG,AG,AC,GT,TT,GG,AC,TT,TT,TT,CC,AA,TT,TT,AA,TT,GG,CC,AG,CC,CC,CC,CG,CC,AA,GG,AA,CC,TT,CC,GG,TT,GG,TT,AA,AA,TT,CC,CG,AC,CC,CC,GG,GG,AC,CG,TT,AA,AA,CC,GG,TT,AC,AA,AA,GT,TT,TT,AT,CG,TT,AA,CG,TT,GT,AA,GG,AA,CC,AA,TT,CC,TT,AC,AC,NN,GG,AG,CC,AG,CC,TT,TT,TT,GG,AA,AA,CC,AA,GG,CC,CC,GG,CC,GG,AT,AA,CC,GT,GG,CC,CC,AA,GG,CC,AA,CG,AA,AA,NN,CC,CC,TT,AA,NN,AA,AA,AA,AA,GG,GG,AG,GG,TT,CG,AA,AA,CC,AA,CC,AA,AA,GG,GG,GG,TT,AA,AA,GT,TT,TT,GG,TT,GG,CG,AA,4.95,Susceptible,Low,Poor,Late
L0928,Bengaluru Rural,Karnataka,Kharif,Red Sandy Loam,Rainfed,720,26.0,70,AA,TT,GG,AG,GG,CC,GG,AT,CC,CG,AA,CT,GG,TT,TT,GT,GG,TT,TT,AA,CC,TT,TT,CC,AT,CC,TT,TT,GG,AA,TT,CT,AA,CC,GG,GG,GG,CC,GG,CC,TT,TT,AA,GT,AA,GG,TT,AT,CG,AA,GG,AA,AG,GG,CT,TT,AA,AA,GT,AC,AA,TT,TT,AG,CT,TT,CC,GG,TT,GG,AA,GG,CC,AG,GG,AA,AA,GG,TT,TT,GG,GG,GG,CC,AA,GG,AA,NN,NN,NN,CC,TT,CC,TT,GT,GG,CT,AA,TT,CC,CT,CC,AG,NN,TT,TT,CC,AG,AA,AA,CC,GG,TT,CC,TT,CC,AA,TT,CG,AG,CG,GG,CT,GG,CC,AG,CC,CC,CC,CC,AA,TT,AC,AA,CC,NN,AA,TT,AA,TT,GG,CC,CC,GG,AA,AG,AT,AC,GT,CC,GG,AA,AA,NN,TT,GG,AC,NN,TT,GG,CC,TT,TT,CT,CC,AT,TT,TT,AT,TT,GG,CC,AG,CT,CC,CC,CG,CC,AA,GG,AA,CC,TT,CC,GG,GT,CG,AT,AG,AG,TT,CC,GG,AA,AC,CC,CG,GG,AC,GG,NN,AA,AA,CC,GT,AA,AC,AA,AT,GG,TT,TT,AA,GG,GT,AT,CC,AT,GT,AA,GG,AA,CT,AA,TT,CC,TT,AC,CC,TT,GG,AG,CG,GG,CC,TT,TT,GT,GG,TT,AA,CC,AG,GG,CC,CG,GG,CC,GG,AT,AA,CC,TT,GG,CC,CC,AT,GG,CC,AA,CC,AA,AA,AC,CG,CC,TT,AA,GG,AA,AA,AA,AA,GG,AG,AA,AA,TT,GG,AA,AA,CC,AA,TT,AA,AA,CG,GG,GG,GT,NN,AA,GT,TT,TT,NN,AT,GG,CG,AA,5.13,Moderate,Low,Premium,Early
L0929,Bengaluru Rural,Karnataka,Kharif,Red Sandy Loam,Rainfed,720,26.0,70,CC,CT,AG,AG,GG,CC,GT,AT,CC,CG,AA,TT,CG,AT,TT,GG,CG,TT,TT,AG,CC,TT,GT,CC,NN,CC,TT,TT,GG,AA,TT,CC,AA,CC,AG,GG,GG,GG,GG,CC,TT,CC,AA,TT,AG,AG,TT,TT,CC,CC,GT,AA,AA,GG,CT,TT,AA,AA,TT,CC,AA,TT,TT,AG,CT,TT,CC,GG,TT,GT,AA,GG,CC,AA,GG,AA,AA,GG,TT,TT,GG,TT,GT,CC,AA,GG,AA,AA,CC,NN,AC,TT,CC,TT,TT,AG,TT,AC,TT,CT,CC,CC,AG,AA,TT,TT,CC,AA,AA,AA,CT,GG,TT,CG,GT,AC,AA,TT,CC,GG,CC,AG,CC,GG,CT,AA,CC,CC,CC,CC,AA,GT,CC,AA,CC,CC,AA,TT,AA,AA,GG,CC,CC,GG,AA,AG,AA,AC,GT,CC,CC,AG,AG,GG,GT,AG,AA,TT,CT,AG,CC,TT,TT,TT,GG,AA,TT,TT,AA,TT,GG,CC,AA,CT,CC,CC,GG,CC,NN,GG,AG,CC,TT,CC,TT,GT,GG,AT,AA,AA,TT,CC,GG,AA,AC,CC,GG,GG,AA,GG,TT,AC,AA,CC,GG,AA,CC,AA,AA,GT,TT,TT,AT,CG,TT,AA,CC,AT,TT,AA,GG,AA,CT,AC,TT,CC,CT,AA,CC,TT,CG,AA,CG,GG,AC,TT,TT,GG,GG,TT,AA,CC,AA,GG,CC,CG,GG,CC,GT,AT,AA,CC,TT,AG,CG,CC,AA,GG,CC,AT,CC,AT,AA,CC,CC,AC,TT,AA,GG,AA,AA,AC,AA,GG,AA,AA,AA,AT,GG,AA,AG,AC,AC,CC,AA,AA,GG,GG,GG,TT,AA,AA,TT,TT,TT,AG,TT,GG,CG,AC,5.95,Resistant,Medium,Poor,Medium
L0930,Bengaluru Rural,Karnataka,Kharif,Red Sandy Loam,Rainfed,720,26.0,70,AC,TT,GG,AA,GG,CC,GG,AT,CC,CG,AT,CC,GG,TT,TT,GT,GG,TT,TT,AG,CC,TT,TT,CC,TT,CC,TT,TT,GT,AA,CT,CC,AA,CC,GG,GG,GG,CG,GG,CC,TT,TT,AA,TT,AG,GG,TT,TT,CC,AC,GT,AA,AA,GG,CC,TT,AA,AC,GT,CC,AA,TT,TT,AA,TT,AT,CC,GT,TT,GG,AG,GT,AC,AA,GG,AA,TT,GG,TT,TT,GG,GT,TT,CC,AA,GG,AA,AA,CC,GT,AC,GT,CT,TT,GT,GG,CT,CC,GT,NN,CC,CC,AA,AA,TT,TT,CC,AA,AG,AA,CC,GG,TT,CC,TT,AC,AA,TT,CC,AG,CC,AG,NN,GG,NN,AA,CC,CC,CC,CC,AA,TT,AC,AA,CC,CC,AA,NN,AA,AA,GG,CC,CC,GG,AA,AA,AA,CC,GT,CC,CG,AA,AA,AG,TT,AG,AC,GT,TT,GG,CC,GT,GT,CT,CC,AA,TT,TT,TT,TT,GG,CC,AA,CC,AC,AC,CG,CC,AA,GG,AG,CC,TT,CC,GG,GT,GG,AT,AA,AG,TT,NN,GG,AA,CC,CG,GG,GG,AC,GG,TT,AA,AA,CC,GG,AT,AA,AA,AT,GG,TT,AT,AA,GG,GT,AA,CC,TT,TT,AA,GG,AA,CT,AA,TT,CG,TT,AC,CC,TT,GG,AA,CG,AG,CC,TT,TT,TT,GG,TT,AA,CC,AA,GG,CC,CG,GG,CC,GG,AT,AA,CG,TT,GG,CC,CG,AT,GG,CC,AA,CC,AA,AA,AC,CG,CC,TT,AA,GG,AA,AA,AC,AA,AG,AA,NN,AA,AT,CG,AA,GG,CC,AA,TT,AA,AA,GG,GG,CG,TT,AA,AA,GT,TT,TT,AG,AT,GG,GG,AA,3.91,Susceptible,Low,Premium,Medium
L0931,Bengaluru Rural,Karnataka,Kharif,Red Sandy Loam,Rainfed,720,26.0,70,AA,TT,GG,AG,CG,NN,GG,AT,CC,CC,AA,CC,CC,TT,TT,GG,GG,TT,TT,AA,CC,GT,NN,CC,TT,CC,TT,TT,GG,AA,TT,CC,AA,CC,GG,GG,GG,CG,GG,CC,TT,CT,AA,TT,AA,GG,TT,TT,CC,CC,GG,AA,AA,GG,CC,TT,AA,CC,GT,AA,GG,TT,TT,GG,TT,TT,CC,GT,TT,GG,AG,GG,CC,AA,AG,AA,AT,AG,GT,TT,GG,GG,GG,CC,AA,GG,AA,AA,CC,GT,CC,TT,CT,TT,TT,AG,CC,AA,TT,CC,NN,CG,AA,AA,TT,TT,CC,AA,NN,AA,CC,GG,TT,CC,TT,AA,AA,AT,CC,GG,CC,GG,CC,GG,CC,AA,CC,CC,CC,CC,AA,GT,CC,AA,CC,CC,AA,TT,AA,AA,GG,CC,CC,GG,AG,AG,AA,CC,GG,CC,CC,AG,AA,GG,TT,GG,AA,TT,CT,GG,AC,GT,GT,TT,CC,AA,TT,CT,TT,AT,GG,CC,AA,TT,CC,CC,CG,CC,AA,AG,AA,CC,TT,CC,GG,GT,GG,TT,AA,AA,TT,AC,GG,AA,CC,CC,GG,GG,AC,CG,TT,AC,AA,CC,GT,AA,AC,AA,AA,GG,TT,AT,AA,CG,GT,AT,CC,TT,GT,AA,GG,AG,TT,AA,TT,CC,TT,AC,CC,TT,CG,AG,CC,GG,CC,TT,TT,GG,GG,AT,AC,CC,AG,GT,CC,CG,GG,CC,GG,TT,AA,CC,GT,GG,CC,CC,AT,GG,CC,AA,CC,AA,AA,AC,GG,AC,TT,AA,GG,AA,AA,AC,AA,AG,GG,AA,AA,AT,GG,AA,AA,AC,AA,CT,AA,AA,GG,NN,GG,TT,AA,AG,TT,AT,TT,AA,TT,GG,GG,AA,5.13,Susceptible,Medium,Premium,Early
L0932,Bengaluru Rural,Karnataka,Kharif,Red Sandy Loam,Rainfed,720,26.0,70,AC,CT,AG,AG,GG,CG,GG,TT,CC,CC,AA,CT,CG,TT,TT,GG,GG,TT,TT,AA,CC,TT,GT,CC,TT,CC,TT,TT,GG,AC,CT,CC,NN,CC,GG,GG,GG,CC,GG,CC,TT,CT,AA,GT,AG,GG,TT,TT,CC,AC,GG,AA,AA,GG,CC,GT,AA,AA,GG,AC,NN,TT,TT,GG,TT,TT,CC,GG,TT,GG,AA,GG,CC,AA,AG,AC,AA,GG,TT,TT,GG,GG,GG,CC,AA,AG,AA,AT,CG,TT,CC,TT,CC,TT,TT,GG,TT,CC,GG,CC,CC,CG,AG,AA,TT,TT,CC,AA,AA,AA,CC,GG,TT,CG,TT,AA,AA,TT,CC,AG,CC,GG,NN,GT,TT,AG,CT,CC,CC,CC,AA,GT,AC,AA,CC,CC,AA,TT,AA,AA,GG,CC,CC,AG,AA,AG,AA,CC,NN,CC,CC,AG,AG,GG,TT,GG,AC,TT,TT,AG,AC,GT,TT,TT,CG,AT,TT,CT,AT,TT,GG,CC,AG,CT,CC,CC,CG,CC,AT,GG,AG,CC,TT,CC,GG,TT,GG,TT,AA,AA,TT,CC,GG,AA,CC,CC,CG,GG,AC,GG,TT,AC,AA,CC,GG,NN,CC,AA,AA,GG,TT,AT,AT,GG,GT,AT,CG,TT,GT,AA,GG,AA,TT,AA,TT,CC,TT,AC,CC,TT,GG,AA,CC,AG,CC,TT,TT,GT,GG,AT,AA,CC,AG,GG,CC,CG,GG,CC,GG,AA,AA,CC,TT,GG,CC,CG,AA,AG,CG,AA,CC,AA,AA,CC,CC,CC,TT,AA,GG,AA,AA,CC,AA,AA,AG,AA,AA,TT,GG,AA,AA,CC,AC,CT,AA,AA,CG,GG,GG,TT,AT,AA,NN,TT,TT,AA,TT,GG,CG,AA,4.19,Susceptible,High,Standard,Early
L0933,Bengaluru Rural,Karnataka,Kharif,Red Sandy Loam,Rainfed,720,26.0,70,AA,TT,GG,AG,GG,CG,GT,TT,CC,GG,AA,CC,CG,TT,TT,GT,GG,TT,AT,AG,CC,TT,GT,CT,TT,CC,GT,TT,GG,AA,TT,CT,AA,CC,GG,CC,GG,CG,GG,CC,TT,CC,AA,TT,AA,GG,TT,TT,CC,AC,GT,AT,GG,GG,CC,GT,AA,AC,GT,AA,AA,TT,TT,AG,CT,AT,CC,GG,TT,GG,AA,GG,CC,AA,AG,AC,AT,GG,TT,NN,GG,GT,GT,CC,AA,GG,AA,AA,CC,TT,AC,TT,TT,TT,GT,GG,CT,AC,TT,CC,CC,CG,GG,AA,NN,TT,CC,AA,GG,AA,TT,GG,TT,CC,GT,AC,AC,TT,CG,GG,NN,AG,CC,GT,CT,AA,CC,CC,CC,CG,AA,TT,CC,AA,CC,CC,AA,NN,AA,AT,GG,CC,CC,GG,AA,AA,AA,CC,GT,CC,CC,AA,AA,GG,TT,AG,AC,GT,TT,GG,CC,TT,TT,TT,GG,AA,GG,CT,AT,TT,GG,CC,GG,TT,AA,CC,CG,CC,AA,GG,GG,CC,TT,CC,GT,TT,GG,AT,AG,AA,TT,CC,NN,AA,CC,CC,GG,GG,AC,GG,TT,AA,AG,CG,GT,AA,CC,AA,AA,GG,TT,TT,AA,CG,TT,AA,CG,TT,TT,AA,GG,AA,CT,AC,TT,CC,TT,AC,CC,TT,CG,AG,CG,GG,CC,TT,NN,GT,GG,TT,AA,CC,AA,GG,CC,CC,GG,CG,GG,AT,AA,CC,TT,GG,CG,CC,AT,GG,CC,AT,CC,AA,AA,AC,CC,AA,TT,AA,CG,AA,AA,AA,AA,AA,AG,AA,AA,TT,CG,AC,AA,CC,AA,TT,AA,AA,GG,GG,GG,TT,AA,AA,TT,TT,TT,AG,TT,GG,CG,AA,2.96,Susceptible,High,Premium,Late
L0934,Bengaluru Rural,Karnataka,Kharif,Red Sandy Loam,Rainfed,720,26.0,70,AA,TT,GG,AA,GG,CC,GG,AT,CC,CC,AA,CT,CG,NN,TT,GT,GG,TT,TT,AA,CC,TT,GT,CC,TT,CC,TT,TT,GG,AA,TT,CC,AA,CC,GG,CG,GG,CG,GG,AC,NN,TT,AA,TT,AA,GG,TT,AA,CC,AC,GG,AA,AG,GG,CT,TT,AA,AA,TT,AC,AA,TT,TT,AA,TT,AT,CC,GG,TT,GG,AA,GT,CC,AA,AA,AA,AT,GG,TT,TT,GG,GG,GG,CC,AA,GG,AA,AA,CC,TT,CC,GT,TT,TT,GT,GG,TT,CC,GT,CC,CC,CC,GG,AA,TT,NN,CC,AG,AA,AC,CC,GG,TT,CC,GT,AA,AA,TT,CC,AG,CC,AG,CC,GG,TT,AA,CC,CC,CC,CC,NN,TT,CC,AA,CC,CC,AA,TT,AG,AA,GG,CC,CC,GG,AA,AG,AA,CC,GG,CC,CC,AA,GG,GG,TT,GG,AA,TT,CT,GG,CC,GT,TT,CT,CC,AA,TT,TT,AA,TT,GG,CC,AA,CT,CC,CC,CG,CC,AA,GG,AA,CC,TT,CC,TT,TT,GG,AT,AA,AA,TT,CC,GG,AA,CC,CG,GG,GG,AC,GG,TT,AA,AA,CC,GG,AA,CC,AA,AT,GG,TT,TT,AA,GG,GG,AT,CG,TT,GT,AA,GG,AA,CT,AA,AT,CC,TT,AA,CC,TT,GG,AG,CC,AG,CC,TT,TT,TT,GG,TT,AA,CC,AA,GG,CC,CG,GG,CC,GG,TT,AG,CC,TT,GG,CC,CC,AT,AA,CC,AA,CC,AA,AA,CC,CC,CC,AT,AA,CG,AA,AA,CC,AA,GG,AG,AA,AA,TT,GG,CC,GG,CC,AC,CC,AA,GG,CG,GG,CG,GT,AA,AG,TT,TT,TT,AG,TT,CG,GG,AA,4.74,Moderate,High,Standard,Early
L0935,Bengaluru Rural,Karnataka,Kharif,Red Sandy Loam,Rainfed,720,26.0,70,AA,TT,GG,AA,GG,CC,GT,AT,CC,CG,AA,CC,CC,TT,TT,GT,CG,TT,AT,NN,CC,TT,TT,CC,AT,CC,TT,AT,GG,AA,CT,CC,AA,CC,AG,GG,GG,CG,GG,CC,TT,TT,AA,TT,AG,AG,TT,AT,CC,AC,GG,AA,AA,GG,CC,TT,AA,CC,GT,AC,AA,TT,AA,AA,CT,AT,CC,GG,TT,GG,AA,GT,CC,AA,GG,AC,AT,AG,TT,TT,GG,TT,GT,CC,NN,AG,AA,AA,CC,TT,CC,TT,CC,TT,TT,GG,TT,CC,TT,CC,CC,CC,AG,AA,TT,NN,CC,AA,AA,AA,CT,GG,TT,CC,TT,AC,AA,TT,CC,AG,CC,GG,CC,GG,TT,NN,CC,CC,CC,CC,AA,TT,AC,AA,CC,CC,AA,TT,AA,AA,GG,CC,CC,GG,AA,AG,AA,CC,GG,CC,CC,AA,AG,GG,GT,GG,AA,TT,CT,GG,CC,GT,TT,TT,CG,AA,GT,CT,TT,TT,GG,CC,AG,NN,AC,AC,CG,CC,AA,GG,AA,CC,TT,CG,GT,TT,CG,AT,AA,AG,TT,AC,GG,AA,AC,CC,GG,GG,CC,GG,TT,AC,AG,CC,GG,AA,CC,AA,AA,GT,TT,AA,AT,GG,GT,AA,CG,AT,GT,AA,GG,AA,TT,AC,TT,CC,TT,AA,CC,TT,GG,AG,CC,AG,CC,AT,CT,TT,GG,TT,AA,CC,AA,GG,CC,CC,GG,CG,NN,AT,AA,CC,TT,GG,CC,NN,AT,GG,CC,AT,CC,AA,AA,AC,CC,CC,TT,AA,GG,AA,AA,AC,AA,GG,AG,AA,AA,TT,GG,AC,AA,CC,AC,CT,AG,AA,GG,AG,CG,TT,AT,AA,NN,TT,TT,AG,AA,GG,GG,AA,2.73,Susceptible,Low,Standard,Late
L0936,Bengaluru Rural,Karnataka,Kharif,Red Sandy Loam,Rainfed,720,26.0,70,AA,TT,GG,AG,GG,CC,GG,AT,CC,CG,AA,CC,CC,AT,TT,GG,GG,TT,TT,AA,CC,TT,GT,CC,TT,CC,TT,TT,GT,AA,TT,CT,AA,AC,AG,CC,GG,CC,GT,CC,TT,CT,AC,TT,AG,AG,NN,TT,CC,CC,GG,AA,AA,CG,CT,TT,AA,AA,TT,AA,AA,TT,AT,AA,TT,TT,CC,GG,TT,GG,AA,GG,CC,AA,AG,CC,AA,AG,NN,TT,AG,GG,GG,CC,AA,GG,NN,AA,CC,TT,AA,TT,CC,TT,TT,GG,TT,CC,GT,CC,CT,NN,GG,AA,TT,TT,CC,AG,AG,AA,CC,GG,TT,CC,TT,NN,AA,TT,CC,GG,CC,GG,CC,GT,TT,AA,CC,CC,AC,CC,AA,GT,CC,AA,CC,CC,AA,TT,AA,AA,GG,CT,CC,NN,AA,AG,AA,CC,GT,CC,CC,AA,AA,AG,TT,GG,AC,TT,CT,GG,AA,GG,TT,TT,CC,AT,GT,TT,AA,TT,CG,CC,AA,CT,CC,CC,GG,CC,AA,GG,AA,CC,TT,CG,GT,TT,GG,TT,AA,AA,TT,CC,GG,AA,CC,CC,GG,GG,CC,GG,TT,AC,AA,CC,GT,AA,AC,AA,NN,GG,TT,TT,TT,CG,GT,AA,CC,TT,TT,AA,GG,AA,TT,AA,TT,CC,TT,AC,CC,TT,GG,AA,CC,AA,AC,TT,CT,TT,GG,TT,AA,AA,AA,GG,CC,CC,GG,CC,GG,AT,AA,CG,TT,GG,CC,CC,AA,AG,CC,AA,CC,AA,AA,AC,CG,CC,TT,AG,GG,AA,AA,AA,AA,AG,AG,AA,AA,TT,GG,AA,AA,NN,AA,CC,AA,AA,GG,GG,GG,TT,AT,NN,TT,TT,TT,AA,TT,GG,CG,AA,2.71,Susceptible,Low,Poor,Medium
L0937,Bengaluru Rural,Karnataka,Kharif,Red Sandy Loam,Rainfed,720,26.0,70,AC,CT,GG,AA,GG,CC,GG,AA,CC,CG,AA,CT,CC,TT,TT,NN,CG,AT,TT,AA,CG,GT,GT,CT,TT,CC,TT,TT,TT,AA,TT,CC,AA,AC,GG,CG,GG,CG,GG,CC,TT,CT,AC,GT,AA,AA,TT,TT,CC,AA,GG,AA,AA,GG,CC,GT,AA,AA,GT,AA,AA,TT,TT,AA,TT,AT,CC,GG,TT,GG,AA,GT,CC,AA,GG,NN,AT,GG,TT,TT,GG,GG,GT,CC,AA,GG,AG,AA,CC,TT,AC,TT,CC,TT,TT,GG,CC,CC,GT,CC,CC,CC,GG,AA,TT,TT,CG,AA,GG,AC,CC,GG,TT,CG,TT,AC,AA,AT,CC,GG,CC,GG,CC,GT,CC,AA,CC,CC,AC,CC,AA,GT,CC,AA,CC,CC,AA,TT,AA,AT,CG,CC,CC,GG,AG,GG,AA,CC,TT,CG,CC,AG,AG,AG,TT,AG,AA,TT,TT,GG,AA,GT,GT,TT,CC,AA,TT,TT,AA,TT,GG,CC,AA,CC,CC,CC,CG,CC,AA,GG,AA,CC,TT,CC,GT,TT,GG,AT,AA,AA,TT,AC,GG,AA,CC,CC,GG,GG,AC,GG,TT,AC,AG,CG,GG,AA,CC,AA,AA,GT,TT,AT,AA,GG,GT,TT,CC,TT,GT,AA,GG,AA,TT,CC,TT,CC,TT,AC,AC,CT,CG,AA,CG,AG,CC,TT,CT,GT,GG,TT,AC,AA,AA,GG,CC,CG,GG,CC,GG,TT,AA,CC,GT,GG,CC,CG,AA,GG,CC,AA,CC,AT,AG,AC,CC,CC,TT,AA,GG,AA,AA,AA,AA,AA,AG,AA,AA,TT,GG,AA,AA,AC,AC,CT,AA,AA,GG,GG,GG,TT,AA,AG,GT,TT,NN,AA,AT,GG,GG,AA,5.04,Susceptible,Low,Poor,Late
L0938,Bengaluru Rural,Karnataka,Kharif,Red Sandy Loam,Rainfed,720,26.0,70,CC,TT,GG,NN,CG,CG,GG,TT,CG,CC,AT,CT,CG,TT,TT,GG,CG,TT,TT,AG,CC,GG,GT,CC,AT,CC,TT,TT,GG,AA,TT,CC,AA,CC,AG,CG,GG,CG,GG,CC,TT,CT,AA,TT,AG,GG,CT,AT,CC,AC,GG,TT,AA,GG,CC,TT,AA,AC,GT,AA,AA,TT,AT,AA,TT,AT,CC,GG,TT,NN,AA,GG,AC,AA,GG,AA,AA,GG,GT,TT,GG,TT,GG,CC,AT,GG,AG,AA,CC,GT,CC,TT,CC,TT,GT,GG,TT,CC,GT,CC,CC,CG,AG,AA,TT,TT,CC,AG,NN,AA,CT,GG,TT,CC,TT,AA,AA,TT,CC,GG,CC,GG,CC,GT,TT,AA,CT,CC,CC,CC,AA,TT,CC,AA,CC,CT,AA,TT,AA,AA,GG,CC,CC,GG,AG,AA,AA,AC,GT,CC,CC,AA,AA,AG,GT,AG,AC,TT,CC,GG,CC,GT,TT,TT,CC,AA,TT,TT,AA,TT,GG,CC,AG,CT,CC,CC,GG,CC,AA,GG,AA,CC,TT,CC,GG,GT,GG,TT,AA,AA,TT,CC,CG,CC,CC,CC,CG,GG,AC,GG,TT,AA,AA,CC,GG,AT,CC,AA,AA,GG,TT,AT,TT,GG,TT,AA,CG,TT,GG,AA,GG,AA,TT,AC,AT,CC,TT,AA,CC,TT,CG,AG,CC,AA,CC,TT,TT,GT,GG,TT,AA,CC,AA,GG,CC,GG,GG,CC,NN,TT,AA,CC,TT,GG,CC,CC,AA,GG,CC,AA,CC,AA,AA,AC,CG,CC,TT,AA,GG,AA,AA,AC,AA,AG,AG,GG,AG,TT,GG,AA,AA,AC,AA,TT,AA,AA,GG,GG,GG,GT,AT,AA,GG,TT,TT,AA,TT,GG,GG,AA,4.14,Susceptible,High,Standard,Late
L0939,Bengaluru Rural,Karnataka,Kharif,Red Sandy Loam,Rainfed,720,26.0,70,NN,TT,GG,AA,GG,CC,GT,TT,CC,CC,AA,NN,NN,AT,TT,GT,GG,TT,TT,AA,CC,TT,GT,CT,AT,CT,TT,TT,GG,AA,TT,CC,AA,CC,GG,CG,GG,CC,GT,CC,TT,TT,AA,TT,AG,AG,TT,TT,CC,AA,GT,AA,AG,GG,CC,TT,AT,AA,TT,AA,AA,TT,NN,AA,TT,TT,CT,GG,TT,GT,AA,NN,CC,AA,GG,AA,TT,GG,TT,TT,GG,GT,GT,CC,AT,GG,AA,AT,CC,TT,AC,TT,CC,TT,TT,GG,TT,CC,TT,CC,CC,CG,GG,AA,TT,TT,CC,AA,AG,AA,CT,GG,TT,GG,TT,AA,AA,TT,CG,AG,CC,GG,CC,NN,TT,AA,CC,CC,CC,CG,AA,TT,CC,AA,CC,CC,AA,AT,AA,AA,GG,CC,CG,GG,AA,AG,AA,CC,GT,CC,CC,AA,AG,GG,GT,AG,AA,GT,CT,GG,AA,GT,TT,TT,CG,AA,TT,NN,AA,AT,GG,CG,AG,CT,NN,CC,GG,CC,AA,GG,AG,NN,TT,CC,GG,TT,GG,NN,AG,AA,TT,AC,GG,AA,CC,CC,GG,GG,AA,GG,TT,AC,AA,CC,NN,AA,CC,AA,AT,GT,TT,AT,AT,GG,GT,AA,CC,TT,GT,AA,GG,AA,CT,AC,TT,CC,CT,AC,CC,TT,CG,AG,CC,AG,CC,TT,CT,TT,GG,TT,AC,AC,AA,GT,CC,CG,GG,CC,GG,AA,AA,CC,GT,GG,CC,CC,AA,GG,CG,AT,CC,AA,AA,CC,GG,AA,TT,AA,GG,AA,CC,AC,AA,GG,GG,AA,AA,AT,GG,CC,AG,AC,AA,CT,AA,AG,GG,GG,GG,TT,AT,AA,GT,TT,TT,AA,AA,GG,GG,AC,2.05,Resistant,High,Poor,Early
L0940,Bengaluru Rural,Karnataka,Kharif,Red Sandy Loam,Rainfed,720,26.0,70,AC,TT,GG,AA,GG,CC,GG,TT,CC,CG,AA,CT,CC,AT,TT,TT,CG,TT,TT,AA,CC,TT,TT,CC,TT,CC,GT,TT,GG,AA,TT,CT,AA,AC,GG,GG,GG,CG,GG,CC,TT,TT,AA,GT,AA,AG,TT,AT,CC,CC,GG,AA,AA,GG,CC,TT,AT,CC,TT,AA,AA,TT,AT,GG,TT,TT,CC,GG,TT,TT,AA,GG,CC,AA,GG,AA,AT,GG,TT,TT,GG,GG,GG,CC,AA,GG,AG,AA,CC,TT,CC,TT,CT,TT,TT,GG,TT,CC,TT,CC,CC,CG,GG,AA,TT,TT,CC,AA,AG,AA,CT,GG,GT,CC,TT,AC,AA,TT,CC,AG,CC,GG,CC,GG,CT,AA,CC,CC,CC,CC,AA,TT,CC,AA,CC,CC,AA,NN,AA,AA,CG,CC,CC,GG,AA,AG,AA,CC,GT,CC,CC,AA,AG,GG,TT,GG,AC,TT,TT,GG,AC,TT,TT,TT,CC,AT,GT,TT,TT,AT,GG,CC,AG,CC,CC,CC,GG,CC,AA,GG,AG,CC,TT,CG,GG,GT,GG,TT,AA,AA,TT,CC,GG,AA,AC,CC,GG,GG,AA,GG,TT,AC,AA,CC,GG,AA,AA,AT,AT,GT,TT,AA,AA,GG,GG,AT,CC,AT,TT,AT,AG,AA,CT,AA,TT,CC,TT,AA,CC,TT,GG,AA,CC,AA,CC,TT,TT,NN,GG,TT,AA,AC,AA,GG,CC,CC,GG,CC,GG,TT,AA,CC,TT,GG,CG,CC,AA,GG,CC,AA,CC,AT,AG,AA,NN,AC,TT,AA,GG,AA,AA,AA,AA,AG,AA,AA,AA,TT,CG,AA,AA,AA,AA,CC,AG,AG,GG,GG,GG,TT,AA,AA,TT,TT,TT,AG,AA,GG,CC,AA,2.95,Susceptible,Low,Poor,Late
L0941,Bengaluru Rural,Karnataka,Kharif,Red Sandy Loam,Rainfed,720,26.0,70,AC,TT,GG,AG,GG,CC,GG,TT,CC,CG,AA,CC,CG,AT,TT,GG,CG,TT,TT,AA,CC,GT,TT,CT,TT,CT,GT,TT,GG,AA,TT,CT,AA,CC,GG,GG,GG,CC,GG,CC,TT,TT,AA,GT,AA,GG,TT,TT,CC,CC,GG,AT,AA,GG,CC,GT,AA,AC,GT,AA,AG,TT,AT,AG,CT,TT,CC,GG,TT,GT,AG,GG,CC,AA,AA,AC,AT,GG,TT,TT,GG,GG,GT,CC,AA,GG,AA,AT,CC,GT,AC,TT,CC,TT,TT,GG,CT,CC,GT,CC,CC,CC,AA,AA,AT,TT,CC,AA,AG,AA,CC,GG,TT,CC,TT,AA,AA,TT,CC,GG,CC,GG,CT,GT,TT,AA,CT,CC,CC,CC,AA,TT,CC,AA,CC,CC,AA,TT,AA,AT,CG,CC,CC,GG,AA,AA,AA,CC,GT,CC,CC,AA,AG,AG,TT,GG,AC,GT,TT,AG,CC,GT,GT,TT,CC,AA,GT,TT,AA,TT,GG,CC,AA,NN,CC,CC,GG,CC,AA,GG,AG,CC,TT,CC,TT,TT,GG,AT,AA,AG,TT,CC,GG,AA,AC,CC,GG,GG,AA,GG,TT,AA,AA,CC,GT,AT,AA,AA,AT,GT,TT,TT,AA,GG,GT,AA,CC,AT,TT,AA,GG,AA,CC,AA,TT,CC,TT,AA,CC,TT,GG,AA,CG,AA,AC,TT,TT,GT,GG,TT,AA,CC,AG,GG,CC,CC,GG,CC,GG,TT,AA,CC,TT,NN,CC,CC,AT,AG,CC,AA,CG,AA,AA,AC,CG,AC,TT,AA,GG,AA,AA,AC,AA,AG,AA,AA,AA,TT,GG,AA,AA,AC,AA,TT,AA,AA,GG,GG,GG,TT,AA,AA,TT,TT,TT,AA,AT,GG,GG,AC,3.34,Moderate,High,Premium,Medium
L0942,Bengaluru Rural,Karnataka,Kharif,Red Sandy Loam,Rainfed,720,26.0,70,AC,CT,GG,NN,GG,CC,GG,TT,CG,CG,AA,CC,CG,AT,GT,GG,CG,TT,TT,AA,CC,TT,TT,CC,TT,CC,GT,TT,GG,AA,CT,CC,AA,CC,GG,CG,GG,CC,GG,CC,TT,CT,AA,GT,AG,AG,TT,TT,CC,AC,GG,AA,AA,GG,CT,GT,AA,AA,GT,AA,AA,GT,AT,AG,TT,AT,CC,GG,TT,GT,AG,GG,CC,AA,AG,AC,AA,GG,TT,TT,GG,GT,GG,CC,AA,GG,AA,AA,CC,TT,CC,TT,CC,TT,TT,GG,TT,CC,TT,CC,CT,CC,AG,AA,AT,TT,CC,AA,NN,AA,CT,GG,TT,CC,TT,AA,AA,TT,CC,GG,CC,GG,CC,GG,TT,AA,CC,CC,CC,CC,AA,GT,CC,AA,CC,CC,AA,TT,AA,AA,GG,CT,CC,GG,AA,AA,AA,CC,GT,CC,CC,AA,AA,GG,TT,GG,AA,TT,TT,GG,CC,TT,GT,TT,CG,AA,GT,TT,AT,TT,GG,CG,AA,CC,CC,CC,GG,CC,AA,GG,GG,CC,TT,CC,GG,GG,GG,AT,AA,AA,TT,CC,CG,AC,CC,CC,GG,GG,CC,CG,TT,AC,AG,CG,GG,AA,AC,AA,AA,GG,TT,TT,AT,GG,GG,AT,CC,TT,TT,AA,GG,AA,TT,AA,TT,CC,CT,CC,CC,CT,CG,AG,CC,AA,CC,TT,TT,GT,NN,AT,AA,CC,AG,GG,CC,NN,GG,CG,GG,TT,AA,CC,GT,GG,CC,CC,AA,GG,CG,AT,CG,AA,AA,AC,CC,AC,AT,AA,GG,AA,AA,AA,AA,AG,AG,AA,AA,TT,GG,AA,AG,AC,AC,TT,AA,AA,GG,GG,GG,TT,AA,AA,TT,TT,TT,AG,TT,GG,GG,AC,1.34,Resistant,Medium,Premium,Late
L0943,Bengaluru Rural,Karnataka,Kharif,Red Sandy Loam,Rainfed,720,26.0,70,AA,TT,GG,AG,GG,CG,GG,AT,CC,CG,AA,CC,CG,TT,GT,GG,CG,TT,TT,AG,CC,GT,GT,CC,AT,CC,TT,TT,GG,AC,TT,CC,AA,CC,AG,GG,GG,CC,GG,CC,TT,TT,AA,TT,AA,GG,TT,TT,CC,AC,GG,AA,AA,GG,CT,TT,AT,AA,TT,AA,AA,GT,AT,AG,TT,AT,NN,GG,TT,GG,AA,GG,AC,AA,AG,AA,AA,GG,TT,TT,GG,GT,GG,CC,AA,GG,AA,AT,CC,GT,CC,TT,CT,TT,TT,GG,TT,CC,TT,CC,CC,CC,AG,AA,AT,GT,CC,AG,AG,CC,CT,GG,TT,CC,TT,AA,NN,TT,CC,GG,CG,GG,CC,GT,CT,AA,CC,CC,CC,CC,AA,TT,CC,AA,CC,CC,AA,TT,AA,AA,GG,CC,CC,GG,AA,AA,AA,AC,GG,CC,CC,AG,AG,GG,TT,AG,AA,TT,CT,AG,AC,TT,TT,TT,CC,AA,TT,CT,AA,TT,GG,CC,AG,CC,CC,CC,CG,CC,AA,GG,AG,CC,TT,CC,GG,TT,NN,TT,AA,AA,TT,CC,GG,AA,AC,CC,GG,GG,AC,GG,TT,AA,AA,CC,GG,AA,CC,AA,AA,GG,GT,AT,AT,CG,GG,AA,CC,AT,GT,AA,GG,AA,CT,AC,TT,CG,TT,AA,CC,TT,GG,AA,CC,AG,CC,TT,CT,TT,GG,TT,AA,AC,GG,GG,CC,CC,GG,CC,GG,AT,AA,CG,TT,GG,CC,CC,AA,AG,CC,AA,CC,NN,AA,CC,CG,AC,TT,AA,GG,AA,AA,AA,AA,GG,AA,AA,AA,TT,GG,AC,AG,AC,AC,TT,AA,AG,GG,GG,GG,TT,AA,AA,TT,TT,TT,AG,TT,GG,GG,AA,2.63,Susceptible,Low,Poor,Medium
L0944,Bengaluru Rural,Karnataka,Kharif,Red Sandy Loam,Rainfed,720,26.0,70,AC,CT,GG,AA,GG,CC,GG,TT,CC,GG,AA,CT,CC,TT,TT,GT,CG,TT,TT,AG,CC,TT,GT,CC,TT,CC,TT,TT,GG,AA,TT,CC,AG,CC,GG,CG,GG,CC,GG,CC,TT,TT,AA,TT,AA,GG,TT,TT,CC,AC,NN,AT,AA,GG,CC,TT,AA,AA,GT,AC,AA,GT,TT,AA,TT,AT,CC,GG,CC,GG,AA,GG,CC,AA,GG,AC,AT,GG,TT,TT,GG,GG,GG,CC,AA,GG,AA,AA,CC,TT,CC,TT,CT,TT,TT,GG,TT,CC,TT,CT,CC,CC,AG,AA,TT,TT,CG,AA,AG,AA,CC,GG,TT,CC,TT,AA,AA,TT,CG,GG,CC,NN,CC,GT,TT,AA,CT,CC,CC,CC,AA,TT,AC,AA,CC,CC,AA,TT,AA,AA,GG,CC,CC,GG,AA,AG,AA,CC,GT,CC,CC,AA,AA,GG,TT,AG,AA,TT,CT,GG,NN,GT,TT,TT,CC,NN,GT,TT,NN,AT,CG,CC,AG,CC,CC,CC,GG,CC,AA,GG,AG,CC,TT,CC,GT,GT,GG,AT,AA,AA,TT,CC,GG,AC,AC,CC,GG,GG,AC,CG,TT,AA,AA,CC,GG,AT,CC,AT,AA,GG,GT,TT,AA,CG,GG,TT,CC,AA,TT,AA,GG,AA,TT,AA,AT,CC,TT,AA,NN,CT,GG,AA,CG,AA,AC,TT,CT,TT,GG,TT,AA,CC,AG,GG,CC,CC,GG,CC,GG,TT,AA,CC,GT,GG,CC,CG,NN,AG,CC,AT,CC,AA,AA,AA,CG,CC,TT,AA,GG,AA,AA,AC,AA,AG,AG,AA,AA,TT,GG,AC,AA,AC,CC,TT,AA,AA,GG,GG,GG,GT,AA,AG,TT,TT,TT,AA,TT,CG,GG,AA,5.67,Susceptible,Medium,Standard,Late
L0945,Bengaluru Rural,Karnataka,Kharif,Red Sandy Loam,Rainfed,720,26.0,70,NN,TT,GG,AG,GG,CC,GG,TT,CC,GG,AA,NN,CG,TT,TT,GT,CC,TT,NN,AA,CG,GT,TT,CC,TT,CT,TT,TT,TT,AA,CT,CC,AA,CC,AG,CG,GG,CG,GG,CC,TT,CT,AA,GT,AA,GG,TT,TT,CC,AC,GT,AA,AA,GG,CC,GT,TT,AA,GG,AC,GG,TT,AT,GG,TT,AT,CC,GG,CC,GG,AA,GT,CC,AA,GG,AC,AA,AG,GT,TT,GG,GG,GG,CC,AA,GG,AA,AA,CC,TT,CC,TT,CC,TT,GT,AG,CC,CC,GT,NN,CC,CG,AG,AG,TT,TT,CC,AA,GG,AC,CT,NN,TT,CC,TT,AA,AA,TT,CC,GG,CC,AG,CC,GG,TT,AA,CC,CC,CC,CC,AA,TT,CC,AA,CC,CC,AA,TT,AA,AA,GG,CC,CC,NN,AA,AG,AA,CC,GG,CC,CC,AA,AG,GG,GT,AG,AC,TT,CT,AG,AC,GT,TT,TT,CC,AA,TT,TT,AA,AT,GG,CC,AG,CC,CC,CC,CG,CC,AA,GG,AG,CC,TT,CG,GT,TT,GG,TT,AA,AG,TT,CC,GG,AA,CC,CC,GG,GG,AA,GG,TT,AA,AA,CC,GG,AT,AC,AA,AA,GG,TT,AT,AT,GG,GT,AT,CC,TT,GT,AA,GG,AA,TT,AA,AT,CC,CT,AA,CC,TT,GG,AG,CG,AG,AC,TT,CT,TT,CG,TT,AA,AC,AA,GG,CC,CC,GG,CC,GG,AT,AA,CC,TT,GG,CG,CG,AA,AA,CG,AA,CC,AA,AA,AC,CC,AC,TT,AA,GG,AA,AA,NN,AA,GG,AA,AA,AA,TT,GG,AA,AG,AC,NN,TT,AG,AA,GG,GG,GG,TT,AA,AG,TT,TT,TT,AG,AT,GG,GG,AA,5.39,Susceptible,Medium,Standard,Late
L0946,Bengaluru Rural,Karnataka,Kharif,Red Sandy Loam,Rainfed,720,26.0,70,AC,TT,GG,AG,GG,CC,GG,AT,CC,CG,AA,CC,CG,TT,TT,GT,GG,TT,TT,AG,CG,TT,TT,CC,TT,CC,TT,TT,GT,AA,TT,CC,AA,AC,GG,CG,GG,CG,GT,CC,TT,TT,AC,GT,NN,GG,TT,AT,CC,AC,GG,AA,AA,GG,CC,TT,AA,AC,GT,AA,AA,GT,TT,AG,TT,TT,CC,GG,TT,GT,AA,GG,AC,AA,GG,AA,AA,GG,TT,TT,GG,GT,GG,CC,AT,GG,AA,AT,CC,TT,CC,TT,CT,TT,TT,GG,TT,CC,GT,CC,CC,CC,AG,AA,TT,TT,CC,AG,AG,AA,CT,GG,TT,CG,GT,AA,AA,TT,CC,GG,CC,AG,CT,TT,CT,AA,CC,CC,AC,CC,AA,TT,CC,AC,CC,CC,AA,TT,AA,AA,GG,CC,CC,GG,AA,GG,AA,CC,GT,CC,CC,AG,AA,GG,GT,GG,AC,GT,TT,GG,CC,TT,GT,TT,CC,AA,GT,TT,AA,TT,CG,CC,AG,CT,CC,CC,GG,AC,AA,GG,AA,CC,TT,CC,GT,GT,NN,AT,AA,AA,TT,CC,CG,AA,CC,CC,GG,GG,CC,CC,TT,AA,AA,CG,GG,AA,AC,AT,AA,GG,TT,TT,AA,GG,GT,AA,CC,TT,TT,AA,GG,AA,CT,NN,TT,CC,TT,AA,CC,TT,GG,GG,CG,GG,CC,TT,TT,GT,GG,TT,AA,CC,AA,GG,CC,CG,GG,CC,GG,TT,AA,CG,TT,GG,CC,CC,AA,AG,CG,AA,CC,AT,AA,AC,CG,CC,TT,AA,GG,AA,NN,AA,AA,GG,AA,AA,AA,TT,CG,AA,AA,CC,AA,TT,NN,AA,CG,GG,NN,TT,AT,AA,TT,TT,NN,AA,TT,GG,GG,AA,4.82,Susceptible,Low,Premium,Late
L0947,Bengaluru Rural,Karnataka,Kharif,Red Sandy Loam,Rainfed,720,26.0,70,AC,TT,GG,AG,GG,CG,TT,TT,CC,CC,AA,CT,CG,TT,TT,GT,GG,TT,AA,AA,CC,GG,GG,CC,TT,CC,TT,TT,GG,AA,CT,CC,AA,AC,GG,GG,GG,CC,GG,CC,TT,TT,AA,TT,AA,GG,TT,AT,CC,AC,GT,AT,AG,GG,CT,TT,AA,AA,GT,AC,AG,TT,TT,AA,TT,TT,CC,GG,CT,GT,AA,GT,CC,AA,AG,AA,AT,GG,GT,CT,GG,GG,GT,CC,AA,GG,AA,AA,CG,TT,AC,TT,CT,TT,GT,GG,CT,CC,TT,CC,CT,CG,GG,AA,AT,TT,CG,AA,GG,AA,CT,GG,TT,CC,TT,AA,AA,TT,CC,GG,CG,GG,CC,GT,TT,AA,CT,CC,CC,CC,AA,GT,CC,AA,CC,CC,AA,TT,AG,AA,CG,CC,CG,GG,AA,AA,AA,CC,GT,CC,CC,AA,AA,GG,TT,AG,CC,NN,TT,GG,CC,GT,TT,TT,CC,AA,GT,TT,AA,AT,GG,CC,AA,CC,CC,CC,NN,CC,AA,GG,AG,CC,TT,CC,GG,GT,CG,AA,AA,AG,TT,AC,GG,AA,CC,CC,CG,GG,AA,GG,TT,AC,AA,CC,GG,AA,CC,AA,AA,GG,GT,TT,AT,CG,GT,AA,CC,TT,GG,AA,GG,AA,TT,AA,TT,CC,TT,AA,CC,TT,GG,GG,CC,AA,NN,TT,TT,GG,GG,TT,AA,CC,AA,GG,CC,CG,GG,CC,GG,TT,AG,CC,GT,NN,CC,CC,AA,GG,CC,AA,CC,AT,AA,CC,CC,AA,TT,AA,GG,AA,AA,AC,AA,AG,AG,AA,AA,TT,GG,AC,AA,AC,AC,CT,AG,AG,GG,GG,NN,TT,AA,GG,TT,TT,TT,AG,TT,GG,GG,AA,5.0,Resistant,Medium,Premium,Early
L0948,Bengaluru Rural,Karnataka,Kharif,Red Sandy Loam,Rainfed,720,26.0,70,AC,CT,GG,AG,GG,CC,GG,AT,CC,CG,AA,CC,CG,TT,TT,GG,CG,TT,TT,AA,CC,GG,TT,CC,TT,CC,GT,TT,GT,AA,TT,CT,AA,AC,GG,CG,GG,CC,GG,CC,TT,TT,AA,TT,AA,AG,TT,TT,CC,CC,GT,AA,AA,GG,CC,TT,AA,AA,GT,AA,AA,TT,AT,AG,TT,TT,CT,GG,TT,GG,AA,GG,CC,AA,GG,AA,AA,AG,TT,TT,GG,GG,GT,CC,AA,GG,AA,AA,CC,GT,CC,TT,CC,TT,TT,GG,TT,CC,GG,CC,CT,CG,AA,AA,TT,TT,CG,AA,AG,AA,CC,GG,TT,CC,GT,AA,AA,TT,CG,GG,CC,GG,CC,GG,TT,AG,CC,CC,CC,CC,AA,TT,CC,AA,CC,CC,AA,TT,AA,AA,GG,CT,CC,GG,AA,AG,AA,CC,GG,CC,CC,AA,AG,AG,TT,AA,AC,TT,TT,AA,CC,GT,TT,TT,CG,AA,GT,TT,AA,TT,GG,CC,AG,CT,CC,AC,GG,CC,AA,GG,AA,CC,TT,CG,GG,TT,GG,AA,AA,AA,TT,CC,CC,AA,AC,CC,GG,GG,AA,GG,TT,AA,AG,CC,GG,AA,CC,AA,AT,TT,GT,AT,AA,GG,GT,AA,CC,AT,TT,AA,NN,AA,TT,AA,TT,CC,TT,AA,CC,TT,GG,AA,CG,AG,CC,TT,TT,GT,GG,TT,AC,AC,AA,GG,CG,CC,GG,CC,GG,TT,AA,CC,TT,GG,CC,CC,AA,AG,CC,AA,CC,AT,AA,AC,CG,AA,TT,AA,GG,AA,AC,AC,AA,GG,AG,AA,AA,AT,CG,AA,AG,AC,AC,CT,AA,AA,GG,GG,GG,TT,AA,AA,GG,TT,TT,AG,TT,GG,GG,NN,1.99,Susceptible,Medium,Standard,Early
L0949,Bengaluru Rural,Karnataka,Kharif,Red Sandy Loam,Rainfed,720,26.0,70,AC,TT,GG,AA,GG,CC,GG,TT,CG,CG,AA,CC,CG,TT,TT,GT,GG,TT,TT,AA,NN,TT,GT,CC,TT,CC,GT,TT,GT,AA,TT,CC,AA,CC,GG,GG,GG,CG,GG,CC,TT,CT,AA,TT,AA,GG,TT,AT,CG,AC,GG,AA,AA,GG,CT,TT,AA,AA,GG,AA,AA,TT,AA,AA,CC,AT,CC,GG,TT,GG,AG,GG,CC,NN,GG,AC,AA,GG,TT,TT,GG,GG,GG,CC,AA,GG,AA,AA,CC,TT,AC,TT,CT,AA,GT,GG,TT,CC,GT,CC,CT,CG,AA,AA,AT,TT,CC,AA,AA,AC,CT,GG,TT,CC,TT,AA,AA,AT,CG,GG,CC,GG,CC,GT,TT,AG,CT,CC,CC,CC,AA,TT,CC,AA,CC,NN,AA,AT,AA,TT,GG,CC,CC,AG,AA,AG,AA,CC,NN,CC,CG,AA,AG,GG,GT,AG,NN,TT,CT,AG,CC,TT,GT,TT,CC,AT,GT,CT,AT,TT,GG,CG,AA,CC,CC,AC,CG,CC,AA,GG,GG,CC,TT,CG,GG,GT,CG,AA,AA,AA,TT,CC,GG,AA,CC,CC,CG,GG,AC,GG,TT,AA,AA,CC,GT,NN,CC,AT,AA,TT,TT,AT,AT,CC,TT,AA,CC,TT,TT,AA,GG,AA,CT,AA,TT,CC,CT,AC,CC,TT,CG,AA,CC,AA,CC,TT,CT,GT,GG,TT,AA,AC,AA,GG,CC,CC,GG,CC,GT,TT,AA,CG,TT,GG,CC,CG,AA,AG,CC,TT,CC,NN,AA,AC,CC,CC,TT,AA,GG,AA,AA,AA,AA,GG,AA,AA,AA,TT,GG,AA,AA,AC,AA,CT,AA,AA,GG,GG,CG,TT,AA,AG,GT,TT,TT,AG,TT,GG,GG,AA,3.96,Resistant,Low,Premium,Medium
L0950,Bengaluru Rural,Karnataka,Kharif,Red Sandy Loam,Rainfed,720,26.0,70,AA,TT,GG,AG,GG,CC,GG,AT,CC,CG,AA,CC,CC,AT,TT,GG,CG,TT,TT,AA,CC,TT,TT,CC,AT,CC,TT,TT,GG,AA,TT,CC,AG,CC,GG,CG,GG,CC,GG,CC,TT,CT,AA,NN,AG,GG,TT,TT,CC,AC,GT,AA,AA,GG,CC,TT,AA,AC,NN,AA,AA,GT,AT,AG,TT,AT,CC,GG,TT,GG,AA,GT,CC,AA,GG,AA,AT,GG,TT,TT,GG,GT,TT,CC,AA,GG,AA,AA,CC,GT,CC,TT,CC,TT,GT,AG,TT,CC,TT,CC,CT,CG,GG,AA,AT,TT,CC,AA,AA,AA,CT,GG,TT,CC,GT,AA,AA,TT,CC,GG,CC,AG,CC,GT,CT,AA,CC,CC,CC,CC,AA,TT,CC,AA,CC,CT,AA,AT,AA,AA,GG,CT,CC,GG,AA,AA,AT,CC,GG,CC,CC,AA,AA,GG,NN,GG,AA,TT,CT,GG,CC,GT,TT,TT,GG,AT,TT,CT,AT,TT,GG,CC,NN,CT,CC,CC,CG,CC,AA,GG,AG,CC,TT,CC,GG,TT,GG,AT,AA,AG,TT,CC,GG,AA,CC,CC,GG,GG,AC,GG,TT,AC,AA,CC,GG,AA,CC,AA,AT,GG,TT,AT,AA,CG,GT,AT,CC,TT,TT,AA,GG,AA,TT,AA,TT,CC,CT,AC,CC,CT,GG,GG,CG,AG,CC,TT,TT,GT,GG,TT,AC,AC,AA,GG,CC,CC,GG,CC,GG,TT,AA,CC,TT,GG,CC,CG,AA,GG,CG,AT,CG,AT,AA,CC,NN,AC,TT,AA,GG,AA,AA,AC,AA,AG,AA,AA,AA,AT,GG,AA,GG,AA,AA,CC,AA,AA,GG,GG,GG,TT,AA,AA,TT,TT,NN,GG,TT,GG,GG,AA,3.63,Susceptible,High,Premium,Late
L0951,Bengaluru Rural,Karnataka,Kharif,Red Sandy Loam,Rainfed,720,26.0,70,CC,CT,AA,AA,GG,CC,GG,TT,CC,CC,AT,CT,CG,TT,TT,GG,GG,TT,TT,AA,GG,TT,GG,CC,TT,CC,TT,AA,GT,AA,CT,CT,AA,CC,GG,GG,GG,GG,GG,CC,TT,CT,AA,TT,AA,AG,TT,TT,CC,AC,GG,NN,AA,GG,CT,GT,AA,AA,GT,AC,AA,GT,TT,AA,TT,TT,CC,NN,TT,TT,AA,GG,CC,AA,GG,AA,AA,AG,TT,TT,GG,GG,GT,CC,AA,AG,AA,AA,CC,GT,CC,TT,CT,AT,GT,GG,TT,AC,GT,CC,CT,CC,AG,AA,TT,TT,CC,AG,AG,AA,CC,GG,TT,CC,GT,AA,AC,TT,NN,AG,CC,NN,CC,GT,CC,AA,CT,CC,CC,CC,AA,TT,AC,AA,CC,CT,AA,TT,AA,AA,GG,CC,CC,GG,AA,AA,AA,AC,GG,CC,CG,AA,AA,GG,TT,GG,AA,GT,TT,GG,CC,TT,TT,CT,CC,AT,GT,TT,AA,TT,GG,CC,AA,CC,CC,CC,CG,CC,AA,GG,AA,CC,TT,CC,GT,GT,CC,TT,AA,AA,TT,CC,GG,AC,AC,CC,GG,GG,AC,GG,TT,AC,NN,CC,GG,AA,CC,AA,AT,GG,GT,AT,AT,CG,GT,AA,CC,TT,GT,AA,GG,AA,TT,AA,TT,CC,TT,AA,AC,TT,GG,AG,CC,AG,CC,TT,CT,GG,GG,AT,AA,CC,AA,GG,CC,CC,GG,CC,GG,AT,AA,CC,GT,GG,CC,CC,AA,GG,CC,AA,CC,AA,AA,AC,CC,CC,TT,AA,GG,AA,AA,AA,AA,AG,AA,AA,AA,AT,GG,AC,AG,AC,AA,TT,AA,AA,GG,GG,GG,TT,AA,AA,TT,TT,TT,AA,NN,GG,GG,AA,4.42,Susceptible,Low,Standard,Early
L0952,Bengaluru Rural,Karnataka,Kharif,Red Sandy Loam,Rainfed,720,26.0,70,AC,TT,AG,AG,GG,CC,GT,TT,CC,CG,AA,CC,CC,TT,TT,GG,GG,TT,TT,AG,CC,TT,TT,CC,TT,CC,TT,TT,GT,AA,TT,CC,AA,CC,GG,GG,NN,CG,NN,CC,TT,CT,AA,GT,AA,AA,TT,TT,CC,AA,GT,AA,AA,GG,CT,TT,AA,AC,GT,AA,AA,TT,TT,AG,TT,AA,CC,GG,TT,GG,AG,GG,AC,AA,GG,CC,AT,GG,TT,TT,GG,GG,GG,CC,AT,GG,AA,AT,CC,GT,CC,GT,CC,TT,GT,GG,TT,CC,GT,CT,CT,CG,GG,AA,TT,TT,CG,AA,AA,AA,CC,GG,TT,CC,TT,AC,AC,TT,CC,AG,CC,NN,CT,GG,TT,AA,CC,CC,AC,CC,AA,TT,AC,AA,CC,CT,AG,TT,AA,AA,GG,CC,CC,GG,AA,AG,AA,CC,GT,CC,CC,AA,AA,GG,TT,GG,AC,TT,CT,GG,AC,GT,GG,CT,CC,AA,GT,CT,AT,TT,GG,CC,AA,CT,CC,CC,GG,CC,AA,GG,AG,AC,TT,NN,GG,TT,GG,AT,AG,AA,TT,CC,CG,AC,CC,CC,CG,GG,AC,GG,TT,AC,AG,CG,GG,AA,CC,AA,AA,GG,TT,AT,AA,CG,GT,AT,CG,TT,GT,AA,GG,AA,CT,CC,AT,CG,CT,AA,CC,CT,CG,GG,CC,AG,CC,TT,TT,GT,GG,AT,AA,AA,AA,GT,CC,CC,GG,CC,GG,AT,AA,CG,GT,GG,CC,CC,AA,GG,CG,AT,CG,AA,AA,AC,CG,CC,TT,AA,GG,AA,AA,AC,AC,GG,AG,AA,AA,TT,CG,AA,AA,AC,AA,CT,AG,AA,GG,GG,GG,TT,AT,AA,TT,TT,TT,AG,AT,GG,CG,AA,4.16,Susceptible,Low,Standard,Late
L0953,Bengaluru Rural,Karnataka,Kharif,Red Sandy Loam,Rainfed,720,26.0,70,AC,TT,GG,AA,GG,CC,GG,TT,CC,CC,AA,CT,CG,AT,TT,GG,CG,TT,TT,AA,CC,GG,NN,CC,TT,CC,TT,TT,GG,AA,CT,CC,AA,CC,GG,CG,GG,GG,GG,NN,TT,CC,AA,NN,AG,GG,CT,TT,CC,AA,GT,AT,AA,GG,CC,TT,AA,AC,GG,AA,AA,TT,TT,AA,TT,TT,CC,GG,CT,GT,AG,GG,CC,AA,AA,AA,AT,GG,TT,TT,GG,TT,GT,CC,AA,GG,AA,AA,CC,GT,CC,TT,CC,TT,TT,GG,CT,CC,GT,CC,CT,CC,AG,AA,TT,TT,CC,AA,AG,AC,CC,GG,GT,CC,TT,AA,AA,TT,CC,AG,CC,GG,CC,GT,TT,AA,CC,CC,CC,CC,AA,TT,CC,AA,CC,CC,AA,AT,AA,AA,CG,CT,CC,GG,AA,AA,AA,CC,GG,CC,CC,AA,AA,GG,TT,GG,AC,TT,TT,AG,AC,TT,TT,TT,CG,AA,GT,NN,AA,TT,CG,CC,AA,CT,CC,CC,GG,AC,AA,GG,AG,CC,TT,CC,GT,TT,CG,AT,AA,AA,TT,CC,GG,AC,AC,CC,CG,NN,AC,NN,TT,CC,AA,CC,GT,AA,AC,AA,AT,GG,TT,TT,AA,GG,TT,AT,CG,NN,TT,AA,GG,AA,TT,AA,TT,CC,CT,CC,CC,CT,GG,AA,CC,AA,CC,TT,CT,GT,GG,TT,AA,AA,AA,GG,CC,CG,GG,CC,GG,AT,AA,CC,TT,GG,CC,CC,AA,GG,CG,AA,CC,AA,AA,CC,CC,CC,TT,AA,GG,AA,AA,AC,AC,GG,GG,AA,AA,AT,GG,AC,AG,AC,AC,CT,AA,AA,GG,GG,GG,TT,AA,AA,TT,TT,AT,AA,AA,GG,GG,AA,3.88,Susceptible,High,Standard,Early
L0954,Bengaluru Rural,Karnataka,Kharif,Red Sandy Loam,Rainfed,720,26.0,70,AC,TT,GG,AG,CG,CC,GG,TT,CC,CC,AA,CC,CG,TT,GT,GG,GG,TT,TT,AA,NN,TT,GT,CC,TT,CT,TT,TT,GT,AA,TT,CT,AA,AC,AG,GG,GG,CG,GG,CC,TT,NN,AA,TT,AA,AG,TT,AT,CC,AC,GT,AA,AA,GG,CC,TT,AT,AA,GT,CC,AA,TT,AT,AG,CT,TT,CC,GG,TT,GT,AG,GG,CC,AA,AG,AA,AT,GG,GT,TT,GG,GG,GG,CC,AT,GG,AG,AA,CC,TT,AC,TT,CC,TT,TT,GG,NN,CC,GT,CC,CT,CC,AG,AA,TT,TT,CC,AA,GG,AA,CT,GG,TT,CC,GT,AA,AA,TT,CC,AG,CG,GG,CC,GG,TT,AA,CC,CC,AC,CC,AA,TT,CC,AA,CC,CT,AA,TT,AA,AA,GG,CC,CG,GG,AA,AA,AA,CC,GT,CC,CC,AA,AA,GG,TT,GG,AC,TT,TT,GG,CC,GT,TT,TT,CC,AT,TT,TT,AA,AT,GG,CC,AA,CC,AC,CC,GG,CC,AA,GG,AG,CC,TT,GG,GG,TT,GG,AT,AA,AG,TT,AC,GG,AC,CC,CC,GG,GG,AC,GG,TT,AC,AA,CC,NN,AA,AC,AA,TT,GG,TT,TT,AT,GG,TT,TT,CC,AT,GT,AA,GG,AA,CT,AC,TT,CC,TT,AA,AC,CC,CG,NN,CC,GG,CC,TT,CT,GT,GG,TT,AA,AC,AA,GT,CC,GG,GG,CC,GG,AT,AG,CC,TT,GG,CG,CG,AA,GG,CC,AA,CC,AA,AA,AA,CC,AA,TT,AA,GG,AA,AA,AC,AA,GG,AA,AA,AA,TT,CG,AA,AA,CC,AA,NN,AA,AA,CG,AG,GG,GT,AA,AA,GT,TT,TT,AG,TT,GG,NN,AA,3.34,Susceptible,Medium,Poor,Early
L0955,Bengaluru Rural,Karnataka,Kharif,Red Sandy Loam,Rainfed,720,26.0,70,AC,CT,GG,AA,GG,CC,GT,TT,CC,CG,AA,CC,CG,TT,GT,GT,GG,TT,TT,AG,CC,TT,GG,CC,TT,CC,TT,TT,GG,AA,TT,CT,AA,CC,GG,GG,GG,GG,GG,CC,TT,TT,AA,TT,AA,GG,TT,TT,CC,AA,GG,AA,AG,GG,CC,GT,AA,AC,GT,AC,AA,GT,TT,AG,TT,TT,CC,GG,TT,GT,AA,GG,CC,AA,GG,AC,AA,NN,GT,TT,GG,GT,GG,CC,AT,GG,AA,AA,CC,GT,CC,TT,CC,TT,TT,GG,CT,CC,TT,CC,CC,GG,AG,AA,TT,GT,CC,AA,AA,AA,CC,GG,TT,CC,TT,AA,AA,TT,CC,AA,CC,GG,CC,GT,TT,AA,CT,CC,CC,CC,AA,TT,CC,AA,CC,CC,AA,TT,AA,AA,GG,CC,CC,GG,AA,AG,AA,CC,GG,CC,CG,AA,AG,AG,GG,AG,AC,TT,TT,GG,AA,TT,GT,TT,CG,AA,TT,TT,AA,TT,GG,CC,AA,NN,NN,CC,GG,CC,AA,GG,GG,CC,TT,CG,GT,TT,GG,TT,AA,AA,TT,AC,GG,AA,AC,CC,GG,GG,AA,GG,TT,AC,AA,CC,GT,AT,AC,AA,AA,GT,TT,TT,AT,GG,GT,AA,CC,TT,GT,AA,GG,AA,TT,AA,AT,CC,TT,AC,CC,CT,CC,AA,CG,AG,CC,TT,CT,TT,NN,TT,AA,AC,AA,GG,CC,GG,GG,CC,GG,AT,AA,CG,TT,AG,CC,CC,AA,GG,CC,TT,CC,AA,AA,AA,GG,AC,TT,AA,GG,AA,AA,AC,AA,AG,AG,AA,AA,TT,CG,AC,AA,CC,AA,CT,AA,AA,GG,GG,GG,GT,AA,AA,GT,TT,TT,AA,AT,GG,NN,AA,4.19,Susceptible,High,Poor,Medium
L0956,Bengaluru Rural,Karnataka,Kharif,Red Sandy Loam,Rainfed,720,26.0,70,CC,TT,AG,GG,GG,CC,GG,AT,CC,CG,AA,CT,CG,TT,TT,GG,CG,TT,TT,AG,CG,TT,GG,CT,TT,CC,GT,TT,GG,AA,TT,CC,AG,CC,GG,GG,GG,CG,GG,CC,TT,CC,AA,TT,AA,GG,TT,AT,CG,AC,GT,AA,AA,GG,CC,TT,AA,AA,GG,AC,AA,GT,AT,AG,TT,NN,CC,GG,TT,NN,GG,GG,CC,AA,GG,CC,AA,GG,TT,TT,GG,GG,NN,CC,AT,NN,AA,AT,CC,TT,CC,TT,CC,AT,GT,GG,CT,CC,TT,CC,CC,GG,AG,AA,TT,TT,CC,AG,GG,AA,TT,GG,TT,CC,TT,AC,AA,TT,CG,GG,CC,AA,CT,GT,TT,AA,CC,CC,CC,CC,AA,TT,NN,AA,CC,CC,AA,AA,AA,AA,GG,CC,CC,AG,AA,AG,AA,CC,GG,CC,CC,AG,AG,GG,TT,GG,AC,TT,TT,GG,CC,TT,GT,TT,CG,AT,TT,TT,AA,TT,GG,CC,AG,CT,CC,CC,CG,CC,AA,GG,GG,CC,TT,CC,GT,TT,GG,AA,AA,AA,TT,CC,GG,AC,CC,CC,GG,GG,AC,GG,TT,AA,AA,CC,GT,AA,CC,AA,AT,GG,TT,TT,AA,CG,GT,AT,CC,AT,GT,AA,GG,AA,TT,AA,AT,CC,TT,AA,AC,CC,CG,AA,CC,AG,CC,TT,CT,TT,GG,TT,AA,NN,AA,GG,CC,CC,GG,CC,GG,TT,AA,CC,TT,GG,CC,CC,AA,AG,CC,AA,CC,AA,AA,CC,CC,AA,TT,AA,GG,AA,AA,AC,AA,AG,AA,AG,AA,TT,GG,AA,AA,AC,AA,CT,AA,AA,CG,AG,GG,TT,AT,AA,TT,TT,TT,AA,AT,GG,GG,AC,3.06,Resistant,High,Premium,Medium
L0957,Bengaluru Rural,Karnataka,Kharif,Red Sandy Loam,Rainfed,720,26.0,70,AA,TT,AG,AG,CG,CC,GT,AT,CC,CG,AA,CC,CC,AT,GT,GG,CG,TT,TT,AA,CC,TT,GT,CT,TT,CC,TT,AT,GG,AA,TT,CT,AA,CC,AG,GG,GG,CC,GG,CC,TT,CT,AC,TT,AA,AA,TT,AT,CC,CC,GG,AA,AA,GG,CC,TT,AA,AC,GT,AA,AG,TT,AA,AG,TT,AT,CC,GG,TT,GG,AA,GG,CC,AA,AG,AC,NN,GG,TT,TT,GG,GG,TT,CC,AT,GG,AA,TT,CG,GT,CC,TT,CC,TT,TT,GG,TT,CC,GT,CT,CC,CC,AG,AA,TT,TT,CC,AA,AA,AC,CT,GG,TT,CC,TT,AA,AA,TT,CC,AG,CC,GG,CT,GT,TT,AA,CC,CC,CC,CC,AA,GG,CC,AA,CC,CC,AA,TT,AA,AA,CG,CC,CC,GG,AA,AA,AA,AC,GG,CC,CC,AA,AA,GG,TT,GG,AC,GT,TT,GG,CC,TT,GT,CT,CG,AA,TT,TT,AA,TT,CG,CC,AA,TT,AC,CC,CG,CC,AA,GG,AG,CC,TT,CC,GG,GT,CC,TT,AA,AA,TT,AC,GG,AA,CC,CC,GG,GG,AC,GG,TT,AA,AA,CC,GG,AT,CC,AA,AA,GG,NN,TT,AT,GG,GT,AA,CC,TT,GG,AA,GG,AA,TT,AA,AT,CC,TT,AA,AC,TT,GG,GG,CG,GG,AC,AT,CT,NN,GG,TT,AC,CC,AG,GG,CG,CG,GG,CC,GG,TT,AA,CC,GT,GG,CC,CC,AA,GG,CC,AA,CC,AA,AA,NN,CC,AC,TT,AA,GG,AA,AA,CC,NN,GG,AG,AA,AG,TT,GG,AA,AG,AC,AA,TT,AA,AA,GG,GG,GG,TT,AT,AA,TT,TT,TT,AA,AT,GG,GG,AA,2.9,Susceptible,Medium,Poor,Late
L0958,Bengaluru Rural,Karnataka,Kharif,Red Sandy Loam,Rainfed,720,26.0,70,AC,TT,GG,AG,GG,CC,TT,TT,CC,CG,AA,CC,CC,AT,GT,GG,CG,TT,TT,AA,CC,GT,TT,CC,AT,CC,TT,AT,GG,AA,TT,CC,AA,CC,GG,CG,GG,CG,GG,CC,TT,CC,AA,TT,AA,AG,CT,AT,CG,CC,GT,AT,AA,GG,CT,TT,AA,AA,GT,AA,AA,TT,TT,GG,TT,TT,CC,GG,NN,GG,GG,GT,CC,AA,AG,AC,AT,GG,GT,TT,GG,GG,GG,NN,AA,GG,AA,AA,CC,GT,AC,TT,CC,NN,GT,GG,CT,CC,GG,CC,CC,CG,AG,NN,TT,TT,CC,AA,AG,AA,TT,GG,TT,CC,TT,AC,AA,TT,CC,AG,CC,GG,CC,GT,CC,AG,CC,CC,CC,CC,AA,TT,CC,AA,CC,CC,AA,AT,AA,AT,GG,CT,CG,GG,AA,NN,AA,CC,GG,CC,CC,AA,AA,AG,GT,AG,CC,TT,CT,AG,AA,GT,GT,CT,CG,AA,TT,TT,AA,AA,GG,NN,AG,CT,CC,CC,GG,CC,AA,GG,AG,CC,TT,CC,GG,TT,CG,AA,AA,AA,TT,CC,GG,AA,AA,CC,NN,GG,AC,GG,TT,AC,AA,CC,GG,AT,CC,TT,AA,GG,TT,TT,AT,GG,GT,AA,CG,TT,TT,AA,GG,AA,TT,CC,TT,CC,TT,AA,CC,TT,GG,AG,CC,AG,AC,TT,TT,GG,GG,TT,AA,CC,AA,GG,CC,CG,GG,CC,GG,TT,AA,CC,GT,GG,CC,CG,AT,GG,CG,AA,CC,AA,AA,CC,CG,AC,TT,AA,GG,AA,AA,AC,AA,AG,AA,AG,AA,TT,CC,AA,AG,CC,AA,TT,AG,AG,GG,GG,NN,TT,AA,AA,TT,TT,TT,AG,AT,GG,GG,AA,3.66,Susceptible,Low,Poor,Late
L0959,Bengaluru Rural,Karnataka,Kharif,Red Sandy Loam,Rainfed,720,26.0,70,AC,TT,GG,AA,GG,CC,GG,AT,CC,CG,AA,CC,CG,TT,TT,GT,GG,TT,TT,AG,CC,GT,GT,CC,TT,CC,TT,NN,GG,AA,TT,CC,AA,CC,GG,CG,GT,CC,GG,CC,GT,CT,AA,GT,AG,AG,TT,AA,CC,AC,GG,AA,AA,GG,CC,NN,AA,AA,GT,AA,AG,TT,AA,AA,TT,AT,CC,GG,TT,GT,AA,GG,CC,AA,GG,AA,AA,GG,TT,TT,GG,GT,GG,CC,AA,GG,AA,AA,CC,GG,CC,TT,TT,TT,GT,GG,TT,AC,GT,CC,CC,GG,GG,AG,TT,GT,CC,AG,AA,AA,CC,GG,TT,CC,TT,AA,AA,TT,CC,GG,CC,GG,CC,GG,NN,AA,CC,CC,CC,CG,AA,TT,CC,AA,CC,CT,AA,TT,AG,AA,GG,CC,CC,GG,AA,GG,AA,CC,GG,CC,CG,AA,AA,GG,TT,GG,AA,TT,CT,NN,CC,TT,GT,TT,CC,AT,TT,TT,AT,TT,GG,CC,AG,CT,CC,CC,CG,CC,AA,GG,GG,CC,GT,CC,GG,GT,GG,AT,AG,AA,TT,CC,GG,AC,AC,CC,GG,AG,AA,CG,NN,AC,AA,CC,GG,AA,AC,AA,AA,GG,GT,AT,AT,GG,GT,AA,CG,AT,TT,AA,GG,AA,CT,AA,TT,CC,TT,CC,CC,TT,GG,AG,CC,AG,CC,TT,CT,TT,GG,TT,AA,AC,AA,GG,CC,CC,GG,CC,GG,AA,AA,CC,TT,GG,CC,CC,AA,GG,CG,AA,CC,AA,AA,AC,CC,AC,TT,AA,GG,AA,AA,AC,AC,AG,AA,AA,AA,TT,GG,AA,AA,AA,AA,TT,AA,AA,GG,GG,GG,TT,AA,NN,GT,TT,TT,AG,TT,GG,GG,AA,2.24,Resistant,Medium,Standard,Early
L0960,Bengaluru Rural,Karnataka,Kharif,Red Sandy Loam,Rainfed,720,26.0,70,AC,TT,GG,AA,GG,CC,GG,AT,CC,CC,AA,CC,CC,TT,NN,GG,CG,TT,TT,AA,CG,NN,GT,CC,TT,CC,GT,AT,GG,AA,TT,CC,AA,CC,GG,GG,GG,CG,GG,CC,TT,CT,AA,TT,AG,GG,CT,TT,CC,CC,GG,AA,AG,GG,CT,TT,AT,CC,GT,NN,GG,TT,TT,AA,TT,TT,CC,GG,TT,GG,GG,GG,CC,AA,NN,AA,AA,GG,TT,TT,GG,GG,GG,CC,AA,GG,AA,AT,CC,TT,CC,TT,CC,TT,TT,GG,TT,CC,GT,CC,CC,GG,AG,AA,TT,TT,CG,AA,NN,AA,CC,GG,TT,CC,TT,AA,AA,TT,CC,AG,CC,GG,CC,GG,CT,NN,CT,CC,CC,CC,AA,GT,CC,AA,CC,CT,AA,TT,AA,AA,GG,CC,CC,GG,AA,AG,AT,CC,GG,CC,CC,AA,AA,AG,TT,AG,AC,TT,TT,GG,CC,TT,GT,TT,CC,AT,GT,TT,AA,TT,GG,NN,AA,CC,CC,CC,GG,AC,AA,GG,AG,CC,TT,CC,GT,TT,GG,AT,AA,AA,TT,AC,GG,AA,CC,CC,CG,GG,CC,CG,TT,AC,AA,CC,GG,AA,CC,AA,AA,GT,TT,AT,AT,GG,GG,AA,CG,TT,TT,AT,GG,AA,CT,AA,TT,CC,TT,AC,CC,TT,GG,AA,CC,AG,CC,NN,CT,TT,GG,TT,AA,AC,AG,GG,CC,CC,GG,CC,NN,AT,AA,CC,GT,GG,CC,CC,AA,GG,CC,AA,CC,AA,AA,CC,CC,AC,TT,AA,GG,AA,AA,AA,AA,AG,AA,AA,AA,AT,GG,AA,AA,NN,AA,CT,AA,AG,GG,GG,GG,GT,AT,AA,GT,TT,TT,GG,TT,GG,GG,AA,3.83,Moderate,Low,Premium,Early
L0961,Bengaluru Rural,Karnataka,Kharif,Red Sandy Loam,Rainfed,720,26.0,70,CC,TT,AG,AA,GG,NN,GG,AT,CC,CG,AA,CC,CC,TT,GT,GG,CG,TT,TT,AA,CC,TT,GT,CT,NN,CC,TT,TT,GT,AA,TT,CC,AA,CC,GG,GG,GG,CC,NN,CC,TT,CT,AA,TT,AA,AG,TT,TT,CC,AA,GT,AT,AG,GG,CC,TT,AA,AA,GG,AC,AA,TT,TT,AG,TT,TT,CC,GG,CT,GT,GG,GG,CC,AA,GG,CC,AA,GG,TT,TT,AG,GT,NN,CC,TT,GG,AA,AT,CC,GT,CC,TT,CC,TT,GT,GG,TT,CC,GT,CC,CT,CC,AG,AA,AT,TT,CC,AA,AG,AA,CC,GG,TT,CG,TT,AA,CC,TT,CG,AG,CC,GG,CC,TT,TT,AG,CT,CC,AA,CC,AA,TT,CC,AA,CC,CC,AA,TT,AA,AA,CG,CT,CG,GG,AA,GG,AT,CC,GT,CC,CC,AA,AA,NN,GG,GG,AC,TT,TT,AG,AC,TT,TT,CT,CC,AT,TT,CC,AA,TT,GG,CC,AA,CC,CC,CC,CG,CC,AA,GG,AG,CC,TT,CC,GT,TT,CG,AA,AA,AG,TT,AC,GG,AC,CC,CC,GG,GG,AC,GG,NN,AA,AA,CC,GT,AA,CC,AA,AA,GT,TT,TT,AA,CG,GT,AA,CC,TT,GT,AA,GG,AA,TT,AA,TT,CC,CT,AA,CC,CT,GG,AG,CG,AG,CC,TT,TT,TT,GG,AT,AC,AC,AG,GG,CC,CC,GG,CC,GG,AT,AA,CC,GT,GG,CG,CG,AT,GG,NN,AA,GG,AA,AA,AC,CC,AC,TT,AA,CC,AA,AC,AC,AA,AA,AG,AG,AA,NN,GG,AC,NN,AA,AA,TT,AA,AA,GG,AG,GG,TT,AT,AG,TT,TT,TT,NN,TT,GG,GG,AA,3.31,Susceptible,Medium,Poor,Late
L0962,Bengaluru Rural,Karnataka,Kharif,Red Sandy Loam,Rainfed,720,26.0,70,AA,TT,AG,GG,GG,CC,GG,TT,CC,CC,AA,CT,GG,TT,TT,GG,CG,TT,TT,AA,CC,GT,GG,CC,AT,CC,GT,TT,GT,AA,TT,CC,AA,CC,GG,GG,GT,CG,GG,CC,TT,TT,AA,TT,AA,GG,CT,NN,CC,AA,GG,AA,AG,GG,CC,TT,AT,AA,GT,AA,AA,TT,TT,AG,TT,AT,CC,GG,TT,GG,AA,GG,CC,AA,GG,CC,AT,GG,GG,TT,GG,GG,GG,CC,AA,GG,AA,AA,CC,TT,CC,TT,CT,TT,TT,GG,TT,CC,GT,CC,CC,CC,AG,AA,AT,TT,CC,AA,AA,AC,CT,GG,TT,CC,TT,AA,AC,TT,CG,AG,CG,AG,CC,TT,CT,AG,CC,CC,CC,CC,AA,TT,AC,AA,CC,CC,AA,TT,AG,TT,CG,CC,CC,GG,AA,AG,AA,AC,NN,CC,CC,AG,AA,GG,TT,AG,AA,TT,CT,GG,CC,GT,GT,CT,GG,AA,TT,TT,AA,TT,GG,CC,AG,CC,CC,CC,GG,CC,AA,GG,AG,CC,TT,CC,GG,GT,GG,TT,AA,GG,TT,CC,GG,AA,AC,CC,GG,GG,AA,GG,CT,AA,AA,CC,GG,AT,CC,AA,AA,GG,TT,AT,AA,NN,GG,AA,CC,AT,GG,AA,GG,AA,CT,AC,TT,CG,TT,AC,CC,CT,CC,AG,CG,GG,AC,TT,CT,TT,GG,TT,AA,AA,AA,GG,CC,CG,GG,CC,GG,TT,AA,CG,TT,GG,CC,CC,AA,GG,CC,AA,CC,AA,AA,CC,CC,CC,TT,AA,CG,AA,AA,AA,AA,GG,AA,AA,AA,TT,GG,AC,AA,AC,AA,CT,AA,AA,GG,GG,GG,TT,AA,AG,TT,TT,TT,AA,AT,GG,GG,AA,4.89,Susceptible,Low,Premium,Late
L0963,Bengaluru Rural,Karnataka,Kharif,Red Sandy Loam,Rainfed,720,26.0,70,AC,TT,GG,AG,CG,CC,GG,TT,CC,CG,AA,CC,CC,AT,TT,GG,GG,TT,TT,AA,CC,TT,GT,CC,AT,CC,TT,NN,GG,AA,TT,CC,AA,CC,GG,GG,GG,CG,GG,CC,TT,CC,CC,TT,AA,GG,TT,TT,CC,AC,GG,AA,AA,GG,CT,GT,AA,AA,TT,AA,AA,TT,TT,AG,TT,AT,CC,GG,TT,GG,AA,GG,CC,AG,AG,AA,AT,GG,GT,TT,GG,GG,NN,CC,AA,GG,AG,AA,CG,TT,AA,TT,CC,AT,GG,GG,CT,CC,GG,CC,CC,CC,AA,AA,TT,TT,CC,AA,AG,CC,CT,GG,GT,CG,GT,AA,AA,NN,CC,AG,CC,GG,CT,GT,TT,AA,CC,CC,AC,CC,AG,TT,NN,AA,CC,CC,AA,TT,AG,AT,GG,CC,CG,AG,AA,GG,AA,AC,GG,CC,CC,AA,AG,GG,TT,GG,CC,TT,TT,AG,CC,TT,TT,TT,CC,AA,TT,TT,AA,AT,GG,CC,AG,CT,CC,CC,GG,CC,AA,GG,AA,CC,TT,CC,GT,TT,GG,TT,AA,AG,GT,CC,GG,AA,AC,CC,GG,GG,AA,GG,TT,AA,AA,CC,GG,AT,CC,AA,AA,GT,GT,TT,AT,GG,GT,TT,CG,AT,GG,AA,GG,AA,TT,AA,TT,CC,CT,AA,CC,TT,GG,AG,CC,AG,CC,TT,CT,TT,GG,TT,AA,AC,AA,NN,CC,CC,GG,CC,GG,AT,AA,CC,TT,GG,CC,CC,AA,GG,CC,AT,CC,AA,NN,AC,CC,CC,TT,AA,GG,AA,AA,AC,AA,GG,AG,AA,AA,TT,GG,AA,AG,AC,AA,TT,AG,AG,GG,GG,GG,TT,AA,AA,TT,TT,TT,AG,TT,GG,GG,AA,5.13,Moderate,High,Standard,Early
L0964,Bengaluru Rural,Karnataka,Kharif,Red Sandy Loam,Rainfed,720,26.0,70,AA,CT,GG,AA,GG,CC,GG,AT,CC,CC,AT,CC,CC,AT,TT,GG,GG,TT,TT,AA,CC,TT,TT,CC,AT,CC,GT,TT,GG,AA,TT,CT,AA,CC,GG,CG,GG,NN,GG,CC,TT,CT,AA,TT,AG,AG,TT,AT,CC,AC,GG,AA,AG,GG,CC,TT,AA,AC,GG,NN,AG,GT,AT,GG,TT,AT,CC,GG,TT,GT,AG,GG,CC,AA,AA,AC,AT,AG,TT,TT,GG,GG,GG,CC,AA,GG,AA,AA,CG,GT,CC,GT,CT,AT,TT,GG,CT,CC,TT,CT,CC,CC,AG,AG,AT,TT,CC,AA,AA,AA,CC,GG,TT,CC,GT,AC,AC,TT,CC,AG,CG,GG,CT,GG,TT,AG,CC,CC,CC,CC,AA,GT,CC,AA,CC,CC,AA,TT,AG,AA,CG,CT,CC,NN,AA,GG,AA,AC,GG,CG,CC,AA,AA,GG,TT,AG,AA,NN,TT,GG,AC,TT,GT,CT,NN,AT,TT,TT,AT,TT,CG,CC,AG,CC,CC,CC,GG,CC,AA,GG,AA,CC,TT,CC,GG,GG,GG,TT,AA,AA,GT,CC,GG,AA,CC,CG,GG,GG,AA,CG,TT,AA,AA,CC,GG,AT,CC,AA,AT,GG,TT,AT,AA,GG,GG,AT,CC,TT,GG,AA,GG,AA,TT,AC,TT,CC,TT,AA,CC,CT,CG,AG,CG,GG,AC,AT,TT,GT,GG,TT,AA,AC,AA,GT,CC,CG,GG,CC,GG,AT,AA,CC,TT,GG,CC,CC,AT,GG,CC,AA,CC,AA,AA,CC,CG,AC,TT,AA,GG,AA,AA,AC,AA,GG,AG,AG,NN,AT,GG,AC,AA,CC,AA,TT,AA,AG,GG,GG,GG,TT,NN,AG,GT,TT,TT,GG,AA,GG,GG,AA,5.22,Susceptible,Low,Standard,Late
L0965,Bengaluru Rural,Karnataka,Kharif,Red Sandy Loam,Rainfed,720,26.0,70,AA,TT,GG,AG,GG,CC,GG,TT,CC,GG,AA,CC,CC,AT,TT,GG,GG,TT,TT,AG,CG,TT,TT,CT,AT,CC,GT,TT,GG,AA,TT,CC,AA,CC,GG,GG,GG,CC,GG,CC,TT,TT,AC,TT,AA,AG,TT,AT,CC,AA,GG,AA,AA,GG,CC,GT,AT,AC,TT,AC,AA,GT,AT,AA,TT,TT,CT,GG,TT,GT,AA,GG,CC,AA,GG,AA,AT,GG,TT,TT,GG,GG,GG,CC,AA,GG,AA,AA,CC,GT,CC,TT,CC,TT,TT,GG,TT,CC,GT,CT,CC,CC,GG,AA,AT,TT,CC,AA,AA,AC,CC,GG,TT,CC,TT,AC,AC,TT,CC,AA,CG,AG,CC,GG,CT,AG,CC,CC,CC,CG,AA,TT,CC,AA,CC,CC,AA,AT,AA,AT,CG,CT,CC,GG,AA,GG,AA,CC,GG,CC,NN,AA,AG,GG,TT,AG,AC,TT,CT,AG,AC,TT,TT,TT,CC,AT,TT,TT,AA,AT,GG,CC,AG,CT,CC,CC,CG,CC,AA,GG,AA,CC,TT,CC,GG,TT,GG,AA,AA,AA,TT,CC,CG,AC,AC,CC,GG,GG,AA,GG,TT,AC,AA,CC,GG,AA,CC,AT,AT,GG,TT,AT,AA,CG,GT,AA,CC,TT,GT,AA,GG,AA,CC,AA,TT,CC,TT,AA,CC,TT,CG,AA,CC,AA,CC,TT,TT,GG,CG,AT,AA,CC,AA,GG,CC,CG,GG,NN,GG,AT,AA,CC,TT,GG,CC,CG,AA,AG,CG,AA,CC,TT,AA,CC,CG,AC,TT,AA,GG,AA,AA,AA,AA,GG,AG,AG,AA,TT,CC,AC,AG,CC,AC,TT,AA,AA,GG,GG,GG,TT,AA,AA,TT,TT,TT,AA,TT,GG,CG,AA,3.82,Susceptible,Low,Poor,Early
L0966,Bengaluru Rural,Karnataka,Kharif,Red Sandy Loam,Rainfed,720,26.0,70,AC,TT,GG,AG,GG,CC,GG,TT,CC,CG,AT,CC,CG,AA,TT,GG,CG,TT,TT,AA,CC,GG,TT,CC,TT,CC,GT,TT,GG,AA,TT,CT,AA,CC,GG,GG,GG,GG,GG,CC,TT,TT,AA,TT,AG,AG,TT,AT,CC,AC,GT,AA,AA,GG,CC,TT,AT,AA,GT,AA,AA,TT,AT,AG,TT,TT,CC,GG,TT,GG,AA,GG,AC,AA,GG,AA,AA,GG,TT,TT,GG,GG,GG,AC,AA,GG,AA,AT,CC,TT,CC,TT,CT,TT,TT,GG,TT,CC,GT,CC,CC,CC,AA,AA,TT,TT,CC,AA,AG,AA,CC,GG,TT,CC,TT,AA,AA,AT,CG,AG,CC,GG,CC,GT,TT,AA,CC,CC,CC,CC,AG,TT,CC,AA,CC,CC,AA,AT,AG,AA,GG,CT,CC,AG,AA,AA,AT,CC,GG,CG,CC,AA,AA,AG,TT,GG,AA,NN,TT,GG,NN,GT,TT,CT,CC,AT,TT,TT,AA,AT,GG,CG,AA,CT,CC,CC,GG,CC,AA,GG,GG,CC,TT,CC,GT,TT,GG,AA,AA,AG,TT,CC,GG,AA,AC,CC,GG,AG,AC,GG,TT,AA,AG,CC,GG,AA,CC,AA,AA,GG,NN,AT,AT,CC,GT,AA,CG,AT,GT,AA,GG,AA,TT,AA,TT,CC,CC,AC,CC,CT,GG,GG,NN,AG,AC,TT,TT,TT,GG,TT,AA,AC,GG,GG,CC,CG,GG,CC,GG,AA,AA,CC,TT,GG,CC,CG,AT,GG,CC,AA,CC,AA,AG,AC,CG,AC,TT,AA,GG,AA,AA,AC,AA,GG,GG,AG,AA,AA,GG,AC,AA,AC,AA,CT,AA,AA,GG,AG,GG,TT,AT,AA,GT,TT,TT,AA,TT,GG,CG,AA,3.21,Susceptible,High,Poor,Medium
L0967,Bengaluru Rural,Karnataka,Kharif,Red Sandy Loam,Rainfed,720,26.0,70,AA,CT,AG,AA,CG,CG,GG,AT,CC,CG,AA,CC,CC,TT,GG,GG,GG,TT,TT,AG,CC,GT,GT,CT,TT,CC,TT,TT,GG,AA,TT,CC,AA,CC,GG,GG,GG,CG,GG,CC,TT,TT,AA,TT,GG,GG,CT,TT,CC,CC,GT,AA,AA,GG,CC,TT,AA,AA,GG,AA,AA,TT,TT,AA,TT,TT,CC,GG,TT,GG,GG,GG,CC,AA,GG,AC,AA,GG,GT,TT,GG,TT,GG,CC,AA,GG,AG,AA,CC,TT,CC,TT,CC,TT,GT,GG,NN,CC,TT,CC,CC,CG,AG,AA,TT,TT,NN,GG,AA,AA,CC,GG,TT,CG,TT,AA,AA,TT,CC,GG,CC,GG,CT,GG,CT,AA,CC,CC,CC,CC,AA,TT,CC,AA,CC,CT,AA,TT,AA,AA,GG,CC,CC,GG,AA,AG,AA,CC,GG,CC,CC,AA,AA,GG,TT,GG,AC,TT,CT,GG,AC,GT,TT,TT,CC,AT,TT,TT,AA,TT,GG,CC,AA,CC,AC,CC,CG,CC,AA,GG,AA,AC,TT,CC,GG,GT,NN,TT,AA,AG,TT,CC,GG,AA,AC,CC,GG,GG,AC,GG,TT,AA,AA,CC,GG,AA,CC,AA,AA,GG,TT,AA,AA,GG,TT,AT,CC,TT,GT,AA,GG,AA,TT,AA,TT,CC,CT,AA,NN,NN,GG,AA,CC,AG,CC,TT,TT,TT,GG,AT,AA,AC,AG,NN,CC,CC,GG,GG,GG,AT,AA,CG,TT,GG,CC,CC,AA,GG,CC,AA,CC,AT,AA,CC,CG,AC,TT,AA,GG,AA,AA,AA,AC,GG,AA,AG,AA,TT,CG,AA,AA,AC,AA,TT,AA,AG,GG,GG,GG,TT,AT,AG,TT,TT,TT,AG,TT,GG,GG,AA,4.86,Moderate,Low,Poor,Late
L0968,Bengaluru Rural,Karnataka,Kharif,Red Sandy Loam,Rainfed,720,26.0,70,AA,CT,GG,AG,GG,CC,TT,TT,CG,CC,AA,CT,CG,AT,TT,GG,GG,TT,TT,AA,CG,GT,GT,CC,TT,CT,TT,TT,GT,AA,CT,CC,NN,CC,GG,GG,GG,CC,GG,CC,TT,TT,AA,TT,AA,AG,TT,TT,CC,AA,GG,AA,AA,GG,CC,TT,AT,AC,GG,AA,AA,TT,AT,AG,TT,TT,CC,GG,TT,GG,AG,GG,CC,AA,GG,AC,AA,GG,TT,TT,GG,GT,GG,CC,AT,GG,AA,AA,CC,GG,CC,TT,CC,AT,GT,GG,TT,CC,TT,CC,CC,CC,GG,AA,TT,TT,CG,AA,AA,AA,CC,GT,TT,CG,TT,AC,AC,TT,CG,GG,CG,AG,CC,GT,TT,AA,CC,CC,CC,CC,AA,GT,CC,AA,CC,CC,AA,TT,AA,AA,GG,CC,CC,GG,AA,GG,AA,CC,GG,CC,CC,AA,GG,AG,GT,GG,NN,TT,TT,GG,AA,NN,TT,TT,CC,AA,GT,TT,AA,AA,GG,CC,AA,CC,CC,CC,CC,CC,AA,GG,AA,CC,TT,GG,GT,TT,CG,AT,AA,AG,TT,CC,GG,AA,AC,CC,CG,GG,AC,GG,TT,AC,AA,CC,GT,AA,AC,AT,NN,GG,TT,TT,AA,GG,NN,AT,CC,AT,NN,AA,GG,AA,CC,AA,TT,CC,TT,AA,CC,TT,GG,AG,CG,AG,AC,TT,CC,TT,GG,AT,AA,AC,AA,GT,CC,CC,GG,CC,GG,TT,AA,CC,TT,GG,CG,CC,AA,AG,CC,AA,CC,AA,AA,AA,CG,CC,AA,AA,GG,AT,AC,AC,AA,AG,AG,AG,AA,AT,GG,AA,AG,AC,AA,TT,AG,AG,GG,GG,NN,TT,AA,AA,TT,TT,TT,AG,AT,GG,GG,AA,2.12,Susceptible,Low,Poor,Medium
L0969,Bengaluru Rural,Karnataka,Kharif,Red Sandy Loam,Rainfed,720,26.0,70,AA,TT,GG,AA,CG,CG,GT,AT,CC,CG,AA,CC,CC,AT,TT,GT,CG,TT,TT,AA,CC,TT,TT,CT,TT,CC,TT,TT,GG,AA,NN,CC,AA,CC,GG,CG,GG,CC,GG,CC,TT,TT,AA,TT,AA,AA,TT,AT,CC,AC,GT,AA,AA,GG,CC,TT,AA,AC,GG,AC,AA,TT,AT,AA,TT,TT,CC,GG,TT,GT,AG,GT,CC,AA,AG,AA,AT,GG,TT,TT,GG,GG,GG,CC,AA,GG,AG,AT,CC,GT,CC,TT,CT,TT,TT,NN,TT,CC,TT,CC,CC,CG,GG,AA,TT,TT,CC,AA,AA,AA,CT,GG,TT,CC,TT,AC,AA,TT,CC,GG,CC,AG,CC,GG,TT,AA,CC,CC,CC,CC,AA,TT,AC,AA,CC,CC,AA,TT,AA,AA,GG,CT,CC,GG,AA,GG,AA,CC,GG,CC,CC,AA,AG,AG,TT,GG,AA,GT,TT,GG,CC,GT,TT,CT,CC,AA,TT,TT,AA,TT,GG,CC,AA,TT,CC,CC,GG,CC,AA,GG,AA,CC,TT,CC,GT,TT,CG,AT,AA,AA,NN,CC,CG,AA,CC,CC,GG,AG,CC,GG,TT,AC,AA,CC,GG,AA,CC,AA,TT,GG,TT,AA,AT,GG,GT,AT,CC,TT,GT,AA,GG,AA,CT,AA,TT,CC,CT,AC,CC,TT,GG,GG,CC,AG,AC,TT,CT,GT,GG,TT,AA,CC,AG,GG,CC,CC,GG,CC,GG,AT,AA,CC,GT,NN,CG,CC,AT,GG,CC,AT,CC,AA,AA,AC,CC,CC,TT,AA,NN,AA,AA,AA,AA,AG,AG,AG,AA,TT,CG,AA,AA,AC,AC,TT,AA,AA,GG,GG,GG,TT,AA,AG,TT,TT,TT,AG,AT,CG,GG,AA,3.55,Susceptible,High,Poor,Early
L0970,Bengaluru Rural,Karnataka,Kharif,Red Sandy Loam,Rainfed,720,26.0,70,AC,TT,GG,AA,GG,CC,GG,TT,CC,CG,AA,CT,CC,TT,TT,GG,GG,TT,TT,AA,CC,TT,GT,TT,TT,CC,TT,TT,GG,AA,CT,CC,AA,CC,GG,GG,GG,CC,GG,CC,TT,TT,NN,TT,AG,AG,TT,TT,CG,CC,GG,AA,AA,GG,CC,GT,NN,AC,GT,AC,AA,GT,TT,AA,TT,TT,CC,GG,TT,GT,AG,GG,CC,AA,AG,AC,AA,GG,TT,TT,GG,GG,GG,CC,AA,GG,AA,AT,CC,GT,CC,TT,CT,TT,TT,AG,TT,CC,TT,CC,CC,CG,GG,AA,AA,TT,CC,AA,AG,AA,CC,GG,TT,CC,TT,AC,AA,TT,CC,GG,CC,GG,CC,GT,CT,AA,CC,CC,AC,CC,AA,GT,CC,AA,CC,CT,AA,TT,AG,AT,GG,CT,CC,GG,AA,GG,AA,CC,GG,CC,CC,AA,AA,GG,GT,GG,AA,GT,CT,GG,CC,TT,TT,TT,CC,AT,TT,TT,AA,TT,CG,CG,AG,CC,CC,CC,CG,CC,AA,AG,AA,CC,TT,CG,GG,GT,GG,TT,AA,AA,TT,CC,GG,AC,AC,CC,GG,GG,CC,GG,TT,AA,AA,CC,GG,AA,CC,AA,AA,GG,GG,TT,AT,GG,GT,AT,GG,TT,GT,AA,GG,AA,CT,AA,TT,CC,TT,AA,CC,TT,GG,GG,CG,GG,CC,AT,CC,GT,GG,NN,AA,AC,AG,GG,CC,GG,GG,CG,GG,TT,AA,CC,GG,GG,CC,CC,AA,GG,CC,AT,CC,AA,AA,AC,CC,AA,TT,AA,GG,AA,AA,AC,AA,GG,AA,AA,AG,AT,CC,AC,AA,CC,AC,CT,AG,AA,GG,GG,GG,TT,AT,AA,TT,TT,TT,AG,TT,GG,CG,AA,5.62,Moderate,Low,Poor,Early
L0971,Bengaluru Rural,Karnataka,Kharif,Red Sandy Loam,Rainfed,720,26.0,70,AC,TT,GG,AG,GG,CC,GT,AT,CC,CG,AA,CC,CC,AT,TT,GG,GG,TT,NN,AA,CG,TT,TT,CC,TT,CT,TT,TT,GG,AA,TT,CT,AA,CC,GG,GG,GG,CC,GG,AC,TT,CC,AA,GT,AA,GG,TT,TT,CC,CC,GT,AT,AG,GG,CT,TT,AA,AA,GG,AC,AA,TT,TT,GG,CT,TT,CC,GG,TT,GT,AG,GG,CC,AA,GG,AC,TT,GG,NN,TT,GG,GG,GG,CC,AT,GG,AA,AA,CC,TT,CC,TT,CC,TT,GT,AG,TT,CC,TT,CC,CC,CC,AA,AA,TT,TT,CC,AA,AG,AA,CC,GG,TT,CC,GT,AA,AA,TT,CG,AG,CG,GG,CC,TT,TT,AA,CC,CC,AC,CC,AA,TT,AC,AA,CC,CC,AA,TT,AG,AA,GG,CC,CG,GG,AA,AG,AT,CC,TT,NN,CC,AA,AA,GG,TT,AG,AC,GT,TT,GG,CC,TT,TT,TT,CC,AT,GG,CC,AA,TT,GG,CC,AG,CC,CC,CC,NN,CC,AA,GG,AA,CC,TT,CC,GG,TT,GG,AT,AA,NN,TT,CC,GG,AA,CC,CC,GG,GG,AC,GG,TT,AC,AA,CC,GG,AT,CC,AA,AA,GG,TT,AT,AT,CC,GG,AA,CC,AT,TT,AA,GG,AA,TT,AA,TT,CC,CT,AC,CC,NN,CG,NN,CC,NN,AC,TT,TT,GG,GG,TT,AA,AA,AA,GG,CG,CG,GG,CC,GG,AA,AG,CG,TT,GG,CC,CC,AT,AG,CC,AA,CC,NN,AA,CC,CC,CC,TT,AA,GG,AT,NN,AA,AA,AG,AG,AA,AA,AT,GG,AC,AG,CC,AA,CT,AG,AA,GG,GG,GG,NN,AT,AA,TT,TT,TT,AG,TT,GG,GG,AA,4.23,Susceptible,Medium,Premium,Late
L0972,Bengaluru Rural,Karnataka,Kharif,Red Sandy Loam,Rainfed,720,26.0,70,CC,TT,AG,AA,GG,CC,GG,AA,CC,CG,AA,CC,CC,AT,TT,GG,GG,TT,AT,AA,CC,GT,TT,CC,TT,CC,TT,AT,GG,AA,TT,CC,AA,CC,GG,GG,GG,CG,GG,CC,TT,CT,AA,GT,AA,GG,TT,AT,CG,AA,GT,AT,AA,GG,CC,TT,AA,AA,GT,AC,GG,GG,AT,AG,TT,TT,CC,GG,TT,GG,AG,GT,CC,AA,AG,AA,AA,GG,TT,TT,GG,GG,GG,CC,AA,GG,AA,AA,CC,TT,CC,TT,CC,TT,TT,GG,TT,CC,TT,CC,CC,GG,GG,AA,TT,TT,CC,AA,AG,AA,CC,GG,TT,CC,TT,AA,AA,TT,CC,GG,CC,GG,CC,TT,TT,AA,CC,CC,CC,CG,AA,TT,CC,AA,CC,CT,AG,TT,AA,AA,GG,CC,CC,GG,AA,AA,AA,CC,GG,CC,CC,AA,AA,GG,TT,GG,AC,GT,TT,AG,AC,TT,GT,TT,CC,AA,GT,NN,AT,TT,NN,CC,AG,CC,CC,CC,CG,CC,AA,GG,AA,CC,TT,CC,GG,GT,CG,TT,AA,AA,TT,CC,GG,AA,AC,NN,GG,GG,CC,GG,TT,AA,AA,CC,GG,AT,AC,AA,AA,GG,TT,AT,AA,CG,TT,AA,CG,AT,GT,AA,GG,AA,CT,AA,TT,CC,CC,AA,CC,CT,GG,AG,CG,AG,CC,TT,TT,TT,GG,TT,AA,AC,AG,GG,CC,CC,GG,CC,GG,AT,AA,CG,TT,GG,CC,CG,NN,AG,CG,AT,CC,AA,AA,AC,CG,AC,TT,AA,GG,AA,AA,AC,AA,AG,AA,GG,AA,AT,GG,AA,AG,CC,AA,TT,AA,AA,CG,GG,GG,TT,AA,AA,TT,TT,TT,AG,AT,GG,CG,AA,2.46,Susceptible,Low,Standard,Medium
L0973,Bengaluru Rural,Karnataka,Kharif,Red Sandy Loam,Rainfed,720,26.0,70,AA,TT,GG,GG,GG,CC,GT,AA,CC,GG,AA,CT,NN,AA,TT,GG,CG,TT,AT,AA,CG,GT,GT,CC,TT,CT,TT,TT,GG,AA,TT,CT,AA,CC,GG,GG,GG,CC,GG,CC,TT,TT,AA,TT,AG,AG,TT,TT,CC,CC,GG,AA,AG,GG,CC,TT,AT,AA,TT,AC,GG,TT,AT,AG,TT,TT,CT,GG,TT,GG,AG,GG,CC,AA,GG,AA,AA,GG,TT,TT,GG,GG,GT,CC,AA,GG,AG,AA,CC,GT,CC,TT,TT,TT,GT,GG,TT,AC,TT,CT,CC,CC,AG,AA,TT,TT,CG,AA,AG,AA,CC,GG,TT,CC,TT,AA,AA,TT,CC,GG,CC,GG,NN,GT,TT,AA,NN,CC,CC,CC,AA,GT,CC,AA,CC,CC,AA,AT,AA,AA,GG,CC,CC,GG,AA,GG,AA,CC,GG,CC,CC,AA,AA,GG,GT,GG,AA,TT,TT,GG,CC,TT,GT,TT,CC,AA,TT,CT,AA,TT,GG,CC,AA,CT,CC,CC,CG,CC,AA,GG,AG,CC,TT,CC,GT,TT,GG,AT,AA,AA,TT,CC,CG,AA,AC,CC,GG,GG,AC,GG,TT,NN,AA,CC,GG,AA,CC,AA,AT,GT,TT,AT,AA,GG,GG,AA,CC,AT,TT,AA,GG,AA,TT,AC,TT,CG,TT,AA,CC,TT,GG,AA,CG,AG,CC,AT,CC,GG,GG,TT,AA,AA,NN,GG,CC,CG,GG,CC,GG,TT,AA,CC,TT,GG,CC,CC,AA,GG,CC,AT,CC,AA,AA,CC,CG,CC,TT,AG,GG,AA,AA,CC,AA,AG,AA,AA,AA,AT,GG,AC,AA,AC,AA,CT,AA,AG,GG,AG,GG,TT,AT,AA,TT,TT,AT,AG,AT,GG,GG,AA,2.96,Susceptible,High,Standard,Medium
L0974,Bengaluru Rural,Karnataka,Kharif,Red Sandy Loam,Rainfed,720,26.0,70,AC,TT,AG,AG,GG,CC,GG,AT,CC,CG,AA,CC,CC,TT,TT,GG,NN,TT,TT,AA,CC,GT,GT,CT,TT,CC,TT,TT,GG,AA,TT,CT,AA,CC,GG,CG,GG,CC,GG,AC,NN,NN,CC,TT,AA,AG,TT,AT,CC,AA,GG,AT,AA,GG,CC,TT,AA,AA,TT,AA,AG,TT,AT,AA,TT,TT,NN,GG,TT,GG,AA,GG,CC,AA,GG,CC,AA,GG,TT,TT,GG,GG,GG,CC,AT,GG,AG,AT,CC,TT,AC,TT,CC,TT,GT,GG,CT,AC,TT,CC,CC,CG,AG,AA,TT,TT,CG,AA,AA,AA,CC,GG,TT,GG,TT,AA,AA,TT,CC,GG,CC,GG,CT,GT,NN,NN,CT,CC,CC,CC,AA,TT,CC,AA,CC,CC,AA,TT,AA,AA,GG,CC,CC,GG,AA,AA,AA,AC,GT,CC,CC,AA,AA,AG,TT,GG,AC,TT,CC,GG,AC,GT,TT,TT,CC,AA,GT,CT,AA,TT,CG,CC,AA,TT,CC,CC,CG,CC,AA,GG,AA,CC,TT,CG,GG,TT,GG,TT,AA,AA,TT,CC,CG,AA,CC,CC,GG,GG,AC,GG,TT,AA,AA,CC,GG,AA,CC,AA,AT,GT,GT,AT,AA,GG,GG,AT,CG,TT,GT,AA,GG,AA,TT,AA,TT,CC,TT,AA,AC,CT,CG,AG,GG,AA,CC,TT,TT,GT,GG,TT,AA,AA,AG,GG,CC,CG,GG,CC,GG,TT,AA,CC,TT,GG,CC,CG,AA,GG,CC,AA,CG,AA,AA,AC,CC,AA,TT,AA,GG,AA,AA,AA,AA,AG,AA,AA,AA,AT,GG,AC,AA,CC,AC,TT,AA,AG,CC,GG,GG,TT,AA,AG,TT,TT,TT,AG,TT,GG,GG,AA,3.3,Moderate,High,Poor,Early
L0975,Bengaluru Rural,Karnataka,Kharif,Red Sandy Loam,Rainfed,720,26.0,70,AC,TT,GG,AG,CG,CC,GT,AT,CC,CG,AT,CT,CC,TT,TT,GG,GG,TT,TT,AA,CC,TT,TT,CC,TT,CC,TT,AT,GG,NN,TT,CC,AA,CC,GG,GG,GG,CG,GG,CC,TT,CT,AA,TT,AA,AG,CT,TT,CC,AC,GG,AA,AA,GG,CT,TT,AA,AC,TT,AC,AA,TT,AA,AA,CT,TT,CC,GT,TT,GT,AA,GG,CC,AA,AG,CC,AT,GG,TT,TT,AG,TT,GG,CC,AA,GG,AA,AA,CC,GT,CC,TT,CC,AA,TT,GG,TT,CC,GG,CC,CC,CG,AG,AA,TT,TT,CC,AA,AA,AA,CC,GG,TT,CC,TT,AA,CC,TT,CG,GG,CC,GG,CC,GG,TT,AA,CC,CC,AC,CC,NN,TT,CC,AA,CC,CC,AA,TT,AA,AT,CG,CC,CC,GG,AA,AA,AA,AC,GG,CC,CC,AG,AA,GG,TT,AG,AA,TT,CT,GG,CC,GT,GT,TT,CC,TT,TT,TT,AA,TT,GG,CC,AA,CC,CC,CC,GG,CC,AA,GG,AA,CC,TT,CC,GG,TT,CC,AT,AA,AA,GT,CC,CC,AA,AC,CC,GG,GG,AC,GG,TT,AC,AA,CC,GT,AT,AA,AA,AA,GG,GT,TT,AA,CC,GG,AA,CC,AT,GG,AA,GG,AA,TT,AC,TT,CC,TT,AA,CC,TT,GG,AG,CC,AG,AC,TT,CT,TT,GG,TT,AA,AC,AA,GG,CC,CC,GG,CC,GG,TT,AA,CG,GT,GG,CC,CC,AT,AG,CC,AA,CC,AA,AA,CC,CC,CC,TT,AA,GG,AT,AA,AA,AA,GG,AA,AG,AA,AT,GG,AC,AG,CC,AC,TT,AA,AA,GG,GG,NN,GT,AT,AA,TT,TT,TT,GG,TT,GG,GG,AA,3.02,Susceptible,Low,Premium,Early
L0976,Bengaluru Rural,Karnataka,Kharif,Red Sandy Loam,Rainfed,720,26.0,70,AC,TT,GG,AG,GG,CG,GG,TT,CC,CG,AA,CT,CC,AT,GT,GG,CC,TT,TT,AA,CC,TT,GT,CC,TT,CC,TT,TT,GT,AA,TT,CC,AA,CC,GG,GG,GG,CC,GG,CC,TT,CT,AA,GT,AA,GG,CT,AA,CG,CC,GT,AT,AA,GG,CC,GT,AA,AC,GT,AA,AA,TT,TT,AA,TT,AA,CC,GG,TT,GG,AG,GG,CC,AA,GG,CC,AT,GG,TT,TT,GG,GG,GG,NN,AA,GG,AG,AA,CC,TT,AC,TT,CC,AT,TT,GG,TT,CC,TT,CC,CC,CC,AG,AA,AT,TT,CC,AA,AA,AA,CT,GG,TT,CC,TT,AA,AA,TT,CC,GG,CG,GG,CC,GG,TT,AA,CC,CC,CC,CC,AA,TT,CC,AA,CC,CT,AA,TT,AA,AA,CG,CT,CC,GG,AG,AG,AA,CC,GG,CC,CG,AA,AA,AG,GT,AG,AA,NN,TT,AG,AC,GT,TT,TT,GG,AA,TT,TT,AT,TT,GG,CC,AA,CT,CC,CC,CG,CC,AA,GG,AG,CC,TT,CC,GG,TT,CG,AT,AA,AA,TT,CC,CG,AA,CC,CC,GG,GG,AA,GG,TT,CC,AA,CC,GG,AA,AC,AT,AA,GT,TT,TT,AT,GG,GT,AA,CG,TT,TT,AA,AG,AA,CC,AA,TT,CC,TT,AC,CC,TT,CG,GG,CC,AA,CC,TT,TT,GT,GG,TT,AA,CC,AG,GG,CC,CG,GG,CC,GG,AT,AA,CC,GT,GG,CC,CG,AT,AA,CG,AA,CC,AA,AA,AC,CC,CC,TT,AA,GG,AA,AA,AA,AA,GG,AG,AA,AA,TT,GG,AA,AA,CC,AA,CC,AG,AG,GG,GG,CG,TT,AA,AA,GT,TT,AT,AG,AT,GG,GG,AA,3.93,Susceptible,High,Standard,Late
L0977,Bengaluru Rural,Karnataka,Kharif,Red Sandy Loam,Rainfed,720,26.0,70,AC,TT,GG,GG,GG,CC,GG,AA,CC,CG,AT,CT,NN,TT,GT,GG,CG,TT,TT,AA,CC,TT,GT,CT,TT,CC,TT,TT,GG,AA,TT,CT,AA,CC,GG,GG,GT,CG,GG,CC,TT,TT,AA,TT,AA,AG,TT,TT,CC,AC,GG,AA,AG,NN,CT,NN,AA,AC,GG,CC,AA,TT,AT,AA,TT,TT,CC,GG,TT,TT,AG,GG,AC,AA,GG,AC,NN,GG,TT,CT,GG,GG,GG,CC,AT,GG,AA,AT,CC,TT,CC,TT,CC,TT,GT,GG,TT,CC,GT,CC,CT,CG,AG,AA,TT,TT,CG,AA,AA,AA,CC,GG,TT,CG,TT,AA,AA,TT,CC,AG,CC,GG,CT,TT,TT,AA,CC,NN,CC,CC,AA,TT,CC,AA,CC,CC,AA,TT,AA,AA,GG,CC,CC,GG,AA,AG,AA,CC,GG,CC,CC,AA,AA,AA,GT,GG,AC,TT,CT,GG,CC,TT,TT,TT,CC,AA,GT,CT,TT,TT,CG,CC,AG,CT,CC,CC,CC,CC,AA,GG,AG,AC,TT,CC,GT,GT,GG,TT,AA,AG,TT,CC,GG,AC,CC,CC,GG,GG,CC,CG,TT,AC,AA,CC,GG,AA,CC,AA,AT,GG,TT,AT,AT,GG,GG,AT,CG,TT,GT,AA,GG,AA,CT,AA,TT,CG,TT,AA,CC,CT,CC,AG,CC,GG,CC,TT,CT,GT,GG,TT,AC,CC,AA,GG,CG,CC,GG,CC,GG,AT,AA,CC,GT,GG,CC,CG,NN,GG,CC,AT,CG,AA,AA,AA,CC,AC,TT,AA,GG,AA,AC,AC,AA,GG,AA,AA,AA,TT,CG,AC,AA,CC,AA,CT,AA,AA,GG,AG,GG,TT,AT,AA,TT,TT,TT,GG,AA,GG,GG,AA,4.2,Resistant,Medium,Standard,Late
L0978,Bengaluru Rural,Karnataka,Kharif,Red Sandy Loam,Rainfed,720,26.0,70,AA,TT,GG,AA,GG,CG,TT,AT,CC,CG,AA,CC,CC,AT,TT,GG,GG,TT,AT,AA,CC,GT,GT,CC,AT,CC,TT,AT,GG,AA,TT,CC,AA,CC,GG,GG,GG,CC,GG,CC,TT,CC,AA,TT,AG,GG,TT,TT,CG,AC,GG,AA,AA,GG,CC,TT,AA,AA,GT,AC,AA,GT,TT,AG,TT,TT,CC,GG,NN,GT,AA,GG,CC,AA,AG,CC,AA,GG,TT,TT,GG,GG,NN,AC,AA,AG,AA,AA,CG,NN,CC,TT,CC,TT,TT,GG,TT,AC,TT,CC,CC,CG,GG,AA,TT,TT,CC,AA,AA,AA,CC,GG,TT,CC,NN,AA,AA,TT,CC,AA,CG,GG,CC,GG,TT,AA,TT,CC,CC,CC,AA,TT,AC,AA,CC,CT,AA,TT,AA,AT,GG,CC,CC,GG,AA,GG,AT,CC,GG,CC,CC,AA,AA,GG,GT,GG,AA,GT,CT,GG,AC,NN,GT,TT,CC,AA,GT,TT,AA,TT,GG,CC,AA,TT,CC,CC,GG,CC,AA,GG,AA,CC,TT,CC,GT,GT,GG,AA,AA,AA,TT,CC,CG,AA,CC,CC,GG,GG,AA,CG,TT,AA,AA,CC,GG,AA,AC,AA,AT,GT,TT,AT,AA,GG,GG,AA,CC,AT,GT,AA,GG,AA,CT,AA,TT,CC,CT,AA,CC,TT,CG,AA,CC,AG,CC,AT,CT,GT,GG,TT,AC,AC,AA,GG,NN,CC,GG,CC,GG,AT,NN,CG,GT,GG,CC,CC,AA,GG,CG,AA,CC,AA,AA,AA,CC,AC,TT,AG,CG,AA,AA,AA,AA,AG,AA,AA,AA,AT,CG,AC,AA,NN,AA,NN,AA,AA,GG,AG,GG,TT,AT,AA,GT,TT,TT,AG,AT,GG,GG,AA,5.31,Susceptible,High,Premium,Early
L0979,Bengaluru Rural,Karnataka,Kharif,Red Sandy Loam,Rainfed,720,26.0,70,AC,TT,GG,AG,GG,CC,GG,TT,CC,CG,AA,CC,CC,TT,TT,GG,CG,TT,TT,AA,CC,GG,GG,CT,TT,CC,GT,TT,GG,AA,TT,CT,AA,CC,AG,CG,GG,CC,GG,CC,TT,TT,AA,TT,NN,AA,CT,AT,CC,CC,GG,AA,AA,GG,CC,TT,AT,AC,GG,AC,AA,TT,TT,AG,TT,TT,CC,GG,TT,GG,AA,GG,AC,AA,GG,AC,AA,GG,TT,TT,GG,GG,GG,CC,AA,GG,AA,AA,CC,TT,CC,TT,CC,TT,GT,GG,TT,CC,TT,CC,CT,CG,AG,AA,TT,TT,CC,AA,AG,AA,CT,NN,TT,CC,TT,AA,AA,TT,CG,GG,NN,GG,CT,GT,TT,AA,CC,CC,AA,CC,AA,TT,CC,AA,CC,CC,AA,AT,AA,AA,CG,CT,CC,GG,AA,AG,AA,AC,GG,CC,CG,AA,AA,GG,TT,GG,AA,TT,CT,GG,CC,TT,TT,TT,CC,TT,TT,TT,AA,TT,CG,CC,AA,CT,CC,CC,CC,CC,AA,GG,GG,AC,TT,CC,GT,TT,GG,TT,AA,AG,TT,CC,GG,AA,AC,CC,GG,GG,AA,GG,TT,AC,AA,CG,GT,AT,CC,AA,AA,GG,TT,AT,AA,GG,NN,AA,CC,AT,TT,AA,AG,AA,TT,AA,TT,CG,TT,AC,CC,CT,GG,AG,CC,GG,CC,TT,TT,TT,GG,TT,AC,AC,AA,GG,CC,CG,GG,CC,GG,TT,AA,CC,GG,GG,CC,CC,AA,GG,CC,AA,CG,AA,AA,AC,CG,AC,TT,AA,GG,AA,AC,AA,AA,AG,GG,AA,AA,TT,GG,AA,AG,AA,NN,CC,AG,AG,GG,AG,GG,TT,AT,AG,TT,TT,TT,AA,AA,GG,GG,NN,3.49,Susceptible,High,Standard,Late
L0980,Bengaluru Rural,Karnataka,Kharif,Red Sandy Loam,Rainfed,720,26.0,70,AC,CT,GG,AG,GG,CC,GG,TT,CC,CC,AA,CC,NN,TT,TT,GG,CC,TT,TT,AA,CC,TT,TT,CC,TT,CC,TT,TT,GG,AA,TT,CC,AA,CC,GG,GG,GG,CG,GG,CC,TT,TT,AC,TT,AG,GG,TT,AT,CC,AC,GT,AA,AA,GG,CT,GT,AT,NN,TT,AA,AA,TT,TT,AA,TT,TT,CC,GG,TT,GG,GG,GG,CC,AA,GG,AC,AA,GG,TT,TT,AG,GG,GG,CC,AA,GG,AA,AA,CC,GG,CC,TT,CT,TT,TT,GG,CT,CC,GT,CC,CT,CG,AG,AA,TT,TT,CC,AA,AG,AA,CT,GG,TT,CC,TT,AA,AA,AT,CC,GG,CC,GG,CC,GG,TT,AG,CC,CC,CC,CC,AA,TT,CC,AA,CC,CC,AA,TT,AA,AA,GG,CT,CC,GG,AA,AG,AA,CC,GT,CC,CC,AA,AA,GG,GT,GG,AA,TT,TT,AG,CC,GT,TT,CT,CC,AT,TT,TT,AA,NN,CG,CC,AG,CC,CC,CC,CG,CC,AA,GG,GG,AC,TT,CC,TT,TT,GG,TT,AA,AA,TT,CC,GG,AA,AC,CC,CG,GG,CC,CG,TT,AA,AA,CC,GG,AA,AC,AA,AA,GG,TT,AT,AA,GG,GT,AA,CG,TT,GG,AT,AG,AA,CT,AA,TT,CC,TT,AA,CC,TT,CG,AA,CC,AA,CC,AT,CT,TT,GG,TT,AA,AC,AA,GG,CC,CG,GG,CC,GG,TT,AA,CC,GT,GG,CC,CG,AA,AG,CC,AA,CC,AA,AA,CC,GG,CC,TT,AA,CG,AA,AA,AA,AA,AA,AG,AA,AA,TT,GG,AA,AG,CC,AC,TT,AA,AA,GG,AG,GG,TT,AA,AG,GT,TT,TT,AA,NN,GG,CG,AA,3.74,Susceptible,Medium,Premium,Early
L0981,Bengaluru Rural,Karnataka,Kharif,Red Sandy Loam,Rainfed,720,26.0,70,AC,CT,GG,GG,GG,CC,GT,TT,CC,CC,AA,TT,CC,TT,GT,GG,NN,TT,TT,AG,CC,GT,TT,CC,TT,CC,GT,TT,GG,AA,TT,CC,AA,CC,GG,CG,GG,CC,GG,CC,TT,TT,AA,TT,AA,AG,TT,TT,CC,AA,GT,AA,AG,GG,CC,TT,AA,AA,GT,AA,AA,TT,AT,AA,TT,AT,CC,GG,TT,GG,AA,GG,CC,AA,GG,AC,AA,GG,TT,TT,GG,GG,GT,CC,AA,AG,AA,AA,CC,TT,CC,TT,CC,TT,GT,AA,TT,CC,GT,CC,CC,CC,AG,AA,TT,TT,CC,AA,AG,AA,CC,GG,TT,CC,TT,AA,AA,TT,CC,AG,CC,GG,CC,TT,TT,AA,CC,CG,CC,CC,AG,GT,AC,AA,CC,CC,AA,TT,AA,AA,GG,CT,CC,GG,AA,AA,AA,CC,GT,CC,CC,AA,AA,GG,TT,GG,AC,GT,CT,GG,AC,TT,GT,TT,CG,AT,TT,TT,AT,TT,GG,CC,AA,CC,CC,CC,CG,CC,AA,GG,AA,CC,TT,CC,GT,TT,CG,TT,AA,AA,TT,CC,GG,AA,CC,CC,CG,GG,AA,GG,TT,AA,AA,CC,GG,AA,CC,AT,AA,GG,TT,TT,AT,CG,GT,AA,NN,TT,TT,AA,GG,AA,CT,AA,TT,CC,TT,AA,CC,TT,CG,AA,CG,AG,CC,TT,TT,GT,CG,TT,AA,AC,AA,GG,CC,GG,GG,CC,GG,TT,AA,CC,TT,GG,CG,CG,AA,GG,CG,AT,CC,AA,AA,CC,CG,AC,TT,AA,GG,AA,AC,AA,AA,GG,AG,AA,AA,TT,GG,AC,GG,CC,AA,TT,AA,AA,GG,GG,GG,GT,AA,AA,GT,AT,TT,AA,TT,GG,CG,AA,3.52,Susceptible,Low,Poor,Late
L0982,Bengaluru Rural,Karnataka,Kharif,Red Sandy Loam,Rainfed,720,26.0,70,AC,TT,GG,AA,GG,CC,GT,TT,CC,CC,AA,CC,CG,AT,GT,GT,CG,TT,TT,AG,CC,GT,TT,CT,TT,CC,GT,TT,GT,AA,TT,CT,AG,CC,GG,GG,GG,CC,GG,AC,TT,CC,AA,TT,AG,AG,CT,TT,CC,AC,GG,AA,AA,GG,CC,TT,AA,AA,GG,AC,AA,GT,AT,AG,CT,AT,CC,GG,TT,GG,AA,GG,CC,AA,GG,AC,AA,AG,TT,TT,GG,GG,GG,CC,AA,GG,AG,AA,CC,GT,CC,TT,CC,TT,GT,GG,TT,NN,TT,CC,CC,CG,AG,AA,TT,TT,CC,AA,AG,AC,CT,GG,TT,CG,TT,AC,AA,TT,CC,AG,CC,AG,CC,TT,CC,AA,CC,CC,CC,CC,AA,TT,CC,AC,CC,CC,AA,TT,AA,AA,CG,CC,CC,AG,AA,AA,AA,CC,GG,CC,CC,AA,AG,AG,TT,AG,AC,GT,TT,GG,AC,TT,TT,TT,CC,AA,TT,TT,AA,AT,CG,CC,AG,CC,CC,CC,GG,AC,AA,GG,AA,CC,NN,CG,GG,GT,CG,TT,AG,AA,TT,AC,GG,AA,AC,CC,GG,GG,AA,GG,TT,AC,AA,CC,GG,AA,AC,AT,AT,GG,TT,AA,AA,CC,GT,AT,CC,AT,TT,AA,GG,AA,CT,AA,TT,CG,TT,AC,CC,TT,GG,AA,CC,AG,CC,TT,TT,GG,GG,TT,AA,CC,AG,GG,CC,CC,GG,CC,GG,AA,AA,CC,TT,GG,CG,CC,AA,GG,CC,AT,CC,AA,AA,CC,CC,AC,TT,AA,GG,AA,AC,CC,AC,AG,AG,AA,AA,AT,CG,AA,AG,AC,AA,CT,AA,AA,CG,GG,NN,TT,AA,AA,TT,TT,NN,AG,TT,GG,GG,AA,3.18,Susceptible,Low,Poor,Late
L0983,Bengaluru Rural,Karnataka,Kharif,Red Sandy Loam,Rainfed,720,26.0,70,AC,TT,GG,AG,CG,CG,GT,AT,CC,GG,AA,CC,CG,TT,TT,GG,GG,TT,TT,AA,CC,TT,GT,CC,TT,CT,TT,TT,GT,AA,TT,CC,AA,CC,GG,GG,GG,GG,GG,CC,TT,NN,NN,TT,AG,GG,TT,TT,CC,AC,GG,AA,AA,CG,CC,TT,AA,AC,GT,AA,AA,TT,AT,AA,TT,TT,CC,GG,TT,TT,AG,GG,CC,NN,AG,AA,AT,GG,TT,TT,GG,GT,GG,CC,AT,GG,AA,AA,CC,GT,AC,TT,CC,TT,TT,GG,CT,CC,TT,CC,CC,CC,AA,AA,TT,TT,CC,AA,AA,AA,NN,GG,TT,CC,TT,AA,AA,TT,CC,GG,CC,GG,CC,GG,CT,AG,CT,CC,CC,CC,AA,TT,CC,AA,CC,CT,AA,TT,AA,AA,CG,CT,CG,GG,AG,AG,AA,AC,GG,CC,CC,AA,AA,GG,GT,NN,AC,TT,TT,GG,CC,GT,TT,CT,CC,AT,GG,TT,AA,TT,GG,CC,AG,CC,CC,CC,CG,CC,AA,GG,AA,CC,TT,NN,TT,GG,GG,TT,AA,AA,TT,CC,GG,AC,CC,CG,GG,GG,AC,GG,TT,AA,AA,CC,GG,AA,CC,AA,TT,GG,TT,TT,AT,GG,GG,AA,CC,TT,TT,AA,GG,AA,TT,AA,TT,CC,TT,AC,CC,CT,CC,AG,CG,AA,CC,TT,TT,GT,GG,TT,AC,CC,AG,GG,CC,CC,GG,CC,GG,AA,AA,CC,TT,GG,CC,CC,AT,GG,CC,AA,CC,AA,AA,CC,CG,CC,TT,AA,NN,AA,AA,AA,AA,AG,AG,AA,AG,TT,GG,AA,AA,CC,AC,CT,AA,AA,CG,GG,CC,TT,AA,AG,TT,TT,TT,AA,TT,GG,GG,AA,3.96,Susceptible,Low,Standard,Medium
L0984,Bengaluru Rural,Karnataka,Kharif,Red Sandy Loam,Rainfed,720,26.0,70,AC,TT,GG,AG,GG,CG,GT,TT,NN,CG,AA,CC,CC,AT,GT,GG,CG,TT,TT,AA,CC,TT,TT,CC,TT,CC,TT,TT,GG,AA,TT,CT,AA,CC,GG,GG,GG,CC,GG,CC,TT,CT,AA,NN,AA,AG,TT,TT,CC,AA,GG,NN,AG,GG,CC,TT,AA,AC,GG,AC,AA,TT,AT,AA,TT,TT,CC,NN,TT,TT,AA,GG,CC,AA,GG,AA,AT,AG,TT,TT,GG,GT,GG,CC,AA,GG,AA,AA,CC,TT,CC,TT,CT,AT,TT,GG,CT,CC,GT,CC,CC,CG,AA,AA,AT,TT,CC,NN,AA,AA,CT,GG,TT,CG,GT,AA,AA,TT,CC,AA,CC,GG,CC,GG,TT,AA,CC,CC,CC,CC,AA,TT,CC,AC,CC,CC,AG,TT,AA,AA,GG,CC,CC,GG,AA,GG,AA,AC,GG,CC,CC,AA,GG,GG,TT,GG,AA,TT,CT,GG,AC,GT,NN,TT,CC,AT,GT,TT,AT,AT,GG,CC,AA,CC,CC,AC,GG,CC,AT,GG,GG,CC,TT,CG,GG,TT,GG,AA,AA,AA,TT,CC,CG,AA,AC,CC,GG,GG,AC,GG,TT,AA,AA,CC,GT,AT,AC,AA,AA,TT,TT,AA,NN,GG,GT,AT,CG,TT,TT,AA,GG,AA,CT,AA,TT,CG,TT,AA,CC,CT,GG,GG,CC,AG,CC,TT,TT,TT,GG,TT,AC,AC,AA,GG,CC,CG,GG,CC,GG,AA,AA,CG,TT,GG,CC,CC,AT,AG,CC,AA,CC,AA,AA,AC,CC,AC,TT,AA,GG,AA,AC,AC,AA,GG,GG,AA,AA,TT,GG,AA,AG,CC,AC,TT,AA,AA,GG,GG,GG,TT,AA,AA,TT,TT,TT,NN,TT,GG,GG,AA,3.35,Susceptible,Low,Poor,Early
L0985,Bengaluru Rural,Karnataka,Kharif,Red Sandy Loam,Rainfed,720,26.0,70,AA,TT,AG,AA,GG,CG,GT,TT,CC,CC,AA,CC,CG,AT,TT,GG,CG,TT,TT,AA,CC,TT,GG,CC,NN,CC,TT,TT,GG,AA,TT,CC,AA,CC,GG,GG,GG,CG,GG,CC,TT,CT,AA,TT,AA,GG,CT,TT,CC,AA,GG,AT,AG,GG,CT,TT,AA,CC,GT,AA,AA,TT,TT,AA,CC,AT,CC,GG,TT,GG,AA,GG,NN,AA,GG,CC,AT,GG,TT,TT,GG,GG,TT,CC,NN,GG,AA,AA,CC,GT,CC,TT,CT,TT,GT,GG,CT,CC,TT,CC,CC,CG,AA,AA,TT,TT,CC,AA,AG,AC,CT,GG,TT,CG,TT,CC,AA,TT,CC,NN,CC,GG,CT,GG,CT,AA,CT,CC,AC,CC,AA,GT,CC,AA,CC,TT,AG,TT,AA,AT,CG,CC,CC,GG,AA,GG,AA,CC,GG,CC,CC,AA,GG,GG,TT,AG,AC,TT,CT,GG,CC,TT,TT,TT,CC,AA,TT,TT,AT,TT,GG,CC,AG,TT,AC,CC,GG,CC,AA,GG,AA,CC,TT,CC,GG,GT,GG,TT,AA,AG,TT,CC,GG,AC,CC,CC,GG,GG,AA,CG,TT,AC,AA,CC,GG,AT,CC,AA,AA,GG,TT,AT,AA,GG,TT,AT,CC,TT,GT,AA,GG,AA,TT,AA,TT,CC,TT,AC,CC,CT,GG,AG,CG,AA,CC,TT,CT,TT,GG,TT,AA,CC,AA,GG,CC,CC,GG,CC,GG,TT,AA,CC,TT,GG,CC,CC,AA,AA,CC,AT,CC,AA,AA,AC,CG,CC,TT,AA,GG,AA,AA,AA,AA,AG,AG,AG,AA,TT,GG,AC,AG,AA,AA,TT,AA,AA,GG,NN,GG,TT,AA,AA,TT,TT,TT,AG,TT,GG,CG,AA,5.05,Susceptible,High,Standard,Late
L0986,Bengaluru Rural,Karnataka,Kharif,Red Sandy Loam,Rainfed,720,26.0,70,AC,TT,AG,GG,GG,GG,GG,TT,CC,CG,AT,CC,CG,AT,TT,GT,CC,TT,TT,AA,CC,GT,NN,CC,AT,CC,GT,TT,NN,AC,TT,CT,AA,CC,AG,GG,GG,GG,GG,CC,TT,TT,AA,TT,AA,GG,TT,TT,CC,AA,GT,AA,AG,GG,CT,TT,AA,AA,GG,AC,AG,TT,TT,AA,TT,TT,CC,GG,TT,GG,AG,GG,AC,AA,AG,AC,AT,GG,TT,TT,NN,GT,GT,CC,AA,GG,AA,AA,CG,GT,AC,TT,CT,AT,TT,GG,TT,CC,GG,CC,CC,CG,AG,AG,TT,TT,CC,AA,AA,AC,CC,GG,TT,CC,TT,AA,AA,NN,CC,AG,CC,GG,CC,GT,TT,AA,CC,CC,CC,CC,AG,GT,CC,AA,CC,CC,AA,TT,AG,AA,CG,CC,CC,GG,AA,AG,AT,CC,GT,CC,CC,AA,AG,GG,TT,GG,AA,TT,TT,GG,CC,TT,TT,TT,CC,TT,TT,CT,AT,TT,CG,CC,AA,CT,CC,CC,CG,CC,AA,GG,AG,CC,TT,CG,GG,GT,GG,TT,AA,AG,TT,CC,GG,AA,AC,CC,GG,GG,AC,GG,TT,AA,AA,CC,GG,AA,AC,AA,AT,GG,TT,TT,AA,GG,GT,AT,CG,AT,TT,AA,GG,AA,TT,AA,TT,CC,TT,AC,CC,TT,CG,AG,CG,AA,CC,TT,CT,GT,GG,TT,AA,CC,NN,GG,CC,CG,GG,CC,GG,AT,AA,CC,TT,GG,CC,CC,AA,GG,CC,AA,CG,AA,AA,AA,CG,CC,TT,AA,GG,AA,AA,AA,AA,AG,GG,AG,AA,TT,GG,AC,AG,AC,AC,TT,AA,AA,GG,GG,GG,TT,AT,AG,TT,TT,TT,NN,TT,GG,GG,AC,4.76,Resistant,High,Standard,Medium
L0987,Bengaluru Rural,Karnataka,Kharif,Red Sandy Loam,Rainfed,720,26.0,70,AC,TT,GG,AA,CG,CC,GG,TT,CC,CG,AA,CC,CG,TT,TT,GG,CG,TT,TT,AG,CC,TT,GT,CC,TT,CC,TT,TT,GG,AA,CT,CC,AA,CC,GG,CG,GG,CC,GG,AC,TT,TT,AA,TT,AA,GG,TT,TT,CC,CC,GT,AA,AA,GG,CC,GT,AA,AA,TT,AA,AA,TT,TT,AA,CT,TT,CC,GG,TT,GG,AA,GG,CC,AA,GG,AA,AA,GG,TT,TT,GG,GG,GG,CC,AA,GG,AA,AA,CC,TT,CC,TT,CC,TT,GT,GG,TT,AC,GT,CC,CT,CG,GG,AA,AT,TT,CG,AA,AA,AA,CT,GG,TT,CC,TT,AA,AA,TT,CC,GG,CC,GG,CC,GT,TT,AA,CC,CC,CC,CC,AG,TT,AC,AA,CC,CC,AA,TT,AA,AT,CG,CC,CC,GG,NN,GG,AA,CC,GG,CC,CC,AA,AA,GG,TT,GG,AC,TT,CT,GG,CC,TT,TT,TT,CC,AT,GT,TT,AA,AT,GG,CC,AA,CT,CC,CC,CG,AC,AA,GG,GG,CC,TT,CG,GT,TT,GG,AA,NN,AA,TT,CC,GG,AA,AC,CC,CG,AG,AC,GG,TT,AA,AA,CC,GG,AA,CC,AA,AA,GG,TT,TT,AT,GG,GT,AT,CC,TT,GT,AA,GG,AA,TT,AA,TT,CC,TT,AA,CC,CT,GG,GG,CC,AG,CC,TT,CC,TT,GG,TT,AA,AA,AA,GG,CC,CC,GG,CC,GG,TT,AG,CC,TT,GG,CC,CC,AA,NN,CC,AT,CG,AA,AG,CC,CG,AC,TT,AG,GG,AA,AA,AC,NN,GG,AA,GG,AA,TT,GG,AA,AA,CC,AA,TT,AA,AG,GG,GG,GG,GT,AT,AG,TT,TT,TT,AA,TT,CG,GG,AC,4.24,Resistant,High,Premium,Medium
L0988,Bengaluru Rural,Karnataka,Kharif,Red Sandy Loam,Rainfed,720,26.0,70,AA,NN,AG,AA,GG,CC,GT,AT,CC,GG,AA,CC,GG,TT,TT,GG,GG,TT,TT,AA,CC,TT,GT,CC,TT,CC,TT,NN,GT,AA,TT,CC,AA,CC,GG,GG,GG,CG,GT,CC,TT,TT,AA,TT,AA,AA,TT,AT,CC,CC,GG,AA,AG,GG,CT,TT,AA,AA,GT,AC,AA,TT,TT,AA,TT,TT,CT,GG,NN,GG,AA,GG,CC,AA,GG,CC,TT,GG,GT,TT,GG,GG,GG,CC,AA,GG,AA,AT,CC,GT,CC,GT,CT,TT,TT,AA,TT,CC,TT,CC,CT,CC,AG,AA,TT,TT,CC,AG,AG,AA,CT,GG,TT,CC,TT,AC,AC,AT,CC,AG,CC,AG,CC,GG,TT,AA,CC,CC,CC,CC,AA,TT,NN,AA,CC,CC,AA,TT,AA,AA,GG,CT,CC,GG,AA,AG,AA,AC,GT,CC,CC,AA,AA,GG,GT,GG,NN,GT,TT,AG,NN,GT,GT,TT,CC,AA,TT,CT,AA,AT,CG,CC,AG,CC,CC,CC,GG,CC,AA,AG,AG,CC,TT,CC,GT,TT,GG,AT,AA,AA,NN,CC,CG,AC,CC,NN,GG,GG,NN,GG,TT,AA,AA,CC,GG,AA,CC,AA,AT,GT,GT,TT,TT,CG,GT,AA,NN,NN,TT,AA,GG,AA,CT,AA,TT,CC,TT,AA,CC,TT,GG,AA,NN,GG,AC,TT,CT,TT,GG,TT,AA,AC,AG,GG,CC,CC,GG,CC,GG,AT,AA,CC,TT,GG,CC,CC,AA,AG,CC,AA,CG,AA,AA,CC,CG,AC,TT,AA,GG,AA,AC,CC,AA,AG,AA,AG,AA,TT,GG,AA,AA,AA,AA,TT,AA,AA,GG,GG,GG,TT,AA,NN,GT,TT,TT,AG,AT,GG,GG,NN,4.52,Susceptible,Low,Poor,Early
L0989,Bengaluru Rural,Karnataka,Kharif,Red Sandy Loam,Rainfed,720,26.0,70,AC,TT,AG,AG,GG,CC,GT,TT,CC,GG,AA,CT,CG,AT,TT,GT,GG,TT,TT,AG,CC,TT,GT,CC,TT,CC,TT,TT,GG,AA,TT,CC,AA,CC,GG,GG,GG,CG,GG,CC,TT,CC,AA,TT,AA,GG,TT,AT,CC,AC,GG,AA,AA,GG,CC,GT,AT,AC,GT,AC,AG,TT,TT,AG,TT,TT,CC,GT,TT,GG,AA,GT,CC,AA,AG,AC,AA,GG,TT,TT,GG,GG,GT,CC,AA,GG,AA,AA,CC,GG,AC,TT,CC,TT,GT,GG,CT,CC,TT,CC,CC,CC,AG,AA,TT,TT,CC,AA,AG,AA,CT,GG,TT,CC,TT,AC,AA,TT,CG,GG,CC,GG,CC,GT,TT,AA,CC,CC,AC,CC,AA,TT,CC,AA,CC,CC,AA,AT,AG,AA,GG,CT,CC,GG,AA,AA,AA,CC,GG,CC,CC,AG,AA,GG,TT,AG,AC,TT,CT,GG,AA,TT,TT,TT,CC,AA,GT,TT,AT,TT,GG,CC,GG,TT,AC,CC,CG,CC,AA,GG,AA,CC,TT,CC,GT,GT,CG,AA,AA,AG,TT,AA,GG,AA,CC,CG,GG,GG,AA,CG,TT,AC,AA,CC,GG,AA,CC,AA,AT,GG,TT,TT,AT,GG,TT,AA,CC,TT,NN,AA,GG,AA,TT,AA,TT,CC,TT,AC,CC,TT,GG,AA,CG,AG,CC,TT,TT,TT,GG,TT,AC,AA,AA,GG,CC,CC,CG,CC,GG,AT,AG,CG,NN,GG,CG,CC,AA,GG,CC,AT,CC,TT,AA,AC,CC,CC,AT,AA,GG,AA,AA,AA,AA,AG,AA,AA,AA,TT,GG,AA,AA,AC,AA,TT,AA,AA,CG,GG,GG,TT,AT,AA,GT,TT,TT,AA,TT,GG,CG,AA,5.45,Susceptible,High,Poor,Medium
L0990,Bengaluru Rural,Karnataka,Kharif,Red Sandy Loam,Rainfed,720,26.0,70,AA,TT,AA,AG,GG,CC,GG,TT,CC,CG,AA,CC,CC,TT,TT,GG,CG,TT,TT,AA,CC,GT,GT,CC,TT,CC,TT,TT,GG,AA,TT,CC,AA,CC,AG,GG,GG,GG,GG,CC,TT,CT,AA,TT,AA,GG,TT,TT,CC,CC,GG,AA,AA,GG,CC,TT,AA,NN,GG,AC,AA,GT,AA,AA,TT,AT,CC,GG,TT,GG,AA,GG,CC,AA,AG,AC,TT,GG,TT,TT,GG,GG,GG,CC,AT,GG,AA,TT,CC,TT,CC,TT,CT,AT,GT,GG,TT,CC,GT,CC,CC,CG,GG,AA,AT,TT,CC,AA,AA,AA,CC,GG,TT,CG,TT,AA,AC,TT,CC,AG,CC,GG,CC,GT,CC,AG,CC,CC,CC,CC,AA,TT,CC,AA,CC,CC,AA,TT,AA,AA,CG,CC,CC,AG,AA,AG,AA,CC,GG,CC,CC,AG,AG,GG,GT,GG,AC,GT,CT,GG,CC,TT,TT,TT,CC,AA,GT,TT,AT,AT,CG,CC,AG,CC,CC,CC,CG,CC,AA,GG,AG,CC,TT,CG,GG,TT,GG,TT,AG,GG,GT,CC,CG,AA,CC,CG,GG,GG,AA,CG,TT,NN,AA,CC,GG,AA,AC,AA,AT,GG,TT,TT,AT,CG,TT,AT,CC,TT,GT,AA,GG,AA,TT,AC,TT,CC,CT,AA,AA,CT,CG,AG,CC,AA,CC,TT,CT,GG,GG,TT,AC,AC,AG,GG,CC,CC,GG,CC,GG,AT,AA,CG,NN,GG,CG,CC,AA,GG,CC,AA,CC,AT,AA,CC,CC,CC,TT,AA,GG,AA,AA,AA,AA,AG,AA,AG,AA,TT,GG,AA,AA,NN,AA,TT,AG,AG,GG,GG,GG,TT,AA,AA,NN,TT,AT,AG,AT,GG,GG,AA,4.13,Susceptible,Low,Premium,Late
L0991,Bengaluru Rural,Karnataka,Kharif,Red Sandy Loam,Rainfed,720,26.0,70,AC,TT,GG,NN,GG,CC,GG,TT,CC,CG,AA,CC,CG,TT,GT,GG,GG,TT,TT,AG,CG,TT,GT,CC,TT,CC,TT,TT,GG,AA,TT,CT,AA,CC,AG,GG,GG,CG,GG,CC,TT,CT,NN,TT,AA,AG,TT,AT,CC,AC,GT,AA,AA,GG,CC,GT,AA,AA,GT,AA,AA,TT,AA,AA,TT,TT,NN,GG,TT,GG,AA,GG,CC,AA,AG,CC,TT,GG,GT,TT,GG,GT,GG,NN,AT,GG,AA,AT,CC,TT,CC,TT,CC,AT,TT,GG,TT,CC,TT,CC,CC,CC,AG,AA,TT,GT,CG,AA,AA,AA,CC,GG,GT,CC,GT,AC,AA,TT,GG,GG,CC,GG,CC,GG,TT,AA,CC,CC,CC,CC,AA,TT,CC,AA,CC,CC,AA,TT,AA,AA,GG,CC,CG,GG,AA,AA,AT,NN,GT,CC,CC,AA,AA,GG,TT,AG,NN,GT,CT,GG,CC,GT,TT,TT,CG,AT,GT,TT,AA,NN,GG,CC,AA,TT,NN,CC,GG,CC,AA,AG,AG,CC,TT,CC,GT,GT,GG,TT,AA,AA,TT,AC,CC,AC,AC,CC,GG,GG,AA,GG,TT,AC,AA,CC,GG,AA,CC,AA,NN,GT,TT,TT,AT,CG,GG,AA,CC,TT,TT,AA,GG,AA,TT,AA,TT,CC,TT,AA,CC,TT,GG,AA,CG,GG,CC,TT,CT,TT,GG,TT,AA,AC,AG,GG,CC,CG,GG,CC,GG,TT,AA,CC,GG,GG,CC,CC,AA,GG,CG,AA,CC,AT,AA,CC,CG,CC,TT,AA,GG,AA,AA,AC,AA,AG,AA,AA,AA,TT,CG,AA,AG,AC,AC,CT,AA,AA,GG,GG,GG,GT,AA,NN,TT,TT,TT,AA,AT,GG,GG,AA,1.92,Susceptible,Medium,Standard,Early
L0992,Bengaluru Rural,Karnataka,Kharif,Red Sandy Loam,Rainfed,720,26.0,70,AA,TT,GG,AA,CG,CC,GT,AT,CC,NN,AA,CC,CC,AT,GT,GG,GG,TT,AT,AG,CC,GG,GT,CT,TT,CC,TT,TT,GG,AC,TT,CT,AA,CC,GG,GG,GG,CG,GG,CC,GT,CC,AA,GT,AA,GG,CT,TT,CC,AA,GG,AA,GG,GG,CT,TT,AA,AA,GT,AA,AG,TT,AT,AG,CT,TT,CC,GG,TT,GG,AG,GG,CC,AA,GG,AC,AA,GG,NN,TT,GG,GG,GG,CC,AA,NN,AA,AA,CC,GG,CC,TT,CC,TT,TT,GG,TT,CC,GT,CT,CC,CC,AG,AA,TT,TT,CG,AA,AG,AA,CC,GG,TT,CG,GG,AC,AC,TT,CC,AA,CC,GG,NN,GT,CT,AG,CC,CC,CC,CC,AA,TT,CC,AA,CC,CC,AA,TT,AA,AA,GG,CT,CC,GG,AA,AA,AA,CC,GG,CC,CC,AA,AA,GG,TT,GG,AA,GT,TT,GG,CC,TT,TT,TT,CC,AA,GT,TT,AT,TT,CG,CC,AA,CT,CC,CC,GG,CC,AA,GG,AG,CC,TT,CC,TT,GT,GG,TT,AA,AA,TT,CC,GG,AC,AC,CC,GG,GG,AA,GG,TT,AA,AA,CC,GG,AA,AC,AA,TT,GG,GT,TT,AA,GG,GT,AA,CC,TT,TT,AT,NN,AA,TT,AA,TT,CG,TT,AC,CC,CT,CC,AA,CC,AG,CC,TT,TT,TT,CG,TT,AC,AC,AG,GG,CC,CG,GG,CC,GG,AT,AA,CC,TT,GG,CC,CC,AT,GG,CC,AT,CC,AA,AA,CC,GG,CC,TT,AA,GG,AA,AA,AA,AC,AG,AG,AA,AA,AT,CG,AC,AA,AC,AC,TT,AG,AA,GG,GG,GG,TT,AA,AA,TT,TT,TT,AA,NN,GG,GG,AA,4.63,Resistant,Medium,Premium,Medium
L0993,Bengaluru Rural,Karnataka,Kharif,Red Sandy Loam,Rainfed,720,26.0,70,AC,NN,GG,AA,CG,CC,GG,AT,CC,CC,AA,CC,CG,TT,TT,GG,CG,TT,TT,AG,CG,TT,TT,CT,AT,CC,GT,AT,GG,AA,CT,CT,AA,CC,GG,GG,GG,CC,GG,CC,TT,TT,AA,TT,AG,GG,TT,TT,CC,AA,GG,AA,AA,GG,CC,GT,AT,AC,GG,AA,AA,TT,TT,AA,CT,TT,CC,GG,CT,GG,AG,GG,CC,NN,GG,AA,AA,GG,TT,TT,GG,GG,GT,CC,AA,GG,AA,AA,CC,TT,CC,TT,CC,AT,TT,GG,TT,CC,TT,CC,CC,CC,AG,AA,AT,TT,CC,AA,AA,AC,CC,GG,TT,CC,GT,AA,AA,TT,CC,AG,CC,GG,CC,GG,TT,AA,CT,CC,AC,CC,AA,NN,CC,AA,CC,CC,AA,TT,AG,AA,GG,CT,CC,GG,AA,AA,AA,NN,GG,CC,CC,AA,AG,AG,GT,AG,AA,TT,CT,GG,AC,TT,TT,CT,CC,AT,TT,TT,AA,TT,GG,CC,AA,CC,CC,CC,GG,AC,AA,GG,GG,NN,TT,CG,GG,GT,GG,TT,AA,AG,TT,CC,GG,AA,AC,CC,GG,GG,AC,GG,TT,AA,AA,CC,GG,AA,AC,AT,AT,GT,GT,AT,AT,GG,TT,TT,CG,AT,GT,AA,GG,AA,TT,AA,TT,CC,TT,AC,CC,TT,GG,GG,CG,AG,CC,TT,TT,TT,GG,TT,AA,CC,AG,GG,CC,CC,GG,CC,GG,AT,AA,CG,TT,GG,GG,CG,AA,GG,CG,AA,CC,AA,AG,AC,CG,AC,TT,AA,GG,AA,AA,AA,AA,AG,AG,AA,AA,TT,CG,AC,AG,AC,AC,CC,AA,AA,GG,GG,CG,TT,AA,AA,TT,TT,TT,AG,AT,GG,CG,AA,5.37,Susceptible,Medium,Premium,Early
L0994,Bengaluru Rural,Karnataka,Kharif,Red Sandy Loam,Rainfed,720,26.0,70,AA,TT,AG,AG,GG,CC,GG,TT,CC,CG,AA,CC,CG,TT,TT,GT,GG,TT,TT,AG,CC,GT,GG,CC,TT,CC,TT,TT,GG,AA,TT,CT,AA,CC,AG,GG,GG,CG,GG,CC,TT,TT,AA,TT,AA,GG,TT,TT,CC,AC,GG,AT,AA,GG,CT,TT,AA,AA,GG,AA,AG,TT,AT,AG,TT,TT,CC,GG,TT,GG,AG,GG,CC,AA,AG,AC,AA,GG,GT,TT,GG,GT,GT,AC,AT,GG,AA,AT,CC,TT,CC,TT,CT,TT,TT,GG,CT,AC,TT,CT,CT,CC,AG,AG,TT,TT,CC,AA,GG,AA,CT,GG,TT,CC,TT,AC,AA,TT,CC,AG,CC,GG,CC,GG,TT,AA,CC,CC,CC,CC,AA,TT,CC,AA,CC,CC,AA,TT,AA,AT,GG,CT,CC,GG,AA,AA,AA,CC,GG,CC,NN,AA,AA,GG,TT,GG,AA,GG,TT,GG,CC,GT,TT,TT,CC,TT,TT,TT,AA,TT,GG,CC,AA,CC,CC,CC,GG,CC,AA,GG,AG,CC,TT,CC,GT,TT,GG,TT,AA,AA,TT,CC,GG,AA,CC,CC,GG,AG,AA,GG,CT,AC,AA,CC,GG,AT,CC,AA,AT,GT,GT,AA,AT,GG,GG,AA,CG,AT,TT,AA,NN,AA,TT,AA,TT,CC,CT,AC,NN,TT,GG,AA,CC,AA,CC,TT,TT,TT,GG,TT,AA,CC,AG,GG,CC,CC,GG,CG,GT,AT,AA,CG,TT,GG,CC,CG,AT,GG,CC,AA,CC,AT,AA,AC,CC,AC,TT,AA,GG,AA,AA,AA,AA,GG,AG,AA,AA,TT,GG,AA,AA,AC,CC,CT,AA,AG,GG,GG,GG,TT,AT,AA,TT,TT,TT,AA,TT,GG,NN,AA,4.95,Susceptible,Low,Standard,Early
L0995,Bengaluru Rural,Karnataka,Kharif,Red Sandy Loam,Rainfed,720,26.0,70,AC,TT,AG,GG,GG,CC,GT,TT,CG,CG,AA,CC,CG,AA,TT,GG,GG,TT,TT,AA,CC,TT,GT,CT,TT,CC,TT,TT,GT,AA,TT,CT,AA,CC,GG,CG,GG,CG,GG,CC,TT,TT,AA,TT,AG,GG,TT,AT,CG,AA,GG,AT,AA,GG,CT,TT,AA,AA,GT,AC,AA,TT,AA,AA,TT,AA,CC,GG,TT,GT,AA,GG,CC,AA,GG,AA,AT,GG,GT,TT,GG,GG,GT,CC,AA,GG,AG,AA,CC,TT,AC,TT,CC,AT,TT,GG,TT,CC,TT,CT,CT,GG,AA,AG,AT,TT,CC,AA,AA,AC,CT,GG,GT,CC,TT,AC,AA,TT,CC,GG,CG,AG,CC,GG,TT,AA,CT,CC,CC,CC,AA,TT,CC,AA,CC,CC,AA,TT,AA,AA,GG,CC,CC,AG,AA,AG,AA,CC,GG,CC,NN,AG,AG,GG,TT,GG,AC,TT,TT,AG,CC,GT,TT,TT,CC,AA,TT,TT,AA,AT,GG,CC,AA,CT,CC,AA,GG,CC,AA,GG,AA,CC,GT,CC,GG,TT,GG,TT,AA,AG,TT,CC,CG,AA,CC,CC,GG,GG,AA,GG,TT,AA,AA,CC,GG,AT,AC,AA,AA,GT,TT,TT,AA,CG,GT,AT,CC,NN,GG,AA,GG,AA,TT,AA,TT,CC,TT,AC,CC,CC,GG,AG,CC,AG,CC,TT,TT,GG,GG,TT,AA,AC,AA,GG,CC,CC,GG,CC,GG,TT,AG,NN,GT,GG,CC,CC,AA,GG,CC,AA,CC,AT,AA,CC,CC,AC,TT,AA,GG,AA,AA,CC,AA,AG,AG,GG,AA,TT,GG,AA,AG,AC,AA,TT,AA,AA,GG,GG,GG,TT,AT,AG,TT,TT,TT,AA,AT,GG,GG,AA,4.0,Susceptible,High,Premium,Late
L0996,Bengaluru Rural,Karnataka,Kharif,Red Sandy Loam,Rainfed,720,26.0,70,CC,TT,GG,AG,GG,CC,GG,TT,CC,CC,AA,CC,CG,TT,TT,GG,GG,TT,TT,AA,CC,TT,GT,CC,TT,CC,TT,TT,NN,AA,NN,CC,AA,CC,GG,GG,GG,GG,GG,CC,TT,CC,AA,GT,AA,AG,CT,AT,CC,AC,GG,AA,AA,GG,CC,TT,AA,AC,GT,CC,AA,TT,TT,AA,TT,TT,CC,GG,TT,GG,AG,GG,CC,AA,AG,AC,AA,GG,GT,TT,GG,GG,GG,CC,AT,GG,AA,AA,CC,GT,CC,TT,CC,TT,TT,GG,TT,CC,TT,CC,CC,CG,AG,AA,TT,TT,CC,AG,GG,AA,CC,GG,TT,CC,GT,AC,AC,TT,CC,GG,CG,AG,CC,GG,TT,AA,CC,CC,CC,CC,AA,TT,AC,AC,CC,CC,AA,TT,AA,AT,GG,CT,CC,AG,AA,AG,AT,AC,GT,CG,CC,AG,AA,GG,GT,GG,AC,GT,CT,GG,AC,GT,TT,TT,CC,AA,TT,TT,AT,AT,GG,CC,AG,CC,CC,CC,CG,CC,AA,GG,AA,CC,TT,CG,TT,TT,GG,TT,AG,AA,TT,AC,GG,NN,AC,CC,GG,GG,AC,GG,TT,AC,AA,CC,GT,AA,CC,AA,AT,GG,GT,AT,AA,GG,GG,AT,CG,TT,TT,AA,GG,AG,TT,AA,TT,CC,CT,AC,CC,TT,GG,AG,CC,AG,AC,AT,CC,GG,GG,AT,AA,AC,AA,GG,CC,CG,GG,CC,GG,AT,AA,CC,GT,GG,CC,CG,AA,AG,CC,AA,CC,AA,AA,CC,CG,CC,TT,AA,GG,AA,AA,CC,AA,GG,AA,AA,AA,TT,GG,AA,AG,AC,AC,CT,AG,AA,CG,AG,GG,TT,AA,AA,GT,TT,TT,AA,TT,GG,CG,AA,2.84,Susceptible,Medium,Poor,Early
L0997,Bengaluru Rural,Karnataka,Kharif,Red Sandy Loam,Rainfed,720,26.0,70,AA,TT,GG,AA,GG,CC,NN,TT,CC,CG,AA,CT,NN,TT,GT,GG,GG,TT,TT,AA,CC,GT,TT,CC,TT,CC,TT,TT,GT,AA,CT,CC,AA,CC,AG,CG,GG,CC,GT,CC,TT,TT,AA,TT,AG,AG,TT,TT,CC,AC,GT,AA,AG,CG,CT,TT,AA,AC,GT,AC,AA,TT,TT,AA,TT,TT,CC,GG,TT,GG,AG,GG,CC,AA,AG,AA,AT,GG,TT,TT,AG,GG,GG,NN,AA,GG,AA,AA,CC,GG,AC,TT,CT,TT,TT,GG,TT,CC,TT,CC,CC,CC,AG,AA,TT,TT,CC,AA,AA,AA,CC,GG,TT,CC,TT,AC,AA,TT,CC,GG,CG,GG,CC,GG,TT,AA,CC,CC,AC,CC,AA,TT,CC,AA,CC,CC,AA,TT,AG,AA,CG,CC,CC,GG,AA,AG,AA,CC,GT,NN,CC,AA,AA,AG,TT,AG,AC,TT,CT,GG,CC,GT,GT,TT,NN,AT,TT,TT,AA,AT,CG,CG,AG,CC,CC,CC,GG,CC,AA,GG,AA,CC,TT,CG,GT,TT,CG,AT,AA,AG,TT,CC,CG,AA,AA,CC,GG,GG,AC,CG,TT,AA,AA,CC,GG,AA,AA,AA,TT,GT,GT,TT,AA,GG,GT,AA,CC,AA,GT,AA,GG,AA,TT,AA,TT,CG,TT,AC,CC,CC,GG,AG,CC,AA,AC,TT,TT,TT,NN,AT,AA,CC,AG,GG,CC,CC,CG,CC,GG,AT,AA,CC,TT,GG,CC,CC,AT,AG,CC,AT,CC,AA,AA,NN,CC,CC,TT,AA,GG,AA,AC,AA,AA,AG,GG,AG,AA,TT,CG,AA,AG,CC,AA,CT,AA,AA,CG,GG,GG,TT,AT,AA,GT,TT,TT,AG,AT,GG,GG,AA,3.6,Susceptible,Medium,Premium,Early
L0998,Bengaluru Rural,Karnataka,Kharif,Red Sandy Loam,Rainfed,720,26.0,70,AC,TT,AG,AG,CG,CC,GG,AT,CC,CC,AT,NN,CG,TT,TT,GT,CG,TT,TT,AG,CC,TT,TT,CC,TT,CC,TT,TT,GG,AA,TT,CT,AA,CC,GG,GG,GG,CC,GG,CC,TT,TT,AA,GT,AG,AG,CT,TT,CC,CC,GG,AT,AA,GG,CC,GG,AA,AC,TT,AC,AG,TT,TT,AG,TT,AT,NN,GG,TT,GT,GG,GG,CC,AA,AG,AA,TT,AG,TT,TT,GG,GT,GG,CC,AA,GG,AA,AT,CC,GT,CC,TT,CC,AT,TT,GG,TT,AC,TT,CC,CC,GG,AG,AA,TT,TT,CC,AA,AA,AA,CC,GG,TT,CC,TT,AA,AA,TT,CC,GG,CC,GG,CT,GG,CT,AG,CT,CC,CC,CC,AA,TT,CC,AA,CC,CT,AA,TT,AG,AA,GG,TT,CC,GG,AA,AG,AA,AC,GG,CC,CC,AG,AG,GG,GT,GG,AC,TT,CT,AG,AA,GT,TT,TT,CC,AT,GT,TT,TT,TT,GG,CC,AG,CC,CC,CC,GG,CC,AA,GG,AG,CC,TT,CC,GG,GT,GG,TT,AA,AA,TT,CC,GG,CC,CC,CC,GG,GG,AC,NN,TT,AA,AA,CC,GT,AA,CC,AA,AT,GT,TT,TT,AA,GG,GT,AA,CG,TT,GT,AA,GG,AA,TT,AA,TT,CC,CT,AC,CC,TT,GG,AA,CC,AG,CC,TT,TT,GG,GG,NN,AA,AC,AA,GG,CC,CG,CG,CC,GG,AT,AA,CC,TT,GG,CC,CC,AT,AG,CC,AA,CG,AA,AA,CC,CC,AC,TT,AA,GG,AA,AC,CC,AA,AG,AG,AG,AA,TT,GG,NN,AG,AC,AA,CT,AG,AG,GG,GG,CG,TT,TT,AA,GT,TT,TT,AG,AT,GG,GG,AA,4.11,Moderate,Medium,Poor,Late
L0999,Bengaluru Rural,Karnataka,Kharif,Red Sandy Loam,Rainfed,720,26.0,70,CC,NN,AG,GG,GG,CC,GG,TT,CC,CC,AA,CC,CC,AT,TT,GG,GG,TT,TT,AG,CC,TT,TT,CT,TT,CT,TT,TT,GG,AA,TT,CC,AA,CC,AG,CG,GG,GG,GG,CC,TT,TT,AA,TT,AG,GG,TT,TT,CC,CC,GT,AA,AA,GG,CT,TT,AT,AA,TT,AC,AG,TT,AT,AA,TT,AT,CC,GG,TT,GG,AG,GG,CC,AA,NN,AC,AA,GG,TT,TT,AG,GG,GG,CC,AA,GG,AA,AT,CC,GT,AC,GT,CC,TT,TT,AG,TT,CC,GT,CC,CC,GG,AG,AA,TT,TT,CG,AA,AA,AC,CT,GG,TT,CC,TT,AA,AC,AT,CG,GG,CC,AG,CC,GT,TT,AG,CT,NN,CC,CG,AG,TT,AC,AA,CC,CC,AA,TT,AA,AA,GG,CC,CC,GG,AA,AA,AA,CC,GT,CC,CC,AA,GG,AG,TT,GG,AA,TT,CT,GG,CC,GT,GT,TT,CC,AT,GT,CT,AT,TT,GG,CC,AA,CC,CC,CC,CG,CC,AA,GG,AA,CC,TT,CC,GT,TT,CG,AA,AG,AA,TT,AC,CG,AA,CC,CC,CG,GG,CC,NN,TT,AA,AA,CC,GG,AA,AC,AA,AA,GG,TT,AT,AA,CC,TT,AT,CG,TT,GT,AA,GG,AA,CC,AA,TT,CG,CT,AC,CC,TT,CG,AA,CC,GG,AC,AT,TT,GT,GG,TT,AA,AC,AG,GG,CC,CG,GG,CG,GG,TT,AA,CC,TT,GG,CC,GG,AT,GG,CG,TT,CC,AT,AA,CC,CC,AC,TT,AA,CG,AA,AA,CC,AA,GG,AG,AA,AA,TT,GG,AC,AA,AC,AA,TT,AA,AA,GG,GG,GG,TT,AA,AA,GT,TT,TT,AA,TT,GG,GG,AA,4.84,Moderate,Low,Premium,Late
L1000,Bengaluru Rural,Karnataka,Kharif,Red Sandy Loam,Rainfed,720,26.0,70,AC,CT,GG,AG,GG,CC,GT,TT,CC,CC,AA,CC,CG,AT,GT,GG,GG,TT,TT,AA,CC,GT,GT,CC,TT,CC,GT,TT,GG,AC,TT,CC,AA,CC,GG,CG,GG,NN,GG,CC,TT,CC,AA,TT,AG,AG,TT,AA,CC,AC,GT,AT,AG,GG,CC,TT,AA,AA,TT,AA,AG,GT,AT,GG,CT,TT,CC,GG,TT,GT,AA,TT,CC,AA,AG,AA,AA,GG,TT,TT,GG,GT,GG,CC,AA,GG,AA,AA,CC,TT,CC,TT,CT,TT,TT,GG,CT,CC,TT,CC,CC,CG,GG,AA,TT,TT,CC,AA,AG,AA,CC,GG,TT,CC,TT,AA,AA,TT,CG,AA,CC,GG,CC,GG,TT,AA,CC,CC,CC,CC,AA,TT,AC,AA,CC,CC,AA,AT,AG,AA,GG,CC,NN,GG,AA,GG,AA,CC,GG,CC,CC,AG,NN,AG,TT,GG,AA,TT,CT,GG,CC,GT,TT,TT,CG,AT,GT,TT,AA,TT,GG,CC,AA,CC,CC,CC,GG,CC,AA,GG,AA,CC,TT,CG,GG,TT,GG,AT,AA,AG,TT,CC,GG,AA,CC,CG,GG,GG,AA,GG,TT,AA,AA,CC,GG,AA,AC,NN,AT,GG,TT,AT,AT,GG,TT,AT,GG,AT,GT,AA,GG,AG,TT,AC,TT,CC,TT,AA,CC,CT,GG,AG,CG,AG,CC,TT,TT,TT,GG,TT,AA,AC,AA,GG,CC,CG,GG,CC,GG,AT,AA,CC,TT,GG,CC,CC,AA,GG,CG,TT,CC,AA,AA,CC,CG,NN,TT,AA,GG,AA,AA,CC,AA,AG,AG,AA,AA,TT,GG,AC,AG,AC,AA,TT,AG,AA,GG,AG,GG,TT,AA,AA,GG,TT,TT,AG,TT,GG,GG,AA,5.24,Susceptible,Low,Poor,Early
